VoteKit RankProfile
Candidates
(D6:D6),(R3:R3),(R2:R2),(R1:R1),(D1:D1),(D3:D3),(D5:D5),(D7:D7),(D2:D2),(D4:D4)
Max Ranking Length
10
Includes Voter Set
False
=,=,=,=,=,=,=,=,=,=
Ranking_1,Ranking_2,Ranking_3,Ranking_4,Ranking_5,Ranking_6,Ranking_7,Ranking_8,Ranking_9,Ranking_10,&,Weight,&
{'D6'},{'D7'},{'D4'},{'D1'},{'D3'},{'D5'},{'R2'},{'D2'},{'R3'},{'R1'},&,32.0,&
{'D6'},{'D7'},{'D4'},{'D1'},{'D3'},{'D5'},{'R2'},{'D2'},{'R1'},{'R3'},&,20.0,&
{'D6'},{'D7'},{'D4'},{'D1'},{'D3'},{'D5'},{'R2'},{'R3'},{'R1'},{'D2'},&,3.0,&
{'D6'},{'D7'},{'D4'},{'D1'},{'D3'},{'D5'},{'R2'},{'R3'},{'D2'},{'R1'},&,9.0,&
{'D6'},{'D7'},{'D4'},{'D1'},{'D3'},{'D5'},{'R2'},{'R1'},{'D2'},{'R3'},&,5.0,&
{'D6'},{'D7'},{'D4'},{'D1'},{'D3'},{'D5'},{'D2'},{'R3'},{'R1'},{'R2'},&,40.0,&
{'D6'},{'D7'},{'D4'},{'D1'},{'D3'},{'D5'},{'D2'},{'R3'},{'R2'},{'R1'},&,77.0,&
{'D6'},{'D7'},{'D4'},{'D1'},{'D3'},{'D5'},{'D2'},{'R2'},{'R3'},{'R1'},&,72.0,&
{'D6'},{'D7'},{'D4'},{'D1'},{'D3'},{'D5'},{'D2'},{'R2'},{'R1'},{'R3'},&,86.0,&
{'D6'},{'D7'},{'D4'},{'D1'},{'D3'},{'D5'},{'D2'},{'R1'},{'R3'},{'R2'},&,30.0,&
{'D6'},{'D7'},{'D4'},{'D1'},{'D3'},{'D5'},{'D2'},{'R1'},{'R2'},{'R3'},&,59.0,&
{'D6'},{'D7'},{'D4'},{'D1'},{'D3'},{'D5'},{'R3'},{'D2'},{'R1'},{'R2'},&,8.0,&
{'D6'},{'D7'},{'D4'},{'D1'},{'D3'},{'D5'},{'R3'},{'D2'},{'R2'},{'R1'},&,13.0,&
{'D6'},{'D7'},{'D4'},{'D1'},{'D3'},{'D5'},{'R3'},{'R2'},{'R1'},{'D2'},&,4.0,&
{'D6'},{'D7'},{'D4'},{'D1'},{'D3'},{'D5'},{'R3'},{'R2'},{'D2'},{'R1'},&,5.0,&
{'D6'},{'D7'},{'D4'},{'D1'},{'D3'},{'D5'},{'R3'},{'R1'},{'D2'},{'R2'},&,5.0,&
{'D6'},{'D7'},{'D4'},{'D1'},{'D3'},{'D5'},{'R3'},{'R1'},{'R2'},{'D2'},&,1.0,&
{'D6'},{'D7'},{'D4'},{'D1'},{'D3'},{'D5'},{'R1'},{'D2'},{'R3'},{'R2'},&,16.0,&
{'D6'},{'D7'},{'D4'},{'D1'},{'D3'},{'D5'},{'R1'},{'D2'},{'R2'},{'R3'},&,11.0,&
{'D6'},{'D7'},{'D4'},{'D1'},{'D3'},{'D5'},{'R1'},{'R3'},{'D2'},{'R2'},&,4.0,&
{'D6'},{'D7'},{'D4'},{'D1'},{'D3'},{'D5'},{'R1'},{'R2'},{'R3'},{'D2'},&,3.0,&
{'D6'},{'D7'},{'D4'},{'D1'},{'D3'},{'D5'},{'R1'},{'R2'},{'D2'},{'R3'},&,6.0,&
{'D6'},{'D7'},{'D4'},{'D1'},{'D3'},{'R2'},{'D2'},{'R1'},{'R3'},{'D5'},&,1.0,&
{'D6'},{'D7'},{'D4'},{'D1'},{'D3'},{'R2'},{'D2'},{'R1'},{'D5'},{'R3'},&,1.0,&
{'D6'},{'D7'},{'D4'},{'D1'},{'D3'},{'R2'},{'D2'},{'D5'},{'R1'},{'R3'},&,1.0,&
{'D6'},{'D7'},{'D4'},{'D1'},{'D3'},{'R2'},{'D5'},{'D2'},{'R3'},{'R1'},&,6.0,&
{'D6'},{'D7'},{'D4'},{'D1'},{'D3'},{'R2'},{'D5'},{'D2'},{'R1'},{'R3'},&,4.0,&
{'D6'},{'D7'},{'D4'},{'D1'},{'D3'},{'R2'},{'D5'},{'R3'},{'D2'},{'R1'},&,4.0,&
{'D6'},{'D7'},{'D4'},{'D1'},{'D3'},{'R2'},{'D5'},{'R1'},{'D2'},{'R3'},&,2.0,&
{'D6'},{'D7'},{'D4'},{'D1'},{'D3'},{'D2'},{'R2'},{'R3'},{'R1'},{'D5'},&,1.0,&
{'D6'},{'D7'},{'D4'},{'D1'},{'D3'},{'D2'},{'R2'},{'R3'},{'D5'},{'R1'},&,1.0,&
{'D6'},{'D7'},{'D4'},{'D1'},{'D3'},{'D2'},{'R2'},{'D5'},{'R3'},{'R1'},&,3.0,&
{'D6'},{'D7'},{'D4'},{'D1'},{'D3'},{'D2'},{'R3'},{'R2'},{'D5'},{'R1'},&,1.0,&
{'D6'},{'D7'},{'D4'},{'D1'},{'D3'},{'D2'},{'D5'},{'R3'},{'R1'},{'R2'},&,2.0,&
{'D6'},{'D7'},{'D4'},{'D1'},{'D3'},{'D2'},{'D5'},{'R3'},{'R2'},{'R1'},&,8.0,&
{'D6'},{'D7'},{'D4'},{'D1'},{'D3'},{'D2'},{'D5'},{'R2'},{'R3'},{'R1'},&,6.0,&
{'D6'},{'D7'},{'D4'},{'D1'},{'D3'},{'D2'},{'D5'},{'R2'},{'R1'},{'R3'},&,9.0,&
{'D6'},{'D7'},{'D4'},{'D1'},{'D3'},{'D2'},{'D5'},{'R1'},{'R3'},{'R2'},&,4.0,&
{'D6'},{'D7'},{'D4'},{'D1'},{'D3'},{'D2'},{'D5'},{'R1'},{'R2'},{'R3'},&,4.0,&
{'D6'},{'D7'},{'D4'},{'D1'},{'D3'},{'D2'},{'R1'},{'D5'},{'R2'},{'R3'},&,1.0,&
{'D6'},{'D7'},{'D4'},{'D1'},{'D3'},{'R1'},{'D5'},{'D2'},{'R3'},{'R2'},&,3.0,&
{'D6'},{'D7'},{'D4'},{'D1'},{'D3'},{'R1'},{'D5'},{'D2'},{'R2'},{'R3'},&,5.0,&
{'D6'},{'D7'},{'D4'},{'D1'},{'D3'},{'R1'},{'D5'},{'R3'},{'D2'},{'R2'},&,3.0,&
{'D6'},{'D7'},{'D4'},{'D1'},{'D3'},{'R1'},{'D5'},{'R2'},{'R3'},{'D2'},&,1.0,&
{'D6'},{'D7'},{'D4'},{'D1'},{'D3'},{'R1'},{'D5'},{'R2'},{'D2'},{'R3'},&,2.0,&
{'D6'},{'D7'},{'D4'},{'D1'},{'D3'},{'R3'},{'D5'},{'D2'},{'R1'},{'R2'},&,1.0,&
{'D6'},{'D7'},{'D4'},{'D1'},{'D3'},{'R3'},{'D5'},{'D2'},{'R2'},{'R1'},&,5.0,&
{'D6'},{'D7'},{'D4'},{'D1'},{'D3'},{'R3'},{'D5'},{'R2'},{'D2'},{'R1'},&,1.0,&
{'D6'},{'D7'},{'D4'},{'D1'},{'D5'},{'R2'},{'D3'},{'D2'},{'R3'},{'R1'},&,1.0,&
{'D6'},{'D7'},{'D4'},{'D1'},{'D5'},{'R2'},{'D3'},{'D2'},{'R1'},{'R3'},&,1.0,&
{'D6'},{'D7'},{'D4'},{'D1'},{'D5'},{'D3'},{'R2'},{'D2'},{'R3'},{'R1'},&,5.0,&
{'D6'},{'D7'},{'D4'},{'D1'},{'D5'},{'D3'},{'R2'},{'D2'},{'R1'},{'R3'},&,3.0,&
{'D6'},{'D7'},{'D4'},{'D1'},{'D5'},{'D3'},{'R2'},{'R3'},{'D2'},{'R1'},&,2.0,&
{'D6'},{'D7'},{'D4'},{'D1'},{'D5'},{'D3'},{'R2'},{'R1'},{'D2'},{'R3'},&,2.0,&
{'D6'},{'D7'},{'D4'},{'D1'},{'D5'},{'D3'},{'D2'},{'R3'},{'R1'},{'R2'},&,6.0,&
{'D6'},{'D7'},{'D4'},{'D1'},{'D5'},{'D3'},{'D2'},{'R3'},{'R2'},{'R1'},&,4.0,&
{'D6'},{'D7'},{'D4'},{'D1'},{'D5'},{'D3'},{'D2'},{'R2'},{'R3'},{'R1'},&,11.0,&
{'D6'},{'D7'},{'D4'},{'D1'},{'D5'},{'D3'},{'D2'},{'R2'},{'R1'},{'R3'},&,11.0,&
{'D6'},{'D7'},{'D4'},{'D1'},{'D5'},{'D3'},{'D2'},{'R1'},{'R3'},{'R2'},&,8.0,&
{'D6'},{'D7'},{'D4'},{'D1'},{'D5'},{'D3'},{'D2'},{'R1'},{'R2'},{'R3'},&,7.0,&
{'D6'},{'D7'},{'D4'},{'D1'},{'D5'},{'D3'},{'R3'},{'D2'},{'R1'},{'R2'},&,1.0,&
{'D6'},{'D7'},{'D4'},{'D1'},{'D5'},{'D3'},{'R3'},{'D2'},{'R2'},{'R1'},&,7.0,&
{'D6'},{'D7'},{'D4'},{'D1'},{'D5'},{'D3'},{'R3'},{'R2'},{'D2'},{'R1'},&,2.0,&
{'D6'},{'D7'},{'D4'},{'D1'},{'D5'},{'D3'},{'R3'},{'R1'},{'D2'},{'R2'},&,1.0,&
{'D6'},{'D7'},{'D4'},{'D1'},{'D5'},{'D3'},{'R1'},{'D2'},{'R3'},{'R2'},&,3.0,&
{'D6'},{'D7'},{'D4'},{'D1'},{'D5'},{'D3'},{'R1'},{'D2'},{'R2'},{'R3'},&,1.0,&
{'D6'},{'D7'},{'D4'},{'D1'},{'D5'},{'D2'},{'R2'},{'D3'},{'R3'},{'R1'},&,1.0,&
{'D6'},{'D7'},{'D4'},{'D1'},{'D5'},{'D2'},{'D3'},{'R1'},{'R2'},{'R3'},&,1.0,&
{'D6'},{'D7'},{'D4'},{'D1'},{'D5'},{'R1'},{'D3'},{'D2'},{'R2'},{'R3'},&,2.0,&
{'D6'},{'D7'},{'D4'},{'D1'},{'D5'},{'R3'},{'D3'},{'D2'},{'R2'},{'R1'},&,1.0,&
{'D6'},{'D7'},{'D4'},{'D1'},{'D2'},{'D5'},{'D3'},{'R1'},{'R3'},{'R2'},&,1.0,&
{'D6'},{'D7'},{'D4'},{'D1'},{'D2'},{'D3'},{'R3'},{'D5'},{'R2'},{'R1'},&,1.0,&
{'D6'},{'D7'},{'D4'},{'D1'},{'D2'},{'D3'},{'D5'},{'R3'},{'R1'},{'R2'},&,1.0,&
{'D6'},{'D7'},{'D4'},{'D1'},{'D2'},{'D3'},{'D5'},{'R3'},{'R2'},{'R1'},&,2.0,&
{'D6'},{'D7'},{'D4'},{'D1'},{'D2'},{'D3'},{'D5'},{'R2'},{'R3'},{'R1'},&,1.0,&
{'D6'},{'D7'},{'D4'},{'D1'},{'D2'},{'D3'},{'D5'},{'R2'},{'R1'},{'R3'},&,1.0,&
{'D6'},{'D7'},{'D4'},{'D1'},{'D2'},{'D3'},{'D5'},{'R1'},{'R3'},{'R2'},&,2.0,&
{'D6'},{'D7'},{'D4'},{'D1'},{'R1'},{'D3'},{'D2'},{'R3'},{'D5'},{'R2'},&,1.0,&
{'D6'},{'D7'},{'D4'},{'D1'},{'R1'},{'D3'},{'D5'},{'D2'},{'R3'},{'R2'},&,1.0,&
{'D6'},{'D7'},{'D4'},{'D1'},{'R1'},{'D3'},{'D5'},{'R2'},{'D2'},{'R3'},&,1.0,&
{'D6'},{'D7'},{'D4'},{'D1'},{'R2'},{'D5'},{'D3'},{'D2'},{'R3'},{'R1'},&,1.0,&
{'D6'},{'D7'},{'D4'},{'D1'},{'R3'},{'D3'},{'D5'},{'D2'},{'R2'},{'R1'},&,2.0,&
{'D6'},{'D7'},{'D4'},{'D5'},{'D3'},{'D1'},{'R2'},{'D2'},{'R3'},{'R1'},&,8.0,&
{'D6'},{'D7'},{'D4'},{'D5'},{'D3'},{'D1'},{'R2'},{'D2'},{'R1'},{'R3'},&,12.0,&
{'D6'},{'D7'},{'D4'},{'D5'},{'D3'},{'D1'},{'R2'},{'R3'},{'R1'},{'D2'},&,3.0,&
{'D6'},{'D7'},{'D4'},{'D5'},{'D3'},{'D1'},{'R2'},{'R3'},{'D2'},{'R1'},&,5.0,&
{'D6'},{'D7'},{'D4'},{'D5'},{'D3'},{'D1'},{'R2'},{'R1'},{'D2'},{'R3'},&,2.0,&
{'D6'},{'D7'},{'D4'},{'D5'},{'D3'},{'D1'},{'D2'},{'R3'},{'R1'},{'R2'},&,13.0,&
{'D6'},{'D7'},{'D4'},{'D5'},{'D3'},{'D1'},{'D2'},{'R3'},{'R2'},{'R1'},&,41.0,&
{'D6'},{'D7'},{'D4'},{'D5'},{'D3'},{'D1'},{'D2'},{'R2'},{'R3'},{'R1'},&,47.0,&
{'D6'},{'D7'},{'D4'},{'D5'},{'D3'},{'D1'},{'D2'},{'R2'},{'R1'},{'R3'},&,47.0,&
{'D6'},{'D7'},{'D4'},{'D5'},{'D3'},{'D1'},{'D2'},{'R1'},{'R3'},{'R2'},&,20.0,&
{'D6'},{'D7'},{'D4'},{'D5'},{'D3'},{'D1'},{'D2'},{'R1'},{'R2'},{'R3'},&,26.0,&
{'D6'},{'D7'},{'D4'},{'D5'},{'D3'},{'D1'},{'R3'},{'D2'},{'R1'},{'R2'},&,9.0,&
{'D6'},{'D7'},{'D4'},{'D5'},{'D3'},{'D1'},{'R3'},{'D2'},{'R2'},{'R1'},&,6.0,&
{'D6'},{'D7'},{'D4'},{'D5'},{'D3'},{'D1'},{'R3'},{'R2'},{'D2'},{'R1'},&,4.0,&
{'D6'},{'D7'},{'D4'},{'D5'},{'D3'},{'D1'},{'R3'},{'R1'},{'R2'},{'D2'},&,1.0,&
{'D6'},{'D7'},{'D4'},{'D5'},{'D3'},{'D1'},{'R1'},{'D2'},{'R3'},{'R2'},&,5.0,&
{'D6'},{'D7'},{'D4'},{'D5'},{'D3'},{'D1'},{'R1'},{'D2'},{'R2'},{'R3'},&,8.0,&
{'D6'},{'D7'},{'D4'},{'D5'},{'D3'},{'D1'},{'R1'},{'R3'},{'D2'},{'R2'},&,4.0,&
{'D6'},{'D7'},{'D4'},{'D5'},{'D3'},{'D1'},{'R1'},{'R2'},{'D2'},{'R3'},&,2.0,&
{'D6'},{'D7'},{'D4'},{'D5'},{'D3'},{'R2'},{'D1'},{'D2'},{'R3'},{'R1'},&,2.0,&
{'D6'},{'D7'},{'D4'},{'D5'},{'D3'},{'R2'},{'D1'},{'D2'},{'R1'},{'R3'},&,3.0,&
{'D6'},{'D7'},{'D4'},{'D5'},{'D3'},{'R2'},{'D1'},{'R3'},{'R1'},{'D2'},&,1.0,&
{'D6'},{'D7'},{'D4'},{'D5'},{'D3'},{'R2'},{'D1'},{'R3'},{'D2'},{'R1'},&,2.0,&
{'D6'},{'D7'},{'D4'},{'D5'},{'D3'},{'R2'},{'D1'},{'R1'},{'D2'},{'R3'},&,2.0,&
{'D6'},{'D7'},{'D4'},{'D5'},{'D3'},{'D2'},{'R2'},{'D1'},{'R1'},{'R3'},&,2.0,&
{'D6'},{'D7'},{'D4'},{'D5'},{'D3'},{'D2'},{'D1'},{'R3'},{'R1'},{'R2'},&,2.0,&
{'D6'},{'D7'},{'D4'},{'D5'},{'D3'},{'D2'},{'D1'},{'R3'},{'R2'},{'R1'},&,5.0,&
{'D6'},{'D7'},{'D4'},{'D5'},{'D3'},{'D2'},{'D1'},{'R2'},{'R3'},{'R1'},&,4.0,&
{'D6'},{'D7'},{'D4'},{'D5'},{'D3'},{'D2'},{'D1'},{'R1'},{'R3'},{'R2'},&,3.0,&
{'D6'},{'D7'},{'D4'},{'D5'},{'D3'},{'R1'},{'D1'},{'D2'},{'R3'},{'R2'},&,1.0,&
{'D6'},{'D7'},{'D4'},{'D5'},{'D3'},{'R1'},{'D1'},{'D2'},{'R2'},{'R3'},&,4.0,&
{'D6'},{'D7'},{'D4'},{'D5'},{'D3'},{'R1'},{'D1'},{'R2'},{'D2'},{'R3'},&,2.0,&
{'D6'},{'D7'},{'D4'},{'D5'},{'D3'},{'R3'},{'D1'},{'D2'},{'R2'},{'R1'},&,4.0,&
{'D6'},{'D7'},{'D4'},{'D5'},{'D1'},{'R2'},{'D3'},{'D2'},{'R3'},{'R1'},&,1.0,&
{'D6'},{'D7'},{'D4'},{'D5'},{'D1'},{'R2'},{'D3'},{'D2'},{'R1'},{'R3'},&,2.0,&
{'D6'},{'D7'},{'D4'},{'D5'},{'D1'},{'D3'},{'R2'},{'D2'},{'R3'},{'R1'},&,6.0,&
{'D6'},{'D7'},{'D4'},{'D5'},{'D1'},{'D3'},{'R2'},{'D2'},{'R1'},{'R3'},&,2.0,&
{'D6'},{'D7'},{'D4'},{'D5'},{'D1'},{'D3'},{'R2'},{'R3'},{'R1'},{'D2'},&,1.0,&
{'D6'},{'D7'},{'D4'},{'D5'},{'D1'},{'D3'},{'R2'},{'R1'},{'D2'},{'R3'},&,3.0,&
{'D6'},{'D7'},{'D4'},{'D5'},{'D1'},{'D3'},{'D2'},{'R3'},{'R1'},{'R2'},&,7.0,&
{'D6'},{'D7'},{'D4'},{'D5'},{'D1'},{'D3'},{'D2'},{'R3'},{'R2'},{'R1'},&,13.0,&
{'D6'},{'D7'},{'D4'},{'D5'},{'D1'},{'D3'},{'D2'},{'R2'},{'R3'},{'R1'},&,13.0,&
{'D6'},{'D7'},{'D4'},{'D5'},{'D1'},{'D3'},{'D2'},{'R2'},{'R1'},{'R3'},&,13.0,&
{'D6'},{'D7'},{'D4'},{'D5'},{'D1'},{'D3'},{'D2'},{'R1'},{'R3'},{'R2'},&,9.0,&
{'D6'},{'D7'},{'D4'},{'D5'},{'D1'},{'D3'},{'D2'},{'R1'},{'R2'},{'R3'},&,9.0,&
{'D6'},{'D7'},{'D4'},{'D5'},{'D1'},{'D3'},{'R3'},{'D2'},{'R1'},{'R2'},&,1.0,&
{'D6'},{'D7'},{'D4'},{'D5'},{'D1'},{'D3'},{'R3'},{'D2'},{'R2'},{'R1'},&,5.0,&
{'D6'},{'D7'},{'D4'},{'D5'},{'D1'},{'D3'},{'R3'},{'R1'},{'D2'},{'R2'},&,1.0,&
{'D6'},{'D7'},{'D4'},{'D5'},{'D1'},{'D3'},{'R1'},{'D2'},{'R2'},{'R3'},&,1.0,&
{'D6'},{'D7'},{'D4'},{'D5'},{'D1'},{'D3'},{'R1'},{'R3'},{'D2'},{'R2'},&,1.0,&
{'D6'},{'D7'},{'D4'},{'D5'},{'D1'},{'R3'},{'D3'},{'D2'},{'R1'},{'R2'},&,1.0,&
{'D6'},{'D7'},{'D4'},{'D5'},{'D1'},{'R3'},{'D3'},{'R2'},{'D2'},{'R1'},&,1.0,&
{'D6'},{'D7'},{'D4'},{'D5'},{'D2'},{'D1'},{'D3'},{'R2'},{'R3'},{'R1'},&,1.0,&
{'D6'},{'D7'},{'D4'},{'D5'},{'D2'},{'D1'},{'D3'},{'R1'},{'R3'},{'R2'},&,1.0,&
{'D6'},{'D7'},{'D4'},{'D5'},{'D2'},{'D3'},{'D1'},{'R3'},{'R1'},{'R2'},&,1.0,&
{'D6'},{'D7'},{'D4'},{'D5'},{'D2'},{'D3'},{'D1'},{'R3'},{'R2'},{'R1'},&,2.0,&
{'D6'},{'D7'},{'D4'},{'D5'},{'D2'},{'D3'},{'D1'},{'R2'},{'R1'},{'R3'},&,1.0,&
{'D6'},{'D7'},{'D4'},{'D5'},{'D2'},{'D3'},{'D1'},{'R1'},{'R2'},{'R3'},&,1.0,&
{'D6'},{'D7'},{'D4'},{'D5'},{'R1'},{'D3'},{'D2'},{'D1'},{'R3'},{'R2'},&,1.0,&
{'D6'},{'D7'},{'D4'},{'D5'},{'R2'},{'D1'},{'D3'},{'D2'},{'R3'},{'R1'},&,1.0,&
{'D6'},{'D7'},{'D4'},{'D5'},{'R2'},{'D3'},{'D2'},{'D1'},{'R1'},{'R3'},&,1.0,&
{'D6'},{'D7'},{'D4'},{'D5'},{'R2'},{'D3'},{'D1'},{'D2'},{'R3'},{'R1'},&,5.0,&
{'D6'},{'D7'},{'D4'},{'D5'},{'R3'},{'D3'},{'D1'},{'R1'},{'D2'},{'R2'},&,1.0,&
{'D6'},{'D7'},{'D4'},{'D3'},{'D1'},{'D5'},{'R2'},{'D2'},{'R3'},{'R1'},&,68.0,&
{'D6'},{'D7'},{'D4'},{'D3'},{'D1'},{'D5'},{'R2'},{'D2'},{'R1'},{'R3'},&,56.0,&
{'D6'},{'D7'},{'D4'},{'D3'},{'D1'},{'D5'},{'R2'},{'R3'},{'R1'},{'D2'},&,2.0,&
{'D6'},{'D7'},{'D4'},{'D3'},{'D1'},{'D5'},{'R2'},{'R3'},{'D2'},{'R1'},&,12.0,&
{'D6'},{'D7'},{'D4'},{'D3'},{'D1'},{'D5'},{'R2'},{'R1'},{'R3'},{'D2'},&,2.0,&
{'D6'},{'D7'},{'D4'},{'D3'},{'D1'},{'D5'},{'R2'},{'R1'},{'D2'},{'R3'},&,13.0,&
{'D6'},{'D7'},{'D4'},{'D3'},{'D1'},{'D5'},{'D2'},{'R3'},{'R1'},{'R2'},&,103.0,&
{'D6'},{'D7'},{'D4'},{'D3'},{'D1'},{'D5'},{'D2'},{'R3'},{'R2'},{'R1'},&,185.0,&
{'D6'},{'D7'},{'D4'},{'D3'},{'D1'},{'D5'},{'D2'},{'R2'},{'R3'},{'R1'},&,206.0,&
{'D6'},{'D7'},{'D4'},{'D3'},{'D1'},{'D5'},{'D2'},{'R2'},{'R1'},{'R3'},&,183.0,&
{'D6'},{'D7'},{'D4'},{'D3'},{'D1'},{'D5'},{'D2'},{'R1'},{'R3'},{'R2'},&,85.0,&
{'D6'},{'D7'},{'D4'},{'D3'},{'D1'},{'D5'},{'D2'},{'R1'},{'R2'},{'R3'},&,142.0,&
{'D6'},{'D7'},{'D4'},{'D3'},{'D1'},{'D5'},{'R3'},{'D2'},{'R1'},{'R2'},&,26.0,&
{'D6'},{'D7'},{'D4'},{'D3'},{'D1'},{'D5'},{'R3'},{'D2'},{'R2'},{'R1'},&,41.0,&
{'D6'},{'D7'},{'D4'},{'D3'},{'D1'},{'D5'},{'R3'},{'R2'},{'R1'},{'D2'},&,3.0,&
{'D6'},{'D7'},{'D4'},{'D3'},{'D1'},{'D5'},{'R3'},{'R2'},{'D2'},{'R1'},&,12.0,&
{'D6'},{'D7'},{'D4'},{'D3'},{'D1'},{'D5'},{'R3'},{'R1'},{'D2'},{'R2'},&,8.0,&
{'D6'},{'D7'},{'D4'},{'D3'},{'D1'},{'D5'},{'R1'},{'D2'},{'R3'},{'R2'},&,19.0,&
{'D6'},{'D7'},{'D4'},{'D3'},{'D1'},{'D5'},{'R1'},{'D2'},{'R2'},{'R3'},&,34.0,&
{'D6'},{'D7'},{'D4'},{'D3'},{'D1'},{'D5'},{'R1'},{'R3'},{'D2'},{'R2'},&,3.0,&
{'D6'},{'D7'},{'D4'},{'D3'},{'D1'},{'D5'},{'R1'},{'R3'},{'R2'},{'D2'},&,5.0,&
{'D6'},{'D7'},{'D4'},{'D3'},{'D1'},{'D5'},{'R1'},{'R2'},{'R3'},{'D2'},&,5.0,&
{'D6'},{'D7'},{'D4'},{'D3'},{'D1'},{'D5'},{'R1'},{'R2'},{'D2'},{'R3'},&,8.0,&
{'D6'},{'D7'},{'D4'},{'D3'},{'D1'},{'R2'},{'D2'},{'D5'},{'R3'},{'R1'},&,1.0,&
{'D6'},{'D7'},{'D4'},{'D3'},{'D1'},{'R2'},{'D2'},{'D5'},{'R1'},{'R3'},&,2.0,&
{'D6'},{'D7'},{'D4'},{'D3'},{'D1'},{'R2'},{'D5'},{'D2'},{'R3'},{'R1'},&,10.0,&
{'D6'},{'D7'},{'D4'},{'D3'},{'D1'},{'R2'},{'D5'},{'D2'},{'R1'},{'R3'},&,16.0,&
{'D6'},{'D7'},{'D4'},{'D3'},{'D1'},{'R2'},{'D5'},{'R3'},{'D2'},{'R1'},&,4.0,&
{'D6'},{'D7'},{'D4'},{'D3'},{'D1'},{'R2'},{'D5'},{'R1'},{'R3'},{'D2'},&,1.0,&
{'D6'},{'D7'},{'D4'},{'D3'},{'D1'},{'R2'},{'D5'},{'R1'},{'D2'},{'R3'},&,5.0,&
{'D6'},{'D7'},{'D4'},{'D3'},{'D1'},{'D2'},{'R2'},{'R3'},{'R1'},{'D5'},&,1.0,&
{'D6'},{'D7'},{'D4'},{'D3'},{'D1'},{'D2'},{'R2'},{'R3'},{'D5'},{'R1'},&,1.0,&
{'D6'},{'D7'},{'D4'},{'D3'},{'D1'},{'D2'},{'R2'},{'R1'},{'D5'},{'R3'},&,2.0,&
{'D6'},{'D7'},{'D4'},{'D3'},{'D1'},{'D2'},{'R2'},{'D5'},{'R3'},{'R1'},&,4.0,&
{'D6'},{'D7'},{'D4'},{'D3'},{'D1'},{'D2'},{'R2'},{'D5'},{'R1'},{'R3'},&,11.0,&
{'D6'},{'D7'},{'D4'},{'D3'},{'D1'},{'D2'},{'R3'},{'R2'},{'D5'},{'R1'},&,1.0,&
{'D6'},{'D7'},{'D4'},{'D3'},{'D1'},{'D2'},{'R3'},{'D5'},{'R1'},{'R2'},&,1.0,&
{'D6'},{'D7'},{'D4'},{'D3'},{'D1'},{'D2'},{'R3'},{'D5'},{'R2'},{'R1'},&,3.0,&
{'D6'},{'D7'},{'D4'},{'D3'},{'D1'},{'D2'},{'D5'},{'R3'},{'R1'},{'R2'},&,7.0,&
{'D6'},{'D7'},{'D4'},{'D3'},{'D1'},{'D2'},{'D5'},{'R3'},{'R2'},{'R1'},&,15.0,&
{'D6'},{'D7'},{'D4'},{'D3'},{'D1'},{'D2'},{'D5'},{'R2'},{'R3'},{'R1'},&,20.0,&
{'D6'},{'D7'},{'D4'},{'D3'},{'D1'},{'D2'},{'D5'},{'R2'},{'R1'},{'R3'},&,17.0,&
{'D6'},{'D7'},{'D4'},{'D3'},{'D1'},{'D2'},{'D5'},{'R1'},{'R3'},{'R2'},&,9.0,&
{'D6'},{'D7'},{'D4'},{'D3'},{'D1'},{'D2'},{'D5'},{'R1'},{'R2'},{'R3'},&,16.0,&
{'D6'},{'D7'},{'D4'},{'D3'},{'D1'},{'D2'},{'R1'},{'R2'},{'D5'},{'R3'},&,1.0,&
{'D6'},{'D7'},{'D4'},{'D3'},{'D1'},{'D2'},{'R1'},{'D5'},{'R2'},{'R3'},&,1.0,&
{'D6'},{'D7'},{'D4'},{'D3'},{'D1'},{'R1'},{'R3'},{'D5'},{'D2'},{'R2'},&,1.0,&
{'D6'},{'D7'},{'D4'},{'D3'},{'D1'},{'R1'},{'D5'},{'D2'},{'R3'},{'R2'},&,4.0,&
{'D6'},{'D7'},{'D4'},{'D3'},{'D1'},{'R1'},{'D5'},{'D2'},{'R2'},{'R3'},&,12.0,&
{'D6'},{'D7'},{'D4'},{'D3'},{'D1'},{'R1'},{'D5'},{'R2'},{'D2'},{'R3'},&,2.0,&
{'D6'},{'D7'},{'D4'},{'D3'},{'D1'},{'R3'},{'R2'},{'D5'},{'R1'},{'D2'},&,1.0,&
{'D6'},{'D7'},{'D4'},{'D3'},{'D1'},{'R3'},{'R2'},{'D5'},{'D2'},{'R1'},&,1.0,&
{'D6'},{'D7'},{'D4'},{'D3'},{'D1'},{'R3'},{'D2'},{'R1'},{'D5'},{'R2'},&,1.0,&
{'D6'},{'D7'},{'D4'},{'D3'},{'D1'},{'R3'},{'D2'},{'D5'},{'R1'},{'R2'},&,2.0,&
{'D6'},{'D7'},{'D4'},{'D3'},{'D1'},{'R3'},{'D2'},{'D5'},{'R2'},{'R1'},&,1.0,&
{'D6'},{'D7'},{'D4'},{'D3'},{'D1'},{'R3'},{'D5'},{'D2'},{'R1'},{'R2'},&,4.0,&
{'D6'},{'D7'},{'D4'},{'D3'},{'D1'},{'R3'},{'D5'},{'D2'},{'R2'},{'R1'},&,10.0,&
{'D6'},{'D7'},{'D4'},{'D3'},{'D1'},{'R3'},{'D5'},{'R2'},{'R1'},{'D2'},&,1.0,&
{'D6'},{'D7'},{'D4'},{'D3'},{'D1'},{'R3'},{'D5'},{'R2'},{'D2'},{'R1'},&,5.0,&
{'D6'},{'D7'},{'D4'},{'D3'},{'D1'},{'R3'},{'D5'},{'R1'},{'D2'},{'R2'},&,5.0,&
{'D6'},{'D7'},{'D4'},{'D3'},{'D1'},{'R3'},{'R1'},{'D5'},{'D2'},{'R2'},&,1.0,&
{'D6'},{'D7'},{'D4'},{'D3'},{'D5'},{'D1'},{'R2'},{'D2'},{'R3'},{'R1'},&,39.0,&
{'D6'},{'D7'},{'D4'},{'D3'},{'D5'},{'D1'},{'R2'},{'D2'},{'R1'},{'R3'},&,29.0,&
{'D6'},{'D7'},{'D4'},{'D3'},{'D5'},{'D1'},{'R2'},{'R3'},{'R1'},{'D2'},&,2.0,&
{'D6'},{'D7'},{'D4'},{'D3'},{'D5'},{'D1'},{'R2'},{'R3'},{'D2'},{'R1'},&,8.0,&
{'D6'},{'D7'},{'D4'},{'D3'},{'D5'},{'D1'},{'R2'},{'R1'},{'R3'},{'D2'},&,3.0,&
{'D6'},{'D7'},{'D4'},{'D3'},{'D5'},{'D1'},{'R2'},{'R1'},{'D2'},{'R3'},&,12.0,&
{'D6'},{'D7'},{'D4'},{'D3'},{'D5'},{'D1'},{'D2'},{'R3'},{'R1'},{'R2'},&,67.0,&
{'D6'},{'D7'},{'D4'},{'D3'},{'D5'},{'D1'},{'D2'},{'R3'},{'R2'},{'R1'},&,109.0,&
{'D6'},{'D7'},{'D4'},{'D3'},{'D5'},{'D1'},{'D2'},{'R2'},{'R3'},{'R1'},&,126.0,&
{'D6'},{'D7'},{'D4'},{'D3'},{'D5'},{'D1'},{'D2'},{'R2'},{'R1'},{'R3'},&,118.0,&
{'D6'},{'D7'},{'D4'},{'D3'},{'D5'},{'D1'},{'D2'},{'R1'},{'R3'},{'R2'},&,58.0,&
{'D6'},{'D7'},{'D4'},{'D3'},{'D5'},{'D1'},{'D2'},{'R1'},{'R2'},{'R3'},&,91.0,&
{'D6'},{'D7'},{'D4'},{'D3'},{'D5'},{'D1'},{'R3'},{'D2'},{'R1'},{'R2'},&,28.0,&
{'D6'},{'D7'},{'D4'},{'D3'},{'D5'},{'D1'},{'R3'},{'D2'},{'R2'},{'R1'},&,18.0,&
{'D6'},{'D7'},{'D4'},{'D3'},{'D5'},{'D1'},{'R3'},{'R2'},{'R1'},{'D2'},&,4.0,&
{'D6'},{'D7'},{'D4'},{'D3'},{'D5'},{'D1'},{'R3'},{'R2'},{'D2'},{'R1'},&,6.0,&
{'D6'},{'D7'},{'D4'},{'D3'},{'D5'},{'D1'},{'R3'},{'R1'},{'D2'},{'R2'},&,5.0,&
{'D6'},{'D7'},{'D4'},{'D3'},{'D5'},{'D1'},{'R3'},{'R1'},{'R2'},{'D2'},&,3.0,&
{'D6'},{'D7'},{'D4'},{'D3'},{'D5'},{'D1'},{'R1'},{'D2'},{'R3'},{'R2'},&,21.0,&
{'D6'},{'D7'},{'D4'},{'D3'},{'D5'},{'D1'},{'R1'},{'D2'},{'R2'},{'R3'},&,23.0,&
{'D6'},{'D7'},{'D4'},{'D3'},{'D5'},{'D1'},{'R1'},{'R3'},{'D2'},{'R2'},&,3.0,&
{'D6'},{'D7'},{'D4'},{'D3'},{'D5'},{'D1'},{'R1'},{'R2'},{'D2'},{'R3'},&,4.0,&
{'D6'},{'D7'},{'D4'},{'D3'},{'D5'},{'R2'},{'D2'},{'D1'},{'R3'},{'R1'},&,1.0,&
{'D6'},{'D7'},{'D4'},{'D3'},{'D5'},{'R2'},{'D2'},{'D1'},{'R1'},{'R3'},&,1.0,&
{'D6'},{'D7'},{'D4'},{'D3'},{'D5'},{'R2'},{'R1'},{'D1'},{'D2'},{'R3'},&,1.0,&
{'D6'},{'D7'},{'D4'},{'D3'},{'D5'},{'R2'},{'D1'},{'D2'},{'R3'},{'R1'},&,8.0,&
{'D6'},{'D7'},{'D4'},{'D3'},{'D5'},{'R2'},{'D1'},{'D2'},{'R1'},{'R3'},&,8.0,&
{'D6'},{'D7'},{'D4'},{'D3'},{'D5'},{'R2'},{'D1'},{'R3'},{'R1'},{'D2'},&,1.0,&
{'D6'},{'D7'},{'D4'},{'D3'},{'D5'},{'R2'},{'D1'},{'R3'},{'D2'},{'R1'},&,3.0,&
{'D6'},{'D7'},{'D4'},{'D3'},{'D5'},{'R2'},{'D1'},{'R1'},{'D2'},{'R3'},&,1.0,&
{'D6'},{'D7'},{'D4'},{'D3'},{'D5'},{'D2'},{'R2'},{'D1'},{'R1'},{'R3'},&,2.0,&
{'D6'},{'D7'},{'D4'},{'D3'},{'D5'},{'D2'},{'R3'},{'R2'},{'D1'},{'R1'},&,1.0,&
{'D6'},{'D7'},{'D4'},{'D3'},{'D5'},{'D2'},{'R3'},{'R1'},{'D1'},{'R2'},&,1.0,&
{'D6'},{'D7'},{'D4'},{'D3'},{'D5'},{'D2'},{'R1'},{'R2'},{'D1'},{'R3'},&,2.0,&
{'D6'},{'D7'},{'D4'},{'D3'},{'D5'},{'D2'},{'R1'},{'D1'},{'R3'},{'R2'},&,1.0,&
{'D6'},{'D7'},{'D4'},{'D3'},{'D5'},{'D2'},{'D1'},{'R3'},{'R1'},{'R2'},&,7.0,&
{'D6'},{'D7'},{'D4'},{'D3'},{'D5'},{'D2'},{'D1'},{'R3'},{'R2'},{'R1'},&,6.0,&
{'D6'},{'D7'},{'D4'},{'D3'},{'D5'},{'D2'},{'D1'},{'R2'},{'R3'},{'R1'},&,5.0,&
{'D6'},{'D7'},{'D4'},{'D3'},{'D5'},{'D2'},{'D1'},{'R2'},{'R1'},{'R3'},&,6.0,&
{'D6'},{'D7'},{'D4'},{'D3'},{'D5'},{'D2'},{'D1'},{'R1'},{'R3'},{'R2'},&,2.0,&
{'D6'},{'D7'},{'D4'},{'D3'},{'D5'},{'D2'},{'D1'},{'R1'},{'R2'},{'R3'},&,8.0,&
{'D6'},{'D7'},{'D4'},{'D3'},{'D5'},{'R1'},{'R3'},{'D1'},{'R2'},{'D2'},&,1.0,&
{'D6'},{'D7'},{'D4'},{'D3'},{'D5'},{'R1'},{'D1'},{'D2'},{'R3'},{'R2'},&,2.0,&
{'D6'},{'D7'},{'D4'},{'D3'},{'D5'},{'R1'},{'D1'},{'D2'},{'R2'},{'R3'},&,8.0,&
{'D6'},{'D7'},{'D4'},{'D3'},{'D5'},{'R1'},{'D1'},{'R3'},{'D2'},{'R2'},&,1.0,&
{'D6'},{'D7'},{'D4'},{'D3'},{'D5'},{'R1'},{'D1'},{'R2'},{'D2'},{'R3'},&,1.0,&
{'D6'},{'D7'},{'D4'},{'D3'},{'D5'},{'R3'},{'D2'},{'R1'},{'D1'},{'R2'},&,1.0,&
{'D6'},{'D7'},{'D4'},{'D3'},{'D5'},{'R3'},{'D1'},{'D2'},{'R1'},{'R2'},&,6.0,&
{'D6'},{'D7'},{'D4'},{'D3'},{'D5'},{'R3'},{'D1'},{'D2'},{'R2'},{'R1'},&,6.0,&
{'D6'},{'D7'},{'D4'},{'D3'},{'D5'},{'R3'},{'D1'},{'R2'},{'D2'},{'R1'},&,4.0,&
{'D6'},{'D7'},{'D4'},{'D3'},{'D2'},{'D5'},{'R2'},{'R3'},{'R1'},{'D1'},&,1.0,&
{'D6'},{'D7'},{'D4'},{'D3'},{'D2'},{'D5'},{'R2'},{'R3'},{'D1'},{'R1'},&,1.0,&
{'D6'},{'D7'},{'D4'},{'D3'},{'D2'},{'D5'},{'R2'},{'R1'},{'D1'},{'R3'},&,2.0,&
{'D6'},{'D7'},{'D4'},{'D3'},{'D2'},{'D5'},{'R2'},{'D1'},{'R3'},{'R1'},&,2.0,&
{'D6'},{'D7'},{'D4'},{'D3'},{'D2'},{'D5'},{'R3'},{'D1'},{'R2'},{'R1'},&,2.0,&
{'D6'},{'D7'},{'D4'},{'D3'},{'D2'},{'D5'},{'R1'},{'R3'},{'D1'},{'R2'},&,1.0,&
{'D6'},{'D7'},{'D4'},{'D3'},{'D2'},{'D5'},{'R1'},{'R2'},{'D1'},{'R3'},&,2.0,&
{'D6'},{'D7'},{'D4'},{'D3'},{'D2'},{'D5'},{'R1'},{'D1'},{'R2'},{'R3'},&,2.0,&
{'D6'},{'D7'},{'D4'},{'D3'},{'D2'},{'D5'},{'D1'},{'R3'},{'R1'},{'R2'},&,3.0,&
{'D6'},{'D7'},{'D4'},{'D3'},{'D2'},{'D5'},{'D1'},{'R3'},{'R2'},{'R1'},&,6.0,&
{'D6'},{'D7'},{'D4'},{'D3'},{'D2'},{'D5'},{'D1'},{'R2'},{'R3'},{'R1'},&,5.0,&
{'D6'},{'D7'},{'D4'},{'D3'},{'D2'},{'D5'},{'D1'},{'R2'},{'R1'},{'R3'},&,3.0,&
{'D6'},{'D7'},{'D4'},{'D3'},{'D2'},{'D5'},{'D1'},{'R1'},{'R3'},{'R2'},&,3.0,&
{'D6'},{'D7'},{'D4'},{'D3'},{'D2'},{'D5'},{'D1'},{'R1'},{'R2'},{'R3'},&,4.0,&
{'D6'},{'D7'},{'D4'},{'D3'},{'D2'},{'D1'},{'R2'},{'R1'},{'D5'},{'R3'},&,1.0,&
{'D6'},{'D7'},{'D4'},{'D3'},{'D2'},{'D1'},{'R2'},{'D5'},{'R3'},{'R1'},&,2.0,&
{'D6'},{'D7'},{'D4'},{'D3'},{'D2'},{'D1'},{'R2'},{'D5'},{'R1'},{'R3'},&,1.0,&
{'D6'},{'D7'},{'D4'},{'D3'},{'D2'},{'D1'},{'R3'},{'R2'},{'R1'},{'D5'},&,1.0,&
{'D6'},{'D7'},{'D4'},{'D3'},{'D2'},{'D1'},{'R3'},{'R2'},{'D5'},{'R1'},&,1.0,&
{'D6'},{'D7'},{'D4'},{'D3'},{'D2'},{'D1'},{'R3'},{'R1'},{'D5'},{'R2'},&,1.0,&
{'D6'},{'D7'},{'D4'},{'D3'},{'D2'},{'D1'},{'R3'},{'D5'},{'R1'},{'R2'},&,1.0,&
{'D6'},{'D7'},{'D4'},{'D3'},{'D2'},{'D1'},{'R3'},{'D5'},{'R2'},{'R1'},&,2.0,&
{'D6'},{'D7'},{'D4'},{'D3'},{'D2'},{'D1'},{'D5'},{'R3'},{'R1'},{'R2'},&,6.0,&
{'D6'},{'D7'},{'D4'},{'D3'},{'D2'},{'D1'},{'D5'},{'R3'},{'R2'},{'R1'},&,7.0,&
{'D6'},{'D7'},{'D4'},{'D3'},{'D2'},{'D1'},{'D5'},{'R2'},{'R3'},{'R1'},&,10.0,&
{'D6'},{'D7'},{'D4'},{'D3'},{'D2'},{'D1'},{'D5'},{'R2'},{'R1'},{'R3'},&,10.0,&
{'D6'},{'D7'},{'D4'},{'D3'},{'D2'},{'D1'},{'D5'},{'R1'},{'R3'},{'R2'},&,4.0,&
{'D6'},{'D7'},{'D4'},{'D3'},{'D2'},{'D1'},{'D5'},{'R1'},{'R2'},{'R3'},&,7.0,&
{'D6'},{'D7'},{'D4'},{'D3'},{'D2'},{'D1'},{'R1'},{'R3'},{'D5'},{'R2'},&,1.0,&
{'D6'},{'D7'},{'D4'},{'D3'},{'D2'},{'D1'},{'R1'},{'R2'},{'D5'},{'R3'},&,1.0,&
{'D6'},{'D7'},{'D4'},{'D3'},{'D2'},{'D1'},{'R1'},{'D5'},{'R3'},{'R2'},&,1.0,&
{'D6'},{'D7'},{'D4'},{'D3'},{'D2'},{'D1'},{'R1'},{'D5'},{'R2'},{'R3'},&,2.0,&
{'D6'},{'D7'},{'D4'},{'D3'},{'D2'},{'R2'},{'R3'},{'D5'},{'D1'},{'R1'},&,1.0,&
{'D6'},{'D7'},{'D4'},{'D3'},{'D2'},{'R2'},{'D5'},{'D1'},{'R3'},{'R1'},&,1.0,&
{'D6'},{'D7'},{'D4'},{'D3'},{'D2'},{'R2'},{'D5'},{'D1'},{'R1'},{'R3'},&,1.0,&
{'D6'},{'D7'},{'D4'},{'D3'},{'D2'},{'R2'},{'D1'},{'R1'},{'D5'},{'R3'},&,1.0,&
{'D6'},{'D7'},{'D4'},{'D3'},{'D2'},{'R1'},{'D1'},{'D5'},{'R3'},{'R2'},&,1.0,&
{'D6'},{'D7'},{'D4'},{'D3'},{'D2'},{'R1'},{'D1'},{'D5'},{'R2'},{'R3'},&,1.0,&
{'D6'},{'D7'},{'D4'},{'D3'},{'D2'},{'R3'},{'D1'},{'D5'},{'R2'},{'R1'},&,1.0,&
{'D6'},{'D7'},{'D4'},{'D3'},{'R1'},{'D5'},{'R2'},{'D1'},{'D2'},{'R3'},&,1.0,&
{'D6'},{'D7'},{'D4'},{'D3'},{'R1'},{'D5'},{'D2'},{'D1'},{'R2'},{'R3'},&,1.0,&
{'D6'},{'D7'},{'D4'},{'D3'},{'R1'},{'D5'},{'D1'},{'R2'},{'D2'},{'R3'},&,2.0,&
{'D6'},{'D7'},{'D4'},{'D3'},{'R1'},{'D1'},{'R2'},{'D5'},{'D2'},{'R3'},&,1.0,&
{'D6'},{'D7'},{'D4'},{'D3'},{'R1'},{'D1'},{'D5'},{'D2'},{'R3'},{'R2'},&,1.0,&
{'D6'},{'D7'},{'D4'},{'D3'},{'R1'},{'D1'},{'D5'},{'D2'},{'R2'},{'R3'},&,3.0,&
{'D6'},{'D7'},{'D4'},{'D3'},{'R1'},{'D1'},{'D5'},{'R3'},{'D2'},{'R2'},&,2.0,&
{'D6'},{'D7'},{'D4'},{'D3'},{'R2'},{'D5'},{'R3'},{'D1'},{'D2'},{'R1'},&,1.0,&
{'D6'},{'D7'},{'D4'},{'D3'},{'R2'},{'D5'},{'D1'},{'D2'},{'R3'},{'R1'},&,2.0,&
{'D6'},{'D7'},{'D4'},{'D3'},{'R2'},{'D5'},{'D1'},{'D2'},{'R1'},{'R3'},&,1.0,&
{'D6'},{'D7'},{'D4'},{'D3'},{'R2'},{'D5'},{'D1'},{'R3'},{'D2'},{'R1'},&,1.0,&
{'D6'},{'D7'},{'D4'},{'D3'},{'R2'},{'D1'},{'R3'},{'D5'},{'D2'},{'R1'},&,1.0,&
{'D6'},{'D7'},{'D4'},{'D3'},{'R2'},{'D1'},{'D5'},{'D2'},{'R3'},{'R1'},&,7.0,&
{'D6'},{'D7'},{'D4'},{'D3'},{'R2'},{'D1'},{'D5'},{'D2'},{'R1'},{'R3'},&,4.0,&
{'D6'},{'D7'},{'D4'},{'D3'},{'R2'},{'D1'},{'D5'},{'R3'},{'R1'},{'D2'},&,1.0,&
{'D6'},{'D7'},{'D4'},{'D3'},{'R2'},{'D1'},{'D5'},{'R3'},{'D2'},{'R1'},&,3.0,&
{'D6'},{'D7'},{'D4'},{'D3'},{'R3'},{'D5'},{'D1'},{'D2'},{'R1'},{'R2'},&,2.0,&
{'D6'},{'D7'},{'D4'},{'D3'},{'R3'},{'D5'},{'D1'},{'D2'},{'R2'},{'R1'},&,2.0,&
{'D6'},{'D7'},{'D4'},{'D3'},{'R3'},{'D1'},{'D2'},{'R1'},{'D5'},{'R2'},&,1.0,&
{'D6'},{'D7'},{'D4'},{'D3'},{'R3'},{'D1'},{'D2'},{'D5'},{'R1'},{'R2'},&,1.0,&
{'D6'},{'D7'},{'D4'},{'D3'},{'R3'},{'D1'},{'D5'},{'D2'},{'R1'},{'R2'},&,2.0,&
{'D6'},{'D7'},{'D4'},{'D3'},{'R3'},{'D1'},{'D5'},{'D2'},{'R2'},{'R1'},&,3.0,&
{'D6'},{'D7'},{'D4'},{'D3'},{'R3'},{'D1'},{'D5'},{'R2'},{'D2'},{'R1'},&,1.0,&
{'D6'},{'D7'},{'D4'},{'D3'},{'R3'},{'D2'},{'D5'},{'R1'},{'D1'},{'R2'},&,1.0,&
{'D6'},{'D7'},{'D4'},{'D2'},{'D3'},{'D5'},{'R2'},{'R1'},{'D1'},{'R3'},&,1.0,&
{'D6'},{'D7'},{'D4'},{'D2'},{'D3'},{'D5'},{'R2'},{'D1'},{'R1'},{'R3'},&,2.0,&
{'D6'},{'D7'},{'D4'},{'D2'},{'D3'},{'D5'},{'R1'},{'D1'},{'R2'},{'R3'},&,1.0,&
{'D6'},{'D7'},{'D4'},{'D2'},{'D3'},{'D5'},{'D1'},{'R3'},{'R1'},{'R2'},&,2.0,&
{'D6'},{'D7'},{'D4'},{'D2'},{'D3'},{'D5'},{'D1'},{'R2'},{'R3'},{'R1'},&,3.0,&
{'D6'},{'D7'},{'D4'},{'D2'},{'D3'},{'D5'},{'D1'},{'R2'},{'R1'},{'R3'},&,1.0,&
{'D6'},{'D7'},{'D4'},{'D2'},{'D3'},{'D1'},{'R2'},{'R3'},{'D5'},{'R1'},&,1.0,&
{'D6'},{'D7'},{'D4'},{'D2'},{'D3'},{'D1'},{'R2'},{'D5'},{'R3'},{'R1'},&,3.0,&
{'D6'},{'D7'},{'D4'},{'D2'},{'D3'},{'D1'},{'R3'},{'R1'},{'R2'},{'D5'},&,1.0,&
{'D6'},{'D7'},{'D4'},{'D2'},{'D3'},{'D1'},{'R3'},{'D5'},{'R2'},{'R1'},&,1.0,&
{'D6'},{'D7'},{'D4'},{'D2'},{'D3'},{'D1'},{'D5'},{'R3'},{'R2'},{'R1'},&,1.0,&
{'D6'},{'D7'},{'D4'},{'D2'},{'D3'},{'D1'},{'D5'},{'R2'},{'R3'},{'R1'},&,3.0,&
{'D6'},{'D7'},{'D4'},{'D2'},{'D3'},{'D1'},{'D5'},{'R2'},{'R1'},{'R3'},&,2.0,&
{'D6'},{'D7'},{'D4'},{'D2'},{'D3'},{'D1'},{'D5'},{'R1'},{'R3'},{'R2'},&,1.0,&
{'D6'},{'D7'},{'D4'},{'D2'},{'D3'},{'D1'},{'D5'},{'R1'},{'R2'},{'R3'},&,1.0,&
{'D6'},{'D7'},{'D4'},{'D2'},{'D3'},{'R2'},{'D1'},{'D5'},{'R3'},{'R1'},&,3.0,&
{'D6'},{'D7'},{'D4'},{'D2'},{'D1'},{'D5'},{'D3'},{'R1'},{'R2'},{'R3'},&,1.0,&
{'D6'},{'D7'},{'D4'},{'D2'},{'D1'},{'D3'},{'R2'},{'D5'},{'R1'},{'R3'},&,1.0,&
{'D6'},{'D7'},{'D4'},{'D2'},{'D1'},{'D3'},{'R3'},{'R2'},{'D5'},{'R1'},&,1.0,&
{'D6'},{'D7'},{'D4'},{'D2'},{'D1'},{'D3'},{'D5'},{'R3'},{'R1'},{'R2'},&,1.0,&
{'D6'},{'D7'},{'D4'},{'D2'},{'D1'},{'D3'},{'D5'},{'R1'},{'R3'},{'R2'},&,2.0,&
{'D6'},{'D7'},{'D4'},{'D2'},{'D1'},{'D3'},{'D5'},{'R1'},{'R2'},{'R3'},&,1.0,&
{'D6'},{'D7'},{'D4'},{'D2'},{'D5'},{'D1'},{'D3'},{'R3'},{'R2'},{'R1'},&,1.0,&
{'D6'},{'D7'},{'D4'},{'D2'},{'D5'},{'D1'},{'D3'},{'R1'},{'R3'},{'R2'},&,1.0,&
{'D6'},{'D7'},{'D4'},{'D2'},{'D5'},{'D1'},{'D3'},{'R1'},{'R2'},{'R3'},&,1.0,&
{'D6'},{'D7'},{'D4'},{'D2'},{'R1'},{'D1'},{'D3'},{'D5'},{'R2'},{'R3'},&,1.0,&
{'D6'},{'D7'},{'D4'},{'R2'},{'D3'},{'D1'},{'D5'},{'D2'},{'R3'},{'R1'},&,1.0,&
{'D6'},{'D7'},{'D4'},{'R2'},{'D1'},{'D3'},{'D2'},{'R3'},{'D5'},{'R1'},&,1.0,&
{'D6'},{'D7'},{'D4'},{'R2'},{'D1'},{'D3'},{'D5'},{'D2'},{'R1'},{'R3'},&,2.0,&
{'D6'},{'D7'},{'D4'},{'R2'},{'D1'},{'D3'},{'D5'},{'R3'},{'D2'},{'R1'},&,1.0,&
{'D6'},{'D7'},{'D4'},{'R3'},{'D3'},{'D1'},{'D5'},{'D2'},{'R1'},{'R2'},&,1.0,&
{'D6'},{'D7'},{'D4'},{'R3'},{'D1'},{'D2'},{'R2'},{'D3'},{'D5'},{'R1'},&,1.0,&
{'D6'},{'D7'},{'D4'},{'R3'},{'R1'},{'D3'},{'R2'},{'D2'},{'D1'},{'D5'},&,1.0,&
{'D6'},{'D7'},{'D4'},{'R1'},{'D3'},{'D5'},{'R2'},{'D1'},{'D2'},{'R3'},&,1.0,&
{'D6'},{'D7'},{'D4'},{'R1'},{'D1'},{'D3'},{'R3'},{'D2'},{'D5'},{'R2'},&,1.0,&
{'D6'},{'D7'},{'D4'},{'R1'},{'D1'},{'D3'},{'D5'},{'D2'},{'R3'},{'R2'},&,1.0,&
{'D6'},{'D7'},{'D3'},{'D1'},{'D5'},{'D4'},{'R2'},{'D2'},{'R3'},{'R1'},&,29.0,&
{'D6'},{'D7'},{'D3'},{'D1'},{'D5'},{'D4'},{'R2'},{'D2'},{'R1'},{'R3'},&,28.0,&
{'D6'},{'D7'},{'D3'},{'D1'},{'D5'},{'D4'},{'R2'},{'R3'},{'D2'},{'R1'},&,5.0,&
{'D6'},{'D7'},{'D3'},{'D1'},{'D5'},{'D4'},{'R2'},{'R1'},{'D2'},{'R3'},&,11.0,&
{'D6'},{'D7'},{'D3'},{'D1'},{'D5'},{'D4'},{'D2'},{'R3'},{'R1'},{'R2'},&,57.0,&
{'D6'},{'D7'},{'D3'},{'D1'},{'D5'},{'D4'},{'D2'},{'R3'},{'R2'},{'R1'},&,84.0,&
{'D6'},{'D7'},{'D3'},{'D1'},{'D5'},{'D4'},{'D2'},{'R2'},{'R3'},{'R1'},&,116.0,&
{'D6'},{'D7'},{'D3'},{'D1'},{'D5'},{'D4'},{'D2'},{'R2'},{'R1'},{'R3'},&,100.0,&
{'D6'},{'D7'},{'D3'},{'D1'},{'D5'},{'D4'},{'D2'},{'R1'},{'R3'},{'R2'},&,42.0,&
{'D6'},{'D7'},{'D3'},{'D1'},{'D5'},{'D4'},{'D2'},{'R1'},{'R2'},{'R3'},&,62.0,&
{'D6'},{'D7'},{'D3'},{'D1'},{'D5'},{'D4'},{'R3'},{'D2'},{'R1'},{'R2'},&,14.0,&
{'D6'},{'D7'},{'D3'},{'D1'},{'D5'},{'D4'},{'R3'},{'D2'},{'R2'},{'R1'},&,27.0,&
{'D6'},{'D7'},{'D3'},{'D1'},{'D5'},{'D4'},{'R3'},{'R2'},{'R1'},{'D2'},&,2.0,&
{'D6'},{'D7'},{'D3'},{'D1'},{'D5'},{'D4'},{'R3'},{'R2'},{'D2'},{'R1'},&,5.0,&
{'D6'},{'D7'},{'D3'},{'D1'},{'D5'},{'D4'},{'R3'},{'R1'},{'D2'},{'R2'},&,4.0,&
{'D6'},{'D7'},{'D3'},{'D1'},{'D5'},{'D4'},{'R1'},{'D2'},{'R3'},{'R2'},&,11.0,&
{'D6'},{'D7'},{'D3'},{'D1'},{'D5'},{'D4'},{'R1'},{'D2'},{'R2'},{'R3'},&,25.0,&
{'D6'},{'D7'},{'D3'},{'D1'},{'D5'},{'D4'},{'R1'},{'R3'},{'D2'},{'R2'},&,3.0,&
{'D6'},{'D7'},{'D3'},{'D1'},{'D5'},{'D4'},{'R1'},{'R2'},{'D2'},{'R3'},&,14.0,&
{'D6'},{'D7'},{'D3'},{'D1'},{'D5'},{'R2'},{'D2'},{'D4'},{'R3'},{'R1'},&,1.0,&
{'D6'},{'D7'},{'D3'},{'D1'},{'D5'},{'R2'},{'D2'},{'D4'},{'R1'},{'R3'},&,1.0,&
{'D6'},{'D7'},{'D3'},{'D1'},{'D5'},{'R2'},{'D4'},{'D2'},{'R3'},{'R1'},&,8.0,&
{'D6'},{'D7'},{'D3'},{'D1'},{'D5'},{'R2'},{'D4'},{'D2'},{'R1'},{'R3'},&,6.0,&
{'D6'},{'D7'},{'D3'},{'D1'},{'D5'},{'R2'},{'D4'},{'R3'},{'D2'},{'R1'},&,2.0,&
{'D6'},{'D7'},{'D3'},{'D1'},{'D5'},{'R2'},{'D4'},{'R1'},{'D2'},{'R3'},&,1.0,&
{'D6'},{'D7'},{'D3'},{'D1'},{'D5'},{'D2'},{'R2'},{'D4'},{'R3'},{'R1'},&,2.0,&
{'D6'},{'D7'},{'D3'},{'D1'},{'D5'},{'D2'},{'R2'},{'D4'},{'R1'},{'R3'},&,1.0,&
{'D6'},{'D7'},{'D3'},{'D1'},{'D5'},{'D2'},{'R1'},{'D4'},{'R2'},{'R3'},&,2.0,&
{'D6'},{'D7'},{'D3'},{'D1'},{'D5'},{'D2'},{'D4'},{'R3'},{'R1'},{'R2'},&,5.0,&
{'D6'},{'D7'},{'D3'},{'D1'},{'D5'},{'D2'},{'D4'},{'R3'},{'R2'},{'R1'},&,5.0,&
{'D6'},{'D7'},{'D3'},{'D1'},{'D5'},{'D2'},{'D4'},{'R2'},{'R3'},{'R1'},&,8.0,&
{'D6'},{'D7'},{'D3'},{'D1'},{'D5'},{'D2'},{'D4'},{'R2'},{'R1'},{'R3'},&,6.0,&
{'D6'},{'D7'},{'D3'},{'D1'},{'D5'},{'D2'},{'D4'},{'R1'},{'R3'},{'R2'},&,1.0,&
{'D6'},{'D7'},{'D3'},{'D1'},{'D5'},{'D2'},{'D4'},{'R1'},{'R2'},{'R3'},&,2.0,&
{'D6'},{'D7'},{'D3'},{'D1'},{'D5'},{'R1'},{'D2'},{'D4'},{'R3'},{'R2'},&,1.0,&
{'D6'},{'D7'},{'D3'},{'D1'},{'D5'},{'R1'},{'D4'},{'D2'},{'R3'},{'R2'},&,6.0,&
{'D6'},{'D7'},{'D3'},{'D1'},{'D5'},{'R1'},{'D4'},{'D2'},{'R2'},{'R3'},&,5.0,&
{'D6'},{'D7'},{'D3'},{'D1'},{'D5'},{'R1'},{'D4'},{'R3'},{'R2'},{'D2'},&,1.0,&
{'D6'},{'D7'},{'D3'},{'D1'},{'D5'},{'R1'},{'D4'},{'R2'},{'D2'},{'R3'},&,1.0,&
{'D6'},{'D7'},{'D3'},{'D1'},{'D5'},{'R3'},{'R2'},{'D4'},{'D2'},{'R1'},&,1.0,&
{'D6'},{'D7'},{'D3'},{'D1'},{'D5'},{'R3'},{'D4'},{'D2'},{'R1'},{'R2'},&,3.0,&
{'D6'},{'D7'},{'D3'},{'D1'},{'D5'},{'R3'},{'D4'},{'D2'},{'R2'},{'R1'},&,4.0,&
{'D6'},{'D7'},{'D3'},{'D1'},{'D5'},{'R3'},{'D4'},{'R2'},{'D2'},{'R1'},&,4.0,&
{'D6'},{'D7'},{'D3'},{'D1'},{'D5'},{'R3'},{'D4'},{'R1'},{'D2'},{'R2'},&,2.0,&
{'D6'},{'D7'},{'D3'},{'D1'},{'D4'},{'D5'},{'R2'},{'D2'},{'R3'},{'R1'},&,75.0,&
{'D6'},{'D7'},{'D3'},{'D1'},{'D4'},{'D5'},{'R2'},{'D2'},{'R1'},{'R3'},&,53.0,&
{'D6'},{'D7'},{'D3'},{'D1'},{'D4'},{'D5'},{'R2'},{'R3'},{'R1'},{'D2'},&,3.0,&
{'D6'},{'D7'},{'D3'},{'D1'},{'D4'},{'D5'},{'R2'},{'R3'},{'D2'},{'R1'},&,24.0,&
{'D6'},{'D7'},{'D3'},{'D1'},{'D4'},{'D5'},{'R2'},{'R1'},{'R3'},{'D2'},&,3.0,&
{'D6'},{'D7'},{'D3'},{'D1'},{'D4'},{'D5'},{'R2'},{'R1'},{'D2'},{'R3'},&,12.0,&
{'D6'},{'D7'},{'D3'},{'D1'},{'D4'},{'D5'},{'D2'},{'R3'},{'R1'},{'R2'},&,120.0,&
{'D6'},{'D7'},{'D3'},{'D1'},{'D4'},{'D5'},{'D2'},{'R3'},{'R2'},{'R1'},&,208.0,&
{'D6'},{'D7'},{'D3'},{'D1'},{'D4'},{'D5'},{'D2'},{'R2'},{'R3'},{'R1'},&,315.0,&
{'D6'},{'D7'},{'D3'},{'D1'},{'D4'},{'D5'},{'D2'},{'R2'},{'R1'},{'R3'},&,269.0,&
{'D6'},{'D7'},{'D3'},{'D1'},{'D4'},{'D5'},{'D2'},{'R1'},{'R3'},{'R2'},&,124.0,&
{'D6'},{'D7'},{'D3'},{'D1'},{'D4'},{'D5'},{'D2'},{'R1'},{'R2'},{'R3'},&,204.0,&
{'D6'},{'D7'},{'D3'},{'D1'},{'D4'},{'D5'},{'R3'},{'D2'},{'R1'},{'R2'},&,31.0,&
{'D6'},{'D7'},{'D3'},{'D1'},{'D4'},{'D5'},{'R3'},{'D2'},{'R2'},{'R1'},&,49.0,&
{'D6'},{'D7'},{'D3'},{'D1'},{'D4'},{'D5'},{'R3'},{'R2'},{'R1'},{'D2'},&,3.0,&
{'D6'},{'D7'},{'D3'},{'D1'},{'D4'},{'D5'},{'R3'},{'R2'},{'D2'},{'R1'},&,13.0,&
{'D6'},{'D7'},{'D3'},{'D1'},{'D4'},{'D5'},{'R3'},{'R1'},{'D2'},{'R2'},&,4.0,&
{'D6'},{'D7'},{'D3'},{'D1'},{'D4'},{'D5'},{'R3'},{'R1'},{'R2'},{'D2'},&,2.0,&
{'D6'},{'D7'},{'D3'},{'D1'},{'D4'},{'D5'},{'R1'},{'D2'},{'R3'},{'R2'},&,28.0,&
{'D6'},{'D7'},{'D3'},{'D1'},{'D4'},{'D5'},{'R1'},{'D2'},{'R2'},{'R3'},&,46.0,&
{'D6'},{'D7'},{'D3'},{'D1'},{'D4'},{'D5'},{'R1'},{'R3'},{'D2'},{'R2'},&,4.0,&
{'D6'},{'D7'},{'D3'},{'D1'},{'D4'},{'D5'},{'R1'},{'R3'},{'R2'},{'D2'},&,1.0,&
{'D6'},{'D7'},{'D3'},{'D1'},{'D4'},{'D5'},{'R1'},{'R2'},{'R3'},{'D2'},&,2.0,&
{'D6'},{'D7'},{'D3'},{'D1'},{'D4'},{'D5'},{'R1'},{'R2'},{'D2'},{'R3'},&,12.0,&
{'D6'},{'D7'},{'D3'},{'D1'},{'D4'},{'R2'},{'D2'},{'D5'},{'R1'},{'R3'},&,3.0,&
{'D6'},{'D7'},{'D3'},{'D1'},{'D4'},{'R2'},{'R3'},{'D5'},{'R1'},{'D2'},&,1.0,&
{'D6'},{'D7'},{'D3'},{'D1'},{'D4'},{'R2'},{'R3'},{'D5'},{'D2'},{'R1'},&,1.0,&
{'D6'},{'D7'},{'D3'},{'D1'},{'D4'},{'R2'},{'D5'},{'D2'},{'R3'},{'R1'},&,16.0,&
{'D6'},{'D7'},{'D3'},{'D1'},{'D4'},{'R2'},{'D5'},{'D2'},{'R1'},{'R3'},&,10.0,&
{'D6'},{'D7'},{'D3'},{'D1'},{'D4'},{'R2'},{'D5'},{'R3'},{'R1'},{'D2'},&,3.0,&
{'D6'},{'D7'},{'D3'},{'D1'},{'D4'},{'R2'},{'D5'},{'R3'},{'D2'},{'R1'},&,3.0,&
{'D6'},{'D7'},{'D3'},{'D1'},{'D4'},{'R2'},{'D5'},{'R1'},{'D2'},{'R3'},&,1.0,&
{'D6'},{'D7'},{'D3'},{'D1'},{'D4'},{'D2'},{'R2'},{'R3'},{'R1'},{'D5'},&,1.0,&
{'D6'},{'D7'},{'D3'},{'D1'},{'D4'},{'D2'},{'R2'},{'R3'},{'D5'},{'R1'},&,1.0,&
{'D6'},{'D7'},{'D3'},{'D1'},{'D4'},{'D2'},{'R2'},{'R1'},{'D5'},{'R3'},&,1.0,&
{'D6'},{'D7'},{'D3'},{'D1'},{'D4'},{'D2'},{'R2'},{'D5'},{'R3'},{'R1'},&,4.0,&
{'D6'},{'D7'},{'D3'},{'D1'},{'D4'},{'D2'},{'R2'},{'D5'},{'R1'},{'R3'},&,5.0,&
{'D6'},{'D7'},{'D3'},{'D1'},{'D4'},{'D2'},{'R3'},{'R1'},{'D5'},{'R2'},&,3.0,&
{'D6'},{'D7'},{'D3'},{'D1'},{'D4'},{'D2'},{'R3'},{'D5'},{'R1'},{'R2'},&,2.0,&
{'D6'},{'D7'},{'D3'},{'D1'},{'D4'},{'D2'},{'R3'},{'D5'},{'R2'},{'R1'},&,7.0,&
{'D6'},{'D7'},{'D3'},{'D1'},{'D4'},{'D2'},{'D5'},{'R3'},{'R1'},{'R2'},&,15.0,&
{'D6'},{'D7'},{'D3'},{'D1'},{'D4'},{'D2'},{'D5'},{'R3'},{'R2'},{'R1'},&,19.0,&
{'D6'},{'D7'},{'D3'},{'D1'},{'D4'},{'D2'},{'D5'},{'R2'},{'R3'},{'R1'},&,27.0,&
{'D6'},{'D7'},{'D3'},{'D1'},{'D4'},{'D2'},{'D5'},{'R2'},{'R1'},{'R3'},&,38.0,&
{'D6'},{'D7'},{'D3'},{'D1'},{'D4'},{'D2'},{'D5'},{'R1'},{'R3'},{'R2'},&,8.0,&
{'D6'},{'D7'},{'D3'},{'D1'},{'D4'},{'D2'},{'D5'},{'R1'},{'R2'},{'R3'},&,17.0,&
{'D6'},{'D7'},{'D3'},{'D1'},{'D4'},{'D2'},{'R1'},{'R3'},{'D5'},{'R2'},&,1.0,&
{'D6'},{'D7'},{'D3'},{'D1'},{'D4'},{'D2'},{'R1'},{'R2'},{'R3'},{'D5'},&,1.0,&
{'D6'},{'D7'},{'D3'},{'D1'},{'D4'},{'D2'},{'R1'},{'D5'},{'R3'},{'R2'},&,1.0,&
{'D6'},{'D7'},{'D3'},{'D1'},{'D4'},{'D2'},{'R1'},{'D5'},{'R2'},{'R3'},&,3.0,&
{'D6'},{'D7'},{'D3'},{'D1'},{'D4'},{'R1'},{'R2'},{'D2'},{'D5'},{'R3'},&,1.0,&
{'D6'},{'D7'},{'D3'},{'D1'},{'D4'},{'R1'},{'R2'},{'D5'},{'D2'},{'R3'},&,1.0,&
{'D6'},{'D7'},{'D3'},{'D1'},{'D4'},{'R1'},{'D5'},{'D2'},{'R3'},{'R2'},&,7.0,&
{'D6'},{'D7'},{'D3'},{'D1'},{'D4'},{'R1'},{'D5'},{'D2'},{'R2'},{'R3'},&,11.0,&
{'D6'},{'D7'},{'D3'},{'D1'},{'D4'},{'R1'},{'D5'},{'R3'},{'D2'},{'R2'},&,1.0,&
{'D6'},{'D7'},{'D3'},{'D1'},{'D4'},{'R1'},{'D5'},{'R3'},{'R2'},{'D2'},&,1.0,&
{'D6'},{'D7'},{'D3'},{'D1'},{'D4'},{'R1'},{'D5'},{'R2'},{'R3'},{'D2'},&,1.0,&
{'D6'},{'D7'},{'D3'},{'D1'},{'D4'},{'R1'},{'D5'},{'R2'},{'D2'},{'R3'},&,2.0,&
{'D6'},{'D7'},{'D3'},{'D1'},{'D4'},{'R3'},{'R2'},{'R1'},{'D5'},{'D2'},&,1.0,&
{'D6'},{'D7'},{'D3'},{'D1'},{'D4'},{'R3'},{'R2'},{'D5'},{'D2'},{'R1'},&,1.0,&
{'D6'},{'D7'},{'D3'},{'D1'},{'D4'},{'R3'},{'D2'},{'D5'},{'R1'},{'R2'},&,3.0,&
{'D6'},{'D7'},{'D3'},{'D1'},{'D4'},{'R3'},{'D2'},{'D5'},{'R2'},{'R1'},&,2.0,&
{'D6'},{'D7'},{'D3'},{'D1'},{'D4'},{'R3'},{'D5'},{'D2'},{'R1'},{'R2'},&,6.0,&
{'D6'},{'D7'},{'D3'},{'D1'},{'D4'},{'R3'},{'D5'},{'D2'},{'R2'},{'R1'},&,16.0,&
{'D6'},{'D7'},{'D3'},{'D1'},{'D4'},{'R3'},{'D5'},{'R2'},{'R1'},{'D2'},&,1.0,&
{'D6'},{'D7'},{'D3'},{'D1'},{'D4'},{'R3'},{'D5'},{'R2'},{'D2'},{'R1'},&,6.0,&
{'D6'},{'D7'},{'D3'},{'D1'},{'D4'},{'R3'},{'D5'},{'R1'},{'D2'},{'R2'},&,4.0,&
{'D6'},{'D7'},{'D3'},{'D1'},{'D4'},{'R3'},{'R1'},{'D5'},{'D2'},{'R2'},&,1.0,&
{'D6'},{'D7'},{'D3'},{'D1'},{'D2'},{'D5'},{'R2'},{'D4'},{'R3'},{'R1'},&,1.0,&
{'D6'},{'D7'},{'D3'},{'D1'},{'D2'},{'D5'},{'R3'},{'D4'},{'R1'},{'R2'},&,1.0,&
{'D6'},{'D7'},{'D3'},{'D1'},{'D2'},{'D5'},{'R3'},{'D4'},{'R2'},{'R1'},&,1.0,&
{'D6'},{'D7'},{'D3'},{'D1'},{'D2'},{'D5'},{'R1'},{'D4'},{'R2'},{'R3'},&,1.0,&
{'D6'},{'D7'},{'D3'},{'D1'},{'D2'},{'D5'},{'D4'},{'R3'},{'R1'},{'R2'},&,1.0,&
{'D6'},{'D7'},{'D3'},{'D1'},{'D2'},{'D5'},{'D4'},{'R3'},{'R2'},{'R1'},&,2.0,&
{'D6'},{'D7'},{'D3'},{'D1'},{'D2'},{'D5'},{'D4'},{'R2'},{'R3'},{'R1'},&,1.0,&
{'D6'},{'D7'},{'D3'},{'D1'},{'D2'},{'D5'},{'D4'},{'R2'},{'R1'},{'R3'},&,1.0,&
{'D6'},{'D7'},{'D3'},{'D1'},{'D2'},{'D5'},{'D4'},{'R1'},{'R3'},{'R2'},&,1.0,&
{'D6'},{'D7'},{'D3'},{'D1'},{'D2'},{'D5'},{'D4'},{'R1'},{'R2'},{'R3'},&,2.0,&
{'D6'},{'D7'},{'D3'},{'D1'},{'D2'},{'D4'},{'R2'},{'R1'},{'D5'},{'R3'},&,1.0,&
{'D6'},{'D7'},{'D3'},{'D1'},{'D2'},{'D4'},{'R2'},{'D5'},{'R3'},{'R1'},&,1.0,&
{'D6'},{'D7'},{'D3'},{'D1'},{'D2'},{'D4'},{'R2'},{'D5'},{'R1'},{'R3'},&,3.0,&
{'D6'},{'D7'},{'D3'},{'D1'},{'D2'},{'D4'},{'R3'},{'R2'},{'D5'},{'R1'},&,1.0,&
{'D6'},{'D7'},{'D3'},{'D1'},{'D2'},{'D4'},{'R3'},{'D5'},{'R1'},{'R2'},&,1.0,&
{'D6'},{'D7'},{'D3'},{'D1'},{'D2'},{'D4'},{'R3'},{'D5'},{'R2'},{'R1'},&,1.0,&
{'D6'},{'D7'},{'D3'},{'D1'},{'D2'},{'D4'},{'D5'},{'R3'},{'R1'},{'R2'},&,2.0,&
{'D6'},{'D7'},{'D3'},{'D1'},{'D2'},{'D4'},{'D5'},{'R3'},{'R2'},{'R1'},&,6.0,&
{'D6'},{'D7'},{'D3'},{'D1'},{'D2'},{'D4'},{'D5'},{'R2'},{'R3'},{'R1'},&,6.0,&
{'D6'},{'D7'},{'D3'},{'D1'},{'D2'},{'D4'},{'D5'},{'R2'},{'R1'},{'R3'},&,11.0,&
{'D6'},{'D7'},{'D3'},{'D1'},{'D2'},{'D4'},{'D5'},{'R1'},{'R3'},{'R2'},&,2.0,&
{'D6'},{'D7'},{'D3'},{'D1'},{'D2'},{'D4'},{'D5'},{'R1'},{'R2'},{'R3'},&,4.0,&
{'D6'},{'D7'},{'D3'},{'D1'},{'D2'},{'D4'},{'R1'},{'R3'},{'D5'},{'R2'},&,1.0,&
{'D6'},{'D7'},{'D3'},{'D1'},{'D2'},{'D4'},{'R1'},{'R2'},{'R3'},{'D5'},&,1.0,&
{'D6'},{'D7'},{'D3'},{'D1'},{'D2'},{'R2'},{'D5'},{'R3'},{'R1'},{'D4'},&,1.0,&
{'D6'},{'D7'},{'D3'},{'D1'},{'D2'},{'R2'},{'D4'},{'D5'},{'R1'},{'R3'},&,1.0,&
{'D6'},{'D7'},{'D3'},{'D1'},{'R1'},{'D5'},{'R2'},{'D4'},{'R3'},{'D2'},&,1.0,&
{'D6'},{'D7'},{'D3'},{'D1'},{'R1'},{'D5'},{'D4'},{'D2'},{'R2'},{'R3'},&,1.0,&
{'D6'},{'D7'},{'D3'},{'D1'},{'R1'},{'D5'},{'D4'},{'R3'},{'D2'},{'R2'},&,1.0,&
{'D6'},{'D7'},{'D3'},{'D1'},{'R1'},{'D4'},{'D5'},{'D2'},{'R3'},{'R2'},&,3.0,&
{'D6'},{'D7'},{'D3'},{'D1'},{'R1'},{'D4'},{'D5'},{'D2'},{'R2'},{'R3'},&,2.0,&
{'D6'},{'D7'},{'D3'},{'D1'},{'R1'},{'D4'},{'D5'},{'R3'},{'R2'},{'D2'},&,1.0,&
{'D6'},{'D7'},{'D3'},{'D1'},{'R1'},{'D4'},{'D5'},{'R2'},{'D2'},{'R3'},&,1.0,&
{'D6'},{'D7'},{'D3'},{'D1'},{'R2'},{'D5'},{'D4'},{'D2'},{'R3'},{'R1'},&,3.0,&
{'D6'},{'D7'},{'D3'},{'D1'},{'R2'},{'D5'},{'D4'},{'D2'},{'R1'},{'R3'},&,1.0,&
{'D6'},{'D7'},{'D3'},{'D1'},{'R2'},{'D4'},{'D2'},{'D5'},{'R3'},{'R1'},&,1.0,&
{'D6'},{'D7'},{'D3'},{'D1'},{'R2'},{'D4'},{'R3'},{'D5'},{'D2'},{'R1'},&,1.0,&
{'D6'},{'D7'},{'D3'},{'D1'},{'R2'},{'D4'},{'D5'},{'D2'},{'R3'},{'R1'},&,4.0,&
{'D6'},{'D7'},{'D3'},{'D1'},{'R2'},{'D4'},{'D5'},{'D2'},{'R1'},{'R3'},&,2.0,&
{'D6'},{'D7'},{'D3'},{'D1'},{'R2'},{'D4'},{'D5'},{'R3'},{'D2'},{'R1'},&,2.0,&
{'D6'},{'D7'},{'D3'},{'D1'},{'R2'},{'D4'},{'D5'},{'R1'},{'R3'},{'D2'},&,2.0,&
{'D6'},{'D7'},{'D3'},{'D1'},{'R2'},{'D2'},{'D4'},{'R1'},{'D5'},{'R3'},&,1.0,&
{'D6'},{'D7'},{'D3'},{'D1'},{'R2'},{'D2'},{'D4'},{'D5'},{'R3'},{'R1'},&,1.0,&
{'D6'},{'D7'},{'D3'},{'D1'},{'R3'},{'D5'},{'R2'},{'D4'},{'R1'},{'D2'},&,1.0,&
{'D6'},{'D7'},{'D3'},{'D1'},{'R3'},{'D5'},{'D4'},{'D2'},{'R2'},{'R1'},&,1.0,&
{'D6'},{'D7'},{'D3'},{'D1'},{'R3'},{'D4'},{'D5'},{'D2'},{'R1'},{'R2'},&,3.0,&
{'D6'},{'D7'},{'D3'},{'D1'},{'R3'},{'D4'},{'D5'},{'D2'},{'R2'},{'R1'},&,2.0,&
{'D6'},{'D7'},{'D3'},{'D1'},{'R3'},{'D4'},{'D5'},{'R1'},{'D2'},{'R2'},&,1.0,&
{'D6'},{'D7'},{'D3'},{'D5'},{'D1'},{'D4'},{'R2'},{'D2'},{'R3'},{'R1'},&,25.0,&
{'D6'},{'D7'},{'D3'},{'D5'},{'D1'},{'D4'},{'R2'},{'D2'},{'R1'},{'R3'},&,26.0,&
{'D6'},{'D7'},{'D3'},{'D5'},{'D1'},{'D4'},{'R2'},{'R3'},{'R1'},{'D2'},&,2.0,&
{'D6'},{'D7'},{'D3'},{'D5'},{'D1'},{'D4'},{'R2'},{'R3'},{'D2'},{'R1'},&,6.0,&
{'D6'},{'D7'},{'D3'},{'D5'},{'D1'},{'D4'},{'R2'},{'R1'},{'D2'},{'R3'},&,4.0,&
{'D6'},{'D7'},{'D3'},{'D5'},{'D1'},{'D4'},{'D2'},{'R3'},{'R1'},{'R2'},&,50.0,&
{'D6'},{'D7'},{'D3'},{'D5'},{'D1'},{'D4'},{'D2'},{'R3'},{'R2'},{'R1'},&,73.0,&
{'D6'},{'D7'},{'D3'},{'D5'},{'D1'},{'D4'},{'D2'},{'R2'},{'R3'},{'R1'},&,102.0,&
{'D6'},{'D7'},{'D3'},{'D5'},{'D1'},{'D4'},{'D2'},{'R2'},{'R1'},{'R3'},&,77.0,&
{'D6'},{'D7'},{'D3'},{'D5'},{'D1'},{'D4'},{'D2'},{'R1'},{'R3'},{'R2'},&,38.0,&
{'D6'},{'D7'},{'D3'},{'D5'},{'D1'},{'D4'},{'D2'},{'R1'},{'R2'},{'R3'},&,63.0,&
{'D6'},{'D7'},{'D3'},{'D5'},{'D1'},{'D4'},{'R3'},{'D2'},{'R1'},{'R2'},&,10.0,&
{'D6'},{'D7'},{'D3'},{'D5'},{'D1'},{'D4'},{'R3'},{'D2'},{'R2'},{'R1'},&,12.0,&
{'D6'},{'D7'},{'D3'},{'D5'},{'D1'},{'D4'},{'R3'},{'R2'},{'D2'},{'R1'},&,2.0,&
{'D6'},{'D7'},{'D3'},{'D5'},{'D1'},{'D4'},{'R3'},{'R1'},{'D2'},{'R2'},&,2.0,&
{'D6'},{'D7'},{'D3'},{'D5'},{'D1'},{'D4'},{'R3'},{'R1'},{'R2'},{'D2'},&,1.0,&
{'D6'},{'D7'},{'D3'},{'D5'},{'D1'},{'D4'},{'R1'},{'D2'},{'R3'},{'R2'},&,11.0,&
{'D6'},{'D7'},{'D3'},{'D5'},{'D1'},{'D4'},{'R1'},{'D2'},{'R2'},{'R3'},&,15.0,&
{'D6'},{'D7'},{'D3'},{'D5'},{'D1'},{'D4'},{'R1'},{'R3'},{'R2'},{'D2'},&,1.0,&
{'D6'},{'D7'},{'D3'},{'D5'},{'D1'},{'D4'},{'R1'},{'R2'},{'D2'},{'R3'},&,3.0,&
{'D6'},{'D7'},{'D3'},{'D5'},{'D1'},{'R2'},{'R1'},{'R3'},{'D4'},{'D2'},&,1.0,&
{'D6'},{'D7'},{'D3'},{'D5'},{'D1'},{'R2'},{'D4'},{'D2'},{'R3'},{'R1'},&,5.0,&
{'D6'},{'D7'},{'D3'},{'D5'},{'D1'},{'R2'},{'D4'},{'D2'},{'R1'},{'R3'},&,7.0,&
{'D6'},{'D7'},{'D3'},{'D5'},{'D1'},{'R2'},{'D4'},{'R3'},{'D2'},{'R1'},&,2.0,&
{'D6'},{'D7'},{'D3'},{'D5'},{'D1'},{'R2'},{'D4'},{'R1'},{'D2'},{'R3'},&,1.0,&
{'D6'},{'D7'},{'D3'},{'D5'},{'D1'},{'D2'},{'R2'},{'R3'},{'R1'},{'D4'},&,1.0,&
{'D6'},{'D7'},{'D3'},{'D5'},{'D1'},{'D2'},{'R2'},{'R3'},{'D4'},{'R1'},&,1.0,&
{'D6'},{'D7'},{'D3'},{'D5'},{'D1'},{'D2'},{'R2'},{'R1'},{'D4'},{'R3'},&,1.0,&
{'D6'},{'D7'},{'D3'},{'D5'},{'D1'},{'D2'},{'R2'},{'D4'},{'R3'},{'R1'},&,2.0,&
{'D6'},{'D7'},{'D3'},{'D5'},{'D1'},{'D2'},{'R2'},{'D4'},{'R1'},{'R3'},&,2.0,&
{'D6'},{'D7'},{'D3'},{'D5'},{'D1'},{'D2'},{'R1'},{'R3'},{'D4'},{'R2'},&,1.0,&
{'D6'},{'D7'},{'D3'},{'D5'},{'D1'},{'D2'},{'R1'},{'D4'},{'R2'},{'R3'},&,1.0,&
{'D6'},{'D7'},{'D3'},{'D5'},{'D1'},{'D2'},{'D4'},{'R3'},{'R1'},{'R2'},&,1.0,&
{'D6'},{'D7'},{'D3'},{'D5'},{'D1'},{'D2'},{'D4'},{'R3'},{'R2'},{'R1'},&,2.0,&
{'D6'},{'D7'},{'D3'},{'D5'},{'D1'},{'D2'},{'D4'},{'R2'},{'R3'},{'R1'},&,5.0,&
{'D6'},{'D7'},{'D3'},{'D5'},{'D1'},{'D2'},{'D4'},{'R2'},{'R1'},{'R3'},&,6.0,&
{'D6'},{'D7'},{'D3'},{'D5'},{'D1'},{'D2'},{'D4'},{'R1'},{'R2'},{'R3'},&,3.0,&
{'D6'},{'D7'},{'D3'},{'D5'},{'D1'},{'R1'},{'D4'},{'D2'},{'R3'},{'R2'},&,3.0,&
{'D6'},{'D7'},{'D3'},{'D5'},{'D1'},{'R1'},{'D4'},{'D2'},{'R2'},{'R3'},&,5.0,&
{'D6'},{'D7'},{'D3'},{'D5'},{'D1'},{'R1'},{'D4'},{'R2'},{'D2'},{'R3'},&,1.0,&
{'D6'},{'D7'},{'D3'},{'D5'},{'D1'},{'R3'},{'R2'},{'D4'},{'R1'},{'D2'},&,1.0,&
{'D6'},{'D7'},{'D3'},{'D5'},{'D1'},{'R3'},{'D4'},{'D2'},{'R1'},{'R2'},&,2.0,&
{'D6'},{'D7'},{'D3'},{'D5'},{'D1'},{'R3'},{'D4'},{'D2'},{'R2'},{'R1'},&,4.0,&
{'D6'},{'D7'},{'D3'},{'D5'},{'D1'},{'R3'},{'D4'},{'R2'},{'R1'},{'D2'},&,1.0,&
{'D6'},{'D7'},{'D3'},{'D5'},{'D1'},{'R3'},{'D4'},{'R2'},{'D2'},{'R1'},&,2.0,&
{'D6'},{'D7'},{'D3'},{'D5'},{'D1'},{'R3'},{'D4'},{'R1'},{'D2'},{'R2'},&,2.0,&
{'D6'},{'D7'},{'D3'},{'D5'},{'D1'},{'R3'},{'D4'},{'R1'},{'R2'},{'D2'},&,1.0,&
{'D6'},{'D7'},{'D3'},{'D5'},{'D4'},{'D1'},{'R2'},{'D2'},{'R3'},{'R1'},&,41.0,&
{'D6'},{'D7'},{'D3'},{'D5'},{'D4'},{'D1'},{'R2'},{'D2'},{'R1'},{'R3'},&,36.0,&
{'D6'},{'D7'},{'D3'},{'D5'},{'D4'},{'D1'},{'R2'},{'R3'},{'R1'},{'D2'},&,3.0,&
{'D6'},{'D7'},{'D3'},{'D5'},{'D4'},{'D1'},{'R2'},{'R3'},{'D2'},{'R1'},&,10.0,&
{'D6'},{'D7'},{'D3'},{'D5'},{'D4'},{'D1'},{'R2'},{'R1'},{'D2'},{'R3'},&,5.0,&
{'D6'},{'D7'},{'D3'},{'D5'},{'D4'},{'D1'},{'D2'},{'R3'},{'R1'},{'R2'},&,71.0,&
{'D6'},{'D7'},{'D3'},{'D5'},{'D4'},{'D1'},{'D2'},{'R3'},{'R2'},{'R1'},&,104.0,&
{'D6'},{'D7'},{'D3'},{'D5'},{'D4'},{'D1'},{'D2'},{'R2'},{'R3'},{'R1'},&,139.0,&
{'D6'},{'D7'},{'D3'},{'D5'},{'D4'},{'D1'},{'D2'},{'R2'},{'R1'},{'R3'},&,115.0,&
{'D6'},{'D7'},{'D3'},{'D5'},{'D4'},{'D1'},{'D2'},{'R1'},{'R3'},{'R2'},&,61.0,&
{'D6'},{'D7'},{'D3'},{'D5'},{'D4'},{'D1'},{'D2'},{'R1'},{'R2'},{'R3'},&,103.0,&
{'D6'},{'D7'},{'D3'},{'D5'},{'D4'},{'D1'},{'R3'},{'D2'},{'R1'},{'R2'},&,18.0,&
{'D6'},{'D7'},{'D3'},{'D5'},{'D4'},{'D1'},{'R3'},{'D2'},{'R2'},{'R1'},&,30.0,&
{'D6'},{'D7'},{'D3'},{'D5'},{'D4'},{'D1'},{'R3'},{'R2'},{'R1'},{'D2'},&,1.0,&
{'D6'},{'D7'},{'D3'},{'D5'},{'D4'},{'D1'},{'R3'},{'R2'},{'D2'},{'R1'},&,9.0,&
{'D6'},{'D7'},{'D3'},{'D5'},{'D4'},{'D1'},{'R3'},{'R1'},{'D2'},{'R2'},&,3.0,&
{'D6'},{'D7'},{'D3'},{'D5'},{'D4'},{'D1'},{'R1'},{'D2'},{'R3'},{'R2'},&,12.0,&
{'D6'},{'D7'},{'D3'},{'D5'},{'D4'},{'D1'},{'R1'},{'D2'},{'R2'},{'R3'},&,22.0,&
{'D6'},{'D7'},{'D3'},{'D5'},{'D4'},{'D1'},{'R1'},{'R3'},{'D2'},{'R2'},&,4.0,&
{'D6'},{'D7'},{'D3'},{'D5'},{'D4'},{'D1'},{'R1'},{'R3'},{'R2'},{'D2'},&,3.0,&
{'D6'},{'D7'},{'D3'},{'D5'},{'D4'},{'D1'},{'R1'},{'R2'},{'R3'},{'D2'},&,1.0,&
{'D6'},{'D7'},{'D3'},{'D5'},{'D4'},{'D1'},{'R1'},{'R2'},{'D2'},{'R3'},&,5.0,&
{'D6'},{'D7'},{'D3'},{'D5'},{'D4'},{'R2'},{'D2'},{'R3'},{'D1'},{'R1'},&,1.0,&
{'D6'},{'D7'},{'D3'},{'D5'},{'D4'},{'R2'},{'D2'},{'R1'},{'D1'},{'R3'},&,1.0,&
{'D6'},{'D7'},{'D3'},{'D5'},{'D4'},{'R2'},{'D2'},{'D1'},{'R3'},{'R1'},&,1.0,&
{'D6'},{'D7'},{'D3'},{'D5'},{'D4'},{'R2'},{'D1'},{'D2'},{'R3'},{'R1'},&,13.0,&
{'D6'},{'D7'},{'D3'},{'D5'},{'D4'},{'R2'},{'D1'},{'D2'},{'R1'},{'R3'},&,7.0,&
{'D6'},{'D7'},{'D3'},{'D5'},{'D4'},{'R2'},{'D1'},{'R3'},{'D2'},{'R1'},&,3.0,&
{'D6'},{'D7'},{'D3'},{'D5'},{'D4'},{'R2'},{'D1'},{'R1'},{'D2'},{'R3'},&,3.0,&
{'D6'},{'D7'},{'D3'},{'D5'},{'D4'},{'D2'},{'R2'},{'R3'},{'D1'},{'R1'},&,2.0,&
{'D6'},{'D7'},{'D3'},{'D5'},{'D4'},{'D2'},{'R2'},{'D1'},{'R3'},{'R1'},&,3.0,&
{'D6'},{'D7'},{'D3'},{'D5'},{'D4'},{'D2'},{'R2'},{'D1'},{'R1'},{'R3'},&,5.0,&
{'D6'},{'D7'},{'D3'},{'D5'},{'D4'},{'D2'},{'R3'},{'R2'},{'D1'},{'R1'},&,3.0,&
{'D6'},{'D7'},{'D3'},{'D5'},{'D4'},{'D2'},{'R3'},{'R1'},{'D1'},{'R2'},&,1.0,&
{'D6'},{'D7'},{'D3'},{'D5'},{'D4'},{'D2'},{'R3'},{'D1'},{'R1'},{'R2'},&,1.0,&
{'D6'},{'D7'},{'D3'},{'D5'},{'D4'},{'D2'},{'R3'},{'D1'},{'R2'},{'R1'},&,2.0,&
{'D6'},{'D7'},{'D3'},{'D5'},{'D4'},{'D2'},{'R1'},{'R2'},{'R3'},{'D1'},&,1.0,&
{'D6'},{'D7'},{'D3'},{'D5'},{'D4'},{'D2'},{'R1'},{'D1'},{'R3'},{'R2'},&,1.0,&
{'D6'},{'D7'},{'D3'},{'D5'},{'D4'},{'D2'},{'R1'},{'D1'},{'R2'},{'R3'},&,3.0,&
{'D6'},{'D7'},{'D3'},{'D5'},{'D4'},{'D2'},{'D1'},{'R3'},{'R1'},{'R2'},&,3.0,&
{'D6'},{'D7'},{'D3'},{'D5'},{'D4'},{'D2'},{'D1'},{'R3'},{'R2'},{'R1'},&,5.0,&
{'D6'},{'D7'},{'D3'},{'D5'},{'D4'},{'D2'},{'D1'},{'R2'},{'R3'},{'R1'},&,5.0,&
{'D6'},{'D7'},{'D3'},{'D5'},{'D4'},{'D2'},{'D1'},{'R2'},{'R1'},{'R3'},&,8.0,&
{'D6'},{'D7'},{'D3'},{'D5'},{'D4'},{'D2'},{'D1'},{'R1'},{'R3'},{'R2'},&,5.0,&
{'D6'},{'D7'},{'D3'},{'D5'},{'D4'},{'D2'},{'D1'},{'R1'},{'R2'},{'R3'},&,4.0,&
{'D6'},{'D7'},{'D3'},{'D5'},{'D4'},{'R1'},{'D2'},{'D1'},{'R3'},{'R2'},&,1.0,&
{'D6'},{'D7'},{'D3'},{'D5'},{'D4'},{'R1'},{'D2'},{'D1'},{'R2'},{'R3'},&,1.0,&
{'D6'},{'D7'},{'D3'},{'D5'},{'D4'},{'R1'},{'D1'},{'D2'},{'R3'},{'R2'},&,2.0,&
{'D6'},{'D7'},{'D3'},{'D5'},{'D4'},{'R1'},{'D1'},{'D2'},{'R2'},{'R3'},&,8.0,&
{'D6'},{'D7'},{'D3'},{'D5'},{'D4'},{'R1'},{'D1'},{'R3'},{'D2'},{'R2'},&,2.0,&
{'D6'},{'D7'},{'D3'},{'D5'},{'D4'},{'R1'},{'D1'},{'R2'},{'R3'},{'D2'},&,1.0,&
{'D6'},{'D7'},{'D3'},{'D5'},{'D4'},{'R1'},{'D1'},{'R2'},{'D2'},{'R3'},&,3.0,&
{'D6'},{'D7'},{'D3'},{'D5'},{'D4'},{'R3'},{'R2'},{'D1'},{'D2'},{'R1'},&,1.0,&
{'D6'},{'D7'},{'D3'},{'D5'},{'D4'},{'R3'},{'D2'},{'R1'},{'D1'},{'R2'},&,1.0,&
{'D6'},{'D7'},{'D3'},{'D5'},{'D4'},{'R3'},{'D1'},{'D2'},{'R1'},{'R2'},&,2.0,&
{'D6'},{'D7'},{'D3'},{'D5'},{'D4'},{'R3'},{'D1'},{'D2'},{'R2'},{'R1'},&,7.0,&
{'D6'},{'D7'},{'D3'},{'D5'},{'D4'},{'R3'},{'D1'},{'R2'},{'R1'},{'D2'},&,1.0,&
{'D6'},{'D7'},{'D3'},{'D5'},{'D4'},{'R3'},{'D1'},{'R2'},{'D2'},{'R1'},&,2.0,&
{'D6'},{'D7'},{'D3'},{'D5'},{'D4'},{'R3'},{'D1'},{'R1'},{'D2'},{'R2'},&,2.0,&
{'D6'},{'D7'},{'D3'},{'D5'},{'D2'},{'D4'},{'R1'},{'R2'},{'D1'},{'R3'},&,2.0,&
{'D6'},{'D7'},{'D3'},{'D5'},{'D2'},{'D4'},{'R1'},{'D1'},{'R2'},{'R3'},&,4.0,&
{'D6'},{'D7'},{'D3'},{'D5'},{'D2'},{'D4'},{'D1'},{'R3'},{'R1'},{'R2'},&,2.0,&
{'D6'},{'D7'},{'D3'},{'D5'},{'D2'},{'D4'},{'D1'},{'R3'},{'R2'},{'R1'},&,3.0,&
{'D6'},{'D7'},{'D3'},{'D5'},{'D2'},{'D4'},{'D1'},{'R2'},{'R3'},{'R1'},&,2.0,&
{'D6'},{'D7'},{'D3'},{'D5'},{'D2'},{'D4'},{'D1'},{'R1'},{'R3'},{'R2'},&,2.0,&
{'D6'},{'D7'},{'D3'},{'D5'},{'D2'},{'D4'},{'D1'},{'R1'},{'R2'},{'R3'},&,5.0,&
{'D6'},{'D7'},{'D3'},{'D5'},{'D2'},{'D1'},{'D4'},{'R3'},{'R1'},{'R2'},&,1.0,&
{'D6'},{'D7'},{'D3'},{'D5'},{'D2'},{'D1'},{'D4'},{'R3'},{'R2'},{'R1'},&,1.0,&
{'D6'},{'D7'},{'D3'},{'D5'},{'D2'},{'D1'},{'D4'},{'R2'},{'R3'},{'R1'},&,4.0,&
{'D6'},{'D7'},{'D3'},{'D5'},{'D2'},{'D1'},{'D4'},{'R2'},{'R1'},{'R3'},&,2.0,&
{'D6'},{'D7'},{'D3'},{'D5'},{'D2'},{'D1'},{'D4'},{'R1'},{'R2'},{'R3'},&,1.0,&
{'D6'},{'D7'},{'D3'},{'D5'},{'R1'},{'D4'},{'D1'},{'D2'},{'R2'},{'R3'},&,2.0,&
{'D6'},{'D7'},{'D3'},{'D5'},{'R1'},{'D4'},{'D1'},{'R3'},{'D2'},{'R2'},&,2.0,&
{'D6'},{'D7'},{'D3'},{'D5'},{'R1'},{'D1'},{'D4'},{'D2'},{'R3'},{'R2'},&,1.0,&
{'D6'},{'D7'},{'D3'},{'D5'},{'R1'},{'D1'},{'D4'},{'R2'},{'R3'},{'D2'},&,1.0,&
{'D6'},{'D7'},{'D3'},{'D5'},{'R1'},{'D1'},{'D4'},{'R2'},{'D2'},{'R3'},&,1.0,&
{'D6'},{'D7'},{'D3'},{'D5'},{'R2'},{'D4'},{'D1'},{'D2'},{'R3'},{'R1'},&,2.0,&
{'D6'},{'D7'},{'D3'},{'D5'},{'R2'},{'D4'},{'D1'},{'R3'},{'D2'},{'R1'},&,1.0,&
{'D6'},{'D7'},{'D3'},{'D5'},{'R2'},{'D4'},{'D1'},{'R1'},{'R3'},{'D2'},&,1.0,&
{'D6'},{'D7'},{'D3'},{'D5'},{'R2'},{'D1'},{'D2'},{'D4'},{'R1'},{'R3'},&,1.0,&
{'D6'},{'D7'},{'D3'},{'D5'},{'R2'},{'D1'},{'D4'},{'D2'},{'R3'},{'R1'},&,5.0,&
{'D6'},{'D7'},{'D3'},{'D5'},{'R2'},{'D1'},{'D4'},{'D2'},{'R1'},{'R3'},&,1.0,&
{'D6'},{'D7'},{'D3'},{'D5'},{'R2'},{'D1'},{'D4'},{'R1'},{'D2'},{'R3'},&,1.0,&
{'D6'},{'D7'},{'D3'},{'D5'},{'R2'},{'D2'},{'D4'},{'D1'},{'R3'},{'R1'},&,1.0,&
{'D6'},{'D7'},{'D3'},{'D5'},{'R2'},{'R3'},{'D1'},{'D4'},{'D2'},{'R1'},&,1.0,&
{'D6'},{'D7'},{'D3'},{'D5'},{'R3'},{'D4'},{'D1'},{'D2'},{'R1'},{'R2'},&,1.0,&
{'D6'},{'D7'},{'D3'},{'D5'},{'R3'},{'D4'},{'D1'},{'D2'},{'R2'},{'R1'},&,2.0,&
{'D6'},{'D7'},{'D3'},{'D5'},{'R3'},{'D4'},{'D1'},{'R1'},{'D2'},{'R2'},&,1.0,&
{'D6'},{'D7'},{'D3'},{'D5'},{'R3'},{'D1'},{'D4'},{'D2'},{'R2'},{'R1'},&,1.0,&
{'D6'},{'D7'},{'D3'},{'D5'},{'R3'},{'D2'},{'D4'},{'D1'},{'R2'},{'R1'},&,1.0,&
{'D6'},{'D7'},{'D3'},{'D4'},{'D1'},{'D5'},{'R2'},{'D2'},{'R3'},{'R1'},&,92.0,&
{'D6'},{'D7'},{'D3'},{'D4'},{'D1'},{'D5'},{'R2'},{'D2'},{'R1'},{'R3'},&,53.0,&
{'D6'},{'D7'},{'D3'},{'D4'},{'D1'},{'D5'},{'R2'},{'R3'},{'R1'},{'D2'},&,2.0,&
{'D6'},{'D7'},{'D3'},{'D4'},{'D1'},{'D5'},{'R2'},{'R3'},{'D2'},{'R1'},&,20.0,&
{'D6'},{'D7'},{'D3'},{'D4'},{'D1'},{'D5'},{'R2'},{'R1'},{'R3'},{'D2'},&,6.0,&
{'D6'},{'D7'},{'D3'},{'D4'},{'D1'},{'D5'},{'R2'},{'R1'},{'D2'},{'R3'},&,17.0,&
{'D6'},{'D7'},{'D3'},{'D4'},{'D1'},{'D5'},{'D2'},{'R3'},{'R1'},{'R2'},&,170.0,&
{'D6'},{'D7'},{'D3'},{'D4'},{'D1'},{'D5'},{'D2'},{'R3'},{'R2'},{'R1'},&,278.0,&
{'D6'},{'D7'},{'D3'},{'D4'},{'D1'},{'D5'},{'D2'},{'R2'},{'R3'},{'R1'},&,399.0,&
{'D6'},{'D7'},{'D3'},{'D4'},{'D1'},{'D5'},{'D2'},{'R2'},{'R1'},{'R3'},&,304.0,&
{'D6'},{'D7'},{'D3'},{'D4'},{'D1'},{'D5'},{'D2'},{'R1'},{'R3'},{'R2'},&,168.0,&
{'D6'},{'D7'},{'D3'},{'D4'},{'D1'},{'D5'},{'D2'},{'R1'},{'R2'},{'R3'},&,206.0,&
{'D6'},{'D7'},{'D3'},{'D4'},{'D1'},{'D5'},{'R3'},{'D2'},{'R1'},{'R2'},&,28.0,&
{'D6'},{'D7'},{'D3'},{'D4'},{'D1'},{'D5'},{'R3'},{'D2'},{'R2'},{'R1'},&,71.0,&
{'D6'},{'D7'},{'D3'},{'D4'},{'D1'},{'D5'},{'R3'},{'R2'},{'R1'},{'D2'},&,2.0,&
{'D6'},{'D7'},{'D3'},{'D4'},{'D1'},{'D5'},{'R3'},{'R2'},{'D2'},{'R1'},&,18.0,&
{'D6'},{'D7'},{'D3'},{'D4'},{'D1'},{'D5'},{'R3'},{'R1'},{'D2'},{'R2'},&,5.0,&
{'D6'},{'D7'},{'D3'},{'D4'},{'D1'},{'D5'},{'R3'},{'R1'},{'R2'},{'D2'},&,1.0,&
{'D6'},{'D7'},{'D3'},{'D4'},{'D1'},{'D5'},{'R1'},{'D2'},{'R3'},{'R2'},&,32.0,&
{'D6'},{'D7'},{'D3'},{'D4'},{'D1'},{'D5'},{'R1'},{'D2'},{'R2'},{'R3'},&,70.0,&
{'D6'},{'D7'},{'D3'},{'D4'},{'D1'},{'D5'},{'R1'},{'R3'},{'D2'},{'R2'},&,8.0,&
{'D6'},{'D7'},{'D3'},{'D4'},{'D1'},{'D5'},{'R1'},{'R3'},{'R2'},{'D2'},&,2.0,&
{'D6'},{'D7'},{'D3'},{'D4'},{'D1'},{'D5'},{'R1'},{'R2'},{'R3'},{'D2'},&,2.0,&
{'D6'},{'D7'},{'D3'},{'D4'},{'D1'},{'D5'},{'R1'},{'R2'},{'D2'},{'R3'},&,15.0,&
{'D6'},{'D7'},{'D3'},{'D4'},{'D1'},{'R2'},{'D2'},{'R3'},{'D5'},{'R1'},&,1.0,&
{'D6'},{'D7'},{'D3'},{'D4'},{'D1'},{'R2'},{'D2'},{'R1'},{'R3'},{'D5'},&,1.0,&
{'D6'},{'D7'},{'D3'},{'D4'},{'D1'},{'R2'},{'D2'},{'D5'},{'R3'},{'R1'},&,3.0,&
{'D6'},{'D7'},{'D3'},{'D4'},{'D1'},{'R2'},{'D2'},{'D5'},{'R1'},{'R3'},&,1.0,&
{'D6'},{'D7'},{'D3'},{'D4'},{'D1'},{'R2'},{'R3'},{'R1'},{'D5'},{'D2'},&,1.0,&
{'D6'},{'D7'},{'D3'},{'D4'},{'D1'},{'R2'},{'R3'},{'D5'},{'D2'},{'R1'},&,2.0,&
{'D6'},{'D7'},{'D3'},{'D4'},{'D1'},{'R2'},{'D5'},{'D2'},{'R3'},{'R1'},&,24.0,&
{'D6'},{'D7'},{'D3'},{'D4'},{'D1'},{'R2'},{'D5'},{'D2'},{'R1'},{'R3'},&,22.0,&
{'D6'},{'D7'},{'D3'},{'D4'},{'D1'},{'R2'},{'D5'},{'R3'},{'R1'},{'D2'},&,2.0,&
{'D6'},{'D7'},{'D3'},{'D4'},{'D1'},{'R2'},{'D5'},{'R3'},{'D2'},{'R1'},&,6.0,&
{'D6'},{'D7'},{'D3'},{'D4'},{'D1'},{'R2'},{'D5'},{'R1'},{'R3'},{'D2'},&,1.0,&
{'D6'},{'D7'},{'D3'},{'D4'},{'D1'},{'R2'},{'D5'},{'R1'},{'D2'},{'R3'},&,5.0,&
{'D6'},{'D7'},{'D3'},{'D4'},{'D1'},{'R2'},{'R1'},{'D5'},{'D2'},{'R3'},&,1.0,&
{'D6'},{'D7'},{'D3'},{'D4'},{'D1'},{'D2'},{'R2'},{'R3'},{'R1'},{'D5'},&,1.0,&
{'D6'},{'D7'},{'D3'},{'D4'},{'D1'},{'D2'},{'R2'},{'R3'},{'D5'},{'R1'},&,4.0,&
{'D6'},{'D7'},{'D3'},{'D4'},{'D1'},{'D2'},{'R2'},{'R1'},{'D5'},{'R3'},&,1.0,&
{'D6'},{'D7'},{'D3'},{'D4'},{'D1'},{'D2'},{'R2'},{'D5'},{'R3'},{'R1'},&,7.0,&
{'D6'},{'D7'},{'D3'},{'D4'},{'D1'},{'D2'},{'R2'},{'D5'},{'R1'},{'R3'},&,9.0,&
{'D6'},{'D7'},{'D3'},{'D4'},{'D1'},{'D2'},{'R3'},{'R2'},{'D5'},{'R1'},&,1.0,&
{'D6'},{'D7'},{'D3'},{'D4'},{'D1'},{'D2'},{'R3'},{'D5'},{'R1'},{'R2'},&,5.0,&
{'D6'},{'D7'},{'D3'},{'D4'},{'D1'},{'D2'},{'R3'},{'D5'},{'R2'},{'R1'},&,11.0,&
{'D6'},{'D7'},{'D3'},{'D4'},{'D1'},{'D2'},{'D5'},{'R3'},{'R1'},{'R2'},&,14.0,&
{'D6'},{'D7'},{'D3'},{'D4'},{'D1'},{'D2'},{'D5'},{'R3'},{'R2'},{'R1'},&,23.0,&
{'D6'},{'D7'},{'D3'},{'D4'},{'D1'},{'D2'},{'D5'},{'R2'},{'R3'},{'R1'},&,38.0,&
{'D6'},{'D7'},{'D3'},{'D4'},{'D1'},{'D2'},{'D5'},{'R2'},{'R1'},{'R3'},&,28.0,&
{'D6'},{'D7'},{'D3'},{'D4'},{'D1'},{'D2'},{'D5'},{'R1'},{'R3'},{'R2'},&,16.0,&
{'D6'},{'D7'},{'D3'},{'D4'},{'D1'},{'D2'},{'D5'},{'R1'},{'R2'},{'R3'},&,27.0,&
{'D6'},{'D7'},{'D3'},{'D4'},{'D1'},{'D2'},{'R1'},{'R3'},{'D5'},{'R2'},&,1.0,&
{'D6'},{'D7'},{'D3'},{'D4'},{'D1'},{'D2'},{'R1'},{'D5'},{'R3'},{'R2'},&,5.0,&
{'D6'},{'D7'},{'D3'},{'D4'},{'D1'},{'D2'},{'R1'},{'D5'},{'R2'},{'R3'},&,7.0,&
{'D6'},{'D7'},{'D3'},{'D4'},{'D1'},{'R1'},{'D2'},{'D5'},{'R3'},{'R2'},&,1.0,&
{'D6'},{'D7'},{'D3'},{'D4'},{'D1'},{'R1'},{'D2'},{'D5'},{'R2'},{'R3'},&,1.0,&
{'D6'},{'D7'},{'D3'},{'D4'},{'D1'},{'R1'},{'R3'},{'D2'},{'D5'},{'R2'},&,2.0,&
{'D6'},{'D7'},{'D3'},{'D4'},{'D1'},{'R1'},{'R3'},{'D5'},{'D2'},{'R2'},&,1.0,&
{'D6'},{'D7'},{'D3'},{'D4'},{'D1'},{'R1'},{'D5'},{'D2'},{'R3'},{'R2'},&,10.0,&
{'D6'},{'D7'},{'D3'},{'D4'},{'D1'},{'R1'},{'D5'},{'D2'},{'R2'},{'R3'},&,14.0,&
{'D6'},{'D7'},{'D3'},{'D4'},{'D1'},{'R1'},{'D5'},{'R3'},{'D2'},{'R2'},&,2.0,&
{'D6'},{'D7'},{'D3'},{'D4'},{'D1'},{'R1'},{'D5'},{'R3'},{'R2'},{'D2'},&,1.0,&
{'D6'},{'D7'},{'D3'},{'D4'},{'D1'},{'R1'},{'D5'},{'R2'},{'R3'},{'D2'},&,1.0,&
{'D6'},{'D7'},{'D3'},{'D4'},{'D1'},{'R1'},{'D5'},{'R2'},{'D2'},{'R3'},&,1.0,&
{'D6'},{'D7'},{'D3'},{'D4'},{'D1'},{'R3'},{'R2'},{'D5'},{'D2'},{'R1'},&,1.0,&
{'D6'},{'D7'},{'D3'},{'D4'},{'D1'},{'R3'},{'D2'},{'R2'},{'D5'},{'R1'},&,1.0,&
{'D6'},{'D7'},{'D3'},{'D4'},{'D1'},{'R3'},{'D2'},{'R1'},{'R2'},{'D5'},&,1.0,&
{'D6'},{'D7'},{'D3'},{'D4'},{'D1'},{'R3'},{'D2'},{'D5'},{'R2'},{'R1'},&,1.0,&
{'D6'},{'D7'},{'D3'},{'D4'},{'D1'},{'R3'},{'D5'},{'D2'},{'R1'},{'R2'},&,8.0,&
{'D6'},{'D7'},{'D3'},{'D4'},{'D1'},{'R3'},{'D5'},{'D2'},{'R2'},{'R1'},&,16.0,&
{'D6'},{'D7'},{'D3'},{'D4'},{'D1'},{'R3'},{'D5'},{'R2'},{'D2'},{'R1'},&,3.0,&
{'D6'},{'D7'},{'D3'},{'D4'},{'D1'},{'R3'},{'D5'},{'R1'},{'D2'},{'R2'},&,2.0,&
{'D6'},{'D7'},{'D3'},{'D4'},{'D1'},{'R3'},{'D5'},{'R1'},{'R2'},{'D2'},&,1.0,&
{'D6'},{'D7'},{'D3'},{'D4'},{'D5'},{'D1'},{'R2'},{'D2'},{'R3'},{'R1'},&,51.0,&
{'D6'},{'D7'},{'D3'},{'D4'},{'D5'},{'D1'},{'R2'},{'D2'},{'R1'},{'R3'},&,44.0,&
{'D6'},{'D7'},{'D3'},{'D4'},{'D5'},{'D1'},{'R2'},{'R3'},{'R1'},{'D2'},&,5.0,&
{'D6'},{'D7'},{'D3'},{'D4'},{'D5'},{'D1'},{'R2'},{'R3'},{'D2'},{'R1'},&,14.0,&
{'D6'},{'D7'},{'D3'},{'D4'},{'D5'},{'D1'},{'R2'},{'R1'},{'R3'},{'D2'},&,1.0,&
{'D6'},{'D7'},{'D3'},{'D4'},{'D5'},{'D1'},{'R2'},{'R1'},{'D2'},{'R3'},&,6.0,&
{'D6'},{'D7'},{'D3'},{'D4'},{'D5'},{'D1'},{'D2'},{'R3'},{'R1'},{'R2'},&,106.0,&
{'D6'},{'D7'},{'D3'},{'D4'},{'D5'},{'D1'},{'D2'},{'R3'},{'R2'},{'R1'},&,192.0,&
{'D6'},{'D7'},{'D3'},{'D4'},{'D5'},{'D1'},{'D2'},{'R2'},{'R3'},{'R1'},&,221.0,&
{'D6'},{'D7'},{'D3'},{'D4'},{'D5'},{'D1'},{'D2'},{'R2'},{'R1'},{'R3'},&,200.0,&
{'D6'},{'D7'},{'D3'},{'D4'},{'D5'},{'D1'},{'D2'},{'R1'},{'R3'},{'R2'},&,105.0,&
{'D6'},{'D7'},{'D3'},{'D4'},{'D5'},{'D1'},{'D2'},{'R1'},{'R2'},{'R3'},&,149.0,&
{'D6'},{'D7'},{'D3'},{'D4'},{'D5'},{'D1'},{'R3'},{'D2'},{'R1'},{'R2'},&,26.0,&
{'D6'},{'D7'},{'D3'},{'D4'},{'D5'},{'D1'},{'R3'},{'D2'},{'R2'},{'R1'},&,47.0,&
{'D6'},{'D7'},{'D3'},{'D4'},{'D5'},{'D1'},{'R3'},{'R2'},{'R1'},{'D2'},&,3.0,&
{'D6'},{'D7'},{'D3'},{'D4'},{'D5'},{'D1'},{'R3'},{'R2'},{'D2'},{'R1'},&,14.0,&
{'D6'},{'D7'},{'D3'},{'D4'},{'D5'},{'D1'},{'R3'},{'R1'},{'D2'},{'R2'},&,6.0,&
{'D6'},{'D7'},{'D3'},{'D4'},{'D5'},{'D1'},{'R3'},{'R1'},{'R2'},{'D2'},&,2.0,&
{'D6'},{'D7'},{'D3'},{'D4'},{'D5'},{'D1'},{'R1'},{'D2'},{'R3'},{'R2'},&,22.0,&
{'D6'},{'D7'},{'D3'},{'D4'},{'D5'},{'D1'},{'R1'},{'D2'},{'R2'},{'R3'},&,38.0,&
{'D6'},{'D7'},{'D3'},{'D4'},{'D5'},{'D1'},{'R1'},{'R3'},{'D2'},{'R2'},&,3.0,&
{'D6'},{'D7'},{'D3'},{'D4'},{'D5'},{'D1'},{'R1'},{'R3'},{'R2'},{'D2'},&,1.0,&
{'D6'},{'D7'},{'D3'},{'D4'},{'D5'},{'D1'},{'R1'},{'R2'},{'R3'},{'D2'},&,6.0,&
{'D6'},{'D7'},{'D3'},{'D4'},{'D5'},{'D1'},{'R1'},{'R2'},{'D2'},{'R3'},&,6.0,&
{'D6'},{'D7'},{'D3'},{'D4'},{'D5'},{'R2'},{'D2'},{'D1'},{'R3'},{'R1'},&,3.0,&
{'D6'},{'D7'},{'D3'},{'D4'},{'D5'},{'R2'},{'D2'},{'D1'},{'R1'},{'R3'},&,1.0,&
{'D6'},{'D7'},{'D3'},{'D4'},{'D5'},{'R2'},{'R3'},{'D1'},{'D2'},{'R1'},&,3.0,&
{'D6'},{'D7'},{'D3'},{'D4'},{'D5'},{'R2'},{'D1'},{'D2'},{'R3'},{'R1'},&,6.0,&
{'D6'},{'D7'},{'D3'},{'D4'},{'D5'},{'R2'},{'D1'},{'D2'},{'R1'},{'R3'},&,12.0,&
{'D6'},{'D7'},{'D3'},{'D4'},{'D5'},{'R2'},{'D1'},{'R3'},{'R1'},{'D2'},&,1.0,&
{'D6'},{'D7'},{'D3'},{'D4'},{'D5'},{'R2'},{'D1'},{'R1'},{'R3'},{'D2'},&,1.0,&
{'D6'},{'D7'},{'D3'},{'D4'},{'D5'},{'R2'},{'D1'},{'R1'},{'D2'},{'R3'},&,4.0,&
{'D6'},{'D7'},{'D3'},{'D4'},{'D5'},{'D2'},{'R2'},{'R3'},{'D1'},{'R1'},&,1.0,&
{'D6'},{'D7'},{'D3'},{'D4'},{'D5'},{'D2'},{'R2'},{'R1'},{'D1'},{'R3'},&,1.0,&
{'D6'},{'D7'},{'D3'},{'D4'},{'D5'},{'D2'},{'R2'},{'D1'},{'R3'},{'R1'},&,1.0,&
{'D6'},{'D7'},{'D3'},{'D4'},{'D5'},{'D2'},{'R2'},{'D1'},{'R1'},{'R3'},&,2.0,&
{'D6'},{'D7'},{'D3'},{'D4'},{'D5'},{'D2'},{'R3'},{'R2'},{'R1'},{'D1'},&,1.0,&
{'D6'},{'D7'},{'D3'},{'D4'},{'D5'},{'D2'},{'R3'},{'R2'},{'D1'},{'R1'},&,3.0,&
{'D6'},{'D7'},{'D3'},{'D4'},{'D5'},{'D2'},{'R3'},{'R1'},{'D1'},{'R2'},&,1.0,&
{'D6'},{'D7'},{'D3'},{'D4'},{'D5'},{'D2'},{'R3'},{'D1'},{'R1'},{'R2'},&,5.0,&
{'D6'},{'D7'},{'D3'},{'D4'},{'D5'},{'D2'},{'R3'},{'D1'},{'R2'},{'R1'},&,1.0,&
{'D6'},{'D7'},{'D3'},{'D4'},{'D5'},{'D2'},{'R1'},{'R2'},{'R3'},{'D1'},&,1.0,&
{'D6'},{'D7'},{'D3'},{'D4'},{'D5'},{'D2'},{'R1'},{'D1'},{'R3'},{'R2'},&,1.0,&
{'D6'},{'D7'},{'D3'},{'D4'},{'D5'},{'D2'},{'R1'},{'D1'},{'R2'},{'R3'},&,3.0,&
{'D6'},{'D7'},{'D3'},{'D4'},{'D5'},{'D2'},{'D1'},{'R3'},{'R1'},{'R2'},&,3.0,&
{'D6'},{'D7'},{'D3'},{'D4'},{'D5'},{'D2'},{'D1'},{'R3'},{'R2'},{'R1'},&,7.0,&
{'D6'},{'D7'},{'D3'},{'D4'},{'D5'},{'D2'},{'D1'},{'R2'},{'R3'},{'R1'},&,13.0,&
{'D6'},{'D7'},{'D3'},{'D4'},{'D5'},{'D2'},{'D1'},{'R2'},{'R1'},{'R3'},&,7.0,&
{'D6'},{'D7'},{'D3'},{'D4'},{'D5'},{'D2'},{'D1'},{'R1'},{'R3'},{'R2'},&,4.0,&
{'D6'},{'D7'},{'D3'},{'D4'},{'D5'},{'D2'},{'D1'},{'R1'},{'R2'},{'R3'},&,12.0,&
{'D6'},{'D7'},{'D3'},{'D4'},{'D5'},{'R1'},{'R2'},{'D1'},{'D2'},{'R3'},&,1.0,&
{'D6'},{'D7'},{'D3'},{'D4'},{'D5'},{'R1'},{'R3'},{'D1'},{'D2'},{'R2'},&,1.0,&
{'D6'},{'D7'},{'D3'},{'D4'},{'D5'},{'R1'},{'D1'},{'D2'},{'R3'},{'R2'},&,3.0,&
{'D6'},{'D7'},{'D3'},{'D4'},{'D5'},{'R1'},{'D1'},{'D2'},{'R2'},{'R3'},&,15.0,&
{'D6'},{'D7'},{'D3'},{'D4'},{'D5'},{'R1'},{'D1'},{'R3'},{'D2'},{'R2'},&,2.0,&
{'D6'},{'D7'},{'D3'},{'D4'},{'D5'},{'R1'},{'D1'},{'R3'},{'R2'},{'D2'},&,1.0,&
{'D6'},{'D7'},{'D3'},{'D4'},{'D5'},{'R1'},{'D1'},{'R2'},{'D2'},{'R3'},&,1.0,&
{'D6'},{'D7'},{'D3'},{'D4'},{'D5'},{'R3'},{'R2'},{'D1'},{'D2'},{'R1'},&,1.0,&
{'D6'},{'D7'},{'D3'},{'D4'},{'D5'},{'R3'},{'D2'},{'R2'},{'D1'},{'R1'},&,1.0,&
{'D6'},{'D7'},{'D3'},{'D4'},{'D5'},{'R3'},{'D2'},{'D1'},{'R2'},{'R1'},&,1.0,&
{'D6'},{'D7'},{'D3'},{'D4'},{'D5'},{'R3'},{'D1'},{'D2'},{'R1'},{'R2'},&,8.0,&
{'D6'},{'D7'},{'D3'},{'D4'},{'D5'},{'R3'},{'D1'},{'D2'},{'R2'},{'R1'},&,10.0,&
{'D6'},{'D7'},{'D3'},{'D4'},{'D5'},{'R3'},{'D1'},{'R2'},{'R1'},{'D2'},&,1.0,&
{'D6'},{'D7'},{'D3'},{'D4'},{'D5'},{'R3'},{'D1'},{'R2'},{'D2'},{'R1'},&,6.0,&
{'D6'},{'D7'},{'D3'},{'D4'},{'D5'},{'R3'},{'D1'},{'R1'},{'D2'},{'R2'},&,1.0,&
{'D6'},{'D7'},{'D3'},{'D4'},{'D2'},{'D5'},{'R2'},{'R3'},{'D1'},{'R1'},&,2.0,&
{'D6'},{'D7'},{'D3'},{'D4'},{'D2'},{'D5'},{'R2'},{'R1'},{'D1'},{'R3'},&,1.0,&
{'D6'},{'D7'},{'D3'},{'D4'},{'D2'},{'D5'},{'R2'},{'D1'},{'R3'},{'R1'},&,3.0,&
{'D6'},{'D7'},{'D3'},{'D4'},{'D2'},{'D5'},{'R2'},{'D1'},{'R1'},{'R3'},&,1.0,&
{'D6'},{'D7'},{'D3'},{'D4'},{'D2'},{'D5'},{'R3'},{'R2'},{'D1'},{'R1'},&,1.0,&
{'D6'},{'D7'},{'D3'},{'D4'},{'D2'},{'D5'},{'R3'},{'R1'},{'R2'},{'D1'},&,1.0,&
{'D6'},{'D7'},{'D3'},{'D4'},{'D2'},{'D5'},{'R3'},{'D1'},{'R2'},{'R1'},&,1.0,&
{'D6'},{'D7'},{'D3'},{'D4'},{'D2'},{'D5'},{'R1'},{'D1'},{'R3'},{'R2'},&,1.0,&
{'D6'},{'D7'},{'D3'},{'D4'},{'D2'},{'D5'},{'D1'},{'R3'},{'R1'},{'R2'},&,6.0,&
{'D6'},{'D7'},{'D3'},{'D4'},{'D2'},{'D5'},{'D1'},{'R3'},{'R2'},{'R1'},&,4.0,&
{'D6'},{'D7'},{'D3'},{'D4'},{'D2'},{'D5'},{'D1'},{'R2'},{'R3'},{'R1'},&,9.0,&
{'D6'},{'D7'},{'D3'},{'D4'},{'D2'},{'D5'},{'D1'},{'R2'},{'R1'},{'R3'},&,12.0,&
{'D6'},{'D7'},{'D3'},{'D4'},{'D2'},{'D5'},{'D1'},{'R1'},{'R3'},{'R2'},&,2.0,&
{'D6'},{'D7'},{'D3'},{'D4'},{'D2'},{'D5'},{'D1'},{'R1'},{'R2'},{'R3'},&,10.0,&
{'D6'},{'D7'},{'D3'},{'D4'},{'D2'},{'D1'},{'R2'},{'R3'},{'D5'},{'R1'},&,1.0,&
{'D6'},{'D7'},{'D3'},{'D4'},{'D2'},{'D1'},{'R2'},{'R1'},{'R3'},{'D5'},&,1.0,&
{'D6'},{'D7'},{'D3'},{'D4'},{'D2'},{'D1'},{'R2'},{'R1'},{'D5'},{'R3'},&,1.0,&
{'D6'},{'D7'},{'D3'},{'D4'},{'D2'},{'D1'},{'R2'},{'D5'},{'R3'},{'R1'},&,6.0,&
{'D6'},{'D7'},{'D3'},{'D4'},{'D2'},{'D1'},{'R2'},{'D5'},{'R1'},{'R3'},&,4.0,&
{'D6'},{'D7'},{'D3'},{'D4'},{'D2'},{'D1'},{'R3'},{'D5'},{'R1'},{'R2'},&,1.0,&
{'D6'},{'D7'},{'D3'},{'D4'},{'D2'},{'D1'},{'R3'},{'D5'},{'R2'},{'R1'},&,5.0,&
{'D6'},{'D7'},{'D3'},{'D4'},{'D2'},{'D1'},{'D5'},{'R3'},{'R1'},{'R2'},&,2.0,&
{'D6'},{'D7'},{'D3'},{'D4'},{'D2'},{'D1'},{'D5'},{'R3'},{'R2'},{'R1'},&,7.0,&
{'D6'},{'D7'},{'D3'},{'D4'},{'D2'},{'D1'},{'D5'},{'R2'},{'R3'},{'R1'},&,22.0,&
{'D6'},{'D7'},{'D3'},{'D4'},{'D2'},{'D1'},{'D5'},{'R2'},{'R1'},{'R3'},&,15.0,&
{'D6'},{'D7'},{'D3'},{'D4'},{'D2'},{'D1'},{'D5'},{'R1'},{'R3'},{'R2'},&,11.0,&
{'D6'},{'D7'},{'D3'},{'D4'},{'D2'},{'D1'},{'D5'},{'R1'},{'R2'},{'R3'},&,5.0,&
{'D6'},{'D7'},{'D3'},{'D4'},{'D2'},{'D1'},{'R1'},{'D5'},{'R3'},{'R2'},&,1.0,&
{'D6'},{'D7'},{'D3'},{'D4'},{'D2'},{'D1'},{'R1'},{'D5'},{'R2'},{'R3'},&,1.0,&
{'D6'},{'D7'},{'D3'},{'D4'},{'D2'},{'R2'},{'D5'},{'D1'},{'R1'},{'R3'},&,2.0,&
{'D6'},{'D7'},{'D3'},{'D4'},{'D2'},{'R2'},{'D1'},{'D5'},{'R3'},{'R1'},&,1.0,&
{'D6'},{'D7'},{'D3'},{'D4'},{'D2'},{'R2'},{'D1'},{'D5'},{'R1'},{'R3'},&,1.0,&
{'D6'},{'D7'},{'D3'},{'D4'},{'D2'},{'R1'},{'D5'},{'D1'},{'R2'},{'R3'},&,1.0,&
{'D6'},{'D7'},{'D3'},{'D4'},{'D2'},{'R1'},{'D1'},{'R3'},{'D5'},{'R2'},&,1.0,&
{'D6'},{'D7'},{'D3'},{'D4'},{'D2'},{'R1'},{'D1'},{'D5'},{'R2'},{'R3'},&,1.0,&
{'D6'},{'D7'},{'D3'},{'D4'},{'D2'},{'R3'},{'D5'},{'R2'},{'D1'},{'R1'},&,1.0,&
{'D6'},{'D7'},{'D3'},{'D4'},{'D2'},{'R3'},{'D5'},{'D1'},{'R1'},{'R2'},&,1.0,&
{'D6'},{'D7'},{'D3'},{'D4'},{'D2'},{'R3'},{'D5'},{'D1'},{'R2'},{'R1'},&,1.0,&
{'D6'},{'D7'},{'D3'},{'D4'},{'D2'},{'R3'},{'D1'},{'D5'},{'R1'},{'R2'},&,1.0,&
{'D6'},{'D7'},{'D3'},{'D4'},{'R1'},{'D5'},{'D1'},{'D2'},{'R3'},{'R2'},&,4.0,&
{'D6'},{'D7'},{'D3'},{'D4'},{'R1'},{'D5'},{'D1'},{'D2'},{'R2'},{'R3'},&,1.0,&
{'D6'},{'D7'},{'D3'},{'D4'},{'R1'},{'D1'},{'D5'},{'D2'},{'R3'},{'R2'},&,3.0,&
{'D6'},{'D7'},{'D3'},{'D4'},{'R1'},{'D1'},{'D5'},{'D2'},{'R2'},{'R3'},&,8.0,&
{'D6'},{'D7'},{'D3'},{'D4'},{'R1'},{'D1'},{'D5'},{'R3'},{'D2'},{'R2'},&,1.0,&
{'D6'},{'D7'},{'D3'},{'D4'},{'R2'},{'D5'},{'D1'},{'D2'},{'R3'},{'R1'},&,1.0,&
{'D6'},{'D7'},{'D3'},{'D4'},{'R2'},{'D5'},{'D1'},{'D2'},{'R1'},{'R3'},&,1.0,&
{'D6'},{'D7'},{'D3'},{'D4'},{'R2'},{'D5'},{'D1'},{'R3'},{'D2'},{'R1'},&,1.0,&
{'D6'},{'D7'},{'D3'},{'D4'},{'R2'},{'D5'},{'D1'},{'R1'},{'D2'},{'R3'},&,3.0,&
{'D6'},{'D7'},{'D3'},{'D4'},{'R2'},{'D1'},{'D2'},{'D5'},{'R1'},{'R3'},&,2.0,&
{'D6'},{'D7'},{'D3'},{'D4'},{'R2'},{'D1'},{'R3'},{'D5'},{'D2'},{'R1'},&,1.0,&
{'D6'},{'D7'},{'D3'},{'D4'},{'R2'},{'D1'},{'D5'},{'D2'},{'R3'},{'R1'},&,4.0,&
{'D6'},{'D7'},{'D3'},{'D4'},{'R2'},{'D1'},{'D5'},{'D2'},{'R1'},{'R3'},&,5.0,&
{'D6'},{'D7'},{'D3'},{'D4'},{'R2'},{'D1'},{'D5'},{'R3'},{'R1'},{'D2'},&,1.0,&
{'D6'},{'D7'},{'D3'},{'D4'},{'R2'},{'D1'},{'D5'},{'R3'},{'D2'},{'R1'},&,1.0,&
{'D6'},{'D7'},{'D3'},{'D4'},{'R2'},{'D1'},{'D5'},{'R1'},{'D2'},{'R3'},&,2.0,&
{'D6'},{'D7'},{'D3'},{'D4'},{'R2'},{'D1'},{'R1'},{'D5'},{'D2'},{'R3'},&,1.0,&
{'D6'},{'D7'},{'D3'},{'D4'},{'R3'},{'D5'},{'D1'},{'D2'},{'R1'},{'R2'},&,1.0,&
{'D6'},{'D7'},{'D3'},{'D4'},{'R3'},{'D5'},{'D1'},{'D2'},{'R2'},{'R1'},&,3.0,&
{'D6'},{'D7'},{'D3'},{'D4'},{'R3'},{'D5'},{'D1'},{'R2'},{'R1'},{'D2'},&,1.0,&
{'D6'},{'D7'},{'D3'},{'D4'},{'R3'},{'D1'},{'D2'},{'D5'},{'R1'},{'R2'},&,1.0,&
{'D6'},{'D7'},{'D3'},{'D4'},{'R3'},{'D1'},{'D5'},{'D2'},{'R1'},{'R2'},&,3.0,&
{'D6'},{'D7'},{'D3'},{'D4'},{'R3'},{'D1'},{'D5'},{'D2'},{'R2'},{'R1'},&,5.0,&
{'D6'},{'D7'},{'D3'},{'D2'},{'D1'},{'D5'},{'R2'},{'D4'},{'R3'},{'R1'},&,3.0,&
{'D6'},{'D7'},{'D3'},{'D2'},{'D1'},{'D5'},{'R3'},{'D4'},{'R1'},{'R2'},&,1.0,&
{'D6'},{'D7'},{'D3'},{'D2'},{'D1'},{'D5'},{'R1'},{'D4'},{'R3'},{'R2'},&,1.0,&
{'D6'},{'D7'},{'D3'},{'D2'},{'D1'},{'D5'},{'D4'},{'R3'},{'R1'},{'R2'},&,2.0,&
{'D6'},{'D7'},{'D3'},{'D2'},{'D1'},{'D5'},{'D4'},{'R3'},{'R2'},{'R1'},&,1.0,&
{'D6'},{'D7'},{'D3'},{'D2'},{'D1'},{'D5'},{'D4'},{'R2'},{'R3'},{'R1'},&,4.0,&
{'D6'},{'D7'},{'D3'},{'D2'},{'D1'},{'D5'},{'D4'},{'R2'},{'R1'},{'R3'},&,1.0,&
{'D6'},{'D7'},{'D3'},{'D2'},{'D1'},{'D5'},{'D4'},{'R1'},{'R3'},{'R2'},&,1.0,&
{'D6'},{'D7'},{'D3'},{'D2'},{'D1'},{'D5'},{'D4'},{'R1'},{'R2'},{'R3'},&,2.0,&
{'D6'},{'D7'},{'D3'},{'D2'},{'D1'},{'D4'},{'R2'},{'D5'},{'R3'},{'R1'},&,3.0,&
{'D6'},{'D7'},{'D3'},{'D2'},{'D1'},{'D4'},{'R2'},{'D5'},{'R1'},{'R3'},&,2.0,&
{'D6'},{'D7'},{'D3'},{'D2'},{'D1'},{'D4'},{'R3'},{'R2'},{'D5'},{'R1'},&,1.0,&
{'D6'},{'D7'},{'D3'},{'D2'},{'D1'},{'D4'},{'R3'},{'D5'},{'R2'},{'R1'},&,1.0,&
{'D6'},{'D7'},{'D3'},{'D2'},{'D1'},{'D4'},{'D5'},{'R3'},{'R1'},{'R2'},&,1.0,&
{'D6'},{'D7'},{'D3'},{'D2'},{'D1'},{'D4'},{'D5'},{'R3'},{'R2'},{'R1'},&,1.0,&
{'D6'},{'D7'},{'D3'},{'D2'},{'D1'},{'D4'},{'D5'},{'R2'},{'R3'},{'R1'},&,9.0,&
{'D6'},{'D7'},{'D3'},{'D2'},{'D1'},{'D4'},{'D5'},{'R2'},{'R1'},{'R3'},&,6.0,&
{'D6'},{'D7'},{'D3'},{'D2'},{'D1'},{'D4'},{'D5'},{'R1'},{'R3'},{'R2'},&,2.0,&
{'D6'},{'D7'},{'D3'},{'D2'},{'D1'},{'D4'},{'D5'},{'R1'},{'R2'},{'R3'},&,4.0,&
{'D6'},{'D7'},{'D3'},{'D2'},{'D1'},{'D4'},{'R1'},{'D5'},{'R3'},{'R2'},&,1.0,&
{'D6'},{'D7'},{'D3'},{'D2'},{'D1'},{'D4'},{'R1'},{'D5'},{'R2'},{'R3'},&,1.0,&
{'D6'},{'D7'},{'D3'},{'D2'},{'D1'},{'R1'},{'D5'},{'D4'},{'R3'},{'R2'},&,1.0,&
{'D6'},{'D7'},{'D3'},{'D2'},{'D1'},{'R1'},{'D4'},{'D5'},{'R2'},{'R3'},&,1.0,&
{'D6'},{'D7'},{'D3'},{'D2'},{'D1'},{'R3'},{'R2'},{'D5'},{'D4'},{'R1'},&,1.0,&
{'D6'},{'D7'},{'D3'},{'D2'},{'D5'},{'D4'},{'R2'},{'R3'},{'R1'},{'D1'},&,1.0,&
{'D6'},{'D7'},{'D3'},{'D2'},{'D5'},{'D4'},{'R2'},{'D1'},{'R3'},{'R1'},&,2.0,&
{'D6'},{'D7'},{'D3'},{'D2'},{'D5'},{'D4'},{'R2'},{'D1'},{'R1'},{'R3'},&,1.0,&
{'D6'},{'D7'},{'D3'},{'D2'},{'D5'},{'D4'},{'R3'},{'D1'},{'R1'},{'R2'},&,1.0,&
{'D6'},{'D7'},{'D3'},{'D2'},{'D5'},{'D4'},{'R3'},{'D1'},{'R2'},{'R1'},&,2.0,&
{'D6'},{'D7'},{'D3'},{'D2'},{'D5'},{'D4'},{'D1'},{'R3'},{'R1'},{'R2'},&,2.0,&
{'D6'},{'D7'},{'D3'},{'D2'},{'D5'},{'D4'},{'D1'},{'R3'},{'R2'},{'R1'},&,1.0,&
{'D6'},{'D7'},{'D3'},{'D2'},{'D5'},{'D4'},{'D1'},{'R2'},{'R3'},{'R1'},&,2.0,&
{'D6'},{'D7'},{'D3'},{'D2'},{'D5'},{'D4'},{'D1'},{'R2'},{'R1'},{'R3'},&,6.0,&
{'D6'},{'D7'},{'D3'},{'D2'},{'D5'},{'D4'},{'D1'},{'R1'},{'R3'},{'R2'},&,4.0,&
{'D6'},{'D7'},{'D3'},{'D2'},{'D5'},{'D4'},{'D1'},{'R1'},{'R2'},{'R3'},&,3.0,&
{'D6'},{'D7'},{'D3'},{'D2'},{'D5'},{'D1'},{'R2'},{'R1'},{'D4'},{'R3'},&,1.0,&
{'D6'},{'D7'},{'D3'},{'D2'},{'D5'},{'D1'},{'R2'},{'D4'},{'R3'},{'R1'},&,1.0,&
{'D6'},{'D7'},{'D3'},{'D2'},{'D5'},{'D1'},{'R3'},{'R2'},{'R1'},{'D4'},&,1.0,&
{'D6'},{'D7'},{'D3'},{'D2'},{'D5'},{'D1'},{'R3'},{'D4'},{'R2'},{'R1'},&,1.0,&
{'D6'},{'D7'},{'D3'},{'D2'},{'D5'},{'D1'},{'D4'},{'R3'},{'R1'},{'R2'},&,2.0,&
{'D6'},{'D7'},{'D3'},{'D2'},{'D5'},{'D1'},{'D4'},{'R3'},{'R2'},{'R1'},&,2.0,&
{'D6'},{'D7'},{'D3'},{'D2'},{'D5'},{'D1'},{'D4'},{'R2'},{'R3'},{'R1'},&,4.0,&
{'D6'},{'D7'},{'D3'},{'D2'},{'D5'},{'D1'},{'D4'},{'R2'},{'R1'},{'R3'},&,1.0,&
{'D6'},{'D7'},{'D3'},{'D2'},{'D5'},{'D1'},{'D4'},{'R1'},{'R3'},{'R2'},&,2.0,&
{'D6'},{'D7'},{'D3'},{'D2'},{'D5'},{'D1'},{'D4'},{'R1'},{'R2'},{'R3'},&,3.0,&
{'D6'},{'D7'},{'D3'},{'D2'},{'D5'},{'R2'},{'R1'},{'D1'},{'D4'},{'R3'},&,1.0,&
{'D6'},{'D7'},{'D3'},{'D2'},{'D5'},{'R1'},{'D4'},{'D1'},{'R3'},{'R2'},&,1.0,&
{'D6'},{'D7'},{'D3'},{'D2'},{'D4'},{'D5'},{'R2'},{'D1'},{'R3'},{'R1'},&,1.0,&
{'D6'},{'D7'},{'D3'},{'D2'},{'D4'},{'D5'},{'R2'},{'D1'},{'R1'},{'R3'},&,1.0,&
{'D6'},{'D7'},{'D3'},{'D2'},{'D4'},{'D5'},{'R3'},{'D1'},{'R1'},{'R2'},&,1.0,&
{'D6'},{'D7'},{'D3'},{'D2'},{'D4'},{'D5'},{'R3'},{'D1'},{'R2'},{'R1'},&,1.0,&
{'D6'},{'D7'},{'D3'},{'D2'},{'D4'},{'D5'},{'D1'},{'R3'},{'R1'},{'R2'},&,1.0,&
{'D6'},{'D7'},{'D3'},{'D2'},{'D4'},{'D5'},{'D1'},{'R3'},{'R2'},{'R1'},&,2.0,&
{'D6'},{'D7'},{'D3'},{'D2'},{'D4'},{'D5'},{'D1'},{'R2'},{'R3'},{'R1'},&,3.0,&
{'D6'},{'D7'},{'D3'},{'D2'},{'D4'},{'D5'},{'D1'},{'R2'},{'R1'},{'R3'},&,3.0,&
{'D6'},{'D7'},{'D3'},{'D2'},{'D4'},{'D5'},{'D1'},{'R1'},{'R3'},{'R2'},&,1.0,&
{'D6'},{'D7'},{'D3'},{'D2'},{'D4'},{'D1'},{'R2'},{'D5'},{'R3'},{'R1'},&,3.0,&
{'D6'},{'D7'},{'D3'},{'D2'},{'D4'},{'D1'},{'R2'},{'D5'},{'R1'},{'R3'},&,3.0,&
{'D6'},{'D7'},{'D3'},{'D2'},{'D4'},{'D1'},{'D5'},{'R3'},{'R1'},{'R2'},&,1.0,&
{'D6'},{'D7'},{'D3'},{'D2'},{'D4'},{'D1'},{'D5'},{'R3'},{'R2'},{'R1'},&,5.0,&
{'D6'},{'D7'},{'D3'},{'D2'},{'D4'},{'D1'},{'D5'},{'R2'},{'R3'},{'R1'},&,11.0,&
{'D6'},{'D7'},{'D3'},{'D2'},{'D4'},{'D1'},{'D5'},{'R2'},{'R1'},{'R3'},&,7.0,&
{'D6'},{'D7'},{'D3'},{'D2'},{'D4'},{'D1'},{'D5'},{'R1'},{'R2'},{'R3'},&,6.0,&
{'D6'},{'D7'},{'D3'},{'D2'},{'D4'},{'D1'},{'R1'},{'D5'},{'R3'},{'R2'},&,1.0,&
{'D6'},{'D7'},{'D3'},{'D2'},{'D4'},{'D1'},{'R1'},{'D5'},{'R2'},{'R3'},&,1.0,&
{'D6'},{'D7'},{'D3'},{'D2'},{'D4'},{'R1'},{'D5'},{'D1'},{'R2'},{'R3'},&,2.0,&
{'D6'},{'D7'},{'D3'},{'D2'},{'D4'},{'R1'},{'D1'},{'R2'},{'D5'},{'R3'},&,1.0,&
{'D6'},{'D7'},{'D3'},{'D2'},{'D4'},{'R1'},{'D1'},{'D5'},{'R2'},{'R3'},&,1.0,&
{'D6'},{'D7'},{'D3'},{'D2'},{'R2'},{'D1'},{'D4'},{'D5'},{'R3'},{'R1'},&,1.0,&
{'D6'},{'D7'},{'D3'},{'D2'},{'R3'},{'D4'},{'D1'},{'D5'},{'R1'},{'R2'},&,1.0,&
{'D6'},{'D7'},{'D3'},{'R2'},{'D1'},{'D5'},{'D4'},{'D2'},{'R1'},{'R3'},&,1.0,&
{'D6'},{'D7'},{'D3'},{'R2'},{'D1'},{'D4'},{'D5'},{'D2'},{'R3'},{'R1'},&,1.0,&
{'D6'},{'D7'},{'D3'},{'R2'},{'D1'},{'D4'},{'D5'},{'D2'},{'R1'},{'R3'},&,4.0,&
{'D6'},{'D7'},{'D3'},{'R2'},{'D5'},{'D4'},{'D1'},{'D2'},{'R1'},{'R3'},&,2.0,&
{'D6'},{'D7'},{'D3'},{'R2'},{'D4'},{'D5'},{'D1'},{'D2'},{'R3'},{'R1'},&,2.0,&
{'D6'},{'D7'},{'D3'},{'R2'},{'D4'},{'D5'},{'D1'},{'D2'},{'R1'},{'R3'},&,2.0,&
{'D6'},{'D7'},{'D3'},{'R2'},{'D4'},{'D5'},{'D1'},{'R3'},{'D2'},{'R1'},&,1.0,&
{'D6'},{'D7'},{'D3'},{'R2'},{'D4'},{'D5'},{'D1'},{'R1'},{'D2'},{'R3'},&,2.0,&
{'D6'},{'D7'},{'D3'},{'R2'},{'D4'},{'D1'},{'D2'},{'D5'},{'R3'},{'R1'},&,1.0,&
{'D6'},{'D7'},{'D3'},{'R2'},{'D4'},{'D1'},{'D2'},{'D5'},{'R1'},{'R3'},&,1.0,&
{'D6'},{'D7'},{'D3'},{'R3'},{'D1'},{'D5'},{'D4'},{'D2'},{'R1'},{'R2'},&,1.0,&
{'D6'},{'D7'},{'D3'},{'R3'},{'D1'},{'D5'},{'D4'},{'D2'},{'R2'},{'R1'},&,1.0,&
{'D6'},{'D7'},{'D3'},{'R3'},{'D1'},{'D5'},{'D4'},{'R2'},{'R1'},{'D2'},&,1.0,&
{'D6'},{'D7'},{'D3'},{'R3'},{'D5'},{'D4'},{'D1'},{'D2'},{'R1'},{'R2'},&,1.0,&
{'D6'},{'D7'},{'D3'},{'R3'},{'D4'},{'D5'},{'D1'},{'D2'},{'R1'},{'R2'},&,1.0,&
{'D6'},{'D7'},{'D3'},{'R3'},{'D4'},{'D1'},{'D2'},{'D5'},{'R2'},{'R1'},&,1.0,&
{'D6'},{'D7'},{'D3'},{'R3'},{'D4'},{'D1'},{'D5'},{'R2'},{'D2'},{'R1'},&,1.0,&
{'D6'},{'D7'},{'D3'},{'R3'},{'D4'},{'R1'},{'D1'},{'D5'},{'R2'},{'D2'},&,1.0,&
{'D6'},{'D7'},{'D3'},{'R1'},{'D1'},{'D5'},{'D4'},{'D2'},{'R3'},{'R2'},&,1.0,&
{'D6'},{'D7'},{'D3'},{'R1'},{'D1'},{'D4'},{'D5'},{'D2'},{'R3'},{'R2'},&,1.0,&
{'D6'},{'D7'},{'D3'},{'R1'},{'D5'},{'D4'},{'D1'},{'D2'},{'R3'},{'R2'},&,1.0,&
{'D6'},{'D7'},{'D3'},{'R1'},{'D5'},{'D4'},{'D1'},{'D2'},{'R2'},{'R3'},&,1.0,&
{'D6'},{'D7'},{'D3'},{'R1'},{'D5'},{'D1'},{'D4'},{'R3'},{'D2'},{'R2'},&,1.0,&
{'D6'},{'D7'},{'D3'},{'R1'},{'D4'},{'D5'},{'D1'},{'D2'},{'R2'},{'R3'},&,1.0,&
{'D6'},{'D7'},{'D3'},{'R1'},{'D4'},{'D1'},{'D5'},{'R2'},{'D2'},{'R3'},&,1.0,&
{'D6'},{'D7'},{'D5'},{'D1'},{'D3'},{'D4'},{'R2'},{'D2'},{'R3'},{'R1'},&,4.0,&
{'D6'},{'D7'},{'D5'},{'D1'},{'D3'},{'D4'},{'R2'},{'D2'},{'R1'},{'R3'},&,6.0,&
{'D6'},{'D7'},{'D5'},{'D1'},{'D3'},{'D4'},{'R2'},{'R3'},{'R1'},{'D2'},&,1.0,&
{'D6'},{'D7'},{'D5'},{'D1'},{'D3'},{'D4'},{'R2'},{'R1'},{'D2'},{'R3'},&,2.0,&
{'D6'},{'D7'},{'D5'},{'D1'},{'D3'},{'D4'},{'D2'},{'R3'},{'R1'},{'R2'},&,13.0,&
{'D6'},{'D7'},{'D5'},{'D1'},{'D3'},{'D4'},{'D2'},{'R3'},{'R2'},{'R1'},&,24.0,&
{'D6'},{'D7'},{'D5'},{'D1'},{'D3'},{'D4'},{'D2'},{'R2'},{'R3'},{'R1'},&,27.0,&
{'D6'},{'D7'},{'D5'},{'D1'},{'D3'},{'D4'},{'D2'},{'R2'},{'R1'},{'R3'},&,15.0,&
{'D6'},{'D7'},{'D5'},{'D1'},{'D3'},{'D4'},{'D2'},{'R1'},{'R3'},{'R2'},&,6.0,&
{'D6'},{'D7'},{'D5'},{'D1'},{'D3'},{'D4'},{'D2'},{'R1'},{'R2'},{'R3'},&,18.0,&
{'D6'},{'D7'},{'D5'},{'D1'},{'D3'},{'D4'},{'R3'},{'D2'},{'R1'},{'R2'},&,3.0,&
{'D6'},{'D7'},{'D5'},{'D1'},{'D3'},{'D4'},{'R3'},{'D2'},{'R2'},{'R1'},&,9.0,&
{'D6'},{'D7'},{'D5'},{'D1'},{'D3'},{'D4'},{'R3'},{'R2'},{'D2'},{'R1'},&,2.0,&
{'D6'},{'D7'},{'D5'},{'D1'},{'D3'},{'D4'},{'R1'},{'D2'},{'R3'},{'R2'},&,2.0,&
{'D6'},{'D7'},{'D5'},{'D1'},{'D3'},{'D4'},{'R1'},{'D2'},{'R2'},{'R3'},&,2.0,&
{'D6'},{'D7'},{'D5'},{'D1'},{'D3'},{'D4'},{'R1'},{'R3'},{'D2'},{'R2'},&,1.0,&
{'D6'},{'D7'},{'D5'},{'D1'},{'D3'},{'D4'},{'R1'},{'R2'},{'R3'},{'D2'},&,1.0,&
{'D6'},{'D7'},{'D5'},{'D1'},{'D3'},{'D4'},{'R1'},{'R2'},{'D2'},{'R3'},&,1.0,&
{'D6'},{'D7'},{'D5'},{'D1'},{'D3'},{'R2'},{'D4'},{'D2'},{'R1'},{'R3'},&,2.0,&
{'D6'},{'D7'},{'D5'},{'D1'},{'D3'},{'D2'},{'R2'},{'D4'},{'R3'},{'R1'},&,1.0,&
{'D6'},{'D7'},{'D5'},{'D1'},{'D3'},{'D2'},{'R3'},{'R1'},{'D4'},{'R2'},&,1.0,&
{'D6'},{'D7'},{'D5'},{'D1'},{'D3'},{'D2'},{'R3'},{'D4'},{'R1'},{'R2'},&,2.0,&
{'D6'},{'D7'},{'D5'},{'D1'},{'D3'},{'D2'},{'R1'},{'D4'},{'R2'},{'R3'},&,1.0,&
{'D6'},{'D7'},{'D5'},{'D1'},{'D3'},{'D2'},{'D4'},{'R3'},{'R1'},{'R2'},&,1.0,&
{'D6'},{'D7'},{'D5'},{'D1'},{'D3'},{'D2'},{'D4'},{'R3'},{'R2'},{'R1'},&,2.0,&
{'D6'},{'D7'},{'D5'},{'D1'},{'D3'},{'D2'},{'D4'},{'R2'},{'R3'},{'R1'},&,3.0,&
{'D6'},{'D7'},{'D5'},{'D1'},{'D3'},{'D2'},{'D4'},{'R1'},{'R2'},{'R3'},&,1.0,&
{'D6'},{'D7'},{'D5'},{'D1'},{'D3'},{'R1'},{'R2'},{'D4'},{'D2'},{'R3'},&,1.0,&
{'D6'},{'D7'},{'D5'},{'D1'},{'D3'},{'R1'},{'D4'},{'D2'},{'R3'},{'R2'},&,1.0,&
{'D6'},{'D7'},{'D5'},{'D1'},{'D3'},{'R1'},{'D4'},{'D2'},{'R2'},{'R3'},&,1.0,&
{'D6'},{'D7'},{'D5'},{'D1'},{'D3'},{'R1'},{'D4'},{'R3'},{'D2'},{'R2'},&,2.0,&
{'D6'},{'D7'},{'D5'},{'D1'},{'D3'},{'R1'},{'D4'},{'R2'},{'R3'},{'D2'},&,1.0,&
{'D6'},{'D7'},{'D5'},{'D1'},{'D3'},{'R3'},{'D2'},{'D4'},{'R2'},{'R1'},&,1.0,&
{'D6'},{'D7'},{'D5'},{'D1'},{'D3'},{'R3'},{'D4'},{'D2'},{'R1'},{'R2'},&,1.0,&
{'D6'},{'D7'},{'D5'},{'D1'},{'D3'},{'R3'},{'D4'},{'R2'},{'D2'},{'R1'},&,1.0,&
{'D6'},{'D7'},{'D5'},{'D1'},{'D4'},{'R2'},{'D3'},{'D2'},{'R3'},{'R1'},&,1.0,&
{'D6'},{'D7'},{'D5'},{'D1'},{'D4'},{'D3'},{'R2'},{'D2'},{'R3'},{'R1'},&,3.0,&
{'D6'},{'D7'},{'D5'},{'D1'},{'D4'},{'D3'},{'R2'},{'D2'},{'R1'},{'R3'},&,2.0,&
{'D6'},{'D7'},{'D5'},{'D1'},{'D4'},{'D3'},{'R2'},{'R3'},{'R1'},{'D2'},&,1.0,&
{'D6'},{'D7'},{'D5'},{'D1'},{'D4'},{'D3'},{'R2'},{'R3'},{'D2'},{'R1'},&,1.0,&
{'D6'},{'D7'},{'D5'},{'D1'},{'D4'},{'D3'},{'R2'},{'R1'},{'D2'},{'R3'},&,1.0,&
{'D6'},{'D7'},{'D5'},{'D1'},{'D4'},{'D3'},{'D2'},{'R3'},{'R1'},{'R2'},&,5.0,&
{'D6'},{'D7'},{'D5'},{'D1'},{'D4'},{'D3'},{'D2'},{'R3'},{'R2'},{'R1'},&,5.0,&
{'D6'},{'D7'},{'D5'},{'D1'},{'D4'},{'D3'},{'D2'},{'R2'},{'R3'},{'R1'},&,13.0,&
{'D6'},{'D7'},{'D5'},{'D1'},{'D4'},{'D3'},{'D2'},{'R2'},{'R1'},{'R3'},&,8.0,&
{'D6'},{'D7'},{'D5'},{'D1'},{'D4'},{'D3'},{'D2'},{'R1'},{'R3'},{'R2'},&,3.0,&
{'D6'},{'D7'},{'D5'},{'D1'},{'D4'},{'D3'},{'D2'},{'R1'},{'R2'},{'R3'},&,9.0,&
{'D6'},{'D7'},{'D5'},{'D1'},{'D4'},{'D3'},{'R3'},{'D2'},{'R1'},{'R2'},&,1.0,&
{'D6'},{'D7'},{'D5'},{'D1'},{'D4'},{'D3'},{'R3'},{'D2'},{'R2'},{'R1'},&,1.0,&
{'D6'},{'D7'},{'D5'},{'D1'},{'D4'},{'D3'},{'R3'},{'R2'},{'D2'},{'R1'},&,1.0,&
{'D6'},{'D7'},{'D5'},{'D1'},{'D4'},{'D3'},{'R3'},{'R1'},{'D2'},{'R2'},&,1.0,&
{'D6'},{'D7'},{'D5'},{'D1'},{'D4'},{'D3'},{'R1'},{'D2'},{'R3'},{'R2'},&,4.0,&
{'D6'},{'D7'},{'D5'},{'D1'},{'D4'},{'D2'},{'R2'},{'D3'},{'R3'},{'R1'},&,1.0,&
{'D6'},{'D7'},{'D5'},{'D1'},{'D4'},{'D2'},{'D3'},{'R2'},{'R1'},{'R3'},&,1.0,&
{'D6'},{'D7'},{'D5'},{'D1'},{'D4'},{'R1'},{'D3'},{'D2'},{'R3'},{'R2'},&,1.0,&
{'D6'},{'D7'},{'D5'},{'D1'},{'D2'},{'D4'},{'D3'},{'R1'},{'R2'},{'R3'},&,1.0,&
{'D6'},{'D7'},{'D5'},{'D1'},{'D2'},{'R2'},{'D3'},{'D4'},{'R1'},{'R3'},&,1.0,&
{'D6'},{'D7'},{'D5'},{'D1'},{'D2'},{'D3'},{'D4'},{'R1'},{'R2'},{'R3'},&,2.0,&
{'D6'},{'D7'},{'D5'},{'D1'},{'R2'},{'D3'},{'D4'},{'D2'},{'R3'},{'R1'},&,2.0,&
{'D6'},{'D7'},{'D5'},{'D1'},{'R3'},{'D3'},{'D4'},{'D2'},{'R1'},{'R2'},&,1.0,&
{'D6'},{'D7'},{'D5'},{'D4'},{'D3'},{'D1'},{'R2'},{'D2'},{'R3'},{'R1'},&,9.0,&
{'D6'},{'D7'},{'D5'},{'D4'},{'D3'},{'D1'},{'R2'},{'D2'},{'R1'},{'R3'},&,6.0,&
{'D6'},{'D7'},{'D5'},{'D4'},{'D3'},{'D1'},{'R2'},{'R3'},{'R1'},{'D2'},&,2.0,&
{'D6'},{'D7'},{'D5'},{'D4'},{'D3'},{'D1'},{'R2'},{'R3'},{'D2'},{'R1'},&,6.0,&
{'D6'},{'D7'},{'D5'},{'D4'},{'D3'},{'D1'},{'R2'},{'R1'},{'D2'},{'R3'},&,3.0,&
{'D6'},{'D7'},{'D5'},{'D4'},{'D3'},{'D1'},{'D2'},{'R3'},{'R1'},{'R2'},&,21.0,&
{'D6'},{'D7'},{'D5'},{'D4'},{'D3'},{'D1'},{'D2'},{'R3'},{'R2'},{'R1'},&,41.0,&
{'D6'},{'D7'},{'D5'},{'D4'},{'D3'},{'D1'},{'D2'},{'R2'},{'R3'},{'R1'},&,40.0,&
{'D6'},{'D7'},{'D5'},{'D4'},{'D3'},{'D1'},{'D2'},{'R2'},{'R1'},{'R3'},&,43.0,&
{'D6'},{'D7'},{'D5'},{'D4'},{'D3'},{'D1'},{'D2'},{'R1'},{'R3'},{'R2'},&,19.0,&
{'D6'},{'D7'},{'D5'},{'D4'},{'D3'},{'D1'},{'D2'},{'R1'},{'R2'},{'R3'},&,19.0,&
{'D6'},{'D7'},{'D5'},{'D4'},{'D3'},{'D1'},{'R3'},{'D2'},{'R1'},{'R2'},&,4.0,&
{'D6'},{'D7'},{'D5'},{'D4'},{'D3'},{'D1'},{'R3'},{'D2'},{'R2'},{'R1'},&,11.0,&
{'D6'},{'D7'},{'D5'},{'D4'},{'D3'},{'D1'},{'R3'},{'R2'},{'D2'},{'R1'},&,1.0,&
{'D6'},{'D7'},{'D5'},{'D4'},{'D3'},{'D1'},{'R3'},{'R1'},{'R2'},{'D2'},&,1.0,&
{'D6'},{'D7'},{'D5'},{'D4'},{'D3'},{'D1'},{'R1'},{'D2'},{'R3'},{'R2'},&,6.0,&
{'D6'},{'D7'},{'D5'},{'D4'},{'D3'},{'D1'},{'R1'},{'D2'},{'R2'},{'R3'},&,6.0,&
{'D6'},{'D7'},{'D5'},{'D4'},{'D3'},{'D1'},{'R1'},{'R2'},{'D2'},{'R3'},&,2.0,&
{'D6'},{'D7'},{'D5'},{'D4'},{'D3'},{'R2'},{'D1'},{'D2'},{'R3'},{'R1'},&,1.0,&
{'D6'},{'D7'},{'D5'},{'D4'},{'D3'},{'R2'},{'D1'},{'D2'},{'R1'},{'R3'},&,2.0,&
{'D6'},{'D7'},{'D5'},{'D4'},{'D3'},{'D2'},{'R2'},{'D1'},{'R1'},{'R3'},&,2.0,&
{'D6'},{'D7'},{'D5'},{'D4'},{'D3'},{'D2'},{'R3'},{'D1'},{'R2'},{'R1'},&,2.0,&
{'D6'},{'D7'},{'D5'},{'D4'},{'D3'},{'D2'},{'R1'},{'D1'},{'R3'},{'R2'},&,2.0,&
{'D6'},{'D7'},{'D5'},{'D4'},{'D3'},{'D2'},{'D1'},{'R3'},{'R1'},{'R2'},&,3.0,&
{'D6'},{'D7'},{'D5'},{'D4'},{'D3'},{'D2'},{'D1'},{'R3'},{'R2'},{'R1'},&,1.0,&
{'D6'},{'D7'},{'D5'},{'D4'},{'D3'},{'D2'},{'D1'},{'R2'},{'R3'},{'R1'},&,2.0,&
{'D6'},{'D7'},{'D5'},{'D4'},{'D3'},{'D2'},{'D1'},{'R2'},{'R1'},{'R3'},&,3.0,&
{'D6'},{'D7'},{'D5'},{'D4'},{'D3'},{'R1'},{'D1'},{'D2'},{'R3'},{'R2'},&,1.0,&
{'D6'},{'D7'},{'D5'},{'D4'},{'D3'},{'R1'},{'D1'},{'D2'},{'R2'},{'R3'},&,1.0,&
{'D6'},{'D7'},{'D5'},{'D4'},{'D3'},{'R1'},{'D1'},{'R3'},{'D2'},{'R2'},&,1.0,&
{'D6'},{'D7'},{'D5'},{'D4'},{'D3'},{'R3'},{'R1'},{'D1'},{'D2'},{'R2'},&,1.0,&
{'D6'},{'D7'},{'D5'},{'D4'},{'D3'},{'R3'},{'D1'},{'D2'},{'R2'},{'R1'},&,4.0,&
{'D6'},{'D7'},{'D5'},{'D4'},{'D3'},{'R3'},{'D1'},{'R2'},{'D2'},{'R1'},&,1.0,&
{'D6'},{'D7'},{'D5'},{'D4'},{'D1'},{'R2'},{'D3'},{'D2'},{'R3'},{'R1'},&,1.0,&
{'D6'},{'D7'},{'D5'},{'D4'},{'D1'},{'D3'},{'R2'},{'D2'},{'R3'},{'R1'},&,3.0,&
{'D6'},{'D7'},{'D5'},{'D4'},{'D1'},{'D3'},{'R2'},{'D2'},{'R1'},{'R3'},&,2.0,&
{'D6'},{'D7'},{'D5'},{'D4'},{'D1'},{'D3'},{'D2'},{'R3'},{'R1'},{'R2'},&,4.0,&
{'D6'},{'D7'},{'D5'},{'D4'},{'D1'},{'D3'},{'D2'},{'R3'},{'R2'},{'R1'},&,4.0,&
{'D6'},{'D7'},{'D5'},{'D4'},{'D1'},{'D3'},{'D2'},{'R2'},{'R3'},{'R1'},&,16.0,&
{'D6'},{'D7'},{'D5'},{'D4'},{'D1'},{'D3'},{'D2'},{'R2'},{'R1'},{'R3'},&,10.0,&
{'D6'},{'D7'},{'D5'},{'D4'},{'D1'},{'D3'},{'D2'},{'R1'},{'R3'},{'R2'},&,8.0,&
{'D6'},{'D7'},{'D5'},{'D4'},{'D1'},{'D3'},{'D2'},{'R1'},{'R2'},{'R3'},&,9.0,&
{'D6'},{'D7'},{'D5'},{'D4'},{'D1'},{'D3'},{'R3'},{'D2'},{'R1'},{'R2'},&,2.0,&
{'D6'},{'D7'},{'D5'},{'D4'},{'D1'},{'D3'},{'R3'},{'D2'},{'R2'},{'R1'},&,2.0,&
{'D6'},{'D7'},{'D5'},{'D4'},{'D1'},{'D3'},{'R3'},{'R2'},{'D2'},{'R1'},&,1.0,&
{'D6'},{'D7'},{'D5'},{'D4'},{'D1'},{'D3'},{'R1'},{'D2'},{'R3'},{'R2'},&,3.0,&
{'D6'},{'D7'},{'D5'},{'D4'},{'D1'},{'D3'},{'R1'},{'R2'},{'D2'},{'R3'},&,2.0,&
{'D6'},{'D7'},{'D5'},{'D4'},{'D1'},{'R1'},{'D3'},{'D2'},{'R2'},{'R3'},&,2.0,&
{'D6'},{'D7'},{'D5'},{'D4'},{'D1'},{'R3'},{'D3'},{'D2'},{'R2'},{'R1'},&,1.0,&
{'D6'},{'D7'},{'D5'},{'D4'},{'D1'},{'R3'},{'D3'},{'R1'},{'R2'},{'D2'},&,1.0,&
{'D6'},{'D7'},{'D5'},{'D4'},{'D2'},{'D1'},{'D3'},{'R3'},{'R2'},{'R1'},&,1.0,&
{'D6'},{'D7'},{'D5'},{'D4'},{'D2'},{'R2'},{'D3'},{'R1'},{'D1'},{'R3'},&,1.0,&
{'D6'},{'D7'},{'D5'},{'D4'},{'D2'},{'D3'},{'R2'},{'D1'},{'R1'},{'R3'},&,1.0,&
{'D6'},{'D7'},{'D5'},{'D4'},{'D2'},{'D3'},{'D1'},{'R3'},{'R1'},{'R2'},&,1.0,&
{'D6'},{'D7'},{'D5'},{'D4'},{'D2'},{'D3'},{'D1'},{'R2'},{'R3'},{'R1'},&,1.0,&
{'D6'},{'D7'},{'D5'},{'D4'},{'R2'},{'D3'},{'D1'},{'R1'},{'R3'},{'D2'},&,1.0,&
{'D6'},{'D7'},{'D5'},{'D4'},{'R3'},{'D1'},{'D3'},{'R2'},{'D2'},{'R1'},&,1.0,&
{'D6'},{'D7'},{'D5'},{'D4'},{'R3'},{'D3'},{'D1'},{'D2'},{'R1'},{'R2'},&,1.0,&
{'D6'},{'D7'},{'D5'},{'D3'},{'D1'},{'D4'},{'R2'},{'D2'},{'R3'},{'R1'},&,11.0,&
{'D6'},{'D7'},{'D5'},{'D3'},{'D1'},{'D4'},{'R2'},{'D2'},{'R1'},{'R3'},&,12.0,&
{'D6'},{'D7'},{'D5'},{'D3'},{'D1'},{'D4'},{'R2'},{'R3'},{'R1'},{'D2'},&,2.0,&
{'D6'},{'D7'},{'D5'},{'D3'},{'D1'},{'D4'},{'R2'},{'R3'},{'D2'},{'R1'},&,3.0,&
{'D6'},{'D7'},{'D5'},{'D3'},{'D1'},{'D4'},{'R2'},{'R1'},{'R3'},{'D2'},&,1.0,&
{'D6'},{'D7'},{'D5'},{'D3'},{'D1'},{'D4'},{'R2'},{'R1'},{'D2'},{'R3'},&,3.0,&
{'D6'},{'D7'},{'D5'},{'D3'},{'D1'},{'D4'},{'D2'},{'R3'},{'R1'},{'R2'},&,28.0,&
{'D6'},{'D7'},{'D5'},{'D3'},{'D1'},{'D4'},{'D2'},{'R3'},{'R2'},{'R1'},&,34.0,&
{'D6'},{'D7'},{'D5'},{'D3'},{'D1'},{'D4'},{'D2'},{'R2'},{'R3'},{'R1'},&,54.0,&
{'D6'},{'D7'},{'D5'},{'D3'},{'D1'},{'D4'},{'D2'},{'R2'},{'R1'},{'R3'},&,38.0,&
{'D6'},{'D7'},{'D5'},{'D3'},{'D1'},{'D4'},{'D2'},{'R1'},{'R3'},{'R2'},&,18.0,&
{'D6'},{'D7'},{'D5'},{'D3'},{'D1'},{'D4'},{'D2'},{'R1'},{'R2'},{'R3'},&,39.0,&
{'D6'},{'D7'},{'D5'},{'D3'},{'D1'},{'D4'},{'R3'},{'D2'},{'R1'},{'R2'},&,12.0,&
{'D6'},{'D7'},{'D5'},{'D3'},{'D1'},{'D4'},{'R3'},{'D2'},{'R2'},{'R1'},&,4.0,&
{'D6'},{'D7'},{'D5'},{'D3'},{'D1'},{'D4'},{'R3'},{'R2'},{'D2'},{'R1'},&,2.0,&
{'D6'},{'D7'},{'D5'},{'D3'},{'D1'},{'D4'},{'R3'},{'R1'},{'D2'},{'R2'},&,3.0,&
{'D6'},{'D7'},{'D5'},{'D3'},{'D1'},{'D4'},{'R3'},{'R1'},{'R2'},{'D2'},&,1.0,&
{'D6'},{'D7'},{'D5'},{'D3'},{'D1'},{'D4'},{'R1'},{'D2'},{'R3'},{'R2'},&,11.0,&
{'D6'},{'D7'},{'D5'},{'D3'},{'D1'},{'D4'},{'R1'},{'D2'},{'R2'},{'R3'},&,16.0,&
{'D6'},{'D7'},{'D5'},{'D3'},{'D1'},{'D4'},{'R1'},{'R3'},{'D2'},{'R2'},&,2.0,&
{'D6'},{'D7'},{'D5'},{'D3'},{'D1'},{'D4'},{'R1'},{'R2'},{'D2'},{'R3'},&,1.0,&
{'D6'},{'D7'},{'D5'},{'D3'},{'D1'},{'R2'},{'R3'},{'D4'},{'R1'},{'D2'},&,1.0,&
{'D6'},{'D7'},{'D5'},{'D3'},{'D1'},{'R2'},{'R3'},{'D4'},{'D2'},{'R1'},&,1.0,&
{'D6'},{'D7'},{'D5'},{'D3'},{'D1'},{'R2'},{'D4'},{'D2'},{'R3'},{'R1'},&,3.0,&
{'D6'},{'D7'},{'D5'},{'D3'},{'D1'},{'R2'},{'D4'},{'D2'},{'R1'},{'R3'},&,5.0,&
{'D6'},{'D7'},{'D5'},{'D3'},{'D1'},{'R2'},{'D4'},{'R3'},{'R1'},{'D2'},&,1.0,&
{'D6'},{'D7'},{'D5'},{'D3'},{'D1'},{'R2'},{'D4'},{'R3'},{'D2'},{'R1'},&,2.0,&
{'D6'},{'D7'},{'D5'},{'D3'},{'D1'},{'R2'},{'D4'},{'R1'},{'D2'},{'R3'},&,2.0,&
{'D6'},{'D7'},{'D5'},{'D3'},{'D1'},{'D2'},{'R2'},{'R3'},{'D4'},{'R1'},&,1.0,&
{'D6'},{'D7'},{'D5'},{'D3'},{'D1'},{'D2'},{'D4'},{'R3'},{'R2'},{'R1'},&,1.0,&
{'D6'},{'D7'},{'D5'},{'D3'},{'D1'},{'D2'},{'D4'},{'R2'},{'R3'},{'R1'},&,1.0,&
{'D6'},{'D7'},{'D5'},{'D3'},{'D1'},{'D2'},{'D4'},{'R2'},{'R1'},{'R3'},&,4.0,&
{'D6'},{'D7'},{'D5'},{'D3'},{'D1'},{'D2'},{'D4'},{'R1'},{'R3'},{'R2'},&,1.0,&
{'D6'},{'D7'},{'D5'},{'D3'},{'D1'},{'D2'},{'D4'},{'R1'},{'R2'},{'R3'},&,1.0,&
{'D6'},{'D7'},{'D5'},{'D3'},{'D1'},{'R1'},{'R3'},{'D4'},{'D2'},{'R2'},&,2.0,&
{'D6'},{'D7'},{'D5'},{'D3'},{'D1'},{'R3'},{'D4'},{'D2'},{'R1'},{'R2'},&,2.0,&
{'D6'},{'D7'},{'D5'},{'D3'},{'D1'},{'R3'},{'D4'},{'D2'},{'R2'},{'R1'},&,2.0,&
{'D6'},{'D7'},{'D5'},{'D3'},{'D1'},{'R3'},{'D4'},{'R1'},{'D2'},{'R2'},&,1.0,&
{'D6'},{'D7'},{'D5'},{'D3'},{'D4'},{'D1'},{'R2'},{'D2'},{'R3'},{'R1'},&,19.0,&
{'D6'},{'D7'},{'D5'},{'D3'},{'D4'},{'D1'},{'R2'},{'D2'},{'R1'},{'R3'},&,13.0,&
{'D6'},{'D7'},{'D5'},{'D3'},{'D4'},{'D1'},{'R2'},{'R3'},{'R1'},{'D2'},&,2.0,&
{'D6'},{'D7'},{'D5'},{'D3'},{'D4'},{'D1'},{'R2'},{'R3'},{'D2'},{'R1'},&,8.0,&
{'D6'},{'D7'},{'D5'},{'D3'},{'D4'},{'D1'},{'R2'},{'R1'},{'D2'},{'R3'},&,4.0,&
{'D6'},{'D7'},{'D5'},{'D3'},{'D4'},{'D1'},{'D2'},{'R3'},{'R1'},{'R2'},&,39.0,&
{'D6'},{'D7'},{'D5'},{'D3'},{'D4'},{'D1'},{'D2'},{'R3'},{'R2'},{'R1'},&,67.0,&
{'D6'},{'D7'},{'D5'},{'D3'},{'D4'},{'D1'},{'D2'},{'R2'},{'R3'},{'R1'},&,72.0,&
{'D6'},{'D7'},{'D5'},{'D3'},{'D4'},{'D1'},{'D2'},{'R2'},{'R1'},{'R3'},&,64.0,&
{'D6'},{'D7'},{'D5'},{'D3'},{'D4'},{'D1'},{'D2'},{'R1'},{'R3'},{'R2'},&,34.0,&
{'D6'},{'D7'},{'D5'},{'D3'},{'D4'},{'D1'},{'D2'},{'R1'},{'R2'},{'R3'},&,42.0,&
{'D6'},{'D7'},{'D5'},{'D3'},{'D4'},{'D1'},{'R3'},{'D2'},{'R1'},{'R2'},&,9.0,&
{'D6'},{'D7'},{'D5'},{'D3'},{'D4'},{'D1'},{'R3'},{'D2'},{'R2'},{'R1'},&,16.0,&
{'D6'},{'D7'},{'D5'},{'D3'},{'D4'},{'D1'},{'R3'},{'R2'},{'D2'},{'R1'},&,2.0,&
{'D6'},{'D7'},{'D5'},{'D3'},{'D4'},{'D1'},{'R3'},{'R1'},{'D2'},{'R2'},&,3.0,&
{'D6'},{'D7'},{'D5'},{'D3'},{'D4'},{'D1'},{'R1'},{'D2'},{'R3'},{'R2'},&,6.0,&
{'D6'},{'D7'},{'D5'},{'D3'},{'D4'},{'D1'},{'R1'},{'D2'},{'R2'},{'R3'},&,13.0,&
{'D6'},{'D7'},{'D5'},{'D3'},{'D4'},{'D1'},{'R1'},{'R3'},{'D2'},{'R2'},&,2.0,&
{'D6'},{'D7'},{'D5'},{'D3'},{'D4'},{'D1'},{'R1'},{'R2'},{'R3'},{'D2'},&,1.0,&
{'D6'},{'D7'},{'D5'},{'D3'},{'D4'},{'D1'},{'R1'},{'R2'},{'D2'},{'R3'},&,3.0,&
{'D6'},{'D7'},{'D5'},{'D3'},{'D4'},{'R2'},{'D2'},{'D1'},{'R1'},{'R3'},&,2.0,&
{'D6'},{'D7'},{'D5'},{'D3'},{'D4'},{'R2'},{'D1'},{'D2'},{'R3'},{'R1'},&,5.0,&
{'D6'},{'D7'},{'D5'},{'D3'},{'D4'},{'R2'},{'D1'},{'D2'},{'R1'},{'R3'},&,6.0,&
{'D6'},{'D7'},{'D5'},{'D3'},{'D4'},{'R2'},{'D1'},{'R3'},{'R1'},{'D2'},&,1.0,&
{'D6'},{'D7'},{'D5'},{'D3'},{'D4'},{'R2'},{'D1'},{'R3'},{'D2'},{'R1'},&,3.0,&
{'D6'},{'D7'},{'D5'},{'D3'},{'D4'},{'R2'},{'D1'},{'R1'},{'D2'},{'R3'},&,1.0,&
{'D6'},{'D7'},{'D5'},{'D3'},{'D4'},{'D2'},{'R2'},{'D1'},{'R3'},{'R1'},&,1.0,&
{'D6'},{'D7'},{'D5'},{'D3'},{'D4'},{'D2'},{'R3'},{'D1'},{'R1'},{'R2'},&,1.0,&
{'D6'},{'D7'},{'D5'},{'D3'},{'D4'},{'D2'},{'R1'},{'R2'},{'D1'},{'R3'},&,1.0,&
{'D6'},{'D7'},{'D5'},{'D3'},{'D4'},{'D2'},{'R1'},{'D1'},{'R2'},{'R3'},&,1.0,&
{'D6'},{'D7'},{'D5'},{'D3'},{'D4'},{'D2'},{'D1'},{'R3'},{'R1'},{'R2'},&,1.0,&
{'D6'},{'D7'},{'D5'},{'D3'},{'D4'},{'D2'},{'D1'},{'R3'},{'R2'},{'R1'},&,5.0,&
{'D6'},{'D7'},{'D5'},{'D3'},{'D4'},{'D2'},{'D1'},{'R2'},{'R3'},{'R1'},&,8.0,&
{'D6'},{'D7'},{'D5'},{'D3'},{'D4'},{'D2'},{'D1'},{'R1'},{'R3'},{'R2'},&,5.0,&
{'D6'},{'D7'},{'D5'},{'D3'},{'D4'},{'R1'},{'R2'},{'D1'},{'R3'},{'D2'},&,1.0,&
{'D6'},{'D7'},{'D5'},{'D3'},{'D4'},{'R1'},{'R2'},{'D1'},{'D2'},{'R3'},&,1.0,&
{'D6'},{'D7'},{'D5'},{'D3'},{'D4'},{'R1'},{'D1'},{'D2'},{'R3'},{'R2'},&,1.0,&
{'D6'},{'D7'},{'D5'},{'D3'},{'D4'},{'R1'},{'D1'},{'D2'},{'R2'},{'R3'},&,6.0,&
{'D6'},{'D7'},{'D5'},{'D3'},{'D4'},{'R1'},{'D1'},{'R2'},{'D2'},{'R3'},&,2.0,&
{'D6'},{'D7'},{'D5'},{'D3'},{'D4'},{'R3'},{'D1'},{'D2'},{'R1'},{'R2'},&,1.0,&
{'D6'},{'D7'},{'D5'},{'D3'},{'D4'},{'R3'},{'D1'},{'D2'},{'R2'},{'R1'},&,4.0,&
{'D6'},{'D7'},{'D5'},{'D3'},{'D4'},{'R3'},{'D1'},{'R2'},{'R1'},{'D2'},&,2.0,&
{'D6'},{'D7'},{'D5'},{'D3'},{'D2'},{'D4'},{'R3'},{'R2'},{'D1'},{'R1'},&,1.0,&
{'D6'},{'D7'},{'D5'},{'D3'},{'D2'},{'D4'},{'R3'},{'D1'},{'R1'},{'R2'},&,1.0,&
{'D6'},{'D7'},{'D5'},{'D3'},{'D2'},{'D4'},{'R3'},{'D1'},{'R2'},{'R1'},&,2.0,&
{'D6'},{'D7'},{'D5'},{'D3'},{'D2'},{'D4'},{'D1'},{'R3'},{'R2'},{'R1'},&,2.0,&
{'D6'},{'D7'},{'D5'},{'D3'},{'D2'},{'D4'},{'D1'},{'R2'},{'R1'},{'R3'},&,2.0,&
{'D6'},{'D7'},{'D5'},{'D3'},{'D2'},{'D4'},{'D1'},{'R1'},{'R2'},{'R3'},&,2.0,&
{'D6'},{'D7'},{'D5'},{'D3'},{'D2'},{'D1'},{'R2'},{'D4'},{'R3'},{'R1'},&,2.0,&
{'D6'},{'D7'},{'D5'},{'D3'},{'D2'},{'D1'},{'R3'},{'D4'},{'R1'},{'R2'},&,1.0,&
{'D6'},{'D7'},{'D5'},{'D3'},{'D2'},{'D1'},{'R3'},{'D4'},{'R2'},{'R1'},&,1.0,&
{'D6'},{'D7'},{'D5'},{'D3'},{'D2'},{'D1'},{'D4'},{'R3'},{'R1'},{'R2'},&,1.0,&
{'D6'},{'D7'},{'D5'},{'D3'},{'D2'},{'D1'},{'D4'},{'R3'},{'R2'},{'R1'},&,1.0,&
{'D6'},{'D7'},{'D5'},{'D3'},{'D2'},{'D1'},{'D4'},{'R2'},{'R3'},{'R1'},&,5.0,&
{'D6'},{'D7'},{'D5'},{'D3'},{'D2'},{'D1'},{'D4'},{'R2'},{'R1'},{'R3'},&,2.0,&
{'D6'},{'D7'},{'D5'},{'D3'},{'D2'},{'R1'},{'D1'},{'D4'},{'R3'},{'R2'},&,1.0,&
{'D6'},{'D7'},{'D5'},{'D3'},{'D2'},{'R3'},{'R1'},{'D4'},{'D1'},{'R2'},&,1.0,&
{'D6'},{'D7'},{'D5'},{'D3'},{'R1'},{'D4'},{'D1'},{'D2'},{'R2'},{'R3'},&,2.0,&
{'D6'},{'D7'},{'D5'},{'D3'},{'R1'},{'D4'},{'D1'},{'R2'},{'D2'},{'R3'},&,1.0,&
{'D6'},{'D7'},{'D5'},{'D3'},{'R1'},{'D1'},{'D4'},{'D2'},{'R3'},{'R2'},&,1.0,&
{'D6'},{'D7'},{'D5'},{'D3'},{'R2'},{'D4'},{'D1'},{'R3'},{'R1'},{'D2'},&,1.0,&
{'D6'},{'D7'},{'D5'},{'D3'},{'R3'},{'D4'},{'D1'},{'D2'},{'R2'},{'R1'},&,1.0,&
{'D6'},{'D7'},{'D5'},{'D2'},{'D3'},{'D4'},{'R3'},{'D1'},{'R2'},{'R1'},&,1.0,&
{'D6'},{'D7'},{'D5'},{'D2'},{'D3'},{'D4'},{'R1'},{'R3'},{'D1'},{'R2'},&,1.0,&
{'D6'},{'D7'},{'D5'},{'D2'},{'D3'},{'D4'},{'D1'},{'R3'},{'R1'},{'R2'},&,1.0,&
{'D6'},{'D7'},{'D5'},{'D2'},{'D3'},{'D4'},{'D1'},{'R2'},{'R3'},{'R1'},&,1.0,&
{'D6'},{'D7'},{'D5'},{'D2'},{'D3'},{'D4'},{'D1'},{'R2'},{'R1'},{'R3'},&,2.0,&
{'D6'},{'D7'},{'D5'},{'D2'},{'D3'},{'D1'},{'D4'},{'R3'},{'R2'},{'R1'},&,1.0,&
{'D6'},{'D7'},{'D5'},{'D2'},{'D3'},{'D1'},{'D4'},{'R2'},{'R1'},{'R3'},&,1.0,&
{'D6'},{'D7'},{'D5'},{'D2'},{'D3'},{'D1'},{'D4'},{'R1'},{'R2'},{'R3'},&,1.0,&
{'D6'},{'D7'},{'D5'},{'D2'},{'D3'},{'R2'},{'D4'},{'D1'},{'R3'},{'R1'},&,2.0,&
{'D6'},{'D7'},{'D5'},{'D2'},{'D3'},{'R1'},{'D1'},{'D4'},{'R3'},{'R2'},&,1.0,&
{'D6'},{'D7'},{'D5'},{'D2'},{'D1'},{'D3'},{'R3'},{'R2'},{'D4'},{'R1'},&,1.0,&
{'D6'},{'D7'},{'D5'},{'D2'},{'D4'},{'D3'},{'R2'},{'D1'},{'R3'},{'R1'},&,1.0,&
{'D6'},{'D7'},{'D5'},{'D2'},{'D4'},{'D3'},{'D1'},{'R1'},{'R2'},{'R3'},&,1.0,&
{'D6'},{'D7'},{'D5'},{'D2'},{'R2'},{'D1'},{'D4'},{'D3'},{'R3'},{'R1'},&,1.0,&
{'D6'},{'D7'},{'D5'},{'R2'},{'D3'},{'D4'},{'D1'},{'D2'},{'R3'},{'R1'},&,1.0,&
{'D6'},{'D7'},{'D5'},{'R2'},{'D3'},{'D1'},{'D4'},{'D2'},{'R3'},{'R1'},&,1.0,&
{'D6'},{'D7'},{'D5'},{'R2'},{'D3'},{'D1'},{'D4'},{'D2'},{'R1'},{'R3'},&,1.0,&
{'D6'},{'D7'},{'D5'},{'R2'},{'D4'},{'D3'},{'D1'},{'D2'},{'R3'},{'R1'},&,1.0,&
{'D6'},{'D7'},{'D5'},{'R1'},{'D3'},{'D4'},{'D1'},{'D2'},{'R2'},{'R3'},&,1.0,&
{'D6'},{'D7'},{'D5'},{'R1'},{'D3'},{'D4'},{'D1'},{'R3'},{'D2'},{'R2'},&,1.0,&
{'D6'},{'D7'},{'D5'},{'R1'},{'D3'},{'D1'},{'D4'},{'D2'},{'R3'},{'R2'},&,1.0,&
{'D6'},{'D7'},{'D5'},{'R1'},{'D3'},{'D1'},{'D4'},{'D2'},{'R2'},{'R3'},&,1.0,&
{'D6'},{'D7'},{'D1'},{'D5'},{'D3'},{'D4'},{'R2'},{'D2'},{'R3'},{'R1'},&,8.0,&
{'D6'},{'D7'},{'D1'},{'D5'},{'D3'},{'D4'},{'R2'},{'D2'},{'R1'},{'R3'},&,5.0,&
{'D6'},{'D7'},{'D1'},{'D5'},{'D3'},{'D4'},{'R2'},{'R3'},{'D2'},{'R1'},&,4.0,&
{'D6'},{'D7'},{'D1'},{'D5'},{'D3'},{'D4'},{'R2'},{'R1'},{'R3'},{'D2'},&,1.0,&
{'D6'},{'D7'},{'D1'},{'D5'},{'D3'},{'D4'},{'D2'},{'R3'},{'R1'},{'R2'},&,13.0,&
{'D6'},{'D7'},{'D1'},{'D5'},{'D3'},{'D4'},{'D2'},{'R3'},{'R2'},{'R1'},&,20.0,&
{'D6'},{'D7'},{'D1'},{'D5'},{'D3'},{'D4'},{'D2'},{'R2'},{'R3'},{'R1'},&,37.0,&
{'D6'},{'D7'},{'D1'},{'D5'},{'D3'},{'D4'},{'D2'},{'R2'},{'R1'},{'R3'},&,26.0,&
{'D6'},{'D7'},{'D1'},{'D5'},{'D3'},{'D4'},{'D2'},{'R1'},{'R3'},{'R2'},&,9.0,&
{'D6'},{'D7'},{'D1'},{'D5'},{'D3'},{'D4'},{'D2'},{'R1'},{'R2'},{'R3'},&,23.0,&
{'D6'},{'D7'},{'D1'},{'D5'},{'D3'},{'D4'},{'R3'},{'D2'},{'R1'},{'R2'},&,5.0,&
{'D6'},{'D7'},{'D1'},{'D5'},{'D3'},{'D4'},{'R3'},{'D2'},{'R2'},{'R1'},&,3.0,&
{'D6'},{'D7'},{'D1'},{'D5'},{'D3'},{'D4'},{'R3'},{'R1'},{'D2'},{'R2'},&,1.0,&
{'D6'},{'D7'},{'D1'},{'D5'},{'D3'},{'D4'},{'R1'},{'D2'},{'R3'},{'R2'},&,2.0,&
{'D6'},{'D7'},{'D1'},{'D5'},{'D3'},{'D4'},{'R1'},{'D2'},{'R2'},{'R3'},&,6.0,&
{'D6'},{'D7'},{'D1'},{'D5'},{'D3'},{'R2'},{'R3'},{'D4'},{'D2'},{'R1'},&,1.0,&
{'D6'},{'D7'},{'D1'},{'D5'},{'D3'},{'R2'},{'D4'},{'D2'},{'R3'},{'R1'},&,4.0,&
{'D6'},{'D7'},{'D1'},{'D5'},{'D3'},{'R2'},{'D4'},{'D2'},{'R1'},{'R3'},&,5.0,&
{'D6'},{'D7'},{'D1'},{'D5'},{'D3'},{'R2'},{'D4'},{'R3'},{'R1'},{'D2'},&,1.0,&
{'D6'},{'D7'},{'D1'},{'D5'},{'D3'},{'D2'},{'R1'},{'D4'},{'R2'},{'R3'},&,1.0,&
{'D6'},{'D7'},{'D1'},{'D5'},{'D3'},{'D2'},{'D4'},{'R2'},{'R3'},{'R1'},&,1.0,&
{'D6'},{'D7'},{'D1'},{'D5'},{'D3'},{'R1'},{'D2'},{'R2'},{'D4'},{'R3'},&,1.0,&
{'D6'},{'D7'},{'D1'},{'D5'},{'D3'},{'R1'},{'R3'},{'R2'},{'D4'},{'D2'},&,1.0,&
{'D6'},{'D7'},{'D1'},{'D5'},{'D3'},{'R3'},{'R1'},{'D4'},{'D2'},{'R2'},&,1.0,&
{'D6'},{'D7'},{'D1'},{'D5'},{'D3'},{'R3'},{'D4'},{'D2'},{'R1'},{'R2'},&,1.0,&
{'D6'},{'D7'},{'D1'},{'D5'},{'D3'},{'R3'},{'D4'},{'D2'},{'R2'},{'R1'},&,1.0,&
{'D6'},{'D7'},{'D1'},{'D5'},{'D4'},{'R2'},{'R3'},{'D3'},{'D2'},{'R1'},&,1.0,&
{'D6'},{'D7'},{'D1'},{'D5'},{'D4'},{'R2'},{'R1'},{'D3'},{'D2'},{'R3'},&,1.0,&
{'D6'},{'D7'},{'D1'},{'D5'},{'D4'},{'R2'},{'D3'},{'D2'},{'R3'},{'R1'},&,2.0,&
{'D6'},{'D7'},{'D1'},{'D5'},{'D4'},{'R2'},{'D3'},{'R3'},{'D2'},{'R1'},&,1.0,&
{'D6'},{'D7'},{'D1'},{'D5'},{'D4'},{'R2'},{'D3'},{'R1'},{'D2'},{'R3'},&,1.0,&
{'D6'},{'D7'},{'D1'},{'D5'},{'D4'},{'D3'},{'R2'},{'D2'},{'R3'},{'R1'},&,2.0,&
{'D6'},{'D7'},{'D1'},{'D5'},{'D4'},{'D3'},{'R2'},{'D2'},{'R1'},{'R3'},&,2.0,&
{'D6'},{'D7'},{'D1'},{'D5'},{'D4'},{'D3'},{'R2'},{'R3'},{'R1'},{'D2'},&,1.0,&
{'D6'},{'D7'},{'D1'},{'D5'},{'D4'},{'D3'},{'R2'},{'R3'},{'D2'},{'R1'},&,1.0,&
{'D6'},{'D7'},{'D1'},{'D5'},{'D4'},{'D3'},{'R2'},{'R1'},{'R3'},{'D2'},&,1.0,&
{'D6'},{'D7'},{'D1'},{'D5'},{'D4'},{'D3'},{'D2'},{'R3'},{'R1'},{'R2'},&,9.0,&
{'D6'},{'D7'},{'D1'},{'D5'},{'D4'},{'D3'},{'D2'},{'R3'},{'R2'},{'R1'},&,9.0,&
{'D6'},{'D7'},{'D1'},{'D5'},{'D4'},{'D3'},{'D2'},{'R2'},{'R3'},{'R1'},&,18.0,&
{'D6'},{'D7'},{'D1'},{'D5'},{'D4'},{'D3'},{'D2'},{'R2'},{'R1'},{'R3'},&,13.0,&
{'D6'},{'D7'},{'D1'},{'D5'},{'D4'},{'D3'},{'D2'},{'R1'},{'R3'},{'R2'},&,4.0,&
{'D6'},{'D7'},{'D1'},{'D5'},{'D4'},{'D3'},{'D2'},{'R1'},{'R2'},{'R3'},&,9.0,&
{'D6'},{'D7'},{'D1'},{'D5'},{'D4'},{'D3'},{'R3'},{'D2'},{'R1'},{'R2'},&,1.0,&
{'D6'},{'D7'},{'D1'},{'D5'},{'D4'},{'D3'},{'R3'},{'D2'},{'R2'},{'R1'},&,2.0,&
{'D6'},{'D7'},{'D1'},{'D5'},{'D4'},{'D3'},{'R1'},{'D2'},{'R3'},{'R2'},&,1.0,&
{'D6'},{'D7'},{'D1'},{'D5'},{'D4'},{'D3'},{'R1'},{'D2'},{'R2'},{'R3'},&,1.0,&
{'D6'},{'D7'},{'D1'},{'D5'},{'D4'},{'R3'},{'D3'},{'R2'},{'D2'},{'R1'},&,2.0,&
{'D6'},{'D7'},{'D1'},{'D5'},{'D4'},{'R3'},{'D3'},{'R1'},{'D2'},{'R2'},&,1.0,&
{'D6'},{'D7'},{'D1'},{'D5'},{'D2'},{'D4'},{'D3'},{'R2'},{'R3'},{'R1'},&,1.0,&
{'D6'},{'D7'},{'D1'},{'D5'},{'R2'},{'D4'},{'D3'},{'D2'},{'R3'},{'R1'},&,2.0,&
{'D6'},{'D7'},{'D1'},{'D5'},{'R2'},{'D4'},{'D3'},{'R1'},{'D2'},{'R3'},&,1.0,&
{'D6'},{'D7'},{'D1'},{'D5'},{'R3'},{'D3'},{'D4'},{'D2'},{'R2'},{'R1'},&,1.0,&
{'D6'},{'D7'},{'D1'},{'D5'},{'R3'},{'D2'},{'D3'},{'D4'},{'R2'},{'R1'},&,1.0,&
{'D6'},{'D7'},{'D1'},{'D4'},{'D3'},{'D5'},{'R2'},{'D2'},{'R3'},{'R1'},&,30.0,&
{'D6'},{'D7'},{'D1'},{'D4'},{'D3'},{'D5'},{'R2'},{'D2'},{'R1'},{'R3'},&,18.0,&
{'D6'},{'D7'},{'D1'},{'D4'},{'D3'},{'D5'},{'R2'},{'R3'},{'R1'},{'D2'},&,1.0,&
{'D6'},{'D7'},{'D1'},{'D4'},{'D3'},{'D5'},{'R2'},{'R3'},{'D2'},{'R1'},&,4.0,&
{'D6'},{'D7'},{'D1'},{'D4'},{'D3'},{'D5'},{'R2'},{'R1'},{'R3'},{'D2'},&,1.0,&
{'D6'},{'D7'},{'D1'},{'D4'},{'D3'},{'D5'},{'R2'},{'R1'},{'D2'},{'R3'},&,5.0,&
{'D6'},{'D7'},{'D1'},{'D4'},{'D3'},{'D5'},{'D2'},{'R3'},{'R1'},{'R2'},&,27.0,&
{'D6'},{'D7'},{'D1'},{'D4'},{'D3'},{'D5'},{'D2'},{'R3'},{'R2'},{'R1'},&,65.0,&
{'D6'},{'D7'},{'D1'},{'D4'},{'D3'},{'D5'},{'D2'},{'R2'},{'R3'},{'R1'},&,69.0,&
{'D6'},{'D7'},{'D1'},{'D4'},{'D3'},{'D5'},{'D2'},{'R2'},{'R1'},{'R3'},&,60.0,&
{'D6'},{'D7'},{'D1'},{'D4'},{'D3'},{'D5'},{'D2'},{'R1'},{'R3'},{'R2'},&,40.0,&
{'D6'},{'D7'},{'D1'},{'D4'},{'D3'},{'D5'},{'D2'},{'R1'},{'R2'},{'R3'},&,46.0,&
{'D6'},{'D7'},{'D1'},{'D4'},{'D3'},{'D5'},{'R3'},{'D2'},{'R1'},{'R2'},&,5.0,&
{'D6'},{'D7'},{'D1'},{'D4'},{'D3'},{'D5'},{'R3'},{'D2'},{'R2'},{'R1'},&,18.0,&
{'D6'},{'D7'},{'D1'},{'D4'},{'D3'},{'D5'},{'R3'},{'R2'},{'D2'},{'R1'},&,5.0,&
{'D6'},{'D7'},{'D1'},{'D4'},{'D3'},{'D5'},{'R3'},{'R1'},{'D2'},{'R2'},&,1.0,&
{'D6'},{'D7'},{'D1'},{'D4'},{'D3'},{'D5'},{'R1'},{'D2'},{'R3'},{'R2'},&,7.0,&
{'D6'},{'D7'},{'D1'},{'D4'},{'D3'},{'D5'},{'R1'},{'D2'},{'R2'},{'R3'},&,20.0,&
{'D6'},{'D7'},{'D1'},{'D4'},{'D3'},{'D5'},{'R1'},{'R3'},{'D2'},{'R2'},&,4.0,&
{'D6'},{'D7'},{'D1'},{'D4'},{'D3'},{'D5'},{'R1'},{'R3'},{'R2'},{'D2'},&,2.0,&
{'D6'},{'D7'},{'D1'},{'D4'},{'D3'},{'D5'},{'R1'},{'R2'},{'R3'},{'D2'},&,1.0,&
{'D6'},{'D7'},{'D1'},{'D4'},{'D3'},{'D5'},{'R1'},{'R2'},{'D2'},{'R3'},&,4.0,&
{'D6'},{'D7'},{'D1'},{'D4'},{'D3'},{'R2'},{'D5'},{'D2'},{'R3'},{'R1'},&,4.0,&
{'D6'},{'D7'},{'D1'},{'D4'},{'D3'},{'R2'},{'D5'},{'D2'},{'R1'},{'R3'},&,8.0,&
{'D6'},{'D7'},{'D1'},{'D4'},{'D3'},{'R2'},{'D5'},{'R3'},{'D2'},{'R1'},&,3.0,&
{'D6'},{'D7'},{'D1'},{'D4'},{'D3'},{'R2'},{'D5'},{'R1'},{'R3'},{'D2'},&,1.0,&
{'D6'},{'D7'},{'D1'},{'D4'},{'D3'},{'R2'},{'D5'},{'R1'},{'D2'},{'R3'},&,1.0,&
{'D6'},{'D7'},{'D1'},{'D4'},{'D3'},{'R2'},{'R1'},{'D2'},{'D5'},{'R3'},&,1.0,&
{'D6'},{'D7'},{'D1'},{'D4'},{'D3'},{'D2'},{'R2'},{'R3'},{'R1'},{'D5'},&,1.0,&
{'D6'},{'D7'},{'D1'},{'D4'},{'D3'},{'D2'},{'R2'},{'R1'},{'D5'},{'R3'},&,1.0,&
{'D6'},{'D7'},{'D1'},{'D4'},{'D3'},{'D2'},{'R2'},{'D5'},{'R3'},{'R1'},&,1.0,&
{'D6'},{'D7'},{'D1'},{'D4'},{'D3'},{'D2'},{'R3'},{'R2'},{'D5'},{'R1'},&,1.0,&
{'D6'},{'D7'},{'D1'},{'D4'},{'D3'},{'D2'},{'R3'},{'D5'},{'R1'},{'R2'},&,2.0,&
{'D6'},{'D7'},{'D1'},{'D4'},{'D3'},{'D2'},{'D5'},{'R3'},{'R1'},{'R2'},&,6.0,&
{'D6'},{'D7'},{'D1'},{'D4'},{'D3'},{'D2'},{'D5'},{'R3'},{'R2'},{'R1'},&,4.0,&
{'D6'},{'D7'},{'D1'},{'D4'},{'D3'},{'D2'},{'D5'},{'R2'},{'R3'},{'R1'},&,8.0,&
{'D6'},{'D7'},{'D1'},{'D4'},{'D3'},{'D2'},{'D5'},{'R2'},{'R1'},{'R3'},&,7.0,&
{'D6'},{'D7'},{'D1'},{'D4'},{'D3'},{'D2'},{'D5'},{'R1'},{'R3'},{'R2'},&,4.0,&
{'D6'},{'D7'},{'D1'},{'D4'},{'D3'},{'D2'},{'D5'},{'R1'},{'R2'},{'R3'},&,5.0,&
{'D6'},{'D7'},{'D1'},{'D4'},{'D3'},{'D2'},{'R1'},{'R3'},{'R2'},{'D5'},&,1.0,&
{'D6'},{'D7'},{'D1'},{'D4'},{'D3'},{'D2'},{'R1'},{'R2'},{'R3'},{'D5'},&,1.0,&
{'D6'},{'D7'},{'D1'},{'D4'},{'D3'},{'D2'},{'R1'},{'D5'},{'R2'},{'R3'},&,1.0,&
{'D6'},{'D7'},{'D1'},{'D4'},{'D3'},{'R1'},{'R3'},{'D2'},{'R2'},{'D5'},&,1.0,&
{'D6'},{'D7'},{'D1'},{'D4'},{'D3'},{'R1'},{'D5'},{'D2'},{'R3'},{'R2'},&,3.0,&
{'D6'},{'D7'},{'D1'},{'D4'},{'D3'},{'R1'},{'D5'},{'D2'},{'R2'},{'R3'},&,2.0,&
{'D6'},{'D7'},{'D1'},{'D4'},{'D3'},{'R1'},{'D5'},{'R3'},{'D2'},{'R2'},&,2.0,&
{'D6'},{'D7'},{'D1'},{'D4'},{'D3'},{'R3'},{'R2'},{'D5'},{'D2'},{'R1'},&,1.0,&
{'D6'},{'D7'},{'D1'},{'D4'},{'D3'},{'R3'},{'D5'},{'D2'},{'R1'},{'R2'},&,4.0,&
{'D6'},{'D7'},{'D1'},{'D4'},{'D3'},{'R3'},{'D5'},{'D2'},{'R2'},{'R1'},&,4.0,&
{'D6'},{'D7'},{'D1'},{'D4'},{'D3'},{'R3'},{'D5'},{'R2'},{'R1'},{'D2'},&,1.0,&
{'D6'},{'D7'},{'D1'},{'D4'},{'D3'},{'R3'},{'R1'},{'D5'},{'R2'},{'D2'},&,1.0,&
{'D6'},{'D7'},{'D1'},{'D4'},{'D5'},{'R2'},{'D3'},{'D2'},{'R3'},{'R1'},&,1.0,&
{'D6'},{'D7'},{'D1'},{'D4'},{'D5'},{'R2'},{'D3'},{'D2'},{'R1'},{'R3'},&,1.0,&
{'D6'},{'D7'},{'D1'},{'D4'},{'D5'},{'R2'},{'D3'},{'R1'},{'R3'},{'D2'},&,1.0,&
{'D6'},{'D7'},{'D1'},{'D4'},{'D5'},{'R2'},{'D3'},{'R1'},{'D2'},{'R3'},&,1.0,&
{'D6'},{'D7'},{'D1'},{'D4'},{'D5'},{'D3'},{'R2'},{'D2'},{'R3'},{'R1'},&,7.0,&
{'D6'},{'D7'},{'D1'},{'D4'},{'D5'},{'D3'},{'R2'},{'R3'},{'R1'},{'D2'},&,1.0,&
{'D6'},{'D7'},{'D1'},{'D4'},{'D5'},{'D3'},{'R2'},{'R3'},{'D2'},{'R1'},&,1.0,&
{'D6'},{'D7'},{'D1'},{'D4'},{'D5'},{'D3'},{'R2'},{'R1'},{'D2'},{'R3'},&,1.0,&
{'D6'},{'D7'},{'D1'},{'D4'},{'D5'},{'D3'},{'D2'},{'R3'},{'R1'},{'R2'},&,4.0,&
{'D6'},{'D7'},{'D1'},{'D4'},{'D5'},{'D3'},{'D2'},{'R3'},{'R2'},{'R1'},&,12.0,&
{'D6'},{'D7'},{'D1'},{'D4'},{'D5'},{'D3'},{'D2'},{'R2'},{'R3'},{'R1'},&,11.0,&
{'D6'},{'D7'},{'D1'},{'D4'},{'D5'},{'D3'},{'D2'},{'R2'},{'R1'},{'R3'},&,11.0,&
{'D6'},{'D7'},{'D1'},{'D4'},{'D5'},{'D3'},{'D2'},{'R1'},{'R3'},{'R2'},&,8.0,&
{'D6'},{'D7'},{'D1'},{'D4'},{'D5'},{'D3'},{'D2'},{'R1'},{'R2'},{'R3'},&,16.0,&
{'D6'},{'D7'},{'D1'},{'D4'},{'D5'},{'D3'},{'R3'},{'D2'},{'R1'},{'R2'},&,1.0,&
{'D6'},{'D7'},{'D1'},{'D4'},{'D5'},{'D3'},{'R3'},{'D2'},{'R2'},{'R1'},&,5.0,&
{'D6'},{'D7'},{'D1'},{'D4'},{'D5'},{'D3'},{'R3'},{'R2'},{'D2'},{'R1'},&,1.0,&
{'D6'},{'D7'},{'D1'},{'D4'},{'D5'},{'D3'},{'R3'},{'R1'},{'D2'},{'R2'},&,2.0,&
{'D6'},{'D7'},{'D1'},{'D4'},{'D5'},{'D3'},{'R1'},{'D2'},{'R3'},{'R2'},&,2.0,&
{'D6'},{'D7'},{'D1'},{'D4'},{'D5'},{'D3'},{'R1'},{'D2'},{'R2'},{'R3'},&,2.0,&
{'D6'},{'D7'},{'D1'},{'D4'},{'D5'},{'D3'},{'R1'},{'R3'},{'D2'},{'R2'},&,1.0,&
{'D6'},{'D7'},{'D1'},{'D4'},{'D5'},{'D3'},{'R1'},{'R2'},{'D2'},{'R3'},&,1.0,&
{'D6'},{'D7'},{'D1'},{'D4'},{'D5'},{'R1'},{'D3'},{'D2'},{'R3'},{'R2'},&,2.0,&
{'D6'},{'D7'},{'D1'},{'D4'},{'D5'},{'R1'},{'D3'},{'D2'},{'R2'},{'R3'},&,1.0,&
{'D6'},{'D7'},{'D1'},{'D4'},{'D5'},{'R1'},{'D3'},{'R2'},{'D2'},{'R3'},&,1.0,&
{'D6'},{'D7'},{'D1'},{'D4'},{'D5'},{'R3'},{'D3'},{'D2'},{'R2'},{'R1'},&,1.0,&
{'D6'},{'D7'},{'D1'},{'D4'},{'D2'},{'D5'},{'D3'},{'R2'},{'R1'},{'R3'},&,2.0,&
{'D6'},{'D7'},{'D1'},{'D4'},{'D2'},{'D3'},{'D5'},{'R2'},{'R3'},{'R1'},&,1.0,&
{'D6'},{'D7'},{'D1'},{'D4'},{'D2'},{'D3'},{'D5'},{'R2'},{'R1'},{'R3'},&,1.0,&
{'D6'},{'D7'},{'D1'},{'D4'},{'D2'},{'D3'},{'D5'},{'R1'},{'R3'},{'R2'},&,1.0,&
{'D6'},{'D7'},{'D1'},{'D4'},{'D2'},{'D3'},{'D5'},{'R1'},{'R2'},{'R3'},&,1.0,&
{'D6'},{'D7'},{'D1'},{'D4'},{'D2'},{'D3'},{'R1'},{'D5'},{'R2'},{'R3'},&,2.0,&
{'D6'},{'D7'},{'D1'},{'D4'},{'R1'},{'D5'},{'D3'},{'D2'},{'R2'},{'R3'},&,1.0,&
{'D6'},{'D7'},{'D1'},{'D4'},{'R1'},{'R2'},{'D5'},{'D3'},{'D2'},{'R3'},&,1.0,&
{'D6'},{'D7'},{'D1'},{'D4'},{'R1'},{'D3'},{'D5'},{'D2'},{'R3'},{'R2'},&,1.0,&
{'D6'},{'D7'},{'D1'},{'D4'},{'R1'},{'D2'},{'D3'},{'R2'},{'D5'},{'R3'},&,1.0,&
{'D6'},{'D7'},{'D1'},{'D4'},{'R2'},{'D3'},{'D5'},{'D2'},{'R3'},{'R1'},&,3.0,&
{'D6'},{'D7'},{'D1'},{'D4'},{'R2'},{'D3'},{'D5'},{'R1'},{'R3'},{'D2'},&,1.0,&
{'D6'},{'D7'},{'D1'},{'D4'},{'R3'},{'D3'},{'D5'},{'D2'},{'R1'},{'R2'},&,2.0,&
{'D6'},{'D7'},{'D1'},{'D4'},{'R3'},{'D3'},{'D5'},{'D2'},{'R2'},{'R1'},&,3.0,&
{'D6'},{'D7'},{'D1'},{'D3'},{'D5'},{'D4'},{'R2'},{'D2'},{'R3'},{'R1'},&,10.0,&
{'D6'},{'D7'},{'D1'},{'D3'},{'D5'},{'D4'},{'R2'},{'D2'},{'R1'},{'R3'},&,16.0,&
{'D6'},{'D7'},{'D1'},{'D3'},{'D5'},{'D4'},{'R2'},{'R3'},{'R1'},{'D2'},&,2.0,&
{'D6'},{'D7'},{'D1'},{'D3'},{'D5'},{'D4'},{'R2'},{'R3'},{'D2'},{'R1'},&,2.0,&
{'D6'},{'D7'},{'D1'},{'D3'},{'D5'},{'D4'},{'R2'},{'R1'},{'D2'},{'R3'},&,3.0,&
{'D6'},{'D7'},{'D1'},{'D3'},{'D5'},{'D4'},{'D2'},{'R3'},{'R1'},{'R2'},&,32.0,&
{'D6'},{'D7'},{'D1'},{'D3'},{'D5'},{'D4'},{'D2'},{'R3'},{'R2'},{'R1'},&,47.0,&
{'D6'},{'D7'},{'D1'},{'D3'},{'D5'},{'D4'},{'D2'},{'R2'},{'R3'},{'R1'},&,57.0,&
{'D6'},{'D7'},{'D1'},{'D3'},{'D5'},{'D4'},{'D2'},{'R2'},{'R1'},{'R3'},&,54.0,&
{'D6'},{'D7'},{'D1'},{'D3'},{'D5'},{'D4'},{'D2'},{'R1'},{'R3'},{'R2'},&,33.0,&
{'D6'},{'D7'},{'D1'},{'D3'},{'D5'},{'D4'},{'D2'},{'R1'},{'R2'},{'R3'},&,42.0,&
{'D6'},{'D7'},{'D1'},{'D3'},{'D5'},{'D4'},{'R3'},{'D2'},{'R1'},{'R2'},&,4.0,&
{'D6'},{'D7'},{'D1'},{'D3'},{'D5'},{'D4'},{'R3'},{'D2'},{'R2'},{'R1'},&,10.0,&
{'D6'},{'D7'},{'D1'},{'D3'},{'D5'},{'D4'},{'R3'},{'R2'},{'R1'},{'D2'},&,1.0,&
{'D6'},{'D7'},{'D1'},{'D3'},{'D5'},{'D4'},{'R3'},{'R2'},{'D2'},{'R1'},&,8.0,&
{'D6'},{'D7'},{'D1'},{'D3'},{'D5'},{'D4'},{'R3'},{'R1'},{'D2'},{'R2'},&,2.0,&
{'D6'},{'D7'},{'D1'},{'D3'},{'D5'},{'D4'},{'R1'},{'D2'},{'R3'},{'R2'},&,9.0,&
{'D6'},{'D7'},{'D1'},{'D3'},{'D5'},{'D4'},{'R1'},{'D2'},{'R2'},{'R3'},&,6.0,&
{'D6'},{'D7'},{'D1'},{'D3'},{'D5'},{'D4'},{'R1'},{'R3'},{'D2'},{'R2'},&,1.0,&
{'D6'},{'D7'},{'D1'},{'D3'},{'D5'},{'D4'},{'R1'},{'R3'},{'R2'},{'D2'},&,1.0,&
{'D6'},{'D7'},{'D1'},{'D3'},{'D5'},{'D4'},{'R1'},{'R2'},{'R3'},{'D2'},&,1.0,&
{'D6'},{'D7'},{'D1'},{'D3'},{'D5'},{'D4'},{'R1'},{'R2'},{'D2'},{'R3'},&,5.0,&
{'D6'},{'D7'},{'D1'},{'D3'},{'D5'},{'R2'},{'D2'},{'D4'},{'R3'},{'R1'},&,1.0,&
{'D6'},{'D7'},{'D1'},{'D3'},{'D5'},{'R2'},{'R1'},{'D4'},{'D2'},{'R3'},&,1.0,&
{'D6'},{'D7'},{'D1'},{'D3'},{'D5'},{'R2'},{'D4'},{'D2'},{'R3'},{'R1'},&,4.0,&
{'D6'},{'D7'},{'D1'},{'D3'},{'D5'},{'R2'},{'D4'},{'D2'},{'R1'},{'R3'},&,3.0,&
{'D6'},{'D7'},{'D1'},{'D3'},{'D5'},{'R2'},{'D4'},{'R3'},{'D2'},{'R1'},&,1.0,&
{'D6'},{'D7'},{'D1'},{'D3'},{'D5'},{'R2'},{'D4'},{'R1'},{'D2'},{'R3'},&,2.0,&
{'D6'},{'D7'},{'D1'},{'D3'},{'D5'},{'D2'},{'R2'},{'R3'},{'R1'},{'D4'},&,1.0,&
{'D6'},{'D7'},{'D1'},{'D3'},{'D5'},{'D2'},{'R2'},{'D4'},{'R3'},{'R1'},&,1.0,&
{'D6'},{'D7'},{'D1'},{'D3'},{'D5'},{'D2'},{'R2'},{'D4'},{'R1'},{'R3'},&,1.0,&
{'D6'},{'D7'},{'D1'},{'D3'},{'D5'},{'D2'},{'D4'},{'R3'},{'R1'},{'R2'},&,1.0,&
{'D6'},{'D7'},{'D1'},{'D3'},{'D5'},{'D2'},{'D4'},{'R3'},{'R2'},{'R1'},&,3.0,&
{'D6'},{'D7'},{'D1'},{'D3'},{'D5'},{'D2'},{'D4'},{'R2'},{'R3'},{'R1'},&,3.0,&
{'D6'},{'D7'},{'D1'},{'D3'},{'D5'},{'D2'},{'D4'},{'R2'},{'R1'},{'R3'},&,2.0,&
{'D6'},{'D7'},{'D1'},{'D3'},{'D5'},{'D2'},{'D4'},{'R1'},{'R3'},{'R2'},&,1.0,&
{'D6'},{'D7'},{'D1'},{'D3'},{'D5'},{'D2'},{'D4'},{'R1'},{'R2'},{'R3'},&,1.0,&
{'D6'},{'D7'},{'D1'},{'D3'},{'D5'},{'R1'},{'D2'},{'R2'},{'D4'},{'R3'},&,1.0,&
{'D6'},{'D7'},{'D1'},{'D3'},{'D5'},{'R1'},{'D2'},{'D4'},{'R2'},{'R3'},&,1.0,&
{'D6'},{'D7'},{'D1'},{'D3'},{'D5'},{'R1'},{'D4'},{'D2'},{'R3'},{'R2'},&,2.0,&
{'D6'},{'D7'},{'D1'},{'D3'},{'D5'},{'R1'},{'D4'},{'D2'},{'R2'},{'R3'},&,4.0,&
{'D6'},{'D7'},{'D1'},{'D3'},{'D5'},{'R3'},{'D4'},{'D2'},{'R2'},{'R1'},&,1.0,&
{'D6'},{'D7'},{'D1'},{'D3'},{'D5'},{'R3'},{'D4'},{'R2'},{'R1'},{'D2'},&,1.0,&
{'D6'},{'D7'},{'D1'},{'D3'},{'D5'},{'R3'},{'D4'},{'R2'},{'D2'},{'R1'},&,3.0,&
{'D6'},{'D7'},{'D1'},{'D3'},{'D5'},{'R3'},{'D4'},{'R1'},{'D2'},{'R2'},&,1.0,&
{'D6'},{'D7'},{'D1'},{'D3'},{'D4'},{'D5'},{'R2'},{'D2'},{'R3'},{'R1'},&,39.0,&
{'D6'},{'D7'},{'D1'},{'D3'},{'D4'},{'D5'},{'R2'},{'D2'},{'R1'},{'R3'},&,29.0,&
{'D6'},{'D7'},{'D1'},{'D3'},{'D4'},{'D5'},{'R2'},{'R3'},{'R1'},{'D2'},&,4.0,&
{'D6'},{'D7'},{'D1'},{'D3'},{'D4'},{'D5'},{'R2'},{'R3'},{'D2'},{'R1'},&,10.0,&
{'D6'},{'D7'},{'D1'},{'D3'},{'D4'},{'D5'},{'R2'},{'R1'},{'R3'},{'D2'},&,4.0,&
{'D6'},{'D7'},{'D1'},{'D3'},{'D4'},{'D5'},{'R2'},{'R1'},{'D2'},{'R3'},&,7.0,&
{'D6'},{'D7'},{'D1'},{'D3'},{'D4'},{'D5'},{'D2'},{'R3'},{'R1'},{'R2'},&,78.0,&
{'D6'},{'D7'},{'D1'},{'D3'},{'D4'},{'D5'},{'D2'},{'R3'},{'R2'},{'R1'},&,118.0,&
{'D6'},{'D7'},{'D1'},{'D3'},{'D4'},{'D5'},{'D2'},{'R2'},{'R3'},{'R1'},&,171.0,&
{'D6'},{'D7'},{'D1'},{'D3'},{'D4'},{'D5'},{'D2'},{'R2'},{'R1'},{'R3'},&,119.0,&
{'D6'},{'D7'},{'D1'},{'D3'},{'D4'},{'D5'},{'D2'},{'R1'},{'R3'},{'R2'},&,57.0,&
{'D6'},{'D7'},{'D1'},{'D3'},{'D4'},{'D5'},{'D2'},{'R1'},{'R2'},{'R3'},&,100.0,&
{'D6'},{'D7'},{'D1'},{'D3'},{'D4'},{'D5'},{'R3'},{'D2'},{'R1'},{'R2'},&,12.0,&
{'D6'},{'D7'},{'D1'},{'D3'},{'D4'},{'D5'},{'R3'},{'D2'},{'R2'},{'R1'},&,35.0,&
{'D6'},{'D7'},{'D1'},{'D3'},{'D4'},{'D5'},{'R3'},{'R2'},{'R1'},{'D2'},&,2.0,&
{'D6'},{'D7'},{'D1'},{'D3'},{'D4'},{'D5'},{'R3'},{'R2'},{'D2'},{'R1'},&,6.0,&
{'D6'},{'D7'},{'D1'},{'D3'},{'D4'},{'D5'},{'R3'},{'R1'},{'D2'},{'R2'},&,3.0,&
{'D6'},{'D7'},{'D1'},{'D3'},{'D4'},{'D5'},{'R3'},{'R1'},{'R2'},{'D2'},&,4.0,&
{'D6'},{'D7'},{'D1'},{'D3'},{'D4'},{'D5'},{'R1'},{'D2'},{'R3'},{'R2'},&,18.0,&
{'D6'},{'D7'},{'D1'},{'D3'},{'D4'},{'D5'},{'R1'},{'D2'},{'R2'},{'R3'},&,19.0,&
{'D6'},{'D7'},{'D1'},{'D3'},{'D4'},{'D5'},{'R1'},{'R3'},{'D2'},{'R2'},&,3.0,&
{'D6'},{'D7'},{'D1'},{'D3'},{'D4'},{'D5'},{'R1'},{'R3'},{'R2'},{'D2'},&,1.0,&
{'D6'},{'D7'},{'D1'},{'D3'},{'D4'},{'D5'},{'R1'},{'R2'},{'R3'},{'D2'},&,1.0,&
{'D6'},{'D7'},{'D1'},{'D3'},{'D4'},{'D5'},{'R1'},{'R2'},{'D2'},{'R3'},&,4.0,&
{'D6'},{'D7'},{'D1'},{'D3'},{'D4'},{'R2'},{'D5'},{'D2'},{'R3'},{'R1'},&,11.0,&
{'D6'},{'D7'},{'D1'},{'D3'},{'D4'},{'R2'},{'D5'},{'D2'},{'R1'},{'R3'},&,6.0,&
{'D6'},{'D7'},{'D1'},{'D3'},{'D4'},{'R2'},{'D5'},{'R3'},{'D2'},{'R1'},&,4.0,&
{'D6'},{'D7'},{'D1'},{'D3'},{'D4'},{'R2'},{'D5'},{'R1'},{'R3'},{'D2'},&,1.0,&
{'D6'},{'D7'},{'D1'},{'D3'},{'D4'},{'R2'},{'D5'},{'R1'},{'D2'},{'R3'},&,2.0,&
{'D6'},{'D7'},{'D1'},{'D3'},{'D4'},{'R2'},{'R1'},{'D5'},{'D2'},{'R3'},&,1.0,&
{'D6'},{'D7'},{'D1'},{'D3'},{'D4'},{'D2'},{'R2'},{'R3'},{'D5'},{'R1'},&,1.0,&
{'D6'},{'D7'},{'D1'},{'D3'},{'D4'},{'D2'},{'R2'},{'D5'},{'R3'},{'R1'},&,3.0,&
{'D6'},{'D7'},{'D1'},{'D3'},{'D4'},{'D2'},{'R3'},{'R2'},{'D5'},{'R1'},&,1.0,&
{'D6'},{'D7'},{'D1'},{'D3'},{'D4'},{'D2'},{'R3'},{'D5'},{'R1'},{'R2'},&,1.0,&
{'D6'},{'D7'},{'D1'},{'D3'},{'D4'},{'D2'},{'D5'},{'R3'},{'R1'},{'R2'},&,9.0,&
{'D6'},{'D7'},{'D1'},{'D3'},{'D4'},{'D2'},{'D5'},{'R3'},{'R2'},{'R1'},&,12.0,&
{'D6'},{'D7'},{'D1'},{'D3'},{'D4'},{'D2'},{'D5'},{'R2'},{'R3'},{'R1'},&,14.0,&
{'D6'},{'D7'},{'D1'},{'D3'},{'D4'},{'D2'},{'D5'},{'R2'},{'R1'},{'R3'},&,15.0,&
{'D6'},{'D7'},{'D1'},{'D3'},{'D4'},{'D2'},{'D5'},{'R1'},{'R3'},{'R2'},&,7.0,&
{'D6'},{'D7'},{'D1'},{'D3'},{'D4'},{'D2'},{'D5'},{'R1'},{'R2'},{'R3'},&,8.0,&
{'D6'},{'D7'},{'D1'},{'D3'},{'D4'},{'D2'},{'R1'},{'D5'},{'R2'},{'R3'},&,1.0,&
{'D6'},{'D7'},{'D1'},{'D3'},{'D4'},{'R1'},{'R3'},{'D5'},{'D2'},{'R2'},&,1.0,&
{'D6'},{'D7'},{'D1'},{'D3'},{'D4'},{'R1'},{'D5'},{'D2'},{'R3'},{'R2'},&,9.0,&
{'D6'},{'D7'},{'D1'},{'D3'},{'D4'},{'R1'},{'D5'},{'D2'},{'R2'},{'R3'},&,7.0,&
{'D6'},{'D7'},{'D1'},{'D3'},{'D4'},{'R1'},{'D5'},{'R3'},{'D2'},{'R2'},&,1.0,&
{'D6'},{'D7'},{'D1'},{'D3'},{'D4'},{'R3'},{'D2'},{'D5'},{'R1'},{'R2'},&,1.0,&
{'D6'},{'D7'},{'D1'},{'D3'},{'D4'},{'R3'},{'D2'},{'D5'},{'R2'},{'R1'},&,3.0,&
{'D6'},{'D7'},{'D1'},{'D3'},{'D4'},{'R3'},{'D5'},{'D2'},{'R1'},{'R2'},&,2.0,&
{'D6'},{'D7'},{'D1'},{'D3'},{'D4'},{'R3'},{'D5'},{'D2'},{'R2'},{'R1'},&,8.0,&
{'D6'},{'D7'},{'D1'},{'D3'},{'D4'},{'R3'},{'D5'},{'R1'},{'D2'},{'R2'},&,1.0,&
{'D6'},{'D7'},{'D1'},{'D3'},{'D4'},{'R3'},{'D5'},{'R1'},{'R2'},{'D2'},&,1.0,&
{'D6'},{'D7'},{'D1'},{'D3'},{'D4'},{'R3'},{'R1'},{'D5'},{'D2'},{'R2'},&,1.0,&
{'D6'},{'D7'},{'D1'},{'D3'},{'D2'},{'D5'},{'R2'},{'D4'},{'R3'},{'R1'},&,1.0,&
{'D6'},{'D7'},{'D1'},{'D3'},{'D2'},{'D5'},{'R2'},{'D4'},{'R1'},{'R3'},&,1.0,&
{'D6'},{'D7'},{'D1'},{'D3'},{'D2'},{'D5'},{'D4'},{'R3'},{'R1'},{'R2'},&,2.0,&
{'D6'},{'D7'},{'D1'},{'D3'},{'D2'},{'D5'},{'D4'},{'R3'},{'R2'},{'R1'},&,1.0,&
{'D6'},{'D7'},{'D1'},{'D3'},{'D2'},{'D5'},{'D4'},{'R2'},{'R1'},{'R3'},&,4.0,&
{'D6'},{'D7'},{'D1'},{'D3'},{'D2'},{'D5'},{'D4'},{'R1'},{'R3'},{'R2'},&,1.0,&
{'D6'},{'D7'},{'D1'},{'D3'},{'D2'},{'D5'},{'D4'},{'R1'},{'R2'},{'R3'},&,3.0,&
{'D6'},{'D7'},{'D1'},{'D3'},{'D2'},{'D4'},{'R2'},{'D5'},{'R3'},{'R1'},&,3.0,&
{'D6'},{'D7'},{'D1'},{'D3'},{'D2'},{'D4'},{'R2'},{'D5'},{'R1'},{'R3'},&,2.0,&
{'D6'},{'D7'},{'D1'},{'D3'},{'D2'},{'D4'},{'R3'},{'D5'},{'R1'},{'R2'},&,1.0,&
{'D6'},{'D7'},{'D1'},{'D3'},{'D2'},{'D4'},{'R3'},{'D5'},{'R2'},{'R1'},&,1.0,&
{'D6'},{'D7'},{'D1'},{'D3'},{'D2'},{'D4'},{'D5'},{'R3'},{'R1'},{'R2'},&,1.0,&
{'D6'},{'D7'},{'D1'},{'D3'},{'D2'},{'D4'},{'D5'},{'R3'},{'R2'},{'R1'},&,2.0,&
{'D6'},{'D7'},{'D1'},{'D3'},{'D2'},{'D4'},{'D5'},{'R2'},{'R3'},{'R1'},&,4.0,&
{'D6'},{'D7'},{'D1'},{'D3'},{'D2'},{'D4'},{'D5'},{'R2'},{'R1'},{'R3'},&,2.0,&
{'D6'},{'D7'},{'D1'},{'D3'},{'D2'},{'D4'},{'D5'},{'R1'},{'R3'},{'R2'},&,1.0,&
{'D6'},{'D7'},{'D1'},{'D3'},{'D2'},{'D4'},{'D5'},{'R1'},{'R2'},{'R3'},&,1.0,&
{'D6'},{'D7'},{'D1'},{'D3'},{'D2'},{'D4'},{'R1'},{'R3'},{'R2'},{'D5'},&,1.0,&
{'D6'},{'D7'},{'D1'},{'D3'},{'D2'},{'D4'},{'R1'},{'R2'},{'D5'},{'R3'},&,1.0,&
{'D6'},{'D7'},{'D1'},{'D3'},{'D2'},{'R1'},{'D4'},{'D5'},{'R2'},{'R3'},&,1.0,&
{'D6'},{'D7'},{'D1'},{'D3'},{'D2'},{'R3'},{'D5'},{'D4'},{'R2'},{'R1'},&,1.0,&
{'D6'},{'D7'},{'D1'},{'D3'},{'R1'},{'D5'},{'D4'},{'D2'},{'R3'},{'R2'},&,1.0,&
{'D6'},{'D7'},{'D1'},{'D3'},{'R1'},{'D5'},{'D4'},{'D2'},{'R2'},{'R3'},&,3.0,&
{'D6'},{'D7'},{'D1'},{'D3'},{'R1'},{'D4'},{'D5'},{'D2'},{'R3'},{'R2'},&,2.0,&
{'D6'},{'D7'},{'D1'},{'D3'},{'R2'},{'D5'},{'R3'},{'D4'},{'R1'},{'D2'},&,1.0,&
{'D6'},{'D7'},{'D1'},{'D3'},{'R2'},{'D5'},{'R3'},{'D4'},{'D2'},{'R1'},&,1.0,&
{'D6'},{'D7'},{'D1'},{'D3'},{'R2'},{'D5'},{'D4'},{'D2'},{'R1'},{'R3'},&,1.0,&
{'D6'},{'D7'},{'D1'},{'D3'},{'R2'},{'D4'},{'D5'},{'D2'},{'R3'},{'R1'},&,4.0,&
{'D6'},{'D7'},{'D1'},{'D3'},{'R2'},{'D4'},{'D5'},{'D2'},{'R1'},{'R3'},&,3.0,&
{'D6'},{'D7'},{'D1'},{'D3'},{'R2'},{'D4'},{'D5'},{'R3'},{'R1'},{'D2'},&,1.0,&
{'D6'},{'D7'},{'D1'},{'D3'},{'R2'},{'D4'},{'D5'},{'R3'},{'D2'},{'R1'},&,1.0,&
{'D6'},{'D7'},{'D1'},{'D3'},{'R3'},{'D5'},{'R1'},{'D4'},{'D2'},{'R2'},&,1.0,&
{'D6'},{'D7'},{'D1'},{'D3'},{'R3'},{'D5'},{'D4'},{'D2'},{'R2'},{'R1'},&,1.0,&
{'D6'},{'D7'},{'D1'},{'D3'},{'R3'},{'D4'},{'D2'},{'D5'},{'R2'},{'R1'},&,1.0,&
{'D6'},{'D7'},{'D1'},{'D3'},{'R3'},{'D4'},{'D5'},{'D2'},{'R1'},{'R2'},&,1.0,&
{'D6'},{'D7'},{'D1'},{'D3'},{'R3'},{'D4'},{'D5'},{'D2'},{'R2'},{'R1'},&,1.0,&
{'D6'},{'D7'},{'D1'},{'D3'},{'R3'},{'D4'},{'D5'},{'R2'},{'D2'},{'R1'},&,2.0,&
{'D6'},{'D7'},{'D1'},{'D2'},{'D3'},{'D5'},{'D4'},{'R3'},{'R2'},{'R1'},&,1.0,&
{'D6'},{'D7'},{'D1'},{'D2'},{'D3'},{'D5'},{'D4'},{'R2'},{'R3'},{'R1'},&,2.0,&
{'D6'},{'D7'},{'D1'},{'D2'},{'D3'},{'D5'},{'D4'},{'R1'},{'R3'},{'R2'},&,1.0,&
{'D6'},{'D7'},{'D1'},{'D2'},{'D3'},{'D5'},{'D4'},{'R1'},{'R2'},{'R3'},&,2.0,&
{'D6'},{'D7'},{'D1'},{'D2'},{'D3'},{'D4'},{'R3'},{'R2'},{'D5'},{'R1'},&,1.0,&
{'D6'},{'D7'},{'D1'},{'D2'},{'D3'},{'D4'},{'D5'},{'R3'},{'R1'},{'R2'},&,1.0,&
{'D6'},{'D7'},{'D1'},{'D2'},{'D3'},{'D4'},{'D5'},{'R2'},{'R3'},{'R1'},&,2.0,&
{'D6'},{'D7'},{'D1'},{'D2'},{'D3'},{'D4'},{'D5'},{'R2'},{'R1'},{'R3'},&,1.0,&
{'D6'},{'D7'},{'D1'},{'D2'},{'D3'},{'D4'},{'D5'},{'R1'},{'R2'},{'R3'},&,2.0,&
{'D6'},{'D7'},{'D1'},{'D2'},{'D5'},{'D3'},{'D4'},{'R2'},{'R3'},{'R1'},&,1.0,&
{'D6'},{'D7'},{'D1'},{'D2'},{'D4'},{'D3'},{'R3'},{'D5'},{'R2'},{'R1'},&,1.0,&
{'D6'},{'D7'},{'D1'},{'D2'},{'D4'},{'D3'},{'D5'},{'R3'},{'R1'},{'R2'},&,3.0,&
{'D6'},{'D7'},{'D1'},{'D2'},{'D4'},{'D3'},{'D5'},{'R2'},{'R1'},{'R3'},&,2.0,&
{'D6'},{'D7'},{'D1'},{'D2'},{'D4'},{'D3'},{'D5'},{'R1'},{'R2'},{'R3'},&,2.0,&
{'D6'},{'D7'},{'D1'},{'R2'},{'D3'},{'D5'},{'D4'},{'D2'},{'R1'},{'R3'},&,1.0,&
{'D6'},{'D7'},{'D1'},{'R2'},{'D3'},{'D5'},{'D4'},{'R3'},{'D2'},{'R1'},&,1.0,&
{'D6'},{'D7'},{'D1'},{'R2'},{'D5'},{'D3'},{'D4'},{'D2'},{'R1'},{'R3'},&,1.0,&
{'D6'},{'D7'},{'D1'},{'R2'},{'D5'},{'D3'},{'D4'},{'R1'},{'D2'},{'R3'},&,1.0,&
{'D6'},{'D7'},{'D1'},{'R3'},{'D3'},{'D5'},{'D4'},{'D2'},{'R2'},{'R1'},&,1.0,&
{'D6'},{'D7'},{'D1'},{'R1'},{'D4'},{'D3'},{'D5'},{'D2'},{'R2'},{'R3'},&,1.0,&
{'D6'},{'D7'},{'D2'},{'D1'},{'D3'},{'D5'},{'D4'},{'R3'},{'R2'},{'R1'},&,1.0,&
{'D6'},{'D7'},{'D2'},{'D1'},{'D3'},{'D5'},{'D4'},{'R2'},{'R1'},{'R3'},&,1.0,&
{'D6'},{'D7'},{'D2'},{'D1'},{'D3'},{'D5'},{'D4'},{'R1'},{'R2'},{'R3'},&,1.0,&
{'D6'},{'D7'},{'D2'},{'D1'},{'D3'},{'D4'},{'R2'},{'D5'},{'R1'},{'R3'},&,1.0,&
{'D6'},{'D7'},{'D2'},{'D1'},{'D3'},{'D4'},{'D5'},{'R3'},{'R1'},{'R2'},&,1.0,&
{'D6'},{'D7'},{'D2'},{'D1'},{'D3'},{'D4'},{'D5'},{'R3'},{'R2'},{'R1'},&,2.0,&
{'D6'},{'D7'},{'D2'},{'D1'},{'D3'},{'D4'},{'D5'},{'R2'},{'R3'},{'R1'},&,2.0,&
{'D6'},{'D7'},{'D2'},{'D1'},{'D3'},{'D4'},{'D5'},{'R2'},{'R1'},{'R3'},&,1.0,&
{'D6'},{'D7'},{'D2'},{'D1'},{'D3'},{'D4'},{'D5'},{'R1'},{'R2'},{'R3'},&,1.0,&
{'D6'},{'D7'},{'D2'},{'D1'},{'D3'},{'D4'},{'R1'},{'D5'},{'R2'},{'R3'},&,1.0,&
{'D6'},{'D7'},{'D2'},{'D1'},{'D3'},{'R1'},{'D5'},{'D4'},{'R2'},{'R3'},&,1.0,&
{'D6'},{'D7'},{'D2'},{'D1'},{'D5'},{'D3'},{'D4'},{'R1'},{'R3'},{'R2'},&,1.0,&
{'D6'},{'D7'},{'D2'},{'D1'},{'D5'},{'R1'},{'D3'},{'D4'},{'R2'},{'R3'},&,1.0,&
{'D6'},{'D7'},{'D2'},{'D1'},{'D4'},{'D3'},{'D5'},{'R3'},{'R1'},{'R2'},&,1.0,&
{'D6'},{'D7'},{'D2'},{'D1'},{'D4'},{'D3'},{'D5'},{'R2'},{'R3'},{'R1'},&,1.0,&
{'D6'},{'D7'},{'D2'},{'D1'},{'D4'},{'D3'},{'D5'},{'R2'},{'R1'},{'R3'},&,2.0,&
{'D6'},{'D7'},{'D2'},{'D5'},{'D3'},{'D4'},{'R1'},{'D1'},{'R3'},{'R2'},&,1.0,&
{'D6'},{'D7'},{'D2'},{'D5'},{'D3'},{'D4'},{'D1'},{'R3'},{'R2'},{'R1'},&,1.0,&
{'D6'},{'D7'},{'D2'},{'D5'},{'D3'},{'D4'},{'D1'},{'R2'},{'R3'},{'R1'},&,3.0,&
{'D6'},{'D7'},{'D2'},{'D5'},{'D3'},{'D4'},{'D1'},{'R2'},{'R1'},{'R3'},&,1.0,&
{'D6'},{'D7'},{'D2'},{'D5'},{'D3'},{'D4'},{'D1'},{'R1'},{'R2'},{'R3'},&,1.0,&
{'D6'},{'D7'},{'D2'},{'D5'},{'D3'},{'D1'},{'R1'},{'D4'},{'R3'},{'R2'},&,1.0,&
{'D6'},{'D7'},{'D2'},{'D5'},{'D3'},{'R3'},{'D1'},{'D4'},{'R2'},{'R1'},&,1.0,&
{'D6'},{'D7'},{'D2'},{'D5'},{'D1'},{'D4'},{'D3'},{'R2'},{'R3'},{'R1'},&,1.0,&
{'D6'},{'D7'},{'D2'},{'D5'},{'D1'},{'D4'},{'D3'},{'R1'},{'R3'},{'R2'},&,1.0,&
{'D6'},{'D7'},{'D2'},{'D5'},{'D1'},{'D3'},{'D4'},{'R3'},{'R2'},{'R1'},&,1.0,&
{'D6'},{'D7'},{'D2'},{'D5'},{'D1'},{'D3'},{'D4'},{'R2'},{'R1'},{'R3'},&,1.0,&
{'D6'},{'D7'},{'D2'},{'D5'},{'D4'},{'D1'},{'D3'},{'R2'},{'R3'},{'R1'},&,1.0,&
{'D6'},{'D7'},{'D2'},{'D5'},{'D4'},{'D3'},{'D1'},{'R3'},{'R2'},{'R1'},&,1.0,&
{'D6'},{'D7'},{'D2'},{'D5'},{'D4'},{'D3'},{'D1'},{'R1'},{'R3'},{'R2'},&,1.0,&
{'D6'},{'D7'},{'D2'},{'D4'},{'D3'},{'D5'},{'R1'},{'D1'},{'R3'},{'R2'},&,1.0,&
{'D6'},{'D7'},{'D2'},{'D4'},{'D3'},{'D5'},{'D1'},{'R3'},{'R1'},{'R2'},&,2.0,&
{'D6'},{'D7'},{'D2'},{'D4'},{'D3'},{'D5'},{'D1'},{'R3'},{'R2'},{'R1'},&,2.0,&
{'D6'},{'D7'},{'D2'},{'D4'},{'D3'},{'D5'},{'D1'},{'R2'},{'R3'},{'R1'},&,1.0,&
{'D6'},{'D7'},{'D2'},{'D4'},{'D3'},{'D5'},{'D1'},{'R1'},{'R3'},{'R2'},&,1.0,&
{'D6'},{'D7'},{'D2'},{'D4'},{'D3'},{'D5'},{'D1'},{'R1'},{'R2'},{'R3'},&,2.0,&
{'D6'},{'D7'},{'D2'},{'D4'},{'D3'},{'D1'},{'R2'},{'D5'},{'R1'},{'R3'},&,1.0,&
{'D6'},{'D7'},{'D2'},{'D4'},{'D3'},{'D1'},{'D5'},{'R3'},{'R1'},{'R2'},&,1.0,&
{'D6'},{'D7'},{'D2'},{'D4'},{'D3'},{'D1'},{'D5'},{'R3'},{'R2'},{'R1'},&,1.0,&
{'D6'},{'D7'},{'D2'},{'D4'},{'D3'},{'D1'},{'D5'},{'R2'},{'R3'},{'R1'},&,1.0,&
{'D6'},{'D7'},{'D2'},{'D4'},{'D3'},{'D1'},{'D5'},{'R2'},{'R1'},{'R3'},&,1.0,&
{'D6'},{'D7'},{'D2'},{'D4'},{'D3'},{'D1'},{'D5'},{'R1'},{'R3'},{'R2'},&,2.0,&
{'D6'},{'D7'},{'D2'},{'D4'},{'D3'},{'D1'},{'D5'},{'R1'},{'R2'},{'R3'},&,1.0,&
{'D6'},{'D7'},{'D2'},{'D4'},{'D3'},{'R2'},{'D5'},{'R1'},{'D1'},{'R3'},&,1.0,&
{'D6'},{'D7'},{'D2'},{'D4'},{'D3'},{'R2'},{'D5'},{'D1'},{'R1'},{'R3'},&,1.0,&
{'D6'},{'D7'},{'D2'},{'D4'},{'D1'},{'D3'},{'D5'},{'R1'},{'R2'},{'R3'},&,1.0,&
{'D6'},{'D7'},{'D2'},{'D4'},{'D1'},{'R3'},{'D3'},{'D5'},{'R2'},{'R1'},&,1.0,&
{'D6'},{'D7'},{'D2'},{'D4'},{'D5'},{'D1'},{'D3'},{'R3'},{'R1'},{'R2'},&,1.0,&
{'D6'},{'D7'},{'D2'},{'D4'},{'D5'},{'R2'},{'R3'},{'D3'},{'R1'},{'D1'},&,1.0,&
{'D6'},{'D7'},{'D2'},{'D3'},{'D1'},{'D5'},{'R2'},{'D4'},{'R1'},{'R3'},&,1.0,&
{'D6'},{'D7'},{'D2'},{'D3'},{'D1'},{'D5'},{'R1'},{'D4'},{'R2'},{'R3'},&,1.0,&
{'D6'},{'D7'},{'D2'},{'D3'},{'D1'},{'D5'},{'D4'},{'R3'},{'R2'},{'R1'},&,1.0,&
{'D6'},{'D7'},{'D2'},{'D3'},{'D1'},{'D5'},{'D4'},{'R2'},{'R3'},{'R1'},&,2.0,&
{'D6'},{'D7'},{'D2'},{'D3'},{'D1'},{'D5'},{'D4'},{'R2'},{'R1'},{'R3'},&,1.0,&
{'D6'},{'D7'},{'D2'},{'D3'},{'D1'},{'D4'},{'R2'},{'R1'},{'D5'},{'R3'},&,1.0,&
{'D6'},{'D7'},{'D2'},{'D3'},{'D1'},{'D4'},{'R2'},{'D5'},{'R1'},{'R3'},&,2.0,&
{'D6'},{'D7'},{'D2'},{'D3'},{'D1'},{'D4'},{'R3'},{'D5'},{'R1'},{'R2'},&,1.0,&
{'D6'},{'D7'},{'D2'},{'D3'},{'D1'},{'D4'},{'D5'},{'R3'},{'R1'},{'R2'},&,2.0,&
{'D6'},{'D7'},{'D2'},{'D3'},{'D1'},{'D4'},{'D5'},{'R3'},{'R2'},{'R1'},&,2.0,&
{'D6'},{'D7'},{'D2'},{'D3'},{'D1'},{'D4'},{'D5'},{'R2'},{'R3'},{'R1'},&,3.0,&
{'D6'},{'D7'},{'D2'},{'D3'},{'D1'},{'D4'},{'D5'},{'R1'},{'R3'},{'R2'},&,1.0,&
{'D6'},{'D7'},{'D2'},{'D3'},{'D1'},{'D4'},{'D5'},{'R1'},{'R2'},{'R3'},&,2.0,&
{'D6'},{'D7'},{'D2'},{'D3'},{'D1'},{'D4'},{'R1'},{'D5'},{'R2'},{'R3'},&,1.0,&
{'D6'},{'D7'},{'D2'},{'D3'},{'D5'},{'D4'},{'R2'},{'R3'},{'D1'},{'R1'},&,1.0,&
{'D6'},{'D7'},{'D2'},{'D3'},{'D5'},{'D4'},{'R2'},{'D1'},{'R3'},{'R1'},&,2.0,&
{'D6'},{'D7'},{'D2'},{'D3'},{'D5'},{'D4'},{'R2'},{'D1'},{'R1'},{'R3'},&,2.0,&
{'D6'},{'D7'},{'D2'},{'D3'},{'D5'},{'D4'},{'R1'},{'D1'},{'R3'},{'R2'},&,1.0,&
{'D6'},{'D7'},{'D2'},{'D3'},{'D5'},{'D4'},{'D1'},{'R3'},{'R1'},{'R2'},&,2.0,&
{'D6'},{'D7'},{'D2'},{'D3'},{'D5'},{'D4'},{'D1'},{'R3'},{'R2'},{'R1'},&,1.0,&
{'D6'},{'D7'},{'D2'},{'D3'},{'D5'},{'D1'},{'R1'},{'R2'},{'D4'},{'R3'},&,1.0,&
{'D6'},{'D7'},{'D2'},{'D3'},{'D5'},{'D1'},{'R1'},{'D4'},{'R3'},{'R2'},&,1.0,&
{'D6'},{'D7'},{'D2'},{'D3'},{'D5'},{'D1'},{'D4'},{'R3'},{'R2'},{'R1'},&,1.0,&
{'D6'},{'D7'},{'D2'},{'D3'},{'D5'},{'D1'},{'D4'},{'R2'},{'R3'},{'R1'},&,1.0,&
{'D6'},{'D7'},{'D2'},{'D3'},{'D5'},{'D1'},{'D4'},{'R2'},{'R1'},{'R3'},&,2.0,&
{'D6'},{'D7'},{'D2'},{'D3'},{'D5'},{'R2'},{'D1'},{'D4'},{'R1'},{'R3'},&,1.0,&
{'D6'},{'D7'},{'D2'},{'D3'},{'D5'},{'R1'},{'D4'},{'D1'},{'R3'},{'R2'},&,1.0,&
{'D6'},{'D7'},{'D2'},{'D3'},{'D5'},{'R3'},{'D1'},{'D4'},{'R2'},{'R1'},&,1.0,&
{'D6'},{'D7'},{'D2'},{'D3'},{'D4'},{'D5'},{'R2'},{'D1'},{'R3'},{'R1'},&,2.0,&
{'D6'},{'D7'},{'D2'},{'D3'},{'D4'},{'D5'},{'R3'},{'D1'},{'R2'},{'R1'},&,1.0,&
{'D6'},{'D7'},{'D2'},{'D3'},{'D4'},{'D5'},{'D1'},{'R3'},{'R2'},{'R1'},&,2.0,&
{'D6'},{'D7'},{'D2'},{'D3'},{'D4'},{'D5'},{'D1'},{'R2'},{'R3'},{'R1'},&,2.0,&
{'D6'},{'D7'},{'D2'},{'D3'},{'D4'},{'D5'},{'D1'},{'R1'},{'R3'},{'R2'},&,1.0,&
{'D6'},{'D7'},{'D2'},{'D3'},{'D4'},{'D5'},{'D1'},{'R1'},{'R2'},{'R3'},&,1.0,&
{'D6'},{'D7'},{'D2'},{'D3'},{'D4'},{'D1'},{'R2'},{'R3'},{'D5'},{'R1'},&,1.0,&
{'D6'},{'D7'},{'D2'},{'D3'},{'D4'},{'D1'},{'R2'},{'D5'},{'R3'},{'R1'},&,3.0,&
{'D6'},{'D7'},{'D2'},{'D3'},{'D4'},{'D1'},{'R2'},{'D5'},{'R1'},{'R3'},&,1.0,&
{'D6'},{'D7'},{'D2'},{'D3'},{'D4'},{'D1'},{'R3'},{'R2'},{'D5'},{'R1'},&,1.0,&
{'D6'},{'D7'},{'D2'},{'D3'},{'D4'},{'D1'},{'R3'},{'R1'},{'D5'},{'R2'},&,1.0,&
{'D6'},{'D7'},{'D2'},{'D3'},{'D4'},{'D1'},{'R3'},{'D5'},{'R2'},{'R1'},&,1.0,&
{'D6'},{'D7'},{'D2'},{'D3'},{'D4'},{'D1'},{'D5'},{'R3'},{'R1'},{'R2'},&,2.0,&
{'D6'},{'D7'},{'D2'},{'D3'},{'D4'},{'D1'},{'D5'},{'R3'},{'R2'},{'R1'},&,1.0,&
{'D6'},{'D7'},{'D2'},{'D3'},{'D4'},{'D1'},{'D5'},{'R2'},{'R3'},{'R1'},&,5.0,&
{'D6'},{'D7'},{'D2'},{'D3'},{'D4'},{'D1'},{'D5'},{'R2'},{'R1'},{'R3'},&,2.0,&
{'D6'},{'D7'},{'D2'},{'D3'},{'D4'},{'D1'},{'D5'},{'R1'},{'R3'},{'R2'},&,3.0,&
{'D6'},{'D7'},{'D2'},{'D3'},{'D4'},{'D1'},{'D5'},{'R1'},{'R2'},{'R3'},&,1.0,&
{'D6'},{'D7'},{'D2'},{'D3'},{'D4'},{'D1'},{'R1'},{'R2'},{'D5'},{'R3'},&,1.0,&
{'D6'},{'D7'},{'D2'},{'D3'},{'D4'},{'D1'},{'R1'},{'D5'},{'R3'},{'R2'},&,1.0,&
{'D6'},{'D7'},{'D2'},{'D3'},{'D4'},{'D1'},{'R1'},{'D5'},{'R2'},{'R3'},&,1.0,&
{'D6'},{'D7'},{'D2'},{'R1'},{'D4'},{'D3'},{'D1'},{'D5'},{'R2'},{'R3'},&,1.0,&
{'D6'},{'D7'},{'R3'},{'D4'},{'D3'},{'D5'},{'D1'},{'R2'},{'D2'},{'R1'},&,1.0,&
{'D6'},{'D7'},{'R3'},{'D4'},{'D3'},{'D5'},{'D1'},{'R1'},{'D2'},{'R2'},&,1.0,&
{'D6'},{'D7'},{'R3'},{'D3'},{'D1'},{'D5'},{'D4'},{'D2'},{'R2'},{'R1'},&,1.0,&
{'D6'},{'D7'},{'R3'},{'D3'},{'D5'},{'D1'},{'D4'},{'D2'},{'R2'},{'R1'},&,1.0,&
{'D6'},{'D7'},{'R3'},{'D3'},{'D4'},{'D5'},{'D1'},{'D2'},{'R2'},{'R1'},&,1.0,&
{'D6'},{'D7'},{'R1'},{'D1'},{'D3'},{'D5'},{'D4'},{'D2'},{'R2'},{'R3'},&,1.0,&
{'D6'},{'D7'},{'R1'},{'D4'},{'D3'},{'D5'},{'D1'},{'D2'},{'R3'},{'R2'},&,1.0,&
{'D6'},{'D7'},{'R1'},{'D4'},{'D3'},{'D5'},{'D1'},{'D2'},{'R2'},{'R3'},&,1.0,&
{'D6'},{'D7'},{'R1'},{'D3'},{'D5'},{'D1'},{'D4'},{'D2'},{'R2'},{'R3'},&,1.0,&
{'D6'},{'D7'},{'R2'},{'D4'},{'D3'},{'D5'},{'R1'},{'D1'},{'D2'},{'R3'},&,1.0,&
{'D6'},{'D7'},{'R2'},{'D4'},{'D3'},{'D5'},{'D1'},{'D2'},{'R3'},{'R1'},&,1.0,&
{'D6'},{'D7'},{'R2'},{'D4'},{'D1'},{'D3'},{'D5'},{'R1'},{'D2'},{'R3'},&,1.0,&
{'D6'},{'D7'},{'R2'},{'D3'},{'D1'},{'D4'},{'D5'},{'D2'},{'R3'},{'R1'},&,1.0,&
{'D6'},{'D7'},{'R2'},{'D3'},{'D4'},{'D1'},{'D5'},{'D2'},{'R1'},{'R3'},&,1.0,&
{'D6'},{'D3'},{'D4'},{'D1'},{'D5'},{'D7'},{'D2'},{'R3'},{'R2'},{'R1'},&,1.0,&
{'D6'},{'D3'},{'D4'},{'D1'},{'D5'},{'D7'},{'D2'},{'R2'},{'R3'},{'R1'},&,1.0,&
{'D6'},{'D3'},{'D4'},{'D1'},{'D2'},{'D7'},{'D5'},{'R1'},{'R3'},{'R2'},&,1.0,&
{'D6'},{'D3'},{'D4'},{'D1'},{'D7'},{'D5'},{'R2'},{'D2'},{'R3'},{'R1'},&,2.0,&
{'D6'},{'D3'},{'D4'},{'D1'},{'D7'},{'D5'},{'R2'},{'D2'},{'R1'},{'R3'},&,1.0,&
{'D6'},{'D3'},{'D4'},{'D1'},{'D7'},{'D5'},{'R2'},{'R3'},{'D2'},{'R1'},&,1.0,&
{'D6'},{'D3'},{'D4'},{'D1'},{'D7'},{'D5'},{'D2'},{'R3'},{'R1'},{'R2'},&,1.0,&
{'D6'},{'D3'},{'D4'},{'D1'},{'D7'},{'D5'},{'D2'},{'R3'},{'R2'},{'R1'},&,5.0,&
{'D6'},{'D3'},{'D4'},{'D1'},{'D7'},{'D5'},{'D2'},{'R2'},{'R3'},{'R1'},&,5.0,&
{'D6'},{'D3'},{'D4'},{'D1'},{'D7'},{'D5'},{'D2'},{'R2'},{'R1'},{'R3'},&,3.0,&
{'D6'},{'D3'},{'D4'},{'D1'},{'D7'},{'D5'},{'D2'},{'R1'},{'R3'},{'R2'},&,2.0,&
{'D6'},{'D3'},{'D4'},{'D1'},{'D7'},{'D5'},{'D2'},{'R1'},{'R2'},{'R3'},&,1.0,&
{'D6'},{'D3'},{'D4'},{'D1'},{'D7'},{'D5'},{'R3'},{'D2'},{'R1'},{'R2'},&,1.0,&
{'D6'},{'D3'},{'D4'},{'D1'},{'D7'},{'D5'},{'R3'},{'D2'},{'R2'},{'R1'},&,1.0,&
{'D6'},{'D3'},{'D4'},{'D1'},{'D7'},{'D5'},{'R3'},{'R2'},{'D2'},{'R1'},&,1.0,&
{'D6'},{'D3'},{'D4'},{'D1'},{'D7'},{'D5'},{'R3'},{'R1'},{'D2'},{'R2'},&,1.0,&
{'D6'},{'D3'},{'D4'},{'D1'},{'D7'},{'D5'},{'R1'},{'D2'},{'R2'},{'R3'},&,1.0,&
{'D6'},{'D3'},{'D4'},{'D1'},{'D7'},{'R2'},{'D5'},{'D2'},{'R3'},{'R1'},&,1.0,&
{'D6'},{'D3'},{'D4'},{'D1'},{'D7'},{'R2'},{'D5'},{'R1'},{'D2'},{'R3'},&,1.0,&
{'D6'},{'D3'},{'D4'},{'D1'},{'D7'},{'D2'},{'R2'},{'D5'},{'R3'},{'R1'},&,1.0,&
{'D6'},{'D3'},{'D4'},{'D1'},{'D7'},{'D2'},{'R2'},{'D5'},{'R1'},{'R3'},&,1.0,&
{'D6'},{'D3'},{'D4'},{'D1'},{'D7'},{'D2'},{'D5'},{'R1'},{'R2'},{'R3'},&,1.0,&
{'D6'},{'D3'},{'D4'},{'D1'},{'D7'},{'D2'},{'R1'},{'D5'},{'R2'},{'R3'},&,1.0,&
{'D6'},{'D3'},{'D4'},{'D1'},{'D7'},{'R1'},{'D5'},{'R2'},{'D2'},{'R3'},&,1.0,&
{'D6'},{'D3'},{'D4'},{'D1'},{'D7'},{'R3'},{'D5'},{'R1'},{'D2'},{'R2'},&,1.0,&
{'D6'},{'D3'},{'D4'},{'D5'},{'D7'},{'D1'},{'R2'},{'D2'},{'R3'},{'R1'},&,1.0,&
{'D6'},{'D3'},{'D4'},{'D5'},{'D7'},{'D1'},{'D2'},{'R3'},{'R2'},{'R1'},&,2.0,&
{'D6'},{'D3'},{'D4'},{'D5'},{'D7'},{'D1'},{'D2'},{'R2'},{'R3'},{'R1'},&,3.0,&
{'D6'},{'D3'},{'D4'},{'D5'},{'D7'},{'D1'},{'D2'},{'R2'},{'R1'},{'R3'},&,3.0,&
{'D6'},{'D3'},{'D4'},{'D5'},{'D7'},{'D1'},{'D2'},{'R1'},{'R2'},{'R3'},&,1.0,&
{'D6'},{'D3'},{'D4'},{'D5'},{'D7'},{'D1'},{'R3'},{'D2'},{'R2'},{'R1'},&,1.0,&
{'D6'},{'D3'},{'D4'},{'D5'},{'D7'},{'D1'},{'R3'},{'R2'},{'D2'},{'R1'},&,1.0,&
{'D6'},{'D3'},{'D4'},{'D5'},{'D7'},{'D1'},{'R1'},{'D2'},{'R3'},{'R2'},&,1.0,&
{'D6'},{'D3'},{'D4'},{'D7'},{'D1'},{'D5'},{'R2'},{'D2'},{'R3'},{'R1'},&,12.0,&
{'D6'},{'D3'},{'D4'},{'D7'},{'D1'},{'D5'},{'R2'},{'D2'},{'R1'},{'R3'},&,9.0,&
{'D6'},{'D3'},{'D4'},{'D7'},{'D1'},{'D5'},{'R2'},{'R3'},{'R1'},{'D2'},&,2.0,&
{'D6'},{'D3'},{'D4'},{'D7'},{'D1'},{'D5'},{'R2'},{'R3'},{'D2'},{'R1'},&,1.0,&
{'D6'},{'D3'},{'D4'},{'D7'},{'D1'},{'D5'},{'R2'},{'R1'},{'D2'},{'R3'},&,2.0,&
{'D6'},{'D3'},{'D4'},{'D7'},{'D1'},{'D5'},{'D2'},{'R3'},{'R1'},{'R2'},&,13.0,&
{'D6'},{'D3'},{'D4'},{'D7'},{'D1'},{'D5'},{'D2'},{'R3'},{'R2'},{'R1'},&,42.0,&
{'D6'},{'D3'},{'D4'},{'D7'},{'D1'},{'D5'},{'D2'},{'R2'},{'R3'},{'R1'},&,32.0,&
{'D6'},{'D3'},{'D4'},{'D7'},{'D1'},{'D5'},{'D2'},{'R2'},{'R1'},{'R3'},&,33.0,&
{'D6'},{'D3'},{'D4'},{'D7'},{'D1'},{'D5'},{'D2'},{'R1'},{'R3'},{'R2'},&,16.0,&
{'D6'},{'D3'},{'D4'},{'D7'},{'D1'},{'D5'},{'D2'},{'R1'},{'R2'},{'R3'},&,25.0,&
{'D6'},{'D3'},{'D4'},{'D7'},{'D1'},{'D5'},{'R3'},{'D2'},{'R1'},{'R2'},&,2.0,&
{'D6'},{'D3'},{'D4'},{'D7'},{'D1'},{'D5'},{'R3'},{'D2'},{'R2'},{'R1'},&,8.0,&
{'D6'},{'D3'},{'D4'},{'D7'},{'D1'},{'D5'},{'R3'},{'R2'},{'D2'},{'R1'},&,1.0,&
{'D6'},{'D3'},{'D4'},{'D7'},{'D1'},{'D5'},{'R3'},{'R1'},{'D2'},{'R2'},&,1.0,&
{'D6'},{'D3'},{'D4'},{'D7'},{'D1'},{'D5'},{'R1'},{'D2'},{'R3'},{'R2'},&,5.0,&
{'D6'},{'D3'},{'D4'},{'D7'},{'D1'},{'D5'},{'R1'},{'D2'},{'R2'},{'R3'},&,3.0,&
{'D6'},{'D3'},{'D4'},{'D7'},{'D1'},{'R2'},{'R3'},{'D5'},{'D2'},{'R1'},&,1.0,&
{'D6'},{'D3'},{'D4'},{'D7'},{'D1'},{'R2'},{'D5'},{'D2'},{'R3'},{'R1'},&,3.0,&
{'D6'},{'D3'},{'D4'},{'D7'},{'D1'},{'R2'},{'D5'},{'D2'},{'R1'},{'R3'},&,2.0,&
{'D6'},{'D3'},{'D4'},{'D7'},{'D1'},{'R2'},{'D5'},{'R3'},{'D2'},{'R1'},&,1.0,&
{'D6'},{'D3'},{'D4'},{'D7'},{'D1'},{'R2'},{'D5'},{'R1'},{'R3'},{'D2'},&,1.0,&
{'D6'},{'D3'},{'D4'},{'D7'},{'D1'},{'D2'},{'R2'},{'D5'},{'R3'},{'R1'},&,1.0,&
{'D6'},{'D3'},{'D4'},{'D7'},{'D1'},{'D2'},{'D5'},{'R3'},{'R1'},{'R2'},&,1.0,&
{'D6'},{'D3'},{'D4'},{'D7'},{'D1'},{'D2'},{'D5'},{'R3'},{'R2'},{'R1'},&,4.0,&
{'D6'},{'D3'},{'D4'},{'D7'},{'D1'},{'D2'},{'D5'},{'R2'},{'R3'},{'R1'},&,5.0,&
{'D6'},{'D3'},{'D4'},{'D7'},{'D1'},{'D2'},{'D5'},{'R2'},{'R1'},{'R3'},&,2.0,&
{'D6'},{'D3'},{'D4'},{'D7'},{'D1'},{'D2'},{'D5'},{'R1'},{'R3'},{'R2'},&,2.0,&
{'D6'},{'D3'},{'D4'},{'D7'},{'D1'},{'D2'},{'D5'},{'R1'},{'R2'},{'R3'},&,4.0,&
{'D6'},{'D3'},{'D4'},{'D7'},{'D1'},{'R1'},{'D5'},{'R3'},{'R2'},{'D2'},&,1.0,&
{'D6'},{'D3'},{'D4'},{'D7'},{'D1'},{'R3'},{'R2'},{'D5'},{'D2'},{'R1'},&,1.0,&
{'D6'},{'D3'},{'D4'},{'D7'},{'D1'},{'R3'},{'D5'},{'D2'},{'R1'},{'R2'},&,1.0,&
{'D6'},{'D3'},{'D4'},{'D7'},{'D5'},{'D1'},{'R2'},{'D2'},{'R3'},{'R1'},&,12.0,&
{'D6'},{'D3'},{'D4'},{'D7'},{'D5'},{'D1'},{'R2'},{'D2'},{'R1'},{'R3'},&,3.0,&
{'D6'},{'D3'},{'D4'},{'D7'},{'D5'},{'D1'},{'R2'},{'R1'},{'R3'},{'D2'},&,1.0,&
{'D6'},{'D3'},{'D4'},{'D7'},{'D5'},{'D1'},{'R2'},{'R1'},{'D2'},{'R3'},&,1.0,&
{'D6'},{'D3'},{'D4'},{'D7'},{'D5'},{'D1'},{'D2'},{'R3'},{'R1'},{'R2'},&,11.0,&
{'D6'},{'D3'},{'D4'},{'D7'},{'D5'},{'D1'},{'D2'},{'R3'},{'R2'},{'R1'},&,18.0,&
{'D6'},{'D3'},{'D4'},{'D7'},{'D5'},{'D1'},{'D2'},{'R2'},{'R3'},{'R1'},&,21.0,&
{'D6'},{'D3'},{'D4'},{'D7'},{'D5'},{'D1'},{'D2'},{'R2'},{'R1'},{'R3'},&,15.0,&
{'D6'},{'D3'},{'D4'},{'D7'},{'D5'},{'D1'},{'D2'},{'R1'},{'R3'},{'R2'},&,8.0,&
{'D6'},{'D3'},{'D4'},{'D7'},{'D5'},{'D1'},{'D2'},{'R1'},{'R2'},{'R3'},&,12.0,&
{'D6'},{'D3'},{'D4'},{'D7'},{'D5'},{'D1'},{'R3'},{'D2'},{'R1'},{'R2'},&,5.0,&
{'D6'},{'D3'},{'D4'},{'D7'},{'D5'},{'D1'},{'R3'},{'D2'},{'R2'},{'R1'},&,4.0,&
{'D6'},{'D3'},{'D4'},{'D7'},{'D5'},{'D1'},{'R3'},{'R2'},{'D2'},{'R1'},&,2.0,&
{'D6'},{'D3'},{'D4'},{'D7'},{'D5'},{'D1'},{'R3'},{'R1'},{'D2'},{'R2'},&,1.0,&
{'D6'},{'D3'},{'D4'},{'D7'},{'D5'},{'D1'},{'R1'},{'D2'},{'R3'},{'R2'},&,4.0,&
{'D6'},{'D3'},{'D4'},{'D7'},{'D5'},{'D1'},{'R1'},{'D2'},{'R2'},{'R3'},&,5.0,&
{'D6'},{'D3'},{'D4'},{'D7'},{'D5'},{'D1'},{'R1'},{'R3'},{'D2'},{'R2'},&,1.0,&
{'D6'},{'D3'},{'D4'},{'D7'},{'D5'},{'D1'},{'R1'},{'R2'},{'R3'},{'D2'},&,1.0,&
{'D6'},{'D3'},{'D4'},{'D7'},{'D5'},{'D1'},{'R1'},{'R2'},{'D2'},{'R3'},&,1.0,&
{'D6'},{'D3'},{'D4'},{'D7'},{'D5'},{'R2'},{'D1'},{'D2'},{'R3'},{'R1'},&,1.0,&
{'D6'},{'D3'},{'D4'},{'D7'},{'D5'},{'R2'},{'D1'},{'R1'},{'D2'},{'R3'},&,2.0,&
{'D6'},{'D3'},{'D4'},{'D7'},{'D5'},{'D2'},{'D1'},{'R3'},{'R2'},{'R1'},&,2.0,&
{'D6'},{'D3'},{'D4'},{'D7'},{'D5'},{'D2'},{'D1'},{'R1'},{'R3'},{'R2'},&,1.0,&
{'D6'},{'D3'},{'D4'},{'D7'},{'D5'},{'R1'},{'D1'},{'D2'},{'R2'},{'R3'},&,2.0,&
{'D6'},{'D3'},{'D4'},{'D7'},{'D5'},{'R1'},{'D1'},{'R3'},{'D2'},{'R2'},&,1.0,&
{'D6'},{'D3'},{'D4'},{'D7'},{'D5'},{'R3'},{'D1'},{'D2'},{'R2'},{'R1'},&,1.0,&
{'D6'},{'D3'},{'D4'},{'D7'},{'D2'},{'D5'},{'R2'},{'R1'},{'D1'},{'R3'},&,1.0,&
{'D6'},{'D3'},{'D4'},{'D7'},{'D2'},{'D5'},{'D1'},{'R2'},{'R3'},{'R1'},&,2.0,&
{'D6'},{'D3'},{'D4'},{'D7'},{'D2'},{'D5'},{'D1'},{'R2'},{'R1'},{'R3'},&,2.0,&
{'D6'},{'D3'},{'D4'},{'D7'},{'D2'},{'D1'},{'R2'},{'D5'},{'R3'},{'R1'},&,2.0,&
{'D6'},{'D3'},{'D4'},{'D7'},{'D2'},{'D1'},{'R2'},{'D5'},{'R1'},{'R3'},&,1.0,&
{'D6'},{'D3'},{'D4'},{'D7'},{'D2'},{'D1'},{'D5'},{'R3'},{'R2'},{'R1'},&,1.0,&
{'D6'},{'D3'},{'D4'},{'D7'},{'D2'},{'D1'},{'D5'},{'R2'},{'R1'},{'R3'},&,2.0,&
{'D6'},{'D3'},{'D4'},{'D7'},{'D2'},{'R1'},{'D5'},{'D1'},{'R3'},{'R2'},&,1.0,&
{'D6'},{'D3'},{'D4'},{'D7'},{'R1'},{'D1'},{'D2'},{'D5'},{'R2'},{'R3'},&,1.0,&
{'D6'},{'D3'},{'D4'},{'D7'},{'R1'},{'D1'},{'D5'},{'D2'},{'R2'},{'R3'},&,1.0,&
{'D6'},{'D3'},{'D4'},{'D7'},{'R2'},{'D5'},{'D1'},{'D2'},{'R3'},{'R1'},&,1.0,&
{'D6'},{'D3'},{'D4'},{'D7'},{'R2'},{'D5'},{'D1'},{'D2'},{'R1'},{'R3'},&,1.0,&
{'D6'},{'D3'},{'D4'},{'D7'},{'R2'},{'D1'},{'D5'},{'D2'},{'R3'},{'R1'},&,1.0,&
{'D6'},{'D3'},{'D4'},{'D7'},{'R3'},{'D5'},{'D1'},{'D2'},{'R1'},{'R2'},&,1.0,&
{'D6'},{'D3'},{'D4'},{'D7'},{'R3'},{'D1'},{'R2'},{'D5'},{'D2'},{'R1'},&,1.0,&
{'D6'},{'D3'},{'D4'},{'D7'},{'R3'},{'D1'},{'D2'},{'D5'},{'R2'},{'R1'},&,1.0,&
{'D6'},{'D3'},{'D4'},{'D2'},{'D7'},{'D5'},{'D1'},{'R3'},{'R2'},{'R1'},&,1.0,&
{'D6'},{'D3'},{'D4'},{'D2'},{'D7'},{'D5'},{'D1'},{'R2'},{'R3'},{'R1'},&,1.0,&
{'D6'},{'D3'},{'D4'},{'D2'},{'D7'},{'D1'},{'R2'},{'D5'},{'R1'},{'R3'},&,1.0,&
{'D6'},{'D3'},{'D4'},{'D2'},{'D7'},{'D1'},{'D5'},{'R3'},{'R2'},{'R1'},&,1.0,&
{'D6'},{'D3'},{'D4'},{'D2'},{'D7'},{'D1'},{'D5'},{'R1'},{'R2'},{'R3'},&,1.0,&
{'D6'},{'D3'},{'D4'},{'D2'},{'D7'},{'R3'},{'D1'},{'R2'},{'D5'},{'R1'},&,1.0,&
{'D6'},{'D3'},{'D4'},{'R1'},{'D7'},{'D1'},{'D5'},{'D2'},{'R3'},{'R2'},&,1.0,&
{'D6'},{'D3'},{'D7'},{'D1'},{'D5'},{'D4'},{'R2'},{'D2'},{'R3'},{'R1'},&,15.0,&
{'D6'},{'D3'},{'D7'},{'D1'},{'D5'},{'D4'},{'R2'},{'D2'},{'R1'},{'R3'},&,12.0,&
{'D6'},{'D3'},{'D7'},{'D1'},{'D5'},{'D4'},{'R2'},{'R3'},{'D2'},{'R1'},&,6.0,&
{'D6'},{'D3'},{'D7'},{'D1'},{'D5'},{'D4'},{'R2'},{'R1'},{'R3'},{'D2'},&,2.0,&
{'D6'},{'D3'},{'D7'},{'D1'},{'D5'},{'D4'},{'R2'},{'R1'},{'D2'},{'R3'},&,5.0,&
{'D6'},{'D3'},{'D7'},{'D1'},{'D5'},{'D4'},{'D2'},{'R3'},{'R1'},{'R2'},&,16.0,&
{'D6'},{'D3'},{'D7'},{'D1'},{'D5'},{'D4'},{'D2'},{'R3'},{'R2'},{'R1'},&,46.0,&
{'D6'},{'D3'},{'D7'},{'D1'},{'D5'},{'D4'},{'D2'},{'R2'},{'R3'},{'R1'},&,53.0,&
{'D6'},{'D3'},{'D7'},{'D1'},{'D5'},{'D4'},{'D2'},{'R2'},{'R1'},{'R3'},&,30.0,&
{'D6'},{'D3'},{'D7'},{'D1'},{'D5'},{'D4'},{'D2'},{'R1'},{'R3'},{'R2'},&,18.0,&
{'D6'},{'D3'},{'D7'},{'D1'},{'D5'},{'D4'},{'D2'},{'R1'},{'R2'},{'R3'},&,28.0,&
{'D6'},{'D3'},{'D7'},{'D1'},{'D5'},{'D4'},{'R3'},{'D2'},{'R1'},{'R2'},&,4.0,&
{'D6'},{'D3'},{'D7'},{'D1'},{'D5'},{'D4'},{'R3'},{'D2'},{'R2'},{'R1'},&,14.0,&
{'D6'},{'D3'},{'D7'},{'D1'},{'D5'},{'D4'},{'R3'},{'R2'},{'R1'},{'D2'},&,1.0,&
{'D6'},{'D3'},{'D7'},{'D1'},{'D5'},{'D4'},{'R3'},{'R2'},{'D2'},{'R1'},&,2.0,&
{'D6'},{'D3'},{'D7'},{'D1'},{'D5'},{'D4'},{'R1'},{'D2'},{'R3'},{'R2'},&,9.0,&
{'D6'},{'D3'},{'D7'},{'D1'},{'D5'},{'D4'},{'R1'},{'D2'},{'R2'},{'R3'},&,6.0,&
{'D6'},{'D3'},{'D7'},{'D1'},{'D5'},{'D4'},{'R1'},{'R3'},{'D2'},{'R2'},&,4.0,&
{'D6'},{'D3'},{'D7'},{'D1'},{'D5'},{'D4'},{'R1'},{'R2'},{'R3'},{'D2'},&,2.0,&
{'D6'},{'D3'},{'D7'},{'D1'},{'D5'},{'D4'},{'R1'},{'R2'},{'D2'},{'R3'},&,4.0,&
{'D6'},{'D3'},{'D7'},{'D1'},{'D5'},{'R2'},{'D4'},{'D2'},{'R3'},{'R1'},&,3.0,&
{'D6'},{'D3'},{'D7'},{'D1'},{'D5'},{'R2'},{'D4'},{'D2'},{'R1'},{'R3'},&,3.0,&
{'D6'},{'D3'},{'D7'},{'D1'},{'D5'},{'R2'},{'D4'},{'R3'},{'R1'},{'D2'},&,1.0,&
{'D6'},{'D3'},{'D7'},{'D1'},{'D5'},{'R2'},{'D4'},{'R3'},{'D2'},{'R1'},&,2.0,&
{'D6'},{'D3'},{'D7'},{'D1'},{'D5'},{'D2'},{'R2'},{'D4'},{'R3'},{'R1'},&,1.0,&
{'D6'},{'D3'},{'D7'},{'D1'},{'D5'},{'D2'},{'R2'},{'D4'},{'R1'},{'R3'},&,1.0,&
{'D6'},{'D3'},{'D7'},{'D1'},{'D5'},{'D2'},{'R3'},{'R1'},{'D4'},{'R2'},&,1.0,&
{'D6'},{'D3'},{'D7'},{'D1'},{'D5'},{'D2'},{'D4'},{'R2'},{'R3'},{'R1'},&,2.0,&
{'D6'},{'D3'},{'D7'},{'D1'},{'D5'},{'D2'},{'D4'},{'R1'},{'R3'},{'R2'},&,1.0,&
{'D6'},{'D3'},{'D7'},{'D1'},{'D5'},{'D2'},{'D4'},{'R1'},{'R2'},{'R3'},&,2.0,&
{'D6'},{'D3'},{'D7'},{'D1'},{'D5'},{'R1'},{'D4'},{'R3'},{'D2'},{'R2'},&,1.0,&
{'D6'},{'D3'},{'D7'},{'D1'},{'D5'},{'R3'},{'D4'},{'D2'},{'R1'},{'R2'},&,2.0,&
{'D6'},{'D3'},{'D7'},{'D1'},{'D5'},{'R3'},{'D4'},{'D2'},{'R2'},{'R1'},&,2.0,&
{'D6'},{'D3'},{'D7'},{'D1'},{'D5'},{'R3'},{'D4'},{'R2'},{'D2'},{'R1'},&,1.0,&
{'D6'},{'D3'},{'D7'},{'D1'},{'D4'},{'D5'},{'R2'},{'D2'},{'R3'},{'R1'},&,32.0,&
{'D6'},{'D3'},{'D7'},{'D1'},{'D4'},{'D5'},{'R2'},{'D2'},{'R1'},{'R3'},&,20.0,&
{'D6'},{'D3'},{'D7'},{'D1'},{'D4'},{'D5'},{'R2'},{'R3'},{'R1'},{'D2'},&,1.0,&
{'D6'},{'D3'},{'D7'},{'D1'},{'D4'},{'D5'},{'R2'},{'R3'},{'D2'},{'R1'},&,5.0,&
{'D6'},{'D3'},{'D7'},{'D1'},{'D4'},{'D5'},{'R2'},{'R1'},{'R3'},{'D2'},&,3.0,&
{'D6'},{'D3'},{'D7'},{'D1'},{'D4'},{'D5'},{'R2'},{'R1'},{'D2'},{'R3'},&,4.0,&
{'D6'},{'D3'},{'D7'},{'D1'},{'D4'},{'D5'},{'D2'},{'R3'},{'R1'},{'R2'},&,51.0,&
{'D6'},{'D3'},{'D7'},{'D1'},{'D4'},{'D5'},{'D2'},{'R3'},{'R2'},{'R1'},&,100.0,&
{'D6'},{'D3'},{'D7'},{'D1'},{'D4'},{'D5'},{'D2'},{'R2'},{'R3'},{'R1'},&,122.0,&
{'D6'},{'D3'},{'D7'},{'D1'},{'D4'},{'D5'},{'D2'},{'R2'},{'R1'},{'R3'},&,112.0,&
{'D6'},{'D3'},{'D7'},{'D1'},{'D4'},{'D5'},{'D2'},{'R1'},{'R3'},{'R2'},&,42.0,&
{'D6'},{'D3'},{'D7'},{'D1'},{'D4'},{'D5'},{'D2'},{'R1'},{'R2'},{'R3'},&,84.0,&
{'D6'},{'D3'},{'D7'},{'D1'},{'D4'},{'D5'},{'R3'},{'D2'},{'R1'},{'R2'},&,16.0,&
{'D6'},{'D3'},{'D7'},{'D1'},{'D4'},{'D5'},{'R3'},{'D2'},{'R2'},{'R1'},&,21.0,&
{'D6'},{'D3'},{'D7'},{'D1'},{'D4'},{'D5'},{'R3'},{'R2'},{'R1'},{'D2'},&,2.0,&
{'D6'},{'D3'},{'D7'},{'D1'},{'D4'},{'D5'},{'R3'},{'R2'},{'D2'},{'R1'},&,7.0,&
{'D6'},{'D3'},{'D7'},{'D1'},{'D4'},{'D5'},{'R3'},{'R1'},{'D2'},{'R2'},&,4.0,&
{'D6'},{'D3'},{'D7'},{'D1'},{'D4'},{'D5'},{'R3'},{'R1'},{'R2'},{'D2'},&,1.0,&
{'D6'},{'D3'},{'D7'},{'D1'},{'D4'},{'D5'},{'R1'},{'D2'},{'R3'},{'R2'},&,12.0,&
{'D6'},{'D3'},{'D7'},{'D1'},{'D4'},{'D5'},{'R1'},{'D2'},{'R2'},{'R3'},&,12.0,&
{'D6'},{'D3'},{'D7'},{'D1'},{'D4'},{'D5'},{'R1'},{'R3'},{'D2'},{'R2'},&,1.0,&
{'D6'},{'D3'},{'D7'},{'D1'},{'D4'},{'D5'},{'R1'},{'R3'},{'R2'},{'D2'},&,1.0,&
{'D6'},{'D3'},{'D7'},{'D1'},{'D4'},{'D5'},{'R1'},{'R2'},{'D2'},{'R3'},&,6.0,&
{'D6'},{'D3'},{'D7'},{'D1'},{'D4'},{'R2'},{'D2'},{'D5'},{'R1'},{'R3'},&,1.0,&
{'D6'},{'D3'},{'D7'},{'D1'},{'D4'},{'R2'},{'D5'},{'D2'},{'R3'},{'R1'},&,15.0,&
{'D6'},{'D3'},{'D7'},{'D1'},{'D4'},{'R2'},{'D5'},{'D2'},{'R1'},{'R3'},&,6.0,&
{'D6'},{'D3'},{'D7'},{'D1'},{'D4'},{'R2'},{'D5'},{'R3'},{'R1'},{'D2'},&,1.0,&
{'D6'},{'D3'},{'D7'},{'D1'},{'D4'},{'R2'},{'D5'},{'R3'},{'D2'},{'R1'},&,2.0,&
{'D6'},{'D3'},{'D7'},{'D1'},{'D4'},{'R2'},{'D5'},{'R1'},{'R3'},{'D2'},&,2.0,&
{'D6'},{'D3'},{'D7'},{'D1'},{'D4'},{'D2'},{'R2'},{'D5'},{'R3'},{'R1'},&,4.0,&
{'D6'},{'D3'},{'D7'},{'D1'},{'D4'},{'D2'},{'R2'},{'D5'},{'R1'},{'R3'},&,1.0,&
{'D6'},{'D3'},{'D7'},{'D1'},{'D4'},{'D2'},{'R3'},{'R1'},{'D5'},{'R2'},&,1.0,&
{'D6'},{'D3'},{'D7'},{'D1'},{'D4'},{'D2'},{'R3'},{'D5'},{'R1'},{'R2'},&,2.0,&
{'D6'},{'D3'},{'D7'},{'D1'},{'D4'},{'D2'},{'R3'},{'D5'},{'R2'},{'R1'},&,3.0,&
{'D6'},{'D3'},{'D7'},{'D1'},{'D4'},{'D2'},{'D5'},{'R3'},{'R1'},{'R2'},&,4.0,&
{'D6'},{'D3'},{'D7'},{'D1'},{'D4'},{'D2'},{'D5'},{'R3'},{'R2'},{'R1'},&,13.0,&
{'D6'},{'D3'},{'D7'},{'D1'},{'D4'},{'D2'},{'D5'},{'R2'},{'R3'},{'R1'},&,7.0,&
{'D6'},{'D3'},{'D7'},{'D1'},{'D4'},{'D2'},{'D5'},{'R2'},{'R1'},{'R3'},&,7.0,&
{'D6'},{'D3'},{'D7'},{'D1'},{'D4'},{'D2'},{'D5'},{'R1'},{'R3'},{'R2'},&,4.0,&
{'D6'},{'D3'},{'D7'},{'D1'},{'D4'},{'D2'},{'D5'},{'R1'},{'R2'},{'R3'},&,8.0,&
{'D6'},{'D3'},{'D7'},{'D1'},{'D4'},{'D2'},{'R1'},{'R2'},{'R3'},{'D5'},&,1.0,&
{'D6'},{'D3'},{'D7'},{'D1'},{'D4'},{'D2'},{'R1'},{'D5'},{'R3'},{'R2'},&,3.0,&
{'D6'},{'D3'},{'D7'},{'D1'},{'D4'},{'D2'},{'R1'},{'D5'},{'R2'},{'R3'},&,2.0,&
{'D6'},{'D3'},{'D7'},{'D1'},{'D4'},{'R1'},{'D2'},{'R3'},{'D5'},{'R2'},&,1.0,&
{'D6'},{'D3'},{'D7'},{'D1'},{'D4'},{'R1'},{'D2'},{'D5'},{'R3'},{'R2'},&,1.0,&
{'D6'},{'D3'},{'D7'},{'D1'},{'D4'},{'R1'},{'D5'},{'D2'},{'R3'},{'R2'},&,2.0,&
{'D6'},{'D3'},{'D7'},{'D1'},{'D4'},{'R1'},{'D5'},{'D2'},{'R2'},{'R3'},&,2.0,&
{'D6'},{'D3'},{'D7'},{'D1'},{'D4'},{'R1'},{'D5'},{'R3'},{'D2'},{'R2'},&,1.0,&
{'D6'},{'D3'},{'D7'},{'D1'},{'D4'},{'R1'},{'D5'},{'R2'},{'D2'},{'R3'},&,1.0,&
{'D6'},{'D3'},{'D7'},{'D1'},{'D4'},{'R3'},{'D2'},{'D5'},{'R1'},{'R2'},&,1.0,&
{'D6'},{'D3'},{'D7'},{'D1'},{'D4'},{'R3'},{'D2'},{'D5'},{'R2'},{'R1'},&,1.0,&
{'D6'},{'D3'},{'D7'},{'D1'},{'D4'},{'R3'},{'D5'},{'D2'},{'R1'},{'R2'},&,2.0,&
{'D6'},{'D3'},{'D7'},{'D1'},{'D4'},{'R3'},{'D5'},{'D2'},{'R2'},{'R1'},&,5.0,&
{'D6'},{'D3'},{'D7'},{'D1'},{'D4'},{'R3'},{'D5'},{'R2'},{'D2'},{'R1'},&,1.0,&
{'D6'},{'D3'},{'D7'},{'D1'},{'D2'},{'D5'},{'R3'},{'D4'},{'R1'},{'R2'},&,1.0,&
{'D6'},{'D3'},{'D7'},{'D1'},{'D2'},{'D5'},{'D4'},{'R3'},{'R1'},{'R2'},&,1.0,&
{'D6'},{'D3'},{'D7'},{'D1'},{'D2'},{'D5'},{'D4'},{'R2'},{'R3'},{'R1'},&,1.0,&
{'D6'},{'D3'},{'D7'},{'D1'},{'D2'},{'D5'},{'D4'},{'R1'},{'R3'},{'R2'},&,1.0,&
{'D6'},{'D3'},{'D7'},{'D1'},{'D2'},{'D5'},{'D4'},{'R1'},{'R2'},{'R3'},&,1.0,&
{'D6'},{'D3'},{'D7'},{'D1'},{'D2'},{'D4'},{'R2'},{'R3'},{'D5'},{'R1'},&,1.0,&
{'D6'},{'D3'},{'D7'},{'D1'},{'D2'},{'D4'},{'R2'},{'D5'},{'R3'},{'R1'},&,3.0,&
{'D6'},{'D3'},{'D7'},{'D1'},{'D2'},{'D4'},{'R3'},{'R2'},{'D5'},{'R1'},&,1.0,&
{'D6'},{'D3'},{'D7'},{'D1'},{'D2'},{'D4'},{'R3'},{'D5'},{'R1'},{'R2'},&,1.0,&
{'D6'},{'D3'},{'D7'},{'D1'},{'D2'},{'D4'},{'D5'},{'R3'},{'R1'},{'R2'},&,2.0,&
{'D6'},{'D3'},{'D7'},{'D1'},{'D2'},{'D4'},{'D5'},{'R3'},{'R2'},{'R1'},&,3.0,&
{'D6'},{'D3'},{'D7'},{'D1'},{'D2'},{'D4'},{'D5'},{'R2'},{'R3'},{'R1'},&,2.0,&
{'D6'},{'D3'},{'D7'},{'D1'},{'D2'},{'D4'},{'D5'},{'R2'},{'R1'},{'R3'},&,2.0,&
{'D6'},{'D3'},{'D7'},{'D1'},{'D2'},{'D4'},{'D5'},{'R1'},{'R3'},{'R2'},&,2.0,&
{'D6'},{'D3'},{'D7'},{'D1'},{'D2'},{'D4'},{'D5'},{'R1'},{'R2'},{'R3'},&,4.0,&
{'D6'},{'D3'},{'D7'},{'D1'},{'D2'},{'D4'},{'R1'},{'D5'},{'R3'},{'R2'},&,2.0,&
{'D6'},{'D3'},{'D7'},{'D1'},{'D2'},{'R2'},{'D4'},{'D5'},{'R1'},{'R3'},&,1.0,&
{'D6'},{'D3'},{'D7'},{'D1'},{'D2'},{'R1'},{'D4'},{'D5'},{'R2'},{'R3'},&,1.0,&
{'D6'},{'D3'},{'D7'},{'D1'},{'R1'},{'D5'},{'D4'},{'R3'},{'D2'},{'R2'},&,1.0,&
{'D6'},{'D3'},{'D7'},{'D1'},{'R1'},{'D5'},{'D4'},{'R2'},{'D2'},{'R3'},&,2.0,&
{'D6'},{'D3'},{'D7'},{'D1'},{'R1'},{'D4'},{'D5'},{'D2'},{'R3'},{'R2'},&,1.0,&
{'D6'},{'D3'},{'D7'},{'D1'},{'R1'},{'D4'},{'D5'},{'R2'},{'D2'},{'R3'},&,1.0,&
{'D6'},{'D3'},{'D7'},{'D1'},{'R1'},{'D2'},{'D5'},{'D4'},{'R2'},{'R3'},&,1.0,&
{'D6'},{'D3'},{'D7'},{'D1'},{'R2'},{'D5'},{'D4'},{'D2'},{'R3'},{'R1'},&,1.0,&
{'D6'},{'D3'},{'D7'},{'D1'},{'R2'},{'D5'},{'D4'},{'D2'},{'R1'},{'R3'},&,2.0,&
{'D6'},{'D3'},{'D7'},{'D1'},{'R2'},{'D4'},{'D2'},{'R1'},{'D5'},{'R3'},&,1.0,&
{'D6'},{'D3'},{'D7'},{'D1'},{'R2'},{'D4'},{'D5'},{'D2'},{'R3'},{'R1'},&,1.0,&
{'D6'},{'D3'},{'D7'},{'D1'},{'R2'},{'D4'},{'D5'},{'D2'},{'R1'},{'R3'},&,3.0,&
{'D6'},{'D3'},{'D7'},{'D1'},{'R2'},{'D2'},{'D4'},{'R1'},{'D5'},{'R3'},&,1.0,&
{'D6'},{'D3'},{'D7'},{'D1'},{'R3'},{'D5'},{'D2'},{'D4'},{'R2'},{'R1'},&,1.0,&
{'D6'},{'D3'},{'D7'},{'D1'},{'R3'},{'D5'},{'D4'},{'D2'},{'R2'},{'R1'},&,1.0,&
{'D6'},{'D3'},{'D7'},{'D1'},{'R3'},{'D4'},{'D5'},{'D2'},{'R2'},{'R1'},&,3.0,&
{'D6'},{'D3'},{'D7'},{'D1'},{'R3'},{'D4'},{'D5'},{'R2'},{'R1'},{'D2'},&,1.0,&
{'D6'},{'D3'},{'D7'},{'D1'},{'R3'},{'D4'},{'D5'},{'R1'},{'D2'},{'R2'},&,1.0,&
{'D6'},{'D3'},{'D7'},{'D1'},{'R3'},{'D2'},{'D5'},{'D4'},{'R1'},{'R2'},&,1.0,&
{'D6'},{'D3'},{'D7'},{'D5'},{'D1'},{'D4'},{'R2'},{'D2'},{'R3'},{'R1'},&,9.0,&
{'D6'},{'D3'},{'D7'},{'D5'},{'D1'},{'D4'},{'R2'},{'D2'},{'R1'},{'R3'},&,13.0,&
{'D6'},{'D3'},{'D7'},{'D5'},{'D1'},{'D4'},{'R2'},{'R3'},{'R1'},{'D2'},&,1.0,&
{'D6'},{'D3'},{'D7'},{'D5'},{'D1'},{'D4'},{'R2'},{'R3'},{'D2'},{'R1'},&,3.0,&
{'D6'},{'D3'},{'D7'},{'D5'},{'D1'},{'D4'},{'R2'},{'R1'},{'R3'},{'D2'},&,2.0,&
{'D6'},{'D3'},{'D7'},{'D5'},{'D1'},{'D4'},{'R2'},{'R1'},{'D2'},{'R3'},&,1.0,&
{'D6'},{'D3'},{'D7'},{'D5'},{'D1'},{'D4'},{'D2'},{'R3'},{'R1'},{'R2'},&,18.0,&
{'D6'},{'D3'},{'D7'},{'D5'},{'D1'},{'D4'},{'D2'},{'R3'},{'R2'},{'R1'},&,33.0,&
{'D6'},{'D3'},{'D7'},{'D5'},{'D1'},{'D4'},{'D2'},{'R2'},{'R3'},{'R1'},&,51.0,&
{'D6'},{'D3'},{'D7'},{'D5'},{'D1'},{'D4'},{'D2'},{'R2'},{'R1'},{'R3'},&,38.0,&
{'D6'},{'D3'},{'D7'},{'D5'},{'D1'},{'D4'},{'D2'},{'R1'},{'R3'},{'R2'},&,22.0,&
{'D6'},{'D3'},{'D7'},{'D5'},{'D1'},{'D4'},{'D2'},{'R1'},{'R2'},{'R3'},&,37.0,&
{'D6'},{'D3'},{'D7'},{'D5'},{'D1'},{'D4'},{'R3'},{'D2'},{'R1'},{'R2'},&,6.0,&
{'D6'},{'D3'},{'D7'},{'D5'},{'D1'},{'D4'},{'R3'},{'D2'},{'R2'},{'R1'},&,8.0,&
{'D6'},{'D3'},{'D7'},{'D5'},{'D1'},{'D4'},{'R3'},{'R2'},{'D2'},{'R1'},&,2.0,&
{'D6'},{'D3'},{'D7'},{'D5'},{'D1'},{'D4'},{'R3'},{'R1'},{'D2'},{'R2'},&,2.0,&
{'D6'},{'D3'},{'D7'},{'D5'},{'D1'},{'D4'},{'R3'},{'R1'},{'R2'},{'D2'},&,1.0,&
{'D6'},{'D3'},{'D7'},{'D5'},{'D1'},{'D4'},{'R1'},{'D2'},{'R3'},{'R2'},&,3.0,&
{'D6'},{'D3'},{'D7'},{'D5'},{'D1'},{'D4'},{'R1'},{'D2'},{'R2'},{'R3'},&,2.0,&
{'D6'},{'D3'},{'D7'},{'D5'},{'D1'},{'D4'},{'R1'},{'R3'},{'D2'},{'R2'},&,4.0,&
{'D6'},{'D3'},{'D7'},{'D5'},{'D1'},{'D4'},{'R1'},{'R2'},{'D2'},{'R3'},&,3.0,&
{'D6'},{'D3'},{'D7'},{'D5'},{'D1'},{'R2'},{'R3'},{'D2'},{'R1'},{'D4'},&,1.0,&
{'D6'},{'D3'},{'D7'},{'D5'},{'D1'},{'R2'},{'D4'},{'D2'},{'R1'},{'R3'},&,3.0,&
{'D6'},{'D3'},{'D7'},{'D5'},{'D1'},{'R2'},{'D4'},{'R3'},{'D2'},{'R1'},&,2.0,&
{'D6'},{'D3'},{'D7'},{'D5'},{'D1'},{'R2'},{'D4'},{'R1'},{'D2'},{'R3'},&,1.0,&
{'D6'},{'D3'},{'D7'},{'D5'},{'D1'},{'D2'},{'R2'},{'D4'},{'R3'},{'R1'},&,1.0,&
{'D6'},{'D3'},{'D7'},{'D5'},{'D1'},{'D2'},{'R3'},{'D4'},{'R2'},{'R1'},&,1.0,&
{'D6'},{'D3'},{'D7'},{'D5'},{'D1'},{'D2'},{'R1'},{'D4'},{'R3'},{'R2'},&,1.0,&
{'D6'},{'D3'},{'D7'},{'D5'},{'D1'},{'D2'},{'R1'},{'D4'},{'R2'},{'R3'},&,1.0,&
{'D6'},{'D3'},{'D7'},{'D5'},{'D1'},{'D2'},{'D4'},{'R3'},{'R1'},{'R2'},&,1.0,&
{'D6'},{'D3'},{'D7'},{'D5'},{'D1'},{'D2'},{'D4'},{'R3'},{'R2'},{'R1'},&,3.0,&
{'D6'},{'D3'},{'D7'},{'D5'},{'D1'},{'D2'},{'D4'},{'R2'},{'R3'},{'R1'},&,2.0,&
{'D6'},{'D3'},{'D7'},{'D5'},{'D1'},{'D2'},{'D4'},{'R2'},{'R1'},{'R3'},&,4.0,&
{'D6'},{'D3'},{'D7'},{'D5'},{'D1'},{'D2'},{'D4'},{'R1'},{'R3'},{'R2'},&,1.0,&
{'D6'},{'D3'},{'D7'},{'D5'},{'D1'},{'D2'},{'D4'},{'R1'},{'R2'},{'R3'},&,1.0,&
{'D6'},{'D3'},{'D7'},{'D5'},{'D1'},{'R1'},{'R2'},{'D4'},{'D2'},{'R3'},&,1.0,&
{'D6'},{'D3'},{'D7'},{'D5'},{'D1'},{'R1'},{'D4'},{'D2'},{'R2'},{'R3'},&,1.0,&
{'D6'},{'D3'},{'D7'},{'D5'},{'D1'},{'R3'},{'R2'},{'D4'},{'D2'},{'R1'},&,1.0,&
{'D6'},{'D3'},{'D7'},{'D5'},{'D1'},{'R3'},{'D4'},{'D2'},{'R1'},{'R2'},&,1.0,&
{'D6'},{'D3'},{'D7'},{'D5'},{'D1'},{'R3'},{'D4'},{'D2'},{'R2'},{'R1'},&,3.0,&
{'D6'},{'D3'},{'D7'},{'D5'},{'D4'},{'D1'},{'R2'},{'D2'},{'R3'},{'R1'},&,17.0,&
{'D6'},{'D3'},{'D7'},{'D5'},{'D4'},{'D1'},{'R2'},{'D2'},{'R1'},{'R3'},&,9.0,&
{'D6'},{'D3'},{'D7'},{'D5'},{'D4'},{'D1'},{'R2'},{'R3'},{'R1'},{'D2'},&,2.0,&
{'D6'},{'D3'},{'D7'},{'D5'},{'D4'},{'D1'},{'R2'},{'R3'},{'D2'},{'R1'},&,7.0,&
{'D6'},{'D3'},{'D7'},{'D5'},{'D4'},{'D1'},{'R2'},{'R1'},{'R3'},{'D2'},&,2.0,&
{'D6'},{'D3'},{'D7'},{'D5'},{'D4'},{'D1'},{'R2'},{'R1'},{'D2'},{'R3'},&,3.0,&
{'D6'},{'D3'},{'D7'},{'D5'},{'D4'},{'D1'},{'D2'},{'R3'},{'R1'},{'R2'},&,29.0,&
{'D6'},{'D3'},{'D7'},{'D5'},{'D4'},{'D1'},{'D2'},{'R3'},{'R2'},{'R1'},&,49.0,&
{'D6'},{'D3'},{'D7'},{'D5'},{'D4'},{'D1'},{'D2'},{'R2'},{'R3'},{'R1'},&,57.0,&
{'D6'},{'D3'},{'D7'},{'D5'},{'D4'},{'D1'},{'D2'},{'R2'},{'R1'},{'R3'},&,61.0,&
{'D6'},{'D3'},{'D7'},{'D5'},{'D4'},{'D1'},{'D2'},{'R1'},{'R3'},{'R2'},&,18.0,&
{'D6'},{'D3'},{'D7'},{'D5'},{'D4'},{'D1'},{'D2'},{'R1'},{'R2'},{'R3'},&,39.0,&
{'D6'},{'D3'},{'D7'},{'D5'},{'D4'},{'D1'},{'R3'},{'D2'},{'R1'},{'R2'},&,8.0,&
{'D6'},{'D3'},{'D7'},{'D5'},{'D4'},{'D1'},{'R3'},{'D2'},{'R2'},{'R1'},&,10.0,&
{'D6'},{'D3'},{'D7'},{'D5'},{'D4'},{'D1'},{'R3'},{'R2'},{'R1'},{'D2'},&,1.0,&
{'D6'},{'D3'},{'D7'},{'D5'},{'D4'},{'D1'},{'R3'},{'R2'},{'D2'},{'R1'},&,3.0,&
{'D6'},{'D3'},{'D7'},{'D5'},{'D4'},{'D1'},{'R3'},{'R1'},{'D2'},{'R2'},&,3.0,&
{'D6'},{'D3'},{'D7'},{'D5'},{'D4'},{'D1'},{'R1'},{'D2'},{'R3'},{'R2'},&,9.0,&
{'D6'},{'D3'},{'D7'},{'D5'},{'D4'},{'D1'},{'R1'},{'D2'},{'R2'},{'R3'},&,9.0,&
{'D6'},{'D3'},{'D7'},{'D5'},{'D4'},{'D1'},{'R1'},{'R3'},{'D2'},{'R2'},&,1.0,&
{'D6'},{'D3'},{'D7'},{'D5'},{'D4'},{'D1'},{'R1'},{'R3'},{'R2'},{'D2'},&,1.0,&
{'D6'},{'D3'},{'D7'},{'D5'},{'D4'},{'D1'},{'R1'},{'R2'},{'D2'},{'R3'},&,2.0,&
{'D6'},{'D3'},{'D7'},{'D5'},{'D4'},{'R2'},{'D2'},{'D1'},{'R1'},{'R3'},&,1.0,&
{'D6'},{'D3'},{'D7'},{'D5'},{'D4'},{'R2'},{'R1'},{'D1'},{'R3'},{'D2'},&,1.0,&
{'D6'},{'D3'},{'D7'},{'D5'},{'D4'},{'R2'},{'D1'},{'D2'},{'R3'},{'R1'},&,4.0,&
{'D6'},{'D3'},{'D7'},{'D5'},{'D4'},{'R2'},{'D1'},{'D2'},{'R1'},{'R3'},&,2.0,&
{'D6'},{'D3'},{'D7'},{'D5'},{'D4'},{'R2'},{'D1'},{'R3'},{'D2'},{'R1'},&,1.0,&
{'D6'},{'D3'},{'D7'},{'D5'},{'D4'},{'D2'},{'R2'},{'R3'},{'D1'},{'R1'},&,1.0,&
{'D6'},{'D3'},{'D7'},{'D5'},{'D4'},{'D2'},{'R2'},{'D1'},{'R3'},{'R1'},&,1.0,&
{'D6'},{'D3'},{'D7'},{'D5'},{'D4'},{'D2'},{'R2'},{'D1'},{'R1'},{'R3'},&,1.0,&
{'D6'},{'D3'},{'D7'},{'D5'},{'D4'},{'D2'},{'R3'},{'D1'},{'R1'},{'R2'},&,3.0,&
{'D6'},{'D3'},{'D7'},{'D5'},{'D4'},{'D2'},{'R3'},{'D1'},{'R2'},{'R1'},&,2.0,&
{'D6'},{'D3'},{'D7'},{'D5'},{'D4'},{'D2'},{'D1'},{'R3'},{'R1'},{'R2'},&,2.0,&
{'D6'},{'D3'},{'D7'},{'D5'},{'D4'},{'D2'},{'D1'},{'R3'},{'R2'},{'R1'},&,2.0,&
{'D6'},{'D3'},{'D7'},{'D5'},{'D4'},{'D2'},{'D1'},{'R2'},{'R3'},{'R1'},&,3.0,&
{'D6'},{'D3'},{'D7'},{'D5'},{'D4'},{'D2'},{'D1'},{'R2'},{'R1'},{'R3'},&,3.0,&
{'D6'},{'D3'},{'D7'},{'D5'},{'D4'},{'D2'},{'D1'},{'R1'},{'R3'},{'R2'},&,2.0,&
{'D6'},{'D3'},{'D7'},{'D5'},{'D4'},{'D2'},{'D1'},{'R1'},{'R2'},{'R3'},&,1.0,&
{'D6'},{'D3'},{'D7'},{'D5'},{'D4'},{'R1'},{'D2'},{'D1'},{'R2'},{'R3'},&,1.0,&
{'D6'},{'D3'},{'D7'},{'D5'},{'D4'},{'R1'},{'D1'},{'D2'},{'R3'},{'R2'},&,1.0,&
{'D6'},{'D3'},{'D7'},{'D5'},{'D4'},{'R1'},{'D1'},{'D2'},{'R2'},{'R3'},&,3.0,&
{'D6'},{'D3'},{'D7'},{'D5'},{'D4'},{'R1'},{'D1'},{'R3'},{'D2'},{'R2'},&,1.0,&
{'D6'},{'D3'},{'D7'},{'D5'},{'D4'},{'R1'},{'D1'},{'R3'},{'R2'},{'D2'},&,1.0,&
{'D6'},{'D3'},{'D7'},{'D5'},{'D4'},{'R3'},{'R2'},{'D1'},{'R1'},{'D2'},&,1.0,&
{'D6'},{'D3'},{'D7'},{'D5'},{'D4'},{'R3'},{'D2'},{'D1'},{'R1'},{'R2'},&,1.0,&
{'D6'},{'D3'},{'D7'},{'D5'},{'D4'},{'R3'},{'D1'},{'D2'},{'R2'},{'R1'},&,3.0,&
{'D6'},{'D3'},{'D7'},{'D5'},{'D4'},{'R3'},{'D1'},{'R1'},{'D2'},{'R2'},&,1.0,&
{'D6'},{'D3'},{'D7'},{'D5'},{'D2'},{'D4'},{'R2'},{'D1'},{'R3'},{'R1'},&,1.0,&
{'D6'},{'D3'},{'D7'},{'D5'},{'D2'},{'D4'},{'R3'},{'D1'},{'R2'},{'R1'},&,1.0,&
{'D6'},{'D3'},{'D7'},{'D5'},{'D2'},{'D4'},{'D1'},{'R3'},{'R1'},{'R2'},&,1.0,&
{'D6'},{'D3'},{'D7'},{'D5'},{'D2'},{'D4'},{'D1'},{'R2'},{'R3'},{'R1'},&,1.0,&
{'D6'},{'D3'},{'D7'},{'D5'},{'D2'},{'D4'},{'D1'},{'R2'},{'R1'},{'R3'},&,2.0,&
{'D6'},{'D3'},{'D7'},{'D5'},{'D2'},{'D4'},{'D1'},{'R1'},{'R3'},{'R2'},&,1.0,&
{'D6'},{'D3'},{'D7'},{'D5'},{'D2'},{'D4'},{'D1'},{'R1'},{'R2'},{'R3'},&,1.0,&
{'D6'},{'D3'},{'D7'},{'D5'},{'D2'},{'D1'},{'R1'},{'D4'},{'R3'},{'R2'},&,1.0,&
{'D6'},{'D3'},{'D7'},{'D5'},{'D2'},{'D1'},{'D4'},{'R3'},{'R1'},{'R2'},&,1.0,&
{'D6'},{'D3'},{'D7'},{'D5'},{'D2'},{'D1'},{'D4'},{'R3'},{'R2'},{'R1'},&,2.0,&
{'D6'},{'D3'},{'D7'},{'D5'},{'D2'},{'D1'},{'D4'},{'R1'},{'R2'},{'R3'},&,1.0,&
{'D6'},{'D3'},{'D7'},{'D5'},{'D2'},{'R2'},{'D4'},{'D1'},{'R3'},{'R1'},&,1.0,&
{'D6'},{'D3'},{'D7'},{'D5'},{'R1'},{'R2'},{'D4'},{'D1'},{'R3'},{'D2'},&,1.0,&
{'D6'},{'D3'},{'D7'},{'D5'},{'R2'},{'D4'},{'R3'},{'D1'},{'D2'},{'R1'},&,1.0,&
{'D6'},{'D3'},{'D7'},{'D5'},{'R2'},{'D4'},{'D1'},{'D2'},{'R3'},{'R1'},&,3.0,&
{'D6'},{'D3'},{'D7'},{'D5'},{'R2'},{'D1'},{'D2'},{'D4'},{'R1'},{'R3'},&,1.0,&
{'D6'},{'D3'},{'D7'},{'D5'},{'R2'},{'D1'},{'D4'},{'D2'},{'R3'},{'R1'},&,1.0,&
{'D6'},{'D3'},{'D7'},{'D5'},{'R2'},{'D1'},{'D4'},{'R3'},{'R1'},{'D2'},&,1.0,&
{'D6'},{'D3'},{'D7'},{'D5'},{'R3'},{'D4'},{'R2'},{'D1'},{'D2'},{'R1'},&,1.0,&
{'D6'},{'D3'},{'D7'},{'D5'},{'R3'},{'D4'},{'D1'},{'D2'},{'R1'},{'R2'},&,1.0,&
{'D6'},{'D3'},{'D7'},{'D5'},{'R3'},{'D4'},{'D1'},{'D2'},{'R2'},{'R1'},&,1.0,&
{'D6'},{'D3'},{'D7'},{'D5'},{'R3'},{'D1'},{'D4'},{'D2'},{'R2'},{'R1'},&,1.0,&
{'D6'},{'D3'},{'D7'},{'D5'},{'R3'},{'D1'},{'D4'},{'R2'},{'D2'},{'R1'},&,1.0,&
{'D6'},{'D3'},{'D7'},{'D4'},{'D1'},{'D5'},{'R2'},{'D2'},{'R3'},{'R1'},&,35.0,&
{'D6'},{'D3'},{'D7'},{'D4'},{'D1'},{'D5'},{'R2'},{'D2'},{'R1'},{'R3'},&,30.0,&
{'D6'},{'D3'},{'D7'},{'D4'},{'D1'},{'D5'},{'R2'},{'R3'},{'R1'},{'D2'},&,1.0,&
{'D6'},{'D3'},{'D7'},{'D4'},{'D1'},{'D5'},{'R2'},{'R3'},{'D2'},{'R1'},&,10.0,&
{'D6'},{'D3'},{'D7'},{'D4'},{'D1'},{'D5'},{'R2'},{'R1'},{'R3'},{'D2'},&,1.0,&
{'D6'},{'D3'},{'D7'},{'D4'},{'D1'},{'D5'},{'R2'},{'R1'},{'D2'},{'R3'},&,10.0,&
{'D6'},{'D3'},{'D7'},{'D4'},{'D1'},{'D5'},{'D2'},{'R3'},{'R1'},{'R2'},&,72.0,&
{'D6'},{'D3'},{'D7'},{'D4'},{'D1'},{'D5'},{'D2'},{'R3'},{'R2'},{'R1'},&,152.0,&
{'D6'},{'D3'},{'D7'},{'D4'},{'D1'},{'D5'},{'D2'},{'R2'},{'R3'},{'R1'},&,180.0,&
{'D6'},{'D3'},{'D7'},{'D4'},{'D1'},{'D5'},{'D2'},{'R2'},{'R1'},{'R3'},&,109.0,&
{'D6'},{'D3'},{'D7'},{'D4'},{'D1'},{'D5'},{'D2'},{'R1'},{'R3'},{'R2'},&,70.0,&
{'D6'},{'D3'},{'D7'},{'D4'},{'D1'},{'D5'},{'D2'},{'R1'},{'R2'},{'R3'},&,102.0,&
{'D6'},{'D3'},{'D7'},{'D4'},{'D1'},{'D5'},{'R3'},{'D2'},{'R1'},{'R2'},&,11.0,&
{'D6'},{'D3'},{'D7'},{'D4'},{'D1'},{'D5'},{'R3'},{'D2'},{'R2'},{'R1'},&,31.0,&
{'D6'},{'D3'},{'D7'},{'D4'},{'D1'},{'D5'},{'R3'},{'R2'},{'R1'},{'D2'},&,3.0,&
{'D6'},{'D3'},{'D7'},{'D4'},{'D1'},{'D5'},{'R3'},{'R2'},{'D2'},{'R1'},&,10.0,&
{'D6'},{'D3'},{'D7'},{'D4'},{'D1'},{'D5'},{'R3'},{'R1'},{'D2'},{'R2'},&,5.0,&
{'D6'},{'D3'},{'D7'},{'D4'},{'D1'},{'D5'},{'R1'},{'D2'},{'R3'},{'R2'},&,17.0,&
{'D6'},{'D3'},{'D7'},{'D4'},{'D1'},{'D5'},{'R1'},{'D2'},{'R2'},{'R3'},&,23.0,&
{'D6'},{'D3'},{'D7'},{'D4'},{'D1'},{'D5'},{'R1'},{'R3'},{'D2'},{'R2'},&,7.0,&
{'D6'},{'D3'},{'D7'},{'D4'},{'D1'},{'D5'},{'R1'},{'R2'},{'R3'},{'D2'},&,1.0,&
{'D6'},{'D3'},{'D7'},{'D4'},{'D1'},{'D5'},{'R1'},{'R2'},{'D2'},{'R3'},&,6.0,&
{'D6'},{'D3'},{'D7'},{'D4'},{'D1'},{'R2'},{'D2'},{'D5'},{'R3'},{'R1'},&,2.0,&
{'D6'},{'D3'},{'D7'},{'D4'},{'D1'},{'R2'},{'D2'},{'D5'},{'R1'},{'R3'},&,1.0,&
{'D6'},{'D3'},{'D7'},{'D4'},{'D1'},{'R2'},{'D5'},{'D2'},{'R3'},{'R1'},&,11.0,&
{'D6'},{'D3'},{'D7'},{'D4'},{'D1'},{'R2'},{'D5'},{'D2'},{'R1'},{'R3'},&,9.0,&
{'D6'},{'D3'},{'D7'},{'D4'},{'D1'},{'R2'},{'D5'},{'R3'},{'D2'},{'R1'},&,2.0,&
{'D6'},{'D3'},{'D7'},{'D4'},{'D1'},{'R2'},{'D5'},{'R1'},{'R3'},{'D2'},&,1.0,&
{'D6'},{'D3'},{'D7'},{'D4'},{'D1'},{'R2'},{'D5'},{'R1'},{'D2'},{'R3'},&,2.0,&
{'D6'},{'D3'},{'D7'},{'D4'},{'D1'},{'R2'},{'R1'},{'R3'},{'D5'},{'D2'},&,1.0,&
{'D6'},{'D3'},{'D7'},{'D4'},{'D1'},{'R2'},{'R1'},{'D5'},{'D2'},{'R3'},&,1.0,&
{'D6'},{'D3'},{'D7'},{'D4'},{'D1'},{'D2'},{'R2'},{'R3'},{'D5'},{'R1'},&,1.0,&
{'D6'},{'D3'},{'D7'},{'D4'},{'D1'},{'D2'},{'R2'},{'R1'},{'D5'},{'R3'},&,1.0,&
{'D6'},{'D3'},{'D7'},{'D4'},{'D1'},{'D2'},{'R2'},{'D5'},{'R3'},{'R1'},&,6.0,&
{'D6'},{'D3'},{'D7'},{'D4'},{'D1'},{'D2'},{'R2'},{'D5'},{'R1'},{'R3'},&,2.0,&
{'D6'},{'D3'},{'D7'},{'D4'},{'D1'},{'D2'},{'R3'},{'R1'},{'D5'},{'R2'},&,1.0,&
{'D6'},{'D3'},{'D7'},{'D4'},{'D1'},{'D2'},{'R3'},{'D5'},{'R1'},{'R2'},&,1.0,&
{'D6'},{'D3'},{'D7'},{'D4'},{'D1'},{'D2'},{'R3'},{'D5'},{'R2'},{'R1'},&,4.0,&
{'D6'},{'D3'},{'D7'},{'D4'},{'D1'},{'D2'},{'D5'},{'R3'},{'R1'},{'R2'},&,9.0,&
{'D6'},{'D3'},{'D7'},{'D4'},{'D1'},{'D2'},{'D5'},{'R3'},{'R2'},{'R1'},&,9.0,&
{'D6'},{'D3'},{'D7'},{'D4'},{'D1'},{'D2'},{'D5'},{'R2'},{'R3'},{'R1'},&,13.0,&
{'D6'},{'D3'},{'D7'},{'D4'},{'D1'},{'D2'},{'D5'},{'R2'},{'R1'},{'R3'},&,18.0,&
{'D6'},{'D3'},{'D7'},{'D4'},{'D1'},{'D2'},{'D5'},{'R1'},{'R3'},{'R2'},&,4.0,&
{'D6'},{'D3'},{'D7'},{'D4'},{'D1'},{'D2'},{'D5'},{'R1'},{'R2'},{'R3'},&,3.0,&
{'D6'},{'D3'},{'D7'},{'D4'},{'D1'},{'D2'},{'R1'},{'D5'},{'R3'},{'R2'},&,3.0,&
{'D6'},{'D3'},{'D7'},{'D4'},{'D1'},{'D2'},{'R1'},{'D5'},{'R2'},{'R3'},&,1.0,&
{'D6'},{'D3'},{'D7'},{'D4'},{'D1'},{'R1'},{'D5'},{'D2'},{'R3'},{'R2'},&,3.0,&
{'D6'},{'D3'},{'D7'},{'D4'},{'D1'},{'R1'},{'D5'},{'D2'},{'R2'},{'R3'},&,10.0,&
{'D6'},{'D3'},{'D7'},{'D4'},{'D1'},{'R1'},{'D5'},{'R3'},{'D2'},{'R2'},&,1.0,&
{'D6'},{'D3'},{'D7'},{'D4'},{'D1'},{'R3'},{'R2'},{'D5'},{'D2'},{'R1'},&,1.0,&
{'D6'},{'D3'},{'D7'},{'D4'},{'D1'},{'R3'},{'D2'},{'D5'},{'R2'},{'R1'},&,1.0,&
{'D6'},{'D3'},{'D7'},{'D4'},{'D1'},{'R3'},{'D5'},{'D2'},{'R1'},{'R2'},&,6.0,&
{'D6'},{'D3'},{'D7'},{'D4'},{'D1'},{'R3'},{'D5'},{'D2'},{'R2'},{'R1'},&,11.0,&
{'D6'},{'D3'},{'D7'},{'D4'},{'D1'},{'R3'},{'D5'},{'R2'},{'D2'},{'R1'},&,2.0,&
{'D6'},{'D3'},{'D7'},{'D4'},{'D1'},{'R3'},{'D5'},{'R1'},{'D2'},{'R2'},&,2.0,&
{'D6'},{'D3'},{'D7'},{'D4'},{'D1'},{'R3'},{'D5'},{'R1'},{'R2'},{'D2'},&,1.0,&
{'D6'},{'D3'},{'D7'},{'D4'},{'D5'},{'D1'},{'R2'},{'D2'},{'R3'},{'R1'},&,31.0,&
{'D6'},{'D3'},{'D7'},{'D4'},{'D5'},{'D1'},{'R2'},{'D2'},{'R1'},{'R3'},&,16.0,&
{'D6'},{'D3'},{'D7'},{'D4'},{'D5'},{'D1'},{'R2'},{'R3'},{'R1'},{'D2'},&,2.0,&
{'D6'},{'D3'},{'D7'},{'D4'},{'D5'},{'D1'},{'R2'},{'R3'},{'D2'},{'R1'},&,9.0,&
{'D6'},{'D3'},{'D7'},{'D4'},{'D5'},{'D1'},{'R2'},{'R1'},{'R3'},{'D2'},&,2.0,&
{'D6'},{'D3'},{'D7'},{'D4'},{'D5'},{'D1'},{'R2'},{'R1'},{'D2'},{'R3'},&,4.0,&
{'D6'},{'D3'},{'D7'},{'D4'},{'D5'},{'D1'},{'D2'},{'R3'},{'R1'},{'R2'},&,47.0,&
{'D6'},{'D3'},{'D7'},{'D4'},{'D5'},{'D1'},{'D2'},{'R3'},{'R2'},{'R1'},&,90.0,&
{'D6'},{'D3'},{'D7'},{'D4'},{'D5'},{'D1'},{'D2'},{'R2'},{'R3'},{'R1'},&,106.0,&
{'D6'},{'D3'},{'D7'},{'D4'},{'D5'},{'D1'},{'D2'},{'R2'},{'R1'},{'R3'},&,72.0,&
{'D6'},{'D3'},{'D7'},{'D4'},{'D5'},{'D1'},{'D2'},{'R1'},{'R3'},{'R2'},&,45.0,&
{'D6'},{'D3'},{'D7'},{'D4'},{'D5'},{'D1'},{'D2'},{'R1'},{'R2'},{'R3'},&,64.0,&
{'D6'},{'D3'},{'D7'},{'D4'},{'D5'},{'D1'},{'R3'},{'D2'},{'R1'},{'R2'},&,10.0,&
{'D6'},{'D3'},{'D7'},{'D4'},{'D5'},{'D1'},{'R3'},{'D2'},{'R2'},{'R1'},&,18.0,&
{'D6'},{'D3'},{'D7'},{'D4'},{'D5'},{'D1'},{'R3'},{'R2'},{'R1'},{'D2'},&,3.0,&
{'D6'},{'D3'},{'D7'},{'D4'},{'D5'},{'D1'},{'R3'},{'R2'},{'D2'},{'R1'},&,2.0,&
{'D6'},{'D3'},{'D7'},{'D4'},{'D5'},{'D1'},{'R3'},{'R1'},{'D2'},{'R2'},&,2.0,&
{'D6'},{'D3'},{'D7'},{'D4'},{'D5'},{'D1'},{'R1'},{'D2'},{'R3'},{'R2'},&,12.0,&
{'D6'},{'D3'},{'D7'},{'D4'},{'D5'},{'D1'},{'R1'},{'D2'},{'R2'},{'R3'},&,16.0,&
{'D6'},{'D3'},{'D7'},{'D4'},{'D5'},{'D1'},{'R1'},{'R3'},{'D2'},{'R2'},&,3.0,&
{'D6'},{'D3'},{'D7'},{'D4'},{'D5'},{'D1'},{'R1'},{'R3'},{'R2'},{'D2'},&,2.0,&
{'D6'},{'D3'},{'D7'},{'D4'},{'D5'},{'D1'},{'R1'},{'R2'},{'R3'},{'D2'},&,2.0,&
{'D6'},{'D3'},{'D7'},{'D4'},{'D5'},{'D1'},{'R1'},{'R2'},{'D2'},{'R3'},&,4.0,&
{'D6'},{'D3'},{'D7'},{'D4'},{'D5'},{'R2'},{'D2'},{'D1'},{'R3'},{'R1'},&,1.0,&
{'D6'},{'D3'},{'D7'},{'D4'},{'D5'},{'R2'},{'D1'},{'D2'},{'R3'},{'R1'},&,8.0,&
{'D6'},{'D3'},{'D7'},{'D4'},{'D5'},{'R2'},{'D1'},{'D2'},{'R1'},{'R3'},&,4.0,&
{'D6'},{'D3'},{'D7'},{'D4'},{'D5'},{'R2'},{'D1'},{'R3'},{'D2'},{'R1'},&,2.0,&
{'D6'},{'D3'},{'D7'},{'D4'},{'D5'},{'R2'},{'D1'},{'R1'},{'D2'},{'R3'},&,3.0,&
{'D6'},{'D3'},{'D7'},{'D4'},{'D5'},{'D2'},{'R2'},{'R3'},{'D1'},{'R1'},&,3.0,&
{'D6'},{'D3'},{'D7'},{'D4'},{'D5'},{'D2'},{'R2'},{'D1'},{'R3'},{'R1'},&,2.0,&
{'D6'},{'D3'},{'D7'},{'D4'},{'D5'},{'D2'},{'R2'},{'D1'},{'R1'},{'R3'},&,2.0,&
{'D6'},{'D3'},{'D7'},{'D4'},{'D5'},{'D2'},{'R3'},{'D1'},{'R2'},{'R1'},&,1.0,&
{'D6'},{'D3'},{'D7'},{'D4'},{'D5'},{'D2'},{'R1'},{'R3'},{'D1'},{'R2'},&,1.0,&
{'D6'},{'D3'},{'D7'},{'D4'},{'D5'},{'D2'},{'R1'},{'D1'},{'R3'},{'R2'},&,1.0,&
{'D6'},{'D3'},{'D7'},{'D4'},{'D5'},{'D2'},{'R1'},{'D1'},{'R2'},{'R3'},&,3.0,&
{'D6'},{'D3'},{'D7'},{'D4'},{'D5'},{'D2'},{'D1'},{'R3'},{'R1'},{'R2'},&,4.0,&
{'D6'},{'D3'},{'D7'},{'D4'},{'D5'},{'D2'},{'D1'},{'R3'},{'R2'},{'R1'},&,2.0,&
{'D6'},{'D3'},{'D7'},{'D4'},{'D5'},{'D2'},{'D1'},{'R2'},{'R3'},{'R1'},&,8.0,&
{'D6'},{'D3'},{'D7'},{'D4'},{'D5'},{'D2'},{'D1'},{'R2'},{'R1'},{'R3'},&,5.0,&
{'D6'},{'D3'},{'D7'},{'D4'},{'D5'},{'D2'},{'D1'},{'R1'},{'R3'},{'R2'},&,5.0,&
{'D6'},{'D3'},{'D7'},{'D4'},{'D5'},{'D2'},{'D1'},{'R1'},{'R2'},{'R3'},&,4.0,&
{'D6'},{'D3'},{'D7'},{'D4'},{'D5'},{'R1'},{'R2'},{'D1'},{'D2'},{'R3'},&,2.0,&
{'D6'},{'D3'},{'D7'},{'D4'},{'D5'},{'R1'},{'D1'},{'D2'},{'R3'},{'R2'},&,3.0,&
{'D6'},{'D3'},{'D7'},{'D4'},{'D5'},{'R1'},{'D1'},{'D2'},{'R2'},{'R3'},&,1.0,&
{'D6'},{'D3'},{'D7'},{'D4'},{'D5'},{'R3'},{'D2'},{'R2'},{'D1'},{'R1'},&,1.0,&
{'D6'},{'D3'},{'D7'},{'D4'},{'D5'},{'R3'},{'D2'},{'D1'},{'R2'},{'R1'},&,1.0,&
{'D6'},{'D3'},{'D7'},{'D4'},{'D5'},{'R3'},{'R1'},{'D1'},{'D2'},{'R2'},&,1.0,&
{'D6'},{'D3'},{'D7'},{'D4'},{'D5'},{'R3'},{'D1'},{'D2'},{'R2'},{'R1'},&,2.0,&
{'D6'},{'D3'},{'D7'},{'D4'},{'D5'},{'R3'},{'D1'},{'R2'},{'D2'},{'R1'},&,1.0,&
{'D6'},{'D3'},{'D7'},{'D4'},{'D5'},{'R3'},{'D1'},{'R1'},{'R2'},{'D2'},&,1.0,&
{'D6'},{'D3'},{'D7'},{'D4'},{'D2'},{'D5'},{'R2'},{'R3'},{'D1'},{'R1'},&,1.0,&
{'D6'},{'D3'},{'D7'},{'D4'},{'D2'},{'D5'},{'R3'},{'D1'},{'R2'},{'R1'},&,1.0,&
{'D6'},{'D3'},{'D7'},{'D4'},{'D2'},{'D5'},{'D1'},{'R3'},{'R1'},{'R2'},&,1.0,&
{'D6'},{'D3'},{'D7'},{'D4'},{'D2'},{'D5'},{'D1'},{'R3'},{'R2'},{'R1'},&,1.0,&
{'D6'},{'D3'},{'D7'},{'D4'},{'D2'},{'D5'},{'D1'},{'R2'},{'R3'},{'R1'},&,1.0,&
{'D6'},{'D3'},{'D7'},{'D4'},{'D2'},{'D5'},{'D1'},{'R2'},{'R1'},{'R3'},&,1.0,&
{'D6'},{'D3'},{'D7'},{'D4'},{'D2'},{'D5'},{'D1'},{'R1'},{'R3'},{'R2'},&,1.0,&
{'D6'},{'D3'},{'D7'},{'D4'},{'D2'},{'D5'},{'D1'},{'R1'},{'R2'},{'R3'},&,2.0,&
{'D6'},{'D3'},{'D7'},{'D4'},{'D2'},{'D1'},{'R2'},{'R3'},{'D5'},{'R1'},&,1.0,&
{'D6'},{'D3'},{'D7'},{'D4'},{'D2'},{'D1'},{'R2'},{'R1'},{'D5'},{'R3'},&,2.0,&
{'D6'},{'D3'},{'D7'},{'D4'},{'D2'},{'D1'},{'R2'},{'D5'},{'R1'},{'R3'},&,2.0,&
{'D6'},{'D3'},{'D7'},{'D4'},{'D2'},{'D1'},{'R3'},{'R1'},{'R2'},{'D5'},&,1.0,&
{'D6'},{'D3'},{'D7'},{'D4'},{'D2'},{'D1'},{'R3'},{'D5'},{'R1'},{'R2'},&,1.0,&
{'D6'},{'D3'},{'D7'},{'D4'},{'D2'},{'D1'},{'R3'},{'D5'},{'R2'},{'R1'},&,2.0,&
{'D6'},{'D3'},{'D7'},{'D4'},{'D2'},{'D1'},{'D5'},{'R3'},{'R1'},{'R2'},&,1.0,&
{'D6'},{'D3'},{'D7'},{'D4'},{'D2'},{'D1'},{'D5'},{'R3'},{'R2'},{'R1'},&,1.0,&
{'D6'},{'D3'},{'D7'},{'D4'},{'D2'},{'D1'},{'D5'},{'R2'},{'R3'},{'R1'},&,6.0,&
{'D6'},{'D3'},{'D7'},{'D4'},{'D2'},{'D1'},{'D5'},{'R2'},{'R1'},{'R3'},&,6.0,&
{'D6'},{'D3'},{'D7'},{'D4'},{'D2'},{'D1'},{'D5'},{'R1'},{'R3'},{'R2'},&,5.0,&
{'D6'},{'D3'},{'D7'},{'D4'},{'D2'},{'D1'},{'D5'},{'R1'},{'R2'},{'R3'},&,3.0,&
{'D6'},{'D3'},{'D7'},{'D4'},{'D2'},{'D1'},{'R1'},{'R3'},{'D5'},{'R2'},&,1.0,&
{'D6'},{'D3'},{'D7'},{'D4'},{'D2'},{'D1'},{'R1'},{'D5'},{'R2'},{'R3'},&,1.0,&
{'D6'},{'D3'},{'D7'},{'D4'},{'D2'},{'R2'},{'D1'},{'D5'},{'R3'},{'R1'},&,2.0,&
{'D6'},{'D3'},{'D7'},{'D4'},{'R1'},{'D1'},{'D5'},{'D2'},{'R3'},{'R2'},&,1.0,&
{'D6'},{'D3'},{'D7'},{'D4'},{'R1'},{'D1'},{'D5'},{'R2'},{'D2'},{'R3'},&,2.0,&
{'D6'},{'D3'},{'D7'},{'D4'},{'R2'},{'D5'},{'R3'},{'R1'},{'D1'},{'D2'},&,1.0,&
{'D6'},{'D3'},{'D7'},{'D4'},{'R2'},{'D5'},{'D1'},{'D2'},{'R1'},{'R3'},&,2.0,&
{'D6'},{'D3'},{'D7'},{'D4'},{'R2'},{'D5'},{'D1'},{'R3'},{'R1'},{'D2'},&,1.0,&
{'D6'},{'D3'},{'D7'},{'D4'},{'R2'},{'D5'},{'D1'},{'R1'},{'D2'},{'R3'},&,1.0,&
{'D6'},{'D3'},{'D7'},{'D4'},{'R2'},{'D1'},{'D2'},{'R3'},{'D5'},{'R1'},&,1.0,&
{'D6'},{'D3'},{'D7'},{'D4'},{'R2'},{'D1'},{'D5'},{'D2'},{'R3'},{'R1'},&,2.0,&
{'D6'},{'D3'},{'D7'},{'D4'},{'R2'},{'D1'},{'D5'},{'D2'},{'R1'},{'R3'},&,4.0,&
{'D6'},{'D3'},{'D7'},{'D4'},{'R2'},{'D1'},{'D5'},{'R3'},{'D2'},{'R1'},&,1.0,&
{'D6'},{'D3'},{'D7'},{'D4'},{'R2'},{'D1'},{'D5'},{'R1'},{'D2'},{'R3'},&,3.0,&
{'D6'},{'D3'},{'D7'},{'D4'},{'R2'},{'D1'},{'R1'},{'D5'},{'D2'},{'R3'},&,1.0,&
{'D6'},{'D3'},{'D7'},{'D4'},{'R3'},{'D5'},{'R2'},{'D1'},{'R1'},{'D2'},&,1.0,&
{'D6'},{'D3'},{'D7'},{'D4'},{'R3'},{'D5'},{'D1'},{'D2'},{'R2'},{'R1'},&,2.0,&
{'D6'},{'D3'},{'D7'},{'D4'},{'R3'},{'D1'},{'D5'},{'D2'},{'R2'},{'R1'},&,3.0,&
{'D6'},{'D3'},{'D7'},{'D4'},{'R3'},{'D1'},{'D5'},{'R1'},{'D2'},{'R2'},&,1.0,&
{'D6'},{'D3'},{'D7'},{'D2'},{'D1'},{'D5'},{'R1'},{'R2'},{'D4'},{'R3'},&,1.0,&
{'D6'},{'D3'},{'D7'},{'D2'},{'D1'},{'D5'},{'D4'},{'R2'},{'R3'},{'R1'},&,2.0,&
{'D6'},{'D3'},{'D7'},{'D2'},{'D1'},{'D5'},{'D4'},{'R1'},{'R3'},{'R2'},&,2.0,&
{'D6'},{'D3'},{'D7'},{'D2'},{'D1'},{'D4'},{'R2'},{'D5'},{'R3'},{'R1'},&,1.0,&
{'D6'},{'D3'},{'D7'},{'D2'},{'D1'},{'D4'},{'R2'},{'D5'},{'R1'},{'R3'},&,1.0,&
{'D6'},{'D3'},{'D7'},{'D2'},{'D1'},{'D4'},{'R3'},{'D5'},{'R2'},{'R1'},&,3.0,&
{'D6'},{'D3'},{'D7'},{'D2'},{'D1'},{'D4'},{'D5'},{'R3'},{'R1'},{'R2'},&,3.0,&
{'D6'},{'D3'},{'D7'},{'D2'},{'D1'},{'D4'},{'D5'},{'R3'},{'R2'},{'R1'},&,2.0,&
{'D6'},{'D3'},{'D7'},{'D2'},{'D1'},{'D4'},{'D5'},{'R2'},{'R3'},{'R1'},&,3.0,&
{'D6'},{'D3'},{'D7'},{'D2'},{'D1'},{'D4'},{'D5'},{'R2'},{'R1'},{'R3'},&,1.0,&
{'D6'},{'D3'},{'D7'},{'D2'},{'D1'},{'D4'},{'D5'},{'R1'},{'R3'},{'R2'},&,1.0,&
{'D6'},{'D3'},{'D7'},{'D2'},{'D1'},{'D4'},{'R1'},{'D5'},{'R2'},{'R3'},&,1.0,&
{'D6'},{'D3'},{'D7'},{'D2'},{'D1'},{'R3'},{'D5'},{'D4'},{'R2'},{'R1'},&,1.0,&
{'D6'},{'D3'},{'D7'},{'D2'},{'D5'},{'D4'},{'D1'},{'R3'},{'R1'},{'R2'},&,2.0,&
{'D6'},{'D3'},{'D7'},{'D2'},{'D5'},{'D4'},{'D1'},{'R1'},{'R3'},{'R2'},&,1.0,&
{'D6'},{'D3'},{'D7'},{'D2'},{'D5'},{'D4'},{'D1'},{'R1'},{'R2'},{'R3'},&,2.0,&
{'D6'},{'D3'},{'D7'},{'D2'},{'D5'},{'D1'},{'R2'},{'D4'},{'R1'},{'R3'},&,1.0,&
{'D6'},{'D3'},{'D7'},{'D2'},{'D5'},{'D1'},{'D4'},{'R3'},{'R2'},{'R1'},&,1.0,&
{'D6'},{'D3'},{'D7'},{'D2'},{'D5'},{'D1'},{'D4'},{'R2'},{'R1'},{'R3'},&,2.0,&
{'D6'},{'D3'},{'D7'},{'D2'},{'D5'},{'D1'},{'D4'},{'R1'},{'R3'},{'R2'},&,1.0,&
{'D6'},{'D3'},{'D7'},{'D2'},{'D5'},{'R3'},{'D1'},{'D4'},{'R2'},{'R1'},&,1.0,&
{'D6'},{'D3'},{'D7'},{'D2'},{'D4'},{'D5'},{'R2'},{'D1'},{'R1'},{'R3'},&,1.0,&
{'D6'},{'D3'},{'D7'},{'D2'},{'D4'},{'D5'},{'R1'},{'R2'},{'D1'},{'R3'},&,1.0,&
{'D6'},{'D3'},{'D7'},{'D2'},{'D4'},{'D5'},{'D1'},{'R3'},{'R2'},{'R1'},&,4.0,&
{'D6'},{'D3'},{'D7'},{'D2'},{'D4'},{'D5'},{'D1'},{'R2'},{'R3'},{'R1'},&,1.0,&
{'D6'},{'D3'},{'D7'},{'D2'},{'D4'},{'D5'},{'D1'},{'R2'},{'R1'},{'R3'},&,1.0,&
{'D6'},{'D3'},{'D7'},{'D2'},{'D4'},{'D5'},{'D1'},{'R1'},{'R2'},{'R3'},&,5.0,&
{'D6'},{'D3'},{'D7'},{'D2'},{'D4'},{'D1'},{'R2'},{'R3'},{'D5'},{'R1'},&,2.0,&
{'D6'},{'D3'},{'D7'},{'D2'},{'D4'},{'D1'},{'R2'},{'D5'},{'R1'},{'R3'},&,1.0,&
{'D6'},{'D3'},{'D7'},{'D2'},{'D4'},{'D1'},{'R3'},{'R1'},{'D5'},{'R2'},&,1.0,&
{'D6'},{'D3'},{'D7'},{'D2'},{'D4'},{'D1'},{'R3'},{'D5'},{'R1'},{'R2'},&,1.0,&
{'D6'},{'D3'},{'D7'},{'D2'},{'D4'},{'D1'},{'D5'},{'R3'},{'R1'},{'R2'},&,1.0,&
{'D6'},{'D3'},{'D7'},{'D2'},{'D4'},{'D1'},{'D5'},{'R3'},{'R2'},{'R1'},&,4.0,&
{'D6'},{'D3'},{'D7'},{'D2'},{'D4'},{'D1'},{'D5'},{'R2'},{'R3'},{'R1'},&,5.0,&
{'D6'},{'D3'},{'D7'},{'D2'},{'D4'},{'D1'},{'D5'},{'R1'},{'R3'},{'R2'},&,2.0,&
{'D6'},{'D3'},{'D7'},{'D2'},{'D4'},{'D1'},{'D5'},{'R1'},{'R2'},{'R3'},&,1.0,&
{'D6'},{'D3'},{'D7'},{'D2'},{'D4'},{'R2'},{'D5'},{'D1'},{'R3'},{'R1'},&,1.0,&
{'D6'},{'D3'},{'D7'},{'D2'},{'D4'},{'R2'},{'D1'},{'R1'},{'D5'},{'R3'},&,1.0,&
{'D6'},{'D3'},{'D7'},{'D2'},{'D4'},{'R1'},{'D1'},{'D5'},{'R3'},{'R2'},&,1.0,&
{'D6'},{'D3'},{'D7'},{'D2'},{'R1'},{'D4'},{'D5'},{'D1'},{'R3'},{'R2'},&,1.0,&
{'D6'},{'D3'},{'D7'},{'D2'},{'R2'},{'D4'},{'D1'},{'R3'},{'D5'},{'R1'},&,1.0,&
{'D6'},{'D3'},{'D7'},{'R2'},{'D1'},{'D5'},{'D4'},{'D2'},{'R3'},{'R1'},&,1.0,&
{'D6'},{'D3'},{'D7'},{'R2'},{'D1'},{'D4'},{'D2'},{'R3'},{'D5'},{'R1'},&,1.0,&
{'D6'},{'D3'},{'D7'},{'R2'},{'D1'},{'D4'},{'D5'},{'D2'},{'R3'},{'R1'},&,1.0,&
{'D6'},{'D3'},{'D7'},{'R2'},{'D4'},{'D5'},{'D1'},{'D2'},{'R1'},{'R3'},&,1.0,&
{'D6'},{'D3'},{'D7'},{'R2'},{'D4'},{'D1'},{'D2'},{'D5'},{'R1'},{'R3'},&,1.0,&
{'D6'},{'D3'},{'D7'},{'R3'},{'D5'},{'D4'},{'D1'},{'D2'},{'R1'},{'R2'},&,1.0,&
{'D6'},{'D3'},{'D7'},{'R3'},{'D5'},{'D4'},{'D1'},{'D2'},{'R2'},{'R1'},&,1.0,&
{'D6'},{'D3'},{'D7'},{'R1'},{'D1'},{'D4'},{'D2'},{'D5'},{'R2'},{'R3'},&,1.0,&
{'D6'},{'D3'},{'D7'},{'R1'},{'D1'},{'D4'},{'D5'},{'D2'},{'R3'},{'R2'},&,1.0,&
{'D6'},{'D3'},{'D7'},{'R1'},{'D1'},{'D4'},{'D5'},{'D2'},{'R2'},{'R3'},&,1.0,&
{'D6'},{'D3'},{'D7'},{'R1'},{'D4'},{'D5'},{'D1'},{'D2'},{'R3'},{'R2'},&,1.0,&
{'D6'},{'D3'},{'D7'},{'R1'},{'D4'},{'D1'},{'D2'},{'R2'},{'D5'},{'R3'},&,1.0,&
{'D6'},{'D3'},{'D5'},{'D1'},{'D4'},{'D7'},{'D2'},{'R3'},{'R2'},{'R1'},&,1.0,&
{'D6'},{'D3'},{'D5'},{'D1'},{'D4'},{'D7'},{'D2'},{'R2'},{'R3'},{'R1'},&,1.0,&
{'D6'},{'D3'},{'D5'},{'D1'},{'D4'},{'D7'},{'R1'},{'D2'},{'R2'},{'R3'},&,1.0,&
{'D6'},{'D3'},{'D5'},{'D1'},{'D7'},{'D4'},{'R2'},{'D2'},{'R3'},{'R1'},&,1.0,&
{'D6'},{'D3'},{'D5'},{'D1'},{'D7'},{'D4'},{'R2'},{'D2'},{'R1'},{'R3'},&,1.0,&
{'D6'},{'D3'},{'D5'},{'D1'},{'D7'},{'D4'},{'D2'},{'R3'},{'R1'},{'R2'},&,1.0,&
{'D6'},{'D3'},{'D5'},{'D1'},{'D7'},{'D4'},{'D2'},{'R3'},{'R2'},{'R1'},&,1.0,&
{'D6'},{'D3'},{'D5'},{'D1'},{'D7'},{'D4'},{'D2'},{'R2'},{'R3'},{'R1'},&,1.0,&
{'D6'},{'D3'},{'D5'},{'D1'},{'D7'},{'D4'},{'D2'},{'R1'},{'R2'},{'R3'},&,1.0,&
{'D6'},{'D3'},{'D5'},{'D1'},{'D7'},{'D4'},{'R3'},{'R2'},{'D2'},{'R1'},&,1.0,&
{'D6'},{'D3'},{'D5'},{'D1'},{'D7'},{'D4'},{'R3'},{'R1'},{'R2'},{'D2'},&,1.0,&
{'D6'},{'D3'},{'D5'},{'D4'},{'D1'},{'R2'},{'D7'},{'D2'},{'R3'},{'R1'},&,1.0,&
{'D6'},{'D3'},{'D5'},{'D4'},{'D7'},{'D1'},{'R2'},{'D2'},{'R3'},{'R1'},&,3.0,&
{'D6'},{'D3'},{'D5'},{'D4'},{'D7'},{'D1'},{'R2'},{'D2'},{'R1'},{'R3'},&,1.0,&
{'D6'},{'D3'},{'D5'},{'D4'},{'D7'},{'D1'},{'D2'},{'R3'},{'R1'},{'R2'},&,2.0,&
{'D6'},{'D3'},{'D5'},{'D4'},{'D7'},{'D1'},{'D2'},{'R3'},{'R2'},{'R1'},&,1.0,&
{'D6'},{'D3'},{'D5'},{'D4'},{'D7'},{'D1'},{'D2'},{'R2'},{'R3'},{'R1'},&,5.0,&
{'D6'},{'D3'},{'D5'},{'D4'},{'D7'},{'D1'},{'D2'},{'R2'},{'R1'},{'R3'},&,5.0,&
{'D6'},{'D3'},{'D5'},{'D4'},{'D7'},{'D1'},{'D2'},{'R1'},{'R3'},{'R2'},&,2.0,&
{'D6'},{'D3'},{'D5'},{'D4'},{'D7'},{'D1'},{'D2'},{'R1'},{'R2'},{'R3'},&,1.0,&
{'D6'},{'D3'},{'D5'},{'D4'},{'D7'},{'D1'},{'R3'},{'D2'},{'R2'},{'R1'},&,1.0,&
{'D6'},{'D3'},{'D5'},{'D4'},{'D7'},{'D1'},{'R1'},{'D2'},{'R2'},{'R3'},&,2.0,&
{'D6'},{'D3'},{'D5'},{'D4'},{'D7'},{'R2'},{'D1'},{'D2'},{'R1'},{'R3'},&,2.0,&
{'D6'},{'D3'},{'D5'},{'D4'},{'D7'},{'D2'},{'R2'},{'D1'},{'R3'},{'R1'},&,1.0,&
{'D6'},{'D3'},{'D5'},{'D4'},{'D7'},{'D2'},{'R3'},{'R1'},{'D1'},{'R2'},&,1.0,&
{'D6'},{'D3'},{'D5'},{'D4'},{'D7'},{'D2'},{'D1'},{'R3'},{'R1'},{'R2'},&,1.0,&
{'D6'},{'D3'},{'D5'},{'D4'},{'D7'},{'D2'},{'D1'},{'R3'},{'R2'},{'R1'},&,1.0,&
{'D6'},{'D3'},{'D5'},{'D4'},{'D7'},{'D2'},{'D1'},{'R1'},{'R3'},{'R2'},&,1.0,&
{'D6'},{'D3'},{'D5'},{'D7'},{'D1'},{'D4'},{'R2'},{'D2'},{'R3'},{'R1'},&,3.0,&
{'D6'},{'D3'},{'D5'},{'D7'},{'D1'},{'D4'},{'R2'},{'D2'},{'R1'},{'R3'},&,1.0,&
{'D6'},{'D3'},{'D5'},{'D7'},{'D1'},{'D4'},{'R2'},{'R3'},{'D2'},{'R1'},&,1.0,&
{'D6'},{'D3'},{'D5'},{'D7'},{'D1'},{'D4'},{'D2'},{'R3'},{'R1'},{'R2'},&,2.0,&
{'D6'},{'D3'},{'D5'},{'D7'},{'D1'},{'D4'},{'D2'},{'R3'},{'R2'},{'R1'},&,6.0,&
{'D6'},{'D3'},{'D5'},{'D7'},{'D1'},{'D4'},{'D2'},{'R2'},{'R3'},{'R1'},&,11.0,&
{'D6'},{'D3'},{'D5'},{'D7'},{'D1'},{'D4'},{'D2'},{'R2'},{'R1'},{'R3'},&,6.0,&
{'D6'},{'D3'},{'D5'},{'D7'},{'D1'},{'D4'},{'D2'},{'R1'},{'R3'},{'R2'},&,3.0,&
{'D6'},{'D3'},{'D5'},{'D7'},{'D1'},{'D4'},{'D2'},{'R1'},{'R2'},{'R3'},&,2.0,&
{'D6'},{'D3'},{'D5'},{'D7'},{'D1'},{'D4'},{'R3'},{'D2'},{'R1'},{'R2'},&,1.0,&
{'D6'},{'D3'},{'D5'},{'D7'},{'D1'},{'D4'},{'R3'},{'D2'},{'R2'},{'R1'},&,3.0,&
{'D6'},{'D3'},{'D5'},{'D7'},{'D1'},{'D4'},{'R1'},{'D2'},{'R2'},{'R3'},&,2.0,&
{'D6'},{'D3'},{'D5'},{'D7'},{'D1'},{'D4'},{'R1'},{'R3'},{'D2'},{'R2'},&,1.0,&
{'D6'},{'D3'},{'D5'},{'D7'},{'D1'},{'R2'},{'D4'},{'D2'},{'R3'},{'R1'},&,2.0,&
{'D6'},{'D3'},{'D5'},{'D7'},{'D1'},{'R2'},{'D4'},{'R1'},{'D2'},{'R3'},&,1.0,&
{'D6'},{'D3'},{'D5'},{'D7'},{'D1'},{'D2'},{'D4'},{'R2'},{'R3'},{'R1'},&,2.0,&
{'D6'},{'D3'},{'D5'},{'D7'},{'D1'},{'R1'},{'D4'},{'R2'},{'R3'},{'D2'},&,1.0,&
{'D6'},{'D3'},{'D5'},{'D7'},{'D1'},{'R3'},{'D4'},{'D2'},{'R2'},{'R1'},&,1.0,&
{'D6'},{'D3'},{'D5'},{'D7'},{'D4'},{'D1'},{'R2'},{'D2'},{'R3'},{'R1'},&,4.0,&
{'D6'},{'D3'},{'D5'},{'D7'},{'D4'},{'D1'},{'R2'},{'D2'},{'R1'},{'R3'},&,3.0,&
{'D6'},{'D3'},{'D5'},{'D7'},{'D4'},{'D1'},{'R2'},{'R3'},{'R1'},{'D2'},&,1.0,&
{'D6'},{'D3'},{'D5'},{'D7'},{'D4'},{'D1'},{'R2'},{'R3'},{'D2'},{'R1'},&,3.0,&
{'D6'},{'D3'},{'D5'},{'D7'},{'D4'},{'D1'},{'D2'},{'R3'},{'R1'},{'R2'},&,8.0,&
{'D6'},{'D3'},{'D5'},{'D7'},{'D4'},{'D1'},{'D2'},{'R3'},{'R2'},{'R1'},&,8.0,&
{'D6'},{'D3'},{'D5'},{'D7'},{'D4'},{'D1'},{'D2'},{'R2'},{'R3'},{'R1'},&,18.0,&
{'D6'},{'D3'},{'D5'},{'D7'},{'D4'},{'D1'},{'D2'},{'R2'},{'R1'},{'R3'},&,15.0,&
{'D6'},{'D3'},{'D5'},{'D7'},{'D4'},{'D1'},{'D2'},{'R1'},{'R3'},{'R2'},&,15.0,&
{'D6'},{'D3'},{'D5'},{'D7'},{'D4'},{'D1'},{'D2'},{'R1'},{'R2'},{'R3'},&,5.0,&
{'D6'},{'D3'},{'D5'},{'D7'},{'D4'},{'D1'},{'R3'},{'D2'},{'R1'},{'R2'},&,1.0,&
{'D6'},{'D3'},{'D5'},{'D7'},{'D4'},{'D1'},{'R3'},{'D2'},{'R2'},{'R1'},&,1.0,&
{'D6'},{'D3'},{'D5'},{'D7'},{'D4'},{'D1'},{'R3'},{'R1'},{'D2'},{'R2'},&,1.0,&
{'D6'},{'D3'},{'D5'},{'D7'},{'D4'},{'D1'},{'R1'},{'D2'},{'R2'},{'R3'},&,1.0,&
{'D6'},{'D3'},{'D5'},{'D7'},{'D4'},{'D1'},{'R1'},{'R2'},{'D2'},{'R3'},&,1.0,&
{'D6'},{'D3'},{'D5'},{'D7'},{'D4'},{'R2'},{'D2'},{'D1'},{'R3'},{'R1'},&,1.0,&
{'D6'},{'D3'},{'D5'},{'D7'},{'D4'},{'R2'},{'R1'},{'D1'},{'D2'},{'R3'},&,2.0,&
{'D6'},{'D3'},{'D5'},{'D7'},{'D4'},{'R2'},{'D1'},{'D2'},{'R3'},{'R1'},&,1.0,&
{'D6'},{'D3'},{'D5'},{'D7'},{'D4'},{'R2'},{'D1'},{'R3'},{'D2'},{'R1'},&,1.0,&
{'D6'},{'D3'},{'D5'},{'D7'},{'D4'},{'D2'},{'D1'},{'R3'},{'R2'},{'R1'},&,3.0,&
{'D6'},{'D3'},{'D5'},{'D7'},{'D4'},{'D2'},{'D1'},{'R1'},{'R3'},{'R2'},&,1.0,&
{'D6'},{'D3'},{'D5'},{'D7'},{'D4'},{'R3'},{'D2'},{'D1'},{'R2'},{'R1'},&,1.0,&
{'D6'},{'D3'},{'D5'},{'D7'},{'D4'},{'R3'},{'D1'},{'D2'},{'R1'},{'R2'},&,1.0,&
{'D6'},{'D3'},{'D5'},{'D7'},{'D2'},{'D4'},{'D1'},{'R1'},{'R2'},{'R3'},&,1.0,&
{'D6'},{'D3'},{'D5'},{'D7'},{'D2'},{'D1'},{'R1'},{'D4'},{'R3'},{'R2'},&,1.0,&
{'D6'},{'D3'},{'D5'},{'D7'},{'D2'},{'D1'},{'D4'},{'R2'},{'R1'},{'R3'},&,2.0,&
{'D6'},{'D3'},{'D5'},{'D7'},{'R2'},{'D4'},{'D1'},{'R3'},{'D2'},{'R1'},&,1.0,&
{'D6'},{'D3'},{'D5'},{'R2'},{'D7'},{'D4'},{'D1'},{'D2'},{'R3'},{'R1'},&,1.0,&
{'D6'},{'D3'},{'D5'},{'R1'},{'D4'},{'D7'},{'D1'},{'D2'},{'R3'},{'R2'},&,1.0,&
{'D6'},{'D3'},{'D1'},{'D5'},{'D4'},{'R3'},{'D7'},{'D2'},{'R1'},{'R2'},&,1.0,&
{'D6'},{'D3'},{'D1'},{'D5'},{'D4'},{'D7'},{'D2'},{'R1'},{'R2'},{'R3'},&,1.0,&
{'D6'},{'D3'},{'D1'},{'D5'},{'D7'},{'D4'},{'R2'},{'R3'},{'D2'},{'R1'},&,1.0,&
{'D6'},{'D3'},{'D1'},{'D5'},{'D7'},{'D4'},{'D2'},{'R3'},{'R2'},{'R1'},&,3.0,&
{'D6'},{'D3'},{'D1'},{'D5'},{'D7'},{'D4'},{'D2'},{'R2'},{'R3'},{'R1'},&,2.0,&
{'D6'},{'D3'},{'D1'},{'D5'},{'D7'},{'D4'},{'D2'},{'R2'},{'R1'},{'R3'},&,3.0,&
{'D6'},{'D3'},{'D1'},{'D5'},{'D7'},{'D4'},{'D2'},{'R1'},{'R3'},{'R2'},&,1.0,&
{'D6'},{'D3'},{'D1'},{'D5'},{'D7'},{'D4'},{'D2'},{'R1'},{'R2'},{'R3'},&,1.0,&
{'D6'},{'D3'},{'D1'},{'D5'},{'D7'},{'D4'},{'R3'},{'D2'},{'R1'},{'R2'},&,1.0,&
{'D6'},{'D3'},{'D1'},{'D4'},{'D5'},{'D7'},{'D2'},{'R2'},{'R1'},{'R3'},&,1.0,&
{'D6'},{'D3'},{'D1'},{'D4'},{'D5'},{'D7'},{'D2'},{'R1'},{'R2'},{'R3'},&,1.0,&
{'D6'},{'D3'},{'D1'},{'D4'},{'D7'},{'D5'},{'R2'},{'D2'},{'R3'},{'R1'},&,4.0,&
{'D6'},{'D3'},{'D1'},{'D4'},{'D7'},{'D5'},{'R2'},{'D2'},{'R1'},{'R3'},&,2.0,&
{'D6'},{'D3'},{'D1'},{'D4'},{'D7'},{'D5'},{'R2'},{'R1'},{'D2'},{'R3'},&,1.0,&
{'D6'},{'D3'},{'D1'},{'D4'},{'D7'},{'D5'},{'D2'},{'R3'},{'R2'},{'R1'},&,1.0,&
{'D6'},{'D3'},{'D1'},{'D4'},{'D7'},{'D5'},{'D2'},{'R2'},{'R3'},{'R1'},&,2.0,&
{'D6'},{'D3'},{'D1'},{'D4'},{'D7'},{'D5'},{'D2'},{'R2'},{'R1'},{'R3'},&,7.0,&
{'D6'},{'D3'},{'D1'},{'D4'},{'D7'},{'D5'},{'D2'},{'R1'},{'R3'},{'R2'},&,2.0,&
{'D6'},{'D3'},{'D1'},{'D4'},{'D7'},{'D5'},{'D2'},{'R1'},{'R2'},{'R3'},&,3.0,&
{'D6'},{'D3'},{'D1'},{'D4'},{'D7'},{'D5'},{'R3'},{'D2'},{'R1'},{'R2'},&,1.0,&
{'D6'},{'D3'},{'D1'},{'D4'},{'D7'},{'D5'},{'R3'},{'D2'},{'R2'},{'R1'},&,1.0,&
{'D6'},{'D3'},{'D1'},{'D4'},{'D7'},{'R2'},{'D5'},{'R3'},{'D2'},{'R1'},&,1.0,&
{'D6'},{'D3'},{'D1'},{'D4'},{'D7'},{'R1'},{'D5'},{'D2'},{'R3'},{'R2'},&,1.0,&
{'D6'},{'D3'},{'D1'},{'D4'},{'D7'},{'R1'},{'D5'},{'D2'},{'R2'},{'R3'},&,1.0,&
{'D6'},{'D3'},{'D1'},{'D7'},{'D5'},{'D4'},{'R2'},{'D2'},{'R3'},{'R1'},&,2.0,&
{'D6'},{'D3'},{'D1'},{'D7'},{'D5'},{'D4'},{'R2'},{'D2'},{'R1'},{'R3'},&,2.0,&
{'D6'},{'D3'},{'D1'},{'D7'},{'D5'},{'D4'},{'R2'},{'R3'},{'R1'},{'D2'},&,1.0,&
{'D6'},{'D3'},{'D1'},{'D7'},{'D5'},{'D4'},{'D2'},{'R3'},{'R1'},{'R2'},&,3.0,&
{'D6'},{'D3'},{'D1'},{'D7'},{'D5'},{'D4'},{'D2'},{'R3'},{'R2'},{'R1'},&,13.0,&
{'D6'},{'D3'},{'D1'},{'D7'},{'D5'},{'D4'},{'D2'},{'R2'},{'R3'},{'R1'},&,14.0,&
{'D6'},{'D3'},{'D1'},{'D7'},{'D5'},{'D4'},{'D2'},{'R2'},{'R1'},{'R3'},&,6.0,&
{'D6'},{'D3'},{'D1'},{'D7'},{'D5'},{'D4'},{'D2'},{'R1'},{'R3'},{'R2'},&,3.0,&
{'D6'},{'D3'},{'D1'},{'D7'},{'D5'},{'D4'},{'D2'},{'R1'},{'R2'},{'R3'},&,7.0,&
{'D6'},{'D3'},{'D1'},{'D7'},{'D5'},{'D4'},{'R3'},{'D2'},{'R2'},{'R1'},&,1.0,&
{'D6'},{'D3'},{'D1'},{'D7'},{'D5'},{'D4'},{'R1'},{'D2'},{'R3'},{'R2'},&,4.0,&
{'D6'},{'D3'},{'D1'},{'D7'},{'D5'},{'D4'},{'R1'},{'D2'},{'R2'},{'R3'},&,1.0,&
{'D6'},{'D3'},{'D1'},{'D7'},{'D5'},{'R2'},{'D4'},{'D2'},{'R3'},{'R1'},&,1.0,&
{'D6'},{'D3'},{'D1'},{'D7'},{'D5'},{'R2'},{'D4'},{'R3'},{'D2'},{'R1'},&,1.0,&
{'D6'},{'D3'},{'D1'},{'D7'},{'D5'},{'D2'},{'R2'},{'D4'},{'R1'},{'R3'},&,1.0,&
{'D6'},{'D3'},{'D1'},{'D7'},{'D5'},{'D2'},{'D4'},{'R3'},{'R1'},{'R2'},&,1.0,&
{'D6'},{'D3'},{'D1'},{'D7'},{'D5'},{'D2'},{'D4'},{'R2'},{'R3'},{'R1'},&,1.0,&
{'D6'},{'D3'},{'D1'},{'D7'},{'D5'},{'D2'},{'D4'},{'R1'},{'R2'},{'R3'},&,1.0,&
{'D6'},{'D3'},{'D1'},{'D7'},{'D5'},{'R3'},{'D4'},{'D2'},{'R1'},{'R2'},&,1.0,&
{'D6'},{'D3'},{'D1'},{'D7'},{'D5'},{'R3'},{'D4'},{'D2'},{'R2'},{'R1'},&,1.0,&
{'D6'},{'D3'},{'D1'},{'D7'},{'D4'},{'D5'},{'R2'},{'D2'},{'R3'},{'R1'},&,7.0,&
{'D6'},{'D3'},{'D1'},{'D7'},{'D4'},{'D5'},{'R2'},{'D2'},{'R1'},{'R3'},&,4.0,&
{'D6'},{'D3'},{'D1'},{'D7'},{'D4'},{'D5'},{'R2'},{'R3'},{'R1'},{'D2'},&,2.0,&
{'D6'},{'D3'},{'D1'},{'D7'},{'D4'},{'D5'},{'R2'},{'R3'},{'D2'},{'R1'},&,1.0,&
{'D6'},{'D3'},{'D1'},{'D7'},{'D4'},{'D5'},{'R2'},{'R1'},{'D2'},{'R3'},&,4.0,&
{'D6'},{'D3'},{'D1'},{'D7'},{'D4'},{'D5'},{'D2'},{'R3'},{'R1'},{'R2'},&,9.0,&
{'D6'},{'D3'},{'D1'},{'D7'},{'D4'},{'D5'},{'D2'},{'R3'},{'R2'},{'R1'},&,24.0,&
{'D6'},{'D3'},{'D1'},{'D7'},{'D4'},{'D5'},{'D2'},{'R2'},{'R3'},{'R1'},&,22.0,&
{'D6'},{'D3'},{'D1'},{'D7'},{'D4'},{'D5'},{'D2'},{'R2'},{'R1'},{'R3'},&,21.0,&
{'D6'},{'D3'},{'D1'},{'D7'},{'D4'},{'D5'},{'D2'},{'R1'},{'R3'},{'R2'},&,13.0,&
{'D6'},{'D3'},{'D1'},{'D7'},{'D4'},{'D5'},{'D2'},{'R1'},{'R2'},{'R3'},&,13.0,&
{'D6'},{'D3'},{'D1'},{'D7'},{'D4'},{'D5'},{'R3'},{'D2'},{'R1'},{'R2'},&,3.0,&
{'D6'},{'D3'},{'D1'},{'D7'},{'D4'},{'D5'},{'R3'},{'D2'},{'R2'},{'R1'},&,4.0,&
{'D6'},{'D3'},{'D1'},{'D7'},{'D4'},{'D5'},{'R3'},{'R2'},{'R1'},{'D2'},&,1.0,&
{'D6'},{'D3'},{'D1'},{'D7'},{'D4'},{'D5'},{'R1'},{'D2'},{'R3'},{'R2'},&,3.0,&
{'D6'},{'D3'},{'D1'},{'D7'},{'D4'},{'D5'},{'R1'},{'D2'},{'R2'},{'R3'},&,3.0,&
{'D6'},{'D3'},{'D1'},{'D7'},{'D4'},{'D5'},{'R1'},{'R3'},{'D2'},{'R2'},&,1.0,&
{'D6'},{'D3'},{'D1'},{'D7'},{'D4'},{'D5'},{'R1'},{'R2'},{'D2'},{'R3'},&,2.0,&
{'D6'},{'D3'},{'D1'},{'D7'},{'D4'},{'R2'},{'R3'},{'D5'},{'R1'},{'D2'},&,1.0,&
{'D6'},{'D3'},{'D1'},{'D7'},{'D4'},{'R2'},{'D5'},{'D2'},{'R3'},{'R1'},&,3.0,&
{'D6'},{'D3'},{'D1'},{'D7'},{'D4'},{'R2'},{'D5'},{'D2'},{'R1'},{'R3'},&,2.0,&
{'D6'},{'D3'},{'D1'},{'D7'},{'D4'},{'R2'},{'D5'},{'R1'},{'D2'},{'R3'},&,2.0,&
{'D6'},{'D3'},{'D1'},{'D7'},{'D4'},{'D2'},{'R2'},{'D5'},{'R1'},{'R3'},&,1.0,&
{'D6'},{'D3'},{'D1'},{'D7'},{'D4'},{'D2'},{'R3'},{'D5'},{'R1'},{'R2'},&,1.0,&
{'D6'},{'D3'},{'D1'},{'D7'},{'D4'},{'D2'},{'D5'},{'R3'},{'R2'},{'R1'},&,2.0,&
{'D6'},{'D3'},{'D1'},{'D7'},{'D4'},{'D2'},{'D5'},{'R2'},{'R3'},{'R1'},&,2.0,&
{'D6'},{'D3'},{'D1'},{'D7'},{'D4'},{'D2'},{'D5'},{'R2'},{'R1'},{'R3'},&,1.0,&
{'D6'},{'D3'},{'D1'},{'D7'},{'D4'},{'D2'},{'D5'},{'R1'},{'R2'},{'R3'},&,1.0,&
{'D6'},{'D3'},{'D1'},{'D7'},{'D4'},{'D2'},{'R1'},{'D5'},{'R3'},{'R2'},&,1.0,&
{'D6'},{'D3'},{'D1'},{'D7'},{'D4'},{'R1'},{'D5'},{'D2'},{'R2'},{'R3'},&,1.0,&
{'D6'},{'D3'},{'D1'},{'D7'},{'D4'},{'R1'},{'D5'},{'R3'},{'D2'},{'R2'},&,1.0,&
{'D6'},{'D3'},{'D1'},{'D7'},{'D4'},{'R1'},{'D5'},{'R2'},{'D2'},{'R3'},&,1.0,&
{'D6'},{'D3'},{'D1'},{'D7'},{'D4'},{'R3'},{'D5'},{'D2'},{'R1'},{'R2'},&,1.0,&
{'D6'},{'D3'},{'D1'},{'D7'},{'D4'},{'R3'},{'D5'},{'D2'},{'R2'},{'R1'},&,1.0,&
{'D6'},{'D3'},{'D1'},{'D7'},{'D2'},{'D5'},{'R2'},{'D4'},{'R3'},{'R1'},&,1.0,&
{'D6'},{'D3'},{'D1'},{'D7'},{'D2'},{'D5'},{'R3'},{'D4'},{'R2'},{'R1'},&,1.0,&
{'D6'},{'D3'},{'D1'},{'D7'},{'D2'},{'D4'},{'R3'},{'D5'},{'R1'},{'R2'},&,1.0,&
{'D6'},{'D3'},{'D1'},{'D7'},{'D2'},{'D4'},{'R3'},{'D5'},{'R2'},{'R1'},&,1.0,&
{'D6'},{'D3'},{'D1'},{'D7'},{'D2'},{'D4'},{'D5'},{'R2'},{'R3'},{'R1'},&,1.0,&
{'D6'},{'D3'},{'D1'},{'D7'},{'D2'},{'D4'},{'D5'},{'R1'},{'R3'},{'R2'},&,1.0,&
{'D6'},{'D3'},{'D1'},{'D7'},{'R2'},{'D4'},{'D5'},{'D2'},{'R3'},{'R1'},&,1.0,&
{'D6'},{'D3'},{'D1'},{'D7'},{'R2'},{'D4'},{'D5'},{'D2'},{'R1'},{'R3'},&,1.0,&
{'D6'},{'D3'},{'D1'},{'D7'},{'R2'},{'D4'},{'D5'},{'R3'},{'D2'},{'R1'},&,1.0,&
{'D6'},{'D3'},{'D1'},{'D2'},{'D7'},{'D4'},{'R1'},{'D5'},{'R2'},{'R3'},&,1.0,&
{'D6'},{'D3'},{'D1'},{'D2'},{'D7'},{'R1'},{'D4'},{'D5'},{'R2'},{'R3'},&,1.0,&
{'D6'},{'D3'},{'D1'},{'R3'},{'D7'},{'D5'},{'D4'},{'D2'},{'R2'},{'R1'},&,1.0,&
{'D6'},{'D3'},{'D2'},{'D4'},{'D7'},{'D5'},{'D1'},{'R1'},{'R2'},{'R3'},&,1.0,&
{'D6'},{'D3'},{'D2'},{'D4'},{'D7'},{'D1'},{'R2'},{'D5'},{'R1'},{'R3'},&,1.0,&
{'D6'},{'D3'},{'D2'},{'D7'},{'D1'},{'D5'},{'R2'},{'D4'},{'R1'},{'R3'},&,1.0,&
{'D6'},{'D3'},{'D2'},{'D7'},{'D1'},{'D4'},{'D5'},{'R2'},{'R1'},{'R3'},&,2.0,&
{'D6'},{'D3'},{'D2'},{'D7'},{'D1'},{'D4'},{'D5'},{'R1'},{'R2'},{'R3'},&,1.0,&
{'D6'},{'D3'},{'D2'},{'D7'},{'D4'},{'D5'},{'R2'},{'R1'},{'R3'},{'D1'},&,1.0,&
{'D6'},{'D3'},{'D2'},{'D7'},{'D4'},{'D5'},{'R2'},{'D1'},{'R3'},{'R1'},&,1.0,&
{'D6'},{'D3'},{'D2'},{'D7'},{'D4'},{'D5'},{'D1'},{'R3'},{'R2'},{'R1'},&,1.0,&
{'D6'},{'D3'},{'D2'},{'D7'},{'D4'},{'D1'},{'R2'},{'D5'},{'R3'},{'R1'},&,1.0,&
{'D6'},{'D3'},{'D2'},{'D7'},{'D4'},{'D1'},{'R3'},{'D5'},{'R1'},{'R2'},&,1.0,&
{'D6'},{'D3'},{'D2'},{'D7'},{'D4'},{'D1'},{'D5'},{'R3'},{'R1'},{'R2'},&,1.0,&
{'D6'},{'D3'},{'D2'},{'D7'},{'D4'},{'D1'},{'D5'},{'R2'},{'R1'},{'R3'},&,1.0,&
{'D6'},{'D3'},{'D2'},{'D7'},{'D4'},{'D1'},{'D5'},{'R1'},{'R3'},{'R2'},&,2.0,&
{'D6'},{'D3'},{'R1'},{'D7'},{'D5'},{'D4'},{'R3'},{'D1'},{'R2'},{'D2'},&,1.0,&
{'D6'},{'D3'},{'R1'},{'D7'},{'D4'},{'D1'},{'D5'},{'D2'},{'R3'},{'R2'},&,1.0,&
{'D6'},{'D3'},{'R2'},{'D7'},{'D5'},{'D4'},{'D1'},{'D2'},{'R3'},{'R1'},&,1.0,&
{'D6'},{'D5'},{'D4'},{'D1'},{'D3'},{'D7'},{'D2'},{'R2'},{'R3'},{'R1'},&,1.0,&
{'D6'},{'D5'},{'D4'},{'D1'},{'D7'},{'R2'},{'D3'},{'D2'},{'R3'},{'R1'},&,1.0,&
{'D6'},{'D5'},{'D4'},{'D1'},{'D7'},{'D3'},{'D2'},{'R3'},{'R1'},{'R2'},&,1.0,&
{'D6'},{'D5'},{'D4'},{'D3'},{'D7'},{'D1'},{'R2'},{'D2'},{'R3'},{'R1'},&,1.0,&
{'D6'},{'D5'},{'D4'},{'D3'},{'D7'},{'D1'},{'R2'},{'R1'},{'D2'},{'R3'},&,1.0,&
{'D6'},{'D5'},{'D4'},{'D3'},{'D7'},{'D1'},{'D2'},{'R3'},{'R2'},{'R1'},&,1.0,&
{'D6'},{'D5'},{'D4'},{'D3'},{'D7'},{'D1'},{'D2'},{'R2'},{'R3'},{'R1'},&,2.0,&
{'D6'},{'D5'},{'D4'},{'D3'},{'D7'},{'D1'},{'D2'},{'R2'},{'R1'},{'R3'},&,4.0,&
{'D6'},{'D5'},{'D4'},{'D3'},{'D7'},{'D1'},{'D2'},{'R1'},{'R3'},{'R2'},&,1.0,&
{'D6'},{'D5'},{'D4'},{'D3'},{'D7'},{'D1'},{'D2'},{'R1'},{'R2'},{'R3'},&,1.0,&
{'D6'},{'D5'},{'D4'},{'D3'},{'D7'},{'D1'},{'R1'},{'D2'},{'R3'},{'R2'},&,1.0,&
{'D6'},{'D5'},{'D4'},{'D7'},{'D3'},{'D1'},{'R2'},{'D2'},{'R3'},{'R1'},&,1.0,&
{'D6'},{'D5'},{'D4'},{'D7'},{'D3'},{'D1'},{'R2'},{'D2'},{'R1'},{'R3'},&,1.0,&
{'D6'},{'D5'},{'D4'},{'D7'},{'D3'},{'D1'},{'D2'},{'R3'},{'R1'},{'R2'},&,4.0,&
{'D6'},{'D5'},{'D4'},{'D7'},{'D3'},{'D1'},{'D2'},{'R3'},{'R2'},{'R1'},&,6.0,&
{'D6'},{'D5'},{'D4'},{'D7'},{'D3'},{'D1'},{'D2'},{'R2'},{'R3'},{'R1'},&,7.0,&
{'D6'},{'D5'},{'D4'},{'D7'},{'D3'},{'D1'},{'D2'},{'R2'},{'R1'},{'R3'},&,6.0,&
{'D6'},{'D5'},{'D4'},{'D7'},{'D3'},{'D1'},{'D2'},{'R1'},{'R2'},{'R3'},&,2.0,&
{'D6'},{'D5'},{'D4'},{'D7'},{'D3'},{'D1'},{'R1'},{'D2'},{'R3'},{'R2'},&,2.0,&
{'D6'},{'D5'},{'D4'},{'D7'},{'D3'},{'D1'},{'R1'},{'D2'},{'R2'},{'R3'},&,2.0,&
{'D6'},{'D5'},{'D4'},{'D7'},{'D3'},{'D2'},{'R1'},{'D1'},{'R2'},{'R3'},&,1.0,&
{'D6'},{'D5'},{'D4'},{'D7'},{'D3'},{'D2'},{'D1'},{'R3'},{'R1'},{'R2'},&,1.0,&
{'D6'},{'D5'},{'D4'},{'D7'},{'D3'},{'D2'},{'D1'},{'R3'},{'R2'},{'R1'},&,1.0,&
{'D6'},{'D5'},{'D4'},{'D7'},{'D3'},{'D2'},{'D1'},{'R2'},{'R1'},{'R3'},&,1.0,&
{'D6'},{'D5'},{'D4'},{'D7'},{'D3'},{'R1'},{'D1'},{'D2'},{'R2'},{'R3'},&,1.0,&
{'D6'},{'D5'},{'D4'},{'D7'},{'D1'},{'D3'},{'D2'},{'R3'},{'R1'},{'R2'},&,1.0,&
{'D6'},{'D5'},{'D4'},{'D7'},{'D1'},{'D3'},{'D2'},{'R3'},{'R2'},{'R1'},&,2.0,&
{'D6'},{'D5'},{'D4'},{'D7'},{'D1'},{'D3'},{'D2'},{'R2'},{'R3'},{'R1'},&,3.0,&
{'D6'},{'D5'},{'D4'},{'D7'},{'D1'},{'D3'},{'D2'},{'R2'},{'R1'},{'R3'},&,3.0,&
{'D6'},{'D5'},{'D4'},{'D7'},{'D1'},{'D3'},{'D2'},{'R1'},{'R2'},{'R3'},&,1.0,&
{'D6'},{'D5'},{'D4'},{'D7'},{'D2'},{'D3'},{'R1'},{'D1'},{'R2'},{'R3'},&,1.0,&
{'D6'},{'D5'},{'D4'},{'D7'},{'D2'},{'D3'},{'D1'},{'R3'},{'R2'},{'R1'},&,1.0,&
{'D6'},{'D5'},{'D4'},{'D7'},{'R3'},{'D3'},{'D1'},{'R1'},{'D2'},{'R2'},&,1.0,&
{'D6'},{'D5'},{'D3'},{'D1'},{'D2'},{'D4'},{'R1'},{'D7'},{'R2'},{'R3'},&,1.0,&
{'D6'},{'D5'},{'D3'},{'D1'},{'D7'},{'D4'},{'D2'},{'R3'},{'R2'},{'R1'},&,1.0,&
{'D6'},{'D5'},{'D3'},{'D1'},{'D7'},{'D4'},{'D2'},{'R2'},{'R3'},{'R1'},&,3.0,&
{'D6'},{'D5'},{'D3'},{'D1'},{'D7'},{'D4'},{'D2'},{'R2'},{'R1'},{'R3'},&,2.0,&
{'D6'},{'D5'},{'D3'},{'D1'},{'D7'},{'D4'},{'R1'},{'D2'},{'R2'},{'R3'},&,1.0,&
{'D6'},{'D5'},{'D3'},{'D4'},{'D1'},{'D7'},{'D2'},{'R2'},{'R3'},{'R1'},&,1.0,&
{'D6'},{'D5'},{'D3'},{'D4'},{'D1'},{'D7'},{'D2'},{'R1'},{'R2'},{'R3'},&,1.0,&
{'D6'},{'D5'},{'D3'},{'D4'},{'D7'},{'D1'},{'R2'},{'D2'},{'R3'},{'R1'},&,1.0,&
{'D6'},{'D5'},{'D3'},{'D4'},{'D7'},{'D1'},{'D2'},{'R3'},{'R2'},{'R1'},&,2.0,&
{'D6'},{'D5'},{'D3'},{'D4'},{'D7'},{'D1'},{'D2'},{'R2'},{'R3'},{'R1'},&,1.0,&
{'D6'},{'D5'},{'D3'},{'D4'},{'D7'},{'D1'},{'R1'},{'R3'},{'D2'},{'R2'},&,1.0,&
{'D6'},{'D5'},{'D3'},{'D4'},{'D7'},{'D2'},{'R2'},{'R3'},{'D1'},{'R1'},&,1.0,&
{'D6'},{'D5'},{'D3'},{'D4'},{'D7'},{'D2'},{'R3'},{'D1'},{'R2'},{'R1'},&,1.0,&
{'D6'},{'D5'},{'D3'},{'D7'},{'D1'},{'D4'},{'R2'},{'D2'},{'R3'},{'R1'},&,1.0,&
{'D6'},{'D5'},{'D3'},{'D7'},{'D1'},{'D4'},{'R2'},{'D2'},{'R1'},{'R3'},&,2.0,&
{'D6'},{'D5'},{'D3'},{'D7'},{'D1'},{'D4'},{'R2'},{'R3'},{'R1'},{'D2'},&,1.0,&
{'D6'},{'D5'},{'D3'},{'D7'},{'D1'},{'D4'},{'R2'},{'R1'},{'D2'},{'R3'},&,1.0,&
{'D6'},{'D5'},{'D3'},{'D7'},{'D1'},{'D4'},{'D2'},{'R3'},{'R1'},{'R2'},&,2.0,&
{'D6'},{'D5'},{'D3'},{'D7'},{'D1'},{'D4'},{'D2'},{'R3'},{'R2'},{'R1'},&,7.0,&
{'D6'},{'D5'},{'D3'},{'D7'},{'D1'},{'D4'},{'D2'},{'R2'},{'R3'},{'R1'},&,10.0,&
{'D6'},{'D5'},{'D3'},{'D7'},{'D1'},{'D4'},{'D2'},{'R2'},{'R1'},{'R3'},&,4.0,&
{'D6'},{'D5'},{'D3'},{'D7'},{'D1'},{'D4'},{'D2'},{'R1'},{'R3'},{'R2'},&,9.0,&
{'D6'},{'D5'},{'D3'},{'D7'},{'D1'},{'D4'},{'D2'},{'R1'},{'R2'},{'R3'},&,2.0,&
{'D6'},{'D5'},{'D3'},{'D7'},{'D1'},{'D4'},{'R3'},{'D2'},{'R1'},{'R2'},&,1.0,&
{'D6'},{'D5'},{'D3'},{'D7'},{'D1'},{'D4'},{'R3'},{'D2'},{'R2'},{'R1'},&,2.0,&
{'D6'},{'D5'},{'D3'},{'D7'},{'D1'},{'D4'},{'R1'},{'D2'},{'R3'},{'R2'},&,1.0,&
{'D6'},{'D5'},{'D3'},{'D7'},{'D1'},{'D4'},{'R1'},{'D2'},{'R2'},{'R3'},&,1.0,&
{'D6'},{'D5'},{'D3'},{'D7'},{'D1'},{'R2'},{'D4'},{'D2'},{'R3'},{'R1'},&,2.0,&
{'D6'},{'D5'},{'D3'},{'D7'},{'D1'},{'R2'},{'D4'},{'R3'},{'D2'},{'R1'},&,1.0,&
{'D6'},{'D5'},{'D3'},{'D7'},{'D1'},{'D2'},{'R2'},{'D4'},{'R1'},{'R3'},&,1.0,&
{'D6'},{'D5'},{'D3'},{'D7'},{'D1'},{'D2'},{'D4'},{'R3'},{'R2'},{'R1'},&,1.0,&
{'D6'},{'D5'},{'D3'},{'D7'},{'D1'},{'D2'},{'D4'},{'R1'},{'R2'},{'R3'},&,1.0,&
{'D6'},{'D5'},{'D3'},{'D7'},{'D1'},{'R3'},{'R2'},{'D4'},{'R1'},{'D2'},&,1.0,&
{'D6'},{'D5'},{'D3'},{'D7'},{'D1'},{'R3'},{'D4'},{'D2'},{'R2'},{'R1'},&,1.0,&
{'D6'},{'D5'},{'D3'},{'D7'},{'D4'},{'D1'},{'R2'},{'D2'},{'R3'},{'R1'},&,2.0,&
{'D6'},{'D5'},{'D3'},{'D7'},{'D4'},{'D1'},{'R2'},{'D2'},{'R1'},{'R3'},&,1.0,&
{'D6'},{'D5'},{'D3'},{'D7'},{'D4'},{'D1'},{'R2'},{'R3'},{'D2'},{'R1'},&,1.0,&
{'D6'},{'D5'},{'D3'},{'D7'},{'D4'},{'D1'},{'D2'},{'R3'},{'R1'},{'R2'},&,9.0,&
{'D6'},{'D5'},{'D3'},{'D7'},{'D4'},{'D1'},{'D2'},{'R3'},{'R2'},{'R1'},&,9.0,&
{'D6'},{'D5'},{'D3'},{'D7'},{'D4'},{'D1'},{'D2'},{'R2'},{'R3'},{'R1'},&,11.0,&
{'D6'},{'D5'},{'D3'},{'D7'},{'D4'},{'D1'},{'D2'},{'R2'},{'R1'},{'R3'},&,10.0,&
{'D6'},{'D5'},{'D3'},{'D7'},{'D4'},{'D1'},{'D2'},{'R1'},{'R3'},{'R2'},&,7.0,&
{'D6'},{'D5'},{'D3'},{'D7'},{'D4'},{'D1'},{'D2'},{'R1'},{'R2'},{'R3'},&,4.0,&
{'D6'},{'D5'},{'D3'},{'D7'},{'D4'},{'D1'},{'R3'},{'D2'},{'R1'},{'R2'},&,2.0,&
{'D6'},{'D5'},{'D3'},{'D7'},{'D4'},{'D1'},{'R3'},{'D2'},{'R2'},{'R1'},&,4.0,&
{'D6'},{'D5'},{'D3'},{'D7'},{'D4'},{'D1'},{'R1'},{'D2'},{'R3'},{'R2'},&,2.0,&
{'D6'},{'D5'},{'D3'},{'D7'},{'D4'},{'D1'},{'R1'},{'R3'},{'D2'},{'R2'},&,1.0,&
{'D6'},{'D5'},{'D3'},{'D7'},{'D4'},{'R2'},{'D1'},{'D2'},{'R3'},{'R1'},&,1.0,&
{'D6'},{'D5'},{'D3'},{'D7'},{'D4'},{'R2'},{'D1'},{'R3'},{'D2'},{'R1'},&,1.0,&
{'D6'},{'D5'},{'D3'},{'D7'},{'D4'},{'R2'},{'D1'},{'R1'},{'D2'},{'R3'},&,1.0,&
{'D6'},{'D5'},{'D3'},{'D7'},{'D2'},{'D1'},{'D4'},{'R3'},{'R2'},{'R1'},&,1.0,&
{'D6'},{'D5'},{'D3'},{'D7'},{'D2'},{'D1'},{'D4'},{'R2'},{'R3'},{'R1'},&,1.0,&
{'D6'},{'D5'},{'D3'},{'D7'},{'D2'},{'D1'},{'D4'},{'R1'},{'R3'},{'R2'},&,1.0,&
{'D6'},{'D5'},{'D3'},{'D7'},{'D2'},{'R3'},{'D4'},{'D1'},{'R2'},{'R1'},&,1.0,&
{'D6'},{'D5'},{'D3'},{'D7'},{'R1'},{'D1'},{'D4'},{'D2'},{'R3'},{'R2'},&,1.0,&
{'D6'},{'D5'},{'D3'},{'D7'},{'R2'},{'D4'},{'D1'},{'D2'},{'R3'},{'R1'},&,1.0,&
{'D6'},{'D5'},{'D3'},{'D7'},{'R2'},{'D1'},{'D4'},{'D2'},{'R3'},{'R1'},&,1.0,&
{'D6'},{'D5'},{'D3'},{'D2'},{'D7'},{'D4'},{'R2'},{'D1'},{'R1'},{'R3'},&,1.0,&
{'D6'},{'D5'},{'D7'},{'D1'},{'D3'},{'D4'},{'R2'},{'D2'},{'R3'},{'R1'},&,1.0,&
{'D6'},{'D5'},{'D7'},{'D1'},{'D3'},{'D4'},{'R2'},{'D2'},{'R1'},{'R3'},&,2.0,&
{'D6'},{'D5'},{'D7'},{'D1'},{'D3'},{'D4'},{'R2'},{'R1'},{'R3'},{'D2'},&,1.0,&
{'D6'},{'D5'},{'D7'},{'D1'},{'D3'},{'D4'},{'R2'},{'R1'},{'D2'},{'R3'},&,1.0,&
{'D6'},{'D5'},{'D7'},{'D1'},{'D3'},{'D4'},{'D2'},{'R3'},{'R1'},{'R2'},&,5.0,&
{'D6'},{'D5'},{'D7'},{'D1'},{'D3'},{'D4'},{'D2'},{'R3'},{'R2'},{'R1'},&,11.0,&
{'D6'},{'D5'},{'D7'},{'D1'},{'D3'},{'D4'},{'D2'},{'R2'},{'R3'},{'R1'},&,10.0,&
{'D6'},{'D5'},{'D7'},{'D1'},{'D3'},{'D4'},{'D2'},{'R2'},{'R1'},{'R3'},&,8.0,&
{'D6'},{'D5'},{'D7'},{'D1'},{'D3'},{'D4'},{'D2'},{'R1'},{'R3'},{'R2'},&,3.0,&
{'D6'},{'D5'},{'D7'},{'D1'},{'D3'},{'D4'},{'D2'},{'R1'},{'R2'},{'R3'},&,11.0,&
{'D6'},{'D5'},{'D7'},{'D1'},{'D3'},{'D4'},{'R3'},{'D2'},{'R1'},{'R2'},&,4.0,&
{'D6'},{'D5'},{'D7'},{'D1'},{'D3'},{'D4'},{'R3'},{'D2'},{'R2'},{'R1'},&,3.0,&
{'D6'},{'D5'},{'D7'},{'D1'},{'D3'},{'D4'},{'R1'},{'D2'},{'R3'},{'R2'},&,2.0,&
{'D6'},{'D5'},{'D7'},{'D1'},{'D3'},{'D4'},{'R1'},{'D2'},{'R2'},{'R3'},&,1.0,&
{'D6'},{'D5'},{'D7'},{'D1'},{'D3'},{'D4'},{'R1'},{'R3'},{'D2'},{'R2'},&,1.0,&
{'D6'},{'D5'},{'D7'},{'D1'},{'D3'},{'D4'},{'R1'},{'R2'},{'D2'},{'R3'},&,1.0,&
{'D6'},{'D5'},{'D7'},{'D1'},{'D3'},{'R3'},{'D4'},{'D2'},{'R1'},{'R2'},&,1.0,&
{'D6'},{'D5'},{'D7'},{'D1'},{'D3'},{'R3'},{'D4'},{'D2'},{'R2'},{'R1'},&,1.0,&
{'D6'},{'D5'},{'D7'},{'D1'},{'D4'},{'R2'},{'D3'},{'D2'},{'R3'},{'R1'},&,1.0,&
{'D6'},{'D5'},{'D7'},{'D1'},{'D4'},{'D3'},{'R2'},{'D2'},{'R3'},{'R1'},&,3.0,&
{'D6'},{'D5'},{'D7'},{'D1'},{'D4'},{'D3'},{'D2'},{'R3'},{'R1'},{'R2'},&,2.0,&
{'D6'},{'D5'},{'D7'},{'D1'},{'D4'},{'D3'},{'D2'},{'R3'},{'R2'},{'R1'},&,3.0,&
{'D6'},{'D5'},{'D7'},{'D1'},{'D4'},{'D3'},{'D2'},{'R2'},{'R3'},{'R1'},&,7.0,&
{'D6'},{'D5'},{'D7'},{'D1'},{'D4'},{'D3'},{'D2'},{'R2'},{'R1'},{'R3'},&,2.0,&
{'D6'},{'D5'},{'D7'},{'D1'},{'D4'},{'D3'},{'D2'},{'R1'},{'R3'},{'R2'},&,1.0,&
{'D6'},{'D5'},{'D7'},{'D1'},{'D4'},{'D3'},{'D2'},{'R1'},{'R2'},{'R3'},&,3.0,&
{'D6'},{'D5'},{'D7'},{'D1'},{'D4'},{'D3'},{'R3'},{'D2'},{'R2'},{'R1'},&,1.0,&
{'D6'},{'D5'},{'D7'},{'D1'},{'D4'},{'D3'},{'R3'},{'R1'},{'D2'},{'R2'},&,1.0,&
{'D6'},{'D5'},{'D7'},{'D1'},{'D4'},{'D3'},{'R1'},{'D2'},{'R2'},{'R3'},&,1.0,&
{'D6'},{'D5'},{'D7'},{'D1'},{'D4'},{'R3'},{'D3'},{'D2'},{'R1'},{'R2'},&,1.0,&
{'D6'},{'D5'},{'D7'},{'D1'},{'D2'},{'D3'},{'D4'},{'R2'},{'R3'},{'R1'},&,1.0,&
{'D6'},{'D5'},{'D7'},{'D1'},{'D2'},{'D3'},{'D4'},{'R1'},{'R2'},{'R3'},&,1.0,&
{'D6'},{'D5'},{'D7'},{'D1'},{'R2'},{'D4'},{'D3'},{'D2'},{'R3'},{'R1'},&,1.0,&
{'D6'},{'D5'},{'D7'},{'D4'},{'D3'},{'D1'},{'R2'},{'D2'},{'R3'},{'R1'},&,4.0,&
{'D6'},{'D5'},{'D7'},{'D4'},{'D3'},{'D1'},{'R2'},{'D2'},{'R1'},{'R3'},&,5.0,&
{'D6'},{'D5'},{'D7'},{'D4'},{'D3'},{'D1'},{'R2'},{'R3'},{'D2'},{'R1'},&,1.0,&
{'D6'},{'D5'},{'D7'},{'D4'},{'D3'},{'D1'},{'R2'},{'R1'},{'D2'},{'R3'},&,1.0,&
{'D6'},{'D5'},{'D7'},{'D4'},{'D3'},{'D1'},{'D2'},{'R3'},{'R1'},{'R2'},&,7.0,&
{'D6'},{'D5'},{'D7'},{'D4'},{'D3'},{'D1'},{'D2'},{'R3'},{'R2'},{'R1'},&,14.0,&
{'D6'},{'D5'},{'D7'},{'D4'},{'D3'},{'D1'},{'D2'},{'R2'},{'R3'},{'R1'},&,18.0,&
{'D6'},{'D5'},{'D7'},{'D4'},{'D3'},{'D1'},{'D2'},{'R2'},{'R1'},{'R3'},&,12.0,&
{'D6'},{'D5'},{'D7'},{'D4'},{'D3'},{'D1'},{'D2'},{'R1'},{'R3'},{'R2'},&,3.0,&
{'D6'},{'D5'},{'D7'},{'D4'},{'D3'},{'D1'},{'D2'},{'R1'},{'R2'},{'R3'},&,6.0,&
{'D6'},{'D5'},{'D7'},{'D4'},{'D3'},{'D1'},{'R3'},{'D2'},{'R2'},{'R1'},&,5.0,&
{'D6'},{'D5'},{'D7'},{'D4'},{'D3'},{'D1'},{'R1'},{'D2'},{'R2'},{'R3'},&,3.0,&
{'D6'},{'D5'},{'D7'},{'D4'},{'D3'},{'D1'},{'R1'},{'R3'},{'D2'},{'R2'},&,1.0,&
{'D6'},{'D5'},{'D7'},{'D4'},{'D3'},{'D1'},{'R1'},{'R2'},{'D2'},{'R3'},&,1.0,&
{'D6'},{'D5'},{'D7'},{'D4'},{'D3'},{'R2'},{'D2'},{'D1'},{'R1'},{'R3'},&,1.0,&
{'D6'},{'D5'},{'D7'},{'D4'},{'D3'},{'R2'},{'D1'},{'D2'},{'R1'},{'R3'},&,1.0,&
{'D6'},{'D5'},{'D7'},{'D4'},{'D3'},{'D2'},{'R2'},{'D1'},{'R3'},{'R1'},&,1.0,&
{'D6'},{'D5'},{'D7'},{'D4'},{'D3'},{'D2'},{'R3'},{'D1'},{'R1'},{'R2'},&,2.0,&
{'D6'},{'D5'},{'D7'},{'D4'},{'D3'},{'D2'},{'R3'},{'D1'},{'R2'},{'R1'},&,1.0,&
{'D6'},{'D5'},{'D7'},{'D4'},{'D3'},{'D2'},{'D1'},{'R3'},{'R2'},{'R1'},&,1.0,&
{'D6'},{'D5'},{'D7'},{'D4'},{'D3'},{'D2'},{'D1'},{'R1'},{'R3'},{'R2'},&,1.0,&
{'D6'},{'D5'},{'D7'},{'D4'},{'D3'},{'D2'},{'D1'},{'R1'},{'R2'},{'R3'},&,1.0,&
{'D6'},{'D5'},{'D7'},{'D4'},{'D3'},{'R1'},{'D1'},{'D2'},{'R3'},{'R2'},&,1.0,&
{'D6'},{'D5'},{'D7'},{'D4'},{'D3'},{'R1'},{'D1'},{'D2'},{'R2'},{'R3'},&,1.0,&
{'D6'},{'D5'},{'D7'},{'D4'},{'D3'},{'R3'},{'D1'},{'D2'},{'R2'},{'R1'},&,1.0,&
{'D6'},{'D5'},{'D7'},{'D4'},{'D3'},{'R3'},{'D1'},{'R2'},{'D2'},{'R1'},&,1.0,&
{'D6'},{'D5'},{'D7'},{'D4'},{'D1'},{'D3'},{'R2'},{'D2'},{'R1'},{'R3'},&,3.0,&
{'D6'},{'D5'},{'D7'},{'D4'},{'D1'},{'D3'},{'D2'},{'R3'},{'R1'},{'R2'},&,4.0,&
{'D6'},{'D5'},{'D7'},{'D4'},{'D1'},{'D3'},{'D2'},{'R3'},{'R2'},{'R1'},&,4.0,&
{'D6'},{'D5'},{'D7'},{'D4'},{'D1'},{'D3'},{'D2'},{'R2'},{'R3'},{'R1'},&,3.0,&
{'D6'},{'D5'},{'D7'},{'D4'},{'D1'},{'D3'},{'D2'},{'R2'},{'R1'},{'R3'},&,5.0,&
{'D6'},{'D5'},{'D7'},{'D4'},{'D1'},{'D3'},{'D2'},{'R1'},{'R3'},{'R2'},&,1.0,&
{'D6'},{'D5'},{'D7'},{'D4'},{'D1'},{'D3'},{'D2'},{'R1'},{'R2'},{'R3'},&,2.0,&
{'D6'},{'D5'},{'D7'},{'D4'},{'D1'},{'D3'},{'R3'},{'D2'},{'R2'},{'R1'},&,1.0,&
{'D6'},{'D5'},{'D7'},{'D4'},{'D1'},{'D3'},{'R1'},{'D2'},{'R3'},{'R2'},&,1.0,&
{'D6'},{'D5'},{'D7'},{'D4'},{'D1'},{'D2'},{'R3'},{'R2'},{'D3'},{'R1'},&,1.0,&
{'D6'},{'D5'},{'D7'},{'D4'},{'D1'},{'D2'},{'D3'},{'R1'},{'R2'},{'R3'},&,1.0,&
{'D6'},{'D5'},{'D7'},{'D4'},{'R1'},{'D3'},{'R2'},{'D1'},{'R3'},{'D2'},&,1.0,&
{'D6'},{'D5'},{'D7'},{'D3'},{'D1'},{'D4'},{'R2'},{'D2'},{'R3'},{'R1'},&,8.0,&
{'D6'},{'D5'},{'D7'},{'D3'},{'D1'},{'D4'},{'R2'},{'D2'},{'R1'},{'R3'},&,5.0,&
{'D6'},{'D5'},{'D7'},{'D3'},{'D1'},{'D4'},{'R2'},{'R3'},{'D2'},{'R1'},&,1.0,&
{'D6'},{'D5'},{'D7'},{'D3'},{'D1'},{'D4'},{'R2'},{'R1'},{'R3'},{'D2'},&,1.0,&
{'D6'},{'D5'},{'D7'},{'D3'},{'D1'},{'D4'},{'R2'},{'R1'},{'D2'},{'R3'},&,1.0,&
{'D6'},{'D5'},{'D7'},{'D3'},{'D1'},{'D4'},{'D2'},{'R3'},{'R1'},{'R2'},&,7.0,&
{'D6'},{'D5'},{'D7'},{'D3'},{'D1'},{'D4'},{'D2'},{'R3'},{'R2'},{'R1'},&,9.0,&
{'D6'},{'D5'},{'D7'},{'D3'},{'D1'},{'D4'},{'D2'},{'R2'},{'R3'},{'R1'},&,27.0,&
{'D6'},{'D5'},{'D7'},{'D3'},{'D1'},{'D4'},{'D2'},{'R2'},{'R1'},{'R3'},&,20.0,&
{'D6'},{'D5'},{'D7'},{'D3'},{'D1'},{'D4'},{'D2'},{'R1'},{'R3'},{'R2'},&,9.0,&
{'D6'},{'D5'},{'D7'},{'D3'},{'D1'},{'D4'},{'D2'},{'R1'},{'R2'},{'R3'},&,12.0,&
{'D6'},{'D5'},{'D7'},{'D3'},{'D1'},{'D4'},{'R3'},{'D2'},{'R1'},{'R2'},&,1.0,&
{'D6'},{'D5'},{'D7'},{'D3'},{'D1'},{'D4'},{'R3'},{'D2'},{'R2'},{'R1'},&,4.0,&
{'D6'},{'D5'},{'D7'},{'D3'},{'D1'},{'D4'},{'R3'},{'R2'},{'D2'},{'R1'},&,2.0,&
{'D6'},{'D5'},{'D7'},{'D3'},{'D1'},{'D4'},{'R1'},{'D2'},{'R3'},{'R2'},&,1.0,&
{'D6'},{'D5'},{'D7'},{'D3'},{'D1'},{'D4'},{'R1'},{'D2'},{'R2'},{'R3'},&,3.0,&
{'D6'},{'D5'},{'D7'},{'D3'},{'D1'},{'D2'},{'R3'},{'D4'},{'R2'},{'R1'},&,1.0,&
{'D6'},{'D5'},{'D7'},{'D3'},{'D1'},{'D2'},{'D4'},{'R3'},{'R2'},{'R1'},&,3.0,&
{'D6'},{'D5'},{'D7'},{'D3'},{'D1'},{'D2'},{'D4'},{'R2'},{'R3'},{'R1'},&,1.0,&
{'D6'},{'D5'},{'D7'},{'D3'},{'D1'},{'D2'},{'D4'},{'R1'},{'R2'},{'R3'},&,1.0,&
{'D6'},{'D5'},{'D7'},{'D3'},{'D1'},{'R1'},{'D4'},{'D2'},{'R2'},{'R3'},&,1.0,&
{'D6'},{'D5'},{'D7'},{'D3'},{'D1'},{'R3'},{'D4'},{'D2'},{'R2'},{'R1'},&,2.0,&
{'D6'},{'D5'},{'D7'},{'D3'},{'D4'},{'D1'},{'R2'},{'D2'},{'R3'},{'R1'},&,9.0,&
{'D6'},{'D5'},{'D7'},{'D3'},{'D4'},{'D1'},{'R2'},{'D2'},{'R1'},{'R3'},&,4.0,&
{'D6'},{'D5'},{'D7'},{'D3'},{'D4'},{'D1'},{'R2'},{'R3'},{'R1'},{'D2'},&,1.0,&
{'D6'},{'D5'},{'D7'},{'D3'},{'D4'},{'D1'},{'R2'},{'R3'},{'D2'},{'R1'},&,4.0,&
{'D6'},{'D5'},{'D7'},{'D3'},{'D4'},{'D1'},{'R2'},{'R1'},{'R3'},{'D2'},&,1.0,&
{'D6'},{'D5'},{'D7'},{'D3'},{'D4'},{'D1'},{'D2'},{'R3'},{'R1'},{'R2'},&,11.0,&
{'D6'},{'D5'},{'D7'},{'D3'},{'D4'},{'D1'},{'D2'},{'R3'},{'R2'},{'R1'},&,30.0,&
{'D6'},{'D5'},{'D7'},{'D3'},{'D4'},{'D1'},{'D2'},{'R2'},{'R3'},{'R1'},&,31.0,&
{'D6'},{'D5'},{'D7'},{'D3'},{'D4'},{'D1'},{'D2'},{'R2'},{'R1'},{'R3'},&,24.0,&
{'D6'},{'D5'},{'D7'},{'D3'},{'D4'},{'D1'},{'D2'},{'R1'},{'R3'},{'R2'},&,7.0,&
{'D6'},{'D5'},{'D7'},{'D3'},{'D4'},{'D1'},{'D2'},{'R1'},{'R2'},{'R3'},&,16.0,&
{'D6'},{'D5'},{'D7'},{'D3'},{'D4'},{'D1'},{'R3'},{'D2'},{'R1'},{'R2'},&,5.0,&
{'D6'},{'D5'},{'D7'},{'D3'},{'D4'},{'D1'},{'R3'},{'D2'},{'R2'},{'R1'},&,3.0,&
{'D6'},{'D5'},{'D7'},{'D3'},{'D4'},{'D1'},{'R3'},{'R2'},{'D2'},{'R1'},&,2.0,&
{'D6'},{'D5'},{'D7'},{'D3'},{'D4'},{'D1'},{'R3'},{'R1'},{'D2'},{'R2'},&,3.0,&
{'D6'},{'D5'},{'D7'},{'D3'},{'D4'},{'D1'},{'R1'},{'D2'},{'R3'},{'R2'},&,4.0,&
{'D6'},{'D5'},{'D7'},{'D3'},{'D4'},{'D1'},{'R1'},{'R2'},{'R3'},{'D2'},&,1.0,&
{'D6'},{'D5'},{'D7'},{'D3'},{'D4'},{'D1'},{'R1'},{'R2'},{'D2'},{'R3'},&,1.0,&
{'D6'},{'D5'},{'D7'},{'D3'},{'D4'},{'R2'},{'D1'},{'D2'},{'R3'},{'R1'},&,1.0,&
{'D6'},{'D5'},{'D7'},{'D3'},{'D4'},{'R2'},{'D1'},{'D2'},{'R1'},{'R3'},&,1.0,&
{'D6'},{'D5'},{'D7'},{'D3'},{'D4'},{'R2'},{'D1'},{'R3'},{'D2'},{'R1'},&,1.0,&
{'D6'},{'D5'},{'D7'},{'D3'},{'D4'},{'R2'},{'D1'},{'R1'},{'R3'},{'D2'},&,1.0,&
{'D6'},{'D5'},{'D7'},{'D3'},{'D4'},{'D2'},{'R2'},{'R1'},{'D1'},{'R3'},&,1.0,&
{'D6'},{'D5'},{'D7'},{'D3'},{'D4'},{'D2'},{'R2'},{'D1'},{'R1'},{'R3'},&,1.0,&
{'D6'},{'D5'},{'D7'},{'D3'},{'D4'},{'D2'},{'D1'},{'R2'},{'R3'},{'R1'},&,2.0,&
{'D6'},{'D5'},{'D7'},{'D3'},{'D4'},{'D2'},{'D1'},{'R2'},{'R1'},{'R3'},&,1.0,&
{'D6'},{'D5'},{'D7'},{'D3'},{'D4'},{'D2'},{'D1'},{'R1'},{'R3'},{'R2'},&,1.0,&
{'D6'},{'D5'},{'D7'},{'D3'},{'D4'},{'R1'},{'D1'},{'D2'},{'R2'},{'R3'},&,1.0,&
{'D6'},{'D5'},{'D7'},{'D3'},{'D4'},{'R1'},{'D1'},{'R3'},{'D2'},{'R2'},&,1.0,&
{'D6'},{'D5'},{'D7'},{'D3'},{'D4'},{'R1'},{'D1'},{'R2'},{'D2'},{'R3'},&,1.0,&
{'D6'},{'D5'},{'D7'},{'D3'},{'D4'},{'R3'},{'D1'},{'D2'},{'R1'},{'R2'},&,1.0,&
{'D6'},{'D5'},{'D7'},{'D3'},{'D4'},{'R3'},{'D1'},{'R2'},{'D2'},{'R1'},&,1.0,&
{'D6'},{'D5'},{'D7'},{'D3'},{'D2'},{'D4'},{'D1'},{'R3'},{'R2'},{'R1'},&,1.0,&
{'D6'},{'D5'},{'D7'},{'D3'},{'D2'},{'D4'},{'D1'},{'R2'},{'R3'},{'R1'},&,1.0,&
{'D6'},{'D5'},{'D7'},{'D3'},{'D2'},{'D4'},{'D1'},{'R2'},{'R1'},{'R3'},&,1.0,&
{'D6'},{'D5'},{'D7'},{'D3'},{'D2'},{'D4'},{'D1'},{'R1'},{'R3'},{'R2'},&,1.0,&
{'D6'},{'D5'},{'D7'},{'D3'},{'D2'},{'D1'},{'D4'},{'R3'},{'R2'},{'R1'},&,1.0,&
{'D6'},{'D5'},{'D7'},{'D3'},{'R2'},{'D4'},{'D1'},{'D2'},{'R3'},{'R1'},&,1.0,&
{'D6'},{'D5'},{'D7'},{'D3'},{'R2'},{'D1'},{'D4'},{'D2'},{'R1'},{'R3'},&,1.0,&
{'D6'},{'D5'},{'D7'},{'D3'},{'R2'},{'R3'},{'D4'},{'D1'},{'D2'},{'R1'},&,1.0,&
{'D6'},{'D5'},{'D7'},{'D3'},{'R3'},{'D4'},{'D1'},{'R1'},{'R2'},{'D2'},&,1.0,&
{'D6'},{'D5'},{'D7'},{'D3'},{'R3'},{'D1'},{'D4'},{'D2'},{'R2'},{'R1'},&,1.0,&
{'D6'},{'D5'},{'D7'},{'D2'},{'D3'},{'D4'},{'D1'},{'R1'},{'R3'},{'R2'},&,2.0,&
{'D6'},{'D5'},{'D7'},{'D2'},{'D3'},{'D4'},{'D1'},{'R1'},{'R2'},{'R3'},&,1.0,&
{'D6'},{'D5'},{'D7'},{'D2'},{'D3'},{'D1'},{'D4'},{'R2'},{'R3'},{'R1'},&,1.0,&
{'D6'},{'D5'},{'D7'},{'D2'},{'D1'},{'D4'},{'D3'},{'R2'},{'R3'},{'R1'},&,1.0,&
{'D6'},{'D5'},{'D7'},{'D2'},{'D1'},{'D4'},{'D3'},{'R1'},{'R2'},{'R3'},&,1.0,&
{'D6'},{'D5'},{'D7'},{'D2'},{'D1'},{'D3'},{'D4'},{'R1'},{'R3'},{'R2'},&,1.0,&
{'D6'},{'D5'},{'D7'},{'D2'},{'D4'},{'D1'},{'D3'},{'R3'},{'R1'},{'R2'},&,1.0,&
{'D6'},{'D5'},{'D7'},{'D2'},{'D4'},{'D3'},{'R2'},{'R1'},{'D1'},{'R3'},&,1.0,&
{'D6'},{'D5'},{'D7'},{'R3'},{'D3'},{'D1'},{'D2'},{'R2'},{'D4'},{'R1'},&,1.0,&
{'D6'},{'D5'},{'D7'},{'R3'},{'D1'},{'D3'},{'D4'},{'D2'},{'R1'},{'R2'},&,1.0,&
{'D6'},{'D5'},{'D1'},{'D4'},{'D3'},{'D7'},{'D2'},{'R3'},{'R2'},{'R1'},&,1.0,&
{'D6'},{'D5'},{'D1'},{'D4'},{'D7'},{'D3'},{'D2'},{'R3'},{'R1'},{'R2'},&,1.0,&
{'D6'},{'D5'},{'D1'},{'D4'},{'D7'},{'D3'},{'D2'},{'R3'},{'R2'},{'R1'},&,1.0,&
{'D6'},{'D5'},{'D1'},{'D4'},{'D7'},{'D3'},{'D2'},{'R2'},{'R3'},{'R1'},&,2.0,&
{'D6'},{'D5'},{'D1'},{'D4'},{'D7'},{'R3'},{'D3'},{'R1'},{'D2'},{'R2'},&,1.0,&
{'D6'},{'D5'},{'D1'},{'D3'},{'D4'},{'R2'},{'D7'},{'D2'},{'R1'},{'R3'},&,1.0,&
{'D6'},{'D5'},{'D1'},{'D3'},{'D7'},{'D4'},{'R2'},{'D2'},{'R1'},{'R3'},&,1.0,&
{'D6'},{'D5'},{'D1'},{'D3'},{'D7'},{'D4'},{'D2'},{'R3'},{'R2'},{'R1'},&,2.0,&
{'D6'},{'D5'},{'D1'},{'D3'},{'D7'},{'D4'},{'D2'},{'R2'},{'R3'},{'R1'},&,1.0,&
{'D6'},{'D5'},{'D1'},{'D3'},{'D7'},{'D2'},{'D4'},{'R3'},{'R2'},{'R1'},&,1.0,&
{'D6'},{'D5'},{'D1'},{'D3'},{'D7'},{'R1'},{'D4'},{'R2'},{'D2'},{'R3'},&,1.0,&
{'D6'},{'D5'},{'D1'},{'D7'},{'D3'},{'D4'},{'R2'},{'D2'},{'R3'},{'R1'},&,1.0,&
{'D6'},{'D5'},{'D1'},{'D7'},{'D3'},{'D4'},{'D2'},{'R3'},{'R1'},{'R2'},&,2.0,&
{'D6'},{'D5'},{'D1'},{'D7'},{'D3'},{'D4'},{'D2'},{'R3'},{'R2'},{'R1'},&,4.0,&
{'D6'},{'D5'},{'D1'},{'D7'},{'D3'},{'D4'},{'D2'},{'R2'},{'R3'},{'R1'},&,2.0,&
{'D6'},{'D5'},{'D1'},{'D7'},{'D3'},{'D4'},{'D2'},{'R2'},{'R1'},{'R3'},&,2.0,&
{'D6'},{'D5'},{'D1'},{'D7'},{'D3'},{'D4'},{'D2'},{'R1'},{'R3'},{'R2'},&,4.0,&
{'D6'},{'D5'},{'D1'},{'D7'},{'D3'},{'D4'},{'D2'},{'R1'},{'R2'},{'R3'},&,1.0,&
{'D6'},{'D5'},{'D1'},{'D7'},{'D3'},{'D4'},{'R1'},{'D2'},{'R3'},{'R2'},&,3.0,&
{'D6'},{'D5'},{'D1'},{'D7'},{'D3'},{'D4'},{'R1'},{'D2'},{'R2'},{'R3'},&,1.0,&
{'D6'},{'D5'},{'D1'},{'D7'},{'D3'},{'R2'},{'D4'},{'D2'},{'R3'},{'R1'},&,1.0,&
{'D6'},{'D5'},{'D1'},{'D7'},{'D3'},{'D2'},{'R2'},{'D4'},{'R1'},{'R3'},&,1.0,&
{'D6'},{'D5'},{'D1'},{'D7'},{'D3'},{'D2'},{'D4'},{'R2'},{'R3'},{'R1'},&,1.0,&
{'D6'},{'D5'},{'D1'},{'D7'},{'D4'},{'D3'},{'R2'},{'D2'},{'R1'},{'R3'},&,1.0,&
{'D6'},{'D5'},{'D1'},{'D7'},{'D4'},{'D3'},{'R2'},{'R3'},{'D2'},{'R1'},&,1.0,&
{'D6'},{'D5'},{'D1'},{'D7'},{'D4'},{'D3'},{'D2'},{'R3'},{'R1'},{'R2'},&,1.0,&
{'D6'},{'D5'},{'D1'},{'D7'},{'D4'},{'D3'},{'D2'},{'R3'},{'R2'},{'R1'},&,3.0,&
{'D6'},{'D5'},{'D1'},{'D7'},{'D4'},{'D3'},{'D2'},{'R2'},{'R3'},{'R1'},&,2.0,&
{'D6'},{'D5'},{'D1'},{'D7'},{'D4'},{'D3'},{'D2'},{'R2'},{'R1'},{'R3'},&,2.0,&
{'D6'},{'D5'},{'D1'},{'D7'},{'D4'},{'D3'},{'D2'},{'R1'},{'R3'},{'R2'},&,1.0,&
{'D6'},{'D5'},{'D1'},{'D7'},{'D4'},{'D3'},{'D2'},{'R1'},{'R2'},{'R3'},&,2.0,&
{'D6'},{'D5'},{'D1'},{'D7'},{'D4'},{'R3'},{'D3'},{'D2'},{'R1'},{'R2'},&,1.0,&
{'D6'},{'D5'},{'D2'},{'D7'},{'D3'},{'D4'},{'D1'},{'R1'},{'R3'},{'R2'},&,1.0,&
{'D6'},{'D5'},{'D2'},{'D7'},{'D3'},{'D1'},{'D4'},{'R3'},{'R2'},{'R1'},&,1.0,&
{'D6'},{'D5'},{'D2'},{'D7'},{'D4'},{'D3'},{'R3'},{'D1'},{'R2'},{'R1'},&,1.0,&
{'D6'},{'D5'},{'D2'},{'D7'},{'D4'},{'D3'},{'D1'},{'R2'},{'R3'},{'R1'},&,1.0,&
{'D6'},{'D1'},{'D4'},{'D5'},{'D7'},{'D3'},{'R2'},{'R3'},{'R1'},{'D2'},&,1.0,&
{'D6'},{'D1'},{'D4'},{'D5'},{'D7'},{'D3'},{'D2'},{'R3'},{'R1'},{'R2'},&,1.0,&
{'D6'},{'D1'},{'D4'},{'D5'},{'D7'},{'D3'},{'D2'},{'R3'},{'R2'},{'R1'},&,1.0,&
{'D6'},{'D1'},{'D4'},{'D3'},{'D7'},{'D5'},{'D2'},{'R3'},{'R1'},{'R2'},&,2.0,&
{'D6'},{'D1'},{'D4'},{'D3'},{'D7'},{'D5'},{'D2'},{'R3'},{'R2'},{'R1'},&,4.0,&
{'D6'},{'D1'},{'D4'},{'D3'},{'D7'},{'D5'},{'D2'},{'R2'},{'R1'},{'R3'},&,5.0,&
{'D6'},{'D1'},{'D4'},{'D3'},{'D7'},{'D5'},{'R1'},{'D2'},{'R2'},{'R3'},&,1.0,&
{'D6'},{'D1'},{'D4'},{'D3'},{'D7'},{'D5'},{'R1'},{'R3'},{'D2'},{'R2'},&,1.0,&
{'D6'},{'D1'},{'D4'},{'D3'},{'D7'},{'D2'},{'D5'},{'R2'},{'R1'},{'R3'},&,1.0,&
{'D6'},{'D1'},{'D4'},{'D3'},{'D7'},{'D2'},{'D5'},{'R1'},{'R2'},{'R3'},&,1.0,&
{'D6'},{'D1'},{'D4'},{'D7'},{'D3'},{'D5'},{'R2'},{'D2'},{'R3'},{'R1'},&,2.0,&
{'D6'},{'D1'},{'D4'},{'D7'},{'D3'},{'D5'},{'R2'},{'D2'},{'R1'},{'R3'},&,4.0,&
{'D6'},{'D1'},{'D4'},{'D7'},{'D3'},{'D5'},{'R2'},{'R3'},{'D2'},{'R1'},&,1.0,&
{'D6'},{'D1'},{'D4'},{'D7'},{'D3'},{'D5'},{'D2'},{'R3'},{'R1'},{'R2'},&,7.0,&
{'D6'},{'D1'},{'D4'},{'D7'},{'D3'},{'D5'},{'D2'},{'R3'},{'R2'},{'R1'},&,13.0,&
{'D6'},{'D1'},{'D4'},{'D7'},{'D3'},{'D5'},{'D2'},{'R2'},{'R3'},{'R1'},&,14.0,&
{'D6'},{'D1'},{'D4'},{'D7'},{'D3'},{'D5'},{'D2'},{'R2'},{'R1'},{'R3'},&,10.0,&
{'D6'},{'D1'},{'D4'},{'D7'},{'D3'},{'D5'},{'D2'},{'R1'},{'R3'},{'R2'},&,3.0,&
{'D6'},{'D1'},{'D4'},{'D7'},{'D3'},{'D5'},{'D2'},{'R1'},{'R2'},{'R3'},&,4.0,&
{'D6'},{'D1'},{'D4'},{'D7'},{'D3'},{'D5'},{'R3'},{'D2'},{'R2'},{'R1'},&,3.0,&
{'D6'},{'D1'},{'D4'},{'D7'},{'D3'},{'D5'},{'R3'},{'R2'},{'D2'},{'R1'},&,1.0,&
{'D6'},{'D1'},{'D4'},{'D7'},{'D3'},{'D5'},{'R1'},{'D2'},{'R3'},{'R2'},&,2.0,&
{'D6'},{'D1'},{'D4'},{'D7'},{'D3'},{'D5'},{'R1'},{'D2'},{'R2'},{'R3'},&,1.0,&
{'D6'},{'D1'},{'D4'},{'D7'},{'D3'},{'D5'},{'R1'},{'R2'},{'D2'},{'R3'},&,1.0,&
{'D6'},{'D1'},{'D4'},{'D7'},{'D3'},{'R2'},{'D5'},{'D2'},{'R3'},{'R1'},&,1.0,&
{'D6'},{'D1'},{'D4'},{'D7'},{'D3'},{'R2'},{'D5'},{'D2'},{'R1'},{'R3'},&,1.0,&
{'D6'},{'D1'},{'D4'},{'D7'},{'D3'},{'D2'},{'D5'},{'R3'},{'R1'},{'R2'},&,1.0,&
{'D6'},{'D1'},{'D4'},{'D7'},{'D3'},{'D2'},{'D5'},{'R2'},{'R3'},{'R1'},&,1.0,&
{'D6'},{'D1'},{'D4'},{'D7'},{'D3'},{'D2'},{'D5'},{'R2'},{'R1'},{'R3'},&,1.0,&
{'D6'},{'D1'},{'D4'},{'D7'},{'D3'},{'D2'},{'D5'},{'R1'},{'R3'},{'R2'},&,1.0,&
{'D6'},{'D1'},{'D4'},{'D7'},{'D3'},{'D2'},{'D5'},{'R1'},{'R2'},{'R3'},&,1.0,&
{'D6'},{'D1'},{'D4'},{'D7'},{'D3'},{'D2'},{'R1'},{'D5'},{'R2'},{'R3'},&,1.0,&
{'D6'},{'D1'},{'D4'},{'D7'},{'D3'},{'R1'},{'D5'},{'D2'},{'R2'},{'R3'},&,1.0,&
{'D6'},{'D1'},{'D4'},{'D7'},{'D5'},{'R2'},{'D3'},{'D2'},{'R3'},{'R1'},&,1.0,&
{'D6'},{'D1'},{'D4'},{'D7'},{'D5'},{'D3'},{'D2'},{'R3'},{'R1'},{'R2'},&,1.0,&
{'D6'},{'D1'},{'D4'},{'D7'},{'D5'},{'D3'},{'D2'},{'R3'},{'R2'},{'R1'},&,1.0,&
{'D6'},{'D1'},{'D4'},{'D7'},{'D5'},{'D3'},{'D2'},{'R2'},{'R1'},{'R3'},&,1.0,&
{'D6'},{'D1'},{'D4'},{'D7'},{'D5'},{'D3'},{'D2'},{'R1'},{'R3'},{'R2'},&,2.0,&
{'D6'},{'D1'},{'D4'},{'D7'},{'D5'},{'D3'},{'D2'},{'R1'},{'R2'},{'R3'},&,1.0,&
{'D6'},{'D1'},{'D4'},{'D7'},{'D2'},{'D3'},{'D5'},{'R1'},{'R2'},{'R3'},&,1.0,&
{'D6'},{'D1'},{'D4'},{'R2'},{'D7'},{'D3'},{'D2'},{'D5'},{'R3'},{'R1'},&,1.0,&
{'D6'},{'D1'},{'D3'},{'D5'},{'D4'},{'D7'},{'D2'},{'R3'},{'R2'},{'R1'},&,1.0,&
{'D6'},{'D1'},{'D3'},{'D5'},{'D7'},{'D4'},{'R2'},{'D2'},{'R1'},{'R3'},&,1.0,&
{'D6'},{'D1'},{'D3'},{'D5'},{'D7'},{'D4'},{'D2'},{'R3'},{'R1'},{'R2'},&,1.0,&
{'D6'},{'D1'},{'D3'},{'D5'},{'D7'},{'D4'},{'D2'},{'R2'},{'R3'},{'R1'},&,1.0,&
{'D6'},{'D1'},{'D3'},{'D5'},{'D7'},{'D4'},{'D2'},{'R2'},{'R1'},{'R3'},&,1.0,&
{'D6'},{'D1'},{'D3'},{'D5'},{'D7'},{'D4'},{'D2'},{'R1'},{'R2'},{'R3'},&,1.0,&
{'D6'},{'D1'},{'D3'},{'D5'},{'D7'},{'D2'},{'D4'},{'R3'},{'R2'},{'R1'},&,1.0,&
{'D6'},{'D1'},{'D3'},{'D4'},{'D5'},{'D7'},{'R2'},{'R3'},{'D2'},{'R1'},&,1.0,&
{'D6'},{'D1'},{'D3'},{'D4'},{'D7'},{'D5'},{'R2'},{'D2'},{'R1'},{'R3'},&,1.0,&
{'D6'},{'D1'},{'D3'},{'D4'},{'D7'},{'D5'},{'D2'},{'R3'},{'R1'},{'R2'},&,1.0,&
{'D6'},{'D1'},{'D3'},{'D4'},{'D7'},{'D5'},{'D2'},{'R2'},{'R3'},{'R1'},&,6.0,&
{'D6'},{'D1'},{'D3'},{'D4'},{'D7'},{'D5'},{'D2'},{'R2'},{'R1'},{'R3'},&,2.0,&
{'D6'},{'D1'},{'D3'},{'D4'},{'D7'},{'D5'},{'D2'},{'R1'},{'R3'},{'R2'},&,1.0,&
{'D6'},{'D1'},{'D3'},{'D4'},{'D7'},{'D5'},{'D2'},{'R1'},{'R2'},{'R3'},&,1.0,&
{'D6'},{'D1'},{'D3'},{'D4'},{'D7'},{'D5'},{'R3'},{'D2'},{'R2'},{'R1'},&,1.0,&
{'D6'},{'D1'},{'D3'},{'D4'},{'D7'},{'D5'},{'R1'},{'D2'},{'R2'},{'R3'},&,1.0,&
{'D6'},{'D1'},{'D3'},{'D4'},{'R1'},{'D7'},{'D5'},{'D2'},{'R2'},{'R3'},&,1.0,&
{'D6'},{'D1'},{'D3'},{'D7'},{'D5'},{'D4'},{'R2'},{'D2'},{'R3'},{'R1'},&,1.0,&
{'D6'},{'D1'},{'D3'},{'D7'},{'D5'},{'D4'},{'R2'},{'D2'},{'R1'},{'R3'},&,1.0,&
{'D6'},{'D1'},{'D3'},{'D7'},{'D5'},{'D4'},{'R2'},{'R3'},{'R1'},{'D2'},&,1.0,&
{'D6'},{'D1'},{'D3'},{'D7'},{'D5'},{'D4'},{'D2'},{'R3'},{'R1'},{'R2'},&,1.0,&
{'D6'},{'D1'},{'D3'},{'D7'},{'D5'},{'D4'},{'D2'},{'R3'},{'R2'},{'R1'},&,7.0,&
{'D6'},{'D1'},{'D3'},{'D7'},{'D5'},{'D4'},{'D2'},{'R2'},{'R3'},{'R1'},&,10.0,&
{'D6'},{'D1'},{'D3'},{'D7'},{'D5'},{'D4'},{'D2'},{'R2'},{'R1'},{'R3'},&,11.0,&
{'D6'},{'D1'},{'D3'},{'D7'},{'D5'},{'D4'},{'D2'},{'R1'},{'R3'},{'R2'},&,3.0,&
{'D6'},{'D1'},{'D3'},{'D7'},{'D5'},{'D4'},{'D2'},{'R1'},{'R2'},{'R3'},&,8.0,&
{'D6'},{'D1'},{'D3'},{'D7'},{'D5'},{'D4'},{'R3'},{'D2'},{'R1'},{'R2'},&,2.0,&
{'D6'},{'D1'},{'D3'},{'D7'},{'D5'},{'D4'},{'R3'},{'D2'},{'R2'},{'R1'},&,4.0,&
{'D6'},{'D1'},{'D3'},{'D7'},{'D5'},{'D4'},{'R3'},{'R2'},{'D2'},{'R1'},&,1.0,&
{'D6'},{'D1'},{'D3'},{'D7'},{'D5'},{'D4'},{'R1'},{'D2'},{'R3'},{'R2'},&,1.0,&
{'D6'},{'D1'},{'D3'},{'D7'},{'D5'},{'D4'},{'R1'},{'D2'},{'R2'},{'R3'},&,1.0,&
{'D6'},{'D1'},{'D3'},{'D7'},{'D5'},{'D2'},{'R2'},{'D4'},{'R3'},{'R1'},&,2.0,&
{'D6'},{'D1'},{'D3'},{'D7'},{'D5'},{'D2'},{'D4'},{'R3'},{'R2'},{'R1'},&,1.0,&
{'D6'},{'D1'},{'D3'},{'D7'},{'D5'},{'D2'},{'D4'},{'R1'},{'R2'},{'R3'},&,1.0,&
{'D6'},{'D1'},{'D3'},{'D7'},{'D5'},{'R1'},{'R2'},{'D4'},{'D2'},{'R3'},&,1.0,&
{'D6'},{'D1'},{'D3'},{'D7'},{'D5'},{'R1'},{'D4'},{'D2'},{'R3'},{'R2'},&,1.0,&
{'D6'},{'D1'},{'D3'},{'D7'},{'D5'},{'R3'},{'D4'},{'D2'},{'R1'},{'R2'},&,1.0,&
{'D6'},{'D1'},{'D3'},{'D7'},{'D4'},{'D5'},{'R2'},{'D2'},{'R3'},{'R1'},&,7.0,&
{'D6'},{'D1'},{'D3'},{'D7'},{'D4'},{'D5'},{'R2'},{'D2'},{'R1'},{'R3'},&,6.0,&
{'D6'},{'D1'},{'D3'},{'D7'},{'D4'},{'D5'},{'R2'},{'R3'},{'R1'},{'D2'},&,1.0,&
{'D6'},{'D1'},{'D3'},{'D7'},{'D4'},{'D5'},{'R2'},{'R3'},{'D2'},{'R1'},&,2.0,&
{'D6'},{'D1'},{'D3'},{'D7'},{'D4'},{'D5'},{'D2'},{'R3'},{'R1'},{'R2'},&,11.0,&
{'D6'},{'D1'},{'D3'},{'D7'},{'D4'},{'D5'},{'D2'},{'R3'},{'R2'},{'R1'},&,18.0,&
{'D6'},{'D1'},{'D3'},{'D7'},{'D4'},{'D5'},{'D2'},{'R2'},{'R3'},{'R1'},&,28.0,&
{'D6'},{'D1'},{'D3'},{'D7'},{'D4'},{'D5'},{'D2'},{'R2'},{'R1'},{'R3'},&,25.0,&
{'D6'},{'D1'},{'D3'},{'D7'},{'D4'},{'D5'},{'D2'},{'R1'},{'R3'},{'R2'},&,7.0,&
{'D6'},{'D1'},{'D3'},{'D7'},{'D4'},{'D5'},{'D2'},{'R1'},{'R2'},{'R3'},&,15.0,&
{'D6'},{'D1'},{'D3'},{'D7'},{'D4'},{'D5'},{'R3'},{'D2'},{'R1'},{'R2'},&,1.0,&
{'D6'},{'D1'},{'D3'},{'D7'},{'D4'},{'D5'},{'R3'},{'D2'},{'R2'},{'R1'},&,3.0,&
{'D6'},{'D1'},{'D3'},{'D7'},{'D4'},{'D5'},{'R1'},{'D2'},{'R3'},{'R2'},&,3.0,&
{'D6'},{'D1'},{'D3'},{'D7'},{'D4'},{'D5'},{'R1'},{'D2'},{'R2'},{'R3'},&,2.0,&
{'D6'},{'D1'},{'D3'},{'D7'},{'D4'},{'D5'},{'R1'},{'R2'},{'R3'},{'D2'},&,1.0,&
{'D6'},{'D1'},{'D3'},{'D7'},{'D4'},{'R2'},{'D2'},{'D5'},{'R3'},{'R1'},&,1.0,&
{'D6'},{'D1'},{'D3'},{'D7'},{'D4'},{'R2'},{'D5'},{'D2'},{'R1'},{'R3'},&,1.0,&
{'D6'},{'D1'},{'D3'},{'D7'},{'D4'},{'D2'},{'R2'},{'D5'},{'R1'},{'R3'},&,2.0,&
{'D6'},{'D1'},{'D3'},{'D7'},{'D4'},{'D2'},{'R3'},{'D5'},{'R2'},{'R1'},&,1.0,&
{'D6'},{'D1'},{'D3'},{'D7'},{'D4'},{'D2'},{'D5'},{'R2'},{'R3'},{'R1'},&,2.0,&
{'D6'},{'D1'},{'D3'},{'D7'},{'D4'},{'D2'},{'D5'},{'R1'},{'R2'},{'R3'},&,1.0,&
{'D6'},{'D1'},{'D3'},{'D7'},{'D4'},{'D2'},{'R1'},{'D5'},{'R2'},{'R3'},&,1.0,&
{'D6'},{'D1'},{'D3'},{'D7'},{'D4'},{'R3'},{'D5'},{'D2'},{'R2'},{'R1'},&,2.0,&
{'D6'},{'D1'},{'D3'},{'D7'},{'D4'},{'R3'},{'D5'},{'R2'},{'D2'},{'R1'},&,1.0,&
{'D6'},{'D1'},{'D3'},{'D7'},{'D4'},{'R3'},{'D5'},{'R1'},{'D2'},{'R2'},&,1.0,&
{'D6'},{'D1'},{'D3'},{'D7'},{'D4'},{'R3'},{'D5'},{'R1'},{'R2'},{'D2'},&,1.0,&
{'D6'},{'D1'},{'D3'},{'D7'},{'D2'},{'R2'},{'D5'},{'D4'},{'R3'},{'R1'},&,1.0,&
{'D6'},{'D1'},{'D3'},{'D7'},{'R2'},{'D4'},{'D5'},{'R3'},{'D2'},{'R1'},&,1.0,&
{'D6'},{'D1'},{'D3'},{'D7'},{'R3'},{'D4'},{'D5'},{'R2'},{'R1'},{'D2'},&,1.0,&
{'D6'},{'D1'},{'D3'},{'D2'},{'D7'},{'R1'},{'D4'},{'R2'},{'D5'},{'R3'},&,1.0,&
{'D6'},{'D1'},{'D3'},{'D2'},{'D7'},{'R3'},{'D4'},{'R2'},{'D5'},{'R1'},&,1.0,&
{'D6'},{'D1'},{'D3'},{'R1'},{'D7'},{'D5'},{'D4'},{'D2'},{'R2'},{'R3'},&,1.0,&
{'D6'},{'D1'},{'D7'},{'D5'},{'D3'},{'D4'},{'R2'},{'D2'},{'R3'},{'R1'},&,1.0,&
{'D6'},{'D1'},{'D7'},{'D5'},{'D3'},{'D4'},{'R2'},{'D2'},{'R1'},{'R3'},&,2.0,&
{'D6'},{'D1'},{'D7'},{'D5'},{'D3'},{'D4'},{'R2'},{'R3'},{'R1'},{'D2'},&,1.0,&
{'D6'},{'D1'},{'D7'},{'D5'},{'D3'},{'D4'},{'R2'},{'R1'},{'D2'},{'R3'},&,1.0,&
{'D6'},{'D1'},{'D7'},{'D5'},{'D3'},{'D4'},{'D2'},{'R3'},{'R1'},{'R2'},&,4.0,&
{'D6'},{'D1'},{'D7'},{'D5'},{'D3'},{'D4'},{'D2'},{'R3'},{'R2'},{'R1'},&,5.0,&
{'D6'},{'D1'},{'D7'},{'D5'},{'D3'},{'D4'},{'D2'},{'R2'},{'R3'},{'R1'},&,8.0,&
{'D6'},{'D1'},{'D7'},{'D5'},{'D3'},{'D4'},{'D2'},{'R2'},{'R1'},{'R3'},&,8.0,&
{'D6'},{'D1'},{'D7'},{'D5'},{'D3'},{'D4'},{'D2'},{'R1'},{'R3'},{'R2'},&,5.0,&
{'D6'},{'D1'},{'D7'},{'D5'},{'D3'},{'D4'},{'D2'},{'R1'},{'R2'},{'R3'},&,4.0,&
{'D6'},{'D1'},{'D7'},{'D5'},{'D3'},{'D4'},{'R3'},{'D2'},{'R1'},{'R2'},&,1.0,&
{'D6'},{'D1'},{'D7'},{'D5'},{'D3'},{'D4'},{'R3'},{'D2'},{'R2'},{'R1'},&,5.0,&
{'D6'},{'D1'},{'D7'},{'D5'},{'D3'},{'D4'},{'R3'},{'R2'},{'D2'},{'R1'},&,2.0,&
{'D6'},{'D1'},{'D7'},{'D5'},{'D3'},{'D4'},{'R1'},{'D2'},{'R3'},{'R2'},&,2.0,&
{'D6'},{'D1'},{'D7'},{'D5'},{'D3'},{'D4'},{'R1'},{'D2'},{'R2'},{'R3'},&,1.0,&
{'D6'},{'D1'},{'D7'},{'D5'},{'D3'},{'D4'},{'R1'},{'R2'},{'D2'},{'R3'},&,1.0,&
{'D6'},{'D1'},{'D7'},{'D5'},{'D3'},{'R2'},{'R1'},{'D4'},{'D2'},{'R3'},&,1.0,&
{'D6'},{'D1'},{'D7'},{'D5'},{'D3'},{'R2'},{'D4'},{'D2'},{'R3'},{'R1'},&,1.0,&
{'D6'},{'D1'},{'D7'},{'D5'},{'D3'},{'D2'},{'D4'},{'R3'},{'R2'},{'R1'},&,1.0,&
{'D6'},{'D1'},{'D7'},{'D5'},{'D3'},{'D2'},{'D4'},{'R1'},{'R3'},{'R2'},&,2.0,&
{'D6'},{'D1'},{'D7'},{'D5'},{'D3'},{'R3'},{'D4'},{'D2'},{'R2'},{'R1'},&,1.0,&
{'D6'},{'D1'},{'D7'},{'D5'},{'D4'},{'R2'},{'D3'},{'D2'},{'R3'},{'R1'},&,1.0,&
{'D6'},{'D1'},{'D7'},{'D5'},{'D4'},{'R2'},{'D3'},{'D2'},{'R1'},{'R3'},&,1.0,&
{'D6'},{'D1'},{'D7'},{'D5'},{'D4'},{'D3'},{'R2'},{'D2'},{'R3'},{'R1'},&,1.0,&
{'D6'},{'D1'},{'D7'},{'D5'},{'D4'},{'D3'},{'R2'},{'D2'},{'R1'},{'R3'},&,1.0,&
{'D6'},{'D1'},{'D7'},{'D5'},{'D4'},{'D3'},{'D2'},{'R3'},{'R1'},{'R2'},&,2.0,&
{'D6'},{'D1'},{'D7'},{'D5'},{'D4'},{'D3'},{'D2'},{'R3'},{'R2'},{'R1'},&,4.0,&
{'D6'},{'D1'},{'D7'},{'D5'},{'D4'},{'D3'},{'D2'},{'R2'},{'R3'},{'R1'},&,4.0,&
{'D6'},{'D1'},{'D7'},{'D5'},{'D4'},{'D3'},{'D2'},{'R1'},{'R2'},{'R3'},&,3.0,&
{'D6'},{'D1'},{'D7'},{'D5'},{'D4'},{'D3'},{'R3'},{'D2'},{'R1'},{'R2'},&,4.0,&
{'D6'},{'D1'},{'D7'},{'D5'},{'D4'},{'D3'},{'R3'},{'D2'},{'R2'},{'R1'},&,1.0,&
{'D6'},{'D1'},{'D7'},{'D5'},{'D4'},{'D3'},{'R1'},{'D2'},{'R2'},{'R3'},&,1.0,&
{'D6'},{'D1'},{'D7'},{'D5'},{'D4'},{'D2'},{'D3'},{'R2'},{'R1'},{'R3'},&,1.0,&
{'D6'},{'D1'},{'D7'},{'D5'},{'D4'},{'R1'},{'D3'},{'D2'},{'R3'},{'R2'},&,1.0,&
{'D6'},{'D1'},{'D7'},{'D4'},{'D3'},{'D5'},{'R2'},{'D2'},{'R3'},{'R1'},&,10.0,&
{'D6'},{'D1'},{'D7'},{'D4'},{'D3'},{'D5'},{'R2'},{'D2'},{'R1'},{'R3'},&,6.0,&
{'D6'},{'D1'},{'D7'},{'D4'},{'D3'},{'D5'},{'R2'},{'R1'},{'D2'},{'R3'},&,1.0,&
{'D6'},{'D1'},{'D7'},{'D4'},{'D3'},{'D5'},{'D2'},{'R3'},{'R1'},{'R2'},&,17.0,&
{'D6'},{'D1'},{'D7'},{'D4'},{'D3'},{'D5'},{'D2'},{'R3'},{'R2'},{'R1'},&,18.0,&
{'D6'},{'D1'},{'D7'},{'D4'},{'D3'},{'D5'},{'D2'},{'R2'},{'R3'},{'R1'},&,22.0,&
{'D6'},{'D1'},{'D7'},{'D4'},{'D3'},{'D5'},{'D2'},{'R2'},{'R1'},{'R3'},&,26.0,&
{'D6'},{'D1'},{'D7'},{'D4'},{'D3'},{'D5'},{'D2'},{'R1'},{'R3'},{'R2'},&,7.0,&
{'D6'},{'D1'},{'D7'},{'D4'},{'D3'},{'D5'},{'D2'},{'R1'},{'R2'},{'R3'},&,22.0,&
{'D6'},{'D1'},{'D7'},{'D4'},{'D3'},{'D5'},{'R3'},{'D2'},{'R1'},{'R2'},&,7.0,&
{'D6'},{'D1'},{'D7'},{'D4'},{'D3'},{'D5'},{'R3'},{'D2'},{'R2'},{'R1'},&,10.0,&
{'D6'},{'D1'},{'D7'},{'D4'},{'D3'},{'D5'},{'R3'},{'R1'},{'D2'},{'R2'},&,2.0,&
{'D6'},{'D1'},{'D7'},{'D4'},{'D3'},{'D5'},{'R1'},{'D2'},{'R3'},{'R2'},&,3.0,&
{'D6'},{'D1'},{'D7'},{'D4'},{'D3'},{'D5'},{'R1'},{'D2'},{'R2'},{'R3'},&,2.0,&
{'D6'},{'D1'},{'D7'},{'D4'},{'D3'},{'R2'},{'D2'},{'D5'},{'R3'},{'R1'},&,1.0,&
{'D6'},{'D1'},{'D7'},{'D4'},{'D3'},{'R2'},{'D5'},{'D2'},{'R3'},{'R1'},&,2.0,&
{'D6'},{'D1'},{'D7'},{'D4'},{'D3'},{'R2'},{'D5'},{'D2'},{'R1'},{'R3'},&,3.0,&
{'D6'},{'D1'},{'D7'},{'D4'},{'D3'},{'D2'},{'R3'},{'D5'},{'R1'},{'R2'},&,4.0,&
{'D6'},{'D1'},{'D7'},{'D4'},{'D3'},{'D2'},{'R3'},{'D5'},{'R2'},{'R1'},&,1.0,&
{'D6'},{'D1'},{'D7'},{'D4'},{'D3'},{'D2'},{'D5'},{'R3'},{'R1'},{'R2'},&,2.0,&
{'D6'},{'D1'},{'D7'},{'D4'},{'D3'},{'D2'},{'D5'},{'R3'},{'R2'},{'R1'},&,4.0,&
{'D6'},{'D1'},{'D7'},{'D4'},{'D3'},{'D2'},{'D5'},{'R2'},{'R3'},{'R1'},&,2.0,&
{'D6'},{'D1'},{'D7'},{'D4'},{'D3'},{'D2'},{'D5'},{'R1'},{'R3'},{'R2'},&,1.0,&
{'D6'},{'D1'},{'D7'},{'D4'},{'D3'},{'D2'},{'D5'},{'R1'},{'R2'},{'R3'},&,3.0,&
{'D6'},{'D1'},{'D7'},{'D4'},{'D3'},{'R1'},{'D5'},{'D2'},{'R2'},{'R3'},&,2.0,&
{'D6'},{'D1'},{'D7'},{'D4'},{'D3'},{'R3'},{'D5'},{'D2'},{'R1'},{'R2'},&,1.0,&
{'D6'},{'D1'},{'D7'},{'D4'},{'D3'},{'R3'},{'D5'},{'R2'},{'R1'},{'D2'},&,1.0,&
{'D6'},{'D1'},{'D7'},{'D4'},{'D5'},{'D3'},{'R2'},{'D2'},{'R3'},{'R1'},&,1.0,&
{'D6'},{'D1'},{'D7'},{'D4'},{'D5'},{'D3'},{'R2'},{'D2'},{'R1'},{'R3'},&,1.0,&
{'D6'},{'D1'},{'D7'},{'D4'},{'D5'},{'D3'},{'R2'},{'R1'},{'R3'},{'D2'},&,1.0,&
{'D6'},{'D1'},{'D7'},{'D4'},{'D5'},{'D3'},{'D2'},{'R3'},{'R1'},{'R2'},&,1.0,&
{'D6'},{'D1'},{'D7'},{'D4'},{'D5'},{'D3'},{'D2'},{'R3'},{'R2'},{'R1'},&,5.0,&
{'D6'},{'D1'},{'D7'},{'D4'},{'D5'},{'D3'},{'D2'},{'R2'},{'R3'},{'R1'},&,8.0,&
{'D6'},{'D1'},{'D7'},{'D4'},{'D5'},{'D3'},{'D2'},{'R2'},{'R1'},{'R3'},&,8.0,&
{'D6'},{'D1'},{'D7'},{'D4'},{'D5'},{'D3'},{'D2'},{'R1'},{'R3'},{'R2'},&,5.0,&
{'D6'},{'D1'},{'D7'},{'D4'},{'D5'},{'D3'},{'D2'},{'R1'},{'R2'},{'R3'},&,3.0,&
{'D6'},{'D1'},{'D7'},{'D4'},{'D5'},{'D3'},{'R3'},{'D2'},{'R2'},{'R1'},&,1.0,&
{'D6'},{'D1'},{'D7'},{'D4'},{'D5'},{'D3'},{'R1'},{'R3'},{'R2'},{'D2'},&,1.0,&
{'D6'},{'D1'},{'D7'},{'D4'},{'D5'},{'D3'},{'R1'},{'R2'},{'D2'},{'R3'},&,1.0,&
{'D6'},{'D1'},{'D7'},{'D4'},{'D5'},{'R3'},{'D3'},{'D2'},{'R2'},{'R1'},&,1.0,&
{'D6'},{'D1'},{'D7'},{'D4'},{'D5'},{'R3'},{'D3'},{'R2'},{'D2'},{'R1'},&,1.0,&
{'D6'},{'D1'},{'D7'},{'D4'},{'D2'},{'D3'},{'R2'},{'D5'},{'R3'},{'R1'},&,1.0,&
{'D6'},{'D1'},{'D7'},{'D4'},{'D2'},{'D3'},{'R3'},{'R2'},{'D5'},{'R1'},&,1.0,&
{'D6'},{'D1'},{'D7'},{'D4'},{'D2'},{'D3'},{'D5'},{'R3'},{'R1'},{'R2'},&,1.0,&
{'D6'},{'D1'},{'D7'},{'D4'},{'D2'},{'D3'},{'D5'},{'R1'},{'R2'},{'R3'},&,1.0,&
{'D6'},{'D1'},{'D7'},{'D4'},{'R2'},{'D3'},{'D5'},{'D2'},{'R1'},{'R3'},&,1.0,&
{'D6'},{'D1'},{'D7'},{'D4'},{'R3'},{'D3'},{'D5'},{'D2'},{'R2'},{'R1'},&,2.0,&
{'D6'},{'D1'},{'D7'},{'D3'},{'D5'},{'D4'},{'R2'},{'D2'},{'R3'},{'R1'},&,8.0,&
{'D6'},{'D1'},{'D7'},{'D3'},{'D5'},{'D4'},{'R2'},{'D2'},{'R1'},{'R3'},&,5.0,&
{'D6'},{'D1'},{'D7'},{'D3'},{'D5'},{'D4'},{'R2'},{'R3'},{'D2'},{'R1'},&,3.0,&
{'D6'},{'D1'},{'D7'},{'D3'},{'D5'},{'D4'},{'D2'},{'R3'},{'R1'},{'R2'},&,7.0,&
{'D6'},{'D1'},{'D7'},{'D3'},{'D5'},{'D4'},{'D2'},{'R3'},{'R2'},{'R1'},&,16.0,&
{'D6'},{'D1'},{'D7'},{'D3'},{'D5'},{'D4'},{'D2'},{'R2'},{'R3'},{'R1'},&,30.0,&
{'D6'},{'D1'},{'D7'},{'D3'},{'D5'},{'D4'},{'D2'},{'R2'},{'R1'},{'R3'},&,16.0,&
{'D6'},{'D1'},{'D7'},{'D3'},{'D5'},{'D4'},{'D2'},{'R1'},{'R3'},{'R2'},&,14.0,&
{'D6'},{'D1'},{'D7'},{'D3'},{'D5'},{'D4'},{'D2'},{'R1'},{'R2'},{'R3'},&,20.0,&
{'D6'},{'D1'},{'D7'},{'D3'},{'D5'},{'D4'},{'R3'},{'D2'},{'R1'},{'R2'},&,5.0,&
{'D6'},{'D1'},{'D7'},{'D3'},{'D5'},{'D4'},{'R3'},{'D2'},{'R2'},{'R1'},&,5.0,&
{'D6'},{'D1'},{'D7'},{'D3'},{'D5'},{'D4'},{'R3'},{'R2'},{'D2'},{'R1'},&,3.0,&
{'D6'},{'D1'},{'D7'},{'D3'},{'D5'},{'D4'},{'R3'},{'R1'},{'D2'},{'R2'},&,2.0,&
{'D6'},{'D1'},{'D7'},{'D3'},{'D5'},{'D4'},{'R1'},{'D2'},{'R2'},{'R3'},&,5.0,&
{'D6'},{'D1'},{'D7'},{'D3'},{'D5'},{'D4'},{'R1'},{'R3'},{'D2'},{'R2'},&,1.0,&
{'D6'},{'D1'},{'D7'},{'D3'},{'D5'},{'D4'},{'R1'},{'R2'},{'R3'},{'D2'},&,1.0,&
{'D6'},{'D1'},{'D7'},{'D3'},{'D5'},{'D4'},{'R1'},{'R2'},{'D2'},{'R3'},&,4.0,&
{'D6'},{'D1'},{'D7'},{'D3'},{'D5'},{'R2'},{'D4'},{'R3'},{'D2'},{'R1'},&,2.0,&
{'D6'},{'D1'},{'D7'},{'D3'},{'D5'},{'D2'},{'D4'},{'R3'},{'R1'},{'R2'},&,1.0,&
{'D6'},{'D1'},{'D7'},{'D3'},{'D5'},{'D2'},{'D4'},{'R3'},{'R2'},{'R1'},&,1.0,&
{'D6'},{'D1'},{'D7'},{'D3'},{'D5'},{'D2'},{'D4'},{'R2'},{'R1'},{'R3'},&,1.0,&
{'D6'},{'D1'},{'D7'},{'D3'},{'D5'},{'D2'},{'D4'},{'R1'},{'R3'},{'R2'},&,1.0,&
{'D6'},{'D1'},{'D7'},{'D3'},{'D5'},{'D2'},{'D4'},{'R1'},{'R2'},{'R3'},&,1.0,&
{'D6'},{'D1'},{'D7'},{'D3'},{'D5'},{'R1'},{'D4'},{'D2'},{'R3'},{'R2'},&,2.0,&
{'D6'},{'D1'},{'D7'},{'D3'},{'D5'},{'R3'},{'D4'},{'D2'},{'R1'},{'R2'},&,1.0,&
{'D6'},{'D1'},{'D7'},{'D3'},{'D4'},{'D5'},{'R2'},{'D2'},{'R3'},{'R1'},&,13.0,&
{'D6'},{'D1'},{'D7'},{'D3'},{'D4'},{'D5'},{'R2'},{'D2'},{'R1'},{'R3'},&,9.0,&
{'D6'},{'D1'},{'D7'},{'D3'},{'D4'},{'D5'},{'R2'},{'R3'},{'R1'},{'D2'},&,2.0,&
{'D6'},{'D1'},{'D7'},{'D3'},{'D4'},{'D5'},{'R2'},{'R3'},{'D2'},{'R1'},&,4.0,&
{'D6'},{'D1'},{'D7'},{'D3'},{'D4'},{'D5'},{'R2'},{'R1'},{'R3'},{'D2'},&,2.0,&
{'D6'},{'D1'},{'D7'},{'D3'},{'D4'},{'D5'},{'R2'},{'R1'},{'D2'},{'R3'},&,4.0,&
{'D6'},{'D1'},{'D7'},{'D3'},{'D4'},{'D5'},{'D2'},{'R3'},{'R1'},{'R2'},&,23.0,&
{'D6'},{'D1'},{'D7'},{'D3'},{'D4'},{'D5'},{'D2'},{'R3'},{'R2'},{'R1'},&,49.0,&
{'D6'},{'D1'},{'D7'},{'D3'},{'D4'},{'D5'},{'D2'},{'R2'},{'R3'},{'R1'},&,61.0,&
{'D6'},{'D1'},{'D7'},{'D3'},{'D4'},{'D5'},{'D2'},{'R2'},{'R1'},{'R3'},&,57.0,&
{'D6'},{'D1'},{'D7'},{'D3'},{'D4'},{'D5'},{'D2'},{'R1'},{'R3'},{'R2'},&,32.0,&
{'D6'},{'D1'},{'D7'},{'D3'},{'D4'},{'D5'},{'D2'},{'R1'},{'R2'},{'R3'},&,32.0,&
{'D6'},{'D1'},{'D7'},{'D3'},{'D4'},{'D5'},{'R3'},{'D2'},{'R1'},{'R2'},&,8.0,&
{'D6'},{'D1'},{'D7'},{'D3'},{'D4'},{'D5'},{'R3'},{'D2'},{'R2'},{'R1'},&,7.0,&
{'D6'},{'D1'},{'D7'},{'D3'},{'D4'},{'D5'},{'R3'},{'R2'},{'R1'},{'D2'},&,1.0,&
{'D6'},{'D1'},{'D7'},{'D3'},{'D4'},{'D5'},{'R3'},{'R2'},{'D2'},{'R1'},&,3.0,&
{'D6'},{'D1'},{'D7'},{'D3'},{'D4'},{'D5'},{'R3'},{'R1'},{'D2'},{'R2'},&,2.0,&
{'D6'},{'D1'},{'D7'},{'D3'},{'D4'},{'D5'},{'R3'},{'R1'},{'R2'},{'D2'},&,1.0,&
{'D6'},{'D1'},{'D7'},{'D3'},{'D4'},{'D5'},{'R1'},{'D2'},{'R3'},{'R2'},&,8.0,&
{'D6'},{'D1'},{'D7'},{'D3'},{'D4'},{'D5'},{'R1'},{'D2'},{'R2'},{'R3'},&,15.0,&
{'D6'},{'D1'},{'D7'},{'D3'},{'D4'},{'D5'},{'R1'},{'R3'},{'D2'},{'R2'},&,1.0,&
{'D6'},{'D1'},{'D7'},{'D3'},{'D4'},{'D5'},{'R1'},{'R3'},{'R2'},{'D2'},&,1.0,&
{'D6'},{'D1'},{'D7'},{'D3'},{'D4'},{'D5'},{'R1'},{'R2'},{'R3'},{'D2'},&,1.0,&
{'D6'},{'D1'},{'D7'},{'D3'},{'D4'},{'D5'},{'R1'},{'R2'},{'D2'},{'R3'},&,1.0,&
{'D6'},{'D1'},{'D7'},{'D3'},{'D4'},{'R2'},{'D5'},{'D2'},{'R3'},{'R1'},&,3.0,&
{'D6'},{'D1'},{'D7'},{'D3'},{'D4'},{'R2'},{'D5'},{'D2'},{'R1'},{'R3'},&,3.0,&
{'D6'},{'D1'},{'D7'},{'D3'},{'D4'},{'D2'},{'R2'},{'R3'},{'D5'},{'R1'},&,2.0,&
{'D6'},{'D1'},{'D7'},{'D3'},{'D4'},{'D2'},{'R2'},{'D5'},{'R3'},{'R1'},&,3.0,&
{'D6'},{'D1'},{'D7'},{'D3'},{'D4'},{'D2'},{'R3'},{'D5'},{'R2'},{'R1'},&,2.0,&
{'D6'},{'D1'},{'D7'},{'D3'},{'D4'},{'D2'},{'D5'},{'R3'},{'R1'},{'R2'},&,3.0,&
{'D6'},{'D1'},{'D7'},{'D3'},{'D4'},{'D2'},{'D5'},{'R3'},{'R2'},{'R1'},&,7.0,&
{'D6'},{'D1'},{'D7'},{'D3'},{'D4'},{'D2'},{'D5'},{'R2'},{'R3'},{'R1'},&,6.0,&
{'D6'},{'D1'},{'D7'},{'D3'},{'D4'},{'D2'},{'D5'},{'R2'},{'R1'},{'R3'},&,3.0,&
{'D6'},{'D1'},{'D7'},{'D3'},{'D4'},{'D2'},{'D5'},{'R1'},{'R3'},{'R2'},&,3.0,&
{'D6'},{'D1'},{'D7'},{'D3'},{'D4'},{'D2'},{'D5'},{'R1'},{'R2'},{'R3'},&,2.0,&
{'D6'},{'D1'},{'D7'},{'D3'},{'D4'},{'D2'},{'R1'},{'R3'},{'R2'},{'D5'},&,1.0,&
{'D6'},{'D1'},{'D7'},{'D3'},{'D4'},{'D2'},{'R1'},{'D5'},{'R3'},{'R2'},&,2.0,&
{'D6'},{'D1'},{'D7'},{'D3'},{'D4'},{'D2'},{'R1'},{'D5'},{'R2'},{'R3'},&,1.0,&
{'D6'},{'D1'},{'D7'},{'D3'},{'D4'},{'R1'},{'R3'},{'D5'},{'D2'},{'R2'},&,1.0,&
{'D6'},{'D1'},{'D7'},{'D3'},{'D4'},{'R1'},{'D5'},{'D2'},{'R3'},{'R2'},&,3.0,&
{'D6'},{'D1'},{'D7'},{'D3'},{'D4'},{'R1'},{'D5'},{'D2'},{'R2'},{'R3'},&,2.0,&
{'D6'},{'D1'},{'D7'},{'D3'},{'D4'},{'R3'},{'R2'},{'D5'},{'D2'},{'R1'},&,2.0,&
{'D6'},{'D1'},{'D7'},{'D3'},{'D4'},{'R3'},{'D2'},{'D5'},{'R1'},{'R2'},&,1.0,&
{'D6'},{'D1'},{'D7'},{'D3'},{'D4'},{'R3'},{'D5'},{'D2'},{'R2'},{'R1'},&,3.0,&
{'D6'},{'D1'},{'D7'},{'D3'},{'D4'},{'R3'},{'D5'},{'R2'},{'D2'},{'R1'},&,1.0,&
{'D6'},{'D1'},{'D7'},{'D3'},{'D2'},{'D5'},{'R3'},{'D4'},{'R2'},{'R1'},&,1.0,&
{'D6'},{'D1'},{'D7'},{'D3'},{'D2'},{'D5'},{'D4'},{'R2'},{'R1'},{'R3'},&,1.0,&
{'D6'},{'D1'},{'D7'},{'D3'},{'D2'},{'D4'},{'R3'},{'D5'},{'R2'},{'R1'},&,1.0,&
{'D6'},{'D1'},{'D7'},{'D3'},{'D2'},{'D4'},{'D5'},{'R2'},{'R3'},{'R1'},&,3.0,&
{'D6'},{'D1'},{'D7'},{'D3'},{'D2'},{'D4'},{'R1'},{'D5'},{'R3'},{'R2'},&,1.0,&
{'D6'},{'D1'},{'D7'},{'D3'},{'D2'},{'R3'},{'D4'},{'D5'},{'R1'},{'R2'},&,1.0,&
{'D6'},{'D1'},{'D7'},{'D3'},{'R1'},{'D5'},{'D4'},{'D2'},{'R3'},{'R2'},&,1.0,&
{'D6'},{'D1'},{'D7'},{'D3'},{'R1'},{'D4'},{'D5'},{'D2'},{'R3'},{'R2'},&,1.0,&
{'D6'},{'D1'},{'D7'},{'D3'},{'R2'},{'D5'},{'D4'},{'R3'},{'D2'},{'R1'},&,1.0,&
{'D6'},{'D1'},{'D7'},{'D3'},{'R2'},{'D4'},{'D5'},{'D2'},{'R3'},{'R1'},&,4.0,&
{'D6'},{'D1'},{'D7'},{'D3'},{'R3'},{'D4'},{'D5'},{'D2'},{'R2'},{'R1'},&,2.0,&
{'D6'},{'D1'},{'D7'},{'D2'},{'D3'},{'D5'},{'R2'},{'D4'},{'R1'},{'R3'},&,1.0,&
{'D6'},{'D1'},{'D7'},{'D2'},{'D3'},{'D5'},{'D4'},{'R2'},{'R3'},{'R1'},&,1.0,&
{'D6'},{'D1'},{'D7'},{'D2'},{'D3'},{'D5'},{'D4'},{'R1'},{'R2'},{'R3'},&,1.0,&
{'D6'},{'D1'},{'D7'},{'D2'},{'D3'},{'D4'},{'R2'},{'D5'},{'R1'},{'R3'},&,1.0,&
{'D6'},{'D1'},{'D7'},{'D2'},{'D3'},{'D4'},{'R3'},{'D5'},{'R1'},{'R2'},&,1.0,&
{'D6'},{'D1'},{'D7'},{'D2'},{'D3'},{'D4'},{'D5'},{'R3'},{'R1'},{'R2'},&,1.0,&
{'D6'},{'D1'},{'D7'},{'D2'},{'D3'},{'D4'},{'D5'},{'R3'},{'R2'},{'R1'},&,1.0,&
{'D6'},{'D1'},{'D7'},{'D2'},{'D3'},{'D4'},{'D5'},{'R2'},{'R1'},{'R3'},&,1.0,&
{'D6'},{'D1'},{'D7'},{'D2'},{'D5'},{'D3'},{'D4'},{'R1'},{'R2'},{'R3'},&,1.0,&
{'D6'},{'D1'},{'D7'},{'D2'},{'D4'},{'D3'},{'R1'},{'D5'},{'R2'},{'R3'},&,1.0,&
{'D6'},{'D1'},{'D7'},{'R2'},{'D3'},{'D5'},{'D2'},{'D4'},{'R3'},{'R1'},&,1.0,&
{'D6'},{'D1'},{'D7'},{'R2'},{'D3'},{'D5'},{'R3'},{'D4'},{'D2'},{'R1'},&,1.0,&
{'D6'},{'D1'},{'D7'},{'R2'},{'D3'},{'D4'},{'D5'},{'R1'},{'D2'},{'R3'},&,1.0,&
{'D6'},{'D1'},{'D7'},{'R2'},{'D4'},{'D3'},{'R1'},{'D2'},{'R3'},{'D5'},&,1.0,&
{'D6'},{'D1'},{'D7'},{'R1'},{'D3'},{'D4'},{'D5'},{'D2'},{'R2'},{'R3'},&,1.0,&
{'D6'},{'D1'},{'D7'},{'R1'},{'D5'},{'D3'},{'D4'},{'R2'},{'D2'},{'R3'},&,1.0,&
{'D6'},{'D1'},{'D7'},{'R1'},{'D4'},{'D3'},{'D5'},{'D2'},{'R3'},{'R2'},&,1.0,&
{'D6'},{'D1'},{'D5'},{'D4'},{'D3'},{'D7'},{'D2'},{'R3'},{'R1'},{'R2'},&,1.0,&
{'D6'},{'D1'},{'D5'},{'D4'},{'D7'},{'D3'},{'D2'},{'R2'},{'R1'},{'R3'},&,2.0,&
{'D6'},{'D1'},{'D5'},{'D4'},{'D7'},{'D3'},{'R1'},{'D2'},{'R2'},{'R3'},&,1.0,&
{'D6'},{'D1'},{'D5'},{'D3'},{'D7'},{'D4'},{'D2'},{'R3'},{'R2'},{'R1'},&,4.0,&
{'D6'},{'D1'},{'D5'},{'D3'},{'D7'},{'D4'},{'D2'},{'R2'},{'R3'},{'R1'},&,1.0,&
{'D6'},{'D1'},{'D5'},{'D3'},{'D7'},{'D4'},{'D2'},{'R2'},{'R1'},{'R3'},&,1.0,&
{'D6'},{'D1'},{'D5'},{'D3'},{'D7'},{'D4'},{'D2'},{'R1'},{'R3'},{'R2'},&,1.0,&
{'D6'},{'D1'},{'D5'},{'D3'},{'D7'},{'D2'},{'D4'},{'R2'},{'R3'},{'R1'},&,1.0,&
{'D6'},{'D1'},{'D5'},{'D7'},{'D3'},{'D4'},{'R2'},{'D2'},{'R3'},{'R1'},&,2.0,&
{'D6'},{'D1'},{'D5'},{'D7'},{'D3'},{'D4'},{'D2'},{'R3'},{'R1'},{'R2'},&,1.0,&
{'D6'},{'D1'},{'D5'},{'D7'},{'D3'},{'D4'},{'D2'},{'R2'},{'R3'},{'R1'},&,4.0,&
{'D6'},{'D1'},{'D5'},{'D7'},{'D3'},{'D4'},{'D2'},{'R1'},{'R3'},{'R2'},&,1.0,&
{'D6'},{'D1'},{'D5'},{'D7'},{'D3'},{'D4'},{'R3'},{'R2'},{'R1'},{'D2'},&,1.0,&
{'D6'},{'D1'},{'D5'},{'D7'},{'D3'},{'D2'},{'D4'},{'R3'},{'R1'},{'R2'},&,1.0,&
{'D6'},{'D1'},{'D5'},{'D7'},{'D3'},{'D2'},{'D4'},{'R2'},{'R3'},{'R1'},&,1.0,&
{'D6'},{'D1'},{'D5'},{'D7'},{'D4'},{'D3'},{'R2'},{'R1'},{'R3'},{'D2'},&,1.0,&
{'D6'},{'D1'},{'D5'},{'D7'},{'D4'},{'D3'},{'D2'},{'R3'},{'R1'},{'R2'},&,1.0,&
{'D6'},{'D1'},{'D5'},{'D7'},{'D4'},{'D3'},{'D2'},{'R3'},{'R2'},{'R1'},&,2.0,&
{'D6'},{'D1'},{'D5'},{'D7'},{'D4'},{'D3'},{'D2'},{'R2'},{'R1'},{'R3'},&,1.0,&
{'D6'},{'D1'},{'D5'},{'D7'},{'D4'},{'D3'},{'D2'},{'R1'},{'R2'},{'R3'},&,2.0,&
{'D6'},{'D1'},{'D5'},{'D7'},{'D4'},{'D3'},{'R3'},{'D2'},{'R1'},{'R2'},&,1.0,&
{'D6'},{'D1'},{'D5'},{'D7'},{'D4'},{'D3'},{'R1'},{'D2'},{'R2'},{'R3'},&,1.0,&
{'D6'},{'D1'},{'D5'},{'D7'},{'D4'},{'R3'},{'D3'},{'D2'},{'R2'},{'R1'},&,1.0,&
{'D6'},{'D1'},{'D2'},{'D7'},{'D3'},{'D4'},{'D5'},{'R3'},{'R2'},{'R1'},&,1.0,&
{'D6'},{'D1'},{'D2'},{'D7'},{'D3'},{'D4'},{'D5'},{'R2'},{'R3'},{'R1'},&,1.0,&
{'D6'},{'D1'},{'D2'},{'D7'},{'D3'},{'R2'},{'D4'},{'D5'},{'R3'},{'R1'},&,1.0,&
{'D6'},{'D1'},{'D2'},{'D7'},{'D3'},{'R1'},{'D4'},{'D5'},{'R2'},{'R3'},&,1.0,&
{'D6'},{'D1'},{'D2'},{'D7'},{'D5'},{'D3'},{'D4'},{'R2'},{'R3'},{'R1'},&,1.0,&
{'D6'},{'D1'},{'D2'},{'D7'},{'D5'},{'D3'},{'D4'},{'R1'},{'R2'},{'R3'},&,1.0,&
{'D6'},{'D1'},{'R1'},{'D7'},{'D3'},{'D4'},{'D5'},{'D2'},{'R2'},{'R3'},&,1.0,&
{'D6'},{'D4'},{'D3'},{'D1'},{'D5'},{'D7'},{'D2'},{'R2'},{'R3'},{'R1'},&,1.0,&
{'D6'},{'D4'},{'D3'},{'D1'},{'D7'},{'D5'},{'R2'},{'D2'},{'R3'},{'R1'},&,1.0,&
{'D6'},{'D4'},{'D3'},{'D1'},{'D7'},{'D5'},{'R2'},{'D2'},{'R1'},{'R3'},&,2.0,&
{'D6'},{'D4'},{'D3'},{'D1'},{'D7'},{'D5'},{'D2'},{'R3'},{'R1'},{'R2'},&,5.0,&
{'D6'},{'D4'},{'D3'},{'D1'},{'D7'},{'D5'},{'D2'},{'R3'},{'R2'},{'R1'},&,4.0,&
{'D6'},{'D4'},{'D3'},{'D1'},{'D7'},{'D5'},{'D2'},{'R2'},{'R3'},{'R1'},&,3.0,&
{'D6'},{'D4'},{'D3'},{'D1'},{'D7'},{'D5'},{'D2'},{'R2'},{'R1'},{'R3'},&,4.0,&
{'D6'},{'D4'},{'D3'},{'D1'},{'D7'},{'D5'},{'D2'},{'R1'},{'R2'},{'R3'},&,2.0,&
{'D6'},{'D4'},{'D3'},{'D1'},{'D7'},{'D5'},{'R1'},{'D2'},{'R3'},{'R2'},&,1.0,&
{'D6'},{'D4'},{'D3'},{'D1'},{'D7'},{'D2'},{'R2'},{'D5'},{'R3'},{'R1'},&,1.0,&
{'D6'},{'D4'},{'D3'},{'D1'},{'D7'},{'D2'},{'D5'},{'R3'},{'R1'},{'R2'},&,1.0,&
{'D6'},{'D4'},{'D3'},{'D1'},{'D7'},{'D2'},{'D5'},{'R2'},{'R3'},{'R1'},&,2.0,&
{'D6'},{'D4'},{'D3'},{'D1'},{'D7'},{'D2'},{'D5'},{'R2'},{'R1'},{'R3'},&,1.0,&
{'D6'},{'D4'},{'D3'},{'D1'},{'D7'},{'D2'},{'D5'},{'R1'},{'R3'},{'R2'},&,2.0,&
{'D6'},{'D4'},{'D3'},{'D5'},{'D7'},{'D1'},{'R2'},{'D2'},{'R3'},{'R1'},&,1.0,&
{'D6'},{'D4'},{'D3'},{'D5'},{'D7'},{'D1'},{'R2'},{'D2'},{'R1'},{'R3'},&,2.0,&
{'D6'},{'D4'},{'D3'},{'D5'},{'D7'},{'D1'},{'R2'},{'R1'},{'D2'},{'R3'},&,1.0,&
{'D6'},{'D4'},{'D3'},{'D5'},{'D7'},{'D1'},{'D2'},{'R3'},{'R2'},{'R1'},&,2.0,&
{'D6'},{'D4'},{'D3'},{'D5'},{'D7'},{'D1'},{'D2'},{'R2'},{'R3'},{'R1'},&,1.0,&
{'D6'},{'D4'},{'D3'},{'D5'},{'D7'},{'D1'},{'D2'},{'R2'},{'R1'},{'R3'},&,1.0,&
{'D6'},{'D4'},{'D3'},{'D5'},{'D7'},{'D1'},{'D2'},{'R1'},{'R3'},{'R2'},&,1.0,&
{'D6'},{'D4'},{'D3'},{'D5'},{'D7'},{'R2'},{'D1'},{'R1'},{'D2'},{'R3'},&,1.0,&
{'D6'},{'D4'},{'D3'},{'D5'},{'D7'},{'D2'},{'D1'},{'R2'},{'R1'},{'R3'},&,1.0,&
{'D6'},{'D4'},{'D3'},{'D5'},{'D7'},{'R3'},{'D1'},{'D2'},{'R2'},{'R1'},&,1.0,&
{'D6'},{'D4'},{'D3'},{'D5'},{'R2'},{'D7'},{'D1'},{'R1'},{'D2'},{'R3'},&,1.0,&
{'D6'},{'D4'},{'D3'},{'D7'},{'D1'},{'D5'},{'R2'},{'D2'},{'R3'},{'R1'},&,17.0,&
{'D6'},{'D4'},{'D3'},{'D7'},{'D1'},{'D5'},{'R2'},{'D2'},{'R1'},{'R3'},&,3.0,&
{'D6'},{'D4'},{'D3'},{'D7'},{'D1'},{'D5'},{'R2'},{'R3'},{'R1'},{'D2'},&,1.0,&
{'D6'},{'D4'},{'D3'},{'D7'},{'D1'},{'D5'},{'R2'},{'R3'},{'D2'},{'R1'},&,5.0,&
{'D6'},{'D4'},{'D3'},{'D7'},{'D1'},{'D5'},{'R2'},{'R1'},{'D2'},{'R3'},&,4.0,&
{'D6'},{'D4'},{'D3'},{'D7'},{'D1'},{'D5'},{'D2'},{'R3'},{'R1'},{'R2'},&,17.0,&
{'D6'},{'D4'},{'D3'},{'D7'},{'D1'},{'D5'},{'D2'},{'R3'},{'R2'},{'R1'},&,22.0,&
{'D6'},{'D4'},{'D3'},{'D7'},{'D1'},{'D5'},{'D2'},{'R2'},{'R3'},{'R1'},&,27.0,&
{'D6'},{'D4'},{'D3'},{'D7'},{'D1'},{'D5'},{'D2'},{'R2'},{'R1'},{'R3'},&,26.0,&
{'D6'},{'D4'},{'D3'},{'D7'},{'D1'},{'D5'},{'D2'},{'R1'},{'R3'},{'R2'},&,12.0,&
{'D6'},{'D4'},{'D3'},{'D7'},{'D1'},{'D5'},{'D2'},{'R1'},{'R2'},{'R3'},&,19.0,&
{'D6'},{'D4'},{'D3'},{'D7'},{'D1'},{'D5'},{'R3'},{'D2'},{'R1'},{'R2'},&,1.0,&
{'D6'},{'D4'},{'D3'},{'D7'},{'D1'},{'D5'},{'R3'},{'D2'},{'R2'},{'R1'},&,9.0,&
{'D6'},{'D4'},{'D3'},{'D7'},{'D1'},{'D5'},{'R3'},{'R2'},{'R1'},{'D2'},&,1.0,&
{'D6'},{'D4'},{'D3'},{'D7'},{'D1'},{'D5'},{'R3'},{'R2'},{'D2'},{'R1'},&,2.0,&
{'D6'},{'D4'},{'D3'},{'D7'},{'D1'},{'D5'},{'R1'},{'D2'},{'R3'},{'R2'},&,3.0,&
{'D6'},{'D4'},{'D3'},{'D7'},{'D1'},{'D5'},{'R1'},{'D2'},{'R2'},{'R3'},&,5.0,&
{'D6'},{'D4'},{'D3'},{'D7'},{'D1'},{'D5'},{'R1'},{'R2'},{'D2'},{'R3'},&,1.0,&
{'D6'},{'D4'},{'D3'},{'D7'},{'D1'},{'R2'},{'D5'},{'D2'},{'R3'},{'R1'},&,1.0,&
{'D6'},{'D4'},{'D3'},{'D7'},{'D1'},{'R2'},{'D5'},{'R3'},{'D2'},{'R1'},&,3.0,&
{'D6'},{'D4'},{'D3'},{'D7'},{'D1'},{'R2'},{'D5'},{'R1'},{'R3'},{'D2'},&,1.0,&
{'D6'},{'D4'},{'D3'},{'D7'},{'D1'},{'R2'},{'D5'},{'R1'},{'D2'},{'R3'},&,1.0,&
{'D6'},{'D4'},{'D3'},{'D7'},{'D1'},{'D2'},{'R2'},{'R3'},{'D5'},{'R1'},&,1.0,&
{'D6'},{'D4'},{'D3'},{'D7'},{'D1'},{'D2'},{'R2'},{'D5'},{'R3'},{'R1'},&,2.0,&
{'D6'},{'D4'},{'D3'},{'D7'},{'D1'},{'D2'},{'D5'},{'R3'},{'R2'},{'R1'},&,3.0,&
{'D6'},{'D4'},{'D3'},{'D7'},{'D1'},{'D2'},{'D5'},{'R2'},{'R3'},{'R1'},&,1.0,&
{'D6'},{'D4'},{'D3'},{'D7'},{'D1'},{'D2'},{'D5'},{'R2'},{'R1'},{'R3'},&,3.0,&
{'D6'},{'D4'},{'D3'},{'D7'},{'D1'},{'D2'},{'D5'},{'R1'},{'R2'},{'R3'},&,1.0,&
{'D6'},{'D4'},{'D3'},{'D7'},{'D1'},{'D2'},{'R1'},{'D5'},{'R2'},{'R3'},&,2.0,&
{'D6'},{'D4'},{'D3'},{'D7'},{'D1'},{'R3'},{'R2'},{'D5'},{'D2'},{'R1'},&,1.0,&
{'D6'},{'D4'},{'D3'},{'D7'},{'D1'},{'R3'},{'D2'},{'D5'},{'R2'},{'R1'},&,1.0,&
{'D6'},{'D4'},{'D3'},{'D7'},{'D1'},{'R3'},{'D5'},{'D2'},{'R2'},{'R1'},&,1.0,&
{'D6'},{'D4'},{'D3'},{'D7'},{'D5'},{'D1'},{'R2'},{'D2'},{'R3'},{'R1'},&,7.0,&
{'D6'},{'D4'},{'D3'},{'D7'},{'D5'},{'D1'},{'R2'},{'D2'},{'R1'},{'R3'},&,7.0,&
{'D6'},{'D4'},{'D3'},{'D7'},{'D5'},{'D1'},{'R2'},{'R1'},{'D2'},{'R3'},&,1.0,&
{'D6'},{'D4'},{'D3'},{'D7'},{'D5'},{'D1'},{'D2'},{'R3'},{'R1'},{'R2'},&,7.0,&
{'D6'},{'D4'},{'D3'},{'D7'},{'D5'},{'D1'},{'D2'},{'R3'},{'R2'},{'R1'},&,16.0,&
{'D6'},{'D4'},{'D3'},{'D7'},{'D5'},{'D1'},{'D2'},{'R2'},{'R3'},{'R1'},&,17.0,&
{'D6'},{'D4'},{'D3'},{'D7'},{'D5'},{'D1'},{'D2'},{'R2'},{'R1'},{'R3'},&,12.0,&
{'D6'},{'D4'},{'D3'},{'D7'},{'D5'},{'D1'},{'D2'},{'R1'},{'R3'},{'R2'},&,7.0,&
{'D6'},{'D4'},{'D3'},{'D7'},{'D5'},{'D1'},{'D2'},{'R1'},{'R2'},{'R3'},&,9.0,&
{'D6'},{'D4'},{'D3'},{'D7'},{'D5'},{'D1'},{'R3'},{'D2'},{'R1'},{'R2'},&,3.0,&
{'D6'},{'D4'},{'D3'},{'D7'},{'D5'},{'D1'},{'R3'},{'D2'},{'R2'},{'R1'},&,4.0,&
{'D6'},{'D4'},{'D3'},{'D7'},{'D5'},{'D1'},{'R3'},{'R2'},{'D2'},{'R1'},&,2.0,&
{'D6'},{'D4'},{'D3'},{'D7'},{'D5'},{'D1'},{'R3'},{'R1'},{'D2'},{'R2'},&,1.0,&
{'D6'},{'D4'},{'D3'},{'D7'},{'D5'},{'D1'},{'R1'},{'D2'},{'R3'},{'R2'},&,2.0,&
{'D6'},{'D4'},{'D3'},{'D7'},{'D5'},{'D1'},{'R1'},{'D2'},{'R2'},{'R3'},&,4.0,&
{'D6'},{'D4'},{'D3'},{'D7'},{'D5'},{'D1'},{'R1'},{'R3'},{'D2'},{'R2'},&,1.0,&
{'D6'},{'D4'},{'D3'},{'D7'},{'D5'},{'R2'},{'D1'},{'D2'},{'R3'},{'R1'},&,1.0,&
{'D6'},{'D4'},{'D3'},{'D7'},{'D5'},{'R2'},{'D1'},{'D2'},{'R1'},{'R3'},&,2.0,&
{'D6'},{'D4'},{'D3'},{'D7'},{'D5'},{'D2'},{'R3'},{'D1'},{'R1'},{'R2'},&,1.0,&
{'D6'},{'D4'},{'D3'},{'D7'},{'D5'},{'D2'},{'R3'},{'D1'},{'R2'},{'R1'},&,1.0,&
{'D6'},{'D4'},{'D3'},{'D7'},{'D5'},{'D2'},{'D1'},{'R3'},{'R1'},{'R2'},&,1.0,&
{'D6'},{'D4'},{'D3'},{'D7'},{'D5'},{'D2'},{'D1'},{'R2'},{'R3'},{'R1'},&,1.0,&
{'D6'},{'D4'},{'D3'},{'D7'},{'D5'},{'D2'},{'D1'},{'R1'},{'R2'},{'R3'},&,2.0,&
{'D6'},{'D4'},{'D3'},{'D7'},{'D5'},{'R1'},{'D1'},{'D2'},{'R3'},{'R2'},&,1.0,&
{'D6'},{'D4'},{'D3'},{'D7'},{'D5'},{'R3'},{'D1'},{'R2'},{'R1'},{'D2'},&,1.0,&
{'D6'},{'D4'},{'D3'},{'D7'},{'D2'},{'D5'},{'D1'},{'R3'},{'R1'},{'R2'},&,1.0,&
{'D6'},{'D4'},{'D3'},{'D7'},{'D2'},{'D5'},{'D1'},{'R2'},{'R1'},{'R3'},&,1.0,&
{'D6'},{'D4'},{'D3'},{'D7'},{'D2'},{'D1'},{'D5'},{'R3'},{'R1'},{'R2'},&,2.0,&
{'D6'},{'D4'},{'D3'},{'D7'},{'D2'},{'D1'},{'D5'},{'R3'},{'R2'},{'R1'},&,2.0,&
{'D6'},{'D4'},{'D3'},{'D7'},{'D2'},{'D1'},{'D5'},{'R2'},{'R3'},{'R1'},&,2.0,&
{'D6'},{'D4'},{'D3'},{'D7'},{'D2'},{'D1'},{'R1'},{'D5'},{'R3'},{'R2'},&,1.0,&
{'D6'},{'D4'},{'D3'},{'D7'},{'D2'},{'R2'},{'D5'},{'D1'},{'R1'},{'R3'},&,1.0,&
{'D6'},{'D4'},{'D3'},{'D7'},{'R2'},{'D5'},{'D1'},{'D2'},{'R1'},{'R3'},&,1.0,&
{'D6'},{'D4'},{'D3'},{'D7'},{'R2'},{'D5'},{'D1'},{'R3'},{'R1'},{'D2'},&,1.0,&
{'D6'},{'D4'},{'D3'},{'D7'},{'R2'},{'D1'},{'D5'},{'D2'},{'R3'},{'R1'},&,4.0,&
{'D6'},{'D4'},{'D3'},{'D7'},{'R3'},{'D5'},{'D1'},{'R1'},{'D2'},{'R2'},&,1.0,&
{'D6'},{'D4'},{'D3'},{'D7'},{'R3'},{'D1'},{'R2'},{'D5'},{'D2'},{'R1'},&,1.0,&
{'D6'},{'D4'},{'D3'},{'D2'},{'D7'},{'D5'},{'R2'},{'D1'},{'R1'},{'R3'},&,1.0,&
{'D6'},{'D4'},{'D3'},{'R3'},{'D7'},{'D5'},{'D1'},{'D2'},{'R1'},{'R2'},&,1.0,&
{'D6'},{'D4'},{'D3'},{'R1'},{'D7'},{'D5'},{'D1'},{'D2'},{'R3'},{'R2'},&,1.0,&
{'D6'},{'D4'},{'D7'},{'D1'},{'D3'},{'D5'},{'R2'},{'D2'},{'R3'},{'R1'},&,4.0,&
{'D6'},{'D4'},{'D7'},{'D1'},{'D3'},{'D5'},{'R2'},{'D2'},{'R1'},{'R3'},&,4.0,&
{'D6'},{'D4'},{'D7'},{'D1'},{'D3'},{'D5'},{'R2'},{'R3'},{'R1'},{'D2'},&,1.0,&
{'D6'},{'D4'},{'D7'},{'D1'},{'D3'},{'D5'},{'R2'},{'R3'},{'D2'},{'R1'},&,4.0,&
{'D6'},{'D4'},{'D7'},{'D1'},{'D3'},{'D5'},{'R2'},{'R1'},{'D2'},{'R3'},&,2.0,&
{'D6'},{'D4'},{'D7'},{'D1'},{'D3'},{'D5'},{'D2'},{'R3'},{'R1'},{'R2'},&,17.0,&
{'D6'},{'D4'},{'D7'},{'D1'},{'D3'},{'D5'},{'D2'},{'R3'},{'R2'},{'R1'},&,24.0,&
{'D6'},{'D4'},{'D7'},{'D1'},{'D3'},{'D5'},{'D2'},{'R2'},{'R3'},{'R1'},&,46.0,&
{'D6'},{'D4'},{'D7'},{'D1'},{'D3'},{'D5'},{'D2'},{'R2'},{'R1'},{'R3'},&,29.0,&
{'D6'},{'D4'},{'D7'},{'D1'},{'D3'},{'D5'},{'D2'},{'R1'},{'R3'},{'R2'},&,11.0,&
{'D6'},{'D4'},{'D7'},{'D1'},{'D3'},{'D5'},{'D2'},{'R1'},{'R2'},{'R3'},&,18.0,&
{'D6'},{'D4'},{'D7'},{'D1'},{'D3'},{'D5'},{'R3'},{'D2'},{'R1'},{'R2'},&,3.0,&
{'D6'},{'D4'},{'D7'},{'D1'},{'D3'},{'D5'},{'R3'},{'D2'},{'R2'},{'R1'},&,7.0,&
{'D6'},{'D4'},{'D7'},{'D1'},{'D3'},{'D5'},{'R3'},{'R2'},{'R1'},{'D2'},&,1.0,&
{'D6'},{'D4'},{'D7'},{'D1'},{'D3'},{'D5'},{'R3'},{'R2'},{'D2'},{'R1'},&,2.0,&
{'D6'},{'D4'},{'D7'},{'D1'},{'D3'},{'D5'},{'R3'},{'R1'},{'D2'},{'R2'},&,1.0,&
{'D6'},{'D4'},{'D7'},{'D1'},{'D3'},{'D5'},{'R3'},{'R1'},{'R2'},{'D2'},&,1.0,&
{'D6'},{'D4'},{'D7'},{'D1'},{'D3'},{'D5'},{'R1'},{'D2'},{'R3'},{'R2'},&,4.0,&
{'D6'},{'D4'},{'D7'},{'D1'},{'D3'},{'D5'},{'R1'},{'D2'},{'R2'},{'R3'},&,6.0,&
{'D6'},{'D4'},{'D7'},{'D1'},{'D3'},{'D5'},{'R1'},{'R2'},{'D2'},{'R3'},&,1.0,&
{'D6'},{'D4'},{'D7'},{'D1'},{'D3'},{'R2'},{'R3'},{'D2'},{'D5'},{'R1'},&,1.0,&
{'D6'},{'D4'},{'D7'},{'D1'},{'D3'},{'R2'},{'D5'},{'D2'},{'R3'},{'R1'},&,1.0,&
{'D6'},{'D4'},{'D7'},{'D1'},{'D3'},{'R2'},{'D5'},{'R3'},{'D2'},{'R1'},&,2.0,&
{'D6'},{'D4'},{'D7'},{'D1'},{'D3'},{'D2'},{'R2'},{'R3'},{'D5'},{'R1'},&,1.0,&
{'D6'},{'D4'},{'D7'},{'D1'},{'D3'},{'D2'},{'R3'},{'R2'},{'R1'},{'D5'},&,1.0,&
{'D6'},{'D4'},{'D7'},{'D1'},{'D3'},{'D2'},{'R3'},{'D5'},{'R2'},{'R1'},&,1.0,&
{'D6'},{'D4'},{'D7'},{'D1'},{'D3'},{'D2'},{'D5'},{'R3'},{'R1'},{'R2'},&,2.0,&
{'D6'},{'D4'},{'D7'},{'D1'},{'D3'},{'D2'},{'D5'},{'R3'},{'R2'},{'R1'},&,3.0,&
{'D6'},{'D4'},{'D7'},{'D1'},{'D3'},{'D2'},{'D5'},{'R2'},{'R3'},{'R1'},&,4.0,&
{'D6'},{'D4'},{'D7'},{'D1'},{'D3'},{'D2'},{'D5'},{'R2'},{'R1'},{'R3'},&,3.0,&
{'D6'},{'D4'},{'D7'},{'D1'},{'D3'},{'D2'},{'D5'},{'R1'},{'R3'},{'R2'},&,2.0,&
{'D6'},{'D4'},{'D7'},{'D1'},{'D3'},{'D2'},{'D5'},{'R1'},{'R2'},{'R3'},&,4.0,&
{'D6'},{'D4'},{'D7'},{'D1'},{'D3'},{'R1'},{'D5'},{'D2'},{'R2'},{'R3'},&,2.0,&
{'D6'},{'D4'},{'D7'},{'D1'},{'D3'},{'R3'},{'D5'},{'D2'},{'R1'},{'R2'},&,1.0,&
{'D6'},{'D4'},{'D7'},{'D1'},{'D3'},{'R3'},{'D5'},{'D2'},{'R2'},{'R1'},&,1.0,&
{'D6'},{'D4'},{'D7'},{'D1'},{'D3'},{'R3'},{'D5'},{'R2'},{'D2'},{'R1'},&,1.0,&
{'D6'},{'D4'},{'D7'},{'D1'},{'D5'},{'D3'},{'R2'},{'D2'},{'R3'},{'R1'},&,2.0,&
{'D6'},{'D4'},{'D7'},{'D1'},{'D5'},{'D3'},{'R2'},{'D2'},{'R1'},{'R3'},&,2.0,&
{'D6'},{'D4'},{'D7'},{'D1'},{'D5'},{'D3'},{'D2'},{'R3'},{'R1'},{'R2'},&,2.0,&
{'D6'},{'D4'},{'D7'},{'D1'},{'D5'},{'D3'},{'D2'},{'R3'},{'R2'},{'R1'},&,5.0,&
{'D6'},{'D4'},{'D7'},{'D1'},{'D5'},{'D3'},{'D2'},{'R2'},{'R3'},{'R1'},&,8.0,&
{'D6'},{'D4'},{'D7'},{'D1'},{'D5'},{'D3'},{'D2'},{'R2'},{'R1'},{'R3'},&,3.0,&
{'D6'},{'D4'},{'D7'},{'D1'},{'D5'},{'D3'},{'D2'},{'R1'},{'R3'},{'R2'},&,3.0,&
{'D6'},{'D4'},{'D7'},{'D1'},{'D5'},{'D3'},{'D2'},{'R1'},{'R2'},{'R3'},&,1.0,&
{'D6'},{'D4'},{'D7'},{'D1'},{'D5'},{'D3'},{'R3'},{'D2'},{'R2'},{'R1'},&,1.0,&
{'D6'},{'D4'},{'D7'},{'D1'},{'D2'},{'D3'},{'R2'},{'D5'},{'R3'},{'R1'},&,1.0,&
{'D6'},{'D4'},{'D7'},{'D1'},{'D2'},{'D3'},{'R2'},{'D5'},{'R1'},{'R3'},&,1.0,&
{'D6'},{'D4'},{'D7'},{'D1'},{'D2'},{'D3'},{'D5'},{'R2'},{'R3'},{'R1'},&,2.0,&
{'D6'},{'D4'},{'D7'},{'D1'},{'D2'},{'D3'},{'D5'},{'R2'},{'R1'},{'R3'},&,1.0,&
{'D6'},{'D4'},{'D7'},{'D1'},{'D2'},{'D3'},{'D5'},{'R1'},{'R3'},{'R2'},&,1.0,&
{'D6'},{'D4'},{'D7'},{'D1'},{'D2'},{'D3'},{'D5'},{'R1'},{'R2'},{'R3'},&,1.0,&
{'D6'},{'D4'},{'D7'},{'D1'},{'R1'},{'D5'},{'D3'},{'R3'},{'D2'},{'R2'},&,1.0,&
{'D6'},{'D4'},{'D7'},{'D1'},{'R2'},{'D3'},{'D5'},{'D2'},{'R3'},{'R1'},&,1.0,&
{'D6'},{'D4'},{'D7'},{'D1'},{'R2'},{'D3'},{'D5'},{'D2'},{'R1'},{'R3'},&,1.0,&
{'D6'},{'D4'},{'D7'},{'D1'},{'R2'},{'D3'},{'D5'},{'R3'},{'D2'},{'R1'},&,1.0,&
{'D6'},{'D4'},{'D7'},{'D1'},{'R3'},{'D3'},{'D5'},{'R2'},{'D2'},{'R1'},&,1.0,&
{'D6'},{'D4'},{'D7'},{'D5'},{'D3'},{'D1'},{'R2'},{'D2'},{'R3'},{'R1'},&,5.0,&
{'D6'},{'D4'},{'D7'},{'D5'},{'D3'},{'D1'},{'R2'},{'D2'},{'R1'},{'R3'},&,6.0,&
{'D6'},{'D4'},{'D7'},{'D5'},{'D3'},{'D1'},{'R2'},{'R3'},{'D2'},{'R1'},&,1.0,&
{'D6'},{'D4'},{'D7'},{'D5'},{'D3'},{'D1'},{'R2'},{'R1'},{'D2'},{'R3'},&,1.0,&
{'D6'},{'D4'},{'D7'},{'D5'},{'D3'},{'D1'},{'D2'},{'R3'},{'R1'},{'R2'},&,6.0,&
{'D6'},{'D4'},{'D7'},{'D5'},{'D3'},{'D1'},{'D2'},{'R3'},{'R2'},{'R1'},&,14.0,&
{'D6'},{'D4'},{'D7'},{'D5'},{'D3'},{'D1'},{'D2'},{'R2'},{'R3'},{'R1'},&,28.0,&
{'D6'},{'D4'},{'D7'},{'D5'},{'D3'},{'D1'},{'D2'},{'R2'},{'R1'},{'R3'},&,17.0,&
{'D6'},{'D4'},{'D7'},{'D5'},{'D3'},{'D1'},{'D2'},{'R1'},{'R3'},{'R2'},&,11.0,&
{'D6'},{'D4'},{'D7'},{'D5'},{'D3'},{'D1'},{'D2'},{'R1'},{'R2'},{'R3'},&,12.0,&
{'D6'},{'D4'},{'D7'},{'D5'},{'D3'},{'D1'},{'R3'},{'D2'},{'R1'},{'R2'},&,3.0,&
{'D6'},{'D4'},{'D7'},{'D5'},{'D3'},{'D1'},{'R3'},{'D2'},{'R2'},{'R1'},&,2.0,&
{'D6'},{'D4'},{'D7'},{'D5'},{'D3'},{'D1'},{'R3'},{'R1'},{'D2'},{'R2'},&,1.0,&
{'D6'},{'D4'},{'D7'},{'D5'},{'D3'},{'D1'},{'R1'},{'D2'},{'R3'},{'R2'},&,2.0,&
{'D6'},{'D4'},{'D7'},{'D5'},{'D3'},{'D1'},{'R1'},{'D2'},{'R2'},{'R3'},&,1.0,&
{'D6'},{'D4'},{'D7'},{'D5'},{'D3'},{'D1'},{'R1'},{'R3'},{'D2'},{'R2'},&,2.0,&
{'D6'},{'D4'},{'D7'},{'D5'},{'D3'},{'R2'},{'D1'},{'D2'},{'R3'},{'R1'},&,1.0,&
{'D6'},{'D4'},{'D7'},{'D5'},{'D3'},{'D2'},{'R3'},{'R2'},{'R1'},{'D1'},&,1.0,&
{'D6'},{'D4'},{'D7'},{'D5'},{'D3'},{'D2'},{'R3'},{'R1'},{'D1'},{'R2'},&,1.0,&
{'D6'},{'D4'},{'D7'},{'D5'},{'D3'},{'D2'},{'R1'},{'D1'},{'R3'},{'R2'},&,1.0,&
{'D6'},{'D4'},{'D7'},{'D5'},{'D3'},{'D2'},{'R1'},{'D1'},{'R2'},{'R3'},&,1.0,&
{'D6'},{'D4'},{'D7'},{'D5'},{'D3'},{'D2'},{'D1'},{'R3'},{'R1'},{'R2'},&,3.0,&
{'D6'},{'D4'},{'D7'},{'D5'},{'D3'},{'D2'},{'D1'},{'R2'},{'R3'},{'R1'},&,1.0,&
{'D6'},{'D4'},{'D7'},{'D5'},{'D3'},{'D2'},{'D1'},{'R1'},{'R3'},{'R2'},&,1.0,&
{'D6'},{'D4'},{'D7'},{'D5'},{'D3'},{'R1'},{'D1'},{'D2'},{'R2'},{'R3'},&,2.0,&
{'D6'},{'D4'},{'D7'},{'D5'},{'D3'},{'R3'},{'D1'},{'D2'},{'R1'},{'R2'},&,1.0,&
{'D6'},{'D4'},{'D7'},{'D5'},{'D1'},{'D3'},{'R2'},{'D2'},{'R3'},{'R1'},&,3.0,&
{'D6'},{'D4'},{'D7'},{'D5'},{'D1'},{'D3'},{'R2'},{'R1'},{'D2'},{'R3'},&,1.0,&
{'D6'},{'D4'},{'D7'},{'D5'},{'D1'},{'D3'},{'D2'},{'R3'},{'R1'},{'R2'},&,2.0,&
{'D6'},{'D4'},{'D7'},{'D5'},{'D1'},{'D3'},{'D2'},{'R3'},{'R2'},{'R1'},&,2.0,&
{'D6'},{'D4'},{'D7'},{'D5'},{'D1'},{'D3'},{'D2'},{'R2'},{'R3'},{'R1'},&,6.0,&
{'D6'},{'D4'},{'D7'},{'D5'},{'D1'},{'D3'},{'D2'},{'R2'},{'R1'},{'R3'},&,2.0,&
{'D6'},{'D4'},{'D7'},{'D5'},{'D1'},{'D3'},{'D2'},{'R1'},{'R3'},{'R2'},&,2.0,&
{'D6'},{'D4'},{'D7'},{'D5'},{'D1'},{'D3'},{'D2'},{'R1'},{'R2'},{'R3'},&,5.0,&
{'D6'},{'D4'},{'D7'},{'D5'},{'D1'},{'D3'},{'R3'},{'R1'},{'D2'},{'R2'},&,2.0,&
{'D6'},{'D4'},{'D7'},{'D5'},{'D1'},{'D3'},{'R1'},{'D2'},{'R3'},{'R2'},&,2.0,&
{'D6'},{'D4'},{'D7'},{'D5'},{'D1'},{'D3'},{'R1'},{'D2'},{'R2'},{'R3'},&,1.0,&
{'D6'},{'D4'},{'D7'},{'D5'},{'D1'},{'R1'},{'D3'},{'D2'},{'R2'},{'R3'},&,1.0,&
{'D6'},{'D4'},{'D7'},{'D5'},{'R1'},{'D3'},{'D1'},{'D2'},{'R3'},{'R2'},&,1.0,&
{'D6'},{'D4'},{'D7'},{'D5'},{'R2'},{'D1'},{'D3'},{'D2'},{'R3'},{'R1'},&,1.0,&
{'D6'},{'D4'},{'D7'},{'D5'},{'R3'},{'D3'},{'D1'},{'D2'},{'R2'},{'R1'},&,1.0,&
{'D6'},{'D4'},{'D7'},{'D3'},{'D1'},{'D5'},{'R2'},{'D2'},{'R3'},{'R1'},&,26.0,&
{'D6'},{'D4'},{'D7'},{'D3'},{'D1'},{'D5'},{'R2'},{'D2'},{'R1'},{'R3'},&,24.0,&
{'D6'},{'D4'},{'D7'},{'D3'},{'D1'},{'D5'},{'R2'},{'R3'},{'D2'},{'R1'},&,8.0,&
{'D6'},{'D4'},{'D7'},{'D3'},{'D1'},{'D5'},{'R2'},{'R1'},{'R3'},{'D2'},&,1.0,&
{'D6'},{'D4'},{'D7'},{'D3'},{'D1'},{'D5'},{'R2'},{'R1'},{'D2'},{'R3'},&,6.0,&
{'D6'},{'D4'},{'D7'},{'D3'},{'D1'},{'D5'},{'D2'},{'R3'},{'R1'},{'R2'},&,41.0,&
{'D6'},{'D4'},{'D7'},{'D3'},{'D1'},{'D5'},{'D2'},{'R3'},{'R2'},{'R1'},&,77.0,&
{'D6'},{'D4'},{'D7'},{'D3'},{'D1'},{'D5'},{'D2'},{'R2'},{'R3'},{'R1'},&,92.0,&
{'D6'},{'D4'},{'D7'},{'D3'},{'D1'},{'D5'},{'D2'},{'R2'},{'R1'},{'R3'},&,61.0,&
{'D6'},{'D4'},{'D7'},{'D3'},{'D1'},{'D5'},{'D2'},{'R1'},{'R3'},{'R2'},&,32.0,&
{'D6'},{'D4'},{'D7'},{'D3'},{'D1'},{'D5'},{'D2'},{'R1'},{'R2'},{'R3'},&,51.0,&
{'D6'},{'D4'},{'D7'},{'D3'},{'D1'},{'D5'},{'R3'},{'D2'},{'R1'},{'R2'},&,13.0,&
{'D6'},{'D4'},{'D7'},{'D3'},{'D1'},{'D5'},{'R3'},{'D2'},{'R2'},{'R1'},&,24.0,&
{'D6'},{'D4'},{'D7'},{'D3'},{'D1'},{'D5'},{'R3'},{'R2'},{'D2'},{'R1'},&,4.0,&
{'D6'},{'D4'},{'D7'},{'D3'},{'D1'},{'D5'},{'R3'},{'R1'},{'D2'},{'R2'},&,4.0,&
{'D6'},{'D4'},{'D7'},{'D3'},{'D1'},{'D5'},{'R1'},{'D2'},{'R3'},{'R2'},&,11.0,&
{'D6'},{'D4'},{'D7'},{'D3'},{'D1'},{'D5'},{'R1'},{'D2'},{'R2'},{'R3'},&,18.0,&
{'D6'},{'D4'},{'D7'},{'D3'},{'D1'},{'D5'},{'R1'},{'R3'},{'D2'},{'R2'},&,1.0,&
{'D6'},{'D4'},{'D7'},{'D3'},{'D1'},{'D5'},{'R1'},{'R3'},{'R2'},{'D2'},&,2.0,&
{'D6'},{'D4'},{'D7'},{'D3'},{'D1'},{'D5'},{'R1'},{'R2'},{'R3'},{'D2'},&,2.0,&
{'D6'},{'D4'},{'D7'},{'D3'},{'D1'},{'D5'},{'R1'},{'R2'},{'D2'},{'R3'},&,3.0,&
{'D6'},{'D4'},{'D7'},{'D3'},{'D1'},{'R2'},{'D2'},{'D5'},{'R1'},{'R3'},&,2.0,&
{'D6'},{'D4'},{'D7'},{'D3'},{'D1'},{'R2'},{'D5'},{'D2'},{'R3'},{'R1'},&,4.0,&
{'D6'},{'D4'},{'D7'},{'D3'},{'D1'},{'R2'},{'D5'},{'D2'},{'R1'},{'R3'},&,6.0,&
{'D6'},{'D4'},{'D7'},{'D3'},{'D1'},{'R2'},{'D5'},{'R3'},{'R1'},{'D2'},&,2.0,&
{'D6'},{'D4'},{'D7'},{'D3'},{'D1'},{'R2'},{'D5'},{'R3'},{'D2'},{'R1'},&,4.0,&
{'D6'},{'D4'},{'D7'},{'D3'},{'D1'},{'R2'},{'D5'},{'R1'},{'R3'},{'D2'},&,1.0,&
{'D6'},{'D4'},{'D7'},{'D3'},{'D1'},{'R2'},{'D5'},{'R1'},{'D2'},{'R3'},&,1.0,&
{'D6'},{'D4'},{'D7'},{'D3'},{'D1'},{'D2'},{'R2'},{'R1'},{'D5'},{'R3'},&,1.0,&
{'D6'},{'D4'},{'D7'},{'D3'},{'D1'},{'D2'},{'R2'},{'D5'},{'R3'},{'R1'},&,2.0,&
{'D6'},{'D4'},{'D7'},{'D3'},{'D1'},{'D2'},{'R2'},{'D5'},{'R1'},{'R3'},&,2.0,&
{'D6'},{'D4'},{'D7'},{'D3'},{'D1'},{'D2'},{'R3'},{'D5'},{'R2'},{'R1'},&,3.0,&
{'D6'},{'D4'},{'D7'},{'D3'},{'D1'},{'D2'},{'D5'},{'R3'},{'R1'},{'R2'},&,5.0,&
{'D6'},{'D4'},{'D7'},{'D3'},{'D1'},{'D2'},{'D5'},{'R3'},{'R2'},{'R1'},&,6.0,&
{'D6'},{'D4'},{'D7'},{'D3'},{'D1'},{'D2'},{'D5'},{'R2'},{'R3'},{'R1'},&,9.0,&
{'D6'},{'D4'},{'D7'},{'D3'},{'D1'},{'D2'},{'D5'},{'R2'},{'R1'},{'R3'},&,7.0,&
{'D6'},{'D4'},{'D7'},{'D3'},{'D1'},{'D2'},{'D5'},{'R1'},{'R3'},{'R2'},&,9.0,&
{'D6'},{'D4'},{'D7'},{'D3'},{'D1'},{'D2'},{'D5'},{'R1'},{'R2'},{'R3'},&,1.0,&
{'D6'},{'D4'},{'D7'},{'D3'},{'D1'},{'D2'},{'R1'},{'R3'},{'R2'},{'D5'},&,1.0,&
{'D6'},{'D4'},{'D7'},{'D3'},{'D1'},{'D2'},{'R1'},{'R3'},{'D5'},{'R2'},&,1.0,&
{'D6'},{'D4'},{'D7'},{'D3'},{'D1'},{'D2'},{'R1'},{'R2'},{'D5'},{'R3'},&,1.0,&
{'D6'},{'D4'},{'D7'},{'D3'},{'D1'},{'D2'},{'R1'},{'D5'},{'R3'},{'R2'},&,1.0,&
{'D6'},{'D4'},{'D7'},{'D3'},{'D1'},{'D2'},{'R1'},{'D5'},{'R2'},{'R3'},&,3.0,&
{'D6'},{'D4'},{'D7'},{'D3'},{'D1'},{'R1'},{'D5'},{'D2'},{'R2'},{'R3'},&,2.0,&
{'D6'},{'D4'},{'D7'},{'D3'},{'D1'},{'R1'},{'D5'},{'R2'},{'D2'},{'R3'},&,1.0,&
{'D6'},{'D4'},{'D7'},{'D3'},{'D1'},{'R3'},{'D5'},{'D2'},{'R1'},{'R2'},&,6.0,&
{'D6'},{'D4'},{'D7'},{'D3'},{'D1'},{'R3'},{'D5'},{'D2'},{'R2'},{'R1'},&,3.0,&
{'D6'},{'D4'},{'D7'},{'D3'},{'D1'},{'R3'},{'D5'},{'R2'},{'D2'},{'R1'},&,2.0,&
{'D6'},{'D4'},{'D7'},{'D3'},{'D1'},{'R3'},{'D5'},{'R1'},{'D2'},{'R2'},&,1.0,&
{'D6'},{'D4'},{'D7'},{'D3'},{'D5'},{'D1'},{'R2'},{'D2'},{'R3'},{'R1'},&,18.0,&
{'D6'},{'D4'},{'D7'},{'D3'},{'D5'},{'D1'},{'R2'},{'D2'},{'R1'},{'R3'},&,20.0,&
{'D6'},{'D4'},{'D7'},{'D3'},{'D5'},{'D1'},{'R2'},{'R3'},{'D2'},{'R1'},&,2.0,&
{'D6'},{'D4'},{'D7'},{'D3'},{'D5'},{'D1'},{'R2'},{'R1'},{'D2'},{'R3'},&,2.0,&
{'D6'},{'D4'},{'D7'},{'D3'},{'D5'},{'D1'},{'D2'},{'R3'},{'R1'},{'R2'},&,25.0,&
{'D6'},{'D4'},{'D7'},{'D3'},{'D5'},{'D1'},{'D2'},{'R3'},{'R2'},{'R1'},&,29.0,&
{'D6'},{'D4'},{'D7'},{'D3'},{'D5'},{'D1'},{'D2'},{'R2'},{'R3'},{'R1'},&,58.0,&
{'D6'},{'D4'},{'D7'},{'D3'},{'D5'},{'D1'},{'D2'},{'R2'},{'R1'},{'R3'},&,55.0,&
{'D6'},{'D4'},{'D7'},{'D3'},{'D5'},{'D1'},{'D2'},{'R1'},{'R3'},{'R2'},&,22.0,&
{'D6'},{'D4'},{'D7'},{'D3'},{'D5'},{'D1'},{'D2'},{'R1'},{'R2'},{'R3'},&,31.0,&
{'D6'},{'D4'},{'D7'},{'D3'},{'D5'},{'D1'},{'R3'},{'D2'},{'R1'},{'R2'},&,8.0,&
{'D6'},{'D4'},{'D7'},{'D3'},{'D5'},{'D1'},{'R3'},{'D2'},{'R2'},{'R1'},&,12.0,&
{'D6'},{'D4'},{'D7'},{'D3'},{'D5'},{'D1'},{'R1'},{'D2'},{'R3'},{'R2'},&,4.0,&
{'D6'},{'D4'},{'D7'},{'D3'},{'D5'},{'D1'},{'R1'},{'D2'},{'R2'},{'R3'},&,8.0,&
{'D6'},{'D4'},{'D7'},{'D3'},{'D5'},{'D1'},{'R1'},{'R2'},{'R3'},{'D2'},&,1.0,&
{'D6'},{'D4'},{'D7'},{'D3'},{'D5'},{'D1'},{'R1'},{'R2'},{'D2'},{'R3'},&,3.0,&
{'D6'},{'D4'},{'D7'},{'D3'},{'D5'},{'R2'},{'D1'},{'D2'},{'R3'},{'R1'},&,1.0,&
{'D6'},{'D4'},{'D7'},{'D3'},{'D5'},{'R2'},{'D1'},{'D2'},{'R1'},{'R3'},&,3.0,&
{'D6'},{'D4'},{'D7'},{'D3'},{'D5'},{'R2'},{'D1'},{'R3'},{'D2'},{'R1'},&,1.0,&
{'D6'},{'D4'},{'D7'},{'D3'},{'D5'},{'D2'},{'R2'},{'D1'},{'R3'},{'R1'},&,1.0,&
{'D6'},{'D4'},{'D7'},{'D3'},{'D5'},{'D2'},{'R1'},{'D1'},{'R2'},{'R3'},&,2.0,&
{'D6'},{'D4'},{'D7'},{'D3'},{'D5'},{'D2'},{'D1'},{'R3'},{'R2'},{'R1'},&,4.0,&
{'D6'},{'D4'},{'D7'},{'D3'},{'D5'},{'D2'},{'D1'},{'R2'},{'R3'},{'R1'},&,2.0,&
{'D6'},{'D4'},{'D7'},{'D3'},{'D5'},{'D2'},{'D1'},{'R2'},{'R1'},{'R3'},&,2.0,&
{'D6'},{'D4'},{'D7'},{'D3'},{'D5'},{'D2'},{'D1'},{'R1'},{'R2'},{'R3'},&,2.0,&
{'D6'},{'D4'},{'D7'},{'D3'},{'D5'},{'R1'},{'D1'},{'D2'},{'R2'},{'R3'},&,1.0,&
{'D6'},{'D4'},{'D7'},{'D3'},{'D5'},{'R1'},{'D1'},{'R3'},{'R2'},{'D2'},&,1.0,&
{'D6'},{'D4'},{'D7'},{'D3'},{'D5'},{'R1'},{'D1'},{'R2'},{'R3'},{'D2'},&,1.0,&
{'D6'},{'D4'},{'D7'},{'D3'},{'D5'},{'R3'},{'D1'},{'D2'},{'R1'},{'R2'},&,3.0,&
{'D6'},{'D4'},{'D7'},{'D3'},{'D5'},{'R3'},{'D1'},{'D2'},{'R2'},{'R1'},&,3.0,&
{'D6'},{'D4'},{'D7'},{'D3'},{'D5'},{'R3'},{'D1'},{'R1'},{'R2'},{'D2'},&,2.0,&
{'D6'},{'D4'},{'D7'},{'D3'},{'D2'},{'D5'},{'R3'},{'R2'},{'D1'},{'R1'},&,1.0,&
{'D6'},{'D4'},{'D7'},{'D3'},{'D2'},{'D5'},{'R3'},{'R1'},{'D1'},{'R2'},&,1.0,&
{'D6'},{'D4'},{'D7'},{'D3'},{'D2'},{'D5'},{'R1'},{'R2'},{'D1'},{'R3'},&,1.0,&
{'D6'},{'D4'},{'D7'},{'D3'},{'D2'},{'D5'},{'D1'},{'R3'},{'R1'},{'R2'},&,1.0,&
{'D6'},{'D4'},{'D7'},{'D3'},{'D2'},{'D5'},{'D1'},{'R2'},{'R3'},{'R1'},&,2.0,&
{'D6'},{'D4'},{'D7'},{'D3'},{'D2'},{'D5'},{'D1'},{'R2'},{'R1'},{'R3'},&,1.0,&
{'D6'},{'D4'},{'D7'},{'D3'},{'D2'},{'D5'},{'D1'},{'R1'},{'R3'},{'R2'},&,1.0,&
{'D6'},{'D4'},{'D7'},{'D3'},{'D2'},{'D5'},{'D1'},{'R1'},{'R2'},{'R3'},&,1.0,&
{'D6'},{'D4'},{'D7'},{'D3'},{'D2'},{'D1'},{'R2'},{'R1'},{'D5'},{'R3'},&,1.0,&
{'D6'},{'D4'},{'D7'},{'D3'},{'D2'},{'D1'},{'R2'},{'D5'},{'R3'},{'R1'},&,1.0,&
{'D6'},{'D4'},{'D7'},{'D3'},{'D2'},{'D1'},{'R2'},{'D5'},{'R1'},{'R3'},&,1.0,&
{'D6'},{'D4'},{'D7'},{'D3'},{'D2'},{'D1'},{'R3'},{'D5'},{'R1'},{'R2'},&,2.0,&
{'D6'},{'D4'},{'D7'},{'D3'},{'D2'},{'D1'},{'D5'},{'R3'},{'R1'},{'R2'},&,2.0,&
{'D6'},{'D4'},{'D7'},{'D3'},{'D2'},{'D1'},{'D5'},{'R3'},{'R2'},{'R1'},&,2.0,&
{'D6'},{'D4'},{'D7'},{'D3'},{'D2'},{'D1'},{'D5'},{'R2'},{'R3'},{'R1'},&,5.0,&
{'D6'},{'D4'},{'D7'},{'D3'},{'D2'},{'D1'},{'D5'},{'R2'},{'R1'},{'R3'},&,3.0,&
{'D6'},{'D4'},{'D7'},{'D3'},{'D2'},{'D1'},{'D5'},{'R1'},{'R3'},{'R2'},&,1.0,&
{'D6'},{'D4'},{'D7'},{'D3'},{'D2'},{'D1'},{'D5'},{'R1'},{'R2'},{'R3'},&,1.0,&
{'D6'},{'D4'},{'D7'},{'D3'},{'D2'},{'R2'},{'D5'},{'D1'},{'R3'},{'R1'},&,1.0,&
{'D6'},{'D4'},{'D7'},{'D3'},{'R1'},{'D1'},{'D5'},{'D2'},{'R3'},{'R2'},&,1.0,&
{'D6'},{'D4'},{'D7'},{'D3'},{'R2'},{'D5'},{'D1'},{'D2'},{'R3'},{'R1'},&,2.0,&
{'D6'},{'D4'},{'D7'},{'D3'},{'R2'},{'D5'},{'D1'},{'D2'},{'R1'},{'R3'},&,2.0,&
{'D6'},{'D4'},{'D7'},{'D3'},{'R2'},{'D1'},{'R3'},{'D2'},{'D5'},{'R1'},&,1.0,&
{'D6'},{'D4'},{'D7'},{'D3'},{'R2'},{'D1'},{'D5'},{'D2'},{'R1'},{'R3'},&,1.0,&
{'D6'},{'D4'},{'D7'},{'D3'},{'R3'},{'D1'},{'D5'},{'D2'},{'R2'},{'R1'},&,1.0,&
{'D6'},{'D4'},{'D7'},{'D3'},{'R3'},{'D1'},{'D5'},{'R2'},{'D2'},{'R1'},&,1.0,&
{'D6'},{'D4'},{'D7'},{'D2'},{'D3'},{'D5'},{'D1'},{'R3'},{'R1'},{'R2'},&,1.0,&
{'D6'},{'D4'},{'D7'},{'D2'},{'D3'},{'D5'},{'D1'},{'R3'},{'R2'},{'R1'},&,1.0,&
{'D6'},{'D4'},{'D7'},{'D2'},{'D3'},{'D1'},{'R2'},{'R1'},{'D5'},{'R3'},&,1.0,&
{'D6'},{'D4'},{'D7'},{'D2'},{'D3'},{'D1'},{'R3'},{'D5'},{'R1'},{'R2'},&,1.0,&
{'D6'},{'D4'},{'D7'},{'D2'},{'D3'},{'D1'},{'D5'},{'R3'},{'R2'},{'R1'},&,2.0,&
{'D6'},{'D4'},{'D7'},{'D2'},{'D3'},{'D1'},{'D5'},{'R2'},{'R3'},{'R1'},&,1.0,&
{'D6'},{'D4'},{'D7'},{'D2'},{'D3'},{'D1'},{'D5'},{'R1'},{'R2'},{'R3'},&,1.0,&
{'D6'},{'D4'},{'D7'},{'D2'},{'D3'},{'D1'},{'R1'},{'R2'},{'D5'},{'R3'},&,1.0,&
{'D6'},{'D4'},{'D7'},{'D2'},{'D3'},{'R3'},{'D1'},{'R1'},{'R2'},{'D5'},&,1.0,&
{'D6'},{'D4'},{'D7'},{'D2'},{'R1'},{'D3'},{'D1'},{'D5'},{'R2'},{'R3'},&,1.0,&
{'D6'},{'D4'},{'D7'},{'D2'},{'R3'},{'D3'},{'D1'},{'D5'},{'R1'},{'R2'},&,1.0,&
{'D6'},{'D4'},{'D7'},{'R2'},{'D3'},{'D1'},{'D2'},{'D5'},{'R1'},{'R3'},&,1.0,&
{'D6'},{'D4'},{'D7'},{'R2'},{'D3'},{'D1'},{'D5'},{'D2'},{'R1'},{'R3'},&,1.0,&
{'D6'},{'D4'},{'D7'},{'R2'},{'D1'},{'D3'},{'D5'},{'D2'},{'R3'},{'R1'},&,1.0,&
{'D6'},{'D4'},{'D7'},{'R2'},{'D1'},{'D3'},{'D5'},{'D2'},{'R1'},{'R3'},&,1.0,&
{'D6'},{'D4'},{'D7'},{'R3'},{'D3'},{'D1'},{'D5'},{'D2'},{'R2'},{'R1'},&,1.0,&
{'D6'},{'D4'},{'D7'},{'R3'},{'D3'},{'D2'},{'D1'},{'R1'},{'D5'},{'R2'},&,1.0,&
{'D6'},{'D4'},{'D7'},{'R1'},{'D3'},{'D2'},{'D1'},{'D5'},{'R3'},{'R2'},&,1.0,&
{'D6'},{'D4'},{'D7'},{'R1'},{'D5'},{'D1'},{'D3'},{'D2'},{'R3'},{'R2'},&,1.0,&
{'D6'},{'D4'},{'D5'},{'D1'},{'D7'},{'D3'},{'D2'},{'R3'},{'R1'},{'R2'},&,1.0,&
{'D6'},{'D4'},{'D5'},{'D1'},{'D7'},{'D3'},{'D2'},{'R3'},{'R2'},{'R1'},&,1.0,&
{'D6'},{'D4'},{'D5'},{'D1'},{'D7'},{'D3'},{'D2'},{'R1'},{'R3'},{'R2'},&,1.0,&
{'D6'},{'D4'},{'D5'},{'D3'},{'D1'},{'D7'},{'D2'},{'R1'},{'R3'},{'R2'},&,1.0,&
{'D6'},{'D4'},{'D5'},{'D3'},{'D1'},{'D7'},{'D2'},{'R1'},{'R2'},{'R3'},&,1.0,&
{'D6'},{'D4'},{'D5'},{'D3'},{'D7'},{'D1'},{'D2'},{'R3'},{'R1'},{'R2'},&,1.0,&
{'D6'},{'D4'},{'D5'},{'D3'},{'D7'},{'D1'},{'D2'},{'R3'},{'R2'},{'R1'},&,3.0,&
{'D6'},{'D4'},{'D5'},{'D3'},{'D7'},{'D1'},{'D2'},{'R2'},{'R3'},{'R1'},&,2.0,&
{'D6'},{'D4'},{'D5'},{'D3'},{'D7'},{'D1'},{'D2'},{'R2'},{'R1'},{'R3'},&,2.0,&
{'D6'},{'D4'},{'D5'},{'D3'},{'D7'},{'D1'},{'D2'},{'R1'},{'R2'},{'R3'},&,1.0,&
{'D6'},{'D4'},{'D5'},{'D3'},{'D7'},{'D1'},{'R3'},{'D2'},{'R2'},{'R1'},&,1.0,&
{'D6'},{'D4'},{'D5'},{'D3'},{'D7'},{'R2'},{'D1'},{'D2'},{'R3'},{'R1'},&,2.0,&
{'D6'},{'D4'},{'D5'},{'D3'},{'D7'},{'R2'},{'D1'},{'R3'},{'D2'},{'R1'},&,1.0,&
{'D6'},{'D4'},{'D5'},{'D3'},{'D7'},{'R1'},{'D1'},{'D2'},{'R3'},{'R2'},&,1.0,&
{'D6'},{'D4'},{'D5'},{'D3'},{'D7'},{'R3'},{'D1'},{'R2'},{'D2'},{'R1'},&,1.0,&
{'D6'},{'D4'},{'D5'},{'D7'},{'D3'},{'D1'},{'R2'},{'D2'},{'R3'},{'R1'},&,1.0,&
{'D6'},{'D4'},{'D5'},{'D7'},{'D3'},{'D1'},{'R2'},{'R3'},{'D2'},{'R1'},&,3.0,&
{'D6'},{'D4'},{'D5'},{'D7'},{'D3'},{'D1'},{'R2'},{'R1'},{'D2'},{'R3'},&,3.0,&
{'D6'},{'D4'},{'D5'},{'D7'},{'D3'},{'D1'},{'D2'},{'R3'},{'R1'},{'R2'},&,3.0,&
{'D6'},{'D4'},{'D5'},{'D7'},{'D3'},{'D1'},{'D2'},{'R3'},{'R2'},{'R1'},&,5.0,&
{'D6'},{'D4'},{'D5'},{'D7'},{'D3'},{'D1'},{'D2'},{'R2'},{'R3'},{'R1'},&,9.0,&
{'D6'},{'D4'},{'D5'},{'D7'},{'D3'},{'D1'},{'D2'},{'R2'},{'R1'},{'R3'},&,5.0,&
{'D6'},{'D4'},{'D5'},{'D7'},{'D3'},{'D1'},{'D2'},{'R1'},{'R3'},{'R2'},&,6.0,&
{'D6'},{'D4'},{'D5'},{'D7'},{'D3'},{'D1'},{'D2'},{'R1'},{'R2'},{'R3'},&,3.0,&
{'D6'},{'D4'},{'D5'},{'D7'},{'D3'},{'D1'},{'R3'},{'D2'},{'R1'},{'R2'},&,1.0,&
{'D6'},{'D4'},{'D5'},{'D7'},{'D3'},{'D1'},{'R3'},{'D2'},{'R2'},{'R1'},&,1.0,&
{'D6'},{'D4'},{'D5'},{'D7'},{'D3'},{'D1'},{'R3'},{'R2'},{'D2'},{'R1'},&,1.0,&
{'D6'},{'D4'},{'D5'},{'D7'},{'D3'},{'D1'},{'R1'},{'D2'},{'R3'},{'R2'},&,1.0,&
{'D6'},{'D4'},{'D5'},{'D7'},{'D3'},{'D1'},{'R1'},{'D2'},{'R2'},{'R3'},&,2.0,&
{'D6'},{'D4'},{'D5'},{'D7'},{'D3'},{'D1'},{'R1'},{'R3'},{'D2'},{'R2'},&,1.0,&
{'D6'},{'D4'},{'D5'},{'D7'},{'D3'},{'D1'},{'R1'},{'R2'},{'R3'},{'D2'},&,1.0,&
{'D6'},{'D4'},{'D5'},{'D7'},{'D3'},{'R2'},{'R3'},{'D1'},{'D2'},{'R1'},&,1.0,&
{'D6'},{'D4'},{'D5'},{'D7'},{'D3'},{'D2'},{'D1'},{'R3'},{'R2'},{'R1'},&,1.0,&
{'D6'},{'D4'},{'D5'},{'D7'},{'D1'},{'D3'},{'D2'},{'R3'},{'R1'},{'R2'},&,1.0,&
{'D6'},{'D4'},{'D5'},{'D7'},{'D1'},{'D3'},{'D2'},{'R3'},{'R2'},{'R1'},&,1.0,&
{'D6'},{'D4'},{'D5'},{'D7'},{'D1'},{'D3'},{'D2'},{'R2'},{'R3'},{'R1'},&,1.0,&
{'D6'},{'D4'},{'D5'},{'D7'},{'D1'},{'D3'},{'D2'},{'R2'},{'R1'},{'R3'},&,2.0,&
{'D6'},{'D4'},{'D5'},{'D7'},{'D1'},{'D3'},{'D2'},{'R1'},{'R3'},{'R2'},&,1.0,&
{'D6'},{'D4'},{'D5'},{'D7'},{'D1'},{'D3'},{'D2'},{'R1'},{'R2'},{'R3'},&,1.0,&
{'D6'},{'D4'},{'D5'},{'D7'},{'D1'},{'D3'},{'R1'},{'D2'},{'R2'},{'R3'},&,1.0,&
{'D6'},{'D4'},{'D5'},{'D7'},{'D2'},{'D3'},{'D1'},{'R1'},{'R2'},{'R3'},&,1.0,&
{'D6'},{'D4'},{'D5'},{'D2'},{'D7'},{'D3'},{'R1'},{'R3'},{'D1'},{'R2'},&,1.0,&
{'D6'},{'D4'},{'D1'},{'D5'},{'D3'},{'D7'},{'D2'},{'R1'},{'R2'},{'R3'},&,1.0,&
{'D6'},{'D4'},{'D1'},{'D5'},{'D7'},{'D3'},{'R2'},{'D2'},{'R3'},{'R1'},&,1.0,&
{'D6'},{'D4'},{'D1'},{'D5'},{'D7'},{'D3'},{'D2'},{'R2'},{'R3'},{'R1'},&,2.0,&
{'D6'},{'D4'},{'D1'},{'D3'},{'D2'},{'D7'},{'R2'},{'D5'},{'R3'},{'R1'},&,1.0,&
{'D6'},{'D4'},{'D1'},{'D3'},{'D7'},{'D5'},{'R2'},{'D2'},{'R3'},{'R1'},&,1.0,&
{'D6'},{'D4'},{'D1'},{'D3'},{'D7'},{'D5'},{'D2'},{'R3'},{'R1'},{'R2'},&,1.0,&
{'D6'},{'D4'},{'D1'},{'D3'},{'D7'},{'D5'},{'D2'},{'R3'},{'R2'},{'R1'},&,3.0,&
{'D6'},{'D4'},{'D1'},{'D3'},{'D7'},{'D5'},{'D2'},{'R2'},{'R3'},{'R1'},&,1.0,&
{'D6'},{'D4'},{'D1'},{'D3'},{'D7'},{'D5'},{'D2'},{'R2'},{'R1'},{'R3'},&,5.0,&
{'D6'},{'D4'},{'D1'},{'D3'},{'D7'},{'D5'},{'R3'},{'D2'},{'R2'},{'R1'},&,1.0,&
{'D6'},{'D4'},{'D1'},{'D3'},{'D7'},{'D5'},{'R1'},{'D2'},{'R2'},{'R3'},&,1.0,&
{'D6'},{'D4'},{'D1'},{'D7'},{'D3'},{'D5'},{'R2'},{'D2'},{'R3'},{'R1'},&,4.0,&
{'D6'},{'D4'},{'D1'},{'D7'},{'D3'},{'D5'},{'R2'},{'D2'},{'R1'},{'R3'},&,2.0,&
{'D6'},{'D4'},{'D1'},{'D7'},{'D3'},{'D5'},{'R2'},{'R3'},{'D2'},{'R1'},&,2.0,&
{'D6'},{'D4'},{'D1'},{'D7'},{'D3'},{'D5'},{'R2'},{'R1'},{'R3'},{'D2'},&,2.0,&
{'D6'},{'D4'},{'D1'},{'D7'},{'D3'},{'D5'},{'D2'},{'R3'},{'R1'},{'R2'},&,6.0,&
{'D6'},{'D4'},{'D1'},{'D7'},{'D3'},{'D5'},{'D2'},{'R3'},{'R2'},{'R1'},&,6.0,&
{'D6'},{'D4'},{'D1'},{'D7'},{'D3'},{'D5'},{'D2'},{'R2'},{'R3'},{'R1'},&,6.0,&
{'D6'},{'D4'},{'D1'},{'D7'},{'D3'},{'D5'},{'D2'},{'R2'},{'R1'},{'R3'},&,8.0,&
{'D6'},{'D4'},{'D1'},{'D7'},{'D3'},{'D5'},{'D2'},{'R1'},{'R3'},{'R2'},&,3.0,&
{'D6'},{'D4'},{'D1'},{'D7'},{'D3'},{'D5'},{'D2'},{'R1'},{'R2'},{'R3'},&,6.0,&
{'D6'},{'D4'},{'D1'},{'D7'},{'D3'},{'D5'},{'R3'},{'D2'},{'R2'},{'R1'},&,5.0,&
{'D6'},{'D4'},{'D1'},{'D7'},{'D3'},{'D5'},{'R1'},{'D2'},{'R2'},{'R3'},&,2.0,&
{'D6'},{'D4'},{'D1'},{'D7'},{'D3'},{'D5'},{'R1'},{'R2'},{'D2'},{'R3'},&,2.0,&
{'D6'},{'D4'},{'D1'},{'D7'},{'D3'},{'R2'},{'D2'},{'D5'},{'R3'},{'R1'},&,1.0,&
{'D6'},{'D4'},{'D1'},{'D7'},{'D3'},{'D2'},{'D5'},{'R3'},{'R1'},{'R2'},&,1.0,&
{'D6'},{'D4'},{'D1'},{'D7'},{'D3'},{'D2'},{'D5'},{'R3'},{'R2'},{'R1'},&,2.0,&
{'D6'},{'D4'},{'D1'},{'D7'},{'D3'},{'D2'},{'D5'},{'R2'},{'R3'},{'R1'},&,1.0,&
{'D6'},{'D4'},{'D1'},{'D7'},{'D3'},{'D2'},{'D5'},{'R2'},{'R1'},{'R3'},&,1.0,&
{'D6'},{'D4'},{'D1'},{'D7'},{'D3'},{'R1'},{'D5'},{'D2'},{'R3'},{'R2'},&,2.0,&
{'D6'},{'D4'},{'D1'},{'D7'},{'D3'},{'R3'},{'D5'},{'D2'},{'R2'},{'R1'},&,1.0,&
{'D6'},{'D4'},{'D1'},{'D7'},{'D5'},{'R2'},{'D3'},{'D2'},{'R1'},{'R3'},&,1.0,&
{'D6'},{'D4'},{'D1'},{'D7'},{'D5'},{'R2'},{'D3'},{'R3'},{'D2'},{'R1'},&,1.0,&
{'D6'},{'D4'},{'D1'},{'D7'},{'D5'},{'D3'},{'R2'},{'D2'},{'R3'},{'R1'},&,2.0,&
{'D6'},{'D4'},{'D1'},{'D7'},{'D5'},{'D3'},{'R2'},{'D2'},{'R1'},{'R3'},&,1.0,&
{'D6'},{'D4'},{'D1'},{'D7'},{'D5'},{'D3'},{'D2'},{'R3'},{'R1'},{'R2'},&,1.0,&
{'D6'},{'D4'},{'D1'},{'D7'},{'D5'},{'D3'},{'D2'},{'R3'},{'R2'},{'R1'},&,2.0,&
{'D6'},{'D4'},{'D1'},{'D7'},{'D5'},{'D3'},{'D2'},{'R2'},{'R3'},{'R1'},&,1.0,&
{'D6'},{'D4'},{'D1'},{'D7'},{'D5'},{'D3'},{'D2'},{'R1'},{'R2'},{'R3'},&,2.0,&
{'D6'},{'D4'},{'D2'},{'D3'},{'D7'},{'D5'},{'R2'},{'D1'},{'R3'},{'R1'},&,1.0,&
{'D6'},{'D4'},{'D2'},{'D3'},{'D7'},{'D5'},{'D1'},{'R1'},{'R2'},{'R3'},&,1.0,&
{'D6'},{'D4'},{'D2'},{'D7'},{'D3'},{'D5'},{'R2'},{'R1'},{'D1'},{'R3'},&,1.0,&
{'D6'},{'D4'},{'D2'},{'D7'},{'D3'},{'D5'},{'R2'},{'D1'},{'R1'},{'R3'},&,1.0,&
{'D6'},{'D4'},{'D2'},{'D7'},{'D3'},{'D1'},{'D5'},{'R3'},{'R2'},{'R1'},&,2.0,&
{'D6'},{'D4'},{'D2'},{'D7'},{'D3'},{'D1'},{'D5'},{'R2'},{'R1'},{'R3'},&,1.0,&
{'D6'},{'D4'},{'D2'},{'D7'},{'D1'},{'D5'},{'D3'},{'R3'},{'R1'},{'R2'},&,1.0,&
{'D6'},{'D4'},{'D2'},{'D7'},{'D1'},{'D3'},{'D5'},{'R1'},{'R2'},{'R3'},&,1.0,&
{'D6'},{'D4'},{'D2'},{'D7'},{'D5'},{'D1'},{'R2'},{'D3'},{'R3'},{'R1'},&,1.0,&
{'D6'},{'D4'},{'R3'},{'D7'},{'D3'},{'D1'},{'D5'},{'R1'},{'R2'},{'D2'},&,1.0,&
{'D6'},{'D4'},{'R1'},{'D3'},{'D7'},{'D1'},{'D5'},{'R3'},{'R2'},{'D2'},&,1.0,&
{'D6'},{'D4'},{'R2'},{'D1'},{'D7'},{'D3'},{'D5'},{'D2'},{'R3'},{'R1'},&,1.0,&
{'D6'},{'D2'},{'D4'},{'D3'},{'D7'},{'D1'},{'D5'},{'R3'},{'R1'},{'R2'},&,1.0,&
{'D6'},{'D2'},{'D4'},{'D7'},{'D3'},{'D5'},{'D1'},{'R2'},{'R3'},{'R1'},&,2.0,&
{'D6'},{'D2'},{'D4'},{'D7'},{'D3'},{'D1'},{'R3'},{'D5'},{'R1'},{'R2'},&,1.0,&
{'D6'},{'D2'},{'D4'},{'D7'},{'D3'},{'D1'},{'D5'},{'R2'},{'R3'},{'R1'},&,1.0,&
{'D6'},{'D2'},{'D4'},{'D7'},{'D3'},{'D1'},{'D5'},{'R2'},{'R1'},{'R3'},&,1.0,&
{'D6'},{'D2'},{'D4'},{'D7'},{'D3'},{'D1'},{'D5'},{'R1'},{'R2'},{'R3'},&,1.0,&
{'D6'},{'D2'},{'D4'},{'D7'},{'D3'},{'D1'},{'R1'},{'R2'},{'D5'},{'R3'},&,1.0,&
{'D6'},{'D2'},{'D3'},{'D5'},{'D7'},{'D4'},{'D1'},{'R3'},{'R2'},{'R1'},&,1.0,&
{'D6'},{'D2'},{'D3'},{'D5'},{'D7'},{'D4'},{'D1'},{'R2'},{'R3'},{'R1'},&,1.0,&
{'D6'},{'D2'},{'D3'},{'D4'},{'D7'},{'D1'},{'R3'},{'D5'},{'R2'},{'R1'},&,1.0,&
{'D6'},{'D2'},{'D3'},{'D4'},{'D7'},{'D1'},{'D5'},{'R2'},{'R1'},{'R3'},&,1.0,&
{'D6'},{'D2'},{'D3'},{'D7'},{'D1'},{'D5'},{'R2'},{'R3'},{'D4'},{'R1'},&,1.0,&
{'D6'},{'D2'},{'D3'},{'D7'},{'D1'},{'D4'},{'R2'},{'D5'},{'R3'},{'R1'},&,1.0,&
{'D6'},{'D2'},{'D3'},{'D7'},{'D1'},{'D4'},{'D5'},{'R3'},{'R2'},{'R1'},&,1.0,&
{'D6'},{'D2'},{'D3'},{'D7'},{'D1'},{'D4'},{'D5'},{'R2'},{'R3'},{'R1'},&,1.0,&
{'D6'},{'D2'},{'D3'},{'D7'},{'D1'},{'D4'},{'D5'},{'R1'},{'R2'},{'R3'},&,1.0,&
{'D6'},{'D2'},{'D3'},{'D7'},{'D5'},{'D4'},{'R3'},{'D1'},{'R2'},{'R1'},&,1.0,&
{'D6'},{'D2'},{'D3'},{'D7'},{'D5'},{'D1'},{'R1'},{'D4'},{'R2'},{'R3'},&,1.0,&
{'D6'},{'D2'},{'D3'},{'D7'},{'D4'},{'D1'},{'R2'},{'R1'},{'D5'},{'R3'},&,1.0,&
{'D6'},{'D2'},{'D3'},{'D7'},{'D4'},{'D1'},{'D5'},{'R1'},{'R2'},{'R3'},&,2.0,&
{'D6'},{'D2'},{'D3'},{'D7'},{'D4'},{'R1'},{'D1'},{'D5'},{'R2'},{'R3'},&,2.0,&
{'D6'},{'D2'},{'D7'},{'D1'},{'D3'},{'D5'},{'D4'},{'R2'},{'R1'},{'R3'},&,1.0,&
{'D6'},{'D2'},{'D7'},{'D1'},{'D3'},{'D4'},{'R2'},{'D5'},{'R3'},{'R1'},&,1.0,&
{'D6'},{'D2'},{'D7'},{'D1'},{'D3'},{'D4'},{'R3'},{'R2'},{'D5'},{'R1'},&,1.0,&
{'D6'},{'D2'},{'D7'},{'D1'},{'D3'},{'D4'},{'D5'},{'R3'},{'R1'},{'R2'},&,1.0,&
{'D6'},{'D2'},{'D7'},{'D1'},{'D3'},{'D4'},{'D5'},{'R3'},{'R2'},{'R1'},&,3.0,&
{'D6'},{'D2'},{'D7'},{'D1'},{'D5'},{'R2'},{'D3'},{'R3'},{'D4'},{'R1'},&,1.0,&
{'D6'},{'D2'},{'D7'},{'D1'},{'D5'},{'D3'},{'D4'},{'R2'},{'R3'},{'R1'},&,1.0,&
{'D6'},{'D2'},{'D7'},{'D1'},{'D4'},{'D3'},{'R3'},{'R2'},{'D5'},{'R1'},&,1.0,&
{'D6'},{'D2'},{'D7'},{'D1'},{'D4'},{'D3'},{'D5'},{'R2'},{'R1'},{'R3'},&,1.0,&
{'D6'},{'D2'},{'D7'},{'D5'},{'D3'},{'D4'},{'D1'},{'R2'},{'R3'},{'R1'},&,1.0,&
{'D6'},{'D2'},{'D7'},{'D5'},{'D3'},{'D1'},{'D4'},{'R2'},{'R3'},{'R1'},&,1.0,&
{'D6'},{'D2'},{'D7'},{'D5'},{'D3'},{'D1'},{'D4'},{'R2'},{'R1'},{'R3'},&,1.0,&
{'D6'},{'D2'},{'D7'},{'D5'},{'D3'},{'D1'},{'D4'},{'R1'},{'R3'},{'R2'},&,1.0,&
{'D6'},{'D2'},{'D7'},{'D4'},{'D3'},{'D5'},{'R2'},{'D1'},{'R1'},{'R3'},&,1.0,&
{'D6'},{'D2'},{'D7'},{'D4'},{'D3'},{'D5'},{'D1'},{'R3'},{'R1'},{'R2'},&,1.0,&
{'D6'},{'D2'},{'D7'},{'D4'},{'D3'},{'D5'},{'D1'},{'R3'},{'R2'},{'R1'},&,2.0,&
{'D6'},{'D2'},{'D7'},{'D4'},{'D3'},{'D1'},{'R2'},{'D5'},{'R3'},{'R1'},&,1.0,&
{'D6'},{'D2'},{'D7'},{'D4'},{'D3'},{'D1'},{'D5'},{'R3'},{'R1'},{'R2'},&,2.0,&
{'D6'},{'D2'},{'D7'},{'D4'},{'D3'},{'D1'},{'D5'},{'R3'},{'R2'},{'R1'},&,1.0,&
{'D6'},{'D2'},{'D7'},{'D4'},{'D3'},{'D1'},{'D5'},{'R2'},{'R3'},{'R1'},&,2.0,&
{'D6'},{'D2'},{'D7'},{'D4'},{'D3'},{'D1'},{'D5'},{'R1'},{'R3'},{'R2'},&,1.0,&
{'D6'},{'D2'},{'D7'},{'D4'},{'D1'},{'D5'},{'R2'},{'R3'},{'R1'},{'D3'},&,1.0,&
{'D6'},{'D2'},{'D7'},{'D4'},{'D1'},{'D5'},{'D3'},{'R2'},{'R3'},{'R1'},&,1.0,&
{'D6'},{'D2'},{'D7'},{'D4'},{'D1'},{'D3'},{'R2'},{'R1'},{'D5'},{'R3'},&,1.0,&
{'D6'},{'D2'},{'D7'},{'D3'},{'D1'},{'D5'},{'D4'},{'R2'},{'R3'},{'R1'},&,1.0,&
{'D6'},{'D2'},{'D7'},{'D3'},{'D1'},{'D4'},{'D5'},{'R3'},{'R1'},{'R2'},&,1.0,&
{'D6'},{'D2'},{'D7'},{'D3'},{'D1'},{'D4'},{'D5'},{'R1'},{'R2'},{'R3'},&,1.0,&
{'D6'},{'D2'},{'D7'},{'D3'},{'D1'},{'D4'},{'R1'},{'D5'},{'R2'},{'R3'},&,1.0,&
{'D6'},{'D2'},{'D7'},{'D3'},{'D5'},{'D4'},{'D1'},{'R3'},{'R1'},{'R2'},&,2.0,&
{'D6'},{'D2'},{'D7'},{'D3'},{'D5'},{'D4'},{'D1'},{'R1'},{'R2'},{'R3'},&,1.0,&
{'D6'},{'D2'},{'D7'},{'D3'},{'D5'},{'D1'},{'D4'},{'R3'},{'R2'},{'R1'},&,1.0,&
{'D6'},{'D2'},{'D7'},{'D3'},{'D4'},{'D5'},{'R2'},{'D1'},{'R3'},{'R1'},&,1.0,&
{'D6'},{'D2'},{'D7'},{'D3'},{'D4'},{'D5'},{'R2'},{'D1'},{'R1'},{'R3'},&,1.0,&
{'D6'},{'D2'},{'D7'},{'D3'},{'D4'},{'D5'},{'D1'},{'R3'},{'R2'},{'R1'},&,1.0,&
{'D6'},{'D2'},{'D7'},{'D3'},{'D4'},{'D5'},{'D1'},{'R2'},{'R3'},{'R1'},&,2.0,&
{'D6'},{'D2'},{'D7'},{'D3'},{'D4'},{'D1'},{'D5'},{'R3'},{'R1'},{'R2'},&,1.0,&
{'D6'},{'D2'},{'D7'},{'D3'},{'D4'},{'D1'},{'D5'},{'R3'},{'R2'},{'R1'},&,3.0,&
{'D6'},{'D2'},{'D7'},{'D3'},{'D4'},{'D1'},{'D5'},{'R2'},{'R1'},{'R3'},&,2.0,&
{'D6'},{'D2'},{'D7'},{'D3'},{'D4'},{'R2'},{'D1'},{'D5'},{'R3'},{'R1'},&,1.0,&
{'D6'},{'D2'},{'D5'},{'D3'},{'D4'},{'D7'},{'R3'},{'R2'},{'D1'},{'R1'},&,1.0,&
{'D6'},{'D2'},{'D1'},{'D3'},{'D7'},{'D4'},{'R2'},{'D5'},{'R3'},{'R1'},&,1.0,&
{'D6'},{'D2'},{'D1'},{'D3'},{'D7'},{'D4'},{'D5'},{'R2'},{'R3'},{'R1'},&,1.0,&
{'D6'},{'D2'},{'D1'},{'D7'},{'D3'},{'D4'},{'R2'},{'D5'},{'R1'},{'R3'},&,1.0,&
{'D6'},{'D2'},{'D1'},{'D7'},{'D3'},{'D4'},{'D5'},{'R2'},{'R1'},{'R3'},&,1.0,&
{'D6'},{'D2'},{'D1'},{'D7'},{'D4'},{'D3'},{'R3'},{'D5'},{'R2'},{'R1'},&,1.0,&
{'D6'},{'D2'},{'D1'},{'D7'},{'D4'},{'D3'},{'D5'},{'R2'},{'R3'},{'R1'},&,1.0,&
{'D6'},{'D2'},{'D1'},{'D7'},{'R1'},{'D3'},{'D5'},{'R2'},{'D4'},{'R3'},&,1.0,&
{'D6'},{'R3'},{'D3'},{'D7'},{'D4'},{'D2'},{'D1'},{'R1'},{'D5'},{'R2'},&,1.0,&
{'D6'},{'R3'},{'D7'},{'D4'},{'D3'},{'D1'},{'D5'},{'R2'},{'D2'},{'R1'},&,1.0,&
{'D6'},{'R1'},{'D7'},{'D4'},{'D5'},{'D3'},{'D1'},{'D2'},{'R2'},{'R3'},&,1.0,&
{'D6'},{'R1'},{'D7'},{'D3'},{'D4'},{'D1'},{'D5'},{'D2'},{'R3'},{'R2'},&,1.0,&
{'D6'},{'R2'},{'D3'},{'D7'},{'D5'},{'D4'},{'D1'},{'D2'},{'R3'},{'R1'},&,1.0,&
{'D6'},{'R2'},{'D7'},{'D4'},{'D1'},{'D5'},{'D3'},{'D2'},{'R1'},{'R3'},&,1.0,&
{'D6'},{'R2'},{'D7'},{'D3'},{'D1'},{'D5'},{'D4'},{'R3'},{'R1'},{'D2'},&,1.0,&
{'D3'},{'D7'},{'D4'},{'D1'},{'D5'},{'D6'},{'R2'},{'R3'},{'D2'},{'R1'},&,1.0,&
{'D3'},{'D7'},{'D4'},{'D1'},{'D5'},{'D6'},{'D2'},{'R2'},{'R1'},{'R3'},&,2.0,&
{'D3'},{'D7'},{'D4'},{'D1'},{'D5'},{'D6'},{'D2'},{'R1'},{'R2'},{'R3'},&,1.0,&
{'D3'},{'D7'},{'D4'},{'D1'},{'D5'},{'D6'},{'R1'},{'D2'},{'R2'},{'R3'},&,1.0,&
{'D3'},{'D7'},{'D4'},{'D1'},{'D6'},{'D5'},{'R2'},{'D2'},{'R1'},{'R3'},&,1.0,&
{'D3'},{'D7'},{'D4'},{'D1'},{'D6'},{'D5'},{'D2'},{'R3'},{'R1'},{'R2'},&,5.0,&
{'D3'},{'D7'},{'D4'},{'D1'},{'D6'},{'D5'},{'D2'},{'R3'},{'R2'},{'R1'},&,8.0,&
{'D3'},{'D7'},{'D4'},{'D1'},{'D6'},{'D5'},{'D2'},{'R2'},{'R3'},{'R1'},&,5.0,&
{'D3'},{'D7'},{'D4'},{'D1'},{'D6'},{'D5'},{'D2'},{'R2'},{'R1'},{'R3'},&,4.0,&
{'D3'},{'D7'},{'D4'},{'D1'},{'D6'},{'D5'},{'D2'},{'R1'},{'R3'},{'R2'},&,2.0,&
{'D3'},{'D7'},{'D4'},{'D1'},{'D6'},{'D5'},{'D2'},{'R1'},{'R2'},{'R3'},&,10.0,&
{'D3'},{'D7'},{'D4'},{'D1'},{'D6'},{'D5'},{'R3'},{'D2'},{'R1'},{'R2'},&,2.0,&
{'D3'},{'D7'},{'D4'},{'D1'},{'D6'},{'D5'},{'R3'},{'D2'},{'R2'},{'R1'},&,3.0,&
{'D3'},{'D7'},{'D4'},{'D1'},{'D6'},{'D5'},{'R3'},{'R2'},{'D2'},{'R1'},&,1.0,&
{'D3'},{'D7'},{'D4'},{'D1'},{'D6'},{'D5'},{'R1'},{'D2'},{'R3'},{'R2'},&,2.0,&
{'D3'},{'D7'},{'D4'},{'D1'},{'D6'},{'D5'},{'R1'},{'D2'},{'R2'},{'R3'},&,2.0,&
{'D3'},{'D7'},{'D4'},{'D1'},{'D6'},{'D5'},{'R1'},{'R3'},{'D2'},{'R2'},&,1.0,&
{'D3'},{'D7'},{'D4'},{'D1'},{'D6'},{'R2'},{'D5'},{'D2'},{'R3'},{'R1'},&,1.0,&
{'D3'},{'D7'},{'D4'},{'D1'},{'D6'},{'D2'},{'R2'},{'R1'},{'D5'},{'R3'},&,1.0,&
{'D3'},{'D7'},{'D4'},{'D1'},{'D6'},{'D2'},{'R3'},{'R2'},{'D5'},{'R1'},&,1.0,&
{'D3'},{'D7'},{'D4'},{'D1'},{'D6'},{'D2'},{'R3'},{'D5'},{'R1'},{'R2'},&,1.0,&
{'D3'},{'D7'},{'D4'},{'D1'},{'D6'},{'D2'},{'D5'},{'R3'},{'R1'},{'R2'},&,1.0,&
{'D3'},{'D7'},{'D4'},{'D1'},{'D6'},{'D2'},{'D5'},{'R2'},{'R3'},{'R1'},&,1.0,&
{'D3'},{'D7'},{'D4'},{'D1'},{'D6'},{'D2'},{'D5'},{'R2'},{'R1'},{'R3'},&,1.0,&
{'D3'},{'D7'},{'D4'},{'D1'},{'D6'},{'D2'},{'D5'},{'R1'},{'R2'},{'R3'},&,2.0,&
{'D3'},{'D7'},{'D4'},{'D1'},{'D6'},{'R1'},{'D5'},{'D2'},{'R3'},{'R2'},&,1.0,&
{'D3'},{'D7'},{'D4'},{'D1'},{'D6'},{'R3'},{'D5'},{'D2'},{'R1'},{'R2'},&,1.0,&
{'D3'},{'D7'},{'D4'},{'D1'},{'D6'},{'R3'},{'D5'},{'D2'},{'R2'},{'R1'},&,1.0,&
{'D3'},{'D7'},{'D4'},{'D1'},{'R1'},{'D6'},{'D5'},{'D2'},{'R2'},{'R3'},&,1.0,&
{'D3'},{'D7'},{'D4'},{'D5'},{'D1'},{'D6'},{'D2'},{'R3'},{'R2'},{'R1'},&,1.0,&
{'D3'},{'D7'},{'D4'},{'D5'},{'D1'},{'D6'},{'D2'},{'R2'},{'R1'},{'R3'},&,1.0,&
{'D3'},{'D7'},{'D4'},{'D5'},{'D6'},{'D1'},{'R2'},{'D2'},{'R1'},{'R3'},&,2.0,&
{'D3'},{'D7'},{'D4'},{'D5'},{'D6'},{'D1'},{'R2'},{'R3'},{'D2'},{'R1'},&,1.0,&
{'D3'},{'D7'},{'D4'},{'D5'},{'D6'},{'D1'},{'R2'},{'R1'},{'D2'},{'R3'},&,1.0,&
{'D3'},{'D7'},{'D4'},{'D5'},{'D6'},{'D1'},{'D2'},{'R3'},{'R2'},{'R1'},&,4.0,&
{'D3'},{'D7'},{'D4'},{'D5'},{'D6'},{'D1'},{'D2'},{'R2'},{'R3'},{'R1'},&,5.0,&
{'D3'},{'D7'},{'D4'},{'D5'},{'D6'},{'D1'},{'D2'},{'R2'},{'R1'},{'R3'},&,4.0,&
{'D3'},{'D7'},{'D4'},{'D5'},{'D6'},{'D1'},{'D2'},{'R1'},{'R3'},{'R2'},&,3.0,&
{'D3'},{'D7'},{'D4'},{'D5'},{'D6'},{'D1'},{'D2'},{'R1'},{'R2'},{'R3'},&,5.0,&
{'D3'},{'D7'},{'D4'},{'D5'},{'D6'},{'D1'},{'R3'},{'D2'},{'R1'},{'R2'},&,1.0,&
{'D3'},{'D7'},{'D4'},{'D5'},{'D6'},{'D1'},{'R3'},{'D2'},{'R2'},{'R1'},&,2.0,&
{'D3'},{'D7'},{'D4'},{'D5'},{'D6'},{'D1'},{'R3'},{'R2'},{'D2'},{'R1'},&,1.0,&
{'D3'},{'D7'},{'D4'},{'D5'},{'D6'},{'D1'},{'R3'},{'R1'},{'D2'},{'R2'},&,1.0,&
{'D3'},{'D7'},{'D4'},{'D5'},{'D6'},{'D1'},{'R1'},{'D2'},{'R3'},{'R2'},&,1.0,&
{'D3'},{'D7'},{'D4'},{'D5'},{'D6'},{'R2'},{'D1'},{'R3'},{'R1'},{'D2'},&,1.0,&
{'D3'},{'D7'},{'D4'},{'D5'},{'D6'},{'R2'},{'D1'},{'R3'},{'D2'},{'R1'},&,1.0,&
{'D3'},{'D7'},{'D4'},{'D5'},{'D6'},{'D2'},{'D1'},{'R3'},{'R2'},{'R1'},&,1.0,&
{'D3'},{'D7'},{'D4'},{'D5'},{'D6'},{'D2'},{'D1'},{'R2'},{'R3'},{'R1'},&,1.0,&
{'D3'},{'D7'},{'D4'},{'D5'},{'D6'},{'D2'},{'D1'},{'R1'},{'R3'},{'R2'},&,1.0,&
{'D3'},{'D7'},{'D4'},{'D5'},{'D6'},{'R1'},{'D1'},{'D2'},{'R3'},{'R2'},&,1.0,&
{'D3'},{'D7'},{'D4'},{'D5'},{'D6'},{'R3'},{'D1'},{'D2'},{'R1'},{'R2'},&,1.0,&
{'D3'},{'D7'},{'D4'},{'D5'},{'D6'},{'R3'},{'D1'},{'R2'},{'D2'},{'R1'},&,1.0,&
{'D3'},{'D7'},{'D4'},{'D5'},{'R2'},{'D6'},{'D1'},{'D2'},{'R3'},{'R1'},&,1.0,&
{'D3'},{'D7'},{'D4'},{'D6'},{'D1'},{'D5'},{'R2'},{'D2'},{'R3'},{'R1'},&,19.0,&
{'D3'},{'D7'},{'D4'},{'D6'},{'D1'},{'D5'},{'R2'},{'D2'},{'R1'},{'R3'},&,12.0,&
{'D3'},{'D7'},{'D4'},{'D6'},{'D1'},{'D5'},{'R2'},{'R3'},{'D2'},{'R1'},&,7.0,&
{'D3'},{'D7'},{'D4'},{'D6'},{'D1'},{'D5'},{'R2'},{'R1'},{'R3'},{'D2'},&,1.0,&
{'D3'},{'D7'},{'D4'},{'D6'},{'D1'},{'D5'},{'R2'},{'R1'},{'D2'},{'R3'},&,3.0,&
{'D3'},{'D7'},{'D4'},{'D6'},{'D1'},{'D5'},{'D2'},{'R3'},{'R1'},{'R2'},&,22.0,&
{'D3'},{'D7'},{'D4'},{'D6'},{'D1'},{'D5'},{'D2'},{'R3'},{'R2'},{'R1'},&,33.0,&
{'D3'},{'D7'},{'D4'},{'D6'},{'D1'},{'D5'},{'D2'},{'R2'},{'R3'},{'R1'},&,65.0,&
{'D3'},{'D7'},{'D4'},{'D6'},{'D1'},{'D5'},{'D2'},{'R2'},{'R1'},{'R3'},&,52.0,&
{'D3'},{'D7'},{'D4'},{'D6'},{'D1'},{'D5'},{'D2'},{'R1'},{'R3'},{'R2'},&,28.0,&
{'D3'},{'D7'},{'D4'},{'D6'},{'D1'},{'D5'},{'D2'},{'R1'},{'R2'},{'R3'},&,35.0,&
{'D3'},{'D7'},{'D4'},{'D6'},{'D1'},{'D5'},{'R3'},{'D2'},{'R1'},{'R2'},&,7.0,&
{'D3'},{'D7'},{'D4'},{'D6'},{'D1'},{'D5'},{'R3'},{'D2'},{'R2'},{'R1'},&,8.0,&
{'D3'},{'D7'},{'D4'},{'D6'},{'D1'},{'D5'},{'R3'},{'R2'},{'R1'},{'D2'},&,3.0,&
{'D3'},{'D7'},{'D4'},{'D6'},{'D1'},{'D5'},{'R3'},{'R2'},{'D2'},{'R1'},&,1.0,&
{'D3'},{'D7'},{'D4'},{'D6'},{'D1'},{'D5'},{'R3'},{'R1'},{'R2'},{'D2'},&,1.0,&
{'D3'},{'D7'},{'D4'},{'D6'},{'D1'},{'D5'},{'R1'},{'D2'},{'R3'},{'R2'},&,3.0,&
{'D3'},{'D7'},{'D4'},{'D6'},{'D1'},{'D5'},{'R1'},{'D2'},{'R2'},{'R3'},&,10.0,&
{'D3'},{'D7'},{'D4'},{'D6'},{'D1'},{'D5'},{'R1'},{'R3'},{'D2'},{'R2'},&,1.0,&
{'D3'},{'D7'},{'D4'},{'D6'},{'D1'},{'D5'},{'R1'},{'R2'},{'D2'},{'R3'},&,2.0,&
{'D3'},{'D7'},{'D4'},{'D6'},{'D1'},{'R2'},{'D2'},{'D5'},{'R1'},{'R3'},&,1.0,&
{'D3'},{'D7'},{'D4'},{'D6'},{'D1'},{'R2'},{'D5'},{'D2'},{'R3'},{'R1'},&,3.0,&
{'D3'},{'D7'},{'D4'},{'D6'},{'D1'},{'R2'},{'D5'},{'D2'},{'R1'},{'R3'},&,3.0,&
{'D3'},{'D7'},{'D4'},{'D6'},{'D1'},{'R2'},{'D5'},{'R1'},{'D2'},{'R3'},&,3.0,&
{'D3'},{'D7'},{'D4'},{'D6'},{'D1'},{'D2'},{'R2'},{'R3'},{'D5'},{'R1'},&,1.0,&
{'D3'},{'D7'},{'D4'},{'D6'},{'D1'},{'D2'},{'R2'},{'D5'},{'R3'},{'R1'},&,1.0,&
{'D3'},{'D7'},{'D4'},{'D6'},{'D1'},{'D2'},{'R2'},{'D5'},{'R1'},{'R3'},&,3.0,&
{'D3'},{'D7'},{'D4'},{'D6'},{'D1'},{'D2'},{'R3'},{'R2'},{'R1'},{'D5'},&,1.0,&
{'D3'},{'D7'},{'D4'},{'D6'},{'D1'},{'D2'},{'R3'},{'D5'},{'R2'},{'R1'},&,1.0,&
{'D3'},{'D7'},{'D4'},{'D6'},{'D1'},{'D2'},{'D5'},{'R3'},{'R1'},{'R2'},&,2.0,&
{'D3'},{'D7'},{'D4'},{'D6'},{'D1'},{'D2'},{'D5'},{'R3'},{'R2'},{'R1'},&,6.0,&
{'D3'},{'D7'},{'D4'},{'D6'},{'D1'},{'D2'},{'D5'},{'R2'},{'R3'},{'R1'},&,2.0,&
{'D3'},{'D7'},{'D4'},{'D6'},{'D1'},{'D2'},{'D5'},{'R2'},{'R1'},{'R3'},&,5.0,&
{'D3'},{'D7'},{'D4'},{'D6'},{'D1'},{'D2'},{'D5'},{'R1'},{'R3'},{'R2'},&,1.0,&
{'D3'},{'D7'},{'D4'},{'D6'},{'D1'},{'D2'},{'D5'},{'R1'},{'R2'},{'R3'},&,3.0,&
{'D3'},{'D7'},{'D4'},{'D6'},{'D1'},{'D2'},{'R1'},{'R2'},{'D5'},{'R3'},&,1.0,&
{'D3'},{'D7'},{'D4'},{'D6'},{'D1'},{'D2'},{'R1'},{'D5'},{'R3'},{'R2'},&,2.0,&
{'D3'},{'D7'},{'D4'},{'D6'},{'D1'},{'D2'},{'R1'},{'D5'},{'R2'},{'R3'},&,1.0,&
{'D3'},{'D7'},{'D4'},{'D6'},{'D1'},{'R1'},{'D5'},{'D2'},{'R3'},{'R2'},&,1.0,&
{'D3'},{'D7'},{'D4'},{'D6'},{'D1'},{'R1'},{'D5'},{'D2'},{'R2'},{'R3'},&,2.0,&
{'D3'},{'D7'},{'D4'},{'D6'},{'D1'},{'R1'},{'D5'},{'R3'},{'D2'},{'R2'},&,1.0,&
{'D3'},{'D7'},{'D4'},{'D6'},{'D1'},{'R1'},{'D5'},{'R2'},{'D2'},{'R3'},&,1.0,&
{'D3'},{'D7'},{'D4'},{'D6'},{'D1'},{'R3'},{'R2'},{'D5'},{'D2'},{'R1'},&,1.0,&
{'D3'},{'D7'},{'D4'},{'D6'},{'D1'},{'R3'},{'D5'},{'D2'},{'R1'},{'R2'},&,3.0,&
{'D3'},{'D7'},{'D4'},{'D6'},{'D1'},{'R3'},{'D5'},{'D2'},{'R2'},{'R1'},&,6.0,&
{'D3'},{'D7'},{'D4'},{'D6'},{'D1'},{'R3'},{'D5'},{'R2'},{'D2'},{'R1'},&,1.0,&
{'D3'},{'D7'},{'D4'},{'D6'},{'D5'},{'D1'},{'R2'},{'D2'},{'R3'},{'R1'},&,8.0,&
{'D3'},{'D7'},{'D4'},{'D6'},{'D5'},{'D1'},{'R2'},{'D2'},{'R1'},{'R3'},&,7.0,&
{'D3'},{'D7'},{'D4'},{'D6'},{'D5'},{'D1'},{'R2'},{'R3'},{'R1'},{'D2'},&,1.0,&
{'D3'},{'D7'},{'D4'},{'D6'},{'D5'},{'D1'},{'R2'},{'R3'},{'D2'},{'R1'},&,1.0,&
{'D3'},{'D7'},{'D4'},{'D6'},{'D5'},{'D1'},{'R2'},{'R1'},{'D2'},{'R3'},&,1.0,&
{'D3'},{'D7'},{'D4'},{'D6'},{'D5'},{'D1'},{'D2'},{'R3'},{'R1'},{'R2'},&,9.0,&
{'D3'},{'D7'},{'D4'},{'D6'},{'D5'},{'D1'},{'D2'},{'R3'},{'R2'},{'R1'},&,23.0,&
{'D3'},{'D7'},{'D4'},{'D6'},{'D5'},{'D1'},{'D2'},{'R2'},{'R3'},{'R1'},&,36.0,&
{'D3'},{'D7'},{'D4'},{'D6'},{'D5'},{'D1'},{'D2'},{'R2'},{'R1'},{'R3'},&,26.0,&
{'D3'},{'D7'},{'D4'},{'D6'},{'D5'},{'D1'},{'D2'},{'R1'},{'R3'},{'R2'},&,13.0,&
{'D3'},{'D7'},{'D4'},{'D6'},{'D5'},{'D1'},{'D2'},{'R1'},{'R2'},{'R3'},&,20.0,&
{'D3'},{'D7'},{'D4'},{'D6'},{'D5'},{'D1'},{'R3'},{'D2'},{'R1'},{'R2'},&,2.0,&
{'D3'},{'D7'},{'D4'},{'D6'},{'D5'},{'D1'},{'R3'},{'R2'},{'D2'},{'R1'},&,1.0,&
{'D3'},{'D7'},{'D4'},{'D6'},{'D5'},{'D1'},{'R3'},{'R1'},{'D2'},{'R2'},&,1.0,&
{'D3'},{'D7'},{'D4'},{'D6'},{'D5'},{'D1'},{'R1'},{'D2'},{'R3'},{'R2'},&,3.0,&
{'D3'},{'D7'},{'D4'},{'D6'},{'D5'},{'D1'},{'R1'},{'D2'},{'R2'},{'R3'},&,4.0,&
{'D3'},{'D7'},{'D4'},{'D6'},{'D5'},{'R2'},{'D2'},{'D1'},{'R3'},{'R1'},&,1.0,&
{'D3'},{'D7'},{'D4'},{'D6'},{'D5'},{'R2'},{'R3'},{'D1'},{'R1'},{'D2'},&,1.0,&
{'D3'},{'D7'},{'D4'},{'D6'},{'D5'},{'R2'},{'D1'},{'D2'},{'R3'},{'R1'},&,3.0,&
{'D3'},{'D7'},{'D4'},{'D6'},{'D5'},{'R2'},{'D1'},{'D2'},{'R1'},{'R3'},&,1.0,&
{'D3'},{'D7'},{'D4'},{'D6'},{'D5'},{'D2'},{'R2'},{'R1'},{'D1'},{'R3'},&,1.0,&
{'D3'},{'D7'},{'D4'},{'D6'},{'D5'},{'D2'},{'R3'},{'D1'},{'R1'},{'R2'},&,1.0,&
{'D3'},{'D7'},{'D4'},{'D6'},{'D5'},{'D2'},{'R3'},{'D1'},{'R2'},{'R1'},&,1.0,&
{'D3'},{'D7'},{'D4'},{'D6'},{'D5'},{'D2'},{'D1'},{'R3'},{'R1'},{'R2'},&,2.0,&
{'D3'},{'D7'},{'D4'},{'D6'},{'D5'},{'D2'},{'D1'},{'R2'},{'R3'},{'R1'},&,1.0,&
{'D3'},{'D7'},{'D4'},{'D6'},{'D5'},{'D2'},{'D1'},{'R1'},{'R3'},{'R2'},&,1.0,&
{'D3'},{'D7'},{'D4'},{'D6'},{'D5'},{'D2'},{'D1'},{'R1'},{'R2'},{'R3'},&,2.0,&
{'D3'},{'D7'},{'D4'},{'D6'},{'D5'},{'R1'},{'R2'},{'D1'},{'D2'},{'R3'},&,1.0,&
{'D3'},{'D7'},{'D4'},{'D6'},{'D5'},{'R1'},{'D1'},{'D2'},{'R3'},{'R2'},&,1.0,&
{'D3'},{'D7'},{'D4'},{'D6'},{'D5'},{'R1'},{'D1'},{'R2'},{'R3'},{'D2'},&,1.0,&
{'D3'},{'D7'},{'D4'},{'D6'},{'D5'},{'R3'},{'D2'},{'D1'},{'R1'},{'R2'},&,1.0,&
{'D3'},{'D7'},{'D4'},{'D6'},{'D5'},{'R3'},{'D1'},{'D2'},{'R2'},{'R1'},&,2.0,&
{'D3'},{'D7'},{'D4'},{'D6'},{'D5'},{'R3'},{'D1'},{'R2'},{'R1'},{'D2'},&,1.0,&
{'D3'},{'D7'},{'D4'},{'D6'},{'D2'},{'D5'},{'R1'},{'D1'},{'R2'},{'R3'},&,1.0,&
{'D3'},{'D7'},{'D4'},{'D6'},{'D2'},{'D5'},{'D1'},{'R3'},{'R2'},{'R1'},&,1.0,&
{'D3'},{'D7'},{'D4'},{'D6'},{'D2'},{'D5'},{'D1'},{'R2'},{'R3'},{'R1'},&,3.0,&
{'D3'},{'D7'},{'D4'},{'D6'},{'D2'},{'D5'},{'D1'},{'R2'},{'R1'},{'R3'},&,1.0,&
{'D3'},{'D7'},{'D4'},{'D6'},{'D2'},{'D1'},{'R2'},{'D5'},{'R3'},{'R1'},&,1.0,&
{'D3'},{'D7'},{'D4'},{'D6'},{'D2'},{'D1'},{'D5'},{'R3'},{'R2'},{'R1'},&,2.0,&
{'D3'},{'D7'},{'D4'},{'D6'},{'D2'},{'D1'},{'D5'},{'R2'},{'R3'},{'R1'},&,3.0,&
{'D3'},{'D7'},{'D4'},{'D6'},{'D2'},{'D1'},{'D5'},{'R2'},{'R1'},{'R3'},&,3.0,&
{'D3'},{'D7'},{'D4'},{'D6'},{'D2'},{'D1'},{'D5'},{'R1'},{'R2'},{'R3'},&,1.0,&
{'D3'},{'D7'},{'D4'},{'D6'},{'D2'},{'R1'},{'D1'},{'D5'},{'R3'},{'R2'},&,1.0,&
{'D3'},{'D7'},{'D4'},{'D6'},{'R1'},{'D5'},{'D1'},{'D2'},{'R2'},{'R3'},&,1.0,&
{'D3'},{'D7'},{'D4'},{'D6'},{'R2'},{'D5'},{'D1'},{'D2'},{'R3'},{'R1'},&,1.0,&
{'D3'},{'D7'},{'D4'},{'D6'},{'R2'},{'D5'},{'D1'},{'R3'},{'D2'},{'R1'},&,1.0,&
{'D3'},{'D7'},{'D4'},{'D6'},{'R2'},{'D1'},{'D5'},{'R1'},{'D2'},{'R3'},&,1.0,&
{'D3'},{'D7'},{'D4'},{'D6'},{'R3'},{'D5'},{'R2'},{'D1'},{'R1'},{'D2'},&,1.0,&
{'D3'},{'D7'},{'D4'},{'D6'},{'R3'},{'D5'},{'D1'},{'D2'},{'R2'},{'R1'},&,2.0,&
{'D3'},{'D7'},{'D4'},{'D6'},{'R3'},{'D5'},{'D1'},{'R1'},{'D2'},{'R2'},&,1.0,&
{'D3'},{'D7'},{'D4'},{'D6'},{'R3'},{'D1'},{'D2'},{'D5'},{'R2'},{'R1'},&,1.0,&
{'D3'},{'D7'},{'D4'},{'D6'},{'R3'},{'D1'},{'D5'},{'D2'},{'R2'},{'R1'},&,1.0,&
{'D3'},{'D7'},{'D4'},{'D6'},{'R3'},{'D1'},{'D5'},{'R2'},{'R1'},{'D2'},&,1.0,&
{'D3'},{'D7'},{'D4'},{'D2'},{'D5'},{'D1'},{'D6'},{'R3'},{'R1'},{'R2'},&,1.0,&
{'D3'},{'D7'},{'D4'},{'D2'},{'D6'},{'D5'},{'D1'},{'R1'},{'R2'},{'R3'},&,1.0,&
{'D3'},{'D7'},{'D4'},{'D2'},{'D6'},{'D1'},{'D5'},{'R3'},{'R1'},{'R2'},&,1.0,&
{'D3'},{'D7'},{'D4'},{'R2'},{'D6'},{'D5'},{'D1'},{'D2'},{'R1'},{'R3'},&,1.0,&
{'D3'},{'D7'},{'D4'},{'R3'},{'D6'},{'D2'},{'D1'},{'D5'},{'R2'},{'R1'},&,1.0,&
{'D3'},{'D7'},{'D5'},{'D1'},{'D4'},{'D6'},{'R2'},{'D2'},{'R3'},{'R1'},&,1.0,&
{'D3'},{'D7'},{'D5'},{'D1'},{'D4'},{'D6'},{'D2'},{'R2'},{'R3'},{'R1'},&,1.0,&
{'D3'},{'D7'},{'D5'},{'D1'},{'D4'},{'D6'},{'D2'},{'R1'},{'R2'},{'R3'},&,1.0,&
{'D3'},{'D7'},{'D5'},{'D1'},{'D6'},{'D4'},{'R2'},{'D2'},{'R3'},{'R1'},&,2.0,&
{'D3'},{'D7'},{'D5'},{'D1'},{'D6'},{'D4'},{'R2'},{'D2'},{'R1'},{'R3'},&,1.0,&
{'D3'},{'D7'},{'D5'},{'D1'},{'D6'},{'D4'},{'R2'},{'R1'},{'D2'},{'R3'},&,1.0,&
{'D3'},{'D7'},{'D5'},{'D1'},{'D6'},{'D4'},{'D2'},{'R3'},{'R1'},{'R2'},&,1.0,&
{'D3'},{'D7'},{'D5'},{'D1'},{'D6'},{'D4'},{'D2'},{'R3'},{'R2'},{'R1'},&,4.0,&
{'D3'},{'D7'},{'D5'},{'D1'},{'D6'},{'D4'},{'D2'},{'R2'},{'R3'},{'R1'},&,4.0,&
{'D3'},{'D7'},{'D5'},{'D1'},{'D6'},{'D4'},{'D2'},{'R2'},{'R1'},{'R3'},&,6.0,&
{'D3'},{'D7'},{'D5'},{'D1'},{'D6'},{'D4'},{'D2'},{'R1'},{'R3'},{'R2'},&,2.0,&
{'D3'},{'D7'},{'D5'},{'D1'},{'D6'},{'D4'},{'D2'},{'R1'},{'R2'},{'R3'},&,2.0,&
{'D3'},{'D7'},{'D5'},{'D1'},{'D6'},{'D4'},{'R3'},{'D2'},{'R1'},{'R2'},&,1.0,&
{'D3'},{'D7'},{'D5'},{'D1'},{'D6'},{'D4'},{'R3'},{'D2'},{'R2'},{'R1'},&,1.0,&
{'D3'},{'D7'},{'D5'},{'D1'},{'D6'},{'D4'},{'R1'},{'D2'},{'R2'},{'R3'},&,1.0,&
{'D3'},{'D7'},{'D5'},{'D1'},{'D6'},{'R2'},{'D4'},{'D2'},{'R3'},{'R1'},&,1.0,&
{'D3'},{'D7'},{'D5'},{'D1'},{'D6'},{'R2'},{'D4'},{'D2'},{'R1'},{'R3'},&,1.0,&
{'D3'},{'D7'},{'D5'},{'D4'},{'D1'},{'D6'},{'D2'},{'R3'},{'R2'},{'R1'},&,1.0,&
{'D3'},{'D7'},{'D5'},{'D4'},{'D1'},{'D6'},{'D2'},{'R2'},{'R3'},{'R1'},&,1.0,&
{'D3'},{'D7'},{'D5'},{'D4'},{'D1'},{'D6'},{'D2'},{'R2'},{'R1'},{'R3'},&,2.0,&
{'D3'},{'D7'},{'D5'},{'D4'},{'D6'},{'D1'},{'R2'},{'D2'},{'R3'},{'R1'},&,2.0,&
{'D3'},{'D7'},{'D5'},{'D4'},{'D6'},{'D1'},{'R2'},{'D2'},{'R1'},{'R3'},&,1.0,&
{'D3'},{'D7'},{'D5'},{'D4'},{'D6'},{'D1'},{'R2'},{'R3'},{'D2'},{'R1'},&,1.0,&
{'D3'},{'D7'},{'D5'},{'D4'},{'D6'},{'D1'},{'D2'},{'R3'},{'R1'},{'R2'},&,4.0,&
{'D3'},{'D7'},{'D5'},{'D4'},{'D6'},{'D1'},{'D2'},{'R3'},{'R2'},{'R1'},&,8.0,&
{'D3'},{'D7'},{'D5'},{'D4'},{'D6'},{'D1'},{'D2'},{'R2'},{'R3'},{'R1'},&,5.0,&
{'D3'},{'D7'},{'D5'},{'D4'},{'D6'},{'D1'},{'D2'},{'R2'},{'R1'},{'R3'},&,8.0,&
{'D3'},{'D7'},{'D5'},{'D4'},{'D6'},{'D1'},{'D2'},{'R1'},{'R2'},{'R3'},&,1.0,&
{'D3'},{'D7'},{'D5'},{'D4'},{'D6'},{'D1'},{'R3'},{'D2'},{'R2'},{'R1'},&,2.0,&
{'D3'},{'D7'},{'D5'},{'D4'},{'D6'},{'D1'},{'R3'},{'R2'},{'D2'},{'R1'},&,1.0,&
{'D3'},{'D7'},{'D5'},{'D4'},{'D6'},{'D1'},{'R1'},{'D2'},{'R3'},{'R2'},&,2.0,&
{'D3'},{'D7'},{'D5'},{'D4'},{'D6'},{'R2'},{'D1'},{'D2'},{'R3'},{'R1'},&,1.0,&
{'D3'},{'D7'},{'D5'},{'D4'},{'D6'},{'D2'},{'R2'},{'D1'},{'R3'},{'R1'},&,1.0,&
{'D3'},{'D7'},{'D5'},{'D4'},{'D6'},{'R1'},{'R3'},{'R2'},{'D2'},{'D1'},&,1.0,&
{'D3'},{'D7'},{'D5'},{'D4'},{'D6'},{'R1'},{'D1'},{'R2'},{'D2'},{'R3'},&,1.0,&
{'D3'},{'D7'},{'D5'},{'D4'},{'D6'},{'R3'},{'D1'},{'D2'},{'R1'},{'R2'},&,1.0,&
{'D3'},{'D7'},{'D5'},{'D4'},{'R3'},{'D6'},{'D1'},{'D2'},{'R2'},{'R1'},&,1.0,&
{'D3'},{'D7'},{'D5'},{'D6'},{'D1'},{'D4'},{'R2'},{'D2'},{'R3'},{'R1'},&,4.0,&
{'D3'},{'D7'},{'D5'},{'D6'},{'D1'},{'D4'},{'R2'},{'D2'},{'R1'},{'R3'},&,2.0,&
{'D3'},{'D7'},{'D5'},{'D6'},{'D1'},{'D4'},{'R2'},{'R3'},{'D2'},{'R1'},&,1.0,&
{'D3'},{'D7'},{'D5'},{'D6'},{'D1'},{'D4'},{'R2'},{'R1'},{'R3'},{'D2'},&,1.0,&
{'D3'},{'D7'},{'D5'},{'D6'},{'D1'},{'D4'},{'R2'},{'R1'},{'D2'},{'R3'},&,1.0,&
{'D3'},{'D7'},{'D5'},{'D6'},{'D1'},{'D4'},{'D2'},{'R3'},{'R1'},{'R2'},&,9.0,&
{'D3'},{'D7'},{'D5'},{'D6'},{'D1'},{'D4'},{'D2'},{'R3'},{'R2'},{'R1'},&,5.0,&
{'D3'},{'D7'},{'D5'},{'D6'},{'D1'},{'D4'},{'D2'},{'R2'},{'R3'},{'R1'},&,11.0,&
{'D3'},{'D7'},{'D5'},{'D6'},{'D1'},{'D4'},{'D2'},{'R2'},{'R1'},{'R3'},&,6.0,&
{'D3'},{'D7'},{'D5'},{'D6'},{'D1'},{'D4'},{'D2'},{'R1'},{'R3'},{'R2'},&,4.0,&
{'D3'},{'D7'},{'D5'},{'D6'},{'D1'},{'D4'},{'D2'},{'R1'},{'R2'},{'R3'},&,6.0,&
{'D3'},{'D7'},{'D5'},{'D6'},{'D1'},{'D4'},{'R3'},{'D2'},{'R2'},{'R1'},&,6.0,&
{'D3'},{'D7'},{'D5'},{'D6'},{'D1'},{'D4'},{'R3'},{'R2'},{'D2'},{'R1'},&,1.0,&
{'D3'},{'D7'},{'D5'},{'D6'},{'D1'},{'D4'},{'R3'},{'R1'},{'D2'},{'R2'},&,2.0,&
{'D3'},{'D7'},{'D5'},{'D6'},{'D1'},{'D4'},{'R1'},{'D2'},{'R3'},{'R2'},&,1.0,&
{'D3'},{'D7'},{'D5'},{'D6'},{'D1'},{'D4'},{'R1'},{'D2'},{'R2'},{'R3'},&,5.0,&
{'D3'},{'D7'},{'D5'},{'D6'},{'D1'},{'D4'},{'R1'},{'R3'},{'R2'},{'D2'},&,2.0,&
{'D3'},{'D7'},{'D5'},{'D6'},{'D1'},{'D4'},{'R1'},{'R2'},{'D2'},{'R3'},&,1.0,&
{'D3'},{'D7'},{'D5'},{'D6'},{'D1'},{'D2'},{'D4'},{'R3'},{'R2'},{'R1'},&,3.0,&
{'D3'},{'D7'},{'D5'},{'D6'},{'D1'},{'D2'},{'D4'},{'R2'},{'R1'},{'R3'},&,1.0,&
{'D3'},{'D7'},{'D5'},{'D6'},{'D1'},{'R1'},{'R2'},{'D4'},{'D2'},{'R3'},&,1.0,&
{'D3'},{'D7'},{'D5'},{'D6'},{'D4'},{'D1'},{'R2'},{'D2'},{'R3'},{'R1'},&,7.0,&
{'D3'},{'D7'},{'D5'},{'D6'},{'D4'},{'D1'},{'R2'},{'D2'},{'R1'},{'R3'},&,3.0,&
{'D3'},{'D7'},{'D5'},{'D6'},{'D4'},{'D1'},{'R2'},{'R3'},{'D2'},{'R1'},&,3.0,&
{'D3'},{'D7'},{'D5'},{'D6'},{'D4'},{'D1'},{'D2'},{'R3'},{'R1'},{'R2'},&,10.0,&
{'D3'},{'D7'},{'D5'},{'D6'},{'D4'},{'D1'},{'D2'},{'R3'},{'R2'},{'R1'},&,18.0,&
{'D3'},{'D7'},{'D5'},{'D6'},{'D4'},{'D1'},{'D2'},{'R2'},{'R3'},{'R1'},&,28.0,&
{'D3'},{'D7'},{'D5'},{'D6'},{'D4'},{'D1'},{'D2'},{'R2'},{'R1'},{'R3'},&,20.0,&
{'D3'},{'D7'},{'D5'},{'D6'},{'D4'},{'D1'},{'D2'},{'R1'},{'R3'},{'R2'},&,4.0,&
{'D3'},{'D7'},{'D5'},{'D6'},{'D4'},{'D1'},{'D2'},{'R1'},{'R2'},{'R3'},&,18.0,&
{'D3'},{'D7'},{'D5'},{'D6'},{'D4'},{'D1'},{'R3'},{'D2'},{'R1'},{'R2'},&,2.0,&
{'D3'},{'D7'},{'D5'},{'D6'},{'D4'},{'D1'},{'R3'},{'D2'},{'R2'},{'R1'},&,4.0,&
{'D3'},{'D7'},{'D5'},{'D6'},{'D4'},{'D1'},{'R3'},{'R2'},{'R1'},{'D2'},&,1.0,&
{'D3'},{'D7'},{'D5'},{'D6'},{'D4'},{'D1'},{'R3'},{'R2'},{'D2'},{'R1'},&,1.0,&
{'D3'},{'D7'},{'D5'},{'D6'},{'D4'},{'D1'},{'R3'},{'R1'},{'D2'},{'R2'},&,1.0,&
{'D3'},{'D7'},{'D5'},{'D6'},{'D4'},{'D1'},{'R3'},{'R1'},{'R2'},{'D2'},&,1.0,&
{'D3'},{'D7'},{'D5'},{'D6'},{'D4'},{'D1'},{'R1'},{'D2'},{'R2'},{'R3'},&,5.0,&
{'D3'},{'D7'},{'D5'},{'D6'},{'D4'},{'R2'},{'D2'},{'D1'},{'R3'},{'R1'},&,1.0,&
{'D3'},{'D7'},{'D5'},{'D6'},{'D4'},{'R2'},{'D1'},{'D2'},{'R1'},{'R3'},&,2.0,&
{'D3'},{'D7'},{'D5'},{'D6'},{'D4'},{'R2'},{'D1'},{'R1'},{'D2'},{'R3'},&,2.0,&
{'D3'},{'D7'},{'D5'},{'D6'},{'D4'},{'D2'},{'D1'},{'R3'},{'R1'},{'R2'},&,1.0,&
{'D3'},{'D7'},{'D5'},{'D6'},{'D4'},{'D2'},{'D1'},{'R3'},{'R2'},{'R1'},&,2.0,&
{'D3'},{'D7'},{'D5'},{'D6'},{'D4'},{'D2'},{'D1'},{'R2'},{'R3'},{'R1'},&,2.0,&
{'D3'},{'D7'},{'D5'},{'D6'},{'D4'},{'R1'},{'D1'},{'D2'},{'R3'},{'R2'},&,1.0,&
{'D3'},{'D7'},{'D5'},{'D6'},{'D4'},{'R1'},{'D1'},{'D2'},{'R2'},{'R3'},&,3.0,&
{'D3'},{'D7'},{'D5'},{'D6'},{'D4'},{'R1'},{'D1'},{'R3'},{'D2'},{'R2'},&,1.0,&
{'D3'},{'D7'},{'D5'},{'D6'},{'D4'},{'R3'},{'D1'},{'D2'},{'R1'},{'R2'},&,2.0,&
{'D3'},{'D7'},{'D5'},{'D6'},{'D4'},{'R3'},{'D1'},{'D2'},{'R2'},{'R1'},&,2.0,&
{'D3'},{'D7'},{'D5'},{'D6'},{'D4'},{'R3'},{'D1'},{'R1'},{'D2'},{'R2'},&,1.0,&
{'D3'},{'D7'},{'D5'},{'D6'},{'D2'},{'D4'},{'D1'},{'R2'},{'R1'},{'R3'},&,1.0,&
{'D3'},{'D7'},{'D5'},{'D6'},{'D2'},{'D1'},{'D4'},{'R1'},{'R3'},{'R2'},&,1.0,&
{'D3'},{'D7'},{'D5'},{'D6'},{'R2'},{'D4'},{'D1'},{'D2'},{'R1'},{'R3'},&,2.0,&
{'D3'},{'D7'},{'D5'},{'D6'},{'R3'},{'D4'},{'D1'},{'D2'},{'R2'},{'R1'},&,1.0,&
{'D3'},{'D7'},{'D5'},{'R2'},{'D1'},{'D6'},{'D4'},{'R3'},{'D2'},{'R1'},&,1.0,&
{'D3'},{'D7'},{'D5'},{'R3'},{'D6'},{'D4'},{'D1'},{'D2'},{'R2'},{'R1'},&,1.0,&
{'D3'},{'D7'},{'D6'},{'D1'},{'D5'},{'D4'},{'R2'},{'D2'},{'R3'},{'R1'},&,8.0,&
{'D3'},{'D7'},{'D6'},{'D1'},{'D5'},{'D4'},{'R2'},{'D2'},{'R1'},{'R3'},&,7.0,&
{'D3'},{'D7'},{'D6'},{'D1'},{'D5'},{'D4'},{'R2'},{'R3'},{'R1'},{'D2'},&,1.0,&
{'D3'},{'D7'},{'D6'},{'D1'},{'D5'},{'D4'},{'R2'},{'R3'},{'D2'},{'R1'},&,5.0,&
{'D3'},{'D7'},{'D6'},{'D1'},{'D5'},{'D4'},{'R2'},{'R1'},{'R3'},{'D2'},&,2.0,&
{'D3'},{'D7'},{'D6'},{'D1'},{'D5'},{'D4'},{'R2'},{'R1'},{'D2'},{'R3'},&,3.0,&
{'D3'},{'D7'},{'D6'},{'D1'},{'D5'},{'D4'},{'D2'},{'R3'},{'R1'},{'R2'},&,17.0,&
{'D3'},{'D7'},{'D6'},{'D1'},{'D5'},{'D4'},{'D2'},{'R3'},{'R2'},{'R1'},&,54.0,&
{'D3'},{'D7'},{'D6'},{'D1'},{'D5'},{'D4'},{'D2'},{'R2'},{'R3'},{'R1'},&,68.0,&
{'D3'},{'D7'},{'D6'},{'D1'},{'D5'},{'D4'},{'D2'},{'R2'},{'R1'},{'R3'},&,45.0,&
{'D3'},{'D7'},{'D6'},{'D1'},{'D5'},{'D4'},{'D2'},{'R1'},{'R3'},{'R2'},&,22.0,&
{'D3'},{'D7'},{'D6'},{'D1'},{'D5'},{'D4'},{'D2'},{'R1'},{'R2'},{'R3'},&,37.0,&
{'D3'},{'D7'},{'D6'},{'D1'},{'D5'},{'D4'},{'R3'},{'D2'},{'R1'},{'R2'},&,6.0,&
{'D3'},{'D7'},{'D6'},{'D1'},{'D5'},{'D4'},{'R3'},{'D2'},{'R2'},{'R1'},&,9.0,&
{'D3'},{'D7'},{'D6'},{'D1'},{'D5'},{'D4'},{'R3'},{'R2'},{'R1'},{'D2'},&,1.0,&
{'D3'},{'D7'},{'D6'},{'D1'},{'D5'},{'D4'},{'R3'},{'R2'},{'D2'},{'R1'},&,5.0,&
{'D3'},{'D7'},{'D6'},{'D1'},{'D5'},{'D4'},{'R3'},{'R1'},{'D2'},{'R2'},&,3.0,&
{'D3'},{'D7'},{'D6'},{'D1'},{'D5'},{'D4'},{'R1'},{'D2'},{'R3'},{'R2'},&,5.0,&
{'D3'},{'D7'},{'D6'},{'D1'},{'D5'},{'D4'},{'R1'},{'D2'},{'R2'},{'R3'},&,7.0,&
{'D3'},{'D7'},{'D6'},{'D1'},{'D5'},{'D4'},{'R1'},{'R3'},{'D2'},{'R2'},&,2.0,&
{'D3'},{'D7'},{'D6'},{'D1'},{'D5'},{'R2'},{'D2'},{'R1'},{'R3'},{'D4'},&,1.0,&
{'D3'},{'D7'},{'D6'},{'D1'},{'D5'},{'R2'},{'D4'},{'D2'},{'R3'},{'R1'},&,4.0,&
{'D3'},{'D7'},{'D6'},{'D1'},{'D5'},{'R2'},{'D4'},{'D2'},{'R1'},{'R3'},&,1.0,&
{'D3'},{'D7'},{'D6'},{'D1'},{'D5'},{'R2'},{'D4'},{'R3'},{'D2'},{'R1'},&,1.0,&
{'D3'},{'D7'},{'D6'},{'D1'},{'D5'},{'D2'},{'D4'},{'R3'},{'R1'},{'R2'},&,2.0,&
{'D3'},{'D7'},{'D6'},{'D1'},{'D5'},{'D2'},{'D4'},{'R3'},{'R2'},{'R1'},&,1.0,&
{'D3'},{'D7'},{'D6'},{'D1'},{'D5'},{'D2'},{'D4'},{'R2'},{'R3'},{'R1'},&,2.0,&
{'D3'},{'D7'},{'D6'},{'D1'},{'D5'},{'D2'},{'D4'},{'R2'},{'R1'},{'R3'},&,2.0,&
{'D3'},{'D7'},{'D6'},{'D1'},{'D5'},{'D2'},{'D4'},{'R1'},{'R3'},{'R2'},&,2.0,&
{'D3'},{'D7'},{'D6'},{'D1'},{'D5'},{'D2'},{'D4'},{'R1'},{'R2'},{'R3'},&,1.0,&
{'D3'},{'D7'},{'D6'},{'D1'},{'D5'},{'R1'},{'D4'},{'D2'},{'R3'},{'R2'},&,1.0,&
{'D3'},{'D7'},{'D6'},{'D1'},{'D5'},{'R1'},{'D4'},{'D2'},{'R2'},{'R3'},&,1.0,&
{'D3'},{'D7'},{'D6'},{'D1'},{'D5'},{'R3'},{'R1'},{'D4'},{'D2'},{'R2'},&,1.0,&
{'D3'},{'D7'},{'D6'},{'D1'},{'D5'},{'R3'},{'D4'},{'D2'},{'R1'},{'R2'},&,3.0,&
{'D3'},{'D7'},{'D6'},{'D1'},{'D5'},{'R3'},{'D4'},{'D2'},{'R2'},{'R1'},&,1.0,&
{'D3'},{'D7'},{'D6'},{'D1'},{'D5'},{'R3'},{'D4'},{'R2'},{'D2'},{'R1'},&,2.0,&
{'D3'},{'D7'},{'D6'},{'D1'},{'D4'},{'D5'},{'R2'},{'D2'},{'R3'},{'R1'},&,32.0,&
{'D3'},{'D7'},{'D6'},{'D1'},{'D4'},{'D5'},{'R2'},{'D2'},{'R1'},{'R3'},&,29.0,&
{'D3'},{'D7'},{'D6'},{'D1'},{'D4'},{'D5'},{'R2'},{'R3'},{'R1'},{'D2'},&,2.0,&
{'D3'},{'D7'},{'D6'},{'D1'},{'D4'},{'D5'},{'R2'},{'R3'},{'D2'},{'R1'},&,9.0,&
{'D3'},{'D7'},{'D6'},{'D1'},{'D4'},{'D5'},{'R2'},{'R1'},{'D2'},{'R3'},&,7.0,&
{'D3'},{'D7'},{'D6'},{'D1'},{'D4'},{'D5'},{'D2'},{'R3'},{'R1'},{'R2'},&,51.0,&
{'D3'},{'D7'},{'D6'},{'D1'},{'D4'},{'D5'},{'D2'},{'R3'},{'R2'},{'R1'},&,95.0,&
{'D3'},{'D7'},{'D6'},{'D1'},{'D4'},{'D5'},{'D2'},{'R2'},{'R3'},{'R1'},&,132.0,&
{'D3'},{'D7'},{'D6'},{'D1'},{'D4'},{'D5'},{'D2'},{'R2'},{'R1'},{'R3'},&,115.0,&
{'D3'},{'D7'},{'D6'},{'D1'},{'D4'},{'D5'},{'D2'},{'R1'},{'R3'},{'R2'},&,50.0,&
{'D3'},{'D7'},{'D6'},{'D1'},{'D4'},{'D5'},{'D2'},{'R1'},{'R2'},{'R3'},&,71.0,&
{'D3'},{'D7'},{'D6'},{'D1'},{'D4'},{'D5'},{'R3'},{'D2'},{'R1'},{'R2'},&,15.0,&
{'D3'},{'D7'},{'D6'},{'D1'},{'D4'},{'D5'},{'R3'},{'D2'},{'R2'},{'R1'},&,20.0,&
{'D3'},{'D7'},{'D6'},{'D1'},{'D4'},{'D5'},{'R3'},{'R2'},{'R1'},{'D2'},&,2.0,&
{'D3'},{'D7'},{'D6'},{'D1'},{'D4'},{'D5'},{'R3'},{'R2'},{'D2'},{'R1'},&,4.0,&
{'D3'},{'D7'},{'D6'},{'D1'},{'D4'},{'D5'},{'R3'},{'R1'},{'D2'},{'R2'},&,8.0,&
{'D3'},{'D7'},{'D6'},{'D1'},{'D4'},{'D5'},{'R1'},{'D2'},{'R3'},{'R2'},&,15.0,&
{'D3'},{'D7'},{'D6'},{'D1'},{'D4'},{'D5'},{'R1'},{'D2'},{'R2'},{'R3'},&,15.0,&
{'D3'},{'D7'},{'D6'},{'D1'},{'D4'},{'D5'},{'R1'},{'R3'},{'D2'},{'R2'},&,6.0,&
{'D3'},{'D7'},{'D6'},{'D1'},{'D4'},{'D5'},{'R1'},{'R2'},{'R3'},{'D2'},&,1.0,&
{'D3'},{'D7'},{'D6'},{'D1'},{'D4'},{'D5'},{'R1'},{'R2'},{'D2'},{'R3'},&,8.0,&
{'D3'},{'D7'},{'D6'},{'D1'},{'D4'},{'R2'},{'D2'},{'D5'},{'R1'},{'R3'},&,2.0,&
{'D3'},{'D7'},{'D6'},{'D1'},{'D4'},{'R2'},{'D5'},{'D2'},{'R3'},{'R1'},&,4.0,&
{'D3'},{'D7'},{'D6'},{'D1'},{'D4'},{'R2'},{'D5'},{'D2'},{'R1'},{'R3'},&,10.0,&
{'D3'},{'D7'},{'D6'},{'D1'},{'D4'},{'R2'},{'D5'},{'R3'},{'D2'},{'R1'},&,4.0,&
{'D3'},{'D7'},{'D6'},{'D1'},{'D4'},{'R2'},{'D5'},{'R1'},{'R3'},{'D2'},&,1.0,&
{'D3'},{'D7'},{'D6'},{'D1'},{'D4'},{'R2'},{'D5'},{'R1'},{'D2'},{'R3'},&,1.0,&
{'D3'},{'D7'},{'D6'},{'D1'},{'D4'},{'D2'},{'R2'},{'R3'},{'D5'},{'R1'},&,3.0,&
{'D3'},{'D7'},{'D6'},{'D1'},{'D4'},{'D2'},{'R2'},{'R1'},{'D5'},{'R3'},&,1.0,&
{'D3'},{'D7'},{'D6'},{'D1'},{'D4'},{'D2'},{'R2'},{'D5'},{'R3'},{'R1'},&,5.0,&
{'D3'},{'D7'},{'D6'},{'D1'},{'D4'},{'D2'},{'R2'},{'D5'},{'R1'},{'R3'},&,1.0,&
{'D3'},{'D7'},{'D6'},{'D1'},{'D4'},{'D2'},{'R3'},{'R2'},{'D5'},{'R1'},&,2.0,&
{'D3'},{'D7'},{'D6'},{'D1'},{'D4'},{'D2'},{'R3'},{'D5'},{'R1'},{'R2'},&,1.0,&
{'D3'},{'D7'},{'D6'},{'D1'},{'D4'},{'D2'},{'D5'},{'R3'},{'R1'},{'R2'},&,4.0,&
{'D3'},{'D7'},{'D6'},{'D1'},{'D4'},{'D2'},{'D5'},{'R3'},{'R2'},{'R1'},&,10.0,&
{'D3'},{'D7'},{'D6'},{'D1'},{'D4'},{'D2'},{'D5'},{'R2'},{'R3'},{'R1'},&,9.0,&
{'D3'},{'D7'},{'D6'},{'D1'},{'D4'},{'D2'},{'D5'},{'R2'},{'R1'},{'R3'},&,9.0,&
{'D3'},{'D7'},{'D6'},{'D1'},{'D4'},{'D2'},{'D5'},{'R1'},{'R3'},{'R2'},&,4.0,&
{'D3'},{'D7'},{'D6'},{'D1'},{'D4'},{'D2'},{'D5'},{'R1'},{'R2'},{'R3'},&,7.0,&
{'D3'},{'D7'},{'D6'},{'D1'},{'D4'},{'D2'},{'R1'},{'R2'},{'D5'},{'R3'},&,3.0,&
{'D3'},{'D7'},{'D6'},{'D1'},{'D4'},{'D2'},{'R1'},{'D5'},{'R3'},{'R2'},&,3.0,&
{'D3'},{'D7'},{'D6'},{'D1'},{'D4'},{'D2'},{'R1'},{'D5'},{'R2'},{'R3'},&,1.0,&
{'D3'},{'D7'},{'D6'},{'D1'},{'D4'},{'R1'},{'R2'},{'D5'},{'R3'},{'D2'},&,1.0,&
{'D3'},{'D7'},{'D6'},{'D1'},{'D4'},{'R1'},{'D5'},{'D2'},{'R3'},{'R2'},&,4.0,&
{'D3'},{'D7'},{'D6'},{'D1'},{'D4'},{'R1'},{'D5'},{'D2'},{'R2'},{'R3'},&,2.0,&
{'D3'},{'D7'},{'D6'},{'D1'},{'D4'},{'R1'},{'D5'},{'R3'},{'D2'},{'R2'},&,1.0,&
{'D3'},{'D7'},{'D6'},{'D1'},{'D4'},{'R3'},{'R2'},{'D5'},{'D2'},{'R1'},&,1.0,&
{'D3'},{'D7'},{'D6'},{'D1'},{'D4'},{'R3'},{'D2'},{'R2'},{'D5'},{'R1'},&,1.0,&
{'D3'},{'D7'},{'D6'},{'D1'},{'D4'},{'R3'},{'D5'},{'D2'},{'R1'},{'R2'},&,4.0,&
{'D3'},{'D7'},{'D6'},{'D1'},{'D4'},{'R3'},{'D5'},{'D2'},{'R2'},{'R1'},&,5.0,&
{'D3'},{'D7'},{'D6'},{'D1'},{'D4'},{'R3'},{'D5'},{'R2'},{'D2'},{'R1'},&,2.0,&
{'D3'},{'D7'},{'D6'},{'D1'},{'D4'},{'R3'},{'D5'},{'R1'},{'D2'},{'R2'},&,2.0,&
{'D3'},{'D7'},{'D6'},{'D1'},{'D2'},{'D5'},{'R2'},{'D4'},{'R3'},{'R1'},&,1.0,&
{'D3'},{'D7'},{'D6'},{'D1'},{'D2'},{'D5'},{'R3'},{'D4'},{'R2'},{'R1'},&,1.0,&
{'D3'},{'D7'},{'D6'},{'D1'},{'D2'},{'D5'},{'D4'},{'R3'},{'R1'},{'R2'},&,3.0,&
{'D3'},{'D7'},{'D6'},{'D1'},{'D2'},{'D5'},{'D4'},{'R3'},{'R2'},{'R1'},&,2.0,&
{'D3'},{'D7'},{'D6'},{'D1'},{'D2'},{'D5'},{'D4'},{'R2'},{'R3'},{'R1'},&,2.0,&
{'D3'},{'D7'},{'D6'},{'D1'},{'D2'},{'D5'},{'D4'},{'R2'},{'R1'},{'R3'},&,2.0,&
{'D3'},{'D7'},{'D6'},{'D1'},{'D2'},{'D5'},{'D4'},{'R1'},{'R3'},{'R2'},&,1.0,&
{'D3'},{'D7'},{'D6'},{'D1'},{'D2'},{'D4'},{'R2'},{'D5'},{'R3'},{'R1'},&,2.0,&
{'D3'},{'D7'},{'D6'},{'D1'},{'D2'},{'D4'},{'R2'},{'D5'},{'R1'},{'R3'},&,1.0,&
{'D3'},{'D7'},{'D6'},{'D1'},{'D2'},{'D4'},{'R3'},{'D5'},{'R1'},{'R2'},&,1.0,&
{'D3'},{'D7'},{'D6'},{'D1'},{'D2'},{'D4'},{'R3'},{'D5'},{'R2'},{'R1'},&,1.0,&
{'D3'},{'D7'},{'D6'},{'D1'},{'D2'},{'D4'},{'D5'},{'R3'},{'R1'},{'R2'},&,3.0,&
{'D3'},{'D7'},{'D6'},{'D1'},{'D2'},{'D4'},{'D5'},{'R3'},{'R2'},{'R1'},&,4.0,&
{'D3'},{'D7'},{'D6'},{'D1'},{'D2'},{'D4'},{'D5'},{'R2'},{'R3'},{'R1'},&,8.0,&
{'D3'},{'D7'},{'D6'},{'D1'},{'D2'},{'D4'},{'D5'},{'R2'},{'R1'},{'R3'},&,2.0,&
{'D3'},{'D7'},{'D6'},{'D1'},{'D2'},{'D4'},{'D5'},{'R1'},{'R2'},{'R3'},&,1.0,&
{'D3'},{'D7'},{'D6'},{'D1'},{'D2'},{'R3'},{'D4'},{'R2'},{'R1'},{'D5'},&,1.0,&
{'D3'},{'D7'},{'D6'},{'D1'},{'D2'},{'R3'},{'D4'},{'R2'},{'D5'},{'R1'},&,1.0,&
{'D3'},{'D7'},{'D6'},{'D1'},{'D2'},{'R3'},{'D4'},{'D5'},{'R2'},{'R1'},&,1.0,&
{'D3'},{'D7'},{'D6'},{'D1'},{'R1'},{'D5'},{'D4'},{'D2'},{'R3'},{'R2'},&,1.0,&
{'D3'},{'D7'},{'D6'},{'D1'},{'R1'},{'D4'},{'D5'},{'D2'},{'R2'},{'R3'},&,1.0,&
{'D3'},{'D7'},{'D6'},{'D1'},{'R1'},{'D4'},{'D5'},{'R3'},{'D2'},{'R2'},&,2.0,&
{'D3'},{'D7'},{'D6'},{'D1'},{'R1'},{'D4'},{'D5'},{'R2'},{'R3'},{'D2'},&,1.0,&
{'D3'},{'D7'},{'D6'},{'D1'},{'R1'},{'D4'},{'D5'},{'R2'},{'D2'},{'R3'},&,1.0,&
{'D3'},{'D7'},{'D6'},{'D1'},{'R2'},{'D5'},{'D4'},{'D2'},{'R1'},{'R3'},&,1.0,&
{'D3'},{'D7'},{'D6'},{'D1'},{'R2'},{'D4'},{'D2'},{'D5'},{'R3'},{'R1'},&,1.0,&
{'D3'},{'D7'},{'D6'},{'D1'},{'R2'},{'D4'},{'D5'},{'D2'},{'R3'},{'R1'},&,1.0,&
{'D3'},{'D7'},{'D6'},{'D1'},{'R2'},{'D4'},{'D5'},{'D2'},{'R1'},{'R3'},&,1.0,&
{'D3'},{'D7'},{'D6'},{'D1'},{'R2'},{'D4'},{'R1'},{'D2'},{'D5'},{'R3'},&,1.0,&
{'D3'},{'D7'},{'D6'},{'D1'},{'R2'},{'D2'},{'D5'},{'R1'},{'D4'},{'R3'},&,1.0,&
{'D3'},{'D7'},{'D6'},{'D1'},{'R3'},{'D5'},{'D4'},{'D2'},{'R1'},{'R2'},&,1.0,&
{'D3'},{'D7'},{'D6'},{'D1'},{'R3'},{'D4'},{'R2'},{'D5'},{'D2'},{'R1'},&,2.0,&
{'D3'},{'D7'},{'D6'},{'D1'},{'R3'},{'D4'},{'D2'},{'R2'},{'D5'},{'R1'},&,1.0,&
{'D3'},{'D7'},{'D6'},{'D1'},{'R3'},{'D4'},{'D5'},{'D2'},{'R1'},{'R2'},&,2.0,&
{'D3'},{'D7'},{'D6'},{'D1'},{'R3'},{'D4'},{'D5'},{'D2'},{'R2'},{'R1'},&,2.0,&
{'D3'},{'D7'},{'D6'},{'D5'},{'D1'},{'D4'},{'R2'},{'D2'},{'R3'},{'R1'},&,20.0,&
{'D3'},{'D7'},{'D6'},{'D5'},{'D1'},{'D4'},{'R2'},{'D2'},{'R1'},{'R3'},&,12.0,&
{'D3'},{'D7'},{'D6'},{'D5'},{'D1'},{'D4'},{'R2'},{'R3'},{'D2'},{'R1'},&,4.0,&
{'D3'},{'D7'},{'D6'},{'D5'},{'D1'},{'D4'},{'R2'},{'R1'},{'D2'},{'R3'},&,2.0,&
{'D3'},{'D7'},{'D6'},{'D5'},{'D1'},{'D4'},{'D2'},{'R3'},{'R1'},{'R2'},&,22.0,&
{'D3'},{'D7'},{'D6'},{'D5'},{'D1'},{'D4'},{'D2'},{'R3'},{'R2'},{'R1'},&,42.0,&
{'D3'},{'D7'},{'D6'},{'D5'},{'D1'},{'D4'},{'D2'},{'R2'},{'R3'},{'R1'},&,61.0,&
{'D3'},{'D7'},{'D6'},{'D5'},{'D1'},{'D4'},{'D2'},{'R2'},{'R1'},{'R3'},&,44.0,&
{'D3'},{'D7'},{'D6'},{'D5'},{'D1'},{'D4'},{'D2'},{'R1'},{'R3'},{'R2'},&,23.0,&
{'D3'},{'D7'},{'D6'},{'D5'},{'D1'},{'D4'},{'D2'},{'R1'},{'R2'},{'R3'},&,27.0,&
{'D3'},{'D7'},{'D6'},{'D5'},{'D1'},{'D4'},{'R3'},{'D2'},{'R1'},{'R2'},&,8.0,&
{'D3'},{'D7'},{'D6'},{'D5'},{'D1'},{'D4'},{'R3'},{'D2'},{'R2'},{'R1'},&,12.0,&
{'D3'},{'D7'},{'D6'},{'D5'},{'D1'},{'D4'},{'R3'},{'R2'},{'D2'},{'R1'},&,1.0,&
{'D3'},{'D7'},{'D6'},{'D5'},{'D1'},{'D4'},{'R1'},{'D2'},{'R3'},{'R2'},&,6.0,&
{'D3'},{'D7'},{'D6'},{'D5'},{'D1'},{'D4'},{'R1'},{'D2'},{'R2'},{'R3'},&,8.0,&
{'D3'},{'D7'},{'D6'},{'D5'},{'D1'},{'D4'},{'R1'},{'R3'},{'D2'},{'R2'},&,1.0,&
{'D3'},{'D7'},{'D6'},{'D5'},{'D1'},{'D4'},{'R1'},{'R2'},{'D2'},{'R3'},&,3.0,&
{'D3'},{'D7'},{'D6'},{'D5'},{'D1'},{'R2'},{'D4'},{'D2'},{'R3'},{'R1'},&,1.0,&
{'D3'},{'D7'},{'D6'},{'D5'},{'D1'},{'R2'},{'D4'},{'D2'},{'R1'},{'R3'},&,3.0,&
{'D3'},{'D7'},{'D6'},{'D5'},{'D1'},{'R2'},{'D4'},{'R3'},{'D2'},{'R1'},&,2.0,&
{'D3'},{'D7'},{'D6'},{'D5'},{'D1'},{'D2'},{'R2'},{'D4'},{'R3'},{'R1'},&,1.0,&
{'D3'},{'D7'},{'D6'},{'D5'},{'D1'},{'D2'},{'R2'},{'D4'},{'R1'},{'R3'},&,1.0,&
{'D3'},{'D7'},{'D6'},{'D5'},{'D1'},{'D2'},{'D4'},{'R3'},{'R1'},{'R2'},&,1.0,&
{'D3'},{'D7'},{'D6'},{'D5'},{'D1'},{'D2'},{'D4'},{'R2'},{'R3'},{'R1'},&,2.0,&
{'D3'},{'D7'},{'D6'},{'D5'},{'D1'},{'D2'},{'D4'},{'R2'},{'R1'},{'R3'},&,2.0,&
{'D3'},{'D7'},{'D6'},{'D5'},{'D1'},{'D2'},{'D4'},{'R1'},{'R2'},{'R3'},&,4.0,&
{'D3'},{'D7'},{'D6'},{'D5'},{'D1'},{'R1'},{'D4'},{'D2'},{'R3'},{'R2'},&,2.0,&
{'D3'},{'D7'},{'D6'},{'D5'},{'D1'},{'R1'},{'D4'},{'D2'},{'R2'},{'R3'},&,3.0,&
{'D3'},{'D7'},{'D6'},{'D5'},{'D1'},{'R1'},{'D4'},{'R2'},{'D2'},{'R3'},&,1.0,&
{'D3'},{'D7'},{'D6'},{'D5'},{'D1'},{'R3'},{'D4'},{'D2'},{'R2'},{'R1'},&,4.0,&
{'D3'},{'D7'},{'D6'},{'D5'},{'D1'},{'R3'},{'D4'},{'R2'},{'D2'},{'R1'},&,1.0,&
{'D3'},{'D7'},{'D6'},{'D5'},{'D4'},{'D1'},{'R2'},{'D2'},{'R3'},{'R1'},&,17.0,&
{'D3'},{'D7'},{'D6'},{'D5'},{'D4'},{'D1'},{'R2'},{'D2'},{'R1'},{'R3'},&,15.0,&
{'D3'},{'D7'},{'D6'},{'D5'},{'D4'},{'D1'},{'R2'},{'R3'},{'D2'},{'R1'},&,3.0,&
{'D3'},{'D7'},{'D6'},{'D5'},{'D4'},{'D1'},{'R2'},{'R1'},{'R3'},{'D2'},&,1.0,&
{'D3'},{'D7'},{'D6'},{'D5'},{'D4'},{'D1'},{'R2'},{'R1'},{'D2'},{'R3'},&,3.0,&
{'D3'},{'D7'},{'D6'},{'D5'},{'D4'},{'D1'},{'D2'},{'R3'},{'R1'},{'R2'},&,39.0,&
{'D3'},{'D7'},{'D6'},{'D5'},{'D4'},{'D1'},{'D2'},{'R3'},{'R2'},{'R1'},&,49.0,&
{'D3'},{'D7'},{'D6'},{'D5'},{'D4'},{'D1'},{'D2'},{'R2'},{'R3'},{'R1'},&,69.0,&
{'D3'},{'D7'},{'D6'},{'D5'},{'D4'},{'D1'},{'D2'},{'R2'},{'R1'},{'R3'},&,52.0,&
{'D3'},{'D7'},{'D6'},{'D5'},{'D4'},{'D1'},{'D2'},{'R1'},{'R3'},{'R2'},&,28.0,&
{'D3'},{'D7'},{'D6'},{'D5'},{'D4'},{'D1'},{'D2'},{'R1'},{'R2'},{'R3'},&,53.0,&
{'D3'},{'D7'},{'D6'},{'D5'},{'D4'},{'D1'},{'R3'},{'D2'},{'R1'},{'R2'},&,9.0,&
{'D3'},{'D7'},{'D6'},{'D5'},{'D4'},{'D1'},{'R3'},{'D2'},{'R2'},{'R1'},&,17.0,&
{'D3'},{'D7'},{'D6'},{'D5'},{'D4'},{'D1'},{'R3'},{'R2'},{'D2'},{'R1'},&,2.0,&
{'D3'},{'D7'},{'D6'},{'D5'},{'D4'},{'D1'},{'R3'},{'R1'},{'D2'},{'R2'},&,4.0,&
{'D3'},{'D7'},{'D6'},{'D5'},{'D4'},{'D1'},{'R3'},{'R1'},{'R2'},{'D2'},&,1.0,&
{'D3'},{'D7'},{'D6'},{'D5'},{'D4'},{'D1'},{'R1'},{'D2'},{'R3'},{'R2'},&,13.0,&
{'D3'},{'D7'},{'D6'},{'D5'},{'D4'},{'D1'},{'R1'},{'D2'},{'R2'},{'R3'},&,11.0,&
{'D3'},{'D7'},{'D6'},{'D5'},{'D4'},{'D1'},{'R1'},{'R2'},{'D2'},{'R3'},&,2.0,&
{'D3'},{'D7'},{'D6'},{'D5'},{'D4'},{'R2'},{'D1'},{'D2'},{'R3'},{'R1'},&,5.0,&
{'D3'},{'D7'},{'D6'},{'D5'},{'D4'},{'R2'},{'D1'},{'D2'},{'R1'},{'R3'},&,4.0,&
{'D3'},{'D7'},{'D6'},{'D5'},{'D4'},{'R2'},{'D1'},{'R1'},{'R3'},{'D2'},&,1.0,&
{'D3'},{'D7'},{'D6'},{'D5'},{'D4'},{'D2'},{'R2'},{'D1'},{'R3'},{'R1'},&,3.0,&
{'D3'},{'D7'},{'D6'},{'D5'},{'D4'},{'D2'},{'R2'},{'D1'},{'R1'},{'R3'},&,1.0,&
{'D3'},{'D7'},{'D6'},{'D5'},{'D4'},{'D2'},{'R3'},{'R2'},{'R1'},{'D1'},&,1.0,&
{'D3'},{'D7'},{'D6'},{'D5'},{'D4'},{'D2'},{'R3'},{'R2'},{'D1'},{'R1'},&,2.0,&
{'D3'},{'D7'},{'D6'},{'D5'},{'D4'},{'D2'},{'R3'},{'D1'},{'R2'},{'R1'},&,1.0,&
{'D3'},{'D7'},{'D6'},{'D5'},{'D4'},{'D2'},{'D1'},{'R3'},{'R1'},{'R2'},&,2.0,&
{'D3'},{'D7'},{'D6'},{'D5'},{'D4'},{'D2'},{'D1'},{'R3'},{'R2'},{'R1'},&,6.0,&
{'D3'},{'D7'},{'D6'},{'D5'},{'D4'},{'D2'},{'D1'},{'R2'},{'R3'},{'R1'},&,5.0,&
{'D3'},{'D7'},{'D6'},{'D5'},{'D4'},{'D2'},{'D1'},{'R2'},{'R1'},{'R3'},&,2.0,&
{'D3'},{'D7'},{'D6'},{'D5'},{'D4'},{'D2'},{'D1'},{'R1'},{'R3'},{'R2'},&,4.0,&
{'D3'},{'D7'},{'D6'},{'D5'},{'D4'},{'D2'},{'D1'},{'R1'},{'R2'},{'R3'},&,2.0,&
{'D3'},{'D7'},{'D6'},{'D5'},{'D4'},{'R1'},{'R2'},{'D1'},{'D2'},{'R3'},&,1.0,&
{'D3'},{'D7'},{'D6'},{'D5'},{'D4'},{'R1'},{'D2'},{'D1'},{'R3'},{'R2'},&,1.0,&
{'D3'},{'D7'},{'D6'},{'D5'},{'D4'},{'R1'},{'D1'},{'D2'},{'R3'},{'R2'},&,2.0,&
{'D3'},{'D7'},{'D6'},{'D5'},{'D4'},{'R1'},{'D1'},{'R3'},{'R2'},{'D2'},&,1.0,&
{'D3'},{'D7'},{'D6'},{'D5'},{'D4'},{'R1'},{'D1'},{'R2'},{'D2'},{'R3'},&,2.0,&
{'D3'},{'D7'},{'D6'},{'D5'},{'D4'},{'R3'},{'R2'},{'D1'},{'D2'},{'R1'},&,1.0,&
{'D3'},{'D7'},{'D6'},{'D5'},{'D4'},{'R3'},{'R1'},{'D1'},{'D2'},{'R2'},&,1.0,&
{'D3'},{'D7'},{'D6'},{'D5'},{'D4'},{'R3'},{'D1'},{'D2'},{'R1'},{'R2'},&,4.0,&
{'D3'},{'D7'},{'D6'},{'D5'},{'D4'},{'R3'},{'D1'},{'D2'},{'R2'},{'R1'},&,3.0,&
{'D3'},{'D7'},{'D6'},{'D5'},{'D2'},{'D4'},{'R2'},{'D1'},{'R3'},{'R1'},&,1.0,&
{'D3'},{'D7'},{'D6'},{'D5'},{'D2'},{'D4'},{'R3'},{'D1'},{'R2'},{'R1'},&,1.0,&
{'D3'},{'D7'},{'D6'},{'D5'},{'D2'},{'D4'},{'R1'},{'R2'},{'D1'},{'R3'},&,1.0,&
{'D3'},{'D7'},{'D6'},{'D5'},{'D2'},{'D4'},{'D1'},{'R3'},{'R1'},{'R2'},&,1.0,&
{'D3'},{'D7'},{'D6'},{'D5'},{'D2'},{'D4'},{'D1'},{'R3'},{'R2'},{'R1'},&,2.0,&
{'D3'},{'D7'},{'D6'},{'D5'},{'D2'},{'D4'},{'D1'},{'R2'},{'R3'},{'R1'},&,2.0,&
{'D3'},{'D7'},{'D6'},{'D5'},{'D2'},{'D4'},{'D1'},{'R2'},{'R1'},{'R3'},&,2.0,&
{'D3'},{'D7'},{'D6'},{'D5'},{'D2'},{'D4'},{'D1'},{'R1'},{'R3'},{'R2'},&,1.0,&
{'D3'},{'D7'},{'D6'},{'D5'},{'D2'},{'D4'},{'D1'},{'R1'},{'R2'},{'R3'},&,3.0,&
{'D3'},{'D7'},{'D6'},{'D5'},{'D2'},{'D1'},{'D4'},{'R2'},{'R1'},{'R3'},&,1.0,&
{'D3'},{'D7'},{'D6'},{'D5'},{'D2'},{'D1'},{'D4'},{'R1'},{'R2'},{'R3'},&,1.0,&
{'D3'},{'D7'},{'D6'},{'D5'},{'R1'},{'D1'},{'D4'},{'D2'},{'R2'},{'R3'},&,1.0,&
{'D3'},{'D7'},{'D6'},{'D5'},{'R2'},{'D4'},{'D1'},{'D2'},{'R1'},{'R3'},&,3.0,&
{'D3'},{'D7'},{'D6'},{'D5'},{'R2'},{'D1'},{'D4'},{'D2'},{'R3'},{'R1'},&,1.0,&
{'D3'},{'D7'},{'D6'},{'D5'},{'R2'},{'D2'},{'D4'},{'R1'},{'D1'},{'R3'},&,1.0,&
{'D3'},{'D7'},{'D6'},{'D5'},{'R3'},{'D4'},{'D1'},{'D2'},{'R1'},{'R2'},&,2.0,&
{'D3'},{'D7'},{'D6'},{'D5'},{'R3'},{'D4'},{'D1'},{'D2'},{'R2'},{'R1'},&,3.0,&
{'D3'},{'D7'},{'D6'},{'D4'},{'D1'},{'D5'},{'R2'},{'D2'},{'R3'},{'R1'},&,51.0,&
{'D3'},{'D7'},{'D6'},{'D4'},{'D1'},{'D5'},{'R2'},{'D2'},{'R1'},{'R3'},&,45.0,&
{'D3'},{'D7'},{'D6'},{'D4'},{'D1'},{'D5'},{'R2'},{'R3'},{'R1'},{'D2'},&,4.0,&
{'D3'},{'D7'},{'D6'},{'D4'},{'D1'},{'D5'},{'R2'},{'R3'},{'D2'},{'R1'},&,10.0,&
{'D3'},{'D7'},{'D6'},{'D4'},{'D1'},{'D5'},{'R2'},{'R1'},{'R3'},{'D2'},&,3.0,&
{'D3'},{'D7'},{'D6'},{'D4'},{'D1'},{'D5'},{'R2'},{'R1'},{'D2'},{'R3'},&,6.0,&
{'D3'},{'D7'},{'D6'},{'D4'},{'D1'},{'D5'},{'D2'},{'R3'},{'R1'},{'R2'},&,63.0,&
{'D3'},{'D7'},{'D6'},{'D4'},{'D1'},{'D5'},{'D2'},{'R3'},{'R2'},{'R1'},&,153.0,&
{'D3'},{'D7'},{'D6'},{'D4'},{'D1'},{'D5'},{'D2'},{'R2'},{'R3'},{'R1'},&,171.0,&
{'D3'},{'D7'},{'D6'},{'D4'},{'D1'},{'D5'},{'D2'},{'R2'},{'R1'},{'R3'},&,147.0,&
{'D3'},{'D7'},{'D6'},{'D4'},{'D1'},{'D5'},{'D2'},{'R1'},{'R3'},{'R2'},&,62.0,&
{'D3'},{'D7'},{'D6'},{'D4'},{'D1'},{'D5'},{'D2'},{'R1'},{'R2'},{'R3'},&,101.0,&
{'D3'},{'D7'},{'D6'},{'D4'},{'D1'},{'D5'},{'R3'},{'D2'},{'R1'},{'R2'},&,19.0,&
{'D3'},{'D7'},{'D6'},{'D4'},{'D1'},{'D5'},{'R3'},{'D2'},{'R2'},{'R1'},&,41.0,&
{'D3'},{'D7'},{'D6'},{'D4'},{'D1'},{'D5'},{'R3'},{'R2'},{'R1'},{'D2'},&,1.0,&
{'D3'},{'D7'},{'D6'},{'D4'},{'D1'},{'D5'},{'R3'},{'R2'},{'D2'},{'R1'},&,6.0,&
{'D3'},{'D7'},{'D6'},{'D4'},{'D1'},{'D5'},{'R3'},{'R1'},{'D2'},{'R2'},&,6.0,&
{'D3'},{'D7'},{'D6'},{'D4'},{'D1'},{'D5'},{'R3'},{'R1'},{'R2'},{'D2'},&,1.0,&
{'D3'},{'D7'},{'D6'},{'D4'},{'D1'},{'D5'},{'R1'},{'D2'},{'R3'},{'R2'},&,18.0,&
{'D3'},{'D7'},{'D6'},{'D4'},{'D1'},{'D5'},{'R1'},{'D2'},{'R2'},{'R3'},&,30.0,&
{'D3'},{'D7'},{'D6'},{'D4'},{'D1'},{'D5'},{'R1'},{'R3'},{'D2'},{'R2'},&,6.0,&
{'D3'},{'D7'},{'D6'},{'D4'},{'D1'},{'D5'},{'R1'},{'R3'},{'R2'},{'D2'},&,2.0,&
{'D3'},{'D7'},{'D6'},{'D4'},{'D1'},{'D5'},{'R1'},{'R2'},{'R3'},{'D2'},&,3.0,&
{'D3'},{'D7'},{'D6'},{'D4'},{'D1'},{'D5'},{'R1'},{'R2'},{'D2'},{'R3'},&,3.0,&
{'D3'},{'D7'},{'D6'},{'D4'},{'D1'},{'R2'},{'D2'},{'R3'},{'D5'},{'R1'},&,1.0,&
{'D3'},{'D7'},{'D6'},{'D4'},{'D1'},{'R2'},{'D2'},{'D5'},{'R3'},{'R1'},&,1.0,&
{'D3'},{'D7'},{'D6'},{'D4'},{'D1'},{'R2'},{'D5'},{'D2'},{'R3'},{'R1'},&,10.0,&
{'D3'},{'D7'},{'D6'},{'D4'},{'D1'},{'R2'},{'D5'},{'D2'},{'R1'},{'R3'},&,10.0,&
{'D3'},{'D7'},{'D6'},{'D4'},{'D1'},{'R2'},{'D5'},{'R3'},{'D2'},{'R1'},&,4.0,&
{'D3'},{'D7'},{'D6'},{'D4'},{'D1'},{'R2'},{'D5'},{'R1'},{'D2'},{'R3'},&,3.0,&
{'D3'},{'D7'},{'D6'},{'D4'},{'D1'},{'D2'},{'R2'},{'R3'},{'R1'},{'D5'},&,1.0,&
{'D3'},{'D7'},{'D6'},{'D4'},{'D1'},{'D2'},{'R2'},{'R3'},{'D5'},{'R1'},&,3.0,&
{'D3'},{'D7'},{'D6'},{'D4'},{'D1'},{'D2'},{'R2'},{'D5'},{'R3'},{'R1'},&,4.0,&
{'D3'},{'D7'},{'D6'},{'D4'},{'D1'},{'D2'},{'R2'},{'D5'},{'R1'},{'R3'},&,3.0,&
{'D3'},{'D7'},{'D6'},{'D4'},{'D1'},{'D2'},{'R3'},{'R1'},{'R2'},{'D5'},&,1.0,&
{'D3'},{'D7'},{'D6'},{'D4'},{'D1'},{'D2'},{'R3'},{'D5'},{'R1'},{'R2'},&,3.0,&
{'D3'},{'D7'},{'D6'},{'D4'},{'D1'},{'D2'},{'R3'},{'D5'},{'R2'},{'R1'},&,5.0,&
{'D3'},{'D7'},{'D6'},{'D4'},{'D1'},{'D2'},{'D5'},{'R3'},{'R1'},{'R2'},&,9.0,&
{'D3'},{'D7'},{'D6'},{'D4'},{'D1'},{'D2'},{'D5'},{'R3'},{'R2'},{'R1'},&,13.0,&
{'D3'},{'D7'},{'D6'},{'D4'},{'D1'},{'D2'},{'D5'},{'R2'},{'R3'},{'R1'},&,21.0,&
{'D3'},{'D7'},{'D6'},{'D4'},{'D1'},{'D2'},{'D5'},{'R2'},{'R1'},{'R3'},&,14.0,&
{'D3'},{'D7'},{'D6'},{'D4'},{'D1'},{'D2'},{'D5'},{'R1'},{'R3'},{'R2'},&,5.0,&
{'D3'},{'D7'},{'D6'},{'D4'},{'D1'},{'D2'},{'D5'},{'R1'},{'R2'},{'R3'},&,15.0,&
{'D3'},{'D7'},{'D6'},{'D4'},{'D1'},{'D2'},{'R1'},{'D5'},{'R2'},{'R3'},&,3.0,&
{'D3'},{'D7'},{'D6'},{'D4'},{'D1'},{'R1'},{'R2'},{'D5'},{'D2'},{'R3'},&,2.0,&
{'D3'},{'D7'},{'D6'},{'D4'},{'D1'},{'R1'},{'D2'},{'D5'},{'R2'},{'R3'},&,2.0,&
{'D3'},{'D7'},{'D6'},{'D4'},{'D1'},{'R1'},{'R3'},{'D5'},{'D2'},{'R2'},&,1.0,&
{'D3'},{'D7'},{'D6'},{'D4'},{'D1'},{'R1'},{'D5'},{'D2'},{'R3'},{'R2'},&,11.0,&
{'D3'},{'D7'},{'D6'},{'D4'},{'D1'},{'R1'},{'D5'},{'D2'},{'R2'},{'R3'},&,5.0,&
{'D3'},{'D7'},{'D6'},{'D4'},{'D1'},{'R1'},{'D5'},{'R3'},{'D2'},{'R2'},&,1.0,&
{'D3'},{'D7'},{'D6'},{'D4'},{'D1'},{'R1'},{'D5'},{'R3'},{'R2'},{'D2'},&,1.0,&
{'D3'},{'D7'},{'D6'},{'D4'},{'D1'},{'R1'},{'D5'},{'R2'},{'R3'},{'D2'},&,1.0,&
{'D3'},{'D7'},{'D6'},{'D4'},{'D1'},{'R1'},{'D5'},{'R2'},{'D2'},{'R3'},&,1.0,&
{'D3'},{'D7'},{'D6'},{'D4'},{'D1'},{'R3'},{'D2'},{'D5'},{'R2'},{'R1'},&,1.0,&
{'D3'},{'D7'},{'D6'},{'D4'},{'D1'},{'R3'},{'D5'},{'D2'},{'R1'},{'R2'},&,4.0,&
{'D3'},{'D7'},{'D6'},{'D4'},{'D1'},{'R3'},{'D5'},{'D2'},{'R2'},{'R1'},&,9.0,&
{'D3'},{'D7'},{'D6'},{'D4'},{'D1'},{'R3'},{'D5'},{'R2'},{'R1'},{'D2'},&,1.0,&
{'D3'},{'D7'},{'D6'},{'D4'},{'D1'},{'R3'},{'D5'},{'R2'},{'D2'},{'R1'},&,4.0,&
{'D3'},{'D7'},{'D6'},{'D4'},{'D5'},{'D1'},{'R2'},{'D2'},{'R3'},{'R1'},&,23.0,&
{'D3'},{'D7'},{'D6'},{'D4'},{'D5'},{'D1'},{'R2'},{'D2'},{'R1'},{'R3'},&,21.0,&
{'D3'},{'D7'},{'D6'},{'D4'},{'D5'},{'D1'},{'R2'},{'R3'},{'R1'},{'D2'},&,1.0,&
{'D3'},{'D7'},{'D6'},{'D4'},{'D5'},{'D1'},{'R2'},{'R3'},{'D2'},{'R1'},&,2.0,&
{'D3'},{'D7'},{'D6'},{'D4'},{'D5'},{'D1'},{'R2'},{'R1'},{'R3'},{'D2'},&,1.0,&
{'D3'},{'D7'},{'D6'},{'D4'},{'D5'},{'D1'},{'R2'},{'R1'},{'D2'},{'R3'},&,6.0,&
{'D3'},{'D7'},{'D6'},{'D4'},{'D5'},{'D1'},{'D2'},{'R3'},{'R1'},{'R2'},&,48.0,&
{'D3'},{'D7'},{'D6'},{'D4'},{'D5'},{'D1'},{'D2'},{'R3'},{'R2'},{'R1'},&,69.0,&
{'D3'},{'D7'},{'D6'},{'D4'},{'D5'},{'D1'},{'D2'},{'R2'},{'R3'},{'R1'},&,113.0,&
{'D3'},{'D7'},{'D6'},{'D4'},{'D5'},{'D1'},{'D2'},{'R2'},{'R1'},{'R3'},&,91.0,&
{'D3'},{'D7'},{'D6'},{'D4'},{'D5'},{'D1'},{'D2'},{'R1'},{'R3'},{'R2'},&,48.0,&
{'D3'},{'D7'},{'D6'},{'D4'},{'D5'},{'D1'},{'D2'},{'R1'},{'R2'},{'R3'},&,64.0,&
{'D3'},{'D7'},{'D6'},{'D4'},{'D5'},{'D1'},{'R3'},{'D2'},{'R1'},{'R2'},&,12.0,&
{'D3'},{'D7'},{'D6'},{'D4'},{'D5'},{'D1'},{'R3'},{'D2'},{'R2'},{'R1'},&,22.0,&
{'D3'},{'D7'},{'D6'},{'D4'},{'D5'},{'D1'},{'R3'},{'R2'},{'R1'},{'D2'},&,1.0,&
{'D3'},{'D7'},{'D6'},{'D4'},{'D5'},{'D1'},{'R3'},{'R2'},{'D2'},{'R1'},&,4.0,&
{'D3'},{'D7'},{'D6'},{'D4'},{'D5'},{'D1'},{'R3'},{'R1'},{'D2'},{'R2'},&,3.0,&
{'D3'},{'D7'},{'D6'},{'D4'},{'D5'},{'D1'},{'R1'},{'D2'},{'R3'},{'R2'},&,14.0,&
{'D3'},{'D7'},{'D6'},{'D4'},{'D5'},{'D1'},{'R1'},{'D2'},{'R2'},{'R3'},&,15.0,&
{'D3'},{'D7'},{'D6'},{'D4'},{'D5'},{'D1'},{'R1'},{'R3'},{'D2'},{'R2'},&,1.0,&
{'D3'},{'D7'},{'D6'},{'D4'},{'D5'},{'D1'},{'R1'},{'R3'},{'R2'},{'D2'},&,2.0,&
{'D3'},{'D7'},{'D6'},{'D4'},{'D5'},{'D1'},{'R1'},{'R2'},{'R3'},{'D2'},&,3.0,&
{'D3'},{'D7'},{'D6'},{'D4'},{'D5'},{'D1'},{'R1'},{'R2'},{'D2'},{'R3'},&,5.0,&
{'D3'},{'D7'},{'D6'},{'D4'},{'D5'},{'R2'},{'R1'},{'D1'},{'D2'},{'R3'},&,1.0,&
{'D3'},{'D7'},{'D6'},{'D4'},{'D5'},{'R2'},{'D1'},{'D2'},{'R3'},{'R1'},&,9.0,&
{'D3'},{'D7'},{'D6'},{'D4'},{'D5'},{'R2'},{'D1'},{'D2'},{'R1'},{'R3'},&,6.0,&
{'D3'},{'D7'},{'D6'},{'D4'},{'D5'},{'R2'},{'D1'},{'R3'},{'D2'},{'R1'},&,2.0,&
{'D3'},{'D7'},{'D6'},{'D4'},{'D5'},{'R2'},{'D1'},{'R1'},{'D2'},{'R3'},&,1.0,&
{'D3'},{'D7'},{'D6'},{'D4'},{'D5'},{'D2'},{'R2'},{'R3'},{'D1'},{'R1'},&,1.0,&
{'D3'},{'D7'},{'D6'},{'D4'},{'D5'},{'D2'},{'R2'},{'D1'},{'R3'},{'R1'},&,2.0,&
{'D3'},{'D7'},{'D6'},{'D4'},{'D5'},{'D2'},{'R3'},{'D1'},{'R2'},{'R1'},&,2.0,&
{'D3'},{'D7'},{'D6'},{'D4'},{'D5'},{'D2'},{'R1'},{'D1'},{'R3'},{'R2'},&,1.0,&
{'D3'},{'D7'},{'D6'},{'D4'},{'D5'},{'D2'},{'R1'},{'D1'},{'R2'},{'R3'},&,2.0,&
{'D3'},{'D7'},{'D6'},{'D4'},{'D5'},{'D2'},{'D1'},{'R3'},{'R1'},{'R2'},&,2.0,&
{'D3'},{'D7'},{'D6'},{'D4'},{'D5'},{'D2'},{'D1'},{'R3'},{'R2'},{'R1'},&,5.0,&
{'D3'},{'D7'},{'D6'},{'D4'},{'D5'},{'D2'},{'D1'},{'R2'},{'R3'},{'R1'},&,3.0,&
{'D3'},{'D7'},{'D6'},{'D4'},{'D5'},{'D2'},{'D1'},{'R2'},{'R1'},{'R3'},&,3.0,&
{'D3'},{'D7'},{'D6'},{'D4'},{'D5'},{'D2'},{'D1'},{'R1'},{'R3'},{'R2'},&,1.0,&
{'D3'},{'D7'},{'D6'},{'D4'},{'D5'},{'D2'},{'D1'},{'R1'},{'R2'},{'R3'},&,1.0,&
{'D3'},{'D7'},{'D6'},{'D4'},{'D5'},{'R1'},{'R2'},{'R3'},{'D1'},{'D2'},&,1.0,&
{'D3'},{'D7'},{'D6'},{'D4'},{'D5'},{'R1'},{'D2'},{'D1'},{'R2'},{'R3'},&,1.0,&
{'D3'},{'D7'},{'D6'},{'D4'},{'D5'},{'R1'},{'D1'},{'D2'},{'R2'},{'R3'},&,2.0,&
{'D3'},{'D7'},{'D6'},{'D4'},{'D5'},{'R1'},{'D1'},{'R2'},{'D2'},{'R3'},&,2.0,&
{'D3'},{'D7'},{'D6'},{'D4'},{'D5'},{'R3'},{'D2'},{'D1'},{'R2'},{'R1'},&,1.0,&
{'D3'},{'D7'},{'D6'},{'D4'},{'D5'},{'R3'},{'D1'},{'D2'},{'R1'},{'R2'},&,3.0,&
{'D3'},{'D7'},{'D6'},{'D4'},{'D5'},{'R3'},{'D1'},{'D2'},{'R2'},{'R1'},&,5.0,&
{'D3'},{'D7'},{'D6'},{'D4'},{'D5'},{'R3'},{'D1'},{'R2'},{'R1'},{'D2'},&,1.0,&
{'D3'},{'D7'},{'D6'},{'D4'},{'D5'},{'R3'},{'D1'},{'R2'},{'D2'},{'R1'},&,3.0,&
{'D3'},{'D7'},{'D6'},{'D4'},{'D5'},{'R3'},{'D1'},{'R1'},{'R2'},{'D2'},&,1.0,&
{'D3'},{'D7'},{'D6'},{'D4'},{'D2'},{'D5'},{'R2'},{'R1'},{'D1'},{'R3'},&,1.0,&
{'D3'},{'D7'},{'D6'},{'D4'},{'D2'},{'D5'},{'R2'},{'D1'},{'R3'},{'R1'},&,2.0,&
{'D3'},{'D7'},{'D6'},{'D4'},{'D2'},{'D5'},{'R2'},{'D1'},{'R1'},{'R3'},&,1.0,&
{'D3'},{'D7'},{'D6'},{'D4'},{'D2'},{'D5'},{'R3'},{'D1'},{'R2'},{'R1'},&,1.0,&
{'D3'},{'D7'},{'D6'},{'D4'},{'D2'},{'D5'},{'R1'},{'D1'},{'R2'},{'R3'},&,1.0,&
{'D3'},{'D7'},{'D6'},{'D4'},{'D2'},{'D5'},{'D1'},{'R3'},{'R1'},{'R2'},&,3.0,&
{'D3'},{'D7'},{'D6'},{'D4'},{'D2'},{'D5'},{'D1'},{'R3'},{'R2'},{'R1'},&,5.0,&
{'D3'},{'D7'},{'D6'},{'D4'},{'D2'},{'D5'},{'D1'},{'R2'},{'R3'},{'R1'},&,6.0,&
{'D3'},{'D7'},{'D6'},{'D4'},{'D2'},{'D5'},{'D1'},{'R2'},{'R1'},{'R3'},&,2.0,&
{'D3'},{'D7'},{'D6'},{'D4'},{'D2'},{'D5'},{'D1'},{'R1'},{'R3'},{'R2'},&,2.0,&
{'D3'},{'D7'},{'D6'},{'D4'},{'D2'},{'D5'},{'D1'},{'R1'},{'R2'},{'R3'},&,3.0,&
{'D3'},{'D7'},{'D6'},{'D4'},{'D2'},{'D1'},{'R2'},{'R1'},{'D5'},{'R3'},&,1.0,&
{'D3'},{'D7'},{'D6'},{'D4'},{'D2'},{'D1'},{'R2'},{'D5'},{'R3'},{'R1'},&,2.0,&
{'D3'},{'D7'},{'D6'},{'D4'},{'D2'},{'D1'},{'R2'},{'D5'},{'R1'},{'R3'},&,2.0,&
{'D3'},{'D7'},{'D6'},{'D4'},{'D2'},{'D1'},{'R3'},{'D5'},{'R2'},{'R1'},&,2.0,&
{'D3'},{'D7'},{'D6'},{'D4'},{'D2'},{'D1'},{'D5'},{'R3'},{'R1'},{'R2'},&,6.0,&
{'D3'},{'D7'},{'D6'},{'D4'},{'D2'},{'D1'},{'D5'},{'R3'},{'R2'},{'R1'},&,5.0,&
{'D3'},{'D7'},{'D6'},{'D4'},{'D2'},{'D1'},{'D5'},{'R2'},{'R3'},{'R1'},&,2.0,&
{'D3'},{'D7'},{'D6'},{'D4'},{'D2'},{'D1'},{'D5'},{'R2'},{'R1'},{'R3'},&,8.0,&
{'D3'},{'D7'},{'D6'},{'D4'},{'D2'},{'D1'},{'D5'},{'R1'},{'R3'},{'R2'},&,2.0,&
{'D3'},{'D7'},{'D6'},{'D4'},{'D2'},{'D1'},{'D5'},{'R1'},{'R2'},{'R3'},&,2.0,&
{'D3'},{'D7'},{'D6'},{'D4'},{'D2'},{'D1'},{'R1'},{'R2'},{'D5'},{'R3'},&,1.0,&
{'D3'},{'D7'},{'D6'},{'D4'},{'R1'},{'D5'},{'D1'},{'D2'},{'R3'},{'R2'},&,2.0,&
{'D3'},{'D7'},{'D6'},{'D4'},{'R1'},{'D5'},{'D1'},{'D2'},{'R2'},{'R3'},&,1.0,&
{'D3'},{'D7'},{'D6'},{'D4'},{'R1'},{'D1'},{'D2'},{'D5'},{'R2'},{'R3'},&,1.0,&
{'D3'},{'D7'},{'D6'},{'D4'},{'R1'},{'D1'},{'D5'},{'D2'},{'R2'},{'R3'},&,3.0,&
{'D3'},{'D7'},{'D6'},{'D4'},{'R1'},{'D2'},{'D1'},{'D5'},{'R2'},{'R3'},&,1.0,&
{'D3'},{'D7'},{'D6'},{'D4'},{'R2'},{'D5'},{'D1'},{'D2'},{'R3'},{'R1'},&,1.0,&
{'D3'},{'D7'},{'D6'},{'D4'},{'R2'},{'D5'},{'D1'},{'D2'},{'R1'},{'R3'},&,2.0,&
{'D3'},{'D7'},{'D6'},{'D4'},{'R2'},{'D1'},{'R3'},{'D5'},{'R1'},{'D2'},&,1.0,&
{'D3'},{'D7'},{'D6'},{'D4'},{'R2'},{'D1'},{'D5'},{'D2'},{'R3'},{'R1'},&,2.0,&
{'D3'},{'D7'},{'D6'},{'D4'},{'R2'},{'D1'},{'D5'},{'D2'},{'R1'},{'R3'},&,4.0,&
{'D3'},{'D7'},{'D6'},{'D4'},{'R2'},{'D1'},{'D5'},{'R3'},{'D2'},{'R1'},&,2.0,&
{'D3'},{'D7'},{'D6'},{'D4'},{'R3'},{'D5'},{'D1'},{'D2'},{'R1'},{'R2'},&,1.0,&
{'D3'},{'D7'},{'D6'},{'D4'},{'R3'},{'D5'},{'D1'},{'D2'},{'R2'},{'R1'},&,3.0,&
{'D3'},{'D7'},{'D6'},{'D4'},{'R3'},{'D1'},{'D5'},{'D2'},{'R2'},{'R1'},&,1.0,&
{'D3'},{'D7'},{'D6'},{'D4'},{'R3'},{'D1'},{'D5'},{'R2'},{'D2'},{'R1'},&,1.0,&
{'D3'},{'D7'},{'D6'},{'D4'},{'R3'},{'D1'},{'D5'},{'R1'},{'D2'},{'R2'},&,2.0,&
{'D3'},{'D7'},{'D6'},{'D4'},{'R3'},{'D1'},{'R1'},{'D5'},{'R2'},{'D2'},&,1.0,&
{'D3'},{'D7'},{'D6'},{'D4'},{'R3'},{'R2'},{'D1'},{'D5'},{'R1'},{'D2'},&,1.0,&
{'D3'},{'D7'},{'D6'},{'D4'},{'R3'},{'D2'},{'D1'},{'D5'},{'R1'},{'R2'},&,1.0,&
{'D3'},{'D7'},{'D6'},{'D2'},{'D1'},{'D5'},{'R2'},{'R1'},{'D4'},{'R3'},&,1.0,&
{'D3'},{'D7'},{'D6'},{'D2'},{'D1'},{'D5'},{'R2'},{'D4'},{'R3'},{'R1'},&,1.0,&
{'D3'},{'D7'},{'D6'},{'D2'},{'D1'},{'D5'},{'R1'},{'D4'},{'R3'},{'R2'},&,1.0,&
{'D3'},{'D7'},{'D6'},{'D2'},{'D1'},{'D5'},{'D4'},{'R3'},{'R1'},{'R2'},&,2.0,&
{'D3'},{'D7'},{'D6'},{'D2'},{'D1'},{'D5'},{'D4'},{'R3'},{'R2'},{'R1'},&,1.0,&
{'D3'},{'D7'},{'D6'},{'D2'},{'D1'},{'D5'},{'D4'},{'R1'},{'R3'},{'R2'},&,1.0,&
{'D3'},{'D7'},{'D6'},{'D2'},{'D1'},{'D5'},{'D4'},{'R1'},{'R2'},{'R3'},&,1.0,&
{'D3'},{'D7'},{'D6'},{'D2'},{'D1'},{'D4'},{'R2'},{'D5'},{'R3'},{'R1'},&,2.0,&
{'D3'},{'D7'},{'D6'},{'D2'},{'D1'},{'D4'},{'R3'},{'D5'},{'R2'},{'R1'},&,1.0,&
{'D3'},{'D7'},{'D6'},{'D2'},{'D1'},{'D4'},{'D5'},{'R3'},{'R1'},{'R2'},&,2.0,&
{'D3'},{'D7'},{'D6'},{'D2'},{'D1'},{'D4'},{'D5'},{'R3'},{'R2'},{'R1'},&,3.0,&
{'D3'},{'D7'},{'D6'},{'D2'},{'D1'},{'D4'},{'D5'},{'R2'},{'R3'},{'R1'},&,4.0,&
{'D3'},{'D7'},{'D6'},{'D2'},{'D1'},{'D4'},{'D5'},{'R2'},{'R1'},{'R3'},&,2.0,&
{'D3'},{'D7'},{'D6'},{'D2'},{'D1'},{'R3'},{'D4'},{'D5'},{'R1'},{'R2'},&,1.0,&
{'D3'},{'D7'},{'D6'},{'D2'},{'D5'},{'D4'},{'R2'},{'D1'},{'R3'},{'R1'},&,2.0,&
{'D3'},{'D7'},{'D6'},{'D2'},{'D5'},{'D4'},{'R2'},{'D1'},{'R1'},{'R3'},&,1.0,&
{'D3'},{'D7'},{'D6'},{'D2'},{'D5'},{'D4'},{'R1'},{'D1'},{'R2'},{'R3'},&,1.0,&
{'D3'},{'D7'},{'D6'},{'D2'},{'D5'},{'D4'},{'D1'},{'R3'},{'R2'},{'R1'},&,2.0,&
{'D3'},{'D7'},{'D6'},{'D2'},{'D5'},{'D4'},{'D1'},{'R2'},{'R3'},{'R1'},&,1.0,&
{'D3'},{'D7'},{'D6'},{'D2'},{'D5'},{'D4'},{'D1'},{'R1'},{'R3'},{'R2'},&,1.0,&
{'D3'},{'D7'},{'D6'},{'D2'},{'D5'},{'D4'},{'D1'},{'R1'},{'R2'},{'R3'},&,2.0,&
{'D3'},{'D7'},{'D6'},{'D2'},{'D5'},{'D1'},{'R2'},{'D4'},{'R3'},{'R1'},&,2.0,&
{'D3'},{'D7'},{'D6'},{'D2'},{'D5'},{'D1'},{'D4'},{'R2'},{'R3'},{'R1'},&,1.0,&
{'D3'},{'D7'},{'D6'},{'D2'},{'D5'},{'D1'},{'D4'},{'R1'},{'R3'},{'R2'},&,1.0,&
{'D3'},{'D7'},{'D6'},{'D2'},{'D5'},{'R3'},{'D4'},{'R1'},{'D1'},{'R2'},&,1.0,&
{'D3'},{'D7'},{'D6'},{'D2'},{'D4'},{'D5'},{'R2'},{'D1'},{'R3'},{'R1'},&,1.0,&
{'D3'},{'D7'},{'D6'},{'D2'},{'D4'},{'D5'},{'R3'},{'D1'},{'R1'},{'R2'},&,1.0,&
{'D3'},{'D7'},{'D6'},{'D2'},{'D4'},{'D5'},{'D1'},{'R3'},{'R1'},{'R2'},&,1.0,&
{'D3'},{'D7'},{'D6'},{'D2'},{'D4'},{'D5'},{'D1'},{'R3'},{'R2'},{'R1'},&,2.0,&
{'D3'},{'D7'},{'D6'},{'D2'},{'D4'},{'D5'},{'D1'},{'R2'},{'R3'},{'R1'},&,3.0,&
{'D3'},{'D7'},{'D6'},{'D2'},{'D4'},{'D5'},{'D1'},{'R2'},{'R1'},{'R3'},&,3.0,&
{'D3'},{'D7'},{'D6'},{'D2'},{'D4'},{'D5'},{'D1'},{'R1'},{'R3'},{'R2'},&,1.0,&
{'D3'},{'D7'},{'D6'},{'D2'},{'D4'},{'D5'},{'D1'},{'R1'},{'R2'},{'R3'},&,1.0,&
{'D3'},{'D7'},{'D6'},{'D2'},{'D4'},{'D1'},{'R2'},{'R3'},{'D5'},{'R1'},&,1.0,&
{'D3'},{'D7'},{'D6'},{'D2'},{'D4'},{'D1'},{'R2'},{'D5'},{'R1'},{'R3'},&,1.0,&
{'D3'},{'D7'},{'D6'},{'D2'},{'D4'},{'D1'},{'R3'},{'D5'},{'R1'},{'R2'},&,1.0,&
{'D3'},{'D7'},{'D6'},{'D2'},{'D4'},{'D1'},{'R3'},{'D5'},{'R2'},{'R1'},&,1.0,&
{'D3'},{'D7'},{'D6'},{'D2'},{'D4'},{'D1'},{'D5'},{'R3'},{'R1'},{'R2'},&,1.0,&
{'D3'},{'D7'},{'D6'},{'D2'},{'D4'},{'D1'},{'D5'},{'R3'},{'R2'},{'R1'},&,2.0,&
{'D3'},{'D7'},{'D6'},{'D2'},{'D4'},{'D1'},{'D5'},{'R2'},{'R3'},{'R1'},&,4.0,&
{'D3'},{'D7'},{'D6'},{'D2'},{'D4'},{'D1'},{'D5'},{'R2'},{'R1'},{'R3'},&,1.0,&
{'D3'},{'D7'},{'D6'},{'D2'},{'D4'},{'D1'},{'D5'},{'R1'},{'R3'},{'R2'},&,2.0,&
{'D3'},{'D7'},{'D6'},{'D2'},{'D4'},{'D1'},{'D5'},{'R1'},{'R2'},{'R3'},&,2.0,&
{'D3'},{'D7'},{'D6'},{'D2'},{'D4'},{'D1'},{'R1'},{'D5'},{'R2'},{'R3'},&,1.0,&
{'D3'},{'D7'},{'D6'},{'D2'},{'D4'},{'R2'},{'D1'},{'R3'},{'D5'},{'R1'},&,1.0,&
{'D3'},{'D7'},{'D6'},{'D2'},{'D4'},{'R1'},{'D1'},{'D5'},{'R3'},{'R2'},&,1.0,&
{'D3'},{'D7'},{'D6'},{'D2'},{'D4'},{'R3'},{'D1'},{'D5'},{'R1'},{'R2'},&,1.0,&
{'D3'},{'D7'},{'D6'},{'D2'},{'R3'},{'D4'},{'D1'},{'D5'},{'R2'},{'R1'},&,1.0,&
{'D3'},{'D7'},{'D6'},{'R2'},{'D5'},{'D4'},{'D1'},{'D2'},{'R3'},{'R1'},&,1.0,&
{'D3'},{'D7'},{'D6'},{'R2'},{'D4'},{'D5'},{'D1'},{'R1'},{'R3'},{'D2'},&,1.0,&
{'D3'},{'D7'},{'D6'},{'R2'},{'D4'},{'D2'},{'D5'},{'D1'},{'R1'},{'R3'},&,1.0,&
{'D3'},{'D7'},{'D6'},{'R3'},{'D1'},{'D4'},{'D5'},{'D2'},{'R2'},{'R1'},&,1.0,&
{'D3'},{'D7'},{'D6'},{'R3'},{'D5'},{'D1'},{'D4'},{'D2'},{'R2'},{'R1'},&,1.0,&
{'D3'},{'D7'},{'D6'},{'R3'},{'D5'},{'R2'},{'D4'},{'D2'},{'D1'},{'R1'},&,1.0,&
{'D3'},{'D7'},{'D6'},{'R1'},{'D1'},{'D4'},{'D5'},{'D2'},{'R3'},{'R2'},&,1.0,&
{'D3'},{'D7'},{'D6'},{'R1'},{'D1'},{'D4'},{'D5'},{'D2'},{'R2'},{'R3'},&,1.0,&
{'D3'},{'D7'},{'D6'},{'R1'},{'D4'},{'D1'},{'D2'},{'D5'},{'R3'},{'R2'},&,1.0,&
{'D3'},{'D7'},{'D6'},{'R1'},{'D4'},{'D1'},{'D5'},{'D2'},{'R2'},{'R3'},&,1.0,&
{'D3'},{'D7'},{'D6'},{'R1'},{'D4'},{'R2'},{'D1'},{'D5'},{'D2'},{'R3'},&,1.0,&
{'D3'},{'D7'},{'D1'},{'D5'},{'D4'},{'D6'},{'D2'},{'R2'},{'R1'},{'R3'},&,1.0,&
{'D3'},{'D7'},{'D1'},{'D5'},{'D4'},{'D6'},{'D2'},{'R1'},{'R3'},{'R2'},&,1.0,&
{'D3'},{'D7'},{'D1'},{'D5'},{'D6'},{'D4'},{'R2'},{'R3'},{'R1'},{'D2'},&,1.0,&
{'D3'},{'D7'},{'D1'},{'D5'},{'D6'},{'D4'},{'D2'},{'R3'},{'R1'},{'R2'},&,4.0,&
{'D3'},{'D7'},{'D1'},{'D5'},{'D6'},{'D4'},{'D2'},{'R3'},{'R2'},{'R1'},&,2.0,&
{'D3'},{'D7'},{'D1'},{'D5'},{'D6'},{'D4'},{'D2'},{'R2'},{'R3'},{'R1'},&,2.0,&
{'D3'},{'D7'},{'D1'},{'D5'},{'D6'},{'D4'},{'D2'},{'R2'},{'R1'},{'R3'},&,2.0,&
{'D3'},{'D7'},{'D1'},{'D5'},{'D6'},{'D4'},{'D2'},{'R1'},{'R3'},{'R2'},&,5.0,&
{'D3'},{'D7'},{'D1'},{'D5'},{'D6'},{'D4'},{'D2'},{'R1'},{'R2'},{'R3'},&,2.0,&
{'D3'},{'D7'},{'D1'},{'D5'},{'D6'},{'D4'},{'R3'},{'R1'},{'D2'},{'R2'},&,1.0,&
{'D3'},{'D7'},{'D1'},{'D5'},{'D6'},{'D4'},{'R1'},{'D2'},{'R2'},{'R3'},&,1.0,&
{'D3'},{'D7'},{'D1'},{'D5'},{'D6'},{'D4'},{'R1'},{'R2'},{'D2'},{'R3'},&,1.0,&
{'D3'},{'D7'},{'D1'},{'D5'},{'D6'},{'R2'},{'D4'},{'D2'},{'R3'},{'R1'},&,1.0,&
{'D3'},{'D7'},{'D1'},{'D5'},{'R2'},{'D4'},{'D6'},{'D2'},{'R1'},{'R3'},&,1.0,&
{'D3'},{'D7'},{'D1'},{'D4'},{'D5'},{'D6'},{'R2'},{'D2'},{'R1'},{'R3'},&,1.0,&
{'D3'},{'D7'},{'D1'},{'D4'},{'D5'},{'D6'},{'D2'},{'R3'},{'R1'},{'R2'},&,1.0,&
{'D3'},{'D7'},{'D1'},{'D4'},{'D5'},{'D6'},{'D2'},{'R2'},{'R3'},{'R1'},&,1.0,&
{'D3'},{'D7'},{'D1'},{'D4'},{'D5'},{'D6'},{'D2'},{'R2'},{'R1'},{'R3'},&,1.0,&
{'D3'},{'D7'},{'D1'},{'D4'},{'D6'},{'D5'},{'R2'},{'D2'},{'R3'},{'R1'},&,2.0,&
{'D3'},{'D7'},{'D1'},{'D4'},{'D6'},{'D5'},{'R2'},{'D2'},{'R1'},{'R3'},&,4.0,&
{'D3'},{'D7'},{'D1'},{'D4'},{'D6'},{'D5'},{'R2'},{'R3'},{'D2'},{'R1'},&,1.0,&
{'D3'},{'D7'},{'D1'},{'D4'},{'D6'},{'D5'},{'D2'},{'R3'},{'R1'},{'R2'},&,5.0,&
{'D3'},{'D7'},{'D1'},{'D4'},{'D6'},{'D5'},{'D2'},{'R3'},{'R2'},{'R1'},&,11.0,&
{'D3'},{'D7'},{'D1'},{'D4'},{'D6'},{'D5'},{'D2'},{'R2'},{'R3'},{'R1'},&,9.0,&
{'D3'},{'D7'},{'D1'},{'D4'},{'D6'},{'D5'},{'D2'},{'R2'},{'R1'},{'R3'},&,4.0,&
{'D3'},{'D7'},{'D1'},{'D4'},{'D6'},{'D5'},{'D2'},{'R1'},{'R3'},{'R2'},&,3.0,&
{'D3'},{'D7'},{'D1'},{'D4'},{'D6'},{'D5'},{'D2'},{'R1'},{'R2'},{'R3'},&,7.0,&
{'D3'},{'D7'},{'D1'},{'D4'},{'D6'},{'D5'},{'R3'},{'D2'},{'R1'},{'R2'},&,1.0,&
{'D3'},{'D7'},{'D1'},{'D4'},{'D6'},{'D5'},{'R3'},{'D2'},{'R2'},{'R1'},&,2.0,&
{'D3'},{'D7'},{'D1'},{'D4'},{'D6'},{'D5'},{'R1'},{'D2'},{'R3'},{'R2'},&,1.0,&
{'D3'},{'D7'},{'D1'},{'D4'},{'D6'},{'D5'},{'R1'},{'D2'},{'R2'},{'R3'},&,2.0,&
{'D3'},{'D7'},{'D1'},{'D4'},{'D6'},{'D5'},{'R1'},{'R3'},{'D2'},{'R2'},&,1.0,&
{'D3'},{'D7'},{'D1'},{'D4'},{'D6'},{'R2'},{'R1'},{'D5'},{'D2'},{'R3'},&,1.0,&
{'D3'},{'D7'},{'D1'},{'D4'},{'D6'},{'D2'},{'R2'},{'D5'},{'R1'},{'R3'},&,1.0,&
{'D3'},{'D7'},{'D1'},{'D4'},{'D6'},{'D2'},{'D5'},{'R3'},{'R1'},{'R2'},&,1.0,&
{'D3'},{'D7'},{'D1'},{'D4'},{'D6'},{'D2'},{'D5'},{'R2'},{'R3'},{'R1'},&,1.0,&
{'D3'},{'D7'},{'D1'},{'D4'},{'D6'},{'D2'},{'D5'},{'R1'},{'R2'},{'R3'},&,1.0,&
{'D3'},{'D7'},{'D1'},{'D4'},{'D6'},{'R3'},{'R2'},{'D5'},{'D2'},{'R1'},&,1.0,&
{'D3'},{'D7'},{'D1'},{'D4'},{'D6'},{'R3'},{'D5'},{'D2'},{'R1'},{'R2'},&,1.0,&
{'D3'},{'D7'},{'D1'},{'D4'},{'D6'},{'R3'},{'D5'},{'D2'},{'R2'},{'R1'},&,1.0,&
{'D3'},{'D7'},{'D1'},{'D6'},{'D5'},{'D4'},{'R2'},{'D2'},{'R3'},{'R1'},&,3.0,&
{'D3'},{'D7'},{'D1'},{'D6'},{'D5'},{'D4'},{'R2'},{'D2'},{'R1'},{'R3'},&,2.0,&
{'D3'},{'D7'},{'D1'},{'D6'},{'D5'},{'D4'},{'R2'},{'R1'},{'R3'},{'D2'},&,1.0,&
{'D3'},{'D7'},{'D1'},{'D6'},{'D5'},{'D4'},{'R2'},{'R1'},{'D2'},{'R3'},&,2.0,&
{'D3'},{'D7'},{'D1'},{'D6'},{'D5'},{'D4'},{'D2'},{'R3'},{'R1'},{'R2'},&,7.0,&
{'D3'},{'D7'},{'D1'},{'D6'},{'D5'},{'D4'},{'D2'},{'R3'},{'R2'},{'R1'},&,11.0,&
{'D3'},{'D7'},{'D1'},{'D6'},{'D5'},{'D4'},{'D2'},{'R2'},{'R3'},{'R1'},&,16.0,&
{'D3'},{'D7'},{'D1'},{'D6'},{'D5'},{'D4'},{'D2'},{'R2'},{'R1'},{'R3'},&,22.0,&
{'D3'},{'D7'},{'D1'},{'D6'},{'D5'},{'D4'},{'D2'},{'R1'},{'R3'},{'R2'},&,3.0,&
{'D3'},{'D7'},{'D1'},{'D6'},{'D5'},{'D4'},{'D2'},{'R1'},{'R2'},{'R3'},&,8.0,&
{'D3'},{'D7'},{'D1'},{'D6'},{'D5'},{'D4'},{'R3'},{'D2'},{'R1'},{'R2'},&,2.0,&
{'D3'},{'D7'},{'D1'},{'D6'},{'D5'},{'D4'},{'R3'},{'D2'},{'R2'},{'R1'},&,3.0,&
{'D3'},{'D7'},{'D1'},{'D6'},{'D5'},{'D4'},{'R3'},{'R2'},{'R1'},{'D2'},&,1.0,&
{'D3'},{'D7'},{'D1'},{'D6'},{'D5'},{'D4'},{'R3'},{'R2'},{'D2'},{'R1'},&,1.0,&
{'D3'},{'D7'},{'D1'},{'D6'},{'D5'},{'D4'},{'R1'},{'D2'},{'R3'},{'R2'},&,1.0,&
{'D3'},{'D7'},{'D1'},{'D6'},{'D5'},{'D4'},{'R1'},{'D2'},{'R2'},{'R3'},&,4.0,&
{'D3'},{'D7'},{'D1'},{'D6'},{'D5'},{'R2'},{'D4'},{'D2'},{'R3'},{'R1'},&,1.0,&
{'D3'},{'D7'},{'D1'},{'D6'},{'D5'},{'R2'},{'D4'},{'D2'},{'R1'},{'R3'},&,2.0,&
{'D3'},{'D7'},{'D1'},{'D6'},{'D5'},{'D2'},{'D4'},{'R3'},{'R1'},{'R2'},&,1.0,&
{'D3'},{'D7'},{'D1'},{'D6'},{'D5'},{'D2'},{'D4'},{'R2'},{'R1'},{'R3'},&,1.0,&
{'D3'},{'D7'},{'D1'},{'D6'},{'D5'},{'R1'},{'D4'},{'R3'},{'D2'},{'R2'},&,1.0,&
{'D3'},{'D7'},{'D1'},{'D6'},{'D5'},{'R3'},{'D4'},{'D2'},{'R1'},{'R2'},&,1.0,&
{'D3'},{'D7'},{'D1'},{'D6'},{'D5'},{'R3'},{'D4'},{'D2'},{'R2'},{'R1'},&,2.0,&
{'D3'},{'D7'},{'D1'},{'D6'},{'D4'},{'D5'},{'R2'},{'D2'},{'R3'},{'R1'},&,8.0,&
{'D3'},{'D7'},{'D1'},{'D6'},{'D4'},{'D5'},{'R2'},{'D2'},{'R1'},{'R3'},&,9.0,&
{'D3'},{'D7'},{'D1'},{'D6'},{'D4'},{'D5'},{'R2'},{'R3'},{'R1'},{'D2'},&,1.0,&
{'D3'},{'D7'},{'D1'},{'D6'},{'D4'},{'D5'},{'R2'},{'R3'},{'D2'},{'R1'},&,2.0,&
{'D3'},{'D7'},{'D1'},{'D6'},{'D4'},{'D5'},{'R2'},{'R1'},{'D2'},{'R3'},&,3.0,&
{'D3'},{'D7'},{'D1'},{'D6'},{'D4'},{'D5'},{'D2'},{'R3'},{'R1'},{'R2'},&,17.0,&
{'D3'},{'D7'},{'D1'},{'D6'},{'D4'},{'D5'},{'D2'},{'R3'},{'R2'},{'R1'},&,46.0,&
{'D3'},{'D7'},{'D1'},{'D6'},{'D4'},{'D5'},{'D2'},{'R2'},{'R3'},{'R1'},&,40.0,&
{'D3'},{'D7'},{'D1'},{'D6'},{'D4'},{'D5'},{'D2'},{'R2'},{'R1'},{'R3'},&,36.0,&
{'D3'},{'D7'},{'D1'},{'D6'},{'D4'},{'D5'},{'D2'},{'R1'},{'R3'},{'R2'},&,25.0,&
{'D3'},{'D7'},{'D1'},{'D6'},{'D4'},{'D5'},{'D2'},{'R1'},{'R2'},{'R3'},&,27.0,&
{'D3'},{'D7'},{'D1'},{'D6'},{'D4'},{'D5'},{'R3'},{'D2'},{'R1'},{'R2'},&,3.0,&
{'D3'},{'D7'},{'D1'},{'D6'},{'D4'},{'D5'},{'R3'},{'D2'},{'R2'},{'R1'},&,8.0,&
{'D3'},{'D7'},{'D1'},{'D6'},{'D4'},{'D5'},{'R3'},{'R2'},{'D2'},{'R1'},&,1.0,&
{'D3'},{'D7'},{'D1'},{'D6'},{'D4'},{'D5'},{'R3'},{'R1'},{'D2'},{'R2'},&,2.0,&
{'D3'},{'D7'},{'D1'},{'D6'},{'D4'},{'D5'},{'R1'},{'D2'},{'R3'},{'R2'},&,3.0,&
{'D3'},{'D7'},{'D1'},{'D6'},{'D4'},{'D5'},{'R1'},{'D2'},{'R2'},{'R3'},&,8.0,&
{'D3'},{'D7'},{'D1'},{'D6'},{'D4'},{'D5'},{'R1'},{'R2'},{'R3'},{'D2'},&,1.0,&
{'D3'},{'D7'},{'D1'},{'D6'},{'D4'},{'D5'},{'R1'},{'R2'},{'D2'},{'R3'},&,2.0,&
{'D3'},{'D7'},{'D1'},{'D6'},{'D4'},{'R2'},{'D2'},{'R1'},{'D5'},{'R3'},&,1.0,&
{'D3'},{'D7'},{'D1'},{'D6'},{'D4'},{'R2'},{'D2'},{'D5'},{'R3'},{'R1'},&,1.0,&
{'D3'},{'D7'},{'D1'},{'D6'},{'D4'},{'R2'},{'D5'},{'D2'},{'R3'},{'R1'},&,8.0,&
{'D3'},{'D7'},{'D1'},{'D6'},{'D4'},{'R2'},{'D5'},{'D2'},{'R1'},{'R3'},&,1.0,&
{'D3'},{'D7'},{'D1'},{'D6'},{'D4'},{'R2'},{'D5'},{'R1'},{'D2'},{'R3'},&,2.0,&
{'D3'},{'D7'},{'D1'},{'D6'},{'D4'},{'D2'},{'R2'},{'D5'},{'R1'},{'R3'},&,1.0,&
{'D3'},{'D7'},{'D1'},{'D6'},{'D4'},{'D2'},{'R3'},{'R1'},{'D5'},{'R2'},&,1.0,&
{'D3'},{'D7'},{'D1'},{'D6'},{'D4'},{'D2'},{'R3'},{'D5'},{'R2'},{'R1'},&,1.0,&
{'D3'},{'D7'},{'D1'},{'D6'},{'D4'},{'D2'},{'D5'},{'R3'},{'R1'},{'R2'},&,3.0,&
{'D3'},{'D7'},{'D1'},{'D6'},{'D4'},{'D2'},{'D5'},{'R3'},{'R2'},{'R1'},&,2.0,&
{'D3'},{'D7'},{'D1'},{'D6'},{'D4'},{'D2'},{'D5'},{'R2'},{'R3'},{'R1'},&,6.0,&
{'D3'},{'D7'},{'D1'},{'D6'},{'D4'},{'D2'},{'D5'},{'R2'},{'R1'},{'R3'},&,1.0,&
{'D3'},{'D7'},{'D1'},{'D6'},{'D4'},{'D2'},{'D5'},{'R1'},{'R3'},{'R2'},&,1.0,&
{'D3'},{'D7'},{'D1'},{'D6'},{'D4'},{'D2'},{'D5'},{'R1'},{'R2'},{'R3'},&,1.0,&
{'D3'},{'D7'},{'D1'},{'D6'},{'D4'},{'R1'},{'R2'},{'D5'},{'D2'},{'R3'},&,1.0,&
{'D3'},{'D7'},{'D1'},{'D6'},{'D4'},{'R1'},{'D2'},{'D5'},{'R2'},{'R3'},&,1.0,&
{'D3'},{'D7'},{'D1'},{'D6'},{'D4'},{'R1'},{'R3'},{'D5'},{'D2'},{'R2'},&,1.0,&
{'D3'},{'D7'},{'D1'},{'D6'},{'D4'},{'R3'},{'D5'},{'D2'},{'R1'},{'R2'},&,1.0,&
{'D3'},{'D7'},{'D1'},{'D6'},{'D4'},{'R3'},{'D5'},{'D2'},{'R2'},{'R1'},&,2.0,&
{'D3'},{'D7'},{'D1'},{'D6'},{'D2'},{'D5'},{'R2'},{'D4'},{'R3'},{'R1'},&,2.0,&
{'D3'},{'D7'},{'D1'},{'D6'},{'D2'},{'D5'},{'R3'},{'D4'},{'R1'},{'R2'},&,1.0,&
{'D3'},{'D7'},{'D1'},{'D6'},{'D2'},{'D4'},{'R2'},{'D5'},{'R3'},{'R1'},&,2.0,&
{'D3'},{'D7'},{'D1'},{'D6'},{'D2'},{'R2'},{'D5'},{'R3'},{'R1'},{'D4'},&,1.0,&
{'D3'},{'D7'},{'D1'},{'D6'},{'D2'},{'R3'},{'D5'},{'R2'},{'D4'},{'R1'},&,1.0,&
{'D3'},{'D7'},{'D1'},{'D6'},{'D2'},{'R3'},{'D5'},{'R1'},{'D4'},{'R2'},&,1.0,&
{'D3'},{'D7'},{'D1'},{'D6'},{'R2'},{'D4'},{'D5'},{'D2'},{'R1'},{'R3'},&,1.0,&
{'D3'},{'D7'},{'D1'},{'D6'},{'R3'},{'D4'},{'D5'},{'D2'},{'R1'},{'R2'},&,1.0,&
{'D3'},{'D7'},{'D1'},{'D2'},{'D4'},{'D6'},{'D5'},{'R3'},{'R2'},{'R1'},&,1.0,&
{'D3'},{'D7'},{'D1'},{'R2'},{'D4'},{'R3'},{'D6'},{'D5'},{'D2'},{'R1'},&,1.0,&
{'D3'},{'D7'},{'D1'},{'R3'},{'D4'},{'D6'},{'D5'},{'D2'},{'R2'},{'R1'},&,1.0,&
{'D3'},{'D7'},{'D1'},{'R3'},{'D6'},{'D5'},{'D4'},{'D2'},{'R1'},{'R2'},&,1.0,&
{'D3'},{'D7'},{'D2'},{'D5'},{'D1'},{'D4'},{'D6'},{'R2'},{'R3'},{'R1'},&,1.0,&
{'D3'},{'D7'},{'D2'},{'D5'},{'D1'},{'D6'},{'R2'},{'D4'},{'R3'},{'R1'},&,1.0,&
{'D3'},{'D7'},{'D2'},{'D5'},{'D4'},{'D6'},{'R2'},{'D1'},{'R1'},{'R3'},&,1.0,&
{'D3'},{'D7'},{'D2'},{'D5'},{'D6'},{'D4'},{'R2'},{'D1'},{'R3'},{'R1'},&,1.0,&
{'D3'},{'D7'},{'D2'},{'D5'},{'D6'},{'D4'},{'D1'},{'R2'},{'R3'},{'R1'},&,1.0,&
{'D3'},{'D7'},{'D2'},{'D4'},{'D6'},{'D5'},{'R2'},{'D1'},{'R3'},{'R1'},&,1.0,&
{'D3'},{'D7'},{'D2'},{'D4'},{'D6'},{'D5'},{'R1'},{'D1'},{'R2'},{'R3'},&,1.0,&
{'D3'},{'D7'},{'D2'},{'D4'},{'D6'},{'D1'},{'D5'},{'R1'},{'R3'},{'R2'},&,1.0,&
{'D3'},{'D7'},{'D2'},{'D6'},{'D1'},{'D5'},{'R1'},{'R2'},{'D4'},{'R3'},&,1.0,&
{'D3'},{'D7'},{'D2'},{'D6'},{'D1'},{'D5'},{'D4'},{'R2'},{'R3'},{'R1'},&,1.0,&
{'D3'},{'D7'},{'D2'},{'D6'},{'D1'},{'D5'},{'D4'},{'R1'},{'R3'},{'R2'},&,1.0,&
{'D3'},{'D7'},{'D2'},{'D6'},{'D1'},{'D4'},{'R2'},{'D5'},{'R3'},{'R1'},&,1.0,&
{'D3'},{'D7'},{'D2'},{'D6'},{'D1'},{'D4'},{'D5'},{'R3'},{'R1'},{'R2'},&,1.0,&
{'D3'},{'D7'},{'D2'},{'D6'},{'D1'},{'D4'},{'D5'},{'R2'},{'R1'},{'R3'},&,1.0,&
{'D3'},{'D7'},{'D2'},{'D6'},{'D1'},{'R2'},{'D4'},{'R3'},{'D5'},{'R1'},&,1.0,&
{'D3'},{'D7'},{'D2'},{'D6'},{'D5'},{'D4'},{'R2'},{'R3'},{'D1'},{'R1'},&,1.0,&
{'D3'},{'D7'},{'D2'},{'D6'},{'D5'},{'D4'},{'R2'},{'D1'},{'R1'},{'R3'},&,1.0,&
{'D3'},{'D7'},{'D2'},{'D6'},{'D5'},{'D4'},{'R3'},{'D1'},{'R1'},{'R2'},&,1.0,&
{'D3'},{'D7'},{'D2'},{'D6'},{'D5'},{'D4'},{'D1'},{'R1'},{'R2'},{'R3'},&,1.0,&
{'D3'},{'D7'},{'D2'},{'D6'},{'D5'},{'D1'},{'D4'},{'R3'},{'R2'},{'R1'},&,1.0,&
{'D3'},{'D7'},{'D2'},{'D6'},{'D4'},{'D5'},{'R1'},{'D1'},{'R3'},{'R2'},&,1.0,&
{'D3'},{'D7'},{'D2'},{'D6'},{'D4'},{'D5'},{'D1'},{'R3'},{'R1'},{'R2'},&,1.0,&
{'D3'},{'D7'},{'D2'},{'D6'},{'D4'},{'D5'},{'D1'},{'R2'},{'R3'},{'R1'},&,1.0,&
{'D3'},{'D7'},{'D2'},{'D6'},{'D4'},{'D1'},{'R2'},{'D5'},{'R1'},{'R3'},&,1.0,&
{'D3'},{'D7'},{'D2'},{'D6'},{'D4'},{'D1'},{'D5'},{'R3'},{'R1'},{'R2'},&,2.0,&
{'D3'},{'D7'},{'D2'},{'D6'},{'D4'},{'D1'},{'D5'},{'R3'},{'R2'},{'R1'},&,3.0,&
{'D3'},{'D7'},{'D2'},{'D6'},{'D4'},{'D1'},{'D5'},{'R2'},{'R1'},{'R3'},&,2.0,&
{'D3'},{'D7'},{'D2'},{'D6'},{'D4'},{'D1'},{'D5'},{'R1'},{'R2'},{'R3'},&,1.0,&
{'D3'},{'D7'},{'R3'},{'D6'},{'D5'},{'D4'},{'D1'},{'D2'},{'R1'},{'R2'},&,1.0,&
{'D3'},{'D7'},{'R3'},{'D6'},{'D4'},{'D5'},{'D1'},{'D2'},{'R1'},{'R2'},&,1.0,&
{'D3'},{'D7'},{'R2'},{'D4'},{'D6'},{'D5'},{'D1'},{'D2'},{'R3'},{'R1'},&,1.0,&
{'D3'},{'D6'},{'D4'},{'D1'},{'D5'},{'D7'},{'D2'},{'R3'},{'R2'},{'R1'},&,1.0,&
{'D3'},{'D6'},{'D4'},{'D1'},{'D5'},{'D7'},{'D2'},{'R2'},{'R1'},{'R3'},&,1.0,&
{'D3'},{'D6'},{'D4'},{'D1'},{'D5'},{'D7'},{'D2'},{'R1'},{'R2'},{'R3'},&,1.0,&
{'D3'},{'D6'},{'D4'},{'D1'},{'D7'},{'D5'},{'R2'},{'D2'},{'R3'},{'R1'},&,2.0,&
{'D3'},{'D6'},{'D4'},{'D1'},{'D7'},{'D5'},{'R2'},{'R1'},{'R3'},{'D2'},&,1.0,&
{'D3'},{'D6'},{'D4'},{'D1'},{'D7'},{'D5'},{'D2'},{'R3'},{'R1'},{'R2'},&,1.0,&
{'D3'},{'D6'},{'D4'},{'D1'},{'D7'},{'D5'},{'D2'},{'R3'},{'R2'},{'R1'},&,2.0,&
{'D3'},{'D6'},{'D4'},{'D1'},{'D7'},{'D5'},{'D2'},{'R2'},{'R3'},{'R1'},&,5.0,&
{'D3'},{'D6'},{'D4'},{'D1'},{'D7'},{'D5'},{'D2'},{'R2'},{'R1'},{'R3'},&,5.0,&
{'D3'},{'D6'},{'D4'},{'D1'},{'D7'},{'D5'},{'D2'},{'R1'},{'R3'},{'R2'},&,1.0,&
{'D3'},{'D6'},{'D4'},{'D1'},{'D7'},{'D5'},{'D2'},{'R1'},{'R2'},{'R3'},&,1.0,&
{'D3'},{'D6'},{'D4'},{'D1'},{'D7'},{'D5'},{'R1'},{'D2'},{'R3'},{'R2'},&,1.0,&
{'D3'},{'D6'},{'D4'},{'D1'},{'D7'},{'D2'},{'D5'},{'R3'},{'R1'},{'R2'},&,1.0,&
{'D3'},{'D6'},{'D4'},{'D1'},{'D7'},{'D2'},{'R1'},{'D5'},{'R3'},{'R2'},&,1.0,&
{'D3'},{'D6'},{'D4'},{'D1'},{'D7'},{'R1'},{'D5'},{'D2'},{'R2'},{'R3'},&,1.0,&
{'D3'},{'D6'},{'D4'},{'D1'},{'D7'},{'R3'},{'D2'},{'D5'},{'R2'},{'R1'},&,1.0,&
{'D3'},{'D6'},{'D4'},{'D1'},{'D7'},{'R3'},{'D5'},{'D2'},{'R1'},{'R2'},&,1.0,&
{'D3'},{'D6'},{'D4'},{'D1'},{'D7'},{'R3'},{'D5'},{'D2'},{'R2'},{'R1'},&,1.0,&
{'D3'},{'D6'},{'D4'},{'D1'},{'R1'},{'D7'},{'D5'},{'D2'},{'R2'},{'R3'},&,1.0,&
{'D3'},{'D6'},{'D4'},{'D5'},{'D7'},{'D1'},{'R2'},{'D2'},{'R3'},{'R1'},&,2.0,&
{'D3'},{'D6'},{'D4'},{'D5'},{'D7'},{'D1'},{'R2'},{'D2'},{'R1'},{'R3'},&,1.0,&
{'D3'},{'D6'},{'D4'},{'D5'},{'D7'},{'D1'},{'R2'},{'R3'},{'D2'},{'R1'},&,1.0,&
{'D3'},{'D6'},{'D4'},{'D5'},{'D7'},{'D1'},{'D2'},{'R3'},{'R1'},{'R2'},&,1.0,&
{'D3'},{'D6'},{'D4'},{'D5'},{'D7'},{'D1'},{'D2'},{'R3'},{'R2'},{'R1'},&,1.0,&
{'D3'},{'D6'},{'D4'},{'D5'},{'D7'},{'D1'},{'D2'},{'R2'},{'R3'},{'R1'},&,5.0,&
{'D3'},{'D6'},{'D4'},{'D5'},{'D7'},{'D1'},{'D2'},{'R1'},{'R3'},{'R2'},&,1.0,&
{'D3'},{'D6'},{'D4'},{'D5'},{'D7'},{'D1'},{'R3'},{'D2'},{'R2'},{'R1'},&,1.0,&
{'D3'},{'D6'},{'D4'},{'D5'},{'D7'},{'D1'},{'R1'},{'D2'},{'R2'},{'R3'},&,2.0,&
{'D3'},{'D6'},{'D4'},{'D7'},{'D1'},{'D5'},{'R2'},{'D2'},{'R3'},{'R1'},&,8.0,&
{'D3'},{'D6'},{'D4'},{'D7'},{'D1'},{'D5'},{'R2'},{'D2'},{'R1'},{'R3'},&,4.0,&
{'D3'},{'D6'},{'D4'},{'D7'},{'D1'},{'D5'},{'R2'},{'R3'},{'R1'},{'D2'},&,1.0,&
{'D3'},{'D6'},{'D4'},{'D7'},{'D1'},{'D5'},{'R2'},{'R3'},{'D2'},{'R1'},&,2.0,&
{'D3'},{'D6'},{'D4'},{'D7'},{'D1'},{'D5'},{'R2'},{'R1'},{'D2'},{'R3'},&,2.0,&
{'D3'},{'D6'},{'D4'},{'D7'},{'D1'},{'D5'},{'D2'},{'R3'},{'R1'},{'R2'},&,11.0,&
{'D3'},{'D6'},{'D4'},{'D7'},{'D1'},{'D5'},{'D2'},{'R3'},{'R2'},{'R1'},&,20.0,&
{'D3'},{'D6'},{'D4'},{'D7'},{'D1'},{'D5'},{'D2'},{'R2'},{'R3'},{'R1'},&,38.0,&
{'D3'},{'D6'},{'D4'},{'D7'},{'D1'},{'D5'},{'D2'},{'R2'},{'R1'},{'R3'},&,29.0,&
{'D3'},{'D6'},{'D4'},{'D7'},{'D1'},{'D5'},{'D2'},{'R1'},{'R3'},{'R2'},&,7.0,&
{'D3'},{'D6'},{'D4'},{'D7'},{'D1'},{'D5'},{'D2'},{'R1'},{'R2'},{'R3'},&,20.0,&
{'D3'},{'D6'},{'D4'},{'D7'},{'D1'},{'D5'},{'R3'},{'D2'},{'R1'},{'R2'},&,2.0,&
{'D3'},{'D6'},{'D4'},{'D7'},{'D1'},{'D5'},{'R3'},{'D2'},{'R2'},{'R1'},&,7.0,&
{'D3'},{'D6'},{'D4'},{'D7'},{'D1'},{'D5'},{'R3'},{'R2'},{'D2'},{'R1'},&,2.0,&
{'D3'},{'D6'},{'D4'},{'D7'},{'D1'},{'D5'},{'R3'},{'R1'},{'D2'},{'R2'},&,2.0,&
{'D3'},{'D6'},{'D4'},{'D7'},{'D1'},{'D5'},{'R1'},{'D2'},{'R3'},{'R2'},&,3.0,&
{'D3'},{'D6'},{'D4'},{'D7'},{'D1'},{'D5'},{'R1'},{'D2'},{'R2'},{'R3'},&,4.0,&
{'D3'},{'D6'},{'D4'},{'D7'},{'D1'},{'D5'},{'R1'},{'R2'},{'R3'},{'D2'},&,2.0,&
{'D3'},{'D6'},{'D4'},{'D7'},{'D1'},{'D5'},{'R1'},{'R2'},{'D2'},{'R3'},&,1.0,&
{'D3'},{'D6'},{'D4'},{'D7'},{'D1'},{'R2'},{'D5'},{'D2'},{'R3'},{'R1'},&,1.0,&
{'D3'},{'D6'},{'D4'},{'D7'},{'D1'},{'R2'},{'D5'},{'D2'},{'R1'},{'R3'},&,2.0,&
{'D3'},{'D6'},{'D4'},{'D7'},{'D1'},{'D2'},{'R3'},{'R2'},{'D5'},{'R1'},&,1.0,&
{'D3'},{'D6'},{'D4'},{'D7'},{'D1'},{'D2'},{'D5'},{'R3'},{'R1'},{'R2'},&,1.0,&
{'D3'},{'D6'},{'D4'},{'D7'},{'D1'},{'D2'},{'D5'},{'R3'},{'R2'},{'R1'},&,2.0,&
{'D3'},{'D6'},{'D4'},{'D7'},{'D1'},{'D2'},{'D5'},{'R2'},{'R3'},{'R1'},&,1.0,&
{'D3'},{'D6'},{'D4'},{'D7'},{'D1'},{'D2'},{'D5'},{'R2'},{'R1'},{'R3'},&,4.0,&
{'D3'},{'D6'},{'D4'},{'D7'},{'D1'},{'D2'},{'D5'},{'R1'},{'R2'},{'R3'},&,1.0,&
{'D3'},{'D6'},{'D4'},{'D7'},{'D1'},{'R1'},{'D2'},{'D5'},{'R3'},{'R2'},&,1.0,&
{'D3'},{'D6'},{'D4'},{'D7'},{'D1'},{'R1'},{'D5'},{'D2'},{'R3'},{'R2'},&,1.0,&
{'D3'},{'D6'},{'D4'},{'D7'},{'D1'},{'R1'},{'D5'},{'D2'},{'R2'},{'R3'},&,1.0,&
{'D3'},{'D6'},{'D4'},{'D7'},{'D1'},{'R3'},{'D2'},{'D5'},{'R1'},{'R2'},&,1.0,&
{'D3'},{'D6'},{'D4'},{'D7'},{'D1'},{'R3'},{'D5'},{'D2'},{'R1'},{'R2'},&,1.0,&
{'D3'},{'D6'},{'D4'},{'D7'},{'D1'},{'R3'},{'D5'},{'D2'},{'R2'},{'R1'},&,2.0,&
{'D3'},{'D6'},{'D4'},{'D7'},{'D5'},{'D1'},{'R2'},{'D2'},{'R3'},{'R1'},&,4.0,&
{'D3'},{'D6'},{'D4'},{'D7'},{'D5'},{'D1'},{'R2'},{'D2'},{'R1'},{'R3'},&,1.0,&
{'D3'},{'D6'},{'D4'},{'D7'},{'D5'},{'D1'},{'R2'},{'R3'},{'R1'},{'D2'},&,1.0,&
{'D3'},{'D6'},{'D4'},{'D7'},{'D5'},{'D1'},{'R2'},{'R3'},{'D2'},{'R1'},&,1.0,&
{'D3'},{'D6'},{'D4'},{'D7'},{'D5'},{'D1'},{'D2'},{'R3'},{'R1'},{'R2'},&,8.0,&
{'D3'},{'D6'},{'D4'},{'D7'},{'D5'},{'D1'},{'D2'},{'R3'},{'R2'},{'R1'},&,25.0,&
{'D3'},{'D6'},{'D4'},{'D7'},{'D5'},{'D1'},{'D2'},{'R2'},{'R3'},{'R1'},&,14.0,&
{'D3'},{'D6'},{'D4'},{'D7'},{'D5'},{'D1'},{'D2'},{'R2'},{'R1'},{'R3'},&,18.0,&
{'D3'},{'D6'},{'D4'},{'D7'},{'D5'},{'D1'},{'D2'},{'R1'},{'R3'},{'R2'},&,11.0,&
{'D3'},{'D6'},{'D4'},{'D7'},{'D5'},{'D1'},{'D2'},{'R1'},{'R2'},{'R3'},&,11.0,&
{'D3'},{'D6'},{'D4'},{'D7'},{'D5'},{'D1'},{'R3'},{'D2'},{'R1'},{'R2'},&,1.0,&
{'D3'},{'D6'},{'D4'},{'D7'},{'D5'},{'D1'},{'R3'},{'D2'},{'R2'},{'R1'},&,2.0,&
{'D3'},{'D6'},{'D4'},{'D7'},{'D5'},{'D1'},{'R3'},{'R2'},{'D2'},{'R1'},&,2.0,&
{'D3'},{'D6'},{'D4'},{'D7'},{'D5'},{'D1'},{'R1'},{'D2'},{'R3'},{'R2'},&,2.0,&
{'D3'},{'D6'},{'D4'},{'D7'},{'D5'},{'D1'},{'R1'},{'D2'},{'R2'},{'R3'},&,2.0,&
{'D3'},{'D6'},{'D4'},{'D7'},{'D5'},{'D1'},{'R1'},{'R3'},{'D2'},{'R2'},&,1.0,&
{'D3'},{'D6'},{'D4'},{'D7'},{'D5'},{'D1'},{'R1'},{'R2'},{'R3'},{'D2'},&,1.0,&
{'D3'},{'D6'},{'D4'},{'D7'},{'D5'},{'D1'},{'R1'},{'R2'},{'D2'},{'R3'},&,2.0,&
{'D3'},{'D6'},{'D4'},{'D7'},{'D5'},{'R2'},{'D1'},{'R1'},{'R3'},{'D2'},&,1.0,&
{'D3'},{'D6'},{'D4'},{'D7'},{'D5'},{'D2'},{'R3'},{'R1'},{'D1'},{'R2'},&,1.0,&
{'D3'},{'D6'},{'D4'},{'D7'},{'D5'},{'D2'},{'R1'},{'D1'},{'R2'},{'R3'},&,1.0,&
{'D3'},{'D6'},{'D4'},{'D7'},{'D5'},{'D2'},{'D1'},{'R3'},{'R1'},{'R2'},&,2.0,&
{'D3'},{'D6'},{'D4'},{'D7'},{'D5'},{'D2'},{'D1'},{'R3'},{'R2'},{'R1'},&,1.0,&
{'D3'},{'D6'},{'D4'},{'D7'},{'D5'},{'D2'},{'D1'},{'R2'},{'R3'},{'R1'},&,3.0,&
{'D3'},{'D6'},{'D4'},{'D7'},{'D5'},{'D2'},{'D1'},{'R1'},{'R3'},{'R2'},&,1.0,&
{'D3'},{'D6'},{'D4'},{'D7'},{'D5'},{'R1'},{'D1'},{'D2'},{'R2'},{'R3'},&,1.0,&
{'D3'},{'D6'},{'D4'},{'D7'},{'D2'},{'D5'},{'D1'},{'R3'},{'R1'},{'R2'},&,1.0,&
{'D3'},{'D6'},{'D4'},{'D7'},{'D2'},{'D5'},{'D1'},{'R3'},{'R2'},{'R1'},&,1.0,&
{'D3'},{'D6'},{'D4'},{'D7'},{'D2'},{'D1'},{'D5'},{'R2'},{'R3'},{'R1'},&,1.0,&
{'D3'},{'D6'},{'D4'},{'D7'},{'D2'},{'D1'},{'D5'},{'R1'},{'R3'},{'R2'},&,1.0,&
{'D3'},{'D6'},{'D4'},{'D7'},{'D2'},{'D1'},{'D5'},{'R1'},{'R2'},{'R3'},&,1.0,&
{'D3'},{'D6'},{'D4'},{'D7'},{'D2'},{'D1'},{'R1'},{'R2'},{'D5'},{'R3'},&,1.0,&
{'D3'},{'D6'},{'D4'},{'D7'},{'D2'},{'D1'},{'R1'},{'D5'},{'R3'},{'R2'},&,1.0,&
{'D3'},{'D6'},{'D4'},{'D7'},{'D2'},{'R3'},{'D5'},{'D1'},{'R2'},{'R1'},&,1.0,&
{'D3'},{'D6'},{'D4'},{'D7'},{'R2'},{'D5'},{'D1'},{'D2'},{'R1'},{'R3'},&,1.0,&
{'D3'},{'D6'},{'D4'},{'D7'},{'R2'},{'D1'},{'D5'},{'D2'},{'R1'},{'R3'},&,1.0,&
{'D3'},{'D6'},{'D4'},{'D7'},{'R3'},{'D5'},{'D1'},{'D2'},{'R2'},{'R1'},&,1.0,&
{'D3'},{'D6'},{'D4'},{'D7'},{'R3'},{'D1'},{'R2'},{'D2'},{'D5'},{'R1'},&,1.0,&
{'D3'},{'D6'},{'D4'},{'R1'},{'D7'},{'D1'},{'D5'},{'R3'},{'D2'},{'R2'},&,1.0,&
{'D3'},{'D6'},{'D7'},{'D1'},{'D5'},{'D4'},{'R2'},{'D2'},{'R3'},{'R1'},&,12.0,&
{'D3'},{'D6'},{'D7'},{'D1'},{'D5'},{'D4'},{'R2'},{'D2'},{'R1'},{'R3'},&,10.0,&
{'D3'},{'D6'},{'D7'},{'D1'},{'D5'},{'D4'},{'R2'},{'R3'},{'R1'},{'D2'},&,1.0,&
{'D3'},{'D6'},{'D7'},{'D1'},{'D5'},{'D4'},{'R2'},{'R3'},{'D2'},{'R1'},&,4.0,&
{'D3'},{'D6'},{'D7'},{'D1'},{'D5'},{'D4'},{'R2'},{'R1'},{'R3'},{'D2'},&,1.0,&
{'D3'},{'D6'},{'D7'},{'D1'},{'D5'},{'D4'},{'D2'},{'R3'},{'R1'},{'R2'},&,15.0,&
{'D3'},{'D6'},{'D7'},{'D1'},{'D5'},{'D4'},{'D2'},{'R3'},{'R2'},{'R1'},&,35.0,&
{'D3'},{'D6'},{'D7'},{'D1'},{'D5'},{'D4'},{'D2'},{'R2'},{'R3'},{'R1'},&,37.0,&
{'D3'},{'D6'},{'D7'},{'D1'},{'D5'},{'D4'},{'D2'},{'R2'},{'R1'},{'R3'},&,30.0,&
{'D3'},{'D6'},{'D7'},{'D1'},{'D5'},{'D4'},{'D2'},{'R1'},{'R3'},{'R2'},&,21.0,&
{'D3'},{'D6'},{'D7'},{'D1'},{'D5'},{'D4'},{'D2'},{'R1'},{'R2'},{'R3'},&,27.0,&
{'D3'},{'D6'},{'D7'},{'D1'},{'D5'},{'D4'},{'R3'},{'D2'},{'R1'},{'R2'},&,3.0,&
{'D3'},{'D6'},{'D7'},{'D1'},{'D5'},{'D4'},{'R3'},{'D2'},{'R2'},{'R1'},&,6.0,&
{'D3'},{'D6'},{'D7'},{'D1'},{'D5'},{'D4'},{'R3'},{'R2'},{'D2'},{'R1'},&,3.0,&
{'D3'},{'D6'},{'D7'},{'D1'},{'D5'},{'D4'},{'R3'},{'R1'},{'D2'},{'R2'},&,1.0,&
{'D3'},{'D6'},{'D7'},{'D1'},{'D5'},{'D4'},{'R3'},{'R1'},{'R2'},{'D2'},&,1.0,&
{'D3'},{'D6'},{'D7'},{'D1'},{'D5'},{'D4'},{'R1'},{'D2'},{'R3'},{'R2'},&,5.0,&
{'D3'},{'D6'},{'D7'},{'D1'},{'D5'},{'D4'},{'R1'},{'D2'},{'R2'},{'R3'},&,6.0,&
{'D3'},{'D6'},{'D7'},{'D1'},{'D5'},{'D4'},{'R1'},{'R3'},{'D2'},{'R2'},&,2.0,&
{'D3'},{'D6'},{'D7'},{'D1'},{'D5'},{'D4'},{'R1'},{'R2'},{'D2'},{'R3'},&,1.0,&
{'D3'},{'D6'},{'D7'},{'D1'},{'D5'},{'R2'},{'D4'},{'D2'},{'R3'},{'R1'},&,2.0,&
{'D3'},{'D6'},{'D7'},{'D1'},{'D5'},{'R2'},{'D4'},{'D2'},{'R1'},{'R3'},&,1.0,&
{'D3'},{'D6'},{'D7'},{'D1'},{'D5'},{'R2'},{'D4'},{'R3'},{'D2'},{'R1'},&,2.0,&
{'D3'},{'D6'},{'D7'},{'D1'},{'D5'},{'R2'},{'D4'},{'R1'},{'R3'},{'D2'},&,1.0,&
{'D3'},{'D6'},{'D7'},{'D1'},{'D5'},{'R2'},{'D4'},{'R1'},{'D2'},{'R3'},&,1.0,&
{'D3'},{'D6'},{'D7'},{'D1'},{'D5'},{'D2'},{'R2'},{'D4'},{'R3'},{'R1'},&,1.0,&
{'D3'},{'D6'},{'D7'},{'D1'},{'D5'},{'D2'},{'D4'},{'R3'},{'R1'},{'R2'},&,3.0,&
{'D3'},{'D6'},{'D7'},{'D1'},{'D5'},{'D2'},{'D4'},{'R3'},{'R2'},{'R1'},&,2.0,&
{'D3'},{'D6'},{'D7'},{'D1'},{'D5'},{'D2'},{'D4'},{'R2'},{'R1'},{'R3'},&,1.0,&
{'D3'},{'D6'},{'D7'},{'D1'},{'D5'},{'D2'},{'D4'},{'R1'},{'R3'},{'R2'},&,1.0,&
{'D3'},{'D6'},{'D7'},{'D1'},{'D5'},{'D2'},{'D4'},{'R1'},{'R2'},{'R3'},&,2.0,&
{'D3'},{'D6'},{'D7'},{'D1'},{'D5'},{'R1'},{'D4'},{'D2'},{'R3'},{'R2'},&,3.0,&
{'D3'},{'D6'},{'D7'},{'D1'},{'D5'},{'R1'},{'D4'},{'D2'},{'R2'},{'R3'},&,3.0,&
{'D3'},{'D6'},{'D7'},{'D1'},{'D5'},{'R1'},{'D4'},{'R3'},{'D2'},{'R2'},&,1.0,&
{'D3'},{'D6'},{'D7'},{'D1'},{'D5'},{'R3'},{'D4'},{'D2'},{'R1'},{'R2'},&,3.0,&
{'D3'},{'D6'},{'D7'},{'D1'},{'D5'},{'R3'},{'D4'},{'D2'},{'R2'},{'R1'},&,3.0,&
{'D3'},{'D6'},{'D7'},{'D1'},{'D5'},{'R3'},{'D4'},{'R2'},{'R1'},{'D2'},&,1.0,&
{'D3'},{'D6'},{'D7'},{'D1'},{'D4'},{'D5'},{'R2'},{'D2'},{'R3'},{'R1'},&,19.0,&
{'D3'},{'D6'},{'D7'},{'D1'},{'D4'},{'D5'},{'R2'},{'D2'},{'R1'},{'R3'},&,16.0,&
{'D3'},{'D6'},{'D7'},{'D1'},{'D4'},{'D5'},{'R2'},{'R3'},{'R1'},{'D2'},&,1.0,&
{'D3'},{'D6'},{'D7'},{'D1'},{'D4'},{'D5'},{'R2'},{'R3'},{'D2'},{'R1'},&,8.0,&
{'D3'},{'D6'},{'D7'},{'D1'},{'D4'},{'D5'},{'R2'},{'R1'},{'D2'},{'R3'},&,2.0,&
{'D3'},{'D6'},{'D7'},{'D1'},{'D4'},{'D5'},{'D2'},{'R3'},{'R1'},{'R2'},&,44.0,&
{'D3'},{'D6'},{'D7'},{'D1'},{'D4'},{'D5'},{'D2'},{'R3'},{'R2'},{'R1'},&,58.0,&
{'D3'},{'D6'},{'D7'},{'D1'},{'D4'},{'D5'},{'D2'},{'R2'},{'R3'},{'R1'},&,97.0,&
{'D3'},{'D6'},{'D7'},{'D1'},{'D4'},{'D5'},{'D2'},{'R2'},{'R1'},{'R3'},&,96.0,&
{'D3'},{'D6'},{'D7'},{'D1'},{'D4'},{'D5'},{'D2'},{'R1'},{'R3'},{'R2'},&,39.0,&
{'D3'},{'D6'},{'D7'},{'D1'},{'D4'},{'D5'},{'D2'},{'R1'},{'R2'},{'R3'},&,65.0,&
{'D3'},{'D6'},{'D7'},{'D1'},{'D4'},{'D5'},{'R3'},{'D2'},{'R1'},{'R2'},&,12.0,&
{'D3'},{'D6'},{'D7'},{'D1'},{'D4'},{'D5'},{'R3'},{'D2'},{'R2'},{'R1'},&,21.0,&
{'D3'},{'D6'},{'D7'},{'D1'},{'D4'},{'D5'},{'R3'},{'R2'},{'R1'},{'D2'},&,3.0,&
{'D3'},{'D6'},{'D7'},{'D1'},{'D4'},{'D5'},{'R3'},{'R2'},{'D2'},{'R1'},&,5.0,&
{'D3'},{'D6'},{'D7'},{'D1'},{'D4'},{'D5'},{'R3'},{'R1'},{'D2'},{'R2'},&,3.0,&
{'D3'},{'D6'},{'D7'},{'D1'},{'D4'},{'D5'},{'R3'},{'R1'},{'R2'},{'D2'},&,1.0,&
{'D3'},{'D6'},{'D7'},{'D1'},{'D4'},{'D5'},{'R1'},{'D2'},{'R3'},{'R2'},&,11.0,&
{'D3'},{'D6'},{'D7'},{'D1'},{'D4'},{'D5'},{'R1'},{'D2'},{'R2'},{'R3'},&,13.0,&
{'D3'},{'D6'},{'D7'},{'D1'},{'D4'},{'D5'},{'R1'},{'R3'},{'D2'},{'R2'},&,2.0,&
{'D3'},{'D6'},{'D7'},{'D1'},{'D4'},{'D5'},{'R1'},{'R2'},{'R3'},{'D2'},&,1.0,&
{'D3'},{'D6'},{'D7'},{'D1'},{'D4'},{'D5'},{'R1'},{'R2'},{'D2'},{'R3'},&,7.0,&
{'D3'},{'D6'},{'D7'},{'D1'},{'D4'},{'R2'},{'D2'},{'R3'},{'D5'},{'R1'},&,1.0,&
{'D3'},{'D6'},{'D7'},{'D1'},{'D4'},{'R2'},{'D2'},{'D5'},{'R3'},{'R1'},&,1.0,&
{'D3'},{'D6'},{'D7'},{'D1'},{'D4'},{'R2'},{'R3'},{'D5'},{'R1'},{'D2'},&,1.0,&
{'D3'},{'D6'},{'D7'},{'D1'},{'D4'},{'R2'},{'D5'},{'D2'},{'R3'},{'R1'},&,8.0,&
{'D3'},{'D6'},{'D7'},{'D1'},{'D4'},{'R2'},{'D5'},{'D2'},{'R1'},{'R3'},&,4.0,&
{'D3'},{'D6'},{'D7'},{'D1'},{'D4'},{'R2'},{'D5'},{'R3'},{'D2'},{'R1'},&,5.0,&
{'D3'},{'D6'},{'D7'},{'D1'},{'D4'},{'R2'},{'D5'},{'R1'},{'D2'},{'R3'},&,1.0,&
{'D3'},{'D6'},{'D7'},{'D1'},{'D4'},{'R2'},{'R1'},{'D5'},{'D2'},{'R3'},&,2.0,&
{'D3'},{'D6'},{'D7'},{'D1'},{'D4'},{'D2'},{'R2'},{'R3'},{'D5'},{'R1'},&,1.0,&
{'D3'},{'D6'},{'D7'},{'D1'},{'D4'},{'D2'},{'R2'},{'D5'},{'R3'},{'R1'},&,1.0,&
{'D3'},{'D6'},{'D7'},{'D1'},{'D4'},{'D2'},{'R2'},{'D5'},{'R1'},{'R3'},&,4.0,&
{'D3'},{'D6'},{'D7'},{'D1'},{'D4'},{'D2'},{'D5'},{'R3'},{'R1'},{'R2'},&,3.0,&
{'D3'},{'D6'},{'D7'},{'D1'},{'D4'},{'D2'},{'D5'},{'R3'},{'R2'},{'R1'},&,4.0,&
{'D3'},{'D6'},{'D7'},{'D1'},{'D4'},{'D2'},{'D5'},{'R2'},{'R3'},{'R1'},&,10.0,&
{'D3'},{'D6'},{'D7'},{'D1'},{'D4'},{'D2'},{'D5'},{'R2'},{'R1'},{'R3'},&,3.0,&
{'D3'},{'D6'},{'D7'},{'D1'},{'D4'},{'D2'},{'D5'},{'R1'},{'R3'},{'R2'},&,8.0,&
{'D3'},{'D6'},{'D7'},{'D1'},{'D4'},{'D2'},{'D5'},{'R1'},{'R2'},{'R3'},&,6.0,&
{'D3'},{'D6'},{'D7'},{'D1'},{'D4'},{'D2'},{'R1'},{'D5'},{'R2'},{'R3'},&,1.0,&
{'D3'},{'D6'},{'D7'},{'D1'},{'D4'},{'R1'},{'D2'},{'D5'},{'R3'},{'R2'},&,1.0,&
{'D3'},{'D6'},{'D7'},{'D1'},{'D4'},{'R1'},{'D5'},{'D2'},{'R3'},{'R2'},&,2.0,&
{'D3'},{'D6'},{'D7'},{'D1'},{'D4'},{'R1'},{'D5'},{'D2'},{'R2'},{'R3'},&,6.0,&
{'D3'},{'D6'},{'D7'},{'D1'},{'D4'},{'R3'},{'R2'},{'D5'},{'D2'},{'R1'},&,1.0,&
{'D3'},{'D6'},{'D7'},{'D1'},{'D4'},{'R3'},{'D2'},{'D5'},{'R1'},{'R2'},&,1.0,&
{'D3'},{'D6'},{'D7'},{'D1'},{'D4'},{'R3'},{'D5'},{'D2'},{'R1'},{'R2'},&,4.0,&
{'D3'},{'D6'},{'D7'},{'D1'},{'D4'},{'R3'},{'D5'},{'D2'},{'R2'},{'R1'},&,5.0,&
{'D3'},{'D6'},{'D7'},{'D1'},{'D4'},{'R3'},{'D5'},{'R2'},{'D2'},{'R1'},&,1.0,&
{'D3'},{'D6'},{'D7'},{'D1'},{'D4'},{'R3'},{'D5'},{'R1'},{'D2'},{'R2'},&,1.0,&
{'D3'},{'D6'},{'D7'},{'D1'},{'D2'},{'D5'},{'R2'},{'D4'},{'R3'},{'R1'},&,1.0,&
{'D3'},{'D6'},{'D7'},{'D1'},{'D2'},{'D4'},{'R3'},{'D5'},{'R1'},{'R2'},&,2.0,&
{'D3'},{'D6'},{'D7'},{'D1'},{'D2'},{'D4'},{'R3'},{'D5'},{'R2'},{'R1'},&,1.0,&
{'D3'},{'D6'},{'D7'},{'D1'},{'D2'},{'D4'},{'D5'},{'R3'},{'R1'},{'R2'},&,1.0,&
{'D3'},{'D6'},{'D7'},{'D1'},{'D2'},{'D4'},{'D5'},{'R3'},{'R2'},{'R1'},&,4.0,&
{'D3'},{'D6'},{'D7'},{'D1'},{'D2'},{'D4'},{'D5'},{'R2'},{'R3'},{'R1'},&,4.0,&
{'D3'},{'D6'},{'D7'},{'D1'},{'D2'},{'D4'},{'D5'},{'R2'},{'R1'},{'R3'},&,6.0,&
{'D3'},{'D6'},{'D7'},{'D1'},{'D2'},{'D4'},{'D5'},{'R1'},{'R3'},{'R2'},&,1.0,&
{'D3'},{'D6'},{'D7'},{'D1'},{'D2'},{'D4'},{'R1'},{'D5'},{'R2'},{'R3'},&,2.0,&
{'D3'},{'D6'},{'D7'},{'D1'},{'R1'},{'D4'},{'D2'},{'D5'},{'R2'},{'R3'},&,2.0,&
{'D3'},{'D6'},{'D7'},{'D1'},{'R2'},{'D5'},{'D4'},{'D2'},{'R3'},{'R1'},&,1.0,&
{'D3'},{'D6'},{'D7'},{'D1'},{'R2'},{'D5'},{'D4'},{'R1'},{'D2'},{'R3'},&,1.0,&
{'D3'},{'D6'},{'D7'},{'D1'},{'R2'},{'D4'},{'D5'},{'D2'},{'R3'},{'R1'},&,1.0,&
{'D3'},{'D6'},{'D7'},{'D1'},{'R2'},{'D4'},{'D5'},{'D2'},{'R1'},{'R3'},&,1.0,&
{'D3'},{'D6'},{'D7'},{'D1'},{'R3'},{'D4'},{'D5'},{'D2'},{'R2'},{'R1'},&,1.0,&
{'D3'},{'D6'},{'D7'},{'D1'},{'R3'},{'D4'},{'D5'},{'R2'},{'R1'},{'D2'},&,1.0,&
{'D3'},{'D6'},{'D7'},{'D5'},{'D1'},{'D4'},{'R2'},{'D2'},{'R3'},{'R1'},&,8.0,&
{'D3'},{'D6'},{'D7'},{'D5'},{'D1'},{'D4'},{'R2'},{'D2'},{'R1'},{'R3'},&,14.0,&
{'D3'},{'D6'},{'D7'},{'D5'},{'D1'},{'D4'},{'R2'},{'R3'},{'R1'},{'D2'},&,2.0,&
{'D3'},{'D6'},{'D7'},{'D5'},{'D1'},{'D4'},{'R2'},{'R3'},{'D2'},{'R1'},&,2.0,&
{'D3'},{'D6'},{'D7'},{'D5'},{'D1'},{'D4'},{'R2'},{'R1'},{'D2'},{'R3'},&,3.0,&
{'D3'},{'D6'},{'D7'},{'D5'},{'D1'},{'D4'},{'D2'},{'R3'},{'R1'},{'R2'},&,15.0,&
{'D3'},{'D6'},{'D7'},{'D5'},{'D1'},{'D4'},{'D2'},{'R3'},{'R2'},{'R1'},&,25.0,&
{'D3'},{'D6'},{'D7'},{'D5'},{'D1'},{'D4'},{'D2'},{'R2'},{'R3'},{'R1'},&,37.0,&
{'D3'},{'D6'},{'D7'},{'D5'},{'D1'},{'D4'},{'D2'},{'R2'},{'R1'},{'R3'},&,31.0,&
{'D3'},{'D6'},{'D7'},{'D5'},{'D1'},{'D4'},{'D2'},{'R1'},{'R3'},{'R2'},&,13.0,&
{'D3'},{'D6'},{'D7'},{'D5'},{'D1'},{'D4'},{'D2'},{'R1'},{'R2'},{'R3'},&,17.0,&
{'D3'},{'D6'},{'D7'},{'D5'},{'D1'},{'D4'},{'R3'},{'D2'},{'R1'},{'R2'},&,4.0,&
{'D3'},{'D6'},{'D7'},{'D5'},{'D1'},{'D4'},{'R3'},{'D2'},{'R2'},{'R1'},&,9.0,&
{'D3'},{'D6'},{'D7'},{'D5'},{'D1'},{'D4'},{'R3'},{'R2'},{'R1'},{'D2'},&,1.0,&
{'D3'},{'D6'},{'D7'},{'D5'},{'D1'},{'D4'},{'R3'},{'R1'},{'R2'},{'D2'},&,1.0,&
{'D3'},{'D6'},{'D7'},{'D5'},{'D1'},{'D4'},{'R1'},{'D2'},{'R3'},{'R2'},&,6.0,&
{'D3'},{'D6'},{'D7'},{'D5'},{'D1'},{'D4'},{'R1'},{'D2'},{'R2'},{'R3'},&,7.0,&
{'D3'},{'D6'},{'D7'},{'D5'},{'D1'},{'D4'},{'R1'},{'R3'},{'D2'},{'R2'},&,2.0,&
{'D3'},{'D6'},{'D7'},{'D5'},{'D1'},{'R2'},{'D2'},{'R3'},{'D4'},{'R1'},&,1.0,&
{'D3'},{'D6'},{'D7'},{'D5'},{'D1'},{'R2'},{'D4'},{'D2'},{'R3'},{'R1'},&,1.0,&
{'D3'},{'D6'},{'D7'},{'D5'},{'D1'},{'R2'},{'D4'},{'D2'},{'R1'},{'R3'},&,3.0,&
{'D3'},{'D6'},{'D7'},{'D5'},{'D1'},{'R2'},{'D4'},{'R3'},{'D2'},{'R1'},&,1.0,&
{'D3'},{'D6'},{'D7'},{'D5'},{'D1'},{'D2'},{'R2'},{'D4'},{'R1'},{'R3'},&,1.0,&
{'D3'},{'D6'},{'D7'},{'D5'},{'D1'},{'D2'},{'D4'},{'R3'},{'R2'},{'R1'},&,3.0,&
{'D3'},{'D6'},{'D7'},{'D5'},{'D1'},{'D2'},{'D4'},{'R2'},{'R3'},{'R1'},&,1.0,&
{'D3'},{'D6'},{'D7'},{'D5'},{'D1'},{'D2'},{'D4'},{'R2'},{'R1'},{'R3'},&,2.0,&
{'D3'},{'D6'},{'D7'},{'D5'},{'D1'},{'R1'},{'D2'},{'D4'},{'R2'},{'R3'},&,1.0,&
{'D3'},{'D6'},{'D7'},{'D5'},{'D1'},{'R1'},{'D4'},{'R3'},{'R2'},{'D2'},&,1.0,&
{'D3'},{'D6'},{'D7'},{'D5'},{'D1'},{'R3'},{'R1'},{'D4'},{'D2'},{'R2'},&,1.0,&
{'D3'},{'D6'},{'D7'},{'D5'},{'D1'},{'R3'},{'D4'},{'D2'},{'R1'},{'R2'},&,2.0,&
{'D3'},{'D6'},{'D7'},{'D5'},{'D1'},{'R3'},{'D4'},{'D2'},{'R2'},{'R1'},&,3.0,&
{'D3'},{'D6'},{'D7'},{'D5'},{'D4'},{'D1'},{'R2'},{'D2'},{'R3'},{'R1'},&,9.0,&
{'D3'},{'D6'},{'D7'},{'D5'},{'D4'},{'D1'},{'R2'},{'D2'},{'R1'},{'R3'},&,9.0,&
{'D3'},{'D6'},{'D7'},{'D5'},{'D4'},{'D1'},{'R2'},{'R3'},{'R1'},{'D2'},&,1.0,&
{'D3'},{'D6'},{'D7'},{'D5'},{'D4'},{'D1'},{'R2'},{'R3'},{'D2'},{'R1'},&,3.0,&
{'D3'},{'D6'},{'D7'},{'D5'},{'D4'},{'D1'},{'R2'},{'R1'},{'D2'},{'R3'},&,4.0,&
{'D3'},{'D6'},{'D7'},{'D5'},{'D4'},{'D1'},{'D2'},{'R3'},{'R1'},{'R2'},&,23.0,&
{'D3'},{'D6'},{'D7'},{'D5'},{'D4'},{'D1'},{'D2'},{'R3'},{'R2'},{'R1'},&,30.0,&
{'D3'},{'D6'},{'D7'},{'D5'},{'D4'},{'D1'},{'D2'},{'R2'},{'R3'},{'R1'},&,54.0,&
{'D3'},{'D6'},{'D7'},{'D5'},{'D4'},{'D1'},{'D2'},{'R2'},{'R1'},{'R3'},&,54.0,&
{'D3'},{'D6'},{'D7'},{'D5'},{'D4'},{'D1'},{'D2'},{'R1'},{'R3'},{'R2'},&,26.0,&
{'D3'},{'D6'},{'D7'},{'D5'},{'D4'},{'D1'},{'D2'},{'R1'},{'R2'},{'R3'},&,37.0,&
{'D3'},{'D6'},{'D7'},{'D5'},{'D4'},{'D1'},{'R3'},{'D2'},{'R1'},{'R2'},&,4.0,&
{'D3'},{'D6'},{'D7'},{'D5'},{'D4'},{'D1'},{'R3'},{'D2'},{'R2'},{'R1'},&,8.0,&
{'D3'},{'D6'},{'D7'},{'D5'},{'D4'},{'D1'},{'R3'},{'R2'},{'R1'},{'D2'},&,1.0,&
{'D3'},{'D6'},{'D7'},{'D5'},{'D4'},{'D1'},{'R3'},{'R2'},{'D2'},{'R1'},&,1.0,&
{'D3'},{'D6'},{'D7'},{'D5'},{'D4'},{'D1'},{'R3'},{'R1'},{'D2'},{'R2'},&,2.0,&
{'D3'},{'D6'},{'D7'},{'D5'},{'D4'},{'D1'},{'R1'},{'D2'},{'R3'},{'R2'},&,4.0,&
{'D3'},{'D6'},{'D7'},{'D5'},{'D4'},{'D1'},{'R1'},{'D2'},{'R2'},{'R3'},&,9.0,&
{'D3'},{'D6'},{'D7'},{'D5'},{'D4'},{'D1'},{'R1'},{'R3'},{'D2'},{'R2'},&,2.0,&
{'D3'},{'D6'},{'D7'},{'D5'},{'D4'},{'D1'},{'R1'},{'R3'},{'R2'},{'D2'},&,2.0,&
{'D3'},{'D6'},{'D7'},{'D5'},{'D4'},{'D1'},{'R1'},{'R2'},{'R3'},{'D2'},&,1.0,&
{'D3'},{'D6'},{'D7'},{'D5'},{'D4'},{'D1'},{'R1'},{'R2'},{'D2'},{'R3'},&,1.0,&
{'D3'},{'D6'},{'D7'},{'D5'},{'D4'},{'R2'},{'R1'},{'D1'},{'D2'},{'R3'},&,1.0,&
{'D3'},{'D6'},{'D7'},{'D5'},{'D4'},{'R2'},{'D1'},{'D2'},{'R3'},{'R1'},&,5.0,&
{'D3'},{'D6'},{'D7'},{'D5'},{'D4'},{'R2'},{'D1'},{'D2'},{'R1'},{'R3'},&,5.0,&
{'D3'},{'D6'},{'D7'},{'D5'},{'D4'},{'R2'},{'D1'},{'R3'},{'R1'},{'D2'},&,2.0,&
{'D3'},{'D6'},{'D7'},{'D5'},{'D4'},{'R2'},{'D1'},{'R3'},{'D2'},{'R1'},&,2.0,&
{'D3'},{'D6'},{'D7'},{'D5'},{'D4'},{'R2'},{'D1'},{'R1'},{'D2'},{'R3'},&,2.0,&
{'D3'},{'D6'},{'D7'},{'D5'},{'D4'},{'D2'},{'R2'},{'D1'},{'R3'},{'R1'},&,2.0,&
{'D3'},{'D6'},{'D7'},{'D5'},{'D4'},{'D2'},{'R1'},{'D1'},{'R2'},{'R3'},&,1.0,&
{'D3'},{'D6'},{'D7'},{'D5'},{'D4'},{'D2'},{'D1'},{'R3'},{'R1'},{'R2'},&,2.0,&
{'D3'},{'D6'},{'D7'},{'D5'},{'D4'},{'D2'},{'D1'},{'R3'},{'R2'},{'R1'},&,2.0,&
{'D3'},{'D6'},{'D7'},{'D5'},{'D4'},{'D2'},{'D1'},{'R2'},{'R3'},{'R1'},&,2.0,&
{'D3'},{'D6'},{'D7'},{'D5'},{'D4'},{'D2'},{'D1'},{'R2'},{'R1'},{'R3'},&,3.0,&
{'D3'},{'D6'},{'D7'},{'D5'},{'D4'},{'D2'},{'D1'},{'R1'},{'R3'},{'R2'},&,1.0,&
{'D3'},{'D6'},{'D7'},{'D5'},{'D4'},{'D2'},{'D1'},{'R1'},{'R2'},{'R3'},&,2.0,&
{'D3'},{'D6'},{'D7'},{'D5'},{'D4'},{'R1'},{'D1'},{'D2'},{'R2'},{'R3'},&,1.0,&
{'D3'},{'D6'},{'D7'},{'D5'},{'D4'},{'R1'},{'D1'},{'R3'},{'D2'},{'R2'},&,1.0,&
{'D3'},{'D6'},{'D7'},{'D5'},{'D4'},{'R1'},{'D1'},{'R2'},{'D2'},{'R3'},&,1.0,&
{'D3'},{'D6'},{'D7'},{'D5'},{'D4'},{'R3'},{'D1'},{'D2'},{'R1'},{'R2'},&,1.0,&
{'D3'},{'D6'},{'D7'},{'D5'},{'D4'},{'R3'},{'D1'},{'D2'},{'R2'},{'R1'},&,3.0,&
{'D3'},{'D6'},{'D7'},{'D5'},{'D4'},{'R3'},{'D1'},{'R2'},{'R1'},{'D2'},&,1.0,&
{'D3'},{'D6'},{'D7'},{'D5'},{'D4'},{'R3'},{'D1'},{'R2'},{'D2'},{'R1'},&,1.0,&
{'D3'},{'D6'},{'D7'},{'D5'},{'D2'},{'D4'},{'R3'},{'R2'},{'R1'},{'D1'},&,1.0,&
{'D3'},{'D6'},{'D7'},{'D5'},{'D2'},{'D4'},{'D1'},{'R3'},{'R1'},{'R2'},&,1.0,&
{'D3'},{'D6'},{'D7'},{'D5'},{'D2'},{'D4'},{'D1'},{'R3'},{'R2'},{'R1'},&,1.0,&
{'D3'},{'D6'},{'D7'},{'D5'},{'D2'},{'D4'},{'D1'},{'R2'},{'R3'},{'R1'},&,1.0,&
{'D3'},{'D6'},{'D7'},{'D5'},{'D2'},{'D4'},{'D1'},{'R2'},{'R1'},{'R3'},&,2.0,&
{'D3'},{'D6'},{'D7'},{'D5'},{'D2'},{'D4'},{'D1'},{'R1'},{'R3'},{'R2'},&,1.0,&
{'D3'},{'D6'},{'D7'},{'D5'},{'D2'},{'D1'},{'D4'},{'R3'},{'R1'},{'R2'},&,1.0,&
{'D3'},{'D6'},{'D7'},{'D5'},{'D2'},{'D1'},{'D4'},{'R3'},{'R2'},{'R1'},&,1.0,&
{'D3'},{'D6'},{'D7'},{'D5'},{'D2'},{'D1'},{'D4'},{'R2'},{'R3'},{'R1'},&,1.0,&
{'D3'},{'D6'},{'D7'},{'D5'},{'D2'},{'D1'},{'D4'},{'R1'},{'R2'},{'R3'},&,1.0,&
{'D3'},{'D6'},{'D7'},{'D5'},{'D2'},{'R1'},{'R2'},{'D1'},{'D4'},{'R3'},&,1.0,&
{'D3'},{'D6'},{'D7'},{'D5'},{'D2'},{'R3'},{'D1'},{'R1'},{'R2'},{'D4'},&,1.0,&
{'D3'},{'D6'},{'D7'},{'D5'},{'R1'},{'D1'},{'R2'},{'D4'},{'R3'},{'D2'},&,1.0,&
{'D3'},{'D6'},{'D7'},{'D5'},{'R1'},{'D1'},{'D4'},{'D2'},{'R3'},{'R2'},&,1.0,&
{'D3'},{'D6'},{'D7'},{'D5'},{'R1'},{'D1'},{'D4'},{'D2'},{'R2'},{'R3'},&,1.0,&
{'D3'},{'D6'},{'D7'},{'D5'},{'R2'},{'D4'},{'D1'},{'D2'},{'R1'},{'R3'},&,3.0,&
{'D3'},{'D6'},{'D7'},{'D5'},{'R2'},{'D1'},{'D4'},{'D2'},{'R1'},{'R3'},&,1.0,&
{'D3'},{'D6'},{'D7'},{'D5'},{'R3'},{'D4'},{'D1'},{'D2'},{'R2'},{'R1'},&,1.0,&
{'D3'},{'D6'},{'D7'},{'D5'},{'R3'},{'D1'},{'D4'},{'D2'},{'R2'},{'R1'},&,2.0,&
{'D3'},{'D6'},{'D7'},{'D4'},{'D1'},{'D5'},{'R2'},{'D2'},{'R3'},{'R1'},&,25.0,&
{'D3'},{'D6'},{'D7'},{'D4'},{'D1'},{'D5'},{'R2'},{'D2'},{'R1'},{'R3'},&,24.0,&
{'D3'},{'D6'},{'D7'},{'D4'},{'D1'},{'D5'},{'R2'},{'R3'},{'R1'},{'D2'},&,2.0,&
{'D3'},{'D6'},{'D7'},{'D4'},{'D1'},{'D5'},{'R2'},{'R3'},{'D2'},{'R1'},&,13.0,&
{'D3'},{'D6'},{'D7'},{'D4'},{'D1'},{'D5'},{'R2'},{'R1'},{'R3'},{'D2'},&,1.0,&
{'D3'},{'D6'},{'D7'},{'D4'},{'D1'},{'D5'},{'R2'},{'R1'},{'D2'},{'R3'},&,4.0,&
{'D3'},{'D6'},{'D7'},{'D4'},{'D1'},{'D5'},{'D2'},{'R3'},{'R1'},{'R2'},&,68.0,&
{'D3'},{'D6'},{'D7'},{'D4'},{'D1'},{'D5'},{'D2'},{'R3'},{'R2'},{'R1'},&,125.0,&
{'D3'},{'D6'},{'D7'},{'D4'},{'D1'},{'D5'},{'D2'},{'R2'},{'R3'},{'R1'},&,131.0,&
{'D3'},{'D6'},{'D7'},{'D4'},{'D1'},{'D5'},{'D2'},{'R2'},{'R1'},{'R3'},&,108.0,&
{'D3'},{'D6'},{'D7'},{'D4'},{'D1'},{'D5'},{'D2'},{'R1'},{'R3'},{'R2'},&,56.0,&
{'D3'},{'D6'},{'D7'},{'D4'},{'D1'},{'D5'},{'D2'},{'R1'},{'R2'},{'R3'},&,65.0,&
{'D3'},{'D6'},{'D7'},{'D4'},{'D1'},{'D5'},{'R3'},{'D2'},{'R1'},{'R2'},&,18.0,&
{'D3'},{'D6'},{'D7'},{'D4'},{'D1'},{'D5'},{'R3'},{'D2'},{'R2'},{'R1'},&,28.0,&
{'D3'},{'D6'},{'D7'},{'D4'},{'D1'},{'D5'},{'R3'},{'R2'},{'R1'},{'D2'},&,3.0,&
{'D3'},{'D6'},{'D7'},{'D4'},{'D1'},{'D5'},{'R3'},{'R2'},{'D2'},{'R1'},&,5.0,&
{'D3'},{'D6'},{'D7'},{'D4'},{'D1'},{'D5'},{'R3'},{'R1'},{'D2'},{'R2'},&,6.0,&
{'D3'},{'D6'},{'D7'},{'D4'},{'D1'},{'D5'},{'R3'},{'R1'},{'R2'},{'D2'},&,3.0,&
{'D3'},{'D6'},{'D7'},{'D4'},{'D1'},{'D5'},{'R1'},{'D2'},{'R3'},{'R2'},&,16.0,&
{'D3'},{'D6'},{'D7'},{'D4'},{'D1'},{'D5'},{'R1'},{'D2'},{'R2'},{'R3'},&,19.0,&
{'D3'},{'D6'},{'D7'},{'D4'},{'D1'},{'D5'},{'R1'},{'R3'},{'D2'},{'R2'},&,5.0,&
{'D3'},{'D6'},{'D7'},{'D4'},{'D1'},{'D5'},{'R1'},{'R3'},{'R2'},{'D2'},&,1.0,&
{'D3'},{'D6'},{'D7'},{'D4'},{'D1'},{'D5'},{'R1'},{'R2'},{'R3'},{'D2'},&,2.0,&
{'D3'},{'D6'},{'D7'},{'D4'},{'D1'},{'D5'},{'R1'},{'R2'},{'D2'},{'R3'},&,7.0,&
{'D3'},{'D6'},{'D7'},{'D4'},{'D1'},{'R2'},{'D2'},{'D5'},{'R3'},{'R1'},&,4.0,&
{'D3'},{'D6'},{'D7'},{'D4'},{'D1'},{'R2'},{'R3'},{'D5'},{'R1'},{'D2'},&,2.0,&
{'D3'},{'D6'},{'D7'},{'D4'},{'D1'},{'R2'},{'R3'},{'D5'},{'D2'},{'R1'},&,2.0,&
{'D3'},{'D6'},{'D7'},{'D4'},{'D1'},{'R2'},{'D5'},{'D2'},{'R3'},{'R1'},&,8.0,&
{'D3'},{'D6'},{'D7'},{'D4'},{'D1'},{'R2'},{'D5'},{'D2'},{'R1'},{'R3'},&,6.0,&
{'D3'},{'D6'},{'D7'},{'D4'},{'D1'},{'R2'},{'D5'},{'R3'},{'R1'},{'D2'},&,1.0,&
{'D3'},{'D6'},{'D7'},{'D4'},{'D1'},{'R2'},{'D5'},{'R3'},{'D2'},{'R1'},&,2.0,&
{'D3'},{'D6'},{'D7'},{'D4'},{'D1'},{'R2'},{'D5'},{'R1'},{'D2'},{'R3'},&,3.0,&
{'D3'},{'D6'},{'D7'},{'D4'},{'D1'},{'D2'},{'R2'},{'R3'},{'D5'},{'R1'},&,2.0,&
{'D3'},{'D6'},{'D7'},{'D4'},{'D1'},{'D2'},{'R2'},{'R1'},{'D5'},{'R3'},&,1.0,&
{'D3'},{'D6'},{'D7'},{'D4'},{'D1'},{'D2'},{'R2'},{'D5'},{'R3'},{'R1'},&,3.0,&
{'D3'},{'D6'},{'D7'},{'D4'},{'D1'},{'D2'},{'R2'},{'D5'},{'R1'},{'R3'},&,1.0,&
{'D3'},{'D6'},{'D7'},{'D4'},{'D1'},{'D2'},{'R3'},{'R2'},{'D5'},{'R1'},&,1.0,&
{'D3'},{'D6'},{'D7'},{'D4'},{'D1'},{'D2'},{'R3'},{'D5'},{'R1'},{'R2'},&,2.0,&
{'D3'},{'D6'},{'D7'},{'D4'},{'D1'},{'D2'},{'R3'},{'D5'},{'R2'},{'R1'},&,6.0,&
{'D3'},{'D6'},{'D7'},{'D4'},{'D1'},{'D2'},{'D5'},{'R3'},{'R1'},{'R2'},&,4.0,&
{'D3'},{'D6'},{'D7'},{'D4'},{'D1'},{'D2'},{'D5'},{'R3'},{'R2'},{'R1'},&,10.0,&
{'D3'},{'D6'},{'D7'},{'D4'},{'D1'},{'D2'},{'D5'},{'R2'},{'R3'},{'R1'},&,7.0,&
{'D3'},{'D6'},{'D7'},{'D4'},{'D1'},{'D2'},{'D5'},{'R2'},{'R1'},{'R3'},&,14.0,&
{'D3'},{'D6'},{'D7'},{'D4'},{'D1'},{'D2'},{'D5'},{'R1'},{'R3'},{'R2'},&,2.0,&
{'D3'},{'D6'},{'D7'},{'D4'},{'D1'},{'D2'},{'D5'},{'R1'},{'R2'},{'R3'},&,8.0,&
{'D3'},{'D6'},{'D7'},{'D4'},{'D1'},{'D2'},{'R1'},{'R3'},{'D5'},{'R2'},&,1.0,&
{'D3'},{'D6'},{'D7'},{'D4'},{'D1'},{'D2'},{'R1'},{'D5'},{'R2'},{'R3'},&,2.0,&
{'D3'},{'D6'},{'D7'},{'D4'},{'D1'},{'R1'},{'D2'},{'D5'},{'R2'},{'R3'},&,1.0,&
{'D3'},{'D6'},{'D7'},{'D4'},{'D1'},{'R1'},{'D5'},{'D2'},{'R3'},{'R2'},&,3.0,&
{'D3'},{'D6'},{'D7'},{'D4'},{'D1'},{'R1'},{'D5'},{'D2'},{'R2'},{'R3'},&,3.0,&
{'D3'},{'D6'},{'D7'},{'D4'},{'D1'},{'R1'},{'D5'},{'R3'},{'R2'},{'D2'},&,1.0,&
{'D3'},{'D6'},{'D7'},{'D4'},{'D1'},{'R1'},{'D5'},{'R2'},{'D2'},{'R3'},&,1.0,&
{'D3'},{'D6'},{'D7'},{'D4'},{'D1'},{'R3'},{'R2'},{'D5'},{'D2'},{'R1'},&,1.0,&
{'D3'},{'D6'},{'D7'},{'D4'},{'D1'},{'R3'},{'D2'},{'D5'},{'R1'},{'R2'},&,1.0,&
{'D3'},{'D6'},{'D7'},{'D4'},{'D1'},{'R3'},{'D2'},{'D5'},{'R2'},{'R1'},&,1.0,&
{'D3'},{'D6'},{'D7'},{'D4'},{'D1'},{'R3'},{'D5'},{'D2'},{'R1'},{'R2'},&,5.0,&
{'D3'},{'D6'},{'D7'},{'D4'},{'D1'},{'R3'},{'D5'},{'D2'},{'R2'},{'R1'},&,2.0,&
{'D3'},{'D6'},{'D7'},{'D4'},{'D1'},{'R3'},{'D5'},{'R2'},{'R1'},{'D2'},&,2.0,&
{'D3'},{'D6'},{'D7'},{'D4'},{'D1'},{'R3'},{'D5'},{'R2'},{'D2'},{'R1'},&,2.0,&
{'D3'},{'D6'},{'D7'},{'D4'},{'D5'},{'D1'},{'R2'},{'D2'},{'R3'},{'R1'},&,19.0,&
{'D3'},{'D6'},{'D7'},{'D4'},{'D5'},{'D1'},{'R2'},{'D2'},{'R1'},{'R3'},&,12.0,&
{'D3'},{'D6'},{'D7'},{'D4'},{'D5'},{'D1'},{'R2'},{'R3'},{'R1'},{'D2'},&,1.0,&
{'D3'},{'D6'},{'D7'},{'D4'},{'D5'},{'D1'},{'R2'},{'R3'},{'D2'},{'R1'},&,7.0,&
{'D3'},{'D6'},{'D7'},{'D4'},{'D5'},{'D1'},{'R2'},{'R1'},{'R3'},{'D2'},&,1.0,&
{'D3'},{'D6'},{'D7'},{'D4'},{'D5'},{'D1'},{'R2'},{'R1'},{'D2'},{'R3'},&,5.0,&
{'D3'},{'D6'},{'D7'},{'D4'},{'D5'},{'D1'},{'D2'},{'R3'},{'R1'},{'R2'},&,28.0,&
{'D3'},{'D6'},{'D7'},{'D4'},{'D5'},{'D1'},{'D2'},{'R3'},{'R2'},{'R1'},&,73.0,&
{'D3'},{'D6'},{'D7'},{'D4'},{'D5'},{'D1'},{'D2'},{'R2'},{'R3'},{'R1'},&,74.0,&
{'D3'},{'D6'},{'D7'},{'D4'},{'D5'},{'D1'},{'D2'},{'R2'},{'R1'},{'R3'},&,74.0,&
{'D3'},{'D6'},{'D7'},{'D4'},{'D5'},{'D1'},{'D2'},{'R1'},{'R3'},{'R2'},&,36.0,&
{'D3'},{'D6'},{'D7'},{'D4'},{'D5'},{'D1'},{'D2'},{'R1'},{'R2'},{'R3'},&,40.0,&
{'D3'},{'D6'},{'D7'},{'D4'},{'D5'},{'D1'},{'R3'},{'D2'},{'R1'},{'R2'},&,7.0,&
{'D3'},{'D6'},{'D7'},{'D4'},{'D5'},{'D1'},{'R3'},{'D2'},{'R2'},{'R1'},&,11.0,&
{'D3'},{'D6'},{'D7'},{'D4'},{'D5'},{'D1'},{'R3'},{'R2'},{'R1'},{'D2'},&,1.0,&
{'D3'},{'D6'},{'D7'},{'D4'},{'D5'},{'D1'},{'R3'},{'R2'},{'D2'},{'R1'},&,5.0,&
{'D3'},{'D6'},{'D7'},{'D4'},{'D5'},{'D1'},{'R3'},{'R1'},{'D2'},{'R2'},&,3.0,&
{'D3'},{'D6'},{'D7'},{'D4'},{'D5'},{'D1'},{'R3'},{'R1'},{'R2'},{'D2'},&,1.0,&
{'D3'},{'D6'},{'D7'},{'D4'},{'D5'},{'D1'},{'R1'},{'D2'},{'R3'},{'R2'},&,4.0,&
{'D3'},{'D6'},{'D7'},{'D4'},{'D5'},{'D1'},{'R1'},{'D2'},{'R2'},{'R3'},&,15.0,&
{'D3'},{'D6'},{'D7'},{'D4'},{'D5'},{'D1'},{'R1'},{'R3'},{'D2'},{'R2'},&,3.0,&
{'D3'},{'D6'},{'D7'},{'D4'},{'D5'},{'D1'},{'R1'},{'R2'},{'R3'},{'D2'},&,1.0,&
{'D3'},{'D6'},{'D7'},{'D4'},{'D5'},{'D1'},{'R1'},{'R2'},{'D2'},{'R3'},&,3.0,&
{'D3'},{'D6'},{'D7'},{'D4'},{'D5'},{'R2'},{'D2'},{'D1'},{'R1'},{'R3'},&,2.0,&
{'D3'},{'D6'},{'D7'},{'D4'},{'D5'},{'R2'},{'D1'},{'D2'},{'R3'},{'R1'},&,6.0,&
{'D3'},{'D6'},{'D7'},{'D4'},{'D5'},{'R2'},{'D1'},{'D2'},{'R1'},{'R3'},&,5.0,&
{'D3'},{'D6'},{'D7'},{'D4'},{'D5'},{'R2'},{'D1'},{'R3'},{'D2'},{'R1'},&,1.0,&
{'D3'},{'D6'},{'D7'},{'D4'},{'D5'},{'R2'},{'D1'},{'R1'},{'R3'},{'D2'},&,2.0,&
{'D3'},{'D6'},{'D7'},{'D4'},{'D5'},{'R2'},{'D1'},{'R1'},{'D2'},{'R3'},&,2.0,&
{'D3'},{'D6'},{'D7'},{'D4'},{'D5'},{'D2'},{'R2'},{'D1'},{'R3'},{'R1'},&,3.0,&
{'D3'},{'D6'},{'D7'},{'D4'},{'D5'},{'D2'},{'R3'},{'R1'},{'D1'},{'R2'},&,1.0,&
{'D3'},{'D6'},{'D7'},{'D4'},{'D5'},{'D2'},{'R3'},{'D1'},{'R1'},{'R2'},&,1.0,&
{'D3'},{'D6'},{'D7'},{'D4'},{'D5'},{'D2'},{'R3'},{'D1'},{'R2'},{'R1'},&,1.0,&
{'D3'},{'D6'},{'D7'},{'D4'},{'D5'},{'D2'},{'D1'},{'R3'},{'R1'},{'R2'},&,4.0,&
{'D3'},{'D6'},{'D7'},{'D4'},{'D5'},{'D2'},{'D1'},{'R3'},{'R2'},{'R1'},&,2.0,&
{'D3'},{'D6'},{'D7'},{'D4'},{'D5'},{'D2'},{'D1'},{'R2'},{'R3'},{'R1'},&,2.0,&
{'D3'},{'D6'},{'D7'},{'D4'},{'D5'},{'D2'},{'D1'},{'R2'},{'R1'},{'R3'},&,6.0,&
{'D3'},{'D6'},{'D7'},{'D4'},{'D5'},{'D2'},{'D1'},{'R1'},{'R3'},{'R2'},&,2.0,&
{'D3'},{'D6'},{'D7'},{'D4'},{'D5'},{'D2'},{'D1'},{'R1'},{'R2'},{'R3'},&,5.0,&
{'D3'},{'D6'},{'D7'},{'D4'},{'D5'},{'R1'},{'D1'},{'D2'},{'R3'},{'R2'},&,1.0,&
{'D3'},{'D6'},{'D7'},{'D4'},{'D5'},{'R1'},{'D1'},{'R2'},{'D2'},{'R3'},&,1.0,&
{'D3'},{'D6'},{'D7'},{'D4'},{'D5'},{'R3'},{'D2'},{'D1'},{'R1'},{'R2'},&,1.0,&
{'D3'},{'D6'},{'D7'},{'D4'},{'D5'},{'R3'},{'D1'},{'D2'},{'R1'},{'R2'},&,3.0,&
{'D3'},{'D6'},{'D7'},{'D4'},{'D5'},{'R3'},{'D1'},{'D2'},{'R2'},{'R1'},&,4.0,&
{'D3'},{'D6'},{'D7'},{'D4'},{'D5'},{'R3'},{'D1'},{'R2'},{'D2'},{'R1'},&,2.0,&
{'D3'},{'D6'},{'D7'},{'D4'},{'D2'},{'D5'},{'R2'},{'R1'},{'D1'},{'R3'},&,1.0,&
{'D3'},{'D6'},{'D7'},{'D4'},{'D2'},{'D5'},{'R2'},{'D1'},{'R3'},{'R1'},&,2.0,&
{'D3'},{'D6'},{'D7'},{'D4'},{'D2'},{'D5'},{'R2'},{'D1'},{'R1'},{'R3'},&,1.0,&
{'D3'},{'D6'},{'D7'},{'D4'},{'D2'},{'D5'},{'R3'},{'D1'},{'R1'},{'R2'},&,1.0,&
{'D3'},{'D6'},{'D7'},{'D4'},{'D2'},{'D5'},{'R1'},{'D1'},{'R3'},{'R2'},&,1.0,&
{'D3'},{'D6'},{'D7'},{'D4'},{'D2'},{'D5'},{'R1'},{'D1'},{'R2'},{'R3'},&,1.0,&
{'D3'},{'D6'},{'D7'},{'D4'},{'D2'},{'D5'},{'D1'},{'R3'},{'R1'},{'R2'},&,1.0,&
{'D3'},{'D6'},{'D7'},{'D4'},{'D2'},{'D5'},{'D1'},{'R3'},{'R2'},{'R1'},&,2.0,&
{'D3'},{'D6'},{'D7'},{'D4'},{'D2'},{'D5'},{'D1'},{'R2'},{'R3'},{'R1'},&,3.0,&
{'D3'},{'D6'},{'D7'},{'D4'},{'D2'},{'D5'},{'D1'},{'R2'},{'R1'},{'R3'},&,5.0,&
{'D3'},{'D6'},{'D7'},{'D4'},{'D2'},{'D5'},{'D1'},{'R1'},{'R3'},{'R2'},&,3.0,&
{'D3'},{'D6'},{'D7'},{'D4'},{'D2'},{'D5'},{'D1'},{'R1'},{'R2'},{'R3'},&,2.0,&
{'D3'},{'D6'},{'D7'},{'D4'},{'D2'},{'D1'},{'R2'},{'D5'},{'R3'},{'R1'},&,1.0,&
{'D3'},{'D6'},{'D7'},{'D4'},{'D2'},{'D1'},{'R3'},{'R2'},{'D5'},{'R1'},&,1.0,&
{'D3'},{'D6'},{'D7'},{'D4'},{'D2'},{'D1'},{'R3'},{'R1'},{'D5'},{'R2'},&,1.0,&
{'D3'},{'D6'},{'D7'},{'D4'},{'D2'},{'D1'},{'R3'},{'D5'},{'R2'},{'R1'},&,1.0,&
{'D3'},{'D6'},{'D7'},{'D4'},{'D2'},{'D1'},{'D5'},{'R3'},{'R1'},{'R2'},&,5.0,&
{'D3'},{'D6'},{'D7'},{'D4'},{'D2'},{'D1'},{'D5'},{'R3'},{'R2'},{'R1'},&,5.0,&
{'D3'},{'D6'},{'D7'},{'D4'},{'D2'},{'D1'},{'D5'},{'R2'},{'R3'},{'R1'},&,5.0,&
{'D3'},{'D6'},{'D7'},{'D4'},{'D2'},{'D1'},{'D5'},{'R2'},{'R1'},{'R3'},&,4.0,&
{'D3'},{'D6'},{'D7'},{'D4'},{'D2'},{'D1'},{'D5'},{'R1'},{'R3'},{'R2'},&,3.0,&
{'D3'},{'D6'},{'D7'},{'D4'},{'D2'},{'D1'},{'D5'},{'R1'},{'R2'},{'R3'},&,4.0,&
{'D3'},{'D6'},{'D7'},{'D4'},{'D2'},{'D1'},{'R1'},{'R2'},{'D5'},{'R3'},&,1.0,&
{'D3'},{'D6'},{'D7'},{'D4'},{'D2'},{'D1'},{'R1'},{'D5'},{'R3'},{'R2'},&,1.0,&
{'D3'},{'D6'},{'D7'},{'D4'},{'D2'},{'D1'},{'R1'},{'D5'},{'R2'},{'R3'},&,2.0,&
{'D3'},{'D6'},{'D7'},{'D4'},{'D2'},{'R2'},{'D5'},{'D1'},{'R3'},{'R1'},&,1.0,&
{'D3'},{'D6'},{'D7'},{'D4'},{'D2'},{'R2'},{'D5'},{'D1'},{'R1'},{'R3'},&,1.0,&
{'D3'},{'D6'},{'D7'},{'D4'},{'D2'},{'R2'},{'D1'},{'R1'},{'R3'},{'D5'},&,1.0,&
{'D3'},{'D6'},{'D7'},{'D4'},{'D2'},{'R1'},{'D5'},{'D1'},{'R2'},{'R3'},&,1.0,&
{'D3'},{'D6'},{'D7'},{'D4'},{'R1'},{'D5'},{'D1'},{'D2'},{'R2'},{'R3'},&,1.0,&
{'D3'},{'D6'},{'D7'},{'D4'},{'R1'},{'D5'},{'D1'},{'R2'},{'D2'},{'R3'},&,2.0,&
{'D3'},{'D6'},{'D7'},{'D4'},{'R1'},{'D1'},{'D5'},{'D2'},{'R3'},{'R2'},&,2.0,&
{'D3'},{'D6'},{'D7'},{'D4'},{'R2'},{'D5'},{'D2'},{'R3'},{'D1'},{'R1'},&,1.0,&
{'D3'},{'D6'},{'D7'},{'D4'},{'R2'},{'D5'},{'D1'},{'D2'},{'R1'},{'R3'},&,1.0,&
{'D3'},{'D6'},{'D7'},{'D4'},{'R2'},{'D1'},{'D5'},{'D2'},{'R3'},{'R1'},&,2.0,&
{'D3'},{'D6'},{'D7'},{'D4'},{'R3'},{'D5'},{'D1'},{'D2'},{'R2'},{'R1'},&,2.0,&
{'D3'},{'D6'},{'D7'},{'D4'},{'R3'},{'D1'},{'D5'},{'D2'},{'R2'},{'R1'},&,3.0,&
{'D3'},{'D6'},{'D7'},{'D4'},{'R3'},{'D1'},{'D5'},{'R1'},{'D2'},{'R2'},&,1.0,&
{'D3'},{'D6'},{'D7'},{'D2'},{'D1'},{'D5'},{'R2'},{'R1'},{'D4'},{'R3'},&,1.0,&
{'D3'},{'D6'},{'D7'},{'D2'},{'D1'},{'D5'},{'D4'},{'R1'},{'R2'},{'R3'},&,1.0,&
{'D3'},{'D6'},{'D7'},{'D2'},{'D1'},{'D4'},{'R2'},{'D5'},{'R3'},{'R1'},&,1.0,&
{'D3'},{'D6'},{'D7'},{'D2'},{'D1'},{'D4'},{'R2'},{'D5'},{'R1'},{'R3'},&,1.0,&
{'D3'},{'D6'},{'D7'},{'D2'},{'D1'},{'D4'},{'R3'},{'R1'},{'R2'},{'D5'},&,1.0,&
{'D3'},{'D6'},{'D7'},{'D2'},{'D1'},{'D4'},{'R3'},{'D5'},{'R1'},{'R2'},&,1.0,&
{'D3'},{'D6'},{'D7'},{'D2'},{'D1'},{'D4'},{'R3'},{'D5'},{'R2'},{'R1'},&,1.0,&
{'D3'},{'D6'},{'D7'},{'D2'},{'D1'},{'D4'},{'D5'},{'R3'},{'R1'},{'R2'},&,1.0,&
{'D3'},{'D6'},{'D7'},{'D2'},{'D1'},{'D4'},{'D5'},{'R3'},{'R2'},{'R1'},&,1.0,&
{'D3'},{'D6'},{'D7'},{'D2'},{'D1'},{'D4'},{'D5'},{'R2'},{'R3'},{'R1'},&,2.0,&
{'D3'},{'D6'},{'D7'},{'D2'},{'D1'},{'D4'},{'D5'},{'R2'},{'R1'},{'R3'},&,5.0,&
{'D3'},{'D6'},{'D7'},{'D2'},{'D1'},{'D4'},{'R1'},{'D5'},{'R2'},{'R3'},&,1.0,&
{'D3'},{'D6'},{'D7'},{'D2'},{'D5'},{'D4'},{'R3'},{'D1'},{'R1'},{'R2'},&,1.0,&
{'D3'},{'D6'},{'D7'},{'D2'},{'D5'},{'D4'},{'R1'},{'R2'},{'D1'},{'R3'},&,1.0,&
{'D3'},{'D6'},{'D7'},{'D2'},{'D5'},{'D4'},{'D1'},{'R2'},{'R3'},{'R1'},&,1.0,&
{'D3'},{'D6'},{'D7'},{'D2'},{'D5'},{'D4'},{'D1'},{'R2'},{'R1'},{'R3'},&,3.0,&
{'D3'},{'D6'},{'D7'},{'D2'},{'D5'},{'D1'},{'R2'},{'R3'},{'D4'},{'R1'},&,1.0,&
{'D3'},{'D6'},{'D7'},{'D2'},{'D5'},{'D1'},{'R2'},{'D4'},{'R3'},{'R1'},&,1.0,&
{'D3'},{'D6'},{'D7'},{'D2'},{'D5'},{'D1'},{'D4'},{'R2'},{'R1'},{'R3'},&,2.0,&
{'D3'},{'D6'},{'D7'},{'D2'},{'D5'},{'R2'},{'D1'},{'D4'},{'R1'},{'R3'},&,1.0,&
{'D3'},{'D6'},{'D7'},{'D2'},{'D5'},{'R3'},{'D4'},{'D1'},{'R1'},{'R2'},&,1.0,&
{'D3'},{'D6'},{'D7'},{'D2'},{'D4'},{'D5'},{'D1'},{'R3'},{'R2'},{'R1'},&,1.0,&
{'D3'},{'D6'},{'D7'},{'D2'},{'D4'},{'D5'},{'D1'},{'R2'},{'R1'},{'R3'},&,3.0,&
{'D3'},{'D6'},{'D7'},{'D2'},{'D4'},{'D5'},{'D1'},{'R1'},{'R3'},{'R2'},&,2.0,&
{'D3'},{'D6'},{'D7'},{'D2'},{'D4'},{'D5'},{'D1'},{'R1'},{'R2'},{'R3'},&,1.0,&
{'D3'},{'D6'},{'D7'},{'D2'},{'D4'},{'D1'},{'R2'},{'R3'},{'D5'},{'R1'},&,1.0,&
{'D3'},{'D6'},{'D7'},{'D2'},{'D4'},{'D1'},{'R3'},{'D5'},{'R1'},{'R2'},&,1.0,&
{'D3'},{'D6'},{'D7'},{'D2'},{'D4'},{'D1'},{'D5'},{'R3'},{'R2'},{'R1'},&,1.0,&
{'D3'},{'D6'},{'D7'},{'D2'},{'D4'},{'D1'},{'D5'},{'R2'},{'R3'},{'R1'},&,1.0,&
{'D3'},{'D6'},{'D7'},{'D2'},{'D4'},{'D1'},{'D5'},{'R2'},{'R1'},{'R3'},&,2.0,&
{'D3'},{'D6'},{'D7'},{'D2'},{'D4'},{'D1'},{'D5'},{'R1'},{'R3'},{'R2'},&,2.0,&
{'D3'},{'D6'},{'D7'},{'D2'},{'D4'},{'D1'},{'D5'},{'R1'},{'R2'},{'R3'},&,2.0,&
{'D3'},{'D6'},{'D7'},{'D2'},{'D4'},{'D1'},{'R1'},{'D5'},{'R2'},{'R3'},&,1.0,&
{'D3'},{'D6'},{'D7'},{'R2'},{'D1'},{'D5'},{'D4'},{'D2'},{'R1'},{'R3'},&,1.0,&
{'D3'},{'D6'},{'D7'},{'R2'},{'D1'},{'D5'},{'D4'},{'R3'},{'D2'},{'R1'},&,1.0,&
{'D3'},{'D6'},{'D7'},{'R2'},{'D1'},{'D4'},{'D5'},{'D2'},{'R3'},{'R1'},&,1.0,&
{'D3'},{'D6'},{'D7'},{'R2'},{'D4'},{'D1'},{'D5'},{'D2'},{'R1'},{'R3'},&,2.0,&
{'D3'},{'D6'},{'D7'},{'R3'},{'D1'},{'D5'},{'D4'},{'D2'},{'R1'},{'R2'},&,1.0,&
{'D3'},{'D6'},{'D7'},{'R3'},{'D1'},{'D4'},{'D5'},{'D2'},{'R2'},{'R1'},&,1.0,&
{'D3'},{'D6'},{'D7'},{'R3'},{'D5'},{'D4'},{'D1'},{'D2'},{'R2'},{'R1'},&,1.0,&
{'D3'},{'D6'},{'D7'},{'R3'},{'D4'},{'D5'},{'D1'},{'D2'},{'R1'},{'R2'},&,1.0,&
{'D3'},{'D6'},{'D7'},{'R3'},{'D4'},{'D1'},{'R2'},{'R1'},{'D5'},{'D2'},&,1.0,&
{'D3'},{'D6'},{'D7'},{'R3'},{'D4'},{'D1'},{'D5'},{'D2'},{'R1'},{'R2'},&,1.0,&
{'D3'},{'D6'},{'D7'},{'R3'},{'D4'},{'R2'},{'D1'},{'D5'},{'D2'},{'R1'},&,1.0,&
{'D3'},{'D6'},{'D7'},{'R1'},{'D1'},{'D4'},{'D5'},{'D2'},{'R3'},{'R2'},&,1.0,&
{'D3'},{'D6'},{'D7'},{'R1'},{'D5'},{'D4'},{'D1'},{'D2'},{'R3'},{'R2'},&,1.0,&
{'D3'},{'D6'},{'D7'},{'R1'},{'D5'},{'D4'},{'D1'},{'R3'},{'D2'},{'R2'},&,1.0,&
{'D3'},{'D6'},{'D7'},{'R1'},{'D4'},{'D1'},{'D5'},{'D2'},{'R3'},{'R2'},&,1.0,&
{'D3'},{'D6'},{'D7'},{'R1'},{'D4'},{'D1'},{'D5'},{'D2'},{'R2'},{'R3'},&,1.0,&
{'D3'},{'D6'},{'D5'},{'D1'},{'D4'},{'D7'},{'D2'},{'R1'},{'R2'},{'R3'},&,1.0,&
{'D3'},{'D6'},{'D5'},{'D1'},{'D4'},{'D7'},{'R1'},{'D2'},{'R2'},{'R3'},&,1.0,&
{'D3'},{'D6'},{'D5'},{'D1'},{'D7'},{'D4'},{'D2'},{'R3'},{'R1'},{'R2'},&,1.0,&
{'D3'},{'D6'},{'D5'},{'D1'},{'D7'},{'D4'},{'D2'},{'R2'},{'R3'},{'R1'},&,1.0,&
{'D3'},{'D6'},{'D5'},{'D1'},{'D7'},{'D4'},{'D2'},{'R1'},{'R3'},{'R2'},&,2.0,&
{'D3'},{'D6'},{'D5'},{'D1'},{'D7'},{'D4'},{'R1'},{'D2'},{'R3'},{'R2'},&,1.0,&
{'D3'},{'D6'},{'D5'},{'D4'},{'D1'},{'D7'},{'D2'},{'R2'},{'R3'},{'R1'},&,1.0,&
{'D3'},{'D6'},{'D5'},{'D4'},{'D1'},{'D7'},{'R3'},{'R1'},{'D2'},{'R2'},&,1.0,&
{'D3'},{'D6'},{'D5'},{'D4'},{'D7'},{'D1'},{'R2'},{'D2'},{'R3'},{'R1'},&,1.0,&
{'D3'},{'D6'},{'D5'},{'D4'},{'D7'},{'D1'},{'D2'},{'R3'},{'R1'},{'R2'},&,3.0,&
{'D3'},{'D6'},{'D5'},{'D4'},{'D7'},{'D1'},{'D2'},{'R3'},{'R2'},{'R1'},&,1.0,&
{'D3'},{'D6'},{'D5'},{'D4'},{'D7'},{'D1'},{'D2'},{'R2'},{'R1'},{'R3'},&,1.0,&
{'D3'},{'D6'},{'D5'},{'D4'},{'D7'},{'D1'},{'D2'},{'R1'},{'R2'},{'R3'},&,2.0,&
{'D3'},{'D6'},{'D5'},{'D4'},{'D7'},{'D1'},{'R1'},{'R3'},{'D2'},{'R2'},&,1.0,&
{'D3'},{'D6'},{'D5'},{'D7'},{'D1'},{'D4'},{'R2'},{'D2'},{'R3'},{'R1'},&,1.0,&
{'D3'},{'D6'},{'D5'},{'D7'},{'D1'},{'D4'},{'R2'},{'D2'},{'R1'},{'R3'},&,3.0,&
{'D3'},{'D6'},{'D5'},{'D7'},{'D1'},{'D4'},{'R2'},{'R1'},{'R3'},{'D2'},&,1.0,&
{'D3'},{'D6'},{'D5'},{'D7'},{'D1'},{'D4'},{'D2'},{'R3'},{'R1'},{'R2'},&,5.0,&
{'D3'},{'D6'},{'D5'},{'D7'},{'D1'},{'D4'},{'D2'},{'R3'},{'R2'},{'R1'},&,4.0,&
{'D3'},{'D6'},{'D5'},{'D7'},{'D1'},{'D4'},{'D2'},{'R2'},{'R3'},{'R1'},&,6.0,&
{'D3'},{'D6'},{'D5'},{'D7'},{'D1'},{'D4'},{'D2'},{'R2'},{'R1'},{'R3'},&,5.0,&
{'D3'},{'D6'},{'D5'},{'D7'},{'D1'},{'D4'},{'D2'},{'R1'},{'R3'},{'R2'},&,2.0,&
{'D3'},{'D6'},{'D5'},{'D7'},{'D1'},{'D4'},{'D2'},{'R1'},{'R2'},{'R3'},&,2.0,&
{'D3'},{'D6'},{'D5'},{'D7'},{'D1'},{'D4'},{'R3'},{'D2'},{'R1'},{'R2'},&,1.0,&
{'D3'},{'D6'},{'D5'},{'D7'},{'D1'},{'D4'},{'R3'},{'D2'},{'R2'},{'R1'},&,1.0,&
{'D3'},{'D6'},{'D5'},{'D7'},{'D1'},{'D4'},{'R3'},{'R2'},{'D2'},{'R1'},&,1.0,&
{'D3'},{'D6'},{'D5'},{'D7'},{'D1'},{'D4'},{'R3'},{'R1'},{'D2'},{'R2'},&,1.0,&
{'D3'},{'D6'},{'D5'},{'D7'},{'D1'},{'D4'},{'R1'},{'D2'},{'R2'},{'R3'},&,1.0,&
{'D3'},{'D6'},{'D5'},{'D7'},{'D1'},{'D4'},{'R1'},{'R3'},{'D2'},{'R2'},&,1.0,&
{'D3'},{'D6'},{'D5'},{'D7'},{'D1'},{'D4'},{'R1'},{'R2'},{'R3'},{'D2'},&,1.0,&
{'D3'},{'D6'},{'D5'},{'D7'},{'D1'},{'D4'},{'R1'},{'R2'},{'D2'},{'R3'},&,1.0,&
{'D3'},{'D6'},{'D5'},{'D7'},{'D1'},{'R2'},{'D4'},{'R3'},{'D2'},{'R1'},&,1.0,&
{'D3'},{'D6'},{'D5'},{'D7'},{'D1'},{'R1'},{'D4'},{'D2'},{'R2'},{'R3'},&,1.0,&
{'D3'},{'D6'},{'D5'},{'D7'},{'D1'},{'R3'},{'R1'},{'D2'},{'R2'},{'D4'},&,1.0,&
{'D3'},{'D6'},{'D5'},{'D7'},{'D1'},{'R3'},{'D4'},{'R2'},{'D2'},{'R1'},&,1.0,&
{'D3'},{'D6'},{'D5'},{'D7'},{'D4'},{'D1'},{'R2'},{'D2'},{'R3'},{'R1'},&,4.0,&
{'D3'},{'D6'},{'D5'},{'D7'},{'D4'},{'D1'},{'R2'},{'D2'},{'R1'},{'R3'},&,2.0,&
{'D3'},{'D6'},{'D5'},{'D7'},{'D4'},{'D1'},{'D2'},{'R3'},{'R1'},{'R2'},&,6.0,&
{'D3'},{'D6'},{'D5'},{'D7'},{'D4'},{'D1'},{'D2'},{'R3'},{'R2'},{'R1'},&,9.0,&
{'D3'},{'D6'},{'D5'},{'D7'},{'D4'},{'D1'},{'D2'},{'R2'},{'R3'},{'R1'},&,16.0,&
{'D3'},{'D6'},{'D5'},{'D7'},{'D4'},{'D1'},{'D2'},{'R2'},{'R1'},{'R3'},&,6.0,&
{'D3'},{'D6'},{'D5'},{'D7'},{'D4'},{'D1'},{'D2'},{'R1'},{'R3'},{'R2'},&,1.0,&
{'D3'},{'D6'},{'D5'},{'D7'},{'D4'},{'D1'},{'D2'},{'R1'},{'R2'},{'R3'},&,5.0,&
{'D3'},{'D6'},{'D5'},{'D7'},{'D4'},{'D1'},{'R3'},{'D2'},{'R2'},{'R1'},&,4.0,&
{'D3'},{'D6'},{'D5'},{'D7'},{'D4'},{'D1'},{'R3'},{'R2'},{'D2'},{'R1'},&,1.0,&
{'D3'},{'D6'},{'D5'},{'D7'},{'D4'},{'D1'},{'R1'},{'D2'},{'R3'},{'R2'},&,3.0,&
{'D3'},{'D6'},{'D5'},{'D7'},{'D4'},{'D1'},{'R1'},{'D2'},{'R2'},{'R3'},&,2.0,&
{'D3'},{'D6'},{'D5'},{'D7'},{'D4'},{'D1'},{'R1'},{'R2'},{'R3'},{'D2'},&,1.0,&
{'D3'},{'D6'},{'D5'},{'D7'},{'D4'},{'R2'},{'D1'},{'D2'},{'R3'},{'R1'},&,2.0,&
{'D3'},{'D6'},{'D5'},{'D7'},{'D4'},{'D2'},{'D1'},{'R2'},{'R3'},{'R1'},&,1.0,&
{'D3'},{'D6'},{'D5'},{'D7'},{'D4'},{'D2'},{'D1'},{'R1'},{'R2'},{'R3'},&,1.0,&
{'D3'},{'D6'},{'D5'},{'D7'},{'D4'},{'R1'},{'D1'},{'D2'},{'R3'},{'R2'},&,1.0,&
{'D3'},{'D6'},{'D5'},{'D7'},{'D4'},{'R3'},{'D1'},{'D2'},{'R2'},{'R1'},&,1.0,&
{'D3'},{'D6'},{'D5'},{'D7'},{'D2'},{'D4'},{'R2'},{'D1'},{'R3'},{'R1'},&,1.0,&
{'D3'},{'D6'},{'D5'},{'D7'},{'D2'},{'D4'},{'D1'},{'R3'},{'R2'},{'R1'},&,1.0,&
{'D3'},{'D6'},{'D5'},{'D7'},{'D2'},{'D4'},{'D1'},{'R2'},{'R3'},{'R1'},&,1.0,&
{'D3'},{'D6'},{'D5'},{'D7'},{'R1'},{'D4'},{'D1'},{'D2'},{'R2'},{'R3'},&,2.0,&
{'D3'},{'D6'},{'D5'},{'D7'},{'R2'},{'D4'},{'D1'},{'R1'},{'D2'},{'R3'},&,1.0,&
{'D3'},{'D6'},{'D1'},{'D5'},{'D7'},{'D4'},{'R2'},{'D2'},{'R1'},{'R3'},&,1.0,&
{'D3'},{'D6'},{'D1'},{'D5'},{'D7'},{'D4'},{'R2'},{'R3'},{'D2'},{'R1'},&,1.0,&
{'D3'},{'D6'},{'D1'},{'D5'},{'D7'},{'D4'},{'D2'},{'R3'},{'R1'},{'R2'},&,3.0,&
{'D3'},{'D6'},{'D1'},{'D5'},{'D7'},{'D4'},{'D2'},{'R3'},{'R2'},{'R1'},&,1.0,&
{'D3'},{'D6'},{'D1'},{'D5'},{'D7'},{'D4'},{'D2'},{'R2'},{'R1'},{'R3'},&,2.0,&
{'D3'},{'D6'},{'D1'},{'D5'},{'D7'},{'D4'},{'D2'},{'R1'},{'R3'},{'R2'},&,1.0,&
{'D3'},{'D6'},{'D1'},{'D5'},{'D7'},{'D4'},{'D2'},{'R1'},{'R2'},{'R3'},&,2.0,&
{'D3'},{'D6'},{'D1'},{'D5'},{'D7'},{'D4'},{'R3'},{'D2'},{'R1'},{'R2'},&,1.0,&
{'D3'},{'D6'},{'D1'},{'D5'},{'D7'},{'D4'},{'R3'},{'D2'},{'R2'},{'R1'},&,2.0,&
{'D3'},{'D6'},{'D1'},{'D5'},{'D7'},{'D2'},{'D4'},{'R3'},{'R2'},{'R1'},&,1.0,&
{'D3'},{'D6'},{'D1'},{'D4'},{'D5'},{'D7'},{'D2'},{'R3'},{'R2'},{'R1'},&,1.0,&
{'D3'},{'D6'},{'D1'},{'D4'},{'D5'},{'D7'},{'D2'},{'R1'},{'R2'},{'R3'},&,1.0,&
{'D3'},{'D6'},{'D1'},{'D4'},{'D7'},{'D5'},{'R2'},{'D2'},{'R1'},{'R3'},&,2.0,&
{'D3'},{'D6'},{'D1'},{'D4'},{'D7'},{'D5'},{'R2'},{'R1'},{'R3'},{'D2'},&,1.0,&
{'D3'},{'D6'},{'D1'},{'D4'},{'D7'},{'D5'},{'D2'},{'R3'},{'R2'},{'R1'},&,3.0,&
{'D3'},{'D6'},{'D1'},{'D4'},{'D7'},{'D5'},{'D2'},{'R2'},{'R3'},{'R1'},&,2.0,&
{'D3'},{'D6'},{'D1'},{'D4'},{'D7'},{'D5'},{'D2'},{'R2'},{'R1'},{'R3'},&,3.0,&
{'D3'},{'D6'},{'D1'},{'D4'},{'D7'},{'D5'},{'D2'},{'R1'},{'R3'},{'R2'},&,1.0,&
{'D3'},{'D6'},{'D1'},{'D4'},{'D7'},{'D5'},{'D2'},{'R1'},{'R2'},{'R3'},&,1.0,&
{'D3'},{'D6'},{'D1'},{'D4'},{'D7'},{'D5'},{'R3'},{'D2'},{'R1'},{'R2'},&,1.0,&
{'D3'},{'D6'},{'D1'},{'D4'},{'D7'},{'D5'},{'R3'},{'R1'},{'D2'},{'R2'},&,1.0,&
{'D3'},{'D6'},{'D1'},{'D4'},{'D7'},{'D5'},{'R1'},{'R2'},{'D2'},{'R3'},&,1.0,&
{'D3'},{'D6'},{'D1'},{'D4'},{'D7'},{'D2'},{'D5'},{'R2'},{'R3'},{'R1'},&,1.0,&
{'D3'},{'D6'},{'D1'},{'D4'},{'D7'},{'D2'},{'D5'},{'R2'},{'R1'},{'R3'},&,1.0,&
{'D3'},{'D6'},{'D1'},{'D4'},{'D7'},{'D2'},{'D5'},{'R1'},{'R3'},{'R2'},&,1.0,&
{'D3'},{'D6'},{'D1'},{'D4'},{'R3'},{'D7'},{'D2'},{'D5'},{'R2'},{'R1'},&,1.0,&
{'D3'},{'D6'},{'D1'},{'D7'},{'D5'},{'D4'},{'R2'},{'D2'},{'R3'},{'R1'},&,2.0,&
{'D3'},{'D6'},{'D1'},{'D7'},{'D5'},{'D4'},{'R2'},{'D2'},{'R1'},{'R3'},&,2.0,&
{'D3'},{'D6'},{'D1'},{'D7'},{'D5'},{'D4'},{'D2'},{'R3'},{'R1'},{'R2'},&,2.0,&
{'D3'},{'D6'},{'D1'},{'D7'},{'D5'},{'D4'},{'D2'},{'R3'},{'R2'},{'R1'},&,4.0,&
{'D3'},{'D6'},{'D1'},{'D7'},{'D5'},{'D4'},{'D2'},{'R2'},{'R3'},{'R1'},&,16.0,&
{'D3'},{'D6'},{'D1'},{'D7'},{'D5'},{'D4'},{'D2'},{'R2'},{'R1'},{'R3'},&,10.0,&
{'D3'},{'D6'},{'D1'},{'D7'},{'D5'},{'D4'},{'D2'},{'R1'},{'R3'},{'R2'},&,5.0,&
{'D3'},{'D6'},{'D1'},{'D7'},{'D5'},{'D4'},{'D2'},{'R1'},{'R2'},{'R3'},&,3.0,&
{'D3'},{'D6'},{'D1'},{'D7'},{'D5'},{'D4'},{'R3'},{'D2'},{'R1'},{'R2'},&,1.0,&
{'D3'},{'D6'},{'D1'},{'D7'},{'D5'},{'D4'},{'R3'},{'D2'},{'R2'},{'R1'},&,3.0,&
{'D3'},{'D6'},{'D1'},{'D7'},{'D5'},{'D4'},{'R1'},{'D2'},{'R3'},{'R2'},&,2.0,&
{'D3'},{'D6'},{'D1'},{'D7'},{'D5'},{'D4'},{'R1'},{'D2'},{'R2'},{'R3'},&,1.0,&
{'D3'},{'D6'},{'D1'},{'D7'},{'D5'},{'R2'},{'D4'},{'D2'},{'R3'},{'R1'},&,3.0,&
{'D3'},{'D6'},{'D1'},{'D7'},{'D5'},{'D2'},{'D4'},{'R3'},{'R2'},{'R1'},&,1.0,&
{'D3'},{'D6'},{'D1'},{'D7'},{'D5'},{'R1'},{'D4'},{'D2'},{'R3'},{'R2'},&,1.0,&
{'D3'},{'D6'},{'D1'},{'D7'},{'D5'},{'R3'},{'D4'},{'D2'},{'R1'},{'R2'},&,1.0,&
{'D3'},{'D6'},{'D1'},{'D7'},{'D4'},{'D5'},{'R2'},{'D2'},{'R3'},{'R1'},&,5.0,&
{'D3'},{'D6'},{'D1'},{'D7'},{'D4'},{'D5'},{'R2'},{'D2'},{'R1'},{'R3'},&,4.0,&
{'D3'},{'D6'},{'D1'},{'D7'},{'D4'},{'D5'},{'R2'},{'R3'},{'D2'},{'R1'},&,3.0,&
{'D3'},{'D6'},{'D1'},{'D7'},{'D4'},{'D5'},{'R2'},{'R1'},{'D2'},{'R3'},&,4.0,&
{'D3'},{'D6'},{'D1'},{'D7'},{'D4'},{'D5'},{'D2'},{'R3'},{'R1'},{'R2'},&,5.0,&
{'D3'},{'D6'},{'D1'},{'D7'},{'D4'},{'D5'},{'D2'},{'R3'},{'R2'},{'R1'},&,13.0,&
{'D3'},{'D6'},{'D1'},{'D7'},{'D4'},{'D5'},{'D2'},{'R2'},{'R3'},{'R1'},&,24.0,&
{'D3'},{'D6'},{'D1'},{'D7'},{'D4'},{'D5'},{'D2'},{'R2'},{'R1'},{'R3'},&,21.0,&
{'D3'},{'D6'},{'D1'},{'D7'},{'D4'},{'D5'},{'D2'},{'R1'},{'R3'},{'R2'},&,12.0,&
{'D3'},{'D6'},{'D1'},{'D7'},{'D4'},{'D5'},{'D2'},{'R1'},{'R2'},{'R3'},&,12.0,&
{'D3'},{'D6'},{'D1'},{'D7'},{'D4'},{'D5'},{'R3'},{'D2'},{'R1'},{'R2'},&,2.0,&
{'D3'},{'D6'},{'D1'},{'D7'},{'D4'},{'D5'},{'R3'},{'D2'},{'R2'},{'R1'},&,5.0,&
{'D3'},{'D6'},{'D1'},{'D7'},{'D4'},{'D5'},{'R3'},{'R2'},{'D2'},{'R1'},&,1.0,&
{'D3'},{'D6'},{'D1'},{'D7'},{'D4'},{'D5'},{'R1'},{'D2'},{'R3'},{'R2'},&,1.0,&
{'D3'},{'D6'},{'D1'},{'D7'},{'D4'},{'D5'},{'R1'},{'D2'},{'R2'},{'R3'},&,7.0,&
{'D3'},{'D6'},{'D1'},{'D7'},{'D4'},{'D5'},{'R1'},{'R2'},{'D2'},{'R3'},&,2.0,&
{'D3'},{'D6'},{'D1'},{'D7'},{'D4'},{'R2'},{'D5'},{'D2'},{'R3'},{'R1'},&,1.0,&
{'D3'},{'D6'},{'D1'},{'D7'},{'D4'},{'R2'},{'D5'},{'R3'},{'R1'},{'D2'},&,1.0,&
{'D3'},{'D6'},{'D1'},{'D7'},{'D4'},{'R2'},{'D5'},{'R3'},{'D2'},{'R1'},&,1.0,&
{'D3'},{'D6'},{'D1'},{'D7'},{'D4'},{'D2'},{'R3'},{'D5'},{'R2'},{'R1'},&,1.0,&
{'D3'},{'D6'},{'D1'},{'D7'},{'D4'},{'D2'},{'D5'},{'R3'},{'R1'},{'R2'},&,1.0,&
{'D3'},{'D6'},{'D1'},{'D7'},{'D4'},{'D2'},{'D5'},{'R3'},{'R2'},{'R1'},&,1.0,&
{'D3'},{'D6'},{'D1'},{'D7'},{'D4'},{'D2'},{'D5'},{'R2'},{'R1'},{'R3'},&,1.0,&
{'D3'},{'D6'},{'D1'},{'D7'},{'D4'},{'D2'},{'D5'},{'R1'},{'R3'},{'R2'},&,2.0,&
{'D3'},{'D6'},{'D1'},{'D7'},{'D4'},{'D2'},{'D5'},{'R1'},{'R2'},{'R3'},&,1.0,&
{'D3'},{'D6'},{'D1'},{'D7'},{'D4'},{'D2'},{'R1'},{'D5'},{'R2'},{'R3'},&,1.0,&
{'D3'},{'D6'},{'D1'},{'D7'},{'D4'},{'R1'},{'D5'},{'D2'},{'R2'},{'R3'},&,1.0,&
{'D3'},{'D6'},{'D1'},{'D7'},{'D4'},{'R3'},{'D2'},{'D5'},{'R1'},{'R2'},&,2.0,&
{'D3'},{'D6'},{'D1'},{'D7'},{'D4'},{'R3'},{'D5'},{'R2'},{'D2'},{'R1'},&,1.0,&
{'D3'},{'D6'},{'D1'},{'D7'},{'D2'},{'D5'},{'D4'},{'R3'},{'R2'},{'R1'},&,1.0,&
{'D3'},{'D6'},{'D1'},{'D7'},{'D2'},{'D4'},{'R2'},{'D5'},{'R3'},{'R1'},&,2.0,&
{'D3'},{'D6'},{'D1'},{'D7'},{'D2'},{'D4'},{'R2'},{'D5'},{'R1'},{'R3'},&,2.0,&
{'D3'},{'D6'},{'D1'},{'D7'},{'D2'},{'D4'},{'R3'},{'D5'},{'R2'},{'R1'},&,2.0,&
{'D3'},{'D6'},{'D1'},{'D7'},{'D2'},{'R2'},{'D5'},{'D4'},{'R3'},{'R1'},&,1.0,&
{'D3'},{'D6'},{'D1'},{'D7'},{'R1'},{'D2'},{'D4'},{'D5'},{'R2'},{'R3'},&,1.0,&
{'D3'},{'D6'},{'D2'},{'D7'},{'D1'},{'D5'},{'D4'},{'R3'},{'R2'},{'R1'},&,1.0,&
{'D3'},{'D6'},{'D2'},{'D7'},{'D1'},{'D4'},{'D5'},{'R2'},{'R1'},{'R3'},&,1.0,&
{'D3'},{'D6'},{'D2'},{'D7'},{'D1'},{'D4'},{'D5'},{'R1'},{'R3'},{'R2'},&,1.0,&
{'D3'},{'D6'},{'D2'},{'D7'},{'D5'},{'D4'},{'R2'},{'R3'},{'D1'},{'R1'},&,1.0,&
{'D3'},{'D6'},{'D2'},{'D7'},{'D5'},{'D4'},{'R2'},{'D1'},{'R1'},{'R3'},&,1.0,&
{'D3'},{'D6'},{'D2'},{'D7'},{'D5'},{'D4'},{'D1'},{'R3'},{'R1'},{'R2'},&,1.0,&
{'D3'},{'D6'},{'D2'},{'D7'},{'D5'},{'D4'},{'D1'},{'R2'},{'R1'},{'R3'},&,1.0,&
{'D3'},{'D6'},{'D2'},{'D7'},{'D4'},{'D5'},{'R1'},{'D1'},{'R2'},{'R3'},&,1.0,&
{'D3'},{'D6'},{'D2'},{'D7'},{'D4'},{'D5'},{'D1'},{'R3'},{'R2'},{'R1'},&,2.0,&
{'D3'},{'D6'},{'D2'},{'D7'},{'D4'},{'D1'},{'R3'},{'D5'},{'R2'},{'R1'},&,1.0,&
{'D3'},{'D6'},{'D2'},{'D7'},{'D4'},{'D1'},{'D5'},{'R2'},{'R3'},{'R1'},&,1.0,&
{'D3'},{'D6'},{'R1'},{'D7'},{'D4'},{'D5'},{'D1'},{'R3'},{'R2'},{'D2'},&,1.0,&
{'D3'},{'D6'},{'R2'},{'D1'},{'D7'},{'D5'},{'D4'},{'D2'},{'R1'},{'R3'},&,1.0,&
{'D3'},{'D6'},{'R2'},{'D4'},{'D7'},{'D1'},{'D5'},{'R1'},{'D2'},{'R3'},&,1.0,&
{'D3'},{'D6'},{'R2'},{'D7'},{'D4'},{'D2'},{'D1'},{'D5'},{'R3'},{'R1'},&,1.0,&
{'D3'},{'D5'},{'D4'},{'D6'},{'D7'},{'D1'},{'D2'},{'R3'},{'R1'},{'R2'},&,2.0,&
{'D3'},{'D5'},{'D4'},{'D6'},{'D7'},{'D1'},{'D2'},{'R2'},{'R3'},{'R1'},&,2.0,&
{'D3'},{'D5'},{'D4'},{'D6'},{'D7'},{'D1'},{'D2'},{'R2'},{'R1'},{'R3'},&,2.0,&
{'D3'},{'D5'},{'D4'},{'D6'},{'D7'},{'D2'},{'D1'},{'R2'},{'R1'},{'R3'},&,1.0,&
{'D3'},{'D5'},{'D4'},{'D6'},{'D7'},{'D2'},{'D1'},{'R1'},{'R2'},{'R3'},&,2.0,&
{'D3'},{'D5'},{'D4'},{'D7'},{'D1'},{'D6'},{'D2'},{'R2'},{'R1'},{'R3'},&,1.0,&
{'D3'},{'D5'},{'D4'},{'D7'},{'D1'},{'D6'},{'R3'},{'R2'},{'D2'},{'R1'},&,1.0,&
{'D3'},{'D5'},{'D4'},{'D7'},{'D6'},{'D1'},{'R2'},{'D2'},{'R3'},{'R1'},&,2.0,&
{'D3'},{'D5'},{'D4'},{'D7'},{'D6'},{'D1'},{'R2'},{'D2'},{'R1'},{'R3'},&,1.0,&
{'D3'},{'D5'},{'D4'},{'D7'},{'D6'},{'D1'},{'D2'},{'R3'},{'R1'},{'R2'},&,1.0,&
{'D3'},{'D5'},{'D4'},{'D7'},{'D6'},{'D1'},{'D2'},{'R2'},{'R3'},{'R1'},&,6.0,&
{'D3'},{'D5'},{'D4'},{'D7'},{'D6'},{'D1'},{'D2'},{'R2'},{'R1'},{'R3'},&,1.0,&
{'D3'},{'D5'},{'D4'},{'D7'},{'D6'},{'D1'},{'R1'},{'D2'},{'R3'},{'R2'},&,1.0,&
{'D3'},{'D5'},{'D4'},{'D7'},{'D6'},{'D1'},{'R1'},{'R2'},{'R3'},{'D2'},&,1.0,&
{'D3'},{'D5'},{'D4'},{'D7'},{'D6'},{'D2'},{'D1'},{'R3'},{'R1'},{'R2'},&,1.0,&
{'D3'},{'D5'},{'D4'},{'D7'},{'D6'},{'D2'},{'D1'},{'R2'},{'R3'},{'R1'},&,1.0,&
{'D3'},{'D5'},{'D7'},{'D1'},{'D6'},{'D4'},{'R2'},{'D2'},{'R3'},{'R1'},&,2.0,&
{'D3'},{'D5'},{'D7'},{'D1'},{'D6'},{'D4'},{'D2'},{'R3'},{'R1'},{'R2'},&,1.0,&
{'D3'},{'D5'},{'D7'},{'D1'},{'D6'},{'D4'},{'D2'},{'R3'},{'R2'},{'R1'},&,3.0,&
{'D3'},{'D5'},{'D7'},{'D1'},{'D6'},{'D4'},{'D2'},{'R2'},{'R3'},{'R1'},&,3.0,&
{'D3'},{'D5'},{'D7'},{'D1'},{'D6'},{'D4'},{'D2'},{'R2'},{'R1'},{'R3'},&,3.0,&
{'D3'},{'D5'},{'D7'},{'D1'},{'D6'},{'D4'},{'D2'},{'R1'},{'R3'},{'R2'},&,1.0,&
{'D3'},{'D5'},{'D7'},{'D1'},{'D6'},{'D4'},{'D2'},{'R1'},{'R2'},{'R3'},&,1.0,&
{'D3'},{'D5'},{'D7'},{'D1'},{'D6'},{'D4'},{'R1'},{'D2'},{'R3'},{'R2'},&,1.0,&
{'D3'},{'D5'},{'D7'},{'D1'},{'R3'},{'D4'},{'D6'},{'D2'},{'R2'},{'R1'},&,1.0,&
{'D3'},{'D5'},{'D7'},{'D4'},{'D1'},{'D6'},{'D2'},{'R2'},{'R1'},{'R3'},&,1.0,&
{'D3'},{'D5'},{'D7'},{'D4'},{'D6'},{'D1'},{'D2'},{'R3'},{'R1'},{'R2'},&,2.0,&
{'D3'},{'D5'},{'D7'},{'D4'},{'D6'},{'D1'},{'D2'},{'R3'},{'R2'},{'R1'},&,3.0,&
{'D3'},{'D5'},{'D7'},{'D4'},{'D6'},{'D1'},{'D2'},{'R2'},{'R3'},{'R1'},&,2.0,&
{'D3'},{'D5'},{'D7'},{'D4'},{'D6'},{'D1'},{'D2'},{'R2'},{'R1'},{'R3'},&,2.0,&
{'D3'},{'D5'},{'D7'},{'D4'},{'D6'},{'D1'},{'D2'},{'R1'},{'R3'},{'R2'},&,2.0,&
{'D3'},{'D5'},{'D7'},{'D4'},{'D6'},{'D1'},{'D2'},{'R1'},{'R2'},{'R3'},&,3.0,&
{'D3'},{'D5'},{'D7'},{'D4'},{'D6'},{'D2'},{'R3'},{'R2'},{'D1'},{'R1'},&,1.0,&
{'D3'},{'D5'},{'D7'},{'D4'},{'D6'},{'D2'},{'R3'},{'D1'},{'R2'},{'R1'},&,1.0,&
{'D3'},{'D5'},{'D7'},{'D6'},{'D1'},{'D4'},{'R2'},{'D2'},{'R1'},{'R3'},&,1.0,&
{'D3'},{'D5'},{'D7'},{'D6'},{'D1'},{'D4'},{'R2'},{'R3'},{'D2'},{'R1'},&,1.0,&
{'D3'},{'D5'},{'D7'},{'D6'},{'D1'},{'D4'},{'D2'},{'R3'},{'R1'},{'R2'},&,1.0,&
{'D3'},{'D5'},{'D7'},{'D6'},{'D1'},{'D4'},{'D2'},{'R3'},{'R2'},{'R1'},&,7.0,&
{'D3'},{'D5'},{'D7'},{'D6'},{'D1'},{'D4'},{'D2'},{'R2'},{'R3'},{'R1'},&,7.0,&
{'D3'},{'D5'},{'D7'},{'D6'},{'D1'},{'D4'},{'D2'},{'R2'},{'R1'},{'R3'},&,9.0,&
{'D3'},{'D5'},{'D7'},{'D6'},{'D1'},{'D4'},{'D2'},{'R1'},{'R3'},{'R2'},&,1.0,&
{'D3'},{'D5'},{'D7'},{'D6'},{'D1'},{'D4'},{'D2'},{'R1'},{'R2'},{'R3'},&,3.0,&
{'D3'},{'D5'},{'D7'},{'D6'},{'D1'},{'D4'},{'R3'},{'D2'},{'R1'},{'R2'},&,1.0,&
{'D3'},{'D5'},{'D7'},{'D6'},{'D1'},{'D4'},{'R3'},{'R2'},{'D2'},{'R1'},&,1.0,&
{'D3'},{'D5'},{'D7'},{'D6'},{'D1'},{'D4'},{'R1'},{'D2'},{'R3'},{'R2'},&,2.0,&
{'D3'},{'D5'},{'D7'},{'D6'},{'D1'},{'D4'},{'R1'},{'D2'},{'R2'},{'R3'},&,1.0,&
{'D3'},{'D5'},{'D7'},{'D6'},{'D1'},{'D4'},{'R1'},{'R3'},{'R2'},{'D2'},&,1.0,&
{'D3'},{'D5'},{'D7'},{'D6'},{'D1'},{'R2'},{'R3'},{'D4'},{'D2'},{'R1'},&,1.0,&
{'D3'},{'D5'},{'D7'},{'D6'},{'D1'},{'R2'},{'D4'},{'D2'},{'R3'},{'R1'},&,1.0,&
{'D3'},{'D5'},{'D7'},{'D6'},{'D1'},{'D2'},{'R3'},{'D4'},{'R2'},{'R1'},&,1.0,&
{'D3'},{'D5'},{'D7'},{'D6'},{'D1'},{'R3'},{'D4'},{'D2'},{'R2'},{'R1'},&,2.0,&
{'D3'},{'D5'},{'D7'},{'D6'},{'D4'},{'D1'},{'R2'},{'D2'},{'R3'},{'R1'},&,2.0,&
{'D3'},{'D5'},{'D7'},{'D6'},{'D4'},{'D1'},{'R2'},{'D2'},{'R1'},{'R3'},&,5.0,&
{'D3'},{'D5'},{'D7'},{'D6'},{'D4'},{'D1'},{'R2'},{'R3'},{'D2'},{'R1'},&,2.0,&
{'D3'},{'D5'},{'D7'},{'D6'},{'D4'},{'D1'},{'R2'},{'R1'},{'D2'},{'R3'},&,1.0,&
{'D3'},{'D5'},{'D7'},{'D6'},{'D4'},{'D1'},{'D2'},{'R3'},{'R1'},{'R2'},&,2.0,&
{'D3'},{'D5'},{'D7'},{'D6'},{'D4'},{'D1'},{'D2'},{'R3'},{'R2'},{'R1'},&,9.0,&
{'D3'},{'D5'},{'D7'},{'D6'},{'D4'},{'D1'},{'D2'},{'R2'},{'R3'},{'R1'},&,6.0,&
{'D3'},{'D5'},{'D7'},{'D6'},{'D4'},{'D1'},{'D2'},{'R2'},{'R1'},{'R3'},&,11.0,&
{'D3'},{'D5'},{'D7'},{'D6'},{'D4'},{'D1'},{'D2'},{'R1'},{'R3'},{'R2'},&,3.0,&
{'D3'},{'D5'},{'D7'},{'D6'},{'D4'},{'D1'},{'D2'},{'R1'},{'R2'},{'R3'},&,7.0,&
{'D3'},{'D5'},{'D7'},{'D6'},{'D4'},{'D1'},{'R3'},{'D2'},{'R1'},{'R2'},&,1.0,&
{'D3'},{'D5'},{'D7'},{'D6'},{'D4'},{'D1'},{'R3'},{'D2'},{'R2'},{'R1'},&,2.0,&
{'D3'},{'D5'},{'D7'},{'D6'},{'D4'},{'D1'},{'R3'},{'R2'},{'R1'},{'D2'},&,1.0,&
{'D3'},{'D5'},{'D7'},{'D6'},{'D4'},{'D1'},{'R3'},{'R2'},{'D2'},{'R1'},&,1.0,&
{'D3'},{'D5'},{'D7'},{'D6'},{'D4'},{'D1'},{'R1'},{'D2'},{'R2'},{'R3'},&,3.0,&
{'D3'},{'D5'},{'D7'},{'D6'},{'D4'},{'D1'},{'R1'},{'R3'},{'R2'},{'D2'},&,1.0,&
{'D3'},{'D5'},{'D7'},{'D6'},{'D4'},{'R2'},{'D1'},{'D2'},{'R3'},{'R1'},&,2.0,&
{'D3'},{'D5'},{'D7'},{'D6'},{'D4'},{'R2'},{'D1'},{'R3'},{'D2'},{'R1'},&,1.0,&
{'D3'},{'D5'},{'D7'},{'D6'},{'D4'},{'R2'},{'D1'},{'R1'},{'R3'},{'D2'},&,1.0,&
{'D3'},{'D5'},{'D7'},{'D6'},{'D4'},{'D2'},{'D1'},{'R3'},{'R2'},{'R1'},&,1.0,&
{'D3'},{'D5'},{'D7'},{'D6'},{'D4'},{'D2'},{'D1'},{'R2'},{'R3'},{'R1'},&,1.0,&
{'D3'},{'D5'},{'D7'},{'D6'},{'D4'},{'D2'},{'D1'},{'R1'},{'R2'},{'R3'},&,1.0,&
{'D3'},{'D5'},{'D7'},{'D6'},{'D4'},{'R3'},{'D1'},{'R1'},{'R2'},{'D2'},&,1.0,&
{'D3'},{'D5'},{'D7'},{'D6'},{'D2'},{'D4'},{'D1'},{'R2'},{'R1'},{'R3'},&,1.0,&
{'D3'},{'D5'},{'D7'},{'D6'},{'R2'},{'D4'},{'D1'},{'D2'},{'R1'},{'R3'},&,1.0,&
{'D3'},{'D5'},{'D7'},{'D2'},{'D4'},{'D6'},{'D1'},{'R1'},{'R2'},{'R3'},&,1.0,&
{'D3'},{'D5'},{'D6'},{'D1'},{'D4'},{'D7'},{'D2'},{'R3'},{'R2'},{'R1'},&,2.0,&
{'D3'},{'D5'},{'D6'},{'D1'},{'D7'},{'D4'},{'D2'},{'R3'},{'R1'},{'R2'},&,1.0,&
{'D3'},{'D5'},{'D6'},{'D1'},{'D7'},{'D4'},{'D2'},{'R3'},{'R2'},{'R1'},&,2.0,&
{'D3'},{'D5'},{'D6'},{'D1'},{'D7'},{'D4'},{'D2'},{'R2'},{'R3'},{'R1'},&,2.0,&
{'D3'},{'D5'},{'D6'},{'D1'},{'D7'},{'D4'},{'D2'},{'R2'},{'R1'},{'R3'},&,1.0,&
{'D3'},{'D5'},{'D6'},{'D1'},{'D7'},{'D4'},{'R3'},{'D2'},{'R2'},{'R1'},&,1.0,&
{'D3'},{'D5'},{'D6'},{'D1'},{'D7'},{'R2'},{'D4'},{'R3'},{'R1'},{'D2'},&,1.0,&
{'D3'},{'D5'},{'D6'},{'D1'},{'D7'},{'D2'},{'D4'},{'R2'},{'R3'},{'R1'},&,1.0,&
{'D3'},{'D5'},{'D6'},{'D1'},{'D7'},{'R1'},{'D4'},{'R2'},{'D2'},{'R3'},&,1.0,&
{'D3'},{'D5'},{'D6'},{'D4'},{'D1'},{'D7'},{'D2'},{'R3'},{'R2'},{'R1'},&,1.0,&
{'D3'},{'D5'},{'D6'},{'D4'},{'D7'},{'D1'},{'D2'},{'R3'},{'R1'},{'R2'},&,1.0,&
{'D3'},{'D5'},{'D6'},{'D4'},{'D7'},{'D1'},{'D2'},{'R3'},{'R2'},{'R1'},&,3.0,&
{'D3'},{'D5'},{'D6'},{'D4'},{'D7'},{'D1'},{'D2'},{'R2'},{'R3'},{'R1'},&,1.0,&
{'D3'},{'D5'},{'D6'},{'D4'},{'D7'},{'D1'},{'D2'},{'R1'},{'R2'},{'R3'},&,1.0,&
{'D3'},{'D5'},{'D6'},{'D4'},{'D7'},{'D1'},{'R1'},{'D2'},{'R3'},{'R2'},&,2.0,&
{'D3'},{'D5'},{'D6'},{'D4'},{'D7'},{'D1'},{'R1'},{'D2'},{'R2'},{'R3'},&,1.0,&
{'D3'},{'D5'},{'D6'},{'D4'},{'D7'},{'R2'},{'D1'},{'D2'},{'R1'},{'R3'},&,1.0,&
{'D3'},{'D5'},{'D6'},{'D4'},{'D7'},{'D2'},{'R2'},{'D1'},{'R3'},{'R1'},&,1.0,&
{'D3'},{'D5'},{'D6'},{'D4'},{'D7'},{'D2'},{'D1'},{'R2'},{'R1'},{'R3'},&,1.0,&
{'D3'},{'D5'},{'D6'},{'D7'},{'D1'},{'D4'},{'R2'},{'D2'},{'R3'},{'R1'},&,1.0,&
{'D3'},{'D5'},{'D6'},{'D7'},{'D1'},{'D4'},{'D2'},{'R3'},{'R1'},{'R2'},&,1.0,&
{'D3'},{'D5'},{'D6'},{'D7'},{'D1'},{'D4'},{'D2'},{'R3'},{'R2'},{'R1'},&,2.0,&
{'D3'},{'D5'},{'D6'},{'D7'},{'D1'},{'D4'},{'D2'},{'R2'},{'R3'},{'R1'},&,7.0,&
{'D3'},{'D5'},{'D6'},{'D7'},{'D1'},{'D4'},{'D2'},{'R2'},{'R1'},{'R3'},&,4.0,&
{'D3'},{'D5'},{'D6'},{'D7'},{'D1'},{'D4'},{'D2'},{'R1'},{'R2'},{'R3'},&,2.0,&
{'D3'},{'D5'},{'D6'},{'D7'},{'D1'},{'D4'},{'R3'},{'D2'},{'R2'},{'R1'},&,1.0,&
{'D3'},{'D5'},{'D6'},{'D7'},{'D1'},{'D4'},{'R1'},{'D2'},{'R2'},{'R3'},&,1.0,&
{'D3'},{'D5'},{'D6'},{'D7'},{'D1'},{'R2'},{'D4'},{'D2'},{'R1'},{'R3'},&,1.0,&
{'D3'},{'D5'},{'D6'},{'D7'},{'D4'},{'D1'},{'R2'},{'D2'},{'R1'},{'R3'},&,1.0,&
{'D3'},{'D5'},{'D6'},{'D7'},{'D4'},{'D1'},{'D2'},{'R3'},{'R1'},{'R2'},&,3.0,&
{'D3'},{'D5'},{'D6'},{'D7'},{'D4'},{'D1'},{'D2'},{'R3'},{'R2'},{'R1'},&,4.0,&
{'D3'},{'D5'},{'D6'},{'D7'},{'D4'},{'D1'},{'D2'},{'R2'},{'R3'},{'R1'},&,7.0,&
{'D3'},{'D5'},{'D6'},{'D7'},{'D4'},{'D1'},{'D2'},{'R2'},{'R1'},{'R3'},&,9.0,&
{'D3'},{'D5'},{'D6'},{'D7'},{'D4'},{'D1'},{'D2'},{'R1'},{'R3'},{'R2'},&,5.0,&
{'D3'},{'D5'},{'D6'},{'D7'},{'D4'},{'D1'},{'D2'},{'R1'},{'R2'},{'R3'},&,3.0,&
{'D3'},{'D5'},{'D6'},{'D7'},{'D4'},{'D1'},{'R3'},{'D2'},{'R1'},{'R2'},&,2.0,&
{'D3'},{'D5'},{'D6'},{'D7'},{'D4'},{'D1'},{'R3'},{'D2'},{'R2'},{'R1'},&,3.0,&
{'D3'},{'D5'},{'D6'},{'D7'},{'D4'},{'D1'},{'R1'},{'D2'},{'R3'},{'R2'},&,1.0,&
{'D3'},{'D5'},{'D6'},{'D7'},{'D4'},{'D1'},{'R1'},{'D2'},{'R2'},{'R3'},&,3.0,&
{'D3'},{'D5'},{'D6'},{'D7'},{'D4'},{'D1'},{'R1'},{'R3'},{'D2'},{'R2'},&,1.0,&
{'D3'},{'D5'},{'D6'},{'D7'},{'D4'},{'R2'},{'D1'},{'R1'},{'D2'},{'R3'},&,1.0,&
{'D3'},{'D5'},{'D6'},{'D7'},{'D4'},{'D2'},{'D1'},{'R3'},{'R2'},{'R1'},&,1.0,&
{'D3'},{'D5'},{'D6'},{'D7'},{'D4'},{'D2'},{'D1'},{'R1'},{'R2'},{'R3'},&,1.0,&
{'D3'},{'D5'},{'D6'},{'D7'},{'D4'},{'R1'},{'D1'},{'D2'},{'R3'},{'R2'},&,1.0,&
{'D3'},{'D5'},{'D6'},{'D7'},{'D4'},{'R1'},{'D1'},{'D2'},{'R2'},{'R3'},&,1.0,&
{'D3'},{'D5'},{'D6'},{'D7'},{'D4'},{'R1'},{'D1'},{'R2'},{'R3'},{'D2'},&,1.0,&
{'D3'},{'D5'},{'D6'},{'D7'},{'D4'},{'R3'},{'D1'},{'D2'},{'R2'},{'R1'},&,1.0,&
{'D3'},{'D5'},{'D6'},{'D7'},{'D4'},{'R3'},{'D1'},{'R2'},{'D2'},{'R1'},&,1.0,&
{'D3'},{'D5'},{'D6'},{'D7'},{'D2'},{'D4'},{'R3'},{'D1'},{'R2'},{'R1'},&,1.0,&
{'D3'},{'D5'},{'D1'},{'D4'},{'D6'},{'D7'},{'D2'},{'R2'},{'R3'},{'R1'},&,1.0,&
{'D3'},{'D5'},{'D1'},{'D6'},{'D7'},{'D4'},{'R2'},{'D2'},{'R3'},{'R1'},&,1.0,&
{'D3'},{'D5'},{'D1'},{'D6'},{'D7'},{'D4'},{'D2'},{'R2'},{'R1'},{'R3'},&,1.0,&
{'D3'},{'D5'},{'D1'},{'D6'},{'D7'},{'D4'},{'D2'},{'R1'},{'R3'},{'R2'},&,1.0,&
{'D3'},{'D5'},{'D1'},{'D7'},{'D6'},{'D4'},{'D2'},{'R3'},{'R2'},{'R1'},&,1.0,&
{'D3'},{'D5'},{'D1'},{'D7'},{'D6'},{'D4'},{'D2'},{'R2'},{'R3'},{'R1'},&,1.0,&
{'D3'},{'D5'},{'D1'},{'D7'},{'D6'},{'R2'},{'D4'},{'D2'},{'R1'},{'R3'},&,2.0,&
{'D3'},{'D5'},{'D2'},{'D7'},{'D6'},{'D1'},{'D4'},{'R1'},{'R3'},{'R2'},&,1.0,&
{'D3'},{'D5'},{'R2'},{'R3'},{'R1'},{'D2'},{'D6'},{'D4'},{'D1'},{'D7'},&,1.0,&
{'D3'},{'D1'},{'D4'},{'D5'},{'D7'},{'D6'},{'D2'},{'R2'},{'R3'},{'R1'},&,1.0,&
{'D3'},{'D1'},{'D4'},{'D6'},{'D7'},{'D5'},{'D2'},{'R3'},{'R2'},{'R1'},&,1.0,&
{'D3'},{'D1'},{'D4'},{'D6'},{'D7'},{'D5'},{'D2'},{'R2'},{'R3'},{'R1'},&,1.0,&
{'D3'},{'D1'},{'D4'},{'D6'},{'D7'},{'D5'},{'D2'},{'R1'},{'R2'},{'R3'},&,1.0,&
{'D3'},{'D1'},{'D4'},{'D7'},{'D6'},{'D5'},{'R2'},{'D2'},{'R1'},{'R3'},&,2.0,&
{'D3'},{'D1'},{'D4'},{'D7'},{'D6'},{'D5'},{'R2'},{'R1'},{'D2'},{'R3'},&,1.0,&
{'D3'},{'D1'},{'D4'},{'D7'},{'D6'},{'D5'},{'D2'},{'R3'},{'R1'},{'R2'},&,1.0,&
{'D3'},{'D1'},{'D4'},{'D7'},{'D6'},{'D5'},{'D2'},{'R3'},{'R2'},{'R1'},&,2.0,&
{'D3'},{'D1'},{'D4'},{'D7'},{'D6'},{'D5'},{'D2'},{'R2'},{'R3'},{'R1'},&,3.0,&
{'D3'},{'D1'},{'D4'},{'D7'},{'D6'},{'D5'},{'D2'},{'R2'},{'R1'},{'R3'},&,1.0,&
{'D3'},{'D1'},{'D4'},{'D7'},{'D6'},{'D5'},{'D2'},{'R1'},{'R3'},{'R2'},&,2.0,&
{'D3'},{'D1'},{'D4'},{'D7'},{'D6'},{'D5'},{'D2'},{'R1'},{'R2'},{'R3'},&,1.0,&
{'D3'},{'D1'},{'D4'},{'D7'},{'D6'},{'R2'},{'D5'},{'D2'},{'R1'},{'R3'},&,1.0,&
{'D3'},{'D1'},{'D4'},{'D7'},{'D6'},{'D2'},{'R3'},{'D5'},{'R2'},{'R1'},&,2.0,&
{'D3'},{'D1'},{'D4'},{'D7'},{'D6'},{'R3'},{'D5'},{'D2'},{'R2'},{'R1'},&,1.0,&
{'D3'},{'D1'},{'D7'},{'D5'},{'D4'},{'D6'},{'R1'},{'R2'},{'D2'},{'R3'},&,1.0,&
{'D3'},{'D1'},{'D7'},{'D5'},{'D6'},{'D4'},{'R2'},{'D2'},{'R3'},{'R1'},&,2.0,&
{'D3'},{'D1'},{'D7'},{'D5'},{'D6'},{'D4'},{'R2'},{'D2'},{'R1'},{'R3'},&,1.0,&
{'D3'},{'D1'},{'D7'},{'D5'},{'D6'},{'D4'},{'D2'},{'R3'},{'R1'},{'R2'},&,1.0,&
{'D3'},{'D1'},{'D7'},{'D5'},{'D6'},{'D4'},{'D2'},{'R3'},{'R2'},{'R1'},&,3.0,&
{'D3'},{'D1'},{'D7'},{'D5'},{'D6'},{'D4'},{'D2'},{'R2'},{'R3'},{'R1'},&,2.0,&
{'D3'},{'D1'},{'D7'},{'D5'},{'D6'},{'D4'},{'D2'},{'R2'},{'R1'},{'R3'},&,2.0,&
{'D3'},{'D1'},{'D7'},{'D5'},{'D6'},{'D4'},{'D2'},{'R1'},{'R3'},{'R2'},&,3.0,&
{'D3'},{'D1'},{'D7'},{'D5'},{'D6'},{'D4'},{'R3'},{'D2'},{'R1'},{'R2'},&,1.0,&
{'D3'},{'D1'},{'D7'},{'D5'},{'D6'},{'D4'},{'R1'},{'R2'},{'D2'},{'R3'},&,1.0,&
{'D3'},{'D1'},{'D7'},{'D5'},{'D6'},{'D2'},{'D4'},{'R3'},{'R2'},{'R1'},&,1.0,&
{'D3'},{'D1'},{'D7'},{'D5'},{'D6'},{'R3'},{'D4'},{'D2'},{'R2'},{'R1'},&,1.0,&
{'D3'},{'D1'},{'D7'},{'D5'},{'R2'},{'D6'},{'D4'},{'D2'},{'R3'},{'R1'},&,1.0,&
{'D3'},{'D1'},{'D7'},{'D4'},{'D5'},{'D6'},{'D2'},{'R1'},{'R3'},{'R2'},&,1.0,&
{'D3'},{'D1'},{'D7'},{'D4'},{'D6'},{'D5'},{'R2'},{'D2'},{'R3'},{'R1'},&,1.0,&
{'D3'},{'D1'},{'D7'},{'D4'},{'D6'},{'D5'},{'D2'},{'R3'},{'R1'},{'R2'},&,3.0,&
{'D3'},{'D1'},{'D7'},{'D4'},{'D6'},{'D5'},{'D2'},{'R3'},{'R2'},{'R1'},&,5.0,&
{'D3'},{'D1'},{'D7'},{'D4'},{'D6'},{'D5'},{'D2'},{'R2'},{'R3'},{'R1'},&,4.0,&
{'D3'},{'D1'},{'D7'},{'D4'},{'D6'},{'D5'},{'D2'},{'R2'},{'R1'},{'R3'},&,4.0,&
{'D3'},{'D1'},{'D7'},{'D4'},{'D6'},{'D5'},{'D2'},{'R1'},{'R3'},{'R2'},&,4.0,&
{'D3'},{'D1'},{'D7'},{'D4'},{'D6'},{'D5'},{'D2'},{'R1'},{'R2'},{'R3'},&,3.0,&
{'D3'},{'D1'},{'D7'},{'D4'},{'D6'},{'D5'},{'R3'},{'D2'},{'R1'},{'R2'},&,2.0,&
{'D3'},{'D1'},{'D7'},{'D4'},{'D6'},{'D5'},{'R3'},{'R2'},{'R1'},{'D2'},&,1.0,&
{'D3'},{'D1'},{'D7'},{'D4'},{'D6'},{'D5'},{'R1'},{'D2'},{'R3'},{'R2'},&,1.0,&
{'D3'},{'D1'},{'D7'},{'D4'},{'D6'},{'D5'},{'R1'},{'D2'},{'R2'},{'R3'},&,1.0,&
{'D3'},{'D1'},{'D7'},{'D4'},{'D6'},{'R2'},{'D5'},{'D2'},{'R3'},{'R1'},&,1.0,&
{'D3'},{'D1'},{'D7'},{'D4'},{'D6'},{'D2'},{'R2'},{'D5'},{'R3'},{'R1'},&,1.0,&
{'D3'},{'D1'},{'D7'},{'D6'},{'D5'},{'D4'},{'R2'},{'D2'},{'R3'},{'R1'},&,3.0,&
{'D3'},{'D1'},{'D7'},{'D6'},{'D5'},{'D4'},{'R2'},{'D2'},{'R1'},{'R3'},&,3.0,&
{'D3'},{'D1'},{'D7'},{'D6'},{'D5'},{'D4'},{'D2'},{'R3'},{'R1'},{'R2'},&,3.0,&
{'D3'},{'D1'},{'D7'},{'D6'},{'D5'},{'D4'},{'D2'},{'R3'},{'R2'},{'R1'},&,3.0,&
{'D3'},{'D1'},{'D7'},{'D6'},{'D5'},{'D4'},{'D2'},{'R2'},{'R3'},{'R1'},&,4.0,&
{'D3'},{'D1'},{'D7'},{'D6'},{'D5'},{'D4'},{'D2'},{'R2'},{'R1'},{'R3'},&,8.0,&
{'D3'},{'D1'},{'D7'},{'D6'},{'D5'},{'D4'},{'D2'},{'R1'},{'R3'},{'R2'},&,3.0,&
{'D3'},{'D1'},{'D7'},{'D6'},{'D5'},{'D4'},{'D2'},{'R1'},{'R2'},{'R3'},&,3.0,&
{'D3'},{'D1'},{'D7'},{'D6'},{'D5'},{'D4'},{'R3'},{'D2'},{'R1'},{'R2'},&,1.0,&
{'D3'},{'D1'},{'D7'},{'D6'},{'D5'},{'D4'},{'R3'},{'D2'},{'R2'},{'R1'},&,3.0,&
{'D3'},{'D1'},{'D7'},{'D6'},{'D5'},{'D4'},{'R3'},{'R2'},{'D2'},{'R1'},&,1.0,&
{'D3'},{'D1'},{'D7'},{'D6'},{'D5'},{'D4'},{'R1'},{'R2'},{'D2'},{'R3'},&,1.0,&
{'D3'},{'D1'},{'D7'},{'D6'},{'D5'},{'D2'},{'D4'},{'R2'},{'R3'},{'R1'},&,1.0,&
{'D3'},{'D1'},{'D7'},{'D6'},{'D5'},{'R1'},{'R3'},{'R2'},{'D4'},{'D2'},&,1.0,&
{'D3'},{'D1'},{'D7'},{'D6'},{'D4'},{'D5'},{'R2'},{'D2'},{'R3'},{'R1'},&,5.0,&
{'D3'},{'D1'},{'D7'},{'D6'},{'D4'},{'D5'},{'R2'},{'D2'},{'R1'},{'R3'},&,3.0,&
{'D3'},{'D1'},{'D7'},{'D6'},{'D4'},{'D5'},{'R2'},{'R1'},{'D2'},{'R3'},&,1.0,&
{'D3'},{'D1'},{'D7'},{'D6'},{'D4'},{'D5'},{'D2'},{'R3'},{'R1'},{'R2'},&,9.0,&
{'D3'},{'D1'},{'D7'},{'D6'},{'D4'},{'D5'},{'D2'},{'R3'},{'R2'},{'R1'},&,16.0,&
{'D3'},{'D1'},{'D7'},{'D6'},{'D4'},{'D5'},{'D2'},{'R2'},{'R3'},{'R1'},&,13.0,&
{'D3'},{'D1'},{'D7'},{'D6'},{'D4'},{'D5'},{'D2'},{'R2'},{'R1'},{'R3'},&,20.0,&
{'D3'},{'D1'},{'D7'},{'D6'},{'D4'},{'D5'},{'D2'},{'R1'},{'R3'},{'R2'},&,5.0,&
{'D3'},{'D1'},{'D7'},{'D6'},{'D4'},{'D5'},{'D2'},{'R1'},{'R2'},{'R3'},&,19.0,&
{'D3'},{'D1'},{'D7'},{'D6'},{'D4'},{'D5'},{'R3'},{'D2'},{'R1'},{'R2'},&,2.0,&
{'D3'},{'D1'},{'D7'},{'D6'},{'D4'},{'D5'},{'R3'},{'D2'},{'R2'},{'R1'},&,6.0,&
{'D3'},{'D1'},{'D7'},{'D6'},{'D4'},{'D5'},{'R3'},{'R2'},{'D2'},{'R1'},&,1.0,&
{'D3'},{'D1'},{'D7'},{'D6'},{'D4'},{'D5'},{'R3'},{'R1'},{'D2'},{'R2'},&,1.0,&
{'D3'},{'D1'},{'D7'},{'D6'},{'D4'},{'D5'},{'R1'},{'D2'},{'R3'},{'R2'},&,2.0,&
{'D3'},{'D1'},{'D7'},{'D6'},{'D4'},{'D5'},{'R1'},{'D2'},{'R2'},{'R3'},&,2.0,&
{'D3'},{'D1'},{'D7'},{'D6'},{'D4'},{'D5'},{'R1'},{'R3'},{'D2'},{'R2'},&,1.0,&
{'D3'},{'D1'},{'D7'},{'D6'},{'D4'},{'D5'},{'R1'},{'R2'},{'D2'},{'R3'},&,1.0,&
{'D3'},{'D1'},{'D7'},{'D6'},{'D4'},{'R2'},{'R3'},{'D5'},{'D2'},{'R1'},&,1.0,&
{'D3'},{'D1'},{'D7'},{'D6'},{'D4'},{'R2'},{'D5'},{'D2'},{'R3'},{'R1'},&,3.0,&
{'D3'},{'D1'},{'D7'},{'D6'},{'D4'},{'R2'},{'D5'},{'R3'},{'R1'},{'D2'},&,1.0,&
{'D3'},{'D1'},{'D7'},{'D6'},{'D4'},{'R2'},{'D5'},{'R3'},{'D2'},{'R1'},&,1.0,&
{'D3'},{'D1'},{'D7'},{'D6'},{'D4'},{'R2'},{'R1'},{'D5'},{'D2'},{'R3'},&,1.0,&
{'D3'},{'D1'},{'D7'},{'D6'},{'D4'},{'D2'},{'R2'},{'R1'},{'D5'},{'R3'},&,1.0,&
{'D3'},{'D1'},{'D7'},{'D6'},{'D4'},{'D2'},{'R2'},{'D5'},{'R1'},{'R3'},&,1.0,&
{'D3'},{'D1'},{'D7'},{'D6'},{'D4'},{'D2'},{'D5'},{'R3'},{'R1'},{'R2'},&,2.0,&
{'D3'},{'D1'},{'D7'},{'D6'},{'D4'},{'D2'},{'D5'},{'R3'},{'R2'},{'R1'},&,1.0,&
{'D3'},{'D1'},{'D7'},{'D6'},{'D4'},{'D2'},{'D5'},{'R2'},{'R3'},{'R1'},&,2.0,&
{'D3'},{'D1'},{'D7'},{'D6'},{'D4'},{'D2'},{'D5'},{'R2'},{'R1'},{'R3'},&,3.0,&
{'D3'},{'D1'},{'D7'},{'D6'},{'D4'},{'D2'},{'D5'},{'R1'},{'R2'},{'R3'},&,1.0,&
{'D3'},{'D1'},{'D7'},{'D6'},{'D4'},{'R1'},{'D5'},{'R3'},{'D2'},{'R2'},&,1.0,&
{'D3'},{'D1'},{'D7'},{'D6'},{'D4'},{'R3'},{'D5'},{'D2'},{'R1'},{'R2'},&,2.0,&
{'D3'},{'D1'},{'D7'},{'D6'},{'D4'},{'R3'},{'D5'},{'D2'},{'R2'},{'R1'},&,2.0,&
{'D3'},{'D1'},{'D7'},{'D6'},{'D4'},{'R3'},{'R1'},{'D5'},{'D2'},{'R2'},&,1.0,&
{'D3'},{'D1'},{'D7'},{'D6'},{'D2'},{'D5'},{'R2'},{'R3'},{'R1'},{'D4'},&,1.0,&
{'D3'},{'D1'},{'D7'},{'D6'},{'D2'},{'D5'},{'D4'},{'R3'},{'R1'},{'R2'},&,1.0,&
{'D3'},{'D1'},{'D7'},{'D6'},{'D2'},{'D5'},{'D4'},{'R2'},{'R3'},{'R1'},&,1.0,&
{'D3'},{'D1'},{'D7'},{'D6'},{'D2'},{'D5'},{'D4'},{'R2'},{'R1'},{'R3'},&,1.0,&
{'D3'},{'D1'},{'D7'},{'D6'},{'D2'},{'D4'},{'D5'},{'R1'},{'R3'},{'R2'},&,1.0,&
{'D3'},{'D1'},{'D7'},{'D6'},{'D2'},{'R2'},{'D4'},{'D5'},{'R3'},{'R1'},&,1.0,&
{'D3'},{'D1'},{'D7'},{'D6'},{'R2'},{'D5'},{'D4'},{'D2'},{'R1'},{'R3'},&,1.0,&
{'D3'},{'D1'},{'D7'},{'D6'},{'R2'},{'D5'},{'D4'},{'R1'},{'D2'},{'R3'},&,1.0,&
{'D3'},{'D1'},{'D7'},{'D6'},{'R3'},{'D5'},{'D4'},{'D2'},{'R1'},{'R2'},&,1.0,&
{'D3'},{'D1'},{'D7'},{'D6'},{'R3'},{'D4'},{'D5'},{'D2'},{'R2'},{'R1'},&,1.0,&
{'D3'},{'D1'},{'D7'},{'D2'},{'D4'},{'D6'},{'R1'},{'D5'},{'R2'},{'R3'},&,1.0,&
{'D3'},{'D1'},{'D7'},{'R3'},{'D6'},{'D5'},{'D4'},{'D2'},{'R2'},{'R1'},&,1.0,&
{'D3'},{'D1'},{'D5'},{'D4'},{'D7'},{'R2'},{'D6'},{'D2'},{'R3'},{'R1'},&,1.0,&
{'D3'},{'D1'},{'D5'},{'D4'},{'D6'},{'D7'},{'D2'},{'R2'},{'R3'},{'R1'},&,1.0,&
{'D3'},{'D1'},{'D5'},{'D6'},{'D7'},{'D4'},{'D2'},{'R3'},{'R2'},{'R1'},&,1.0,&
{'D3'},{'D1'},{'D5'},{'D6'},{'D7'},{'D4'},{'D2'},{'R1'},{'R3'},{'R2'},&,2.0,&
{'D3'},{'D1'},{'D5'},{'D6'},{'D7'},{'D4'},{'D2'},{'R1'},{'R2'},{'R3'},&,1.0,&
{'D3'},{'D1'},{'D5'},{'D6'},{'D7'},{'D4'},{'R3'},{'D2'},{'R1'},{'R2'},&,1.0,&
{'D3'},{'D1'},{'D5'},{'D7'},{'D4'},{'D6'},{'D2'},{'R3'},{'R1'},{'R2'},&,1.0,&
{'D3'},{'D1'},{'D5'},{'D7'},{'D6'},{'D4'},{'R2'},{'R1'},{'R3'},{'D2'},&,1.0,&
{'D3'},{'D1'},{'D5'},{'D7'},{'D6'},{'D4'},{'D2'},{'R2'},{'R1'},{'R3'},&,1.0,&
{'D3'},{'D1'},{'D5'},{'D7'},{'D6'},{'D2'},{'D4'},{'R2'},{'R1'},{'R3'},&,1.0,&
{'D3'},{'D1'},{'D6'},{'D5'},{'D7'},{'D4'},{'D2'},{'R3'},{'R2'},{'R1'},&,2.0,&
{'D3'},{'D1'},{'D6'},{'D5'},{'D7'},{'D4'},{'D2'},{'R1'},{'R2'},{'R3'},&,1.0,&
{'D3'},{'D1'},{'D6'},{'D5'},{'D7'},{'R2'},{'D4'},{'D2'},{'R1'},{'R3'},&,1.0,&
{'D3'},{'D1'},{'D6'},{'D4'},{'D5'},{'D7'},{'D2'},{'R2'},{'R3'},{'R1'},&,1.0,&
{'D3'},{'D1'},{'D6'},{'D4'},{'D5'},{'D7'},{'R3'},{'D2'},{'R2'},{'R1'},&,1.0,&
{'D3'},{'D1'},{'D6'},{'D4'},{'D7'},{'D5'},{'R2'},{'D2'},{'R3'},{'R1'},&,2.0,&
{'D3'},{'D1'},{'D6'},{'D4'},{'D7'},{'D5'},{'R2'},{'D2'},{'R1'},{'R3'},&,2.0,&
{'D3'},{'D1'},{'D6'},{'D4'},{'D7'},{'D5'},{'R2'},{'R3'},{'D2'},{'R1'},&,1.0,&
{'D3'},{'D1'},{'D6'},{'D4'},{'D7'},{'D5'},{'D2'},{'R3'},{'R2'},{'R1'},&,2.0,&
{'D3'},{'D1'},{'D6'},{'D4'},{'D7'},{'D5'},{'D2'},{'R2'},{'R3'},{'R1'},&,3.0,&
{'D3'},{'D1'},{'D6'},{'D4'},{'D7'},{'D5'},{'D2'},{'R2'},{'R1'},{'R3'},&,2.0,&
{'D3'},{'D1'},{'D6'},{'D4'},{'D7'},{'D5'},{'R3'},{'D2'},{'R2'},{'R1'},&,1.0,&
{'D3'},{'D1'},{'D6'},{'D4'},{'D7'},{'D5'},{'R1'},{'D2'},{'R3'},{'R2'},&,1.0,&
{'D3'},{'D1'},{'D6'},{'D4'},{'D7'},{'D5'},{'R1'},{'R3'},{'D2'},{'R2'},&,1.0,&
{'D3'},{'D1'},{'D6'},{'D4'},{'D7'},{'R3'},{'R2'},{'R1'},{'D5'},{'D2'},&,1.0,&
{'D3'},{'D1'},{'D6'},{'D7'},{'D5'},{'D4'},{'R2'},{'D2'},{'R3'},{'R1'},&,4.0,&
{'D3'},{'D1'},{'D6'},{'D7'},{'D5'},{'D4'},{'R2'},{'D2'},{'R1'},{'R3'},&,1.0,&
{'D3'},{'D1'},{'D6'},{'D7'},{'D5'},{'D4'},{'R2'},{'R3'},{'D2'},{'R1'},&,1.0,&
{'D3'},{'D1'},{'D6'},{'D7'},{'D5'},{'D4'},{'D2'},{'R3'},{'R1'},{'R2'},&,4.0,&
{'D3'},{'D1'},{'D6'},{'D7'},{'D5'},{'D4'},{'D2'},{'R3'},{'R2'},{'R1'},&,6.0,&
{'D3'},{'D1'},{'D6'},{'D7'},{'D5'},{'D4'},{'D2'},{'R2'},{'R3'},{'R1'},&,8.0,&
{'D3'},{'D1'},{'D6'},{'D7'},{'D5'},{'D4'},{'D2'},{'R2'},{'R1'},{'R3'},&,6.0,&
{'D3'},{'D1'},{'D6'},{'D7'},{'D5'},{'D4'},{'D2'},{'R1'},{'R3'},{'R2'},&,4.0,&
{'D3'},{'D1'},{'D6'},{'D7'},{'D5'},{'D4'},{'D2'},{'R1'},{'R2'},{'R3'},&,2.0,&
{'D3'},{'D1'},{'D6'},{'D7'},{'D5'},{'D4'},{'R3'},{'D2'},{'R2'},{'R1'},&,1.0,&
{'D3'},{'D1'},{'D6'},{'D7'},{'D5'},{'D2'},{'R3'},{'R1'},{'D4'},{'R2'},&,1.0,&
{'D3'},{'D1'},{'D6'},{'D7'},{'D5'},{'R1'},{'R3'},{'D4'},{'D2'},{'R2'},&,1.0,&
{'D3'},{'D1'},{'D6'},{'D7'},{'D4'},{'D5'},{'R2'},{'D2'},{'R3'},{'R1'},&,3.0,&
{'D3'},{'D1'},{'D6'},{'D7'},{'D4'},{'D5'},{'R2'},{'D2'},{'R1'},{'R3'},&,4.0,&
{'D3'},{'D1'},{'D6'},{'D7'},{'D4'},{'D5'},{'R2'},{'R3'},{'D2'},{'R1'},&,2.0,&
{'D3'},{'D1'},{'D6'},{'D7'},{'D4'},{'D5'},{'D2'},{'R3'},{'R1'},{'R2'},&,10.0,&
{'D3'},{'D1'},{'D6'},{'D7'},{'D4'},{'D5'},{'D2'},{'R3'},{'R2'},{'R1'},&,15.0,&
{'D3'},{'D1'},{'D6'},{'D7'},{'D4'},{'D5'},{'D2'},{'R2'},{'R3'},{'R1'},&,15.0,&
{'D3'},{'D1'},{'D6'},{'D7'},{'D4'},{'D5'},{'D2'},{'R2'},{'R1'},{'R3'},&,8.0,&
{'D3'},{'D1'},{'D6'},{'D7'},{'D4'},{'D5'},{'D2'},{'R1'},{'R3'},{'R2'},&,4.0,&
{'D3'},{'D1'},{'D6'},{'D7'},{'D4'},{'D5'},{'D2'},{'R1'},{'R2'},{'R3'},&,10.0,&
{'D3'},{'D1'},{'D6'},{'D7'},{'D4'},{'D5'},{'R3'},{'D2'},{'R1'},{'R2'},&,1.0,&
{'D3'},{'D1'},{'D6'},{'D7'},{'D4'},{'D5'},{'R3'},{'D2'},{'R2'},{'R1'},&,6.0,&
{'D3'},{'D1'},{'D6'},{'D7'},{'D4'},{'D5'},{'R3'},{'R2'},{'D2'},{'R1'},&,1.0,&
{'D3'},{'D1'},{'D6'},{'D7'},{'D4'},{'D5'},{'R3'},{'R1'},{'D2'},{'R2'},&,1.0,&
{'D3'},{'D1'},{'D6'},{'D7'},{'D4'},{'D5'},{'R1'},{'D2'},{'R3'},{'R2'},&,1.0,&
{'D3'},{'D1'},{'D6'},{'D7'},{'D4'},{'D5'},{'R1'},{'D2'},{'R2'},{'R3'},&,1.0,&
{'D3'},{'D1'},{'D6'},{'D7'},{'D4'},{'D5'},{'R1'},{'R3'},{'D2'},{'R2'},&,1.0,&
{'D3'},{'D1'},{'D6'},{'D7'},{'D4'},{'R2'},{'D5'},{'D2'},{'R3'},{'R1'},&,1.0,&
{'D3'},{'D1'},{'D6'},{'D7'},{'D4'},{'R2'},{'D5'},{'D2'},{'R1'},{'R3'},&,1.0,&
{'D3'},{'D1'},{'D6'},{'D7'},{'D4'},{'R2'},{'D5'},{'R3'},{'D2'},{'R1'},&,1.0,&
{'D3'},{'D1'},{'D6'},{'D7'},{'D4'},{'D2'},{'R2'},{'D5'},{'R3'},{'R1'},&,1.0,&
{'D3'},{'D1'},{'D6'},{'D7'},{'D4'},{'D2'},{'D5'},{'R3'},{'R1'},{'R2'},&,1.0,&
{'D3'},{'D1'},{'D6'},{'D7'},{'D4'},{'D2'},{'D5'},{'R2'},{'R3'},{'R1'},&,1.0,&
{'D3'},{'D1'},{'D6'},{'D7'},{'D4'},{'R1'},{'D5'},{'D2'},{'R3'},{'R2'},&,1.0,&
{'D3'},{'D1'},{'D6'},{'D7'},{'D4'},{'R3'},{'D5'},{'D2'},{'R1'},{'R2'},&,2.0,&
{'D3'},{'D1'},{'D6'},{'D7'},{'D4'},{'R3'},{'D5'},{'D2'},{'R2'},{'R1'},&,1.0,&
{'D3'},{'D1'},{'D6'},{'D7'},{'D4'},{'R3'},{'D5'},{'R2'},{'R1'},{'D2'},&,1.0,&
{'D3'},{'D1'},{'D6'},{'D7'},{'D4'},{'R3'},{'D5'},{'R2'},{'D2'},{'R1'},&,1.0,&
{'D3'},{'D1'},{'D6'},{'D7'},{'D2'},{'D4'},{'D5'},{'R2'},{'R3'},{'R1'},&,1.0,&
{'D3'},{'D1'},{'D6'},{'D7'},{'R1'},{'D4'},{'D5'},{'D2'},{'R2'},{'R3'},&,1.0,&
{'D3'},{'D1'},{'D6'},{'D7'},{'R1'},{'D4'},{'D5'},{'R2'},{'R3'},{'D2'},&,1.0,&
{'D3'},{'D1'},{'D6'},{'D7'},{'R1'},{'D2'},{'D5'},{'R3'},{'D4'},{'R2'},&,1.0,&
{'D3'},{'D1'},{'D6'},{'D7'},{'R3'},{'D4'},{'D5'},{'D2'},{'R2'},{'R1'},&,1.0,&
{'D3'},{'D1'},{'D6'},{'D7'},{'R3'},{'D4'},{'D5'},{'R1'},{'D2'},{'R2'},&,1.0,&
{'D3'},{'D4'},{'D7'},{'D1'},{'D5'},{'R3'},{'D6'},{'D2'},{'R2'},{'R1'},&,1.0,&
{'D3'},{'D4'},{'D7'},{'D1'},{'D5'},{'D6'},{'D2'},{'R2'},{'R3'},{'R1'},&,1.0,&
{'D3'},{'D4'},{'D7'},{'D1'},{'D2'},{'D6'},{'D5'},{'R2'},{'R3'},{'R1'},&,1.0,&
{'D3'},{'D4'},{'D7'},{'D1'},{'D6'},{'D5'},{'R2'},{'D2'},{'R1'},{'R3'},&,4.0,&
{'D3'},{'D4'},{'D7'},{'D1'},{'D6'},{'D5'},{'R2'},{'R3'},{'D2'},{'R1'},&,2.0,&
{'D3'},{'D4'},{'D7'},{'D1'},{'D6'},{'D5'},{'D2'},{'R3'},{'R1'},{'R2'},&,1.0,&
{'D3'},{'D4'},{'D7'},{'D1'},{'D6'},{'D5'},{'D2'},{'R3'},{'R2'},{'R1'},&,4.0,&
{'D3'},{'D4'},{'D7'},{'D1'},{'D6'},{'D5'},{'D2'},{'R2'},{'R3'},{'R1'},&,9.0,&
{'D3'},{'D4'},{'D7'},{'D1'},{'D6'},{'D5'},{'D2'},{'R2'},{'R1'},{'R3'},&,5.0,&
{'D3'},{'D4'},{'D7'},{'D1'},{'D6'},{'D5'},{'D2'},{'R1'},{'R3'},{'R2'},&,1.0,&
{'D3'},{'D4'},{'D7'},{'D1'},{'D6'},{'D5'},{'D2'},{'R1'},{'R2'},{'R3'},&,2.0,&
{'D3'},{'D4'},{'D7'},{'D1'},{'D6'},{'D5'},{'R3'},{'D2'},{'R1'},{'R2'},&,1.0,&
{'D3'},{'D4'},{'D7'},{'D1'},{'D6'},{'D5'},{'R3'},{'D2'},{'R2'},{'R1'},&,2.0,&
{'D3'},{'D4'},{'D7'},{'D1'},{'D6'},{'R2'},{'D5'},{'D2'},{'R1'},{'R3'},&,1.0,&
{'D3'},{'D4'},{'D7'},{'D1'},{'D6'},{'D2'},{'D5'},{'R3'},{'R1'},{'R2'},&,1.0,&
{'D3'},{'D4'},{'D7'},{'D1'},{'D6'},{'D2'},{'D5'},{'R2'},{'R3'},{'R1'},&,2.0,&
{'D3'},{'D4'},{'D7'},{'D1'},{'D6'},{'D2'},{'D5'},{'R1'},{'R3'},{'R2'},&,1.0,&
{'D3'},{'D4'},{'D7'},{'D1'},{'D6'},{'R1'},{'D5'},{'D2'},{'R2'},{'R3'},&,1.0,&
{'D3'},{'D4'},{'D7'},{'D1'},{'D6'},{'R1'},{'D5'},{'R3'},{'D2'},{'R2'},&,1.0,&
{'D3'},{'D4'},{'D7'},{'D1'},{'D6'},{'R3'},{'D5'},{'D2'},{'R2'},{'R1'},&,1.0,&
{'D3'},{'D4'},{'D7'},{'D1'},{'D6'},{'R3'},{'D5'},{'R2'},{'D2'},{'R1'},&,1.0,&
{'D3'},{'D4'},{'D7'},{'D1'},{'R2'},{'D5'},{'D6'},{'D2'},{'R3'},{'R1'},&,1.0,&
{'D3'},{'D4'},{'D7'},{'D1'},{'R2'},{'D5'},{'D6'},{'R3'},{'D2'},{'R1'},&,1.0,&
{'D3'},{'D4'},{'D7'},{'D1'},{'R2'},{'D6'},{'D5'},{'D2'},{'R3'},{'R1'},&,2.0,&
{'D3'},{'D4'},{'D7'},{'D5'},{'D1'},{'D6'},{'D2'},{'R3'},{'R1'},{'R2'},&,1.0,&
{'D3'},{'D4'},{'D7'},{'D5'},{'D6'},{'D1'},{'R2'},{'D2'},{'R3'},{'R1'},&,1.0,&
{'D3'},{'D4'},{'D7'},{'D5'},{'D6'},{'D1'},{'D2'},{'R3'},{'R1'},{'R2'},&,1.0,&
{'D3'},{'D4'},{'D7'},{'D5'},{'D6'},{'D1'},{'D2'},{'R2'},{'R3'},{'R1'},&,7.0,&
{'D3'},{'D4'},{'D7'},{'D5'},{'D6'},{'D1'},{'D2'},{'R2'},{'R1'},{'R3'},&,1.0,&
{'D3'},{'D4'},{'D7'},{'D5'},{'D6'},{'D1'},{'D2'},{'R1'},{'R2'},{'R3'},&,2.0,&
{'D3'},{'D4'},{'D7'},{'D5'},{'D6'},{'D1'},{'R1'},{'D2'},{'R3'},{'R2'},&,1.0,&
{'D3'},{'D4'},{'D7'},{'D5'},{'D6'},{'D1'},{'R1'},{'D2'},{'R2'},{'R3'},&,2.0,&
{'D3'},{'D4'},{'D7'},{'D5'},{'D6'},{'D2'},{'R3'},{'D1'},{'R2'},{'R1'},&,1.0,&
{'D3'},{'D4'},{'D7'},{'D5'},{'D6'},{'D2'},{'D1'},{'R2'},{'R1'},{'R3'},&,1.0,&
{'D3'},{'D4'},{'D7'},{'D5'},{'D6'},{'R3'},{'D1'},{'D2'},{'R2'},{'R1'},&,1.0,&
{'D3'},{'D4'},{'D7'},{'D5'},{'R1'},{'D1'},{'D6'},{'D2'},{'R3'},{'R2'},&,1.0,&
{'D3'},{'D4'},{'D7'},{'D6'},{'D1'},{'D5'},{'R2'},{'D2'},{'R3'},{'R1'},&,7.0,&
{'D3'},{'D4'},{'D7'},{'D6'},{'D1'},{'D5'},{'R2'},{'D2'},{'R1'},{'R3'},&,4.0,&
{'D3'},{'D4'},{'D7'},{'D6'},{'D1'},{'D5'},{'R2'},{'R3'},{'D2'},{'R1'},&,2.0,&
{'D3'},{'D4'},{'D7'},{'D6'},{'D1'},{'D5'},{'D2'},{'R3'},{'R1'},{'R2'},&,13.0,&
{'D3'},{'D4'},{'D7'},{'D6'},{'D1'},{'D5'},{'D2'},{'R3'},{'R2'},{'R1'},&,21.0,&
{'D3'},{'D4'},{'D7'},{'D6'},{'D1'},{'D5'},{'D2'},{'R2'},{'R3'},{'R1'},&,24.0,&
{'D3'},{'D4'},{'D7'},{'D6'},{'D1'},{'D5'},{'D2'},{'R2'},{'R1'},{'R3'},&,12.0,&
{'D3'},{'D4'},{'D7'},{'D6'},{'D1'},{'D5'},{'D2'},{'R1'},{'R3'},{'R2'},&,14.0,&
{'D3'},{'D4'},{'D7'},{'D6'},{'D1'},{'D5'},{'D2'},{'R1'},{'R2'},{'R3'},&,21.0,&
{'D3'},{'D4'},{'D7'},{'D6'},{'D1'},{'D5'},{'R3'},{'D2'},{'R1'},{'R2'},&,8.0,&
{'D3'},{'D4'},{'D7'},{'D6'},{'D1'},{'D5'},{'R3'},{'D2'},{'R2'},{'R1'},&,6.0,&
{'D3'},{'D4'},{'D7'},{'D6'},{'D1'},{'D5'},{'R3'},{'R2'},{'D2'},{'R1'},&,1.0,&
{'D3'},{'D4'},{'D7'},{'D6'},{'D1'},{'D5'},{'R3'},{'R1'},{'R2'},{'D2'},&,1.0,&
{'D3'},{'D4'},{'D7'},{'D6'},{'D1'},{'D5'},{'R1'},{'D2'},{'R3'},{'R2'},&,4.0,&
{'D3'},{'D4'},{'D7'},{'D6'},{'D1'},{'D5'},{'R1'},{'D2'},{'R2'},{'R3'},&,4.0,&
{'D3'},{'D4'},{'D7'},{'D6'},{'D1'},{'D5'},{'R1'},{'R3'},{'D2'},{'R2'},&,1.0,&
{'D3'},{'D4'},{'D7'},{'D6'},{'D1'},{'D5'},{'R1'},{'R2'},{'R3'},{'D2'},&,1.0,&
{'D3'},{'D4'},{'D7'},{'D6'},{'D1'},{'D5'},{'R1'},{'R2'},{'D2'},{'R3'},&,2.0,&
{'D3'},{'D4'},{'D7'},{'D6'},{'D1'},{'R2'},{'D2'},{'D5'},{'R1'},{'R3'},&,1.0,&
{'D3'},{'D4'},{'D7'},{'D6'},{'D1'},{'R2'},{'R3'},{'D5'},{'D2'},{'R1'},&,1.0,&
{'D3'},{'D4'},{'D7'},{'D6'},{'D1'},{'R2'},{'D5'},{'D2'},{'R3'},{'R1'},&,2.0,&
{'D3'},{'D4'},{'D7'},{'D6'},{'D1'},{'D2'},{'R2'},{'R1'},{'D5'},{'R3'},&,1.0,&
{'D3'},{'D4'},{'D7'},{'D6'},{'D1'},{'D2'},{'R3'},{'R1'},{'D5'},{'R2'},&,1.0,&
{'D3'},{'D4'},{'D7'},{'D6'},{'D1'},{'D2'},{'D5'},{'R3'},{'R1'},{'R2'},&,2.0,&
{'D3'},{'D4'},{'D7'},{'D6'},{'D1'},{'D2'},{'D5'},{'R3'},{'R2'},{'R1'},&,2.0,&
{'D3'},{'D4'},{'D7'},{'D6'},{'D1'},{'D2'},{'D5'},{'R2'},{'R1'},{'R3'},&,3.0,&
{'D3'},{'D4'},{'D7'},{'D6'},{'D1'},{'D2'},{'D5'},{'R1'},{'R3'},{'R2'},&,1.0,&
{'D3'},{'D4'},{'D7'},{'D6'},{'D1'},{'D2'},{'D5'},{'R1'},{'R2'},{'R3'},&,3.0,&
{'D3'},{'D4'},{'D7'},{'D6'},{'D1'},{'D2'},{'R1'},{'D5'},{'R3'},{'R2'},&,1.0,&
{'D3'},{'D4'},{'D7'},{'D6'},{'D1'},{'R1'},{'D5'},{'D2'},{'R2'},{'R3'},&,1.0,&
{'D3'},{'D4'},{'D7'},{'D6'},{'D1'},{'R3'},{'D2'},{'D5'},{'R2'},{'R1'},&,1.0,&
{'D3'},{'D4'},{'D7'},{'D6'},{'D1'},{'R3'},{'D5'},{'D2'},{'R1'},{'R2'},&,2.0,&
{'D3'},{'D4'},{'D7'},{'D6'},{'D1'},{'R3'},{'R1'},{'D5'},{'D2'},{'R2'},&,1.0,&
{'D3'},{'D4'},{'D7'},{'D6'},{'D5'},{'D1'},{'R2'},{'D2'},{'R3'},{'R1'},&,6.0,&
{'D3'},{'D4'},{'D7'},{'D6'},{'D5'},{'D1'},{'R2'},{'D2'},{'R1'},{'R3'},&,4.0,&
{'D3'},{'D4'},{'D7'},{'D6'},{'D5'},{'D1'},{'R2'},{'R1'},{'D2'},{'R3'},&,1.0,&
{'D3'},{'D4'},{'D7'},{'D6'},{'D5'},{'D1'},{'D2'},{'R3'},{'R1'},{'R2'},&,5.0,&
{'D3'},{'D4'},{'D7'},{'D6'},{'D5'},{'D1'},{'D2'},{'R3'},{'R2'},{'R1'},&,11.0,&
{'D3'},{'D4'},{'D7'},{'D6'},{'D5'},{'D1'},{'D2'},{'R2'},{'R3'},{'R1'},&,20.0,&
{'D3'},{'D4'},{'D7'},{'D6'},{'D5'},{'D1'},{'D2'},{'R2'},{'R1'},{'R3'},&,12.0,&
{'D3'},{'D4'},{'D7'},{'D6'},{'D5'},{'D1'},{'D2'},{'R1'},{'R3'},{'R2'},&,2.0,&
{'D3'},{'D4'},{'D7'},{'D6'},{'D5'},{'D1'},{'D2'},{'R1'},{'R2'},{'R3'},&,13.0,&
{'D3'},{'D4'},{'D7'},{'D6'},{'D5'},{'D1'},{'R3'},{'D2'},{'R1'},{'R2'},&,4.0,&
{'D3'},{'D4'},{'D7'},{'D6'},{'D5'},{'D1'},{'R3'},{'D2'},{'R2'},{'R1'},&,1.0,&
{'D3'},{'D4'},{'D7'},{'D6'},{'D5'},{'D1'},{'R3'},{'R2'},{'R1'},{'D2'},&,1.0,&
{'D3'},{'D4'},{'D7'},{'D6'},{'D5'},{'D1'},{'R1'},{'D2'},{'R3'},{'R2'},&,1.0,&
{'D3'},{'D4'},{'D7'},{'D6'},{'D5'},{'D1'},{'R1'},{'R3'},{'D2'},{'R2'},&,1.0,&
{'D3'},{'D4'},{'D7'},{'D6'},{'D5'},{'R2'},{'R3'},{'D1'},{'D2'},{'R1'},&,1.0,&
{'D3'},{'D4'},{'D7'},{'D6'},{'D5'},{'R2'},{'R1'},{'D1'},{'D2'},{'R3'},&,1.0,&
{'D3'},{'D4'},{'D7'},{'D6'},{'D5'},{'R2'},{'D1'},{'D2'},{'R3'},{'R1'},&,1.0,&
{'D3'},{'D4'},{'D7'},{'D6'},{'D5'},{'D2'},{'R1'},{'D1'},{'R2'},{'R3'},&,1.0,&
{'D3'},{'D4'},{'D7'},{'D6'},{'D5'},{'D2'},{'D1'},{'R3'},{'R2'},{'R1'},&,2.0,&
{'D3'},{'D4'},{'D7'},{'D6'},{'D5'},{'D2'},{'D1'},{'R2'},{'R3'},{'R1'},&,3.0,&
{'D3'},{'D4'},{'D7'},{'D6'},{'D5'},{'D2'},{'D1'},{'R2'},{'R1'},{'R3'},&,1.0,&
{'D3'},{'D4'},{'D7'},{'D6'},{'D5'},{'R1'},{'R3'},{'D2'},{'D1'},{'R2'},&,1.0,&
{'D3'},{'D4'},{'D7'},{'D6'},{'D5'},{'R3'},{'D1'},{'R2'},{'D2'},{'R1'},&,1.0,&
{'D3'},{'D4'},{'D7'},{'D6'},{'D5'},{'R3'},{'D1'},{'R1'},{'D2'},{'R2'},&,1.0,&
{'D3'},{'D4'},{'D7'},{'D6'},{'D2'},{'D5'},{'D1'},{'R2'},{'R1'},{'R3'},&,1.0,&
{'D3'},{'D4'},{'D7'},{'D6'},{'D2'},{'D5'},{'D1'},{'R1'},{'R2'},{'R3'},&,1.0,&
{'D3'},{'D4'},{'D7'},{'D6'},{'D2'},{'D1'},{'R2'},{'D5'},{'R1'},{'R3'},&,1.0,&
{'D3'},{'D4'},{'D7'},{'D6'},{'D2'},{'D1'},{'R3'},{'R1'},{'D5'},{'R2'},&,1.0,&
{'D3'},{'D4'},{'D7'},{'D6'},{'D2'},{'D1'},{'R3'},{'D5'},{'R2'},{'R1'},&,1.0,&
{'D3'},{'D4'},{'D7'},{'D6'},{'D2'},{'D1'},{'D5'},{'R2'},{'R3'},{'R1'},&,2.0,&
{'D3'},{'D4'},{'D7'},{'D6'},{'D2'},{'R3'},{'D1'},{'R2'},{'D5'},{'R1'},&,1.0,&
{'D3'},{'D4'},{'D7'},{'D6'},{'R1'},{'D1'},{'D5'},{'D2'},{'R2'},{'R3'},&,1.0,&
{'D3'},{'D4'},{'D7'},{'D6'},{'R3'},{'D5'},{'D1'},{'D2'},{'R2'},{'R1'},&,1.0,&
{'D3'},{'D4'},{'D7'},{'D2'},{'D6'},{'D1'},{'R2'},{'D5'},{'R3'},{'R1'},&,1.0,&
{'D3'},{'D4'},{'D7'},{'D2'},{'D6'},{'D1'},{'R3'},{'D5'},{'R2'},{'R1'},&,1.0,&
{'D3'},{'D4'},{'D7'},{'D2'},{'D6'},{'R3'},{'D1'},{'D5'},{'R2'},{'R1'},&,1.0,&
{'D3'},{'D4'},{'D7'},{'R1'},{'D6'},{'D1'},{'R2'},{'D2'},{'R3'},{'D5'},&,1.0,&
{'D3'},{'D4'},{'D5'},{'D6'},{'D1'},{'D7'},{'R1'},{'D2'},{'R2'},{'R3'},&,1.0,&
{'D3'},{'D4'},{'D5'},{'D6'},{'D7'},{'D1'},{'D2'},{'R2'},{'R3'},{'R1'},&,1.0,&
{'D3'},{'D4'},{'D5'},{'D6'},{'D7'},{'D1'},{'D2'},{'R1'},{'R2'},{'R3'},&,2.0,&
{'D3'},{'D4'},{'D5'},{'D6'},{'D7'},{'D1'},{'R3'},{'D2'},{'R1'},{'R2'},&,1.0,&
{'D3'},{'D4'},{'D5'},{'D6'},{'D7'},{'D1'},{'R3'},{'R2'},{'D2'},{'R1'},&,1.0,&
{'D3'},{'D4'},{'D5'},{'D6'},{'D7'},{'D1'},{'R1'},{'D2'},{'R3'},{'R2'},&,1.0,&
{'D3'},{'D4'},{'D5'},{'D6'},{'D7'},{'D2'},{'D1'},{'R3'},{'R1'},{'R2'},&,1.0,&
{'D3'},{'D4'},{'D5'},{'D6'},{'D7'},{'R3'},{'D1'},{'D2'},{'R2'},{'R1'},&,1.0,&
{'D3'},{'D4'},{'D5'},{'D7'},{'D1'},{'D6'},{'D2'},{'R1'},{'R2'},{'R3'},&,1.0,&
{'D3'},{'D4'},{'D5'},{'D7'},{'D6'},{'D1'},{'R2'},{'D2'},{'R3'},{'R1'},&,1.0,&
{'D3'},{'D4'},{'D5'},{'D7'},{'D6'},{'D1'},{'D2'},{'R3'},{'R1'},{'R2'},&,1.0,&
{'D3'},{'D4'},{'D5'},{'D7'},{'D6'},{'D1'},{'D2'},{'R2'},{'R1'},{'R3'},&,2.0,&
{'D3'},{'D4'},{'D5'},{'D7'},{'D6'},{'D1'},{'D2'},{'R1'},{'R3'},{'R2'},&,1.0,&
{'D3'},{'D4'},{'D5'},{'D7'},{'D6'},{'D1'},{'D2'},{'R1'},{'R2'},{'R3'},&,1.0,&
{'D3'},{'D4'},{'D5'},{'D2'},{'D6'},{'D7'},{'D1'},{'R1'},{'R3'},{'R2'},&,1.0,&
{'D3'},{'D4'},{'D6'},{'D1'},{'D5'},{'R2'},{'D7'},{'D2'},{'R1'},{'R3'},&,1.0,&
{'D3'},{'D4'},{'D6'},{'D1'},{'D5'},{'D7'},{'D2'},{'R2'},{'R1'},{'R3'},&,1.0,&
{'D3'},{'D4'},{'D6'},{'D1'},{'D5'},{'D7'},{'R3'},{'D2'},{'R2'},{'R1'},&,1.0,&
{'D3'},{'D4'},{'D6'},{'D1'},{'D7'},{'D5'},{'R2'},{'D2'},{'R3'},{'R1'},&,1.0,&
{'D3'},{'D4'},{'D6'},{'D1'},{'D7'},{'D5'},{'R2'},{'D2'},{'R1'},{'R3'},&,1.0,&
{'D3'},{'D4'},{'D6'},{'D1'},{'D7'},{'D5'},{'D2'},{'R3'},{'R1'},{'R2'},&,2.0,&
{'D3'},{'D4'},{'D6'},{'D1'},{'D7'},{'D5'},{'D2'},{'R3'},{'R2'},{'R1'},&,2.0,&
{'D3'},{'D4'},{'D6'},{'D1'},{'D7'},{'D5'},{'D2'},{'R2'},{'R3'},{'R1'},&,4.0,&
{'D3'},{'D4'},{'D6'},{'D1'},{'D7'},{'D5'},{'D2'},{'R2'},{'R1'},{'R3'},&,1.0,&
{'D3'},{'D4'},{'D6'},{'D1'},{'D7'},{'D5'},{'D2'},{'R1'},{'R2'},{'R3'},&,1.0,&
{'D3'},{'D4'},{'D6'},{'D1'},{'D7'},{'D5'},{'R1'},{'D2'},{'R3'},{'R2'},&,1.0,&
{'D3'},{'D4'},{'D6'},{'D1'},{'D7'},{'D2'},{'D5'},{'R2'},{'R3'},{'R1'},&,1.0,&
{'D3'},{'D4'},{'D6'},{'D1'},{'D7'},{'D2'},{'D5'},{'R2'},{'R1'},{'R3'},&,1.0,&
{'D3'},{'D4'},{'D6'},{'D5'},{'D1'},{'D7'},{'D2'},{'R2'},{'R3'},{'R1'},&,1.0,&
{'D3'},{'D4'},{'D6'},{'D5'},{'D1'},{'D7'},{'D2'},{'R1'},{'R2'},{'R3'},&,1.0,&
{'D3'},{'D4'},{'D6'},{'D5'},{'D7'},{'D1'},{'R2'},{'D2'},{'R3'},{'R1'},&,1.0,&
{'D3'},{'D4'},{'D6'},{'D5'},{'D7'},{'D1'},{'D2'},{'R3'},{'R2'},{'R1'},&,1.0,&
{'D3'},{'D4'},{'D6'},{'D5'},{'D7'},{'D1'},{'D2'},{'R2'},{'R3'},{'R1'},&,1.0,&
{'D3'},{'D4'},{'D6'},{'D5'},{'D7'},{'D1'},{'D2'},{'R1'},{'R3'},{'R2'},&,1.0,&
{'D3'},{'D4'},{'D6'},{'D5'},{'D7'},{'D1'},{'D2'},{'R1'},{'R2'},{'R3'},&,1.0,&
{'D3'},{'D4'},{'D6'},{'D5'},{'D7'},{'D1'},{'R3'},{'D2'},{'R2'},{'R1'},&,1.0,&
{'D3'},{'D4'},{'D6'},{'D5'},{'D7'},{'D2'},{'D1'},{'R2'},{'R1'},{'R3'},&,1.0,&
{'D3'},{'D4'},{'D6'},{'D5'},{'D7'},{'R1'},{'D1'},{'D2'},{'R3'},{'R2'},&,1.0,&
{'D3'},{'D4'},{'D6'},{'D5'},{'D7'},{'R3'},{'D1'},{'R2'},{'D2'},{'R1'},&,1.0,&
{'D3'},{'D4'},{'D6'},{'D5'},{'R3'},{'D7'},{'R2'},{'D1'},{'D2'},{'R1'},&,1.0,&
{'D3'},{'D4'},{'D6'},{'D7'},{'D1'},{'D5'},{'R2'},{'D2'},{'R3'},{'R1'},&,6.0,&
{'D3'},{'D4'},{'D6'},{'D7'},{'D1'},{'D5'},{'R2'},{'D2'},{'R1'},{'R3'},&,2.0,&
{'D3'},{'D4'},{'D6'},{'D7'},{'D1'},{'D5'},{'R2'},{'R3'},{'D2'},{'R1'},&,1.0,&
{'D3'},{'D4'},{'D6'},{'D7'},{'D1'},{'D5'},{'R2'},{'R1'},{'D2'},{'R3'},&,2.0,&
{'D3'},{'D4'},{'D6'},{'D7'},{'D1'},{'D5'},{'D2'},{'R3'},{'R1'},{'R2'},&,8.0,&
{'D3'},{'D4'},{'D6'},{'D7'},{'D1'},{'D5'},{'D2'},{'R3'},{'R2'},{'R1'},&,12.0,&
{'D3'},{'D4'},{'D6'},{'D7'},{'D1'},{'D5'},{'D2'},{'R2'},{'R3'},{'R1'},&,13.0,&
{'D3'},{'D4'},{'D6'},{'D7'},{'D1'},{'D5'},{'D2'},{'R2'},{'R1'},{'R3'},&,20.0,&
{'D3'},{'D4'},{'D6'},{'D7'},{'D1'},{'D5'},{'D2'},{'R1'},{'R3'},{'R2'},&,6.0,&
{'D3'},{'D4'},{'D6'},{'D7'},{'D1'},{'D5'},{'D2'},{'R1'},{'R2'},{'R3'},&,15.0,&
{'D3'},{'D4'},{'D6'},{'D7'},{'D1'},{'D5'},{'R3'},{'D2'},{'R1'},{'R2'},&,2.0,&
{'D3'},{'D4'},{'D6'},{'D7'},{'D1'},{'D5'},{'R3'},{'D2'},{'R2'},{'R1'},&,3.0,&
{'D3'},{'D4'},{'D6'},{'D7'},{'D1'},{'D5'},{'R3'},{'R2'},{'D2'},{'R1'},&,1.0,&
{'D3'},{'D4'},{'D6'},{'D7'},{'D1'},{'D5'},{'R3'},{'R1'},{'D2'},{'R2'},&,1.0,&
{'D3'},{'D4'},{'D6'},{'D7'},{'D1'},{'D5'},{'R1'},{'D2'},{'R3'},{'R2'},&,1.0,&
{'D3'},{'D4'},{'D6'},{'D7'},{'D1'},{'D5'},{'R1'},{'D2'},{'R2'},{'R3'},&,6.0,&
{'D3'},{'D4'},{'D6'},{'D7'},{'D1'},{'D5'},{'R1'},{'R2'},{'R3'},{'D2'},&,1.0,&
{'D3'},{'D4'},{'D6'},{'D7'},{'D1'},{'D5'},{'R1'},{'R2'},{'D2'},{'R3'},&,1.0,&
{'D3'},{'D4'},{'D6'},{'D7'},{'D1'},{'R2'},{'D2'},{'D5'},{'R3'},{'R1'},&,1.0,&
{'D3'},{'D4'},{'D6'},{'D7'},{'D1'},{'R2'},{'D2'},{'D5'},{'R1'},{'R3'},&,1.0,&
{'D3'},{'D4'},{'D6'},{'D7'},{'D1'},{'R2'},{'D5'},{'D2'},{'R1'},{'R3'},&,1.0,&
{'D3'},{'D4'},{'D6'},{'D7'},{'D1'},{'R2'},{'D5'},{'R3'},{'D2'},{'R1'},&,2.0,&
{'D3'},{'D4'},{'D6'},{'D7'},{'D1'},{'R2'},{'D5'},{'R1'},{'D2'},{'R3'},&,1.0,&
{'D3'},{'D4'},{'D6'},{'D7'},{'D1'},{'D2'},{'R2'},{'R3'},{'D5'},{'R1'},&,1.0,&
{'D3'},{'D4'},{'D6'},{'D7'},{'D1'},{'D2'},{'D5'},{'R3'},{'R1'},{'R2'},&,1.0,&
{'D3'},{'D4'},{'D6'},{'D7'},{'D1'},{'D2'},{'D5'},{'R2'},{'R3'},{'R1'},&,2.0,&
{'D3'},{'D4'},{'D6'},{'D7'},{'D1'},{'D2'},{'D5'},{'R2'},{'R1'},{'R3'},&,3.0,&
{'D3'},{'D4'},{'D6'},{'D7'},{'D1'},{'D2'},{'D5'},{'R1'},{'R3'},{'R2'},&,1.0,&
{'D3'},{'D4'},{'D6'},{'D7'},{'D1'},{'R1'},{'D5'},{'D2'},{'R3'},{'R2'},&,1.0,&
{'D3'},{'D4'},{'D6'},{'D7'},{'D1'},{'R1'},{'D5'},{'D2'},{'R2'},{'R3'},&,1.0,&
{'D3'},{'D4'},{'D6'},{'D7'},{'D1'},{'R1'},{'D5'},{'R2'},{'D2'},{'R3'},&,1.0,&
{'D3'},{'D4'},{'D6'},{'D7'},{'D1'},{'R3'},{'D5'},{'D2'},{'R1'},{'R2'},&,2.0,&
{'D3'},{'D4'},{'D6'},{'D7'},{'D1'},{'R3'},{'D5'},{'R1'},{'D2'},{'R2'},&,1.0,&
{'D3'},{'D4'},{'D6'},{'D7'},{'D5'},{'D1'},{'R2'},{'D2'},{'R3'},{'R1'},&,4.0,&
{'D3'},{'D4'},{'D6'},{'D7'},{'D5'},{'D1'},{'R2'},{'D2'},{'R1'},{'R3'},&,1.0,&
{'D3'},{'D4'},{'D6'},{'D7'},{'D5'},{'D1'},{'R2'},{'R3'},{'R1'},{'D2'},&,1.0,&
{'D3'},{'D4'},{'D6'},{'D7'},{'D5'},{'D1'},{'R2'},{'R1'},{'R3'},{'D2'},&,1.0,&
{'D3'},{'D4'},{'D6'},{'D7'},{'D5'},{'D1'},{'R2'},{'R1'},{'D2'},{'R3'},&,1.0,&
{'D3'},{'D4'},{'D6'},{'D7'},{'D5'},{'D1'},{'D2'},{'R3'},{'R1'},{'R2'},&,6.0,&
{'D3'},{'D4'},{'D6'},{'D7'},{'D5'},{'D1'},{'D2'},{'R3'},{'R2'},{'R1'},&,5.0,&
{'D3'},{'D4'},{'D6'},{'D7'},{'D5'},{'D1'},{'D2'},{'R2'},{'R3'},{'R1'},&,12.0,&
{'D3'},{'D4'},{'D6'},{'D7'},{'D5'},{'D1'},{'D2'},{'R2'},{'R1'},{'R3'},&,9.0,&
{'D3'},{'D4'},{'D6'},{'D7'},{'D5'},{'D1'},{'D2'},{'R1'},{'R3'},{'R2'},&,4.0,&
{'D3'},{'D4'},{'D6'},{'D7'},{'D5'},{'D1'},{'D2'},{'R1'},{'R2'},{'R3'},&,6.0,&
{'D3'},{'D4'},{'D6'},{'D7'},{'D5'},{'D1'},{'R3'},{'D2'},{'R1'},{'R2'},&,3.0,&
{'D3'},{'D4'},{'D6'},{'D7'},{'D5'},{'D1'},{'R3'},{'D2'},{'R2'},{'R1'},&,4.0,&
{'D3'},{'D4'},{'D6'},{'D7'},{'D5'},{'D1'},{'R3'},{'R1'},{'D2'},{'R2'},&,1.0,&
{'D3'},{'D4'},{'D6'},{'D7'},{'D5'},{'D1'},{'R1'},{'D2'},{'R3'},{'R2'},&,1.0,&
{'D3'},{'D4'},{'D6'},{'D7'},{'D5'},{'D1'},{'R1'},{'D2'},{'R2'},{'R3'},&,1.0,&
{'D3'},{'D4'},{'D6'},{'D7'},{'D5'},{'D1'},{'R1'},{'R2'},{'R3'},{'D2'},&,1.0,&
{'D3'},{'D4'},{'D6'},{'D7'},{'D5'},{'R2'},{'D1'},{'R3'},{'D2'},{'R1'},&,1.0,&
{'D3'},{'D4'},{'D6'},{'D7'},{'D5'},{'D2'},{'R3'},{'D1'},{'R2'},{'R1'},&,1.0,&
{'D3'},{'D4'},{'D6'},{'D7'},{'D5'},{'D2'},{'D1'},{'R3'},{'R2'},{'R1'},&,3.0,&
{'D3'},{'D4'},{'D6'},{'D7'},{'D5'},{'D2'},{'D1'},{'R2'},{'R3'},{'R1'},&,3.0,&
{'D3'},{'D4'},{'D6'},{'D7'},{'D5'},{'D2'},{'D1'},{'R1'},{'R2'},{'R3'},&,2.0,&
{'D3'},{'D4'},{'D6'},{'D7'},{'D5'},{'R1'},{'D1'},{'D2'},{'R3'},{'R2'},&,1.0,&
{'D3'},{'D4'},{'D6'},{'D7'},{'D5'},{'R1'},{'D1'},{'D2'},{'R2'},{'R3'},&,1.0,&
{'D3'},{'D4'},{'D6'},{'D7'},{'D2'},{'D5'},{'D1'},{'R2'},{'R3'},{'R1'},&,1.0,&
{'D3'},{'D4'},{'D6'},{'D7'},{'D2'},{'D5'},{'D1'},{'R1'},{'R3'},{'R2'},&,1.0,&
{'D3'},{'D4'},{'D6'},{'D7'},{'D2'},{'D5'},{'D1'},{'R1'},{'R2'},{'R3'},&,1.0,&
{'D3'},{'D4'},{'D6'},{'D7'},{'D2'},{'D1'},{'D5'},{'R2'},{'R1'},{'R3'},&,2.0,&
{'D3'},{'D4'},{'D6'},{'D7'},{'D2'},{'D1'},{'D5'},{'R1'},{'R2'},{'R3'},&,1.0,&
{'D3'},{'D4'},{'D6'},{'D7'},{'R2'},{'D5'},{'D1'},{'D2'},{'R3'},{'R1'},&,1.0,&
{'D3'},{'D4'},{'D6'},{'D7'},{'R2'},{'D1'},{'D5'},{'D2'},{'R1'},{'R3'},&,1.0,&
{'D3'},{'D4'},{'D6'},{'D7'},{'R2'},{'D1'},{'D5'},{'R3'},{'R1'},{'D2'},&,1.0,&
{'D3'},{'D4'},{'D6'},{'D7'},{'R3'},{'D5'},{'D1'},{'D2'},{'R1'},{'R2'},&,1.0,&
{'D3'},{'D4'},{'D6'},{'D2'},{'D7'},{'D5'},{'D1'},{'R1'},{'R2'},{'R3'},&,1.0,&
{'D3'},{'D4'},{'D6'},{'R1'},{'D7'},{'D1'},{'D5'},{'D2'},{'R2'},{'R3'},&,1.0,&
{'D3'},{'D4'},{'D1'},{'D5'},{'D6'},{'D7'},{'D2'},{'R2'},{'R3'},{'R1'},&,2.0,&
{'D3'},{'D4'},{'D1'},{'D6'},{'D7'},{'D5'},{'R2'},{'D2'},{'R3'},{'R1'},&,1.0,&
{'D3'},{'D4'},{'D1'},{'D6'},{'D7'},{'D5'},{'R2'},{'D2'},{'R1'},{'R3'},&,1.0,&
{'D3'},{'D4'},{'D1'},{'D6'},{'D7'},{'D5'},{'R2'},{'R3'},{'D2'},{'R1'},&,1.0,&
{'D3'},{'D4'},{'D1'},{'D6'},{'D7'},{'D5'},{'D2'},{'R3'},{'R1'},{'R2'},&,2.0,&
{'D3'},{'D4'},{'D1'},{'D6'},{'D7'},{'D5'},{'D2'},{'R3'},{'R2'},{'R1'},&,2.0,&
{'D3'},{'D4'},{'D1'},{'D6'},{'D7'},{'D5'},{'D2'},{'R2'},{'R3'},{'R1'},&,2.0,&
{'D3'},{'D4'},{'D1'},{'D6'},{'D7'},{'D5'},{'R3'},{'R2'},{'D2'},{'R1'},&,1.0,&
{'D3'},{'D4'},{'D1'},{'D6'},{'D7'},{'D2'},{'R3'},{'D5'},{'R2'},{'R1'},&,1.0,&
{'D3'},{'D4'},{'D1'},{'D7'},{'D5'},{'D6'},{'D2'},{'R2'},{'R3'},{'R1'},&,1.0,&
{'D3'},{'D4'},{'D1'},{'D7'},{'D5'},{'D6'},{'R3'},{'D2'},{'R1'},{'R2'},&,1.0,&
{'D3'},{'D4'},{'D1'},{'D7'},{'D6'},{'D5'},{'R2'},{'D2'},{'R1'},{'R3'},&,1.0,&
{'D3'},{'D4'},{'D1'},{'D7'},{'D6'},{'D5'},{'D2'},{'R3'},{'R1'},{'R2'},&,2.0,&
{'D3'},{'D4'},{'D1'},{'D7'},{'D6'},{'D5'},{'D2'},{'R3'},{'R2'},{'R1'},&,5.0,&
{'D3'},{'D4'},{'D1'},{'D7'},{'D6'},{'D5'},{'D2'},{'R2'},{'R3'},{'R1'},&,2.0,&
{'D3'},{'D4'},{'D1'},{'D7'},{'D6'},{'D5'},{'D2'},{'R2'},{'R1'},{'R3'},&,1.0,&
{'D3'},{'D4'},{'D1'},{'D7'},{'D6'},{'D5'},{'D2'},{'R1'},{'R3'},{'R2'},&,2.0,&
{'D3'},{'D4'},{'D1'},{'D7'},{'D6'},{'D5'},{'D2'},{'R1'},{'R2'},{'R3'},&,1.0,&
{'D3'},{'D4'},{'D1'},{'D7'},{'D6'},{'D5'},{'R3'},{'D2'},{'R2'},{'R1'},&,2.0,&
{'D3'},{'D4'},{'D1'},{'D7'},{'D6'},{'D5'},{'R1'},{'R2'},{'D2'},{'R3'},&,1.0,&
{'D3'},{'D4'},{'D1'},{'D7'},{'D6'},{'R2'},{'D5'},{'D2'},{'R3'},{'R1'},&,1.0,&
{'D3'},{'D4'},{'D1'},{'D7'},{'D6'},{'D2'},{'R2'},{'R3'},{'R1'},{'D5'},&,1.0,&
{'D3'},{'D4'},{'D1'},{'D7'},{'D6'},{'D2'},{'R2'},{'D5'},{'R3'},{'R1'},&,1.0,&
{'D3'},{'D4'},{'D1'},{'D7'},{'D6'},{'D2'},{'D5'},{'R2'},{'R1'},{'R3'},&,1.0,&
{'D3'},{'D4'},{'D1'},{'D7'},{'D6'},{'R3'},{'D5'},{'D2'},{'R1'},{'R2'},&,1.0,&
{'D3'},{'D4'},{'D2'},{'D7'},{'D6'},{'D5'},{'D1'},{'R3'},{'R1'},{'R2'},&,1.0,&
{'D3'},{'D4'},{'D2'},{'D7'},{'D6'},{'D1'},{'D5'},{'R1'},{'R3'},{'R2'},&,1.0,&
{'D3'},{'D4'},{'D2'},{'D7'},{'D6'},{'D1'},{'R1'},{'D5'},{'R2'},{'R3'},&,1.0,&
{'D3'},{'D4'},{'R1'},{'D7'},{'D6'},{'D5'},{'D1'},{'R3'},{'D2'},{'R2'},&,1.0,&
{'D3'},{'D2'},{'D7'},{'D1'},{'D6'},{'D5'},{'R1'},{'R2'},{'D4'},{'R3'},&,1.0,&
{'D3'},{'D2'},{'D7'},{'D1'},{'D6'},{'D5'},{'D4'},{'R2'},{'R3'},{'R1'},&,1.0,&
{'D3'},{'D2'},{'D7'},{'D1'},{'D6'},{'D4'},{'D5'},{'R2'},{'R3'},{'R1'},&,1.0,&
{'D3'},{'D2'},{'D7'},{'D4'},{'D6'},{'D5'},{'D1'},{'R1'},{'R3'},{'R2'},&,1.0,&
{'D3'},{'D2'},{'D7'},{'D4'},{'D6'},{'D1'},{'R1'},{'D5'},{'R2'},{'R3'},&,1.0,&
{'D3'},{'D2'},{'D7'},{'D6'},{'D1'},{'D5'},{'R2'},{'D4'},{'R1'},{'R3'},&,1.0,&
{'D3'},{'D2'},{'D7'},{'D6'},{'D1'},{'D4'},{'R3'},{'D5'},{'R2'},{'R1'},&,1.0,&
{'D3'},{'D2'},{'D7'},{'D6'},{'D1'},{'D4'},{'R1'},{'D5'},{'R2'},{'R3'},&,1.0,&
{'D3'},{'D2'},{'D7'},{'D6'},{'D5'},{'D4'},{'D1'},{'R3'},{'R1'},{'R2'},&,1.0,&
{'D3'},{'D2'},{'D7'},{'D6'},{'D5'},{'D4'},{'D1'},{'R2'},{'R3'},{'R1'},&,1.0,&
{'D3'},{'D2'},{'D7'},{'D6'},{'D5'},{'D4'},{'D1'},{'R2'},{'R1'},{'R3'},&,1.0,&
{'D3'},{'D2'},{'D7'},{'D6'},{'D4'},{'D5'},{'D1'},{'R2'},{'R3'},{'R1'},&,1.0,&
{'D3'},{'D2'},{'D7'},{'D6'},{'D4'},{'D5'},{'D1'},{'R2'},{'R1'},{'R3'},&,1.0,&
{'D3'},{'D2'},{'D7'},{'D6'},{'D4'},{'D1'},{'R3'},{'D5'},{'R2'},{'R1'},&,1.0,&
{'D3'},{'D2'},{'D7'},{'D6'},{'D4'},{'D1'},{'D5'},{'R2'},{'R3'},{'R1'},&,1.0,&
{'D3'},{'D2'},{'D7'},{'D6'},{'D4'},{'D1'},{'D5'},{'R1'},{'R2'},{'R3'},&,1.0,&
{'D3'},{'D2'},{'D5'},{'D6'},{'D7'},{'D4'},{'D1'},{'R2'},{'R3'},{'R1'},&,1.0,&
{'D3'},{'D2'},{'D6'},{'D7'},{'D1'},{'D5'},{'D4'},{'R3'},{'R2'},{'R1'},&,1.0,&
{'D3'},{'D2'},{'D6'},{'D7'},{'D1'},{'D5'},{'D4'},{'R2'},{'R3'},{'R1'},&,1.0,&
{'D3'},{'D2'},{'D6'},{'D7'},{'D1'},{'D4'},{'R3'},{'D5'},{'R1'},{'R2'},&,1.0,&
{'D3'},{'D2'},{'D6'},{'D7'},{'D5'},{'D4'},{'D1'},{'R1'},{'R2'},{'R3'},&,1.0,&
{'D3'},{'D2'},{'D6'},{'D7'},{'D4'},{'D1'},{'D5'},{'R2'},{'R3'},{'R1'},&,1.0,&
{'D3'},{'D2'},{'D6'},{'D7'},{'D4'},{'D1'},{'D5'},{'R2'},{'R1'},{'R3'},&,1.0,&
{'D3'},{'D2'},{'D1'},{'D7'},{'D6'},{'D4'},{'D5'},{'R1'},{'R2'},{'R3'},&,1.0,&
{'D3'},{'R3'},{'D5'},{'D2'},{'R2'},{'R1'},{'D1'},{'D4'},{'D6'},{'D7'},&,1.0,&
{'D3'},{'R3'},{'R1'},{'D1'},{'R2'},{'D4'},{'D5'},{'D2'},{'D6'},{'D7'},&,1.0,&
{'D3'},{'R3'},{'R1'},{'D5'},{'R2'},{'D4'},{'D1'},{'D2'},{'D6'},{'D7'},&,1.0,&
{'D3'},{'R3'},{'R1'},{'R2'},{'D1'},{'D2'},{'D5'},{'D4'},{'D6'},{'D7'},&,1.0,&
{'D3'},{'R3'},{'R1'},{'R2'},{'D5'},{'D4'},{'D1'},{'D2'},{'D6'},{'D7'},&,1.0,&
{'D3'},{'R3'},{'R1'},{'R2'},{'D5'},{'D1'},{'D2'},{'D4'},{'D6'},{'D7'},&,1.0,&
{'D3'},{'R3'},{'R1'},{'R2'},{'D5'},{'D2'},{'D6'},{'D4'},{'D1'},{'D7'},&,1.0,&
{'D3'},{'R3'},{'R1'},{'R2'},{'D4'},{'D5'},{'D1'},{'D2'},{'D6'},{'D7'},&,1.0,&
{'D3'},{'R3'},{'R2'},{'D5'},{'D4'},{'D1'},{'R1'},{'D2'},{'D6'},{'D7'},&,1.0,&
{'D3'},{'R3'},{'R2'},{'D5'},{'R1'},{'D2'},{'D1'},{'D4'},{'D6'},{'D7'},&,1.0,&
{'D3'},{'R3'},{'R2'},{'R1'},{'D1'},{'D5'},{'D6'},{'D2'},{'D4'},{'D7'},&,1.0,&
{'D3'},{'R3'},{'R2'},{'R1'},{'D1'},{'D5'},{'D4'},{'D2'},{'D6'},{'D7'},&,2.0,&
{'D3'},{'R3'},{'R2'},{'R1'},{'D5'},{'D4'},{'D1'},{'D2'},{'D6'},{'D7'},&,1.0,&
{'D3'},{'R3'},{'R2'},{'R1'},{'D5'},{'D2'},{'D1'},{'D4'},{'D6'},{'D7'},&,1.0,&
{'D3'},{'R3'},{'R2'},{'R1'},{'D4'},{'D5'},{'D1'},{'D2'},{'D6'},{'D7'},&,1.0,&
{'D3'},{'R3'},{'R2'},{'R1'},{'D4'},{'D1'},{'D5'},{'D2'},{'D6'},{'D7'},&,1.0,&
{'D3'},{'R3'},{'R2'},{'R1'},{'D2'},{'D5'},{'D1'},{'D4'},{'D6'},{'D7'},&,1.0,&
{'D3'},{'R3'},{'R2'},{'R1'},{'D2'},{'D5'},{'D6'},{'D4'},{'D1'},{'D7'},&,1.0,&
{'D3'},{'R3'},{'R2'},{'R1'},{'D2'},{'D1'},{'D5'},{'D4'},{'D6'},{'D7'},&,1.0,&
{'D3'},{'R3'},{'R2'},{'R1'},{'D2'},{'D1'},{'D5'},{'D6'},{'D4'},{'D7'},&,1.0,&
{'D3'},{'R1'},{'R3'},{'R2'},{'D1'},{'D2'},{'D6'},{'D5'},{'D4'},{'D7'},&,1.0,&
{'D3'},{'R1'},{'R3'},{'R2'},{'D5'},{'D4'},{'D1'},{'D2'},{'D6'},{'D7'},&,1.0,&
{'D3'},{'R1'},{'R3'},{'R2'},{'D5'},{'D1'},{'D2'},{'D4'},{'D6'},{'D7'},&,1.0,&
{'D3'},{'R1'},{'R3'},{'R2'},{'D5'},{'D1'},{'D4'},{'D2'},{'D6'},{'D7'},&,1.0,&
{'D3'},{'R1'},{'R3'},{'R2'},{'D5'},{'D2'},{'D4'},{'D1'},{'D6'},{'D7'},&,1.0,&
{'D3'},{'R1'},{'R3'},{'R2'},{'D4'},{'D1'},{'D5'},{'D2'},{'D6'},{'D7'},&,1.0,&
{'D3'},{'R1'},{'R3'},{'R2'},{'D4'},{'D2'},{'D5'},{'D1'},{'D6'},{'D7'},&,1.0,&
{'D3'},{'R1'},{'R3'},{'R2'},{'D2'},{'D1'},{'D5'},{'D4'},{'D7'},{'D6'},&,1.0,&
{'D3'},{'R1'},{'R3'},{'R2'},{'D6'},{'D4'},{'D1'},{'D5'},{'D2'},{'D7'},&,1.0,&
{'D3'},{'R1'},{'R2'},{'D5'},{'R3'},{'D1'},{'D2'},{'D4'},{'D6'},{'D7'},&,1.0,&
{'D3'},{'R1'},{'R2'},{'D2'},{'R3'},{'D1'},{'D5'},{'D4'},{'D6'},{'D7'},&,1.0,&
{'D3'},{'R1'},{'R2'},{'R3'},{'D1'},{'D5'},{'D2'},{'D4'},{'D6'},{'D7'},&,1.0,&
{'D3'},{'R1'},{'R2'},{'R3'},{'D1'},{'D5'},{'D2'},{'D6'},{'D4'},{'D7'},&,1.0,&
{'D3'},{'R1'},{'R2'},{'R3'},{'D1'},{'D5'},{'D4'},{'D2'},{'D6'},{'D7'},&,1.0,&
{'D3'},{'R1'},{'R2'},{'R3'},{'D1'},{'D4'},{'D5'},{'D2'},{'D6'},{'D7'},&,3.0,&
{'D3'},{'R1'},{'R2'},{'R3'},{'D1'},{'D2'},{'D5'},{'D4'},{'D6'},{'D7'},&,1.0,&
{'D3'},{'R1'},{'R2'},{'R3'},{'D1'},{'D2'},{'D4'},{'D5'},{'D6'},{'D7'},&,1.0,&
{'D3'},{'R1'},{'R2'},{'R3'},{'D5'},{'D1'},{'D2'},{'D4'},{'D6'},{'D7'},&,3.0,&
{'D3'},{'R1'},{'R2'},{'R3'},{'D4'},{'D5'},{'D2'},{'D1'},{'D6'},{'D7'},&,1.0,&
{'D3'},{'R1'},{'R2'},{'R3'},{'D4'},{'D5'},{'D1'},{'D2'},{'D6'},{'D7'},&,1.0,&
{'D3'},{'R1'},{'R2'},{'R3'},{'D4'},{'D1'},{'D5'},{'D2'},{'D6'},{'D7'},&,1.0,&
{'D3'},{'R1'},{'R2'},{'R3'},{'D2'},{'D1'},{'D5'},{'D4'},{'D6'},{'D7'},&,1.0,&
{'D3'},{'R2'},{'D4'},{'R3'},{'D1'},{'R1'},{'D5'},{'D2'},{'D6'},{'D7'},&,1.0,&
{'D3'},{'R2'},{'D1'},{'R3'},{'R1'},{'D5'},{'D2'},{'D4'},{'D6'},{'D7'},&,1.0,&
{'D3'},{'R2'},{'R3'},{'D1'},{'D4'},{'D5'},{'R1'},{'D2'},{'D6'},{'D7'},&,1.0,&
{'D3'},{'R2'},{'R3'},{'D4'},{'R1'},{'D2'},{'D5'},{'D1'},{'D6'},{'D7'},&,1.0,&
{'D3'},{'R2'},{'R3'},{'D2'},{'D5'},{'D1'},{'R1'},{'D4'},{'D6'},{'D7'},&,1.0,&
{'D3'},{'R2'},{'R3'},{'D2'},{'R1'},{'D5'},{'D1'},{'D6'},{'D4'},{'D7'},&,1.0,&
{'D3'},{'R2'},{'R3'},{'R1'},{'D1'},{'D5'},{'D2'},{'D4'},{'D6'},{'D7'},&,2.0,&
{'D3'},{'R2'},{'R3'},{'R1'},{'D5'},{'D4'},{'D1'},{'D2'},{'D6'},{'D7'},&,1.0,&
{'D3'},{'R2'},{'R3'},{'R1'},{'D5'},{'D4'},{'D1'},{'D6'},{'D2'},{'D7'},&,1.0,&
{'D3'},{'R2'},{'R3'},{'R1'},{'D5'},{'D1'},{'D2'},{'D4'},{'D6'},{'D7'},&,3.0,&
{'D3'},{'R2'},{'R3'},{'R1'},{'D5'},{'D1'},{'D4'},{'D2'},{'D6'},{'D7'},&,1.0,&
{'D3'},{'R2'},{'R3'},{'R1'},{'D4'},{'D1'},{'D5'},{'D2'},{'D6'},{'D7'},&,1.0,&
{'D3'},{'R2'},{'R3'},{'R1'},{'D2'},{'D5'},{'D1'},{'D4'},{'D6'},{'D7'},&,2.0,&
{'D3'},{'R2'},{'R3'},{'R1'},{'D2'},{'D5'},{'D1'},{'D6'},{'D4'},{'D7'},&,1.0,&
{'D3'},{'R2'},{'R3'},{'R1'},{'D2'},{'D1'},{'D5'},{'D4'},{'D6'},{'D7'},&,2.0,&
{'D3'},{'R2'},{'R1'},{'D1'},{'D5'},{'R3'},{'D2'},{'D4'},{'D6'},{'D7'},&,1.0,&
{'D3'},{'R2'},{'R1'},{'D1'},{'R3'},{'D5'},{'D4'},{'D2'},{'D6'},{'D7'},&,1.0,&
{'D3'},{'R2'},{'R1'},{'D5'},{'D1'},{'D4'},{'R3'},{'D6'},{'D2'},{'D7'},&,1.0,&
{'D3'},{'R2'},{'R1'},{'D5'},{'R3'},{'D1'},{'D2'},{'D4'},{'D6'},{'D7'},&,1.0,&
{'D3'},{'R2'},{'R1'},{'D2'},{'D1'},{'R3'},{'D5'},{'D4'},{'D6'},{'D7'},&,1.0,&
{'D3'},{'R2'},{'R1'},{'D2'},{'R3'},{'D1'},{'D5'},{'D4'},{'D6'},{'D7'},&,1.0,&
{'D3'},{'R2'},{'R1'},{'R3'},{'D1'},{'D5'},{'D2'},{'D4'},{'D6'},{'D7'},&,4.0,&
{'D3'},{'R2'},{'R1'},{'R3'},{'D1'},{'D2'},{'D5'},{'D4'},{'D6'},{'D7'},&,2.0,&
{'D3'},{'R2'},{'R1'},{'R3'},{'D5'},{'D4'},{'D1'},{'D2'},{'D6'},{'D7'},&,1.0,&
{'D3'},{'R2'},{'R1'},{'R3'},{'D5'},{'D1'},{'D2'},{'D4'},{'D6'},{'D7'},&,2.0,&
{'D3'},{'R2'},{'R1'},{'R3'},{'D5'},{'D1'},{'D2'},{'D6'},{'D4'},{'D7'},&,1.0,&
{'D3'},{'R2'},{'R1'},{'R3'},{'D5'},{'D1'},{'D6'},{'D2'},{'D4'},{'D7'},&,1.0,&
{'D3'},{'R2'},{'R1'},{'R3'},{'D5'},{'D1'},{'D4'},{'D2'},{'D6'},{'D7'},&,1.0,&
{'D3'},{'R2'},{'R1'},{'R3'},{'D5'},{'D2'},{'D4'},{'D1'},{'D6'},{'D7'},&,1.0,&
{'D3'},{'R2'},{'R1'},{'R3'},{'D5'},{'D2'},{'D4'},{'D1'},{'D7'},{'D6'},&,1.0,&
{'D3'},{'R2'},{'R1'},{'R3'},{'D5'},{'D6'},{'D1'},{'D2'},{'D4'},{'D7'},&,1.0,&
{'D3'},{'R2'},{'R1'},{'R3'},{'D4'},{'D1'},{'D5'},{'D2'},{'D6'},{'D7'},&,2.0,&
{'D3'},{'R2'},{'R1'},{'R3'},{'D4'},{'D2'},{'D1'},{'D5'},{'D6'},{'D7'},&,1.0,&
{'D3'},{'R2'},{'R1'},{'R3'},{'D2'},{'D5'},{'D1'},{'D4'},{'D6'},{'D7'},&,2.0,&
{'D3'},{'R2'},{'R1'},{'R3'},{'D2'},{'D1'},{'D6'},{'D4'},{'D5'},{'D7'},&,1.0,&
{'D3'},{'R2'},{'R1'},{'R3'},{'D2'},{'D1'},{'D4'},{'D5'},{'D6'},{'D7'},&,1.0,&
{'D3'},{'R2'},{'R1'},{'R3'},{'D2'},{'D6'},{'D5'},{'D4'},{'D1'},{'D7'},&,1.0,&
{'D3'},{'R2'},{'R1'},{'R3'},{'D6'},{'D4'},{'D1'},{'D5'},{'D2'},{'D7'},&,1.0,&
{'D7'},{'D3'},{'D4'},{'D1'},{'D5'},{'R1'},{'D6'},{'R3'},{'D2'},{'R2'},&,1.0,&
{'D7'},{'D3'},{'D4'},{'D1'},{'D5'},{'D6'},{'D2'},{'R2'},{'R3'},{'R1'},&,2.0,&
{'D7'},{'D3'},{'D4'},{'D1'},{'D5'},{'D6'},{'D2'},{'R1'},{'R3'},{'R2'},&,1.0,&
{'D7'},{'D3'},{'D4'},{'D1'},{'D6'},{'D5'},{'R2'},{'D2'},{'R3'},{'R1'},&,5.0,&
{'D7'},{'D3'},{'D4'},{'D1'},{'D6'},{'D5'},{'R2'},{'D2'},{'R1'},{'R3'},&,3.0,&
{'D7'},{'D3'},{'D4'},{'D1'},{'D6'},{'D5'},{'R2'},{'R3'},{'D2'},{'R1'},&,2.0,&
{'D7'},{'D3'},{'D4'},{'D1'},{'D6'},{'D5'},{'R2'},{'R1'},{'D2'},{'R3'},&,1.0,&
{'D7'},{'D3'},{'D4'},{'D1'},{'D6'},{'D5'},{'D2'},{'R3'},{'R1'},{'R2'},&,8.0,&
{'D7'},{'D3'},{'D4'},{'D1'},{'D6'},{'D5'},{'D2'},{'R3'},{'R2'},{'R1'},&,18.0,&
{'D7'},{'D3'},{'D4'},{'D1'},{'D6'},{'D5'},{'D2'},{'R2'},{'R3'},{'R1'},&,15.0,&
{'D7'},{'D3'},{'D4'},{'D1'},{'D6'},{'D5'},{'D2'},{'R2'},{'R1'},{'R3'},&,20.0,&
{'D7'},{'D3'},{'D4'},{'D1'},{'D6'},{'D5'},{'D2'},{'R1'},{'R3'},{'R2'},&,6.0,&
{'D7'},{'D3'},{'D4'},{'D1'},{'D6'},{'D5'},{'D2'},{'R1'},{'R2'},{'R3'},&,7.0,&
{'D7'},{'D3'},{'D4'},{'D1'},{'D6'},{'D5'},{'R3'},{'D2'},{'R1'},{'R2'},&,3.0,&
{'D7'},{'D3'},{'D4'},{'D1'},{'D6'},{'D5'},{'R3'},{'D2'},{'R2'},{'R1'},&,3.0,&
{'D7'},{'D3'},{'D4'},{'D1'},{'D6'},{'D5'},{'R3'},{'R2'},{'D2'},{'R1'},&,1.0,&
{'D7'},{'D3'},{'D4'},{'D1'},{'D6'},{'D5'},{'R1'},{'D2'},{'R3'},{'R2'},&,2.0,&
{'D7'},{'D3'},{'D4'},{'D1'},{'D6'},{'D5'},{'R1'},{'D2'},{'R2'},{'R3'},&,3.0,&
{'D7'},{'D3'},{'D4'},{'D1'},{'D6'},{'D5'},{'R1'},{'R3'},{'D2'},{'R2'},&,1.0,&
{'D7'},{'D3'},{'D4'},{'D1'},{'D6'},{'R2'},{'D5'},{'D2'},{'R3'},{'R1'},&,1.0,&
{'D7'},{'D3'},{'D4'},{'D1'},{'D6'},{'R2'},{'R1'},{'D5'},{'R3'},{'D2'},&,1.0,&
{'D7'},{'D3'},{'D4'},{'D1'},{'D6'},{'D2'},{'R3'},{'D5'},{'R1'},{'R2'},&,1.0,&
{'D7'},{'D3'},{'D4'},{'D1'},{'D6'},{'D2'},{'R3'},{'D5'},{'R2'},{'R1'},&,1.0,&
{'D7'},{'D3'},{'D4'},{'D1'},{'D6'},{'D2'},{'D5'},{'R3'},{'R1'},{'R2'},&,2.0,&
{'D7'},{'D3'},{'D4'},{'D1'},{'D6'},{'D2'},{'D5'},{'R3'},{'R2'},{'R1'},&,2.0,&
{'D7'},{'D3'},{'D4'},{'D1'},{'D6'},{'D2'},{'D5'},{'R2'},{'R1'},{'R3'},&,1.0,&
{'D7'},{'D3'},{'D4'},{'D1'},{'D6'},{'D2'},{'D5'},{'R1'},{'R2'},{'R3'},&,3.0,&
{'D7'},{'D3'},{'D4'},{'D1'},{'D6'},{'D2'},{'R1'},{'D5'},{'R2'},{'R3'},&,2.0,&
{'D7'},{'D3'},{'D4'},{'D1'},{'D6'},{'R1'},{'D5'},{'D2'},{'R3'},{'R2'},&,1.0,&
{'D7'},{'D3'},{'D4'},{'D1'},{'D6'},{'R3'},{'D5'},{'D2'},{'R2'},{'R1'},&,2.0,&
{'D7'},{'D3'},{'D4'},{'D1'},{'R2'},{'D6'},{'D5'},{'D2'},{'R1'},{'R3'},&,2.0,&
{'D7'},{'D3'},{'D4'},{'D5'},{'D1'},{'R2'},{'R3'},{'D6'},{'D2'},{'R1'},&,1.0,&
{'D7'},{'D3'},{'D4'},{'D5'},{'D1'},{'R2'},{'D6'},{'D2'},{'R3'},{'R1'},&,1.0,&
{'D7'},{'D3'},{'D4'},{'D5'},{'D1'},{'D6'},{'R2'},{'D2'},{'R1'},{'R3'},&,1.0,&
{'D7'},{'D3'},{'D4'},{'D5'},{'D1'},{'D6'},{'D2'},{'R3'},{'R1'},{'R2'},&,1.0,&
{'D7'},{'D3'},{'D4'},{'D5'},{'D1'},{'D6'},{'D2'},{'R3'},{'R2'},{'R1'},&,1.0,&
{'D7'},{'D3'},{'D4'},{'D5'},{'D1'},{'D6'},{'D2'},{'R2'},{'R3'},{'R1'},&,5.0,&
{'D7'},{'D3'},{'D4'},{'D5'},{'D1'},{'D6'},{'D2'},{'R2'},{'R1'},{'R3'},&,1.0,&
{'D7'},{'D3'},{'D4'},{'D5'},{'D1'},{'D6'},{'R3'},{'D2'},{'R2'},{'R1'},&,2.0,&
{'D7'},{'D3'},{'D4'},{'D5'},{'D2'},{'D6'},{'R2'},{'D1'},{'R1'},{'R3'},&,1.0,&
{'D7'},{'D3'},{'D4'},{'D5'},{'D2'},{'D6'},{'D1'},{'R1'},{'R2'},{'R3'},&,1.0,&
{'D7'},{'D3'},{'D4'},{'D5'},{'D6'},{'D1'},{'R2'},{'D2'},{'R3'},{'R1'},&,1.0,&
{'D7'},{'D3'},{'D4'},{'D5'},{'D6'},{'D1'},{'R2'},{'D2'},{'R1'},{'R3'},&,1.0,&
{'D7'},{'D3'},{'D4'},{'D5'},{'D6'},{'D1'},{'D2'},{'R3'},{'R1'},{'R2'},&,2.0,&
{'D7'},{'D3'},{'D4'},{'D5'},{'D6'},{'D1'},{'D2'},{'R3'},{'R2'},{'R1'},&,6.0,&
{'D7'},{'D3'},{'D4'},{'D5'},{'D6'},{'D1'},{'D2'},{'R2'},{'R3'},{'R1'},&,13.0,&
{'D7'},{'D3'},{'D4'},{'D5'},{'D6'},{'D1'},{'D2'},{'R2'},{'R1'},{'R3'},&,7.0,&
{'D7'},{'D3'},{'D4'},{'D5'},{'D6'},{'D1'},{'D2'},{'R1'},{'R3'},{'R2'},&,6.0,&
{'D7'},{'D3'},{'D4'},{'D5'},{'D6'},{'D1'},{'D2'},{'R1'},{'R2'},{'R3'},&,12.0,&
{'D7'},{'D3'},{'D4'},{'D5'},{'D6'},{'D1'},{'R3'},{'D2'},{'R2'},{'R1'},&,3.0,&
{'D7'},{'D3'},{'D4'},{'D5'},{'D6'},{'D1'},{'R1'},{'D2'},{'R3'},{'R2'},&,4.0,&
{'D7'},{'D3'},{'D4'},{'D5'},{'D6'},{'D1'},{'R1'},{'D2'},{'R2'},{'R3'},&,1.0,&
{'D7'},{'D3'},{'D4'},{'D5'},{'D6'},{'D1'},{'R1'},{'R2'},{'D2'},{'R3'},&,1.0,&
{'D7'},{'D3'},{'D4'},{'D5'},{'D6'},{'R2'},{'D1'},{'D2'},{'R3'},{'R1'},&,1.0,&
{'D7'},{'D3'},{'D4'},{'D5'},{'D6'},{'R2'},{'D1'},{'R3'},{'D2'},{'R1'},&,3.0,&
{'D7'},{'D3'},{'D4'},{'D5'},{'D6'},{'R2'},{'D1'},{'R1'},{'D2'},{'R3'},&,1.0,&
{'D7'},{'D3'},{'D4'},{'D5'},{'D6'},{'D2'},{'R2'},{'D1'},{'R3'},{'R1'},&,1.0,&
{'D7'},{'D3'},{'D4'},{'D5'},{'D6'},{'D2'},{'D1'},{'R3'},{'R1'},{'R2'},&,1.0,&
{'D7'},{'D3'},{'D4'},{'D5'},{'D6'},{'D2'},{'D1'},{'R1'},{'R2'},{'R3'},&,1.0,&
{'D7'},{'D3'},{'D4'},{'D5'},{'D6'},{'R1'},{'D1'},{'R3'},{'D2'},{'R2'},&,1.0,&
{'D7'},{'D3'},{'D4'},{'D5'},{'D6'},{'R3'},{'D1'},{'D2'},{'R2'},{'R1'},&,1.0,&
{'D7'},{'D3'},{'D4'},{'D6'},{'D1'},{'D5'},{'R2'},{'D2'},{'R3'},{'R1'},&,32.0,&
{'D7'},{'D3'},{'D4'},{'D6'},{'D1'},{'D5'},{'R2'},{'D2'},{'R1'},{'R3'},&,22.0,&
{'D7'},{'D3'},{'D4'},{'D6'},{'D1'},{'D5'},{'R2'},{'R3'},{'R1'},{'D2'},&,1.0,&
{'D7'},{'D3'},{'D4'},{'D6'},{'D1'},{'D5'},{'R2'},{'R3'},{'D2'},{'R1'},&,6.0,&
{'D7'},{'D3'},{'D4'},{'D6'},{'D1'},{'D5'},{'R2'},{'R1'},{'R3'},{'D2'},&,2.0,&
{'D7'},{'D3'},{'D4'},{'D6'},{'D1'},{'D5'},{'R2'},{'R1'},{'D2'},{'R3'},&,4.0,&
{'D7'},{'D3'},{'D4'},{'D6'},{'D1'},{'D5'},{'D2'},{'R3'},{'R1'},{'R2'},&,38.0,&
{'D7'},{'D3'},{'D4'},{'D6'},{'D1'},{'D5'},{'D2'},{'R3'},{'R2'},{'R1'},&,70.0,&
{'D7'},{'D3'},{'D4'},{'D6'},{'D1'},{'D5'},{'D2'},{'R2'},{'R3'},{'R1'},&,79.0,&
{'D7'},{'D3'},{'D4'},{'D6'},{'D1'},{'D5'},{'D2'},{'R2'},{'R1'},{'R3'},&,90.0,&
{'D7'},{'D3'},{'D4'},{'D6'},{'D1'},{'D5'},{'D2'},{'R1'},{'R3'},{'R2'},&,31.0,&
{'D7'},{'D3'},{'D4'},{'D6'},{'D1'},{'D5'},{'D2'},{'R1'},{'R2'},{'R3'},&,58.0,&
{'D7'},{'D3'},{'D4'},{'D6'},{'D1'},{'D5'},{'R3'},{'D2'},{'R1'},{'R2'},&,14.0,&
{'D7'},{'D3'},{'D4'},{'D6'},{'D1'},{'D5'},{'R3'},{'D2'},{'R2'},{'R1'},&,12.0,&
{'D7'},{'D3'},{'D4'},{'D6'},{'D1'},{'D5'},{'R3'},{'R2'},{'R1'},{'D2'},&,1.0,&
{'D7'},{'D3'},{'D4'},{'D6'},{'D1'},{'D5'},{'R3'},{'R2'},{'D2'},{'R1'},&,5.0,&
{'D7'},{'D3'},{'D4'},{'D6'},{'D1'},{'D5'},{'R3'},{'R1'},{'D2'},{'R2'},&,1.0,&
{'D7'},{'D3'},{'D4'},{'D6'},{'D1'},{'D5'},{'R1'},{'D2'},{'R3'},{'R2'},&,8.0,&
{'D7'},{'D3'},{'D4'},{'D6'},{'D1'},{'D5'},{'R1'},{'D2'},{'R2'},{'R3'},&,19.0,&
{'D7'},{'D3'},{'D4'},{'D6'},{'D1'},{'D5'},{'R1'},{'R3'},{'D2'},{'R2'},&,2.0,&
{'D7'},{'D3'},{'D4'},{'D6'},{'D1'},{'D5'},{'R1'},{'R3'},{'R2'},{'D2'},&,2.0,&
{'D7'},{'D3'},{'D4'},{'D6'},{'D1'},{'D5'},{'R1'},{'R2'},{'R3'},{'D2'},&,2.0,&
{'D7'},{'D3'},{'D4'},{'D6'},{'D1'},{'D5'},{'R1'},{'R2'},{'D2'},{'R3'},&,4.0,&
{'D7'},{'D3'},{'D4'},{'D6'},{'D1'},{'R2'},{'R3'},{'D5'},{'D2'},{'R1'},&,1.0,&
{'D7'},{'D3'},{'D4'},{'D6'},{'D1'},{'R2'},{'D5'},{'D2'},{'R3'},{'R1'},&,7.0,&
{'D7'},{'D3'},{'D4'},{'D6'},{'D1'},{'R2'},{'D5'},{'D2'},{'R1'},{'R3'},&,3.0,&
{'D7'},{'D3'},{'D4'},{'D6'},{'D1'},{'R2'},{'D5'},{'R3'},{'D2'},{'R1'},&,1.0,&
{'D7'},{'D3'},{'D4'},{'D6'},{'D1'},{'R2'},{'D5'},{'R1'},{'R3'},{'D2'},&,1.0,&
{'D7'},{'D3'},{'D4'},{'D6'},{'D1'},{'R2'},{'R1'},{'D5'},{'D2'},{'R3'},&,1.0,&
{'D7'},{'D3'},{'D4'},{'D6'},{'D1'},{'D2'},{'R2'},{'D5'},{'R3'},{'R1'},&,2.0,&
{'D7'},{'D3'},{'D4'},{'D6'},{'D1'},{'D2'},{'R2'},{'D5'},{'R1'},{'R3'},&,3.0,&
{'D7'},{'D3'},{'D4'},{'D6'},{'D1'},{'D2'},{'R3'},{'R1'},{'R2'},{'D5'},&,1.0,&
{'D7'},{'D3'},{'D4'},{'D6'},{'D1'},{'D2'},{'R3'},{'R1'},{'D5'},{'R2'},&,1.0,&
{'D7'},{'D3'},{'D4'},{'D6'},{'D1'},{'D2'},{'R3'},{'D5'},{'R1'},{'R2'},&,1.0,&
{'D7'},{'D3'},{'D4'},{'D6'},{'D1'},{'D2'},{'R3'},{'D5'},{'R2'},{'R1'},&,1.0,&
{'D7'},{'D3'},{'D4'},{'D6'},{'D1'},{'D2'},{'D5'},{'R3'},{'R1'},{'R2'},&,1.0,&
{'D7'},{'D3'},{'D4'},{'D6'},{'D1'},{'D2'},{'D5'},{'R3'},{'R2'},{'R1'},&,3.0,&
{'D7'},{'D3'},{'D4'},{'D6'},{'D1'},{'D2'},{'D5'},{'R2'},{'R3'},{'R1'},&,8.0,&
{'D7'},{'D3'},{'D4'},{'D6'},{'D1'},{'D2'},{'D5'},{'R2'},{'R1'},{'R3'},&,4.0,&
{'D7'},{'D3'},{'D4'},{'D6'},{'D1'},{'D2'},{'D5'},{'R1'},{'R3'},{'R2'},&,4.0,&
{'D7'},{'D3'},{'D4'},{'D6'},{'D1'},{'D2'},{'D5'},{'R1'},{'R2'},{'R3'},&,12.0,&
{'D7'},{'D3'},{'D4'},{'D6'},{'D1'},{'D2'},{'R1'},{'D5'},{'R3'},{'R2'},&,1.0,&
{'D7'},{'D3'},{'D4'},{'D6'},{'D1'},{'D2'},{'R1'},{'D5'},{'R2'},{'R3'},&,1.0,&
{'D7'},{'D3'},{'D4'},{'D6'},{'D1'},{'R1'},{'D5'},{'D2'},{'R3'},{'R2'},&,5.0,&
{'D7'},{'D3'},{'D4'},{'D6'},{'D1'},{'R1'},{'D5'},{'D2'},{'R2'},{'R3'},&,4.0,&
{'D7'},{'D3'},{'D4'},{'D6'},{'D1'},{'R1'},{'D5'},{'R2'},{'D2'},{'R3'},&,1.0,&
{'D7'},{'D3'},{'D4'},{'D6'},{'D1'},{'R3'},{'D5'},{'D2'},{'R1'},{'R2'},&,2.0,&
{'D7'},{'D3'},{'D4'},{'D6'},{'D1'},{'R3'},{'D5'},{'D2'},{'R2'},{'R1'},&,2.0,&
{'D7'},{'D3'},{'D4'},{'D6'},{'D1'},{'R3'},{'D5'},{'R2'},{'R1'},{'D2'},&,1.0,&
{'D7'},{'D3'},{'D4'},{'D6'},{'D1'},{'R3'},{'D5'},{'R1'},{'D2'},{'R2'},&,2.0,&
{'D7'},{'D3'},{'D4'},{'D6'},{'D5'},{'D1'},{'R2'},{'D2'},{'R3'},{'R1'},&,12.0,&
{'D7'},{'D3'},{'D4'},{'D6'},{'D5'},{'D1'},{'R2'},{'D2'},{'R1'},{'R3'},&,8.0,&
{'D7'},{'D3'},{'D4'},{'D6'},{'D5'},{'D1'},{'R2'},{'R3'},{'R1'},{'D2'},&,1.0,&
{'D7'},{'D3'},{'D4'},{'D6'},{'D5'},{'D1'},{'R2'},{'R3'},{'D2'},{'R1'},&,2.0,&
{'D7'},{'D3'},{'D4'},{'D6'},{'D5'},{'D1'},{'D2'},{'R3'},{'R1'},{'R2'},&,25.0,&
{'D7'},{'D3'},{'D4'},{'D6'},{'D5'},{'D1'},{'D2'},{'R3'},{'R2'},{'R1'},&,34.0,&
{'D7'},{'D3'},{'D4'},{'D6'},{'D5'},{'D1'},{'D2'},{'R2'},{'R3'},{'R1'},&,54.0,&
{'D7'},{'D3'},{'D4'},{'D6'},{'D5'},{'D1'},{'D2'},{'R2'},{'R1'},{'R3'},&,52.0,&
{'D7'},{'D3'},{'D4'},{'D6'},{'D5'},{'D1'},{'D2'},{'R1'},{'R3'},{'R2'},&,30.0,&
{'D7'},{'D3'},{'D4'},{'D6'},{'D5'},{'D1'},{'D2'},{'R1'},{'R2'},{'R3'},&,29.0,&
{'D7'},{'D3'},{'D4'},{'D6'},{'D5'},{'D1'},{'R3'},{'D2'},{'R1'},{'R2'},&,4.0,&
{'D7'},{'D3'},{'D4'},{'D6'},{'D5'},{'D1'},{'R3'},{'D2'},{'R2'},{'R1'},&,8.0,&
{'D7'},{'D3'},{'D4'},{'D6'},{'D5'},{'D1'},{'R3'},{'R2'},{'D2'},{'R1'},&,1.0,&
{'D7'},{'D3'},{'D4'},{'D6'},{'D5'},{'D1'},{'R3'},{'R1'},{'D2'},{'R2'},&,1.0,&
{'D7'},{'D3'},{'D4'},{'D6'},{'D5'},{'D1'},{'R1'},{'D2'},{'R3'},{'R2'},&,3.0,&
{'D7'},{'D3'},{'D4'},{'D6'},{'D5'},{'D1'},{'R1'},{'D2'},{'R2'},{'R3'},&,12.0,&
{'D7'},{'D3'},{'D4'},{'D6'},{'D5'},{'D1'},{'R1'},{'R2'},{'D2'},{'R3'},&,1.0,&
{'D7'},{'D3'},{'D4'},{'D6'},{'D5'},{'R2'},{'R3'},{'D1'},{'D2'},{'R1'},&,1.0,&
{'D7'},{'D3'},{'D4'},{'D6'},{'D5'},{'R2'},{'D1'},{'D2'},{'R3'},{'R1'},&,2.0,&
{'D7'},{'D3'},{'D4'},{'D6'},{'D5'},{'R2'},{'D1'},{'D2'},{'R1'},{'R3'},&,2.0,&
{'D7'},{'D3'},{'D4'},{'D6'},{'D5'},{'D2'},{'R2'},{'D1'},{'R1'},{'R3'},&,1.0,&
{'D7'},{'D3'},{'D4'},{'D6'},{'D5'},{'D2'},{'R3'},{'D1'},{'R1'},{'R2'},&,1.0,&
{'D7'},{'D3'},{'D4'},{'D6'},{'D5'},{'D2'},{'R1'},{'D1'},{'R2'},{'R3'},&,1.0,&
{'D7'},{'D3'},{'D4'},{'D6'},{'D5'},{'D2'},{'D1'},{'R3'},{'R1'},{'R2'},&,2.0,&
{'D7'},{'D3'},{'D4'},{'D6'},{'D5'},{'D2'},{'D1'},{'R3'},{'R2'},{'R1'},&,4.0,&
{'D7'},{'D3'},{'D4'},{'D6'},{'D5'},{'D2'},{'D1'},{'R2'},{'R3'},{'R1'},&,7.0,&
{'D7'},{'D3'},{'D4'},{'D6'},{'D5'},{'D2'},{'D1'},{'R2'},{'R1'},{'R3'},&,3.0,&
{'D7'},{'D3'},{'D4'},{'D6'},{'D5'},{'D2'},{'D1'},{'R1'},{'R3'},{'R2'},&,2.0,&
{'D7'},{'D3'},{'D4'},{'D6'},{'D5'},{'D2'},{'D1'},{'R1'},{'R2'},{'R3'},&,1.0,&
{'D7'},{'D3'},{'D4'},{'D6'},{'D5'},{'R1'},{'D1'},{'D2'},{'R3'},{'R2'},&,1.0,&
{'D7'},{'D3'},{'D4'},{'D6'},{'D5'},{'R1'},{'D1'},{'D2'},{'R2'},{'R3'},&,3.0,&
{'D7'},{'D3'},{'D4'},{'D6'},{'D5'},{'R1'},{'D1'},{'R3'},{'D2'},{'R2'},&,1.0,&
{'D7'},{'D3'},{'D4'},{'D6'},{'D5'},{'R3'},{'D1'},{'R2'},{'D2'},{'R1'},&,1.0,&
{'D7'},{'D3'},{'D4'},{'D6'},{'D2'},{'D5'},{'R2'},{'D1'},{'R3'},{'R1'},&,1.0,&
{'D7'},{'D3'},{'D4'},{'D6'},{'D2'},{'D5'},{'D1'},{'R3'},{'R2'},{'R1'},&,2.0,&
{'D7'},{'D3'},{'D4'},{'D6'},{'D2'},{'D5'},{'D1'},{'R2'},{'R3'},{'R1'},&,5.0,&
{'D7'},{'D3'},{'D4'},{'D6'},{'D2'},{'D5'},{'D1'},{'R2'},{'R1'},{'R3'},&,1.0,&
{'D7'},{'D3'},{'D4'},{'D6'},{'D2'},{'D5'},{'D1'},{'R1'},{'R3'},{'R2'},&,1.0,&
{'D7'},{'D3'},{'D4'},{'D6'},{'D2'},{'D5'},{'D1'},{'R1'},{'R2'},{'R3'},&,1.0,&
{'D7'},{'D3'},{'D4'},{'D6'},{'D2'},{'D1'},{'R3'},{'R1'},{'D5'},{'R2'},&,1.0,&
{'D7'},{'D3'},{'D4'},{'D6'},{'D2'},{'D1'},{'D5'},{'R3'},{'R1'},{'R2'},&,2.0,&
{'D7'},{'D3'},{'D4'},{'D6'},{'D2'},{'D1'},{'D5'},{'R3'},{'R2'},{'R1'},&,3.0,&
{'D7'},{'D3'},{'D4'},{'D6'},{'D2'},{'D1'},{'D5'},{'R2'},{'R3'},{'R1'},&,4.0,&
{'D7'},{'D3'},{'D4'},{'D6'},{'D2'},{'D1'},{'D5'},{'R2'},{'R1'},{'R3'},&,3.0,&
{'D7'},{'D3'},{'D4'},{'D6'},{'D2'},{'D1'},{'D5'},{'R1'},{'R2'},{'R3'},&,5.0,&
{'D7'},{'D3'},{'D4'},{'D6'},{'D2'},{'D1'},{'R1'},{'D5'},{'R2'},{'R3'},&,1.0,&
{'D7'},{'D3'},{'D4'},{'D6'},{'D2'},{'R2'},{'D1'},{'R1'},{'D5'},{'R3'},&,1.0,&
{'D7'},{'D3'},{'D4'},{'D6'},{'D2'},{'R2'},{'D1'},{'D5'},{'R3'},{'R1'},&,1.0,&
{'D7'},{'D3'},{'D4'},{'D6'},{'D2'},{'R1'},{'R3'},{'R2'},{'D1'},{'D5'},&,1.0,&
{'D7'},{'D3'},{'D4'},{'D6'},{'R1'},{'D5'},{'D2'},{'R2'},{'R3'},{'D1'},&,1.0,&
{'D7'},{'D3'},{'D4'},{'D6'},{'R1'},{'D5'},{'D1'},{'D2'},{'R2'},{'R3'},&,1.0,&
{'D7'},{'D3'},{'D4'},{'D6'},{'R1'},{'D1'},{'D2'},{'D5'},{'R2'},{'R3'},&,1.0,&
{'D7'},{'D3'},{'D4'},{'D6'},{'R2'},{'D5'},{'D1'},{'D2'},{'R3'},{'R1'},&,1.0,&
{'D7'},{'D3'},{'D4'},{'D6'},{'R2'},{'D5'},{'D1'},{'D2'},{'R1'},{'R3'},&,1.0,&
{'D7'},{'D3'},{'D4'},{'D6'},{'R3'},{'D5'},{'R1'},{'D1'},{'D2'},{'R2'},&,1.0,&
{'D7'},{'D3'},{'D4'},{'D6'},{'R3'},{'D5'},{'D1'},{'D2'},{'R2'},{'R1'},&,1.0,&
{'D7'},{'D3'},{'D4'},{'D6'},{'R3'},{'D1'},{'R2'},{'D5'},{'D2'},{'R1'},&,1.0,&
{'D7'},{'D3'},{'D4'},{'D6'},{'R3'},{'D1'},{'D2'},{'D5'},{'R1'},{'R2'},&,1.0,&
{'D7'},{'D3'},{'D4'},{'D2'},{'D1'},{'D6'},{'R3'},{'D5'},{'R2'},{'R1'},&,1.0,&
{'D7'},{'D3'},{'D4'},{'D2'},{'D1'},{'D6'},{'D5'},{'R3'},{'R2'},{'R1'},&,1.0,&
{'D7'},{'D3'},{'D4'},{'D2'},{'D6'},{'D5'},{'R2'},{'D1'},{'R3'},{'R1'},&,1.0,&
{'D7'},{'D3'},{'D4'},{'D2'},{'D6'},{'D5'},{'R1'},{'D1'},{'R2'},{'R3'},&,1.0,&
{'D7'},{'D3'},{'D4'},{'D2'},{'D6'},{'D5'},{'D1'},{'R2'},{'R3'},{'R1'},&,1.0,&
{'D7'},{'D3'},{'D4'},{'D2'},{'D6'},{'D5'},{'D1'},{'R1'},{'R2'},{'R3'},&,1.0,&
{'D7'},{'D3'},{'D4'},{'D2'},{'D6'},{'D1'},{'R2'},{'D5'},{'R3'},{'R1'},&,1.0,&
{'D7'},{'D3'},{'D4'},{'D2'},{'D6'},{'D1'},{'D5'},{'R3'},{'R1'},{'R2'},&,1.0,&
{'D7'},{'D3'},{'D4'},{'D2'},{'D6'},{'D1'},{'D5'},{'R2'},{'R3'},{'R1'},&,1.0,&
{'D7'},{'D3'},{'D4'},{'D2'},{'D6'},{'D1'},{'D5'},{'R2'},{'R1'},{'R3'},&,1.0,&
{'D7'},{'D3'},{'D4'},{'R2'},{'D6'},{'D1'},{'D2'},{'D5'},{'R1'},{'R3'},&,1.0,&
{'D7'},{'D3'},{'D4'},{'R2'},{'D6'},{'D1'},{'D5'},{'R3'},{'D2'},{'R1'},&,2.0,&
{'D7'},{'D3'},{'D4'},{'R2'},{'D6'},{'R1'},{'D1'},{'D5'},{'D2'},{'R3'},&,1.0,&
{'D7'},{'D3'},{'D4'},{'R1'},{'D1'},{'D6'},{'D5'},{'D2'},{'R3'},{'R2'},&,1.0,&
{'D7'},{'D3'},{'D4'},{'R1'},{'D1'},{'D6'},{'D5'},{'R2'},{'D2'},{'R3'},&,1.0,&
{'D7'},{'D3'},{'D4'},{'R1'},{'D6'},{'D5'},{'D1'},{'D2'},{'R2'},{'R3'},&,1.0,&
{'D7'},{'D3'},{'D4'},{'R1'},{'D6'},{'D1'},{'D2'},{'D5'},{'R3'},{'R2'},&,1.0,&
{'D7'},{'D3'},{'D4'},{'R1'},{'D6'},{'D1'},{'D5'},{'D2'},{'R3'},{'R2'},&,1.0,&
{'D7'},{'D3'},{'D5'},{'D1'},{'D4'},{'D6'},{'D2'},{'R3'},{'R2'},{'R1'},&,1.0,&
{'D7'},{'D3'},{'D5'},{'D1'},{'D4'},{'D6'},{'D2'},{'R2'},{'R1'},{'R3'},&,1.0,&
{'D7'},{'D3'},{'D5'},{'D1'},{'D4'},{'D6'},{'D2'},{'R1'},{'R2'},{'R3'},&,1.0,&
{'D7'},{'D3'},{'D5'},{'D1'},{'D6'},{'D4'},{'R2'},{'D2'},{'R3'},{'R1'},&,2.0,&
{'D7'},{'D3'},{'D5'},{'D1'},{'D6'},{'D4'},{'R2'},{'D2'},{'R1'},{'R3'},&,2.0,&
{'D7'},{'D3'},{'D5'},{'D1'},{'D6'},{'D4'},{'R2'},{'R3'},{'D2'},{'R1'},&,1.0,&
{'D7'},{'D3'},{'D5'},{'D1'},{'D6'},{'D4'},{'D2'},{'R3'},{'R1'},{'R2'},&,2.0,&
{'D7'},{'D3'},{'D5'},{'D1'},{'D6'},{'D4'},{'D2'},{'R3'},{'R2'},{'R1'},&,4.0,&
{'D7'},{'D3'},{'D5'},{'D1'},{'D6'},{'D4'},{'D2'},{'R2'},{'R3'},{'R1'},&,5.0,&
{'D7'},{'D3'},{'D5'},{'D1'},{'D6'},{'D4'},{'D2'},{'R2'},{'R1'},{'R3'},&,8.0,&
{'D7'},{'D3'},{'D5'},{'D1'},{'D6'},{'D4'},{'D2'},{'R1'},{'R3'},{'R2'},&,1.0,&
{'D7'},{'D3'},{'D5'},{'D1'},{'D6'},{'D4'},{'D2'},{'R1'},{'R2'},{'R3'},&,1.0,&
{'D7'},{'D3'},{'D5'},{'D1'},{'D6'},{'D4'},{'R1'},{'D2'},{'R3'},{'R2'},&,1.0,&
{'D7'},{'D3'},{'D5'},{'D1'},{'D6'},{'D4'},{'R1'},{'D2'},{'R2'},{'R3'},&,2.0,&
{'D7'},{'D3'},{'D5'},{'D1'},{'D6'},{'R2'},{'D4'},{'D2'},{'R3'},{'R1'},&,1.0,&
{'D7'},{'D3'},{'D5'},{'D1'},{'D6'},{'R2'},{'D4'},{'D2'},{'R1'},{'R3'},&,1.0,&
{'D7'},{'D3'},{'D5'},{'D1'},{'D6'},{'R3'},{'D4'},{'D2'},{'R1'},{'R2'},&,1.0,&
{'D7'},{'D3'},{'D5'},{'D1'},{'D6'},{'R3'},{'D4'},{'R1'},{'D2'},{'R2'},&,1.0,&
{'D7'},{'D3'},{'D5'},{'D4'},{'D1'},{'D6'},{'D2'},{'R1'},{'R3'},{'R2'},&,1.0,&
{'D7'},{'D3'},{'D5'},{'D4'},{'D6'},{'D1'},{'R2'},{'D2'},{'R3'},{'R1'},&,1.0,&
{'D7'},{'D3'},{'D5'},{'D4'},{'D6'},{'D1'},{'R2'},{'D2'},{'R1'},{'R3'},&,2.0,&
{'D7'},{'D3'},{'D5'},{'D4'},{'D6'},{'D1'},{'R2'},{'R1'},{'D2'},{'R3'},&,1.0,&
{'D7'},{'D3'},{'D5'},{'D4'},{'D6'},{'D1'},{'D2'},{'R3'},{'R1'},{'R2'},&,6.0,&
{'D7'},{'D3'},{'D5'},{'D4'},{'D6'},{'D1'},{'D2'},{'R3'},{'R2'},{'R1'},&,12.0,&
{'D7'},{'D3'},{'D5'},{'D4'},{'D6'},{'D1'},{'D2'},{'R2'},{'R3'},{'R1'},&,11.0,&
{'D7'},{'D3'},{'D5'},{'D4'},{'D6'},{'D1'},{'D2'},{'R2'},{'R1'},{'R3'},&,6.0,&
{'D7'},{'D3'},{'D5'},{'D4'},{'D6'},{'D1'},{'D2'},{'R1'},{'R3'},{'R2'},&,5.0,&
{'D7'},{'D3'},{'D5'},{'D4'},{'D6'},{'D1'},{'D2'},{'R1'},{'R2'},{'R3'},&,4.0,&
{'D7'},{'D3'},{'D5'},{'D4'},{'D6'},{'D1'},{'R3'},{'D2'},{'R1'},{'R2'},&,2.0,&
{'D7'},{'D3'},{'D5'},{'D4'},{'D6'},{'D1'},{'R3'},{'D2'},{'R2'},{'R1'},&,2.0,&
{'D7'},{'D3'},{'D5'},{'D4'},{'D6'},{'R2'},{'D1'},{'D2'},{'R3'},{'R1'},&,1.0,&
{'D7'},{'D3'},{'D5'},{'D4'},{'D6'},{'D2'},{'D1'},{'R3'},{'R2'},{'R1'},&,1.0,&
{'D7'},{'D3'},{'D5'},{'D4'},{'D6'},{'D2'},{'D1'},{'R2'},{'R1'},{'R3'},&,1.0,&
{'D7'},{'D3'},{'D5'},{'D4'},{'D6'},{'D2'},{'D1'},{'R1'},{'R2'},{'R3'},&,1.0,&
{'D7'},{'D3'},{'D5'},{'D4'},{'D6'},{'R1'},{'D2'},{'D1'},{'R3'},{'R2'},&,1.0,&
{'D7'},{'D3'},{'D5'},{'D6'},{'D1'},{'D4'},{'R2'},{'D2'},{'R3'},{'R1'},&,2.0,&
{'D7'},{'D3'},{'D5'},{'D6'},{'D1'},{'D4'},{'R2'},{'D2'},{'R1'},{'R3'},&,2.0,&
{'D7'},{'D3'},{'D5'},{'D6'},{'D1'},{'D4'},{'R2'},{'R3'},{'R1'},{'D2'},&,1.0,&
{'D7'},{'D3'},{'D5'},{'D6'},{'D1'},{'D4'},{'R2'},{'R3'},{'D2'},{'R1'},&,1.0,&
{'D7'},{'D3'},{'D5'},{'D6'},{'D1'},{'D4'},{'R2'},{'R1'},{'D2'},{'R3'},&,2.0,&
{'D7'},{'D3'},{'D5'},{'D6'},{'D1'},{'D4'},{'D2'},{'R3'},{'R1'},{'R2'},&,8.0,&
{'D7'},{'D3'},{'D5'},{'D6'},{'D1'},{'D4'},{'D2'},{'R3'},{'R2'},{'R1'},&,17.0,&
{'D7'},{'D3'},{'D5'},{'D6'},{'D1'},{'D4'},{'D2'},{'R2'},{'R3'},{'R1'},&,30.0,&
{'D7'},{'D3'},{'D5'},{'D6'},{'D1'},{'D4'},{'D2'},{'R2'},{'R1'},{'R3'},&,13.0,&
{'D7'},{'D3'},{'D5'},{'D6'},{'D1'},{'D4'},{'D2'},{'R1'},{'R3'},{'R2'},&,11.0,&
{'D7'},{'D3'},{'D5'},{'D6'},{'D1'},{'D4'},{'D2'},{'R1'},{'R2'},{'R3'},&,13.0,&
{'D7'},{'D3'},{'D5'},{'D6'},{'D1'},{'D4'},{'R3'},{'D2'},{'R1'},{'R2'},&,1.0,&
{'D7'},{'D3'},{'D5'},{'D6'},{'D1'},{'D4'},{'R3'},{'D2'},{'R2'},{'R1'},&,3.0,&
{'D7'},{'D3'},{'D5'},{'D6'},{'D1'},{'D4'},{'R3'},{'R2'},{'D2'},{'R1'},&,1.0,&
{'D7'},{'D3'},{'D5'},{'D6'},{'D1'},{'D4'},{'R1'},{'D2'},{'R3'},{'R2'},&,3.0,&
{'D7'},{'D3'},{'D5'},{'D6'},{'D1'},{'D4'},{'R1'},{'D2'},{'R2'},{'R3'},&,3.0,&
{'D7'},{'D3'},{'D5'},{'D6'},{'D1'},{'D4'},{'R1'},{'R2'},{'D2'},{'R3'},&,1.0,&
{'D7'},{'D3'},{'D5'},{'D6'},{'D1'},{'R2'},{'D4'},{'D2'},{'R3'},{'R1'},&,1.0,&
{'D7'},{'D3'},{'D5'},{'D6'},{'D1'},{'R2'},{'D4'},{'D2'},{'R1'},{'R3'},&,1.0,&
{'D7'},{'D3'},{'D5'},{'D6'},{'D1'},{'D2'},{'R2'},{'R3'},{'D4'},{'R1'},&,1.0,&
{'D7'},{'D3'},{'D5'},{'D6'},{'D1'},{'D2'},{'R1'},{'D4'},{'R3'},{'R2'},&,1.0,&
{'D7'},{'D3'},{'D5'},{'D6'},{'D1'},{'D2'},{'R1'},{'D4'},{'R2'},{'R3'},&,1.0,&
{'D7'},{'D3'},{'D5'},{'D6'},{'D1'},{'D2'},{'D4'},{'R2'},{'R3'},{'R1'},&,1.0,&
{'D7'},{'D3'},{'D5'},{'D6'},{'D1'},{'D2'},{'D4'},{'R2'},{'R1'},{'R3'},&,1.0,&
{'D7'},{'D3'},{'D5'},{'D6'},{'D1'},{'R3'},{'D4'},{'D2'},{'R2'},{'R1'},&,4.0,&
{'D7'},{'D3'},{'D5'},{'D6'},{'D4'},{'D1'},{'R2'},{'D2'},{'R3'},{'R1'},&,4.0,&
{'D7'},{'D3'},{'D5'},{'D6'},{'D4'},{'D1'},{'R2'},{'D2'},{'R1'},{'R3'},&,3.0,&
{'D7'},{'D3'},{'D5'},{'D6'},{'D4'},{'D1'},{'R2'},{'R3'},{'R1'},{'D2'},&,1.0,&
{'D7'},{'D3'},{'D5'},{'D6'},{'D4'},{'D1'},{'R2'},{'R3'},{'D2'},{'R1'},&,2.0,&
{'D7'},{'D3'},{'D5'},{'D6'},{'D4'},{'D1'},{'R2'},{'R1'},{'R3'},{'D2'},&,1.0,&
{'D7'},{'D3'},{'D5'},{'D6'},{'D4'},{'D1'},{'R2'},{'R1'},{'D2'},{'R3'},&,2.0,&
{'D7'},{'D3'},{'D5'},{'D6'},{'D4'},{'D1'},{'D2'},{'R3'},{'R1'},{'R2'},&,17.0,&
{'D7'},{'D3'},{'D5'},{'D6'},{'D4'},{'D1'},{'D2'},{'R3'},{'R2'},{'R1'},&,20.0,&
{'D7'},{'D3'},{'D5'},{'D6'},{'D4'},{'D1'},{'D2'},{'R2'},{'R3'},{'R1'},&,39.0,&
{'D7'},{'D3'},{'D5'},{'D6'},{'D4'},{'D1'},{'D2'},{'R2'},{'R1'},{'R3'},&,22.0,&
{'D7'},{'D3'},{'D5'},{'D6'},{'D4'},{'D1'},{'D2'},{'R1'},{'R3'},{'R2'},&,13.0,&
{'D7'},{'D3'},{'D5'},{'D6'},{'D4'},{'D1'},{'D2'},{'R1'},{'R2'},{'R3'},&,22.0,&
{'D7'},{'D3'},{'D5'},{'D6'},{'D4'},{'D1'},{'R3'},{'D2'},{'R1'},{'R2'},&,4.0,&
{'D7'},{'D3'},{'D5'},{'D6'},{'D4'},{'D1'},{'R3'},{'D2'},{'R2'},{'R1'},&,4.0,&
{'D7'},{'D3'},{'D5'},{'D6'},{'D4'},{'D1'},{'R3'},{'R2'},{'D2'},{'R1'},&,2.0,&
{'D7'},{'D3'},{'D5'},{'D6'},{'D4'},{'D1'},{'R1'},{'D2'},{'R3'},{'R2'},&,1.0,&
{'D7'},{'D3'},{'D5'},{'D6'},{'D4'},{'D1'},{'R1'},{'D2'},{'R2'},{'R3'},&,9.0,&
{'D7'},{'D3'},{'D5'},{'D6'},{'D4'},{'D1'},{'R1'},{'R3'},{'D2'},{'R2'},&,3.0,&
{'D7'},{'D3'},{'D5'},{'D6'},{'D4'},{'D1'},{'R1'},{'R2'},{'D2'},{'R3'},&,1.0,&
{'D7'},{'D3'},{'D5'},{'D6'},{'D4'},{'R2'},{'D2'},{'R1'},{'D1'},{'R3'},&,1.0,&
{'D7'},{'D3'},{'D5'},{'D6'},{'D4'},{'R2'},{'D1'},{'D2'},{'R3'},{'R1'},&,5.0,&
{'D7'},{'D3'},{'D5'},{'D6'},{'D4'},{'R2'},{'D1'},{'D2'},{'R1'},{'R3'},&,1.0,&
{'D7'},{'D3'},{'D5'},{'D6'},{'D4'},{'D2'},{'R2'},{'D1'},{'R1'},{'R3'},&,2.0,&
{'D7'},{'D3'},{'D5'},{'D6'},{'D4'},{'D2'},{'R3'},{'R1'},{'D1'},{'R2'},&,1.0,&
{'D7'},{'D3'},{'D5'},{'D6'},{'D4'},{'D2'},{'R1'},{'D1'},{'R3'},{'R2'},&,1.0,&
{'D7'},{'D3'},{'D5'},{'D6'},{'D4'},{'D2'},{'D1'},{'R3'},{'R1'},{'R2'},&,1.0,&
{'D7'},{'D3'},{'D5'},{'D6'},{'D4'},{'D2'},{'D1'},{'R3'},{'R2'},{'R1'},&,1.0,&
{'D7'},{'D3'},{'D5'},{'D6'},{'D4'},{'D2'},{'D1'},{'R2'},{'R3'},{'R1'},&,4.0,&
{'D7'},{'D3'},{'D5'},{'D6'},{'D4'},{'D2'},{'D1'},{'R2'},{'R1'},{'R3'},&,1.0,&
{'D7'},{'D3'},{'D5'},{'D6'},{'D4'},{'D2'},{'D1'},{'R1'},{'R3'},{'R2'},&,2.0,&
{'D7'},{'D3'},{'D5'},{'D6'},{'D4'},{'R1'},{'D1'},{'D2'},{'R3'},{'R2'},&,3.0,&
{'D7'},{'D3'},{'D5'},{'D6'},{'D4'},{'R1'},{'D1'},{'D2'},{'R2'},{'R3'},&,3.0,&
{'D7'},{'D3'},{'D5'},{'D6'},{'D4'},{'R3'},{'D1'},{'D2'},{'R1'},{'R2'},&,1.0,&
{'D7'},{'D3'},{'D5'},{'D6'},{'D4'},{'R3'},{'D1'},{'R2'},{'D2'},{'R1'},&,1.0,&
{'D7'},{'D3'},{'D5'},{'D6'},{'D2'},{'D4'},{'R3'},{'R2'},{'D1'},{'R1'},&,1.0,&
{'D7'},{'D3'},{'D5'},{'D6'},{'D2'},{'D4'},{'D1'},{'R3'},{'R2'},{'R1'},&,1.0,&
{'D7'},{'D3'},{'D5'},{'D6'},{'D2'},{'D4'},{'D1'},{'R2'},{'R3'},{'R1'},&,1.0,&
{'D7'},{'D3'},{'D5'},{'D6'},{'D2'},{'D4'},{'D1'},{'R1'},{'R3'},{'R2'},&,1.0,&
{'D7'},{'D3'},{'D5'},{'D6'},{'R1'},{'D4'},{'D1'},{'D2'},{'R3'},{'R2'},&,1.0,&
{'D7'},{'D3'},{'D5'},{'D6'},{'R1'},{'D4'},{'D1'},{'D2'},{'R2'},{'R3'},&,1.0,&
{'D7'},{'D3'},{'D5'},{'D6'},{'R1'},{'D4'},{'D1'},{'R2'},{'D2'},{'R3'},&,1.0,&
{'D7'},{'D3'},{'D5'},{'D6'},{'R1'},{'D1'},{'D4'},{'D2'},{'R3'},{'R2'},&,1.0,&
{'D7'},{'D3'},{'D5'},{'D6'},{'R1'},{'D1'},{'D4'},{'R2'},{'D2'},{'R3'},&,1.0,&
{'D7'},{'D3'},{'D5'},{'D6'},{'R2'},{'D4'},{'D1'},{'D2'},{'R3'},{'R1'},&,1.0,&
{'D7'},{'D3'},{'D5'},{'D2'},{'D1'},{'D6'},{'D4'},{'R3'},{'R2'},{'R1'},&,1.0,&
{'D7'},{'D3'},{'D5'},{'D2'},{'D4'},{'D6'},{'D1'},{'R3'},{'R2'},{'R1'},&,1.0,&
{'D7'},{'D3'},{'D5'},{'D2'},{'D6'},{'D4'},{'R2'},{'D1'},{'R1'},{'R3'},&,1.0,&
{'D7'},{'D3'},{'D5'},{'D2'},{'D6'},{'D1'},{'D4'},{'R2'},{'R1'},{'R3'},&,1.0,&
{'D7'},{'D3'},{'D5'},{'R2'},{'D6'},{'D2'},{'D4'},{'D1'},{'R1'},{'R3'},&,1.0,&
{'D7'},{'D3'},{'D6'},{'D1'},{'D5'},{'D4'},{'R2'},{'D2'},{'R3'},{'R1'},&,20.0,&
{'D7'},{'D3'},{'D6'},{'D1'},{'D5'},{'D4'},{'R2'},{'D2'},{'R1'},{'R3'},&,15.0,&
{'D7'},{'D3'},{'D6'},{'D1'},{'D5'},{'D4'},{'R2'},{'R3'},{'R1'},{'D2'},&,2.0,&
{'D7'},{'D3'},{'D6'},{'D1'},{'D5'},{'D4'},{'R2'},{'R3'},{'D2'},{'R1'},&,5.0,&
{'D7'},{'D3'},{'D6'},{'D1'},{'D5'},{'D4'},{'R2'},{'R1'},{'R3'},{'D2'},&,1.0,&
{'D7'},{'D3'},{'D6'},{'D1'},{'D5'},{'D4'},{'R2'},{'R1'},{'D2'},{'R3'},&,3.0,&
{'D7'},{'D3'},{'D6'},{'D1'},{'D5'},{'D4'},{'D2'},{'R3'},{'R1'},{'R2'},&,33.0,&
{'D7'},{'D3'},{'D6'},{'D1'},{'D5'},{'D4'},{'D2'},{'R3'},{'R2'},{'R1'},&,73.0,&
{'D7'},{'D3'},{'D6'},{'D1'},{'D5'},{'D4'},{'D2'},{'R2'},{'R3'},{'R1'},&,84.0,&
{'D7'},{'D3'},{'D6'},{'D1'},{'D5'},{'D4'},{'D2'},{'R2'},{'R1'},{'R3'},&,77.0,&
{'D7'},{'D3'},{'D6'},{'D1'},{'D5'},{'D4'},{'D2'},{'R1'},{'R3'},{'R2'},&,40.0,&
{'D7'},{'D3'},{'D6'},{'D1'},{'D5'},{'D4'},{'D2'},{'R1'},{'R2'},{'R3'},&,55.0,&
{'D7'},{'D3'},{'D6'},{'D1'},{'D5'},{'D4'},{'R3'},{'D2'},{'R1'},{'R2'},&,7.0,&
{'D7'},{'D3'},{'D6'},{'D1'},{'D5'},{'D4'},{'R3'},{'D2'},{'R2'},{'R1'},&,11.0,&
{'D7'},{'D3'},{'D6'},{'D1'},{'D5'},{'D4'},{'R3'},{'R2'},{'R1'},{'D2'},&,2.0,&
{'D7'},{'D3'},{'D6'},{'D1'},{'D5'},{'D4'},{'R3'},{'R2'},{'D2'},{'R1'},&,5.0,&
{'D7'},{'D3'},{'D6'},{'D1'},{'D5'},{'D4'},{'R3'},{'R1'},{'D2'},{'R2'},&,3.0,&
{'D7'},{'D3'},{'D6'},{'D1'},{'D5'},{'D4'},{'R1'},{'D2'},{'R3'},{'R2'},&,14.0,&
{'D7'},{'D3'},{'D6'},{'D1'},{'D5'},{'D4'},{'R1'},{'D2'},{'R2'},{'R3'},&,19.0,&
{'D7'},{'D3'},{'D6'},{'D1'},{'D5'},{'D4'},{'R1'},{'R3'},{'D2'},{'R2'},&,1.0,&
{'D7'},{'D3'},{'D6'},{'D1'},{'D5'},{'D4'},{'R1'},{'R2'},{'R3'},{'D2'},&,1.0,&
{'D7'},{'D3'},{'D6'},{'D1'},{'D5'},{'D4'},{'R1'},{'R2'},{'D2'},{'R3'},&,2.0,&
{'D7'},{'D3'},{'D6'},{'D1'},{'D5'},{'R2'},{'D4'},{'D2'},{'R3'},{'R1'},&,6.0,&
{'D7'},{'D3'},{'D6'},{'D1'},{'D5'},{'R2'},{'D4'},{'D2'},{'R1'},{'R3'},&,5.0,&
{'D7'},{'D3'},{'D6'},{'D1'},{'D5'},{'D2'},{'R2'},{'R3'},{'D4'},{'R1'},&,2.0,&
{'D7'},{'D3'},{'D6'},{'D1'},{'D5'},{'D2'},{'R2'},{'D4'},{'R3'},{'R1'},&,2.0,&
{'D7'},{'D3'},{'D6'},{'D1'},{'D5'},{'D2'},{'R2'},{'D4'},{'R1'},{'R3'},&,2.0,&
{'D7'},{'D3'},{'D6'},{'D1'},{'D5'},{'D2'},{'R3'},{'D4'},{'R2'},{'R1'},&,1.0,&
{'D7'},{'D3'},{'D6'},{'D1'},{'D5'},{'D2'},{'R1'},{'D4'},{'R2'},{'R3'},&,2.0,&
{'D7'},{'D3'},{'D6'},{'D1'},{'D5'},{'D2'},{'D4'},{'R3'},{'R2'},{'R1'},&,2.0,&
{'D7'},{'D3'},{'D6'},{'D1'},{'D5'},{'D2'},{'D4'},{'R2'},{'R3'},{'R1'},&,4.0,&
{'D7'},{'D3'},{'D6'},{'D1'},{'D5'},{'D2'},{'D4'},{'R2'},{'R1'},{'R3'},&,1.0,&
{'D7'},{'D3'},{'D6'},{'D1'},{'D5'},{'D2'},{'D4'},{'R1'},{'R3'},{'R2'},&,1.0,&
{'D7'},{'D3'},{'D6'},{'D1'},{'D5'},{'D2'},{'D4'},{'R1'},{'R2'},{'R3'},&,2.0,&
{'D7'},{'D3'},{'D6'},{'D1'},{'D5'},{'R1'},{'D4'},{'D2'},{'R3'},{'R2'},&,2.0,&
{'D7'},{'D3'},{'D6'},{'D1'},{'D5'},{'R1'},{'D4'},{'D2'},{'R2'},{'R3'},&,3.0,&
{'D7'},{'D3'},{'D6'},{'D1'},{'D5'},{'R1'},{'D4'},{'R2'},{'D2'},{'R3'},&,1.0,&
{'D7'},{'D3'},{'D6'},{'D1'},{'D5'},{'R3'},{'D4'},{'D2'},{'R2'},{'R1'},&,5.0,&
{'D7'},{'D3'},{'D6'},{'D1'},{'D4'},{'D5'},{'R2'},{'D2'},{'R3'},{'R1'},&,48.0,&
{'D7'},{'D3'},{'D6'},{'D1'},{'D4'},{'D5'},{'R2'},{'D2'},{'R1'},{'R3'},&,32.0,&
{'D7'},{'D3'},{'D6'},{'D1'},{'D4'},{'D5'},{'R2'},{'R3'},{'R1'},{'D2'},&,1.0,&
{'D7'},{'D3'},{'D6'},{'D1'},{'D4'},{'D5'},{'R2'},{'R3'},{'D2'},{'R1'},&,21.0,&
{'D7'},{'D3'},{'D6'},{'D1'},{'D4'},{'D5'},{'R2'},{'R1'},{'R3'},{'D2'},&,1.0,&
{'D7'},{'D3'},{'D6'},{'D1'},{'D4'},{'D5'},{'R2'},{'R1'},{'D2'},{'R3'},&,14.0,&
{'D7'},{'D3'},{'D6'},{'D1'},{'D4'},{'D5'},{'D2'},{'R3'},{'R1'},{'R2'},&,97.0,&
{'D7'},{'D3'},{'D6'},{'D1'},{'D4'},{'D5'},{'D2'},{'R3'},{'R2'},{'R1'},&,163.0,&
{'D7'},{'D3'},{'D6'},{'D1'},{'D4'},{'D5'},{'D2'},{'R2'},{'R3'},{'R1'},&,223.0,&
{'D7'},{'D3'},{'D6'},{'D1'},{'D4'},{'D5'},{'D2'},{'R2'},{'R1'},{'R3'},&,171.0,&
{'D7'},{'D3'},{'D6'},{'D1'},{'D4'},{'D5'},{'D2'},{'R1'},{'R3'},{'R2'},&,86.0,&
{'D7'},{'D3'},{'D6'},{'D1'},{'D4'},{'D5'},{'D2'},{'R1'},{'R2'},{'R3'},&,134.0,&
{'D7'},{'D3'},{'D6'},{'D1'},{'D4'},{'D5'},{'R3'},{'D2'},{'R1'},{'R2'},&,27.0,&
{'D7'},{'D3'},{'D6'},{'D1'},{'D4'},{'D5'},{'R3'},{'D2'},{'R2'},{'R1'},&,34.0,&
{'D7'},{'D3'},{'D6'},{'D1'},{'D4'},{'D5'},{'R3'},{'R2'},{'R1'},{'D2'},&,3.0,&
{'D7'},{'D3'},{'D6'},{'D1'},{'D4'},{'D5'},{'R3'},{'R2'},{'D2'},{'R1'},&,11.0,&
{'D7'},{'D3'},{'D6'},{'D1'},{'D4'},{'D5'},{'R3'},{'R1'},{'D2'},{'R2'},&,4.0,&
{'D7'},{'D3'},{'D6'},{'D1'},{'D4'},{'D5'},{'R3'},{'R1'},{'R2'},{'D2'},&,1.0,&
{'D7'},{'D3'},{'D6'},{'D1'},{'D4'},{'D5'},{'R1'},{'D2'},{'R3'},{'R2'},&,22.0,&
{'D7'},{'D3'},{'D6'},{'D1'},{'D4'},{'D5'},{'R1'},{'D2'},{'R2'},{'R3'},&,30.0,&
{'D7'},{'D3'},{'D6'},{'D1'},{'D4'},{'D5'},{'R1'},{'R3'},{'D2'},{'R2'},&,5.0,&
{'D7'},{'D3'},{'D6'},{'D1'},{'D4'},{'D5'},{'R1'},{'R3'},{'R2'},{'D2'},&,2.0,&
{'D7'},{'D3'},{'D6'},{'D1'},{'D4'},{'D5'},{'R1'},{'R2'},{'R3'},{'D2'},&,3.0,&
{'D7'},{'D3'},{'D6'},{'D1'},{'D4'},{'D5'},{'R1'},{'R2'},{'D2'},{'R3'},&,11.0,&
{'D7'},{'D3'},{'D6'},{'D1'},{'D4'},{'R2'},{'D2'},{'D5'},{'R3'},{'R1'},&,1.0,&
{'D7'},{'D3'},{'D6'},{'D1'},{'D4'},{'R2'},{'D2'},{'D5'},{'R1'},{'R3'},&,2.0,&
{'D7'},{'D3'},{'D6'},{'D1'},{'D4'},{'R2'},{'D5'},{'D2'},{'R3'},{'R1'},&,5.0,&
{'D7'},{'D3'},{'D6'},{'D1'},{'D4'},{'R2'},{'D5'},{'D2'},{'R1'},{'R3'},&,22.0,&
{'D7'},{'D3'},{'D6'},{'D1'},{'D4'},{'R2'},{'D5'},{'R3'},{'R1'},{'D2'},&,2.0,&
{'D7'},{'D3'},{'D6'},{'D1'},{'D4'},{'R2'},{'D5'},{'R3'},{'D2'},{'R1'},&,5.0,&
{'D7'},{'D3'},{'D6'},{'D1'},{'D4'},{'R2'},{'D5'},{'R1'},{'R3'},{'D2'},&,2.0,&
{'D7'},{'D3'},{'D6'},{'D1'},{'D4'},{'R2'},{'D5'},{'R1'},{'D2'},{'R3'},&,5.0,&
{'D7'},{'D3'},{'D6'},{'D1'},{'D4'},{'R2'},{'R1'},{'D5'},{'D2'},{'R3'},&,1.0,&
{'D7'},{'D3'},{'D6'},{'D1'},{'D4'},{'D2'},{'R2'},{'R3'},{'D5'},{'R1'},&,2.0,&
{'D7'},{'D3'},{'D6'},{'D1'},{'D4'},{'D2'},{'R2'},{'D5'},{'R3'},{'R1'},&,4.0,&
{'D7'},{'D3'},{'D6'},{'D1'},{'D4'},{'D2'},{'R2'},{'D5'},{'R1'},{'R3'},&,8.0,&
{'D7'},{'D3'},{'D6'},{'D1'},{'D4'},{'D2'},{'R3'},{'R1'},{'D5'},{'R2'},&,1.0,&
{'D7'},{'D3'},{'D6'},{'D1'},{'D4'},{'D2'},{'R3'},{'D5'},{'R1'},{'R2'},&,2.0,&
{'D7'},{'D3'},{'D6'},{'D1'},{'D4'},{'D2'},{'R3'},{'D5'},{'R2'},{'R1'},&,5.0,&
{'D7'},{'D3'},{'D6'},{'D1'},{'D4'},{'D2'},{'D5'},{'R3'},{'R1'},{'R2'},&,8.0,&
{'D7'},{'D3'},{'D6'},{'D1'},{'D4'},{'D2'},{'D5'},{'R3'},{'R2'},{'R1'},&,24.0,&
{'D7'},{'D3'},{'D6'},{'D1'},{'D4'},{'D2'},{'D5'},{'R2'},{'R3'},{'R1'},&,17.0,&
{'D7'},{'D3'},{'D6'},{'D1'},{'D4'},{'D2'},{'D5'},{'R2'},{'R1'},{'R3'},&,14.0,&
{'D7'},{'D3'},{'D6'},{'D1'},{'D4'},{'D2'},{'D5'},{'R1'},{'R3'},{'R2'},&,3.0,&
{'D7'},{'D3'},{'D6'},{'D1'},{'D4'},{'D2'},{'D5'},{'R1'},{'R2'},{'R3'},&,21.0,&
{'D7'},{'D3'},{'D6'},{'D1'},{'D4'},{'D2'},{'R1'},{'R3'},{'R2'},{'D5'},&,1.0,&
{'D7'},{'D3'},{'D6'},{'D1'},{'D4'},{'D2'},{'R1'},{'R3'},{'D5'},{'R2'},&,1.0,&
{'D7'},{'D3'},{'D6'},{'D1'},{'D4'},{'D2'},{'R1'},{'R2'},{'D5'},{'R3'},&,2.0,&
{'D7'},{'D3'},{'D6'},{'D1'},{'D4'},{'D2'},{'R1'},{'D5'},{'R3'},{'R2'},&,2.0,&
{'D7'},{'D3'},{'D6'},{'D1'},{'D4'},{'D2'},{'R1'},{'D5'},{'R2'},{'R3'},&,3.0,&
{'D7'},{'D3'},{'D6'},{'D1'},{'D4'},{'R1'},{'R2'},{'R3'},{'D5'},{'D2'},&,1.0,&
{'D7'},{'D3'},{'D6'},{'D1'},{'D4'},{'R1'},{'R2'},{'D5'},{'R3'},{'D2'},&,1.0,&
{'D7'},{'D3'},{'D6'},{'D1'},{'D4'},{'R1'},{'D2'},{'R2'},{'R3'},{'D5'},&,1.0,&
{'D7'},{'D3'},{'D6'},{'D1'},{'D4'},{'R1'},{'D2'},{'D5'},{'R2'},{'R3'},&,1.0,&
{'D7'},{'D3'},{'D6'},{'D1'},{'D4'},{'R1'},{'D5'},{'D2'},{'R3'},{'R2'},&,5.0,&
{'D7'},{'D3'},{'D6'},{'D1'},{'D4'},{'R1'},{'D5'},{'D2'},{'R2'},{'R3'},&,7.0,&
{'D7'},{'D3'},{'D6'},{'D1'},{'D4'},{'R1'},{'D5'},{'R3'},{'D2'},{'R2'},&,2.0,&
{'D7'},{'D3'},{'D6'},{'D1'},{'D4'},{'R1'},{'D5'},{'R2'},{'D2'},{'R3'},&,1.0,&
{'D7'},{'D3'},{'D6'},{'D1'},{'D4'},{'R3'},{'D2'},{'D5'},{'R1'},{'R2'},&,1.0,&
{'D7'},{'D3'},{'D6'},{'D1'},{'D4'},{'R3'},{'D5'},{'D2'},{'R1'},{'R2'},&,5.0,&
{'D7'},{'D3'},{'D6'},{'D1'},{'D4'},{'R3'},{'D5'},{'D2'},{'R2'},{'R1'},&,5.0,&
{'D7'},{'D3'},{'D6'},{'D1'},{'D4'},{'R3'},{'D5'},{'R2'},{'R1'},{'D2'},&,2.0,&
{'D7'},{'D3'},{'D6'},{'D1'},{'D4'},{'R3'},{'D5'},{'R2'},{'D2'},{'R1'},&,2.0,&
{'D7'},{'D3'},{'D6'},{'D1'},{'D4'},{'R3'},{'D5'},{'R1'},{'D2'},{'R2'},&,3.0,&
{'D7'},{'D3'},{'D6'},{'D1'},{'D4'},{'R3'},{'D5'},{'R1'},{'R2'},{'D2'},&,1.0,&
{'D7'},{'D3'},{'D6'},{'D1'},{'D4'},{'R3'},{'R1'},{'D2'},{'D5'},{'R2'},&,1.0,&
{'D7'},{'D3'},{'D6'},{'D1'},{'D2'},{'D5'},{'R2'},{'D4'},{'R3'},{'R1'},&,2.0,&
{'D7'},{'D3'},{'D6'},{'D1'},{'D2'},{'D5'},{'R1'},{'R3'},{'D4'},{'R2'},&,1.0,&
{'D7'},{'D3'},{'D6'},{'D1'},{'D2'},{'D5'},{'R1'},{'D4'},{'R3'},{'R2'},&,2.0,&
{'D7'},{'D3'},{'D6'},{'D1'},{'D2'},{'D5'},{'D4'},{'R3'},{'R2'},{'R1'},&,4.0,&
{'D7'},{'D3'},{'D6'},{'D1'},{'D2'},{'D5'},{'D4'},{'R2'},{'R3'},{'R1'},&,1.0,&
{'D7'},{'D3'},{'D6'},{'D1'},{'D2'},{'D5'},{'D4'},{'R2'},{'R1'},{'R3'},&,2.0,&
{'D7'},{'D3'},{'D6'},{'D1'},{'D2'},{'D5'},{'D4'},{'R1'},{'R3'},{'R2'},&,2.0,&
{'D7'},{'D3'},{'D6'},{'D1'},{'D2'},{'D5'},{'D4'},{'R1'},{'R2'},{'R3'},&,1.0,&
{'D7'},{'D3'},{'D6'},{'D1'},{'D2'},{'D4'},{'R2'},{'D5'},{'R3'},{'R1'},&,2.0,&
{'D7'},{'D3'},{'D6'},{'D1'},{'D2'},{'D4'},{'R2'},{'D5'},{'R1'},{'R3'},&,2.0,&
{'D7'},{'D3'},{'D6'},{'D1'},{'D2'},{'D4'},{'R3'},{'R1'},{'D5'},{'R2'},&,1.0,&
{'D7'},{'D3'},{'D6'},{'D1'},{'D2'},{'D4'},{'R3'},{'D5'},{'R2'},{'R1'},&,2.0,&
{'D7'},{'D3'},{'D6'},{'D1'},{'D2'},{'D4'},{'D5'},{'R3'},{'R1'},{'R2'},&,2.0,&
{'D7'},{'D3'},{'D6'},{'D1'},{'D2'},{'D4'},{'D5'},{'R3'},{'R2'},{'R1'},&,5.0,&
{'D7'},{'D3'},{'D6'},{'D1'},{'D2'},{'D4'},{'D5'},{'R2'},{'R3'},{'R1'},&,8.0,&
{'D7'},{'D3'},{'D6'},{'D1'},{'D2'},{'D4'},{'D5'},{'R2'},{'R1'},{'R3'},&,4.0,&
{'D7'},{'D3'},{'D6'},{'D1'},{'D2'},{'D4'},{'D5'},{'R1'},{'R3'},{'R2'},&,1.0,&
{'D7'},{'D3'},{'D6'},{'D1'},{'D2'},{'D4'},{'D5'},{'R1'},{'R2'},{'R3'},&,1.0,&
{'D7'},{'D3'},{'D6'},{'D1'},{'D2'},{'R2'},{'D5'},{'R1'},{'D4'},{'R3'},&,1.0,&
{'D7'},{'D3'},{'D6'},{'D1'},{'D2'},{'R3'},{'D5'},{'R2'},{'R1'},{'D4'},&,1.0,&
{'D7'},{'D3'},{'D6'},{'D1'},{'D2'},{'R3'},{'D5'},{'D4'},{'R2'},{'R1'},&,1.0,&
{'D7'},{'D3'},{'D6'},{'D1'},{'D2'},{'R3'},{'D4'},{'R1'},{'D5'},{'R2'},&,1.0,&
{'D7'},{'D3'},{'D6'},{'D1'},{'D2'},{'R3'},{'D4'},{'D5'},{'R1'},{'R2'},&,1.0,&
{'D7'},{'D3'},{'D6'},{'D1'},{'R1'},{'D5'},{'D4'},{'D2'},{'R2'},{'R3'},&,1.0,&
{'D7'},{'D3'},{'D6'},{'D1'},{'R1'},{'D5'},{'D4'},{'R3'},{'R2'},{'D2'},&,1.0,&
{'D7'},{'D3'},{'D6'},{'D1'},{'R1'},{'D4'},{'R2'},{'D2'},{'D5'},{'R3'},&,1.0,&
{'D7'},{'D3'},{'D6'},{'D1'},{'R1'},{'D4'},{'D5'},{'D2'},{'R3'},{'R2'},&,1.0,&
{'D7'},{'D3'},{'D6'},{'D1'},{'R1'},{'D4'},{'D5'},{'D2'},{'R2'},{'R3'},&,2.0,&
{'D7'},{'D3'},{'D6'},{'D1'},{'R1'},{'D4'},{'D5'},{'R3'},{'D2'},{'R2'},&,1.0,&
{'D7'},{'D3'},{'D6'},{'D1'},{'R2'},{'D5'},{'D4'},{'D2'},{'R3'},{'R1'},&,2.0,&
{'D7'},{'D3'},{'D6'},{'D1'},{'R2'},{'D5'},{'D4'},{'D2'},{'R1'},{'R3'},&,2.0,&
{'D7'},{'D3'},{'D6'},{'D1'},{'R2'},{'D4'},{'D5'},{'D2'},{'R3'},{'R1'},&,4.0,&
{'D7'},{'D3'},{'D6'},{'D1'},{'R2'},{'D4'},{'D5'},{'D2'},{'R1'},{'R3'},&,3.0,&
{'D7'},{'D3'},{'D6'},{'D1'},{'R2'},{'D4'},{'D5'},{'R3'},{'D2'},{'R1'},&,1.0,&
{'D7'},{'D3'},{'D6'},{'D1'},{'R2'},{'D4'},{'D5'},{'R1'},{'D2'},{'R3'},&,1.0,&
{'D7'},{'D3'},{'D6'},{'D1'},{'R3'},{'D5'},{'D4'},{'D2'},{'R2'},{'R1'},&,1.0,&
{'D7'},{'D3'},{'D6'},{'D1'},{'R3'},{'D4'},{'D5'},{'D2'},{'R1'},{'R2'},&,3.0,&
{'D7'},{'D3'},{'D6'},{'D1'},{'R3'},{'D4'},{'D5'},{'D2'},{'R2'},{'R1'},&,4.0,&
{'D7'},{'D3'},{'D6'},{'D1'},{'R3'},{'D4'},{'D5'},{'R2'},{'D2'},{'R1'},&,1.0,&
{'D7'},{'D3'},{'D6'},{'D5'},{'D1'},{'D4'},{'R2'},{'D2'},{'R3'},{'R1'},&,20.0,&
{'D7'},{'D3'},{'D6'},{'D5'},{'D1'},{'D4'},{'R2'},{'D2'},{'R1'},{'R3'},&,19.0,&
{'D7'},{'D3'},{'D6'},{'D5'},{'D1'},{'D4'},{'R2'},{'R3'},{'R1'},{'D2'},&,1.0,&
{'D7'},{'D3'},{'D6'},{'D5'},{'D1'},{'D4'},{'R2'},{'R3'},{'D2'},{'R1'},&,9.0,&
{'D7'},{'D3'},{'D6'},{'D5'},{'D1'},{'D4'},{'R2'},{'R1'},{'R3'},{'D2'},&,2.0,&
{'D7'},{'D3'},{'D6'},{'D5'},{'D1'},{'D4'},{'R2'},{'R1'},{'D2'},{'R3'},&,5.0,&
{'D7'},{'D3'},{'D6'},{'D5'},{'D1'},{'D4'},{'D2'},{'R3'},{'R1'},{'R2'},&,31.0,&
{'D7'},{'D3'},{'D6'},{'D5'},{'D1'},{'D4'},{'D2'},{'R3'},{'R2'},{'R1'},&,48.0,&
{'D7'},{'D3'},{'D6'},{'D5'},{'D1'},{'D4'},{'D2'},{'R2'},{'R3'},{'R1'},&,70.0,&
{'D7'},{'D3'},{'D6'},{'D5'},{'D1'},{'D4'},{'D2'},{'R2'},{'R1'},{'R3'},&,54.0,&
{'D7'},{'D3'},{'D6'},{'D5'},{'D1'},{'D4'},{'D2'},{'R1'},{'R3'},{'R2'},&,24.0,&
{'D7'},{'D3'},{'D6'},{'D5'},{'D1'},{'D4'},{'D2'},{'R1'},{'R2'},{'R3'},&,51.0,&
{'D7'},{'D3'},{'D6'},{'D5'},{'D1'},{'D4'},{'R3'},{'D2'},{'R1'},{'R2'},&,9.0,&
{'D7'},{'D3'},{'D6'},{'D5'},{'D1'},{'D4'},{'R3'},{'D2'},{'R2'},{'R1'},&,15.0,&
{'D7'},{'D3'},{'D6'},{'D5'},{'D1'},{'D4'},{'R3'},{'R2'},{'R1'},{'D2'},&,1.0,&
{'D7'},{'D3'},{'D6'},{'D5'},{'D1'},{'D4'},{'R3'},{'R2'},{'D2'},{'R1'},&,4.0,&
{'D7'},{'D3'},{'D6'},{'D5'},{'D1'},{'D4'},{'R3'},{'R1'},{'D2'},{'R2'},&,2.0,&
{'D7'},{'D3'},{'D6'},{'D5'},{'D1'},{'D4'},{'R3'},{'R1'},{'R2'},{'D2'},&,2.0,&
{'D7'},{'D3'},{'D6'},{'D5'},{'D1'},{'D4'},{'R1'},{'D2'},{'R3'},{'R2'},&,5.0,&
{'D7'},{'D3'},{'D6'},{'D5'},{'D1'},{'D4'},{'R1'},{'D2'},{'R2'},{'R3'},&,10.0,&
{'D7'},{'D3'},{'D6'},{'D5'},{'D1'},{'D4'},{'R1'},{'R3'},{'D2'},{'R2'},&,2.0,&
{'D7'},{'D3'},{'D6'},{'D5'},{'D1'},{'D4'},{'R1'},{'R2'},{'R3'},{'D2'},&,1.0,&
{'D7'},{'D3'},{'D6'},{'D5'},{'D1'},{'D4'},{'R1'},{'R2'},{'D2'},{'R3'},&,2.0,&
{'D7'},{'D3'},{'D6'},{'D5'},{'D1'},{'R2'},{'D4'},{'D2'},{'R3'},{'R1'},&,4.0,&
{'D7'},{'D3'},{'D6'},{'D5'},{'D1'},{'R2'},{'D4'},{'D2'},{'R1'},{'R3'},&,5.0,&
{'D7'},{'D3'},{'D6'},{'D5'},{'D1'},{'R2'},{'D4'},{'R3'},{'R1'},{'D2'},&,1.0,&
{'D7'},{'D3'},{'D6'},{'D5'},{'D1'},{'D2'},{'R2'},{'R1'},{'D4'},{'R3'},&,1.0,&
{'D7'},{'D3'},{'D6'},{'D5'},{'D1'},{'D2'},{'D4'},{'R3'},{'R1'},{'R2'},&,1.0,&
{'D7'},{'D3'},{'D6'},{'D5'},{'D1'},{'D2'},{'D4'},{'R3'},{'R2'},{'R1'},&,2.0,&
{'D7'},{'D3'},{'D6'},{'D5'},{'D1'},{'D2'},{'D4'},{'R2'},{'R3'},{'R1'},&,2.0,&
{'D7'},{'D3'},{'D6'},{'D5'},{'D1'},{'R1'},{'D4'},{'D2'},{'R3'},{'R2'},&,4.0,&
{'D7'},{'D3'},{'D6'},{'D5'},{'D1'},{'R1'},{'D4'},{'D2'},{'R2'},{'R3'},&,3.0,&
{'D7'},{'D3'},{'D6'},{'D5'},{'D1'},{'R1'},{'D4'},{'R3'},{'D2'},{'R2'},&,1.0,&
{'D7'},{'D3'},{'D6'},{'D5'},{'D1'},{'R3'},{'R1'},{'D4'},{'R2'},{'D2'},&,1.0,&
{'D7'},{'D3'},{'D6'},{'D5'},{'D1'},{'R3'},{'D4'},{'D2'},{'R1'},{'R2'},&,2.0,&
{'D7'},{'D3'},{'D6'},{'D5'},{'D1'},{'R3'},{'D4'},{'D2'},{'R2'},{'R1'},&,1.0,&
{'D7'},{'D3'},{'D6'},{'D5'},{'D1'},{'R3'},{'D4'},{'R2'},{'D2'},{'R1'},&,1.0,&
{'D7'},{'D3'},{'D6'},{'D5'},{'D1'},{'R3'},{'D4'},{'R1'},{'D2'},{'R2'},&,2.0,&
{'D7'},{'D3'},{'D6'},{'D5'},{'D4'},{'D1'},{'R2'},{'D2'},{'R3'},{'R1'},&,19.0,&
{'D7'},{'D3'},{'D6'},{'D5'},{'D4'},{'D1'},{'R2'},{'D2'},{'R1'},{'R3'},&,31.0,&
{'D7'},{'D3'},{'D6'},{'D5'},{'D4'},{'D1'},{'R2'},{'R3'},{'D2'},{'R1'},&,5.0,&
{'D7'},{'D3'},{'D6'},{'D5'},{'D4'},{'D1'},{'R2'},{'R1'},{'R3'},{'D2'},&,1.0,&
{'D7'},{'D3'},{'D6'},{'D5'},{'D4'},{'D1'},{'R2'},{'R1'},{'D2'},{'R3'},&,5.0,&
{'D7'},{'D3'},{'D6'},{'D5'},{'D4'},{'D1'},{'D2'},{'R3'},{'R1'},{'R2'},&,40.0,&
{'D7'},{'D3'},{'D6'},{'D5'},{'D4'},{'D1'},{'D2'},{'R3'},{'R2'},{'R1'},&,92.0,&
{'D7'},{'D3'},{'D6'},{'D5'},{'D4'},{'D1'},{'D2'},{'R2'},{'R3'},{'R1'},&,109.0,&
{'D7'},{'D3'},{'D6'},{'D5'},{'D4'},{'D1'},{'D2'},{'R2'},{'R1'},{'R3'},&,101.0,&
{'D7'},{'D3'},{'D6'},{'D5'},{'D4'},{'D1'},{'D2'},{'R1'},{'R3'},{'R2'},&,34.0,&
{'D7'},{'D3'},{'D6'},{'D5'},{'D4'},{'D1'},{'D2'},{'R1'},{'R2'},{'R3'},&,56.0,&
{'D7'},{'D3'},{'D6'},{'D5'},{'D4'},{'D1'},{'R3'},{'D2'},{'R1'},{'R2'},&,16.0,&
{'D7'},{'D3'},{'D6'},{'D5'},{'D4'},{'D1'},{'R3'},{'D2'},{'R2'},{'R1'},&,25.0,&
{'D7'},{'D3'},{'D6'},{'D5'},{'D4'},{'D1'},{'R3'},{'R2'},{'D2'},{'R1'},&,6.0,&
{'D7'},{'D3'},{'D6'},{'D5'},{'D4'},{'D1'},{'R3'},{'R1'},{'D2'},{'R2'},&,3.0,&
{'D7'},{'D3'},{'D6'},{'D5'},{'D4'},{'D1'},{'R3'},{'R1'},{'R2'},{'D2'},&,1.0,&
{'D7'},{'D3'},{'D6'},{'D5'},{'D4'},{'D1'},{'R1'},{'D2'},{'R3'},{'R2'},&,8.0,&
{'D7'},{'D3'},{'D6'},{'D5'},{'D4'},{'D1'},{'R1'},{'D2'},{'R2'},{'R3'},&,22.0,&
{'D7'},{'D3'},{'D6'},{'D5'},{'D4'},{'D1'},{'R1'},{'R3'},{'D2'},{'R2'},&,2.0,&
{'D7'},{'D3'},{'D6'},{'D5'},{'D4'},{'D1'},{'R1'},{'R3'},{'R2'},{'D2'},&,1.0,&
{'D7'},{'D3'},{'D6'},{'D5'},{'D4'},{'D1'},{'R1'},{'R2'},{'R3'},{'D2'},&,1.0,&
{'D7'},{'D3'},{'D6'},{'D5'},{'D4'},{'D1'},{'R1'},{'R2'},{'D2'},{'R3'},&,4.0,&
{'D7'},{'D3'},{'D6'},{'D5'},{'D4'},{'R2'},{'D1'},{'D2'},{'R3'},{'R1'},&,5.0,&
{'D7'},{'D3'},{'D6'},{'D5'},{'D4'},{'R2'},{'D1'},{'D2'},{'R1'},{'R3'},&,5.0,&
{'D7'},{'D3'},{'D6'},{'D5'},{'D4'},{'R2'},{'D1'},{'R3'},{'D2'},{'R1'},&,2.0,&
{'D7'},{'D3'},{'D6'},{'D5'},{'D4'},{'R2'},{'D1'},{'R1'},{'R3'},{'D2'},&,1.0,&
{'D7'},{'D3'},{'D6'},{'D5'},{'D4'},{'R2'},{'D1'},{'R1'},{'D2'},{'R3'},&,2.0,&
{'D7'},{'D3'},{'D6'},{'D5'},{'D4'},{'D2'},{'R2'},{'D1'},{'R3'},{'R1'},&,2.0,&
{'D7'},{'D3'},{'D6'},{'D5'},{'D4'},{'D2'},{'R2'},{'D1'},{'R1'},{'R3'},&,1.0,&
{'D7'},{'D3'},{'D6'},{'D5'},{'D4'},{'D2'},{'R3'},{'R1'},{'D1'},{'R2'},&,1.0,&
{'D7'},{'D3'},{'D6'},{'D5'},{'D4'},{'D2'},{'R3'},{'D1'},{'R1'},{'R2'},&,1.0,&
{'D7'},{'D3'},{'D6'},{'D5'},{'D4'},{'D2'},{'R3'},{'D1'},{'R2'},{'R1'},&,3.0,&
{'D7'},{'D3'},{'D6'},{'D5'},{'D4'},{'D2'},{'R1'},{'D1'},{'R2'},{'R3'},&,1.0,&
{'D7'},{'D3'},{'D6'},{'D5'},{'D4'},{'D2'},{'D1'},{'R3'},{'R1'},{'R2'},&,1.0,&
{'D7'},{'D3'},{'D6'},{'D5'},{'D4'},{'D2'},{'D1'},{'R3'},{'R2'},{'R1'},&,4.0,&
{'D7'},{'D3'},{'D6'},{'D5'},{'D4'},{'D2'},{'D1'},{'R2'},{'R3'},{'R1'},&,3.0,&
{'D7'},{'D3'},{'D6'},{'D5'},{'D4'},{'D2'},{'D1'},{'R2'},{'R1'},{'R3'},&,5.0,&
{'D7'},{'D3'},{'D6'},{'D5'},{'D4'},{'D2'},{'D1'},{'R1'},{'R3'},{'R2'},&,1.0,&
{'D7'},{'D3'},{'D6'},{'D5'},{'D4'},{'D2'},{'D1'},{'R1'},{'R2'},{'R3'},&,5.0,&
{'D7'},{'D3'},{'D6'},{'D5'},{'D4'},{'R1'},{'D1'},{'D2'},{'R3'},{'R2'},&,3.0,&
{'D7'},{'D3'},{'D6'},{'D5'},{'D4'},{'R1'},{'D1'},{'D2'},{'R2'},{'R3'},&,6.0,&
{'D7'},{'D3'},{'D6'},{'D5'},{'D4'},{'R1'},{'D1'},{'R2'},{'D2'},{'R3'},&,1.0,&
{'D7'},{'D3'},{'D6'},{'D5'},{'D4'},{'R3'},{'R2'},{'D1'},{'R1'},{'D2'},&,1.0,&
{'D7'},{'D3'},{'D6'},{'D5'},{'D4'},{'R3'},{'D2'},{'D1'},{'R2'},{'R1'},&,1.0,&
{'D7'},{'D3'},{'D6'},{'D5'},{'D4'},{'R3'},{'D1'},{'D2'},{'R1'},{'R2'},&,3.0,&
{'D7'},{'D3'},{'D6'},{'D5'},{'D4'},{'R3'},{'D1'},{'D2'},{'R2'},{'R1'},&,8.0,&
{'D7'},{'D3'},{'D6'},{'D5'},{'D4'},{'R3'},{'D1'},{'R1'},{'D2'},{'R2'},&,2.0,&
{'D7'},{'D3'},{'D6'},{'D5'},{'D4'},{'R3'},{'D1'},{'R1'},{'R2'},{'D2'},&,1.0,&
{'D7'},{'D3'},{'D6'},{'D5'},{'D2'},{'D4'},{'R2'},{'D1'},{'R3'},{'R1'},&,1.0,&
{'D7'},{'D3'},{'D6'},{'D5'},{'D2'},{'D4'},{'R3'},{'R1'},{'D1'},{'R2'},&,1.0,&
{'D7'},{'D3'},{'D6'},{'D5'},{'D2'},{'D4'},{'R3'},{'D1'},{'R1'},{'R2'},&,1.0,&
{'D7'},{'D3'},{'D6'},{'D5'},{'D2'},{'D4'},{'R3'},{'D1'},{'R2'},{'R1'},&,1.0,&
{'D7'},{'D3'},{'D6'},{'D5'},{'D2'},{'D4'},{'D1'},{'R3'},{'R1'},{'R2'},&,4.0,&
{'D7'},{'D3'},{'D6'},{'D5'},{'D2'},{'D4'},{'D1'},{'R3'},{'R2'},{'R1'},&,1.0,&
{'D7'},{'D3'},{'D6'},{'D5'},{'D2'},{'D4'},{'D1'},{'R2'},{'R3'},{'R1'},&,2.0,&
{'D7'},{'D3'},{'D6'},{'D5'},{'D2'},{'D4'},{'D1'},{'R2'},{'R1'},{'R3'},&,4.0,&
{'D7'},{'D3'},{'D6'},{'D5'},{'D2'},{'D4'},{'D1'},{'R1'},{'R2'},{'R3'},&,2.0,&
{'D7'},{'D3'},{'D6'},{'D5'},{'D2'},{'D1'},{'R3'},{'D4'},{'R1'},{'R2'},&,1.0,&
{'D7'},{'D3'},{'D6'},{'D5'},{'D2'},{'D1'},{'D4'},{'R3'},{'R1'},{'R2'},&,1.0,&
{'D7'},{'D3'},{'D6'},{'D5'},{'D2'},{'D1'},{'D4'},{'R3'},{'R2'},{'R1'},&,5.0,&
{'D7'},{'D3'},{'D6'},{'D5'},{'D2'},{'D1'},{'D4'},{'R2'},{'R3'},{'R1'},&,4.0,&
{'D7'},{'D3'},{'D6'},{'D5'},{'D2'},{'D1'},{'D4'},{'R1'},{'R2'},{'R3'},&,1.0,&
{'D7'},{'D3'},{'D6'},{'D5'},{'R1'},{'D4'},{'D1'},{'D2'},{'R3'},{'R2'},&,1.0,&
{'D7'},{'D3'},{'D6'},{'D5'},{'R1'},{'D1'},{'D4'},{'D2'},{'R2'},{'R3'},&,1.0,&
{'D7'},{'D3'},{'D6'},{'D5'},{'R2'},{'D4'},{'D2'},{'D1'},{'R1'},{'R3'},&,1.0,&
{'D7'},{'D3'},{'D6'},{'D5'},{'R2'},{'D4'},{'D1'},{'D2'},{'R3'},{'R1'},&,3.0,&
{'D7'},{'D3'},{'D6'},{'D5'},{'R2'},{'D4'},{'D1'},{'D2'},{'R1'},{'R3'},&,3.0,&
{'D7'},{'D3'},{'D6'},{'D5'},{'R2'},{'D4'},{'D1'},{'R1'},{'D2'},{'R3'},&,3.0,&
{'D7'},{'D3'},{'D6'},{'D5'},{'R2'},{'D1'},{'R3'},{'D4'},{'R1'},{'D2'},&,1.0,&
{'D7'},{'D3'},{'D6'},{'D5'},{'R2'},{'D1'},{'D4'},{'D2'},{'R3'},{'R1'},&,1.0,&
{'D7'},{'D3'},{'D6'},{'D5'},{'R2'},{'D1'},{'D4'},{'R3'},{'D2'},{'R1'},&,1.0,&
{'D7'},{'D3'},{'D6'},{'D5'},{'R2'},{'D1'},{'D4'},{'R1'},{'R3'},{'D2'},&,1.0,&
{'D7'},{'D3'},{'D6'},{'D5'},{'R3'},{'D4'},{'D1'},{'D2'},{'R1'},{'R2'},&,1.0,&
{'D7'},{'D3'},{'D6'},{'D5'},{'R3'},{'D1'},{'D4'},{'D2'},{'R2'},{'R1'},&,1.0,&
{'D7'},{'D3'},{'D6'},{'D5'},{'R3'},{'D1'},{'D4'},{'R2'},{'D2'},{'R1'},&,1.0,&
{'D7'},{'D3'},{'D6'},{'D4'},{'D1'},{'D5'},{'R2'},{'D2'},{'R3'},{'R1'},&,66.0,&
{'D7'},{'D3'},{'D6'},{'D4'},{'D1'},{'D5'},{'R2'},{'D2'},{'R1'},{'R3'},&,57.0,&
{'D7'},{'D3'},{'D6'},{'D4'},{'D1'},{'D5'},{'R2'},{'R3'},{'R1'},{'D2'},&,11.0,&
{'D7'},{'D3'},{'D6'},{'D4'},{'D1'},{'D5'},{'R2'},{'R3'},{'D2'},{'R1'},&,11.0,&
{'D7'},{'D3'},{'D6'},{'D4'},{'D1'},{'D5'},{'R2'},{'R1'},{'R3'},{'D2'},&,1.0,&
{'D7'},{'D3'},{'D6'},{'D4'},{'D1'},{'D5'},{'R2'},{'R1'},{'D2'},{'R3'},&,16.0,&
{'D7'},{'D3'},{'D6'},{'D4'},{'D1'},{'D5'},{'D2'},{'R3'},{'R1'},{'R2'},&,136.0,&
{'D7'},{'D3'},{'D6'},{'D4'},{'D1'},{'D5'},{'D2'},{'R3'},{'R2'},{'R1'},&,190.0,&
{'D7'},{'D3'},{'D6'},{'D4'},{'D1'},{'D5'},{'D2'},{'R2'},{'R3'},{'R1'},&,317.0,&
{'D7'},{'D3'},{'D6'},{'D4'},{'D1'},{'D5'},{'D2'},{'R2'},{'R1'},{'R3'},&,228.0,&
{'D7'},{'D3'},{'D6'},{'D4'},{'D1'},{'D5'},{'D2'},{'R1'},{'R3'},{'R2'},&,121.0,&
{'D7'},{'D3'},{'D6'},{'D4'},{'D1'},{'D5'},{'D2'},{'R1'},{'R2'},{'R3'},&,175.0,&
{'D7'},{'D3'},{'D6'},{'D4'},{'D1'},{'D5'},{'R3'},{'D2'},{'R1'},{'R2'},&,38.0,&
{'D7'},{'D3'},{'D6'},{'D4'},{'D1'},{'D5'},{'R3'},{'D2'},{'R2'},{'R1'},&,52.0,&
{'D7'},{'D3'},{'D6'},{'D4'},{'D1'},{'D5'},{'R3'},{'R2'},{'R1'},{'D2'},&,7.0,&
{'D7'},{'D3'},{'D6'},{'D4'},{'D1'},{'D5'},{'R3'},{'R2'},{'D2'},{'R1'},&,11.0,&
{'D7'},{'D3'},{'D6'},{'D4'},{'D1'},{'D5'},{'R3'},{'R1'},{'D2'},{'R2'},&,3.0,&
{'D7'},{'D3'},{'D6'},{'D4'},{'D1'},{'D5'},{'R3'},{'R1'},{'R2'},{'D2'},&,4.0,&
{'D7'},{'D3'},{'D6'},{'D4'},{'D1'},{'D5'},{'R1'},{'D2'},{'R3'},{'R2'},&,29.0,&
{'D7'},{'D3'},{'D6'},{'D4'},{'D1'},{'D5'},{'R1'},{'D2'},{'R2'},{'R3'},&,45.0,&
{'D7'},{'D3'},{'D6'},{'D4'},{'D1'},{'D5'},{'R1'},{'R3'},{'D2'},{'R2'},&,4.0,&
{'D7'},{'D3'},{'D6'},{'D4'},{'D1'},{'D5'},{'R1'},{'R3'},{'R2'},{'D2'},&,1.0,&
{'D7'},{'D3'},{'D6'},{'D4'},{'D1'},{'D5'},{'R1'},{'R2'},{'R3'},{'D2'},&,3.0,&
{'D7'},{'D3'},{'D6'},{'D4'},{'D1'},{'D5'},{'R1'},{'R2'},{'D2'},{'R3'},&,18.0,&
{'D7'},{'D3'},{'D6'},{'D4'},{'D1'},{'R2'},{'D2'},{'D5'},{'R3'},{'R1'},&,2.0,&
{'D7'},{'D3'},{'D6'},{'D4'},{'D1'},{'R2'},{'D2'},{'D5'},{'R1'},{'R3'},&,2.0,&
{'D7'},{'D3'},{'D6'},{'D4'},{'D1'},{'R2'},{'R3'},{'D5'},{'D2'},{'R1'},&,1.0,&
{'D7'},{'D3'},{'D6'},{'D4'},{'D1'},{'R2'},{'D5'},{'D2'},{'R3'},{'R1'},&,22.0,&
{'D7'},{'D3'},{'D6'},{'D4'},{'D1'},{'R2'},{'D5'},{'D2'},{'R1'},{'R3'},&,16.0,&
{'D7'},{'D3'},{'D6'},{'D4'},{'D1'},{'R2'},{'D5'},{'R3'},{'R1'},{'D2'},&,1.0,&
{'D7'},{'D3'},{'D6'},{'D4'},{'D1'},{'R2'},{'D5'},{'R3'},{'D2'},{'R1'},&,8.0,&
{'D7'},{'D3'},{'D6'},{'D4'},{'D1'},{'R2'},{'D5'},{'R1'},{'D2'},{'R3'},&,4.0,&
{'D7'},{'D3'},{'D6'},{'D4'},{'D1'},{'R2'},{'R1'},{'R3'},{'D5'},{'D2'},&,1.0,&
{'D7'},{'D3'},{'D6'},{'D4'},{'D1'},{'R2'},{'R1'},{'D5'},{'D2'},{'R3'},&,2.0,&
{'D7'},{'D3'},{'D6'},{'D4'},{'D1'},{'D2'},{'R2'},{'R3'},{'R1'},{'D5'},&,1.0,&
{'D7'},{'D3'},{'D6'},{'D4'},{'D1'},{'D2'},{'R2'},{'R3'},{'D5'},{'R1'},&,2.0,&
{'D7'},{'D3'},{'D6'},{'D4'},{'D1'},{'D2'},{'R2'},{'R1'},{'R3'},{'D5'},&,1.0,&
{'D7'},{'D3'},{'D6'},{'D4'},{'D1'},{'D2'},{'R2'},{'R1'},{'D5'},{'R3'},&,2.0,&
{'D7'},{'D3'},{'D6'},{'D4'},{'D1'},{'D2'},{'R2'},{'D5'},{'R3'},{'R1'},&,8.0,&
{'D7'},{'D3'},{'D6'},{'D4'},{'D1'},{'D2'},{'R2'},{'D5'},{'R1'},{'R3'},&,7.0,&
{'D7'},{'D3'},{'D6'},{'D4'},{'D1'},{'D2'},{'R3'},{'R2'},{'R1'},{'D5'},&,2.0,&
{'D7'},{'D3'},{'D6'},{'D4'},{'D1'},{'D2'},{'R3'},{'R2'},{'D5'},{'R1'},&,1.0,&
{'D7'},{'D3'},{'D6'},{'D4'},{'D1'},{'D2'},{'R3'},{'R1'},{'R2'},{'D5'},&,1.0,&
{'D7'},{'D3'},{'D6'},{'D4'},{'D1'},{'D2'},{'R3'},{'R1'},{'D5'},{'R2'},&,1.0,&
{'D7'},{'D3'},{'D6'},{'D4'},{'D1'},{'D2'},{'R3'},{'D5'},{'R1'},{'R2'},&,1.0,&
{'D7'},{'D3'},{'D6'},{'D4'},{'D1'},{'D2'},{'R3'},{'D5'},{'R2'},{'R1'},&,4.0,&
{'D7'},{'D3'},{'D6'},{'D4'},{'D1'},{'D2'},{'D5'},{'R3'},{'R1'},{'R2'},&,13.0,&
{'D7'},{'D3'},{'D6'},{'D4'},{'D1'},{'D2'},{'D5'},{'R3'},{'R2'},{'R1'},&,26.0,&
{'D7'},{'D3'},{'D6'},{'D4'},{'D1'},{'D2'},{'D5'},{'R2'},{'R3'},{'R1'},&,30.0,&
{'D7'},{'D3'},{'D6'},{'D4'},{'D1'},{'D2'},{'D5'},{'R2'},{'R1'},{'R3'},&,19.0,&
{'D7'},{'D3'},{'D6'},{'D4'},{'D1'},{'D2'},{'D5'},{'R1'},{'R3'},{'R2'},&,10.0,&
{'D7'},{'D3'},{'D6'},{'D4'},{'D1'},{'D2'},{'D5'},{'R1'},{'R2'},{'R3'},&,12.0,&
{'D7'},{'D3'},{'D6'},{'D4'},{'D1'},{'D2'},{'R1'},{'R2'},{'R3'},{'D5'},&,1.0,&
{'D7'},{'D3'},{'D6'},{'D4'},{'D1'},{'D2'},{'R1'},{'R2'},{'D5'},{'R3'},&,3.0,&
{'D7'},{'D3'},{'D6'},{'D4'},{'D1'},{'D2'},{'R1'},{'D5'},{'R3'},{'R2'},&,2.0,&
{'D7'},{'D3'},{'D6'},{'D4'},{'D1'},{'D2'},{'R1'},{'D5'},{'R2'},{'R3'},&,3.0,&
{'D7'},{'D3'},{'D6'},{'D4'},{'D1'},{'R1'},{'R2'},{'D5'},{'D2'},{'R3'},&,2.0,&
{'D7'},{'D3'},{'D6'},{'D4'},{'D1'},{'R1'},{'D2'},{'R2'},{'D5'},{'R3'},&,1.0,&
{'D7'},{'D3'},{'D6'},{'D4'},{'D1'},{'R1'},{'D5'},{'D2'},{'R3'},{'R2'},&,3.0,&
{'D7'},{'D3'},{'D6'},{'D4'},{'D1'},{'R1'},{'D5'},{'D2'},{'R2'},{'R3'},&,12.0,&
{'D7'},{'D3'},{'D6'},{'D4'},{'D1'},{'R1'},{'D5'},{'R3'},{'D2'},{'R2'},&,3.0,&
{'D7'},{'D3'},{'D6'},{'D4'},{'D1'},{'R1'},{'D5'},{'R3'},{'R2'},{'D2'},&,1.0,&
{'D7'},{'D3'},{'D6'},{'D4'},{'D1'},{'R1'},{'D5'},{'R2'},{'R3'},{'D2'},&,1.0,&
{'D7'},{'D3'},{'D6'},{'D4'},{'D1'},{'R1'},{'D5'},{'R2'},{'D2'},{'R3'},&,3.0,&
{'D7'},{'D3'},{'D6'},{'D4'},{'D1'},{'R3'},{'R2'},{'D5'},{'R1'},{'D2'},&,1.0,&
{'D7'},{'D3'},{'D6'},{'D4'},{'D1'},{'R3'},{'R2'},{'D5'},{'D2'},{'R1'},&,2.0,&
{'D7'},{'D3'},{'D6'},{'D4'},{'D1'},{'R3'},{'D2'},{'D5'},{'R2'},{'R1'},&,1.0,&
{'D7'},{'D3'},{'D6'},{'D4'},{'D1'},{'R3'},{'D5'},{'D2'},{'R1'},{'R2'},&,5.0,&
{'D7'},{'D3'},{'D6'},{'D4'},{'D1'},{'R3'},{'D5'},{'D2'},{'R2'},{'R1'},&,17.0,&
{'D7'},{'D3'},{'D6'},{'D4'},{'D1'},{'R3'},{'D5'},{'R2'},{'R1'},{'D2'},&,1.0,&
{'D7'},{'D3'},{'D6'},{'D4'},{'D1'},{'R3'},{'D5'},{'R2'},{'D2'},{'R1'},&,5.0,&
{'D7'},{'D3'},{'D6'},{'D4'},{'D1'},{'R3'},{'D5'},{'R1'},{'D2'},{'R2'},&,2.0,&
{'D7'},{'D3'},{'D6'},{'D4'},{'D1'},{'R3'},{'R1'},{'D5'},{'D2'},{'R2'},&,1.0,&
{'D7'},{'D3'},{'D6'},{'D4'},{'D5'},{'D1'},{'R2'},{'D2'},{'R3'},{'R1'},&,38.0,&
{'D7'},{'D3'},{'D6'},{'D4'},{'D5'},{'D1'},{'R2'},{'D2'},{'R1'},{'R3'},&,29.0,&
{'D7'},{'D3'},{'D6'},{'D4'},{'D5'},{'D1'},{'R2'},{'R3'},{'R1'},{'D2'},&,3.0,&
{'D7'},{'D3'},{'D6'},{'D4'},{'D5'},{'D1'},{'R2'},{'R3'},{'D2'},{'R1'},&,15.0,&
{'D7'},{'D3'},{'D6'},{'D4'},{'D5'},{'D1'},{'R2'},{'R1'},{'R3'},{'D2'},&,6.0,&
{'D7'},{'D3'},{'D6'},{'D4'},{'D5'},{'D1'},{'R2'},{'R1'},{'D2'},{'R3'},&,7.0,&
{'D7'},{'D3'},{'D6'},{'D4'},{'D5'},{'D1'},{'D2'},{'R3'},{'R1'},{'R2'},&,79.0,&
{'D7'},{'D3'},{'D6'},{'D4'},{'D5'},{'D1'},{'D2'},{'R3'},{'R2'},{'R1'},&,137.0,&
{'D7'},{'D3'},{'D6'},{'D4'},{'D5'},{'D1'},{'D2'},{'R2'},{'R3'},{'R1'},&,180.0,&
{'D7'},{'D3'},{'D6'},{'D4'},{'D5'},{'D1'},{'D2'},{'R2'},{'R1'},{'R3'},&,159.0,&
{'D7'},{'D3'},{'D6'},{'D4'},{'D5'},{'D1'},{'D2'},{'R1'},{'R3'},{'R2'},&,77.0,&
{'D7'},{'D3'},{'D6'},{'D4'},{'D5'},{'D1'},{'D2'},{'R1'},{'R2'},{'R3'},&,98.0,&
{'D7'},{'D3'},{'D6'},{'D4'},{'D5'},{'D1'},{'R3'},{'D2'},{'R1'},{'R2'},&,19.0,&
{'D7'},{'D3'},{'D6'},{'D4'},{'D5'},{'D1'},{'R3'},{'D2'},{'R2'},{'R1'},&,33.0,&
{'D7'},{'D3'},{'D6'},{'D4'},{'D5'},{'D1'},{'R3'},{'R2'},{'R1'},{'D2'},&,1.0,&
{'D7'},{'D3'},{'D6'},{'D4'},{'D5'},{'D1'},{'R3'},{'R2'},{'D2'},{'R1'},&,12.0,&
{'D7'},{'D3'},{'D6'},{'D4'},{'D5'},{'D1'},{'R3'},{'R1'},{'D2'},{'R2'},&,4.0,&
{'D7'},{'D3'},{'D6'},{'D4'},{'D5'},{'D1'},{'R3'},{'R1'},{'R2'},{'D2'},&,1.0,&
{'D7'},{'D3'},{'D6'},{'D4'},{'D5'},{'D1'},{'R1'},{'D2'},{'R3'},{'R2'},&,22.0,&
{'D7'},{'D3'},{'D6'},{'D4'},{'D5'},{'D1'},{'R1'},{'D2'},{'R2'},{'R3'},&,25.0,&
{'D7'},{'D3'},{'D6'},{'D4'},{'D5'},{'D1'},{'R1'},{'R3'},{'D2'},{'R2'},&,6.0,&
{'D7'},{'D3'},{'D6'},{'D4'},{'D5'},{'D1'},{'R1'},{'R2'},{'R3'},{'D2'},&,1.0,&
{'D7'},{'D3'},{'D6'},{'D4'},{'D5'},{'D1'},{'R1'},{'R2'},{'D2'},{'R3'},&,8.0,&
{'D7'},{'D3'},{'D6'},{'D4'},{'D5'},{'R2'},{'D2'},{'D1'},{'R3'},{'R1'},&,2.0,&
{'D7'},{'D3'},{'D6'},{'D4'},{'D5'},{'R2'},{'R3'},{'D1'},{'D2'},{'R1'},&,1.0,&
{'D7'},{'D3'},{'D6'},{'D4'},{'D5'},{'R2'},{'D1'},{'D2'},{'R3'},{'R1'},&,11.0,&
{'D7'},{'D3'},{'D6'},{'D4'},{'D5'},{'R2'},{'D1'},{'D2'},{'R1'},{'R3'},&,6.0,&
{'D7'},{'D3'},{'D6'},{'D4'},{'D5'},{'R2'},{'D1'},{'R3'},{'D2'},{'R1'},&,3.0,&
{'D7'},{'D3'},{'D6'},{'D4'},{'D5'},{'D2'},{'R2'},{'R1'},{'D1'},{'R3'},&,2.0,&
{'D7'},{'D3'},{'D6'},{'D4'},{'D5'},{'D2'},{'R2'},{'D1'},{'R3'},{'R1'},&,1.0,&
{'D7'},{'D3'},{'D6'},{'D4'},{'D5'},{'D2'},{'R2'},{'D1'},{'R1'},{'R3'},&,2.0,&
{'D7'},{'D3'},{'D6'},{'D4'},{'D5'},{'D2'},{'R3'},{'R2'},{'D1'},{'R1'},&,1.0,&
{'D7'},{'D3'},{'D6'},{'D4'},{'D5'},{'D2'},{'R3'},{'D1'},{'R1'},{'R2'},&,1.0,&
{'D7'},{'D3'},{'D6'},{'D4'},{'D5'},{'D2'},{'R3'},{'D1'},{'R2'},{'R1'},&,2.0,&
{'D7'},{'D3'},{'D6'},{'D4'},{'D5'},{'D2'},{'R1'},{'D1'},{'R3'},{'R2'},&,1.0,&
{'D7'},{'D3'},{'D6'},{'D4'},{'D5'},{'D2'},{'R1'},{'D1'},{'R2'},{'R3'},&,3.0,&
{'D7'},{'D3'},{'D6'},{'D4'},{'D5'},{'D2'},{'D1'},{'R3'},{'R1'},{'R2'},&,5.0,&
{'D7'},{'D3'},{'D6'},{'D4'},{'D5'},{'D2'},{'D1'},{'R3'},{'R2'},{'R1'},&,7.0,&
{'D7'},{'D3'},{'D6'},{'D4'},{'D5'},{'D2'},{'D1'},{'R2'},{'R3'},{'R1'},&,4.0,&
{'D7'},{'D3'},{'D6'},{'D4'},{'D5'},{'D2'},{'D1'},{'R2'},{'R1'},{'R3'},&,6.0,&
{'D7'},{'D3'},{'D6'},{'D4'},{'D5'},{'D2'},{'D1'},{'R1'},{'R3'},{'R2'},&,4.0,&
{'D7'},{'D3'},{'D6'},{'D4'},{'D5'},{'D2'},{'D1'},{'R1'},{'R2'},{'R3'},&,4.0,&
{'D7'},{'D3'},{'D6'},{'D4'},{'D5'},{'R1'},{'D2'},{'R2'},{'D1'},{'R3'},&,1.0,&
{'D7'},{'D3'},{'D6'},{'D4'},{'D5'},{'R1'},{'D1'},{'D2'},{'R3'},{'R2'},&,4.0,&
{'D7'},{'D3'},{'D6'},{'D4'},{'D5'},{'R1'},{'D1'},{'D2'},{'R2'},{'R3'},&,3.0,&
{'D7'},{'D3'},{'D6'},{'D4'},{'D5'},{'R1'},{'D1'},{'R3'},{'D2'},{'R2'},&,1.0,&
{'D7'},{'D3'},{'D6'},{'D4'},{'D5'},{'R1'},{'D1'},{'R2'},{'R3'},{'D2'},&,1.0,&
{'D7'},{'D3'},{'D6'},{'D4'},{'D5'},{'R1'},{'D1'},{'R2'},{'D2'},{'R3'},&,1.0,&
{'D7'},{'D3'},{'D6'},{'D4'},{'D5'},{'R3'},{'D1'},{'D2'},{'R1'},{'R2'},&,4.0,&
{'D7'},{'D3'},{'D6'},{'D4'},{'D5'},{'R3'},{'D1'},{'D2'},{'R2'},{'R1'},&,9.0,&
{'D7'},{'D3'},{'D6'},{'D4'},{'D5'},{'R3'},{'D1'},{'R2'},{'R1'},{'D2'},&,1.0,&
{'D7'},{'D3'},{'D6'},{'D4'},{'D5'},{'R3'},{'D1'},{'R2'},{'D2'},{'R1'},&,5.0,&
{'D7'},{'D3'},{'D6'},{'D4'},{'D5'},{'R3'},{'D1'},{'R1'},{'D2'},{'R2'},&,1.0,&
{'D7'},{'D3'},{'D6'},{'D4'},{'D2'},{'D5'},{'R2'},{'D1'},{'R3'},{'R1'},&,2.0,&
{'D7'},{'D3'},{'D6'},{'D4'},{'D2'},{'D5'},{'R3'},{'R2'},{'R1'},{'D1'},&,1.0,&
{'D7'},{'D3'},{'D6'},{'D4'},{'D2'},{'D5'},{'R3'},{'R2'},{'D1'},{'R1'},&,1.0,&
{'D7'},{'D3'},{'D6'},{'D4'},{'D2'},{'D5'},{'R3'},{'D1'},{'R1'},{'R2'},&,2.0,&
{'D7'},{'D3'},{'D6'},{'D4'},{'D2'},{'D5'},{'R3'},{'D1'},{'R2'},{'R1'},&,2.0,&
{'D7'},{'D3'},{'D6'},{'D4'},{'D2'},{'D5'},{'R1'},{'R2'},{'R3'},{'D1'},&,1.0,&
{'D7'},{'D3'},{'D6'},{'D4'},{'D2'},{'D5'},{'R1'},{'R2'},{'D1'},{'R3'},&,1.0,&
{'D7'},{'D3'},{'D6'},{'D4'},{'D2'},{'D5'},{'R1'},{'D1'},{'R3'},{'R2'},&,2.0,&
{'D7'},{'D3'},{'D6'},{'D4'},{'D2'},{'D5'},{'D1'},{'R3'},{'R1'},{'R2'},&,2.0,&
{'D7'},{'D3'},{'D6'},{'D4'},{'D2'},{'D5'},{'D1'},{'R3'},{'R2'},{'R1'},&,3.0,&
{'D7'},{'D3'},{'D6'},{'D4'},{'D2'},{'D5'},{'D1'},{'R2'},{'R3'},{'R1'},&,7.0,&
{'D7'},{'D3'},{'D6'},{'D4'},{'D2'},{'D5'},{'D1'},{'R2'},{'R1'},{'R3'},&,11.0,&
{'D7'},{'D3'},{'D6'},{'D4'},{'D2'},{'D5'},{'D1'},{'R1'},{'R3'},{'R2'},&,5.0,&
{'D7'},{'D3'},{'D6'},{'D4'},{'D2'},{'D5'},{'D1'},{'R1'},{'R2'},{'R3'},&,8.0,&
{'D7'},{'D3'},{'D6'},{'D4'},{'D2'},{'D1'},{'R2'},{'R3'},{'D5'},{'R1'},&,2.0,&
{'D7'},{'D3'},{'D6'},{'D4'},{'D2'},{'D1'},{'R2'},{'R1'},{'D5'},{'R3'},&,2.0,&
{'D7'},{'D3'},{'D6'},{'D4'},{'D2'},{'D1'},{'R2'},{'D5'},{'R3'},{'R1'},&,1.0,&
{'D7'},{'D3'},{'D6'},{'D4'},{'D2'},{'D1'},{'R2'},{'D5'},{'R1'},{'R3'},&,1.0,&
{'D7'},{'D3'},{'D6'},{'D4'},{'D2'},{'D1'},{'R3'},{'R1'},{'R2'},{'D5'},&,1.0,&
{'D7'},{'D3'},{'D6'},{'D4'},{'D2'},{'D1'},{'R3'},{'D5'},{'R1'},{'R2'},&,1.0,&
{'D7'},{'D3'},{'D6'},{'D4'},{'D2'},{'D1'},{'R3'},{'D5'},{'R2'},{'R1'},&,1.0,&
{'D7'},{'D3'},{'D6'},{'D4'},{'D2'},{'D1'},{'D5'},{'R3'},{'R1'},{'R2'},&,2.0,&
{'D7'},{'D3'},{'D6'},{'D4'},{'D2'},{'D1'},{'D5'},{'R3'},{'R2'},{'R1'},&,4.0,&
{'D7'},{'D3'},{'D6'},{'D4'},{'D2'},{'D1'},{'D5'},{'R2'},{'R3'},{'R1'},&,12.0,&
{'D7'},{'D3'},{'D6'},{'D4'},{'D2'},{'D1'},{'D5'},{'R2'},{'R1'},{'R3'},&,7.0,&
{'D7'},{'D3'},{'D6'},{'D4'},{'D2'},{'D1'},{'D5'},{'R1'},{'R3'},{'R2'},&,4.0,&
{'D7'},{'D3'},{'D6'},{'D4'},{'D2'},{'D1'},{'D5'},{'R1'},{'R2'},{'R3'},&,4.0,&
{'D7'},{'D3'},{'D6'},{'D4'},{'D2'},{'D1'},{'R1'},{'D5'},{'R3'},{'R2'},&,1.0,&
{'D7'},{'D3'},{'D6'},{'D4'},{'D2'},{'D1'},{'R1'},{'D5'},{'R2'},{'R3'},&,1.0,&
{'D7'},{'D3'},{'D6'},{'D4'},{'D2'},{'R2'},{'R3'},{'D1'},{'D5'},{'R1'},&,1.0,&
{'D7'},{'D3'},{'D6'},{'D4'},{'D2'},{'R2'},{'D1'},{'R1'},{'D5'},{'R3'},&,1.0,&
{'D7'},{'D3'},{'D6'},{'D4'},{'D2'},{'R2'},{'D1'},{'D5'},{'R3'},{'R1'},&,3.0,&
{'D7'},{'D3'},{'D6'},{'D4'},{'D2'},{'R3'},{'D5'},{'D1'},{'R2'},{'R1'},&,1.0,&
{'D7'},{'D3'},{'D6'},{'D4'},{'D2'},{'R3'},{'D1'},{'D5'},{'R2'},{'R1'},&,1.0,&
{'D7'},{'D3'},{'D6'},{'D4'},{'R1'},{'D5'},{'D1'},{'D2'},{'R3'},{'R2'},&,1.0,&
{'D7'},{'D3'},{'D6'},{'D4'},{'R1'},{'D5'},{'D1'},{'D2'},{'R2'},{'R3'},&,1.0,&
{'D7'},{'D3'},{'D6'},{'D4'},{'R1'},{'D5'},{'D1'},{'R3'},{'R2'},{'D2'},&,1.0,&
{'D7'},{'D3'},{'D6'},{'D4'},{'R1'},{'D5'},{'D1'},{'R2'},{'D2'},{'R3'},&,1.0,&
{'D7'},{'D3'},{'D6'},{'D4'},{'R1'},{'D1'},{'R3'},{'D5'},{'D2'},{'R2'},&,1.0,&
{'D7'},{'D3'},{'D6'},{'D4'},{'R1'},{'D1'},{'D5'},{'D2'},{'R3'},{'R2'},&,2.0,&
{'D7'},{'D3'},{'D6'},{'D4'},{'R1'},{'D1'},{'D5'},{'D2'},{'R2'},{'R3'},&,2.0,&
{'D7'},{'D3'},{'D6'},{'D4'},{'R2'},{'D5'},{'D1'},{'D2'},{'R3'},{'R1'},&,2.0,&
{'D7'},{'D3'},{'D6'},{'D4'},{'R2'},{'D5'},{'D1'},{'D2'},{'R1'},{'R3'},&,1.0,&
{'D7'},{'D3'},{'D6'},{'D4'},{'R2'},{'D5'},{'D1'},{'R3'},{'D2'},{'R1'},&,1.0,&
{'D7'},{'D3'},{'D6'},{'D4'},{'R2'},{'D5'},{'D1'},{'R1'},{'D2'},{'R3'},&,1.0,&
{'D7'},{'D3'},{'D6'},{'D4'},{'R2'},{'D1'},{'D5'},{'D2'},{'R3'},{'R1'},&,9.0,&
{'D7'},{'D3'},{'D6'},{'D4'},{'R2'},{'D1'},{'D5'},{'D2'},{'R1'},{'R3'},&,1.0,&
{'D7'},{'D3'},{'D6'},{'D4'},{'R2'},{'D1'},{'D5'},{'R3'},{'D2'},{'R1'},&,2.0,&
{'D7'},{'D3'},{'D6'},{'D4'},{'R2'},{'D1'},{'D5'},{'R1'},{'R3'},{'D2'},&,1.0,&
{'D7'},{'D3'},{'D6'},{'D4'},{'R2'},{'D1'},{'R1'},{'D5'},{'D2'},{'R3'},&,1.0,&
{'D7'},{'D3'},{'D6'},{'D4'},{'R2'},{'D2'},{'D5'},{'R1'},{'R3'},{'D1'},&,1.0,&
{'D7'},{'D3'},{'D6'},{'D4'},{'R3'},{'D5'},{'D1'},{'D2'},{'R1'},{'R2'},&,1.0,&
{'D7'},{'D3'},{'D6'},{'D4'},{'R3'},{'D5'},{'D1'},{'D2'},{'R2'},{'R1'},&,1.0,&
{'D7'},{'D3'},{'D6'},{'D4'},{'R3'},{'D1'},{'D2'},{'R1'},{'D5'},{'R2'},&,1.0,&
{'D7'},{'D3'},{'D6'},{'D4'},{'R3'},{'D1'},{'D5'},{'D2'},{'R1'},{'R2'},&,1.0,&
{'D7'},{'D3'},{'D6'},{'D4'},{'R3'},{'D1'},{'D5'},{'D2'},{'R2'},{'R1'},&,4.0,&
{'D7'},{'D3'},{'D6'},{'D4'},{'R3'},{'D1'},{'D5'},{'R1'},{'D2'},{'R2'},&,2.0,&
{'D7'},{'D3'},{'D6'},{'D2'},{'D1'},{'D5'},{'R2'},{'D4'},{'R1'},{'R3'},&,2.0,&
{'D7'},{'D3'},{'D6'},{'D2'},{'D1'},{'D5'},{'R1'},{'D4'},{'R2'},{'R3'},&,1.0,&
{'D7'},{'D3'},{'D6'},{'D2'},{'D1'},{'D5'},{'D4'},{'R2'},{'R3'},{'R1'},&,2.0,&
{'D7'},{'D3'},{'D6'},{'D2'},{'D1'},{'D5'},{'D4'},{'R2'},{'R1'},{'R3'},&,4.0,&
{'D7'},{'D3'},{'D6'},{'D2'},{'D1'},{'D5'},{'D4'},{'R1'},{'R2'},{'R3'},&,1.0,&
{'D7'},{'D3'},{'D6'},{'D2'},{'D1'},{'D4'},{'R2'},{'R1'},{'D5'},{'R3'},&,1.0,&
{'D7'},{'D3'},{'D6'},{'D2'},{'D1'},{'D4'},{'R2'},{'D5'},{'R1'},{'R3'},&,1.0,&
{'D7'},{'D3'},{'D6'},{'D2'},{'D1'},{'D4'},{'R3'},{'R1'},{'D5'},{'R2'},&,1.0,&
{'D7'},{'D3'},{'D6'},{'D2'},{'D1'},{'D4'},{'R3'},{'D5'},{'R2'},{'R1'},&,1.0,&
{'D7'},{'D3'},{'D6'},{'D2'},{'D1'},{'D4'},{'D5'},{'R3'},{'R1'},{'R2'},&,2.0,&
{'D7'},{'D3'},{'D6'},{'D2'},{'D1'},{'D4'},{'D5'},{'R3'},{'R2'},{'R1'},&,3.0,&
{'D7'},{'D3'},{'D6'},{'D2'},{'D1'},{'D4'},{'D5'},{'R2'},{'R3'},{'R1'},&,5.0,&
{'D7'},{'D3'},{'D6'},{'D2'},{'D1'},{'D4'},{'D5'},{'R2'},{'R1'},{'R3'},&,2.0,&
{'D7'},{'D3'},{'D6'},{'D2'},{'D1'},{'D4'},{'D5'},{'R1'},{'R3'},{'R2'},&,1.0,&
{'D7'},{'D3'},{'D6'},{'D2'},{'D1'},{'D4'},{'D5'},{'R1'},{'R2'},{'R3'},&,2.0,&
{'D7'},{'D3'},{'D6'},{'D2'},{'D1'},{'R1'},{'D4'},{'D5'},{'R2'},{'R3'},&,1.0,&
{'D7'},{'D3'},{'D6'},{'D2'},{'D5'},{'D4'},{'R2'},{'R1'},{'D1'},{'R3'},&,1.0,&
{'D7'},{'D3'},{'D6'},{'D2'},{'D5'},{'D4'},{'R1'},{'R2'},{'D1'},{'R3'},&,1.0,&
{'D7'},{'D3'},{'D6'},{'D2'},{'D5'},{'D4'},{'D1'},{'R3'},{'R2'},{'R1'},&,1.0,&
{'D7'},{'D3'},{'D6'},{'D2'},{'D5'},{'D4'},{'D1'},{'R2'},{'R3'},{'R1'},&,1.0,&
{'D7'},{'D3'},{'D6'},{'D2'},{'D5'},{'D4'},{'D1'},{'R2'},{'R1'},{'R3'},&,1.0,&
{'D7'},{'D3'},{'D6'},{'D2'},{'D5'},{'D4'},{'D1'},{'R1'},{'R3'},{'R2'},&,2.0,&
{'D7'},{'D3'},{'D6'},{'D2'},{'D5'},{'D4'},{'D1'},{'R1'},{'R2'},{'R3'},&,1.0,&
{'D7'},{'D3'},{'D6'},{'D2'},{'D5'},{'D1'},{'R2'},{'D4'},{'R3'},{'R1'},&,2.0,&
{'D7'},{'D3'},{'D6'},{'D2'},{'D5'},{'D1'},{'R1'},{'D4'},{'R3'},{'R2'},&,1.0,&
{'D7'},{'D3'},{'D6'},{'D2'},{'D5'},{'D1'},{'D4'},{'R3'},{'R2'},{'R1'},&,1.0,&
{'D7'},{'D3'},{'D6'},{'D2'},{'D5'},{'D1'},{'D4'},{'R2'},{'R3'},{'R1'},&,3.0,&
{'D7'},{'D3'},{'D6'},{'D2'},{'D5'},{'D1'},{'D4'},{'R2'},{'R1'},{'R3'},&,2.0,&
{'D7'},{'D3'},{'D6'},{'D2'},{'D5'},{'D1'},{'D4'},{'R1'},{'R3'},{'R2'},&,1.0,&
{'D7'},{'D3'},{'D6'},{'D2'},{'D5'},{'R2'},{'R1'},{'D4'},{'R3'},{'D1'},&,1.0,&
{'D7'},{'D3'},{'D6'},{'D2'},{'D5'},{'R3'},{'D1'},{'D4'},{'R2'},{'R1'},&,1.0,&
{'D7'},{'D3'},{'D6'},{'D2'},{'D4'},{'D5'},{'R2'},{'R3'},{'D1'},{'R1'},&,1.0,&
{'D7'},{'D3'},{'D6'},{'D2'},{'D4'},{'D5'},{'R2'},{'D1'},{'R3'},{'R1'},&,1.0,&
{'D7'},{'D3'},{'D6'},{'D2'},{'D4'},{'D5'},{'R2'},{'D1'},{'R1'},{'R3'},&,1.0,&
{'D7'},{'D3'},{'D6'},{'D2'},{'D4'},{'D5'},{'R1'},{'D1'},{'R3'},{'R2'},&,1.0,&
{'D7'},{'D3'},{'D6'},{'D2'},{'D4'},{'D5'},{'R1'},{'D1'},{'R2'},{'R3'},&,1.0,&
{'D7'},{'D3'},{'D6'},{'D2'},{'D4'},{'D5'},{'D1'},{'R3'},{'R2'},{'R1'},&,6.0,&
{'D7'},{'D3'},{'D6'},{'D2'},{'D4'},{'D5'},{'D1'},{'R2'},{'R3'},{'R1'},&,2.0,&
{'D7'},{'D3'},{'D6'},{'D2'},{'D4'},{'D5'},{'D1'},{'R2'},{'R1'},{'R3'},&,4.0,&
{'D7'},{'D3'},{'D6'},{'D2'},{'D4'},{'D5'},{'D1'},{'R1'},{'R3'},{'R2'},&,1.0,&
{'D7'},{'D3'},{'D6'},{'D2'},{'D4'},{'D1'},{'R2'},{'D5'},{'R1'},{'R3'},&,1.0,&
{'D7'},{'D3'},{'D6'},{'D2'},{'D4'},{'D1'},{'R3'},{'D5'},{'R2'},{'R1'},&,2.0,&
{'D7'},{'D3'},{'D6'},{'D2'},{'D4'},{'D1'},{'D5'},{'R3'},{'R1'},{'R2'},&,3.0,&
{'D7'},{'D3'},{'D6'},{'D2'},{'D4'},{'D1'},{'D5'},{'R3'},{'R2'},{'R1'},&,8.0,&
{'D7'},{'D3'},{'D6'},{'D2'},{'D4'},{'D1'},{'D5'},{'R2'},{'R3'},{'R1'},&,3.0,&
{'D7'},{'D3'},{'D6'},{'D2'},{'D4'},{'D1'},{'D5'},{'R2'},{'R1'},{'R3'},&,5.0,&
{'D7'},{'D3'},{'D6'},{'D2'},{'D4'},{'D1'},{'D5'},{'R1'},{'R3'},{'R2'},&,3.0,&
{'D7'},{'D3'},{'D6'},{'D2'},{'D4'},{'D1'},{'R1'},{'R2'},{'D5'},{'R3'},&,1.0,&
{'D7'},{'D3'},{'D6'},{'D2'},{'D4'},{'R1'},{'D1'},{'D5'},{'R2'},{'R3'},&,1.0,&
{'D7'},{'D3'},{'D6'},{'D2'},{'D4'},{'R3'},{'D5'},{'D1'},{'R1'},{'R2'},&,1.0,&
{'D7'},{'D3'},{'D6'},{'D2'},{'D4'},{'R3'},{'D1'},{'R2'},{'D5'},{'R1'},&,1.0,&
{'D7'},{'D3'},{'D6'},{'D2'},{'D4'},{'R3'},{'D1'},{'R1'},{'R2'},{'D5'},&,1.0,&
{'D7'},{'D3'},{'D6'},{'R2'},{'D1'},{'D4'},{'D5'},{'D2'},{'R3'},{'R1'},&,2.0,&
{'D7'},{'D3'},{'D6'},{'R2'},{'D1'},{'D4'},{'D5'},{'D2'},{'R1'},{'R3'},&,3.0,&
{'D7'},{'D3'},{'D6'},{'R2'},{'D1'},{'D4'},{'R1'},{'D5'},{'D2'},{'R3'},&,1.0,&
{'D7'},{'D3'},{'D6'},{'R2'},{'D5'},{'D4'},{'D1'},{'D2'},{'R3'},{'R1'},&,4.0,&
{'D7'},{'D3'},{'D6'},{'R2'},{'D4'},{'D5'},{'D1'},{'D2'},{'R3'},{'R1'},&,2.0,&
{'D7'},{'D3'},{'D6'},{'R2'},{'D4'},{'D1'},{'D5'},{'D2'},{'R3'},{'R1'},&,1.0,&
{'D7'},{'D3'},{'D6'},{'R3'},{'D1'},{'D5'},{'D4'},{'D2'},{'R2'},{'R1'},&,1.0,&
{'D7'},{'D3'},{'D6'},{'R3'},{'D1'},{'D4'},{'D5'},{'D2'},{'R1'},{'R2'},&,1.0,&
{'D7'},{'D3'},{'D6'},{'R3'},{'D1'},{'D4'},{'D5'},{'D2'},{'R2'},{'R1'},&,1.0,&
{'D7'},{'D3'},{'D6'},{'R3'},{'D5'},{'D4'},{'R2'},{'D1'},{'D2'},{'R1'},&,1.0,&
{'D7'},{'D3'},{'D6'},{'R3'},{'D5'},{'D4'},{'D1'},{'R1'},{'D2'},{'R2'},&,1.0,&
{'D7'},{'D3'},{'D6'},{'R3'},{'D5'},{'D1'},{'D4'},{'D2'},{'R2'},{'R1'},&,1.0,&
{'D7'},{'D3'},{'D6'},{'R3'},{'D4'},{'D5'},{'D1'},{'D2'},{'R1'},{'R2'},&,1.0,&
{'D7'},{'D3'},{'D6'},{'R3'},{'D4'},{'D1'},{'D5'},{'D2'},{'R2'},{'R1'},&,2.0,&
{'D7'},{'D3'},{'D6'},{'R1'},{'D1'},{'D5'},{'D4'},{'D2'},{'R2'},{'R3'},&,1.0,&
{'D7'},{'D3'},{'D6'},{'R1'},{'D5'},{'D4'},{'R3'},{'D1'},{'D2'},{'R2'},&,1.0,&
{'D7'},{'D3'},{'D6'},{'R1'},{'D5'},{'D4'},{'D1'},{'R3'},{'D2'},{'R2'},&,1.0,&
{'D7'},{'D3'},{'D6'},{'R1'},{'D4'},{'D5'},{'D1'},{'R2'},{'R3'},{'D2'},&,1.0,&
{'D7'},{'D3'},{'D6'},{'R1'},{'D4'},{'D1'},{'D5'},{'D2'},{'R2'},{'R3'},&,1.0,&
{'D7'},{'D3'},{'D1'},{'D5'},{'D4'},{'D6'},{'D2'},{'R3'},{'R2'},{'R1'},&,1.0,&
{'D7'},{'D3'},{'D1'},{'D5'},{'D4'},{'D6'},{'D2'},{'R2'},{'R3'},{'R1'},&,1.0,&
{'D7'},{'D3'},{'D1'},{'D5'},{'D4'},{'D6'},{'D2'},{'R2'},{'R1'},{'R3'},&,1.0,&
{'D7'},{'D3'},{'D1'},{'D5'},{'D4'},{'D6'},{'D2'},{'R1'},{'R2'},{'R3'},&,1.0,&
{'D7'},{'D3'},{'D1'},{'D5'},{'D4'},{'D6'},{'R3'},{'D2'},{'R1'},{'R2'},&,1.0,&
{'D7'},{'D3'},{'D1'},{'D5'},{'D6'},{'D4'},{'R2'},{'D2'},{'R3'},{'R1'},&,2.0,&
{'D7'},{'D3'},{'D1'},{'D5'},{'D6'},{'D4'},{'R2'},{'D2'},{'R1'},{'R3'},&,1.0,&
{'D7'},{'D3'},{'D1'},{'D5'},{'D6'},{'D4'},{'R2'},{'R3'},{'D2'},{'R1'},&,1.0,&
{'D7'},{'D3'},{'D1'},{'D5'},{'D6'},{'D4'},{'D2'},{'R3'},{'R1'},{'R2'},&,2.0,&
{'D7'},{'D3'},{'D1'},{'D5'},{'D6'},{'D4'},{'D2'},{'R3'},{'R2'},{'R1'},&,2.0,&
{'D7'},{'D3'},{'D1'},{'D5'},{'D6'},{'D4'},{'D2'},{'R2'},{'R3'},{'R1'},&,2.0,&
{'D7'},{'D3'},{'D1'},{'D5'},{'D6'},{'D4'},{'D2'},{'R2'},{'R1'},{'R3'},&,5.0,&
{'D7'},{'D3'},{'D1'},{'D5'},{'D6'},{'D4'},{'D2'},{'R1'},{'R3'},{'R2'},&,1.0,&
{'D7'},{'D3'},{'D1'},{'D5'},{'D6'},{'D4'},{'D2'},{'R1'},{'R2'},{'R3'},&,5.0,&
{'D7'},{'D3'},{'D1'},{'D5'},{'D6'},{'D4'},{'R3'},{'R2'},{'D2'},{'R1'},&,1.0,&
{'D7'},{'D3'},{'D1'},{'D5'},{'D6'},{'D4'},{'R1'},{'D2'},{'R2'},{'R3'},&,1.0,&
{'D7'},{'D3'},{'D1'},{'D5'},{'D6'},{'D4'},{'R1'},{'R2'},{'D2'},{'R3'},&,1.0,&
{'D7'},{'D3'},{'D1'},{'D5'},{'D6'},{'R2'},{'D4'},{'D2'},{'R3'},{'R1'},&,1.0,&
{'D7'},{'D3'},{'D1'},{'D5'},{'D6'},{'R2'},{'D4'},{'R3'},{'D2'},{'R1'},&,1.0,&
{'D7'},{'D3'},{'D1'},{'D5'},{'D6'},{'R3'},{'D4'},{'R2'},{'D2'},{'R1'},&,1.0,&
{'D7'},{'D3'},{'D1'},{'D4'},{'D5'},{'D6'},{'D2'},{'R2'},{'R3'},{'R1'},&,1.0,&
{'D7'},{'D3'},{'D1'},{'D4'},{'D5'},{'D6'},{'D2'},{'R2'},{'R1'},{'R3'},&,1.0,&
{'D7'},{'D3'},{'D1'},{'D4'},{'D5'},{'D6'},{'D2'},{'R1'},{'R3'},{'R2'},&,1.0,&
{'D7'},{'D3'},{'D1'},{'D4'},{'D5'},{'D6'},{'D2'},{'R1'},{'R2'},{'R3'},&,1.0,&
{'D7'},{'D3'},{'D1'},{'D4'},{'D6'},{'D5'},{'R2'},{'D2'},{'R3'},{'R1'},&,3.0,&
{'D7'},{'D3'},{'D1'},{'D4'},{'D6'},{'D5'},{'R2'},{'D2'},{'R1'},{'R3'},&,2.0,&
{'D7'},{'D3'},{'D1'},{'D4'},{'D6'},{'D5'},{'R2'},{'R3'},{'D2'},{'R1'},&,2.0,&
{'D7'},{'D3'},{'D1'},{'D4'},{'D6'},{'D5'},{'R2'},{'R1'},{'D2'},{'R3'},&,2.0,&
{'D7'},{'D3'},{'D1'},{'D4'},{'D6'},{'D5'},{'D2'},{'R3'},{'R1'},{'R2'},&,11.0,&
{'D7'},{'D3'},{'D1'},{'D4'},{'D6'},{'D5'},{'D2'},{'R3'},{'R2'},{'R1'},&,11.0,&
{'D7'},{'D3'},{'D1'},{'D4'},{'D6'},{'D5'},{'D2'},{'R2'},{'R3'},{'R1'},&,21.0,&
{'D7'},{'D3'},{'D1'},{'D4'},{'D6'},{'D5'},{'D2'},{'R2'},{'R1'},{'R3'},&,17.0,&
{'D7'},{'D3'},{'D1'},{'D4'},{'D6'},{'D5'},{'D2'},{'R1'},{'R3'},{'R2'},&,7.0,&
{'D7'},{'D3'},{'D1'},{'D4'},{'D6'},{'D5'},{'D2'},{'R1'},{'R2'},{'R3'},&,15.0,&
{'D7'},{'D3'},{'D1'},{'D4'},{'D6'},{'D5'},{'R3'},{'D2'},{'R1'},{'R2'},&,4.0,&
{'D7'},{'D3'},{'D1'},{'D4'},{'D6'},{'D5'},{'R3'},{'D2'},{'R2'},{'R1'},&,6.0,&
{'D7'},{'D3'},{'D1'},{'D4'},{'D6'},{'D5'},{'R3'},{'R2'},{'D2'},{'R1'},&,1.0,&
{'D7'},{'D3'},{'D1'},{'D4'},{'D6'},{'D5'},{'R1'},{'D2'},{'R3'},{'R2'},&,5.0,&
{'D7'},{'D3'},{'D1'},{'D4'},{'D6'},{'D5'},{'R1'},{'D2'},{'R2'},{'R3'},&,1.0,&
{'D7'},{'D3'},{'D1'},{'D4'},{'D6'},{'D5'},{'R1'},{'R3'},{'D2'},{'R2'},&,1.0,&
{'D7'},{'D3'},{'D1'},{'D4'},{'D6'},{'R2'},{'R3'},{'D5'},{'D2'},{'R1'},&,1.0,&
{'D7'},{'D3'},{'D1'},{'D4'},{'D6'},{'R2'},{'D5'},{'D2'},{'R1'},{'R3'},&,3.0,&
{'D7'},{'D3'},{'D1'},{'D4'},{'D6'},{'D2'},{'R2'},{'R1'},{'R3'},{'D5'},&,1.0,&
{'D7'},{'D3'},{'D1'},{'D4'},{'D6'},{'D2'},{'D5'},{'R3'},{'R2'},{'R1'},&,1.0,&
{'D7'},{'D3'},{'D1'},{'D4'},{'D6'},{'D2'},{'D5'},{'R2'},{'R1'},{'R3'},&,2.0,&
{'D7'},{'D3'},{'D1'},{'D4'},{'D6'},{'D2'},{'D5'},{'R1'},{'R3'},{'R2'},&,1.0,&
{'D7'},{'D3'},{'D1'},{'D4'},{'D6'},{'R1'},{'D5'},{'D2'},{'R3'},{'R2'},&,1.0,&
{'D7'},{'D3'},{'D1'},{'D4'},{'D6'},{'R1'},{'D5'},{'D2'},{'R2'},{'R3'},&,1.0,&
{'D7'},{'D3'},{'D1'},{'D4'},{'D6'},{'R3'},{'D5'},{'D2'},{'R1'},{'R2'},&,1.0,&
{'D7'},{'D3'},{'D1'},{'D4'},{'D6'},{'R3'},{'D5'},{'R1'},{'D2'},{'R2'},&,1.0,&
{'D7'},{'D3'},{'D1'},{'D6'},{'D5'},{'D4'},{'R2'},{'D2'},{'R3'},{'R1'},&,10.0,&
{'D7'},{'D3'},{'D1'},{'D6'},{'D5'},{'D4'},{'R2'},{'D2'},{'R1'},{'R3'},&,3.0,&
{'D7'},{'D3'},{'D1'},{'D6'},{'D5'},{'D4'},{'R2'},{'R3'},{'D2'},{'R1'},&,2.0,&
{'D7'},{'D3'},{'D1'},{'D6'},{'D5'},{'D4'},{'R2'},{'R1'},{'R3'},{'D2'},&,2.0,&
{'D7'},{'D3'},{'D1'},{'D6'},{'D5'},{'D4'},{'D2'},{'R3'},{'R1'},{'R2'},&,12.0,&
{'D7'},{'D3'},{'D1'},{'D6'},{'D5'},{'D4'},{'D2'},{'R3'},{'R2'},{'R1'},&,21.0,&
{'D7'},{'D3'},{'D1'},{'D6'},{'D5'},{'D4'},{'D2'},{'R2'},{'R3'},{'R1'},&,27.0,&
{'D7'},{'D3'},{'D1'},{'D6'},{'D5'},{'D4'},{'D2'},{'R2'},{'R1'},{'R3'},&,24.0,&
{'D7'},{'D3'},{'D1'},{'D6'},{'D5'},{'D4'},{'D2'},{'R1'},{'R3'},{'R2'},&,12.0,&
{'D7'},{'D3'},{'D1'},{'D6'},{'D5'},{'D4'},{'D2'},{'R1'},{'R2'},{'R3'},&,19.0,&
{'D7'},{'D3'},{'D1'},{'D6'},{'D5'},{'D4'},{'R3'},{'D2'},{'R1'},{'R2'},&,4.0,&
{'D7'},{'D3'},{'D1'},{'D6'},{'D5'},{'D4'},{'R3'},{'D2'},{'R2'},{'R1'},&,1.0,&
{'D7'},{'D3'},{'D1'},{'D6'},{'D5'},{'D4'},{'R3'},{'R1'},{'D2'},{'R2'},&,1.0,&
{'D7'},{'D3'},{'D1'},{'D6'},{'D5'},{'D4'},{'R1'},{'D2'},{'R3'},{'R2'},&,2.0,&
{'D7'},{'D3'},{'D1'},{'D6'},{'D5'},{'D4'},{'R1'},{'D2'},{'R2'},{'R3'},&,7.0,&
{'D7'},{'D3'},{'D1'},{'D6'},{'D5'},{'R2'},{'D4'},{'D2'},{'R3'},{'R1'},&,1.0,&
{'D7'},{'D3'},{'D1'},{'D6'},{'D5'},{'R2'},{'D4'},{'R3'},{'D2'},{'R1'},&,1.0,&
{'D7'},{'D3'},{'D1'},{'D6'},{'D5'},{'R2'},{'D4'},{'R1'},{'R3'},{'D2'},&,1.0,&
{'D7'},{'D3'},{'D1'},{'D6'},{'D5'},{'R2'},{'D4'},{'R1'},{'D2'},{'R3'},&,2.0,&
{'D7'},{'D3'},{'D1'},{'D6'},{'D5'},{'D2'},{'D4'},{'R2'},{'R3'},{'R1'},&,2.0,&
{'D7'},{'D3'},{'D1'},{'D6'},{'D5'},{'D2'},{'D4'},{'R2'},{'R1'},{'R3'},&,1.0,&
{'D7'},{'D3'},{'D1'},{'D6'},{'D5'},{'D2'},{'D4'},{'R1'},{'R3'},{'R2'},&,1.0,&
{'D7'},{'D3'},{'D1'},{'D6'},{'D5'},{'R1'},{'D2'},{'D4'},{'R2'},{'R3'},&,1.0,&
{'D7'},{'D3'},{'D1'},{'D6'},{'D5'},{'R1'},{'D4'},{'D2'},{'R3'},{'R2'},&,1.0,&
{'D7'},{'D3'},{'D1'},{'D6'},{'D5'},{'R1'},{'D4'},{'R2'},{'D2'},{'R3'},&,1.0,&
{'D7'},{'D3'},{'D1'},{'D6'},{'D5'},{'R3'},{'D4'},{'D2'},{'R2'},{'R1'},&,2.0,&
{'D7'},{'D3'},{'D1'},{'D6'},{'D4'},{'D5'},{'R2'},{'D2'},{'R3'},{'R1'},&,21.0,&
{'D7'},{'D3'},{'D1'},{'D6'},{'D4'},{'D5'},{'R2'},{'D2'},{'R1'},{'R3'},&,12.0,&
{'D7'},{'D3'},{'D1'},{'D6'},{'D4'},{'D5'},{'R2'},{'R3'},{'D2'},{'R1'},&,5.0,&
{'D7'},{'D3'},{'D1'},{'D6'},{'D4'},{'D5'},{'R2'},{'R1'},{'D2'},{'R3'},&,4.0,&
{'D7'},{'D3'},{'D1'},{'D6'},{'D4'},{'D5'},{'D2'},{'R3'},{'R1'},{'R2'},&,37.0,&
{'D7'},{'D3'},{'D1'},{'D6'},{'D4'},{'D5'},{'D2'},{'R3'},{'R2'},{'R1'},&,61.0,&
{'D7'},{'D3'},{'D1'},{'D6'},{'D4'},{'D5'},{'D2'},{'R2'},{'R3'},{'R1'},&,67.0,&
{'D7'},{'D3'},{'D1'},{'D6'},{'D4'},{'D5'},{'D2'},{'R2'},{'R1'},{'R3'},&,64.0,&
{'D7'},{'D3'},{'D1'},{'D6'},{'D4'},{'D5'},{'D2'},{'R1'},{'R3'},{'R2'},&,35.0,&
{'D7'},{'D3'},{'D1'},{'D6'},{'D4'},{'D5'},{'D2'},{'R1'},{'R2'},{'R3'},&,47.0,&
{'D7'},{'D3'},{'D1'},{'D6'},{'D4'},{'D5'},{'R3'},{'D2'},{'R1'},{'R2'},&,5.0,&
{'D7'},{'D3'},{'D1'},{'D6'},{'D4'},{'D5'},{'R3'},{'D2'},{'R2'},{'R1'},&,7.0,&
{'D7'},{'D3'},{'D1'},{'D6'},{'D4'},{'D5'},{'R3'},{'R2'},{'D2'},{'R1'},&,1.0,&
{'D7'},{'D3'},{'D1'},{'D6'},{'D4'},{'D5'},{'R3'},{'R1'},{'D2'},{'R2'},&,1.0,&
{'D7'},{'D3'},{'D1'},{'D6'},{'D4'},{'D5'},{'R3'},{'R1'},{'R2'},{'D2'},&,1.0,&
{'D7'},{'D3'},{'D1'},{'D6'},{'D4'},{'D5'},{'R1'},{'D2'},{'R3'},{'R2'},&,12.0,&
{'D7'},{'D3'},{'D1'},{'D6'},{'D4'},{'D5'},{'R1'},{'D2'},{'R2'},{'R3'},&,10.0,&
{'D7'},{'D3'},{'D1'},{'D6'},{'D4'},{'D5'},{'R1'},{'R3'},{'D2'},{'R2'},&,3.0,&
{'D7'},{'D3'},{'D1'},{'D6'},{'D4'},{'D5'},{'R1'},{'R2'},{'D2'},{'R3'},&,3.0,&
{'D7'},{'D3'},{'D1'},{'D6'},{'D4'},{'R2'},{'D5'},{'D2'},{'R3'},{'R1'},&,5.0,&
{'D7'},{'D3'},{'D1'},{'D6'},{'D4'},{'R2'},{'D5'},{'D2'},{'R1'},{'R3'},&,3.0,&
{'D7'},{'D3'},{'D1'},{'D6'},{'D4'},{'R2'},{'D5'},{'R3'},{'R1'},{'D2'},&,1.0,&
{'D7'},{'D3'},{'D1'},{'D6'},{'D4'},{'R2'},{'D5'},{'R3'},{'D2'},{'R1'},&,1.0,&
{'D7'},{'D3'},{'D1'},{'D6'},{'D4'},{'R2'},{'D5'},{'R1'},{'D2'},{'R3'},&,3.0,&
{'D7'},{'D3'},{'D1'},{'D6'},{'D4'},{'R2'},{'R1'},{'D5'},{'D2'},{'R3'},&,1.0,&
{'D7'},{'D3'},{'D1'},{'D6'},{'D4'},{'D2'},{'R2'},{'R3'},{'D5'},{'R1'},&,1.0,&
{'D7'},{'D3'},{'D1'},{'D6'},{'D4'},{'D2'},{'R2'},{'R1'},{'R3'},{'D5'},&,1.0,&
{'D7'},{'D3'},{'D1'},{'D6'},{'D4'},{'D2'},{'R2'},{'R1'},{'D5'},{'R3'},&,2.0,&
{'D7'},{'D3'},{'D1'},{'D6'},{'D4'},{'D2'},{'R3'},{'D5'},{'R1'},{'R2'},&,1.0,&
{'D7'},{'D3'},{'D1'},{'D6'},{'D4'},{'D2'},{'R3'},{'D5'},{'R2'},{'R1'},&,2.0,&
{'D7'},{'D3'},{'D1'},{'D6'},{'D4'},{'D2'},{'D5'},{'R3'},{'R1'},{'R2'},&,3.0,&
{'D7'},{'D3'},{'D1'},{'D6'},{'D4'},{'D2'},{'D5'},{'R3'},{'R2'},{'R1'},&,3.0,&
{'D7'},{'D3'},{'D1'},{'D6'},{'D4'},{'D2'},{'D5'},{'R2'},{'R3'},{'R1'},&,8.0,&
{'D7'},{'D3'},{'D1'},{'D6'},{'D4'},{'D2'},{'D5'},{'R2'},{'R1'},{'R3'},&,9.0,&
{'D7'},{'D3'},{'D1'},{'D6'},{'D4'},{'D2'},{'D5'},{'R1'},{'R3'},{'R2'},&,3.0,&
{'D7'},{'D3'},{'D1'},{'D6'},{'D4'},{'D2'},{'D5'},{'R1'},{'R2'},{'R3'},&,3.0,&
{'D7'},{'D3'},{'D1'},{'D6'},{'D4'},{'R1'},{'D2'},{'D5'},{'R2'},{'R3'},&,1.0,&
{'D7'},{'D3'},{'D1'},{'D6'},{'D4'},{'R1'},{'D5'},{'D2'},{'R3'},{'R2'},&,3.0,&
{'D7'},{'D3'},{'D1'},{'D6'},{'D4'},{'R1'},{'D5'},{'D2'},{'R2'},{'R3'},&,3.0,&
{'D7'},{'D3'},{'D1'},{'D6'},{'D4'},{'R3'},{'D2'},{'R1'},{'R2'},{'D5'},&,1.0,&
{'D7'},{'D3'},{'D1'},{'D6'},{'D4'},{'R3'},{'D2'},{'R1'},{'D5'},{'R2'},&,1.0,&
{'D7'},{'D3'},{'D1'},{'D6'},{'D4'},{'R3'},{'D2'},{'D5'},{'R1'},{'R2'},&,1.0,&
{'D7'},{'D3'},{'D1'},{'D6'},{'D4'},{'R3'},{'D2'},{'D5'},{'R2'},{'R1'},&,1.0,&
{'D7'},{'D3'},{'D1'},{'D6'},{'D4'},{'R3'},{'D5'},{'D2'},{'R1'},{'R2'},&,4.0,&
{'D7'},{'D3'},{'D1'},{'D6'},{'D4'},{'R3'},{'D5'},{'D2'},{'R2'},{'R1'},&,3.0,&
{'D7'},{'D3'},{'D1'},{'D6'},{'D4'},{'R3'},{'D5'},{'R2'},{'D2'},{'R1'},&,1.0,&
{'D7'},{'D3'},{'D1'},{'D6'},{'D4'},{'R3'},{'D5'},{'R1'},{'D2'},{'R2'},&,1.0,&
{'D7'},{'D3'},{'D1'},{'D6'},{'D2'},{'D5'},{'D4'},{'R2'},{'R3'},{'R1'},&,2.0,&
{'D7'},{'D3'},{'D1'},{'D6'},{'D2'},{'D4'},{'R2'},{'R1'},{'D5'},{'R3'},&,1.0,&
{'D7'},{'D3'},{'D1'},{'D6'},{'D2'},{'D4'},{'R2'},{'D5'},{'R3'},{'R1'},&,1.0,&
{'D7'},{'D3'},{'D1'},{'D6'},{'D2'},{'D4'},{'R2'},{'D5'},{'R1'},{'R3'},&,1.0,&
{'D7'},{'D3'},{'D1'},{'D6'},{'D2'},{'D4'},{'D5'},{'R2'},{'R3'},{'R1'},&,3.0,&
{'D7'},{'D3'},{'D1'},{'D6'},{'D2'},{'D4'},{'D5'},{'R1'},{'R3'},{'R2'},&,1.0,&
{'D7'},{'D3'},{'D1'},{'D6'},{'D2'},{'D4'},{'D5'},{'R1'},{'R2'},{'R3'},&,1.0,&
{'D7'},{'D3'},{'D1'},{'D6'},{'D2'},{'R3'},{'D5'},{'D4'},{'R2'},{'R1'},&,1.0,&
{'D7'},{'D3'},{'D1'},{'D6'},{'R1'},{'D5'},{'D4'},{'D2'},{'R3'},{'R2'},&,1.0,&
{'D7'},{'D3'},{'D1'},{'D6'},{'R1'},{'D2'},{'D5'},{'R2'},{'D4'},{'R3'},&,1.0,&
{'D7'},{'D3'},{'D1'},{'D6'},{'R2'},{'D5'},{'D4'},{'D2'},{'R3'},{'R1'},&,1.0,&
{'D7'},{'D3'},{'D1'},{'D6'},{'R2'},{'D4'},{'D5'},{'D2'},{'R3'},{'R1'},&,1.0,&
{'D7'},{'D3'},{'D1'},{'D6'},{'R2'},{'D4'},{'D5'},{'D2'},{'R1'},{'R3'},&,2.0,&
{'D7'},{'D3'},{'D1'},{'D6'},{'R3'},{'D5'},{'D4'},{'D2'},{'R1'},{'R2'},&,1.0,&
{'D7'},{'D3'},{'D1'},{'D6'},{'R3'},{'D5'},{'D4'},{'D2'},{'R2'},{'R1'},&,1.0,&
{'D7'},{'D3'},{'D1'},{'D6'},{'R3'},{'D4'},{'D5'},{'D2'},{'R1'},{'R2'},&,2.0,&
{'D7'},{'D3'},{'D1'},{'D2'},{'D6'},{'D5'},{'D4'},{'R2'},{'R3'},{'R1'},&,1.0,&
{'D7'},{'D3'},{'D1'},{'D2'},{'D6'},{'D4'},{'D5'},{'R2'},{'R1'},{'R3'},&,2.0,&
{'D7'},{'D3'},{'D1'},{'D2'},{'D6'},{'R1'},{'D4'},{'D5'},{'R2'},{'R3'},&,1.0,&
{'D7'},{'D3'},{'D1'},{'R2'},{'D6'},{'D4'},{'D5'},{'D2'},{'R3'},{'R1'},&,1.0,&
{'D7'},{'D3'},{'D2'},{'D1'},{'D6'},{'D5'},{'R2'},{'R3'},{'D4'},{'R1'},&,1.0,&
{'D7'},{'D3'},{'D2'},{'D5'},{'D6'},{'D4'},{'R2'},{'D1'},{'R1'},{'R3'},&,1.0,&
{'D7'},{'D3'},{'D2'},{'D5'},{'D6'},{'D4'},{'R3'},{'D1'},{'R2'},{'R1'},&,1.0,&
{'D7'},{'D3'},{'D2'},{'D5'},{'D6'},{'D4'},{'D1'},{'R2'},{'R3'},{'R1'},&,1.0,&
{'D7'},{'D3'},{'D2'},{'D4'},{'D6'},{'D1'},{'D5'},{'R3'},{'R1'},{'R2'},&,1.0,&
{'D7'},{'D3'},{'D2'},{'D4'},{'D6'},{'D1'},{'D5'},{'R2'},{'R3'},{'R1'},&,1.0,&
{'D7'},{'D3'},{'D2'},{'D4'},{'D6'},{'D1'},{'D5'},{'R2'},{'R1'},{'R3'},&,1.0,&
{'D7'},{'D3'},{'D2'},{'D4'},{'D6'},{'R2'},{'D5'},{'D1'},{'R3'},{'R1'},&,1.0,&
{'D7'},{'D3'},{'D2'},{'D4'},{'R3'},{'D6'},{'D1'},{'D5'},{'R2'},{'R1'},&,1.0,&
{'D7'},{'D3'},{'D2'},{'D6'},{'D1'},{'D5'},{'D4'},{'R2'},{'R1'},{'R3'},&,1.0,&
{'D7'},{'D3'},{'D2'},{'D6'},{'D1'},{'D5'},{'D4'},{'R1'},{'R3'},{'R2'},&,1.0,&
{'D7'},{'D3'},{'D2'},{'D6'},{'D1'},{'D4'},{'R2'},{'D5'},{'R3'},{'R1'},&,1.0,&
{'D7'},{'D3'},{'D2'},{'D6'},{'D1'},{'D4'},{'R3'},{'D5'},{'R1'},{'R2'},&,1.0,&
{'D7'},{'D3'},{'D2'},{'D6'},{'D1'},{'D4'},{'D5'},{'R3'},{'R2'},{'R1'},&,2.0,&
{'D7'},{'D3'},{'D2'},{'D6'},{'D1'},{'D4'},{'D5'},{'R2'},{'R3'},{'R1'},&,1.0,&
{'D7'},{'D3'},{'D2'},{'D6'},{'D1'},{'D4'},{'D5'},{'R1'},{'R3'},{'R2'},&,1.0,&
{'D7'},{'D3'},{'D2'},{'D6'},{'D1'},{'R3'},{'D4'},{'R2'},{'R1'},{'D5'},&,1.0,&
{'D7'},{'D3'},{'D2'},{'D6'},{'D5'},{'D4'},{'R3'},{'R1'},{'D1'},{'R2'},&,1.0,&
{'D7'},{'D3'},{'D2'},{'D6'},{'D5'},{'D4'},{'D1'},{'R2'},{'R1'},{'R3'},&,1.0,&
{'D7'},{'D3'},{'D2'},{'D6'},{'D5'},{'D1'},{'R3'},{'D4'},{'R1'},{'R2'},&,1.0,&
{'D7'},{'D3'},{'D2'},{'D6'},{'D4'},{'D5'},{'R2'},{'R3'},{'D1'},{'R1'},&,1.0,&
{'D7'},{'D3'},{'D2'},{'D6'},{'D4'},{'D5'},{'D1'},{'R3'},{'R2'},{'R1'},&,1.0,&
{'D7'},{'D3'},{'D2'},{'D6'},{'D4'},{'D5'},{'D1'},{'R2'},{'R3'},{'R1'},&,1.0,&
{'D7'},{'D3'},{'D2'},{'D6'},{'D4'},{'D1'},{'R3'},{'D5'},{'R2'},{'R1'},&,2.0,&
{'D7'},{'D3'},{'D2'},{'D6'},{'D4'},{'D1'},{'D5'},{'R3'},{'R1'},{'R2'},&,1.0,&
{'D7'},{'D3'},{'D2'},{'D6'},{'D4'},{'D1'},{'D5'},{'R3'},{'R2'},{'R1'},&,2.0,&
{'D7'},{'D3'},{'D2'},{'D6'},{'D4'},{'D1'},{'D5'},{'R2'},{'R3'},{'R1'},&,1.0,&
{'D7'},{'D3'},{'D2'},{'D6'},{'D4'},{'D1'},{'D5'},{'R2'},{'R1'},{'R3'},&,2.0,&
{'D7'},{'D3'},{'D2'},{'D6'},{'D4'},{'D1'},{'D5'},{'R1'},{'R2'},{'R3'},&,1.0,&
{'D7'},{'D3'},{'D2'},{'D6'},{'D4'},{'D1'},{'R1'},{'R2'},{'D5'},{'R3'},&,1.0,&
{'D7'},{'D3'},{'D2'},{'D6'},{'D4'},{'D1'},{'R1'},{'D5'},{'R2'},{'R3'},&,1.0,&
{'D7'},{'D3'},{'R3'},{'D6'},{'D1'},{'D5'},{'D4'},{'R2'},{'R1'},{'D2'},&,1.0,&
{'D7'},{'D3'},{'R1'},{'D6'},{'D1'},{'D4'},{'D5'},{'D2'},{'R2'},{'R3'},&,1.0,&
{'D7'},{'D3'},{'R2'},{'D1'},{'D6'},{'D5'},{'D4'},{'D2'},{'R3'},{'R1'},&,1.0,&
{'D7'},{'D3'},{'R2'},{'D4'},{'D6'},{'D5'},{'D2'},{'R3'},{'D1'},{'R1'},&,1.0,&
{'D7'},{'D3'},{'R2'},{'D6'},{'D1'},{'D4'},{'D5'},{'D2'},{'R1'},{'R3'},&,1.0,&
{'D7'},{'D3'},{'R2'},{'D6'},{'D4'},{'D5'},{'D2'},{'D1'},{'R3'},{'R1'},&,1.0,&
{'D7'},{'D3'},{'R2'},{'D6'},{'D4'},{'D2'},{'D1'},{'D5'},{'R3'},{'R1'},&,1.0,&
{'D7'},{'D6'},{'D4'},{'D1'},{'D3'},{'D5'},{'R2'},{'D2'},{'R3'},{'R1'},&,20.0,&
{'D7'},{'D6'},{'D4'},{'D1'},{'D3'},{'D5'},{'R2'},{'D2'},{'R1'},{'R3'},&,20.0,&
{'D7'},{'D6'},{'D4'},{'D1'},{'D3'},{'D5'},{'R2'},{'R3'},{'R1'},{'D2'},&,2.0,&
{'D7'},{'D6'},{'D4'},{'D1'},{'D3'},{'D5'},{'R2'},{'R3'},{'D2'},{'R1'},&,7.0,&
{'D7'},{'D6'},{'D4'},{'D1'},{'D3'},{'D5'},{'R2'},{'R1'},{'R3'},{'D2'},&,1.0,&
{'D7'},{'D6'},{'D4'},{'D1'},{'D3'},{'D5'},{'R2'},{'R1'},{'D2'},{'R3'},&,4.0,&
{'D7'},{'D6'},{'D4'},{'D1'},{'D3'},{'D5'},{'D2'},{'R3'},{'R1'},{'R2'},&,53.0,&
{'D7'},{'D6'},{'D4'},{'D1'},{'D3'},{'D5'},{'D2'},{'R3'},{'R2'},{'R1'},&,90.0,&
{'D7'},{'D6'},{'D4'},{'D1'},{'D3'},{'D5'},{'D2'},{'R2'},{'R3'},{'R1'},&,119.0,&
{'D7'},{'D6'},{'D4'},{'D1'},{'D3'},{'D5'},{'D2'},{'R2'},{'R1'},{'R3'},&,117.0,&
{'D7'},{'D6'},{'D4'},{'D1'},{'D3'},{'D5'},{'D2'},{'R1'},{'R3'},{'R2'},&,49.0,&
{'D7'},{'D6'},{'D4'},{'D1'},{'D3'},{'D5'},{'D2'},{'R1'},{'R2'},{'R3'},&,65.0,&
{'D7'},{'D6'},{'D4'},{'D1'},{'D3'},{'D5'},{'R3'},{'D2'},{'R1'},{'R2'},&,12.0,&
{'D7'},{'D6'},{'D4'},{'D1'},{'D3'},{'D5'},{'R3'},{'D2'},{'R2'},{'R1'},&,28.0,&
{'D7'},{'D6'},{'D4'},{'D1'},{'D3'},{'D5'},{'R3'},{'R2'},{'D2'},{'R1'},&,8.0,&
{'D7'},{'D6'},{'D4'},{'D1'},{'D3'},{'D5'},{'R3'},{'R1'},{'D2'},{'R2'},&,1.0,&
{'D7'},{'D6'},{'D4'},{'D1'},{'D3'},{'D5'},{'R1'},{'D2'},{'R3'},{'R2'},&,10.0,&
{'D7'},{'D6'},{'D4'},{'D1'},{'D3'},{'D5'},{'R1'},{'D2'},{'R2'},{'R3'},&,18.0,&
{'D7'},{'D6'},{'D4'},{'D1'},{'D3'},{'D5'},{'R1'},{'R3'},{'D2'},{'R2'},&,1.0,&
{'D7'},{'D6'},{'D4'},{'D1'},{'D3'},{'D5'},{'R1'},{'R2'},{'R3'},{'D2'},&,2.0,&
{'D7'},{'D6'},{'D4'},{'D1'},{'D3'},{'D5'},{'R1'},{'R2'},{'D2'},{'R3'},&,7.0,&
{'D7'},{'D6'},{'D4'},{'D1'},{'D3'},{'R2'},{'D2'},{'D5'},{'R3'},{'R1'},&,1.0,&
{'D7'},{'D6'},{'D4'},{'D1'},{'D3'},{'R2'},{'D2'},{'D5'},{'R1'},{'R3'},&,2.0,&
{'D7'},{'D6'},{'D4'},{'D1'},{'D3'},{'R2'},{'R3'},{'D5'},{'R1'},{'D2'},&,1.0,&
{'D7'},{'D6'},{'D4'},{'D1'},{'D3'},{'R2'},{'D5'},{'D2'},{'R3'},{'R1'},&,11.0,&
{'D7'},{'D6'},{'D4'},{'D1'},{'D3'},{'R2'},{'D5'},{'D2'},{'R1'},{'R3'},&,8.0,&
{'D7'},{'D6'},{'D4'},{'D1'},{'D3'},{'R2'},{'D5'},{'R3'},{'D2'},{'R1'},&,1.0,&
{'D7'},{'D6'},{'D4'},{'D1'},{'D3'},{'R2'},{'D5'},{'R1'},{'D2'},{'R3'},&,1.0,&
{'D7'},{'D6'},{'D4'},{'D1'},{'D3'},{'D2'},{'R2'},{'D5'},{'R3'},{'R1'},&,3.0,&
{'D7'},{'D6'},{'D4'},{'D1'},{'D3'},{'D2'},{'R2'},{'D5'},{'R1'},{'R3'},&,3.0,&
{'D7'},{'D6'},{'D4'},{'D1'},{'D3'},{'D2'},{'R3'},{'D5'},{'R1'},{'R2'},&,2.0,&
{'D7'},{'D6'},{'D4'},{'D1'},{'D3'},{'D2'},{'R3'},{'D5'},{'R2'},{'R1'},&,3.0,&
{'D7'},{'D6'},{'D4'},{'D1'},{'D3'},{'D2'},{'D5'},{'R3'},{'R1'},{'R2'},&,3.0,&
{'D7'},{'D6'},{'D4'},{'D1'},{'D3'},{'D2'},{'D5'},{'R3'},{'R2'},{'R1'},&,13.0,&
{'D7'},{'D6'},{'D4'},{'D1'},{'D3'},{'D2'},{'D5'},{'R2'},{'R3'},{'R1'},&,17.0,&
{'D7'},{'D6'},{'D4'},{'D1'},{'D3'},{'D2'},{'D5'},{'R2'},{'R1'},{'R3'},&,5.0,&
{'D7'},{'D6'},{'D4'},{'D1'},{'D3'},{'D2'},{'D5'},{'R1'},{'R3'},{'R2'},&,8.0,&
{'D7'},{'D6'},{'D4'},{'D1'},{'D3'},{'D2'},{'D5'},{'R1'},{'R2'},{'R3'},&,8.0,&
{'D7'},{'D6'},{'D4'},{'D1'},{'D3'},{'D2'},{'R1'},{'D5'},{'R2'},{'R3'},&,2.0,&
{'D7'},{'D6'},{'D4'},{'D1'},{'D3'},{'R1'},{'R2'},{'D5'},{'R3'},{'D2'},&,1.0,&
{'D7'},{'D6'},{'D4'},{'D1'},{'D3'},{'R1'},{'D5'},{'D2'},{'R3'},{'R2'},&,8.0,&
{'D7'},{'D6'},{'D4'},{'D1'},{'D3'},{'R1'},{'D5'},{'D2'},{'R2'},{'R3'},&,3.0,&
{'D7'},{'D6'},{'D4'},{'D1'},{'D3'},{'R1'},{'D5'},{'R3'},{'D2'},{'R2'},&,3.0,&
{'D7'},{'D6'},{'D4'},{'D1'},{'D3'},{'R3'},{'R2'},{'D5'},{'D2'},{'R1'},&,1.0,&
{'D7'},{'D6'},{'D4'},{'D1'},{'D3'},{'R3'},{'D2'},{'D5'},{'R1'},{'R2'},&,1.0,&
{'D7'},{'D6'},{'D4'},{'D1'},{'D3'},{'R3'},{'D2'},{'D5'},{'R2'},{'R1'},&,1.0,&
{'D7'},{'D6'},{'D4'},{'D1'},{'D3'},{'R3'},{'D5'},{'D2'},{'R1'},{'R2'},&,6.0,&
{'D7'},{'D6'},{'D4'},{'D1'},{'D3'},{'R3'},{'D5'},{'D2'},{'R2'},{'R1'},&,13.0,&
{'D7'},{'D6'},{'D4'},{'D1'},{'D3'},{'R3'},{'D5'},{'R2'},{'D2'},{'R1'},&,1.0,&
{'D7'},{'D6'},{'D4'},{'D1'},{'D3'},{'R3'},{'R1'},{'D5'},{'D2'},{'R2'},&,1.0,&
{'D7'},{'D6'},{'D4'},{'D1'},{'D5'},{'R2'},{'D3'},{'D2'},{'R3'},{'R1'},&,2.0,&
{'D7'},{'D6'},{'D4'},{'D1'},{'D5'},{'R2'},{'D3'},{'D2'},{'R1'},{'R3'},&,1.0,&
{'D7'},{'D6'},{'D4'},{'D1'},{'D5'},{'R2'},{'D3'},{'R3'},{'D2'},{'R1'},&,1.0,&
{'D7'},{'D6'},{'D4'},{'D1'},{'D5'},{'R2'},{'D3'},{'R1'},{'D2'},{'R3'},&,1.0,&
{'D7'},{'D6'},{'D4'},{'D1'},{'D5'},{'D3'},{'R2'},{'D2'},{'R3'},{'R1'},&,3.0,&
{'D7'},{'D6'},{'D4'},{'D1'},{'D5'},{'D3'},{'R2'},{'D2'},{'R1'},{'R3'},&,8.0,&
{'D7'},{'D6'},{'D4'},{'D1'},{'D5'},{'D3'},{'R2'},{'R3'},{'R1'},{'D2'},&,1.0,&
{'D7'},{'D6'},{'D4'},{'D1'},{'D5'},{'D3'},{'R2'},{'R3'},{'D2'},{'R1'},&,2.0,&
{'D7'},{'D6'},{'D4'},{'D1'},{'D5'},{'D3'},{'R2'},{'R1'},{'R3'},{'D2'},&,1.0,&
{'D7'},{'D6'},{'D4'},{'D1'},{'D5'},{'D3'},{'D2'},{'R3'},{'R1'},{'R2'},&,13.0,&
{'D7'},{'D6'},{'D4'},{'D1'},{'D5'},{'D3'},{'D2'},{'R3'},{'R2'},{'R1'},&,20.0,&
{'D7'},{'D6'},{'D4'},{'D1'},{'D5'},{'D3'},{'D2'},{'R2'},{'R3'},{'R1'},&,19.0,&
{'D7'},{'D6'},{'D4'},{'D1'},{'D5'},{'D3'},{'D2'},{'R2'},{'R1'},{'R3'},&,22.0,&
{'D7'},{'D6'},{'D4'},{'D1'},{'D5'},{'D3'},{'D2'},{'R1'},{'R3'},{'R2'},&,6.0,&
{'D7'},{'D6'},{'D4'},{'D1'},{'D5'},{'D3'},{'D2'},{'R1'},{'R2'},{'R3'},&,19.0,&
{'D7'},{'D6'},{'D4'},{'D1'},{'D5'},{'D3'},{'R3'},{'D2'},{'R1'},{'R2'},&,1.0,&
{'D7'},{'D6'},{'D4'},{'D1'},{'D5'},{'D3'},{'R3'},{'D2'},{'R2'},{'R1'},&,6.0,&
{'D7'},{'D6'},{'D4'},{'D1'},{'D5'},{'D3'},{'R3'},{'R2'},{'R1'},{'D2'},&,1.0,&
{'D7'},{'D6'},{'D4'},{'D1'},{'D5'},{'D3'},{'R3'},{'R1'},{'D2'},{'R2'},&,1.0,&
{'D7'},{'D6'},{'D4'},{'D1'},{'D5'},{'D3'},{'R1'},{'D2'},{'R3'},{'R2'},&,2.0,&
{'D7'},{'D6'},{'D4'},{'D1'},{'D5'},{'D3'},{'R1'},{'D2'},{'R2'},{'R3'},&,2.0,&
{'D7'},{'D6'},{'D4'},{'D1'},{'D5'},{'D3'},{'R1'},{'R3'},{'D2'},{'R2'},&,1.0,&
{'D7'},{'D6'},{'D4'},{'D1'},{'D5'},{'D2'},{'R3'},{'D3'},{'R1'},{'R2'},&,1.0,&
{'D7'},{'D6'},{'D4'},{'D1'},{'D5'},{'D2'},{'D3'},{'R2'},{'R1'},{'R3'},&,1.0,&
{'D7'},{'D6'},{'D4'},{'D1'},{'D5'},{'R1'},{'D3'},{'D2'},{'R2'},{'R3'},&,1.0,&
{'D7'},{'D6'},{'D4'},{'D1'},{'D5'},{'R3'},{'R2'},{'D3'},{'R1'},{'D2'},&,1.0,&
{'D7'},{'D6'},{'D4'},{'D1'},{'D5'},{'R3'},{'D3'},{'D2'},{'R1'},{'R2'},&,2.0,&
{'D7'},{'D6'},{'D4'},{'D1'},{'D5'},{'R3'},{'D3'},{'D2'},{'R2'},{'R1'},&,3.0,&
{'D7'},{'D6'},{'D4'},{'D1'},{'D5'},{'R3'},{'D3'},{'R2'},{'R1'},{'D2'},&,1.0,&
{'D7'},{'D6'},{'D4'},{'D1'},{'D5'},{'R3'},{'D3'},{'R2'},{'D2'},{'R1'},&,1.0,&
{'D7'},{'D6'},{'D4'},{'D1'},{'D2'},{'D5'},{'D3'},{'R3'},{'R2'},{'R1'},&,1.0,&
{'D7'},{'D6'},{'D4'},{'D1'},{'D2'},{'D5'},{'D3'},{'R2'},{'R3'},{'R1'},&,1.0,&
{'D7'},{'D6'},{'D4'},{'D1'},{'D2'},{'D5'},{'D3'},{'R2'},{'R1'},{'R3'},&,1.0,&
{'D7'},{'D6'},{'D4'},{'D1'},{'D2'},{'D3'},{'D5'},{'R3'},{'R1'},{'R2'},&,1.0,&
{'D7'},{'D6'},{'D4'},{'D1'},{'D2'},{'D3'},{'D5'},{'R3'},{'R2'},{'R1'},&,1.0,&
{'D7'},{'D6'},{'D4'},{'D1'},{'D2'},{'D3'},{'D5'},{'R2'},{'R3'},{'R1'},&,4.0,&
{'D7'},{'D6'},{'D4'},{'D1'},{'D2'},{'D3'},{'D5'},{'R1'},{'R2'},{'R3'},&,1.0,&
{'D7'},{'D6'},{'D4'},{'D1'},{'R1'},{'D3'},{'R3'},{'D5'},{'D2'},{'R2'},&,1.0,&
{'D7'},{'D6'},{'D4'},{'D1'},{'R1'},{'D3'},{'D5'},{'D2'},{'R3'},{'R2'},&,1.0,&
{'D7'},{'D6'},{'D4'},{'D1'},{'R1'},{'D3'},{'D5'},{'D2'},{'R2'},{'R3'},&,3.0,&
{'D7'},{'D6'},{'D4'},{'D1'},{'R2'},{'D3'},{'D2'},{'D5'},{'R1'},{'R3'},&,1.0,&
{'D7'},{'D6'},{'D4'},{'D1'},{'R2'},{'D3'},{'D5'},{'D2'},{'R3'},{'R1'},&,3.0,&
{'D7'},{'D6'},{'D4'},{'D1'},{'R2'},{'D3'},{'D5'},{'R1'},{'D2'},{'R3'},&,1.0,&
{'D7'},{'D6'},{'D4'},{'D1'},{'R3'},{'R2'},{'D5'},{'D3'},{'D2'},{'R1'},&,1.0,&
{'D7'},{'D6'},{'D4'},{'D1'},{'R3'},{'D3'},{'D5'},{'D2'},{'R1'},{'R2'},&,3.0,&
{'D7'},{'D6'},{'D4'},{'D5'},{'D3'},{'D1'},{'R2'},{'D2'},{'R3'},{'R1'},&,12.0,&
{'D7'},{'D6'},{'D4'},{'D5'},{'D3'},{'D1'},{'R2'},{'D2'},{'R1'},{'R3'},&,15.0,&
{'D7'},{'D6'},{'D4'},{'D5'},{'D3'},{'D1'},{'R2'},{'R3'},{'R1'},{'D2'},&,1.0,&
{'D7'},{'D6'},{'D4'},{'D5'},{'D3'},{'D1'},{'R2'},{'R3'},{'D2'},{'R1'},&,5.0,&
{'D7'},{'D6'},{'D4'},{'D5'},{'D3'},{'D1'},{'R2'},{'R1'},{'R3'},{'D2'},&,4.0,&
{'D7'},{'D6'},{'D4'},{'D5'},{'D3'},{'D1'},{'R2'},{'R1'},{'D2'},{'R3'},&,1.0,&
{'D7'},{'D6'},{'D4'},{'D5'},{'D3'},{'D1'},{'D2'},{'R3'},{'R1'},{'R2'},&,33.0,&
{'D7'},{'D6'},{'D4'},{'D5'},{'D3'},{'D1'},{'D2'},{'R3'},{'R2'},{'R1'},&,49.0,&
{'D7'},{'D6'},{'D4'},{'D5'},{'D3'},{'D1'},{'D2'},{'R2'},{'R3'},{'R1'},&,65.0,&
{'D7'},{'D6'},{'D4'},{'D5'},{'D3'},{'D1'},{'D2'},{'R2'},{'R1'},{'R3'},&,57.0,&
{'D7'},{'D6'},{'D4'},{'D5'},{'D3'},{'D1'},{'D2'},{'R1'},{'R3'},{'R2'},&,25.0,&
{'D7'},{'D6'},{'D4'},{'D5'},{'D3'},{'D1'},{'D2'},{'R1'},{'R2'},{'R3'},&,45.0,&
{'D7'},{'D6'},{'D4'},{'D5'},{'D3'},{'D1'},{'R3'},{'D2'},{'R1'},{'R2'},&,12.0,&
{'D7'},{'D6'},{'D4'},{'D5'},{'D3'},{'D1'},{'R3'},{'D2'},{'R2'},{'R1'},&,12.0,&
{'D7'},{'D6'},{'D4'},{'D5'},{'D3'},{'D1'},{'R3'},{'R2'},{'R1'},{'D2'},&,1.0,&
{'D7'},{'D6'},{'D4'},{'D5'},{'D3'},{'D1'},{'R3'},{'R2'},{'D2'},{'R1'},&,4.0,&
{'D7'},{'D6'},{'D4'},{'D5'},{'D3'},{'D1'},{'R3'},{'R1'},{'D2'},{'R2'},&,2.0,&
{'D7'},{'D6'},{'D4'},{'D5'},{'D3'},{'D1'},{'R3'},{'R1'},{'R2'},{'D2'},&,1.0,&
{'D7'},{'D6'},{'D4'},{'D5'},{'D3'},{'D1'},{'R1'},{'D2'},{'R3'},{'R2'},&,5.0,&
{'D7'},{'D6'},{'D4'},{'D5'},{'D3'},{'D1'},{'R1'},{'D2'},{'R2'},{'R3'},&,12.0,&
{'D7'},{'D6'},{'D4'},{'D5'},{'D3'},{'D1'},{'R1'},{'R3'},{'D2'},{'R2'},&,4.0,&
{'D7'},{'D6'},{'D4'},{'D5'},{'D3'},{'D1'},{'R1'},{'R3'},{'R2'},{'D2'},&,2.0,&
{'D7'},{'D6'},{'D4'},{'D5'},{'D3'},{'D1'},{'R1'},{'R2'},{'D2'},{'R3'},&,4.0,&
{'D7'},{'D6'},{'D4'},{'D5'},{'D3'},{'R2'},{'D1'},{'D2'},{'R3'},{'R1'},&,4.0,&
{'D7'},{'D6'},{'D4'},{'D5'},{'D3'},{'R2'},{'D1'},{'D2'},{'R1'},{'R3'},&,4.0,&
{'D7'},{'D6'},{'D4'},{'D5'},{'D3'},{'D2'},{'R2'},{'R1'},{'R3'},{'D1'},&,1.0,&
{'D7'},{'D6'},{'D4'},{'D5'},{'D3'},{'D2'},{'R3'},{'R2'},{'R1'},{'D1'},&,1.0,&
{'D7'},{'D6'},{'D4'},{'D5'},{'D3'},{'D2'},{'R3'},{'R1'},{'D1'},{'R2'},&,1.0,&
{'D7'},{'D6'},{'D4'},{'D5'},{'D3'},{'D2'},{'R1'},{'D1'},{'R3'},{'R2'},&,1.0,&
{'D7'},{'D6'},{'D4'},{'D5'},{'D3'},{'D2'},{'D1'},{'R3'},{'R1'},{'R2'},&,1.0,&
{'D7'},{'D6'},{'D4'},{'D5'},{'D3'},{'D2'},{'D1'},{'R3'},{'R2'},{'R1'},&,2.0,&
{'D7'},{'D6'},{'D4'},{'D5'},{'D3'},{'D2'},{'D1'},{'R2'},{'R3'},{'R1'},&,2.0,&
{'D7'},{'D6'},{'D4'},{'D5'},{'D3'},{'D2'},{'D1'},{'R1'},{'R3'},{'R2'},&,1.0,&
{'D7'},{'D6'},{'D4'},{'D5'},{'D3'},{'D2'},{'D1'},{'R1'},{'R2'},{'R3'},&,1.0,&
{'D7'},{'D6'},{'D4'},{'D5'},{'D3'},{'R1'},{'D1'},{'D2'},{'R3'},{'R2'},&,1.0,&
{'D7'},{'D6'},{'D4'},{'D5'},{'D3'},{'R1'},{'D1'},{'D2'},{'R2'},{'R3'},&,3.0,&
{'D7'},{'D6'},{'D4'},{'D5'},{'D3'},{'R1'},{'D1'},{'R2'},{'R3'},{'D2'},&,1.0,&
{'D7'},{'D6'},{'D4'},{'D5'},{'D3'},{'R3'},{'D1'},{'D2'},{'R1'},{'R2'},&,1.0,&
{'D7'},{'D6'},{'D4'},{'D5'},{'D3'},{'R3'},{'D1'},{'D2'},{'R2'},{'R1'},&,4.0,&
{'D7'},{'D6'},{'D4'},{'D5'},{'D3'},{'R3'},{'D1'},{'R2'},{'D2'},{'R1'},&,1.0,&
{'D7'},{'D6'},{'D4'},{'D5'},{'D1'},{'R2'},{'D3'},{'D2'},{'R3'},{'R1'},&,3.0,&
{'D7'},{'D6'},{'D4'},{'D5'},{'D1'},{'R2'},{'D3'},{'R1'},{'D2'},{'R3'},&,1.0,&
{'D7'},{'D6'},{'D4'},{'D5'},{'D1'},{'D3'},{'R2'},{'D2'},{'R3'},{'R1'},&,6.0,&
{'D7'},{'D6'},{'D4'},{'D5'},{'D1'},{'D3'},{'R2'},{'D2'},{'R1'},{'R3'},&,10.0,&
{'D7'},{'D6'},{'D4'},{'D5'},{'D1'},{'D3'},{'R2'},{'R3'},{'D2'},{'R1'},&,1.0,&
{'D7'},{'D6'},{'D4'},{'D5'},{'D1'},{'D3'},{'R2'},{'R1'},{'D2'},{'R3'},&,2.0,&
{'D7'},{'D6'},{'D4'},{'D5'},{'D1'},{'D3'},{'D2'},{'R3'},{'R1'},{'R2'},&,6.0,&
{'D7'},{'D6'},{'D4'},{'D5'},{'D1'},{'D3'},{'D2'},{'R3'},{'R2'},{'R1'},&,15.0,&
{'D7'},{'D6'},{'D4'},{'D5'},{'D1'},{'D3'},{'D2'},{'R2'},{'R3'},{'R1'},&,17.0,&
{'D7'},{'D6'},{'D4'},{'D5'},{'D1'},{'D3'},{'D2'},{'R2'},{'R1'},{'R3'},&,18.0,&
{'D7'},{'D6'},{'D4'},{'D5'},{'D1'},{'D3'},{'D2'},{'R1'},{'R3'},{'R2'},&,10.0,&
{'D7'},{'D6'},{'D4'},{'D5'},{'D1'},{'D3'},{'D2'},{'R1'},{'R2'},{'R3'},&,6.0,&
{'D7'},{'D6'},{'D4'},{'D5'},{'D1'},{'D3'},{'R3'},{'D2'},{'R1'},{'R2'},&,2.0,&
{'D7'},{'D6'},{'D4'},{'D5'},{'D1'},{'D3'},{'R3'},{'D2'},{'R2'},{'R1'},&,3.0,&
{'D7'},{'D6'},{'D4'},{'D5'},{'D1'},{'D3'},{'R3'},{'R2'},{'R1'},{'D2'},&,1.0,&
{'D7'},{'D6'},{'D4'},{'D5'},{'D1'},{'D3'},{'R3'},{'R2'},{'D2'},{'R1'},&,1.0,&
{'D7'},{'D6'},{'D4'},{'D5'},{'D1'},{'D3'},{'R3'},{'R1'},{'R2'},{'D2'},&,1.0,&
{'D7'},{'D6'},{'D4'},{'D5'},{'D1'},{'D3'},{'R1'},{'D2'},{'R2'},{'R3'},&,5.0,&
{'D7'},{'D6'},{'D4'},{'D5'},{'D1'},{'D3'},{'R1'},{'R2'},{'D2'},{'R3'},&,2.0,&
{'D7'},{'D6'},{'D4'},{'D5'},{'D1'},{'R1'},{'D3'},{'D2'},{'R3'},{'R2'},&,1.0,&
{'D7'},{'D6'},{'D4'},{'D5'},{'D1'},{'R3'},{'D3'},{'D2'},{'R1'},{'R2'},&,1.0,&
{'D7'},{'D6'},{'D4'},{'D5'},{'D1'},{'R3'},{'D3'},{'D2'},{'R2'},{'R1'},&,1.0,&
{'D7'},{'D6'},{'D4'},{'D5'},{'D1'},{'R3'},{'D3'},{'R1'},{'D2'},{'R2'},&,1.0,&
{'D7'},{'D6'},{'D4'},{'D5'},{'D2'},{'D1'},{'D3'},{'R3'},{'R2'},{'R1'},&,1.0,&
{'D7'},{'D6'},{'D4'},{'D5'},{'D2'},{'D3'},{'R2'},{'D1'},{'R3'},{'R1'},&,1.0,&
{'D7'},{'D6'},{'D4'},{'D5'},{'D2'},{'D3'},{'R3'},{'R2'},{'D1'},{'R1'},&,1.0,&
{'D7'},{'D6'},{'D4'},{'D5'},{'D2'},{'D3'},{'D1'},{'R3'},{'R1'},{'R2'},&,1.0,&
{'D7'},{'D6'},{'D4'},{'D5'},{'D2'},{'D3'},{'D1'},{'R3'},{'R2'},{'R1'},&,1.0,&
{'D7'},{'D6'},{'D4'},{'D5'},{'D2'},{'D3'},{'D1'},{'R2'},{'R1'},{'R3'},&,2.0,&
{'D7'},{'D6'},{'D4'},{'D5'},{'D2'},{'D3'},{'D1'},{'R1'},{'R3'},{'R2'},&,1.0,&
{'D7'},{'D6'},{'D4'},{'D5'},{'D2'},{'D3'},{'D1'},{'R1'},{'R2'},{'R3'},&,1.0,&
{'D7'},{'D6'},{'D4'},{'D5'},{'R1'},{'D1'},{'D3'},{'R2'},{'D2'},{'R3'},&,1.0,&
{'D7'},{'D6'},{'D4'},{'D5'},{'R2'},{'D3'},{'D2'},{'D1'},{'R1'},{'R3'},&,1.0,&
{'D7'},{'D6'},{'D4'},{'D5'},{'R2'},{'D3'},{'D1'},{'D2'},{'R3'},{'R1'},&,1.0,&
{'D7'},{'D6'},{'D4'},{'D5'},{'R2'},{'D3'},{'D1'},{'R3'},{'D2'},{'R1'},&,1.0,&
{'D7'},{'D6'},{'D4'},{'D5'},{'R3'},{'D1'},{'D3'},{'R2'},{'D2'},{'R1'},&,1.0,&
{'D7'},{'D6'},{'D4'},{'D5'},{'R3'},{'D3'},{'R1'},{'D1'},{'R2'},{'D2'},&,1.0,&
{'D7'},{'D6'},{'D4'},{'D3'},{'D1'},{'D5'},{'R2'},{'D2'},{'R3'},{'R1'},&,86.0,&
{'D7'},{'D6'},{'D4'},{'D3'},{'D1'},{'D5'},{'R2'},{'D2'},{'R1'},{'R3'},&,61.0,&
{'D7'},{'D6'},{'D4'},{'D3'},{'D1'},{'D5'},{'R2'},{'R3'},{'R1'},{'D2'},&,4.0,&
{'D7'},{'D6'},{'D4'},{'D3'},{'D1'},{'D5'},{'R2'},{'R3'},{'D2'},{'R1'},&,22.0,&
{'D7'},{'D6'},{'D4'},{'D3'},{'D1'},{'D5'},{'R2'},{'R1'},{'R3'},{'D2'},&,4.0,&
{'D7'},{'D6'},{'D4'},{'D3'},{'D1'},{'D5'},{'R2'},{'R1'},{'D2'},{'R3'},&,11.0,&
{'D7'},{'D6'},{'D4'},{'D3'},{'D1'},{'D5'},{'D2'},{'R3'},{'R1'},{'R2'},&,114.0,&
{'D7'},{'D6'},{'D4'},{'D3'},{'D1'},{'D5'},{'D2'},{'R3'},{'R2'},{'R1'},&,229.0,&
{'D7'},{'D6'},{'D4'},{'D3'},{'D1'},{'D5'},{'D2'},{'R2'},{'R3'},{'R1'},&,316.0,&
{'D7'},{'D6'},{'D4'},{'D3'},{'D1'},{'D5'},{'D2'},{'R2'},{'R1'},{'R3'},&,259.0,&
{'D7'},{'D6'},{'D4'},{'D3'},{'D1'},{'D5'},{'D2'},{'R1'},{'R3'},{'R2'},&,118.0,&
{'D7'},{'D6'},{'D4'},{'D3'},{'D1'},{'D5'},{'D2'},{'R1'},{'R2'},{'R3'},&,181.0,&
{'D7'},{'D6'},{'D4'},{'D3'},{'D1'},{'D5'},{'R3'},{'D2'},{'R1'},{'R2'},&,29.0,&
{'D7'},{'D6'},{'D4'},{'D3'},{'D1'},{'D5'},{'R3'},{'D2'},{'R2'},{'R1'},&,52.0,&
{'D7'},{'D6'},{'D4'},{'D3'},{'D1'},{'D5'},{'R3'},{'R2'},{'R1'},{'D2'},&,7.0,&
{'D7'},{'D6'},{'D4'},{'D3'},{'D1'},{'D5'},{'R3'},{'R2'},{'D2'},{'R1'},&,15.0,&
{'D7'},{'D6'},{'D4'},{'D3'},{'D1'},{'D5'},{'R3'},{'R1'},{'D2'},{'R2'},&,8.0,&
{'D7'},{'D6'},{'D4'},{'D3'},{'D1'},{'D5'},{'R3'},{'R1'},{'R2'},{'D2'},&,3.0,&
{'D7'},{'D6'},{'D4'},{'D3'},{'D1'},{'D5'},{'R1'},{'D2'},{'R3'},{'R2'},&,27.0,&
{'D7'},{'D6'},{'D4'},{'D3'},{'D1'},{'D5'},{'R1'},{'D2'},{'R2'},{'R3'},&,52.0,&
{'D7'},{'D6'},{'D4'},{'D3'},{'D1'},{'D5'},{'R1'},{'R3'},{'D2'},{'R2'},&,3.0,&
{'D7'},{'D6'},{'D4'},{'D3'},{'D1'},{'D5'},{'R1'},{'R2'},{'R3'},{'D2'},&,2.0,&
{'D7'},{'D6'},{'D4'},{'D3'},{'D1'},{'D5'},{'R1'},{'R2'},{'D2'},{'R3'},&,6.0,&
{'D7'},{'D6'},{'D4'},{'D3'},{'D1'},{'R2'},{'D2'},{'R1'},{'R3'},{'D5'},&,1.0,&
{'D7'},{'D6'},{'D4'},{'D3'},{'D1'},{'R2'},{'D2'},{'D5'},{'R3'},{'R1'},&,4.0,&
{'D7'},{'D6'},{'D4'},{'D3'},{'D1'},{'R2'},{'R3'},{'D5'},{'D2'},{'R1'},&,1.0,&
{'D7'},{'D6'},{'D4'},{'D3'},{'D1'},{'R2'},{'D5'},{'D2'},{'R3'},{'R1'},&,17.0,&
{'D7'},{'D6'},{'D4'},{'D3'},{'D1'},{'R2'},{'D5'},{'D2'},{'R1'},{'R3'},&,21.0,&
{'D7'},{'D6'},{'D4'},{'D3'},{'D1'},{'R2'},{'D5'},{'R3'},{'R1'},{'D2'},&,2.0,&
{'D7'},{'D6'},{'D4'},{'D3'},{'D1'},{'R2'},{'D5'},{'R3'},{'D2'},{'R1'},&,5.0,&
{'D7'},{'D6'},{'D4'},{'D3'},{'D1'},{'R2'},{'D5'},{'R1'},{'R3'},{'D2'},&,3.0,&
{'D7'},{'D6'},{'D4'},{'D3'},{'D1'},{'R2'},{'D5'},{'R1'},{'D2'},{'R3'},&,1.0,&
{'D7'},{'D6'},{'D4'},{'D3'},{'D1'},{'R2'},{'R1'},{'D5'},{'D2'},{'R3'},&,2.0,&
{'D7'},{'D6'},{'D4'},{'D3'},{'D1'},{'D2'},{'R2'},{'R3'},{'D5'},{'R1'},&,1.0,&
{'D7'},{'D6'},{'D4'},{'D3'},{'D1'},{'D2'},{'R2'},{'R1'},{'R3'},{'D5'},&,1.0,&
{'D7'},{'D6'},{'D4'},{'D3'},{'D1'},{'D2'},{'R2'},{'R1'},{'D5'},{'R3'},&,3.0,&
{'D7'},{'D6'},{'D4'},{'D3'},{'D1'},{'D2'},{'R2'},{'D5'},{'R3'},{'R1'},&,3.0,&
{'D7'},{'D6'},{'D4'},{'D3'},{'D1'},{'D2'},{'R2'},{'D5'},{'R1'},{'R3'},&,2.0,&
{'D7'},{'D6'},{'D4'},{'D3'},{'D1'},{'D2'},{'R3'},{'R2'},{'D5'},{'R1'},&,1.0,&
{'D7'},{'D6'},{'D4'},{'D3'},{'D1'},{'D2'},{'R3'},{'R1'},{'D5'},{'R2'},&,1.0,&
{'D7'},{'D6'},{'D4'},{'D3'},{'D1'},{'D2'},{'R3'},{'D5'},{'R1'},{'R2'},&,1.0,&
{'D7'},{'D6'},{'D4'},{'D3'},{'D1'},{'D2'},{'R3'},{'D5'},{'R2'},{'R1'},&,7.0,&
{'D7'},{'D6'},{'D4'},{'D3'},{'D1'},{'D2'},{'D5'},{'R3'},{'R1'},{'R2'},&,20.0,&
{'D7'},{'D6'},{'D4'},{'D3'},{'D1'},{'D2'},{'D5'},{'R3'},{'R2'},{'R1'},&,25.0,&
{'D7'},{'D6'},{'D4'},{'D3'},{'D1'},{'D2'},{'D5'},{'R2'},{'R3'},{'R1'},&,35.0,&
{'D7'},{'D6'},{'D4'},{'D3'},{'D1'},{'D2'},{'D5'},{'R2'},{'R1'},{'R3'},&,30.0,&
{'D7'},{'D6'},{'D4'},{'D3'},{'D1'},{'D2'},{'D5'},{'R1'},{'R3'},{'R2'},&,3.0,&
{'D7'},{'D6'},{'D4'},{'D3'},{'D1'},{'D2'},{'D5'},{'R1'},{'R2'},{'R3'},&,17.0,&
{'D7'},{'D6'},{'D4'},{'D3'},{'D1'},{'D2'},{'R1'},{'R3'},{'D5'},{'R2'},&,2.0,&
{'D7'},{'D6'},{'D4'},{'D3'},{'D1'},{'D2'},{'R1'},{'R2'},{'D5'},{'R3'},&,1.0,&
{'D7'},{'D6'},{'D4'},{'D3'},{'D1'},{'D2'},{'R1'},{'D5'},{'R2'},{'R3'},&,3.0,&
{'D7'},{'D6'},{'D4'},{'D3'},{'D1'},{'R1'},{'R2'},{'D5'},{'D2'},{'R3'},&,1.0,&
{'D7'},{'D6'},{'D4'},{'D3'},{'D1'},{'R1'},{'R3'},{'D5'},{'D2'},{'R2'},&,1.0,&
{'D7'},{'D6'},{'D4'},{'D3'},{'D1'},{'R1'},{'D5'},{'D2'},{'R3'},{'R2'},&,7.0,&
{'D7'},{'D6'},{'D4'},{'D3'},{'D1'},{'R1'},{'D5'},{'D2'},{'R2'},{'R3'},&,7.0,&
{'D7'},{'D6'},{'D4'},{'D3'},{'D1'},{'R1'},{'D5'},{'R3'},{'D2'},{'R2'},&,3.0,&
{'D7'},{'D6'},{'D4'},{'D3'},{'D1'},{'R1'},{'D5'},{'R2'},{'R3'},{'D2'},&,1.0,&
{'D7'},{'D6'},{'D4'},{'D3'},{'D1'},{'R1'},{'D5'},{'R2'},{'D2'},{'R3'},&,4.0,&
{'D7'},{'D6'},{'D4'},{'D3'},{'D1'},{'R3'},{'R2'},{'D5'},{'R1'},{'D2'},&,1.0,&
{'D7'},{'D6'},{'D4'},{'D3'},{'D1'},{'R3'},{'R2'},{'D5'},{'D2'},{'R1'},&,1.0,&
{'D7'},{'D6'},{'D4'},{'D3'},{'D1'},{'R3'},{'D2'},{'D5'},{'R2'},{'R1'},&,1.0,&
{'D7'},{'D6'},{'D4'},{'D3'},{'D1'},{'R3'},{'D5'},{'D2'},{'R1'},{'R2'},&,9.0,&
{'D7'},{'D6'},{'D4'},{'D3'},{'D1'},{'R3'},{'D5'},{'D2'},{'R2'},{'R1'},&,13.0,&
{'D7'},{'D6'},{'D4'},{'D3'},{'D1'},{'R3'},{'D5'},{'R2'},{'R1'},{'D2'},&,1.0,&
{'D7'},{'D6'},{'D4'},{'D3'},{'D1'},{'R3'},{'D5'},{'R2'},{'D2'},{'R1'},&,4.0,&
{'D7'},{'D6'},{'D4'},{'D3'},{'D1'},{'R3'},{'D5'},{'R1'},{'D2'},{'R2'},&,2.0,&
{'D7'},{'D6'},{'D4'},{'D3'},{'D5'},{'D1'},{'R2'},{'D2'},{'R3'},{'R1'},&,51.0,&
{'D7'},{'D6'},{'D4'},{'D3'},{'D5'},{'D1'},{'R2'},{'D2'},{'R1'},{'R3'},&,31.0,&
{'D7'},{'D6'},{'D4'},{'D3'},{'D5'},{'D1'},{'R2'},{'R3'},{'R1'},{'D2'},&,1.0,&
{'D7'},{'D6'},{'D4'},{'D3'},{'D5'},{'D1'},{'R2'},{'R3'},{'D2'},{'R1'},&,14.0,&
{'D7'},{'D6'},{'D4'},{'D3'},{'D5'},{'D1'},{'R2'},{'R1'},{'R3'},{'D2'},&,1.0,&
{'D7'},{'D6'},{'D4'},{'D3'},{'D5'},{'D1'},{'R2'},{'R1'},{'D2'},{'R3'},&,7.0,&
{'D7'},{'D6'},{'D4'},{'D3'},{'D5'},{'D1'},{'D2'},{'R3'},{'R1'},{'R2'},&,88.0,&
{'D7'},{'D6'},{'D4'},{'D3'},{'D5'},{'D1'},{'D2'},{'R3'},{'R2'},{'R1'},&,149.0,&
{'D7'},{'D6'},{'D4'},{'D3'},{'D5'},{'D1'},{'D2'},{'R2'},{'R3'},{'R1'},&,187.0,&
{'D7'},{'D6'},{'D4'},{'D3'},{'D5'},{'D1'},{'D2'},{'R2'},{'R1'},{'R3'},&,158.0,&
{'D7'},{'D6'},{'D4'},{'D3'},{'D5'},{'D1'},{'D2'},{'R1'},{'R3'},{'R2'},&,71.0,&
{'D7'},{'D6'},{'D4'},{'D3'},{'D5'},{'D1'},{'D2'},{'R1'},{'R2'},{'R3'},&,118.0,&
{'D7'},{'D6'},{'D4'},{'D3'},{'D5'},{'D1'},{'R3'},{'D2'},{'R1'},{'R2'},&,23.0,&
{'D7'},{'D6'},{'D4'},{'D3'},{'D5'},{'D1'},{'R3'},{'D2'},{'R2'},{'R1'},&,41.0,&
{'D7'},{'D6'},{'D4'},{'D3'},{'D5'},{'D1'},{'R3'},{'R2'},{'R1'},{'D2'},&,2.0,&
{'D7'},{'D6'},{'D4'},{'D3'},{'D5'},{'D1'},{'R3'},{'R2'},{'D2'},{'R1'},&,12.0,&
{'D7'},{'D6'},{'D4'},{'D3'},{'D5'},{'D1'},{'R3'},{'R1'},{'D2'},{'R2'},&,6.0,&
{'D7'},{'D6'},{'D4'},{'D3'},{'D5'},{'D1'},{'R3'},{'R1'},{'R2'},{'D2'},&,3.0,&
{'D7'},{'D6'},{'D4'},{'D3'},{'D5'},{'D1'},{'R1'},{'D2'},{'R3'},{'R2'},&,18.0,&
{'D7'},{'D6'},{'D4'},{'D3'},{'D5'},{'D1'},{'R1'},{'D2'},{'R2'},{'R3'},&,14.0,&
{'D7'},{'D6'},{'D4'},{'D3'},{'D5'},{'D1'},{'R1'},{'R3'},{'D2'},{'R2'},&,6.0,&
{'D7'},{'D6'},{'D4'},{'D3'},{'D5'},{'D1'},{'R1'},{'R2'},{'D2'},{'R3'},&,9.0,&
{'D7'},{'D6'},{'D4'},{'D3'},{'D5'},{'R2'},{'D2'},{'D1'},{'R3'},{'R1'},&,1.0,&
{'D7'},{'D6'},{'D4'},{'D3'},{'D5'},{'R2'},{'D2'},{'D1'},{'R1'},{'R3'},&,1.0,&
{'D7'},{'D6'},{'D4'},{'D3'},{'D5'},{'R2'},{'R3'},{'D1'},{'R1'},{'D2'},&,1.0,&
{'D7'},{'D6'},{'D4'},{'D3'},{'D5'},{'R2'},{'R3'},{'D1'},{'D2'},{'R1'},&,1.0,&
{'D7'},{'D6'},{'D4'},{'D3'},{'D5'},{'R2'},{'R1'},{'D1'},{'D2'},{'R3'},&,1.0,&
{'D7'},{'D6'},{'D4'},{'D3'},{'D5'},{'R2'},{'D1'},{'D2'},{'R3'},{'R1'},&,6.0,&
{'D7'},{'D6'},{'D4'},{'D3'},{'D5'},{'R2'},{'D1'},{'D2'},{'R1'},{'R3'},&,8.0,&
{'D7'},{'D6'},{'D4'},{'D3'},{'D5'},{'R2'},{'D1'},{'R3'},{'R1'},{'D2'},&,2.0,&
{'D7'},{'D6'},{'D4'},{'D3'},{'D5'},{'R2'},{'D1'},{'R3'},{'D2'},{'R1'},&,5.0,&
{'D7'},{'D6'},{'D4'},{'D3'},{'D5'},{'R2'},{'D1'},{'R1'},{'R3'},{'D2'},&,1.0,&
{'D7'},{'D6'},{'D4'},{'D3'},{'D5'},{'R2'},{'D1'},{'R1'},{'D2'},{'R3'},&,6.0,&
{'D7'},{'D6'},{'D4'},{'D3'},{'D5'},{'D2'},{'R2'},{'R3'},{'D1'},{'R1'},&,1.0,&
{'D7'},{'D6'},{'D4'},{'D3'},{'D5'},{'D2'},{'R2'},{'R1'},{'D1'},{'R3'},&,2.0,&
{'D7'},{'D6'},{'D4'},{'D3'},{'D5'},{'D2'},{'R2'},{'D1'},{'R3'},{'R1'},&,1.0,&
{'D7'},{'D6'},{'D4'},{'D3'},{'D5'},{'D2'},{'R2'},{'D1'},{'R1'},{'R3'},&,2.0,&
{'D7'},{'D6'},{'D4'},{'D3'},{'D5'},{'D2'},{'R3'},{'D1'},{'R1'},{'R2'},&,1.0,&
{'D7'},{'D6'},{'D4'},{'D3'},{'D5'},{'D2'},{'R1'},{'R3'},{'D1'},{'R2'},&,1.0,&
{'D7'},{'D6'},{'D4'},{'D3'},{'D5'},{'D2'},{'R1'},{'D1'},{'R2'},{'R3'},&,1.0,&
{'D7'},{'D6'},{'D4'},{'D3'},{'D5'},{'D2'},{'D1'},{'R3'},{'R1'},{'R2'},&,3.0,&
{'D7'},{'D6'},{'D4'},{'D3'},{'D5'},{'D2'},{'D1'},{'R3'},{'R2'},{'R1'},&,5.0,&
{'D7'},{'D6'},{'D4'},{'D3'},{'D5'},{'D2'},{'D1'},{'R2'},{'R3'},{'R1'},&,6.0,&
{'D7'},{'D6'},{'D4'},{'D3'},{'D5'},{'D2'},{'D1'},{'R2'},{'R1'},{'R3'},&,13.0,&
{'D7'},{'D6'},{'D4'},{'D3'},{'D5'},{'D2'},{'D1'},{'R1'},{'R3'},{'R2'},&,4.0,&
{'D7'},{'D6'},{'D4'},{'D3'},{'D5'},{'D2'},{'D1'},{'R1'},{'R2'},{'R3'},&,5.0,&
{'D7'},{'D6'},{'D4'},{'D3'},{'D5'},{'R1'},{'D2'},{'D1'},{'R2'},{'R3'},&,1.0,&
{'D7'},{'D6'},{'D4'},{'D3'},{'D5'},{'R1'},{'D1'},{'D2'},{'R3'},{'R2'},&,9.0,&
{'D7'},{'D6'},{'D4'},{'D3'},{'D5'},{'R1'},{'D1'},{'D2'},{'R2'},{'R3'},&,4.0,&
{'D7'},{'D6'},{'D4'},{'D3'},{'D5'},{'R1'},{'D1'},{'R2'},{'R3'},{'D2'},&,1.0,&
{'D7'},{'D6'},{'D4'},{'D3'},{'D5'},{'R1'},{'D1'},{'R2'},{'D2'},{'R3'},&,2.0,&
{'D7'},{'D6'},{'D4'},{'D3'},{'D5'},{'R3'},{'R1'},{'D1'},{'D2'},{'R2'},&,1.0,&
{'D7'},{'D6'},{'D4'},{'D3'},{'D5'},{'R3'},{'D1'},{'D2'},{'R1'},{'R2'},&,8.0,&
{'D7'},{'D6'},{'D4'},{'D3'},{'D5'},{'R3'},{'D1'},{'D2'},{'R2'},{'R1'},&,4.0,&
{'D7'},{'D6'},{'D4'},{'D3'},{'D5'},{'R3'},{'D1'},{'R2'},{'D2'},{'R1'},&,2.0,&
{'D7'},{'D6'},{'D4'},{'D3'},{'D5'},{'R3'},{'D1'},{'R1'},{'D2'},{'R2'},&,1.0,&
{'D7'},{'D6'},{'D4'},{'D3'},{'D2'},{'D5'},{'R2'},{'D1'},{'R3'},{'R1'},&,2.0,&
{'D7'},{'D6'},{'D4'},{'D3'},{'D2'},{'D5'},{'R2'},{'D1'},{'R1'},{'R3'},&,4.0,&
{'D7'},{'D6'},{'D4'},{'D3'},{'D2'},{'D5'},{'R3'},{'R2'},{'R1'},{'D1'},&,1.0,&
{'D7'},{'D6'},{'D4'},{'D3'},{'D2'},{'D5'},{'R3'},{'R1'},{'D1'},{'R2'},&,1.0,&
{'D7'},{'D6'},{'D4'},{'D3'},{'D2'},{'D5'},{'R3'},{'D1'},{'R1'},{'R2'},&,1.0,&
{'D7'},{'D6'},{'D4'},{'D3'},{'D2'},{'D5'},{'R3'},{'D1'},{'R2'},{'R1'},&,2.0,&
{'D7'},{'D6'},{'D4'},{'D3'},{'D2'},{'D5'},{'D1'},{'R3'},{'R1'},{'R2'},&,1.0,&
{'D7'},{'D6'},{'D4'},{'D3'},{'D2'},{'D5'},{'D1'},{'R3'},{'R2'},{'R1'},&,7.0,&
{'D7'},{'D6'},{'D4'},{'D3'},{'D2'},{'D5'},{'D1'},{'R2'},{'R3'},{'R1'},&,4.0,&
{'D7'},{'D6'},{'D4'},{'D3'},{'D2'},{'D5'},{'D1'},{'R2'},{'R1'},{'R3'},&,3.0,&
{'D7'},{'D6'},{'D4'},{'D3'},{'D2'},{'D5'},{'D1'},{'R1'},{'R3'},{'R2'},&,2.0,&
{'D7'},{'D6'},{'D4'},{'D3'},{'D2'},{'D5'},{'D1'},{'R1'},{'R2'},{'R3'},&,6.0,&
{'D7'},{'D6'},{'D4'},{'D3'},{'D2'},{'D1'},{'R2'},{'R1'},{'D5'},{'R3'},&,1.0,&
{'D7'},{'D6'},{'D4'},{'D3'},{'D2'},{'D1'},{'R2'},{'D5'},{'R3'},{'R1'},&,5.0,&
{'D7'},{'D6'},{'D4'},{'D3'},{'D2'},{'D1'},{'R2'},{'D5'},{'R1'},{'R3'},&,2.0,&
{'D7'},{'D6'},{'D4'},{'D3'},{'D2'},{'D1'},{'R3'},{'D5'},{'R1'},{'R2'},&,1.0,&
{'D7'},{'D6'},{'D4'},{'D3'},{'D2'},{'D1'},{'R3'},{'D5'},{'R2'},{'R1'},&,1.0,&
{'D7'},{'D6'},{'D4'},{'D3'},{'D2'},{'D1'},{'D5'},{'R3'},{'R1'},{'R2'},&,2.0,&
{'D7'},{'D6'},{'D4'},{'D3'},{'D2'},{'D1'},{'D5'},{'R3'},{'R2'},{'R1'},&,8.0,&
{'D7'},{'D6'},{'D4'},{'D3'},{'D2'},{'D1'},{'D5'},{'R2'},{'R3'},{'R1'},&,12.0,&
{'D7'},{'D6'},{'D4'},{'D3'},{'D2'},{'D1'},{'D5'},{'R2'},{'R1'},{'R3'},&,6.0,&
{'D7'},{'D6'},{'D4'},{'D3'},{'D2'},{'D1'},{'D5'},{'R1'},{'R3'},{'R2'},&,3.0,&
{'D7'},{'D6'},{'D4'},{'D3'},{'D2'},{'D1'},{'D5'},{'R1'},{'R2'},{'R3'},&,6.0,&
{'D7'},{'D6'},{'D4'},{'D3'},{'D2'},{'D1'},{'R1'},{'R3'},{'D5'},{'R2'},&,2.0,&
{'D7'},{'D6'},{'D4'},{'D3'},{'D2'},{'D1'},{'R1'},{'D5'},{'R3'},{'R2'},&,1.0,&
{'D7'},{'D6'},{'D4'},{'D3'},{'D2'},{'D1'},{'R1'},{'D5'},{'R2'},{'R3'},&,1.0,&
{'D7'},{'D6'},{'D4'},{'D3'},{'D2'},{'R2'},{'D5'},{'D1'},{'R1'},{'R3'},&,1.0,&
{'D7'},{'D6'},{'D4'},{'D3'},{'D2'},{'R3'},{'R1'},{'D1'},{'D5'},{'R2'},&,1.0,&
{'D7'},{'D6'},{'D4'},{'D3'},{'R1'},{'D5'},{'D2'},{'D1'},{'R2'},{'R3'},&,1.0,&
{'D7'},{'D6'},{'D4'},{'D3'},{'R1'},{'D5'},{'D1'},{'D2'},{'R3'},{'R2'},&,2.0,&
{'D7'},{'D6'},{'D4'},{'D3'},{'R1'},{'D1'},{'D2'},{'D5'},{'R3'},{'R2'},&,1.0,&
{'D7'},{'D6'},{'D4'},{'D3'},{'R1'},{'D1'},{'R3'},{'D5'},{'D2'},{'R2'},&,2.0,&
{'D7'},{'D6'},{'D4'},{'D3'},{'R1'},{'D1'},{'D5'},{'D2'},{'R3'},{'R2'},&,1.0,&
{'D7'},{'D6'},{'D4'},{'D3'},{'R1'},{'D1'},{'D5'},{'D2'},{'R2'},{'R3'},&,3.0,&
{'D7'},{'D6'},{'D4'},{'D3'},{'R1'},{'D1'},{'D5'},{'R2'},{'R3'},{'D2'},&,2.0,&
{'D7'},{'D6'},{'D4'},{'D3'},{'R1'},{'D1'},{'D5'},{'R2'},{'D2'},{'R3'},&,1.0,&
{'D7'},{'D6'},{'D4'},{'D3'},{'R1'},{'D2'},{'D1'},{'D5'},{'R2'},{'R3'},&,1.0,&
{'D7'},{'D6'},{'D4'},{'D3'},{'R2'},{'D5'},{'D1'},{'D2'},{'R3'},{'R1'},&,4.0,&
{'D7'},{'D6'},{'D4'},{'D3'},{'R2'},{'D5'},{'D1'},{'D2'},{'R1'},{'R3'},&,4.0,&
{'D7'},{'D6'},{'D4'},{'D3'},{'R2'},{'D5'},{'D1'},{'R3'},{'R1'},{'D2'},&,1.0,&
{'D7'},{'D6'},{'D4'},{'D3'},{'R2'},{'D5'},{'D1'},{'R3'},{'D2'},{'R1'},&,2.0,&
{'D7'},{'D6'},{'D4'},{'D3'},{'R2'},{'D1'},{'D2'},{'D5'},{'R1'},{'R3'},&,2.0,&
{'D7'},{'D6'},{'D4'},{'D3'},{'R2'},{'D1'},{'D5'},{'D2'},{'R3'},{'R1'},&,4.0,&
{'D7'},{'D6'},{'D4'},{'D3'},{'R2'},{'D1'},{'D5'},{'D2'},{'R1'},{'R3'},&,3.0,&
{'D7'},{'D6'},{'D4'},{'D3'},{'R2'},{'D1'},{'D5'},{'R3'},{'D2'},{'R1'},&,1.0,&
{'D7'},{'D6'},{'D4'},{'D3'},{'R2'},{'D1'},{'D5'},{'R1'},{'D2'},{'R3'},&,1.0,&
{'D7'},{'D6'},{'D4'},{'D3'},{'R2'},{'D1'},{'R1'},{'D5'},{'R3'},{'D2'},&,1.0,&
{'D7'},{'D6'},{'D4'},{'D3'},{'R2'},{'D2'},{'R3'},{'D1'},{'D5'},{'R1'},&,1.0,&
{'D7'},{'D6'},{'D4'},{'D3'},{'R2'},{'R1'},{'D2'},{'R3'},{'D5'},{'D1'},&,1.0,&
{'D7'},{'D6'},{'D4'},{'D3'},{'R2'},{'R3'},{'D5'},{'D1'},{'D2'},{'R1'},&,1.0,&
{'D7'},{'D6'},{'D4'},{'D3'},{'R3'},{'D5'},{'D1'},{'D2'},{'R2'},{'R1'},&,1.0,&
{'D7'},{'D6'},{'D4'},{'D3'},{'R3'},{'D5'},{'D1'},{'R2'},{'D2'},{'R1'},&,1.0,&
{'D7'},{'D6'},{'D4'},{'D3'},{'R3'},{'D5'},{'D1'},{'R1'},{'R2'},{'D2'},&,1.0,&
{'D7'},{'D6'},{'D4'},{'D3'},{'R3'},{'D1'},{'R2'},{'D5'},{'R1'},{'D2'},&,1.0,&
{'D7'},{'D6'},{'D4'},{'D3'},{'R3'},{'D1'},{'D5'},{'D2'},{'R1'},{'R2'},&,2.0,&
{'D7'},{'D6'},{'D4'},{'D3'},{'R3'},{'D1'},{'D5'},{'D2'},{'R2'},{'R1'},&,3.0,&
{'D7'},{'D6'},{'D4'},{'D3'},{'R3'},{'D1'},{'D5'},{'R1'},{'D2'},{'R2'},&,1.0,&
{'D7'},{'D6'},{'D4'},{'D2'},{'D3'},{'D5'},{'R2'},{'D1'},{'R3'},{'R1'},&,2.0,&
{'D7'},{'D6'},{'D4'},{'D2'},{'D3'},{'D5'},{'R2'},{'D1'},{'R1'},{'R3'},&,1.0,&
{'D7'},{'D6'},{'D4'},{'D2'},{'D3'},{'D5'},{'R1'},{'R3'},{'D1'},{'R2'},&,1.0,&
{'D7'},{'D6'},{'D4'},{'D2'},{'D3'},{'D5'},{'D1'},{'R3'},{'R2'},{'R1'},&,3.0,&
{'D7'},{'D6'},{'D4'},{'D2'},{'D3'},{'D5'},{'D1'},{'R2'},{'R3'},{'R1'},&,5.0,&
{'D7'},{'D6'},{'D4'},{'D2'},{'D3'},{'D5'},{'D1'},{'R2'},{'R1'},{'R3'},&,2.0,&
{'D7'},{'D6'},{'D4'},{'D2'},{'D3'},{'D5'},{'D1'},{'R1'},{'R3'},{'R2'},&,1.0,&
{'D7'},{'D6'},{'D4'},{'D2'},{'D3'},{'D1'},{'R2'},{'R3'},{'D5'},{'R1'},&,1.0,&
{'D7'},{'D6'},{'D4'},{'D2'},{'D3'},{'D1'},{'R2'},{'D5'},{'R1'},{'R3'},&,2.0,&
{'D7'},{'D6'},{'D4'},{'D2'},{'D3'},{'D1'},{'D5'},{'R3'},{'R1'},{'R2'},&,1.0,&
{'D7'},{'D6'},{'D4'},{'D2'},{'D3'},{'D1'},{'D5'},{'R3'},{'R2'},{'R1'},&,2.0,&
{'D7'},{'D6'},{'D4'},{'D2'},{'D3'},{'D1'},{'D5'},{'R2'},{'R3'},{'R1'},&,5.0,&
{'D7'},{'D6'},{'D4'},{'D2'},{'D3'},{'D1'},{'D5'},{'R2'},{'R1'},{'R3'},&,4.0,&
{'D7'},{'D6'},{'D4'},{'D2'},{'D3'},{'D1'},{'D5'},{'R1'},{'R3'},{'R2'},&,3.0,&
{'D7'},{'D6'},{'D4'},{'D2'},{'D3'},{'D1'},{'D5'},{'R1'},{'R2'},{'R3'},&,2.0,&
{'D7'},{'D6'},{'D4'},{'D2'},{'D3'},{'D1'},{'R1'},{'R3'},{'D5'},{'R2'},&,1.0,&
{'D7'},{'D6'},{'D4'},{'D2'},{'D3'},{'D1'},{'R1'},{'D5'},{'R2'},{'R3'},&,2.0,&
{'D7'},{'D6'},{'D4'},{'D2'},{'D1'},{'D3'},{'D5'},{'R3'},{'R2'},{'R1'},&,3.0,&
{'D7'},{'D6'},{'D4'},{'D2'},{'D1'},{'D3'},{'D5'},{'R2'},{'R3'},{'R1'},&,2.0,&
{'D7'},{'D6'},{'D4'},{'D2'},{'D1'},{'D3'},{'D5'},{'R1'},{'R3'},{'R2'},&,2.0,&
{'D7'},{'D6'},{'D4'},{'D2'},{'D1'},{'D3'},{'D5'},{'R1'},{'R2'},{'R3'},&,2.0,&
{'D7'},{'D6'},{'D4'},{'D2'},{'D5'},{'D1'},{'D3'},{'R1'},{'R3'},{'R2'},&,1.0,&
{'D7'},{'D6'},{'D4'},{'D2'},{'D5'},{'D3'},{'D1'},{'R2'},{'R3'},{'R1'},&,1.0,&
{'D7'},{'D6'},{'D4'},{'D2'},{'D5'},{'D3'},{'D1'},{'R2'},{'R1'},{'R3'},&,1.0,&
{'D7'},{'D6'},{'D4'},{'R2'},{'D3'},{'D5'},{'D1'},{'D2'},{'R3'},{'R1'},&,1.0,&
{'D7'},{'D6'},{'D4'},{'R2'},{'D3'},{'D1'},{'D5'},{'D2'},{'R3'},{'R1'},&,1.0,&
{'D7'},{'D6'},{'D4'},{'R2'},{'D3'},{'D1'},{'D5'},{'D2'},{'R1'},{'R3'},&,1.0,&
{'D7'},{'D6'},{'D4'},{'R2'},{'D3'},{'D1'},{'D5'},{'R3'},{'D2'},{'R1'},&,1.0,&
{'D7'},{'D6'},{'D4'},{'R2'},{'D3'},{'D1'},{'D5'},{'R1'},{'D2'},{'R3'},&,2.0,&
{'D7'},{'D6'},{'D4'},{'R2'},{'D1'},{'D3'},{'D2'},{'R3'},{'D5'},{'R1'},&,1.0,&
{'D7'},{'D6'},{'D4'},{'R2'},{'D1'},{'D3'},{'D5'},{'D2'},{'R3'},{'R1'},&,1.0,&
{'D7'},{'D6'},{'D4'},{'R2'},{'D1'},{'D3'},{'D5'},{'R3'},{'D2'},{'R1'},&,1.0,&
{'D7'},{'D6'},{'D4'},{'R2'},{'D5'},{'D3'},{'D1'},{'D2'},{'R3'},{'R1'},&,1.0,&
{'D7'},{'D6'},{'D4'},{'R2'},{'D5'},{'D3'},{'D1'},{'R3'},{'R1'},{'D2'},&,1.0,&
{'D7'},{'D6'},{'D4'},{'R3'},{'D3'},{'D5'},{'R2'},{'D2'},{'D1'},{'R1'},&,1.0,&
{'D7'},{'D6'},{'D4'},{'R3'},{'D3'},{'D5'},{'D1'},{'D2'},{'R2'},{'R1'},&,2.0,&
{'D7'},{'D6'},{'D4'},{'R3'},{'D3'},{'D1'},{'D5'},{'D2'},{'R1'},{'R2'},&,1.0,&
{'D7'},{'D6'},{'D4'},{'R3'},{'D3'},{'D1'},{'D5'},{'D2'},{'R2'},{'R1'},&,2.0,&
{'D7'},{'D6'},{'D4'},{'R3'},{'D1'},{'D5'},{'D3'},{'D2'},{'R2'},{'R1'},&,1.0,&
{'D7'},{'D6'},{'D4'},{'R3'},{'D1'},{'D3'},{'D5'},{'D2'},{'R2'},{'R1'},&,3.0,&
{'D7'},{'D6'},{'D4'},{'R1'},{'D3'},{'D1'},{'D5'},{'R2'},{'R3'},{'D2'},&,1.0,&
{'D7'},{'D6'},{'D4'},{'R1'},{'D3'},{'D1'},{'D5'},{'R2'},{'D2'},{'R3'},&,1.0,&
{'D7'},{'D6'},{'D4'},{'R1'},{'D1'},{'D3'},{'D5'},{'D2'},{'R3'},{'R2'},&,1.0,&
{'D7'},{'D6'},{'D4'},{'R1'},{'D5'},{'D3'},{'D1'},{'D2'},{'R3'},{'R2'},&,1.0,&
{'D7'},{'D6'},{'D4'},{'R1'},{'D5'},{'D3'},{'D1'},{'D2'},{'R2'},{'R3'},&,1.0,&
{'D7'},{'D6'},{'D3'},{'D1'},{'D5'},{'D4'},{'R2'},{'D2'},{'R3'},{'R1'},&,41.0,&
{'D7'},{'D6'},{'D3'},{'D1'},{'D5'},{'D4'},{'R2'},{'D2'},{'R1'},{'R3'},&,36.0,&
{'D7'},{'D6'},{'D3'},{'D1'},{'D5'},{'D4'},{'R2'},{'R3'},{'R1'},{'D2'},&,7.0,&
{'D7'},{'D6'},{'D3'},{'D1'},{'D5'},{'D4'},{'R2'},{'R3'},{'D2'},{'R1'},&,11.0,&
{'D7'},{'D6'},{'D3'},{'D1'},{'D5'},{'D4'},{'R2'},{'R1'},{'R3'},{'D2'},&,2.0,&
{'D7'},{'D6'},{'D3'},{'D1'},{'D5'},{'D4'},{'R2'},{'R1'},{'D2'},{'R3'},&,9.0,&
{'D7'},{'D6'},{'D3'},{'D1'},{'D5'},{'D4'},{'D2'},{'R3'},{'R1'},{'R2'},&,65.0,&
{'D7'},{'D6'},{'D3'},{'D1'},{'D5'},{'D4'},{'D2'},{'R3'},{'R2'},{'R1'},&,121.0,&
{'D7'},{'D6'},{'D3'},{'D1'},{'D5'},{'D4'},{'D2'},{'R2'},{'R3'},{'R1'},&,169.0,&
{'D7'},{'D6'},{'D3'},{'D1'},{'D5'},{'D4'},{'D2'},{'R2'},{'R1'},{'R3'},&,140.0,&
{'D7'},{'D6'},{'D3'},{'D1'},{'D5'},{'D4'},{'D2'},{'R1'},{'R3'},{'R2'},&,53.0,&
{'D7'},{'D6'},{'D3'},{'D1'},{'D5'},{'D4'},{'D2'},{'R1'},{'R2'},{'R3'},&,67.0,&
{'D7'},{'D6'},{'D3'},{'D1'},{'D5'},{'D4'},{'R3'},{'D2'},{'R1'},{'R2'},&,12.0,&
{'D7'},{'D6'},{'D3'},{'D1'},{'D5'},{'D4'},{'R3'},{'D2'},{'R2'},{'R1'},&,35.0,&
{'D7'},{'D6'},{'D3'},{'D1'},{'D5'},{'D4'},{'R3'},{'R2'},{'D2'},{'R1'},&,10.0,&
{'D7'},{'D6'},{'D3'},{'D1'},{'D5'},{'D4'},{'R3'},{'R1'},{'D2'},{'R2'},&,2.0,&
{'D7'},{'D6'},{'D3'},{'D1'},{'D5'},{'D4'},{'R1'},{'D2'},{'R3'},{'R2'},&,14.0,&
{'D7'},{'D6'},{'D3'},{'D1'},{'D5'},{'D4'},{'R1'},{'D2'},{'R2'},{'R3'},&,25.0,&
{'D7'},{'D6'},{'D3'},{'D1'},{'D5'},{'D4'},{'R1'},{'R3'},{'D2'},{'R2'},&,4.0,&
{'D7'},{'D6'},{'D3'},{'D1'},{'D5'},{'D4'},{'R1'},{'R2'},{'R3'},{'D2'},&,2.0,&
{'D7'},{'D6'},{'D3'},{'D1'},{'D5'},{'D4'},{'R1'},{'R2'},{'D2'},{'R3'},&,8.0,&
{'D7'},{'D6'},{'D3'},{'D1'},{'D5'},{'R2'},{'R3'},{'D4'},{'D2'},{'R1'},&,1.0,&
{'D7'},{'D6'},{'D3'},{'D1'},{'D5'},{'R2'},{'D4'},{'D2'},{'R3'},{'R1'},&,11.0,&
{'D7'},{'D6'},{'D3'},{'D1'},{'D5'},{'R2'},{'D4'},{'D2'},{'R1'},{'R3'},&,9.0,&
{'D7'},{'D6'},{'D3'},{'D1'},{'D5'},{'R2'},{'D4'},{'R3'},{'R1'},{'D2'},&,1.0,&
{'D7'},{'D6'},{'D3'},{'D1'},{'D5'},{'R2'},{'D4'},{'R3'},{'D2'},{'R1'},&,1.0,&
{'D7'},{'D6'},{'D3'},{'D1'},{'D5'},{'R2'},{'D4'},{'R1'},{'D2'},{'R3'},&,2.0,&
{'D7'},{'D6'},{'D3'},{'D1'},{'D5'},{'D2'},{'R2'},{'R3'},{'D4'},{'R1'},&,1.0,&
{'D7'},{'D6'},{'D3'},{'D1'},{'D5'},{'D2'},{'R2'},{'R1'},{'D4'},{'R3'},&,1.0,&
{'D7'},{'D6'},{'D3'},{'D1'},{'D5'},{'D2'},{'R2'},{'D4'},{'R3'},{'R1'},&,2.0,&
{'D7'},{'D6'},{'D3'},{'D1'},{'D5'},{'D2'},{'R2'},{'D4'},{'R1'},{'R3'},&,1.0,&
{'D7'},{'D6'},{'D3'},{'D1'},{'D5'},{'D2'},{'R3'},{'R2'},{'D4'},{'R1'},&,3.0,&
{'D7'},{'D6'},{'D3'},{'D1'},{'D5'},{'D2'},{'R3'},{'D4'},{'R2'},{'R1'},&,1.0,&
{'D7'},{'D6'},{'D3'},{'D1'},{'D5'},{'D2'},{'R1'},{'D4'},{'R2'},{'R3'},&,1.0,&
{'D7'},{'D6'},{'D3'},{'D1'},{'D5'},{'D2'},{'D4'},{'R3'},{'R1'},{'R2'},&,3.0,&
{'D7'},{'D6'},{'D3'},{'D1'},{'D5'},{'D2'},{'D4'},{'R3'},{'R2'},{'R1'},&,8.0,&
{'D7'},{'D6'},{'D3'},{'D1'},{'D5'},{'D2'},{'D4'},{'R2'},{'R3'},{'R1'},&,6.0,&
{'D7'},{'D6'},{'D3'},{'D1'},{'D5'},{'D2'},{'D4'},{'R2'},{'R1'},{'R3'},&,5.0,&
{'D7'},{'D6'},{'D3'},{'D1'},{'D5'},{'D2'},{'D4'},{'R1'},{'R3'},{'R2'},&,1.0,&
{'D7'},{'D6'},{'D3'},{'D1'},{'D5'},{'R1'},{'D2'},{'D4'},{'R2'},{'R3'},&,1.0,&
{'D7'},{'D6'},{'D3'},{'D1'},{'D5'},{'R1'},{'D4'},{'D2'},{'R3'},{'R2'},&,3.0,&
{'D7'},{'D6'},{'D3'},{'D1'},{'D5'},{'R1'},{'D4'},{'D2'},{'R2'},{'R3'},&,5.0,&
{'D7'},{'D6'},{'D3'},{'D1'},{'D5'},{'R1'},{'D4'},{'R3'},{'D2'},{'R2'},&,1.0,&
{'D7'},{'D6'},{'D3'},{'D1'},{'D5'},{'R3'},{'D4'},{'D2'},{'R1'},{'R2'},&,3.0,&
{'D7'},{'D6'},{'D3'},{'D1'},{'D5'},{'R3'},{'D4'},{'D2'},{'R2'},{'R1'},&,10.0,&
{'D7'},{'D6'},{'D3'},{'D1'},{'D5'},{'R3'},{'D4'},{'R2'},{'R1'},{'D2'},&,1.0,&
{'D7'},{'D6'},{'D3'},{'D1'},{'D4'},{'D5'},{'R2'},{'D2'},{'R3'},{'R1'},&,85.0,&
{'D7'},{'D6'},{'D3'},{'D1'},{'D4'},{'D5'},{'R2'},{'D2'},{'R1'},{'R3'},&,85.0,&
{'D7'},{'D6'},{'D3'},{'D1'},{'D4'},{'D5'},{'R2'},{'R3'},{'R1'},{'D2'},&,9.0,&
{'D7'},{'D6'},{'D3'},{'D1'},{'D4'},{'D5'},{'R2'},{'R3'},{'D2'},{'R1'},&,26.0,&
{'D7'},{'D6'},{'D3'},{'D1'},{'D4'},{'D5'},{'R2'},{'R1'},{'R3'},{'D2'},&,2.0,&
{'D7'},{'D6'},{'D3'},{'D1'},{'D4'},{'D5'},{'R2'},{'R1'},{'D2'},{'R3'},&,21.0,&
{'D7'},{'D6'},{'D3'},{'D1'},{'D4'},{'D5'},{'D2'},{'R3'},{'R1'},{'R2'},&,135.0,&
{'D7'},{'D6'},{'D3'},{'D1'},{'D4'},{'D5'},{'D2'},{'R3'},{'R2'},{'R1'},&,294.0,&
{'D7'},{'D6'},{'D3'},{'D1'},{'D4'},{'D5'},{'D2'},{'R2'},{'R3'},{'R1'},&,345.0,&
{'D7'},{'D6'},{'D3'},{'D1'},{'D4'},{'D5'},{'D2'},{'R2'},{'R1'},{'R3'},&,319.0,&
{'D7'},{'D6'},{'D3'},{'D1'},{'D4'},{'D5'},{'D2'},{'R1'},{'R3'},{'R2'},&,139.0,&
{'D7'},{'D6'},{'D3'},{'D1'},{'D4'},{'D5'},{'D2'},{'R1'},{'R2'},{'R3'},&,250.0,&
{'D7'},{'D6'},{'D3'},{'D1'},{'D4'},{'D5'},{'R3'},{'D2'},{'R1'},{'R2'},&,42.0,&
{'D7'},{'D6'},{'D3'},{'D1'},{'D4'},{'D5'},{'R3'},{'D2'},{'R2'},{'R1'},&,75.0,&
{'D7'},{'D6'},{'D3'},{'D1'},{'D4'},{'D5'},{'R3'},{'R2'},{'R1'},{'D2'},&,1.0,&
{'D7'},{'D6'},{'D3'},{'D1'},{'D4'},{'D5'},{'R3'},{'R2'},{'D2'},{'R1'},&,19.0,&
{'D7'},{'D6'},{'D3'},{'D1'},{'D4'},{'D5'},{'R3'},{'R1'},{'D2'},{'R2'},&,8.0,&
{'D7'},{'D6'},{'D3'},{'D1'},{'D4'},{'D5'},{'R3'},{'R1'},{'R2'},{'D2'},&,3.0,&
{'D7'},{'D6'},{'D3'},{'D1'},{'D4'},{'D5'},{'R1'},{'D2'},{'R3'},{'R2'},&,44.0,&
{'D7'},{'D6'},{'D3'},{'D1'},{'D4'},{'D5'},{'R1'},{'D2'},{'R2'},{'R3'},&,57.0,&
{'D7'},{'D6'},{'D3'},{'D1'},{'D4'},{'D5'},{'R1'},{'R3'},{'D2'},{'R2'},&,13.0,&
{'D7'},{'D6'},{'D3'},{'D1'},{'D4'},{'D5'},{'R1'},{'R3'},{'R2'},{'D2'},&,1.0,&
{'D7'},{'D6'},{'D3'},{'D1'},{'D4'},{'D5'},{'R1'},{'R2'},{'R3'},{'D2'},&,4.0,&
{'D7'},{'D6'},{'D3'},{'D1'},{'D4'},{'D5'},{'R1'},{'R2'},{'D2'},{'R3'},&,11.0,&
{'D7'},{'D6'},{'D3'},{'D1'},{'D4'},{'R2'},{'D2'},{'R3'},{'D5'},{'R1'},&,1.0,&
{'D7'},{'D6'},{'D3'},{'D1'},{'D4'},{'R2'},{'D2'},{'D5'},{'R3'},{'R1'},&,2.0,&
{'D7'},{'D6'},{'D3'},{'D1'},{'D4'},{'R2'},{'D2'},{'D5'},{'R1'},{'R3'},&,3.0,&
{'D7'},{'D6'},{'D3'},{'D1'},{'D4'},{'R2'},{'R3'},{'D5'},{'D2'},{'R1'},&,1.0,&
{'D7'},{'D6'},{'D3'},{'D1'},{'D4'},{'R2'},{'D5'},{'D2'},{'R3'},{'R1'},&,19.0,&
{'D7'},{'D6'},{'D3'},{'D1'},{'D4'},{'R2'},{'D5'},{'D2'},{'R1'},{'R3'},&,20.0,&
{'D7'},{'D6'},{'D3'},{'D1'},{'D4'},{'R2'},{'D5'},{'R3'},{'R1'},{'D2'},&,1.0,&
{'D7'},{'D6'},{'D3'},{'D1'},{'D4'},{'R2'},{'D5'},{'R3'},{'D2'},{'R1'},&,9.0,&
{'D7'},{'D6'},{'D3'},{'D1'},{'D4'},{'R2'},{'D5'},{'R1'},{'R3'},{'D2'},&,1.0,&
{'D7'},{'D6'},{'D3'},{'D1'},{'D4'},{'R2'},{'D5'},{'R1'},{'D2'},{'R3'},&,5.0,&
{'D7'},{'D6'},{'D3'},{'D1'},{'D4'},{'R2'},{'R1'},{'D5'},{'D2'},{'R3'},&,3.0,&
{'D7'},{'D6'},{'D3'},{'D1'},{'D4'},{'D2'},{'R2'},{'R3'},{'D5'},{'R1'},&,3.0,&
{'D7'},{'D6'},{'D3'},{'D1'},{'D4'},{'D2'},{'R2'},{'R1'},{'D5'},{'R3'},&,4.0,&
{'D7'},{'D6'},{'D3'},{'D1'},{'D4'},{'D2'},{'R2'},{'D5'},{'R3'},{'R1'},&,5.0,&
{'D7'},{'D6'},{'D3'},{'D1'},{'D4'},{'D2'},{'R2'},{'D5'},{'R1'},{'R3'},&,10.0,&
{'D7'},{'D6'},{'D3'},{'D1'},{'D4'},{'D2'},{'R3'},{'R2'},{'D5'},{'R1'},&,3.0,&
{'D7'},{'D6'},{'D3'},{'D1'},{'D4'},{'D2'},{'R3'},{'D5'},{'R1'},{'R2'},&,4.0,&
{'D7'},{'D6'},{'D3'},{'D1'},{'D4'},{'D2'},{'R3'},{'D5'},{'R2'},{'R1'},&,5.0,&
{'D7'},{'D6'},{'D3'},{'D1'},{'D4'},{'D2'},{'D5'},{'R3'},{'R1'},{'R2'},&,19.0,&
{'D7'},{'D6'},{'D3'},{'D1'},{'D4'},{'D2'},{'D5'},{'R3'},{'R2'},{'R1'},&,30.0,&
{'D7'},{'D6'},{'D3'},{'D1'},{'D4'},{'D2'},{'D5'},{'R2'},{'R3'},{'R1'},&,22.0,&
{'D7'},{'D6'},{'D3'},{'D1'},{'D4'},{'D2'},{'D5'},{'R2'},{'R1'},{'R3'},&,21.0,&
{'D7'},{'D6'},{'D3'},{'D1'},{'D4'},{'D2'},{'D5'},{'R1'},{'R3'},{'R2'},&,12.0,&
{'D7'},{'D6'},{'D3'},{'D1'},{'D4'},{'D2'},{'D5'},{'R1'},{'R2'},{'R3'},&,19.0,&
{'D7'},{'D6'},{'D3'},{'D1'},{'D4'},{'D2'},{'R1'},{'R3'},{'D5'},{'R2'},&,3.0,&
{'D7'},{'D6'},{'D3'},{'D1'},{'D4'},{'D2'},{'R1'},{'D5'},{'R2'},{'R3'},&,2.0,&
{'D7'},{'D6'},{'D3'},{'D1'},{'D4'},{'R1'},{'R2'},{'D5'},{'R3'},{'D2'},&,1.0,&
{'D7'},{'D6'},{'D3'},{'D1'},{'D4'},{'R1'},{'R2'},{'D5'},{'D2'},{'R3'},&,1.0,&
{'D7'},{'D6'},{'D3'},{'D1'},{'D4'},{'R1'},{'D2'},{'R3'},{'D5'},{'R2'},&,1.0,&
{'D7'},{'D6'},{'D3'},{'D1'},{'D4'},{'R1'},{'D2'},{'R2'},{'R3'},{'D5'},&,1.0,&
{'D7'},{'D6'},{'D3'},{'D1'},{'D4'},{'R1'},{'D2'},{'R2'},{'D5'},{'R3'},&,1.0,&
{'D7'},{'D6'},{'D3'},{'D1'},{'D4'},{'R1'},{'D2'},{'D5'},{'R2'},{'R3'},&,2.0,&
{'D7'},{'D6'},{'D3'},{'D1'},{'D4'},{'R1'},{'R3'},{'D5'},{'D2'},{'R2'},&,1.0,&
{'D7'},{'D6'},{'D3'},{'D1'},{'D4'},{'R1'},{'D5'},{'D2'},{'R3'},{'R2'},&,15.0,&
{'D7'},{'D6'},{'D3'},{'D1'},{'D4'},{'R1'},{'D5'},{'D2'},{'R2'},{'R3'},&,14.0,&
{'D7'},{'D6'},{'D3'},{'D1'},{'D4'},{'R1'},{'D5'},{'R2'},{'R3'},{'D2'},&,1.0,&
{'D7'},{'D6'},{'D3'},{'D1'},{'D4'},{'R1'},{'D5'},{'R2'},{'D2'},{'R3'},&,4.0,&
{'D7'},{'D6'},{'D3'},{'D1'},{'D4'},{'R3'},{'R2'},{'D5'},{'D2'},{'R1'},&,1.0,&
{'D7'},{'D6'},{'D3'},{'D1'},{'D4'},{'R3'},{'D2'},{'R2'},{'D5'},{'R1'},&,1.0,&
{'D7'},{'D6'},{'D3'},{'D1'},{'D4'},{'R3'},{'D2'},{'D5'},{'R2'},{'R1'},&,1.0,&
{'D7'},{'D6'},{'D3'},{'D1'},{'D4'},{'R3'},{'D5'},{'D2'},{'R1'},{'R2'},&,9.0,&
{'D7'},{'D6'},{'D3'},{'D1'},{'D4'},{'R3'},{'D5'},{'D2'},{'R2'},{'R1'},&,15.0,&
{'D7'},{'D6'},{'D3'},{'D1'},{'D4'},{'R3'},{'D5'},{'R2'},{'R1'},{'D2'},&,2.0,&
{'D7'},{'D6'},{'D3'},{'D1'},{'D4'},{'R3'},{'D5'},{'R2'},{'D2'},{'R1'},&,2.0,&
{'D7'},{'D6'},{'D3'},{'D1'},{'D4'},{'R3'},{'D5'},{'R1'},{'D2'},{'R2'},&,3.0,&
{'D7'},{'D6'},{'D3'},{'D1'},{'D4'},{'R3'},{'D5'},{'R1'},{'R2'},{'D2'},&,1.0,&
{'D7'},{'D6'},{'D3'},{'D1'},{'D4'},{'R3'},{'R1'},{'D5'},{'D2'},{'R2'},&,1.0,&
{'D7'},{'D6'},{'D3'},{'D1'},{'D2'},{'D5'},{'R2'},{'D4'},{'R3'},{'R1'},&,2.0,&
{'D7'},{'D6'},{'D3'},{'D1'},{'D2'},{'D5'},{'R2'},{'D4'},{'R1'},{'R3'},&,1.0,&
{'D7'},{'D6'},{'D3'},{'D1'},{'D2'},{'D5'},{'R3'},{'R2'},{'D4'},{'R1'},&,1.0,&
{'D7'},{'D6'},{'D3'},{'D1'},{'D2'},{'D5'},{'R3'},{'D4'},{'R1'},{'R2'},&,1.0,&
{'D7'},{'D6'},{'D3'},{'D1'},{'D2'},{'D5'},{'R3'},{'D4'},{'R2'},{'R1'},&,1.0,&
{'D7'},{'D6'},{'D3'},{'D1'},{'D2'},{'D5'},{'R1'},{'D4'},{'R2'},{'R3'},&,1.0,&
{'D7'},{'D6'},{'D3'},{'D1'},{'D2'},{'D5'},{'D4'},{'R3'},{'R1'},{'R2'},&,1.0,&
{'D7'},{'D6'},{'D3'},{'D1'},{'D2'},{'D5'},{'D4'},{'R3'},{'R2'},{'R1'},&,7.0,&
{'D7'},{'D6'},{'D3'},{'D1'},{'D2'},{'D5'},{'D4'},{'R2'},{'R3'},{'R1'},&,2.0,&
{'D7'},{'D6'},{'D3'},{'D1'},{'D2'},{'D5'},{'D4'},{'R2'},{'R1'},{'R3'},&,3.0,&
{'D7'},{'D6'},{'D3'},{'D1'},{'D2'},{'D5'},{'D4'},{'R1'},{'R3'},{'R2'},&,4.0,&
{'D7'},{'D6'},{'D3'},{'D1'},{'D2'},{'D5'},{'D4'},{'R1'},{'R2'},{'R3'},&,2.0,&
{'D7'},{'D6'},{'D3'},{'D1'},{'D2'},{'D4'},{'R2'},{'D5'},{'R3'},{'R1'},&,3.0,&
{'D7'},{'D6'},{'D3'},{'D1'},{'D2'},{'D4'},{'R3'},{'R1'},{'R2'},{'D5'},&,1.0,&
{'D7'},{'D6'},{'D3'},{'D1'},{'D2'},{'D4'},{'R3'},{'D5'},{'R1'},{'R2'},&,3.0,&
{'D7'},{'D6'},{'D3'},{'D1'},{'D2'},{'D4'},{'R3'},{'D5'},{'R2'},{'R1'},&,2.0,&
{'D7'},{'D6'},{'D3'},{'D1'},{'D2'},{'D4'},{'D5'},{'R3'},{'R1'},{'R2'},&,5.0,&
{'D7'},{'D6'},{'D3'},{'D1'},{'D2'},{'D4'},{'D5'},{'R3'},{'R2'},{'R1'},&,14.0,&
{'D7'},{'D6'},{'D3'},{'D1'},{'D2'},{'D4'},{'D5'},{'R2'},{'R3'},{'R1'},&,11.0,&
{'D7'},{'D6'},{'D3'},{'D1'},{'D2'},{'D4'},{'D5'},{'R2'},{'R1'},{'R3'},&,9.0,&
{'D7'},{'D6'},{'D3'},{'D1'},{'D2'},{'D4'},{'D5'},{'R1'},{'R3'},{'R2'},&,2.0,&
{'D7'},{'D6'},{'D3'},{'D1'},{'D2'},{'D4'},{'D5'},{'R1'},{'R2'},{'R3'},&,3.0,&
{'D7'},{'D6'},{'D3'},{'D1'},{'D2'},{'D4'},{'R1'},{'D5'},{'R3'},{'R2'},&,2.0,&
{'D7'},{'D6'},{'D3'},{'D1'},{'D2'},{'D4'},{'R1'},{'D5'},{'R2'},{'R3'},&,3.0,&
{'D7'},{'D6'},{'D3'},{'D1'},{'D2'},{'R2'},{'D5'},{'D4'},{'R3'},{'R1'},&,1.0,&
{'D7'},{'D6'},{'D3'},{'D1'},{'D2'},{'R1'},{'R2'},{'D4'},{'R3'},{'D5'},&,1.0,&
{'D7'},{'D6'},{'D3'},{'D1'},{'D2'},{'R1'},{'D4'},{'D5'},{'R2'},{'R3'},&,1.0,&
{'D7'},{'D6'},{'D3'},{'D1'},{'D2'},{'R3'},{'R2'},{'D4'},{'R1'},{'D5'},&,1.0,&
{'D7'},{'D6'},{'D3'},{'D1'},{'D2'},{'R3'},{'D5'},{'D4'},{'R1'},{'R2'},&,1.0,&
{'D7'},{'D6'},{'D3'},{'D1'},{'D2'},{'R3'},{'D5'},{'D4'},{'R2'},{'R1'},&,1.0,&
{'D7'},{'D6'},{'D3'},{'D1'},{'D2'},{'R3'},{'D4'},{'D5'},{'R1'},{'R2'},&,2.0,&
{'D7'},{'D6'},{'D3'},{'D1'},{'R1'},{'D5'},{'R3'},{'D4'},{'D2'},{'R2'},&,1.0,&
{'D7'},{'D6'},{'D3'},{'D1'},{'R1'},{'D5'},{'D4'},{'D2'},{'R2'},{'R3'},&,1.0,&
{'D7'},{'D6'},{'D3'},{'D1'},{'R1'},{'D4'},{'D5'},{'D2'},{'R3'},{'R2'},&,1.0,&
{'D7'},{'D6'},{'D3'},{'D1'},{'R1'},{'D4'},{'D5'},{'D2'},{'R2'},{'R3'},&,3.0,&
{'D7'},{'D6'},{'D3'},{'D1'},{'R1'},{'D4'},{'D5'},{'R3'},{'D2'},{'R2'},&,1.0,&
{'D7'},{'D6'},{'D3'},{'D1'},{'R1'},{'D4'},{'D5'},{'R2'},{'D2'},{'R3'},&,1.0,&
{'D7'},{'D6'},{'D3'},{'D1'},{'R2'},{'D5'},{'R3'},{'R1'},{'D4'},{'D2'},&,1.0,&
{'D7'},{'D6'},{'D3'},{'D1'},{'R2'},{'D5'},{'D4'},{'D2'},{'R3'},{'R1'},&,2.0,&
{'D7'},{'D6'},{'D3'},{'D1'},{'R2'},{'D5'},{'D4'},{'D2'},{'R1'},{'R3'},&,3.0,&
{'D7'},{'D6'},{'D3'},{'D1'},{'R2'},{'D5'},{'D4'},{'R1'},{'D2'},{'R3'},&,2.0,&
{'D7'},{'D6'},{'D3'},{'D1'},{'R2'},{'D4'},{'R3'},{'D2'},{'D5'},{'R1'},&,1.0,&
{'D7'},{'D6'},{'D3'},{'D1'},{'R2'},{'D4'},{'D5'},{'D2'},{'R3'},{'R1'},&,3.0,&
{'D7'},{'D6'},{'D3'},{'D1'},{'R2'},{'D4'},{'D5'},{'D2'},{'R1'},{'R3'},&,5.0,&
{'D7'},{'D6'},{'D3'},{'D1'},{'R2'},{'D4'},{'D5'},{'R3'},{'D2'},{'R1'},&,1.0,&
{'D7'},{'D6'},{'D3'},{'D1'},{'R2'},{'D4'},{'D5'},{'R1'},{'R3'},{'D2'},&,1.0,&
{'D7'},{'D6'},{'D3'},{'D1'},{'R2'},{'D4'},{'D5'},{'R1'},{'D2'},{'R3'},&,2.0,&
{'D7'},{'D6'},{'D3'},{'D1'},{'R2'},{'D2'},{'D5'},{'R3'},{'D4'},{'R1'},&,1.0,&
{'D7'},{'D6'},{'D3'},{'D1'},{'R2'},{'D2'},{'D4'},{'R1'},{'D5'},{'R3'},&,1.0,&
{'D7'},{'D6'},{'D3'},{'D1'},{'R2'},{'R1'},{'D4'},{'D5'},{'D2'},{'R3'},&,1.0,&
{'D7'},{'D6'},{'D3'},{'D1'},{'R2'},{'R3'},{'D4'},{'D5'},{'D2'},{'R1'},&,1.0,&
{'D7'},{'D6'},{'D3'},{'D1'},{'R3'},{'D5'},{'R2'},{'D2'},{'D4'},{'R1'},&,1.0,&
{'D7'},{'D6'},{'D3'},{'D1'},{'R3'},{'D5'},{'R2'},{'D4'},{'D2'},{'R1'},&,1.0,&
{'D7'},{'D6'},{'D3'},{'D1'},{'R3'},{'D5'},{'D4'},{'D2'},{'R1'},{'R2'},&,2.0,&
{'D7'},{'D6'},{'D3'},{'D1'},{'R3'},{'D5'},{'D4'},{'D2'},{'R2'},{'R1'},&,1.0,&
{'D7'},{'D6'},{'D3'},{'D1'},{'R3'},{'D4'},{'D2'},{'D5'},{'R2'},{'R1'},&,1.0,&
{'D7'},{'D6'},{'D3'},{'D1'},{'R3'},{'D4'},{'D5'},{'D2'},{'R1'},{'R2'},&,1.0,&
{'D7'},{'D6'},{'D3'},{'D1'},{'R3'},{'D4'},{'D5'},{'D2'},{'R2'},{'R1'},&,2.0,&
{'D7'},{'D6'},{'D3'},{'D1'},{'R3'},{'D4'},{'D5'},{'R2'},{'D2'},{'R1'},&,2.0,&
{'D7'},{'D6'},{'D3'},{'D1'},{'R3'},{'D4'},{'R1'},{'D5'},{'D2'},{'R2'},&,1.0,&
{'D7'},{'D6'},{'D3'},{'D5'},{'D1'},{'D4'},{'R2'},{'D2'},{'R3'},{'R1'},&,31.0,&
{'D7'},{'D6'},{'D3'},{'D5'},{'D1'},{'D4'},{'R2'},{'D2'},{'R1'},{'R3'},&,34.0,&
{'D7'},{'D6'},{'D3'},{'D5'},{'D1'},{'D4'},{'R2'},{'R3'},{'R1'},{'D2'},&,4.0,&
{'D7'},{'D6'},{'D3'},{'D5'},{'D1'},{'D4'},{'R2'},{'R3'},{'D2'},{'R1'},&,8.0,&
{'D7'},{'D6'},{'D3'},{'D5'},{'D1'},{'D4'},{'R2'},{'R1'},{'R3'},{'D2'},&,3.0,&
{'D7'},{'D6'},{'D3'},{'D5'},{'D1'},{'D4'},{'R2'},{'R1'},{'D2'},{'R3'},&,7.0,&
{'D7'},{'D6'},{'D3'},{'D5'},{'D1'},{'D4'},{'D2'},{'R3'},{'R1'},{'R2'},&,67.0,&
{'D7'},{'D6'},{'D3'},{'D5'},{'D1'},{'D4'},{'D2'},{'R3'},{'R2'},{'R1'},&,108.0,&
{'D7'},{'D6'},{'D3'},{'D5'},{'D1'},{'D4'},{'D2'},{'R2'},{'R3'},{'R1'},&,143.0,&
{'D7'},{'D6'},{'D3'},{'D5'},{'D1'},{'D4'},{'D2'},{'R2'},{'R1'},{'R3'},&,111.0,&
{'D7'},{'D6'},{'D3'},{'D5'},{'D1'},{'D4'},{'D2'},{'R1'},{'R3'},{'R2'},&,63.0,&
{'D7'},{'D6'},{'D3'},{'D5'},{'D1'},{'D4'},{'D2'},{'R1'},{'R2'},{'R3'},&,71.0,&
{'D7'},{'D6'},{'D3'},{'D5'},{'D1'},{'D4'},{'R3'},{'D2'},{'R1'},{'R2'},&,11.0,&
{'D7'},{'D6'},{'D3'},{'D5'},{'D1'},{'D4'},{'R3'},{'D2'},{'R2'},{'R1'},&,18.0,&
{'D7'},{'D6'},{'D3'},{'D5'},{'D1'},{'D4'},{'R3'},{'R2'},{'R1'},{'D2'},&,2.0,&
{'D7'},{'D6'},{'D3'},{'D5'},{'D1'},{'D4'},{'R3'},{'R2'},{'D2'},{'R1'},&,8.0,&
{'D7'},{'D6'},{'D3'},{'D5'},{'D1'},{'D4'},{'R3'},{'R1'},{'D2'},{'R2'},&,3.0,&
{'D7'},{'D6'},{'D3'},{'D5'},{'D1'},{'D4'},{'R3'},{'R1'},{'R2'},{'D2'},&,1.0,&
{'D7'},{'D6'},{'D3'},{'D5'},{'D1'},{'D4'},{'R1'},{'D2'},{'R3'},{'R2'},&,13.0,&
{'D7'},{'D6'},{'D3'},{'D5'},{'D1'},{'D4'},{'R1'},{'D2'},{'R2'},{'R3'},&,19.0,&
{'D7'},{'D6'},{'D3'},{'D5'},{'D1'},{'D4'},{'R1'},{'R3'},{'D2'},{'R2'},&,5.0,&
{'D7'},{'D6'},{'D3'},{'D5'},{'D1'},{'D4'},{'R1'},{'R2'},{'R3'},{'D2'},&,3.0,&
{'D7'},{'D6'},{'D3'},{'D5'},{'D1'},{'D4'},{'R1'},{'R2'},{'D2'},{'R3'},&,4.0,&
{'D7'},{'D6'},{'D3'},{'D5'},{'D1'},{'R2'},{'D2'},{'R1'},{'D4'},{'R3'},&,1.0,&
{'D7'},{'D6'},{'D3'},{'D5'},{'D1'},{'R2'},{'R3'},{'D4'},{'R1'},{'D2'},&,1.0,&
{'D7'},{'D6'},{'D3'},{'D5'},{'D1'},{'R2'},{'R3'},{'D4'},{'D2'},{'R1'},&,1.0,&
{'D7'},{'D6'},{'D3'},{'D5'},{'D1'},{'R2'},{'R1'},{'D4'},{'R3'},{'D2'},&,1.0,&
{'D7'},{'D6'},{'D3'},{'D5'},{'D1'},{'R2'},{'D4'},{'D2'},{'R3'},{'R1'},&,7.0,&
{'D7'},{'D6'},{'D3'},{'D5'},{'D1'},{'R2'},{'D4'},{'D2'},{'R1'},{'R3'},&,7.0,&
{'D7'},{'D6'},{'D3'},{'D5'},{'D1'},{'R2'},{'D4'},{'R3'},{'D2'},{'R1'},&,3.0,&
{'D7'},{'D6'},{'D3'},{'D5'},{'D1'},{'R2'},{'D4'},{'R1'},{'D2'},{'R3'},&,2.0,&
{'D7'},{'D6'},{'D3'},{'D5'},{'D1'},{'D2'},{'R2'},{'R3'},{'D4'},{'R1'},&,2.0,&
{'D7'},{'D6'},{'D3'},{'D5'},{'D1'},{'D2'},{'R2'},{'R1'},{'D4'},{'R3'},&,1.0,&
{'D7'},{'D6'},{'D3'},{'D5'},{'D1'},{'D2'},{'R2'},{'D4'},{'R3'},{'R1'},&,1.0,&
{'D7'},{'D6'},{'D3'},{'D5'},{'D1'},{'D2'},{'R2'},{'D4'},{'R1'},{'R3'},&,1.0,&
{'D7'},{'D6'},{'D3'},{'D5'},{'D1'},{'D2'},{'R1'},{'D4'},{'R3'},{'R2'},&,1.0,&
{'D7'},{'D6'},{'D3'},{'D5'},{'D1'},{'D2'},{'D4'},{'R3'},{'R1'},{'R2'},&,4.0,&
{'D7'},{'D6'},{'D3'},{'D5'},{'D1'},{'D2'},{'D4'},{'R3'},{'R2'},{'R1'},&,1.0,&
{'D7'},{'D6'},{'D3'},{'D5'},{'D1'},{'D2'},{'D4'},{'R2'},{'R3'},{'R1'},&,4.0,&
{'D7'},{'D6'},{'D3'},{'D5'},{'D1'},{'D2'},{'D4'},{'R2'},{'R1'},{'R3'},&,4.0,&
{'D7'},{'D6'},{'D3'},{'D5'},{'D1'},{'D2'},{'D4'},{'R1'},{'R2'},{'R3'},&,1.0,&
{'D7'},{'D6'},{'D3'},{'D5'},{'D1'},{'R1'},{'D4'},{'D2'},{'R3'},{'R2'},&,4.0,&
{'D7'},{'D6'},{'D3'},{'D5'},{'D1'},{'R1'},{'D4'},{'D2'},{'R2'},{'R3'},&,11.0,&
{'D7'},{'D6'},{'D3'},{'D5'},{'D1'},{'R1'},{'D4'},{'R3'},{'R2'},{'D2'},&,1.0,&
{'D7'},{'D6'},{'D3'},{'D5'},{'D1'},{'R1'},{'D4'},{'R2'},{'D2'},{'R3'},&,4.0,&
{'D7'},{'D6'},{'D3'},{'D5'},{'D1'},{'R3'},{'R2'},{'D4'},{'D2'},{'R1'},&,1.0,&
{'D7'},{'D6'},{'D3'},{'D5'},{'D1'},{'R3'},{'D2'},{'D4'},{'R2'},{'R1'},&,1.0,&
{'D7'},{'D6'},{'D3'},{'D5'},{'D1'},{'R3'},{'D4'},{'D2'},{'R1'},{'R2'},&,5.0,&
{'D7'},{'D6'},{'D3'},{'D5'},{'D1'},{'R3'},{'D4'},{'D2'},{'R2'},{'R1'},&,11.0,&
{'D7'},{'D6'},{'D3'},{'D5'},{'D1'},{'R3'},{'D4'},{'R2'},{'D2'},{'R1'},&,1.0,&
{'D7'},{'D6'},{'D3'},{'D5'},{'D4'},{'D1'},{'R2'},{'D2'},{'R3'},{'R1'},&,45.0,&
{'D7'},{'D6'},{'D3'},{'D5'},{'D4'},{'D1'},{'R2'},{'D2'},{'R1'},{'R3'},&,51.0,&
{'D7'},{'D6'},{'D3'},{'D5'},{'D4'},{'D1'},{'R2'},{'R3'},{'R1'},{'D2'},&,2.0,&
{'D7'},{'D6'},{'D3'},{'D5'},{'D4'},{'D1'},{'R2'},{'R3'},{'D2'},{'R1'},&,5.0,&
{'D7'},{'D6'},{'D3'},{'D5'},{'D4'},{'D1'},{'R2'},{'R1'},{'R3'},{'D2'},&,3.0,&
{'D7'},{'D6'},{'D3'},{'D5'},{'D4'},{'D1'},{'R2'},{'R1'},{'D2'},{'R3'},&,16.0,&
{'D7'},{'D6'},{'D3'},{'D5'},{'D4'},{'D1'},{'D2'},{'R3'},{'R1'},{'R2'},&,50.0,&
{'D7'},{'D6'},{'D3'},{'D5'},{'D4'},{'D1'},{'D2'},{'R3'},{'R2'},{'R1'},&,151.0,&
{'D7'},{'D6'},{'D3'},{'D5'},{'D4'},{'D1'},{'D2'},{'R2'},{'R3'},{'R1'},&,197.0,&
{'D7'},{'D6'},{'D3'},{'D5'},{'D4'},{'D1'},{'D2'},{'R2'},{'R1'},{'R3'},&,164.0,&
{'D7'},{'D6'},{'D3'},{'D5'},{'D4'},{'D1'},{'D2'},{'R1'},{'R3'},{'R2'},&,79.0,&
{'D7'},{'D6'},{'D3'},{'D5'},{'D4'},{'D1'},{'D2'},{'R1'},{'R2'},{'R3'},&,116.0,&
{'D7'},{'D6'},{'D3'},{'D5'},{'D4'},{'D1'},{'R3'},{'D2'},{'R1'},{'R2'},&,14.0,&
{'D7'},{'D6'},{'D3'},{'D5'},{'D4'},{'D1'},{'R3'},{'D2'},{'R2'},{'R1'},&,33.0,&
{'D7'},{'D6'},{'D3'},{'D5'},{'D4'},{'D1'},{'R3'},{'R2'},{'R1'},{'D2'},&,2.0,&
{'D7'},{'D6'},{'D3'},{'D5'},{'D4'},{'D1'},{'R3'},{'R2'},{'D2'},{'R1'},&,8.0,&
{'D7'},{'D6'},{'D3'},{'D5'},{'D4'},{'D1'},{'R3'},{'R1'},{'D2'},{'R2'},&,5.0,&
{'D7'},{'D6'},{'D3'},{'D5'},{'D4'},{'D1'},{'R1'},{'D2'},{'R3'},{'R2'},&,21.0,&
{'D7'},{'D6'},{'D3'},{'D5'},{'D4'},{'D1'},{'R1'},{'D2'},{'R2'},{'R3'},&,26.0,&
{'D7'},{'D6'},{'D3'},{'D5'},{'D4'},{'D1'},{'R1'},{'R3'},{'D2'},{'R2'},&,2.0,&
{'D7'},{'D6'},{'D3'},{'D5'},{'D4'},{'D1'},{'R1'},{'R2'},{'R3'},{'D2'},&,2.0,&
{'D7'},{'D6'},{'D3'},{'D5'},{'D4'},{'D1'},{'R1'},{'R2'},{'D2'},{'R3'},&,13.0,&
{'D7'},{'D6'},{'D3'},{'D5'},{'D4'},{'R2'},{'D2'},{'D1'},{'R3'},{'R1'},&,1.0,&
{'D7'},{'D6'},{'D3'},{'D5'},{'D4'},{'R2'},{'D2'},{'D1'},{'R1'},{'R3'},&,1.0,&
{'D7'},{'D6'},{'D3'},{'D5'},{'D4'},{'R2'},{'R3'},{'D2'},{'D1'},{'R1'},&,1.0,&
{'D7'},{'D6'},{'D3'},{'D5'},{'D4'},{'R2'},{'R3'},{'D1'},{'D2'},{'R1'},&,1.0,&
{'D7'},{'D6'},{'D3'},{'D5'},{'D4'},{'R2'},{'R1'},{'D1'},{'D2'},{'R3'},&,2.0,&
{'D7'},{'D6'},{'D3'},{'D5'},{'D4'},{'R2'},{'D1'},{'D2'},{'R3'},{'R1'},&,10.0,&
{'D7'},{'D6'},{'D3'},{'D5'},{'D4'},{'R2'},{'D1'},{'D2'},{'R1'},{'R3'},&,16.0,&
{'D7'},{'D6'},{'D3'},{'D5'},{'D4'},{'R2'},{'D1'},{'R3'},{'R1'},{'D2'},&,3.0,&
{'D7'},{'D6'},{'D3'},{'D5'},{'D4'},{'R2'},{'D1'},{'R3'},{'D2'},{'R1'},&,9.0,&
{'D7'},{'D6'},{'D3'},{'D5'},{'D4'},{'R2'},{'D1'},{'R1'},{'D2'},{'R3'},&,2.0,&
{'D7'},{'D6'},{'D3'},{'D5'},{'D4'},{'D2'},{'R2'},{'R3'},{'R1'},{'D1'},&,1.0,&
{'D7'},{'D6'},{'D3'},{'D5'},{'D4'},{'D2'},{'R2'},{'R3'},{'D1'},{'R1'},&,1.0,&
{'D7'},{'D6'},{'D3'},{'D5'},{'D4'},{'D2'},{'R2'},{'R1'},{'D1'},{'R3'},&,1.0,&
{'D7'},{'D6'},{'D3'},{'D5'},{'D4'},{'D2'},{'R2'},{'D1'},{'R3'},{'R1'},&,2.0,&
{'D7'},{'D6'},{'D3'},{'D5'},{'D4'},{'D2'},{'R2'},{'D1'},{'R1'},{'R3'},&,3.0,&
{'D7'},{'D6'},{'D3'},{'D5'},{'D4'},{'D2'},{'R3'},{'R2'},{'D1'},{'R1'},&,1.0,&
{'D7'},{'D6'},{'D3'},{'D5'},{'D4'},{'D2'},{'R3'},{'D1'},{'R2'},{'R1'},&,1.0,&
{'D7'},{'D6'},{'D3'},{'D5'},{'D4'},{'D2'},{'R1'},{'R3'},{'R2'},{'D1'},&,1.0,&
{'D7'},{'D6'},{'D3'},{'D5'},{'D4'},{'D2'},{'R1'},{'D1'},{'R2'},{'R3'},&,1.0,&
{'D7'},{'D6'},{'D3'},{'D5'},{'D4'},{'D2'},{'D1'},{'R3'},{'R1'},{'R2'},&,3.0,&
{'D7'},{'D6'},{'D3'},{'D5'},{'D4'},{'D2'},{'D1'},{'R3'},{'R2'},{'R1'},&,10.0,&
{'D7'},{'D6'},{'D3'},{'D5'},{'D4'},{'D2'},{'D1'},{'R2'},{'R3'},{'R1'},&,13.0,&
{'D7'},{'D6'},{'D3'},{'D5'},{'D4'},{'D2'},{'D1'},{'R2'},{'R1'},{'R3'},&,9.0,&
{'D7'},{'D6'},{'D3'},{'D5'},{'D4'},{'D2'},{'D1'},{'R1'},{'R3'},{'R2'},&,3.0,&
{'D7'},{'D6'},{'D3'},{'D5'},{'D4'},{'D2'},{'D1'},{'R1'},{'R2'},{'R3'},&,4.0,&
{'D7'},{'D6'},{'D3'},{'D5'},{'D4'},{'R1'},{'R2'},{'D2'},{'D1'},{'R3'},&,1.0,&
{'D7'},{'D6'},{'D3'},{'D5'},{'D4'},{'R1'},{'D1'},{'D2'},{'R3'},{'R2'},&,6.0,&
{'D7'},{'D6'},{'D3'},{'D5'},{'D4'},{'R1'},{'D1'},{'D2'},{'R2'},{'R3'},&,7.0,&
{'D7'},{'D6'},{'D3'},{'D5'},{'D4'},{'R1'},{'D1'},{'R3'},{'D2'},{'R2'},&,1.0,&
{'D7'},{'D6'},{'D3'},{'D5'},{'D4'},{'R1'},{'D1'},{'R2'},{'R3'},{'D2'},&,1.0,&
{'D7'},{'D6'},{'D3'},{'D5'},{'D4'},{'R1'},{'D1'},{'R2'},{'D2'},{'R3'},&,1.0,&
{'D7'},{'D6'},{'D3'},{'D5'},{'D4'},{'R3'},{'D2'},{'R2'},{'D1'},{'R1'},&,1.0,&
{'D7'},{'D6'},{'D3'},{'D5'},{'D4'},{'R3'},{'D2'},{'R1'},{'R2'},{'D1'},&,1.0,&
{'D7'},{'D6'},{'D3'},{'D5'},{'D4'},{'R3'},{'D2'},{'D1'},{'R2'},{'R1'},&,1.0,&
{'D7'},{'D6'},{'D3'},{'D5'},{'D4'},{'R3'},{'D1'},{'D2'},{'R1'},{'R2'},&,5.0,&
{'D7'},{'D6'},{'D3'},{'D5'},{'D4'},{'R3'},{'D1'},{'D2'},{'R2'},{'R1'},&,13.0,&
{'D7'},{'D6'},{'D3'},{'D5'},{'D4'},{'R3'},{'D1'},{'R2'},{'R1'},{'D2'},&,1.0,&
{'D7'},{'D6'},{'D3'},{'D5'},{'D4'},{'R3'},{'D1'},{'R2'},{'D2'},{'R1'},&,2.0,&
{'D7'},{'D6'},{'D3'},{'D5'},{'D4'},{'R3'},{'D1'},{'R1'},{'D2'},{'R2'},&,4.0,&
{'D7'},{'D6'},{'D3'},{'D5'},{'D2'},{'D4'},{'R3'},{'R2'},{'D1'},{'R1'},&,1.0,&
{'D7'},{'D6'},{'D3'},{'D5'},{'D2'},{'D4'},{'R3'},{'D1'},{'R1'},{'R2'},&,2.0,&
{'D7'},{'D6'},{'D3'},{'D5'},{'D2'},{'D4'},{'R1'},{'R2'},{'D1'},{'R3'},&,1.0,&
{'D7'},{'D6'},{'D3'},{'D5'},{'D2'},{'D4'},{'R1'},{'D1'},{'R3'},{'R2'},&,1.0,&
{'D7'},{'D6'},{'D3'},{'D5'},{'D2'},{'D4'},{'D1'},{'R3'},{'R1'},{'R2'},&,4.0,&
{'D7'},{'D6'},{'D3'},{'D5'},{'D2'},{'D4'},{'D1'},{'R3'},{'R2'},{'R1'},&,7.0,&
{'D7'},{'D6'},{'D3'},{'D5'},{'D2'},{'D4'},{'D1'},{'R2'},{'R3'},{'R1'},&,3.0,&
{'D7'},{'D6'},{'D3'},{'D5'},{'D2'},{'D4'},{'D1'},{'R2'},{'R1'},{'R3'},&,5.0,&
{'D7'},{'D6'},{'D3'},{'D5'},{'D2'},{'D4'},{'D1'},{'R1'},{'R3'},{'R2'},&,2.0,&
{'D7'},{'D6'},{'D3'},{'D5'},{'D2'},{'D4'},{'D1'},{'R1'},{'R2'},{'R3'},&,5.0,&
{'D7'},{'D6'},{'D3'},{'D5'},{'D2'},{'D1'},{'R2'},{'R3'},{'D4'},{'R1'},&,1.0,&
{'D7'},{'D6'},{'D3'},{'D5'},{'D2'},{'D1'},{'R2'},{'R1'},{'D4'},{'R3'},&,1.0,&
{'D7'},{'D6'},{'D3'},{'D5'},{'D2'},{'D1'},{'R2'},{'D4'},{'R1'},{'R3'},&,1.0,&
{'D7'},{'D6'},{'D3'},{'D5'},{'D2'},{'D1'},{'R3'},{'D4'},{'R1'},{'R2'},&,1.0,&
{'D7'},{'D6'},{'D3'},{'D5'},{'D2'},{'D1'},{'D4'},{'R3'},{'R1'},{'R2'},&,2.0,&
{'D7'},{'D6'},{'D3'},{'D5'},{'D2'},{'D1'},{'D4'},{'R3'},{'R2'},{'R1'},&,1.0,&
{'D7'},{'D6'},{'D3'},{'D5'},{'D2'},{'D1'},{'D4'},{'R2'},{'R3'},{'R1'},&,1.0,&
{'D7'},{'D6'},{'D3'},{'D5'},{'D2'},{'D1'},{'D4'},{'R2'},{'R1'},{'R3'},&,2.0,&
{'D7'},{'D6'},{'D3'},{'D5'},{'D2'},{'D1'},{'D4'},{'R1'},{'R2'},{'R3'},&,1.0,&
{'D7'},{'D6'},{'D3'},{'D5'},{'D2'},{'R2'},{'D1'},{'R1'},{'D4'},{'R3'},&,1.0,&
{'D7'},{'D6'},{'D3'},{'D5'},{'D2'},{'R2'},{'D1'},{'D4'},{'R3'},{'R1'},&,1.0,&
{'D7'},{'D6'},{'D3'},{'D5'},{'D2'},{'R2'},{'D4'},{'D1'},{'R1'},{'R3'},&,1.0,&
{'D7'},{'D6'},{'D3'},{'D5'},{'R1'},{'D4'},{'D2'},{'D1'},{'R3'},{'R2'},&,1.0,&
{'D7'},{'D6'},{'D3'},{'D5'},{'R1'},{'D4'},{'D1'},{'D2'},{'R3'},{'R2'},&,3.0,&
{'D7'},{'D6'},{'D3'},{'D5'},{'R1'},{'D4'},{'D1'},{'D2'},{'R2'},{'R3'},&,3.0,&
{'D7'},{'D6'},{'D3'},{'D5'},{'R1'},{'R3'},{'D4'},{'D2'},{'D1'},{'R2'},&,1.0,&
{'D7'},{'D6'},{'D3'},{'D5'},{'R2'},{'D4'},{'D1'},{'D2'},{'R3'},{'R1'},&,3.0,&
{'D7'},{'D6'},{'D3'},{'D5'},{'R2'},{'D4'},{'D1'},{'D2'},{'R1'},{'R3'},&,1.0,&
{'D7'},{'D6'},{'D3'},{'D5'},{'R2'},{'D4'},{'D1'},{'R3'},{'R1'},{'D2'},&,1.0,&
{'D7'},{'D6'},{'D3'},{'D5'},{'R2'},{'D4'},{'D1'},{'R3'},{'D2'},{'R1'},&,2.0,&
{'D7'},{'D6'},{'D3'},{'D5'},{'R2'},{'D1'},{'R3'},{'D4'},{'D2'},{'R1'},&,1.0,&
{'D7'},{'D6'},{'D3'},{'D5'},{'R2'},{'D1'},{'D4'},{'D2'},{'R3'},{'R1'},&,1.0,&
{'D7'},{'D6'},{'D3'},{'D5'},{'R2'},{'D1'},{'D4'},{'D2'},{'R1'},{'R3'},&,6.0,&
{'D7'},{'D6'},{'D3'},{'D5'},{'R2'},{'D1'},{'D4'},{'R3'},{'D2'},{'R1'},&,1.0,&
{'D7'},{'D6'},{'D3'},{'D5'},{'R3'},{'D4'},{'D2'},{'D1'},{'R2'},{'R1'},&,1.0,&
{'D7'},{'D6'},{'D3'},{'D5'},{'R3'},{'D4'},{'D1'},{'D2'},{'R1'},{'R2'},&,3.0,&
{'D7'},{'D6'},{'D3'},{'D5'},{'R3'},{'D4'},{'D1'},{'D2'},{'R2'},{'R1'},&,1.0,&
{'D7'},{'D6'},{'D3'},{'D5'},{'R3'},{'D1'},{'D4'},{'D2'},{'R1'},{'R2'},&,1.0,&
{'D7'},{'D6'},{'D3'},{'D5'},{'R3'},{'D1'},{'D4'},{'D2'},{'R2'},{'R1'},&,3.0,&
{'D7'},{'D6'},{'D3'},{'D5'},{'R3'},{'D1'},{'D4'},{'R2'},{'D2'},{'R1'},&,2.0,&
{'D7'},{'D6'},{'D3'},{'D4'},{'D1'},{'D5'},{'R2'},{'D2'},{'R3'},{'R1'},&,133.0,&
{'D7'},{'D6'},{'D3'},{'D4'},{'D1'},{'D5'},{'R2'},{'D2'},{'R1'},{'R3'},&,122.0,&
{'D7'},{'D6'},{'D3'},{'D4'},{'D1'},{'D5'},{'R2'},{'R3'},{'R1'},{'D2'},&,5.0,&
{'D7'},{'D6'},{'D3'},{'D4'},{'D1'},{'D5'},{'R2'},{'R3'},{'D2'},{'R1'},&,34.0,&
{'D7'},{'D6'},{'D3'},{'D4'},{'D1'},{'D5'},{'R2'},{'R1'},{'R3'},{'D2'},&,13.0,&
{'D7'},{'D6'},{'D3'},{'D4'},{'D1'},{'D5'},{'R2'},{'R1'},{'D2'},{'R3'},&,33.0,&
{'D7'},{'D6'},{'D3'},{'D4'},{'D1'},{'D5'},{'D2'},{'R3'},{'R1'},{'R2'},&,211.0,&
{'D7'},{'D6'},{'D3'},{'D4'},{'D1'},{'D5'},{'D2'},{'R3'},{'R2'},{'R1'},&,413.0,&
{'D7'},{'D6'},{'D3'},{'D4'},{'D1'},{'D5'},{'D2'},{'R2'},{'R3'},{'R1'},&,490.0,&
{'D7'},{'D6'},{'D3'},{'D4'},{'D1'},{'D5'},{'D2'},{'R2'},{'R1'},{'R3'},&,432.0,&
{'D7'},{'D6'},{'D3'},{'D4'},{'D1'},{'D5'},{'D2'},{'R1'},{'R3'},{'R2'},&,170.0,&
{'D7'},{'D6'},{'D3'},{'D4'},{'D1'},{'D5'},{'D2'},{'R1'},{'R2'},{'R3'},&,274.0,&
{'D7'},{'D6'},{'D3'},{'D4'},{'D1'},{'D5'},{'R3'},{'D2'},{'R1'},{'R2'},&,60.0,&
{'D7'},{'D6'},{'D3'},{'D4'},{'D1'},{'D5'},{'R3'},{'D2'},{'R2'},{'R1'},&,85.0,&
{'D7'},{'D6'},{'D3'},{'D4'},{'D1'},{'D5'},{'R3'},{'R2'},{'R1'},{'D2'},&,2.0,&
{'D7'},{'D6'},{'D3'},{'D4'},{'D1'},{'D5'},{'R3'},{'R2'},{'D2'},{'R1'},&,19.0,&
{'D7'},{'D6'},{'D3'},{'D4'},{'D1'},{'D5'},{'R3'},{'R1'},{'D2'},{'R2'},&,16.0,&
{'D7'},{'D6'},{'D3'},{'D4'},{'D1'},{'D5'},{'R3'},{'R1'},{'R2'},{'D2'},&,3.0,&
{'D7'},{'D6'},{'D3'},{'D4'},{'D1'},{'D5'},{'R1'},{'D2'},{'R3'},{'R2'},&,46.0,&
{'D7'},{'D6'},{'D3'},{'D4'},{'D1'},{'D5'},{'R1'},{'D2'},{'R2'},{'R3'},&,68.0,&
{'D7'},{'D6'},{'D3'},{'D4'},{'D1'},{'D5'},{'R1'},{'R3'},{'D2'},{'R2'},&,18.0,&
{'D7'},{'D6'},{'D3'},{'D4'},{'D1'},{'D5'},{'R1'},{'R3'},{'R2'},{'D2'},&,2.0,&
{'D7'},{'D6'},{'D3'},{'D4'},{'D1'},{'D5'},{'R1'},{'R2'},{'R3'},{'D2'},&,4.0,&
{'D7'},{'D6'},{'D3'},{'D4'},{'D1'},{'D5'},{'R1'},{'R2'},{'D2'},{'R3'},&,24.0,&
{'D7'},{'D6'},{'D3'},{'D4'},{'D1'},{'R2'},{'D2'},{'R1'},{'D5'},{'R3'},&,1.0,&
{'D7'},{'D6'},{'D3'},{'D4'},{'D1'},{'R2'},{'D2'},{'D5'},{'R1'},{'R3'},&,3.0,&
{'D7'},{'D6'},{'D3'},{'D4'},{'D1'},{'R2'},{'R3'},{'D2'},{'R1'},{'D5'},&,1.0,&
{'D7'},{'D6'},{'D3'},{'D4'},{'D1'},{'R2'},{'D5'},{'D2'},{'R3'},{'R1'},&,33.0,&
{'D7'},{'D6'},{'D3'},{'D4'},{'D1'},{'R2'},{'D5'},{'D2'},{'R1'},{'R3'},&,27.0,&
{'D7'},{'D6'},{'D3'},{'D4'},{'D1'},{'R2'},{'D5'},{'R3'},{'D2'},{'R1'},&,6.0,&
{'D7'},{'D6'},{'D3'},{'D4'},{'D1'},{'R2'},{'D5'},{'R1'},{'D2'},{'R3'},&,9.0,&
{'D7'},{'D6'},{'D3'},{'D4'},{'D1'},{'R2'},{'R1'},{'D5'},{'D2'},{'R3'},&,2.0,&
{'D7'},{'D6'},{'D3'},{'D4'},{'D1'},{'D2'},{'R2'},{'R3'},{'D5'},{'R1'},&,3.0,&
{'D7'},{'D6'},{'D3'},{'D4'},{'D1'},{'D2'},{'R2'},{'R1'},{'R3'},{'D5'},&,1.0,&
{'D7'},{'D6'},{'D3'},{'D4'},{'D1'},{'D2'},{'R2'},{'R1'},{'D5'},{'R3'},&,2.0,&
{'D7'},{'D6'},{'D3'},{'D4'},{'D1'},{'D2'},{'R2'},{'D5'},{'R3'},{'R1'},&,11.0,&
{'D7'},{'D6'},{'D3'},{'D4'},{'D1'},{'D2'},{'R2'},{'D5'},{'R1'},{'R3'},&,6.0,&
{'D7'},{'D6'},{'D3'},{'D4'},{'D1'},{'D2'},{'R3'},{'R2'},{'D5'},{'R1'},&,2.0,&
{'D7'},{'D6'},{'D3'},{'D4'},{'D1'},{'D2'},{'R3'},{'R1'},{'R2'},{'D5'},&,1.0,&
{'D7'},{'D6'},{'D3'},{'D4'},{'D1'},{'D2'},{'R3'},{'R1'},{'D5'},{'R2'},&,2.0,&
{'D7'},{'D6'},{'D3'},{'D4'},{'D1'},{'D2'},{'R3'},{'D5'},{'R1'},{'R2'},&,5.0,&
{'D7'},{'D6'},{'D3'},{'D4'},{'D1'},{'D2'},{'R3'},{'D5'},{'R2'},{'R1'},&,5.0,&
{'D7'},{'D6'},{'D3'},{'D4'},{'D1'},{'D2'},{'D5'},{'R3'},{'R1'},{'R2'},&,15.0,&
{'D7'},{'D6'},{'D3'},{'D4'},{'D1'},{'D2'},{'D5'},{'R3'},{'R2'},{'R1'},&,28.0,&
{'D7'},{'D6'},{'D3'},{'D4'},{'D1'},{'D2'},{'D5'},{'R2'},{'R3'},{'R1'},&,51.0,&
{'D7'},{'D6'},{'D3'},{'D4'},{'D1'},{'D2'},{'D5'},{'R2'},{'R1'},{'R3'},&,42.0,&
{'D7'},{'D6'},{'D3'},{'D4'},{'D1'},{'D2'},{'D5'},{'R1'},{'R3'},{'R2'},&,13.0,&
{'D7'},{'D6'},{'D3'},{'D4'},{'D1'},{'D2'},{'D5'},{'R1'},{'R2'},{'R3'},&,27.0,&
{'D7'},{'D6'},{'D3'},{'D4'},{'D1'},{'D2'},{'R1'},{'R3'},{'D5'},{'R2'},&,2.0,&
{'D7'},{'D6'},{'D3'},{'D4'},{'D1'},{'D2'},{'R1'},{'R2'},{'R3'},{'D5'},&,1.0,&
{'D7'},{'D6'},{'D3'},{'D4'},{'D1'},{'D2'},{'R1'},{'R2'},{'D5'},{'R3'},&,3.0,&
{'D7'},{'D6'},{'D3'},{'D4'},{'D1'},{'D2'},{'R1'},{'D5'},{'R3'},{'R2'},&,5.0,&
{'D7'},{'D6'},{'D3'},{'D4'},{'D1'},{'D2'},{'R1'},{'D5'},{'R2'},{'R3'},&,2.0,&
{'D7'},{'D6'},{'D3'},{'D4'},{'D1'},{'R1'},{'R2'},{'D5'},{'D2'},{'R3'},&,1.0,&
{'D7'},{'D6'},{'D3'},{'D4'},{'D1'},{'R1'},{'D2'},{'R3'},{'D5'},{'R2'},&,1.0,&
{'D7'},{'D6'},{'D3'},{'D4'},{'D1'},{'R1'},{'D2'},{'D5'},{'R2'},{'R3'},&,2.0,&
{'D7'},{'D6'},{'D3'},{'D4'},{'D1'},{'R1'},{'D5'},{'D2'},{'R3'},{'R2'},&,13.0,&
{'D7'},{'D6'},{'D3'},{'D4'},{'D1'},{'R1'},{'D5'},{'D2'},{'R2'},{'R3'},&,12.0,&
{'D7'},{'D6'},{'D3'},{'D4'},{'D1'},{'R1'},{'D5'},{'R3'},{'R2'},{'D2'},&,1.0,&
{'D7'},{'D6'},{'D3'},{'D4'},{'D1'},{'R1'},{'D5'},{'R2'},{'D2'},{'R3'},&,7.0,&
{'D7'},{'D6'},{'D3'},{'D4'},{'D1'},{'R3'},{'R2'},{'R1'},{'D5'},{'D2'},&,1.0,&
{'D7'},{'D6'},{'D3'},{'D4'},{'D1'},{'R3'},{'R2'},{'D5'},{'D2'},{'R1'},&,1.0,&
{'D7'},{'D6'},{'D3'},{'D4'},{'D1'},{'R3'},{'D2'},{'R2'},{'R1'},{'D5'},&,1.0,&
{'D7'},{'D6'},{'D3'},{'D4'},{'D1'},{'R3'},{'D2'},{'R1'},{'D5'},{'R2'},&,1.0,&
{'D7'},{'D6'},{'D3'},{'D4'},{'D1'},{'R3'},{'D2'},{'D5'},{'R1'},{'R2'},&,2.0,&
{'D7'},{'D6'},{'D3'},{'D4'},{'D1'},{'R3'},{'D2'},{'D5'},{'R2'},{'R1'},&,1.0,&
{'D7'},{'D6'},{'D3'},{'D4'},{'D1'},{'R3'},{'D5'},{'D2'},{'R1'},{'R2'},&,11.0,&
{'D7'},{'D6'},{'D3'},{'D4'},{'D1'},{'R3'},{'D5'},{'D2'},{'R2'},{'R1'},&,22.0,&
{'D7'},{'D6'},{'D3'},{'D4'},{'D1'},{'R3'},{'D5'},{'R2'},{'R1'},{'D2'},&,2.0,&
{'D7'},{'D6'},{'D3'},{'D4'},{'D1'},{'R3'},{'D5'},{'R2'},{'D2'},{'R1'},&,6.0,&
{'D7'},{'D6'},{'D3'},{'D4'},{'D1'},{'R3'},{'D5'},{'R1'},{'D2'},{'R2'},&,1.0,&
{'D7'},{'D6'},{'D3'},{'D4'},{'D1'},{'R3'},{'R1'},{'D5'},{'D2'},{'R2'},&,2.0,&
{'D7'},{'D6'},{'D3'},{'D4'},{'D5'},{'D1'},{'R2'},{'D2'},{'R3'},{'R1'},&,92.0,&
{'D7'},{'D6'},{'D3'},{'D4'},{'D5'},{'D1'},{'R2'},{'D2'},{'R1'},{'R3'},&,73.0,&
{'D7'},{'D6'},{'D3'},{'D4'},{'D5'},{'D1'},{'R2'},{'R3'},{'R1'},{'D2'},&,4.0,&
{'D7'},{'D6'},{'D3'},{'D4'},{'D5'},{'D1'},{'R2'},{'R3'},{'D2'},{'R1'},&,17.0,&
{'D7'},{'D6'},{'D3'},{'D4'},{'D5'},{'D1'},{'R2'},{'R1'},{'R3'},{'D2'},&,2.0,&
{'D7'},{'D6'},{'D3'},{'D4'},{'D5'},{'D1'},{'R2'},{'R1'},{'D2'},{'R3'},&,16.0,&
{'D7'},{'D6'},{'D3'},{'D4'},{'D5'},{'D1'},{'D2'},{'R3'},{'R1'},{'R2'},&,133.0,&
{'D7'},{'D6'},{'D3'},{'D4'},{'D5'},{'D1'},{'D2'},{'R3'},{'R2'},{'R1'},&,238.0,&
{'D7'},{'D6'},{'D3'},{'D4'},{'D5'},{'D1'},{'D2'},{'R2'},{'R3'},{'R1'},&,322.0,&
{'D7'},{'D6'},{'D3'},{'D4'},{'D5'},{'D1'},{'D2'},{'R2'},{'R1'},{'R3'},&,256.0,&
{'D7'},{'D6'},{'D3'},{'D4'},{'D5'},{'D1'},{'D2'},{'R1'},{'R3'},{'R2'},&,132.0,&
{'D7'},{'D6'},{'D3'},{'D4'},{'D5'},{'D1'},{'D2'},{'R1'},{'R2'},{'R3'},&,176.0,&
{'D7'},{'D6'},{'D3'},{'D4'},{'D5'},{'D1'},{'R3'},{'D2'},{'R1'},{'R2'},&,32.0,&
{'D7'},{'D6'},{'D3'},{'D4'},{'D5'},{'D1'},{'R3'},{'D2'},{'R2'},{'R1'},&,69.0,&
{'D7'},{'D6'},{'D3'},{'D4'},{'D5'},{'D1'},{'R3'},{'R2'},{'R1'},{'D2'},&,5.0,&
{'D7'},{'D6'},{'D3'},{'D4'},{'D5'},{'D1'},{'R3'},{'R2'},{'D2'},{'R1'},&,14.0,&
{'D7'},{'D6'},{'D3'},{'D4'},{'D5'},{'D1'},{'R3'},{'R1'},{'D2'},{'R2'},&,5.0,&
{'D7'},{'D6'},{'D3'},{'D4'},{'D5'},{'D1'},{'R1'},{'D2'},{'R3'},{'R2'},&,26.0,&
{'D7'},{'D6'},{'D3'},{'D4'},{'D5'},{'D1'},{'R1'},{'D2'},{'R2'},{'R3'},&,47.0,&
{'D7'},{'D6'},{'D3'},{'D4'},{'D5'},{'D1'},{'R1'},{'R3'},{'D2'},{'R2'},&,10.0,&
{'D7'},{'D6'},{'D3'},{'D4'},{'D5'},{'D1'},{'R1'},{'R3'},{'R2'},{'D2'},&,1.0,&
{'D7'},{'D6'},{'D3'},{'D4'},{'D5'},{'D1'},{'R1'},{'R2'},{'R3'},{'D2'},&,2.0,&
{'D7'},{'D6'},{'D3'},{'D4'},{'D5'},{'D1'},{'R1'},{'R2'},{'D2'},{'R3'},&,12.0,&
{'D7'},{'D6'},{'D3'},{'D4'},{'D5'},{'R2'},{'D2'},{'R1'},{'D1'},{'R3'},&,1.0,&
{'D7'},{'D6'},{'D3'},{'D4'},{'D5'},{'R2'},{'D2'},{'D1'},{'R3'},{'R1'},&,2.0,&
{'D7'},{'D6'},{'D3'},{'D4'},{'D5'},{'R2'},{'R3'},{'R1'},{'D1'},{'D2'},&,1.0,&
{'D7'},{'D6'},{'D3'},{'D4'},{'D5'},{'R2'},{'R3'},{'D1'},{'D2'},{'R1'},&,1.0,&
{'D7'},{'D6'},{'D3'},{'D4'},{'D5'},{'R2'},{'R1'},{'D2'},{'D1'},{'R3'},&,1.0,&
{'D7'},{'D6'},{'D3'},{'D4'},{'D5'},{'R2'},{'D1'},{'D2'},{'R3'},{'R1'},&,17.0,&
{'D7'},{'D6'},{'D3'},{'D4'},{'D5'},{'R2'},{'D1'},{'D2'},{'R1'},{'R3'},&,19.0,&
{'D7'},{'D6'},{'D3'},{'D4'},{'D5'},{'R2'},{'D1'},{'R3'},{'R1'},{'D2'},&,2.0,&
{'D7'},{'D6'},{'D3'},{'D4'},{'D5'},{'R2'},{'D1'},{'R3'},{'D2'},{'R1'},&,7.0,&
{'D7'},{'D6'},{'D3'},{'D4'},{'D5'},{'R2'},{'D1'},{'R1'},{'R3'},{'D2'},&,1.0,&
{'D7'},{'D6'},{'D3'},{'D4'},{'D5'},{'R2'},{'D1'},{'R1'},{'D2'},{'R3'},&,5.0,&
{'D7'},{'D6'},{'D3'},{'D4'},{'D5'},{'D2'},{'R2'},{'R3'},{'R1'},{'D1'},&,1.0,&
{'D7'},{'D6'},{'D3'},{'D4'},{'D5'},{'D2'},{'R2'},{'R3'},{'D1'},{'R1'},&,1.0,&
{'D7'},{'D6'},{'D3'},{'D4'},{'D5'},{'D2'},{'R2'},{'R1'},{'D1'},{'R3'},&,1.0,&
{'D7'},{'D6'},{'D3'},{'D4'},{'D5'},{'D2'},{'R2'},{'D1'},{'R3'},{'R1'},&,7.0,&
{'D7'},{'D6'},{'D3'},{'D4'},{'D5'},{'D2'},{'R2'},{'D1'},{'R1'},{'R3'},&,4.0,&
{'D7'},{'D6'},{'D3'},{'D4'},{'D5'},{'D2'},{'R3'},{'R2'},{'D1'},{'R1'},&,1.0,&
{'D7'},{'D6'},{'D3'},{'D4'},{'D5'},{'D2'},{'R3'},{'D1'},{'R2'},{'R1'},&,3.0,&
{'D7'},{'D6'},{'D3'},{'D4'},{'D5'},{'D2'},{'R1'},{'R3'},{'R2'},{'D1'},&,1.0,&
{'D7'},{'D6'},{'D3'},{'D4'},{'D5'},{'D2'},{'R1'},{'D1'},{'R3'},{'R2'},&,2.0,&
{'D7'},{'D6'},{'D3'},{'D4'},{'D5'},{'D2'},{'R1'},{'D1'},{'R2'},{'R3'},&,4.0,&
{'D7'},{'D6'},{'D3'},{'D4'},{'D5'},{'D2'},{'D1'},{'R3'},{'R1'},{'R2'},&,9.0,&
{'D7'},{'D6'},{'D3'},{'D4'},{'D5'},{'D2'},{'D1'},{'R3'},{'R2'},{'R1'},&,12.0,&
{'D7'},{'D6'},{'D3'},{'D4'},{'D5'},{'D2'},{'D1'},{'R2'},{'R3'},{'R1'},&,16.0,&
{'D7'},{'D6'},{'D3'},{'D4'},{'D5'},{'D2'},{'D1'},{'R2'},{'R1'},{'R3'},&,14.0,&
{'D7'},{'D6'},{'D3'},{'D4'},{'D5'},{'D2'},{'D1'},{'R1'},{'R3'},{'R2'},&,4.0,&
{'D7'},{'D6'},{'D3'},{'D4'},{'D5'},{'D2'},{'D1'},{'R1'},{'R2'},{'R3'},&,10.0,&
{'D7'},{'D6'},{'D3'},{'D4'},{'D5'},{'R1'},{'R2'},{'D2'},{'D1'},{'R3'},&,1.0,&
{'D7'},{'D6'},{'D3'},{'D4'},{'D5'},{'R1'},{'D2'},{'D1'},{'R3'},{'R2'},&,2.0,&
{'D7'},{'D6'},{'D3'},{'D4'},{'D5'},{'R1'},{'D2'},{'D1'},{'R2'},{'R3'},&,1.0,&
{'D7'},{'D6'},{'D3'},{'D4'},{'D5'},{'R1'},{'D1'},{'D2'},{'R3'},{'R2'},&,8.0,&
{'D7'},{'D6'},{'D3'},{'D4'},{'D5'},{'R1'},{'D1'},{'D2'},{'R2'},{'R3'},&,11.0,&
{'D7'},{'D6'},{'D3'},{'D4'},{'D5'},{'R1'},{'D1'},{'R3'},{'D2'},{'R2'},&,2.0,&
{'D7'},{'D6'},{'D3'},{'D4'},{'D5'},{'R1'},{'D1'},{'R2'},{'D2'},{'R3'},&,5.0,&
{'D7'},{'D6'},{'D3'},{'D4'},{'D5'},{'R3'},{'R2'},{'D1'},{'D2'},{'R1'},&,1.0,&
{'D7'},{'D6'},{'D3'},{'D4'},{'D5'},{'R3'},{'D2'},{'D1'},{'R1'},{'R2'},&,2.0,&
{'D7'},{'D6'},{'D3'},{'D4'},{'D5'},{'R3'},{'D2'},{'D1'},{'R2'},{'R1'},&,1.0,&
{'D7'},{'D6'},{'D3'},{'D4'},{'D5'},{'R3'},{'R1'},{'D1'},{'D2'},{'R2'},&,1.0,&
{'D7'},{'D6'},{'D3'},{'D4'},{'D5'},{'R3'},{'D1'},{'D2'},{'R1'},{'R2'},&,8.0,&
{'D7'},{'D6'},{'D3'},{'D4'},{'D5'},{'R3'},{'D1'},{'D2'},{'R2'},{'R1'},&,15.0,&
{'D7'},{'D6'},{'D3'},{'D4'},{'D5'},{'R3'},{'D1'},{'R2'},{'R1'},{'D2'},&,3.0,&
{'D7'},{'D6'},{'D3'},{'D4'},{'D5'},{'R3'},{'D1'},{'R2'},{'D2'},{'R1'},&,4.0,&
{'D7'},{'D6'},{'D3'},{'D4'},{'D2'},{'D5'},{'R2'},{'R3'},{'D1'},{'R1'},&,3.0,&
{'D7'},{'D6'},{'D3'},{'D4'},{'D2'},{'D5'},{'R2'},{'D1'},{'R3'},{'R1'},&,2.0,&
{'D7'},{'D6'},{'D3'},{'D4'},{'D2'},{'D5'},{'R2'},{'D1'},{'R1'},{'R3'},&,3.0,&
{'D7'},{'D6'},{'D3'},{'D4'},{'D2'},{'D5'},{'R3'},{'R2'},{'D1'},{'R1'},&,1.0,&
{'D7'},{'D6'},{'D3'},{'D4'},{'D2'},{'D5'},{'R1'},{'R2'},{'D1'},{'R3'},&,1.0,&
{'D7'},{'D6'},{'D3'},{'D4'},{'D2'},{'D5'},{'R1'},{'D1'},{'R2'},{'R3'},&,2.0,&
{'D7'},{'D6'},{'D3'},{'D4'},{'D2'},{'D5'},{'D1'},{'R3'},{'R1'},{'R2'},&,6.0,&
{'D7'},{'D6'},{'D3'},{'D4'},{'D2'},{'D5'},{'D1'},{'R3'},{'R2'},{'R1'},&,7.0,&
{'D7'},{'D6'},{'D3'},{'D4'},{'D2'},{'D5'},{'D1'},{'R2'},{'R3'},{'R1'},&,15.0,&
{'D7'},{'D6'},{'D3'},{'D4'},{'D2'},{'D5'},{'D1'},{'R2'},{'R1'},{'R3'},&,11.0,&
{'D7'},{'D6'},{'D3'},{'D4'},{'D2'},{'D5'},{'D1'},{'R1'},{'R3'},{'R2'},&,3.0,&
{'D7'},{'D6'},{'D3'},{'D4'},{'D2'},{'D5'},{'D1'},{'R1'},{'R2'},{'R3'},&,9.0,&
{'D7'},{'D6'},{'D3'},{'D4'},{'D2'},{'D1'},{'R2'},{'R3'},{'D5'},{'R1'},&,3.0,&
{'D7'},{'D6'},{'D3'},{'D4'},{'D2'},{'D1'},{'R2'},{'R1'},{'D5'},{'R3'},&,2.0,&
{'D7'},{'D6'},{'D3'},{'D4'},{'D2'},{'D1'},{'R2'},{'D5'},{'R3'},{'R1'},&,7.0,&
{'D7'},{'D6'},{'D3'},{'D4'},{'D2'},{'D1'},{'R2'},{'D5'},{'R1'},{'R3'},&,6.0,&
{'D7'},{'D6'},{'D3'},{'D4'},{'D2'},{'D1'},{'R3'},{'R2'},{'R1'},{'D5'},&,1.0,&
{'D7'},{'D6'},{'D3'},{'D4'},{'D2'},{'D1'},{'R3'},{'R2'},{'D5'},{'R1'},&,2.0,&
{'D7'},{'D6'},{'D3'},{'D4'},{'D2'},{'D1'},{'R3'},{'D5'},{'R1'},{'R2'},&,1.0,&
{'D7'},{'D6'},{'D3'},{'D4'},{'D2'},{'D1'},{'R3'},{'D5'},{'R2'},{'R1'},&,5.0,&
{'D7'},{'D6'},{'D3'},{'D4'},{'D2'},{'D1'},{'D5'},{'R3'},{'R1'},{'R2'},&,8.0,&
{'D7'},{'D6'},{'D3'},{'D4'},{'D2'},{'D1'},{'D5'},{'R3'},{'R2'},{'R1'},&,13.0,&
{'D7'},{'D6'},{'D3'},{'D4'},{'D2'},{'D1'},{'D5'},{'R2'},{'R3'},{'R1'},&,24.0,&
{'D7'},{'D6'},{'D3'},{'D4'},{'D2'},{'D1'},{'D5'},{'R2'},{'R1'},{'R3'},&,12.0,&
{'D7'},{'D6'},{'D3'},{'D4'},{'D2'},{'D1'},{'D5'},{'R1'},{'R3'},{'R2'},&,8.0,&
{'D7'},{'D6'},{'D3'},{'D4'},{'D2'},{'D1'},{'D5'},{'R1'},{'R2'},{'R3'},&,13.0,&
{'D7'},{'D6'},{'D3'},{'D4'},{'D2'},{'D1'},{'R1'},{'R3'},{'D5'},{'R2'},&,2.0,&
{'D7'},{'D6'},{'D3'},{'D4'},{'D2'},{'D1'},{'R1'},{'R2'},{'D5'},{'R3'},&,3.0,&
{'D7'},{'D6'},{'D3'},{'D4'},{'D2'},{'D1'},{'R1'},{'D5'},{'R3'},{'R2'},&,1.0,&
{'D7'},{'D6'},{'D3'},{'D4'},{'D2'},{'D1'},{'R1'},{'D5'},{'R2'},{'R3'},&,2.0,&
{'D7'},{'D6'},{'D3'},{'D4'},{'D2'},{'R2'},{'D1'},{'R1'},{'R3'},{'D5'},&,1.0,&
{'D7'},{'D6'},{'D3'},{'D4'},{'D2'},{'R2'},{'D1'},{'D5'},{'R3'},{'R1'},&,1.0,&
{'D7'},{'D6'},{'D3'},{'D4'},{'D2'},{'R1'},{'D1'},{'R2'},{'R3'},{'D5'},&,1.0,&
{'D7'},{'D6'},{'D3'},{'D4'},{'D2'},{'R3'},{'D5'},{'R2'},{'D1'},{'R1'},&,1.0,&
{'D7'},{'D6'},{'D3'},{'D4'},{'D2'},{'R3'},{'R1'},{'D5'},{'D1'},{'R2'},&,1.0,&
{'D7'},{'D6'},{'D3'},{'D4'},{'R1'},{'D5'},{'D1'},{'D2'},{'R3'},{'R2'},&,4.0,&
{'D7'},{'D6'},{'D3'},{'D4'},{'R1'},{'D5'},{'D1'},{'D2'},{'R2'},{'R3'},&,2.0,&
{'D7'},{'D6'},{'D3'},{'D4'},{'R1'},{'D5'},{'D1'},{'R2'},{'D2'},{'R3'},&,1.0,&
{'D7'},{'D6'},{'D3'},{'D4'},{'R1'},{'D1'},{'D5'},{'D2'},{'R3'},{'R2'},&,2.0,&
{'D7'},{'D6'},{'D3'},{'D4'},{'R1'},{'D1'},{'D5'},{'D2'},{'R2'},{'R3'},&,3.0,&
{'D7'},{'D6'},{'D3'},{'D4'},{'R1'},{'D1'},{'D5'},{'R2'},{'D2'},{'R3'},&,2.0,&
{'D7'},{'D6'},{'D3'},{'D4'},{'R2'},{'D5'},{'D2'},{'R3'},{'D1'},{'R1'},&,1.0,&
{'D7'},{'D6'},{'D3'},{'D4'},{'R2'},{'D5'},{'D2'},{'D1'},{'R3'},{'R1'},&,1.0,&
{'D7'},{'D6'},{'D3'},{'D4'},{'R2'},{'D5'},{'D1'},{'D2'},{'R3'},{'R1'},&,5.0,&
{'D7'},{'D6'},{'D3'},{'D4'},{'R2'},{'D5'},{'D1'},{'D2'},{'R1'},{'R3'},&,8.0,&
{'D7'},{'D6'},{'D3'},{'D4'},{'R2'},{'D5'},{'D1'},{'R3'},{'R1'},{'D2'},&,1.0,&
{'D7'},{'D6'},{'D3'},{'D4'},{'R2'},{'D5'},{'D1'},{'R1'},{'D2'},{'R3'},&,3.0,&
{'D7'},{'D6'},{'D3'},{'D4'},{'R2'},{'D1'},{'D5'},{'D2'},{'R3'},{'R1'},&,11.0,&
{'D7'},{'D6'},{'D3'},{'D4'},{'R2'},{'D1'},{'D5'},{'D2'},{'R1'},{'R3'},&,2.0,&
{'D7'},{'D6'},{'D3'},{'D4'},{'R2'},{'D1'},{'D5'},{'R3'},{'D2'},{'R1'},&,1.0,&
{'D7'},{'D6'},{'D3'},{'D4'},{'R2'},{'D1'},{'D5'},{'R1'},{'D2'},{'R3'},&,3.0,&
{'D7'},{'D6'},{'D3'},{'D4'},{'R2'},{'D1'},{'R1'},{'D5'},{'D2'},{'R3'},&,1.0,&
{'D7'},{'D6'},{'D3'},{'D4'},{'R2'},{'D2'},{'D5'},{'D1'},{'R1'},{'R3'},&,1.0,&
{'D7'},{'D6'},{'D3'},{'D4'},{'R2'},{'D2'},{'D1'},{'D5'},{'R3'},{'R1'},&,1.0,&
{'D7'},{'D6'},{'D3'},{'D4'},{'R3'},{'D5'},{'D2'},{'D1'},{'R2'},{'R1'},&,1.0,&
{'D7'},{'D6'},{'D3'},{'D4'},{'R3'},{'D5'},{'D1'},{'D2'},{'R1'},{'R2'},&,2.0,&
{'D7'},{'D6'},{'D3'},{'D4'},{'R3'},{'D5'},{'D1'},{'D2'},{'R2'},{'R1'},&,3.0,&
{'D7'},{'D6'},{'D3'},{'D4'},{'R3'},{'D5'},{'D1'},{'R2'},{'D2'},{'R1'},&,1.0,&
{'D7'},{'D6'},{'D3'},{'D4'},{'R3'},{'D5'},{'D1'},{'R1'},{'D2'},{'R2'},&,1.0,&
{'D7'},{'D6'},{'D3'},{'D4'},{'R3'},{'D1'},{'R2'},{'D5'},{'D2'},{'R1'},&,1.0,&
{'D7'},{'D6'},{'D3'},{'D4'},{'R3'},{'D1'},{'D2'},{'D5'},{'R2'},{'R1'},&,1.0,&
{'D7'},{'D6'},{'D3'},{'D4'},{'R3'},{'D1'},{'D5'},{'D2'},{'R1'},{'R2'},&,3.0,&
{'D7'},{'D6'},{'D3'},{'D4'},{'R3'},{'D1'},{'D5'},{'D2'},{'R2'},{'R1'},&,5.0,&
{'D7'},{'D6'},{'D3'},{'D4'},{'R3'},{'D1'},{'D5'},{'R2'},{'D2'},{'R1'},&,4.0,&
{'D7'},{'D6'},{'D3'},{'D4'},{'R3'},{'D1'},{'D5'},{'R1'},{'D2'},{'R2'},&,1.0,&
{'D7'},{'D6'},{'D3'},{'D4'},{'R3'},{'D2'},{'D1'},{'D5'},{'R1'},{'R2'},&,1.0,&
{'D7'},{'D6'},{'D3'},{'D4'},{'R3'},{'R1'},{'D5'},{'D2'},{'R2'},{'D1'},&,1.0,&
{'D7'},{'D6'},{'D3'},{'D2'},{'D1'},{'D5'},{'R2'},{'R3'},{'D4'},{'R1'},&,1.0,&
{'D7'},{'D6'},{'D3'},{'D2'},{'D1'},{'D5'},{'R2'},{'D4'},{'R1'},{'R3'},&,1.0,&
{'D7'},{'D6'},{'D3'},{'D2'},{'D1'},{'D5'},{'R3'},{'D4'},{'R1'},{'R2'},&,1.0,&
{'D7'},{'D6'},{'D3'},{'D2'},{'D1'},{'D5'},{'R3'},{'D4'},{'R2'},{'R1'},&,2.0,&
{'D7'},{'D6'},{'D3'},{'D2'},{'D1'},{'D5'},{'R1'},{'R2'},{'D4'},{'R3'},&,1.0,&
{'D7'},{'D6'},{'D3'},{'D2'},{'D1'},{'D5'},{'D4'},{'R3'},{'R2'},{'R1'},&,3.0,&
{'D7'},{'D6'},{'D3'},{'D2'},{'D1'},{'D5'},{'D4'},{'R2'},{'R1'},{'R3'},&,3.0,&
{'D7'},{'D6'},{'D3'},{'D2'},{'D1'},{'D5'},{'D4'},{'R1'},{'R3'},{'R2'},&,1.0,&
{'D7'},{'D6'},{'D3'},{'D2'},{'D1'},{'D4'},{'R2'},{'R3'},{'D5'},{'R1'},&,2.0,&
{'D7'},{'D6'},{'D3'},{'D2'},{'D1'},{'D4'},{'R2'},{'R1'},{'R3'},{'D5'},&,1.0,&
{'D7'},{'D6'},{'D3'},{'D2'},{'D1'},{'D4'},{'R2'},{'D5'},{'R3'},{'R1'},&,1.0,&
{'D7'},{'D6'},{'D3'},{'D2'},{'D1'},{'D4'},{'R2'},{'D5'},{'R1'},{'R3'},&,1.0,&
{'D7'},{'D6'},{'D3'},{'D2'},{'D1'},{'D4'},{'D5'},{'R3'},{'R1'},{'R2'},&,1.0,&
{'D7'},{'D6'},{'D3'},{'D2'},{'D1'},{'D4'},{'D5'},{'R3'},{'R2'},{'R1'},&,6.0,&
{'D7'},{'D6'},{'D3'},{'D2'},{'D1'},{'D4'},{'D5'},{'R2'},{'R3'},{'R1'},&,7.0,&
{'D7'},{'D6'},{'D3'},{'D2'},{'D1'},{'D4'},{'D5'},{'R2'},{'R1'},{'R3'},&,10.0,&
{'D7'},{'D6'},{'D3'},{'D2'},{'D1'},{'D4'},{'D5'},{'R1'},{'R3'},{'R2'},&,6.0,&
{'D7'},{'D6'},{'D3'},{'D2'},{'D1'},{'D4'},{'D5'},{'R1'},{'R2'},{'R3'},&,5.0,&
{'D7'},{'D6'},{'D3'},{'D2'},{'D1'},{'D4'},{'R1'},{'R3'},{'D5'},{'R2'},&,2.0,&
{'D7'},{'D6'},{'D3'},{'D2'},{'D1'},{'D4'},{'R1'},{'D5'},{'R2'},{'R3'},&,1.0,&
{'D7'},{'D6'},{'D3'},{'D2'},{'D1'},{'R2'},{'D5'},{'D4'},{'R1'},{'R3'},&,1.0,&
{'D7'},{'D6'},{'D3'},{'D2'},{'D1'},{'R1'},{'D5'},{'D4'},{'R3'},{'R2'},&,1.0,&
{'D7'},{'D6'},{'D3'},{'D2'},{'D1'},{'R1'},{'D4'},{'R3'},{'D5'},{'R2'},&,1.0,&
{'D7'},{'D6'},{'D3'},{'D2'},{'D1'},{'R3'},{'D5'},{'D4'},{'R1'},{'R2'},&,1.0,&
{'D7'},{'D6'},{'D3'},{'D2'},{'D1'},{'R3'},{'D4'},{'D5'},{'R2'},{'R1'},&,1.0,&
{'D7'},{'D6'},{'D3'},{'D2'},{'D5'},{'D4'},{'R2'},{'R3'},{'D1'},{'R1'},&,1.0,&
{'D7'},{'D6'},{'D3'},{'D2'},{'D5'},{'D4'},{'R2'},{'D1'},{'R3'},{'R1'},&,2.0,&
{'D7'},{'D6'},{'D3'},{'D2'},{'D5'},{'D4'},{'R3'},{'D1'},{'R1'},{'R2'},&,1.0,&
{'D7'},{'D6'},{'D3'},{'D2'},{'D5'},{'D4'},{'R3'},{'D1'},{'R2'},{'R1'},&,1.0,&
{'D7'},{'D6'},{'D3'},{'D2'},{'D5'},{'D4'},{'R1'},{'D1'},{'R3'},{'R2'},&,2.0,&
{'D7'},{'D6'},{'D3'},{'D2'},{'D5'},{'D4'},{'R1'},{'D1'},{'R2'},{'R3'},&,1.0,&
{'D7'},{'D6'},{'D3'},{'D2'},{'D5'},{'D4'},{'D1'},{'R3'},{'R1'},{'R2'},&,3.0,&
{'D7'},{'D6'},{'D3'},{'D2'},{'D5'},{'D4'},{'D1'},{'R3'},{'R2'},{'R1'},&,2.0,&
{'D7'},{'D6'},{'D3'},{'D2'},{'D5'},{'D4'},{'D1'},{'R2'},{'R3'},{'R1'},&,4.0,&
{'D7'},{'D6'},{'D3'},{'D2'},{'D5'},{'D4'},{'D1'},{'R2'},{'R1'},{'R3'},&,5.0,&
{'D7'},{'D6'},{'D3'},{'D2'},{'D5'},{'D4'},{'D1'},{'R1'},{'R3'},{'R2'},&,2.0,&
{'D7'},{'D6'},{'D3'},{'D2'},{'D5'},{'D4'},{'D1'},{'R1'},{'R2'},{'R3'},&,2.0,&
{'D7'},{'D6'},{'D3'},{'D2'},{'D5'},{'D1'},{'R3'},{'R2'},{'D4'},{'R1'},&,1.0,&
{'D7'},{'D6'},{'D3'},{'D2'},{'D5'},{'D1'},{'R3'},{'D4'},{'R2'},{'R1'},&,1.0,&
{'D7'},{'D6'},{'D3'},{'D2'},{'D5'},{'D1'},{'R1'},{'R2'},{'D4'},{'R3'},&,1.0,&
{'D7'},{'D6'},{'D3'},{'D2'},{'D5'},{'D1'},{'R1'},{'D4'},{'R2'},{'R3'},&,1.0,&
{'D7'},{'D6'},{'D3'},{'D2'},{'D5'},{'D1'},{'D4'},{'R3'},{'R1'},{'R2'},&,2.0,&
{'D7'},{'D6'},{'D3'},{'D2'},{'D5'},{'D1'},{'D4'},{'R3'},{'R2'},{'R1'},&,2.0,&
{'D7'},{'D6'},{'D3'},{'D2'},{'D5'},{'D1'},{'D4'},{'R2'},{'R3'},{'R1'},&,4.0,&
{'D7'},{'D6'},{'D3'},{'D2'},{'D5'},{'D1'},{'D4'},{'R2'},{'R1'},{'R3'},&,2.0,&
{'D7'},{'D6'},{'D3'},{'D2'},{'D5'},{'D1'},{'D4'},{'R1'},{'R3'},{'R2'},&,1.0,&
{'D7'},{'D6'},{'D3'},{'D2'},{'D5'},{'D1'},{'D4'},{'R1'},{'R2'},{'R3'},&,3.0,&
{'D7'},{'D6'},{'D3'},{'D2'},{'D5'},{'R2'},{'D4'},{'D1'},{'R3'},{'R1'},&,1.0,&
{'D7'},{'D6'},{'D3'},{'D2'},{'D5'},{'R2'},{'D4'},{'D1'},{'R1'},{'R3'},&,1.0,&
{'D7'},{'D6'},{'D3'},{'D2'},{'D5'},{'R3'},{'D1'},{'R1'},{'R2'},{'D4'},&,1.0,&
{'D7'},{'D6'},{'D3'},{'D2'},{'D5'},{'R3'},{'D4'},{'D1'},{'R2'},{'R1'},&,1.0,&
{'D7'},{'D6'},{'D3'},{'D2'},{'D4'},{'D5'},{'R2'},{'R3'},{'D1'},{'R1'},&,1.0,&
{'D7'},{'D6'},{'D3'},{'D2'},{'D4'},{'D5'},{'R1'},{'R2'},{'D1'},{'R3'},&,1.0,&
{'D7'},{'D6'},{'D3'},{'D2'},{'D4'},{'D5'},{'R1'},{'D1'},{'R3'},{'R2'},&,2.0,&
{'D7'},{'D6'},{'D3'},{'D2'},{'D4'},{'D5'},{'R1'},{'D1'},{'R2'},{'R3'},&,1.0,&
{'D7'},{'D6'},{'D3'},{'D2'},{'D4'},{'D5'},{'D1'},{'R3'},{'R2'},{'R1'},&,6.0,&
{'D7'},{'D6'},{'D3'},{'D2'},{'D4'},{'D5'},{'D1'},{'R2'},{'R3'},{'R1'},&,3.0,&
{'D7'},{'D6'},{'D3'},{'D2'},{'D4'},{'D5'},{'D1'},{'R2'},{'R1'},{'R3'},&,9.0,&
{'D7'},{'D6'},{'D3'},{'D2'},{'D4'},{'D5'},{'D1'},{'R1'},{'R2'},{'R3'},&,6.0,&
{'D7'},{'D6'},{'D3'},{'D2'},{'D4'},{'D1'},{'R2'},{'R1'},{'D5'},{'R3'},&,2.0,&
{'D7'},{'D6'},{'D3'},{'D2'},{'D4'},{'D1'},{'R2'},{'D5'},{'R3'},{'R1'},&,1.0,&
{'D7'},{'D6'},{'D3'},{'D2'},{'D4'},{'D1'},{'R2'},{'D5'},{'R1'},{'R3'},&,1.0,&
{'D7'},{'D6'},{'D3'},{'D2'},{'D4'},{'D1'},{'R3'},{'D5'},{'R1'},{'R2'},&,1.0,&
{'D7'},{'D6'},{'D3'},{'D2'},{'D4'},{'D1'},{'R3'},{'D5'},{'R2'},{'R1'},&,1.0,&
{'D7'},{'D6'},{'D3'},{'D2'},{'D4'},{'D1'},{'D5'},{'R3'},{'R1'},{'R2'},&,4.0,&
{'D7'},{'D6'},{'D3'},{'D2'},{'D4'},{'D1'},{'D5'},{'R3'},{'R2'},{'R1'},&,9.0,&
{'D7'},{'D6'},{'D3'},{'D2'},{'D4'},{'D1'},{'D5'},{'R2'},{'R3'},{'R1'},&,12.0,&
{'D7'},{'D6'},{'D3'},{'D2'},{'D4'},{'D1'},{'D5'},{'R2'},{'R1'},{'R3'},&,12.0,&
{'D7'},{'D6'},{'D3'},{'D2'},{'D4'},{'D1'},{'D5'},{'R1'},{'R3'},{'R2'},&,1.0,&
{'D7'},{'D6'},{'D3'},{'D2'},{'D4'},{'D1'},{'D5'},{'R1'},{'R2'},{'R3'},&,9.0,&
{'D7'},{'D6'},{'D3'},{'D2'},{'D4'},{'D1'},{'R1'},{'D5'},{'R3'},{'R2'},&,2.0,&
{'D7'},{'D6'},{'D3'},{'D2'},{'D4'},{'D1'},{'R1'},{'D5'},{'R2'},{'R3'},&,1.0,&
{'D7'},{'D6'},{'D3'},{'D2'},{'D4'},{'R1'},{'D5'},{'D1'},{'R3'},{'R2'},&,1.0,&
{'D7'},{'D6'},{'D3'},{'D2'},{'D4'},{'R1'},{'D1'},{'D5'},{'R2'},{'R3'},&,1.0,&
{'D7'},{'D6'},{'D3'},{'D2'},{'D4'},{'R3'},{'D5'},{'D1'},{'R2'},{'R1'},&,2.0,&
{'D7'},{'D6'},{'D3'},{'D2'},{'R1'},{'D5'},{'D4'},{'D1'},{'R3'},{'R2'},&,1.0,&
{'D7'},{'D6'},{'D3'},{'D2'},{'R2'},{'D4'},{'D5'},{'R3'},{'D1'},{'R1'},&,1.0,&
{'D7'},{'D6'},{'D3'},{'D2'},{'R2'},{'D4'},{'D1'},{'D5'},{'R1'},{'R3'},&,1.0,&
{'D7'},{'D6'},{'D3'},{'D2'},{'R3'},{'D4'},{'D1'},{'R2'},{'D5'},{'R1'},&,1.0,&
{'D7'},{'D6'},{'D3'},{'D2'},{'R3'},{'D1'},{'D5'},{'D4'},{'R2'},{'R1'},&,1.0,&
{'D7'},{'D6'},{'D3'},{'D2'},{'R3'},{'D1'},{'D4'},{'R2'},{'D5'},{'R1'},&,1.0,&
{'D7'},{'D6'},{'D3'},{'R2'},{'D1'},{'D5'},{'D4'},{'D2'},{'R3'},{'R1'},&,1.0,&
{'D7'},{'D6'},{'D3'},{'R2'},{'D1'},{'D5'},{'D4'},{'D2'},{'R1'},{'R3'},&,2.0,&
{'D7'},{'D6'},{'D3'},{'R2'},{'D1'},{'D5'},{'D4'},{'R1'},{'D2'},{'R3'},&,1.0,&
{'D7'},{'D6'},{'D3'},{'R2'},{'D1'},{'R1'},{'D5'},{'D4'},{'D2'},{'R3'},&,1.0,&
{'D7'},{'D6'},{'D3'},{'R2'},{'D5'},{'D4'},{'D1'},{'D2'},{'R1'},{'R3'},&,3.0,&
{'D7'},{'D6'},{'D3'},{'R2'},{'D4'},{'D5'},{'D2'},{'D1'},{'R3'},{'R1'},&,1.0,&
{'D7'},{'D6'},{'D3'},{'R2'},{'D4'},{'D5'},{'D1'},{'D2'},{'R1'},{'R3'},&,1.0,&
{'D7'},{'D6'},{'D3'},{'R2'},{'D4'},{'D1'},{'R3'},{'D5'},{'D2'},{'R1'},&,1.0,&
{'D7'},{'D6'},{'D3'},{'R2'},{'D4'},{'D1'},{'D5'},{'D2'},{'R3'},{'R1'},&,2.0,&
{'D7'},{'D6'},{'D3'},{'R2'},{'D4'},{'D1'},{'D5'},{'D2'},{'R1'},{'R3'},&,1.0,&
{'D7'},{'D6'},{'D3'},{'R2'},{'D4'},{'D1'},{'D5'},{'R3'},{'D2'},{'R1'},&,1.0,&
{'D7'},{'D6'},{'D3'},{'R2'},{'D2'},{'D4'},{'R3'},{'D1'},{'D5'},{'R1'},&,1.0,&
{'D7'},{'D6'},{'D3'},{'R2'},{'D2'},{'D4'},{'D1'},{'D5'},{'R1'},{'R3'},&,1.0,&
{'D7'},{'D6'},{'D3'},{'R3'},{'D1'},{'D5'},{'D4'},{'D2'},{'R2'},{'R1'},&,1.0,&
{'D7'},{'D6'},{'D3'},{'R3'},{'D1'},{'D4'},{'D5'},{'D2'},{'R1'},{'R2'},&,1.0,&
{'D7'},{'D6'},{'D3'},{'R3'},{'D1'},{'D4'},{'D5'},{'D2'},{'R2'},{'R1'},&,1.0,&
{'D7'},{'D6'},{'D3'},{'R3'},{'D1'},{'D4'},{'D5'},{'R2'},{'D2'},{'R1'},&,1.0,&
{'D7'},{'D6'},{'D3'},{'R3'},{'D5'},{'D4'},{'D1'},{'D2'},{'R2'},{'R1'},&,1.0,&
{'D7'},{'D6'},{'D3'},{'R3'},{'D5'},{'D4'},{'D1'},{'R2'},{'R1'},{'D2'},&,1.0,&
{'D7'},{'D6'},{'D3'},{'R3'},{'D5'},{'D1'},{'D4'},{'D2'},{'R1'},{'R2'},&,1.0,&
{'D7'},{'D6'},{'D3'},{'R3'},{'D5'},{'D1'},{'D4'},{'D2'},{'R2'},{'R1'},&,1.0,&
{'D7'},{'D6'},{'D3'},{'R3'},{'D4'},{'D5'},{'D1'},{'D2'},{'R2'},{'R1'},&,1.0,&
{'D7'},{'D6'},{'D3'},{'R3'},{'D4'},{'D5'},{'D1'},{'R1'},{'D2'},{'R2'},&,1.0,&
{'D7'},{'D6'},{'D3'},{'R3'},{'D4'},{'D1'},{'D5'},{'D2'},{'R1'},{'R2'},&,1.0,&
{'D7'},{'D6'},{'D3'},{'R3'},{'D4'},{'D1'},{'D5'},{'R2'},{'D2'},{'R1'},&,1.0,&
{'D7'},{'D6'},{'D3'},{'R1'},{'D1'},{'D4'},{'D5'},{'D2'},{'R3'},{'R2'},&,1.0,&
{'D7'},{'D6'},{'D3'},{'R1'},{'D1'},{'D4'},{'D5'},{'D2'},{'R2'},{'R3'},&,1.0,&
{'D7'},{'D6'},{'D3'},{'R1'},{'D1'},{'D4'},{'D5'},{'R2'},{'D2'},{'R3'},&,1.0,&
{'D7'},{'D6'},{'D3'},{'R1'},{'D5'},{'D4'},{'D1'},{'D2'},{'R3'},{'R2'},&,1.0,&
{'D7'},{'D6'},{'D3'},{'R1'},{'D4'},{'D5'},{'D1'},{'D2'},{'R2'},{'R3'},&,2.0,&
{'D7'},{'D6'},{'D3'},{'R1'},{'D4'},{'D1'},{'D5'},{'D2'},{'R3'},{'R2'},&,1.0,&
{'D7'},{'D6'},{'D3'},{'R1'},{'D2'},{'D1'},{'D5'},{'D4'},{'R3'},{'R2'},&,1.0,&
{'D7'},{'D6'},{'D5'},{'D1'},{'D3'},{'D4'},{'R2'},{'D2'},{'R3'},{'R1'},&,12.0,&
{'D7'},{'D6'},{'D5'},{'D1'},{'D3'},{'D4'},{'R2'},{'D2'},{'R1'},{'R3'},&,9.0,&
{'D7'},{'D6'},{'D5'},{'D1'},{'D3'},{'D4'},{'R2'},{'R3'},{'D2'},{'R1'},&,3.0,&
{'D7'},{'D6'},{'D5'},{'D1'},{'D3'},{'D4'},{'R2'},{'R1'},{'D2'},{'R3'},&,1.0,&
{'D7'},{'D6'},{'D5'},{'D1'},{'D3'},{'D4'},{'D2'},{'R3'},{'R1'},{'R2'},&,15.0,&
{'D7'},{'D6'},{'D5'},{'D1'},{'D3'},{'D4'},{'D2'},{'R3'},{'R2'},{'R1'},&,26.0,&
{'D7'},{'D6'},{'D5'},{'D1'},{'D3'},{'D4'},{'D2'},{'R2'},{'R3'},{'R1'},&,47.0,&
{'D7'},{'D6'},{'D5'},{'D1'},{'D3'},{'D4'},{'D2'},{'R2'},{'R1'},{'R3'},&,28.0,&
{'D7'},{'D6'},{'D5'},{'D1'},{'D3'},{'D4'},{'D2'},{'R1'},{'R3'},{'R2'},&,9.0,&
{'D7'},{'D6'},{'D5'},{'D1'},{'D3'},{'D4'},{'D2'},{'R1'},{'R2'},{'R3'},&,17.0,&
{'D7'},{'D6'},{'D5'},{'D1'},{'D3'},{'D4'},{'R3'},{'D2'},{'R1'},{'R2'},&,3.0,&
{'D7'},{'D6'},{'D5'},{'D1'},{'D3'},{'D4'},{'R3'},{'D2'},{'R2'},{'R1'},&,6.0,&
{'D7'},{'D6'},{'D5'},{'D1'},{'D3'},{'D4'},{'R3'},{'R2'},{'D2'},{'R1'},&,3.0,&
{'D7'},{'D6'},{'D5'},{'D1'},{'D3'},{'D4'},{'R1'},{'D2'},{'R3'},{'R2'},&,1.0,&
{'D7'},{'D6'},{'D5'},{'D1'},{'D3'},{'D4'},{'R1'},{'D2'},{'R2'},{'R3'},&,9.0,&
{'D7'},{'D6'},{'D5'},{'D1'},{'D3'},{'D4'},{'R1'},{'R3'},{'D2'},{'R2'},&,1.0,&
{'D7'},{'D6'},{'D5'},{'D1'},{'D3'},{'D4'},{'R1'},{'R2'},{'D2'},{'R3'},&,3.0,&
{'D7'},{'D6'},{'D5'},{'D1'},{'D3'},{'R2'},{'R1'},{'D4'},{'R3'},{'D2'},&,1.0,&
{'D7'},{'D6'},{'D5'},{'D1'},{'D3'},{'R2'},{'D4'},{'D2'},{'R3'},{'R1'},&,5.0,&
{'D7'},{'D6'},{'D5'},{'D1'},{'D3'},{'R2'},{'D4'},{'D2'},{'R1'},{'R3'},&,2.0,&
{'D7'},{'D6'},{'D5'},{'D1'},{'D3'},{'R2'},{'D4'},{'R3'},{'R1'},{'D2'},&,1.0,&
{'D7'},{'D6'},{'D5'},{'D1'},{'D3'},{'R2'},{'D4'},{'R3'},{'D2'},{'R1'},&,1.0,&
{'D7'},{'D6'},{'D5'},{'D1'},{'D3'},{'D2'},{'R2'},{'D4'},{'R3'},{'R1'},&,1.0,&
{'D7'},{'D6'},{'D5'},{'D1'},{'D3'},{'D2'},{'R1'},{'D4'},{'R2'},{'R3'},&,1.0,&
{'D7'},{'D6'},{'D5'},{'D1'},{'D3'},{'D2'},{'D4'},{'R3'},{'R2'},{'R1'},&,2.0,&
{'D7'},{'D6'},{'D5'},{'D1'},{'D3'},{'D2'},{'D4'},{'R2'},{'R1'},{'R3'},&,1.0,&
{'D7'},{'D6'},{'D5'},{'D1'},{'D3'},{'R1'},{'D4'},{'D2'},{'R3'},{'R2'},&,2.0,&
{'D7'},{'D6'},{'D5'},{'D1'},{'D3'},{'R1'},{'D4'},{'D2'},{'R2'},{'R3'},&,1.0,&
{'D7'},{'D6'},{'D5'},{'D1'},{'D3'},{'R3'},{'R2'},{'D4'},{'D2'},{'R1'},&,1.0,&
{'D7'},{'D6'},{'D5'},{'D1'},{'D3'},{'R3'},{'D4'},{'D2'},{'R2'},{'R1'},&,2.0,&
{'D7'},{'D6'},{'D5'},{'D1'},{'D4'},{'R2'},{'D3'},{'D2'},{'R1'},{'R3'},&,1.0,&
{'D7'},{'D6'},{'D5'},{'D1'},{'D4'},{'D3'},{'R2'},{'D2'},{'R3'},{'R1'},&,5.0,&
{'D7'},{'D6'},{'D5'},{'D1'},{'D4'},{'D3'},{'R2'},{'D2'},{'R1'},{'R3'},&,4.0,&
{'D7'},{'D6'},{'D5'},{'D1'},{'D4'},{'D3'},{'R2'},{'R1'},{'R3'},{'D2'},&,1.0,&
{'D7'},{'D6'},{'D5'},{'D1'},{'D4'},{'D3'},{'D2'},{'R3'},{'R1'},{'R2'},&,8.0,&
{'D7'},{'D6'},{'D5'},{'D1'},{'D4'},{'D3'},{'D2'},{'R3'},{'R2'},{'R1'},&,17.0,&
{'D7'},{'D6'},{'D5'},{'D1'},{'D4'},{'D3'},{'D2'},{'R2'},{'R3'},{'R1'},&,13.0,&
{'D7'},{'D6'},{'D5'},{'D1'},{'D4'},{'D3'},{'D2'},{'R2'},{'R1'},{'R3'},&,13.0,&
{'D7'},{'D6'},{'D5'},{'D1'},{'D4'},{'D3'},{'D2'},{'R1'},{'R3'},{'R2'},&,8.0,&
{'D7'},{'D6'},{'D5'},{'D1'},{'D4'},{'D3'},{'D2'},{'R1'},{'R2'},{'R3'},&,6.0,&
{'D7'},{'D6'},{'D5'},{'D1'},{'D4'},{'D3'},{'R3'},{'D2'},{'R1'},{'R2'},&,3.0,&
{'D7'},{'D6'},{'D5'},{'D1'},{'D4'},{'D3'},{'R3'},{'D2'},{'R2'},{'R1'},&,1.0,&
{'D7'},{'D6'},{'D5'},{'D1'},{'D4'},{'D3'},{'R3'},{'R2'},{'D2'},{'R1'},&,2.0,&
{'D7'},{'D6'},{'D5'},{'D1'},{'D4'},{'D3'},{'R3'},{'R1'},{'D2'},{'R2'},&,1.0,&
{'D7'},{'D6'},{'D5'},{'D1'},{'D4'},{'D3'},{'R1'},{'D2'},{'R3'},{'R2'},&,1.0,&
{'D7'},{'D6'},{'D5'},{'D1'},{'D4'},{'D3'},{'R1'},{'D2'},{'R2'},{'R3'},&,2.0,&
{'D7'},{'D6'},{'D5'},{'D1'},{'D4'},{'D3'},{'R1'},{'R2'},{'D2'},{'R3'},&,1.0,&
{'D7'},{'D6'},{'D5'},{'D1'},{'D4'},{'D2'},{'D3'},{'R2'},{'R3'},{'R1'},&,1.0,&
{'D7'},{'D6'},{'D5'},{'D1'},{'D4'},{'R3'},{'D3'},{'R1'},{'D2'},{'R2'},&,1.0,&
{'D7'},{'D6'},{'D5'},{'D1'},{'R1'},{'D3'},{'D4'},{'D2'},{'R2'},{'R3'},&,1.0,&
{'D7'},{'D6'},{'D5'},{'D1'},{'R2'},{'D3'},{'D4'},{'D2'},{'R3'},{'R1'},&,2.0,&
{'D7'},{'D6'},{'D5'},{'D1'},{'R2'},{'D3'},{'D4'},{'D2'},{'R1'},{'R3'},&,2.0,&
{'D7'},{'D6'},{'D5'},{'D1'},{'R2'},{'D3'},{'D4'},{'R3'},{'D2'},{'R1'},&,1.0,&
{'D7'},{'D6'},{'D5'},{'D1'},{'R3'},{'D3'},{'D4'},{'R2'},{'D2'},{'R1'},&,1.0,&
{'D7'},{'D6'},{'D5'},{'D4'},{'D3'},{'D1'},{'R2'},{'D2'},{'R3'},{'R1'},&,18.0,&
{'D7'},{'D6'},{'D5'},{'D4'},{'D3'},{'D1'},{'R2'},{'D2'},{'R1'},{'R3'},&,15.0,&
{'D7'},{'D6'},{'D5'},{'D4'},{'D3'},{'D1'},{'R2'},{'R3'},{'R1'},{'D2'},&,2.0,&
{'D7'},{'D6'},{'D5'},{'D4'},{'D3'},{'D1'},{'R2'},{'R3'},{'D2'},{'R1'},&,5.0,&
{'D7'},{'D6'},{'D5'},{'D4'},{'D3'},{'D1'},{'R2'},{'R1'},{'R3'},{'D2'},&,1.0,&
{'D7'},{'D6'},{'D5'},{'D4'},{'D3'},{'D1'},{'R2'},{'R1'},{'D2'},{'R3'},&,5.0,&
{'D7'},{'D6'},{'D5'},{'D4'},{'D3'},{'D1'},{'D2'},{'R3'},{'R1'},{'R2'},&,22.0,&
{'D7'},{'D6'},{'D5'},{'D4'},{'D3'},{'D1'},{'D2'},{'R3'},{'R2'},{'R1'},&,45.0,&
{'D7'},{'D6'},{'D5'},{'D4'},{'D3'},{'D1'},{'D2'},{'R2'},{'R3'},{'R1'},&,58.0,&
{'D7'},{'D6'},{'D5'},{'D4'},{'D3'},{'D1'},{'D2'},{'R2'},{'R1'},{'R3'},&,48.0,&
{'D7'},{'D6'},{'D5'},{'D4'},{'D3'},{'D1'},{'D2'},{'R1'},{'R3'},{'R2'},&,32.0,&
{'D7'},{'D6'},{'D5'},{'D4'},{'D3'},{'D1'},{'D2'},{'R1'},{'R2'},{'R3'},&,37.0,&
{'D7'},{'D6'},{'D5'},{'D4'},{'D3'},{'D1'},{'R3'},{'D2'},{'R1'},{'R2'},&,6.0,&
{'D7'},{'D6'},{'D5'},{'D4'},{'D3'},{'D1'},{'R3'},{'D2'},{'R2'},{'R1'},&,10.0,&
{'D7'},{'D6'},{'D5'},{'D4'},{'D3'},{'D1'},{'R3'},{'R2'},{'D2'},{'R1'},&,3.0,&
{'D7'},{'D6'},{'D5'},{'D4'},{'D3'},{'D1'},{'R3'},{'R1'},{'D2'},{'R2'},&,1.0,&
{'D7'},{'D6'},{'D5'},{'D4'},{'D3'},{'D1'},{'R1'},{'D2'},{'R3'},{'R2'},&,5.0,&
{'D7'},{'D6'},{'D5'},{'D4'},{'D3'},{'D1'},{'R1'},{'D2'},{'R2'},{'R3'},&,8.0,&
{'D7'},{'D6'},{'D5'},{'D4'},{'D3'},{'D1'},{'R1'},{'R3'},{'D2'},{'R2'},&,3.0,&
{'D7'},{'D6'},{'D5'},{'D4'},{'D3'},{'D1'},{'R1'},{'R2'},{'D2'},{'R3'},&,3.0,&
{'D7'},{'D6'},{'D5'},{'D4'},{'D3'},{'R2'},{'D1'},{'D2'},{'R3'},{'R1'},&,3.0,&
{'D7'},{'D6'},{'D5'},{'D4'},{'D3'},{'R2'},{'D1'},{'D2'},{'R1'},{'R3'},&,1.0,&
{'D7'},{'D6'},{'D5'},{'D4'},{'D3'},{'R2'},{'D1'},{'R3'},{'D2'},{'R1'},&,1.0,&
{'D7'},{'D6'},{'D5'},{'D4'},{'D3'},{'R2'},{'D1'},{'R1'},{'R3'},{'D2'},&,1.0,&
{'D7'},{'D6'},{'D5'},{'D4'},{'D3'},{'D2'},{'R2'},{'R3'},{'D1'},{'R1'},&,1.0,&
{'D7'},{'D6'},{'D5'},{'D4'},{'D3'},{'D2'},{'R2'},{'D1'},{'R1'},{'R3'},&,1.0,&
{'D7'},{'D6'},{'D5'},{'D4'},{'D3'},{'D2'},{'D1'},{'R3'},{'R1'},{'R2'},&,1.0,&
{'D7'},{'D6'},{'D5'},{'D4'},{'D3'},{'D2'},{'D1'},{'R3'},{'R2'},{'R1'},&,1.0,&
{'D7'},{'D6'},{'D5'},{'D4'},{'D3'},{'D2'},{'D1'},{'R2'},{'R3'},{'R1'},&,2.0,&
{'D7'},{'D6'},{'D5'},{'D4'},{'D3'},{'D2'},{'D1'},{'R2'},{'R1'},{'R3'},&,4.0,&
{'D7'},{'D6'},{'D5'},{'D4'},{'D3'},{'D2'},{'D1'},{'R1'},{'R3'},{'R2'},&,1.0,&
{'D7'},{'D6'},{'D5'},{'D4'},{'D3'},{'D2'},{'D1'},{'R1'},{'R2'},{'R3'},&,3.0,&
{'D7'},{'D6'},{'D5'},{'D4'},{'D3'},{'R1'},{'D1'},{'D2'},{'R3'},{'R2'},&,2.0,&
{'D7'},{'D6'},{'D5'},{'D4'},{'D3'},{'R1'},{'D1'},{'D2'},{'R2'},{'R3'},&,3.0,&
{'D7'},{'D6'},{'D5'},{'D4'},{'D3'},{'R3'},{'D1'},{'D2'},{'R1'},{'R2'},&,2.0,&
{'D7'},{'D6'},{'D5'},{'D4'},{'D3'},{'R3'},{'D1'},{'D2'},{'R2'},{'R1'},&,1.0,&
{'D7'},{'D6'},{'D5'},{'D4'},{'D3'},{'R3'},{'D1'},{'R2'},{'D2'},{'R1'},&,1.0,&
{'D7'},{'D6'},{'D5'},{'D4'},{'D1'},{'R2'},{'D3'},{'D2'},{'R1'},{'R3'},&,1.0,&
{'D7'},{'D6'},{'D5'},{'D4'},{'D1'},{'R2'},{'D3'},{'R1'},{'R3'},{'D2'},&,1.0,&
{'D7'},{'D6'},{'D5'},{'D4'},{'D1'},{'D3'},{'R2'},{'D2'},{'R3'},{'R1'},&,2.0,&
{'D7'},{'D6'},{'D5'},{'D4'},{'D1'},{'D3'},{'R2'},{'D2'},{'R1'},{'R3'},&,1.0,&
{'D7'},{'D6'},{'D5'},{'D4'},{'D1'},{'D3'},{'D2'},{'R3'},{'R1'},{'R2'},&,5.0,&
{'D7'},{'D6'},{'D5'},{'D4'},{'D1'},{'D3'},{'D2'},{'R3'},{'R2'},{'R1'},&,10.0,&
{'D7'},{'D6'},{'D5'},{'D4'},{'D1'},{'D3'},{'D2'},{'R2'},{'R3'},{'R1'},&,17.0,&
{'D7'},{'D6'},{'D5'},{'D4'},{'D1'},{'D3'},{'D2'},{'R2'},{'R1'},{'R3'},&,12.0,&
{'D7'},{'D6'},{'D5'},{'D4'},{'D1'},{'D3'},{'D2'},{'R1'},{'R3'},{'R2'},&,3.0,&
{'D7'},{'D6'},{'D5'},{'D4'},{'D1'},{'D3'},{'D2'},{'R1'},{'R2'},{'R3'},&,12.0,&
{'D7'},{'D6'},{'D5'},{'D4'},{'D1'},{'D3'},{'R3'},{'D2'},{'R1'},{'R2'},&,2.0,&
{'D7'},{'D6'},{'D5'},{'D4'},{'D1'},{'D3'},{'R3'},{'D2'},{'R2'},{'R1'},&,4.0,&
{'D7'},{'D6'},{'D5'},{'D4'},{'D1'},{'D3'},{'R3'},{'R2'},{'D2'},{'R1'},&,1.0,&
{'D7'},{'D6'},{'D5'},{'D4'},{'D1'},{'D3'},{'R1'},{'D2'},{'R3'},{'R2'},&,3.0,&
{'D7'},{'D6'},{'D5'},{'D4'},{'D1'},{'D3'},{'R1'},{'D2'},{'R2'},{'R3'},&,5.0,&
{'D7'},{'D6'},{'D5'},{'D4'},{'D1'},{'D3'},{'R1'},{'R3'},{'D2'},{'R2'},&,1.0,&
{'D7'},{'D6'},{'D5'},{'D4'},{'D1'},{'D2'},{'R2'},{'D3'},{'R3'},{'R1'},&,1.0,&
{'D7'},{'D6'},{'D5'},{'D4'},{'D1'},{'D2'},{'D3'},{'R2'},{'R1'},{'R3'},&,1.0,&
{'D7'},{'D6'},{'D5'},{'D4'},{'D1'},{'R1'},{'D3'},{'D2'},{'R2'},{'R3'},&,1.0,&
{'D7'},{'D6'},{'D5'},{'D4'},{'D1'},{'R3'},{'D2'},{'R2'},{'D3'},{'R1'},&,1.0,&
{'D7'},{'D6'},{'D5'},{'D4'},{'D2'},{'R2'},{'D3'},{'R3'},{'D1'},{'R1'},&,1.0,&
{'D7'},{'D6'},{'D5'},{'D4'},{'D2'},{'D3'},{'R2'},{'D1'},{'R1'},{'R3'},&,1.0,&
{'D7'},{'D6'},{'D5'},{'D4'},{'D2'},{'D3'},{'D1'},{'R2'},{'R1'},{'R3'},&,1.0,&
{'D7'},{'D6'},{'D5'},{'D4'},{'D2'},{'D3'},{'D1'},{'R1'},{'R2'},{'R3'},&,1.0,&
{'D7'},{'D6'},{'D5'},{'D4'},{'R1'},{'D1'},{'D3'},{'D2'},{'R2'},{'R3'},&,1.0,&
{'D7'},{'D6'},{'D5'},{'D4'},{'R2'},{'D1'},{'D3'},{'R1'},{'D2'},{'R3'},&,1.0,&
{'D7'},{'D6'},{'D5'},{'D4'},{'R2'},{'D3'},{'D1'},{'D2'},{'R3'},{'R1'},&,1.0,&
{'D7'},{'D6'},{'D5'},{'D4'},{'R2'},{'D3'},{'D1'},{'R3'},{'D2'},{'R1'},&,1.0,&
{'D7'},{'D6'},{'D5'},{'D4'},{'R3'},{'D3'},{'D1'},{'D2'},{'R2'},{'R1'},&,1.0,&
{'D7'},{'D6'},{'D5'},{'D3'},{'D1'},{'D4'},{'R2'},{'D2'},{'R3'},{'R1'},&,18.0,&
{'D7'},{'D6'},{'D5'},{'D3'},{'D1'},{'D4'},{'R2'},{'D2'},{'R1'},{'R3'},&,16.0,&
{'D7'},{'D6'},{'D5'},{'D3'},{'D1'},{'D4'},{'R2'},{'R3'},{'R1'},{'D2'},&,1.0,&
{'D7'},{'D6'},{'D5'},{'D3'},{'D1'},{'D4'},{'R2'},{'R3'},{'D2'},{'R1'},&,6.0,&
{'D7'},{'D6'},{'D5'},{'D3'},{'D1'},{'D4'},{'R2'},{'R1'},{'R3'},{'D2'},&,2.0,&
{'D7'},{'D6'},{'D5'},{'D3'},{'D1'},{'D4'},{'R2'},{'R1'},{'D2'},{'R3'},&,6.0,&
{'D7'},{'D6'},{'D5'},{'D3'},{'D1'},{'D4'},{'D2'},{'R3'},{'R1'},{'R2'},&,31.0,&
{'D7'},{'D6'},{'D5'},{'D3'},{'D1'},{'D4'},{'D2'},{'R3'},{'R2'},{'R1'},&,58.0,&
{'D7'},{'D6'},{'D5'},{'D3'},{'D1'},{'D4'},{'D2'},{'R2'},{'R3'},{'R1'},&,66.0,&
{'D7'},{'D6'},{'D5'},{'D3'},{'D1'},{'D4'},{'D2'},{'R2'},{'R1'},{'R3'},&,61.0,&
{'D7'},{'D6'},{'D5'},{'D3'},{'D1'},{'D4'},{'D2'},{'R1'},{'R3'},{'R2'},&,31.0,&
{'D7'},{'D6'},{'D5'},{'D3'},{'D1'},{'D4'},{'D2'},{'R1'},{'R2'},{'R3'},&,38.0,&
{'D7'},{'D6'},{'D5'},{'D3'},{'D1'},{'D4'},{'R3'},{'D2'},{'R1'},{'R2'},&,11.0,&
{'D7'},{'D6'},{'D5'},{'D3'},{'D1'},{'D4'},{'R3'},{'D2'},{'R2'},{'R1'},&,22.0,&
{'D7'},{'D6'},{'D5'},{'D3'},{'D1'},{'D4'},{'R3'},{'R2'},{'D2'},{'R1'},&,2.0,&
{'D7'},{'D6'},{'D5'},{'D3'},{'D1'},{'D4'},{'R3'},{'R1'},{'D2'},{'R2'},&,1.0,&
{'D7'},{'D6'},{'D5'},{'D3'},{'D1'},{'D4'},{'R3'},{'R1'},{'R2'},{'D2'},&,1.0,&
{'D7'},{'D6'},{'D5'},{'D3'},{'D1'},{'D4'},{'R1'},{'D2'},{'R3'},{'R2'},&,5.0,&
{'D7'},{'D6'},{'D5'},{'D3'},{'D1'},{'D4'},{'R1'},{'D2'},{'R2'},{'R3'},&,8.0,&
{'D7'},{'D6'},{'D5'},{'D3'},{'D1'},{'D4'},{'R1'},{'R3'},{'D2'},{'R2'},&,2.0,&
{'D7'},{'D6'},{'D5'},{'D3'},{'D1'},{'R2'},{'R1'},{'D4'},{'D2'},{'R3'},&,1.0,&
{'D7'},{'D6'},{'D5'},{'D3'},{'D1'},{'R2'},{'D4'},{'D2'},{'R3'},{'R1'},&,5.0,&
{'D7'},{'D6'},{'D5'},{'D3'},{'D1'},{'R2'},{'D4'},{'D2'},{'R1'},{'R3'},&,4.0,&
{'D7'},{'D6'},{'D5'},{'D3'},{'D1'},{'R2'},{'D4'},{'R1'},{'D2'},{'R3'},&,2.0,&
{'D7'},{'D6'},{'D5'},{'D3'},{'D1'},{'D2'},{'R2'},{'D4'},{'R1'},{'R3'},&,2.0,&
{'D7'},{'D6'},{'D5'},{'D3'},{'D1'},{'D2'},{'R3'},{'D4'},{'R2'},{'R1'},&,1.0,&
{'D7'},{'D6'},{'D5'},{'D3'},{'D1'},{'D2'},{'D4'},{'R3'},{'R2'},{'R1'},&,3.0,&
{'D7'},{'D6'},{'D5'},{'D3'},{'D1'},{'D2'},{'D4'},{'R2'},{'R3'},{'R1'},&,4.0,&
{'D7'},{'D6'},{'D5'},{'D3'},{'D1'},{'D2'},{'D4'},{'R2'},{'R1'},{'R3'},&,3.0,&
{'D7'},{'D6'},{'D5'},{'D3'},{'D1'},{'D2'},{'D4'},{'R1'},{'R3'},{'R2'},&,1.0,&
{'D7'},{'D6'},{'D5'},{'D3'},{'D1'},{'D2'},{'D4'},{'R1'},{'R2'},{'R3'},&,2.0,&
{'D7'},{'D6'},{'D5'},{'D3'},{'D1'},{'R1'},{'R2'},{'D4'},{'D2'},{'R3'},&,1.0,&
{'D7'},{'D6'},{'D5'},{'D3'},{'D1'},{'R1'},{'D4'},{'D2'},{'R2'},{'R3'},&,3.0,&
{'D7'},{'D6'},{'D5'},{'D3'},{'D1'},{'R3'},{'D4'},{'D2'},{'R2'},{'R1'},&,3.0,&
{'D7'},{'D6'},{'D5'},{'D3'},{'D1'},{'R3'},{'D4'},{'R1'},{'D2'},{'R2'},&,1.0,&
{'D7'},{'D6'},{'D5'},{'D3'},{'D4'},{'D1'},{'R2'},{'D2'},{'R3'},{'R1'},&,21.0,&
{'D7'},{'D6'},{'D5'},{'D3'},{'D4'},{'D1'},{'R2'},{'D2'},{'R1'},{'R3'},&,17.0,&
{'D7'},{'D6'},{'D5'},{'D3'},{'D4'},{'D1'},{'R2'},{'R3'},{'R1'},{'D2'},&,1.0,&
{'D7'},{'D6'},{'D5'},{'D3'},{'D4'},{'D1'},{'R2'},{'R3'},{'D2'},{'R1'},&,6.0,&
{'D7'},{'D6'},{'D5'},{'D3'},{'D4'},{'D1'},{'R2'},{'R1'},{'R3'},{'D2'},&,1.0,&
{'D7'},{'D6'},{'D5'},{'D3'},{'D4'},{'D1'},{'R2'},{'R1'},{'D2'},{'R3'},&,8.0,&
{'D7'},{'D6'},{'D5'},{'D3'},{'D4'},{'D1'},{'D2'},{'R3'},{'R1'},{'R2'},&,42.0,&
{'D7'},{'D6'},{'D5'},{'D3'},{'D4'},{'D1'},{'D2'},{'R3'},{'R2'},{'R1'},&,71.0,&
{'D7'},{'D6'},{'D5'},{'D3'},{'D4'},{'D1'},{'D2'},{'R2'},{'R3'},{'R1'},&,102.0,&
{'D7'},{'D6'},{'D5'},{'D3'},{'D4'},{'D1'},{'D2'},{'R2'},{'R1'},{'R3'},&,82.0,&
{'D7'},{'D6'},{'D5'},{'D3'},{'D4'},{'D1'},{'D2'},{'R1'},{'R3'},{'R2'},&,41.0,&
{'D7'},{'D6'},{'D5'},{'D3'},{'D4'},{'D1'},{'D2'},{'R1'},{'R2'},{'R3'},&,70.0,&
{'D7'},{'D6'},{'D5'},{'D3'},{'D4'},{'D1'},{'R3'},{'D2'},{'R1'},{'R2'},&,8.0,&
{'D7'},{'D6'},{'D5'},{'D3'},{'D4'},{'D1'},{'R3'},{'D2'},{'R2'},{'R1'},&,16.0,&
{'D7'},{'D6'},{'D5'},{'D3'},{'D4'},{'D1'},{'R3'},{'R2'},{'R1'},{'D2'},&,1.0,&
{'D7'},{'D6'},{'D5'},{'D3'},{'D4'},{'D1'},{'R3'},{'R2'},{'D2'},{'R1'},&,2.0,&
{'D7'},{'D6'},{'D5'},{'D3'},{'D4'},{'D1'},{'R3'},{'R1'},{'D2'},{'R2'},&,6.0,&
{'D7'},{'D6'},{'D5'},{'D3'},{'D4'},{'D1'},{'R3'},{'R1'},{'R2'},{'D2'},&,2.0,&
{'D7'},{'D6'},{'D5'},{'D3'},{'D4'},{'D1'},{'R1'},{'D2'},{'R3'},{'R2'},&,12.0,&
{'D7'},{'D6'},{'D5'},{'D3'},{'D4'},{'D1'},{'R1'},{'D2'},{'R2'},{'R3'},&,12.0,&
{'D7'},{'D6'},{'D5'},{'D3'},{'D4'},{'D1'},{'R1'},{'R3'},{'D2'},{'R2'},&,6.0,&
{'D7'},{'D6'},{'D5'},{'D3'},{'D4'},{'D1'},{'R1'},{'R3'},{'R2'},{'D2'},&,1.0,&
{'D7'},{'D6'},{'D5'},{'D3'},{'D4'},{'D1'},{'R1'},{'R2'},{'R3'},{'D2'},&,2.0,&
{'D7'},{'D6'},{'D5'},{'D3'},{'D4'},{'D1'},{'R1'},{'R2'},{'D2'},{'R3'},&,3.0,&
{'D7'},{'D6'},{'D5'},{'D3'},{'D4'},{'R2'},{'D1'},{'D2'},{'R3'},{'R1'},&,5.0,&
{'D7'},{'D6'},{'D5'},{'D3'},{'D4'},{'R2'},{'D1'},{'D2'},{'R1'},{'R3'},&,6.0,&
{'D7'},{'D6'},{'D5'},{'D3'},{'D4'},{'R2'},{'D1'},{'R3'},{'R1'},{'D2'},&,3.0,&
{'D7'},{'D6'},{'D5'},{'D3'},{'D4'},{'R2'},{'D1'},{'R1'},{'D2'},{'R3'},&,3.0,&
{'D7'},{'D6'},{'D5'},{'D3'},{'D4'},{'D2'},{'R2'},{'R3'},{'D1'},{'R1'},&,1.0,&
{'D7'},{'D6'},{'D5'},{'D3'},{'D4'},{'D2'},{'R2'},{'R1'},{'D1'},{'R3'},&,1.0,&
{'D7'},{'D6'},{'D5'},{'D3'},{'D4'},{'D2'},{'R2'},{'D1'},{'R3'},{'R1'},&,2.0,&
{'D7'},{'D6'},{'D5'},{'D3'},{'D4'},{'D2'},{'R2'},{'D1'},{'R1'},{'R3'},&,3.0,&
{'D7'},{'D6'},{'D5'},{'D3'},{'D4'},{'D2'},{'R1'},{'R3'},{'D1'},{'R2'},&,1.0,&
{'D7'},{'D6'},{'D5'},{'D3'},{'D4'},{'D2'},{'R1'},{'R2'},{'D1'},{'R3'},&,1.0,&
{'D7'},{'D6'},{'D5'},{'D3'},{'D4'},{'D2'},{'R1'},{'D1'},{'R3'},{'R2'},&,1.0,&
{'D7'},{'D6'},{'D5'},{'D3'},{'D4'},{'D2'},{'R1'},{'D1'},{'R2'},{'R3'},&,2.0,&
{'D7'},{'D6'},{'D5'},{'D3'},{'D4'},{'D2'},{'D1'},{'R3'},{'R1'},{'R2'},&,2.0,&
{'D7'},{'D6'},{'D5'},{'D3'},{'D4'},{'D2'},{'D1'},{'R3'},{'R2'},{'R1'},&,5.0,&
{'D7'},{'D6'},{'D5'},{'D3'},{'D4'},{'D2'},{'D1'},{'R2'},{'R3'},{'R1'},&,4.0,&
{'D7'},{'D6'},{'D5'},{'D3'},{'D4'},{'D2'},{'D1'},{'R2'},{'R1'},{'R3'},&,5.0,&
{'D7'},{'D6'},{'D5'},{'D3'},{'D4'},{'D2'},{'D1'},{'R1'},{'R3'},{'R2'},&,3.0,&
{'D7'},{'D6'},{'D5'},{'D3'},{'D4'},{'D2'},{'D1'},{'R1'},{'R2'},{'R3'},&,4.0,&
{'D7'},{'D6'},{'D5'},{'D3'},{'D4'},{'R1'},{'R2'},{'D1'},{'R3'},{'D2'},&,1.0,&
{'D7'},{'D6'},{'D5'},{'D3'},{'D4'},{'R1'},{'R2'},{'D1'},{'D2'},{'R3'},&,1.0,&
{'D7'},{'D6'},{'D5'},{'D3'},{'D4'},{'R1'},{'D1'},{'D2'},{'R3'},{'R2'},&,2.0,&
{'D7'},{'D6'},{'D5'},{'D3'},{'D4'},{'R1'},{'D1'},{'D2'},{'R2'},{'R3'},&,2.0,&
{'D7'},{'D6'},{'D5'},{'D3'},{'D4'},{'R1'},{'D1'},{'R2'},{'D2'},{'R3'},&,2.0,&
{'D7'},{'D6'},{'D5'},{'D3'},{'D4'},{'R3'},{'R1'},{'D1'},{'D2'},{'R2'},&,1.0,&
{'D7'},{'D6'},{'D5'},{'D3'},{'D4'},{'R3'},{'D1'},{'D2'},{'R1'},{'R2'},&,5.0,&
{'D7'},{'D6'},{'D5'},{'D3'},{'D4'},{'R3'},{'D1'},{'D2'},{'R2'},{'R1'},&,4.0,&
{'D7'},{'D6'},{'D5'},{'D3'},{'D4'},{'R3'},{'D1'},{'R2'},{'D2'},{'R1'},&,1.0,&
{'D7'},{'D6'},{'D5'},{'D3'},{'D2'},{'D4'},{'R2'},{'D1'},{'R3'},{'R1'},&,1.0,&
{'D7'},{'D6'},{'D5'},{'D3'},{'D2'},{'D4'},{'R3'},{'D1'},{'R2'},{'R1'},&,1.0,&
{'D7'},{'D6'},{'D5'},{'D3'},{'D2'},{'D4'},{'R1'},{'D1'},{'R2'},{'R3'},&,2.0,&
{'D7'},{'D6'},{'D5'},{'D3'},{'D2'},{'D4'},{'D1'},{'R3'},{'R1'},{'R2'},&,1.0,&
{'D7'},{'D6'},{'D5'},{'D3'},{'D2'},{'D4'},{'D1'},{'R2'},{'R3'},{'R1'},&,2.0,&
{'D7'},{'D6'},{'D5'},{'D3'},{'D2'},{'D4'},{'D1'},{'R2'},{'R1'},{'R3'},&,2.0,&
{'D7'},{'D6'},{'D5'},{'D3'},{'D2'},{'D4'},{'D1'},{'R1'},{'R3'},{'R2'},&,2.0,&
{'D7'},{'D6'},{'D5'},{'D3'},{'D2'},{'D4'},{'D1'},{'R1'},{'R2'},{'R3'},&,2.0,&
{'D7'},{'D6'},{'D5'},{'D3'},{'D2'},{'D1'},{'R2'},{'D4'},{'R1'},{'R3'},&,1.0,&
{'D7'},{'D6'},{'D5'},{'D3'},{'D2'},{'D1'},{'D4'},{'R2'},{'R3'},{'R1'},&,4.0,&
{'D7'},{'D6'},{'D5'},{'D3'},{'D2'},{'D1'},{'D4'},{'R2'},{'R1'},{'R3'},&,1.0,&
{'D7'},{'D6'},{'D5'},{'D3'},{'D2'},{'D1'},{'D4'},{'R1'},{'R3'},{'R2'},&,1.0,&
{'D7'},{'D6'},{'D5'},{'D3'},{'D2'},{'D1'},{'D4'},{'R1'},{'R2'},{'R3'},&,2.0,&
{'D7'},{'D6'},{'D5'},{'D3'},{'R1'},{'D1'},{'R3'},{'D4'},{'D2'},{'R2'},&,1.0,&
{'D7'},{'D6'},{'D5'},{'D3'},{'R2'},{'D4'},{'D1'},{'D2'},{'R3'},{'R1'},&,1.0,&
{'D7'},{'D6'},{'D5'},{'D3'},{'R2'},{'D4'},{'D1'},{'D2'},{'R1'},{'R3'},&,1.0,&
{'D7'},{'D6'},{'D5'},{'D3'},{'R2'},{'D4'},{'D1'},{'R3'},{'D2'},{'R1'},&,1.0,&
{'D7'},{'D6'},{'D5'},{'D3'},{'R2'},{'D1'},{'D2'},{'D4'},{'R1'},{'R3'},&,1.0,&
{'D7'},{'D6'},{'D5'},{'D3'},{'R2'},{'D1'},{'D4'},{'D2'},{'R3'},{'R1'},&,2.0,&
{'D7'},{'D6'},{'D5'},{'D3'},{'R3'},{'D1'},{'D4'},{'D2'},{'R2'},{'R1'},&,2.0,&
{'D7'},{'D6'},{'D5'},{'D3'},{'R3'},{'D1'},{'D4'},{'R2'},{'R1'},{'D2'},&,1.0,&
{'D7'},{'D6'},{'D5'},{'D2'},{'D3'},{'D4'},{'R2'},{'D1'},{'R3'},{'R1'},&,1.0,&
{'D7'},{'D6'},{'D5'},{'D2'},{'D3'},{'D4'},{'R2'},{'D1'},{'R1'},{'R3'},&,1.0,&
{'D7'},{'D6'},{'D5'},{'D2'},{'D3'},{'D4'},{'D1'},{'R3'},{'R2'},{'R1'},&,1.0,&
{'D7'},{'D6'},{'D5'},{'D2'},{'D3'},{'D4'},{'D1'},{'R1'},{'R3'},{'R2'},&,1.0,&
{'D7'},{'D6'},{'D5'},{'D2'},{'D3'},{'D1'},{'R1'},{'R2'},{'D4'},{'R3'},&,1.0,&
{'D7'},{'D6'},{'D5'},{'D2'},{'D3'},{'D1'},{'D4'},{'R3'},{'R2'},{'R1'},&,1.0,&
{'D7'},{'D6'},{'D5'},{'D2'},{'D3'},{'D1'},{'D4'},{'R2'},{'R1'},{'R3'},&,1.0,&
{'D7'},{'D6'},{'D5'},{'D2'},{'D3'},{'D1'},{'D4'},{'R1'},{'R3'},{'R2'},&,1.0,&
{'D7'},{'D6'},{'D5'},{'D2'},{'D3'},{'D1'},{'D4'},{'R1'},{'R2'},{'R3'},&,1.0,&
{'D7'},{'D6'},{'D5'},{'D2'},{'D3'},{'R2'},{'D4'},{'D1'},{'R1'},{'R3'},&,1.0,&
{'D7'},{'D6'},{'D5'},{'D2'},{'D1'},{'D4'},{'D3'},{'R1'},{'R2'},{'R3'},&,1.0,&
{'D7'},{'D6'},{'D5'},{'D2'},{'D1'},{'D3'},{'D4'},{'R2'},{'R3'},{'R1'},&,1.0,&
{'D7'},{'D6'},{'D5'},{'D2'},{'D1'},{'D3'},{'D4'},{'R1'},{'R2'},{'R3'},&,1.0,&
{'D7'},{'D6'},{'D5'},{'D2'},{'D4'},{'D1'},{'R2'},{'D3'},{'R1'},{'R3'},&,1.0,&
{'D7'},{'D6'},{'D5'},{'D2'},{'D4'},{'D1'},{'D3'},{'R2'},{'R1'},{'R3'},&,1.0,&
{'D7'},{'D6'},{'D5'},{'D2'},{'D4'},{'D3'},{'R3'},{'D1'},{'R2'},{'R1'},&,1.0,&
{'D7'},{'D6'},{'D5'},{'D2'},{'D4'},{'D3'},{'D1'},{'R2'},{'R3'},{'R1'},&,3.0,&
{'D7'},{'D6'},{'D5'},{'R2'},{'D3'},{'D4'},{'D1'},{'D2'},{'R3'},{'R1'},&,1.0,&
{'D7'},{'D6'},{'D5'},{'R2'},{'D3'},{'D4'},{'D1'},{'R3'},{'D2'},{'R1'},&,1.0,&
{'D7'},{'D6'},{'D5'},{'R2'},{'D3'},{'D1'},{'D4'},{'D2'},{'R1'},{'R3'},&,1.0,&
{'D7'},{'D6'},{'D5'},{'R2'},{'D1'},{'D3'},{'D4'},{'D2'},{'R3'},{'R1'},&,1.0,&
{'D7'},{'D6'},{'D5'},{'R1'},{'D3'},{'D4'},{'D1'},{'D2'},{'R2'},{'R3'},&,1.0,&
{'D7'},{'D6'},{'D1'},{'D5'},{'D3'},{'D4'},{'R2'},{'D2'},{'R3'},{'R1'},&,6.0,&
{'D7'},{'D6'},{'D1'},{'D5'},{'D3'},{'D4'},{'R2'},{'D2'},{'R1'},{'R3'},&,8.0,&
{'D7'},{'D6'},{'D1'},{'D5'},{'D3'},{'D4'},{'R2'},{'R1'},{'D2'},{'R3'},&,5.0,&
{'D7'},{'D6'},{'D1'},{'D5'},{'D3'},{'D4'},{'D2'},{'R3'},{'R1'},{'R2'},&,13.0,&
{'D7'},{'D6'},{'D1'},{'D5'},{'D3'},{'D4'},{'D2'},{'R3'},{'R2'},{'R1'},&,18.0,&
{'D7'},{'D6'},{'D1'},{'D5'},{'D3'},{'D4'},{'D2'},{'R2'},{'R3'},{'R1'},&,42.0,&
{'D7'},{'D6'},{'D1'},{'D5'},{'D3'},{'D4'},{'D2'},{'R2'},{'R1'},{'R3'},&,22.0,&
{'D7'},{'D6'},{'D1'},{'D5'},{'D3'},{'D4'},{'D2'},{'R1'},{'R3'},{'R2'},&,9.0,&
{'D7'},{'D6'},{'D1'},{'D5'},{'D3'},{'D4'},{'D2'},{'R1'},{'R2'},{'R3'},&,23.0,&
{'D7'},{'D6'},{'D1'},{'D5'},{'D3'},{'D4'},{'R3'},{'D2'},{'R1'},{'R2'},&,4.0,&
{'D7'},{'D6'},{'D1'},{'D5'},{'D3'},{'D4'},{'R3'},{'D2'},{'R2'},{'R1'},&,11.0,&
{'D7'},{'D6'},{'D1'},{'D5'},{'D3'},{'D4'},{'R3'},{'R1'},{'D2'},{'R2'},&,1.0,&
{'D7'},{'D6'},{'D1'},{'D5'},{'D3'},{'D4'},{'R1'},{'D2'},{'R3'},{'R2'},&,3.0,&
{'D7'},{'D6'},{'D1'},{'D5'},{'D3'},{'D4'},{'R1'},{'D2'},{'R2'},{'R3'},&,8.0,&
{'D7'},{'D6'},{'D1'},{'D5'},{'D3'},{'D4'},{'R1'},{'R3'},{'D2'},{'R2'},&,1.0,&
{'D7'},{'D6'},{'D1'},{'D5'},{'D3'},{'D4'},{'R1'},{'R2'},{'D2'},{'R3'},&,1.0,&
{'D7'},{'D6'},{'D1'},{'D5'},{'D3'},{'R2'},{'D2'},{'D4'},{'R3'},{'R1'},&,1.0,&
{'D7'},{'D6'},{'D1'},{'D5'},{'D3'},{'R2'},{'R1'},{'D4'},{'D2'},{'R3'},&,1.0,&
{'D7'},{'D6'},{'D1'},{'D5'},{'D3'},{'R2'},{'D4'},{'D2'},{'R3'},{'R1'},&,1.0,&
{'D7'},{'D6'},{'D1'},{'D5'},{'D3'},{'R2'},{'D4'},{'D2'},{'R1'},{'R3'},&,1.0,&
{'D7'},{'D6'},{'D1'},{'D5'},{'D3'},{'R2'},{'D4'},{'R3'},{'D2'},{'R1'},&,2.0,&
{'D7'},{'D6'},{'D1'},{'D5'},{'D3'},{'D2'},{'D4'},{'R2'},{'R3'},{'R1'},&,2.0,&
{'D7'},{'D6'},{'D1'},{'D5'},{'D3'},{'D2'},{'D4'},{'R1'},{'R2'},{'R3'},&,1.0,&
{'D7'},{'D6'},{'D1'},{'D5'},{'D3'},{'R1'},{'R2'},{'D4'},{'D2'},{'R3'},&,1.0,&
{'D7'},{'D6'},{'D1'},{'D5'},{'D3'},{'R1'},{'D4'},{'D2'},{'R3'},{'R2'},&,1.0,&
{'D7'},{'D6'},{'D1'},{'D5'},{'D3'},{'R1'},{'D4'},{'D2'},{'R2'},{'R3'},&,2.0,&
{'D7'},{'D6'},{'D1'},{'D5'},{'D3'},{'R3'},{'R2'},{'D4'},{'D2'},{'R1'},&,1.0,&
{'D7'},{'D6'},{'D1'},{'D5'},{'D3'},{'R3'},{'R1'},{'D4'},{'D2'},{'R2'},&,1.0,&
{'D7'},{'D6'},{'D1'},{'D5'},{'D3'},{'R3'},{'D4'},{'D2'},{'R1'},{'R2'},&,1.0,&
{'D7'},{'D6'},{'D1'},{'D5'},{'D3'},{'R3'},{'D4'},{'D2'},{'R2'},{'R1'},&,3.0,&
{'D7'},{'D6'},{'D1'},{'D5'},{'D3'},{'R3'},{'D4'},{'R1'},{'D2'},{'R2'},&,1.0,&
{'D7'},{'D6'},{'D1'},{'D5'},{'D4'},{'R2'},{'D3'},{'R3'},{'D2'},{'R1'},&,1.0,&
{'D7'},{'D6'},{'D1'},{'D5'},{'D4'},{'D3'},{'R2'},{'D2'},{'R3'},{'R1'},&,5.0,&
{'D7'},{'D6'},{'D1'},{'D5'},{'D4'},{'D3'},{'R2'},{'D2'},{'R1'},{'R3'},&,7.0,&
{'D7'},{'D6'},{'D1'},{'D5'},{'D4'},{'D3'},{'R2'},{'R3'},{'R1'},{'D2'},&,1.0,&
{'D7'},{'D6'},{'D1'},{'D5'},{'D4'},{'D3'},{'R2'},{'R3'},{'D2'},{'R1'},&,1.0,&
{'D7'},{'D6'},{'D1'},{'D5'},{'D4'},{'D3'},{'R2'},{'R1'},{'D2'},{'R3'},&,1.0,&
{'D7'},{'D6'},{'D1'},{'D5'},{'D4'},{'D3'},{'D2'},{'R3'},{'R1'},{'R2'},&,7.0,&
{'D7'},{'D6'},{'D1'},{'D5'},{'D4'},{'D3'},{'D2'},{'R3'},{'R2'},{'R1'},&,17.0,&
{'D7'},{'D6'},{'D1'},{'D5'},{'D4'},{'D3'},{'D2'},{'R2'},{'R3'},{'R1'},&,16.0,&
{'D7'},{'D6'},{'D1'},{'D5'},{'D4'},{'D3'},{'D2'},{'R2'},{'R1'},{'R3'},&,20.0,&
{'D7'},{'D6'},{'D1'},{'D5'},{'D4'},{'D3'},{'D2'},{'R1'},{'R3'},{'R2'},&,7.0,&
{'D7'},{'D6'},{'D1'},{'D5'},{'D4'},{'D3'},{'D2'},{'R1'},{'R2'},{'R3'},&,5.0,&
{'D7'},{'D6'},{'D1'},{'D5'},{'D4'},{'D3'},{'R3'},{'D2'},{'R1'},{'R2'},&,2.0,&
{'D7'},{'D6'},{'D1'},{'D5'},{'D4'},{'D3'},{'R3'},{'D2'},{'R2'},{'R1'},&,2.0,&
{'D7'},{'D6'},{'D1'},{'D5'},{'D4'},{'D3'},{'R3'},{'R2'},{'D2'},{'R1'},&,1.0,&
{'D7'},{'D6'},{'D1'},{'D5'},{'D4'},{'D3'},{'R1'},{'R3'},{'D2'},{'R2'},&,1.0,&
{'D7'},{'D6'},{'D1'},{'D5'},{'D4'},{'D2'},{'D3'},{'R2'},{'R3'},{'R1'},&,1.0,&
{'D7'},{'D6'},{'D1'},{'D5'},{'D4'},{'R1'},{'D3'},{'D2'},{'R2'},{'R3'},&,1.0,&
{'D7'},{'D6'},{'D1'},{'D5'},{'D4'},{'R3'},{'R1'},{'D3'},{'D2'},{'R2'},&,1.0,&
{'D7'},{'D6'},{'D1'},{'D5'},{'D4'},{'R3'},{'D3'},{'D2'},{'R1'},{'R2'},&,1.0,&
{'D7'},{'D6'},{'D1'},{'D5'},{'D4'},{'R3'},{'D3'},{'D2'},{'R2'},{'R1'},&,1.0,&
{'D7'},{'D6'},{'D1'},{'D5'},{'D2'},{'D4'},{'R3'},{'D3'},{'R2'},{'R1'},&,1.0,&
{'D7'},{'D6'},{'D1'},{'D5'},{'D2'},{'D4'},{'R1'},{'R2'},{'D3'},{'R3'},&,1.0,&
{'D7'},{'D6'},{'D1'},{'D5'},{'D2'},{'R2'},{'D3'},{'D4'},{'R1'},{'R3'},&,1.0,&
{'D7'},{'D6'},{'D1'},{'D5'},{'D2'},{'D3'},{'D4'},{'R2'},{'R3'},{'R1'},&,1.0,&
{'D7'},{'D6'},{'D1'},{'D5'},{'D2'},{'D3'},{'D4'},{'R1'},{'R2'},{'R3'},&,1.0,&
{'D7'},{'D6'},{'D1'},{'D5'},{'R2'},{'D4'},{'D3'},{'D2'},{'R3'},{'R1'},&,1.0,&
{'D7'},{'D6'},{'D1'},{'D5'},{'R2'},{'D3'},{'D4'},{'D2'},{'R3'},{'R1'},&,1.0,&
{'D7'},{'D6'},{'D1'},{'D5'},{'R3'},{'D3'},{'D4'},{'D2'},{'R1'},{'R2'},&,1.0,&
{'D7'},{'D6'},{'D1'},{'D4'},{'D3'},{'D5'},{'R2'},{'D2'},{'R3'},{'R1'},&,30.0,&
{'D7'},{'D6'},{'D1'},{'D4'},{'D3'},{'D5'},{'R2'},{'D2'},{'R1'},{'R3'},&,21.0,&
{'D7'},{'D6'},{'D1'},{'D4'},{'D3'},{'D5'},{'R2'},{'R3'},{'R1'},{'D2'},&,2.0,&
{'D7'},{'D6'},{'D1'},{'D4'},{'D3'},{'D5'},{'R2'},{'R3'},{'D2'},{'R1'},&,9.0,&
{'D7'},{'D6'},{'D1'},{'D4'},{'D3'},{'D5'},{'R2'},{'R1'},{'R3'},{'D2'},&,1.0,&
{'D7'},{'D6'},{'D1'},{'D4'},{'D3'},{'D5'},{'R2'},{'R1'},{'D2'},{'R3'},&,13.0,&
{'D7'},{'D6'},{'D1'},{'D4'},{'D3'},{'D5'},{'D2'},{'R3'},{'R1'},{'R2'},&,42.0,&
{'D7'},{'D6'},{'D1'},{'D4'},{'D3'},{'D5'},{'D2'},{'R3'},{'R2'},{'R1'},&,99.0,&
{'D7'},{'D6'},{'D1'},{'D4'},{'D3'},{'D5'},{'D2'},{'R2'},{'R3'},{'R1'},&,102.0,&
{'D7'},{'D6'},{'D1'},{'D4'},{'D3'},{'D5'},{'D2'},{'R2'},{'R1'},{'R3'},&,108.0,&
{'D7'},{'D6'},{'D1'},{'D4'},{'D3'},{'D5'},{'D2'},{'R1'},{'R3'},{'R2'},&,49.0,&
{'D7'},{'D6'},{'D1'},{'D4'},{'D3'},{'D5'},{'D2'},{'R1'},{'R2'},{'R3'},&,55.0,&
{'D7'},{'D6'},{'D1'},{'D4'},{'D3'},{'D5'},{'R3'},{'D2'},{'R1'},{'R2'},&,10.0,&
{'D7'},{'D6'},{'D1'},{'D4'},{'D3'},{'D5'},{'R3'},{'D2'},{'R2'},{'R1'},&,23.0,&
{'D7'},{'D6'},{'D1'},{'D4'},{'D3'},{'D5'},{'R3'},{'R2'},{'R1'},{'D2'},&,1.0,&
{'D7'},{'D6'},{'D1'},{'D4'},{'D3'},{'D5'},{'R3'},{'R2'},{'D2'},{'R1'},&,6.0,&
{'D7'},{'D6'},{'D1'},{'D4'},{'D3'},{'D5'},{'R3'},{'R1'},{'D2'},{'R2'},&,3.0,&
{'D7'},{'D6'},{'D1'},{'D4'},{'D3'},{'D5'},{'R3'},{'R1'},{'R2'},{'D2'},&,2.0,&
{'D7'},{'D6'},{'D1'},{'D4'},{'D3'},{'D5'},{'R1'},{'D2'},{'R3'},{'R2'},&,12.0,&
{'D7'},{'D6'},{'D1'},{'D4'},{'D3'},{'D5'},{'R1'},{'D2'},{'R2'},{'R3'},&,21.0,&
{'D7'},{'D6'},{'D1'},{'D4'},{'D3'},{'D5'},{'R1'},{'R3'},{'D2'},{'R2'},&,3.0,&
{'D7'},{'D6'},{'D1'},{'D4'},{'D3'},{'D5'},{'R1'},{'R3'},{'R2'},{'D2'},&,1.0,&
{'D7'},{'D6'},{'D1'},{'D4'},{'D3'},{'D5'},{'R1'},{'R2'},{'R3'},{'D2'},&,1.0,&
{'D7'},{'D6'},{'D1'},{'D4'},{'D3'},{'D5'},{'R1'},{'R2'},{'D2'},{'R3'},&,3.0,&
{'D7'},{'D6'},{'D1'},{'D4'},{'D3'},{'R2'},{'D2'},{'D5'},{'R1'},{'R3'},&,1.0,&
{'D7'},{'D6'},{'D1'},{'D4'},{'D3'},{'R2'},{'R3'},{'D5'},{'D2'},{'R1'},&,1.0,&
{'D7'},{'D6'},{'D1'},{'D4'},{'D3'},{'R2'},{'D5'},{'D2'},{'R3'},{'R1'},&,6.0,&
{'D7'},{'D6'},{'D1'},{'D4'},{'D3'},{'R2'},{'D5'},{'D2'},{'R1'},{'R3'},&,6.0,&
{'D7'},{'D6'},{'D1'},{'D4'},{'D3'},{'R2'},{'D5'},{'R3'},{'D2'},{'R1'},&,3.0,&
{'D7'},{'D6'},{'D1'},{'D4'},{'D3'},{'R2'},{'D5'},{'R1'},{'D2'},{'R3'},&,3.0,&
{'D7'},{'D6'},{'D1'},{'D4'},{'D3'},{'D2'},{'R2'},{'R3'},{'D5'},{'R1'},&,1.0,&
{'D7'},{'D6'},{'D1'},{'D4'},{'D3'},{'D2'},{'R2'},{'R1'},{'R3'},{'D5'},&,1.0,&
{'D7'},{'D6'},{'D1'},{'D4'},{'D3'},{'D2'},{'R2'},{'D5'},{'R3'},{'R1'},&,2.0,&
{'D7'},{'D6'},{'D1'},{'D4'},{'D3'},{'D2'},{'R2'},{'D5'},{'R1'},{'R3'},&,2.0,&
{'D7'},{'D6'},{'D1'},{'D4'},{'D3'},{'D2'},{'R3'},{'R1'},{'D5'},{'R2'},&,1.0,&
{'D7'},{'D6'},{'D1'},{'D4'},{'D3'},{'D2'},{'R3'},{'D5'},{'R1'},{'R2'},&,2.0,&
{'D7'},{'D6'},{'D1'},{'D4'},{'D3'},{'D2'},{'R3'},{'D5'},{'R2'},{'R1'},&,3.0,&
{'D7'},{'D6'},{'D1'},{'D4'},{'D3'},{'D2'},{'D5'},{'R3'},{'R1'},{'R2'},&,3.0,&
{'D7'},{'D6'},{'D1'},{'D4'},{'D3'},{'D2'},{'D5'},{'R3'},{'R2'},{'R1'},&,8.0,&
{'D7'},{'D6'},{'D1'},{'D4'},{'D3'},{'D2'},{'D5'},{'R2'},{'R3'},{'R1'},&,10.0,&
{'D7'},{'D6'},{'D1'},{'D4'},{'D3'},{'D2'},{'D5'},{'R2'},{'R1'},{'R3'},&,8.0,&
{'D7'},{'D6'},{'D1'},{'D4'},{'D3'},{'D2'},{'D5'},{'R1'},{'R3'},{'R2'},&,2.0,&
{'D7'},{'D6'},{'D1'},{'D4'},{'D3'},{'D2'},{'D5'},{'R1'},{'R2'},{'R3'},&,12.0,&
{'D7'},{'D6'},{'D1'},{'D4'},{'D3'},{'D2'},{'R1'},{'D5'},{'R3'},{'R2'},&,1.0,&
{'D7'},{'D6'},{'D1'},{'D4'},{'D3'},{'R1'},{'R2'},{'D2'},{'D5'},{'R3'},&,1.0,&
{'D7'},{'D6'},{'D1'},{'D4'},{'D3'},{'R1'},{'D5'},{'D2'},{'R3'},{'R2'},&,3.0,&
{'D7'},{'D6'},{'D1'},{'D4'},{'D3'},{'R1'},{'D5'},{'D2'},{'R2'},{'R3'},&,2.0,&
{'D7'},{'D6'},{'D1'},{'D4'},{'D3'},{'R1'},{'D5'},{'R3'},{'D2'},{'R2'},&,1.0,&
{'D7'},{'D6'},{'D1'},{'D4'},{'D3'},{'R1'},{'D5'},{'R2'},{'D2'},{'R3'},&,1.0,&
{'D7'},{'D6'},{'D1'},{'D4'},{'D3'},{'R3'},{'D5'},{'D2'},{'R1'},{'R2'},&,2.0,&
{'D7'},{'D6'},{'D1'},{'D4'},{'D3'},{'R3'},{'D5'},{'D2'},{'R2'},{'R1'},&,8.0,&
{'D7'},{'D6'},{'D1'},{'D4'},{'D3'},{'R3'},{'R1'},{'D2'},{'D5'},{'R2'},&,1.0,&
{'D7'},{'D6'},{'D1'},{'D4'},{'D5'},{'R2'},{'R3'},{'R1'},{'D3'},{'D2'},&,1.0,&
{'D7'},{'D6'},{'D1'},{'D4'},{'D5'},{'R2'},{'D3'},{'D2'},{'R3'},{'R1'},&,4.0,&
{'D7'},{'D6'},{'D1'},{'D4'},{'D5'},{'R2'},{'D3'},{'D2'},{'R1'},{'R3'},&,3.0,&
{'D7'},{'D6'},{'D1'},{'D4'},{'D5'},{'D3'},{'R2'},{'D2'},{'R3'},{'R1'},&,8.0,&
{'D7'},{'D6'},{'D1'},{'D4'},{'D5'},{'D3'},{'R2'},{'D2'},{'R1'},{'R3'},&,1.0,&
{'D7'},{'D6'},{'D1'},{'D4'},{'D5'},{'D3'},{'R2'},{'R3'},{'D2'},{'R1'},&,2.0,&
{'D7'},{'D6'},{'D1'},{'D4'},{'D5'},{'D3'},{'R2'},{'R1'},{'R3'},{'D2'},&,1.0,&
{'D7'},{'D6'},{'D1'},{'D4'},{'D5'},{'D3'},{'R2'},{'R1'},{'D2'},{'R3'},&,2.0,&
{'D7'},{'D6'},{'D1'},{'D4'},{'D5'},{'D3'},{'D2'},{'R3'},{'R1'},{'R2'},&,7.0,&
{'D7'},{'D6'},{'D1'},{'D4'},{'D5'},{'D3'},{'D2'},{'R3'},{'R2'},{'R1'},&,14.0,&
{'D7'},{'D6'},{'D1'},{'D4'},{'D5'},{'D3'},{'D2'},{'R2'},{'R3'},{'R1'},&,18.0,&
{'D7'},{'D6'},{'D1'},{'D4'},{'D5'},{'D3'},{'D2'},{'R2'},{'R1'},{'R3'},&,15.0,&
{'D7'},{'D6'},{'D1'},{'D4'},{'D5'},{'D3'},{'D2'},{'R1'},{'R3'},{'R2'},&,4.0,&
{'D7'},{'D6'},{'D1'},{'D4'},{'D5'},{'D3'},{'D2'},{'R1'},{'R2'},{'R3'},&,10.0,&
{'D7'},{'D6'},{'D1'},{'D4'},{'D5'},{'D3'},{'R3'},{'D2'},{'R2'},{'R1'},&,1.0,&
{'D7'},{'D6'},{'D1'},{'D4'},{'D5'},{'D3'},{'R3'},{'R2'},{'D2'},{'R1'},&,1.0,&
{'D7'},{'D6'},{'D1'},{'D4'},{'D5'},{'D3'},{'R1'},{'D2'},{'R3'},{'R2'},&,1.0,&
{'D7'},{'D6'},{'D1'},{'D4'},{'D5'},{'D3'},{'R1'},{'D2'},{'R2'},{'R3'},&,3.0,&
{'D7'},{'D6'},{'D1'},{'D4'},{'D5'},{'D2'},{'R2'},{'D3'},{'R1'},{'R3'},&,1.0,&
{'D7'},{'D6'},{'D1'},{'D4'},{'D5'},{'D2'},{'D3'},{'R3'},{'R1'},{'R2'},&,1.0,&
{'D7'},{'D6'},{'D1'},{'D4'},{'D5'},{'R1'},{'D3'},{'D2'},{'R3'},{'R2'},&,1.0,&
{'D7'},{'D6'},{'D1'},{'D4'},{'D5'},{'R1'},{'D3'},{'D2'},{'R2'},{'R3'},&,1.0,&
{'D7'},{'D6'},{'D1'},{'D4'},{'D5'},{'R3'},{'D3'},{'D2'},{'R1'},{'R2'},&,1.0,&
{'D7'},{'D6'},{'D1'},{'D4'},{'D5'},{'R3'},{'D3'},{'R2'},{'D2'},{'R1'},&,1.0,&
{'D7'},{'D6'},{'D1'},{'D4'},{'D2'},{'D5'},{'D3'},{'R2'},{'R3'},{'R1'},&,1.0,&
{'D7'},{'D6'},{'D1'},{'D4'},{'D2'},{'D3'},{'D5'},{'R3'},{'R2'},{'R1'},&,2.0,&
{'D7'},{'D6'},{'D1'},{'D4'},{'D2'},{'D3'},{'D5'},{'R2'},{'R3'},{'R1'},&,2.0,&
{'D7'},{'D6'},{'D1'},{'D4'},{'D2'},{'D3'},{'D5'},{'R2'},{'R1'},{'R3'},&,1.0,&
{'D7'},{'D6'},{'D1'},{'D4'},{'D2'},{'D3'},{'D5'},{'R1'},{'R3'},{'R2'},&,2.0,&
{'D7'},{'D6'},{'D1'},{'D4'},{'R1'},{'D5'},{'R2'},{'D3'},{'D2'},{'R3'},&,1.0,&
{'D7'},{'D6'},{'D1'},{'D4'},{'R1'},{'D5'},{'D2'},{'D3'},{'R3'},{'R2'},&,1.0,&
{'D7'},{'D6'},{'D1'},{'D4'},{'R1'},{'D3'},{'D2'},{'D5'},{'R2'},{'R3'},&,1.0,&
{'D7'},{'D6'},{'D1'},{'D4'},{'R1'},{'D3'},{'D5'},{'D2'},{'R2'},{'R3'},&,2.0,&
{'D7'},{'D6'},{'D1'},{'D4'},{'R1'},{'D3'},{'D5'},{'R3'},{'D2'},{'R2'},&,1.0,&
{'D7'},{'D6'},{'D1'},{'D4'},{'R2'},{'D3'},{'D5'},{'D2'},{'R3'},{'R1'},&,3.0,&
{'D7'},{'D6'},{'D1'},{'D4'},{'R2'},{'D3'},{'D5'},{'D2'},{'R1'},{'R3'},&,1.0,&
{'D7'},{'D6'},{'D1'},{'D4'},{'R3'},{'D3'},{'D5'},{'D2'},{'R1'},{'R2'},&,2.0,&
{'D7'},{'D6'},{'D1'},{'D4'},{'R3'},{'D3'},{'D5'},{'R2'},{'D2'},{'R1'},&,1.0,&
{'D7'},{'D6'},{'D1'},{'D3'},{'D5'},{'D4'},{'R2'},{'D2'},{'R3'},{'R1'},&,13.0,&
{'D7'},{'D6'},{'D1'},{'D3'},{'D5'},{'D4'},{'R2'},{'D2'},{'R1'},{'R3'},&,15.0,&
{'D7'},{'D6'},{'D1'},{'D3'},{'D5'},{'D4'},{'R2'},{'R3'},{'R1'},{'D2'},&,1.0,&
{'D7'},{'D6'},{'D1'},{'D3'},{'D5'},{'D4'},{'R2'},{'R3'},{'D2'},{'R1'},&,2.0,&
{'D7'},{'D6'},{'D1'},{'D3'},{'D5'},{'D4'},{'R2'},{'R1'},{'R3'},{'D2'},&,1.0,&
{'D7'},{'D6'},{'D1'},{'D3'},{'D5'},{'D4'},{'R2'},{'R1'},{'D2'},{'R3'},&,4.0,&
{'D7'},{'D6'},{'D1'},{'D3'},{'D5'},{'D4'},{'D2'},{'R3'},{'R1'},{'R2'},&,38.0,&
{'D7'},{'D6'},{'D1'},{'D3'},{'D5'},{'D4'},{'D2'},{'R3'},{'R2'},{'R1'},&,63.0,&
{'D7'},{'D6'},{'D1'},{'D3'},{'D5'},{'D4'},{'D2'},{'R2'},{'R3'},{'R1'},&,85.0,&
{'D7'},{'D6'},{'D1'},{'D3'},{'D5'},{'D4'},{'D2'},{'R2'},{'R1'},{'R3'},&,81.0,&
{'D7'},{'D6'},{'D1'},{'D3'},{'D5'},{'D4'},{'D2'},{'R1'},{'R3'},{'R2'},&,40.0,&
{'D7'},{'D6'},{'D1'},{'D3'},{'D5'},{'D4'},{'D2'},{'R1'},{'R2'},{'R3'},&,51.0,&
{'D7'},{'D6'},{'D1'},{'D3'},{'D5'},{'D4'},{'R3'},{'D2'},{'R1'},{'R2'},&,8.0,&
{'D7'},{'D6'},{'D1'},{'D3'},{'D5'},{'D4'},{'R3'},{'D2'},{'R2'},{'R1'},&,14.0,&
{'D7'},{'D6'},{'D1'},{'D3'},{'D5'},{'D4'},{'R3'},{'R2'},{'R1'},{'D2'},&,1.0,&
{'D7'},{'D6'},{'D1'},{'D3'},{'D5'},{'D4'},{'R3'},{'R2'},{'D2'},{'R1'},&,6.0,&
{'D7'},{'D6'},{'D1'},{'D3'},{'D5'},{'D4'},{'R3'},{'R1'},{'D2'},{'R2'},&,2.0,&
{'D7'},{'D6'},{'D1'},{'D3'},{'D5'},{'D4'},{'R1'},{'D2'},{'R3'},{'R2'},&,7.0,&
{'D7'},{'D6'},{'D1'},{'D3'},{'D5'},{'D4'},{'R1'},{'D2'},{'R2'},{'R3'},&,13.0,&
{'D7'},{'D6'},{'D1'},{'D3'},{'D5'},{'D4'},{'R1'},{'R3'},{'D2'},{'R2'},&,2.0,&
{'D7'},{'D6'},{'D1'},{'D3'},{'D5'},{'D4'},{'R1'},{'R3'},{'R2'},{'D2'},&,2.0,&
{'D7'},{'D6'},{'D1'},{'D3'},{'D5'},{'D4'},{'R1'},{'R2'},{'R3'},{'D2'},&,1.0,&
{'D7'},{'D6'},{'D1'},{'D3'},{'D5'},{'D4'},{'R1'},{'R2'},{'D2'},{'R3'},&,1.0,&
{'D7'},{'D6'},{'D1'},{'D3'},{'D5'},{'R2'},{'R3'},{'D4'},{'D2'},{'R1'},&,2.0,&
{'D7'},{'D6'},{'D1'},{'D3'},{'D5'},{'R2'},{'D4'},{'D2'},{'R3'},{'R1'},&,5.0,&
{'D7'},{'D6'},{'D1'},{'D3'},{'D5'},{'R2'},{'D4'},{'D2'},{'R1'},{'R3'},&,5.0,&
{'D7'},{'D6'},{'D1'},{'D3'},{'D5'},{'R2'},{'D4'},{'R3'},{'D2'},{'R1'},&,2.0,&
{'D7'},{'D6'},{'D1'},{'D3'},{'D5'},{'R2'},{'D4'},{'R1'},{'D2'},{'R3'},&,2.0,&
{'D7'},{'D6'},{'D1'},{'D3'},{'D5'},{'D2'},{'R3'},{'D4'},{'R2'},{'R1'},&,1.0,&
{'D7'},{'D6'},{'D1'},{'D3'},{'D5'},{'D2'},{'R1'},{'R2'},{'R3'},{'D4'},&,1.0,&
{'D7'},{'D6'},{'D1'},{'D3'},{'D5'},{'D2'},{'R1'},{'D4'},{'R3'},{'R2'},&,1.0,&
{'D7'},{'D6'},{'D1'},{'D3'},{'D5'},{'D2'},{'D4'},{'R3'},{'R1'},{'R2'},&,1.0,&
{'D7'},{'D6'},{'D1'},{'D3'},{'D5'},{'D2'},{'D4'},{'R3'},{'R2'},{'R1'},&,1.0,&
{'D7'},{'D6'},{'D1'},{'D3'},{'D5'},{'D2'},{'D4'},{'R2'},{'R3'},{'R1'},&,3.0,&
{'D7'},{'D6'},{'D1'},{'D3'},{'D5'},{'D2'},{'D4'},{'R2'},{'R1'},{'R3'},&,3.0,&
{'D7'},{'D6'},{'D1'},{'D3'},{'D5'},{'D2'},{'D4'},{'R1'},{'R2'},{'R3'},&,4.0,&
{'D7'},{'D6'},{'D1'},{'D3'},{'D5'},{'R1'},{'D2'},{'D4'},{'R2'},{'R3'},&,1.0,&
{'D7'},{'D6'},{'D1'},{'D3'},{'D5'},{'R1'},{'D4'},{'D2'},{'R3'},{'R2'},&,1.0,&
{'D7'},{'D6'},{'D1'},{'D3'},{'D5'},{'R1'},{'D4'},{'D2'},{'R2'},{'R3'},&,2.0,&
{'D7'},{'D6'},{'D1'},{'D3'},{'D5'},{'R1'},{'D4'},{'R2'},{'R3'},{'D2'},&,1.0,&
{'D7'},{'D6'},{'D1'},{'D3'},{'D5'},{'R3'},{'D2'},{'D4'},{'R1'},{'R2'},&,1.0,&
{'D7'},{'D6'},{'D1'},{'D3'},{'D5'},{'R3'},{'D2'},{'D4'},{'R2'},{'R1'},&,2.0,&
{'D7'},{'D6'},{'D1'},{'D3'},{'D5'},{'R3'},{'D4'},{'D2'},{'R1'},{'R2'},&,2.0,&
{'D7'},{'D6'},{'D1'},{'D3'},{'D5'},{'R3'},{'D4'},{'D2'},{'R2'},{'R1'},&,3.0,&
{'D7'},{'D6'},{'D1'},{'D3'},{'D5'},{'R3'},{'D4'},{'R2'},{'D2'},{'R1'},&,2.0,&
{'D7'},{'D6'},{'D1'},{'D3'},{'D4'},{'D5'},{'R2'},{'D2'},{'R3'},{'R1'},&,55.0,&
{'D7'},{'D6'},{'D1'},{'D3'},{'D4'},{'D5'},{'R2'},{'D2'},{'R1'},{'R3'},&,38.0,&
{'D7'},{'D6'},{'D1'},{'D3'},{'D4'},{'D5'},{'R2'},{'R3'},{'R1'},{'D2'},&,3.0,&
{'D7'},{'D6'},{'D1'},{'D3'},{'D4'},{'D5'},{'R2'},{'R3'},{'D2'},{'R1'},&,13.0,&
{'D7'},{'D6'},{'D1'},{'D3'},{'D4'},{'D5'},{'R2'},{'R1'},{'R3'},{'D2'},&,1.0,&
{'D7'},{'D6'},{'D1'},{'D3'},{'D4'},{'D5'},{'R2'},{'R1'},{'D2'},{'R3'},&,11.0,&
{'D7'},{'D6'},{'D1'},{'D3'},{'D4'},{'D5'},{'D2'},{'R3'},{'R1'},{'R2'},&,79.0,&
{'D7'},{'D6'},{'D1'},{'D3'},{'D4'},{'D5'},{'D2'},{'R3'},{'R2'},{'R1'},&,143.0,&
{'D7'},{'D6'},{'D1'},{'D3'},{'D4'},{'D5'},{'D2'},{'R2'},{'R3'},{'R1'},&,203.0,&
{'D7'},{'D6'},{'D1'},{'D3'},{'D4'},{'D5'},{'D2'},{'R2'},{'R1'},{'R3'},&,198.0,&
{'D7'},{'D6'},{'D1'},{'D3'},{'D4'},{'D5'},{'D2'},{'R1'},{'R3'},{'R2'},&,72.0,&
{'D7'},{'D6'},{'D1'},{'D3'},{'D4'},{'D5'},{'D2'},{'R1'},{'R2'},{'R3'},&,135.0,&
{'D7'},{'D6'},{'D1'},{'D3'},{'D4'},{'D5'},{'R3'},{'D2'},{'R1'},{'R2'},&,15.0,&
{'D7'},{'D6'},{'D1'},{'D3'},{'D4'},{'D5'},{'R3'},{'D2'},{'R2'},{'R1'},&,40.0,&
{'D7'},{'D6'},{'D1'},{'D3'},{'D4'},{'D5'},{'R3'},{'R2'},{'R1'},{'D2'},&,2.0,&
{'D7'},{'D6'},{'D1'},{'D3'},{'D4'},{'D5'},{'R3'},{'R2'},{'D2'},{'R1'},&,10.0,&
{'D7'},{'D6'},{'D1'},{'D3'},{'D4'},{'D5'},{'R3'},{'R1'},{'D2'},{'R2'},&,12.0,&
{'D7'},{'D6'},{'D1'},{'D3'},{'D4'},{'D5'},{'R3'},{'R1'},{'R2'},{'D2'},&,1.0,&
{'D7'},{'D6'},{'D1'},{'D3'},{'D4'},{'D5'},{'R1'},{'D2'},{'R3'},{'R2'},&,23.0,&
{'D7'},{'D6'},{'D1'},{'D3'},{'D4'},{'D5'},{'R1'},{'D2'},{'R2'},{'R3'},&,34.0,&
{'D7'},{'D6'},{'D1'},{'D3'},{'D4'},{'D5'},{'R1'},{'R3'},{'D2'},{'R2'},&,5.0,&
{'D7'},{'D6'},{'D1'},{'D3'},{'D4'},{'D5'},{'R1'},{'R3'},{'R2'},{'D2'},&,3.0,&
{'D7'},{'D6'},{'D1'},{'D3'},{'D4'},{'D5'},{'R1'},{'R2'},{'R3'},{'D2'},&,3.0,&
{'D7'},{'D6'},{'D1'},{'D3'},{'D4'},{'D5'},{'R1'},{'R2'},{'D2'},{'R3'},&,7.0,&
{'D7'},{'D6'},{'D1'},{'D3'},{'D4'},{'R2'},{'D2'},{'R3'},{'R1'},{'D5'},&,1.0,&
{'D7'},{'D6'},{'D1'},{'D3'},{'D4'},{'R2'},{'D2'},{'D5'},{'R1'},{'R3'},&,1.0,&
{'D7'},{'D6'},{'D1'},{'D3'},{'D4'},{'R2'},{'R3'},{'R1'},{'D5'},{'D2'},&,1.0,&
{'D7'},{'D6'},{'D1'},{'D3'},{'D4'},{'R2'},{'D5'},{'D2'},{'R3'},{'R1'},&,12.0,&
{'D7'},{'D6'},{'D1'},{'D3'},{'D4'},{'R2'},{'D5'},{'D2'},{'R1'},{'R3'},&,12.0,&
{'D7'},{'D6'},{'D1'},{'D3'},{'D4'},{'R2'},{'D5'},{'R3'},{'D2'},{'R1'},&,4.0,&
{'D7'},{'D6'},{'D1'},{'D3'},{'D4'},{'R2'},{'D5'},{'R1'},{'R3'},{'D2'},&,2.0,&
{'D7'},{'D6'},{'D1'},{'D3'},{'D4'},{'R2'},{'D5'},{'R1'},{'D2'},{'R3'},&,2.0,&
{'D7'},{'D6'},{'D1'},{'D3'},{'D4'},{'R2'},{'R1'},{'D5'},{'D2'},{'R3'},&,1.0,&
{'D7'},{'D6'},{'D1'},{'D3'},{'D4'},{'D2'},{'R2'},{'R3'},{'R1'},{'D5'},&,1.0,&
{'D7'},{'D6'},{'D1'},{'D3'},{'D4'},{'D2'},{'R2'},{'R1'},{'D5'},{'R3'},&,2.0,&
{'D7'},{'D6'},{'D1'},{'D3'},{'D4'},{'D2'},{'R2'},{'D5'},{'R3'},{'R1'},&,6.0,&
{'D7'},{'D6'},{'D1'},{'D3'},{'D4'},{'D2'},{'R2'},{'D5'},{'R1'},{'R3'},&,5.0,&
{'D7'},{'D6'},{'D1'},{'D3'},{'D4'},{'D2'},{'R3'},{'R2'},{'D5'},{'R1'},&,1.0,&
{'D7'},{'D6'},{'D1'},{'D3'},{'D4'},{'D2'},{'R3'},{'D5'},{'R2'},{'R1'},&,6.0,&
{'D7'},{'D6'},{'D1'},{'D3'},{'D4'},{'D2'},{'D5'},{'R3'},{'R1'},{'R2'},&,7.0,&
{'D7'},{'D6'},{'D1'},{'D3'},{'D4'},{'D2'},{'D5'},{'R3'},{'R2'},{'R1'},&,15.0,&
{'D7'},{'D6'},{'D1'},{'D3'},{'D4'},{'D2'},{'D5'},{'R2'},{'R3'},{'R1'},&,22.0,&
{'D7'},{'D6'},{'D1'},{'D3'},{'D4'},{'D2'},{'D5'},{'R2'},{'R1'},{'R3'},&,12.0,&
{'D7'},{'D6'},{'D1'},{'D3'},{'D4'},{'D2'},{'D5'},{'R1'},{'R3'},{'R2'},&,6.0,&
{'D7'},{'D6'},{'D1'},{'D3'},{'D4'},{'D2'},{'D5'},{'R1'},{'R2'},{'R3'},&,16.0,&
{'D7'},{'D6'},{'D1'},{'D3'},{'D4'},{'D2'},{'R1'},{'R2'},{'R3'},{'D5'},&,1.0,&
{'D7'},{'D6'},{'D1'},{'D3'},{'D4'},{'D2'},{'R1'},{'D5'},{'R2'},{'R3'},&,6.0,&
{'D7'},{'D6'},{'D1'},{'D3'},{'D4'},{'R1'},{'R3'},{'D2'},{'D5'},{'R2'},&,1.0,&
{'D7'},{'D6'},{'D1'},{'D3'},{'D4'},{'R1'},{'R3'},{'D5'},{'D2'},{'R2'},&,1.0,&
{'D7'},{'D6'},{'D1'},{'D3'},{'D4'},{'R1'},{'D5'},{'D2'},{'R3'},{'R2'},&,4.0,&
{'D7'},{'D6'},{'D1'},{'D3'},{'D4'},{'R1'},{'D5'},{'D2'},{'R2'},{'R3'},&,7.0,&
{'D7'},{'D6'},{'D1'},{'D3'},{'D4'},{'R1'},{'D5'},{'R3'},{'D2'},{'R2'},&,1.0,&
{'D7'},{'D6'},{'D1'},{'D3'},{'D4'},{'R1'},{'D5'},{'R2'},{'D2'},{'R3'},&,2.0,&
{'D7'},{'D6'},{'D1'},{'D3'},{'D4'},{'R3'},{'D2'},{'D5'},{'R1'},{'R2'},&,1.0,&
{'D7'},{'D6'},{'D1'},{'D3'},{'D4'},{'R3'},{'D2'},{'D5'},{'R2'},{'R1'},&,1.0,&
{'D7'},{'D6'},{'D1'},{'D3'},{'D4'},{'R3'},{'D5'},{'D2'},{'R1'},{'R2'},&,4.0,&
{'D7'},{'D6'},{'D1'},{'D3'},{'D4'},{'R3'},{'D5'},{'D2'},{'R2'},{'R1'},&,11.0,&
{'D7'},{'D6'},{'D1'},{'D3'},{'D4'},{'R3'},{'D5'},{'R2'},{'D2'},{'R1'},&,1.0,&
{'D7'},{'D6'},{'D1'},{'D3'},{'D4'},{'R3'},{'D5'},{'R1'},{'D2'},{'R2'},&,1.0,&
{'D7'},{'D6'},{'D1'},{'D3'},{'D4'},{'R3'},{'R1'},{'D5'},{'D2'},{'R2'},&,2.0,&
{'D7'},{'D6'},{'D1'},{'D3'},{'D2'},{'D5'},{'R3'},{'D4'},{'R1'},{'R2'},&,1.0,&
{'D7'},{'D6'},{'D1'},{'D3'},{'D2'},{'D5'},{'R3'},{'D4'},{'R2'},{'R1'},&,2.0,&
{'D7'},{'D6'},{'D1'},{'D3'},{'D2'},{'D5'},{'R1'},{'D4'},{'R2'},{'R3'},&,1.0,&
{'D7'},{'D6'},{'D1'},{'D3'},{'D2'},{'D5'},{'D4'},{'R3'},{'R2'},{'R1'},&,2.0,&
{'D7'},{'D6'},{'D1'},{'D3'},{'D2'},{'D5'},{'D4'},{'R2'},{'R3'},{'R1'},&,3.0,&
{'D7'},{'D6'},{'D1'},{'D3'},{'D2'},{'D5'},{'D4'},{'R1'},{'R3'},{'R2'},&,1.0,&
{'D7'},{'D6'},{'D1'},{'D3'},{'D2'},{'D4'},{'R2'},{'D5'},{'R3'},{'R1'},&,1.0,&
{'D7'},{'D6'},{'D1'},{'D3'},{'D2'},{'D4'},{'R2'},{'D5'},{'R1'},{'R3'},&,1.0,&
{'D7'},{'D6'},{'D1'},{'D3'},{'D2'},{'D4'},{'R3'},{'R1'},{'D5'},{'R2'},&,1.0,&
{'D7'},{'D6'},{'D1'},{'D3'},{'D2'},{'D4'},{'D5'},{'R3'},{'R1'},{'R2'},&,1.0,&
{'D7'},{'D6'},{'D1'},{'D3'},{'D2'},{'D4'},{'D5'},{'R3'},{'R2'},{'R1'},&,7.0,&
{'D7'},{'D6'},{'D1'},{'D3'},{'D2'},{'D4'},{'D5'},{'R2'},{'R3'},{'R1'},&,13.0,&
{'D7'},{'D6'},{'D1'},{'D3'},{'D2'},{'D4'},{'D5'},{'R2'},{'R1'},{'R3'},&,6.0,&
{'D7'},{'D6'},{'D1'},{'D3'},{'D2'},{'D4'},{'D5'},{'R1'},{'R3'},{'R2'},&,2.0,&
{'D7'},{'D6'},{'D1'},{'D3'},{'D2'},{'D4'},{'D5'},{'R1'},{'R2'},{'R3'},&,7.0,&
{'D7'},{'D6'},{'D1'},{'D3'},{'D2'},{'D4'},{'R1'},{'D5'},{'R3'},{'R2'},&,2.0,&
{'D7'},{'D6'},{'D1'},{'D3'},{'D2'},{'D4'},{'R1'},{'D5'},{'R2'},{'R3'},&,1.0,&
{'D7'},{'D6'},{'D1'},{'D3'},{'D2'},{'R2'},{'D5'},{'D4'},{'R1'},{'R3'},&,1.0,&
{'D7'},{'D6'},{'D1'},{'D3'},{'D2'},{'R2'},{'D4'},{'R3'},{'D5'},{'R1'},&,1.0,&
{'D7'},{'D6'},{'D1'},{'D3'},{'D2'},{'R1'},{'D4'},{'D5'},{'R3'},{'R2'},&,2.0,&
{'D7'},{'D6'},{'D1'},{'D3'},{'D2'},{'R3'},{'D4'},{'R2'},{'D5'},{'R1'},&,1.0,&
{'D7'},{'D6'},{'D1'},{'D3'},{'R1'},{'D5'},{'D4'},{'D2'},{'R2'},{'R3'},&,5.0,&
{'D7'},{'D6'},{'D1'},{'D3'},{'R1'},{'D5'},{'D4'},{'R2'},{'D2'},{'R3'},&,1.0,&
{'D7'},{'D6'},{'D1'},{'D3'},{'R1'},{'D4'},{'R2'},{'D5'},{'D2'},{'R3'},&,1.0,&
{'D7'},{'D6'},{'D1'},{'D3'},{'R1'},{'D4'},{'D5'},{'D2'},{'R3'},{'R2'},&,2.0,&
{'D7'},{'D6'},{'D1'},{'D3'},{'R1'},{'D4'},{'D5'},{'D2'},{'R2'},{'R3'},&,3.0,&
{'D7'},{'D6'},{'D1'},{'D3'},{'R1'},{'D4'},{'D5'},{'R2'},{'D2'},{'R3'},&,1.0,&
{'D7'},{'D6'},{'D1'},{'D3'},{'R2'},{'D5'},{'D4'},{'D2'},{'R3'},{'R1'},&,1.0,&
{'D7'},{'D6'},{'D1'},{'D3'},{'R2'},{'D5'},{'D4'},{'D2'},{'R1'},{'R3'},&,1.0,&
{'D7'},{'D6'},{'D1'},{'D3'},{'R2'},{'D5'},{'D4'},{'R3'},{'D2'},{'R1'},&,1.0,&
{'D7'},{'D6'},{'D1'},{'D3'},{'R2'},{'D5'},{'D4'},{'R1'},{'R3'},{'D2'},&,1.0,&
{'D7'},{'D6'},{'D1'},{'D3'},{'R2'},{'D4'},{'D2'},{'R1'},{'D5'},{'R3'},&,1.0,&
{'D7'},{'D6'},{'D1'},{'D3'},{'R2'},{'D4'},{'R3'},{'D5'},{'D2'},{'R1'},&,1.0,&
{'D7'},{'D6'},{'D1'},{'D3'},{'R2'},{'D4'},{'D5'},{'D2'},{'R3'},{'R1'},&,11.0,&
{'D7'},{'D6'},{'D1'},{'D3'},{'R2'},{'D4'},{'D5'},{'D2'},{'R1'},{'R3'},&,1.0,&
{'D7'},{'D6'},{'D1'},{'D3'},{'R2'},{'D4'},{'D5'},{'R3'},{'D2'},{'R1'},&,1.0,&
{'D7'},{'D6'},{'D1'},{'D3'},{'R3'},{'D5'},{'D4'},{'R2'},{'D2'},{'R1'},&,1.0,&
{'D7'},{'D6'},{'D1'},{'D3'},{'R3'},{'D5'},{'D4'},{'R1'},{'D2'},{'R2'},&,1.0,&
{'D7'},{'D6'},{'D1'},{'D3'},{'R3'},{'D5'},{'D4'},{'R1'},{'R2'},{'D2'},&,1.0,&
{'D7'},{'D6'},{'D1'},{'D3'},{'R3'},{'D4'},{'D2'},{'D5'},{'R2'},{'R1'},&,1.0,&
{'D7'},{'D6'},{'D1'},{'D3'},{'R3'},{'D4'},{'D5'},{'D2'},{'R1'},{'R2'},&,4.0,&
{'D7'},{'D6'},{'D1'},{'D3'},{'R3'},{'D4'},{'D5'},{'D2'},{'R2'},{'R1'},&,4.0,&
{'D7'},{'D6'},{'D1'},{'D2'},{'D3'},{'D5'},{'R3'},{'D4'},{'R1'},{'R2'},&,1.0,&
{'D7'},{'D6'},{'D1'},{'D2'},{'D3'},{'D5'},{'R1'},{'D4'},{'R2'},{'R3'},&,1.0,&
{'D7'},{'D6'},{'D1'},{'D2'},{'D3'},{'D5'},{'D4'},{'R3'},{'R2'},{'R1'},&,3.0,&
{'D7'},{'D6'},{'D1'},{'D2'},{'D3'},{'D5'},{'D4'},{'R2'},{'R3'},{'R1'},&,2.0,&
{'D7'},{'D6'},{'D1'},{'D2'},{'D3'},{'D5'},{'D4'},{'R1'},{'R2'},{'R3'},&,2.0,&
{'D7'},{'D6'},{'D1'},{'D2'},{'D3'},{'D4'},{'D5'},{'R3'},{'R2'},{'R1'},&,3.0,&
{'D7'},{'D6'},{'D1'},{'D2'},{'D3'},{'D4'},{'D5'},{'R2'},{'R3'},{'R1'},&,2.0,&
{'D7'},{'D6'},{'D1'},{'D2'},{'D3'},{'D4'},{'D5'},{'R1'},{'R3'},{'R2'},&,1.0,&
{'D7'},{'D6'},{'D1'},{'D2'},{'D3'},{'D4'},{'D5'},{'R1'},{'R2'},{'R3'},&,3.0,&
{'D7'},{'D6'},{'D1'},{'D2'},{'D3'},{'R2'},{'D4'},{'D5'},{'R3'},{'R1'},&,1.0,&
{'D7'},{'D6'},{'D1'},{'D2'},{'D5'},{'D3'},{'D4'},{'R3'},{'R2'},{'R1'},&,1.0,&
{'D7'},{'D6'},{'D1'},{'D2'},{'D5'},{'D3'},{'D4'},{'R2'},{'R3'},{'R1'},&,1.0,&
{'D7'},{'D6'},{'D1'},{'D2'},{'D5'},{'D3'},{'D4'},{'R2'},{'R1'},{'R3'},&,1.0,&
{'D7'},{'D6'},{'D1'},{'D2'},{'D5'},{'D3'},{'D4'},{'R1'},{'R3'},{'R2'},&,1.0,&
{'D7'},{'D6'},{'D1'},{'D2'},{'D5'},{'D3'},{'D4'},{'R1'},{'R2'},{'R3'},&,1.0,&
{'D7'},{'D6'},{'D1'},{'D2'},{'D4'},{'D5'},{'D3'},{'R2'},{'R1'},{'R3'},&,1.0,&
{'D7'},{'D6'},{'D1'},{'D2'},{'D4'},{'R2'},{'D3'},{'D5'},{'R1'},{'R3'},&,1.0,&
{'D7'},{'D6'},{'D1'},{'D2'},{'D4'},{'D3'},{'R2'},{'D5'},{'R1'},{'R3'},&,1.0,&
{'D7'},{'D6'},{'D1'},{'D2'},{'D4'},{'D3'},{'R3'},{'R2'},{'D5'},{'R1'},&,1.0,&
{'D7'},{'D6'},{'D1'},{'D2'},{'D4'},{'D3'},{'D5'},{'R3'},{'R1'},{'R2'},&,2.0,&
{'D7'},{'D6'},{'D1'},{'D2'},{'D4'},{'D3'},{'D5'},{'R2'},{'R1'},{'R3'},&,2.0,&
{'D7'},{'D6'},{'D1'},{'D2'},{'R1'},{'D4'},{'D5'},{'D3'},{'R2'},{'R3'},&,1.0,&
{'D7'},{'D6'},{'D1'},{'D2'},{'R2'},{'D3'},{'D5'},{'R1'},{'D4'},{'R3'},&,1.0,&
{'D7'},{'D6'},{'D1'},{'D2'},{'R3'},{'D3'},{'D5'},{'D4'},{'R2'},{'R1'},&,1.0,&
{'D7'},{'D6'},{'D1'},{'R2'},{'D3'},{'D5'},{'D4'},{'D2'},{'R1'},{'R3'},&,1.0,&
{'D7'},{'D6'},{'D1'},{'R2'},{'D3'},{'D4'},{'D5'},{'D2'},{'R3'},{'R1'},&,2.0,&
{'D7'},{'D6'},{'D1'},{'R2'},{'D3'},{'D4'},{'D5'},{'D2'},{'R1'},{'R3'},&,2.0,&
{'D7'},{'D6'},{'D1'},{'R2'},{'D5'},{'D3'},{'D4'},{'R3'},{'R1'},{'D2'},&,1.0,&
{'D7'},{'D6'},{'D1'},{'R2'},{'D4'},{'D3'},{'D2'},{'D5'},{'R1'},{'R3'},&,1.0,&
{'D7'},{'D6'},{'D1'},{'R3'},{'D3'},{'D5'},{'D4'},{'D2'},{'R2'},{'R1'},&,1.0,&
{'D7'},{'D6'},{'D1'},{'R3'},{'D3'},{'D4'},{'D2'},{'R2'},{'D5'},{'R1'},&,1.0,&
{'D7'},{'D6'},{'D1'},{'R3'},{'D3'},{'D4'},{'D5'},{'D2'},{'R1'},{'R2'},&,2.0,&
{'D7'},{'D6'},{'D1'},{'R3'},{'D5'},{'D3'},{'D4'},{'D2'},{'R2'},{'R1'},&,1.0,&
{'D7'},{'D6'},{'D1'},{'R1'},{'D3'},{'D5'},{'D4'},{'D2'},{'R2'},{'R3'},&,1.0,&
{'D7'},{'D6'},{'D1'},{'R1'},{'D3'},{'D4'},{'D5'},{'D2'},{'R3'},{'R2'},&,1.0,&
{'D7'},{'D6'},{'D2'},{'D1'},{'D3'},{'D5'},{'D4'},{'R3'},{'R2'},{'R1'},&,1.0,&
{'D7'},{'D6'},{'D2'},{'D1'},{'D3'},{'D5'},{'D4'},{'R1'},{'R3'},{'R2'},&,1.0,&
{'D7'},{'D6'},{'D2'},{'D1'},{'D3'},{'D4'},{'R2'},{'D5'},{'R1'},{'R3'},&,1.0,&
{'D7'},{'D6'},{'D2'},{'D1'},{'D3'},{'D4'},{'R3'},{'D5'},{'R1'},{'R2'},&,1.0,&
{'D7'},{'D6'},{'D2'},{'D1'},{'D3'},{'D4'},{'D5'},{'R3'},{'R2'},{'R1'},&,1.0,&
{'D7'},{'D6'},{'D2'},{'D1'},{'D3'},{'D4'},{'D5'},{'R2'},{'R3'},{'R1'},&,2.0,&
{'D7'},{'D6'},{'D2'},{'D1'},{'D3'},{'D4'},{'D5'},{'R2'},{'R1'},{'R3'},&,4.0,&
{'D7'},{'D6'},{'D2'},{'D1'},{'D3'},{'D4'},{'D5'},{'R1'},{'R3'},{'R2'},&,1.0,&
{'D7'},{'D6'},{'D2'},{'D1'},{'D3'},{'D4'},{'D5'},{'R1'},{'R2'},{'R3'},&,1.0,&
{'D7'},{'D6'},{'D2'},{'D1'},{'D3'},{'R2'},{'D4'},{'R3'},{'R1'},{'D5'},&,1.0,&
{'D7'},{'D6'},{'D2'},{'D1'},{'D5'},{'D3'},{'R2'},{'D4'},{'R1'},{'R3'},&,1.0,&
{'D7'},{'D6'},{'D2'},{'D1'},{'D5'},{'D3'},{'D4'},{'R3'},{'R1'},{'R2'},&,1.0,&
{'D7'},{'D6'},{'D2'},{'D1'},{'D5'},{'D3'},{'D4'},{'R3'},{'R2'},{'R1'},&,1.0,&
{'D7'},{'D6'},{'D2'},{'D1'},{'D4'},{'D5'},{'D3'},{'R2'},{'R3'},{'R1'},&,1.0,&
{'D7'},{'D6'},{'D2'},{'D1'},{'D4'},{'D5'},{'D3'},{'R1'},{'R2'},{'R3'},&,1.0,&
{'D7'},{'D6'},{'D2'},{'D1'},{'D4'},{'D3'},{'R2'},{'R3'},{'R1'},{'D5'},&,1.0,&
{'D7'},{'D6'},{'D2'},{'D1'},{'D4'},{'D3'},{'R2'},{'D5'},{'R1'},{'R3'},&,1.0,&
{'D7'},{'D6'},{'D2'},{'D1'},{'D4'},{'D3'},{'D5'},{'R3'},{'R2'},{'R1'},&,1.0,&
{'D7'},{'D6'},{'D2'},{'D1'},{'D4'},{'D3'},{'D5'},{'R2'},{'R3'},{'R1'},&,1.0,&
{'D7'},{'D6'},{'D2'},{'D1'},{'D4'},{'D3'},{'D5'},{'R2'},{'R1'},{'R3'},&,1.0,&
{'D7'},{'D6'},{'D2'},{'D1'},{'D4'},{'R3'},{'D3'},{'R1'},{'D5'},{'R2'},&,1.0,&
{'D7'},{'D6'},{'D2'},{'D5'},{'D3'},{'D4'},{'R2'},{'D1'},{'R3'},{'R1'},&,1.0,&
{'D7'},{'D6'},{'D2'},{'D5'},{'D3'},{'D4'},{'D1'},{'R3'},{'R2'},{'R1'},&,1.0,&
{'D7'},{'D6'},{'D2'},{'D5'},{'D3'},{'D4'},{'D1'},{'R2'},{'R3'},{'R1'},&,2.0,&
{'D7'},{'D6'},{'D2'},{'D5'},{'D3'},{'D4'},{'D1'},{'R2'},{'R1'},{'R3'},&,1.0,&
{'D7'},{'D6'},{'D2'},{'D5'},{'D3'},{'D4'},{'D1'},{'R1'},{'R3'},{'R2'},&,1.0,&
{'D7'},{'D6'},{'D2'},{'D5'},{'D3'},{'D4'},{'D1'},{'R1'},{'R2'},{'R3'},&,1.0,&
{'D7'},{'D6'},{'D2'},{'D5'},{'D3'},{'D1'},{'D4'},{'R3'},{'R2'},{'R1'},&,2.0,&
{'D7'},{'D6'},{'D2'},{'D5'},{'D3'},{'D1'},{'D4'},{'R2'},{'R1'},{'R3'},&,1.0,&
{'D7'},{'D6'},{'D2'},{'D5'},{'D3'},{'D1'},{'D4'},{'R1'},{'R2'},{'R3'},&,1.0,&
{'D7'},{'D6'},{'D2'},{'D5'},{'D1'},{'D4'},{'D3'},{'R1'},{'R3'},{'R2'},&,1.0,&
{'D7'},{'D6'},{'D2'},{'D5'},{'D1'},{'D3'},{'R2'},{'D4'},{'R1'},{'R3'},&,1.0,&
{'D7'},{'D6'},{'D2'},{'D5'},{'D1'},{'D3'},{'R3'},{'D4'},{'R1'},{'R2'},&,1.0,&
{'D7'},{'D6'},{'D2'},{'D5'},{'D1'},{'D3'},{'D4'},{'R1'},{'R2'},{'R3'},&,1.0,&
{'D7'},{'D6'},{'D2'},{'D5'},{'D4'},{'D1'},{'D3'},{'R2'},{'R1'},{'R3'},&,1.0,&
{'D7'},{'D6'},{'D2'},{'D5'},{'D4'},{'D3'},{'R2'},{'D1'},{'R1'},{'R3'},&,1.0,&
{'D7'},{'D6'},{'D2'},{'D5'},{'D4'},{'D3'},{'R3'},{'D1'},{'R2'},{'R1'},&,1.0,&
{'D7'},{'D6'},{'D2'},{'D5'},{'D4'},{'D3'},{'D1'},{'R3'},{'R1'},{'R2'},&,1.0,&
{'D7'},{'D6'},{'D2'},{'D5'},{'D4'},{'D3'},{'D1'},{'R2'},{'R3'},{'R1'},&,2.0,&
{'D7'},{'D6'},{'D2'},{'D5'},{'D4'},{'D3'},{'D1'},{'R1'},{'R2'},{'R3'},&,1.0,&
{'D7'},{'D6'},{'D2'},{'D4'},{'D3'},{'D5'},{'D1'},{'R3'},{'R1'},{'R2'},&,1.0,&
{'D7'},{'D6'},{'D2'},{'D4'},{'D3'},{'D5'},{'D1'},{'R2'},{'R3'},{'R1'},&,4.0,&
{'D7'},{'D6'},{'D2'},{'D4'},{'D3'},{'D5'},{'D1'},{'R2'},{'R1'},{'R3'},&,2.0,&
{'D7'},{'D6'},{'D2'},{'D4'},{'D3'},{'D5'},{'D1'},{'R1'},{'R3'},{'R2'},&,1.0,&
{'D7'},{'D6'},{'D2'},{'D4'},{'D3'},{'D5'},{'D1'},{'R1'},{'R2'},{'R3'},&,1.0,&
{'D7'},{'D6'},{'D2'},{'D4'},{'D3'},{'D1'},{'R2'},{'D5'},{'R3'},{'R1'},&,1.0,&
{'D7'},{'D6'},{'D2'},{'D4'},{'D3'},{'D1'},{'R3'},{'R1'},{'D5'},{'R2'},&,1.0,&
{'D7'},{'D6'},{'D2'},{'D4'},{'D3'},{'D1'},{'R3'},{'D5'},{'R2'},{'R1'},&,1.0,&
{'D7'},{'D6'},{'D2'},{'D4'},{'D3'},{'D1'},{'D5'},{'R3'},{'R1'},{'R2'},&,1.0,&
{'D7'},{'D6'},{'D2'},{'D4'},{'D3'},{'D1'},{'D5'},{'R2'},{'R3'},{'R1'},&,3.0,&
{'D7'},{'D6'},{'D2'},{'D4'},{'D3'},{'D1'},{'D5'},{'R2'},{'R1'},{'R3'},&,2.0,&
{'D7'},{'D6'},{'D2'},{'D4'},{'D3'},{'D1'},{'D5'},{'R1'},{'R3'},{'R2'},&,2.0,&
{'D7'},{'D6'},{'D2'},{'D4'},{'D3'},{'D1'},{'D5'},{'R1'},{'R2'},{'R3'},&,3.0,&
{'D7'},{'D6'},{'D2'},{'D4'},{'D3'},{'R3'},{'D1'},{'D5'},{'R1'},{'R2'},&,1.0,&
{'D7'},{'D6'},{'D2'},{'D4'},{'D1'},{'D5'},{'D3'},{'R3'},{'R2'},{'R1'},&,1.0,&
{'D7'},{'D6'},{'D2'},{'D4'},{'D1'},{'D3'},{'D5'},{'R1'},{'R2'},{'R3'},&,1.0,&
{'D7'},{'D6'},{'D2'},{'D4'},{'D1'},{'R3'},{'D3'},{'D5'},{'R2'},{'R1'},&,1.0,&
{'D7'},{'D6'},{'D2'},{'D4'},{'D5'},{'D3'},{'R2'},{'D1'},{'R3'},{'R1'},&,3.0,&
{'D7'},{'D6'},{'D2'},{'D4'},{'D5'},{'D3'},{'D1'},{'R3'},{'R1'},{'R2'},&,2.0,&
{'D7'},{'D6'},{'D2'},{'D4'},{'D5'},{'D3'},{'D1'},{'R2'},{'R3'},{'R1'},&,1.0,&
{'D7'},{'D6'},{'D2'},{'D4'},{'D5'},{'D3'},{'D1'},{'R2'},{'R1'},{'R3'},&,1.0,&
{'D7'},{'D6'},{'D2'},{'D4'},{'R2'},{'D5'},{'D3'},{'D1'},{'R3'},{'R1'},&,1.0,&
{'D7'},{'D6'},{'D2'},{'D3'},{'D1'},{'D5'},{'R2'},{'D4'},{'R3'},{'R1'},&,1.0,&
{'D7'},{'D6'},{'D2'},{'D3'},{'D1'},{'D5'},{'R3'},{'D4'},{'R1'},{'R2'},&,1.0,&
{'D7'},{'D6'},{'D2'},{'D3'},{'D1'},{'D5'},{'D4'},{'R3'},{'R1'},{'R2'},&,1.0,&
{'D7'},{'D6'},{'D2'},{'D3'},{'D1'},{'D5'},{'D4'},{'R2'},{'R3'},{'R1'},&,1.0,&
{'D7'},{'D6'},{'D2'},{'D3'},{'D1'},{'D5'},{'D4'},{'R1'},{'R3'},{'R2'},&,2.0,&
{'D7'},{'D6'},{'D2'},{'D3'},{'D1'},{'D5'},{'D4'},{'R1'},{'R2'},{'R3'},&,1.0,&
{'D7'},{'D6'},{'D2'},{'D3'},{'D1'},{'D4'},{'R3'},{'R2'},{'D5'},{'R1'},&,1.0,&
{'D7'},{'D6'},{'D2'},{'D3'},{'D1'},{'D4'},{'R3'},{'R1'},{'D5'},{'R2'},&,1.0,&
{'D7'},{'D6'},{'D2'},{'D3'},{'D1'},{'D4'},{'D5'},{'R3'},{'R1'},{'R2'},&,3.0,&
{'D7'},{'D6'},{'D2'},{'D3'},{'D1'},{'D4'},{'D5'},{'R3'},{'R2'},{'R1'},&,1.0,&
{'D7'},{'D6'},{'D2'},{'D3'},{'D1'},{'D4'},{'D5'},{'R2'},{'R3'},{'R1'},&,5.0,&
{'D7'},{'D6'},{'D2'},{'D3'},{'D1'},{'D4'},{'D5'},{'R2'},{'R1'},{'R3'},&,2.0,&
{'D7'},{'D6'},{'D2'},{'D3'},{'D1'},{'D4'},{'D5'},{'R1'},{'R3'},{'R2'},&,1.0,&
{'D7'},{'D6'},{'D2'},{'D3'},{'D1'},{'D4'},{'D5'},{'R1'},{'R2'},{'R3'},&,4.0,&
{'D7'},{'D6'},{'D2'},{'D3'},{'D1'},{'R2'},{'D4'},{'D5'},{'R1'},{'R3'},&,2.0,&
{'D7'},{'D6'},{'D2'},{'D3'},{'D1'},{'R3'},{'D4'},{'R2'},{'D5'},{'R1'},&,2.0,&
{'D7'},{'D6'},{'D2'},{'D3'},{'D5'},{'D4'},{'R3'},{'D1'},{'R2'},{'R1'},&,1.0,&
{'D7'},{'D6'},{'D2'},{'D3'},{'D5'},{'D4'},{'D1'},{'R3'},{'R1'},{'R2'},&,2.0,&
{'D7'},{'D6'},{'D2'},{'D3'},{'D5'},{'D4'},{'D1'},{'R2'},{'R3'},{'R1'},&,3.0,&
{'D7'},{'D6'},{'D2'},{'D3'},{'D5'},{'D4'},{'D1'},{'R2'},{'R1'},{'R3'},&,3.0,&
{'D7'},{'D6'},{'D2'},{'D3'},{'D5'},{'D4'},{'D1'},{'R1'},{'R2'},{'R3'},&,3.0,&
{'D7'},{'D6'},{'D2'},{'D3'},{'D5'},{'D1'},{'D4'},{'R3'},{'R1'},{'R2'},&,1.0,&
{'D7'},{'D6'},{'D2'},{'D3'},{'D5'},{'D1'},{'D4'},{'R3'},{'R2'},{'R1'},&,2.0,&
{'D7'},{'D6'},{'D2'},{'D3'},{'D5'},{'R2'},{'D1'},{'D4'},{'R3'},{'R1'},&,1.0,&
{'D7'},{'D6'},{'D2'},{'D3'},{'D4'},{'D5'},{'R2'},{'D1'},{'R3'},{'R1'},&,1.0,&
{'D7'},{'D6'},{'D2'},{'D3'},{'D4'},{'D5'},{'R2'},{'D1'},{'R1'},{'R3'},&,3.0,&
{'D7'},{'D6'},{'D2'},{'D3'},{'D4'},{'D5'},{'D1'},{'R3'},{'R1'},{'R2'},&,1.0,&
{'D7'},{'D6'},{'D2'},{'D3'},{'D4'},{'D5'},{'D1'},{'R3'},{'R2'},{'R1'},&,3.0,&
{'D7'},{'D6'},{'D2'},{'D3'},{'D4'},{'D5'},{'D1'},{'R2'},{'R3'},{'R1'},&,1.0,&
{'D7'},{'D6'},{'D2'},{'D3'},{'D4'},{'D5'},{'D1'},{'R2'},{'R1'},{'R3'},&,2.0,&
{'D7'},{'D6'},{'D2'},{'D3'},{'D4'},{'D5'},{'D1'},{'R1'},{'R3'},{'R2'},&,1.0,&
{'D7'},{'D6'},{'D2'},{'D3'},{'D4'},{'D1'},{'R2'},{'R1'},{'R3'},{'D5'},&,1.0,&
{'D7'},{'D6'},{'D2'},{'D3'},{'D4'},{'D1'},{'R2'},{'R1'},{'D5'},{'R3'},&,2.0,&
{'D7'},{'D6'},{'D2'},{'D3'},{'D4'},{'D1'},{'R2'},{'D5'},{'R3'},{'R1'},&,1.0,&
{'D7'},{'D6'},{'D2'},{'D3'},{'D4'},{'D1'},{'R2'},{'D5'},{'R1'},{'R3'},&,1.0,&
{'D7'},{'D6'},{'D2'},{'D3'},{'D4'},{'D1'},{'R3'},{'D5'},{'R1'},{'R2'},&,2.0,&
{'D7'},{'D6'},{'D2'},{'D3'},{'D4'},{'D1'},{'D5'},{'R3'},{'R2'},{'R1'},&,1.0,&
{'D7'},{'D6'},{'D2'},{'D3'},{'D4'},{'D1'},{'D5'},{'R2'},{'R3'},{'R1'},&,4.0,&
{'D7'},{'D6'},{'D2'},{'D3'},{'D4'},{'D1'},{'D5'},{'R2'},{'R1'},{'R3'},&,2.0,&
{'D7'},{'D6'},{'D2'},{'D3'},{'D4'},{'D1'},{'D5'},{'R1'},{'R3'},{'R2'},&,3.0,&
{'D7'},{'D6'},{'D2'},{'D3'},{'D4'},{'D1'},{'D5'},{'R1'},{'R2'},{'R3'},&,1.0,&
{'D7'},{'D6'},{'D2'},{'D3'},{'D4'},{'R1'},{'D1'},{'D5'},{'R2'},{'R3'},&,1.0,&
{'D7'},{'D6'},{'D2'},{'D3'},{'R3'},{'D4'},{'D1'},{'D5'},{'R2'},{'R1'},&,1.0,&
{'D7'},{'D6'},{'R3'},{'D1'},{'D3'},{'D5'},{'D4'},{'D2'},{'R2'},{'R1'},&,1.0,&
{'D7'},{'D6'},{'R3'},{'D3'},{'D5'},{'D1'},{'D4'},{'D2'},{'R2'},{'R1'},&,1.0,&
{'D7'},{'D6'},{'R3'},{'D3'},{'D4'},{'D5'},{'D1'},{'D2'},{'R1'},{'R2'},&,1.0,&
{'D7'},{'D6'},{'R3'},{'D3'},{'D4'},{'D1'},{'D5'},{'D2'},{'R2'},{'R1'},&,1.0,&
{'D7'},{'D6'},{'R1'},{'D1'},{'D3'},{'D5'},{'R3'},{'D4'},{'R2'},{'D2'},&,1.0,&
{'D7'},{'D6'},{'R1'},{'D1'},{'D3'},{'D4'},{'D5'},{'D2'},{'R2'},{'R3'},&,1.0,&
{'D7'},{'D6'},{'R1'},{'D3'},{'D4'},{'D1'},{'D5'},{'R2'},{'D2'},{'R3'},&,1.0,&
{'D7'},{'D6'},{'R2'},{'D4'},{'D3'},{'D5'},{'D1'},{'D2'},{'R1'},{'R3'},&,1.0,&
{'D7'},{'D6'},{'R2'},{'D4'},{'D3'},{'D5'},{'D1'},{'R1'},{'R3'},{'D2'},&,1.0,&
{'D7'},{'D6'},{'R2'},{'D4'},{'D3'},{'D1'},{'D2'},{'D5'},{'R3'},{'R1'},&,1.0,&
{'D7'},{'D6'},{'R2'},{'D4'},{'D3'},{'D1'},{'D5'},{'D2'},{'R1'},{'R3'},&,1.0,&
{'D7'},{'D6'},{'R2'},{'D4'},{'D3'},{'D1'},{'D5'},{'R3'},{'D2'},{'R1'},&,1.0,&
{'D7'},{'D6'},{'R2'},{'D3'},{'D4'},{'D5'},{'R1'},{'D2'},{'D1'},{'R3'},&,1.0,&
{'D7'},{'D6'},{'R2'},{'D3'},{'D4'},{'D1'},{'D5'},{'D2'},{'R3'},{'R1'},&,1.0,&
{'D7'},{'D5'},{'D4'},{'D1'},{'D3'},{'D6'},{'D2'},{'R2'},{'R1'},{'R3'},&,2.0,&
{'D7'},{'D5'},{'D4'},{'D1'},{'D3'},{'D6'},{'D2'},{'R1'},{'R3'},{'R2'},&,1.0,&
{'D7'},{'D5'},{'D4'},{'D1'},{'D2'},{'D3'},{'D6'},{'R2'},{'R1'},{'R3'},&,1.0,&
{'D7'},{'D5'},{'D4'},{'D1'},{'D6'},{'D3'},{'R2'},{'D2'},{'R3'},{'R1'},&,1.0,&
{'D7'},{'D5'},{'D4'},{'D1'},{'D6'},{'D3'},{'R2'},{'D2'},{'R1'},{'R3'},&,1.0,&
{'D7'},{'D5'},{'D4'},{'D1'},{'D6'},{'D3'},{'D2'},{'R3'},{'R2'},{'R1'},&,2.0,&
{'D7'},{'D5'},{'D4'},{'D1'},{'D6'},{'D3'},{'D2'},{'R2'},{'R3'},{'R1'},&,3.0,&
{'D7'},{'D5'},{'D4'},{'D1'},{'D6'},{'D3'},{'R3'},{'D2'},{'R2'},{'R1'},&,1.0,&
{'D7'},{'D5'},{'D4'},{'D1'},{'D6'},{'D3'},{'R1'},{'R2'},{'D2'},{'R3'},&,1.0,&
{'D7'},{'D5'},{'D4'},{'D1'},{'D6'},{'D2'},{'D3'},{'R1'},{'R3'},{'R2'},&,1.0,&
{'D7'},{'D5'},{'D4'},{'D6'},{'D3'},{'D1'},{'R2'},{'D2'},{'R3'},{'R1'},&,4.0,&
{'D7'},{'D5'},{'D4'},{'D6'},{'D3'},{'D1'},{'R2'},{'D2'},{'R1'},{'R3'},&,1.0,&
{'D7'},{'D5'},{'D4'},{'D6'},{'D3'},{'D1'},{'R2'},{'R1'},{'D2'},{'R3'},&,3.0,&
{'D7'},{'D5'},{'D4'},{'D6'},{'D3'},{'D1'},{'D2'},{'R3'},{'R1'},{'R2'},&,3.0,&
{'D7'},{'D5'},{'D4'},{'D6'},{'D3'},{'D1'},{'D2'},{'R3'},{'R2'},{'R1'},&,8.0,&
{'D7'},{'D5'},{'D4'},{'D6'},{'D3'},{'D1'},{'D2'},{'R2'},{'R3'},{'R1'},&,15.0,&
{'D7'},{'D5'},{'D4'},{'D6'},{'D3'},{'D1'},{'D2'},{'R2'},{'R1'},{'R3'},&,12.0,&
{'D7'},{'D5'},{'D4'},{'D6'},{'D3'},{'D1'},{'D2'},{'R1'},{'R3'},{'R2'},&,6.0,&
{'D7'},{'D5'},{'D4'},{'D6'},{'D3'},{'D1'},{'D2'},{'R1'},{'R2'},{'R3'},&,9.0,&
{'D7'},{'D5'},{'D4'},{'D6'},{'D3'},{'D1'},{'R3'},{'D2'},{'R1'},{'R2'},&,2.0,&
{'D7'},{'D5'},{'D4'},{'D6'},{'D3'},{'D1'},{'R3'},{'D2'},{'R2'},{'R1'},&,2.0,&
{'D7'},{'D5'},{'D4'},{'D6'},{'D3'},{'D1'},{'R3'},{'R2'},{'D2'},{'R1'},&,1.0,&
{'D7'},{'D5'},{'D4'},{'D6'},{'D3'},{'D1'},{'R3'},{'R1'},{'D2'},{'R2'},&,1.0,&
{'D7'},{'D5'},{'D4'},{'D6'},{'D3'},{'D1'},{'R1'},{'D2'},{'R3'},{'R2'},&,2.0,&
{'D7'},{'D5'},{'D4'},{'D6'},{'D3'},{'D1'},{'R1'},{'D2'},{'R2'},{'R3'},&,2.0,&
{'D7'},{'D5'},{'D4'},{'D6'},{'D3'},{'R2'},{'D1'},{'D2'},{'R3'},{'R1'},&,2.0,&
{'D7'},{'D5'},{'D4'},{'D6'},{'D3'},{'R2'},{'D1'},{'D2'},{'R1'},{'R3'},&,1.0,&
{'D7'},{'D5'},{'D4'},{'D6'},{'D3'},{'D2'},{'D1'},{'R3'},{'R2'},{'R1'},&,1.0,&
{'D7'},{'D5'},{'D4'},{'D6'},{'D3'},{'D2'},{'D1'},{'R2'},{'R1'},{'R3'},&,2.0,&
{'D7'},{'D5'},{'D4'},{'D6'},{'D3'},{'R3'},{'D1'},{'D2'},{'R2'},{'R1'},&,2.0,&
{'D7'},{'D5'},{'D4'},{'D6'},{'D1'},{'D3'},{'R2'},{'D2'},{'R3'},{'R1'},&,1.0,&
{'D7'},{'D5'},{'D4'},{'D6'},{'D1'},{'D3'},{'D2'},{'R3'},{'R1'},{'R2'},&,3.0,&
{'D7'},{'D5'},{'D4'},{'D6'},{'D1'},{'D3'},{'D2'},{'R3'},{'R2'},{'R1'},&,4.0,&
{'D7'},{'D5'},{'D4'},{'D6'},{'D1'},{'D3'},{'D2'},{'R2'},{'R3'},{'R1'},&,4.0,&
{'D7'},{'D5'},{'D4'},{'D6'},{'D1'},{'D3'},{'D2'},{'R2'},{'R1'},{'R3'},&,4.0,&
{'D7'},{'D5'},{'D4'},{'D6'},{'D1'},{'D3'},{'D2'},{'R1'},{'R2'},{'R3'},&,1.0,&
{'D7'},{'D5'},{'D4'},{'D6'},{'D1'},{'D3'},{'R3'},{'D2'},{'R2'},{'R1'},&,1.0,&
{'D7'},{'D5'},{'D4'},{'D6'},{'D2'},{'D3'},{'D1'},{'R3'},{'R2'},{'R1'},&,1.0,&
{'D7'},{'D5'},{'D4'},{'D6'},{'D2'},{'D3'},{'D1'},{'R2'},{'R3'},{'R1'},&,1.0,&
{'D7'},{'D5'},{'D4'},{'D3'},{'D1'},{'D6'},{'D2'},{'R3'},{'R1'},{'R2'},&,1.0,&
{'D7'},{'D5'},{'D4'},{'D3'},{'D1'},{'D6'},{'D2'},{'R1'},{'R3'},{'R2'},&,1.0,&
{'D7'},{'D5'},{'D4'},{'D3'},{'D1'},{'D6'},{'R3'},{'D2'},{'R1'},{'R2'},&,1.0,&
{'D7'},{'D5'},{'D4'},{'D3'},{'D6'},{'D1'},{'R2'},{'D2'},{'R1'},{'R3'},&,1.0,&
{'D7'},{'D5'},{'D4'},{'D3'},{'D6'},{'D1'},{'R2'},{'R3'},{'D2'},{'R1'},&,2.0,&
{'D7'},{'D5'},{'D4'},{'D3'},{'D6'},{'D1'},{'D2'},{'R3'},{'R1'},{'R2'},&,4.0,&
{'D7'},{'D5'},{'D4'},{'D3'},{'D6'},{'D1'},{'D2'},{'R3'},{'R2'},{'R1'},&,4.0,&
{'D7'},{'D5'},{'D4'},{'D3'},{'D6'},{'D1'},{'D2'},{'R2'},{'R3'},{'R1'},&,6.0,&
{'D7'},{'D5'},{'D4'},{'D3'},{'D6'},{'D1'},{'D2'},{'R2'},{'R1'},{'R3'},&,2.0,&
{'D7'},{'D5'},{'D4'},{'D3'},{'D6'},{'D1'},{'D2'},{'R1'},{'R3'},{'R2'},&,2.0,&
{'D7'},{'D5'},{'D4'},{'D3'},{'D6'},{'D1'},{'D2'},{'R1'},{'R2'},{'R3'},&,3.0,&
{'D7'},{'D5'},{'D4'},{'D3'},{'D6'},{'D1'},{'R3'},{'D2'},{'R2'},{'R1'},&,2.0,&
{'D7'},{'D5'},{'D4'},{'D3'},{'D6'},{'D1'},{'R3'},{'R2'},{'R1'},{'D2'},&,1.0,&
{'D7'},{'D5'},{'D4'},{'D3'},{'D6'},{'D1'},{'R3'},{'R2'},{'D2'},{'R1'},&,1.0,&
{'D7'},{'D5'},{'D4'},{'D3'},{'D6'},{'D1'},{'R1'},{'D2'},{'R3'},{'R2'},&,1.0,&
{'D7'},{'D5'},{'D4'},{'D3'},{'D6'},{'D1'},{'R1'},{'D2'},{'R2'},{'R3'},&,2.0,&
{'D7'},{'D5'},{'D4'},{'D3'},{'D6'},{'R2'},{'D1'},{'D2'},{'R3'},{'R1'},&,1.0,&
{'D7'},{'D5'},{'D4'},{'D3'},{'D6'},{'R2'},{'D1'},{'D2'},{'R1'},{'R3'},&,1.0,&
{'D7'},{'D5'},{'D4'},{'D3'},{'D6'},{'D2'},{'D1'},{'R2'},{'R1'},{'R3'},&,1.0,&
{'D7'},{'D5'},{'D4'},{'D3'},{'D6'},{'D2'},{'D1'},{'R1'},{'R2'},{'R3'},&,1.0,&
{'D7'},{'D5'},{'D4'},{'D3'},{'D6'},{'R3'},{'D1'},{'D2'},{'R2'},{'R1'},&,1.0,&
{'D7'},{'D5'},{'D4'},{'D2'},{'D3'},{'D6'},{'D1'},{'R1'},{'R2'},{'R3'},&,1.0,&
{'D7'},{'D5'},{'D4'},{'D2'},{'D6'},{'D3'},{'D1'},{'R2'},{'R3'},{'R1'},&,1.0,&
{'D7'},{'D5'},{'D4'},{'R2'},{'D3'},{'D6'},{'D1'},{'D2'},{'R3'},{'R1'},&,1.0,&
{'D7'},{'D5'},{'D3'},{'D1'},{'D4'},{'D6'},{'D2'},{'R3'},{'R2'},{'R1'},&,3.0,&
{'D7'},{'D5'},{'D3'},{'D1'},{'D4'},{'D6'},{'D2'},{'R1'},{'R2'},{'R3'},&,1.0,&
{'D7'},{'D5'},{'D3'},{'D1'},{'D4'},{'D6'},{'R3'},{'D2'},{'R2'},{'R1'},&,1.0,&
{'D7'},{'D5'},{'D3'},{'D1'},{'D6'},{'D4'},{'R2'},{'D2'},{'R3'},{'R1'},&,3.0,&
{'D7'},{'D5'},{'D3'},{'D1'},{'D6'},{'D4'},{'R2'},{'D2'},{'R1'},{'R3'},&,1.0,&
{'D7'},{'D5'},{'D3'},{'D1'},{'D6'},{'D4'},{'D2'},{'R3'},{'R1'},{'R2'},&,1.0,&
{'D7'},{'D5'},{'D3'},{'D1'},{'D6'},{'D4'},{'D2'},{'R3'},{'R2'},{'R1'},&,4.0,&
{'D7'},{'D5'},{'D3'},{'D1'},{'D6'},{'D4'},{'D2'},{'R2'},{'R3'},{'R1'},&,5.0,&
{'D7'},{'D5'},{'D3'},{'D1'},{'D6'},{'D4'},{'D2'},{'R2'},{'R1'},{'R3'},&,3.0,&
{'D7'},{'D5'},{'D3'},{'D1'},{'D6'},{'D4'},{'D2'},{'R1'},{'R2'},{'R3'},&,3.0,&
{'D7'},{'D5'},{'D3'},{'D1'},{'D6'},{'D4'},{'R3'},{'D2'},{'R2'},{'R1'},&,2.0,&
{'D7'},{'D5'},{'D3'},{'D1'},{'D6'},{'D4'},{'R1'},{'D2'},{'R3'},{'R2'},&,1.0,&
{'D7'},{'D5'},{'D3'},{'D1'},{'D6'},{'R2'},{'D4'},{'D2'},{'R3'},{'R1'},&,1.0,&
{'D7'},{'D5'},{'D3'},{'D1'},{'D6'},{'R2'},{'D4'},{'D2'},{'R1'},{'R3'},&,1.0,&
{'D7'},{'D5'},{'D3'},{'D1'},{'D6'},{'D2'},{'D4'},{'R2'},{'R1'},{'R3'},&,2.0,&
{'D7'},{'D5'},{'D3'},{'D1'},{'D6'},{'D2'},{'D4'},{'R1'},{'R2'},{'R3'},&,1.0,&
{'D7'},{'D5'},{'D3'},{'D1'},{'D6'},{'R1'},{'D4'},{'D2'},{'R2'},{'R3'},&,1.0,&
{'D7'},{'D5'},{'D3'},{'D1'},{'D6'},{'R3'},{'D4'},{'D2'},{'R1'},{'R2'},&,1.0,&
{'D7'},{'D5'},{'D3'},{'D4'},{'D1'},{'D6'},{'D2'},{'R3'},{'R1'},{'R2'},&,1.0,&
{'D7'},{'D5'},{'D3'},{'D4'},{'D1'},{'D6'},{'D2'},{'R2'},{'R1'},{'R3'},&,2.0,&
{'D7'},{'D5'},{'D3'},{'D4'},{'D1'},{'D6'},{'D2'},{'R1'},{'R3'},{'R2'},&,1.0,&
{'D7'},{'D5'},{'D3'},{'D4'},{'D1'},{'D6'},{'D2'},{'R1'},{'R2'},{'R3'},&,1.0,&
{'D7'},{'D5'},{'D3'},{'D4'},{'D6'},{'D1'},{'R2'},{'D2'},{'R3'},{'R1'},&,2.0,&
{'D7'},{'D5'},{'D3'},{'D4'},{'D6'},{'D1'},{'R2'},{'D2'},{'R1'},{'R3'},&,1.0,&
{'D7'},{'D5'},{'D3'},{'D4'},{'D6'},{'D1'},{'R2'},{'R3'},{'D2'},{'R1'},&,1.0,&
{'D7'},{'D5'},{'D3'},{'D4'},{'D6'},{'D1'},{'D2'},{'R3'},{'R1'},{'R2'},&,3.0,&
{'D7'},{'D5'},{'D3'},{'D4'},{'D6'},{'D1'},{'D2'},{'R2'},{'R3'},{'R1'},&,9.0,&
{'D7'},{'D5'},{'D3'},{'D4'},{'D6'},{'D1'},{'D2'},{'R2'},{'R1'},{'R3'},&,8.0,&
{'D7'},{'D5'},{'D3'},{'D4'},{'D6'},{'D1'},{'D2'},{'R1'},{'R3'},{'R2'},&,5.0,&
{'D7'},{'D5'},{'D3'},{'D4'},{'D6'},{'D1'},{'D2'},{'R1'},{'R2'},{'R3'},&,2.0,&
{'D7'},{'D5'},{'D3'},{'D4'},{'D6'},{'D1'},{'R3'},{'D2'},{'R1'},{'R2'},&,1.0,&
{'D7'},{'D5'},{'D3'},{'D4'},{'D6'},{'D1'},{'R1'},{'D2'},{'R3'},{'R2'},&,2.0,&
{'D7'},{'D5'},{'D3'},{'D4'},{'D6'},{'D1'},{'R1'},{'D2'},{'R2'},{'R3'},&,1.0,&
{'D7'},{'D5'},{'D3'},{'D4'},{'D6'},{'R2'},{'R3'},{'D1'},{'D2'},{'R1'},&,1.0,&
{'D7'},{'D5'},{'D3'},{'D4'},{'D6'},{'R1'},{'D2'},{'D1'},{'R2'},{'R3'},&,1.0,&
{'D7'},{'D5'},{'D3'},{'D4'},{'R3'},{'D6'},{'D1'},{'R1'},{'D2'},{'R2'},&,1.0,&
{'D7'},{'D5'},{'D3'},{'D6'},{'D1'},{'D4'},{'R2'},{'D2'},{'R3'},{'R1'},&,4.0,&
{'D7'},{'D5'},{'D3'},{'D6'},{'D1'},{'D4'},{'R2'},{'D2'},{'R1'},{'R3'},&,3.0,&
{'D7'},{'D5'},{'D3'},{'D6'},{'D1'},{'D4'},{'R2'},{'R3'},{'D2'},{'R1'},&,1.0,&
{'D7'},{'D5'},{'D3'},{'D6'},{'D1'},{'D4'},{'R2'},{'R1'},{'D2'},{'R3'},&,1.0,&
{'D7'},{'D5'},{'D3'},{'D6'},{'D1'},{'D4'},{'D2'},{'R3'},{'R1'},{'R2'},&,9.0,&
{'D7'},{'D5'},{'D3'},{'D6'},{'D1'},{'D4'},{'D2'},{'R3'},{'R2'},{'R1'},&,18.0,&
{'D7'},{'D5'},{'D3'},{'D6'},{'D1'},{'D4'},{'D2'},{'R2'},{'R3'},{'R1'},&,15.0,&
{'D7'},{'D5'},{'D3'},{'D6'},{'D1'},{'D4'},{'D2'},{'R2'},{'R1'},{'R3'},&,18.0,&
{'D7'},{'D5'},{'D3'},{'D6'},{'D1'},{'D4'},{'D2'},{'R1'},{'R3'},{'R2'},&,1.0,&
{'D7'},{'D5'},{'D3'},{'D6'},{'D1'},{'D4'},{'D2'},{'R1'},{'R2'},{'R3'},&,6.0,&
{'D7'},{'D5'},{'D3'},{'D6'},{'D1'},{'D4'},{'R3'},{'D2'},{'R2'},{'R1'},&,1.0,&
{'D7'},{'D5'},{'D3'},{'D6'},{'D1'},{'D4'},{'R3'},{'R2'},{'D2'},{'R1'},&,1.0,&
{'D7'},{'D5'},{'D3'},{'D6'},{'D1'},{'D4'},{'R3'},{'R1'},{'D2'},{'R2'},&,1.0,&
{'D7'},{'D5'},{'D3'},{'D6'},{'D1'},{'D4'},{'R1'},{'D2'},{'R3'},{'R2'},&,4.0,&
{'D7'},{'D5'},{'D3'},{'D6'},{'D1'},{'D4'},{'R1'},{'D2'},{'R2'},{'R3'},&,6.0,&
{'D7'},{'D5'},{'D3'},{'D6'},{'D1'},{'D4'},{'R1'},{'R3'},{'D2'},{'R2'},&,1.0,&
{'D7'},{'D5'},{'D3'},{'D6'},{'D1'},{'R2'},{'R1'},{'D4'},{'R3'},{'D2'},&,1.0,&
{'D7'},{'D5'},{'D3'},{'D6'},{'D1'},{'R2'},{'D4'},{'D2'},{'R1'},{'R3'},&,2.0,&
{'D7'},{'D5'},{'D3'},{'D6'},{'D1'},{'D2'},{'R3'},{'R2'},{'R1'},{'D4'},&,1.0,&
{'D7'},{'D5'},{'D3'},{'D6'},{'D1'},{'D2'},{'R1'},{'D4'},{'R2'},{'R3'},&,1.0,&
{'D7'},{'D5'},{'D3'},{'D6'},{'D1'},{'D2'},{'D4'},{'R3'},{'R2'},{'R1'},&,1.0,&
{'D7'},{'D5'},{'D3'},{'D6'},{'D1'},{'D2'},{'D4'},{'R2'},{'R3'},{'R1'},&,1.0,&
{'D7'},{'D5'},{'D3'},{'D6'},{'D1'},{'D2'},{'D4'},{'R1'},{'R2'},{'R3'},&,3.0,&
{'D7'},{'D5'},{'D3'},{'D6'},{'D1'},{'R1'},{'D4'},{'D2'},{'R2'},{'R3'},&,3.0,&
{'D7'},{'D5'},{'D3'},{'D6'},{'D1'},{'R1'},{'D4'},{'R2'},{'R3'},{'D2'},&,1.0,&
{'D7'},{'D5'},{'D3'},{'D6'},{'D1'},{'R3'},{'R2'},{'D4'},{'D2'},{'R1'},&,1.0,&
{'D7'},{'D5'},{'D3'},{'D6'},{'D1'},{'R3'},{'D4'},{'D2'},{'R2'},{'R1'},&,1.0,&
{'D7'},{'D5'},{'D3'},{'D6'},{'D1'},{'R3'},{'D4'},{'R2'},{'D2'},{'R1'},&,1.0,&
{'D7'},{'D5'},{'D3'},{'D6'},{'D4'},{'D1'},{'R2'},{'D2'},{'R3'},{'R1'},&,6.0,&
{'D7'},{'D5'},{'D3'},{'D6'},{'D4'},{'D1'},{'R2'},{'D2'},{'R1'},{'R3'},&,4.0,&
{'D7'},{'D5'},{'D3'},{'D6'},{'D4'},{'D1'},{'R2'},{'R3'},{'D2'},{'R1'},&,2.0,&
{'D7'},{'D5'},{'D3'},{'D6'},{'D4'},{'D1'},{'R2'},{'R1'},{'D2'},{'R3'},&,4.0,&
{'D7'},{'D5'},{'D3'},{'D6'},{'D4'},{'D1'},{'D2'},{'R3'},{'R1'},{'R2'},&,8.0,&
{'D7'},{'D5'},{'D3'},{'D6'},{'D4'},{'D1'},{'D2'},{'R3'},{'R2'},{'R1'},&,13.0,&
{'D7'},{'D5'},{'D3'},{'D6'},{'D4'},{'D1'},{'D2'},{'R2'},{'R3'},{'R1'},&,26.0,&
{'D7'},{'D5'},{'D3'},{'D6'},{'D4'},{'D1'},{'D2'},{'R2'},{'R1'},{'R3'},&,18.0,&
{'D7'},{'D5'},{'D3'},{'D6'},{'D4'},{'D1'},{'D2'},{'R1'},{'R3'},{'R2'},&,6.0,&
{'D7'},{'D5'},{'D3'},{'D6'},{'D4'},{'D1'},{'D2'},{'R1'},{'R2'},{'R3'},&,11.0,&
{'D7'},{'D5'},{'D3'},{'D6'},{'D4'},{'D1'},{'R3'},{'D2'},{'R1'},{'R2'},&,1.0,&
{'D7'},{'D5'},{'D3'},{'D6'},{'D4'},{'D1'},{'R3'},{'D2'},{'R2'},{'R1'},&,5.0,&
{'D7'},{'D5'},{'D3'},{'D6'},{'D4'},{'D1'},{'R3'},{'R2'},{'D2'},{'R1'},&,1.0,&
{'D7'},{'D5'},{'D3'},{'D6'},{'D4'},{'D1'},{'R1'},{'D2'},{'R3'},{'R2'},&,2.0,&
{'D7'},{'D5'},{'D3'},{'D6'},{'D4'},{'D1'},{'R1'},{'D2'},{'R2'},{'R3'},&,1.0,&
{'D7'},{'D5'},{'D3'},{'D6'},{'D4'},{'R2'},{'D1'},{'D2'},{'R3'},{'R1'},&,1.0,&
{'D7'},{'D5'},{'D3'},{'D6'},{'D4'},{'R2'},{'D1'},{'D2'},{'R1'},{'R3'},&,1.0,&
{'D7'},{'D5'},{'D3'},{'D6'},{'D4'},{'R2'},{'D1'},{'R3'},{'D2'},{'R1'},&,2.0,&
{'D7'},{'D5'},{'D3'},{'D6'},{'D4'},{'D2'},{'R2'},{'D1'},{'R1'},{'R3'},&,1.0,&
{'D7'},{'D5'},{'D3'},{'D6'},{'D4'},{'D2'},{'R3'},{'D1'},{'R1'},{'R2'},&,1.0,&
{'D7'},{'D5'},{'D3'},{'D6'},{'D4'},{'D2'},{'D1'},{'R3'},{'R1'},{'R2'},&,1.0,&
{'D7'},{'D5'},{'D3'},{'D6'},{'D4'},{'D2'},{'D1'},{'R2'},{'R3'},{'R1'},&,1.0,&
{'D7'},{'D5'},{'D3'},{'D6'},{'D4'},{'D2'},{'D1'},{'R2'},{'R1'},{'R3'},&,1.0,&
{'D7'},{'D5'},{'D3'},{'D6'},{'D4'},{'D2'},{'D1'},{'R1'},{'R3'},{'R2'},&,2.0,&
{'D7'},{'D5'},{'D3'},{'D6'},{'D4'},{'R1'},{'D2'},{'R2'},{'D1'},{'R3'},&,1.0,&
{'D7'},{'D5'},{'D3'},{'D6'},{'D4'},{'R1'},{'D1'},{'D2'},{'R2'},{'R3'},&,1.0,&
{'D7'},{'D5'},{'D3'},{'D6'},{'D4'},{'R3'},{'D2'},{'R1'},{'D1'},{'R2'},&,1.0,&
{'D7'},{'D5'},{'D3'},{'D6'},{'D4'},{'R3'},{'D1'},{'D2'},{'R1'},{'R2'},&,1.0,&
{'D7'},{'D5'},{'D3'},{'D6'},{'D4'},{'R3'},{'D1'},{'D2'},{'R2'},{'R1'},&,1.0,&
{'D7'},{'D5'},{'D3'},{'D6'},{'D4'},{'R3'},{'D1'},{'R1'},{'R2'},{'D2'},&,1.0,&
{'D7'},{'D5'},{'D3'},{'D6'},{'D2'},{'D4'},{'R1'},{'D1'},{'R2'},{'R3'},&,1.0,&
{'D7'},{'D5'},{'D3'},{'D6'},{'D2'},{'D4'},{'D1'},{'R3'},{'R1'},{'R2'},&,1.0,&
{'D7'},{'D5'},{'D3'},{'D6'},{'D2'},{'D4'},{'D1'},{'R2'},{'R1'},{'R3'},&,1.0,&
{'D7'},{'D5'},{'D3'},{'D6'},{'D2'},{'D1'},{'D4'},{'R3'},{'R1'},{'R2'},&,1.0,&
{'D7'},{'D5'},{'D3'},{'D6'},{'D2'},{'D1'},{'D4'},{'R2'},{'R3'},{'R1'},&,1.0,&
{'D7'},{'D5'},{'D3'},{'D6'},{'D2'},{'D1'},{'D4'},{'R2'},{'R1'},{'R3'},&,1.0,&
{'D7'},{'D5'},{'D3'},{'D6'},{'R1'},{'D4'},{'D1'},{'D2'},{'R3'},{'R2'},&,1.0,&
{'D7'},{'D5'},{'D3'},{'D6'},{'R3'},{'D4'},{'D1'},{'D2'},{'R2'},{'R1'},&,2.0,&
{'D7'},{'D5'},{'D3'},{'D2'},{'D6'},{'D4'},{'D1'},{'R3'},{'R2'},{'R1'},&,1.0,&
{'D7'},{'D5'},{'D3'},{'D2'},{'D6'},{'D1'},{'D4'},{'R1'},{'R3'},{'R2'},&,1.0,&
{'D7'},{'D5'},{'D6'},{'D1'},{'D3'},{'D4'},{'R2'},{'D2'},{'R3'},{'R1'},&,3.0,&
{'D7'},{'D5'},{'D6'},{'D1'},{'D3'},{'D4'},{'R2'},{'D2'},{'R1'},{'R3'},&,3.0,&
{'D7'},{'D5'},{'D6'},{'D1'},{'D3'},{'D4'},{'R2'},{'R3'},{'D2'},{'R1'},&,1.0,&
{'D7'},{'D5'},{'D6'},{'D1'},{'D3'},{'D4'},{'D2'},{'R3'},{'R1'},{'R2'},&,9.0,&
{'D7'},{'D5'},{'D6'},{'D1'},{'D3'},{'D4'},{'D2'},{'R3'},{'R2'},{'R1'},&,17.0,&
{'D7'},{'D5'},{'D6'},{'D1'},{'D3'},{'D4'},{'D2'},{'R2'},{'R3'},{'R1'},&,21.0,&
{'D7'},{'D5'},{'D6'},{'D1'},{'D3'},{'D4'},{'D2'},{'R2'},{'R1'},{'R3'},&,14.0,&
{'D7'},{'D5'},{'D6'},{'D1'},{'D3'},{'D4'},{'D2'},{'R1'},{'R3'},{'R2'},&,2.0,&
{'D7'},{'D5'},{'D6'},{'D1'},{'D3'},{'D4'},{'D2'},{'R1'},{'R2'},{'R3'},&,11.0,&
{'D7'},{'D5'},{'D6'},{'D1'},{'D3'},{'D4'},{'R3'},{'D2'},{'R2'},{'R1'},&,2.0,&
{'D7'},{'D5'},{'D6'},{'D1'},{'D3'},{'D4'},{'R1'},{'D2'},{'R3'},{'R2'},&,4.0,&
{'D7'},{'D5'},{'D6'},{'D1'},{'D3'},{'D4'},{'R1'},{'D2'},{'R2'},{'R3'},&,5.0,&
{'D7'},{'D5'},{'D6'},{'D1'},{'D3'},{'D4'},{'R1'},{'R2'},{'D2'},{'R3'},&,1.0,&
{'D7'},{'D5'},{'D6'},{'D1'},{'D3'},{'R2'},{'D4'},{'D2'},{'R3'},{'R1'},&,1.0,&
{'D7'},{'D5'},{'D6'},{'D1'},{'D3'},{'R2'},{'D4'},{'D2'},{'R1'},{'R3'},&,1.0,&
{'D7'},{'D5'},{'D6'},{'D1'},{'D3'},{'R2'},{'D4'},{'R3'},{'R1'},{'D2'},&,1.0,&
{'D7'},{'D5'},{'D6'},{'D1'},{'D3'},{'D2'},{'D4'},{'R1'},{'R2'},{'R3'},&,1.0,&
{'D7'},{'D5'},{'D6'},{'D1'},{'D3'},{'R3'},{'D4'},{'D2'},{'R2'},{'R1'},&,1.0,&
{'D7'},{'D5'},{'D6'},{'D1'},{'D3'},{'R3'},{'D4'},{'R2'},{'D2'},{'R1'},&,1.0,&
{'D7'},{'D5'},{'D6'},{'D1'},{'D3'},{'R3'},{'D4'},{'R1'},{'R2'},{'D2'},&,1.0,&
{'D7'},{'D5'},{'D6'},{'D1'},{'D4'},{'R2'},{'D3'},{'D2'},{'R1'},{'R3'},&,2.0,&
{'D7'},{'D5'},{'D6'},{'D1'},{'D4'},{'D3'},{'R2'},{'D2'},{'R3'},{'R1'},&,3.0,&
{'D7'},{'D5'},{'D6'},{'D1'},{'D4'},{'D3'},{'R2'},{'D2'},{'R1'},{'R3'},&,1.0,&
{'D7'},{'D5'},{'D6'},{'D1'},{'D4'},{'D3'},{'D2'},{'R3'},{'R1'},{'R2'},&,6.0,&
{'D7'},{'D5'},{'D6'},{'D1'},{'D4'},{'D3'},{'D2'},{'R3'},{'R2'},{'R1'},&,8.0,&
{'D7'},{'D5'},{'D6'},{'D1'},{'D4'},{'D3'},{'D2'},{'R2'},{'R3'},{'R1'},&,3.0,&
{'D7'},{'D5'},{'D6'},{'D1'},{'D4'},{'D3'},{'D2'},{'R2'},{'R1'},{'R3'},&,8.0,&
{'D7'},{'D5'},{'D6'},{'D1'},{'D4'},{'D3'},{'D2'},{'R1'},{'R3'},{'R2'},&,5.0,&
{'D7'},{'D5'},{'D6'},{'D1'},{'D4'},{'D3'},{'D2'},{'R1'},{'R2'},{'R3'},&,8.0,&
{'D7'},{'D5'},{'D6'},{'D1'},{'D4'},{'D3'},{'R3'},{'D2'},{'R2'},{'R1'},&,1.0,&
{'D7'},{'D5'},{'D6'},{'D1'},{'D4'},{'D3'},{'R1'},{'D2'},{'R2'},{'R3'},&,1.0,&
{'D7'},{'D5'},{'D6'},{'D1'},{'D2'},{'D4'},{'D3'},{'R2'},{'R1'},{'R3'},&,2.0,&
{'D7'},{'D5'},{'D6'},{'D1'},{'D2'},{'D3'},{'D4'},{'R3'},{'R1'},{'R2'},&,1.0,&
{'D7'},{'D5'},{'D6'},{'D1'},{'D2'},{'D3'},{'D4'},{'R2'},{'R3'},{'R1'},&,1.0,&
{'D7'},{'D5'},{'D6'},{'D1'},{'R1'},{'D4'},{'D3'},{'D2'},{'R2'},{'R3'},&,1.0,&
{'D7'},{'D5'},{'D6'},{'D1'},{'R2'},{'D3'},{'D4'},{'D2'},{'R3'},{'R1'},&,1.0,&
{'D7'},{'D5'},{'D6'},{'D1'},{'R3'},{'D3'},{'D4'},{'D2'},{'R2'},{'R1'},&,1.0,&
{'D7'},{'D5'},{'D6'},{'D1'},{'R3'},{'D3'},{'D4'},{'R2'},{'D2'},{'R1'},&,1.0,&
{'D7'},{'D5'},{'D6'},{'D4'},{'D3'},{'D1'},{'R2'},{'D2'},{'R3'},{'R1'},&,10.0,&
{'D7'},{'D5'},{'D6'},{'D4'},{'D3'},{'D1'},{'R2'},{'D2'},{'R1'},{'R3'},&,4.0,&
{'D7'},{'D5'},{'D6'},{'D4'},{'D3'},{'D1'},{'R2'},{'R3'},{'R1'},{'D2'},&,1.0,&
{'D7'},{'D5'},{'D6'},{'D4'},{'D3'},{'D1'},{'R2'},{'R3'},{'D2'},{'R1'},&,1.0,&
{'D7'},{'D5'},{'D6'},{'D4'},{'D3'},{'D1'},{'D2'},{'R3'},{'R1'},{'R2'},&,17.0,&
{'D7'},{'D5'},{'D6'},{'D4'},{'D3'},{'D1'},{'D2'},{'R3'},{'R2'},{'R1'},&,20.0,&
{'D7'},{'D5'},{'D6'},{'D4'},{'D3'},{'D1'},{'D2'},{'R2'},{'R3'},{'R1'},&,31.0,&
{'D7'},{'D5'},{'D6'},{'D4'},{'D3'},{'D1'},{'D2'},{'R2'},{'R1'},{'R3'},&,27.0,&
{'D7'},{'D5'},{'D6'},{'D4'},{'D3'},{'D1'},{'D2'},{'R1'},{'R3'},{'R2'},&,9.0,&
{'D7'},{'D5'},{'D6'},{'D4'},{'D3'},{'D1'},{'D2'},{'R1'},{'R2'},{'R3'},&,22.0,&
{'D7'},{'D5'},{'D6'},{'D4'},{'D3'},{'D1'},{'R3'},{'D2'},{'R1'},{'R2'},&,1.0,&
{'D7'},{'D5'},{'D6'},{'D4'},{'D3'},{'D1'},{'R3'},{'D2'},{'R2'},{'R1'},&,2.0,&
{'D7'},{'D5'},{'D6'},{'D4'},{'D3'},{'D1'},{'R3'},{'R2'},{'D2'},{'R1'},&,2.0,&
{'D7'},{'D5'},{'D6'},{'D4'},{'D3'},{'D1'},{'R1'},{'D2'},{'R3'},{'R2'},&,3.0,&
{'D7'},{'D5'},{'D6'},{'D4'},{'D3'},{'D1'},{'R1'},{'D2'},{'R2'},{'R3'},&,6.0,&
{'D7'},{'D5'},{'D6'},{'D4'},{'D3'},{'D1'},{'R1'},{'R3'},{'D2'},{'R2'},&,1.0,&
{'D7'},{'D5'},{'D6'},{'D4'},{'D3'},{'D1'},{'R1'},{'R2'},{'D2'},{'R3'},&,3.0,&
{'D7'},{'D5'},{'D6'},{'D4'},{'D3'},{'R2'},{'R3'},{'D1'},{'D2'},{'R1'},&,1.0,&
{'D7'},{'D5'},{'D6'},{'D4'},{'D3'},{'R2'},{'D1'},{'D2'},{'R3'},{'R1'},&,1.0,&
{'D7'},{'D5'},{'D6'},{'D4'},{'D3'},{'R2'},{'D1'},{'D2'},{'R1'},{'R3'},&,1.0,&
{'D7'},{'D5'},{'D6'},{'D4'},{'D3'},{'D2'},{'R1'},{'R2'},{'D1'},{'R3'},&,1.0,&
{'D7'},{'D5'},{'D6'},{'D4'},{'D3'},{'D2'},{'D1'},{'R3'},{'R2'},{'R1'},&,2.0,&
{'D7'},{'D5'},{'D6'},{'D4'},{'D3'},{'D2'},{'D1'},{'R2'},{'R3'},{'R1'},&,3.0,&
{'D7'},{'D5'},{'D6'},{'D4'},{'D3'},{'R1'},{'D1'},{'D2'},{'R2'},{'R3'},&,1.0,&
{'D7'},{'D5'},{'D6'},{'D4'},{'D3'},{'R3'},{'D2'},{'R2'},{'R1'},{'D1'},&,1.0,&
{'D7'},{'D5'},{'D6'},{'D4'},{'D3'},{'R3'},{'D1'},{'D2'},{'R1'},{'R2'},&,1.0,&
{'D7'},{'D5'},{'D6'},{'D4'},{'D3'},{'R3'},{'D1'},{'D2'},{'R2'},{'R1'},&,3.0,&
{'D7'},{'D5'},{'D6'},{'D4'},{'D3'},{'R3'},{'D1'},{'R2'},{'D2'},{'R1'},&,1.0,&
{'D7'},{'D5'},{'D6'},{'D4'},{'D1'},{'R2'},{'D3'},{'R3'},{'D2'},{'R1'},&,1.0,&
{'D7'},{'D5'},{'D6'},{'D4'},{'D1'},{'D3'},{'R2'},{'D2'},{'R3'},{'R1'},&,1.0,&
{'D7'},{'D5'},{'D6'},{'D4'},{'D1'},{'D3'},{'R2'},{'D2'},{'R1'},{'R3'},&,1.0,&
{'D7'},{'D5'},{'D6'},{'D4'},{'D1'},{'D3'},{'D2'},{'R3'},{'R1'},{'R2'},&,10.0,&
{'D7'},{'D5'},{'D6'},{'D4'},{'D1'},{'D3'},{'D2'},{'R3'},{'R2'},{'R1'},&,5.0,&
{'D7'},{'D5'},{'D6'},{'D4'},{'D1'},{'D3'},{'D2'},{'R2'},{'R3'},{'R1'},&,3.0,&
{'D7'},{'D5'},{'D6'},{'D4'},{'D1'},{'D3'},{'D2'},{'R2'},{'R1'},{'R3'},&,4.0,&
{'D7'},{'D5'},{'D6'},{'D4'},{'D1'},{'D3'},{'D2'},{'R1'},{'R3'},{'R2'},&,3.0,&
{'D7'},{'D5'},{'D6'},{'D4'},{'D1'},{'D3'},{'D2'},{'R1'},{'R2'},{'R3'},&,8.0,&
{'D7'},{'D5'},{'D6'},{'D4'},{'D1'},{'D3'},{'R3'},{'D2'},{'R1'},{'R2'},&,1.0,&
{'D7'},{'D5'},{'D6'},{'D4'},{'D1'},{'D3'},{'R3'},{'D2'},{'R2'},{'R1'},&,2.0,&
{'D7'},{'D5'},{'D6'},{'D4'},{'D1'},{'D3'},{'R1'},{'D2'},{'R3'},{'R2'},&,1.0,&
{'D7'},{'D5'},{'D6'},{'D4'},{'D1'},{'D3'},{'R1'},{'D2'},{'R2'},{'R3'},&,3.0,&
{'D7'},{'D5'},{'D6'},{'D4'},{'D1'},{'R3'},{'D3'},{'D2'},{'R2'},{'R1'},&,1.0,&
{'D7'},{'D5'},{'D6'},{'D4'},{'D2'},{'D1'},{'D3'},{'R2'},{'R1'},{'R3'},&,1.0,&
{'D7'},{'D5'},{'D6'},{'D4'},{'D2'},{'D3'},{'D1'},{'R2'},{'R1'},{'R3'},&,1.0,&
{'D7'},{'D5'},{'D6'},{'D4'},{'R1'},{'D3'},{'D1'},{'D2'},{'R2'},{'R3'},&,1.0,&
{'D7'},{'D5'},{'D6'},{'D4'},{'R2'},{'D1'},{'D3'},{'D2'},{'R3'},{'R1'},&,1.0,&
{'D7'},{'D5'},{'D6'},{'D4'},{'R2'},{'D3'},{'D1'},{'D2'},{'R3'},{'R1'},&,1.0,&
{'D7'},{'D5'},{'D6'},{'D4'},{'R2'},{'D3'},{'D1'},{'R1'},{'D2'},{'R3'},&,1.0,&
{'D7'},{'D5'},{'D6'},{'D4'},{'R3'},{'D1'},{'D3'},{'R1'},{'D2'},{'R2'},&,1.0,&
{'D7'},{'D5'},{'D6'},{'D4'},{'R3'},{'D3'},{'D1'},{'R1'},{'D2'},{'R2'},&,1.0,&
{'D7'},{'D5'},{'D6'},{'D3'},{'D1'},{'D4'},{'R2'},{'D2'},{'R3'},{'R1'},&,11.0,&
{'D7'},{'D5'},{'D6'},{'D3'},{'D1'},{'D4'},{'R2'},{'D2'},{'R1'},{'R3'},&,5.0,&
{'D7'},{'D5'},{'D6'},{'D3'},{'D1'},{'D4'},{'R2'},{'R3'},{'R1'},{'D2'},&,1.0,&
{'D7'},{'D5'},{'D6'},{'D3'},{'D1'},{'D4'},{'R2'},{'R1'},{'D2'},{'R3'},&,2.0,&
{'D7'},{'D5'},{'D6'},{'D3'},{'D1'},{'D4'},{'D2'},{'R3'},{'R1'},{'R2'},&,14.0,&
{'D7'},{'D5'},{'D6'},{'D3'},{'D1'},{'D4'},{'D2'},{'R3'},{'R2'},{'R1'},&,27.0,&
{'D7'},{'D5'},{'D6'},{'D3'},{'D1'},{'D4'},{'D2'},{'R2'},{'R3'},{'R1'},&,25.0,&
{'D7'},{'D5'},{'D6'},{'D3'},{'D1'},{'D4'},{'D2'},{'R2'},{'R1'},{'R3'},&,21.0,&
{'D7'},{'D5'},{'D6'},{'D3'},{'D1'},{'D4'},{'D2'},{'R1'},{'R3'},{'R2'},&,6.0,&
{'D7'},{'D5'},{'D6'},{'D3'},{'D1'},{'D4'},{'D2'},{'R1'},{'R2'},{'R3'},&,28.0,&
{'D7'},{'D5'},{'D6'},{'D3'},{'D1'},{'D4'},{'R3'},{'D2'},{'R1'},{'R2'},&,4.0,&
{'D7'},{'D5'},{'D6'},{'D3'},{'D1'},{'D4'},{'R3'},{'D2'},{'R2'},{'R1'},&,5.0,&
{'D7'},{'D5'},{'D6'},{'D3'},{'D1'},{'D4'},{'R3'},{'R2'},{'D2'},{'R1'},&,4.0,&
{'D7'},{'D5'},{'D6'},{'D3'},{'D1'},{'D4'},{'R1'},{'D2'},{'R3'},{'R2'},&,2.0,&
{'D7'},{'D5'},{'D6'},{'D3'},{'D1'},{'D4'},{'R1'},{'D2'},{'R2'},{'R3'},&,4.0,&
{'D7'},{'D5'},{'D6'},{'D3'},{'D1'},{'D4'},{'R1'},{'R2'},{'R3'},{'D2'},&,1.0,&
{'D7'},{'D5'},{'D6'},{'D3'},{'D1'},{'D4'},{'R1'},{'R2'},{'D2'},{'R3'},&,1.0,&
{'D7'},{'D5'},{'D6'},{'D3'},{'D1'},{'R2'},{'D4'},{'D2'},{'R3'},{'R1'},&,3.0,&
{'D7'},{'D5'},{'D6'},{'D3'},{'D1'},{'R2'},{'D4'},{'D2'},{'R1'},{'R3'},&,2.0,&
{'D7'},{'D5'},{'D6'},{'D3'},{'D1'},{'D2'},{'R2'},{'R1'},{'R3'},{'D4'},&,1.0,&
{'D7'},{'D5'},{'D6'},{'D3'},{'D1'},{'D2'},{'R3'},{'D4'},{'R2'},{'R1'},&,2.0,&
{'D7'},{'D5'},{'D6'},{'D3'},{'D1'},{'D2'},{'R1'},{'R2'},{'R3'},{'D4'},&,1.0,&
{'D7'},{'D5'},{'D6'},{'D3'},{'D1'},{'D2'},{'D4'},{'R2'},{'R3'},{'R1'},&,2.0,&
{'D7'},{'D5'},{'D6'},{'D3'},{'D1'},{'D2'},{'D4'},{'R2'},{'R1'},{'R3'},&,1.0,&
{'D7'},{'D5'},{'D6'},{'D3'},{'D1'},{'D2'},{'D4'},{'R1'},{'R2'},{'R3'},&,1.0,&
{'D7'},{'D5'},{'D6'},{'D3'},{'D1'},{'R1'},{'D4'},{'D2'},{'R3'},{'R2'},&,1.0,&
{'D7'},{'D5'},{'D6'},{'D3'},{'D1'},{'R1'},{'D4'},{'D2'},{'R2'},{'R3'},&,1.0,&
{'D7'},{'D5'},{'D6'},{'D3'},{'D1'},{'R1'},{'D4'},{'R3'},{'D2'},{'R2'},&,1.0,&
{'D7'},{'D5'},{'D6'},{'D3'},{'D1'},{'R3'},{'D4'},{'D2'},{'R2'},{'R1'},&,3.0,&
{'D7'},{'D5'},{'D6'},{'D3'},{'D1'},{'R3'},{'D4'},{'R1'},{'D2'},{'R2'},&,1.0,&
{'D7'},{'D5'},{'D6'},{'D3'},{'D4'},{'D1'},{'R2'},{'D2'},{'R3'},{'R1'},&,11.0,&
{'D7'},{'D5'},{'D6'},{'D3'},{'D4'},{'D1'},{'R2'},{'D2'},{'R1'},{'R3'},&,10.0,&
{'D7'},{'D5'},{'D6'},{'D3'},{'D4'},{'D1'},{'R2'},{'R3'},{'D2'},{'R1'},&,2.0,&
{'D7'},{'D5'},{'D6'},{'D3'},{'D4'},{'D1'},{'R2'},{'R1'},{'D2'},{'R3'},&,2.0,&
{'D7'},{'D5'},{'D6'},{'D3'},{'D4'},{'D1'},{'D2'},{'R3'},{'R1'},{'R2'},&,15.0,&
{'D7'},{'D5'},{'D6'},{'D3'},{'D4'},{'D1'},{'D2'},{'R3'},{'R2'},{'R1'},&,28.0,&
{'D7'},{'D5'},{'D6'},{'D3'},{'D4'},{'D1'},{'D2'},{'R2'},{'R3'},{'R1'},&,55.0,&
{'D7'},{'D5'},{'D6'},{'D3'},{'D4'},{'D1'},{'D2'},{'R2'},{'R1'},{'R3'},&,39.0,&
{'D7'},{'D5'},{'D6'},{'D3'},{'D4'},{'D1'},{'D2'},{'R1'},{'R3'},{'R2'},&,24.0,&
{'D7'},{'D5'},{'D6'},{'D3'},{'D4'},{'D1'},{'D2'},{'R1'},{'R2'},{'R3'},&,22.0,&
{'D7'},{'D5'},{'D6'},{'D3'},{'D4'},{'D1'},{'R3'},{'D2'},{'R1'},{'R2'},&,3.0,&
{'D7'},{'D5'},{'D6'},{'D3'},{'D4'},{'D1'},{'R3'},{'D2'},{'R2'},{'R1'},&,10.0,&
{'D7'},{'D5'},{'D6'},{'D3'},{'D4'},{'D1'},{'R3'},{'R2'},{'D2'},{'R1'},&,3.0,&
{'D7'},{'D5'},{'D6'},{'D3'},{'D4'},{'D1'},{'R3'},{'R1'},{'D2'},{'R2'},&,3.0,&
{'D7'},{'D5'},{'D6'},{'D3'},{'D4'},{'D1'},{'R1'},{'D2'},{'R3'},{'R2'},&,4.0,&
{'D7'},{'D5'},{'D6'},{'D3'},{'D4'},{'D1'},{'R1'},{'D2'},{'R2'},{'R3'},&,10.0,&
{'D7'},{'D5'},{'D6'},{'D3'},{'D4'},{'D1'},{'R1'},{'R3'},{'D2'},{'R2'},&,2.0,&
{'D7'},{'D5'},{'D6'},{'D3'},{'D4'},{'D1'},{'R1'},{'R2'},{'R3'},{'D2'},&,2.0,&
{'D7'},{'D5'},{'D6'},{'D3'},{'D4'},{'R2'},{'R3'},{'D1'},{'R1'},{'D2'},&,1.0,&
{'D7'},{'D5'},{'D6'},{'D3'},{'D4'},{'R2'},{'D1'},{'D2'},{'R3'},{'R1'},&,3.0,&
{'D7'},{'D5'},{'D6'},{'D3'},{'D4'},{'R2'},{'D1'},{'D2'},{'R1'},{'R3'},&,1.0,&
{'D7'},{'D5'},{'D6'},{'D3'},{'D4'},{'R2'},{'D1'},{'R1'},{'D2'},{'R3'},&,2.0,&
{'D7'},{'D5'},{'D6'},{'D3'},{'D4'},{'D2'},{'R2'},{'R3'},{'D1'},{'R1'},&,1.0,&
{'D7'},{'D5'},{'D6'},{'D3'},{'D4'},{'D2'},{'R2'},{'R1'},{'D1'},{'R3'},&,1.0,&
{'D7'},{'D5'},{'D6'},{'D3'},{'D4'},{'D2'},{'R2'},{'D1'},{'R3'},{'R1'},&,1.0,&
{'D7'},{'D5'},{'D6'},{'D3'},{'D4'},{'D2'},{'R2'},{'D1'},{'R1'},{'R3'},&,1.0,&
{'D7'},{'D5'},{'D6'},{'D3'},{'D4'},{'D2'},{'R3'},{'D1'},{'R1'},{'R2'},&,1.0,&
{'D7'},{'D5'},{'D6'},{'D3'},{'D4'},{'D2'},{'R3'},{'D1'},{'R2'},{'R1'},&,1.0,&
{'D7'},{'D5'},{'D6'},{'D3'},{'D4'},{'D2'},{'D1'},{'R3'},{'R1'},{'R2'},&,2.0,&
{'D7'},{'D5'},{'D6'},{'D3'},{'D4'},{'D2'},{'D1'},{'R3'},{'R2'},{'R1'},&,6.0,&
{'D7'},{'D5'},{'D6'},{'D3'},{'D4'},{'D2'},{'D1'},{'R2'},{'R3'},{'R1'},&,1.0,&
{'D7'},{'D5'},{'D6'},{'D3'},{'D4'},{'D2'},{'D1'},{'R2'},{'R1'},{'R3'},&,3.0,&
{'D7'},{'D5'},{'D6'},{'D3'},{'D4'},{'D2'},{'D1'},{'R1'},{'R2'},{'R3'},&,2.0,&
{'D7'},{'D5'},{'D6'},{'D3'},{'D4'},{'R1'},{'D1'},{'D2'},{'R2'},{'R3'},&,1.0,&
{'D7'},{'D5'},{'D6'},{'D3'},{'D4'},{'R1'},{'D1'},{'R2'},{'R3'},{'D2'},&,1.0,&
{'D7'},{'D5'},{'D6'},{'D3'},{'D4'},{'R1'},{'D1'},{'R2'},{'D2'},{'R3'},&,1.0,&
{'D7'},{'D5'},{'D6'},{'D3'},{'D4'},{'R3'},{'D1'},{'D2'},{'R1'},{'R2'},&,1.0,&
{'D7'},{'D5'},{'D6'},{'D3'},{'D4'},{'R3'},{'D1'},{'D2'},{'R2'},{'R1'},&,2.0,&
{'D7'},{'D5'},{'D6'},{'D3'},{'D4'},{'R3'},{'D1'},{'R2'},{'D2'},{'R1'},&,1.0,&
{'D7'},{'D5'},{'D6'},{'D3'},{'D4'},{'R3'},{'D1'},{'R1'},{'R2'},{'D2'},&,1.0,&
{'D7'},{'D5'},{'D6'},{'D3'},{'D2'},{'D4'},{'R2'},{'R1'},{'D1'},{'R3'},&,1.0,&
{'D7'},{'D5'},{'D6'},{'D3'},{'D2'},{'D4'},{'R2'},{'D1'},{'R1'},{'R3'},&,1.0,&
{'D7'},{'D5'},{'D6'},{'D3'},{'D2'},{'D4'},{'D1'},{'R3'},{'R1'},{'R2'},&,1.0,&
{'D7'},{'D5'},{'D6'},{'D3'},{'D2'},{'D4'},{'D1'},{'R3'},{'R2'},{'R1'},&,1.0,&
{'D7'},{'D5'},{'D6'},{'D3'},{'D2'},{'D4'},{'D1'},{'R2'},{'R3'},{'R1'},&,1.0,&
{'D7'},{'D5'},{'D6'},{'D3'},{'D2'},{'D4'},{'D1'},{'R1'},{'R2'},{'R3'},&,2.0,&
{'D7'},{'D5'},{'D6'},{'D3'},{'D2'},{'D1'},{'R3'},{'D4'},{'R1'},{'R2'},&,1.0,&
{'D7'},{'D5'},{'D6'},{'D3'},{'D2'},{'D1'},{'R1'},{'D4'},{'R3'},{'R2'},&,1.0,&
{'D7'},{'D5'},{'D6'},{'D3'},{'D2'},{'D1'},{'D4'},{'R3'},{'R1'},{'R2'},&,1.0,&
{'D7'},{'D5'},{'D6'},{'D3'},{'D2'},{'D1'},{'D4'},{'R3'},{'R2'},{'R1'},&,2.0,&
{'D7'},{'D5'},{'D6'},{'D3'},{'D2'},{'D1'},{'D4'},{'R1'},{'R3'},{'R2'},&,1.0,&
{'D7'},{'D5'},{'D6'},{'D3'},{'D2'},{'D1'},{'D4'},{'R1'},{'R2'},{'R3'},&,1.0,&
{'D7'},{'D5'},{'D6'},{'D3'},{'D2'},{'R2'},{'D4'},{'R3'},{'D1'},{'R1'},&,1.0,&
{'D7'},{'D5'},{'D6'},{'D3'},{'R2'},{'D4'},{'D1'},{'D2'},{'R3'},{'R1'},&,1.0,&
{'D7'},{'D5'},{'D6'},{'D3'},{'R2'},{'D1'},{'D4'},{'D2'},{'R3'},{'R1'},&,1.0,&
{'D7'},{'D5'},{'D6'},{'D2'},{'D3'},{'D4'},{'D1'},{'R2'},{'R3'},{'R1'},&,1.0,&
{'D7'},{'D5'},{'D6'},{'D2'},{'D3'},{'D4'},{'D1'},{'R1'},{'R2'},{'R3'},&,2.0,&
{'D7'},{'D5'},{'D6'},{'D2'},{'D1'},{'D4'},{'D3'},{'R3'},{'R1'},{'R2'},&,1.0,&
{'D7'},{'D5'},{'D6'},{'D2'},{'D1'},{'D3'},{'R1'},{'D4'},{'R2'},{'R3'},&,1.0,&
{'D7'},{'D5'},{'D6'},{'D2'},{'D4'},{'D3'},{'D1'},{'R2'},{'R3'},{'R1'},&,1.0,&
{'D7'},{'D5'},{'D6'},{'D2'},{'D4'},{'D3'},{'D1'},{'R1'},{'R2'},{'R3'},&,1.0,&
{'D7'},{'D5'},{'D1'},{'D4'},{'D3'},{'R2'},{'D6'},{'D2'},{'R1'},{'R3'},&,1.0,&
{'D7'},{'D5'},{'D1'},{'D4'},{'D3'},{'D6'},{'R2'},{'D2'},{'R1'},{'R3'},&,1.0,&
{'D7'},{'D5'},{'D1'},{'D4'},{'D3'},{'D6'},{'D2'},{'R3'},{'R2'},{'R1'},&,2.0,&
{'D7'},{'D5'},{'D1'},{'D4'},{'D3'},{'D6'},{'D2'},{'R2'},{'R3'},{'R1'},&,1.0,&
{'D7'},{'D5'},{'D1'},{'D4'},{'D3'},{'D6'},{'D2'},{'R2'},{'R1'},{'R3'},&,1.0,&
{'D7'},{'D5'},{'D1'},{'D4'},{'D2'},{'D6'},{'R3'},{'D3'},{'R2'},{'R1'},&,1.0,&
{'D7'},{'D5'},{'D1'},{'D4'},{'D6'},{'D3'},{'R2'},{'D2'},{'R1'},{'R3'},&,2.0,&
{'D7'},{'D5'},{'D1'},{'D4'},{'D6'},{'D3'},{'R2'},{'R1'},{'D2'},{'R3'},&,1.0,&
{'D7'},{'D5'},{'D1'},{'D4'},{'D6'},{'D3'},{'D2'},{'R2'},{'R3'},{'R1'},&,1.0,&
{'D7'},{'D5'},{'D1'},{'D4'},{'D6'},{'D3'},{'D2'},{'R2'},{'R1'},{'R3'},&,2.0,&
{'D7'},{'D5'},{'D1'},{'D4'},{'D6'},{'D3'},{'R1'},{'R3'},{'D2'},{'R2'},&,1.0,&
{'D7'},{'D5'},{'D1'},{'D6'},{'D3'},{'D4'},{'R2'},{'D2'},{'R3'},{'R1'},&,2.0,&
{'D7'},{'D5'},{'D1'},{'D6'},{'D3'},{'D4'},{'R2'},{'D2'},{'R1'},{'R3'},&,2.0,&
{'D7'},{'D5'},{'D1'},{'D6'},{'D3'},{'D4'},{'R2'},{'R1'},{'R3'},{'D2'},&,1.0,&
{'D7'},{'D5'},{'D1'},{'D6'},{'D3'},{'D4'},{'R2'},{'R1'},{'D2'},{'R3'},&,2.0,&
{'D7'},{'D5'},{'D1'},{'D6'},{'D3'},{'D4'},{'D2'},{'R3'},{'R1'},{'R2'},&,3.0,&
{'D7'},{'D5'},{'D1'},{'D6'},{'D3'},{'D4'},{'D2'},{'R3'},{'R2'},{'R1'},&,8.0,&
{'D7'},{'D5'},{'D1'},{'D6'},{'D3'},{'D4'},{'D2'},{'R2'},{'R3'},{'R1'},&,4.0,&
{'D7'},{'D5'},{'D1'},{'D6'},{'D3'},{'D4'},{'D2'},{'R2'},{'R1'},{'R3'},&,2.0,&
{'D7'},{'D5'},{'D1'},{'D6'},{'D3'},{'D4'},{'D2'},{'R1'},{'R3'},{'R2'},&,4.0,&
{'D7'},{'D5'},{'D1'},{'D6'},{'D3'},{'D4'},{'D2'},{'R1'},{'R2'},{'R3'},&,4.0,&
{'D7'},{'D5'},{'D1'},{'D6'},{'D3'},{'D4'},{'R3'},{'D2'},{'R2'},{'R1'},&,2.0,&
{'D7'},{'D5'},{'D1'},{'D6'},{'D3'},{'D4'},{'R1'},{'D2'},{'R2'},{'R3'},&,3.0,&
{'D7'},{'D5'},{'D1'},{'D6'},{'D3'},{'R2'},{'D4'},{'D2'},{'R3'},{'R1'},&,1.0,&
{'D7'},{'D5'},{'D1'},{'D6'},{'D3'},{'D2'},{'R3'},{'D4'},{'R2'},{'R1'},&,1.0,&
{'D7'},{'D5'},{'D1'},{'D6'},{'D3'},{'D2'},{'D4'},{'R3'},{'R1'},{'R2'},&,1.0,&
{'D7'},{'D5'},{'D1'},{'D6'},{'D3'},{'R3'},{'D4'},{'R2'},{'D2'},{'R1'},&,1.0,&
{'D7'},{'D5'},{'D1'},{'D6'},{'D4'},{'R2'},{'D3'},{'R1'},{'D2'},{'R3'},&,1.0,&
{'D7'},{'D5'},{'D1'},{'D6'},{'D4'},{'D3'},{'R2'},{'D2'},{'R3'},{'R1'},&,1.0,&
{'D7'},{'D5'},{'D1'},{'D6'},{'D4'},{'D3'},{'D2'},{'R3'},{'R1'},{'R2'},&,1.0,&
{'D7'},{'D5'},{'D1'},{'D6'},{'D4'},{'D3'},{'D2'},{'R3'},{'R2'},{'R1'},&,4.0,&
{'D7'},{'D5'},{'D1'},{'D6'},{'D4'},{'D3'},{'D2'},{'R2'},{'R3'},{'R1'},&,1.0,&
{'D7'},{'D5'},{'D1'},{'D6'},{'D4'},{'D3'},{'D2'},{'R2'},{'R1'},{'R3'},&,2.0,&
{'D7'},{'D5'},{'D1'},{'D6'},{'D4'},{'D3'},{'D2'},{'R1'},{'R2'},{'R3'},&,2.0,&
{'D7'},{'D5'},{'D1'},{'D6'},{'D4'},{'D3'},{'R3'},{'D2'},{'R2'},{'R1'},&,1.0,&
{'D7'},{'D5'},{'D1'},{'D6'},{'D4'},{'D3'},{'R1'},{'R2'},{'D2'},{'R3'},&,1.0,&
{'D7'},{'D5'},{'D1'},{'D6'},{'D4'},{'R3'},{'D3'},{'D2'},{'R1'},{'R2'},&,1.0,&
{'D7'},{'D5'},{'D1'},{'D3'},{'D4'},{'R2'},{'D6'},{'D2'},{'R1'},{'R3'},&,1.0,&
{'D7'},{'D5'},{'D1'},{'D3'},{'D4'},{'D6'},{'D2'},{'R2'},{'R3'},{'R1'},&,2.0,&
{'D7'},{'D5'},{'D1'},{'D3'},{'D4'},{'D6'},{'D2'},{'R1'},{'R2'},{'R3'},&,1.0,&
{'D7'},{'D5'},{'D1'},{'D3'},{'D4'},{'D6'},{'R1'},{'D2'},{'R3'},{'R2'},&,1.0,&
{'D7'},{'D5'},{'D1'},{'D3'},{'D6'},{'D4'},{'R2'},{'D2'},{'R3'},{'R1'},&,1.0,&
{'D7'},{'D5'},{'D1'},{'D3'},{'D6'},{'D4'},{'R2'},{'D2'},{'R1'},{'R3'},&,1.0,&
{'D7'},{'D5'},{'D1'},{'D3'},{'D6'},{'D4'},{'R2'},{'R1'},{'D2'},{'R3'},&,1.0,&
{'D7'},{'D5'},{'D1'},{'D3'},{'D6'},{'D4'},{'D2'},{'R3'},{'R2'},{'R1'},&,5.0,&
{'D7'},{'D5'},{'D1'},{'D3'},{'D6'},{'D4'},{'D2'},{'R2'},{'R3'},{'R1'},&,4.0,&
{'D7'},{'D5'},{'D1'},{'D3'},{'D6'},{'D4'},{'D2'},{'R2'},{'R1'},{'R3'},&,4.0,&
{'D7'},{'D5'},{'D1'},{'D3'},{'D6'},{'D4'},{'D2'},{'R1'},{'R3'},{'R2'},&,1.0,&
{'D7'},{'D5'},{'D1'},{'D3'},{'D6'},{'D4'},{'D2'},{'R1'},{'R2'},{'R3'},&,4.0,&
{'D7'},{'D5'},{'D1'},{'D3'},{'D6'},{'D4'},{'R3'},{'D2'},{'R1'},{'R2'},&,1.0,&
{'D7'},{'D5'},{'D1'},{'D3'},{'D6'},{'D4'},{'R3'},{'R2'},{'D2'},{'R1'},&,1.0,&
{'D7'},{'D5'},{'D1'},{'D3'},{'D6'},{'D4'},{'R1'},{'D2'},{'R3'},{'R2'},&,1.0,&
{'D7'},{'D5'},{'D1'},{'D3'},{'D6'},{'R2'},{'D4'},{'D2'},{'R1'},{'R3'},&,1.0,&
{'D7'},{'D5'},{'D1'},{'D3'},{'D6'},{'D2'},{'D4'},{'R3'},{'R2'},{'R1'},&,1.0,&
{'D7'},{'D5'},{'D1'},{'D3'},{'D6'},{'R1'},{'D4'},{'D2'},{'R2'},{'R3'},&,1.0,&
{'D7'},{'D5'},{'D1'},{'D3'},{'R1'},{'D2'},{'D6'},{'R3'},{'D4'},{'R2'},&,1.0,&
{'D7'},{'D5'},{'D1'},{'D2'},{'D3'},{'D6'},{'D4'},{'R1'},{'R2'},{'R3'},&,1.0,&
{'D7'},{'D5'},{'D1'},{'D2'},{'D6'},{'D3'},{'D4'},{'R3'},{'R2'},{'R1'},&,1.0,&
{'D7'},{'D5'},{'D2'},{'D6'},{'D3'},{'D1'},{'D4'},{'R2'},{'R1'},{'R3'},&,1.0,&
{'D7'},{'D5'},{'D2'},{'D6'},{'D1'},{'D3'},{'R1'},{'D4'},{'R3'},{'R2'},&,1.0,&
{'D7'},{'D5'},{'D2'},{'D3'},{'D6'},{'D4'},{'D1'},{'R3'},{'R2'},{'R1'},&,1.0,&
{'D7'},{'D5'},{'D2'},{'D3'},{'R1'},{'D6'},{'D4'},{'R2'},{'D1'},{'R3'},&,1.0,&
{'D7'},{'D5'},{'R1'},{'D3'},{'D6'},{'D4'},{'D1'},{'D2'},{'R3'},{'R2'},&,1.0,&
{'D7'},{'D5'},{'R2'},{'D6'},{'D3'},{'D1'},{'D4'},{'D2'},{'R3'},{'R1'},&,1.0,&
{'D7'},{'D1'},{'D4'},{'D5'},{'D3'},{'D6'},{'D2'},{'R3'},{'R2'},{'R1'},&,1.0,&
{'D7'},{'D1'},{'D4'},{'D5'},{'D3'},{'D6'},{'D2'},{'R1'},{'R2'},{'R3'},&,1.0,&
{'D7'},{'D1'},{'D4'},{'D5'},{'D3'},{'D6'},{'R1'},{'D2'},{'R2'},{'R3'},&,1.0,&
{'D7'},{'D1'},{'D4'},{'D5'},{'D6'},{'D3'},{'R2'},{'D2'},{'R3'},{'R1'},&,1.0,&
{'D7'},{'D1'},{'D4'},{'D5'},{'D6'},{'D3'},{'D2'},{'R3'},{'R1'},{'R2'},&,1.0,&
{'D7'},{'D1'},{'D4'},{'D5'},{'D6'},{'D3'},{'D2'},{'R3'},{'R2'},{'R1'},&,1.0,&
{'D7'},{'D1'},{'D4'},{'D5'},{'D6'},{'D3'},{'D2'},{'R1'},{'R3'},{'R2'},&,1.0,&
{'D7'},{'D1'},{'D4'},{'D5'},{'D6'},{'D3'},{'D2'},{'R1'},{'R2'},{'R3'},&,2.0,&
{'D7'},{'D1'},{'D4'},{'D5'},{'D6'},{'D3'},{'R3'},{'D2'},{'R2'},{'R1'},&,2.0,&
{'D7'},{'D1'},{'D4'},{'D5'},{'D6'},{'D3'},{'R3'},{'R1'},{'D2'},{'R2'},&,1.0,&
{'D7'},{'D1'},{'D4'},{'D6'},{'D3'},{'D5'},{'R2'},{'D2'},{'R3'},{'R1'},&,5.0,&
{'D7'},{'D1'},{'D4'},{'D6'},{'D3'},{'D5'},{'R2'},{'D2'},{'R1'},{'R3'},&,8.0,&
{'D7'},{'D1'},{'D4'},{'D6'},{'D3'},{'D5'},{'R2'},{'R3'},{'D2'},{'R1'},&,1.0,&
{'D7'},{'D1'},{'D4'},{'D6'},{'D3'},{'D5'},{'R2'},{'R1'},{'D2'},{'R3'},&,2.0,&
{'D7'},{'D1'},{'D4'},{'D6'},{'D3'},{'D5'},{'D2'},{'R3'},{'R1'},{'R2'},&,6.0,&
{'D7'},{'D1'},{'D4'},{'D6'},{'D3'},{'D5'},{'D2'},{'R3'},{'R2'},{'R1'},&,21.0,&
{'D7'},{'D1'},{'D4'},{'D6'},{'D3'},{'D5'},{'D2'},{'R2'},{'R3'},{'R1'},&,23.0,&
{'D7'},{'D1'},{'D4'},{'D6'},{'D3'},{'D5'},{'D2'},{'R2'},{'R1'},{'R3'},&,24.0,&
{'D7'},{'D1'},{'D4'},{'D6'},{'D3'},{'D5'},{'D2'},{'R1'},{'R3'},{'R2'},&,12.0,&
{'D7'},{'D1'},{'D4'},{'D6'},{'D3'},{'D5'},{'D2'},{'R1'},{'R2'},{'R3'},&,15.0,&
{'D7'},{'D1'},{'D4'},{'D6'},{'D3'},{'D5'},{'R3'},{'D2'},{'R2'},{'R1'},&,5.0,&
{'D7'},{'D1'},{'D4'},{'D6'},{'D3'},{'D5'},{'R3'},{'R2'},{'R1'},{'D2'},&,1.0,&
{'D7'},{'D1'},{'D4'},{'D6'},{'D3'},{'D5'},{'R3'},{'R2'},{'D2'},{'R1'},&,3.0,&
{'D7'},{'D1'},{'D4'},{'D6'},{'D3'},{'D5'},{'R1'},{'D2'},{'R3'},{'R2'},&,1.0,&
{'D7'},{'D1'},{'D4'},{'D6'},{'D3'},{'D5'},{'R1'},{'D2'},{'R2'},{'R3'},&,2.0,&
{'D7'},{'D1'},{'D4'},{'D6'},{'D3'},{'D5'},{'R1'},{'R3'},{'D2'},{'R2'},&,1.0,&
{'D7'},{'D1'},{'D4'},{'D6'},{'D3'},{'D5'},{'R1'},{'R2'},{'D2'},{'R3'},&,2.0,&
{'D7'},{'D1'},{'D4'},{'D6'},{'D3'},{'R2'},{'D5'},{'D2'},{'R3'},{'R1'},&,2.0,&
{'D7'},{'D1'},{'D4'},{'D6'},{'D3'},{'R2'},{'D5'},{'D2'},{'R1'},{'R3'},&,2.0,&
{'D7'},{'D1'},{'D4'},{'D6'},{'D3'},{'R2'},{'R1'},{'D5'},{'D2'},{'R3'},&,1.0,&
{'D7'},{'D1'},{'D4'},{'D6'},{'D3'},{'D2'},{'R2'},{'D5'},{'R3'},{'R1'},&,1.0,&
{'D7'},{'D1'},{'D4'},{'D6'},{'D3'},{'D2'},{'R2'},{'D5'},{'R1'},{'R3'},&,1.0,&
{'D7'},{'D1'},{'D4'},{'D6'},{'D3'},{'D2'},{'R3'},{'R2'},{'D5'},{'R1'},&,1.0,&
{'D7'},{'D1'},{'D4'},{'D6'},{'D3'},{'D2'},{'R3'},{'D5'},{'R2'},{'R1'},&,1.0,&
{'D7'},{'D1'},{'D4'},{'D6'},{'D3'},{'D2'},{'D5'},{'R3'},{'R2'},{'R1'},&,2.0,&
{'D7'},{'D1'},{'D4'},{'D6'},{'D3'},{'D2'},{'D5'},{'R2'},{'R3'},{'R1'},&,2.0,&
{'D7'},{'D1'},{'D4'},{'D6'},{'D3'},{'D2'},{'D5'},{'R2'},{'R1'},{'R3'},&,3.0,&
{'D7'},{'D1'},{'D4'},{'D6'},{'D3'},{'D2'},{'D5'},{'R1'},{'R2'},{'R3'},&,4.0,&
{'D7'},{'D1'},{'D4'},{'D6'},{'D3'},{'R3'},{'D5'},{'D2'},{'R1'},{'R2'},&,1.0,&
{'D7'},{'D1'},{'D4'},{'D6'},{'D3'},{'R3'},{'D5'},{'D2'},{'R2'},{'R1'},&,2.0,&
{'D7'},{'D1'},{'D4'},{'D6'},{'D5'},{'R2'},{'D3'},{'R3'},{'D2'},{'R1'},&,1.0,&
{'D7'},{'D1'},{'D4'},{'D6'},{'D5'},{'D3'},{'R2'},{'D2'},{'R3'},{'R1'},&,1.0,&
{'D7'},{'D1'},{'D4'},{'D6'},{'D5'},{'D3'},{'D2'},{'R3'},{'R1'},{'R2'},&,1.0,&
{'D7'},{'D1'},{'D4'},{'D6'},{'D5'},{'D3'},{'D2'},{'R3'},{'R2'},{'R1'},&,6.0,&
{'D7'},{'D1'},{'D4'},{'D6'},{'D5'},{'D3'},{'D2'},{'R2'},{'R3'},{'R1'},&,4.0,&
{'D7'},{'D1'},{'D4'},{'D6'},{'D5'},{'D3'},{'D2'},{'R2'},{'R1'},{'R3'},&,2.0,&
{'D7'},{'D1'},{'D4'},{'D6'},{'D5'},{'D3'},{'D2'},{'R1'},{'R3'},{'R2'},&,2.0,&
{'D7'},{'D1'},{'D4'},{'D6'},{'D5'},{'D3'},{'D2'},{'R1'},{'R2'},{'R3'},&,1.0,&
{'D7'},{'D1'},{'D4'},{'D6'},{'D5'},{'D3'},{'R3'},{'D2'},{'R1'},{'R2'},&,1.0,&
{'D7'},{'D1'},{'D4'},{'D6'},{'D5'},{'D3'},{'R3'},{'D2'},{'R2'},{'R1'},&,1.0,&
{'D7'},{'D1'},{'D4'},{'D6'},{'D5'},{'R1'},{'R2'},{'D3'},{'D2'},{'R3'},&,1.0,&
{'D7'},{'D1'},{'D4'},{'D6'},{'D2'},{'D3'},{'D5'},{'R2'},{'R3'},{'R1'},&,1.0,&
{'D7'},{'D1'},{'D4'},{'D6'},{'D2'},{'D3'},{'R1'},{'D5'},{'R3'},{'R2'},&,1.0,&
{'D7'},{'D1'},{'D4'},{'D6'},{'R1'},{'D3'},{'D2'},{'R2'},{'D5'},{'R3'},&,1.0,&
{'D7'},{'D1'},{'D4'},{'D6'},{'R2'},{'D3'},{'D5'},{'D2'},{'R1'},{'R3'},&,1.0,&
{'D7'},{'D1'},{'D4'},{'D6'},{'R3'},{'D3'},{'R2'},{'D5'},{'D2'},{'R1'},&,1.0,&
{'D7'},{'D1'},{'D4'},{'D6'},{'R3'},{'D3'},{'D5'},{'D2'},{'R2'},{'R1'},&,1.0,&
{'D7'},{'D1'},{'D4'},{'D3'},{'D5'},{'D6'},{'D2'},{'R3'},{'R1'},{'R2'},&,1.0,&
{'D7'},{'D1'},{'D4'},{'D3'},{'D5'},{'D6'},{'D2'},{'R2'},{'R1'},{'R3'},&,3.0,&
{'D7'},{'D1'},{'D4'},{'D3'},{'D5'},{'D6'},{'D2'},{'R1'},{'R3'},{'R2'},&,2.0,&
{'D7'},{'D1'},{'D4'},{'D3'},{'D5'},{'D6'},{'R3'},{'D2'},{'R1'},{'R2'},&,1.0,&
{'D7'},{'D1'},{'D4'},{'D3'},{'D2'},{'D5'},{'R1'},{'D6'},{'R2'},{'R3'},&,1.0,&
{'D7'},{'D1'},{'D4'},{'D3'},{'D6'},{'D5'},{'R2'},{'D2'},{'R3'},{'R1'},&,3.0,&
{'D7'},{'D1'},{'D4'},{'D3'},{'D6'},{'D5'},{'R2'},{'D2'},{'R1'},{'R3'},&,4.0,&
{'D7'},{'D1'},{'D4'},{'D3'},{'D6'},{'D5'},{'R2'},{'R1'},{'D2'},{'R3'},&,1.0,&
{'D7'},{'D1'},{'D4'},{'D3'},{'D6'},{'D5'},{'D2'},{'R3'},{'R1'},{'R2'},&,8.0,&
{'D7'},{'D1'},{'D4'},{'D3'},{'D6'},{'D5'},{'D2'},{'R3'},{'R2'},{'R1'},&,11.0,&
{'D7'},{'D1'},{'D4'},{'D3'},{'D6'},{'D5'},{'D2'},{'R2'},{'R3'},{'R1'},&,12.0,&
{'D7'},{'D1'},{'D4'},{'D3'},{'D6'},{'D5'},{'D2'},{'R2'},{'R1'},{'R3'},&,9.0,&
{'D7'},{'D1'},{'D4'},{'D3'},{'D6'},{'D5'},{'D2'},{'R1'},{'R3'},{'R2'},&,5.0,&
{'D7'},{'D1'},{'D4'},{'D3'},{'D6'},{'D5'},{'D2'},{'R1'},{'R2'},{'R3'},&,4.0,&
{'D7'},{'D1'},{'D4'},{'D3'},{'D6'},{'D5'},{'R3'},{'D2'},{'R2'},{'R1'},&,1.0,&
{'D7'},{'D1'},{'D4'},{'D3'},{'D6'},{'D5'},{'R3'},{'R2'},{'D2'},{'R1'},&,1.0,&
{'D7'},{'D1'},{'D4'},{'D3'},{'D6'},{'D5'},{'R3'},{'R1'},{'R2'},{'D2'},&,1.0,&
{'D7'},{'D1'},{'D4'},{'D3'},{'D6'},{'D5'},{'R1'},{'D2'},{'R2'},{'R3'},&,1.0,&
{'D7'},{'D1'},{'D4'},{'D3'},{'D6'},{'D5'},{'R1'},{'R3'},{'D2'},{'R2'},&,1.0,&
{'D7'},{'D1'},{'D4'},{'D3'},{'D6'},{'D5'},{'R1'},{'R2'},{'D2'},{'R3'},&,2.0,&
{'D7'},{'D1'},{'D4'},{'D3'},{'D6'},{'R2'},{'D5'},{'D2'},{'R3'},{'R1'},&,1.0,&
{'D7'},{'D1'},{'D4'},{'D3'},{'D6'},{'D2'},{'R3'},{'R1'},{'D5'},{'R2'},&,1.0,&
{'D7'},{'D1'},{'D4'},{'D3'},{'D6'},{'D2'},{'R3'},{'D5'},{'R1'},{'R2'},&,1.0,&
{'D7'},{'D1'},{'D4'},{'D3'},{'D6'},{'D2'},{'D5'},{'R3'},{'R2'},{'R1'},&,1.0,&
{'D7'},{'D1'},{'D4'},{'D3'},{'D6'},{'D2'},{'D5'},{'R2'},{'R3'},{'R1'},&,1.0,&
{'D7'},{'D1'},{'D4'},{'D3'},{'D6'},{'D2'},{'D5'},{'R1'},{'R2'},{'R3'},&,1.0,&
{'D7'},{'D1'},{'D4'},{'D3'},{'D6'},{'R1'},{'D5'},{'D2'},{'R2'},{'R3'},&,1.0,&
{'D7'},{'D1'},{'D4'},{'D3'},{'R3'},{'D6'},{'D5'},{'D2'},{'R1'},{'R2'},&,1.0,&
{'D7'},{'D1'},{'D4'},{'D2'},{'D3'},{'D6'},{'D5'},{'R2'},{'R1'},{'R3'},&,1.0,&
{'D7'},{'D1'},{'D4'},{'R1'},{'D5'},{'D3'},{'D6'},{'D2'},{'R3'},{'R2'},&,1.0,&
{'D7'},{'D1'},{'D3'},{'D5'},{'D4'},{'D6'},{'R2'},{'R3'},{'D2'},{'R1'},&,1.0,&
{'D7'},{'D1'},{'D3'},{'D5'},{'D4'},{'D6'},{'D2'},{'R2'},{'R3'},{'R1'},&,2.0,&
{'D7'},{'D1'},{'D3'},{'D5'},{'D4'},{'D6'},{'D2'},{'R1'},{'R2'},{'R3'},&,1.0,&
{'D7'},{'D1'},{'D3'},{'D5'},{'D6'},{'D4'},{'R2'},{'R3'},{'D2'},{'R1'},&,1.0,&
{'D7'},{'D1'},{'D3'},{'D5'},{'D6'},{'D4'},{'D2'},{'R3'},{'R1'},{'R2'},&,4.0,&
{'D7'},{'D1'},{'D3'},{'D5'},{'D6'},{'D4'},{'D2'},{'R3'},{'R2'},{'R1'},&,7.0,&
{'D7'},{'D1'},{'D3'},{'D5'},{'D6'},{'D4'},{'D2'},{'R2'},{'R3'},{'R1'},&,5.0,&
{'D7'},{'D1'},{'D3'},{'D5'},{'D6'},{'D4'},{'D2'},{'R2'},{'R1'},{'R3'},&,8.0,&
{'D7'},{'D1'},{'D3'},{'D5'},{'D6'},{'D4'},{'D2'},{'R1'},{'R3'},{'R2'},&,1.0,&
{'D7'},{'D1'},{'D3'},{'D5'},{'D6'},{'D4'},{'D2'},{'R1'},{'R2'},{'R3'},&,1.0,&
{'D7'},{'D1'},{'D3'},{'D5'},{'D6'},{'D4'},{'R3'},{'D2'},{'R2'},{'R1'},&,1.0,&
{'D7'},{'D1'},{'D3'},{'D5'},{'D6'},{'D4'},{'R3'},{'R1'},{'D2'},{'R2'},&,1.0,&
{'D7'},{'D1'},{'D3'},{'D5'},{'D6'},{'D4'},{'R1'},{'D2'},{'R2'},{'R3'},&,1.0,&
{'D7'},{'D1'},{'D3'},{'D5'},{'D6'},{'D4'},{'R1'},{'R3'},{'R2'},{'D2'},&,1.0,&
{'D7'},{'D1'},{'D3'},{'D5'},{'D6'},{'R2'},{'D4'},{'D2'},{'R3'},{'R1'},&,1.0,&
{'D7'},{'D1'},{'D3'},{'D5'},{'D6'},{'D2'},{'D4'},{'R1'},{'R3'},{'R2'},&,1.0,&
{'D7'},{'D1'},{'D3'},{'D5'},{'D6'},{'D2'},{'D4'},{'R1'},{'R2'},{'R3'},&,1.0,&
{'D7'},{'D1'},{'D3'},{'D5'},{'D6'},{'R3'},{'D4'},{'D2'},{'R2'},{'R1'},&,1.0,&
{'D7'},{'D1'},{'D3'},{'D4'},{'D5'},{'R3'},{'D6'},{'D2'},{'R2'},{'R1'},&,1.0,&
{'D7'},{'D1'},{'D3'},{'D4'},{'D5'},{'D6'},{'R2'},{'D2'},{'R3'},{'R1'},&,2.0,&
{'D7'},{'D1'},{'D3'},{'D4'},{'D5'},{'D6'},{'D2'},{'R2'},{'R3'},{'R1'},&,3.0,&
{'D7'},{'D1'},{'D3'},{'D4'},{'D5'},{'D6'},{'D2'},{'R1'},{'R2'},{'R3'},&,1.0,&
{'D7'},{'D1'},{'D3'},{'D4'},{'D5'},{'D6'},{'R1'},{'R2'},{'R3'},{'D2'},&,1.0,&
{'D7'},{'D1'},{'D3'},{'D4'},{'D6'},{'D5'},{'R2'},{'D2'},{'R3'},{'R1'},&,2.0,&
{'D7'},{'D1'},{'D3'},{'D4'},{'D6'},{'D5'},{'R2'},{'D2'},{'R1'},{'R3'},&,4.0,&
{'D7'},{'D1'},{'D3'},{'D4'},{'D6'},{'D5'},{'R2'},{'R3'},{'D2'},{'R1'},&,1.0,&
{'D7'},{'D1'},{'D3'},{'D4'},{'D6'},{'D5'},{'R2'},{'R1'},{'R3'},{'D2'},&,1.0,&
{'D7'},{'D1'},{'D3'},{'D4'},{'D6'},{'D5'},{'R2'},{'R1'},{'D2'},{'R3'},&,1.0,&
{'D7'},{'D1'},{'D3'},{'D4'},{'D6'},{'D5'},{'D2'},{'R3'},{'R1'},{'R2'},&,7.0,&
{'D7'},{'D1'},{'D3'},{'D4'},{'D6'},{'D5'},{'D2'},{'R3'},{'R2'},{'R1'},&,13.0,&
{'D7'},{'D1'},{'D3'},{'D4'},{'D6'},{'D5'},{'D2'},{'R2'},{'R3'},{'R1'},&,12.0,&
{'D7'},{'D1'},{'D3'},{'D4'},{'D6'},{'D5'},{'D2'},{'R2'},{'R1'},{'R3'},&,11.0,&
{'D7'},{'D1'},{'D3'},{'D4'},{'D6'},{'D5'},{'D2'},{'R1'},{'R3'},{'R2'},&,3.0,&
{'D7'},{'D1'},{'D3'},{'D4'},{'D6'},{'D5'},{'D2'},{'R1'},{'R2'},{'R3'},&,5.0,&
{'D7'},{'D1'},{'D3'},{'D4'},{'D6'},{'D5'},{'R3'},{'D2'},{'R1'},{'R2'},&,1.0,&
{'D7'},{'D1'},{'D3'},{'D4'},{'D6'},{'D5'},{'R3'},{'D2'},{'R2'},{'R1'},&,2.0,&
{'D7'},{'D1'},{'D3'},{'D4'},{'D6'},{'D5'},{'R3'},{'R2'},{'D2'},{'R1'},&,2.0,&
{'D7'},{'D1'},{'D3'},{'D4'},{'D6'},{'D5'},{'R1'},{'D2'},{'R3'},{'R2'},&,3.0,&
{'D7'},{'D1'},{'D3'},{'D4'},{'D6'},{'D5'},{'R1'},{'D2'},{'R2'},{'R3'},&,2.0,&
{'D7'},{'D1'},{'D3'},{'D4'},{'D6'},{'D5'},{'R1'},{'R3'},{'R2'},{'D2'},&,1.0,&
{'D7'},{'D1'},{'D3'},{'D4'},{'D6'},{'D5'},{'R1'},{'R2'},{'R3'},{'D2'},&,1.0,&
{'D7'},{'D1'},{'D3'},{'D4'},{'D6'},{'D2'},{'R2'},{'D5'},{'R3'},{'R1'},&,1.0,&
{'D7'},{'D1'},{'D3'},{'D4'},{'D6'},{'D2'},{'R2'},{'D5'},{'R1'},{'R3'},&,1.0,&
{'D7'},{'D1'},{'D3'},{'D4'},{'D6'},{'D2'},{'R3'},{'D5'},{'R2'},{'R1'},&,1.0,&
{'D7'},{'D1'},{'D3'},{'D4'},{'D6'},{'D2'},{'D5'},{'R3'},{'R2'},{'R1'},&,1.0,&
{'D7'},{'D1'},{'D3'},{'D4'},{'D6'},{'D2'},{'D5'},{'R2'},{'R3'},{'R1'},&,2.0,&
{'D7'},{'D1'},{'D3'},{'D4'},{'D6'},{'D2'},{'D5'},{'R2'},{'R1'},{'R3'},&,5.0,&
{'D7'},{'D1'},{'D3'},{'D4'},{'D6'},{'D2'},{'D5'},{'R1'},{'R2'},{'R3'},&,1.0,&
{'D7'},{'D1'},{'D3'},{'D4'},{'D6'},{'R3'},{'D5'},{'D2'},{'R1'},{'R2'},&,1.0,&
{'D7'},{'D1'},{'D3'},{'D6'},{'D5'},{'D4'},{'R2'},{'D2'},{'R3'},{'R1'},&,5.0,&
{'D7'},{'D1'},{'D3'},{'D6'},{'D5'},{'D4'},{'R2'},{'D2'},{'R1'},{'R3'},&,7.0,&
{'D7'},{'D1'},{'D3'},{'D6'},{'D5'},{'D4'},{'R2'},{'R1'},{'D2'},{'R3'},&,2.0,&
{'D7'},{'D1'},{'D3'},{'D6'},{'D5'},{'D4'},{'D2'},{'R3'},{'R1'},{'R2'},&,8.0,&
{'D7'},{'D1'},{'D3'},{'D6'},{'D5'},{'D4'},{'D2'},{'R3'},{'R2'},{'R1'},&,15.0,&
{'D7'},{'D1'},{'D3'},{'D6'},{'D5'},{'D4'},{'D2'},{'R2'},{'R3'},{'R1'},&,21.0,&
{'D7'},{'D1'},{'D3'},{'D6'},{'D5'},{'D4'},{'D2'},{'R2'},{'R1'},{'R3'},&,21.0,&
{'D7'},{'D1'},{'D3'},{'D6'},{'D5'},{'D4'},{'D2'},{'R1'},{'R3'},{'R2'},&,5.0,&
{'D7'},{'D1'},{'D3'},{'D6'},{'D5'},{'D4'},{'D2'},{'R1'},{'R2'},{'R3'},&,16.0,&
{'D7'},{'D1'},{'D3'},{'D6'},{'D5'},{'D4'},{'R3'},{'D2'},{'R1'},{'R2'},&,3.0,&
{'D7'},{'D1'},{'D3'},{'D6'},{'D5'},{'D4'},{'R3'},{'D2'},{'R2'},{'R1'},&,3.0,&
{'D7'},{'D1'},{'D3'},{'D6'},{'D5'},{'D4'},{'R1'},{'D2'},{'R3'},{'R2'},&,2.0,&
{'D7'},{'D1'},{'D3'},{'D6'},{'D5'},{'D4'},{'R1'},{'D2'},{'R2'},{'R3'},&,2.0,&
{'D7'},{'D1'},{'D3'},{'D6'},{'D5'},{'D4'},{'R1'},{'R3'},{'D2'},{'R2'},&,2.0,&
{'D7'},{'D1'},{'D3'},{'D6'},{'D5'},{'D4'},{'R1'},{'R2'},{'D2'},{'R3'},&,2.0,&
{'D7'},{'D1'},{'D3'},{'D6'},{'D5'},{'R2'},{'R3'},{'D2'},{'R1'},{'D4'},&,1.0,&
{'D7'},{'D1'},{'D3'},{'D6'},{'D5'},{'R2'},{'D4'},{'D2'},{'R3'},{'R1'},&,1.0,&
{'D7'},{'D1'},{'D3'},{'D6'},{'D5'},{'R2'},{'D4'},{'D2'},{'R1'},{'R3'},&,2.0,&
{'D7'},{'D1'},{'D3'},{'D6'},{'D5'},{'D2'},{'R2'},{'D4'},{'R3'},{'R1'},&,1.0,&
{'D7'},{'D1'},{'D3'},{'D6'},{'D5'},{'D2'},{'D4'},{'R2'},{'R3'},{'R1'},&,1.0,&
{'D7'},{'D1'},{'D3'},{'D6'},{'D5'},{'D2'},{'D4'},{'R2'},{'R1'},{'R3'},&,1.0,&
{'D7'},{'D1'},{'D3'},{'D6'},{'D5'},{'D2'},{'D4'},{'R1'},{'R3'},{'R2'},&,1.0,&
{'D7'},{'D1'},{'D3'},{'D6'},{'D5'},{'R1'},{'D4'},{'D2'},{'R2'},{'R3'},&,2.0,&
{'D7'},{'D1'},{'D3'},{'D6'},{'D5'},{'R1'},{'D4'},{'R2'},{'D2'},{'R3'},&,1.0,&
{'D7'},{'D1'},{'D3'},{'D6'},{'D4'},{'D5'},{'R2'},{'D2'},{'R3'},{'R1'},&,20.0,&
{'D7'},{'D1'},{'D3'},{'D6'},{'D4'},{'D5'},{'R2'},{'D2'},{'R1'},{'R3'},&,14.0,&
{'D7'},{'D1'},{'D3'},{'D6'},{'D4'},{'D5'},{'R2'},{'R3'},{'D2'},{'R1'},&,3.0,&
{'D7'},{'D1'},{'D3'},{'D6'},{'D4'},{'D5'},{'R2'},{'R1'},{'D2'},{'R3'},&,4.0,&
{'D7'},{'D1'},{'D3'},{'D6'},{'D4'},{'D5'},{'D2'},{'R3'},{'R1'},{'R2'},&,20.0,&
{'D7'},{'D1'},{'D3'},{'D6'},{'D4'},{'D5'},{'D2'},{'R3'},{'R2'},{'R1'},&,45.0,&
{'D7'},{'D1'},{'D3'},{'D6'},{'D4'},{'D5'},{'D2'},{'R2'},{'R3'},{'R1'},&,53.0,&
{'D7'},{'D1'},{'D3'},{'D6'},{'D4'},{'D5'},{'D2'},{'R2'},{'R1'},{'R3'},&,42.0,&
{'D7'},{'D1'},{'D3'},{'D6'},{'D4'},{'D5'},{'D2'},{'R1'},{'R3'},{'R2'},&,21.0,&
{'D7'},{'D1'},{'D3'},{'D6'},{'D4'},{'D5'},{'D2'},{'R1'},{'R2'},{'R3'},&,43.0,&
{'D7'},{'D1'},{'D3'},{'D6'},{'D4'},{'D5'},{'R3'},{'D2'},{'R1'},{'R2'},&,6.0,&
{'D7'},{'D1'},{'D3'},{'D6'},{'D4'},{'D5'},{'R3'},{'D2'},{'R2'},{'R1'},&,15.0,&
{'D7'},{'D1'},{'D3'},{'D6'},{'D4'},{'D5'},{'R3'},{'R2'},{'R1'},{'D2'},&,1.0,&
{'D7'},{'D1'},{'D3'},{'D6'},{'D4'},{'D5'},{'R3'},{'R2'},{'D2'},{'R1'},&,3.0,&
{'D7'},{'D1'},{'D3'},{'D6'},{'D4'},{'D5'},{'R3'},{'R1'},{'D2'},{'R2'},&,2.0,&
{'D7'},{'D1'},{'D3'},{'D6'},{'D4'},{'D5'},{'R1'},{'D2'},{'R3'},{'R2'},&,6.0,&
{'D7'},{'D1'},{'D3'},{'D6'},{'D4'},{'D5'},{'R1'},{'D2'},{'R2'},{'R3'},&,6.0,&
{'D7'},{'D1'},{'D3'},{'D6'},{'D4'},{'D5'},{'R1'},{'R2'},{'D2'},{'R3'},&,3.0,&
{'D7'},{'D1'},{'D3'},{'D6'},{'D4'},{'R2'},{'D2'},{'D5'},{'R1'},{'R3'},&,2.0,&
{'D7'},{'D1'},{'D3'},{'D6'},{'D4'},{'R2'},{'D5'},{'D2'},{'R3'},{'R1'},&,1.0,&
{'D7'},{'D1'},{'D3'},{'D6'},{'D4'},{'R2'},{'D5'},{'D2'},{'R1'},{'R3'},&,5.0,&
{'D7'},{'D1'},{'D3'},{'D6'},{'D4'},{'R2'},{'D5'},{'R1'},{'R3'},{'D2'},&,1.0,&
{'D7'},{'D1'},{'D3'},{'D6'},{'D4'},{'D2'},{'R2'},{'R3'},{'D5'},{'R1'},&,1.0,&
{'D7'},{'D1'},{'D3'},{'D6'},{'D4'},{'D2'},{'R2'},{'D5'},{'R3'},{'R1'},&,3.0,&
{'D7'},{'D1'},{'D3'},{'D6'},{'D4'},{'D2'},{'R2'},{'D5'},{'R1'},{'R3'},&,2.0,&
{'D7'},{'D1'},{'D3'},{'D6'},{'D4'},{'D2'},{'R3'},{'D5'},{'R1'},{'R2'},&,1.0,&
{'D7'},{'D1'},{'D3'},{'D6'},{'D4'},{'D2'},{'R3'},{'D5'},{'R2'},{'R1'},&,1.0,&
{'D7'},{'D1'},{'D3'},{'D6'},{'D4'},{'D2'},{'D5'},{'R3'},{'R1'},{'R2'},&,2.0,&
{'D7'},{'D1'},{'D3'},{'D6'},{'D4'},{'D2'},{'D5'},{'R3'},{'R2'},{'R1'},&,7.0,&
{'D7'},{'D1'},{'D3'},{'D6'},{'D4'},{'D2'},{'D5'},{'R2'},{'R3'},{'R1'},&,4.0,&
{'D7'},{'D1'},{'D3'},{'D6'},{'D4'},{'D2'},{'D5'},{'R2'},{'R1'},{'R3'},&,5.0,&
{'D7'},{'D1'},{'D3'},{'D6'},{'D4'},{'D2'},{'D5'},{'R1'},{'R3'},{'R2'},&,3.0,&
{'D7'},{'D1'},{'D3'},{'D6'},{'D4'},{'D2'},{'D5'},{'R1'},{'R2'},{'R3'},&,1.0,&
{'D7'},{'D1'},{'D3'},{'D6'},{'D4'},{'D2'},{'R1'},{'D5'},{'R2'},{'R3'},&,1.0,&
{'D7'},{'D1'},{'D3'},{'D6'},{'D4'},{'R1'},{'D2'},{'D5'},{'R2'},{'R3'},&,1.0,&
{'D7'},{'D1'},{'D3'},{'D6'},{'D4'},{'R1'},{'D5'},{'D2'},{'R3'},{'R2'},&,2.0,&
{'D7'},{'D1'},{'D3'},{'D6'},{'D4'},{'R1'},{'D5'},{'D2'},{'R2'},{'R3'},&,2.0,&
{'D7'},{'D1'},{'D3'},{'D6'},{'D4'},{'R1'},{'D5'},{'R3'},{'R2'},{'D2'},&,1.0,&
{'D7'},{'D1'},{'D3'},{'D6'},{'D4'},{'R3'},{'D5'},{'D2'},{'R1'},{'R2'},&,2.0,&
{'D7'},{'D1'},{'D3'},{'D6'},{'D4'},{'R3'},{'D5'},{'D2'},{'R2'},{'R1'},&,2.0,&
{'D7'},{'D1'},{'D3'},{'D6'},{'D4'},{'R3'},{'D5'},{'R2'},{'R1'},{'D2'},&,2.0,&
{'D7'},{'D1'},{'D3'},{'D6'},{'D2'},{'D5'},{'D4'},{'R3'},{'R1'},{'R2'},&,1.0,&
{'D7'},{'D1'},{'D3'},{'D6'},{'D2'},{'D5'},{'D4'},{'R1'},{'R2'},{'R3'},&,1.0,&
{'D7'},{'D1'},{'D3'},{'D6'},{'D2'},{'D4'},{'R2'},{'R3'},{'R1'},{'D5'},&,1.0,&
{'D7'},{'D1'},{'D3'},{'D6'},{'D2'},{'D4'},{'R3'},{'D5'},{'R2'},{'R1'},&,1.0,&
{'D7'},{'D1'},{'D3'},{'D6'},{'D2'},{'D4'},{'D5'},{'R3'},{'R2'},{'R1'},&,2.0,&
{'D7'},{'D1'},{'D3'},{'D6'},{'D2'},{'D4'},{'D5'},{'R2'},{'R3'},{'R1'},&,3.0,&
{'D7'},{'D1'},{'D3'},{'D6'},{'D2'},{'D4'},{'D5'},{'R2'},{'R1'},{'R3'},&,2.0,&
{'D7'},{'D1'},{'D3'},{'D6'},{'D2'},{'D4'},{'D5'},{'R1'},{'R2'},{'R3'},&,1.0,&
{'D7'},{'D1'},{'D3'},{'D6'},{'R1'},{'D5'},{'D4'},{'D2'},{'R2'},{'R3'},&,2.0,&
{'D7'},{'D1'},{'D3'},{'D6'},{'R2'},{'D5'},{'D4'},{'D2'},{'R1'},{'R3'},&,1.0,&
{'D7'},{'D1'},{'D3'},{'D6'},{'R2'},{'D4'},{'D5'},{'D2'},{'R3'},{'R1'},&,1.0,&
{'D7'},{'D1'},{'D3'},{'D6'},{'R2'},{'D4'},{'D5'},{'D2'},{'R1'},{'R3'},&,1.0,&
{'D7'},{'D1'},{'D3'},{'D6'},{'R2'},{'D4'},{'D5'},{'R3'},{'D2'},{'R1'},&,1.0,&
{'D7'},{'D1'},{'D3'},{'D6'},{'R3'},{'D5'},{'D4'},{'D2'},{'R1'},{'R2'},&,1.0,&
{'D7'},{'D1'},{'D3'},{'D2'},{'D6'},{'D5'},{'D4'},{'R2'},{'R3'},{'R1'},&,1.0,&
{'D7'},{'D1'},{'D3'},{'D2'},{'D6'},{'D4'},{'D5'},{'R1'},{'R2'},{'R3'},&,1.0,&
{'D7'},{'D1'},{'D3'},{'R1'},{'D6'},{'D4'},{'D5'},{'D2'},{'R2'},{'R3'},&,1.0,&
{'D7'},{'D1'},{'D5'},{'D4'},{'D3'},{'D6'},{'D2'},{'R3'},{'R2'},{'R1'},&,2.0,&
{'D7'},{'D1'},{'D5'},{'D4'},{'D3'},{'D6'},{'D2'},{'R2'},{'R3'},{'R1'},&,1.0,&
{'D7'},{'D1'},{'D5'},{'D4'},{'D2'},{'D6'},{'D3'},{'R3'},{'R2'},{'R1'},&,1.0,&
{'D7'},{'D1'},{'D5'},{'D4'},{'D6'},{'D3'},{'D2'},{'R3'},{'R1'},{'R2'},&,1.0,&
{'D7'},{'D1'},{'D5'},{'D4'},{'D6'},{'D3'},{'D2'},{'R3'},{'R2'},{'R1'},&,1.0,&
{'D7'},{'D1'},{'D5'},{'D4'},{'D6'},{'D3'},{'D2'},{'R2'},{'R1'},{'R3'},&,2.0,&
{'D7'},{'D1'},{'D5'},{'D4'},{'D6'},{'D3'},{'D2'},{'R1'},{'R2'},{'R3'},&,1.0,&
{'D7'},{'D1'},{'D5'},{'D4'},{'D6'},{'D3'},{'R3'},{'D2'},{'R1'},{'R2'},&,1.0,&
{'D7'},{'D1'},{'D5'},{'D6'},{'D3'},{'D4'},{'R2'},{'R1'},{'D2'},{'R3'},&,1.0,&
{'D7'},{'D1'},{'D5'},{'D6'},{'D3'},{'D4'},{'D2'},{'R3'},{'R1'},{'R2'},&,3.0,&
{'D7'},{'D1'},{'D5'},{'D6'},{'D3'},{'D4'},{'D2'},{'R3'},{'R2'},{'R1'},&,11.0,&
{'D7'},{'D1'},{'D5'},{'D6'},{'D3'},{'D4'},{'D2'},{'R2'},{'R3'},{'R1'},&,8.0,&
{'D7'},{'D1'},{'D5'},{'D6'},{'D3'},{'D4'},{'D2'},{'R2'},{'R1'},{'R3'},&,3.0,&
{'D7'},{'D1'},{'D5'},{'D6'},{'D3'},{'D4'},{'D2'},{'R1'},{'R3'},{'R2'},&,3.0,&
{'D7'},{'D1'},{'D5'},{'D6'},{'D3'},{'D4'},{'D2'},{'R1'},{'R2'},{'R3'},&,4.0,&
{'D7'},{'D1'},{'D5'},{'D6'},{'D3'},{'D4'},{'R3'},{'D2'},{'R1'},{'R2'},&,1.0,&
{'D7'},{'D1'},{'D5'},{'D6'},{'D3'},{'R2'},{'D2'},{'D4'},{'R3'},{'R1'},&,1.0,&
{'D7'},{'D1'},{'D5'},{'D6'},{'D3'},{'R2'},{'D4'},{'D2'},{'R3'},{'R1'},&,1.0,&
{'D7'},{'D1'},{'D5'},{'D6'},{'D3'},{'D2'},{'D4'},{'R1'},{'R2'},{'R3'},&,1.0,&
{'D7'},{'D1'},{'D5'},{'D6'},{'D3'},{'R3'},{'D4'},{'D2'},{'R1'},{'R2'},&,1.0,&
{'D7'},{'D1'},{'D5'},{'D6'},{'D4'},{'D3'},{'D2'},{'R3'},{'R2'},{'R1'},&,3.0,&
{'D7'},{'D1'},{'D5'},{'D6'},{'D4'},{'D3'},{'D2'},{'R2'},{'R3'},{'R1'},&,1.0,&
{'D7'},{'D1'},{'D5'},{'D6'},{'D4'},{'D3'},{'D2'},{'R2'},{'R1'},{'R3'},&,5.0,&
{'D7'},{'D1'},{'D5'},{'D6'},{'D4'},{'D3'},{'D2'},{'R1'},{'R3'},{'R2'},&,2.0,&
{'D7'},{'D1'},{'D5'},{'D6'},{'D4'},{'D3'},{'D2'},{'R1'},{'R2'},{'R3'},&,2.0,&
{'D7'},{'D1'},{'D5'},{'D6'},{'D4'},{'D3'},{'R1'},{'D2'},{'R3'},{'R2'},&,1.0,&
{'D7'},{'D1'},{'D5'},{'D6'},{'D4'},{'D3'},{'R1'},{'D2'},{'R2'},{'R3'},&,1.0,&
{'D7'},{'D1'},{'D5'},{'D6'},{'R1'},{'D3'},{'D4'},{'D2'},{'R3'},{'R2'},&,1.0,&
{'D7'},{'D1'},{'D5'},{'D3'},{'D4'},{'D2'},{'R1'},{'R3'},{'D6'},{'R2'},&,1.0,&
{'D7'},{'D1'},{'D5'},{'D3'},{'D4'},{'D6'},{'D2'},{'R3'},{'R1'},{'R2'},&,1.0,&
{'D7'},{'D1'},{'D5'},{'D3'},{'D4'},{'D6'},{'D2'},{'R2'},{'R3'},{'R1'},&,1.0,&
{'D7'},{'D1'},{'D5'},{'D3'},{'D4'},{'D6'},{'D2'},{'R2'},{'R1'},{'R3'},&,2.0,&
{'D7'},{'D1'},{'D5'},{'D3'},{'D4'},{'D6'},{'R1'},{'D2'},{'R3'},{'R2'},&,1.0,&
{'D7'},{'D1'},{'D5'},{'D3'},{'D6'},{'D4'},{'R2'},{'D2'},{'R3'},{'R1'},&,2.0,&
{'D7'},{'D1'},{'D5'},{'D3'},{'D6'},{'D4'},{'D2'},{'R3'},{'R1'},{'R2'},&,1.0,&
{'D7'},{'D1'},{'D5'},{'D3'},{'D6'},{'D4'},{'D2'},{'R2'},{'R3'},{'R1'},&,2.0,&
{'D7'},{'D1'},{'D5'},{'D3'},{'D6'},{'D4'},{'D2'},{'R2'},{'R1'},{'R3'},&,2.0,&
{'D7'},{'D1'},{'D5'},{'D3'},{'D6'},{'D4'},{'D2'},{'R1'},{'R3'},{'R2'},&,4.0,&
{'D7'},{'D1'},{'D5'},{'D3'},{'D6'},{'D4'},{'D2'},{'R1'},{'R2'},{'R3'},&,3.0,&
{'D7'},{'D1'},{'D5'},{'D3'},{'D6'},{'D4'},{'R3'},{'D2'},{'R2'},{'R1'},&,1.0,&
{'D7'},{'D1'},{'D5'},{'D3'},{'D6'},{'D4'},{'R3'},{'R2'},{'D2'},{'R1'},&,1.0,&
{'D7'},{'D1'},{'D5'},{'D3'},{'D6'},{'D4'},{'R1'},{'D2'},{'R3'},{'R2'},&,1.0,&
{'D7'},{'D1'},{'D5'},{'D3'},{'D6'},{'D2'},{'R1'},{'R2'},{'D4'},{'R3'},&,1.0,&
{'D7'},{'D1'},{'D5'},{'D3'},{'D6'},{'D2'},{'D4'},{'R1'},{'R2'},{'R3'},&,1.0,&
{'D7'},{'D1'},{'D5'},{'D3'},{'R2'},{'D6'},{'D4'},{'R3'},{'D2'},{'R1'},&,1.0,&
{'D7'},{'D1'},{'D6'},{'D5'},{'D3'},{'D4'},{'R2'},{'D2'},{'R3'},{'R1'},&,7.0,&
{'D7'},{'D1'},{'D6'},{'D5'},{'D3'},{'D4'},{'R2'},{'D2'},{'R1'},{'R3'},&,1.0,&
{'D7'},{'D1'},{'D6'},{'D5'},{'D3'},{'D4'},{'R2'},{'R3'},{'R1'},{'D2'},&,2.0,&
{'D7'},{'D1'},{'D6'},{'D5'},{'D3'},{'D4'},{'R2'},{'R3'},{'D2'},{'R1'},&,2.0,&
{'D7'},{'D1'},{'D6'},{'D5'},{'D3'},{'D4'},{'R2'},{'R1'},{'R3'},{'D2'},&,1.0,&
{'D7'},{'D1'},{'D6'},{'D5'},{'D3'},{'D4'},{'D2'},{'R3'},{'R1'},{'R2'},&,8.0,&
{'D7'},{'D1'},{'D6'},{'D5'},{'D3'},{'D4'},{'D2'},{'R3'},{'R2'},{'R1'},&,10.0,&
{'D7'},{'D1'},{'D6'},{'D5'},{'D3'},{'D4'},{'D2'},{'R2'},{'R3'},{'R1'},&,17.0,&
{'D7'},{'D1'},{'D6'},{'D5'},{'D3'},{'D4'},{'D2'},{'R2'},{'R1'},{'R3'},&,9.0,&
{'D7'},{'D1'},{'D6'},{'D5'},{'D3'},{'D4'},{'D2'},{'R1'},{'R3'},{'R2'},&,5.0,&
{'D7'},{'D1'},{'D6'},{'D5'},{'D3'},{'D4'},{'D2'},{'R1'},{'R2'},{'R3'},&,9.0,&
{'D7'},{'D1'},{'D6'},{'D5'},{'D3'},{'D4'},{'R3'},{'D2'},{'R1'},{'R2'},&,3.0,&
{'D7'},{'D1'},{'D6'},{'D5'},{'D3'},{'D4'},{'R3'},{'D2'},{'R2'},{'R1'},&,5.0,&
{'D7'},{'D1'},{'D6'},{'D5'},{'D3'},{'D4'},{'R3'},{'R2'},{'R1'},{'D2'},&,1.0,&
{'D7'},{'D1'},{'D6'},{'D5'},{'D3'},{'D4'},{'R3'},{'R1'},{'D2'},{'R2'},&,1.0,&
{'D7'},{'D1'},{'D6'},{'D5'},{'D3'},{'D4'},{'R1'},{'D2'},{'R2'},{'R3'},&,4.0,&
{'D7'},{'D1'},{'D6'},{'D5'},{'D3'},{'R2'},{'D4'},{'R1'},{'D2'},{'R3'},&,1.0,&
{'D7'},{'D1'},{'D6'},{'D5'},{'D3'},{'D2'},{'R3'},{'D4'},{'R2'},{'R1'},&,1.0,&
{'D7'},{'D1'},{'D6'},{'D5'},{'D3'},{'D2'},{'R1'},{'R2'},{'D4'},{'R3'},&,1.0,&
{'D7'},{'D1'},{'D6'},{'D5'},{'D3'},{'D2'},{'D4'},{'R2'},{'R3'},{'R1'},&,1.0,&
{'D7'},{'D1'},{'D6'},{'D5'},{'D3'},{'D2'},{'D4'},{'R2'},{'R1'},{'R3'},&,2.0,&
{'D7'},{'D1'},{'D6'},{'D5'},{'D3'},{'D2'},{'D4'},{'R1'},{'R3'},{'R2'},&,1.0,&
{'D7'},{'D1'},{'D6'},{'D5'},{'D3'},{'D2'},{'D4'},{'R1'},{'R2'},{'R3'},&,1.0,&
{'D7'},{'D1'},{'D6'},{'D5'},{'D3'},{'R3'},{'R1'},{'D4'},{'D2'},{'R2'},&,1.0,&
{'D7'},{'D1'},{'D6'},{'D5'},{'D3'},{'R3'},{'D4'},{'D2'},{'R1'},{'R2'},&,2.0,&
{'D7'},{'D1'},{'D6'},{'D5'},{'D3'},{'R3'},{'D4'},{'D2'},{'R2'},{'R1'},&,2.0,&
{'D7'},{'D1'},{'D6'},{'D5'},{'D4'},{'D3'},{'R2'},{'D2'},{'R3'},{'R1'},&,1.0,&
{'D7'},{'D1'},{'D6'},{'D5'},{'D4'},{'D3'},{'R2'},{'D2'},{'R1'},{'R3'},&,2.0,&
{'D7'},{'D1'},{'D6'},{'D5'},{'D4'},{'D3'},{'R2'},{'R1'},{'R3'},{'D2'},&,1.0,&
{'D7'},{'D1'},{'D6'},{'D5'},{'D4'},{'D3'},{'D2'},{'R3'},{'R1'},{'R2'},&,4.0,&
{'D7'},{'D1'},{'D6'},{'D5'},{'D4'},{'D3'},{'D2'},{'R3'},{'R2'},{'R1'},&,5.0,&
{'D7'},{'D1'},{'D6'},{'D5'},{'D4'},{'D3'},{'D2'},{'R2'},{'R3'},{'R1'},&,8.0,&
{'D7'},{'D1'},{'D6'},{'D5'},{'D4'},{'D3'},{'D2'},{'R2'},{'R1'},{'R3'},&,5.0,&
{'D7'},{'D1'},{'D6'},{'D5'},{'D4'},{'D3'},{'D2'},{'R1'},{'R3'},{'R2'},&,2.0,&
{'D7'},{'D1'},{'D6'},{'D5'},{'D4'},{'D3'},{'D2'},{'R1'},{'R2'},{'R3'},&,6.0,&
{'D7'},{'D1'},{'D6'},{'D5'},{'D4'},{'D3'},{'R3'},{'D2'},{'R2'},{'R1'},&,2.0,&
{'D7'},{'D1'},{'D6'},{'D5'},{'D4'},{'D3'},{'R1'},{'D2'},{'R3'},{'R2'},&,1.0,&
{'D7'},{'D1'},{'D6'},{'D5'},{'D4'},{'D3'},{'R1'},{'D2'},{'R2'},{'R3'},&,3.0,&
{'D7'},{'D1'},{'D6'},{'D5'},{'D2'},{'D3'},{'D4'},{'R1'},{'R2'},{'R3'},&,1.0,&
{'D7'},{'D1'},{'D6'},{'D5'},{'R2'},{'D3'},{'D4'},{'D2'},{'R1'},{'R3'},&,1.0,&
{'D7'},{'D1'},{'D6'},{'D4'},{'D3'},{'D5'},{'R2'},{'D2'},{'R3'},{'R1'},&,16.0,&
{'D7'},{'D1'},{'D6'},{'D4'},{'D3'},{'D5'},{'R2'},{'D2'},{'R1'},{'R3'},&,9.0,&
{'D7'},{'D1'},{'D6'},{'D4'},{'D3'},{'D5'},{'R2'},{'R3'},{'D2'},{'R1'},&,4.0,&
{'D7'},{'D1'},{'D6'},{'D4'},{'D3'},{'D5'},{'R2'},{'R1'},{'R3'},{'D2'},&,1.0,&
{'D7'},{'D1'},{'D6'},{'D4'},{'D3'},{'D5'},{'R2'},{'R1'},{'D2'},{'R3'},&,2.0,&
{'D7'},{'D1'},{'D6'},{'D4'},{'D3'},{'D5'},{'D2'},{'R3'},{'R1'},{'R2'},&,22.0,&
{'D7'},{'D1'},{'D6'},{'D4'},{'D3'},{'D5'},{'D2'},{'R3'},{'R2'},{'R1'},&,49.0,&
{'D7'},{'D1'},{'D6'},{'D4'},{'D3'},{'D5'},{'D2'},{'R2'},{'R3'},{'R1'},&,54.0,&
{'D7'},{'D1'},{'D6'},{'D4'},{'D3'},{'D5'},{'D2'},{'R2'},{'R1'},{'R3'},&,41.0,&
{'D7'},{'D1'},{'D6'},{'D4'},{'D3'},{'D5'},{'D2'},{'R1'},{'R3'},{'R2'},&,22.0,&
{'D7'},{'D1'},{'D6'},{'D4'},{'D3'},{'D5'},{'D2'},{'R1'},{'R2'},{'R3'},&,33.0,&
{'D7'},{'D1'},{'D6'},{'D4'},{'D3'},{'D5'},{'R3'},{'D2'},{'R1'},{'R2'},&,4.0,&
{'D7'},{'D1'},{'D6'},{'D4'},{'D3'},{'D5'},{'R3'},{'D2'},{'R2'},{'R1'},&,11.0,&
{'D7'},{'D1'},{'D6'},{'D4'},{'D3'},{'D5'},{'R3'},{'R2'},{'D2'},{'R1'},&,4.0,&
{'D7'},{'D1'},{'D6'},{'D4'},{'D3'},{'D5'},{'R3'},{'R1'},{'R2'},{'D2'},&,1.0,&
{'D7'},{'D1'},{'D6'},{'D4'},{'D3'},{'D5'},{'R1'},{'D2'},{'R3'},{'R2'},&,9.0,&
{'D7'},{'D1'},{'D6'},{'D4'},{'D3'},{'D5'},{'R1'},{'D2'},{'R2'},{'R3'},&,4.0,&
{'D7'},{'D1'},{'D6'},{'D4'},{'D3'},{'D5'},{'R1'},{'R3'},{'D2'},{'R2'},&,1.0,&
{'D7'},{'D1'},{'D6'},{'D4'},{'D3'},{'D5'},{'R1'},{'R3'},{'R2'},{'D2'},&,1.0,&
{'D7'},{'D1'},{'D6'},{'D4'},{'D3'},{'D5'},{'R1'},{'R2'},{'R3'},{'D2'},&,1.0,&
{'D7'},{'D1'},{'D6'},{'D4'},{'D3'},{'D5'},{'R1'},{'R2'},{'D2'},{'R3'},&,1.0,&
{'D7'},{'D1'},{'D6'},{'D4'},{'D3'},{'R2'},{'D2'},{'D5'},{'R1'},{'R3'},&,1.0,&
{'D7'},{'D1'},{'D6'},{'D4'},{'D3'},{'R2'},{'R3'},{'D5'},{'D2'},{'R1'},&,1.0,&
{'D7'},{'D1'},{'D6'},{'D4'},{'D3'},{'R2'},{'D5'},{'D2'},{'R3'},{'R1'},&,1.0,&
{'D7'},{'D1'},{'D6'},{'D4'},{'D3'},{'R2'},{'D5'},{'D2'},{'R1'},{'R3'},&,2.0,&
{'D7'},{'D1'},{'D6'},{'D4'},{'D3'},{'R2'},{'D5'},{'R1'},{'D2'},{'R3'},&,2.0,&
{'D7'},{'D1'},{'D6'},{'D4'},{'D3'},{'D2'},{'R2'},{'D5'},{'R3'},{'R1'},&,2.0,&
{'D7'},{'D1'},{'D6'},{'D4'},{'D3'},{'D2'},{'R2'},{'D5'},{'R1'},{'R3'},&,1.0,&
{'D7'},{'D1'},{'D6'},{'D4'},{'D3'},{'D2'},{'D5'},{'R3'},{'R1'},{'R2'},&,2.0,&
{'D7'},{'D1'},{'D6'},{'D4'},{'D3'},{'D2'},{'D5'},{'R3'},{'R2'},{'R1'},&,2.0,&
{'D7'},{'D1'},{'D6'},{'D4'},{'D3'},{'D2'},{'D5'},{'R2'},{'R3'},{'R1'},&,2.0,&
{'D7'},{'D1'},{'D6'},{'D4'},{'D3'},{'D2'},{'D5'},{'R2'},{'R1'},{'R3'},&,3.0,&
{'D7'},{'D1'},{'D6'},{'D4'},{'D3'},{'R1'},{'R3'},{'D5'},{'R2'},{'D2'},&,1.0,&
{'D7'},{'D1'},{'D6'},{'D4'},{'D3'},{'R1'},{'D5'},{'D2'},{'R3'},{'R2'},&,1.0,&
{'D7'},{'D1'},{'D6'},{'D4'},{'D3'},{'R1'},{'D5'},{'D2'},{'R2'},{'R3'},&,1.0,&
{'D7'},{'D1'},{'D6'},{'D4'},{'D3'},{'R1'},{'D5'},{'R2'},{'D2'},{'R3'},&,3.0,&
{'D7'},{'D1'},{'D6'},{'D4'},{'D3'},{'R3'},{'D5'},{'D2'},{'R2'},{'R1'},&,2.0,&
{'D7'},{'D1'},{'D6'},{'D4'},{'D5'},{'D3'},{'R2'},{'D2'},{'R3'},{'R1'},&,6.0,&
{'D7'},{'D1'},{'D6'},{'D4'},{'D5'},{'D3'},{'R2'},{'D2'},{'R1'},{'R3'},&,2.0,&
{'D7'},{'D1'},{'D6'},{'D4'},{'D5'},{'D3'},{'R2'},{'R3'},{'D2'},{'R1'},&,2.0,&
{'D7'},{'D1'},{'D6'},{'D4'},{'D5'},{'D3'},{'D2'},{'R3'},{'R1'},{'R2'},&,2.0,&
{'D7'},{'D1'},{'D6'},{'D4'},{'D5'},{'D3'},{'D2'},{'R3'},{'R2'},{'R1'},&,4.0,&
{'D7'},{'D1'},{'D6'},{'D4'},{'D5'},{'D3'},{'D2'},{'R2'},{'R3'},{'R1'},&,10.0,&
{'D7'},{'D1'},{'D6'},{'D4'},{'D5'},{'D3'},{'D2'},{'R2'},{'R1'},{'R3'},&,11.0,&
{'D7'},{'D1'},{'D6'},{'D4'},{'D5'},{'D3'},{'D2'},{'R1'},{'R3'},{'R2'},&,2.0,&
{'D7'},{'D1'},{'D6'},{'D4'},{'D5'},{'D3'},{'D2'},{'R1'},{'R2'},{'R3'},&,4.0,&
{'D7'},{'D1'},{'D6'},{'D4'},{'D5'},{'D3'},{'R3'},{'D2'},{'R2'},{'R1'},&,2.0,&
{'D7'},{'D1'},{'D6'},{'D4'},{'D5'},{'D3'},{'R3'},{'R1'},{'R2'},{'D2'},&,1.0,&
{'D7'},{'D1'},{'D6'},{'D4'},{'D5'},{'D3'},{'R1'},{'D2'},{'R2'},{'R3'},&,2.0,&
{'D7'},{'D1'},{'D6'},{'D4'},{'D5'},{'D3'},{'R1'},{'R2'},{'D2'},{'R3'},&,1.0,&
{'D7'},{'D1'},{'D6'},{'D4'},{'D5'},{'D2'},{'D3'},{'R3'},{'R2'},{'R1'},&,1.0,&
{'D7'},{'D1'},{'D6'},{'D4'},{'D5'},{'R3'},{'D3'},{'D2'},{'R2'},{'R1'},&,1.0,&
{'D7'},{'D1'},{'D6'},{'D4'},{'D2'},{'D5'},{'D3'},{'R1'},{'R3'},{'R2'},&,1.0,&
{'D7'},{'D1'},{'D6'},{'D4'},{'D2'},{'D3'},{'D5'},{'R3'},{'R1'},{'R2'},&,1.0,&
{'D7'},{'D1'},{'D6'},{'D4'},{'D2'},{'D3'},{'D5'},{'R2'},{'R3'},{'R1'},&,2.0,&
{'D7'},{'D1'},{'D6'},{'D4'},{'D2'},{'D3'},{'D5'},{'R1'},{'R3'},{'R2'},&,2.0,&
{'D7'},{'D1'},{'D6'},{'D4'},{'D2'},{'D3'},{'D5'},{'R1'},{'R2'},{'R3'},&,2.0,&
{'D7'},{'D1'},{'D6'},{'D4'},{'R1'},{'D5'},{'D3'},{'D2'},{'R2'},{'R3'},&,1.0,&
{'D7'},{'D1'},{'D6'},{'D4'},{'R1'},{'D3'},{'D5'},{'D2'},{'R3'},{'R2'},&,1.0,&
{'D7'},{'D1'},{'D6'},{'D4'},{'R1'},{'D3'},{'D5'},{'R3'},{'R2'},{'D2'},&,1.0,&
{'D7'},{'D1'},{'D6'},{'D4'},{'R1'},{'D3'},{'D5'},{'R2'},{'D2'},{'R3'},&,1.0,&
{'D7'},{'D1'},{'D6'},{'D4'},{'R2'},{'D3'},{'D5'},{'D2'},{'R3'},{'R1'},&,2.0,&
{'D7'},{'D1'},{'D6'},{'D4'},{'R2'},{'D3'},{'D5'},{'R1'},{'R3'},{'D2'},&,1.0,&
{'D7'},{'D1'},{'D6'},{'D4'},{'R3'},{'R2'},{'D3'},{'D5'},{'R1'},{'D2'},&,1.0,&
{'D7'},{'D1'},{'D6'},{'D4'},{'R3'},{'D3'},{'D5'},{'D2'},{'R2'},{'R1'},&,2.0,&
{'D7'},{'D1'},{'D6'},{'D3'},{'D5'},{'D4'},{'R2'},{'D2'},{'R3'},{'R1'},&,10.0,&
{'D7'},{'D1'},{'D6'},{'D3'},{'D5'},{'D4'},{'R2'},{'D2'},{'R1'},{'R3'},&,7.0,&
{'D7'},{'D1'},{'D6'},{'D3'},{'D5'},{'D4'},{'R2'},{'R3'},{'D2'},{'R1'},&,3.0,&
{'D7'},{'D1'},{'D6'},{'D3'},{'D5'},{'D4'},{'R2'},{'R1'},{'R3'},{'D2'},&,3.0,&
{'D7'},{'D1'},{'D6'},{'D3'},{'D5'},{'D4'},{'R2'},{'R1'},{'D2'},{'R3'},&,3.0,&
{'D7'},{'D1'},{'D6'},{'D3'},{'D5'},{'D4'},{'D2'},{'R3'},{'R1'},{'R2'},&,21.0,&
{'D7'},{'D1'},{'D6'},{'D3'},{'D5'},{'D4'},{'D2'},{'R3'},{'R2'},{'R1'},&,36.0,&
{'D7'},{'D1'},{'D6'},{'D3'},{'D5'},{'D4'},{'D2'},{'R2'},{'R3'},{'R1'},&,37.0,&
{'D7'},{'D1'},{'D6'},{'D3'},{'D5'},{'D4'},{'D2'},{'R2'},{'R1'},{'R3'},&,37.0,&
{'D7'},{'D1'},{'D6'},{'D3'},{'D5'},{'D4'},{'D2'},{'R1'},{'R3'},{'R2'},&,23.0,&
{'D7'},{'D1'},{'D6'},{'D3'},{'D5'},{'D4'},{'D2'},{'R1'},{'R2'},{'R3'},&,23.0,&
{'D7'},{'D1'},{'D6'},{'D3'},{'D5'},{'D4'},{'R3'},{'D2'},{'R1'},{'R2'},&,4.0,&
{'D7'},{'D1'},{'D6'},{'D3'},{'D5'},{'D4'},{'R3'},{'D2'},{'R2'},{'R1'},&,4.0,&
{'D7'},{'D1'},{'D6'},{'D3'},{'D5'},{'D4'},{'R3'},{'R2'},{'R1'},{'D2'},&,1.0,&
{'D7'},{'D1'},{'D6'},{'D3'},{'D5'},{'D4'},{'R3'},{'R2'},{'D2'},{'R1'},&,2.0,&
{'D7'},{'D1'},{'D6'},{'D3'},{'D5'},{'D4'},{'R3'},{'R1'},{'R2'},{'D2'},&,2.0,&
{'D7'},{'D1'},{'D6'},{'D3'},{'D5'},{'D4'},{'R1'},{'D2'},{'R3'},{'R2'},&,6.0,&
{'D7'},{'D1'},{'D6'},{'D3'},{'D5'},{'D4'},{'R1'},{'D2'},{'R2'},{'R3'},&,8.0,&
{'D7'},{'D1'},{'D6'},{'D3'},{'D5'},{'D4'},{'R1'},{'R3'},{'D2'},{'R2'},&,1.0,&
{'D7'},{'D1'},{'D6'},{'D3'},{'D5'},{'D4'},{'R1'},{'R2'},{'R3'},{'D2'},&,1.0,&
{'D7'},{'D1'},{'D6'},{'D3'},{'D5'},{'R2'},{'D4'},{'D2'},{'R3'},{'R1'},&,1.0,&
{'D7'},{'D1'},{'D6'},{'D3'},{'D5'},{'R2'},{'D4'},{'D2'},{'R1'},{'R3'},&,5.0,&
{'D7'},{'D1'},{'D6'},{'D3'},{'D5'},{'R2'},{'D4'},{'R3'},{'D2'},{'R1'},&,1.0,&
{'D7'},{'D1'},{'D6'},{'D3'},{'D5'},{'R2'},{'D4'},{'R1'},{'D2'},{'R3'},&,2.0,&
{'D7'},{'D1'},{'D6'},{'D3'},{'D5'},{'D2'},{'R2'},{'D4'},{'R1'},{'R3'},&,1.0,&
{'D7'},{'D1'},{'D6'},{'D3'},{'D5'},{'D2'},{'R3'},{'R2'},{'D4'},{'R1'},&,1.0,&
{'D7'},{'D1'},{'D6'},{'D3'},{'D5'},{'D2'},{'R1'},{'R2'},{'R3'},{'D4'},&,1.0,&
{'D7'},{'D1'},{'D6'},{'D3'},{'D5'},{'D2'},{'D4'},{'R3'},{'R1'},{'R2'},&,1.0,&
{'D7'},{'D1'},{'D6'},{'D3'},{'D5'},{'D2'},{'D4'},{'R2'},{'R1'},{'R3'},&,2.0,&
{'D7'},{'D1'},{'D6'},{'D3'},{'D5'},{'D2'},{'D4'},{'R1'},{'R3'},{'R2'},&,2.0,&
{'D7'},{'D1'},{'D6'},{'D3'},{'D5'},{'D2'},{'D4'},{'R1'},{'R2'},{'R3'},&,2.0,&
{'D7'},{'D1'},{'D6'},{'D3'},{'D5'},{'R1'},{'D4'},{'D2'},{'R3'},{'R2'},&,2.0,&
{'D7'},{'D1'},{'D6'},{'D3'},{'D5'},{'R1'},{'D4'},{'D2'},{'R2'},{'R3'},&,1.0,&
{'D7'},{'D1'},{'D6'},{'D3'},{'D5'},{'R3'},{'D4'},{'D2'},{'R2'},{'R1'},&,1.0,&
{'D7'},{'D1'},{'D6'},{'D3'},{'D5'},{'R3'},{'D4'},{'R2'},{'D2'},{'R1'},&,1.0,&
{'D7'},{'D1'},{'D6'},{'D3'},{'D4'},{'D5'},{'R2'},{'D2'},{'R3'},{'R1'},&,24.0,&
{'D7'},{'D1'},{'D6'},{'D3'},{'D4'},{'D5'},{'R2'},{'D2'},{'R1'},{'R3'},&,20.0,&
{'D7'},{'D1'},{'D6'},{'D3'},{'D4'},{'D5'},{'R2'},{'R3'},{'R1'},{'D2'},&,1.0,&
{'D7'},{'D1'},{'D6'},{'D3'},{'D4'},{'D5'},{'R2'},{'R3'},{'D2'},{'R1'},&,8.0,&
{'D7'},{'D1'},{'D6'},{'D3'},{'D4'},{'D5'},{'R2'},{'R1'},{'R3'},{'D2'},&,2.0,&
{'D7'},{'D1'},{'D6'},{'D3'},{'D4'},{'D5'},{'R2'},{'R1'},{'D2'},{'R3'},&,4.0,&
{'D7'},{'D1'},{'D6'},{'D3'},{'D4'},{'D5'},{'D2'},{'R3'},{'R1'},{'R2'},&,35.0,&
{'D7'},{'D1'},{'D6'},{'D3'},{'D4'},{'D5'},{'D2'},{'R3'},{'R2'},{'R1'},&,94.0,&
{'D7'},{'D1'},{'D6'},{'D3'},{'D4'},{'D5'},{'D2'},{'R2'},{'R3'},{'R1'},&,107.0,&
{'D7'},{'D1'},{'D6'},{'D3'},{'D4'},{'D5'},{'D2'},{'R2'},{'R1'},{'R3'},&,92.0,&
{'D7'},{'D1'},{'D6'},{'D3'},{'D4'},{'D5'},{'D2'},{'R1'},{'R3'},{'R2'},&,39.0,&
{'D7'},{'D1'},{'D6'},{'D3'},{'D4'},{'D5'},{'D2'},{'R1'},{'R2'},{'R3'},&,76.0,&
{'D7'},{'D1'},{'D6'},{'D3'},{'D4'},{'D5'},{'R3'},{'D2'},{'R1'},{'R2'},&,11.0,&
{'D7'},{'D1'},{'D6'},{'D3'},{'D4'},{'D5'},{'R3'},{'D2'},{'R2'},{'R1'},&,10.0,&
{'D7'},{'D1'},{'D6'},{'D3'},{'D4'},{'D5'},{'R3'},{'R2'},{'D2'},{'R1'},&,6.0,&
{'D7'},{'D1'},{'D6'},{'D3'},{'D4'},{'D5'},{'R3'},{'R1'},{'D2'},{'R2'},&,3.0,&
{'D7'},{'D1'},{'D6'},{'D3'},{'D4'},{'D5'},{'R1'},{'D2'},{'R3'},{'R2'},&,12.0,&
{'D7'},{'D1'},{'D6'},{'D3'},{'D4'},{'D5'},{'R1'},{'D2'},{'R2'},{'R3'},&,13.0,&
{'D7'},{'D1'},{'D6'},{'D3'},{'D4'},{'D5'},{'R1'},{'R3'},{'D2'},{'R2'},&,2.0,&
{'D7'},{'D1'},{'D6'},{'D3'},{'D4'},{'D5'},{'R1'},{'R3'},{'R2'},{'D2'},&,1.0,&
{'D7'},{'D1'},{'D6'},{'D3'},{'D4'},{'D5'},{'R1'},{'R2'},{'R3'},{'D2'},&,3.0,&
{'D7'},{'D1'},{'D6'},{'D3'},{'D4'},{'D5'},{'R1'},{'R2'},{'D2'},{'R3'},&,5.0,&
{'D7'},{'D1'},{'D6'},{'D3'},{'D4'},{'R2'},{'D2'},{'D5'},{'R3'},{'R1'},&,1.0,&
{'D7'},{'D1'},{'D6'},{'D3'},{'D4'},{'R2'},{'R3'},{'D5'},{'D2'},{'R1'},&,1.0,&
{'D7'},{'D1'},{'D6'},{'D3'},{'D4'},{'R2'},{'D5'},{'D2'},{'R3'},{'R1'},&,1.0,&
{'D7'},{'D1'},{'D6'},{'D3'},{'D4'},{'R2'},{'D5'},{'D2'},{'R1'},{'R3'},&,3.0,&
{'D7'},{'D1'},{'D6'},{'D3'},{'D4'},{'R2'},{'D5'},{'R1'},{'D2'},{'R3'},&,3.0,&
{'D7'},{'D1'},{'D6'},{'D3'},{'D4'},{'D2'},{'R2'},{'R3'},{'D5'},{'R1'},&,1.0,&
{'D7'},{'D1'},{'D6'},{'D3'},{'D4'},{'D2'},{'R2'},{'R1'},{'D5'},{'R3'},&,2.0,&
{'D7'},{'D1'},{'D6'},{'D3'},{'D4'},{'D2'},{'R2'},{'D5'},{'R3'},{'R1'},&,5.0,&
{'D7'},{'D1'},{'D6'},{'D3'},{'D4'},{'D2'},{'R2'},{'D5'},{'R1'},{'R3'},&,1.0,&
{'D7'},{'D1'},{'D6'},{'D3'},{'D4'},{'D2'},{'R3'},{'D5'},{'R1'},{'R2'},&,2.0,&
{'D7'},{'D1'},{'D6'},{'D3'},{'D4'},{'D2'},{'R3'},{'D5'},{'R2'},{'R1'},&,1.0,&
{'D7'},{'D1'},{'D6'},{'D3'},{'D4'},{'D2'},{'D5'},{'R3'},{'R1'},{'R2'},&,4.0,&
{'D7'},{'D1'},{'D6'},{'D3'},{'D4'},{'D2'},{'D5'},{'R3'},{'R2'},{'R1'},&,6.0,&
{'D7'},{'D1'},{'D6'},{'D3'},{'D4'},{'D2'},{'D5'},{'R2'},{'R3'},{'R1'},&,11.0,&
{'D7'},{'D1'},{'D6'},{'D3'},{'D4'},{'D2'},{'D5'},{'R2'},{'R1'},{'R3'},&,5.0,&
{'D7'},{'D1'},{'D6'},{'D3'},{'D4'},{'D2'},{'D5'},{'R1'},{'R3'},{'R2'},&,1.0,&
{'D7'},{'D1'},{'D6'},{'D3'},{'D4'},{'D2'},{'D5'},{'R1'},{'R2'},{'R3'},&,7.0,&
{'D7'},{'D1'},{'D6'},{'D3'},{'D4'},{'D2'},{'R1'},{'R2'},{'D5'},{'R3'},&,1.0,&
{'D7'},{'D1'},{'D6'},{'D3'},{'D4'},{'D2'},{'R1'},{'D5'},{'R3'},{'R2'},&,1.0,&
{'D7'},{'D1'},{'D6'},{'D3'},{'D4'},{'D2'},{'R1'},{'D5'},{'R2'},{'R3'},&,1.0,&
{'D7'},{'D1'},{'D6'},{'D3'},{'D4'},{'R1'},{'D2'},{'D5'},{'R2'},{'R3'},&,1.0,&
{'D7'},{'D1'},{'D6'},{'D3'},{'D4'},{'R1'},{'D5'},{'D2'},{'R3'},{'R2'},&,3.0,&
{'D7'},{'D1'},{'D6'},{'D3'},{'D4'},{'R1'},{'D5'},{'D2'},{'R2'},{'R3'},&,6.0,&
{'D7'},{'D1'},{'D6'},{'D3'},{'D4'},{'R1'},{'D5'},{'R2'},{'D2'},{'R3'},&,2.0,&
{'D7'},{'D1'},{'D6'},{'D3'},{'D4'},{'R3'},{'D5'},{'D2'},{'R2'},{'R1'},&,2.0,&
{'D7'},{'D1'},{'D6'},{'D3'},{'D4'},{'R3'},{'D5'},{'R2'},{'R1'},{'D2'},&,1.0,&
{'D7'},{'D1'},{'D6'},{'D3'},{'D4'},{'R3'},{'D5'},{'R2'},{'D2'},{'R1'},&,3.0,&
{'D7'},{'D1'},{'D6'},{'D3'},{'D4'},{'R3'},{'D5'},{'R1'},{'D2'},{'R2'},&,1.0,&
{'D7'},{'D1'},{'D6'},{'D3'},{'D4'},{'R3'},{'R1'},{'D2'},{'R2'},{'D5'},&,1.0,&
{'D7'},{'D1'},{'D6'},{'D3'},{'D2'},{'D5'},{'D4'},{'R2'},{'R3'},{'R1'},&,1.0,&
{'D7'},{'D1'},{'D6'},{'D3'},{'D2'},{'D5'},{'D4'},{'R2'},{'R1'},{'R3'},&,1.0,&
{'D7'},{'D1'},{'D6'},{'D3'},{'D2'},{'D4'},{'R2'},{'D5'},{'R3'},{'R1'},&,1.0,&
{'D7'},{'D1'},{'D6'},{'D3'},{'D2'},{'D4'},{'R2'},{'D5'},{'R1'},{'R3'},&,1.0,&
{'D7'},{'D1'},{'D6'},{'D3'},{'D2'},{'D4'},{'R3'},{'R2'},{'D5'},{'R1'},&,1.0,&
{'D7'},{'D1'},{'D6'},{'D3'},{'D2'},{'D4'},{'R3'},{'D5'},{'R1'},{'R2'},&,1.0,&
{'D7'},{'D1'},{'D6'},{'D3'},{'D2'},{'D4'},{'D5'},{'R3'},{'R1'},{'R2'},&,2.0,&
{'D7'},{'D1'},{'D6'},{'D3'},{'D2'},{'D4'},{'D5'},{'R3'},{'R2'},{'R1'},&,5.0,&
{'D7'},{'D1'},{'D6'},{'D3'},{'D2'},{'D4'},{'D5'},{'R2'},{'R3'},{'R1'},&,3.0,&
{'D7'},{'D1'},{'D6'},{'D3'},{'D2'},{'D4'},{'D5'},{'R2'},{'R1'},{'R3'},&,4.0,&
{'D7'},{'D1'},{'D6'},{'D3'},{'D2'},{'D4'},{'D5'},{'R1'},{'R3'},{'R2'},&,2.0,&
{'D7'},{'D1'},{'D6'},{'D3'},{'D2'},{'D4'},{'D5'},{'R1'},{'R2'},{'R3'},&,2.0,&
{'D7'},{'D1'},{'D6'},{'D3'},{'D2'},{'D4'},{'R1'},{'R3'},{'R2'},{'D5'},&,1.0,&
{'D7'},{'D1'},{'D6'},{'D3'},{'D2'},{'D4'},{'R1'},{'D5'},{'R3'},{'R2'},&,1.0,&
{'D7'},{'D1'},{'D6'},{'D3'},{'D2'},{'R2'},{'D4'},{'D5'},{'R1'},{'R3'},&,1.0,&
{'D7'},{'D1'},{'D6'},{'D3'},{'D2'},{'R1'},{'D4'},{'D5'},{'R2'},{'R3'},&,1.0,&
{'D7'},{'D1'},{'D6'},{'D3'},{'D2'},{'R3'},{'D4'},{'D5'},{'R2'},{'R1'},&,1.0,&
{'D7'},{'D1'},{'D6'},{'D3'},{'R2'},{'D5'},{'D4'},{'D2'},{'R3'},{'R1'},&,1.0,&
{'D7'},{'D1'},{'D6'},{'D3'},{'R2'},{'D5'},{'D4'},{'D2'},{'R1'},{'R3'},&,1.0,&
{'D7'},{'D1'},{'D6'},{'D3'},{'R2'},{'D4'},{'D2'},{'D5'},{'R3'},{'R1'},&,1.0,&
{'D7'},{'D1'},{'D6'},{'D3'},{'R2'},{'D4'},{'D5'},{'D2'},{'R3'},{'R1'},&,1.0,&
{'D7'},{'D1'},{'D6'},{'D3'},{'R3'},{'D5'},{'D4'},{'D2'},{'R2'},{'R1'},&,1.0,&
{'D7'},{'D1'},{'D6'},{'D3'},{'R3'},{'D4'},{'D5'},{'D2'},{'R1'},{'R2'},&,1.0,&
{'D7'},{'D1'},{'D6'},{'D3'},{'R3'},{'D4'},{'D5'},{'D2'},{'R2'},{'R1'},&,1.0,&
{'D7'},{'D1'},{'D6'},{'D3'},{'R3'},{'D4'},{'D5'},{'R2'},{'D2'},{'R1'},&,1.0,&
{'D7'},{'D1'},{'D6'},{'D3'},{'R3'},{'D4'},{'D5'},{'R1'},{'D2'},{'R2'},&,1.0,&
{'D7'},{'D1'},{'D6'},{'D2'},{'D3'},{'D5'},{'D4'},{'R3'},{'R2'},{'R1'},&,1.0,&
{'D7'},{'D1'},{'D6'},{'D2'},{'D3'},{'D5'},{'D4'},{'R2'},{'R3'},{'R1'},&,1.0,&
{'D7'},{'D1'},{'D6'},{'D2'},{'D3'},{'D4'},{'R2'},{'D5'},{'R3'},{'R1'},&,1.0,&
{'D7'},{'D1'},{'D6'},{'D2'},{'D3'},{'D4'},{'D5'},{'R2'},{'R1'},{'R3'},&,2.0,&
{'D7'},{'D1'},{'D6'},{'D2'},{'D3'},{'D4'},{'D5'},{'R1'},{'R2'},{'R3'},&,1.0,&
{'D7'},{'D1'},{'D6'},{'D2'},{'D3'},{'D4'},{'R1'},{'D5'},{'R2'},{'R3'},&,1.0,&
{'D7'},{'D1'},{'D6'},{'D2'},{'D5'},{'D3'},{'R3'},{'D4'},{'R2'},{'R1'},&,1.0,&
{'D7'},{'D1'},{'D6'},{'D2'},{'D5'},{'D3'},{'D4'},{'R2'},{'R1'},{'R3'},&,1.0,&
{'D7'},{'D1'},{'D6'},{'D2'},{'D4'},{'D5'},{'D3'},{'R2'},{'R3'},{'R1'},&,1.0,&
{'D7'},{'D1'},{'D6'},{'D2'},{'D4'},{'D3'},{'R2'},{'D5'},{'R1'},{'R3'},&,1.0,&
{'D7'},{'D1'},{'D6'},{'D2'},{'D4'},{'D3'},{'D5'},{'R3'},{'R1'},{'R2'},&,1.0,&
{'D7'},{'D1'},{'D6'},{'D2'},{'D4'},{'D3'},{'D5'},{'R2'},{'R3'},{'R1'},&,2.0,&
{'D7'},{'D1'},{'D6'},{'D2'},{'D4'},{'D3'},{'D5'},{'R1'},{'R3'},{'R2'},&,1.0,&
{'D7'},{'D1'},{'D6'},{'D2'},{'D4'},{'D3'},{'D5'},{'R1'},{'R2'},{'R3'},&,1.0,&
{'D7'},{'D1'},{'D6'},{'D2'},{'R2'},{'D3'},{'D4'},{'D5'},{'R1'},{'R3'},&,1.0,&
{'D7'},{'D1'},{'D6'},{'D2'},{'R3'},{'D3'},{'D4'},{'D5'},{'R2'},{'R1'},&,1.0,&
{'D7'},{'D1'},{'D6'},{'R2'},{'D3'},{'D4'},{'D5'},{'D2'},{'R3'},{'R1'},&,1.0,&
{'D7'},{'D1'},{'D6'},{'R1'},{'D3'},{'D5'},{'D4'},{'R2'},{'D2'},{'R3'},&,1.0,&
{'D7'},{'D1'},{'D6'},{'R1'},{'D3'},{'D4'},{'D5'},{'D2'},{'R2'},{'R3'},&,1.0,&
{'D7'},{'D1'},{'D2'},{'D4'},{'D3'},{'D6'},{'D5'},{'R2'},{'R1'},{'R3'},&,1.0,&
{'D7'},{'D1'},{'D2'},{'D4'},{'D5'},{'D6'},{'D3'},{'R2'},{'R1'},{'R3'},&,1.0,&
{'D7'},{'D1'},{'D2'},{'D4'},{'D6'},{'D3'},{'D5'},{'R3'},{'R1'},{'R2'},&,1.0,&
{'D7'},{'D1'},{'D2'},{'D6'},{'D3'},{'D4'},{'R3'},{'D5'},{'R2'},{'R1'},&,1.0,&
{'D7'},{'D1'},{'D2'},{'D6'},{'D3'},{'D4'},{'D5'},{'R3'},{'R1'},{'R2'},&,1.0,&
{'D7'},{'D1'},{'D2'},{'D6'},{'D3'},{'D4'},{'D5'},{'R2'},{'R3'},{'R1'},&,2.0,&
{'D7'},{'D1'},{'D2'},{'D6'},{'D3'},{'D4'},{'D5'},{'R1'},{'R2'},{'R3'},&,1.0,&
{'D7'},{'D1'},{'R2'},{'D6'},{'D3'},{'D4'},{'D5'},{'R3'},{'D2'},{'R1'},&,1.0,&
{'D7'},{'D4'},{'D3'},{'D1'},{'D5'},{'R2'},{'D6'},{'R1'},{'R3'},{'D2'},&,1.0,&
{'D7'},{'D4'},{'D3'},{'D1'},{'D5'},{'D6'},{'D2'},{'R2'},{'R1'},{'R3'},&,2.0,&
{'D7'},{'D4'},{'D3'},{'D1'},{'D6'},{'D5'},{'R2'},{'D2'},{'R3'},{'R1'},&,5.0,&
{'D7'},{'D4'},{'D3'},{'D1'},{'D6'},{'D5'},{'R2'},{'D2'},{'R1'},{'R3'},&,3.0,&
{'D7'},{'D4'},{'D3'},{'D1'},{'D6'},{'D5'},{'R2'},{'R3'},{'D2'},{'R1'},&,2.0,&
{'D7'},{'D4'},{'D3'},{'D1'},{'D6'},{'D5'},{'R2'},{'R1'},{'R3'},{'D2'},&,1.0,&
{'D7'},{'D4'},{'D3'},{'D1'},{'D6'},{'D5'},{'D2'},{'R3'},{'R1'},{'R2'},&,6.0,&
{'D7'},{'D4'},{'D3'},{'D1'},{'D6'},{'D5'},{'D2'},{'R3'},{'R2'},{'R1'},&,11.0,&
{'D7'},{'D4'},{'D3'},{'D1'},{'D6'},{'D5'},{'D2'},{'R2'},{'R3'},{'R1'},&,7.0,&
{'D7'},{'D4'},{'D3'},{'D1'},{'D6'},{'D5'},{'D2'},{'R2'},{'R1'},{'R3'},&,11.0,&
{'D7'},{'D4'},{'D3'},{'D1'},{'D6'},{'D5'},{'D2'},{'R1'},{'R3'},{'R2'},&,7.0,&
{'D7'},{'D4'},{'D3'},{'D1'},{'D6'},{'D5'},{'D2'},{'R1'},{'R2'},{'R3'},&,12.0,&
{'D7'},{'D4'},{'D3'},{'D1'},{'D6'},{'D5'},{'R3'},{'D2'},{'R2'},{'R1'},&,3.0,&
{'D7'},{'D4'},{'D3'},{'D1'},{'D6'},{'D5'},{'R3'},{'R2'},{'D2'},{'R1'},&,2.0,&
{'D7'},{'D4'},{'D3'},{'D1'},{'D6'},{'D5'},{'R1'},{'D2'},{'R3'},{'R2'},&,1.0,&
{'D7'},{'D4'},{'D3'},{'D1'},{'D6'},{'D5'},{'R1'},{'D2'},{'R2'},{'R3'},&,2.0,&
{'D7'},{'D4'},{'D3'},{'D1'},{'D6'},{'D5'},{'R1'},{'R2'},{'D2'},{'R3'},&,1.0,&
{'D7'},{'D4'},{'D3'},{'D1'},{'D6'},{'R2'},{'D5'},{'D2'},{'R3'},{'R1'},&,1.0,&
{'D7'},{'D4'},{'D3'},{'D1'},{'D6'},{'R2'},{'D5'},{'R1'},{'D2'},{'R3'},&,1.0,&
{'D7'},{'D4'},{'D3'},{'D1'},{'D6'},{'D2'},{'D5'},{'R2'},{'R3'},{'R1'},&,1.0,&
{'D7'},{'D4'},{'D3'},{'D1'},{'D6'},{'D2'},{'D5'},{'R2'},{'R1'},{'R3'},&,1.0,&
{'D7'},{'D4'},{'D3'},{'D1'},{'D6'},{'D2'},{'D5'},{'R1'},{'R2'},{'R3'},&,1.0,&
{'D7'},{'D4'},{'D3'},{'D1'},{'D6'},{'D2'},{'R1'},{'R2'},{'D5'},{'R3'},&,1.0,&
{'D7'},{'D4'},{'D3'},{'D1'},{'R2'},{'D6'},{'D5'},{'D2'},{'R1'},{'R3'},&,2.0,&
{'D7'},{'D4'},{'D3'},{'D5'},{'D1'},{'R1'},{'D6'},{'D2'},{'R2'},{'R3'},&,1.0,&
{'D7'},{'D4'},{'D3'},{'D5'},{'D1'},{'D6'},{'R2'},{'D2'},{'R3'},{'R1'},&,1.0,&
{'D7'},{'D4'},{'D3'},{'D5'},{'D1'},{'D6'},{'R2'},{'D2'},{'R1'},{'R3'},&,1.0,&
{'D7'},{'D4'},{'D3'},{'D5'},{'D1'},{'D6'},{'D2'},{'R3'},{'R2'},{'R1'},&,1.0,&
{'D7'},{'D4'},{'D3'},{'D5'},{'D1'},{'D6'},{'D2'},{'R2'},{'R3'},{'R1'},&,3.0,&
{'D7'},{'D4'},{'D3'},{'D5'},{'D1'},{'D6'},{'D2'},{'R1'},{'R2'},{'R3'},&,1.0,&
{'D7'},{'D4'},{'D3'},{'D5'},{'D1'},{'D6'},{'R1'},{'D2'},{'R2'},{'R3'},&,1.0,&
{'D7'},{'D4'},{'D3'},{'D5'},{'D6'},{'D1'},{'R2'},{'D2'},{'R3'},{'R1'},&,1.0,&
{'D7'},{'D4'},{'D3'},{'D5'},{'D6'},{'D1'},{'R2'},{'D2'},{'R1'},{'R3'},&,1.0,&
{'D7'},{'D4'},{'D3'},{'D5'},{'D6'},{'D1'},{'R2'},{'R1'},{'D2'},{'R3'},&,1.0,&
{'D7'},{'D4'},{'D3'},{'D5'},{'D6'},{'D1'},{'D2'},{'R3'},{'R1'},{'R2'},&,6.0,&
{'D7'},{'D4'},{'D3'},{'D5'},{'D6'},{'D1'},{'D2'},{'R3'},{'R2'},{'R1'},&,6.0,&
{'D7'},{'D4'},{'D3'},{'D5'},{'D6'},{'D1'},{'D2'},{'R2'},{'R3'},{'R1'},&,8.0,&
{'D7'},{'D4'},{'D3'},{'D5'},{'D6'},{'D1'},{'D2'},{'R2'},{'R1'},{'R3'},&,11.0,&
{'D7'},{'D4'},{'D3'},{'D5'},{'D6'},{'D1'},{'D2'},{'R1'},{'R3'},{'R2'},&,7.0,&
{'D7'},{'D4'},{'D3'},{'D5'},{'D6'},{'D1'},{'D2'},{'R1'},{'R2'},{'R3'},&,5.0,&
{'D7'},{'D4'},{'D3'},{'D5'},{'D6'},{'D1'},{'R3'},{'D2'},{'R1'},{'R2'},&,1.0,&
{'D7'},{'D4'},{'D3'},{'D5'},{'D6'},{'D1'},{'R3'},{'D2'},{'R2'},{'R1'},&,2.0,&
{'D7'},{'D4'},{'D3'},{'D5'},{'D6'},{'D1'},{'R3'},{'R1'},{'R2'},{'D2'},&,1.0,&
{'D7'},{'D4'},{'D3'},{'D5'},{'D6'},{'D1'},{'R1'},{'D2'},{'R3'},{'R2'},&,1.0,&
{'D7'},{'D4'},{'D3'},{'D5'},{'D6'},{'D1'},{'R1'},{'D2'},{'R2'},{'R3'},&,2.0,&
{'D7'},{'D4'},{'D3'},{'D5'},{'D6'},{'R2'},{'D1'},{'D2'},{'R3'},{'R1'},&,1.0,&
{'D7'},{'D4'},{'D3'},{'D5'},{'D6'},{'R2'},{'D1'},{'D2'},{'R1'},{'R3'},&,1.0,&
{'D7'},{'D4'},{'D3'},{'D5'},{'D6'},{'R2'},{'D1'},{'R3'},{'D2'},{'R1'},&,1.0,&
{'D7'},{'D4'},{'D3'},{'D5'},{'D6'},{'D2'},{'D1'},{'R1'},{'R2'},{'R3'},&,1.0,&
{'D7'},{'D4'},{'D3'},{'D5'},{'R1'},{'D6'},{'D1'},{'D2'},{'R2'},{'R3'},&,1.0,&
{'D7'},{'D4'},{'D3'},{'D5'},{'R2'},{'D6'},{'D1'},{'R3'},{'D2'},{'R1'},&,1.0,&
{'D7'},{'D4'},{'D3'},{'D5'},{'R3'},{'D6'},{'D1'},{'D2'},{'R2'},{'R1'},&,1.0,&
{'D7'},{'D4'},{'D3'},{'D6'},{'D1'},{'D5'},{'R2'},{'D2'},{'R3'},{'R1'},&,17.0,&
{'D7'},{'D4'},{'D3'},{'D6'},{'D1'},{'D5'},{'R2'},{'D2'},{'R1'},{'R3'},&,25.0,&
{'D7'},{'D4'},{'D3'},{'D6'},{'D1'},{'D5'},{'R2'},{'R3'},{'R1'},{'D2'},&,1.0,&
{'D7'},{'D4'},{'D3'},{'D6'},{'D1'},{'D5'},{'R2'},{'R3'},{'D2'},{'R1'},&,4.0,&
{'D7'},{'D4'},{'D3'},{'D6'},{'D1'},{'D5'},{'R2'},{'R1'},{'R3'},{'D2'},&,1.0,&
{'D7'},{'D4'},{'D3'},{'D6'},{'D1'},{'D5'},{'R2'},{'R1'},{'D2'},{'R3'},&,3.0,&
{'D7'},{'D4'},{'D3'},{'D6'},{'D1'},{'D5'},{'D2'},{'R3'},{'R1'},{'R2'},&,33.0,&
{'D7'},{'D4'},{'D3'},{'D6'},{'D1'},{'D5'},{'D2'},{'R3'},{'R2'},{'R1'},&,61.0,&
{'D7'},{'D4'},{'D3'},{'D6'},{'D1'},{'D5'},{'D2'},{'R2'},{'R3'},{'R1'},&,82.0,&
{'D7'},{'D4'},{'D3'},{'D6'},{'D1'},{'D5'},{'D2'},{'R2'},{'R1'},{'R3'},&,57.0,&
{'D7'},{'D4'},{'D3'},{'D6'},{'D1'},{'D5'},{'D2'},{'R1'},{'R3'},{'R2'},&,32.0,&
{'D7'},{'D4'},{'D3'},{'D6'},{'D1'},{'D5'},{'D2'},{'R1'},{'R2'},{'R3'},&,43.0,&
{'D7'},{'D4'},{'D3'},{'D6'},{'D1'},{'D5'},{'R3'},{'D2'},{'R1'},{'R2'},&,5.0,&
{'D7'},{'D4'},{'D3'},{'D6'},{'D1'},{'D5'},{'R3'},{'D2'},{'R2'},{'R1'},&,16.0,&
{'D7'},{'D4'},{'D3'},{'D6'},{'D1'},{'D5'},{'R3'},{'R2'},{'R1'},{'D2'},&,2.0,&
{'D7'},{'D4'},{'D3'},{'D6'},{'D1'},{'D5'},{'R3'},{'R2'},{'D2'},{'R1'},&,4.0,&
{'D7'},{'D4'},{'D3'},{'D6'},{'D1'},{'D5'},{'R3'},{'R1'},{'D2'},{'R2'},&,2.0,&
{'D7'},{'D4'},{'D3'},{'D6'},{'D1'},{'D5'},{'R1'},{'D2'},{'R3'},{'R2'},&,10.0,&
{'D7'},{'D4'},{'D3'},{'D6'},{'D1'},{'D5'},{'R1'},{'D2'},{'R2'},{'R3'},&,11.0,&
{'D7'},{'D4'},{'D3'},{'D6'},{'D1'},{'D5'},{'R1'},{'R3'},{'D2'},{'R2'},&,2.0,&
{'D7'},{'D4'},{'D3'},{'D6'},{'D1'},{'D5'},{'R1'},{'R2'},{'R3'},{'D2'},&,1.0,&
{'D7'},{'D4'},{'D3'},{'D6'},{'D1'},{'D5'},{'R1'},{'R2'},{'D2'},{'R3'},&,3.0,&
{'D7'},{'D4'},{'D3'},{'D6'},{'D1'},{'R2'},{'D5'},{'D2'},{'R3'},{'R1'},&,4.0,&
{'D7'},{'D4'},{'D3'},{'D6'},{'D1'},{'R2'},{'D5'},{'D2'},{'R1'},{'R3'},&,5.0,&
{'D7'},{'D4'},{'D3'},{'D6'},{'D1'},{'R2'},{'D5'},{'R3'},{'D2'},{'R1'},&,1.0,&
{'D7'},{'D4'},{'D3'},{'D6'},{'D1'},{'R2'},{'D5'},{'R1'},{'D2'},{'R3'},&,2.0,&
{'D7'},{'D4'},{'D3'},{'D6'},{'D1'},{'D2'},{'R2'},{'R3'},{'R1'},{'D5'},&,1.0,&
{'D7'},{'D4'},{'D3'},{'D6'},{'D1'},{'D2'},{'R2'},{'R3'},{'D5'},{'R1'},&,2.0,&
{'D7'},{'D4'},{'D3'},{'D6'},{'D1'},{'D2'},{'R2'},{'R1'},{'D5'},{'R3'},&,1.0,&
{'D7'},{'D4'},{'D3'},{'D6'},{'D1'},{'D2'},{'R2'},{'D5'},{'R3'},{'R1'},&,1.0,&
{'D7'},{'D4'},{'D3'},{'D6'},{'D1'},{'D2'},{'R2'},{'D5'},{'R1'},{'R3'},&,2.0,&
{'D7'},{'D4'},{'D3'},{'D6'},{'D1'},{'D2'},{'R3'},{'R2'},{'D5'},{'R1'},&,1.0,&
{'D7'},{'D4'},{'D3'},{'D6'},{'D1'},{'D2'},{'R3'},{'D5'},{'R2'},{'R1'},&,2.0,&
{'D7'},{'D4'},{'D3'},{'D6'},{'D1'},{'D2'},{'D5'},{'R3'},{'R1'},{'R2'},&,2.0,&
{'D7'},{'D4'},{'D3'},{'D6'},{'D1'},{'D2'},{'D5'},{'R3'},{'R2'},{'R1'},&,6.0,&
{'D7'},{'D4'},{'D3'},{'D6'},{'D1'},{'D2'},{'D5'},{'R2'},{'R3'},{'R1'},&,7.0,&
{'D7'},{'D4'},{'D3'},{'D6'},{'D1'},{'D2'},{'D5'},{'R2'},{'R1'},{'R3'},&,11.0,&
{'D7'},{'D4'},{'D3'},{'D6'},{'D1'},{'D2'},{'D5'},{'R1'},{'R3'},{'R2'},&,4.0,&
{'D7'},{'D4'},{'D3'},{'D6'},{'D1'},{'D2'},{'D5'},{'R1'},{'R2'},{'R3'},&,1.0,&
{'D7'},{'D4'},{'D3'},{'D6'},{'D1'},{'D2'},{'R1'},{'D5'},{'R3'},{'R2'},&,1.0,&
{'D7'},{'D4'},{'D3'},{'D6'},{'D1'},{'D2'},{'R1'},{'D5'},{'R2'},{'R3'},&,1.0,&
{'D7'},{'D4'},{'D3'},{'D6'},{'D1'},{'R1'},{'D5'},{'D2'},{'R3'},{'R2'},&,1.0,&
{'D7'},{'D4'},{'D3'},{'D6'},{'D1'},{'R1'},{'D5'},{'D2'},{'R2'},{'R3'},&,1.0,&
{'D7'},{'D4'},{'D3'},{'D6'},{'D1'},{'R1'},{'D5'},{'R2'},{'R3'},{'D2'},&,1.0,&
{'D7'},{'D4'},{'D3'},{'D6'},{'D1'},{'R1'},{'D5'},{'R2'},{'D2'},{'R3'},&,1.0,&
{'D7'},{'D4'},{'D3'},{'D6'},{'D1'},{'R3'},{'R2'},{'D5'},{'D2'},{'R1'},&,1.0,&
{'D7'},{'D4'},{'D3'},{'D6'},{'D1'},{'R3'},{'D5'},{'D2'},{'R1'},{'R2'},&,2.0,&
{'D7'},{'D4'},{'D3'},{'D6'},{'D1'},{'R3'},{'D5'},{'D2'},{'R2'},{'R1'},&,5.0,&
{'D7'},{'D4'},{'D3'},{'D6'},{'D1'},{'R3'},{'D5'},{'R2'},{'D2'},{'R1'},&,5.0,&
{'D7'},{'D4'},{'D3'},{'D6'},{'D5'},{'D1'},{'R2'},{'D2'},{'R3'},{'R1'},&,12.0,&
{'D7'},{'D4'},{'D3'},{'D6'},{'D5'},{'D1'},{'R2'},{'D2'},{'R1'},{'R3'},&,10.0,&
{'D7'},{'D4'},{'D3'},{'D6'},{'D5'},{'D1'},{'R2'},{'R3'},{'R1'},{'D2'},&,2.0,&
{'D7'},{'D4'},{'D3'},{'D6'},{'D5'},{'D1'},{'R2'},{'R3'},{'D2'},{'R1'},&,2.0,&
{'D7'},{'D4'},{'D3'},{'D6'},{'D5'},{'D1'},{'R2'},{'R1'},{'D2'},{'R3'},&,4.0,&
{'D7'},{'D4'},{'D3'},{'D6'},{'D5'},{'D1'},{'D2'},{'R3'},{'R1'},{'R2'},&,13.0,&
{'D7'},{'D4'},{'D3'},{'D6'},{'D5'},{'D1'},{'D2'},{'R3'},{'R2'},{'R1'},&,36.0,&
{'D7'},{'D4'},{'D3'},{'D6'},{'D5'},{'D1'},{'D2'},{'R2'},{'R3'},{'R1'},&,56.0,&
{'D7'},{'D4'},{'D3'},{'D6'},{'D5'},{'D1'},{'D2'},{'R2'},{'R1'},{'R3'},&,41.0,&
{'D7'},{'D4'},{'D3'},{'D6'},{'D5'},{'D1'},{'D2'},{'R1'},{'R3'},{'R2'},&,25.0,&
{'D7'},{'D4'},{'D3'},{'D6'},{'D5'},{'D1'},{'D2'},{'R1'},{'R2'},{'R3'},&,36.0,&
{'D7'},{'D4'},{'D3'},{'D6'},{'D5'},{'D1'},{'R3'},{'D2'},{'R1'},{'R2'},&,2.0,&
{'D7'},{'D4'},{'D3'},{'D6'},{'D5'},{'D1'},{'R3'},{'D2'},{'R2'},{'R1'},&,7.0,&
{'D7'},{'D4'},{'D3'},{'D6'},{'D5'},{'D1'},{'R3'},{'R2'},{'R1'},{'D2'},&,1.0,&
{'D7'},{'D4'},{'D3'},{'D6'},{'D5'},{'D1'},{'R3'},{'R2'},{'D2'},{'R1'},&,1.0,&
{'D7'},{'D4'},{'D3'},{'D6'},{'D5'},{'D1'},{'R3'},{'R1'},{'D2'},{'R2'},&,1.0,&
{'D7'},{'D4'},{'D3'},{'D6'},{'D5'},{'D1'},{'R1'},{'D2'},{'R3'},{'R2'},&,6.0,&
{'D7'},{'D4'},{'D3'},{'D6'},{'D5'},{'D1'},{'R1'},{'D2'},{'R2'},{'R3'},&,4.0,&
{'D7'},{'D4'},{'D3'},{'D6'},{'D5'},{'D1'},{'R1'},{'R3'},{'D2'},{'R2'},&,1.0,&
{'D7'},{'D4'},{'D3'},{'D6'},{'D5'},{'R2'},{'D2'},{'D1'},{'R3'},{'R1'},&,1.0,&
{'D7'},{'D4'},{'D3'},{'D6'},{'D5'},{'R2'},{'R1'},{'D1'},{'D2'},{'R3'},&,1.0,&
{'D7'},{'D4'},{'D3'},{'D6'},{'D5'},{'R2'},{'D1'},{'D2'},{'R3'},{'R1'},&,3.0,&
{'D7'},{'D4'},{'D3'},{'D6'},{'D5'},{'R2'},{'D1'},{'D2'},{'R1'},{'R3'},&,2.0,&
{'D7'},{'D4'},{'D3'},{'D6'},{'D5'},{'R2'},{'D1'},{'R1'},{'D2'},{'R3'},&,2.0,&
{'D7'},{'D4'},{'D3'},{'D6'},{'D5'},{'D2'},{'R3'},{'D1'},{'R2'},{'R1'},&,3.0,&
{'D7'},{'D4'},{'D3'},{'D6'},{'D5'},{'D2'},{'R1'},{'D1'},{'R3'},{'R2'},&,1.0,&
{'D7'},{'D4'},{'D3'},{'D6'},{'D5'},{'D2'},{'D1'},{'R3'},{'R1'},{'R2'},&,1.0,&
{'D7'},{'D4'},{'D3'},{'D6'},{'D5'},{'D2'},{'D1'},{'R3'},{'R2'},{'R1'},&,1.0,&
{'D7'},{'D4'},{'D3'},{'D6'},{'D5'},{'D2'},{'D1'},{'R2'},{'R3'},{'R1'},&,4.0,&
{'D7'},{'D4'},{'D3'},{'D6'},{'D5'},{'D2'},{'D1'},{'R2'},{'R1'},{'R3'},&,2.0,&
{'D7'},{'D4'},{'D3'},{'D6'},{'D5'},{'D2'},{'D1'},{'R1'},{'R2'},{'R3'},&,3.0,&
{'D7'},{'D4'},{'D3'},{'D6'},{'D5'},{'R1'},{'D2'},{'D1'},{'R3'},{'R2'},&,1.0,&
{'D7'},{'D4'},{'D3'},{'D6'},{'D5'},{'R1'},{'D1'},{'D2'},{'R2'},{'R3'},&,1.0,&
{'D7'},{'D4'},{'D3'},{'D6'},{'D5'},{'R3'},{'R2'},{'D1'},{'D2'},{'R1'},&,1.0,&
{'D7'},{'D4'},{'D3'},{'D6'},{'D5'},{'R3'},{'D1'},{'D2'},{'R2'},{'R1'},&,2.0,&
{'D7'},{'D4'},{'D3'},{'D6'},{'D5'},{'R3'},{'D1'},{'R1'},{'D2'},{'R2'},&,1.0,&
{'D7'},{'D4'},{'D3'},{'D6'},{'D2'},{'D5'},{'R2'},{'D1'},{'R3'},{'R1'},&,2.0,&
{'D7'},{'D4'},{'D3'},{'D6'},{'D2'},{'D5'},{'R2'},{'D1'},{'R1'},{'R3'},&,1.0,&
{'D7'},{'D4'},{'D3'},{'D6'},{'D2'},{'D5'},{'R3'},{'D1'},{'R2'},{'R1'},&,2.0,&
{'D7'},{'D4'},{'D3'},{'D6'},{'D2'},{'D5'},{'D1'},{'R3'},{'R1'},{'R2'},&,1.0,&
{'D7'},{'D4'},{'D3'},{'D6'},{'D2'},{'D5'},{'D1'},{'R3'},{'R2'},{'R1'},&,3.0,&
{'D7'},{'D4'},{'D3'},{'D6'},{'D2'},{'D5'},{'D1'},{'R2'},{'R3'},{'R1'},&,3.0,&
{'D7'},{'D4'},{'D3'},{'D6'},{'D2'},{'D5'},{'D1'},{'R2'},{'R1'},{'R3'},&,2.0,&
{'D7'},{'D4'},{'D3'},{'D6'},{'D2'},{'D5'},{'D1'},{'R1'},{'R2'},{'R3'},&,2.0,&
{'D7'},{'D4'},{'D3'},{'D6'},{'D2'},{'D1'},{'R2'},{'D5'},{'R1'},{'R3'},&,1.0,&
{'D7'},{'D4'},{'D3'},{'D6'},{'D2'},{'D1'},{'D5'},{'R3'},{'R1'},{'R2'},&,1.0,&
{'D7'},{'D4'},{'D3'},{'D6'},{'D2'},{'D1'},{'D5'},{'R3'},{'R2'},{'R1'},&,2.0,&
{'D7'},{'D4'},{'D3'},{'D6'},{'D2'},{'D1'},{'D5'},{'R2'},{'R3'},{'R1'},&,7.0,&
{'D7'},{'D4'},{'D3'},{'D6'},{'D2'},{'D1'},{'D5'},{'R2'},{'R1'},{'R3'},&,3.0,&
{'D7'},{'D4'},{'D3'},{'D6'},{'D2'},{'D1'},{'D5'},{'R1'},{'R2'},{'R3'},&,2.0,&
{'D7'},{'D4'},{'D3'},{'D6'},{'D2'},{'D1'},{'R1'},{'R3'},{'D5'},{'R2'},&,1.0,&
{'D7'},{'D4'},{'D3'},{'D6'},{'D2'},{'D1'},{'R1'},{'D5'},{'R2'},{'R3'},&,1.0,&
{'D7'},{'D4'},{'D3'},{'D6'},{'D2'},{'R2'},{'D5'},{'D1'},{'R3'},{'R1'},&,1.0,&
{'D7'},{'D4'},{'D3'},{'D6'},{'D2'},{'R3'},{'D1'},{'D5'},{'R2'},{'R1'},&,1.0,&
{'D7'},{'D4'},{'D3'},{'D6'},{'R1'},{'D1'},{'D5'},{'D2'},{'R3'},{'R2'},&,1.0,&
{'D7'},{'D4'},{'D3'},{'D6'},{'R2'},{'D5'},{'R3'},{'D1'},{'D2'},{'R1'},&,1.0,&
{'D7'},{'D4'},{'D3'},{'D6'},{'R2'},{'D5'},{'D1'},{'D2'},{'R3'},{'R1'},&,2.0,&
{'D7'},{'D4'},{'D3'},{'D6'},{'R2'},{'D1'},{'D5'},{'D2'},{'R1'},{'R3'},&,1.0,&
{'D7'},{'D4'},{'D3'},{'D6'},{'R2'},{'D1'},{'D5'},{'R3'},{'D2'},{'R1'},&,1.0,&
{'D7'},{'D4'},{'D3'},{'D6'},{'R2'},{'D1'},{'R1'},{'D5'},{'D2'},{'R3'},&,1.0,&
{'D7'},{'D4'},{'D3'},{'D6'},{'R3'},{'D1'},{'D2'},{'D5'},{'R2'},{'R1'},&,1.0,&
{'D7'},{'D4'},{'D3'},{'D6'},{'R3'},{'D1'},{'D5'},{'D2'},{'R1'},{'R2'},&,1.0,&
{'D7'},{'D4'},{'D3'},{'D2'},{'D6'},{'D5'},{'R1'},{'R2'},{'D1'},{'R3'},&,1.0,&
{'D7'},{'D4'},{'D3'},{'D2'},{'D6'},{'D5'},{'D1'},{'R3'},{'R1'},{'R2'},&,1.0,&
{'D7'},{'D4'},{'D3'},{'D2'},{'D6'},{'D1'},{'D5'},{'R2'},{'R3'},{'R1'},&,2.0,&
{'D7'},{'D4'},{'D3'},{'D2'},{'D6'},{'R3'},{'R1'},{'D1'},{'D5'},{'R2'},&,1.0,&
{'D7'},{'D4'},{'D5'},{'D1'},{'D3'},{'D6'},{'D2'},{'R3'},{'R1'},{'R2'},&,2.0,&
{'D7'},{'D4'},{'D5'},{'D1'},{'D3'},{'D6'},{'R1'},{'D2'},{'R3'},{'R2'},&,1.0,&
{'D7'},{'D4'},{'D5'},{'D1'},{'D6'},{'R2'},{'D3'},{'D2'},{'R1'},{'R3'},&,1.0,&
{'D7'},{'D4'},{'D5'},{'D1'},{'D6'},{'D3'},{'R2'},{'D2'},{'R3'},{'R1'},&,1.0,&
{'D7'},{'D4'},{'D5'},{'D1'},{'D6'},{'D3'},{'R2'},{'D2'},{'R1'},{'R3'},&,2.0,&
{'D7'},{'D4'},{'D5'},{'D1'},{'D6'},{'D3'},{'D2'},{'R3'},{'R1'},{'R2'},&,1.0,&
{'D7'},{'D4'},{'D5'},{'D1'},{'D6'},{'D3'},{'D2'},{'R3'},{'R2'},{'R1'},&,1.0,&
{'D7'},{'D4'},{'D5'},{'D1'},{'D6'},{'D3'},{'D2'},{'R2'},{'R1'},{'R3'},&,2.0,&
{'D7'},{'D4'},{'D5'},{'D1'},{'D6'},{'D3'},{'D2'},{'R1'},{'R3'},{'R2'},&,1.0,&
{'D7'},{'D4'},{'D5'},{'D1'},{'D6'},{'D3'},{'D2'},{'R1'},{'R2'},{'R3'},&,2.0,&
{'D7'},{'D4'},{'D5'},{'D6'},{'D3'},{'D1'},{'R2'},{'D2'},{'R3'},{'R1'},&,5.0,&
{'D7'},{'D4'},{'D5'},{'D6'},{'D3'},{'D1'},{'R2'},{'D2'},{'R1'},{'R3'},&,3.0,&
{'D7'},{'D4'},{'D5'},{'D6'},{'D3'},{'D1'},{'R2'},{'R3'},{'D2'},{'R1'},&,1.0,&
{'D7'},{'D4'},{'D5'},{'D6'},{'D3'},{'D1'},{'R2'},{'R1'},{'D2'},{'R3'},&,1.0,&
{'D7'},{'D4'},{'D5'},{'D6'},{'D3'},{'D1'},{'D2'},{'R3'},{'R1'},{'R2'},&,1.0,&
{'D7'},{'D4'},{'D5'},{'D6'},{'D3'},{'D1'},{'D2'},{'R3'},{'R2'},{'R1'},&,12.0,&
{'D7'},{'D4'},{'D5'},{'D6'},{'D3'},{'D1'},{'D2'},{'R2'},{'R3'},{'R1'},&,7.0,&
{'D7'},{'D4'},{'D5'},{'D6'},{'D3'},{'D1'},{'D2'},{'R2'},{'R1'},{'R3'},&,6.0,&
{'D7'},{'D4'},{'D5'},{'D6'},{'D3'},{'D1'},{'D2'},{'R1'},{'R3'},{'R2'},&,2.0,&
{'D7'},{'D4'},{'D5'},{'D6'},{'D3'},{'D1'},{'D2'},{'R1'},{'R2'},{'R3'},&,8.0,&
{'D7'},{'D4'},{'D5'},{'D6'},{'D3'},{'D1'},{'R3'},{'D2'},{'R1'},{'R2'},&,2.0,&
{'D7'},{'D4'},{'D5'},{'D6'},{'D3'},{'D1'},{'R3'},{'D2'},{'R2'},{'R1'},&,3.0,&
{'D7'},{'D4'},{'D5'},{'D6'},{'D3'},{'D1'},{'R1'},{'D2'},{'R3'},{'R2'},&,1.0,&
{'D7'},{'D4'},{'D5'},{'D6'},{'D3'},{'D1'},{'R1'},{'D2'},{'R2'},{'R3'},&,3.0,&
{'D7'},{'D4'},{'D5'},{'D6'},{'D3'},{'D1'},{'R1'},{'R2'},{'D2'},{'R3'},&,2.0,&
{'D7'},{'D4'},{'D5'},{'D6'},{'D3'},{'R2'},{'R3'},{'D1'},{'D2'},{'R1'},&,1.0,&
{'D7'},{'D4'},{'D5'},{'D6'},{'D3'},{'R2'},{'D1'},{'D2'},{'R3'},{'R1'},&,1.0,&
{'D7'},{'D4'},{'D5'},{'D6'},{'D3'},{'R2'},{'D1'},{'D2'},{'R1'},{'R3'},&,1.0,&
{'D7'},{'D4'},{'D5'},{'D6'},{'D3'},{'D2'},{'R1'},{'D1'},{'R3'},{'R2'},&,1.0,&
{'D7'},{'D4'},{'D5'},{'D6'},{'D3'},{'D2'},{'D1'},{'R3'},{'R2'},{'R1'},&,1.0,&
{'D7'},{'D4'},{'D5'},{'D6'},{'D3'},{'R3'},{'D1'},{'D2'},{'R2'},{'R1'},&,1.0,&
{'D7'},{'D4'},{'D5'},{'D6'},{'D1'},{'D3'},{'R2'},{'R1'},{'D2'},{'R3'},&,1.0,&
{'D7'},{'D4'},{'D5'},{'D6'},{'D1'},{'D3'},{'D2'},{'R3'},{'R1'},{'R2'},&,2.0,&
{'D7'},{'D4'},{'D5'},{'D6'},{'D1'},{'D3'},{'D2'},{'R3'},{'R2'},{'R1'},&,1.0,&
{'D7'},{'D4'},{'D5'},{'D6'},{'D1'},{'D3'},{'D2'},{'R2'},{'R3'},{'R1'},&,4.0,&
{'D7'},{'D4'},{'D5'},{'D6'},{'D1'},{'D3'},{'D2'},{'R2'},{'R1'},{'R3'},&,3.0,&
{'D7'},{'D4'},{'D5'},{'D6'},{'D1'},{'D3'},{'D2'},{'R1'},{'R2'},{'R3'},&,3.0,&
{'D7'},{'D4'},{'D5'},{'D6'},{'D1'},{'D3'},{'R3'},{'D2'},{'R1'},{'R2'},&,1.0,&
{'D7'},{'D4'},{'D5'},{'D6'},{'D1'},{'D3'},{'R3'},{'D2'},{'R2'},{'R1'},&,1.0,&
{'D7'},{'D4'},{'D5'},{'D6'},{'D1'},{'D3'},{'R1'},{'D2'},{'R3'},{'R2'},&,1.0,&
{'D7'},{'D4'},{'D5'},{'D6'},{'R2'},{'D1'},{'D3'},{'D2'},{'R1'},{'R3'},&,1.0,&
{'D7'},{'D4'},{'D5'},{'D6'},{'R2'},{'D3'},{'D1'},{'D2'},{'R1'},{'R3'},&,1.0,&
{'D7'},{'D4'},{'D5'},{'D6'},{'R3'},{'D3'},{'D1'},{'D2'},{'R1'},{'R2'},&,1.0,&
{'D7'},{'D4'},{'D5'},{'D3'},{'D1'},{'D6'},{'D2'},{'R1'},{'R3'},{'R2'},&,1.0,&
{'D7'},{'D4'},{'D5'},{'D3'},{'D1'},{'D6'},{'D2'},{'R1'},{'R2'},{'R3'},&,1.0,&
{'D7'},{'D4'},{'D5'},{'D3'},{'D1'},{'D6'},{'R3'},{'D2'},{'R2'},{'R1'},&,1.0,&
{'D7'},{'D4'},{'D5'},{'D3'},{'D6'},{'D1'},{'R2'},{'D2'},{'R3'},{'R1'},&,2.0,&
{'D7'},{'D4'},{'D5'},{'D3'},{'D6'},{'D1'},{'R2'},{'D2'},{'R1'},{'R3'},&,1.0,&
{'D7'},{'D4'},{'D5'},{'D3'},{'D6'},{'D1'},{'D2'},{'R3'},{'R1'},{'R2'},&,2.0,&
{'D7'},{'D4'},{'D5'},{'D3'},{'D6'},{'D1'},{'D2'},{'R3'},{'R2'},{'R1'},&,3.0,&
{'D7'},{'D4'},{'D5'},{'D3'},{'D6'},{'D1'},{'D2'},{'R2'},{'R3'},{'R1'},&,9.0,&
{'D7'},{'D4'},{'D5'},{'D3'},{'D6'},{'D1'},{'D2'},{'R2'},{'R1'},{'R3'},&,4.0,&
{'D7'},{'D4'},{'D5'},{'D3'},{'D6'},{'D1'},{'D2'},{'R1'},{'R2'},{'R3'},&,9.0,&
{'D7'},{'D4'},{'D5'},{'D3'},{'D6'},{'D1'},{'R3'},{'R2'},{'D2'},{'R1'},&,1.0,&
{'D7'},{'D4'},{'D5'},{'D3'},{'D6'},{'D1'},{'R1'},{'D2'},{'R2'},{'R3'},&,1.0,&
{'D7'},{'D4'},{'D5'},{'D3'},{'D6'},{'D2'},{'R3'},{'D1'},{'R2'},{'R1'},&,1.0,&
{'D7'},{'D4'},{'D5'},{'D3'},{'D6'},{'R1'},{'D1'},{'D2'},{'R2'},{'R3'},&,1.0,&
{'D7'},{'D4'},{'D5'},{'D3'},{'D6'},{'R3'},{'D1'},{'R1'},{'D2'},{'R2'},&,1.0,&
{'D7'},{'D4'},{'D5'},{'D3'},{'R2'},{'D1'},{'D6'},{'D2'},{'R3'},{'R1'},&,1.0,&
{'D7'},{'D4'},{'D5'},{'D3'},{'R2'},{'D6'},{'D2'},{'D1'},{'R1'},{'R3'},&,1.0,&
{'D7'},{'D4'},{'D6'},{'D1'},{'D3'},{'D5'},{'R2'},{'D2'},{'R3'},{'R1'},&,22.0,&
{'D7'},{'D4'},{'D6'},{'D1'},{'D3'},{'D5'},{'R2'},{'D2'},{'R1'},{'R3'},&,10.0,&
{'D7'},{'D4'},{'D6'},{'D1'},{'D3'},{'D5'},{'R2'},{'R3'},{'D2'},{'R1'},&,2.0,&
{'D7'},{'D4'},{'D6'},{'D1'},{'D3'},{'D5'},{'R2'},{'R1'},{'D2'},{'R3'},&,3.0,&
{'D7'},{'D4'},{'D6'},{'D1'},{'D3'},{'D5'},{'D2'},{'R3'},{'R1'},{'R2'},&,27.0,&
{'D7'},{'D4'},{'D6'},{'D1'},{'D3'},{'D5'},{'D2'},{'R3'},{'R2'},{'R1'},&,43.0,&
{'D7'},{'D4'},{'D6'},{'D1'},{'D3'},{'D5'},{'D2'},{'R2'},{'R3'},{'R1'},&,64.0,&
{'D7'},{'D4'},{'D6'},{'D1'},{'D3'},{'D5'},{'D2'},{'R2'},{'R1'},{'R3'},&,48.0,&
{'D7'},{'D4'},{'D6'},{'D1'},{'D3'},{'D5'},{'D2'},{'R1'},{'R3'},{'R2'},&,24.0,&
{'D7'},{'D4'},{'D6'},{'D1'},{'D3'},{'D5'},{'D2'},{'R1'},{'R2'},{'R3'},&,40.0,&
{'D7'},{'D4'},{'D6'},{'D1'},{'D3'},{'D5'},{'R3'},{'D2'},{'R1'},{'R2'},&,4.0,&
{'D7'},{'D4'},{'D6'},{'D1'},{'D3'},{'D5'},{'R3'},{'D2'},{'R2'},{'R1'},&,11.0,&
{'D7'},{'D4'},{'D6'},{'D1'},{'D3'},{'D5'},{'R3'},{'R2'},{'R1'},{'D2'},&,2.0,&
{'D7'},{'D4'},{'D6'},{'D1'},{'D3'},{'D5'},{'R3'},{'R2'},{'D2'},{'R1'},&,1.0,&
{'D7'},{'D4'},{'D6'},{'D1'},{'D3'},{'D5'},{'R3'},{'R1'},{'D2'},{'R2'},&,2.0,&
{'D7'},{'D4'},{'D6'},{'D1'},{'D3'},{'D5'},{'R1'},{'D2'},{'R3'},{'R2'},&,3.0,&
{'D7'},{'D4'},{'D6'},{'D1'},{'D3'},{'D5'},{'R1'},{'D2'},{'R2'},{'R3'},&,11.0,&
{'D7'},{'D4'},{'D6'},{'D1'},{'D3'},{'D5'},{'R1'},{'R3'},{'D2'},{'R2'},&,2.0,&
{'D7'},{'D4'},{'D6'},{'D1'},{'D3'},{'D5'},{'R1'},{'R2'},{'D2'},{'R3'},&,1.0,&
{'D7'},{'D4'},{'D6'},{'D1'},{'D3'},{'R2'},{'D2'},{'R1'},{'R3'},{'D5'},&,1.0,&
{'D7'},{'D4'},{'D6'},{'D1'},{'D3'},{'R2'},{'D2'},{'D5'},{'R1'},{'R3'},&,1.0,&
{'D7'},{'D4'},{'D6'},{'D1'},{'D3'},{'R2'},{'D5'},{'D2'},{'R3'},{'R1'},&,5.0,&
{'D7'},{'D4'},{'D6'},{'D1'},{'D3'},{'D2'},{'R2'},{'D5'},{'R3'},{'R1'},&,3.0,&
{'D7'},{'D4'},{'D6'},{'D1'},{'D3'},{'D2'},{'R2'},{'D5'},{'R1'},{'R3'},&,2.0,&
{'D7'},{'D4'},{'D6'},{'D1'},{'D3'},{'D2'},{'R3'},{'D5'},{'R2'},{'R1'},&,1.0,&
{'D7'},{'D4'},{'D6'},{'D1'},{'D3'},{'D2'},{'D5'},{'R3'},{'R1'},{'R2'},&,2.0,&
{'D7'},{'D4'},{'D6'},{'D1'},{'D3'},{'D2'},{'D5'},{'R3'},{'R2'},{'R1'},&,9.0,&
{'D7'},{'D4'},{'D6'},{'D1'},{'D3'},{'D2'},{'D5'},{'R2'},{'R3'},{'R1'},&,8.0,&
{'D7'},{'D4'},{'D6'},{'D1'},{'D3'},{'D2'},{'D5'},{'R2'},{'R1'},{'R3'},&,5.0,&
{'D7'},{'D4'},{'D6'},{'D1'},{'D3'},{'D2'},{'D5'},{'R1'},{'R3'},{'R2'},&,3.0,&
{'D7'},{'D4'},{'D6'},{'D1'},{'D3'},{'D2'},{'D5'},{'R1'},{'R2'},{'R3'},&,4.0,&
{'D7'},{'D4'},{'D6'},{'D1'},{'D3'},{'D2'},{'R1'},{'D5'},{'R3'},{'R2'},&,1.0,&
{'D7'},{'D4'},{'D6'},{'D1'},{'D3'},{'D2'},{'R1'},{'D5'},{'R2'},{'R3'},&,2.0,&
{'D7'},{'D4'},{'D6'},{'D1'},{'D3'},{'R1'},{'R2'},{'D5'},{'D2'},{'R3'},&,1.0,&
{'D7'},{'D4'},{'D6'},{'D1'},{'D3'},{'R1'},{'D5'},{'D2'},{'R2'},{'R3'},&,4.0,&
{'D7'},{'D4'},{'D6'},{'D1'},{'D3'},{'R1'},{'D5'},{'R3'},{'D2'},{'R2'},&,1.0,&
{'D7'},{'D4'},{'D6'},{'D1'},{'D3'},{'R3'},{'D5'},{'D2'},{'R1'},{'R2'},&,1.0,&
{'D7'},{'D4'},{'D6'},{'D1'},{'D3'},{'R3'},{'D5'},{'D2'},{'R2'},{'R1'},&,3.0,&
{'D7'},{'D4'},{'D6'},{'D1'},{'D5'},{'R2'},{'D3'},{'R3'},{'D2'},{'R1'},&,1.0,&
{'D7'},{'D4'},{'D6'},{'D1'},{'D5'},{'D3'},{'R2'},{'D2'},{'R3'},{'R1'},&,4.0,&
{'D7'},{'D4'},{'D6'},{'D1'},{'D5'},{'D3'},{'R2'},{'D2'},{'R1'},{'R3'},&,2.0,&
{'D7'},{'D4'},{'D6'},{'D1'},{'D5'},{'D3'},{'R2'},{'R3'},{'R1'},{'D2'},&,1.0,&
{'D7'},{'D4'},{'D6'},{'D1'},{'D5'},{'D3'},{'R2'},{'R3'},{'D2'},{'R1'},&,1.0,&
{'D7'},{'D4'},{'D6'},{'D1'},{'D5'},{'D3'},{'R2'},{'R1'},{'D2'},{'R3'},&,1.0,&
{'D7'},{'D4'},{'D6'},{'D1'},{'D5'},{'D3'},{'D2'},{'R3'},{'R1'},{'R2'},&,5.0,&
{'D7'},{'D4'},{'D6'},{'D1'},{'D5'},{'D3'},{'D2'},{'R3'},{'R2'},{'R1'},&,9.0,&
{'D7'},{'D4'},{'D6'},{'D1'},{'D5'},{'D3'},{'D2'},{'R2'},{'R3'},{'R1'},&,11.0,&
{'D7'},{'D4'},{'D6'},{'D1'},{'D5'},{'D3'},{'D2'},{'R2'},{'R1'},{'R3'},&,14.0,&
{'D7'},{'D4'},{'D6'},{'D1'},{'D5'},{'D3'},{'D2'},{'R1'},{'R3'},{'R2'},&,5.0,&
{'D7'},{'D4'},{'D6'},{'D1'},{'D5'},{'D3'},{'D2'},{'R1'},{'R2'},{'R3'},&,6.0,&
{'D7'},{'D4'},{'D6'},{'D1'},{'D5'},{'D3'},{'R3'},{'D2'},{'R2'},{'R1'},&,2.0,&
{'D7'},{'D4'},{'D6'},{'D1'},{'D5'},{'D3'},{'R1'},{'D2'},{'R3'},{'R2'},&,2.0,&
{'D7'},{'D4'},{'D6'},{'D1'},{'D5'},{'D3'},{'R1'},{'D2'},{'R2'},{'R3'},&,2.0,&
{'D7'},{'D4'},{'D6'},{'D1'},{'D5'},{'R1'},{'D3'},{'D2'},{'R2'},{'R3'},&,1.0,&
{'D7'},{'D4'},{'D6'},{'D1'},{'D2'},{'D3'},{'D5'},{'R2'},{'R1'},{'R3'},&,4.0,&
{'D7'},{'D4'},{'D6'},{'D1'},{'D2'},{'D3'},{'R1'},{'D5'},{'R2'},{'R3'},&,1.0,&
{'D7'},{'D4'},{'D6'},{'D1'},{'R1'},{'D5'},{'R2'},{'D3'},{'D2'},{'R3'},&,1.0,&
{'D7'},{'D4'},{'D6'},{'D1'},{'R1'},{'D3'},{'D5'},{'D2'},{'R2'},{'R3'},&,1.0,&
{'D7'},{'D4'},{'D6'},{'D1'},{'R2'},{'D5'},{'D3'},{'D2'},{'R3'},{'R1'},&,1.0,&
{'D7'},{'D4'},{'D6'},{'D1'},{'R2'},{'D3'},{'D5'},{'D2'},{'R3'},{'R1'},&,1.0,&
{'D7'},{'D4'},{'D6'},{'D1'},{'R2'},{'D3'},{'D5'},{'D2'},{'R1'},{'R3'},&,1.0,&
{'D7'},{'D4'},{'D6'},{'D1'},{'R2'},{'D3'},{'R1'},{'D5'},{'D2'},{'R3'},&,1.0,&
{'D7'},{'D4'},{'D6'},{'D1'},{'R3'},{'D3'},{'D5'},{'D2'},{'R2'},{'R1'},&,1.0,&
{'D7'},{'D4'},{'D6'},{'D5'},{'D3'},{'D1'},{'R2'},{'D2'},{'R3'},{'R1'},&,8.0,&
{'D7'},{'D4'},{'D6'},{'D5'},{'D3'},{'D1'},{'R2'},{'D2'},{'R1'},{'R3'},&,4.0,&
{'D7'},{'D4'},{'D6'},{'D5'},{'D3'},{'D1'},{'R2'},{'R3'},{'R1'},{'D2'},&,1.0,&
{'D7'},{'D4'},{'D6'},{'D5'},{'D3'},{'D1'},{'R2'},{'R3'},{'D2'},{'R1'},&,1.0,&
{'D7'},{'D4'},{'D6'},{'D5'},{'D3'},{'D1'},{'R2'},{'R1'},{'R3'},{'D2'},&,1.0,&
{'D7'},{'D4'},{'D6'},{'D5'},{'D3'},{'D1'},{'D2'},{'R3'},{'R1'},{'R2'},&,10.0,&
{'D7'},{'D4'},{'D6'},{'D5'},{'D3'},{'D1'},{'D2'},{'R3'},{'R2'},{'R1'},&,24.0,&
{'D7'},{'D4'},{'D6'},{'D5'},{'D3'},{'D1'},{'D2'},{'R2'},{'R3'},{'R1'},&,28.0,&
{'D7'},{'D4'},{'D6'},{'D5'},{'D3'},{'D1'},{'D2'},{'R2'},{'R1'},{'R3'},&,27.0,&
{'D7'},{'D4'},{'D6'},{'D5'},{'D3'},{'D1'},{'D2'},{'R1'},{'R3'},{'R2'},&,13.0,&
{'D7'},{'D4'},{'D6'},{'D5'},{'D3'},{'D1'},{'D2'},{'R1'},{'R2'},{'R3'},&,18.0,&
{'D7'},{'D4'},{'D6'},{'D5'},{'D3'},{'D1'},{'R3'},{'D2'},{'R1'},{'R2'},&,6.0,&
{'D7'},{'D4'},{'D6'},{'D5'},{'D3'},{'D1'},{'R3'},{'D2'},{'R2'},{'R1'},&,9.0,&
{'D7'},{'D4'},{'D6'},{'D5'},{'D3'},{'D1'},{'R1'},{'D2'},{'R3'},{'R2'},&,4.0,&
{'D7'},{'D4'},{'D6'},{'D5'},{'D3'},{'D1'},{'R1'},{'D2'},{'R2'},{'R3'},&,8.0,&
{'D7'},{'D4'},{'D6'},{'D5'},{'D3'},{'D1'},{'R1'},{'R2'},{'D2'},{'R3'},&,3.0,&
{'D7'},{'D4'},{'D6'},{'D5'},{'D3'},{'R2'},{'D1'},{'D2'},{'R3'},{'R1'},&,3.0,&
{'D7'},{'D4'},{'D6'},{'D5'},{'D3'},{'R2'},{'D1'},{'D2'},{'R1'},{'R3'},&,2.0,&
{'D7'},{'D4'},{'D6'},{'D5'},{'D3'},{'D2'},{'R3'},{'D1'},{'R2'},{'R1'},&,1.0,&
{'D7'},{'D4'},{'D6'},{'D5'},{'D3'},{'D2'},{'R1'},{'R2'},{'D1'},{'R3'},&,1.0,&
{'D7'},{'D4'},{'D6'},{'D5'},{'D3'},{'D2'},{'D1'},{'R3'},{'R2'},{'R1'},&,1.0,&
{'D7'},{'D4'},{'D6'},{'D5'},{'D3'},{'D2'},{'D1'},{'R2'},{'R3'},{'R1'},&,1.0,&
{'D7'},{'D4'},{'D6'},{'D5'},{'D3'},{'D2'},{'D1'},{'R2'},{'R1'},{'R3'},&,1.0,&
{'D7'},{'D4'},{'D6'},{'D5'},{'D3'},{'D2'},{'D1'},{'R1'},{'R2'},{'R3'},&,1.0,&
{'D7'},{'D4'},{'D6'},{'D5'},{'D3'},{'R1'},{'D1'},{'D2'},{'R3'},{'R2'},&,1.0,&
{'D7'},{'D4'},{'D6'},{'D5'},{'D3'},{'R1'},{'D1'},{'R3'},{'D2'},{'R2'},&,1.0,&
{'D7'},{'D4'},{'D6'},{'D5'},{'D3'},{'R1'},{'D1'},{'R2'},{'D2'},{'R3'},&,1.0,&
{'D7'},{'D4'},{'D6'},{'D5'},{'D3'},{'R3'},{'D1'},{'D2'},{'R1'},{'R2'},&,2.0,&
{'D7'},{'D4'},{'D6'},{'D5'},{'D3'},{'R3'},{'D1'},{'D2'},{'R2'},{'R1'},&,1.0,&
{'D7'},{'D4'},{'D6'},{'D5'},{'D1'},{'R2'},{'D3'},{'D2'},{'R3'},{'R1'},&,1.0,&
{'D7'},{'D4'},{'D6'},{'D5'},{'D1'},{'R2'},{'D3'},{'D2'},{'R1'},{'R3'},&,1.0,&
{'D7'},{'D4'},{'D6'},{'D5'},{'D1'},{'D3'},{'R2'},{'D2'},{'R3'},{'R1'},&,5.0,&
{'D7'},{'D4'},{'D6'},{'D5'},{'D1'},{'D3'},{'R2'},{'D2'},{'R1'},{'R3'},&,3.0,&
{'D7'},{'D4'},{'D6'},{'D5'},{'D1'},{'D3'},{'D2'},{'R3'},{'R1'},{'R2'},&,1.0,&
{'D7'},{'D4'},{'D6'},{'D5'},{'D1'},{'D3'},{'D2'},{'R3'},{'R2'},{'R1'},&,13.0,&
{'D7'},{'D4'},{'D6'},{'D5'},{'D1'},{'D3'},{'D2'},{'R2'},{'R3'},{'R1'},&,13.0,&
{'D7'},{'D4'},{'D6'},{'D5'},{'D1'},{'D3'},{'D2'},{'R2'},{'R1'},{'R3'},&,6.0,&
{'D7'},{'D4'},{'D6'},{'D5'},{'D1'},{'D3'},{'D2'},{'R1'},{'R3'},{'R2'},&,5.0,&
{'D7'},{'D4'},{'D6'},{'D5'},{'D1'},{'D3'},{'D2'},{'R1'},{'R2'},{'R3'},&,2.0,&
{'D7'},{'D4'},{'D6'},{'D5'},{'D1'},{'D3'},{'R3'},{'D2'},{'R1'},{'R2'},&,2.0,&
{'D7'},{'D4'},{'D6'},{'D5'},{'D1'},{'D3'},{'R3'},{'D2'},{'R2'},{'R1'},&,2.0,&
{'D7'},{'D4'},{'D6'},{'D5'},{'D1'},{'D3'},{'R3'},{'R2'},{'D2'},{'R1'},&,1.0,&
{'D7'},{'D4'},{'D6'},{'D5'},{'D1'},{'D3'},{'R1'},{'D2'},{'R2'},{'R3'},&,1.0,&
{'D7'},{'D4'},{'D6'},{'D5'},{'D1'},{'D3'},{'R1'},{'R2'},{'R3'},{'D2'},&,1.0,&
{'D7'},{'D4'},{'D6'},{'D5'},{'D1'},{'D3'},{'R1'},{'R2'},{'D2'},{'R3'},&,1.0,&
{'D7'},{'D4'},{'D6'},{'D5'},{'D2'},{'D1'},{'D3'},{'R1'},{'R3'},{'R2'},&,1.0,&
{'D7'},{'D4'},{'D6'},{'D5'},{'D2'},{'D3'},{'R3'},{'D1'},{'R1'},{'R2'},&,1.0,&
{'D7'},{'D4'},{'D6'},{'D5'},{'D2'},{'D3'},{'D1'},{'R2'},{'R1'},{'R3'},&,1.0,&
{'D7'},{'D4'},{'D6'},{'D5'},{'D2'},{'D3'},{'D1'},{'R1'},{'R2'},{'R3'},&,1.0,&
{'D7'},{'D4'},{'D6'},{'D5'},{'R1'},{'D3'},{'D2'},{'D1'},{'R3'},{'R2'},&,1.0,&
{'D7'},{'D4'},{'D6'},{'D5'},{'R1'},{'D3'},{'D1'},{'D2'},{'R3'},{'R2'},&,1.0,&
{'D7'},{'D4'},{'D6'},{'D5'},{'R2'},{'D3'},{'R3'},{'D1'},{'R1'},{'D2'},&,1.0,&
{'D7'},{'D4'},{'D6'},{'D5'},{'R2'},{'D3'},{'R1'},{'D1'},{'R3'},{'D2'},&,1.0,&
{'D7'},{'D4'},{'D6'},{'D5'},{'R2'},{'D3'},{'D1'},{'D2'},{'R3'},{'R1'},&,1.0,&
{'D7'},{'D4'},{'D6'},{'D5'},{'R2'},{'D3'},{'D1'},{'D2'},{'R1'},{'R3'},&,1.0,&
{'D7'},{'D4'},{'D6'},{'D5'},{'R2'},{'D3'},{'D1'},{'R1'},{'D2'},{'R3'},&,1.0,&
{'D7'},{'D4'},{'D6'},{'D5'},{'R3'},{'D3'},{'D1'},{'D2'},{'R2'},{'R1'},&,2.0,&
{'D7'},{'D4'},{'D6'},{'D5'},{'R3'},{'D3'},{'D1'},{'R1'},{'D2'},{'R2'},&,1.0,&
{'D7'},{'D4'},{'D6'},{'D3'},{'D1'},{'D5'},{'R2'},{'D2'},{'R3'},{'R1'},&,38.0,&
{'D7'},{'D4'},{'D6'},{'D3'},{'D1'},{'D5'},{'R2'},{'D2'},{'R1'},{'R3'},&,29.0,&
{'D7'},{'D4'},{'D6'},{'D3'},{'D1'},{'D5'},{'R2'},{'R3'},{'D2'},{'R1'},&,6.0,&
{'D7'},{'D4'},{'D6'},{'D3'},{'D1'},{'D5'},{'R2'},{'R1'},{'R3'},{'D2'},&,1.0,&
{'D7'},{'D4'},{'D6'},{'D3'},{'D1'},{'D5'},{'R2'},{'R1'},{'D2'},{'R3'},&,7.0,&
{'D7'},{'D4'},{'D6'},{'D3'},{'D1'},{'D5'},{'D2'},{'R3'},{'R1'},{'R2'},&,57.0,&
{'D7'},{'D4'},{'D6'},{'D3'},{'D1'},{'D5'},{'D2'},{'R3'},{'R2'},{'R1'},&,112.0,&
{'D7'},{'D4'},{'D6'},{'D3'},{'D1'},{'D5'},{'D2'},{'R2'},{'R3'},{'R1'},&,178.0,&
{'D7'},{'D4'},{'D6'},{'D3'},{'D1'},{'D5'},{'D2'},{'R2'},{'R1'},{'R3'},&,114.0,&
{'D7'},{'D4'},{'D6'},{'D3'},{'D1'},{'D5'},{'D2'},{'R1'},{'R3'},{'R2'},&,54.0,&
{'D7'},{'D4'},{'D6'},{'D3'},{'D1'},{'D5'},{'D2'},{'R1'},{'R2'},{'R3'},&,93.0,&
{'D7'},{'D4'},{'D6'},{'D3'},{'D1'},{'D5'},{'R3'},{'D2'},{'R1'},{'R2'},&,12.0,&
{'D7'},{'D4'},{'D6'},{'D3'},{'D1'},{'D5'},{'R3'},{'D2'},{'R2'},{'R1'},&,36.0,&
{'D7'},{'D4'},{'D6'},{'D3'},{'D1'},{'D5'},{'R3'},{'R2'},{'R1'},{'D2'},&,3.0,&
{'D7'},{'D4'},{'D6'},{'D3'},{'D1'},{'D5'},{'R3'},{'R2'},{'D2'},{'R1'},&,9.0,&
{'D7'},{'D4'},{'D6'},{'D3'},{'D1'},{'D5'},{'R3'},{'R1'},{'D2'},{'R2'},&,4.0,&
{'D7'},{'D4'},{'D6'},{'D3'},{'D1'},{'D5'},{'R3'},{'R1'},{'R2'},{'D2'},&,1.0,&
{'D7'},{'D4'},{'D6'},{'D3'},{'D1'},{'D5'},{'R1'},{'D2'},{'R3'},{'R2'},&,11.0,&
{'D7'},{'D4'},{'D6'},{'D3'},{'D1'},{'D5'},{'R1'},{'D2'},{'R2'},{'R3'},&,17.0,&
{'D7'},{'D4'},{'D6'},{'D3'},{'D1'},{'D5'},{'R1'},{'R3'},{'D2'},{'R2'},&,2.0,&
{'D7'},{'D4'},{'D6'},{'D3'},{'D1'},{'D5'},{'R1'},{'R2'},{'D2'},{'R3'},&,2.0,&
{'D7'},{'D4'},{'D6'},{'D3'},{'D1'},{'R2'},{'D2'},{'D5'},{'R3'},{'R1'},&,2.0,&
{'D7'},{'D4'},{'D6'},{'D3'},{'D1'},{'R2'},{'D2'},{'D5'},{'R1'},{'R3'},&,1.0,&
{'D7'},{'D4'},{'D6'},{'D3'},{'D1'},{'R2'},{'R3'},{'D5'},{'R1'},{'D2'},&,1.0,&
{'D7'},{'D4'},{'D6'},{'D3'},{'D1'},{'R2'},{'R3'},{'D5'},{'D2'},{'R1'},&,1.0,&
{'D7'},{'D4'},{'D6'},{'D3'},{'D1'},{'R2'},{'D5'},{'D2'},{'R3'},{'R1'},&,11.0,&
{'D7'},{'D4'},{'D6'},{'D3'},{'D1'},{'R2'},{'D5'},{'D2'},{'R1'},{'R3'},&,5.0,&
{'D7'},{'D4'},{'D6'},{'D3'},{'D1'},{'R2'},{'D5'},{'R3'},{'D2'},{'R1'},&,8.0,&
{'D7'},{'D4'},{'D6'},{'D3'},{'D1'},{'R2'},{'D5'},{'R1'},{'D2'},{'R3'},&,7.0,&
{'D7'},{'D4'},{'D6'},{'D3'},{'D1'},{'R2'},{'R1'},{'D5'},{'D2'},{'R3'},&,1.0,&
{'D7'},{'D4'},{'D6'},{'D3'},{'D1'},{'D2'},{'R2'},{'D5'},{'R3'},{'R1'},&,2.0,&
{'D7'},{'D4'},{'D6'},{'D3'},{'D1'},{'D2'},{'R2'},{'D5'},{'R1'},{'R3'},&,5.0,&
{'D7'},{'D4'},{'D6'},{'D3'},{'D1'},{'D2'},{'R3'},{'R2'},{'D5'},{'R1'},&,1.0,&
{'D7'},{'D4'},{'D6'},{'D3'},{'D1'},{'D2'},{'R3'},{'D5'},{'R1'},{'R2'},&,2.0,&
{'D7'},{'D4'},{'D6'},{'D3'},{'D1'},{'D2'},{'R3'},{'D5'},{'R2'},{'R1'},&,1.0,&
{'D7'},{'D4'},{'D6'},{'D3'},{'D1'},{'D2'},{'D5'},{'R3'},{'R1'},{'R2'},&,13.0,&
{'D7'},{'D4'},{'D6'},{'D3'},{'D1'},{'D2'},{'D5'},{'R3'},{'R2'},{'R1'},&,8.0,&
{'D7'},{'D4'},{'D6'},{'D3'},{'D1'},{'D2'},{'D5'},{'R2'},{'R3'},{'R1'},&,12.0,&
{'D7'},{'D4'},{'D6'},{'D3'},{'D1'},{'D2'},{'D5'},{'R2'},{'R1'},{'R3'},&,19.0,&
{'D7'},{'D4'},{'D6'},{'D3'},{'D1'},{'D2'},{'D5'},{'R1'},{'R3'},{'R2'},&,3.0,&
{'D7'},{'D4'},{'D6'},{'D3'},{'D1'},{'D2'},{'D5'},{'R1'},{'R2'},{'R3'},&,11.0,&
{'D7'},{'D4'},{'D6'},{'D3'},{'D1'},{'D2'},{'R1'},{'R3'},{'D5'},{'R2'},&,1.0,&
{'D7'},{'D4'},{'D6'},{'D3'},{'D1'},{'D2'},{'R1'},{'D5'},{'R2'},{'R3'},&,3.0,&
{'D7'},{'D4'},{'D6'},{'D3'},{'D1'},{'R1'},{'R2'},{'D5'},{'R3'},{'D2'},&,1.0,&
{'D7'},{'D4'},{'D6'},{'D3'},{'D1'},{'R1'},{'D5'},{'D2'},{'R3'},{'R2'},&,5.0,&
{'D7'},{'D4'},{'D6'},{'D3'},{'D1'},{'R1'},{'D5'},{'D2'},{'R2'},{'R3'},&,7.0,&
{'D7'},{'D4'},{'D6'},{'D3'},{'D1'},{'R1'},{'D5'},{'R2'},{'D2'},{'R3'},&,1.0,&
{'D7'},{'D4'},{'D6'},{'D3'},{'D1'},{'R3'},{'R2'},{'R1'},{'D5'},{'D2'},&,1.0,&
{'D7'},{'D4'},{'D6'},{'D3'},{'D1'},{'R3'},{'D2'},{'R1'},{'D5'},{'R2'},&,1.0,&
{'D7'},{'D4'},{'D6'},{'D3'},{'D1'},{'R3'},{'D5'},{'D2'},{'R1'},{'R2'},&,5.0,&
{'D7'},{'D4'},{'D6'},{'D3'},{'D1'},{'R3'},{'D5'},{'D2'},{'R2'},{'R1'},&,7.0,&
{'D7'},{'D4'},{'D6'},{'D3'},{'D1'},{'R3'},{'D5'},{'R2'},{'D2'},{'R1'},&,2.0,&
{'D7'},{'D4'},{'D6'},{'D3'},{'D1'},{'R3'},{'D5'},{'R1'},{'D2'},{'R2'},&,3.0,&
{'D7'},{'D4'},{'D6'},{'D3'},{'D5'},{'D1'},{'R2'},{'D2'},{'R3'},{'R1'},&,18.0,&
{'D7'},{'D4'},{'D6'},{'D3'},{'D5'},{'D1'},{'R2'},{'D2'},{'R1'},{'R3'},&,28.0,&
{'D7'},{'D4'},{'D6'},{'D3'},{'D5'},{'D1'},{'R2'},{'R3'},{'R1'},{'D2'},&,2.0,&
{'D7'},{'D4'},{'D6'},{'D3'},{'D5'},{'D1'},{'R2'},{'R3'},{'D2'},{'R1'},&,9.0,&
{'D7'},{'D4'},{'D6'},{'D3'},{'D5'},{'D1'},{'R2'},{'R1'},{'R3'},{'D2'},&,1.0,&
{'D7'},{'D4'},{'D6'},{'D3'},{'D5'},{'D1'},{'R2'},{'R1'},{'D2'},{'R3'},&,4.0,&
{'D7'},{'D4'},{'D6'},{'D3'},{'D5'},{'D1'},{'D2'},{'R3'},{'R1'},{'R2'},&,35.0,&
{'D7'},{'D4'},{'D6'},{'D3'},{'D5'},{'D1'},{'D2'},{'R3'},{'R2'},{'R1'},&,74.0,&
{'D7'},{'D4'},{'D6'},{'D3'},{'D5'},{'D1'},{'D2'},{'R2'},{'R3'},{'R1'},&,89.0,&
{'D7'},{'D4'},{'D6'},{'D3'},{'D5'},{'D1'},{'D2'},{'R2'},{'R1'},{'R3'},&,77.0,&
{'D7'},{'D4'},{'D6'},{'D3'},{'D5'},{'D1'},{'D2'},{'R1'},{'R3'},{'R2'},&,42.0,&
{'D7'},{'D4'},{'D6'},{'D3'},{'D5'},{'D1'},{'D2'},{'R1'},{'R2'},{'R3'},&,59.0,&
{'D7'},{'D4'},{'D6'},{'D3'},{'D5'},{'D1'},{'R3'},{'D2'},{'R1'},{'R2'},&,6.0,&
{'D7'},{'D4'},{'D6'},{'D3'},{'D5'},{'D1'},{'R3'},{'D2'},{'R2'},{'R1'},&,14.0,&
{'D7'},{'D4'},{'D6'},{'D3'},{'D5'},{'D1'},{'R3'},{'R2'},{'R1'},{'D2'},&,1.0,&
{'D7'},{'D4'},{'D6'},{'D3'},{'D5'},{'D1'},{'R3'},{'R2'},{'D2'},{'R1'},&,4.0,&
{'D7'},{'D4'},{'D6'},{'D3'},{'D5'},{'D1'},{'R3'},{'R1'},{'D2'},{'R2'},&,2.0,&
{'D7'},{'D4'},{'D6'},{'D3'},{'D5'},{'D1'},{'R1'},{'D2'},{'R3'},{'R2'},&,12.0,&
{'D7'},{'D4'},{'D6'},{'D3'},{'D5'},{'D1'},{'R1'},{'D2'},{'R2'},{'R3'},&,14.0,&
{'D7'},{'D4'},{'D6'},{'D3'},{'D5'},{'D1'},{'R1'},{'R3'},{'D2'},{'R2'},&,2.0,&
{'D7'},{'D4'},{'D6'},{'D3'},{'D5'},{'D1'},{'R1'},{'R2'},{'R3'},{'D2'},&,1.0,&
{'D7'},{'D4'},{'D6'},{'D3'},{'D5'},{'D1'},{'R1'},{'R2'},{'D2'},{'R3'},&,5.0,&
{'D7'},{'D4'},{'D6'},{'D3'},{'D5'},{'R2'},{'D2'},{'D1'},{'R3'},{'R1'},&,2.0,&
{'D7'},{'D4'},{'D6'},{'D3'},{'D5'},{'R2'},{'D1'},{'D2'},{'R3'},{'R1'},&,5.0,&
{'D7'},{'D4'},{'D6'},{'D3'},{'D5'},{'R2'},{'D1'},{'D2'},{'R1'},{'R3'},&,7.0,&
{'D7'},{'D4'},{'D6'},{'D3'},{'D5'},{'R2'},{'D1'},{'R3'},{'D2'},{'R1'},&,1.0,&
{'D7'},{'D4'},{'D6'},{'D3'},{'D5'},{'R2'},{'D1'},{'R1'},{'D2'},{'R3'},&,2.0,&
{'D7'},{'D4'},{'D6'},{'D3'},{'D5'},{'D2'},{'R2'},{'R1'},{'D1'},{'R3'},&,1.0,&
{'D7'},{'D4'},{'D6'},{'D3'},{'D5'},{'D2'},{'R2'},{'D1'},{'R3'},{'R1'},&,1.0,&
{'D7'},{'D4'},{'D6'},{'D3'},{'D5'},{'D2'},{'R3'},{'R2'},{'D1'},{'R1'},&,1.0,&
{'D7'},{'D4'},{'D6'},{'D3'},{'D5'},{'D2'},{'R3'},{'D1'},{'R2'},{'R1'},&,1.0,&
{'D7'},{'D4'},{'D6'},{'D3'},{'D5'},{'D2'},{'R1'},{'R3'},{'D1'},{'R2'},&,1.0,&
{'D7'},{'D4'},{'D6'},{'D3'},{'D5'},{'D2'},{'R1'},{'D1'},{'R3'},{'R2'},&,2.0,&
{'D7'},{'D4'},{'D6'},{'D3'},{'D5'},{'D2'},{'R1'},{'D1'},{'R2'},{'R3'},&,1.0,&
{'D7'},{'D4'},{'D6'},{'D3'},{'D5'},{'D2'},{'D1'},{'R3'},{'R1'},{'R2'},&,2.0,&
{'D7'},{'D4'},{'D6'},{'D3'},{'D5'},{'D2'},{'D1'},{'R3'},{'R2'},{'R1'},&,2.0,&
{'D7'},{'D4'},{'D6'},{'D3'},{'D5'},{'D2'},{'D1'},{'R2'},{'R3'},{'R1'},&,3.0,&
{'D7'},{'D4'},{'D6'},{'D3'},{'D5'},{'D2'},{'D1'},{'R2'},{'R1'},{'R3'},&,5.0,&
{'D7'},{'D4'},{'D6'},{'D3'},{'D5'},{'D2'},{'D1'},{'R1'},{'R3'},{'R2'},&,1.0,&
{'D7'},{'D4'},{'D6'},{'D3'},{'D5'},{'D2'},{'D1'},{'R1'},{'R2'},{'R3'},&,2.0,&
{'D7'},{'D4'},{'D6'},{'D3'},{'D5'},{'R1'},{'D1'},{'D2'},{'R3'},{'R2'},&,2.0,&
{'D7'},{'D4'},{'D6'},{'D3'},{'D5'},{'R1'},{'D1'},{'D2'},{'R2'},{'R3'},&,8.0,&
{'D7'},{'D4'},{'D6'},{'D3'},{'D5'},{'R1'},{'D1'},{'R3'},{'D2'},{'R2'},&,1.0,&
{'D7'},{'D4'},{'D6'},{'D3'},{'D5'},{'R1'},{'D1'},{'R2'},{'D2'},{'R3'},&,1.0,&
{'D7'},{'D4'},{'D6'},{'D3'},{'D5'},{'R3'},{'D1'},{'D2'},{'R1'},{'R2'},&,1.0,&
{'D7'},{'D4'},{'D6'},{'D3'},{'D5'},{'R3'},{'D1'},{'D2'},{'R2'},{'R1'},&,8.0,&
{'D7'},{'D4'},{'D6'},{'D3'},{'D5'},{'R3'},{'D1'},{'R2'},{'D2'},{'R1'},&,1.0,&
{'D7'},{'D4'},{'D6'},{'D3'},{'D5'},{'R3'},{'D1'},{'R1'},{'D2'},{'R2'},&,2.0,&
{'D7'},{'D4'},{'D6'},{'D3'},{'D2'},{'D5'},{'R2'},{'R1'},{'D1'},{'R3'},&,2.0,&
{'D7'},{'D4'},{'D6'},{'D3'},{'D2'},{'D5'},{'R2'},{'D1'},{'R3'},{'R1'},&,1.0,&
{'D7'},{'D4'},{'D6'},{'D3'},{'D2'},{'D5'},{'R3'},{'R2'},{'D1'},{'R1'},&,1.0,&
{'D7'},{'D4'},{'D6'},{'D3'},{'D2'},{'D5'},{'R3'},{'D1'},{'R2'},{'R1'},&,1.0,&
{'D7'},{'D4'},{'D6'},{'D3'},{'D2'},{'D5'},{'R1'},{'D1'},{'R3'},{'R2'},&,3.0,&
{'D7'},{'D4'},{'D6'},{'D3'},{'D2'},{'D5'},{'D1'},{'R3'},{'R1'},{'R2'},&,2.0,&
{'D7'},{'D4'},{'D6'},{'D3'},{'D2'},{'D5'},{'D1'},{'R2'},{'R3'},{'R1'},&,5.0,&
{'D7'},{'D4'},{'D6'},{'D3'},{'D2'},{'D5'},{'D1'},{'R2'},{'R1'},{'R3'},&,3.0,&
{'D7'},{'D4'},{'D6'},{'D3'},{'D2'},{'D5'},{'D1'},{'R1'},{'R3'},{'R2'},&,2.0,&
{'D7'},{'D4'},{'D6'},{'D3'},{'D2'},{'D5'},{'D1'},{'R1'},{'R2'},{'R3'},&,2.0,&
{'D7'},{'D4'},{'D6'},{'D3'},{'D2'},{'D1'},{'R2'},{'D5'},{'R3'},{'R1'},&,1.0,&
{'D7'},{'D4'},{'D6'},{'D3'},{'D2'},{'D1'},{'R3'},{'R1'},{'R2'},{'D5'},&,1.0,&
{'D7'},{'D4'},{'D6'},{'D3'},{'D2'},{'D1'},{'R3'},{'R1'},{'D5'},{'R2'},&,1.0,&
{'D7'},{'D4'},{'D6'},{'D3'},{'D2'},{'D1'},{'R3'},{'D5'},{'R2'},{'R1'},&,1.0,&
{'D7'},{'D4'},{'D6'},{'D3'},{'D2'},{'D1'},{'D5'},{'R2'},{'R3'},{'R1'},&,5.0,&
{'D7'},{'D4'},{'D6'},{'D3'},{'D2'},{'D1'},{'D5'},{'R2'},{'R1'},{'R3'},&,3.0,&
{'D7'},{'D4'},{'D6'},{'D3'},{'D2'},{'D1'},{'D5'},{'R1'},{'R3'},{'R2'},&,3.0,&
{'D7'},{'D4'},{'D6'},{'D3'},{'D2'},{'D1'},{'D5'},{'R1'},{'R2'},{'R3'},&,6.0,&
{'D7'},{'D4'},{'D6'},{'D3'},{'D2'},{'R2'},{'D1'},{'D5'},{'R1'},{'R3'},&,1.0,&
{'D7'},{'D4'},{'D6'},{'D3'},{'R1'},{'D5'},{'D1'},{'R2'},{'D2'},{'R3'},&,1.0,&
{'D7'},{'D4'},{'D6'},{'D3'},{'R1'},{'D1'},{'R2'},{'D5'},{'D2'},{'R3'},&,1.0,&
{'D7'},{'D4'},{'D6'},{'D3'},{'R1'},{'D1'},{'D2'},{'D5'},{'R3'},{'R2'},&,1.0,&
{'D7'},{'D4'},{'D6'},{'D3'},{'R2'},{'D5'},{'D1'},{'D2'},{'R3'},{'R1'},&,2.0,&
{'D7'},{'D4'},{'D6'},{'D3'},{'R2'},{'D5'},{'D1'},{'D2'},{'R1'},{'R3'},&,1.0,&
{'D7'},{'D4'},{'D6'},{'D3'},{'R2'},{'D5'},{'D1'},{'R1'},{'D2'},{'R3'},&,1.0,&
{'D7'},{'D4'},{'D6'},{'D3'},{'R2'},{'D1'},{'D5'},{'D2'},{'R3'},{'R1'},&,3.0,&
{'D7'},{'D4'},{'D6'},{'D3'},{'R2'},{'D1'},{'D5'},{'D2'},{'R1'},{'R3'},&,1.0,&
{'D7'},{'D4'},{'D6'},{'D3'},{'R2'},{'D1'},{'D5'},{'R3'},{'D2'},{'R1'},&,1.0,&
{'D7'},{'D4'},{'D6'},{'D3'},{'R2'},{'D1'},{'D5'},{'R1'},{'D2'},{'R3'},&,1.0,&
{'D7'},{'D4'},{'D6'},{'D3'},{'R2'},{'D2'},{'D5'},{'R3'},{'D1'},{'R1'},&,1.0,&
{'D7'},{'D4'},{'D6'},{'D3'},{'R2'},{'D2'},{'D1'},{'D5'},{'R1'},{'R3'},&,1.0,&
{'D7'},{'D4'},{'D6'},{'D3'},{'R2'},{'R3'},{'D1'},{'D5'},{'D2'},{'R1'},&,1.0,&
{'D7'},{'D4'},{'D6'},{'D3'},{'R3'},{'D5'},{'D1'},{'R1'},{'D2'},{'R2'},&,1.0,&
{'D7'},{'D4'},{'D6'},{'D3'},{'R3'},{'D1'},{'D2'},{'D5'},{'R2'},{'R1'},&,1.0,&
{'D7'},{'D4'},{'D6'},{'D3'},{'R3'},{'D1'},{'D5'},{'D2'},{'R1'},{'R2'},&,2.0,&
{'D7'},{'D4'},{'D6'},{'D3'},{'R3'},{'D1'},{'D5'},{'D2'},{'R2'},{'R1'},&,4.0,&
{'D7'},{'D4'},{'D6'},{'D2'},{'D3'},{'D5'},{'R2'},{'R3'},{'D1'},{'R1'},&,1.0,&
{'D7'},{'D4'},{'D6'},{'D2'},{'D3'},{'D5'},{'R3'},{'D1'},{'R2'},{'R1'},&,1.0,&
{'D7'},{'D4'},{'D6'},{'D2'},{'D3'},{'D5'},{'D1'},{'R2'},{'R3'},{'R1'},&,3.0,&
{'D7'},{'D4'},{'D6'},{'D2'},{'D3'},{'D5'},{'D1'},{'R1'},{'R2'},{'R3'},&,1.0,&
{'D7'},{'D4'},{'D6'},{'D2'},{'D3'},{'D1'},{'R2'},{'D5'},{'R1'},{'R3'},&,1.0,&
{'D7'},{'D4'},{'D6'},{'D2'},{'D3'},{'D1'},{'R3'},{'D5'},{'R1'},{'R2'},&,1.0,&
{'D7'},{'D4'},{'D6'},{'D2'},{'D3'},{'D1'},{'D5'},{'R3'},{'R2'},{'R1'},&,2.0,&
{'D7'},{'D4'},{'D6'},{'D2'},{'D3'},{'D1'},{'D5'},{'R2'},{'R3'},{'R1'},&,1.0,&
{'D7'},{'D4'},{'D6'},{'D2'},{'D3'},{'D1'},{'D5'},{'R2'},{'R1'},{'R3'},&,3.0,&
{'D7'},{'D4'},{'D6'},{'D2'},{'D3'},{'D1'},{'R1'},{'R2'},{'D5'},{'R3'},&,1.0,&
{'D7'},{'D4'},{'D6'},{'D2'},{'D3'},{'D1'},{'R1'},{'D5'},{'R3'},{'R2'},&,1.0,&
{'D7'},{'D4'},{'D6'},{'D2'},{'D3'},{'D1'},{'R1'},{'D5'},{'R2'},{'R3'},&,1.0,&
{'D7'},{'D4'},{'D6'},{'D2'},{'D3'},{'R1'},{'D5'},{'D1'},{'R3'},{'R2'},&,1.0,&
{'D7'},{'D4'},{'D6'},{'D2'},{'D1'},{'R2'},{'D3'},{'R1'},{'D5'},{'R3'},&,1.0,&
{'D7'},{'D4'},{'D6'},{'D2'},{'D1'},{'D3'},{'D5'},{'R3'},{'R1'},{'R2'},&,1.0,&
{'D7'},{'D4'},{'D6'},{'D2'},{'D1'},{'D3'},{'D5'},{'R3'},{'R2'},{'R1'},&,1.0,&
{'D7'},{'D4'},{'D6'},{'D2'},{'D1'},{'D3'},{'D5'},{'R2'},{'R1'},{'R3'},&,1.0,&
{'D7'},{'D4'},{'D6'},{'D2'},{'D5'},{'D1'},{'D3'},{'R1'},{'R2'},{'R3'},&,1.0,&
{'D7'},{'D4'},{'D6'},{'D2'},{'D5'},{'D3'},{'R3'},{'D1'},{'R2'},{'R1'},&,1.0,&
{'D7'},{'D4'},{'D6'},{'D2'},{'D5'},{'D3'},{'D1'},{'R2'},{'R3'},{'R1'},&,2.0,&
{'D7'},{'D4'},{'D6'},{'D2'},{'D5'},{'D3'},{'D1'},{'R2'},{'R1'},{'R3'},&,2.0,&
{'D7'},{'D4'},{'D6'},{'D2'},{'D5'},{'D3'},{'D1'},{'R1'},{'R2'},{'R3'},&,1.0,&
{'D7'},{'D4'},{'D6'},{'R2'},{'D3'},{'D5'},{'D1'},{'D2'},{'R3'},{'R1'},&,1.0,&
{'D7'},{'D4'},{'D6'},{'R2'},{'D1'},{'D3'},{'D5'},{'D2'},{'R3'},{'R1'},&,1.0,&
{'D7'},{'D4'},{'D6'},{'R3'},{'D3'},{'D1'},{'D5'},{'D2'},{'R2'},{'R1'},&,1.0,&
{'D7'},{'D4'},{'D6'},{'R3'},{'D1'},{'D5'},{'D3'},{'D2'},{'R2'},{'R1'},&,1.0,&
{'D7'},{'D4'},{'D6'},{'R1'},{'D3'},{'D1'},{'D5'},{'R3'},{'R2'},{'D2'},&,1.0,&
{'D7'},{'D4'},{'D6'},{'R1'},{'D3'},{'R2'},{'D1'},{'D5'},{'D2'},{'R3'},&,1.0,&
{'D7'},{'D4'},{'D1'},{'D5'},{'D3'},{'D6'},{'R2'},{'D2'},{'R1'},{'R3'},&,1.0,&
{'D7'},{'D4'},{'D1'},{'D5'},{'D3'},{'D6'},{'D2'},{'R3'},{'R1'},{'R2'},&,2.0,&
{'D7'},{'D4'},{'D1'},{'D5'},{'D3'},{'D6'},{'D2'},{'R2'},{'R3'},{'R1'},&,3.0,&
{'D7'},{'D4'},{'D1'},{'D5'},{'D3'},{'D6'},{'D2'},{'R1'},{'R3'},{'R2'},&,1.0,&
{'D7'},{'D4'},{'D1'},{'D5'},{'D3'},{'D6'},{'D2'},{'R1'},{'R2'},{'R3'},&,1.0,&
{'D7'},{'D4'},{'D1'},{'D5'},{'D3'},{'D6'},{'R1'},{'D2'},{'R2'},{'R3'},&,1.0,&
{'D7'},{'D4'},{'D1'},{'D5'},{'D6'},{'D3'},{'D2'},{'R2'},{'R1'},{'R3'},&,1.0,&
{'D7'},{'D4'},{'D1'},{'D5'},{'D6'},{'D3'},{'D2'},{'R1'},{'R2'},{'R3'},&,1.0,&
{'D7'},{'D4'},{'D1'},{'D5'},{'D6'},{'D3'},{'R1'},{'D2'},{'R2'},{'R3'},&,1.0,&
{'D7'},{'D4'},{'D1'},{'D6'},{'D3'},{'D5'},{'R2'},{'D2'},{'R3'},{'R1'},&,3.0,&
{'D7'},{'D4'},{'D1'},{'D6'},{'D3'},{'D5'},{'R2'},{'D2'},{'R1'},{'R3'},&,6.0,&
{'D7'},{'D4'},{'D1'},{'D6'},{'D3'},{'D5'},{'R2'},{'R3'},{'R1'},{'D2'},&,2.0,&
{'D7'},{'D4'},{'D1'},{'D6'},{'D3'},{'D5'},{'R2'},{'R3'},{'D2'},{'R1'},&,2.0,&
{'D7'},{'D4'},{'D1'},{'D6'},{'D3'},{'D5'},{'R2'},{'R1'},{'R3'},{'D2'},&,3.0,&
{'D7'},{'D4'},{'D1'},{'D6'},{'D3'},{'D5'},{'D2'},{'R3'},{'R1'},{'R2'},&,11.0,&
{'D7'},{'D4'},{'D1'},{'D6'},{'D3'},{'D5'},{'D2'},{'R3'},{'R2'},{'R1'},&,21.0,&
{'D7'},{'D4'},{'D1'},{'D6'},{'D3'},{'D5'},{'D2'},{'R2'},{'R3'},{'R1'},&,28.0,&
{'D7'},{'D4'},{'D1'},{'D6'},{'D3'},{'D5'},{'D2'},{'R2'},{'R1'},{'R3'},&,21.0,&
{'D7'},{'D4'},{'D1'},{'D6'},{'D3'},{'D5'},{'D2'},{'R1'},{'R3'},{'R2'},&,9.0,&
{'D7'},{'D4'},{'D1'},{'D6'},{'D3'},{'D5'},{'D2'},{'R1'},{'R2'},{'R3'},&,14.0,&
{'D7'},{'D4'},{'D1'},{'D6'},{'D3'},{'D5'},{'R3'},{'D2'},{'R1'},{'R2'},&,3.0,&
{'D7'},{'D4'},{'D1'},{'D6'},{'D3'},{'D5'},{'R3'},{'D2'},{'R2'},{'R1'},&,3.0,&
{'D7'},{'D4'},{'D1'},{'D6'},{'D3'},{'D5'},{'R3'},{'R2'},{'R1'},{'D2'},&,1.0,&
{'D7'},{'D4'},{'D1'},{'D6'},{'D3'},{'D5'},{'R3'},{'R2'},{'D2'},{'R1'},&,1.0,&
{'D7'},{'D4'},{'D1'},{'D6'},{'D3'},{'D5'},{'R1'},{'D2'},{'R3'},{'R2'},&,2.0,&
{'D7'},{'D4'},{'D1'},{'D6'},{'D3'},{'D5'},{'R1'},{'D2'},{'R2'},{'R3'},&,2.0,&
{'D7'},{'D4'},{'D1'},{'D6'},{'D3'},{'D5'},{'R1'},{'R2'},{'D2'},{'R3'},&,1.0,&
{'D7'},{'D4'},{'D1'},{'D6'},{'D3'},{'R2'},{'D5'},{'D2'},{'R3'},{'R1'},&,3.0,&
{'D7'},{'D4'},{'D1'},{'D6'},{'D3'},{'R2'},{'D5'},{'D2'},{'R1'},{'R3'},&,3.0,&
{'D7'},{'D4'},{'D1'},{'D6'},{'D3'},{'R2'},{'D5'},{'R3'},{'D2'},{'R1'},&,1.0,&
{'D7'},{'D4'},{'D1'},{'D6'},{'D3'},{'R2'},{'D5'},{'R1'},{'R3'},{'D2'},&,1.0,&
{'D7'},{'D4'},{'D1'},{'D6'},{'D3'},{'D2'},{'R2'},{'D5'},{'R3'},{'R1'},&,2.0,&
{'D7'},{'D4'},{'D1'},{'D6'},{'D3'},{'D2'},{'D5'},{'R3'},{'R1'},{'R2'},&,2.0,&
{'D7'},{'D4'},{'D1'},{'D6'},{'D3'},{'D2'},{'D5'},{'R3'},{'R2'},{'R1'},&,4.0,&
{'D7'},{'D4'},{'D1'},{'D6'},{'D3'},{'D2'},{'D5'},{'R2'},{'R3'},{'R1'},&,4.0,&
{'D7'},{'D4'},{'D1'},{'D6'},{'D3'},{'D2'},{'D5'},{'R2'},{'R1'},{'R3'},&,2.0,&
{'D7'},{'D4'},{'D1'},{'D6'},{'D3'},{'D2'},{'D5'},{'R1'},{'R2'},{'R3'},&,2.0,&
{'D7'},{'D4'},{'D1'},{'D6'},{'D3'},{'R1'},{'D5'},{'D2'},{'R2'},{'R3'},&,1.0,&
{'D7'},{'D4'},{'D1'},{'D6'},{'D3'},{'R1'},{'D5'},{'R2'},{'D2'},{'R3'},&,1.0,&
{'D7'},{'D4'},{'D1'},{'D6'},{'D3'},{'R3'},{'D5'},{'D2'},{'R2'},{'R1'},&,2.0,&
{'D7'},{'D4'},{'D1'},{'D6'},{'D5'},{'R2'},{'D3'},{'D2'},{'R3'},{'R1'},&,1.0,&
{'D7'},{'D4'},{'D1'},{'D6'},{'D5'},{'D3'},{'R2'},{'R1'},{'R3'},{'D2'},&,1.0,&
{'D7'},{'D4'},{'D1'},{'D6'},{'D5'},{'D3'},{'D2'},{'R3'},{'R2'},{'R1'},&,8.0,&
{'D7'},{'D4'},{'D1'},{'D6'},{'D5'},{'D3'},{'D2'},{'R2'},{'R3'},{'R1'},&,3.0,&
{'D7'},{'D4'},{'D1'},{'D6'},{'D5'},{'D3'},{'D2'},{'R2'},{'R1'},{'R3'},&,4.0,&
{'D7'},{'D4'},{'D1'},{'D6'},{'D5'},{'D3'},{'D2'},{'R1'},{'R3'},{'R2'},&,1.0,&
{'D7'},{'D4'},{'D1'},{'D6'},{'D5'},{'D3'},{'D2'},{'R1'},{'R2'},{'R3'},&,1.0,&
{'D7'},{'D4'},{'D1'},{'D6'},{'D5'},{'D3'},{'R3'},{'R2'},{'D2'},{'R1'},&,1.0,&
{'D7'},{'D4'},{'D1'},{'D6'},{'D5'},{'D3'},{'R1'},{'D2'},{'R3'},{'R2'},&,1.0,&
{'D7'},{'D4'},{'D1'},{'D6'},{'D5'},{'D3'},{'R1'},{'D2'},{'R2'},{'R3'},&,1.0,&
{'D7'},{'D4'},{'D1'},{'D6'},{'D5'},{'D3'},{'R1'},{'R2'},{'D2'},{'R3'},&,1.0,&
{'D7'},{'D4'},{'D1'},{'D6'},{'D2'},{'D3'},{'R2'},{'D5'},{'R3'},{'R1'},&,1.0,&
{'D7'},{'D4'},{'D1'},{'D6'},{'D2'},{'D3'},{'D5'},{'R3'},{'R2'},{'R1'},&,2.0,&
{'D7'},{'D4'},{'D1'},{'D6'},{'R1'},{'D5'},{'D3'},{'D2'},{'R2'},{'R3'},&,1.0,&
{'D7'},{'D4'},{'D1'},{'D6'},{'R2'},{'D5'},{'D3'},{'R3'},{'R1'},{'D2'},&,1.0,&
{'D7'},{'D4'},{'D1'},{'D6'},{'R2'},{'D3'},{'D5'},{'D2'},{'R3'},{'R1'},&,1.0,&
{'D7'},{'D4'},{'D1'},{'D6'},{'R3'},{'D3'},{'D5'},{'D2'},{'R1'},{'R2'},&,1.0,&
{'D7'},{'D4'},{'D1'},{'D6'},{'R3'},{'D3'},{'D5'},{'R1'},{'D2'},{'R2'},&,1.0,&
{'D7'},{'D4'},{'D1'},{'D3'},{'D5'},{'D6'},{'R2'},{'D2'},{'R3'},{'R1'},&,1.0,&
{'D7'},{'D4'},{'D1'},{'D3'},{'D5'},{'D6'},{'D2'},{'R3'},{'R2'},{'R1'},&,2.0,&
{'D7'},{'D4'},{'D1'},{'D3'},{'D5'},{'D6'},{'D2'},{'R2'},{'R1'},{'R3'},&,1.0,&
{'D7'},{'D4'},{'D1'},{'D3'},{'D5'},{'D6'},{'D2'},{'R1'},{'R3'},{'R2'},&,1.0,&
{'D7'},{'D4'},{'D1'},{'D3'},{'D5'},{'D6'},{'R3'},{'D2'},{'R2'},{'R1'},&,1.0,&
{'D7'},{'D4'},{'D1'},{'D3'},{'D6'},{'D5'},{'R2'},{'D2'},{'R3'},{'R1'},&,8.0,&
{'D7'},{'D4'},{'D1'},{'D3'},{'D6'},{'D5'},{'R2'},{'D2'},{'R1'},{'R3'},&,3.0,&
{'D7'},{'D4'},{'D1'},{'D3'},{'D6'},{'D5'},{'R2'},{'R3'},{'D2'},{'R1'},&,1.0,&
{'D7'},{'D4'},{'D1'},{'D3'},{'D6'},{'D5'},{'D2'},{'R3'},{'R1'},{'R2'},&,4.0,&
{'D7'},{'D4'},{'D1'},{'D3'},{'D6'},{'D5'},{'D2'},{'R3'},{'R2'},{'R1'},&,11.0,&
{'D7'},{'D4'},{'D1'},{'D3'},{'D6'},{'D5'},{'D2'},{'R2'},{'R3'},{'R1'},&,8.0,&
{'D7'},{'D4'},{'D1'},{'D3'},{'D6'},{'D5'},{'D2'},{'R2'},{'R1'},{'R3'},&,9.0,&
{'D7'},{'D4'},{'D1'},{'D3'},{'D6'},{'D5'},{'D2'},{'R1'},{'R3'},{'R2'},&,5.0,&
{'D7'},{'D4'},{'D1'},{'D3'},{'D6'},{'D5'},{'D2'},{'R1'},{'R2'},{'R3'},&,6.0,&
{'D7'},{'D4'},{'D1'},{'D3'},{'D6'},{'D5'},{'R3'},{'D2'},{'R1'},{'R2'},&,2.0,&
{'D7'},{'D4'},{'D1'},{'D3'},{'D6'},{'D5'},{'R3'},{'D2'},{'R2'},{'R1'},&,2.0,&
{'D7'},{'D4'},{'D1'},{'D3'},{'D6'},{'D5'},{'R3'},{'R2'},{'D2'},{'R1'},&,1.0,&
{'D7'},{'D4'},{'D1'},{'D3'},{'D6'},{'D5'},{'R1'},{'D2'},{'R3'},{'R2'},&,1.0,&
{'D7'},{'D4'},{'D1'},{'D3'},{'D6'},{'D5'},{'R1'},{'D2'},{'R2'},{'R3'},&,1.0,&
{'D7'},{'D4'},{'D1'},{'D3'},{'D6'},{'D5'},{'R1'},{'R3'},{'D2'},{'R2'},&,2.0,&
{'D7'},{'D4'},{'D1'},{'D3'},{'D6'},{'D2'},{'R2'},{'D5'},{'R1'},{'R3'},&,1.0,&
{'D7'},{'D4'},{'D1'},{'D3'},{'D6'},{'D2'},{'R3'},{'D5'},{'R1'},{'R2'},&,2.0,&
{'D7'},{'D4'},{'D1'},{'D3'},{'D6'},{'D2'},{'D5'},{'R3'},{'R2'},{'R1'},&,2.0,&
{'D7'},{'D4'},{'D1'},{'D3'},{'D6'},{'D2'},{'D5'},{'R2'},{'R1'},{'R3'},&,3.0,&
{'D7'},{'D4'},{'D1'},{'D3'},{'D6'},{'D2'},{'D5'},{'R1'},{'R3'},{'R2'},&,1.0,&
{'D7'},{'D4'},{'D1'},{'D3'},{'D6'},{'D2'},{'D5'},{'R1'},{'R2'},{'R3'},&,1.0,&
{'D7'},{'D4'},{'D1'},{'D3'},{'D6'},{'R1'},{'D2'},{'D5'},{'R2'},{'R3'},&,1.0,&
{'D7'},{'D4'},{'D1'},{'D3'},{'D6'},{'R1'},{'D5'},{'D2'},{'R3'},{'R2'},&,1.0,&
{'D7'},{'D4'},{'D1'},{'D3'},{'D6'},{'R1'},{'D5'},{'D2'},{'R2'},{'R3'},&,1.0,&
{'D7'},{'D4'},{'D1'},{'D3'},{'D6'},{'R3'},{'D5'},{'R2'},{'D2'},{'R1'},&,1.0,&
{'D7'},{'D4'},{'D1'},{'D2'},{'D6'},{'D3'},{'D5'},{'R3'},{'R2'},{'R1'},&,1.0,&
{'D7'},{'D4'},{'D1'},{'D2'},{'D6'},{'D3'},{'D5'},{'R2'},{'R1'},{'R3'},&,1.0,&
{'D7'},{'D4'},{'D1'},{'R2'},{'D3'},{'D6'},{'D5'},{'D2'},{'R3'},{'R1'},&,1.0,&
{'D7'},{'D4'},{'D1'},{'R2'},{'D6'},{'D5'},{'D3'},{'D2'},{'R3'},{'R1'},&,1.0,&
{'D7'},{'D4'},{'D1'},{'R3'},{'D3'},{'D6'},{'D5'},{'D2'},{'R1'},{'R2'},&,1.0,&
{'D7'},{'D4'},{'D1'},{'R1'},{'D5'},{'D6'},{'D3'},{'D2'},{'R3'},{'R2'},&,1.0,&
{'D7'},{'D4'},{'D2'},{'D6'},{'D3'},{'D5'},{'D1'},{'R3'},{'R1'},{'R2'},&,1.0,&
{'D7'},{'D4'},{'D2'},{'D6'},{'D3'},{'D1'},{'R3'},{'D5'},{'R1'},{'R2'},&,1.0,&
{'D7'},{'D4'},{'D2'},{'D6'},{'D3'},{'D1'},{'D5'},{'R3'},{'R2'},{'R1'},&,1.0,&
{'D7'},{'D4'},{'D2'},{'D6'},{'D3'},{'D1'},{'D5'},{'R2'},{'R3'},{'R1'},&,1.0,&
{'D7'},{'D4'},{'D2'},{'D6'},{'D3'},{'D1'},{'D5'},{'R1'},{'R3'},{'R2'},&,1.0,&
{'D7'},{'D4'},{'D2'},{'D6'},{'D3'},{'D1'},{'D5'},{'R1'},{'R2'},{'R3'},&,2.0,&
{'D7'},{'D4'},{'D2'},{'D6'},{'D1'},{'R3'},{'D3'},{'D5'},{'R2'},{'R1'},&,1.0,&
{'D7'},{'D4'},{'D2'},{'D6'},{'D5'},{'D3'},{'D1'},{'R2'},{'R1'},{'R3'},&,1.0,&
{'D7'},{'D4'},{'R3'},{'D1'},{'D3'},{'D6'},{'D5'},{'D2'},{'R2'},{'R1'},&,1.0,&
{'D7'},{'D4'},{'R1'},{'D3'},{'D6'},{'D1'},{'D5'},{'D2'},{'R2'},{'R3'},&,1.0,&
{'D7'},{'D4'},{'R2'},{'D1'},{'D3'},{'R3'},{'D6'},{'D5'},{'R1'},{'D2'},&,1.0,&
{'D7'},{'D4'},{'R2'},{'D3'},{'D6'},{'D1'},{'D5'},{'D2'},{'R3'},{'R1'},&,1.0,&
{'D7'},{'D2'},{'D4'},{'D1'},{'D6'},{'D3'},{'D5'},{'R2'},{'R3'},{'R1'},&,1.0,&
{'D7'},{'D2'},{'D4'},{'D5'},{'D6'},{'D3'},{'D1'},{'R2'},{'R3'},{'R1'},&,1.0,&
{'D7'},{'D2'},{'D4'},{'D6'},{'D3'},{'D1'},{'R3'},{'D5'},{'R2'},{'R1'},&,1.0,&
{'D7'},{'D2'},{'D4'},{'D6'},{'D3'},{'D1'},{'D5'},{'R3'},{'R1'},{'R2'},&,1.0,&
{'D7'},{'D2'},{'D4'},{'D6'},{'D3'},{'D1'},{'D5'},{'R2'},{'R3'},{'R1'},&,1.0,&
{'D7'},{'D2'},{'D4'},{'D6'},{'D3'},{'D1'},{'D5'},{'R2'},{'R1'},{'R3'},&,1.0,&
{'D7'},{'D2'},{'D4'},{'D6'},{'D5'},{'D3'},{'D1'},{'R1'},{'R2'},{'R3'},&,1.0,&
{'D7'},{'D2'},{'D4'},{'D3'},{'D5'},{'D6'},{'D1'},{'R3'},{'R2'},{'R1'},&,1.0,&
{'D7'},{'D2'},{'D4'},{'D3'},{'D6'},{'D1'},{'D5'},{'R2'},{'R3'},{'R1'},&,1.0,&
{'D7'},{'D2'},{'D4'},{'D3'},{'D6'},{'D1'},{'D5'},{'R1'},{'R2'},{'R3'},&,1.0,&
{'D7'},{'D2'},{'D3'},{'D1'},{'D4'},{'R2'},{'D6'},{'D5'},{'R3'},{'R1'},&,1.0,&
{'D7'},{'D2'},{'D3'},{'D1'},{'D6'},{'D4'},{'D5'},{'R2'},{'R3'},{'R1'},&,1.0,&
{'D7'},{'D2'},{'D3'},{'D1'},{'D6'},{'D4'},{'D5'},{'R2'},{'R1'},{'R3'},&,1.0,&
{'D7'},{'D2'},{'D3'},{'D4'},{'D6'},{'D5'},{'R1'},{'D1'},{'R2'},{'R3'},&,1.0,&
{'D7'},{'D2'},{'D3'},{'D4'},{'D6'},{'D1'},{'R2'},{'D5'},{'R3'},{'R1'},&,1.0,&
{'D7'},{'D2'},{'D3'},{'D6'},{'D1'},{'D5'},{'R2'},{'R1'},{'D4'},{'R3'},&,1.0,&
{'D7'},{'D2'},{'D3'},{'D6'},{'D1'},{'D4'},{'R3'},{'R1'},{'D5'},{'R2'},&,1.0,&
{'D7'},{'D2'},{'D3'},{'D6'},{'D1'},{'D4'},{'D5'},{'R3'},{'R1'},{'R2'},&,1.0,&
{'D7'},{'D2'},{'D3'},{'D6'},{'D1'},{'D4'},{'D5'},{'R2'},{'R3'},{'R1'},&,1.0,&
{'D7'},{'D2'},{'D3'},{'D6'},{'D1'},{'D4'},{'D5'},{'R2'},{'R1'},{'R3'},&,1.0,&
{'D7'},{'D2'},{'D3'},{'D6'},{'D1'},{'R3'},{'D4'},{'D5'},{'R2'},{'R1'},&,1.0,&
{'D7'},{'D2'},{'D3'},{'D6'},{'D5'},{'D4'},{'R2'},{'D1'},{'R3'},{'R1'},&,1.0,&
{'D7'},{'D2'},{'D3'},{'D6'},{'D5'},{'D4'},{'D1'},{'R3'},{'R2'},{'R1'},&,2.0,&
{'D7'},{'D2'},{'D3'},{'D6'},{'D5'},{'D4'},{'D1'},{'R2'},{'R3'},{'R1'},&,1.0,&
{'D7'},{'D2'},{'D3'},{'D6'},{'D5'},{'D4'},{'D1'},{'R1'},{'R2'},{'R3'},&,1.0,&
{'D7'},{'D2'},{'D3'},{'D6'},{'D4'},{'D5'},{'D1'},{'R1'},{'R3'},{'R2'},&,1.0,&
{'D7'},{'D2'},{'D3'},{'D6'},{'D4'},{'D5'},{'D1'},{'R1'},{'R2'},{'R3'},&,1.0,&
{'D7'},{'D2'},{'D3'},{'D6'},{'D4'},{'D1'},{'R2'},{'D5'},{'R1'},{'R3'},&,1.0,&
{'D7'},{'D2'},{'D3'},{'D6'},{'D4'},{'D1'},{'D5'},{'R2'},{'R3'},{'R1'},&,3.0,&
{'D7'},{'D2'},{'D3'},{'D6'},{'D4'},{'R1'},{'D1'},{'D5'},{'R3'},{'R2'},&,1.0,&
{'D7'},{'D2'},{'D3'},{'R2'},{'D6'},{'D4'},{'D5'},{'D1'},{'R1'},{'R3'},&,1.0,&
{'D7'},{'D2'},{'D3'},{'R3'},{'D6'},{'D4'},{'D1'},{'D5'},{'R1'},{'R2'},&,1.0,&
{'D7'},{'D2'},{'D5'},{'D4'},{'D3'},{'D1'},{'D6'},{'R2'},{'R3'},{'R1'},&,1.0,&
{'D7'},{'D2'},{'D5'},{'D6'},{'D3'},{'D1'},{'D4'},{'R3'},{'R1'},{'R2'},&,1.0,&
{'D7'},{'D2'},{'D5'},{'D6'},{'D3'},{'D1'},{'D4'},{'R3'},{'R2'},{'R1'},&,1.0,&
{'D7'},{'D2'},{'D5'},{'D3'},{'D6'},{'D4'},{'D1'},{'R1'},{'R2'},{'R3'},&,1.0,&
{'D7'},{'D2'},{'D6'},{'D1'},{'D3'},{'D5'},{'D4'},{'R1'},{'R3'},{'R2'},&,1.0,&
{'D7'},{'D2'},{'D6'},{'D1'},{'D3'},{'D4'},{'R2'},{'D5'},{'R3'},{'R1'},&,1.0,&
{'D7'},{'D2'},{'D6'},{'D1'},{'D3'},{'D4'},{'R3'},{'D5'},{'R2'},{'R1'},&,1.0,&
{'D7'},{'D2'},{'D6'},{'D1'},{'D3'},{'D4'},{'D5'},{'R3'},{'R1'},{'R2'},&,2.0,&
{'D7'},{'D2'},{'D6'},{'D1'},{'D3'},{'D4'},{'D5'},{'R1'},{'R2'},{'R3'},&,1.0,&
{'D7'},{'D2'},{'D6'},{'D1'},{'D5'},{'D4'},{'D3'},{'R1'},{'R2'},{'R3'},&,1.0,&
{'D7'},{'D2'},{'D6'},{'D1'},{'D5'},{'D3'},{'D4'},{'R3'},{'R1'},{'R2'},&,1.0,&
{'D7'},{'D2'},{'D6'},{'D1'},{'D5'},{'D3'},{'D4'},{'R1'},{'R2'},{'R3'},&,1.0,&
{'D7'},{'D2'},{'D6'},{'D1'},{'D4'},{'R2'},{'D3'},{'D5'},{'R3'},{'R1'},&,1.0,&
{'D7'},{'D2'},{'D6'},{'D1'},{'D4'},{'D3'},{'R1'},{'R2'},{'D5'},{'R3'},&,1.0,&
{'D7'},{'D2'},{'D6'},{'D1'},{'R2'},{'D4'},{'D3'},{'D5'},{'R3'},{'R1'},&,1.0,&
{'D7'},{'D2'},{'D6'},{'D5'},{'D3'},{'D4'},{'D1'},{'R3'},{'R2'},{'R1'},&,1.0,&
{'D7'},{'D2'},{'D6'},{'D5'},{'D3'},{'D1'},{'D4'},{'R2'},{'R3'},{'R1'},&,1.0,&
{'D7'},{'D2'},{'D6'},{'D5'},{'D3'},{'D1'},{'D4'},{'R1'},{'R3'},{'R2'},&,1.0,&
{'D7'},{'D2'},{'D6'},{'D5'},{'D1'},{'R3'},{'D4'},{'R2'},{'D3'},{'R1'},&,1.0,&
{'D7'},{'D2'},{'D6'},{'D5'},{'D4'},{'D1'},{'D3'},{'R3'},{'R2'},{'R1'},&,1.0,&
{'D7'},{'D2'},{'D6'},{'D5'},{'D4'},{'D3'},{'D1'},{'R3'},{'R2'},{'R1'},&,1.0,&
{'D7'},{'D2'},{'D6'},{'D4'},{'D3'},{'D5'},{'R2'},{'D1'},{'R1'},{'R3'},&,1.0,&
{'D7'},{'D2'},{'D6'},{'D4'},{'D3'},{'D5'},{'D1'},{'R2'},{'R1'},{'R3'},&,1.0,&
{'D7'},{'D2'},{'D6'},{'D4'},{'D3'},{'D1'},{'D5'},{'R3'},{'R1'},{'R2'},&,1.0,&
{'D7'},{'D2'},{'D6'},{'D4'},{'D3'},{'D1'},{'D5'},{'R3'},{'R2'},{'R1'},&,3.0,&
{'D7'},{'D2'},{'D6'},{'D4'},{'D3'},{'D1'},{'D5'},{'R2'},{'R3'},{'R1'},&,1.0,&
{'D7'},{'D2'},{'D6'},{'D4'},{'D3'},{'D1'},{'D5'},{'R2'},{'R1'},{'R3'},&,1.0,&
{'D7'},{'D2'},{'D6'},{'D4'},{'D3'},{'D1'},{'D5'},{'R1'},{'R3'},{'R2'},&,1.0,&
{'D7'},{'D2'},{'D6'},{'D4'},{'D3'},{'D1'},{'D5'},{'R1'},{'R2'},{'R3'},&,1.0,&
{'D7'},{'D2'},{'D6'},{'D4'},{'D3'},{'R3'},{'D1'},{'D5'},{'R1'},{'R2'},&,1.0,&
{'D7'},{'D2'},{'D6'},{'D4'},{'D1'},{'D5'},{'D3'},{'R1'},{'R2'},{'R3'},&,1.0,&
{'D7'},{'D2'},{'D6'},{'D4'},{'D1'},{'D3'},{'D5'},{'R3'},{'R2'},{'R1'},&,1.0,&
{'D7'},{'D2'},{'D6'},{'D4'},{'D5'},{'D1'},{'D3'},{'R3'},{'R2'},{'R1'},&,1.0,&
{'D7'},{'D2'},{'D6'},{'D4'},{'D5'},{'D3'},{'D1'},{'R3'},{'R1'},{'R2'},&,1.0,&
{'D7'},{'D2'},{'D6'},{'D4'},{'R2'},{'D3'},{'D1'},{'D5'},{'R1'},{'R3'},&,1.0,&
{'D7'},{'D2'},{'D6'},{'D3'},{'D1'},{'D5'},{'R1'},{'D4'},{'R2'},{'R3'},&,1.0,&
{'D7'},{'D2'},{'D6'},{'D3'},{'D1'},{'D5'},{'D4'},{'R3'},{'R2'},{'R1'},&,1.0,&
{'D7'},{'D2'},{'D6'},{'D3'},{'D1'},{'D5'},{'D4'},{'R2'},{'R1'},{'R3'},&,1.0,&
{'D7'},{'D2'},{'D6'},{'D3'},{'D1'},{'D5'},{'D4'},{'R1'},{'R3'},{'R2'},&,1.0,&
{'D7'},{'D2'},{'D6'},{'D3'},{'D1'},{'D4'},{'D5'},{'R3'},{'R1'},{'R2'},&,1.0,&
{'D7'},{'D2'},{'D6'},{'D3'},{'D1'},{'D4'},{'D5'},{'R3'},{'R2'},{'R1'},&,3.0,&
{'D7'},{'D2'},{'D6'},{'D3'},{'D1'},{'D4'},{'D5'},{'R2'},{'R3'},{'R1'},&,4.0,&
{'D7'},{'D2'},{'D6'},{'D3'},{'D1'},{'D4'},{'D5'},{'R2'},{'R1'},{'R3'},&,1.0,&
{'D7'},{'D2'},{'D6'},{'D3'},{'D1'},{'D4'},{'R1'},{'D5'},{'R3'},{'R2'},&,1.0,&
{'D7'},{'D2'},{'D6'},{'D3'},{'D1'},{'D4'},{'R1'},{'D5'},{'R2'},{'R3'},&,1.0,&
{'D7'},{'D2'},{'D6'},{'D3'},{'D1'},{'R3'},{'D4'},{'D5'},{'R2'},{'R1'},&,1.0,&
{'D7'},{'D2'},{'D6'},{'D3'},{'D5'},{'D4'},{'D1'},{'R3'},{'R2'},{'R1'},&,1.0,&
{'D7'},{'D2'},{'D6'},{'D3'},{'D5'},{'D4'},{'D1'},{'R2'},{'R1'},{'R3'},&,3.0,&
{'D7'},{'D2'},{'D6'},{'D3'},{'D5'},{'D4'},{'D1'},{'R1'},{'R3'},{'R2'},&,1.0,&
{'D7'},{'D2'},{'D6'},{'D3'},{'D5'},{'D1'},{'R1'},{'D4'},{'R3'},{'R2'},&,1.0,&
{'D7'},{'D2'},{'D6'},{'D3'},{'D5'},{'D1'},{'D4'},{'R3'},{'R1'},{'R2'},&,1.0,&
{'D7'},{'D2'},{'D6'},{'D3'},{'D5'},{'D1'},{'D4'},{'R2'},{'R1'},{'R3'},&,1.0,&
{'D7'},{'D2'},{'D6'},{'D3'},{'D5'},{'D1'},{'D4'},{'R1'},{'R2'},{'R3'},&,1.0,&
{'D7'},{'D2'},{'D6'},{'D3'},{'D5'},{'R2'},{'R3'},{'D4'},{'D1'},{'R1'},&,1.0,&
{'D7'},{'D2'},{'D6'},{'D3'},{'D4'},{'D5'},{'R2'},{'D1'},{'R3'},{'R1'},&,2.0,&
{'D7'},{'D2'},{'D6'},{'D3'},{'D4'},{'D5'},{'R3'},{'D1'},{'R2'},{'R1'},&,1.0,&
{'D7'},{'D2'},{'D6'},{'D3'},{'D4'},{'D5'},{'R1'},{'D1'},{'R2'},{'R3'},&,1.0,&
{'D7'},{'D2'},{'D6'},{'D3'},{'D4'},{'D5'},{'D1'},{'R2'},{'R1'},{'R3'},&,1.0,&
{'D7'},{'D2'},{'D6'},{'D3'},{'D4'},{'D1'},{'R3'},{'R1'},{'D5'},{'R2'},&,1.0,&
{'D7'},{'D2'},{'D6'},{'D3'},{'D4'},{'D1'},{'D5'},{'R3'},{'R2'},{'R1'},&,2.0,&
{'D7'},{'D2'},{'D6'},{'D3'},{'D4'},{'D1'},{'D5'},{'R2'},{'R3'},{'R1'},&,1.0,&
{'D7'},{'D2'},{'D6'},{'D3'},{'D4'},{'D1'},{'D5'},{'R2'},{'R1'},{'R3'},&,1.0,&
{'D7'},{'D2'},{'D6'},{'D3'},{'D4'},{'D1'},{'D5'},{'R1'},{'R3'},{'R2'},&,1.0,&
{'D7'},{'D2'},{'D6'},{'D3'},{'D4'},{'D1'},{'D5'},{'R1'},{'R2'},{'R3'},&,2.0,&
{'D7'},{'D2'},{'D6'},{'D3'},{'D4'},{'D1'},{'R1'},{'D5'},{'R2'},{'R3'},&,1.0,&
{'D7'},{'D2'},{'D6'},{'D3'},{'D4'},{'R2'},{'D1'},{'D5'},{'R3'},{'R1'},&,1.0,&
{'D7'},{'D2'},{'D6'},{'D3'},{'D4'},{'R3'},{'D1'},{'D5'},{'R2'},{'R1'},&,1.0,&
{'D7'},{'D2'},{'D6'},{'D3'},{'R2'},{'D5'},{'D1'},{'D4'},{'R3'},{'R1'},&,1.0,&
{'D7'},{'D2'},{'D6'},{'D3'},{'R3'},{'D1'},{'D4'},{'D5'},{'R2'},{'R1'},&,1.0,&
{'D7'},{'D2'},{'D1'},{'D4'},{'D6'},{'D5'},{'D3'},{'R2'},{'R3'},{'R1'},&,1.0,&
{'D7'},{'D2'},{'D1'},{'D4'},{'D6'},{'D5'},{'D3'},{'R1'},{'R3'},{'R2'},&,1.0,&
{'D7'},{'D2'},{'D1'},{'D4'},{'D6'},{'D3'},{'R3'},{'D5'},{'R2'},{'R1'},&,1.0,&
{'D7'},{'D2'},{'D1'},{'D6'},{'D3'},{'D5'},{'D4'},{'R2'},{'R3'},{'R1'},&,1.0,&
{'D7'},{'D2'},{'D1'},{'D6'},{'D3'},{'D4'},{'R3'},{'D5'},{'R1'},{'R2'},&,1.0,&
{'D7'},{'D2'},{'D1'},{'D6'},{'D3'},{'D4'},{'D5'},{'R2'},{'R3'},{'R1'},&,1.0,&
{'D7'},{'D2'},{'D1'},{'D6'},{'D3'},{'D4'},{'D5'},{'R2'},{'R1'},{'R3'},&,1.0,&
{'D7'},{'D2'},{'D1'},{'D6'},{'D3'},{'R3'},{'D4'},{'D5'},{'R2'},{'R1'},&,1.0,&
{'D7'},{'D2'},{'D1'},{'D6'},{'D4'},{'D3'},{'R2'},{'D5'},{'R3'},{'R1'},&,1.0,&
{'D7'},{'D2'},{'D1'},{'D6'},{'D4'},{'D3'},{'D5'},{'R3'},{'R1'},{'R2'},&,1.0,&
{'D7'},{'D2'},{'D1'},{'D3'},{'D6'},{'D4'},{'D5'},{'R2'},{'R3'},{'R1'},&,1.0,&
{'D7'},{'D2'},{'D1'},{'D3'},{'D6'},{'D4'},{'D5'},{'R1'},{'R2'},{'R3'},&,1.0,&
{'D7'},{'D2'},{'R2'},{'D3'},{'D1'},{'R3'},{'D6'},{'D4'},{'D5'},{'R1'},&,1.0,&
{'D7'},{'R3'},{'D4'},{'D6'},{'D3'},{'D1'},{'D5'},{'D2'},{'R1'},{'R2'},&,1.0,&
{'D7'},{'R3'},{'D6'},{'D5'},{'D3'},{'D1'},{'D4'},{'R2'},{'D2'},{'R1'},&,1.0,&
{'D7'},{'R3'},{'D6'},{'D3'},{'D5'},{'D4'},{'D1'},{'R2'},{'D2'},{'R1'},&,1.0,&
{'D7'},{'R1'},{'D5'},{'D6'},{'D3'},{'D4'},{'D1'},{'R3'},{'D2'},{'R2'},&,1.0,&
{'D7'},{'R1'},{'D6'},{'D3'},{'D4'},{'D5'},{'D1'},{'D2'},{'R2'},{'R3'},&,1.0,&
{'D7'},{'R2'},{'D3'},{'D6'},{'D5'},{'D4'},{'D1'},{'D2'},{'R3'},{'R1'},&,1.0,&
{'D7'},{'R2'},{'D6'},{'D4'},{'D5'},{'D1'},{'D3'},{'D2'},{'R3'},{'R1'},&,1.0,&
{'D1'},{'D7'},{'D4'},{'D5'},{'D3'},{'D6'},{'R2'},{'D2'},{'R3'},{'R1'},&,1.0,&
{'D1'},{'D7'},{'D4'},{'D5'},{'D3'},{'D6'},{'R2'},{'R3'},{'D2'},{'R1'},&,1.0,&
{'D1'},{'D7'},{'D4'},{'D5'},{'D2'},{'D3'},{'D6'},{'R3'},{'R1'},{'R2'},&,1.0,&
{'D1'},{'D7'},{'D4'},{'D5'},{'D6'},{'D3'},{'D2'},{'R3'},{'R1'},{'R2'},&,1.0,&
{'D1'},{'D7'},{'D4'},{'D5'},{'D6'},{'D3'},{'D2'},{'R3'},{'R2'},{'R1'},&,1.0,&
{'D1'},{'D7'},{'D4'},{'D5'},{'D6'},{'D3'},{'D2'},{'R2'},{'R3'},{'R1'},&,1.0,&
{'D1'},{'D7'},{'D4'},{'D5'},{'D6'},{'D3'},{'D2'},{'R2'},{'R1'},{'R3'},&,1.0,&
{'D1'},{'D7'},{'D4'},{'D5'},{'D6'},{'D3'},{'R1'},{'D2'},{'R2'},{'R3'},&,1.0,&
{'D1'},{'D7'},{'D4'},{'D6'},{'D3'},{'D5'},{'R2'},{'D2'},{'R3'},{'R1'},&,3.0,&
{'D1'},{'D7'},{'D4'},{'D6'},{'D3'},{'D5'},{'R2'},{'D2'},{'R1'},{'R3'},&,4.0,&
{'D1'},{'D7'},{'D4'},{'D6'},{'D3'},{'D5'},{'R2'},{'R3'},{'R1'},{'D2'},&,1.0,&
{'D1'},{'D7'},{'D4'},{'D6'},{'D3'},{'D5'},{'R2'},{'R3'},{'D2'},{'R1'},&,1.0,&
{'D1'},{'D7'},{'D4'},{'D6'},{'D3'},{'D5'},{'D2'},{'R3'},{'R1'},{'R2'},&,6.0,&
{'D1'},{'D7'},{'D4'},{'D6'},{'D3'},{'D5'},{'D2'},{'R3'},{'R2'},{'R1'},&,4.0,&
{'D1'},{'D7'},{'D4'},{'D6'},{'D3'},{'D5'},{'D2'},{'R2'},{'R3'},{'R1'},&,15.0,&
{'D1'},{'D7'},{'D4'},{'D6'},{'D3'},{'D5'},{'D2'},{'R2'},{'R1'},{'R3'},&,6.0,&
{'D1'},{'D7'},{'D4'},{'D6'},{'D3'},{'D5'},{'D2'},{'R1'},{'R3'},{'R2'},&,6.0,&
{'D1'},{'D7'},{'D4'},{'D6'},{'D3'},{'D5'},{'D2'},{'R1'},{'R2'},{'R3'},&,5.0,&
{'D1'},{'D7'},{'D4'},{'D6'},{'D3'},{'D5'},{'R3'},{'D2'},{'R1'},{'R2'},&,2.0,&
{'D1'},{'D7'},{'D4'},{'D6'},{'D3'},{'D5'},{'R3'},{'R2'},{'R1'},{'D2'},&,1.0,&
{'D1'},{'D7'},{'D4'},{'D6'},{'D3'},{'D5'},{'R3'},{'R1'},{'D2'},{'R2'},&,3.0,&
{'D1'},{'D7'},{'D4'},{'D6'},{'D3'},{'D5'},{'R1'},{'D2'},{'R2'},{'R3'},&,1.0,&
{'D1'},{'D7'},{'D4'},{'D6'},{'D3'},{'D5'},{'R1'},{'R3'},{'D2'},{'R2'},&,1.0,&
{'D1'},{'D7'},{'D4'},{'D6'},{'D3'},{'R2'},{'D5'},{'D2'},{'R3'},{'R1'},&,1.0,&
{'D1'},{'D7'},{'D4'},{'D6'},{'D3'},{'R2'},{'D5'},{'D2'},{'R1'},{'R3'},&,4.0,&
{'D1'},{'D7'},{'D4'},{'D6'},{'D3'},{'R2'},{'D5'},{'R1'},{'D2'},{'R3'},&,1.0,&
{'D1'},{'D7'},{'D4'},{'D6'},{'D3'},{'D2'},{'R3'},{'D5'},{'R2'},{'R1'},&,1.0,&
{'D1'},{'D7'},{'D4'},{'D6'},{'D3'},{'D2'},{'D5'},{'R2'},{'R3'},{'R1'},&,3.0,&
{'D1'},{'D7'},{'D4'},{'D6'},{'D3'},{'D2'},{'R1'},{'D5'},{'R3'},{'R2'},&,1.0,&
{'D1'},{'D7'},{'D4'},{'D6'},{'D3'},{'R1'},{'D5'},{'R2'},{'D2'},{'R3'},&,1.0,&
{'D1'},{'D7'},{'D4'},{'D6'},{'D3'},{'R3'},{'D5'},{'D2'},{'R2'},{'R1'},&,1.0,&
{'D1'},{'D7'},{'D4'},{'D6'},{'D5'},{'D3'},{'R2'},{'D2'},{'R3'},{'R1'},&,1.0,&
{'D1'},{'D7'},{'D4'},{'D6'},{'D5'},{'D3'},{'R2'},{'D2'},{'R1'},{'R3'},&,1.0,&
{'D1'},{'D7'},{'D4'},{'D6'},{'D5'},{'D3'},{'R2'},{'R3'},{'D2'},{'R1'},&,1.0,&
{'D1'},{'D7'},{'D4'},{'D6'},{'D5'},{'D3'},{'R2'},{'R1'},{'D2'},{'R3'},&,1.0,&
{'D1'},{'D7'},{'D4'},{'D6'},{'D5'},{'D3'},{'D2'},{'R3'},{'R1'},{'R2'},&,2.0,&
{'D1'},{'D7'},{'D4'},{'D6'},{'D5'},{'D3'},{'D2'},{'R3'},{'R2'},{'R1'},&,1.0,&
{'D1'},{'D7'},{'D4'},{'D6'},{'D5'},{'D3'},{'D2'},{'R2'},{'R3'},{'R1'},&,2.0,&
{'D1'},{'D7'},{'D4'},{'D6'},{'D5'},{'D3'},{'D2'},{'R2'},{'R1'},{'R3'},&,2.0,&
{'D1'},{'D7'},{'D4'},{'D6'},{'D5'},{'D3'},{'D2'},{'R1'},{'R3'},{'R2'},&,2.0,&
{'D1'},{'D7'},{'D4'},{'D6'},{'D5'},{'D3'},{'D2'},{'R1'},{'R2'},{'R3'},&,1.0,&
{'D1'},{'D7'},{'D4'},{'D6'},{'D5'},{'D2'},{'R2'},{'D3'},{'R3'},{'R1'},&,1.0,&
{'D1'},{'D7'},{'D4'},{'D6'},{'R2'},{'D3'},{'D5'},{'D2'},{'R1'},{'R3'},&,1.0,&
{'D1'},{'D7'},{'D4'},{'D6'},{'R2'},{'D3'},{'D5'},{'R3'},{'D2'},{'R1'},&,1.0,&
{'D1'},{'D7'},{'D4'},{'D3'},{'D5'},{'D6'},{'D2'},{'R3'},{'R2'},{'R1'},&,1.0,&
{'D1'},{'D7'},{'D4'},{'D3'},{'D5'},{'D6'},{'D2'},{'R2'},{'R3'},{'R1'},&,1.0,&
{'D1'},{'D7'},{'D4'},{'D3'},{'D5'},{'D6'},{'D2'},{'R2'},{'R1'},{'R3'},&,1.0,&
{'D1'},{'D7'},{'D4'},{'D3'},{'D5'},{'D6'},{'R3'},{'D2'},{'R1'},{'R2'},&,1.0,&
{'D1'},{'D7'},{'D4'},{'D3'},{'D6'},{'D5'},{'R2'},{'D2'},{'R3'},{'R1'},&,2.0,&
{'D1'},{'D7'},{'D4'},{'D3'},{'D6'},{'D5'},{'R2'},{'D2'},{'R1'},{'R3'},&,2.0,&
{'D1'},{'D7'},{'D4'},{'D3'},{'D6'},{'D5'},{'D2'},{'R3'},{'R1'},{'R2'},&,3.0,&
{'D1'},{'D7'},{'D4'},{'D3'},{'D6'},{'D5'},{'D2'},{'R3'},{'R2'},{'R1'},&,10.0,&
{'D1'},{'D7'},{'D4'},{'D3'},{'D6'},{'D5'},{'D2'},{'R2'},{'R3'},{'R1'},&,10.0,&
{'D1'},{'D7'},{'D4'},{'D3'},{'D6'},{'D5'},{'D2'},{'R2'},{'R1'},{'R3'},&,13.0,&
{'D1'},{'D7'},{'D4'},{'D3'},{'D6'},{'D5'},{'D2'},{'R1'},{'R3'},{'R2'},&,6.0,&
{'D1'},{'D7'},{'D4'},{'D3'},{'D6'},{'D5'},{'D2'},{'R1'},{'R2'},{'R3'},&,12.0,&
{'D1'},{'D7'},{'D4'},{'D3'},{'D6'},{'D5'},{'R3'},{'D2'},{'R1'},{'R2'},&,1.0,&
{'D1'},{'D7'},{'D4'},{'D3'},{'D6'},{'D5'},{'R3'},{'D2'},{'R2'},{'R1'},&,2.0,&
{'D1'},{'D7'},{'D4'},{'D3'},{'D6'},{'D5'},{'R3'},{'R2'},{'D2'},{'R1'},&,1.0,&
{'D1'},{'D7'},{'D4'},{'D3'},{'D6'},{'D5'},{'R1'},{'R2'},{'D2'},{'R3'},&,1.0,&
{'D1'},{'D7'},{'D4'},{'D3'},{'D6'},{'R2'},{'D5'},{'R3'},{'R1'},{'D2'},&,1.0,&
{'D1'},{'D7'},{'D4'},{'D3'},{'D6'},{'R1'},{'D5'},{'R2'},{'D2'},{'R3'},&,1.0,&
{'D1'},{'D7'},{'D4'},{'D2'},{'D6'},{'D3'},{'D5'},{'R2'},{'R3'},{'R1'},&,1.0,&
{'D1'},{'D7'},{'D3'},{'D5'},{'D6'},{'D4'},{'R2'},{'R3'},{'R1'},{'D2'},&,1.0,&
{'D1'},{'D7'},{'D3'},{'D5'},{'D6'},{'D4'},{'D2'},{'R3'},{'R1'},{'R2'},&,1.0,&
{'D1'},{'D7'},{'D3'},{'D5'},{'D6'},{'D4'},{'D2'},{'R3'},{'R2'},{'R1'},&,4.0,&
{'D1'},{'D7'},{'D3'},{'D5'},{'D6'},{'D4'},{'D2'},{'R2'},{'R3'},{'R1'},&,6.0,&
{'D1'},{'D7'},{'D3'},{'D5'},{'D6'},{'D4'},{'D2'},{'R2'},{'R1'},{'R3'},&,2.0,&
{'D1'},{'D7'},{'D3'},{'D5'},{'D6'},{'D4'},{'R1'},{'R3'},{'D2'},{'R2'},&,1.0,&
{'D1'},{'D7'},{'D3'},{'D4'},{'D5'},{'D6'},{'D2'},{'R2'},{'R3'},{'R1'},&,1.0,&
{'D1'},{'D7'},{'D3'},{'D4'},{'D6'},{'D5'},{'R2'},{'D2'},{'R3'},{'R1'},&,4.0,&
{'D1'},{'D7'},{'D3'},{'D4'},{'D6'},{'D5'},{'R2'},{'D2'},{'R1'},{'R3'},&,1.0,&
{'D1'},{'D7'},{'D3'},{'D4'},{'D6'},{'D5'},{'D2'},{'R3'},{'R1'},{'R2'},&,5.0,&
{'D1'},{'D7'},{'D3'},{'D4'},{'D6'},{'D5'},{'D2'},{'R3'},{'R2'},{'R1'},&,4.0,&
{'D1'},{'D7'},{'D3'},{'D4'},{'D6'},{'D5'},{'D2'},{'R2'},{'R3'},{'R1'},&,6.0,&
{'D1'},{'D7'},{'D3'},{'D4'},{'D6'},{'D5'},{'D2'},{'R2'},{'R1'},{'R3'},&,10.0,&
{'D1'},{'D7'},{'D3'},{'D4'},{'D6'},{'D5'},{'D2'},{'R1'},{'R3'},{'R2'},&,4.0,&
{'D1'},{'D7'},{'D3'},{'D4'},{'D6'},{'D5'},{'D2'},{'R1'},{'R2'},{'R3'},&,4.0,&
{'D1'},{'D7'},{'D3'},{'D4'},{'D6'},{'D5'},{'R3'},{'D2'},{'R1'},{'R2'},&,1.0,&
{'D1'},{'D7'},{'D3'},{'D4'},{'D6'},{'D5'},{'R3'},{'R2'},{'R1'},{'D2'},&,1.0,&
{'D1'},{'D7'},{'D3'},{'D4'},{'D6'},{'D2'},{'D5'},{'R2'},{'R3'},{'R1'},&,1.0,&
{'D1'},{'D7'},{'D3'},{'D4'},{'D6'},{'D2'},{'D5'},{'R2'},{'R1'},{'R3'},&,1.0,&
{'D1'},{'D7'},{'D3'},{'D4'},{'D6'},{'R1'},{'D2'},{'D5'},{'R2'},{'R3'},&,1.0,&
{'D1'},{'D7'},{'D3'},{'D4'},{'D6'},{'R3'},{'D5'},{'D2'},{'R1'},{'R2'},&,1.0,&
{'D1'},{'D7'},{'D3'},{'D4'},{'D6'},{'R3'},{'D5'},{'D2'},{'R2'},{'R1'},&,1.0,&
{'D1'},{'D7'},{'D3'},{'D6'},{'D5'},{'D4'},{'R2'},{'D2'},{'R3'},{'R1'},&,2.0,&
{'D1'},{'D7'},{'D3'},{'D6'},{'D5'},{'D4'},{'R2'},{'D2'},{'R1'},{'R3'},&,6.0,&
{'D1'},{'D7'},{'D3'},{'D6'},{'D5'},{'D4'},{'R2'},{'R3'},{'D2'},{'R1'},&,1.0,&
{'D1'},{'D7'},{'D3'},{'D6'},{'D5'},{'D4'},{'R2'},{'R1'},{'D2'},{'R3'},&,2.0,&
{'D1'},{'D7'},{'D3'},{'D6'},{'D5'},{'D4'},{'D2'},{'R3'},{'R1'},{'R2'},&,4.0,&
{'D1'},{'D7'},{'D3'},{'D6'},{'D5'},{'D4'},{'D2'},{'R3'},{'R2'},{'R1'},&,10.0,&
{'D1'},{'D7'},{'D3'},{'D6'},{'D5'},{'D4'},{'D2'},{'R2'},{'R3'},{'R1'},&,16.0,&
{'D1'},{'D7'},{'D3'},{'D6'},{'D5'},{'D4'},{'D2'},{'R2'},{'R1'},{'R3'},&,7.0,&
{'D1'},{'D7'},{'D3'},{'D6'},{'D5'},{'D4'},{'D2'},{'R1'},{'R3'},{'R2'},&,8.0,&
{'D1'},{'D7'},{'D3'},{'D6'},{'D5'},{'D4'},{'D2'},{'R1'},{'R2'},{'R3'},&,5.0,&
{'D1'},{'D7'},{'D3'},{'D6'},{'D5'},{'D4'},{'R3'},{'D2'},{'R1'},{'R2'},&,2.0,&
{'D1'},{'D7'},{'D3'},{'D6'},{'D5'},{'D4'},{'R3'},{'D2'},{'R2'},{'R1'},&,4.0,&
{'D1'},{'D7'},{'D3'},{'D6'},{'D5'},{'D4'},{'R3'},{'R2'},{'D2'},{'R1'},&,1.0,&
{'D1'},{'D7'},{'D3'},{'D6'},{'D5'},{'D4'},{'R1'},{'D2'},{'R3'},{'R2'},&,1.0,&
{'D1'},{'D7'},{'D3'},{'D6'},{'D5'},{'D4'},{'R1'},{'D2'},{'R2'},{'R3'},&,2.0,&
{'D1'},{'D7'},{'D3'},{'D6'},{'D5'},{'D4'},{'R1'},{'R3'},{'R2'},{'D2'},&,1.0,&
{'D1'},{'D7'},{'D3'},{'D6'},{'D5'},{'D4'},{'R1'},{'R2'},{'D2'},{'R3'},&,2.0,&
{'D1'},{'D7'},{'D3'},{'D6'},{'D5'},{'D2'},{'D4'},{'R2'},{'R3'},{'R1'},&,1.0,&
{'D1'},{'D7'},{'D3'},{'D6'},{'D5'},{'D2'},{'D4'},{'R2'},{'R1'},{'R3'},&,1.0,&
{'D1'},{'D7'},{'D3'},{'D6'},{'D5'},{'R1'},{'D4'},{'D2'},{'R2'},{'R3'},&,1.0,&
{'D1'},{'D7'},{'D3'},{'D6'},{'D5'},{'R3'},{'D4'},{'D2'},{'R2'},{'R1'},&,1.0,&
{'D1'},{'D7'},{'D3'},{'D6'},{'D5'},{'R3'},{'D4'},{'R1'},{'D2'},{'R2'},&,1.0,&
{'D1'},{'D7'},{'D3'},{'D6'},{'D4'},{'D5'},{'R2'},{'D2'},{'R3'},{'R1'},&,6.0,&
{'D1'},{'D7'},{'D3'},{'D6'},{'D4'},{'D5'},{'R2'},{'D2'},{'R1'},{'R3'},&,11.0,&
{'D1'},{'D7'},{'D3'},{'D6'},{'D4'},{'D5'},{'R2'},{'R3'},{'R1'},{'D2'},&,1.0,&
{'D1'},{'D7'},{'D3'},{'D6'},{'D4'},{'D5'},{'R2'},{'R3'},{'D2'},{'R1'},&,1.0,&
{'D1'},{'D7'},{'D3'},{'D6'},{'D4'},{'D5'},{'R2'},{'R1'},{'R3'},{'D2'},&,2.0,&
{'D1'},{'D7'},{'D3'},{'D6'},{'D4'},{'D5'},{'R2'},{'R1'},{'D2'},{'R3'},&,5.0,&
{'D1'},{'D7'},{'D3'},{'D6'},{'D4'},{'D5'},{'D2'},{'R3'},{'R1'},{'R2'},&,14.0,&
{'D1'},{'D7'},{'D3'},{'D6'},{'D4'},{'D5'},{'D2'},{'R3'},{'R2'},{'R1'},&,20.0,&
{'D1'},{'D7'},{'D3'},{'D6'},{'D4'},{'D5'},{'D2'},{'R2'},{'R3'},{'R1'},&,36.0,&
{'D1'},{'D7'},{'D3'},{'D6'},{'D4'},{'D5'},{'D2'},{'R2'},{'R1'},{'R3'},&,20.0,&
{'D1'},{'D7'},{'D3'},{'D6'},{'D4'},{'D5'},{'D2'},{'R1'},{'R3'},{'R2'},&,15.0,&
{'D1'},{'D7'},{'D3'},{'D6'},{'D4'},{'D5'},{'D2'},{'R1'},{'R2'},{'R3'},&,19.0,&
{'D1'},{'D7'},{'D3'},{'D6'},{'D4'},{'D5'},{'R3'},{'D2'},{'R1'},{'R2'},&,4.0,&
{'D1'},{'D7'},{'D3'},{'D6'},{'D4'},{'D5'},{'R3'},{'D2'},{'R2'},{'R1'},&,6.0,&
{'D1'},{'D7'},{'D3'},{'D6'},{'D4'},{'D5'},{'R3'},{'R2'},{'R1'},{'D2'},&,1.0,&
{'D1'},{'D7'},{'D3'},{'D6'},{'D4'},{'D5'},{'R1'},{'D2'},{'R3'},{'R2'},&,3.0,&
{'D1'},{'D7'},{'D3'},{'D6'},{'D4'},{'D5'},{'R1'},{'D2'},{'R2'},{'R3'},&,5.0,&
{'D1'},{'D7'},{'D3'},{'D6'},{'D4'},{'D5'},{'R1'},{'R3'},{'D2'},{'R2'},&,2.0,&
{'D1'},{'D7'},{'D3'},{'D6'},{'D4'},{'D5'},{'R1'},{'R2'},{'R3'},{'D2'},&,1.0,&
{'D1'},{'D7'},{'D3'},{'D6'},{'D4'},{'R2'},{'D5'},{'D2'},{'R3'},{'R1'},&,4.0,&
{'D1'},{'D7'},{'D3'},{'D6'},{'D4'},{'R2'},{'D5'},{'D2'},{'R1'},{'R3'},&,4.0,&
{'D1'},{'D7'},{'D3'},{'D6'},{'D4'},{'D2'},{'R3'},{'D5'},{'R1'},{'R2'},&,2.0,&
{'D1'},{'D7'},{'D3'},{'D6'},{'D4'},{'D2'},{'D5'},{'R3'},{'R2'},{'R1'},&,3.0,&
{'D1'},{'D7'},{'D3'},{'D6'},{'D4'},{'D2'},{'D5'},{'R2'},{'R3'},{'R1'},&,1.0,&
{'D1'},{'D7'},{'D3'},{'D6'},{'D4'},{'D2'},{'D5'},{'R2'},{'R1'},{'R3'},&,2.0,&
{'D1'},{'D7'},{'D3'},{'D6'},{'D4'},{'D2'},{'D5'},{'R1'},{'R3'},{'R2'},&,1.0,&
{'D1'},{'D7'},{'D3'},{'D6'},{'D4'},{'D2'},{'D5'},{'R1'},{'R2'},{'R3'},&,2.0,&
{'D1'},{'D7'},{'D3'},{'D6'},{'D4'},{'D2'},{'R1'},{'D5'},{'R2'},{'R3'},&,1.0,&
{'D1'},{'D7'},{'D3'},{'D6'},{'D4'},{'R1'},{'D2'},{'R3'},{'D5'},{'R2'},&,1.0,&
{'D1'},{'D7'},{'D3'},{'D6'},{'D4'},{'R1'},{'D2'},{'D5'},{'R3'},{'R2'},&,1.0,&
{'D1'},{'D7'},{'D3'},{'D6'},{'D4'},{'R3'},{'R2'},{'D5'},{'D2'},{'R1'},&,1.0,&
{'D1'},{'D7'},{'D3'},{'D6'},{'D4'},{'R3'},{'D5'},{'D2'},{'R1'},{'R2'},&,1.0,&
{'D1'},{'D7'},{'D3'},{'D6'},{'D4'},{'R3'},{'D5'},{'D2'},{'R2'},{'R1'},&,1.0,&
{'D1'},{'D7'},{'D3'},{'D6'},{'D4'},{'R3'},{'D5'},{'R1'},{'D2'},{'R2'},&,1.0,&
{'D1'},{'D7'},{'D3'},{'D6'},{'D2'},{'D5'},{'D4'},{'R2'},{'R1'},{'R3'},&,2.0,&
{'D1'},{'D7'},{'D3'},{'D6'},{'D2'},{'D4'},{'D5'},{'R2'},{'R3'},{'R1'},&,1.0,&
{'D1'},{'D7'},{'D3'},{'D6'},{'D2'},{'D4'},{'D5'},{'R1'},{'R3'},{'R2'},&,1.0,&
{'D1'},{'D7'},{'D3'},{'D6'},{'R1'},{'D4'},{'D2'},{'D5'},{'R2'},{'R3'},&,1.0,&
{'D1'},{'D7'},{'D3'},{'D6'},{'R2'},{'D5'},{'D4'},{'D2'},{'R3'},{'R1'},&,1.0,&
{'D1'},{'D7'},{'D3'},{'D6'},{'R2'},{'D4'},{'R3'},{'D5'},{'D2'},{'R1'},&,1.0,&
{'D1'},{'D7'},{'D3'},{'D6'},{'R2'},{'D4'},{'D5'},{'D2'},{'R3'},{'R1'},&,1.0,&
{'D1'},{'D7'},{'D3'},{'D6'},{'R2'},{'D2'},{'D4'},{'D5'},{'R3'},{'R1'},&,1.0,&
{'D1'},{'D7'},{'D3'},{'D6'},{'R3'},{'D4'},{'D5'},{'D2'},{'R1'},{'R2'},&,2.0,&
{'D1'},{'D7'},{'D3'},{'D6'},{'R3'},{'D4'},{'D5'},{'D2'},{'R2'},{'R1'},&,1.0,&
{'D1'},{'D7'},{'D3'},{'D2'},{'D6'},{'D5'},{'R2'},{'D4'},{'R3'},{'R1'},&,1.0,&
{'D1'},{'D7'},{'D3'},{'R2'},{'D6'},{'D4'},{'D5'},{'D2'},{'R3'},{'R1'},&,1.0,&
{'D1'},{'D7'},{'D5'},{'D4'},{'D3'},{'R2'},{'D6'},{'R3'},{'R1'},{'D2'},&,1.0,&
{'D1'},{'D7'},{'D5'},{'D4'},{'D3'},{'D6'},{'R3'},{'D2'},{'R2'},{'R1'},&,1.0,&
{'D1'},{'D7'},{'D5'},{'D4'},{'D6'},{'D3'},{'D2'},{'R3'},{'R1'},{'R2'},&,1.0,&
{'D1'},{'D7'},{'D5'},{'D4'},{'D6'},{'D3'},{'D2'},{'R2'},{'R3'},{'R1'},&,1.0,&
{'D1'},{'D7'},{'D5'},{'D4'},{'D6'},{'D3'},{'D2'},{'R1'},{'R3'},{'R2'},&,1.0,&
{'D1'},{'D7'},{'D5'},{'D4'},{'D6'},{'D3'},{'R1'},{'D2'},{'R2'},{'R3'},&,1.0,&
{'D1'},{'D7'},{'D5'},{'D6'},{'D3'},{'D4'},{'R2'},{'R3'},{'D2'},{'R1'},&,1.0,&
{'D1'},{'D7'},{'D5'},{'D6'},{'D3'},{'D4'},{'D2'},{'R3'},{'R1'},{'R2'},&,3.0,&
{'D1'},{'D7'},{'D5'},{'D6'},{'D3'},{'D4'},{'D2'},{'R3'},{'R2'},{'R1'},&,4.0,&
{'D1'},{'D7'},{'D5'},{'D6'},{'D3'},{'D4'},{'D2'},{'R2'},{'R3'},{'R1'},&,5.0,&
{'D1'},{'D7'},{'D5'},{'D6'},{'D3'},{'D4'},{'D2'},{'R2'},{'R1'},{'R3'},&,4.0,&
{'D1'},{'D7'},{'D5'},{'D6'},{'D3'},{'D4'},{'D2'},{'R1'},{'R3'},{'R2'},&,1.0,&
{'D1'},{'D7'},{'D5'},{'D6'},{'D3'},{'D4'},{'D2'},{'R1'},{'R2'},{'R3'},&,2.0,&
{'D1'},{'D7'},{'D5'},{'D6'},{'D3'},{'D4'},{'R1'},{'D2'},{'R3'},{'R2'},&,1.0,&
{'D1'},{'D7'},{'D5'},{'D6'},{'D3'},{'D4'},{'R1'},{'R2'},{'D2'},{'R3'},&,1.0,&
{'D1'},{'D7'},{'D5'},{'D6'},{'D3'},{'R2'},{'D4'},{'R3'},{'R1'},{'D2'},&,1.0,&
{'D1'},{'D7'},{'D5'},{'D6'},{'D3'},{'R2'},{'D4'},{'R3'},{'D2'},{'R1'},&,1.0,&
{'D1'},{'D7'},{'D5'},{'D6'},{'D3'},{'D2'},{'D4'},{'R3'},{'R2'},{'R1'},&,1.0,&
{'D1'},{'D7'},{'D5'},{'D6'},{'D4'},{'R2'},{'D3'},{'D2'},{'R3'},{'R1'},&,1.0,&
{'D1'},{'D7'},{'D5'},{'D6'},{'D4'},{'D3'},{'R2'},{'D2'},{'R3'},{'R1'},&,1.0,&
{'D1'},{'D7'},{'D5'},{'D6'},{'D4'},{'D3'},{'R2'},{'D2'},{'R1'},{'R3'},&,1.0,&
{'D1'},{'D7'},{'D5'},{'D6'},{'D4'},{'D3'},{'D2'},{'R3'},{'R2'},{'R1'},&,1.0,&
{'D1'},{'D7'},{'D5'},{'D6'},{'D4'},{'D3'},{'D2'},{'R2'},{'R1'},{'R3'},&,1.0,&
{'D1'},{'D7'},{'D5'},{'D6'},{'D4'},{'D3'},{'D2'},{'R1'},{'R3'},{'R2'},&,2.0,&
{'D1'},{'D7'},{'D5'},{'D6'},{'D4'},{'D3'},{'R3'},{'D2'},{'R1'},{'R2'},&,1.0,&
{'D1'},{'D7'},{'D5'},{'D6'},{'D4'},{'D3'},{'R3'},{'R2'},{'D2'},{'R1'},&,1.0,&
{'D1'},{'D7'},{'D5'},{'D6'},{'D4'},{'D3'},{'R1'},{'D2'},{'R2'},{'R3'},&,2.0,&
{'D1'},{'D7'},{'D5'},{'D6'},{'R3'},{'D3'},{'D4'},{'D2'},{'R2'},{'R1'},&,1.0,&
{'D1'},{'D7'},{'D5'},{'D3'},{'D4'},{'R3'},{'D6'},{'D2'},{'R2'},{'R1'},&,1.0,&
{'D1'},{'D7'},{'D5'},{'D3'},{'D4'},{'D6'},{'D2'},{'R3'},{'R2'},{'R1'},&,2.0,&
{'D1'},{'D7'},{'D5'},{'D3'},{'D4'},{'D6'},{'D2'},{'R2'},{'R1'},{'R3'},&,1.0,&
{'D1'},{'D7'},{'D5'},{'D3'},{'D6'},{'D4'},{'R2'},{'D2'},{'R1'},{'R3'},&,1.0,&
{'D1'},{'D7'},{'D5'},{'D3'},{'D6'},{'D4'},{'D2'},{'R3'},{'R1'},{'R2'},&,1.0,&
{'D1'},{'D7'},{'D5'},{'D3'},{'D6'},{'D4'},{'D2'},{'R3'},{'R2'},{'R1'},&,1.0,&
{'D1'},{'D7'},{'D5'},{'D3'},{'D6'},{'D4'},{'D2'},{'R2'},{'R1'},{'R3'},&,1.0,&
{'D1'},{'D7'},{'D5'},{'D3'},{'D6'},{'D4'},{'D2'},{'R1'},{'R2'},{'R3'},&,2.0,&
{'D1'},{'D7'},{'D5'},{'D3'},{'D6'},{'D4'},{'R3'},{'D2'},{'R1'},{'R2'},&,1.0,&
{'D1'},{'D7'},{'D5'},{'D3'},{'D6'},{'D4'},{'R3'},{'D2'},{'R2'},{'R1'},&,1.0,&
{'D1'},{'D7'},{'D5'},{'D3'},{'D6'},{'R2'},{'D4'},{'D2'},{'R1'},{'R3'},&,1.0,&
{'D1'},{'D7'},{'D6'},{'D5'},{'D3'},{'D4'},{'R2'},{'D2'},{'R3'},{'R1'},&,4.0,&
{'D1'},{'D7'},{'D6'},{'D5'},{'D3'},{'D4'},{'R2'},{'D2'},{'R1'},{'R3'},&,1.0,&
{'D1'},{'D7'},{'D6'},{'D5'},{'D3'},{'D4'},{'D2'},{'R3'},{'R1'},{'R2'},&,6.0,&
{'D1'},{'D7'},{'D6'},{'D5'},{'D3'},{'D4'},{'D2'},{'R3'},{'R2'},{'R1'},&,12.0,&
{'D1'},{'D7'},{'D6'},{'D5'},{'D3'},{'D4'},{'D2'},{'R2'},{'R3'},{'R1'},&,6.0,&
{'D1'},{'D7'},{'D6'},{'D5'},{'D3'},{'D4'},{'D2'},{'R2'},{'R1'},{'R3'},&,8.0,&
{'D1'},{'D7'},{'D6'},{'D5'},{'D3'},{'D4'},{'D2'},{'R1'},{'R3'},{'R2'},&,3.0,&
{'D1'},{'D7'},{'D6'},{'D5'},{'D3'},{'D4'},{'D2'},{'R1'},{'R2'},{'R3'},&,6.0,&
{'D1'},{'D7'},{'D6'},{'D5'},{'D3'},{'D4'},{'R3'},{'D2'},{'R1'},{'R2'},&,2.0,&
{'D1'},{'D7'},{'D6'},{'D5'},{'D3'},{'D4'},{'R3'},{'D2'},{'R2'},{'R1'},&,3.0,&
{'D1'},{'D7'},{'D6'},{'D5'},{'D3'},{'D4'},{'R3'},{'R2'},{'R1'},{'D2'},&,1.0,&
{'D1'},{'D7'},{'D6'},{'D5'},{'D3'},{'D4'},{'R1'},{'D2'},{'R2'},{'R3'},&,2.0,&
{'D1'},{'D7'},{'D6'},{'D5'},{'D3'},{'R2'},{'D4'},{'D2'},{'R3'},{'R1'},&,1.0,&
{'D1'},{'D7'},{'D6'},{'D5'},{'D3'},{'R3'},{'D4'},{'D2'},{'R2'},{'R1'},&,1.0,&
{'D1'},{'D7'},{'D6'},{'D5'},{'D4'},{'R2'},{'D3'},{'D2'},{'R3'},{'R1'},&,1.0,&
{'D1'},{'D7'},{'D6'},{'D5'},{'D4'},{'D3'},{'R2'},{'D2'},{'R3'},{'R1'},&,2.0,&
{'D1'},{'D7'},{'D6'},{'D5'},{'D4'},{'D3'},{'R2'},{'D2'},{'R1'},{'R3'},&,2.0,&
{'D1'},{'D7'},{'D6'},{'D5'},{'D4'},{'D3'},{'R2'},{'R3'},{'D2'},{'R1'},&,1.0,&
{'D1'},{'D7'},{'D6'},{'D5'},{'D4'},{'D3'},{'D2'},{'R3'},{'R1'},{'R2'},&,4.0,&
{'D1'},{'D7'},{'D6'},{'D5'},{'D4'},{'D3'},{'D2'},{'R3'},{'R2'},{'R1'},&,2.0,&
{'D1'},{'D7'},{'D6'},{'D5'},{'D4'},{'D3'},{'D2'},{'R2'},{'R3'},{'R1'},&,6.0,&
{'D1'},{'D7'},{'D6'},{'D5'},{'D4'},{'D3'},{'D2'},{'R2'},{'R1'},{'R3'},&,6.0,&
{'D1'},{'D7'},{'D6'},{'D5'},{'D4'},{'D3'},{'D2'},{'R1'},{'R3'},{'R2'},&,1.0,&
{'D1'},{'D7'},{'D6'},{'D5'},{'D4'},{'D3'},{'D2'},{'R1'},{'R2'},{'R3'},&,7.0,&
{'D1'},{'D7'},{'D6'},{'D5'},{'D4'},{'D3'},{'R1'},{'D2'},{'R3'},{'R2'},&,1.0,&
{'D1'},{'D7'},{'D6'},{'D5'},{'D4'},{'D3'},{'R1'},{'D2'},{'R2'},{'R3'},&,2.0,&
{'D1'},{'D7'},{'D6'},{'D5'},{'D4'},{'R1'},{'D3'},{'D2'},{'R2'},{'R3'},&,1.0,&
{'D1'},{'D7'},{'D6'},{'D5'},{'D2'},{'R2'},{'D3'},{'D4'},{'R3'},{'R1'},&,2.0,&
{'D1'},{'D7'},{'D6'},{'D5'},{'R1'},{'D4'},{'D3'},{'D2'},{'R3'},{'R2'},&,1.0,&
{'D1'},{'D7'},{'D6'},{'D4'},{'D3'},{'D5'},{'R2'},{'D2'},{'R3'},{'R1'},&,9.0,&
{'D1'},{'D7'},{'D6'},{'D4'},{'D3'},{'D5'},{'R2'},{'D2'},{'R1'},{'R3'},&,2.0,&
{'D1'},{'D7'},{'D6'},{'D4'},{'D3'},{'D5'},{'R2'},{'R1'},{'D2'},{'R3'},&,1.0,&
{'D1'},{'D7'},{'D6'},{'D4'},{'D3'},{'D5'},{'D2'},{'R3'},{'R1'},{'R2'},&,9.0,&
{'D1'},{'D7'},{'D6'},{'D4'},{'D3'},{'D5'},{'D2'},{'R3'},{'R2'},{'R1'},&,17.0,&
{'D1'},{'D7'},{'D6'},{'D4'},{'D3'},{'D5'},{'D2'},{'R2'},{'R3'},{'R1'},&,33.0,&
{'D1'},{'D7'},{'D6'},{'D4'},{'D3'},{'D5'},{'D2'},{'R2'},{'R1'},{'R3'},&,26.0,&
{'D1'},{'D7'},{'D6'},{'D4'},{'D3'},{'D5'},{'D2'},{'R1'},{'R3'},{'R2'},&,8.0,&
{'D1'},{'D7'},{'D6'},{'D4'},{'D3'},{'D5'},{'D2'},{'R1'},{'R2'},{'R3'},&,26.0,&
{'D1'},{'D7'},{'D6'},{'D4'},{'D3'},{'D5'},{'R3'},{'D2'},{'R1'},{'R2'},&,2.0,&
{'D1'},{'D7'},{'D6'},{'D4'},{'D3'},{'D5'},{'R3'},{'D2'},{'R2'},{'R1'},&,7.0,&
{'D1'},{'D7'},{'D6'},{'D4'},{'D3'},{'D5'},{'R3'},{'R2'},{'R1'},{'D2'},&,1.0,&
{'D1'},{'D7'},{'D6'},{'D4'},{'D3'},{'D5'},{'R3'},{'R2'},{'D2'},{'R1'},&,3.0,&
{'D1'},{'D7'},{'D6'},{'D4'},{'D3'},{'D5'},{'R3'},{'R1'},{'D2'},{'R2'},&,1.0,&
{'D1'},{'D7'},{'D6'},{'D4'},{'D3'},{'D5'},{'R1'},{'D2'},{'R3'},{'R2'},&,4.0,&
{'D1'},{'D7'},{'D6'},{'D4'},{'D3'},{'D5'},{'R1'},{'D2'},{'R2'},{'R3'},&,3.0,&
{'D1'},{'D7'},{'D6'},{'D4'},{'D3'},{'D5'},{'R1'},{'R2'},{'D2'},{'R3'},&,1.0,&
{'D1'},{'D7'},{'D6'},{'D4'},{'D3'},{'R2'},{'R3'},{'D5'},{'D2'},{'R1'},&,1.0,&
{'D1'},{'D7'},{'D6'},{'D4'},{'D3'},{'R2'},{'D5'},{'D2'},{'R3'},{'R1'},&,1.0,&
{'D1'},{'D7'},{'D6'},{'D4'},{'D3'},{'R2'},{'D5'},{'D2'},{'R1'},{'R3'},&,2.0,&
{'D1'},{'D7'},{'D6'},{'D4'},{'D3'},{'R2'},{'D5'},{'R3'},{'D2'},{'R1'},&,1.0,&
{'D1'},{'D7'},{'D6'},{'D4'},{'D3'},{'R2'},{'D5'},{'R1'},{'R3'},{'D2'},&,1.0,&
{'D1'},{'D7'},{'D6'},{'D4'},{'D3'},{'D2'},{'R2'},{'R1'},{'D5'},{'R3'},&,1.0,&
{'D1'},{'D7'},{'D6'},{'D4'},{'D3'},{'D2'},{'R3'},{'D5'},{'R2'},{'R1'},&,1.0,&
{'D1'},{'D7'},{'D6'},{'D4'},{'D3'},{'D2'},{'D5'},{'R3'},{'R1'},{'R2'},&,1.0,&
{'D1'},{'D7'},{'D6'},{'D4'},{'D3'},{'D2'},{'D5'},{'R3'},{'R2'},{'R1'},&,1.0,&
{'D1'},{'D7'},{'D6'},{'D4'},{'D3'},{'D2'},{'D5'},{'R2'},{'R3'},{'R1'},&,2.0,&
{'D1'},{'D7'},{'D6'},{'D4'},{'D3'},{'D2'},{'D5'},{'R2'},{'R1'},{'R3'},&,4.0,&
{'D1'},{'D7'},{'D6'},{'D4'},{'D3'},{'D2'},{'D5'},{'R1'},{'R2'},{'R3'},&,1.0,&
{'D1'},{'D7'},{'D6'},{'D4'},{'D3'},{'R1'},{'D2'},{'D5'},{'R3'},{'R2'},&,1.0,&
{'D1'},{'D7'},{'D6'},{'D4'},{'D3'},{'R1'},{'D5'},{'D2'},{'R3'},{'R2'},&,1.0,&
{'D1'},{'D7'},{'D6'},{'D4'},{'D3'},{'R3'},{'D2'},{'D5'},{'R2'},{'R1'},&,1.0,&
{'D1'},{'D7'},{'D6'},{'D4'},{'D3'},{'R3'},{'D5'},{'D2'},{'R1'},{'R2'},&,3.0,&
{'D1'},{'D7'},{'D6'},{'D4'},{'D5'},{'D3'},{'R2'},{'D2'},{'R3'},{'R1'},&,1.0,&
{'D1'},{'D7'},{'D6'},{'D4'},{'D5'},{'D3'},{'R2'},{'R1'},{'R3'},{'D2'},&,1.0,&
{'D1'},{'D7'},{'D6'},{'D4'},{'D5'},{'D3'},{'D2'},{'R3'},{'R2'},{'R1'},&,6.0,&
{'D1'},{'D7'},{'D6'},{'D4'},{'D5'},{'D3'},{'D2'},{'R2'},{'R3'},{'R1'},&,2.0,&
{'D1'},{'D7'},{'D6'},{'D4'},{'D5'},{'D3'},{'D2'},{'R2'},{'R1'},{'R3'},&,8.0,&
{'D1'},{'D7'},{'D6'},{'D4'},{'D5'},{'D3'},{'D2'},{'R1'},{'R2'},{'R3'},&,7.0,&
{'D1'},{'D7'},{'D6'},{'D4'},{'D5'},{'D3'},{'R3'},{'D2'},{'R1'},{'R2'},&,1.0,&
{'D1'},{'D7'},{'D6'},{'D4'},{'D5'},{'D3'},{'R3'},{'D2'},{'R2'},{'R1'},&,3.0,&
{'D1'},{'D7'},{'D6'},{'D4'},{'D5'},{'R3'},{'D3'},{'D2'},{'R2'},{'R1'},&,1.0,&
{'D1'},{'D7'},{'D6'},{'D4'},{'R1'},{'D3'},{'D5'},{'D2'},{'R3'},{'R2'},&,2.0,&
{'D1'},{'D7'},{'D6'},{'D4'},{'R1'},{'D3'},{'D5'},{'R2'},{'R3'},{'D2'},&,1.0,&
{'D1'},{'D7'},{'D6'},{'D4'},{'R2'},{'D3'},{'D5'},{'R3'},{'D2'},{'R1'},&,1.0,&
{'D1'},{'D7'},{'D6'},{'D3'},{'D5'},{'D4'},{'R2'},{'D2'},{'R3'},{'R1'},&,7.0,&
{'D1'},{'D7'},{'D6'},{'D3'},{'D5'},{'D4'},{'R2'},{'D2'},{'R1'},{'R3'},&,5.0,&
{'D1'},{'D7'},{'D6'},{'D3'},{'D5'},{'D4'},{'R2'},{'R3'},{'D2'},{'R1'},&,3.0,&
{'D1'},{'D7'},{'D6'},{'D3'},{'D5'},{'D4'},{'R2'},{'R1'},{'D2'},{'R3'},&,1.0,&
{'D1'},{'D7'},{'D6'},{'D3'},{'D5'},{'D4'},{'D2'},{'R3'},{'R1'},{'R2'},&,9.0,&
{'D1'},{'D7'},{'D6'},{'D3'},{'D5'},{'D4'},{'D2'},{'R3'},{'R2'},{'R1'},&,16.0,&
{'D1'},{'D7'},{'D6'},{'D3'},{'D5'},{'D4'},{'D2'},{'R2'},{'R3'},{'R1'},&,29.0,&
{'D1'},{'D7'},{'D6'},{'D3'},{'D5'},{'D4'},{'D2'},{'R2'},{'R1'},{'R3'},&,25.0,&
{'D1'},{'D7'},{'D6'},{'D3'},{'D5'},{'D4'},{'D2'},{'R1'},{'R3'},{'R2'},&,7.0,&
{'D1'},{'D7'},{'D6'},{'D3'},{'D5'},{'D4'},{'D2'},{'R1'},{'R2'},{'R3'},&,12.0,&
{'D1'},{'D7'},{'D6'},{'D3'},{'D5'},{'D4'},{'R3'},{'D2'},{'R1'},{'R2'},&,2.0,&
{'D1'},{'D7'},{'D6'},{'D3'},{'D5'},{'D4'},{'R3'},{'D2'},{'R2'},{'R1'},&,6.0,&
{'D1'},{'D7'},{'D6'},{'D3'},{'D5'},{'D4'},{'R3'},{'R2'},{'R1'},{'D2'},&,1.0,&
{'D1'},{'D7'},{'D6'},{'D3'},{'D5'},{'D4'},{'R3'},{'R2'},{'D2'},{'R1'},&,2.0,&
{'D1'},{'D7'},{'D6'},{'D3'},{'D5'},{'D4'},{'R1'},{'D2'},{'R3'},{'R2'},&,1.0,&
{'D1'},{'D7'},{'D6'},{'D3'},{'D5'},{'D4'},{'R1'},{'D2'},{'R2'},{'R3'},&,2.0,&
{'D1'},{'D7'},{'D6'},{'D3'},{'D5'},{'D4'},{'R1'},{'R3'},{'D2'},{'R2'},&,1.0,&
{'D1'},{'D7'},{'D6'},{'D3'},{'D5'},{'D4'},{'R1'},{'R2'},{'R3'},{'D2'},&,1.0,&
{'D1'},{'D7'},{'D6'},{'D3'},{'D5'},{'D4'},{'R1'},{'R2'},{'D2'},{'R3'},&,1.0,&
{'D1'},{'D7'},{'D6'},{'D3'},{'D5'},{'R2'},{'D4'},{'D2'},{'R3'},{'R1'},&,3.0,&
{'D1'},{'D7'},{'D6'},{'D3'},{'D5'},{'R2'},{'D4'},{'D2'},{'R1'},{'R3'},&,2.0,&
{'D1'},{'D7'},{'D6'},{'D3'},{'D5'},{'R2'},{'D4'},{'R3'},{'D2'},{'R1'},&,1.0,&
{'D1'},{'D7'},{'D6'},{'D3'},{'D5'},{'D2'},{'R2'},{'D4'},{'R3'},{'R1'},&,1.0,&
{'D1'},{'D7'},{'D6'},{'D3'},{'D5'},{'D2'},{'R3'},{'D4'},{'R1'},{'R2'},&,1.0,&
{'D1'},{'D7'},{'D6'},{'D3'},{'D5'},{'D2'},{'D4'},{'R2'},{'R3'},{'R1'},&,1.0,&
{'D1'},{'D7'},{'D6'},{'D3'},{'D5'},{'D2'},{'D4'},{'R2'},{'R1'},{'R3'},&,2.0,&
{'D1'},{'D7'},{'D6'},{'D3'},{'D5'},{'R1'},{'D4'},{'D2'},{'R3'},{'R2'},&,2.0,&
{'D1'},{'D7'},{'D6'},{'D3'},{'D5'},{'R1'},{'D4'},{'D2'},{'R2'},{'R3'},&,2.0,&
{'D1'},{'D7'},{'D6'},{'D3'},{'D5'},{'R3'},{'D4'},{'D2'},{'R2'},{'R1'},&,1.0,&
{'D1'},{'D7'},{'D6'},{'D3'},{'D4'},{'D5'},{'R2'},{'D2'},{'R3'},{'R1'},&,16.0,&
{'D1'},{'D7'},{'D6'},{'D3'},{'D4'},{'D5'},{'R2'},{'D2'},{'R1'},{'R3'},&,9.0,&
{'D1'},{'D7'},{'D6'},{'D3'},{'D4'},{'D5'},{'R2'},{'R3'},{'R1'},{'D2'},&,1.0,&
{'D1'},{'D7'},{'D6'},{'D3'},{'D4'},{'D5'},{'R2'},{'R3'},{'D2'},{'R1'},&,3.0,&
{'D1'},{'D7'},{'D6'},{'D3'},{'D4'},{'D5'},{'R2'},{'R1'},{'R3'},{'D2'},&,1.0,&
{'D1'},{'D7'},{'D6'},{'D3'},{'D4'},{'D5'},{'R2'},{'R1'},{'D2'},{'R3'},&,3.0,&
{'D1'},{'D7'},{'D6'},{'D3'},{'D4'},{'D5'},{'D2'},{'R3'},{'R1'},{'R2'},&,15.0,&
{'D1'},{'D7'},{'D6'},{'D3'},{'D4'},{'D5'},{'D2'},{'R3'},{'R2'},{'R1'},&,45.0,&
{'D1'},{'D7'},{'D6'},{'D3'},{'D4'},{'D5'},{'D2'},{'R2'},{'R3'},{'R1'},&,63.0,&
{'D1'},{'D7'},{'D6'},{'D3'},{'D4'},{'D5'},{'D2'},{'R2'},{'R1'},{'R3'},&,49.0,&
{'D1'},{'D7'},{'D6'},{'D3'},{'D4'},{'D5'},{'D2'},{'R1'},{'R3'},{'R2'},&,24.0,&
{'D1'},{'D7'},{'D6'},{'D3'},{'D4'},{'D5'},{'D2'},{'R1'},{'R2'},{'R3'},&,32.0,&
{'D1'},{'D7'},{'D6'},{'D3'},{'D4'},{'D5'},{'R3'},{'D2'},{'R1'},{'R2'},&,6.0,&
{'D1'},{'D7'},{'D6'},{'D3'},{'D4'},{'D5'},{'R3'},{'D2'},{'R2'},{'R1'},&,8.0,&
{'D1'},{'D7'},{'D6'},{'D3'},{'D4'},{'D5'},{'R3'},{'R2'},{'D2'},{'R1'},&,2.0,&
{'D1'},{'D7'},{'D6'},{'D3'},{'D4'},{'D5'},{'R3'},{'R1'},{'D2'},{'R2'},&,1.0,&
{'D1'},{'D7'},{'D6'},{'D3'},{'D4'},{'D5'},{'R1'},{'D2'},{'R3'},{'R2'},&,3.0,&
{'D1'},{'D7'},{'D6'},{'D3'},{'D4'},{'D5'},{'R1'},{'D2'},{'R2'},{'R3'},&,9.0,&
{'D1'},{'D7'},{'D6'},{'D3'},{'D4'},{'D5'},{'R1'},{'R2'},{'D2'},{'R3'},&,2.0,&
{'D1'},{'D7'},{'D6'},{'D3'},{'D4'},{'R2'},{'R3'},{'D5'},{'D2'},{'R1'},&,1.0,&
{'D1'},{'D7'},{'D6'},{'D3'},{'D4'},{'R2'},{'D5'},{'D2'},{'R3'},{'R1'},&,5.0,&
{'D1'},{'D7'},{'D6'},{'D3'},{'D4'},{'R2'},{'D5'},{'D2'},{'R1'},{'R3'},&,2.0,&
{'D1'},{'D7'},{'D6'},{'D3'},{'D4'},{'R2'},{'D5'},{'R3'},{'D2'},{'R1'},&,1.0,&
{'D1'},{'D7'},{'D6'},{'D3'},{'D4'},{'R2'},{'D5'},{'R1'},{'D2'},{'R3'},&,1.0,&
{'D1'},{'D7'},{'D6'},{'D3'},{'D4'},{'D2'},{'R2'},{'R3'},{'R1'},{'D5'},&,2.0,&
{'D1'},{'D7'},{'D6'},{'D3'},{'D4'},{'D2'},{'R2'},{'R3'},{'D5'},{'R1'},&,1.0,&
{'D1'},{'D7'},{'D6'},{'D3'},{'D4'},{'D2'},{'R2'},{'D5'},{'R3'},{'R1'},&,1.0,&
{'D1'},{'D7'},{'D6'},{'D3'},{'D4'},{'D2'},{'R2'},{'D5'},{'R1'},{'R3'},&,2.0,&
{'D1'},{'D7'},{'D6'},{'D3'},{'D4'},{'D2'},{'R3'},{'D5'},{'R2'},{'R1'},&,2.0,&
{'D1'},{'D7'},{'D6'},{'D3'},{'D4'},{'D2'},{'D5'},{'R3'},{'R1'},{'R2'},&,2.0,&
{'D1'},{'D7'},{'D6'},{'D3'},{'D4'},{'D2'},{'D5'},{'R3'},{'R2'},{'R1'},&,5.0,&
{'D1'},{'D7'},{'D6'},{'D3'},{'D4'},{'D2'},{'D5'},{'R2'},{'R3'},{'R1'},&,1.0,&
{'D1'},{'D7'},{'D6'},{'D3'},{'D4'},{'D2'},{'D5'},{'R2'},{'R1'},{'R3'},&,4.0,&
{'D1'},{'D7'},{'D6'},{'D3'},{'D4'},{'D2'},{'D5'},{'R1'},{'R3'},{'R2'},&,2.0,&
{'D1'},{'D7'},{'D6'},{'D3'},{'D4'},{'D2'},{'D5'},{'R1'},{'R2'},{'R3'},&,2.0,&
{'D1'},{'D7'},{'D6'},{'D3'},{'D4'},{'R1'},{'D5'},{'D2'},{'R3'},{'R2'},&,3.0,&
{'D1'},{'D7'},{'D6'},{'D3'},{'D4'},{'R1'},{'D5'},{'D2'},{'R2'},{'R3'},&,2.0,&
{'D1'},{'D7'},{'D6'},{'D3'},{'D4'},{'R3'},{'R2'},{'D5'},{'D2'},{'R1'},&,1.0,&
{'D1'},{'D7'},{'D6'},{'D3'},{'D4'},{'R3'},{'D2'},{'D5'},{'R2'},{'R1'},&,1.0,&
{'D1'},{'D7'},{'D6'},{'D3'},{'D4'},{'R3'},{'D5'},{'D2'},{'R1'},{'R2'},&,4.0,&
{'D1'},{'D7'},{'D6'},{'D3'},{'D4'},{'R3'},{'D5'},{'D2'},{'R2'},{'R1'},&,2.0,&
{'D1'},{'D7'},{'D6'},{'D3'},{'D2'},{'D5'},{'D4'},{'R2'},{'R1'},{'R3'},&,1.0,&
{'D1'},{'D7'},{'D6'},{'D3'},{'D2'},{'D5'},{'D4'},{'R1'},{'R2'},{'R3'},&,1.0,&
{'D1'},{'D7'},{'D6'},{'D3'},{'D2'},{'D4'},{'R2'},{'D5'},{'R1'},{'R3'},&,1.0,&
{'D1'},{'D7'},{'D6'},{'D3'},{'D2'},{'D4'},{'D5'},{'R3'},{'R1'},{'R2'},&,1.0,&
{'D1'},{'D7'},{'D6'},{'D3'},{'D2'},{'D4'},{'D5'},{'R3'},{'R2'},{'R1'},&,3.0,&
{'D1'},{'D7'},{'D6'},{'D3'},{'D2'},{'D4'},{'D5'},{'R2'},{'R3'},{'R1'},&,2.0,&
{'D1'},{'D7'},{'D6'},{'D3'},{'D2'},{'D4'},{'D5'},{'R1'},{'R3'},{'R2'},&,1.0,&
{'D1'},{'D7'},{'D6'},{'D3'},{'D2'},{'D4'},{'D5'},{'R1'},{'R2'},{'R3'},&,1.0,&
{'D1'},{'D7'},{'D6'},{'D3'},{'D2'},{'D4'},{'R1'},{'D5'},{'R3'},{'R2'},&,1.0,&
{'D1'},{'D7'},{'D6'},{'D3'},{'D2'},{'R3'},{'D4'},{'R2'},{'D5'},{'R1'},&,1.0,&
{'D1'},{'D7'},{'D6'},{'D3'},{'R1'},{'D5'},{'D2'},{'D4'},{'R3'},{'R2'},&,1.0,&
{'D1'},{'D7'},{'D6'},{'D3'},{'R1'},{'D5'},{'D4'},{'D2'},{'R3'},{'R2'},&,1.0,&
{'D1'},{'D7'},{'D6'},{'D3'},{'R1'},{'D4'},{'D5'},{'R2'},{'D2'},{'R3'},&,1.0,&
{'D1'},{'D7'},{'D6'},{'D3'},{'R2'},{'D5'},{'D4'},{'D2'},{'R3'},{'R1'},&,1.0,&
{'D1'},{'D7'},{'D6'},{'D3'},{'R2'},{'D4'},{'D5'},{'D2'},{'R3'},{'R1'},&,2.0,&
{'D1'},{'D7'},{'D6'},{'D3'},{'R2'},{'D4'},{'D5'},{'D2'},{'R1'},{'R3'},&,1.0,&
{'D1'},{'D7'},{'D6'},{'D3'},{'R2'},{'D4'},{'D5'},{'R3'},{'D2'},{'R1'},&,1.0,&
{'D1'},{'D7'},{'D6'},{'D3'},{'R2'},{'D4'},{'R1'},{'D5'},{'D2'},{'R3'},&,1.0,&
{'D1'},{'D7'},{'D6'},{'D3'},{'R3'},{'D5'},{'D4'},{'D2'},{'R1'},{'R2'},&,1.0,&
{'D1'},{'D7'},{'D6'},{'D3'},{'R3'},{'D5'},{'D4'},{'R1'},{'D2'},{'R2'},&,1.0,&
{'D1'},{'D7'},{'D6'},{'D3'},{'R3'},{'D4'},{'D2'},{'D5'},{'R2'},{'R1'},&,1.0,&
{'D1'},{'D7'},{'D6'},{'D3'},{'R3'},{'D4'},{'D5'},{'D2'},{'R2'},{'R1'},&,4.0,&
{'D1'},{'D7'},{'D6'},{'D2'},{'D3'},{'D5'},{'R2'},{'D4'},{'R3'},{'R1'},&,1.0,&
{'D1'},{'D7'},{'D6'},{'D2'},{'D3'},{'D5'},{'D4'},{'R3'},{'R2'},{'R1'},&,2.0,&
{'D1'},{'D7'},{'D6'},{'D2'},{'D3'},{'D5'},{'D4'},{'R2'},{'R1'},{'R3'},&,1.0,&
{'D1'},{'D7'},{'D6'},{'D2'},{'D3'},{'D4'},{'R2'},{'D5'},{'R3'},{'R1'},&,1.0,&
{'D1'},{'D7'},{'D6'},{'D2'},{'D3'},{'D4'},{'R3'},{'D5'},{'R2'},{'R1'},&,1.0,&
{'D1'},{'D7'},{'D6'},{'D2'},{'D3'},{'D4'},{'D5'},{'R1'},{'R2'},{'R3'},&,1.0,&
{'D1'},{'D7'},{'D6'},{'D2'},{'D5'},{'D4'},{'D3'},{'R2'},{'R3'},{'R1'},&,1.0,&
{'D1'},{'D7'},{'D6'},{'R2'},{'D3'},{'D4'},{'D2'},{'D5'},{'R1'},{'R3'},&,1.0,&
{'D1'},{'D7'},{'D6'},{'R2'},{'D3'},{'D4'},{'D5'},{'D2'},{'R1'},{'R3'},&,1.0,&
{'D1'},{'D7'},{'D6'},{'R2'},{'D4'},{'D5'},{'D3'},{'R3'},{'D2'},{'R1'},&,1.0,&
{'D1'},{'D7'},{'D6'},{'R2'},{'D4'},{'D3'},{'D5'},{'D2'},{'R3'},{'R1'},&,1.0,&
{'D1'},{'D7'},{'D6'},{'R3'},{'D3'},{'D4'},{'D5'},{'D2'},{'R1'},{'R2'},&,1.0,&
{'D1'},{'D7'},{'D6'},{'R1'},{'D3'},{'D4'},{'R2'},{'D5'},{'D2'},{'R3'},&,1.0,&
{'D1'},{'D7'},{'D6'},{'R1'},{'D3'},{'D4'},{'R3'},{'D5'},{'D2'},{'R2'},&,1.0,&
{'D1'},{'D7'},{'D6'},{'R1'},{'D4'},{'D3'},{'D5'},{'D2'},{'R2'},{'R3'},&,1.0,&
{'D1'},{'D7'},{'D2'},{'D6'},{'D3'},{'D5'},{'D4'},{'R2'},{'R3'},{'R1'},&,1.0,&
{'D1'},{'D7'},{'D2'},{'D6'},{'D3'},{'D5'},{'D4'},{'R1'},{'R2'},{'R3'},&,1.0,&
{'D1'},{'D7'},{'D2'},{'D6'},{'D3'},{'R3'},{'D5'},{'D4'},{'R2'},{'R1'},&,1.0,&
{'D1'},{'D7'},{'D2'},{'D3'},{'D6'},{'D4'},{'D5'},{'R2'},{'R3'},{'R1'},&,1.0,&
{'D1'},{'D7'},{'D2'},{'D3'},{'D6'},{'D4'},{'D5'},{'R1'},{'R3'},{'R2'},&,1.0,&
{'D1'},{'D7'},{'R1'},{'D6'},{'D4'},{'D3'},{'D5'},{'R2'},{'D2'},{'R3'},&,1.0,&
{'D1'},{'D7'},{'R1'},{'D3'},{'D6'},{'D5'},{'D4'},{'D2'},{'R2'},{'R3'},&,1.0,&
{'D1'},{'D3'},{'D4'},{'D5'},{'D7'},{'D6'},{'D2'},{'R1'},{'R3'},{'R2'},&,1.0,&
{'D1'},{'D3'},{'D4'},{'D5'},{'D6'},{'D7'},{'D2'},{'R2'},{'R1'},{'R3'},&,1.0,&
{'D1'},{'D3'},{'D4'},{'D6'},{'D5'},{'D7'},{'D2'},{'R2'},{'R3'},{'R1'},&,1.0,&
{'D1'},{'D3'},{'D4'},{'D6'},{'D7'},{'D5'},{'R2'},{'D2'},{'R1'},{'R3'},&,1.0,&
{'D1'},{'D3'},{'D4'},{'D6'},{'D7'},{'D5'},{'R2'},{'R3'},{'D2'},{'R1'},&,1.0,&
{'D1'},{'D3'},{'D4'},{'D6'},{'D7'},{'D5'},{'D2'},{'R3'},{'R2'},{'R1'},&,2.0,&
{'D1'},{'D3'},{'D4'},{'D6'},{'D7'},{'D5'},{'D2'},{'R2'},{'R3'},{'R1'},&,4.0,&
{'D1'},{'D3'},{'D4'},{'D6'},{'D7'},{'D5'},{'D2'},{'R2'},{'R1'},{'R3'},&,1.0,&
{'D1'},{'D3'},{'D4'},{'D6'},{'D7'},{'D5'},{'D2'},{'R1'},{'R2'},{'R3'},&,1.0,&
{'D1'},{'D3'},{'D4'},{'D6'},{'D7'},{'D5'},{'R3'},{'R1'},{'D2'},{'R2'},&,1.0,&
{'D1'},{'D3'},{'D4'},{'D7'},{'D6'},{'D5'},{'R2'},{'D2'},{'R3'},{'R1'},&,1.0,&
{'D1'},{'D3'},{'D4'},{'D7'},{'D6'},{'D5'},{'D2'},{'R3'},{'R1'},{'R2'},&,1.0,&
{'D1'},{'D3'},{'D4'},{'D7'},{'D6'},{'D5'},{'D2'},{'R3'},{'R2'},{'R1'},&,2.0,&
{'D1'},{'D3'},{'D4'},{'D7'},{'D6'},{'D5'},{'D2'},{'R2'},{'R3'},{'R1'},&,1.0,&
{'D1'},{'D3'},{'D4'},{'D7'},{'D6'},{'D5'},{'D2'},{'R2'},{'R1'},{'R3'},&,3.0,&
{'D1'},{'D3'},{'D4'},{'D7'},{'D6'},{'D5'},{'D2'},{'R1'},{'R3'},{'R2'},&,1.0,&
{'D1'},{'D3'},{'D4'},{'D7'},{'D6'},{'D5'},{'D2'},{'R1'},{'R2'},{'R3'},&,1.0,&
{'D1'},{'D3'},{'D4'},{'D7'},{'D6'},{'R3'},{'D5'},{'D2'},{'R1'},{'R2'},&,1.0,&
{'D1'},{'D3'},{'D4'},{'D7'},{'D6'},{'R3'},{'D5'},{'D2'},{'R2'},{'R1'},&,1.0,&
{'D1'},{'D3'},{'D7'},{'D5'},{'D4'},{'D6'},{'D2'},{'R2'},{'R3'},{'R1'},&,1.0,&
{'D1'},{'D3'},{'D7'},{'D5'},{'D6'},{'D4'},{'R2'},{'D2'},{'R3'},{'R1'},&,2.0,&
{'D1'},{'D3'},{'D7'},{'D5'},{'D6'},{'D4'},{'D2'},{'R2'},{'R3'},{'R1'},&,1.0,&
{'D1'},{'D3'},{'D7'},{'D5'},{'D6'},{'D4'},{'D2'},{'R2'},{'R1'},{'R3'},&,1.0,&
{'D1'},{'D3'},{'D7'},{'D5'},{'D6'},{'D4'},{'D2'},{'R1'},{'R2'},{'R3'},&,1.0,&
{'D1'},{'D3'},{'D7'},{'D5'},{'D6'},{'D4'},{'R3'},{'R2'},{'R1'},{'D2'},&,1.0,&
{'D1'},{'D3'},{'D7'},{'D5'},{'D6'},{'D4'},{'R1'},{'D2'},{'R3'},{'R2'},&,1.0,&
{'D1'},{'D3'},{'D7'},{'D4'},{'D5'},{'D6'},{'D2'},{'R2'},{'R1'},{'R3'},&,1.0,&
{'D1'},{'D3'},{'D7'},{'D4'},{'D6'},{'D5'},{'R2'},{'D2'},{'R3'},{'R1'},&,1.0,&
{'D1'},{'D3'},{'D7'},{'D4'},{'D6'},{'D5'},{'R2'},{'D2'},{'R1'},{'R3'},&,1.0,&
{'D1'},{'D3'},{'D7'},{'D4'},{'D6'},{'D5'},{'R2'},{'R3'},{'D2'},{'R1'},&,1.0,&
{'D1'},{'D3'},{'D7'},{'D4'},{'D6'},{'D5'},{'R2'},{'R1'},{'D2'},{'R3'},&,1.0,&
{'D1'},{'D3'},{'D7'},{'D4'},{'D6'},{'D5'},{'D2'},{'R3'},{'R1'},{'R2'},&,1.0,&
{'D1'},{'D3'},{'D7'},{'D4'},{'D6'},{'D5'},{'D2'},{'R3'},{'R2'},{'R1'},&,6.0,&
{'D1'},{'D3'},{'D7'},{'D4'},{'D6'},{'D5'},{'D2'},{'R2'},{'R3'},{'R1'},&,2.0,&
{'D1'},{'D3'},{'D7'},{'D4'},{'D6'},{'D5'},{'D2'},{'R2'},{'R1'},{'R3'},&,9.0,&
{'D1'},{'D3'},{'D7'},{'D4'},{'D6'},{'D5'},{'D2'},{'R1'},{'R2'},{'R3'},&,4.0,&
{'D1'},{'D3'},{'D7'},{'D4'},{'D6'},{'D5'},{'R3'},{'D2'},{'R1'},{'R2'},&,1.0,&
{'D1'},{'D3'},{'D7'},{'D4'},{'D6'},{'D5'},{'R3'},{'D2'},{'R2'},{'R1'},&,1.0,&
{'D1'},{'D3'},{'D7'},{'D4'},{'D6'},{'D5'},{'R1'},{'D2'},{'R2'},{'R3'},&,2.0,&
{'D1'},{'D3'},{'D7'},{'D4'},{'D6'},{'D5'},{'R1'},{'R2'},{'D2'},{'R3'},&,1.0,&
{'D1'},{'D3'},{'D7'},{'D4'},{'D6'},{'R2'},{'D5'},{'R1'},{'D2'},{'R3'},&,1.0,&
{'D1'},{'D3'},{'D7'},{'D4'},{'D6'},{'D2'},{'R3'},{'D5'},{'R2'},{'R1'},&,1.0,&
{'D1'},{'D3'},{'D7'},{'D4'},{'D6'},{'D2'},{'D5'},{'R1'},{'R3'},{'R2'},&,1.0,&
{'D1'},{'D3'},{'D7'},{'D4'},{'D6'},{'D2'},{'D5'},{'R1'},{'R2'},{'R3'},&,1.0,&
{'D1'},{'D3'},{'D7'},{'D4'},{'D6'},{'R1'},{'D5'},{'R2'},{'D2'},{'R3'},&,1.0,&
{'D1'},{'D3'},{'D7'},{'D4'},{'D6'},{'R3'},{'D5'},{'D2'},{'R1'},{'R2'},&,1.0,&
{'D1'},{'D3'},{'D7'},{'D4'},{'D6'},{'R3'},{'D5'},{'D2'},{'R2'},{'R1'},&,1.0,&
{'D1'},{'D3'},{'D7'},{'D6'},{'D5'},{'D4'},{'R2'},{'D2'},{'R1'},{'R3'},&,1.0,&
{'D1'},{'D3'},{'D7'},{'D6'},{'D5'},{'D4'},{'R2'},{'R3'},{'D2'},{'R1'},&,1.0,&
{'D1'},{'D3'},{'D7'},{'D6'},{'D5'},{'D4'},{'D2'},{'R3'},{'R1'},{'R2'},&,1.0,&
{'D1'},{'D3'},{'D7'},{'D6'},{'D5'},{'D4'},{'D2'},{'R3'},{'R2'},{'R1'},&,7.0,&
{'D1'},{'D3'},{'D7'},{'D6'},{'D5'},{'D4'},{'D2'},{'R2'},{'R3'},{'R1'},&,6.0,&
{'D1'},{'D3'},{'D7'},{'D6'},{'D5'},{'D4'},{'D2'},{'R2'},{'R1'},{'R3'},&,7.0,&
{'D1'},{'D3'},{'D7'},{'D6'},{'D5'},{'D4'},{'D2'},{'R1'},{'R3'},{'R2'},&,3.0,&
{'D1'},{'D3'},{'D7'},{'D6'},{'D5'},{'D4'},{'D2'},{'R1'},{'R2'},{'R3'},&,4.0,&
{'D1'},{'D3'},{'D7'},{'D6'},{'D5'},{'D4'},{'R3'},{'D2'},{'R1'},{'R2'},&,1.0,&
{'D1'},{'D3'},{'D7'},{'D6'},{'D5'},{'D4'},{'R3'},{'D2'},{'R2'},{'R1'},&,3.0,&
{'D1'},{'D3'},{'D7'},{'D6'},{'D5'},{'D4'},{'R3'},{'R1'},{'D2'},{'R2'},&,1.0,&
{'D1'},{'D3'},{'D7'},{'D6'},{'D5'},{'R1'},{'D4'},{'R2'},{'D2'},{'R3'},&,2.0,&
{'D1'},{'D3'},{'D7'},{'D6'},{'D5'},{'R3'},{'D4'},{'R2'},{'D2'},{'R1'},&,1.0,&
{'D1'},{'D3'},{'D7'},{'D6'},{'D4'},{'D5'},{'R2'},{'D2'},{'R3'},{'R1'},&,9.0,&
{'D1'},{'D3'},{'D7'},{'D6'},{'D4'},{'D5'},{'R2'},{'D2'},{'R1'},{'R3'},&,1.0,&
{'D1'},{'D3'},{'D7'},{'D6'},{'D4'},{'D5'},{'R2'},{'R3'},{'D2'},{'R1'},&,1.0,&
{'D1'},{'D3'},{'D7'},{'D6'},{'D4'},{'D5'},{'R2'},{'R1'},{'R3'},{'D2'},&,1.0,&
{'D1'},{'D3'},{'D7'},{'D6'},{'D4'},{'D5'},{'D2'},{'R3'},{'R1'},{'R2'},&,10.0,&
{'D1'},{'D3'},{'D7'},{'D6'},{'D4'},{'D5'},{'D2'},{'R3'},{'R2'},{'R1'},&,12.0,&
{'D1'},{'D3'},{'D7'},{'D6'},{'D4'},{'D5'},{'D2'},{'R2'},{'R3'},{'R1'},&,13.0,&
{'D1'},{'D3'},{'D7'},{'D6'},{'D4'},{'D5'},{'D2'},{'R2'},{'R1'},{'R3'},&,16.0,&
{'D1'},{'D3'},{'D7'},{'D6'},{'D4'},{'D5'},{'D2'},{'R1'},{'R3'},{'R2'},&,7.0,&
{'D1'},{'D3'},{'D7'},{'D6'},{'D4'},{'D5'},{'D2'},{'R1'},{'R2'},{'R3'},&,24.0,&
{'D1'},{'D3'},{'D7'},{'D6'},{'D4'},{'D5'},{'R3'},{'D2'},{'R1'},{'R2'},&,1.0,&
{'D1'},{'D3'},{'D7'},{'D6'},{'D4'},{'D5'},{'R3'},{'D2'},{'R2'},{'R1'},&,7.0,&
{'D1'},{'D3'},{'D7'},{'D6'},{'D4'},{'D5'},{'R3'},{'R2'},{'D2'},{'R1'},&,2.0,&
{'D1'},{'D3'},{'D7'},{'D6'},{'D4'},{'D5'},{'R1'},{'D2'},{'R3'},{'R2'},&,1.0,&
{'D1'},{'D3'},{'D7'},{'D6'},{'D4'},{'D5'},{'R1'},{'D2'},{'R2'},{'R3'},&,5.0,&
{'D1'},{'D3'},{'D7'},{'D6'},{'D4'},{'D5'},{'R1'},{'R2'},{'D2'},{'R3'},&,1.0,&
{'D1'},{'D3'},{'D7'},{'D6'},{'D4'},{'R2'},{'D5'},{'D2'},{'R3'},{'R1'},&,3.0,&
{'D1'},{'D3'},{'D7'},{'D6'},{'D4'},{'R2'},{'D5'},{'R3'},{'R1'},{'D2'},&,1.0,&
{'D1'},{'D3'},{'D7'},{'D6'},{'D4'},{'D2'},{'R3'},{'R1'},{'D5'},{'R2'},&,1.0,&
{'D1'},{'D3'},{'D7'},{'D6'},{'D4'},{'D2'},{'D5'},{'R3'},{'R1'},{'R2'},&,1.0,&
{'D1'},{'D3'},{'D7'},{'D6'},{'D4'},{'D2'},{'D5'},{'R3'},{'R2'},{'R1'},&,3.0,&
{'D1'},{'D3'},{'D7'},{'D6'},{'D4'},{'D2'},{'D5'},{'R2'},{'R1'},{'R3'},&,3.0,&
{'D1'},{'D3'},{'D7'},{'D6'},{'D4'},{'D2'},{'D5'},{'R1'},{'R2'},{'R3'},&,3.0,&
{'D1'},{'D3'},{'D7'},{'D6'},{'D4'},{'D2'},{'R1'},{'D5'},{'R3'},{'R2'},&,1.0,&
{'D1'},{'D3'},{'D7'},{'D6'},{'D4'},{'D2'},{'R1'},{'D5'},{'R2'},{'R3'},&,1.0,&
{'D1'},{'D3'},{'D7'},{'D6'},{'D2'},{'D4'},{'D5'},{'R2'},{'R3'},{'R1'},&,1.0,&
{'D1'},{'D3'},{'D7'},{'D6'},{'R2'},{'D5'},{'D4'},{'D2'},{'R3'},{'R1'},&,1.0,&
{'D1'},{'D3'},{'D7'},{'D6'},{'R2'},{'D5'},{'D4'},{'D2'},{'R1'},{'R3'},&,1.0,&
{'D1'},{'D3'},{'D7'},{'D6'},{'R2'},{'D4'},{'D2'},{'D5'},{'R1'},{'R3'},&,1.0,&
{'D1'},{'D3'},{'D7'},{'D6'},{'R3'},{'D4'},{'D5'},{'D2'},{'R2'},{'R1'},&,1.0,&
{'D1'},{'D3'},{'D7'},{'D6'},{'R3'},{'D4'},{'D5'},{'R1'},{'D2'},{'R2'},&,1.0,&
{'D1'},{'D3'},{'D7'},{'D2'},{'D6'},{'D4'},{'D5'},{'R2'},{'R1'},{'R3'},&,1.0,&
{'D1'},{'D3'},{'D5'},{'D4'},{'D6'},{'D7'},{'D2'},{'R2'},{'R3'},{'R1'},&,1.0,&
{'D1'},{'D3'},{'D5'},{'D6'},{'D7'},{'D4'},{'R2'},{'R1'},{'D2'},{'R3'},&,1.0,&
{'D1'},{'D3'},{'D5'},{'D6'},{'D7'},{'D4'},{'D2'},{'R3'},{'R2'},{'R1'},&,2.0,&
{'D1'},{'D3'},{'D5'},{'D7'},{'D6'},{'D4'},{'D2'},{'R3'},{'R2'},{'R1'},&,1.0,&
{'D1'},{'D3'},{'D6'},{'D5'},{'D7'},{'D4'},{'D2'},{'R3'},{'R1'},{'R2'},&,1.0,&
{'D1'},{'D3'},{'D6'},{'D5'},{'D7'},{'D4'},{'D2'},{'R3'},{'R2'},{'R1'},&,1.0,&
{'D1'},{'D3'},{'D6'},{'D5'},{'D7'},{'D4'},{'D2'},{'R2'},{'R1'},{'R3'},&,3.0,&
{'D1'},{'D3'},{'D6'},{'D5'},{'D7'},{'D4'},{'R1'},{'D2'},{'R2'},{'R3'},&,1.0,&
{'D1'},{'D3'},{'D6'},{'D4'},{'D7'},{'D5'},{'D2'},{'R3'},{'R1'},{'R2'},&,2.0,&
{'D1'},{'D3'},{'D6'},{'D4'},{'D7'},{'D5'},{'D2'},{'R3'},{'R2'},{'R1'},&,2.0,&
{'D1'},{'D3'},{'D6'},{'D4'},{'D7'},{'D5'},{'D2'},{'R2'},{'R3'},{'R1'},&,3.0,&
{'D1'},{'D3'},{'D6'},{'D4'},{'D7'},{'D5'},{'D2'},{'R2'},{'R1'},{'R3'},&,3.0,&
{'D1'},{'D3'},{'D6'},{'D4'},{'D7'},{'D5'},{'D2'},{'R1'},{'R3'},{'R2'},&,1.0,&
{'D1'},{'D3'},{'D6'},{'D4'},{'D7'},{'D5'},{'D2'},{'R1'},{'R2'},{'R3'},&,2.0,&
{'D1'},{'D3'},{'D6'},{'D4'},{'D7'},{'D5'},{'R3'},{'D2'},{'R2'},{'R1'},&,1.0,&
{'D1'},{'D3'},{'D6'},{'D4'},{'D7'},{'D2'},{'D5'},{'R2'},{'R3'},{'R1'},&,1.0,&
{'D1'},{'D3'},{'D6'},{'D4'},{'D7'},{'D2'},{'D5'},{'R2'},{'R1'},{'R3'},&,1.0,&
{'D1'},{'D3'},{'D6'},{'D4'},{'R1'},{'D7'},{'D5'},{'D2'},{'R2'},{'R3'},&,1.0,&
{'D1'},{'D3'},{'D6'},{'D7'},{'D5'},{'D4'},{'R2'},{'D2'},{'R3'},{'R1'},&,1.0,&
{'D1'},{'D3'},{'D6'},{'D7'},{'D5'},{'D4'},{'R2'},{'D2'},{'R1'},{'R3'},&,2.0,&
{'D1'},{'D3'},{'D6'},{'D7'},{'D5'},{'D4'},{'R2'},{'R1'},{'D2'},{'R3'},&,1.0,&
{'D1'},{'D3'},{'D6'},{'D7'},{'D5'},{'D4'},{'D2'},{'R3'},{'R1'},{'R2'},&,1.0,&
{'D1'},{'D3'},{'D6'},{'D7'},{'D5'},{'D4'},{'D2'},{'R3'},{'R2'},{'R1'},&,5.0,&
{'D1'},{'D3'},{'D6'},{'D7'},{'D5'},{'D4'},{'D2'},{'R2'},{'R3'},{'R1'},&,5.0,&
{'D1'},{'D3'},{'D6'},{'D7'},{'D5'},{'D4'},{'D2'},{'R2'},{'R1'},{'R3'},&,1.0,&
{'D1'},{'D3'},{'D6'},{'D7'},{'D5'},{'D4'},{'D2'},{'R1'},{'R2'},{'R3'},&,4.0,&
{'D1'},{'D3'},{'D6'},{'D7'},{'D5'},{'D4'},{'R3'},{'D2'},{'R1'},{'R2'},&,1.0,&
{'D1'},{'D3'},{'D6'},{'D7'},{'D5'},{'D4'},{'R3'},{'D2'},{'R2'},{'R1'},&,1.0,&
{'D1'},{'D3'},{'D6'},{'D7'},{'D5'},{'D4'},{'R3'},{'R1'},{'D2'},{'R2'},&,1.0,&
{'D1'},{'D3'},{'D6'},{'D7'},{'D5'},{'D4'},{'R1'},{'D2'},{'R2'},{'R3'},&,1.0,&
{'D1'},{'D3'},{'D6'},{'D7'},{'D5'},{'R2'},{'D4'},{'D2'},{'R3'},{'R1'},&,2.0,&
{'D1'},{'D3'},{'D6'},{'D7'},{'D5'},{'D2'},{'R2'},{'D4'},{'R1'},{'R3'},&,2.0,&
{'D1'},{'D3'},{'D6'},{'D7'},{'D5'},{'D2'},{'D4'},{'R2'},{'R3'},{'R1'},&,1.0,&
{'D1'},{'D3'},{'D6'},{'D7'},{'D5'},{'D2'},{'D4'},{'R1'},{'R3'},{'R2'},&,1.0,&
{'D1'},{'D3'},{'D6'},{'D7'},{'D5'},{'D2'},{'D4'},{'R1'},{'R2'},{'R3'},&,1.0,&
{'D1'},{'D3'},{'D6'},{'D7'},{'D5'},{'R1'},{'D4'},{'D2'},{'R2'},{'R3'},&,1.0,&
{'D1'},{'D3'},{'D6'},{'D7'},{'D5'},{'R3'},{'D4'},{'D2'},{'R1'},{'R2'},&,1.0,&
{'D1'},{'D3'},{'D6'},{'D7'},{'D5'},{'R3'},{'D4'},{'D2'},{'R2'},{'R1'},&,1.0,&
{'D1'},{'D3'},{'D6'},{'D7'},{'D4'},{'D5'},{'R2'},{'D2'},{'R3'},{'R1'},&,2.0,&
{'D1'},{'D3'},{'D6'},{'D7'},{'D4'},{'D5'},{'R2'},{'D2'},{'R1'},{'R3'},&,2.0,&
{'D1'},{'D3'},{'D6'},{'D7'},{'D4'},{'D5'},{'D2'},{'R3'},{'R1'},{'R2'},&,8.0,&
{'D1'},{'D3'},{'D6'},{'D7'},{'D4'},{'D5'},{'D2'},{'R3'},{'R2'},{'R1'},&,15.0,&
{'D1'},{'D3'},{'D6'},{'D7'},{'D4'},{'D5'},{'D2'},{'R2'},{'R3'},{'R1'},&,21.0,&
{'D1'},{'D3'},{'D6'},{'D7'},{'D4'},{'D5'},{'D2'},{'R2'},{'R1'},{'R3'},&,11.0,&
{'D1'},{'D3'},{'D6'},{'D7'},{'D4'},{'D5'},{'D2'},{'R1'},{'R3'},{'R2'},&,5.0,&
{'D1'},{'D3'},{'D6'},{'D7'},{'D4'},{'D5'},{'D2'},{'R1'},{'R2'},{'R3'},&,6.0,&
{'D1'},{'D3'},{'D6'},{'D7'},{'D4'},{'D5'},{'R3'},{'D2'},{'R1'},{'R2'},&,2.0,&
{'D1'},{'D3'},{'D6'},{'D7'},{'D4'},{'D5'},{'R3'},{'D2'},{'R2'},{'R1'},&,2.0,&
{'D1'},{'D3'},{'D6'},{'D7'},{'D4'},{'D5'},{'R3'},{'R2'},{'R1'},{'D2'},&,1.0,&
{'D1'},{'D3'},{'D6'},{'D7'},{'D4'},{'D5'},{'R1'},{'D2'},{'R3'},{'R2'},&,2.0,&
{'D1'},{'D3'},{'D6'},{'D7'},{'D4'},{'D5'},{'R1'},{'D2'},{'R2'},{'R3'},&,3.0,&
{'D1'},{'D3'},{'D6'},{'D7'},{'D4'},{'D5'},{'R1'},{'R2'},{'D2'},{'R3'},&,2.0,&
{'D1'},{'D3'},{'D6'},{'D7'},{'D4'},{'R2'},{'D2'},{'D5'},{'R3'},{'R1'},&,1.0,&
{'D1'},{'D3'},{'D6'},{'D7'},{'D4'},{'R2'},{'D5'},{'D2'},{'R1'},{'R3'},&,1.0,&
{'D1'},{'D3'},{'D6'},{'D7'},{'D4'},{'D2'},{'D5'},{'R2'},{'R1'},{'R3'},&,1.0,&
{'D1'},{'D3'},{'D6'},{'D7'},{'D4'},{'D2'},{'D5'},{'R1'},{'R3'},{'R2'},&,1.0,&
{'D1'},{'D3'},{'D6'},{'D7'},{'D4'},{'R1'},{'D5'},{'D2'},{'R2'},{'R3'},&,1.0,&
{'D1'},{'D3'},{'D6'},{'D7'},{'D4'},{'R1'},{'D5'},{'R3'},{'D2'},{'R2'},&,1.0,&
{'D1'},{'D3'},{'D6'},{'D7'},{'R2'},{'D5'},{'D4'},{'D2'},{'R3'},{'R1'},&,1.0,&
{'D1'},{'D3'},{'D6'},{'D7'},{'R2'},{'D4'},{'D5'},{'D2'},{'R1'},{'R3'},&,1.0,&
{'D1'},{'D3'},{'D6'},{'D2'},{'D7'},{'D4'},{'D5'},{'R2'},{'R3'},{'R1'},&,1.0,&
{'D1'},{'D3'},{'D2'},{'D6'},{'D7'},{'D4'},{'D5'},{'R2'},{'R3'},{'R1'},&,1.0,&
{'D1'},{'D3'},{'R1'},{'R2'},{'R3'},{'D5'},{'D4'},{'D2'},{'D6'},{'D7'},&,1.0,&
{'D1'},{'D3'},{'R2'},{'R1'},{'D5'},{'D4'},{'D2'},{'D6'},{'R3'},{'D7'},&,1.0,&
{'D1'},{'D6'},{'D4'},{'D5'},{'D3'},{'D7'},{'R2'},{'R3'},{'D2'},{'R1'},&,1.0,&
{'D1'},{'D6'},{'D4'},{'D3'},{'D5'},{'D7'},{'R2'},{'D2'},{'R1'},{'R3'},&,1.0,&
{'D1'},{'D6'},{'D4'},{'D3'},{'D5'},{'D7'},{'D2'},{'R3'},{'R1'},{'R2'},&,1.0,&
{'D1'},{'D6'},{'D4'},{'D3'},{'D7'},{'D5'},{'D2'},{'R3'},{'R2'},{'R1'},&,1.0,&
{'D1'},{'D6'},{'D4'},{'D3'},{'D7'},{'D5'},{'D2'},{'R2'},{'R3'},{'R1'},&,2.0,&
{'D1'},{'D6'},{'D4'},{'D3'},{'D7'},{'D5'},{'D2'},{'R2'},{'R1'},{'R3'},&,3.0,&
{'D1'},{'D6'},{'D4'},{'D3'},{'D7'},{'D5'},{'D2'},{'R1'},{'R3'},{'R2'},&,1.0,&
{'D1'},{'D6'},{'D4'},{'D3'},{'D7'},{'D5'},{'D2'},{'R1'},{'R2'},{'R3'},&,3.0,&
{'D1'},{'D6'},{'D4'},{'D3'},{'D7'},{'D5'},{'R1'},{'R3'},{'D2'},{'R2'},&,1.0,&
{'D1'},{'D6'},{'D4'},{'D3'},{'D7'},{'R2'},{'D5'},{'D2'},{'R1'},{'R3'},&,1.0,&
{'D1'},{'D6'},{'D4'},{'D3'},{'D7'},{'D2'},{'R2'},{'D5'},{'R1'},{'R3'},&,1.0,&
{'D1'},{'D6'},{'D4'},{'D3'},{'D7'},{'D2'},{'D5'},{'R3'},{'R2'},{'R1'},&,1.0,&
{'D1'},{'D6'},{'D4'},{'D3'},{'D7'},{'R3'},{'D5'},{'D2'},{'R2'},{'R1'},&,1.0,&
{'D1'},{'D6'},{'D4'},{'D7'},{'D3'},{'D5'},{'R2'},{'D2'},{'R3'},{'R1'},&,2.0,&
{'D1'},{'D6'},{'D4'},{'D7'},{'D3'},{'D5'},{'R2'},{'R1'},{'R3'},{'D2'},&,1.0,&
{'D1'},{'D6'},{'D4'},{'D7'},{'D3'},{'D5'},{'R2'},{'R1'},{'D2'},{'R3'},&,1.0,&
{'D1'},{'D6'},{'D4'},{'D7'},{'D3'},{'D5'},{'D2'},{'R3'},{'R1'},{'R2'},&,4.0,&
{'D1'},{'D6'},{'D4'},{'D7'},{'D3'},{'D5'},{'D2'},{'R3'},{'R2'},{'R1'},&,7.0,&
{'D1'},{'D6'},{'D4'},{'D7'},{'D3'},{'D5'},{'D2'},{'R2'},{'R3'},{'R1'},&,13.0,&
{'D1'},{'D6'},{'D4'},{'D7'},{'D3'},{'D5'},{'D2'},{'R2'},{'R1'},{'R3'},&,11.0,&
{'D1'},{'D6'},{'D4'},{'D7'},{'D3'},{'D5'},{'D2'},{'R1'},{'R3'},{'R2'},&,5.0,&
{'D1'},{'D6'},{'D4'},{'D7'},{'D3'},{'D5'},{'D2'},{'R1'},{'R2'},{'R3'},&,5.0,&
{'D1'},{'D6'},{'D4'},{'D7'},{'D3'},{'D5'},{'R3'},{'D2'},{'R1'},{'R2'},&,1.0,&
{'D1'},{'D6'},{'D4'},{'D7'},{'D3'},{'D5'},{'R3'},{'D2'},{'R2'},{'R1'},&,2.0,&
{'D1'},{'D6'},{'D4'},{'D7'},{'D3'},{'D5'},{'R3'},{'R2'},{'D2'},{'R1'},&,1.0,&
{'D1'},{'D6'},{'D4'},{'D7'},{'D3'},{'D5'},{'R1'},{'D2'},{'R3'},{'R2'},&,1.0,&
{'D1'},{'D6'},{'D4'},{'D7'},{'D3'},{'D5'},{'R1'},{'R2'},{'D2'},{'R3'},&,3.0,&
{'D1'},{'D6'},{'D4'},{'D7'},{'D3'},{'R2'},{'D5'},{'D2'},{'R1'},{'R3'},&,1.0,&
{'D1'},{'D6'},{'D4'},{'D7'},{'D3'},{'D2'},{'R3'},{'D5'},{'R1'},{'R2'},&,1.0,&
{'D1'},{'D6'},{'D4'},{'D7'},{'D3'},{'D2'},{'D5'},{'R3'},{'R1'},{'R2'},&,1.0,&
{'D1'},{'D6'},{'D4'},{'D7'},{'D3'},{'D2'},{'D5'},{'R2'},{'R3'},{'R1'},&,1.0,&
{'D1'},{'D6'},{'D4'},{'D7'},{'D3'},{'D2'},{'D5'},{'R1'},{'R3'},{'R2'},&,1.0,&
{'D1'},{'D6'},{'D4'},{'D7'},{'D5'},{'D3'},{'R2'},{'D2'},{'R1'},{'R3'},&,1.0,&
{'D1'},{'D6'},{'D4'},{'D7'},{'D5'},{'D3'},{'D2'},{'R2'},{'R3'},{'R1'},&,1.0,&
{'D1'},{'D6'},{'D4'},{'D7'},{'D5'},{'D3'},{'D2'},{'R2'},{'R1'},{'R3'},&,1.0,&
{'D1'},{'D6'},{'D4'},{'D7'},{'D5'},{'D3'},{'D2'},{'R1'},{'R3'},{'R2'},&,2.0,&
{'D1'},{'D6'},{'D4'},{'D7'},{'D5'},{'D3'},{'R3'},{'D2'},{'R2'},{'R1'},&,1.0,&
{'D1'},{'D6'},{'D4'},{'D7'},{'D2'},{'D5'},{'D3'},{'R1'},{'R2'},{'R3'},&,1.0,&
{'D1'},{'D6'},{'D4'},{'D7'},{'D2'},{'D3'},{'D5'},{'R3'},{'R1'},{'R2'},&,1.0,&
{'D1'},{'D6'},{'D3'},{'D5'},{'D4'},{'D7'},{'D2'},{'R2'},{'R1'},{'R3'},&,1.0,&
{'D1'},{'D6'},{'D3'},{'D5'},{'D7'},{'D4'},{'R2'},{'D2'},{'R3'},{'R1'},&,1.0,&
{'D1'},{'D6'},{'D3'},{'D5'},{'D7'},{'D4'},{'D2'},{'R3'},{'R2'},{'R1'},&,1.0,&
{'D1'},{'D6'},{'D3'},{'D5'},{'D7'},{'D4'},{'D2'},{'R2'},{'R3'},{'R1'},&,5.0,&
{'D1'},{'D6'},{'D3'},{'D5'},{'D7'},{'D4'},{'D2'},{'R1'},{'R3'},{'R2'},&,1.0,&
{'D1'},{'D6'},{'D3'},{'D5'},{'D7'},{'D4'},{'D2'},{'R1'},{'R2'},{'R3'},&,1.0,&
{'D1'},{'D6'},{'D3'},{'D4'},{'D7'},{'D5'},{'R2'},{'R3'},{'D2'},{'R1'},&,1.0,&
{'D1'},{'D6'},{'D3'},{'D4'},{'D7'},{'D5'},{'D2'},{'R3'},{'R1'},{'R2'},&,2.0,&
{'D1'},{'D6'},{'D3'},{'D4'},{'D7'},{'D5'},{'D2'},{'R3'},{'R2'},{'R1'},&,2.0,&
{'D1'},{'D6'},{'D3'},{'D4'},{'D7'},{'D5'},{'D2'},{'R2'},{'R1'},{'R3'},&,4.0,&
{'D1'},{'D6'},{'D3'},{'D4'},{'D7'},{'D5'},{'D2'},{'R1'},{'R3'},{'R2'},&,1.0,&
{'D1'},{'D6'},{'D3'},{'D4'},{'D7'},{'D5'},{'D2'},{'R1'},{'R2'},{'R3'},&,1.0,&
{'D1'},{'D6'},{'D3'},{'D4'},{'D7'},{'D5'},{'R3'},{'D2'},{'R1'},{'R2'},&,1.0,&
{'D1'},{'D6'},{'D3'},{'D4'},{'D7'},{'D5'},{'R3'},{'D2'},{'R2'},{'R1'},&,1.0,&
{'D1'},{'D6'},{'D3'},{'D4'},{'D7'},{'R3'},{'D5'},{'D2'},{'R1'},{'R2'},&,1.0,&
{'D1'},{'D6'},{'D3'},{'D7'},{'D5'},{'D4'},{'R2'},{'D2'},{'R3'},{'R1'},&,2.0,&
{'D1'},{'D6'},{'D3'},{'D7'},{'D5'},{'D4'},{'R2'},{'D2'},{'R1'},{'R3'},&,1.0,&
{'D1'},{'D6'},{'D3'},{'D7'},{'D5'},{'D4'},{'R2'},{'R3'},{'D2'},{'R1'},&,1.0,&
{'D1'},{'D6'},{'D3'},{'D7'},{'D5'},{'D4'},{'R2'},{'R1'},{'R3'},{'D2'},&,1.0,&
{'D1'},{'D6'},{'D3'},{'D7'},{'D5'},{'D4'},{'R2'},{'R1'},{'D2'},{'R3'},&,1.0,&
{'D1'},{'D6'},{'D3'},{'D7'},{'D5'},{'D4'},{'D2'},{'R3'},{'R2'},{'R1'},&,12.0,&
{'D1'},{'D6'},{'D3'},{'D7'},{'D5'},{'D4'},{'D2'},{'R2'},{'R3'},{'R1'},&,5.0,&
{'D1'},{'D6'},{'D3'},{'D7'},{'D5'},{'D4'},{'D2'},{'R2'},{'R1'},{'R3'},&,4.0,&
{'D1'},{'D6'},{'D3'},{'D7'},{'D5'},{'D4'},{'D2'},{'R1'},{'R3'},{'R2'},&,3.0,&
{'D1'},{'D6'},{'D3'},{'D7'},{'D5'},{'D4'},{'D2'},{'R1'},{'R2'},{'R3'},&,4.0,&
{'D1'},{'D6'},{'D3'},{'D7'},{'D5'},{'D4'},{'R1'},{'D2'},{'R3'},{'R2'},&,1.0,&
{'D1'},{'D6'},{'D3'},{'D7'},{'D5'},{'D4'},{'R1'},{'R2'},{'D2'},{'R3'},&,1.0,&
{'D1'},{'D6'},{'D3'},{'D7'},{'D5'},{'R2'},{'D4'},{'D2'},{'R3'},{'R1'},&,1.0,&
{'D1'},{'D6'},{'D3'},{'D7'},{'D5'},{'D2'},{'D4'},{'R2'},{'R1'},{'R3'},&,2.0,&
{'D1'},{'D6'},{'D3'},{'D7'},{'D5'},{'R3'},{'D4'},{'D2'},{'R2'},{'R1'},&,1.0,&
{'D1'},{'D6'},{'D3'},{'D7'},{'D4'},{'D5'},{'R2'},{'D2'},{'R3'},{'R1'},&,3.0,&
{'D1'},{'D6'},{'D3'},{'D7'},{'D4'},{'D5'},{'R2'},{'D2'},{'R1'},{'R3'},&,8.0,&
{'D1'},{'D6'},{'D3'},{'D7'},{'D4'},{'D5'},{'R2'},{'R3'},{'D2'},{'R1'},&,1.0,&
{'D1'},{'D6'},{'D3'},{'D7'},{'D4'},{'D5'},{'D2'},{'R3'},{'R1'},{'R2'},&,8.0,&
{'D1'},{'D6'},{'D3'},{'D7'},{'D4'},{'D5'},{'D2'},{'R3'},{'R2'},{'R1'},&,15.0,&
{'D1'},{'D6'},{'D3'},{'D7'},{'D4'},{'D5'},{'D2'},{'R2'},{'R3'},{'R1'},&,18.0,&
{'D1'},{'D6'},{'D3'},{'D7'},{'D4'},{'D5'},{'D2'},{'R2'},{'R1'},{'R3'},&,7.0,&
{'D1'},{'D6'},{'D3'},{'D7'},{'D4'},{'D5'},{'D2'},{'R1'},{'R3'},{'R2'},&,5.0,&
{'D1'},{'D6'},{'D3'},{'D7'},{'D4'},{'D5'},{'D2'},{'R1'},{'R2'},{'R3'},&,12.0,&
{'D1'},{'D6'},{'D3'},{'D7'},{'D4'},{'D5'},{'R3'},{'D2'},{'R1'},{'R2'},&,3.0,&
{'D1'},{'D6'},{'D3'},{'D7'},{'D4'},{'D5'},{'R3'},{'D2'},{'R2'},{'R1'},&,3.0,&
{'D1'},{'D6'},{'D3'},{'D7'},{'D4'},{'D5'},{'R3'},{'R1'},{'D2'},{'R2'},&,2.0,&
{'D1'},{'D6'},{'D3'},{'D7'},{'D4'},{'D5'},{'R1'},{'D2'},{'R2'},{'R3'},&,4.0,&
{'D1'},{'D6'},{'D3'},{'D7'},{'D4'},{'D5'},{'R1'},{'R2'},{'D2'},{'R3'},&,1.0,&
{'D1'},{'D6'},{'D3'},{'D7'},{'D4'},{'R2'},{'D5'},{'D2'},{'R1'},{'R3'},&,1.0,&
{'D1'},{'D6'},{'D3'},{'D7'},{'D4'},{'D2'},{'D5'},{'R3'},{'R1'},{'R2'},&,2.0,&
{'D1'},{'D6'},{'D3'},{'D7'},{'D4'},{'D2'},{'D5'},{'R3'},{'R2'},{'R1'},&,3.0,&
{'D1'},{'D6'},{'D3'},{'D7'},{'D4'},{'D2'},{'D5'},{'R2'},{'R3'},{'R1'},&,3.0,&
{'D1'},{'D6'},{'D3'},{'D7'},{'D4'},{'D2'},{'D5'},{'R2'},{'R1'},{'R3'},&,2.0,&
{'D1'},{'D6'},{'D3'},{'D7'},{'D4'},{'D2'},{'D5'},{'R1'},{'R2'},{'R3'},&,1.0,&
{'D1'},{'D6'},{'D3'},{'D7'},{'D4'},{'R1'},{'D5'},{'D2'},{'R3'},{'R2'},&,1.0,&
{'D1'},{'D6'},{'D3'},{'D7'},{'D2'},{'D4'},{'R2'},{'D5'},{'R3'},{'R1'},&,1.0,&
{'D1'},{'D6'},{'D3'},{'D7'},{'D2'},{'D4'},{'D5'},{'R3'},{'R2'},{'R1'},&,1.0,&
{'D1'},{'D6'},{'D3'},{'D7'},{'D2'},{'D4'},{'D5'},{'R2'},{'R1'},{'R3'},&,1.0,&
{'D1'},{'D6'},{'D3'},{'D7'},{'D2'},{'D4'},{'D5'},{'R1'},{'R2'},{'R3'},&,1.0,&
{'D1'},{'D6'},{'D3'},{'D7'},{'D2'},{'R1'},{'D5'},{'D4'},{'R2'},{'R3'},&,1.0,&
{'D1'},{'D6'},{'D3'},{'D7'},{'R2'},{'D4'},{'D5'},{'D2'},{'R3'},{'R1'},&,1.0,&
{'D1'},{'D6'},{'D3'},{'D2'},{'D7'},{'D4'},{'D5'},{'R3'},{'R2'},{'R1'},&,1.0,&
{'D1'},{'D6'},{'D7'},{'D5'},{'D3'},{'D4'},{'R2'},{'D2'},{'R3'},{'R1'},&,3.0,&
{'D1'},{'D6'},{'D7'},{'D5'},{'D3'},{'D4'},{'R2'},{'D2'},{'R1'},{'R3'},&,3.0,&
{'D1'},{'D6'},{'D7'},{'D5'},{'D3'},{'D4'},{'D2'},{'R3'},{'R1'},{'R2'},&,3.0,&
{'D1'},{'D6'},{'D7'},{'D5'},{'D3'},{'D4'},{'D2'},{'R3'},{'R2'},{'R1'},&,8.0,&
{'D1'},{'D6'},{'D7'},{'D5'},{'D3'},{'D4'},{'D2'},{'R2'},{'R3'},{'R1'},&,10.0,&
{'D1'},{'D6'},{'D7'},{'D5'},{'D3'},{'D4'},{'D2'},{'R2'},{'R1'},{'R3'},&,8.0,&
{'D1'},{'D6'},{'D7'},{'D5'},{'D3'},{'D4'},{'D2'},{'R1'},{'R3'},{'R2'},&,5.0,&
{'D1'},{'D6'},{'D7'},{'D5'},{'D3'},{'D4'},{'D2'},{'R1'},{'R2'},{'R3'},&,10.0,&
{'D1'},{'D6'},{'D7'},{'D5'},{'D3'},{'D4'},{'R3'},{'R2'},{'R1'},{'D2'},&,2.0,&
{'D1'},{'D6'},{'D7'},{'D5'},{'D3'},{'D4'},{'R3'},{'R2'},{'D2'},{'R1'},&,1.0,&
{'D1'},{'D6'},{'D7'},{'D5'},{'D3'},{'D4'},{'R1'},{'D2'},{'R3'},{'R2'},&,2.0,&
{'D1'},{'D6'},{'D7'},{'D5'},{'D3'},{'D4'},{'R1'},{'D2'},{'R2'},{'R3'},&,3.0,&
{'D1'},{'D6'},{'D7'},{'D5'},{'D3'},{'D2'},{'D4'},{'R2'},{'R3'},{'R1'},&,2.0,&
{'D1'},{'D6'},{'D7'},{'D5'},{'D4'},{'R2'},{'D3'},{'D2'},{'R1'},{'R3'},&,1.0,&
{'D1'},{'D6'},{'D7'},{'D5'},{'D4'},{'D3'},{'D2'},{'R3'},{'R1'},{'R2'},&,2.0,&
{'D1'},{'D6'},{'D7'},{'D5'},{'D4'},{'D3'},{'D2'},{'R3'},{'R2'},{'R1'},&,2.0,&
{'D1'},{'D6'},{'D7'},{'D5'},{'D4'},{'D3'},{'D2'},{'R2'},{'R3'},{'R1'},&,4.0,&
{'D1'},{'D6'},{'D7'},{'D5'},{'D4'},{'D3'},{'D2'},{'R2'},{'R1'},{'R3'},&,7.0,&
{'D1'},{'D6'},{'D7'},{'D5'},{'D4'},{'D3'},{'D2'},{'R1'},{'R3'},{'R2'},&,1.0,&
{'D1'},{'D6'},{'D7'},{'D5'},{'D4'},{'D3'},{'D2'},{'R1'},{'R2'},{'R3'},&,1.0,&
{'D1'},{'D6'},{'D7'},{'D5'},{'D4'},{'D3'},{'R3'},{'D2'},{'R2'},{'R1'},&,1.0,&
{'D1'},{'D6'},{'D7'},{'D5'},{'D4'},{'D3'},{'R1'},{'D2'},{'R2'},{'R3'},&,3.0,&
{'D1'},{'D6'},{'D7'},{'D5'},{'D4'},{'D2'},{'D3'},{'R2'},{'R1'},{'R3'},&,1.0,&
{'D1'},{'D6'},{'D7'},{'D5'},{'D4'},{'R1'},{'D3'},{'D2'},{'R2'},{'R3'},&,1.0,&
{'D1'},{'D6'},{'D7'},{'D5'},{'R1'},{'D4'},{'D3'},{'D2'},{'R2'},{'R3'},&,1.0,&
{'D1'},{'D6'},{'D7'},{'D5'},{'R3'},{'D3'},{'D4'},{'D2'},{'R2'},{'R1'},&,1.0,&
{'D1'},{'D6'},{'D7'},{'D4'},{'D3'},{'D5'},{'R2'},{'D2'},{'R3'},{'R1'},&,5.0,&
{'D1'},{'D6'},{'D7'},{'D4'},{'D3'},{'D5'},{'R2'},{'D2'},{'R1'},{'R3'},&,7.0,&
{'D1'},{'D6'},{'D7'},{'D4'},{'D3'},{'D5'},{'R2'},{'R3'},{'R1'},{'D2'},&,1.0,&
{'D1'},{'D6'},{'D7'},{'D4'},{'D3'},{'D5'},{'R2'},{'R3'},{'D2'},{'R1'},&,1.0,&
{'D1'},{'D6'},{'D7'},{'D4'},{'D3'},{'D5'},{'R2'},{'R1'},{'D2'},{'R3'},&,1.0,&
{'D1'},{'D6'},{'D7'},{'D4'},{'D3'},{'D5'},{'D2'},{'R3'},{'R1'},{'R2'},&,8.0,&
{'D1'},{'D6'},{'D7'},{'D4'},{'D3'},{'D5'},{'D2'},{'R3'},{'R2'},{'R1'},&,15.0,&
{'D1'},{'D6'},{'D7'},{'D4'},{'D3'},{'D5'},{'D2'},{'R2'},{'R3'},{'R1'},&,26.0,&
{'D1'},{'D6'},{'D7'},{'D4'},{'D3'},{'D5'},{'D2'},{'R2'},{'R1'},{'R3'},&,12.0,&
{'D1'},{'D6'},{'D7'},{'D4'},{'D3'},{'D5'},{'D2'},{'R1'},{'R3'},{'R2'},&,12.0,&
{'D1'},{'D6'},{'D7'},{'D4'},{'D3'},{'D5'},{'D2'},{'R1'},{'R2'},{'R3'},&,16.0,&
{'D1'},{'D6'},{'D7'},{'D4'},{'D3'},{'D5'},{'R3'},{'D2'},{'R1'},{'R2'},&,2.0,&
{'D1'},{'D6'},{'D7'},{'D4'},{'D3'},{'D5'},{'R3'},{'D2'},{'R2'},{'R1'},&,6.0,&
{'D1'},{'D6'},{'D7'},{'D4'},{'D3'},{'D5'},{'R3'},{'R2'},{'R1'},{'D2'},&,1.0,&
{'D1'},{'D6'},{'D7'},{'D4'},{'D3'},{'D5'},{'R3'},{'R2'},{'D2'},{'R1'},&,2.0,&
{'D1'},{'D6'},{'D7'},{'D4'},{'D3'},{'D5'},{'R3'},{'R1'},{'D2'},{'R2'},&,1.0,&
{'D1'},{'D6'},{'D7'},{'D4'},{'D3'},{'D5'},{'R1'},{'D2'},{'R3'},{'R2'},&,1.0,&
{'D1'},{'D6'},{'D7'},{'D4'},{'D3'},{'D5'},{'R1'},{'D2'},{'R2'},{'R3'},&,5.0,&
{'D1'},{'D6'},{'D7'},{'D4'},{'D3'},{'D5'},{'R1'},{'R3'},{'D2'},{'R2'},&,1.0,&
{'D1'},{'D6'},{'D7'},{'D4'},{'D3'},{'D5'},{'R1'},{'R2'},{'D2'},{'R3'},&,1.0,&
{'D1'},{'D6'},{'D7'},{'D4'},{'D3'},{'R2'},{'D2'},{'D5'},{'R1'},{'R3'},&,1.0,&
{'D1'},{'D6'},{'D7'},{'D4'},{'D3'},{'R2'},{'R3'},{'D5'},{'D2'},{'R1'},&,1.0,&
{'D1'},{'D6'},{'D7'},{'D4'},{'D3'},{'R2'},{'D5'},{'D2'},{'R3'},{'R1'},&,2.0,&
{'D1'},{'D6'},{'D7'},{'D4'},{'D3'},{'R2'},{'D5'},{'R3'},{'D2'},{'R1'},&,1.0,&
{'D1'},{'D6'},{'D7'},{'D4'},{'D3'},{'D2'},{'R2'},{'D5'},{'R3'},{'R1'},&,2.0,&
{'D1'},{'D6'},{'D7'},{'D4'},{'D3'},{'D2'},{'R2'},{'D5'},{'R1'},{'R3'},&,1.0,&
{'D1'},{'D6'},{'D7'},{'D4'},{'D3'},{'D2'},{'R3'},{'D5'},{'R1'},{'R2'},&,1.0,&
{'D1'},{'D6'},{'D7'},{'D4'},{'D3'},{'D2'},{'D5'},{'R3'},{'R1'},{'R2'},&,1.0,&
{'D1'},{'D6'},{'D7'},{'D4'},{'D3'},{'D2'},{'D5'},{'R2'},{'R3'},{'R1'},&,6.0,&
{'D1'},{'D6'},{'D7'},{'D4'},{'D3'},{'D2'},{'D5'},{'R2'},{'R1'},{'R3'},&,1.0,&
{'D1'},{'D6'},{'D7'},{'D4'},{'D3'},{'D2'},{'D5'},{'R1'},{'R2'},{'R3'},&,1.0,&
{'D1'},{'D6'},{'D7'},{'D4'},{'D3'},{'D2'},{'R1'},{'R2'},{'D5'},{'R3'},&,1.0,&
{'D1'},{'D6'},{'D7'},{'D4'},{'D3'},{'R1'},{'D5'},{'D2'},{'R3'},{'R2'},&,1.0,&
{'D1'},{'D6'},{'D7'},{'D4'},{'D3'},{'R1'},{'D5'},{'D2'},{'R2'},{'R3'},&,1.0,&
{'D1'},{'D6'},{'D7'},{'D4'},{'D3'},{'R1'},{'D5'},{'R3'},{'R2'},{'D2'},&,1.0,&
{'D1'},{'D6'},{'D7'},{'D4'},{'D3'},{'R1'},{'D5'},{'R2'},{'D2'},{'R3'},&,1.0,&
{'D1'},{'D6'},{'D7'},{'D4'},{'D3'},{'R3'},{'D5'},{'D2'},{'R1'},{'R2'},&,2.0,&
{'D1'},{'D6'},{'D7'},{'D4'},{'D3'},{'R3'},{'D5'},{'D2'},{'R2'},{'R1'},&,1.0,&
{'D1'},{'D6'},{'D7'},{'D4'},{'D5'},{'D3'},{'R2'},{'R1'},{'D2'},{'R3'},&,1.0,&
{'D1'},{'D6'},{'D7'},{'D4'},{'D5'},{'D3'},{'D2'},{'R3'},{'R2'},{'R1'},&,2.0,&
{'D1'},{'D6'},{'D7'},{'D4'},{'D5'},{'D3'},{'D2'},{'R2'},{'R3'},{'R1'},&,3.0,&
{'D1'},{'D6'},{'D7'},{'D4'},{'D5'},{'D3'},{'D2'},{'R2'},{'R1'},{'R3'},&,6.0,&
{'D1'},{'D6'},{'D7'},{'D4'},{'D5'},{'D3'},{'D2'},{'R1'},{'R3'},{'R2'},&,4.0,&
{'D1'},{'D6'},{'D7'},{'D4'},{'D5'},{'D3'},{'D2'},{'R1'},{'R2'},{'R3'},&,2.0,&
{'D1'},{'D6'},{'D7'},{'D4'},{'D5'},{'D2'},{'D3'},{'R2'},{'R1'},{'R3'},&,1.0,&
{'D1'},{'D6'},{'D7'},{'D4'},{'D2'},{'D5'},{'D3'},{'R2'},{'R3'},{'R1'},&,1.0,&
{'D1'},{'D6'},{'D7'},{'D4'},{'D2'},{'D3'},{'D5'},{'R2'},{'R1'},{'R3'},&,1.0,&
{'D1'},{'D6'},{'D7'},{'D4'},{'R2'},{'D3'},{'D5'},{'D2'},{'R3'},{'R1'},&,1.0,&
{'D1'},{'D6'},{'D7'},{'D4'},{'R2'},{'D3'},{'D5'},{'D2'},{'R1'},{'R3'},&,1.0,&
{'D1'},{'D6'},{'D7'},{'D3'},{'D5'},{'D4'},{'R2'},{'D2'},{'R3'},{'R1'},&,5.0,&
{'D1'},{'D6'},{'D7'},{'D3'},{'D5'},{'D4'},{'R2'},{'D2'},{'R1'},{'R3'},&,7.0,&
{'D1'},{'D6'},{'D7'},{'D3'},{'D5'},{'D4'},{'R2'},{'R3'},{'D2'},{'R1'},&,2.0,&
{'D1'},{'D6'},{'D7'},{'D3'},{'D5'},{'D4'},{'R2'},{'R1'},{'D2'},{'R3'},&,1.0,&
{'D1'},{'D6'},{'D7'},{'D3'},{'D5'},{'D4'},{'D2'},{'R3'},{'R1'},{'R2'},&,5.0,&
{'D1'},{'D6'},{'D7'},{'D3'},{'D5'},{'D4'},{'D2'},{'R3'},{'R2'},{'R1'},&,12.0,&
{'D1'},{'D6'},{'D7'},{'D3'},{'D5'},{'D4'},{'D2'},{'R2'},{'R3'},{'R1'},&,15.0,&
{'D1'},{'D6'},{'D7'},{'D3'},{'D5'},{'D4'},{'D2'},{'R2'},{'R1'},{'R3'},&,18.0,&
{'D1'},{'D6'},{'D7'},{'D3'},{'D5'},{'D4'},{'D2'},{'R1'},{'R3'},{'R2'},&,5.0,&
{'D1'},{'D6'},{'D7'},{'D3'},{'D5'},{'D4'},{'D2'},{'R1'},{'R2'},{'R3'},&,5.0,&
{'D1'},{'D6'},{'D7'},{'D3'},{'D5'},{'D4'},{'R3'},{'D2'},{'R1'},{'R2'},&,4.0,&
{'D1'},{'D6'},{'D7'},{'D3'},{'D5'},{'D4'},{'R3'},{'D2'},{'R2'},{'R1'},&,4.0,&
{'D1'},{'D6'},{'D7'},{'D3'},{'D5'},{'D4'},{'R3'},{'R1'},{'D2'},{'R2'},&,2.0,&
{'D1'},{'D6'},{'D7'},{'D3'},{'D5'},{'D4'},{'R1'},{'D2'},{'R3'},{'R2'},&,6.0,&
{'D1'},{'D6'},{'D7'},{'D3'},{'D5'},{'D4'},{'R1'},{'D2'},{'R2'},{'R3'},&,4.0,&
{'D1'},{'D6'},{'D7'},{'D3'},{'D5'},{'D2'},{'D4'},{'R2'},{'R1'},{'R3'},&,1.0,&
{'D1'},{'D6'},{'D7'},{'D3'},{'D5'},{'D2'},{'D4'},{'R1'},{'R2'},{'R3'},&,1.0,&
{'D1'},{'D6'},{'D7'},{'D3'},{'D5'},{'R3'},{'D4'},{'D2'},{'R1'},{'R2'},&,1.0,&
{'D1'},{'D6'},{'D7'},{'D3'},{'D5'},{'R3'},{'D4'},{'D2'},{'R2'},{'R1'},&,1.0,&
{'D1'},{'D6'},{'D7'},{'D3'},{'D5'},{'R3'},{'D4'},{'R1'},{'D2'},{'R2'},&,1.0,&
{'D1'},{'D6'},{'D7'},{'D3'},{'D4'},{'D5'},{'R2'},{'D2'},{'R3'},{'R1'},&,12.0,&
{'D1'},{'D6'},{'D7'},{'D3'},{'D4'},{'D5'},{'R2'},{'D2'},{'R1'},{'R3'},&,8.0,&
{'D1'},{'D6'},{'D7'},{'D3'},{'D4'},{'D5'},{'R2'},{'R1'},{'D2'},{'R3'},&,4.0,&
{'D1'},{'D6'},{'D7'},{'D3'},{'D4'},{'D5'},{'D2'},{'R3'},{'R1'},{'R2'},&,20.0,&
{'D1'},{'D6'},{'D7'},{'D3'},{'D4'},{'D5'},{'D2'},{'R3'},{'R2'},{'R1'},&,34.0,&
{'D1'},{'D6'},{'D7'},{'D3'},{'D4'},{'D5'},{'D2'},{'R2'},{'R3'},{'R1'},&,48.0,&
{'D1'},{'D6'},{'D7'},{'D3'},{'D4'},{'D5'},{'D2'},{'R2'},{'R1'},{'R3'},&,32.0,&
{'D1'},{'D6'},{'D7'},{'D3'},{'D4'},{'D5'},{'D2'},{'R1'},{'R3'},{'R2'},&,13.0,&
{'D1'},{'D6'},{'D7'},{'D3'},{'D4'},{'D5'},{'D2'},{'R1'},{'R2'},{'R3'},&,22.0,&
{'D1'},{'D6'},{'D7'},{'D3'},{'D4'},{'D5'},{'R3'},{'D2'},{'R1'},{'R2'},&,6.0,&
{'D1'},{'D6'},{'D7'},{'D3'},{'D4'},{'D5'},{'R3'},{'D2'},{'R2'},{'R1'},&,14.0,&
{'D1'},{'D6'},{'D7'},{'D3'},{'D4'},{'D5'},{'R3'},{'R2'},{'D2'},{'R1'},&,2.0,&
{'D1'},{'D6'},{'D7'},{'D3'},{'D4'},{'D5'},{'R3'},{'R1'},{'D2'},{'R2'},&,2.0,&
{'D1'},{'D6'},{'D7'},{'D3'},{'D4'},{'D5'},{'R1'},{'D2'},{'R3'},{'R2'},&,2.0,&
{'D1'},{'D6'},{'D7'},{'D3'},{'D4'},{'D5'},{'R1'},{'D2'},{'R2'},{'R3'},&,4.0,&
{'D1'},{'D6'},{'D7'},{'D3'},{'D4'},{'D5'},{'R1'},{'R2'},{'R3'},{'D2'},&,1.0,&
{'D1'},{'D6'},{'D7'},{'D3'},{'D4'},{'D5'},{'R1'},{'R2'},{'D2'},{'R3'},&,3.0,&
{'D1'},{'D6'},{'D7'},{'D3'},{'D4'},{'R2'},{'D2'},{'D5'},{'R1'},{'R3'},&,1.0,&
{'D1'},{'D6'},{'D7'},{'D3'},{'D4'},{'R2'},{'D5'},{'D2'},{'R1'},{'R3'},&,2.0,&
{'D1'},{'D6'},{'D7'},{'D3'},{'D4'},{'R2'},{'D5'},{'R3'},{'D2'},{'R1'},&,1.0,&
{'D1'},{'D6'},{'D7'},{'D3'},{'D4'},{'D2'},{'R2'},{'D5'},{'R3'},{'R1'},&,1.0,&
{'D1'},{'D6'},{'D7'},{'D3'},{'D4'},{'D2'},{'R2'},{'D5'},{'R1'},{'R3'},&,2.0,&
{'D1'},{'D6'},{'D7'},{'D3'},{'D4'},{'D2'},{'R3'},{'D5'},{'R2'},{'R1'},&,2.0,&
{'D1'},{'D6'},{'D7'},{'D3'},{'D4'},{'D2'},{'D5'},{'R3'},{'R2'},{'R1'},&,1.0,&
{'D1'},{'D6'},{'D7'},{'D3'},{'D4'},{'D2'},{'D5'},{'R2'},{'R3'},{'R1'},&,4.0,&
{'D1'},{'D6'},{'D7'},{'D3'},{'D4'},{'D2'},{'D5'},{'R2'},{'R1'},{'R3'},&,1.0,&
{'D1'},{'D6'},{'D7'},{'D3'},{'D4'},{'D2'},{'D5'},{'R1'},{'R3'},{'R2'},&,2.0,&
{'D1'},{'D6'},{'D7'},{'D3'},{'D4'},{'D2'},{'D5'},{'R1'},{'R2'},{'R3'},&,4.0,&
{'D1'},{'D6'},{'D7'},{'D3'},{'D4'},{'D2'},{'R1'},{'D5'},{'R3'},{'R2'},&,1.0,&
{'D1'},{'D6'},{'D7'},{'D3'},{'D4'},{'D2'},{'R1'},{'D5'},{'R2'},{'R3'},&,1.0,&
{'D1'},{'D6'},{'D7'},{'D3'},{'D4'},{'R1'},{'D2'},{'D5'},{'R3'},{'R2'},&,1.0,&
{'D1'},{'D6'},{'D7'},{'D3'},{'D4'},{'R1'},{'D2'},{'D5'},{'R2'},{'R3'},&,1.0,&
{'D1'},{'D6'},{'D7'},{'D3'},{'D4'},{'R1'},{'D5'},{'D2'},{'R2'},{'R3'},&,1.0,&
{'D1'},{'D6'},{'D7'},{'D3'},{'D4'},{'R3'},{'D5'},{'D2'},{'R1'},{'R2'},&,2.0,&
{'D1'},{'D6'},{'D7'},{'D3'},{'D4'},{'R3'},{'D5'},{'D2'},{'R2'},{'R1'},&,5.0,&
{'D1'},{'D6'},{'D7'},{'D3'},{'D4'},{'R3'},{'D5'},{'R2'},{'R1'},{'D2'},&,1.0,&
{'D1'},{'D6'},{'D7'},{'D3'},{'D4'},{'R3'},{'D5'},{'R2'},{'D2'},{'R1'},&,1.0,&
{'D1'},{'D6'},{'D7'},{'D3'},{'D2'},{'D5'},{'R2'},{'R3'},{'D4'},{'R1'},&,1.0,&
{'D1'},{'D6'},{'D7'},{'D3'},{'D2'},{'D5'},{'R1'},{'R3'},{'D4'},{'R2'},&,1.0,&
{'D1'},{'D6'},{'D7'},{'D3'},{'D2'},{'D5'},{'R1'},{'R2'},{'D4'},{'R3'},&,1.0,&
{'D1'},{'D6'},{'D7'},{'D3'},{'D2'},{'D5'},{'D4'},{'R2'},{'R1'},{'R3'},&,3.0,&
{'D1'},{'D6'},{'D7'},{'D3'},{'D2'},{'D4'},{'D5'},{'R3'},{'R2'},{'R1'},&,2.0,&
{'D1'},{'D6'},{'D7'},{'D3'},{'D2'},{'D4'},{'D5'},{'R2'},{'R3'},{'R1'},&,2.0,&
{'D1'},{'D6'},{'D7'},{'D3'},{'D2'},{'D4'},{'R1'},{'R2'},{'D5'},{'R3'},&,1.0,&
{'D1'},{'D6'},{'D7'},{'D3'},{'D2'},{'R2'},{'D4'},{'D5'},{'R3'},{'R1'},&,1.0,&
{'D1'},{'D6'},{'D7'},{'D3'},{'R1'},{'D2'},{'D4'},{'D5'},{'R3'},{'R2'},&,1.0,&
{'D1'},{'D6'},{'D7'},{'D3'},{'R2'},{'D5'},{'D4'},{'R3'},{'D2'},{'R1'},&,1.0,&
{'D1'},{'D6'},{'D7'},{'D3'},{'R2'},{'D5'},{'D4'},{'R1'},{'R3'},{'D2'},&,1.0,&
{'D1'},{'D6'},{'D7'},{'D3'},{'R3'},{'D5'},{'D4'},{'D2'},{'R1'},{'R2'},&,1.0,&
{'D1'},{'D6'},{'D7'},{'D2'},{'D3'},{'D5'},{'R2'},{'D4'},{'R3'},{'R1'},&,1.0,&
{'D1'},{'D6'},{'D7'},{'D2'},{'D3'},{'D5'},{'D4'},{'R3'},{'R1'},{'R2'},&,1.0,&
{'D1'},{'D6'},{'D7'},{'D2'},{'D3'},{'D5'},{'D4'},{'R3'},{'R2'},{'R1'},&,1.0,&
{'D1'},{'D6'},{'D7'},{'D2'},{'D3'},{'D4'},{'R2'},{'D5'},{'R3'},{'R1'},&,1.0,&
{'D1'},{'D6'},{'D7'},{'D2'},{'D3'},{'D4'},{'R3'},{'D5'},{'R2'},{'R1'},&,2.0,&
{'D1'},{'D6'},{'D7'},{'D2'},{'D3'},{'D4'},{'D5'},{'R2'},{'R3'},{'R1'},&,1.0,&
{'D1'},{'D6'},{'D7'},{'D2'},{'D3'},{'R2'},{'D5'},{'D4'},{'R1'},{'R3'},&,1.0,&
{'D1'},{'D6'},{'D7'},{'D2'},{'D5'},{'D3'},{'R2'},{'D4'},{'R1'},{'R3'},&,1.0,&
{'D1'},{'D6'},{'D7'},{'D2'},{'D5'},{'D3'},{'D4'},{'R2'},{'R3'},{'R1'},&,1.0,&
{'D1'},{'D6'},{'D7'},{'D2'},{'D4'},{'D3'},{'R3'},{'D5'},{'R1'},{'R2'},&,1.0,&
{'D1'},{'D6'},{'D7'},{'D2'},{'D4'},{'D3'},{'D5'},{'R2'},{'R3'},{'R1'},&,1.0,&
{'D1'},{'D6'},{'D7'},{'D2'},{'D4'},{'D3'},{'D5'},{'R1'},{'R3'},{'R2'},&,1.0,&
{'D1'},{'D6'},{'D7'},{'R1'},{'D3'},{'D4'},{'D5'},{'D2'},{'R2'},{'R3'},&,1.0,&
{'D1'},{'D6'},{'D7'},{'R1'},{'D3'},{'D4'},{'D5'},{'R3'},{'D2'},{'R2'},&,1.0,&
{'D1'},{'D6'},{'D5'},{'D4'},{'D7'},{'D3'},{'D2'},{'R3'},{'R2'},{'R1'},&,2.0,&
{'D1'},{'D6'},{'D5'},{'D4'},{'D7'},{'D3'},{'D2'},{'R1'},{'R2'},{'R3'},&,1.0,&
{'D1'},{'D6'},{'D5'},{'D3'},{'D4'},{'D7'},{'D2'},{'R1'},{'R3'},{'R2'},&,2.0,&
{'D1'},{'D6'},{'D5'},{'D3'},{'D4'},{'D7'},{'R1'},{'D2'},{'R3'},{'R2'},&,1.0,&
{'D1'},{'D6'},{'D5'},{'D3'},{'D7'},{'D4'},{'D2'},{'R2'},{'R3'},{'R1'},&,1.0,&
{'D1'},{'D6'},{'D5'},{'D3'},{'D7'},{'D4'},{'D2'},{'R2'},{'R1'},{'R3'},&,1.0,&
{'D1'},{'D6'},{'D5'},{'D3'},{'D7'},{'D4'},{'D2'},{'R1'},{'R3'},{'R2'},&,1.0,&
{'D1'},{'D6'},{'D5'},{'D3'},{'D7'},{'R3'},{'D4'},{'D2'},{'R2'},{'R1'},&,1.0,&
{'D1'},{'D6'},{'D5'},{'D7'},{'D3'},{'D4'},{'R2'},{'D2'},{'R1'},{'R3'},&,1.0,&
{'D1'},{'D6'},{'D5'},{'D7'},{'D3'},{'D4'},{'D2'},{'R3'},{'R1'},{'R2'},&,1.0,&
{'D1'},{'D6'},{'D5'},{'D7'},{'D3'},{'D4'},{'D2'},{'R3'},{'R2'},{'R1'},&,2.0,&
{'D1'},{'D6'},{'D5'},{'D7'},{'D3'},{'D4'},{'D2'},{'R2'},{'R3'},{'R1'},&,3.0,&
{'D1'},{'D6'},{'D5'},{'D7'},{'D3'},{'D4'},{'D2'},{'R2'},{'R1'},{'R3'},&,1.0,&
{'D1'},{'D6'},{'D5'},{'D7'},{'D3'},{'D4'},{'D2'},{'R1'},{'R3'},{'R2'},&,1.0,&
{'D1'},{'D6'},{'D5'},{'D7'},{'D3'},{'D4'},{'D2'},{'R1'},{'R2'},{'R3'},&,1.0,&
{'D1'},{'D6'},{'D5'},{'D7'},{'D3'},{'D4'},{'R3'},{'D2'},{'R1'},{'R2'},&,1.0,&
{'D1'},{'D6'},{'D5'},{'D7'},{'D3'},{'D4'},{'R3'},{'D2'},{'R2'},{'R1'},&,1.0,&
{'D1'},{'D6'},{'D5'},{'D7'},{'D3'},{'D4'},{'R1'},{'D2'},{'R3'},{'R2'},&,2.0,&
{'D1'},{'D6'},{'D5'},{'D7'},{'D3'},{'R1'},{'D4'},{'D2'},{'R2'},{'R3'},&,1.0,&
{'D1'},{'D6'},{'D5'},{'D7'},{'D4'},{'D3'},{'R2'},{'D2'},{'R3'},{'R1'},&,1.0,&
{'D1'},{'D6'},{'D5'},{'D7'},{'D4'},{'D3'},{'R2'},{'R3'},{'R1'},{'D2'},&,1.0,&
{'D1'},{'D6'},{'D5'},{'D7'},{'D4'},{'D3'},{'D2'},{'R3'},{'R2'},{'R1'},&,1.0,&
{'D1'},{'D6'},{'D5'},{'D7'},{'D4'},{'D3'},{'D2'},{'R2'},{'R3'},{'R1'},&,1.0,&
{'D1'},{'D6'},{'D5'},{'D7'},{'D4'},{'D3'},{'D2'},{'R1'},{'R2'},{'R3'},&,1.0,&
{'D1'},{'D6'},{'D5'},{'D7'},{'D4'},{'D3'},{'R3'},{'D2'},{'R1'},{'R2'},&,1.0,&
{'D1'},{'D6'},{'D2'},{'D7'},{'D3'},{'D5'},{'D4'},{'R2'},{'R3'},{'R1'},&,1.0,&
{'D1'},{'D6'},{'D2'},{'D7'},{'D4'},{'D3'},{'D5'},{'R2'},{'R3'},{'R1'},&,1.0,&
{'D1'},{'D5'},{'D4'},{'D6'},{'D3'},{'D7'},{'D2'},{'R1'},{'R2'},{'R3'},&,1.0,&
{'D1'},{'D5'},{'D4'},{'D6'},{'D2'},{'D7'},{'D3'},{'R3'},{'R2'},{'R1'},&,1.0,&
{'D1'},{'D5'},{'D4'},{'D6'},{'D7'},{'D3'},{'D2'},{'R2'},{'R3'},{'R1'},&,1.0,&
{'D1'},{'D5'},{'D4'},{'D6'},{'D7'},{'D3'},{'D2'},{'R2'},{'R1'},{'R3'},&,1.0,&
{'D1'},{'D5'},{'D4'},{'D7'},{'D3'},{'D6'},{'R2'},{'D2'},{'R3'},{'R1'},&,1.0,&
{'D1'},{'D5'},{'D4'},{'D7'},{'D3'},{'D6'},{'D2'},{'R1'},{'R3'},{'R2'},&,1.0,&
{'D1'},{'D5'},{'D4'},{'D7'},{'D6'},{'D3'},{'D2'},{'R1'},{'R2'},{'R3'},&,1.0,&
{'D1'},{'D5'},{'D4'},{'D7'},{'D6'},{'D2'},{'R2'},{'D3'},{'R1'},{'R3'},&,1.0,&
{'D1'},{'D5'},{'D3'},{'D4'},{'D7'},{'D6'},{'R1'},{'R3'},{'R2'},{'D2'},&,1.0,&
{'D1'},{'D5'},{'D3'},{'D6'},{'D7'},{'D4'},{'D2'},{'R3'},{'R2'},{'R1'},&,1.0,&
{'D1'},{'D5'},{'D3'},{'D6'},{'D7'},{'D4'},{'D2'},{'R1'},{'R3'},{'R2'},&,1.0,&
{'D1'},{'D5'},{'D3'},{'D6'},{'D7'},{'D4'},{'D2'},{'R1'},{'R2'},{'R3'},&,1.0,&
{'D1'},{'D5'},{'D3'},{'D6'},{'D7'},{'D4'},{'R3'},{'R2'},{'D2'},{'R1'},&,1.0,&
{'D1'},{'D5'},{'D3'},{'D6'},{'D7'},{'D2'},{'R2'},{'D4'},{'R3'},{'R1'},&,1.0,&
{'D1'},{'D5'},{'D3'},{'D7'},{'D6'},{'D4'},{'D2'},{'R3'},{'R2'},{'R1'},&,1.0,&
{'D1'},{'D5'},{'D3'},{'D7'},{'D6'},{'D4'},{'D2'},{'R2'},{'R3'},{'R1'},&,1.0,&
{'D1'},{'D5'},{'D3'},{'D7'},{'D6'},{'D4'},{'D2'},{'R1'},{'R2'},{'R3'},&,1.0,&
{'D1'},{'D5'},{'D7'},{'D4'},{'D6'},{'R2'},{'D3'},{'D2'},{'R3'},{'R1'},&,1.0,&
{'D1'},{'D5'},{'D7'},{'D4'},{'D6'},{'D3'},{'R2'},{'D2'},{'R3'},{'R1'},&,1.0,&
{'D1'},{'D5'},{'D7'},{'D4'},{'D6'},{'D3'},{'D2'},{'R3'},{'R1'},{'R2'},&,1.0,&
{'D1'},{'D5'},{'D7'},{'D6'},{'D3'},{'D4'},{'D2'},{'R3'},{'R1'},{'R2'},&,1.0,&
{'D1'},{'D5'},{'D7'},{'D6'},{'D3'},{'D4'},{'D2'},{'R2'},{'R3'},{'R1'},&,2.0,&
{'D1'},{'D5'},{'D7'},{'D6'},{'D3'},{'D4'},{'D2'},{'R2'},{'R1'},{'R3'},&,3.0,&
{'D1'},{'D5'},{'D7'},{'D6'},{'D3'},{'D4'},{'D2'},{'R1'},{'R2'},{'R3'},&,1.0,&
{'D1'},{'D5'},{'D7'},{'D6'},{'D3'},{'D4'},{'R1'},{'D2'},{'R3'},{'R2'},&,1.0,&
{'D1'},{'D5'},{'D7'},{'D6'},{'D3'},{'R2'},{'D4'},{'D2'},{'R3'},{'R1'},&,1.0,&
{'D1'},{'D5'},{'D7'},{'D6'},{'D3'},{'D2'},{'D4'},{'R1'},{'R2'},{'R3'},&,1.0,&
{'D1'},{'D5'},{'D7'},{'D6'},{'D3'},{'R1'},{'D4'},{'D2'},{'R2'},{'R3'},&,1.0,&
{'D1'},{'D5'},{'D7'},{'D6'},{'D4'},{'D3'},{'D2'},{'R2'},{'R3'},{'R1'},&,2.0,&
{'D1'},{'D5'},{'D7'},{'D6'},{'D4'},{'D3'},{'D2'},{'R1'},{'R2'},{'R3'},&,2.0,&
{'D1'},{'D5'},{'D7'},{'D6'},{'D4'},{'D3'},{'R3'},{'R1'},{'D2'},{'R2'},&,1.0,&
{'D1'},{'D5'},{'D7'},{'D6'},{'D2'},{'D3'},{'D4'},{'R1'},{'R2'},{'R3'},&,1.0,&
{'D1'},{'D5'},{'D7'},{'D3'},{'D4'},{'D6'},{'D2'},{'R2'},{'R3'},{'R1'},&,1.0,&
{'D1'},{'D5'},{'D7'},{'D3'},{'D6'},{'D4'},{'D2'},{'R3'},{'R2'},{'R1'},&,3.0,&
{'D1'},{'D5'},{'D7'},{'D3'},{'D6'},{'D4'},{'D2'},{'R2'},{'R3'},{'R1'},&,1.0,&
{'D1'},{'D5'},{'D7'},{'D3'},{'D6'},{'D4'},{'D2'},{'R2'},{'R1'},{'R3'},&,1.0,&
{'D1'},{'D5'},{'D7'},{'D3'},{'D6'},{'D4'},{'D2'},{'R1'},{'R3'},{'R2'},&,1.0,&
{'D1'},{'D5'},{'D7'},{'D3'},{'D6'},{'D4'},{'D2'},{'R1'},{'R2'},{'R3'},&,2.0,&
{'D1'},{'D5'},{'D7'},{'D3'},{'D6'},{'D4'},{'R1'},{'R2'},{'R3'},{'D2'},&,1.0,&
{'D1'},{'D5'},{'D7'},{'D3'},{'D6'},{'R2'},{'D4'},{'D2'},{'R3'},{'R1'},&,1.0,&
{'D1'},{'D5'},{'D7'},{'R1'},{'D6'},{'D4'},{'D3'},{'D2'},{'R3'},{'R2'},&,1.0,&
{'D1'},{'D5'},{'D6'},{'D4'},{'D3'},{'D7'},{'R1'},{'D2'},{'R2'},{'R3'},&,1.0,&
{'D1'},{'D5'},{'D6'},{'D4'},{'D7'},{'D3'},{'D2'},{'R1'},{'R2'},{'R3'},&,3.0,&
{'D1'},{'D5'},{'D6'},{'D3'},{'D7'},{'D4'},{'D2'},{'R2'},{'R3'},{'R1'},&,1.0,&
{'D1'},{'D5'},{'D6'},{'D3'},{'D7'},{'D4'},{'D2'},{'R1'},{'R2'},{'R3'},&,1.0,&
{'D1'},{'D5'},{'D6'},{'D3'},{'D7'},{'D4'},{'R3'},{'D2'},{'R1'},{'R2'},&,1.0,&
{'D1'},{'D5'},{'D6'},{'D7'},{'D3'},{'D4'},{'R2'},{'D2'},{'R3'},{'R1'},&,1.0,&
{'D1'},{'D5'},{'D6'},{'D7'},{'D3'},{'D4'},{'D2'},{'R3'},{'R2'},{'R1'},&,1.0,&
{'D1'},{'D5'},{'D6'},{'D7'},{'D3'},{'D4'},{'D2'},{'R2'},{'R3'},{'R1'},&,2.0,&
{'D1'},{'D5'},{'D6'},{'D7'},{'D3'},{'D4'},{'D2'},{'R2'},{'R1'},{'R3'},&,1.0,&
{'D1'},{'D5'},{'D6'},{'D7'},{'D3'},{'D4'},{'D2'},{'R1'},{'R2'},{'R3'},&,2.0,&
{'D1'},{'D5'},{'D6'},{'D7'},{'D3'},{'D4'},{'R3'},{'D2'},{'R2'},{'R1'},&,1.0,&
{'D1'},{'D5'},{'D6'},{'D7'},{'D3'},{'R2'},{'D4'},{'D2'},{'R1'},{'R3'},&,1.0,&
{'D1'},{'D5'},{'D6'},{'D7'},{'D3'},{'R1'},{'D4'},{'D2'},{'R2'},{'R3'},&,2.0,&
{'D1'},{'D5'},{'D6'},{'D7'},{'D4'},{'D3'},{'R2'},{'D2'},{'R1'},{'R3'},&,1.0,&
{'D1'},{'D5'},{'D6'},{'D7'},{'D4'},{'D3'},{'R2'},{'R3'},{'D2'},{'R1'},&,1.0,&
{'D1'},{'D5'},{'D6'},{'D7'},{'D4'},{'D3'},{'D2'},{'R3'},{'R1'},{'R2'},&,1.0,&
{'D1'},{'D5'},{'D6'},{'D7'},{'D4'},{'D3'},{'D2'},{'R3'},{'R2'},{'R1'},&,2.0,&
{'D1'},{'D5'},{'D6'},{'D7'},{'D4'},{'D3'},{'D2'},{'R2'},{'R3'},{'R1'},&,2.0,&
{'D1'},{'D5'},{'D6'},{'D7'},{'D4'},{'D3'},{'R3'},{'D2'},{'R2'},{'R1'},&,1.0,&
{'D1'},{'D5'},{'D2'},{'D3'},{'D6'},{'D7'},{'D4'},{'R2'},{'R3'},{'R1'},&,1.0,&
{'D1'},{'D4'},{'D3'},{'D6'},{'D7'},{'D5'},{'R2'},{'D2'},{'R3'},{'R1'},&,1.0,&
{'D1'},{'D4'},{'D3'},{'D6'},{'D7'},{'D5'},{'R2'},{'D2'},{'R1'},{'R3'},&,1.0,&
{'D1'},{'D4'},{'D3'},{'D6'},{'D7'},{'D5'},{'D2'},{'R3'},{'R1'},{'R2'},&,1.0,&
{'D1'},{'D4'},{'D3'},{'D6'},{'D7'},{'D5'},{'D2'},{'R3'},{'R2'},{'R1'},&,1.0,&
{'D1'},{'D4'},{'D3'},{'D6'},{'D7'},{'D5'},{'D2'},{'R2'},{'R3'},{'R1'},&,1.0,&
{'D1'},{'D4'},{'D3'},{'D6'},{'D7'},{'D5'},{'D2'},{'R2'},{'R1'},{'R3'},&,3.0,&
{'D1'},{'D4'},{'D3'},{'D6'},{'D7'},{'D5'},{'D2'},{'R1'},{'R3'},{'R2'},&,2.0,&
{'D1'},{'D4'},{'D3'},{'D6'},{'D7'},{'R2'},{'D5'},{'D2'},{'R3'},{'R1'},&,1.0,&
{'D1'},{'D4'},{'D3'},{'D7'},{'D5'},{'D6'},{'D2'},{'R2'},{'R1'},{'R3'},&,1.0,&
{'D1'},{'D4'},{'D3'},{'D7'},{'D5'},{'D6'},{'D2'},{'R1'},{'R2'},{'R3'},&,1.0,&
{'D1'},{'D4'},{'D3'},{'D7'},{'D6'},{'D5'},{'R2'},{'D2'},{'R3'},{'R1'},&,1.0,&
{'D1'},{'D4'},{'D3'},{'D7'},{'D6'},{'D5'},{'R2'},{'R1'},{'D2'},{'R3'},&,1.0,&
{'D1'},{'D4'},{'D3'},{'D7'},{'D6'},{'D5'},{'D2'},{'R3'},{'R2'},{'R1'},&,1.0,&
{'D1'},{'D4'},{'D3'},{'D7'},{'D6'},{'D5'},{'D2'},{'R2'},{'R3'},{'R1'},&,5.0,&
{'D1'},{'D4'},{'D3'},{'D7'},{'D6'},{'D5'},{'D2'},{'R2'},{'R1'},{'R3'},&,3.0,&
{'D1'},{'D4'},{'D3'},{'D7'},{'D6'},{'D5'},{'D2'},{'R1'},{'R2'},{'R3'},&,2.0,&
{'D1'},{'D4'},{'D3'},{'D7'},{'D6'},{'D2'},{'D5'},{'R1'},{'R2'},{'R3'},&,1.0,&
{'D1'},{'D4'},{'D3'},{'D7'},{'R2'},{'D6'},{'R3'},{'D5'},{'D2'},{'R1'},&,1.0,&
{'D1'},{'D4'},{'D7'},{'D5'},{'D3'},{'R2'},{'D6'},{'R3'},{'D2'},{'R1'},&,1.0,&
{'D1'},{'D4'},{'D7'},{'D5'},{'D3'},{'D6'},{'R2'},{'D2'},{'R3'},{'R1'},&,1.0,&
{'D1'},{'D4'},{'D7'},{'D5'},{'D3'},{'D6'},{'D2'},{'R1'},{'R3'},{'R2'},&,1.0,&
{'D1'},{'D4'},{'D7'},{'D5'},{'D6'},{'D3'},{'R2'},{'D2'},{'R3'},{'R1'},&,1.0,&
{'D1'},{'D4'},{'D7'},{'D5'},{'D6'},{'D3'},{'D2'},{'R2'},{'R3'},{'R1'},&,1.0,&
{'D1'},{'D4'},{'D7'},{'D5'},{'D6'},{'D3'},{'D2'},{'R2'},{'R1'},{'R3'},&,1.0,&
{'D1'},{'D4'},{'D7'},{'D6'},{'D3'},{'D5'},{'R2'},{'D2'},{'R1'},{'R3'},&,5.0,&
{'D1'},{'D4'},{'D7'},{'D6'},{'D3'},{'D5'},{'D2'},{'R3'},{'R2'},{'R1'},&,2.0,&
{'D1'},{'D4'},{'D7'},{'D6'},{'D3'},{'D5'},{'D2'},{'R2'},{'R3'},{'R1'},&,9.0,&
{'D1'},{'D4'},{'D7'},{'D6'},{'D3'},{'D5'},{'D2'},{'R2'},{'R1'},{'R3'},&,10.0,&
{'D1'},{'D4'},{'D7'},{'D6'},{'D3'},{'D5'},{'D2'},{'R1'},{'R3'},{'R2'},&,3.0,&
{'D1'},{'D4'},{'D7'},{'D6'},{'D3'},{'D5'},{'D2'},{'R1'},{'R2'},{'R3'},&,4.0,&
{'D1'},{'D4'},{'D7'},{'D6'},{'D3'},{'D5'},{'R3'},{'D2'},{'R2'},{'R1'},&,2.0,&
{'D1'},{'D4'},{'D7'},{'D6'},{'D3'},{'D5'},{'R3'},{'R2'},{'D2'},{'R1'},&,1.0,&
{'D1'},{'D4'},{'D7'},{'D6'},{'D3'},{'D5'},{'R1'},{'D2'},{'R2'},{'R3'},&,2.0,&
{'D1'},{'D4'},{'D7'},{'D6'},{'D3'},{'R2'},{'D5'},{'D2'},{'R3'},{'R1'},&,1.0,&
{'D1'},{'D4'},{'D7'},{'D6'},{'D3'},{'D2'},{'R2'},{'D5'},{'R1'},{'R3'},&,1.0,&
{'D1'},{'D4'},{'D7'},{'D6'},{'D3'},{'D2'},{'R3'},{'D5'},{'R2'},{'R1'},&,1.0,&
{'D1'},{'D4'},{'D7'},{'D6'},{'D3'},{'R1'},{'D5'},{'D2'},{'R2'},{'R3'},&,1.0,&
{'D1'},{'D4'},{'D7'},{'D6'},{'D3'},{'R3'},{'D5'},{'D2'},{'R1'},{'R2'},&,1.0,&
{'D1'},{'D4'},{'D7'},{'D6'},{'D3'},{'R3'},{'D5'},{'D2'},{'R2'},{'R1'},&,1.0,&
{'D1'},{'D4'},{'D7'},{'D6'},{'D5'},{'D3'},{'R2'},{'D2'},{'R3'},{'R1'},&,1.0,&
{'D1'},{'D4'},{'D7'},{'D6'},{'D5'},{'D3'},{'D2'},{'R3'},{'R1'},{'R2'},&,1.0,&
{'D1'},{'D4'},{'D7'},{'D6'},{'D5'},{'D3'},{'D2'},{'R2'},{'R3'},{'R1'},&,1.0,&
{'D1'},{'D4'},{'D7'},{'D6'},{'D5'},{'D3'},{'D2'},{'R2'},{'R1'},{'R3'},&,2.0,&
{'D1'},{'D4'},{'D7'},{'D6'},{'D5'},{'D3'},{'R3'},{'R2'},{'D2'},{'R1'},&,1.0,&
{'D1'},{'D4'},{'D7'},{'D6'},{'R1'},{'D5'},{'D3'},{'R2'},{'D2'},{'R3'},&,1.0,&
{'D1'},{'D4'},{'D7'},{'D6'},{'R2'},{'D3'},{'D5'},{'D2'},{'R3'},{'R1'},&,1.0,&
{'D1'},{'D4'},{'D7'},{'D3'},{'D6'},{'D5'},{'R2'},{'D2'},{'R3'},{'R1'},&,1.0,&
{'D1'},{'D4'},{'D7'},{'D3'},{'D6'},{'D5'},{'R2'},{'R3'},{'D2'},{'R1'},&,2.0,&
{'D1'},{'D4'},{'D7'},{'D3'},{'D6'},{'D5'},{'D2'},{'R3'},{'R1'},{'R2'},&,4.0,&
{'D1'},{'D4'},{'D7'},{'D3'},{'D6'},{'D5'},{'D2'},{'R2'},{'R3'},{'R1'},&,4.0,&
{'D1'},{'D4'},{'D7'},{'D3'},{'D6'},{'D5'},{'D2'},{'R2'},{'R1'},{'R3'},&,5.0,&
{'D1'},{'D4'},{'D7'},{'D3'},{'D6'},{'D5'},{'D2'},{'R1'},{'R3'},{'R2'},&,1.0,&
{'D1'},{'D4'},{'D7'},{'D3'},{'D6'},{'D5'},{'D2'},{'R1'},{'R2'},{'R3'},&,1.0,&
{'D1'},{'D4'},{'D7'},{'D3'},{'D6'},{'D5'},{'R3'},{'R1'},{'R2'},{'D2'},&,1.0,&
{'D1'},{'D4'},{'D7'},{'D3'},{'D6'},{'D5'},{'R1'},{'D2'},{'R2'},{'R3'},&,1.0,&
{'D1'},{'D4'},{'D7'},{'D3'},{'D6'},{'R2'},{'D5'},{'D2'},{'R1'},{'R3'},&,1.0,&
{'D1'},{'D4'},{'D7'},{'D3'},{'D6'},{'R3'},{'D5'},{'D2'},{'R2'},{'R1'},&,1.0,&
{'D1'},{'D4'},{'D7'},{'D2'},{'D6'},{'D3'},{'D5'},{'R1'},{'R2'},{'R3'},&,1.0,&
{'D1'},{'D4'},{'D7'},{'R2'},{'D6'},{'D3'},{'D5'},{'D2'},{'R1'},{'R3'},&,1.0,&
{'D1'},{'D4'},{'D5'},{'D7'},{'D6'},{'D3'},{'D2'},{'R2'},{'R1'},{'R3'},&,1.0,&
{'D1'},{'D4'},{'D6'},{'D5'},{'D7'},{'D3'},{'D2'},{'R3'},{'R2'},{'R1'},&,1.0,&
{'D1'},{'D4'},{'D6'},{'D5'},{'D7'},{'D3'},{'D2'},{'R2'},{'R3'},{'R1'},&,1.0,&
{'D1'},{'D4'},{'D6'},{'D5'},{'D7'},{'D3'},{'R3'},{'D2'},{'R2'},{'R1'},&,1.0,&
{'D1'},{'D4'},{'D6'},{'D5'},{'D7'},{'D2'},{'R2'},{'D3'},{'R3'},{'R1'},&,1.0,&
{'D1'},{'D4'},{'D6'},{'D3'},{'D7'},{'D5'},{'D2'},{'R3'},{'R2'},{'R1'},&,2.0,&
{'D1'},{'D4'},{'D6'},{'D3'},{'D7'},{'D5'},{'D2'},{'R1'},{'R2'},{'R3'},&,2.0,&
{'D1'},{'D4'},{'D6'},{'D3'},{'D7'},{'D2'},{'D5'},{'R3'},{'R2'},{'R1'},&,2.0,&
{'D1'},{'D4'},{'D6'},{'D3'},{'D7'},{'D2'},{'R1'},{'D5'},{'R2'},{'R3'},&,1.0,&
{'D1'},{'D4'},{'D6'},{'D7'},{'D3'},{'D5'},{'R2'},{'D2'},{'R3'},{'R1'},&,3.0,&
{'D1'},{'D4'},{'D6'},{'D7'},{'D3'},{'D5'},{'R2'},{'D2'},{'R1'},{'R3'},&,1.0,&
{'D1'},{'D4'},{'D6'},{'D7'},{'D3'},{'D5'},{'R2'},{'R3'},{'D2'},{'R1'},&,1.0,&
{'D1'},{'D4'},{'D6'},{'D7'},{'D3'},{'D5'},{'D2'},{'R3'},{'R1'},{'R2'},&,4.0,&
{'D1'},{'D4'},{'D6'},{'D7'},{'D3'},{'D5'},{'D2'},{'R3'},{'R2'},{'R1'},&,4.0,&
{'D1'},{'D4'},{'D6'},{'D7'},{'D3'},{'D5'},{'D2'},{'R2'},{'R3'},{'R1'},&,7.0,&
{'D1'},{'D4'},{'D6'},{'D7'},{'D3'},{'D5'},{'D2'},{'R2'},{'R1'},{'R3'},&,3.0,&
{'D1'},{'D4'},{'D6'},{'D7'},{'D3'},{'D5'},{'D2'},{'R1'},{'R3'},{'R2'},&,3.0,&
{'D1'},{'D4'},{'D6'},{'D7'},{'D3'},{'D5'},{'D2'},{'R1'},{'R2'},{'R3'},&,3.0,&
{'D1'},{'D4'},{'D6'},{'D7'},{'D3'},{'D5'},{'R3'},{'D2'},{'R1'},{'R2'},&,2.0,&
{'D1'},{'D4'},{'D6'},{'D7'},{'D3'},{'D5'},{'R3'},{'D2'},{'R2'},{'R1'},&,1.0,&
{'D1'},{'D4'},{'D6'},{'D7'},{'D3'},{'D5'},{'R1'},{'D2'},{'R2'},{'R3'},&,1.0,&
{'D1'},{'D4'},{'D6'},{'D7'},{'D3'},{'R2'},{'D5'},{'R3'},{'D2'},{'R1'},&,1.0,&
{'D1'},{'D4'},{'D6'},{'D7'},{'D3'},{'D2'},{'R2'},{'D5'},{'R3'},{'R1'},&,1.0,&
{'D1'},{'D4'},{'D6'},{'D7'},{'D3'},{'D2'},{'D5'},{'R2'},{'R3'},{'R1'},&,1.0,&
{'D1'},{'D4'},{'D6'},{'D7'},{'D3'},{'D2'},{'D5'},{'R2'},{'R1'},{'R3'},&,2.0,&
{'D1'},{'D4'},{'D6'},{'D7'},{'D3'},{'D2'},{'D5'},{'R1'},{'R3'},{'R2'},&,1.0,&
{'D1'},{'D4'},{'D6'},{'D7'},{'D5'},{'D3'},{'R2'},{'R3'},{'R1'},{'D2'},&,1.0,&
{'D1'},{'D4'},{'D6'},{'D7'},{'D5'},{'D3'},{'D2'},{'R3'},{'R1'},{'R2'},&,1.0,&
{'D1'},{'D4'},{'D6'},{'D7'},{'D5'},{'D3'},{'D2'},{'R2'},{'R3'},{'R1'},&,1.0,&
{'D1'},{'D4'},{'D6'},{'D7'},{'D5'},{'D3'},{'D2'},{'R1'},{'R3'},{'R2'},&,1.0,&
{'D1'},{'D4'},{'D6'},{'D7'},{'D2'},{'D3'},{'R2'},{'R3'},{'D5'},{'R1'},&,1.0,&
{'D1'},{'D4'},{'D2'},{'D6'},{'D7'},{'D3'},{'D5'},{'R3'},{'R2'},{'R1'},&,1.0,&
{'D1'},{'D4'},{'D2'},{'D7'},{'D3'},{'D6'},{'D5'},{'R1'},{'R2'},{'R3'},&,1.0,&
{'D1'},{'D2'},{'D3'},{'D7'},{'D6'},{'D4'},{'R2'},{'D5'},{'R3'},{'R1'},&,1.0,&
{'D1'},{'D2'},{'D7'},{'D6'},{'D5'},{'D3'},{'D4'},{'R3'},{'R1'},{'R2'},&,1.0,&
{'D1'},{'D2'},{'D7'},{'D6'},{'D4'},{'D3'},{'D5'},{'R2'},{'R1'},{'R3'},&,1.0,&
{'D1'},{'D2'},{'D6'},{'D3'},{'D7'},{'D5'},{'D4'},{'R3'},{'R1'},{'R2'},&,1.0,&
{'D1'},{'D2'},{'D6'},{'D3'},{'D7'},{'D4'},{'D5'},{'R3'},{'R1'},{'R2'},&,1.0,&
{'D1'},{'D2'},{'D6'},{'D7'},{'D3'},{'D5'},{'D4'},{'R3'},{'R2'},{'R1'},&,1.0,&
{'D1'},{'D2'},{'D6'},{'D7'},{'D4'},{'D3'},{'R1'},{'D5'},{'R3'},{'R2'},&,1.0,&
{'D1'},{'R3'},{'D5'},{'R1'},{'R2'},{'D2'},{'D4'},{'D3'},{'D6'},{'D7'},&,1.0,&
{'D1'},{'R3'},{'R1'},{'D5'},{'R2'},{'D3'},{'D4'},{'D2'},{'D6'},{'D7'},&,1.0,&
{'D1'},{'R3'},{'R1'},{'D3'},{'R2'},{'D5'},{'D2'},{'D4'},{'D6'},{'D7'},&,1.0,&
{'D1'},{'R3'},{'R1'},{'R2'},{'D5'},{'D4'},{'D3'},{'D2'},{'D6'},{'D7'},&,1.0,&
{'D1'},{'R3'},{'R2'},{'D5'},{'R1'},{'D2'},{'D3'},{'D4'},{'D6'},{'D7'},&,1.0,&
{'D1'},{'R3'},{'R2'},{'D3'},{'R1'},{'D5'},{'D2'},{'D4'},{'D6'},{'D7'},&,1.0,&
{'D1'},{'R3'},{'R2'},{'D3'},{'R1'},{'D4'},{'D2'},{'D5'},{'D6'},{'D7'},&,1.0,&
{'D1'},{'R3'},{'R2'},{'D2'},{'D5'},{'D3'},{'D4'},{'D6'},{'D7'},{'R1'},&,1.0,&
{'D1'},{'R3'},{'R2'},{'D2'},{'R1'},{'D5'},{'D3'},{'D4'},{'D6'},{'D7'},&,1.0,&
{'D1'},{'R3'},{'R2'},{'R1'},{'D3'},{'D5'},{'D2'},{'D4'},{'D6'},{'D7'},&,1.0,&
{'D1'},{'R3'},{'R2'},{'R1'},{'D3'},{'D5'},{'D4'},{'D2'},{'D6'},{'D7'},&,1.0,&
{'D1'},{'R3'},{'R2'},{'R1'},{'D5'},{'D3'},{'D2'},{'D4'},{'D6'},{'D7'},&,1.0,&
{'D1'},{'R3'},{'R2'},{'R1'},{'D2'},{'D3'},{'D5'},{'D4'},{'D6'},{'D7'},&,1.0,&
{'D1'},{'R3'},{'R2'},{'R1'},{'D2'},{'D3'},{'D4'},{'D5'},{'D6'},{'D7'},&,1.0,&
{'D1'},{'R3'},{'R2'},{'R1'},{'D6'},{'D2'},{'D3'},{'D5'},{'D4'},{'D7'},&,1.0,&
{'D1'},{'R1'},{'D3'},{'R2'},{'R3'},{'D5'},{'D4'},{'D2'},{'D6'},{'D7'},&,1.0,&
{'D1'},{'R1'},{'R3'},{'D3'},{'R2'},{'D2'},{'D5'},{'D4'},{'D6'},{'D7'},&,1.0,&
{'D1'},{'R1'},{'R3'},{'D2'},{'R2'},{'D3'},{'D5'},{'D4'},{'D6'},{'D7'},&,1.0,&
{'D1'},{'R1'},{'R3'},{'R2'},{'D4'},{'D5'},{'D3'},{'D2'},{'D6'},{'D7'},&,1.0,&
{'D1'},{'R1'},{'R3'},{'R2'},{'D2'},{'D4'},{'D3'},{'D5'},{'D6'},{'D7'},&,1.0,&
{'D1'},{'R1'},{'R2'},{'D4'},{'R3'},{'D5'},{'D6'},{'D3'},{'D2'},{'D7'},&,1.0,&
{'D1'},{'R1'},{'R2'},{'R3'},{'D3'},{'D5'},{'D4'},{'D2'},{'D6'},{'D7'},&,2.0,&
{'D1'},{'R1'},{'R2'},{'R3'},{'D5'},{'D3'},{'D2'},{'D4'},{'D6'},{'D7'},&,1.0,&
{'D1'},{'R2'},{'D4'},{'R3'},{'D5'},{'R1'},{'D3'},{'D2'},{'D6'},{'D7'},&,1.0,&
{'D1'},{'R2'},{'D3'},{'R1'},{'R3'},{'D5'},{'D2'},{'D4'},{'D6'},{'D7'},&,1.0,&
{'D1'},{'R2'},{'D3'},{'R1'},{'R3'},{'D4'},{'D5'},{'D2'},{'D6'},{'D7'},&,1.0,&
{'D1'},{'R2'},{'D7'},{'D6'},{'D5'},{'D3'},{'D4'},{'D2'},{'R3'},{'R1'},&,1.0,&
{'D1'},{'R2'},{'D5'},{'R1'},{'D4'},{'R3'},{'D3'},{'D2'},{'D6'},{'D7'},&,1.0,&
{'D1'},{'R2'},{'R3'},{'D3'},{'R1'},{'D4'},{'D5'},{'D2'},{'D6'},{'D7'},&,1.0,&
{'D1'},{'R2'},{'R3'},{'R1'},{'D3'},{'D5'},{'D4'},{'D2'},{'D6'},{'D7'},&,1.0,&
{'D1'},{'R2'},{'R3'},{'R1'},{'D3'},{'D4'},{'D2'},{'D5'},{'D6'},{'D7'},&,1.0,&
{'D1'},{'R2'},{'R3'},{'R1'},{'D5'},{'D3'},{'D2'},{'D4'},{'D6'},{'D7'},&,1.0,&
{'D1'},{'R2'},{'R3'},{'R1'},{'D5'},{'D3'},{'D4'},{'D2'},{'D6'},{'D7'},&,1.0,&
{'D1'},{'R2'},{'R3'},{'R1'},{'D5'},{'D6'},{'D3'},{'D2'},{'D4'},{'D7'},&,1.0,&
{'D1'},{'R2'},{'R1'},{'D5'},{'D2'},{'D3'},{'R3'},{'D4'},{'D7'},{'D6'},&,1.0,&
{'D1'},{'R2'},{'R1'},{'D5'},{'R3'},{'D2'},{'D3'},{'D6'},{'D4'},{'D7'},&,1.0,&
{'D1'},{'R2'},{'R1'},{'D3'},{'D5'},{'R3'},{'D4'},{'D2'},{'D6'},{'D7'},&,1.0,&
{'D1'},{'R2'},{'R1'},{'R3'},{'D3'},{'D5'},{'D2'},{'D4'},{'D6'},{'D7'},&,1.0,&
{'D1'},{'R2'},{'R1'},{'R3'},{'D3'},{'D5'},{'D4'},{'D2'},{'D6'},{'D7'},&,1.0,&
{'D1'},{'R2'},{'R1'},{'R3'},{'D3'},{'D5'},{'D4'},{'D6'},{'D2'},{'D7'},&,1.0,&
{'D1'},{'R2'},{'R1'},{'R3'},{'D3'},{'D4'},{'D5'},{'D2'},{'D6'},{'D7'},&,1.0,&
{'D1'},{'R2'},{'R1'},{'R3'},{'D3'},{'D2'},{'D4'},{'D5'},{'D6'},{'D7'},&,1.0,&
{'D1'},{'R2'},{'R1'},{'R3'},{'D3'},{'D2'},{'D4'},{'D5'},{'D7'},{'D6'},&,1.0,&
{'D1'},{'R2'},{'R1'},{'R3'},{'D5'},{'D3'},{'D2'},{'D4'},{'D6'},{'D7'},&,1.0,&
{'D1'},{'R2'},{'R1'},{'R3'},{'D5'},{'D3'},{'D4'},{'D2'},{'D6'},{'D7'},&,3.0,&
{'D1'},{'R2'},{'R1'},{'R3'},{'D5'},{'D3'},{'D4'},{'D6'},{'D2'},{'D7'},&,1.0,&
{'D1'},{'R2'},{'R1'},{'R3'},{'D4'},{'D5'},{'D3'},{'D2'},{'D6'},{'D7'},&,1.0,&
{'D1'},{'R2'},{'R1'},{'R3'},{'D4'},{'D6'},{'D3'},{'D5'},{'D2'},{'D7'},&,1.0,&
{'D1'},{'R2'},{'R1'},{'R3'},{'D2'},{'D3'},{'D5'},{'D6'},{'D7'},{'D4'},&,1.0,&
{'D1'},{'R2'},{'R1'},{'R3'},{'D6'},{'D3'},{'D2'},{'D5'},{'D4'},{'D7'},&,1.0,&
{'D4'},{'D7'},{'D3'},{'D1'},{'D5'},{'D6'},{'R2'},{'D2'},{'R1'},{'R3'},&,1.0,&
{'D4'},{'D7'},{'D3'},{'D1'},{'D5'},{'D6'},{'D2'},{'R2'},{'R1'},{'R3'},&,1.0,&
{'D4'},{'D7'},{'D3'},{'D1'},{'D5'},{'D6'},{'D2'},{'R1'},{'R3'},{'R2'},&,2.0,&
{'D4'},{'D7'},{'D3'},{'D1'},{'D5'},{'D6'},{'D2'},{'R1'},{'R2'},{'R3'},&,1.0,&
{'D4'},{'D7'},{'D3'},{'D1'},{'D5'},{'D6'},{'R3'},{'D2'},{'R2'},{'R1'},&,2.0,&
{'D4'},{'D7'},{'D3'},{'D1'},{'D2'},{'D6'},{'D5'},{'R3'},{'R2'},{'R1'},&,1.0,&
{'D4'},{'D7'},{'D3'},{'D1'},{'D6'},{'D5'},{'R2'},{'D2'},{'R3'},{'R1'},&,2.0,&
{'D4'},{'D7'},{'D3'},{'D1'},{'D6'},{'D5'},{'R2'},{'D2'},{'R1'},{'R3'},&,2.0,&
{'D4'},{'D7'},{'D3'},{'D1'},{'D6'},{'D5'},{'R2'},{'R1'},{'D2'},{'R3'},&,1.0,&
{'D4'},{'D7'},{'D3'},{'D1'},{'D6'},{'D5'},{'D2'},{'R3'},{'R1'},{'R2'},&,1.0,&
{'D4'},{'D7'},{'D3'},{'D1'},{'D6'},{'D5'},{'D2'},{'R3'},{'R2'},{'R1'},&,4.0,&
{'D4'},{'D7'},{'D3'},{'D1'},{'D6'},{'D5'},{'D2'},{'R2'},{'R3'},{'R1'},&,6.0,&
{'D4'},{'D7'},{'D3'},{'D1'},{'D6'},{'D5'},{'D2'},{'R2'},{'R1'},{'R3'},&,9.0,&
{'D4'},{'D7'},{'D3'},{'D1'},{'D6'},{'D5'},{'D2'},{'R1'},{'R3'},{'R2'},&,4.0,&
{'D4'},{'D7'},{'D3'},{'D1'},{'D6'},{'D5'},{'D2'},{'R1'},{'R2'},{'R3'},&,4.0,&
{'D4'},{'D7'},{'D3'},{'D1'},{'D6'},{'D5'},{'R3'},{'D2'},{'R2'},{'R1'},&,3.0,&
{'D4'},{'D7'},{'D3'},{'D1'},{'D6'},{'D5'},{'R1'},{'D2'},{'R2'},{'R3'},&,2.0,&
{'D4'},{'D7'},{'D3'},{'D1'},{'D6'},{'R2'},{'D5'},{'D2'},{'R1'},{'R3'},&,1.0,&
{'D4'},{'D7'},{'D3'},{'D1'},{'D6'},{'D2'},{'R2'},{'R3'},{'R1'},{'D5'},&,1.0,&
{'D4'},{'D7'},{'D3'},{'D1'},{'D6'},{'D2'},{'R2'},{'D5'},{'R3'},{'R1'},&,1.0,&
{'D4'},{'D7'},{'D3'},{'D1'},{'D6'},{'D2'},{'D5'},{'R3'},{'R2'},{'R1'},&,2.0,&
{'D4'},{'D7'},{'D3'},{'D1'},{'D6'},{'D2'},{'D5'},{'R2'},{'R1'},{'R3'},&,3.0,&
{'D4'},{'D7'},{'D3'},{'D1'},{'D6'},{'D2'},{'D5'},{'R1'},{'R3'},{'R2'},&,1.0,&
{'D4'},{'D7'},{'D3'},{'D1'},{'D6'},{'D2'},{'D5'},{'R1'},{'R2'},{'R3'},&,1.0,&
{'D4'},{'D7'},{'D3'},{'D5'},{'D6'},{'D1'},{'R2'},{'D2'},{'R3'},{'R1'},&,1.0,&
{'D4'},{'D7'},{'D3'},{'D5'},{'D6'},{'D1'},{'R2'},{'D2'},{'R1'},{'R3'},&,1.0,&
{'D4'},{'D7'},{'D3'},{'D5'},{'D6'},{'D1'},{'D2'},{'R3'},{'R2'},{'R1'},&,4.0,&
{'D4'},{'D7'},{'D3'},{'D5'},{'D6'},{'D1'},{'D2'},{'R2'},{'R3'},{'R1'},&,4.0,&
{'D4'},{'D7'},{'D3'},{'D5'},{'D6'},{'D1'},{'D2'},{'R2'},{'R1'},{'R3'},&,3.0,&
{'D4'},{'D7'},{'D3'},{'D5'},{'D6'},{'D1'},{'D2'},{'R1'},{'R3'},{'R2'},&,1.0,&
{'D4'},{'D7'},{'D3'},{'D5'},{'D6'},{'D1'},{'D2'},{'R1'},{'R2'},{'R3'},&,1.0,&
{'D4'},{'D7'},{'D3'},{'D5'},{'D6'},{'D1'},{'R3'},{'D2'},{'R2'},{'R1'},&,1.0,&
{'D4'},{'D7'},{'D3'},{'D5'},{'D6'},{'D2'},{'D1'},{'R1'},{'R3'},{'R2'},&,2.0,&
{'D4'},{'D7'},{'D3'},{'D5'},{'D6'},{'R1'},{'D1'},{'D2'},{'R3'},{'R2'},&,1.0,&
{'D4'},{'D7'},{'D3'},{'D5'},{'D6'},{'R3'},{'D1'},{'R1'},{'R2'},{'D2'},&,1.0,&
{'D4'},{'D7'},{'D3'},{'D6'},{'D1'},{'D5'},{'R2'},{'D2'},{'R3'},{'R1'},&,5.0,&
{'D4'},{'D7'},{'D3'},{'D6'},{'D1'},{'D5'},{'R2'},{'D2'},{'R1'},{'R3'},&,11.0,&
{'D4'},{'D7'},{'D3'},{'D6'},{'D1'},{'D5'},{'R2'},{'R3'},{'R1'},{'D2'},&,1.0,&
{'D4'},{'D7'},{'D3'},{'D6'},{'D1'},{'D5'},{'R2'},{'R3'},{'D2'},{'R1'},&,2.0,&
{'D4'},{'D7'},{'D3'},{'D6'},{'D1'},{'D5'},{'R2'},{'R1'},{'D2'},{'R3'},&,3.0,&
{'D4'},{'D7'},{'D3'},{'D6'},{'D1'},{'D5'},{'D2'},{'R3'},{'R1'},{'R2'},&,21.0,&
{'D4'},{'D7'},{'D3'},{'D6'},{'D1'},{'D5'},{'D2'},{'R3'},{'R2'},{'R1'},&,41.0,&
{'D4'},{'D7'},{'D3'},{'D6'},{'D1'},{'D5'},{'D2'},{'R2'},{'R3'},{'R1'},&,49.0,&
{'D4'},{'D7'},{'D3'},{'D6'},{'D1'},{'D5'},{'D2'},{'R2'},{'R1'},{'R3'},&,44.0,&
{'D4'},{'D7'},{'D3'},{'D6'},{'D1'},{'D5'},{'D2'},{'R1'},{'R3'},{'R2'},&,15.0,&
{'D4'},{'D7'},{'D3'},{'D6'},{'D1'},{'D5'},{'D2'},{'R1'},{'R2'},{'R3'},&,35.0,&
{'D4'},{'D7'},{'D3'},{'D6'},{'D1'},{'D5'},{'R3'},{'D2'},{'R1'},{'R2'},&,5.0,&
{'D4'},{'D7'},{'D3'},{'D6'},{'D1'},{'D5'},{'R3'},{'D2'},{'R2'},{'R1'},&,10.0,&
{'D4'},{'D7'},{'D3'},{'D6'},{'D1'},{'D5'},{'R3'},{'R2'},{'D2'},{'R1'},&,2.0,&
{'D4'},{'D7'},{'D3'},{'D6'},{'D1'},{'D5'},{'R1'},{'D2'},{'R3'},{'R2'},&,7.0,&
{'D4'},{'D7'},{'D3'},{'D6'},{'D1'},{'D5'},{'R1'},{'D2'},{'R2'},{'R3'},&,8.0,&
{'D4'},{'D7'},{'D3'},{'D6'},{'D1'},{'D5'},{'R1'},{'R3'},{'D2'},{'R2'},&,1.0,&
{'D4'},{'D7'},{'D3'},{'D6'},{'D1'},{'D5'},{'R1'},{'R3'},{'R2'},{'D2'},&,2.0,&
{'D4'},{'D7'},{'D3'},{'D6'},{'D1'},{'D5'},{'R1'},{'R2'},{'D2'},{'R3'},&,2.0,&
{'D4'},{'D7'},{'D3'},{'D6'},{'D1'},{'R2'},{'D5'},{'D2'},{'R3'},{'R1'},&,3.0,&
{'D4'},{'D7'},{'D3'},{'D6'},{'D1'},{'R2'},{'D5'},{'D2'},{'R1'},{'R3'},&,2.0,&
{'D4'},{'D7'},{'D3'},{'D6'},{'D1'},{'D2'},{'R2'},{'D5'},{'R3'},{'R1'},&,1.0,&
{'D4'},{'D7'},{'D3'},{'D6'},{'D1'},{'D2'},{'R3'},{'D5'},{'R1'},{'R2'},&,2.0,&
{'D4'},{'D7'},{'D3'},{'D6'},{'D1'},{'D2'},{'R3'},{'D5'},{'R2'},{'R1'},&,1.0,&
{'D4'},{'D7'},{'D3'},{'D6'},{'D1'},{'D2'},{'D5'},{'R3'},{'R1'},{'R2'},&,1.0,&
{'D4'},{'D7'},{'D3'},{'D6'},{'D1'},{'D2'},{'D5'},{'R3'},{'R2'},{'R1'},&,4.0,&
{'D4'},{'D7'},{'D3'},{'D6'},{'D1'},{'D2'},{'D5'},{'R2'},{'R3'},{'R1'},&,3.0,&
{'D4'},{'D7'},{'D3'},{'D6'},{'D1'},{'D2'},{'D5'},{'R2'},{'R1'},{'R3'},&,4.0,&
{'D4'},{'D7'},{'D3'},{'D6'},{'D1'},{'D2'},{'D5'},{'R1'},{'R2'},{'R3'},&,5.0,&
{'D4'},{'D7'},{'D3'},{'D6'},{'D1'},{'D2'},{'R1'},{'R2'},{'R3'},{'D5'},&,1.0,&
{'D4'},{'D7'},{'D3'},{'D6'},{'D1'},{'D2'},{'R1'},{'D5'},{'R2'},{'R3'},&,1.0,&
{'D4'},{'D7'},{'D3'},{'D6'},{'D1'},{'R1'},{'R2'},{'D5'},{'D2'},{'R3'},&,1.0,&
{'D4'},{'D7'},{'D3'},{'D6'},{'D1'},{'R1'},{'D2'},{'D5'},{'R3'},{'R2'},&,1.0,&
{'D4'},{'D7'},{'D3'},{'D6'},{'D1'},{'R1'},{'D5'},{'D2'},{'R2'},{'R3'},&,2.0,&
{'D4'},{'D7'},{'D3'},{'D6'},{'D1'},{'R1'},{'D5'},{'R2'},{'R3'},{'D2'},&,1.0,&
{'D4'},{'D7'},{'D3'},{'D6'},{'D1'},{'R3'},{'D2'},{'D5'},{'R2'},{'R1'},&,1.0,&
{'D4'},{'D7'},{'D3'},{'D6'},{'D1'},{'R3'},{'D5'},{'D2'},{'R1'},{'R2'},&,2.0,&
{'D4'},{'D7'},{'D3'},{'D6'},{'D1'},{'R3'},{'D5'},{'D2'},{'R2'},{'R1'},&,1.0,&
{'D4'},{'D7'},{'D3'},{'D6'},{'D1'},{'R3'},{'D5'},{'R1'},{'D2'},{'R2'},&,1.0,&
{'D4'},{'D7'},{'D3'},{'D6'},{'D5'},{'D1'},{'R2'},{'D2'},{'R3'},{'R1'},&,5.0,&
{'D4'},{'D7'},{'D3'},{'D6'},{'D5'},{'D1'},{'R2'},{'D2'},{'R1'},{'R3'},&,4.0,&
{'D4'},{'D7'},{'D3'},{'D6'},{'D5'},{'D1'},{'R2'},{'R3'},{'R1'},{'D2'},&,1.0,&
{'D4'},{'D7'},{'D3'},{'D6'},{'D5'},{'D1'},{'R2'},{'R1'},{'D2'},{'R3'},&,1.0,&
{'D4'},{'D7'},{'D3'},{'D6'},{'D5'},{'D1'},{'D2'},{'R3'},{'R1'},{'R2'},&,9.0,&
{'D4'},{'D7'},{'D3'},{'D6'},{'D5'},{'D1'},{'D2'},{'R3'},{'R2'},{'R1'},&,17.0,&
{'D4'},{'D7'},{'D3'},{'D6'},{'D5'},{'D1'},{'D2'},{'R2'},{'R3'},{'R1'},&,21.0,&
{'D4'},{'D7'},{'D3'},{'D6'},{'D5'},{'D1'},{'D2'},{'R2'},{'R1'},{'R3'},&,21.0,&
{'D4'},{'D7'},{'D3'},{'D6'},{'D5'},{'D1'},{'D2'},{'R1'},{'R3'},{'R2'},&,11.0,&
{'D4'},{'D7'},{'D3'},{'D6'},{'D5'},{'D1'},{'D2'},{'R1'},{'R2'},{'R3'},&,22.0,&
{'D4'},{'D7'},{'D3'},{'D6'},{'D5'},{'D1'},{'R3'},{'D2'},{'R1'},{'R2'},&,6.0,&
{'D4'},{'D7'},{'D3'},{'D6'},{'D5'},{'D1'},{'R3'},{'D2'},{'R2'},{'R1'},&,4.0,&
{'D4'},{'D7'},{'D3'},{'D6'},{'D5'},{'D1'},{'R3'},{'R2'},{'D2'},{'R1'},&,2.0,&
{'D4'},{'D7'},{'D3'},{'D6'},{'D5'},{'D1'},{'R3'},{'R1'},{'D2'},{'R2'},&,1.0,&
{'D4'},{'D7'},{'D3'},{'D6'},{'D5'},{'D1'},{'R1'},{'D2'},{'R3'},{'R2'},&,4.0,&
{'D4'},{'D7'},{'D3'},{'D6'},{'D5'},{'D1'},{'R1'},{'D2'},{'R2'},{'R3'},&,5.0,&
{'D4'},{'D7'},{'D3'},{'D6'},{'D5'},{'D1'},{'R1'},{'R3'},{'D2'},{'R2'},&,2.0,&
{'D4'},{'D7'},{'D3'},{'D6'},{'D5'},{'D1'},{'R1'},{'R2'},{'D2'},{'R3'},&,2.0,&
{'D4'},{'D7'},{'D3'},{'D6'},{'D5'},{'R2'},{'D2'},{'R3'},{'R1'},{'D1'},&,1.0,&
{'D4'},{'D7'},{'D3'},{'D6'},{'D5'},{'R2'},{'D1'},{'D2'},{'R3'},{'R1'},&,1.0,&
{'D4'},{'D7'},{'D3'},{'D6'},{'D5'},{'R2'},{'D1'},{'D2'},{'R1'},{'R3'},&,2.0,&
{'D4'},{'D7'},{'D3'},{'D6'},{'D5'},{'R2'},{'D1'},{'R3'},{'R1'},{'D2'},&,1.0,&
{'D4'},{'D7'},{'D3'},{'D6'},{'D5'},{'R2'},{'D1'},{'R1'},{'D2'},{'R3'},&,1.0,&
{'D4'},{'D7'},{'D3'},{'D6'},{'D5'},{'D2'},{'D1'},{'R3'},{'R2'},{'R1'},&,1.0,&
{'D4'},{'D7'},{'D3'},{'D6'},{'D5'},{'D2'},{'D1'},{'R2'},{'R3'},{'R1'},&,1.0,&
{'D4'},{'D7'},{'D3'},{'D6'},{'D5'},{'D2'},{'D1'},{'R2'},{'R1'},{'R3'},&,2.0,&
{'D4'},{'D7'},{'D3'},{'D6'},{'D5'},{'R1'},{'D1'},{'D2'},{'R2'},{'R3'},&,1.0,&
{'D4'},{'D7'},{'D3'},{'D6'},{'D5'},{'R3'},{'R1'},{'D1'},{'R2'},{'D2'},&,1.0,&
{'D4'},{'D7'},{'D3'},{'D6'},{'D5'},{'R3'},{'D1'},{'R2'},{'D2'},{'R1'},&,1.0,&
{'D4'},{'D7'},{'D3'},{'D6'},{'D2'},{'D5'},{'R2'},{'D1'},{'R3'},{'R1'},&,1.0,&
{'D4'},{'D7'},{'D3'},{'D6'},{'D2'},{'D5'},{'D1'},{'R2'},{'R3'},{'R1'},&,2.0,&
{'D4'},{'D7'},{'D3'},{'D6'},{'D2'},{'D5'},{'D1'},{'R1'},{'R3'},{'R2'},&,1.0,&
{'D4'},{'D7'},{'D3'},{'D6'},{'D2'},{'D5'},{'D1'},{'R1'},{'R2'},{'R3'},&,1.0,&
{'D4'},{'D7'},{'D3'},{'D6'},{'D2'},{'D1'},{'R3'},{'D5'},{'R2'},{'R1'},&,1.0,&
{'D4'},{'D7'},{'D3'},{'D6'},{'D2'},{'D1'},{'D5'},{'R3'},{'R1'},{'R2'},&,2.0,&
{'D4'},{'D7'},{'D3'},{'D6'},{'D2'},{'D1'},{'D5'},{'R2'},{'R3'},{'R1'},&,3.0,&
{'D4'},{'D7'},{'D3'},{'D6'},{'D2'},{'D1'},{'D5'},{'R2'},{'R1'},{'R3'},&,2.0,&
{'D4'},{'D7'},{'D3'},{'D6'},{'D2'},{'D1'},{'R1'},{'D5'},{'R2'},{'R3'},&,1.0,&
{'D4'},{'D7'},{'D3'},{'D6'},{'R1'},{'D5'},{'D1'},{'D2'},{'R3'},{'R2'},&,1.0,&
{'D4'},{'D7'},{'D3'},{'D6'},{'R1'},{'D5'},{'D1'},{'D2'},{'R2'},{'R3'},&,1.0,&
{'D4'},{'D7'},{'D3'},{'D6'},{'R1'},{'D5'},{'D1'},{'R2'},{'D2'},{'R3'},&,1.0,&
{'D4'},{'D7'},{'D3'},{'D6'},{'R1'},{'D1'},{'D5'},{'R3'},{'D2'},{'R2'},&,1.0,&
{'D4'},{'D7'},{'D3'},{'D6'},{'R2'},{'D5'},{'D1'},{'D2'},{'R3'},{'R1'},&,1.0,&
{'D4'},{'D7'},{'D3'},{'D6'},{'R2'},{'D1'},{'D5'},{'D2'},{'R3'},{'R1'},&,1.0,&
{'D4'},{'D7'},{'D3'},{'D6'},{'R2'},{'D1'},{'R1'},{'R3'},{'D5'},{'D2'},&,1.0,&
{'D4'},{'D7'},{'D3'},{'D6'},{'R2'},{'D2'},{'D5'},{'D1'},{'R1'},{'R3'},&,1.0,&
{'D4'},{'D7'},{'D3'},{'D6'},{'R3'},{'D1'},{'D5'},{'D2'},{'R2'},{'R1'},&,1.0,&
{'D4'},{'D7'},{'D3'},{'D2'},{'D1'},{'D6'},{'D5'},{'R1'},{'R2'},{'R3'},&,1.0,&
{'D4'},{'D7'},{'D3'},{'D2'},{'D6'},{'D5'},{'D1'},{'R1'},{'R2'},{'R3'},&,1.0,&
{'D4'},{'D7'},{'D3'},{'D2'},{'D6'},{'D1'},{'R3'},{'D5'},{'R2'},{'R1'},&,1.0,&
{'D4'},{'D7'},{'D3'},{'D2'},{'D6'},{'D1'},{'D5'},{'R3'},{'R2'},{'R1'},&,1.0,&
{'D4'},{'D7'},{'D3'},{'D2'},{'D6'},{'D1'},{'D5'},{'R2'},{'R3'},{'R1'},&,1.0,&
{'D4'},{'D7'},{'D3'},{'R2'},{'D6'},{'D5'},{'R3'},{'D1'},{'R1'},{'D2'},&,1.0,&
{'D4'},{'D7'},{'D3'},{'R2'},{'D6'},{'D5'},{'D1'},{'D2'},{'R3'},{'R1'},&,1.0,&
{'D4'},{'D7'},{'D3'},{'R1'},{'D6'},{'D5'},{'D1'},{'D2'},{'R2'},{'R3'},&,1.0,&
{'D4'},{'D7'},{'D3'},{'R1'},{'D6'},{'D1'},{'D5'},{'D2'},{'R2'},{'R3'},&,2.0,&
{'D4'},{'D7'},{'D3'},{'R1'},{'D6'},{'D2'},{'D5'},{'D1'},{'R2'},{'R3'},&,1.0,&
{'D4'},{'D7'},{'D5'},{'D1'},{'D3'},{'D6'},{'D2'},{'R2'},{'R3'},{'R1'},&,1.0,&
{'D4'},{'D7'},{'D5'},{'D1'},{'D3'},{'D6'},{'R1'},{'D2'},{'R3'},{'R2'},&,1.0,&
{'D4'},{'D7'},{'D5'},{'D1'},{'D6'},{'R2'},{'D3'},{'R3'},{'D2'},{'R1'},&,2.0,&
{'D4'},{'D7'},{'D5'},{'D1'},{'D6'},{'D3'},{'R2'},{'D2'},{'R3'},{'R1'},&,1.0,&
{'D4'},{'D7'},{'D5'},{'D1'},{'D6'},{'D3'},{'D2'},{'R3'},{'R2'},{'R1'},&,1.0,&
{'D4'},{'D7'},{'D5'},{'D1'},{'D6'},{'D3'},{'D2'},{'R1'},{'R3'},{'R2'},&,1.0,&
{'D4'},{'D7'},{'D5'},{'D1'},{'D6'},{'D3'},{'D2'},{'R1'},{'R2'},{'R3'},&,1.0,&
{'D4'},{'D7'},{'D5'},{'D1'},{'D6'},{'D3'},{'R3'},{'D2'},{'R1'},{'R2'},&,1.0,&
{'D4'},{'D7'},{'D5'},{'D1'},{'D6'},{'R3'},{'D3'},{'R1'},{'D2'},{'R2'},&,1.0,&
{'D4'},{'D7'},{'D5'},{'D6'},{'D3'},{'D1'},{'R2'},{'D2'},{'R3'},{'R1'},&,3.0,&
{'D4'},{'D7'},{'D5'},{'D6'},{'D3'},{'D1'},{'R2'},{'D2'},{'R1'},{'R3'},&,1.0,&
{'D4'},{'D7'},{'D5'},{'D6'},{'D3'},{'D1'},{'R2'},{'R3'},{'D2'},{'R1'},&,1.0,&
{'D4'},{'D7'},{'D5'},{'D6'},{'D3'},{'D1'},{'R2'},{'R1'},{'D2'},{'R3'},&,3.0,&
{'D4'},{'D7'},{'D5'},{'D6'},{'D3'},{'D1'},{'D2'},{'R3'},{'R1'},{'R2'},&,1.0,&
{'D4'},{'D7'},{'D5'},{'D6'},{'D3'},{'D1'},{'D2'},{'R3'},{'R2'},{'R1'},&,10.0,&
{'D4'},{'D7'},{'D5'},{'D6'},{'D3'},{'D1'},{'D2'},{'R2'},{'R3'},{'R1'},&,7.0,&
{'D4'},{'D7'},{'D5'},{'D6'},{'D3'},{'D1'},{'D2'},{'R2'},{'R1'},{'R3'},&,5.0,&
{'D4'},{'D7'},{'D5'},{'D6'},{'D3'},{'D1'},{'D2'},{'R1'},{'R3'},{'R2'},&,5.0,&
{'D4'},{'D7'},{'D5'},{'D6'},{'D3'},{'D1'},{'D2'},{'R1'},{'R2'},{'R3'},&,7.0,&
{'D4'},{'D7'},{'D5'},{'D6'},{'D3'},{'D1'},{'R3'},{'D2'},{'R2'},{'R1'},&,3.0,&
{'D4'},{'D7'},{'D5'},{'D6'},{'D3'},{'D1'},{'R1'},{'R2'},{'D2'},{'R3'},&,1.0,&
{'D4'},{'D7'},{'D5'},{'D6'},{'D3'},{'R2'},{'D1'},{'D2'},{'R1'},{'R3'},&,1.0,&
{'D4'},{'D7'},{'D5'},{'D6'},{'D3'},{'D2'},{'D1'},{'R2'},{'R1'},{'R3'},&,1.0,&
{'D4'},{'D7'},{'D5'},{'D6'},{'D1'},{'D3'},{'R2'},{'D2'},{'R3'},{'R1'},&,1.0,&
{'D4'},{'D7'},{'D5'},{'D6'},{'D1'},{'D3'},{'R2'},{'R3'},{'R1'},{'D2'},&,1.0,&
{'D4'},{'D7'},{'D5'},{'D6'},{'D1'},{'D3'},{'D2'},{'R2'},{'R1'},{'R3'},&,3.0,&
{'D4'},{'D7'},{'D5'},{'D6'},{'D1'},{'D3'},{'D2'},{'R1'},{'R3'},{'R2'},&,4.0,&
{'D4'},{'D7'},{'D5'},{'D6'},{'D1'},{'D3'},{'D2'},{'R1'},{'R2'},{'R3'},&,3.0,&
{'D4'},{'D7'},{'D5'},{'D6'},{'D1'},{'D2'},{'R2'},{'D3'},{'R1'},{'R3'},&,1.0,&
{'D4'},{'D7'},{'D5'},{'D6'},{'D1'},{'R1'},{'D3'},{'D2'},{'R3'},{'R2'},&,1.0,&
{'D4'},{'D7'},{'D5'},{'D6'},{'D2'},{'D3'},{'D1'},{'R2'},{'R3'},{'R1'},&,1.0,&
{'D4'},{'D7'},{'D5'},{'D6'},{'R2'},{'D3'},{'R3'},{'D1'},{'R1'},{'D2'},&,1.0,&
{'D4'},{'D7'},{'D5'},{'D3'},{'D1'},{'R3'},{'D6'},{'D2'},{'R2'},{'R1'},&,1.0,&
{'D4'},{'D7'},{'D5'},{'D3'},{'D1'},{'D6'},{'D2'},{'R3'},{'R1'},{'R2'},&,1.0,&
{'D4'},{'D7'},{'D5'},{'D3'},{'D1'},{'D6'},{'D2'},{'R2'},{'R1'},{'R3'},&,1.0,&
{'D4'},{'D7'},{'D5'},{'D3'},{'D6'},{'D1'},{'R2'},{'D2'},{'R3'},{'R1'},&,1.0,&
{'D4'},{'D7'},{'D5'},{'D3'},{'D6'},{'D1'},{'R2'},{'D2'},{'R1'},{'R3'},&,1.0,&
{'D4'},{'D7'},{'D5'},{'D3'},{'D6'},{'D1'},{'D2'},{'R3'},{'R1'},{'R2'},&,5.0,&
{'D4'},{'D7'},{'D5'},{'D3'},{'D6'},{'D1'},{'D2'},{'R3'},{'R2'},{'R1'},&,3.0,&
{'D4'},{'D7'},{'D5'},{'D3'},{'D6'},{'D1'},{'D2'},{'R2'},{'R3'},{'R1'},&,3.0,&
{'D4'},{'D7'},{'D5'},{'D3'},{'D6'},{'D1'},{'D2'},{'R2'},{'R1'},{'R3'},&,6.0,&
{'D4'},{'D7'},{'D5'},{'D3'},{'D6'},{'D1'},{'D2'},{'R1'},{'R2'},{'R3'},&,2.0,&
{'D4'},{'D7'},{'D5'},{'D3'},{'D6'},{'D1'},{'R1'},{'D2'},{'R2'},{'R3'},&,2.0,&
{'D4'},{'D7'},{'D5'},{'D3'},{'D6'},{'D1'},{'R1'},{'R2'},{'D2'},{'R3'},&,2.0,&
{'D4'},{'D7'},{'D5'},{'R3'},{'D6'},{'D3'},{'D2'},{'D1'},{'R1'},{'R2'},&,1.0,&
{'D4'},{'D7'},{'D6'},{'D1'},{'D3'},{'D5'},{'R2'},{'D2'},{'R3'},{'R1'},&,10.0,&
{'D4'},{'D7'},{'D6'},{'D1'},{'D3'},{'D5'},{'R2'},{'D2'},{'R1'},{'R3'},&,4.0,&
{'D4'},{'D7'},{'D6'},{'D1'},{'D3'},{'D5'},{'R2'},{'R3'},{'D2'},{'R1'},&,2.0,&
{'D4'},{'D7'},{'D6'},{'D1'},{'D3'},{'D5'},{'D2'},{'R3'},{'R1'},{'R2'},&,16.0,&
{'D4'},{'D7'},{'D6'},{'D1'},{'D3'},{'D5'},{'D2'},{'R3'},{'R2'},{'R1'},&,24.0,&
{'D4'},{'D7'},{'D6'},{'D1'},{'D3'},{'D5'},{'D2'},{'R2'},{'R3'},{'R1'},&,23.0,&
{'D4'},{'D7'},{'D6'},{'D1'},{'D3'},{'D5'},{'D2'},{'R2'},{'R1'},{'R3'},&,36.0,&
{'D4'},{'D7'},{'D6'},{'D1'},{'D3'},{'D5'},{'D2'},{'R1'},{'R3'},{'R2'},&,17.0,&
{'D4'},{'D7'},{'D6'},{'D1'},{'D3'},{'D5'},{'D2'},{'R1'},{'R2'},{'R3'},&,24.0,&
{'D4'},{'D7'},{'D6'},{'D1'},{'D3'},{'D5'},{'R3'},{'D2'},{'R1'},{'R2'},&,4.0,&
{'D4'},{'D7'},{'D6'},{'D1'},{'D3'},{'D5'},{'R3'},{'D2'},{'R2'},{'R1'},&,6.0,&
{'D4'},{'D7'},{'D6'},{'D1'},{'D3'},{'D5'},{'R3'},{'R2'},{'R1'},{'D2'},&,1.0,&
{'D4'},{'D7'},{'D6'},{'D1'},{'D3'},{'D5'},{'R3'},{'R2'},{'D2'},{'R1'},&,2.0,&
{'D4'},{'D7'},{'D6'},{'D1'},{'D3'},{'D5'},{'R3'},{'R1'},{'D2'},{'R2'},&,2.0,&
{'D4'},{'D7'},{'D6'},{'D1'},{'D3'},{'D5'},{'R1'},{'D2'},{'R3'},{'R2'},&,4.0,&
{'D4'},{'D7'},{'D6'},{'D1'},{'D3'},{'D5'},{'R1'},{'D2'},{'R2'},{'R3'},&,2.0,&
{'D4'},{'D7'},{'D6'},{'D1'},{'D3'},{'D5'},{'R1'},{'R3'},{'D2'},{'R2'},&,1.0,&
{'D4'},{'D7'},{'D6'},{'D1'},{'D3'},{'D5'},{'R1'},{'R2'},{'D2'},{'R3'},&,1.0,&
{'D4'},{'D7'},{'D6'},{'D1'},{'D3'},{'R2'},{'D5'},{'D2'},{'R3'},{'R1'},&,2.0,&
{'D4'},{'D7'},{'D6'},{'D1'},{'D3'},{'R2'},{'D5'},{'D2'},{'R1'},{'R3'},&,5.0,&
{'D4'},{'D7'},{'D6'},{'D1'},{'D3'},{'R2'},{'D5'},{'R3'},{'D2'},{'R1'},&,1.0,&
{'D4'},{'D7'},{'D6'},{'D1'},{'D3'},{'R2'},{'R1'},{'D5'},{'D2'},{'R3'},&,2.0,&
{'D4'},{'D7'},{'D6'},{'D1'},{'D3'},{'D2'},{'R3'},{'D5'},{'R2'},{'R1'},&,1.0,&
{'D4'},{'D7'},{'D6'},{'D1'},{'D3'},{'D2'},{'D5'},{'R3'},{'R1'},{'R2'},&,2.0,&
{'D4'},{'D7'},{'D6'},{'D1'},{'D3'},{'D2'},{'D5'},{'R3'},{'R2'},{'R1'},&,1.0,&
{'D4'},{'D7'},{'D6'},{'D1'},{'D3'},{'D2'},{'D5'},{'R2'},{'R3'},{'R1'},&,4.0,&
{'D4'},{'D7'},{'D6'},{'D1'},{'D3'},{'D2'},{'D5'},{'R2'},{'R1'},{'R3'},&,1.0,&
{'D4'},{'D7'},{'D6'},{'D1'},{'D3'},{'D2'},{'D5'},{'R1'},{'R3'},{'R2'},&,2.0,&
{'D4'},{'D7'},{'D6'},{'D1'},{'D3'},{'D2'},{'D5'},{'R1'},{'R2'},{'R3'},&,3.0,&
{'D4'},{'D7'},{'D6'},{'D1'},{'D3'},{'D2'},{'R1'},{'R2'},{'R3'},{'D5'},&,1.0,&
{'D4'},{'D7'},{'D6'},{'D1'},{'D3'},{'D2'},{'R1'},{'D5'},{'R3'},{'R2'},&,1.0,&
{'D4'},{'D7'},{'D6'},{'D1'},{'D3'},{'R1'},{'D5'},{'D2'},{'R3'},{'R2'},&,1.0,&
{'D4'},{'D7'},{'D6'},{'D1'},{'D3'},{'R1'},{'D5'},{'D2'},{'R2'},{'R3'},&,1.0,&
{'D4'},{'D7'},{'D6'},{'D1'},{'D3'},{'R1'},{'D5'},{'R2'},{'D2'},{'R3'},&,1.0,&
{'D4'},{'D7'},{'D6'},{'D1'},{'D3'},{'R3'},{'D5'},{'D2'},{'R1'},{'R2'},&,1.0,&
{'D4'},{'D7'},{'D6'},{'D1'},{'D3'},{'R3'},{'D5'},{'D2'},{'R2'},{'R1'},&,1.0,&
{'D4'},{'D7'},{'D6'},{'D1'},{'D5'},{'R2'},{'R3'},{'D3'},{'D2'},{'R1'},&,1.0,&
{'D4'},{'D7'},{'D6'},{'D1'},{'D5'},{'R2'},{'D3'},{'D2'},{'R3'},{'R1'},&,2.0,&
{'D4'},{'D7'},{'D6'},{'D1'},{'D5'},{'D3'},{'R2'},{'D2'},{'R1'},{'R3'},&,2.0,&
{'D4'},{'D7'},{'D6'},{'D1'},{'D5'},{'D3'},{'D2'},{'R3'},{'R1'},{'R2'},&,3.0,&
{'D4'},{'D7'},{'D6'},{'D1'},{'D5'},{'D3'},{'D2'},{'R3'},{'R2'},{'R1'},&,4.0,&
{'D4'},{'D7'},{'D6'},{'D1'},{'D5'},{'D3'},{'D2'},{'R2'},{'R3'},{'R1'},&,5.0,&
{'D4'},{'D7'},{'D6'},{'D1'},{'D5'},{'D3'},{'D2'},{'R2'},{'R1'},{'R3'},&,7.0,&
{'D4'},{'D7'},{'D6'},{'D1'},{'D5'},{'D3'},{'D2'},{'R1'},{'R3'},{'R2'},&,1.0,&
{'D4'},{'D7'},{'D6'},{'D1'},{'D5'},{'D3'},{'D2'},{'R1'},{'R2'},{'R3'},&,7.0,&
{'D4'},{'D7'},{'D6'},{'D1'},{'D5'},{'D3'},{'R3'},{'D2'},{'R1'},{'R2'},&,1.0,&
{'D4'},{'D7'},{'D6'},{'D1'},{'D5'},{'D3'},{'R3'},{'D2'},{'R2'},{'R1'},&,1.0,&
{'D4'},{'D7'},{'D6'},{'D1'},{'D5'},{'D3'},{'R3'},{'R2'},{'R1'},{'D2'},&,1.0,&
{'D4'},{'D7'},{'D6'},{'D1'},{'D5'},{'D3'},{'R1'},{'D2'},{'R2'},{'R3'},&,1.0,&
{'D4'},{'D7'},{'D6'},{'D1'},{'D5'},{'D3'},{'R1'},{'R3'},{'R2'},{'D2'},&,1.0,&
{'D4'},{'D7'},{'D6'},{'D1'},{'D5'},{'R1'},{'R2'},{'D3'},{'D2'},{'R3'},&,1.0,&
{'D4'},{'D7'},{'D6'},{'D1'},{'D2'},{'D3'},{'D5'},{'R3'},{'R2'},{'R1'},&,1.0,&
{'D4'},{'D7'},{'D6'},{'D1'},{'D2'},{'D3'},{'R1'},{'D5'},{'R3'},{'R2'},&,1.0,&
{'D4'},{'D7'},{'D6'},{'D1'},{'D2'},{'R3'},{'D3'},{'D5'},{'R1'},{'R2'},&,1.0,&
{'D4'},{'D7'},{'D6'},{'D1'},{'R1'},{'D3'},{'D5'},{'D2'},{'R2'},{'R3'},&,2.0,&
{'D4'},{'D7'},{'D6'},{'D1'},{'R1'},{'D3'},{'D5'},{'R2'},{'R3'},{'D2'},&,1.0,&
{'D4'},{'D7'},{'D6'},{'D1'},{'R3'},{'D3'},{'D5'},{'R1'},{'D2'},{'R2'},&,1.0,&
{'D4'},{'D7'},{'D6'},{'D1'},{'R3'},{'D3'},{'R1'},{'D5'},{'R2'},{'D2'},&,1.0,&
{'D4'},{'D7'},{'D6'},{'D1'},{'R3'},{'D2'},{'D3'},{'R1'},{'D5'},{'R2'},&,1.0,&
{'D4'},{'D7'},{'D6'},{'D5'},{'D3'},{'D1'},{'R2'},{'D2'},{'R3'},{'R1'},&,3.0,&
{'D4'},{'D7'},{'D6'},{'D5'},{'D3'},{'D1'},{'R2'},{'D2'},{'R1'},{'R3'},&,5.0,&
{'D4'},{'D7'},{'D6'},{'D5'},{'D3'},{'D1'},{'R2'},{'R3'},{'D2'},{'R1'},&,1.0,&
{'D4'},{'D7'},{'D6'},{'D5'},{'D3'},{'D1'},{'R2'},{'R1'},{'D2'},{'R3'},&,1.0,&
{'D4'},{'D7'},{'D6'},{'D5'},{'D3'},{'D1'},{'D2'},{'R3'},{'R1'},{'R2'},&,8.0,&
{'D4'},{'D7'},{'D6'},{'D5'},{'D3'},{'D1'},{'D2'},{'R3'},{'R2'},{'R1'},&,13.0,&
{'D4'},{'D7'},{'D6'},{'D5'},{'D3'},{'D1'},{'D2'},{'R2'},{'R3'},{'R1'},&,17.0,&
{'D4'},{'D7'},{'D6'},{'D5'},{'D3'},{'D1'},{'D2'},{'R2'},{'R1'},{'R3'},&,18.0,&
{'D4'},{'D7'},{'D6'},{'D5'},{'D3'},{'D1'},{'D2'},{'R1'},{'R3'},{'R2'},&,10.0,&
{'D4'},{'D7'},{'D6'},{'D5'},{'D3'},{'D1'},{'D2'},{'R1'},{'R2'},{'R3'},&,13.0,&
{'D4'},{'D7'},{'D6'},{'D5'},{'D3'},{'D1'},{'R3'},{'D2'},{'R1'},{'R2'},&,2.0,&
{'D4'},{'D7'},{'D6'},{'D5'},{'D3'},{'D1'},{'R3'},{'D2'},{'R2'},{'R1'},&,2.0,&
{'D4'},{'D7'},{'D6'},{'D5'},{'D3'},{'D1'},{'R3'},{'R1'},{'D2'},{'R2'},&,1.0,&
{'D4'},{'D7'},{'D6'},{'D5'},{'D3'},{'D1'},{'R1'},{'D2'},{'R2'},{'R3'},&,1.0,&
{'D4'},{'D7'},{'D6'},{'D5'},{'D3'},{'R2'},{'D2'},{'R1'},{'D1'},{'R3'},&,1.0,&
{'D4'},{'D7'},{'D6'},{'D5'},{'D3'},{'R2'},{'D1'},{'D2'},{'R3'},{'R1'},&,1.0,&
{'D4'},{'D7'},{'D6'},{'D5'},{'D3'},{'R2'},{'D1'},{'D2'},{'R1'},{'R3'},&,4.0,&
{'D4'},{'D7'},{'D6'},{'D5'},{'D3'},{'R2'},{'D1'},{'R3'},{'D2'},{'R1'},&,1.0,&
{'D4'},{'D7'},{'D6'},{'D5'},{'D3'},{'R2'},{'D1'},{'R1'},{'D2'},{'R3'},&,1.0,&
{'D4'},{'D7'},{'D6'},{'D5'},{'D3'},{'D2'},{'R2'},{'R1'},{'D1'},{'R3'},&,1.0,&
{'D4'},{'D7'},{'D6'},{'D5'},{'D3'},{'D2'},{'R2'},{'D1'},{'R3'},{'R1'},&,2.0,&
{'D4'},{'D7'},{'D6'},{'D5'},{'D3'},{'D2'},{'R1'},{'D1'},{'R2'},{'R3'},&,1.0,&
{'D4'},{'D7'},{'D6'},{'D5'},{'D3'},{'D2'},{'D1'},{'R3'},{'R2'},{'R1'},&,2.0,&
{'D4'},{'D7'},{'D6'},{'D5'},{'D3'},{'D2'},{'D1'},{'R2'},{'R1'},{'R3'},&,1.0,&
{'D4'},{'D7'},{'D6'},{'D5'},{'D3'},{'R1'},{'D1'},{'D2'},{'R3'},{'R2'},&,1.0,&
{'D4'},{'D7'},{'D6'},{'D5'},{'D1'},{'R2'},{'D3'},{'D2'},{'R3'},{'R1'},&,1.0,&
{'D4'},{'D7'},{'D6'},{'D5'},{'D1'},{'R2'},{'D3'},{'D2'},{'R1'},{'R3'},&,1.0,&
{'D4'},{'D7'},{'D6'},{'D5'},{'D1'},{'D3'},{'R2'},{'D2'},{'R3'},{'R1'},&,1.0,&
{'D4'},{'D7'},{'D6'},{'D5'},{'D1'},{'D3'},{'R2'},{'D2'},{'R1'},{'R3'},&,1.0,&
{'D4'},{'D7'},{'D6'},{'D5'},{'D1'},{'D3'},{'R2'},{'R1'},{'D2'},{'R3'},&,1.0,&
{'D4'},{'D7'},{'D6'},{'D5'},{'D1'},{'D3'},{'D2'},{'R3'},{'R1'},{'R2'},&,2.0,&
{'D4'},{'D7'},{'D6'},{'D5'},{'D1'},{'D3'},{'D2'},{'R3'},{'R2'},{'R1'},&,5.0,&
{'D4'},{'D7'},{'D6'},{'D5'},{'D1'},{'D3'},{'D2'},{'R2'},{'R3'},{'R1'},&,2.0,&
{'D4'},{'D7'},{'D6'},{'D5'},{'D1'},{'D3'},{'D2'},{'R2'},{'R1'},{'R3'},&,4.0,&
{'D4'},{'D7'},{'D6'},{'D5'},{'D1'},{'D3'},{'D2'},{'R1'},{'R3'},{'R2'},&,4.0,&
{'D4'},{'D7'},{'D6'},{'D5'},{'D1'},{'D3'},{'D2'},{'R1'},{'R2'},{'R3'},&,4.0,&
{'D4'},{'D7'},{'D6'},{'D5'},{'D1'},{'D3'},{'R3'},{'D2'},{'R1'},{'R2'},&,1.0,&
{'D4'},{'D7'},{'D6'},{'D5'},{'D1'},{'D3'},{'R3'},{'D2'},{'R2'},{'R1'},&,1.0,&
{'D4'},{'D7'},{'D6'},{'D5'},{'D1'},{'D3'},{'R3'},{'R2'},{'D2'},{'R1'},&,2.0,&
{'D4'},{'D7'},{'D6'},{'D5'},{'D1'},{'R1'},{'D3'},{'D2'},{'R3'},{'R2'},&,1.0,&
{'D4'},{'D7'},{'D6'},{'D5'},{'D1'},{'R3'},{'D3'},{'D2'},{'R2'},{'R1'},&,1.0,&
{'D4'},{'D7'},{'D6'},{'D5'},{'D2'},{'D3'},{'R2'},{'R3'},{'D1'},{'R1'},&,1.0,&
{'D4'},{'D7'},{'D6'},{'D5'},{'D2'},{'D3'},{'D1'},{'R1'},{'R2'},{'R3'},&,1.0,&
{'D4'},{'D7'},{'D6'},{'D5'},{'R2'},{'D1'},{'D3'},{'D2'},{'R1'},{'R3'},&,1.0,&
{'D4'},{'D7'},{'D6'},{'D5'},{'R3'},{'D3'},{'D2'},{'D1'},{'R2'},{'R1'},&,1.0,&
{'D4'},{'D7'},{'D6'},{'D5'},{'R3'},{'D2'},{'D1'},{'D3'},{'R2'},{'R1'},&,1.0,&
{'D4'},{'D7'},{'D6'},{'D3'},{'D1'},{'D5'},{'R2'},{'D2'},{'R3'},{'R1'},&,24.0,&
{'D4'},{'D7'},{'D6'},{'D3'},{'D1'},{'D5'},{'R2'},{'D2'},{'R1'},{'R3'},&,31.0,&
{'D4'},{'D7'},{'D6'},{'D3'},{'D1'},{'D5'},{'R2'},{'R3'},{'R1'},{'D2'},&,1.0,&
{'D4'},{'D7'},{'D6'},{'D3'},{'D1'},{'D5'},{'R2'},{'R3'},{'D2'},{'R1'},&,5.0,&
{'D4'},{'D7'},{'D6'},{'D3'},{'D1'},{'D5'},{'R2'},{'R1'},{'D2'},{'R3'},&,4.0,&
{'D4'},{'D7'},{'D6'},{'D3'},{'D1'},{'D5'},{'D2'},{'R3'},{'R1'},{'R2'},&,37.0,&
{'D4'},{'D7'},{'D6'},{'D3'},{'D1'},{'D5'},{'D2'},{'R3'},{'R2'},{'R1'},&,69.0,&
{'D4'},{'D7'},{'D6'},{'D3'},{'D1'},{'D5'},{'D2'},{'R2'},{'R3'},{'R1'},&,103.0,&
{'D4'},{'D7'},{'D6'},{'D3'},{'D1'},{'D5'},{'D2'},{'R2'},{'R1'},{'R3'},&,71.0,&
{'D4'},{'D7'},{'D6'},{'D3'},{'D1'},{'D5'},{'D2'},{'R1'},{'R3'},{'R2'},&,39.0,&
{'D4'},{'D7'},{'D6'},{'D3'},{'D1'},{'D5'},{'D2'},{'R1'},{'R2'},{'R3'},&,49.0,&
{'D4'},{'D7'},{'D6'},{'D3'},{'D1'},{'D5'},{'R3'},{'D2'},{'R1'},{'R2'},&,12.0,&
{'D4'},{'D7'},{'D6'},{'D3'},{'D1'},{'D5'},{'R3'},{'D2'},{'R2'},{'R1'},&,14.0,&
{'D4'},{'D7'},{'D6'},{'D3'},{'D1'},{'D5'},{'R3'},{'R2'},{'D2'},{'R1'},&,3.0,&
{'D4'},{'D7'},{'D6'},{'D3'},{'D1'},{'D5'},{'R3'},{'R1'},{'D2'},{'R2'},&,2.0,&
{'D4'},{'D7'},{'D6'},{'D3'},{'D1'},{'D5'},{'R3'},{'R1'},{'R2'},{'D2'},&,1.0,&
{'D4'},{'D7'},{'D6'},{'D3'},{'D1'},{'D5'},{'R1'},{'D2'},{'R3'},{'R2'},&,3.0,&
{'D4'},{'D7'},{'D6'},{'D3'},{'D1'},{'D5'},{'R1'},{'D2'},{'R2'},{'R3'},&,11.0,&
{'D4'},{'D7'},{'D6'},{'D3'},{'D1'},{'D5'},{'R1'},{'R3'},{'D2'},{'R2'},&,3.0,&
{'D4'},{'D7'},{'D6'},{'D3'},{'D1'},{'D5'},{'R1'},{'R3'},{'R2'},{'D2'},&,2.0,&
{'D4'},{'D7'},{'D6'},{'D3'},{'D1'},{'D5'},{'R1'},{'R2'},{'R3'},{'D2'},&,1.0,&
{'D4'},{'D7'},{'D6'},{'D3'},{'D1'},{'D5'},{'R1'},{'R2'},{'D2'},{'R3'},&,1.0,&
{'D4'},{'D7'},{'D6'},{'D3'},{'D1'},{'R2'},{'D5'},{'D2'},{'R3'},{'R1'},&,1.0,&
{'D4'},{'D7'},{'D6'},{'D3'},{'D1'},{'R2'},{'D5'},{'D2'},{'R1'},{'R3'},&,4.0,&
{'D4'},{'D7'},{'D6'},{'D3'},{'D1'},{'R2'},{'D5'},{'R3'},{'D2'},{'R1'},&,1.0,&
{'D4'},{'D7'},{'D6'},{'D3'},{'D1'},{'R2'},{'D5'},{'R1'},{'D2'},{'R3'},&,5.0,&
{'D4'},{'D7'},{'D6'},{'D3'},{'D1'},{'D2'},{'R2'},{'R3'},{'D5'},{'R1'},&,1.0,&
{'D4'},{'D7'},{'D6'},{'D3'},{'D1'},{'D2'},{'R2'},{'D5'},{'R3'},{'R1'},&,4.0,&
{'D4'},{'D7'},{'D6'},{'D3'},{'D1'},{'D2'},{'R3'},{'D5'},{'R2'},{'R1'},&,3.0,&
{'D4'},{'D7'},{'D6'},{'D3'},{'D1'},{'D2'},{'D5'},{'R3'},{'R1'},{'R2'},&,5.0,&
{'D4'},{'D7'},{'D6'},{'D3'},{'D1'},{'D2'},{'D5'},{'R3'},{'R2'},{'R1'},&,4.0,&
{'D4'},{'D7'},{'D6'},{'D3'},{'D1'},{'D2'},{'D5'},{'R2'},{'R3'},{'R1'},&,9.0,&
{'D4'},{'D7'},{'D6'},{'D3'},{'D1'},{'D2'},{'D5'},{'R2'},{'R1'},{'R3'},&,6.0,&
{'D4'},{'D7'},{'D6'},{'D3'},{'D1'},{'D2'},{'D5'},{'R1'},{'R3'},{'R2'},&,4.0,&
{'D4'},{'D7'},{'D6'},{'D3'},{'D1'},{'D2'},{'D5'},{'R1'},{'R2'},{'R3'},&,4.0,&
{'D4'},{'D7'},{'D6'},{'D3'},{'D1'},{'D2'},{'R1'},{'D5'},{'R3'},{'R2'},&,2.0,&
{'D4'},{'D7'},{'D6'},{'D3'},{'D1'},{'R1'},{'R3'},{'D5'},{'D2'},{'R2'},&,1.0,&
{'D4'},{'D7'},{'D6'},{'D3'},{'D1'},{'R1'},{'R3'},{'D5'},{'R2'},{'D2'},&,1.0,&
{'D4'},{'D7'},{'D6'},{'D3'},{'D1'},{'R1'},{'D5'},{'D2'},{'R3'},{'R2'},&,1.0,&
{'D4'},{'D7'},{'D6'},{'D3'},{'D1'},{'R1'},{'D5'},{'D2'},{'R2'},{'R3'},&,4.0,&
{'D4'},{'D7'},{'D6'},{'D3'},{'D1'},{'R1'},{'D5'},{'R3'},{'R2'},{'D2'},&,1.0,&
{'D4'},{'D7'},{'D6'},{'D3'},{'D1'},{'R1'},{'D5'},{'R2'},{'D2'},{'R3'},&,2.0,&
{'D4'},{'D7'},{'D6'},{'D3'},{'D1'},{'R3'},{'D2'},{'D5'},{'R2'},{'R1'},&,1.0,&
{'D4'},{'D7'},{'D6'},{'D3'},{'D1'},{'R3'},{'D5'},{'D2'},{'R2'},{'R1'},&,4.0,&
{'D4'},{'D7'},{'D6'},{'D3'},{'D1'},{'R3'},{'D5'},{'R2'},{'D2'},{'R1'},&,1.0,&
{'D4'},{'D7'},{'D6'},{'D3'},{'D1'},{'R3'},{'D5'},{'R1'},{'D2'},{'R2'},&,2.0,&
{'D4'},{'D7'},{'D6'},{'D3'},{'D5'},{'D1'},{'R2'},{'D2'},{'R3'},{'R1'},&,13.0,&
{'D4'},{'D7'},{'D6'},{'D3'},{'D5'},{'D1'},{'R2'},{'D2'},{'R1'},{'R3'},&,13.0,&
{'D4'},{'D7'},{'D6'},{'D3'},{'D5'},{'D1'},{'R2'},{'R3'},{'R1'},{'D2'},&,2.0,&
{'D4'},{'D7'},{'D6'},{'D3'},{'D5'},{'D1'},{'R2'},{'R3'},{'D2'},{'R1'},&,5.0,&
{'D4'},{'D7'},{'D6'},{'D3'},{'D5'},{'D1'},{'R2'},{'R1'},{'R3'},{'D2'},&,3.0,&
{'D4'},{'D7'},{'D6'},{'D3'},{'D5'},{'D1'},{'R2'},{'R1'},{'D2'},{'R3'},&,1.0,&
{'D4'},{'D7'},{'D6'},{'D3'},{'D5'},{'D1'},{'D2'},{'R3'},{'R1'},{'R2'},&,22.0,&
{'D4'},{'D7'},{'D6'},{'D3'},{'D5'},{'D1'},{'D2'},{'R3'},{'R2'},{'R1'},&,47.0,&
{'D4'},{'D7'},{'D6'},{'D3'},{'D5'},{'D1'},{'D2'},{'R2'},{'R3'},{'R1'},&,47.0,&
{'D4'},{'D7'},{'D6'},{'D3'},{'D5'},{'D1'},{'D2'},{'R2'},{'R1'},{'R3'},&,46.0,&
{'D4'},{'D7'},{'D6'},{'D3'},{'D5'},{'D1'},{'D2'},{'R1'},{'R3'},{'R2'},&,19.0,&
{'D4'},{'D7'},{'D6'},{'D3'},{'D5'},{'D1'},{'D2'},{'R1'},{'R2'},{'R3'},&,31.0,&
{'D4'},{'D7'},{'D6'},{'D3'},{'D5'},{'D1'},{'R3'},{'D2'},{'R1'},{'R2'},&,3.0,&
{'D4'},{'D7'},{'D6'},{'D3'},{'D5'},{'D1'},{'R3'},{'D2'},{'R2'},{'R1'},&,13.0,&
{'D4'},{'D7'},{'D6'},{'D3'},{'D5'},{'D1'},{'R3'},{'R2'},{'R1'},{'D2'},&,3.0,&
{'D4'},{'D7'},{'D6'},{'D3'},{'D5'},{'D1'},{'R3'},{'R1'},{'D2'},{'R2'},&,1.0,&
{'D4'},{'D7'},{'D6'},{'D3'},{'D5'},{'D1'},{'R3'},{'R1'},{'R2'},{'D2'},&,1.0,&
{'D4'},{'D7'},{'D6'},{'D3'},{'D5'},{'D1'},{'R1'},{'D2'},{'R3'},{'R2'},&,4.0,&
{'D4'},{'D7'},{'D6'},{'D3'},{'D5'},{'D1'},{'R1'},{'D2'},{'R2'},{'R3'},&,7.0,&
{'D4'},{'D7'},{'D6'},{'D3'},{'D5'},{'D1'},{'R1'},{'R3'},{'D2'},{'R2'},&,1.0,&
{'D4'},{'D7'},{'D6'},{'D3'},{'D5'},{'D1'},{'R1'},{'R2'},{'R3'},{'D2'},&,1.0,&
{'D4'},{'D7'},{'D6'},{'D3'},{'D5'},{'D1'},{'R1'},{'R2'},{'D2'},{'R3'},&,2.0,&
{'D4'},{'D7'},{'D6'},{'D3'},{'D5'},{'R2'},{'D1'},{'D2'},{'R3'},{'R1'},&,5.0,&
{'D4'},{'D7'},{'D6'},{'D3'},{'D5'},{'R2'},{'D1'},{'D2'},{'R1'},{'R3'},&,2.0,&
{'D4'},{'D7'},{'D6'},{'D3'},{'D5'},{'R2'},{'D1'},{'R3'},{'D2'},{'R1'},&,1.0,&
{'D4'},{'D7'},{'D6'},{'D3'},{'D5'},{'D2'},{'R2'},{'D1'},{'R3'},{'R1'},&,1.0,&
{'D4'},{'D7'},{'D6'},{'D3'},{'D5'},{'D2'},{'R2'},{'D1'},{'R1'},{'R3'},&,1.0,&
{'D4'},{'D7'},{'D6'},{'D3'},{'D5'},{'D2'},{'R3'},{'D1'},{'R2'},{'R1'},&,1.0,&
{'D4'},{'D7'},{'D6'},{'D3'},{'D5'},{'D2'},{'D1'},{'R3'},{'R1'},{'R2'},&,1.0,&
{'D4'},{'D7'},{'D6'},{'D3'},{'D5'},{'D2'},{'D1'},{'R2'},{'R3'},{'R1'},&,6.0,&
{'D4'},{'D7'},{'D6'},{'D3'},{'D5'},{'D2'},{'D1'},{'R2'},{'R1'},{'R3'},&,3.0,&
{'D4'},{'D7'},{'D6'},{'D3'},{'D5'},{'D2'},{'D1'},{'R1'},{'R2'},{'R3'},&,3.0,&
{'D4'},{'D7'},{'D6'},{'D3'},{'D5'},{'R1'},{'D1'},{'D2'},{'R2'},{'R3'},&,1.0,&
{'D4'},{'D7'},{'D6'},{'D3'},{'D5'},{'R1'},{'D1'},{'R2'},{'D2'},{'R3'},&,1.0,&
{'D4'},{'D7'},{'D6'},{'D3'},{'D5'},{'R3'},{'R2'},{'R1'},{'D1'},{'D2'},&,1.0,&
{'D4'},{'D7'},{'D6'},{'D3'},{'D5'},{'R3'},{'D1'},{'D2'},{'R1'},{'R2'},&,1.0,&
{'D4'},{'D7'},{'D6'},{'D3'},{'D5'},{'R3'},{'D1'},{'D2'},{'R2'},{'R1'},&,2.0,&
{'D4'},{'D7'},{'D6'},{'D3'},{'D5'},{'R3'},{'D1'},{'R2'},{'D2'},{'R1'},&,1.0,&
{'D4'},{'D7'},{'D6'},{'D3'},{'D5'},{'R3'},{'D1'},{'R1'},{'D2'},{'R2'},&,1.0,&
{'D4'},{'D7'},{'D6'},{'D3'},{'D2'},{'D5'},{'R2'},{'R3'},{'R1'},{'D1'},&,1.0,&
{'D4'},{'D7'},{'D6'},{'D3'},{'D2'},{'D5'},{'R3'},{'R2'},{'D1'},{'R1'},&,1.0,&
{'D4'},{'D7'},{'D6'},{'D3'},{'D2'},{'D5'},{'R1'},{'R3'},{'D1'},{'R2'},&,1.0,&
{'D4'},{'D7'},{'D6'},{'D3'},{'D2'},{'D5'},{'D1'},{'R3'},{'R1'},{'R2'},&,1.0,&
{'D4'},{'D7'},{'D6'},{'D3'},{'D2'},{'D5'},{'D1'},{'R2'},{'R3'},{'R1'},&,4.0,&
{'D4'},{'D7'},{'D6'},{'D3'},{'D2'},{'D5'},{'D1'},{'R1'},{'R3'},{'R2'},&,1.0,&
{'D4'},{'D7'},{'D6'},{'D3'},{'D2'},{'D1'},{'R3'},{'R2'},{'D5'},{'R1'},&,1.0,&
{'D4'},{'D7'},{'D6'},{'D3'},{'D2'},{'D1'},{'R3'},{'D5'},{'R1'},{'R2'},&,1.0,&
{'D4'},{'D7'},{'D6'},{'D3'},{'D2'},{'D1'},{'R3'},{'D5'},{'R2'},{'R1'},&,2.0,&
{'D4'},{'D7'},{'D6'},{'D3'},{'D2'},{'D1'},{'D5'},{'R3'},{'R2'},{'R1'},&,4.0,&
{'D4'},{'D7'},{'D6'},{'D3'},{'D2'},{'D1'},{'D5'},{'R2'},{'R3'},{'R1'},&,6.0,&
{'D4'},{'D7'},{'D6'},{'D3'},{'D2'},{'D1'},{'D5'},{'R2'},{'R1'},{'R3'},&,1.0,&
{'D4'},{'D7'},{'D6'},{'D3'},{'D2'},{'D1'},{'D5'},{'R1'},{'R2'},{'R3'},&,3.0,&
{'D4'},{'D7'},{'D6'},{'D3'},{'D2'},{'D1'},{'R1'},{'R2'},{'D5'},{'R3'},&,1.0,&
{'D4'},{'D7'},{'D6'},{'D3'},{'D2'},{'D1'},{'R1'},{'D5'},{'R3'},{'R2'},&,1.0,&
{'D4'},{'D7'},{'D6'},{'D3'},{'D2'},{'R2'},{'D5'},{'R1'},{'D1'},{'R3'},&,1.0,&
{'D4'},{'D7'},{'D6'},{'D3'},{'D2'},{'R2'},{'D1'},{'R3'},{'D5'},{'R1'},&,1.0,&
{'D4'},{'D7'},{'D6'},{'D3'},{'D2'},{'R1'},{'D5'},{'D1'},{'R3'},{'R2'},&,1.0,&
{'D4'},{'D7'},{'D6'},{'D3'},{'R1'},{'D5'},{'D1'},{'D2'},{'R2'},{'R3'},&,1.0,&
{'D4'},{'D7'},{'D6'},{'D3'},{'R1'},{'D1'},{'D5'},{'D2'},{'R3'},{'R2'},&,1.0,&
{'D4'},{'D7'},{'D6'},{'D3'},{'R1'},{'D1'},{'D5'},{'R2'},{'D2'},{'R3'},&,1.0,&
{'D4'},{'D7'},{'D6'},{'D3'},{'R2'},{'D5'},{'D1'},{'D2'},{'R3'},{'R1'},&,1.0,&
{'D4'},{'D7'},{'D6'},{'D3'},{'R2'},{'D5'},{'D1'},{'R1'},{'D2'},{'R3'},&,1.0,&
{'D4'},{'D7'},{'D6'},{'D3'},{'R2'},{'D1'},{'D5'},{'D2'},{'R3'},{'R1'},&,2.0,&
{'D4'},{'D7'},{'D6'},{'D3'},{'R2'},{'D1'},{'D5'},{'D2'},{'R1'},{'R3'},&,1.0,&
{'D4'},{'D7'},{'D6'},{'D3'},{'R2'},{'D1'},{'D5'},{'R1'},{'R3'},{'D2'},&,1.0,&
{'D4'},{'D7'},{'D6'},{'D3'},{'R3'},{'D5'},{'D1'},{'D2'},{'R2'},{'R1'},&,1.0,&
{'D4'},{'D7'},{'D6'},{'D3'},{'R3'},{'D1'},{'D5'},{'D2'},{'R1'},{'R2'},&,2.0,&
{'D4'},{'D7'},{'D6'},{'D3'},{'R3'},{'D1'},{'D5'},{'D2'},{'R2'},{'R1'},&,2.0,&
{'D4'},{'D7'},{'D6'},{'D3'},{'R3'},{'R2'},{'D5'},{'D1'},{'D2'},{'R1'},&,1.0,&
{'D4'},{'D7'},{'D6'},{'D3'},{'R3'},{'D2'},{'D1'},{'R1'},{'D5'},{'R2'},&,1.0,&
{'D4'},{'D7'},{'D6'},{'D2'},{'D3'},{'D5'},{'R1'},{'R3'},{'R2'},{'D1'},&,1.0,&
{'D4'},{'D7'},{'D6'},{'D2'},{'D3'},{'D5'},{'D1'},{'R2'},{'R3'},{'R1'},&,2.0,&
{'D4'},{'D7'},{'D6'},{'D2'},{'D3'},{'D5'},{'D1'},{'R2'},{'R1'},{'R3'},&,1.0,&
{'D4'},{'D7'},{'D6'},{'D2'},{'D3'},{'D1'},{'D5'},{'R3'},{'R2'},{'R1'},&,1.0,&
{'D4'},{'D7'},{'D6'},{'D2'},{'D3'},{'D1'},{'D5'},{'R2'},{'R3'},{'R1'},&,1.0,&
{'D4'},{'D7'},{'D6'},{'D2'},{'D3'},{'D1'},{'D5'},{'R2'},{'R1'},{'R3'},&,1.0,&
{'D4'},{'D7'},{'D6'},{'D2'},{'D3'},{'D1'},{'D5'},{'R1'},{'R3'},{'R2'},&,1.0,&
{'D4'},{'D7'},{'D6'},{'D2'},{'D3'},{'D1'},{'D5'},{'R1'},{'R2'},{'R3'},&,1.0,&
{'D4'},{'D7'},{'D6'},{'D2'},{'D3'},{'R1'},{'D1'},{'D5'},{'R2'},{'R3'},&,1.0,&
{'D4'},{'D7'},{'D6'},{'D2'},{'D1'},{'D5'},{'D3'},{'R3'},{'R2'},{'R1'},&,1.0,&
{'D4'},{'D7'},{'D6'},{'D2'},{'D1'},{'D3'},{'D5'},{'R2'},{'R3'},{'R1'},&,1.0,&
{'D4'},{'D7'},{'D6'},{'D2'},{'D1'},{'D3'},{'R1'},{'D5'},{'R3'},{'R2'},&,1.0,&
{'D4'},{'D7'},{'D6'},{'D2'},{'D5'},{'D1'},{'R2'},{'D3'},{'R3'},{'R1'},&,1.0,&
{'D4'},{'D7'},{'D6'},{'D2'},{'D5'},{'D3'},{'D1'},{'R3'},{'R2'},{'R1'},&,1.0,&
{'D4'},{'D7'},{'D6'},{'D2'},{'D5'},{'D3'},{'D1'},{'R2'},{'R3'},{'R1'},&,1.0,&
{'D4'},{'D7'},{'D6'},{'D2'},{'D5'},{'R1'},{'D3'},{'R2'},{'D1'},{'R3'},&,1.0,&
{'D4'},{'D7'},{'D6'},{'R2'},{'D3'},{'D5'},{'D1'},{'R1'},{'D2'},{'R3'},&,1.0,&
{'D4'},{'D7'},{'D6'},{'R2'},{'D3'},{'D1'},{'D2'},{'D5'},{'R3'},{'R1'},&,1.0,&
{'D4'},{'D7'},{'D6'},{'R2'},{'D3'},{'D1'},{'D5'},{'D2'},{'R1'},{'R3'},&,1.0,&
{'D4'},{'D7'},{'D6'},{'R2'},{'D3'},{'D1'},{'D5'},{'R1'},{'R3'},{'D2'},&,1.0,&
{'D4'},{'D7'},{'D6'},{'R2'},{'D5'},{'D3'},{'D1'},{'R3'},{'D2'},{'R1'},&,1.0,&
{'D4'},{'D7'},{'D6'},{'R3'},{'D3'},{'D1'},{'D5'},{'D2'},{'R1'},{'R2'},&,1.0,&
{'D4'},{'D7'},{'D6'},{'R3'},{'D3'},{'D1'},{'D5'},{'D2'},{'R2'},{'R1'},&,1.0,&
{'D4'},{'D7'},{'D6'},{'R3'},{'D1'},{'D3'},{'D5'},{'R2'},{'D2'},{'R1'},&,1.0,&
{'D4'},{'D7'},{'D6'},{'R1'},{'D1'},{'D3'},{'D5'},{'D2'},{'R2'},{'R3'},&,1.0,&
{'D4'},{'D7'},{'D1'},{'D5'},{'D3'},{'D6'},{'D2'},{'R2'},{'R3'},{'R1'},&,1.0,&
{'D4'},{'D7'},{'D1'},{'D5'},{'D6'},{'D3'},{'D2'},{'R2'},{'R3'},{'R1'},&,2.0,&
{'D4'},{'D7'},{'D1'},{'D5'},{'D6'},{'D3'},{'R1'},{'D2'},{'R2'},{'R3'},&,1.0,&
{'D4'},{'D7'},{'D1'},{'D5'},{'R1'},{'D3'},{'D6'},{'R2'},{'D2'},{'R3'},&,1.0,&
{'D4'},{'D7'},{'D1'},{'D6'},{'D3'},{'D5'},{'R2'},{'D2'},{'R3'},{'R1'},&,3.0,&
{'D4'},{'D7'},{'D1'},{'D6'},{'D3'},{'D5'},{'R2'},{'D2'},{'R1'},{'R3'},&,5.0,&
{'D4'},{'D7'},{'D1'},{'D6'},{'D3'},{'D5'},{'R2'},{'R3'},{'R1'},{'D2'},&,2.0,&
{'D4'},{'D7'},{'D1'},{'D6'},{'D3'},{'D5'},{'R2'},{'R3'},{'D2'},{'R1'},&,1.0,&
{'D4'},{'D7'},{'D1'},{'D6'},{'D3'},{'D5'},{'R2'},{'R1'},{'D2'},{'R3'},&,1.0,&
{'D4'},{'D7'},{'D1'},{'D6'},{'D3'},{'D5'},{'D2'},{'R3'},{'R1'},{'R2'},&,1.0,&
{'D4'},{'D7'},{'D1'},{'D6'},{'D3'},{'D5'},{'D2'},{'R3'},{'R2'},{'R1'},&,13.0,&
{'D4'},{'D7'},{'D1'},{'D6'},{'D3'},{'D5'},{'D2'},{'R2'},{'R3'},{'R1'},&,17.0,&
{'D4'},{'D7'},{'D1'},{'D6'},{'D3'},{'D5'},{'D2'},{'R2'},{'R1'},{'R3'},&,6.0,&
{'D4'},{'D7'},{'D1'},{'D6'},{'D3'},{'D5'},{'D2'},{'R1'},{'R3'},{'R2'},&,6.0,&
{'D4'},{'D7'},{'D1'},{'D6'},{'D3'},{'D5'},{'D2'},{'R1'},{'R2'},{'R3'},&,7.0,&
{'D4'},{'D7'},{'D1'},{'D6'},{'D3'},{'D5'},{'R3'},{'D2'},{'R2'},{'R1'},&,2.0,&
{'D4'},{'D7'},{'D1'},{'D6'},{'D3'},{'R2'},{'D5'},{'D2'},{'R1'},{'R3'},&,1.0,&
{'D4'},{'D7'},{'D1'},{'D6'},{'D3'},{'R2'},{'D5'},{'R3'},{'R1'},{'D2'},&,1.0,&
{'D4'},{'D7'},{'D1'},{'D6'},{'D3'},{'D2'},{'R2'},{'R1'},{'R3'},{'D5'},&,1.0,&
{'D4'},{'D7'},{'D1'},{'D6'},{'D3'},{'D2'},{'D5'},{'R3'},{'R2'},{'R1'},&,1.0,&
{'D4'},{'D7'},{'D1'},{'D6'},{'D3'},{'D2'},{'D5'},{'R2'},{'R3'},{'R1'},&,1.0,&
{'D4'},{'D7'},{'D1'},{'D6'},{'D3'},{'D2'},{'D5'},{'R2'},{'R1'},{'R3'},&,2.0,&
{'D4'},{'D7'},{'D1'},{'D6'},{'D3'},{'D2'},{'D5'},{'R1'},{'R3'},{'R2'},&,1.0,&
{'D4'},{'D7'},{'D1'},{'D6'},{'D3'},{'R1'},{'D5'},{'R2'},{'D2'},{'R3'},&,1.0,&
{'D4'},{'D7'},{'D1'},{'D6'},{'D3'},{'R3'},{'D5'},{'R2'},{'D2'},{'R1'},&,1.0,&
{'D4'},{'D7'},{'D1'},{'D6'},{'D5'},{'D3'},{'R2'},{'D2'},{'R3'},{'R1'},&,3.0,&
{'D4'},{'D7'},{'D1'},{'D6'},{'D5'},{'D3'},{'R2'},{'R1'},{'D2'},{'R3'},&,2.0,&
{'D4'},{'D7'},{'D1'},{'D6'},{'D5'},{'D3'},{'D2'},{'R3'},{'R1'},{'R2'},&,1.0,&
{'D4'},{'D7'},{'D1'},{'D6'},{'D5'},{'D3'},{'D2'},{'R3'},{'R2'},{'R1'},&,3.0,&
{'D4'},{'D7'},{'D1'},{'D6'},{'D5'},{'D3'},{'D2'},{'R2'},{'R3'},{'R1'},&,3.0,&
{'D4'},{'D7'},{'D1'},{'D6'},{'D5'},{'D3'},{'D2'},{'R2'},{'R1'},{'R3'},&,2.0,&
{'D4'},{'D7'},{'D1'},{'D6'},{'D5'},{'D3'},{'D2'},{'R1'},{'R3'},{'R2'},&,1.0,&
{'D4'},{'D7'},{'D1'},{'D6'},{'D5'},{'D3'},{'R3'},{'D2'},{'R2'},{'R1'},&,1.0,&
{'D4'},{'D7'},{'D1'},{'D6'},{'D5'},{'D2'},{'D3'},{'R1'},{'R3'},{'R2'},&,1.0,&
{'D4'},{'D7'},{'D1'},{'D6'},{'D5'},{'R3'},{'D3'},{'D2'},{'R2'},{'R1'},&,1.0,&
{'D4'},{'D7'},{'D1'},{'D6'},{'R1'},{'D3'},{'D5'},{'D2'},{'R3'},{'R2'},&,1.0,&
{'D4'},{'D7'},{'D1'},{'D6'},{'R2'},{'D3'},{'D2'},{'D5'},{'R3'},{'R1'},&,1.0,&
{'D4'},{'D7'},{'D1'},{'D3'},{'D6'},{'D5'},{'R2'},{'D2'},{'R3'},{'R1'},&,3.0,&
{'D4'},{'D7'},{'D1'},{'D3'},{'D6'},{'D5'},{'R2'},{'D2'},{'R1'},{'R3'},&,3.0,&
{'D4'},{'D7'},{'D1'},{'D3'},{'D6'},{'D5'},{'R2'},{'R3'},{'D2'},{'R1'},&,1.0,&
{'D4'},{'D7'},{'D1'},{'D3'},{'D6'},{'D5'},{'D2'},{'R3'},{'R1'},{'R2'},&,1.0,&
{'D4'},{'D7'},{'D1'},{'D3'},{'D6'},{'D5'},{'D2'},{'R3'},{'R2'},{'R1'},&,7.0,&
{'D4'},{'D7'},{'D1'},{'D3'},{'D6'},{'D5'},{'D2'},{'R2'},{'R3'},{'R1'},&,9.0,&
{'D4'},{'D7'},{'D1'},{'D3'},{'D6'},{'D5'},{'D2'},{'R2'},{'R1'},{'R3'},&,3.0,&
{'D4'},{'D7'},{'D1'},{'D3'},{'D6'},{'D5'},{'D2'},{'R1'},{'R3'},{'R2'},&,3.0,&
{'D4'},{'D7'},{'D1'},{'D3'},{'D6'},{'D5'},{'D2'},{'R1'},{'R2'},{'R3'},&,2.0,&
{'D4'},{'D7'},{'D1'},{'D3'},{'D6'},{'D5'},{'R3'},{'D2'},{'R1'},{'R2'},&,2.0,&
{'D4'},{'D7'},{'D1'},{'D3'},{'D6'},{'D5'},{'R3'},{'D2'},{'R2'},{'R1'},&,2.0,&
{'D4'},{'D7'},{'D1'},{'D3'},{'D6'},{'D5'},{'R1'},{'D2'},{'R2'},{'R3'},&,1.0,&
{'D4'},{'D7'},{'D1'},{'D3'},{'D6'},{'D5'},{'R1'},{'R3'},{'D2'},{'R2'},&,1.0,&
{'D4'},{'D7'},{'D1'},{'D3'},{'D6'},{'D2'},{'R2'},{'D5'},{'R3'},{'R1'},&,1.0,&
{'D4'},{'D7'},{'D1'},{'D3'},{'D6'},{'D2'},{'D5'},{'R3'},{'R1'},{'R2'},&,1.0,&
{'D4'},{'D7'},{'D1'},{'D3'},{'D6'},{'D2'},{'D5'},{'R2'},{'R3'},{'R1'},&,1.0,&
{'D4'},{'D7'},{'D1'},{'D3'},{'D6'},{'D2'},{'D5'},{'R1'},{'R3'},{'R2'},&,1.0,&
{'D4'},{'D7'},{'D1'},{'D3'},{'D6'},{'R1'},{'D5'},{'D2'},{'R2'},{'R3'},&,1.0,&
{'D4'},{'D7'},{'D1'},{'D3'},{'R3'},{'D6'},{'D5'},{'D2'},{'R2'},{'R1'},&,1.0,&
{'D4'},{'D7'},{'D1'},{'D2'},{'D3'},{'D5'},{'D6'},{'R2'},{'R3'},{'R1'},&,1.0,&
{'D4'},{'D7'},{'D2'},{'D1'},{'D6'},{'D5'},{'D3'},{'R2'},{'R1'},{'R3'},&,1.0,&
{'D4'},{'D7'},{'D2'},{'D6'},{'D3'},{'D5'},{'R1'},{'D1'},{'R2'},{'R3'},&,1.0,&
{'D4'},{'D7'},{'D2'},{'D6'},{'D3'},{'D1'},{'R2'},{'D5'},{'R1'},{'R3'},&,1.0,&
{'D4'},{'D7'},{'D2'},{'D6'},{'D3'},{'D1'},{'D5'},{'R3'},{'R1'},{'R2'},&,1.0,&
{'D4'},{'D7'},{'D2'},{'D6'},{'D3'},{'D1'},{'D5'},{'R1'},{'R2'},{'R3'},&,2.0,&
{'D4'},{'D7'},{'D2'},{'D6'},{'D1'},{'D5'},{'D3'},{'R2'},{'R1'},{'R3'},&,1.0,&
{'D4'},{'D7'},{'D2'},{'D6'},{'D1'},{'D3'},{'R2'},{'D5'},{'R1'},{'R3'},&,1.0,&
{'D4'},{'D7'},{'D2'},{'D6'},{'D1'},{'D3'},{'D5'},{'R3'},{'R2'},{'R1'},&,1.0,&
{'D4'},{'D7'},{'D2'},{'D6'},{'D1'},{'D3'},{'D5'},{'R2'},{'R3'},{'R1'},&,2.0,&
{'D4'},{'D7'},{'D2'},{'D3'},{'D6'},{'D5'},{'D1'},{'R3'},{'R2'},{'R1'},&,1.0,&
{'D4'},{'D7'},{'R3'},{'D6'},{'D5'},{'D3'},{'D1'},{'D2'},{'R1'},{'R2'},&,1.0,&
{'D4'},{'D7'},{'R1'},{'D6'},{'D3'},{'D1'},{'D5'},{'D2'},{'R3'},{'R2'},&,1.0,&
{'D4'},{'D3'},{'D7'},{'D1'},{'D5'},{'D6'},{'D2'},{'R2'},{'R1'},{'R3'},&,2.0,&
{'D4'},{'D3'},{'D7'},{'D1'},{'D5'},{'D6'},{'D2'},{'R1'},{'R3'},{'R2'},&,1.0,&
{'D4'},{'D3'},{'D7'},{'D1'},{'D5'},{'D6'},{'R1'},{'D2'},{'R2'},{'R3'},&,1.0,&
{'D4'},{'D3'},{'D7'},{'D1'},{'D6'},{'D5'},{'R2'},{'D2'},{'R3'},{'R1'},&,1.0,&
{'D4'},{'D3'},{'D7'},{'D1'},{'D6'},{'D5'},{'R2'},{'D2'},{'R1'},{'R3'},&,1.0,&
{'D4'},{'D3'},{'D7'},{'D1'},{'D6'},{'D5'},{'R2'},{'R1'},{'D2'},{'R3'},&,1.0,&
{'D4'},{'D3'},{'D7'},{'D1'},{'D6'},{'D5'},{'D2'},{'R3'},{'R1'},{'R2'},&,4.0,&
{'D4'},{'D3'},{'D7'},{'D1'},{'D6'},{'D5'},{'D2'},{'R3'},{'R2'},{'R1'},&,2.0,&
{'D4'},{'D3'},{'D7'},{'D1'},{'D6'},{'D5'},{'D2'},{'R2'},{'R3'},{'R1'},&,4.0,&
{'D4'},{'D3'},{'D7'},{'D1'},{'D6'},{'D5'},{'D2'},{'R2'},{'R1'},{'R3'},&,3.0,&
{'D4'},{'D3'},{'D7'},{'D1'},{'D6'},{'D5'},{'D2'},{'R1'},{'R3'},{'R2'},&,2.0,&
{'D4'},{'D3'},{'D7'},{'D1'},{'D6'},{'D5'},{'D2'},{'R1'},{'R2'},{'R3'},&,2.0,&
{'D4'},{'D3'},{'D7'},{'D1'},{'D6'},{'D5'},{'R3'},{'D2'},{'R2'},{'R1'},&,2.0,&
{'D4'},{'D3'},{'D7'},{'D1'},{'D6'},{'D5'},{'R1'},{'D2'},{'R3'},{'R2'},&,1.0,&
{'D4'},{'D3'},{'D7'},{'D1'},{'D6'},{'R2'},{'D5'},{'D2'},{'R1'},{'R3'},&,1.0,&
{'D4'},{'D3'},{'D7'},{'D1'},{'D6'},{'D2'},{'D5'},{'R3'},{'R2'},{'R1'},&,1.0,&
{'D4'},{'D3'},{'D7'},{'D1'},{'D6'},{'D2'},{'D5'},{'R2'},{'R1'},{'R3'},&,1.0,&
{'D4'},{'D3'},{'D7'},{'D1'},{'D6'},{'D2'},{'R1'},{'D5'},{'R3'},{'R2'},&,1.0,&
{'D4'},{'D3'},{'D7'},{'D1'},{'D6'},{'R3'},{'R1'},{'D5'},{'D2'},{'R2'},&,1.0,&
{'D4'},{'D3'},{'D7'},{'D5'},{'D1'},{'D6'},{'R2'},{'R1'},{'D2'},{'R3'},&,1.0,&
{'D4'},{'D3'},{'D7'},{'D5'},{'D1'},{'D6'},{'D2'},{'R3'},{'R1'},{'R2'},&,1.0,&
{'D4'},{'D3'},{'D7'},{'D5'},{'D1'},{'D6'},{'D2'},{'R2'},{'R3'},{'R1'},&,1.0,&
{'D4'},{'D3'},{'D7'},{'D5'},{'D1'},{'D6'},{'R1'},{'R2'},{'D2'},{'R3'},&,1.0,&
{'D4'},{'D3'},{'D7'},{'D5'},{'D6'},{'D1'},{'R2'},{'D2'},{'R3'},{'R1'},&,1.0,&
{'D4'},{'D3'},{'D7'},{'D5'},{'D6'},{'D1'},{'D2'},{'R3'},{'R1'},{'R2'},&,2.0,&
{'D4'},{'D3'},{'D7'},{'D5'},{'D6'},{'D1'},{'D2'},{'R3'},{'R2'},{'R1'},&,4.0,&
{'D4'},{'D3'},{'D7'},{'D5'},{'D6'},{'D1'},{'D2'},{'R2'},{'R3'},{'R1'},&,1.0,&
{'D4'},{'D3'},{'D7'},{'D5'},{'D6'},{'D1'},{'D2'},{'R2'},{'R1'},{'R3'},&,2.0,&
{'D4'},{'D3'},{'D7'},{'D5'},{'D6'},{'D1'},{'D2'},{'R1'},{'R3'},{'R2'},&,2.0,&
{'D4'},{'D3'},{'D7'},{'D5'},{'D6'},{'D1'},{'D2'},{'R1'},{'R2'},{'R3'},&,1.0,&
{'D4'},{'D3'},{'D7'},{'D5'},{'D6'},{'D1'},{'R3'},{'R2'},{'D2'},{'R1'},&,1.0,&
{'D4'},{'D3'},{'D7'},{'D5'},{'D6'},{'R2'},{'D2'},{'D1'},{'R3'},{'R1'},&,1.0,&
{'D4'},{'D3'},{'D7'},{'D5'},{'D6'},{'R1'},{'D1'},{'D2'},{'R3'},{'R2'},&,1.0,&
{'D4'},{'D3'},{'D7'},{'D6'},{'D1'},{'D5'},{'R2'},{'D2'},{'R3'},{'R1'},&,2.0,&
{'D4'},{'D3'},{'D7'},{'D6'},{'D1'},{'D5'},{'R2'},{'D2'},{'R1'},{'R3'},&,4.0,&
{'D4'},{'D3'},{'D7'},{'D6'},{'D1'},{'D5'},{'R2'},{'R1'},{'R3'},{'D2'},&,2.0,&
{'D4'},{'D3'},{'D7'},{'D6'},{'D1'},{'D5'},{'R2'},{'R1'},{'D2'},{'R3'},&,2.0,&
{'D4'},{'D3'},{'D7'},{'D6'},{'D1'},{'D5'},{'D2'},{'R3'},{'R1'},{'R2'},&,14.0,&
{'D4'},{'D3'},{'D7'},{'D6'},{'D1'},{'D5'},{'D2'},{'R3'},{'R2'},{'R1'},&,17.0,&
{'D4'},{'D3'},{'D7'},{'D6'},{'D1'},{'D5'},{'D2'},{'R2'},{'R3'},{'R1'},&,22.0,&
{'D4'},{'D3'},{'D7'},{'D6'},{'D1'},{'D5'},{'D2'},{'R2'},{'R1'},{'R3'},&,24.0,&
{'D4'},{'D3'},{'D7'},{'D6'},{'D1'},{'D5'},{'D2'},{'R1'},{'R3'},{'R2'},&,8.0,&
{'D4'},{'D3'},{'D7'},{'D6'},{'D1'},{'D5'},{'D2'},{'R1'},{'R2'},{'R3'},&,22.0,&
{'D4'},{'D3'},{'D7'},{'D6'},{'D1'},{'D5'},{'R3'},{'D2'},{'R1'},{'R2'},&,3.0,&
{'D4'},{'D3'},{'D7'},{'D6'},{'D1'},{'D5'},{'R3'},{'D2'},{'R2'},{'R1'},&,5.0,&
{'D4'},{'D3'},{'D7'},{'D6'},{'D1'},{'D5'},{'R3'},{'R2'},{'R1'},{'D2'},&,1.0,&
{'D4'},{'D3'},{'D7'},{'D6'},{'D1'},{'D5'},{'R3'},{'R2'},{'D2'},{'R1'},&,3.0,&
{'D4'},{'D3'},{'D7'},{'D6'},{'D1'},{'D5'},{'R3'},{'R1'},{'D2'},{'R2'},&,1.0,&
{'D4'},{'D3'},{'D7'},{'D6'},{'D1'},{'D5'},{'R1'},{'D2'},{'R3'},{'R2'},&,4.0,&
{'D4'},{'D3'},{'D7'},{'D6'},{'D1'},{'D5'},{'R1'},{'D2'},{'R2'},{'R3'},&,4.0,&
{'D4'},{'D3'},{'D7'},{'D6'},{'D1'},{'R2'},{'D5'},{'D2'},{'R3'},{'R1'},&,1.0,&
{'D4'},{'D3'},{'D7'},{'D6'},{'D1'},{'R2'},{'D5'},{'R1'},{'R3'},{'D2'},&,1.0,&
{'D4'},{'D3'},{'D7'},{'D6'},{'D1'},{'R2'},{'R1'},{'D5'},{'D2'},{'R3'},&,1.0,&
{'D4'},{'D3'},{'D7'},{'D6'},{'D1'},{'D2'},{'R2'},{'D5'},{'R3'},{'R1'},&,1.0,&
{'D4'},{'D3'},{'D7'},{'D6'},{'D1'},{'D2'},{'R3'},{'D5'},{'R2'},{'R1'},&,1.0,&
{'D4'},{'D3'},{'D7'},{'D6'},{'D1'},{'D2'},{'D5'},{'R3'},{'R1'},{'R2'},&,2.0,&
{'D4'},{'D3'},{'D7'},{'D6'},{'D1'},{'D2'},{'D5'},{'R2'},{'R3'},{'R1'},&,3.0,&
{'D4'},{'D3'},{'D7'},{'D6'},{'D1'},{'D2'},{'D5'},{'R2'},{'R1'},{'R3'},&,5.0,&
{'D4'},{'D3'},{'D7'},{'D6'},{'D1'},{'D2'},{'R1'},{'D5'},{'R3'},{'R2'},&,2.0,&
{'D4'},{'D3'},{'D7'},{'D6'},{'D1'},{'D2'},{'R1'},{'D5'},{'R2'},{'R3'},&,1.0,&
{'D4'},{'D3'},{'D7'},{'D6'},{'D1'},{'R1'},{'D5'},{'D2'},{'R2'},{'R3'},&,1.0,&
{'D4'},{'D3'},{'D7'},{'D6'},{'D1'},{'R1'},{'D5'},{'R2'},{'D2'},{'R3'},&,1.0,&
{'D4'},{'D3'},{'D7'},{'D6'},{'D1'},{'R3'},{'D5'},{'D2'},{'R2'},{'R1'},&,1.0,&
{'D4'},{'D3'},{'D7'},{'D6'},{'D1'},{'R3'},{'D5'},{'R2'},{'D2'},{'R1'},&,1.0,&
{'D4'},{'D3'},{'D7'},{'D6'},{'D1'},{'R3'},{'D5'},{'R1'},{'R2'},{'D2'},&,1.0,&
{'D4'},{'D3'},{'D7'},{'D6'},{'D5'},{'D1'},{'R2'},{'D2'},{'R3'},{'R1'},&,5.0,&
{'D4'},{'D3'},{'D7'},{'D6'},{'D5'},{'D1'},{'R2'},{'D2'},{'R1'},{'R3'},&,5.0,&
{'D4'},{'D3'},{'D7'},{'D6'},{'D5'},{'D1'},{'R2'},{'R3'},{'D2'},{'R1'},&,3.0,&
{'D4'},{'D3'},{'D7'},{'D6'},{'D5'},{'D1'},{'D2'},{'R3'},{'R1'},{'R2'},&,9.0,&
{'D4'},{'D3'},{'D7'},{'D6'},{'D5'},{'D1'},{'D2'},{'R3'},{'R2'},{'R1'},&,10.0,&
{'D4'},{'D3'},{'D7'},{'D6'},{'D5'},{'D1'},{'D2'},{'R2'},{'R3'},{'R1'},&,18.0,&
{'D4'},{'D3'},{'D7'},{'D6'},{'D5'},{'D1'},{'D2'},{'R2'},{'R1'},{'R3'},&,19.0,&
{'D4'},{'D3'},{'D7'},{'D6'},{'D5'},{'D1'},{'D2'},{'R1'},{'R3'},{'R2'},&,7.0,&
{'D4'},{'D3'},{'D7'},{'D6'},{'D5'},{'D1'},{'D2'},{'R1'},{'R2'},{'R3'},&,9.0,&
{'D4'},{'D3'},{'D7'},{'D6'},{'D5'},{'D1'},{'R3'},{'D2'},{'R2'},{'R1'},&,1.0,&
{'D4'},{'D3'},{'D7'},{'D6'},{'D5'},{'D1'},{'R3'},{'R2'},{'D2'},{'R1'},&,1.0,&
{'D4'},{'D3'},{'D7'},{'D6'},{'D5'},{'D1'},{'R1'},{'D2'},{'R2'},{'R3'},&,3.0,&
{'D4'},{'D3'},{'D7'},{'D6'},{'D5'},{'R2'},{'D2'},{'D1'},{'R1'},{'R3'},&,1.0,&
{'D4'},{'D3'},{'D7'},{'D6'},{'D5'},{'D2'},{'R3'},{'R2'},{'D1'},{'R1'},&,1.0,&
{'D4'},{'D3'},{'D7'},{'D6'},{'D5'},{'D2'},{'D1'},{'R2'},{'R3'},{'R1'},&,1.0,&
{'D4'},{'D3'},{'D7'},{'D6'},{'D5'},{'D2'},{'D1'},{'R1'},{'R3'},{'R2'},&,1.0,&
{'D4'},{'D3'},{'D7'},{'D6'},{'D5'},{'R1'},{'D1'},{'D2'},{'R3'},{'R2'},&,1.0,&
{'D4'},{'D3'},{'D7'},{'D6'},{'D5'},{'R3'},{'D1'},{'D2'},{'R2'},{'R1'},&,1.0,&
{'D4'},{'D3'},{'D7'},{'D6'},{'D2'},{'D5'},{'D1'},{'R3'},{'R1'},{'R2'},&,1.0,&
{'D4'},{'D3'},{'D7'},{'D6'},{'D2'},{'D5'},{'D1'},{'R2'},{'R3'},{'R1'},&,1.0,&
{'D4'},{'D3'},{'D7'},{'D6'},{'D2'},{'D5'},{'D1'},{'R2'},{'R1'},{'R3'},&,2.0,&
{'D4'},{'D3'},{'D7'},{'D6'},{'D2'},{'D5'},{'D1'},{'R1'},{'R2'},{'R3'},&,1.0,&
{'D4'},{'D3'},{'D7'},{'D6'},{'D2'},{'D1'},{'R3'},{'R2'},{'R1'},{'D5'},&,1.0,&
{'D4'},{'D3'},{'D7'},{'D6'},{'D2'},{'D1'},{'D5'},{'R3'},{'R2'},{'R1'},&,2.0,&
{'D4'},{'D3'},{'D7'},{'D6'},{'D2'},{'D1'},{'D5'},{'R2'},{'R1'},{'R3'},&,1.0,&
{'D4'},{'D3'},{'D7'},{'D6'},{'D2'},{'D1'},{'R1'},{'D5'},{'R2'},{'R3'},&,1.0,&
{'D4'},{'D3'},{'D7'},{'D6'},{'D2'},{'R2'},{'D1'},{'D5'},{'R1'},{'R3'},&,1.0,&
{'D4'},{'D3'},{'D7'},{'D6'},{'R3'},{'D5'},{'D2'},{'D1'},{'R2'},{'R1'},&,1.0,&
{'D4'},{'D3'},{'D7'},{'D6'},{'R3'},{'D1'},{'D5'},{'R2'},{'D2'},{'R1'},&,1.0,&
{'D4'},{'D3'},{'D5'},{'D1'},{'D7'},{'D6'},{'D2'},{'R3'},{'R2'},{'R1'},&,1.0,&
{'D4'},{'D3'},{'D5'},{'D6'},{'D1'},{'D7'},{'D2'},{'R1'},{'R3'},{'R2'},&,1.0,&
{'D4'},{'D3'},{'D5'},{'D6'},{'D7'},{'D1'},{'D2'},{'R3'},{'R1'},{'R2'},&,1.0,&
{'D4'},{'D3'},{'D5'},{'D6'},{'D7'},{'D1'},{'D2'},{'R1'},{'R3'},{'R2'},&,1.0,&
{'D4'},{'D3'},{'D5'},{'D6'},{'D7'},{'D1'},{'R3'},{'R1'},{'R2'},{'D2'},&,1.0,&
{'D4'},{'D3'},{'D5'},{'D7'},{'D6'},{'D1'},{'D2'},{'R3'},{'R2'},{'R1'},&,2.0,&
{'D4'},{'D3'},{'D5'},{'D7'},{'D6'},{'D1'},{'D2'},{'R2'},{'R3'},{'R1'},&,1.0,&
{'D4'},{'D3'},{'D5'},{'D7'},{'D6'},{'D1'},{'D2'},{'R2'},{'R1'},{'R3'},&,1.0,&
{'D4'},{'D3'},{'D5'},{'D7'},{'D6'},{'D1'},{'R3'},{'R2'},{'D2'},{'R1'},&,1.0,&
{'D4'},{'D3'},{'D5'},{'D7'},{'D6'},{'D1'},{'R1'},{'D2'},{'R3'},{'R2'},&,2.0,&
{'D4'},{'D3'},{'D5'},{'D7'},{'D6'},{'D1'},{'R1'},{'D2'},{'R2'},{'R3'},&,1.0,&
{'D4'},{'D3'},{'D6'},{'D1'},{'D5'},{'D7'},{'D2'},{'R2'},{'R1'},{'R3'},&,1.0,&
{'D4'},{'D3'},{'D6'},{'D1'},{'D7'},{'D5'},{'R2'},{'D2'},{'R3'},{'R1'},&,1.0,&
{'D4'},{'D3'},{'D6'},{'D1'},{'D7'},{'D5'},{'R2'},{'D2'},{'R1'},{'R3'},&,1.0,&
{'D4'},{'D3'},{'D6'},{'D1'},{'D7'},{'D5'},{'R2'},{'R3'},{'D2'},{'R1'},&,1.0,&
{'D4'},{'D3'},{'D6'},{'D1'},{'D7'},{'D5'},{'D2'},{'R2'},{'R3'},{'R1'},&,1.0,&
{'D4'},{'D3'},{'D6'},{'D1'},{'D7'},{'D5'},{'D2'},{'R2'},{'R1'},{'R3'},&,3.0,&
{'D4'},{'D3'},{'D6'},{'D1'},{'D7'},{'D5'},{'D2'},{'R1'},{'R2'},{'R3'},&,2.0,&
{'D4'},{'D3'},{'D6'},{'D1'},{'D7'},{'D2'},{'R2'},{'D5'},{'R1'},{'R3'},&,1.0,&
{'D4'},{'D3'},{'D6'},{'D1'},{'D7'},{'D2'},{'R3'},{'D5'},{'R2'},{'R1'},&,1.0,&
{'D4'},{'D3'},{'D6'},{'D5'},{'D1'},{'D7'},{'D2'},{'R3'},{'R2'},{'R1'},&,1.0,&
{'D4'},{'D3'},{'D6'},{'D5'},{'D1'},{'D7'},{'D2'},{'R2'},{'R1'},{'R3'},&,1.0,&
{'D4'},{'D3'},{'D6'},{'D5'},{'D7'},{'D1'},{'D2'},{'R1'},{'R2'},{'R3'},&,1.0,&
{'D4'},{'D3'},{'D6'},{'D5'},{'D7'},{'D1'},{'R1'},{'D2'},{'R3'},{'R2'},&,1.0,&
{'D4'},{'D3'},{'D6'},{'D5'},{'D7'},{'D2'},{'D1'},{'R3'},{'R2'},{'R1'},&,1.0,&
{'D4'},{'D3'},{'D6'},{'D5'},{'D7'},{'D2'},{'D1'},{'R2'},{'R1'},{'R3'},&,1.0,&
{'D4'},{'D3'},{'D6'},{'D5'},{'R1'},{'D1'},{'D7'},{'R3'},{'R2'},{'D2'},&,1.0,&
{'D4'},{'D3'},{'D6'},{'D7'},{'D1'},{'D5'},{'R2'},{'D2'},{'R3'},{'R1'},&,4.0,&
{'D4'},{'D3'},{'D6'},{'D7'},{'D1'},{'D5'},{'R2'},{'D2'},{'R1'},{'R3'},&,2.0,&
{'D4'},{'D3'},{'D6'},{'D7'},{'D1'},{'D5'},{'R2'},{'R3'},{'D2'},{'R1'},&,1.0,&
{'D4'},{'D3'},{'D6'},{'D7'},{'D1'},{'D5'},{'R2'},{'R1'},{'D2'},{'R3'},&,1.0,&
{'D4'},{'D3'},{'D6'},{'D7'},{'D1'},{'D5'},{'D2'},{'R3'},{'R1'},{'R2'},&,6.0,&
{'D4'},{'D3'},{'D6'},{'D7'},{'D1'},{'D5'},{'D2'},{'R3'},{'R2'},{'R1'},&,19.0,&
{'D4'},{'D3'},{'D6'},{'D7'},{'D1'},{'D5'},{'D2'},{'R2'},{'R3'},{'R1'},&,20.0,&
{'D4'},{'D3'},{'D6'},{'D7'},{'D1'},{'D5'},{'D2'},{'R2'},{'R1'},{'R3'},&,19.0,&
{'D4'},{'D3'},{'D6'},{'D7'},{'D1'},{'D5'},{'D2'},{'R1'},{'R3'},{'R2'},&,2.0,&
{'D4'},{'D3'},{'D6'},{'D7'},{'D1'},{'D5'},{'D2'},{'R1'},{'R2'},{'R3'},&,17.0,&
{'D4'},{'D3'},{'D6'},{'D7'},{'D1'},{'D5'},{'R3'},{'D2'},{'R1'},{'R2'},&,3.0,&
{'D4'},{'D3'},{'D6'},{'D7'},{'D1'},{'D5'},{'R3'},{'D2'},{'R2'},{'R1'},&,1.0,&
{'D4'},{'D3'},{'D6'},{'D7'},{'D1'},{'D5'},{'R1'},{'D2'},{'R3'},{'R2'},&,2.0,&
{'D4'},{'D3'},{'D6'},{'D7'},{'D1'},{'D5'},{'R1'},{'D2'},{'R2'},{'R3'},&,4.0,&
{'D4'},{'D3'},{'D6'},{'D7'},{'D1'},{'D5'},{'R1'},{'R2'},{'D2'},{'R3'},&,2.0,&
{'D4'},{'D3'},{'D6'},{'D7'},{'D1'},{'R2'},{'D5'},{'D2'},{'R3'},{'R1'},&,1.0,&
{'D4'},{'D3'},{'D6'},{'D7'},{'D1'},{'R2'},{'D5'},{'D2'},{'R1'},{'R3'},&,2.0,&
{'D4'},{'D3'},{'D6'},{'D7'},{'D1'},{'R2'},{'D5'},{'R3'},{'D2'},{'R1'},&,1.0,&
{'D4'},{'D3'},{'D6'},{'D7'},{'D1'},{'D2'},{'R2'},{'D5'},{'R3'},{'R1'},&,1.0,&
{'D4'},{'D3'},{'D6'},{'D7'},{'D1'},{'D2'},{'D5'},{'R3'},{'R1'},{'R2'},&,1.0,&
{'D4'},{'D3'},{'D6'},{'D7'},{'D1'},{'D2'},{'D5'},{'R3'},{'R2'},{'R1'},&,4.0,&
{'D4'},{'D3'},{'D6'},{'D7'},{'D1'},{'D2'},{'D5'},{'R2'},{'R3'},{'R1'},&,3.0,&
{'D4'},{'D3'},{'D6'},{'D7'},{'D1'},{'D2'},{'D5'},{'R1'},{'R3'},{'R2'},&,1.0,&
{'D4'},{'D3'},{'D6'},{'D7'},{'D1'},{'D2'},{'D5'},{'R1'},{'R2'},{'R3'},&,1.0,&
{'D4'},{'D3'},{'D6'},{'D7'},{'D1'},{'R1'},{'D5'},{'D2'},{'R2'},{'R3'},&,1.0,&
{'D4'},{'D3'},{'D6'},{'D7'},{'D1'},{'R1'},{'D5'},{'R3'},{'D2'},{'R2'},&,1.0,&
{'D4'},{'D3'},{'D6'},{'D7'},{'D1'},{'R1'},{'D5'},{'R2'},{'D2'},{'R3'},&,1.0,&
{'D4'},{'D3'},{'D6'},{'D7'},{'D5'},{'D1'},{'R2'},{'D2'},{'R3'},{'R1'},&,4.0,&
{'D4'},{'D3'},{'D6'},{'D7'},{'D5'},{'D1'},{'R2'},{'D2'},{'R1'},{'R3'},&,4.0,&
{'D4'},{'D3'},{'D6'},{'D7'},{'D5'},{'D1'},{'R2'},{'R1'},{'D2'},{'R3'},&,1.0,&
{'D4'},{'D3'},{'D6'},{'D7'},{'D5'},{'D1'},{'D2'},{'R3'},{'R1'},{'R2'},&,5.0,&
{'D4'},{'D3'},{'D6'},{'D7'},{'D5'},{'D1'},{'D2'},{'R3'},{'R2'},{'R1'},&,9.0,&
{'D4'},{'D3'},{'D6'},{'D7'},{'D5'},{'D1'},{'D2'},{'R2'},{'R3'},{'R1'},&,8.0,&
{'D4'},{'D3'},{'D6'},{'D7'},{'D5'},{'D1'},{'D2'},{'R2'},{'R1'},{'R3'},&,7.0,&
{'D4'},{'D3'},{'D6'},{'D7'},{'D5'},{'D1'},{'D2'},{'R1'},{'R3'},{'R2'},&,7.0,&
{'D4'},{'D3'},{'D6'},{'D7'},{'D5'},{'D1'},{'D2'},{'R1'},{'R2'},{'R3'},&,6.0,&
{'D4'},{'D3'},{'D6'},{'D7'},{'D5'},{'D1'},{'R3'},{'D2'},{'R2'},{'R1'},&,2.0,&
{'D4'},{'D3'},{'D6'},{'D7'},{'D5'},{'D1'},{'R1'},{'D2'},{'R3'},{'R2'},&,1.0,&
{'D4'},{'D3'},{'D6'},{'D7'},{'D5'},{'D1'},{'R1'},{'D2'},{'R2'},{'R3'},&,2.0,&
{'D4'},{'D3'},{'D6'},{'D7'},{'D5'},{'R2'},{'D1'},{'D2'},{'R3'},{'R1'},&,2.0,&
{'D4'},{'D3'},{'D6'},{'D7'},{'D5'},{'D2'},{'D1'},{'R3'},{'R2'},{'R1'},&,1.0,&
{'D4'},{'D3'},{'D6'},{'D7'},{'D5'},{'D2'},{'D1'},{'R2'},{'R3'},{'R1'},&,2.0,&
{'D4'},{'D3'},{'D6'},{'D7'},{'D5'},{'D2'},{'D1'},{'R1'},{'R3'},{'R2'},&,1.0,&
{'D4'},{'D3'},{'D6'},{'D7'},{'D5'},{'D2'},{'D1'},{'R1'},{'R2'},{'R3'},&,1.0,&
{'D4'},{'D3'},{'D6'},{'D7'},{'D5'},{'R1'},{'D1'},{'D2'},{'R2'},{'R3'},&,3.0,&
{'D4'},{'D3'},{'D6'},{'D7'},{'D5'},{'R3'},{'D1'},{'D2'},{'R2'},{'R1'},&,3.0,&
{'D4'},{'D3'},{'D6'},{'D7'},{'D2'},{'D5'},{'R2'},{'R3'},{'D1'},{'R1'},&,1.0,&
{'D4'},{'D3'},{'D6'},{'D7'},{'D2'},{'D5'},{'R2'},{'D1'},{'R3'},{'R1'},&,1.0,&
{'D4'},{'D3'},{'D6'},{'D7'},{'D2'},{'D5'},{'R1'},{'D1'},{'R3'},{'R2'},&,1.0,&
{'D4'},{'D3'},{'D6'},{'D7'},{'D2'},{'D5'},{'D1'},{'R2'},{'R3'},{'R1'},&,2.0,&
{'D4'},{'D3'},{'D6'},{'D7'},{'D2'},{'D5'},{'D1'},{'R2'},{'R1'},{'R3'},&,1.0,&
{'D4'},{'D3'},{'D6'},{'D7'},{'D2'},{'D5'},{'D1'},{'R1'},{'R2'},{'R3'},&,1.0,&
{'D4'},{'D3'},{'D6'},{'D7'},{'D2'},{'D1'},{'R2'},{'D5'},{'R3'},{'R1'},&,2.0,&
{'D4'},{'D3'},{'D6'},{'D7'},{'D2'},{'D1'},{'D5'},{'R3'},{'R2'},{'R1'},&,1.0,&
{'D4'},{'D3'},{'D6'},{'D7'},{'D2'},{'D1'},{'D5'},{'R2'},{'R3'},{'R1'},&,1.0,&
{'D4'},{'D3'},{'D6'},{'D7'},{'D2'},{'D1'},{'D5'},{'R1'},{'R3'},{'R2'},&,1.0,&
{'D4'},{'D3'},{'D6'},{'D7'},{'R2'},{'D1'},{'D5'},{'D2'},{'R3'},{'R1'},&,1.0,&
{'D4'},{'D3'},{'D6'},{'D2'},{'D7'},{'D1'},{'D5'},{'R3'},{'R1'},{'R2'},&,1.0,&
{'D4'},{'D3'},{'D6'},{'D2'},{'D7'},{'D1'},{'D5'},{'R2'},{'R1'},{'R3'},&,1.0,&
{'D4'},{'D3'},{'D6'},{'R3'},{'D7'},{'D1'},{'D5'},{'D2'},{'R1'},{'R2'},&,1.0,&
{'D4'},{'D3'},{'D6'},{'R1'},{'D2'},{'D7'},{'D1'},{'D5'},{'R3'},{'R2'},&,1.0,&
{'D4'},{'D3'},{'D1'},{'D5'},{'D7'},{'D6'},{'D2'},{'R2'},{'R1'},{'R3'},&,1.0,&
{'D4'},{'D3'},{'D1'},{'D6'},{'D7'},{'D5'},{'R2'},{'D2'},{'R3'},{'R1'},&,1.0,&
{'D4'},{'D3'},{'D1'},{'D6'},{'D7'},{'D5'},{'D2'},{'R3'},{'R1'},{'R2'},&,1.0,&
{'D4'},{'D3'},{'D1'},{'D6'},{'D7'},{'D5'},{'D2'},{'R3'},{'R2'},{'R1'},&,3.0,&
{'D4'},{'D3'},{'D1'},{'D6'},{'D7'},{'D5'},{'D2'},{'R2'},{'R3'},{'R1'},&,3.0,&
{'D4'},{'D3'},{'D1'},{'D6'},{'D7'},{'D5'},{'D2'},{'R2'},{'R1'},{'R3'},&,2.0,&
{'D4'},{'D3'},{'D1'},{'D6'},{'D7'},{'D5'},{'D2'},{'R1'},{'R2'},{'R3'},&,2.0,&
{'D4'},{'D3'},{'D1'},{'D6'},{'D7'},{'D5'},{'R1'},{'D2'},{'R2'},{'R3'},&,1.0,&
{'D4'},{'D3'},{'D1'},{'D6'},{'D7'},{'R2'},{'D5'},{'D2'},{'R3'},{'R1'},&,1.0,&
{'D4'},{'D3'},{'D1'},{'D6'},{'D7'},{'D2'},{'R2'},{'D5'},{'R3'},{'R1'},&,1.0,&
{'D4'},{'D3'},{'D1'},{'D6'},{'D7'},{'D2'},{'D5'},{'R3'},{'R1'},{'R2'},&,1.0,&
{'D4'},{'D3'},{'D1'},{'D6'},{'D7'},{'R1'},{'R3'},{'D2'},{'D5'},{'R2'},&,1.0,&
{'D4'},{'D3'},{'D1'},{'D6'},{'D7'},{'R1'},{'D5'},{'D2'},{'R2'},{'R3'},&,1.0,&
{'D4'},{'D3'},{'D1'},{'D7'},{'D5'},{'D6'},{'D2'},{'R3'},{'R1'},{'R2'},&,1.0,&
{'D4'},{'D3'},{'D1'},{'D7'},{'D6'},{'D5'},{'R2'},{'D2'},{'R1'},{'R3'},&,1.0,&
{'D4'},{'D3'},{'D1'},{'D7'},{'D6'},{'D5'},{'D2'},{'R2'},{'R3'},{'R1'},&,4.0,&
{'D4'},{'D3'},{'D1'},{'D7'},{'D6'},{'D5'},{'D2'},{'R2'},{'R1'},{'R3'},&,3.0,&
{'D4'},{'D3'},{'D1'},{'D7'},{'D6'},{'D5'},{'D2'},{'R1'},{'R3'},{'R2'},&,2.0,&
{'D4'},{'D3'},{'D1'},{'D7'},{'D6'},{'D5'},{'D2'},{'R1'},{'R2'},{'R3'},&,2.0,&
{'D4'},{'D3'},{'D1'},{'D7'},{'D6'},{'D5'},{'R3'},{'R2'},{'D2'},{'R1'},&,1.0,&
{'D4'},{'D3'},{'D1'},{'D7'},{'D6'},{'D5'},{'R1'},{'D2'},{'R2'},{'R3'},&,1.0,&
{'D4'},{'D3'},{'D1'},{'D7'},{'D6'},{'D5'},{'R1'},{'R3'},{'R2'},{'D2'},&,1.0,&
{'D4'},{'D3'},{'D1'},{'D7'},{'D6'},{'R1'},{'R3'},{'D2'},{'D5'},{'R2'},&,1.0,&
{'D4'},{'D3'},{'D2'},{'D7'},{'D6'},{'D5'},{'R3'},{'D1'},{'R2'},{'R1'},&,1.0,&
{'D4'},{'D3'},{'D2'},{'D7'},{'D6'},{'D1'},{'D5'},{'R2'},{'R3'},{'R1'},&,1.0,&
{'D4'},{'D6'},{'D3'},{'D1'},{'D7'},{'D5'},{'R2'},{'D2'},{'R3'},{'R1'},&,1.0,&
{'D4'},{'D6'},{'D3'},{'D1'},{'D7'},{'D5'},{'D2'},{'R3'},{'R1'},{'R2'},&,1.0,&
{'D4'},{'D6'},{'D3'},{'D1'},{'D7'},{'D5'},{'D2'},{'R3'},{'R2'},{'R1'},&,1.0,&
{'D4'},{'D6'},{'D3'},{'D1'},{'D7'},{'D5'},{'D2'},{'R2'},{'R3'},{'R1'},&,7.0,&
{'D4'},{'D6'},{'D3'},{'D1'},{'D7'},{'D5'},{'D2'},{'R2'},{'R1'},{'R3'},&,6.0,&
{'D4'},{'D6'},{'D3'},{'D1'},{'D7'},{'D5'},{'D2'},{'R1'},{'R3'},{'R2'},&,1.0,&
{'D4'},{'D6'},{'D3'},{'D1'},{'D7'},{'D5'},{'D2'},{'R1'},{'R2'},{'R3'},&,1.0,&
{'D4'},{'D6'},{'D3'},{'D1'},{'D7'},{'D5'},{'R3'},{'R1'},{'D2'},{'R2'},&,1.0,&
{'D4'},{'D6'},{'D3'},{'D1'},{'D7'},{'R2'},{'D5'},{'D2'},{'R3'},{'R1'},&,1.0,&
{'D4'},{'D6'},{'D3'},{'D1'},{'D7'},{'R1'},{'D5'},{'D2'},{'R3'},{'R2'},&,1.0,&
{'D4'},{'D6'},{'D3'},{'D5'},{'D1'},{'D7'},{'D2'},{'R2'},{'R1'},{'R3'},&,2.0,&
{'D4'},{'D6'},{'D3'},{'D5'},{'D7'},{'D1'},{'D2'},{'R3'},{'R1'},{'R2'},&,1.0,&
{'D4'},{'D6'},{'D3'},{'D5'},{'D7'},{'D1'},{'D2'},{'R3'},{'R2'},{'R1'},&,2.0,&
{'D4'},{'D6'},{'D3'},{'D5'},{'D7'},{'D1'},{'D2'},{'R2'},{'R3'},{'R1'},&,2.0,&
{'D4'},{'D6'},{'D3'},{'D5'},{'D7'},{'D1'},{'D2'},{'R2'},{'R1'},{'R3'},&,4.0,&
{'D4'},{'D6'},{'D3'},{'D5'},{'D7'},{'D1'},{'D2'},{'R1'},{'R3'},{'R2'},&,1.0,&
{'D4'},{'D6'},{'D3'},{'D5'},{'D7'},{'D1'},{'R1'},{'D2'},{'R3'},{'R2'},&,1.0,&
{'D4'},{'D6'},{'D3'},{'D5'},{'D7'},{'D1'},{'R1'},{'D2'},{'R2'},{'R3'},&,1.0,&
{'D4'},{'D6'},{'D3'},{'D5'},{'D7'},{'R1'},{'D1'},{'D2'},{'R2'},{'R3'},&,1.0,&
{'D4'},{'D6'},{'D3'},{'D5'},{'D7'},{'R3'},{'D1'},{'D2'},{'R2'},{'R1'},&,1.0,&
{'D4'},{'D6'},{'D3'},{'D5'},{'R3'},{'D7'},{'D1'},{'D2'},{'R2'},{'R1'},&,1.0,&
{'D4'},{'D6'},{'D3'},{'D7'},{'D1'},{'D5'},{'R2'},{'D2'},{'R3'},{'R1'},&,6.0,&
{'D4'},{'D6'},{'D3'},{'D7'},{'D1'},{'D5'},{'R2'},{'D2'},{'R1'},{'R3'},&,7.0,&
{'D4'},{'D6'},{'D3'},{'D7'},{'D1'},{'D5'},{'R2'},{'R3'},{'R1'},{'D2'},&,3.0,&
{'D4'},{'D6'},{'D3'},{'D7'},{'D1'},{'D5'},{'R2'},{'R3'},{'D2'},{'R1'},&,1.0,&
{'D4'},{'D6'},{'D3'},{'D7'},{'D1'},{'D5'},{'R2'},{'R1'},{'D2'},{'R3'},&,1.0,&
{'D4'},{'D6'},{'D3'},{'D7'},{'D1'},{'D5'},{'D2'},{'R3'},{'R1'},{'R2'},&,11.0,&
{'D4'},{'D6'},{'D3'},{'D7'},{'D1'},{'D5'},{'D2'},{'R3'},{'R2'},{'R1'},&,20.0,&
{'D4'},{'D6'},{'D3'},{'D7'},{'D1'},{'D5'},{'D2'},{'R2'},{'R3'},{'R1'},&,23.0,&
{'D4'},{'D6'},{'D3'},{'D7'},{'D1'},{'D5'},{'D2'},{'R2'},{'R1'},{'R3'},&,23.0,&
{'D4'},{'D6'},{'D3'},{'D7'},{'D1'},{'D5'},{'D2'},{'R1'},{'R3'},{'R2'},&,12.0,&
{'D4'},{'D6'},{'D3'},{'D7'},{'D1'},{'D5'},{'D2'},{'R1'},{'R2'},{'R3'},&,9.0,&
{'D4'},{'D6'},{'D3'},{'D7'},{'D1'},{'D5'},{'R3'},{'D2'},{'R2'},{'R1'},&,3.0,&
{'D4'},{'D6'},{'D3'},{'D7'},{'D1'},{'D5'},{'R3'},{'R2'},{'R1'},{'D2'},&,1.0,&
{'D4'},{'D6'},{'D3'},{'D7'},{'D1'},{'D5'},{'R3'},{'R2'},{'D2'},{'R1'},&,1.0,&
{'D4'},{'D6'},{'D3'},{'D7'},{'D1'},{'D5'},{'R1'},{'D2'},{'R2'},{'R3'},&,6.0,&
{'D4'},{'D6'},{'D3'},{'D7'},{'D1'},{'D5'},{'R1'},{'R3'},{'R2'},{'D2'},&,1.0,&
{'D4'},{'D6'},{'D3'},{'D7'},{'D1'},{'R2'},{'D5'},{'D2'},{'R3'},{'R1'},&,2.0,&
{'D4'},{'D6'},{'D3'},{'D7'},{'D1'},{'R2'},{'D5'},{'D2'},{'R1'},{'R3'},&,2.0,&
{'D4'},{'D6'},{'D3'},{'D7'},{'D1'},{'R2'},{'D5'},{'R3'},{'D2'},{'R1'},&,1.0,&
{'D4'},{'D6'},{'D3'},{'D7'},{'D1'},{'R2'},{'D5'},{'R1'},{'D2'},{'R3'},&,1.0,&
{'D4'},{'D6'},{'D3'},{'D7'},{'D1'},{'D2'},{'R2'},{'R3'},{'D5'},{'R1'},&,1.0,&
{'D4'},{'D6'},{'D3'},{'D7'},{'D1'},{'D2'},{'R2'},{'D5'},{'R3'},{'R1'},&,1.0,&
{'D4'},{'D6'},{'D3'},{'D7'},{'D1'},{'D2'},{'R3'},{'R1'},{'D5'},{'R2'},&,1.0,&
{'D4'},{'D6'},{'D3'},{'D7'},{'D1'},{'D2'},{'R3'},{'D5'},{'R2'},{'R1'},&,1.0,&
{'D4'},{'D6'},{'D3'},{'D7'},{'D1'},{'D2'},{'D5'},{'R3'},{'R1'},{'R2'},&,1.0,&
{'D4'},{'D6'},{'D3'},{'D7'},{'D1'},{'D2'},{'D5'},{'R3'},{'R2'},{'R1'},&,1.0,&
{'D4'},{'D6'},{'D3'},{'D7'},{'D1'},{'D2'},{'D5'},{'R2'},{'R1'},{'R3'},&,1.0,&
{'D4'},{'D6'},{'D3'},{'D7'},{'D1'},{'D2'},{'D5'},{'R1'},{'R3'},{'R2'},&,2.0,&
{'D4'},{'D6'},{'D3'},{'D7'},{'D1'},{'D2'},{'D5'},{'R1'},{'R2'},{'R3'},&,1.0,&
{'D4'},{'D6'},{'D3'},{'D7'},{'D1'},{'D2'},{'R1'},{'R2'},{'R3'},{'D5'},&,1.0,&
{'D4'},{'D6'},{'D3'},{'D7'},{'D1'},{'R1'},{'D5'},{'D2'},{'R3'},{'R2'},&,2.0,&
{'D4'},{'D6'},{'D3'},{'D7'},{'D1'},{'R3'},{'D5'},{'D2'},{'R2'},{'R1'},&,1.0,&
{'D4'},{'D6'},{'D3'},{'D7'},{'D1'},{'R3'},{'D5'},{'R1'},{'D2'},{'R2'},&,1.0,&
{'D4'},{'D6'},{'D3'},{'D7'},{'D5'},{'D1'},{'R2'},{'D2'},{'R3'},{'R1'},&,2.0,&
{'D4'},{'D6'},{'D3'},{'D7'},{'D5'},{'D1'},{'R2'},{'D2'},{'R1'},{'R3'},&,2.0,&
{'D4'},{'D6'},{'D3'},{'D7'},{'D5'},{'D1'},{'R2'},{'R3'},{'D2'},{'R1'},&,1.0,&
{'D4'},{'D6'},{'D3'},{'D7'},{'D5'},{'D1'},{'R2'},{'R1'},{'D2'},{'R3'},&,1.0,&
{'D4'},{'D6'},{'D3'},{'D7'},{'D5'},{'D1'},{'D2'},{'R3'},{'R1'},{'R2'},&,7.0,&
{'D4'},{'D6'},{'D3'},{'D7'},{'D5'},{'D1'},{'D2'},{'R3'},{'R2'},{'R1'},&,10.0,&
{'D4'},{'D6'},{'D3'},{'D7'},{'D5'},{'D1'},{'D2'},{'R2'},{'R3'},{'R1'},&,17.0,&
{'D4'},{'D6'},{'D3'},{'D7'},{'D5'},{'D1'},{'D2'},{'R2'},{'R1'},{'R3'},&,11.0,&
{'D4'},{'D6'},{'D3'},{'D7'},{'D5'},{'D1'},{'D2'},{'R1'},{'R3'},{'R2'},&,7.0,&
{'D4'},{'D6'},{'D3'},{'D7'},{'D5'},{'D1'},{'D2'},{'R1'},{'R2'},{'R3'},&,4.0,&
{'D4'},{'D6'},{'D3'},{'D7'},{'D5'},{'D1'},{'R3'},{'D2'},{'R2'},{'R1'},&,1.0,&
{'D4'},{'D6'},{'D3'},{'D7'},{'D5'},{'D1'},{'R1'},{'R2'},{'D2'},{'R3'},&,2.0,&
{'D4'},{'D6'},{'D3'},{'D7'},{'D5'},{'R2'},{'D1'},{'D2'},{'R3'},{'R1'},&,1.0,&
{'D4'},{'D6'},{'D3'},{'D7'},{'D5'},{'R2'},{'D1'},{'D2'},{'R1'},{'R3'},&,1.0,&
{'D4'},{'D6'},{'D3'},{'D7'},{'D5'},{'D2'},{'R3'},{'R2'},{'D1'},{'R1'},&,1.0,&
{'D4'},{'D6'},{'D3'},{'D7'},{'D5'},{'D2'},{'D1'},{'R2'},{'R3'},{'R1'},&,2.0,&
{'D4'},{'D6'},{'D3'},{'D7'},{'D5'},{'R1'},{'R3'},{'D1'},{'R2'},{'D2'},&,1.0,&
{'D4'},{'D6'},{'D3'},{'D7'},{'D5'},{'R1'},{'D1'},{'D2'},{'R3'},{'R2'},&,2.0,&
{'D4'},{'D6'},{'D3'},{'D7'},{'D5'},{'R1'},{'D1'},{'D2'},{'R2'},{'R3'},&,2.0,&
{'D4'},{'D6'},{'D3'},{'D7'},{'D5'},{'R3'},{'D1'},{'R1'},{'D2'},{'R2'},&,1.0,&
{'D4'},{'D6'},{'D3'},{'D7'},{'D2'},{'D5'},{'D1'},{'R3'},{'R1'},{'R2'},&,1.0,&
{'D4'},{'D6'},{'D3'},{'D7'},{'D2'},{'D1'},{'R2'},{'R1'},{'R3'},{'D5'},&,1.0,&
{'D4'},{'D6'},{'D3'},{'D7'},{'D2'},{'D1'},{'R3'},{'R1'},{'D5'},{'R2'},&,1.0,&
{'D4'},{'D6'},{'D3'},{'D7'},{'D2'},{'D1'},{'D5'},{'R3'},{'R1'},{'R2'},&,2.0,&
{'D4'},{'D6'},{'D3'},{'D7'},{'D2'},{'D1'},{'D5'},{'R3'},{'R2'},{'R1'},&,2.0,&
{'D4'},{'D6'},{'D3'},{'D7'},{'D2'},{'D1'},{'D5'},{'R2'},{'R1'},{'R3'},&,1.0,&
{'D4'},{'D6'},{'D3'},{'D7'},{'D2'},{'D1'},{'D5'},{'R1'},{'R2'},{'R3'},&,1.0,&
{'D4'},{'D6'},{'D3'},{'D7'},{'R1'},{'D1'},{'D5'},{'D2'},{'R3'},{'R2'},&,1.0,&
{'D4'},{'D6'},{'D3'},{'D7'},{'R2'},{'D5'},{'D1'},{'D2'},{'R1'},{'R3'},&,1.0,&
{'D4'},{'D6'},{'D3'},{'D7'},{'R2'},{'D1'},{'D5'},{'D2'},{'R3'},{'R1'},&,1.0,&
{'D4'},{'D6'},{'D3'},{'D7'},{'R3'},{'D5'},{'D1'},{'D2'},{'R2'},{'R1'},&,1.0,&
{'D4'},{'D6'},{'D3'},{'D7'},{'R3'},{'D1'},{'D5'},{'R1'},{'D2'},{'R2'},&,1.0,&
{'D4'},{'D6'},{'D3'},{'R2'},{'D7'},{'D1'},{'D5'},{'D2'},{'R1'},{'R3'},&,1.0,&
{'D4'},{'D6'},{'D7'},{'D1'},{'D3'},{'D5'},{'R2'},{'D2'},{'R3'},{'R1'},&,4.0,&
{'D4'},{'D6'},{'D7'},{'D1'},{'D3'},{'D5'},{'R2'},{'D2'},{'R1'},{'R3'},&,5.0,&
{'D4'},{'D6'},{'D7'},{'D1'},{'D3'},{'D5'},{'D2'},{'R3'},{'R1'},{'R2'},&,11.0,&
{'D4'},{'D6'},{'D7'},{'D1'},{'D3'},{'D5'},{'D2'},{'R3'},{'R2'},{'R1'},&,16.0,&
{'D4'},{'D6'},{'D7'},{'D1'},{'D3'},{'D5'},{'D2'},{'R2'},{'R3'},{'R1'},&,22.0,&
{'D4'},{'D6'},{'D7'},{'D1'},{'D3'},{'D5'},{'D2'},{'R2'},{'R1'},{'R3'},&,27.0,&
{'D4'},{'D6'},{'D7'},{'D1'},{'D3'},{'D5'},{'D2'},{'R1'},{'R3'},{'R2'},&,10.0,&
{'D4'},{'D6'},{'D7'},{'D1'},{'D3'},{'D5'},{'D2'},{'R1'},{'R2'},{'R3'},&,12.0,&
{'D4'},{'D6'},{'D7'},{'D1'},{'D3'},{'D5'},{'R3'},{'D2'},{'R1'},{'R2'},&,3.0,&
{'D4'},{'D6'},{'D7'},{'D1'},{'D3'},{'D5'},{'R3'},{'D2'},{'R2'},{'R1'},&,3.0,&
{'D4'},{'D6'},{'D7'},{'D1'},{'D3'},{'D5'},{'R3'},{'R2'},{'R1'},{'D2'},&,1.0,&
{'D4'},{'D6'},{'D7'},{'D1'},{'D3'},{'D5'},{'R3'},{'R2'},{'D2'},{'R1'},&,1.0,&
{'D4'},{'D6'},{'D7'},{'D1'},{'D3'},{'D5'},{'R1'},{'D2'},{'R3'},{'R2'},&,3.0,&
{'D4'},{'D6'},{'D7'},{'D1'},{'D3'},{'D5'},{'R1'},{'D2'},{'R2'},{'R3'},&,2.0,&
{'D4'},{'D6'},{'D7'},{'D1'},{'D3'},{'D5'},{'R1'},{'R3'},{'D2'},{'R2'},&,1.0,&
{'D4'},{'D6'},{'D7'},{'D1'},{'D3'},{'D5'},{'R1'},{'R2'},{'R3'},{'D2'},&,1.0,&
{'D4'},{'D6'},{'D7'},{'D1'},{'D3'},{'R2'},{'D5'},{'D2'},{'R3'},{'R1'},&,3.0,&
{'D4'},{'D6'},{'D7'},{'D1'},{'D3'},{'R2'},{'D5'},{'D2'},{'R1'},{'R3'},&,4.0,&
{'D4'},{'D6'},{'D7'},{'D1'},{'D3'},{'D2'},{'R2'},{'D5'},{'R3'},{'R1'},&,1.0,&
{'D4'},{'D6'},{'D7'},{'D1'},{'D3'},{'D2'},{'R2'},{'D5'},{'R1'},{'R3'},&,1.0,&
{'D4'},{'D6'},{'D7'},{'D1'},{'D3'},{'D2'},{'D5'},{'R3'},{'R1'},{'R2'},&,2.0,&
{'D4'},{'D6'},{'D7'},{'D1'},{'D3'},{'D2'},{'D5'},{'R2'},{'R3'},{'R1'},&,2.0,&
{'D4'},{'D6'},{'D7'},{'D1'},{'D3'},{'D2'},{'D5'},{'R2'},{'R1'},{'R3'},&,3.0,&
{'D4'},{'D6'},{'D7'},{'D1'},{'D3'},{'D2'},{'D5'},{'R1'},{'R3'},{'R2'},&,1.0,&
{'D4'},{'D6'},{'D7'},{'D1'},{'D3'},{'D2'},{'D5'},{'R1'},{'R2'},{'R3'},&,1.0,&
{'D4'},{'D6'},{'D7'},{'D1'},{'D3'},{'R1'},{'D2'},{'R2'},{'D5'},{'R3'},&,1.0,&
{'D4'},{'D6'},{'D7'},{'D1'},{'D3'},{'R1'},{'D5'},{'D2'},{'R3'},{'R2'},&,2.0,&
{'D4'},{'D6'},{'D7'},{'D1'},{'D3'},{'R1'},{'D5'},{'D2'},{'R2'},{'R3'},&,1.0,&
{'D4'},{'D6'},{'D7'},{'D1'},{'D3'},{'R3'},{'D5'},{'D2'},{'R2'},{'R1'},&,3.0,&
{'D4'},{'D6'},{'D7'},{'D1'},{'D3'},{'R3'},{'R1'},{'D5'},{'D2'},{'R2'},&,1.0,&
{'D4'},{'D6'},{'D7'},{'D1'},{'D5'},{'R2'},{'D2'},{'D3'},{'R1'},{'R3'},&,1.0,&
{'D4'},{'D6'},{'D7'},{'D1'},{'D5'},{'R2'},{'D3'},{'D2'},{'R3'},{'R1'},&,1.0,&
{'D4'},{'D6'},{'D7'},{'D1'},{'D5'},{'R2'},{'D3'},{'R1'},{'D2'},{'R3'},&,1.0,&
{'D4'},{'D6'},{'D7'},{'D1'},{'D5'},{'D3'},{'R2'},{'D2'},{'R3'},{'R1'},&,3.0,&
{'D4'},{'D6'},{'D7'},{'D1'},{'D5'},{'D3'},{'R2'},{'R3'},{'R1'},{'D2'},&,1.0,&
{'D4'},{'D6'},{'D7'},{'D1'},{'D5'},{'D3'},{'D2'},{'R3'},{'R1'},{'R2'},&,1.0,&
{'D4'},{'D6'},{'D7'},{'D1'},{'D5'},{'D3'},{'D2'},{'R3'},{'R2'},{'R1'},&,3.0,&
{'D4'},{'D6'},{'D7'},{'D1'},{'D5'},{'D3'},{'D2'},{'R2'},{'R3'},{'R1'},&,1.0,&
{'D4'},{'D6'},{'D7'},{'D1'},{'D5'},{'D3'},{'D2'},{'R1'},{'R2'},{'R3'},&,2.0,&
{'D4'},{'D6'},{'D7'},{'D1'},{'D5'},{'R1'},{'D3'},{'D2'},{'R2'},{'R3'},&,1.0,&
{'D4'},{'D6'},{'D7'},{'D1'},{'D2'},{'D3'},{'R3'},{'D5'},{'R2'},{'R1'},&,1.0,&
{'D4'},{'D6'},{'D7'},{'D1'},{'D2'},{'D3'},{'D5'},{'R3'},{'R1'},{'R2'},&,1.0,&
{'D4'},{'D6'},{'D7'},{'D1'},{'D2'},{'D3'},{'D5'},{'R3'},{'R2'},{'R1'},&,1.0,&
{'D4'},{'D6'},{'D7'},{'D1'},{'D2'},{'D3'},{'D5'},{'R2'},{'R1'},{'R3'},&,1.0,&
{'D4'},{'D6'},{'D7'},{'D1'},{'D2'},{'D3'},{'D5'},{'R1'},{'R3'},{'R2'},&,1.0,&
{'D4'},{'D6'},{'D7'},{'D1'},{'R2'},{'D3'},{'D2'},{'D5'},{'R3'},{'R1'},&,1.0,&
{'D4'},{'D6'},{'D7'},{'D1'},{'R2'},{'D3'},{'D5'},{'D2'},{'R3'},{'R1'},&,1.0,&
{'D4'},{'D6'},{'D7'},{'D1'},{'R3'},{'D3'},{'D5'},{'D2'},{'R2'},{'R1'},&,1.0,&
{'D4'},{'D6'},{'D7'},{'D5'},{'D3'},{'D1'},{'R2'},{'D2'},{'R3'},{'R1'},&,5.0,&
{'D4'},{'D6'},{'D7'},{'D5'},{'D3'},{'D1'},{'R2'},{'R3'},{'D2'},{'R1'},&,1.0,&
{'D4'},{'D6'},{'D7'},{'D5'},{'D3'},{'D1'},{'R2'},{'R1'},{'R3'},{'D2'},&,1.0,&
{'D4'},{'D6'},{'D7'},{'D5'},{'D3'},{'D1'},{'R2'},{'R1'},{'D2'},{'R3'},&,1.0,&
{'D4'},{'D6'},{'D7'},{'D5'},{'D3'},{'D1'},{'D2'},{'R3'},{'R1'},{'R2'},&,7.0,&
{'D4'},{'D6'},{'D7'},{'D5'},{'D3'},{'D1'},{'D2'},{'R3'},{'R2'},{'R1'},&,10.0,&
{'D4'},{'D6'},{'D7'},{'D5'},{'D3'},{'D1'},{'D2'},{'R2'},{'R3'},{'R1'},&,17.0,&
{'D4'},{'D6'},{'D7'},{'D5'},{'D3'},{'D1'},{'D2'},{'R2'},{'R1'},{'R3'},&,9.0,&
{'D4'},{'D6'},{'D7'},{'D5'},{'D3'},{'D1'},{'D2'},{'R1'},{'R3'},{'R2'},&,4.0,&
{'D4'},{'D6'},{'D7'},{'D5'},{'D3'},{'D1'},{'D2'},{'R1'},{'R2'},{'R3'},&,8.0,&
{'D4'},{'D6'},{'D7'},{'D5'},{'D3'},{'D1'},{'R3'},{'D2'},{'R1'},{'R2'},&,1.0,&
{'D4'},{'D6'},{'D7'},{'D5'},{'D3'},{'D1'},{'R3'},{'D2'},{'R2'},{'R1'},&,3.0,&
{'D4'},{'D6'},{'D7'},{'D5'},{'D3'},{'D1'},{'R3'},{'R1'},{'D2'},{'R2'},&,1.0,&
{'D4'},{'D6'},{'D7'},{'D5'},{'D3'},{'D1'},{'R3'},{'R1'},{'R2'},{'D2'},&,1.0,&
{'D4'},{'D6'},{'D7'},{'D5'},{'D3'},{'D1'},{'R1'},{'D2'},{'R2'},{'R3'},&,3.0,&
{'D4'},{'D6'},{'D7'},{'D5'},{'D3'},{'D1'},{'R1'},{'R3'},{'D2'},{'R2'},&,1.0,&
{'D4'},{'D6'},{'D7'},{'D5'},{'D3'},{'D1'},{'R1'},{'R2'},{'D2'},{'R3'},&,1.0,&
{'D4'},{'D6'},{'D7'},{'D5'},{'D3'},{'D2'},{'R2'},{'D1'},{'R1'},{'R3'},&,2.0,&
{'D4'},{'D6'},{'D7'},{'D5'},{'D3'},{'D2'},{'R1'},{'D1'},{'R2'},{'R3'},&,1.0,&
{'D4'},{'D6'},{'D7'},{'D5'},{'D3'},{'D2'},{'D1'},{'R2'},{'R3'},{'R1'},&,2.0,&
{'D4'},{'D6'},{'D7'},{'D5'},{'D3'},{'D2'},{'D1'},{'R2'},{'R1'},{'R3'},&,1.0,&
{'D4'},{'D6'},{'D7'},{'D5'},{'D3'},{'R1'},{'D1'},{'D2'},{'R3'},{'R2'},&,1.0,&
{'D4'},{'D6'},{'D7'},{'D5'},{'D3'},{'R1'},{'D1'},{'R3'},{'D2'},{'R2'},&,1.0,&
{'D4'},{'D6'},{'D7'},{'D5'},{'D3'},{'R3'},{'D1'},{'D2'},{'R2'},{'R1'},&,3.0,&
{'D4'},{'D6'},{'D7'},{'D5'},{'D1'},{'R2'},{'D3'},{'D2'},{'R1'},{'R3'},&,1.0,&
{'D4'},{'D6'},{'D7'},{'D5'},{'D1'},{'D3'},{'R2'},{'D2'},{'R3'},{'R1'},&,3.0,&
{'D4'},{'D6'},{'D7'},{'D5'},{'D1'},{'D3'},{'R2'},{'D2'},{'R1'},{'R3'},&,2.0,&
{'D4'},{'D6'},{'D7'},{'D5'},{'D1'},{'D3'},{'D2'},{'R3'},{'R1'},{'R2'},&,3.0,&
{'D4'},{'D6'},{'D7'},{'D5'},{'D1'},{'D3'},{'D2'},{'R3'},{'R2'},{'R1'},&,6.0,&
{'D4'},{'D6'},{'D7'},{'D5'},{'D1'},{'D3'},{'D2'},{'R2'},{'R3'},{'R1'},&,5.0,&
{'D4'},{'D6'},{'D7'},{'D5'},{'D1'},{'D3'},{'D2'},{'R2'},{'R1'},{'R3'},&,4.0,&
{'D4'},{'D6'},{'D7'},{'D5'},{'D1'},{'D3'},{'D2'},{'R1'},{'R3'},{'R2'},&,4.0,&
{'D4'},{'D6'},{'D7'},{'D5'},{'D1'},{'D3'},{'D2'},{'R1'},{'R2'},{'R3'},&,1.0,&
{'D4'},{'D6'},{'D7'},{'D5'},{'D1'},{'D3'},{'R1'},{'D2'},{'R3'},{'R2'},&,1.0,&
{'D4'},{'D6'},{'D7'},{'D5'},{'D1'},{'D3'},{'R1'},{'D2'},{'R2'},{'R3'},&,2.0,&
{'D4'},{'D6'},{'D7'},{'D5'},{'D1'},{'R1'},{'D3'},{'D2'},{'R2'},{'R3'},&,1.0,&
{'D4'},{'D6'},{'D7'},{'D5'},{'D1'},{'R1'},{'D3'},{'R3'},{'D2'},{'R2'},&,1.0,&
{'D4'},{'D6'},{'D7'},{'D5'},{'D2'},{'D1'},{'R2'},{'D3'},{'R1'},{'R3'},&,1.0,&
{'D4'},{'D6'},{'D7'},{'D3'},{'D1'},{'D5'},{'R2'},{'D2'},{'R3'},{'R1'},&,23.0,&
{'D4'},{'D6'},{'D7'},{'D3'},{'D1'},{'D5'},{'R2'},{'D2'},{'R1'},{'R3'},&,16.0,&
{'D4'},{'D6'},{'D7'},{'D3'},{'D1'},{'D5'},{'R2'},{'R3'},{'R1'},{'D2'},&,3.0,&
{'D4'},{'D6'},{'D7'},{'D3'},{'D1'},{'D5'},{'R2'},{'R3'},{'D2'},{'R1'},&,2.0,&
{'D4'},{'D6'},{'D7'},{'D3'},{'D1'},{'D5'},{'R2'},{'R1'},{'R3'},{'D2'},&,1.0,&
{'D4'},{'D6'},{'D7'},{'D3'},{'D1'},{'D5'},{'R2'},{'R1'},{'D2'},{'R3'},&,2.0,&
{'D4'},{'D6'},{'D7'},{'D3'},{'D1'},{'D5'},{'D2'},{'R3'},{'R1'},{'R2'},&,18.0,&
{'D4'},{'D6'},{'D7'},{'D3'},{'D1'},{'D5'},{'D2'},{'R3'},{'R2'},{'R1'},&,49.0,&
{'D4'},{'D6'},{'D7'},{'D3'},{'D1'},{'D5'},{'D2'},{'R2'},{'R3'},{'R1'},&,66.0,&
{'D4'},{'D6'},{'D7'},{'D3'},{'D1'},{'D5'},{'D2'},{'R2'},{'R1'},{'R3'},&,58.0,&
{'D4'},{'D6'},{'D7'},{'D3'},{'D1'},{'D5'},{'D2'},{'R1'},{'R3'},{'R2'},&,21.0,&
{'D4'},{'D6'},{'D7'},{'D3'},{'D1'},{'D5'},{'D2'},{'R1'},{'R2'},{'R3'},&,44.0,&
{'D4'},{'D6'},{'D7'},{'D3'},{'D1'},{'D5'},{'R3'},{'D2'},{'R1'},{'R2'},&,7.0,&
{'D4'},{'D6'},{'D7'},{'D3'},{'D1'},{'D5'},{'R3'},{'D2'},{'R2'},{'R1'},&,14.0,&
{'D4'},{'D6'},{'D7'},{'D3'},{'D1'},{'D5'},{'R3'},{'R2'},{'D2'},{'R1'},&,3.0,&
{'D4'},{'D6'},{'D7'},{'D3'},{'D1'},{'D5'},{'R3'},{'R1'},{'R2'},{'D2'},&,1.0,&
{'D4'},{'D6'},{'D7'},{'D3'},{'D1'},{'D5'},{'R1'},{'D2'},{'R3'},{'R2'},&,2.0,&
{'D4'},{'D6'},{'D7'},{'D3'},{'D1'},{'D5'},{'R1'},{'D2'},{'R2'},{'R3'},&,9.0,&
{'D4'},{'D6'},{'D7'},{'D3'},{'D1'},{'D5'},{'R1'},{'R3'},{'D2'},{'R2'},&,2.0,&
{'D4'},{'D6'},{'D7'},{'D3'},{'D1'},{'D5'},{'R1'},{'R3'},{'R2'},{'D2'},&,1.0,&
{'D4'},{'D6'},{'D7'},{'D3'},{'D1'},{'D5'},{'R1'},{'R2'},{'R3'},{'D2'},&,1.0,&
{'D4'},{'D6'},{'D7'},{'D3'},{'D1'},{'D5'},{'R1'},{'R2'},{'D2'},{'R3'},&,2.0,&
{'D4'},{'D6'},{'D7'},{'D3'},{'D1'},{'R2'},{'D2'},{'R1'},{'R3'},{'D5'},&,1.0,&
{'D4'},{'D6'},{'D7'},{'D3'},{'D1'},{'R2'},{'D5'},{'D2'},{'R3'},{'R1'},&,4.0,&
{'D4'},{'D6'},{'D7'},{'D3'},{'D1'},{'R2'},{'D5'},{'D2'},{'R1'},{'R3'},&,2.0,&
{'D4'},{'D6'},{'D7'},{'D3'},{'D1'},{'R2'},{'D5'},{'R1'},{'D2'},{'R3'},&,1.0,&
{'D4'},{'D6'},{'D7'},{'D3'},{'D1'},{'D2'},{'R2'},{'R1'},{'D5'},{'R3'},&,1.0,&
{'D4'},{'D6'},{'D7'},{'D3'},{'D1'},{'D2'},{'R2'},{'D5'},{'R3'},{'R1'},&,2.0,&
{'D4'},{'D6'},{'D7'},{'D3'},{'D1'},{'D2'},{'R2'},{'D5'},{'R1'},{'R3'},&,2.0,&
{'D4'},{'D6'},{'D7'},{'D3'},{'D1'},{'D2'},{'R3'},{'R2'},{'R1'},{'D5'},&,2.0,&
{'D4'},{'D6'},{'D7'},{'D3'},{'D1'},{'D2'},{'R3'},{'R2'},{'D5'},{'R1'},&,1.0,&
{'D4'},{'D6'},{'D7'},{'D3'},{'D1'},{'D2'},{'R3'},{'D5'},{'R1'},{'R2'},&,1.0,&
{'D4'},{'D6'},{'D7'},{'D3'},{'D1'},{'D2'},{'D5'},{'R3'},{'R1'},{'R2'},&,2.0,&
{'D4'},{'D6'},{'D7'},{'D3'},{'D1'},{'D2'},{'D5'},{'R3'},{'R2'},{'R1'},&,8.0,&
{'D4'},{'D6'},{'D7'},{'D3'},{'D1'},{'D2'},{'D5'},{'R2'},{'R3'},{'R1'},&,9.0,&
{'D4'},{'D6'},{'D7'},{'D3'},{'D1'},{'D2'},{'D5'},{'R2'},{'R1'},{'R3'},&,3.0,&
{'D4'},{'D6'},{'D7'},{'D3'},{'D1'},{'D2'},{'D5'},{'R1'},{'R3'},{'R2'},&,4.0,&
{'D4'},{'D6'},{'D7'},{'D3'},{'D1'},{'D2'},{'D5'},{'R1'},{'R2'},{'R3'},&,4.0,&
{'D4'},{'D6'},{'D7'},{'D3'},{'D1'},{'D2'},{'R1'},{'D5'},{'R3'},{'R2'},&,1.0,&
{'D4'},{'D6'},{'D7'},{'D3'},{'D1'},{'D2'},{'R1'},{'D5'},{'R2'},{'R3'},&,1.0,&
{'D4'},{'D6'},{'D7'},{'D3'},{'D1'},{'R1'},{'D2'},{'D5'},{'R2'},{'R3'},&,1.0,&
{'D4'},{'D6'},{'D7'},{'D3'},{'D1'},{'R1'},{'D5'},{'D2'},{'R3'},{'R2'},&,2.0,&
{'D4'},{'D6'},{'D7'},{'D3'},{'D1'},{'R1'},{'D5'},{'D2'},{'R2'},{'R3'},&,2.0,&
{'D4'},{'D6'},{'D7'},{'D3'},{'D1'},{'R1'},{'D5'},{'R2'},{'R3'},{'D2'},&,1.0,&
{'D4'},{'D6'},{'D7'},{'D3'},{'D1'},{'R3'},{'D5'},{'D2'},{'R1'},{'R2'},&,2.0,&
{'D4'},{'D6'},{'D7'},{'D3'},{'D1'},{'R3'},{'D5'},{'D2'},{'R2'},{'R1'},&,4.0,&
{'D4'},{'D6'},{'D7'},{'D3'},{'D1'},{'R3'},{'D5'},{'R2'},{'D2'},{'R1'},&,2.0,&
{'D4'},{'D6'},{'D7'},{'D3'},{'D5'},{'D1'},{'R2'},{'D2'},{'R3'},{'R1'},&,9.0,&
{'D4'},{'D6'},{'D7'},{'D3'},{'D5'},{'D1'},{'R2'},{'D2'},{'R1'},{'R3'},&,11.0,&
{'D4'},{'D6'},{'D7'},{'D3'},{'D5'},{'D1'},{'R2'},{'R3'},{'R1'},{'D2'},&,1.0,&
{'D4'},{'D6'},{'D7'},{'D3'},{'D5'},{'D1'},{'R2'},{'R1'},{'D2'},{'R3'},&,3.0,&
{'D4'},{'D6'},{'D7'},{'D3'},{'D5'},{'D1'},{'D2'},{'R3'},{'R1'},{'R2'},&,28.0,&
{'D4'},{'D6'},{'D7'},{'D3'},{'D5'},{'D1'},{'D2'},{'R3'},{'R2'},{'R1'},&,42.0,&
{'D4'},{'D6'},{'D7'},{'D3'},{'D5'},{'D1'},{'D2'},{'R2'},{'R3'},{'R1'},&,37.0,&
{'D4'},{'D6'},{'D7'},{'D3'},{'D5'},{'D1'},{'D2'},{'R2'},{'R1'},{'R3'},&,41.0,&
{'D4'},{'D6'},{'D7'},{'D3'},{'D5'},{'D1'},{'D2'},{'R1'},{'R3'},{'R2'},&,15.0,&
{'D4'},{'D6'},{'D7'},{'D3'},{'D5'},{'D1'},{'D2'},{'R1'},{'R2'},{'R3'},&,25.0,&
{'D4'},{'D6'},{'D7'},{'D3'},{'D5'},{'D1'},{'R3'},{'D2'},{'R1'},{'R2'},&,3.0,&
{'D4'},{'D6'},{'D7'},{'D3'},{'D5'},{'D1'},{'R3'},{'D2'},{'R2'},{'R1'},&,10.0,&
{'D4'},{'D6'},{'D7'},{'D3'},{'D5'},{'D1'},{'R3'},{'R2'},{'D2'},{'R1'},&,1.0,&
{'D4'},{'D6'},{'D7'},{'D3'},{'D5'},{'D1'},{'R1'},{'D2'},{'R2'},{'R3'},&,12.0,&
{'D4'},{'D6'},{'D7'},{'D3'},{'D5'},{'D1'},{'R1'},{'R3'},{'D2'},{'R2'},&,2.0,&
{'D4'},{'D6'},{'D7'},{'D3'},{'D5'},{'D1'},{'R1'},{'R2'},{'R3'},{'D2'},&,1.0,&
{'D4'},{'D6'},{'D7'},{'D3'},{'D5'},{'D1'},{'R1'},{'R2'},{'D2'},{'R3'},&,1.0,&
{'D4'},{'D6'},{'D7'},{'D3'},{'D5'},{'R2'},{'R3'},{'D1'},{'D2'},{'R1'},&,1.0,&
{'D4'},{'D6'},{'D7'},{'D3'},{'D5'},{'R2'},{'D1'},{'D2'},{'R3'},{'R1'},&,3.0,&
{'D4'},{'D6'},{'D7'},{'D3'},{'D5'},{'R2'},{'D1'},{'D2'},{'R1'},{'R3'},&,5.0,&
{'D4'},{'D6'},{'D7'},{'D3'},{'D5'},{'D2'},{'R2'},{'D1'},{'R3'},{'R1'},&,2.0,&
{'D4'},{'D6'},{'D7'},{'D3'},{'D5'},{'D2'},{'R3'},{'D1'},{'R1'},{'R2'},&,1.0,&
{'D4'},{'D6'},{'D7'},{'D3'},{'D5'},{'D2'},{'D1'},{'R3'},{'R1'},{'R2'},&,1.0,&
{'D4'},{'D6'},{'D7'},{'D3'},{'D5'},{'D2'},{'D1'},{'R3'},{'R2'},{'R1'},&,4.0,&
{'D4'},{'D6'},{'D7'},{'D3'},{'D5'},{'D2'},{'D1'},{'R2'},{'R3'},{'R1'},&,1.0,&
{'D4'},{'D6'},{'D7'},{'D3'},{'D5'},{'D2'},{'D1'},{'R2'},{'R1'},{'R3'},&,2.0,&
{'D4'},{'D6'},{'D7'},{'D3'},{'D5'},{'D2'},{'D1'},{'R1'},{'R3'},{'R2'},&,1.0,&
{'D4'},{'D6'},{'D7'},{'D3'},{'D5'},{'D2'},{'D1'},{'R1'},{'R2'},{'R3'},&,2.0,&
{'D4'},{'D6'},{'D7'},{'D3'},{'D5'},{'R1'},{'R2'},{'D1'},{'D2'},{'R3'},&,1.0,&
{'D4'},{'D6'},{'D7'},{'D3'},{'D5'},{'R1'},{'D2'},{'D1'},{'R3'},{'R2'},&,1.0,&
{'D4'},{'D6'},{'D7'},{'D3'},{'D5'},{'R1'},{'R3'},{'D1'},{'D2'},{'R2'},&,1.0,&
{'D4'},{'D6'},{'D7'},{'D3'},{'D5'},{'R1'},{'D1'},{'D2'},{'R3'},{'R2'},&,4.0,&
{'D4'},{'D6'},{'D7'},{'D3'},{'D5'},{'R1'},{'D1'},{'D2'},{'R2'},{'R3'},&,3.0,&
{'D4'},{'D6'},{'D7'},{'D3'},{'D5'},{'R1'},{'D1'},{'R3'},{'R2'},{'D2'},&,1.0,&
{'D4'},{'D6'},{'D7'},{'D3'},{'D5'},{'R3'},{'D1'},{'D2'},{'R1'},{'R2'},&,1.0,&
{'D4'},{'D6'},{'D7'},{'D3'},{'D5'},{'R3'},{'D1'},{'D2'},{'R2'},{'R1'},&,3.0,&
{'D4'},{'D6'},{'D7'},{'D3'},{'D5'},{'R3'},{'D1'},{'R1'},{'D2'},{'R2'},&,1.0,&
{'D4'},{'D6'},{'D7'},{'D3'},{'D2'},{'D5'},{'R3'},{'D1'},{'R1'},{'R2'},&,1.0,&
{'D4'},{'D6'},{'D7'},{'D3'},{'D2'},{'D5'},{'R1'},{'D1'},{'R3'},{'R2'},&,1.0,&
{'D4'},{'D6'},{'D7'},{'D3'},{'D2'},{'D5'},{'D1'},{'R3'},{'R2'},{'R1'},&,3.0,&
{'D4'},{'D6'},{'D7'},{'D3'},{'D2'},{'D5'},{'D1'},{'R2'},{'R3'},{'R1'},&,2.0,&
{'D4'},{'D6'},{'D7'},{'D3'},{'D2'},{'D5'},{'D1'},{'R2'},{'R1'},{'R3'},&,1.0,&
{'D4'},{'D6'},{'D7'},{'D3'},{'D2'},{'D1'},{'R2'},{'D5'},{'R3'},{'R1'},&,1.0,&
{'D4'},{'D6'},{'D7'},{'D3'},{'D2'},{'D1'},{'R3'},{'D5'},{'R2'},{'R1'},&,1.0,&
{'D4'},{'D6'},{'D7'},{'D3'},{'D2'},{'D1'},{'D5'},{'R3'},{'R1'},{'R2'},&,1.0,&
{'D4'},{'D6'},{'D7'},{'D3'},{'D2'},{'D1'},{'D5'},{'R3'},{'R2'},{'R1'},&,3.0,&
{'D4'},{'D6'},{'D7'},{'D3'},{'D2'},{'D1'},{'D5'},{'R2'},{'R3'},{'R1'},&,3.0,&
{'D4'},{'D6'},{'D7'},{'D3'},{'D2'},{'D1'},{'D5'},{'R2'},{'R1'},{'R3'},&,2.0,&
{'D4'},{'D6'},{'D7'},{'D3'},{'D2'},{'D1'},{'D5'},{'R1'},{'R2'},{'R3'},&,1.0,&
{'D4'},{'D6'},{'D7'},{'D3'},{'D2'},{'R1'},{'D1'},{'R3'},{'D5'},{'R2'},&,1.0,&
{'D4'},{'D6'},{'D7'},{'D3'},{'D2'},{'R1'},{'D1'},{'D5'},{'R2'},{'R3'},&,1.0,&
{'D4'},{'D6'},{'D7'},{'D3'},{'R1'},{'D1'},{'D5'},{'D2'},{'R3'},{'R2'},&,1.0,&
{'D4'},{'D6'},{'D7'},{'D3'},{'R1'},{'D1'},{'D5'},{'D2'},{'R2'},{'R3'},&,3.0,&
{'D4'},{'D6'},{'D7'},{'D3'},{'R2'},{'D5'},{'D1'},{'D2'},{'R3'},{'R1'},&,1.0,&
{'D4'},{'D6'},{'D7'},{'D3'},{'R2'},{'D1'},{'D2'},{'D5'},{'R1'},{'R3'},&,1.0,&
{'D4'},{'D6'},{'D7'},{'D3'},{'R2'},{'D1'},{'D5'},{'R3'},{'D2'},{'R1'},&,1.0,&
{'D4'},{'D6'},{'D7'},{'D3'},{'R2'},{'R1'},{'D2'},{'D1'},{'D5'},{'R3'},&,1.0,&
{'D4'},{'D6'},{'D7'},{'D3'},{'R3'},{'D1'},{'D2'},{'R2'},{'R1'},{'D5'},&,1.0,&
{'D4'},{'D6'},{'D7'},{'D2'},{'D3'},{'D5'},{'R2'},{'R1'},{'D1'},{'R3'},&,1.0,&
{'D4'},{'D6'},{'D7'},{'D2'},{'D3'},{'D5'},{'D1'},{'R2'},{'R3'},{'R1'},&,1.0,&
{'D4'},{'D6'},{'D7'},{'D2'},{'D3'},{'D1'},{'D5'},{'R3'},{'R2'},{'R1'},&,1.0,&
{'D4'},{'D6'},{'D7'},{'D2'},{'D3'},{'D1'},{'D5'},{'R2'},{'R1'},{'R3'},&,2.0,&
{'D4'},{'D6'},{'D7'},{'D2'},{'D3'},{'D1'},{'D5'},{'R1'},{'R2'},{'R3'},&,1.0,&
{'D4'},{'D6'},{'D7'},{'D2'},{'D3'},{'R3'},{'D1'},{'D5'},{'R2'},{'R1'},&,1.0,&
{'D4'},{'D6'},{'D7'},{'D2'},{'D1'},{'D3'},{'D5'},{'R2'},{'R1'},{'R3'},&,1.0,&
{'D4'},{'D6'},{'D7'},{'R2'},{'D3'},{'D1'},{'D5'},{'D2'},{'R1'},{'R3'},&,1.0,&
{'D4'},{'D6'},{'D7'},{'R2'},{'D3'},{'D1'},{'R1'},{'D5'},{'D2'},{'R3'},&,1.0,&
{'D4'},{'D6'},{'D7'},{'R2'},{'D1'},{'D3'},{'D5'},{'D2'},{'R3'},{'R1'},&,1.0,&
{'D4'},{'D6'},{'D7'},{'R3'},{'D3'},{'D5'},{'D1'},{'D2'},{'R2'},{'R1'},&,1.0,&
{'D4'},{'D6'},{'D7'},{'R1'},{'D3'},{'D1'},{'D2'},{'D5'},{'R2'},{'R3'},&,1.0,&
{'D4'},{'D6'},{'D7'},{'R1'},{'D1'},{'D3'},{'D5'},{'D2'},{'R2'},{'R3'},&,1.0,&
{'D4'},{'D6'},{'D5'},{'D1'},{'D3'},{'D7'},{'D2'},{'R2'},{'R3'},{'R1'},&,1.0,&
{'D4'},{'D6'},{'D5'},{'D1'},{'D7'},{'D3'},{'D2'},{'R3'},{'R1'},{'R2'},&,1.0,&
{'D4'},{'D6'},{'D5'},{'D1'},{'D7'},{'D3'},{'D2'},{'R3'},{'R2'},{'R1'},&,1.0,&
{'D4'},{'D6'},{'D5'},{'D1'},{'D7'},{'D3'},{'D2'},{'R2'},{'R1'},{'R3'},&,1.0,&
{'D4'},{'D6'},{'D5'},{'D3'},{'D1'},{'R1'},{'D7'},{'D2'},{'R3'},{'R2'},&,1.0,&
{'D4'},{'D6'},{'D5'},{'D3'},{'D1'},{'D7'},{'D2'},{'R2'},{'R1'},{'R3'},&,1.0,&
{'D4'},{'D6'},{'D5'},{'D3'},{'D7'},{'D1'},{'R2'},{'D2'},{'R3'},{'R1'},&,1.0,&
{'D4'},{'D6'},{'D5'},{'D3'},{'D7'},{'D1'},{'D2'},{'R3'},{'R1'},{'R2'},&,2.0,&
{'D4'},{'D6'},{'D5'},{'D3'},{'D7'},{'D1'},{'D2'},{'R2'},{'R3'},{'R1'},&,2.0,&
{'D4'},{'D6'},{'D5'},{'D3'},{'D7'},{'D1'},{'D2'},{'R2'},{'R1'},{'R3'},&,3.0,&
{'D4'},{'D6'},{'D5'},{'D3'},{'D7'},{'D1'},{'D2'},{'R1'},{'R3'},{'R2'},&,1.0,&
{'D4'},{'D6'},{'D5'},{'D3'},{'D7'},{'D1'},{'R3'},{'R2'},{'D2'},{'R1'},&,1.0,&
{'D4'},{'D6'},{'D5'},{'D7'},{'D3'},{'D1'},{'R2'},{'D2'},{'R3'},{'R1'},&,2.0,&
{'D4'},{'D6'},{'D5'},{'D7'},{'D3'},{'D1'},{'R2'},{'D2'},{'R1'},{'R3'},&,1.0,&
{'D4'},{'D6'},{'D5'},{'D7'},{'D3'},{'D1'},{'R2'},{'R3'},{'D2'},{'R1'},&,1.0,&
{'D4'},{'D6'},{'D5'},{'D7'},{'D3'},{'D1'},{'D2'},{'R3'},{'R1'},{'R2'},&,1.0,&
{'D4'},{'D6'},{'D5'},{'D7'},{'D3'},{'D1'},{'D2'},{'R3'},{'R2'},{'R1'},&,3.0,&
{'D4'},{'D6'},{'D5'},{'D7'},{'D3'},{'D1'},{'D2'},{'R2'},{'R3'},{'R1'},&,4.0,&
{'D4'},{'D6'},{'D5'},{'D7'},{'D3'},{'D1'},{'D2'},{'R2'},{'R1'},{'R3'},&,5.0,&
{'D4'},{'D6'},{'D5'},{'D7'},{'D3'},{'D1'},{'D2'},{'R1'},{'R3'},{'R2'},&,3.0,&
{'D4'},{'D6'},{'D5'},{'D7'},{'D3'},{'D1'},{'D2'},{'R1'},{'R2'},{'R3'},&,2.0,&
{'D4'},{'D6'},{'D5'},{'D7'},{'D3'},{'D1'},{'R3'},{'D2'},{'R2'},{'R1'},&,1.0,&
{'D4'},{'D6'},{'D5'},{'D7'},{'D3'},{'D1'},{'R3'},{'R1'},{'D2'},{'R2'},&,1.0,&
{'D4'},{'D6'},{'D5'},{'D7'},{'D3'},{'D1'},{'R1'},{'D2'},{'R2'},{'R3'},&,1.0,&
{'D4'},{'D6'},{'D5'},{'D7'},{'D3'},{'D1'},{'R1'},{'R3'},{'D2'},{'R2'},&,1.0,&
{'D4'},{'D6'},{'D5'},{'D7'},{'D3'},{'D1'},{'R1'},{'R2'},{'R3'},{'D2'},&,1.0,&
{'D4'},{'D6'},{'D5'},{'D7'},{'D3'},{'D1'},{'R1'},{'R2'},{'D2'},{'R3'},&,1.0,&
{'D4'},{'D6'},{'D5'},{'D7'},{'D3'},{'R2'},{'D1'},{'D2'},{'R3'},{'R1'},&,1.0,&
{'D4'},{'D6'},{'D5'},{'D7'},{'D3'},{'R3'},{'D1'},{'R2'},{'R1'},{'D2'},&,1.0,&
{'D4'},{'D6'},{'D5'},{'D7'},{'D1'},{'D3'},{'R2'},{'D2'},{'R3'},{'R1'},&,1.0,&
{'D4'},{'D6'},{'D5'},{'D7'},{'D1'},{'D3'},{'R2'},{'D2'},{'R1'},{'R3'},&,1.0,&
{'D4'},{'D6'},{'D5'},{'D7'},{'D1'},{'D3'},{'D2'},{'R3'},{'R1'},{'R2'},&,1.0,&
{'D4'},{'D6'},{'D5'},{'D7'},{'D1'},{'D3'},{'D2'},{'R3'},{'R2'},{'R1'},&,1.0,&
{'D4'},{'D6'},{'D5'},{'D7'},{'D1'},{'D3'},{'D2'},{'R2'},{'R3'},{'R1'},&,2.0,&
{'D4'},{'D6'},{'D5'},{'D7'},{'D1'},{'D3'},{'D2'},{'R1'},{'R3'},{'R2'},&,1.0,&
{'D4'},{'D6'},{'D5'},{'D7'},{'D1'},{'D3'},{'D2'},{'R1'},{'R2'},{'R3'},&,1.0,&
{'D4'},{'D6'},{'D5'},{'D7'},{'D1'},{'D3'},{'R1'},{'D2'},{'R2'},{'R3'},&,1.0,&
{'D4'},{'D6'},{'D5'},{'D7'},{'D1'},{'R3'},{'D3'},{'R1'},{'R2'},{'D2'},&,1.0,&
{'D4'},{'D6'},{'D1'},{'D5'},{'D3'},{'D7'},{'R3'},{'D2'},{'R2'},{'R1'},&,2.0,&
{'D4'},{'D6'},{'D1'},{'D5'},{'D7'},{'D3'},{'D2'},{'R3'},{'R1'},{'R2'},&,1.0,&
{'D4'},{'D6'},{'D1'},{'D3'},{'D7'},{'D5'},{'D2'},{'R3'},{'R1'},{'R2'},&,2.0,&
{'D4'},{'D6'},{'D1'},{'D3'},{'D7'},{'D5'},{'D2'},{'R2'},{'R3'},{'R1'},&,5.0,&
{'D4'},{'D6'},{'D1'},{'D3'},{'D7'},{'D5'},{'D2'},{'R2'},{'R1'},{'R3'},&,3.0,&
{'D4'},{'D6'},{'D1'},{'D3'},{'D7'},{'D5'},{'D2'},{'R1'},{'R3'},{'R2'},&,1.0,&
{'D4'},{'D6'},{'D1'},{'D3'},{'D7'},{'D5'},{'D2'},{'R1'},{'R2'},{'R3'},&,1.0,&
{'D4'},{'D6'},{'D1'},{'D3'},{'D7'},{'D5'},{'R1'},{'D2'},{'R3'},{'R2'},&,1.0,&
{'D4'},{'D6'},{'D1'},{'D3'},{'D7'},{'D2'},{'D5'},{'R3'},{'R1'},{'R2'},&,1.0,&
{'D4'},{'D6'},{'D1'},{'D3'},{'D7'},{'D2'},{'D5'},{'R1'},{'R3'},{'R2'},&,1.0,&
{'D4'},{'D6'},{'D1'},{'D7'},{'D3'},{'D5'},{'R2'},{'D2'},{'R3'},{'R1'},&,3.0,&
{'D4'},{'D6'},{'D1'},{'D7'},{'D3'},{'D5'},{'R2'},{'D2'},{'R1'},{'R3'},&,2.0,&
{'D4'},{'D6'},{'D1'},{'D7'},{'D3'},{'D5'},{'D2'},{'R3'},{'R1'},{'R2'},&,1.0,&
{'D4'},{'D6'},{'D1'},{'D7'},{'D3'},{'D5'},{'D2'},{'R3'},{'R2'},{'R1'},&,7.0,&
{'D4'},{'D6'},{'D1'},{'D7'},{'D3'},{'D5'},{'D2'},{'R2'},{'R3'},{'R1'},&,7.0,&
{'D4'},{'D6'},{'D1'},{'D7'},{'D3'},{'D5'},{'D2'},{'R2'},{'R1'},{'R3'},&,5.0,&
{'D4'},{'D6'},{'D1'},{'D7'},{'D3'},{'D5'},{'D2'},{'R1'},{'R3'},{'R2'},&,4.0,&
{'D4'},{'D6'},{'D1'},{'D7'},{'D3'},{'D5'},{'D2'},{'R1'},{'R2'},{'R3'},&,3.0,&
{'D4'},{'D6'},{'D1'},{'D7'},{'D3'},{'D5'},{'R3'},{'D2'},{'R1'},{'R2'},&,2.0,&
{'D4'},{'D6'},{'D1'},{'D7'},{'D3'},{'D5'},{'R3'},{'D2'},{'R2'},{'R1'},&,2.0,&
{'D4'},{'D6'},{'D1'},{'D7'},{'D3'},{'D5'},{'R1'},{'D2'},{'R2'},{'R3'},&,1.0,&
{'D4'},{'D6'},{'D1'},{'D7'},{'D3'},{'R2'},{'D5'},{'R1'},{'D2'},{'R3'},&,1.0,&
{'D4'},{'D6'},{'D1'},{'D7'},{'D3'},{'D2'},{'D5'},{'R2'},{'R3'},{'R1'},&,2.0,&
{'D4'},{'D6'},{'D1'},{'D7'},{'D3'},{'R1'},{'D5'},{'D2'},{'R3'},{'R2'},&,2.0,&
{'D4'},{'D6'},{'D1'},{'D7'},{'D3'},{'R1'},{'D5'},{'D2'},{'R2'},{'R3'},&,1.0,&
{'D4'},{'D6'},{'D1'},{'D7'},{'D3'},{'R3'},{'D5'},{'D2'},{'R1'},{'R2'},&,1.0,&
{'D4'},{'D6'},{'D1'},{'D7'},{'D5'},{'D3'},{'D2'},{'R3'},{'R2'},{'R1'},&,1.0,&
{'D4'},{'D6'},{'D1'},{'D7'},{'D5'},{'D3'},{'D2'},{'R2'},{'R3'},{'R1'},&,1.0,&
{'D4'},{'D6'},{'D1'},{'D7'},{'D5'},{'D3'},{'D2'},{'R1'},{'R2'},{'R3'},&,2.0,&
{'D4'},{'D6'},{'D1'},{'D7'},{'D5'},{'D3'},{'R1'},{'D2'},{'R2'},{'R3'},&,1.0,&
{'D4'},{'D6'},{'D1'},{'D7'},{'D2'},{'D3'},{'D5'},{'R1'},{'R3'},{'R2'},&,1.0,&
{'D4'},{'D6'},{'D1'},{'D7'},{'R1'},{'D3'},{'D5'},{'R2'},{'D2'},{'R3'},&,1.0,&
{'D4'},{'D6'},{'D2'},{'D7'},{'D3'},{'D1'},{'D5'},{'R1'},{'R2'},{'R3'},&,1.0,&
{'D4'},{'D5'},{'D3'},{'D1'},{'D7'},{'D6'},{'D2'},{'R2'},{'R1'},{'R3'},&,1.0,&
{'D4'},{'D5'},{'D3'},{'D6'},{'D7'},{'D1'},{'D2'},{'R3'},{'R2'},{'R1'},&,1.0,&
{'D4'},{'D5'},{'D3'},{'D6'},{'D7'},{'D1'},{'D2'},{'R2'},{'R3'},{'R1'},&,1.0,&
{'D4'},{'D5'},{'D3'},{'D6'},{'D7'},{'D1'},{'D2'},{'R2'},{'R1'},{'R3'},&,1.0,&
{'D4'},{'D5'},{'D3'},{'D6'},{'D7'},{'R2'},{'D1'},{'R1'},{'D2'},{'R3'},&,1.0,&
{'D4'},{'D5'},{'D3'},{'D7'},{'D1'},{'D6'},{'D2'},{'R3'},{'R2'},{'R1'},&,1.0,&
{'D4'},{'D5'},{'D3'},{'D7'},{'D6'},{'D1'},{'D2'},{'R3'},{'R2'},{'R1'},&,1.0,&
{'D4'},{'D5'},{'D3'},{'D7'},{'D6'},{'D1'},{'D2'},{'R2'},{'R3'},{'R1'},&,1.0,&
{'D4'},{'D5'},{'D3'},{'D7'},{'D6'},{'D1'},{'D2'},{'R2'},{'R1'},{'R3'},&,1.0,&
{'D4'},{'D5'},{'D3'},{'D7'},{'D6'},{'D1'},{'D2'},{'R1'},{'R2'},{'R3'},&,1.0,&
{'D4'},{'D5'},{'D3'},{'D7'},{'D6'},{'D1'},{'R3'},{'D2'},{'R1'},{'R2'},&,1.0,&
{'D4'},{'D5'},{'D3'},{'D7'},{'D6'},{'D1'},{'R1'},{'D2'},{'R3'},{'R2'},&,1.0,&
{'D4'},{'D5'},{'D3'},{'D7'},{'D6'},{'D1'},{'R1'},{'D2'},{'R2'},{'R3'},&,1.0,&
{'D4'},{'D5'},{'D3'},{'D7'},{'D6'},{'D2'},{'D1'},{'R2'},{'R3'},{'R1'},&,1.0,&
{'D4'},{'D5'},{'D7'},{'D1'},{'D3'},{'D6'},{'D2'},{'R2'},{'R1'},{'R3'},&,1.0,&
{'D4'},{'D5'},{'D7'},{'D1'},{'D3'},{'D6'},{'R3'},{'D2'},{'R2'},{'R1'},&,1.0,&
{'D4'},{'D5'},{'D7'},{'D1'},{'D3'},{'D6'},{'R1'},{'D2'},{'R2'},{'R3'},&,1.0,&
{'D4'},{'D5'},{'D7'},{'D1'},{'D6'},{'D3'},{'D2'},{'R3'},{'R2'},{'R1'},&,1.0,&
{'D4'},{'D5'},{'D7'},{'D1'},{'D6'},{'D3'},{'D2'},{'R2'},{'R1'},{'R3'},&,1.0,&
{'D4'},{'D5'},{'D7'},{'D6'},{'D3'},{'D1'},{'R2'},{'D2'},{'R3'},{'R1'},&,3.0,&
{'D4'},{'D5'},{'D7'},{'D6'},{'D3'},{'D1'},{'R2'},{'R3'},{'D2'},{'R1'},&,1.0,&
{'D4'},{'D5'},{'D7'},{'D6'},{'D3'},{'D1'},{'D2'},{'R3'},{'R1'},{'R2'},&,1.0,&
{'D4'},{'D5'},{'D7'},{'D6'},{'D3'},{'D1'},{'D2'},{'R3'},{'R2'},{'R1'},&,6.0,&
{'D4'},{'D5'},{'D7'},{'D6'},{'D3'},{'D1'},{'D2'},{'R2'},{'R3'},{'R1'},&,3.0,&
{'D4'},{'D5'},{'D7'},{'D6'},{'D3'},{'D1'},{'D2'},{'R2'},{'R1'},{'R3'},&,6.0,&
{'D4'},{'D5'},{'D7'},{'D6'},{'D3'},{'D1'},{'D2'},{'R1'},{'R2'},{'R3'},&,1.0,&
{'D4'},{'D5'},{'D7'},{'D6'},{'D3'},{'D1'},{'R3'},{'D2'},{'R1'},{'R2'},&,1.0,&
{'D4'},{'D5'},{'D7'},{'D6'},{'D3'},{'D1'},{'R1'},{'D2'},{'R3'},{'R2'},&,1.0,&
{'D4'},{'D5'},{'D7'},{'D6'},{'D3'},{'D1'},{'R1'},{'D2'},{'R2'},{'R3'},&,1.0,&
{'D4'},{'D5'},{'D7'},{'D6'},{'D3'},{'D1'},{'R1'},{'R2'},{'D2'},{'R3'},&,1.0,&
{'D4'},{'D5'},{'D7'},{'D6'},{'D3'},{'R2'},{'D1'},{'D2'},{'R1'},{'R3'},&,1.0,&
{'D4'},{'D5'},{'D7'},{'D6'},{'D3'},{'D2'},{'D1'},{'R3'},{'R2'},{'R1'},&,1.0,&
{'D4'},{'D5'},{'D7'},{'D6'},{'D1'},{'R2'},{'D3'},{'D2'},{'R1'},{'R3'},&,1.0,&
{'D4'},{'D5'},{'D7'},{'D6'},{'D1'},{'D3'},{'D2'},{'R3'},{'R2'},{'R1'},&,1.0,&
{'D4'},{'D5'},{'D7'},{'D6'},{'D1'},{'D3'},{'D2'},{'R2'},{'R3'},{'R1'},&,1.0,&
{'D4'},{'D5'},{'D7'},{'D6'},{'D1'},{'D3'},{'D2'},{'R2'},{'R1'},{'R3'},&,1.0,&
{'D4'},{'D5'},{'D7'},{'D6'},{'D1'},{'D3'},{'D2'},{'R1'},{'R3'},{'R2'},&,1.0,&
{'D4'},{'D5'},{'D7'},{'D6'},{'D1'},{'D3'},{'D2'},{'R1'},{'R2'},{'R3'},&,1.0,&
{'D4'},{'D5'},{'D7'},{'D6'},{'D1'},{'D3'},{'R1'},{'D2'},{'R3'},{'R2'},&,1.0,&
{'D4'},{'D5'},{'D7'},{'D6'},{'D1'},{'R3'},{'D3'},{'R2'},{'D2'},{'R1'},&,1.0,&
{'D4'},{'D5'},{'D7'},{'D6'},{'R2'},{'D3'},{'D1'},{'D2'},{'R3'},{'R1'},&,1.0,&
{'D4'},{'D5'},{'D7'},{'D3'},{'D6'},{'D1'},{'D2'},{'R3'},{'R2'},{'R1'},&,2.0,&
{'D4'},{'D5'},{'D7'},{'D3'},{'D6'},{'D1'},{'D2'},{'R2'},{'R3'},{'R1'},&,1.0,&
{'D4'},{'D5'},{'D7'},{'D3'},{'D6'},{'D1'},{'D2'},{'R2'},{'R1'},{'R3'},&,3.0,&
{'D4'},{'D5'},{'D7'},{'D3'},{'D6'},{'D1'},{'D2'},{'R1'},{'R2'},{'R3'},&,3.0,&
{'D4'},{'D5'},{'D7'},{'D3'},{'D6'},{'D1'},{'R3'},{'D2'},{'R2'},{'R1'},&,1.0,&
{'D4'},{'D5'},{'D7'},{'D3'},{'D6'},{'D1'},{'R3'},{'R1'},{'D2'},{'R2'},&,1.0,&
{'D4'},{'D5'},{'D7'},{'D3'},{'D6'},{'D1'},{'R1'},{'D2'},{'R3'},{'R2'},&,1.0,&
{'D4'},{'D5'},{'D7'},{'D3'},{'D6'},{'R1'},{'D1'},{'D2'},{'R3'},{'R2'},&,1.0,&
{'D4'},{'D5'},{'D7'},{'D3'},{'R2'},{'D1'},{'D6'},{'D2'},{'R3'},{'R1'},&,1.0,&
{'D4'},{'D5'},{'D7'},{'D2'},{'D3'},{'D6'},{'D1'},{'R2'},{'R3'},{'R1'},&,1.0,&
{'D4'},{'D5'},{'D6'},{'D1'},{'D7'},{'D3'},{'D2'},{'R2'},{'R3'},{'R1'},&,1.0,&
{'D4'},{'D5'},{'D6'},{'D3'},{'D1'},{'D7'},{'D2'},{'R2'},{'R3'},{'R1'},&,2.0,&
{'D4'},{'D5'},{'D6'},{'D3'},{'D7'},{'D1'},{'R2'},{'D2'},{'R1'},{'R3'},&,1.0,&
{'D4'},{'D5'},{'D6'},{'D3'},{'D7'},{'D1'},{'D2'},{'R3'},{'R2'},{'R1'},&,2.0,&
{'D4'},{'D5'},{'D6'},{'D3'},{'D7'},{'D1'},{'D2'},{'R2'},{'R3'},{'R1'},&,2.0,&
{'D4'},{'D5'},{'D6'},{'D3'},{'D7'},{'D1'},{'D2'},{'R2'},{'R1'},{'R3'},&,1.0,&
{'D4'},{'D5'},{'D6'},{'D3'},{'D7'},{'D1'},{'D2'},{'R1'},{'R3'},{'R2'},&,1.0,&
{'D4'},{'D5'},{'D6'},{'D3'},{'D7'},{'D1'},{'D2'},{'R1'},{'R2'},{'R3'},&,3.0,&
{'D4'},{'D5'},{'D6'},{'D3'},{'D7'},{'D1'},{'R3'},{'D2'},{'R2'},{'R1'},&,1.0,&
{'D4'},{'D5'},{'D6'},{'D7'},{'D3'},{'D1'},{'R2'},{'D2'},{'R1'},{'R3'},&,2.0,&
{'D4'},{'D5'},{'D6'},{'D7'},{'D3'},{'D1'},{'D2'},{'R2'},{'R3'},{'R1'},&,4.0,&
{'D4'},{'D5'},{'D6'},{'D7'},{'D3'},{'D1'},{'D2'},{'R1'},{'R3'},{'R2'},&,2.0,&
{'D4'},{'D5'},{'D6'},{'D7'},{'D3'},{'D1'},{'D2'},{'R1'},{'R2'},{'R3'},&,1.0,&
{'D4'},{'D5'},{'D6'},{'D7'},{'D3'},{'D1'},{'R3'},{'D2'},{'R2'},{'R1'},&,1.0,&
{'D4'},{'D5'},{'D6'},{'D7'},{'D1'},{'D3'},{'D2'},{'R3'},{'R2'},{'R1'},&,1.0,&
{'D4'},{'D5'},{'D6'},{'D7'},{'D1'},{'D3'},{'D2'},{'R2'},{'R3'},{'R1'},&,2.0,&
{'D4'},{'D5'},{'D6'},{'D7'},{'R3'},{'D3'},{'D1'},{'D2'},{'R2'},{'R1'},&,1.0,&
{'D4'},{'D5'},{'D1'},{'D6'},{'D3'},{'D7'},{'D2'},{'R3'},{'R2'},{'R1'},&,1.0,&
{'D4'},{'D5'},{'D1'},{'D3'},{'D7'},{'D6'},{'D2'},{'R3'},{'R2'},{'R1'},&,1.0,&
{'D4'},{'D5'},{'D1'},{'D3'},{'D6'},{'D7'},{'R2'},{'R1'},{'D2'},{'R3'},&,1.0,&
{'D4'},{'D5'},{'D1'},{'D7'},{'D6'},{'D3'},{'R3'},{'D2'},{'R2'},{'R1'},&,1.0,&
{'D4'},{'D1'},{'D3'},{'D5'},{'D7'},{'D6'},{'R1'},{'D2'},{'R2'},{'R3'},&,1.0,&
{'D4'},{'D1'},{'D3'},{'D6'},{'D5'},{'D7'},{'D2'},{'R2'},{'R1'},{'R3'},&,1.0,&
{'D4'},{'D1'},{'D3'},{'D6'},{'D7'},{'D5'},{'D2'},{'R3'},{'R2'},{'R1'},&,1.0,&
{'D4'},{'D1'},{'D3'},{'D6'},{'D7'},{'D5'},{'D2'},{'R2'},{'R3'},{'R1'},&,2.0,&
{'D4'},{'D1'},{'D3'},{'D6'},{'D7'},{'D5'},{'D2'},{'R2'},{'R1'},{'R3'},&,4.0,&
{'D4'},{'D1'},{'D3'},{'D6'},{'D7'},{'D5'},{'D2'},{'R1'},{'R3'},{'R2'},&,1.0,&
{'D4'},{'D1'},{'D3'},{'D6'},{'D7'},{'D5'},{'D2'},{'R1'},{'R2'},{'R3'},&,1.0,&
{'D4'},{'D1'},{'D3'},{'D6'},{'D7'},{'D5'},{'R1'},{'D2'},{'R2'},{'R3'},&,1.0,&
{'D4'},{'D1'},{'D3'},{'D7'},{'D5'},{'D6'},{'D2'},{'R3'},{'R2'},{'R1'},&,1.0,&
{'D4'},{'D1'},{'D3'},{'D7'},{'D6'},{'D5'},{'R2'},{'R1'},{'D2'},{'R3'},&,1.0,&
{'D4'},{'D1'},{'D3'},{'D7'},{'D6'},{'D5'},{'D2'},{'R3'},{'R2'},{'R1'},&,2.0,&
{'D4'},{'D1'},{'D3'},{'D7'},{'D6'},{'D5'},{'D2'},{'R2'},{'R3'},{'R1'},&,3.0,&
{'D4'},{'D1'},{'D3'},{'D7'},{'D6'},{'D5'},{'D2'},{'R2'},{'R1'},{'R3'},&,3.0,&
{'D4'},{'D1'},{'D3'},{'D7'},{'D6'},{'D5'},{'D2'},{'R1'},{'R3'},{'R2'},&,1.0,&
{'D4'},{'D1'},{'D3'},{'D7'},{'D6'},{'D5'},{'D2'},{'R1'},{'R2'},{'R3'},&,1.0,&
{'D4'},{'D1'},{'D3'},{'D7'},{'D6'},{'D5'},{'R3'},{'D2'},{'R2'},{'R1'},&,1.0,&
{'D4'},{'D1'},{'D3'},{'D7'},{'D6'},{'D5'},{'R1'},{'D2'},{'R2'},{'R3'},&,1.0,&
{'D4'},{'D1'},{'D3'},{'D7'},{'D6'},{'R2'},{'D5'},{'D2'},{'R3'},{'R1'},&,1.0,&
{'D4'},{'D1'},{'D3'},{'D7'},{'D6'},{'D2'},{'R2'},{'D5'},{'R3'},{'R1'},&,1.0,&
{'D4'},{'D1'},{'D3'},{'D7'},{'D6'},{'D2'},{'D5'},{'R3'},{'R2'},{'R1'},&,1.0,&
{'D4'},{'D1'},{'D3'},{'D7'},{'D6'},{'D2'},{'D5'},{'R2'},{'R3'},{'R1'},&,1.0,&
{'D4'},{'D1'},{'D3'},{'D7'},{'D6'},{'D2'},{'D5'},{'R1'},{'R2'},{'R3'},&,1.0,&
{'D4'},{'D1'},{'D3'},{'D7'},{'R2'},{'D6'},{'D2'},{'D5'},{'R3'},{'R1'},&,1.0,&
{'D4'},{'D1'},{'D7'},{'D5'},{'D3'},{'R3'},{'D6'},{'R2'},{'R1'},{'D2'},&,1.0,&
{'D4'},{'D1'},{'D7'},{'D5'},{'D3'},{'D6'},{'R3'},{'R2'},{'R1'},{'D2'},&,1.0,&
{'D4'},{'D1'},{'D7'},{'D5'},{'D6'},{'D3'},{'D2'},{'R3'},{'R2'},{'R1'},&,1.0,&
{'D4'},{'D1'},{'D7'},{'D5'},{'D6'},{'D3'},{'D2'},{'R2'},{'R3'},{'R1'},&,2.0,&
{'D4'},{'D1'},{'D7'},{'D5'},{'D6'},{'D3'},{'D2'},{'R2'},{'R1'},{'R3'},&,1.0,&
{'D4'},{'D1'},{'D7'},{'D6'},{'D3'},{'D5'},{'R2'},{'D2'},{'R3'},{'R1'},&,2.0,&
{'D4'},{'D1'},{'D7'},{'D6'},{'D3'},{'D5'},{'R2'},{'D2'},{'R1'},{'R3'},&,1.0,&
{'D4'},{'D1'},{'D7'},{'D6'},{'D3'},{'D5'},{'R2'},{'R3'},{'D2'},{'R1'},&,1.0,&
{'D4'},{'D1'},{'D7'},{'D6'},{'D3'},{'D5'},{'R2'},{'R1'},{'D2'},{'R3'},&,2.0,&
{'D4'},{'D1'},{'D7'},{'D6'},{'D3'},{'D5'},{'D2'},{'R3'},{'R1'},{'R2'},&,8.0,&
{'D4'},{'D1'},{'D7'},{'D6'},{'D3'},{'D5'},{'D2'},{'R3'},{'R2'},{'R1'},&,10.0,&
{'D4'},{'D1'},{'D7'},{'D6'},{'D3'},{'D5'},{'D2'},{'R2'},{'R3'},{'R1'},&,11.0,&
{'D4'},{'D1'},{'D7'},{'D6'},{'D3'},{'D5'},{'D2'},{'R2'},{'R1'},{'R3'},&,4.0,&
{'D4'},{'D1'},{'D7'},{'D6'},{'D3'},{'D5'},{'D2'},{'R1'},{'R3'},{'R2'},&,5.0,&
{'D4'},{'D1'},{'D7'},{'D6'},{'D3'},{'D5'},{'D2'},{'R1'},{'R2'},{'R3'},&,5.0,&
{'D4'},{'D1'},{'D7'},{'D6'},{'D3'},{'D5'},{'R3'},{'R2'},{'D2'},{'R1'},&,1.0,&
{'D4'},{'D1'},{'D7'},{'D6'},{'D3'},{'D5'},{'R3'},{'R1'},{'D2'},{'R2'},&,1.0,&
{'D4'},{'D1'},{'D7'},{'D6'},{'D3'},{'R2'},{'D5'},{'R1'},{'D2'},{'R3'},&,1.0,&
{'D4'},{'D1'},{'D7'},{'D6'},{'D3'},{'D2'},{'R3'},{'R2'},{'R1'},{'D5'},&,1.0,&
{'D4'},{'D1'},{'D7'},{'D6'},{'D3'},{'D2'},{'D5'},{'R1'},{'R3'},{'R2'},&,1.0,&
{'D4'},{'D1'},{'D7'},{'D6'},{'D3'},{'R1'},{'D5'},{'D2'},{'R3'},{'R2'},&,1.0,&
{'D4'},{'D1'},{'D7'},{'D6'},{'D5'},{'D3'},{'D2'},{'R3'},{'R2'},{'R1'},&,1.0,&
{'D4'},{'D1'},{'D7'},{'D6'},{'D5'},{'D3'},{'D2'},{'R2'},{'R1'},{'R3'},&,1.0,&
{'D4'},{'D1'},{'D7'},{'D6'},{'D5'},{'D3'},{'D2'},{'R1'},{'R3'},{'R2'},&,1.0,&
{'D4'},{'D1'},{'D7'},{'D6'},{'D5'},{'D3'},{'D2'},{'R1'},{'R2'},{'R3'},&,1.0,&
{'D4'},{'D1'},{'D7'},{'D6'},{'D2'},{'D3'},{'R2'},{'D5'},{'R1'},{'R3'},&,1.0,&
{'D4'},{'D1'},{'D7'},{'D6'},{'R3'},{'D5'},{'D3'},{'R2'},{'D2'},{'R1'},&,1.0,&
{'D4'},{'D1'},{'D7'},{'D3'},{'D5'},{'D6'},{'D2'},{'R1'},{'R3'},{'R2'},&,1.0,&
{'D4'},{'D1'},{'D7'},{'D3'},{'D6'},{'D5'},{'D2'},{'R3'},{'R1'},{'R2'},&,1.0,&
{'D4'},{'D1'},{'D7'},{'D3'},{'D6'},{'D5'},{'D2'},{'R3'},{'R2'},{'R1'},&,3.0,&
{'D4'},{'D1'},{'D7'},{'D3'},{'D6'},{'D5'},{'D2'},{'R2'},{'R3'},{'R1'},&,4.0,&
{'D4'},{'D1'},{'D7'},{'D3'},{'D6'},{'D5'},{'D2'},{'R2'},{'R1'},{'R3'},&,3.0,&
{'D4'},{'D1'},{'D7'},{'D3'},{'D6'},{'D5'},{'D2'},{'R1'},{'R3'},{'R2'},&,4.0,&
{'D4'},{'D1'},{'D7'},{'D3'},{'D6'},{'D5'},{'D2'},{'R1'},{'R2'},{'R3'},&,2.0,&
{'D4'},{'D1'},{'D7'},{'D3'},{'D6'},{'D5'},{'R3'},{'R2'},{'D2'},{'R1'},&,1.0,&
{'D4'},{'D1'},{'D7'},{'D3'},{'D6'},{'D5'},{'R1'},{'R2'},{'D2'},{'R3'},&,1.0,&
{'D4'},{'D1'},{'D7'},{'D3'},{'D6'},{'D2'},{'R2'},{'D5'},{'R3'},{'R1'},&,1.0,&
{'D4'},{'D1'},{'D7'},{'D3'},{'D6'},{'D2'},{'D5'},{'R3'},{'R2'},{'R1'},&,1.0,&
{'D4'},{'D1'},{'D7'},{'D3'},{'D6'},{'R1'},{'D5'},{'D2'},{'R2'},{'R3'},&,1.0,&
{'D4'},{'D1'},{'D7'},{'D3'},{'D6'},{'R1'},{'D5'},{'R2'},{'D2'},{'R3'},&,1.0,&
{'D4'},{'D1'},{'D5'},{'D3'},{'D7'},{'D6'},{'D2'},{'R2'},{'R1'},{'R3'},&,1.0,&
{'D4'},{'D1'},{'D5'},{'D7'},{'D3'},{'D6'},{'D2'},{'R3'},{'R2'},{'R1'},&,1.0,&
{'D4'},{'D1'},{'D5'},{'D7'},{'D6'},{'D3'},{'D2'},{'R2'},{'R3'},{'R1'},&,1.0,&
{'D4'},{'D1'},{'D6'},{'D5'},{'D3'},{'D7'},{'D2'},{'R2'},{'R1'},{'R3'},&,1.0,&
{'D4'},{'D1'},{'D6'},{'D5'},{'D7'},{'D3'},{'D2'},{'R2'},{'R1'},{'R3'},&,1.0,&
{'D4'},{'D1'},{'D6'},{'D5'},{'D7'},{'D3'},{'D2'},{'R1'},{'R3'},{'R2'},&,1.0,&
{'D4'},{'D1'},{'D6'},{'D3'},{'D7'},{'D5'},{'R2'},{'D2'},{'R3'},{'R1'},&,1.0,&
{'D4'},{'D1'},{'D6'},{'D3'},{'D7'},{'D5'},{'R2'},{'R1'},{'D2'},{'R3'},&,1.0,&
{'D4'},{'D1'},{'D6'},{'D3'},{'D7'},{'D5'},{'D2'},{'R3'},{'R2'},{'R1'},&,1.0,&
{'D4'},{'D1'},{'D6'},{'D3'},{'D7'},{'D5'},{'D2'},{'R2'},{'R1'},{'R3'},&,1.0,&
{'D4'},{'D1'},{'D6'},{'D3'},{'D7'},{'D5'},{'D2'},{'R1'},{'R3'},{'R2'},&,2.0,&
{'D4'},{'D1'},{'D6'},{'D3'},{'D7'},{'D5'},{'R3'},{'D2'},{'R1'},{'R2'},&,1.0,&
{'D4'},{'D1'},{'D6'},{'D3'},{'D7'},{'D5'},{'R3'},{'D2'},{'R2'},{'R1'},&,1.0,&
{'D4'},{'D1'},{'D6'},{'D3'},{'D7'},{'D5'},{'R1'},{'D2'},{'R2'},{'R3'},&,1.0,&
{'D4'},{'D1'},{'D6'},{'D3'},{'D7'},{'D2'},{'D5'},{'R3'},{'R1'},{'R2'},&,1.0,&
{'D4'},{'D1'},{'D6'},{'D3'},{'D7'},{'D2'},{'D5'},{'R3'},{'R2'},{'R1'},&,1.0,&
{'D4'},{'D1'},{'D6'},{'D7'},{'D3'},{'D5'},{'R2'},{'D2'},{'R3'},{'R1'},&,1.0,&
{'D4'},{'D1'},{'D6'},{'D7'},{'D3'},{'D5'},{'R2'},{'R1'},{'D2'},{'R3'},&,1.0,&
{'D4'},{'D1'},{'D6'},{'D7'},{'D3'},{'D5'},{'D2'},{'R3'},{'R1'},{'R2'},&,2.0,&
{'D4'},{'D1'},{'D6'},{'D7'},{'D3'},{'D5'},{'D2'},{'R3'},{'R2'},{'R1'},&,4.0,&
{'D4'},{'D1'},{'D6'},{'D7'},{'D3'},{'D5'},{'D2'},{'R2'},{'R3'},{'R1'},&,6.0,&
{'D4'},{'D1'},{'D6'},{'D7'},{'D3'},{'D5'},{'D2'},{'R1'},{'R3'},{'R2'},&,1.0,&
{'D4'},{'D1'},{'D6'},{'D7'},{'D3'},{'D5'},{'D2'},{'R1'},{'R2'},{'R3'},&,2.0,&
{'D4'},{'D1'},{'D6'},{'D7'},{'D3'},{'D5'},{'R3'},{'D2'},{'R1'},{'R2'},&,1.0,&
{'D4'},{'D1'},{'D6'},{'D7'},{'D3'},{'D5'},{'R1'},{'D2'},{'R3'},{'R2'},&,1.0,&
{'D4'},{'D1'},{'D6'},{'D7'},{'D3'},{'D2'},{'D5'},{'R2'},{'R1'},{'R3'},&,1.0,&
{'D4'},{'D1'},{'D6'},{'D7'},{'D3'},{'D2'},{'D5'},{'R1'},{'R2'},{'R3'},&,1.0,&
{'D4'},{'D1'},{'D6'},{'D7'},{'D3'},{'R3'},{'R1'},{'D5'},{'D2'},{'R2'},&,1.0,&
{'D4'},{'D1'},{'D6'},{'D7'},{'D5'},{'D3'},{'D2'},{'R3'},{'R2'},{'R1'},&,1.0,&
{'D4'},{'D1'},{'D6'},{'D7'},{'D5'},{'D3'},{'D2'},{'R2'},{'R3'},{'R1'},&,1.0,&
{'D4'},{'D1'},{'D6'},{'D7'},{'D5'},{'D3'},{'D2'},{'R1'},{'R2'},{'R3'},&,1.0,&
{'D4'},{'D1'},{'D6'},{'D7'},{'D5'},{'R3'},{'D3'},{'R1'},{'R2'},{'D2'},&,1.0,&
{'D4'},{'D1'},{'D6'},{'D7'},{'D2'},{'D3'},{'D5'},{'R3'},{'R2'},{'R1'},&,2.0,&
{'D4'},{'D1'},{'D6'},{'R3'},{'D3'},{'D7'},{'D5'},{'D2'},{'R1'},{'R2'},&,1.0,&
{'D4'},{'D1'},{'D6'},{'R3'},{'D7'},{'D3'},{'D5'},{'D2'},{'R1'},{'R2'},&,1.0,&
{'D4'},{'D2'},{'D7'},{'D6'},{'D3'},{'R3'},{'D1'},{'R1'},{'D5'},{'R2'},&,1.0,&
{'D4'},{'D2'},{'D7'},{'D6'},{'D5'},{'D3'},{'D1'},{'R3'},{'R2'},{'R1'},&,1.0,&
{'D4'},{'D2'},{'D6'},{'D1'},{'D7'},{'D3'},{'D5'},{'R2'},{'R3'},{'R1'},&,1.0,&
{'D4'},{'D2'},{'D1'},{'D6'},{'D7'},{'R2'},{'D3'},{'D5'},{'R3'},{'R1'},&,1.0,&
{'D4'},{'D2'},{'D1'},{'D7'},{'D6'},{'D3'},{'D5'},{'R3'},{'R2'},{'R1'},&,1.0,&
{'D4'},{'R3'},{'D7'},{'D3'},{'D6'},{'D1'},{'R2'},{'D5'},{'D2'},{'R1'},&,1.0,&
{'D4'},{'R3'},{'D1'},{'R1'},{'R2'},{'D2'},{'D3'},{'D5'},{'D6'},{'D7'},&,1.0,&
{'D4'},{'R3'},{'R1'},{'D1'},{'D5'},{'R2'},{'D2'},{'D3'},{'D6'},{'D7'},&,1.0,&
{'D4'},{'R3'},{'R1'},{'D5'},{'D1'},{'R2'},{'D2'},{'D3'},{'D6'},{'D7'},&,1.0,&
{'D4'},{'R3'},{'R1'},{'R2'},{'D3'},{'D2'},{'D1'},{'D5'},{'D6'},{'D7'},&,1.0,&
{'D4'},{'R3'},{'R2'},{'R1'},{'D3'},{'D5'},{'D1'},{'D2'},{'D6'},{'D7'},&,1.0,&
{'D4'},{'R3'},{'R2'},{'R1'},{'D1'},{'D3'},{'D2'},{'D5'},{'D6'},{'D7'},&,1.0,&
{'D4'},{'R3'},{'R2'},{'R1'},{'D5'},{'D1'},{'D3'},{'D2'},{'D6'},{'D7'},&,1.0,&
{'D4'},{'R1'},{'R2'},{'R3'},{'D3'},{'D1'},{'D5'},{'D6'},{'D2'},{'D7'},&,1.0,&
{'D4'},{'R1'},{'R2'},{'R3'},{'D2'},{'D5'},{'D3'},{'D1'},{'D6'},{'D7'},&,1.0,&
{'D4'},{'R2'},{'D3'},{'R1'},{'R3'},{'D5'},{'D1'},{'D2'},{'D6'},{'D7'},&,1.0,&
{'D4'},{'R2'},{'D1'},{'R3'},{'R1'},{'D2'},{'D3'},{'D5'},{'D6'},{'D7'},&,1.0,&
{'D4'},{'R2'},{'R3'},{'R1'},{'D1'},{'D3'},{'D5'},{'D6'},{'D2'},{'D7'},&,1.0,&
{'D4'},{'R2'},{'R1'},{'D1'},{'R3'},{'D3'},{'D2'},{'D5'},{'D6'},{'D7'},&,1.0,&
{'D4'},{'R2'},{'R1'},{'D3'},{'R3'},{'D5'},{'D2'},{'D1'},{'D6'},{'D7'},&,1.0,&
{'D4'},{'R2'},{'R1'},{'R3'},{'D3'},{'D5'},{'D6'},{'D2'},{'D1'},{'D7'},&,1.0,&
{'D4'},{'R2'},{'R1'},{'R3'},{'D3'},{'D1'},{'D5'},{'D2'},{'D6'},{'D7'},&,1.0,&
{'D4'},{'R2'},{'R1'},{'R3'},{'D1'},{'D3'},{'D5'},{'D2'},{'D6'},{'D7'},&,1.0,&
{'D4'},{'R2'},{'R1'},{'R3'},{'D1'},{'D2'},{'D3'},{'D5'},{'D6'},{'D7'},&,1.0,&
{'D4'},{'R2'},{'R1'},{'R3'},{'D2'},{'D5'},{'D1'},{'D3'},{'D6'},{'D7'},&,1.0,&
{'D5'},{'D7'},{'D4'},{'D1'},{'D3'},{'D6'},{'D2'},{'R3'},{'R2'},{'R1'},&,1.0,&
{'D5'},{'D7'},{'D4'},{'D1'},{'D6'},{'D3'},{'D2'},{'R3'},{'R1'},{'R2'},&,1.0,&
{'D5'},{'D7'},{'D4'},{'D1'},{'D6'},{'D3'},{'D2'},{'R2'},{'R3'},{'R1'},&,1.0,&
{'D5'},{'D7'},{'D4'},{'D1'},{'D6'},{'D3'},{'D2'},{'R2'},{'R1'},{'R3'},&,1.0,&
{'D5'},{'D7'},{'D4'},{'D1'},{'D6'},{'D3'},{'D2'},{'R1'},{'R2'},{'R3'},&,1.0,&
{'D5'},{'D7'},{'D4'},{'D1'},{'D6'},{'D3'},{'R1'},{'D2'},{'R2'},{'R3'},&,1.0,&
{'D5'},{'D7'},{'D4'},{'D1'},{'R1'},{'D6'},{'D3'},{'D2'},{'R3'},{'R2'},&,1.0,&
{'D5'},{'D7'},{'D4'},{'D6'},{'D3'},{'D1'},{'R2'},{'D2'},{'R1'},{'R3'},&,4.0,&
{'D5'},{'D7'},{'D4'},{'D6'},{'D3'},{'D1'},{'D2'},{'R3'},{'R1'},{'R2'},&,1.0,&
{'D5'},{'D7'},{'D4'},{'D6'},{'D3'},{'D1'},{'D2'},{'R3'},{'R2'},{'R1'},&,3.0,&
{'D5'},{'D7'},{'D4'},{'D6'},{'D3'},{'D1'},{'D2'},{'R2'},{'R3'},{'R1'},&,14.0,&
{'D5'},{'D7'},{'D4'},{'D6'},{'D3'},{'D1'},{'D2'},{'R2'},{'R1'},{'R3'},&,4.0,&
{'D5'},{'D7'},{'D4'},{'D6'},{'D3'},{'D1'},{'D2'},{'R1'},{'R3'},{'R2'},&,3.0,&
{'D5'},{'D7'},{'D4'},{'D6'},{'D3'},{'D1'},{'D2'},{'R1'},{'R2'},{'R3'},&,6.0,&
{'D5'},{'D7'},{'D4'},{'D6'},{'D3'},{'D1'},{'R3'},{'D2'},{'R1'},{'R2'},&,2.0,&
{'D5'},{'D7'},{'D4'},{'D6'},{'D3'},{'D1'},{'R3'},{'D2'},{'R2'},{'R1'},&,1.0,&
{'D5'},{'D7'},{'D4'},{'D6'},{'D3'},{'D1'},{'R1'},{'D2'},{'R3'},{'R2'},&,2.0,&
{'D5'},{'D7'},{'D4'},{'D6'},{'D3'},{'D1'},{'R1'},{'D2'},{'R2'},{'R3'},&,1.0,&
{'D5'},{'D7'},{'D4'},{'D6'},{'D3'},{'D2'},{'D1'},{'R3'},{'R1'},{'R2'},&,1.0,&
{'D5'},{'D7'},{'D4'},{'D6'},{'D3'},{'D2'},{'D1'},{'R2'},{'R3'},{'R1'},&,1.0,&
{'D5'},{'D7'},{'D4'},{'D6'},{'D3'},{'D2'},{'D1'},{'R1'},{'R2'},{'R3'},&,1.0,&
{'D5'},{'D7'},{'D4'},{'D6'},{'D3'},{'R3'},{'D2'},{'R1'},{'D1'},{'R2'},&,1.0,&
{'D5'},{'D7'},{'D4'},{'D6'},{'D3'},{'R3'},{'D1'},{'D2'},{'R2'},{'R1'},&,1.0,&
{'D5'},{'D7'},{'D4'},{'D6'},{'D1'},{'R2'},{'D3'},{'D2'},{'R1'},{'R3'},&,1.0,&
{'D5'},{'D7'},{'D4'},{'D6'},{'D1'},{'D3'},{'R2'},{'D2'},{'R3'},{'R1'},&,1.0,&
{'D5'},{'D7'},{'D4'},{'D6'},{'D1'},{'D3'},{'D2'},{'R3'},{'R2'},{'R1'},&,1.0,&
{'D5'},{'D7'},{'D4'},{'D6'},{'D1'},{'D3'},{'D2'},{'R2'},{'R3'},{'R1'},&,1.0,&
{'D5'},{'D7'},{'D4'},{'D6'},{'D1'},{'D3'},{'D2'},{'R2'},{'R1'},{'R3'},&,4.0,&
{'D5'},{'D7'},{'D4'},{'D6'},{'D1'},{'D3'},{'D2'},{'R1'},{'R2'},{'R3'},&,1.0,&
{'D5'},{'D7'},{'D4'},{'D6'},{'D1'},{'D3'},{'R3'},{'D2'},{'R2'},{'R1'},&,1.0,&
{'D5'},{'D7'},{'D4'},{'D6'},{'D2'},{'D3'},{'D1'},{'R1'},{'R2'},{'R3'},&,1.0,&
{'D5'},{'D7'},{'D4'},{'D3'},{'D1'},{'R2'},{'D6'},{'D2'},{'R3'},{'R1'},&,1.0,&
{'D5'},{'D7'},{'D4'},{'D3'},{'D1'},{'D6'},{'D2'},{'R3'},{'R2'},{'R1'},&,1.0,&
{'D5'},{'D7'},{'D4'},{'D3'},{'D1'},{'D6'},{'D2'},{'R2'},{'R3'},{'R1'},&,1.0,&
{'D5'},{'D7'},{'D4'},{'D3'},{'D6'},{'D1'},{'R2'},{'D2'},{'R3'},{'R1'},&,1.0,&
{'D5'},{'D7'},{'D4'},{'D3'},{'D6'},{'D1'},{'R2'},{'D2'},{'R1'},{'R3'},&,1.0,&
{'D5'},{'D7'},{'D4'},{'D3'},{'D6'},{'D1'},{'D2'},{'R3'},{'R1'},{'R2'},&,3.0,&
{'D5'},{'D7'},{'D4'},{'D3'},{'D6'},{'D1'},{'D2'},{'R3'},{'R2'},{'R1'},&,3.0,&
{'D5'},{'D7'},{'D4'},{'D3'},{'D6'},{'D1'},{'D2'},{'R2'},{'R3'},{'R1'},&,5.0,&
{'D5'},{'D7'},{'D4'},{'D3'},{'D6'},{'D1'},{'D2'},{'R2'},{'R1'},{'R3'},&,6.0,&
{'D5'},{'D7'},{'D4'},{'D3'},{'D6'},{'D1'},{'D2'},{'R1'},{'R3'},{'R2'},&,1.0,&
{'D5'},{'D7'},{'D4'},{'D3'},{'D6'},{'D1'},{'D2'},{'R1'},{'R2'},{'R3'},&,2.0,&
{'D5'},{'D7'},{'D4'},{'D3'},{'D6'},{'D1'},{'R1'},{'D2'},{'R3'},{'R2'},&,1.0,&
{'D5'},{'D7'},{'D4'},{'D3'},{'D6'},{'D1'},{'R1'},{'D2'},{'R2'},{'R3'},&,1.0,&
{'D5'},{'D7'},{'D4'},{'D2'},{'D6'},{'D3'},{'R1'},{'R3'},{'D1'},{'R2'},&,1.0,&
{'D5'},{'D7'},{'D3'},{'D1'},{'D4'},{'D6'},{'D2'},{'R3'},{'R1'},{'R2'},&,1.0,&
{'D5'},{'D7'},{'D3'},{'D1'},{'D4'},{'D6'},{'D2'},{'R1'},{'R3'},{'R2'},&,1.0,&
{'D5'},{'D7'},{'D3'},{'D1'},{'D4'},{'D6'},{'R1'},{'R2'},{'R3'},{'D2'},&,1.0,&
{'D5'},{'D7'},{'D3'},{'D1'},{'D6'},{'D4'},{'D2'},{'R3'},{'R1'},{'R2'},&,4.0,&
{'D5'},{'D7'},{'D3'},{'D1'},{'D6'},{'D4'},{'D2'},{'R3'},{'R2'},{'R1'},&,2.0,&
{'D5'},{'D7'},{'D3'},{'D1'},{'D6'},{'D4'},{'D2'},{'R2'},{'R3'},{'R1'},&,5.0,&
{'D5'},{'D7'},{'D3'},{'D1'},{'D6'},{'D4'},{'D2'},{'R2'},{'R1'},{'R3'},&,1.0,&
{'D5'},{'D7'},{'D3'},{'D1'},{'D6'},{'D4'},{'D2'},{'R1'},{'R3'},{'R2'},&,1.0,&
{'D5'},{'D7'},{'D3'},{'D1'},{'D6'},{'D4'},{'D2'},{'R1'},{'R2'},{'R3'},&,1.0,&
{'D5'},{'D7'},{'D3'},{'D1'},{'D6'},{'D4'},{'R3'},{'R2'},{'R1'},{'D2'},&,1.0,&
{'D5'},{'D7'},{'D3'},{'D1'},{'D6'},{'D4'},{'R1'},{'D2'},{'R3'},{'R2'},&,1.0,&
{'D5'},{'D7'},{'D3'},{'D1'},{'D6'},{'D4'},{'R1'},{'D2'},{'R2'},{'R3'},&,1.0,&
{'D5'},{'D7'},{'D3'},{'D1'},{'D6'},{'D4'},{'R1'},{'R3'},{'D2'},{'R2'},&,1.0,&
{'D5'},{'D7'},{'D3'},{'D1'},{'D6'},{'R2'},{'D4'},{'D2'},{'R3'},{'R1'},&,1.0,&
{'D5'},{'D7'},{'D3'},{'D1'},{'D6'},{'R2'},{'D4'},{'R3'},{'D2'},{'R1'},&,1.0,&
{'D5'},{'D7'},{'D3'},{'D1'},{'D6'},{'D2'},{'R3'},{'R1'},{'R2'},{'D4'},&,1.0,&
{'D5'},{'D7'},{'D3'},{'D1'},{'D6'},{'D2'},{'D4'},{'R2'},{'R1'},{'R3'},&,1.0,&
{'D5'},{'D7'},{'D3'},{'D1'},{'D6'},{'R3'},{'D4'},{'D2'},{'R1'},{'R2'},&,1.0,&
{'D5'},{'D7'},{'D3'},{'D1'},{'D6'},{'R3'},{'D4'},{'D2'},{'R2'},{'R1'},&,1.0,&
{'D5'},{'D7'},{'D3'},{'D4'},{'D1'},{'D6'},{'D2'},{'R2'},{'R1'},{'R3'},&,1.0,&
{'D5'},{'D7'},{'D3'},{'D4'},{'D2'},{'D6'},{'D1'},{'R1'},{'R2'},{'R3'},&,1.0,&
{'D5'},{'D7'},{'D3'},{'D4'},{'D6'},{'D1'},{'R2'},{'D2'},{'R3'},{'R1'},&,2.0,&
{'D5'},{'D7'},{'D3'},{'D4'},{'D6'},{'D1'},{'R2'},{'D2'},{'R1'},{'R3'},&,1.0,&
{'D5'},{'D7'},{'D3'},{'D4'},{'D6'},{'D1'},{'R2'},{'R3'},{'D2'},{'R1'},&,1.0,&
{'D5'},{'D7'},{'D3'},{'D4'},{'D6'},{'D1'},{'D2'},{'R3'},{'R1'},{'R2'},&,1.0,&
{'D5'},{'D7'},{'D3'},{'D4'},{'D6'},{'D1'},{'D2'},{'R3'},{'R2'},{'R1'},&,3.0,&
{'D5'},{'D7'},{'D3'},{'D4'},{'D6'},{'D1'},{'D2'},{'R2'},{'R3'},{'R1'},&,8.0,&
{'D5'},{'D7'},{'D3'},{'D4'},{'D6'},{'D1'},{'D2'},{'R2'},{'R1'},{'R3'},&,1.0,&
{'D5'},{'D7'},{'D3'},{'D4'},{'D6'},{'D1'},{'D2'},{'R1'},{'R3'},{'R2'},&,2.0,&
{'D5'},{'D7'},{'D3'},{'D4'},{'D6'},{'D1'},{'D2'},{'R1'},{'R2'},{'R3'},&,1.0,&
{'D5'},{'D7'},{'D3'},{'D4'},{'D6'},{'D1'},{'R1'},{'D2'},{'R2'},{'R3'},&,1.0,&
{'D5'},{'D7'},{'D3'},{'D4'},{'D6'},{'D1'},{'R1'},{'R3'},{'D2'},{'R2'},&,1.0,&
{'D5'},{'D7'},{'D3'},{'D4'},{'D6'},{'R2'},{'R3'},{'D1'},{'D2'},{'R1'},&,1.0,&
{'D5'},{'D7'},{'D3'},{'D4'},{'D6'},{'R2'},{'D1'},{'D2'},{'R3'},{'R1'},&,1.0,&
{'D5'},{'D7'},{'D3'},{'D4'},{'D6'},{'R2'},{'D1'},{'D2'},{'R1'},{'R3'},&,1.0,&
{'D5'},{'D7'},{'D3'},{'D4'},{'D6'},{'D2'},{'D1'},{'R2'},{'R3'},{'R1'},&,1.0,&
{'D5'},{'D7'},{'D3'},{'D4'},{'R2'},{'D1'},{'D6'},{'D2'},{'R1'},{'R3'},&,1.0,&
{'D5'},{'D7'},{'D3'},{'D6'},{'D1'},{'D4'},{'R2'},{'D2'},{'R3'},{'R1'},&,1.0,&
{'D5'},{'D7'},{'D3'},{'D6'},{'D1'},{'D4'},{'R2'},{'D2'},{'R1'},{'R3'},&,2.0,&
{'D5'},{'D7'},{'D3'},{'D6'},{'D1'},{'D4'},{'R2'},{'R3'},{'D2'},{'R1'},&,2.0,&
{'D5'},{'D7'},{'D3'},{'D6'},{'D1'},{'D4'},{'D2'},{'R3'},{'R1'},{'R2'},&,4.0,&
{'D5'},{'D7'},{'D3'},{'D6'},{'D1'},{'D4'},{'D2'},{'R3'},{'R2'},{'R1'},&,5.0,&
{'D5'},{'D7'},{'D3'},{'D6'},{'D1'},{'D4'},{'D2'},{'R2'},{'R3'},{'R1'},&,6.0,&
{'D5'},{'D7'},{'D3'},{'D6'},{'D1'},{'D4'},{'D2'},{'R2'},{'R1'},{'R3'},&,11.0,&
{'D5'},{'D7'},{'D3'},{'D6'},{'D1'},{'D4'},{'D2'},{'R1'},{'R3'},{'R2'},&,8.0,&
{'D5'},{'D7'},{'D3'},{'D6'},{'D1'},{'D4'},{'D2'},{'R1'},{'R2'},{'R3'},&,7.0,&
{'D5'},{'D7'},{'D3'},{'D6'},{'D1'},{'D4'},{'R3'},{'D2'},{'R2'},{'R1'},&,1.0,&
{'D5'},{'D7'},{'D3'},{'D6'},{'D1'},{'D4'},{'R3'},{'R2'},{'D2'},{'R1'},&,1.0,&
{'D5'},{'D7'},{'D3'},{'D6'},{'D1'},{'D4'},{'R1'},{'D2'},{'R3'},{'R2'},&,1.0,&
{'D5'},{'D7'},{'D3'},{'D6'},{'D1'},{'D4'},{'R1'},{'D2'},{'R2'},{'R3'},&,2.0,&
{'D5'},{'D7'},{'D3'},{'D6'},{'D1'},{'D4'},{'R1'},{'R2'},{'D2'},{'R3'},&,1.0,&
{'D5'},{'D7'},{'D3'},{'D6'},{'D1'},{'R2'},{'D4'},{'D2'},{'R1'},{'R3'},&,1.0,&
{'D5'},{'D7'},{'D3'},{'D6'},{'D1'},{'D2'},{'R1'},{'R3'},{'R2'},{'D4'},&,1.0,&
{'D5'},{'D7'},{'D3'},{'D6'},{'D1'},{'D2'},{'D4'},{'R2'},{'R3'},{'R1'},&,2.0,&
{'D5'},{'D7'},{'D3'},{'D6'},{'D1'},{'R1'},{'D4'},{'R2'},{'D2'},{'R3'},&,1.0,&
{'D5'},{'D7'},{'D3'},{'D6'},{'D1'},{'R3'},{'D4'},{'R2'},{'D2'},{'R1'},&,1.0,&
{'D5'},{'D7'},{'D3'},{'D6'},{'D4'},{'D1'},{'R2'},{'D2'},{'R3'},{'R1'},&,6.0,&
{'D5'},{'D7'},{'D3'},{'D6'},{'D4'},{'D1'},{'R2'},{'D2'},{'R1'},{'R3'},&,2.0,&
{'D5'},{'D7'},{'D3'},{'D6'},{'D4'},{'D1'},{'R2'},{'R3'},{'D2'},{'R1'},&,3.0,&
{'D5'},{'D7'},{'D3'},{'D6'},{'D4'},{'D1'},{'R2'},{'R1'},{'D2'},{'R3'},&,2.0,&
{'D5'},{'D7'},{'D3'},{'D6'},{'D4'},{'D1'},{'D2'},{'R3'},{'R1'},{'R2'},&,11.0,&
{'D5'},{'D7'},{'D3'},{'D6'},{'D4'},{'D1'},{'D2'},{'R3'},{'R2'},{'R1'},&,9.0,&
{'D5'},{'D7'},{'D3'},{'D6'},{'D4'},{'D1'},{'D2'},{'R2'},{'R3'},{'R1'},&,19.0,&
{'D5'},{'D7'},{'D3'},{'D6'},{'D4'},{'D1'},{'D2'},{'R2'},{'R1'},{'R3'},&,7.0,&
{'D5'},{'D7'},{'D3'},{'D6'},{'D4'},{'D1'},{'D2'},{'R1'},{'R3'},{'R2'},&,2.0,&
{'D5'},{'D7'},{'D3'},{'D6'},{'D4'},{'D1'},{'D2'},{'R1'},{'R2'},{'R3'},&,6.0,&
{'D5'},{'D7'},{'D3'},{'D6'},{'D4'},{'D1'},{'R3'},{'D2'},{'R1'},{'R2'},&,2.0,&
{'D5'},{'D7'},{'D3'},{'D6'},{'D4'},{'D1'},{'R3'},{'D2'},{'R2'},{'R1'},&,1.0,&
{'D5'},{'D7'},{'D3'},{'D6'},{'D4'},{'D1'},{'R3'},{'R2'},{'D2'},{'R1'},&,1.0,&
{'D5'},{'D7'},{'D3'},{'D6'},{'D4'},{'D1'},{'R1'},{'D2'},{'R2'},{'R3'},&,3.0,&
{'D5'},{'D7'},{'D3'},{'D6'},{'D4'},{'R2'},{'D1'},{'D2'},{'R3'},{'R1'},&,3.0,&
{'D5'},{'D7'},{'D3'},{'D6'},{'D4'},{'D2'},{'D1'},{'R3'},{'R2'},{'R1'},&,1.0,&
{'D5'},{'D7'},{'D3'},{'D6'},{'D4'},{'D2'},{'D1'},{'R1'},{'R2'},{'R3'},&,1.0,&
{'D5'},{'D7'},{'D3'},{'D6'},{'D4'},{'R1'},{'D1'},{'D2'},{'R3'},{'R2'},&,1.0,&
{'D5'},{'D7'},{'D3'},{'D6'},{'D4'},{'R3'},{'D1'},{'R1'},{'R2'},{'D2'},&,1.0,&
{'D5'},{'D7'},{'D3'},{'D6'},{'D2'},{'D4'},{'D1'},{'R3'},{'R2'},{'R1'},&,2.0,&
{'D5'},{'D7'},{'D3'},{'D6'},{'D2'},{'D4'},{'D1'},{'R2'},{'R1'},{'R3'},&,2.0,&
{'D5'},{'D7'},{'D3'},{'D6'},{'D2'},{'D1'},{'D4'},{'R1'},{'R3'},{'R2'},&,1.0,&
{'D5'},{'D7'},{'D3'},{'D6'},{'D2'},{'R2'},{'D4'},{'D1'},{'R1'},{'R3'},&,1.0,&
{'D5'},{'D7'},{'D3'},{'D2'},{'D1'},{'D6'},{'D4'},{'R2'},{'R1'},{'R3'},&,1.0,&
{'D5'},{'D7'},{'D3'},{'D2'},{'D4'},{'D6'},{'D1'},{'R1'},{'R2'},{'R3'},&,1.0,&
{'D5'},{'D7'},{'D3'},{'D2'},{'D6'},{'D4'},{'R2'},{'D1'},{'R3'},{'R1'},&,1.0,&
{'D5'},{'D7'},{'D3'},{'R3'},{'D6'},{'D1'},{'D4'},{'D2'},{'R1'},{'R2'},&,1.0,&
{'D5'},{'D7'},{'D6'},{'D1'},{'D3'},{'D4'},{'R2'},{'D2'},{'R3'},{'R1'},&,3.0,&
{'D5'},{'D7'},{'D6'},{'D1'},{'D3'},{'D4'},{'R2'},{'D2'},{'R1'},{'R3'},&,2.0,&
{'D5'},{'D7'},{'D6'},{'D1'},{'D3'},{'D4'},{'R2'},{'R3'},{'D2'},{'R1'},&,1.0,&
{'D5'},{'D7'},{'D6'},{'D1'},{'D3'},{'D4'},{'D2'},{'R3'},{'R1'},{'R2'},&,2.0,&
{'D5'},{'D7'},{'D6'},{'D1'},{'D3'},{'D4'},{'D2'},{'R3'},{'R2'},{'R1'},&,8.0,&
{'D5'},{'D7'},{'D6'},{'D1'},{'D3'},{'D4'},{'D2'},{'R2'},{'R3'},{'R1'},&,12.0,&
{'D5'},{'D7'},{'D6'},{'D1'},{'D3'},{'D4'},{'D2'},{'R2'},{'R1'},{'R3'},&,8.0,&
{'D5'},{'D7'},{'D6'},{'D1'},{'D3'},{'D4'},{'D2'},{'R1'},{'R3'},{'R2'},&,3.0,&
{'D5'},{'D7'},{'D6'},{'D1'},{'D3'},{'D4'},{'D2'},{'R1'},{'R2'},{'R3'},&,9.0,&
{'D5'},{'D7'},{'D6'},{'D1'},{'D3'},{'D4'},{'R3'},{'D2'},{'R2'},{'R1'},&,2.0,&
{'D5'},{'D7'},{'D6'},{'D1'},{'D3'},{'D4'},{'R3'},{'R2'},{'R1'},{'D2'},&,1.0,&
{'D5'},{'D7'},{'D6'},{'D1'},{'D3'},{'D4'},{'R3'},{'R1'},{'D2'},{'R2'},&,1.0,&
{'D5'},{'D7'},{'D6'},{'D1'},{'D3'},{'R2'},{'D2'},{'D4'},{'R3'},{'R1'},&,1.0,&
{'D5'},{'D7'},{'D6'},{'D1'},{'D3'},{'R2'},{'D4'},{'D2'},{'R3'},{'R1'},&,2.0,&
{'D5'},{'D7'},{'D6'},{'D1'},{'D3'},{'R1'},{'D4'},{'D2'},{'R2'},{'R3'},&,2.0,&
{'D5'},{'D7'},{'D6'},{'D1'},{'D4'},{'D3'},{'R2'},{'D2'},{'R3'},{'R1'},&,2.0,&
{'D5'},{'D7'},{'D6'},{'D1'},{'D4'},{'D3'},{'R2'},{'R1'},{'D2'},{'R3'},&,1.0,&
{'D5'},{'D7'},{'D6'},{'D1'},{'D4'},{'D3'},{'D2'},{'R3'},{'R1'},{'R2'},&,1.0,&
{'D5'},{'D7'},{'D6'},{'D1'},{'D4'},{'D3'},{'D2'},{'R3'},{'R2'},{'R1'},&,4.0,&
{'D5'},{'D7'},{'D6'},{'D1'},{'D4'},{'D3'},{'D2'},{'R2'},{'R3'},{'R1'},&,4.0,&
{'D5'},{'D7'},{'D6'},{'D1'},{'D4'},{'D3'},{'D2'},{'R2'},{'R1'},{'R3'},&,3.0,&
{'D5'},{'D7'},{'D6'},{'D1'},{'D4'},{'D3'},{'D2'},{'R1'},{'R2'},{'R3'},&,2.0,&
{'D5'},{'D7'},{'D6'},{'D1'},{'D4'},{'D3'},{'R3'},{'D2'},{'R2'},{'R1'},&,1.0,&
{'D5'},{'D7'},{'D6'},{'D1'},{'D4'},{'D3'},{'R1'},{'D2'},{'R2'},{'R3'},&,2.0,&
{'D5'},{'D7'},{'D6'},{'D1'},{'D4'},{'R1'},{'D3'},{'R2'},{'D2'},{'R3'},&,1.0,&
{'D5'},{'D7'},{'D6'},{'D1'},{'D4'},{'R3'},{'D3'},{'D2'},{'R2'},{'R1'},&,1.0,&
{'D5'},{'D7'},{'D6'},{'D1'},{'D4'},{'R3'},{'D3'},{'R1'},{'D2'},{'R2'},&,1.0,&
{'D5'},{'D7'},{'D6'},{'D1'},{'R1'},{'D3'},{'D4'},{'D2'},{'R3'},{'R2'},&,1.0,&
{'D5'},{'D7'},{'D6'},{'D1'},{'R2'},{'D4'},{'D3'},{'D2'},{'R1'},{'R3'},&,1.0,&
{'D5'},{'D7'},{'D6'},{'D4'},{'D3'},{'D1'},{'R2'},{'D2'},{'R3'},{'R1'},&,2.0,&
{'D5'},{'D7'},{'D6'},{'D4'},{'D3'},{'D1'},{'R2'},{'D2'},{'R1'},{'R3'},&,4.0,&
{'D5'},{'D7'},{'D6'},{'D4'},{'D3'},{'D1'},{'R2'},{'R1'},{'D2'},{'R3'},&,1.0,&
{'D5'},{'D7'},{'D6'},{'D4'},{'D3'},{'D1'},{'D2'},{'R3'},{'R1'},{'R2'},&,6.0,&
{'D5'},{'D7'},{'D6'},{'D4'},{'D3'},{'D1'},{'D2'},{'R3'},{'R2'},{'R1'},&,16.0,&
{'D5'},{'D7'},{'D6'},{'D4'},{'D3'},{'D1'},{'D2'},{'R2'},{'R3'},{'R1'},&,13.0,&
{'D5'},{'D7'},{'D6'},{'D4'},{'D3'},{'D1'},{'D2'},{'R2'},{'R1'},{'R3'},&,15.0,&
{'D5'},{'D7'},{'D6'},{'D4'},{'D3'},{'D1'},{'D2'},{'R1'},{'R3'},{'R2'},&,8.0,&
{'D5'},{'D7'},{'D6'},{'D4'},{'D3'},{'D1'},{'D2'},{'R1'},{'R2'},{'R3'},&,7.0,&
{'D5'},{'D7'},{'D6'},{'D4'},{'D3'},{'D1'},{'R3'},{'D2'},{'R1'},{'R2'},&,1.0,&
{'D5'},{'D7'},{'D6'},{'D4'},{'D3'},{'D1'},{'R3'},{'D2'},{'R2'},{'R1'},&,3.0,&
{'D5'},{'D7'},{'D6'},{'D4'},{'D3'},{'D1'},{'R3'},{'R2'},{'D2'},{'R1'},&,1.0,&
{'D5'},{'D7'},{'D6'},{'D4'},{'D3'},{'D1'},{'R3'},{'R1'},{'D2'},{'R2'},&,2.0,&
{'D5'},{'D7'},{'D6'},{'D4'},{'D3'},{'D1'},{'R1'},{'D2'},{'R2'},{'R3'},&,1.0,&
{'D5'},{'D7'},{'D6'},{'D4'},{'D3'},{'D1'},{'R1'},{'R2'},{'D2'},{'R3'},&,2.0,&
{'D5'},{'D7'},{'D6'},{'D4'},{'D3'},{'R2'},{'D1'},{'D2'},{'R1'},{'R3'},&,1.0,&
{'D5'},{'D7'},{'D6'},{'D4'},{'D3'},{'R2'},{'D1'},{'R3'},{'D2'},{'R1'},&,1.0,&
{'D5'},{'D7'},{'D6'},{'D4'},{'D3'},{'D2'},{'R1'},{'D1'},{'R2'},{'R3'},&,1.0,&
{'D5'},{'D7'},{'D6'},{'D4'},{'D3'},{'D2'},{'D1'},{'R3'},{'R2'},{'R1'},&,1.0,&
{'D5'},{'D7'},{'D6'},{'D4'},{'D3'},{'D2'},{'D1'},{'R2'},{'R1'},{'R3'},&,2.0,&
{'D5'},{'D7'},{'D6'},{'D4'},{'D3'},{'R3'},{'R1'},{'D1'},{'D2'},{'R2'},&,1.0,&
{'D5'},{'D7'},{'D6'},{'D4'},{'D3'},{'R3'},{'D1'},{'D2'},{'R1'},{'R2'},&,1.0,&
{'D5'},{'D7'},{'D6'},{'D4'},{'D3'},{'R3'},{'D1'},{'D2'},{'R2'},{'R1'},&,3.0,&
{'D5'},{'D7'},{'D6'},{'D4'},{'D1'},{'D3'},{'R2'},{'D2'},{'R3'},{'R1'},&,1.0,&
{'D5'},{'D7'},{'D6'},{'D4'},{'D1'},{'D3'},{'D2'},{'R3'},{'R1'},{'R2'},&,1.0,&
{'D5'},{'D7'},{'D6'},{'D4'},{'D1'},{'D3'},{'D2'},{'R3'},{'R2'},{'R1'},&,2.0,&
{'D5'},{'D7'},{'D6'},{'D4'},{'D1'},{'D3'},{'D2'},{'R2'},{'R3'},{'R1'},&,8.0,&
{'D5'},{'D7'},{'D6'},{'D4'},{'D1'},{'D3'},{'D2'},{'R2'},{'R1'},{'R3'},&,2.0,&
{'D5'},{'D7'},{'D6'},{'D4'},{'D1'},{'D3'},{'D2'},{'R1'},{'R3'},{'R2'},&,1.0,&
{'D5'},{'D7'},{'D6'},{'D4'},{'D1'},{'D3'},{'D2'},{'R1'},{'R2'},{'R3'},&,5.0,&
{'D5'},{'D7'},{'D6'},{'D4'},{'D1'},{'D3'},{'R1'},{'D2'},{'R3'},{'R2'},&,1.0,&
{'D5'},{'D7'},{'D6'},{'D4'},{'D1'},{'D3'},{'R1'},{'D2'},{'R2'},{'R3'},&,3.0,&
{'D5'},{'D7'},{'D6'},{'D4'},{'D1'},{'D3'},{'R1'},{'R3'},{'R2'},{'D2'},&,1.0,&
{'D5'},{'D7'},{'D6'},{'D4'},{'D2'},{'D1'},{'D3'},{'R1'},{'R3'},{'R2'},&,1.0,&
{'D5'},{'D7'},{'D6'},{'D4'},{'D2'},{'D1'},{'D3'},{'R1'},{'R2'},{'R3'},&,1.0,&
{'D5'},{'D7'},{'D6'},{'D4'},{'D2'},{'D3'},{'D1'},{'R2'},{'R3'},{'R1'},&,1.0,&
{'D5'},{'D7'},{'D6'},{'D4'},{'R2'},{'D3'},{'D1'},{'D2'},{'R1'},{'R3'},&,1.0,&
{'D5'},{'D7'},{'D6'},{'D4'},{'R2'},{'D3'},{'D1'},{'R3'},{'D2'},{'R1'},&,1.0,&
{'D5'},{'D7'},{'D6'},{'D4'},{'R2'},{'D3'},{'D1'},{'R1'},{'R3'},{'D2'},&,1.0,&
{'D5'},{'D7'},{'D6'},{'D4'},{'R3'},{'D3'},{'D1'},{'D2'},{'R1'},{'R2'},&,1.0,&
{'D5'},{'D7'},{'D6'},{'D3'},{'D1'},{'D4'},{'R2'},{'D2'},{'R3'},{'R1'},&,6.0,&
{'D5'},{'D7'},{'D6'},{'D3'},{'D1'},{'D4'},{'R2'},{'D2'},{'R1'},{'R3'},&,2.0,&
{'D5'},{'D7'},{'D6'},{'D3'},{'D1'},{'D4'},{'R2'},{'R3'},{'D2'},{'R1'},&,3.0,&
{'D5'},{'D7'},{'D6'},{'D3'},{'D1'},{'D4'},{'R2'},{'R1'},{'D2'},{'R3'},&,1.0,&
{'D5'},{'D7'},{'D6'},{'D3'},{'D1'},{'D4'},{'D2'},{'R3'},{'R1'},{'R2'},&,6.0,&
{'D5'},{'D7'},{'D6'},{'D3'},{'D1'},{'D4'},{'D2'},{'R3'},{'R2'},{'R1'},&,14.0,&
{'D5'},{'D7'},{'D6'},{'D3'},{'D1'},{'D4'},{'D2'},{'R2'},{'R3'},{'R1'},&,16.0,&
{'D5'},{'D7'},{'D6'},{'D3'},{'D1'},{'D4'},{'D2'},{'R2'},{'R1'},{'R3'},&,16.0,&
{'D5'},{'D7'},{'D6'},{'D3'},{'D1'},{'D4'},{'D2'},{'R1'},{'R3'},{'R2'},&,9.0,&
{'D5'},{'D7'},{'D6'},{'D3'},{'D1'},{'D4'},{'D2'},{'R1'},{'R2'},{'R3'},&,7.0,&
{'D5'},{'D7'},{'D6'},{'D3'},{'D1'},{'D4'},{'R3'},{'D2'},{'R1'},{'R2'},&,4.0,&
{'D5'},{'D7'},{'D6'},{'D3'},{'D1'},{'D4'},{'R3'},{'D2'},{'R2'},{'R1'},&,2.0,&
{'D5'},{'D7'},{'D6'},{'D3'},{'D1'},{'D4'},{'R3'},{'R2'},{'D2'},{'R1'},&,3.0,&
{'D5'},{'D7'},{'D6'},{'D3'},{'D1'},{'D4'},{'R1'},{'D2'},{'R3'},{'R2'},&,4.0,&
{'D5'},{'D7'},{'D6'},{'D3'},{'D1'},{'D4'},{'R1'},{'D2'},{'R2'},{'R3'},&,4.0,&
{'D5'},{'D7'},{'D6'},{'D3'},{'D1'},{'D4'},{'R1'},{'R2'},{'D2'},{'R3'},&,1.0,&
{'D5'},{'D7'},{'D6'},{'D3'},{'D1'},{'R2'},{'D4'},{'D2'},{'R3'},{'R1'},&,2.0,&
{'D5'},{'D7'},{'D6'},{'D3'},{'D1'},{'R2'},{'D4'},{'D2'},{'R1'},{'R3'},&,1.0,&
{'D5'},{'D7'},{'D6'},{'D3'},{'D1'},{'D2'},{'D4'},{'R3'},{'R2'},{'R1'},&,1.0,&
{'D5'},{'D7'},{'D6'},{'D3'},{'D1'},{'D2'},{'D4'},{'R2'},{'R3'},{'R1'},&,1.0,&
{'D5'},{'D7'},{'D6'},{'D3'},{'D1'},{'R1'},{'D4'},{'D2'},{'R2'},{'R3'},&,1.0,&
{'D5'},{'D7'},{'D6'},{'D3'},{'D1'},{'R3'},{'D4'},{'D2'},{'R2'},{'R1'},&,1.0,&
{'D5'},{'D7'},{'D6'},{'D3'},{'D1'},{'R3'},{'D4'},{'R2'},{'D2'},{'R1'},&,2.0,&
{'D5'},{'D7'},{'D6'},{'D3'},{'D1'},{'R3'},{'D4'},{'R1'},{'D2'},{'R2'},&,1.0,&
{'D5'},{'D7'},{'D6'},{'D3'},{'D1'},{'R3'},{'D4'},{'R1'},{'R2'},{'D2'},&,1.0,&
{'D5'},{'D7'},{'D6'},{'D3'},{'D4'},{'D1'},{'R2'},{'D2'},{'R3'},{'R1'},&,4.0,&
{'D5'},{'D7'},{'D6'},{'D3'},{'D4'},{'D1'},{'R2'},{'D2'},{'R1'},{'R3'},&,6.0,&
{'D5'},{'D7'},{'D6'},{'D3'},{'D4'},{'D1'},{'R2'},{'R3'},{'D2'},{'R1'},&,2.0,&
{'D5'},{'D7'},{'D6'},{'D3'},{'D4'},{'D1'},{'D2'},{'R3'},{'R1'},{'R2'},&,7.0,&
{'D5'},{'D7'},{'D6'},{'D3'},{'D4'},{'D1'},{'D2'},{'R3'},{'R2'},{'R1'},&,22.0,&
{'D5'},{'D7'},{'D6'},{'D3'},{'D4'},{'D1'},{'D2'},{'R2'},{'R3'},{'R1'},&,20.0,&
{'D5'},{'D7'},{'D6'},{'D3'},{'D4'},{'D1'},{'D2'},{'R2'},{'R1'},{'R3'},&,27.0,&
{'D5'},{'D7'},{'D6'},{'D3'},{'D4'},{'D1'},{'D2'},{'R1'},{'R3'},{'R2'},&,8.0,&
{'D5'},{'D7'},{'D6'},{'D3'},{'D4'},{'D1'},{'D2'},{'R1'},{'R2'},{'R3'},&,13.0,&
{'D5'},{'D7'},{'D6'},{'D3'},{'D4'},{'D1'},{'R3'},{'D2'},{'R1'},{'R2'},&,3.0,&
{'D5'},{'D7'},{'D6'},{'D3'},{'D4'},{'D1'},{'R3'},{'D2'},{'R2'},{'R1'},&,15.0,&
{'D5'},{'D7'},{'D6'},{'D3'},{'D4'},{'D1'},{'R3'},{'R2'},{'D2'},{'R1'},&,3.0,&
{'D5'},{'D7'},{'D6'},{'D3'},{'D4'},{'D1'},{'R3'},{'R1'},{'D2'},{'R2'},&,1.0,&
{'D5'},{'D7'},{'D6'},{'D3'},{'D4'},{'D1'},{'R1'},{'D2'},{'R3'},{'R2'},&,1.0,&
{'D5'},{'D7'},{'D6'},{'D3'},{'D4'},{'D1'},{'R1'},{'D2'},{'R2'},{'R3'},&,7.0,&
{'D5'},{'D7'},{'D6'},{'D3'},{'D4'},{'D1'},{'R1'},{'R2'},{'R3'},{'D2'},&,1.0,&
{'D5'},{'D7'},{'D6'},{'D3'},{'D4'},{'R2'},{'D1'},{'D2'},{'R3'},{'R1'},&,2.0,&
{'D5'},{'D7'},{'D6'},{'D3'},{'D4'},{'R2'},{'D1'},{'D2'},{'R1'},{'R3'},&,4.0,&
{'D5'},{'D7'},{'D6'},{'D3'},{'D4'},{'D2'},{'R2'},{'D1'},{'R1'},{'R3'},&,1.0,&
{'D5'},{'D7'},{'D6'},{'D3'},{'D4'},{'D2'},{'R1'},{'R3'},{'D1'},{'R2'},&,1.0,&
{'D5'},{'D7'},{'D6'},{'D3'},{'D4'},{'D2'},{'D1'},{'R3'},{'R1'},{'R2'},&,3.0,&
{'D5'},{'D7'},{'D6'},{'D3'},{'D4'},{'D2'},{'D1'},{'R2'},{'R3'},{'R1'},&,1.0,&
{'D5'},{'D7'},{'D6'},{'D3'},{'D4'},{'D2'},{'D1'},{'R2'},{'R1'},{'R3'},&,1.0,&
{'D5'},{'D7'},{'D6'},{'D3'},{'D4'},{'D2'},{'D1'},{'R1'},{'R2'},{'R3'},&,2.0,&
{'D5'},{'D7'},{'D6'},{'D3'},{'D4'},{'R1'},{'D1'},{'D2'},{'R2'},{'R3'},&,1.0,&
{'D5'},{'D7'},{'D6'},{'D3'},{'D4'},{'R3'},{'D1'},{'D2'},{'R1'},{'R2'},&,1.0,&
{'D5'},{'D7'},{'D6'},{'D3'},{'D4'},{'R3'},{'D1'},{'D2'},{'R2'},{'R1'},&,1.0,&
{'D5'},{'D7'},{'D6'},{'D3'},{'D4'},{'R3'},{'D1'},{'R1'},{'D2'},{'R2'},&,1.0,&
{'D5'},{'D7'},{'D6'},{'D3'},{'D2'},{'D4'},{'D1'},{'R3'},{'R1'},{'R2'},&,1.0,&
{'D5'},{'D7'},{'D6'},{'D3'},{'D2'},{'D4'},{'D1'},{'R3'},{'R2'},{'R1'},&,2.0,&
{'D5'},{'D7'},{'D6'},{'D3'},{'D2'},{'D4'},{'D1'},{'R2'},{'R3'},{'R1'},&,1.0,&
{'D5'},{'D7'},{'D6'},{'D3'},{'D2'},{'D4'},{'D1'},{'R1'},{'R2'},{'R3'},&,1.0,&
{'D5'},{'D7'},{'D6'},{'D3'},{'D2'},{'D1'},{'R3'},{'R2'},{'D4'},{'R1'},&,1.0,&
{'D5'},{'D7'},{'D6'},{'D3'},{'D2'},{'D1'},{'R1'},{'D4'},{'R3'},{'R2'},&,1.0,&
{'D5'},{'D7'},{'D6'},{'D3'},{'D2'},{'D1'},{'D4'},{'R3'},{'R2'},{'R1'},&,1.0,&
{'D5'},{'D7'},{'D6'},{'D3'},{'D2'},{'D1'},{'D4'},{'R2'},{'R3'},{'R1'},&,2.0,&
{'D5'},{'D7'},{'D6'},{'D3'},{'D2'},{'R2'},{'D4'},{'R1'},{'D1'},{'R3'},&,1.0,&
{'D5'},{'D7'},{'D6'},{'D3'},{'R1'},{'D4'},{'D1'},{'D2'},{'R3'},{'R2'},&,1.0,&
{'D5'},{'D7'},{'D6'},{'D3'},{'R1'},{'D2'},{'D1'},{'D4'},{'R2'},{'R3'},&,1.0,&
{'D5'},{'D7'},{'D6'},{'D3'},{'R2'},{'D4'},{'D1'},{'D2'},{'R1'},{'R3'},&,1.0,&
{'D5'},{'D7'},{'D6'},{'D3'},{'R2'},{'D1'},{'D4'},{'D2'},{'R3'},{'R1'},&,1.0,&
{'D5'},{'D7'},{'D6'},{'D3'},{'R2'},{'D1'},{'D4'},{'R1'},{'R3'},{'D2'},&,1.0,&
{'D5'},{'D7'},{'D6'},{'D3'},{'R3'},{'D1'},{'D4'},{'D2'},{'R1'},{'R2'},&,1.0,&
{'D5'},{'D7'},{'D6'},{'D2'},{'D3'},{'R3'},{'D4'},{'D1'},{'R2'},{'R1'},&,1.0,&
{'D5'},{'D7'},{'D6'},{'D2'},{'D1'},{'D4'},{'D3'},{'R2'},{'R1'},{'R3'},&,1.0,&
{'D5'},{'D7'},{'D6'},{'D2'},{'D4'},{'D1'},{'R2'},{'D3'},{'R1'},{'R3'},&,1.0,&
{'D5'},{'D7'},{'D6'},{'R2'},{'D3'},{'D4'},{'D1'},{'D2'},{'R3'},{'R1'},&,1.0,&
{'D5'},{'D7'},{'D6'},{'R2'},{'D4'},{'D3'},{'D1'},{'D2'},{'R1'},{'R3'},&,1.0,&
{'D5'},{'D7'},{'D1'},{'D4'},{'D3'},{'D6'},{'D2'},{'R2'},{'R1'},{'R3'},&,1.0,&
{'D5'},{'D7'},{'D1'},{'D4'},{'D6'},{'D3'},{'R2'},{'D2'},{'R3'},{'R1'},&,1.0,&
{'D5'},{'D7'},{'D1'},{'D4'},{'D6'},{'D3'},{'D2'},{'R2'},{'R3'},{'R1'},&,1.0,&
{'D5'},{'D7'},{'D1'},{'D4'},{'D6'},{'D3'},{'D2'},{'R2'},{'R1'},{'R3'},&,1.0,&
{'D5'},{'D7'},{'D1'},{'D6'},{'D3'},{'D4'},{'R2'},{'D2'},{'R1'},{'R3'},&,1.0,&
{'D5'},{'D7'},{'D1'},{'D6'},{'D3'},{'D4'},{'R2'},{'R1'},{'D2'},{'R3'},&,1.0,&
{'D5'},{'D7'},{'D1'},{'D6'},{'D3'},{'D4'},{'D2'},{'R3'},{'R1'},{'R2'},&,2.0,&
{'D5'},{'D7'},{'D1'},{'D6'},{'D3'},{'D4'},{'D2'},{'R3'},{'R2'},{'R1'},&,7.0,&
{'D5'},{'D7'},{'D1'},{'D6'},{'D3'},{'D4'},{'D2'},{'R2'},{'R3'},{'R1'},&,5.0,&
{'D5'},{'D7'},{'D1'},{'D6'},{'D3'},{'D4'},{'D2'},{'R2'},{'R1'},{'R3'},&,4.0,&
{'D5'},{'D7'},{'D1'},{'D6'},{'D3'},{'D4'},{'D2'},{'R1'},{'R3'},{'R2'},&,1.0,&
{'D5'},{'D7'},{'D1'},{'D6'},{'D3'},{'D4'},{'D2'},{'R1'},{'R2'},{'R3'},&,2.0,&
{'D5'},{'D7'},{'D1'},{'D6'},{'D3'},{'D4'},{'R1'},{'D2'},{'R2'},{'R3'},&,1.0,&
{'D5'},{'D7'},{'D1'},{'D6'},{'D3'},{'R2'},{'D4'},{'D2'},{'R1'},{'R3'},&,2.0,&
{'D5'},{'D7'},{'D1'},{'D6'},{'D3'},{'R2'},{'D4'},{'R3'},{'D2'},{'R1'},&,1.0,&
{'D5'},{'D7'},{'D1'},{'D6'},{'D3'},{'R1'},{'D4'},{'D2'},{'R2'},{'R3'},&,1.0,&
{'D5'},{'D7'},{'D1'},{'D6'},{'D3'},{'R3'},{'D4'},{'D2'},{'R1'},{'R2'},&,1.0,&
{'D5'},{'D7'},{'D1'},{'D6'},{'D4'},{'D3'},{'R2'},{'D2'},{'R1'},{'R3'},&,1.0,&
{'D5'},{'D7'},{'D1'},{'D6'},{'D4'},{'D3'},{'D2'},{'R3'},{'R2'},{'R1'},&,2.0,&
{'D5'},{'D7'},{'D1'},{'D6'},{'D4'},{'D3'},{'D2'},{'R2'},{'R3'},{'R1'},&,1.0,&
{'D5'},{'D7'},{'D1'},{'D6'},{'D4'},{'D3'},{'D2'},{'R2'},{'R1'},{'R3'},&,4.0,&
{'D5'},{'D7'},{'D1'},{'D6'},{'D4'},{'D3'},{'R3'},{'D2'},{'R1'},{'R2'},&,1.0,&
{'D5'},{'D7'},{'D1'},{'D6'},{'D4'},{'D2'},{'D3'},{'R3'},{'R2'},{'R1'},&,1.0,&
{'D5'},{'D7'},{'D1'},{'D6'},{'D4'},{'R1'},{'D3'},{'R2'},{'D2'},{'R3'},&,1.0,&
{'D5'},{'D7'},{'D1'},{'D6'},{'D2'},{'D4'},{'D3'},{'R3'},{'R1'},{'R2'},&,1.0,&
{'D5'},{'D7'},{'D1'},{'D6'},{'D2'},{'D3'},{'R3'},{'R2'},{'D4'},{'R1'},&,1.0,&
{'D5'},{'D7'},{'D1'},{'D6'},{'R1'},{'D4'},{'D3'},{'D2'},{'R3'},{'R2'},&,1.0,&
{'D5'},{'D7'},{'D1'},{'D6'},{'R1'},{'D4'},{'D3'},{'D2'},{'R2'},{'R3'},&,1.0,&
{'D5'},{'D7'},{'D1'},{'D6'},{'R3'},{'D3'},{'D4'},{'D2'},{'R1'},{'R2'},&,1.0,&
{'D5'},{'D7'},{'D1'},{'D3'},{'D4'},{'D6'},{'D2'},{'R3'},{'R1'},{'R2'},&,1.0,&
{'D5'},{'D7'},{'D1'},{'D3'},{'D4'},{'D6'},{'D2'},{'R2'},{'R1'},{'R3'},&,1.0,&
{'D5'},{'D7'},{'D1'},{'D3'},{'D2'},{'D6'},{'D4'},{'R2'},{'R3'},{'R1'},&,1.0,&
{'D5'},{'D7'},{'D1'},{'D3'},{'D6'},{'D4'},{'D2'},{'R3'},{'R2'},{'R1'},&,4.0,&
{'D5'},{'D7'},{'D1'},{'D3'},{'D6'},{'D4'},{'D2'},{'R2'},{'R3'},{'R1'},&,2.0,&
{'D5'},{'D7'},{'D1'},{'D3'},{'D6'},{'D4'},{'D2'},{'R2'},{'R1'},{'R3'},&,2.0,&
{'D5'},{'D7'},{'D1'},{'D3'},{'D6'},{'D4'},{'D2'},{'R1'},{'R3'},{'R2'},&,1.0,&
{'D5'},{'D7'},{'D1'},{'D3'},{'D6'},{'D4'},{'D2'},{'R1'},{'R2'},{'R3'},&,1.0,&
{'D5'},{'D7'},{'D1'},{'D3'},{'D6'},{'D2'},{'D4'},{'R3'},{'R2'},{'R1'},&,1.0,&
{'D5'},{'D7'},{'D1'},{'D3'},{'D6'},{'R3'},{'D4'},{'R1'},{'D2'},{'R2'},&,1.0,&
{'D5'},{'D7'},{'D2'},{'D6'},{'D3'},{'D4'},{'D1'},{'R3'},{'R2'},{'R1'},&,1.0,&
{'D5'},{'D7'},{'D2'},{'D6'},{'D4'},{'D1'},{'D3'},{'R1'},{'R3'},{'R2'},&,1.0,&
{'D5'},{'D3'},{'D4'},{'D1'},{'D7'},{'D6'},{'D2'},{'R3'},{'R2'},{'R1'},&,1.0,&
{'D5'},{'D3'},{'D4'},{'D1'},{'D6'},{'D7'},{'R3'},{'D2'},{'R2'},{'R1'},&,1.0,&
{'D5'},{'D3'},{'D4'},{'D6'},{'D1'},{'D7'},{'D2'},{'R3'},{'R2'},{'R1'},&,1.0,&
{'D5'},{'D3'},{'D4'},{'D6'},{'D7'},{'D1'},{'D2'},{'R2'},{'R3'},{'R1'},&,3.0,&
{'D5'},{'D3'},{'D4'},{'D6'},{'D7'},{'D1'},{'D2'},{'R2'},{'R1'},{'R3'},&,1.0,&
{'D5'},{'D3'},{'D4'},{'D6'},{'D7'},{'D1'},{'D2'},{'R1'},{'R2'},{'R3'},&,1.0,&
{'D5'},{'D3'},{'D4'},{'D7'},{'D6'},{'D1'},{'R2'},{'D2'},{'R3'},{'R1'},&,1.0,&
{'D5'},{'D3'},{'D4'},{'D7'},{'D6'},{'D1'},{'R2'},{'R3'},{'D2'},{'R1'},&,1.0,&
{'D5'},{'D3'},{'D4'},{'D7'},{'D6'},{'D1'},{'D2'},{'R3'},{'R1'},{'R2'},&,1.0,&
{'D5'},{'D3'},{'D4'},{'D7'},{'D6'},{'D1'},{'D2'},{'R2'},{'R3'},{'R1'},&,1.0,&
{'D5'},{'D3'},{'D4'},{'D7'},{'D6'},{'D1'},{'D2'},{'R2'},{'R1'},{'R3'},&,1.0,&
{'D5'},{'D3'},{'D4'},{'D7'},{'D6'},{'D2'},{'D1'},{'R2'},{'R1'},{'R3'},&,1.0,&
{'D5'},{'D3'},{'D7'},{'D1'},{'D6'},{'D4'},{'D2'},{'R2'},{'R3'},{'R1'},&,1.0,&
{'D5'},{'D3'},{'D7'},{'D1'},{'D6'},{'D4'},{'D2'},{'R2'},{'R1'},{'R3'},&,1.0,&
{'D5'},{'D3'},{'D7'},{'D1'},{'D6'},{'D4'},{'D2'},{'R1'},{'R2'},{'R3'},&,2.0,&
{'D5'},{'D3'},{'D7'},{'D1'},{'D6'},{'D4'},{'R3'},{'D2'},{'R1'},{'R2'},&,1.0,&
{'D5'},{'D3'},{'D7'},{'D1'},{'D6'},{'R3'},{'D4'},{'R1'},{'D2'},{'R2'},&,1.0,&
{'D5'},{'D3'},{'D7'},{'D4'},{'D1'},{'D6'},{'D2'},{'R3'},{'R1'},{'R2'},&,2.0,&
{'D5'},{'D3'},{'D7'},{'D4'},{'D6'},{'D1'},{'D2'},{'R3'},{'R1'},{'R2'},&,1.0,&
{'D5'},{'D3'},{'D7'},{'D4'},{'D6'},{'D1'},{'D2'},{'R3'},{'R2'},{'R1'},&,1.0,&
{'D5'},{'D3'},{'D7'},{'D4'},{'D6'},{'D1'},{'D2'},{'R2'},{'R3'},{'R1'},&,3.0,&
{'D5'},{'D3'},{'D7'},{'D4'},{'D6'},{'D1'},{'D2'},{'R2'},{'R1'},{'R3'},&,4.0,&
{'D5'},{'D3'},{'D7'},{'D4'},{'D6'},{'D1'},{'D2'},{'R1'},{'R3'},{'R2'},&,1.0,&
{'D5'},{'D3'},{'D7'},{'D4'},{'D6'},{'D1'},{'D2'},{'R1'},{'R2'},{'R3'},&,1.0,&
{'D5'},{'D3'},{'D7'},{'D4'},{'D6'},{'D1'},{'R3'},{'D2'},{'R2'},{'R1'},&,1.0,&
{'D5'},{'D3'},{'D7'},{'D4'},{'D6'},{'D1'},{'R3'},{'R1'},{'D2'},{'R2'},&,1.0,&
{'D5'},{'D3'},{'D7'},{'D4'},{'D6'},{'D1'},{'R1'},{'D2'},{'R2'},{'R3'},&,1.0,&
{'D5'},{'D3'},{'D7'},{'D4'},{'D6'},{'R3'},{'D1'},{'D2'},{'R2'},{'R1'},&,1.0,&
{'D5'},{'D3'},{'D7'},{'D6'},{'D1'},{'D4'},{'R2'},{'D2'},{'R3'},{'R1'},&,2.0,&
{'D5'},{'D3'},{'D7'},{'D6'},{'D1'},{'D4'},{'R2'},{'R3'},{'D2'},{'R1'},&,1.0,&
{'D5'},{'D3'},{'D7'},{'D6'},{'D1'},{'D4'},{'D2'},{'R3'},{'R1'},{'R2'},&,2.0,&
{'D5'},{'D3'},{'D7'},{'D6'},{'D1'},{'D4'},{'D2'},{'R3'},{'R2'},{'R1'},&,3.0,&
{'D5'},{'D3'},{'D7'},{'D6'},{'D1'},{'D4'},{'D2'},{'R2'},{'R3'},{'R1'},&,7.0,&
{'D5'},{'D3'},{'D7'},{'D6'},{'D1'},{'D4'},{'D2'},{'R2'},{'R1'},{'R3'},&,10.0,&
{'D5'},{'D3'},{'D7'},{'D6'},{'D1'},{'D4'},{'D2'},{'R1'},{'R3'},{'R2'},&,4.0,&
{'D5'},{'D3'},{'D7'},{'D6'},{'D1'},{'D4'},{'D2'},{'R1'},{'R2'},{'R3'},&,3.0,&
{'D5'},{'D3'},{'D7'},{'D6'},{'D1'},{'D4'},{'R3'},{'R2'},{'D2'},{'R1'},&,1.0,&
{'D5'},{'D3'},{'D7'},{'D6'},{'D1'},{'D4'},{'R1'},{'D2'},{'R3'},{'R2'},&,2.0,&
{'D5'},{'D3'},{'D7'},{'D6'},{'D1'},{'R2'},{'D4'},{'D2'},{'R1'},{'R3'},&,1.0,&
{'D5'},{'D3'},{'D7'},{'D6'},{'D1'},{'D2'},{'D4'},{'R2'},{'R1'},{'R3'},&,1.0,&
{'D5'},{'D3'},{'D7'},{'D6'},{'D1'},{'D2'},{'D4'},{'R1'},{'R3'},{'R2'},&,1.0,&
{'D5'},{'D3'},{'D7'},{'D6'},{'D4'},{'D1'},{'R2'},{'D2'},{'R3'},{'R1'},&,3.0,&
{'D5'},{'D3'},{'D7'},{'D6'},{'D4'},{'D1'},{'R2'},{'D2'},{'R1'},{'R3'},&,2.0,&
{'D5'},{'D3'},{'D7'},{'D6'},{'D4'},{'D1'},{'R2'},{'R3'},{'D2'},{'R1'},&,1.0,&
{'D5'},{'D3'},{'D7'},{'D6'},{'D4'},{'D1'},{'R2'},{'R1'},{'D2'},{'R3'},&,1.0,&
{'D5'},{'D3'},{'D7'},{'D6'},{'D4'},{'D1'},{'D2'},{'R3'},{'R1'},{'R2'},&,6.0,&
{'D5'},{'D3'},{'D7'},{'D6'},{'D4'},{'D1'},{'D2'},{'R3'},{'R2'},{'R1'},&,11.0,&
{'D5'},{'D3'},{'D7'},{'D6'},{'D4'},{'D1'},{'D2'},{'R2'},{'R3'},{'R1'},&,14.0,&
{'D5'},{'D3'},{'D7'},{'D6'},{'D4'},{'D1'},{'D2'},{'R2'},{'R1'},{'R3'},&,8.0,&
{'D5'},{'D3'},{'D7'},{'D6'},{'D4'},{'D1'},{'D2'},{'R1'},{'R3'},{'R2'},&,2.0,&
{'D5'},{'D3'},{'D7'},{'D6'},{'D4'},{'D1'},{'D2'},{'R1'},{'R2'},{'R3'},&,4.0,&
{'D5'},{'D3'},{'D7'},{'D6'},{'D4'},{'D1'},{'R3'},{'D2'},{'R1'},{'R2'},&,3.0,&
{'D5'},{'D3'},{'D7'},{'D6'},{'D4'},{'D1'},{'R3'},{'D2'},{'R2'},{'R1'},&,1.0,&
{'D5'},{'D3'},{'D7'},{'D6'},{'D4'},{'D1'},{'R1'},{'D2'},{'R3'},{'R2'},&,3.0,&
{'D5'},{'D3'},{'D7'},{'D6'},{'D4'},{'D1'},{'R1'},{'D2'},{'R2'},{'R3'},&,2.0,&
{'D5'},{'D3'},{'D7'},{'D6'},{'D4'},{'D1'},{'R1'},{'R2'},{'D2'},{'R3'},&,1.0,&
{'D5'},{'D3'},{'D7'},{'D6'},{'D4'},{'R2'},{'D1'},{'D2'},{'R1'},{'R3'},&,2.0,&
{'D5'},{'D3'},{'D7'},{'D6'},{'D4'},{'D2'},{'D1'},{'R2'},{'R3'},{'R1'},&,1.0,&
{'D5'},{'D3'},{'D7'},{'D6'},{'D2'},{'D1'},{'D4'},{'R2'},{'R3'},{'R1'},&,1.0,&
{'D5'},{'D3'},{'D7'},{'D6'},{'R2'},{'D4'},{'D1'},{'D2'},{'R1'},{'R3'},&,1.0,&
{'D5'},{'D3'},{'D7'},{'D6'},{'R3'},{'D4'},{'D1'},{'R2'},{'D2'},{'R1'},&,1.0,&
{'D5'},{'D3'},{'D7'},{'D6'},{'R3'},{'D2'},{'D4'},{'D1'},{'R1'},{'R2'},&,1.0,&
{'D5'},{'D3'},{'D7'},{'D2'},{'D6'},{'D4'},{'D1'},{'R3'},{'R1'},{'R2'},&,1.0,&
{'D5'},{'D3'},{'D7'},{'D2'},{'D6'},{'D4'},{'D1'},{'R2'},{'R3'},{'R1'},&,1.0,&
{'D5'},{'D3'},{'D7'},{'R2'},{'D6'},{'D4'},{'D1'},{'D2'},{'R3'},{'R1'},&,1.0,&
{'D5'},{'D3'},{'D6'},{'D1'},{'D7'},{'D4'},{'D2'},{'R3'},{'R1'},{'R2'},&,1.0,&
{'D5'},{'D3'},{'D6'},{'D1'},{'D7'},{'D4'},{'D2'},{'R3'},{'R2'},{'R1'},&,1.0,&
{'D5'},{'D3'},{'D6'},{'D1'},{'D7'},{'D4'},{'D2'},{'R2'},{'R1'},{'R3'},&,3.0,&
{'D5'},{'D3'},{'D6'},{'D1'},{'D7'},{'D4'},{'R1'},{'D2'},{'R3'},{'R2'},&,1.0,&
{'D5'},{'D3'},{'D6'},{'D4'},{'D7'},{'D1'},{'R2'},{'R1'},{'D2'},{'R3'},&,1.0,&
{'D5'},{'D3'},{'D6'},{'D4'},{'D7'},{'D1'},{'D2'},{'R3'},{'R2'},{'R1'},&,1.0,&
{'D5'},{'D3'},{'D6'},{'D4'},{'D7'},{'D1'},{'D2'},{'R2'},{'R1'},{'R3'},&,2.0,&
{'D5'},{'D3'},{'D6'},{'D4'},{'D7'},{'D1'},{'D2'},{'R1'},{'R3'},{'R2'},&,3.0,&
{'D5'},{'D3'},{'D6'},{'D4'},{'D7'},{'D1'},{'R1'},{'D2'},{'R2'},{'R3'},&,1.0,&
{'D5'},{'D3'},{'D6'},{'D4'},{'D7'},{'D2'},{'R2'},{'D1'},{'R1'},{'R3'},&,1.0,&
{'D5'},{'D3'},{'D6'},{'D4'},{'D7'},{'D2'},{'D1'},{'R3'},{'R1'},{'R2'},&,1.0,&
{'D5'},{'D3'},{'D6'},{'D7'},{'D1'},{'D4'},{'R2'},{'D2'},{'R1'},{'R3'},&,1.0,&
{'D5'},{'D3'},{'D6'},{'D7'},{'D1'},{'D4'},{'R2'},{'R3'},{'R1'},{'D2'},&,1.0,&
{'D5'},{'D3'},{'D6'},{'D7'},{'D1'},{'D4'},{'D2'},{'R3'},{'R1'},{'R2'},&,2.0,&
{'D5'},{'D3'},{'D6'},{'D7'},{'D1'},{'D4'},{'D2'},{'R3'},{'R2'},{'R1'},&,4.0,&
{'D5'},{'D3'},{'D6'},{'D7'},{'D1'},{'D4'},{'D2'},{'R2'},{'R3'},{'R1'},&,7.0,&
{'D5'},{'D3'},{'D6'},{'D7'},{'D1'},{'D4'},{'D2'},{'R2'},{'R1'},{'R3'},&,3.0,&
{'D5'},{'D3'},{'D6'},{'D7'},{'D1'},{'D4'},{'D2'},{'R1'},{'R3'},{'R2'},&,2.0,&
{'D5'},{'D3'},{'D6'},{'D7'},{'D1'},{'D4'},{'D2'},{'R1'},{'R2'},{'R3'},&,6.0,&
{'D5'},{'D3'},{'D6'},{'D7'},{'D1'},{'D4'},{'R3'},{'R1'},{'D2'},{'R2'},&,1.0,&
{'D5'},{'D3'},{'D6'},{'D7'},{'D1'},{'D4'},{'R1'},{'D2'},{'R2'},{'R3'},&,2.0,&
{'D5'},{'D3'},{'D6'},{'D7'},{'D1'},{'D2'},{'R2'},{'D4'},{'R3'},{'R1'},&,1.0,&
{'D5'},{'D3'},{'D6'},{'D7'},{'D4'},{'D1'},{'R2'},{'D2'},{'R3'},{'R1'},&,3.0,&
{'D5'},{'D3'},{'D6'},{'D7'},{'D4'},{'D1'},{'R2'},{'D2'},{'R1'},{'R3'},&,1.0,&
{'D5'},{'D3'},{'D6'},{'D7'},{'D4'},{'D1'},{'D2'},{'R3'},{'R1'},{'R2'},&,3.0,&
{'D5'},{'D3'},{'D6'},{'D7'},{'D4'},{'D1'},{'D2'},{'R3'},{'R2'},{'R1'},&,5.0,&
{'D5'},{'D3'},{'D6'},{'D7'},{'D4'},{'D1'},{'D2'},{'R2'},{'R3'},{'R1'},&,5.0,&
{'D5'},{'D3'},{'D6'},{'D7'},{'D4'},{'D1'},{'D2'},{'R2'},{'R1'},{'R3'},&,13.0,&
{'D5'},{'D3'},{'D6'},{'D7'},{'D4'},{'D1'},{'D2'},{'R1'},{'R3'},{'R2'},&,2.0,&
{'D5'},{'D3'},{'D6'},{'D7'},{'D4'},{'D1'},{'R3'},{'D2'},{'R2'},{'R1'},&,1.0,&
{'D5'},{'D3'},{'D6'},{'D7'},{'D4'},{'D1'},{'R1'},{'D2'},{'R3'},{'R2'},&,1.0,&
{'D5'},{'D3'},{'D6'},{'D7'},{'D4'},{'D1'},{'R1'},{'D2'},{'R2'},{'R3'},&,3.0,&
{'D5'},{'D3'},{'D6'},{'D7'},{'D4'},{'D1'},{'R1'},{'R3'},{'D2'},{'R2'},&,1.0,&
{'D5'},{'D3'},{'D6'},{'D7'},{'D4'},{'R2'},{'D1'},{'D2'},{'R3'},{'R1'},&,1.0,&
{'D5'},{'D3'},{'D6'},{'D7'},{'D4'},{'R2'},{'D1'},{'R3'},{'D2'},{'R1'},&,1.0,&
{'D5'},{'D3'},{'D6'},{'D7'},{'D4'},{'R1'},{'D1'},{'D2'},{'R3'},{'R2'},&,2.0,&
{'D5'},{'D3'},{'D6'},{'D7'},{'D4'},{'R1'},{'D1'},{'R2'},{'D2'},{'R3'},&,1.0,&
{'D5'},{'D3'},{'D6'},{'D7'},{'D2'},{'D1'},{'D4'},{'R2'},{'R3'},{'R1'},&,1.0,&
{'D5'},{'D3'},{'D6'},{'D7'},{'R1'},{'D4'},{'D1'},{'D2'},{'R2'},{'R3'},&,1.0,&
{'D5'},{'D3'},{'D6'},{'D7'},{'R2'},{'D1'},{'D4'},{'D2'},{'R1'},{'R3'},&,1.0,&
{'D5'},{'D3'},{'D1'},{'D6'},{'D7'},{'D4'},{'D2'},{'R2'},{'R3'},{'R1'},&,2.0,&
{'D5'},{'D3'},{'D1'},{'D6'},{'D7'},{'D4'},{'D2'},{'R2'},{'R1'},{'R3'},&,1.0,&
{'D5'},{'D3'},{'D1'},{'D6'},{'D7'},{'D4'},{'D2'},{'R1'},{'R3'},{'R2'},&,1.0,&
{'D5'},{'D3'},{'D1'},{'D7'},{'D4'},{'D6'},{'D2'},{'R1'},{'R3'},{'R2'},&,1.0,&
{'D5'},{'D3'},{'D1'},{'D7'},{'D6'},{'D4'},{'D2'},{'R1'},{'R3'},{'R2'},&,2.0,&
{'D5'},{'D3'},{'D1'},{'D7'},{'D6'},{'D4'},{'D2'},{'R1'},{'R2'},{'R3'},&,1.0,&
{'D5'},{'D3'},{'D1'},{'D7'},{'R2'},{'D6'},{'D4'},{'D2'},{'R1'},{'R3'},&,1.0,&
{'D5'},{'D6'},{'D4'},{'D1'},{'D3'},{'D7'},{'D2'},{'R3'},{'R1'},{'R2'},&,1.0,&
{'D5'},{'D6'},{'D4'},{'D1'},{'D3'},{'D7'},{'R3'},{'D2'},{'R1'},{'R2'},&,1.0,&
{'D5'},{'D6'},{'D4'},{'D3'},{'D1'},{'D7'},{'D2'},{'R2'},{'R3'},{'R1'},&,1.0,&
{'D5'},{'D6'},{'D4'},{'D3'},{'D7'},{'D1'},{'D2'},{'R3'},{'R2'},{'R1'},&,3.0,&
{'D5'},{'D6'},{'D4'},{'D3'},{'D7'},{'D1'},{'D2'},{'R2'},{'R3'},{'R1'},&,2.0,&
{'D5'},{'D6'},{'D4'},{'D3'},{'D7'},{'D1'},{'D2'},{'R2'},{'R1'},{'R3'},&,1.0,&
{'D5'},{'D6'},{'D4'},{'D3'},{'D7'},{'D1'},{'D2'},{'R1'},{'R3'},{'R2'},&,1.0,&
{'D5'},{'D6'},{'D4'},{'D3'},{'D7'},{'D1'},{'D2'},{'R1'},{'R2'},{'R3'},&,2.0,&
{'D5'},{'D6'},{'D4'},{'D3'},{'D7'},{'D1'},{'R3'},{'D2'},{'R2'},{'R1'},&,1.0,&
{'D5'},{'D6'},{'D4'},{'D3'},{'D7'},{'D1'},{'R1'},{'D2'},{'R2'},{'R3'},&,2.0,&
{'D5'},{'D6'},{'D4'},{'D7'},{'D3'},{'D1'},{'D2'},{'R3'},{'R1'},{'R2'},&,2.0,&
{'D5'},{'D6'},{'D4'},{'D7'},{'D3'},{'D1'},{'D2'},{'R3'},{'R2'},{'R1'},&,3.0,&
{'D5'},{'D6'},{'D4'},{'D7'},{'D3'},{'D1'},{'D2'},{'R2'},{'R3'},{'R1'},&,4.0,&
{'D5'},{'D6'},{'D4'},{'D7'},{'D3'},{'D1'},{'D2'},{'R2'},{'R1'},{'R3'},&,1.0,&
{'D5'},{'D6'},{'D4'},{'D7'},{'D3'},{'D1'},{'R3'},{'D2'},{'R1'},{'R2'},&,1.0,&
{'D5'},{'D6'},{'D4'},{'D7'},{'D3'},{'D1'},{'R1'},{'D2'},{'R3'},{'R2'},&,1.0,&
{'D5'},{'D6'},{'D4'},{'D7'},{'D3'},{'D1'},{'R1'},{'R2'},{'D2'},{'R3'},&,1.0,&
{'D5'},{'D6'},{'D4'},{'D7'},{'D3'},{'D2'},{'D1'},{'R3'},{'R1'},{'R2'},&,1.0,&
{'D5'},{'D6'},{'D4'},{'D7'},{'D3'},{'D2'},{'D1'},{'R2'},{'R3'},{'R1'},&,1.0,&
{'D5'},{'D6'},{'D4'},{'D7'},{'D3'},{'R1'},{'D1'},{'D2'},{'R2'},{'R3'},&,1.0,&
{'D5'},{'D6'},{'D4'},{'D7'},{'D3'},{'R3'},{'D1'},{'D2'},{'R1'},{'R2'},&,1.0,&
{'D5'},{'D6'},{'D4'},{'D7'},{'D1'},{'R2'},{'D3'},{'D2'},{'R1'},{'R3'},&,1.0,&
{'D5'},{'D6'},{'D4'},{'D7'},{'D1'},{'D3'},{'R2'},{'D2'},{'R3'},{'R1'},&,1.0,&
{'D5'},{'D6'},{'D4'},{'D7'},{'D1'},{'D3'},{'D2'},{'R3'},{'R2'},{'R1'},&,2.0,&
{'D5'},{'D6'},{'D4'},{'D7'},{'D1'},{'D3'},{'D2'},{'R2'},{'R1'},{'R3'},&,2.0,&
{'D5'},{'D6'},{'D4'},{'D7'},{'D1'},{'D3'},{'D2'},{'R1'},{'R3'},{'R2'},&,2.0,&
{'D5'},{'D6'},{'D4'},{'D7'},{'D1'},{'R3'},{'D3'},{'D2'},{'R1'},{'R2'},&,1.0,&
{'D5'},{'D6'},{'D4'},{'D7'},{'D2'},{'R3'},{'D3'},{'R2'},{'D1'},{'R1'},&,1.0,&
{'D5'},{'D6'},{'D4'},{'D7'},{'R1'},{'D3'},{'D1'},{'D2'},{'R2'},{'R3'},&,1.0,&
{'D5'},{'D6'},{'D3'},{'D1'},{'D7'},{'D4'},{'D2'},{'R3'},{'R1'},{'R2'},&,1.0,&
{'D5'},{'D6'},{'D3'},{'D1'},{'D7'},{'D4'},{'D2'},{'R2'},{'R3'},{'R1'},&,1.0,&
{'D5'},{'D6'},{'D3'},{'D1'},{'D7'},{'D4'},{'D2'},{'R2'},{'R1'},{'R3'},&,1.0,&
{'D5'},{'D6'},{'D3'},{'D1'},{'D7'},{'D4'},{'D2'},{'R1'},{'R3'},{'R2'},&,1.0,&
{'D5'},{'D6'},{'D3'},{'D1'},{'D7'},{'R3'},{'D4'},{'D2'},{'R2'},{'R1'},&,1.0,&
{'D5'},{'D6'},{'D3'},{'D1'},{'R1'},{'D7'},{'D4'},{'D2'},{'R2'},{'R3'},&,1.0,&
{'D5'},{'D6'},{'D3'},{'D4'},{'D1'},{'D7'},{'R2'},{'D2'},{'R3'},{'R1'},&,1.0,&
{'D5'},{'D6'},{'D3'},{'D4'},{'D1'},{'D7'},{'R1'},{'D2'},{'R3'},{'R2'},&,1.0,&
{'D5'},{'D6'},{'D3'},{'D4'},{'D7'},{'D1'},{'D2'},{'R3'},{'R1'},{'R2'},&,1.0,&
{'D5'},{'D6'},{'D3'},{'D4'},{'D7'},{'D1'},{'D2'},{'R2'},{'R3'},{'R1'},&,1.0,&
{'D5'},{'D6'},{'D3'},{'D4'},{'D7'},{'D1'},{'D2'},{'R2'},{'R1'},{'R3'},&,4.0,&
{'D5'},{'D6'},{'D3'},{'D4'},{'D7'},{'D1'},{'D2'},{'R1'},{'R3'},{'R2'},&,2.0,&
{'D5'},{'D6'},{'D3'},{'D4'},{'D7'},{'R1'},{'D1'},{'D2'},{'R3'},{'R2'},&,1.0,&
{'D5'},{'D6'},{'D3'},{'D7'},{'D1'},{'D4'},{'R2'},{'D2'},{'R3'},{'R1'},&,1.0,&
{'D5'},{'D6'},{'D3'},{'D7'},{'D1'},{'D4'},{'D2'},{'R3'},{'R1'},{'R2'},&,5.0,&
{'D5'},{'D6'},{'D3'},{'D7'},{'D1'},{'D4'},{'D2'},{'R3'},{'R2'},{'R1'},&,9.0,&
{'D5'},{'D6'},{'D3'},{'D7'},{'D1'},{'D4'},{'D2'},{'R2'},{'R3'},{'R1'},&,4.0,&
{'D5'},{'D6'},{'D3'},{'D7'},{'D1'},{'D4'},{'D2'},{'R2'},{'R1'},{'R3'},&,4.0,&
{'D5'},{'D6'},{'D3'},{'D7'},{'D1'},{'D4'},{'D2'},{'R1'},{'R3'},{'R2'},&,2.0,&
{'D5'},{'D6'},{'D3'},{'D7'},{'D1'},{'D4'},{'D2'},{'R1'},{'R2'},{'R3'},&,3.0,&
{'D5'},{'D6'},{'D3'},{'D7'},{'D1'},{'D4'},{'R3'},{'R2'},{'R1'},{'D2'},&,1.0,&
{'D5'},{'D6'},{'D3'},{'D7'},{'D1'},{'D4'},{'R1'},{'D2'},{'R2'},{'R3'},&,1.0,&
{'D5'},{'D6'},{'D3'},{'D7'},{'D1'},{'D2'},{'D4'},{'R1'},{'R3'},{'R2'},&,1.0,&
{'D5'},{'D6'},{'D3'},{'D7'},{'D4'},{'D1'},{'R2'},{'D2'},{'R3'},{'R1'},&,2.0,&
{'D5'},{'D6'},{'D3'},{'D7'},{'D4'},{'D1'},{'R2'},{'D2'},{'R1'},{'R3'},&,1.0,&
{'D5'},{'D6'},{'D3'},{'D7'},{'D4'},{'D1'},{'D2'},{'R3'},{'R1'},{'R2'},&,1.0,&
{'D5'},{'D6'},{'D3'},{'D7'},{'D4'},{'D1'},{'D2'},{'R3'},{'R2'},{'R1'},&,6.0,&
{'D5'},{'D6'},{'D3'},{'D7'},{'D4'},{'D1'},{'D2'},{'R2'},{'R3'},{'R1'},&,7.0,&
{'D5'},{'D6'},{'D3'},{'D7'},{'D4'},{'D1'},{'D2'},{'R2'},{'R1'},{'R3'},&,7.0,&
{'D5'},{'D6'},{'D3'},{'D7'},{'D4'},{'D1'},{'D2'},{'R1'},{'R3'},{'R2'},&,4.0,&
{'D5'},{'D6'},{'D3'},{'D7'},{'D4'},{'D1'},{'D2'},{'R1'},{'R2'},{'R3'},&,5.0,&
{'D5'},{'D6'},{'D3'},{'D7'},{'D4'},{'D1'},{'R1'},{'D2'},{'R3'},{'R2'},&,1.0,&
{'D5'},{'D6'},{'D3'},{'D7'},{'D4'},{'D1'},{'R1'},{'D2'},{'R2'},{'R3'},&,3.0,&
{'D5'},{'D6'},{'D3'},{'D7'},{'D4'},{'D1'},{'R1'},{'R3'},{'D2'},{'R2'},&,1.0,&
{'D5'},{'D6'},{'D3'},{'D7'},{'D4'},{'D1'},{'R1'},{'R2'},{'D2'},{'R3'},&,1.0,&
{'D5'},{'D6'},{'D3'},{'D7'},{'D4'},{'R2'},{'R1'},{'D1'},{'D2'},{'R3'},&,1.0,&
{'D5'},{'D6'},{'D3'},{'D7'},{'D4'},{'D2'},{'D1'},{'R2'},{'R3'},{'R1'},&,1.0,&
{'D5'},{'D6'},{'D3'},{'D7'},{'D2'},{'D1'},{'D4'},{'R2'},{'R3'},{'R1'},&,1.0,&
{'D5'},{'D6'},{'D3'},{'D2'},{'D7'},{'D4'},{'R3'},{'D1'},{'R2'},{'R1'},&,1.0,&
{'D5'},{'D6'},{'D7'},{'D1'},{'D3'},{'D4'},{'R2'},{'D2'},{'R3'},{'R1'},&,1.0,&
{'D5'},{'D6'},{'D7'},{'D1'},{'D3'},{'D4'},{'R2'},{'D2'},{'R1'},{'R3'},&,3.0,&
{'D5'},{'D6'},{'D7'},{'D1'},{'D3'},{'D4'},{'R2'},{'R1'},{'D2'},{'R3'},&,2.0,&
{'D5'},{'D6'},{'D7'},{'D1'},{'D3'},{'D4'},{'D2'},{'R3'},{'R1'},{'R2'},&,2.0,&
{'D5'},{'D6'},{'D7'},{'D1'},{'D3'},{'D4'},{'D2'},{'R3'},{'R2'},{'R1'},&,6.0,&
{'D5'},{'D6'},{'D7'},{'D1'},{'D3'},{'D4'},{'D2'},{'R2'},{'R3'},{'R1'},&,12.0,&
{'D5'},{'D6'},{'D7'},{'D1'},{'D3'},{'D4'},{'D2'},{'R2'},{'R1'},{'R3'},&,7.0,&
{'D5'},{'D6'},{'D7'},{'D1'},{'D3'},{'D4'},{'D2'},{'R1'},{'R3'},{'R2'},&,5.0,&
{'D5'},{'D6'},{'D7'},{'D1'},{'D3'},{'D4'},{'D2'},{'R1'},{'R2'},{'R3'},&,1.0,&
{'D5'},{'D6'},{'D7'},{'D1'},{'D3'},{'D4'},{'R3'},{'D2'},{'R2'},{'R1'},&,1.0,&
{'D5'},{'D6'},{'D7'},{'D1'},{'D3'},{'D4'},{'R1'},{'D2'},{'R3'},{'R2'},&,1.0,&
{'D5'},{'D6'},{'D7'},{'D1'},{'D3'},{'R2'},{'D2'},{'D4'},{'R1'},{'R3'},&,1.0,&
{'D5'},{'D6'},{'D7'},{'D1'},{'D3'},{'D2'},{'R3'},{'D4'},{'R1'},{'R2'},&,1.0,&
{'D5'},{'D6'},{'D7'},{'D1'},{'D3'},{'D2'},{'D4'},{'R3'},{'R2'},{'R1'},&,1.0,&
{'D5'},{'D6'},{'D7'},{'D1'},{'D3'},{'R1'},{'R3'},{'D4'},{'D2'},{'R2'},&,1.0,&
{'D5'},{'D6'},{'D7'},{'D1'},{'D3'},{'R3'},{'D4'},{'D2'},{'R2'},{'R1'},&,1.0,&
{'D5'},{'D6'},{'D7'},{'D1'},{'D4'},{'R2'},{'D3'},{'D2'},{'R3'},{'R1'},&,1.0,&
{'D5'},{'D6'},{'D7'},{'D1'},{'D4'},{'D3'},{'R2'},{'D2'},{'R1'},{'R3'},&,1.0,&
{'D5'},{'D6'},{'D7'},{'D1'},{'D4'},{'D3'},{'R2'},{'R3'},{'D2'},{'R1'},&,1.0,&
{'D5'},{'D6'},{'D7'},{'D1'},{'D4'},{'D3'},{'D2'},{'R3'},{'R1'},{'R2'},&,2.0,&
{'D5'},{'D6'},{'D7'},{'D1'},{'D4'},{'D3'},{'D2'},{'R3'},{'R2'},{'R1'},&,5.0,&
{'D5'},{'D6'},{'D7'},{'D1'},{'D4'},{'D3'},{'D2'},{'R2'},{'R3'},{'R1'},&,5.0,&
{'D5'},{'D6'},{'D7'},{'D1'},{'D4'},{'D3'},{'D2'},{'R2'},{'R1'},{'R3'},&,2.0,&
{'D5'},{'D6'},{'D7'},{'D1'},{'D4'},{'D3'},{'D2'},{'R1'},{'R3'},{'R2'},&,6.0,&
{'D5'},{'D6'},{'D7'},{'D1'},{'D4'},{'D3'},{'R1'},{'D2'},{'R2'},{'R3'},&,2.0,&
{'D5'},{'D6'},{'D7'},{'D4'},{'D3'},{'D1'},{'R2'},{'D2'},{'R3'},{'R1'},&,3.0,&
{'D5'},{'D6'},{'D7'},{'D4'},{'D3'},{'D1'},{'R2'},{'D2'},{'R1'},{'R3'},&,2.0,&
{'D5'},{'D6'},{'D7'},{'D4'},{'D3'},{'D1'},{'R2'},{'R3'},{'D2'},{'R1'},&,2.0,&
{'D5'},{'D6'},{'D7'},{'D4'},{'D3'},{'D1'},{'D2'},{'R3'},{'R1'},{'R2'},&,8.0,&
{'D5'},{'D6'},{'D7'},{'D4'},{'D3'},{'D1'},{'D2'},{'R3'},{'R2'},{'R1'},&,13.0,&
{'D5'},{'D6'},{'D7'},{'D4'},{'D3'},{'D1'},{'D2'},{'R2'},{'R3'},{'R1'},&,7.0,&
{'D5'},{'D6'},{'D7'},{'D4'},{'D3'},{'D1'},{'D2'},{'R2'},{'R1'},{'R3'},&,7.0,&
{'D5'},{'D6'},{'D7'},{'D4'},{'D3'},{'D1'},{'D2'},{'R1'},{'R3'},{'R2'},&,6.0,&
{'D5'},{'D6'},{'D7'},{'D4'},{'D3'},{'D1'},{'D2'},{'R1'},{'R2'},{'R3'},&,8.0,&
{'D5'},{'D6'},{'D7'},{'D4'},{'D3'},{'D1'},{'R3'},{'D2'},{'R2'},{'R1'},&,3.0,&
{'D5'},{'D6'},{'D7'},{'D4'},{'D3'},{'D1'},{'R3'},{'R2'},{'D2'},{'R1'},&,1.0,&
{'D5'},{'D6'},{'D7'},{'D4'},{'D3'},{'D1'},{'R1'},{'D2'},{'R3'},{'R2'},&,1.0,&
{'D5'},{'D6'},{'D7'},{'D4'},{'D3'},{'D1'},{'R1'},{'D2'},{'R2'},{'R3'},&,1.0,&
{'D5'},{'D6'},{'D7'},{'D4'},{'D3'},{'R2'},{'D1'},{'D2'},{'R1'},{'R3'},&,2.0,&
{'D5'},{'D6'},{'D7'},{'D4'},{'D3'},{'R2'},{'D1'},{'R3'},{'R1'},{'D2'},&,1.0,&
{'D5'},{'D6'},{'D7'},{'D4'},{'D3'},{'D2'},{'D1'},{'R2'},{'R1'},{'R3'},&,1.0,&
{'D5'},{'D6'},{'D7'},{'D4'},{'D3'},{'D2'},{'D1'},{'R1'},{'R3'},{'R2'},&,1.0,&
{'D5'},{'D6'},{'D7'},{'D4'},{'D3'},{'R1'},{'D1'},{'D2'},{'R3'},{'R2'},&,1.0,&
{'D5'},{'D6'},{'D7'},{'D4'},{'D3'},{'R1'},{'D1'},{'D2'},{'R2'},{'R3'},&,1.0,&
{'D5'},{'D6'},{'D7'},{'D4'},{'D3'},{'R3'},{'D1'},{'D2'},{'R1'},{'R2'},&,1.0,&
{'D5'},{'D6'},{'D7'},{'D4'},{'D3'},{'R3'},{'D1'},{'D2'},{'R2'},{'R1'},&,1.0,&
{'D5'},{'D6'},{'D7'},{'D4'},{'D1'},{'R2'},{'D3'},{'D2'},{'R1'},{'R3'},&,1.0,&
{'D5'},{'D6'},{'D7'},{'D4'},{'D1'},{'D3'},{'R2'},{'D2'},{'R3'},{'R1'},&,1.0,&
{'D5'},{'D6'},{'D7'},{'D4'},{'D1'},{'D3'},{'D2'},{'R3'},{'R1'},{'R2'},&,1.0,&
{'D5'},{'D6'},{'D7'},{'D4'},{'D1'},{'D3'},{'D2'},{'R3'},{'R2'},{'R1'},&,3.0,&
{'D5'},{'D6'},{'D7'},{'D4'},{'D1'},{'D3'},{'D2'},{'R2'},{'R3'},{'R1'},&,3.0,&
{'D5'},{'D6'},{'D7'},{'D4'},{'D1'},{'D3'},{'D2'},{'R2'},{'R1'},{'R3'},&,4.0,&
{'D5'},{'D6'},{'D7'},{'D4'},{'D1'},{'D3'},{'D2'},{'R1'},{'R3'},{'R2'},&,1.0,&
{'D5'},{'D6'},{'D7'},{'D4'},{'D1'},{'D3'},{'D2'},{'R1'},{'R2'},{'R3'},&,1.0,&
{'D5'},{'D6'},{'D7'},{'D4'},{'D1'},{'D3'},{'R1'},{'D2'},{'R3'},{'R2'},&,1.0,&
{'D5'},{'D6'},{'D7'},{'D4'},{'D2'},{'D3'},{'D1'},{'R3'},{'R2'},{'R1'},&,1.0,&
{'D5'},{'D6'},{'D7'},{'D4'},{'D2'},{'D3'},{'D1'},{'R2'},{'R3'},{'R1'},&,1.0,&
{'D5'},{'D6'},{'D7'},{'D4'},{'R2'},{'D3'},{'D1'},{'R1'},{'D2'},{'R3'},&,1.0,&
{'D5'},{'D6'},{'D7'},{'D3'},{'D1'},{'D4'},{'R2'},{'D2'},{'R3'},{'R1'},&,1.0,&
{'D5'},{'D6'},{'D7'},{'D3'},{'D1'},{'D4'},{'R2'},{'D2'},{'R1'},{'R3'},&,3.0,&
{'D5'},{'D6'},{'D7'},{'D3'},{'D1'},{'D4'},{'R2'},{'R3'},{'D2'},{'R1'},&,1.0,&
{'D5'},{'D6'},{'D7'},{'D3'},{'D1'},{'D4'},{'R2'},{'R1'},{'R3'},{'D2'},&,1.0,&
{'D5'},{'D6'},{'D7'},{'D3'},{'D1'},{'D4'},{'D2'},{'R3'},{'R1'},{'R2'},&,6.0,&
{'D5'},{'D6'},{'D7'},{'D3'},{'D1'},{'D4'},{'D2'},{'R3'},{'R2'},{'R1'},&,15.0,&
{'D5'},{'D6'},{'D7'},{'D3'},{'D1'},{'D4'},{'D2'},{'R2'},{'R3'},{'R1'},&,17.0,&
{'D5'},{'D6'},{'D7'},{'D3'},{'D1'},{'D4'},{'D2'},{'R2'},{'R1'},{'R3'},&,20.0,&
{'D5'},{'D6'},{'D7'},{'D3'},{'D1'},{'D4'},{'D2'},{'R1'},{'R3'},{'R2'},&,8.0,&
{'D5'},{'D6'},{'D7'},{'D3'},{'D1'},{'D4'},{'D2'},{'R1'},{'R2'},{'R3'},&,7.0,&
{'D5'},{'D6'},{'D7'},{'D3'},{'D1'},{'D4'},{'R3'},{'D2'},{'R1'},{'R2'},&,2.0,&
{'D5'},{'D6'},{'D7'},{'D3'},{'D1'},{'D4'},{'R3'},{'D2'},{'R2'},{'R1'},&,1.0,&
{'D5'},{'D6'},{'D7'},{'D3'},{'D1'},{'D4'},{'R3'},{'R2'},{'D2'},{'R1'},&,1.0,&
{'D5'},{'D6'},{'D7'},{'D3'},{'D1'},{'D4'},{'R1'},{'D2'},{'R3'},{'R2'},&,4.0,&
{'D5'},{'D6'},{'D7'},{'D3'},{'D1'},{'D4'},{'R1'},{'D2'},{'R2'},{'R3'},&,1.0,&
{'D5'},{'D6'},{'D7'},{'D3'},{'D1'},{'D4'},{'R1'},{'R3'},{'D2'},{'R2'},&,1.0,&
{'D5'},{'D6'},{'D7'},{'D3'},{'D1'},{'R2'},{'D4'},{'D2'},{'R3'},{'R1'},&,2.0,&
{'D5'},{'D6'},{'D7'},{'D3'},{'D1'},{'R2'},{'D4'},{'R3'},{'R1'},{'D2'},&,1.0,&
{'D5'},{'D6'},{'D7'},{'D3'},{'D1'},{'R2'},{'D4'},{'R1'},{'D2'},{'R3'},&,1.0,&
{'D5'},{'D6'},{'D7'},{'D3'},{'D1'},{'D2'},{'R2'},{'D4'},{'R1'},{'R3'},&,1.0,&
{'D5'},{'D6'},{'D7'},{'D3'},{'D1'},{'D2'},{'R3'},{'R2'},{'D4'},{'R1'},&,1.0,&
{'D5'},{'D6'},{'D7'},{'D3'},{'D1'},{'D2'},{'R3'},{'D4'},{'R2'},{'R1'},&,1.0,&
{'D5'},{'D6'},{'D7'},{'D3'},{'D1'},{'D2'},{'D4'},{'R2'},{'R3'},{'R1'},&,1.0,&
{'D5'},{'D6'},{'D7'},{'D3'},{'D1'},{'D2'},{'D4'},{'R2'},{'R1'},{'R3'},&,1.0,&
{'D5'},{'D6'},{'D7'},{'D3'},{'D1'},{'D2'},{'D4'},{'R1'},{'R2'},{'R3'},&,2.0,&
{'D5'},{'D6'},{'D7'},{'D3'},{'D1'},{'R3'},{'D4'},{'R1'},{'D2'},{'R2'},&,1.0,&
{'D5'},{'D6'},{'D7'},{'D3'},{'D4'},{'D1'},{'R2'},{'D2'},{'R3'},{'R1'},&,6.0,&
{'D5'},{'D6'},{'D7'},{'D3'},{'D4'},{'D1'},{'R2'},{'D2'},{'R1'},{'R3'},&,7.0,&
{'D5'},{'D6'},{'D7'},{'D3'},{'D4'},{'D1'},{'D2'},{'R3'},{'R1'},{'R2'},&,8.0,&
{'D5'},{'D6'},{'D7'},{'D3'},{'D4'},{'D1'},{'D2'},{'R3'},{'R2'},{'R1'},&,18.0,&
{'D5'},{'D6'},{'D7'},{'D3'},{'D4'},{'D1'},{'D2'},{'R2'},{'R3'},{'R1'},&,20.0,&
{'D5'},{'D6'},{'D7'},{'D3'},{'D4'},{'D1'},{'D2'},{'R2'},{'R1'},{'R3'},&,21.0,&
{'D5'},{'D6'},{'D7'},{'D3'},{'D4'},{'D1'},{'D2'},{'R1'},{'R3'},{'R2'},&,6.0,&
{'D5'},{'D6'},{'D7'},{'D3'},{'D4'},{'D1'},{'D2'},{'R1'},{'R2'},{'R3'},&,21.0,&
{'D5'},{'D6'},{'D7'},{'D3'},{'D4'},{'D1'},{'R3'},{'D2'},{'R1'},{'R2'},&,2.0,&
{'D5'},{'D6'},{'D7'},{'D3'},{'D4'},{'D1'},{'R3'},{'D2'},{'R2'},{'R1'},&,5.0,&
{'D5'},{'D6'},{'D7'},{'D3'},{'D4'},{'D1'},{'R3'},{'R2'},{'R1'},{'D2'},&,1.0,&
{'D5'},{'D6'},{'D7'},{'D3'},{'D4'},{'D1'},{'R3'},{'R2'},{'D2'},{'R1'},&,3.0,&
{'D5'},{'D6'},{'D7'},{'D3'},{'D4'},{'D1'},{'R1'},{'D2'},{'R2'},{'R3'},&,6.0,&
{'D5'},{'D6'},{'D7'},{'D3'},{'D4'},{'D1'},{'R1'},{'R2'},{'D2'},{'R3'},&,1.0,&
{'D5'},{'D6'},{'D7'},{'D3'},{'D4'},{'D2'},{'R2'},{'D1'},{'R1'},{'R3'},&,1.0,&
{'D5'},{'D6'},{'D7'},{'D3'},{'D4'},{'D2'},{'R3'},{'R2'},{'D1'},{'R1'},&,1.0,&
{'D5'},{'D6'},{'D7'},{'D3'},{'D4'},{'D2'},{'D1'},{'R3'},{'R2'},{'R1'},&,2.0,&
{'D5'},{'D6'},{'D7'},{'D3'},{'D4'},{'D2'},{'D1'},{'R2'},{'R3'},{'R1'},&,2.0,&
{'D5'},{'D6'},{'D7'},{'D3'},{'D4'},{'D2'},{'D1'},{'R2'},{'R1'},{'R3'},&,1.0,&
{'D5'},{'D6'},{'D7'},{'D3'},{'D4'},{'D2'},{'D1'},{'R1'},{'R3'},{'R2'},&,3.0,&
{'D5'},{'D6'},{'D7'},{'D3'},{'D4'},{'D2'},{'D1'},{'R1'},{'R2'},{'R3'},&,2.0,&
{'D5'},{'D6'},{'D7'},{'D3'},{'D4'},{'R1'},{'D1'},{'D2'},{'R2'},{'R3'},&,1.0,&
{'D5'},{'D6'},{'D7'},{'D3'},{'D4'},{'R1'},{'D1'},{'R3'},{'D2'},{'R2'},&,1.0,&
{'D5'},{'D6'},{'D7'},{'D3'},{'D4'},{'R1'},{'D1'},{'R3'},{'R2'},{'D2'},&,1.0,&
{'D5'},{'D6'},{'D7'},{'D3'},{'D2'},{'D4'},{'D1'},{'R3'},{'R2'},{'R1'},&,2.0,&
{'D5'},{'D6'},{'D7'},{'D3'},{'D2'},{'D4'},{'D1'},{'R2'},{'R1'},{'R3'},&,1.0,&
{'D5'},{'D6'},{'D7'},{'D3'},{'D2'},{'D4'},{'D1'},{'R1'},{'R2'},{'R3'},&,1.0,&
{'D5'},{'D6'},{'D7'},{'D3'},{'D2'},{'D1'},{'D4'},{'R3'},{'R1'},{'R2'},&,1.0,&
{'D5'},{'D6'},{'D7'},{'D3'},{'D2'},{'D1'},{'D4'},{'R1'},{'R2'},{'R3'},&,1.0,&
{'D5'},{'D6'},{'D7'},{'D3'},{'R2'},{'D4'},{'D1'},{'D2'},{'R1'},{'R3'},&,1.0,&
{'D5'},{'D6'},{'D7'},{'D3'},{'R2'},{'D1'},{'D4'},{'D2'},{'R3'},{'R1'},&,1.0,&
{'D5'},{'D6'},{'D7'},{'D3'},{'R3'},{'D1'},{'D4'},{'D2'},{'R2'},{'R1'},&,1.0,&
{'D5'},{'D6'},{'D7'},{'D2'},{'D3'},{'D4'},{'D1'},{'R2'},{'R3'},{'R1'},&,1.0,&
{'D5'},{'D6'},{'D7'},{'D2'},{'D3'},{'D4'},{'D1'},{'R1'},{'R2'},{'R3'},&,1.0,&
{'D5'},{'D6'},{'D7'},{'D2'},{'D1'},{'D4'},{'R2'},{'R3'},{'D3'},{'R1'},&,1.0,&
{'D5'},{'D6'},{'D7'},{'D2'},{'D4'},{'D1'},{'D3'},{'R2'},{'R3'},{'R1'},&,1.0,&
{'D5'},{'D6'},{'D7'},{'R2'},{'D4'},{'D1'},{'D3'},{'D2'},{'R1'},{'R3'},&,1.0,&
{'D5'},{'D6'},{'D7'},{'R3'},{'D3'},{'D4'},{'D2'},{'D1'},{'R1'},{'R2'},&,1.0,&
{'D5'},{'D6'},{'D1'},{'D4'},{'D7'},{'D3'},{'D2'},{'R2'},{'R1'},{'R3'},&,2.0,&
{'D5'},{'D6'},{'D1'},{'D4'},{'D7'},{'R1'},{'D3'},{'R2'},{'D2'},{'R3'},&,1.0,&
{'D5'},{'D6'},{'D1'},{'D3'},{'D7'},{'D4'},{'D2'},{'R3'},{'R2'},{'R1'},&,1.0,&
{'D5'},{'D6'},{'D1'},{'D3'},{'D7'},{'D4'},{'D2'},{'R2'},{'R3'},{'R1'},&,1.0,&
{'D5'},{'D6'},{'D1'},{'D3'},{'D7'},{'D4'},{'D2'},{'R2'},{'R1'},{'R3'},&,2.0,&
{'D5'},{'D6'},{'D1'},{'D3'},{'D7'},{'D4'},{'D2'},{'R1'},{'R2'},{'R3'},&,1.0,&
{'D5'},{'D6'},{'D1'},{'D3'},{'D7'},{'D4'},{'R1'},{'R2'},{'D2'},{'R3'},&,1.0,&
{'D5'},{'D6'},{'D1'},{'D3'},{'D7'},{'D2'},{'D4'},{'R1'},{'R2'},{'R3'},&,1.0,&
{'D5'},{'D6'},{'D1'},{'D3'},{'D7'},{'R1'},{'D4'},{'D2'},{'R3'},{'R2'},&,1.0,&
{'D5'},{'D6'},{'D1'},{'D7'},{'D3'},{'D4'},{'D2'},{'R3'},{'R1'},{'R2'},&,3.0,&
{'D5'},{'D6'},{'D1'},{'D7'},{'D3'},{'D4'},{'D2'},{'R3'},{'R2'},{'R1'},&,1.0,&
{'D5'},{'D6'},{'D1'},{'D7'},{'D3'},{'D4'},{'D2'},{'R2'},{'R3'},{'R1'},&,3.0,&
{'D5'},{'D6'},{'D1'},{'D7'},{'D3'},{'D4'},{'D2'},{'R2'},{'R1'},{'R3'},&,2.0,&
{'D5'},{'D6'},{'D1'},{'D7'},{'D3'},{'D4'},{'D2'},{'R1'},{'R3'},{'R2'},&,2.0,&
{'D5'},{'D6'},{'D1'},{'D7'},{'D3'},{'D4'},{'D2'},{'R1'},{'R2'},{'R3'},&,5.0,&
{'D5'},{'D6'},{'D1'},{'D7'},{'D3'},{'D4'},{'R3'},{'R2'},{'D2'},{'R1'},&,1.0,&
{'D5'},{'D6'},{'D1'},{'D7'},{'D3'},{'D4'},{'R1'},{'D2'},{'R3'},{'R2'},&,1.0,&
{'D5'},{'D6'},{'D1'},{'D7'},{'D3'},{'R1'},{'D4'},{'D2'},{'R2'},{'R3'},&,1.0,&
{'D5'},{'D6'},{'D1'},{'D7'},{'D4'},{'R2'},{'D3'},{'R1'},{'D2'},{'R3'},&,1.0,&
{'D5'},{'D6'},{'D1'},{'D7'},{'D4'},{'D3'},{'R2'},{'D2'},{'R3'},{'R1'},&,1.0,&
{'D5'},{'D6'},{'D1'},{'D7'},{'D4'},{'D3'},{'R2'},{'D2'},{'R1'},{'R3'},&,1.0,&
{'D5'},{'D6'},{'D1'},{'D7'},{'D4'},{'D3'},{'D2'},{'R3'},{'R2'},{'R1'},&,1.0,&
{'D5'},{'D6'},{'D1'},{'D7'},{'D4'},{'D3'},{'R1'},{'R3'},{'D2'},{'R2'},&,1.0,&
{'D5'},{'D6'},{'D1'},{'D7'},{'R1'},{'D3'},{'D4'},{'D2'},{'R3'},{'R2'},&,1.0,&
{'D5'},{'D1'},{'D4'},{'D7'},{'D6'},{'D3'},{'D2'},{'R2'},{'R3'},{'R1'},&,1.0,&
{'D5'},{'D1'},{'D4'},{'D7'},{'D6'},{'D3'},{'D2'},{'R1'},{'R2'},{'R3'},&,2.0,&
{'D5'},{'D1'},{'D3'},{'D6'},{'D7'},{'D4'},{'R2'},{'D2'},{'R1'},{'R3'},&,1.0,&
{'D5'},{'D1'},{'D3'},{'D6'},{'D7'},{'D4'},{'D2'},{'R3'},{'R2'},{'R1'},&,1.0,&
{'D5'},{'D1'},{'D3'},{'D6'},{'D7'},{'D4'},{'D2'},{'R2'},{'R3'},{'R1'},&,1.0,&
{'D5'},{'D1'},{'D3'},{'D6'},{'D7'},{'D4'},{'D2'},{'R1'},{'R3'},{'R2'},&,1.0,&
{'D5'},{'D1'},{'D3'},{'D6'},{'D7'},{'D4'},{'R3'},{'D2'},{'R2'},{'R1'},&,1.0,&
{'D5'},{'D1'},{'D3'},{'D7'},{'D4'},{'D6'},{'D2'},{'R3'},{'R1'},{'R2'},&,1.0,&
{'D5'},{'D1'},{'D3'},{'D7'},{'D6'},{'D4'},{'R2'},{'D2'},{'R1'},{'R3'},&,1.0,&
{'D5'},{'D1'},{'D3'},{'D7'},{'D6'},{'D4'},{'R2'},{'R1'},{'D2'},{'R3'},&,1.0,&
{'D5'},{'D1'},{'D3'},{'D7'},{'D6'},{'D4'},{'D2'},{'R3'},{'R1'},{'R2'},&,1.0,&
{'D5'},{'D1'},{'D3'},{'D7'},{'D6'},{'D4'},{'D2'},{'R2'},{'R3'},{'R1'},&,3.0,&
{'D5'},{'D1'},{'D7'},{'D4'},{'D6'},{'D3'},{'R2'},{'D2'},{'R1'},{'R3'},&,1.0,&
{'D5'},{'D1'},{'D7'},{'D4'},{'D6'},{'D3'},{'D2'},{'R3'},{'R1'},{'R2'},&,1.0,&
{'D5'},{'D1'},{'D7'},{'D4'},{'D6'},{'D2'},{'D3'},{'R2'},{'R3'},{'R1'},&,1.0,&
{'D5'},{'D1'},{'D7'},{'D6'},{'D3'},{'D4'},{'R2'},{'D2'},{'R1'},{'R3'},&,1.0,&
{'D5'},{'D1'},{'D7'},{'D6'},{'D3'},{'D4'},{'R2'},{'R3'},{'D2'},{'R1'},&,1.0,&
{'D5'},{'D1'},{'D7'},{'D6'},{'D3'},{'D4'},{'D2'},{'R3'},{'R1'},{'R2'},&,2.0,&
{'D5'},{'D1'},{'D7'},{'D6'},{'D3'},{'D4'},{'D2'},{'R3'},{'R2'},{'R1'},&,1.0,&
{'D5'},{'D1'},{'D7'},{'D6'},{'D3'},{'D4'},{'D2'},{'R2'},{'R3'},{'R1'},&,5.0,&
{'D5'},{'D1'},{'D7'},{'D6'},{'D3'},{'D4'},{'D2'},{'R1'},{'R2'},{'R3'},&,1.0,&
{'D5'},{'D1'},{'D7'},{'D6'},{'D3'},{'D2'},{'R2'},{'D4'},{'R1'},{'R3'},&,1.0,&
{'D5'},{'D1'},{'D7'},{'D6'},{'D3'},{'R3'},{'D4'},{'D2'},{'R1'},{'R2'},&,1.0,&
{'D5'},{'D1'},{'D7'},{'D6'},{'D4'},{'D3'},{'D2'},{'R2'},{'R3'},{'R1'},&,4.0,&
{'D5'},{'D1'},{'D7'},{'D6'},{'D4'},{'D3'},{'D2'},{'R2'},{'R1'},{'R3'},&,1.0,&
{'D5'},{'D1'},{'D7'},{'D6'},{'D4'},{'D3'},{'D2'},{'R1'},{'R2'},{'R3'},&,3.0,&
{'D5'},{'D1'},{'D7'},{'D3'},{'D4'},{'D6'},{'D2'},{'R2'},{'R1'},{'R3'},&,1.0,&
{'D5'},{'D1'},{'D7'},{'D3'},{'D6'},{'D4'},{'R2'},{'R1'},{'D2'},{'R3'},&,1.0,&
{'D5'},{'D1'},{'D7'},{'D3'},{'D6'},{'D4'},{'D2'},{'R3'},{'R1'},{'R2'},&,1.0,&
{'D5'},{'D1'},{'D7'},{'D3'},{'D6'},{'D4'},{'D2'},{'R2'},{'R3'},{'R1'},&,2.0,&
{'D5'},{'D1'},{'D7'},{'D3'},{'D6'},{'D4'},{'D2'},{'R2'},{'R1'},{'R3'},&,1.0,&
{'D5'},{'D1'},{'D7'},{'D3'},{'D6'},{'D4'},{'D2'},{'R1'},{'R3'},{'R2'},&,1.0,&
{'D5'},{'D1'},{'D7'},{'D3'},{'D6'},{'D4'},{'D2'},{'R1'},{'R2'},{'R3'},&,1.0,&
{'D5'},{'D1'},{'D7'},{'D3'},{'D6'},{'R2'},{'D4'},{'D2'},{'R3'},{'R1'},&,1.0,&
{'D5'},{'D1'},{'D6'},{'D4'},{'D7'},{'D3'},{'D2'},{'R3'},{'R2'},{'R1'},&,1.0,&
{'D5'},{'D1'},{'D6'},{'D3'},{'D4'},{'D7'},{'D2'},{'R1'},{'R2'},{'R3'},&,1.0,&
{'D5'},{'D1'},{'D6'},{'D3'},{'D7'},{'D4'},{'R2'},{'D2'},{'R1'},{'R3'},&,1.0,&
{'D5'},{'D1'},{'D6'},{'D3'},{'D7'},{'D4'},{'D2'},{'R2'},{'R1'},{'R3'},&,1.0,&
{'D5'},{'D1'},{'D6'},{'D3'},{'D7'},{'R3'},{'D4'},{'D2'},{'R1'},{'R2'},&,1.0,&
{'D5'},{'D1'},{'D6'},{'D3'},{'R3'},{'D7'},{'D4'},{'D2'},{'R1'},{'R2'},&,1.0,&
{'D5'},{'D1'},{'D6'},{'D7'},{'D3'},{'D4'},{'D2'},{'R3'},{'R1'},{'R2'},&,1.0,&
{'D5'},{'D1'},{'D6'},{'D7'},{'D3'},{'D4'},{'D2'},{'R3'},{'R2'},{'R1'},&,1.0,&
{'D5'},{'D1'},{'D6'},{'D7'},{'D3'},{'D4'},{'D2'},{'R2'},{'R3'},{'R1'},&,1.0,&
{'D5'},{'D1'},{'D6'},{'D7'},{'D3'},{'D4'},{'D2'},{'R2'},{'R1'},{'R3'},&,1.0,&
{'D5'},{'D1'},{'D6'},{'D7'},{'D3'},{'D4'},{'D2'},{'R1'},{'R3'},{'R2'},&,2.0,&
{'D5'},{'D1'},{'D6'},{'D7'},{'D3'},{'D4'},{'R3'},{'D2'},{'R1'},{'R2'},&,1.0,&
{'D5'},{'D1'},{'D6'},{'D7'},{'D3'},{'D4'},{'R1'},{'R2'},{'D2'},{'R3'},&,1.0,&
{'D5'},{'D1'},{'D6'},{'D7'},{'D4'},{'D3'},{'D2'},{'R3'},{'R2'},{'R1'},&,1.0,&
{'D5'},{'D1'},{'D6'},{'D7'},{'D4'},{'D3'},{'D2'},{'R2'},{'R3'},{'R1'},&,1.0,&
{'D5'},{'D1'},{'D6'},{'D7'},{'D4'},{'D3'},{'D2'},{'R1'},{'R2'},{'R3'},&,1.0,&
{'D5'},{'D1'},{'D6'},{'D7'},{'D4'},{'D3'},{'R1'},{'D2'},{'R3'},{'R2'},&,1.0,&
{'D5'},{'D1'},{'D6'},{'R2'},{'D3'},{'D4'},{'R3'},{'D7'},{'D2'},{'R1'},&,1.0,&
{'D5'},{'D4'},{'D3'},{'D6'},{'D1'},{'D7'},{'D2'},{'R3'},{'R1'},{'R2'},&,1.0,&
{'D5'},{'D4'},{'D3'},{'D6'},{'D7'},{'D1'},{'D2'},{'R3'},{'R2'},{'R1'},&,1.0,&
{'D5'},{'D4'},{'D3'},{'D6'},{'D7'},{'D1'},{'D2'},{'R1'},{'R3'},{'R2'},&,1.0,&
{'D5'},{'D4'},{'D3'},{'D7'},{'D1'},{'D6'},{'R2'},{'D2'},{'R1'},{'R3'},&,1.0,&
{'D5'},{'D4'},{'D3'},{'D7'},{'D1'},{'D6'},{'D2'},{'R2'},{'R3'},{'R1'},&,1.0,&
{'D5'},{'D4'},{'D3'},{'D7'},{'D6'},{'D1'},{'R2'},{'D2'},{'R3'},{'R1'},&,1.0,&
{'D5'},{'D4'},{'D3'},{'D7'},{'D6'},{'D1'},{'D2'},{'R3'},{'R1'},{'R2'},&,1.0,&
{'D5'},{'D4'},{'D3'},{'D7'},{'D6'},{'D1'},{'D2'},{'R2'},{'R3'},{'R1'},&,1.0,&
{'D5'},{'D4'},{'D3'},{'D7'},{'D6'},{'D1'},{'D2'},{'R2'},{'R1'},{'R3'},&,1.0,&
{'D5'},{'D4'},{'D3'},{'D7'},{'D6'},{'D1'},{'D2'},{'R1'},{'R2'},{'R3'},&,1.0,&
{'D5'},{'D4'},{'D3'},{'D7'},{'D6'},{'D2'},{'D1'},{'R3'},{'R2'},{'R1'},&,1.0,&
{'D5'},{'D4'},{'D3'},{'D7'},{'D6'},{'R1'},{'D1'},{'R3'},{'D2'},{'R2'},&,1.0,&
{'D5'},{'D4'},{'D7'},{'D6'},{'D3'},{'D1'},{'R2'},{'D2'},{'R1'},{'R3'},&,2.0,&
{'D5'},{'D4'},{'D7'},{'D6'},{'D3'},{'D1'},{'D2'},{'R3'},{'R1'},{'R2'},&,1.0,&
{'D5'},{'D4'},{'D7'},{'D6'},{'D3'},{'D1'},{'D2'},{'R3'},{'R2'},{'R1'},&,4.0,&
{'D5'},{'D4'},{'D7'},{'D6'},{'D3'},{'D1'},{'D2'},{'R2'},{'R3'},{'R1'},&,4.0,&
{'D5'},{'D4'},{'D7'},{'D6'},{'D3'},{'D1'},{'D2'},{'R2'},{'R1'},{'R3'},&,4.0,&
{'D5'},{'D4'},{'D7'},{'D6'},{'D3'},{'D1'},{'D2'},{'R1'},{'R3'},{'R2'},&,3.0,&
{'D5'},{'D4'},{'D7'},{'D6'},{'D3'},{'D1'},{'D2'},{'R1'},{'R2'},{'R3'},&,1.0,&
{'D5'},{'D4'},{'D7'},{'D6'},{'D3'},{'D1'},{'R3'},{'D2'},{'R1'},{'R2'},&,1.0,&
{'D5'},{'D4'},{'D7'},{'D6'},{'D3'},{'D1'},{'R3'},{'R1'},{'D2'},{'R2'},&,1.0,&
{'D5'},{'D4'},{'D7'},{'D6'},{'D3'},{'D1'},{'R1'},{'D2'},{'R2'},{'R3'},&,1.0,&
{'D5'},{'D4'},{'D7'},{'D6'},{'D3'},{'D1'},{'R1'},{'R3'},{'R2'},{'D2'},&,1.0,&
{'D5'},{'D4'},{'D7'},{'D6'},{'D3'},{'D2'},{'D1'},{'R1'},{'R3'},{'R2'},&,1.0,&
{'D5'},{'D4'},{'D7'},{'D6'},{'D3'},{'R3'},{'D1'},{'D2'},{'R1'},{'R2'},&,1.0,&
{'D5'},{'D4'},{'D7'},{'D6'},{'D1'},{'R2'},{'D3'},{'D2'},{'R3'},{'R1'},&,1.0,&
{'D5'},{'D4'},{'D7'},{'D6'},{'D1'},{'D3'},{'D2'},{'R3'},{'R2'},{'R1'},&,3.0,&
{'D5'},{'D4'},{'D7'},{'D6'},{'D1'},{'D3'},{'D2'},{'R2'},{'R3'},{'R1'},&,1.0,&
{'D5'},{'D4'},{'D7'},{'D6'},{'D1'},{'D3'},{'D2'},{'R2'},{'R1'},{'R3'},&,1.0,&
{'D5'},{'D4'},{'D7'},{'D6'},{'D1'},{'D3'},{'R3'},{'D2'},{'R2'},{'R1'},&,1.0,&
{'D5'},{'D4'},{'D7'},{'D6'},{'R3'},{'D3'},{'D1'},{'D2'},{'R2'},{'R1'},&,1.0,&
{'D5'},{'D4'},{'D7'},{'D3'},{'D1'},{'D6'},{'D2'},{'R2'},{'R3'},{'R1'},&,2.0,&
{'D5'},{'D4'},{'D7'},{'D3'},{'D1'},{'D6'},{'D2'},{'R1'},{'R3'},{'R2'},&,1.0,&
{'D5'},{'D4'},{'D7'},{'D3'},{'D1'},{'D6'},{'R3'},{'R2'},{'D2'},{'R1'},&,1.0,&
{'D5'},{'D4'},{'D7'},{'D3'},{'D6'},{'D1'},{'R2'},{'R1'},{'D2'},{'R3'},&,1.0,&
{'D5'},{'D4'},{'D7'},{'D3'},{'D6'},{'D1'},{'D2'},{'R3'},{'R1'},{'R2'},&,1.0,&
{'D5'},{'D4'},{'D7'},{'D3'},{'D6'},{'D1'},{'D2'},{'R2'},{'R3'},{'R1'},&,1.0,&
{'D5'},{'D4'},{'D7'},{'D3'},{'D6'},{'D1'},{'D2'},{'R2'},{'R1'},{'R3'},&,3.0,&
{'D5'},{'D4'},{'D7'},{'D3'},{'D6'},{'D1'},{'D2'},{'R1'},{'R2'},{'R3'},&,3.0,&
{'D5'},{'D4'},{'D6'},{'D1'},{'D7'},{'D3'},{'R2'},{'R3'},{'R1'},{'D2'},&,1.0,&
{'D5'},{'D4'},{'D6'},{'D1'},{'D7'},{'D3'},{'D2'},{'R2'},{'R3'},{'R1'},&,1.0,&
{'D5'},{'D4'},{'D6'},{'D1'},{'D7'},{'D3'},{'R1'},{'R3'},{'D2'},{'R2'},&,1.0,&
{'D5'},{'D4'},{'D6'},{'D3'},{'D7'},{'D1'},{'R2'},{'D2'},{'R1'},{'R3'},&,1.0,&
{'D5'},{'D4'},{'D6'},{'D3'},{'D7'},{'D1'},{'R2'},{'R3'},{'D2'},{'R1'},&,1.0,&
{'D5'},{'D4'},{'D6'},{'D3'},{'D7'},{'D1'},{'D2'},{'R2'},{'R1'},{'R3'},&,1.0,&
{'D5'},{'D4'},{'D6'},{'D3'},{'D7'},{'D1'},{'R3'},{'R2'},{'D2'},{'R1'},&,1.0,&
{'D5'},{'D4'},{'D6'},{'D7'},{'D3'},{'D1'},{'D2'},{'R3'},{'R1'},{'R2'},&,2.0,&
{'D5'},{'D4'},{'D6'},{'D7'},{'D3'},{'D1'},{'D2'},{'R2'},{'R3'},{'R1'},&,3.0,&
{'D5'},{'D4'},{'D6'},{'D7'},{'D3'},{'D1'},{'D2'},{'R1'},{'R3'},{'R2'},&,2.0,&
{'D5'},{'D4'},{'D6'},{'D7'},{'D3'},{'D1'},{'D2'},{'R1'},{'R2'},{'R3'},&,1.0,&
{'D5'},{'D4'},{'D6'},{'D7'},{'D3'},{'D1'},{'R3'},{'D2'},{'R2'},{'R1'},&,1.0,&
{'D5'},{'D4'},{'D6'},{'D7'},{'D3'},{'D2'},{'D1'},{'R1'},{'R2'},{'R3'},&,1.0,&
{'D5'},{'D4'},{'D6'},{'D7'},{'D1'},{'D3'},{'D2'},{'R3'},{'R1'},{'R2'},&,1.0,&
{'D5'},{'D4'},{'D6'},{'D7'},{'D1'},{'D3'},{'D2'},{'R3'},{'R2'},{'R1'},&,2.0,&
{'D5'},{'D4'},{'D6'},{'D7'},{'D1'},{'D3'},{'D2'},{'R2'},{'R3'},{'R1'},&,1.0,&
{'D5'},{'D4'},{'D6'},{'D7'},{'D1'},{'D3'},{'D2'},{'R2'},{'R1'},{'R3'},&,1.0,&
{'D5'},{'D4'},{'D6'},{'D7'},{'D1'},{'D3'},{'D2'},{'R1'},{'R2'},{'R3'},&,1.0,&
{'D5'},{'D4'},{'D6'},{'D7'},{'D1'},{'D3'},{'R1'},{'R2'},{'R3'},{'D2'},&,1.0,&
{'D5'},{'D4'},{'D6'},{'D7'},{'D1'},{'R3'},{'D3'},{'D2'},{'R2'},{'R1'},&,1.0,&
{'D5'},{'D4'},{'D6'},{'D7'},{'R1'},{'D3'},{'D1'},{'R3'},{'D2'},{'R2'},&,1.0,&
{'D5'},{'D4'},{'D1'},{'D6'},{'D3'},{'D7'},{'D2'},{'R3'},{'R2'},{'R1'},&,1.0,&
{'D5'},{'D4'},{'D1'},{'D6'},{'D3'},{'D7'},{'D2'},{'R2'},{'R3'},{'R1'},&,1.0,&
{'D5'},{'D4'},{'D1'},{'D6'},{'D7'},{'D3'},{'D2'},{'R2'},{'R1'},{'R3'},&,2.0,&
{'D5'},{'D4'},{'D1'},{'D6'},{'D7'},{'D3'},{'R3'},{'D2'},{'R1'},{'R2'},&,1.0,&
{'D5'},{'D4'},{'D1'},{'D3'},{'D6'},{'D7'},{'D2'},{'R3'},{'R2'},{'R1'},&,1.0,&
{'D5'},{'D4'},{'D1'},{'D7'},{'D6'},{'D3'},{'D2'},{'R1'},{'R2'},{'R3'},&,1.0,&
{'D5'},{'D4'},{'D1'},{'D7'},{'D6'},{'D3'},{'R1'},{'D2'},{'R2'},{'R3'},&,1.0,&
{'D5'},{'D2'},{'D7'},{'D6'},{'D3'},{'D1'},{'D4'},{'R2'},{'R1'},{'R3'},&,1.0,&
{'D5'},{'D2'},{'D7'},{'D6'},{'D4'},{'D3'},{'D1'},{'R3'},{'R2'},{'R1'},&,1.0,&
{'D5'},{'D2'},{'D6'},{'D3'},{'D7'},{'D1'},{'D4'},{'R3'},{'R1'},{'R2'},&,1.0,&
{'D5'},{'R3'},{'R1'},{'R2'},{'D3'},{'D1'},{'D4'},{'D2'},{'D6'},{'D7'},&,1.0,&
{'D5'},{'R3'},{'R2'},{'R1'},{'D3'},{'D4'},{'D1'},{'D2'},{'D6'},{'D7'},&,1.0,&
{'D5'},{'R3'},{'R2'},{'R1'},{'D3'},{'D2'},{'D1'},{'D4'},{'D6'},{'D7'},&,1.0,&
{'D5'},{'R3'},{'R2'},{'R1'},{'D1'},{'D4'},{'D2'},{'D3'},{'D6'},{'D7'},&,1.0,&
{'D5'},{'R3'},{'R2'},{'R1'},{'D1'},{'D3'},{'D4'},{'D2'},{'D6'},{'D7'},&,1.0,&
{'D5'},{'R3'},{'R2'},{'R1'},{'D1'},{'D2'},{'D3'},{'D4'},{'D6'},{'D7'},&,1.0,&
{'D5'},{'R3'},{'R2'},{'R1'},{'D4'},{'D1'},{'D2'},{'D3'},{'D6'},{'D7'},&,1.0,&
{'D5'},{'R3'},{'R2'},{'R1'},{'D4'},{'D1'},{'D3'},{'D2'},{'D6'},{'D7'},&,1.0,&
{'D5'},{'R3'},{'R2'},{'R1'},{'D2'},{'D1'},{'D3'},{'D4'},{'D6'},{'D7'},&,1.0,&
{'D5'},{'R1'},{'D7'},{'D3'},{'D1'},{'D6'},{'D4'},{'D2'},{'R2'},{'R3'},&,1.0,&
{'D5'},{'R1'},{'R3'},{'R2'},{'D3'},{'D4'},{'D1'},{'D2'},{'D6'},{'D7'},&,1.0,&
{'D5'},{'R1'},{'R3'},{'R2'},{'D3'},{'D1'},{'D2'},{'D4'},{'D6'},{'D7'},&,1.0,&
{'D5'},{'R1'},{'R3'},{'R2'},{'D1'},{'D4'},{'D2'},{'D3'},{'D6'},{'D7'},&,1.0,&
{'D5'},{'R1'},{'R3'},{'R2'},{'D2'},{'D3'},{'D1'},{'D4'},{'D6'},{'D7'},&,1.0,&
{'D5'},{'R1'},{'R2'},{'D1'},{'D3'},{'R3'},{'D2'},{'D6'},{'D4'},{'D7'},&,1.0,&
{'D5'},{'R1'},{'R2'},{'D4'},{'R3'},{'D1'},{'D3'},{'D2'},{'D6'},{'D7'},&,1.0,&
{'D5'},{'R1'},{'R2'},{'D3'},{'R3'},{'D1'},{'D4'},{'D2'},{'D6'},{'D7'},&,1.0,&
{'D5'},{'R1'},{'R2'},{'R3'},{'D3'},{'D4'},{'D1'},{'D2'},{'D6'},{'D7'},&,1.0,&
{'D5'},{'R1'},{'R2'},{'R3'},{'D3'},{'D1'},{'D2'},{'D4'},{'D6'},{'D7'},&,3.0,&
{'D5'},{'R1'},{'R2'},{'R3'},{'D3'},{'D1'},{'D4'},{'D2'},{'D6'},{'D7'},&,1.0,&
{'D5'},{'R1'},{'R2'},{'R3'},{'D1'},{'D4'},{'D2'},{'D3'},{'D6'},{'D7'},&,1.0,&
{'D5'},{'R1'},{'R2'},{'R3'},{'D1'},{'D3'},{'D2'},{'D4'},{'D6'},{'D7'},&,1.0,&
{'D5'},{'R1'},{'R2'},{'R3'},{'D1'},{'D2'},{'D3'},{'D4'},{'D6'},{'D7'},&,1.0,&
{'D5'},{'R1'},{'R2'},{'R3'},{'D4'},{'D3'},{'D1'},{'D2'},{'D6'},{'D7'},&,1.0,&
{'D5'},{'R2'},{'D3'},{'R1'},{'R3'},{'D2'},{'D1'},{'D4'},{'D6'},{'D7'},&,1.0,&
{'D5'},{'R2'},{'D7'},{'D6'},{'D4'},{'D3'},{'D1'},{'D2'},{'R3'},{'R1'},&,1.0,&
{'D5'},{'R2'},{'D6'},{'D3'},{'D7'},{'D4'},{'D1'},{'R3'},{'D2'},{'R1'},&,1.0,&
{'D5'},{'R2'},{'D1'},{'D3'},{'D7'},{'D6'},{'D4'},{'D2'},{'R3'},{'R1'},&,1.0,&
{'D5'},{'R2'},{'R3'},{'D3'},{'D1'},{'R1'},{'D6'},{'D2'},{'D4'},{'D7'},&,1.0,&
{'D5'},{'R2'},{'R3'},{'R1'},{'D3'},{'D1'},{'D2'},{'D4'},{'D6'},{'D7'},&,1.0,&
{'D5'},{'R2'},{'R3'},{'R1'},{'D3'},{'D1'},{'D2'},{'D4'},{'D7'},{'D6'},&,1.0,&
{'D5'},{'R2'},{'R3'},{'R1'},{'D3'},{'D1'},{'D6'},{'D2'},{'D4'},{'D7'},&,1.0,&
{'D5'},{'R2'},{'R3'},{'R1'},{'D3'},{'D1'},{'D4'},{'D2'},{'D6'},{'D7'},&,1.0,&
{'D5'},{'R2'},{'R3'},{'R1'},{'D3'},{'D2'},{'D1'},{'D4'},{'D6'},{'D7'},&,1.0,&
{'D5'},{'R2'},{'R3'},{'R1'},{'D3'},{'D2'},{'D4'},{'D1'},{'D6'},{'D7'},&,1.0,&
{'D5'},{'R2'},{'R3'},{'R1'},{'D1'},{'D3'},{'D2'},{'D6'},{'D4'},{'D7'},&,1.0,&
{'D5'},{'R2'},{'R3'},{'R1'},{'D1'},{'D3'},{'D4'},{'D2'},{'D6'},{'D7'},&,1.0,&
{'D5'},{'R2'},{'R3'},{'R1'},{'D1'},{'D2'},{'D3'},{'D4'},{'D6'},{'D7'},&,1.0,&
{'D5'},{'R2'},{'R3'},{'R1'},{'D2'},{'D3'},{'D1'},{'D6'},{'D4'},{'D7'},&,1.0,&
{'D5'},{'R2'},{'R1'},{'D1'},{'R3'},{'D2'},{'D3'},{'D6'},{'D4'},{'D7'},&,1.0,&
{'D5'},{'R2'},{'R1'},{'D3'},{'R3'},{'D4'},{'D2'},{'D1'},{'D6'},{'D7'},&,1.0,&
{'D5'},{'R2'},{'R1'},{'D3'},{'R3'},{'D6'},{'D1'},{'D2'},{'D4'},{'D7'},&,1.0,&
{'D5'},{'R2'},{'R1'},{'R3'},{'D3'},{'D4'},{'D1'},{'D6'},{'D2'},{'D7'},&,1.0,&
{'D5'},{'R2'},{'R1'},{'R3'},{'D3'},{'D1'},{'D2'},{'D4'},{'D6'},{'D7'},&,4.0,&
{'D5'},{'R2'},{'R1'},{'R3'},{'D3'},{'D1'},{'D2'},{'D6'},{'D4'},{'D7'},&,1.0,&
{'D5'},{'R2'},{'R1'},{'R3'},{'D3'},{'D1'},{'D4'},{'D2'},{'D6'},{'D7'},&,2.0,&
{'D5'},{'R2'},{'R1'},{'R3'},{'D1'},{'D4'},{'D3'},{'D2'},{'D6'},{'D7'},&,1.0,&
{'D5'},{'R2'},{'R1'},{'R3'},{'D1'},{'D3'},{'D2'},{'D4'},{'D6'},{'D7'},&,2.0,&
{'D5'},{'R2'},{'R1'},{'R3'},{'D1'},{'D3'},{'D4'},{'D2'},{'D6'},{'D7'},&,1.0,&
{'D5'},{'R2'},{'R1'},{'R3'},{'D4'},{'D1'},{'D3'},{'D2'},{'D6'},{'D7'},&,1.0,&
{'D5'},{'R2'},{'R1'},{'R3'},{'D2'},{'D3'},{'D1'},{'D4'},{'D6'},{'D7'},&,1.0,&
{'D2'},{'D7'},{'D4'},{'D6'},{'D3'},{'D5'},{'D1'},{'R2'},{'R3'},{'R1'},&,1.0,&
{'D2'},{'D7'},{'D4'},{'D6'},{'D3'},{'D1'},{'D5'},{'R3'},{'R2'},{'R1'},&,1.0,&
{'D2'},{'D7'},{'D4'},{'D6'},{'D1'},{'D3'},{'D5'},{'R2'},{'R1'},{'R3'},&,1.0,&
{'D2'},{'D7'},{'D4'},{'D6'},{'D1'},{'D3'},{'D5'},{'R1'},{'R2'},{'R3'},&,1.0,&
{'D2'},{'D7'},{'D4'},{'D6'},{'D5'},{'D1'},{'D3'},{'R2'},{'R1'},{'R3'},&,1.0,&
{'D2'},{'D7'},{'D4'},{'D6'},{'D5'},{'D3'},{'D1'},{'R1'},{'R2'},{'R3'},&,1.0,&
{'D2'},{'D7'},{'D4'},{'D3'},{'D6'},{'D1'},{'D5'},{'R2'},{'R3'},{'R1'},&,1.0,&
{'D2'},{'D7'},{'D3'},{'D1'},{'D6'},{'D4'},{'R2'},{'D5'},{'R1'},{'R3'},&,1.0,&
{'D2'},{'D7'},{'D3'},{'D1'},{'D6'},{'R2'},{'D4'},{'D5'},{'R3'},{'R1'},&,1.0,&
{'D2'},{'D7'},{'D3'},{'D4'},{'D6'},{'D1'},{'D5'},{'R3'},{'R2'},{'R1'},&,1.0,&
{'D2'},{'D7'},{'D3'},{'D4'},{'D6'},{'D1'},{'D5'},{'R1'},{'R3'},{'R2'},&,1.0,&
{'D2'},{'D7'},{'D3'},{'D4'},{'D6'},{'D1'},{'R1'},{'D5'},{'R3'},{'R2'},&,1.0,&
{'D2'},{'D7'},{'D3'},{'D6'},{'D1'},{'D5'},{'D4'},{'R2'},{'R1'},{'R3'},&,1.0,&
{'D2'},{'D7'},{'D3'},{'D6'},{'D1'},{'D4'},{'R3'},{'D5'},{'R2'},{'R1'},&,1.0,&
{'D2'},{'D7'},{'D3'},{'D6'},{'D1'},{'D4'},{'D5'},{'R3'},{'R2'},{'R1'},&,1.0,&
{'D2'},{'D7'},{'D3'},{'D6'},{'D1'},{'R2'},{'D4'},{'D5'},{'R3'},{'R1'},&,1.0,&
{'D2'},{'D7'},{'D3'},{'D6'},{'D5'},{'D4'},{'R2'},{'D1'},{'R1'},{'R3'},&,1.0,&
{'D2'},{'D7'},{'D3'},{'D6'},{'D5'},{'D4'},{'R1'},{'D1'},{'R2'},{'R3'},&,1.0,&
{'D2'},{'D7'},{'D3'},{'D6'},{'D5'},{'D4'},{'D1'},{'R2'},{'R3'},{'R1'},&,1.0,&
{'D2'},{'D7'},{'D3'},{'D6'},{'D5'},{'D4'},{'D1'},{'R1'},{'R2'},{'R3'},&,1.0,&
{'D2'},{'D7'},{'D3'},{'D6'},{'D4'},{'D5'},{'D1'},{'R3'},{'R1'},{'R2'},&,1.0,&
{'D2'},{'D7'},{'D3'},{'D6'},{'D4'},{'D5'},{'D1'},{'R2'},{'R1'},{'R3'},&,1.0,&
{'D2'},{'D7'},{'D3'},{'D6'},{'D4'},{'D1'},{'D5'},{'R2'},{'R3'},{'R1'},&,1.0,&
{'D2'},{'D7'},{'D3'},{'D6'},{'D4'},{'D1'},{'D5'},{'R1'},{'R3'},{'R2'},&,1.0,&
{'D2'},{'D7'},{'D5'},{'D4'},{'D6'},{'D3'},{'D1'},{'R2'},{'R3'},{'R1'},&,1.0,&
{'D2'},{'D7'},{'D5'},{'D6'},{'D3'},{'D4'},{'D1'},{'R2'},{'R1'},{'R3'},&,1.0,&
{'D2'},{'D7'},{'D5'},{'D6'},{'D3'},{'R2'},{'D1'},{'D4'},{'R3'},{'R1'},&,1.0,&
{'D2'},{'D7'},{'D5'},{'D6'},{'D1'},{'D4'},{'R1'},{'D3'},{'R2'},{'R3'},&,1.0,&
{'D2'},{'D7'},{'D5'},{'D6'},{'D1'},{'D3'},{'D4'},{'R2'},{'R3'},{'R1'},&,1.0,&
{'D2'},{'D7'},{'D6'},{'D1'},{'D3'},{'D5'},{'D4'},{'R2'},{'R3'},{'R1'},&,1.0,&
{'D2'},{'D7'},{'D6'},{'D1'},{'D3'},{'D4'},{'R3'},{'D5'},{'R2'},{'R1'},&,1.0,&
{'D2'},{'D7'},{'D6'},{'D1'},{'D3'},{'D4'},{'D5'},{'R2'},{'R3'},{'R1'},&,1.0,&
{'D2'},{'D7'},{'D6'},{'D1'},{'D3'},{'D4'},{'D5'},{'R1'},{'R2'},{'R3'},&,2.0,&
{'D2'},{'D7'},{'D6'},{'D1'},{'D4'},{'R2'},{'D3'},{'D5'},{'R3'},{'R1'},&,1.0,&
{'D2'},{'D7'},{'D6'},{'D1'},{'D4'},{'D3'},{'D5'},{'R2'},{'R3'},{'R1'},&,1.0,&
{'D2'},{'D7'},{'D6'},{'D1'},{'D4'},{'D3'},{'D5'},{'R2'},{'R1'},{'R3'},&,1.0,&
{'D2'},{'D7'},{'D6'},{'D5'},{'D3'},{'D4'},{'D1'},{'R2'},{'R3'},{'R1'},&,1.0,&
{'D2'},{'D7'},{'D6'},{'D5'},{'D3'},{'D4'},{'D1'},{'R1'},{'R3'},{'R2'},&,1.0,&
{'D2'},{'D7'},{'D6'},{'D5'},{'D3'},{'D1'},{'R2'},{'D4'},{'R3'},{'R1'},&,1.0,&
{'D2'},{'D7'},{'D6'},{'D5'},{'D4'},{'D3'},{'D1'},{'R2'},{'R3'},{'R1'},&,1.0,&
{'D2'},{'D7'},{'D6'},{'D5'},{'D4'},{'D3'},{'D1'},{'R1'},{'R2'},{'R3'},&,1.0,&
{'D2'},{'D7'},{'D6'},{'D4'},{'D3'},{'D5'},{'R2'},{'D1'},{'R3'},{'R1'},&,1.0,&
{'D2'},{'D7'},{'D6'},{'D4'},{'D3'},{'D5'},{'R3'},{'D1'},{'R2'},{'R1'},&,1.0,&
{'D2'},{'D7'},{'D6'},{'D4'},{'D3'},{'D5'},{'D1'},{'R1'},{'R2'},{'R3'},&,1.0,&
{'D2'},{'D7'},{'D6'},{'D4'},{'D1'},{'R1'},{'D3'},{'D5'},{'R3'},{'R2'},&,1.0,&
{'D2'},{'D7'},{'D6'},{'D4'},{'D5'},{'D3'},{'R2'},{'D1'},{'R3'},{'R1'},&,1.0,&
{'D2'},{'D7'},{'D6'},{'D4'},{'D5'},{'D3'},{'D1'},{'R2'},{'R3'},{'R1'},&,1.0,&
{'D2'},{'D7'},{'D6'},{'D3'},{'D1'},{'D5'},{'D4'},{'R1'},{'R2'},{'R3'},&,1.0,&
{'D2'},{'D7'},{'D6'},{'D3'},{'D1'},{'D4'},{'D5'},{'R2'},{'R3'},{'R1'},&,3.0,&
{'D2'},{'D7'},{'D6'},{'D3'},{'D1'},{'D4'},{'D5'},{'R2'},{'R1'},{'R3'},&,2.0,&
{'D2'},{'D7'},{'D6'},{'D3'},{'D5'},{'D4'},{'R1'},{'D1'},{'R2'},{'R3'},&,1.0,&
{'D2'},{'D7'},{'D6'},{'D3'},{'D5'},{'D4'},{'D1'},{'R3'},{'R1'},{'R2'},&,1.0,&
{'D2'},{'D7'},{'D6'},{'D3'},{'D5'},{'D4'},{'D1'},{'R3'},{'R2'},{'R1'},&,1.0,&
{'D2'},{'D7'},{'D6'},{'D3'},{'D5'},{'D4'},{'D1'},{'R1'},{'R3'},{'R2'},&,1.0,&
{'D2'},{'D7'},{'D6'},{'D3'},{'D5'},{'D1'},{'R3'},{'D4'},{'R2'},{'R1'},&,1.0,&
{'D2'},{'D7'},{'D6'},{'D3'},{'D4'},{'D5'},{'R2'},{'D1'},{'R3'},{'R1'},&,1.0,&
{'D2'},{'D7'},{'D6'},{'D3'},{'D4'},{'D5'},{'D1'},{'R2'},{'R3'},{'R1'},&,1.0,&
{'D2'},{'D7'},{'D6'},{'D3'},{'D4'},{'D5'},{'D1'},{'R2'},{'R1'},{'R3'},&,1.0,&
{'D2'},{'D7'},{'D6'},{'D3'},{'D4'},{'D1'},{'R2'},{'D5'},{'R3'},{'R1'},&,1.0,&
{'D2'},{'D7'},{'D6'},{'D3'},{'D4'},{'D1'},{'R3'},{'D5'},{'R2'},{'R1'},&,1.0,&
{'D2'},{'D7'},{'D6'},{'D3'},{'D4'},{'D1'},{'D5'},{'R3'},{'R1'},{'R2'},&,1.0,&
{'D2'},{'D7'},{'D6'},{'D3'},{'D4'},{'D1'},{'D5'},{'R2'},{'R1'},{'R3'},&,1.0,&
{'D2'},{'D7'},{'D6'},{'D3'},{'D4'},{'D1'},{'D5'},{'R1'},{'R2'},{'R3'},&,1.0,&
{'D2'},{'D7'},{'D6'},{'D3'},{'D4'},{'R2'},{'D1'},{'R3'},{'D5'},{'R1'},&,1.0,&
{'D2'},{'D7'},{'D6'},{'D3'},{'D4'},{'R2'},{'D1'},{'D5'},{'R3'},{'R1'},&,1.0,&
{'D2'},{'D7'},{'D6'},{'D3'},{'D4'},{'R3'},{'D1'},{'D5'},{'R2'},{'R1'},&,1.0,&
{'D2'},{'D7'},{'D6'},{'D3'},{'R1'},{'D1'},{'D5'},{'D4'},{'R2'},{'R3'},&,1.0,&
{'D2'},{'D7'},{'D1'},{'D4'},{'R1'},{'D3'},{'D6'},{'D5'},{'R3'},{'R2'},&,1.0,&
{'D2'},{'D7'},{'D1'},{'D6'},{'D3'},{'D5'},{'D4'},{'R2'},{'R3'},{'R1'},&,1.0,&
{'D2'},{'D7'},{'D1'},{'D6'},{'D3'},{'D4'},{'D5'},{'R3'},{'R1'},{'R2'},&,1.0,&
{'D2'},{'D7'},{'D1'},{'D6'},{'D3'},{'D4'},{'D5'},{'R2'},{'R3'},{'R1'},&,1.0,&
{'D2'},{'D7'},{'D1'},{'D6'},{'D3'},{'D4'},{'D5'},{'R1'},{'R3'},{'R2'},&,1.0,&
{'D2'},{'D7'},{'D1'},{'D6'},{'D5'},{'D4'},{'D3'},{'R1'},{'R3'},{'R2'},&,1.0,&
{'D2'},{'D7'},{'D1'},{'D6'},{'D4'},{'R3'},{'D3'},{'D5'},{'R1'},{'R2'},&,1.0,&
{'D2'},{'D7'},{'D1'},{'D3'},{'D6'},{'D4'},{'D5'},{'R2'},{'R1'},{'R3'},&,1.0,&
{'D2'},{'D3'},{'D4'},{'D7'},{'D6'},{'D1'},{'D5'},{'R3'},{'R2'},{'R1'},&,1.0,&
{'D2'},{'D3'},{'D7'},{'D5'},{'D6'},{'D4'},{'D1'},{'R1'},{'R2'},{'R3'},&,1.0,&
{'D2'},{'D3'},{'D7'},{'D5'},{'D6'},{'R1'},{'R3'},{'D1'},{'D4'},{'R2'},&,1.0,&
{'D2'},{'D3'},{'D7'},{'D4'},{'D6'},{'D5'},{'D1'},{'R2'},{'R1'},{'R3'},&,1.0,&
{'D2'},{'D3'},{'D7'},{'D4'},{'D6'},{'D5'},{'D1'},{'R1'},{'R3'},{'R2'},&,1.0,&
{'D2'},{'D3'},{'D7'},{'D4'},{'D6'},{'D5'},{'D1'},{'R1'},{'R2'},{'R3'},&,1.0,&
{'D2'},{'D3'},{'D7'},{'D6'},{'D1'},{'D5'},{'R2'},{'D4'},{'R3'},{'R1'},&,1.0,&
{'D2'},{'D3'},{'D7'},{'D6'},{'D1'},{'D4'},{'D5'},{'R3'},{'R1'},{'R2'},&,1.0,&
{'D2'},{'D3'},{'D7'},{'D6'},{'D5'},{'D1'},{'R2'},{'D4'},{'R3'},{'R1'},&,1.0,&
{'D2'},{'D3'},{'D7'},{'D6'},{'D4'},{'D5'},{'D1'},{'R3'},{'R1'},{'R2'},&,1.0,&
{'D2'},{'D3'},{'D7'},{'D6'},{'D4'},{'D1'},{'D5'},{'R1'},{'R2'},{'R3'},&,1.0,&
{'D2'},{'D3'},{'D6'},{'D4'},{'D7'},{'D5'},{'D1'},{'R3'},{'R2'},{'R1'},&,1.0,&
{'D2'},{'D3'},{'D6'},{'D4'},{'D7'},{'D1'},{'D5'},{'R2'},{'R1'},{'R3'},&,1.0,&
{'D2'},{'D3'},{'D6'},{'D7'},{'D1'},{'D4'},{'D5'},{'R2'},{'R1'},{'R3'},&,1.0,&
{'D2'},{'D3'},{'D6'},{'D7'},{'D5'},{'D1'},{'R1'},{'D4'},{'R3'},{'R2'},&,1.0,&
{'D2'},{'D3'},{'D6'},{'D7'},{'D4'},{'D5'},{'D1'},{'R3'},{'R1'},{'R2'},&,1.0,&
{'D2'},{'D3'},{'D6'},{'D7'},{'D4'},{'D5'},{'D1'},{'R2'},{'R3'},{'R1'},&,1.0,&
{'D2'},{'D3'},{'D6'},{'D7'},{'D4'},{'D5'},{'D1'},{'R2'},{'R1'},{'R3'},&,1.0,&
{'D2'},{'D3'},{'D6'},{'D7'},{'D4'},{'D1'},{'D5'},{'R3'},{'R1'},{'R2'},&,1.0,&
{'D2'},{'D3'},{'D6'},{'D7'},{'D4'},{'D1'},{'D5'},{'R1'},{'R3'},{'R2'},&,1.0,&
{'D2'},{'D3'},{'D6'},{'D7'},{'D4'},{'D1'},{'D5'},{'R1'},{'R2'},{'R3'},&,1.0,&
{'D2'},{'D6'},{'D4'},{'D1'},{'D7'},{'D3'},{'D5'},{'R1'},{'R2'},{'R3'},&,1.0,&
{'D2'},{'D6'},{'D4'},{'D3'},{'D7'},{'D1'},{'R2'},{'D5'},{'R1'},{'R3'},&,1.0,&
{'D2'},{'D6'},{'D4'},{'D7'},{'D3'},{'D1'},{'R3'},{'R2'},{'D5'},{'R1'},&,1.0,&
{'D2'},{'D6'},{'D3'},{'D7'},{'D1'},{'D5'},{'R3'},{'D4'},{'R2'},{'R1'},&,1.0,&
{'D2'},{'D6'},{'D3'},{'D7'},{'D1'},{'D5'},{'D4'},{'R2'},{'R3'},{'R1'},&,1.0,&
{'D2'},{'D6'},{'D3'},{'D7'},{'D1'},{'D4'},{'R2'},{'D5'},{'R1'},{'R3'},&,1.0,&
{'D2'},{'D6'},{'D3'},{'D7'},{'D1'},{'D4'},{'R3'},{'D5'},{'R1'},{'R2'},&,1.0,&
{'D2'},{'D6'},{'D3'},{'D7'},{'D1'},{'D4'},{'D5'},{'R2'},{'R1'},{'R3'},&,1.0,&
{'D2'},{'D6'},{'D3'},{'D7'},{'D1'},{'R1'},{'D4'},{'D5'},{'R2'},{'R3'},&,1.0,&
{'D2'},{'D6'},{'D3'},{'D7'},{'D5'},{'D4'},{'D1'},{'R3'},{'R2'},{'R1'},&,1.0,&
{'D2'},{'D6'},{'D3'},{'D7'},{'D4'},{'D5'},{'D1'},{'R1'},{'R2'},{'R3'},&,1.0,&
{'D2'},{'D6'},{'D3'},{'D7'},{'D4'},{'D1'},{'D5'},{'R2'},{'R3'},{'R1'},&,1.0,&
{'D2'},{'D6'},{'D3'},{'D7'},{'D4'},{'D1'},{'D5'},{'R2'},{'R1'},{'R3'},&,1.0,&
{'D2'},{'D6'},{'D3'},{'D7'},{'D4'},{'D1'},{'R1'},{'D5'},{'R3'},{'R2'},&,1.0,&
{'D2'},{'D6'},{'D7'},{'D1'},{'D3'},{'D5'},{'D4'},{'R3'},{'R2'},{'R1'},&,1.0,&
{'D2'},{'D6'},{'D7'},{'D1'},{'D3'},{'D4'},{'R3'},{'D5'},{'R2'},{'R1'},&,1.0,&
{'D2'},{'D6'},{'D7'},{'D1'},{'D3'},{'D4'},{'D5'},{'R2'},{'R3'},{'R1'},&,1.0,&
{'D2'},{'D6'},{'D7'},{'D1'},{'D3'},{'D4'},{'D5'},{'R2'},{'R1'},{'R3'},&,1.0,&
{'D2'},{'D6'},{'D7'},{'D1'},{'D5'},{'D3'},{'D4'},{'R1'},{'R2'},{'R3'},&,1.0,&
{'D2'},{'D6'},{'D7'},{'D5'},{'D3'},{'D4'},{'D1'},{'R2'},{'R3'},{'R1'},&,1.0,&
{'D2'},{'D6'},{'D7'},{'D5'},{'D1'},{'D3'},{'D4'},{'R1'},{'R3'},{'R2'},&,1.0,&
{'D2'},{'D6'},{'D7'},{'D4'},{'D3'},{'D5'},{'R2'},{'R1'},{'D1'},{'R3'},&,1.0,&
{'D2'},{'D6'},{'D7'},{'D4'},{'D3'},{'D5'},{'D1'},{'R2'},{'R3'},{'R1'},&,1.0,&
{'D2'},{'D6'},{'D7'},{'D4'},{'D3'},{'R2'},{'D5'},{'D1'},{'R1'},{'R3'},&,1.0,&
{'D2'},{'D6'},{'D7'},{'D4'},{'D1'},{'D3'},{'D5'},{'R3'},{'R1'},{'R2'},&,1.0,&
{'D2'},{'D6'},{'D7'},{'D4'},{'D1'},{'D3'},{'D5'},{'R3'},{'R2'},{'R1'},&,1.0,&
{'D2'},{'D6'},{'D7'},{'D4'},{'D5'},{'D3'},{'R2'},{'D1'},{'R3'},{'R1'},&,1.0,&
{'D2'},{'D6'},{'D7'},{'D3'},{'D1'},{'D5'},{'D4'},{'R3'},{'R1'},{'R2'},&,1.0,&
{'D2'},{'D6'},{'D7'},{'D3'},{'D1'},{'D5'},{'D4'},{'R1'},{'R2'},{'R3'},&,1.0,&
{'D2'},{'D6'},{'D7'},{'D3'},{'D1'},{'D4'},{'R2'},{'R3'},{'D5'},{'R1'},&,1.0,&
{'D2'},{'D6'},{'D7'},{'D3'},{'D1'},{'D4'},{'D5'},{'R3'},{'R1'},{'R2'},&,1.0,&
{'D2'},{'D6'},{'D7'},{'D3'},{'D1'},{'D4'},{'D5'},{'R3'},{'R2'},{'R1'},&,2.0,&
{'D2'},{'D6'},{'D7'},{'D3'},{'D1'},{'D4'},{'D5'},{'R2'},{'R1'},{'R3'},&,1.0,&
{'D2'},{'D6'},{'D7'},{'D3'},{'D1'},{'D4'},{'R1'},{'D5'},{'R2'},{'R3'},&,1.0,&
{'D2'},{'D6'},{'D7'},{'D3'},{'D5'},{'D4'},{'D1'},{'R1'},{'R3'},{'R2'},&,1.0,&
{'D2'},{'D6'},{'D7'},{'D3'},{'D5'},{'D4'},{'D1'},{'R1'},{'R2'},{'R3'},&,1.0,&
{'D2'},{'D6'},{'D7'},{'D3'},{'D5'},{'D1'},{'D4'},{'R3'},{'R1'},{'R2'},&,1.0,&
{'D2'},{'D6'},{'D7'},{'D3'},{'D4'},{'D5'},{'D1'},{'R3'},{'R2'},{'R1'},&,1.0,&
{'D2'},{'D6'},{'D7'},{'D3'},{'D4'},{'D5'},{'D1'},{'R2'},{'R1'},{'R3'},&,1.0,&
{'D2'},{'D6'},{'D7'},{'D3'},{'D4'},{'D5'},{'D1'},{'R1'},{'R3'},{'R2'},&,1.0,&
{'D2'},{'D6'},{'D7'},{'D3'},{'D4'},{'D1'},{'D5'},{'R3'},{'R1'},{'R2'},&,1.0,&
{'D2'},{'D6'},{'D7'},{'D3'},{'D4'},{'D1'},{'D5'},{'R3'},{'R2'},{'R1'},&,1.0,&
{'D2'},{'D6'},{'D7'},{'D3'},{'D4'},{'D1'},{'D5'},{'R1'},{'R2'},{'R3'},&,1.0,&
{'D2'},{'D6'},{'D7'},{'D3'},{'D4'},{'R3'},{'D5'},{'D1'},{'R2'},{'R1'},&,1.0,&
{'D2'},{'D6'},{'D5'},{'D3'},{'D7'},{'D4'},{'D1'},{'R2'},{'R3'},{'R1'},&,1.0,&
{'D2'},{'D6'},{'D5'},{'D7'},{'D4'},{'D1'},{'D3'},{'R2'},{'R1'},{'R3'},&,1.0,&
{'D2'},{'D6'},{'D1'},{'D3'},{'D7'},{'D5'},{'D4'},{'R3'},{'R1'},{'R2'},&,1.0,&
{'D2'},{'D6'},{'D1'},{'D7'},{'D4'},{'D3'},{'D5'},{'R1'},{'R3'},{'R2'},&,1.0,&
{'D2'},{'D5'},{'D3'},{'D6'},{'D7'},{'D4'},{'D1'},{'R2'},{'R3'},{'R1'},&,1.0,&
{'D2'},{'D5'},{'D6'},{'D3'},{'D7'},{'D1'},{'D4'},{'R3'},{'R1'},{'R2'},&,1.0,&
{'D2'},{'D5'},{'D6'},{'D7'},{'D3'},{'D1'},{'D4'},{'R3'},{'R2'},{'R1'},&,1.0,&
{'D2'},{'D1'},{'D3'},{'D7'},{'D6'},{'D5'},{'R1'},{'D4'},{'R2'},{'R3'},&,1.0,&
{'D2'},{'D1'},{'D7'},{'D4'},{'D6'},{'D3'},{'D5'},{'R2'},{'R3'},{'R1'},&,1.0,&
{'D2'},{'D1'},{'D7'},{'D6'},{'D3'},{'D5'},{'D4'},{'R3'},{'R2'},{'R1'},&,1.0,&
{'D2'},{'D1'},{'D7'},{'D6'},{'D3'},{'D5'},{'D4'},{'R2'},{'R3'},{'R1'},&,1.0,&
{'D2'},{'D1'},{'D7'},{'D6'},{'D3'},{'D4'},{'D5'},{'R1'},{'R3'},{'R2'},&,1.0,&
{'D2'},{'D1'},{'D7'},{'D6'},{'D5'},{'D3'},{'D4'},{'R2'},{'R3'},{'R1'},&,1.0,&
{'D2'},{'D1'},{'D6'},{'D7'},{'D4'},{'D3'},{'D5'},{'R1'},{'R2'},{'R3'},&,1.0,&
{'D2'},{'D4'},{'D7'},{'D6'},{'D3'},{'D1'},{'D5'},{'R1'},{'R2'},{'R3'},&,1.0,&
{'D2'},{'D4'},{'D7'},{'D6'},{'D1'},{'D3'},{'D5'},{'R2'},{'R1'},{'R3'},&,1.0,&
{'D2'},{'D4'},{'D6'},{'D7'},{'D3'},{'D1'},{'D5'},{'R1'},{'R3'},{'R2'},&,1.0,&
{'D2'},{'R3'},{'R1'},{'D5'},{'R2'},{'D4'},{'D3'},{'D1'},{'D6'},{'D7'},&,1.0,&
{'D2'},{'R3'},{'R1'},{'R2'},{'D3'},{'D5'},{'D1'},{'D4'},{'D6'},{'D7'},&,1.0,&
{'D2'},{'R3'},{'R2'},{'R1'},{'D3'},{'D4'},{'D1'},{'D5'},{'D6'},{'D7'},&,1.0,&
{'D2'},{'R1'},{'R3'},{'R2'},{'D3'},{'D1'},{'D4'},{'D5'},{'D6'},{'D7'},&,1.0,&
{'D2'},{'R1'},{'R2'},{'R3'},{'D3'},{'D5'},{'D1'},{'D6'},{'D4'},{'D7'},&,1.0,&
{'D2'},{'R1'},{'R2'},{'R3'},{'D3'},{'D1'},{'D5'},{'D6'},{'D4'},{'D7'},&,1.0,&
{'D2'},{'R1'},{'R2'},{'R3'},{'D1'},{'D3'},{'D5'},{'D4'},{'D6'},{'D7'},&,2.0,&
{'D2'},{'R1'},{'R2'},{'R3'},{'D5'},{'D1'},{'D3'},{'D4'},{'D6'},{'D7'},&,2.0,&
{'D2'},{'R1'},{'R2'},{'R3'},{'D5'},{'D3'},{'D4'},{'D6'},{'D1'},{'D7'},&,1.0,&
{'D2'},{'R2'},{'D3'},{'R1'},{'R3'},{'D1'},{'D5'},{'D4'},{'D6'},{'D7'},&,1.0,&
{'D2'},{'R2'},{'R3'},{'D1'},{'D5'},{'R1'},{'D3'},{'D4'},{'D6'},{'D7'},&,1.0,&
{'D2'},{'R2'},{'R3'},{'D3'},{'R1'},{'D4'},{'D5'},{'D1'},{'D6'},{'D7'},&,1.0,&
{'D2'},{'R2'},{'R3'},{'R1'},{'D3'},{'D5'},{'D1'},{'D4'},{'D6'},{'D7'},&,1.0,&
{'D2'},{'R2'},{'R3'},{'R1'},{'D3'},{'D1'},{'D5'},{'D4'},{'D6'},{'D7'},&,1.0,&
{'D2'},{'R2'},{'R1'},{'D5'},{'R3'},{'D4'},{'D3'},{'D1'},{'D6'},{'D7'},&,1.0,&
{'D2'},{'R2'},{'R1'},{'D5'},{'R3'},{'D1'},{'D3'},{'D4'},{'D6'},{'D7'},&,2.0,&
{'D2'},{'R2'},{'R1'},{'D5'},{'R3'},{'D3'},{'D1'},{'D4'},{'D6'},{'D7'},&,1.0,&
{'D2'},{'R2'},{'R1'},{'D3'},{'R3'},{'D5'},{'D1'},{'D4'},{'D6'},{'D7'},&,2.0,&
{'D2'},{'R2'},{'R1'},{'R3'},{'D3'},{'D5'},{'D1'},{'D6'},{'D4'},{'D7'},&,1.0,&
{'D2'},{'R2'},{'R1'},{'R3'},{'D3'},{'D1'},{'D5'},{'D6'},{'D4'},{'D7'},&,1.0,&
{'D2'},{'R2'},{'R1'},{'R3'},{'D1'},{'D6'},{'D3'},{'D5'},{'D4'},{'D7'},&,1.0,&
{'D2'},{'R2'},{'R1'},{'R3'},{'D5'},{'D3'},{'D1'},{'D4'},{'D6'},{'D7'},&,1.0,&
{'D2'},{'R2'},{'R1'},{'R3'},{'D5'},{'D3'},{'D4'},{'D1'},{'D6'},{'D7'},&,1.0,&
{'R1'},{'D7'},{'D6'},{'D3'},{'D1'},{'D5'},{'D4'},{'D2'},{'R2'},{'R3'},&,1.0,&
{'R1'},{'D3'},{'D4'},{'R2'},{'R3'},{'D5'},{'D2'},{'D1'},{'D6'},{'D7'},&,1.0,&
{'R1'},{'D3'},{'D5'},{'R2'},{'R3'},{'D1'},{'D2'},{'D4'},{'D6'},{'D7'},&,1.0,&
{'R1'},{'D3'},{'D5'},{'R3'},{'D4'},{'R2'},{'D2'},{'D1'},{'D6'},{'D7'},&,1.0,&
{'R1'},{'D3'},{'D1'},{'R2'},{'R3'},{'D5'},{'D2'},{'D6'},{'D4'},{'D7'},&,1.0,&
{'R1'},{'D3'},{'D1'},{'R2'},{'R3'},{'D4'},{'D5'},{'D2'},{'D6'},{'D7'},&,1.0,&
{'R1'},{'D3'},{'D2'},{'R2'},{'R3'},{'D1'},{'D5'},{'D4'},{'D6'},{'D7'},&,2.0,&
{'R1'},{'D3'},{'R3'},{'D1'},{'R2'},{'D2'},{'D5'},{'D4'},{'D6'},{'D7'},&,2.0,&
{'R1'},{'D3'},{'R3'},{'D5'},{'R2'},{'D4'},{'D2'},{'D1'},{'D6'},{'D7'},&,1.0,&
{'R1'},{'D3'},{'R3'},{'D4'},{'D1'},{'R2'},{'D2'},{'D5'},{'D6'},{'D7'},&,1.0,&
{'R1'},{'D3'},{'R3'},{'R2'},{'D1'},{'D5'},{'D2'},{'D4'},{'D6'},{'D7'},&,1.0,&
{'R1'},{'D3'},{'R3'},{'R2'},{'D1'},{'D4'},{'D5'},{'D2'},{'D6'},{'D7'},&,2.0,&
{'R1'},{'D3'},{'R3'},{'R2'},{'D1'},{'D2'},{'D5'},{'D6'},{'D4'},{'D7'},&,1.0,&
{'R1'},{'D3'},{'R3'},{'R2'},{'D1'},{'D2'},{'D4'},{'D5'},{'D6'},{'D7'},&,1.0,&
{'R1'},{'D3'},{'R3'},{'R2'},{'D5'},{'D4'},{'D2'},{'D1'},{'D6'},{'D7'},&,2.0,&
{'R1'},{'D3'},{'R3'},{'R2'},{'D5'},{'D1'},{'D2'},{'D4'},{'D6'},{'D7'},&,7.0,&
{'R1'},{'D3'},{'R3'},{'R2'},{'D5'},{'D1'},{'D4'},{'D2'},{'D6'},{'D7'},&,1.0,&
{'R1'},{'D3'},{'R3'},{'R2'},{'D5'},{'D1'},{'D4'},{'D6'},{'D2'},{'D7'},&,1.0,&
{'R1'},{'D3'},{'R3'},{'R2'},{'D5'},{'D2'},{'D1'},{'D4'},{'D6'},{'D7'},&,2.0,&
{'R1'},{'D3'},{'R3'},{'R2'},{'D4'},{'D1'},{'D5'},{'D2'},{'D6'},{'D7'},&,1.0,&
{'R1'},{'D3'},{'R3'},{'R2'},{'D2'},{'D5'},{'D1'},{'D4'},{'D6'},{'D7'},&,2.0,&
{'R1'},{'D3'},{'R2'},{'D1'},{'R3'},{'D5'},{'D4'},{'D2'},{'D6'},{'D7'},&,2.0,&
{'R1'},{'D3'},{'R2'},{'D1'},{'R3'},{'D5'},{'D4'},{'D6'},{'D2'},{'D7'},&,1.0,&
{'R1'},{'D3'},{'R2'},{'D1'},{'R3'},{'D2'},{'D5'},{'D4'},{'D6'},{'D7'},&,1.0,&
{'R1'},{'D3'},{'R2'},{'D1'},{'R3'},{'D7'},{'D5'},{'D2'},{'D4'},{'D6'},&,1.0,&
{'R1'},{'D3'},{'R2'},{'D5'},{'D1'},{'R3'},{'D6'},{'D2'},{'D4'},{'D7'},&,1.0,&
{'R1'},{'D3'},{'R2'},{'D5'},{'D4'},{'R3'},{'D1'},{'D6'},{'D2'},{'D7'},&,1.0,&
{'R1'},{'D3'},{'R2'},{'D5'},{'D2'},{'R3'},{'D1'},{'D4'},{'D6'},{'D7'},&,1.0,&
{'R1'},{'D3'},{'R2'},{'D5'},{'R3'},{'D4'},{'D2'},{'D6'},{'D1'},{'D7'},&,1.0,&
{'R1'},{'D3'},{'R2'},{'D5'},{'R3'},{'D1'},{'D2'},{'D4'},{'D6'},{'D7'},&,1.0,&
{'R1'},{'D3'},{'R2'},{'D5'},{'R3'},{'D1'},{'D6'},{'D2'},{'D4'},{'D7'},&,1.0,&
{'R1'},{'D3'},{'R2'},{'D5'},{'R3'},{'D1'},{'D4'},{'D2'},{'D6'},{'D7'},&,2.0,&
{'R1'},{'D3'},{'R2'},{'D5'},{'R3'},{'D2'},{'D1'},{'D4'},{'D6'},{'D7'},&,1.0,&
{'R1'},{'D3'},{'R2'},{'D5'},{'R3'},{'D2'},{'D1'},{'D6'},{'D4'},{'D7'},&,1.0,&
{'R1'},{'D3'},{'R2'},{'D4'},{'R3'},{'D5'},{'D1'},{'D2'},{'D6'},{'D7'},&,1.0,&
{'R1'},{'D3'},{'R2'},{'D4'},{'R3'},{'D1'},{'D5'},{'D2'},{'D6'},{'D7'},&,1.0,&
{'R1'},{'D3'},{'R2'},{'D2'},{'D5'},{'R3'},{'D4'},{'D1'},{'D6'},{'D7'},&,1.0,&
{'R1'},{'D3'},{'R2'},{'D2'},{'D5'},{'D6'},{'R3'},{'D4'},{'D1'},{'D7'},&,1.0,&
{'R1'},{'D3'},{'R2'},{'D2'},{'R3'},{'D4'},{'D5'},{'D1'},{'D6'},{'D7'},&,1.0,&
{'R1'},{'D3'},{'R2'},{'R3'},{'D1'},{'D5'},{'D2'},{'D4'},{'D6'},{'D7'},&,5.0,&
{'R1'},{'D3'},{'R2'},{'R3'},{'D1'},{'D5'},{'D2'},{'D6'},{'D4'},{'D7'},&,1.0,&
{'R1'},{'D3'},{'R2'},{'R3'},{'D1'},{'D5'},{'D4'},{'D2'},{'D6'},{'D7'},&,1.0,&
{'R1'},{'D3'},{'R2'},{'R3'},{'D1'},{'D5'},{'D4'},{'D2'},{'D7'},{'D6'},&,1.0,&
{'R1'},{'D3'},{'R2'},{'R3'},{'D1'},{'D4'},{'D2'},{'D5'},{'D6'},{'D7'},&,1.0,&
{'R1'},{'D3'},{'R2'},{'R3'},{'D1'},{'D4'},{'D5'},{'D2'},{'D6'},{'D7'},&,3.0,&
{'R1'},{'D3'},{'R2'},{'R3'},{'D1'},{'D2'},{'D5'},{'D4'},{'D6'},{'D7'},&,4.0,&
{'R1'},{'D3'},{'R2'},{'R3'},{'D1'},{'D2'},{'D5'},{'D6'},{'D4'},{'D7'},&,1.0,&
{'R1'},{'D3'},{'R2'},{'R3'},{'D1'},{'D2'},{'D4'},{'D5'},{'D6'},{'D7'},&,1.0,&
{'R1'},{'D3'},{'R2'},{'R3'},{'D5'},{'D4'},{'D2'},{'D1'},{'D6'},{'D7'},&,2.0,&
{'R1'},{'D3'},{'R2'},{'R3'},{'D5'},{'D4'},{'D1'},{'D2'},{'D6'},{'D7'},&,1.0,&
{'R1'},{'D3'},{'R2'},{'R3'},{'D5'},{'D1'},{'D2'},{'D4'},{'D6'},{'D7'},&,9.0,&
{'R1'},{'D3'},{'R2'},{'R3'},{'D5'},{'D1'},{'D2'},{'D6'},{'D4'},{'D7'},&,3.0,&
{'R1'},{'D3'},{'R2'},{'R3'},{'D5'},{'D1'},{'D4'},{'D2'},{'D6'},{'D7'},&,12.0,&
{'R1'},{'D3'},{'R2'},{'R3'},{'D5'},{'D2'},{'D1'},{'D4'},{'D6'},{'D7'},&,4.0,&
{'R1'},{'D3'},{'R2'},{'R3'},{'D5'},{'D2'},{'D1'},{'D6'},{'D4'},{'D7'},&,1.0,&
{'R1'},{'D3'},{'R2'},{'R3'},{'D4'},{'D5'},{'D2'},{'D1'},{'D6'},{'D7'},&,1.0,&
{'R1'},{'D3'},{'R2'},{'R3'},{'D4'},{'D5'},{'D1'},{'D2'},{'D6'},{'D7'},&,1.0,&
{'R1'},{'D3'},{'R2'},{'R3'},{'D2'},{'D5'},{'D1'},{'D4'},{'D6'},{'D7'},&,2.0,&
{'R1'},{'D3'},{'R2'},{'R3'},{'D2'},{'D5'},{'D4'},{'D1'},{'D6'},{'D7'},&,1.0,&
{'R1'},{'D3'},{'R2'},{'R3'},{'D2'},{'D4'},{'D5'},{'D1'},{'D6'},{'D7'},&,2.0,&
{'R1'},{'D3'},{'R2'},{'R3'},{'D2'},{'D4'},{'D1'},{'D5'},{'D6'},{'D7'},&,1.0,&
{'R1'},{'D3'},{'R2'},{'R3'},{'D2'},{'D1'},{'D5'},{'D4'},{'D6'},{'D7'},&,3.0,&
{'R1'},{'D3'},{'R2'},{'R3'},{'D2'},{'D1'},{'D5'},{'D6'},{'D4'},{'D7'},&,1.0,&
{'R1'},{'D3'},{'R2'},{'R3'},{'D6'},{'D5'},{'D2'},{'D1'},{'D4'},{'D7'},&,1.0,&
{'R1'},{'D6'},{'R3'},{'R2'},{'D5'},{'D3'},{'D2'},{'D4'},{'D1'},{'D7'},&,1.0,&
{'R1'},{'D6'},{'R3'},{'R2'},{'D5'},{'D3'},{'D1'},{'D2'},{'D4'},{'D7'},&,1.0,&
{'R1'},{'D5'},{'D3'},{'R2'},{'R3'},{'D1'},{'D2'},{'D4'},{'D6'},{'D7'},&,1.0,&
{'R1'},{'D5'},{'D3'},{'R3'},{'R2'},{'D1'},{'D2'},{'D4'},{'D6'},{'D7'},&,1.0,&
{'R1'},{'D5'},{'D2'},{'R3'},{'R2'},{'D1'},{'D3'},{'D4'},{'D6'},{'D7'},&,1.0,&
{'R1'},{'D5'},{'R3'},{'D1'},{'R2'},{'D4'},{'D3'},{'D2'},{'D6'},{'D7'},&,1.0,&
{'R1'},{'D5'},{'R3'},{'D1'},{'R2'},{'D2'},{'D3'},{'D4'},{'D6'},{'D7'},&,1.0,&
{'R1'},{'D5'},{'R3'},{'D4'},{'R2'},{'D3'},{'D2'},{'D1'},{'D6'},{'D7'},&,1.0,&
{'R1'},{'D5'},{'R3'},{'D6'},{'R2'},{'D1'},{'D3'},{'D4'},{'D2'},{'D7'},&,1.0,&
{'R1'},{'D5'},{'R3'},{'D3'},{'R2'},{'D1'},{'D2'},{'D6'},{'D4'},{'D7'},&,1.0,&
{'R1'},{'D5'},{'R3'},{'D3'},{'R2'},{'D2'},{'D4'},{'D1'},{'D6'},{'D7'},&,1.0,&
{'R1'},{'D5'},{'R3'},{'R2'},{'D3'},{'D4'},{'D6'},{'D1'},{'D2'},{'D7'},&,1.0,&
{'R1'},{'D5'},{'R3'},{'R2'},{'D3'},{'D1'},{'D2'},{'D4'},{'D6'},{'D7'},&,2.0,&
{'R1'},{'D5'},{'R3'},{'R2'},{'D3'},{'D1'},{'D6'},{'D2'},{'D4'},{'D7'},&,1.0,&
{'R1'},{'D5'},{'R3'},{'R2'},{'D3'},{'D1'},{'D4'},{'D2'},{'D6'},{'D7'},&,1.0,&
{'R1'},{'D5'},{'R3'},{'R2'},{'D3'},{'D2'},{'D1'},{'D4'},{'D6'},{'D7'},&,1.0,&
{'R1'},{'D5'},{'R3'},{'R2'},{'D1'},{'D4'},{'D3'},{'D2'},{'D6'},{'D7'},&,1.0,&
{'R1'},{'D5'},{'R3'},{'R2'},{'D1'},{'D3'},{'D2'},{'D4'},{'D6'},{'D7'},&,2.0,&
{'R1'},{'D5'},{'R3'},{'R2'},{'D1'},{'D3'},{'D6'},{'D2'},{'D4'},{'D7'},&,1.0,&
{'R1'},{'D5'},{'R3'},{'R2'},{'D1'},{'D6'},{'D2'},{'D3'},{'D4'},{'D7'},&,2.0,&
{'R1'},{'D5'},{'R3'},{'R2'},{'D4'},{'D3'},{'D1'},{'D2'},{'D6'},{'D7'},&,1.0,&
{'R1'},{'D5'},{'R3'},{'R2'},{'D2'},{'D4'},{'D3'},{'D1'},{'D6'},{'D7'},&,1.0,&
{'R1'},{'D5'},{'R2'},{'D1'},{'R3'},{'D3'},{'D2'},{'D4'},{'D6'},{'D7'},&,2.0,&
{'R1'},{'D5'},{'R2'},{'D1'},{'R3'},{'D3'},{'D6'},{'D2'},{'D4'},{'D7'},&,1.0,&
{'R1'},{'D5'},{'R2'},{'D4'},{'R3'},{'D1'},{'D3'},{'D6'},{'D2'},{'D7'},&,1.0,&
{'R1'},{'D5'},{'R2'},{'D6'},{'R3'},{'D3'},{'D2'},{'D1'},{'D4'},{'D7'},&,1.0,&
{'R1'},{'D5'},{'R2'},{'D3'},{'D4'},{'R3'},{'D1'},{'D2'},{'D6'},{'D7'},&,1.0,&
{'R1'},{'D5'},{'R2'},{'D3'},{'D2'},{'R3'},{'D1'},{'D4'},{'D6'},{'D7'},&,1.0,&
{'R1'},{'D5'},{'R2'},{'D3'},{'R3'},{'D1'},{'D2'},{'D6'},{'D4'},{'D7'},&,1.0,&
{'R1'},{'D5'},{'R2'},{'D3'},{'R3'},{'D1'},{'D4'},{'D2'},{'D6'},{'D7'},&,1.0,&
{'R1'},{'D5'},{'R2'},{'D3'},{'R3'},{'D2'},{'D1'},{'D4'},{'D6'},{'D7'},&,1.0,&
{'R1'},{'D5'},{'R2'},{'D2'},{'R3'},{'D3'},{'D4'},{'D1'},{'D6'},{'D7'},&,1.0,&
{'R1'},{'D5'},{'R2'},{'R3'},{'D3'},{'D4'},{'D2'},{'D1'},{'D6'},{'D7'},&,3.0,&
{'R1'},{'D5'},{'R2'},{'R3'},{'D3'},{'D4'},{'D1'},{'D2'},{'D6'},{'D7'},&,2.0,&
{'R1'},{'D5'},{'R2'},{'R3'},{'D3'},{'D4'},{'D1'},{'D6'},{'D2'},{'D7'},&,1.0,&
{'R1'},{'D5'},{'R2'},{'R3'},{'D3'},{'D1'},{'D2'},{'D4'},{'D6'},{'D7'},&,6.0,&
{'R1'},{'D5'},{'R2'},{'R3'},{'D3'},{'D1'},{'D2'},{'D6'},{'D4'},{'D7'},&,1.0,&
{'R1'},{'D5'},{'R2'},{'R3'},{'D3'},{'D1'},{'D6'},{'D2'},{'D4'},{'D7'},&,1.0,&
{'R1'},{'D5'},{'R2'},{'R3'},{'D3'},{'D1'},{'D4'},{'D2'},{'D6'},{'D7'},&,3.0,&
{'R1'},{'D5'},{'R2'},{'R3'},{'D3'},{'D2'},{'D1'},{'D4'},{'D6'},{'D7'},&,3.0,&
{'R1'},{'D5'},{'R2'},{'R3'},{'D3'},{'D2'},{'D1'},{'D6'},{'D4'},{'D7'},&,1.0,&
{'R1'},{'D5'},{'R2'},{'R3'},{'D1'},{'D4'},{'D3'},{'D2'},{'D6'},{'D7'},&,1.0,&
{'R1'},{'D5'},{'R2'},{'R3'},{'D1'},{'D3'},{'D2'},{'D4'},{'D6'},{'D7'},&,8.0,&
{'R1'},{'D5'},{'R2'},{'R3'},{'D1'},{'D3'},{'D6'},{'D2'},{'D4'},{'D7'},&,1.0,&
{'R1'},{'D5'},{'R2'},{'R3'},{'D1'},{'D3'},{'D4'},{'D2'},{'D6'},{'D7'},&,4.0,&
{'R1'},{'D5'},{'R2'},{'R3'},{'D1'},{'D3'},{'D4'},{'D6'},{'D2'},{'D7'},&,1.0,&
{'R1'},{'D5'},{'R2'},{'R3'},{'D1'},{'D2'},{'D3'},{'D4'},{'D6'},{'D7'},&,1.0,&
{'R1'},{'D5'},{'R2'},{'R3'},{'D4'},{'D1'},{'D2'},{'D3'},{'D6'},{'D7'},&,1.0,&
{'R1'},{'D5'},{'R2'},{'R3'},{'D4'},{'D3'},{'D2'},{'D1'},{'D6'},{'D7'},&,3.0,&
{'R1'},{'D5'},{'R2'},{'R3'},{'D4'},{'D2'},{'D1'},{'D3'},{'D6'},{'D7'},&,1.0,&
{'R1'},{'D5'},{'R2'},{'R3'},{'D2'},{'D1'},{'D4'},{'D3'},{'D6'},{'D7'},&,1.0,&
{'R1'},{'D5'},{'R2'},{'R3'},{'D2'},{'D3'},{'D1'},{'D4'},{'D6'},{'D7'},&,1.0,&
{'R1'},{'D5'},{'R2'},{'R3'},{'D2'},{'D3'},{'D1'},{'D6'},{'D4'},{'D7'},&,2.0,&
{'R1'},{'D5'},{'R2'},{'R3'},{'D6'},{'D2'},{'D3'},{'D1'},{'D4'},{'D7'},&,2.0,&
{'R1'},{'D1'},{'D5'},{'R2'},{'R3'},{'D3'},{'D2'},{'D4'},{'D6'},{'D7'},&,2.0,&
{'R1'},{'D1'},{'D5'},{'R2'},{'R3'},{'D2'},{'D3'},{'D6'},{'D4'},{'D7'},&,1.0,&
{'R1'},{'D1'},{'R3'},{'D5'},{'R2'},{'D4'},{'D3'},{'D2'},{'D6'},{'D7'},&,1.0,&
{'R1'},{'D1'},{'R3'},{'D5'},{'R2'},{'D3'},{'D2'},{'D6'},{'D4'},{'D7'},&,1.0,&
{'R1'},{'D1'},{'R3'},{'D4'},{'R2'},{'D3'},{'D5'},{'D2'},{'D6'},{'D7'},&,1.0,&
{'R1'},{'D1'},{'R3'},{'D3'},{'D5'},{'R2'},{'D2'},{'D4'},{'D6'},{'D7'},&,1.0,&
{'R1'},{'D1'},{'R3'},{'D3'},{'D5'},{'R2'},{'D4'},{'D2'},{'D6'},{'D7'},&,1.0,&
{'R1'},{'D1'},{'R3'},{'D3'},{'R2'},{'D2'},{'D5'},{'D4'},{'D6'},{'D7'},&,2.0,&
{'R1'},{'D1'},{'R3'},{'R2'},{'D3'},{'D5'},{'D2'},{'D4'},{'D6'},{'D7'},&,2.0,&
{'R1'},{'D1'},{'R3'},{'R2'},{'D3'},{'D5'},{'D2'},{'D6'},{'D4'},{'D7'},&,2.0,&
{'R1'},{'D1'},{'R3'},{'R2'},{'D3'},{'D5'},{'D4'},{'D2'},{'D6'},{'D7'},&,2.0,&
{'R1'},{'D1'},{'R3'},{'R2'},{'D5'},{'D4'},{'D2'},{'D3'},{'D6'},{'D7'},&,1.0,&
{'R1'},{'D1'},{'R3'},{'R2'},{'D5'},{'D3'},{'D2'},{'D4'},{'D6'},{'D7'},&,2.0,&
{'R1'},{'D1'},{'R3'},{'R2'},{'D5'},{'D3'},{'D6'},{'D2'},{'D4'},{'D7'},&,1.0,&
{'R1'},{'D1'},{'R3'},{'R2'},{'D5'},{'D3'},{'D7'},{'D2'},{'D4'},{'D6'},&,1.0,&
{'R1'},{'D1'},{'R3'},{'R2'},{'D2'},{'D3'},{'D5'},{'D4'},{'D6'},{'D7'},&,1.0,&
{'R1'},{'D1'},{'R2'},{'D5'},{'R3'},{'D4'},{'D3'},{'D2'},{'D6'},{'D7'},&,1.0,&
{'R1'},{'D1'},{'R2'},{'D5'},{'R3'},{'D3'},{'D2'},{'D4'},{'D6'},{'D7'},&,3.0,&
{'R1'},{'D1'},{'R2'},{'D5'},{'R3'},{'D3'},{'D4'},{'D2'},{'D6'},{'D7'},&,2.0,&
{'R1'},{'D1'},{'R2'},{'D3'},{'R3'},{'D5'},{'D2'},{'D4'},{'D6'},{'D7'},&,1.0,&
{'R1'},{'D1'},{'R2'},{'D3'},{'R3'},{'D5'},{'D4'},{'D2'},{'D6'},{'D7'},&,1.0,&
{'R1'},{'D1'},{'R2'},{'D3'},{'R3'},{'D2'},{'D5'},{'D4'},{'D6'},{'D7'},&,1.0,&
{'R1'},{'D1'},{'R2'},{'D3'},{'R3'},{'D6'},{'D5'},{'D4'},{'D2'},{'D7'},&,1.0,&
{'R1'},{'D1'},{'R2'},{'R3'},{'D3'},{'D5'},{'D2'},{'D4'},{'D6'},{'D7'},&,1.0,&
{'R1'},{'D1'},{'R2'},{'R3'},{'D3'},{'D5'},{'D2'},{'D6'},{'D4'},{'D7'},&,2.0,&
{'R1'},{'D1'},{'R2'},{'R3'},{'D3'},{'D5'},{'D4'},{'D2'},{'D6'},{'D7'},&,2.0,&
{'R1'},{'D1'},{'R2'},{'R3'},{'D3'},{'D2'},{'D5'},{'D4'},{'D6'},{'D7'},&,3.0,&
{'R1'},{'D1'},{'R2'},{'R3'},{'D3'},{'D2'},{'D6'},{'D5'},{'D4'},{'D7'},&,1.0,&
{'R1'},{'D1'},{'R2'},{'R3'},{'D3'},{'D2'},{'D4'},{'D5'},{'D6'},{'D7'},&,1.0,&
{'R1'},{'D1'},{'R2'},{'R3'},{'D3'},{'D6'},{'D4'},{'D5'},{'D2'},{'D7'},&,2.0,&
{'R1'},{'D1'},{'R2'},{'R3'},{'D5'},{'D3'},{'D2'},{'D4'},{'D6'},{'D7'},&,2.0,&
{'R1'},{'D1'},{'R2'},{'R3'},{'D5'},{'D3'},{'D4'},{'D2'},{'D6'},{'D7'},&,5.0,&
{'R1'},{'D1'},{'R2'},{'R3'},{'D5'},{'D2'},{'D3'},{'D4'},{'D6'},{'D7'},&,2.0,&
{'R1'},{'D1'},{'R2'},{'R3'},{'D4'},{'D3'},{'D2'},{'D5'},{'D6'},{'D7'},&,1.0,&
{'R1'},{'D1'},{'R2'},{'R3'},{'D4'},{'D3'},{'D5'},{'D2'},{'D6'},{'D7'},&,1.0,&
{'R1'},{'D1'},{'R2'},{'R3'},{'D4'},{'D2'},{'D3'},{'D5'},{'D6'},{'D7'},&,1.0,&
{'R1'},{'D1'},{'R2'},{'R3'},{'D2'},{'D5'},{'D6'},{'D3'},{'D4'},{'D7'},&,1.0,&
{'R1'},{'D1'},{'R2'},{'R3'},{'D2'},{'D5'},{'D4'},{'D3'},{'D6'},{'D7'},&,2.0,&
{'R1'},{'D1'},{'R2'},{'R3'},{'D2'},{'D4'},{'D3'},{'D5'},{'D6'},{'D7'},&,2.0,&
{'R1'},{'D1'},{'R2'},{'R3'},{'D2'},{'D3'},{'D5'},{'D4'},{'D6'},{'D7'},&,2.0,&
{'R1'},{'D4'},{'D3'},{'R2'},{'R3'},{'D5'},{'D2'},{'D1'},{'D6'},{'D7'},&,1.0,&
{'R1'},{'D4'},{'D3'},{'R2'},{'R3'},{'D1'},{'D5'},{'D2'},{'D6'},{'D7'},&,1.0,&
{'R1'},{'D4'},{'D1'},{'D3'},{'R3'},{'R2'},{'D5'},{'D2'},{'D6'},{'D7'},&,1.0,&
{'R1'},{'D4'},{'R3'},{'D5'},{'R2'},{'D1'},{'D3'},{'D2'},{'D6'},{'D7'},&,1.0,&
{'R1'},{'D4'},{'R3'},{'R2'},{'D3'},{'D1'},{'D5'},{'D2'},{'D6'},{'D7'},&,2.0,&
{'R1'},{'D4'},{'R3'},{'R2'},{'D3'},{'D2'},{'D1'},{'D5'},{'D6'},{'D7'},&,1.0,&
{'R1'},{'D4'},{'R2'},{'D5'},{'R3'},{'D3'},{'D1'},{'D2'},{'D6'},{'D7'},&,2.0,&
{'R1'},{'D4'},{'R2'},{'D3'},{'R3'},{'D2'},{'D5'},{'D1'},{'D6'},{'D7'},&,1.0,&
{'R1'},{'D4'},{'R2'},{'R3'},{'D3'},{'D5'},{'D1'},{'D2'},{'D6'},{'D7'},&,1.0,&
{'R1'},{'D4'},{'R2'},{'R3'},{'D3'},{'D1'},{'D5'},{'D2'},{'D6'},{'D7'},&,1.0,&
{'R1'},{'D4'},{'R2'},{'R3'},{'D3'},{'D2'},{'D1'},{'D5'},{'D6'},{'D7'},&,1.0,&
{'R1'},{'D4'},{'R2'},{'R3'},{'D1'},{'D5'},{'D2'},{'D3'},{'D6'},{'D7'},&,1.0,&
{'R1'},{'D4'},{'R2'},{'R3'},{'D1'},{'D3'},{'D5'},{'D2'},{'D6'},{'D7'},&,1.0,&
{'R1'},{'D4'},{'R2'},{'R3'},{'D5'},{'D3'},{'D1'},{'D2'},{'D6'},{'D7'},&,1.0,&
{'R1'},{'D2'},{'D4'},{'R2'},{'R3'},{'D1'},{'D5'},{'D3'},{'D6'},{'D7'},&,1.0,&
{'R1'},{'D2'},{'D6'},{'R2'},{'R3'},{'D5'},{'D3'},{'D1'},{'D4'},{'D7'},&,1.0,&
{'R1'},{'D2'},{'R3'},{'R2'},{'D1'},{'D3'},{'D5'},{'D4'},{'D6'},{'D7'},&,2.0,&
{'R1'},{'D2'},{'R3'},{'R2'},{'D1'},{'D3'},{'D6'},{'D5'},{'D4'},{'D7'},&,1.0,&
{'R1'},{'D2'},{'R3'},{'R2'},{'D5'},{'D1'},{'D3'},{'D4'},{'D6'},{'D7'},&,1.0,&
{'R1'},{'D2'},{'R3'},{'R2'},{'D5'},{'D3'},{'D1'},{'D4'},{'D6'},{'D7'},&,1.0,&
{'R1'},{'D2'},{'R2'},{'D5'},{'R3'},{'D1'},{'D3'},{'D6'},{'D4'},{'D7'},&,1.0,&
{'R1'},{'D2'},{'R2'},{'D3'},{'D4'},{'R3'},{'D1'},{'D5'},{'D6'},{'D7'},&,1.0,&
{'R1'},{'D2'},{'R2'},{'D3'},{'R3'},{'D5'},{'D1'},{'D4'},{'D6'},{'D7'},&,1.0,&
{'R1'},{'D2'},{'R2'},{'D3'},{'R3'},{'D1'},{'D4'},{'D6'},{'D5'},{'D7'},&,1.0,&
{'R1'},{'D2'},{'R2'},{'R3'},{'D3'},{'D5'},{'D1'},{'D4'},{'D6'},{'D7'},&,1.0,&
{'R1'},{'D2'},{'R2'},{'R3'},{'D3'},{'D1'},{'D5'},{'D4'},{'D6'},{'D7'},&,5.0,&
{'R1'},{'D2'},{'R2'},{'R3'},{'D3'},{'D1'},{'D6'},{'D5'},{'D4'},{'D7'},&,1.0,&
{'R1'},{'D2'},{'R2'},{'R3'},{'D1'},{'D5'},{'D3'},{'D4'},{'D6'},{'D7'},&,2.0,&
{'R1'},{'D2'},{'R2'},{'R3'},{'D1'},{'D3'},{'D5'},{'D6'},{'D4'},{'D7'},&,1.0,&
{'R1'},{'D2'},{'R2'},{'R3'},{'D5'},{'D3'},{'D1'},{'D4'},{'D6'},{'D7'},&,3.0,&
{'R1'},{'D2'},{'R2'},{'R3'},{'D5'},{'D3'},{'D1'},{'D6'},{'D4'},{'D7'},&,1.0,&
{'R1'},{'R3'},{'D4'},{'D1'},{'D3'},{'D2'},{'R2'},{'D5'},{'D6'},{'D7'},&,1.0,&
{'R1'},{'R3'},{'D4'},{'D5'},{'R2'},{'D1'},{'D3'},{'D2'},{'D6'},{'D7'},&,1.0,&
{'R1'},{'R3'},{'D4'},{'D5'},{'R2'},{'D3'},{'D1'},{'D2'},{'D6'},{'D7'},&,1.0,&
{'R1'},{'R3'},{'D4'},{'D3'},{'R2'},{'D1'},{'D2'},{'D5'},{'D6'},{'D7'},&,1.0,&
{'R1'},{'R3'},{'D4'},{'R2'},{'D3'},{'D5'},{'D1'},{'D2'},{'D6'},{'D7'},&,3.0,&
{'R1'},{'R3'},{'D4'},{'R2'},{'D3'},{'D1'},{'D2'},{'D5'},{'D6'},{'D7'},&,2.0,&
{'R1'},{'R3'},{'D4'},{'R2'},{'D3'},{'D1'},{'D5'},{'D2'},{'D6'},{'D7'},&,2.0,&
{'R1'},{'R3'},{'D4'},{'R2'},{'D3'},{'D1'},{'D5'},{'D6'},{'D2'},{'D7'},&,1.0,&
{'R1'},{'R3'},{'D4'},{'R2'},{'D3'},{'D1'},{'D6'},{'D5'},{'D2'},{'D7'},&,1.0,&
{'R1'},{'R3'},{'D4'},{'R2'},{'D3'},{'D2'},{'D5'},{'D1'},{'D6'},{'D7'},&,1.0,&
{'R1'},{'R3'},{'D4'},{'R2'},{'D1'},{'D5'},{'D2'},{'D3'},{'D6'},{'D7'},&,2.0,&
{'R1'},{'R3'},{'D4'},{'R2'},{'D1'},{'D3'},{'D5'},{'D2'},{'D6'},{'D7'},&,2.0,&
{'R1'},{'R3'},{'D4'},{'R2'},{'D1'},{'D2'},{'D5'},{'D3'},{'D6'},{'D7'},&,1.0,&
{'R1'},{'R3'},{'D4'},{'R2'},{'D5'},{'D1'},{'D2'},{'D3'},{'D6'},{'D7'},&,1.0,&
{'R1'},{'R3'},{'D4'},{'R2'},{'D5'},{'D3'},{'D2'},{'D1'},{'D6'},{'D7'},&,1.0,&
{'R1'},{'R3'},{'D4'},{'R2'},{'D5'},{'D2'},{'D3'},{'D1'},{'D6'},{'D7'},&,1.0,&
{'R1'},{'R3'},{'D4'},{'R2'},{'D2'},{'D5'},{'D1'},{'D3'},{'D6'},{'D7'},&,1.0,&
{'R1'},{'R3'},{'D4'},{'R2'},{'D2'},{'D1'},{'D5'},{'D3'},{'D6'},{'D7'},&,1.0,&
{'R1'},{'R3'},{'D3'},{'D1'},{'R2'},{'D5'},{'D2'},{'D4'},{'D6'},{'D7'},&,2.0,&
{'R1'},{'R3'},{'D3'},{'D1'},{'R2'},{'D5'},{'D6'},{'D2'},{'D4'},{'D7'},&,1.0,&
{'R1'},{'R3'},{'D3'},{'D1'},{'R2'},{'D2'},{'D4'},{'D5'},{'D6'},{'D7'},&,1.0,&
{'R1'},{'R3'},{'D3'},{'D5'},{'D1'},{'R2'},{'D2'},{'D4'},{'D6'},{'D7'},&,1.0,&
{'R1'},{'R3'},{'D3'},{'D5'},{'D1'},{'D2'},{'R2'},{'D4'},{'D6'},{'D7'},&,1.0,&
{'R1'},{'R3'},{'D3'},{'D5'},{'R2'},{'D4'},{'D2'},{'D1'},{'D6'},{'D7'},&,1.0,&
{'R1'},{'R3'},{'D3'},{'D5'},{'R2'},{'D1'},{'D2'},{'D4'},{'D6'},{'D7'},&,2.0,&
{'R1'},{'R3'},{'D3'},{'D5'},{'R2'},{'D1'},{'D4'},{'D2'},{'D6'},{'D7'},&,3.0,&
{'R1'},{'R3'},{'D3'},{'D5'},{'R2'},{'D1'},{'D4'},{'D6'},{'D2'},{'D7'},&,1.0,&
{'R1'},{'R3'},{'D3'},{'D5'},{'R2'},{'D2'},{'D1'},{'D4'},{'D6'},{'D7'},&,2.0,&
{'R1'},{'R3'},{'D3'},{'D5'},{'R2'},{'D2'},{'D4'},{'D1'},{'D6'},{'D7'},&,1.0,&
{'R1'},{'R3'},{'D3'},{'D4'},{'R2'},{'D1'},{'D5'},{'D2'},{'D6'},{'D7'},&,1.0,&
{'R1'},{'R3'},{'D3'},{'D2'},{'D4'},{'R2'},{'D1'},{'D5'},{'D6'},{'D7'},&,1.0,&
{'R1'},{'R3'},{'D3'},{'D2'},{'R2'},{'D5'},{'D1'},{'D4'},{'D6'},{'D7'},&,1.0,&
{'R1'},{'R3'},{'D3'},{'D2'},{'R2'},{'D5'},{'D1'},{'D6'},{'D4'},{'D7'},&,2.0,&
{'R1'},{'R3'},{'D3'},{'D2'},{'R2'},{'D1'},{'D5'},{'D4'},{'D6'},{'D7'},&,1.0,&
{'R1'},{'R3'},{'D3'},{'R2'},{'D1'},{'D5'},{'D2'},{'D4'},{'D6'},{'D7'},&,6.0,&
{'R1'},{'R3'},{'D3'},{'R2'},{'D1'},{'D5'},{'D2'},{'D4'},{'D7'},{'D6'},&,1.0,&
{'R1'},{'R3'},{'D3'},{'R2'},{'D1'},{'D5'},{'D6'},{'D2'},{'D4'},{'D7'},&,1.0,&
{'R1'},{'R3'},{'D3'},{'R2'},{'D1'},{'D5'},{'D6'},{'D4'},{'D2'},{'D7'},&,1.0,&
{'R1'},{'R3'},{'D3'},{'R2'},{'D1'},{'D5'},{'D4'},{'D2'},{'D6'},{'D7'},&,3.0,&
{'R1'},{'R3'},{'D3'},{'R2'},{'D1'},{'D4'},{'D2'},{'D5'},{'D6'},{'D7'},&,1.0,&
{'R1'},{'R3'},{'D3'},{'R2'},{'D1'},{'D4'},{'D5'},{'D2'},{'D6'},{'D7'},&,7.0,&
{'R1'},{'R3'},{'D3'},{'R2'},{'D1'},{'D4'},{'D5'},{'D6'},{'D2'},{'D7'},&,1.0,&
{'R1'},{'R3'},{'D3'},{'R2'},{'D1'},{'D4'},{'D6'},{'D2'},{'D5'},{'D7'},&,1.0,&
{'R1'},{'R3'},{'D3'},{'R2'},{'D1'},{'D4'},{'D6'},{'D5'},{'D2'},{'D7'},&,1.0,&
{'R1'},{'R3'},{'D3'},{'R2'},{'D1'},{'D2'},{'D5'},{'D4'},{'D6'},{'D7'},&,2.0,&
{'R1'},{'R3'},{'D3'},{'R2'},{'D1'},{'D2'},{'D6'},{'D5'},{'D4'},{'D7'},&,1.0,&
{'R1'},{'R3'},{'D3'},{'R2'},{'D1'},{'D2'},{'D4'},{'D5'},{'D6'},{'D7'},&,1.0,&
{'R1'},{'R3'},{'D3'},{'R2'},{'D1'},{'D6'},{'D4'},{'D5'},{'D2'},{'D7'},&,1.0,&
{'R1'},{'R3'},{'D3'},{'R2'},{'D5'},{'D4'},{'D1'},{'D2'},{'D6'},{'D7'},&,2.0,&
{'R1'},{'R3'},{'D3'},{'R2'},{'D5'},{'D1'},{'D2'},{'D4'},{'D6'},{'D7'},&,4.0,&
{'R1'},{'R3'},{'D3'},{'R2'},{'D5'},{'D1'},{'D2'},{'D6'},{'D4'},{'D7'},&,2.0,&
{'R1'},{'R3'},{'D3'},{'R2'},{'D5'},{'D1'},{'D6'},{'D2'},{'D4'},{'D7'},&,1.0,&
{'R1'},{'R3'},{'D3'},{'R2'},{'D5'},{'D1'},{'D4'},{'D2'},{'D6'},{'D7'},&,7.0,&
{'R1'},{'R3'},{'D3'},{'R2'},{'D5'},{'D1'},{'D4'},{'D6'},{'D2'},{'D7'},&,2.0,&
{'R1'},{'R3'},{'D3'},{'R2'},{'D5'},{'D2'},{'D1'},{'D4'},{'D6'},{'D7'},&,4.0,&
{'R1'},{'R3'},{'D3'},{'R2'},{'D5'},{'D2'},{'D1'},{'D6'},{'D4'},{'D7'},&,1.0,&
{'R1'},{'R3'},{'D3'},{'R2'},{'D5'},{'D2'},{'D4'},{'D1'},{'D6'},{'D7'},&,2.0,&
{'R1'},{'R3'},{'D3'},{'R2'},{'D5'},{'D6'},{'D1'},{'D2'},{'D4'},{'D7'},&,1.0,&
{'R1'},{'R3'},{'D3'},{'R2'},{'D4'},{'D5'},{'D2'},{'D1'},{'D6'},{'D7'},&,1.0,&
{'R1'},{'R3'},{'D3'},{'R2'},{'D4'},{'D5'},{'D1'},{'D2'},{'D6'},{'D7'},&,5.0,&
{'R1'},{'R3'},{'D3'},{'R2'},{'D4'},{'D5'},{'D1'},{'D2'},{'D7'},{'D6'},&,1.0,&
{'R1'},{'R3'},{'D3'},{'R2'},{'D4'},{'D1'},{'D2'},{'D5'},{'D6'},{'D7'},&,2.0,&
{'R1'},{'R3'},{'D3'},{'R2'},{'D4'},{'D1'},{'D5'},{'D2'},{'D6'},{'D7'},&,2.0,&
{'R1'},{'R3'},{'D3'},{'R2'},{'D4'},{'D1'},{'D5'},{'D6'},{'D2'},{'D7'},&,1.0,&
{'R1'},{'R3'},{'D3'},{'R2'},{'D4'},{'D2'},{'D5'},{'D1'},{'D6'},{'D7'},&,1.0,&
{'R1'},{'R3'},{'D3'},{'R2'},{'D2'},{'D5'},{'D1'},{'D4'},{'D6'},{'D7'},&,4.0,&
{'R1'},{'R3'},{'D3'},{'R2'},{'D2'},{'D5'},{'D1'},{'D6'},{'D4'},{'D7'},&,1.0,&
{'R1'},{'R3'},{'D3'},{'R2'},{'D2'},{'D5'},{'D4'},{'D1'},{'D6'},{'D7'},&,3.0,&
{'R1'},{'R3'},{'D3'},{'R2'},{'D2'},{'D1'},{'D5'},{'D4'},{'D6'},{'D7'},&,4.0,&
{'R1'},{'R3'},{'D3'},{'R2'},{'D2'},{'D1'},{'D5'},{'D6'},{'D4'},{'D7'},&,2.0,&
{'R1'},{'R3'},{'D3'},{'R2'},{'D2'},{'D1'},{'D4'},{'D5'},{'D6'},{'D7'},&,1.0,&
{'R1'},{'R3'},{'D3'},{'R2'},{'D2'},{'D6'},{'D4'},{'D1'},{'D5'},{'D7'},&,1.0,&
{'R1'},{'R3'},{'D3'},{'R2'},{'D6'},{'D1'},{'D2'},{'D5'},{'D4'},{'D7'},&,1.0,&
{'R1'},{'R3'},{'D5'},{'D1'},{'D3'},{'R2'},{'D2'},{'D4'},{'D6'},{'D7'},&,1.0,&
{'R1'},{'R3'},{'D5'},{'D1'},{'D2'},{'R2'},{'D3'},{'D6'},{'D4'},{'D7'},&,1.0,&
{'R1'},{'R3'},{'D5'},{'D1'},{'R2'},{'D3'},{'D2'},{'D4'},{'D6'},{'D7'},&,1.0,&
{'R1'},{'R3'},{'D5'},{'D1'},{'R2'},{'D2'},{'D4'},{'D3'},{'D6'},{'D7'},&,1.0,&
{'R1'},{'R3'},{'D5'},{'D1'},{'R2'},{'D2'},{'D3'},{'D4'},{'D6'},{'D7'},&,1.0,&
{'R1'},{'R3'},{'D5'},{'D4'},{'R2'},{'D1'},{'D2'},{'D3'},{'D6'},{'D7'},&,1.0,&
{'R1'},{'R3'},{'D5'},{'D4'},{'R2'},{'D1'},{'D3'},{'D2'},{'D6'},{'D7'},&,1.0,&
{'R1'},{'R3'},{'D5'},{'D4'},{'R2'},{'D3'},{'D1'},{'D2'},{'D6'},{'D7'},&,1.0,&
{'R1'},{'R3'},{'D5'},{'D3'},{'D1'},{'R2'},{'D2'},{'D4'},{'D6'},{'D7'},&,1.0,&
{'R1'},{'R3'},{'D5'},{'D3'},{'D1'},{'R2'},{'D2'},{'D6'},{'D4'},{'D7'},&,1.0,&
{'R1'},{'R3'},{'D5'},{'D3'},{'D4'},{'D1'},{'R2'},{'D2'},{'D6'},{'D7'},&,1.0,&
{'R1'},{'R3'},{'D5'},{'D3'},{'R2'},{'D4'},{'D2'},{'D1'},{'D6'},{'D7'},&,1.0,&
{'R1'},{'R3'},{'D5'},{'D3'},{'R2'},{'D1'},{'D2'},{'D4'},{'D6'},{'D7'},&,1.0,&
{'R1'},{'R3'},{'D5'},{'D3'},{'R2'},{'D1'},{'D4'},{'D2'},{'D6'},{'D7'},&,2.0,&
{'R1'},{'R3'},{'D5'},{'D2'},{'R2'},{'D1'},{'D4'},{'D3'},{'D6'},{'D7'},&,1.0,&
{'R1'},{'R3'},{'D5'},{'D2'},{'R2'},{'D3'},{'D1'},{'D4'},{'D6'},{'D7'},&,1.0,&
{'R1'},{'R3'},{'D5'},{'R2'},{'D3'},{'D4'},{'D1'},{'D2'},{'D6'},{'D7'},&,2.0,&
{'R1'},{'R3'},{'D5'},{'R2'},{'D3'},{'D4'},{'D1'},{'D2'},{'D7'},{'D6'},&,1.0,&
{'R1'},{'R3'},{'D5'},{'R2'},{'D3'},{'D4'},{'D6'},{'D2'},{'D1'},{'D7'},&,1.0,&
{'R1'},{'R3'},{'D5'},{'R2'},{'D3'},{'D1'},{'D2'},{'D4'},{'D6'},{'D7'},&,6.0,&
{'R1'},{'R3'},{'D5'},{'R2'},{'D3'},{'D1'},{'D4'},{'D2'},{'D6'},{'D7'},&,6.0,&
{'R1'},{'R3'},{'D5'},{'R2'},{'D3'},{'D1'},{'D4'},{'D6'},{'D2'},{'D7'},&,1.0,&
{'R1'},{'R3'},{'D5'},{'R2'},{'D3'},{'D2'},{'D1'},{'D4'},{'D6'},{'D7'},&,3.0,&
{'R1'},{'R3'},{'D5'},{'R2'},{'D3'},{'D2'},{'D4'},{'D1'},{'D6'},{'D7'},&,1.0,&
{'R1'},{'R3'},{'D5'},{'R2'},{'D1'},{'D4'},{'D3'},{'D2'},{'D6'},{'D7'},&,2.0,&
{'R1'},{'R3'},{'D5'},{'R2'},{'D1'},{'D3'},{'D2'},{'D4'},{'D6'},{'D7'},&,9.0,&
{'R1'},{'R3'},{'D5'},{'R2'},{'D1'},{'D3'},{'D2'},{'D4'},{'D7'},{'D6'},&,1.0,&
{'R1'},{'R3'},{'D5'},{'R2'},{'D1'},{'D3'},{'D6'},{'D2'},{'D4'},{'D7'},&,1.0,&
{'R1'},{'R3'},{'D5'},{'R2'},{'D1'},{'D3'},{'D6'},{'D4'},{'D2'},{'D7'},&,3.0,&
{'R1'},{'R3'},{'D5'},{'R2'},{'D1'},{'D3'},{'D4'},{'D2'},{'D6'},{'D7'},&,3.0,&
{'R1'},{'R3'},{'D5'},{'R2'},{'D1'},{'D2'},{'D4'},{'D3'},{'D6'},{'D7'},&,2.0,&
{'R1'},{'R3'},{'D5'},{'R2'},{'D1'},{'D2'},{'D3'},{'D4'},{'D6'},{'D7'},&,6.0,&
{'R1'},{'R3'},{'D5'},{'R2'},{'D4'},{'D1'},{'D2'},{'D3'},{'D6'},{'D7'},&,1.0,&
{'R1'},{'R3'},{'D5'},{'R2'},{'D4'},{'D1'},{'D3'},{'D6'},{'D2'},{'D7'},&,1.0,&
{'R1'},{'R3'},{'D5'},{'R2'},{'D2'},{'D4'},{'D3'},{'D1'},{'D6'},{'D7'},&,1.0,&
{'R1'},{'R3'},{'D5'},{'R2'},{'D2'},{'D1'},{'D4'},{'D3'},{'D6'},{'D7'},&,1.0,&
{'R1'},{'R3'},{'D5'},{'R2'},{'D2'},{'D1'},{'D3'},{'D4'},{'D6'},{'D7'},&,3.0,&
{'R1'},{'R3'},{'D5'},{'R2'},{'D2'},{'D1'},{'D3'},{'D6'},{'D4'},{'D7'},&,1.0,&
{'R1'},{'R3'},{'D5'},{'R2'},{'D2'},{'D3'},{'D1'},{'D4'},{'D6'},{'D7'},&,1.0,&
{'R1'},{'R3'},{'D5'},{'R2'},{'D2'},{'D3'},{'D1'},{'D6'},{'D4'},{'D7'},&,1.0,&
{'R1'},{'R3'},{'D5'},{'R2'},{'D2'},{'D3'},{'D6'},{'D1'},{'D4'},{'D7'},&,1.0,&
{'R1'},{'R3'},{'D5'},{'R2'},{'D2'},{'D3'},{'D4'},{'D1'},{'D6'},{'D7'},&,1.0,&
{'R1'},{'R3'},{'D6'},{'D1'},{'R2'},{'D3'},{'D5'},{'D4'},{'D2'},{'D7'},&,1.0,&
{'R1'},{'R3'},{'D6'},{'R2'},{'D3'},{'D5'},{'D1'},{'D4'},{'D2'},{'D7'},&,1.0,&
{'R1'},{'R3'},{'D6'},{'R2'},{'D3'},{'D4'},{'D5'},{'D1'},{'D2'},{'D7'},&,1.0,&
{'R1'},{'R3'},{'D6'},{'R2'},{'D1'},{'D3'},{'D4'},{'D5'},{'D2'},{'D7'},&,1.0,&
{'R1'},{'R3'},{'D6'},{'R2'},{'D5'},{'D1'},{'D3'},{'D2'},{'D4'},{'D7'},&,1.0,&
{'R1'},{'R3'},{'D6'},{'R2'},{'D4'},{'D1'},{'D3'},{'D2'},{'D5'},{'D7'},&,1.0,&
{'R1'},{'R3'},{'D6'},{'R2'},{'D2'},{'D5'},{'D3'},{'D1'},{'D4'},{'D7'},&,1.0,&
{'R1'},{'R3'},{'D1'},{'D5'},{'D3'},{'R2'},{'D6'},{'D2'},{'D4'},{'D7'},&,1.0,&
{'R1'},{'R3'},{'D1'},{'D5'},{'D3'},{'R2'},{'D4'},{'D2'},{'D6'},{'D7'},&,1.0,&
{'R1'},{'R3'},{'D1'},{'D5'},{'R2'},{'D4'},{'D3'},{'D6'},{'D2'},{'D7'},&,1.0,&
{'R1'},{'R3'},{'D1'},{'D5'},{'R2'},{'D3'},{'D2'},{'D4'},{'D6'},{'D7'},&,2.0,&
{'R1'},{'R3'},{'D1'},{'D5'},{'R2'},{'D3'},{'D6'},{'D2'},{'D4'},{'D7'},&,1.0,&
{'R1'},{'R3'},{'D1'},{'D5'},{'R2'},{'D3'},{'D4'},{'D2'},{'D6'},{'D7'},&,1.0,&
{'R1'},{'R3'},{'D1'},{'D3'},{'D5'},{'R2'},{'D2'},{'D4'},{'D6'},{'D7'},&,1.0,&
{'R1'},{'R3'},{'D1'},{'D3'},{'D5'},{'R2'},{'D4'},{'D2'},{'D6'},{'D7'},&,1.0,&
{'R1'},{'R3'},{'D1'},{'D3'},{'D2'},{'R2'},{'D4'},{'D5'},{'D6'},{'D7'},&,1.0,&
{'R1'},{'R3'},{'D1'},{'D3'},{'R2'},{'D4'},{'D5'},{'D2'},{'D6'},{'D7'},&,1.0,&
{'R1'},{'R3'},{'D1'},{'D3'},{'R2'},{'D2'},{'D4'},{'D5'},{'D6'},{'D7'},&,2.0,&
{'R1'},{'R3'},{'D1'},{'D2'},{'R2'},{'D5'},{'D3'},{'D6'},{'D4'},{'D7'},&,1.0,&
{'R1'},{'R3'},{'D1'},{'R2'},{'D3'},{'D5'},{'D2'},{'D4'},{'D6'},{'D7'},&,8.0,&
{'R1'},{'R3'},{'D1'},{'R2'},{'D3'},{'D5'},{'D2'},{'D6'},{'D4'},{'D7'},&,1.0,&
{'R1'},{'R3'},{'D1'},{'R2'},{'D3'},{'D5'},{'D4'},{'D2'},{'D6'},{'D7'},&,1.0,&
{'R1'},{'R3'},{'D1'},{'R2'},{'D3'},{'D4'},{'D2'},{'D5'},{'D6'},{'D7'},&,1.0,&
{'R1'},{'R3'},{'D1'},{'R2'},{'D3'},{'D4'},{'D5'},{'D2'},{'D6'},{'D7'},&,1.0,&
{'R1'},{'R3'},{'D1'},{'R2'},{'D3'},{'D2'},{'D5'},{'D4'},{'D6'},{'D7'},&,4.0,&
{'R1'},{'R3'},{'D1'},{'R2'},{'D3'},{'D2'},{'D6'},{'D4'},{'D5'},{'D7'},&,1.0,&
{'R1'},{'R3'},{'D1'},{'R2'},{'D3'},{'D2'},{'D4'},{'D5'},{'D6'},{'D7'},&,1.0,&
{'R1'},{'R3'},{'D1'},{'R2'},{'D5'},{'D4'},{'D3'},{'D7'},{'D2'},{'D6'},&,1.0,&
{'R1'},{'R3'},{'D1'},{'R2'},{'D5'},{'D3'},{'D2'},{'D4'},{'D6'},{'D7'},&,6.0,&
{'R1'},{'R3'},{'D1'},{'R2'},{'D5'},{'D3'},{'D4'},{'D2'},{'D6'},{'D7'},&,4.0,&
{'R1'},{'R3'},{'D1'},{'R2'},{'D5'},{'D3'},{'D4'},{'D6'},{'D2'},{'D7'},&,1.0,&
{'R1'},{'R3'},{'D1'},{'R2'},{'D5'},{'D2'},{'D3'},{'D4'},{'D6'},{'D7'},&,4.0,&
{'R1'},{'R3'},{'D1'},{'R2'},{'D5'},{'D2'},{'D3'},{'D6'},{'D4'},{'D7'},&,1.0,&
{'R1'},{'R3'},{'D1'},{'R2'},{'D5'},{'D6'},{'D3'},{'D4'},{'D2'},{'D7'},&,1.0,&
{'R1'},{'R3'},{'D1'},{'R2'},{'D4'},{'D5'},{'D3'},{'D2'},{'D6'},{'D7'},&,1.0,&
{'R1'},{'R3'},{'D1'},{'R2'},{'D4'},{'D3'},{'D5'},{'D2'},{'D6'},{'D7'},&,1.0,&
{'R1'},{'R3'},{'D1'},{'R2'},{'D4'},{'D3'},{'D5'},{'D6'},{'D2'},{'D7'},&,1.0,&
{'R1'},{'R3'},{'D1'},{'R2'},{'D2'},{'D5'},{'D3'},{'D4'},{'D6'},{'D7'},&,1.0,&
{'R1'},{'R3'},{'D1'},{'R2'},{'D2'},{'D3'},{'D5'},{'D4'},{'D6'},{'D7'},&,2.0,&
{'R1'},{'R3'},{'D1'},{'R2'},{'D2'},{'D3'},{'D5'},{'D6'},{'D4'},{'D7'},&,1.0,&
{'R1'},{'R3'},{'D1'},{'R2'},{'D2'},{'D3'},{'D6'},{'D5'},{'D4'},{'D7'},&,1.0,&
{'R1'},{'R3'},{'D2'},{'D5'},{'D3'},{'R2'},{'D1'},{'D4'},{'D6'},{'D7'},&,1.0,&
{'R1'},{'R3'},{'D2'},{'D5'},{'R2'},{'D3'},{'D1'},{'D4'},{'D6'},{'D7'},&,2.0,&
{'R1'},{'R3'},{'D2'},{'D5'},{'R2'},{'D3'},{'D1'},{'D4'},{'D7'},{'D6'},&,1.0,&
{'R1'},{'R3'},{'D2'},{'D5'},{'R2'},{'D3'},{'D1'},{'D6'},{'D4'},{'D7'},&,1.0,&
{'R1'},{'R3'},{'D2'},{'D3'},{'R2'},{'D5'},{'D4'},{'D1'},{'D6'},{'D7'},&,1.0,&
{'R1'},{'R3'},{'D2'},{'D3'},{'R2'},{'D1'},{'D6'},{'D5'},{'D4'},{'D7'},&,1.0,&
{'R1'},{'R3'},{'D2'},{'R2'},{'D3'},{'D5'},{'D1'},{'D4'},{'D6'},{'D7'},&,3.0,&
{'R1'},{'R3'},{'D2'},{'R2'},{'D3'},{'D5'},{'D4'},{'D1'},{'D6'},{'D7'},&,1.0,&
{'R1'},{'R3'},{'D2'},{'R2'},{'D3'},{'D5'},{'D4'},{'D1'},{'D7'},{'D6'},&,1.0,&
{'R1'},{'R3'},{'D2'},{'R2'},{'D3'},{'D1'},{'D5'},{'D4'},{'D6'},{'D7'},&,3.0,&
{'R1'},{'R3'},{'D2'},{'R2'},{'D1'},{'D5'},{'D3'},{'D4'},{'D6'},{'D7'},&,1.0,&
{'R1'},{'R3'},{'D2'},{'R2'},{'D1'},{'D3'},{'D5'},{'D4'},{'D6'},{'D7'},&,2.0,&
{'R1'},{'R3'},{'D2'},{'R2'},{'D1'},{'D3'},{'D6'},{'D5'},{'D4'},{'D7'},&,1.0,&
{'R1'},{'R3'},{'D2'},{'R2'},{'D5'},{'D1'},{'D3'},{'D4'},{'D6'},{'D7'},&,1.0,&
{'R1'},{'R3'},{'D2'},{'R2'},{'D5'},{'D1'},{'D3'},{'D6'},{'D4'},{'D7'},&,1.0,&
{'R1'},{'R3'},{'D2'},{'R2'},{'D5'},{'D3'},{'D1'},{'D4'},{'D6'},{'D7'},&,2.0,&
{'R1'},{'R3'},{'R2'},{'D1'},{'D3'},{'D5'},{'D2'},{'D4'},{'D6'},{'D7'},&,24.0,&
{'R1'},{'R3'},{'R2'},{'D1'},{'D3'},{'D5'},{'D2'},{'D6'},{'D4'},{'D7'},&,3.0,&
{'R1'},{'R3'},{'R2'},{'D1'},{'D3'},{'D5'},{'D6'},{'D2'},{'D4'},{'D7'},&,3.0,&
{'R1'},{'R3'},{'R2'},{'D1'},{'D3'},{'D5'},{'D6'},{'D4'},{'D2'},{'D7'},&,2.0,&
{'R1'},{'R3'},{'R2'},{'D1'},{'D3'},{'D5'},{'D4'},{'D2'},{'D6'},{'D7'},&,27.0,&
{'R1'},{'R3'},{'R2'},{'D1'},{'D3'},{'D5'},{'D4'},{'D6'},{'D2'},{'D7'},&,6.0,&
{'R1'},{'R3'},{'R2'},{'D1'},{'D3'},{'D4'},{'D2'},{'D5'},{'D6'},{'D7'},&,1.0,&
{'R1'},{'R3'},{'R2'},{'D1'},{'D3'},{'D4'},{'D5'},{'D2'},{'D6'},{'D7'},&,6.0,&
{'R1'},{'R3'},{'R2'},{'D1'},{'D3'},{'D4'},{'D5'},{'D6'},{'D2'},{'D7'},&,2.0,&
{'R1'},{'R3'},{'R2'},{'D1'},{'D3'},{'D2'},{'D5'},{'D4'},{'D6'},{'D7'},&,17.0,&
{'R1'},{'R3'},{'R2'},{'D1'},{'D3'},{'D2'},{'D5'},{'D6'},{'D4'},{'D7'},&,8.0,&
{'R1'},{'R3'},{'R2'},{'D1'},{'D3'},{'D2'},{'D6'},{'D5'},{'D4'},{'D7'},&,1.0,&
{'R1'},{'R3'},{'R2'},{'D1'},{'D3'},{'D2'},{'D4'},{'D5'},{'D6'},{'D7'},&,6.0,&
{'R1'},{'R3'},{'R2'},{'D1'},{'D3'},{'D2'},{'D4'},{'D6'},{'D5'},{'D7'},&,1.0,&
{'R1'},{'R3'},{'R2'},{'D1'},{'D3'},{'D6'},{'D5'},{'D2'},{'D4'},{'D7'},&,1.0,&
{'R1'},{'R3'},{'R2'},{'D1'},{'D3'},{'D6'},{'D4'},{'D5'},{'D2'},{'D7'},&,1.0,&
{'R1'},{'R3'},{'R2'},{'D1'},{'D5'},{'D4'},{'D6'},{'D3'},{'D2'},{'D7'},&,1.0,&
{'R1'},{'R3'},{'R2'},{'D1'},{'D5'},{'D4'},{'D3'},{'D2'},{'D6'},{'D7'},&,5.0,&
{'R1'},{'R3'},{'R2'},{'D1'},{'D5'},{'D3'},{'D2'},{'D4'},{'D6'},{'D7'},&,25.0,&
{'R1'},{'R3'},{'R2'},{'D1'},{'D5'},{'D3'},{'D2'},{'D7'},{'D4'},{'D6'},&,1.0,&
{'R1'},{'R3'},{'R2'},{'D1'},{'D5'},{'D3'},{'D2'},{'D6'},{'D4'},{'D7'},&,2.0,&
{'R1'},{'R3'},{'R2'},{'D1'},{'D5'},{'D3'},{'D4'},{'D2'},{'D6'},{'D7'},&,14.0,&
{'R1'},{'R3'},{'R2'},{'D1'},{'D5'},{'D3'},{'D4'},{'D6'},{'D2'},{'D7'},&,3.0,&
{'R1'},{'R3'},{'R2'},{'D1'},{'D5'},{'D2'},{'D6'},{'D3'},{'D4'},{'D7'},&,1.0,&
{'R1'},{'R3'},{'R2'},{'D1'},{'D5'},{'D2'},{'D4'},{'D3'},{'D6'},{'D7'},&,1.0,&
{'R1'},{'R3'},{'R2'},{'D1'},{'D5'},{'D2'},{'D3'},{'D4'},{'D6'},{'D7'},&,11.0,&
{'R1'},{'R3'},{'R2'},{'D1'},{'D5'},{'D2'},{'D3'},{'D6'},{'D4'},{'D7'},&,2.0,&
{'R1'},{'R3'},{'R2'},{'D1'},{'D5'},{'D6'},{'D2'},{'D3'},{'D4'},{'D7'},&,1.0,&
{'R1'},{'R3'},{'R2'},{'D1'},{'D5'},{'D6'},{'D3'},{'D2'},{'D4'},{'D7'},&,1.0,&
{'R1'},{'R3'},{'R2'},{'D1'},{'D5'},{'D6'},{'D3'},{'D4'},{'D2'},{'D7'},&,2.0,&
{'R1'},{'R3'},{'R2'},{'D1'},{'D4'},{'D5'},{'D2'},{'D3'},{'D6'},{'D7'},&,3.0,&
{'R1'},{'R3'},{'R2'},{'D1'},{'D4'},{'D5'},{'D2'},{'D6'},{'D3'},{'D7'},&,1.0,&
{'R1'},{'R3'},{'R2'},{'D1'},{'D4'},{'D5'},{'D3'},{'D2'},{'D6'},{'D7'},&,9.0,&
{'R1'},{'R3'},{'R2'},{'D1'},{'D4'},{'D5'},{'D3'},{'D6'},{'D2'},{'D7'},&,1.0,&
{'R1'},{'R3'},{'R2'},{'D1'},{'D4'},{'D3'},{'D2'},{'D5'},{'D6'},{'D7'},&,3.0,&
{'R1'},{'R3'},{'R2'},{'D1'},{'D4'},{'D3'},{'D5'},{'D2'},{'D6'},{'D7'},&,7.0,&
{'R1'},{'R3'},{'R2'},{'D1'},{'D2'},{'D5'},{'D4'},{'D3'},{'D6'},{'D7'},&,1.0,&
{'R1'},{'R3'},{'R2'},{'D1'},{'D2'},{'D5'},{'D3'},{'D4'},{'D6'},{'D7'},&,13.0,&
{'R1'},{'R3'},{'R2'},{'D1'},{'D2'},{'D5'},{'D3'},{'D6'},{'D4'},{'D7'},&,1.0,&
{'R1'},{'R3'},{'R2'},{'D1'},{'D2'},{'D4'},{'D5'},{'D3'},{'D6'},{'D7'},&,2.0,&
{'R1'},{'R3'},{'R2'},{'D1'},{'D2'},{'D4'},{'D3'},{'D5'},{'D6'},{'D7'},&,1.0,&
{'R1'},{'R3'},{'R2'},{'D1'},{'D2'},{'D3'},{'D5'},{'D4'},{'D6'},{'D7'},&,8.0,&
{'R1'},{'R3'},{'R2'},{'D1'},{'D2'},{'D3'},{'D5'},{'D6'},{'D4'},{'D7'},&,1.0,&
{'R1'},{'R3'},{'R2'},{'D1'},{'D2'},{'D3'},{'D6'},{'D5'},{'D4'},{'D7'},&,1.0,&
{'R1'},{'R3'},{'R2'},{'D1'},{'D2'},{'D3'},{'D6'},{'D4'},{'D5'},{'D7'},&,1.0,&
{'R1'},{'R3'},{'R2'},{'D1'},{'D2'},{'D3'},{'D4'},{'D5'},{'D6'},{'D7'},&,4.0,&
{'R1'},{'R3'},{'R2'},{'D1'},{'D6'},{'D5'},{'D3'},{'D2'},{'D4'},{'D7'},&,1.0,&
{'R1'},{'R3'},{'R2'},{'D1'},{'D6'},{'D3'},{'D5'},{'D4'},{'D2'},{'D7'},&,1.0,&
{'R1'},{'R3'},{'R2'},{'D1'},{'D6'},{'D2'},{'D3'},{'D5'},{'D4'},{'D7'},&,1.0,&
{'R1'},{'R3'},{'R2'},{'D5'},{'D3'},{'D4'},{'D2'},{'D1'},{'D6'},{'D7'},&,3.0,&
{'R1'},{'R3'},{'R2'},{'D5'},{'D3'},{'D4'},{'D1'},{'D2'},{'D6'},{'D7'},&,16.0,&
{'R1'},{'R3'},{'R2'},{'D5'},{'D3'},{'D4'},{'D1'},{'D6'},{'D2'},{'D7'},&,1.0,&
{'R1'},{'R3'},{'R2'},{'D5'},{'D3'},{'D4'},{'D6'},{'D1'},{'D2'},{'D7'},&,2.0,&
{'R1'},{'R3'},{'R2'},{'D5'},{'D3'},{'D1'},{'D2'},{'D4'},{'D6'},{'D7'},&,32.0,&
{'R1'},{'R3'},{'R2'},{'D5'},{'D3'},{'D1'},{'D2'},{'D6'},{'D4'},{'D7'},&,6.0,&
{'R1'},{'R3'},{'R2'},{'D5'},{'D3'},{'D1'},{'D6'},{'D2'},{'D4'},{'D7'},&,1.0,&
{'R1'},{'R3'},{'R2'},{'D5'},{'D3'},{'D1'},{'D6'},{'D4'},{'D2'},{'D7'},&,2.0,&
{'R1'},{'R3'},{'R2'},{'D5'},{'D3'},{'D1'},{'D4'},{'D2'},{'D6'},{'D7'},&,13.0,&
{'R1'},{'R3'},{'R2'},{'D5'},{'D3'},{'D1'},{'D4'},{'D2'},{'D7'},{'D6'},&,1.0,&
{'R1'},{'R3'},{'R2'},{'D5'},{'D3'},{'D1'},{'D4'},{'D6'},{'D2'},{'D7'},&,3.0,&
{'R1'},{'R3'},{'R2'},{'D5'},{'D3'},{'D2'},{'D1'},{'D4'},{'D6'},{'D7'},&,19.0,&
{'R1'},{'R3'},{'R2'},{'D5'},{'D3'},{'D2'},{'D1'},{'D6'},{'D4'},{'D7'},&,4.0,&
{'R1'},{'R3'},{'R2'},{'D5'},{'D3'},{'D2'},{'D4'},{'D1'},{'D6'},{'D7'},&,6.0,&
{'R1'},{'R3'},{'R2'},{'D5'},{'D3'},{'D2'},{'D4'},{'D1'},{'D7'},{'D6'},&,1.0,&
{'R1'},{'R3'},{'R2'},{'D5'},{'D3'},{'D6'},{'D2'},{'D1'},{'D4'},{'D7'},&,1.0,&
{'R1'},{'R3'},{'R2'},{'D5'},{'D3'},{'D6'},{'D1'},{'D2'},{'D4'},{'D7'},&,1.0,&
{'R1'},{'R3'},{'R2'},{'D5'},{'D3'},{'D6'},{'D1'},{'D4'},{'D2'},{'D7'},&,1.0,&
{'R1'},{'R3'},{'R2'},{'D5'},{'D3'},{'D6'},{'D4'},{'D2'},{'D1'},{'D7'},&,1.0,&
{'R1'},{'R3'},{'R2'},{'D5'},{'D3'},{'D6'},{'D4'},{'D1'},{'D2'},{'D7'},&,1.0,&
{'R1'},{'R3'},{'R2'},{'D5'},{'D1'},{'D4'},{'D2'},{'D3'},{'D6'},{'D7'},&,2.0,&
{'R1'},{'R3'},{'R2'},{'D5'},{'D1'},{'D4'},{'D6'},{'D3'},{'D2'},{'D7'},&,1.0,&
{'R1'},{'R3'},{'R2'},{'D5'},{'D1'},{'D4'},{'D3'},{'D2'},{'D6'},{'D7'},&,7.0,&
{'R1'},{'R3'},{'R2'},{'D5'},{'D1'},{'D4'},{'D3'},{'D2'},{'D7'},{'D6'},&,1.0,&
{'R1'},{'R3'},{'R2'},{'D5'},{'D1'},{'D3'},{'D2'},{'D4'},{'D6'},{'D7'},&,21.0,&
{'R1'},{'R3'},{'R2'},{'D5'},{'D1'},{'D3'},{'D2'},{'D6'},{'D4'},{'D7'},&,7.0,&
{'R1'},{'R3'},{'R2'},{'D5'},{'D1'},{'D3'},{'D6'},{'D2'},{'D4'},{'D7'},&,2.0,&
{'R1'},{'R3'},{'R2'},{'D5'},{'D1'},{'D3'},{'D6'},{'D4'},{'D2'},{'D7'},&,1.0,&
{'R1'},{'R3'},{'R2'},{'D5'},{'D1'},{'D3'},{'D4'},{'D2'},{'D6'},{'D7'},&,12.0,&
{'R1'},{'R3'},{'R2'},{'D5'},{'D1'},{'D3'},{'D4'},{'D6'},{'D2'},{'D7'},&,2.0,&
{'R1'},{'R3'},{'R2'},{'D5'},{'D1'},{'D3'},{'D7'},{'D4'},{'D2'},{'D6'},&,1.0,&
{'R1'},{'R3'},{'R2'},{'D5'},{'D1'},{'D2'},{'D4'},{'D3'},{'D6'},{'D7'},&,3.0,&
{'R1'},{'R3'},{'R2'},{'D5'},{'D1'},{'D2'},{'D3'},{'D4'},{'D6'},{'D7'},&,12.0,&
{'R1'},{'R3'},{'R2'},{'D5'},{'D1'},{'D2'},{'D3'},{'D4'},{'D7'},{'D6'},&,1.0,&
{'R1'},{'R3'},{'R2'},{'D5'},{'D1'},{'D2'},{'D3'},{'D6'},{'D4'},{'D7'},&,1.0,&
{'R1'},{'R3'},{'R2'},{'D5'},{'D1'},{'D6'},{'D4'},{'D3'},{'D2'},{'D7'},&,1.0,&
{'R1'},{'R3'},{'R2'},{'D5'},{'D4'},{'D1'},{'D2'},{'D3'},{'D6'},{'D7'},&,1.0,&
{'R1'},{'R3'},{'R2'},{'D5'},{'D4'},{'D1'},{'D6'},{'D2'},{'D3'},{'D7'},&,1.0,&
{'R1'},{'R3'},{'R2'},{'D5'},{'D4'},{'D1'},{'D3'},{'D2'},{'D6'},{'D7'},&,5.0,&
{'R1'},{'R3'},{'R2'},{'D5'},{'D4'},{'D3'},{'D2'},{'D1'},{'D6'},{'D7'},&,3.0,&
{'R1'},{'R3'},{'R2'},{'D5'},{'D4'},{'D3'},{'D1'},{'D2'},{'D6'},{'D7'},&,1.0,&
{'R1'},{'R3'},{'R2'},{'D5'},{'D4'},{'D2'},{'D1'},{'D3'},{'D6'},{'D7'},&,1.0,&
{'R1'},{'R3'},{'R2'},{'D5'},{'D4'},{'D2'},{'D3'},{'D1'},{'D6'},{'D7'},&,2.0,&
{'R1'},{'R3'},{'R2'},{'D5'},{'D4'},{'D6'},{'D1'},{'D3'},{'D2'},{'D7'},&,1.0,&
{'R1'},{'R3'},{'R2'},{'D5'},{'D2'},{'D4'},{'D3'},{'D6'},{'D1'},{'D7'},&,1.0,&
{'R1'},{'R3'},{'R2'},{'D5'},{'D2'},{'D1'},{'D6'},{'D3'},{'D4'},{'D7'},&,1.0,&
{'R1'},{'R3'},{'R2'},{'D5'},{'D2'},{'D1'},{'D3'},{'D4'},{'D6'},{'D7'},&,7.0,&
{'R1'},{'R3'},{'R2'},{'D5'},{'D2'},{'D1'},{'D3'},{'D6'},{'D4'},{'D7'},&,2.0,&
{'R1'},{'R3'},{'R2'},{'D5'},{'D2'},{'D3'},{'D1'},{'D4'},{'D6'},{'D7'},&,12.0,&
{'R1'},{'R3'},{'R2'},{'D5'},{'D2'},{'D3'},{'D1'},{'D6'},{'D4'},{'D7'},&,3.0,&
{'R1'},{'R3'},{'R2'},{'D5'},{'D2'},{'D3'},{'D4'},{'D1'},{'D6'},{'D7'},&,6.0,&
{'R1'},{'R3'},{'R2'},{'D5'},{'D2'},{'D3'},{'D4'},{'D6'},{'D1'},{'D7'},&,1.0,&
{'R1'},{'R3'},{'R2'},{'D5'},{'D6'},{'D3'},{'D2'},{'D1'},{'D4'},{'D7'},&,1.0,&
{'R1'},{'R3'},{'R2'},{'D5'},{'D6'},{'D3'},{'D1'},{'D2'},{'D4'},{'D7'},&,1.0,&
{'R1'},{'R3'},{'R2'},{'D5'},{'D6'},{'D3'},{'D1'},{'D4'},{'D2'},{'D7'},&,1.0,&
{'R1'},{'R3'},{'R2'},{'D5'},{'D6'},{'D3'},{'D4'},{'D1'},{'D2'},{'D7'},&,1.0,&
{'R1'},{'R3'},{'R2'},{'D5'},{'D6'},{'D2'},{'D4'},{'D1'},{'D3'},{'D7'},&,1.0,&
{'R1'},{'R3'},{'R2'},{'D4'},{'D3'},{'D5'},{'D2'},{'D1'},{'D6'},{'D7'},&,2.0,&
{'R1'},{'R3'},{'R2'},{'D4'},{'D3'},{'D5'},{'D1'},{'D2'},{'D6'},{'D7'},&,5.0,&
{'R1'},{'R3'},{'R2'},{'D4'},{'D3'},{'D1'},{'D2'},{'D5'},{'D6'},{'D7'},&,4.0,&
{'R1'},{'R3'},{'R2'},{'D4'},{'D3'},{'D1'},{'D5'},{'D2'},{'D6'},{'D7'},&,5.0,&
{'R1'},{'R3'},{'R2'},{'D4'},{'D3'},{'D1'},{'D6'},{'D5'},{'D2'},{'D7'},&,1.0,&
{'R1'},{'R3'},{'R2'},{'D4'},{'D3'},{'D2'},{'D5'},{'D1'},{'D6'},{'D7'},&,3.0,&
{'R1'},{'R3'},{'R2'},{'D4'},{'D3'},{'D2'},{'D1'},{'D5'},{'D6'},{'D7'},&,3.0,&
{'R1'},{'R3'},{'R2'},{'D4'},{'D1'},{'D5'},{'D3'},{'D2'},{'D6'},{'D7'},&,3.0,&
{'R1'},{'R3'},{'R2'},{'D4'},{'D1'},{'D5'},{'D3'},{'D7'},{'D2'},{'D6'},&,1.0,&
{'R1'},{'R3'},{'R2'},{'D4'},{'D1'},{'D5'},{'D3'},{'D6'},{'D2'},{'D7'},&,1.0,&
{'R1'},{'R3'},{'R2'},{'D4'},{'D1'},{'D3'},{'D2'},{'D5'},{'D6'},{'D7'},&,1.0,&
{'R1'},{'R3'},{'R2'},{'D4'},{'D1'},{'D3'},{'D5'},{'D2'},{'D6'},{'D7'},&,5.0,&
{'R1'},{'R3'},{'R2'},{'D4'},{'D1'},{'D3'},{'D5'},{'D6'},{'D2'},{'D7'},&,1.0,&
{'R1'},{'R3'},{'R2'},{'D4'},{'D1'},{'D2'},{'D5'},{'D3'},{'D6'},{'D7'},&,2.0,&
{'R1'},{'R3'},{'R2'},{'D4'},{'D1'},{'D2'},{'D3'},{'D5'},{'D6'},{'D7'},&,1.0,&
{'R1'},{'R3'},{'R2'},{'D4'},{'D5'},{'D1'},{'D2'},{'D3'},{'D6'},{'D7'},&,1.0,&
{'R1'},{'R3'},{'R2'},{'D4'},{'D5'},{'D1'},{'D3'},{'D2'},{'D6'},{'D7'},&,3.0,&
{'R1'},{'R3'},{'R2'},{'D4'},{'D5'},{'D1'},{'D3'},{'D6'},{'D2'},{'D7'},&,1.0,&
{'R1'},{'R3'},{'R2'},{'D4'},{'D5'},{'D3'},{'D2'},{'D1'},{'D6'},{'D7'},&,2.0,&
{'R1'},{'R3'},{'R2'},{'D4'},{'D5'},{'D3'},{'D1'},{'D2'},{'D6'},{'D7'},&,9.0,&
{'R1'},{'R3'},{'R2'},{'D4'},{'D5'},{'D3'},{'D1'},{'D2'},{'D7'},{'D6'},&,1.0,&
{'R1'},{'R3'},{'R2'},{'D4'},{'D5'},{'D3'},{'D1'},{'D6'},{'D2'},{'D7'},&,1.0,&
{'R1'},{'R3'},{'R2'},{'D4'},{'D5'},{'D2'},{'D3'},{'D1'},{'D6'},{'D7'},&,2.0,&
{'R1'},{'R3'},{'R2'},{'D4'},{'D5'},{'D6'},{'D3'},{'D1'},{'D2'},{'D7'},&,1.0,&
{'R1'},{'R3'},{'R2'},{'D4'},{'D2'},{'D5'},{'D3'},{'D1'},{'D6'},{'D7'},&,1.0,&
{'R1'},{'R3'},{'R2'},{'D4'},{'D2'},{'D1'},{'D3'},{'D5'},{'D6'},{'D7'},&,1.0,&
{'R1'},{'R3'},{'R2'},{'D4'},{'D2'},{'D3'},{'D1'},{'D5'},{'D6'},{'D7'},&,3.0,&
{'R1'},{'R3'},{'R2'},{'D4'},{'D6'},{'D5'},{'D1'},{'D3'},{'D2'},{'D7'},&,1.0,&
{'R1'},{'R3'},{'R2'},{'D6'},{'D3'},{'D5'},{'D1'},{'D2'},{'D4'},{'D7'},&,1.0,&
{'R1'},{'R3'},{'R2'},{'D6'},{'D3'},{'D5'},{'D4'},{'D1'},{'D2'},{'D7'},&,1.0,&
{'R1'},{'R3'},{'R2'},{'D6'},{'D3'},{'D1'},{'D5'},{'D2'},{'D4'},{'D7'},&,1.0,&
{'R1'},{'R3'},{'R2'},{'D6'},{'D3'},{'D2'},{'D5'},{'D1'},{'D4'},{'D7'},&,1.0,&
{'R1'},{'R3'},{'R2'},{'D6'},{'D1'},{'D5'},{'D2'},{'D3'},{'D4'},{'D7'},&,1.0,&
{'R1'},{'R3'},{'R2'},{'D6'},{'D1'},{'D5'},{'D3'},{'D4'},{'D2'},{'D7'},&,1.0,&
{'R1'},{'R3'},{'R2'},{'D6'},{'D5'},{'D1'},{'D2'},{'D3'},{'D4'},{'D7'},&,1.0,&
{'R1'},{'R3'},{'R2'},{'D6'},{'D5'},{'D1'},{'D3'},{'D2'},{'D4'},{'D7'},&,1.0,&
{'R1'},{'R3'},{'R2'},{'D6'},{'D5'},{'D2'},{'D1'},{'D4'},{'D3'},{'D7'},&,1.0,&
{'R1'},{'R3'},{'R2'},{'D6'},{'D2'},{'D1'},{'D3'},{'D4'},{'D5'},{'D7'},&,1.0,&
{'R1'},{'R3'},{'R2'},{'D6'},{'D2'},{'D3'},{'D5'},{'D1'},{'D4'},{'D7'},&,1.0,&
{'R1'},{'R3'},{'R2'},{'D3'},{'D1'},{'D5'},{'D2'},{'D4'},{'D6'},{'D7'},&,45.0,&
{'R1'},{'R3'},{'R2'},{'D3'},{'D1'},{'D5'},{'D2'},{'D4'},{'D7'},{'D6'},&,2.0,&
{'R1'},{'R3'},{'R2'},{'D3'},{'D1'},{'D5'},{'D2'},{'D6'},{'D4'},{'D7'},&,9.0,&
{'R1'},{'R3'},{'R2'},{'D3'},{'D1'},{'D5'},{'D6'},{'D2'},{'D4'},{'D7'},&,7.0,&
{'R1'},{'R3'},{'R2'},{'D3'},{'D1'},{'D5'},{'D6'},{'D4'},{'D2'},{'D7'},&,3.0,&
{'R1'},{'R3'},{'R2'},{'D3'},{'D1'},{'D5'},{'D4'},{'D2'},{'D6'},{'D7'},&,27.0,&
{'R1'},{'R3'},{'R2'},{'D3'},{'D1'},{'D5'},{'D4'},{'D6'},{'D2'},{'D7'},&,3.0,&
{'R1'},{'R3'},{'R2'},{'D3'},{'D1'},{'D4'},{'D2'},{'D5'},{'D6'},{'D7'},&,2.0,&
{'R1'},{'R3'},{'R2'},{'D3'},{'D1'},{'D4'},{'D5'},{'D2'},{'D6'},{'D7'},&,13.0,&
{'R1'},{'R3'},{'R2'},{'D3'},{'D1'},{'D4'},{'D5'},{'D7'},{'D6'},{'D2'},&,1.0,&
{'R1'},{'R3'},{'R2'},{'D3'},{'D1'},{'D4'},{'D5'},{'D6'},{'D2'},{'D7'},&,1.0,&
{'R1'},{'R3'},{'R2'},{'D3'},{'D1'},{'D4'},{'D6'},{'D2'},{'D5'},{'D7'},&,1.0,&
{'R1'},{'R3'},{'R2'},{'D3'},{'D1'},{'D2'},{'D5'},{'D4'},{'D6'},{'D7'},&,20.0,&
{'R1'},{'R3'},{'R2'},{'D3'},{'D1'},{'D2'},{'D5'},{'D6'},{'D4'},{'D7'},&,5.0,&
{'R1'},{'R3'},{'R2'},{'D3'},{'D1'},{'D2'},{'D6'},{'D5'},{'D4'},{'D7'},&,3.0,&
{'R1'},{'R3'},{'R2'},{'D3'},{'D1'},{'D2'},{'D4'},{'D5'},{'D6'},{'D7'},&,5.0,&
{'R1'},{'R3'},{'R2'},{'D3'},{'D1'},{'D6'},{'D5'},{'D2'},{'D4'},{'D7'},&,1.0,&
{'R1'},{'R3'},{'R2'},{'D3'},{'D1'},{'D6'},{'D5'},{'D4'},{'D2'},{'D7'},&,1.0,&
{'R1'},{'R3'},{'R2'},{'D3'},{'D5'},{'D4'},{'D2'},{'D1'},{'D6'},{'D7'},&,7.0,&
{'R1'},{'R3'},{'R2'},{'D3'},{'D5'},{'D4'},{'D1'},{'D2'},{'D6'},{'D7'},&,16.0,&
{'R1'},{'R3'},{'R2'},{'D3'},{'D5'},{'D4'},{'D6'},{'D2'},{'D1'},{'D7'},&,1.0,&
{'R1'},{'R3'},{'R2'},{'D3'},{'D5'},{'D1'},{'D2'},{'D4'},{'D6'},{'D7'},&,27.0,&
{'R1'},{'R3'},{'R2'},{'D3'},{'D5'},{'D1'},{'D2'},{'D4'},{'D7'},{'D6'},&,2.0,&
{'R1'},{'R3'},{'R2'},{'D3'},{'D5'},{'D1'},{'D2'},{'D6'},{'D4'},{'D7'},&,4.0,&
{'R1'},{'R3'},{'R2'},{'D3'},{'D5'},{'D1'},{'D6'},{'D2'},{'D4'},{'D7'},&,4.0,&
{'R1'},{'R3'},{'R2'},{'D3'},{'D5'},{'D1'},{'D6'},{'D4'},{'D2'},{'D7'},&,1.0,&
{'R1'},{'R3'},{'R2'},{'D3'},{'D5'},{'D1'},{'D4'},{'D2'},{'D6'},{'D7'},&,30.0,&
{'R1'},{'R3'},{'R2'},{'D3'},{'D5'},{'D1'},{'D4'},{'D2'},{'D7'},{'D6'},&,2.0,&
{'R1'},{'R3'},{'R2'},{'D3'},{'D5'},{'D1'},{'D4'},{'D6'},{'D2'},{'D7'},&,4.0,&
{'R1'},{'R3'},{'R2'},{'D3'},{'D5'},{'D2'},{'D1'},{'D4'},{'D6'},{'D7'},&,16.0,&
{'R1'},{'R3'},{'R2'},{'D3'},{'D5'},{'D2'},{'D1'},{'D4'},{'D7'},{'D6'},&,1.0,&
{'R1'},{'R3'},{'R2'},{'D3'},{'D5'},{'D2'},{'D1'},{'D6'},{'D4'},{'D7'},&,2.0,&
{'R1'},{'R3'},{'R2'},{'D3'},{'D5'},{'D2'},{'D6'},{'D1'},{'D4'},{'D7'},&,2.0,&
{'R1'},{'R3'},{'R2'},{'D3'},{'D5'},{'D2'},{'D4'},{'D1'},{'D6'},{'D7'},&,6.0,&
{'R1'},{'R3'},{'R2'},{'D3'},{'D5'},{'D6'},{'D1'},{'D2'},{'D4'},{'D7'},&,1.0,&
{'R1'},{'R3'},{'R2'},{'D3'},{'D4'},{'D5'},{'D2'},{'D1'},{'D6'},{'D7'},&,2.0,&
{'R1'},{'R3'},{'R2'},{'D3'},{'D4'},{'D5'},{'D1'},{'D2'},{'D6'},{'D7'},&,5.0,&
{'R1'},{'R3'},{'R2'},{'D3'},{'D4'},{'D5'},{'D1'},{'D6'},{'D2'},{'D7'},&,1.0,&
{'R1'},{'R3'},{'R2'},{'D3'},{'D4'},{'D5'},{'D6'},{'D1'},{'D2'},{'D7'},&,1.0,&
{'R1'},{'R3'},{'R2'},{'D3'},{'D4'},{'D1'},{'D2'},{'D5'},{'D6'},{'D7'},&,1.0,&
{'R1'},{'R3'},{'R2'},{'D3'},{'D4'},{'D1'},{'D5'},{'D2'},{'D6'},{'D7'},&,5.0,&
{'R1'},{'R3'},{'R2'},{'D3'},{'D4'},{'D1'},{'D6'},{'D2'},{'D5'},{'D7'},&,1.0,&
{'R1'},{'R3'},{'R2'},{'D3'},{'D4'},{'D1'},{'D6'},{'D5'},{'D2'},{'D7'},&,1.0,&
{'R1'},{'R3'},{'R2'},{'D3'},{'D4'},{'D2'},{'D5'},{'D1'},{'D6'},{'D7'},&,3.0,&
{'R1'},{'R3'},{'R2'},{'D3'},{'D4'},{'D2'},{'D5'},{'D6'},{'D1'},{'D7'},&,1.0,&
{'R1'},{'R3'},{'R2'},{'D3'},{'D4'},{'D2'},{'D1'},{'D5'},{'D6'},{'D7'},&,1.0,&
{'R1'},{'R3'},{'R2'},{'D3'},{'D2'},{'D5'},{'D1'},{'D4'},{'D6'},{'D7'},&,12.0,&
{'R1'},{'R3'},{'R2'},{'D3'},{'D2'},{'D5'},{'D1'},{'D6'},{'D4'},{'D7'},&,2.0,&
{'R1'},{'R3'},{'R2'},{'D3'},{'D2'},{'D5'},{'D6'},{'D1'},{'D4'},{'D7'},&,1.0,&
{'R1'},{'R3'},{'R2'},{'D3'},{'D2'},{'D5'},{'D4'},{'D1'},{'D6'},{'D7'},&,3.0,&
{'R1'},{'R3'},{'R2'},{'D3'},{'D2'},{'D5'},{'D4'},{'D6'},{'D1'},{'D7'},&,1.0,&
{'R1'},{'R3'},{'R2'},{'D3'},{'D2'},{'D4'},{'D5'},{'D1'},{'D6'},{'D7'},&,2.0,&
{'R1'},{'R3'},{'R2'},{'D3'},{'D2'},{'D4'},{'D1'},{'D5'},{'D6'},{'D7'},&,7.0,&
{'R1'},{'R3'},{'R2'},{'D3'},{'D2'},{'D1'},{'D5'},{'D4'},{'D6'},{'D7'},&,12.0,&
{'R1'},{'R3'},{'R2'},{'D3'},{'D2'},{'D1'},{'D5'},{'D6'},{'D4'},{'D7'},&,1.0,&
{'R1'},{'R3'},{'R2'},{'D3'},{'D2'},{'D1'},{'D4'},{'D5'},{'D6'},{'D7'},&,2.0,&
{'R1'},{'R3'},{'R2'},{'D3'},{'D2'},{'D6'},{'D5'},{'D1'},{'D4'},{'D7'},&,1.0,&
{'R1'},{'R3'},{'R2'},{'D3'},{'D2'},{'D6'},{'D4'},{'D5'},{'D1'},{'D7'},&,1.0,&
{'R1'},{'R3'},{'R2'},{'D3'},{'D6'},{'D5'},{'D2'},{'D1'},{'D4'},{'D7'},&,1.0,&
{'R1'},{'R3'},{'R2'},{'D3'},{'D6'},{'D5'},{'D1'},{'D4'},{'D2'},{'D7'},&,3.0,&
{'R1'},{'R3'},{'R2'},{'D3'},{'D6'},{'D1'},{'D2'},{'D5'},{'D4'},{'D7'},&,1.0,&
{'R1'},{'R3'},{'R2'},{'D3'},{'D6'},{'D1'},{'D5'},{'D2'},{'D4'},{'D7'},&,2.0,&
{'R1'},{'R3'},{'R2'},{'D3'},{'D6'},{'D1'},{'D5'},{'D4'},{'D2'},{'D7'},&,1.0,&
{'R1'},{'R3'},{'R2'},{'D3'},{'D6'},{'D2'},{'D5'},{'D4'},{'D1'},{'D7'},&,1.0,&
{'R1'},{'R3'},{'R2'},{'D2'},{'D3'},{'D5'},{'D1'},{'D4'},{'D6'},{'D7'},&,11.0,&
{'R1'},{'R3'},{'R2'},{'D2'},{'D3'},{'D5'},{'D1'},{'D6'},{'D4'},{'D7'},&,1.0,&
{'R1'},{'R3'},{'R2'},{'D2'},{'D3'},{'D5'},{'D4'},{'D1'},{'D6'},{'D7'},&,5.0,&
{'R1'},{'R3'},{'R2'},{'D2'},{'D3'},{'D4'},{'D5'},{'D1'},{'D6'},{'D7'},&,3.0,&
{'R1'},{'R3'},{'R2'},{'D2'},{'D3'},{'D4'},{'D1'},{'D5'},{'D6'},{'D7'},&,4.0,&
{'R1'},{'R3'},{'R2'},{'D2'},{'D3'},{'D4'},{'D1'},{'D6'},{'D5'},{'D7'},&,1.0,&
{'R1'},{'R3'},{'R2'},{'D2'},{'D3'},{'D1'},{'D5'},{'D4'},{'D6'},{'D7'},&,8.0,&
{'R1'},{'R3'},{'R2'},{'D2'},{'D3'},{'D1'},{'D5'},{'D6'},{'D4'},{'D7'},&,2.0,&
{'R1'},{'R3'},{'R2'},{'D2'},{'D3'},{'D1'},{'D4'},{'D5'},{'D6'},{'D7'},&,3.0,&
{'R1'},{'R3'},{'R2'},{'D2'},{'D1'},{'D5'},{'D4'},{'D3'},{'D6'},{'D7'},&,3.0,&
{'R1'},{'R3'},{'R2'},{'D2'},{'D1'},{'D5'},{'D3'},{'D4'},{'D6'},{'D7'},&,6.0,&
{'R1'},{'R3'},{'R2'},{'D2'},{'D1'},{'D4'},{'D3'},{'D5'},{'D6'},{'D7'},&,2.0,&
{'R1'},{'R3'},{'R2'},{'D2'},{'D1'},{'D3'},{'D5'},{'D4'},{'D6'},{'D7'},&,9.0,&
{'R1'},{'R3'},{'R2'},{'D2'},{'D1'},{'D3'},{'D5'},{'D6'},{'D4'},{'D7'},&,2.0,&
{'R1'},{'R3'},{'R2'},{'D2'},{'D1'},{'D3'},{'D4'},{'D5'},{'D6'},{'D7'},&,2.0,&
{'R1'},{'R3'},{'R2'},{'D2'},{'D5'},{'D4'},{'D1'},{'D3'},{'D6'},{'D7'},&,1.0,&
{'R1'},{'R3'},{'R2'},{'D2'},{'D5'},{'D1'},{'D3'},{'D4'},{'D6'},{'D7'},&,8.0,&
{'R1'},{'R3'},{'R2'},{'D2'},{'D5'},{'D1'},{'D3'},{'D6'},{'D4'},{'D7'},&,1.0,&
{'R1'},{'R3'},{'R2'},{'D2'},{'D5'},{'D3'},{'D1'},{'D4'},{'D6'},{'D7'},&,14.0,&
{'R1'},{'R3'},{'R2'},{'D2'},{'D5'},{'D3'},{'D1'},{'D6'},{'D4'},{'D7'},&,2.0,&
{'R1'},{'R3'},{'R2'},{'D2'},{'D5'},{'D3'},{'D6'},{'D1'},{'D4'},{'D7'},&,1.0,&
{'R1'},{'R3'},{'R2'},{'D2'},{'D5'},{'D3'},{'D4'},{'D1'},{'D6'},{'D7'},&,1.0,&
{'R1'},{'R3'},{'R2'},{'D2'},{'D4'},{'D5'},{'D3'},{'D1'},{'D6'},{'D7'},&,1.0,&
{'R1'},{'R3'},{'R2'},{'D2'},{'D4'},{'D1'},{'D3'},{'D5'},{'D6'},{'D7'},&,4.0,&
{'R1'},{'R3'},{'R2'},{'D2'},{'D4'},{'D3'},{'D5'},{'D1'},{'D6'},{'D7'},&,1.0,&
{'R1'},{'R3'},{'R2'},{'D2'},{'D4'},{'D3'},{'D1'},{'D5'},{'D6'},{'D7'},&,2.0,&
{'R1'},{'R2'},{'D4'},{'D1'},{'R3'},{'D5'},{'D2'},{'D3'},{'D6'},{'D7'},&,1.0,&
{'R1'},{'R2'},{'D4'},{'D1'},{'R3'},{'D3'},{'D5'},{'D2'},{'D6'},{'D7'},&,3.0,&
{'R1'},{'R2'},{'D4'},{'D1'},{'R3'},{'D3'},{'D6'},{'D2'},{'D5'},{'D7'},&,1.0,&
{'R1'},{'R2'},{'D4'},{'D5'},{'D3'},{'D1'},{'D2'},{'R3'},{'D6'},{'D7'},&,1.0,&
{'R1'},{'R2'},{'D4'},{'D5'},{'R3'},{'D1'},{'D3'},{'D2'},{'D6'},{'D7'},&,1.0,&
{'R1'},{'R2'},{'D4'},{'D5'},{'R3'},{'D3'},{'D2'},{'D6'},{'D1'},{'D7'},&,1.0,&
{'R1'},{'R2'},{'D4'},{'D5'},{'R3'},{'D3'},{'D1'},{'D2'},{'D6'},{'D7'},&,1.0,&
{'R1'},{'R2'},{'D4'},{'D5'},{'R3'},{'D2'},{'D1'},{'D3'},{'D6'},{'D7'},&,1.0,&
{'R1'},{'R2'},{'D4'},{'D6'},{'D1'},{'R3'},{'D3'},{'D2'},{'D5'},{'D7'},&,1.0,&
{'R1'},{'R2'},{'D4'},{'D3'},{'R3'},{'D5'},{'D1'},{'D2'},{'D6'},{'D7'},&,1.0,&
{'R1'},{'R2'},{'D4'},{'D3'},{'R3'},{'D1'},{'D2'},{'D5'},{'D6'},{'D7'},&,1.0,&
{'R1'},{'R2'},{'D4'},{'R3'},{'D3'},{'D5'},{'D2'},{'D1'},{'D6'},{'D7'},&,2.0,&
{'R1'},{'R2'},{'D4'},{'R3'},{'D3'},{'D5'},{'D2'},{'D6'},{'D1'},{'D7'},&,1.0,&
{'R1'},{'R2'},{'D4'},{'R3'},{'D3'},{'D5'},{'D1'},{'D2'},{'D6'},{'D7'},&,4.0,&
{'R1'},{'R2'},{'D4'},{'R3'},{'D3'},{'D5'},{'D1'},{'D6'},{'D2'},{'D7'},&,1.0,&
{'R1'},{'R2'},{'D4'},{'R3'},{'D3'},{'D5'},{'D6'},{'D2'},{'D1'},{'D7'},&,1.0,&
{'R1'},{'R2'},{'D4'},{'R3'},{'D3'},{'D1'},{'D5'},{'D2'},{'D6'},{'D7'},&,3.0,&
{'R1'},{'R2'},{'D4'},{'R3'},{'D3'},{'D1'},{'D5'},{'D2'},{'D7'},{'D6'},&,1.0,&
{'R1'},{'R2'},{'D4'},{'R3'},{'D3'},{'D2'},{'D5'},{'D1'},{'D6'},{'D7'},&,1.0,&
{'R1'},{'R2'},{'D4'},{'R3'},{'D3'},{'D2'},{'D6'},{'D5'},{'D1'},{'D7'},&,1.0,&
{'R1'},{'R2'},{'D4'},{'R3'},{'D1'},{'D5'},{'D2'},{'D3'},{'D6'},{'D7'},&,1.0,&
{'R1'},{'R2'},{'D4'},{'R3'},{'D1'},{'D5'},{'D6'},{'D3'},{'D2'},{'D7'},&,1.0,&
{'R1'},{'R2'},{'D4'},{'R3'},{'D1'},{'D5'},{'D3'},{'D2'},{'D6'},{'D7'},&,3.0,&
{'R1'},{'R2'},{'D4'},{'R3'},{'D1'},{'D3'},{'D5'},{'D2'},{'D6'},{'D7'},&,1.0,&
{'R1'},{'R2'},{'D4'},{'R3'},{'D5'},{'D1'},{'D3'},{'D2'},{'D6'},{'D7'},&,3.0,&
{'R1'},{'R2'},{'D4'},{'R3'},{'D5'},{'D3'},{'D2'},{'D1'},{'D6'},{'D7'},&,1.0,&
{'R1'},{'R2'},{'D4'},{'R3'},{'D5'},{'D3'},{'D1'},{'D2'},{'D6'},{'D7'},&,1.0,&
{'R1'},{'R2'},{'D4'},{'R3'},{'D5'},{'D3'},{'D6'},{'D1'},{'D2'},{'D7'},&,1.0,&
{'R1'},{'R2'},{'D4'},{'R3'},{'D5'},{'D2'},{'D3'},{'D1'},{'D6'},{'D7'},&,1.0,&
{'R1'},{'R2'},{'D4'},{'R3'},{'D2'},{'D1'},{'D5'},{'D3'},{'D6'},{'D7'},&,1.0,&
{'R1'},{'R2'},{'D4'},{'R3'},{'D2'},{'D1'},{'D3'},{'D5'},{'D6'},{'D7'},&,1.0,&
{'R1'},{'R2'},{'D3'},{'D1'},{'D5'},{'D4'},{'R3'},{'D2'},{'D6'},{'D7'},&,1.0,&
{'R1'},{'R2'},{'D3'},{'D1'},{'D5'},{'D2'},{'R3'},{'D4'},{'D6'},{'D7'},&,1.0,&
{'R1'},{'R2'},{'D3'},{'D1'},{'D5'},{'R3'},{'D2'},{'D4'},{'D6'},{'D7'},&,1.0,&
{'R1'},{'R2'},{'D3'},{'D1'},{'D5'},{'R3'},{'D2'},{'D6'},{'D4'},{'D7'},&,1.0,&
{'R1'},{'R2'},{'D3'},{'D1'},{'D2'},{'R3'},{'D4'},{'D5'},{'D6'},{'D7'},&,1.0,&
{'R1'},{'R2'},{'D3'},{'D1'},{'R3'},{'D5'},{'D2'},{'D4'},{'D6'},{'D7'},&,7.0,&
{'R1'},{'R2'},{'D3'},{'D1'},{'R3'},{'D5'},{'D4'},{'D2'},{'D6'},{'D7'},&,4.0,&
{'R1'},{'R2'},{'D3'},{'D1'},{'R3'},{'D4'},{'D5'},{'D2'},{'D6'},{'D7'},&,5.0,&
{'R1'},{'R2'},{'D3'},{'D1'},{'R3'},{'D4'},{'D5'},{'D6'},{'D2'},{'D7'},&,1.0,&
{'R1'},{'R2'},{'D3'},{'D1'},{'R3'},{'D2'},{'D5'},{'D4'},{'D6'},{'D7'},&,5.0,&
{'R1'},{'R2'},{'D3'},{'D1'},{'R3'},{'D2'},{'D5'},{'D6'},{'D4'},{'D7'},&,3.0,&
{'R1'},{'R2'},{'D3'},{'D1'},{'R3'},{'D2'},{'D4'},{'D5'},{'D6'},{'D7'},&,1.0,&
{'R1'},{'R2'},{'D3'},{'D5'},{'D1'},{'D4'},{'R3'},{'D2'},{'D6'},{'D7'},&,1.0,&
{'R1'},{'R2'},{'D3'},{'D5'},{'D1'},{'D2'},{'R3'},{'D6'},{'D4'},{'D7'},&,1.0,&
{'R1'},{'R2'},{'D3'},{'D5'},{'D1'},{'R3'},{'D2'},{'D4'},{'D6'},{'D7'},&,1.0,&
{'R1'},{'R2'},{'D3'},{'D5'},{'D1'},{'R3'},{'D2'},{'D4'},{'D7'},{'D6'},&,1.0,&
{'R1'},{'R2'},{'D3'},{'D5'},{'R3'},{'D4'},{'D2'},{'D1'},{'D6'},{'D7'},&,2.0,&
{'R1'},{'R2'},{'D3'},{'D5'},{'R3'},{'D4'},{'D2'},{'D6'},{'D1'},{'D7'},&,1.0,&
{'R1'},{'R2'},{'D3'},{'D5'},{'R3'},{'D4'},{'D1'},{'D2'},{'D6'},{'D7'},&,2.0,&
{'R1'},{'R2'},{'D3'},{'D5'},{'R3'},{'D4'},{'D6'},{'D1'},{'D2'},{'D7'},&,1.0,&
{'R1'},{'R2'},{'D3'},{'D5'},{'R3'},{'D1'},{'D2'},{'D4'},{'D6'},{'D7'},&,3.0,&
{'R1'},{'R2'},{'D3'},{'D5'},{'R3'},{'D1'},{'D2'},{'D6'},{'D4'},{'D7'},&,1.0,&
{'R1'},{'R2'},{'D3'},{'D5'},{'R3'},{'D1'},{'D6'},{'D4'},{'D2'},{'D7'},&,1.0,&
{'R1'},{'R2'},{'D3'},{'D5'},{'R3'},{'D1'},{'D4'},{'D2'},{'D6'},{'D7'},&,3.0,&
{'R1'},{'R2'},{'D3'},{'D5'},{'R3'},{'D1'},{'D4'},{'D6'},{'D2'},{'D7'},&,1.0,&
{'R1'},{'R2'},{'D3'},{'D5'},{'R3'},{'D2'},{'D1'},{'D4'},{'D6'},{'D7'},&,2.0,&
{'R1'},{'R2'},{'D3'},{'D5'},{'R3'},{'D6'},{'D1'},{'D2'},{'D4'},{'D7'},&,1.0,&
{'R1'},{'R2'},{'D3'},{'D5'},{'R3'},{'D6'},{'D4'},{'D1'},{'D2'},{'D7'},&,1.0,&
{'R1'},{'R2'},{'D3'},{'D4'},{'D1'},{'R3'},{'D2'},{'D5'},{'D6'},{'D7'},&,1.0,&
{'R1'},{'R2'},{'D3'},{'D4'},{'R3'},{'D1'},{'D2'},{'D5'},{'D6'},{'D7'},&,1.0,&
{'R1'},{'R2'},{'D3'},{'D4'},{'R3'},{'D1'},{'D5'},{'D2'},{'D6'},{'D7'},&,2.0,&
{'R1'},{'R2'},{'D3'},{'D4'},{'R3'},{'D1'},{'D6'},{'D5'},{'D2'},{'D7'},&,1.0,&
{'R1'},{'R2'},{'D3'},{'D4'},{'R3'},{'D2'},{'D5'},{'D1'},{'D6'},{'D7'},&,1.0,&
{'R1'},{'R2'},{'D3'},{'D2'},{'D1'},{'R3'},{'D5'},{'D4'},{'D6'},{'D7'},&,1.0,&
{'R1'},{'R2'},{'D3'},{'D2'},{'D5'},{'D1'},{'D4'},{'R3'},{'D6'},{'D7'},&,1.0,&
{'R1'},{'R2'},{'D3'},{'D2'},{'D5'},{'R3'},{'D4'},{'D1'},{'D6'},{'D7'},&,2.0,&
{'R1'},{'R2'},{'D3'},{'D2'},{'D4'},{'D1'},{'R3'},{'D5'},{'D6'},{'D7'},&,1.0,&
{'R1'},{'R2'},{'D3'},{'D2'},{'R3'},{'D5'},{'D1'},{'D4'},{'D6'},{'D7'},&,4.0,&
{'R1'},{'R2'},{'D3'},{'D2'},{'R3'},{'D5'},{'D4'},{'D1'},{'D6'},{'D7'},&,1.0,&
{'R1'},{'R2'},{'D3'},{'D2'},{'R3'},{'D4'},{'D1'},{'D5'},{'D6'},{'D7'},&,1.0,&
{'R1'},{'R2'},{'D3'},{'D2'},{'R3'},{'D1'},{'D6'},{'D4'},{'D5'},{'D7'},&,1.0,&
{'R1'},{'R2'},{'D3'},{'R3'},{'D1'},{'D5'},{'D2'},{'D4'},{'D6'},{'D7'},&,27.0,&
{'R1'},{'R2'},{'D3'},{'R3'},{'D1'},{'D5'},{'D2'},{'D4'},{'D7'},{'D6'},&,1.0,&
{'R1'},{'R2'},{'D3'},{'R3'},{'D1'},{'D5'},{'D2'},{'D6'},{'D4'},{'D7'},&,4.0,&
{'R1'},{'R2'},{'D3'},{'R3'},{'D1'},{'D5'},{'D6'},{'D2'},{'D4'},{'D7'},&,3.0,&
{'R1'},{'R2'},{'D3'},{'R3'},{'D1'},{'D5'},{'D6'},{'D4'},{'D2'},{'D7'},&,3.0,&
{'R1'},{'R2'},{'D3'},{'R3'},{'D1'},{'D5'},{'D4'},{'D2'},{'D6'},{'D7'},&,13.0,&
{'R1'},{'R2'},{'D3'},{'R3'},{'D1'},{'D5'},{'D4'},{'D2'},{'D7'},{'D6'},&,3.0,&
{'R1'},{'R2'},{'D3'},{'R3'},{'D1'},{'D4'},{'D2'},{'D5'},{'D6'},{'D7'},&,2.0,&
{'R1'},{'R2'},{'D3'},{'R3'},{'D1'},{'D4'},{'D5'},{'D2'},{'D6'},{'D7'},&,12.0,&
{'R1'},{'R2'},{'D3'},{'R3'},{'D1'},{'D4'},{'D5'},{'D6'},{'D2'},{'D7'},&,1.0,&
{'R1'},{'R2'},{'D3'},{'R3'},{'D1'},{'D2'},{'D5'},{'D4'},{'D6'},{'D7'},&,12.0,&
{'R1'},{'R2'},{'D3'},{'R3'},{'D1'},{'D2'},{'D5'},{'D6'},{'D4'},{'D7'},&,2.0,&
{'R1'},{'R2'},{'D3'},{'R3'},{'D1'},{'D2'},{'D4'},{'D5'},{'D6'},{'D7'},&,2.0,&
{'R1'},{'R2'},{'D3'},{'R3'},{'D1'},{'D6'},{'D5'},{'D2'},{'D4'},{'D7'},&,1.0,&
{'R1'},{'R2'},{'D3'},{'R3'},{'D1'},{'D6'},{'D5'},{'D4'},{'D2'},{'D7'},&,1.0,&
{'R1'},{'R2'},{'D3'},{'R3'},{'D5'},{'D4'},{'D2'},{'D1'},{'D6'},{'D7'},&,3.0,&
{'R1'},{'R2'},{'D3'},{'R3'},{'D5'},{'D4'},{'D1'},{'D2'},{'D6'},{'D7'},&,13.0,&
{'R1'},{'R2'},{'D3'},{'R3'},{'D5'},{'D4'},{'D1'},{'D6'},{'D2'},{'D7'},&,1.0,&
{'R1'},{'R2'},{'D3'},{'R3'},{'D5'},{'D4'},{'D7'},{'D2'},{'D1'},{'D6'},&,1.0,&
{'R1'},{'R2'},{'D3'},{'R3'},{'D5'},{'D1'},{'D2'},{'D4'},{'D6'},{'D7'},&,21.0,&
{'R1'},{'R2'},{'D3'},{'R3'},{'D5'},{'D1'},{'D2'},{'D6'},{'D4'},{'D7'},&,4.0,&
{'R1'},{'R2'},{'D3'},{'R3'},{'D5'},{'D1'},{'D6'},{'D4'},{'D2'},{'D7'},&,3.0,&
{'R1'},{'R2'},{'D3'},{'R3'},{'D5'},{'D1'},{'D4'},{'D2'},{'D6'},{'D7'},&,17.0,&
{'R1'},{'R2'},{'D3'},{'R3'},{'D5'},{'D1'},{'D4'},{'D6'},{'D2'},{'D7'},&,2.0,&
{'R1'},{'R2'},{'D3'},{'R3'},{'D5'},{'D2'},{'D1'},{'D4'},{'D6'},{'D7'},&,18.0,&
{'R1'},{'R2'},{'D3'},{'R3'},{'D5'},{'D2'},{'D1'},{'D7'},{'D4'},{'D6'},&,1.0,&
{'R1'},{'R2'},{'D3'},{'R3'},{'D5'},{'D2'},{'D1'},{'D6'},{'D4'},{'D7'},&,2.0,&
{'R1'},{'R2'},{'D3'},{'R3'},{'D5'},{'D2'},{'D4'},{'D1'},{'D6'},{'D7'},&,2.0,&
{'R1'},{'R2'},{'D3'},{'R3'},{'D5'},{'D6'},{'D1'},{'D2'},{'D4'},{'D7'},&,1.0,&
{'R1'},{'R2'},{'D3'},{'R3'},{'D4'},{'D5'},{'D2'},{'D1'},{'D6'},{'D7'},&,1.0,&
{'R1'},{'R2'},{'D3'},{'R3'},{'D4'},{'D5'},{'D1'},{'D2'},{'D6'},{'D7'},&,6.0,&
{'R1'},{'R2'},{'D3'},{'R3'},{'D4'},{'D5'},{'D1'},{'D6'},{'D2'},{'D7'},&,1.0,&
{'R1'},{'R2'},{'D3'},{'R3'},{'D4'},{'D1'},{'D2'},{'D5'},{'D6'},{'D7'},&,1.0,&
{'R1'},{'R2'},{'D3'},{'R3'},{'D4'},{'D1'},{'D5'},{'D2'},{'D6'},{'D7'},&,6.0,&
{'R1'},{'R2'},{'D3'},{'R3'},{'D4'},{'D1'},{'D5'},{'D6'},{'D2'},{'D7'},&,1.0,&
{'R1'},{'R2'},{'D3'},{'R3'},{'D4'},{'D2'},{'D5'},{'D1'},{'D6'},{'D7'},&,1.0,&
{'R1'},{'R2'},{'D3'},{'R3'},{'D4'},{'D2'},{'D1'},{'D5'},{'D6'},{'D7'},&,4.0,&
{'R1'},{'R2'},{'D3'},{'R3'},{'D4'},{'D6'},{'D1'},{'D5'},{'D2'},{'D7'},&,1.0,&
{'R1'},{'R2'},{'D3'},{'R3'},{'D2'},{'D5'},{'D1'},{'D4'},{'D6'},{'D7'},&,14.0,&
{'R1'},{'R2'},{'D3'},{'R3'},{'D2'},{'D5'},{'D1'},{'D6'},{'D4'},{'D7'},&,3.0,&
{'R1'},{'R2'},{'D3'},{'R3'},{'D2'},{'D5'},{'D6'},{'D1'},{'D4'},{'D7'},&,1.0,&
{'R1'},{'R2'},{'D3'},{'R3'},{'D2'},{'D5'},{'D4'},{'D1'},{'D6'},{'D7'},&,3.0,&
{'R1'},{'R2'},{'D3'},{'R3'},{'D2'},{'D4'},{'D5'},{'D6'},{'D1'},{'D7'},&,1.0,&
{'R1'},{'R2'},{'D3'},{'R3'},{'D2'},{'D1'},{'D5'},{'D4'},{'D6'},{'D7'},&,8.0,&
{'R1'},{'R2'},{'D3'},{'R3'},{'D2'},{'D1'},{'D5'},{'D4'},{'D7'},{'D6'},&,1.0,&
{'R1'},{'R2'},{'D3'},{'R3'},{'D2'},{'D1'},{'D5'},{'D6'},{'D4'},{'D7'},&,3.0,&
{'R1'},{'R2'},{'D3'},{'R3'},{'D2'},{'D1'},{'D4'},{'D5'},{'D6'},{'D7'},&,2.0,&
{'R1'},{'R2'},{'D3'},{'R3'},{'D2'},{'D6'},{'D4'},{'D1'},{'D5'},{'D7'},&,1.0,&
{'R1'},{'R2'},{'D3'},{'R3'},{'D6'},{'D5'},{'D1'},{'D2'},{'D4'},{'D7'},&,2.0,&
{'R1'},{'R2'},{'D3'},{'R3'},{'D6'},{'D5'},{'D1'},{'D4'},{'D2'},{'D7'},&,1.0,&
{'R1'},{'R2'},{'D5'},{'D1'},{'D3'},{'D2'},{'R3'},{'D4'},{'D6'},{'D7'},&,1.0,&
{'R1'},{'R2'},{'D5'},{'D1'},{'D3'},{'R3'},{'D2'},{'D6'},{'D4'},{'D7'},&,1.0,&
{'R1'},{'R2'},{'D5'},{'D1'},{'D3'},{'R3'},{'D4'},{'D2'},{'D6'},{'D7'},&,1.0,&
{'R1'},{'R2'},{'D5'},{'D1'},{'D4'},{'D2'},{'D3'},{'R3'},{'D6'},{'D7'},&,1.0,&
{'R1'},{'R2'},{'D5'},{'D1'},{'D2'},{'R3'},{'D3'},{'D4'},{'D6'},{'D7'},&,1.0,&
{'R1'},{'R2'},{'D5'},{'D1'},{'R3'},{'D3'},{'D2'},{'D4'},{'D6'},{'D7'},&,2.0,&
{'R1'},{'R2'},{'D5'},{'D1'},{'R3'},{'D3'},{'D4'},{'D2'},{'D6'},{'D7'},&,2.0,&
{'R1'},{'R2'},{'D5'},{'D1'},{'R3'},{'D2'},{'D3'},{'D4'},{'D6'},{'D7'},&,1.0,&
{'R1'},{'R2'},{'D5'},{'D1'},{'R3'},{'D6'},{'D3'},{'D4'},{'D2'},{'D7'},&,1.0,&
{'R1'},{'R2'},{'D5'},{'D4'},{'D2'},{'R3'},{'D1'},{'D6'},{'D3'},{'D7'},&,1.0,&
{'R1'},{'R2'},{'D5'},{'D4'},{'D2'},{'R3'},{'D3'},{'D1'},{'D6'},{'D7'},&,1.0,&
{'R1'},{'R2'},{'D5'},{'D4'},{'R3'},{'D1'},{'D3'},{'D2'},{'D6'},{'D7'},&,2.0,&
{'R1'},{'R2'},{'D5'},{'D4'},{'R3'},{'D3'},{'D2'},{'D1'},{'D6'},{'D7'},&,1.0,&
{'R1'},{'R2'},{'D5'},{'D4'},{'R3'},{'D3'},{'D1'},{'D2'},{'D6'},{'D7'},&,1.0,&
{'R1'},{'R2'},{'D5'},{'D3'},{'D1'},{'D4'},{'R3'},{'D2'},{'D6'},{'D7'},&,1.0,&
{'R1'},{'R2'},{'D5'},{'D3'},{'D1'},{'R3'},{'D2'},{'D6'},{'D4'},{'D7'},&,1.0,&
{'R1'},{'R2'},{'D5'},{'D3'},{'D4'},{'R3'},{'D1'},{'D2'},{'D6'},{'D7'},&,2.0,&
{'R1'},{'R2'},{'D5'},{'D3'},{'R3'},{'D4'},{'D2'},{'D1'},{'D6'},{'D7'},&,2.0,&
{'R1'},{'R2'},{'D5'},{'D3'},{'R3'},{'D4'},{'D1'},{'D2'},{'D6'},{'D7'},&,4.0,&
{'R1'},{'R2'},{'D5'},{'D3'},{'R3'},{'D4'},{'D1'},{'D6'},{'D2'},{'D7'},&,1.0,&
{'R1'},{'R2'},{'D5'},{'D3'},{'R3'},{'D1'},{'D2'},{'D4'},{'D6'},{'D7'},&,6.0,&
{'R1'},{'R2'},{'D5'},{'D3'},{'R3'},{'D1'},{'D6'},{'D2'},{'D4'},{'D7'},&,1.0,&
{'R1'},{'R2'},{'D5'},{'D3'},{'R3'},{'D1'},{'D6'},{'D4'},{'D2'},{'D7'},&,1.0,&
{'R1'},{'R2'},{'D5'},{'D3'},{'R3'},{'D1'},{'D4'},{'D6'},{'D2'},{'D7'},&,1.0,&
{'R1'},{'R2'},{'D5'},{'D3'},{'R3'},{'D2'},{'D1'},{'D4'},{'D6'},{'D7'},&,3.0,&
{'R1'},{'R2'},{'D5'},{'D3'},{'R3'},{'D2'},{'D6'},{'D1'},{'D4'},{'D7'},&,2.0,&
{'R1'},{'R2'},{'D5'},{'D3'},{'R3'},{'D2'},{'D4'},{'D1'},{'D6'},{'D7'},&,2.0,&
{'R1'},{'R2'},{'D5'},{'D3'},{'R3'},{'D6'},{'D1'},{'D4'},{'D2'},{'D7'},&,2.0,&
{'R1'},{'R2'},{'D5'},{'D2'},{'R3'},{'D4'},{'D3'},{'D1'},{'D6'},{'D7'},&,1.0,&
{'R1'},{'R2'},{'D5'},{'D2'},{'R3'},{'D1'},{'D4'},{'D6'},{'D3'},{'D7'},&,1.0,&
{'R1'},{'R2'},{'D5'},{'D2'},{'R3'},{'D1'},{'D3'},{'D4'},{'D6'},{'D7'},&,1.0,&
{'R1'},{'R2'},{'D5'},{'R3'},{'D3'},{'D4'},{'D2'},{'D1'},{'D6'},{'D7'},&,2.0,&
{'R1'},{'R2'},{'D5'},{'R3'},{'D3'},{'D4'},{'D1'},{'D2'},{'D6'},{'D7'},&,8.0,&
{'R1'},{'R2'},{'D5'},{'R3'},{'D3'},{'D4'},{'D1'},{'D6'},{'D2'},{'D7'},&,1.0,&
{'R1'},{'R2'},{'D5'},{'R3'},{'D3'},{'D4'},{'D6'},{'D1'},{'D2'},{'D7'},&,1.0,&
{'R1'},{'R2'},{'D5'},{'R3'},{'D3'},{'D1'},{'D2'},{'D4'},{'D6'},{'D7'},&,16.0,&
{'R1'},{'R2'},{'D5'},{'R3'},{'D3'},{'D1'},{'D2'},{'D6'},{'D4'},{'D7'},&,2.0,&
{'R1'},{'R2'},{'D5'},{'R3'},{'D3'},{'D1'},{'D6'},{'D2'},{'D4'},{'D7'},&,1.0,&
{'R1'},{'R2'},{'D5'},{'R3'},{'D3'},{'D1'},{'D6'},{'D4'},{'D2'},{'D7'},&,1.0,&
{'R1'},{'R2'},{'D5'},{'R3'},{'D3'},{'D1'},{'D4'},{'D2'},{'D6'},{'D7'},&,19.0,&
{'R1'},{'R2'},{'D5'},{'R3'},{'D3'},{'D1'},{'D4'},{'D6'},{'D2'},{'D7'},&,1.0,&
{'R1'},{'R2'},{'D5'},{'R3'},{'D3'},{'D2'},{'D1'},{'D4'},{'D6'},{'D7'},&,10.0,&
{'R1'},{'R2'},{'D5'},{'R3'},{'D3'},{'D2'},{'D1'},{'D4'},{'D7'},{'D6'},&,1.0,&
{'R1'},{'R2'},{'D5'},{'R3'},{'D3'},{'D2'},{'D1'},{'D6'},{'D4'},{'D7'},&,2.0,&
{'R1'},{'R2'},{'D5'},{'R3'},{'D3'},{'D2'},{'D6'},{'D1'},{'D4'},{'D7'},&,1.0,&
{'R1'},{'R2'},{'D5'},{'R3'},{'D3'},{'D2'},{'D4'},{'D1'},{'D6'},{'D7'},&,3.0,&
{'R1'},{'R2'},{'D5'},{'R3'},{'D3'},{'D2'},{'D4'},{'D1'},{'D7'},{'D6'},&,1.0,&
{'R1'},{'R2'},{'D5'},{'R3'},{'D3'},{'D2'},{'D4'},{'D6'},{'D1'},{'D7'},&,1.0,&
{'R1'},{'R2'},{'D5'},{'R3'},{'D3'},{'D6'},{'D2'},{'D1'},{'D4'},{'D7'},&,1.0,&
{'R1'},{'R2'},{'D5'},{'R3'},{'D3'},{'D6'},{'D1'},{'D2'},{'D4'},{'D7'},&,3.0,&
{'R1'},{'R2'},{'D5'},{'R3'},{'D3'},{'D6'},{'D1'},{'D4'},{'D2'},{'D7'},&,1.0,&
{'R1'},{'R2'},{'D5'},{'R3'},{'D1'},{'D4'},{'D3'},{'D2'},{'D6'},{'D7'},&,4.0,&
{'R1'},{'R2'},{'D5'},{'R3'},{'D1'},{'D4'},{'D3'},{'D6'},{'D2'},{'D7'},&,1.0,&
{'R1'},{'R2'},{'D5'},{'R3'},{'D1'},{'D3'},{'D2'},{'D4'},{'D6'},{'D7'},&,14.0,&
{'R1'},{'R2'},{'D5'},{'R3'},{'D1'},{'D3'},{'D2'},{'D6'},{'D4'},{'D7'},&,5.0,&
{'R1'},{'R2'},{'D5'},{'R3'},{'D1'},{'D3'},{'D6'},{'D2'},{'D4'},{'D7'},&,3.0,&
{'R1'},{'R2'},{'D5'},{'R3'},{'D1'},{'D3'},{'D4'},{'D2'},{'D6'},{'D7'},&,13.0,&
{'R1'},{'R2'},{'D5'},{'R3'},{'D1'},{'D3'},{'D4'},{'D6'},{'D2'},{'D7'},&,1.0,&
{'R1'},{'R2'},{'D5'},{'R3'},{'D1'},{'D2'},{'D6'},{'D3'},{'D4'},{'D7'},&,1.0,&
{'R1'},{'R2'},{'D5'},{'R3'},{'D1'},{'D2'},{'D4'},{'D3'},{'D6'},{'D7'},&,1.0,&
{'R1'},{'R2'},{'D5'},{'R3'},{'D1'},{'D2'},{'D3'},{'D4'},{'D6'},{'D7'},&,7.0,&
{'R1'},{'R2'},{'D5'},{'R3'},{'D1'},{'D6'},{'D3'},{'D2'},{'D4'},{'D7'},&,1.0,&
{'R1'},{'R2'},{'D5'},{'R3'},{'D1'},{'D6'},{'D3'},{'D4'},{'D2'},{'D7'},&,1.0,&
{'R1'},{'R2'},{'D5'},{'R3'},{'D4'},{'D1'},{'D2'},{'D3'},{'D6'},{'D7'},&,1.0,&
{'R1'},{'R2'},{'D5'},{'R3'},{'D4'},{'D1'},{'D3'},{'D2'},{'D6'},{'D7'},&,3.0,&
{'R1'},{'R2'},{'D5'},{'R3'},{'D4'},{'D1'},{'D3'},{'D6'},{'D2'},{'D7'},&,2.0,&
{'R1'},{'R2'},{'D5'},{'R3'},{'D4'},{'D3'},{'D2'},{'D1'},{'D6'},{'D7'},&,2.0,&
{'R1'},{'R2'},{'D5'},{'R3'},{'D4'},{'D3'},{'D1'},{'D2'},{'D6'},{'D7'},&,3.0,&
{'R1'},{'R2'},{'D5'},{'R3'},{'D4'},{'D2'},{'D3'},{'D1'},{'D6'},{'D7'},&,2.0,&
{'R1'},{'R2'},{'D5'},{'R3'},{'D2'},{'D4'},{'D1'},{'D3'},{'D6'},{'D7'},&,1.0,&
{'R1'},{'R2'},{'D5'},{'R3'},{'D2'},{'D4'},{'D3'},{'D1'},{'D6'},{'D7'},&,3.0,&
{'R1'},{'R2'},{'D5'},{'R3'},{'D2'},{'D1'},{'D6'},{'D4'},{'D3'},{'D7'},&,1.0,&
{'R1'},{'R2'},{'D5'},{'R3'},{'D2'},{'D1'},{'D4'},{'D3'},{'D6'},{'D7'},&,3.0,&
{'R1'},{'R2'},{'D5'},{'R3'},{'D2'},{'D1'},{'D3'},{'D4'},{'D6'},{'D7'},&,4.0,&
{'R1'},{'R2'},{'D5'},{'R3'},{'D2'},{'D3'},{'D1'},{'D4'},{'D6'},{'D7'},&,6.0,&
{'R1'},{'R2'},{'D5'},{'R3'},{'D2'},{'D3'},{'D4'},{'D1'},{'D6'},{'D7'},&,1.0,&
{'R1'},{'R2'},{'D5'},{'R3'},{'D6'},{'D3'},{'D4'},{'D1'},{'D2'},{'D7'},&,1.0,&
{'R1'},{'R2'},{'D6'},{'D2'},{'D4'},{'D5'},{'D3'},{'D1'},{'R3'},{'D7'},&,1.0,&
{'R1'},{'R2'},{'D6'},{'R3'},{'D3'},{'D5'},{'D1'},{'D2'},{'D4'},{'D7'},&,1.0,&
{'R1'},{'R2'},{'D6'},{'R3'},{'D3'},{'D5'},{'D4'},{'D1'},{'D2'},{'D7'},&,1.0,&
{'R1'},{'R2'},{'D6'},{'R3'},{'D3'},{'D2'},{'D5'},{'D1'},{'D4'},{'D7'},&,1.0,&
{'R1'},{'R2'},{'D6'},{'R3'},{'D1'},{'D3'},{'D2'},{'D5'},{'D4'},{'D7'},&,1.0,&
{'R1'},{'R2'},{'D6'},{'R3'},{'D1'},{'D3'},{'D5'},{'D2'},{'D4'},{'D7'},&,2.0,&
{'R1'},{'R2'},{'D6'},{'R3'},{'D1'},{'D3'},{'D5'},{'D4'},{'D2'},{'D7'},&,2.0,&
{'R1'},{'R2'},{'D6'},{'R3'},{'D5'},{'D1'},{'D3'},{'D2'},{'D4'},{'D7'},&,1.0,&
{'R1'},{'R2'},{'D6'},{'R3'},{'D5'},{'D1'},{'D3'},{'D4'},{'D2'},{'D7'},&,1.0,&
{'R1'},{'R2'},{'D6'},{'R3'},{'D5'},{'D3'},{'D2'},{'D1'},{'D4'},{'D7'},&,1.0,&
{'R1'},{'R2'},{'D6'},{'R3'},{'D5'},{'D3'},{'D1'},{'D4'},{'D2'},{'D7'},&,1.0,&
{'R1'},{'R2'},{'D6'},{'R3'},{'D2'},{'D1'},{'D5'},{'D3'},{'D4'},{'D7'},&,1.0,&
{'R1'},{'R2'},{'D6'},{'R3'},{'D2'},{'D3'},{'D4'},{'D1'},{'D5'},{'D7'},&,1.0,&
{'R1'},{'R2'},{'D1'},{'D5'},{'D3'},{'D2'},{'R3'},{'D4'},{'D6'},{'D7'},&,2.0,&
{'R1'},{'R2'},{'D1'},{'D5'},{'D3'},{'R3'},{'D4'},{'D2'},{'D6'},{'D7'},&,2.0,&
{'R1'},{'R2'},{'D1'},{'D5'},{'D3'},{'R3'},{'D4'},{'D2'},{'D7'},{'D6'},&,1.0,&
{'R1'},{'R2'},{'D1'},{'D5'},{'D4'},{'R3'},{'D2'},{'D3'},{'D6'},{'D7'},&,1.0,&
{'R1'},{'R2'},{'D1'},{'D5'},{'D4'},{'R3'},{'D3'},{'D2'},{'D6'},{'D7'},&,1.0,&
{'R1'},{'R2'},{'D1'},{'D5'},{'D2'},{'D3'},{'R3'},{'D4'},{'D6'},{'D7'},&,1.0,&
{'R1'},{'R2'},{'D1'},{'D5'},{'R3'},{'D3'},{'D2'},{'D4'},{'D6'},{'D7'},&,3.0,&
{'R1'},{'R2'},{'D1'},{'D5'},{'R3'},{'D3'},{'D4'},{'D2'},{'D6'},{'D7'},&,5.0,&
{'R1'},{'R2'},{'D1'},{'D5'},{'R3'},{'D2'},{'D3'},{'D4'},{'D6'},{'D7'},&,3.0,&
{'R1'},{'R2'},{'D1'},{'D4'},{'D5'},{'R3'},{'D3'},{'D2'},{'D6'},{'D7'},&,2.0,&
{'R1'},{'R2'},{'D1'},{'D4'},{'R3'},{'D3'},{'D5'},{'D2'},{'D6'},{'D7'},&,1.0,&
{'R1'},{'R2'},{'D1'},{'D6'},{'R3'},{'D5'},{'D4'},{'D2'},{'D3'},{'D7'},&,1.0,&
{'R1'},{'R2'},{'D1'},{'D3'},{'D5'},{'D2'},{'R3'},{'D4'},{'D6'},{'D7'},&,1.0,&
{'R1'},{'R2'},{'D1'},{'D3'},{'D4'},{'D5'},{'D2'},{'R3'},{'D6'},{'D7'},&,2.0,&
{'R1'},{'R2'},{'D1'},{'D3'},{'D4'},{'R3'},{'D5'},{'D2'},{'D6'},{'D7'},&,1.0,&
{'R1'},{'R2'},{'D1'},{'D3'},{'D2'},{'R3'},{'D5'},{'D4'},{'D6'},{'D7'},&,1.0,&
{'R1'},{'R2'},{'D1'},{'D3'},{'R3'},{'D5'},{'D2'},{'D4'},{'D6'},{'D7'},&,3.0,&
{'R1'},{'R2'},{'D1'},{'D3'},{'R3'},{'D5'},{'D6'},{'D4'},{'D2'},{'D7'},&,1.0,&
{'R1'},{'R2'},{'D1'},{'D3'},{'R3'},{'D5'},{'D4'},{'D2'},{'D6'},{'D7'},&,10.0,&
{'R1'},{'R2'},{'D1'},{'D3'},{'R3'},{'D5'},{'D4'},{'D6'},{'D2'},{'D7'},&,1.0,&
{'R1'},{'R2'},{'D1'},{'D3'},{'R3'},{'D4'},{'D5'},{'D2'},{'D6'},{'D7'},&,1.0,&
{'R1'},{'R2'},{'D1'},{'D3'},{'R3'},{'D2'},{'D5'},{'D4'},{'D6'},{'D7'},&,3.0,&
{'R1'},{'R2'},{'D1'},{'D3'},{'R3'},{'D2'},{'D5'},{'D6'},{'D4'},{'D7'},&,1.0,&
{'R1'},{'R2'},{'D1'},{'D3'},{'R3'},{'D2'},{'D6'},{'D5'},{'D4'},{'D7'},&,1.0,&
{'R1'},{'R2'},{'D1'},{'D3'},{'R3'},{'D2'},{'D4'},{'D5'},{'D6'},{'D7'},&,1.0,&
{'R1'},{'R2'},{'D1'},{'D2'},{'D5'},{'D3'},{'R3'},{'D4'},{'D6'},{'D7'},&,1.0,&
{'R1'},{'R2'},{'D1'},{'D2'},{'R3'},{'D5'},{'D4'},{'D3'},{'D6'},{'D7'},&,1.0,&
{'R1'},{'R2'},{'D1'},{'D2'},{'R3'},{'D5'},{'D3'},{'D4'},{'D6'},{'D7'},&,1.0,&
{'R1'},{'R2'},{'D1'},{'D2'},{'R3'},{'D3'},{'D5'},{'D4'},{'D6'},{'D7'},&,3.0,&
{'R1'},{'R2'},{'D1'},{'D2'},{'R3'},{'D3'},{'D5'},{'D6'},{'D4'},{'D7'},&,1.0,&
{'R1'},{'R2'},{'D1'},{'R3'},{'D3'},{'D5'},{'D2'},{'D4'},{'D6'},{'D7'},&,13.0,&
{'R1'},{'R2'},{'D1'},{'R3'},{'D3'},{'D5'},{'D2'},{'D4'},{'D7'},{'D6'},&,1.0,&
{'R1'},{'R2'},{'D1'},{'R3'},{'D3'},{'D5'},{'D2'},{'D6'},{'D4'},{'D7'},&,4.0,&
{'R1'},{'R2'},{'D1'},{'R3'},{'D3'},{'D5'},{'D6'},{'D2'},{'D4'},{'D7'},&,3.0,&
{'R1'},{'R2'},{'D1'},{'R3'},{'D3'},{'D5'},{'D6'},{'D4'},{'D2'},{'D7'},&,1.0,&
{'R1'},{'R2'},{'D1'},{'R3'},{'D3'},{'D5'},{'D4'},{'D2'},{'D6'},{'D7'},&,9.0,&
{'R1'},{'R2'},{'D1'},{'R3'},{'D3'},{'D5'},{'D4'},{'D6'},{'D2'},{'D7'},&,3.0,&
{'R1'},{'R2'},{'D1'},{'R3'},{'D3'},{'D4'},{'D2'},{'D5'},{'D6'},{'D7'},&,3.0,&
{'R1'},{'R2'},{'D1'},{'R3'},{'D3'},{'D4'},{'D2'},{'D6'},{'D5'},{'D7'},&,1.0,&
{'R1'},{'R2'},{'D1'},{'R3'},{'D3'},{'D4'},{'D5'},{'D2'},{'D6'},{'D7'},&,10.0,&
{'R1'},{'R2'},{'D1'},{'R3'},{'D3'},{'D2'},{'D5'},{'D4'},{'D6'},{'D7'},&,13.0,&
{'R1'},{'R2'},{'D1'},{'R3'},{'D3'},{'D2'},{'D5'},{'D6'},{'D4'},{'D7'},&,4.0,&
{'R1'},{'R2'},{'D1'},{'R3'},{'D3'},{'D2'},{'D4'},{'D5'},{'D6'},{'D7'},&,4.0,&
{'R1'},{'R2'},{'D1'},{'R3'},{'D3'},{'D6'},{'D5'},{'D2'},{'D4'},{'D7'},&,1.0,&
{'R1'},{'R2'},{'D1'},{'R3'},{'D3'},{'D6'},{'D5'},{'D4'},{'D2'},{'D7'},&,1.0,&
{'R1'},{'R2'},{'D1'},{'R3'},{'D5'},{'D4'},{'D2'},{'D3'},{'D6'},{'D7'},&,4.0,&
{'R1'},{'R2'},{'D1'},{'R3'},{'D5'},{'D4'},{'D6'},{'D3'},{'D2'},{'D7'},&,2.0,&
{'R1'},{'R2'},{'D1'},{'R3'},{'D5'},{'D4'},{'D3'},{'D2'},{'D6'},{'D7'},&,5.0,&
{'R1'},{'R2'},{'D1'},{'R3'},{'D5'},{'D3'},{'D2'},{'D4'},{'D6'},{'D7'},&,14.0,&
{'R1'},{'R2'},{'D1'},{'R3'},{'D5'},{'D3'},{'D6'},{'D2'},{'D4'},{'D7'},&,2.0,&
{'R1'},{'R2'},{'D1'},{'R3'},{'D5'},{'D3'},{'D4'},{'D2'},{'D6'},{'D7'},&,11.0,&
{'R1'},{'R2'},{'D1'},{'R3'},{'D5'},{'D3'},{'D4'},{'D2'},{'D7'},{'D6'},&,1.0,&
{'R1'},{'R2'},{'D1'},{'R3'},{'D5'},{'D3'},{'D4'},{'D6'},{'D2'},{'D7'},&,2.0,&
{'R1'},{'R2'},{'D1'},{'R3'},{'D5'},{'D2'},{'D4'},{'D3'},{'D6'},{'D7'},&,1.0,&
{'R1'},{'R2'},{'D1'},{'R3'},{'D5'},{'D2'},{'D3'},{'D4'},{'D6'},{'D7'},&,6.0,&
{'R1'},{'R2'},{'D1'},{'R3'},{'D5'},{'D6'},{'D3'},{'D2'},{'D4'},{'D7'},&,1.0,&
{'R1'},{'R2'},{'D1'},{'R3'},{'D4'},{'D5'},{'D3'},{'D2'},{'D6'},{'D7'},&,4.0,&
{'R1'},{'R2'},{'D1'},{'R3'},{'D4'},{'D3'},{'D2'},{'D5'},{'D6'},{'D7'},&,1.0,&
{'R1'},{'R2'},{'D1'},{'R3'},{'D4'},{'D3'},{'D5'},{'D2'},{'D6'},{'D7'},&,8.0,&
{'R1'},{'R2'},{'D1'},{'R3'},{'D4'},{'D3'},{'D5'},{'D6'},{'D2'},{'D7'},&,1.0,&
{'R1'},{'R2'},{'D1'},{'R3'},{'D2'},{'D5'},{'D3'},{'D4'},{'D6'},{'D7'},&,6.0,&
{'R1'},{'R2'},{'D1'},{'R3'},{'D2'},{'D4'},{'D3'},{'D6'},{'D5'},{'D7'},&,1.0,&
{'R1'},{'R2'},{'D1'},{'R3'},{'D2'},{'D3'},{'D5'},{'D4'},{'D6'},{'D7'},&,5.0,&
{'R1'},{'R2'},{'D1'},{'R3'},{'D2'},{'D3'},{'D5'},{'D6'},{'D4'},{'D7'},&,1.0,&
{'R1'},{'R2'},{'D1'},{'R3'},{'D2'},{'D3'},{'D6'},{'D5'},{'D4'},{'D7'},&,1.0,&
{'R1'},{'R2'},{'D1'},{'R3'},{'D2'},{'D3'},{'D4'},{'D6'},{'D5'},{'D7'},&,1.0,&
{'R1'},{'R2'},{'D1'},{'R3'},{'D2'},{'D6'},{'D5'},{'D3'},{'D4'},{'D7'},&,1.0,&
{'R1'},{'R2'},{'D2'},{'D1'},{'D3'},{'R3'},{'D5'},{'D4'},{'D6'},{'D7'},&,2.0,&
{'R1'},{'R2'},{'D2'},{'D1'},{'D3'},{'R3'},{'D5'},{'D6'},{'D4'},{'D7'},&,1.0,&
{'R1'},{'R2'},{'D2'},{'D1'},{'R3'},{'D5'},{'D4'},{'D3'},{'D6'},{'D7'},&,1.0,&
{'R1'},{'R2'},{'D2'},{'D1'},{'R3'},{'D5'},{'D3'},{'D4'},{'D6'},{'D7'},&,2.0,&
{'R1'},{'R2'},{'D2'},{'D1'},{'R3'},{'D3'},{'D5'},{'D4'},{'D6'},{'D7'},&,2.0,&
{'R1'},{'R2'},{'D2'},{'D1'},{'R3'},{'D3'},{'D5'},{'D4'},{'D7'},{'D6'},&,1.0,&
{'R1'},{'R2'},{'D2'},{'D1'},{'R3'},{'D3'},{'D4'},{'D5'},{'D6'},{'D7'},&,1.0,&
{'R1'},{'R2'},{'D2'},{'D5'},{'D3'},{'D6'},{'R3'},{'D4'},{'D1'},{'D7'},&,1.0,&
{'R1'},{'R2'},{'D2'},{'D5'},{'R3'},{'D1'},{'D3'},{'D4'},{'D6'},{'D7'},&,2.0,&
{'R1'},{'R2'},{'D2'},{'D5'},{'R3'},{'D1'},{'D3'},{'D6'},{'D4'},{'D7'},&,1.0,&
{'R1'},{'R2'},{'D2'},{'D5'},{'R3'},{'D3'},{'D4'},{'D1'},{'D6'},{'D7'},&,1.0,&
{'R1'},{'R2'},{'D2'},{'D4'},{'D3'},{'R3'},{'D1'},{'D5'},{'D6'},{'D7'},&,1.0,&
{'R1'},{'R2'},{'D2'},{'D3'},{'D1'},{'D6'},{'R3'},{'D5'},{'D4'},{'D7'},&,1.0,&
{'R1'},{'R2'},{'D2'},{'D3'},{'D5'},{'R3'},{'D1'},{'D4'},{'D6'},{'D7'},&,3.0,&
{'R1'},{'R2'},{'D2'},{'D3'},{'R3'},{'D5'},{'D1'},{'D4'},{'D6'},{'D7'},&,3.0,&
{'R1'},{'R2'},{'D2'},{'D3'},{'R3'},{'D4'},{'D5'},{'D1'},{'D6'},{'D7'},&,1.0,&
{'R1'},{'R2'},{'D2'},{'D3'},{'R3'},{'D1'},{'D5'},{'D4'},{'D6'},{'D7'},&,1.0,&
{'R1'},{'R2'},{'D2'},{'R3'},{'D3'},{'D5'},{'D1'},{'D4'},{'D6'},{'D7'},&,5.0,&
{'R1'},{'R2'},{'D2'},{'R3'},{'D3'},{'D5'},{'D1'},{'D6'},{'D4'},{'D7'},&,1.0,&
{'R1'},{'R2'},{'D2'},{'R3'},{'D3'},{'D5'},{'D4'},{'D1'},{'D6'},{'D7'},&,3.0,&
{'R1'},{'R2'},{'D2'},{'R3'},{'D3'},{'D4'},{'D5'},{'D1'},{'D6'},{'D7'},&,1.0,&
{'R1'},{'R2'},{'D2'},{'R3'},{'D3'},{'D4'},{'D1'},{'D5'},{'D6'},{'D7'},&,4.0,&
{'R1'},{'R2'},{'D2'},{'R3'},{'D3'},{'D1'},{'D5'},{'D4'},{'D6'},{'D7'},&,5.0,&
{'R1'},{'R2'},{'D2'},{'R3'},{'D3'},{'D1'},{'D5'},{'D6'},{'D4'},{'D7'},&,1.0,&
{'R1'},{'R2'},{'D2'},{'R3'},{'D3'},{'D1'},{'D4'},{'D5'},{'D7'},{'D6'},&,1.0,&
{'R1'},{'R2'},{'D2'},{'R3'},{'D3'},{'D6'},{'D5'},{'D4'},{'D1'},{'D7'},&,1.0,&
{'R1'},{'R2'},{'D2'},{'R3'},{'D1'},{'D5'},{'D4'},{'D3'},{'D6'},{'D7'},&,2.0,&
{'R1'},{'R2'},{'D2'},{'R3'},{'D1'},{'D5'},{'D3'},{'D4'},{'D6'},{'D7'},&,3.0,&
{'R1'},{'R2'},{'D2'},{'R3'},{'D1'},{'D4'},{'D5'},{'D3'},{'D6'},{'D7'},&,2.0,&
{'R1'},{'R2'},{'D2'},{'R3'},{'D1'},{'D4'},{'D3'},{'D5'},{'D6'},{'D7'},&,1.0,&
{'R1'},{'R2'},{'D2'},{'R3'},{'D1'},{'D3'},{'D5'},{'D4'},{'D6'},{'D7'},&,5.0,&
{'R1'},{'R2'},{'D2'},{'R3'},{'D1'},{'D3'},{'D6'},{'D4'},{'D5'},{'D7'},&,1.0,&
{'R1'},{'R2'},{'D2'},{'R3'},{'D1'},{'D3'},{'D4'},{'D5'},{'D6'},{'D7'},&,2.0,&
{'R1'},{'R2'},{'D2'},{'R3'},{'D5'},{'D1'},{'D4'},{'D3'},{'D6'},{'D7'},&,1.0,&
{'R1'},{'R2'},{'D2'},{'R3'},{'D5'},{'D1'},{'D3'},{'D4'},{'D6'},{'D7'},&,3.0,&
{'R1'},{'R2'},{'D2'},{'R3'},{'D5'},{'D3'},{'D1'},{'D4'},{'D6'},{'D7'},&,8.0,&
{'R1'},{'R2'},{'D2'},{'R3'},{'D5'},{'D3'},{'D1'},{'D6'},{'D4'},{'D7'},&,1.0,&
{'R1'},{'R2'},{'D2'},{'R3'},{'D4'},{'D5'},{'D3'},{'D1'},{'D6'},{'D7'},&,2.0,&
{'R1'},{'R2'},{'D2'},{'R3'},{'D6'},{'D1'},{'D3'},{'D5'},{'D4'},{'D7'},&,1.0,&
{'R1'},{'R2'},{'R3'},{'D1'},{'D3'},{'D5'},{'D2'},{'D4'},{'D6'},{'D7'},&,88.0,&
{'R1'},{'R2'},{'R3'},{'D1'},{'D3'},{'D5'},{'D2'},{'D4'},{'D7'},{'D6'},&,2.0,&
{'R1'},{'R2'},{'R3'},{'D1'},{'D3'},{'D5'},{'D2'},{'D6'},{'D4'},{'D7'},&,13.0,&
{'R1'},{'R2'},{'R3'},{'D1'},{'D3'},{'D5'},{'D6'},{'D2'},{'D4'},{'D7'},&,6.0,&
{'R1'},{'R2'},{'R3'},{'D1'},{'D3'},{'D5'},{'D6'},{'D4'},{'D2'},{'D7'},&,1.0,&
{'R1'},{'R2'},{'R3'},{'D1'},{'D3'},{'D5'},{'D4'},{'D2'},{'D6'},{'D7'},&,43.0,&
{'R1'},{'R2'},{'R3'},{'D1'},{'D3'},{'D5'},{'D4'},{'D6'},{'D2'},{'D7'},&,5.0,&
{'R1'},{'R2'},{'R3'},{'D1'},{'D3'},{'D4'},{'D2'},{'D5'},{'D6'},{'D7'},&,11.0,&
{'R1'},{'R2'},{'R3'},{'D1'},{'D3'},{'D4'},{'D2'},{'D5'},{'D7'},{'D6'},&,2.0,&
{'R1'},{'R2'},{'R3'},{'D1'},{'D3'},{'D4'},{'D5'},{'D2'},{'D6'},{'D7'},&,40.0,&
{'R1'},{'R2'},{'R3'},{'D1'},{'D3'},{'D4'},{'D5'},{'D2'},{'D7'},{'D6'},&,1.0,&
{'R1'},{'R2'},{'R3'},{'D1'},{'D3'},{'D4'},{'D5'},{'D6'},{'D2'},{'D7'},&,6.0,&
{'R1'},{'R2'},{'R3'},{'D1'},{'D3'},{'D4'},{'D6'},{'D2'},{'D5'},{'D7'},&,1.0,&
{'R1'},{'R2'},{'R3'},{'D1'},{'D3'},{'D4'},{'D6'},{'D5'},{'D2'},{'D7'},&,1.0,&
{'R1'},{'R2'},{'R3'},{'D1'},{'D3'},{'D2'},{'D5'},{'D4'},{'D6'},{'D7'},&,33.0,&
{'R1'},{'R2'},{'R3'},{'D1'},{'D3'},{'D2'},{'D5'},{'D4'},{'D7'},{'D6'},&,1.0,&
{'R1'},{'R2'},{'R3'},{'D1'},{'D3'},{'D2'},{'D5'},{'D6'},{'D4'},{'D7'},&,12.0,&
{'R1'},{'R2'},{'R3'},{'D1'},{'D3'},{'D2'},{'D6'},{'D5'},{'D4'},{'D7'},&,1.0,&
{'R1'},{'R2'},{'R3'},{'D1'},{'D3'},{'D2'},{'D4'},{'D5'},{'D6'},{'D7'},&,10.0,&
{'R1'},{'R2'},{'R3'},{'D1'},{'D3'},{'D2'},{'D4'},{'D6'},{'D5'},{'D7'},&,1.0,&
{'R1'},{'R2'},{'R3'},{'D1'},{'D3'},{'D6'},{'D2'},{'D5'},{'D4'},{'D7'},&,2.0,&
{'R1'},{'R2'},{'R3'},{'D1'},{'D3'},{'D6'},{'D5'},{'D2'},{'D4'},{'D7'},&,4.0,&
{'R1'},{'R2'},{'R3'},{'D1'},{'D3'},{'D6'},{'D4'},{'D2'},{'D5'},{'D7'},&,1.0,&
{'R1'},{'R2'},{'R3'},{'D1'},{'D3'},{'D6'},{'D4'},{'D5'},{'D2'},{'D7'},&,2.0,&
{'R1'},{'R2'},{'R3'},{'D1'},{'D5'},{'D4'},{'D2'},{'D3'},{'D6'},{'D7'},&,2.0,&
{'R1'},{'R2'},{'R3'},{'D1'},{'D5'},{'D4'},{'D6'},{'D3'},{'D2'},{'D7'},&,1.0,&
{'R1'},{'R2'},{'R3'},{'D1'},{'D5'},{'D4'},{'D3'},{'D2'},{'D6'},{'D7'},&,17.0,&
{'R1'},{'R2'},{'R3'},{'D1'},{'D5'},{'D4'},{'D3'},{'D6'},{'D2'},{'D7'},&,1.0,&
{'R1'},{'R2'},{'R3'},{'D1'},{'D5'},{'D3'},{'D2'},{'D4'},{'D6'},{'D7'},&,56.0,&
{'R1'},{'R2'},{'R3'},{'D1'},{'D5'},{'D3'},{'D2'},{'D4'},{'D7'},{'D6'},&,1.0,&
{'R1'},{'R2'},{'R3'},{'D1'},{'D5'},{'D3'},{'D2'},{'D6'},{'D4'},{'D7'},&,12.0,&
{'R1'},{'R2'},{'R3'},{'D1'},{'D5'},{'D3'},{'D6'},{'D2'},{'D4'},{'D7'},&,2.0,&
{'R1'},{'R2'},{'R3'},{'D1'},{'D5'},{'D3'},{'D6'},{'D4'},{'D2'},{'D7'},&,2.0,&
{'R1'},{'R2'},{'R3'},{'D1'},{'D5'},{'D3'},{'D4'},{'D2'},{'D6'},{'D7'},&,53.0,&
{'R1'},{'R2'},{'R3'},{'D1'},{'D5'},{'D3'},{'D4'},{'D2'},{'D7'},{'D6'},&,1.0,&
{'R1'},{'R2'},{'R3'},{'D1'},{'D5'},{'D3'},{'D4'},{'D6'},{'D2'},{'D7'},&,4.0,&
{'R1'},{'R2'},{'R3'},{'D1'},{'D5'},{'D2'},{'D4'},{'D3'},{'D6'},{'D7'},&,6.0,&
{'R1'},{'R2'},{'R3'},{'D1'},{'D5'},{'D2'},{'D3'},{'D4'},{'D6'},{'D7'},&,11.0,&
{'R1'},{'R2'},{'R3'},{'D1'},{'D5'},{'D2'},{'D3'},{'D6'},{'D4'},{'D7'},&,4.0,&
{'R1'},{'R2'},{'R3'},{'D1'},{'D5'},{'D6'},{'D2'},{'D3'},{'D4'},{'D7'},&,2.0,&
{'R1'},{'R2'},{'R3'},{'D1'},{'D5'},{'D6'},{'D3'},{'D2'},{'D4'},{'D7'},&,2.0,&
{'R1'},{'R2'},{'R3'},{'D1'},{'D5'},{'D6'},{'D3'},{'D4'},{'D2'},{'D7'},&,1.0,&
{'R1'},{'R2'},{'R3'},{'D1'},{'D4'},{'D5'},{'D2'},{'D3'},{'D6'},{'D7'},&,4.0,&
{'R1'},{'R2'},{'R3'},{'D1'},{'D4'},{'D5'},{'D3'},{'D2'},{'D6'},{'D7'},&,12.0,&
{'R1'},{'R2'},{'R3'},{'D1'},{'D4'},{'D5'},{'D3'},{'D6'},{'D2'},{'D7'},&,1.0,&
{'R1'},{'R2'},{'R3'},{'D1'},{'D4'},{'D3'},{'D2'},{'D5'},{'D6'},{'D7'},&,5.0,&
{'R1'},{'R2'},{'R3'},{'D1'},{'D4'},{'D3'},{'D5'},{'D2'},{'D6'},{'D7'},&,15.0,&
{'R1'},{'R2'},{'R3'},{'D1'},{'D4'},{'D3'},{'D5'},{'D6'},{'D2'},{'D7'},&,2.0,&
{'R1'},{'R2'},{'R3'},{'D1'},{'D4'},{'D3'},{'D6'},{'D5'},{'D2'},{'D7'},&,1.0,&
{'R1'},{'R2'},{'R3'},{'D1'},{'D4'},{'D2'},{'D5'},{'D3'},{'D6'},{'D7'},&,2.0,&
{'R1'},{'R2'},{'R3'},{'D1'},{'D4'},{'D2'},{'D3'},{'D5'},{'D6'},{'D7'},&,5.0,&
{'R1'},{'R2'},{'R3'},{'D1'},{'D4'},{'D2'},{'D3'},{'D5'},{'D7'},{'D6'},&,1.0,&
{'R1'},{'R2'},{'R3'},{'D1'},{'D2'},{'D5'},{'D4'},{'D3'},{'D6'},{'D7'},&,1.0,&
{'R1'},{'R2'},{'R3'},{'D1'},{'D2'},{'D5'},{'D3'},{'D4'},{'D6'},{'D7'},&,21.0,&
{'R1'},{'R2'},{'R3'},{'D1'},{'D2'},{'D5'},{'D3'},{'D6'},{'D4'},{'D7'},&,2.0,&
{'R1'},{'R2'},{'R3'},{'D1'},{'D2'},{'D4'},{'D5'},{'D3'},{'D6'},{'D7'},&,2.0,&
{'R1'},{'R2'},{'R3'},{'D1'},{'D2'},{'D4'},{'D3'},{'D5'},{'D6'},{'D7'},&,4.0,&
{'R1'},{'R2'},{'R3'},{'D1'},{'D2'},{'D3'},{'D5'},{'D4'},{'D6'},{'D7'},&,31.0,&
{'R1'},{'R2'},{'R3'},{'D1'},{'D2'},{'D3'},{'D5'},{'D6'},{'D4'},{'D7'},&,1.0,&
{'R1'},{'R2'},{'R3'},{'D1'},{'D2'},{'D3'},{'D6'},{'D5'},{'D4'},{'D7'},&,1.0,&
{'R1'},{'R2'},{'R3'},{'D1'},{'D2'},{'D3'},{'D6'},{'D4'},{'D5'},{'D7'},&,1.0,&
{'R1'},{'R2'},{'R3'},{'D1'},{'D2'},{'D3'},{'D4'},{'D5'},{'D6'},{'D7'},&,7.0,&
{'R1'},{'R2'},{'R3'},{'D1'},{'D2'},{'D6'},{'D5'},{'D3'},{'D4'},{'D7'},&,1.0,&
{'R1'},{'R2'},{'R3'},{'D1'},{'D2'},{'D6'},{'D3'},{'D5'},{'D4'},{'D7'},&,1.0,&
{'R1'},{'R2'},{'R3'},{'D1'},{'D7'},{'D4'},{'D5'},{'D2'},{'D3'},{'D6'},&,1.0,&
{'R1'},{'R2'},{'R3'},{'D1'},{'D6'},{'D5'},{'D3'},{'D2'},{'D4'},{'D7'},&,5.0,&
{'R1'},{'R2'},{'R3'},{'D1'},{'D6'},{'D3'},{'D2'},{'D5'},{'D4'},{'D7'},&,2.0,&
{'R1'},{'R2'},{'R3'},{'D1'},{'D6'},{'D3'},{'D5'},{'D2'},{'D4'},{'D7'},&,4.0,&
{'R1'},{'R2'},{'R3'},{'D1'},{'D6'},{'D3'},{'D5'},{'D4'},{'D2'},{'D7'},&,2.0,&
{'R1'},{'R2'},{'R3'},{'D1'},{'D6'},{'D2'},{'D5'},{'D3'},{'D4'},{'D7'},&,1.0,&
{'R1'},{'R2'},{'R3'},{'D5'},{'D3'},{'D4'},{'D2'},{'D1'},{'D6'},{'D7'},&,10.0,&
{'R1'},{'R2'},{'R3'},{'D5'},{'D3'},{'D4'},{'D2'},{'D1'},{'D7'},{'D6'},&,1.0,&
{'R1'},{'R2'},{'R3'},{'D5'},{'D3'},{'D4'},{'D2'},{'D6'},{'D1'},{'D7'},&,1.0,&
{'R1'},{'R2'},{'R3'},{'D5'},{'D3'},{'D4'},{'D1'},{'D2'},{'D6'},{'D7'},&,34.0,&
{'R1'},{'R2'},{'R3'},{'D5'},{'D3'},{'D4'},{'D1'},{'D6'},{'D2'},{'D7'},&,7.0,&
{'R1'},{'R2'},{'R3'},{'D5'},{'D3'},{'D4'},{'D6'},{'D1'},{'D2'},{'D7'},&,1.0,&
{'R1'},{'R2'},{'R3'},{'D5'},{'D3'},{'D1'},{'D2'},{'D4'},{'D6'},{'D7'},&,95.0,&
{'R1'},{'R2'},{'R3'},{'D5'},{'D3'},{'D1'},{'D2'},{'D4'},{'D7'},{'D6'},&,2.0,&
{'R1'},{'R2'},{'R3'},{'D5'},{'D3'},{'D1'},{'D2'},{'D6'},{'D4'},{'D7'},&,14.0,&
{'R1'},{'R2'},{'R3'},{'D5'},{'D3'},{'D1'},{'D6'},{'D2'},{'D4'},{'D7'},&,8.0,&
{'R1'},{'R2'},{'R3'},{'D5'},{'D3'},{'D1'},{'D6'},{'D4'},{'D2'},{'D7'},&,4.0,&
{'R1'},{'R2'},{'R3'},{'D5'},{'D3'},{'D1'},{'D4'},{'D2'},{'D6'},{'D7'},&,63.0,&
{'R1'},{'R2'},{'R3'},{'D5'},{'D3'},{'D1'},{'D4'},{'D2'},{'D7'},{'D6'},&,2.0,&
{'R1'},{'R2'},{'R3'},{'D5'},{'D3'},{'D1'},{'D4'},{'D6'},{'D2'},{'D7'},&,9.0,&
{'R1'},{'R2'},{'R3'},{'D5'},{'D3'},{'D2'},{'D1'},{'D4'},{'D6'},{'D7'},&,38.0,&
{'R1'},{'R2'},{'R3'},{'D5'},{'D3'},{'D2'},{'D1'},{'D4'},{'D7'},{'D6'},&,1.0,&
{'R1'},{'R2'},{'R3'},{'D5'},{'D3'},{'D2'},{'D1'},{'D6'},{'D4'},{'D7'},&,11.0,&
{'R1'},{'R2'},{'R3'},{'D5'},{'D3'},{'D2'},{'D6'},{'D4'},{'D1'},{'D7'},&,1.0,&
{'R1'},{'R2'},{'R3'},{'D5'},{'D3'},{'D2'},{'D6'},{'D1'},{'D4'},{'D7'},&,1.0,&
{'R1'},{'R2'},{'R3'},{'D5'},{'D3'},{'D2'},{'D4'},{'D1'},{'D6'},{'D7'},&,11.0,&
{'R1'},{'R2'},{'R3'},{'D5'},{'D3'},{'D2'},{'D4'},{'D6'},{'D1'},{'D7'},&,1.0,&
{'R1'},{'R2'},{'R3'},{'D5'},{'D3'},{'D6'},{'D2'},{'D4'},{'D1'},{'D7'},&,1.0,&
{'R1'},{'R2'},{'R3'},{'D5'},{'D3'},{'D6'},{'D2'},{'D1'},{'D4'},{'D7'},&,1.0,&
{'R1'},{'R2'},{'R3'},{'D5'},{'D3'},{'D6'},{'D1'},{'D2'},{'D4'},{'D7'},&,5.0,&
{'R1'},{'R2'},{'R3'},{'D5'},{'D3'},{'D6'},{'D1'},{'D4'},{'D2'},{'D7'},&,2.0,&
{'R1'},{'R2'},{'R3'},{'D5'},{'D3'},{'D6'},{'D4'},{'D2'},{'D1'},{'D7'},&,1.0,&
{'R1'},{'R2'},{'R3'},{'D5'},{'D3'},{'D6'},{'D4'},{'D1'},{'D2'},{'D7'},&,1.0,&
{'R1'},{'R2'},{'R3'},{'D5'},{'D1'},{'D4'},{'D2'},{'D3'},{'D6'},{'D7'},&,4.0,&
{'R1'},{'R2'},{'R3'},{'D5'},{'D1'},{'D4'},{'D3'},{'D2'},{'D6'},{'D7'},&,25.0,&
{'R1'},{'R2'},{'R3'},{'D5'},{'D1'},{'D4'},{'D3'},{'D2'},{'D7'},{'D6'},&,1.0,&
{'R1'},{'R2'},{'R3'},{'D5'},{'D1'},{'D4'},{'D3'},{'D6'},{'D2'},{'D7'},&,2.0,&
{'R1'},{'R2'},{'R3'},{'D5'},{'D1'},{'D3'},{'D2'},{'D4'},{'D6'},{'D7'},&,59.0,&
{'R1'},{'R2'},{'R3'},{'D5'},{'D1'},{'D3'},{'D2'},{'D4'},{'D7'},{'D6'},&,1.0,&
{'R1'},{'R2'},{'R3'},{'D5'},{'D1'},{'D3'},{'D2'},{'D6'},{'D4'},{'D7'},&,8.0,&
{'R1'},{'R2'},{'R3'},{'D5'},{'D1'},{'D3'},{'D6'},{'D2'},{'D4'},{'D7'},&,7.0,&
{'R1'},{'R2'},{'R3'},{'D5'},{'D1'},{'D3'},{'D6'},{'D4'},{'D2'},{'D7'},&,3.0,&
{'R1'},{'R2'},{'R3'},{'D5'},{'D1'},{'D3'},{'D4'},{'D2'},{'D6'},{'D7'},&,39.0,&
{'R1'},{'R2'},{'R3'},{'D5'},{'D1'},{'D3'},{'D4'},{'D2'},{'D7'},{'D6'},&,3.0,&
{'R1'},{'R2'},{'R3'},{'D5'},{'D1'},{'D3'},{'D4'},{'D6'},{'D2'},{'D7'},&,5.0,&
{'R1'},{'R2'},{'R3'},{'D5'},{'D1'},{'D2'},{'D6'},{'D4'},{'D3'},{'D7'},&,1.0,&
{'R1'},{'R2'},{'R3'},{'D5'},{'D1'},{'D2'},{'D4'},{'D3'},{'D6'},{'D7'},&,4.0,&
{'R1'},{'R2'},{'R3'},{'D5'},{'D1'},{'D2'},{'D3'},{'D4'},{'D6'},{'D7'},&,28.0,&
{'R1'},{'R2'},{'R3'},{'D5'},{'D1'},{'D2'},{'D3'},{'D6'},{'D4'},{'D7'},&,6.0,&
{'R1'},{'R2'},{'R3'},{'D5'},{'D1'},{'D6'},{'D2'},{'D4'},{'D3'},{'D7'},&,1.0,&
{'R1'},{'R2'},{'R3'},{'D5'},{'D1'},{'D6'},{'D2'},{'D3'},{'D4'},{'D7'},&,1.0,&
{'R1'},{'R2'},{'R3'},{'D5'},{'D1'},{'D6'},{'D4'},{'D2'},{'D3'},{'D7'},&,1.0,&
{'R1'},{'R2'},{'R3'},{'D5'},{'D1'},{'D6'},{'D4'},{'D3'},{'D2'},{'D7'},&,2.0,&
{'R1'},{'R2'},{'R3'},{'D5'},{'D1'},{'D6'},{'D3'},{'D2'},{'D4'},{'D7'},&,1.0,&
{'R1'},{'R2'},{'R3'},{'D5'},{'D4'},{'D1'},{'D2'},{'D3'},{'D6'},{'D7'},&,2.0,&
{'R1'},{'R2'},{'R3'},{'D5'},{'D4'},{'D1'},{'D3'},{'D2'},{'D6'},{'D7'},&,18.0,&
{'R1'},{'R2'},{'R3'},{'D5'},{'D4'},{'D1'},{'D3'},{'D6'},{'D2'},{'D7'},&,2.0,&
{'R1'},{'R2'},{'R3'},{'D5'},{'D4'},{'D3'},{'D2'},{'D1'},{'D6'},{'D7'},&,10.0,&
{'R1'},{'R2'},{'R3'},{'D5'},{'D4'},{'D3'},{'D2'},{'D6'},{'D1'},{'D7'},&,1.0,&
{'R1'},{'R2'},{'R3'},{'D5'},{'D4'},{'D3'},{'D1'},{'D2'},{'D6'},{'D7'},&,17.0,&
{'R1'},{'R2'},{'R3'},{'D5'},{'D4'},{'D3'},{'D1'},{'D2'},{'D7'},{'D6'},&,1.0,&
{'R1'},{'R2'},{'R3'},{'D5'},{'D4'},{'D3'},{'D1'},{'D6'},{'D2'},{'D7'},&,1.0,&
{'R1'},{'R2'},{'R3'},{'D5'},{'D4'},{'D3'},{'D6'},{'D2'},{'D1'},{'D7'},&,2.0,&
{'R1'},{'R2'},{'R3'},{'D5'},{'D4'},{'D3'},{'D6'},{'D1'},{'D2'},{'D7'},&,1.0,&
{'R1'},{'R2'},{'R3'},{'D5'},{'D4'},{'D2'},{'D1'},{'D3'},{'D6'},{'D7'},&,6.0,&
{'R1'},{'R2'},{'R3'},{'D5'},{'D4'},{'D2'},{'D3'},{'D1'},{'D6'},{'D7'},&,2.0,&
{'R1'},{'R2'},{'R3'},{'D5'},{'D4'},{'D6'},{'D1'},{'D2'},{'D3'},{'D7'},&,1.0,&
{'R1'},{'R2'},{'R3'},{'D5'},{'D2'},{'D4'},{'D1'},{'D3'},{'D6'},{'D7'},&,2.0,&
{'R1'},{'R2'},{'R3'},{'D5'},{'D2'},{'D4'},{'D3'},{'D1'},{'D6'},{'D7'},&,7.0,&
{'R1'},{'R2'},{'R3'},{'D5'},{'D2'},{'D4'},{'D3'},{'D1'},{'D7'},{'D6'},&,1.0,&
{'R1'},{'R2'},{'R3'},{'D5'},{'D2'},{'D1'},{'D4'},{'D3'},{'D6'},{'D7'},&,2.0,&
{'R1'},{'R2'},{'R3'},{'D5'},{'D2'},{'D1'},{'D3'},{'D4'},{'D6'},{'D7'},&,25.0,&
{'R1'},{'R2'},{'R3'},{'D5'},{'D2'},{'D1'},{'D3'},{'D6'},{'D4'},{'D7'},&,4.0,&
{'R1'},{'R2'},{'R3'},{'D5'},{'D2'},{'D3'},{'D1'},{'D4'},{'D6'},{'D7'},&,26.0,&
{'R1'},{'R2'},{'R3'},{'D5'},{'D2'},{'D3'},{'D1'},{'D4'},{'D7'},{'D6'},&,1.0,&
{'R1'},{'R2'},{'R3'},{'D5'},{'D2'},{'D3'},{'D1'},{'D6'},{'D4'},{'D7'},&,4.0,&
{'R1'},{'R2'},{'R3'},{'D5'},{'D2'},{'D3'},{'D4'},{'D1'},{'D6'},{'D7'},&,8.0,&
{'R1'},{'R2'},{'R3'},{'D5'},{'D6'},{'D4'},{'D3'},{'D1'},{'D2'},{'D7'},&,1.0,&
{'R1'},{'R2'},{'R3'},{'D5'},{'D6'},{'D1'},{'D2'},{'D3'},{'D4'},{'D7'},&,2.0,&
{'R1'},{'R2'},{'R3'},{'D5'},{'D6'},{'D1'},{'D4'},{'D2'},{'D3'},{'D7'},&,1.0,&
{'R1'},{'R2'},{'R3'},{'D5'},{'D6'},{'D1'},{'D3'},{'D4'},{'D2'},{'D7'},&,2.0,&
{'R1'},{'R2'},{'R3'},{'D5'},{'D6'},{'D3'},{'D1'},{'D2'},{'D4'},{'D7'},&,1.0,&
{'R1'},{'R2'},{'R3'},{'D5'},{'D6'},{'D3'},{'D1'},{'D4'},{'D2'},{'D7'},&,1.0,&
{'R1'},{'R2'},{'R3'},{'D5'},{'D6'},{'D2'},{'D3'},{'D1'},{'D4'},{'D7'},&,1.0,&
{'R1'},{'R2'},{'R3'},{'D4'},{'D3'},{'D5'},{'D2'},{'D1'},{'D6'},{'D7'},&,11.0,&
{'R1'},{'R2'},{'R3'},{'D4'},{'D3'},{'D5'},{'D1'},{'D2'},{'D6'},{'D7'},&,20.0,&
{'R1'},{'R2'},{'R3'},{'D4'},{'D3'},{'D5'},{'D1'},{'D6'},{'D2'},{'D7'},&,2.0,&
{'R1'},{'R2'},{'R3'},{'D4'},{'D3'},{'D5'},{'D6'},{'D1'},{'D2'},{'D7'},&,1.0,&
{'R1'},{'R2'},{'R3'},{'D4'},{'D3'},{'D1'},{'D2'},{'D5'},{'D6'},{'D7'},&,4.0,&
{'R1'},{'R2'},{'R3'},{'D4'},{'D3'},{'D1'},{'D2'},{'D6'},{'D5'},{'D7'},&,1.0,&
{'R1'},{'R2'},{'R3'},{'D4'},{'D3'},{'D1'},{'D5'},{'D2'},{'D6'},{'D7'},&,11.0,&
{'R1'},{'R2'},{'R3'},{'D4'},{'D3'},{'D1'},{'D5'},{'D2'},{'D7'},{'D6'},&,1.0,&
{'R1'},{'R2'},{'R3'},{'D4'},{'D3'},{'D1'},{'D5'},{'D7'},{'D2'},{'D6'},&,1.0,&
{'R1'},{'R2'},{'R3'},{'D4'},{'D3'},{'D1'},{'D5'},{'D6'},{'D2'},{'D7'},&,1.0,&
{'R1'},{'R2'},{'R3'},{'D4'},{'D3'},{'D2'},{'D5'},{'D1'},{'D6'},{'D7'},&,4.0,&
{'R1'},{'R2'},{'R3'},{'D4'},{'D3'},{'D2'},{'D1'},{'D5'},{'D6'},{'D7'},&,3.0,&
{'R1'},{'R2'},{'R3'},{'D4'},{'D3'},{'D6'},{'D5'},{'D1'},{'D2'},{'D7'},&,1.0,&
{'R1'},{'R2'},{'R3'},{'D4'},{'D3'},{'D6'},{'D1'},{'D5'},{'D2'},{'D7'},&,1.0,&
{'R1'},{'R2'},{'R3'},{'D4'},{'D1'},{'D5'},{'D2'},{'D3'},{'D6'},{'D7'},&,2.0,&
{'R1'},{'R2'},{'R3'},{'D4'},{'D1'},{'D5'},{'D3'},{'D2'},{'D6'},{'D7'},&,9.0,&
{'R1'},{'R2'},{'R3'},{'D4'},{'D1'},{'D5'},{'D3'},{'D6'},{'D2'},{'D7'},&,1.0,&
{'R1'},{'R2'},{'R3'},{'D4'},{'D1'},{'D3'},{'D2'},{'D5'},{'D6'},{'D7'},&,3.0,&
{'R1'},{'R2'},{'R3'},{'D4'},{'D1'},{'D3'},{'D5'},{'D2'},{'D6'},{'D7'},&,13.0,&
{'R1'},{'R2'},{'R3'},{'D4'},{'D1'},{'D3'},{'D5'},{'D6'},{'D2'},{'D7'},&,1.0,&
{'R1'},{'R2'},{'R3'},{'D4'},{'D1'},{'D2'},{'D5'},{'D3'},{'D6'},{'D7'},&,3.0,&
{'R1'},{'R2'},{'R3'},{'D4'},{'D1'},{'D2'},{'D3'},{'D5'},{'D6'},{'D7'},&,3.0,&
{'R1'},{'R2'},{'R3'},{'D4'},{'D1'},{'D6'},{'D2'},{'D5'},{'D3'},{'D7'},&,1.0,&
{'R1'},{'R2'},{'R3'},{'D4'},{'D5'},{'D1'},{'D2'},{'D3'},{'D6'},{'D7'},&,5.0,&
{'R1'},{'R2'},{'R3'},{'D4'},{'D5'},{'D1'},{'D3'},{'D2'},{'D6'},{'D7'},&,12.0,&
{'R1'},{'R2'},{'R3'},{'D4'},{'D5'},{'D1'},{'D3'},{'D6'},{'D2'},{'D7'},&,2.0,&
{'R1'},{'R2'},{'R3'},{'D4'},{'D5'},{'D3'},{'D2'},{'D1'},{'D6'},{'D7'},&,4.0,&
{'R1'},{'R2'},{'R3'},{'D4'},{'D5'},{'D3'},{'D2'},{'D6'},{'D1'},{'D7'},&,1.0,&
{'R1'},{'R2'},{'R3'},{'D4'},{'D5'},{'D3'},{'D1'},{'D2'},{'D6'},{'D7'},&,13.0,&
{'R1'},{'R2'},{'R3'},{'D4'},{'D5'},{'D3'},{'D1'},{'D6'},{'D2'},{'D7'},&,2.0,&
{'R1'},{'R2'},{'R3'},{'D4'},{'D5'},{'D2'},{'D1'},{'D3'},{'D6'},{'D7'},&,4.0,&
{'R1'},{'R2'},{'R3'},{'D4'},{'D5'},{'D2'},{'D1'},{'D6'},{'D3'},{'D7'},&,1.0,&
{'R1'},{'R2'},{'R3'},{'D4'},{'D5'},{'D2'},{'D3'},{'D1'},{'D6'},{'D7'},&,1.0,&
{'R1'},{'R2'},{'R3'},{'D4'},{'D2'},{'D5'},{'D1'},{'D3'},{'D6'},{'D7'},&,3.0,&
{'R1'},{'R2'},{'R3'},{'D4'},{'D2'},{'D5'},{'D3'},{'D1'},{'D6'},{'D7'},&,4.0,&
{'R1'},{'R2'},{'R3'},{'D4'},{'D2'},{'D1'},{'D5'},{'D3'},{'D6'},{'D7'},&,1.0,&
{'R1'},{'R2'},{'R3'},{'D4'},{'D2'},{'D1'},{'D3'},{'D5'},{'D6'},{'D7'},&,3.0,&
{'R1'},{'R2'},{'R3'},{'D4'},{'D2'},{'D3'},{'D5'},{'D1'},{'D6'},{'D7'},&,3.0,&
{'R1'},{'R2'},{'R3'},{'D4'},{'D2'},{'D3'},{'D1'},{'D5'},{'D6'},{'D7'},&,4.0,&
{'R1'},{'R2'},{'R3'},{'D4'},{'D6'},{'D5'},{'D2'},{'D3'},{'D1'},{'D7'},&,1.0,&
{'R1'},{'R2'},{'R3'},{'D4'},{'D6'},{'D1'},{'D2'},{'D3'},{'D5'},{'D7'},&,1.0,&
{'R1'},{'R2'},{'R3'},{'D4'},{'D6'},{'D3'},{'D5'},{'D2'},{'D1'},{'D7'},&,1.0,&
{'R1'},{'R2'},{'R3'},{'D4'},{'D6'},{'D3'},{'D5'},{'D1'},{'D2'},{'D7'},&,2.0,&
{'R1'},{'R2'},{'R3'},{'D6'},{'D3'},{'D5'},{'D1'},{'D2'},{'D4'},{'D7'},&,2.0,&
{'R1'},{'R2'},{'R3'},{'D6'},{'D3'},{'D5'},{'D4'},{'D2'},{'D1'},{'D7'},&,1.0,&
{'R1'},{'R2'},{'R3'},{'D6'},{'D3'},{'D4'},{'D2'},{'D5'},{'D1'},{'D7'},&,1.0,&
{'R1'},{'R2'},{'R3'},{'D6'},{'D3'},{'D1'},{'D5'},{'D2'},{'D4'},{'D7'},&,2.0,&
{'R1'},{'R2'},{'R3'},{'D6'},{'D3'},{'D1'},{'D5'},{'D4'},{'D2'},{'D7'},&,1.0,&
{'R1'},{'R2'},{'R3'},{'D6'},{'D3'},{'D1'},{'D4'},{'D5'},{'D2'},{'D7'},&,1.0,&
{'R1'},{'R2'},{'R3'},{'D6'},{'D3'},{'D2'},{'D1'},{'D5'},{'D4'},{'D7'},&,1.0,&
{'R1'},{'R2'},{'R3'},{'D6'},{'D3'},{'D2'},{'D4'},{'D5'},{'D1'},{'D7'},&,1.0,&
{'R1'},{'R2'},{'R3'},{'D6'},{'D1'},{'D5'},{'D2'},{'D4'},{'D3'},{'D7'},&,1.0,&
{'R1'},{'R2'},{'R3'},{'D6'},{'D1'},{'D4'},{'D3'},{'D5'},{'D2'},{'D7'},&,1.0,&
{'R1'},{'R2'},{'R3'},{'D6'},{'D1'},{'D3'},{'D2'},{'D5'},{'D4'},{'D7'},&,1.0,&
{'R1'},{'R2'},{'R3'},{'D6'},{'D1'},{'D3'},{'D5'},{'D2'},{'D4'},{'D7'},&,1.0,&
{'R1'},{'R2'},{'R3'},{'D6'},{'D1'},{'D2'},{'D4'},{'D3'},{'D5'},{'D7'},&,1.0,&
{'R1'},{'R2'},{'R3'},{'D6'},{'D1'},{'D2'},{'D3'},{'D5'},{'D4'},{'D7'},&,1.0,&
{'R1'},{'R2'},{'R3'},{'D6'},{'D5'},{'D4'},{'D1'},{'D3'},{'D2'},{'D7'},&,1.0,&
{'R1'},{'R2'},{'R3'},{'D6'},{'D5'},{'D1'},{'D2'},{'D3'},{'D4'},{'D7'},&,2.0,&
{'R1'},{'R2'},{'R3'},{'D6'},{'D5'},{'D1'},{'D3'},{'D2'},{'D4'},{'D7'},&,2.0,&
{'R1'},{'R2'},{'R3'},{'D6'},{'D5'},{'D1'},{'D3'},{'D4'},{'D2'},{'D7'},&,1.0,&
{'R1'},{'R2'},{'R3'},{'D6'},{'D5'},{'D3'},{'D2'},{'D1'},{'D4'},{'D7'},&,1.0,&
{'R1'},{'R2'},{'R3'},{'D6'},{'D5'},{'D3'},{'D1'},{'D2'},{'D4'},{'D7'},&,2.0,&
{'R1'},{'R2'},{'R3'},{'D6'},{'D4'},{'D1'},{'D5'},{'D3'},{'D2'},{'D7'},&,1.0,&
{'R1'},{'R2'},{'R3'},{'D6'},{'D2'},{'D5'},{'D1'},{'D3'},{'D4'},{'D7'},&,1.0,&
{'R1'},{'R2'},{'R3'},{'D6'},{'D2'},{'D1'},{'D3'},{'D5'},{'D4'},{'D7'},&,1.0,&
{'R1'},{'R2'},{'R3'},{'D6'},{'D2'},{'D3'},{'D5'},{'D1'},{'D4'},{'D7'},&,2.0,&
{'R1'},{'R2'},{'R3'},{'D6'},{'D2'},{'D3'},{'D1'},{'D4'},{'D5'},{'D7'},&,2.0,&
{'R1'},{'R2'},{'R3'},{'D3'},{'D1'},{'D5'},{'D2'},{'D4'},{'D6'},{'D7'},&,87.0,&
{'R1'},{'R2'},{'R3'},{'D3'},{'D1'},{'D5'},{'D2'},{'D6'},{'D4'},{'D7'},&,14.0,&
{'R1'},{'R2'},{'R3'},{'D3'},{'D1'},{'D5'},{'D6'},{'D2'},{'D4'},{'D7'},&,9.0,&
{'R1'},{'R2'},{'R3'},{'D3'},{'D1'},{'D5'},{'D6'},{'D4'},{'D2'},{'D7'},&,7.0,&
{'R1'},{'R2'},{'R3'},{'D3'},{'D1'},{'D5'},{'D4'},{'D2'},{'D6'},{'D7'},&,67.0,&
{'R1'},{'R2'},{'R3'},{'D3'},{'D1'},{'D5'},{'D4'},{'D2'},{'D7'},{'D6'},&,2.0,&
{'R1'},{'R2'},{'R3'},{'D3'},{'D1'},{'D5'},{'D4'},{'D6'},{'D2'},{'D7'},&,9.0,&
{'R1'},{'R2'},{'R3'},{'D3'},{'D1'},{'D5'},{'D7'},{'D2'},{'D4'},{'D6'},&,1.0,&
{'R1'},{'R2'},{'R3'},{'D3'},{'D1'},{'D4'},{'D2'},{'D5'},{'D6'},{'D7'},&,15.0,&
{'R1'},{'R2'},{'R3'},{'D3'},{'D1'},{'D4'},{'D5'},{'D2'},{'D6'},{'D7'},&,24.0,&
{'R1'},{'R2'},{'R3'},{'D3'},{'D1'},{'D4'},{'D5'},{'D6'},{'D2'},{'D7'},&,5.0,&
{'R1'},{'R2'},{'R3'},{'D3'},{'D1'},{'D2'},{'D5'},{'D4'},{'D6'},{'D7'},&,52.0,&
{'R1'},{'R2'},{'R3'},{'D3'},{'D1'},{'D2'},{'D5'},{'D6'},{'D4'},{'D7'},&,12.0,&
{'R1'},{'R2'},{'R3'},{'D3'},{'D1'},{'D2'},{'D6'},{'D5'},{'D4'},{'D7'},&,4.0,&
{'R1'},{'R2'},{'R3'},{'D3'},{'D1'},{'D2'},{'D6'},{'D4'},{'D5'},{'D7'},&,2.0,&
{'R1'},{'R2'},{'R3'},{'D3'},{'D1'},{'D2'},{'D4'},{'D5'},{'D6'},{'D7'},&,18.0,&
{'R1'},{'R2'},{'R3'},{'D3'},{'D1'},{'D6'},{'D2'},{'D5'},{'D4'},{'D7'},&,1.0,&
{'R1'},{'R2'},{'R3'},{'D3'},{'D1'},{'D6'},{'D5'},{'D2'},{'D4'},{'D7'},&,3.0,&
{'R1'},{'R2'},{'R3'},{'D3'},{'D1'},{'D6'},{'D5'},{'D4'},{'D2'},{'D7'},&,4.0,&
{'R1'},{'R2'},{'R3'},{'D3'},{'D1'},{'D6'},{'D4'},{'D2'},{'D5'},{'D7'},&,1.0,&
{'R1'},{'R2'},{'R3'},{'D3'},{'D5'},{'D4'},{'D2'},{'D1'},{'D6'},{'D7'},&,11.0,&
{'R1'},{'R2'},{'R3'},{'D3'},{'D5'},{'D4'},{'D2'},{'D6'},{'D1'},{'D7'},&,2.0,&
{'R1'},{'R2'},{'R3'},{'D3'},{'D5'},{'D4'},{'D1'},{'D2'},{'D6'},{'D7'},&,26.0,&
{'R1'},{'R2'},{'R3'},{'D3'},{'D5'},{'D4'},{'D1'},{'D2'},{'D7'},{'D6'},&,1.0,&
{'R1'},{'R2'},{'R3'},{'D3'},{'D5'},{'D4'},{'D1'},{'D6'},{'D2'},{'D7'},&,4.0,&
{'R1'},{'R2'},{'R3'},{'D3'},{'D5'},{'D4'},{'D6'},{'D2'},{'D1'},{'D7'},&,2.0,&
{'R1'},{'R2'},{'R3'},{'D3'},{'D5'},{'D4'},{'D6'},{'D1'},{'D2'},{'D7'},&,1.0,&
{'R1'},{'R2'},{'R3'},{'D3'},{'D5'},{'D1'},{'D2'},{'D4'},{'D6'},{'D7'},&,103.0,&
{'R1'},{'R2'},{'R3'},{'D3'},{'D5'},{'D1'},{'D2'},{'D4'},{'D7'},{'D6'},&,1.0,&
{'R1'},{'R2'},{'R3'},{'D3'},{'D5'},{'D1'},{'D2'},{'D6'},{'D4'},{'D7'},&,15.0,&
{'R1'},{'R2'},{'R3'},{'D3'},{'D5'},{'D1'},{'D6'},{'D2'},{'D4'},{'D7'},&,4.0,&
{'R1'},{'R2'},{'R3'},{'D3'},{'D5'},{'D1'},{'D6'},{'D4'},{'D2'},{'D7'},&,5.0,&
{'R1'},{'R2'},{'R3'},{'D3'},{'D5'},{'D1'},{'D4'},{'D2'},{'D6'},{'D7'},&,77.0,&
{'R1'},{'R2'},{'R3'},{'D3'},{'D5'},{'D1'},{'D4'},{'D2'},{'D7'},{'D6'},&,1.0,&
{'R1'},{'R2'},{'R3'},{'D3'},{'D5'},{'D1'},{'D4'},{'D6'},{'D2'},{'D7'},&,3.0,&
{'R1'},{'R2'},{'R3'},{'D3'},{'D5'},{'D2'},{'D1'},{'D4'},{'D6'},{'D7'},&,57.0,&
{'R1'},{'R2'},{'R3'},{'D3'},{'D5'},{'D2'},{'D1'},{'D4'},{'D7'},{'D6'},&,1.0,&
{'R1'},{'R2'},{'R3'},{'D3'},{'D5'},{'D2'},{'D1'},{'D6'},{'D4'},{'D7'},&,11.0,&
{'R1'},{'R2'},{'R3'},{'D3'},{'D5'},{'D2'},{'D6'},{'D4'},{'D1'},{'D7'},&,1.0,&
{'R1'},{'R2'},{'R3'},{'D3'},{'D5'},{'D2'},{'D6'},{'D1'},{'D4'},{'D7'},&,1.0,&
{'R1'},{'R2'},{'R3'},{'D3'},{'D5'},{'D2'},{'D4'},{'D1'},{'D6'},{'D7'},&,13.0,&
{'R1'},{'R2'},{'R3'},{'D3'},{'D5'},{'D2'},{'D4'},{'D1'},{'D7'},{'D6'},&,1.0,&
{'R1'},{'R2'},{'R3'},{'D3'},{'D5'},{'D2'},{'D4'},{'D6'},{'D1'},{'D7'},&,1.0,&
{'R1'},{'R2'},{'R3'},{'D3'},{'D5'},{'D2'},{'D7'},{'D1'},{'D4'},{'D6'},&,1.0,&
{'R1'},{'R2'},{'R3'},{'D3'},{'D5'},{'D6'},{'D2'},{'D1'},{'D4'},{'D7'},&,1.0,&
{'R1'},{'R2'},{'R3'},{'D3'},{'D5'},{'D6'},{'D1'},{'D2'},{'D4'},{'D7'},&,1.0,&
{'R1'},{'R2'},{'R3'},{'D3'},{'D4'},{'D5'},{'D2'},{'D1'},{'D6'},{'D7'},&,6.0,&
{'R1'},{'R2'},{'R3'},{'D3'},{'D4'},{'D5'},{'D1'},{'D2'},{'D6'},{'D7'},&,31.0,&
{'R1'},{'R2'},{'R3'},{'D3'},{'D4'},{'D5'},{'D1'},{'D2'},{'D7'},{'D6'},&,1.0,&
{'R1'},{'R2'},{'R3'},{'D3'},{'D4'},{'D5'},{'D1'},{'D6'},{'D2'},{'D7'},&,3.0,&
{'R1'},{'R2'},{'R3'},{'D3'},{'D4'},{'D5'},{'D6'},{'D1'},{'D2'},{'D7'},&,3.0,&
{'R1'},{'R2'},{'R3'},{'D3'},{'D4'},{'D1'},{'D2'},{'D5'},{'D6'},{'D7'},&,5.0,&
{'R1'},{'R2'},{'R3'},{'D3'},{'D4'},{'D1'},{'D5'},{'D2'},{'D6'},{'D7'},&,18.0,&
{'R1'},{'R2'},{'R3'},{'D3'},{'D4'},{'D1'},{'D6'},{'D2'},{'D5'},{'D7'},&,1.0,&
{'R1'},{'R2'},{'R3'},{'D3'},{'D4'},{'D1'},{'D6'},{'D5'},{'D2'},{'D7'},&,2.0,&
{'R1'},{'R2'},{'R3'},{'D3'},{'D4'},{'D2'},{'D5'},{'D1'},{'D6'},{'D7'},&,3.0,&
{'R1'},{'R2'},{'R3'},{'D3'},{'D4'},{'D2'},{'D5'},{'D6'},{'D1'},{'D7'},&,1.0,&
{'R1'},{'R2'},{'R3'},{'D3'},{'D4'},{'D2'},{'D1'},{'D5'},{'D6'},{'D7'},&,12.0,&
{'R1'},{'R2'},{'R3'},{'D3'},{'D4'},{'D2'},{'D6'},{'D5'},{'D1'},{'D7'},&,1.0,&
{'R1'},{'R2'},{'R3'},{'D3'},{'D4'},{'D2'},{'D6'},{'D1'},{'D5'},{'D7'},&,1.0,&
{'R1'},{'R2'},{'R3'},{'D3'},{'D4'},{'D6'},{'D1'},{'D2'},{'D5'},{'D7'},&,1.0,&
{'R1'},{'R2'},{'R3'},{'D3'},{'D4'},{'D6'},{'D1'},{'D5'},{'D2'},{'D7'},&,1.0,&
{'R1'},{'R2'},{'R3'},{'D3'},{'D2'},{'D5'},{'D1'},{'D4'},{'D6'},{'D7'},&,24.0,&
{'R1'},{'R2'},{'R3'},{'D3'},{'D2'},{'D5'},{'D1'},{'D4'},{'D7'},{'D6'},&,1.0,&
{'R1'},{'R2'},{'R3'},{'D3'},{'D2'},{'D5'},{'D1'},{'D6'},{'D4'},{'D7'},&,6.0,&
{'R1'},{'R2'},{'R3'},{'D3'},{'D2'},{'D5'},{'D6'},{'D4'},{'D1'},{'D7'},&,1.0,&
{'R1'},{'R2'},{'R3'},{'D3'},{'D2'},{'D5'},{'D6'},{'D1'},{'D4'},{'D7'},&,2.0,&
{'R1'},{'R2'},{'R3'},{'D3'},{'D2'},{'D5'},{'D4'},{'D1'},{'D6'},{'D7'},&,17.0,&
{'R1'},{'R2'},{'R3'},{'D3'},{'D2'},{'D5'},{'D4'},{'D6'},{'D1'},{'D7'},&,1.0,&
{'R1'},{'R2'},{'R3'},{'D3'},{'D2'},{'D4'},{'D5'},{'D1'},{'D6'},{'D7'},&,6.0,&
{'R1'},{'R2'},{'R3'},{'D3'},{'D2'},{'D4'},{'D5'},{'D6'},{'D1'},{'D7'},&,2.0,&
{'R1'},{'R2'},{'R3'},{'D3'},{'D2'},{'D4'},{'D1'},{'D5'},{'D6'},{'D7'},&,7.0,&
{'R1'},{'R2'},{'R3'},{'D3'},{'D2'},{'D1'},{'D5'},{'D4'},{'D6'},{'D7'},&,38.0,&
{'R1'},{'R2'},{'R3'},{'D3'},{'D2'},{'D1'},{'D5'},{'D6'},{'D4'},{'D7'},&,5.0,&
{'R1'},{'R2'},{'R3'},{'D3'},{'D2'},{'D1'},{'D6'},{'D5'},{'D4'},{'D7'},&,1.0,&
{'R1'},{'R2'},{'R3'},{'D3'},{'D2'},{'D1'},{'D6'},{'D4'},{'D5'},{'D7'},&,1.0,&
{'R1'},{'R2'},{'R3'},{'D3'},{'D2'},{'D1'},{'D4'},{'D5'},{'D6'},{'D7'},&,6.0,&
{'R1'},{'R2'},{'R3'},{'D3'},{'D2'},{'D1'},{'D4'},{'D6'},{'D5'},{'D7'},&,1.0,&
{'R1'},{'R2'},{'R3'},{'D3'},{'D2'},{'D6'},{'D5'},{'D1'},{'D4'},{'D7'},&,1.0,&
{'R1'},{'R2'},{'R3'},{'D3'},{'D2'},{'D6'},{'D1'},{'D5'},{'D4'},{'D7'},&,2.0,&
{'R1'},{'R2'},{'R3'},{'D3'},{'D2'},{'D6'},{'D1'},{'D4'},{'D5'},{'D7'},&,1.0,&
{'R1'},{'R2'},{'R3'},{'D3'},{'D6'},{'D5'},{'D2'},{'D1'},{'D4'},{'D7'},&,1.0,&
{'R1'},{'R2'},{'R3'},{'D3'},{'D6'},{'D5'},{'D1'},{'D2'},{'D4'},{'D7'},&,1.0,&
{'R1'},{'R2'},{'R3'},{'D3'},{'D6'},{'D5'},{'D1'},{'D4'},{'D2'},{'D7'},&,2.0,&
{'R1'},{'R2'},{'R3'},{'D3'},{'D6'},{'D5'},{'D4'},{'D1'},{'D2'},{'D7'},&,1.0,&
{'R1'},{'R2'},{'R3'},{'D3'},{'D6'},{'D4'},{'D5'},{'D1'},{'D2'},{'D7'},&,1.0,&
{'R1'},{'R2'},{'R3'},{'D3'},{'D6'},{'D4'},{'D1'},{'D5'},{'D2'},{'D7'},&,2.0,&
{'R1'},{'R2'},{'R3'},{'D3'},{'D6'},{'D1'},{'D2'},{'D5'},{'D4'},{'D7'},&,2.0,&
{'R1'},{'R2'},{'R3'},{'D3'},{'D6'},{'D1'},{'D2'},{'D4'},{'D5'},{'D7'},&,1.0,&
{'R1'},{'R2'},{'R3'},{'D3'},{'D6'},{'D1'},{'D5'},{'D2'},{'D4'},{'D7'},&,1.0,&
{'R1'},{'R2'},{'R3'},{'D3'},{'D6'},{'D2'},{'D5'},{'D1'},{'D4'},{'D7'},&,1.0,&
{'R1'},{'R2'},{'R3'},{'D2'},{'D3'},{'D5'},{'D1'},{'D4'},{'D6'},{'D7'},&,28.0,&
{'R1'},{'R2'},{'R3'},{'D2'},{'D3'},{'D5'},{'D1'},{'D6'},{'D4'},{'D7'},&,7.0,&
{'R1'},{'R2'},{'R3'},{'D2'},{'D3'},{'D5'},{'D6'},{'D1'},{'D4'},{'D7'},&,2.0,&
{'R1'},{'R2'},{'R3'},{'D2'},{'D3'},{'D5'},{'D4'},{'D1'},{'D6'},{'D7'},&,10.0,&
{'R1'},{'R2'},{'R3'},{'D2'},{'D3'},{'D5'},{'D4'},{'D1'},{'D7'},{'D6'},&,1.0,&
{'R1'},{'R2'},{'R3'},{'D2'},{'D3'},{'D4'},{'D5'},{'D1'},{'D6'},{'D7'},&,4.0,&
{'R1'},{'R2'},{'R3'},{'D2'},{'D3'},{'D4'},{'D5'},{'D6'},{'D1'},{'D7'},&,1.0,&
{'R1'},{'R2'},{'R3'},{'D2'},{'D3'},{'D4'},{'D1'},{'D5'},{'D6'},{'D7'},&,7.0,&
{'R1'},{'R2'},{'R3'},{'D2'},{'D3'},{'D1'},{'D5'},{'D4'},{'D6'},{'D7'},&,26.0,&
{'R1'},{'R2'},{'R3'},{'D2'},{'D3'},{'D1'},{'D5'},{'D4'},{'D7'},{'D6'},&,2.0,&
{'R1'},{'R2'},{'R3'},{'D2'},{'D3'},{'D1'},{'D5'},{'D6'},{'D4'},{'D7'},&,5.0,&
{'R1'},{'R2'},{'R3'},{'D2'},{'D3'},{'D1'},{'D6'},{'D5'},{'D4'},{'D7'},&,1.0,&
{'R1'},{'R2'},{'R3'},{'D2'},{'D3'},{'D1'},{'D6'},{'D4'},{'D5'},{'D7'},&,1.0,&
{'R1'},{'R2'},{'R3'},{'D2'},{'D3'},{'D1'},{'D4'},{'D5'},{'D6'},{'D7'},&,11.0,&
{'R1'},{'R2'},{'R3'},{'D2'},{'D3'},{'D1'},{'D4'},{'D6'},{'D5'},{'D7'},&,1.0,&
{'R1'},{'R2'},{'R3'},{'D2'},{'D1'},{'D5'},{'D4'},{'D3'},{'D6'},{'D7'},&,4.0,&
{'R1'},{'R2'},{'R3'},{'D2'},{'D1'},{'D5'},{'D3'},{'D4'},{'D6'},{'D7'},&,13.0,&
{'R1'},{'R2'},{'R3'},{'D2'},{'D1'},{'D5'},{'D3'},{'D6'},{'D4'},{'D7'},&,3.0,&
{'R1'},{'R2'},{'R3'},{'D2'},{'D1'},{'D4'},{'D5'},{'D3'},{'D6'},{'D7'},&,2.0,&
{'R1'},{'R2'},{'R3'},{'D2'},{'D1'},{'D4'},{'D3'},{'D5'},{'D6'},{'D7'},&,3.0,&
{'R1'},{'R2'},{'R3'},{'D2'},{'D1'},{'D3'},{'D5'},{'D4'},{'D6'},{'D7'},&,21.0,&
{'R1'},{'R2'},{'R3'},{'D2'},{'D1'},{'D3'},{'D5'},{'D4'},{'D7'},{'D6'},&,1.0,&
{'R1'},{'R2'},{'R3'},{'D2'},{'D1'},{'D3'},{'D5'},{'D6'},{'D4'},{'D7'},&,7.0,&
{'R1'},{'R2'},{'R3'},{'D2'},{'D1'},{'D3'},{'D6'},{'D4'},{'D5'},{'D7'},&,1.0,&
{'R1'},{'R2'},{'R3'},{'D2'},{'D1'},{'D3'},{'D4'},{'D5'},{'D6'},{'D7'},&,8.0,&
{'R1'},{'R2'},{'R3'},{'D2'},{'D5'},{'D4'},{'D1'},{'D3'},{'D6'},{'D7'},&,5.0,&
{'R1'},{'R2'},{'R3'},{'D2'},{'D5'},{'D4'},{'D3'},{'D1'},{'D6'},{'D7'},&,1.0,&
{'R1'},{'R2'},{'R3'},{'D2'},{'D5'},{'D1'},{'D6'},{'D3'},{'D4'},{'D7'},&,1.0,&
{'R1'},{'R2'},{'R3'},{'D2'},{'D5'},{'D1'},{'D4'},{'D3'},{'D6'},{'D7'},&,4.0,&
{'R1'},{'R2'},{'R3'},{'D2'},{'D5'},{'D1'},{'D3'},{'D4'},{'D6'},{'D7'},&,14.0,&
{'R1'},{'R2'},{'R3'},{'D2'},{'D5'},{'D3'},{'D1'},{'D4'},{'D6'},{'D7'},&,18.0,&
{'R1'},{'R2'},{'R3'},{'D2'},{'D5'},{'D3'},{'D1'},{'D6'},{'D4'},{'D7'},&,6.0,&
{'R1'},{'R2'},{'R3'},{'D2'},{'D5'},{'D3'},{'D4'},{'D1'},{'D6'},{'D7'},&,6.0,&
{'R1'},{'R2'},{'R3'},{'D2'},{'D5'},{'D6'},{'D1'},{'D3'},{'D4'},{'D7'},&,1.0,&
{'R1'},{'R2'},{'R3'},{'D2'},{'D5'},{'D6'},{'D3'},{'D1'},{'D4'},{'D7'},&,1.0,&
{'R1'},{'R2'},{'R3'},{'D2'},{'D4'},{'D5'},{'D1'},{'D3'},{'D6'},{'D7'},&,3.0,&
{'R1'},{'R2'},{'R3'},{'D2'},{'D4'},{'D5'},{'D3'},{'D1'},{'D6'},{'D7'},&,2.0,&
{'R1'},{'R2'},{'R3'},{'D2'},{'D4'},{'D1'},{'D5'},{'D3'},{'D6'},{'D7'},&,5.0,&
{'R1'},{'R2'},{'R3'},{'D2'},{'D4'},{'D1'},{'D3'},{'D5'},{'D6'},{'D7'},&,2.0,&
{'R1'},{'R2'},{'R3'},{'D2'},{'D4'},{'D3'},{'D5'},{'D1'},{'D6'},{'D7'},&,6.0,&
{'R1'},{'R2'},{'R3'},{'D2'},{'D4'},{'D3'},{'D1'},{'D5'},{'D6'},{'D7'},&,5.0,&
{'R1'},{'R2'},{'R3'},{'D2'},{'D4'},{'D3'},{'D6'},{'D5'},{'D1'},{'D7'},&,1.0,&
{'R1'},{'R2'},{'R3'},{'D2'},{'D4'},{'D3'},{'D6'},{'D1'},{'D5'},{'D7'},&,1.0,&
{'R1'},{'R2'},{'R3'},{'D2'},{'D6'},{'D4'},{'D5'},{'D3'},{'D1'},{'D7'},&,1.0,&
{'R1'},{'R2'},{'R3'},{'D2'},{'D6'},{'D3'},{'D5'},{'D1'},{'D4'},{'D7'},&,1.0,&
{'R1'},{'R2'},{'R3'},{'D2'},{'D6'},{'D3'},{'D1'},{'D5'},{'D4'},{'D7'},&,1.0,&
{'R2'},{'D7'},{'R1'},{'D3'},{'R3'},{'D4'},{'D1'},{'D5'},{'D2'},{'D6'},&,1.0,&
{'R2'},{'D3'},{'D4'},{'D2'},{'R1'},{'D5'},{'D1'},{'D6'},{'R3'},{'D7'},&,1.0,&
{'R2'},{'D3'},{'D4'},{'R3'},{'R1'},{'D5'},{'D1'},{'D2'},{'D6'},{'D7'},&,1.0,&
{'R2'},{'D3'},{'D4'},{'R3'},{'R1'},{'D1'},{'D6'},{'D5'},{'D2'},{'D7'},&,1.0,&
{'R2'},{'D3'},{'D5'},{'D1'},{'R1'},{'R3'},{'D2'},{'D4'},{'D6'},{'D7'},&,1.0,&
{'R2'},{'D3'},{'D5'},{'R3'},{'D1'},{'R1'},{'D2'},{'D4'},{'D6'},{'D7'},&,1.0,&
{'R2'},{'D3'},{'D5'},{'R3'},{'R1'},{'D4'},{'D1'},{'D2'},{'D6'},{'D7'},&,1.0,&
{'R2'},{'D3'},{'D5'},{'R1'},{'R3'},{'D1'},{'D6'},{'D4'},{'D2'},{'D7'},&,1.0,&
{'R2'},{'D3'},{'D5'},{'R1'},{'R3'},{'D1'},{'D4'},{'D2'},{'D6'},{'D7'},&,1.0,&
{'R2'},{'D3'},{'D5'},{'R1'},{'R3'},{'D2'},{'D1'},{'D4'},{'D6'},{'D7'},&,1.0,&
{'R2'},{'D3'},{'D6'},{'R1'},{'D5'},{'R3'},{'D1'},{'D2'},{'D4'},{'D7'},&,1.0,&
{'R2'},{'D3'},{'D1'},{'R3'},{'R1'},{'D5'},{'D2'},{'D4'},{'D6'},{'D7'},&,1.0,&
{'R2'},{'D3'},{'D1'},{'R1'},{'D2'},{'D5'},{'D4'},{'D6'},{'R3'},{'D7'},&,1.0,&
{'R2'},{'D3'},{'D1'},{'R1'},{'R3'},{'D5'},{'D2'},{'D4'},{'D6'},{'D7'},&,1.0,&
{'R2'},{'D3'},{'D1'},{'R1'},{'R3'},{'D5'},{'D2'},{'D6'},{'D4'},{'D7'},&,1.0,&
{'R2'},{'D3'},{'D1'},{'R1'},{'R3'},{'D5'},{'D4'},{'D2'},{'D6'},{'D7'},&,1.0,&
{'R2'},{'D3'},{'D2'},{'R3'},{'D5'},{'R1'},{'D1'},{'D4'},{'D6'},{'D7'},&,1.0,&
{'R2'},{'D3'},{'D2'},{'R1'},{'R3'},{'D5'},{'D1'},{'D4'},{'D6'},{'D7'},&,1.0,&
{'R2'},{'D3'},{'R3'},{'D1'},{'D4'},{'D2'},{'R1'},{'D5'},{'D6'},{'D7'},&,1.0,&
{'R2'},{'D3'},{'R3'},{'D1'},{'R1'},{'D5'},{'D2'},{'D4'},{'D6'},{'D7'},&,2.0,&
{'R2'},{'D3'},{'R3'},{'D1'},{'R1'},{'D2'},{'D5'},{'D4'},{'D6'},{'D7'},&,2.0,&
{'R2'},{'D3'},{'R3'},{'D1'},{'R1'},{'D2'},{'D4'},{'D5'},{'D6'},{'D7'},&,2.0,&
{'R2'},{'D3'},{'R3'},{'D5'},{'D1'},{'R1'},{'D4'},{'D2'},{'D6'},{'D7'},&,1.0,&
{'R2'},{'D3'},{'R3'},{'D5'},{'R1'},{'D4'},{'D2'},{'D1'},{'D6'},{'D7'},&,1.0,&
{'R2'},{'D3'},{'R3'},{'D5'},{'R1'},{'D1'},{'D2'},{'D4'},{'D6'},{'D7'},&,1.0,&
{'R2'},{'D3'},{'R3'},{'D5'},{'R1'},{'D1'},{'D4'},{'D6'},{'D2'},{'D7'},&,1.0,&
{'R2'},{'D3'},{'R3'},{'D5'},{'R1'},{'D2'},{'D1'},{'D4'},{'D6'},{'D7'},&,1.0,&
{'R2'},{'D3'},{'R3'},{'D5'},{'R1'},{'D2'},{'D1'},{'D7'},{'D4'},{'D6'},&,1.0,&
{'R2'},{'D3'},{'R3'},{'D4'},{'R1'},{'D5'},{'D1'},{'D2'},{'D6'},{'D7'},&,1.0,&
{'R2'},{'D3'},{'R3'},{'D4'},{'R1'},{'D1'},{'D5'},{'D2'},{'D6'},{'D7'},&,1.0,&
{'R2'},{'D3'},{'R3'},{'D4'},{'R1'},{'D2'},{'D5'},{'D1'},{'D6'},{'D7'},&,1.0,&
{'R2'},{'D3'},{'R3'},{'D2'},{'R1'},{'D5'},{'D1'},{'D4'},{'D6'},{'D7'},&,2.0,&
{'R2'},{'D3'},{'R3'},{'D2'},{'R1'},{'D5'},{'D6'},{'D4'},{'D1'},{'D7'},&,1.0,&
{'R2'},{'D3'},{'R3'},{'R1'},{'D1'},{'D5'},{'D2'},{'D4'},{'D6'},{'D7'},&,8.0,&
{'R2'},{'D3'},{'R3'},{'R1'},{'D1'},{'D5'},{'D2'},{'D6'},{'D4'},{'D7'},&,1.0,&
{'R2'},{'D3'},{'R3'},{'R1'},{'D1'},{'D5'},{'D4'},{'D2'},{'D6'},{'D7'},&,5.0,&
{'R2'},{'D3'},{'R3'},{'R1'},{'D1'},{'D4'},{'D5'},{'D6'},{'D2'},{'D7'},&,1.0,&
{'R2'},{'D3'},{'R3'},{'R1'},{'D1'},{'D2'},{'D5'},{'D4'},{'D6'},{'D7'},&,1.0,&
{'R2'},{'D3'},{'R3'},{'R1'},{'D1'},{'D2'},{'D6'},{'D5'},{'D4'},{'D7'},&,3.0,&
{'R2'},{'D3'},{'R3'},{'R1'},{'D1'},{'D2'},{'D4'},{'D5'},{'D6'},{'D7'},&,1.0,&
{'R2'},{'D3'},{'R3'},{'R1'},{'D5'},{'D4'},{'D2'},{'D1'},{'D6'},{'D7'},&,1.0,&
{'R2'},{'D3'},{'R3'},{'R1'},{'D5'},{'D4'},{'D1'},{'D2'},{'D6'},{'D7'},&,3.0,&
{'R2'},{'D3'},{'R3'},{'R1'},{'D5'},{'D4'},{'D1'},{'D6'},{'D2'},{'D7'},&,1.0,&
{'R2'},{'D3'},{'R3'},{'R1'},{'D5'},{'D1'},{'D2'},{'D4'},{'D6'},{'D7'},&,8.0,&
{'R2'},{'D3'},{'R3'},{'R1'},{'D5'},{'D1'},{'D2'},{'D6'},{'D4'},{'D7'},&,1.0,&
{'R2'},{'D3'},{'R3'},{'R1'},{'D5'},{'D1'},{'D6'},{'D2'},{'D4'},{'D7'},&,1.0,&
{'R2'},{'D3'},{'R3'},{'R1'},{'D5'},{'D1'},{'D4'},{'D2'},{'D6'},{'D7'},&,5.0,&
{'R2'},{'D3'},{'R3'},{'R1'},{'D5'},{'D1'},{'D4'},{'D2'},{'D7'},{'D6'},&,1.0,&
{'R2'},{'D3'},{'R3'},{'R1'},{'D5'},{'D1'},{'D4'},{'D6'},{'D2'},{'D7'},&,3.0,&
{'R2'},{'D3'},{'R3'},{'R1'},{'D5'},{'D2'},{'D1'},{'D4'},{'D6'},{'D7'},&,2.0,&
{'R2'},{'D3'},{'R3'},{'R1'},{'D5'},{'D2'},{'D4'},{'D1'},{'D6'},{'D7'},&,1.0,&
{'R2'},{'D3'},{'R3'},{'R1'},{'D4'},{'D5'},{'D2'},{'D1'},{'D6'},{'D7'},&,1.0,&
{'R2'},{'D3'},{'R3'},{'R1'},{'D4'},{'D1'},{'D5'},{'D2'},{'D6'},{'D7'},&,2.0,&
{'R2'},{'D3'},{'R3'},{'R1'},{'D2'},{'D5'},{'D1'},{'D4'},{'D6'},{'D7'},&,6.0,&
{'R2'},{'D3'},{'R3'},{'R1'},{'D2'},{'D5'},{'D4'},{'D1'},{'D6'},{'D7'},&,1.0,&
{'R2'},{'D3'},{'R3'},{'R1'},{'D2'},{'D4'},{'D5'},{'D1'},{'D6'},{'D7'},&,3.0,&
{'R2'},{'D3'},{'R3'},{'R1'},{'D2'},{'D1'},{'D5'},{'D4'},{'D6'},{'D7'},&,3.0,&
{'R2'},{'D3'},{'R3'},{'R1'},{'D2'},{'D1'},{'D5'},{'D6'},{'D4'},{'D7'},&,1.0,&
{'R2'},{'D3'},{'R3'},{'R1'},{'D6'},{'D1'},{'D5'},{'D4'},{'D2'},{'D7'},&,1.0,&
{'R2'},{'D3'},{'R1'},{'D1'},{'D2'},{'R3'},{'D5'},{'D4'},{'D6'},{'D7'},&,1.0,&
{'R2'},{'D3'},{'R1'},{'D1'},{'R3'},{'D5'},{'D2'},{'D4'},{'D6'},{'D7'},&,3.0,&
{'R2'},{'D3'},{'R1'},{'D1'},{'R3'},{'D5'},{'D2'},{'D6'},{'D4'},{'D7'},&,1.0,&
{'R2'},{'D3'},{'R1'},{'D1'},{'R3'},{'D5'},{'D4'},{'D2'},{'D6'},{'D7'},&,1.0,&
{'R2'},{'D3'},{'R1'},{'D1'},{'R3'},{'D4'},{'D2'},{'D5'},{'D6'},{'D7'},&,1.0,&
{'R2'},{'D3'},{'R1'},{'D1'},{'R3'},{'D4'},{'D5'},{'D2'},{'D6'},{'D7'},&,1.0,&
{'R2'},{'D3'},{'R1'},{'D5'},{'D1'},{'R3'},{'D2'},{'D4'},{'D6'},{'D7'},&,2.0,&
{'R2'},{'D3'},{'R1'},{'D5'},{'D1'},{'R3'},{'D4'},{'D2'},{'D6'},{'D7'},&,1.0,&
{'R2'},{'D3'},{'R1'},{'D5'},{'D1'},{'R3'},{'D4'},{'D6'},{'D2'},{'D7'},&,1.0,&
{'R2'},{'D3'},{'R1'},{'D5'},{'R3'},{'D1'},{'D2'},{'D4'},{'D6'},{'D7'},&,6.0,&
{'R2'},{'D3'},{'R1'},{'D5'},{'R3'},{'D1'},{'D2'},{'D6'},{'D4'},{'D7'},&,2.0,&
{'R2'},{'D3'},{'R1'},{'D5'},{'R3'},{'D1'},{'D6'},{'D2'},{'D4'},{'D7'},&,1.0,&
{'R2'},{'D3'},{'R1'},{'D5'},{'R3'},{'D1'},{'D4'},{'D2'},{'D7'},{'D6'},&,1.0,&
{'R2'},{'D3'},{'R1'},{'D5'},{'R3'},{'D2'},{'D1'},{'D4'},{'D6'},{'D7'},&,3.0,&
{'R2'},{'D3'},{'R1'},{'D5'},{'R3'},{'D2'},{'D6'},{'D4'},{'D1'},{'D7'},&,1.0,&
{'R2'},{'D3'},{'R1'},{'D4'},{'R3'},{'D5'},{'D2'},{'D1'},{'D6'},{'D7'},&,1.0,&
{'R2'},{'D3'},{'R1'},{'D4'},{'R3'},{'D5'},{'D1'},{'D2'},{'D6'},{'D7'},&,1.0,&
{'R2'},{'D3'},{'R1'},{'D4'},{'R3'},{'D1'},{'D2'},{'D5'},{'D6'},{'D7'},&,2.0,&
{'R2'},{'D3'},{'R1'},{'D2'},{'D5'},{'R3'},{'D1'},{'D4'},{'D6'},{'D7'},&,1.0,&
{'R2'},{'D3'},{'R1'},{'D2'},{'R3'},{'D1'},{'D5'},{'D4'},{'D6'},{'D7'},&,2.0,&
{'R2'},{'D3'},{'R1'},{'R3'},{'D1'},{'D5'},{'D2'},{'D4'},{'D6'},{'D7'},&,8.0,&
{'R2'},{'D3'},{'R1'},{'R3'},{'D1'},{'D5'},{'D2'},{'D6'},{'D4'},{'D7'},&,3.0,&
{'R2'},{'D3'},{'R1'},{'R3'},{'D1'},{'D5'},{'D4'},{'D2'},{'D6'},{'D7'},&,7.0,&
{'R2'},{'D3'},{'R1'},{'R3'},{'D1'},{'D5'},{'D4'},{'D6'},{'D2'},{'D7'},&,1.0,&
{'R2'},{'D3'},{'R1'},{'R3'},{'D1'},{'D4'},{'D5'},{'D2'},{'D6'},{'D7'},&,3.0,&
{'R2'},{'D3'},{'R1'},{'R3'},{'D1'},{'D4'},{'D5'},{'D6'},{'D2'},{'D7'},&,1.0,&
{'R2'},{'D3'},{'R1'},{'R3'},{'D1'},{'D2'},{'D5'},{'D4'},{'D6'},{'D7'},&,4.0,&
{'R2'},{'D3'},{'R1'},{'R3'},{'D1'},{'D2'},{'D5'},{'D6'},{'D4'},{'D7'},&,2.0,&
{'R2'},{'D3'},{'R1'},{'R3'},{'D5'},{'D4'},{'D1'},{'D2'},{'D6'},{'D7'},&,2.0,&
{'R2'},{'D3'},{'R1'},{'R3'},{'D5'},{'D1'},{'D2'},{'D4'},{'D6'},{'D7'},&,6.0,&
{'R2'},{'D3'},{'R1'},{'R3'},{'D5'},{'D1'},{'D2'},{'D4'},{'D7'},{'D6'},&,1.0,&
{'R2'},{'D3'},{'R1'},{'R3'},{'D5'},{'D1'},{'D6'},{'D4'},{'D2'},{'D7'},&,1.0,&
{'R2'},{'D3'},{'R1'},{'R3'},{'D5'},{'D1'},{'D4'},{'D2'},{'D6'},{'D7'},&,6.0,&
{'R2'},{'D3'},{'R1'},{'R3'},{'D5'},{'D1'},{'D4'},{'D6'},{'D2'},{'D7'},&,1.0,&
{'R2'},{'D3'},{'R1'},{'R3'},{'D5'},{'D2'},{'D1'},{'D4'},{'D6'},{'D7'},&,5.0,&
{'R2'},{'D3'},{'R1'},{'R3'},{'D5'},{'D2'},{'D1'},{'D4'},{'D7'},{'D6'},&,1.0,&
{'R2'},{'D3'},{'R1'},{'R3'},{'D5'},{'D2'},{'D1'},{'D6'},{'D4'},{'D7'},&,3.0,&
{'R2'},{'D3'},{'R1'},{'R3'},{'D5'},{'D2'},{'D6'},{'D1'},{'D4'},{'D7'},&,2.0,&
{'R2'},{'D3'},{'R1'},{'R3'},{'D5'},{'D2'},{'D4'},{'D1'},{'D6'},{'D7'},&,1.0,&
{'R2'},{'D3'},{'R1'},{'R3'},{'D5'},{'D6'},{'D2'},{'D1'},{'D4'},{'D7'},&,1.0,&
{'R2'},{'D3'},{'R1'},{'R3'},{'D4'},{'D5'},{'D2'},{'D1'},{'D6'},{'D7'},&,3.0,&
{'R2'},{'D3'},{'R1'},{'R3'},{'D4'},{'D5'},{'D1'},{'D2'},{'D6'},{'D7'},&,8.0,&
{'R2'},{'D3'},{'R1'},{'R3'},{'D4'},{'D5'},{'D1'},{'D6'},{'D2'},{'D7'},&,1.0,&
{'R2'},{'D3'},{'R1'},{'R3'},{'D4'},{'D1'},{'D5'},{'D2'},{'D6'},{'D7'},&,2.0,&
{'R2'},{'D3'},{'R1'},{'R3'},{'D2'},{'D5'},{'D1'},{'D4'},{'D6'},{'D7'},&,2.0,&
{'R2'},{'D3'},{'R1'},{'R3'},{'D2'},{'D5'},{'D4'},{'D1'},{'D6'},{'D7'},&,1.0,&
{'R2'},{'D3'},{'R1'},{'R3'},{'D2'},{'D4'},{'D5'},{'D1'},{'D6'},{'D7'},&,1.0,&
{'R2'},{'D3'},{'R1'},{'R3'},{'D2'},{'D1'},{'D5'},{'D4'},{'D6'},{'D7'},&,5.0,&
{'R2'},{'D3'},{'R1'},{'R3'},{'D2'},{'D6'},{'D5'},{'D4'},{'D1'},{'D7'},&,1.0,&
{'R2'},{'D3'},{'R1'},{'R3'},{'D6'},{'D5'},{'D1'},{'D2'},{'D4'},{'D7'},&,1.0,&
{'R2'},{'D3'},{'R1'},{'R3'},{'D6'},{'D1'},{'D2'},{'D5'},{'D4'},{'D7'},&,1.0,&
{'R2'},{'D3'},{'R1'},{'R3'},{'D6'},{'D2'},{'D4'},{'D5'},{'D1'},{'D7'},&,1.0,&
{'R2'},{'D6'},{'D7'},{'D3'},{'D4'},{'D1'},{'D5'},{'D2'},{'R1'},{'R3'},&,1.0,&
{'R2'},{'D6'},{'R3'},{'D5'},{'D2'},{'R1'},{'D3'},{'D1'},{'D4'},{'D7'},&,1.0,&
{'R2'},{'D6'},{'R3'},{'R1'},{'D3'},{'D5'},{'D2'},{'D1'},{'D4'},{'D7'},&,1.0,&
{'R2'},{'D6'},{'R3'},{'R1'},{'D2'},{'D1'},{'D5'},{'D3'},{'D4'},{'D7'},&,1.0,&
{'R2'},{'D6'},{'R1'},{'D3'},{'R3'},{'D2'},{'D5'},{'D1'},{'D4'},{'D7'},&,1.0,&
{'R2'},{'D6'},{'R1'},{'R3'},{'D3'},{'D5'},{'D2'},{'D1'},{'D4'},{'D7'},&,1.0,&
{'R2'},{'D6'},{'R1'},{'R3'},{'D3'},{'D5'},{'D4'},{'D1'},{'D2'},{'D7'},&,1.0,&
{'R2'},{'D6'},{'R1'},{'R3'},{'D5'},{'D3'},{'D1'},{'D4'},{'D2'},{'D7'},&,1.0,&
{'R2'},{'D6'},{'R1'},{'R3'},{'D5'},{'D3'},{'D4'},{'D1'},{'D2'},{'D7'},&,1.0,&
{'R2'},{'D6'},{'R1'},{'R3'},{'D4'},{'D3'},{'D2'},{'D5'},{'D1'},{'D7'},&,1.0,&
{'R2'},{'D5'},{'D4'},{'R3'},{'R1'},{'D1'},{'D3'},{'D2'},{'D6'},{'D7'},&,1.0,&
{'R2'},{'D5'},{'D4'},{'R1'},{'R3'},{'D3'},{'D1'},{'D2'},{'D6'},{'D7'},&,1.0,&
{'R2'},{'D5'},{'D3'},{'R3'},{'D1'},{'D2'},{'R1'},{'D4'},{'D6'},{'D7'},&,1.0,&
{'R2'},{'D5'},{'D3'},{'R1'},{'R3'},{'D1'},{'D2'},{'D4'},{'D6'},{'D7'},&,1.0,&
{'R2'},{'D5'},{'D6'},{'R1'},{'R3'},{'D3'},{'D1'},{'D4'},{'D2'},{'D7'},&,1.0,&
{'R2'},{'D5'},{'D1'},{'D2'},{'R1'},{'R3'},{'D3'},{'D4'},{'D6'},{'D7'},&,1.0,&
{'R2'},{'D5'},{'D1'},{'R3'},{'D3'},{'R1'},{'D2'},{'D4'},{'D6'},{'D7'},&,1.0,&
{'R2'},{'D5'},{'D1'},{'R1'},{'R3'},{'D3'},{'D2'},{'D4'},{'D6'},{'D7'},&,1.0,&
{'R2'},{'D5'},{'D1'},{'R1'},{'R3'},{'D2'},{'D3'},{'D4'},{'D6'},{'D7'},&,1.0,&
{'R2'},{'D5'},{'R3'},{'D1'},{'D3'},{'R1'},{'D2'},{'D6'},{'D4'},{'D7'},&,1.0,&
{'R2'},{'D5'},{'R3'},{'D1'},{'D3'},{'R1'},{'D4'},{'D2'},{'D6'},{'D7'},&,1.0,&
{'R2'},{'D5'},{'R3'},{'D1'},{'R1'},{'D3'},{'D4'},{'D2'},{'D6'},{'D7'},&,1.0,&
{'R2'},{'D5'},{'R3'},{'D4'},{'R1'},{'D3'},{'D2'},{'D1'},{'D6'},{'D7'},&,1.0,&
{'R2'},{'D5'},{'R3'},{'D4'},{'R1'},{'D3'},{'D1'},{'D2'},{'D6'},{'D7'},&,1.0,&
{'R2'},{'D5'},{'R3'},{'D3'},{'D4'},{'R1'},{'D1'},{'D2'},{'D6'},{'D7'},&,1.0,&
{'R2'},{'D5'},{'R3'},{'D3'},{'R1'},{'D1'},{'D4'},{'D2'},{'D6'},{'D7'},&,1.0,&
{'R2'},{'D5'},{'R3'},{'D3'},{'R1'},{'D2'},{'D1'},{'D4'},{'D6'},{'D7'},&,1.0,&
{'R2'},{'D5'},{'R3'},{'D2'},{'R1'},{'D1'},{'D3'},{'D6'},{'D4'},{'D7'},&,1.0,&
{'R2'},{'D5'},{'R3'},{'R1'},{'D3'},{'D4'},{'D2'},{'D1'},{'D6'},{'D7'},&,3.0,&
{'R2'},{'D5'},{'R3'},{'R1'},{'D3'},{'D1'},{'D2'},{'D4'},{'D6'},{'D7'},&,3.0,&
{'R2'},{'D5'},{'R3'},{'R1'},{'D3'},{'D1'},{'D2'},{'D6'},{'D4'},{'D7'},&,3.0,&
{'R2'},{'D5'},{'R3'},{'R1'},{'D3'},{'D1'},{'D6'},{'D2'},{'D4'},{'D7'},&,1.0,&
{'R2'},{'D5'},{'R3'},{'R1'},{'D3'},{'D1'},{'D4'},{'D2'},{'D6'},{'D7'},&,4.0,&
{'R2'},{'D5'},{'R3'},{'R1'},{'D3'},{'D1'},{'D4'},{'D6'},{'D2'},{'D7'},&,1.0,&
{'R2'},{'D5'},{'R3'},{'R1'},{'D3'},{'D2'},{'D1'},{'D4'},{'D6'},{'D7'},&,5.0,&
{'R2'},{'D5'},{'R3'},{'R1'},{'D3'},{'D6'},{'D1'},{'D2'},{'D4'},{'D7'},&,1.0,&
{'R2'},{'D5'},{'R3'},{'R1'},{'D1'},{'D4'},{'D3'},{'D2'},{'D6'},{'D7'},&,1.0,&
{'R2'},{'D5'},{'R3'},{'R1'},{'D1'},{'D3'},{'D2'},{'D4'},{'D6'},{'D7'},&,6.0,&
{'R2'},{'D5'},{'R3'},{'R1'},{'D1'},{'D3'},{'D2'},{'D6'},{'D4'},{'D7'},&,1.0,&
{'R2'},{'D5'},{'R3'},{'R1'},{'D1'},{'D3'},{'D4'},{'D2'},{'D6'},{'D7'},&,3.0,&
{'R2'},{'D5'},{'R3'},{'R1'},{'D1'},{'D3'},{'D4'},{'D6'},{'D2'},{'D7'},&,1.0,&
{'R2'},{'D5'},{'R3'},{'R1'},{'D1'},{'D2'},{'D4'},{'D3'},{'D6'},{'D7'},&,1.0,&
{'R2'},{'D5'},{'R3'},{'R1'},{'D1'},{'D2'},{'D3'},{'D6'},{'D4'},{'D7'},&,1.0,&
{'R2'},{'D5'},{'R3'},{'R1'},{'D4'},{'D1'},{'D3'},{'D2'},{'D6'},{'D7'},&,5.0,&
{'R2'},{'D5'},{'R3'},{'R1'},{'D4'},{'D3'},{'D1'},{'D2'},{'D6'},{'D7'},&,1.0,&
{'R2'},{'D5'},{'R3'},{'R1'},{'D2'},{'D3'},{'D1'},{'D4'},{'D6'},{'D7'},&,2.0,&
{'R2'},{'D5'},{'R3'},{'R1'},{'D2'},{'D3'},{'D1'},{'D7'},{'D4'},{'D6'},&,1.0,&
{'R2'},{'D5'},{'R3'},{'R1'},{'D2'},{'D3'},{'D1'},{'D6'},{'D4'},{'D7'},&,1.0,&
{'R2'},{'D5'},{'R3'},{'R1'},{'D2'},{'D3'},{'D4'},{'D1'},{'D7'},{'D6'},&,1.0,&
{'R2'},{'D5'},{'R1'},{'D1'},{'D3'},{'R3'},{'D2'},{'D4'},{'D6'},{'D7'},&,2.0,&
{'R2'},{'D5'},{'R1'},{'D1'},{'R3'},{'D4'},{'D3'},{'D2'},{'D6'},{'D7'},&,2.0,&
{'R2'},{'D5'},{'R1'},{'D1'},{'R3'},{'D3'},{'D2'},{'D4'},{'D6'},{'D7'},&,1.0,&
{'R2'},{'D5'},{'R1'},{'D1'},{'R3'},{'D3'},{'D4'},{'D6'},{'D2'},{'D7'},&,1.0,&
{'R2'},{'D5'},{'R1'},{'D4'},{'R3'},{'D3'},{'D2'},{'D1'},{'D6'},{'D7'},&,1.0,&
{'R2'},{'D5'},{'R1'},{'D3'},{'D2'},{'D1'},{'R3'},{'D4'},{'D6'},{'D7'},&,1.0,&
{'R2'},{'D5'},{'R1'},{'D3'},{'R3'},{'D4'},{'D2'},{'D1'},{'D6'},{'D7'},&,1.0,&
{'R2'},{'D5'},{'R1'},{'D3'},{'R3'},{'D1'},{'D2'},{'D4'},{'D6'},{'D7'},&,1.0,&
{'R2'},{'D5'},{'R1'},{'D3'},{'R3'},{'D1'},{'D4'},{'D2'},{'D6'},{'D7'},&,1.0,&
{'R2'},{'D5'},{'R1'},{'D3'},{'R3'},{'D2'},{'D1'},{'D4'},{'D6'},{'D7'},&,1.0,&
{'R2'},{'D5'},{'R1'},{'D2'},{'D1'},{'R3'},{'D3'},{'D4'},{'D6'},{'D7'},&,1.0,&
{'R2'},{'D5'},{'R1'},{'D2'},{'R3'},{'D3'},{'D1'},{'D4'},{'D6'},{'D7'},&,1.0,&
{'R2'},{'D5'},{'R1'},{'R3'},{'D3'},{'D4'},{'D1'},{'D2'},{'D6'},{'D7'},&,2.0,&
{'R2'},{'D5'},{'R1'},{'R3'},{'D3'},{'D1'},{'D2'},{'D4'},{'D6'},{'D7'},&,7.0,&
{'R2'},{'D5'},{'R1'},{'R3'},{'D3'},{'D1'},{'D2'},{'D6'},{'D4'},{'D7'},&,1.0,&
{'R2'},{'D5'},{'R1'},{'R3'},{'D3'},{'D1'},{'D6'},{'D2'},{'D4'},{'D7'},&,2.0,&
{'R2'},{'D5'},{'R1'},{'R3'},{'D3'},{'D1'},{'D4'},{'D2'},{'D6'},{'D7'},&,6.0,&
{'R2'},{'D5'},{'R1'},{'R3'},{'D3'},{'D2'},{'D1'},{'D4'},{'D6'},{'D7'},&,4.0,&
{'R2'},{'D5'},{'R1'},{'R3'},{'D3'},{'D2'},{'D6'},{'D1'},{'D4'},{'D7'},&,1.0,&
{'R2'},{'D5'},{'R1'},{'R3'},{'D3'},{'D2'},{'D4'},{'D1'},{'D6'},{'D7'},&,2.0,&
{'R2'},{'D5'},{'R1'},{'R3'},{'D1'},{'D4'},{'D2'},{'D3'},{'D6'},{'D7'},&,1.0,&
{'R2'},{'D5'},{'R1'},{'R3'},{'D1'},{'D3'},{'D2'},{'D4'},{'D6'},{'D7'},&,6.0,&
{'R2'},{'D5'},{'R1'},{'R3'},{'D1'},{'D3'},{'D6'},{'D2'},{'D4'},{'D7'},&,2.0,&
{'R2'},{'D5'},{'R1'},{'R3'},{'D1'},{'D3'},{'D4'},{'D2'},{'D6'},{'D7'},&,6.0,&
{'R2'},{'D5'},{'R1'},{'R3'},{'D1'},{'D2'},{'D3'},{'D4'},{'D6'},{'D7'},&,3.0,&
{'R2'},{'D5'},{'R1'},{'R3'},{'D1'},{'D2'},{'D3'},{'D4'},{'D7'},{'D6'},&,1.0,&
{'R2'},{'D5'},{'R1'},{'R3'},{'D1'},{'D2'},{'D3'},{'D6'},{'D4'},{'D7'},&,1.0,&
{'R2'},{'D5'},{'R1'},{'R3'},{'D1'},{'D6'},{'D4'},{'D3'},{'D2'},{'D7'},&,1.0,&
{'R2'},{'D5'},{'R1'},{'R3'},{'D4'},{'D1'},{'D3'},{'D2'},{'D6'},{'D7'},&,1.0,&
{'R2'},{'D5'},{'R1'},{'R3'},{'D4'},{'D3'},{'D1'},{'D2'},{'D6'},{'D7'},&,1.0,&
{'R2'},{'D5'},{'R1'},{'R3'},{'D4'},{'D3'},{'D1'},{'D6'},{'D2'},{'D7'},&,1.0,&
{'R2'},{'D5'},{'R1'},{'R3'},{'D4'},{'D2'},{'D3'},{'D1'},{'D6'},{'D7'},&,1.0,&
{'R2'},{'D5'},{'R1'},{'R3'},{'D2'},{'D4'},{'D3'},{'D1'},{'D6'},{'D7'},&,1.0,&
{'R2'},{'D5'},{'R1'},{'R3'},{'D2'},{'D1'},{'D6'},{'D3'},{'D4'},{'D7'},&,1.0,&
{'R2'},{'D5'},{'R1'},{'R3'},{'D2'},{'D1'},{'D4'},{'D3'},{'D6'},{'D7'},&,1.0,&
{'R2'},{'D5'},{'R1'},{'R3'},{'D2'},{'D1'},{'D3'},{'D4'},{'D6'},{'D7'},&,2.0,&
{'R2'},{'D5'},{'R1'},{'R3'},{'D2'},{'D3'},{'D1'},{'D4'},{'D6'},{'D7'},&,2.0,&
{'R2'},{'D5'},{'R1'},{'R3'},{'D2'},{'D6'},{'D3'},{'D1'},{'D4'},{'D7'},&,1.0,&
{'R2'},{'D5'},{'R1'},{'R3'},{'D6'},{'D1'},{'D3'},{'D2'},{'D4'},{'D7'},&,2.0,&
{'R2'},{'D5'},{'R1'},{'R3'},{'D6'},{'D3'},{'D2'},{'D1'},{'D4'},{'D7'},&,1.0,&
{'R2'},{'D1'},{'D4'},{'D3'},{'R3'},{'D5'},{'R1'},{'D2'},{'D6'},{'D7'},&,1.0,&
{'R2'},{'D1'},{'D3'},{'R3'},{'R1'},{'D5'},{'D2'},{'D4'},{'D6'},{'D7'},&,1.0,&
{'R2'},{'D1'},{'D3'},{'R3'},{'R1'},{'D6'},{'D5'},{'D2'},{'D4'},{'D7'},&,1.0,&
{'R2'},{'D1'},{'D3'},{'R1'},{'D4'},{'R3'},{'D6'},{'D5'},{'D2'},{'D7'},&,1.0,&
{'R2'},{'D1'},{'D3'},{'R1'},{'R3'},{'D5'},{'D2'},{'D4'},{'D6'},{'D7'},&,1.0,&
{'R2'},{'D1'},{'D5'},{'D3'},{'R1'},{'R3'},{'D2'},{'D4'},{'D6'},{'D7'},&,1.0,&
{'R2'},{'D1'},{'D5'},{'R3'},{'R1'},{'D3'},{'D4'},{'D6'},{'D2'},{'D7'},&,1.0,&
{'R2'},{'D1'},{'D5'},{'R1'},{'D3'},{'D4'},{'R3'},{'D2'},{'D6'},{'D7'},&,1.0,&
{'R2'},{'D1'},{'D5'},{'R1'},{'R3'},{'D4'},{'D3'},{'D2'},{'D6'},{'D7'},&,1.0,&
{'R2'},{'D1'},{'D5'},{'R1'},{'R3'},{'D2'},{'D4'},{'D3'},{'D6'},{'D7'},&,1.0,&
{'R2'},{'D1'},{'R3'},{'D5'},{'R1'},{'D3'},{'D2'},{'D4'},{'D6'},{'D7'},&,2.0,&
{'R2'},{'D1'},{'R3'},{'D5'},{'R1'},{'D3'},{'D4'},{'D2'},{'D6'},{'D7'},&,2.0,&
{'R2'},{'D1'},{'R3'},{'D5'},{'R1'},{'D2'},{'D3'},{'D4'},{'D6'},{'D7'},&,1.0,&
{'R2'},{'D1'},{'R3'},{'D4'},{'D2'},{'R1'},{'D3'},{'D5'},{'D6'},{'D7'},&,1.0,&
{'R2'},{'D1'},{'R3'},{'D4'},{'R1'},{'D3'},{'D5'},{'D2'},{'D6'},{'D7'},&,1.0,&
{'R2'},{'D1'},{'R3'},{'D3'},{'D2'},{'D5'},{'D4'},{'D6'},{'R1'},{'D7'},&,1.0,&
{'R2'},{'D1'},{'R3'},{'D3'},{'R1'},{'D5'},{'D2'},{'D4'},{'D6'},{'D7'},&,1.0,&
{'R2'},{'D1'},{'R3'},{'D3'},{'R1'},{'D5'},{'D4'},{'D2'},{'D6'},{'D7'},&,1.0,&
{'R2'},{'D1'},{'R3'},{'D3'},{'R1'},{'D2'},{'D6'},{'D5'},{'D7'},{'D4'},&,1.0,&
{'R2'},{'D1'},{'R3'},{'D2'},{'D3'},{'R1'},{'D4'},{'D5'},{'D6'},{'D7'},&,1.0,&
{'R2'},{'D1'},{'R3'},{'R1'},{'D3'},{'D5'},{'D2'},{'D6'},{'D4'},{'D7'},&,1.0,&
{'R2'},{'D1'},{'R3'},{'R1'},{'D3'},{'D5'},{'D6'},{'D2'},{'D4'},{'D7'},&,1.0,&
{'R2'},{'D1'},{'R3'},{'R1'},{'D3'},{'D5'},{'D6'},{'D4'},{'D2'},{'D7'},&,2.0,&
{'R2'},{'D1'},{'R3'},{'R1'},{'D3'},{'D5'},{'D4'},{'D2'},{'D6'},{'D7'},&,1.0,&
{'R2'},{'D1'},{'R3'},{'R1'},{'D3'},{'D2'},{'D5'},{'D4'},{'D6'},{'D7'},&,3.0,&
{'R2'},{'D1'},{'R3'},{'R1'},{'D3'},{'D2'},{'D6'},{'D5'},{'D4'},{'D7'},&,1.0,&
{'R2'},{'D1'},{'R3'},{'R1'},{'D3'},{'D2'},{'D4'},{'D5'},{'D6'},{'D7'},&,1.0,&
{'R2'},{'D1'},{'R3'},{'R1'},{'D3'},{'D6'},{'D5'},{'D4'},{'D2'},{'D7'},&,1.0,&
{'R2'},{'D1'},{'R3'},{'R1'},{'D5'},{'D4'},{'D3'},{'D2'},{'D6'},{'D7'},&,1.0,&
{'R2'},{'D1'},{'R3'},{'R1'},{'D5'},{'D3'},{'D2'},{'D4'},{'D6'},{'D7'},&,5.0,&
{'R2'},{'D1'},{'R3'},{'R1'},{'D5'},{'D3'},{'D2'},{'D6'},{'D4'},{'D7'},&,1.0,&
{'R2'},{'D1'},{'R3'},{'R1'},{'D5'},{'D3'},{'D4'},{'D2'},{'D6'},{'D7'},&,1.0,&
{'R2'},{'D1'},{'R3'},{'R1'},{'D5'},{'D2'},{'D3'},{'D4'},{'D6'},{'D7'},&,1.0,&
{'R2'},{'D1'},{'R3'},{'R1'},{'D5'},{'D2'},{'D3'},{'D6'},{'D4'},{'D7'},&,1.0,&
{'R2'},{'D1'},{'R3'},{'R1'},{'D4'},{'D5'},{'D3'},{'D2'},{'D6'},{'D7'},&,2.0,&
{'R2'},{'D1'},{'R3'},{'R1'},{'D4'},{'D3'},{'D2'},{'D5'},{'D6'},{'D7'},&,1.0,&
{'R2'},{'D1'},{'R3'},{'R1'},{'D4'},{'D3'},{'D5'},{'D2'},{'D6'},{'D7'},&,2.0,&
{'R2'},{'D1'},{'R3'},{'R1'},{'D4'},{'D2'},{'D5'},{'D3'},{'D6'},{'D7'},&,1.0,&
{'R2'},{'D1'},{'R3'},{'R1'},{'D4'},{'D6'},{'D2'},{'D3'},{'D5'},{'D7'},&,1.0,&
{'R2'},{'D1'},{'R3'},{'R1'},{'D4'},{'D6'},{'D5'},{'D3'},{'D2'},{'D7'},&,1.0,&
{'R2'},{'D1'},{'R3'},{'R1'},{'D2'},{'D5'},{'D3'},{'D4'},{'D6'},{'D7'},&,2.0,&
{'R2'},{'D1'},{'R3'},{'R1'},{'D2'},{'D3'},{'D5'},{'D4'},{'D6'},{'D7'},&,1.0,&
{'R2'},{'D1'},{'R1'},{'D5'},{'R3'},{'D3'},{'D4'},{'D2'},{'D6'},{'D7'},&,1.0,&
{'R2'},{'D1'},{'R1'},{'D5'},{'R3'},{'D3'},{'D4'},{'D6'},{'D2'},{'D7'},&,1.0,&
{'R2'},{'D1'},{'R1'},{'D5'},{'R3'},{'D2'},{'D3'},{'D4'},{'D6'},{'D7'},&,1.0,&
{'R2'},{'D1'},{'R1'},{'D4'},{'D5'},{'D3'},{'D2'},{'R3'},{'D6'},{'D7'},&,1.0,&
{'R2'},{'D1'},{'R1'},{'D4'},{'R3'},{'D3'},{'D2'},{'D5'},{'D6'},{'D7'},&,1.0,&
{'R2'},{'D1'},{'R1'},{'D6'},{'R3'},{'D3'},{'D5'},{'D4'},{'D2'},{'D7'},&,1.0,&
{'R2'},{'D1'},{'R1'},{'D3'},{'D5'},{'D2'},{'R3'},{'D4'},{'D6'},{'D7'},&,1.0,&
{'R2'},{'D1'},{'R1'},{'D3'},{'R3'},{'D5'},{'D4'},{'D2'},{'D6'},{'D7'},&,1.0,&
{'R2'},{'D1'},{'R1'},{'D3'},{'R3'},{'D4'},{'D5'},{'D2'},{'D6'},{'D7'},&,1.0,&
{'R2'},{'D1'},{'R1'},{'D3'},{'R3'},{'D2'},{'D5'},{'D4'},{'D6'},{'D7'},&,2.0,&
{'R2'},{'D1'},{'R1'},{'D3'},{'R3'},{'D2'},{'D4'},{'D5'},{'D6'},{'D7'},&,1.0,&
{'R2'},{'D1'},{'R1'},{'D2'},{'D3'},{'D6'},{'D5'},{'D4'},{'R3'},{'D7'},&,1.0,&
{'R2'},{'D1'},{'R1'},{'D2'},{'R3'},{'D3'},{'D5'},{'D4'},{'D6'},{'D7'},&,2.0,&
{'R2'},{'D1'},{'R1'},{'D2'},{'R3'},{'D3'},{'D5'},{'D6'},{'D4'},{'D7'},&,2.0,&
{'R2'},{'D1'},{'R1'},{'R3'},{'D3'},{'D5'},{'D2'},{'D4'},{'D6'},{'D7'},&,7.0,&
{'R2'},{'D1'},{'R1'},{'R3'},{'D3'},{'D5'},{'D2'},{'D6'},{'D4'},{'D7'},&,2.0,&
{'R2'},{'D1'},{'R1'},{'R3'},{'D3'},{'D5'},{'D6'},{'D4'},{'D2'},{'D7'},&,1.0,&
{'R2'},{'D1'},{'R1'},{'R3'},{'D3'},{'D5'},{'D4'},{'D2'},{'D6'},{'D7'},&,2.0,&
{'R2'},{'D1'},{'R1'},{'R3'},{'D3'},{'D5'},{'D4'},{'D6'},{'D2'},{'D7'},&,1.0,&
{'R2'},{'D1'},{'R1'},{'R3'},{'D3'},{'D4'},{'D2'},{'D5'},{'D6'},{'D7'},&,1.0,&
{'R2'},{'D1'},{'R1'},{'R3'},{'D3'},{'D4'},{'D5'},{'D2'},{'D6'},{'D7'},&,2.0,&
{'R2'},{'D1'},{'R1'},{'R3'},{'D3'},{'D2'},{'D5'},{'D4'},{'D6'},{'D7'},&,1.0,&
{'R2'},{'D1'},{'R1'},{'R3'},{'D3'},{'D2'},{'D5'},{'D6'},{'D4'},{'D7'},&,2.0,&
{'R2'},{'D1'},{'R1'},{'R3'},{'D5'},{'D4'},{'D3'},{'D2'},{'D6'},{'D7'},&,3.0,&
{'R2'},{'D1'},{'R1'},{'R3'},{'D5'},{'D3'},{'D2'},{'D4'},{'D6'},{'D7'},&,8.0,&
{'R2'},{'D1'},{'R1'},{'R3'},{'D5'},{'D3'},{'D4'},{'D2'},{'D6'},{'D7'},&,6.0,&
{'R2'},{'D1'},{'R1'},{'R3'},{'D5'},{'D3'},{'D4'},{'D2'},{'D7'},{'D6'},&,1.0,&
{'R2'},{'D1'},{'R1'},{'R3'},{'D5'},{'D2'},{'D4'},{'D3'},{'D6'},{'D7'},&,1.0,&
{'R2'},{'D1'},{'R1'},{'R3'},{'D5'},{'D2'},{'D3'},{'D4'},{'D6'},{'D7'},&,1.0,&
{'R2'},{'D1'},{'R1'},{'R3'},{'D4'},{'D3'},{'D5'},{'D2'},{'D6'},{'D7'},&,1.0,&
{'R2'},{'D1'},{'R1'},{'R3'},{'D4'},{'D6'},{'D5'},{'D3'},{'D2'},{'D7'},&,1.0,&
{'R2'},{'D1'},{'R1'},{'R3'},{'D2'},{'D5'},{'D3'},{'D4'},{'D6'},{'D7'},&,1.0,&
{'R2'},{'D1'},{'R1'},{'R3'},{'D2'},{'D4'},{'D3'},{'D5'},{'D6'},{'D7'},&,2.0,&
{'R2'},{'D1'},{'R1'},{'R3'},{'D2'},{'D3'},{'D5'},{'D4'},{'D6'},{'D7'},&,5.0,&
{'R2'},{'D1'},{'R1'},{'R3'},{'D6'},{'D5'},{'D3'},{'D2'},{'D4'},{'D7'},&,1.0,&
{'R2'},{'D4'},{'D5'},{'R1'},{'R3'},{'D3'},{'D1'},{'D6'},{'D2'},{'D7'},&,1.0,&
{'R2'},{'D4'},{'D1'},{'R3'},{'R1'},{'D3'},{'D5'},{'D2'},{'D6'},{'D7'},&,1.0,&
{'R2'},{'D4'},{'R3'},{'D1'},{'D3'},{'R1'},{'D5'},{'D2'},{'D6'},{'D7'},&,1.0,&
{'R2'},{'D4'},{'R3'},{'D1'},{'R1'},{'D5'},{'D3'},{'D6'},{'D2'},{'D7'},&,1.0,&
{'R2'},{'D4'},{'R3'},{'D1'},{'R1'},{'D3'},{'D2'},{'D5'},{'D6'},{'D7'},&,1.0,&
{'R2'},{'D4'},{'R3'},{'D5'},{'R1'},{'D3'},{'D1'},{'D2'},{'D6'},{'D7'},&,1.0,&
{'R2'},{'D4'},{'R3'},{'R1'},{'D3'},{'D5'},{'D2'},{'D1'},{'D6'},{'D7'},&,2.0,&
{'R2'},{'D4'},{'R3'},{'R1'},{'D3'},{'D1'},{'D5'},{'D2'},{'D6'},{'D7'},&,1.0,&
{'R2'},{'D4'},{'R3'},{'R1'},{'D1'},{'D3'},{'D5'},{'D2'},{'D6'},{'D7'},&,1.0,&
{'R2'},{'D4'},{'R3'},{'R1'},{'D5'},{'D1'},{'D3'},{'D2'},{'D6'},{'D7'},&,2.0,&
{'R2'},{'D4'},{'R3'},{'R1'},{'D5'},{'D3'},{'D1'},{'D2'},{'D6'},{'D7'},&,1.0,&
{'R2'},{'D4'},{'R3'},{'R1'},{'D5'},{'D2'},{'D1'},{'D3'},{'D6'},{'D7'},&,1.0,&
{'R2'},{'D4'},{'R3'},{'R1'},{'D2'},{'D5'},{'D3'},{'D1'},{'D6'},{'D7'},&,1.0,&
{'R2'},{'D4'},{'R3'},{'R1'},{'D2'},{'D1'},{'D3'},{'D5'},{'D6'},{'D7'},&,2.0,&
{'R2'},{'D4'},{'R1'},{'D6'},{'D1'},{'R3'},{'D3'},{'D2'},{'D5'},{'D7'},&,1.0,&
{'R2'},{'D4'},{'R1'},{'D3'},{'D5'},{'R3'},{'D1'},{'D2'},{'D6'},{'D7'},&,1.0,&
{'R2'},{'D4'},{'R1'},{'D2'},{'R3'},{'D3'},{'D1'},{'D5'},{'D6'},{'D7'},&,1.0,&
{'R2'},{'D4'},{'R1'},{'R3'},{'D3'},{'D5'},{'D1'},{'D2'},{'D6'},{'D7'},&,1.0,&
{'R2'},{'D4'},{'R1'},{'R3'},{'D3'},{'D1'},{'D5'},{'D2'},{'D6'},{'D7'},&,3.0,&
{'R2'},{'D4'},{'R1'},{'R3'},{'D3'},{'D1'},{'D5'},{'D6'},{'D2'},{'D7'},&,1.0,&
{'R2'},{'D4'},{'R1'},{'R3'},{'D3'},{'D6'},{'D5'},{'D2'},{'D1'},{'D7'},&,1.0,&
{'R2'},{'D4'},{'R1'},{'R3'},{'D1'},{'D5'},{'D3'},{'D2'},{'D6'},{'D7'},&,1.0,&
{'R2'},{'D4'},{'R1'},{'R3'},{'D1'},{'D3'},{'D2'},{'D5'},{'D6'},{'D7'},&,1.0,&
{'R2'},{'D4'},{'R1'},{'R3'},{'D1'},{'D3'},{'D5'},{'D2'},{'D6'},{'D7'},&,3.0,&
{'R2'},{'D4'},{'R1'},{'R3'},{'D1'},{'D3'},{'D6'},{'D2'},{'D5'},{'D7'},&,1.0,&
{'R2'},{'D4'},{'R1'},{'R3'},{'D1'},{'D2'},{'D5'},{'D3'},{'D6'},{'D7'},&,2.0,&
{'R2'},{'D4'},{'R1'},{'R3'},{'D1'},{'D2'},{'D3'},{'D5'},{'D6'},{'D7'},&,1.0,&
{'R2'},{'D4'},{'R1'},{'R3'},{'D5'},{'D1'},{'D3'},{'D2'},{'D6'},{'D7'},&,1.0,&
{'R2'},{'D4'},{'R1'},{'R3'},{'D5'},{'D3'},{'D1'},{'D2'},{'D6'},{'D7'},&,1.0,&
{'R2'},{'D4'},{'R1'},{'R3'},{'D5'},{'D2'},{'D3'},{'D1'},{'D6'},{'D7'},&,1.0,&
{'R2'},{'D4'},{'R1'},{'R3'},{'D2'},{'D5'},{'D1'},{'D3'},{'D6'},{'D7'},&,1.0,&
{'R2'},{'D2'},{'D3'},{'R3'},{'R1'},{'D5'},{'D4'},{'D1'},{'D6'},{'D7'},&,1.0,&
{'R2'},{'D2'},{'D5'},{'D1'},{'R1'},{'R3'},{'D3'},{'D4'},{'D6'},{'D7'},&,1.0,&
{'R2'},{'D2'},{'D5'},{'R3'},{'R1'},{'D3'},{'D1'},{'D4'},{'D6'},{'D7'},&,1.0,&
{'R2'},{'D2'},{'D1'},{'R3'},{'D5'},{'R1'},{'D3'},{'D4'},{'D6'},{'D7'},&,1.0,&
{'R2'},{'D2'},{'D1'},{'R1'},{'R3'},{'D4'},{'D5'},{'D3'},{'D6'},{'D7'},&,1.0,&
{'R2'},{'D2'},{'R3'},{'D3'},{'R1'},{'D1'},{'D5'},{'D4'},{'D6'},{'D7'},&,1.0,&
{'R2'},{'D2'},{'R3'},{'R1'},{'D3'},{'D5'},{'D1'},{'D4'},{'D6'},{'D7'},&,2.0,&
{'R2'},{'D2'},{'R3'},{'R1'},{'D3'},{'D5'},{'D1'},{'D6'},{'D4'},{'D7'},&,1.0,&
{'R2'},{'D2'},{'R3'},{'R1'},{'D3'},{'D4'},{'D1'},{'D5'},{'D6'},{'D7'},&,1.0,&
{'R2'},{'D2'},{'R3'},{'R1'},{'D1'},{'D5'},{'D3'},{'D4'},{'D6'},{'D7'},&,1.0,&
{'R2'},{'D2'},{'R3'},{'R1'},{'D1'},{'D4'},{'D5'},{'D3'},{'D6'},{'D7'},&,1.0,&
{'R2'},{'D2'},{'R3'},{'R1'},{'D1'},{'D3'},{'D5'},{'D4'},{'D6'},{'D7'},&,3.0,&
{'R2'},{'D2'},{'R3'},{'R1'},{'D5'},{'D1'},{'D3'},{'D4'},{'D6'},{'D7'},&,1.0,&
{'R2'},{'D2'},{'R3'},{'R1'},{'D5'},{'D3'},{'D1'},{'D6'},{'D4'},{'D7'},&,1.0,&
{'R2'},{'D2'},{'R3'},{'R1'},{'D4'},{'D5'},{'D3'},{'D1'},{'D6'},{'D7'},&,1.0,&
{'R2'},{'D2'},{'R3'},{'R1'},{'D4'},{'D5'},{'D3'},{'D6'},{'D1'},{'D7'},&,1.0,&
{'R2'},{'D2'},{'R3'},{'R1'},{'D4'},{'D3'},{'D5'},{'D1'},{'D6'},{'D7'},&,1.0,&
{'R2'},{'D2'},{'R3'},{'R1'},{'D4'},{'D3'},{'D1'},{'D5'},{'D6'},{'D7'},&,3.0,&
{'R2'},{'D2'},{'R1'},{'D1'},{'R3'},{'D5'},{'D3'},{'D4'},{'D6'},{'D7'},&,1.0,&
{'R2'},{'D2'},{'R1'},{'D1'},{'R3'},{'D3'},{'D5'},{'D4'},{'D6'},{'D7'},&,1.0,&
{'R2'},{'D2'},{'R1'},{'D5'},{'R3'},{'D4'},{'D1'},{'D3'},{'D6'},{'D7'},&,1.0,&
{'R2'},{'D2'},{'R1'},{'D3'},{'D5'},{'D1'},{'R3'},{'D4'},{'D6'},{'D7'},&,1.0,&
{'R2'},{'D2'},{'R1'},{'D3'},{'R3'},{'D5'},{'D1'},{'D4'},{'D6'},{'D7'},&,1.0,&
{'R2'},{'D2'},{'R1'},{'D3'},{'R3'},{'D1'},{'D4'},{'D5'},{'D6'},{'D7'},&,1.0,&
{'R2'},{'D2'},{'R1'},{'R3'},{'D3'},{'D5'},{'D1'},{'D4'},{'D6'},{'D7'},&,2.0,&
{'R2'},{'D2'},{'R1'},{'R3'},{'D3'},{'D4'},{'D5'},{'D1'},{'D6'},{'D7'},&,3.0,&
{'R2'},{'D2'},{'R1'},{'R3'},{'D3'},{'D4'},{'D1'},{'D5'},{'D6'},{'D7'},&,1.0,&
{'R2'},{'D2'},{'R1'},{'R3'},{'D3'},{'D1'},{'D5'},{'D4'},{'D6'},{'D7'},&,1.0,&
{'R2'},{'D2'},{'R1'},{'R3'},{'D3'},{'D1'},{'D5'},{'D6'},{'D4'},{'D7'},&,1.0,&
{'R2'},{'D2'},{'R1'},{'R3'},{'D3'},{'D1'},{'D4'},{'D5'},{'D6'},{'D7'},&,1.0,&
{'R2'},{'D2'},{'R1'},{'R3'},{'D1'},{'D5'},{'D3'},{'D4'},{'D6'},{'D7'},&,1.0,&
{'R2'},{'D2'},{'R1'},{'R3'},{'D1'},{'D5'},{'D3'},{'D6'},{'D4'},{'D7'},&,2.0,&
{'R2'},{'D2'},{'R1'},{'R3'},{'D1'},{'D3'},{'D5'},{'D4'},{'D6'},{'D7'},&,1.0,&
{'R2'},{'D2'},{'R1'},{'R3'},{'D5'},{'D1'},{'D4'},{'D3'},{'D6'},{'D7'},&,1.0,&
{'R2'},{'D2'},{'R1'},{'R3'},{'D5'},{'D1'},{'D3'},{'D4'},{'D6'},{'D7'},&,3.0,&
{'R2'},{'D2'},{'R1'},{'R3'},{'D5'},{'D3'},{'D1'},{'D4'},{'D6'},{'D7'},&,5.0,&
{'R2'},{'D2'},{'R1'},{'R3'},{'D5'},{'D3'},{'D1'},{'D6'},{'D4'},{'D7'},&,1.0,&
{'R2'},{'D2'},{'R1'},{'R3'},{'D5'},{'D3'},{'D4'},{'D1'},{'D7'},{'D6'},&,1.0,&
{'R2'},{'D2'},{'R1'},{'R3'},{'D4'},{'D5'},{'D3'},{'D1'},{'D6'},{'D7'},&,1.0,&
{'R2'},{'D2'},{'R1'},{'R3'},{'D4'},{'D1'},{'D6'},{'D3'},{'D5'},{'D7'},&,1.0,&
{'R2'},{'R3'},{'D4'},{'D1'},{'D2'},{'R1'},{'D3'},{'D5'},{'D6'},{'D7'},&,1.0,&
{'R2'},{'R3'},{'D4'},{'D1'},{'R1'},{'D2'},{'D3'},{'D5'},{'D6'},{'D7'},&,1.0,&
{'R2'},{'R3'},{'D4'},{'D5'},{'D3'},{'R1'},{'D1'},{'D2'},{'D6'},{'D7'},&,1.0,&
{'R2'},{'R3'},{'D4'},{'D5'},{'R1'},{'D1'},{'D3'},{'D6'},{'D2'},{'D7'},&,1.0,&
{'R2'},{'R3'},{'D4'},{'D5'},{'R1'},{'D3'},{'D2'},{'D1'},{'D6'},{'D7'},&,1.0,&
{'R2'},{'R3'},{'D4'},{'D5'},{'R1'},{'D3'},{'D1'},{'D2'},{'D6'},{'D7'},&,1.0,&
{'R2'},{'R3'},{'D4'},{'D3'},{'R1'},{'D5'},{'D2'},{'D6'},{'D1'},{'D7'},&,1.0,&
{'R2'},{'R3'},{'D4'},{'D3'},{'R1'},{'D5'},{'D1'},{'D2'},{'D6'},{'D7'},&,3.0,&
{'R2'},{'R3'},{'D4'},{'D3'},{'R1'},{'D1'},{'D2'},{'D5'},{'D6'},{'D7'},&,1.0,&
{'R2'},{'R3'},{'D4'},{'D3'},{'R1'},{'D2'},{'D5'},{'D1'},{'D6'},{'D7'},&,1.0,&
{'R2'},{'R3'},{'D4'},{'R1'},{'D3'},{'D5'},{'D2'},{'D1'},{'D6'},{'D7'},&,1.0,&
{'R2'},{'R3'},{'D4'},{'R1'},{'D3'},{'D5'},{'D1'},{'D2'},{'D6'},{'D7'},&,6.0,&
{'R2'},{'R3'},{'D4'},{'R1'},{'D3'},{'D1'},{'D2'},{'D5'},{'D6'},{'D7'},&,1.0,&
{'R2'},{'R3'},{'D4'},{'R1'},{'D3'},{'D1'},{'D5'},{'D2'},{'D6'},{'D7'},&,4.0,&
{'R2'},{'R3'},{'D4'},{'R1'},{'D3'},{'D1'},{'D6'},{'D5'},{'D2'},{'D7'},&,1.0,&
{'R2'},{'R3'},{'D4'},{'R1'},{'D3'},{'D2'},{'D5'},{'D1'},{'D6'},{'D7'},&,2.0,&
{'R2'},{'R3'},{'D4'},{'R1'},{'D3'},{'D2'},{'D1'},{'D5'},{'D6'},{'D7'},&,1.0,&
{'R2'},{'R3'},{'D4'},{'R1'},{'D1'},{'D5'},{'D3'},{'D2'},{'D6'},{'D7'},&,1.0,&
{'R2'},{'R3'},{'D4'},{'R1'},{'D1'},{'D5'},{'D3'},{'D6'},{'D2'},{'D7'},&,2.0,&
{'R2'},{'R3'},{'D4'},{'R1'},{'D1'},{'D3'},{'D5'},{'D2'},{'D6'},{'D7'},&,5.0,&
{'R2'},{'R3'},{'D4'},{'R1'},{'D1'},{'D2'},{'D5'},{'D3'},{'D6'},{'D7'},&,1.0,&
{'R2'},{'R3'},{'D4'},{'R1'},{'D1'},{'D2'},{'D3'},{'D5'},{'D6'},{'D7'},&,1.0,&
{'R2'},{'R3'},{'D4'},{'R1'},{'D5'},{'D1'},{'D2'},{'D3'},{'D6'},{'D7'},&,1.0,&
{'R2'},{'R3'},{'D4'},{'R1'},{'D5'},{'D1'},{'D3'},{'D2'},{'D6'},{'D7'},&,2.0,&
{'R2'},{'R3'},{'D4'},{'R1'},{'D5'},{'D1'},{'D3'},{'D6'},{'D2'},{'D7'},&,2.0,&
{'R2'},{'R3'},{'D4'},{'R1'},{'D5'},{'D3'},{'D1'},{'D2'},{'D6'},{'D7'},&,5.0,&
{'R2'},{'R3'},{'D4'},{'R1'},{'D5'},{'D3'},{'D1'},{'D6'},{'D2'},{'D7'},&,2.0,&
{'R2'},{'R3'},{'D4'},{'R1'},{'D5'},{'D2'},{'D1'},{'D3'},{'D6'},{'D7'},&,1.0,&
{'R2'},{'R3'},{'D4'},{'R1'},{'D5'},{'D2'},{'D3'},{'D1'},{'D6'},{'D7'},&,1.0,&
{'R2'},{'R3'},{'D4'},{'R1'},{'D2'},{'D1'},{'D3'},{'D5'},{'D6'},{'D7'},&,1.0,&
{'R2'},{'R3'},{'D4'},{'R1'},{'D2'},{'D3'},{'D5'},{'D1'},{'D6'},{'D7'},&,1.0,&
{'R2'},{'R3'},{'D4'},{'R1'},{'D2'},{'D3'},{'D1'},{'D5'},{'D6'},{'D7'},&,1.0,&
{'R2'},{'R3'},{'D3'},{'D1'},{'D5'},{'R1'},{'D2'},{'D4'},{'D6'},{'D7'},&,1.0,&
{'R2'},{'R3'},{'D3'},{'D1'},{'D5'},{'R1'},{'D6'},{'D4'},{'D2'},{'D7'},&,1.0,&
{'R2'},{'R3'},{'D3'},{'D1'},{'D5'},{'R1'},{'D4'},{'D2'},{'D6'},{'D7'},&,4.0,&
{'R2'},{'R3'},{'D3'},{'D1'},{'D4'},{'R1'},{'D2'},{'D5'},{'D6'},{'D7'},&,1.0,&
{'R2'},{'R3'},{'D3'},{'D1'},{'D2'},{'R1'},{'D5'},{'D4'},{'D6'},{'D7'},&,1.0,&
{'R2'},{'R3'},{'D3'},{'D1'},{'D2'},{'R1'},{'D6'},{'D5'},{'D4'},{'D7'},&,1.0,&
{'R2'},{'R3'},{'D3'},{'D1'},{'D2'},{'R1'},{'D4'},{'D6'},{'D5'},{'D7'},&,1.0,&
{'R2'},{'R3'},{'D3'},{'D1'},{'R1'},{'D5'},{'D2'},{'D4'},{'D6'},{'D7'},&,8.0,&
{'R2'},{'R3'},{'D3'},{'D1'},{'R1'},{'D5'},{'D4'},{'D2'},{'D6'},{'D7'},&,4.0,&
{'R2'},{'R3'},{'D3'},{'D1'},{'R1'},{'D5'},{'D4'},{'D2'},{'D7'},{'D6'},&,1.0,&
{'R2'},{'R3'},{'D3'},{'D1'},{'R1'},{'D4'},{'D5'},{'D2'},{'D6'},{'D7'},&,1.0,&
{'R2'},{'R3'},{'D3'},{'D1'},{'R1'},{'D4'},{'D5'},{'D6'},{'D2'},{'D7'},&,1.0,&
{'R2'},{'R3'},{'D3'},{'D1'},{'R1'},{'D2'},{'D5'},{'D4'},{'D6'},{'D7'},&,5.0,&
{'R2'},{'R3'},{'D3'},{'D1'},{'R1'},{'D2'},{'D5'},{'D6'},{'D4'},{'D7'},&,2.0,&
{'R2'},{'R3'},{'D3'},{'D1'},{'R1'},{'D6'},{'D5'},{'D4'},{'D2'},{'D7'},&,1.0,&
{'R2'},{'R3'},{'D3'},{'D5'},{'D1'},{'D4'},{'R1'},{'D6'},{'D2'},{'D7'},&,1.0,&
{'R2'},{'R3'},{'D3'},{'D5'},{'D1'},{'D2'},{'R1'},{'D4'},{'D6'},{'D7'},&,1.0,&
{'R2'},{'R3'},{'D3'},{'D5'},{'D1'},{'D2'},{'D4'},{'R1'},{'D6'},{'D7'},&,1.0,&
{'R2'},{'R3'},{'D3'},{'D5'},{'D1'},{'R1'},{'D2'},{'D4'},{'D6'},{'D7'},&,1.0,&
{'R2'},{'R3'},{'D3'},{'D5'},{'D1'},{'D6'},{'R1'},{'D2'},{'D4'},{'D7'},&,1.0,&
{'R2'},{'R3'},{'D3'},{'D5'},{'D2'},{'R1'},{'D6'},{'D4'},{'D1'},{'D7'},&,1.0,&
{'R2'},{'R3'},{'D3'},{'D5'},{'D6'},{'R1'},{'D2'},{'D1'},{'D4'},{'D7'},&,1.0,&
{'R2'},{'R3'},{'D3'},{'D5'},{'R1'},{'D4'},{'D2'},{'D1'},{'D6'},{'D7'},&,1.0,&
{'R2'},{'R3'},{'D3'},{'D5'},{'R1'},{'D4'},{'D1'},{'D2'},{'D6'},{'D7'},&,1.0,&
{'R2'},{'R3'},{'D3'},{'D5'},{'R1'},{'D4'},{'D1'},{'D6'},{'D2'},{'D7'},&,1.0,&
{'R2'},{'R3'},{'D3'},{'D5'},{'R1'},{'D1'},{'D2'},{'D4'},{'D6'},{'D7'},&,7.0,&
{'R2'},{'R3'},{'D3'},{'D5'},{'R1'},{'D1'},{'D2'},{'D6'},{'D4'},{'D7'},&,1.0,&
{'R2'},{'R3'},{'D3'},{'D5'},{'R1'},{'D1'},{'D6'},{'D2'},{'D4'},{'D7'},&,2.0,&
{'R2'},{'R3'},{'D3'},{'D5'},{'R1'},{'D1'},{'D6'},{'D4'},{'D2'},{'D7'},&,1.0,&
{'R2'},{'R3'},{'D3'},{'D5'},{'R1'},{'D1'},{'D4'},{'D2'},{'D6'},{'D7'},&,9.0,&
{'R2'},{'R3'},{'D3'},{'D5'},{'R1'},{'D2'},{'D1'},{'D4'},{'D6'},{'D7'},&,3.0,&
{'R2'},{'R3'},{'D3'},{'D5'},{'R1'},{'D2'},{'D1'},{'D4'},{'D7'},{'D6'},&,1.0,&
{'R2'},{'R3'},{'D3'},{'D5'},{'R1'},{'D2'},{'D1'},{'D6'},{'D4'},{'D7'},&,2.0,&
{'R2'},{'R3'},{'D3'},{'D5'},{'R1'},{'D6'},{'D2'},{'D1'},{'D4'},{'D7'},&,1.0,&
{'R2'},{'R3'},{'D3'},{'D5'},{'R1'},{'D6'},{'D1'},{'D4'},{'D2'},{'D7'},&,1.0,&
{'R2'},{'R3'},{'D3'},{'D4'},{'D2'},{'R1'},{'D1'},{'D5'},{'D6'},{'D7'},&,1.0,&
{'R2'},{'R3'},{'D3'},{'D4'},{'R1'},{'D5'},{'D1'},{'D2'},{'D6'},{'D7'},&,2.0,&
{'R2'},{'R3'},{'D3'},{'D4'},{'R1'},{'D1'},{'D5'},{'D2'},{'D6'},{'D7'},&,2.0,&
{'R2'},{'R3'},{'D3'},{'D4'},{'R1'},{'D1'},{'D5'},{'D6'},{'D2'},{'D7'},&,1.0,&
{'R2'},{'R3'},{'D3'},{'D2'},{'D4'},{'R1'},{'D1'},{'D5'},{'D6'},{'D7'},&,1.0,&
{'R2'},{'R3'},{'D3'},{'D2'},{'R1'},{'D5'},{'D1'},{'D4'},{'D6'},{'D7'},&,1.0,&
{'R2'},{'R3'},{'D3'},{'D2'},{'R1'},{'D5'},{'D4'},{'D1'},{'D6'},{'D7'},&,2.0,&
{'R2'},{'R3'},{'D3'},{'D2'},{'R1'},{'D1'},{'D5'},{'D4'},{'D6'},{'D7'},&,1.0,&
{'R2'},{'R3'},{'D3'},{'R1'},{'D1'},{'D5'},{'D2'},{'D4'},{'D6'},{'D7'},&,25.0,&
{'R2'},{'R3'},{'D3'},{'R1'},{'D1'},{'D5'},{'D2'},{'D6'},{'D4'},{'D7'},&,5.0,&
{'R2'},{'R3'},{'D3'},{'R1'},{'D1'},{'D5'},{'D6'},{'D2'},{'D4'},{'D7'},&,3.0,&
{'R2'},{'R3'},{'D3'},{'R1'},{'D1'},{'D5'},{'D6'},{'D4'},{'D2'},{'D7'},&,1.0,&
{'R2'},{'R3'},{'D3'},{'R1'},{'D1'},{'D5'},{'D4'},{'D2'},{'D6'},{'D7'},&,11.0,&
{'R2'},{'R3'},{'D3'},{'R1'},{'D1'},{'D5'},{'D4'},{'D6'},{'D2'},{'D7'},&,3.0,&
{'R2'},{'R3'},{'D3'},{'R1'},{'D1'},{'D4'},{'D2'},{'D5'},{'D6'},{'D7'},&,4.0,&
{'R2'},{'R3'},{'D3'},{'R1'},{'D1'},{'D4'},{'D2'},{'D6'},{'D5'},{'D7'},&,1.0,&
{'R2'},{'R3'},{'D3'},{'R1'},{'D1'},{'D4'},{'D5'},{'D2'},{'D6'},{'D7'},&,15.0,&
{'R2'},{'R3'},{'D3'},{'R1'},{'D1'},{'D2'},{'D5'},{'D4'},{'D6'},{'D7'},&,15.0,&
{'R2'},{'R3'},{'D3'},{'R1'},{'D1'},{'D2'},{'D5'},{'D6'},{'D4'},{'D7'},&,3.0,&
{'R2'},{'R3'},{'D3'},{'R1'},{'D1'},{'D6'},{'D5'},{'D2'},{'D4'},{'D7'},&,1.0,&
{'R2'},{'R3'},{'D3'},{'R1'},{'D1'},{'D6'},{'D5'},{'D4'},{'D2'},{'D7'},&,1.0,&
{'R2'},{'R3'},{'D3'},{'R1'},{'D5'},{'D4'},{'D2'},{'D1'},{'D7'},{'D6'},&,1.0,&
{'R2'},{'R3'},{'D3'},{'R1'},{'D5'},{'D4'},{'D1'},{'D2'},{'D6'},{'D7'},&,8.0,&
{'R2'},{'R3'},{'D3'},{'R1'},{'D5'},{'D4'},{'D1'},{'D6'},{'D2'},{'D7'},&,5.0,&
{'R2'},{'R3'},{'D3'},{'R1'},{'D5'},{'D4'},{'D6'},{'D1'},{'D2'},{'D7'},&,1.0,&
{'R2'},{'R3'},{'D3'},{'R1'},{'D5'},{'D1'},{'D2'},{'D4'},{'D6'},{'D7'},&,27.0,&
{'R2'},{'R3'},{'D3'},{'R1'},{'D5'},{'D1'},{'D2'},{'D6'},{'D4'},{'D7'},&,3.0,&
{'R2'},{'R3'},{'D3'},{'R1'},{'D5'},{'D1'},{'D6'},{'D2'},{'D4'},{'D7'},&,2.0,&
{'R2'},{'R3'},{'D3'},{'R1'},{'D5'},{'D1'},{'D6'},{'D4'},{'D2'},{'D7'},&,1.0,&
{'R2'},{'R3'},{'D3'},{'R1'},{'D5'},{'D1'},{'D4'},{'D2'},{'D6'},{'D7'},&,14.0,&
{'R2'},{'R3'},{'D3'},{'R1'},{'D5'},{'D1'},{'D4'},{'D2'},{'D7'},{'D6'},&,1.0,&
{'R2'},{'R3'},{'D3'},{'R1'},{'D5'},{'D1'},{'D4'},{'D6'},{'D2'},{'D7'},&,2.0,&
{'R2'},{'R3'},{'D3'},{'R1'},{'D5'},{'D1'},{'D7'},{'D2'},{'D4'},{'D6'},&,1.0,&
{'R2'},{'R3'},{'D3'},{'R1'},{'D5'},{'D2'},{'D1'},{'D4'},{'D6'},{'D7'},&,13.0,&
{'R2'},{'R3'},{'D3'},{'R1'},{'D5'},{'D2'},{'D1'},{'D7'},{'D4'},{'D6'},&,1.0,&
{'R2'},{'R3'},{'D3'},{'R1'},{'D5'},{'D2'},{'D1'},{'D6'},{'D4'},{'D7'},&,3.0,&
{'R2'},{'R3'},{'D3'},{'R1'},{'D5'},{'D2'},{'D6'},{'D1'},{'D4'},{'D7'},&,3.0,&
{'R2'},{'R3'},{'D3'},{'R1'},{'D5'},{'D2'},{'D4'},{'D1'},{'D6'},{'D7'},&,7.0,&
{'R2'},{'R3'},{'D3'},{'R1'},{'D5'},{'D6'},{'D1'},{'D2'},{'D4'},{'D7'},&,1.0,&
{'R2'},{'R3'},{'D3'},{'R1'},{'D5'},{'D6'},{'D1'},{'D4'},{'D2'},{'D7'},&,1.0,&
{'R2'},{'R3'},{'D3'},{'R1'},{'D4'},{'D5'},{'D2'},{'D1'},{'D6'},{'D7'},&,4.0,&
{'R2'},{'R3'},{'D3'},{'R1'},{'D4'},{'D5'},{'D1'},{'D2'},{'D6'},{'D7'},&,5.0,&
{'R2'},{'R3'},{'D3'},{'R1'},{'D4'},{'D5'},{'D1'},{'D6'},{'D2'},{'D7'},&,1.0,&
{'R2'},{'R3'},{'D3'},{'R1'},{'D4'},{'D1'},{'D5'},{'D2'},{'D6'},{'D7'},&,9.0,&
{'R2'},{'R3'},{'D3'},{'R1'},{'D4'},{'D1'},{'D5'},{'D6'},{'D2'},{'D7'},&,1.0,&
{'R2'},{'R3'},{'D3'},{'R1'},{'D4'},{'D2'},{'D5'},{'D1'},{'D6'},{'D7'},&,2.0,&
{'R2'},{'R3'},{'D3'},{'R1'},{'D4'},{'D2'},{'D1'},{'D5'},{'D6'},{'D7'},&,2.0,&
{'R2'},{'R3'},{'D3'},{'R1'},{'D2'},{'D5'},{'D1'},{'D4'},{'D6'},{'D7'},&,12.0,&
{'R2'},{'R3'},{'D3'},{'R1'},{'D2'},{'D5'},{'D1'},{'D4'},{'D7'},{'D6'},&,1.0,&
{'R2'},{'R3'},{'D3'},{'R1'},{'D2'},{'D5'},{'D1'},{'D6'},{'D4'},{'D7'},&,2.0,&
{'R2'},{'R3'},{'D3'},{'R1'},{'D2'},{'D5'},{'D4'},{'D1'},{'D6'},{'D7'},&,3.0,&
{'R2'},{'R3'},{'D3'},{'R1'},{'D2'},{'D4'},{'D5'},{'D1'},{'D6'},{'D7'},&,2.0,&
{'R2'},{'R3'},{'D3'},{'R1'},{'D2'},{'D4'},{'D5'},{'D6'},{'D1'},{'D7'},&,1.0,&
{'R2'},{'R3'},{'D3'},{'R1'},{'D2'},{'D4'},{'D1'},{'D5'},{'D6'},{'D7'},&,2.0,&
{'R2'},{'R3'},{'D3'},{'R1'},{'D2'},{'D1'},{'D5'},{'D4'},{'D6'},{'D7'},&,7.0,&
{'R2'},{'R3'},{'D3'},{'R1'},{'D2'},{'D1'},{'D6'},{'D5'},{'D4'},{'D7'},&,1.0,&
{'R2'},{'R3'},{'D3'},{'R1'},{'D2'},{'D1'},{'D4'},{'D5'},{'D6'},{'D7'},&,4.0,&
{'R2'},{'R3'},{'D3'},{'R1'},{'D2'},{'D6'},{'D5'},{'D4'},{'D1'},{'D7'},&,1.0,&
{'R2'},{'R3'},{'D3'},{'R1'},{'D2'},{'D6'},{'D5'},{'D1'},{'D4'},{'D7'},&,1.0,&
{'R2'},{'R3'},{'D3'},{'R1'},{'D6'},{'D5'},{'D2'},{'D1'},{'D4'},{'D7'},&,1.0,&
{'R2'},{'R3'},{'D3'},{'R1'},{'D6'},{'D1'},{'D5'},{'D2'},{'D4'},{'D7'},&,1.0,&
{'R2'},{'R3'},{'D7'},{'D1'},{'R1'},{'D5'},{'D3'},{'D2'},{'D6'},{'D4'},&,1.0,&
{'R2'},{'R3'},{'D5'},{'D1'},{'D3'},{'R1'},{'D2'},{'D4'},{'D6'},{'D7'},&,1.0,&
{'R2'},{'R3'},{'D5'},{'D1'},{'D3'},{'R1'},{'D4'},{'D2'},{'D6'},{'D7'},&,3.0,&
{'R2'},{'R3'},{'D5'},{'D1'},{'D4'},{'D3'},{'R1'},{'D2'},{'D6'},{'D7'},&,1.0,&
{'R2'},{'R3'},{'D5'},{'D1'},{'D2'},{'R1'},{'D3'},{'D4'},{'D6'},{'D7'},&,1.0,&
{'R2'},{'R3'},{'D5'},{'D1'},{'R1'},{'D4'},{'D2'},{'D3'},{'D6'},{'D7'},&,2.0,&
{'R2'},{'R3'},{'D5'},{'D1'},{'R1'},{'D3'},{'D2'},{'D4'},{'D6'},{'D7'},&,7.0,&
{'R2'},{'R3'},{'D5'},{'D1'},{'R1'},{'D3'},{'D2'},{'D6'},{'D4'},{'D7'},&,3.0,&
{'R2'},{'R3'},{'D5'},{'D1'},{'R1'},{'D3'},{'D6'},{'D4'},{'D2'},{'D7'},&,1.0,&
{'R2'},{'R3'},{'D5'},{'D1'},{'R1'},{'D3'},{'D4'},{'D2'},{'D6'},{'D7'},&,7.0,&
{'R2'},{'R3'},{'D5'},{'D1'},{'R1'},{'D3'},{'D7'},{'D4'},{'D2'},{'D6'},&,1.0,&
{'R2'},{'R3'},{'D5'},{'D4'},{'D3'},{'D1'},{'R1'},{'D2'},{'D6'},{'D7'},&,1.0,&
{'R2'},{'R3'},{'D5'},{'D4'},{'R1'},{'D1'},{'D3'},{'D2'},{'D6'},{'D7'},&,1.0,&
{'R2'},{'R3'},{'D5'},{'D4'},{'R1'},{'D3'},{'D2'},{'D1'},{'D6'},{'D7'},&,2.0,&
{'R2'},{'R3'},{'D5'},{'D6'},{'R1'},{'D4'},{'D3'},{'D1'},{'D2'},{'D7'},&,1.0,&
{'R2'},{'R3'},{'D5'},{'D3'},{'D1'},{'D4'},{'R1'},{'D2'},{'D6'},{'D7'},&,1.0,&
{'R2'},{'R3'},{'D5'},{'D3'},{'D1'},{'D2'},{'R1'},{'D4'},{'D6'},{'D7'},&,2.0,&
{'R2'},{'R3'},{'D5'},{'D3'},{'D1'},{'R1'},{'D4'},{'D2'},{'D7'},{'D6'},&,1.0,&
{'R2'},{'R3'},{'D5'},{'D3'},{'R1'},{'D4'},{'D2'},{'D1'},{'D6'},{'D7'},&,2.0,&
{'R2'},{'R3'},{'D5'},{'D3'},{'R1'},{'D4'},{'D1'},{'D2'},{'D6'},{'D7'},&,2.0,&
{'R2'},{'R3'},{'D5'},{'D3'},{'R1'},{'D4'},{'D1'},{'D6'},{'D2'},{'D7'},&,1.0,&
{'R2'},{'R3'},{'D5'},{'D3'},{'R1'},{'D1'},{'D2'},{'D4'},{'D6'},{'D7'},&,6.0,&
{'R2'},{'R3'},{'D5'},{'D3'},{'R1'},{'D1'},{'D2'},{'D6'},{'D4'},{'D7'},&,2.0,&
{'R2'},{'R3'},{'D5'},{'D3'},{'R1'},{'D1'},{'D6'},{'D4'},{'D2'},{'D7'},&,2.0,&
{'R2'},{'R3'},{'D5'},{'D3'},{'R1'},{'D1'},{'D4'},{'D2'},{'D6'},{'D7'},&,3.0,&
{'R2'},{'R3'},{'D5'},{'D3'},{'R1'},{'D2'},{'D1'},{'D4'},{'D6'},{'D7'},&,3.0,&
{'R2'},{'R3'},{'D5'},{'D3'},{'R1'},{'D2'},{'D4'},{'D6'},{'D1'},{'D7'},&,1.0,&
{'R2'},{'R3'},{'D5'},{'D2'},{'D3'},{'R1'},{'D1'},{'D4'},{'D6'},{'D7'},&,1.0,&
{'R2'},{'R3'},{'D5'},{'D2'},{'D4'},{'R1'},{'D3'},{'D1'},{'D6'},{'D7'},&,1.0,&
{'R2'},{'R3'},{'D5'},{'D2'},{'R1'},{'D1'},{'D3'},{'D4'},{'D6'},{'D7'},&,4.0,&
{'R2'},{'R3'},{'D5'},{'D2'},{'R1'},{'D3'},{'D1'},{'D4'},{'D6'},{'D7'},&,1.0,&
{'R2'},{'R3'},{'D5'},{'D2'},{'R1'},{'D3'},{'D4'},{'D1'},{'D6'},{'D7'},&,1.0,&
{'R2'},{'R3'},{'D5'},{'R1'},{'D3'},{'D4'},{'D2'},{'D1'},{'D6'},{'D7'},&,3.0,&
{'R2'},{'R3'},{'D5'},{'R1'},{'D3'},{'D4'},{'D1'},{'D2'},{'D6'},{'D7'},&,8.0,&
{'R2'},{'R3'},{'D5'},{'R1'},{'D3'},{'D4'},{'D1'},{'D6'},{'D2'},{'D7'},&,3.0,&
{'R2'},{'R3'},{'D5'},{'R1'},{'D3'},{'D1'},{'D2'},{'D4'},{'D6'},{'D7'},&,16.0,&
{'R2'},{'R3'},{'D5'},{'R1'},{'D3'},{'D1'},{'D2'},{'D6'},{'D4'},{'D7'},&,4.0,&
{'R2'},{'R3'},{'D5'},{'R1'},{'D3'},{'D1'},{'D4'},{'D2'},{'D6'},{'D7'},&,22.0,&
{'R2'},{'R3'},{'D5'},{'R1'},{'D3'},{'D1'},{'D4'},{'D6'},{'D2'},{'D7'},&,1.0,&
{'R2'},{'R3'},{'D5'},{'R1'},{'D3'},{'D2'},{'D1'},{'D4'},{'D6'},{'D7'},&,9.0,&
{'R2'},{'R3'},{'D5'},{'R1'},{'D3'},{'D2'},{'D1'},{'D6'},{'D4'},{'D7'},&,3.0,&
{'R2'},{'R3'},{'D5'},{'R1'},{'D3'},{'D2'},{'D6'},{'D1'},{'D4'},{'D7'},&,2.0,&
{'R2'},{'R3'},{'D5'},{'R1'},{'D3'},{'D2'},{'D4'},{'D1'},{'D6'},{'D7'},&,3.0,&
{'R2'},{'R3'},{'D5'},{'R1'},{'D3'},{'D6'},{'D4'},{'D2'},{'D1'},{'D7'},&,1.0,&
{'R2'},{'R3'},{'D5'},{'R1'},{'D1'},{'D4'},{'D2'},{'D3'},{'D6'},{'D7'},&,1.0,&
{'R2'},{'R3'},{'D5'},{'R1'},{'D1'},{'D4'},{'D3'},{'D2'},{'D6'},{'D7'},&,5.0,&
{'R2'},{'R3'},{'D5'},{'R1'},{'D1'},{'D3'},{'D2'},{'D4'},{'D6'},{'D7'},&,23.0,&
{'R2'},{'R3'},{'D5'},{'R1'},{'D1'},{'D3'},{'D2'},{'D6'},{'D4'},{'D7'},&,2.0,&
{'R2'},{'R3'},{'D5'},{'R1'},{'D1'},{'D3'},{'D6'},{'D2'},{'D4'},{'D7'},&,1.0,&
{'R2'},{'R3'},{'D5'},{'R1'},{'D1'},{'D3'},{'D6'},{'D4'},{'D2'},{'D7'},&,2.0,&
{'R2'},{'R3'},{'D5'},{'R1'},{'D1'},{'D3'},{'D4'},{'D2'},{'D6'},{'D7'},&,10.0,&
{'R2'},{'R3'},{'D5'},{'R1'},{'D1'},{'D3'},{'D4'},{'D6'},{'D2'},{'D7'},&,1.0,&
{'R2'},{'R3'},{'D5'},{'R1'},{'D1'},{'D2'},{'D6'},{'D3'},{'D4'},{'D7'},&,1.0,&
{'R2'},{'R3'},{'D5'},{'R1'},{'D1'},{'D2'},{'D3'},{'D4'},{'D6'},{'D7'},&,6.0,&
{'R2'},{'R3'},{'D5'},{'R1'},{'D1'},{'D2'},{'D3'},{'D6'},{'D4'},{'D7'},&,2.0,&
{'R2'},{'R3'},{'D5'},{'R1'},{'D4'},{'D1'},{'D2'},{'D3'},{'D6'},{'D7'},&,2.0,&
{'R2'},{'R3'},{'D5'},{'R1'},{'D4'},{'D1'},{'D3'},{'D2'},{'D6'},{'D7'},&,3.0,&
{'R2'},{'R3'},{'D5'},{'R1'},{'D4'},{'D1'},{'D3'},{'D6'},{'D2'},{'D7'},&,1.0,&
{'R2'},{'R3'},{'D5'},{'R1'},{'D4'},{'D3'},{'D2'},{'D1'},{'D7'},{'D6'},&,1.0,&
{'R2'},{'R3'},{'D5'},{'R1'},{'D4'},{'D3'},{'D1'},{'D2'},{'D6'},{'D7'},&,3.0,&
{'R2'},{'R3'},{'D5'},{'R1'},{'D4'},{'D3'},{'D6'},{'D2'},{'D1'},{'D7'},&,1.0,&
{'R2'},{'R3'},{'D5'},{'R1'},{'D4'},{'D3'},{'D6'},{'D1'},{'D2'},{'D7'},&,1.0,&
{'R2'},{'R3'},{'D5'},{'R1'},{'D4'},{'D2'},{'D1'},{'D3'},{'D6'},{'D7'},&,1.0,&
{'R2'},{'R3'},{'D5'},{'R1'},{'D2'},{'D4'},{'D1'},{'D3'},{'D6'},{'D7'},&,1.0,&
{'R2'},{'R3'},{'D5'},{'R1'},{'D2'},{'D1'},{'D6'},{'D3'},{'D4'},{'D7'},&,1.0,&
{'R2'},{'R3'},{'D5'},{'R1'},{'D2'},{'D1'},{'D4'},{'D3'},{'D6'},{'D7'},&,1.0,&
{'R2'},{'R3'},{'D5'},{'R1'},{'D2'},{'D1'},{'D3'},{'D4'},{'D6'},{'D7'},&,5.0,&
{'R2'},{'R3'},{'D5'},{'R1'},{'D2'},{'D1'},{'D3'},{'D6'},{'D4'},{'D7'},&,1.0,&
{'R2'},{'R3'},{'D5'},{'R1'},{'D2'},{'D3'},{'D1'},{'D4'},{'D6'},{'D7'},&,9.0,&
{'R2'},{'R3'},{'D5'},{'R1'},{'D2'},{'D3'},{'D4'},{'D1'},{'D6'},{'D7'},&,2.0,&
{'R2'},{'R3'},{'D5'},{'R1'},{'D6'},{'D1'},{'D3'},{'D4'},{'D2'},{'D7'},&,1.0,&
{'R2'},{'R3'},{'D5'},{'R1'},{'D6'},{'D3'},{'D1'},{'D2'},{'D4'},{'D7'},&,1.0,&
{'R2'},{'R3'},{'D5'},{'R1'},{'D6'},{'D2'},{'D3'},{'D1'},{'D4'},{'D7'},&,1.0,&
{'R2'},{'R3'},{'D6'},{'D1'},{'D3'},{'R1'},{'D4'},{'D5'},{'D2'},{'D7'},&,1.0,&
{'R2'},{'R3'},{'D6'},{'D5'},{'R1'},{'D4'},{'D3'},{'D1'},{'D2'},{'D7'},&,1.0,&
{'R2'},{'R3'},{'D6'},{'D5'},{'R1'},{'D2'},{'D3'},{'D1'},{'D4'},{'D7'},&,1.0,&
{'R2'},{'R3'},{'D6'},{'D3'},{'D4'},{'R1'},{'D5'},{'D1'},{'D2'},{'D7'},&,1.0,&
{'R2'},{'R3'},{'D6'},{'R1'},{'D3'},{'D4'},{'D5'},{'D1'},{'D2'},{'D7'},&,1.0,&
{'R2'},{'R3'},{'D6'},{'R1'},{'D3'},{'D1'},{'D2'},{'D5'},{'D4'},{'D7'},&,1.0,&
{'R2'},{'R3'},{'D6'},{'R1'},{'D3'},{'D1'},{'D5'},{'D2'},{'D4'},{'D7'},&,1.0,&
{'R2'},{'R3'},{'D6'},{'R1'},{'D1'},{'D5'},{'D3'},{'D4'},{'D2'},{'D7'},&,1.0,&
{'R2'},{'R3'},{'D6'},{'R1'},{'D1'},{'D3'},{'D4'},{'D5'},{'D2'},{'D7'},&,1.0,&
{'R2'},{'R3'},{'D6'},{'R1'},{'D5'},{'D4'},{'D3'},{'D1'},{'D2'},{'D7'},&,1.0,&
{'R2'},{'R3'},{'D6'},{'R1'},{'D5'},{'D1'},{'D4'},{'D2'},{'D3'},{'D7'},&,1.0,&
{'R2'},{'R3'},{'D6'},{'R1'},{'D5'},{'D3'},{'D1'},{'D4'},{'D2'},{'D7'},&,1.0,&
{'R2'},{'R3'},{'D6'},{'R1'},{'D5'},{'D2'},{'D1'},{'D3'},{'D4'},{'D7'},&,1.0,&
{'R2'},{'R3'},{'D6'},{'R1'},{'D4'},{'D1'},{'D5'},{'D3'},{'D2'},{'D7'},&,1.0,&
{'R2'},{'R3'},{'D6'},{'R1'},{'D2'},{'D5'},{'D3'},{'D1'},{'D4'},{'D7'},&,1.0,&
{'R2'},{'R3'},{'D1'},{'D5'},{'D3'},{'D4'},{'R1'},{'D6'},{'D2'},{'D7'},&,1.0,&
{'R2'},{'R3'},{'D1'},{'D5'},{'D3'},{'R1'},{'D2'},{'D6'},{'D4'},{'D7'},&,1.0,&
{'R2'},{'R3'},{'D1'},{'D5'},{'D4'},{'R1'},{'D6'},{'D3'},{'D2'},{'D7'},&,1.0,&
{'R2'},{'R3'},{'D1'},{'D5'},{'D4'},{'R1'},{'D3'},{'D2'},{'D6'},{'D7'},&,1.0,&
{'R2'},{'R3'},{'D1'},{'D5'},{'D2'},{'D3'},{'D4'},{'D6'},{'R1'},{'D7'},&,1.0,&
{'R2'},{'R3'},{'D1'},{'D5'},{'D2'},{'R1'},{'D3'},{'D6'},{'D4'},{'D7'},&,1.0,&
{'R2'},{'R3'},{'D1'},{'D5'},{'D6'},{'R1'},{'D3'},{'D2'},{'D4'},{'D7'},&,1.0,&
{'R2'},{'R3'},{'D1'},{'D5'},{'R1'},{'D4'},{'D3'},{'D2'},{'D6'},{'D7'},&,2.0,&
{'R2'},{'R3'},{'D1'},{'D5'},{'R1'},{'D4'},{'D3'},{'D6'},{'D2'},{'D7'},&,2.0,&
{'R2'},{'R3'},{'D1'},{'D5'},{'R1'},{'D3'},{'D2'},{'D4'},{'D6'},{'D7'},&,1.0,&
{'R2'},{'R3'},{'D1'},{'D5'},{'R1'},{'D3'},{'D2'},{'D6'},{'D4'},{'D7'},&,1.0,&
{'R2'},{'R3'},{'D1'},{'D5'},{'R1'},{'D3'},{'D4'},{'D2'},{'D6'},{'D7'},&,1.0,&
{'R2'},{'R3'},{'D1'},{'D5'},{'R1'},{'D2'},{'D3'},{'D4'},{'D6'},{'D7'},&,3.0,&
{'R2'},{'R3'},{'D1'},{'D6'},{'R1'},{'D4'},{'D2'},{'D3'},{'D5'},{'D7'},&,1.0,&
{'R2'},{'R3'},{'D1'},{'D6'},{'R1'},{'D3'},{'D2'},{'D5'},{'D4'},{'D7'},&,1.0,&
{'R2'},{'R3'},{'D1'},{'D3'},{'D5'},{'D2'},{'R1'},{'D6'},{'D4'},{'D7'},&,1.0,&
{'R2'},{'R3'},{'D1'},{'D3'},{'D5'},{'R1'},{'D2'},{'D4'},{'D6'},{'D7'},&,2.0,&
{'R2'},{'R3'},{'D1'},{'D3'},{'D5'},{'R1'},{'D4'},{'D2'},{'D6'},{'D7'},&,2.0,&
{'R2'},{'R3'},{'D1'},{'D3'},{'D4'},{'D5'},{'R1'},{'D2'},{'D6'},{'D7'},&,1.0,&
{'R2'},{'R3'},{'D1'},{'D3'},{'D2'},{'R1'},{'D5'},{'D6'},{'D4'},{'D7'},&,1.0,&
{'R2'},{'R3'},{'D1'},{'D3'},{'R1'},{'D5'},{'D2'},{'D4'},{'D6'},{'D7'},&,5.0,&
{'R2'},{'R3'},{'D1'},{'D3'},{'R1'},{'D5'},{'D6'},{'D2'},{'D4'},{'D7'},&,2.0,&
{'R2'},{'R3'},{'D1'},{'D3'},{'R1'},{'D5'},{'D4'},{'D2'},{'D6'},{'D7'},&,3.0,&
{'R2'},{'R3'},{'D1'},{'D3'},{'R1'},{'D5'},{'D4'},{'D6'},{'D2'},{'D7'},&,1.0,&
{'R2'},{'R3'},{'D1'},{'D3'},{'R1'},{'D4'},{'D2'},{'D5'},{'D6'},{'D7'},&,1.0,&
{'R2'},{'R3'},{'D1'},{'D3'},{'R1'},{'D4'},{'D5'},{'D2'},{'D6'},{'D7'},&,1.0,&
{'R2'},{'R3'},{'D1'},{'D3'},{'R1'},{'D2'},{'D5'},{'D4'},{'D6'},{'D7'},&,4.0,&
{'R2'},{'R3'},{'D1'},{'D2'},{'D5'},{'D3'},{'D4'},{'R1'},{'D6'},{'D7'},&,1.0,&
{'R2'},{'R3'},{'D1'},{'D2'},{'R1'},{'D5'},{'D4'},{'D3'},{'D6'},{'D7'},&,1.0,&
{'R2'},{'R3'},{'D1'},{'D2'},{'R1'},{'D5'},{'D3'},{'D4'},{'D6'},{'D7'},&,1.0,&
{'R2'},{'R3'},{'D1'},{'D2'},{'R1'},{'D3'},{'D5'},{'D4'},{'D6'},{'D7'},&,1.0,&
{'R2'},{'R3'},{'D1'},{'D2'},{'R1'},{'D3'},{'D5'},{'D6'},{'D4'},{'D7'},&,1.0,&
{'R2'},{'R3'},{'D1'},{'R1'},{'D3'},{'D5'},{'D2'},{'D4'},{'D6'},{'D7'},&,14.0,&
{'R2'},{'R3'},{'D1'},{'R1'},{'D3'},{'D5'},{'D2'},{'D4'},{'D7'},{'D6'},&,2.0,&
{'R2'},{'R3'},{'D1'},{'R1'},{'D3'},{'D5'},{'D2'},{'D6'},{'D4'},{'D7'},&,2.0,&
{'R2'},{'R3'},{'D1'},{'R1'},{'D3'},{'D5'},{'D6'},{'D2'},{'D4'},{'D7'},&,1.0,&
{'R2'},{'R3'},{'D1'},{'R1'},{'D3'},{'D5'},{'D6'},{'D4'},{'D2'},{'D7'},&,1.0,&
{'R2'},{'R3'},{'D1'},{'R1'},{'D3'},{'D5'},{'D4'},{'D2'},{'D6'},{'D7'},&,15.0,&
{'R2'},{'R3'},{'D1'},{'R1'},{'D3'},{'D5'},{'D4'},{'D6'},{'D2'},{'D7'},&,5.0,&
{'R2'},{'R3'},{'D1'},{'R1'},{'D3'},{'D4'},{'D2'},{'D5'},{'D6'},{'D7'},&,3.0,&
{'R2'},{'R3'},{'D1'},{'R1'},{'D3'},{'D4'},{'D5'},{'D2'},{'D6'},{'D7'},&,4.0,&
{'R2'},{'R3'},{'D1'},{'R1'},{'D3'},{'D4'},{'D5'},{'D2'},{'D7'},{'D6'},&,1.0,&
{'R2'},{'R3'},{'D1'},{'R1'},{'D3'},{'D4'},{'D5'},{'D6'},{'D2'},{'D7'},&,1.0,&
{'R2'},{'R3'},{'D1'},{'R1'},{'D3'},{'D2'},{'D5'},{'D4'},{'D6'},{'D7'},&,9.0,&
{'R2'},{'R3'},{'D1'},{'R1'},{'D3'},{'D2'},{'D5'},{'D6'},{'D4'},{'D7'},&,1.0,&
{'R2'},{'R3'},{'D1'},{'R1'},{'D3'},{'D2'},{'D4'},{'D5'},{'D6'},{'D7'},&,2.0,&
{'R2'},{'R3'},{'D1'},{'R1'},{'D3'},{'D6'},{'D2'},{'D5'},{'D4'},{'D7'},&,1.0,&
{'R2'},{'R3'},{'D1'},{'R1'},{'D5'},{'D4'},{'D2'},{'D3'},{'D6'},{'D7'},&,1.0,&
{'R2'},{'R3'},{'D1'},{'R1'},{'D5'},{'D4'},{'D2'},{'D6'},{'D3'},{'D7'},&,1.0,&
{'R2'},{'R3'},{'D1'},{'R1'},{'D5'},{'D4'},{'D3'},{'D2'},{'D6'},{'D7'},&,4.0,&
{'R2'},{'R3'},{'D1'},{'R1'},{'D5'},{'D3'},{'D2'},{'D4'},{'D6'},{'D7'},&,17.0,&
{'R2'},{'R3'},{'D1'},{'R1'},{'D5'},{'D3'},{'D2'},{'D6'},{'D4'},{'D7'},&,5.0,&
{'R2'},{'R3'},{'D1'},{'R1'},{'D5'},{'D3'},{'D6'},{'D2'},{'D4'},{'D7'},&,1.0,&
{'R2'},{'R3'},{'D1'},{'R1'},{'D5'},{'D3'},{'D4'},{'D2'},{'D6'},{'D7'},&,8.0,&
{'R2'},{'R3'},{'D1'},{'R1'},{'D5'},{'D3'},{'D4'},{'D6'},{'D2'},{'D7'},&,2.0,&
{'R2'},{'R3'},{'D1'},{'R1'},{'D5'},{'D2'},{'D4'},{'D3'},{'D6'},{'D7'},&,1.0,&
{'R2'},{'R3'},{'D1'},{'R1'},{'D5'},{'D2'},{'D3'},{'D4'},{'D6'},{'D7'},&,10.0,&
{'R2'},{'R3'},{'D1'},{'R1'},{'D5'},{'D2'},{'D3'},{'D6'},{'D4'},{'D7'},&,1.0,&
{'R2'},{'R3'},{'D1'},{'R1'},{'D5'},{'D6'},{'D2'},{'D3'},{'D4'},{'D7'},&,1.0,&
{'R2'},{'R3'},{'D1'},{'R1'},{'D5'},{'D6'},{'D3'},{'D2'},{'D4'},{'D7'},&,1.0,&
{'R2'},{'R3'},{'D1'},{'R1'},{'D5'},{'D6'},{'D3'},{'D4'},{'D2'},{'D7'},&,1.0,&
{'R2'},{'R3'},{'D1'},{'R1'},{'D4'},{'D5'},{'D2'},{'D3'},{'D6'},{'D7'},&,2.0,&
{'R2'},{'R3'},{'D1'},{'R1'},{'D4'},{'D5'},{'D6'},{'D3'},{'D2'},{'D7'},&,1.0,&
{'R2'},{'R3'},{'D1'},{'R1'},{'D4'},{'D5'},{'D3'},{'D2'},{'D6'},{'D7'},&,4.0,&
{'R2'},{'R3'},{'D1'},{'R1'},{'D4'},{'D3'},{'D2'},{'D5'},{'D6'},{'D7'},&,3.0,&
{'R2'},{'R3'},{'D1'},{'R1'},{'D4'},{'D3'},{'D5'},{'D2'},{'D6'},{'D7'},&,4.0,&
{'R2'},{'R3'},{'D1'},{'R1'},{'D4'},{'D2'},{'D3'},{'D5'},{'D6'},{'D7'},&,1.0,&
{'R2'},{'R3'},{'D1'},{'R1'},{'D2'},{'D5'},{'D4'},{'D3'},{'D6'},{'D7'},&,1.0,&
{'R2'},{'R3'},{'D1'},{'R1'},{'D2'},{'D5'},{'D3'},{'D4'},{'D6'},{'D7'},&,4.0,&
{'R2'},{'R3'},{'D1'},{'R1'},{'D2'},{'D5'},{'D3'},{'D6'},{'D4'},{'D7'},&,2.0,&
{'R2'},{'R3'},{'D1'},{'R1'},{'D2'},{'D4'},{'D5'},{'D3'},{'D6'},{'D7'},&,1.0,&
{'R2'},{'R3'},{'D1'},{'R1'},{'D2'},{'D4'},{'D3'},{'D5'},{'D6'},{'D7'},&,2.0,&
{'R2'},{'R3'},{'D1'},{'R1'},{'D2'},{'D3'},{'D5'},{'D4'},{'D6'},{'D7'},&,7.0,&
{'R2'},{'R3'},{'D1'},{'R1'},{'D2'},{'D3'},{'D4'},{'D5'},{'D6'},{'D7'},&,1.0,&
{'R2'},{'R3'},{'D1'},{'R1'},{'D2'},{'D3'},{'D4'},{'D6'},{'D5'},{'D7'},&,1.0,&
{'R2'},{'R3'},{'D1'},{'R1'},{'D2'},{'D6'},{'D3'},{'D5'},{'D4'},{'D7'},&,1.0,&
{'R2'},{'R3'},{'D1'},{'R1'},{'D7'},{'D2'},{'D3'},{'D5'},{'D4'},{'D6'},&,1.0,&
{'R2'},{'R3'},{'D1'},{'R1'},{'D6'},{'D5'},{'D3'},{'D2'},{'D4'},{'D7'},&,2.0,&
{'R2'},{'R3'},{'D1'},{'R1'},{'D6'},{'D3'},{'D2'},{'D5'},{'D4'},{'D7'},&,1.0,&
{'R2'},{'R3'},{'D1'},{'R1'},{'D6'},{'D3'},{'D5'},{'D4'},{'D2'},{'D7'},&,2.0,&
{'R2'},{'R3'},{'D2'},{'D1'},{'D5'},{'R1'},{'D4'},{'D3'},{'D7'},{'D6'},&,1.0,&
{'R2'},{'R3'},{'D2'},{'D1'},{'R1'},{'D5'},{'D3'},{'D6'},{'D4'},{'D7'},&,1.0,&
{'R2'},{'R3'},{'D2'},{'D1'},{'R1'},{'D3'},{'D5'},{'D4'},{'D6'},{'D7'},&,1.0,&
{'R2'},{'R3'},{'D2'},{'D1'},{'R1'},{'D3'},{'D4'},{'D5'},{'D6'},{'D7'},&,1.0,&
{'R2'},{'R3'},{'D2'},{'D5'},{'R1'},{'D1'},{'D3'},{'D4'},{'D6'},{'D7'},&,3.0,&
{'R2'},{'R3'},{'D2'},{'D5'},{'R1'},{'D3'},{'D4'},{'D1'},{'D6'},{'D7'},&,1.0,&
{'R2'},{'R3'},{'D2'},{'D4'},{'R1'},{'D5'},{'D1'},{'D3'},{'D6'},{'D7'},&,1.0,&
{'R2'},{'R3'},{'D2'},{'D6'},{'R1'},{'D3'},{'D1'},{'D5'},{'D4'},{'D7'},&,1.0,&
{'R2'},{'R3'},{'D2'},{'D3'},{'R1'},{'D5'},{'D1'},{'D4'},{'D6'},{'D7'},&,1.0,&
{'R2'},{'R3'},{'D2'},{'D3'},{'R1'},{'D5'},{'D4'},{'D1'},{'D6'},{'D7'},&,1.0,&
{'R2'},{'R3'},{'D2'},{'D3'},{'R1'},{'D4'},{'D5'},{'D1'},{'D6'},{'D7'},&,2.0,&
{'R2'},{'R3'},{'D2'},{'D3'},{'R1'},{'D1'},{'D5'},{'D4'},{'D6'},{'D7'},&,5.0,&
{'R2'},{'R3'},{'D2'},{'D3'},{'R1'},{'D1'},{'D5'},{'D6'},{'D4'},{'D7'},&,2.0,&
{'R2'},{'R3'},{'D2'},{'D3'},{'R1'},{'D1'},{'D6'},{'D4'},{'D5'},{'D7'},&,1.0,&
{'R2'},{'R3'},{'D2'},{'R1'},{'D3'},{'D5'},{'D1'},{'D4'},{'D6'},{'D7'},&,8.0,&
{'R2'},{'R3'},{'D2'},{'R1'},{'D3'},{'D5'},{'D1'},{'D6'},{'D4'},{'D7'},&,2.0,&
{'R2'},{'R3'},{'D2'},{'R1'},{'D3'},{'D5'},{'D4'},{'D1'},{'D6'},{'D7'},&,2.0,&
{'R2'},{'R3'},{'D2'},{'R1'},{'D3'},{'D4'},{'D5'},{'D1'},{'D6'},{'D7'},&,1.0,&
{'R2'},{'R3'},{'D2'},{'R1'},{'D3'},{'D1'},{'D5'},{'D4'},{'D6'},{'D7'},&,6.0,&
{'R2'},{'R3'},{'D2'},{'R1'},{'D3'},{'D1'},{'D5'},{'D6'},{'D4'},{'D7'},&,3.0,&
{'R2'},{'R3'},{'D2'},{'R1'},{'D3'},{'D1'},{'D6'},{'D5'},{'D4'},{'D7'},&,1.0,&
{'R2'},{'R3'},{'D2'},{'R1'},{'D3'},{'D1'},{'D4'},{'D5'},{'D6'},{'D7'},&,2.0,&
{'R2'},{'R3'},{'D2'},{'R1'},{'D1'},{'D5'},{'D4'},{'D3'},{'D6'},{'D7'},&,1.0,&
{'R2'},{'R3'},{'D2'},{'R1'},{'D1'},{'D5'},{'D3'},{'D4'},{'D6'},{'D7'},&,9.0,&
{'R2'},{'R3'},{'D2'},{'R1'},{'D1'},{'D3'},{'D5'},{'D4'},{'D6'},{'D7'},&,3.0,&
{'R2'},{'R3'},{'D2'},{'R1'},{'D1'},{'D3'},{'D6'},{'D5'},{'D4'},{'D7'},&,1.0,&
{'R2'},{'R3'},{'D2'},{'R1'},{'D1'},{'D3'},{'D4'},{'D5'},{'D6'},{'D7'},&,2.0,&
{'R2'},{'R3'},{'D2'},{'R1'},{'D5'},{'D4'},{'D3'},{'D1'},{'D6'},{'D7'},&,1.0,&
{'R2'},{'R3'},{'D2'},{'R1'},{'D5'},{'D1'},{'D4'},{'D3'},{'D6'},{'D7'},&,2.0,&
{'R2'},{'R3'},{'D2'},{'R1'},{'D5'},{'D1'},{'D3'},{'D4'},{'D6'},{'D7'},&,6.0,&
{'R2'},{'R3'},{'D2'},{'R1'},{'D5'},{'D3'},{'D1'},{'D4'},{'D6'},{'D7'},&,8.0,&
{'R2'},{'R3'},{'D2'},{'R1'},{'D5'},{'D3'},{'D1'},{'D6'},{'D4'},{'D7'},&,1.0,&
{'R2'},{'R3'},{'D2'},{'R1'},{'D5'},{'D3'},{'D4'},{'D1'},{'D6'},{'D7'},&,2.0,&
{'R2'},{'R3'},{'D2'},{'R1'},{'D4'},{'D5'},{'D1'},{'D6'},{'D3'},{'D7'},&,1.0,&
{'R2'},{'R3'},{'D2'},{'R1'},{'D4'},{'D3'},{'D5'},{'D1'},{'D6'},{'D7'},&,2.0,&
{'R2'},{'R3'},{'D2'},{'R1'},{'D4'},{'D3'},{'D1'},{'D5'},{'D6'},{'D7'},&,2.0,&
{'R2'},{'R3'},{'R1'},{'D1'},{'D3'},{'D5'},{'D2'},{'D4'},{'D6'},{'D7'},&,80.0,&
{'R2'},{'R3'},{'R1'},{'D1'},{'D3'},{'D5'},{'D2'},{'D4'},{'D7'},{'D6'},&,1.0,&
{'R2'},{'R3'},{'R1'},{'D1'},{'D3'},{'D5'},{'D2'},{'D7'},{'D4'},{'D6'},&,1.0,&
{'R2'},{'R3'},{'R1'},{'D1'},{'D3'},{'D5'},{'D2'},{'D6'},{'D4'},{'D7'},&,18.0,&
{'R2'},{'R3'},{'R1'},{'D1'},{'D3'},{'D5'},{'D6'},{'D2'},{'D4'},{'D7'},&,5.0,&
{'R2'},{'R3'},{'R1'},{'D1'},{'D3'},{'D5'},{'D6'},{'D4'},{'D2'},{'D7'},&,4.0,&
{'R2'},{'R3'},{'R1'},{'D1'},{'D3'},{'D5'},{'D4'},{'D2'},{'D6'},{'D7'},&,64.0,&
{'R2'},{'R3'},{'R1'},{'D1'},{'D3'},{'D5'},{'D4'},{'D6'},{'D2'},{'D7'},&,5.0,&
{'R2'},{'R3'},{'R1'},{'D1'},{'D3'},{'D5'},{'D4'},{'D6'},{'D7'},{'D2'},&,1.0,&
{'R2'},{'R3'},{'R1'},{'D1'},{'D3'},{'D4'},{'D2'},{'D5'},{'D6'},{'D7'},&,16.0,&
{'R2'},{'R3'},{'R1'},{'D1'},{'D3'},{'D4'},{'D5'},{'D2'},{'D6'},{'D7'},&,26.0,&
{'R2'},{'R3'},{'R1'},{'D1'},{'D3'},{'D4'},{'D5'},{'D6'},{'D2'},{'D7'},&,2.0,&
{'R2'},{'R3'},{'R1'},{'D1'},{'D3'},{'D4'},{'D6'},{'D2'},{'D5'},{'D7'},&,1.0,&
{'R2'},{'R3'},{'R1'},{'D1'},{'D3'},{'D4'},{'D6'},{'D5'},{'D2'},{'D7'},&,1.0,&
{'R2'},{'R3'},{'R1'},{'D1'},{'D3'},{'D2'},{'D5'},{'D4'},{'D6'},{'D7'},&,34.0,&
{'R2'},{'R3'},{'R1'},{'D1'},{'D3'},{'D2'},{'D5'},{'D4'},{'D7'},{'D6'},&,2.0,&
{'R2'},{'R3'},{'R1'},{'D1'},{'D3'},{'D2'},{'D5'},{'D6'},{'D4'},{'D7'},&,7.0,&
{'R2'},{'R3'},{'R1'},{'D1'},{'D3'},{'D2'},{'D4'},{'D5'},{'D6'},{'D7'},&,16.0,&
{'R2'},{'R3'},{'R1'},{'D1'},{'D3'},{'D6'},{'D2'},{'D5'},{'D4'},{'D7'},&,4.0,&
{'R2'},{'R3'},{'R1'},{'D1'},{'D3'},{'D6'},{'D5'},{'D2'},{'D4'},{'D7'},&,4.0,&
{'R2'},{'R3'},{'R1'},{'D1'},{'D3'},{'D6'},{'D5'},{'D4'},{'D2'},{'D7'},&,1.0,&
{'R2'},{'R3'},{'R1'},{'D1'},{'D3'},{'D6'},{'D4'},{'D2'},{'D5'},{'D7'},&,1.0,&
{'R2'},{'R3'},{'R1'},{'D1'},{'D3'},{'D6'},{'D4'},{'D5'},{'D2'},{'D7'},&,1.0,&
{'R2'},{'R3'},{'R1'},{'D1'},{'D5'},{'D4'},{'D2'},{'D3'},{'D6'},{'D7'},&,6.0,&
{'R2'},{'R3'},{'R1'},{'D1'},{'D5'},{'D4'},{'D6'},{'D2'},{'D3'},{'D7'},&,1.0,&
{'R2'},{'R3'},{'R1'},{'D1'},{'D5'},{'D4'},{'D6'},{'D3'},{'D2'},{'D7'},&,1.0,&
{'R2'},{'R3'},{'R1'},{'D1'},{'D5'},{'D4'},{'D3'},{'D2'},{'D6'},{'D7'},&,24.0,&
{'R2'},{'R3'},{'R1'},{'D1'},{'D5'},{'D4'},{'D3'},{'D6'},{'D2'},{'D7'},&,3.0,&
{'R2'},{'R3'},{'R1'},{'D1'},{'D5'},{'D3'},{'D2'},{'D4'},{'D6'},{'D7'},&,71.0,&
{'R2'},{'R3'},{'R1'},{'D1'},{'D5'},{'D3'},{'D2'},{'D6'},{'D4'},{'D7'},&,15.0,&
{'R2'},{'R3'},{'R1'},{'D1'},{'D5'},{'D3'},{'D6'},{'D2'},{'D4'},{'D7'},&,7.0,&
{'R2'},{'R3'},{'R1'},{'D1'},{'D5'},{'D3'},{'D6'},{'D4'},{'D2'},{'D7'},&,3.0,&
{'R2'},{'R3'},{'R1'},{'D1'},{'D5'},{'D3'},{'D4'},{'D2'},{'D6'},{'D7'},&,45.0,&
{'R2'},{'R3'},{'R1'},{'D1'},{'D5'},{'D3'},{'D4'},{'D2'},{'D7'},{'D6'},&,1.0,&
{'R2'},{'R3'},{'R1'},{'D1'},{'D5'},{'D3'},{'D4'},{'D6'},{'D2'},{'D7'},&,5.0,&
{'R2'},{'R3'},{'R1'},{'D1'},{'D5'},{'D2'},{'D4'},{'D3'},{'D6'},{'D7'},&,4.0,&
{'R2'},{'R3'},{'R1'},{'D1'},{'D5'},{'D2'},{'D3'},{'D4'},{'D6'},{'D7'},&,20.0,&
{'R2'},{'R3'},{'R1'},{'D1'},{'D5'},{'D2'},{'D3'},{'D6'},{'D4'},{'D7'},&,8.0,&
{'R2'},{'R3'},{'R1'},{'D1'},{'D5'},{'D6'},{'D2'},{'D3'},{'D4'},{'D7'},&,2.0,&
{'R2'},{'R3'},{'R1'},{'D1'},{'D5'},{'D6'},{'D3'},{'D2'},{'D4'},{'D7'},&,4.0,&
{'R2'},{'R3'},{'R1'},{'D1'},{'D4'},{'D5'},{'D2'},{'D3'},{'D6'},{'D7'},&,5.0,&
{'R2'},{'R3'},{'R1'},{'D1'},{'D4'},{'D5'},{'D6'},{'D2'},{'D3'},{'D7'},&,1.0,&
{'R2'},{'R3'},{'R1'},{'D1'},{'D4'},{'D5'},{'D3'},{'D2'},{'D6'},{'D7'},&,10.0,&
{'R2'},{'R3'},{'R1'},{'D1'},{'D4'},{'D5'},{'D3'},{'D6'},{'D2'},{'D7'},&,1.0,&
{'R2'},{'R3'},{'R1'},{'D1'},{'D4'},{'D3'},{'D2'},{'D5'},{'D6'},{'D7'},&,7.0,&
{'R2'},{'R3'},{'R1'},{'D1'},{'D4'},{'D3'},{'D2'},{'D5'},{'D7'},{'D6'},&,1.0,&
{'R2'},{'R3'},{'R1'},{'D1'},{'D4'},{'D3'},{'D2'},{'D6'},{'D5'},{'D7'},&,1.0,&
{'R2'},{'R3'},{'R1'},{'D1'},{'D4'},{'D3'},{'D5'},{'D2'},{'D6'},{'D7'},&,14.0,&
{'R2'},{'R3'},{'R1'},{'D1'},{'D4'},{'D3'},{'D5'},{'D6'},{'D2'},{'D7'},&,3.0,&
{'R2'},{'R3'},{'R1'},{'D1'},{'D4'},{'D2'},{'D5'},{'D3'},{'D6'},{'D7'},&,3.0,&
{'R2'},{'R3'},{'R1'},{'D1'},{'D4'},{'D2'},{'D3'},{'D5'},{'D6'},{'D7'},&,6.0,&
{'R2'},{'R3'},{'R1'},{'D1'},{'D4'},{'D2'},{'D3'},{'D6'},{'D5'},{'D7'},&,1.0,&
{'R2'},{'R3'},{'R1'},{'D1'},{'D2'},{'D5'},{'D4'},{'D3'},{'D6'},{'D7'},&,5.0,&
{'R2'},{'R3'},{'R1'},{'D1'},{'D2'},{'D5'},{'D3'},{'D4'},{'D6'},{'D7'},&,23.0,&
{'R2'},{'R3'},{'R1'},{'D1'},{'D2'},{'D5'},{'D3'},{'D6'},{'D4'},{'D7'},&,2.0,&
{'R2'},{'R3'},{'R1'},{'D1'},{'D2'},{'D4'},{'D5'},{'D3'},{'D6'},{'D7'},&,4.0,&
{'R2'},{'R3'},{'R1'},{'D1'},{'D2'},{'D4'},{'D5'},{'D3'},{'D7'},{'D6'},&,1.0,&
{'R2'},{'R3'},{'R1'},{'D1'},{'D2'},{'D4'},{'D3'},{'D5'},{'D6'},{'D7'},&,5.0,&
{'R2'},{'R3'},{'R1'},{'D1'},{'D2'},{'D3'},{'D5'},{'D4'},{'D6'},{'D7'},&,32.0,&
{'R2'},{'R3'},{'R1'},{'D1'},{'D2'},{'D3'},{'D5'},{'D4'},{'D7'},{'D6'},&,1.0,&
{'R2'},{'R3'},{'R1'},{'D1'},{'D2'},{'D3'},{'D5'},{'D6'},{'D4'},{'D7'},&,7.0,&
{'R2'},{'R3'},{'R1'},{'D1'},{'D2'},{'D3'},{'D6'},{'D5'},{'D4'},{'D7'},&,4.0,&
{'R2'},{'R3'},{'R1'},{'D1'},{'D2'},{'D3'},{'D4'},{'D5'},{'D6'},{'D7'},&,6.0,&
{'R2'},{'R3'},{'R1'},{'D1'},{'D2'},{'D3'},{'D4'},{'D5'},{'D7'},{'D6'},&,1.0,&
{'R2'},{'R3'},{'R1'},{'D1'},{'D2'},{'D6'},{'D5'},{'D3'},{'D4'},{'D7'},&,1.0,&
{'R2'},{'R3'},{'R1'},{'D1'},{'D6'},{'D5'},{'D2'},{'D3'},{'D4'},{'D7'},&,1.0,&
{'R2'},{'R3'},{'R1'},{'D1'},{'D6'},{'D5'},{'D3'},{'D4'},{'D2'},{'D7'},&,1.0,&
{'R2'},{'R3'},{'R1'},{'D1'},{'D6'},{'D3'},{'D5'},{'D2'},{'D4'},{'D7'},&,1.0,&
{'R2'},{'R3'},{'R1'},{'D1'},{'D6'},{'D3'},{'D5'},{'D4'},{'D2'},{'D7'},&,1.0,&
{'R2'},{'R3'},{'R1'},{'D1'},{'D6'},{'D3'},{'D4'},{'D5'},{'D2'},{'D7'},&,1.0,&
{'R2'},{'R3'},{'R1'},{'D5'},{'D3'},{'D4'},{'D2'},{'D1'},{'D6'},{'D7'},&,13.0,&
{'R2'},{'R3'},{'R1'},{'D5'},{'D3'},{'D4'},{'D1'},{'D2'},{'D6'},{'D7'},&,38.0,&
{'R2'},{'R3'},{'R1'},{'D5'},{'D3'},{'D4'},{'D1'},{'D6'},{'D2'},{'D7'},&,6.0,&
{'R2'},{'R3'},{'R1'},{'D5'},{'D3'},{'D4'},{'D6'},{'D1'},{'D2'},{'D7'},&,3.0,&
{'R2'},{'R3'},{'R1'},{'D5'},{'D3'},{'D1'},{'D2'},{'D4'},{'D6'},{'D7'},&,92.0,&
{'R2'},{'R3'},{'R1'},{'D5'},{'D3'},{'D1'},{'D2'},{'D4'},{'D7'},{'D6'},&,1.0,&
{'R2'},{'R3'},{'R1'},{'D5'},{'D3'},{'D1'},{'D2'},{'D6'},{'D4'},{'D7'},&,21.0,&
{'R2'},{'R3'},{'R1'},{'D5'},{'D3'},{'D1'},{'D6'},{'D2'},{'D4'},{'D7'},&,8.0,&
{'R2'},{'R3'},{'R1'},{'D5'},{'D3'},{'D1'},{'D6'},{'D4'},{'D2'},{'D7'},&,6.0,&
{'R2'},{'R3'},{'R1'},{'D5'},{'D3'},{'D1'},{'D4'},{'D2'},{'D6'},{'D7'},&,46.0,&
{'R2'},{'R3'},{'R1'},{'D5'},{'D3'},{'D1'},{'D4'},{'D6'},{'D2'},{'D7'},&,6.0,&
{'R2'},{'R3'},{'R1'},{'D5'},{'D3'},{'D2'},{'D1'},{'D4'},{'D6'},{'D7'},&,58.0,&
{'R2'},{'R3'},{'R1'},{'D5'},{'D3'},{'D2'},{'D1'},{'D4'},{'D7'},{'D6'},&,2.0,&
{'R2'},{'R3'},{'R1'},{'D5'},{'D3'},{'D2'},{'D1'},{'D6'},{'D4'},{'D7'},&,3.0,&
{'R2'},{'R3'},{'R1'},{'D5'},{'D3'},{'D2'},{'D6'},{'D1'},{'D4'},{'D7'},&,2.0,&
{'R2'},{'R3'},{'R1'},{'D5'},{'D3'},{'D2'},{'D4'},{'D1'},{'D6'},{'D7'},&,10.0,&
{'R2'},{'R3'},{'R1'},{'D5'},{'D3'},{'D2'},{'D4'},{'D1'},{'D7'},{'D6'},&,1.0,&
{'R2'},{'R3'},{'R1'},{'D5'},{'D3'},{'D6'},{'D2'},{'D1'},{'D4'},{'D7'},&,3.0,&
{'R2'},{'R3'},{'R1'},{'D5'},{'D3'},{'D6'},{'D1'},{'D2'},{'D4'},{'D7'},&,5.0,&
{'R2'},{'R3'},{'R1'},{'D5'},{'D3'},{'D6'},{'D1'},{'D4'},{'D2'},{'D7'},&,1.0,&
{'R2'},{'R3'},{'R1'},{'D5'},{'D1'},{'D4'},{'D2'},{'D3'},{'D6'},{'D7'},&,6.0,&
{'R2'},{'R3'},{'R1'},{'D5'},{'D1'},{'D4'},{'D6'},{'D3'},{'D2'},{'D7'},&,1.0,&
{'R2'},{'R3'},{'R1'},{'D5'},{'D1'},{'D4'},{'D3'},{'D2'},{'D6'},{'D7'},&,13.0,&
{'R2'},{'R3'},{'R1'},{'D5'},{'D1'},{'D4'},{'D3'},{'D2'},{'D7'},{'D6'},&,1.0,&
{'R2'},{'R3'},{'R1'},{'D5'},{'D1'},{'D4'},{'D3'},{'D6'},{'D2'},{'D7'},&,5.0,&
{'R2'},{'R3'},{'R1'},{'D5'},{'D1'},{'D3'},{'D2'},{'D4'},{'D6'},{'D7'},&,67.0,&
{'R2'},{'R3'},{'R1'},{'D5'},{'D1'},{'D3'},{'D2'},{'D4'},{'D7'},{'D6'},&,4.0,&
{'R2'},{'R3'},{'R1'},{'D5'},{'D1'},{'D3'},{'D2'},{'D6'},{'D4'},{'D7'},&,11.0,&
{'R2'},{'R3'},{'R1'},{'D5'},{'D1'},{'D3'},{'D6'},{'D2'},{'D4'},{'D7'},&,10.0,&
{'R2'},{'R3'},{'R1'},{'D5'},{'D1'},{'D3'},{'D6'},{'D4'},{'D2'},{'D7'},&,5.0,&
{'R2'},{'R3'},{'R1'},{'D5'},{'D1'},{'D3'},{'D4'},{'D2'},{'D6'},{'D7'},&,44.0,&
{'R2'},{'R3'},{'R1'},{'D5'},{'D1'},{'D3'},{'D4'},{'D2'},{'D7'},{'D6'},&,2.0,&
{'R2'},{'R3'},{'R1'},{'D5'},{'D1'},{'D3'},{'D4'},{'D6'},{'D2'},{'D7'},&,9.0,&
{'R2'},{'R3'},{'R1'},{'D5'},{'D1'},{'D2'},{'D6'},{'D3'},{'D4'},{'D7'},&,1.0,&
{'R2'},{'R3'},{'R1'},{'D5'},{'D1'},{'D2'},{'D4'},{'D3'},{'D6'},{'D7'},&,4.0,&
{'R2'},{'R3'},{'R1'},{'D5'},{'D1'},{'D2'},{'D4'},{'D6'},{'D3'},{'D7'},&,1.0,&
{'R2'},{'R3'},{'R1'},{'D5'},{'D1'},{'D2'},{'D3'},{'D4'},{'D6'},{'D7'},&,32.0,&
{'R2'},{'R3'},{'R1'},{'D5'},{'D1'},{'D2'},{'D3'},{'D6'},{'D4'},{'D7'},&,4.0,&
{'R2'},{'R3'},{'R1'},{'D5'},{'D1'},{'D6'},{'D2'},{'D4'},{'D3'},{'D7'},&,1.0,&
{'R2'},{'R3'},{'R1'},{'D5'},{'D1'},{'D6'},{'D2'},{'D3'},{'D4'},{'D7'},&,1.0,&
{'R2'},{'R3'},{'R1'},{'D5'},{'D1'},{'D6'},{'D3'},{'D2'},{'D4'},{'D7'},&,2.0,&
{'R2'},{'R3'},{'R1'},{'D5'},{'D1'},{'D6'},{'D3'},{'D4'},{'D2'},{'D7'},&,2.0,&
{'R2'},{'R3'},{'R1'},{'D5'},{'D4'},{'D1'},{'D2'},{'D3'},{'D6'},{'D7'},&,5.0,&
{'R2'},{'R3'},{'R1'},{'D5'},{'D4'},{'D1'},{'D3'},{'D2'},{'D6'},{'D7'},&,24.0,&
{'R2'},{'R3'},{'R1'},{'D5'},{'D4'},{'D1'},{'D3'},{'D6'},{'D2'},{'D7'},&,1.0,&
{'R2'},{'R3'},{'R1'},{'D5'},{'D4'},{'D3'},{'D2'},{'D1'},{'D6'},{'D7'},&,3.0,&
{'R2'},{'R3'},{'R1'},{'D5'},{'D4'},{'D3'},{'D1'},{'D2'},{'D6'},{'D7'},&,16.0,&
{'R2'},{'R3'},{'R1'},{'D5'},{'D4'},{'D3'},{'D1'},{'D6'},{'D2'},{'D7'},&,2.0,&
{'R2'},{'R3'},{'R1'},{'D5'},{'D4'},{'D3'},{'D6'},{'D2'},{'D1'},{'D7'},&,1.0,&
{'R2'},{'R3'},{'R1'},{'D5'},{'D4'},{'D3'},{'D6'},{'D1'},{'D2'},{'D7'},&,2.0,&
{'R2'},{'R3'},{'R1'},{'D5'},{'D4'},{'D2'},{'D1'},{'D3'},{'D6'},{'D7'},&,1.0,&
{'R2'},{'R3'},{'R1'},{'D5'},{'D4'},{'D2'},{'D1'},{'D6'},{'D3'},{'D7'},&,1.0,&
{'R2'},{'R3'},{'R1'},{'D5'},{'D4'},{'D2'},{'D3'},{'D1'},{'D6'},{'D7'},&,3.0,&
{'R2'},{'R3'},{'R1'},{'D5'},{'D2'},{'D4'},{'D1'},{'D3'},{'D6'},{'D7'},&,5.0,&
{'R2'},{'R3'},{'R1'},{'D5'},{'D2'},{'D4'},{'D3'},{'D1'},{'D6'},{'D7'},&,4.0,&
{'R2'},{'R3'},{'R1'},{'D5'},{'D2'},{'D1'},{'D4'},{'D3'},{'D6'},{'D7'},&,4.0,&
{'R2'},{'R3'},{'R1'},{'D5'},{'D2'},{'D1'},{'D3'},{'D4'},{'D6'},{'D7'},&,19.0,&
{'R2'},{'R3'},{'R1'},{'D5'},{'D2'},{'D1'},{'D3'},{'D4'},{'D7'},{'D6'},&,1.0,&
{'R2'},{'R3'},{'R1'},{'D5'},{'D2'},{'D1'},{'D3'},{'D6'},{'D4'},{'D7'},&,4.0,&
{'R2'},{'R3'},{'R1'},{'D5'},{'D2'},{'D3'},{'D1'},{'D4'},{'D6'},{'D7'},&,33.0,&
{'R2'},{'R3'},{'R1'},{'D5'},{'D2'},{'D3'},{'D1'},{'D6'},{'D4'},{'D7'},&,6.0,&
{'R2'},{'R3'},{'R1'},{'D5'},{'D2'},{'D3'},{'D6'},{'D4'},{'D1'},{'D7'},&,2.0,&
{'R2'},{'R3'},{'R1'},{'D5'},{'D2'},{'D3'},{'D4'},{'D1'},{'D6'},{'D7'},&,10.0,&
{'R2'},{'R3'},{'R1'},{'D5'},{'D6'},{'D4'},{'D3'},{'D2'},{'D1'},{'D7'},&,2.0,&
{'R2'},{'R3'},{'R1'},{'D5'},{'D6'},{'D1'},{'D2'},{'D3'},{'D4'},{'D7'},&,1.0,&
{'R2'},{'R3'},{'R1'},{'D5'},{'D6'},{'D1'},{'D3'},{'D2'},{'D4'},{'D7'},&,3.0,&
{'R2'},{'R3'},{'R1'},{'D5'},{'D6'},{'D1'},{'D3'},{'D4'},{'D2'},{'D7'},&,2.0,&
{'R2'},{'R3'},{'R1'},{'D5'},{'D6'},{'D3'},{'D2'},{'D1'},{'D4'},{'D7'},&,1.0,&
{'R2'},{'R3'},{'R1'},{'D5'},{'D6'},{'D3'},{'D1'},{'D2'},{'D4'},{'D7'},&,1.0,&
{'R2'},{'R3'},{'R1'},{'D5'},{'D6'},{'D3'},{'D1'},{'D4'},{'D2'},{'D7'},&,1.0,&
{'R2'},{'R3'},{'R1'},{'D5'},{'D6'},{'D3'},{'D4'},{'D1'},{'D2'},{'D7'},&,1.0,&
{'R2'},{'R3'},{'R1'},{'D5'},{'D6'},{'D2'},{'D1'},{'D3'},{'D4'},{'D7'},&,1.0,&
{'R2'},{'R3'},{'R1'},{'D4'},{'D3'},{'D5'},{'D2'},{'D1'},{'D6'},{'D7'},&,12.0,&
{'R2'},{'R3'},{'R1'},{'D4'},{'D3'},{'D5'},{'D2'},{'D6'},{'D1'},{'D7'},&,1.0,&
{'R2'},{'R3'},{'R1'},{'D4'},{'D3'},{'D5'},{'D1'},{'D2'},{'D6'},{'D7'},&,24.0,&
{'R2'},{'R3'},{'R1'},{'D4'},{'D3'},{'D5'},{'D1'},{'D6'},{'D2'},{'D7'},&,3.0,&
{'R2'},{'R3'},{'R1'},{'D4'},{'D3'},{'D5'},{'D6'},{'D1'},{'D2'},{'D7'},&,2.0,&
{'R2'},{'R3'},{'R1'},{'D4'},{'D3'},{'D1'},{'D2'},{'D5'},{'D6'},{'D7'},&,10.0,&
{'R2'},{'R3'},{'R1'},{'D4'},{'D3'},{'D1'},{'D2'},{'D6'},{'D5'},{'D7'},&,1.0,&
{'R2'},{'R3'},{'R1'},{'D4'},{'D3'},{'D1'},{'D5'},{'D2'},{'D6'},{'D7'},&,6.0,&
{'R2'},{'R3'},{'R1'},{'D4'},{'D3'},{'D1'},{'D5'},{'D6'},{'D2'},{'D7'},&,4.0,&
{'R2'},{'R3'},{'R1'},{'D4'},{'D3'},{'D2'},{'D5'},{'D1'},{'D6'},{'D7'},&,7.0,&
{'R2'},{'R3'},{'R1'},{'D4'},{'D3'},{'D2'},{'D1'},{'D5'},{'D6'},{'D7'},&,5.0,&
{'R2'},{'R3'},{'R1'},{'D4'},{'D3'},{'D6'},{'D5'},{'D1'},{'D2'},{'D7'},&,1.0,&
{'R2'},{'R3'},{'R1'},{'D4'},{'D1'},{'D5'},{'D2'},{'D3'},{'D6'},{'D7'},&,1.0,&
{'R2'},{'R3'},{'R1'},{'D4'},{'D1'},{'D5'},{'D3'},{'D2'},{'D6'},{'D7'},&,10.0,&
{'R2'},{'R3'},{'R1'},{'D4'},{'D1'},{'D5'},{'D3'},{'D2'},{'D7'},{'D6'},&,1.0,&
{'R2'},{'R3'},{'R1'},{'D4'},{'D1'},{'D3'},{'D2'},{'D5'},{'D6'},{'D7'},&,8.0,&
{'R2'},{'R3'},{'R1'},{'D4'},{'D1'},{'D3'},{'D2'},{'D6'},{'D5'},{'D7'},&,2.0,&
{'R2'},{'R3'},{'R1'},{'D4'},{'D1'},{'D3'},{'D5'},{'D2'},{'D6'},{'D7'},&,12.0,&
{'R2'},{'R3'},{'R1'},{'D4'},{'D1'},{'D3'},{'D5'},{'D6'},{'D2'},{'D7'},&,1.0,&
{'R2'},{'R3'},{'R1'},{'D4'},{'D1'},{'D2'},{'D5'},{'D3'},{'D6'},{'D7'},&,3.0,&
{'R2'},{'R3'},{'R1'},{'D4'},{'D1'},{'D2'},{'D3'},{'D5'},{'D6'},{'D7'},&,1.0,&
{'R2'},{'R3'},{'R1'},{'D4'},{'D5'},{'D1'},{'D2'},{'D3'},{'D6'},{'D7'},&,4.0,&
{'R2'},{'R3'},{'R1'},{'D4'},{'D5'},{'D1'},{'D6'},{'D3'},{'D2'},{'D7'},&,1.0,&
{'R2'},{'R3'},{'R1'},{'D4'},{'D5'},{'D1'},{'D3'},{'D2'},{'D6'},{'D7'},&,8.0,&
{'R2'},{'R3'},{'R1'},{'D4'},{'D5'},{'D1'},{'D3'},{'D2'},{'D7'},{'D6'},&,1.0,&
{'R2'},{'R3'},{'R1'},{'D4'},{'D5'},{'D3'},{'D2'},{'D1'},{'D6'},{'D7'},&,6.0,&
{'R2'},{'R3'},{'R1'},{'D4'},{'D5'},{'D3'},{'D1'},{'D2'},{'D6'},{'D7'},&,15.0,&
{'R2'},{'R3'},{'R1'},{'D4'},{'D5'},{'D3'},{'D1'},{'D2'},{'D7'},{'D6'},&,1.0,&
{'R2'},{'R3'},{'R1'},{'D4'},{'D5'},{'D3'},{'D6'},{'D1'},{'D2'},{'D7'},&,2.0,&
{'R2'},{'R3'},{'R1'},{'D4'},{'D5'},{'D2'},{'D1'},{'D3'},{'D6'},{'D7'},&,7.0,&
{'R2'},{'R3'},{'R1'},{'D4'},{'D5'},{'D2'},{'D3'},{'D1'},{'D6'},{'D7'},&,2.0,&
{'R2'},{'R3'},{'R1'},{'D4'},{'D5'},{'D6'},{'D2'},{'D3'},{'D1'},{'D7'},&,1.0,&
{'R2'},{'R3'},{'R1'},{'D4'},{'D2'},{'D5'},{'D1'},{'D3'},{'D6'},{'D7'},&,2.0,&
{'R2'},{'R3'},{'R1'},{'D4'},{'D2'},{'D5'},{'D3'},{'D1'},{'D6'},{'D7'},&,2.0,&
{'R2'},{'R3'},{'R1'},{'D4'},{'D2'},{'D1'},{'D5'},{'D3'},{'D6'},{'D7'},&,2.0,&
{'R2'},{'R3'},{'R1'},{'D4'},{'D2'},{'D1'},{'D3'},{'D5'},{'D6'},{'D7'},&,2.0,&
{'R2'},{'R3'},{'R1'},{'D4'},{'D2'},{'D3'},{'D5'},{'D1'},{'D6'},{'D7'},&,4.0,&
{'R2'},{'R3'},{'R1'},{'D4'},{'D2'},{'D3'},{'D1'},{'D5'},{'D6'},{'D7'},&,3.0,&
{'R2'},{'R3'},{'R1'},{'D4'},{'D2'},{'D3'},{'D1'},{'D5'},{'D7'},{'D6'},&,1.0,&
{'R2'},{'R3'},{'R1'},{'D4'},{'D2'},{'D3'},{'D6'},{'D1'},{'D5'},{'D7'},&,2.0,&
{'R2'},{'R3'},{'R1'},{'D4'},{'D6'},{'D5'},{'D3'},{'D1'},{'D2'},{'D7'},&,1.0,&
{'R2'},{'R3'},{'R1'},{'D4'},{'D6'},{'D1'},{'D2'},{'D3'},{'D5'},{'D7'},&,1.0,&
{'R2'},{'R3'},{'R1'},{'D6'},{'D3'},{'D5'},{'D2'},{'D4'},{'D1'},{'D7'},&,1.0,&
{'R2'},{'R3'},{'R1'},{'D6'},{'D3'},{'D5'},{'D2'},{'D1'},{'D4'},{'D7'},&,1.0,&
{'R2'},{'R3'},{'R1'},{'D6'},{'D3'},{'D5'},{'D1'},{'D2'},{'D4'},{'D7'},&,2.0,&
{'R2'},{'R3'},{'R1'},{'D6'},{'D3'},{'D5'},{'D4'},{'D1'},{'D2'},{'D7'},&,1.0,&
{'R2'},{'R3'},{'R1'},{'D6'},{'D3'},{'D4'},{'D1'},{'D5'},{'D2'},{'D7'},&,1.0,&
{'R2'},{'R3'},{'R1'},{'D6'},{'D3'},{'D1'},{'D5'},{'D2'},{'D4'},{'D7'},&,2.0,&
{'R2'},{'R3'},{'R1'},{'D6'},{'D3'},{'D1'},{'D5'},{'D4'},{'D2'},{'D7'},&,3.0,&
{'R2'},{'R3'},{'R1'},{'D6'},{'D3'},{'D2'},{'D5'},{'D4'},{'D1'},{'D7'},&,1.0,&
{'R2'},{'R3'},{'R1'},{'D6'},{'D3'},{'D2'},{'D5'},{'D1'},{'D4'},{'D7'},&,1.0,&
{'R2'},{'R3'},{'R1'},{'D6'},{'D1'},{'D5'},{'D4'},{'D2'},{'D3'},{'D7'},&,1.0,&
{'R2'},{'R3'},{'R1'},{'D6'},{'D1'},{'D5'},{'D4'},{'D3'},{'D2'},{'D7'},&,1.0,&
{'R2'},{'R3'},{'R1'},{'D6'},{'D1'},{'D5'},{'D3'},{'D2'},{'D4'},{'D7'},&,2.0,&
{'R2'},{'R3'},{'R1'},{'D6'},{'D1'},{'D5'},{'D3'},{'D4'},{'D2'},{'D7'},&,1.0,&
{'R2'},{'R3'},{'R1'},{'D6'},{'D1'},{'D3'},{'D2'},{'D4'},{'D5'},{'D7'},&,1.0,&
{'R2'},{'R3'},{'R1'},{'D6'},{'D1'},{'D3'},{'D5'},{'D2'},{'D4'},{'D7'},&,1.0,&
{'R2'},{'R3'},{'R1'},{'D6'},{'D5'},{'D4'},{'D3'},{'D1'},{'D2'},{'D7'},&,1.0,&
{'R2'},{'R3'},{'R1'},{'D6'},{'D5'},{'D1'},{'D2'},{'D3'},{'D4'},{'D7'},&,1.0,&
{'R2'},{'R3'},{'R1'},{'D6'},{'D5'},{'D1'},{'D4'},{'D3'},{'D2'},{'D7'},&,1.0,&
{'R2'},{'R3'},{'R1'},{'D6'},{'D5'},{'D3'},{'D1'},{'D2'},{'D4'},{'D7'},&,2.0,&
{'R2'},{'R3'},{'R1'},{'D6'},{'D5'},{'D3'},{'D1'},{'D4'},{'D2'},{'D7'},&,1.0,&
{'R2'},{'R3'},{'R1'},{'D6'},{'D5'},{'D3'},{'D4'},{'D2'},{'D1'},{'D7'},&,1.0,&
{'R2'},{'R3'},{'R1'},{'D6'},{'D5'},{'D2'},{'D1'},{'D3'},{'D4'},{'D7'},&,1.0,&
{'R2'},{'R3'},{'R1'},{'D6'},{'D2'},{'D5'},{'D1'},{'D3'},{'D4'},{'D7'},&,1.0,&
{'R2'},{'R3'},{'R1'},{'D6'},{'D2'},{'D5'},{'D3'},{'D1'},{'D4'},{'D7'},&,2.0,&
{'R2'},{'R3'},{'R1'},{'D3'},{'D1'},{'D5'},{'D2'},{'D4'},{'D6'},{'D7'},&,99.0,&
{'R2'},{'R3'},{'R1'},{'D3'},{'D1'},{'D5'},{'D2'},{'D4'},{'D7'},{'D6'},&,1.0,&
{'R2'},{'R3'},{'R1'},{'D3'},{'D1'},{'D5'},{'D2'},{'D7'},{'D4'},{'D6'},&,1.0,&
{'R2'},{'R3'},{'R1'},{'D3'},{'D1'},{'D5'},{'D2'},{'D6'},{'D4'},{'D7'},&,17.0,&
{'R2'},{'R3'},{'R1'},{'D3'},{'D1'},{'D5'},{'D6'},{'D2'},{'D4'},{'D7'},&,11.0,&
{'R2'},{'R3'},{'R1'},{'D3'},{'D1'},{'D5'},{'D6'},{'D4'},{'D2'},{'D7'},&,7.0,&
{'R2'},{'R3'},{'R1'},{'D3'},{'D1'},{'D5'},{'D4'},{'D2'},{'D6'},{'D7'},&,83.0,&
{'R2'},{'R3'},{'R1'},{'D3'},{'D1'},{'D5'},{'D4'},{'D2'},{'D7'},{'D6'},&,1.0,&
{'R2'},{'R3'},{'R1'},{'D3'},{'D1'},{'D5'},{'D4'},{'D7'},{'D2'},{'D6'},&,1.0,&
{'R2'},{'R3'},{'R1'},{'D3'},{'D1'},{'D5'},{'D4'},{'D6'},{'D2'},{'D7'},&,10.0,&
{'R2'},{'R3'},{'R1'},{'D3'},{'D1'},{'D4'},{'D2'},{'D5'},{'D6'},{'D7'},&,14.0,&
{'R2'},{'R3'},{'R1'},{'D3'},{'D1'},{'D4'},{'D5'},{'D2'},{'D6'},{'D7'},&,22.0,&
{'R2'},{'R3'},{'R1'},{'D3'},{'D1'},{'D4'},{'D5'},{'D6'},{'D2'},{'D7'},&,6.0,&
{'R2'},{'R3'},{'R1'},{'D3'},{'D1'},{'D4'},{'D6'},{'D2'},{'D5'},{'D7'},&,1.0,&
{'R2'},{'R3'},{'R1'},{'D3'},{'D1'},{'D4'},{'D6'},{'D5'},{'D2'},{'D7'},&,2.0,&
{'R2'},{'R3'},{'R1'},{'D3'},{'D1'},{'D2'},{'D5'},{'D4'},{'D6'},{'D7'},&,41.0,&
{'R2'},{'R3'},{'R1'},{'D3'},{'D1'},{'D2'},{'D5'},{'D4'},{'D7'},{'D6'},&,1.0,&
{'R2'},{'R3'},{'R1'},{'D3'},{'D1'},{'D2'},{'D5'},{'D6'},{'D4'},{'D7'},&,8.0,&
{'R2'},{'R3'},{'R1'},{'D3'},{'D1'},{'D2'},{'D6'},{'D5'},{'D4'},{'D7'},&,2.0,&
{'R2'},{'R3'},{'R1'},{'D3'},{'D1'},{'D2'},{'D6'},{'D4'},{'D5'},{'D7'},&,1.0,&
{'R2'},{'R3'},{'R1'},{'D3'},{'D1'},{'D2'},{'D4'},{'D5'},{'D6'},{'D7'},&,17.0,&
{'R2'},{'R3'},{'R1'},{'D3'},{'D1'},{'D6'},{'D2'},{'D5'},{'D4'},{'D7'},&,1.0,&
{'R2'},{'R3'},{'R1'},{'D3'},{'D1'},{'D6'},{'D2'},{'D4'},{'D5'},{'D7'},&,2.0,&
{'R2'},{'R3'},{'R1'},{'D3'},{'D1'},{'D6'},{'D5'},{'D2'},{'D4'},{'D7'},&,3.0,&
{'R2'},{'R3'},{'R1'},{'D3'},{'D1'},{'D6'},{'D5'},{'D4'},{'D2'},{'D7'},&,4.0,&
{'R2'},{'R3'},{'R1'},{'D3'},{'D5'},{'D4'},{'D2'},{'D1'},{'D6'},{'D7'},&,16.0,&
{'R2'},{'R3'},{'R1'},{'D3'},{'D5'},{'D4'},{'D2'},{'D6'},{'D1'},{'D7'},&,1.0,&
{'R2'},{'R3'},{'R1'},{'D3'},{'D5'},{'D4'},{'D1'},{'D2'},{'D6'},{'D7'},&,32.0,&
{'R2'},{'R3'},{'R1'},{'D3'},{'D5'},{'D4'},{'D1'},{'D2'},{'D7'},{'D6'},&,1.0,&
{'R2'},{'R3'},{'R1'},{'D3'},{'D5'},{'D4'},{'D1'},{'D6'},{'D2'},{'D7'},&,3.0,&
{'R2'},{'R3'},{'R1'},{'D3'},{'D5'},{'D4'},{'D6'},{'D2'},{'D1'},{'D7'},&,1.0,&
{'R2'},{'R3'},{'R1'},{'D3'},{'D5'},{'D4'},{'D6'},{'D1'},{'D2'},{'D7'},&,1.0,&
{'R2'},{'R3'},{'R1'},{'D3'},{'D5'},{'D1'},{'D2'},{'D4'},{'D6'},{'D7'},&,105.0,&
{'R2'},{'R3'},{'R1'},{'D3'},{'D5'},{'D1'},{'D2'},{'D4'},{'D7'},{'D6'},&,2.0,&
{'R2'},{'R3'},{'R1'},{'D3'},{'D5'},{'D1'},{'D2'},{'D7'},{'D6'},{'D4'},&,1.0,&
{'R2'},{'R3'},{'R1'},{'D3'},{'D5'},{'D1'},{'D2'},{'D6'},{'D4'},{'D7'},&,17.0,&
{'R2'},{'R3'},{'R1'},{'D3'},{'D5'},{'D1'},{'D6'},{'D2'},{'D4'},{'D7'},&,12.0,&
{'R2'},{'R3'},{'R1'},{'D3'},{'D5'},{'D1'},{'D6'},{'D4'},{'D2'},{'D7'},&,5.0,&
{'R2'},{'R3'},{'R1'},{'D3'},{'D5'},{'D1'},{'D4'},{'D2'},{'D6'},{'D7'},&,69.0,&
{'R2'},{'R3'},{'R1'},{'D3'},{'D5'},{'D1'},{'D4'},{'D2'},{'D7'},{'D6'},&,1.0,&
{'R2'},{'R3'},{'R1'},{'D3'},{'D5'},{'D1'},{'D4'},{'D6'},{'D2'},{'D7'},&,7.0,&
{'R2'},{'R3'},{'R1'},{'D3'},{'D5'},{'D2'},{'D1'},{'D4'},{'D6'},{'D7'},&,54.0,&
{'R2'},{'R3'},{'R1'},{'D3'},{'D5'},{'D2'},{'D1'},{'D6'},{'D4'},{'D7'},&,5.0,&
{'R2'},{'R3'},{'R1'},{'D3'},{'D5'},{'D2'},{'D6'},{'D1'},{'D4'},{'D7'},&,5.0,&
{'R2'},{'R3'},{'R1'},{'D3'},{'D5'},{'D2'},{'D4'},{'D1'},{'D6'},{'D7'},&,17.0,&
{'R2'},{'R3'},{'R1'},{'D3'},{'D5'},{'D2'},{'D4'},{'D6'},{'D1'},{'D7'},&,3.0,&
{'R2'},{'R3'},{'R1'},{'D3'},{'D5'},{'D6'},{'D1'},{'D2'},{'D4'},{'D7'},&,2.0,&
{'R2'},{'R3'},{'R1'},{'D3'},{'D5'},{'D6'},{'D1'},{'D4'},{'D2'},{'D7'},&,1.0,&
{'R2'},{'R3'},{'R1'},{'D3'},{'D5'},{'D6'},{'D4'},{'D2'},{'D1'},{'D7'},&,1.0,&
{'R2'},{'R3'},{'R1'},{'D3'},{'D5'},{'D6'},{'D4'},{'D1'},{'D2'},{'D7'},&,3.0,&
{'R2'},{'R3'},{'R1'},{'D3'},{'D4'},{'D5'},{'D2'},{'D1'},{'D6'},{'D7'},&,13.0,&
{'R2'},{'R3'},{'R1'},{'D3'},{'D4'},{'D5'},{'D1'},{'D2'},{'D6'},{'D7'},&,35.0,&
{'R2'},{'R3'},{'R1'},{'D3'},{'D4'},{'D5'},{'D1'},{'D6'},{'D2'},{'D7'},&,3.0,&
{'R2'},{'R3'},{'R1'},{'D3'},{'D4'},{'D5'},{'D6'},{'D2'},{'D1'},{'D7'},&,1.0,&
{'R2'},{'R3'},{'R1'},{'D3'},{'D4'},{'D5'},{'D6'},{'D1'},{'D2'},{'D7'},&,1.0,&
{'R2'},{'R3'},{'R1'},{'D3'},{'D4'},{'D1'},{'D2'},{'D5'},{'D6'},{'D7'},&,10.0,&
{'R2'},{'R3'},{'R1'},{'D3'},{'D4'},{'D1'},{'D5'},{'D2'},{'D6'},{'D7'},&,15.0,&
{'R2'},{'R3'},{'R1'},{'D3'},{'D4'},{'D1'},{'D5'},{'D6'},{'D2'},{'D7'},&,2.0,&
{'R2'},{'R3'},{'R1'},{'D3'},{'D4'},{'D1'},{'D6'},{'D5'},{'D2'},{'D7'},&,2.0,&
{'R2'},{'R3'},{'R1'},{'D3'},{'D4'},{'D2'},{'D5'},{'D1'},{'D6'},{'D7'},&,2.0,&
{'R2'},{'R3'},{'R1'},{'D3'},{'D4'},{'D2'},{'D5'},{'D1'},{'D7'},{'D6'},&,1.0,&
{'R2'},{'R3'},{'R1'},{'D3'},{'D4'},{'D2'},{'D1'},{'D5'},{'D6'},{'D7'},&,11.0,&
{'R2'},{'R3'},{'R1'},{'D3'},{'D4'},{'D2'},{'D1'},{'D6'},{'D5'},{'D7'},&,1.0,&
{'R2'},{'R3'},{'R1'},{'D3'},{'D4'},{'D2'},{'D6'},{'D5'},{'D1'},{'D7'},&,1.0,&
{'R2'},{'R3'},{'R1'},{'D3'},{'D2'},{'D5'},{'D1'},{'D4'},{'D6'},{'D7'},&,41.0,&
{'R2'},{'R3'},{'R1'},{'D3'},{'D2'},{'D5'},{'D1'},{'D6'},{'D4'},{'D7'},&,3.0,&
{'R2'},{'R3'},{'R1'},{'D3'},{'D2'},{'D5'},{'D6'},{'D1'},{'D4'},{'D7'},&,1.0,&
{'R2'},{'R3'},{'R1'},{'D3'},{'D2'},{'D5'},{'D4'},{'D1'},{'D6'},{'D7'},&,11.0,&
{'R2'},{'R3'},{'R1'},{'D3'},{'D2'},{'D4'},{'D5'},{'D1'},{'D6'},{'D7'},&,8.0,&
{'R2'},{'R3'},{'R1'},{'D3'},{'D2'},{'D4'},{'D1'},{'D5'},{'D6'},{'D7'},&,6.0,&
{'R2'},{'R3'},{'R1'},{'D3'},{'D2'},{'D1'},{'D5'},{'D4'},{'D6'},{'D7'},&,45.0,&
{'R2'},{'R3'},{'R1'},{'D3'},{'D2'},{'D1'},{'D5'},{'D6'},{'D4'},{'D7'},&,4.0,&
{'R2'},{'R3'},{'R1'},{'D3'},{'D2'},{'D1'},{'D6'},{'D5'},{'D4'},{'D7'},&,2.0,&
{'R2'},{'R3'},{'R1'},{'D3'},{'D2'},{'D1'},{'D4'},{'D5'},{'D6'},{'D7'},&,11.0,&
{'R2'},{'R3'},{'R1'},{'D3'},{'D2'},{'D1'},{'D4'},{'D5'},{'D7'},{'D6'},&,2.0,&
{'R2'},{'R3'},{'R1'},{'D3'},{'D2'},{'D1'},{'D4'},{'D6'},{'D5'},{'D7'},&,2.0,&
{'R2'},{'R3'},{'R1'},{'D3'},{'D2'},{'D6'},{'D5'},{'D1'},{'D4'},{'D7'},&,3.0,&
{'R2'},{'R3'},{'R1'},{'D3'},{'D2'},{'D6'},{'D1'},{'D5'},{'D4'},{'D7'},&,1.0,&
{'R2'},{'R3'},{'R1'},{'D3'},{'D2'},{'D6'},{'D1'},{'D4'},{'D5'},{'D7'},&,1.0,&
{'R2'},{'R3'},{'R1'},{'D3'},{'D2'},{'D6'},{'D4'},{'D5'},{'D1'},{'D7'},&,1.0,&
{'R2'},{'R3'},{'R1'},{'D3'},{'D6'},{'D5'},{'D1'},{'D2'},{'D4'},{'D7'},&,3.0,&
{'R2'},{'R3'},{'R1'},{'D3'},{'D6'},{'D5'},{'D1'},{'D4'},{'D2'},{'D7'},&,3.0,&
{'R2'},{'R3'},{'R1'},{'D3'},{'D6'},{'D4'},{'D1'},{'D2'},{'D5'},{'D7'},&,2.0,&
{'R2'},{'R3'},{'R1'},{'D3'},{'D6'},{'D4'},{'D1'},{'D5'},{'D2'},{'D7'},&,1.0,&
{'R2'},{'R3'},{'R1'},{'D3'},{'D6'},{'D1'},{'D2'},{'D5'},{'D4'},{'D7'},&,3.0,&
{'R2'},{'R3'},{'R1'},{'D3'},{'D6'},{'D1'},{'D5'},{'D2'},{'D4'},{'D7'},&,3.0,&
{'R2'},{'R3'},{'R1'},{'D3'},{'D6'},{'D1'},{'D5'},{'D4'},{'D2'},{'D7'},&,1.0,&
{'R2'},{'R3'},{'R1'},{'D3'},{'D6'},{'D1'},{'D4'},{'D5'},{'D2'},{'D7'},&,1.0,&
{'R2'},{'R3'},{'R1'},{'D3'},{'D6'},{'D2'},{'D5'},{'D1'},{'D4'},{'D7'},&,2.0,&
{'R2'},{'R3'},{'R1'},{'D3'},{'D6'},{'D2'},{'D1'},{'D5'},{'D4'},{'D7'},&,2.0,&
{'R2'},{'R3'},{'R1'},{'D2'},{'D3'},{'D5'},{'D1'},{'D4'},{'D6'},{'D7'},&,28.0,&
{'R2'},{'R3'},{'R1'},{'D2'},{'D3'},{'D5'},{'D1'},{'D6'},{'D4'},{'D7'},&,3.0,&
{'R2'},{'R3'},{'R1'},{'D2'},{'D3'},{'D5'},{'D6'},{'D1'},{'D4'},{'D7'},&,1.0,&
{'R2'},{'R3'},{'R1'},{'D2'},{'D3'},{'D5'},{'D4'},{'D1'},{'D6'},{'D7'},&,6.0,&
{'R2'},{'R3'},{'R1'},{'D2'},{'D3'},{'D4'},{'D5'},{'D1'},{'D6'},{'D7'},&,5.0,&
{'R2'},{'R3'},{'R1'},{'D2'},{'D3'},{'D4'},{'D1'},{'D5'},{'D6'},{'D7'},&,2.0,&
{'R2'},{'R3'},{'R1'},{'D2'},{'D3'},{'D4'},{'D1'},{'D5'},{'D7'},{'D6'},&,1.0,&
{'R2'},{'R3'},{'R1'},{'D2'},{'D3'},{'D1'},{'D5'},{'D4'},{'D6'},{'D7'},&,32.0,&
{'R2'},{'R3'},{'R1'},{'D2'},{'D3'},{'D1'},{'D5'},{'D4'},{'D7'},{'D6'},&,2.0,&
{'R2'},{'R3'},{'R1'},{'D2'},{'D3'},{'D1'},{'D5'},{'D6'},{'D4'},{'D7'},&,3.0,&
{'R2'},{'R3'},{'R1'},{'D2'},{'D3'},{'D1'},{'D6'},{'D5'},{'D4'},{'D7'},&,1.0,&
{'R2'},{'R3'},{'R1'},{'D2'},{'D3'},{'D1'},{'D4'},{'D5'},{'D6'},{'D7'},&,8.0,&
{'R2'},{'R3'},{'R1'},{'D2'},{'D3'},{'D1'},{'D4'},{'D6'},{'D5'},{'D7'},&,1.0,&
{'R2'},{'R3'},{'R1'},{'D2'},{'D3'},{'D6'},{'D1'},{'D5'},{'D4'},{'D7'},&,2.0,&
{'R2'},{'R3'},{'R1'},{'D2'},{'D1'},{'D5'},{'D6'},{'D3'},{'D4'},{'D7'},&,1.0,&
{'R2'},{'R3'},{'R1'},{'D2'},{'D1'},{'D5'},{'D4'},{'D3'},{'D6'},{'D7'},&,6.0,&
{'R2'},{'R3'},{'R1'},{'D2'},{'D1'},{'D5'},{'D3'},{'D4'},{'D6'},{'D7'},&,15.0,&
{'R2'},{'R3'},{'R1'},{'D2'},{'D1'},{'D5'},{'D3'},{'D4'},{'D7'},{'D6'},&,2.0,&
{'R2'},{'R3'},{'R1'},{'D2'},{'D1'},{'D5'},{'D3'},{'D6'},{'D4'},{'D7'},&,2.0,&
{'R2'},{'R3'},{'R1'},{'D2'},{'D1'},{'D4'},{'D5'},{'D3'},{'D6'},{'D7'},&,1.0,&
{'R2'},{'R3'},{'R1'},{'D2'},{'D1'},{'D4'},{'D3'},{'D5'},{'D6'},{'D7'},&,2.0,&
{'R2'},{'R3'},{'R1'},{'D2'},{'D1'},{'D3'},{'D5'},{'D4'},{'D6'},{'D7'},&,21.0,&
{'R2'},{'R3'},{'R1'},{'D2'},{'D1'},{'D3'},{'D5'},{'D4'},{'D7'},{'D6'},&,1.0,&
{'R2'},{'R3'},{'R1'},{'D2'},{'D1'},{'D3'},{'D5'},{'D6'},{'D4'},{'D7'},&,3.0,&
{'R2'},{'R3'},{'R1'},{'D2'},{'D1'},{'D3'},{'D6'},{'D5'},{'D4'},{'D7'},&,2.0,&
{'R2'},{'R3'},{'R1'},{'D2'},{'D1'},{'D3'},{'D6'},{'D4'},{'D5'},{'D7'},&,1.0,&
{'R2'},{'R3'},{'R1'},{'D2'},{'D1'},{'D3'},{'D4'},{'D5'},{'D6'},{'D7'},&,3.0,&
{'R2'},{'R3'},{'R1'},{'D2'},{'D5'},{'D4'},{'D1'},{'D3'},{'D6'},{'D7'},&,4.0,&
{'R2'},{'R3'},{'R1'},{'D2'},{'D5'},{'D4'},{'D3'},{'D1'},{'D6'},{'D7'},&,1.0,&
{'R2'},{'R3'},{'R1'},{'D2'},{'D5'},{'D1'},{'D6'},{'D3'},{'D4'},{'D7'},&,1.0,&
{'R2'},{'R3'},{'R1'},{'D2'},{'D5'},{'D1'},{'D4'},{'D3'},{'D6'},{'D7'},&,4.0,&
{'R2'},{'R3'},{'R1'},{'D2'},{'D5'},{'D1'},{'D3'},{'D4'},{'D6'},{'D7'},&,27.0,&
{'R2'},{'R3'},{'R1'},{'D2'},{'D5'},{'D1'},{'D3'},{'D6'},{'D4'},{'D7'},&,1.0,&
{'R2'},{'R3'},{'R1'},{'D2'},{'D5'},{'D3'},{'D1'},{'D4'},{'D6'},{'D7'},&,24.0,&
{'R2'},{'R3'},{'R1'},{'D2'},{'D5'},{'D3'},{'D1'},{'D6'},{'D4'},{'D7'},&,5.0,&
{'R2'},{'R3'},{'R1'},{'D2'},{'D5'},{'D3'},{'D6'},{'D1'},{'D4'},{'D7'},&,1.0,&
{'R2'},{'R3'},{'R1'},{'D2'},{'D5'},{'D3'},{'D4'},{'D1'},{'D6'},{'D7'},&,7.0,&
{'R2'},{'R3'},{'R1'},{'D2'},{'D5'},{'D7'},{'D3'},{'D4'},{'D1'},{'D6'},&,1.0,&
{'R2'},{'R3'},{'R1'},{'D2'},{'D4'},{'D5'},{'D1'},{'D3'},{'D6'},{'D7'},&,3.0,&
{'R2'},{'R3'},{'R1'},{'D2'},{'D4'},{'D5'},{'D3'},{'D1'},{'D6'},{'D7'},&,6.0,&
{'R2'},{'R3'},{'R1'},{'D2'},{'D4'},{'D1'},{'D5'},{'D3'},{'D6'},{'D7'},&,3.0,&
{'R2'},{'R3'},{'R1'},{'D2'},{'D4'},{'D1'},{'D3'},{'D5'},{'D6'},{'D7'},&,2.0,&
{'R2'},{'R3'},{'R1'},{'D2'},{'D4'},{'D1'},{'D3'},{'D6'},{'D5'},{'D7'},&,1.0,&
{'R2'},{'R3'},{'R1'},{'D2'},{'D4'},{'D3'},{'D1'},{'D5'},{'D6'},{'D7'},&,2.0,&
{'R2'},{'R3'},{'R1'},{'D2'},{'D6'},{'D1'},{'D3'},{'D5'},{'D4'},{'D7'},&,2.0,&
{'R2'},{'R3'},{'R1'},{'D2'},{'D6'},{'D3'},{'D5'},{'D1'},{'D4'},{'D7'},&,2.0,&
{'R2'},{'R3'},{'R1'},{'D2'},{'D6'},{'D3'},{'D1'},{'D5'},{'D4'},{'D7'},&,1.0,&
{'R2'},{'R1'},{'D4'},{'D1'},{'D3'},{'R3'},{'D5'},{'D2'},{'D6'},{'D7'},&,1.0,&
{'R2'},{'R1'},{'D4'},{'D1'},{'D2'},{'R3'},{'D3'},{'D5'},{'D6'},{'D7'},&,1.0,&
{'R2'},{'R1'},{'D4'},{'D1'},{'R3'},{'D5'},{'D2'},{'D3'},{'D6'},{'D7'},&,1.0,&
{'R2'},{'R1'},{'D4'},{'D1'},{'R3'},{'D5'},{'D3'},{'D2'},{'D6'},{'D7'},&,2.0,&
{'R2'},{'R1'},{'D4'},{'D1'},{'R3'},{'D3'},{'D2'},{'D5'},{'D6'},{'D7'},&,1.0,&
{'R2'},{'R1'},{'D4'},{'D1'},{'R3'},{'D3'},{'D5'},{'D2'},{'D6'},{'D7'},&,3.0,&
{'R2'},{'R1'},{'D4'},{'D1'},{'R3'},{'D2'},{'D5'},{'D3'},{'D6'},{'D7'},&,2.0,&
{'R2'},{'R1'},{'D4'},{'D1'},{'R3'},{'D2'},{'D3'},{'D5'},{'D6'},{'D7'},&,1.0,&
{'R2'},{'R1'},{'D4'},{'D5'},{'D3'},{'R3'},{'D2'},{'D1'},{'D6'},{'D7'},&,1.0,&
{'R2'},{'R1'},{'D4'},{'D5'},{'R3'},{'D1'},{'D2'},{'D3'},{'D6'},{'D7'},&,1.0,&
{'R2'},{'R1'},{'D4'},{'D5'},{'R3'},{'D1'},{'D3'},{'D2'},{'D6'},{'D7'},&,2.0,&
{'R2'},{'R1'},{'D4'},{'D5'},{'R3'},{'D1'},{'D3'},{'D6'},{'D2'},{'D7'},&,1.0,&
{'R2'},{'R1'},{'D4'},{'D5'},{'R3'},{'D3'},{'D2'},{'D1'},{'D6'},{'D7'},&,4.0,&
{'R2'},{'R1'},{'D4'},{'D5'},{'R3'},{'D3'},{'D1'},{'D2'},{'D6'},{'D7'},&,1.0,&
{'R2'},{'R1'},{'D4'},{'D5'},{'R3'},{'D3'},{'D6'},{'D1'},{'D2'},{'D7'},&,1.0,&
{'R2'},{'R1'},{'D4'},{'D5'},{'R3'},{'D2'},{'D3'},{'D1'},{'D6'},{'D7'},&,1.0,&
{'R2'},{'R1'},{'D4'},{'D5'},{'R3'},{'D6'},{'D2'},{'D3'},{'D1'},{'D7'},&,1.0,&
{'R2'},{'R1'},{'D4'},{'D3'},{'D2'},{'R3'},{'D1'},{'D6'},{'D5'},{'D7'},&,1.0,&
{'R2'},{'R1'},{'D4'},{'D3'},{'R3'},{'D5'},{'D2'},{'D1'},{'D6'},{'D7'},&,1.0,&
{'R2'},{'R1'},{'D4'},{'D3'},{'R3'},{'D5'},{'D1'},{'D2'},{'D6'},{'D7'},&,5.0,&
{'R2'},{'R1'},{'D4'},{'D3'},{'R3'},{'D5'},{'D1'},{'D6'},{'D2'},{'D7'},&,1.0,&
{'R2'},{'R1'},{'D4'},{'D3'},{'R3'},{'D1'},{'D2'},{'D5'},{'D6'},{'D7'},&,1.0,&
{'R2'},{'R1'},{'D4'},{'D3'},{'R3'},{'D1'},{'D5'},{'D2'},{'D6'},{'D7'},&,1.0,&
{'R2'},{'R1'},{'D4'},{'D3'},{'R3'},{'D2'},{'D5'},{'D1'},{'D6'},{'D7'},&,1.0,&
{'R2'},{'R1'},{'D4'},{'D2'},{'D5'},{'R3'},{'D3'},{'D1'},{'D6'},{'D7'},&,1.0,&
{'R2'},{'R1'},{'D4'},{'D2'},{'R3'},{'D1'},{'D3'},{'D5'},{'D6'},{'D7'},&,1.0,&
{'R2'},{'R1'},{'D4'},{'D2'},{'R3'},{'D1'},{'D3'},{'D6'},{'D5'},{'D7'},&,1.0,&
{'R2'},{'R1'},{'D4'},{'D2'},{'R3'},{'D6'},{'D1'},{'D3'},{'D5'},{'D7'},&,1.0,&
{'R2'},{'R1'},{'D4'},{'R3'},{'D3'},{'D5'},{'D2'},{'D1'},{'D6'},{'D7'},&,3.0,&
{'R2'},{'R1'},{'D4'},{'R3'},{'D3'},{'D5'},{'D1'},{'D2'},{'D6'},{'D7'},&,7.0,&
{'R2'},{'R1'},{'D4'},{'R3'},{'D3'},{'D1'},{'D2'},{'D5'},{'D6'},{'D7'},&,2.0,&
{'R2'},{'R1'},{'D4'},{'R3'},{'D3'},{'D1'},{'D5'},{'D2'},{'D6'},{'D7'},&,7.0,&
{'R2'},{'R1'},{'D4'},{'R3'},{'D3'},{'D1'},{'D5'},{'D6'},{'D2'},{'D7'},&,2.0,&
{'R2'},{'R1'},{'D4'},{'R3'},{'D3'},{'D2'},{'D5'},{'D1'},{'D6'},{'D7'},&,1.0,&
{'R2'},{'R1'},{'D4'},{'R3'},{'D3'},{'D6'},{'D2'},{'D5'},{'D1'},{'D7'},&,1.0,&
{'R2'},{'R1'},{'D4'},{'R3'},{'D1'},{'D5'},{'D2'},{'D3'},{'D6'},{'D7'},&,1.0,&
{'R2'},{'R1'},{'D4'},{'R3'},{'D1'},{'D5'},{'D6'},{'D3'},{'D2'},{'D7'},&,1.0,&
{'R2'},{'R1'},{'D4'},{'R3'},{'D1'},{'D5'},{'D3'},{'D2'},{'D6'},{'D7'},&,3.0,&
{'R2'},{'R1'},{'D4'},{'R3'},{'D1'},{'D5'},{'D3'},{'D6'},{'D2'},{'D7'},&,2.0,&
{'R2'},{'R1'},{'D4'},{'R3'},{'D1'},{'D3'},{'D2'},{'D5'},{'D6'},{'D7'},&,2.0,&
{'R2'},{'R1'},{'D4'},{'R3'},{'D1'},{'D3'},{'D5'},{'D2'},{'D6'},{'D7'},&,6.0,&
{'R2'},{'R1'},{'D4'},{'R3'},{'D5'},{'D1'},{'D2'},{'D3'},{'D6'},{'D7'},&,2.0,&
{'R2'},{'R1'},{'D4'},{'R3'},{'D5'},{'D1'},{'D3'},{'D2'},{'D6'},{'D7'},&,2.0,&
{'R2'},{'R1'},{'D4'},{'R3'},{'D5'},{'D3'},{'D2'},{'D1'},{'D6'},{'D7'},&,1.0,&
{'R2'},{'R1'},{'D4'},{'R3'},{'D5'},{'D3'},{'D1'},{'D2'},{'D6'},{'D7'},&,2.0,&
{'R2'},{'R1'},{'D4'},{'R3'},{'D5'},{'D3'},{'D1'},{'D6'},{'D2'},{'D7'},&,2.0,&
{'R2'},{'R1'},{'D4'},{'R3'},{'D2'},{'D5'},{'D1'},{'D3'},{'D6'},{'D7'},&,2.0,&
{'R2'},{'R1'},{'D4'},{'R3'},{'D2'},{'D5'},{'D3'},{'D1'},{'D6'},{'D7'},&,1.0,&
{'R2'},{'R1'},{'D4'},{'R3'},{'D2'},{'D1'},{'D5'},{'D6'},{'D3'},{'D7'},&,1.0,&
{'R2'},{'R1'},{'D4'},{'R3'},{'D2'},{'D3'},{'D5'},{'D1'},{'D6'},{'D7'},&,1.0,&
{'R2'},{'R1'},{'D4'},{'R3'},{'D2'},{'D3'},{'D1'},{'D5'},{'D6'},{'D7'},&,1.0,&
{'R2'},{'R1'},{'D4'},{'R3'},{'D6'},{'D1'},{'D3'},{'D5'},{'D2'},{'D7'},&,1.0,&
{'R2'},{'R1'},{'D3'},{'D1'},{'D5'},{'D4'},{'D2'},{'R3'},{'D6'},{'D7'},&,1.0,&
{'R2'},{'R1'},{'D3'},{'D1'},{'D5'},{'D4'},{'R3'},{'D2'},{'D6'},{'D7'},&,1.0,&
{'R2'},{'R1'},{'D3'},{'D1'},{'D5'},{'D2'},{'R3'},{'D4'},{'D6'},{'D7'},&,1.0,&
{'R2'},{'R1'},{'D3'},{'D1'},{'D5'},{'R3'},{'D2'},{'D4'},{'D6'},{'D7'},&,4.0,&
{'R2'},{'R1'},{'D3'},{'D1'},{'D5'},{'D6'},{'R3'},{'D2'},{'D4'},{'D7'},&,1.0,&
{'R2'},{'R1'},{'D3'},{'D1'},{'D4'},{'R3'},{'D5'},{'D2'},{'D6'},{'D7'},&,1.0,&
{'R2'},{'R1'},{'D3'},{'D1'},{'D2'},{'D5'},{'R3'},{'D6'},{'D4'},{'D7'},&,1.0,&
{'R2'},{'R1'},{'D3'},{'D1'},{'D2'},{'R3'},{'D4'},{'D5'},{'D6'},{'D7'},&,1.0,&
{'R2'},{'R1'},{'D3'},{'D1'},{'D6'},{'R3'},{'D2'},{'D4'},{'D5'},{'D7'},&,1.0,&
{'R2'},{'R1'},{'D3'},{'D1'},{'R3'},{'D5'},{'D2'},{'D4'},{'D6'},{'D7'},&,11.0,&
{'R2'},{'R1'},{'D3'},{'D1'},{'R3'},{'D5'},{'D2'},{'D6'},{'D4'},{'D7'},&,1.0,&
{'R2'},{'R1'},{'D3'},{'D1'},{'R3'},{'D5'},{'D6'},{'D2'},{'D4'},{'D7'},&,1.0,&
{'R2'},{'R1'},{'D3'},{'D1'},{'R3'},{'D5'},{'D4'},{'D2'},{'D6'},{'D7'},&,4.0,&
{'R2'},{'R1'},{'D3'},{'D1'},{'R3'},{'D4'},{'D5'},{'D2'},{'D6'},{'D7'},&,5.0,&
{'R2'},{'R1'},{'D3'},{'D1'},{'R3'},{'D2'},{'D5'},{'D4'},{'D6'},{'D7'},&,5.0,&
{'R2'},{'R1'},{'D3'},{'D1'},{'R3'},{'D2'},{'D5'},{'D6'},{'D4'},{'D7'},&,1.0,&
{'R2'},{'R1'},{'D3'},{'D1'},{'R3'},{'D2'},{'D6'},{'D5'},{'D4'},{'D7'},&,1.0,&
{'R2'},{'R1'},{'D3'},{'D1'},{'R3'},{'D6'},{'D5'},{'D2'},{'D4'},{'D7'},&,2.0,&
{'R2'},{'R1'},{'D3'},{'D5'},{'D1'},{'D4'},{'R3'},{'D2'},{'D6'},{'D7'},&,1.0,&
{'R2'},{'R1'},{'D3'},{'D5'},{'D1'},{'R3'},{'D2'},{'D4'},{'D6'},{'D7'},&,3.0,&
{'R2'},{'R1'},{'D3'},{'D5'},{'D4'},{'D1'},{'R3'},{'D2'},{'D6'},{'D7'},&,1.0,&
{'R2'},{'R1'},{'D3'},{'D5'},{'D4'},{'R3'},{'D2'},{'D1'},{'D6'},{'D7'},&,1.0,&
{'R2'},{'R1'},{'D3'},{'D5'},{'D4'},{'R3'},{'D1'},{'D2'},{'D6'},{'D7'},&,2.0,&
{'R2'},{'R1'},{'D3'},{'D5'},{'D2'},{'D1'},{'R3'},{'D4'},{'D6'},{'D7'},&,2.0,&
{'R2'},{'R1'},{'D3'},{'D5'},{'D2'},{'R3'},{'D1'},{'D4'},{'D6'},{'D7'},&,5.0,&
{'R2'},{'R1'},{'D3'},{'D5'},{'D2'},{'R3'},{'D4'},{'D1'},{'D6'},{'D7'},&,1.0,&
{'R2'},{'R1'},{'D3'},{'D5'},{'R3'},{'D4'},{'D2'},{'D1'},{'D6'},{'D7'},&,1.0,&
{'R2'},{'R1'},{'D3'},{'D5'},{'R3'},{'D4'},{'D2'},{'D6'},{'D1'},{'D7'},&,1.0,&
{'R2'},{'R1'},{'D3'},{'D5'},{'R3'},{'D4'},{'D1'},{'D2'},{'D6'},{'D7'},&,4.0,&
{'R2'},{'R1'},{'D3'},{'D5'},{'R3'},{'D4'},{'D1'},{'D6'},{'D2'},{'D7'},&,2.0,&
{'R2'},{'R1'},{'D3'},{'D5'},{'R3'},{'D1'},{'D2'},{'D4'},{'D6'},{'D7'},&,4.0,&
{'R2'},{'R1'},{'D3'},{'D5'},{'R3'},{'D1'},{'D6'},{'D2'},{'D4'},{'D7'},&,2.0,&
{'R2'},{'R1'},{'D3'},{'D5'},{'R3'},{'D1'},{'D6'},{'D4'},{'D2'},{'D7'},&,1.0,&
{'R2'},{'R1'},{'D3'},{'D5'},{'R3'},{'D1'},{'D4'},{'D2'},{'D6'},{'D7'},&,7.0,&
{'R2'},{'R1'},{'D3'},{'D5'},{'R3'},{'D1'},{'D4'},{'D6'},{'D2'},{'D7'},&,1.0,&
{'R2'},{'R1'},{'D3'},{'D5'},{'R3'},{'D2'},{'D1'},{'D4'},{'D6'},{'D7'},&,6.0,&
{'R2'},{'R1'},{'D3'},{'D5'},{'R3'},{'D2'},{'D6'},{'D1'},{'D4'},{'D7'},&,1.0,&
{'R2'},{'R1'},{'D3'},{'D5'},{'R3'},{'D2'},{'D4'},{'D1'},{'D6'},{'D7'},&,2.0,&
{'R2'},{'R1'},{'D3'},{'D4'},{'D5'},{'D1'},{'D2'},{'R3'},{'D6'},{'D7'},&,1.0,&
{'R2'},{'R1'},{'D3'},{'D4'},{'D5'},{'R3'},{'D1'},{'D2'},{'D6'},{'D7'},&,1.0,&
{'R2'},{'R1'},{'D3'},{'D4'},{'R3'},{'D5'},{'D2'},{'D1'},{'D6'},{'D7'},&,1.0,&
{'R2'},{'R1'},{'D3'},{'D4'},{'R3'},{'D5'},{'D1'},{'D2'},{'D6'},{'D7'},&,1.0,&
{'R2'},{'R1'},{'D3'},{'D4'},{'R3'},{'D1'},{'D2'},{'D5'},{'D6'},{'D7'},&,2.0,&
{'R2'},{'R1'},{'D3'},{'D4'},{'R3'},{'D1'},{'D5'},{'D2'},{'D6'},{'D7'},&,2.0,&
{'R2'},{'R1'},{'D3'},{'D4'},{'R3'},{'D1'},{'D5'},{'D6'},{'D2'},{'D7'},&,1.0,&
{'R2'},{'R1'},{'D3'},{'D6'},{'D5'},{'R3'},{'D4'},{'D2'},{'D1'},{'D7'},&,1.0,&
{'R2'},{'R1'},{'D3'},{'D6'},{'R3'},{'D1'},{'D5'},{'D2'},{'D4'},{'D7'},&,1.0,&
{'R2'},{'R1'},{'D3'},{'D2'},{'D1'},{'R3'},{'D5'},{'D6'},{'D4'},{'D7'},&,1.0,&
{'R2'},{'R1'},{'D3'},{'D2'},{'D5'},{'D1'},{'R3'},{'D4'},{'D6'},{'D7'},&,1.0,&
{'R2'},{'R1'},{'D3'},{'D2'},{'D5'},{'R3'},{'D1'},{'D4'},{'D6'},{'D7'},&,1.0,&
{'R2'},{'R1'},{'D3'},{'D2'},{'D5'},{'R3'},{'D6'},{'D1'},{'D4'},{'D7'},&,1.0,&
{'R2'},{'R1'},{'D3'},{'D2'},{'R3'},{'D5'},{'D1'},{'D4'},{'D6'},{'D7'},&,5.0,&
{'R2'},{'R1'},{'D3'},{'D2'},{'R3'},{'D5'},{'D1'},{'D6'},{'D4'},{'D7'},&,1.0,&
{'R2'},{'R1'},{'D3'},{'D2'},{'R3'},{'D5'},{'D4'},{'D1'},{'D6'},{'D7'},&,1.0,&
{'R2'},{'R1'},{'D3'},{'D2'},{'R3'},{'D4'},{'D5'},{'D1'},{'D6'},{'D7'},&,1.0,&
{'R2'},{'R1'},{'D3'},{'D2'},{'R3'},{'D4'},{'D1'},{'D6'},{'D5'},{'D7'},&,1.0,&
{'R2'},{'R1'},{'D3'},{'D2'},{'R3'},{'D1'},{'D5'},{'D4'},{'D6'},{'D7'},&,5.0,&
{'R2'},{'R1'},{'D3'},{'D2'},{'R3'},{'D1'},{'D5'},{'D6'},{'D4'},{'D7'},&,1.0,&
{'R2'},{'R1'},{'D3'},{'R3'},{'D1'},{'D5'},{'D2'},{'D4'},{'D6'},{'D7'},&,28.0,&
{'R2'},{'R1'},{'D3'},{'R3'},{'D1'},{'D5'},{'D2'},{'D6'},{'D4'},{'D7'},&,8.0,&
{'R2'},{'R1'},{'D3'},{'R3'},{'D1'},{'D5'},{'D6'},{'D2'},{'D4'},{'D7'},&,4.0,&
{'R2'},{'R1'},{'D3'},{'R3'},{'D1'},{'D5'},{'D6'},{'D4'},{'D2'},{'D7'},&,2.0,&
{'R2'},{'R1'},{'D3'},{'R3'},{'D1'},{'D5'},{'D4'},{'D2'},{'D6'},{'D7'},&,22.0,&
{'R2'},{'R1'},{'D3'},{'R3'},{'D1'},{'D5'},{'D4'},{'D6'},{'D2'},{'D7'},&,4.0,&
{'R2'},{'R1'},{'D3'},{'R3'},{'D1'},{'D4'},{'D2'},{'D5'},{'D6'},{'D7'},&,5.0,&
{'R2'},{'R1'},{'D3'},{'R3'},{'D1'},{'D4'},{'D5'},{'D2'},{'D6'},{'D7'},&,16.0,&
{'R2'},{'R1'},{'D3'},{'R3'},{'D1'},{'D2'},{'D5'},{'D4'},{'D6'},{'D7'},&,16.0,&
{'R2'},{'R1'},{'D3'},{'R3'},{'D1'},{'D2'},{'D5'},{'D6'},{'D4'},{'D7'},&,4.0,&
{'R2'},{'R1'},{'D3'},{'R3'},{'D1'},{'D2'},{'D6'},{'D5'},{'D4'},{'D7'},&,4.0,&
{'R2'},{'R1'},{'D3'},{'R3'},{'D1'},{'D2'},{'D4'},{'D5'},{'D6'},{'D7'},&,3.0,&
{'R2'},{'R1'},{'D3'},{'R3'},{'D1'},{'D6'},{'D5'},{'D2'},{'D4'},{'D7'},&,3.0,&
{'R2'},{'R1'},{'D3'},{'R3'},{'D1'},{'D6'},{'D5'},{'D4'},{'D2'},{'D7'},&,1.0,&
{'R2'},{'R1'},{'D3'},{'R3'},{'D1'},{'D6'},{'D4'},{'D2'},{'D5'},{'D7'},&,1.0,&
{'R2'},{'R1'},{'D3'},{'R3'},{'D5'},{'D4'},{'D2'},{'D1'},{'D6'},{'D7'},&,5.0,&
{'R2'},{'R1'},{'D3'},{'R3'},{'D5'},{'D4'},{'D2'},{'D6'},{'D1'},{'D7'},&,1.0,&
{'R2'},{'R1'},{'D3'},{'R3'},{'D5'},{'D4'},{'D1'},{'D2'},{'D6'},{'D7'},&,11.0,&
{'R2'},{'R1'},{'D3'},{'R3'},{'D5'},{'D1'},{'D2'},{'D4'},{'D6'},{'D7'},&,31.0,&
{'R2'},{'R1'},{'D3'},{'R3'},{'D5'},{'D1'},{'D2'},{'D4'},{'D7'},{'D6'},&,1.0,&
{'R2'},{'R1'},{'D3'},{'R3'},{'D5'},{'D1'},{'D2'},{'D6'},{'D4'},{'D7'},&,6.0,&
{'R2'},{'R1'},{'D3'},{'R3'},{'D5'},{'D1'},{'D6'},{'D2'},{'D4'},{'D7'},&,3.0,&
{'R2'},{'R1'},{'D3'},{'R3'},{'D5'},{'D1'},{'D6'},{'D4'},{'D2'},{'D7'},&,3.0,&
{'R2'},{'R1'},{'D3'},{'R3'},{'D5'},{'D1'},{'D4'},{'D2'},{'D6'},{'D7'},&,34.0,&
{'R2'},{'R1'},{'D3'},{'R3'},{'D5'},{'D1'},{'D4'},{'D6'},{'D2'},{'D7'},&,1.0,&
{'R2'},{'R1'},{'D3'},{'R3'},{'D5'},{'D2'},{'D1'},{'D4'},{'D6'},{'D7'},&,21.0,&
{'R2'},{'R1'},{'D3'},{'R3'},{'D5'},{'D2'},{'D1'},{'D6'},{'D4'},{'D7'},&,1.0,&
{'R2'},{'R1'},{'D3'},{'R3'},{'D5'},{'D2'},{'D4'},{'D1'},{'D6'},{'D7'},&,4.0,&
{'R2'},{'R1'},{'D3'},{'R3'},{'D5'},{'D2'},{'D4'},{'D6'},{'D1'},{'D7'},&,2.0,&
{'R2'},{'R1'},{'D3'},{'R3'},{'D5'},{'D6'},{'D2'},{'D1'},{'D4'},{'D7'},&,1.0,&
{'R2'},{'R1'},{'D3'},{'R3'},{'D5'},{'D6'},{'D1'},{'D2'},{'D4'},{'D7'},&,3.0,&
{'R2'},{'R1'},{'D3'},{'R3'},{'D5'},{'D6'},{'D1'},{'D4'},{'D2'},{'D7'},&,1.0,&
{'R2'},{'R1'},{'D3'},{'R3'},{'D5'},{'D6'},{'D4'},{'D2'},{'D1'},{'D7'},&,1.0,&
{'R2'},{'R1'},{'D3'},{'R3'},{'D4'},{'D5'},{'D2'},{'D1'},{'D6'},{'D7'},&,1.0,&
{'R2'},{'R1'},{'D3'},{'R3'},{'D4'},{'D5'},{'D1'},{'D2'},{'D6'},{'D7'},&,6.0,&
{'R2'},{'R1'},{'D3'},{'R3'},{'D4'},{'D5'},{'D1'},{'D6'},{'D2'},{'D7'},&,1.0,&
{'R2'},{'R1'},{'D3'},{'R3'},{'D4'},{'D1'},{'D2'},{'D5'},{'D6'},{'D7'},&,3.0,&
{'R2'},{'R1'},{'D3'},{'R3'},{'D4'},{'D1'},{'D5'},{'D2'},{'D6'},{'D7'},&,13.0,&
{'R2'},{'R1'},{'D3'},{'R3'},{'D4'},{'D1'},{'D5'},{'D6'},{'D2'},{'D7'},&,1.0,&
{'R2'},{'R1'},{'D3'},{'R3'},{'D4'},{'D2'},{'D5'},{'D1'},{'D6'},{'D7'},&,3.0,&
{'R2'},{'R1'},{'D3'},{'R3'},{'D4'},{'D2'},{'D1'},{'D5'},{'D6'},{'D7'},&,4.0,&
{'R2'},{'R1'},{'D3'},{'R3'},{'D4'},{'D2'},{'D1'},{'D6'},{'D5'},{'D7'},&,2.0,&
{'R2'},{'R1'},{'D3'},{'R3'},{'D2'},{'D5'},{'D1'},{'D4'},{'D6'},{'D7'},&,12.0,&
{'R2'},{'R1'},{'D3'},{'R3'},{'D2'},{'D5'},{'D1'},{'D6'},{'D4'},{'D7'},&,4.0,&
{'R2'},{'R1'},{'D3'},{'R3'},{'D2'},{'D5'},{'D6'},{'D1'},{'D4'},{'D7'},&,1.0,&
{'R2'},{'R1'},{'D3'},{'R3'},{'D2'},{'D5'},{'D4'},{'D1'},{'D6'},{'D7'},&,5.0,&
{'R2'},{'R1'},{'D3'},{'R3'},{'D2'},{'D5'},{'D4'},{'D6'},{'D1'},{'D7'},&,2.0,&
{'R2'},{'R1'},{'D3'},{'R3'},{'D2'},{'D4'},{'D5'},{'D1'},{'D6'},{'D7'},&,3.0,&
{'R2'},{'R1'},{'D3'},{'R3'},{'D2'},{'D1'},{'D5'},{'D4'},{'D6'},{'D7'},&,10.0,&
{'R2'},{'R1'},{'D3'},{'R3'},{'D2'},{'D1'},{'D5'},{'D6'},{'D4'},{'D7'},&,4.0,&
{'R2'},{'R1'},{'D3'},{'R3'},{'D2'},{'D1'},{'D6'},{'D5'},{'D4'},{'D7'},&,1.0,&
{'R2'},{'R1'},{'D3'},{'R3'},{'D2'},{'D1'},{'D4'},{'D5'},{'D6'},{'D7'},&,3.0,&
{'R2'},{'R1'},{'D3'},{'R3'},{'D2'},{'D6'},{'D1'},{'D4'},{'D5'},{'D7'},&,1.0,&
{'R2'},{'R1'},{'D3'},{'R3'},{'D2'},{'D6'},{'D4'},{'D5'},{'D1'},{'D7'},&,1.0,&
{'R2'},{'R1'},{'D3'},{'R3'},{'D6'},{'D1'},{'D5'},{'D2'},{'D4'},{'D7'},&,1.0,&
{'R2'},{'R1'},{'D3'},{'R3'},{'D6'},{'D1'},{'D5'},{'D4'},{'D2'},{'D7'},&,1.0,&
{'R2'},{'R1'},{'D5'},{'D1'},{'D3'},{'D2'},{'R3'},{'D4'},{'D6'},{'D7'},&,2.0,&
{'R2'},{'R1'},{'D5'},{'D1'},{'D3'},{'R3'},{'D2'},{'D4'},{'D6'},{'D7'},&,2.0,&
{'R2'},{'R1'},{'D5'},{'D1'},{'D4'},{'D2'},{'D3'},{'R3'},{'D6'},{'D7'},&,1.0,&
{'R2'},{'R1'},{'D5'},{'D1'},{'D4'},{'R3'},{'D2'},{'D3'},{'D6'},{'D7'},&,1.0,&
{'R2'},{'R1'},{'D5'},{'D1'},{'D2'},{'R3'},{'D3'},{'D4'},{'D6'},{'D7'},&,1.0,&
{'R2'},{'R1'},{'D5'},{'D1'},{'R3'},{'D4'},{'D3'},{'D2'},{'D6'},{'D7'},&,3.0,&
{'R2'},{'R1'},{'D5'},{'D1'},{'R3'},{'D4'},{'D3'},{'D6'},{'D2'},{'D7'},&,1.0,&
{'R2'},{'R1'},{'D5'},{'D1'},{'R3'},{'D3'},{'D2'},{'D4'},{'D6'},{'D7'},&,13.0,&
{'R2'},{'R1'},{'D5'},{'D1'},{'R3'},{'D3'},{'D2'},{'D6'},{'D4'},{'D7'},&,3.0,&
{'R2'},{'R1'},{'D5'},{'D1'},{'R3'},{'D3'},{'D6'},{'D2'},{'D4'},{'D7'},&,1.0,&
{'R2'},{'R1'},{'D5'},{'D1'},{'R3'},{'D3'},{'D4'},{'D2'},{'D6'},{'D7'},&,7.0,&
{'R2'},{'R1'},{'D5'},{'D1'},{'R3'},{'D3'},{'D4'},{'D2'},{'D7'},{'D6'},&,1.0,&
{'R2'},{'R1'},{'D5'},{'D1'},{'R3'},{'D2'},{'D3'},{'D4'},{'D6'},{'D7'},&,4.0,&
{'R2'},{'R1'},{'D5'},{'D4'},{'R3'},{'D1'},{'D2'},{'D3'},{'D6'},{'D7'},&,1.0,&
{'R2'},{'R1'},{'D5'},{'D4'},{'R3'},{'D1'},{'D3'},{'D2'},{'D6'},{'D7'},&,2.0,&
{'R2'},{'R1'},{'D5'},{'D4'},{'R3'},{'D3'},{'D2'},{'D1'},{'D6'},{'D7'},&,2.0,&
{'R2'},{'R1'},{'D5'},{'D4'},{'R3'},{'D3'},{'D1'},{'D2'},{'D6'},{'D7'},&,3.0,&
{'R2'},{'R1'},{'D5'},{'D3'},{'D1'},{'D4'},{'R3'},{'D2'},{'D6'},{'D7'},&,1.0,&
{'R2'},{'R1'},{'D5'},{'D3'},{'D1'},{'D2'},{'R3'},{'D4'},{'D6'},{'D7'},&,1.0,&
{'R2'},{'R1'},{'D5'},{'D3'},{'D1'},{'R3'},{'D2'},{'D4'},{'D6'},{'D7'},&,1.0,&
{'R2'},{'R1'},{'D5'},{'D3'},{'D1'},{'R3'},{'D6'},{'D2'},{'D4'},{'D7'},&,1.0,&
{'R2'},{'R1'},{'D5'},{'D3'},{'D1'},{'R3'},{'D6'},{'D4'},{'D2'},{'D7'},&,1.0,&
{'R2'},{'R1'},{'D5'},{'D3'},{'D1'},{'R3'},{'D4'},{'D2'},{'D6'},{'D7'},&,2.0,&
{'R2'},{'R1'},{'D5'},{'D3'},{'D2'},{'R3'},{'D1'},{'D4'},{'D6'},{'D7'},&,3.0,&
{'R2'},{'R1'},{'D5'},{'D3'},{'D6'},{'R3'},{'D4'},{'D1'},{'D2'},{'D7'},&,1.0,&
{'R2'},{'R1'},{'D5'},{'D3'},{'R3'},{'D4'},{'D2'},{'D1'},{'D6'},{'D7'},&,2.0,&
{'R2'},{'R1'},{'D5'},{'D3'},{'R3'},{'D4'},{'D1'},{'D2'},{'D6'},{'D7'},&,3.0,&
{'R2'},{'R1'},{'D5'},{'D3'},{'R3'},{'D1'},{'D2'},{'D4'},{'D6'},{'D7'},&,15.0,&
{'R2'},{'R1'},{'D5'},{'D3'},{'R3'},{'D1'},{'D2'},{'D6'},{'D4'},{'D7'},&,3.0,&
{'R2'},{'R1'},{'D5'},{'D3'},{'R3'},{'D1'},{'D6'},{'D2'},{'D4'},{'D7'},&,1.0,&
{'R2'},{'R1'},{'D5'},{'D3'},{'R3'},{'D1'},{'D6'},{'D4'},{'D2'},{'D7'},&,2.0,&
{'R2'},{'R1'},{'D5'},{'D3'},{'R3'},{'D1'},{'D4'},{'D2'},{'D6'},{'D7'},&,11.0,&
{'R2'},{'R1'},{'D5'},{'D3'},{'R3'},{'D2'},{'D1'},{'D4'},{'D6'},{'D7'},&,7.0,&
{'R2'},{'R1'},{'D5'},{'D3'},{'R3'},{'D2'},{'D1'},{'D6'},{'D4'},{'D7'},&,2.0,&
{'R2'},{'R1'},{'D5'},{'D3'},{'R3'},{'D2'},{'D4'},{'D1'},{'D6'},{'D7'},&,1.0,&
{'R2'},{'R1'},{'D5'},{'D2'},{'D3'},{'R3'},{'D1'},{'D4'},{'D6'},{'D7'},&,2.0,&
{'R2'},{'R1'},{'D5'},{'D2'},{'D1'},{'R3'},{'D3'},{'D4'},{'D6'},{'D7'},&,1.0,&
{'R2'},{'R1'},{'D5'},{'D2'},{'R3'},{'D1'},{'D3'},{'D4'},{'D6'},{'D7'},&,1.0,&
{'R2'},{'R1'},{'D5'},{'D2'},{'R3'},{'D1'},{'D3'},{'D6'},{'D4'},{'D7'},&,2.0,&
{'R2'},{'R1'},{'D5'},{'D2'},{'R3'},{'D3'},{'D1'},{'D4'},{'D6'},{'D7'},&,2.0,&
{'R2'},{'R1'},{'D5'},{'R3'},{'D3'},{'D4'},{'D2'},{'D1'},{'D6'},{'D7'},&,2.0,&
{'R2'},{'R1'},{'D5'},{'R3'},{'D3'},{'D4'},{'D1'},{'D2'},{'D6'},{'D7'},&,18.0,&
{'R2'},{'R1'},{'D5'},{'R3'},{'D3'},{'D4'},{'D1'},{'D6'},{'D2'},{'D7'},&,1.0,&
{'R2'},{'R1'},{'D5'},{'R3'},{'D3'},{'D1'},{'D2'},{'D4'},{'D6'},{'D7'},&,32.0,&
{'R2'},{'R1'},{'D5'},{'R3'},{'D3'},{'D1'},{'D2'},{'D6'},{'D4'},{'D7'},&,5.0,&
{'R2'},{'R1'},{'D5'},{'R3'},{'D3'},{'D1'},{'D6'},{'D4'},{'D2'},{'D7'},&,3.0,&
{'R2'},{'R1'},{'D5'},{'R3'},{'D3'},{'D1'},{'D4'},{'D2'},{'D6'},{'D7'},&,25.0,&
{'R2'},{'R1'},{'D5'},{'R3'},{'D3'},{'D1'},{'D4'},{'D6'},{'D2'},{'D7'},&,4.0,&
{'R2'},{'R1'},{'D5'},{'R3'},{'D3'},{'D2'},{'D1'},{'D4'},{'D6'},{'D7'},&,10.0,&
{'R2'},{'R1'},{'D5'},{'R3'},{'D3'},{'D2'},{'D1'},{'D6'},{'D4'},{'D7'},&,3.0,&
{'R2'},{'R1'},{'D5'},{'R3'},{'D3'},{'D2'},{'D6'},{'D1'},{'D4'},{'D7'},&,1.0,&
{'R2'},{'R1'},{'D5'},{'R3'},{'D3'},{'D2'},{'D4'},{'D1'},{'D6'},{'D7'},&,6.0,&
{'R2'},{'R1'},{'D5'},{'R3'},{'D3'},{'D6'},{'D1'},{'D2'},{'D4'},{'D7'},&,3.0,&
{'R2'},{'R1'},{'D5'},{'R3'},{'D3'},{'D6'},{'D4'},{'D1'},{'D2'},{'D7'},&,1.0,&
{'R2'},{'R1'},{'D5'},{'R3'},{'D1'},{'D4'},{'D2'},{'D3'},{'D6'},{'D7'},&,2.0,&
{'R2'},{'R1'},{'D5'},{'R3'},{'D1'},{'D4'},{'D3'},{'D2'},{'D6'},{'D7'},&,7.0,&
{'R2'},{'R1'},{'D5'},{'R3'},{'D1'},{'D4'},{'D3'},{'D6'},{'D2'},{'D7'},&,2.0,&
{'R2'},{'R1'},{'D5'},{'R3'},{'D1'},{'D3'},{'D2'},{'D4'},{'D6'},{'D7'},&,22.0,&
{'R2'},{'R1'},{'D5'},{'R3'},{'D1'},{'D3'},{'D2'},{'D6'},{'D4'},{'D7'},&,6.0,&
{'R2'},{'R1'},{'D5'},{'R3'},{'D1'},{'D3'},{'D6'},{'D2'},{'D4'},{'D7'},&,2.0,&
{'R2'},{'R1'},{'D5'},{'R3'},{'D1'},{'D3'},{'D6'},{'D4'},{'D2'},{'D7'},&,1.0,&
{'R2'},{'R1'},{'D5'},{'R3'},{'D1'},{'D3'},{'D4'},{'D2'},{'D6'},{'D7'},&,25.0,&
{'R2'},{'R1'},{'D5'},{'R3'},{'D1'},{'D3'},{'D4'},{'D2'},{'D7'},{'D6'},&,2.0,&
{'R2'},{'R1'},{'D5'},{'R3'},{'D1'},{'D3'},{'D4'},{'D6'},{'D2'},{'D7'},&,1.0,&
{'R2'},{'R1'},{'D5'},{'R3'},{'D1'},{'D2'},{'D4'},{'D3'},{'D6'},{'D7'},&,1.0,&
{'R2'},{'R1'},{'D5'},{'R3'},{'D1'},{'D2'},{'D3'},{'D4'},{'D6'},{'D7'},&,11.0,&
{'R2'},{'R1'},{'D5'},{'R3'},{'D1'},{'D6'},{'D4'},{'D3'},{'D2'},{'D7'},&,1.0,&
{'R2'},{'R1'},{'D5'},{'R3'},{'D1'},{'D6'},{'D3'},{'D2'},{'D4'},{'D7'},&,1.0,&
{'R2'},{'R1'},{'D5'},{'R3'},{'D4'},{'D1'},{'D2'},{'D3'},{'D6'},{'D7'},&,2.0,&
{'R2'},{'R1'},{'D5'},{'R3'},{'D4'},{'D1'},{'D3'},{'D2'},{'D6'},{'D7'},&,4.0,&
{'R2'},{'R1'},{'D5'},{'R3'},{'D4'},{'D3'},{'D2'},{'D1'},{'D6'},{'D7'},&,4.0,&
{'R2'},{'R1'},{'D5'},{'R3'},{'D4'},{'D3'},{'D1'},{'D2'},{'D6'},{'D7'},&,5.0,&
{'R2'},{'R1'},{'D5'},{'R3'},{'D4'},{'D3'},{'D6'},{'D1'},{'D2'},{'D7'},&,1.0,&
{'R2'},{'R1'},{'D5'},{'R3'},{'D4'},{'D2'},{'D1'},{'D3'},{'D6'},{'D7'},&,2.0,&
{'R2'},{'R1'},{'D5'},{'R3'},{'D4'},{'D6'},{'D3'},{'D1'},{'D2'},{'D7'},&,1.0,&
{'R2'},{'R1'},{'D5'},{'R3'},{'D2'},{'D1'},{'D4'},{'D3'},{'D6'},{'D7'},&,1.0,&
{'R2'},{'R1'},{'D5'},{'R3'},{'D2'},{'D1'},{'D3'},{'D4'},{'D6'},{'D7'},&,4.0,&
{'R2'},{'R1'},{'D5'},{'R3'},{'D2'},{'D1'},{'D3'},{'D6'},{'D4'},{'D7'},&,1.0,&
{'R2'},{'R1'},{'D5'},{'R3'},{'D2'},{'D3'},{'D1'},{'D4'},{'D6'},{'D7'},&,6.0,&
{'R2'},{'R1'},{'D5'},{'R3'},{'D2'},{'D3'},{'D1'},{'D6'},{'D4'},{'D7'},&,1.0,&
{'R2'},{'R1'},{'D5'},{'R3'},{'D2'},{'D3'},{'D4'},{'D1'},{'D6'},{'D7'},&,6.0,&
{'R2'},{'R1'},{'D5'},{'R3'},{'D2'},{'D6'},{'D1'},{'D4'},{'D3'},{'D7'},&,1.0,&
{'R2'},{'R1'},{'D5'},{'R3'},{'D6'},{'D1'},{'D2'},{'D3'},{'D4'},{'D7'},&,1.0,&
{'R2'},{'R1'},{'D5'},{'R3'},{'D6'},{'D1'},{'D3'},{'D2'},{'D4'},{'D7'},&,1.0,&
{'R2'},{'R1'},{'D5'},{'R3'},{'D6'},{'D2'},{'D1'},{'D3'},{'D4'},{'D7'},&,1.0,&
{'R2'},{'R1'},{'D6'},{'D5'},{'R3'},{'D3'},{'D2'},{'D1'},{'D4'},{'D7'},&,1.0,&
{'R2'},{'R1'},{'D6'},{'D5'},{'R3'},{'D3'},{'D1'},{'D4'},{'D2'},{'D7'},&,1.0,&
{'R2'},{'R1'},{'D6'},{'D3'},{'R3'},{'D5'},{'D4'},{'D2'},{'D1'},{'D7'},&,1.0,&
{'R2'},{'R1'},{'D6'},{'D3'},{'R3'},{'D1'},{'D2'},{'D5'},{'D4'},{'D7'},&,1.0,&
{'R2'},{'R1'},{'D6'},{'D3'},{'R3'},{'D1'},{'D5'},{'D2'},{'D4'},{'D7'},&,1.0,&
{'R2'},{'R1'},{'D6'},{'R3'},{'D3'},{'D5'},{'D1'},{'D2'},{'D4'},{'D7'},&,1.0,&
{'R2'},{'R1'},{'D6'},{'R3'},{'D3'},{'D4'},{'D1'},{'D2'},{'D5'},{'D7'},&,1.0,&
{'R2'},{'R1'},{'D6'},{'R3'},{'D3'},{'D1'},{'D5'},{'D2'},{'D4'},{'D7'},&,1.0,&
{'R2'},{'R1'},{'D6'},{'R3'},{'D1'},{'D2'},{'D3'},{'D5'},{'D4'},{'D7'},&,1.0,&
{'R2'},{'R1'},{'D6'},{'R3'},{'D5'},{'D1'},{'D3'},{'D2'},{'D4'},{'D7'},&,1.0,&
{'R2'},{'R1'},{'D6'},{'R3'},{'D5'},{'D3'},{'D1'},{'D4'},{'D2'},{'D7'},&,1.0,&
{'R2'},{'R1'},{'D6'},{'R3'},{'D5'},{'D3'},{'D4'},{'D1'},{'D2'},{'D7'},&,1.0,&
{'R2'},{'R1'},{'D6'},{'R3'},{'D5'},{'D2'},{'D3'},{'D1'},{'D4'},{'D7'},&,1.0,&
{'R2'},{'R1'},{'D6'},{'R3'},{'D2'},{'D4'},{'D5'},{'D3'},{'D1'},{'D7'},&,1.0,&
{'R2'},{'R1'},{'D1'},{'D5'},{'D3'},{'D4'},{'R3'},{'D2'},{'D6'},{'D7'},&,1.0,&
{'R2'},{'R1'},{'D1'},{'D5'},{'D3'},{'D2'},{'R3'},{'D6'},{'D4'},{'D7'},&,1.0,&
{'R2'},{'R1'},{'D1'},{'D5'},{'D3'},{'D2'},{'D6'},{'R3'},{'D4'},{'D7'},&,1.0,&
{'R2'},{'R1'},{'D1'},{'D5'},{'D3'},{'D2'},{'D4'},{'D6'},{'R3'},{'D7'},&,1.0,&
{'R2'},{'R1'},{'D1'},{'D5'},{'D3'},{'R3'},{'D2'},{'D4'},{'D6'},{'D7'},&,1.0,&
{'R2'},{'R1'},{'D1'},{'D5'},{'D3'},{'R3'},{'D4'},{'D2'},{'D6'},{'D7'},&,1.0,&
{'R2'},{'R1'},{'D1'},{'D5'},{'D4'},{'R3'},{'D3'},{'D2'},{'D7'},{'D6'},&,1.0,&
{'R2'},{'R1'},{'D1'},{'D5'},{'D2'},{'D4'},{'D3'},{'R3'},{'D6'},{'D7'},&,1.0,&
{'R2'},{'R1'},{'D1'},{'D5'},{'D2'},{'R3'},{'D3'},{'D6'},{'D4'},{'D7'},&,1.0,&
{'R2'},{'R1'},{'D1'},{'D5'},{'D6'},{'D2'},{'R3'},{'D3'},{'D4'},{'D7'},&,1.0,&
{'R2'},{'R1'},{'D1'},{'D5'},{'R3'},{'D3'},{'D2'},{'D4'},{'D6'},{'D7'},&,6.0,&
{'R2'},{'R1'},{'D1'},{'D5'},{'R3'},{'D3'},{'D2'},{'D6'},{'D4'},{'D7'},&,1.0,&
{'R2'},{'R1'},{'D1'},{'D5'},{'R3'},{'D3'},{'D6'},{'D4'},{'D2'},{'D7'},&,1.0,&
{'R2'},{'R1'},{'D1'},{'D5'},{'R3'},{'D3'},{'D4'},{'D2'},{'D6'},{'D7'},&,4.0,&
{'R2'},{'R1'},{'D1'},{'D5'},{'R3'},{'D3'},{'D4'},{'D6'},{'D2'},{'D7'},&,1.0,&
{'R2'},{'R1'},{'D1'},{'D5'},{'R3'},{'D2'},{'D3'},{'D4'},{'D6'},{'D7'},&,3.0,&
{'R2'},{'R1'},{'D1'},{'D5'},{'R3'},{'D2'},{'D3'},{'D6'},{'D4'},{'D7'},&,1.0,&
{'R2'},{'R1'},{'D1'},{'D4'},{'D3'},{'D2'},{'R3'},{'D5'},{'D6'},{'D7'},&,1.0,&
{'R2'},{'R1'},{'D1'},{'D4'},{'D2'},{'R3'},{'D3'},{'D5'},{'D6'},{'D7'},&,1.0,&
{'R2'},{'R1'},{'D1'},{'D4'},{'R3'},{'D5'},{'D2'},{'D3'},{'D6'},{'D7'},&,1.0,&
{'R2'},{'R1'},{'D1'},{'D4'},{'R3'},{'D5'},{'D3'},{'D2'},{'D6'},{'D7'},&,1.0,&
{'R2'},{'R1'},{'D1'},{'D4'},{'R3'},{'D3'},{'D5'},{'D2'},{'D6'},{'D7'},&,2.0,&
{'R2'},{'R1'},{'D1'},{'D3'},{'D5'},{'R3'},{'D2'},{'D4'},{'D6'},{'D7'},&,1.0,&
{'R2'},{'R1'},{'D1'},{'D3'},{'D5'},{'R3'},{'D4'},{'D2'},{'D6'},{'D7'},&,1.0,&
{'R2'},{'R1'},{'D1'},{'D3'},{'D5'},{'R3'},{'D4'},{'D2'},{'D7'},{'D6'},&,1.0,&
{'R2'},{'R1'},{'D1'},{'D3'},{'D4'},{'R3'},{'D2'},{'D5'},{'D6'},{'D7'},&,1.0,&
{'R2'},{'R1'},{'D1'},{'D3'},{'D4'},{'R3'},{'D5'},{'D2'},{'D6'},{'D7'},&,1.0,&
{'R2'},{'R1'},{'D1'},{'D3'},{'D2'},{'R3'},{'D5'},{'D4'},{'D6'},{'D7'},&,1.0,&
{'R2'},{'R1'},{'D1'},{'D3'},{'R3'},{'D5'},{'D2'},{'D4'},{'D6'},{'D7'},&,8.0,&
{'R2'},{'R1'},{'D1'},{'D3'},{'R3'},{'D5'},{'D4'},{'D2'},{'D6'},{'D7'},&,4.0,&
{'R2'},{'R1'},{'D1'},{'D3'},{'R3'},{'D4'},{'D5'},{'D2'},{'D6'},{'D7'},&,1.0,&
{'R2'},{'R1'},{'D1'},{'D3'},{'R3'},{'D2'},{'D5'},{'D4'},{'D6'},{'D7'},&,6.0,&
{'R2'},{'R1'},{'D1'},{'D3'},{'R3'},{'D2'},{'D5'},{'D6'},{'D4'},{'D7'},&,1.0,&
{'R2'},{'R1'},{'D1'},{'D3'},{'R3'},{'D2'},{'D4'},{'D5'},{'D6'},{'D7'},&,1.0,&
{'R2'},{'R1'},{'D1'},{'D2'},{'D5'},{'R3'},{'D3'},{'D4'},{'D6'},{'D7'},&,1.0,&
{'R2'},{'R1'},{'D1'},{'D2'},{'D4'},{'R3'},{'D5'},{'D3'},{'D6'},{'D7'},&,1.0,&
{'R2'},{'R1'},{'D1'},{'D2'},{'R3'},{'D5'},{'D3'},{'D4'},{'D6'},{'D7'},&,2.0,&
{'R2'},{'R1'},{'D1'},{'D2'},{'R3'},{'D5'},{'D3'},{'D6'},{'D4'},{'D7'},&,2.0,&
{'R2'},{'R1'},{'D1'},{'D2'},{'R3'},{'D3'},{'D5'},{'D4'},{'D6'},{'D7'},&,2.0,&
{'R2'},{'R1'},{'D1'},{'R3'},{'D3'},{'D5'},{'D2'},{'D4'},{'D6'},{'D7'},&,34.0,&
{'R2'},{'R1'},{'D1'},{'R3'},{'D3'},{'D5'},{'D2'},{'D6'},{'D4'},{'D7'},&,7.0,&
{'R2'},{'R1'},{'D1'},{'R3'},{'D3'},{'D5'},{'D6'},{'D4'},{'D2'},{'D7'},&,3.0,&
{'R2'},{'R1'},{'D1'},{'R3'},{'D3'},{'D5'},{'D4'},{'D2'},{'D6'},{'D7'},&,17.0,&
{'R2'},{'R1'},{'D1'},{'R3'},{'D3'},{'D5'},{'D4'},{'D6'},{'D2'},{'D7'},&,1.0,&
{'R2'},{'R1'},{'D1'},{'R3'},{'D3'},{'D4'},{'D2'},{'D5'},{'D6'},{'D7'},&,2.0,&
{'R2'},{'R1'},{'D1'},{'R3'},{'D3'},{'D4'},{'D5'},{'D2'},{'D6'},{'D7'},&,7.0,&
{'R2'},{'R1'},{'D1'},{'R3'},{'D3'},{'D4'},{'D5'},{'D6'},{'D2'},{'D7'},&,3.0,&
{'R2'},{'R1'},{'D1'},{'R3'},{'D3'},{'D2'},{'D5'},{'D4'},{'D6'},{'D7'},&,10.0,&
{'R2'},{'R1'},{'D1'},{'R3'},{'D3'},{'D2'},{'D5'},{'D6'},{'D4'},{'D7'},&,5.0,&
{'R2'},{'R1'},{'D1'},{'R3'},{'D3'},{'D2'},{'D6'},{'D5'},{'D4'},{'D7'},&,1.0,&
{'R2'},{'R1'},{'D1'},{'R3'},{'D3'},{'D2'},{'D4'},{'D5'},{'D6'},{'D7'},&,6.0,&
{'R2'},{'R1'},{'D1'},{'R3'},{'D3'},{'D6'},{'D2'},{'D4'},{'D5'},{'D7'},&,1.0,&
{'R2'},{'R1'},{'D1'},{'R3'},{'D5'},{'D4'},{'D2'},{'D3'},{'D6'},{'D7'},&,2.0,&
{'R2'},{'R1'},{'D1'},{'R3'},{'D5'},{'D4'},{'D3'},{'D2'},{'D6'},{'D7'},&,7.0,&
{'R2'},{'R1'},{'D1'},{'R3'},{'D5'},{'D3'},{'D2'},{'D4'},{'D6'},{'D7'},&,28.0,&
{'R2'},{'R1'},{'D1'},{'R3'},{'D5'},{'D3'},{'D2'},{'D6'},{'D4'},{'D7'},&,5.0,&
{'R2'},{'R1'},{'D1'},{'R3'},{'D5'},{'D3'},{'D6'},{'D2'},{'D4'},{'D7'},&,4.0,&
{'R2'},{'R1'},{'D1'},{'R3'},{'D5'},{'D3'},{'D6'},{'D4'},{'D2'},{'D7'},&,1.0,&
{'R2'},{'R1'},{'D1'},{'R3'},{'D5'},{'D3'},{'D4'},{'D2'},{'D6'},{'D7'},&,16.0,&
{'R2'},{'R1'},{'D1'},{'R3'},{'D5'},{'D3'},{'D4'},{'D6'},{'D2'},{'D7'},&,1.0,&
{'R2'},{'R1'},{'D1'},{'R3'},{'D5'},{'D2'},{'D4'},{'D3'},{'D6'},{'D7'},&,2.0,&
{'R2'},{'R1'},{'D1'},{'R3'},{'D5'},{'D2'},{'D3'},{'D4'},{'D6'},{'D7'},&,8.0,&
{'R2'},{'R1'},{'D1'},{'R3'},{'D5'},{'D2'},{'D3'},{'D6'},{'D4'},{'D7'},&,2.0,&
{'R2'},{'R1'},{'D1'},{'R3'},{'D5'},{'D6'},{'D3'},{'D4'},{'D2'},{'D7'},&,1.0,&
{'R2'},{'R1'},{'D1'},{'R3'},{'D4'},{'D5'},{'D2'},{'D3'},{'D6'},{'D7'},&,2.0,&
{'R2'},{'R1'},{'D1'},{'R3'},{'D4'},{'D5'},{'D3'},{'D2'},{'D6'},{'D7'},&,7.0,&
{'R2'},{'R1'},{'D1'},{'R3'},{'D4'},{'D3'},{'D2'},{'D5'},{'D6'},{'D7'},&,1.0,&
{'R2'},{'R1'},{'D1'},{'R3'},{'D4'},{'D3'},{'D5'},{'D2'},{'D6'},{'D7'},&,6.0,&
{'R2'},{'R1'},{'D1'},{'R3'},{'D4'},{'D2'},{'D3'},{'D5'},{'D6'},{'D7'},&,1.0,&
{'R2'},{'R1'},{'D1'},{'R3'},{'D2'},{'D5'},{'D6'},{'D4'},{'D3'},{'D7'},&,1.0,&
{'R2'},{'R1'},{'D1'},{'R3'},{'D2'},{'D5'},{'D4'},{'D3'},{'D6'},{'D7'},&,3.0,&
{'R2'},{'R1'},{'D1'},{'R3'},{'D2'},{'D5'},{'D3'},{'D4'},{'D6'},{'D7'},&,4.0,&
{'R2'},{'R1'},{'D1'},{'R3'},{'D2'},{'D5'},{'D3'},{'D6'},{'D4'},{'D7'},&,4.0,&
{'R2'},{'R1'},{'D1'},{'R3'},{'D2'},{'D4'},{'D5'},{'D3'},{'D6'},{'D7'},&,4.0,&
{'R2'},{'R1'},{'D1'},{'R3'},{'D2'},{'D3'},{'D5'},{'D4'},{'D6'},{'D7'},&,6.0,&
{'R2'},{'R1'},{'D1'},{'R3'},{'D2'},{'D3'},{'D5'},{'D6'},{'D4'},{'D7'},&,1.0,&
{'R2'},{'R1'},{'D1'},{'R3'},{'D2'},{'D3'},{'D6'},{'D5'},{'D4'},{'D7'},&,2.0,&
{'R2'},{'R1'},{'D1'},{'R3'},{'D2'},{'D3'},{'D4'},{'D5'},{'D6'},{'D7'},&,1.0,&
{'R2'},{'R1'},{'D1'},{'R3'},{'D2'},{'D3'},{'D4'},{'D5'},{'D7'},{'D6'},&,1.0,&
{'R2'},{'R1'},{'D1'},{'R3'},{'D2'},{'D6'},{'D5'},{'D3'},{'D4'},{'D7'},&,1.0,&
{'R2'},{'R1'},{'D1'},{'R3'},{'D6'},{'D5'},{'D2'},{'D3'},{'D4'},{'D7'},&,2.0,&
{'R2'},{'R1'},{'D1'},{'R3'},{'D6'},{'D5'},{'D3'},{'D4'},{'D2'},{'D7'},&,1.0,&
{'R2'},{'R1'},{'D1'},{'R3'},{'D6'},{'D3'},{'D5'},{'D2'},{'D4'},{'D7'},&,1.0,&
{'R2'},{'R1'},{'D1'},{'R3'},{'D6'},{'D2'},{'D5'},{'D3'},{'D4'},{'D7'},&,1.0,&
{'R2'},{'R1'},{'D2'},{'D1'},{'D3'},{'R3'},{'D5'},{'D6'},{'D4'},{'D7'},&,1.0,&
{'R2'},{'R1'},{'D2'},{'D1'},{'R3'},{'D5'},{'D4'},{'D3'},{'D6'},{'D7'},&,1.0,&
{'R2'},{'R1'},{'D2'},{'D1'},{'R3'},{'D4'},{'D5'},{'D3'},{'D6'},{'D7'},&,2.0,&
{'R2'},{'R1'},{'D2'},{'D1'},{'R3'},{'D3'},{'D5'},{'D4'},{'D6'},{'D7'},&,2.0,&
{'R2'},{'R1'},{'D2'},{'D1'},{'R3'},{'D3'},{'D5'},{'D6'},{'D4'},{'D7'},&,1.0,&
{'R2'},{'R1'},{'D2'},{'D5'},{'D3'},{'R3'},{'D1'},{'D4'},{'D6'},{'D7'},&,1.0,&
{'R2'},{'R1'},{'D2'},{'D5'},{'D1'},{'R3'},{'D4'},{'D3'},{'D6'},{'D7'},&,1.0,&
{'R2'},{'R1'},{'D2'},{'D5'},{'R3'},{'D1'},{'D3'},{'D4'},{'D6'},{'D7'},&,1.0,&
{'R2'},{'R1'},{'D2'},{'D5'},{'R3'},{'D3'},{'D6'},{'D1'},{'D4'},{'D7'},&,1.0,&
{'R2'},{'R1'},{'D2'},{'D3'},{'D5'},{'R3'},{'D1'},{'D4'},{'D6'},{'D7'},&,2.0,&
{'R2'},{'R1'},{'D2'},{'D3'},{'R3'},{'D5'},{'D1'},{'D4'},{'D6'},{'D7'},&,1.0,&
{'R2'},{'R1'},{'D2'},{'D3'},{'R3'},{'D5'},{'D1'},{'D4'},{'D7'},{'D6'},&,1.0,&
{'R2'},{'R1'},{'D2'},{'D3'},{'R3'},{'D5'},{'D6'},{'D1'},{'D4'},{'D7'},&,1.0,&
{'R2'},{'R1'},{'D2'},{'D3'},{'R3'},{'D5'},{'D4'},{'D1'},{'D6'},{'D7'},&,3.0,&
{'R2'},{'R1'},{'D2'},{'D3'},{'R3'},{'D4'},{'D6'},{'D5'},{'D1'},{'D7'},&,1.0,&
{'R2'},{'R1'},{'D2'},{'D3'},{'R3'},{'D1'},{'D4'},{'D5'},{'D6'},{'D7'},&,1.0,&
{'R2'},{'R1'},{'D2'},{'R3'},{'D3'},{'D5'},{'D1'},{'D4'},{'D6'},{'D7'},&,6.0,&
{'R2'},{'R1'},{'D2'},{'R3'},{'D3'},{'D5'},{'D1'},{'D6'},{'D4'},{'D7'},&,2.0,&
{'R2'},{'R1'},{'D2'},{'R3'},{'D3'},{'D5'},{'D6'},{'D1'},{'D4'},{'D7'},&,1.0,&
{'R2'},{'R1'},{'D2'},{'R3'},{'D3'},{'D5'},{'D4'},{'D1'},{'D6'},{'D7'},&,1.0,&
{'R2'},{'R1'},{'D2'},{'R3'},{'D3'},{'D4'},{'D5'},{'D1'},{'D6'},{'D7'},&,4.0,&
{'R2'},{'R1'},{'D2'},{'R3'},{'D3'},{'D4'},{'D1'},{'D5'},{'D6'},{'D7'},&,5.0,&
{'R2'},{'R1'},{'D2'},{'R3'},{'D3'},{'D1'},{'D5'},{'D4'},{'D6'},{'D7'},&,9.0,&
{'R2'},{'R1'},{'D2'},{'R3'},{'D3'},{'D1'},{'D5'},{'D4'},{'D7'},{'D6'},&,1.0,&
{'R2'},{'R1'},{'D2'},{'R3'},{'D3'},{'D1'},{'D5'},{'D6'},{'D4'},{'D7'},&,2.0,&
{'R2'},{'R1'},{'D2'},{'R3'},{'D3'},{'D1'},{'D4'},{'D5'},{'D6'},{'D7'},&,1.0,&
{'R2'},{'R1'},{'D2'},{'R3'},{'D1'},{'D5'},{'D4'},{'D3'},{'D6'},{'D7'},&,2.0,&
{'R2'},{'R1'},{'D2'},{'R3'},{'D1'},{'D5'},{'D3'},{'D4'},{'D6'},{'D7'},&,4.0,&
{'R2'},{'R1'},{'D2'},{'R3'},{'D1'},{'D5'},{'D3'},{'D4'},{'D7'},{'D6'},&,1.0,&
{'R2'},{'R1'},{'D2'},{'R3'},{'D1'},{'D5'},{'D3'},{'D6'},{'D4'},{'D7'},&,2.0,&
{'R2'},{'R1'},{'D2'},{'R3'},{'D1'},{'D4'},{'D3'},{'D5'},{'D6'},{'D7'},&,2.0,&
{'R2'},{'R1'},{'D2'},{'R3'},{'D1'},{'D3'},{'D5'},{'D4'},{'D6'},{'D7'},&,5.0,&
{'R2'},{'R1'},{'D2'},{'R3'},{'D1'},{'D3'},{'D4'},{'D5'},{'D6'},{'D7'},&,3.0,&
{'R2'},{'R1'},{'D2'},{'R3'},{'D5'},{'D4'},{'D3'},{'D1'},{'D6'},{'D7'},&,1.0,&
{'R2'},{'R1'},{'D2'},{'R3'},{'D5'},{'D1'},{'D4'},{'D3'},{'D6'},{'D7'},&,1.0,&
{'R2'},{'R1'},{'D2'},{'R3'},{'D5'},{'D1'},{'D3'},{'D4'},{'D6'},{'D7'},&,1.0,&
{'R2'},{'R1'},{'D2'},{'R3'},{'D5'},{'D1'},{'D3'},{'D6'},{'D4'},{'D7'},&,2.0,&
{'R2'},{'R1'},{'D2'},{'R3'},{'D5'},{'D3'},{'D1'},{'D4'},{'D6'},{'D7'},&,7.0,&
{'R2'},{'R1'},{'D2'},{'R3'},{'D5'},{'D3'},{'D1'},{'D6'},{'D4'},{'D7'},&,3.0,&
{'R2'},{'R1'},{'D2'},{'R3'},{'D5'},{'D3'},{'D4'},{'D1'},{'D6'},{'D7'},&,4.0,&
{'R2'},{'R1'},{'D2'},{'R3'},{'D4'},{'D5'},{'D1'},{'D3'},{'D6'},{'D7'},&,1.0,&
{'R2'},{'R1'},{'D2'},{'R3'},{'D4'},{'D1'},{'D3'},{'D5'},{'D6'},{'D7'},&,1.0,&
{'R2'},{'R1'},{'D2'},{'R3'},{'D4'},{'D1'},{'D3'},{'D6'},{'D5'},{'D7'},&,1.0,&
{'R2'},{'R1'},{'D2'},{'R3'},{'D4'},{'D3'},{'D1'},{'D5'},{'D6'},{'D7'},&,2.0,&
{'R2'},{'R1'},{'D2'},{'R3'},{'D6'},{'D1'},{'D3'},{'D4'},{'D5'},{'D7'},&,1.0,&
{'R2'},{'R1'},{'D2'},{'R3'},{'D6'},{'D3'},{'D5'},{'D1'},{'D4'},{'D7'},&,2.0,&
{'R2'},{'R1'},{'R3'},{'D1'},{'D3'},{'D5'},{'D2'},{'D4'},{'D6'},{'D7'},&,111.0,&
{'R2'},{'R1'},{'R3'},{'D1'},{'D3'},{'D5'},{'D2'},{'D7'},{'D4'},{'D6'},&,1.0,&
{'R2'},{'R1'},{'R3'},{'D1'},{'D3'},{'D5'},{'D2'},{'D6'},{'D4'},{'D7'},&,12.0,&
{'R2'},{'R1'},{'R3'},{'D1'},{'D3'},{'D5'},{'D6'},{'D2'},{'D4'},{'D7'},&,6.0,&
{'R2'},{'R1'},{'R3'},{'D1'},{'D3'},{'D5'},{'D6'},{'D4'},{'D2'},{'D7'},&,8.0,&
{'R2'},{'R1'},{'R3'},{'D1'},{'D3'},{'D5'},{'D4'},{'D2'},{'D6'},{'D7'},&,80.0,&
{'R2'},{'R1'},{'R3'},{'D1'},{'D3'},{'D5'},{'D4'},{'D2'},{'D7'},{'D6'},&,2.0,&
{'R2'},{'R1'},{'R3'},{'D1'},{'D3'},{'D5'},{'D4'},{'D6'},{'D2'},{'D7'},&,13.0,&
{'R2'},{'R1'},{'R3'},{'D1'},{'D3'},{'D4'},{'D2'},{'D5'},{'D6'},{'D7'},&,13.0,&
{'R2'},{'R1'},{'R3'},{'D1'},{'D3'},{'D4'},{'D5'},{'D2'},{'D6'},{'D7'},&,45.0,&
{'R2'},{'R1'},{'R3'},{'D1'},{'D3'},{'D4'},{'D5'},{'D6'},{'D2'},{'D7'},&,6.0,&
{'R2'},{'R1'},{'R3'},{'D1'},{'D3'},{'D4'},{'D6'},{'D2'},{'D5'},{'D7'},&,1.0,&
{'R2'},{'R1'},{'R3'},{'D1'},{'D3'},{'D4'},{'D6'},{'D5'},{'D2'},{'D7'},&,2.0,&
{'R2'},{'R1'},{'R3'},{'D1'},{'D3'},{'D2'},{'D5'},{'D4'},{'D6'},{'D7'},&,58.0,&
{'R2'},{'R1'},{'R3'},{'D1'},{'D3'},{'D2'},{'D5'},{'D6'},{'D4'},{'D7'},&,8.0,&
{'R2'},{'R1'},{'R3'},{'D1'},{'D3'},{'D2'},{'D6'},{'D5'},{'D4'},{'D7'},&,2.0,&
{'R2'},{'R1'},{'R3'},{'D1'},{'D3'},{'D2'},{'D4'},{'D5'},{'D6'},{'D7'},&,17.0,&
{'R2'},{'R1'},{'R3'},{'D1'},{'D3'},{'D2'},{'D4'},{'D6'},{'D5'},{'D7'},&,1.0,&
{'R2'},{'R1'},{'R3'},{'D1'},{'D3'},{'D6'},{'D2'},{'D5'},{'D4'},{'D7'},&,2.0,&
{'R2'},{'R1'},{'R3'},{'D1'},{'D3'},{'D6'},{'D5'},{'D2'},{'D4'},{'D7'},&,4.0,&
{'R2'},{'R1'},{'R3'},{'D1'},{'D3'},{'D6'},{'D5'},{'D4'},{'D2'},{'D7'},&,1.0,&
{'R2'},{'R1'},{'R3'},{'D1'},{'D3'},{'D6'},{'D4'},{'D5'},{'D2'},{'D7'},&,1.0,&
{'R2'},{'R1'},{'R3'},{'D1'},{'D5'},{'D4'},{'D2'},{'D3'},{'D6'},{'D7'},&,2.0,&
{'R2'},{'R1'},{'R3'},{'D1'},{'D5'},{'D4'},{'D2'},{'D6'},{'D3'},{'D7'},&,1.0,&
{'R2'},{'R1'},{'R3'},{'D1'},{'D5'},{'D4'},{'D6'},{'D3'},{'D2'},{'D7'},&,1.0,&
{'R2'},{'R1'},{'R3'},{'D1'},{'D5'},{'D4'},{'D3'},{'D2'},{'D6'},{'D7'},&,24.0,&
{'R2'},{'R1'},{'R3'},{'D1'},{'D5'},{'D4'},{'D3'},{'D2'},{'D7'},{'D6'},&,2.0,&
{'R2'},{'R1'},{'R3'},{'D1'},{'D5'},{'D3'},{'D2'},{'D4'},{'D6'},{'D7'},&,99.0,&
{'R2'},{'R1'},{'R3'},{'D1'},{'D5'},{'D3'},{'D2'},{'D4'},{'D7'},{'D6'},&,2.0,&
{'R2'},{'R1'},{'R3'},{'D1'},{'D5'},{'D3'},{'D2'},{'D6'},{'D4'},{'D7'},&,14.0,&
{'R2'},{'R1'},{'R3'},{'D1'},{'D5'},{'D3'},{'D6'},{'D2'},{'D4'},{'D7'},&,6.0,&
{'R2'},{'R1'},{'R3'},{'D1'},{'D5'},{'D3'},{'D6'},{'D4'},{'D2'},{'D7'},&,5.0,&
{'R2'},{'R1'},{'R3'},{'D1'},{'D5'},{'D3'},{'D4'},{'D2'},{'D6'},{'D7'},&,74.0,&
{'R2'},{'R1'},{'R3'},{'D1'},{'D5'},{'D3'},{'D4'},{'D6'},{'D2'},{'D7'},&,12.0,&
{'R2'},{'R1'},{'R3'},{'D1'},{'D5'},{'D2'},{'D4'},{'D3'},{'D6'},{'D7'},&,1.0,&
{'R2'},{'R1'},{'R3'},{'D1'},{'D5'},{'D2'},{'D3'},{'D4'},{'D6'},{'D7'},&,40.0,&
{'R2'},{'R1'},{'R3'},{'D1'},{'D5'},{'D2'},{'D3'},{'D6'},{'D4'},{'D7'},&,8.0,&
{'R2'},{'R1'},{'R3'},{'D1'},{'D5'},{'D6'},{'D2'},{'D3'},{'D4'},{'D7'},&,1.0,&
{'R2'},{'R1'},{'R3'},{'D1'},{'D5'},{'D6'},{'D4'},{'D3'},{'D2'},{'D7'},&,1.0,&
{'R2'},{'R1'},{'R3'},{'D1'},{'D5'},{'D6'},{'D3'},{'D2'},{'D4'},{'D7'},&,2.0,&
{'R2'},{'R1'},{'R3'},{'D1'},{'D4'},{'D5'},{'D2'},{'D3'},{'D6'},{'D7'},&,6.0,&
{'R2'},{'R1'},{'R3'},{'D1'},{'D4'},{'D5'},{'D6'},{'D3'},{'D2'},{'D7'},&,2.0,&
{'R2'},{'R1'},{'R3'},{'D1'},{'D4'},{'D5'},{'D3'},{'D2'},{'D6'},{'D7'},&,13.0,&
{'R2'},{'R1'},{'R3'},{'D1'},{'D4'},{'D5'},{'D3'},{'D2'},{'D7'},{'D6'},&,1.0,&
{'R2'},{'R1'},{'R3'},{'D1'},{'D4'},{'D5'},{'D3'},{'D6'},{'D2'},{'D7'},&,5.0,&
{'R2'},{'R1'},{'R3'},{'D1'},{'D4'},{'D3'},{'D2'},{'D5'},{'D6'},{'D7'},&,10.0,&
{'R2'},{'R1'},{'R3'},{'D1'},{'D4'},{'D3'},{'D5'},{'D2'},{'D6'},{'D7'},&,28.0,&
{'R2'},{'R1'},{'R3'},{'D1'},{'D4'},{'D3'},{'D5'},{'D6'},{'D2'},{'D7'},&,1.0,&
{'R2'},{'R1'},{'R3'},{'D1'},{'D4'},{'D2'},{'D5'},{'D3'},{'D6'},{'D7'},&,4.0,&
{'R2'},{'R1'},{'R3'},{'D1'},{'D4'},{'D2'},{'D3'},{'D5'},{'D6'},{'D7'},&,1.0,&
{'R2'},{'R1'},{'R3'},{'D1'},{'D4'},{'D6'},{'D3'},{'D5'},{'D2'},{'D7'},&,1.0,&
{'R2'},{'R1'},{'R3'},{'D1'},{'D2'},{'D5'},{'D6'},{'D3'},{'D4'},{'D7'},&,1.0,&
{'R2'},{'R1'},{'R3'},{'D1'},{'D2'},{'D5'},{'D4'},{'D3'},{'D6'},{'D7'},&,5.0,&
{'R2'},{'R1'},{'R3'},{'D1'},{'D2'},{'D5'},{'D4'},{'D3'},{'D7'},{'D6'},&,2.0,&
{'R2'},{'R1'},{'R3'},{'D1'},{'D2'},{'D5'},{'D3'},{'D4'},{'D6'},{'D7'},&,31.0,&
{'R2'},{'R1'},{'R3'},{'D1'},{'D2'},{'D5'},{'D3'},{'D6'},{'D4'},{'D7'},&,6.0,&
{'R2'},{'R1'},{'R3'},{'D1'},{'D2'},{'D4'},{'D5'},{'D3'},{'D6'},{'D7'},&,6.0,&
{'R2'},{'R1'},{'R3'},{'D1'},{'D2'},{'D4'},{'D3'},{'D5'},{'D6'},{'D7'},&,5.0,&
{'R2'},{'R1'},{'R3'},{'D1'},{'D2'},{'D3'},{'D5'},{'D4'},{'D6'},{'D7'},&,31.0,&
{'R2'},{'R1'},{'R3'},{'D1'},{'D2'},{'D3'},{'D5'},{'D6'},{'D4'},{'D7'},&,3.0,&
{'R2'},{'R1'},{'R3'},{'D1'},{'D2'},{'D3'},{'D6'},{'D5'},{'D4'},{'D7'},&,2.0,&
{'R2'},{'R1'},{'R3'},{'D1'},{'D2'},{'D3'},{'D4'},{'D5'},{'D6'},{'D7'},&,8.0,&
{'R2'},{'R1'},{'R3'},{'D1'},{'D2'},{'D3'},{'D4'},{'D5'},{'D7'},{'D6'},&,1.0,&
{'R2'},{'R1'},{'R3'},{'D1'},{'D2'},{'D6'},{'D3'},{'D5'},{'D4'},{'D7'},&,1.0,&
{'R2'},{'R1'},{'R3'},{'D1'},{'D6'},{'D5'},{'D3'},{'D2'},{'D4'},{'D7'},&,4.0,&
{'R2'},{'R1'},{'R3'},{'D1'},{'D6'},{'D5'},{'D3'},{'D4'},{'D2'},{'D7'},&,1.0,&
{'R2'},{'R1'},{'R3'},{'D1'},{'D6'},{'D4'},{'D5'},{'D3'},{'D2'},{'D7'},&,1.0,&
{'R2'},{'R1'},{'R3'},{'D1'},{'D6'},{'D3'},{'D2'},{'D5'},{'D4'},{'D7'},&,1.0,&
{'R2'},{'R1'},{'R3'},{'D1'},{'D6'},{'D3'},{'D5'},{'D2'},{'D4'},{'D7'},&,1.0,&
{'R2'},{'R1'},{'R3'},{'D1'},{'D6'},{'D3'},{'D4'},{'D5'},{'D2'},{'D7'},&,1.0,&
{'R2'},{'R1'},{'R3'},{'D1'},{'D6'},{'D2'},{'D4'},{'D5'},{'D3'},{'D7'},&,1.0,&
{'R2'},{'R1'},{'R3'},{'D1'},{'D6'},{'D2'},{'D3'},{'D5'},{'D4'},{'D7'},&,1.0,&
{'R2'},{'R1'},{'R3'},{'D1'},{'D6'},{'D2'},{'D3'},{'D4'},{'D5'},{'D7'},&,1.0,&
{'R2'},{'R1'},{'R3'},{'D5'},{'D3'},{'D4'},{'D2'},{'D1'},{'D6'},{'D7'},&,17.0,&
{'R2'},{'R1'},{'R3'},{'D5'},{'D3'},{'D4'},{'D1'},{'D2'},{'D6'},{'D7'},&,43.0,&
{'R2'},{'R1'},{'R3'},{'D5'},{'D3'},{'D4'},{'D1'},{'D6'},{'D2'},{'D7'},&,5.0,&
{'R2'},{'R1'},{'R3'},{'D5'},{'D3'},{'D4'},{'D6'},{'D2'},{'D1'},{'D7'},&,1.0,&
{'R2'},{'R1'},{'R3'},{'D5'},{'D3'},{'D4'},{'D6'},{'D1'},{'D2'},{'D7'},&,2.0,&
{'R2'},{'R1'},{'R3'},{'D5'},{'D3'},{'D1'},{'D2'},{'D4'},{'D6'},{'D7'},&,117.0,&
{'R2'},{'R1'},{'R3'},{'D5'},{'D3'},{'D1'},{'D2'},{'D4'},{'D7'},{'D6'},&,3.0,&
{'R2'},{'R1'},{'R3'},{'D5'},{'D3'},{'D1'},{'D2'},{'D6'},{'D4'},{'D7'},&,21.0,&
{'R2'},{'R1'},{'R3'},{'D5'},{'D3'},{'D1'},{'D6'},{'D2'},{'D4'},{'D7'},&,20.0,&
{'R2'},{'R1'},{'R3'},{'D5'},{'D3'},{'D1'},{'D6'},{'D4'},{'D2'},{'D7'},&,8.0,&
{'R2'},{'R1'},{'R3'},{'D5'},{'D3'},{'D1'},{'D4'},{'D2'},{'D6'},{'D7'},&,94.0,&
{'R2'},{'R1'},{'R3'},{'D5'},{'D3'},{'D1'},{'D4'},{'D6'},{'D2'},{'D7'},&,10.0,&
{'R2'},{'R1'},{'R3'},{'D5'},{'D3'},{'D2'},{'D1'},{'D4'},{'D6'},{'D7'},&,82.0,&
{'R2'},{'R1'},{'R3'},{'D5'},{'D3'},{'D2'},{'D1'},{'D6'},{'D4'},{'D7'},&,14.0,&
{'R2'},{'R1'},{'R3'},{'D5'},{'D3'},{'D2'},{'D6'},{'D1'},{'D4'},{'D7'},&,1.0,&
{'R2'},{'R1'},{'R3'},{'D5'},{'D3'},{'D2'},{'D4'},{'D1'},{'D6'},{'D7'},&,18.0,&
{'R2'},{'R1'},{'R3'},{'D5'},{'D3'},{'D2'},{'D4'},{'D1'},{'D7'},{'D6'},&,1.0,&
{'R2'},{'R1'},{'R3'},{'D5'},{'D3'},{'D6'},{'D2'},{'D4'},{'D1'},{'D7'},&,1.0,&
{'R2'},{'R1'},{'R3'},{'D5'},{'D3'},{'D6'},{'D2'},{'D1'},{'D4'},{'D7'},&,1.0,&
{'R2'},{'R1'},{'R3'},{'D5'},{'D3'},{'D6'},{'D1'},{'D2'},{'D4'},{'D7'},&,7.0,&
{'R2'},{'R1'},{'R3'},{'D5'},{'D3'},{'D6'},{'D1'},{'D4'},{'D2'},{'D7'},&,1.0,&
{'R2'},{'R1'},{'R3'},{'D5'},{'D3'},{'D6'},{'D4'},{'D1'},{'D2'},{'D7'},&,2.0,&
{'R2'},{'R1'},{'R3'},{'D5'},{'D1'},{'D4'},{'D2'},{'D3'},{'D6'},{'D7'},&,10.0,&
{'R2'},{'R1'},{'R3'},{'D5'},{'D1'},{'D4'},{'D6'},{'D3'},{'D2'},{'D7'},&,1.0,&
{'R2'},{'R1'},{'R3'},{'D5'},{'D1'},{'D4'},{'D3'},{'D2'},{'D6'},{'D7'},&,31.0,&
{'R2'},{'R1'},{'R3'},{'D5'},{'D1'},{'D4'},{'D3'},{'D2'},{'D7'},{'D6'},&,1.0,&
{'R2'},{'R1'},{'R3'},{'D5'},{'D1'},{'D4'},{'D3'},{'D6'},{'D2'},{'D7'},&,1.0,&
{'R2'},{'R1'},{'R3'},{'D5'},{'D1'},{'D3'},{'D2'},{'D4'},{'D6'},{'D7'},&,90.0,&
{'R2'},{'R1'},{'R3'},{'D5'},{'D1'},{'D3'},{'D2'},{'D4'},{'D7'},{'D6'},&,2.0,&
{'R2'},{'R1'},{'R3'},{'D5'},{'D1'},{'D3'},{'D2'},{'D7'},{'D4'},{'D6'},&,2.0,&
{'R2'},{'R1'},{'R3'},{'D5'},{'D1'},{'D3'},{'D2'},{'D6'},{'D4'},{'D7'},&,10.0,&
{'R2'},{'R1'},{'R3'},{'D5'},{'D1'},{'D3'},{'D6'},{'D2'},{'D4'},{'D7'},&,13.0,&
{'R2'},{'R1'},{'R3'},{'D5'},{'D1'},{'D3'},{'D6'},{'D4'},{'D2'},{'D7'},&,8.0,&
{'R2'},{'R1'},{'R3'},{'D5'},{'D1'},{'D3'},{'D4'},{'D2'},{'D6'},{'D7'},&,68.0,&
{'R2'},{'R1'},{'R3'},{'D5'},{'D1'},{'D3'},{'D4'},{'D2'},{'D7'},{'D6'},&,1.0,&
{'R2'},{'R1'},{'R3'},{'D5'},{'D1'},{'D3'},{'D4'},{'D6'},{'D2'},{'D7'},&,10.0,&
{'R2'},{'R1'},{'R3'},{'D5'},{'D1'},{'D3'},{'D7'},{'D6'},{'D2'},{'D4'},&,1.0,&
{'R2'},{'R1'},{'R3'},{'D5'},{'D1'},{'D2'},{'D6'},{'D3'},{'D4'},{'D7'},&,1.0,&
{'R2'},{'R1'},{'R3'},{'D5'},{'D1'},{'D2'},{'D4'},{'D3'},{'D6'},{'D7'},&,7.0,&
{'R2'},{'R1'},{'R3'},{'D5'},{'D1'},{'D2'},{'D3'},{'D4'},{'D6'},{'D7'},&,33.0,&
{'R2'},{'R1'},{'R3'},{'D5'},{'D1'},{'D2'},{'D3'},{'D4'},{'D7'},{'D6'},&,2.0,&
{'R2'},{'R1'},{'R3'},{'D5'},{'D1'},{'D2'},{'D3'},{'D6'},{'D4'},{'D7'},&,7.0,&
{'R2'},{'R1'},{'R3'},{'D5'},{'D1'},{'D6'},{'D4'},{'D2'},{'D3'},{'D7'},&,1.0,&
{'R2'},{'R1'},{'R3'},{'D5'},{'D1'},{'D6'},{'D3'},{'D2'},{'D4'},{'D7'},&,2.0,&
{'R2'},{'R1'},{'R3'},{'D5'},{'D1'},{'D6'},{'D3'},{'D4'},{'D2'},{'D7'},&,1.0,&
{'R2'},{'R1'},{'R3'},{'D5'},{'D4'},{'D1'},{'D2'},{'D3'},{'D6'},{'D7'},&,3.0,&
{'R2'},{'R1'},{'R3'},{'D5'},{'D4'},{'D1'},{'D2'},{'D6'},{'D3'},{'D7'},&,1.0,&
{'R2'},{'R1'},{'R3'},{'D5'},{'D4'},{'D1'},{'D6'},{'D2'},{'D3'},{'D7'},&,1.0,&
{'R2'},{'R1'},{'R3'},{'D5'},{'D4'},{'D1'},{'D3'},{'D2'},{'D6'},{'D7'},&,18.0,&
{'R2'},{'R1'},{'R3'},{'D5'},{'D4'},{'D3'},{'D2'},{'D1'},{'D6'},{'D7'},&,11.0,&
{'R2'},{'R1'},{'R3'},{'D5'},{'D4'},{'D3'},{'D2'},{'D1'},{'D7'},{'D6'},&,1.0,&
{'R2'},{'R1'},{'R3'},{'D5'},{'D4'},{'D3'},{'D2'},{'D6'},{'D1'},{'D7'},&,3.0,&
{'R2'},{'R1'},{'R3'},{'D5'},{'D4'},{'D3'},{'D1'},{'D2'},{'D6'},{'D7'},&,21.0,&
{'R2'},{'R1'},{'R3'},{'D5'},{'D4'},{'D3'},{'D1'},{'D6'},{'D2'},{'D7'},&,4.0,&
{'R2'},{'R1'},{'R3'},{'D5'},{'D4'},{'D3'},{'D6'},{'D2'},{'D1'},{'D7'},&,2.0,&
{'R2'},{'R1'},{'R3'},{'D5'},{'D4'},{'D3'},{'D6'},{'D1'},{'D2'},{'D7'},&,2.0,&
{'R2'},{'R1'},{'R3'},{'D5'},{'D4'},{'D2'},{'D1'},{'D3'},{'D6'},{'D7'},&,3.0,&
{'R2'},{'R1'},{'R3'},{'D5'},{'D4'},{'D2'},{'D3'},{'D1'},{'D6'},{'D7'},&,15.0,&
{'R2'},{'R1'},{'R3'},{'D5'},{'D4'},{'D6'},{'D3'},{'D2'},{'D1'},{'D7'},&,1.0,&
{'R2'},{'R1'},{'R3'},{'D5'},{'D4'},{'D6'},{'D3'},{'D1'},{'D2'},{'D7'},&,1.0,&
{'R2'},{'R1'},{'R3'},{'D5'},{'D2'},{'D4'},{'D1'},{'D3'},{'D6'},{'D7'},&,6.0,&
{'R2'},{'R1'},{'R3'},{'D5'},{'D2'},{'D4'},{'D3'},{'D1'},{'D6'},{'D7'},&,5.0,&
{'R2'},{'R1'},{'R3'},{'D5'},{'D2'},{'D1'},{'D6'},{'D4'},{'D3'},{'D7'},&,1.0,&
{'R2'},{'R1'},{'R3'},{'D5'},{'D2'},{'D1'},{'D6'},{'D3'},{'D4'},{'D7'},&,3.0,&
{'R2'},{'R1'},{'R3'},{'D5'},{'D2'},{'D1'},{'D4'},{'D3'},{'D6'},{'D7'},&,5.0,&
{'R2'},{'R1'},{'R3'},{'D5'},{'D2'},{'D1'},{'D3'},{'D4'},{'D6'},{'D7'},&,24.0,&
{'R2'},{'R1'},{'R3'},{'D5'},{'D2'},{'D1'},{'D3'},{'D6'},{'D4'},{'D7'},&,5.0,&
{'R2'},{'R1'},{'R3'},{'D5'},{'D2'},{'D3'},{'D1'},{'D4'},{'D6'},{'D7'},&,45.0,&
{'R2'},{'R1'},{'R3'},{'D5'},{'D2'},{'D3'},{'D1'},{'D4'},{'D7'},{'D6'},&,1.0,&
{'R2'},{'R1'},{'R3'},{'D5'},{'D2'},{'D3'},{'D1'},{'D6'},{'D4'},{'D7'},&,10.0,&
{'R2'},{'R1'},{'R3'},{'D5'},{'D2'},{'D3'},{'D6'},{'D1'},{'D4'},{'D7'},&,3.0,&
{'R2'},{'R1'},{'R3'},{'D5'},{'D2'},{'D3'},{'D4'},{'D1'},{'D6'},{'D7'},&,23.0,&
{'R2'},{'R1'},{'R3'},{'D5'},{'D2'},{'D3'},{'D4'},{'D1'},{'D7'},{'D6'},&,1.0,&
{'R2'},{'R1'},{'R3'},{'D5'},{'D2'},{'D3'},{'D4'},{'D6'},{'D1'},{'D7'},&,2.0,&
{'R2'},{'R1'},{'R3'},{'D5'},{'D2'},{'D6'},{'D3'},{'D1'},{'D4'},{'D7'},&,1.0,&
{'R2'},{'R1'},{'R3'},{'D5'},{'D6'},{'D4'},{'D1'},{'D3'},{'D2'},{'D7'},&,2.0,&
{'R2'},{'R1'},{'R3'},{'D5'},{'D6'},{'D4'},{'D3'},{'D1'},{'D2'},{'D7'},&,1.0,&
{'R2'},{'R1'},{'R3'},{'D5'},{'D6'},{'D1'},{'D2'},{'D3'},{'D4'},{'D7'},&,1.0,&
{'R2'},{'R1'},{'R3'},{'D5'},{'D6'},{'D1'},{'D3'},{'D2'},{'D4'},{'D7'},&,5.0,&
{'R2'},{'R1'},{'R3'},{'D5'},{'D6'},{'D1'},{'D3'},{'D4'},{'D2'},{'D7'},&,1.0,&
{'R2'},{'R1'},{'R3'},{'D5'},{'D6'},{'D3'},{'D2'},{'D4'},{'D1'},{'D7'},&,2.0,&
{'R2'},{'R1'},{'R3'},{'D5'},{'D6'},{'D3'},{'D1'},{'D2'},{'D4'},{'D7'},&,1.0,&
{'R2'},{'R1'},{'R3'},{'D5'},{'D6'},{'D3'},{'D1'},{'D4'},{'D2'},{'D7'},&,1.0,&
{'R2'},{'R1'},{'R3'},{'D5'},{'D6'},{'D3'},{'D4'},{'D1'},{'D2'},{'D7'},&,1.0,&
{'R2'},{'R1'},{'R3'},{'D5'},{'D6'},{'D2'},{'D1'},{'D3'},{'D4'},{'D7'},&,1.0,&
{'R2'},{'R1'},{'R3'},{'D5'},{'D6'},{'D2'},{'D3'},{'D1'},{'D4'},{'D7'},&,1.0,&
{'R2'},{'R1'},{'R3'},{'D4'},{'D3'},{'D5'},{'D2'},{'D1'},{'D6'},{'D7'},&,7.0,&
{'R2'},{'R1'},{'R3'},{'D4'},{'D3'},{'D5'},{'D1'},{'D2'},{'D6'},{'D7'},&,31.0,&
{'R2'},{'R1'},{'R3'},{'D4'},{'D3'},{'D5'},{'D1'},{'D6'},{'D2'},{'D7'},&,3.0,&
{'R2'},{'R1'},{'R3'},{'D4'},{'D3'},{'D5'},{'D6'},{'D2'},{'D1'},{'D7'},&,1.0,&
{'R2'},{'R1'},{'R3'},{'D4'},{'D3'},{'D5'},{'D6'},{'D1'},{'D2'},{'D7'},&,1.0,&
{'R2'},{'R1'},{'R3'},{'D4'},{'D3'},{'D1'},{'D2'},{'D5'},{'D6'},{'D7'},&,11.0,&
{'R2'},{'R1'},{'R3'},{'D4'},{'D3'},{'D1'},{'D2'},{'D6'},{'D5'},{'D7'},&,1.0,&
{'R2'},{'R1'},{'R3'},{'D4'},{'D3'},{'D1'},{'D5'},{'D2'},{'D6'},{'D7'},&,31.0,&
{'R2'},{'R1'},{'R3'},{'D4'},{'D3'},{'D1'},{'D5'},{'D6'},{'D2'},{'D7'},&,1.0,&
{'R2'},{'R1'},{'R3'},{'D4'},{'D3'},{'D2'},{'D5'},{'D1'},{'D6'},{'D7'},&,9.0,&
{'R2'},{'R1'},{'R3'},{'D4'},{'D3'},{'D2'},{'D1'},{'D5'},{'D6'},{'D7'},&,6.0,&
{'R2'},{'R1'},{'R3'},{'D4'},{'D3'},{'D6'},{'D1'},{'D5'},{'D2'},{'D7'},&,2.0,&
{'R2'},{'R1'},{'R3'},{'D4'},{'D1'},{'D5'},{'D2'},{'D3'},{'D6'},{'D7'},&,6.0,&
{'R2'},{'R1'},{'R3'},{'D4'},{'D1'},{'D5'},{'D3'},{'D2'},{'D6'},{'D7'},&,16.0,&
{'R2'},{'R1'},{'R3'},{'D4'},{'D1'},{'D5'},{'D3'},{'D6'},{'D2'},{'D7'},&,5.0,&
{'R2'},{'R1'},{'R3'},{'D4'},{'D1'},{'D3'},{'D2'},{'D5'},{'D6'},{'D7'},&,5.0,&
{'R2'},{'R1'},{'R3'},{'D4'},{'D1'},{'D3'},{'D2'},{'D6'},{'D5'},{'D7'},&,1.0,&
{'R2'},{'R1'},{'R3'},{'D4'},{'D1'},{'D3'},{'D5'},{'D2'},{'D6'},{'D7'},&,20.0,&
{'R2'},{'R1'},{'R3'},{'D4'},{'D1'},{'D3'},{'D5'},{'D6'},{'D2'},{'D7'},&,5.0,&
{'R2'},{'R1'},{'R3'},{'D4'},{'D1'},{'D2'},{'D5'},{'D3'},{'D6'},{'D7'},&,1.0,&
{'R2'},{'R1'},{'R3'},{'D4'},{'D1'},{'D2'},{'D3'},{'D5'},{'D6'},{'D7'},&,3.0,&
{'R2'},{'R1'},{'R3'},{'D4'},{'D5'},{'D1'},{'D2'},{'D3'},{'D6'},{'D7'},&,5.0,&
{'R2'},{'R1'},{'R3'},{'D4'},{'D5'},{'D1'},{'D2'},{'D6'},{'D3'},{'D7'},&,1.0,&
{'R2'},{'R1'},{'R3'},{'D4'},{'D5'},{'D1'},{'D6'},{'D3'},{'D2'},{'D7'},&,1.0,&
{'R2'},{'R1'},{'R3'},{'D4'},{'D5'},{'D1'},{'D3'},{'D2'},{'D6'},{'D7'},&,18.0,&
{'R2'},{'R1'},{'R3'},{'D4'},{'D5'},{'D1'},{'D3'},{'D6'},{'D2'},{'D7'},&,3.0,&
{'R2'},{'R1'},{'R3'},{'D4'},{'D5'},{'D3'},{'D2'},{'D1'},{'D6'},{'D7'},&,9.0,&
{'R2'},{'R1'},{'R3'},{'D4'},{'D5'},{'D3'},{'D2'},{'D6'},{'D1'},{'D7'},&,2.0,&
{'R2'},{'R1'},{'R3'},{'D4'},{'D5'},{'D3'},{'D1'},{'D2'},{'D6'},{'D7'},&,15.0,&
{'R2'},{'R1'},{'R3'},{'D4'},{'D5'},{'D3'},{'D1'},{'D6'},{'D2'},{'D7'},&,2.0,&
{'R2'},{'R1'},{'R3'},{'D4'},{'D5'},{'D2'},{'D1'},{'D3'},{'D6'},{'D7'},&,7.0,&
{'R2'},{'R1'},{'R3'},{'D4'},{'D5'},{'D2'},{'D3'},{'D1'},{'D6'},{'D7'},&,7.0,&
{'R2'},{'R1'},{'R3'},{'D4'},{'D5'},{'D6'},{'D3'},{'D1'},{'D2'},{'D7'},&,1.0,&
{'R2'},{'R1'},{'R3'},{'D4'},{'D2'},{'D5'},{'D1'},{'D3'},{'D6'},{'D7'},&,2.0,&
{'R2'},{'R1'},{'R3'},{'D4'},{'D2'},{'D5'},{'D3'},{'D1'},{'D6'},{'D7'},&,3.0,&
{'R2'},{'R1'},{'R3'},{'D4'},{'D2'},{'D1'},{'D5'},{'D3'},{'D6'},{'D7'},&,1.0,&
{'R2'},{'R1'},{'R3'},{'D4'},{'D2'},{'D1'},{'D3'},{'D5'},{'D6'},{'D7'},&,5.0,&
{'R2'},{'R1'},{'R3'},{'D4'},{'D2'},{'D3'},{'D5'},{'D1'},{'D6'},{'D7'},&,7.0,&
{'R2'},{'R1'},{'R3'},{'D4'},{'D2'},{'D3'},{'D1'},{'D5'},{'D6'},{'D7'},&,2.0,&
{'R2'},{'R1'},{'R3'},{'D4'},{'D6'},{'D3'},{'D2'},{'D1'},{'D5'},{'D7'},&,1.0,&
{'R2'},{'R1'},{'R3'},{'D4'},{'D6'},{'D2'},{'D7'},{'D3'},{'D5'},{'D1'},&,1.0,&
{'R2'},{'R1'},{'R3'},{'D6'},{'D3'},{'D5'},{'D2'},{'D1'},{'D4'},{'D7'},&,1.0,&
{'R2'},{'R1'},{'R3'},{'D6'},{'D3'},{'D5'},{'D1'},{'D2'},{'D4'},{'D7'},&,2.0,&
{'R2'},{'R1'},{'R3'},{'D6'},{'D3'},{'D5'},{'D1'},{'D4'},{'D2'},{'D7'},&,1.0,&
{'R2'},{'R1'},{'R3'},{'D6'},{'D3'},{'D5'},{'D4'},{'D2'},{'D1'},{'D7'},&,1.0,&
{'R2'},{'R1'},{'R3'},{'D6'},{'D3'},{'D5'},{'D4'},{'D1'},{'D2'},{'D7'},&,1.0,&
{'R2'},{'R1'},{'R3'},{'D6'},{'D3'},{'D4'},{'D5'},{'D1'},{'D2'},{'D7'},&,1.0,&
{'R2'},{'R1'},{'R3'},{'D6'},{'D3'},{'D1'},{'D2'},{'D5'},{'D4'},{'D7'},&,1.0,&
{'R2'},{'R1'},{'R3'},{'D6'},{'D3'},{'D1'},{'D5'},{'D2'},{'D4'},{'D7'},&,3.0,&
{'R2'},{'R1'},{'R3'},{'D6'},{'D3'},{'D1'},{'D5'},{'D4'},{'D2'},{'D7'},&,2.0,&
{'R2'},{'R1'},{'R3'},{'D6'},{'D3'},{'D1'},{'D4'},{'D5'},{'D2'},{'D7'},&,1.0,&
{'R2'},{'R1'},{'R3'},{'D6'},{'D3'},{'D2'},{'D5'},{'D1'},{'D4'},{'D7'},&,3.0,&
{'R2'},{'R1'},{'R3'},{'D6'},{'D3'},{'D2'},{'D1'},{'D5'},{'D4'},{'D7'},&,1.0,&
{'R2'},{'R1'},{'R3'},{'D6'},{'D3'},{'D2'},{'D4'},{'D5'},{'D1'},{'D7'},&,2.0,&
{'R2'},{'R1'},{'R3'},{'D6'},{'D1'},{'D5'},{'D3'},{'D4'},{'D2'},{'D7'},&,1.0,&
{'R2'},{'R1'},{'R3'},{'D6'},{'D1'},{'D4'},{'D2'},{'D3'},{'D5'},{'D7'},&,1.0,&
{'R2'},{'R1'},{'R3'},{'D6'},{'D1'},{'D4'},{'D5'},{'D2'},{'D3'},{'D7'},&,2.0,&
{'R2'},{'R1'},{'R3'},{'D6'},{'D1'},{'D4'},{'D3'},{'D5'},{'D2'},{'D7'},&,1.0,&
{'R2'},{'R1'},{'R3'},{'D6'},{'D1'},{'D3'},{'D2'},{'D5'},{'D4'},{'D7'},&,1.0,&
{'R2'},{'R1'},{'R3'},{'D6'},{'D1'},{'D3'},{'D5'},{'D2'},{'D4'},{'D7'},&,3.0,&
{'R2'},{'R1'},{'R3'},{'D6'},{'D1'},{'D2'},{'D3'},{'D4'},{'D5'},{'D7'},&,1.0,&
{'R2'},{'R1'},{'R3'},{'D6'},{'D5'},{'D1'},{'D3'},{'D2'},{'D4'},{'D7'},&,2.0,&
{'R2'},{'R1'},{'R3'},{'D6'},{'D5'},{'D1'},{'D3'},{'D4'},{'D2'},{'D7'},&,1.0,&
{'R2'},{'R1'},{'R3'},{'D6'},{'D5'},{'D3'},{'D2'},{'D1'},{'D4'},{'D7'},&,1.0,&
{'R2'},{'R1'},{'R3'},{'D6'},{'D5'},{'D3'},{'D1'},{'D2'},{'D4'},{'D7'},&,2.0,&
{'R2'},{'R1'},{'R3'},{'D6'},{'D5'},{'D2'},{'D1'},{'D3'},{'D4'},{'D7'},&,2.0,&
{'R2'},{'R1'},{'R3'},{'D6'},{'D5'},{'D2'},{'D4'},{'D3'},{'D1'},{'D7'},&,1.0,&
{'R2'},{'R1'},{'R3'},{'D6'},{'D5'},{'D2'},{'D3'},{'D4'},{'D1'},{'D7'},&,1.0,&
{'R2'},{'R1'},{'R3'},{'D6'},{'D4'},{'D3'},{'D1'},{'D5'},{'D2'},{'D7'},&,2.0,&
{'R2'},{'R1'},{'R3'},{'D6'},{'D2'},{'D5'},{'D3'},{'D1'},{'D4'},{'D7'},&,2.0,&
{'R2'},{'R1'},{'R3'},{'D6'},{'D2'},{'D1'},{'D5'},{'D4'},{'D3'},{'D7'},&,1.0,&
{'R2'},{'R1'},{'R3'},{'D6'},{'D2'},{'D3'},{'D5'},{'D4'},{'D1'},{'D7'},&,1.0,&
{'R2'},{'R1'},{'R3'},{'D3'},{'D1'},{'D5'},{'D2'},{'D4'},{'D6'},{'D7'},&,137.0,&
{'R2'},{'R1'},{'R3'},{'D3'},{'D1'},{'D5'},{'D2'},{'D6'},{'D4'},{'D7'},&,28.0,&
{'R2'},{'R1'},{'R3'},{'D3'},{'D1'},{'D5'},{'D6'},{'D2'},{'D4'},{'D7'},&,9.0,&
{'R2'},{'R1'},{'R3'},{'D3'},{'D1'},{'D5'},{'D6'},{'D4'},{'D2'},{'D7'},&,7.0,&
{'R2'},{'R1'},{'R3'},{'D3'},{'D1'},{'D5'},{'D4'},{'D2'},{'D6'},{'D7'},&,88.0,&
{'R2'},{'R1'},{'R3'},{'D3'},{'D1'},{'D5'},{'D4'},{'D2'},{'D7'},{'D6'},&,1.0,&
{'R2'},{'R1'},{'R3'},{'D3'},{'D1'},{'D5'},{'D4'},{'D7'},{'D6'},{'D2'},&,1.0,&
{'R2'},{'R1'},{'R3'},{'D3'},{'D1'},{'D5'},{'D4'},{'D6'},{'D2'},{'D7'},&,15.0,&
{'R2'},{'R1'},{'R3'},{'D3'},{'D1'},{'D5'},{'D7'},{'D4'},{'D2'},{'D6'},&,1.0,&
{'R2'},{'R1'},{'R3'},{'D3'},{'D1'},{'D4'},{'D2'},{'D5'},{'D6'},{'D7'},&,24.0,&
{'R2'},{'R1'},{'R3'},{'D3'},{'D1'},{'D4'},{'D2'},{'D5'},{'D7'},{'D6'},&,1.0,&
{'R2'},{'R1'},{'R3'},{'D3'},{'D1'},{'D4'},{'D2'},{'D6'},{'D5'},{'D7'},&,2.0,&
{'R2'},{'R1'},{'R3'},{'D3'},{'D1'},{'D4'},{'D5'},{'D2'},{'D6'},{'D7'},&,46.0,&
{'R2'},{'R1'},{'R3'},{'D3'},{'D1'},{'D4'},{'D5'},{'D2'},{'D7'},{'D6'},&,2.0,&
{'R2'},{'R1'},{'R3'},{'D3'},{'D1'},{'D4'},{'D5'},{'D6'},{'D2'},{'D7'},&,4.0,&
{'R2'},{'R1'},{'R3'},{'D3'},{'D1'},{'D4'},{'D6'},{'D5'},{'D2'},{'D7'},&,4.0,&
{'R2'},{'R1'},{'R3'},{'D3'},{'D1'},{'D2'},{'D5'},{'D4'},{'D6'},{'D7'},&,97.0,&
{'R2'},{'R1'},{'R3'},{'D3'},{'D1'},{'D2'},{'D5'},{'D4'},{'D7'},{'D6'},&,1.0,&
{'R2'},{'R1'},{'R3'},{'D3'},{'D1'},{'D2'},{'D5'},{'D6'},{'D4'},{'D7'},&,12.0,&
{'R2'},{'R1'},{'R3'},{'D3'},{'D1'},{'D2'},{'D6'},{'D5'},{'D4'},{'D7'},&,3.0,&
{'R2'},{'R1'},{'R3'},{'D3'},{'D1'},{'D2'},{'D4'},{'D5'},{'D6'},{'D7'},&,23.0,&
{'R2'},{'R1'},{'R3'},{'D3'},{'D1'},{'D2'},{'D4'},{'D5'},{'D7'},{'D6'},&,1.0,&
{'R2'},{'R1'},{'R3'},{'D3'},{'D1'},{'D6'},{'D2'},{'D5'},{'D4'},{'D7'},&,5.0,&
{'R2'},{'R1'},{'R3'},{'D3'},{'D1'},{'D6'},{'D2'},{'D4'},{'D5'},{'D7'},&,1.0,&
{'R2'},{'R1'},{'R3'},{'D3'},{'D1'},{'D6'},{'D5'},{'D2'},{'D4'},{'D7'},&,2.0,&
{'R2'},{'R1'},{'R3'},{'D3'},{'D1'},{'D6'},{'D5'},{'D4'},{'D2'},{'D7'},&,4.0,&
{'R2'},{'R1'},{'R3'},{'D3'},{'D5'},{'D4'},{'D2'},{'D1'},{'D6'},{'D7'},&,23.0,&
{'R2'},{'R1'},{'R3'},{'D3'},{'D5'},{'D4'},{'D2'},{'D6'},{'D1'},{'D7'},&,1.0,&
{'R2'},{'R1'},{'R3'},{'D3'},{'D5'},{'D4'},{'D1'},{'D2'},{'D6'},{'D7'},&,51.0,&
{'R2'},{'R1'},{'R3'},{'D3'},{'D5'},{'D4'},{'D1'},{'D2'},{'D7'},{'D6'},&,1.0,&
{'R2'},{'R1'},{'R3'},{'D3'},{'D5'},{'D4'},{'D1'},{'D6'},{'D2'},{'D7'},&,6.0,&
{'R2'},{'R1'},{'R3'},{'D3'},{'D5'},{'D4'},{'D6'},{'D2'},{'D1'},{'D7'},&,1.0,&
{'R2'},{'R1'},{'R3'},{'D3'},{'D5'},{'D4'},{'D6'},{'D1'},{'D2'},{'D7'},&,2.0,&
{'R2'},{'R1'},{'R3'},{'D3'},{'D5'},{'D1'},{'D2'},{'D4'},{'D6'},{'D7'},&,130.0,&
{'R2'},{'R1'},{'R3'},{'D3'},{'D5'},{'D1'},{'D2'},{'D4'},{'D7'},{'D6'},&,2.0,&
{'R2'},{'R1'},{'R3'},{'D3'},{'D5'},{'D1'},{'D2'},{'D7'},{'D4'},{'D6'},&,2.0,&
{'R2'},{'R1'},{'R3'},{'D3'},{'D5'},{'D1'},{'D2'},{'D6'},{'D4'},{'D7'},&,23.0,&
{'R2'},{'R1'},{'R3'},{'D3'},{'D5'},{'D1'},{'D2'},{'D6'},{'D7'},{'D4'},&,1.0,&
{'R2'},{'R1'},{'R3'},{'D3'},{'D5'},{'D1'},{'D6'},{'D2'},{'D4'},{'D7'},&,8.0,&
{'R2'},{'R1'},{'R3'},{'D3'},{'D5'},{'D1'},{'D6'},{'D4'},{'D2'},{'D7'},&,9.0,&
{'R2'},{'R1'},{'R3'},{'D3'},{'D5'},{'D1'},{'D4'},{'D2'},{'D6'},{'D7'},&,83.0,&
{'R2'},{'R1'},{'R3'},{'D3'},{'D5'},{'D1'},{'D4'},{'D2'},{'D7'},{'D6'},&,2.0,&
{'R2'},{'R1'},{'R3'},{'D3'},{'D5'},{'D1'},{'D4'},{'D6'},{'D2'},{'D7'},&,12.0,&
{'R2'},{'R1'},{'R3'},{'D3'},{'D5'},{'D2'},{'D1'},{'D4'},{'D6'},{'D7'},&,78.0,&
{'R2'},{'R1'},{'R3'},{'D3'},{'D5'},{'D2'},{'D1'},{'D4'},{'D7'},{'D6'},&,1.0,&
{'R2'},{'R1'},{'R3'},{'D3'},{'D5'},{'D2'},{'D1'},{'D6'},{'D4'},{'D7'},&,18.0,&
{'R2'},{'R1'},{'R3'},{'D3'},{'D5'},{'D2'},{'D6'},{'D4'},{'D1'},{'D7'},&,3.0,&
{'R2'},{'R1'},{'R3'},{'D3'},{'D5'},{'D2'},{'D6'},{'D1'},{'D4'},{'D7'},&,3.0,&
{'R2'},{'R1'},{'R3'},{'D3'},{'D5'},{'D2'},{'D4'},{'D1'},{'D6'},{'D7'},&,21.0,&
{'R2'},{'R1'},{'R3'},{'D3'},{'D5'},{'D2'},{'D4'},{'D6'},{'D1'},{'D7'},&,2.0,&
{'R2'},{'R1'},{'R3'},{'D3'},{'D5'},{'D6'},{'D2'},{'D1'},{'D4'},{'D7'},&,4.0,&
{'R2'},{'R1'},{'R3'},{'D3'},{'D5'},{'D6'},{'D1'},{'D2'},{'D4'},{'D7'},&,3.0,&
{'R2'},{'R1'},{'R3'},{'D3'},{'D5'},{'D6'},{'D1'},{'D4'},{'D2'},{'D7'},&,3.0,&
{'R2'},{'R1'},{'R3'},{'D3'},{'D5'},{'D6'},{'D4'},{'D2'},{'D1'},{'D7'},&,2.0,&
{'R2'},{'R1'},{'R3'},{'D3'},{'D5'},{'D6'},{'D4'},{'D1'},{'D2'},{'D7'},&,1.0,&
{'R2'},{'R1'},{'R3'},{'D3'},{'D4'},{'D5'},{'D2'},{'D1'},{'D6'},{'D7'},&,15.0,&
{'R2'},{'R1'},{'R3'},{'D3'},{'D4'},{'D5'},{'D2'},{'D6'},{'D1'},{'D7'},&,2.0,&
{'R2'},{'R1'},{'R3'},{'D3'},{'D4'},{'D5'},{'D1'},{'D2'},{'D6'},{'D7'},&,41.0,&
{'R2'},{'R1'},{'R3'},{'D3'},{'D4'},{'D5'},{'D1'},{'D6'},{'D2'},{'D7'},&,4.0,&
{'R2'},{'R1'},{'R3'},{'D3'},{'D4'},{'D5'},{'D6'},{'D1'},{'D2'},{'D7'},&,2.0,&
{'R2'},{'R1'},{'R3'},{'D3'},{'D4'},{'D1'},{'D2'},{'D5'},{'D6'},{'D7'},&,19.0,&
{'R2'},{'R1'},{'R3'},{'D3'},{'D4'},{'D1'},{'D2'},{'D6'},{'D5'},{'D7'},&,1.0,&
{'R2'},{'R1'},{'R3'},{'D3'},{'D4'},{'D1'},{'D5'},{'D2'},{'D6'},{'D7'},&,34.0,&
{'R2'},{'R1'},{'R3'},{'D3'},{'D4'},{'D1'},{'D5'},{'D6'},{'D2'},{'D7'},&,8.0,&
{'R2'},{'R1'},{'R3'},{'D3'},{'D4'},{'D1'},{'D6'},{'D5'},{'D2'},{'D7'},&,1.0,&
{'R2'},{'R1'},{'R3'},{'D3'},{'D4'},{'D2'},{'D5'},{'D1'},{'D6'},{'D7'},&,6.0,&
{'R2'},{'R1'},{'R3'},{'D3'},{'D4'},{'D2'},{'D1'},{'D5'},{'D6'},{'D7'},&,12.0,&
{'R2'},{'R1'},{'R3'},{'D3'},{'D4'},{'D2'},{'D6'},{'D1'},{'D5'},{'D7'},&,1.0,&
{'R2'},{'R1'},{'R3'},{'D3'},{'D4'},{'D6'},{'D5'},{'D1'},{'D2'},{'D7'},&,1.0,&
{'R2'},{'R1'},{'R3'},{'D3'},{'D2'},{'D5'},{'D1'},{'D4'},{'D6'},{'D7'},&,52.0,&
{'R2'},{'R1'},{'R3'},{'D3'},{'D2'},{'D5'},{'D1'},{'D6'},{'D4'},{'D7'},&,13.0,&
{'R2'},{'R1'},{'R3'},{'D3'},{'D2'},{'D5'},{'D6'},{'D1'},{'D4'},{'D7'},&,1.0,&
{'R2'},{'R1'},{'R3'},{'D3'},{'D2'},{'D5'},{'D4'},{'D1'},{'D6'},{'D7'},&,19.0,&
{'R2'},{'R1'},{'R3'},{'D3'},{'D2'},{'D4'},{'D5'},{'D1'},{'D6'},{'D7'},&,5.0,&
{'R2'},{'R1'},{'R3'},{'D3'},{'D2'},{'D4'},{'D1'},{'D5'},{'D6'},{'D7'},&,9.0,&
{'R2'},{'R1'},{'R3'},{'D3'},{'D2'},{'D4'},{'D1'},{'D6'},{'D5'},{'D7'},&,2.0,&
{'R2'},{'R1'},{'R3'},{'D3'},{'D2'},{'D4'},{'D6'},{'D5'},{'D1'},{'D7'},&,1.0,&
{'R2'},{'R1'},{'R3'},{'D3'},{'D2'},{'D1'},{'D5'},{'D4'},{'D6'},{'D7'},&,48.0,&
{'R2'},{'R1'},{'R3'},{'D3'},{'D2'},{'D1'},{'D5'},{'D6'},{'D4'},{'D7'},&,10.0,&
{'R2'},{'R1'},{'R3'},{'D3'},{'D2'},{'D1'},{'D6'},{'D5'},{'D4'},{'D7'},&,2.0,&
{'R2'},{'R1'},{'R3'},{'D3'},{'D2'},{'D1'},{'D6'},{'D4'},{'D5'},{'D7'},&,1.0,&
{'R2'},{'R1'},{'R3'},{'D3'},{'D2'},{'D1'},{'D4'},{'D5'},{'D6'},{'D7'},&,9.0,&
{'R2'},{'R1'},{'R3'},{'D3'},{'D2'},{'D1'},{'D4'},{'D6'},{'D5'},{'D7'},&,1.0,&
{'R2'},{'R1'},{'R3'},{'D3'},{'D2'},{'D6'},{'D5'},{'D1'},{'D4'},{'D7'},&,1.0,&
{'R2'},{'R1'},{'R3'},{'D3'},{'D2'},{'D6'},{'D1'},{'D5'},{'D4'},{'D7'},&,2.0,&
{'R2'},{'R1'},{'R3'},{'D3'},{'D2'},{'D6'},{'D1'},{'D4'},{'D5'},{'D7'},&,2.0,&
{'R2'},{'R1'},{'R3'},{'D3'},{'D6'},{'D5'},{'D2'},{'D4'},{'D1'},{'D7'},&,2.0,&
{'R2'},{'R1'},{'R3'},{'D3'},{'D6'},{'D5'},{'D2'},{'D1'},{'D4'},{'D7'},&,3.0,&
{'R2'},{'R1'},{'R3'},{'D3'},{'D6'},{'D5'},{'D1'},{'D2'},{'D4'},{'D7'},&,5.0,&
{'R2'},{'R1'},{'R3'},{'D3'},{'D6'},{'D5'},{'D1'},{'D4'},{'D2'},{'D7'},&,2.0,&
{'R2'},{'R1'},{'R3'},{'D3'},{'D6'},{'D5'},{'D4'},{'D1'},{'D2'},{'D7'},&,3.0,&
{'R2'},{'R1'},{'R3'},{'D3'},{'D6'},{'D4'},{'D5'},{'D2'},{'D1'},{'D7'},&,2.0,&
{'R2'},{'R1'},{'R3'},{'D3'},{'D6'},{'D4'},{'D1'},{'D5'},{'D2'},{'D7'},&,1.0,&
{'R2'},{'R1'},{'R3'},{'D3'},{'D6'},{'D1'},{'D2'},{'D5'},{'D4'},{'D7'},&,2.0,&
{'R2'},{'R1'},{'R3'},{'D3'},{'D6'},{'D1'},{'D5'},{'D2'},{'D4'},{'D7'},&,7.0,&
{'R2'},{'R1'},{'R3'},{'D3'},{'D6'},{'D1'},{'D5'},{'D4'},{'D2'},{'D7'},&,1.0,&
{'R2'},{'R1'},{'R3'},{'D3'},{'D6'},{'D1'},{'D4'},{'D2'},{'D5'},{'D7'},&,1.0,&
{'R2'},{'R1'},{'R3'},{'D3'},{'D6'},{'D1'},{'D4'},{'D5'},{'D2'},{'D7'},&,1.0,&
{'R2'},{'R1'},{'R3'},{'D3'},{'D6'},{'D2'},{'D5'},{'D1'},{'D4'},{'D7'},&,2.0,&
{'R2'},{'R1'},{'R3'},{'D3'},{'D6'},{'D2'},{'D1'},{'D5'},{'D4'},{'D7'},&,3.0,&
{'R2'},{'R1'},{'R3'},{'D3'},{'D6'},{'D2'},{'D4'},{'D1'},{'D5'},{'D7'},&,1.0,&
{'R2'},{'R1'},{'R3'},{'D2'},{'D3'},{'D5'},{'D1'},{'D4'},{'D6'},{'D7'},&,33.0,&
{'R2'},{'R1'},{'R3'},{'D2'},{'D3'},{'D5'},{'D1'},{'D4'},{'D7'},{'D6'},&,1.0,&
{'R2'},{'R1'},{'R3'},{'D2'},{'D3'},{'D5'},{'D1'},{'D6'},{'D4'},{'D7'},&,6.0,&
{'R2'},{'R1'},{'R3'},{'D2'},{'D3'},{'D5'},{'D6'},{'D1'},{'D4'},{'D7'},&,3.0,&
{'R2'},{'R1'},{'R3'},{'D2'},{'D3'},{'D5'},{'D4'},{'D1'},{'D6'},{'D7'},&,12.0,&
{'R2'},{'R1'},{'R3'},{'D2'},{'D3'},{'D5'},{'D4'},{'D6'},{'D1'},{'D7'},&,1.0,&
{'R2'},{'R1'},{'R3'},{'D2'},{'D3'},{'D4'},{'D5'},{'D1'},{'D6'},{'D7'},&,9.0,&
{'R2'},{'R1'},{'R3'},{'D2'},{'D3'},{'D4'},{'D1'},{'D5'},{'D6'},{'D7'},&,3.0,&
{'R2'},{'R1'},{'R3'},{'D2'},{'D3'},{'D1'},{'D5'},{'D4'},{'D6'},{'D7'},&,45.0,&
{'R2'},{'R1'},{'R3'},{'D2'},{'D3'},{'D1'},{'D5'},{'D6'},{'D4'},{'D7'},&,10.0,&
{'R2'},{'R1'},{'R3'},{'D2'},{'D3'},{'D1'},{'D6'},{'D5'},{'D4'},{'D7'},&,5.0,&
{'R2'},{'R1'},{'R3'},{'D2'},{'D3'},{'D1'},{'D4'},{'D5'},{'D6'},{'D7'},&,15.0,&
{'R2'},{'R1'},{'R3'},{'D2'},{'D3'},{'D6'},{'D5'},{'D1'},{'D4'},{'D7'},&,1.0,&
{'R2'},{'R1'},{'R3'},{'D2'},{'D1'},{'D5'},{'D4'},{'D3'},{'D6'},{'D7'},&,5.0,&
{'R2'},{'R1'},{'R3'},{'D2'},{'D1'},{'D5'},{'D3'},{'D4'},{'D6'},{'D7'},&,21.0,&
{'R2'},{'R1'},{'R3'},{'D2'},{'D1'},{'D5'},{'D3'},{'D6'},{'D4'},{'D7'},&,1.0,&
{'R2'},{'R1'},{'R3'},{'D2'},{'D1'},{'D4'},{'D5'},{'D3'},{'D6'},{'D7'},&,5.0,&
{'R2'},{'R1'},{'R3'},{'D2'},{'D1'},{'D4'},{'D3'},{'D5'},{'D6'},{'D7'},&,3.0,&
{'R2'},{'R1'},{'R3'},{'D2'},{'D1'},{'D4'},{'D3'},{'D5'},{'D7'},{'D6'},&,1.0,&
{'R2'},{'R1'},{'R3'},{'D2'},{'D1'},{'D3'},{'D5'},{'D4'},{'D6'},{'D7'},&,35.0,&
{'R2'},{'R1'},{'R3'},{'D2'},{'D1'},{'D3'},{'D5'},{'D4'},{'D7'},{'D6'},&,2.0,&
{'R2'},{'R1'},{'R3'},{'D2'},{'D1'},{'D3'},{'D5'},{'D6'},{'D4'},{'D7'},&,6.0,&
{'R2'},{'R1'},{'R3'},{'D2'},{'D1'},{'D3'},{'D6'},{'D5'},{'D4'},{'D7'},&,1.0,&
{'R2'},{'R1'},{'R3'},{'D2'},{'D1'},{'D3'},{'D6'},{'D4'},{'D5'},{'D7'},&,2.0,&
{'R2'},{'R1'},{'R3'},{'D2'},{'D1'},{'D3'},{'D4'},{'D5'},{'D6'},{'D7'},&,11.0,&
{'R2'},{'R1'},{'R3'},{'D2'},{'D5'},{'D4'},{'D1'},{'D3'},{'D6'},{'D7'},&,5.0,&
{'R2'},{'R1'},{'R3'},{'D2'},{'D5'},{'D4'},{'D1'},{'D3'},{'D7'},{'D6'},&,1.0,&
{'R2'},{'R1'},{'R3'},{'D2'},{'D5'},{'D4'},{'D6'},{'D3'},{'D1'},{'D7'},&,1.0,&
{'R2'},{'R1'},{'R3'},{'D2'},{'D5'},{'D4'},{'D3'},{'D1'},{'D6'},{'D7'},&,2.0,&
{'R2'},{'R1'},{'R3'},{'D2'},{'D5'},{'D1'},{'D6'},{'D4'},{'D3'},{'D7'},&,2.0,&
{'R2'},{'R1'},{'R3'},{'D2'},{'D5'},{'D1'},{'D4'},{'D3'},{'D6'},{'D7'},&,8.0,&
{'R2'},{'R1'},{'R3'},{'D2'},{'D5'},{'D1'},{'D3'},{'D4'},{'D6'},{'D7'},&,26.0,&
{'R2'},{'R1'},{'R3'},{'D2'},{'D5'},{'D1'},{'D3'},{'D6'},{'D4'},{'D7'},&,4.0,&
{'R2'},{'R1'},{'R3'},{'D2'},{'D5'},{'D3'},{'D1'},{'D4'},{'D6'},{'D7'},&,32.0,&
{'R2'},{'R1'},{'R3'},{'D2'},{'D5'},{'D3'},{'D1'},{'D6'},{'D4'},{'D7'},&,3.0,&
{'R2'},{'R1'},{'R3'},{'D2'},{'D5'},{'D3'},{'D6'},{'D1'},{'D4'},{'D7'},&,1.0,&
{'R2'},{'R1'},{'R3'},{'D2'},{'D5'},{'D3'},{'D4'},{'D1'},{'D6'},{'D7'},&,8.0,&
{'R2'},{'R1'},{'R3'},{'D2'},{'D5'},{'D6'},{'D1'},{'D3'},{'D4'},{'D7'},&,1.0,&
{'R2'},{'R1'},{'R3'},{'D2'},{'D5'},{'D7'},{'D3'},{'D1'},{'D4'},{'D6'},&,1.0,&
{'R2'},{'R1'},{'R3'},{'D2'},{'D4'},{'D5'},{'D1'},{'D3'},{'D6'},{'D7'},&,2.0,&
{'R2'},{'R1'},{'R3'},{'D2'},{'D4'},{'D5'},{'D3'},{'D1'},{'D6'},{'D7'},&,4.0,&
{'R2'},{'R1'},{'R3'},{'D2'},{'D4'},{'D1'},{'D5'},{'D3'},{'D6'},{'D7'},&,3.0,&
{'R2'},{'R1'},{'R3'},{'D2'},{'D4'},{'D1'},{'D3'},{'D5'},{'D6'},{'D7'},&,3.0,&
{'R2'},{'R1'},{'R3'},{'D2'},{'D4'},{'D3'},{'D5'},{'D1'},{'D6'},{'D7'},&,7.0,&
{'R2'},{'R1'},{'R3'},{'D2'},{'D4'},{'D3'},{'D1'},{'D5'},{'D6'},{'D7'},&,6.0,&
{'R2'},{'R1'},{'R3'},{'D2'},{'D6'},{'D5'},{'D3'},{'D1'},{'D4'},{'D7'},&,1.0,&
{'R2'},{'R1'},{'R3'},{'D2'},{'D6'},{'D3'},{'D1'},{'D5'},{'D4'},{'D7'},&,1.0,&
{'R3'},{'D3'},{'D7'},{'D6'},{'D1'},{'D5'},{'D4'},{'R1'},{'R2'},{'D2'},&,1.0,&
{'R3'},{'D3'},{'D5'},{'R2'},{'R1'},{'D4'},{'D1'},{'D2'},{'D6'},{'D7'},&,1.0,&
{'R3'},{'D3'},{'D5'},{'R2'},{'R1'},{'D1'},{'D4'},{'D2'},{'D6'},{'D7'},&,1.0,&
{'R3'},{'D3'},{'D2'},{'R2'},{'R1'},{'D5'},{'D1'},{'D4'},{'D6'},{'D7'},&,1.0,&
{'R3'},{'D3'},{'R1'},{'D1'},{'D5'},{'R2'},{'D6'},{'D4'},{'D2'},{'D7'},&,1.0,&
{'R3'},{'D3'},{'R1'},{'D1'},{'D5'},{'D2'},{'R2'},{'D4'},{'D6'},{'D7'},&,1.0,&
{'R3'},{'D3'},{'R1'},{'D1'},{'D4'},{'R2'},{'D2'},{'D5'},{'D6'},{'D7'},&,1.0,&
{'R3'},{'D3'},{'R1'},{'D1'},{'R2'},{'D5'},{'D4'},{'D2'},{'D6'},{'D7'},&,1.0,&
{'R3'},{'D3'},{'R1'},{'D1'},{'R2'},{'D4'},{'D5'},{'D6'},{'D2'},{'D7'},&,1.0,&
{'R3'},{'D3'},{'R1'},{'D1'},{'R2'},{'D2'},{'D4'},{'D5'},{'D6'},{'D7'},&,1.0,&
{'R3'},{'D3'},{'R1'},{'D6'},{'R2'},{'D4'},{'D1'},{'D5'},{'D2'},{'D7'},&,1.0,&
{'R3'},{'D3'},{'R1'},{'R2'},{'D1'},{'D5'},{'D2'},{'D4'},{'D6'},{'D7'},&,4.0,&
{'R3'},{'D3'},{'R1'},{'R2'},{'D1'},{'D5'},{'D2'},{'D6'},{'D4'},{'D7'},&,1.0,&
{'R3'},{'D3'},{'R1'},{'R2'},{'D1'},{'D5'},{'D4'},{'D2'},{'D6'},{'D7'},&,3.0,&
{'R3'},{'D3'},{'R1'},{'R2'},{'D1'},{'D5'},{'D4'},{'D6'},{'D2'},{'D7'},&,1.0,&
{'R3'},{'D3'},{'R1'},{'R2'},{'D1'},{'D4'},{'D5'},{'D2'},{'D6'},{'D7'},&,1.0,&
{'R3'},{'D3'},{'R1'},{'R2'},{'D1'},{'D2'},{'D5'},{'D4'},{'D6'},{'D7'},&,1.0,&
{'R3'},{'D3'},{'R1'},{'R2'},{'D5'},{'D4'},{'D1'},{'D2'},{'D6'},{'D7'},&,1.0,&
{'R3'},{'D3'},{'R1'},{'R2'},{'D5'},{'D1'},{'D2'},{'D4'},{'D6'},{'D7'},&,4.0,&
{'R3'},{'D3'},{'R1'},{'R2'},{'D5'},{'D1'},{'D2'},{'D6'},{'D4'},{'D7'},&,1.0,&
{'R3'},{'D3'},{'R1'},{'R2'},{'D5'},{'D1'},{'D4'},{'D2'},{'D6'},{'D7'},&,2.0,&
{'R3'},{'D3'},{'R1'},{'R2'},{'D5'},{'D2'},{'D1'},{'D4'},{'D6'},{'D7'},&,1.0,&
{'R3'},{'D3'},{'R1'},{'R2'},{'D5'},{'D2'},{'D4'},{'D1'},{'D6'},{'D7'},&,1.0,&
{'R3'},{'D3'},{'R1'},{'R2'},{'D5'},{'D6'},{'D1'},{'D2'},{'D4'},{'D7'},&,1.0,&
{'R3'},{'D3'},{'R1'},{'R2'},{'D2'},{'D1'},{'D5'},{'D4'},{'D6'},{'D7'},&,1.0,&
{'R3'},{'D3'},{'R1'},{'R2'},{'D6'},{'D5'},{'D1'},{'D4'},{'D2'},{'D7'},&,1.0,&
{'R3'},{'D3'},{'R2'},{'D1'},{'D5'},{'D2'},{'D4'},{'R1'},{'D6'},{'D7'},&,1.0,&
{'R3'},{'D3'},{'R2'},{'D1'},{'D2'},{'R1'},{'D5'},{'D4'},{'D6'},{'D7'},&,1.0,&
{'R3'},{'D3'},{'R2'},{'D1'},{'R1'},{'D5'},{'D4'},{'D2'},{'D6'},{'D7'},&,2.0,&
{'R3'},{'D3'},{'R2'},{'D1'},{'R1'},{'D2'},{'D4'},{'D5'},{'D6'},{'D7'},&,1.0,&
{'R3'},{'D3'},{'R2'},{'D5'},{'D1'},{'R1'},{'D2'},{'D4'},{'D6'},{'D7'},&,2.0,&
{'R3'},{'D3'},{'R2'},{'D5'},{'R1'},{'D2'},{'D4'},{'D1'},{'D6'},{'D7'},&,1.0,&
{'R3'},{'D3'},{'R2'},{'D4'},{'R1'},{'D5'},{'D1'},{'D2'},{'D6'},{'D7'},&,1.0,&
{'R3'},{'D3'},{'R2'},{'D2'},{'R1'},{'D5'},{'D1'},{'D4'},{'D6'},{'D7'},&,1.0,&
{'R3'},{'D3'},{'R2'},{'D2'},{'R1'},{'D5'},{'D4'},{'D1'},{'D6'},{'D7'},&,1.0,&
{'R3'},{'D3'},{'R2'},{'D2'},{'R1'},{'D1'},{'D4'},{'D5'},{'D6'},{'D7'},&,1.0,&
{'R3'},{'D3'},{'R2'},{'R1'},{'D1'},{'D5'},{'D2'},{'D4'},{'D6'},{'D7'},&,1.0,&
{'R3'},{'D3'},{'R2'},{'R1'},{'D1'},{'D5'},{'D2'},{'D4'},{'D7'},{'D6'},&,1.0,&
{'R3'},{'D3'},{'R2'},{'R1'},{'D1'},{'D5'},{'D6'},{'D2'},{'D4'},{'D7'},&,1.0,&
{'R3'},{'D3'},{'R2'},{'R1'},{'D1'},{'D5'},{'D4'},{'D2'},{'D6'},{'D7'},&,1.0,&
{'R3'},{'D3'},{'R2'},{'R1'},{'D1'},{'D4'},{'D2'},{'D5'},{'D6'},{'D7'},&,1.0,&
{'R3'},{'D3'},{'R2'},{'R1'},{'D1'},{'D4'},{'D5'},{'D2'},{'D6'},{'D7'},&,1.0,&
{'R3'},{'D3'},{'R2'},{'R1'},{'D1'},{'D4'},{'D6'},{'D5'},{'D2'},{'D7'},&,1.0,&
{'R3'},{'D3'},{'R2'},{'R1'},{'D1'},{'D2'},{'D5'},{'D4'},{'D6'},{'D7'},&,4.0,&
{'R3'},{'D3'},{'R2'},{'R1'},{'D5'},{'D4'},{'D1'},{'D2'},{'D6'},{'D7'},&,2.0,&
{'R3'},{'D3'},{'R2'},{'R1'},{'D5'},{'D1'},{'D2'},{'D4'},{'D6'},{'D7'},&,3.0,&
{'R3'},{'D3'},{'R2'},{'R1'},{'D5'},{'D1'},{'D2'},{'D6'},{'D4'},{'D7'},&,2.0,&
{'R3'},{'D3'},{'R2'},{'R1'},{'D5'},{'D1'},{'D6'},{'D2'},{'D4'},{'D7'},&,1.0,&
{'R3'},{'D3'},{'R2'},{'R1'},{'D5'},{'D1'},{'D6'},{'D4'},{'D2'},{'D7'},&,1.0,&
{'R3'},{'D3'},{'R2'},{'R1'},{'D5'},{'D1'},{'D4'},{'D2'},{'D6'},{'D7'},&,2.0,&
{'R3'},{'D3'},{'R2'},{'R1'},{'D5'},{'D2'},{'D1'},{'D4'},{'D6'},{'D7'},&,1.0,&
{'R3'},{'D3'},{'R2'},{'R1'},{'D5'},{'D2'},{'D4'},{'D1'},{'D6'},{'D7'},&,3.0,&
{'R3'},{'D3'},{'R2'},{'R1'},{'D5'},{'D2'},{'D4'},{'D6'},{'D1'},{'D7'},&,1.0,&
{'R3'},{'D3'},{'R2'},{'R1'},{'D4'},{'D5'},{'D2'},{'D1'},{'D6'},{'D7'},&,1.0,&
{'R3'},{'D3'},{'R2'},{'R1'},{'D2'},{'D5'},{'D1'},{'D4'},{'D6'},{'D7'},&,3.0,&
{'R3'},{'D3'},{'R2'},{'R1'},{'D2'},{'D4'},{'D5'},{'D1'},{'D6'},{'D7'},&,1.0,&
{'R3'},{'D3'},{'R2'},{'R1'},{'D2'},{'D1'},{'D5'},{'D4'},{'D6'},{'D7'},&,2.0,&
{'R3'},{'D3'},{'R2'},{'R1'},{'D2'},{'D1'},{'D4'},{'D5'},{'D6'},{'D7'},&,1.0,&
{'R3'},{'D6'},{'D3'},{'R2'},{'R1'},{'D5'},{'D1'},{'D4'},{'D2'},{'D7'},&,1.0,&
{'R3'},{'D6'},{'R2'},{'D5'},{'R1'},{'D4'},{'D1'},{'D3'},{'D2'},{'D7'},&,1.0,&
{'R3'},{'D6'},{'R2'},{'R1'},{'D1'},{'D5'},{'D3'},{'D2'},{'D4'},{'D7'},&,1.0,&
{'R3'},{'D5'},{'D4'},{'R1'},{'R2'},{'D3'},{'D1'},{'D2'},{'D6'},{'D7'},&,1.0,&
{'R3'},{'D5'},{'D3'},{'R2'},{'D2'},{'R1'},{'D1'},{'D4'},{'D6'},{'D7'},&,1.0,&
{'R3'},{'D5'},{'D3'},{'R1'},{'R2'},{'D2'},{'D1'},{'D4'},{'D6'},{'D7'},&,1.0,&
{'R3'},{'D5'},{'D1'},{'R2'},{'R1'},{'D3'},{'D2'},{'D6'},{'D4'},{'D7'},&,1.0,&
{'R3'},{'D5'},{'R1'},{'D1'},{'R2'},{'D3'},{'D2'},{'D4'},{'D6'},{'D7'},&,1.0,&
{'R3'},{'D5'},{'R1'},{'D3'},{'R2'},{'D4'},{'D1'},{'D2'},{'D6'},{'D7'},&,2.0,&
{'R3'},{'D5'},{'R1'},{'D3'},{'R2'},{'D1'},{'D2'},{'D4'},{'D6'},{'D7'},&,1.0,&
{'R3'},{'D5'},{'R1'},{'D3'},{'R2'},{'D1'},{'D2'},{'D4'},{'D7'},{'D6'},&,1.0,&
{'R3'},{'D5'},{'R1'},{'R2'},{'D3'},{'D4'},{'D1'},{'D2'},{'D6'},{'D7'},&,1.0,&
{'R3'},{'D5'},{'R1'},{'R2'},{'D3'},{'D1'},{'D2'},{'D4'},{'D6'},{'D7'},&,1.0,&
{'R3'},{'D5'},{'R1'},{'R2'},{'D3'},{'D1'},{'D6'},{'D2'},{'D4'},{'D7'},&,1.0,&
{'R3'},{'D5'},{'R1'},{'R2'},{'D3'},{'D1'},{'D4'},{'D2'},{'D6'},{'D7'},&,1.0,&
{'R3'},{'D5'},{'R1'},{'R2'},{'D1'},{'D4'},{'D3'},{'D2'},{'D6'},{'D7'},&,1.0,&
{'R3'},{'D5'},{'R1'},{'R2'},{'D1'},{'D3'},{'D2'},{'D4'},{'D6'},{'D7'},&,1.0,&
{'R3'},{'D5'},{'R1'},{'R2'},{'D1'},{'D2'},{'D6'},{'D3'},{'D4'},{'D7'},&,1.0,&
{'R3'},{'D5'},{'R1'},{'R2'},{'D4'},{'D1'},{'D3'},{'D6'},{'D2'},{'D7'},&,1.0,&
{'R3'},{'D5'},{'R1'},{'R2'},{'D2'},{'D3'},{'D4'},{'D1'},{'D6'},{'D7'},&,1.0,&
{'R3'},{'D5'},{'R2'},{'D1'},{'D3'},{'R1'},{'D2'},{'D6'},{'D4'},{'D7'},&,1.0,&
{'R3'},{'D5'},{'R2'},{'D1'},{'D2'},{'D3'},{'R1'},{'D4'},{'D6'},{'D7'},&,1.0,&
{'R3'},{'D5'},{'R2'},{'D1'},{'D2'},{'R1'},{'D4'},{'D3'},{'D6'},{'D7'},&,1.0,&
{'R3'},{'D5'},{'R2'},{'D1'},{'R1'},{'D3'},{'D2'},{'D4'},{'D6'},{'D7'},&,1.0,&
{'R3'},{'D5'},{'R2'},{'D1'},{'R1'},{'D2'},{'D3'},{'D4'},{'D6'},{'D7'},&,1.0,&
{'R3'},{'D5'},{'R2'},{'D3'},{'D1'},{'D4'},{'R1'},{'D2'},{'D6'},{'D7'},&,1.0,&
{'R3'},{'D5'},{'R2'},{'D3'},{'R1'},{'D1'},{'D2'},{'D4'},{'D6'},{'D7'},&,1.0,&
{'R3'},{'D5'},{'R2'},{'D3'},{'R1'},{'D2'},{'D1'},{'D4'},{'D6'},{'D7'},&,1.0,&
{'R3'},{'D5'},{'R2'},{'R1'},{'D3'},{'D4'},{'D2'},{'D1'},{'D6'},{'D7'},&,1.0,&
{'R3'},{'D5'},{'R2'},{'R1'},{'D3'},{'D4'},{'D1'},{'D2'},{'D6'},{'D7'},&,2.0,&
{'R3'},{'D5'},{'R2'},{'R1'},{'D3'},{'D1'},{'D2'},{'D4'},{'D6'},{'D7'},&,2.0,&
{'R3'},{'D5'},{'R2'},{'R1'},{'D3'},{'D1'},{'D2'},{'D6'},{'D4'},{'D7'},&,1.0,&
{'R3'},{'D5'},{'R2'},{'R1'},{'D3'},{'D1'},{'D4'},{'D2'},{'D6'},{'D7'},&,3.0,&
{'R3'},{'D5'},{'R2'},{'R1'},{'D3'},{'D2'},{'D1'},{'D4'},{'D6'},{'D7'},&,1.0,&
{'R3'},{'D5'},{'R2'},{'R1'},{'D3'},{'D2'},{'D4'},{'D1'},{'D6'},{'D7'},&,1.0,&
{'R3'},{'D5'},{'R2'},{'R1'},{'D3'},{'D6'},{'D1'},{'D2'},{'D4'},{'D7'},&,1.0,&
{'R3'},{'D5'},{'R2'},{'R1'},{'D1'},{'D3'},{'D2'},{'D4'},{'D6'},{'D7'},&,1.0,&
{'R3'},{'D5'},{'R2'},{'R1'},{'D1'},{'D3'},{'D4'},{'D2'},{'D6'},{'D7'},&,1.0,&
{'R3'},{'D5'},{'R2'},{'R1'},{'D1'},{'D2'},{'D3'},{'D4'},{'D6'},{'D7'},&,1.0,&
{'R3'},{'D5'},{'R2'},{'R1'},{'D4'},{'D3'},{'D2'},{'D1'},{'D6'},{'D7'},&,2.0,&
{'R3'},{'D5'},{'R2'},{'R1'},{'D4'},{'D2'},{'D1'},{'D3'},{'D6'},{'D7'},&,1.0,&
{'R3'},{'D5'},{'R2'},{'R1'},{'D2'},{'D4'},{'D1'},{'D3'},{'D6'},{'D7'},&,1.0,&
{'R3'},{'D5'},{'R2'},{'R1'},{'D2'},{'D1'},{'D3'},{'D4'},{'D6'},{'D7'},&,1.0,&
{'R3'},{'D5'},{'R2'},{'R1'},{'D2'},{'D3'},{'D1'},{'D4'},{'D6'},{'D7'},&,1.0,&
{'R3'},{'D1'},{'D3'},{'R1'},{'D4'},{'R2'},{'D5'},{'D2'},{'D6'},{'D7'},&,1.0,&
{'R3'},{'D1'},{'D2'},{'R1'},{'R2'},{'D5'},{'D3'},{'D4'},{'D6'},{'D7'},&,1.0,&
{'R3'},{'D1'},{'R1'},{'D4'},{'D6'},{'D2'},{'R2'},{'D5'},{'D3'},{'D7'},&,1.0,&
{'R3'},{'D1'},{'R1'},{'D3'},{'D5'},{'R2'},{'D2'},{'D4'},{'D6'},{'D7'},&,1.0,&
{'R3'},{'D1'},{'R1'},{'D3'},{'R2'},{'D5'},{'D2'},{'D4'},{'D6'},{'D7'},&,2.0,&
{'R3'},{'D1'},{'R1'},{'D3'},{'R2'},{'D5'},{'D4'},{'D2'},{'D6'},{'D7'},&,1.0,&
{'R3'},{'D1'},{'R1'},{'D3'},{'R2'},{'D4'},{'D5'},{'D2'},{'D6'},{'D7'},&,1.0,&
{'R3'},{'D1'},{'R1'},{'D2'},{'R2'},{'D3'},{'D5'},{'D4'},{'D6'},{'D7'},&,1.0,&
{'R3'},{'D1'},{'R1'},{'R2'},{'D3'},{'D5'},{'D2'},{'D4'},{'D6'},{'D7'},&,4.0,&
{'R3'},{'D1'},{'R1'},{'R2'},{'D3'},{'D5'},{'D2'},{'D6'},{'D4'},{'D7'},&,1.0,&
{'R3'},{'D1'},{'R1'},{'R2'},{'D3'},{'D4'},{'D2'},{'D5'},{'D6'},{'D7'},&,1.0,&
{'R3'},{'D1'},{'R1'},{'R2'},{'D3'},{'D4'},{'D5'},{'D2'},{'D6'},{'D7'},&,1.0,&
{'R3'},{'D1'},{'R1'},{'R2'},{'D3'},{'D2'},{'D5'},{'D4'},{'D6'},{'D7'},&,1.0,&
{'R3'},{'D1'},{'R1'},{'R2'},{'D2'},{'D5'},{'D3'},{'D4'},{'D6'},{'D7'},&,1.0,&
{'R3'},{'D1'},{'R1'},{'R2'},{'D2'},{'D3'},{'D5'},{'D4'},{'D6'},{'D7'},&,2.0,&
{'R3'},{'D1'},{'R1'},{'R2'},{'D6'},{'D5'},{'D3'},{'D4'},{'D2'},{'D7'},&,1.0,&
{'R3'},{'D1'},{'R2'},{'D5'},{'D4'},{'D3'},{'R1'},{'D2'},{'D6'},{'D7'},&,1.0,&
{'R3'},{'D1'},{'R2'},{'D5'},{'D2'},{'R1'},{'D3'},{'D4'},{'D6'},{'D7'},&,1.0,&
{'R3'},{'D1'},{'R2'},{'D5'},{'R1'},{'D3'},{'D2'},{'D6'},{'D4'},{'D7'},&,1.0,&
{'R3'},{'D1'},{'R2'},{'D4'},{'R1'},{'D3'},{'D5'},{'D2'},{'D6'},{'D7'},&,1.0,&
{'R3'},{'D1'},{'R2'},{'D3'},{'D5'},{'R1'},{'D4'},{'D2'},{'D6'},{'D7'},&,1.0,&
{'R3'},{'D1'},{'R2'},{'D3'},{'R1'},{'D5'},{'D2'},{'D4'},{'D6'},{'D7'},&,1.0,&
{'R3'},{'D1'},{'R2'},{'D3'},{'R1'},{'D5'},{'D4'},{'D2'},{'D6'},{'D7'},&,1.0,&
{'R3'},{'D1'},{'R2'},{'D2'},{'R1'},{'D3'},{'D5'},{'D4'},{'D6'},{'D7'},&,2.0,&
{'R3'},{'D1'},{'R2'},{'R1'},{'D3'},{'D5'},{'D2'},{'D4'},{'D6'},{'D7'},&,1.0,&
{'R3'},{'D1'},{'R2'},{'R1'},{'D3'},{'D5'},{'D2'},{'D6'},{'D4'},{'D7'},&,1.0,&
{'R3'},{'D1'},{'R2'},{'R1'},{'D3'},{'D5'},{'D4'},{'D2'},{'D6'},{'D7'},&,1.0,&
{'R3'},{'D1'},{'R2'},{'R1'},{'D3'},{'D5'},{'D4'},{'D6'},{'D2'},{'D7'},&,1.0,&
{'R3'},{'D1'},{'R2'},{'R1'},{'D3'},{'D2'},{'D5'},{'D4'},{'D6'},{'D7'},&,3.0,&
{'R3'},{'D1'},{'R2'},{'R1'},{'D3'},{'D2'},{'D6'},{'D4'},{'D5'},{'D7'},&,1.0,&
{'R3'},{'D1'},{'R2'},{'R1'},{'D3'},{'D6'},{'D5'},{'D4'},{'D2'},{'D7'},&,1.0,&
{'R3'},{'D1'},{'R2'},{'R1'},{'D5'},{'D3'},{'D2'},{'D4'},{'D6'},{'D7'},&,1.0,&
{'R3'},{'D1'},{'R2'},{'R1'},{'D5'},{'D3'},{'D4'},{'D2'},{'D6'},{'D7'},&,1.0,&
{'R3'},{'D1'},{'R2'},{'R1'},{'D5'},{'D2'},{'D3'},{'D4'},{'D6'},{'D7'},&,1.0,&
{'R3'},{'D1'},{'R2'},{'R1'},{'D5'},{'D6'},{'D3'},{'D4'},{'D2'},{'D7'},&,1.0,&
{'R3'},{'D1'},{'R2'},{'R1'},{'D4'},{'D5'},{'D3'},{'D2'},{'D6'},{'D7'},&,1.0,&
{'R3'},{'D1'},{'R2'},{'R1'},{'D2'},{'D3'},{'D4'},{'D5'},{'D6'},{'D7'},&,1.0,&
{'R3'},{'D4'},{'D2'},{'R2'},{'D1'},{'R1'},{'D3'},{'D5'},{'D6'},{'D7'},&,1.0,&
{'R3'},{'D4'},{'R1'},{'D5'},{'D3'},{'D1'},{'R2'},{'D2'},{'D6'},{'D7'},&,1.0,&
{'R3'},{'D4'},{'R1'},{'D5'},{'R2'},{'D1'},{'D3'},{'D2'},{'D6'},{'D7'},&,1.0,&
{'R3'},{'D4'},{'R1'},{'D5'},{'R2'},{'D3'},{'D1'},{'D2'},{'D6'},{'D7'},&,1.0,&
{'R3'},{'D4'},{'R1'},{'R2'},{'D1'},{'D5'},{'D3'},{'D2'},{'D6'},{'D7'},&,1.0,&
{'R3'},{'D4'},{'R1'},{'R2'},{'D1'},{'D3'},{'D5'},{'D2'},{'D6'},{'D7'},&,1.0,&
{'R3'},{'D4'},{'R2'},{'D3'},{'D1'},{'R1'},{'D5'},{'D2'},{'D6'},{'D7'},&,1.0,&
{'R3'},{'D4'},{'R2'},{'D2'},{'R1'},{'D5'},{'D3'},{'D1'},{'D6'},{'D7'},&,1.0,&
{'R3'},{'D4'},{'R2'},{'R1'},{'D3'},{'D5'},{'D1'},{'D2'},{'D6'},{'D7'},&,1.0,&
{'R3'},{'D4'},{'R2'},{'R1'},{'D3'},{'D1'},{'D5'},{'D6'},{'D2'},{'D7'},&,1.0,&
{'R3'},{'D4'},{'R2'},{'R1'},{'D1'},{'D3'},{'D5'},{'D2'},{'D6'},{'D7'},&,1.0,&
{'R3'},{'D4'},{'R2'},{'R1'},{'D5'},{'D3'},{'D2'},{'D1'},{'D6'},{'D7'},&,1.0,&
{'R3'},{'D4'},{'R2'},{'R1'},{'D5'},{'D3'},{'D1'},{'D2'},{'D6'},{'D7'},&,1.0,&
{'R3'},{'D4'},{'R2'},{'R1'},{'D5'},{'D2'},{'D1'},{'D3'},{'D6'},{'D7'},&,1.0,&
{'R3'},{'D2'},{'R1'},{'R2'},{'D3'},{'D5'},{'D1'},{'D4'},{'D6'},{'D7'},&,1.0,&
{'R3'},{'D2'},{'R1'},{'R2'},{'D1'},{'D5'},{'D3'},{'D4'},{'D6'},{'D7'},&,1.0,&
{'R3'},{'D2'},{'R1'},{'R2'},{'D1'},{'D3'},{'D5'},{'D4'},{'D6'},{'D7'},&,1.0,&
{'R3'},{'D2'},{'R1'},{'R2'},{'D5'},{'D1'},{'D3'},{'D4'},{'D6'},{'D7'},&,1.0,&
{'R3'},{'D2'},{'R2'},{'D1'},{'R1'},{'D5'},{'D3'},{'D4'},{'D6'},{'D7'},&,1.0,&
{'R3'},{'D2'},{'R2'},{'D5'},{'R1'},{'D3'},{'D1'},{'D4'},{'D6'},{'D7'},&,1.0,&
{'R3'},{'D2'},{'R2'},{'D3'},{'R1'},{'D5'},{'D4'},{'D1'},{'D6'},{'D7'},&,1.0,&
{'R3'},{'D2'},{'R2'},{'R1'},{'D3'},{'D5'},{'D1'},{'D6'},{'D4'},{'D7'},&,1.0,&
{'R3'},{'D2'},{'R2'},{'R1'},{'D3'},{'D5'},{'D4'},{'D1'},{'D6'},{'D7'},&,1.0,&
{'R3'},{'D2'},{'R2'},{'R1'},{'D3'},{'D1'},{'D5'},{'D4'},{'D6'},{'D7'},&,1.0,&
{'R3'},{'D2'},{'R2'},{'R1'},{'D1'},{'D5'},{'D3'},{'D4'},{'D6'},{'D7'},&,1.0,&
{'R3'},{'D2'},{'R2'},{'R1'},{'D1'},{'D3'},{'D5'},{'D4'},{'D6'},{'D7'},&,2.0,&
{'R3'},{'D2'},{'R2'},{'R1'},{'D5'},{'D3'},{'D1'},{'D6'},{'D4'},{'D7'},&,2.0,&
{'R3'},{'R1'},{'D4'},{'D1'},{'R2'},{'D3'},{'D2'},{'D5'},{'D6'},{'D7'},&,1.0,&
{'R3'},{'R1'},{'D4'},{'D3'},{'D5'},{'R2'},{'D1'},{'D2'},{'D6'},{'D7'},&,1.0,&
{'R3'},{'R1'},{'D4'},{'D3'},{'D5'},{'R2'},{'D6'},{'D1'},{'D2'},{'D7'},&,1.0,&
{'R3'},{'R1'},{'D4'},{'D3'},{'D2'},{'R2'},{'D1'},{'D5'},{'D6'},{'D7'},&,1.0,&
{'R3'},{'R1'},{'D4'},{'R2'},{'D3'},{'D5'},{'D2'},{'D1'},{'D6'},{'D7'},&,3.0,&
{'R3'},{'R1'},{'D4'},{'R2'},{'D3'},{'D5'},{'D1'},{'D2'},{'D6'},{'D7'},&,2.0,&
{'R3'},{'R1'},{'D4'},{'R2'},{'D3'},{'D5'},{'D1'},{'D6'},{'D2'},{'D7'},&,1.0,&
{'R3'},{'R1'},{'D4'},{'R2'},{'D3'},{'D1'},{'D5'},{'D2'},{'D6'},{'D7'},&,1.0,&
{'R3'},{'R1'},{'D4'},{'R2'},{'D3'},{'D2'},{'D5'},{'D1'},{'D6'},{'D7'},&,1.0,&
{'R3'},{'R1'},{'D4'},{'R2'},{'D3'},{'D2'},{'D1'},{'D5'},{'D6'},{'D7'},&,1.0,&
{'R3'},{'R1'},{'D4'},{'R2'},{'D1'},{'D3'},{'D5'},{'D2'},{'D6'},{'D7'},&,2.0,&
{'R3'},{'R1'},{'D4'},{'R2'},{'D5'},{'D3'},{'D1'},{'D2'},{'D6'},{'D7'},&,1.0,&
{'R3'},{'R1'},{'D4'},{'R2'},{'D5'},{'D3'},{'D1'},{'D6'},{'D2'},{'D7'},&,1.0,&
{'R3'},{'R1'},{'D4'},{'R2'},{'D5'},{'D6'},{'D3'},{'D2'},{'D1'},{'D7'},&,1.0,&
{'R3'},{'R1'},{'D4'},{'R2'},{'D2'},{'D5'},{'D3'},{'D1'},{'D6'},{'D7'},&,1.0,&
{'R3'},{'R1'},{'D4'},{'R2'},{'D2'},{'D3'},{'D1'},{'D5'},{'D6'},{'D7'},&,1.0,&
{'R3'},{'R1'},{'D3'},{'D1'},{'D4'},{'R2'},{'D5'},{'D2'},{'D6'},{'D7'},&,1.0,&
{'R3'},{'R1'},{'D3'},{'D1'},{'D2'},{'R2'},{'D5'},{'D4'},{'D6'},{'D7'},&,1.0,&
{'R3'},{'R1'},{'D3'},{'D1'},{'R2'},{'D5'},{'D2'},{'D4'},{'D6'},{'D7'},&,1.0,&
{'R3'},{'R1'},{'D3'},{'D1'},{'R2'},{'D5'},{'D4'},{'D2'},{'D6'},{'D7'},&,1.0,&
{'R3'},{'R1'},{'D3'},{'D1'},{'R2'},{'D2'},{'D5'},{'D4'},{'D6'},{'D7'},&,1.0,&
{'R3'},{'R1'},{'D3'},{'D5'},{'D1'},{'R2'},{'D2'},{'D6'},{'D4'},{'D7'},&,1.0,&
{'R3'},{'R1'},{'D3'},{'D5'},{'D1'},{'D2'},{'R2'},{'D6'},{'D4'},{'D7'},&,1.0,&
{'R3'},{'R1'},{'D3'},{'D5'},{'R2'},{'D4'},{'D2'},{'D1'},{'D6'},{'D7'},&,1.0,&
{'R3'},{'R1'},{'D3'},{'D5'},{'R2'},{'D4'},{'D1'},{'D2'},{'D6'},{'D7'},&,1.0,&
{'R3'},{'R1'},{'D3'},{'D5'},{'R2'},{'D1'},{'D2'},{'D4'},{'D6'},{'D7'},&,5.0,&
{'R3'},{'R1'},{'D3'},{'D5'},{'R2'},{'D1'},{'D2'},{'D6'},{'D4'},{'D7'},&,2.0,&
{'R3'},{'R1'},{'D3'},{'D5'},{'R2'},{'D1'},{'D4'},{'D2'},{'D6'},{'D7'},&,2.0,&
{'R3'},{'R1'},{'D3'},{'D5'},{'R2'},{'D2'},{'D1'},{'D4'},{'D6'},{'D7'},&,1.0,&
{'R3'},{'R1'},{'D3'},{'D4'},{'R2'},{'D5'},{'D1'},{'D2'},{'D6'},{'D7'},&,2.0,&
{'R3'},{'R1'},{'D3'},{'D4'},{'R2'},{'D1'},{'D5'},{'D2'},{'D6'},{'D7'},&,1.0,&
{'R3'},{'R1'},{'D3'},{'D4'},{'R2'},{'D2'},{'D5'},{'D1'},{'D6'},{'D7'},&,1.0,&
{'R3'},{'R1'},{'D3'},{'D2'},{'D5'},{'R2'},{'D1'},{'D4'},{'D6'},{'D7'},&,1.0,&
{'R3'},{'R1'},{'D3'},{'D2'},{'R2'},{'D5'},{'D4'},{'D1'},{'D6'},{'D7'},&,1.0,&
{'R3'},{'R1'},{'D3'},{'D2'},{'R2'},{'D1'},{'D5'},{'D4'},{'D6'},{'D7'},&,1.0,&
{'R3'},{'R1'},{'D3'},{'D2'},{'R2'},{'D1'},{'D5'},{'D6'},{'D4'},{'D7'},&,2.0,&
{'R3'},{'R1'},{'D3'},{'R2'},{'D1'},{'D5'},{'D2'},{'D4'},{'D6'},{'D7'},&,8.0,&
{'R3'},{'R1'},{'D3'},{'R2'},{'D1'},{'D5'},{'D2'},{'D6'},{'D4'},{'D7'},&,1.0,&
{'R3'},{'R1'},{'D3'},{'R2'},{'D1'},{'D5'},{'D4'},{'D2'},{'D6'},{'D7'},&,7.0,&
{'R3'},{'R1'},{'D3'},{'R2'},{'D1'},{'D5'},{'D4'},{'D6'},{'D2'},{'D7'},&,1.0,&
{'R3'},{'R1'},{'D3'},{'R2'},{'D1'},{'D4'},{'D5'},{'D2'},{'D6'},{'D7'},&,1.0,&
{'R3'},{'R1'},{'D3'},{'R2'},{'D1'},{'D2'},{'D5'},{'D4'},{'D6'},{'D7'},&,2.0,&
{'R3'},{'R1'},{'D3'},{'R2'},{'D1'},{'D2'},{'D5'},{'D6'},{'D4'},{'D7'},&,3.0,&
{'R3'},{'R1'},{'D3'},{'R2'},{'D1'},{'D2'},{'D6'},{'D5'},{'D4'},{'D7'},&,1.0,&
{'R3'},{'R1'},{'D3'},{'R2'},{'D1'},{'D2'},{'D4'},{'D5'},{'D6'},{'D7'},&,1.0,&
{'R3'},{'R1'},{'D3'},{'R2'},{'D1'},{'D6'},{'D5'},{'D2'},{'D4'},{'D7'},&,1.0,&
{'R3'},{'R1'},{'D3'},{'R2'},{'D1'},{'D6'},{'D5'},{'D4'},{'D2'},{'D7'},&,1.0,&
{'R3'},{'R1'},{'D3'},{'R2'},{'D1'},{'D6'},{'D4'},{'D5'},{'D2'},{'D7'},&,1.0,&
{'R3'},{'R1'},{'D3'},{'R2'},{'D5'},{'D4'},{'D2'},{'D1'},{'D6'},{'D7'},&,2.0,&
{'R3'},{'R1'},{'D3'},{'R2'},{'D5'},{'D4'},{'D1'},{'D2'},{'D6'},{'D7'},&,4.0,&
{'R3'},{'R1'},{'D3'},{'R2'},{'D5'},{'D1'},{'D2'},{'D4'},{'D6'},{'D7'},&,5.0,&
{'R3'},{'R1'},{'D3'},{'R2'},{'D5'},{'D1'},{'D2'},{'D6'},{'D4'},{'D7'},&,1.0,&
{'R3'},{'R1'},{'D3'},{'R2'},{'D5'},{'D1'},{'D6'},{'D2'},{'D4'},{'D7'},&,1.0,&
{'R3'},{'R1'},{'D3'},{'R2'},{'D5'},{'D1'},{'D6'},{'D4'},{'D2'},{'D7'},&,1.0,&
{'R3'},{'R1'},{'D3'},{'R2'},{'D5'},{'D1'},{'D4'},{'D2'},{'D6'},{'D7'},&,4.0,&
{'R3'},{'R1'},{'D3'},{'R2'},{'D5'},{'D2'},{'D1'},{'D4'},{'D6'},{'D7'},&,4.0,&
{'R3'},{'R1'},{'D3'},{'R2'},{'D5'},{'D6'},{'D1'},{'D2'},{'D4'},{'D7'},&,1.0,&
{'R3'},{'R1'},{'D3'},{'R2'},{'D4'},{'D5'},{'D2'},{'D1'},{'D6'},{'D7'},&,2.0,&
{'R3'},{'R1'},{'D3'},{'R2'},{'D4'},{'D5'},{'D1'},{'D2'},{'D6'},{'D7'},&,1.0,&
{'R3'},{'R1'},{'D3'},{'R2'},{'D4'},{'D1'},{'D2'},{'D5'},{'D6'},{'D7'},&,2.0,&
{'R3'},{'R1'},{'D3'},{'R2'},{'D4'},{'D1'},{'D5'},{'D2'},{'D6'},{'D7'},&,2.0,&
{'R3'},{'R1'},{'D3'},{'R2'},{'D2'},{'D5'},{'D1'},{'D4'},{'D6'},{'D7'},&,3.0,&
{'R3'},{'R1'},{'D3'},{'R2'},{'D2'},{'D5'},{'D4'},{'D1'},{'D6'},{'D7'},&,1.0,&
{'R3'},{'R1'},{'D3'},{'R2'},{'D2'},{'D4'},{'D5'},{'D1'},{'D6'},{'D7'},&,1.0,&
{'R3'},{'R1'},{'D3'},{'R2'},{'D2'},{'D1'},{'D5'},{'D4'},{'D6'},{'D7'},&,3.0,&
{'R3'},{'R1'},{'D3'},{'R2'},{'D2'},{'D1'},{'D5'},{'D6'},{'D4'},{'D7'},&,1.0,&
{'R3'},{'R1'},{'D3'},{'R2'},{'D2'},{'D1'},{'D4'},{'D5'},{'D6'},{'D7'},&,2.0,&
{'R3'},{'R1'},{'D3'},{'R2'},{'D2'},{'D6'},{'D5'},{'D1'},{'D4'},{'D7'},&,1.0,&
{'R3'},{'R1'},{'D3'},{'R2'},{'D6'},{'D5'},{'D2'},{'D1'},{'D4'},{'D7'},&,1.0,&
{'R3'},{'R1'},{'D5'},{'D1'},{'D3'},{'D4'},{'R2'},{'D2'},{'D6'},{'D7'},&,1.0,&
{'R3'},{'R1'},{'D5'},{'D1'},{'D3'},{'R2'},{'D2'},{'D4'},{'D6'},{'D7'},&,1.0,&
{'R3'},{'R1'},{'D5'},{'D1'},{'D3'},{'D2'},{'D4'},{'R2'},{'D6'},{'D7'},&,1.0,&
{'R3'},{'R1'},{'D5'},{'D1'},{'D2'},{'R2'},{'D3'},{'D4'},{'D6'},{'D7'},&,1.0,&
{'R3'},{'R1'},{'D5'},{'D1'},{'R2'},{'D4'},{'D2'},{'D3'},{'D6'},{'D7'},&,2.0,&
{'R3'},{'R1'},{'D5'},{'D1'},{'R2'},{'D3'},{'D2'},{'D6'},{'D4'},{'D7'},&,2.0,&
{'R3'},{'R1'},{'D5'},{'D1'},{'R2'},{'D3'},{'D4'},{'D2'},{'D6'},{'D7'},&,1.0,&
{'R3'},{'R1'},{'D5'},{'D1'},{'R2'},{'D2'},{'D4'},{'D3'},{'D6'},{'D7'},&,1.0,&
{'R3'},{'R1'},{'D5'},{'D3'},{'D1'},{'R2'},{'D6'},{'D2'},{'D4'},{'D7'},&,1.0,&
{'R3'},{'R1'},{'D5'},{'D3'},{'D6'},{'R2'},{'D1'},{'D2'},{'D4'},{'D7'},&,1.0,&
{'R3'},{'R1'},{'D5'},{'D3'},{'R2'},{'D1'},{'D2'},{'D4'},{'D6'},{'D7'},&,1.0,&
{'R3'},{'R1'},{'D5'},{'D3'},{'R2'},{'D1'},{'D2'},{'D6'},{'D4'},{'D7'},&,1.0,&
{'R3'},{'R1'},{'D5'},{'D3'},{'R2'},{'D1'},{'D4'},{'D2'},{'D6'},{'D7'},&,1.0,&
{'R3'},{'R1'},{'D5'},{'D3'},{'R2'},{'D2'},{'D1'},{'D4'},{'D6'},{'D7'},&,1.0,&
{'R3'},{'R1'},{'D5'},{'R2'},{'D3'},{'D4'},{'D2'},{'D1'},{'D6'},{'D7'},&,1.0,&
{'R3'},{'R1'},{'D5'},{'R2'},{'D3'},{'D4'},{'D1'},{'D2'},{'D6'},{'D7'},&,1.0,&
{'R3'},{'R1'},{'D5'},{'R2'},{'D3'},{'D4'},{'D1'},{'D6'},{'D2'},{'D7'},&,1.0,&
{'R3'},{'R1'},{'D5'},{'R2'},{'D3'},{'D1'},{'D2'},{'D4'},{'D6'},{'D7'},&,10.0,&
{'R3'},{'R1'},{'D5'},{'R2'},{'D3'},{'D1'},{'D2'},{'D6'},{'D4'},{'D7'},&,1.0,&
{'R3'},{'R1'},{'D5'},{'R2'},{'D3'},{'D1'},{'D6'},{'D2'},{'D4'},{'D7'},&,1.0,&
{'R3'},{'R1'},{'D5'},{'R2'},{'D3'},{'D1'},{'D4'},{'D2'},{'D6'},{'D7'},&,6.0,&
{'R3'},{'R1'},{'D5'},{'R2'},{'D3'},{'D2'},{'D1'},{'D4'},{'D6'},{'D7'},&,4.0,&
{'R3'},{'R1'},{'D5'},{'R2'},{'D3'},{'D2'},{'D1'},{'D6'},{'D4'},{'D7'},&,1.0,&
{'R3'},{'R1'},{'D5'},{'R2'},{'D3'},{'D2'},{'D4'},{'D1'},{'D6'},{'D7'},&,1.0,&
{'R3'},{'R1'},{'D5'},{'R2'},{'D3'},{'D6'},{'D1'},{'D2'},{'D4'},{'D7'},&,1.0,&
{'R3'},{'R1'},{'D5'},{'R2'},{'D1'},{'D4'},{'D2'},{'D3'},{'D6'},{'D7'},&,1.0,&
{'R3'},{'R1'},{'D5'},{'R2'},{'D1'},{'D4'},{'D3'},{'D2'},{'D6'},{'D7'},&,1.0,&
{'R3'},{'R1'},{'D5'},{'R2'},{'D1'},{'D3'},{'D2'},{'D4'},{'D6'},{'D7'},&,6.0,&
{'R3'},{'R1'},{'D5'},{'R2'},{'D1'},{'D3'},{'D4'},{'D2'},{'D6'},{'D7'},&,3.0,&
{'R3'},{'R1'},{'D5'},{'R2'},{'D1'},{'D3'},{'D4'},{'D2'},{'D7'},{'D6'},&,1.0,&
{'R3'},{'R1'},{'D5'},{'R2'},{'D1'},{'D3'},{'D4'},{'D6'},{'D2'},{'D7'},&,2.0,&
{'R3'},{'R1'},{'D5'},{'R2'},{'D1'},{'D2'},{'D4'},{'D3'},{'D6'},{'D7'},&,1.0,&
{'R3'},{'R1'},{'D5'},{'R2'},{'D1'},{'D2'},{'D3'},{'D4'},{'D6'},{'D7'},&,2.0,&
{'R3'},{'R1'},{'D5'},{'R2'},{'D1'},{'D2'},{'D3'},{'D6'},{'D4'},{'D7'},&,1.0,&
{'R3'},{'R1'},{'D5'},{'R2'},{'D4'},{'D3'},{'D1'},{'D2'},{'D6'},{'D7'},&,2.0,&
{'R3'},{'R1'},{'D5'},{'R2'},{'D4'},{'D3'},{'D1'},{'D6'},{'D2'},{'D7'},&,1.0,&
{'R3'},{'R1'},{'D5'},{'R2'},{'D4'},{'D2'},{'D3'},{'D1'},{'D6'},{'D7'},&,1.0,&
{'R3'},{'R1'},{'D5'},{'R2'},{'D2'},{'D1'},{'D3'},{'D4'},{'D6'},{'D7'},&,3.0,&
{'R3'},{'R1'},{'D5'},{'R2'},{'D2'},{'D1'},{'D3'},{'D6'},{'D4'},{'D7'},&,1.0,&
{'R3'},{'R1'},{'D5'},{'R2'},{'D2'},{'D3'},{'D1'},{'D4'},{'D6'},{'D7'},&,3.0,&
{'R3'},{'R1'},{'D5'},{'R2'},{'D2'},{'D3'},{'D4'},{'D1'},{'D6'},{'D7'},&,3.0,&
{'R3'},{'R1'},{'D5'},{'R2'},{'D6'},{'D1'},{'D3'},{'D4'},{'D2'},{'D7'},&,1.0,&
{'R3'},{'R1'},{'D5'},{'R2'},{'D6'},{'D3'},{'D2'},{'D1'},{'D4'},{'D7'},&,1.0,&
{'R3'},{'R1'},{'D6'},{'D4'},{'R2'},{'D3'},{'D5'},{'D1'},{'D2'},{'D7'},&,1.0,&
{'R3'},{'R1'},{'D1'},{'D5'},{'D3'},{'D4'},{'R2'},{'D6'},{'D2'},{'D7'},&,1.0,&
{'R3'},{'R1'},{'D1'},{'D5'},{'D3'},{'R2'},{'D2'},{'D4'},{'D6'},{'D7'},&,1.0,&
{'R3'},{'R1'},{'D1'},{'D5'},{'D3'},{'R2'},{'D4'},{'D2'},{'D6'},{'D7'},&,1.0,&
{'R3'},{'R1'},{'D1'},{'D5'},{'D3'},{'D2'},{'R2'},{'D4'},{'D6'},{'D7'},&,1.0,&
{'R3'},{'R1'},{'D1'},{'D5'},{'D6'},{'D4'},{'D3'},{'R2'},{'D2'},{'D7'},&,1.0,&
{'R3'},{'R1'},{'D1'},{'D5'},{'R2'},{'D3'},{'D2'},{'D4'},{'D6'},{'D7'},&,1.0,&
{'R3'},{'R1'},{'D1'},{'D5'},{'R2'},{'D3'},{'D4'},{'D2'},{'D6'},{'D7'},&,2.0,&
{'R3'},{'R1'},{'D1'},{'D5'},{'R2'},{'D2'},{'D3'},{'D4'},{'D6'},{'D7'},&,2.0,&
{'R3'},{'R1'},{'D1'},{'D4'},{'R2'},{'D3'},{'D5'},{'D6'},{'D2'},{'D7'},&,1.0,&
{'R3'},{'R1'},{'D1'},{'D4'},{'R2'},{'D3'},{'D6'},{'D2'},{'D5'},{'D7'},&,1.0,&
{'R3'},{'R1'},{'D1'},{'D3'},{'D5'},{'R2'},{'D2'},{'D4'},{'D6'},{'D7'},&,2.0,&
{'R3'},{'R1'},{'D1'},{'D3'},{'D5'},{'R2'},{'D4'},{'D2'},{'D6'},{'D7'},&,1.0,&
{'R3'},{'R1'},{'D1'},{'D3'},{'D4'},{'R2'},{'D5'},{'D2'},{'D6'},{'D7'},&,1.0,&
{'R3'},{'R1'},{'D1'},{'D3'},{'D2'},{'D5'},{'D6'},{'R2'},{'D4'},{'D7'},&,1.0,&
{'R3'},{'R1'},{'D1'},{'D3'},{'D2'},{'R2'},{'D4'},{'D5'},{'D6'},{'D7'},&,1.0,&
{'R3'},{'R1'},{'D1'},{'D3'},{'R2'},{'D5'},{'D2'},{'D4'},{'D6'},{'D7'},&,1.0,&
{'R3'},{'R1'},{'D1'},{'D3'},{'R2'},{'D5'},{'D2'},{'D6'},{'D4'},{'D7'},&,1.0,&
{'R3'},{'R1'},{'D1'},{'D3'},{'R2'},{'D5'},{'D4'},{'D6'},{'D2'},{'D7'},&,1.0,&
{'R3'},{'R1'},{'D1'},{'D3'},{'R2'},{'D2'},{'D5'},{'D4'},{'D6'},{'D7'},&,1.0,&
{'R3'},{'R1'},{'D1'},{'D2'},{'R2'},{'D5'},{'D3'},{'D6'},{'D4'},{'D7'},&,1.0,&
{'R3'},{'R1'},{'D1'},{'D2'},{'R2'},{'D3'},{'D5'},{'D4'},{'D6'},{'D7'},&,1.0,&
{'R3'},{'R1'},{'D1'},{'D2'},{'R2'},{'D3'},{'D6'},{'D4'},{'D5'},{'D7'},&,1.0,&
{'R3'},{'R1'},{'D1'},{'R2'},{'D3'},{'D5'},{'D2'},{'D4'},{'D6'},{'D7'},&,5.0,&
{'R3'},{'R1'},{'D1'},{'R2'},{'D3'},{'D5'},{'D2'},{'D6'},{'D4'},{'D7'},&,3.0,&
{'R3'},{'R1'},{'D1'},{'R2'},{'D3'},{'D5'},{'D6'},{'D2'},{'D4'},{'D7'},&,1.0,&
{'R3'},{'R1'},{'D1'},{'R2'},{'D3'},{'D5'},{'D4'},{'D2'},{'D6'},{'D7'},&,7.0,&
{'R3'},{'R1'},{'D1'},{'R2'},{'D3'},{'D4'},{'D2'},{'D6'},{'D5'},{'D7'},&,1.0,&
{'R3'},{'R1'},{'D1'},{'R2'},{'D3'},{'D4'},{'D5'},{'D2'},{'D6'},{'D7'},&,2.0,&
{'R3'},{'R1'},{'D1'},{'R2'},{'D3'},{'D2'},{'D5'},{'D4'},{'D6'},{'D7'},&,2.0,&
{'R3'},{'R1'},{'D1'},{'R2'},{'D3'},{'D2'},{'D5'},{'D4'},{'D7'},{'D6'},&,1.0,&
{'R3'},{'R1'},{'D1'},{'R2'},{'D3'},{'D2'},{'D4'},{'D5'},{'D6'},{'D7'},&,1.0,&
{'R3'},{'R1'},{'D1'},{'R2'},{'D3'},{'D6'},{'D2'},{'D5'},{'D4'},{'D7'},&,1.0,&
{'R3'},{'R1'},{'D1'},{'R2'},{'D5'},{'D4'},{'D2'},{'D3'},{'D6'},{'D7'},&,1.0,&
{'R3'},{'R1'},{'D1'},{'R2'},{'D5'},{'D3'},{'D2'},{'D4'},{'D6'},{'D7'},&,4.0,&
{'R3'},{'R1'},{'D1'},{'R2'},{'D5'},{'D3'},{'D2'},{'D6'},{'D4'},{'D7'},&,1.0,&
{'R3'},{'R1'},{'D1'},{'R2'},{'D5'},{'D3'},{'D4'},{'D2'},{'D6'},{'D7'},&,6.0,&
{'R3'},{'R1'},{'D1'},{'R2'},{'D5'},{'D2'},{'D3'},{'D4'},{'D6'},{'D7'},&,3.0,&
{'R3'},{'R1'},{'D1'},{'R2'},{'D4'},{'D5'},{'D3'},{'D2'},{'D6'},{'D7'},&,2.0,&
{'R3'},{'R1'},{'D1'},{'R2'},{'D4'},{'D3'},{'D2'},{'D5'},{'D6'},{'D7'},&,1.0,&
{'R3'},{'R1'},{'D1'},{'R2'},{'D2'},{'D5'},{'D3'},{'D4'},{'D6'},{'D7'},&,4.0,&
{'R3'},{'R1'},{'D1'},{'R2'},{'D2'},{'D3'},{'D5'},{'D4'},{'D6'},{'D7'},&,1.0,&
{'R3'},{'R1'},{'D1'},{'R2'},{'D6'},{'D5'},{'D2'},{'D3'},{'D4'},{'D7'},&,1.0,&
{'R3'},{'R1'},{'D1'},{'R2'},{'D6'},{'D5'},{'D4'},{'D3'},{'D2'},{'D7'},&,1.0,&
{'R3'},{'R1'},{'D2'},{'D1'},{'R2'},{'D3'},{'D5'},{'D4'},{'D6'},{'D7'},&,2.0,&
{'R3'},{'R1'},{'D2'},{'D5'},{'D3'},{'D1'},{'D4'},{'R2'},{'D6'},{'D7'},&,1.0,&
{'R3'},{'R1'},{'D2'},{'D5'},{'R2'},{'D4'},{'D1'},{'D3'},{'D6'},{'D7'},&,1.0,&
{'R3'},{'R1'},{'D2'},{'D5'},{'R2'},{'D3'},{'D1'},{'D4'},{'D6'},{'D7'},&,1.0,&
{'R3'},{'R1'},{'D2'},{'D3'},{'R2'},{'D1'},{'D5'},{'D6'},{'D4'},{'D7'},&,1.0,&
{'R3'},{'R1'},{'D2'},{'R2'},{'D3'},{'D5'},{'D1'},{'D4'},{'D6'},{'D7'},&,2.0,&
{'R3'},{'R1'},{'D2'},{'R2'},{'D3'},{'D5'},{'D4'},{'D1'},{'D6'},{'D7'},&,1.0,&
{'R3'},{'R1'},{'D2'},{'R2'},{'D3'},{'D4'},{'D1'},{'D5'},{'D6'},{'D7'},&,1.0,&
{'R3'},{'R1'},{'D2'},{'R2'},{'D3'},{'D1'},{'D5'},{'D4'},{'D6'},{'D7'},&,2.0,&
{'R3'},{'R1'},{'D2'},{'R2'},{'D3'},{'D1'},{'D5'},{'D6'},{'D4'},{'D7'},&,1.0,&
{'R3'},{'R1'},{'D2'},{'R2'},{'D1'},{'D5'},{'D3'},{'D4'},{'D6'},{'D7'},&,3.0,&
{'R3'},{'R1'},{'D2'},{'R2'},{'D1'},{'D3'},{'D5'},{'D4'},{'D6'},{'D7'},&,2.0,&
{'R3'},{'R1'},{'D2'},{'R2'},{'D1'},{'D3'},{'D6'},{'D4'},{'D5'},{'D7'},&,1.0,&
{'R3'},{'R1'},{'D2'},{'R2'},{'D5'},{'D3'},{'D1'},{'D4'},{'D6'},{'D7'},&,3.0,&
{'R3'},{'R1'},{'D2'},{'R2'},{'D5'},{'D3'},{'D1'},{'D7'},{'D4'},{'D6'},&,1.0,&
{'R3'},{'R1'},{'D2'},{'R2'},{'D5'},{'D3'},{'D1'},{'D6'},{'D4'},{'D7'},&,1.0,&
{'R3'},{'R1'},{'D2'},{'R2'},{'D5'},{'D3'},{'D4'},{'D1'},{'D6'},{'D7'},&,1.0,&
{'R3'},{'R1'},{'D2'},{'R2'},{'D4'},{'D1'},{'D3'},{'D5'},{'D6'},{'D7'},&,1.0,&
{'R3'},{'R1'},{'D2'},{'R2'},{'D4'},{'D3'},{'D5'},{'D1'},{'D6'},{'D7'},&,1.0,&
{'R3'},{'R1'},{'D2'},{'R2'},{'D4'},{'D3'},{'D1'},{'D5'},{'D6'},{'D7'},&,1.0,&
{'R3'},{'R1'},{'D2'},{'R2'},{'D6'},{'D5'},{'D3'},{'D1'},{'D4'},{'D7'},&,1.0,&
{'R3'},{'R1'},{'R2'},{'D1'},{'D3'},{'D5'},{'D2'},{'D4'},{'D6'},{'D7'},&,28.0,&
{'R3'},{'R1'},{'R2'},{'D1'},{'D3'},{'D5'},{'D2'},{'D4'},{'D7'},{'D6'},&,1.0,&
{'R3'},{'R1'},{'R2'},{'D1'},{'D3'},{'D5'},{'D2'},{'D6'},{'D4'},{'D7'},&,4.0,&
{'R3'},{'R1'},{'R2'},{'D1'},{'D3'},{'D5'},{'D6'},{'D2'},{'D4'},{'D7'},&,1.0,&
{'R3'},{'R1'},{'R2'},{'D1'},{'D3'},{'D5'},{'D6'},{'D4'},{'D2'},{'D7'},&,1.0,&
{'R3'},{'R1'},{'R2'},{'D1'},{'D3'},{'D5'},{'D4'},{'D2'},{'D6'},{'D7'},&,13.0,&
{'R3'},{'R1'},{'R2'},{'D1'},{'D3'},{'D5'},{'D4'},{'D7'},{'D2'},{'D6'},&,1.0,&
{'R3'},{'R1'},{'R2'},{'D1'},{'D3'},{'D5'},{'D4'},{'D6'},{'D2'},{'D7'},&,1.0,&
{'R3'},{'R1'},{'R2'},{'D1'},{'D3'},{'D4'},{'D2'},{'D5'},{'D6'},{'D7'},&,5.0,&
{'R3'},{'R1'},{'R2'},{'D1'},{'D3'},{'D4'},{'D5'},{'D2'},{'D6'},{'D7'},&,4.0,&
{'R3'},{'R1'},{'R2'},{'D1'},{'D3'},{'D4'},{'D5'},{'D6'},{'D2'},{'D7'},&,1.0,&
{'R3'},{'R1'},{'R2'},{'D1'},{'D3'},{'D4'},{'D6'},{'D2'},{'D5'},{'D7'},&,1.0,&
{'R3'},{'R1'},{'R2'},{'D1'},{'D3'},{'D2'},{'D5'},{'D4'},{'D6'},{'D7'},&,17.0,&
{'R3'},{'R1'},{'R2'},{'D1'},{'D3'},{'D2'},{'D5'},{'D6'},{'D4'},{'D7'},&,1.0,&
{'R3'},{'R1'},{'R2'},{'D1'},{'D3'},{'D2'},{'D6'},{'D5'},{'D4'},{'D7'},&,1.0,&
{'R3'},{'R1'},{'R2'},{'D1'},{'D3'},{'D2'},{'D4'},{'D5'},{'D6'},{'D7'},&,5.0,&
{'R3'},{'R1'},{'R2'},{'D1'},{'D3'},{'D6'},{'D2'},{'D4'},{'D5'},{'D7'},&,1.0,&
{'R3'},{'R1'},{'R2'},{'D1'},{'D5'},{'D4'},{'D6'},{'D3'},{'D2'},{'D7'},&,1.0,&
{'R3'},{'R1'},{'R2'},{'D1'},{'D5'},{'D4'},{'D3'},{'D2'},{'D6'},{'D7'},&,3.0,&
{'R3'},{'R1'},{'R2'},{'D1'},{'D5'},{'D3'},{'D2'},{'D4'},{'D6'},{'D7'},&,20.0,&
{'R3'},{'R1'},{'R2'},{'D1'},{'D5'},{'D3'},{'D2'},{'D7'},{'D4'},{'D6'},&,1.0,&
{'R3'},{'R1'},{'R2'},{'D1'},{'D5'},{'D3'},{'D2'},{'D6'},{'D4'},{'D7'},&,4.0,&
{'R3'},{'R1'},{'R2'},{'D1'},{'D5'},{'D3'},{'D6'},{'D2'},{'D4'},{'D7'},&,4.0,&
{'R3'},{'R1'},{'R2'},{'D1'},{'D5'},{'D3'},{'D6'},{'D4'},{'D2'},{'D7'},&,2.0,&
{'R3'},{'R1'},{'R2'},{'D1'},{'D5'},{'D3'},{'D4'},{'D2'},{'D6'},{'D7'},&,18.0,&
{'R3'},{'R1'},{'R2'},{'D1'},{'D5'},{'D3'},{'D4'},{'D6'},{'D2'},{'D7'},&,2.0,&
{'R3'},{'R1'},{'R2'},{'D1'},{'D5'},{'D2'},{'D4'},{'D3'},{'D6'},{'D7'},&,3.0,&
{'R3'},{'R1'},{'R2'},{'D1'},{'D5'},{'D2'},{'D3'},{'D4'},{'D6'},{'D7'},&,8.0,&
{'R3'},{'R1'},{'R2'},{'D1'},{'D5'},{'D2'},{'D3'},{'D6'},{'D4'},{'D7'},&,3.0,&
{'R3'},{'R1'},{'R2'},{'D1'},{'D5'},{'D6'},{'D3'},{'D2'},{'D4'},{'D7'},&,1.0,&
{'R3'},{'R1'},{'R2'},{'D1'},{'D4'},{'D5'},{'D2'},{'D3'},{'D6'},{'D7'},&,2.0,&
{'R3'},{'R1'},{'R2'},{'D1'},{'D4'},{'D5'},{'D6'},{'D3'},{'D2'},{'D7'},&,1.0,&
{'R3'},{'R1'},{'R2'},{'D1'},{'D4'},{'D5'},{'D3'},{'D2'},{'D6'},{'D7'},&,2.0,&
{'R3'},{'R1'},{'R2'},{'D1'},{'D4'},{'D5'},{'D3'},{'D6'},{'D2'},{'D7'},&,1.0,&
{'R3'},{'R1'},{'R2'},{'D1'},{'D4'},{'D3'},{'D2'},{'D5'},{'D6'},{'D7'},&,1.0,&
{'R3'},{'R1'},{'R2'},{'D1'},{'D4'},{'D3'},{'D5'},{'D2'},{'D6'},{'D7'},&,5.0,&
{'R3'},{'R1'},{'R2'},{'D1'},{'D4'},{'D3'},{'D5'},{'D6'},{'D2'},{'D7'},&,1.0,&
{'R3'},{'R1'},{'R2'},{'D1'},{'D4'},{'D2'},{'D5'},{'D3'},{'D6'},{'D7'},&,1.0,&
{'R3'},{'R1'},{'R2'},{'D1'},{'D2'},{'D5'},{'D4'},{'D3'},{'D6'},{'D7'},&,3.0,&
{'R3'},{'R1'},{'R2'},{'D1'},{'D2'},{'D5'},{'D3'},{'D4'},{'D6'},{'D7'},&,4.0,&
{'R3'},{'R1'},{'R2'},{'D1'},{'D2'},{'D5'},{'D3'},{'D6'},{'D4'},{'D7'},&,1.0,&
{'R3'},{'R1'},{'R2'},{'D1'},{'D2'},{'D4'},{'D5'},{'D3'},{'D6'},{'D7'},&,2.0,&
{'R3'},{'R1'},{'R2'},{'D1'},{'D2'},{'D4'},{'D3'},{'D5'},{'D6'},{'D7'},&,2.0,&
{'R3'},{'R1'},{'R2'},{'D1'},{'D2'},{'D3'},{'D5'},{'D4'},{'D6'},{'D7'},&,9.0,&
{'R3'},{'R1'},{'R2'},{'D1'},{'D2'},{'D3'},{'D5'},{'D6'},{'D4'},{'D7'},&,3.0,&
{'R3'},{'R1'},{'R2'},{'D1'},{'D6'},{'D5'},{'D3'},{'D2'},{'D4'},{'D7'},&,1.0,&
{'R3'},{'R1'},{'R2'},{'D5'},{'D3'},{'D4'},{'D2'},{'D1'},{'D6'},{'D7'},&,6.0,&
{'R3'},{'R1'},{'R2'},{'D5'},{'D3'},{'D4'},{'D1'},{'D2'},{'D6'},{'D7'},&,9.0,&
{'R3'},{'R1'},{'R2'},{'D5'},{'D3'},{'D4'},{'D1'},{'D6'},{'D2'},{'D7'},&,2.0,&
{'R3'},{'R1'},{'R2'},{'D5'},{'D3'},{'D1'},{'D2'},{'D4'},{'D6'},{'D7'},&,26.0,&
{'R3'},{'R1'},{'R2'},{'D5'},{'D3'},{'D1'},{'D2'},{'D4'},{'D7'},{'D6'},&,2.0,&
{'R3'},{'R1'},{'R2'},{'D5'},{'D3'},{'D1'},{'D2'},{'D6'},{'D4'},{'D7'},&,4.0,&
{'R3'},{'R1'},{'R2'},{'D5'},{'D3'},{'D1'},{'D4'},{'D2'},{'D6'},{'D7'},&,21.0,&
{'R3'},{'R1'},{'R2'},{'D5'},{'D3'},{'D1'},{'D4'},{'D6'},{'D2'},{'D7'},&,4.0,&
{'R3'},{'R1'},{'R2'},{'D5'},{'D3'},{'D2'},{'D1'},{'D4'},{'D6'},{'D7'},&,10.0,&
{'R3'},{'R1'},{'R2'},{'D5'},{'D3'},{'D2'},{'D1'},{'D6'},{'D4'},{'D7'},&,1.0,&
{'R3'},{'R1'},{'R2'},{'D5'},{'D3'},{'D2'},{'D4'},{'D1'},{'D6'},{'D7'},&,7.0,&
{'R3'},{'R1'},{'R2'},{'D5'},{'D3'},{'D6'},{'D1'},{'D2'},{'D4'},{'D7'},&,3.0,&
{'R3'},{'R1'},{'R2'},{'D5'},{'D1'},{'D4'},{'D2'},{'D3'},{'D6'},{'D7'},&,1.0,&
{'R3'},{'R1'},{'R2'},{'D5'},{'D1'},{'D4'},{'D3'},{'D2'},{'D6'},{'D7'},&,2.0,&
{'R3'},{'R1'},{'R2'},{'D5'},{'D1'},{'D3'},{'D2'},{'D4'},{'D6'},{'D7'},&,24.0,&
{'R3'},{'R1'},{'R2'},{'D5'},{'D1'},{'D3'},{'D2'},{'D6'},{'D4'},{'D7'},&,1.0,&
{'R3'},{'R1'},{'R2'},{'D5'},{'D1'},{'D3'},{'D6'},{'D2'},{'D4'},{'D7'},&,4.0,&
{'R3'},{'R1'},{'R2'},{'D5'},{'D1'},{'D3'},{'D6'},{'D4'},{'D2'},{'D7'},&,2.0,&
{'R3'},{'R1'},{'R2'},{'D5'},{'D1'},{'D3'},{'D4'},{'D2'},{'D6'},{'D7'},&,17.0,&
{'R3'},{'R1'},{'R2'},{'D5'},{'D1'},{'D3'},{'D4'},{'D6'},{'D2'},{'D7'},&,2.0,&
{'R3'},{'R1'},{'R2'},{'D5'},{'D1'},{'D2'},{'D4'},{'D3'},{'D6'},{'D7'},&,3.0,&
{'R3'},{'R1'},{'R2'},{'D5'},{'D1'},{'D2'},{'D3'},{'D4'},{'D6'},{'D7'},&,9.0,&
{'R3'},{'R1'},{'R2'},{'D5'},{'D1'},{'D2'},{'D3'},{'D6'},{'D4'},{'D7'},&,1.0,&
{'R3'},{'R1'},{'R2'},{'D5'},{'D1'},{'D6'},{'D4'},{'D3'},{'D2'},{'D7'},&,1.0,&
{'R3'},{'R1'},{'R2'},{'D5'},{'D1'},{'D6'},{'D3'},{'D2'},{'D4'},{'D7'},&,1.0,&
{'R3'},{'R1'},{'R2'},{'D5'},{'D1'},{'D6'},{'D3'},{'D4'},{'D2'},{'D7'},&,1.0,&
{'R3'},{'R1'},{'R2'},{'D5'},{'D4'},{'D1'},{'D3'},{'D2'},{'D6'},{'D7'},&,4.0,&
{'R3'},{'R1'},{'R2'},{'D5'},{'D4'},{'D3'},{'D2'},{'D1'},{'D6'},{'D7'},&,4.0,&
{'R3'},{'R1'},{'R2'},{'D5'},{'D4'},{'D3'},{'D1'},{'D2'},{'D6'},{'D7'},&,5.0,&
{'R3'},{'R1'},{'R2'},{'D5'},{'D4'},{'D3'},{'D6'},{'D1'},{'D2'},{'D7'},&,1.0,&
{'R3'},{'R1'},{'R2'},{'D5'},{'D4'},{'D2'},{'D1'},{'D3'},{'D6'},{'D7'},&,1.0,&
{'R3'},{'R1'},{'R2'},{'D5'},{'D4'},{'D2'},{'D1'},{'D3'},{'D7'},{'D6'},&,1.0,&
{'R3'},{'R1'},{'R2'},{'D5'},{'D4'},{'D2'},{'D3'},{'D1'},{'D6'},{'D7'},&,2.0,&
{'R3'},{'R1'},{'R2'},{'D5'},{'D2'},{'D4'},{'D3'},{'D1'},{'D6'},{'D7'},&,1.0,&
{'R3'},{'R1'},{'R2'},{'D5'},{'D2'},{'D1'},{'D3'},{'D4'},{'D6'},{'D7'},&,4.0,&
{'R3'},{'R1'},{'R2'},{'D5'},{'D2'},{'D1'},{'D3'},{'D6'},{'D4'},{'D7'},&,1.0,&
{'R3'},{'R1'},{'R2'},{'D5'},{'D2'},{'D3'},{'D1'},{'D4'},{'D6'},{'D7'},&,13.0,&
{'R3'},{'R1'},{'R2'},{'D5'},{'D2'},{'D3'},{'D1'},{'D4'},{'D7'},{'D6'},&,1.0,&
{'R3'},{'R1'},{'R2'},{'D5'},{'D2'},{'D3'},{'D1'},{'D6'},{'D4'},{'D7'},&,1.0,&
{'R3'},{'R1'},{'R2'},{'D5'},{'D2'},{'D3'},{'D4'},{'D1'},{'D6'},{'D7'},&,4.0,&
{'R3'},{'R1'},{'R2'},{'D5'},{'D2'},{'D3'},{'D4'},{'D6'},{'D1'},{'D7'},&,1.0,&
{'R3'},{'R1'},{'R2'},{'D5'},{'D6'},{'D1'},{'D3'},{'D4'},{'D2'},{'D7'},&,1.0,&
{'R3'},{'R1'},{'R2'},{'D5'},{'D6'},{'D3'},{'D1'},{'D2'},{'D4'},{'D7'},&,1.0,&
{'R3'},{'R1'},{'R2'},{'D5'},{'D6'},{'D3'},{'D4'},{'D2'},{'D1'},{'D7'},&,1.0,&
{'R3'},{'R1'},{'R2'},{'D4'},{'D3'},{'D5'},{'D2'},{'D1'},{'D6'},{'D7'},&,2.0,&
{'R3'},{'R1'},{'R2'},{'D4'},{'D3'},{'D5'},{'D1'},{'D2'},{'D6'},{'D7'},&,4.0,&
{'R3'},{'R1'},{'R2'},{'D4'},{'D3'},{'D1'},{'D2'},{'D5'},{'D6'},{'D7'},&,2.0,&
{'R3'},{'R1'},{'R2'},{'D4'},{'D3'},{'D1'},{'D5'},{'D2'},{'D6'},{'D7'},&,4.0,&
{'R3'},{'R1'},{'R2'},{'D4'},{'D3'},{'D1'},{'D5'},{'D6'},{'D2'},{'D7'},&,1.0,&
{'R3'},{'R1'},{'R2'},{'D4'},{'D3'},{'D2'},{'D1'},{'D5'},{'D6'},{'D7'},&,1.0,&
{'R3'},{'R1'},{'R2'},{'D4'},{'D1'},{'D5'},{'D2'},{'D3'},{'D6'},{'D7'},&,1.0,&
{'R3'},{'R1'},{'R2'},{'D4'},{'D1'},{'D5'},{'D3'},{'D2'},{'D6'},{'D7'},&,4.0,&
{'R3'},{'R1'},{'R2'},{'D4'},{'D1'},{'D3'},{'D2'},{'D5'},{'D6'},{'D7'},&,1.0,&
{'R3'},{'R1'},{'R2'},{'D4'},{'D1'},{'D3'},{'D5'},{'D2'},{'D6'},{'D7'},&,5.0,&
{'R3'},{'R1'},{'R2'},{'D4'},{'D1'},{'D3'},{'D5'},{'D6'},{'D2'},{'D7'},&,3.0,&
{'R3'},{'R1'},{'R2'},{'D4'},{'D1'},{'D2'},{'D5'},{'D3'},{'D6'},{'D7'},&,2.0,&
{'R3'},{'R1'},{'R2'},{'D4'},{'D5'},{'D1'},{'D2'},{'D3'},{'D6'},{'D7'},&,1.0,&
{'R3'},{'R1'},{'R2'},{'D4'},{'D5'},{'D1'},{'D3'},{'D2'},{'D6'},{'D7'},&,6.0,&
{'R3'},{'R1'},{'R2'},{'D4'},{'D5'},{'D3'},{'D2'},{'D1'},{'D6'},{'D7'},&,3.0,&
{'R3'},{'R1'},{'R2'},{'D4'},{'D5'},{'D3'},{'D1'},{'D2'},{'D6'},{'D7'},&,5.0,&
{'R3'},{'R1'},{'R2'},{'D4'},{'D5'},{'D2'},{'D1'},{'D3'},{'D6'},{'D7'},&,1.0,&
{'R3'},{'R1'},{'R2'},{'D4'},{'D5'},{'D2'},{'D3'},{'D1'},{'D6'},{'D7'},&,2.0,&
{'R3'},{'R1'},{'R2'},{'D4'},{'D2'},{'D1'},{'D3'},{'D5'},{'D6'},{'D7'},&,2.0,&
{'R3'},{'R1'},{'R2'},{'D4'},{'D2'},{'D3'},{'D5'},{'D1'},{'D6'},{'D7'},&,1.0,&
{'R3'},{'R1'},{'R2'},{'D6'},{'D3'},{'D1'},{'D5'},{'D2'},{'D4'},{'D7'},&,1.0,&
{'R3'},{'R1'},{'R2'},{'D6'},{'D5'},{'D3'},{'D1'},{'D2'},{'D4'},{'D7'},&,1.0,&
{'R3'},{'R1'},{'R2'},{'D6'},{'D5'},{'D3'},{'D1'},{'D4'},{'D2'},{'D7'},&,1.0,&
{'R3'},{'R1'},{'R2'},{'D3'},{'D1'},{'D5'},{'D2'},{'D4'},{'D6'},{'D7'},&,29.0,&
{'R3'},{'R1'},{'R2'},{'D3'},{'D1'},{'D5'},{'D2'},{'D6'},{'D4'},{'D7'},&,6.0,&
{'R3'},{'R1'},{'R2'},{'D3'},{'D1'},{'D5'},{'D6'},{'D2'},{'D4'},{'D7'},&,1.0,&
{'R3'},{'R1'},{'R2'},{'D3'},{'D1'},{'D5'},{'D4'},{'D2'},{'D6'},{'D7'},&,17.0,&
{'R3'},{'R1'},{'R2'},{'D3'},{'D1'},{'D4'},{'D2'},{'D5'},{'D6'},{'D7'},&,6.0,&
{'R3'},{'R1'},{'R2'},{'D3'},{'D1'},{'D4'},{'D5'},{'D2'},{'D6'},{'D7'},&,7.0,&
{'R3'},{'R1'},{'R2'},{'D3'},{'D1'},{'D4'},{'D5'},{'D6'},{'D2'},{'D7'},&,1.0,&
{'R3'},{'R1'},{'R2'},{'D3'},{'D1'},{'D4'},{'D6'},{'D2'},{'D5'},{'D7'},&,1.0,&
{'R3'},{'R1'},{'R2'},{'D3'},{'D1'},{'D2'},{'D5'},{'D4'},{'D6'},{'D7'},&,16.0,&
{'R3'},{'R1'},{'R2'},{'D3'},{'D1'},{'D2'},{'D5'},{'D6'},{'D4'},{'D7'},&,2.0,&
{'R3'},{'R1'},{'R2'},{'D3'},{'D1'},{'D2'},{'D4'},{'D5'},{'D6'},{'D7'},&,4.0,&
{'R3'},{'R1'},{'R2'},{'D3'},{'D1'},{'D2'},{'D4'},{'D6'},{'D5'},{'D7'},&,1.0,&
{'R3'},{'R1'},{'R2'},{'D3'},{'D1'},{'D6'},{'D5'},{'D4'},{'D2'},{'D7'},&,2.0,&
{'R3'},{'R1'},{'R2'},{'D3'},{'D1'},{'D6'},{'D4'},{'D5'},{'D2'},{'D7'},&,1.0,&
{'R3'},{'R1'},{'R2'},{'D3'},{'D5'},{'D4'},{'D2'},{'D1'},{'D6'},{'D7'},&,6.0,&
{'R3'},{'R1'},{'R2'},{'D3'},{'D5'},{'D4'},{'D1'},{'D2'},{'D6'},{'D7'},&,13.0,&
{'R3'},{'R1'},{'R2'},{'D3'},{'D5'},{'D4'},{'D1'},{'D6'},{'D2'},{'D7'},&,3.0,&
{'R3'},{'R1'},{'R2'},{'D3'},{'D5'},{'D1'},{'D2'},{'D4'},{'D6'},{'D7'},&,33.0,&
{'R3'},{'R1'},{'R2'},{'D3'},{'D5'},{'D1'},{'D2'},{'D6'},{'D4'},{'D7'},&,8.0,&
{'R3'},{'R1'},{'R2'},{'D3'},{'D5'},{'D1'},{'D6'},{'D2'},{'D4'},{'D7'},&,1.0,&
{'R3'},{'R1'},{'R2'},{'D3'},{'D5'},{'D1'},{'D6'},{'D4'},{'D2'},{'D7'},&,1.0,&
{'R3'},{'R1'},{'R2'},{'D3'},{'D5'},{'D1'},{'D4'},{'D2'},{'D6'},{'D7'},&,21.0,&
{'R3'},{'R1'},{'R2'},{'D3'},{'D5'},{'D1'},{'D4'},{'D2'},{'D7'},{'D6'},&,2.0,&
{'R3'},{'R1'},{'R2'},{'D3'},{'D5'},{'D1'},{'D4'},{'D6'},{'D2'},{'D7'},&,3.0,&
{'R3'},{'R1'},{'R2'},{'D3'},{'D5'},{'D1'},{'D7'},{'D4'},{'D2'},{'D6'},&,1.0,&
{'R3'},{'R1'},{'R2'},{'D3'},{'D5'},{'D2'},{'D1'},{'D4'},{'D6'},{'D7'},&,15.0,&
{'R3'},{'R1'},{'R2'},{'D3'},{'D5'},{'D2'},{'D1'},{'D6'},{'D4'},{'D7'},&,4.0,&
{'R3'},{'R1'},{'R2'},{'D3'},{'D5'},{'D2'},{'D6'},{'D1'},{'D4'},{'D7'},&,1.0,&
{'R3'},{'R1'},{'R2'},{'D3'},{'D5'},{'D2'},{'D4'},{'D1'},{'D6'},{'D7'},&,6.0,&
{'R3'},{'R1'},{'R2'},{'D3'},{'D5'},{'D6'},{'D2'},{'D1'},{'D4'},{'D7'},&,1.0,&
{'R3'},{'R1'},{'R2'},{'D3'},{'D5'},{'D6'},{'D1'},{'D2'},{'D4'},{'D7'},&,1.0,&
{'R3'},{'R1'},{'R2'},{'D3'},{'D5'},{'D6'},{'D4'},{'D1'},{'D2'},{'D7'},&,2.0,&
{'R3'},{'R1'},{'R2'},{'D3'},{'D4'},{'D5'},{'D2'},{'D1'},{'D6'},{'D7'},&,3.0,&
{'R3'},{'R1'},{'R2'},{'D3'},{'D4'},{'D5'},{'D2'},{'D6'},{'D1'},{'D7'},&,1.0,&
{'R3'},{'R1'},{'R2'},{'D3'},{'D4'},{'D5'},{'D1'},{'D2'},{'D6'},{'D7'},&,7.0,&
{'R3'},{'R1'},{'R2'},{'D3'},{'D4'},{'D1'},{'D2'},{'D5'},{'D6'},{'D7'},&,2.0,&
{'R3'},{'R1'},{'R2'},{'D3'},{'D4'},{'D1'},{'D5'},{'D2'},{'D6'},{'D7'},&,7.0,&
{'R3'},{'R1'},{'R2'},{'D3'},{'D4'},{'D1'},{'D5'},{'D6'},{'D2'},{'D7'},&,1.0,&
{'R3'},{'R1'},{'R2'},{'D3'},{'D4'},{'D2'},{'D5'},{'D1'},{'D6'},{'D7'},&,3.0,&
{'R3'},{'R1'},{'R2'},{'D3'},{'D4'},{'D2'},{'D1'},{'D5'},{'D6'},{'D7'},&,2.0,&
{'R3'},{'R1'},{'R2'},{'D3'},{'D2'},{'D5'},{'D1'},{'D4'},{'D6'},{'D7'},&,11.0,&
{'R3'},{'R1'},{'R2'},{'D3'},{'D2'},{'D5'},{'D1'},{'D7'},{'D4'},{'D6'},&,1.0,&
{'R3'},{'R1'},{'R2'},{'D3'},{'D2'},{'D5'},{'D6'},{'D1'},{'D4'},{'D7'},&,1.0,&
{'R3'},{'R1'},{'R2'},{'D3'},{'D2'},{'D5'},{'D4'},{'D1'},{'D6'},{'D7'},&,1.0,&
{'R3'},{'R1'},{'R2'},{'D3'},{'D2'},{'D4'},{'D5'},{'D1'},{'D6'},{'D7'},&,3.0,&
{'R3'},{'R1'},{'R2'},{'D3'},{'D2'},{'D1'},{'D5'},{'D4'},{'D6'},{'D7'},&,8.0,&
{'R3'},{'R1'},{'R2'},{'D3'},{'D2'},{'D1'},{'D5'},{'D6'},{'D4'},{'D7'},&,2.0,&
{'R3'},{'R1'},{'R2'},{'D3'},{'D2'},{'D1'},{'D6'},{'D5'},{'D4'},{'D7'},&,2.0,&
{'R3'},{'R1'},{'R2'},{'D3'},{'D2'},{'D1'},{'D4'},{'D5'},{'D6'},{'D7'},&,4.0,&
{'R3'},{'R1'},{'R2'},{'D3'},{'D2'},{'D6'},{'D5'},{'D4'},{'D1'},{'D7'},&,1.0,&
{'R3'},{'R1'},{'R2'},{'D3'},{'D2'},{'D6'},{'D5'},{'D1'},{'D4'},{'D7'},&,1.0,&
{'R3'},{'R1'},{'R2'},{'D3'},{'D6'},{'D5'},{'D2'},{'D1'},{'D4'},{'D7'},&,1.0,&
{'R3'},{'R1'},{'R2'},{'D3'},{'D6'},{'D5'},{'D1'},{'D2'},{'D4'},{'D7'},&,1.0,&
{'R3'},{'R1'},{'R2'},{'D3'},{'D6'},{'D1'},{'D5'},{'D2'},{'D4'},{'D7'},&,2.0,&
{'R3'},{'R1'},{'R2'},{'D3'},{'D6'},{'D1'},{'D5'},{'D4'},{'D2'},{'D7'},&,1.0,&
{'R3'},{'R1'},{'R2'},{'D3'},{'D6'},{'D2'},{'D5'},{'D1'},{'D4'},{'D7'},&,1.0,&
{'R3'},{'R1'},{'R2'},{'D3'},{'D6'},{'D2'},{'D1'},{'D5'},{'D4'},{'D7'},&,1.0,&
{'R3'},{'R1'},{'R2'},{'D2'},{'D3'},{'D5'},{'D1'},{'D4'},{'D6'},{'D7'},&,8.0,&
{'R3'},{'R1'},{'R2'},{'D2'},{'D3'},{'D5'},{'D4'},{'D1'},{'D6'},{'D7'},&,3.0,&
{'R3'},{'R1'},{'R2'},{'D2'},{'D3'},{'D4'},{'D5'},{'D1'},{'D6'},{'D7'},&,1.0,&
{'R3'},{'R1'},{'R2'},{'D2'},{'D3'},{'D4'},{'D1'},{'D5'},{'D6'},{'D7'},&,2.0,&
{'R3'},{'R1'},{'R2'},{'D2'},{'D3'},{'D1'},{'D5'},{'D4'},{'D6'},{'D7'},&,11.0,&
{'R3'},{'R1'},{'R2'},{'D2'},{'D3'},{'D1'},{'D5'},{'D6'},{'D4'},{'D7'},&,1.0,&
{'R3'},{'R1'},{'R2'},{'D2'},{'D3'},{'D1'},{'D4'},{'D5'},{'D6'},{'D7'},&,4.0,&
{'R3'},{'R1'},{'R2'},{'D2'},{'D1'},{'D5'},{'D4'},{'D3'},{'D6'},{'D7'},&,1.0,&
{'R3'},{'R1'},{'R2'},{'D2'},{'D1'},{'D5'},{'D3'},{'D4'},{'D6'},{'D7'},&,5.0,&
{'R3'},{'R1'},{'R2'},{'D2'},{'D1'},{'D4'},{'D5'},{'D3'},{'D6'},{'D7'},&,1.0,&
{'R3'},{'R1'},{'R2'},{'D2'},{'D1'},{'D4'},{'D3'},{'D5'},{'D6'},{'D7'},&,1.0,&
{'R3'},{'R1'},{'R2'},{'D2'},{'D1'},{'D3'},{'D5'},{'D4'},{'D6'},{'D7'},&,6.0,&
{'R3'},{'R1'},{'R2'},{'D2'},{'D1'},{'D3'},{'D5'},{'D6'},{'D4'},{'D7'},&,2.0,&
{'R3'},{'R1'},{'R2'},{'D2'},{'D1'},{'D3'},{'D4'},{'D5'},{'D6'},{'D7'},&,2.0,&
{'R3'},{'R1'},{'R2'},{'D2'},{'D1'},{'D6'},{'D5'},{'D3'},{'D4'},{'D7'},&,1.0,&
{'R3'},{'R1'},{'R2'},{'D2'},{'D5'},{'D4'},{'D3'},{'D1'},{'D6'},{'D7'},&,2.0,&
{'R3'},{'R1'},{'R2'},{'D2'},{'D5'},{'D1'},{'D3'},{'D4'},{'D6'},{'D7'},&,4.0,&
{'R3'},{'R1'},{'R2'},{'D2'},{'D5'},{'D1'},{'D3'},{'D6'},{'D4'},{'D7'},&,1.0,&
{'R3'},{'R1'},{'R2'},{'D2'},{'D5'},{'D3'},{'D1'},{'D4'},{'D6'},{'D7'},&,6.0,&
{'R3'},{'R1'},{'R2'},{'D2'},{'D5'},{'D3'},{'D1'},{'D6'},{'D4'},{'D7'},&,1.0,&
{'R3'},{'R1'},{'R2'},{'D2'},{'D5'},{'D3'},{'D4'},{'D1'},{'D6'},{'D7'},&,1.0,&
{'R3'},{'R1'},{'R2'},{'D2'},{'D5'},{'D6'},{'D3'},{'D4'},{'D1'},{'D7'},&,1.0,&
{'R3'},{'R1'},{'R2'},{'D2'},{'D4'},{'D5'},{'D3'},{'D1'},{'D6'},{'D7'},&,1.0,&
{'R3'},{'R1'},{'R2'},{'D2'},{'D4'},{'D1'},{'D5'},{'D3'},{'D6'},{'D7'},&,1.0,&
{'R3'},{'R1'},{'R2'},{'D2'},{'D4'},{'D1'},{'D3'},{'D5'},{'D6'},{'D7'},&,1.0,&
{'R3'},{'R1'},{'R2'},{'D2'},{'D4'},{'D3'},{'D5'},{'D1'},{'D6'},{'D7'},&,4.0,&
{'R3'},{'R1'},{'R2'},{'D2'},{'D4'},{'D3'},{'D1'},{'D5'},{'D6'},{'D7'},&,1.0,&
{'R3'},{'R1'},{'R2'},{'D2'},{'D6'},{'D5'},{'D3'},{'D4'},{'D1'},{'D7'},&,1.0,&
{'R3'},{'R2'},{'D4'},{'D1'},{'D5'},{'R1'},{'D3'},{'D2'},{'D6'},{'D7'},&,1.0,&
{'R3'},{'R2'},{'D4'},{'D1'},{'R1'},{'D3'},{'D5'},{'D2'},{'D6'},{'D7'},&,1.0,&
{'R3'},{'R2'},{'D4'},{'D5'},{'R1'},{'D1'},{'D3'},{'D2'},{'D6'},{'D7'},&,1.0,&
{'R3'},{'R2'},{'D4'},{'D5'},{'R1'},{'D3'},{'D1'},{'D2'},{'D6'},{'D7'},&,1.0,&
{'R3'},{'R2'},{'D4'},{'D5'},{'R1'},{'D2'},{'D1'},{'D3'},{'D6'},{'D7'},&,1.0,&
{'R3'},{'R2'},{'D4'},{'D3'},{'R1'},{'D1'},{'D5'},{'D2'},{'D6'},{'D7'},&,1.0,&
{'R3'},{'R2'},{'D4'},{'D3'},{'R1'},{'D2'},{'D5'},{'D1'},{'D6'},{'D7'},&,2.0,&
{'R3'},{'R2'},{'D4'},{'D2'},{'R1'},{'D3'},{'D1'},{'D5'},{'D6'},{'D7'},&,1.0,&
{'R3'},{'R2'},{'D4'},{'R1'},{'D3'},{'D5'},{'D2'},{'D1'},{'D6'},{'D7'},&,3.0,&
{'R3'},{'R2'},{'D4'},{'R1'},{'D3'},{'D5'},{'D1'},{'D2'},{'D6'},{'D7'},&,1.0,&
{'R3'},{'R2'},{'D4'},{'R1'},{'D3'},{'D5'},{'D1'},{'D6'},{'D2'},{'D7'},&,1.0,&
{'R3'},{'R2'},{'D4'},{'R1'},{'D3'},{'D1'},{'D5'},{'D2'},{'D6'},{'D7'},&,2.0,&
{'R3'},{'R2'},{'D4'},{'R1'},{'D3'},{'D2'},{'D5'},{'D1'},{'D6'},{'D7'},&,1.0,&
{'R3'},{'R2'},{'D4'},{'R1'},{'D1'},{'D5'},{'D2'},{'D3'},{'D6'},{'D7'},&,2.0,&
{'R3'},{'R2'},{'D4'},{'R1'},{'D1'},{'D5'},{'D3'},{'D2'},{'D6'},{'D7'},&,1.0,&
{'R3'},{'R2'},{'D4'},{'R1'},{'D1'},{'D3'},{'D2'},{'D5'},{'D6'},{'D7'},&,1.0,&
{'R3'},{'R2'},{'D4'},{'R1'},{'D1'},{'D3'},{'D5'},{'D2'},{'D6'},{'D7'},&,6.0,&
{'R3'},{'R2'},{'D4'},{'R1'},{'D1'},{'D3'},{'D5'},{'D6'},{'D2'},{'D7'},&,1.0,&
{'R3'},{'R2'},{'D4'},{'R1'},{'D1'},{'D2'},{'D3'},{'D5'},{'D6'},{'D7'},&,2.0,&
{'R3'},{'R2'},{'D4'},{'R1'},{'D5'},{'D1'},{'D6'},{'D3'},{'D2'},{'D7'},&,1.0,&
{'R3'},{'R2'},{'D4'},{'R1'},{'D5'},{'D3'},{'D2'},{'D1'},{'D6'},{'D7'},&,2.0,&
{'R3'},{'R2'},{'D4'},{'R1'},{'D5'},{'D3'},{'D1'},{'D2'},{'D6'},{'D7'},&,6.0,&
{'R3'},{'R2'},{'D4'},{'R1'},{'D5'},{'D2'},{'D3'},{'D1'},{'D6'},{'D7'},&,1.0,&
{'R3'},{'R2'},{'D4'},{'R1'},{'D2'},{'D5'},{'D3'},{'D1'},{'D6'},{'D7'},&,1.0,&
{'R3'},{'R2'},{'D3'},{'D1'},{'D5'},{'D2'},{'R1'},{'D4'},{'D6'},{'D7'},&,1.0,&
{'R3'},{'R2'},{'D3'},{'D1'},{'D2'},{'D5'},{'R1'},{'D4'},{'D6'},{'D7'},&,1.0,&
{'R3'},{'R2'},{'D3'},{'D1'},{'R1'},{'D5'},{'D2'},{'D4'},{'D6'},{'D7'},&,5.0,&
{'R3'},{'R2'},{'D3'},{'D1'},{'R1'},{'D5'},{'D2'},{'D6'},{'D4'},{'D7'},&,1.0,&
{'R3'},{'R2'},{'D3'},{'D1'},{'R1'},{'D5'},{'D4'},{'D2'},{'D6'},{'D7'},&,2.0,&
{'R3'},{'R2'},{'D3'},{'D1'},{'R1'},{'D4'},{'D5'},{'D2'},{'D6'},{'D7'},&,1.0,&
{'R3'},{'R2'},{'D3'},{'D1'},{'R1'},{'D2'},{'D5'},{'D4'},{'D6'},{'D7'},&,2.0,&
{'R3'},{'R2'},{'D3'},{'D1'},{'R1'},{'D2'},{'D5'},{'D4'},{'D7'},{'D6'},&,1.0,&
{'R3'},{'R2'},{'D3'},{'D1'},{'R1'},{'D2'},{'D5'},{'D6'},{'D4'},{'D7'},&,1.0,&
{'R3'},{'R2'},{'D3'},{'D1'},{'R1'},{'D2'},{'D4'},{'D5'},{'D6'},{'D7'},&,1.0,&
{'R3'},{'R2'},{'D3'},{'D1'},{'R1'},{'D6'},{'D5'},{'D4'},{'D2'},{'D7'},&,1.0,&
{'R3'},{'R2'},{'D3'},{'D5'},{'D1'},{'R1'},{'D2'},{'D6'},{'D4'},{'D7'},&,1.0,&
{'R3'},{'R2'},{'D3'},{'D5'},{'D4'},{'R1'},{'D2'},{'D1'},{'D6'},{'D7'},&,1.0,&
{'R3'},{'R2'},{'D3'},{'D5'},{'D2'},{'R1'},{'D4'},{'D1'},{'D6'},{'D7'},&,1.0,&
{'R3'},{'R2'},{'D3'},{'D5'},{'R1'},{'D4'},{'D1'},{'D2'},{'D6'},{'D7'},&,2.0,&
{'R3'},{'R2'},{'D3'},{'D5'},{'R1'},{'D1'},{'D2'},{'D4'},{'D6'},{'D7'},&,4.0,&
{'R3'},{'R2'},{'D3'},{'D5'},{'R1'},{'D1'},{'D4'},{'D2'},{'D6'},{'D7'},&,1.0,&
{'R3'},{'R2'},{'D3'},{'D5'},{'R1'},{'D2'},{'D1'},{'D4'},{'D6'},{'D7'},&,4.0,&
{'R3'},{'R2'},{'D3'},{'D5'},{'R1'},{'D6'},{'D1'},{'D2'},{'D4'},{'D7'},&,1.0,&
{'R3'},{'R2'},{'D3'},{'D4'},{'D1'},{'R1'},{'D5'},{'D6'},{'D2'},{'D7'},&,1.0,&
{'R3'},{'R2'},{'D3'},{'D4'},{'R1'},{'D5'},{'D1'},{'D2'},{'D6'},{'D7'},&,1.0,&
{'R3'},{'R2'},{'D3'},{'D2'},{'D1'},{'R1'},{'D5'},{'D4'},{'D6'},{'D7'},&,1.0,&
{'R3'},{'R2'},{'D3'},{'D2'},{'D1'},{'R1'},{'D5'},{'D6'},{'D4'},{'D7'},&,1.0,&
{'R3'},{'R2'},{'D3'},{'D2'},{'D5'},{'R1'},{'D1'},{'D4'},{'D6'},{'D7'},&,3.0,&
{'R3'},{'R2'},{'D3'},{'D2'},{'R1'},{'D5'},{'D1'},{'D4'},{'D6'},{'D7'},&,1.0,&
{'R3'},{'R2'},{'D3'},{'D2'},{'R1'},{'D5'},{'D4'},{'D1'},{'D6'},{'D7'},&,1.0,&
{'R3'},{'R2'},{'D3'},{'D2'},{'R1'},{'D1'},{'D5'},{'D4'},{'D7'},{'D6'},&,1.0,&
{'R3'},{'R2'},{'D3'},{'D2'},{'R1'},{'D6'},{'D1'},{'D5'},{'D4'},{'D7'},&,1.0,&
{'R3'},{'R2'},{'D3'},{'R1'},{'D1'},{'D5'},{'D2'},{'D4'},{'D6'},{'D7'},&,18.0,&
{'R3'},{'R2'},{'D3'},{'R1'},{'D1'},{'D5'},{'D2'},{'D6'},{'D4'},{'D7'},&,2.0,&
{'R3'},{'R2'},{'D3'},{'R1'},{'D1'},{'D5'},{'D6'},{'D2'},{'D4'},{'D7'},&,3.0,&
{'R3'},{'R2'},{'D3'},{'R1'},{'D1'},{'D5'},{'D6'},{'D4'},{'D2'},{'D7'},&,1.0,&
{'R3'},{'R2'},{'D3'},{'R1'},{'D1'},{'D5'},{'D4'},{'D2'},{'D6'},{'D7'},&,14.0,&
{'R3'},{'R2'},{'D3'},{'R1'},{'D1'},{'D4'},{'D2'},{'D5'},{'D6'},{'D7'},&,4.0,&
{'R3'},{'R2'},{'D3'},{'R1'},{'D1'},{'D4'},{'D5'},{'D2'},{'D6'},{'D7'},&,5.0,&
{'R3'},{'R2'},{'D3'},{'R1'},{'D1'},{'D2'},{'D5'},{'D4'},{'D6'},{'D7'},&,7.0,&
{'R3'},{'R2'},{'D3'},{'R1'},{'D1'},{'D2'},{'D5'},{'D6'},{'D4'},{'D7'},&,4.0,&
{'R3'},{'R2'},{'D3'},{'R1'},{'D1'},{'D2'},{'D4'},{'D5'},{'D6'},{'D7'},&,2.0,&
{'R3'},{'R2'},{'D3'},{'R1'},{'D1'},{'D2'},{'D4'},{'D6'},{'D5'},{'D7'},&,1.0,&
{'R3'},{'R2'},{'D3'},{'R1'},{'D1'},{'D6'},{'D5'},{'D2'},{'D4'},{'D7'},&,1.0,&
{'R3'},{'R2'},{'D3'},{'R1'},{'D5'},{'D4'},{'D2'},{'D1'},{'D6'},{'D7'},&,1.0,&
{'R3'},{'R2'},{'D3'},{'R1'},{'D5'},{'D4'},{'D1'},{'D2'},{'D6'},{'D7'},&,6.0,&
{'R3'},{'R2'},{'D3'},{'R1'},{'D5'},{'D1'},{'D2'},{'D4'},{'D6'},{'D7'},&,21.0,&
{'R3'},{'R2'},{'D3'},{'R1'},{'D5'},{'D1'},{'D2'},{'D6'},{'D4'},{'D7'},&,2.0,&
{'R3'},{'R2'},{'D3'},{'R1'},{'D5'},{'D1'},{'D6'},{'D2'},{'D4'},{'D7'},&,1.0,&
{'R3'},{'R2'},{'D3'},{'R1'},{'D5'},{'D1'},{'D6'},{'D4'},{'D2'},{'D7'},&,1.0,&
{'R3'},{'R2'},{'D3'},{'R1'},{'D5'},{'D1'},{'D4'},{'D2'},{'D6'},{'D7'},&,9.0,&
{'R3'},{'R2'},{'D3'},{'R1'},{'D5'},{'D1'},{'D4'},{'D6'},{'D2'},{'D7'},&,4.0,&
{'R3'},{'R2'},{'D3'},{'R1'},{'D5'},{'D2'},{'D1'},{'D4'},{'D6'},{'D7'},&,7.0,&
{'R3'},{'R2'},{'D3'},{'R1'},{'D5'},{'D2'},{'D1'},{'D6'},{'D4'},{'D7'},&,1.0,&
{'R3'},{'R2'},{'D3'},{'R1'},{'D5'},{'D2'},{'D4'},{'D1'},{'D6'},{'D7'},&,3.0,&
{'R3'},{'R2'},{'D3'},{'R1'},{'D5'},{'D6'},{'D1'},{'D2'},{'D4'},{'D7'},&,2.0,&
{'R3'},{'R2'},{'D3'},{'R1'},{'D4'},{'D5'},{'D2'},{'D1'},{'D6'},{'D7'},&,4.0,&
{'R3'},{'R2'},{'D3'},{'R1'},{'D4'},{'D5'},{'D2'},{'D6'},{'D1'},{'D7'},&,1.0,&
{'R3'},{'R2'},{'D3'},{'R1'},{'D4'},{'D1'},{'D2'},{'D5'},{'D6'},{'D7'},&,1.0,&
{'R3'},{'R2'},{'D3'},{'R1'},{'D4'},{'D1'},{'D5'},{'D2'},{'D6'},{'D7'},&,7.0,&
{'R3'},{'R2'},{'D3'},{'R1'},{'D4'},{'D2'},{'D5'},{'D1'},{'D6'},{'D7'},&,1.0,&
{'R3'},{'R2'},{'D3'},{'R1'},{'D4'},{'D2'},{'D5'},{'D6'},{'D1'},{'D7'},&,1.0,&
{'R3'},{'R2'},{'D3'},{'R1'},{'D2'},{'D5'},{'D1'},{'D4'},{'D6'},{'D7'},&,8.0,&
{'R3'},{'R2'},{'D3'},{'R1'},{'D2'},{'D5'},{'D1'},{'D6'},{'D4'},{'D7'},&,2.0,&
{'R3'},{'R2'},{'D3'},{'R1'},{'D2'},{'D4'},{'D1'},{'D5'},{'D6'},{'D7'},&,1.0,&
{'R3'},{'R2'},{'D3'},{'R1'},{'D2'},{'D1'},{'D5'},{'D4'},{'D6'},{'D7'},&,7.0,&
{'R3'},{'R2'},{'D3'},{'R1'},{'D2'},{'D1'},{'D5'},{'D6'},{'D4'},{'D7'},&,1.0,&
{'R3'},{'R2'},{'D3'},{'R1'},{'D2'},{'D1'},{'D4'},{'D5'},{'D6'},{'D7'},&,1.0,&
{'R3'},{'R2'},{'D3'},{'R1'},{'D6'},{'D5'},{'D1'},{'D4'},{'D2'},{'D7'},&,1.0,&
{'R3'},{'R2'},{'D3'},{'R1'},{'D6'},{'D1'},{'D5'},{'D2'},{'D4'},{'D7'},&,1.0,&
{'R3'},{'R2'},{'D3'},{'R1'},{'D6'},{'D1'},{'D4'},{'D5'},{'D2'},{'D7'},&,1.0,&
{'R3'},{'R2'},{'D5'},{'D1'},{'D4'},{'R1'},{'D2'},{'D3'},{'D6'},{'D7'},&,1.0,&
{'R3'},{'R2'},{'D5'},{'D1'},{'D2'},{'D3'},{'R1'},{'D4'},{'D6'},{'D7'},&,1.0,&
{'R3'},{'R2'},{'D5'},{'D1'},{'R1'},{'D4'},{'D2'},{'D3'},{'D6'},{'D7'},&,1.0,&
{'R3'},{'R2'},{'D5'},{'D1'},{'R1'},{'D4'},{'D3'},{'D6'},{'D2'},{'D7'},&,1.0,&
{'R3'},{'R2'},{'D5'},{'D1'},{'R1'},{'D3'},{'D2'},{'D4'},{'D6'},{'D7'},&,3.0,&
{'R3'},{'R2'},{'D5'},{'D1'},{'R1'},{'D3'},{'D2'},{'D6'},{'D4'},{'D7'},&,2.0,&
{'R3'},{'R2'},{'D5'},{'D1'},{'R1'},{'D2'},{'D4'},{'D3'},{'D6'},{'D7'},&,1.0,&
{'R3'},{'R2'},{'D5'},{'D1'},{'R1'},{'D2'},{'D3'},{'D4'},{'D6'},{'D7'},&,1.0,&
{'R3'},{'R2'},{'D5'},{'D1'},{'R1'},{'D2'},{'D3'},{'D6'},{'D4'},{'D7'},&,1.0,&
{'R3'},{'R2'},{'D5'},{'D1'},{'R1'},{'D6'},{'D3'},{'D2'},{'D4'},{'D7'},&,1.0,&
{'R3'},{'R2'},{'D5'},{'D4'},{'D3'},{'R1'},{'D1'},{'D6'},{'D2'},{'D7'},&,1.0,&
{'R3'},{'R2'},{'D5'},{'D4'},{'R1'},{'D1'},{'D2'},{'D3'},{'D6'},{'D7'},&,1.0,&
{'R3'},{'R2'},{'D5'},{'D4'},{'R1'},{'D3'},{'D1'},{'D2'},{'D6'},{'D7'},&,1.0,&
{'R3'},{'R2'},{'D5'},{'D6'},{'D3'},{'D2'},{'D4'},{'R1'},{'D1'},{'D7'},&,1.0,&
{'R3'},{'R2'},{'D5'},{'D6'},{'D1'},{'D3'},{'R1'},{'D2'},{'D4'},{'D7'},&,1.0,&
{'R3'},{'R2'},{'D5'},{'D6'},{'R1'},{'D3'},{'D4'},{'D2'},{'D1'},{'D7'},&,1.0,&
{'R3'},{'R2'},{'D5'},{'D3'},{'D1'},{'R1'},{'D2'},{'D4'},{'D6'},{'D7'},&,1.0,&
{'R3'},{'R2'},{'D5'},{'D3'},{'D2'},{'D1'},{'D4'},{'R1'},{'D6'},{'D7'},&,1.0,&
{'R3'},{'R2'},{'D5'},{'D3'},{'R1'},{'D4'},{'D2'},{'D1'},{'D6'},{'D7'},&,1.0,&
{'R3'},{'R2'},{'D5'},{'D3'},{'R1'},{'D1'},{'D2'},{'D4'},{'D6'},{'D7'},&,3.0,&
{'R3'},{'R2'},{'D5'},{'D3'},{'R1'},{'D1'},{'D4'},{'D2'},{'D6'},{'D7'},&,4.0,&
{'R3'},{'R2'},{'D5'},{'D3'},{'R1'},{'D2'},{'D1'},{'D4'},{'D6'},{'D7'},&,1.0,&
{'R3'},{'R2'},{'D5'},{'D3'},{'R1'},{'D2'},{'D6'},{'D1'},{'D4'},{'D7'},&,1.0,&
{'R3'},{'R2'},{'D5'},{'D3'},{'R1'},{'D2'},{'D4'},{'D1'},{'D6'},{'D7'},&,1.0,&
{'R3'},{'R2'},{'D5'},{'D3'},{'R1'},{'D6'},{'D2'},{'D4'},{'D1'},{'D7'},&,1.0,&
{'R3'},{'R2'},{'D5'},{'D3'},{'R1'},{'D6'},{'D1'},{'D2'},{'D4'},{'D7'},&,2.0,&
{'R3'},{'R2'},{'D5'},{'D2'},{'D3'},{'D1'},{'R1'},{'D4'},{'D6'},{'D7'},&,1.0,&
{'R3'},{'R2'},{'D5'},{'D2'},{'R1'},{'D4'},{'D1'},{'D3'},{'D6'},{'D7'},&,1.0,&
{'R3'},{'R2'},{'D5'},{'D2'},{'R1'},{'D3'},{'D1'},{'D4'},{'D6'},{'D7'},&,1.0,&
{'R3'},{'R2'},{'D5'},{'D2'},{'R1'},{'D3'},{'D1'},{'D6'},{'D4'},{'D7'},&,1.0,&
{'R3'},{'R2'},{'D5'},{'R1'},{'D3'},{'D4'},{'D2'},{'D1'},{'D6'},{'D7'},&,1.0,&
{'R3'},{'R2'},{'D5'},{'R1'},{'D3'},{'D4'},{'D1'},{'D2'},{'D6'},{'D7'},&,4.0,&
{'R3'},{'R2'},{'D5'},{'R1'},{'D3'},{'D4'},{'D1'},{'D2'},{'D7'},{'D6'},&,1.0,&
{'R3'},{'R2'},{'D5'},{'R1'},{'D3'},{'D4'},{'D1'},{'D6'},{'D2'},{'D7'},&,1.0,&
{'R3'},{'R2'},{'D5'},{'R1'},{'D3'},{'D4'},{'D6'},{'D2'},{'D1'},{'D7'},&,1.0,&
{'R3'},{'R2'},{'D5'},{'R1'},{'D3'},{'D1'},{'D2'},{'D4'},{'D6'},{'D7'},&,9.0,&
{'R3'},{'R2'},{'D5'},{'R1'},{'D3'},{'D1'},{'D6'},{'D2'},{'D4'},{'D7'},&,2.0,&
{'R3'},{'R2'},{'D5'},{'R1'},{'D3'},{'D1'},{'D4'},{'D2'},{'D6'},{'D7'},&,13.0,&
{'R3'},{'R2'},{'D5'},{'R1'},{'D3'},{'D1'},{'D4'},{'D6'},{'D2'},{'D7'},&,2.0,&
{'R3'},{'R2'},{'D5'},{'R1'},{'D3'},{'D2'},{'D1'},{'D4'},{'D6'},{'D7'},&,12.0,&
{'R3'},{'R2'},{'D5'},{'R1'},{'D3'},{'D2'},{'D1'},{'D6'},{'D4'},{'D7'},&,1.0,&
{'R3'},{'R2'},{'D5'},{'R1'},{'D3'},{'D6'},{'D1'},{'D2'},{'D4'},{'D7'},&,1.0,&
{'R3'},{'R2'},{'D5'},{'R1'},{'D3'},{'D6'},{'D1'},{'D4'},{'D2'},{'D7'},&,1.0,&
{'R3'},{'R2'},{'D5'},{'R1'},{'D1'},{'D4'},{'D2'},{'D3'},{'D6'},{'D7'},&,2.0,&
{'R3'},{'R2'},{'D5'},{'R1'},{'D1'},{'D4'},{'D6'},{'D3'},{'D2'},{'D7'},&,1.0,&
{'R3'},{'R2'},{'D5'},{'R1'},{'D1'},{'D4'},{'D3'},{'D2'},{'D6'},{'D7'},&,2.0,&
{'R3'},{'R2'},{'D5'},{'R1'},{'D1'},{'D3'},{'D2'},{'D4'},{'D6'},{'D7'},&,9.0,&
{'R3'},{'R2'},{'D5'},{'R1'},{'D1'},{'D3'},{'D2'},{'D6'},{'D4'},{'D7'},&,4.0,&
{'R3'},{'R2'},{'D5'},{'R1'},{'D1'},{'D3'},{'D6'},{'D2'},{'D4'},{'D7'},&,1.0,&
{'R3'},{'R2'},{'D5'},{'R1'},{'D1'},{'D3'},{'D6'},{'D4'},{'D2'},{'D7'},&,3.0,&
{'R3'},{'R2'},{'D5'},{'R1'},{'D1'},{'D3'},{'D4'},{'D2'},{'D6'},{'D7'},&,5.0,&
{'R3'},{'R2'},{'D5'},{'R1'},{'D1'},{'D3'},{'D4'},{'D6'},{'D2'},{'D7'},&,1.0,&
{'R3'},{'R2'},{'D5'},{'R1'},{'D1'},{'D2'},{'D4'},{'D3'},{'D6'},{'D7'},&,1.0,&
{'R3'},{'R2'},{'D5'},{'R1'},{'D1'},{'D2'},{'D3'},{'D4'},{'D6'},{'D7'},&,4.0,&
{'R3'},{'R2'},{'D5'},{'R1'},{'D4'},{'D1'},{'D2'},{'D3'},{'D6'},{'D7'},&,1.0,&
{'R3'},{'R2'},{'D5'},{'R1'},{'D4'},{'D1'},{'D6'},{'D3'},{'D2'},{'D7'},&,1.0,&
{'R3'},{'R2'},{'D5'},{'R1'},{'D4'},{'D1'},{'D3'},{'D2'},{'D6'},{'D7'},&,2.0,&
{'R3'},{'R2'},{'D5'},{'R1'},{'D4'},{'D3'},{'D1'},{'D2'},{'D6'},{'D7'},&,1.0,&
{'R3'},{'R2'},{'D5'},{'R1'},{'D2'},{'D4'},{'D1'},{'D3'},{'D6'},{'D7'},&,1.0,&
{'R3'},{'R2'},{'D5'},{'R1'},{'D2'},{'D4'},{'D3'},{'D1'},{'D6'},{'D7'},&,1.0,&
{'R3'},{'R2'},{'D5'},{'R1'},{'D2'},{'D1'},{'D4'},{'D6'},{'D3'},{'D7'},&,1.0,&
{'R3'},{'R2'},{'D5'},{'R1'},{'D2'},{'D1'},{'D3'},{'D4'},{'D6'},{'D7'},&,3.0,&
{'R3'},{'R2'},{'D5'},{'R1'},{'D2'},{'D3'},{'D1'},{'D4'},{'D6'},{'D7'},&,5.0,&
{'R3'},{'R2'},{'D5'},{'R1'},{'D2'},{'D3'},{'D4'},{'D1'},{'D6'},{'D7'},&,2.0,&
{'R3'},{'R2'},{'D6'},{'D2'},{'R1'},{'D3'},{'D1'},{'D5'},{'D4'},{'D7'},&,1.0,&
{'R3'},{'R2'},{'D6'},{'R1'},{'D3'},{'D5'},{'D4'},{'D2'},{'D1'},{'D7'},&,1.0,&
{'R3'},{'R2'},{'D6'},{'R1'},{'D3'},{'D1'},{'D5'},{'D2'},{'D4'},{'D7'},&,1.0,&
{'R3'},{'R2'},{'D6'},{'R1'},{'D5'},{'D3'},{'D1'},{'D4'},{'D2'},{'D7'},&,1.0,&
{'R3'},{'R2'},{'D1'},{'D5'},{'D3'},{'R1'},{'D4'},{'D2'},{'D6'},{'D7'},&,1.0,&
{'R3'},{'R2'},{'D1'},{'D5'},{'D2'},{'R1'},{'D3'},{'D4'},{'D6'},{'D7'},&,1.0,&
{'R3'},{'R2'},{'D1'},{'D5'},{'R1'},{'D3'},{'D2'},{'D4'},{'D6'},{'D7'},&,1.0,&
{'R3'},{'R2'},{'D1'},{'D5'},{'R1'},{'D3'},{'D4'},{'D2'},{'D6'},{'D7'},&,1.0,&
{'R3'},{'R2'},{'D1'},{'D5'},{'R1'},{'D3'},{'D4'},{'D6'},{'D2'},{'D7'},&,1.0,&
{'R3'},{'R2'},{'D1'},{'D5'},{'R1'},{'D2'},{'D3'},{'D4'},{'D6'},{'D7'},&,2.0,&
{'R3'},{'R2'},{'D1'},{'D5'},{'R1'},{'D6'},{'D3'},{'D4'},{'D2'},{'D7'},&,1.0,&
{'R3'},{'R2'},{'D1'},{'D4'},{'R1'},{'D5'},{'D3'},{'D2'},{'D6'},{'D7'},&,1.0,&
{'R3'},{'R2'},{'D1'},{'D6'},{'R1'},{'D3'},{'D5'},{'D2'},{'D4'},{'D7'},&,1.0,&
{'R3'},{'R2'},{'D1'},{'D3'},{'D5'},{'R1'},{'D2'},{'D4'},{'D6'},{'D7'},&,1.0,&
{'R3'},{'R2'},{'D1'},{'D3'},{'D2'},{'R1'},{'D5'},{'D4'},{'D6'},{'D7'},&,1.0,&
{'R3'},{'R2'},{'D1'},{'D3'},{'R1'},{'D5'},{'D4'},{'D2'},{'D6'},{'D7'},&,2.0,&
{'R3'},{'R2'},{'D1'},{'D3'},{'R1'},{'D4'},{'D5'},{'D2'},{'D6'},{'D7'},&,2.0,&
{'R3'},{'R2'},{'D1'},{'D3'},{'R1'},{'D2'},{'D5'},{'D4'},{'D6'},{'D7'},&,3.0,&
{'R3'},{'R2'},{'D1'},{'D3'},{'R1'},{'D6'},{'D2'},{'D5'},{'D4'},{'D7'},&,1.0,&
{'R3'},{'R2'},{'D1'},{'D2'},{'R1'},{'D5'},{'D3'},{'D4'},{'D6'},{'D7'},&,1.0,&
{'R3'},{'R2'},{'D1'},{'R1'},{'D3'},{'D5'},{'D2'},{'D4'},{'D6'},{'D7'},&,11.0,&
{'R3'},{'R2'},{'D1'},{'R1'},{'D3'},{'D5'},{'D2'},{'D6'},{'D4'},{'D7'},&,1.0,&
{'R3'},{'R2'},{'D1'},{'R1'},{'D3'},{'D5'},{'D6'},{'D4'},{'D2'},{'D7'},&,2.0,&
{'R3'},{'R2'},{'D1'},{'R1'},{'D3'},{'D5'},{'D4'},{'D2'},{'D6'},{'D7'},&,5.0,&
{'R3'},{'R2'},{'D1'},{'R1'},{'D3'},{'D5'},{'D4'},{'D6'},{'D2'},{'D7'},&,1.0,&
{'R3'},{'R2'},{'D1'},{'R1'},{'D3'},{'D4'},{'D2'},{'D5'},{'D6'},{'D7'},&,2.0,&
{'R3'},{'R2'},{'D1'},{'R1'},{'D3'},{'D4'},{'D5'},{'D2'},{'D6'},{'D7'},&,3.0,&
{'R3'},{'R2'},{'D1'},{'R1'},{'D3'},{'D2'},{'D5'},{'D4'},{'D6'},{'D7'},&,5.0,&
{'R3'},{'R2'},{'D1'},{'R1'},{'D3'},{'D2'},{'D5'},{'D4'},{'D7'},{'D6'},&,1.0,&
{'R3'},{'R2'},{'D1'},{'R1'},{'D3'},{'D2'},{'D5'},{'D6'},{'D4'},{'D7'},&,1.0,&
{'R3'},{'R2'},{'D1'},{'R1'},{'D3'},{'D2'},{'D4'},{'D5'},{'D6'},{'D7'},&,3.0,&
{'R3'},{'R2'},{'D1'},{'R1'},{'D5'},{'D4'},{'D3'},{'D2'},{'D6'},{'D7'},&,2.0,&
{'R3'},{'R2'},{'D1'},{'R1'},{'D5'},{'D3'},{'D2'},{'D4'},{'D6'},{'D7'},&,15.0,&
{'R3'},{'R2'},{'D1'},{'R1'},{'D5'},{'D3'},{'D2'},{'D4'},{'D7'},{'D6'},&,1.0,&
{'R3'},{'R2'},{'D1'},{'R1'},{'D5'},{'D3'},{'D6'},{'D2'},{'D4'},{'D7'},&,1.0,&
{'R3'},{'R2'},{'D1'},{'R1'},{'D5'},{'D3'},{'D6'},{'D4'},{'D2'},{'D7'},&,1.0,&
{'R3'},{'R2'},{'D1'},{'R1'},{'D5'},{'D3'},{'D4'},{'D2'},{'D6'},{'D7'},&,10.0,&
{'R3'},{'R2'},{'D1'},{'R1'},{'D5'},{'D3'},{'D4'},{'D6'},{'D2'},{'D7'},&,1.0,&
{'R3'},{'R2'},{'D1'},{'R1'},{'D5'},{'D2'},{'D6'},{'D4'},{'D3'},{'D7'},&,1.0,&
{'R3'},{'R2'},{'D1'},{'R1'},{'D5'},{'D2'},{'D3'},{'D4'},{'D6'},{'D7'},&,1.0,&
{'R3'},{'R2'},{'D1'},{'R1'},{'D4'},{'D5'},{'D3'},{'D2'},{'D6'},{'D7'},&,4.0,&
{'R3'},{'R2'},{'D1'},{'R1'},{'D4'},{'D5'},{'D3'},{'D6'},{'D2'},{'D7'},&,1.0,&
{'R3'},{'R2'},{'D1'},{'R1'},{'D4'},{'D3'},{'D2'},{'D5'},{'D6'},{'D7'},&,1.0,&
{'R3'},{'R2'},{'D1'},{'R1'},{'D4'},{'D3'},{'D5'},{'D2'},{'D6'},{'D7'},&,1.0,&
{'R3'},{'R2'},{'D1'},{'R1'},{'D4'},{'D3'},{'D5'},{'D6'},{'D2'},{'D7'},&,1.0,&
{'R3'},{'R2'},{'D1'},{'R1'},{'D2'},{'D5'},{'D3'},{'D4'},{'D6'},{'D7'},&,4.0,&
{'R3'},{'R2'},{'D1'},{'R1'},{'D2'},{'D3'},{'D5'},{'D4'},{'D6'},{'D7'},&,5.0,&
{'R3'},{'R2'},{'D1'},{'R1'},{'D2'},{'D3'},{'D5'},{'D4'},{'D7'},{'D6'},&,1.0,&
{'R3'},{'R2'},{'D1'},{'R1'},{'D2'},{'D3'},{'D4'},{'D5'},{'D6'},{'D7'},&,1.0,&
{'R3'},{'R2'},{'D1'},{'R1'},{'D7'},{'D4'},{'D3'},{'D5'},{'D2'},{'D6'},&,1.0,&
{'R3'},{'R2'},{'D2'},{'D1'},{'D3'},{'R1'},{'D5'},{'D4'},{'D6'},{'D7'},&,1.0,&
{'R3'},{'R2'},{'D2'},{'D1'},{'R1'},{'D5'},{'D3'},{'D4'},{'D6'},{'D7'},&,2.0,&
{'R3'},{'R2'},{'D2'},{'D1'},{'R1'},{'D4'},{'D5'},{'D3'},{'D6'},{'D7'},&,1.0,&
{'R3'},{'R2'},{'D2'},{'D1'},{'R1'},{'D3'},{'D5'},{'D4'},{'D6'},{'D7'},&,2.0,&
{'R3'},{'R2'},{'D2'},{'D1'},{'R1'},{'D3'},{'D4'},{'D5'},{'D6'},{'D7'},&,2.0,&
{'R3'},{'R2'},{'D2'},{'D1'},{'R1'},{'D6'},{'D4'},{'D5'},{'D3'},{'D7'},&,1.0,&
{'R3'},{'R2'},{'D2'},{'D5'},{'D1'},{'R1'},{'D3'},{'D4'},{'D6'},{'D7'},&,1.0,&
{'R3'},{'R2'},{'D2'},{'D5'},{'R1'},{'D1'},{'D3'},{'D4'},{'D6'},{'D7'},&,1.0,&
{'R3'},{'R2'},{'D2'},{'D5'},{'R1'},{'D3'},{'D1'},{'D4'},{'D6'},{'D7'},&,1.0,&
{'R3'},{'R2'},{'D2'},{'D5'},{'R1'},{'D3'},{'D4'},{'D6'},{'D1'},{'D7'},&,1.0,&
{'R3'},{'R2'},{'D2'},{'D4'},{'R1'},{'D1'},{'D5'},{'D3'},{'D6'},{'D7'},&,1.0,&
{'R3'},{'R2'},{'D2'},{'D3'},{'D5'},{'R1'},{'D1'},{'D4'},{'D6'},{'D7'},&,1.0,&
{'R3'},{'R2'},{'D2'},{'D3'},{'R1'},{'D5'},{'D1'},{'D4'},{'D6'},{'D7'},&,3.0,&
{'R3'},{'R2'},{'D2'},{'D3'},{'R1'},{'D4'},{'D5'},{'D1'},{'D6'},{'D7'},&,1.0,&
{'R3'},{'R2'},{'D2'},{'D3'},{'R1'},{'D1'},{'D5'},{'D4'},{'D6'},{'D7'},&,1.0,&
{'R3'},{'R2'},{'D2'},{'D3'},{'R1'},{'D1'},{'D4'},{'D5'},{'D6'},{'D7'},&,1.0,&
{'R3'},{'R2'},{'D2'},{'R1'},{'D3'},{'D5'},{'D1'},{'D4'},{'D6'},{'D7'},&,6.0,&
{'R3'},{'R2'},{'D2'},{'R1'},{'D3'},{'D5'},{'D1'},{'D4'},{'D7'},{'D6'},&,1.0,&
{'R3'},{'R2'},{'D2'},{'R1'},{'D3'},{'D5'},{'D1'},{'D6'},{'D4'},{'D7'},&,1.0,&
{'R3'},{'R2'},{'D2'},{'R1'},{'D3'},{'D5'},{'D4'},{'D1'},{'D6'},{'D7'},&,2.0,&
{'R3'},{'R2'},{'D2'},{'R1'},{'D3'},{'D4'},{'D5'},{'D1'},{'D6'},{'D7'},&,1.0,&
{'R3'},{'R2'},{'D2'},{'R1'},{'D3'},{'D1'},{'D5'},{'D4'},{'D6'},{'D7'},&,2.0,&
{'R3'},{'R2'},{'D2'},{'R1'},{'D3'},{'D1'},{'D5'},{'D4'},{'D7'},{'D6'},&,1.0,&
{'R3'},{'R2'},{'D2'},{'R1'},{'D1'},{'D5'},{'D3'},{'D4'},{'D6'},{'D7'},&,1.0,&
{'R3'},{'R2'},{'D2'},{'R1'},{'D1'},{'D4'},{'D3'},{'D5'},{'D6'},{'D7'},&,1.0,&
{'R3'},{'R2'},{'D2'},{'R1'},{'D1'},{'D3'},{'D5'},{'D4'},{'D6'},{'D7'},&,1.0,&
{'R3'},{'R2'},{'D2'},{'R1'},{'D1'},{'D3'},{'D4'},{'D5'},{'D6'},{'D7'},&,2.0,&
{'R3'},{'R2'},{'D2'},{'R1'},{'D5'},{'D1'},{'D3'},{'D4'},{'D6'},{'D7'},&,2.0,&
{'R3'},{'R2'},{'D2'},{'R1'},{'D5'},{'D1'},{'D3'},{'D6'},{'D4'},{'D7'},&,1.0,&
{'R3'},{'R2'},{'D2'},{'R1'},{'D5'},{'D3'},{'D1'},{'D4'},{'D6'},{'D7'},&,3.0,&
{'R3'},{'R2'},{'D2'},{'R1'},{'D5'},{'D3'},{'D1'},{'D6'},{'D4'},{'D7'},&,1.0,&
{'R3'},{'R2'},{'D2'},{'R1'},{'D5'},{'D3'},{'D4'},{'D1'},{'D6'},{'D7'},&,1.0,&
{'R3'},{'R2'},{'D2'},{'R1'},{'D5'},{'D3'},{'D4'},{'D6'},{'D1'},{'D7'},&,1.0,&
{'R3'},{'R2'},{'D2'},{'R1'},{'D4'},{'D5'},{'D1'},{'D3'},{'D6'},{'D7'},&,1.0,&
{'R3'},{'R2'},{'D2'},{'R1'},{'D4'},{'D1'},{'D3'},{'D5'},{'D6'},{'D7'},&,1.0,&
{'R3'},{'R2'},{'D2'},{'R1'},{'D4'},{'D3'},{'D1'},{'D5'},{'D6'},{'D7'},&,2.0,&
{'R3'},{'R2'},{'D2'},{'R1'},{'D6'},{'D3'},{'D1'},{'D5'},{'D4'},{'D7'},&,1.0,&
{'R3'},{'R2'},{'R1'},{'D1'},{'D3'},{'D5'},{'D2'},{'D4'},{'D6'},{'D7'},&,45.0,&
{'R3'},{'R2'},{'R1'},{'D1'},{'D3'},{'D5'},{'D2'},{'D6'},{'D4'},{'D7'},&,11.0,&
{'R3'},{'R2'},{'R1'},{'D1'},{'D3'},{'D5'},{'D6'},{'D2'},{'D4'},{'D7'},&,5.0,&
{'R3'},{'R2'},{'R1'},{'D1'},{'D3'},{'D5'},{'D6'},{'D4'},{'D2'},{'D7'},&,3.0,&
{'R3'},{'R2'},{'R1'},{'D1'},{'D3'},{'D5'},{'D4'},{'D2'},{'D6'},{'D7'},&,40.0,&
{'R3'},{'R2'},{'R1'},{'D1'},{'D3'},{'D5'},{'D4'},{'D6'},{'D2'},{'D7'},&,1.0,&
{'R3'},{'R2'},{'R1'},{'D1'},{'D3'},{'D4'},{'D2'},{'D5'},{'D6'},{'D7'},&,5.0,&
{'R3'},{'R2'},{'R1'},{'D1'},{'D3'},{'D4'},{'D5'},{'D2'},{'D6'},{'D7'},&,21.0,&
{'R3'},{'R2'},{'R1'},{'D1'},{'D3'},{'D4'},{'D5'},{'D6'},{'D2'},{'D7'},&,5.0,&
{'R3'},{'R2'},{'R1'},{'D1'},{'D3'},{'D4'},{'D6'},{'D5'},{'D2'},{'D7'},&,1.0,&
{'R3'},{'R2'},{'R1'},{'D1'},{'D3'},{'D2'},{'D5'},{'D4'},{'D6'},{'D7'},&,28.0,&
{'R3'},{'R2'},{'R1'},{'D1'},{'D3'},{'D2'},{'D5'},{'D6'},{'D4'},{'D7'},&,3.0,&
{'R3'},{'R2'},{'R1'},{'D1'},{'D3'},{'D2'},{'D6'},{'D5'},{'D4'},{'D7'},&,2.0,&
{'R3'},{'R2'},{'R1'},{'D1'},{'D3'},{'D2'},{'D6'},{'D4'},{'D5'},{'D7'},&,1.0,&
{'R3'},{'R2'},{'R1'},{'D1'},{'D3'},{'D2'},{'D4'},{'D5'},{'D6'},{'D7'},&,5.0,&
{'R3'},{'R2'},{'R1'},{'D1'},{'D3'},{'D6'},{'D2'},{'D5'},{'D4'},{'D7'},&,1.0,&
{'R3'},{'R2'},{'R1'},{'D1'},{'D3'},{'D6'},{'D5'},{'D2'},{'D4'},{'D7'},&,1.0,&
{'R3'},{'R2'},{'R1'},{'D1'},{'D3'},{'D6'},{'D5'},{'D4'},{'D2'},{'D7'},&,2.0,&
{'R3'},{'R2'},{'R1'},{'D1'},{'D3'},{'D6'},{'D4'},{'D2'},{'D5'},{'D7'},&,1.0,&
{'R3'},{'R2'},{'R1'},{'D1'},{'D5'},{'D4'},{'D2'},{'D3'},{'D6'},{'D7'},&,3.0,&
{'R3'},{'R2'},{'R1'},{'D1'},{'D5'},{'D4'},{'D3'},{'D2'},{'D6'},{'D7'},&,13.0,&
{'R3'},{'R2'},{'R1'},{'D1'},{'D5'},{'D3'},{'D2'},{'D4'},{'D6'},{'D7'},&,39.0,&
{'R3'},{'R2'},{'R1'},{'D1'},{'D5'},{'D3'},{'D2'},{'D4'},{'D7'},{'D6'},&,1.0,&
{'R3'},{'R2'},{'R1'},{'D1'},{'D5'},{'D3'},{'D2'},{'D6'},{'D4'},{'D7'},&,6.0,&
{'R3'},{'R2'},{'R1'},{'D1'},{'D5'},{'D3'},{'D6'},{'D2'},{'D4'},{'D7'},&,4.0,&
{'R3'},{'R2'},{'R1'},{'D1'},{'D5'},{'D3'},{'D6'},{'D4'},{'D2'},{'D7'},&,3.0,&
{'R3'},{'R2'},{'R1'},{'D1'},{'D5'},{'D3'},{'D4'},{'D2'},{'D6'},{'D7'},&,18.0,&
{'R3'},{'R2'},{'R1'},{'D1'},{'D5'},{'D3'},{'D4'},{'D2'},{'D7'},{'D6'},&,1.0,&
{'R3'},{'R2'},{'R1'},{'D1'},{'D5'},{'D3'},{'D4'},{'D6'},{'D2'},{'D7'},&,5.0,&
{'R3'},{'R2'},{'R1'},{'D1'},{'D5'},{'D2'},{'D4'},{'D3'},{'D6'},{'D7'},&,3.0,&
{'R3'},{'R2'},{'R1'},{'D1'},{'D5'},{'D2'},{'D3'},{'D4'},{'D6'},{'D7'},&,13.0,&
{'R3'},{'R2'},{'R1'},{'D1'},{'D5'},{'D2'},{'D3'},{'D7'},{'D4'},{'D6'},&,1.0,&
{'R3'},{'R2'},{'R1'},{'D1'},{'D5'},{'D2'},{'D3'},{'D6'},{'D4'},{'D7'},&,5.0,&
{'R3'},{'R2'},{'R1'},{'D1'},{'D5'},{'D6'},{'D3'},{'D4'},{'D2'},{'D7'},&,2.0,&
{'R3'},{'R2'},{'R1'},{'D1'},{'D4'},{'D5'},{'D2'},{'D3'},{'D6'},{'D7'},&,2.0,&
{'R3'},{'R2'},{'R1'},{'D1'},{'D4'},{'D5'},{'D3'},{'D2'},{'D6'},{'D7'},&,8.0,&
{'R3'},{'R2'},{'R1'},{'D1'},{'D4'},{'D3'},{'D2'},{'D5'},{'D6'},{'D7'},&,8.0,&
{'R3'},{'R2'},{'R1'},{'D1'},{'D4'},{'D3'},{'D5'},{'D2'},{'D6'},{'D7'},&,10.0,&
{'R3'},{'R2'},{'R1'},{'D1'},{'D4'},{'D3'},{'D5'},{'D6'},{'D2'},{'D7'},&,1.0,&
{'R3'},{'R2'},{'R1'},{'D1'},{'D4'},{'D2'},{'D5'},{'D3'},{'D6'},{'D7'},&,2.0,&
{'R3'},{'R2'},{'R1'},{'D1'},{'D4'},{'D2'},{'D3'},{'D5'},{'D6'},{'D7'},&,3.0,&
{'R3'},{'R2'},{'R1'},{'D1'},{'D2'},{'D5'},{'D4'},{'D3'},{'D6'},{'D7'},&,2.0,&
{'R3'},{'R2'},{'R1'},{'D1'},{'D2'},{'D5'},{'D3'},{'D4'},{'D6'},{'D7'},&,12.0,&
{'R3'},{'R2'},{'R1'},{'D1'},{'D2'},{'D4'},{'D3'},{'D5'},{'D6'},{'D7'},&,2.0,&
{'R3'},{'R2'},{'R1'},{'D1'},{'D2'},{'D3'},{'D5'},{'D4'},{'D6'},{'D7'},&,16.0,&
{'R3'},{'R2'},{'R1'},{'D1'},{'D2'},{'D3'},{'D5'},{'D6'},{'D4'},{'D7'},&,2.0,&
{'R3'},{'R2'},{'R1'},{'D1'},{'D2'},{'D3'},{'D4'},{'D5'},{'D6'},{'D7'},&,3.0,&
{'R3'},{'R2'},{'R1'},{'D1'},{'D6'},{'D5'},{'D2'},{'D3'},{'D4'},{'D7'},&,1.0,&
{'R3'},{'R2'},{'R1'},{'D1'},{'D6'},{'D5'},{'D3'},{'D2'},{'D4'},{'D7'},&,1.0,&
{'R3'},{'R2'},{'R1'},{'D1'},{'D6'},{'D5'},{'D3'},{'D4'},{'D2'},{'D7'},&,2.0,&
{'R3'},{'R2'},{'R1'},{'D1'},{'D6'},{'D4'},{'D5'},{'D2'},{'D3'},{'D7'},&,1.0,&
{'R3'},{'R2'},{'R1'},{'D1'},{'D6'},{'D4'},{'D3'},{'D5'},{'D2'},{'D7'},&,1.0,&
{'R3'},{'R2'},{'R1'},{'D1'},{'D6'},{'D3'},{'D5'},{'D4'},{'D2'},{'D7'},&,1.0,&
{'R3'},{'R2'},{'R1'},{'D1'},{'D6'},{'D2'},{'D5'},{'D3'},{'D4'},{'D7'},&,1.0,&
{'R3'},{'R2'},{'R1'},{'D5'},{'D3'},{'D4'},{'D2'},{'D1'},{'D6'},{'D7'},&,6.0,&
{'R3'},{'R2'},{'R1'},{'D5'},{'D3'},{'D4'},{'D1'},{'D2'},{'D6'},{'D7'},&,22.0,&
{'R3'},{'R2'},{'R1'},{'D5'},{'D3'},{'D4'},{'D1'},{'D2'},{'D7'},{'D6'},&,1.0,&
{'R3'},{'R2'},{'R1'},{'D5'},{'D3'},{'D4'},{'D1'},{'D6'},{'D2'},{'D7'},&,2.0,&
{'R3'},{'R2'},{'R1'},{'D5'},{'D3'},{'D1'},{'D2'},{'D4'},{'D6'},{'D7'},&,49.0,&
{'R3'},{'R2'},{'R1'},{'D5'},{'D3'},{'D1'},{'D2'},{'D6'},{'D4'},{'D7'},&,12.0,&
{'R3'},{'R2'},{'R1'},{'D5'},{'D3'},{'D1'},{'D6'},{'D2'},{'D4'},{'D7'},&,4.0,&
{'R3'},{'R2'},{'R1'},{'D5'},{'D3'},{'D1'},{'D6'},{'D4'},{'D2'},{'D7'},&,9.0,&
{'R3'},{'R2'},{'R1'},{'D5'},{'D3'},{'D1'},{'D4'},{'D2'},{'D6'},{'D7'},&,36.0,&
{'R3'},{'R2'},{'R1'},{'D5'},{'D3'},{'D1'},{'D4'},{'D6'},{'D2'},{'D7'},&,4.0,&
{'R3'},{'R2'},{'R1'},{'D5'},{'D3'},{'D2'},{'D1'},{'D4'},{'D6'},{'D7'},&,22.0,&
{'R3'},{'R2'},{'R1'},{'D5'},{'D3'},{'D2'},{'D1'},{'D4'},{'D7'},{'D6'},&,1.0,&
{'R3'},{'R2'},{'R1'},{'D5'},{'D3'},{'D2'},{'D1'},{'D6'},{'D4'},{'D7'},&,2.0,&
{'R3'},{'R2'},{'R1'},{'D5'},{'D3'},{'D2'},{'D4'},{'D1'},{'D6'},{'D7'},&,11.0,&
{'R3'},{'R2'},{'R1'},{'D5'},{'D3'},{'D6'},{'D2'},{'D1'},{'D4'},{'D7'},&,1.0,&
{'R3'},{'R2'},{'R1'},{'D5'},{'D3'},{'D6'},{'D1'},{'D2'},{'D4'},{'D7'},&,2.0,&
{'R3'},{'R2'},{'R1'},{'D5'},{'D3'},{'D6'},{'D1'},{'D4'},{'D2'},{'D7'},&,1.0,&
{'R3'},{'R2'},{'R1'},{'D5'},{'D3'},{'D6'},{'D4'},{'D1'},{'D2'},{'D7'},&,1.0,&
{'R3'},{'R2'},{'R1'},{'D5'},{'D1'},{'D4'},{'D2'},{'D3'},{'D6'},{'D7'},&,1.0,&
{'R3'},{'R2'},{'R1'},{'D5'},{'D1'},{'D4'},{'D6'},{'D3'},{'D2'},{'D7'},&,1.0,&
{'R3'},{'R2'},{'R1'},{'D5'},{'D1'},{'D4'},{'D3'},{'D2'},{'D6'},{'D7'},&,8.0,&
{'R3'},{'R2'},{'R1'},{'D5'},{'D1'},{'D3'},{'D2'},{'D4'},{'D6'},{'D7'},&,50.0,&
{'R3'},{'R2'},{'R1'},{'D5'},{'D1'},{'D3'},{'D2'},{'D6'},{'D4'},{'D7'},&,9.0,&
{'R3'},{'R2'},{'R1'},{'D5'},{'D1'},{'D3'},{'D6'},{'D2'},{'D4'},{'D7'},&,3.0,&
{'R3'},{'R2'},{'R1'},{'D5'},{'D1'},{'D3'},{'D6'},{'D4'},{'D2'},{'D7'},&,1.0,&
{'R3'},{'R2'},{'R1'},{'D5'},{'D1'},{'D3'},{'D4'},{'D2'},{'D6'},{'D7'},&,27.0,&
{'R3'},{'R2'},{'R1'},{'D5'},{'D1'},{'D3'},{'D4'},{'D6'},{'D2'},{'D7'},&,1.0,&
{'R3'},{'R2'},{'R1'},{'D5'},{'D1'},{'D2'},{'D4'},{'D3'},{'D6'},{'D7'},&,7.0,&
{'R3'},{'R2'},{'R1'},{'D5'},{'D1'},{'D2'},{'D3'},{'D4'},{'D6'},{'D7'},&,16.0,&
{'R3'},{'R2'},{'R1'},{'D5'},{'D1'},{'D2'},{'D3'},{'D6'},{'D4'},{'D7'},&,1.0,&
{'R3'},{'R2'},{'R1'},{'D5'},{'D1'},{'D6'},{'D2'},{'D4'},{'D3'},{'D7'},&,1.0,&
{'R3'},{'R2'},{'R1'},{'D5'},{'D4'},{'D1'},{'D2'},{'D3'},{'D6'},{'D7'},&,2.0,&
{'R3'},{'R2'},{'R1'},{'D5'},{'D4'},{'D1'},{'D6'},{'D3'},{'D2'},{'D7'},&,1.0,&
{'R3'},{'R2'},{'R1'},{'D5'},{'D4'},{'D1'},{'D3'},{'D2'},{'D6'},{'D7'},&,8.0,&
{'R3'},{'R2'},{'R1'},{'D5'},{'D4'},{'D3'},{'D2'},{'D1'},{'D6'},{'D7'},&,6.0,&
{'R3'},{'R2'},{'R1'},{'D5'},{'D4'},{'D3'},{'D1'},{'D2'},{'D6'},{'D7'},&,11.0,&
{'R3'},{'R2'},{'R1'},{'D5'},{'D4'},{'D2'},{'D1'},{'D3'},{'D6'},{'D7'},&,1.0,&
{'R3'},{'R2'},{'R1'},{'D5'},{'D4'},{'D2'},{'D3'},{'D6'},{'D1'},{'D7'},&,1.0,&
{'R3'},{'R2'},{'R1'},{'D5'},{'D4'},{'D6'},{'D2'},{'D3'},{'D1'},{'D7'},&,1.0,&
{'R3'},{'R2'},{'R1'},{'D5'},{'D2'},{'D4'},{'D1'},{'D3'},{'D6'},{'D7'},&,1.0,&
{'R3'},{'R2'},{'R1'},{'D5'},{'D2'},{'D4'},{'D3'},{'D1'},{'D6'},{'D7'},&,2.0,&
{'R3'},{'R2'},{'R1'},{'D5'},{'D2'},{'D1'},{'D6'},{'D4'},{'D3'},{'D7'},&,1.0,&
{'R3'},{'R2'},{'R1'},{'D5'},{'D2'},{'D1'},{'D6'},{'D3'},{'D4'},{'D7'},&,1.0,&
{'R3'},{'R2'},{'R1'},{'D5'},{'D2'},{'D1'},{'D4'},{'D3'},{'D6'},{'D7'},&,1.0,&
{'R3'},{'R2'},{'R1'},{'D5'},{'D2'},{'D1'},{'D3'},{'D4'},{'D6'},{'D7'},&,16.0,&
{'R3'},{'R2'},{'R1'},{'D5'},{'D2'},{'D1'},{'D3'},{'D6'},{'D4'},{'D7'},&,3.0,&
{'R3'},{'R2'},{'R1'},{'D5'},{'D2'},{'D3'},{'D1'},{'D4'},{'D6'},{'D7'},&,16.0,&
{'R3'},{'R2'},{'R1'},{'D5'},{'D2'},{'D3'},{'D1'},{'D6'},{'D4'},{'D7'},&,4.0,&
{'R3'},{'R2'},{'R1'},{'D5'},{'D2'},{'D3'},{'D6'},{'D4'},{'D1'},{'D7'},&,1.0,&
{'R3'},{'R2'},{'R1'},{'D5'},{'D2'},{'D3'},{'D6'},{'D1'},{'D4'},{'D7'},&,1.0,&
{'R3'},{'R2'},{'R1'},{'D5'},{'D2'},{'D3'},{'D4'},{'D1'},{'D6'},{'D7'},&,3.0,&
{'R3'},{'R2'},{'R1'},{'D5'},{'D2'},{'D3'},{'D4'},{'D7'},{'D1'},{'D6'},&,1.0,&
{'R3'},{'R2'},{'R1'},{'D5'},{'D6'},{'D1'},{'D3'},{'D2'},{'D4'},{'D7'},&,1.0,&
{'R3'},{'R2'},{'R1'},{'D5'},{'D6'},{'D1'},{'D3'},{'D4'},{'D2'},{'D7'},&,1.0,&
{'R3'},{'R2'},{'R1'},{'D5'},{'D6'},{'D3'},{'D2'},{'D1'},{'D4'},{'D7'},&,1.0,&
{'R3'},{'R2'},{'R1'},{'D5'},{'D6'},{'D3'},{'D1'},{'D2'},{'D4'},{'D7'},&,2.0,&
{'R3'},{'R2'},{'R1'},{'D5'},{'D6'},{'D3'},{'D1'},{'D4'},{'D2'},{'D7'},&,2.0,&
{'R3'},{'R2'},{'R1'},{'D4'},{'D3'},{'D5'},{'D2'},{'D1'},{'D6'},{'D7'},&,5.0,&
{'R3'},{'R2'},{'R1'},{'D4'},{'D3'},{'D5'},{'D1'},{'D2'},{'D6'},{'D7'},&,13.0,&
{'R3'},{'R2'},{'R1'},{'D4'},{'D3'},{'D5'},{'D1'},{'D6'},{'D2'},{'D7'},&,1.0,&
{'R3'},{'R2'},{'R1'},{'D4'},{'D3'},{'D5'},{'D6'},{'D1'},{'D2'},{'D7'},&,2.0,&
{'R3'},{'R2'},{'R1'},{'D4'},{'D3'},{'D1'},{'D2'},{'D5'},{'D6'},{'D7'},&,6.0,&
{'R3'},{'R2'},{'R1'},{'D4'},{'D3'},{'D1'},{'D5'},{'D2'},{'D6'},{'D7'},&,7.0,&
{'R3'},{'R2'},{'R1'},{'D4'},{'D3'},{'D1'},{'D5'},{'D6'},{'D2'},{'D7'},&,1.0,&
{'R3'},{'R2'},{'R1'},{'D4'},{'D3'},{'D2'},{'D5'},{'D1'},{'D6'},{'D7'},&,2.0,&
{'R3'},{'R2'},{'R1'},{'D4'},{'D3'},{'D2'},{'D1'},{'D5'},{'D6'},{'D7'},&,2.0,&
{'R3'},{'R2'},{'R1'},{'D4'},{'D3'},{'D6'},{'D5'},{'D2'},{'D1'},{'D7'},&,1.0,&
{'R3'},{'R2'},{'R1'},{'D4'},{'D3'},{'D6'},{'D5'},{'D1'},{'D2'},{'D7'},&,1.0,&
{'R3'},{'R2'},{'R1'},{'D4'},{'D1'},{'D5'},{'D2'},{'D3'},{'D6'},{'D7'},&,3.0,&
{'R3'},{'R2'},{'R1'},{'D4'},{'D1'},{'D5'},{'D3'},{'D2'},{'D6'},{'D7'},&,4.0,&
{'R3'},{'R2'},{'R1'},{'D4'},{'D1'},{'D5'},{'D3'},{'D2'},{'D7'},{'D6'},&,2.0,&
{'R3'},{'R2'},{'R1'},{'D4'},{'D1'},{'D3'},{'D2'},{'D5'},{'D6'},{'D7'},&,4.0,&
{'R3'},{'R2'},{'R1'},{'D4'},{'D1'},{'D3'},{'D5'},{'D2'},{'D6'},{'D7'},&,7.0,&
{'R3'},{'R2'},{'R1'},{'D4'},{'D1'},{'D3'},{'D5'},{'D2'},{'D7'},{'D6'},&,1.0,&
{'R3'},{'R2'},{'R1'},{'D4'},{'D1'},{'D3'},{'D5'},{'D6'},{'D2'},{'D7'},&,2.0,&
{'R3'},{'R2'},{'R1'},{'D4'},{'D1'},{'D2'},{'D5'},{'D3'},{'D6'},{'D7'},&,2.0,&
{'R3'},{'R2'},{'R1'},{'D4'},{'D1'},{'D2'},{'D3'},{'D5'},{'D6'},{'D7'},&,2.0,&
{'R3'},{'R2'},{'R1'},{'D4'},{'D1'},{'D6'},{'D5'},{'D3'},{'D2'},{'D7'},&,1.0,&
{'R3'},{'R2'},{'R1'},{'D4'},{'D5'},{'D1'},{'D2'},{'D3'},{'D6'},{'D7'},&,2.0,&
{'R3'},{'R2'},{'R1'},{'D4'},{'D5'},{'D1'},{'D3'},{'D2'},{'D6'},{'D7'},&,11.0,&
{'R3'},{'R2'},{'R1'},{'D4'},{'D5'},{'D3'},{'D2'},{'D1'},{'D6'},{'D7'},&,4.0,&
{'R3'},{'R2'},{'R1'},{'D4'},{'D5'},{'D3'},{'D1'},{'D2'},{'D6'},{'D7'},&,13.0,&
{'R3'},{'R2'},{'R1'},{'D4'},{'D5'},{'D3'},{'D1'},{'D2'},{'D7'},{'D6'},&,1.0,&
{'R3'},{'R2'},{'R1'},{'D4'},{'D5'},{'D3'},{'D1'},{'D6'},{'D2'},{'D7'},&,2.0,&
{'R3'},{'R2'},{'R1'},{'D4'},{'D5'},{'D3'},{'D6'},{'D2'},{'D1'},{'D7'},&,1.0,&
{'R3'},{'R2'},{'R1'},{'D4'},{'D5'},{'D2'},{'D1'},{'D3'},{'D6'},{'D7'},&,1.0,&
{'R3'},{'R2'},{'R1'},{'D4'},{'D5'},{'D2'},{'D3'},{'D1'},{'D6'},{'D7'},&,3.0,&
{'R3'},{'R2'},{'R1'},{'D4'},{'D5'},{'D6'},{'D1'},{'D2'},{'D3'},{'D7'},&,1.0,&
{'R3'},{'R2'},{'R1'},{'D4'},{'D5'},{'D6'},{'D1'},{'D3'},{'D2'},{'D7'},&,1.0,&
{'R3'},{'R2'},{'R1'},{'D4'},{'D2'},{'D5'},{'D1'},{'D3'},{'D6'},{'D7'},&,3.0,&
{'R3'},{'R2'},{'R1'},{'D4'},{'D2'},{'D5'},{'D3'},{'D1'},{'D6'},{'D7'},&,1.0,&
{'R3'},{'R2'},{'R1'},{'D4'},{'D2'},{'D3'},{'D1'},{'D5'},{'D6'},{'D7'},&,4.0,&
{'R3'},{'R2'},{'R1'},{'D4'},{'D6'},{'D3'},{'D5'},{'D1'},{'D2'},{'D7'},&,1.0,&
{'R3'},{'R2'},{'R1'},{'D6'},{'D3'},{'D5'},{'D1'},{'D2'},{'D4'},{'D7'},&,1.0,&
{'R3'},{'R2'},{'R1'},{'D6'},{'D3'},{'D5'},{'D1'},{'D4'},{'D2'},{'D7'},&,1.0,&
{'R3'},{'R2'},{'R1'},{'D6'},{'D1'},{'D5'},{'D2'},{'D3'},{'D4'},{'D7'},&,1.0,&
{'R3'},{'R2'},{'R1'},{'D6'},{'D1'},{'D5'},{'D3'},{'D4'},{'D2'},{'D7'},&,1.0,&
{'R3'},{'R2'},{'R1'},{'D6'},{'D1'},{'D3'},{'D2'},{'D4'},{'D5'},{'D7'},&,1.0,&
{'R3'},{'R2'},{'R1'},{'D6'},{'D1'},{'D3'},{'D5'},{'D2'},{'D4'},{'D7'},&,1.0,&
{'R3'},{'R2'},{'R1'},{'D6'},{'D5'},{'D1'},{'D2'},{'D3'},{'D4'},{'D7'},&,2.0,&
{'R3'},{'R2'},{'R1'},{'D6'},{'D5'},{'D1'},{'D3'},{'D2'},{'D4'},{'D7'},&,1.0,&
{'R3'},{'R2'},{'R1'},{'D6'},{'D5'},{'D3'},{'D4'},{'D2'},{'D1'},{'D7'},&,1.0,&
{'R3'},{'R2'},{'R1'},{'D6'},{'D5'},{'D2'},{'D3'},{'D1'},{'D4'},{'D7'},&,1.0,&
{'R3'},{'R2'},{'R1'},{'D6'},{'D2'},{'D5'},{'D1'},{'D4'},{'D3'},{'D7'},&,1.0,&
{'R3'},{'R2'},{'R1'},{'D6'},{'D2'},{'D5'},{'D3'},{'D1'},{'D4'},{'D7'},&,1.0,&
{'R3'},{'R2'},{'R1'},{'D6'},{'D2'},{'D1'},{'D5'},{'D3'},{'D4'},{'D7'},&,1.0,&
{'R3'},{'R2'},{'R1'},{'D3'},{'D1'},{'D5'},{'D2'},{'D4'},{'D6'},{'D7'},&,53.0,&
{'R3'},{'R2'},{'R1'},{'D3'},{'D1'},{'D5'},{'D2'},{'D6'},{'D4'},{'D7'},&,13.0,&
{'R3'},{'R2'},{'R1'},{'D3'},{'D1'},{'D5'},{'D6'},{'D2'},{'D4'},{'D7'},&,6.0,&
{'R3'},{'R2'},{'R1'},{'D3'},{'D1'},{'D5'},{'D6'},{'D4'},{'D2'},{'D7'},&,3.0,&
{'R3'},{'R2'},{'R1'},{'D3'},{'D1'},{'D5'},{'D4'},{'D2'},{'D6'},{'D7'},&,43.0,&
{'R3'},{'R2'},{'R1'},{'D3'},{'D1'},{'D5'},{'D4'},{'D6'},{'D2'},{'D7'},&,5.0,&
{'R3'},{'R2'},{'R1'},{'D3'},{'D1'},{'D4'},{'D2'},{'D5'},{'D6'},{'D7'},&,6.0,&
{'R3'},{'R2'},{'R1'},{'D3'},{'D1'},{'D4'},{'D5'},{'D2'},{'D6'},{'D7'},&,20.0,&
{'R3'},{'R2'},{'R1'},{'D3'},{'D1'},{'D4'},{'D5'},{'D6'},{'D2'},{'D7'},&,5.0,&
{'R3'},{'R2'},{'R1'},{'D3'},{'D1'},{'D2'},{'D5'},{'D4'},{'D6'},{'D7'},&,25.0,&
{'R3'},{'R2'},{'R1'},{'D3'},{'D1'},{'D2'},{'D5'},{'D4'},{'D7'},{'D6'},&,1.0,&
{'R3'},{'R2'},{'R1'},{'D3'},{'D1'},{'D2'},{'D5'},{'D6'},{'D4'},{'D7'},&,6.0,&
{'R3'},{'R2'},{'R1'},{'D3'},{'D1'},{'D2'},{'D6'},{'D5'},{'D4'},{'D7'},&,2.0,&
{'R3'},{'R2'},{'R1'},{'D3'},{'D1'},{'D2'},{'D4'},{'D5'},{'D6'},{'D7'},&,9.0,&
{'R3'},{'R2'},{'R1'},{'D3'},{'D1'},{'D6'},{'D5'},{'D2'},{'D4'},{'D7'},&,2.0,&
{'R3'},{'R2'},{'R1'},{'D3'},{'D1'},{'D6'},{'D5'},{'D4'},{'D2'},{'D7'},&,1.0,&
{'R3'},{'R2'},{'R1'},{'D3'},{'D1'},{'D6'},{'D4'},{'D5'},{'D2'},{'D7'},&,1.0,&
{'R3'},{'R2'},{'R1'},{'D3'},{'D5'},{'D4'},{'D2'},{'D1'},{'D6'},{'D7'},&,11.0,&
{'R3'},{'R2'},{'R1'},{'D3'},{'D5'},{'D4'},{'D2'},{'D6'},{'D1'},{'D7'},&,2.0,&
{'R3'},{'R2'},{'R1'},{'D3'},{'D5'},{'D4'},{'D1'},{'D2'},{'D6'},{'D7'},&,27.0,&
{'R3'},{'R2'},{'R1'},{'D3'},{'D5'},{'D4'},{'D1'},{'D6'},{'D2'},{'D7'},&,7.0,&
{'R3'},{'R2'},{'R1'},{'D3'},{'D5'},{'D4'},{'D6'},{'D1'},{'D2'},{'D7'},&,2.0,&
{'R3'},{'R2'},{'R1'},{'D3'},{'D5'},{'D1'},{'D2'},{'D4'},{'D6'},{'D7'},&,74.0,&
{'R3'},{'R2'},{'R1'},{'D3'},{'D5'},{'D1'},{'D2'},{'D4'},{'D7'},{'D6'},&,3.0,&
{'R3'},{'R2'},{'R1'},{'D3'},{'D5'},{'D1'},{'D2'},{'D7'},{'D4'},{'D6'},&,1.0,&
{'R3'},{'R2'},{'R1'},{'D3'},{'D5'},{'D1'},{'D2'},{'D6'},{'D4'},{'D7'},&,14.0,&
{'R3'},{'R2'},{'R1'},{'D3'},{'D5'},{'D1'},{'D6'},{'D2'},{'D4'},{'D7'},&,5.0,&
{'R3'},{'R2'},{'R1'},{'D3'},{'D5'},{'D1'},{'D6'},{'D4'},{'D2'},{'D7'},&,3.0,&
{'R3'},{'R2'},{'R1'},{'D3'},{'D5'},{'D1'},{'D4'},{'D2'},{'D6'},{'D7'},&,32.0,&
{'R3'},{'R2'},{'R1'},{'D3'},{'D5'},{'D1'},{'D4'},{'D6'},{'D2'},{'D7'},&,5.0,&
{'R3'},{'R2'},{'R1'},{'D3'},{'D5'},{'D2'},{'D1'},{'D4'},{'D6'},{'D7'},&,33.0,&
{'R3'},{'R2'},{'R1'},{'D3'},{'D5'},{'D2'},{'D1'},{'D4'},{'D7'},{'D6'},&,3.0,&
{'R3'},{'R2'},{'R1'},{'D3'},{'D5'},{'D2'},{'D1'},{'D6'},{'D4'},{'D7'},&,6.0,&
{'R3'},{'R2'},{'R1'},{'D3'},{'D5'},{'D2'},{'D6'},{'D1'},{'D4'},{'D7'},&,1.0,&
{'R3'},{'R2'},{'R1'},{'D3'},{'D5'},{'D2'},{'D4'},{'D1'},{'D6'},{'D7'},&,10.0,&
{'R3'},{'R2'},{'R1'},{'D3'},{'D5'},{'D6'},{'D2'},{'D1'},{'D4'},{'D7'},&,1.0,&
{'R3'},{'R2'},{'R1'},{'D3'},{'D5'},{'D6'},{'D1'},{'D2'},{'D4'},{'D7'},&,2.0,&
{'R3'},{'R2'},{'R1'},{'D3'},{'D5'},{'D6'},{'D1'},{'D4'},{'D2'},{'D7'},&,1.0,&
{'R3'},{'R2'},{'R1'},{'D3'},{'D4'},{'D5'},{'D2'},{'D1'},{'D6'},{'D7'},&,5.0,&
{'R3'},{'R2'},{'R1'},{'D3'},{'D4'},{'D5'},{'D1'},{'D2'},{'D6'},{'D7'},&,11.0,&
{'R3'},{'R2'},{'R1'},{'D3'},{'D4'},{'D5'},{'D1'},{'D2'},{'D7'},{'D6'},&,1.0,&
{'R3'},{'R2'},{'R1'},{'D3'},{'D4'},{'D5'},{'D1'},{'D6'},{'D2'},{'D7'},&,1.0,&
{'R3'},{'R2'},{'R1'},{'D3'},{'D4'},{'D5'},{'D6'},{'D1'},{'D2'},{'D7'},&,1.0,&
{'R3'},{'R2'},{'R1'},{'D3'},{'D4'},{'D1'},{'D2'},{'D5'},{'D6'},{'D7'},&,9.0,&
{'R3'},{'R2'},{'R1'},{'D3'},{'D4'},{'D1'},{'D5'},{'D2'},{'D6'},{'D7'},&,10.0,&
{'R3'},{'R2'},{'R1'},{'D3'},{'D4'},{'D1'},{'D6'},{'D5'},{'D2'},{'D7'},&,1.0,&
{'R3'},{'R2'},{'R1'},{'D3'},{'D4'},{'D2'},{'D5'},{'D1'},{'D6'},{'D7'},&,3.0,&
{'R3'},{'R2'},{'R1'},{'D3'},{'D4'},{'D2'},{'D1'},{'D5'},{'D6'},{'D7'},&,5.0,&
{'R3'},{'R2'},{'R1'},{'D3'},{'D4'},{'D6'},{'D1'},{'D2'},{'D5'},{'D7'},&,1.0,&
{'R3'},{'R2'},{'R1'},{'D3'},{'D2'},{'D5'},{'D1'},{'D4'},{'D6'},{'D7'},&,21.0,&
{'R3'},{'R2'},{'R1'},{'D3'},{'D2'},{'D5'},{'D1'},{'D6'},{'D4'},{'D7'},&,5.0,&
{'R3'},{'R2'},{'R1'},{'D3'},{'D2'},{'D5'},{'D4'},{'D1'},{'D6'},{'D7'},&,7.0,&
{'R3'},{'R2'},{'R1'},{'D3'},{'D2'},{'D4'},{'D5'},{'D1'},{'D6'},{'D7'},&,6.0,&
{'R3'},{'R2'},{'R1'},{'D3'},{'D2'},{'D4'},{'D5'},{'D6'},{'D1'},{'D7'},&,1.0,&
{'R3'},{'R2'},{'R1'},{'D3'},{'D2'},{'D4'},{'D1'},{'D5'},{'D6'},{'D7'},&,3.0,&
{'R3'},{'R2'},{'R1'},{'D3'},{'D2'},{'D1'},{'D5'},{'D4'},{'D6'},{'D7'},&,22.0,&
{'R3'},{'R2'},{'R1'},{'D3'},{'D2'},{'D1'},{'D5'},{'D4'},{'D7'},{'D6'},&,1.0,&
{'R3'},{'R2'},{'R1'},{'D3'},{'D2'},{'D1'},{'D5'},{'D6'},{'D4'},{'D7'},&,1.0,&
{'R3'},{'R2'},{'R1'},{'D3'},{'D2'},{'D1'},{'D6'},{'D5'},{'D4'},{'D7'},&,2.0,&
{'R3'},{'R2'},{'R1'},{'D3'},{'D2'},{'D1'},{'D4'},{'D5'},{'D6'},{'D7'},&,5.0,&
{'R3'},{'R2'},{'R1'},{'D3'},{'D2'},{'D1'},{'D4'},{'D6'},{'D5'},{'D7'},&,1.0,&
{'R3'},{'R2'},{'R1'},{'D3'},{'D2'},{'D6'},{'D5'},{'D1'},{'D4'},{'D7'},&,1.0,&
{'R3'},{'R2'},{'R1'},{'D3'},{'D2'},{'D6'},{'D1'},{'D4'},{'D5'},{'D7'},&,1.0,&
{'R3'},{'R2'},{'R1'},{'D3'},{'D6'},{'D5'},{'D2'},{'D1'},{'D4'},{'D7'},&,5.0,&
{'R3'},{'R2'},{'R1'},{'D3'},{'D6'},{'D5'},{'D1'},{'D4'},{'D2'},{'D7'},&,1.0,&
{'R3'},{'R2'},{'R1'},{'D3'},{'D6'},{'D5'},{'D4'},{'D1'},{'D2'},{'D7'},&,1.0,&
{'R3'},{'R2'},{'R1'},{'D3'},{'D6'},{'D1'},{'D2'},{'D5'},{'D4'},{'D7'},&,1.0,&
{'R3'},{'R2'},{'R1'},{'D3'},{'D6'},{'D1'},{'D5'},{'D2'},{'D4'},{'D7'},&,2.0,&
{'R3'},{'R2'},{'R1'},{'D3'},{'D6'},{'D1'},{'D5'},{'D4'},{'D2'},{'D7'},&,4.0,&
{'R3'},{'R2'},{'R1'},{'D3'},{'D6'},{'D2'},{'D5'},{'D1'},{'D4'},{'D7'},&,1.0,&
{'R3'},{'R2'},{'R1'},{'D2'},{'D3'},{'D5'},{'D1'},{'D4'},{'D6'},{'D7'},&,12.0,&
{'R3'},{'R2'},{'R1'},{'D2'},{'D3'},{'D5'},{'D1'},{'D6'},{'D4'},{'D7'},&,3.0,&
{'R3'},{'R2'},{'R1'},{'D2'},{'D3'},{'D5'},{'D6'},{'D4'},{'D1'},{'D7'},&,1.0,&
{'R3'},{'R2'},{'R1'},{'D2'},{'D3'},{'D5'},{'D4'},{'D1'},{'D6'},{'D7'},&,7.0,&
{'R3'},{'R2'},{'R1'},{'D2'},{'D3'},{'D4'},{'D5'},{'D1'},{'D6'},{'D7'},&,1.0,&
{'R3'},{'R2'},{'R1'},{'D2'},{'D3'},{'D4'},{'D1'},{'D5'},{'D6'},{'D7'},&,2.0,&
{'R3'},{'R2'},{'R1'},{'D2'},{'D3'},{'D4'},{'D6'},{'D5'},{'D1'},{'D7'},&,1.0,&
{'R3'},{'R2'},{'R1'},{'D2'},{'D3'},{'D1'},{'D5'},{'D4'},{'D6'},{'D7'},&,11.0,&
{'R3'},{'R2'},{'R1'},{'D2'},{'D3'},{'D1'},{'D5'},{'D6'},{'D4'},{'D7'},&,5.0,&
{'R3'},{'R2'},{'R1'},{'D2'},{'D3'},{'D1'},{'D4'},{'D5'},{'D6'},{'D7'},&,8.0,&
{'R3'},{'R2'},{'R1'},{'D2'},{'D3'},{'D6'},{'D5'},{'D4'},{'D1'},{'D7'},&,1.0,&
{'R3'},{'R2'},{'R1'},{'D2'},{'D3'},{'D6'},{'D1'},{'D5'},{'D4'},{'D7'},&,1.0,&
{'R3'},{'R2'},{'R1'},{'D2'},{'D1'},{'D5'},{'D4'},{'D3'},{'D6'},{'D7'},&,1.0,&
{'R3'},{'R2'},{'R1'},{'D2'},{'D1'},{'D5'},{'D3'},{'D4'},{'D6'},{'D7'},&,9.0,&
{'R3'},{'R2'},{'R1'},{'D2'},{'D1'},{'D5'},{'D3'},{'D6'},{'D4'},{'D7'},&,3.0,&
{'R3'},{'R2'},{'R1'},{'D2'},{'D1'},{'D4'},{'D5'},{'D3'},{'D6'},{'D7'},&,3.0,&
{'R3'},{'R2'},{'R1'},{'D2'},{'D1'},{'D3'},{'D5'},{'D4'},{'D6'},{'D7'},&,13.0,&
{'R3'},{'R2'},{'R1'},{'D2'},{'D1'},{'D3'},{'D5'},{'D6'},{'D4'},{'D7'},&,4.0,&
{'R3'},{'R2'},{'R1'},{'D2'},{'D1'},{'D3'},{'D6'},{'D5'},{'D4'},{'D7'},&,1.0,&
{'R3'},{'R2'},{'R1'},{'D2'},{'D1'},{'D3'},{'D6'},{'D4'},{'D5'},{'D7'},&,1.0,&
{'R3'},{'R2'},{'R1'},{'D2'},{'D1'},{'D3'},{'D4'},{'D5'},{'D6'},{'D7'},&,1.0,&
{'R3'},{'R2'},{'R1'},{'D2'},{'D5'},{'D4'},{'D1'},{'D3'},{'D6'},{'D7'},&,2.0,&
{'R3'},{'R2'},{'R1'},{'D2'},{'D5'},{'D4'},{'D3'},{'D1'},{'D6'},{'D7'},&,4.0,&
{'R3'},{'R2'},{'R1'},{'D2'},{'D5'},{'D1'},{'D4'},{'D3'},{'D6'},{'D7'},&,2.0,&
{'R3'},{'R2'},{'R1'},{'D2'},{'D5'},{'D1'},{'D3'},{'D4'},{'D6'},{'D7'},&,8.0,&
{'R3'},{'R2'},{'R1'},{'D2'},{'D5'},{'D1'},{'D3'},{'D6'},{'D4'},{'D7'},&,1.0,&
{'R3'},{'R2'},{'R1'},{'D2'},{'D5'},{'D3'},{'D1'},{'D4'},{'D6'},{'D7'},&,16.0,&
{'R3'},{'R2'},{'R1'},{'D2'},{'D5'},{'D3'},{'D1'},{'D6'},{'D4'},{'D7'},&,3.0,&
{'R3'},{'R2'},{'R1'},{'D2'},{'D5'},{'D3'},{'D6'},{'D4'},{'D1'},{'D7'},&,1.0,&
{'R3'},{'R2'},{'R1'},{'D2'},{'D5'},{'D3'},{'D6'},{'D1'},{'D4'},{'D7'},&,1.0,&
{'R3'},{'R2'},{'R1'},{'D2'},{'D5'},{'D3'},{'D4'},{'D1'},{'D6'},{'D7'},&,8.0,&
{'R3'},{'R2'},{'R1'},{'D2'},{'D5'},{'D6'},{'D1'},{'D3'},{'D4'},{'D7'},&,1.0,&
{'R3'},{'R2'},{'R1'},{'D2'},{'D5'},{'D6'},{'D3'},{'D4'},{'D1'},{'D7'},&,1.0,&
{'R3'},{'R2'},{'R1'},{'D2'},{'D4'},{'D5'},{'D1'},{'D3'},{'D6'},{'D7'},&,1.0,&
{'R3'},{'R2'},{'R1'},{'D2'},{'D4'},{'D5'},{'D3'},{'D1'},{'D6'},{'D7'},&,2.0,&
{'R3'},{'R2'},{'R1'},{'D2'},{'D4'},{'D5'},{'D3'},{'D6'},{'D1'},{'D7'},&,1.0,&
{'R3'},{'R2'},{'R1'},{'D2'},{'D4'},{'D1'},{'D3'},{'D5'},{'D6'},{'D7'},&,1.0,&
{'R3'},{'R2'},{'R1'},{'D2'},{'D4'},{'D3'},{'D5'},{'D1'},{'D6'},{'D7'},&,4.0,&
{'R3'},{'R2'},{'R1'},{'D2'},{'D4'},{'D3'},{'D5'},{'D6'},{'D1'},{'D7'},&,1.0,&
{'R3'},{'R2'},{'R1'},{'D2'},{'D4'},{'D3'},{'D1'},{'D5'},{'D6'},{'D7'},&,2.0,&
{'R3'},{'R2'},{'R1'},{'D2'},{'D4'},{'D3'},{'D6'},{'D1'},{'D5'},{'D7'},&,1.0,&
{'R3'},{'R2'},{'R1'},{'D2'},{'D6'},{'D5'},{'D3'},{'D4'},{'D1'},{'D7'},&,1.0,&
