VoteKit RankProfile
Candidates
(D6:D6),(R3:R3),(R2:R2),(R1:R1),(D1:D1),(D3:D3),(D5:D5),(D7:D7),(D2:D2),(D4:D4)
Max Ranking Length
10
Includes Voter Set
False
=,=,=,=,=,=,=,=,=,=
Ranking_1,Ranking_2,Ranking_3,Ranking_4,Ranking_5,Ranking_6,Ranking_7,Ranking_8,Ranking_9,Ranking_10,&,Weight,&
{'D5'},{'D3'},{'D4'},{'D7'},{'D1'},{'D6'},{'R3'},{'D2'},{'R2'},{'R1'},&,1.0,&
{'D5'},{'D3'},{'D4'},{'D7'},{'D1'},{'D6'},{'R3'},{'D2'},{'R1'},{'R2'},&,1.0,&
{'D5'},{'D3'},{'D4'},{'D7'},{'D1'},{'D6'},{'R3'},{'R1'},{'D2'},{'R2'},&,1.0,&
{'D5'},{'D3'},{'D4'},{'D7'},{'D1'},{'D6'},{'R3'},{'R2'},{'D2'},{'R1'},&,1.0,&
{'D5'},{'D3'},{'D4'},{'D7'},{'D1'},{'D6'},{'D2'},{'R1'},{'R2'},{'R3'},&,1.0,&
{'D5'},{'D3'},{'D4'},{'D7'},{'D1'},{'D6'},{'D2'},{'R1'},{'R3'},{'R2'},&,6.0,&
{'D5'},{'D3'},{'D4'},{'D7'},{'D1'},{'D6'},{'D2'},{'R2'},{'R3'},{'R1'},&,3.0,&
{'D5'},{'D3'},{'D4'},{'D7'},{'D1'},{'D6'},{'D2'},{'R2'},{'R1'},{'R3'},&,1.0,&
{'D5'},{'D3'},{'D4'},{'D7'},{'D1'},{'D6'},{'D2'},{'R3'},{'R2'},{'R1'},&,5.0,&
{'D5'},{'D3'},{'D4'},{'D7'},{'D1'},{'D6'},{'D2'},{'R3'},{'R1'},{'R2'},&,4.0,&
{'D5'},{'D3'},{'D4'},{'D7'},{'D1'},{'D6'},{'R2'},{'D2'},{'R3'},{'R1'},&,2.0,&
{'D5'},{'D3'},{'D4'},{'D7'},{'D1'},{'D6'},{'R1'},{'D2'},{'R3'},{'R2'},&,1.0,&
{'D5'},{'D3'},{'D4'},{'D7'},{'D1'},{'D2'},{'R2'},{'D6'},{'R3'},{'R1'},&,1.0,&
{'D5'},{'D3'},{'D4'},{'D7'},{'D1'},{'D2'},{'D6'},{'R3'},{'R2'},{'R1'},&,3.0,&
{'D5'},{'D3'},{'D4'},{'D7'},{'D1'},{'D2'},{'D6'},{'R3'},{'R1'},{'R2'},&,3.0,&
{'D5'},{'D3'},{'D4'},{'D7'},{'D1'},{'R1'},{'D6'},{'D2'},{'R3'},{'R2'},&,2.0,&
{'D5'},{'D3'},{'D4'},{'D7'},{'D2'},{'D6'},{'R3'},{'D1'},{'R2'},{'R1'},&,4.0,&
{'D5'},{'D3'},{'D4'},{'D7'},{'D2'},{'D6'},{'R3'},{'D1'},{'R1'},{'R2'},&,2.0,&
{'D5'},{'D3'},{'D4'},{'D7'},{'D2'},{'D6'},{'D1'},{'R1'},{'R2'},{'R3'},&,2.0,&
{'D5'},{'D3'},{'D4'},{'D7'},{'D2'},{'D6'},{'D1'},{'R1'},{'R3'},{'R2'},&,2.0,&
{'D5'},{'D3'},{'D4'},{'D7'},{'D2'},{'D6'},{'D1'},{'R3'},{'R2'},{'R1'},&,7.0,&
{'D5'},{'D3'},{'D4'},{'D7'},{'D2'},{'D6'},{'D1'},{'R3'},{'R1'},{'R2'},&,5.0,&
{'D5'},{'D3'},{'D4'},{'D7'},{'D2'},{'D1'},{'R3'},{'D6'},{'R1'},{'R2'},&,1.0,&
{'D5'},{'D3'},{'D4'},{'D7'},{'D2'},{'D1'},{'D6'},{'R1'},{'R3'},{'R2'},&,1.0,&
{'D5'},{'D3'},{'D4'},{'D7'},{'D2'},{'D1'},{'D6'},{'R2'},{'R3'},{'R1'},&,1.0,&
{'D5'},{'D3'},{'D4'},{'D7'},{'D2'},{'D1'},{'D6'},{'R3'},{'R2'},{'R1'},&,1.0,&
{'D5'},{'D3'},{'D4'},{'D7'},{'D2'},{'D1'},{'D6'},{'R3'},{'R1'},{'R2'},&,3.0,&
{'D5'},{'D3'},{'D4'},{'D7'},{'D2'},{'D1'},{'R1'},{'D6'},{'R3'},{'R2'},&,1.0,&
{'D5'},{'D3'},{'D4'},{'D7'},{'D2'},{'R2'},{'D6'},{'D1'},{'R3'},{'R1'},&,1.0,&
{'D5'},{'D3'},{'D4'},{'D7'},{'D2'},{'R1'},{'D6'},{'D1'},{'R3'},{'R2'},&,1.0,&
{'D5'},{'D3'},{'D4'},{'D7'},{'D2'},{'R3'},{'D1'},{'D6'},{'R1'},{'R2'},&,1.0,&
{'D5'},{'D3'},{'D4'},{'D7'},{'D2'},{'R3'},{'D6'},{'D1'},{'R2'},{'R1'},&,1.0,&
{'D5'},{'D3'},{'D4'},{'D7'},{'D6'},{'D1'},{'R3'},{'D2'},{'R2'},{'R1'},&,4.0,&
{'D5'},{'D3'},{'D4'},{'D7'},{'D6'},{'D1'},{'R3'},{'D2'},{'R1'},{'R2'},&,5.0,&
{'D5'},{'D3'},{'D4'},{'D7'},{'D6'},{'D1'},{'R3'},{'R1'},{'D2'},{'R2'},&,3.0,&
{'D5'},{'D3'},{'D4'},{'D7'},{'D6'},{'D1'},{'R3'},{'R2'},{'R1'},{'D2'},&,1.0,&
{'D5'},{'D3'},{'D4'},{'D7'},{'D6'},{'D1'},{'D2'},{'R1'},{'R2'},{'R3'},&,4.0,&
{'D5'},{'D3'},{'D4'},{'D7'},{'D6'},{'D1'},{'D2'},{'R1'},{'R3'},{'R2'},&,10.0,&
{'D5'},{'D3'},{'D4'},{'D7'},{'D6'},{'D1'},{'D2'},{'R2'},{'R3'},{'R1'},&,4.0,&
{'D5'},{'D3'},{'D4'},{'D7'},{'D6'},{'D1'},{'D2'},{'R2'},{'R1'},{'R3'},&,3.0,&
{'D5'},{'D3'},{'D4'},{'D7'},{'D6'},{'D1'},{'D2'},{'R3'},{'R2'},{'R1'},&,11.0,&
{'D5'},{'D3'},{'D4'},{'D7'},{'D6'},{'D1'},{'D2'},{'R3'},{'R1'},{'R2'},&,15.0,&
{'D5'},{'D3'},{'D4'},{'D7'},{'D6'},{'D1'},{'R2'},{'D2'},{'R3'},{'R1'},&,2.0,&
{'D5'},{'D3'},{'D4'},{'D7'},{'D6'},{'D1'},{'R1'},{'D2'},{'R2'},{'R3'},&,1.0,&
{'D5'},{'D3'},{'D4'},{'D7'},{'D6'},{'D1'},{'R1'},{'D2'},{'R3'},{'R2'},&,6.0,&
{'D5'},{'D3'},{'D4'},{'D7'},{'D6'},{'D2'},{'R3'},{'R1'},{'R2'},{'D1'},&,1.0,&
{'D5'},{'D3'},{'D4'},{'D7'},{'D6'},{'D2'},{'R3'},{'R1'},{'D1'},{'R2'},&,2.0,&
{'D5'},{'D3'},{'D4'},{'D7'},{'D6'},{'D2'},{'R3'},{'R2'},{'R1'},{'D1'},&,1.0,&
{'D5'},{'D3'},{'D4'},{'D7'},{'D6'},{'D2'},{'R3'},{'R2'},{'D1'},{'R1'},&,2.0,&
{'D5'},{'D3'},{'D4'},{'D7'},{'D6'},{'D2'},{'R3'},{'D1'},{'R2'},{'R1'},&,3.0,&
{'D5'},{'D3'},{'D4'},{'D7'},{'D6'},{'D2'},{'R3'},{'D1'},{'R1'},{'R2'},&,3.0,&
{'D5'},{'D3'},{'D4'},{'D7'},{'D6'},{'D2'},{'D1'},{'R1'},{'R2'},{'R3'},&,3.0,&
{'D5'},{'D3'},{'D4'},{'D7'},{'D6'},{'D2'},{'D1'},{'R1'},{'R3'},{'R2'},&,14.0,&
{'D5'},{'D3'},{'D4'},{'D7'},{'D6'},{'D2'},{'D1'},{'R2'},{'R3'},{'R1'},&,5.0,&
{'D5'},{'D3'},{'D4'},{'D7'},{'D6'},{'D2'},{'D1'},{'R2'},{'R1'},{'R3'},&,4.0,&
{'D5'},{'D3'},{'D4'},{'D7'},{'D6'},{'D2'},{'D1'},{'R3'},{'R2'},{'R1'},&,10.0,&
{'D5'},{'D3'},{'D4'},{'D7'},{'D6'},{'D2'},{'D1'},{'R3'},{'R1'},{'R2'},&,17.0,&
{'D5'},{'D3'},{'D4'},{'D7'},{'D6'},{'D2'},{'R2'},{'R3'},{'D1'},{'R1'},&,1.0,&
{'D5'},{'D3'},{'D4'},{'D7'},{'D6'},{'D2'},{'R2'},{'D1'},{'R3'},{'R1'},&,3.0,&
{'D5'},{'D3'},{'D4'},{'D7'},{'D6'},{'D2'},{'R1'},{'D1'},{'R2'},{'R3'},&,2.0,&
{'D5'},{'D3'},{'D4'},{'D7'},{'D6'},{'D2'},{'R1'},{'D1'},{'R3'},{'R2'},&,4.0,&
{'D5'},{'D3'},{'D4'},{'D7'},{'D6'},{'R1'},{'D1'},{'D2'},{'R3'},{'R2'},&,1.0,&
{'D5'},{'D3'},{'D4'},{'D7'},{'D6'},{'R1'},{'D1'},{'R2'},{'D2'},{'R3'},&,1.0,&
{'D5'},{'D3'},{'D4'},{'D7'},{'D6'},{'R3'},{'D2'},{'D1'},{'R2'},{'R1'},&,2.0,&
{'D5'},{'D3'},{'D4'},{'D7'},{'D6'},{'R3'},{'D1'},{'R1'},{'D2'},{'R2'},&,1.0,&
{'D5'},{'D3'},{'D4'},{'D7'},{'D6'},{'R3'},{'D1'},{'R2'},{'R1'},{'D2'},&,1.0,&
{'D5'},{'D3'},{'D4'},{'D7'},{'D6'},{'R3'},{'D1'},{'R2'},{'D2'},{'R1'},&,1.0,&
{'D5'},{'D3'},{'D4'},{'D7'},{'R2'},{'D1'},{'D6'},{'D2'},{'R3'},{'R1'},&,1.0,&
{'D5'},{'D3'},{'D4'},{'D1'},{'D7'},{'D6'},{'R3'},{'D2'},{'R1'},{'R2'},&,4.0,&
{'D5'},{'D3'},{'D4'},{'D1'},{'D7'},{'D6'},{'R3'},{'R1'},{'D2'},{'R2'},&,2.0,&
{'D5'},{'D3'},{'D4'},{'D1'},{'D7'},{'D6'},{'D2'},{'R1'},{'R2'},{'R3'},&,2.0,&
{'D5'},{'D3'},{'D4'},{'D1'},{'D7'},{'D6'},{'D2'},{'R1'},{'R3'},{'R2'},&,3.0,&
{'D5'},{'D3'},{'D4'},{'D1'},{'D7'},{'D6'},{'D2'},{'R2'},{'R3'},{'R1'},&,5.0,&
{'D5'},{'D3'},{'D4'},{'D1'},{'D7'},{'D6'},{'D2'},{'R2'},{'R1'},{'R3'},&,3.0,&
{'D5'},{'D3'},{'D4'},{'D1'},{'D7'},{'D6'},{'D2'},{'R3'},{'R2'},{'R1'},&,3.0,&
{'D5'},{'D3'},{'D4'},{'D1'},{'D7'},{'D6'},{'D2'},{'R3'},{'R1'},{'R2'},&,3.0,&
{'D5'},{'D3'},{'D4'},{'D1'},{'D7'},{'D6'},{'R2'},{'D2'},{'R1'},{'R3'},&,1.0,&
{'D5'},{'D3'},{'D4'},{'D1'},{'D7'},{'D2'},{'R3'},{'D6'},{'R1'},{'R2'},&,1.0,&
{'D5'},{'D3'},{'D4'},{'D1'},{'D7'},{'D2'},{'D6'},{'R1'},{'R3'},{'R2'},&,3.0,&
{'D5'},{'D3'},{'D4'},{'D1'},{'D7'},{'D2'},{'D6'},{'R2'},{'R3'},{'R1'},&,1.0,&
{'D5'},{'D3'},{'D4'},{'D1'},{'D7'},{'D2'},{'D6'},{'R3'},{'R2'},{'R1'},&,3.0,&
{'D5'},{'D3'},{'D4'},{'D1'},{'D7'},{'D2'},{'D6'},{'R3'},{'R1'},{'R2'},&,1.0,&
{'D5'},{'D3'},{'D4'},{'D1'},{'D7'},{'R1'},{'D6'},{'R3'},{'D2'},{'R2'},&,1.0,&
{'D5'},{'D3'},{'D4'},{'D1'},{'D7'},{'R3'},{'D6'},{'D2'},{'R2'},{'R1'},&,1.0,&
{'D5'},{'D3'},{'D4'},{'D1'},{'D7'},{'R3'},{'D6'},{'R2'},{'D2'},{'R1'},&,1.0,&
{'D5'},{'D3'},{'D4'},{'D1'},{'D2'},{'D6'},{'D7'},{'R1'},{'R3'},{'R2'},&,1.0,&
{'D5'},{'D3'},{'D4'},{'D1'},{'D2'},{'D6'},{'D7'},{'R2'},{'R3'},{'R1'},&,1.0,&
{'D5'},{'D3'},{'D4'},{'D1'},{'D2'},{'D6'},{'D7'},{'R3'},{'R2'},{'R1'},&,2.0,&
{'D5'},{'D3'},{'D4'},{'D1'},{'D2'},{'D6'},{'D7'},{'R3'},{'R1'},{'R2'},&,4.0,&
{'D5'},{'D3'},{'D4'},{'D1'},{'D2'},{'D6'},{'R1'},{'D7'},{'R2'},{'R3'},&,2.0,&
{'D5'},{'D3'},{'D4'},{'D1'},{'D2'},{'D7'},{'D6'},{'R1'},{'R2'},{'R3'},&,1.0,&
{'D5'},{'D3'},{'D4'},{'D1'},{'D2'},{'D7'},{'D6'},{'R1'},{'R3'},{'R2'},&,1.0,&
{'D5'},{'D3'},{'D4'},{'D1'},{'D2'},{'D7'},{'D6'},{'R2'},{'R3'},{'R1'},&,1.0,&
{'D5'},{'D3'},{'D4'},{'D1'},{'D2'},{'D7'},{'D6'},{'R3'},{'R2'},{'R1'},&,3.0,&
{'D5'},{'D3'},{'D4'},{'D1'},{'D2'},{'D7'},{'D6'},{'R3'},{'R1'},{'R2'},&,4.0,&
{'D5'},{'D3'},{'D4'},{'D1'},{'D6'},{'D7'},{'R3'},{'D2'},{'R2'},{'R1'},&,2.0,&
{'D5'},{'D3'},{'D4'},{'D1'},{'D6'},{'D7'},{'R3'},{'D2'},{'R1'},{'R2'},&,3.0,&
{'D5'},{'D3'},{'D4'},{'D1'},{'D6'},{'D7'},{'R3'},{'R1'},{'D2'},{'R2'},&,3.0,&
{'D5'},{'D3'},{'D4'},{'D1'},{'D6'},{'D7'},{'R3'},{'R2'},{'D2'},{'R1'},&,1.0,&
{'D5'},{'D3'},{'D4'},{'D1'},{'D6'},{'D7'},{'D2'},{'R1'},{'R3'},{'R2'},&,6.0,&
{'D5'},{'D3'},{'D4'},{'D1'},{'D6'},{'D7'},{'D2'},{'R2'},{'R3'},{'R1'},&,5.0,&
{'D5'},{'D3'},{'D4'},{'D1'},{'D6'},{'D7'},{'D2'},{'R3'},{'R2'},{'R1'},&,12.0,&
{'D5'},{'D3'},{'D4'},{'D1'},{'D6'},{'D7'},{'D2'},{'R3'},{'R1'},{'R2'},&,13.0,&
{'D5'},{'D3'},{'D4'},{'D1'},{'D6'},{'D7'},{'R2'},{'D2'},{'R1'},{'R3'},&,3.0,&
{'D5'},{'D3'},{'D4'},{'D1'},{'D6'},{'D7'},{'R2'},{'R3'},{'D2'},{'R1'},&,1.0,&
{'D5'},{'D3'},{'D4'},{'D1'},{'D6'},{'D7'},{'R1'},{'D2'},{'R2'},{'R3'},&,1.0,&
{'D5'},{'D3'},{'D4'},{'D1'},{'D6'},{'D7'},{'R1'},{'D2'},{'R3'},{'R2'},&,3.0,&
{'D5'},{'D3'},{'D4'},{'D1'},{'D6'},{'D2'},{'R3'},{'D7'},{'R2'},{'R1'},&,3.0,&
{'D5'},{'D3'},{'D4'},{'D1'},{'D6'},{'D2'},{'R3'},{'D7'},{'R1'},{'R2'},&,1.0,&
{'D5'},{'D3'},{'D4'},{'D1'},{'D6'},{'D2'},{'R2'},{'D7'},{'R1'},{'R3'},&,2.0,&
{'D5'},{'D3'},{'D4'},{'D1'},{'D6'},{'D2'},{'D7'},{'R1'},{'R3'},{'R2'},&,6.0,&
{'D5'},{'D3'},{'D4'},{'D1'},{'D6'},{'D2'},{'D7'},{'R2'},{'R3'},{'R1'},&,3.0,&
{'D5'},{'D3'},{'D4'},{'D1'},{'D6'},{'D2'},{'D7'},{'R3'},{'R2'},{'R1'},&,8.0,&
{'D5'},{'D3'},{'D4'},{'D1'},{'D6'},{'D2'},{'D7'},{'R3'},{'R1'},{'R2'},&,4.0,&
{'D5'},{'D3'},{'D4'},{'D1'},{'D6'},{'D2'},{'R1'},{'R3'},{'R2'},{'D7'},&,2.0,&
{'D5'},{'D3'},{'D4'},{'D1'},{'D6'},{'R1'},{'D2'},{'D7'},{'R3'},{'R2'},&,1.0,&
{'D5'},{'D3'},{'D4'},{'D1'},{'D6'},{'R3'},{'D2'},{'D7'},{'R2'},{'R1'},&,1.0,&
{'D5'},{'D3'},{'D4'},{'D1'},{'D6'},{'R3'},{'D7'},{'D2'},{'R2'},{'R1'},&,1.0,&
{'D5'},{'D3'},{'D4'},{'D1'},{'D6'},{'R3'},{'D7'},{'R2'},{'D2'},{'R1'},&,1.0,&
{'D5'},{'D3'},{'D4'},{'D1'},{'R3'},{'D2'},{'R1'},{'D6'},{'D7'},{'R2'},&,1.0,&
{'D5'},{'D3'},{'D4'},{'D1'},{'R2'},{'D6'},{'D7'},{'D2'},{'R1'},{'R3'},&,1.0,&
{'D5'},{'D3'},{'D4'},{'D2'},{'D1'},{'D6'},{'R2'},{'D7'},{'R3'},{'R1'},&,1.0,&
{'D5'},{'D3'},{'D4'},{'D2'},{'D1'},{'D6'},{'D7'},{'R1'},{'R3'},{'R2'},&,1.0,&
{'D5'},{'D3'},{'D4'},{'D2'},{'D1'},{'D6'},{'D7'},{'R2'},{'R1'},{'R3'},&,1.0,&
{'D5'},{'D3'},{'D4'},{'D2'},{'D1'},{'D6'},{'D7'},{'R3'},{'R2'},{'R1'},&,2.0,&
{'D5'},{'D3'},{'D4'},{'D2'},{'D1'},{'D6'},{'D7'},{'R3'},{'R1'},{'R2'},&,1.0,&
{'D5'},{'D3'},{'D4'},{'D2'},{'D1'},{'D7'},{'R3'},{'D6'},{'R2'},{'R1'},&,1.0,&
{'D5'},{'D3'},{'D4'},{'D2'},{'D1'},{'D7'},{'R2'},{'D6'},{'R3'},{'R1'},&,1.0,&
{'D5'},{'D3'},{'D4'},{'D2'},{'D1'},{'D7'},{'D6'},{'R1'},{'R3'},{'R2'},&,1.0,&
{'D5'},{'D3'},{'D4'},{'D2'},{'D1'},{'D7'},{'D6'},{'R2'},{'R3'},{'R1'},&,1.0,&
{'D5'},{'D3'},{'D4'},{'D2'},{'D1'},{'D7'},{'D6'},{'R3'},{'R1'},{'R2'},&,1.0,&
{'D5'},{'D3'},{'D4'},{'D2'},{'D1'},{'D7'},{'R1'},{'R3'},{'D6'},{'R2'},&,1.0,&
{'D5'},{'D3'},{'D4'},{'D2'},{'D1'},{'R3'},{'D6'},{'D7'},{'R1'},{'R2'},&,1.0,&
{'D5'},{'D3'},{'D4'},{'D2'},{'D1'},{'R3'},{'R1'},{'D6'},{'D7'},{'R2'},&,1.0,&
{'D5'},{'D3'},{'D4'},{'D2'},{'D7'},{'D6'},{'R3'},{'R1'},{'D1'},{'R2'},&,1.0,&
{'D5'},{'D3'},{'D4'},{'D2'},{'D7'},{'D6'},{'R3'},{'D1'},{'R2'},{'R1'},&,2.0,&
{'D5'},{'D3'},{'D4'},{'D2'},{'D7'},{'D6'},{'R3'},{'D1'},{'R1'},{'R2'},&,1.0,&
{'D5'},{'D3'},{'D4'},{'D2'},{'D7'},{'D6'},{'D1'},{'R1'},{'R3'},{'R2'},&,2.0,&
{'D5'},{'D3'},{'D4'},{'D2'},{'D7'},{'D6'},{'D1'},{'R2'},{'R3'},{'R1'},&,3.0,&
{'D5'},{'D3'},{'D4'},{'D2'},{'D7'},{'D6'},{'D1'},{'R2'},{'R1'},{'R3'},&,1.0,&
{'D5'},{'D3'},{'D4'},{'D2'},{'D7'},{'D6'},{'D1'},{'R3'},{'R2'},{'R1'},&,1.0,&
{'D5'},{'D3'},{'D4'},{'D2'},{'D7'},{'D6'},{'D1'},{'R3'},{'R1'},{'R2'},&,4.0,&
{'D5'},{'D3'},{'D4'},{'D2'},{'D7'},{'D6'},{'R1'},{'R3'},{'D1'},{'R2'},&,2.0,&
{'D5'},{'D3'},{'D4'},{'D2'},{'D7'},{'D6'},{'R1'},{'D1'},{'R3'},{'R2'},&,1.0,&
{'D5'},{'D3'},{'D4'},{'D2'},{'D7'},{'D1'},{'R2'},{'D6'},{'R1'},{'R3'},&,1.0,&
{'D5'},{'D3'},{'D4'},{'D2'},{'D7'},{'D1'},{'D6'},{'R1'},{'R3'},{'R2'},&,1.0,&
{'D5'},{'D3'},{'D4'},{'D2'},{'D7'},{'D1'},{'D6'},{'R2'},{'R3'},{'R1'},&,1.0,&
{'D5'},{'D3'},{'D4'},{'D2'},{'D7'},{'D1'},{'D6'},{'R3'},{'R1'},{'R2'},&,2.0,&
{'D5'},{'D3'},{'D4'},{'D2'},{'D7'},{'R1'},{'D6'},{'D1'},{'R3'},{'R2'},&,1.0,&
{'D5'},{'D3'},{'D4'},{'D2'},{'D6'},{'D7'},{'R3'},{'R1'},{'D1'},{'R2'},&,2.0,&
{'D5'},{'D3'},{'D4'},{'D2'},{'D6'},{'D7'},{'R3'},{'D1'},{'R2'},{'R1'},&,4.0,&
{'D5'},{'D3'},{'D4'},{'D2'},{'D6'},{'D7'},{'R3'},{'D1'},{'R1'},{'R2'},&,5.0,&
{'D5'},{'D3'},{'D4'},{'D2'},{'D6'},{'D7'},{'D1'},{'R1'},{'R2'},{'R3'},&,1.0,&
{'D5'},{'D3'},{'D4'},{'D2'},{'D6'},{'D7'},{'D1'},{'R1'},{'R3'},{'R2'},&,8.0,&
{'D5'},{'D3'},{'D4'},{'D2'},{'D6'},{'D7'},{'D1'},{'R2'},{'R3'},{'R1'},&,4.0,&
{'D5'},{'D3'},{'D4'},{'D2'},{'D6'},{'D7'},{'D1'},{'R2'},{'R1'},{'R3'},&,3.0,&
{'D5'},{'D3'},{'D4'},{'D2'},{'D6'},{'D7'},{'D1'},{'R3'},{'R2'},{'R1'},&,7.0,&
{'D5'},{'D3'},{'D4'},{'D2'},{'D6'},{'D7'},{'D1'},{'R3'},{'R1'},{'R2'},&,10.0,&
{'D5'},{'D3'},{'D4'},{'D2'},{'D6'},{'D7'},{'R2'},{'R1'},{'D1'},{'R3'},&,1.0,&
{'D5'},{'D3'},{'D4'},{'D2'},{'D6'},{'D7'},{'R1'},{'D1'},{'R3'},{'R2'},&,1.0,&
{'D5'},{'D3'},{'D4'},{'D2'},{'D6'},{'D1'},{'R3'},{'R1'},{'R2'},{'D7'},&,1.0,&
{'D5'},{'D3'},{'D4'},{'D2'},{'D6'},{'D1'},{'R3'},{'D7'},{'R2'},{'R1'},&,1.0,&
{'D5'},{'D3'},{'D4'},{'D2'},{'D6'},{'D1'},{'R2'},{'R1'},{'R3'},{'D7'},&,1.0,&
{'D5'},{'D3'},{'D4'},{'D2'},{'D6'},{'D1'},{'D7'},{'R1'},{'R2'},{'R3'},&,1.0,&
{'D5'},{'D3'},{'D4'},{'D2'},{'D6'},{'D1'},{'D7'},{'R1'},{'R3'},{'R2'},&,1.0,&
{'D5'},{'D3'},{'D4'},{'D2'},{'D6'},{'D1'},{'D7'},{'R2'},{'R3'},{'R1'},&,4.0,&
{'D5'},{'D3'},{'D4'},{'D2'},{'D6'},{'D1'},{'D7'},{'R2'},{'R1'},{'R3'},&,2.0,&
{'D5'},{'D3'},{'D4'},{'D2'},{'D6'},{'D1'},{'D7'},{'R3'},{'R2'},{'R1'},&,10.0,&
{'D5'},{'D3'},{'D4'},{'D2'},{'D6'},{'D1'},{'D7'},{'R3'},{'R1'},{'R2'},&,6.0,&
{'D5'},{'D3'},{'D4'},{'D2'},{'D6'},{'D1'},{'R1'},{'D7'},{'R2'},{'R3'},&,1.0,&
{'D5'},{'D3'},{'D4'},{'D2'},{'D6'},{'R2'},{'R3'},{'D1'},{'D7'},{'R1'},&,1.0,&
{'D5'},{'D3'},{'D4'},{'D2'},{'D6'},{'R1'},{'D1'},{'R3'},{'R2'},{'D7'},&,1.0,&
{'D5'},{'D3'},{'D4'},{'D2'},{'D6'},{'R3'},{'D7'},{'D1'},{'R1'},{'R2'},&,1.0,&
{'D5'},{'D3'},{'D4'},{'D2'},{'R3'},{'D6'},{'D7'},{'D1'},{'R2'},{'R1'},&,1.0,&
{'D5'},{'D3'},{'D4'},{'D2'},{'R3'},{'D1'},{'D6'},{'R2'},{'D7'},{'R1'},&,1.0,&
{'D5'},{'D3'},{'D4'},{'R1'},{'D2'},{'D6'},{'D1'},{'D7'},{'R3'},{'R2'},&,1.0,&
{'D5'},{'D3'},{'D4'},{'D6'},{'D1'},{'D7'},{'R3'},{'D2'},{'R2'},{'R1'},&,3.0,&
{'D5'},{'D3'},{'D4'},{'D6'},{'D1'},{'D7'},{'R3'},{'D2'},{'R1'},{'R2'},&,3.0,&
{'D5'},{'D3'},{'D4'},{'D6'},{'D1'},{'D7'},{'R3'},{'R1'},{'R2'},{'D2'},&,1.0,&
{'D5'},{'D3'},{'D4'},{'D6'},{'D1'},{'D7'},{'R3'},{'R1'},{'D2'},{'R2'},&,1.0,&
{'D5'},{'D3'},{'D4'},{'D6'},{'D1'},{'D7'},{'R3'},{'R2'},{'R1'},{'D2'},&,1.0,&
{'D5'},{'D3'},{'D4'},{'D6'},{'D1'},{'D7'},{'D2'},{'R1'},{'R2'},{'R3'},&,1.0,&
{'D5'},{'D3'},{'D4'},{'D6'},{'D1'},{'D7'},{'D2'},{'R1'},{'R3'},{'R2'},&,7.0,&
{'D5'},{'D3'},{'D4'},{'D6'},{'D1'},{'D7'},{'D2'},{'R2'},{'R3'},{'R1'},&,10.0,&
{'D5'},{'D3'},{'D4'},{'D6'},{'D1'},{'D7'},{'D2'},{'R2'},{'R1'},{'R3'},&,2.0,&
{'D5'},{'D3'},{'D4'},{'D6'},{'D1'},{'D7'},{'D2'},{'R3'},{'R2'},{'R1'},&,19.0,&
{'D5'},{'D3'},{'D4'},{'D6'},{'D1'},{'D7'},{'D2'},{'R3'},{'R1'},{'R2'},&,17.0,&
{'D5'},{'D3'},{'D4'},{'D6'},{'D1'},{'D7'},{'R2'},{'D2'},{'R3'},{'R1'},&,2.0,&
{'D5'},{'D3'},{'D4'},{'D6'},{'D1'},{'D7'},{'R2'},{'R1'},{'D2'},{'R3'},&,1.0,&
{'D5'},{'D3'},{'D4'},{'D6'},{'D1'},{'D7'},{'R1'},{'D2'},{'R3'},{'R2'},&,1.0,&
{'D5'},{'D3'},{'D4'},{'D6'},{'D1'},{'D2'},{'R3'},{'R1'},{'D7'},{'R2'},&,1.0,&
{'D5'},{'D3'},{'D4'},{'D6'},{'D1'},{'D2'},{'R3'},{'D7'},{'R2'},{'R1'},&,3.0,&
{'D5'},{'D3'},{'D4'},{'D6'},{'D1'},{'D2'},{'R3'},{'D7'},{'R1'},{'R2'},&,1.0,&
{'D5'},{'D3'},{'D4'},{'D6'},{'D1'},{'D2'},{'D7'},{'R1'},{'R2'},{'R3'},&,1.0,&
{'D5'},{'D3'},{'D4'},{'D6'},{'D1'},{'D2'},{'D7'},{'R1'},{'R3'},{'R2'},&,1.0,&
{'D5'},{'D3'},{'D4'},{'D6'},{'D1'},{'D2'},{'D7'},{'R2'},{'R3'},{'R1'},&,3.0,&
{'D5'},{'D3'},{'D4'},{'D6'},{'D1'},{'D2'},{'D7'},{'R2'},{'R1'},{'R3'},&,2.0,&
{'D5'},{'D3'},{'D4'},{'D6'},{'D1'},{'D2'},{'D7'},{'R3'},{'R2'},{'R1'},&,5.0,&
{'D5'},{'D3'},{'D4'},{'D6'},{'D1'},{'D2'},{'D7'},{'R3'},{'R1'},{'R2'},&,13.0,&
{'D5'},{'D3'},{'D4'},{'D6'},{'D1'},{'D2'},{'R1'},{'D7'},{'R2'},{'R3'},&,1.0,&
{'D5'},{'D3'},{'D4'},{'D6'},{'D1'},{'D2'},{'R1'},{'D7'},{'R3'},{'R2'},&,3.0,&
{'D5'},{'D3'},{'D4'},{'D6'},{'D1'},{'R3'},{'D2'},{'D7'},{'R1'},{'R2'},&,1.0,&
{'D5'},{'D3'},{'D4'},{'D6'},{'D1'},{'R3'},{'D7'},{'R1'},{'D2'},{'R2'},&,1.0,&
{'D5'},{'D3'},{'D4'},{'D6'},{'D1'},{'R3'},{'D7'},{'R2'},{'R1'},{'D2'},&,1.0,&
{'D5'},{'D3'},{'D4'},{'D6'},{'D7'},{'D1'},{'R3'},{'D2'},{'R2'},{'R1'},&,1.0,&
{'D5'},{'D3'},{'D4'},{'D6'},{'D7'},{'D1'},{'R3'},{'D2'},{'R1'},{'R2'},&,6.0,&
{'D5'},{'D3'},{'D4'},{'D6'},{'D7'},{'D1'},{'R3'},{'R1'},{'D2'},{'R2'},&,3.0,&
{'D5'},{'D3'},{'D4'},{'D6'},{'D7'},{'D1'},{'R3'},{'R2'},{'D2'},{'R1'},&,2.0,&
{'D5'},{'D3'},{'D4'},{'D6'},{'D7'},{'D1'},{'D2'},{'R1'},{'R2'},{'R3'},&,8.0,&
{'D5'},{'D3'},{'D4'},{'D6'},{'D7'},{'D1'},{'D2'},{'R1'},{'R3'},{'R2'},&,19.0,&
{'D5'},{'D3'},{'D4'},{'D6'},{'D7'},{'D1'},{'D2'},{'R2'},{'R3'},{'R1'},&,9.0,&
{'D5'},{'D3'},{'D4'},{'D6'},{'D7'},{'D1'},{'D2'},{'R2'},{'R1'},{'R3'},&,8.0,&
{'D5'},{'D3'},{'D4'},{'D6'},{'D7'},{'D1'},{'D2'},{'R3'},{'R2'},{'R1'},&,18.0,&
{'D5'},{'D3'},{'D4'},{'D6'},{'D7'},{'D1'},{'D2'},{'R3'},{'R1'},{'R2'},&,20.0,&
{'D5'},{'D3'},{'D4'},{'D6'},{'D7'},{'D1'},{'R2'},{'D2'},{'R3'},{'R1'},&,3.0,&
{'D5'},{'D3'},{'D4'},{'D6'},{'D7'},{'D1'},{'R2'},{'R3'},{'R1'},{'D2'},&,1.0,&
{'D5'},{'D3'},{'D4'},{'D6'},{'D7'},{'D1'},{'R1'},{'D2'},{'R2'},{'R3'},&,1.0,&
{'D5'},{'D3'},{'D4'},{'D6'},{'D7'},{'D1'},{'R1'},{'D2'},{'R3'},{'R2'},&,5.0,&
{'D5'},{'D3'},{'D4'},{'D6'},{'D7'},{'D1'},{'R1'},{'R3'},{'D2'},{'R2'},&,5.0,&
{'D5'},{'D3'},{'D4'},{'D6'},{'D7'},{'D2'},{'R3'},{'R1'},{'R2'},{'D1'},&,1.0,&
{'D5'},{'D3'},{'D4'},{'D6'},{'D7'},{'D2'},{'R3'},{'R1'},{'D1'},{'R2'},&,1.0,&
{'D5'},{'D3'},{'D4'},{'D6'},{'D7'},{'D2'},{'R3'},{'R2'},{'D1'},{'R1'},&,2.0,&
{'D5'},{'D3'},{'D4'},{'D6'},{'D7'},{'D2'},{'R3'},{'D1'},{'R2'},{'R1'},&,2.0,&
{'D5'},{'D3'},{'D4'},{'D6'},{'D7'},{'D2'},{'R3'},{'D1'},{'R1'},{'R2'},&,5.0,&
{'D5'},{'D3'},{'D4'},{'D6'},{'D7'},{'D2'},{'D1'},{'R1'},{'R2'},{'R3'},&,1.0,&
{'D5'},{'D3'},{'D4'},{'D6'},{'D7'},{'D2'},{'D1'},{'R1'},{'R3'},{'R2'},&,10.0,&
{'D5'},{'D3'},{'D4'},{'D6'},{'D7'},{'D2'},{'D1'},{'R2'},{'R3'},{'R1'},&,8.0,&
{'D5'},{'D3'},{'D4'},{'D6'},{'D7'},{'D2'},{'D1'},{'R2'},{'R1'},{'R3'},&,4.0,&
{'D5'},{'D3'},{'D4'},{'D6'},{'D7'},{'D2'},{'D1'},{'R3'},{'R2'},{'R1'},&,10.0,&
{'D5'},{'D3'},{'D4'},{'D6'},{'D7'},{'D2'},{'D1'},{'R3'},{'R1'},{'R2'},&,15.0,&
{'D5'},{'D3'},{'D4'},{'D6'},{'D7'},{'D2'},{'R2'},{'R3'},{'D1'},{'R1'},&,1.0,&
{'D5'},{'D3'},{'D4'},{'D6'},{'D7'},{'D2'},{'R2'},{'D1'},{'R3'},{'R1'},&,3.0,&
{'D5'},{'D3'},{'D4'},{'D6'},{'D7'},{'D2'},{'R1'},{'R2'},{'D1'},{'R3'},&,1.0,&
{'D5'},{'D3'},{'D4'},{'D6'},{'D7'},{'D2'},{'R1'},{'R3'},{'R2'},{'D1'},&,1.0,&
{'D5'},{'D3'},{'D4'},{'D6'},{'D7'},{'D2'},{'R1'},{'R3'},{'D1'},{'R2'},&,1.0,&
{'D5'},{'D3'},{'D4'},{'D6'},{'D7'},{'D2'},{'R1'},{'D1'},{'R3'},{'R2'},&,3.0,&
{'D5'},{'D3'},{'D4'},{'D6'},{'D7'},{'R2'},{'D2'},{'D1'},{'R3'},{'R1'},&,2.0,&
{'D5'},{'D3'},{'D4'},{'D6'},{'D7'},{'R2'},{'D1'},{'D2'},{'R3'},{'R1'},&,2.0,&
{'D5'},{'D3'},{'D4'},{'D6'},{'D7'},{'R2'},{'D1'},{'R3'},{'D2'},{'R1'},&,1.0,&
{'D5'},{'D3'},{'D4'},{'D6'},{'D7'},{'R1'},{'D2'},{'D1'},{'R3'},{'R2'},&,3.0,&
{'D5'},{'D3'},{'D4'},{'D6'},{'D7'},{'R1'},{'D1'},{'D2'},{'R3'},{'R2'},&,1.0,&
{'D5'},{'D3'},{'D4'},{'D6'},{'D7'},{'R3'},{'D2'},{'D1'},{'R2'},{'R1'},&,1.0,&
{'D5'},{'D3'},{'D4'},{'D6'},{'D7'},{'R3'},{'D2'},{'D1'},{'R1'},{'R2'},&,2.0,&
{'D5'},{'D3'},{'D4'},{'D6'},{'D7'},{'R3'},{'D1'},{'D2'},{'R2'},{'R1'},&,1.0,&
{'D5'},{'D3'},{'D4'},{'D6'},{'D7'},{'R3'},{'D1'},{'D2'},{'R1'},{'R2'},&,1.0,&
{'D5'},{'D3'},{'D4'},{'D6'},{'D7'},{'R3'},{'D1'},{'R1'},{'D2'},{'R2'},&,1.0,&
{'D5'},{'D3'},{'D4'},{'D6'},{'D7'},{'R3'},{'D1'},{'R2'},{'D2'},{'R1'},&,1.0,&
{'D5'},{'D3'},{'D4'},{'D6'},{'D7'},{'R3'},{'R1'},{'D2'},{'D1'},{'R2'},&,1.0,&
{'D5'},{'D3'},{'D4'},{'D6'},{'D2'},{'D7'},{'R3'},{'D1'},{'R2'},{'R1'},&,1.0,&
{'D5'},{'D3'},{'D4'},{'D6'},{'D2'},{'D7'},{'R3'},{'D1'},{'R1'},{'R2'},&,1.0,&
{'D5'},{'D3'},{'D4'},{'D6'},{'D2'},{'D7'},{'D1'},{'R1'},{'R2'},{'R3'},&,5.0,&
{'D5'},{'D3'},{'D4'},{'D6'},{'D2'},{'D7'},{'D1'},{'R1'},{'R3'},{'R2'},&,10.0,&
{'D5'},{'D3'},{'D4'},{'D6'},{'D2'},{'D7'},{'D1'},{'R2'},{'R3'},{'R1'},&,9.0,&
{'D5'},{'D3'},{'D4'},{'D6'},{'D2'},{'D7'},{'D1'},{'R2'},{'R1'},{'R3'},&,3.0,&
{'D5'},{'D3'},{'D4'},{'D6'},{'D2'},{'D7'},{'D1'},{'R3'},{'R2'},{'R1'},&,13.0,&
{'D5'},{'D3'},{'D4'},{'D6'},{'D2'},{'D7'},{'D1'},{'R3'},{'R1'},{'R2'},&,15.0,&
{'D5'},{'D3'},{'D4'},{'D6'},{'D2'},{'D7'},{'R2'},{'R3'},{'D1'},{'R1'},&,1.0,&
{'D5'},{'D3'},{'D4'},{'D6'},{'D2'},{'D7'},{'R2'},{'D1'},{'R3'},{'R1'},&,3.0,&
{'D5'},{'D3'},{'D4'},{'D6'},{'D2'},{'D7'},{'R2'},{'D1'},{'R1'},{'R3'},&,2.0,&
{'D5'},{'D3'},{'D4'},{'D6'},{'D2'},{'D7'},{'R1'},{'D1'},{'R2'},{'R3'},&,1.0,&
{'D5'},{'D3'},{'D4'},{'D6'},{'D2'},{'D1'},{'R3'},{'R1'},{'D7'},{'R2'},&,1.0,&
{'D5'},{'D3'},{'D4'},{'D6'},{'D2'},{'D1'},{'R3'},{'D7'},{'R2'},{'R1'},&,2.0,&
{'D5'},{'D3'},{'D4'},{'D6'},{'D2'},{'D1'},{'R2'},{'D7'},{'R3'},{'R1'},&,2.0,&
{'D5'},{'D3'},{'D4'},{'D6'},{'D2'},{'D1'},{'D7'},{'R1'},{'R2'},{'R3'},&,1.0,&
{'D5'},{'D3'},{'D4'},{'D6'},{'D2'},{'D1'},{'D7'},{'R1'},{'R3'},{'R2'},&,6.0,&
{'D5'},{'D3'},{'D4'},{'D6'},{'D2'},{'D1'},{'D7'},{'R2'},{'R3'},{'R1'},&,5.0,&
{'D5'},{'D3'},{'D4'},{'D6'},{'D2'},{'D1'},{'D7'},{'R2'},{'R1'},{'R3'},&,4.0,&
{'D5'},{'D3'},{'D4'},{'D6'},{'D2'},{'D1'},{'D7'},{'R3'},{'R2'},{'R1'},&,6.0,&
{'D5'},{'D3'},{'D4'},{'D6'},{'D2'},{'D1'},{'D7'},{'R3'},{'R1'},{'R2'},&,9.0,&
{'D5'},{'D3'},{'D4'},{'D6'},{'D2'},{'R2'},{'D7'},{'R3'},{'D1'},{'R1'},&,1.0,&
{'D5'},{'D3'},{'D4'},{'D6'},{'D2'},{'R3'},{'D7'},{'D1'},{'R1'},{'R2'},&,2.0,&
{'D5'},{'D3'},{'D4'},{'D6'},{'R3'},{'D1'},{'D7'},{'D2'},{'R2'},{'R1'},&,1.0,&
{'D5'},{'D3'},{'D4'},{'D6'},{'R1'},{'D7'},{'D2'},{'R3'},{'D1'},{'R2'},&,1.0,&
{'D5'},{'D3'},{'D6'},{'D7'},{'D1'},{'D4'},{'R3'},{'D2'},{'R2'},{'R1'},&,6.0,&
{'D5'},{'D3'},{'D6'},{'D7'},{'D1'},{'D4'},{'R3'},{'D2'},{'R1'},{'R2'},&,6.0,&
{'D5'},{'D3'},{'D6'},{'D7'},{'D1'},{'D4'},{'R3'},{'R1'},{'D2'},{'R2'},&,1.0,&
{'D5'},{'D3'},{'D6'},{'D7'},{'D1'},{'D4'},{'R3'},{'R2'},{'R1'},{'D2'},&,1.0,&
{'D5'},{'D3'},{'D6'},{'D7'},{'D1'},{'D4'},{'D2'},{'R1'},{'R2'},{'R3'},&,3.0,&
{'D5'},{'D3'},{'D6'},{'D7'},{'D1'},{'D4'},{'D2'},{'R1'},{'R3'},{'R2'},&,13.0,&
{'D5'},{'D3'},{'D6'},{'D7'},{'D1'},{'D4'},{'D2'},{'R2'},{'R3'},{'R1'},&,8.0,&
{'D5'},{'D3'},{'D6'},{'D7'},{'D1'},{'D4'},{'D2'},{'R2'},{'R1'},{'R3'},&,7.0,&
{'D5'},{'D3'},{'D6'},{'D7'},{'D1'},{'D4'},{'D2'},{'R3'},{'R2'},{'R1'},&,20.0,&
{'D5'},{'D3'},{'D6'},{'D7'},{'D1'},{'D4'},{'D2'},{'R3'},{'R1'},{'R2'},&,33.0,&
{'D5'},{'D3'},{'D6'},{'D7'},{'D1'},{'D4'},{'R2'},{'D2'},{'R3'},{'R1'},&,4.0,&
{'D5'},{'D3'},{'D6'},{'D7'},{'D1'},{'D4'},{'R2'},{'D2'},{'R1'},{'R3'},&,1.0,&
{'D5'},{'D3'},{'D6'},{'D7'},{'D1'},{'D4'},{'R2'},{'R3'},{'R1'},{'D2'},&,1.0,&
{'D5'},{'D3'},{'D6'},{'D7'},{'D1'},{'D4'},{'R1'},{'D2'},{'R2'},{'R3'},&,3.0,&
{'D5'},{'D3'},{'D6'},{'D7'},{'D1'},{'D4'},{'R1'},{'D2'},{'R3'},{'R2'},&,3.0,&
{'D5'},{'D3'},{'D6'},{'D7'},{'D1'},{'D4'},{'R1'},{'R3'},{'D2'},{'R2'},&,1.0,&
{'D5'},{'D3'},{'D6'},{'D7'},{'D1'},{'D2'},{'R3'},{'R1'},{'D4'},{'R2'},&,2.0,&
{'D5'},{'D3'},{'D6'},{'D7'},{'D1'},{'D2'},{'R3'},{'R2'},{'D4'},{'R1'},&,1.0,&
{'D5'},{'D3'},{'D6'},{'D7'},{'D1'},{'D2'},{'R3'},{'D4'},{'R2'},{'R1'},&,2.0,&
{'D5'},{'D3'},{'D6'},{'D7'},{'D1'},{'D2'},{'R3'},{'D4'},{'R1'},{'R2'},&,8.0,&
{'D5'},{'D3'},{'D6'},{'D7'},{'D1'},{'D2'},{'D4'},{'R1'},{'R2'},{'R3'},&,5.0,&
{'D5'},{'D3'},{'D6'},{'D7'},{'D1'},{'D2'},{'D4'},{'R1'},{'R3'},{'R2'},&,12.0,&
{'D5'},{'D3'},{'D6'},{'D7'},{'D1'},{'D2'},{'D4'},{'R2'},{'R3'},{'R1'},&,8.0,&
{'D5'},{'D3'},{'D6'},{'D7'},{'D1'},{'D2'},{'D4'},{'R2'},{'R1'},{'R3'},&,3.0,&
{'D5'},{'D3'},{'D6'},{'D7'},{'D1'},{'D2'},{'D4'},{'R3'},{'R2'},{'R1'},&,9.0,&
{'D5'},{'D3'},{'D6'},{'D7'},{'D1'},{'D2'},{'D4'},{'R3'},{'R1'},{'R2'},&,18.0,&
{'D5'},{'D3'},{'D6'},{'D7'},{'D1'},{'D2'},{'R2'},{'R1'},{'R3'},{'D4'},&,1.0,&
{'D5'},{'D3'},{'D6'},{'D7'},{'D1'},{'D2'},{'R2'},{'R3'},{'R1'},{'D4'},&,1.0,&
{'D5'},{'D3'},{'D6'},{'D7'},{'D1'},{'D2'},{'R2'},{'D4'},{'R3'},{'R1'},&,2.0,&
{'D5'},{'D3'},{'D6'},{'D7'},{'D1'},{'D2'},{'R2'},{'D4'},{'R1'},{'R3'},&,1.0,&
{'D5'},{'D3'},{'D6'},{'D7'},{'D1'},{'D2'},{'R1'},{'D4'},{'R3'},{'R2'},&,3.0,&
{'D5'},{'D3'},{'D6'},{'D7'},{'D1'},{'R2'},{'D4'},{'D2'},{'R3'},{'R1'},&,1.0,&
{'D5'},{'D3'},{'D6'},{'D7'},{'D1'},{'R1'},{'D2'},{'D4'},{'R3'},{'R2'},&,2.0,&
{'D5'},{'D3'},{'D6'},{'D7'},{'D1'},{'R3'},{'D2'},{'D4'},{'R2'},{'R1'},&,2.0,&
{'D5'},{'D3'},{'D6'},{'D7'},{'D1'},{'R3'},{'D2'},{'D4'},{'R1'},{'R2'},&,2.0,&
{'D5'},{'D3'},{'D6'},{'D7'},{'D1'},{'R3'},{'D4'},{'D2'},{'R2'},{'R1'},&,1.0,&
{'D5'},{'D3'},{'D6'},{'D7'},{'D1'},{'R3'},{'D4'},{'D2'},{'R1'},{'R2'},&,1.0,&
{'D5'},{'D3'},{'D6'},{'D7'},{'D1'},{'R3'},{'D4'},{'R1'},{'D2'},{'R2'},&,3.0,&
{'D5'},{'D3'},{'D6'},{'D7'},{'D2'},{'D4'},{'R3'},{'R1'},{'D1'},{'R2'},&,1.0,&
{'D5'},{'D3'},{'D6'},{'D7'},{'D2'},{'D4'},{'R3'},{'R2'},{'R1'},{'D1'},&,1.0,&
{'D5'},{'D3'},{'D6'},{'D7'},{'D2'},{'D4'},{'R3'},{'R2'},{'D1'},{'R1'},&,1.0,&
{'D5'},{'D3'},{'D6'},{'D7'},{'D2'},{'D4'},{'R3'},{'D1'},{'R2'},{'R1'},&,3.0,&
{'D5'},{'D3'},{'D6'},{'D7'},{'D2'},{'D4'},{'R3'},{'D1'},{'R1'},{'R2'},&,4.0,&
{'D5'},{'D3'},{'D6'},{'D7'},{'D2'},{'D4'},{'D1'},{'R1'},{'R2'},{'R3'},&,6.0,&
{'D5'},{'D3'},{'D6'},{'D7'},{'D2'},{'D4'},{'D1'},{'R1'},{'R3'},{'R2'},&,13.0,&
{'D5'},{'D3'},{'D6'},{'D7'},{'D2'},{'D4'},{'D1'},{'R2'},{'R3'},{'R1'},&,10.0,&
{'D5'},{'D3'},{'D6'},{'D7'},{'D2'},{'D4'},{'D1'},{'R2'},{'R1'},{'R3'},&,6.0,&
{'D5'},{'D3'},{'D6'},{'D7'},{'D2'},{'D4'},{'D1'},{'R3'},{'R2'},{'R1'},&,12.0,&
{'D5'},{'D3'},{'D6'},{'D7'},{'D2'},{'D4'},{'D1'},{'R3'},{'R1'},{'R2'},&,18.0,&
{'D5'},{'D3'},{'D6'},{'D7'},{'D2'},{'D4'},{'R2'},{'R1'},{'D1'},{'R3'},&,1.0,&
{'D5'},{'D3'},{'D6'},{'D7'},{'D2'},{'D4'},{'R2'},{'D1'},{'R3'},{'R1'},&,3.0,&
{'D5'},{'D3'},{'D6'},{'D7'},{'D2'},{'D4'},{'R2'},{'D1'},{'R1'},{'R3'},&,1.0,&
{'D5'},{'D3'},{'D6'},{'D7'},{'D2'},{'D4'},{'R1'},{'R3'},{'D1'},{'R2'},&,1.0,&
{'D5'},{'D3'},{'D6'},{'D7'},{'D2'},{'D4'},{'R1'},{'D1'},{'R2'},{'R3'},&,2.0,&
{'D5'},{'D3'},{'D6'},{'D7'},{'D2'},{'D4'},{'R1'},{'D1'},{'R3'},{'R2'},&,2.0,&
{'D5'},{'D3'},{'D6'},{'D7'},{'D2'},{'D1'},{'R3'},{'R1'},{'D4'},{'R2'},&,1.0,&
{'D5'},{'D3'},{'D6'},{'D7'},{'D2'},{'D1'},{'R3'},{'R2'},{'D4'},{'R1'},&,2.0,&
{'D5'},{'D3'},{'D6'},{'D7'},{'D2'},{'D1'},{'R3'},{'D4'},{'R2'},{'R1'},&,2.0,&
{'D5'},{'D3'},{'D6'},{'D7'},{'D2'},{'D1'},{'R3'},{'D4'},{'R1'},{'R2'},&,5.0,&
{'D5'},{'D3'},{'D6'},{'D7'},{'D2'},{'D1'},{'D4'},{'R1'},{'R2'},{'R3'},&,1.0,&
{'D5'},{'D3'},{'D6'},{'D7'},{'D2'},{'D1'},{'D4'},{'R1'},{'R3'},{'R2'},&,7.0,&
{'D5'},{'D3'},{'D6'},{'D7'},{'D2'},{'D1'},{'D4'},{'R2'},{'R3'},{'R1'},&,8.0,&
{'D5'},{'D3'},{'D6'},{'D7'},{'D2'},{'D1'},{'D4'},{'R2'},{'R1'},{'R3'},&,4.0,&
{'D5'},{'D3'},{'D6'},{'D7'},{'D2'},{'D1'},{'D4'},{'R3'},{'R2'},{'R1'},&,16.0,&
{'D5'},{'D3'},{'D6'},{'D7'},{'D2'},{'D1'},{'D4'},{'R3'},{'R1'},{'R2'},&,14.0,&
{'D5'},{'D3'},{'D6'},{'D7'},{'D2'},{'D1'},{'R2'},{'R3'},{'D4'},{'R1'},&,1.0,&
{'D5'},{'D3'},{'D6'},{'D7'},{'D2'},{'D1'},{'R2'},{'D4'},{'R3'},{'R1'},&,1.0,&
{'D5'},{'D3'},{'D6'},{'D7'},{'D2'},{'D1'},{'R1'},{'R2'},{'D4'},{'R3'},&,1.0,&
{'D5'},{'D3'},{'D6'},{'D7'},{'D2'},{'D1'},{'R1'},{'R3'},{'R2'},{'D4'},&,1.0,&
{'D5'},{'D3'},{'D6'},{'D7'},{'D2'},{'D1'},{'R1'},{'D4'},{'R2'},{'R3'},&,2.0,&
{'D5'},{'D3'},{'D6'},{'D7'},{'D2'},{'D1'},{'R1'},{'D4'},{'R3'},{'R2'},&,2.0,&
{'D5'},{'D3'},{'D6'},{'D7'},{'D2'},{'R2'},{'D1'},{'D4'},{'R3'},{'R1'},&,1.0,&
{'D5'},{'D3'},{'D6'},{'D7'},{'D2'},{'R1'},{'D4'},{'D1'},{'R2'},{'R3'},&,1.0,&
{'D5'},{'D3'},{'D6'},{'D7'},{'D2'},{'R3'},{'D1'},{'D4'},{'R2'},{'R1'},&,2.0,&
{'D5'},{'D3'},{'D6'},{'D7'},{'D2'},{'R3'},{'D1'},{'D4'},{'R1'},{'R2'},&,1.0,&
{'D5'},{'D3'},{'D6'},{'D7'},{'D2'},{'R3'},{'D4'},{'R2'},{'D1'},{'R1'},&,1.0,&
{'D5'},{'D3'},{'D6'},{'D7'},{'D2'},{'R3'},{'D4'},{'D1'},{'R2'},{'R1'},&,1.0,&
{'D5'},{'D3'},{'D6'},{'D7'},{'D2'},{'R3'},{'D4'},{'D1'},{'R1'},{'R2'},&,3.0,&
{'D5'},{'D3'},{'D6'},{'D7'},{'D4'},{'D1'},{'R3'},{'D2'},{'R2'},{'R1'},&,3.0,&
{'D5'},{'D3'},{'D6'},{'D7'},{'D4'},{'D1'},{'R3'},{'D2'},{'R1'},{'R2'},&,9.0,&
{'D5'},{'D3'},{'D6'},{'D7'},{'D4'},{'D1'},{'R3'},{'R1'},{'D2'},{'R2'},&,2.0,&
{'D5'},{'D3'},{'D6'},{'D7'},{'D4'},{'D1'},{'R3'},{'R2'},{'R1'},{'D2'},&,1.0,&
{'D5'},{'D3'},{'D6'},{'D7'},{'D4'},{'D1'},{'R3'},{'R2'},{'D2'},{'R1'},&,2.0,&
{'D5'},{'D3'},{'D6'},{'D7'},{'D4'},{'D1'},{'D2'},{'R1'},{'R2'},{'R3'},&,3.0,&
{'D5'},{'D3'},{'D6'},{'D7'},{'D4'},{'D1'},{'D2'},{'R1'},{'R3'},{'R2'},&,20.0,&
{'D5'},{'D3'},{'D6'},{'D7'},{'D4'},{'D1'},{'D2'},{'R2'},{'R3'},{'R1'},&,15.0,&
{'D5'},{'D3'},{'D6'},{'D7'},{'D4'},{'D1'},{'D2'},{'R2'},{'R1'},{'R3'},&,2.0,&
{'D5'},{'D3'},{'D6'},{'D7'},{'D4'},{'D1'},{'D2'},{'R3'},{'R2'},{'R1'},&,20.0,&
{'D5'},{'D3'},{'D6'},{'D7'},{'D4'},{'D1'},{'D2'},{'R3'},{'R1'},{'R2'},&,37.0,&
{'D5'},{'D3'},{'D6'},{'D7'},{'D4'},{'D1'},{'R2'},{'D2'},{'R3'},{'R1'},&,4.0,&
{'D5'},{'D3'},{'D6'},{'D7'},{'D4'},{'D1'},{'R2'},{'D2'},{'R1'},{'R3'},&,1.0,&
{'D5'},{'D3'},{'D6'},{'D7'},{'D4'},{'D1'},{'R1'},{'D2'},{'R2'},{'R3'},&,3.0,&
{'D5'},{'D3'},{'D6'},{'D7'},{'D4'},{'D1'},{'R1'},{'D2'},{'R3'},{'R2'},&,5.0,&
{'D5'},{'D3'},{'D6'},{'D7'},{'D4'},{'D1'},{'R1'},{'R3'},{'D2'},{'R2'},&,2.0,&
{'D5'},{'D3'},{'D6'},{'D7'},{'D4'},{'D2'},{'R3'},{'R1'},{'D1'},{'R2'},&,2.0,&
{'D5'},{'D3'},{'D6'},{'D7'},{'D4'},{'D2'},{'R3'},{'R2'},{'R1'},{'D1'},&,1.0,&
{'D5'},{'D3'},{'D6'},{'D7'},{'D4'},{'D2'},{'R3'},{'R2'},{'D1'},{'R1'},&,3.0,&
{'D5'},{'D3'},{'D6'},{'D7'},{'D4'},{'D2'},{'R3'},{'D1'},{'R2'},{'R1'},&,5.0,&
{'D5'},{'D3'},{'D6'},{'D7'},{'D4'},{'D2'},{'R3'},{'D1'},{'R1'},{'R2'},&,9.0,&
{'D5'},{'D3'},{'D6'},{'D7'},{'D4'},{'D2'},{'D1'},{'R1'},{'R2'},{'R3'},&,3.0,&
{'D5'},{'D3'},{'D6'},{'D7'},{'D4'},{'D2'},{'D1'},{'R1'},{'R3'},{'R2'},&,20.0,&
{'D5'},{'D3'},{'D6'},{'D7'},{'D4'},{'D2'},{'D1'},{'R2'},{'R3'},{'R1'},&,11.0,&
{'D5'},{'D3'},{'D6'},{'D7'},{'D4'},{'D2'},{'D1'},{'R2'},{'R1'},{'R3'},&,5.0,&
{'D5'},{'D3'},{'D6'},{'D7'},{'D4'},{'D2'},{'D1'},{'R3'},{'R2'},{'R1'},&,23.0,&
{'D5'},{'D3'},{'D6'},{'D7'},{'D4'},{'D2'},{'D1'},{'R3'},{'R1'},{'R2'},&,22.0,&
{'D5'},{'D3'},{'D6'},{'D7'},{'D4'},{'D2'},{'R2'},{'R1'},{'D1'},{'R3'},&,1.0,&
{'D5'},{'D3'},{'D6'},{'D7'},{'D4'},{'D2'},{'R2'},{'D1'},{'R3'},{'R1'},&,4.0,&
{'D5'},{'D3'},{'D6'},{'D7'},{'D4'},{'D2'},{'R1'},{'D1'},{'R3'},{'R2'},&,3.0,&
{'D5'},{'D3'},{'D6'},{'D7'},{'D4'},{'R2'},{'D2'},{'D1'},{'R3'},{'R1'},&,1.0,&
{'D5'},{'D3'},{'D6'},{'D7'},{'D4'},{'R2'},{'D1'},{'R1'},{'D2'},{'R3'},&,2.0,&
{'D5'},{'D3'},{'D6'},{'D7'},{'D4'},{'R2'},{'D1'},{'R3'},{'D2'},{'R1'},&,1.0,&
{'D5'},{'D3'},{'D6'},{'D7'},{'D4'},{'R1'},{'D1'},{'D2'},{'R2'},{'R3'},&,1.0,&
{'D5'},{'D3'},{'D6'},{'D7'},{'D4'},{'R1'},{'D1'},{'D2'},{'R3'},{'R2'},&,1.0,&
{'D5'},{'D3'},{'D6'},{'D7'},{'D4'},{'R3'},{'D2'},{'R1'},{'D1'},{'R2'},&,1.0,&
{'D5'},{'D3'},{'D6'},{'D7'},{'D4'},{'R3'},{'D2'},{'D1'},{'R2'},{'R1'},&,4.0,&
{'D5'},{'D3'},{'D6'},{'D7'},{'D4'},{'R3'},{'D2'},{'D1'},{'R1'},{'R2'},&,1.0,&
{'D5'},{'D3'},{'D6'},{'D7'},{'D4'},{'R3'},{'D1'},{'D2'},{'R1'},{'R2'},&,2.0,&
{'D5'},{'D3'},{'D6'},{'D7'},{'D4'},{'R3'},{'R2'},{'D2'},{'R1'},{'D1'},&,1.0,&
{'D5'},{'D3'},{'D6'},{'D7'},{'R3'},{'D4'},{'D2'},{'R1'},{'R2'},{'D1'},&,1.0,&
{'D5'},{'D3'},{'D6'},{'D7'},{'R3'},{'D4'},{'D2'},{'D1'},{'R2'},{'R1'},&,1.0,&
{'D5'},{'D3'},{'D6'},{'D7'},{'R3'},{'D4'},{'D1'},{'D2'},{'R1'},{'R2'},&,1.0,&
{'D5'},{'D3'},{'D6'},{'D7'},{'R3'},{'D1'},{'D2'},{'R1'},{'D4'},{'R2'},&,1.0,&
{'D5'},{'D3'},{'D6'},{'D7'},{'R3'},{'D1'},{'D4'},{'D2'},{'R2'},{'R1'},&,2.0,&
{'D5'},{'D3'},{'D6'},{'D7'},{'R3'},{'D2'},{'D1'},{'D4'},{'R2'},{'R1'},&,1.0,&
{'D5'},{'D3'},{'D6'},{'D7'},{'R3'},{'D2'},{'D4'},{'R1'},{'D1'},{'R2'},&,1.0,&
{'D5'},{'D3'},{'D6'},{'D7'},{'R2'},{'D4'},{'D2'},{'D1'},{'R3'},{'R1'},&,1.0,&
{'D5'},{'D3'},{'D6'},{'D7'},{'R1'},{'D4'},{'D2'},{'D1'},{'R3'},{'R2'},&,1.0,&
{'D5'},{'D3'},{'D6'},{'D7'},{'R1'},{'D1'},{'D4'},{'D2'},{'R3'},{'R2'},&,1.0,&
{'D5'},{'D3'},{'D6'},{'D7'},{'R1'},{'D2'},{'D4'},{'D1'},{'R3'},{'R2'},&,1.0,&
{'D5'},{'D3'},{'D6'},{'D1'},{'D7'},{'D4'},{'R3'},{'D2'},{'R2'},{'R1'},&,3.0,&
{'D5'},{'D3'},{'D6'},{'D1'},{'D7'},{'D4'},{'R3'},{'D2'},{'R1'},{'R2'},&,3.0,&
{'D5'},{'D3'},{'D6'},{'D1'},{'D7'},{'D4'},{'R3'},{'R2'},{'D2'},{'R1'},&,4.0,&
{'D5'},{'D3'},{'D6'},{'D1'},{'D7'},{'D4'},{'D2'},{'R1'},{'R3'},{'R2'},&,14.0,&
{'D5'},{'D3'},{'D6'},{'D1'},{'D7'},{'D4'},{'D2'},{'R2'},{'R3'},{'R1'},&,9.0,&
{'D5'},{'D3'},{'D6'},{'D1'},{'D7'},{'D4'},{'D2'},{'R2'},{'R1'},{'R3'},&,2.0,&
{'D5'},{'D3'},{'D6'},{'D1'},{'D7'},{'D4'},{'D2'},{'R3'},{'R2'},{'R1'},&,12.0,&
{'D5'},{'D3'},{'D6'},{'D1'},{'D7'},{'D4'},{'D2'},{'R3'},{'R1'},{'R2'},&,19.0,&
{'D5'},{'D3'},{'D6'},{'D1'},{'D7'},{'D4'},{'R2'},{'D2'},{'R3'},{'R1'},&,1.0,&
{'D5'},{'D3'},{'D6'},{'D1'},{'D7'},{'D4'},{'R2'},{'D2'},{'R1'},{'R3'},&,1.0,&
{'D5'},{'D3'},{'D6'},{'D1'},{'D7'},{'D4'},{'R1'},{'D2'},{'R2'},{'R3'},&,1.0,&
{'D5'},{'D3'},{'D6'},{'D1'},{'D7'},{'D4'},{'R1'},{'D2'},{'R3'},{'R2'},&,3.0,&
{'D5'},{'D3'},{'D6'},{'D1'},{'D7'},{'D2'},{'R3'},{'D4'},{'R2'},{'R1'},&,4.0,&
{'D5'},{'D3'},{'D6'},{'D1'},{'D7'},{'D2'},{'R3'},{'D4'},{'R1'},{'R2'},&,4.0,&
{'D5'},{'D3'},{'D6'},{'D1'},{'D7'},{'D2'},{'D4'},{'R1'},{'R2'},{'R3'},&,4.0,&
{'D5'},{'D3'},{'D6'},{'D1'},{'D7'},{'D2'},{'D4'},{'R1'},{'R3'},{'R2'},&,5.0,&
{'D5'},{'D3'},{'D6'},{'D1'},{'D7'},{'D2'},{'D4'},{'R2'},{'R3'},{'R1'},&,5.0,&
{'D5'},{'D3'},{'D6'},{'D1'},{'D7'},{'D2'},{'D4'},{'R2'},{'R1'},{'R3'},&,4.0,&
{'D5'},{'D3'},{'D6'},{'D1'},{'D7'},{'D2'},{'D4'},{'R3'},{'R2'},{'R1'},&,11.0,&
{'D5'},{'D3'},{'D6'},{'D1'},{'D7'},{'D2'},{'D4'},{'R3'},{'R1'},{'R2'},&,7.0,&
{'D5'},{'D3'},{'D6'},{'D1'},{'D7'},{'D2'},{'R2'},{'D4'},{'R3'},{'R1'},&,1.0,&
{'D5'},{'D3'},{'D6'},{'D1'},{'D7'},{'D2'},{'R2'},{'D4'},{'R1'},{'R3'},&,1.0,&
{'D5'},{'D3'},{'D6'},{'D1'},{'D7'},{'D2'},{'R1'},{'R3'},{'R2'},{'D4'},&,1.0,&
{'D5'},{'D3'},{'D6'},{'D1'},{'D7'},{'D2'},{'R1'},{'R3'},{'D4'},{'R2'},&,1.0,&
{'D5'},{'D3'},{'D6'},{'D1'},{'D7'},{'D2'},{'R1'},{'D4'},{'R3'},{'R2'},&,1.0,&
{'D5'},{'D3'},{'D6'},{'D1'},{'D7'},{'R1'},{'R3'},{'D2'},{'D4'},{'R2'},&,1.0,&
{'D5'},{'D3'},{'D6'},{'D1'},{'D7'},{'R3'},{'D2'},{'R2'},{'R1'},{'D4'},&,1.0,&
{'D5'},{'D3'},{'D6'},{'D1'},{'D7'},{'R3'},{'D2'},{'R2'},{'D4'},{'R1'},&,1.0,&
{'D5'},{'D3'},{'D6'},{'D1'},{'D7'},{'R3'},{'D2'},{'D4'},{'R2'},{'R1'},&,2.0,&
{'D5'},{'D3'},{'D6'},{'D1'},{'D2'},{'D4'},{'R3'},{'R1'},{'D7'},{'R2'},&,4.0,&
{'D5'},{'D3'},{'D6'},{'D1'},{'D2'},{'D4'},{'R3'},{'R2'},{'D7'},{'R1'},&,1.0,&
{'D5'},{'D3'},{'D6'},{'D1'},{'D2'},{'D4'},{'R3'},{'D7'},{'R2'},{'R1'},&,3.0,&
{'D5'},{'D3'},{'D6'},{'D1'},{'D2'},{'D4'},{'R3'},{'D7'},{'R1'},{'R2'},&,2.0,&
{'D5'},{'D3'},{'D6'},{'D1'},{'D2'},{'D4'},{'R2'},{'D7'},{'R3'},{'R1'},&,2.0,&
{'D5'},{'D3'},{'D6'},{'D1'},{'D2'},{'D4'},{'D7'},{'R1'},{'R2'},{'R3'},&,2.0,&
{'D5'},{'D3'},{'D6'},{'D1'},{'D2'},{'D4'},{'D7'},{'R1'},{'R3'},{'R2'},&,3.0,&
{'D5'},{'D3'},{'D6'},{'D1'},{'D2'},{'D4'},{'D7'},{'R2'},{'R3'},{'R1'},&,5.0,&
{'D5'},{'D3'},{'D6'},{'D1'},{'D2'},{'D4'},{'D7'},{'R2'},{'R1'},{'R3'},&,4.0,&
{'D5'},{'D3'},{'D6'},{'D1'},{'D2'},{'D4'},{'D7'},{'R3'},{'R2'},{'R1'},&,9.0,&
{'D5'},{'D3'},{'D6'},{'D1'},{'D2'},{'D4'},{'D7'},{'R3'},{'R1'},{'R2'},&,8.0,&
{'D5'},{'D3'},{'D6'},{'D1'},{'D2'},{'D4'},{'R1'},{'D7'},{'R3'},{'R2'},&,2.0,&
{'D5'},{'D3'},{'D6'},{'D1'},{'D2'},{'D7'},{'R3'},{'R2'},{'R1'},{'D4'},&,1.0,&
{'D5'},{'D3'},{'D6'},{'D1'},{'D2'},{'D7'},{'R3'},{'R2'},{'D4'},{'R1'},&,1.0,&
{'D5'},{'D3'},{'D6'},{'D1'},{'D2'},{'D7'},{'R3'},{'D4'},{'R2'},{'R1'},&,2.0,&
{'D5'},{'D3'},{'D6'},{'D1'},{'D2'},{'D7'},{'R3'},{'D4'},{'R1'},{'R2'},&,6.0,&
{'D5'},{'D3'},{'D6'},{'D1'},{'D2'},{'D7'},{'D4'},{'R1'},{'R2'},{'R3'},&,3.0,&
{'D5'},{'D3'},{'D6'},{'D1'},{'D2'},{'D7'},{'D4'},{'R1'},{'R3'},{'R2'},&,5.0,&
{'D5'},{'D3'},{'D6'},{'D1'},{'D2'},{'D7'},{'D4'},{'R2'},{'R3'},{'R1'},&,3.0,&
{'D5'},{'D3'},{'D6'},{'D1'},{'D2'},{'D7'},{'D4'},{'R2'},{'R1'},{'R3'},&,1.0,&
{'D5'},{'D3'},{'D6'},{'D1'},{'D2'},{'D7'},{'D4'},{'R3'},{'R2'},{'R1'},&,6.0,&
{'D5'},{'D3'},{'D6'},{'D1'},{'D2'},{'D7'},{'D4'},{'R3'},{'R1'},{'R2'},&,9.0,&
{'D5'},{'D3'},{'D6'},{'D1'},{'D2'},{'D7'},{'R2'},{'R3'},{'D4'},{'R1'},&,1.0,&
{'D5'},{'D3'},{'D6'},{'D1'},{'D2'},{'D7'},{'R2'},{'D4'},{'R3'},{'R1'},&,2.0,&
{'D5'},{'D3'},{'D6'},{'D1'},{'D2'},{'D7'},{'R2'},{'D4'},{'R1'},{'R3'},&,1.0,&
{'D5'},{'D3'},{'D6'},{'D1'},{'D2'},{'D7'},{'R1'},{'R2'},{'D4'},{'R3'},&,1.0,&
{'D5'},{'D3'},{'D6'},{'D1'},{'D2'},{'R2'},{'D4'},{'R3'},{'D7'},{'R1'},&,1.0,&
{'D5'},{'D3'},{'D6'},{'D1'},{'D2'},{'R2'},{'D4'},{'D7'},{'R3'},{'R1'},&,1.0,&
{'D5'},{'D3'},{'D6'},{'D1'},{'D2'},{'R2'},{'D7'},{'D4'},{'R3'},{'R1'},&,1.0,&
{'D5'},{'D3'},{'D6'},{'D1'},{'D2'},{'R1'},{'D7'},{'R3'},{'D4'},{'R2'},&,1.0,&
{'D5'},{'D3'},{'D6'},{'D1'},{'D2'},{'R3'},{'D7'},{'R1'},{'D4'},{'R2'},&,1.0,&
{'D5'},{'D3'},{'D6'},{'D1'},{'D4'},{'D7'},{'R3'},{'D2'},{'R2'},{'R1'},&,7.0,&
{'D5'},{'D3'},{'D6'},{'D1'},{'D4'},{'D7'},{'R3'},{'D2'},{'R1'},{'R2'},&,4.0,&
{'D5'},{'D3'},{'D6'},{'D1'},{'D4'},{'D7'},{'R3'},{'R1'},{'R2'},{'D2'},&,1.0,&
{'D5'},{'D3'},{'D6'},{'D1'},{'D4'},{'D7'},{'D2'},{'R1'},{'R2'},{'R3'},&,4.0,&
{'D5'},{'D3'},{'D6'},{'D1'},{'D4'},{'D7'},{'D2'},{'R1'},{'R3'},{'R2'},&,14.0,&
{'D5'},{'D3'},{'D6'},{'D1'},{'D4'},{'D7'},{'D2'},{'R2'},{'R3'},{'R1'},&,9.0,&
{'D5'},{'D3'},{'D6'},{'D1'},{'D4'},{'D7'},{'D2'},{'R2'},{'R1'},{'R3'},&,7.0,&
{'D5'},{'D3'},{'D6'},{'D1'},{'D4'},{'D7'},{'D2'},{'R3'},{'R2'},{'R1'},&,15.0,&
{'D5'},{'D3'},{'D6'},{'D1'},{'D4'},{'D7'},{'D2'},{'R3'},{'R1'},{'R2'},&,19.0,&
{'D5'},{'D3'},{'D6'},{'D1'},{'D4'},{'D7'},{'R2'},{'D2'},{'R3'},{'R1'},&,2.0,&
{'D5'},{'D3'},{'D6'},{'D1'},{'D4'},{'D7'},{'R2'},{'D2'},{'R1'},{'R3'},&,1.0,&
{'D5'},{'D3'},{'D6'},{'D1'},{'D4'},{'D7'},{'R2'},{'R3'},{'D2'},{'R1'},&,1.0,&
{'D5'},{'D3'},{'D6'},{'D1'},{'D4'},{'D7'},{'R1'},{'D2'},{'R2'},{'R3'},&,2.0,&
{'D5'},{'D3'},{'D6'},{'D1'},{'D4'},{'D7'},{'R1'},{'D2'},{'R3'},{'R2'},&,2.0,&
{'D5'},{'D3'},{'D6'},{'D1'},{'D4'},{'D2'},{'R3'},{'R1'},{'D7'},{'R2'},&,2.0,&
{'D5'},{'D3'},{'D6'},{'D1'},{'D4'},{'D2'},{'R3'},{'R2'},{'D7'},{'R1'},&,2.0,&
{'D5'},{'D3'},{'D6'},{'D1'},{'D4'},{'D2'},{'R3'},{'D7'},{'R2'},{'R1'},&,1.0,&
{'D5'},{'D3'},{'D6'},{'D1'},{'D4'},{'D2'},{'R3'},{'D7'},{'R1'},{'R2'},&,6.0,&
{'D5'},{'D3'},{'D6'},{'D1'},{'D4'},{'D2'},{'R2'},{'R3'},{'R1'},{'D7'},&,1.0,&
{'D5'},{'D3'},{'D6'},{'D1'},{'D4'},{'D2'},{'R2'},{'D7'},{'R3'},{'R1'},&,1.0,&
{'D5'},{'D3'},{'D6'},{'D1'},{'D4'},{'D2'},{'D7'},{'R1'},{'R2'},{'R3'},&,3.0,&
{'D5'},{'D3'},{'D6'},{'D1'},{'D4'},{'D2'},{'D7'},{'R1'},{'R3'},{'R2'},&,8.0,&
{'D5'},{'D3'},{'D6'},{'D1'},{'D4'},{'D2'},{'D7'},{'R2'},{'R3'},{'R1'},&,2.0,&
{'D5'},{'D3'},{'D6'},{'D1'},{'D4'},{'D2'},{'D7'},{'R2'},{'R1'},{'R3'},&,1.0,&
{'D5'},{'D3'},{'D6'},{'D1'},{'D4'},{'D2'},{'D7'},{'R3'},{'R2'},{'R1'},&,5.0,&
{'D5'},{'D3'},{'D6'},{'D1'},{'D4'},{'D2'},{'D7'},{'R3'},{'R1'},{'R2'},&,7.0,&
{'D5'},{'D3'},{'D6'},{'D1'},{'D4'},{'D2'},{'R1'},{'R2'},{'R3'},{'D7'},&,1.0,&
{'D5'},{'D3'},{'D6'},{'D1'},{'D4'},{'D2'},{'R1'},{'D7'},{'R3'},{'R2'},&,4.0,&
{'D5'},{'D3'},{'D6'},{'D1'},{'D4'},{'R2'},{'D7'},{'D2'},{'R3'},{'R1'},&,1.0,&
{'D5'},{'D3'},{'D6'},{'D1'},{'D4'},{'R1'},{'D7'},{'D2'},{'R2'},{'R3'},&,2.0,&
{'D5'},{'D3'},{'D6'},{'D1'},{'D4'},{'R3'},{'D2'},{'D7'},{'R2'},{'R1'},&,1.0,&
{'D5'},{'D3'},{'D6'},{'D1'},{'D4'},{'R3'},{'D2'},{'D7'},{'R1'},{'R2'},&,2.0,&
{'D5'},{'D3'},{'D6'},{'D1'},{'D4'},{'R3'},{'D7'},{'D2'},{'R2'},{'R1'},&,1.0,&
{'D5'},{'D3'},{'D6'},{'D1'},{'D4'},{'R3'},{'D7'},{'D2'},{'R1'},{'R2'},&,1.0,&
{'D5'},{'D3'},{'D6'},{'D1'},{'R3'},{'D7'},{'D4'},{'D2'},{'R2'},{'R1'},&,1.0,&
{'D5'},{'D3'},{'D6'},{'D1'},{'R3'},{'D7'},{'R1'},{'D4'},{'D2'},{'R2'},&,1.0,&
{'D5'},{'D3'},{'D6'},{'D1'},{'R3'},{'D2'},{'D7'},{'D4'},{'R2'},{'R1'},&,1.0,&
{'D5'},{'D3'},{'D6'},{'D1'},{'R2'},{'D7'},{'D4'},{'D2'},{'R3'},{'R1'},&,1.0,&
{'D5'},{'D3'},{'D6'},{'D1'},{'R2'},{'D2'},{'D7'},{'D4'},{'R3'},{'R1'},&,1.0,&
{'D5'},{'D3'},{'D6'},{'D1'},{'R2'},{'D2'},{'D7'},{'D4'},{'R1'},{'R3'},&,1.0,&
{'D5'},{'D3'},{'D6'},{'D1'},{'R1'},{'D7'},{'D4'},{'D2'},{'R2'},{'R3'},&,1.0,&
{'D5'},{'D3'},{'D6'},{'D2'},{'D1'},{'D4'},{'R3'},{'R1'},{'D7'},{'R2'},&,1.0,&
{'D5'},{'D3'},{'D6'},{'D2'},{'D1'},{'D4'},{'R3'},{'R2'},{'R1'},{'D7'},&,1.0,&
{'D5'},{'D3'},{'D6'},{'D2'},{'D1'},{'D4'},{'R3'},{'D7'},{'R2'},{'R1'},&,2.0,&
{'D5'},{'D3'},{'D6'},{'D2'},{'D1'},{'D4'},{'R3'},{'D7'},{'R1'},{'R2'},&,4.0,&
{'D5'},{'D3'},{'D6'},{'D2'},{'D1'},{'D4'},{'R2'},{'R3'},{'D7'},{'R1'},&,1.0,&
{'D5'},{'D3'},{'D6'},{'D2'},{'D1'},{'D4'},{'D7'},{'R1'},{'R3'},{'R2'},&,7.0,&
{'D5'},{'D3'},{'D6'},{'D2'},{'D1'},{'D4'},{'D7'},{'R2'},{'R3'},{'R1'},&,3.0,&
{'D5'},{'D3'},{'D6'},{'D2'},{'D1'},{'D4'},{'D7'},{'R2'},{'R1'},{'R3'},&,3.0,&
{'D5'},{'D3'},{'D6'},{'D2'},{'D1'},{'D4'},{'D7'},{'R3'},{'R2'},{'R1'},&,6.0,&
{'D5'},{'D3'},{'D6'},{'D2'},{'D1'},{'D4'},{'D7'},{'R3'},{'R1'},{'R2'},&,6.0,&
{'D5'},{'D3'},{'D6'},{'D2'},{'D1'},{'D4'},{'R1'},{'D7'},{'R3'},{'R2'},&,1.0,&
{'D5'},{'D3'},{'D6'},{'D2'},{'D1'},{'D7'},{'R3'},{'D4'},{'R2'},{'R1'},&,1.0,&
{'D5'},{'D3'},{'D6'},{'D2'},{'D1'},{'D7'},{'R3'},{'D4'},{'R1'},{'R2'},&,2.0,&
{'D5'},{'D3'},{'D6'},{'D2'},{'D1'},{'D7'},{'D4'},{'R1'},{'R2'},{'R3'},&,2.0,&
{'D5'},{'D3'},{'D6'},{'D2'},{'D1'},{'D7'},{'D4'},{'R1'},{'R3'},{'R2'},&,6.0,&
{'D5'},{'D3'},{'D6'},{'D2'},{'D1'},{'D7'},{'D4'},{'R2'},{'R3'},{'R1'},&,5.0,&
{'D5'},{'D3'},{'D6'},{'D2'},{'D1'},{'D7'},{'D4'},{'R2'},{'R1'},{'R3'},&,2.0,&
{'D5'},{'D3'},{'D6'},{'D2'},{'D1'},{'D7'},{'D4'},{'R3'},{'R2'},{'R1'},&,5.0,&
{'D5'},{'D3'},{'D6'},{'D2'},{'D1'},{'D7'},{'D4'},{'R3'},{'R1'},{'R2'},&,9.0,&
{'D5'},{'D3'},{'D6'},{'D2'},{'D1'},{'D7'},{'R1'},{'R2'},{'R3'},{'D4'},&,1.0,&
{'D5'},{'D3'},{'D6'},{'D2'},{'D1'},{'D7'},{'R1'},{'D4'},{'R2'},{'R3'},&,1.0,&
{'D5'},{'D3'},{'D6'},{'D2'},{'D1'},{'D7'},{'R1'},{'D4'},{'R3'},{'R2'},&,3.0,&
{'D5'},{'D3'},{'D6'},{'D2'},{'D1'},{'R2'},{'D7'},{'D4'},{'R3'},{'R1'},&,2.0,&
{'D5'},{'D3'},{'D6'},{'D2'},{'D1'},{'R2'},{'D7'},{'D4'},{'R1'},{'R3'},&,1.0,&
{'D5'},{'D3'},{'D6'},{'D2'},{'D1'},{'R1'},{'D7'},{'R2'},{'D4'},{'R3'},&,1.0,&
{'D5'},{'D3'},{'D6'},{'D2'},{'D1'},{'R3'},{'D4'},{'D7'},{'R2'},{'R1'},&,2.0,&
{'D5'},{'D3'},{'D6'},{'D2'},{'D1'},{'R3'},{'D4'},{'D7'},{'R1'},{'R2'},&,1.0,&
{'D5'},{'D3'},{'D6'},{'D2'},{'D1'},{'R3'},{'D7'},{'D4'},{'R2'},{'R1'},&,2.0,&
{'D5'},{'D3'},{'D6'},{'D2'},{'D7'},{'D4'},{'R3'},{'R1'},{'D1'},{'R2'},&,1.0,&
{'D5'},{'D3'},{'D6'},{'D2'},{'D7'},{'D4'},{'R3'},{'D1'},{'R2'},{'R1'},&,2.0,&
{'D5'},{'D3'},{'D6'},{'D2'},{'D7'},{'D4'},{'R3'},{'D1'},{'R1'},{'R2'},&,4.0,&
{'D5'},{'D3'},{'D6'},{'D2'},{'D7'},{'D4'},{'D1'},{'R1'},{'R2'},{'R3'},&,3.0,&
{'D5'},{'D3'},{'D6'},{'D2'},{'D7'},{'D4'},{'D1'},{'R1'},{'R3'},{'R2'},&,11.0,&
{'D5'},{'D3'},{'D6'},{'D2'},{'D7'},{'D4'},{'D1'},{'R2'},{'R3'},{'R1'},&,1.0,&
{'D5'},{'D3'},{'D6'},{'D2'},{'D7'},{'D4'},{'D1'},{'R2'},{'R1'},{'R3'},&,4.0,&
{'D5'},{'D3'},{'D6'},{'D2'},{'D7'},{'D4'},{'D1'},{'R3'},{'R2'},{'R1'},&,13.0,&
{'D5'},{'D3'},{'D6'},{'D2'},{'D7'},{'D4'},{'D1'},{'R3'},{'R1'},{'R2'},&,13.0,&
{'D5'},{'D3'},{'D6'},{'D2'},{'D7'},{'D4'},{'R2'},{'D1'},{'R3'},{'R1'},&,1.0,&
{'D5'},{'D3'},{'D6'},{'D2'},{'D7'},{'D4'},{'R2'},{'D1'},{'R1'},{'R3'},&,1.0,&
{'D5'},{'D3'},{'D6'},{'D2'},{'D7'},{'D4'},{'R1'},{'R3'},{'D1'},{'R2'},&,1.0,&
{'D5'},{'D3'},{'D6'},{'D2'},{'D7'},{'D4'},{'R1'},{'D1'},{'R2'},{'R3'},&,3.0,&
{'D5'},{'D3'},{'D6'},{'D2'},{'D7'},{'D4'},{'R1'},{'D1'},{'R3'},{'R2'},&,3.0,&
{'D5'},{'D3'},{'D6'},{'D2'},{'D7'},{'D1'},{'R3'},{'D4'},{'R2'},{'R1'},&,2.0,&
{'D5'},{'D3'},{'D6'},{'D2'},{'D7'},{'D1'},{'R3'},{'D4'},{'R1'},{'R2'},&,5.0,&
{'D5'},{'D3'},{'D6'},{'D2'},{'D7'},{'D1'},{'D4'},{'R1'},{'R2'},{'R3'},&,1.0,&
{'D5'},{'D3'},{'D6'},{'D2'},{'D7'},{'D1'},{'D4'},{'R1'},{'R3'},{'R2'},&,6.0,&
{'D5'},{'D3'},{'D6'},{'D2'},{'D7'},{'D1'},{'D4'},{'R2'},{'R3'},{'R1'},&,6.0,&
{'D5'},{'D3'},{'D6'},{'D2'},{'D7'},{'D1'},{'D4'},{'R3'},{'R2'},{'R1'},&,6.0,&
{'D5'},{'D3'},{'D6'},{'D2'},{'D7'},{'D1'},{'D4'},{'R3'},{'R1'},{'R2'},&,14.0,&
{'D5'},{'D3'},{'D6'},{'D2'},{'D7'},{'D1'},{'R2'},{'R3'},{'D4'},{'R1'},&,1.0,&
{'D5'},{'D3'},{'D6'},{'D2'},{'D7'},{'D1'},{'R2'},{'D4'},{'R3'},{'R1'},&,3.0,&
{'D5'},{'D3'},{'D6'},{'D2'},{'D7'},{'D1'},{'R1'},{'D4'},{'R2'},{'R3'},&,1.0,&
{'D5'},{'D3'},{'D6'},{'D2'},{'D7'},{'R2'},{'D1'},{'D4'},{'R3'},{'R1'},&,1.0,&
{'D5'},{'D3'},{'D6'},{'D2'},{'D7'},{'R1'},{'D1'},{'R3'},{'R2'},{'D4'},&,1.0,&
{'D5'},{'D3'},{'D6'},{'D2'},{'D7'},{'R1'},{'D4'},{'R3'},{'D1'},{'R2'},&,1.0,&
{'D5'},{'D3'},{'D6'},{'D2'},{'D7'},{'R1'},{'D4'},{'D1'},{'R2'},{'R3'},&,1.0,&
{'D5'},{'D3'},{'D6'},{'D2'},{'D7'},{'R1'},{'D4'},{'D1'},{'R3'},{'R2'},&,1.0,&
{'D5'},{'D3'},{'D6'},{'D2'},{'D7'},{'R3'},{'D1'},{'D4'},{'R1'},{'R2'},&,1.0,&
{'D5'},{'D3'},{'D6'},{'D2'},{'D7'},{'R3'},{'D4'},{'D1'},{'R2'},{'R1'},&,1.0,&
{'D5'},{'D3'},{'D6'},{'D2'},{'D4'},{'D7'},{'R3'},{'R2'},{'R1'},{'D1'},&,1.0,&
{'D5'},{'D3'},{'D6'},{'D2'},{'D4'},{'D7'},{'R3'},{'R2'},{'D1'},{'R1'},&,1.0,&
{'D5'},{'D3'},{'D6'},{'D2'},{'D4'},{'D7'},{'R3'},{'D1'},{'R2'},{'R1'},&,2.0,&
{'D5'},{'D3'},{'D6'},{'D2'},{'D4'},{'D7'},{'R3'},{'D1'},{'R1'},{'R2'},&,4.0,&
{'D5'},{'D3'},{'D6'},{'D2'},{'D4'},{'D7'},{'D1'},{'R1'},{'R2'},{'R3'},&,2.0,&
{'D5'},{'D3'},{'D6'},{'D2'},{'D4'},{'D7'},{'D1'},{'R1'},{'R3'},{'R2'},&,11.0,&
{'D5'},{'D3'},{'D6'},{'D2'},{'D4'},{'D7'},{'D1'},{'R2'},{'R3'},{'R1'},&,7.0,&
{'D5'},{'D3'},{'D6'},{'D2'},{'D4'},{'D7'},{'D1'},{'R2'},{'R1'},{'R3'},&,6.0,&
{'D5'},{'D3'},{'D6'},{'D2'},{'D4'},{'D7'},{'D1'},{'R3'},{'R2'},{'R1'},&,16.0,&
{'D5'},{'D3'},{'D6'},{'D2'},{'D4'},{'D7'},{'D1'},{'R3'},{'R1'},{'R2'},&,13.0,&
{'D5'},{'D3'},{'D6'},{'D2'},{'D4'},{'D7'},{'R2'},{'D1'},{'R3'},{'R1'},&,4.0,&
{'D5'},{'D3'},{'D6'},{'D2'},{'D4'},{'D1'},{'R3'},{'R1'},{'D7'},{'R2'},&,1.0,&
{'D5'},{'D3'},{'D6'},{'D2'},{'D4'},{'D1'},{'R3'},{'D7'},{'R2'},{'R1'},&,1.0,&
{'D5'},{'D3'},{'D6'},{'D2'},{'D4'},{'D1'},{'R3'},{'D7'},{'R1'},{'R2'},&,1.0,&
{'D5'},{'D3'},{'D6'},{'D2'},{'D4'},{'D1'},{'R2'},{'D7'},{'R3'},{'R1'},&,3.0,&
{'D5'},{'D3'},{'D6'},{'D2'},{'D4'},{'D1'},{'R2'},{'D7'},{'R1'},{'R3'},&,2.0,&
{'D5'},{'D3'},{'D6'},{'D2'},{'D4'},{'D1'},{'D7'},{'R1'},{'R2'},{'R3'},&,1.0,&
{'D5'},{'D3'},{'D6'},{'D2'},{'D4'},{'D1'},{'D7'},{'R1'},{'R3'},{'R2'},&,7.0,&
{'D5'},{'D3'},{'D6'},{'D2'},{'D4'},{'D1'},{'D7'},{'R2'},{'R3'},{'R1'},&,4.0,&
{'D5'},{'D3'},{'D6'},{'D2'},{'D4'},{'D1'},{'D7'},{'R2'},{'R1'},{'R3'},&,1.0,&
{'D5'},{'D3'},{'D6'},{'D2'},{'D4'},{'D1'},{'D7'},{'R3'},{'R2'},{'R1'},&,4.0,&
{'D5'},{'D3'},{'D6'},{'D2'},{'D4'},{'D1'},{'D7'},{'R3'},{'R1'},{'R2'},&,9.0,&
{'D5'},{'D3'},{'D6'},{'D2'},{'D4'},{'R2'},{'R3'},{'D7'},{'R1'},{'D1'},&,1.0,&
{'D5'},{'D3'},{'D6'},{'D2'},{'D4'},{'R2'},{'D7'},{'D1'},{'R3'},{'R1'},&,1.0,&
{'D5'},{'D3'},{'D6'},{'D2'},{'D4'},{'R1'},{'D7'},{'D1'},{'R2'},{'R3'},&,1.0,&
{'D5'},{'D3'},{'D6'},{'D2'},{'D4'},{'R3'},{'D7'},{'D1'},{'R2'},{'R1'},&,1.0,&
{'D5'},{'D3'},{'D6'},{'D2'},{'D4'},{'R3'},{'D7'},{'D1'},{'R1'},{'R2'},&,1.0,&
{'D5'},{'D3'},{'D6'},{'D2'},{'R3'},{'D4'},{'D1'},{'D7'},{'R2'},{'R1'},&,1.0,&
{'D5'},{'D3'},{'D6'},{'D2'},{'R3'},{'D4'},{'D7'},{'D1'},{'R1'},{'R2'},&,1.0,&
{'D5'},{'D3'},{'D6'},{'D2'},{'R3'},{'D7'},{'D1'},{'D4'},{'R2'},{'R1'},&,1.0,&
{'D5'},{'D3'},{'D6'},{'D2'},{'R3'},{'D1'},{'R2'},{'D4'},{'D7'},{'R1'},&,1.0,&
{'D5'},{'D3'},{'D6'},{'D2'},{'R3'},{'D1'},{'D7'},{'D4'},{'R2'},{'R1'},&,1.0,&
{'D5'},{'D3'},{'D6'},{'D2'},{'R1'},{'D7'},{'D4'},{'D1'},{'R3'},{'R2'},&,2.0,&
{'D5'},{'D3'},{'D6'},{'R1'},{'D7'},{'D2'},{'D4'},{'R3'},{'D1'},{'R2'},&,1.0,&
{'D5'},{'D3'},{'D6'},{'R1'},{'D4'},{'D2'},{'D7'},{'D1'},{'R3'},{'R2'},&,1.0,&
{'D5'},{'D3'},{'D6'},{'R1'},{'D4'},{'R3'},{'R2'},{'D7'},{'D1'},{'D2'},&,1.0,&
{'D5'},{'D3'},{'D6'},{'D4'},{'D1'},{'D7'},{'R3'},{'D2'},{'R2'},{'R1'},&,7.0,&
{'D5'},{'D3'},{'D6'},{'D4'},{'D1'},{'D7'},{'R3'},{'D2'},{'R1'},{'R2'},&,8.0,&
{'D5'},{'D3'},{'D6'},{'D4'},{'D1'},{'D7'},{'R3'},{'R1'},{'R2'},{'D2'},&,1.0,&
{'D5'},{'D3'},{'D6'},{'D4'},{'D1'},{'D7'},{'R3'},{'R1'},{'D2'},{'R2'},&,1.0,&
{'D5'},{'D3'},{'D6'},{'D4'},{'D1'},{'D7'},{'R3'},{'R2'},{'D2'},{'R1'},&,1.0,&
{'D5'},{'D3'},{'D6'},{'D4'},{'D1'},{'D7'},{'D2'},{'R1'},{'R2'},{'R3'},&,6.0,&
{'D5'},{'D3'},{'D6'},{'D4'},{'D1'},{'D7'},{'D2'},{'R1'},{'R3'},{'R2'},&,13.0,&
{'D5'},{'D3'},{'D6'},{'D4'},{'D1'},{'D7'},{'D2'},{'R2'},{'R3'},{'R1'},&,11.0,&
{'D5'},{'D3'},{'D6'},{'D4'},{'D1'},{'D7'},{'D2'},{'R2'},{'R1'},{'R3'},&,3.0,&
{'D5'},{'D3'},{'D6'},{'D4'},{'D1'},{'D7'},{'D2'},{'R3'},{'R2'},{'R1'},&,19.0,&
{'D5'},{'D3'},{'D6'},{'D4'},{'D1'},{'D7'},{'D2'},{'R3'},{'R1'},{'R2'},&,17.0,&
{'D5'},{'D3'},{'D6'},{'D4'},{'D1'},{'D7'},{'R2'},{'D2'},{'R3'},{'R1'},&,3.0,&
{'D5'},{'D3'},{'D6'},{'D4'},{'D1'},{'D7'},{'R2'},{'R3'},{'D2'},{'R1'},&,1.0,&
{'D5'},{'D3'},{'D6'},{'D4'},{'D1'},{'D7'},{'R1'},{'D2'},{'R2'},{'R3'},&,1.0,&
{'D5'},{'D3'},{'D6'},{'D4'},{'D1'},{'D7'},{'R1'},{'D2'},{'R3'},{'R2'},&,7.0,&
{'D5'},{'D3'},{'D6'},{'D4'},{'D1'},{'D7'},{'R1'},{'R2'},{'R3'},{'D2'},&,1.0,&
{'D5'},{'D3'},{'D6'},{'D4'},{'D1'},{'D2'},{'R3'},{'D7'},{'R1'},{'R2'},&,3.0,&
{'D5'},{'D3'},{'D6'},{'D4'},{'D1'},{'D2'},{'R2'},{'D7'},{'R3'},{'R1'},&,1.0,&
{'D5'},{'D3'},{'D6'},{'D4'},{'D1'},{'D2'},{'D7'},{'R1'},{'R2'},{'R3'},&,1.0,&
{'D5'},{'D3'},{'D6'},{'D4'},{'D1'},{'D2'},{'D7'},{'R1'},{'R3'},{'R2'},&,11.0,&
{'D5'},{'D3'},{'D6'},{'D4'},{'D1'},{'D2'},{'D7'},{'R2'},{'R3'},{'R1'},&,8.0,&
{'D5'},{'D3'},{'D6'},{'D4'},{'D1'},{'D2'},{'D7'},{'R2'},{'R1'},{'R3'},&,8.0,&
{'D5'},{'D3'},{'D6'},{'D4'},{'D1'},{'D2'},{'D7'},{'R3'},{'R2'},{'R1'},&,11.0,&
{'D5'},{'D3'},{'D6'},{'D4'},{'D1'},{'D2'},{'D7'},{'R3'},{'R1'},{'R2'},&,13.0,&
{'D5'},{'D3'},{'D6'},{'D4'},{'D1'},{'D2'},{'R1'},{'D7'},{'R2'},{'R3'},&,1.0,&
{'D5'},{'D3'},{'D6'},{'D4'},{'D1'},{'D2'},{'R1'},{'D7'},{'R3'},{'R2'},&,4.0,&
{'D5'},{'D3'},{'D6'},{'D4'},{'D1'},{'R2'},{'D2'},{'R3'},{'D7'},{'R1'},&,1.0,&
{'D5'},{'D3'},{'D6'},{'D4'},{'D1'},{'R2'},{'D7'},{'D2'},{'R3'},{'R1'},&,1.0,&
{'D5'},{'D3'},{'D6'},{'D4'},{'D1'},{'R1'},{'D2'},{'R3'},{'D7'},{'R2'},&,1.0,&
{'D5'},{'D3'},{'D6'},{'D4'},{'D1'},{'R1'},{'D7'},{'D2'},{'R3'},{'R2'},&,1.0,&
{'D5'},{'D3'},{'D6'},{'D4'},{'D1'},{'R1'},{'D7'},{'R3'},{'R2'},{'D2'},&,1.0,&
{'D5'},{'D3'},{'D6'},{'D4'},{'D1'},{'R3'},{'D2'},{'D7'},{'R2'},{'R1'},&,1.0,&
{'D5'},{'D3'},{'D6'},{'D4'},{'D1'},{'R3'},{'D2'},{'D7'},{'R1'},{'R2'},&,2.0,&
{'D5'},{'D3'},{'D6'},{'D4'},{'D1'},{'R3'},{'D7'},{'D2'},{'R2'},{'R1'},&,1.0,&
{'D5'},{'D3'},{'D6'},{'D4'},{'D1'},{'R3'},{'D7'},{'R2'},{'D2'},{'R1'},&,1.0,&
{'D5'},{'D3'},{'D6'},{'D4'},{'D7'},{'D1'},{'R3'},{'D2'},{'R2'},{'R1'},&,4.0,&
{'D5'},{'D3'},{'D6'},{'D4'},{'D7'},{'D1'},{'R3'},{'D2'},{'R1'},{'R2'},&,9.0,&
{'D5'},{'D3'},{'D6'},{'D4'},{'D7'},{'D1'},{'R3'},{'R1'},{'D2'},{'R2'},&,2.0,&
{'D5'},{'D3'},{'D6'},{'D4'},{'D7'},{'D1'},{'R3'},{'R2'},{'R1'},{'D2'},&,2.0,&
{'D5'},{'D3'},{'D6'},{'D4'},{'D7'},{'D1'},{'D2'},{'R1'},{'R2'},{'R3'},&,6.0,&
{'D5'},{'D3'},{'D6'},{'D4'},{'D7'},{'D1'},{'D2'},{'R1'},{'R3'},{'R2'},&,13.0,&
{'D5'},{'D3'},{'D6'},{'D4'},{'D7'},{'D1'},{'D2'},{'R2'},{'R3'},{'R1'},&,20.0,&
{'D5'},{'D3'},{'D6'},{'D4'},{'D7'},{'D1'},{'D2'},{'R2'},{'R1'},{'R3'},&,8.0,&
{'D5'},{'D3'},{'D6'},{'D4'},{'D7'},{'D1'},{'D2'},{'R3'},{'R2'},{'R1'},&,28.0,&
{'D5'},{'D3'},{'D6'},{'D4'},{'D7'},{'D1'},{'D2'},{'R3'},{'R1'},{'R2'},&,36.0,&
{'D5'},{'D3'},{'D6'},{'D4'},{'D7'},{'D1'},{'R2'},{'D2'},{'R1'},{'R3'},&,2.0,&
{'D5'},{'D3'},{'D6'},{'D4'},{'D7'},{'D1'},{'R1'},{'D2'},{'R3'},{'R2'},&,6.0,&
{'D5'},{'D3'},{'D6'},{'D4'},{'D7'},{'D1'},{'R1'},{'R3'},{'D2'},{'R2'},&,2.0,&
{'D5'},{'D3'},{'D6'},{'D4'},{'D7'},{'D2'},{'R3'},{'R1'},{'D1'},{'R2'},&,1.0,&
{'D5'},{'D3'},{'D6'},{'D4'},{'D7'},{'D2'},{'R3'},{'R2'},{'R1'},{'D1'},&,1.0,&
{'D5'},{'D3'},{'D6'},{'D4'},{'D7'},{'D2'},{'R3'},{'R2'},{'D1'},{'R1'},&,2.0,&
{'D5'},{'D3'},{'D6'},{'D4'},{'D7'},{'D2'},{'R3'},{'D1'},{'R2'},{'R1'},&,3.0,&
{'D5'},{'D3'},{'D6'},{'D4'},{'D7'},{'D2'},{'R3'},{'D1'},{'R1'},{'R2'},&,8.0,&
{'D5'},{'D3'},{'D6'},{'D4'},{'D7'},{'D2'},{'D1'},{'R1'},{'R2'},{'R3'},&,3.0,&
{'D5'},{'D3'},{'D6'},{'D4'},{'D7'},{'D2'},{'D1'},{'R1'},{'R3'},{'R2'},&,15.0,&
{'D5'},{'D3'},{'D6'},{'D4'},{'D7'},{'D2'},{'D1'},{'R2'},{'R3'},{'R1'},&,8.0,&
{'D5'},{'D3'},{'D6'},{'D4'},{'D7'},{'D2'},{'D1'},{'R2'},{'R1'},{'R3'},&,3.0,&
{'D5'},{'D3'},{'D6'},{'D4'},{'D7'},{'D2'},{'D1'},{'R3'},{'R2'},{'R1'},&,21.0,&
{'D5'},{'D3'},{'D6'},{'D4'},{'D7'},{'D2'},{'D1'},{'R3'},{'R1'},{'R2'},&,30.0,&
{'D5'},{'D3'},{'D6'},{'D4'},{'D7'},{'D2'},{'R2'},{'R1'},{'D1'},{'R3'},&,1.0,&
{'D5'},{'D3'},{'D6'},{'D4'},{'D7'},{'D2'},{'R2'},{'D1'},{'R3'},{'R1'},&,3.0,&
{'D5'},{'D3'},{'D6'},{'D4'},{'D7'},{'D2'},{'R2'},{'D1'},{'R1'},{'R3'},&,1.0,&
{'D5'},{'D3'},{'D6'},{'D4'},{'D7'},{'D2'},{'R1'},{'R3'},{'R2'},{'D1'},&,2.0,&
{'D5'},{'D3'},{'D6'},{'D4'},{'D7'},{'D2'},{'R1'},{'R3'},{'D1'},{'R2'},&,1.0,&
{'D5'},{'D3'},{'D6'},{'D4'},{'D7'},{'D2'},{'R1'},{'D1'},{'R2'},{'R3'},&,1.0,&
{'D5'},{'D3'},{'D6'},{'D4'},{'D7'},{'D2'},{'R1'},{'D1'},{'R3'},{'R2'},&,7.0,&
{'D5'},{'D3'},{'D6'},{'D4'},{'D7'},{'R2'},{'D2'},{'R3'},{'D1'},{'R1'},&,1.0,&
{'D5'},{'D3'},{'D6'},{'D4'},{'D7'},{'R2'},{'D2'},{'D1'},{'R3'},{'R1'},&,2.0,&
{'D5'},{'D3'},{'D6'},{'D4'},{'D7'},{'R2'},{'D1'},{'D2'},{'R3'},{'R1'},&,3.0,&
{'D5'},{'D3'},{'D6'},{'D4'},{'D7'},{'R1'},{'D2'},{'D1'},{'R3'},{'R2'},&,3.0,&
{'D5'},{'D3'},{'D6'},{'D4'},{'D7'},{'R1'},{'D1'},{'D2'},{'R3'},{'R2'},&,2.0,&
{'D5'},{'D3'},{'D6'},{'D4'},{'D7'},{'R3'},{'D2'},{'D1'},{'R2'},{'R1'},&,1.0,&
{'D5'},{'D3'},{'D6'},{'D4'},{'D7'},{'R3'},{'D2'},{'D1'},{'R1'},{'R2'},&,2.0,&
{'D5'},{'D3'},{'D6'},{'D4'},{'D7'},{'R3'},{'D1'},{'D2'},{'R2'},{'R1'},&,2.0,&
{'D5'},{'D3'},{'D6'},{'D4'},{'D7'},{'R3'},{'D1'},{'R1'},{'D2'},{'R2'},&,2.0,&
{'D5'},{'D3'},{'D6'},{'D4'},{'D2'},{'D7'},{'R3'},{'R1'},{'R2'},{'D1'},&,1.0,&
{'D5'},{'D3'},{'D6'},{'D4'},{'D2'},{'D7'},{'R3'},{'R1'},{'D1'},{'R2'},&,1.0,&
{'D5'},{'D3'},{'D6'},{'D4'},{'D2'},{'D7'},{'R3'},{'R2'},{'R1'},{'D1'},&,1.0,&
{'D5'},{'D3'},{'D6'},{'D4'},{'D2'},{'D7'},{'R3'},{'D1'},{'R2'},{'R1'},&,5.0,&
{'D5'},{'D3'},{'D6'},{'D4'},{'D2'},{'D7'},{'R3'},{'D1'},{'R1'},{'R2'},&,4.0,&
{'D5'},{'D3'},{'D6'},{'D4'},{'D2'},{'D7'},{'D1'},{'R1'},{'R2'},{'R3'},&,5.0,&
{'D5'},{'D3'},{'D6'},{'D4'},{'D2'},{'D7'},{'D1'},{'R1'},{'R3'},{'R2'},&,12.0,&
{'D5'},{'D3'},{'D6'},{'D4'},{'D2'},{'D7'},{'D1'},{'R2'},{'R3'},{'R1'},&,9.0,&
{'D5'},{'D3'},{'D6'},{'D4'},{'D2'},{'D7'},{'D1'},{'R2'},{'R1'},{'R3'},&,6.0,&
{'D5'},{'D3'},{'D6'},{'D4'},{'D2'},{'D7'},{'D1'},{'R3'},{'R2'},{'R1'},&,16.0,&
{'D5'},{'D3'},{'D6'},{'D4'},{'D2'},{'D7'},{'D1'},{'R3'},{'R1'},{'R2'},&,19.0,&
{'D5'},{'D3'},{'D6'},{'D4'},{'D2'},{'D7'},{'R2'},{'R1'},{'D1'},{'R3'},&,1.0,&
{'D5'},{'D3'},{'D6'},{'D4'},{'D2'},{'D7'},{'R2'},{'R3'},{'D1'},{'R1'},&,3.0,&
{'D5'},{'D3'},{'D6'},{'D4'},{'D2'},{'D7'},{'R2'},{'D1'},{'R3'},{'R1'},&,4.0,&
{'D5'},{'D3'},{'D6'},{'D4'},{'D2'},{'D7'},{'R2'},{'D1'},{'R1'},{'R3'},&,1.0,&
{'D5'},{'D3'},{'D6'},{'D4'},{'D2'},{'D7'},{'R1'},{'D1'},{'R3'},{'R2'},&,2.0,&
{'D5'},{'D3'},{'D6'},{'D4'},{'D2'},{'D1'},{'R3'},{'R1'},{'R2'},{'D7'},&,1.0,&
{'D5'},{'D3'},{'D6'},{'D4'},{'D2'},{'D1'},{'R3'},{'D7'},{'R2'},{'R1'},&,2.0,&
{'D5'},{'D3'},{'D6'},{'D4'},{'D2'},{'D1'},{'R3'},{'D7'},{'R1'},{'R2'},&,2.0,&
{'D5'},{'D3'},{'D6'},{'D4'},{'D2'},{'D1'},{'R2'},{'R1'},{'R3'},{'D7'},&,1.0,&
{'D5'},{'D3'},{'D6'},{'D4'},{'D2'},{'D1'},{'R2'},{'R1'},{'D7'},{'R3'},&,1.0,&
{'D5'},{'D3'},{'D6'},{'D4'},{'D2'},{'D1'},{'R2'},{'R3'},{'D7'},{'R1'},&,1.0,&
{'D5'},{'D3'},{'D6'},{'D4'},{'D2'},{'D1'},{'R2'},{'D7'},{'R3'},{'R1'},&,1.0,&
{'D5'},{'D3'},{'D6'},{'D4'},{'D2'},{'D1'},{'R2'},{'D7'},{'R1'},{'R3'},&,1.0,&
{'D5'},{'D3'},{'D6'},{'D4'},{'D2'},{'D1'},{'D7'},{'R1'},{'R2'},{'R3'},&,5.0,&
{'D5'},{'D3'},{'D6'},{'D4'},{'D2'},{'D1'},{'D7'},{'R1'},{'R3'},{'R2'},&,4.0,&
{'D5'},{'D3'},{'D6'},{'D4'},{'D2'},{'D1'},{'D7'},{'R2'},{'R3'},{'R1'},&,5.0,&
{'D5'},{'D3'},{'D6'},{'D4'},{'D2'},{'D1'},{'D7'},{'R2'},{'R1'},{'R3'},&,1.0,&
{'D5'},{'D3'},{'D6'},{'D4'},{'D2'},{'D1'},{'D7'},{'R3'},{'R2'},{'R1'},&,8.0,&
{'D5'},{'D3'},{'D6'},{'D4'},{'D2'},{'D1'},{'D7'},{'R3'},{'R1'},{'R2'},&,9.0,&
{'D5'},{'D3'},{'D6'},{'D4'},{'D2'},{'D1'},{'R1'},{'D7'},{'R3'},{'R2'},&,1.0,&
{'D5'},{'D3'},{'D6'},{'D4'},{'D2'},{'R2'},{'D1'},{'D7'},{'R3'},{'R1'},&,1.0,&
{'D5'},{'D3'},{'D6'},{'D4'},{'D2'},{'R2'},{'D7'},{'D1'},{'R3'},{'R1'},&,1.0,&
{'D5'},{'D3'},{'D6'},{'D4'},{'D2'},{'R1'},{'D1'},{'D7'},{'R2'},{'R3'},&,1.0,&
{'D5'},{'D3'},{'D6'},{'D4'},{'D2'},{'R1'},{'D1'},{'D7'},{'R3'},{'R2'},&,1.0,&
{'D5'},{'D3'},{'D6'},{'D4'},{'D2'},{'R1'},{'D7'},{'D1'},{'R3'},{'R2'},&,1.0,&
{'D5'},{'D3'},{'D6'},{'D4'},{'D2'},{'R3'},{'D1'},{'D7'},{'R1'},{'R2'},&,1.0,&
{'D5'},{'D3'},{'D6'},{'D4'},{'D2'},{'R3'},{'D7'},{'D1'},{'R2'},{'R1'},&,1.0,&
{'D5'},{'D3'},{'D6'},{'D4'},{'D2'},{'R3'},{'D7'},{'D1'},{'R1'},{'R2'},&,2.0,&
{'D5'},{'D3'},{'D6'},{'D4'},{'R3'},{'D7'},{'D2'},{'D1'},{'R1'},{'R2'},&,1.0,&
{'D5'},{'D3'},{'D6'},{'D4'},{'R3'},{'D2'},{'D7'},{'D1'},{'R2'},{'R1'},&,1.0,&
{'D5'},{'D3'},{'D6'},{'D4'},{'R2'},{'D7'},{'D2'},{'D1'},{'R3'},{'R1'},&,1.0,&
{'D5'},{'D3'},{'D6'},{'D4'},{'R2'},{'D1'},{'D2'},{'D7'},{'R1'},{'R3'},&,1.0,&
{'D5'},{'D3'},{'D6'},{'D4'},{'R2'},{'D2'},{'D7'},{'D1'},{'R3'},{'R1'},&,1.0,&
{'D5'},{'D3'},{'D6'},{'D4'},{'R1'},{'D7'},{'D1'},{'D2'},{'R3'},{'R2'},&,2.0,&
{'D5'},{'D3'},{'D6'},{'R2'},{'D7'},{'D4'},{'D1'},{'D2'},{'R1'},{'R3'},&,1.0,&
{'D5'},{'D3'},{'D6'},{'R2'},{'D2'},{'D4'},{'D7'},{'R1'},{'D1'},{'R3'},&,1.0,&
{'D5'},{'D3'},{'D6'},{'R3'},{'D7'},{'D2'},{'D4'},{'R1'},{'D1'},{'R2'},&,1.0,&
{'D5'},{'D3'},{'D6'},{'R3'},{'D2'},{'D7'},{'D4'},{'D1'},{'R2'},{'R1'},&,1.0,&
{'D5'},{'D3'},{'D6'},{'R3'},{'D2'},{'D1'},{'D7'},{'R2'},{'D4'},{'R1'},&,1.0,&
{'D5'},{'D3'},{'D1'},{'D7'},{'D2'},{'D6'},{'D4'},{'R2'},{'R3'},{'R1'},&,2.0,&
{'D5'},{'D3'},{'D1'},{'D7'},{'D2'},{'D6'},{'D4'},{'R2'},{'R1'},{'R3'},&,1.0,&
{'D5'},{'D3'},{'D1'},{'D7'},{'D2'},{'D6'},{'D4'},{'R3'},{'R2'},{'R1'},&,2.0,&
{'D5'},{'D3'},{'D1'},{'D7'},{'D2'},{'D6'},{'D4'},{'R3'},{'R1'},{'R2'},&,6.0,&
{'D5'},{'D3'},{'D1'},{'D7'},{'D2'},{'D6'},{'R1'},{'D4'},{'R3'},{'R2'},&,2.0,&
{'D5'},{'D3'},{'D1'},{'D7'},{'D2'},{'D4'},{'R3'},{'D6'},{'R1'},{'R2'},&,1.0,&
{'D5'},{'D3'},{'D1'},{'D7'},{'D2'},{'D4'},{'D6'},{'R1'},{'R3'},{'R2'},&,2.0,&
{'D5'},{'D3'},{'D1'},{'D7'},{'D2'},{'D4'},{'D6'},{'R2'},{'R3'},{'R1'},&,2.0,&
{'D5'},{'D3'},{'D1'},{'D7'},{'D2'},{'D4'},{'D6'},{'R2'},{'R1'},{'R3'},&,1.0,&
{'D5'},{'D3'},{'D1'},{'D7'},{'D2'},{'D4'},{'D6'},{'R3'},{'R2'},{'R1'},&,1.0,&
{'D5'},{'D3'},{'D1'},{'D7'},{'D2'},{'D4'},{'D6'},{'R3'},{'R1'},{'R2'},&,1.0,&
{'D5'},{'D3'},{'D1'},{'D7'},{'D2'},{'D4'},{'R1'},{'R3'},{'D6'},{'R2'},&,1.0,&
{'D5'},{'D3'},{'D1'},{'D7'},{'D2'},{'R3'},{'D6'},{'R2'},{'D4'},{'R1'},&,1.0,&
{'D5'},{'D3'},{'D1'},{'D7'},{'D6'},{'D4'},{'R3'},{'D2'},{'R2'},{'R1'},&,1.0,&
{'D5'},{'D3'},{'D1'},{'D7'},{'D6'},{'D4'},{'R3'},{'D2'},{'R1'},{'R2'},&,1.0,&
{'D5'},{'D3'},{'D1'},{'D7'},{'D6'},{'D4'},{'R3'},{'R1'},{'D2'},{'R2'},&,1.0,&
{'D5'},{'D3'},{'D1'},{'D7'},{'D6'},{'D4'},{'R3'},{'R2'},{'D2'},{'R1'},&,2.0,&
{'D5'},{'D3'},{'D1'},{'D7'},{'D6'},{'D4'},{'D2'},{'R1'},{'R3'},{'R2'},&,7.0,&
{'D5'},{'D3'},{'D1'},{'D7'},{'D6'},{'D4'},{'D2'},{'R2'},{'R3'},{'R1'},&,4.0,&
{'D5'},{'D3'},{'D1'},{'D7'},{'D6'},{'D4'},{'D2'},{'R2'},{'R1'},{'R3'},&,2.0,&
{'D5'},{'D3'},{'D1'},{'D7'},{'D6'},{'D4'},{'D2'},{'R3'},{'R2'},{'R1'},&,10.0,&
{'D5'},{'D3'},{'D1'},{'D7'},{'D6'},{'D4'},{'D2'},{'R3'},{'R1'},{'R2'},&,6.0,&
{'D5'},{'D3'},{'D1'},{'D7'},{'D6'},{'D4'},{'R1'},{'D2'},{'R2'},{'R3'},&,1.0,&
{'D5'},{'D3'},{'D1'},{'D7'},{'D6'},{'D4'},{'R1'},{'R3'},{'D2'},{'R2'},&,1.0,&
{'D5'},{'D3'},{'D1'},{'D7'},{'D6'},{'D2'},{'R3'},{'R2'},{'R1'},{'D4'},&,1.0,&
{'D5'},{'D3'},{'D1'},{'D7'},{'D6'},{'D2'},{'R3'},{'R2'},{'D4'},{'R1'},&,1.0,&
{'D5'},{'D3'},{'D1'},{'D7'},{'D6'},{'D2'},{'R3'},{'D4'},{'R1'},{'R2'},&,3.0,&
{'D5'},{'D3'},{'D1'},{'D7'},{'D6'},{'D2'},{'D4'},{'R1'},{'R2'},{'R3'},&,1.0,&
{'D5'},{'D3'},{'D1'},{'D7'},{'D6'},{'D2'},{'D4'},{'R1'},{'R3'},{'R2'},&,4.0,&
{'D5'},{'D3'},{'D1'},{'D7'},{'D6'},{'D2'},{'D4'},{'R2'},{'R3'},{'R1'},&,1.0,&
{'D5'},{'D3'},{'D1'},{'D7'},{'D6'},{'D2'},{'D4'},{'R2'},{'R1'},{'R3'},&,2.0,&
{'D5'},{'D3'},{'D1'},{'D7'},{'D6'},{'D2'},{'D4'},{'R3'},{'R2'},{'R1'},&,6.0,&
{'D5'},{'D3'},{'D1'},{'D7'},{'D6'},{'D2'},{'D4'},{'R3'},{'R1'},{'R2'},&,6.0,&
{'D5'},{'D3'},{'D1'},{'D7'},{'D6'},{'D2'},{'R2'},{'D4'},{'R3'},{'R1'},&,1.0,&
{'D5'},{'D3'},{'D1'},{'D7'},{'D6'},{'D2'},{'R1'},{'R3'},{'D4'},{'R2'},&,1.0,&
{'D5'},{'D3'},{'D1'},{'D7'},{'D6'},{'D2'},{'R1'},{'D4'},{'R3'},{'R2'},&,1.0,&
{'D5'},{'D3'},{'D1'},{'D7'},{'D6'},{'R2'},{'D2'},{'D4'},{'R1'},{'R3'},&,2.0,&
{'D5'},{'D3'},{'D1'},{'D7'},{'D6'},{'R3'},{'D4'},{'D2'},{'R2'},{'R1'},&,1.0,&
{'D5'},{'D3'},{'D1'},{'D7'},{'D6'},{'R3'},{'D4'},{'D2'},{'R1'},{'R2'},&,1.0,&
{'D5'},{'D3'},{'D1'},{'D7'},{'D4'},{'D6'},{'R3'},{'D2'},{'R1'},{'R2'},&,2.0,&
{'D5'},{'D3'},{'D1'},{'D7'},{'D4'},{'D6'},{'D2'},{'R1'},{'R3'},{'R2'},&,4.0,&
{'D5'},{'D3'},{'D1'},{'D7'},{'D4'},{'D6'},{'D2'},{'R2'},{'R3'},{'R1'},&,3.0,&
{'D5'},{'D3'},{'D1'},{'D7'},{'D4'},{'D6'},{'D2'},{'R3'},{'R2'},{'R1'},&,1.0,&
{'D5'},{'D3'},{'D1'},{'D7'},{'D4'},{'D6'},{'D2'},{'R3'},{'R1'},{'R2'},&,4.0,&
{'D5'},{'D3'},{'D1'},{'D7'},{'D4'},{'D2'},{'R3'},{'R2'},{'D6'},{'R1'},&,1.0,&
{'D5'},{'D3'},{'D1'},{'D7'},{'D4'},{'D2'},{'R2'},{'D6'},{'R1'},{'R3'},&,1.0,&
{'D5'},{'D3'},{'D1'},{'D7'},{'D4'},{'D2'},{'D6'},{'R2'},{'R3'},{'R1'},&,1.0,&
{'D5'},{'D3'},{'D1'},{'D2'},{'D7'},{'D6'},{'R3'},{'D4'},{'R2'},{'R1'},&,1.0,&
{'D5'},{'D3'},{'D1'},{'D2'},{'D7'},{'D6'},{'D4'},{'R1'},{'R3'},{'R2'},&,1.0,&
{'D5'},{'D3'},{'D1'},{'D2'},{'D7'},{'D6'},{'D4'},{'R2'},{'R3'},{'R1'},&,1.0,&
{'D5'},{'D3'},{'D1'},{'D2'},{'D7'},{'D6'},{'D4'},{'R2'},{'R1'},{'R3'},&,1.0,&
{'D5'},{'D3'},{'D1'},{'D2'},{'D7'},{'D6'},{'D4'},{'R3'},{'R2'},{'R1'},&,4.0,&
{'D5'},{'D3'},{'D1'},{'D2'},{'D7'},{'D4'},{'R3'},{'R1'},{'D6'},{'R2'},&,1.0,&
{'D5'},{'D3'},{'D1'},{'D2'},{'D7'},{'D4'},{'D6'},{'R2'},{'R3'},{'R1'},&,1.0,&
{'D5'},{'D3'},{'D1'},{'D2'},{'D7'},{'D4'},{'D6'},{'R3'},{'R2'},{'R1'},&,1.0,&
{'D5'},{'D3'},{'D1'},{'D2'},{'D7'},{'D4'},{'D6'},{'R3'},{'R1'},{'R2'},&,2.0,&
{'D5'},{'D3'},{'D1'},{'D2'},{'D7'},{'D4'},{'R1'},{'R2'},{'D6'},{'R3'},&,1.0,&
{'D5'},{'D3'},{'D1'},{'D2'},{'D7'},{'R2'},{'D6'},{'R1'},{'D4'},{'R3'},&,1.0,&
{'D5'},{'D3'},{'D1'},{'D2'},{'D6'},{'D4'},{'R3'},{'D7'},{'R2'},{'R1'},&,2.0,&
{'D5'},{'D3'},{'D1'},{'D2'},{'D6'},{'D4'},{'R3'},{'D7'},{'R1'},{'R2'},&,1.0,&
{'D5'},{'D3'},{'D1'},{'D2'},{'D6'},{'D4'},{'R2'},{'D7'},{'R1'},{'R3'},&,1.0,&
{'D5'},{'D3'},{'D1'},{'D2'},{'D6'},{'D4'},{'D7'},{'R1'},{'R2'},{'R3'},&,2.0,&
{'D5'},{'D3'},{'D1'},{'D2'},{'D6'},{'D4'},{'D7'},{'R1'},{'R3'},{'R2'},&,2.0,&
{'D5'},{'D3'},{'D1'},{'D2'},{'D6'},{'D4'},{'D7'},{'R2'},{'R3'},{'R1'},&,3.0,&
{'D5'},{'D3'},{'D1'},{'D2'},{'D6'},{'D4'},{'D7'},{'R2'},{'R1'},{'R3'},&,2.0,&
{'D5'},{'D3'},{'D1'},{'D2'},{'D6'},{'D4'},{'D7'},{'R3'},{'R2'},{'R1'},&,7.0,&
{'D5'},{'D3'},{'D1'},{'D2'},{'D6'},{'D4'},{'D7'},{'R3'},{'R1'},{'R2'},&,3.0,&
{'D5'},{'D3'},{'D1'},{'D2'},{'D6'},{'D4'},{'R1'},{'D7'},{'R3'},{'R2'},&,1.0,&
{'D5'},{'D3'},{'D1'},{'D2'},{'D6'},{'D7'},{'R3'},{'D4'},{'R1'},{'R2'},&,1.0,&
{'D5'},{'D3'},{'D1'},{'D2'},{'D6'},{'D7'},{'D4'},{'R1'},{'R2'},{'R3'},&,2.0,&
{'D5'},{'D3'},{'D1'},{'D2'},{'D6'},{'D7'},{'D4'},{'R1'},{'R3'},{'R2'},&,1.0,&
{'D5'},{'D3'},{'D1'},{'D2'},{'D6'},{'D7'},{'D4'},{'R2'},{'R3'},{'R1'},&,2.0,&
{'D5'},{'D3'},{'D1'},{'D2'},{'D6'},{'D7'},{'D4'},{'R2'},{'R1'},{'R3'},&,1.0,&
{'D5'},{'D3'},{'D1'},{'D2'},{'D6'},{'D7'},{'D4'},{'R3'},{'R2'},{'R1'},&,2.0,&
{'D5'},{'D3'},{'D1'},{'D2'},{'D6'},{'D7'},{'D4'},{'R3'},{'R1'},{'R2'},&,5.0,&
{'D5'},{'D3'},{'D1'},{'D2'},{'D6'},{'D7'},{'R2'},{'D4'},{'R3'},{'R1'},&,1.0,&
{'D5'},{'D3'},{'D1'},{'D2'},{'D6'},{'D7'},{'R1'},{'D4'},{'R3'},{'R2'},&,1.0,&
{'D5'},{'D3'},{'D1'},{'D2'},{'D6'},{'R2'},{'D7'},{'D4'},{'R3'},{'R1'},&,1.0,&
{'D5'},{'D3'},{'D1'},{'D2'},{'D6'},{'R1'},{'D7'},{'R2'},{'R3'},{'D4'},&,1.0,&
{'D5'},{'D3'},{'D1'},{'D2'},{'D4'},{'D6'},{'R3'},{'D7'},{'R2'},{'R1'},&,1.0,&
{'D5'},{'D3'},{'D1'},{'D2'},{'D4'},{'D6'},{'R3'},{'D7'},{'R1'},{'R2'},&,1.0,&
{'D5'},{'D3'},{'D1'},{'D2'},{'D4'},{'D6'},{'D7'},{'R1'},{'R3'},{'R2'},&,3.0,&
{'D5'},{'D3'},{'D1'},{'D2'},{'D4'},{'D6'},{'D7'},{'R2'},{'R3'},{'R1'},&,4.0,&
{'D5'},{'D3'},{'D1'},{'D2'},{'D4'},{'D6'},{'D7'},{'R2'},{'R1'},{'R3'},&,1.0,&
{'D5'},{'D3'},{'D1'},{'D2'},{'D4'},{'D6'},{'D7'},{'R3'},{'R2'},{'R1'},&,1.0,&
{'D5'},{'D3'},{'D1'},{'D2'},{'D4'},{'D6'},{'D7'},{'R3'},{'R1'},{'R2'},&,6.0,&
{'D5'},{'D3'},{'D1'},{'D2'},{'D4'},{'D7'},{'R3'},{'R1'},{'D6'},{'R2'},&,1.0,&
{'D5'},{'D3'},{'D1'},{'D2'},{'D4'},{'D7'},{'D6'},{'R1'},{'R2'},{'R3'},&,1.0,&
{'D5'},{'D3'},{'D1'},{'D2'},{'D4'},{'D7'},{'D6'},{'R3'},{'R2'},{'R1'},&,2.0,&
{'D5'},{'D3'},{'D1'},{'D2'},{'D4'},{'D7'},{'D6'},{'R3'},{'R1'},{'R2'},&,1.0,&
{'D5'},{'D3'},{'D1'},{'D2'},{'R3'},{'D6'},{'D4'},{'D7'},{'R1'},{'R2'},&,1.0,&
{'D5'},{'D3'},{'D1'},{'R1'},{'D7'},{'D6'},{'D4'},{'D2'},{'R3'},{'R2'},&,1.0,&
{'D5'},{'D3'},{'D1'},{'D6'},{'D7'},{'D4'},{'R3'},{'D2'},{'R2'},{'R1'},&,2.0,&
{'D5'},{'D3'},{'D1'},{'D6'},{'D7'},{'D4'},{'R3'},{'D2'},{'R1'},{'R2'},&,5.0,&
{'D5'},{'D3'},{'D1'},{'D6'},{'D7'},{'D4'},{'R3'},{'R1'},{'R2'},{'D2'},&,1.0,&
{'D5'},{'D3'},{'D1'},{'D6'},{'D7'},{'D4'},{'R3'},{'R1'},{'D2'},{'R2'},&,1.0,&
{'D5'},{'D3'},{'D1'},{'D6'},{'D7'},{'D4'},{'R3'},{'R2'},{'D2'},{'R1'},&,2.0,&
{'D5'},{'D3'},{'D1'},{'D6'},{'D7'},{'D4'},{'D2'},{'R1'},{'R2'},{'R3'},&,5.0,&
{'D5'},{'D3'},{'D1'},{'D6'},{'D7'},{'D4'},{'D2'},{'R1'},{'R3'},{'R2'},&,7.0,&
{'D5'},{'D3'},{'D1'},{'D6'},{'D7'},{'D4'},{'D2'},{'R2'},{'R3'},{'R1'},&,9.0,&
{'D5'},{'D3'},{'D1'},{'D6'},{'D7'},{'D4'},{'D2'},{'R2'},{'R1'},{'R3'},&,5.0,&
{'D5'},{'D3'},{'D1'},{'D6'},{'D7'},{'D4'},{'D2'},{'R3'},{'R2'},{'R1'},&,7.0,&
{'D5'},{'D3'},{'D1'},{'D6'},{'D7'},{'D4'},{'D2'},{'R3'},{'R1'},{'R2'},&,12.0,&
{'D5'},{'D3'},{'D1'},{'D6'},{'D7'},{'D4'},{'R2'},{'D2'},{'R3'},{'R1'},&,2.0,&
{'D5'},{'D3'},{'D1'},{'D6'},{'D7'},{'D4'},{'R2'},{'D2'},{'R1'},{'R3'},&,1.0,&
{'D5'},{'D3'},{'D1'},{'D6'},{'D7'},{'D4'},{'R1'},{'D2'},{'R2'},{'R3'},&,2.0,&
{'D5'},{'D3'},{'D1'},{'D6'},{'D7'},{'D4'},{'R1'},{'D2'},{'R3'},{'R2'},&,3.0,&
{'D5'},{'D3'},{'D1'},{'D6'},{'D7'},{'D4'},{'R1'},{'R3'},{'R2'},{'D2'},&,2.0,&
{'D5'},{'D3'},{'D1'},{'D6'},{'D7'},{'D2'},{'R3'},{'D4'},{'R2'},{'R1'},&,1.0,&
{'D5'},{'D3'},{'D1'},{'D6'},{'D7'},{'D2'},{'R3'},{'D4'},{'R1'},{'R2'},&,2.0,&
{'D5'},{'D3'},{'D1'},{'D6'},{'D7'},{'D2'},{'D4'},{'R1'},{'R2'},{'R3'},&,1.0,&
{'D5'},{'D3'},{'D1'},{'D6'},{'D7'},{'D2'},{'D4'},{'R1'},{'R3'},{'R2'},&,4.0,&
{'D5'},{'D3'},{'D1'},{'D6'},{'D7'},{'D2'},{'D4'},{'R2'},{'R3'},{'R1'},&,1.0,&
{'D5'},{'D3'},{'D1'},{'D6'},{'D7'},{'D2'},{'D4'},{'R2'},{'R1'},{'R3'},&,4.0,&
{'D5'},{'D3'},{'D1'},{'D6'},{'D7'},{'D2'},{'D4'},{'R3'},{'R2'},{'R1'},&,5.0,&
{'D5'},{'D3'},{'D1'},{'D6'},{'D7'},{'D2'},{'D4'},{'R3'},{'R1'},{'R2'},&,8.0,&
{'D5'},{'D3'},{'D1'},{'D6'},{'D7'},{'D2'},{'R2'},{'D4'},{'R3'},{'R1'},&,1.0,&
{'D5'},{'D3'},{'D1'},{'D6'},{'D7'},{'D2'},{'R1'},{'D4'},{'R3'},{'R2'},&,3.0,&
{'D5'},{'D3'},{'D1'},{'D6'},{'D7'},{'R2'},{'D2'},{'R1'},{'D4'},{'R3'},&,1.0,&
{'D5'},{'D3'},{'D1'},{'D6'},{'D7'},{'R2'},{'D4'},{'D2'},{'R1'},{'R3'},&,1.0,&
{'D5'},{'D3'},{'D1'},{'D6'},{'D7'},{'R1'},{'D2'},{'D4'},{'R3'},{'R2'},&,1.0,&
{'D5'},{'D3'},{'D1'},{'D6'},{'D7'},{'R3'},{'D2'},{'D4'},{'R2'},{'R1'},&,1.0,&
{'D5'},{'D3'},{'D1'},{'D6'},{'D2'},{'D4'},{'R3'},{'R2'},{'R1'},{'D7'},&,1.0,&
{'D5'},{'D3'},{'D1'},{'D6'},{'D2'},{'D4'},{'R3'},{'D7'},{'R2'},{'R1'},&,3.0,&
{'D5'},{'D3'},{'D1'},{'D6'},{'D2'},{'D4'},{'R3'},{'D7'},{'R1'},{'R2'},&,3.0,&
{'D5'},{'D3'},{'D1'},{'D6'},{'D2'},{'D4'},{'R2'},{'R1'},{'D7'},{'R3'},&,1.0,&
{'D5'},{'D3'},{'D1'},{'D6'},{'D2'},{'D4'},{'R2'},{'R3'},{'D7'},{'R1'},&,1.0,&
{'D5'},{'D3'},{'D1'},{'D6'},{'D2'},{'D4'},{'D7'},{'R1'},{'R2'},{'R3'},&,2.0,&
{'D5'},{'D3'},{'D1'},{'D6'},{'D2'},{'D4'},{'D7'},{'R1'},{'R3'},{'R2'},&,2.0,&
{'D5'},{'D3'},{'D1'},{'D6'},{'D2'},{'D4'},{'D7'},{'R2'},{'R3'},{'R1'},&,2.0,&
{'D5'},{'D3'},{'D1'},{'D6'},{'D2'},{'D4'},{'D7'},{'R2'},{'R1'},{'R3'},&,1.0,&
{'D5'},{'D3'},{'D1'},{'D6'},{'D2'},{'D4'},{'D7'},{'R3'},{'R2'},{'R1'},&,11.0,&
{'D5'},{'D3'},{'D1'},{'D6'},{'D2'},{'D4'},{'D7'},{'R3'},{'R1'},{'R2'},&,9.0,&
{'D5'},{'D3'},{'D1'},{'D6'},{'D2'},{'D4'},{'R1'},{'D7'},{'R3'},{'R2'},&,3.0,&
{'D5'},{'D3'},{'D1'},{'D6'},{'D2'},{'D7'},{'R3'},{'R1'},{'D4'},{'R2'},&,1.0,&
{'D5'},{'D3'},{'D1'},{'D6'},{'D2'},{'D7'},{'R3'},{'R2'},{'D4'},{'R1'},&,2.0,&
{'D5'},{'D3'},{'D1'},{'D6'},{'D2'},{'D7'},{'D4'},{'R1'},{'R3'},{'R2'},&,2.0,&
{'D5'},{'D3'},{'D1'},{'D6'},{'D2'},{'D7'},{'D4'},{'R2'},{'R3'},{'R1'},&,4.0,&
{'D5'},{'D3'},{'D1'},{'D6'},{'D2'},{'D7'},{'D4'},{'R2'},{'R1'},{'R3'},&,2.0,&
{'D5'},{'D3'},{'D1'},{'D6'},{'D2'},{'D7'},{'D4'},{'R3'},{'R2'},{'R1'},&,6.0,&
{'D5'},{'D3'},{'D1'},{'D6'},{'D2'},{'D7'},{'D4'},{'R3'},{'R1'},{'R2'},&,9.0,&
{'D5'},{'D3'},{'D1'},{'D6'},{'D2'},{'D7'},{'R2'},{'D4'},{'R3'},{'R1'},&,1.0,&
{'D5'},{'D3'},{'D1'},{'D6'},{'D2'},{'D7'},{'R1'},{'R3'},{'D4'},{'R2'},&,1.0,&
{'D5'},{'D3'},{'D1'},{'D6'},{'D2'},{'D7'},{'R1'},{'D4'},{'R3'},{'R2'},&,1.0,&
{'D5'},{'D3'},{'D1'},{'D6'},{'D2'},{'R2'},{'D7'},{'D4'},{'R3'},{'R1'},&,1.0,&
{'D5'},{'D3'},{'D1'},{'D6'},{'D2'},{'R1'},{'D7'},{'R3'},{'D4'},{'R2'},&,1.0,&
{'D5'},{'D3'},{'D1'},{'D6'},{'D2'},{'R3'},{'D4'},{'D7'},{'R2'},{'R1'},&,1.0,&
{'D5'},{'D3'},{'D1'},{'D6'},{'D2'},{'R3'},{'D7'},{'D4'},{'R2'},{'R1'},&,1.0,&
{'D5'},{'D3'},{'D1'},{'D6'},{'D4'},{'D7'},{'R3'},{'D2'},{'R2'},{'R1'},&,2.0,&
{'D5'},{'D3'},{'D1'},{'D6'},{'D4'},{'D7'},{'R3'},{'D2'},{'R1'},{'R2'},&,1.0,&
{'D5'},{'D3'},{'D1'},{'D6'},{'D4'},{'D7'},{'R3'},{'R1'},{'R2'},{'D2'},&,1.0,&
{'D5'},{'D3'},{'D1'},{'D6'},{'D4'},{'D7'},{'R3'},{'R1'},{'D2'},{'R2'},&,2.0,&
{'D5'},{'D3'},{'D1'},{'D6'},{'D4'},{'D7'},{'D2'},{'R1'},{'R2'},{'R3'},&,5.0,&
{'D5'},{'D3'},{'D1'},{'D6'},{'D4'},{'D7'},{'D2'},{'R1'},{'R3'},{'R2'},&,7.0,&
{'D5'},{'D3'},{'D1'},{'D6'},{'D4'},{'D7'},{'D2'},{'R2'},{'R3'},{'R1'},&,5.0,&
{'D5'},{'D3'},{'D1'},{'D6'},{'D4'},{'D7'},{'D2'},{'R2'},{'R1'},{'R3'},&,3.0,&
{'D5'},{'D3'},{'D1'},{'D6'},{'D4'},{'D7'},{'D2'},{'R3'},{'R2'},{'R1'},&,12.0,&
{'D5'},{'D3'},{'D1'},{'D6'},{'D4'},{'D7'},{'D2'},{'R3'},{'R1'},{'R2'},&,15.0,&
{'D5'},{'D3'},{'D1'},{'D6'},{'D4'},{'D7'},{'R2'},{'D2'},{'R1'},{'R3'},&,2.0,&
{'D5'},{'D3'},{'D1'},{'D6'},{'D4'},{'D7'},{'R2'},{'R3'},{'D2'},{'R1'},&,1.0,&
{'D5'},{'D3'},{'D1'},{'D6'},{'D4'},{'D7'},{'R1'},{'D2'},{'R2'},{'R3'},&,2.0,&
{'D5'},{'D3'},{'D1'},{'D6'},{'D4'},{'D7'},{'R1'},{'D2'},{'R3'},{'R2'},&,2.0,&
{'D5'},{'D3'},{'D1'},{'D6'},{'D4'},{'D7'},{'R1'},{'R3'},{'R2'},{'D2'},&,1.0,&
{'D5'},{'D3'},{'D1'},{'D6'},{'D4'},{'D2'},{'R3'},{'R1'},{'D7'},{'R2'},&,1.0,&
{'D5'},{'D3'},{'D1'},{'D6'},{'D4'},{'D2'},{'R3'},{'D7'},{'R1'},{'R2'},&,3.0,&
{'D5'},{'D3'},{'D1'},{'D6'},{'D4'},{'D2'},{'R2'},{'D7'},{'R3'},{'R1'},&,2.0,&
{'D5'},{'D3'},{'D1'},{'D6'},{'D4'},{'D2'},{'R2'},{'D7'},{'R1'},{'R3'},&,1.0,&
{'D5'},{'D3'},{'D1'},{'D6'},{'D4'},{'D2'},{'D7'},{'R1'},{'R3'},{'R2'},&,5.0,&
{'D5'},{'D3'},{'D1'},{'D6'},{'D4'},{'D2'},{'D7'},{'R2'},{'R3'},{'R1'},&,5.0,&
{'D5'},{'D3'},{'D1'},{'D6'},{'D4'},{'D2'},{'D7'},{'R2'},{'R1'},{'R3'},&,3.0,&
{'D5'},{'D3'},{'D1'},{'D6'},{'D4'},{'D2'},{'D7'},{'R3'},{'R2'},{'R1'},&,7.0,&
{'D5'},{'D3'},{'D1'},{'D6'},{'D4'},{'D2'},{'D7'},{'R3'},{'R1'},{'R2'},&,11.0,&
{'D5'},{'D3'},{'D1'},{'D6'},{'D4'},{'D2'},{'R1'},{'D7'},{'R3'},{'R2'},&,2.0,&
{'D5'},{'D3'},{'D1'},{'D6'},{'D4'},{'R1'},{'D7'},{'R3'},{'D2'},{'R2'},&,1.0,&
{'D5'},{'D3'},{'D1'},{'D6'},{'D4'},{'R3'},{'D2'},{'D7'},{'R1'},{'R2'},&,1.0,&
{'D5'},{'D3'},{'D1'},{'D6'},{'D4'},{'R3'},{'D7'},{'D2'},{'R2'},{'R1'},&,2.0,&
{'D5'},{'D3'},{'D1'},{'D6'},{'R3'},{'D4'},{'D7'},{'D2'},{'R2'},{'R1'},&,1.0,&
{'D5'},{'D3'},{'D1'},{'D6'},{'R3'},{'D4'},{'D7'},{'R2'},{'D2'},{'R1'},&,1.0,&
{'D5'},{'D3'},{'D1'},{'D6'},{'R3'},{'D7'},{'D4'},{'D2'},{'R2'},{'R1'},&,2.0,&
{'D5'},{'D3'},{'D1'},{'D6'},{'R2'},{'D7'},{'D2'},{'D4'},{'R3'},{'R1'},&,1.0,&
{'D5'},{'D3'},{'D1'},{'D6'},{'R1'},{'D4'},{'D7'},{'D2'},{'R3'},{'R2'},&,1.0,&
{'D5'},{'D3'},{'D1'},{'D6'},{'R1'},{'D7'},{'R3'},{'D2'},{'D4'},{'R2'},&,1.0,&
{'D5'},{'D3'},{'D1'},{'D4'},{'D7'},{'D6'},{'R3'},{'D2'},{'R2'},{'R1'},&,1.0,&
{'D5'},{'D3'},{'D1'},{'D4'},{'D7'},{'D6'},{'R3'},{'D2'},{'R1'},{'R2'},&,3.0,&
{'D5'},{'D3'},{'D1'},{'D4'},{'D7'},{'D6'},{'D2'},{'R1'},{'R2'},{'R3'},&,3.0,&
{'D5'},{'D3'},{'D1'},{'D4'},{'D7'},{'D6'},{'D2'},{'R1'},{'R3'},{'R2'},&,3.0,&
{'D5'},{'D3'},{'D1'},{'D4'},{'D7'},{'D6'},{'D2'},{'R2'},{'R3'},{'R1'},&,2.0,&
{'D5'},{'D3'},{'D1'},{'D4'},{'D7'},{'D6'},{'D2'},{'R2'},{'R1'},{'R3'},&,1.0,&
{'D5'},{'D3'},{'D1'},{'D4'},{'D7'},{'D6'},{'D2'},{'R3'},{'R2'},{'R1'},&,7.0,&
{'D5'},{'D3'},{'D1'},{'D4'},{'D7'},{'D6'},{'D2'},{'R3'},{'R1'},{'R2'},&,5.0,&
{'D5'},{'D3'},{'D1'},{'D4'},{'D7'},{'D6'},{'R1'},{'D2'},{'R2'},{'R3'},&,1.0,&
{'D5'},{'D3'},{'D1'},{'D4'},{'D7'},{'D6'},{'R1'},{'D2'},{'R3'},{'R2'},&,1.0,&
{'D5'},{'D3'},{'D1'},{'D4'},{'D7'},{'D2'},{'R3'},{'R1'},{'D6'},{'R2'},&,1.0,&
{'D5'},{'D3'},{'D1'},{'D4'},{'D7'},{'D2'},{'R2'},{'D6'},{'R3'},{'R1'},&,1.0,&
{'D5'},{'D3'},{'D1'},{'D4'},{'D7'},{'D2'},{'D6'},{'R1'},{'R3'},{'R2'},&,1.0,&
{'D5'},{'D3'},{'D1'},{'D4'},{'D7'},{'D2'},{'D6'},{'R2'},{'R3'},{'R1'},&,1.0,&
{'D5'},{'D3'},{'D1'},{'D4'},{'D7'},{'D2'},{'D6'},{'R3'},{'R2'},{'R1'},&,1.0,&
{'D5'},{'D3'},{'D1'},{'D4'},{'D7'},{'D2'},{'D6'},{'R3'},{'R1'},{'R2'},&,1.0,&
{'D5'},{'D3'},{'D1'},{'D4'},{'D7'},{'R1'},{'D6'},{'D2'},{'R3'},{'R2'},&,2.0,&
{'D5'},{'D3'},{'D1'},{'D4'},{'D2'},{'D6'},{'R3'},{'R1'},{'D7'},{'R2'},&,1.0,&
{'D5'},{'D3'},{'D1'},{'D4'},{'D2'},{'D6'},{'R3'},{'D7'},{'R1'},{'R2'},&,1.0,&
{'D5'},{'D3'},{'D1'},{'D4'},{'D2'},{'D6'},{'R2'},{'D7'},{'R3'},{'R1'},&,2.0,&
{'D5'},{'D3'},{'D1'},{'D4'},{'D2'},{'D6'},{'D7'},{'R1'},{'R3'},{'R2'},&,2.0,&
{'D5'},{'D3'},{'D1'},{'D4'},{'D2'},{'D6'},{'D7'},{'R2'},{'R3'},{'R1'},&,2.0,&
{'D5'},{'D3'},{'D1'},{'D4'},{'D2'},{'D6'},{'D7'},{'R3'},{'R2'},{'R1'},&,1.0,&
{'D5'},{'D3'},{'D1'},{'D4'},{'D2'},{'D6'},{'D7'},{'R3'},{'R1'},{'R2'},&,2.0,&
{'D5'},{'D3'},{'D1'},{'D4'},{'D2'},{'D6'},{'R1'},{'D7'},{'R3'},{'R2'},&,1.0,&
{'D5'},{'D3'},{'D1'},{'D4'},{'D2'},{'D7'},{'D6'},{'R1'},{'R2'},{'R3'},&,1.0,&
{'D5'},{'D3'},{'D1'},{'D4'},{'D2'},{'D7'},{'D6'},{'R2'},{'R3'},{'R1'},&,1.0,&
{'D5'},{'D3'},{'D1'},{'D4'},{'D2'},{'D7'},{'D6'},{'R3'},{'R2'},{'R1'},&,1.0,&
{'D5'},{'D3'},{'D1'},{'D4'},{'D2'},{'D7'},{'D6'},{'R3'},{'R1'},{'R2'},&,1.0,&
{'D5'},{'D3'},{'D1'},{'D4'},{'D2'},{'R2'},{'D7'},{'D6'},{'R1'},{'R3'},&,1.0,&
{'D5'},{'D3'},{'D1'},{'D4'},{'D2'},{'R1'},{'D6'},{'D7'},{'R3'},{'R2'},&,1.0,&
{'D5'},{'D3'},{'D1'},{'D4'},{'D2'},{'R3'},{'D7'},{'D6'},{'R1'},{'R2'},&,1.0,&
{'D5'},{'D3'},{'D1'},{'D4'},{'D6'},{'D7'},{'R3'},{'D2'},{'R2'},{'R1'},&,2.0,&
{'D5'},{'D3'},{'D1'},{'D4'},{'D6'},{'D7'},{'R3'},{'R1'},{'D2'},{'R2'},&,1.0,&
{'D5'},{'D3'},{'D1'},{'D4'},{'D6'},{'D7'},{'D2'},{'R1'},{'R2'},{'R3'},&,2.0,&
{'D5'},{'D3'},{'D1'},{'D4'},{'D6'},{'D7'},{'D2'},{'R1'},{'R3'},{'R2'},&,6.0,&
{'D5'},{'D3'},{'D1'},{'D4'},{'D6'},{'D7'},{'D2'},{'R2'},{'R3'},{'R1'},&,2.0,&
{'D5'},{'D3'},{'D1'},{'D4'},{'D6'},{'D7'},{'D2'},{'R2'},{'R1'},{'R3'},&,2.0,&
{'D5'},{'D3'},{'D1'},{'D4'},{'D6'},{'D7'},{'D2'},{'R3'},{'R2'},{'R1'},&,11.0,&
{'D5'},{'D3'},{'D1'},{'D4'},{'D6'},{'D7'},{'D2'},{'R3'},{'R1'},{'R2'},&,5.0,&
{'D5'},{'D3'},{'D1'},{'D4'},{'D6'},{'D7'},{'R2'},{'D2'},{'R1'},{'R3'},&,1.0,&
{'D5'},{'D3'},{'D1'},{'D4'},{'D6'},{'D2'},{'R2'},{'D7'},{'R3'},{'R1'},&,1.0,&
{'D5'},{'D3'},{'D1'},{'D4'},{'D6'},{'D2'},{'D7'},{'R1'},{'R3'},{'R2'},&,3.0,&
{'D5'},{'D3'},{'D1'},{'D4'},{'D6'},{'D2'},{'D7'},{'R2'},{'R3'},{'R1'},&,2.0,&
{'D5'},{'D3'},{'D1'},{'D4'},{'D6'},{'D2'},{'D7'},{'R2'},{'R1'},{'R3'},&,1.0,&
{'D5'},{'D3'},{'D1'},{'D4'},{'D6'},{'D2'},{'D7'},{'R3'},{'R2'},{'R1'},&,9.0,&
{'D5'},{'D3'},{'D1'},{'D4'},{'D6'},{'D2'},{'D7'},{'R3'},{'R1'},{'R2'},&,4.0,&
{'D5'},{'D3'},{'D1'},{'D4'},{'D6'},{'D2'},{'R1'},{'D7'},{'R3'},{'R2'},&,1.0,&
{'D5'},{'D3'},{'D1'},{'D4'},{'D6'},{'R2'},{'D2'},{'D7'},{'R1'},{'R3'},&,1.0,&
{'D5'},{'D3'},{'D1'},{'D4'},{'D6'},{'R3'},{'D2'},{'D7'},{'R1'},{'R2'},&,1.0,&
{'D5'},{'D3'},{'D1'},{'D4'},{'R3'},{'D6'},{'D7'},{'D2'},{'R2'},{'R1'},&,1.0,&
{'D5'},{'D3'},{'D1'},{'D4'},{'R3'},{'D7'},{'D6'},{'D2'},{'R1'},{'R2'},&,1.0,&
{'D5'},{'D3'},{'D1'},{'R3'},{'D6'},{'D7'},{'D4'},{'D2'},{'R1'},{'R2'},&,1.0,&
{'D5'},{'D3'},{'D1'},{'R3'},{'D6'},{'D7'},{'D4'},{'R2'},{'D2'},{'R1'},&,1.0,&
{'D5'},{'D3'},{'D1'},{'R3'},{'D6'},{'D2'},{'D7'},{'D4'},{'R2'},{'R1'},&,1.0,&
{'D5'},{'D3'},{'D1'},{'R3'},{'D4'},{'D2'},{'D6'},{'R1'},{'D7'},{'R2'},&,1.0,&
{'D5'},{'D3'},{'D7'},{'D1'},{'D2'},{'D6'},{'R3'},{'R1'},{'R2'},{'D4'},&,1.0,&
{'D5'},{'D3'},{'D7'},{'D1'},{'D2'},{'D6'},{'R3'},{'R1'},{'D4'},{'R2'},&,1.0,&
{'D5'},{'D3'},{'D7'},{'D1'},{'D2'},{'D6'},{'R3'},{'D4'},{'R2'},{'R1'},&,2.0,&
{'D5'},{'D3'},{'D7'},{'D1'},{'D2'},{'D6'},{'R3'},{'D4'},{'R1'},{'R2'},&,1.0,&
{'D5'},{'D3'},{'D7'},{'D1'},{'D2'},{'D6'},{'D4'},{'R1'},{'R3'},{'R2'},&,3.0,&
{'D5'},{'D3'},{'D7'},{'D1'},{'D2'},{'D6'},{'D4'},{'R2'},{'R3'},{'R1'},&,1.0,&
{'D5'},{'D3'},{'D7'},{'D1'},{'D2'},{'D6'},{'D4'},{'R2'},{'R1'},{'R3'},&,1.0,&
{'D5'},{'D3'},{'D7'},{'D1'},{'D2'},{'D6'},{'D4'},{'R3'},{'R2'},{'R1'},&,1.0,&
{'D5'},{'D3'},{'D7'},{'D1'},{'D2'},{'D6'},{'D4'},{'R3'},{'R1'},{'R2'},&,2.0,&
{'D5'},{'D3'},{'D7'},{'D1'},{'D2'},{'D6'},{'R2'},{'D4'},{'R1'},{'R3'},&,1.0,&
{'D5'},{'D3'},{'D7'},{'D1'},{'D2'},{'D6'},{'R1'},{'D4'},{'R3'},{'R2'},&,2.0,&
{'D5'},{'D3'},{'D7'},{'D1'},{'D2'},{'D4'},{'R3'},{'D6'},{'R2'},{'R1'},&,1.0,&
{'D5'},{'D3'},{'D7'},{'D1'},{'D2'},{'D4'},{'R3'},{'D6'},{'R1'},{'R2'},&,1.0,&
{'D5'},{'D3'},{'D7'},{'D1'},{'D2'},{'D4'},{'R2'},{'R3'},{'R1'},{'D6'},&,1.0,&
{'D5'},{'D3'},{'D7'},{'D1'},{'D2'},{'D4'},{'R2'},{'D6'},{'R3'},{'R1'},&,1.0,&
{'D5'},{'D3'},{'D7'},{'D1'},{'D2'},{'D4'},{'D6'},{'R1'},{'R3'},{'R2'},&,1.0,&
{'D5'},{'D3'},{'D7'},{'D1'},{'D2'},{'D4'},{'D6'},{'R2'},{'R3'},{'R1'},&,2.0,&
{'D5'},{'D3'},{'D7'},{'D1'},{'D2'},{'D4'},{'D6'},{'R3'},{'R2'},{'R1'},&,2.0,&
{'D5'},{'D3'},{'D7'},{'D1'},{'D2'},{'D4'},{'D6'},{'R3'},{'R1'},{'R2'},&,3.0,&
{'D5'},{'D3'},{'D7'},{'D1'},{'D6'},{'D4'},{'R3'},{'D2'},{'R2'},{'R1'},&,1.0,&
{'D5'},{'D3'},{'D7'},{'D1'},{'D6'},{'D4'},{'R3'},{'D2'},{'R1'},{'R2'},&,3.0,&
{'D5'},{'D3'},{'D7'},{'D1'},{'D6'},{'D4'},{'D2'},{'R1'},{'R2'},{'R3'},&,1.0,&
{'D5'},{'D3'},{'D7'},{'D1'},{'D6'},{'D4'},{'D2'},{'R1'},{'R3'},{'R2'},&,5.0,&
{'D5'},{'D3'},{'D7'},{'D1'},{'D6'},{'D4'},{'D2'},{'R2'},{'R3'},{'R1'},&,7.0,&
{'D5'},{'D3'},{'D7'},{'D1'},{'D6'},{'D4'},{'D2'},{'R2'},{'R1'},{'R3'},&,2.0,&
{'D5'},{'D3'},{'D7'},{'D1'},{'D6'},{'D4'},{'D2'},{'R3'},{'R2'},{'R1'},&,7.0,&
{'D5'},{'D3'},{'D7'},{'D1'},{'D6'},{'D4'},{'D2'},{'R3'},{'R1'},{'R2'},&,8.0,&
{'D5'},{'D3'},{'D7'},{'D1'},{'D6'},{'D4'},{'R2'},{'D2'},{'R3'},{'R1'},&,2.0,&
{'D5'},{'D3'},{'D7'},{'D1'},{'D6'},{'D4'},{'R1'},{'D2'},{'R3'},{'R2'},&,1.0,&
{'D5'},{'D3'},{'D7'},{'D1'},{'D6'},{'D2'},{'R3'},{'D4'},{'R2'},{'R1'},&,4.0,&
{'D5'},{'D3'},{'D7'},{'D1'},{'D6'},{'D2'},{'R3'},{'D4'},{'R1'},{'R2'},&,2.0,&
{'D5'},{'D3'},{'D7'},{'D1'},{'D6'},{'D2'},{'D4'},{'R1'},{'R2'},{'R3'},&,2.0,&
{'D5'},{'D3'},{'D7'},{'D1'},{'D6'},{'D2'},{'D4'},{'R1'},{'R3'},{'R2'},&,5.0,&
{'D5'},{'D3'},{'D7'},{'D1'},{'D6'},{'D2'},{'D4'},{'R2'},{'R3'},{'R1'},&,2.0,&
{'D5'},{'D3'},{'D7'},{'D1'},{'D6'},{'D2'},{'D4'},{'R2'},{'R1'},{'R3'},&,1.0,&
{'D5'},{'D3'},{'D7'},{'D1'},{'D6'},{'D2'},{'D4'},{'R3'},{'R2'},{'R1'},&,6.0,&
{'D5'},{'D3'},{'D7'},{'D1'},{'D6'},{'D2'},{'D4'},{'R3'},{'R1'},{'R2'},&,5.0,&
{'D5'},{'D3'},{'D7'},{'D1'},{'D6'},{'R2'},{'D4'},{'R1'},{'D2'},{'R3'},&,1.0,&
{'D5'},{'D3'},{'D7'},{'D1'},{'D6'},{'R1'},{'R3'},{'D2'},{'R2'},{'D4'},&,1.0,&
{'D5'},{'D3'},{'D7'},{'D1'},{'D6'},{'R1'},{'R3'},{'D2'},{'D4'},{'R2'},&,1.0,&
{'D5'},{'D3'},{'D7'},{'D1'},{'D6'},{'R1'},{'D4'},{'D2'},{'R3'},{'R2'},&,1.0,&
{'D5'},{'D3'},{'D7'},{'D1'},{'D4'},{'D6'},{'R3'},{'D2'},{'R1'},{'R2'},&,4.0,&
{'D5'},{'D3'},{'D7'},{'D1'},{'D4'},{'D6'},{'R3'},{'R1'},{'D2'},{'R2'},&,1.0,&
{'D5'},{'D3'},{'D7'},{'D1'},{'D4'},{'D6'},{'D2'},{'R1'},{'R3'},{'R2'},&,4.0,&
{'D5'},{'D3'},{'D7'},{'D1'},{'D4'},{'D6'},{'D2'},{'R2'},{'R3'},{'R1'},&,2.0,&
{'D5'},{'D3'},{'D7'},{'D1'},{'D4'},{'D6'},{'D2'},{'R2'},{'R1'},{'R3'},&,2.0,&
{'D5'},{'D3'},{'D7'},{'D1'},{'D4'},{'D6'},{'D2'},{'R3'},{'R2'},{'R1'},&,5.0,&
{'D5'},{'D3'},{'D7'},{'D1'},{'D4'},{'D6'},{'D2'},{'R3'},{'R1'},{'R2'},&,10.0,&
{'D5'},{'D3'},{'D7'},{'D1'},{'D4'},{'D6'},{'R2'},{'D2'},{'R1'},{'R3'},&,1.0,&
{'D5'},{'D3'},{'D7'},{'D1'},{'D4'},{'D6'},{'R1'},{'D2'},{'R3'},{'R2'},&,1.0,&
{'D5'},{'D3'},{'D7'},{'D1'},{'D4'},{'D2'},{'R3'},{'D6'},{'R2'},{'R1'},&,1.0,&
{'D5'},{'D3'},{'D7'},{'D1'},{'D4'},{'D2'},{'D6'},{'R1'},{'R3'},{'R2'},&,1.0,&
{'D5'},{'D3'},{'D7'},{'D1'},{'D4'},{'D2'},{'D6'},{'R3'},{'R2'},{'R1'},&,2.0,&
{'D5'},{'D3'},{'D7'},{'D1'},{'D4'},{'D2'},{'D6'},{'R3'},{'R1'},{'R2'},&,3.0,&
{'D5'},{'D3'},{'D7'},{'D1'},{'D4'},{'R1'},{'D6'},{'D2'},{'R3'},{'R2'},&,1.0,&
{'D5'},{'D3'},{'D7'},{'D1'},{'D4'},{'R3'},{'D6'},{'D2'},{'R2'},{'R1'},&,1.0,&
{'D5'},{'D3'},{'D7'},{'D1'},{'D4'},{'R3'},{'D6'},{'R1'},{'D2'},{'R2'},&,1.0,&
{'D5'},{'D3'},{'D7'},{'D2'},{'D1'},{'D6'},{'R3'},{'D4'},{'R2'},{'R1'},&,1.0,&
{'D5'},{'D3'},{'D7'},{'D2'},{'D1'},{'D6'},{'R3'},{'D4'},{'R1'},{'R2'},&,2.0,&
{'D5'},{'D3'},{'D7'},{'D2'},{'D1'},{'D6'},{'D4'},{'R1'},{'R2'},{'R3'},&,2.0,&
{'D5'},{'D3'},{'D7'},{'D2'},{'D1'},{'D6'},{'D4'},{'R2'},{'R3'},{'R1'},&,1.0,&
{'D5'},{'D3'},{'D7'},{'D2'},{'D1'},{'D6'},{'D4'},{'R3'},{'R2'},{'R1'},&,1.0,&
{'D5'},{'D3'},{'D7'},{'D2'},{'D1'},{'D6'},{'D4'},{'R3'},{'R1'},{'R2'},&,3.0,&
{'D5'},{'D3'},{'D7'},{'D2'},{'D1'},{'D6'},{'R2'},{'D4'},{'R3'},{'R1'},&,1.0,&
{'D5'},{'D3'},{'D7'},{'D2'},{'D1'},{'D4'},{'R2'},{'D6'},{'R3'},{'R1'},&,1.0,&
{'D5'},{'D3'},{'D7'},{'D2'},{'D1'},{'D4'},{'D6'},{'R2'},{'R1'},{'R3'},&,1.0,&
{'D5'},{'D3'},{'D7'},{'D2'},{'D1'},{'D4'},{'D6'},{'R3'},{'R2'},{'R1'},&,1.0,&
{'D5'},{'D3'},{'D7'},{'D2'},{'D1'},{'D4'},{'D6'},{'R3'},{'R1'},{'R2'},&,1.0,&
{'D5'},{'D3'},{'D7'},{'D2'},{'D1'},{'R3'},{'D6'},{'D4'},{'R2'},{'R1'},&,1.0,&
{'D5'},{'D3'},{'D7'},{'D2'},{'D6'},{'D4'},{'R3'},{'R1'},{'R2'},{'D1'},&,1.0,&
{'D5'},{'D3'},{'D7'},{'D2'},{'D6'},{'D4'},{'R3'},{'R1'},{'D1'},{'R2'},&,1.0,&
{'D5'},{'D3'},{'D7'},{'D2'},{'D6'},{'D4'},{'R3'},{'R2'},{'R1'},{'D1'},&,1.0,&
{'D5'},{'D3'},{'D7'},{'D2'},{'D6'},{'D4'},{'R3'},{'D1'},{'R2'},{'R1'},&,3.0,&
{'D5'},{'D3'},{'D7'},{'D2'},{'D6'},{'D4'},{'R3'},{'D1'},{'R1'},{'R2'},&,2.0,&
{'D5'},{'D3'},{'D7'},{'D2'},{'D6'},{'D4'},{'D1'},{'R1'},{'R2'},{'R3'},&,3.0,&
{'D5'},{'D3'},{'D7'},{'D2'},{'D6'},{'D4'},{'D1'},{'R1'},{'R3'},{'R2'},&,4.0,&
{'D5'},{'D3'},{'D7'},{'D2'},{'D6'},{'D4'},{'D1'},{'R2'},{'R3'},{'R1'},&,3.0,&
{'D5'},{'D3'},{'D7'},{'D2'},{'D6'},{'D4'},{'D1'},{'R2'},{'R1'},{'R3'},&,1.0,&
{'D5'},{'D3'},{'D7'},{'D2'},{'D6'},{'D4'},{'D1'},{'R3'},{'R2'},{'R1'},&,9.0,&
{'D5'},{'D3'},{'D7'},{'D2'},{'D6'},{'D4'},{'D1'},{'R3'},{'R1'},{'R2'},&,13.0,&
{'D5'},{'D3'},{'D7'},{'D2'},{'D6'},{'D4'},{'R2'},{'R1'},{'D1'},{'R3'},&,1.0,&
{'D5'},{'D3'},{'D7'},{'D2'},{'D6'},{'D1'},{'R3'},{'D4'},{'R2'},{'R1'},&,1.0,&
{'D5'},{'D3'},{'D7'},{'D2'},{'D6'},{'D1'},{'R3'},{'D4'},{'R1'},{'R2'},&,3.0,&
{'D5'},{'D3'},{'D7'},{'D2'},{'D6'},{'D1'},{'D4'},{'R1'},{'R2'},{'R3'},&,2.0,&
{'D5'},{'D3'},{'D7'},{'D2'},{'D6'},{'D1'},{'D4'},{'R1'},{'R3'},{'R2'},&,2.0,&
{'D5'},{'D3'},{'D7'},{'D2'},{'D6'},{'D1'},{'D4'},{'R2'},{'R1'},{'R3'},&,1.0,&
{'D5'},{'D3'},{'D7'},{'D2'},{'D6'},{'D1'},{'D4'},{'R3'},{'R2'},{'R1'},&,8.0,&
{'D5'},{'D3'},{'D7'},{'D2'},{'D6'},{'D1'},{'D4'},{'R3'},{'R1'},{'R2'},&,5.0,&
{'D5'},{'D3'},{'D7'},{'D2'},{'D6'},{'D1'},{'R2'},{'R3'},{'D4'},{'R1'},&,1.0,&
{'D5'},{'D3'},{'D7'},{'D2'},{'D6'},{'D1'},{'R1'},{'R3'},{'D4'},{'R2'},&,1.0,&
{'D5'},{'D3'},{'D7'},{'D2'},{'D6'},{'D1'},{'R1'},{'D4'},{'R3'},{'R2'},&,1.0,&
{'D5'},{'D3'},{'D7'},{'D2'},{'D6'},{'R2'},{'D4'},{'D1'},{'R1'},{'R3'},&,1.0,&
{'D5'},{'D3'},{'D7'},{'D2'},{'D6'},{'R3'},{'D4'},{'D1'},{'R2'},{'R1'},&,3.0,&
{'D5'},{'D3'},{'D7'},{'D2'},{'D6'},{'R3'},{'D4'},{'D1'},{'R1'},{'R2'},&,1.0,&
{'D5'},{'D3'},{'D7'},{'D2'},{'D4'},{'D6'},{'R3'},{'D1'},{'R1'},{'R2'},&,2.0,&
{'D5'},{'D3'},{'D7'},{'D2'},{'D4'},{'D6'},{'D1'},{'R1'},{'R2'},{'R3'},&,1.0,&
{'D5'},{'D3'},{'D7'},{'D2'},{'D4'},{'D6'},{'D1'},{'R1'},{'R3'},{'R2'},&,7.0,&
{'D5'},{'D3'},{'D7'},{'D2'},{'D4'},{'D6'},{'D1'},{'R2'},{'R3'},{'R1'},&,3.0,&
{'D5'},{'D3'},{'D7'},{'D2'},{'D4'},{'D6'},{'D1'},{'R2'},{'R1'},{'R3'},&,2.0,&
{'D5'},{'D3'},{'D7'},{'D2'},{'D4'},{'D6'},{'D1'},{'R3'},{'R2'},{'R1'},&,6.0,&
{'D5'},{'D3'},{'D7'},{'D2'},{'D4'},{'D6'},{'D1'},{'R3'},{'R1'},{'R2'},&,3.0,&
{'D5'},{'D3'},{'D7'},{'D2'},{'D4'},{'D6'},{'R2'},{'D1'},{'R3'},{'R1'},&,2.0,&
{'D5'},{'D3'},{'D7'},{'D2'},{'D4'},{'D6'},{'R1'},{'R3'},{'D1'},{'R2'},&,1.0,&
{'D5'},{'D3'},{'D7'},{'D2'},{'D4'},{'D1'},{'D6'},{'R2'},{'R3'},{'R1'},&,1.0,&
{'D5'},{'D3'},{'D7'},{'D2'},{'D4'},{'D1'},{'D6'},{'R3'},{'R1'},{'R2'},&,1.0,&
{'D5'},{'D3'},{'D7'},{'D2'},{'D4'},{'R2'},{'D6'},{'D1'},{'R3'},{'R1'},&,1.0,&
{'D5'},{'D3'},{'D7'},{'D2'},{'D4'},{'R1'},{'D6'},{'D1'},{'R3'},{'R2'},&,1.0,&
{'D5'},{'D3'},{'D7'},{'D2'},{'R3'},{'D6'},{'D1'},{'R2'},{'R1'},{'D4'},&,1.0,&
{'D5'},{'D3'},{'D7'},{'D6'},{'D1'},{'D4'},{'R3'},{'D2'},{'R2'},{'R1'},&,5.0,&
{'D5'},{'D3'},{'D7'},{'D6'},{'D1'},{'D4'},{'R3'},{'D2'},{'R1'},{'R2'},&,9.0,&
{'D5'},{'D3'},{'D7'},{'D6'},{'D1'},{'D4'},{'R3'},{'R1'},{'D2'},{'R2'},&,3.0,&
{'D5'},{'D3'},{'D7'},{'D6'},{'D1'},{'D4'},{'R3'},{'R2'},{'D2'},{'R1'},&,2.0,&
{'D5'},{'D3'},{'D7'},{'D6'},{'D1'},{'D4'},{'D2'},{'R1'},{'R2'},{'R3'},&,1.0,&
{'D5'},{'D3'},{'D7'},{'D6'},{'D1'},{'D4'},{'D2'},{'R1'},{'R3'},{'R2'},&,10.0,&
{'D5'},{'D3'},{'D7'},{'D6'},{'D1'},{'D4'},{'D2'},{'R2'},{'R3'},{'R1'},&,6.0,&
{'D5'},{'D3'},{'D7'},{'D6'},{'D1'},{'D4'},{'D2'},{'R2'},{'R1'},{'R3'},&,3.0,&
{'D5'},{'D3'},{'D7'},{'D6'},{'D1'},{'D4'},{'D2'},{'R3'},{'R2'},{'R1'},&,20.0,&
{'D5'},{'D3'},{'D7'},{'D6'},{'D1'},{'D4'},{'D2'},{'R3'},{'R1'},{'R2'},&,20.0,&
{'D5'},{'D3'},{'D7'},{'D6'},{'D1'},{'D4'},{'R2'},{'D2'},{'R3'},{'R1'},&,4.0,&
{'D5'},{'D3'},{'D7'},{'D6'},{'D1'},{'D4'},{'R2'},{'D2'},{'R1'},{'R3'},&,2.0,&
{'D5'},{'D3'},{'D7'},{'D6'},{'D1'},{'D4'},{'R2'},{'R3'},{'D2'},{'R1'},&,2.0,&
{'D5'},{'D3'},{'D7'},{'D6'},{'D1'},{'D4'},{'R1'},{'D2'},{'R2'},{'R3'},&,1.0,&
{'D5'},{'D3'},{'D7'},{'D6'},{'D1'},{'D4'},{'R1'},{'R2'},{'D2'},{'R3'},&,1.0,&
{'D5'},{'D3'},{'D7'},{'D6'},{'D1'},{'D2'},{'R3'},{'R2'},{'D4'},{'R1'},&,1.0,&
{'D5'},{'D3'},{'D7'},{'D6'},{'D1'},{'D2'},{'R3'},{'D4'},{'R2'},{'R1'},&,2.0,&
{'D5'},{'D3'},{'D7'},{'D6'},{'D1'},{'D2'},{'R3'},{'D4'},{'R1'},{'R2'},&,8.0,&
{'D5'},{'D3'},{'D7'},{'D6'},{'D1'},{'D2'},{'D4'},{'R1'},{'R2'},{'R3'},&,1.0,&
{'D5'},{'D3'},{'D7'},{'D6'},{'D1'},{'D2'},{'D4'},{'R1'},{'R3'},{'R2'},&,4.0,&
{'D5'},{'D3'},{'D7'},{'D6'},{'D1'},{'D2'},{'D4'},{'R2'},{'R3'},{'R1'},&,4.0,&
{'D5'},{'D3'},{'D7'},{'D6'},{'D1'},{'D2'},{'D4'},{'R2'},{'R1'},{'R3'},&,4.0,&
{'D5'},{'D3'},{'D7'},{'D6'},{'D1'},{'D2'},{'D4'},{'R3'},{'R2'},{'R1'},&,7.0,&
{'D5'},{'D3'},{'D7'},{'D6'},{'D1'},{'D2'},{'D4'},{'R3'},{'R1'},{'R2'},&,9.0,&
{'D5'},{'D3'},{'D7'},{'D6'},{'D1'},{'D2'},{'R2'},{'D4'},{'R1'},{'R3'},&,1.0,&
{'D5'},{'D3'},{'D7'},{'D6'},{'D1'},{'D2'},{'R1'},{'R3'},{'D4'},{'R2'},&,1.0,&
{'D5'},{'D3'},{'D7'},{'D6'},{'D1'},{'D2'},{'R1'},{'D4'},{'R3'},{'R2'},&,1.0,&
{'D5'},{'D3'},{'D7'},{'D6'},{'D1'},{'R2'},{'D4'},{'R3'},{'D2'},{'R1'},&,1.0,&
{'D5'},{'D3'},{'D7'},{'D6'},{'D1'},{'R1'},{'D4'},{'D2'},{'R3'},{'R2'},&,2.0,&
{'D5'},{'D3'},{'D7'},{'D6'},{'D1'},{'R3'},{'D2'},{'D4'},{'R1'},{'R2'},&,1.0,&
{'D5'},{'D3'},{'D7'},{'D6'},{'D1'},{'R3'},{'D4'},{'D2'},{'R1'},{'R2'},&,3.0,&
{'D5'},{'D3'},{'D7'},{'D6'},{'D1'},{'R3'},{'D4'},{'R1'},{'D2'},{'R2'},&,1.0,&
{'D5'},{'D3'},{'D7'},{'D6'},{'D1'},{'R3'},{'D4'},{'R2'},{'R1'},{'D2'},&,1.0,&
{'D5'},{'D3'},{'D7'},{'D6'},{'D2'},{'D4'},{'R3'},{'R1'},{'D1'},{'R2'},&,3.0,&
{'D5'},{'D3'},{'D7'},{'D6'},{'D2'},{'D4'},{'R3'},{'D1'},{'R2'},{'R1'},&,1.0,&
{'D5'},{'D3'},{'D7'},{'D6'},{'D2'},{'D4'},{'R3'},{'D1'},{'R1'},{'R2'},&,2.0,&
{'D5'},{'D3'},{'D7'},{'D6'},{'D2'},{'D4'},{'D1'},{'R1'},{'R2'},{'R3'},&,3.0,&
{'D5'},{'D3'},{'D7'},{'D6'},{'D2'},{'D4'},{'D1'},{'R1'},{'R3'},{'R2'},&,12.0,&
{'D5'},{'D3'},{'D7'},{'D6'},{'D2'},{'D4'},{'D1'},{'R2'},{'R3'},{'R1'},&,8.0,&
{'D5'},{'D3'},{'D7'},{'D6'},{'D2'},{'D4'},{'D1'},{'R2'},{'R1'},{'R3'},&,3.0,&
{'D5'},{'D3'},{'D7'},{'D6'},{'D2'},{'D4'},{'D1'},{'R3'},{'R2'},{'R1'},&,12.0,&
{'D5'},{'D3'},{'D7'},{'D6'},{'D2'},{'D4'},{'D1'},{'R3'},{'R1'},{'R2'},&,18.0,&
{'D5'},{'D3'},{'D7'},{'D6'},{'D2'},{'D4'},{'R1'},{'R3'},{'D1'},{'R2'},&,1.0,&
{'D5'},{'D3'},{'D7'},{'D6'},{'D2'},{'D4'},{'R1'},{'D1'},{'R2'},{'R3'},&,1.0,&
{'D5'},{'D3'},{'D7'},{'D6'},{'D2'},{'D4'},{'R1'},{'D1'},{'R3'},{'R2'},&,2.0,&
{'D5'},{'D3'},{'D7'},{'D6'},{'D2'},{'D1'},{'R3'},{'R1'},{'D4'},{'R2'},&,2.0,&
{'D5'},{'D3'},{'D7'},{'D6'},{'D2'},{'D1'},{'R3'},{'D4'},{'R2'},{'R1'},&,1.0,&
{'D5'},{'D3'},{'D7'},{'D6'},{'D2'},{'D1'},{'D4'},{'R1'},{'R2'},{'R3'},&,2.0,&
{'D5'},{'D3'},{'D7'},{'D6'},{'D2'},{'D1'},{'D4'},{'R1'},{'R3'},{'R2'},&,4.0,&
{'D5'},{'D3'},{'D7'},{'D6'},{'D2'},{'D1'},{'D4'},{'R2'},{'R3'},{'R1'},&,4.0,&
{'D5'},{'D3'},{'D7'},{'D6'},{'D2'},{'D1'},{'D4'},{'R2'},{'R1'},{'R3'},&,2.0,&
{'D5'},{'D3'},{'D7'},{'D6'},{'D2'},{'D1'},{'D4'},{'R3'},{'R2'},{'R1'},&,7.0,&
{'D5'},{'D3'},{'D7'},{'D6'},{'D2'},{'D1'},{'D4'},{'R3'},{'R1'},{'R2'},&,12.0,&
{'D5'},{'D3'},{'D7'},{'D6'},{'D2'},{'D1'},{'R2'},{'D4'},{'R1'},{'R3'},&,1.0,&
{'D5'},{'D3'},{'D7'},{'D6'},{'D2'},{'D1'},{'R1'},{'D4'},{'R2'},{'R3'},&,1.0,&
{'D5'},{'D3'},{'D7'},{'D6'},{'D2'},{'D1'},{'R1'},{'D4'},{'R3'},{'R2'},&,1.0,&
{'D5'},{'D3'},{'D7'},{'D6'},{'D2'},{'R1'},{'D1'},{'R3'},{'D4'},{'R2'},&,1.0,&
{'D5'},{'D3'},{'D7'},{'D6'},{'D2'},{'R3'},{'D1'},{'D4'},{'R1'},{'R2'},&,2.0,&
{'D5'},{'D3'},{'D7'},{'D6'},{'D2'},{'R3'},{'D4'},{'R2'},{'D1'},{'R1'},&,1.0,&
{'D5'},{'D3'},{'D7'},{'D6'},{'D2'},{'R3'},{'D4'},{'D1'},{'R1'},{'R2'},&,1.0,&
{'D5'},{'D3'},{'D7'},{'D6'},{'D4'},{'D1'},{'R3'},{'D2'},{'R2'},{'R1'},&,4.0,&
{'D5'},{'D3'},{'D7'},{'D6'},{'D4'},{'D1'},{'R3'},{'D2'},{'R1'},{'R2'},&,8.0,&
{'D5'},{'D3'},{'D7'},{'D6'},{'D4'},{'D1'},{'R3'},{'R1'},{'D2'},{'R2'},&,1.0,&
{'D5'},{'D3'},{'D7'},{'D6'},{'D4'},{'D1'},{'D2'},{'R1'},{'R2'},{'R3'},&,5.0,&
{'D5'},{'D3'},{'D7'},{'D6'},{'D4'},{'D1'},{'D2'},{'R1'},{'R3'},{'R2'},&,9.0,&
{'D5'},{'D3'},{'D7'},{'D6'},{'D4'},{'D1'},{'D2'},{'R2'},{'R3'},{'R1'},&,7.0,&
{'D5'},{'D3'},{'D7'},{'D6'},{'D4'},{'D1'},{'D2'},{'R2'},{'R1'},{'R3'},&,4.0,&
{'D5'},{'D3'},{'D7'},{'D6'},{'D4'},{'D1'},{'D2'},{'R3'},{'R2'},{'R1'},&,15.0,&
{'D5'},{'D3'},{'D7'},{'D6'},{'D4'},{'D1'},{'D2'},{'R3'},{'R1'},{'R2'},&,23.0,&
{'D5'},{'D3'},{'D7'},{'D6'},{'D4'},{'D1'},{'R2'},{'D2'},{'R3'},{'R1'},&,4.0,&
{'D5'},{'D3'},{'D7'},{'D6'},{'D4'},{'D1'},{'R2'},{'R3'},{'D2'},{'R1'},&,2.0,&
{'D5'},{'D3'},{'D7'},{'D6'},{'D4'},{'D1'},{'R1'},{'D2'},{'R3'},{'R2'},&,2.0,&
{'D5'},{'D3'},{'D7'},{'D6'},{'D4'},{'D1'},{'R1'},{'R3'},{'D2'},{'R2'},&,3.0,&
{'D5'},{'D3'},{'D7'},{'D6'},{'D4'},{'D2'},{'R3'},{'R2'},{'D1'},{'R1'},&,1.0,&
{'D5'},{'D3'},{'D7'},{'D6'},{'D4'},{'D2'},{'R3'},{'D1'},{'R2'},{'R1'},&,3.0,&
{'D5'},{'D3'},{'D7'},{'D6'},{'D4'},{'D2'},{'R3'},{'D1'},{'R1'},{'R2'},&,3.0,&
{'D5'},{'D3'},{'D7'},{'D6'},{'D4'},{'D2'},{'D1'},{'R1'},{'R2'},{'R3'},&,2.0,&
{'D5'},{'D3'},{'D7'},{'D6'},{'D4'},{'D2'},{'D1'},{'R1'},{'R3'},{'R2'},&,11.0,&
{'D5'},{'D3'},{'D7'},{'D6'},{'D4'},{'D2'},{'D1'},{'R2'},{'R3'},{'R1'},&,10.0,&
{'D5'},{'D3'},{'D7'},{'D6'},{'D4'},{'D2'},{'D1'},{'R2'},{'R1'},{'R3'},&,8.0,&
{'D5'},{'D3'},{'D7'},{'D6'},{'D4'},{'D2'},{'D1'},{'R3'},{'R2'},{'R1'},&,18.0,&
{'D5'},{'D3'},{'D7'},{'D6'},{'D4'},{'D2'},{'D1'},{'R3'},{'R1'},{'R2'},&,21.0,&
{'D5'},{'D3'},{'D7'},{'D6'},{'D4'},{'D2'},{'R2'},{'R3'},{'R1'},{'D1'},&,1.0,&
{'D5'},{'D3'},{'D7'},{'D6'},{'D4'},{'D2'},{'R2'},{'D1'},{'R1'},{'R3'},&,1.0,&
{'D5'},{'D3'},{'D7'},{'D6'},{'D4'},{'D2'},{'R1'},{'D1'},{'R3'},{'R2'},&,3.0,&
{'D5'},{'D3'},{'D7'},{'D6'},{'D4'},{'R2'},{'D2'},{'D1'},{'R3'},{'R1'},&,1.0,&
{'D5'},{'D3'},{'D7'},{'D6'},{'D4'},{'R2'},{'D1'},{'D2'},{'R3'},{'R1'},&,1.0,&
{'D5'},{'D3'},{'D7'},{'D6'},{'D4'},{'R1'},{'D2'},{'D1'},{'R2'},{'R3'},&,1.0,&
{'D5'},{'D3'},{'D7'},{'D6'},{'D4'},{'R1'},{'D1'},{'D2'},{'R2'},{'R3'},&,1.0,&
{'D5'},{'D3'},{'D7'},{'D6'},{'D4'},{'R1'},{'D1'},{'D2'},{'R3'},{'R2'},&,1.0,&
{'D5'},{'D3'},{'D7'},{'D6'},{'D4'},{'R1'},{'D1'},{'R3'},{'D2'},{'R2'},&,1.0,&
{'D5'},{'D3'},{'D7'},{'D6'},{'D4'},{'R3'},{'D2'},{'D1'},{'R1'},{'R2'},&,1.0,&
{'D5'},{'D3'},{'D7'},{'D6'},{'D4'},{'R3'},{'D1'},{'D2'},{'R1'},{'R2'},&,3.0,&
{'D5'},{'D3'},{'D7'},{'D6'},{'D4'},{'R3'},{'D1'},{'R1'},{'R2'},{'D2'},&,1.0,&
{'D5'},{'D3'},{'D7'},{'D6'},{'D4'},{'R3'},{'D1'},{'R1'},{'D2'},{'R2'},&,1.0,&
{'D5'},{'D3'},{'D7'},{'D6'},{'D4'},{'R3'},{'D1'},{'R2'},{'D2'},{'R1'},&,1.0,&
{'D5'},{'D3'},{'D7'},{'D6'},{'D4'},{'R3'},{'R1'},{'D2'},{'D1'},{'R2'},&,1.0,&
{'D5'},{'D3'},{'D7'},{'D6'},{'D4'},{'R3'},{'R1'},{'D1'},{'D2'},{'R2'},&,1.0,&
{'D5'},{'D3'},{'D7'},{'D6'},{'R3'},{'D4'},{'D2'},{'D1'},{'R2'},{'R1'},&,1.0,&
{'D5'},{'D3'},{'D7'},{'D6'},{'R3'},{'D4'},{'D1'},{'D2'},{'R2'},{'R1'},&,2.0,&
{'D5'},{'D3'},{'D7'},{'D6'},{'R3'},{'D1'},{'D4'},{'D2'},{'R2'},{'R1'},&,2.0,&
{'D5'},{'D3'},{'D7'},{'D6'},{'R3'},{'D1'},{'D4'},{'D2'},{'R1'},{'R2'},&,2.0,&
{'D5'},{'D3'},{'D7'},{'D6'},{'R3'},{'D2'},{'D1'},{'D4'},{'R1'},{'R2'},&,1.0,&
{'D5'},{'D3'},{'D7'},{'D6'},{'R3'},{'D2'},{'D4'},{'R1'},{'R2'},{'D1'},&,1.0,&
{'D5'},{'D3'},{'D7'},{'D6'},{'R2'},{'D4'},{'D1'},{'D2'},{'R1'},{'R3'},&,1.0,&
{'D5'},{'D3'},{'D7'},{'D6'},{'R1'},{'D4'},{'D2'},{'D1'},{'R2'},{'R3'},&,1.0,&
{'D5'},{'D3'},{'D7'},{'D6'},{'R1'},{'D2'},{'D1'},{'R2'},{'R3'},{'D4'},&,1.0,&
{'D5'},{'D3'},{'D7'},{'D6'},{'R1'},{'R3'},{'D4'},{'D2'},{'R2'},{'D1'},&,1.0,&
{'D5'},{'D3'},{'D7'},{'D4'},{'D1'},{'D6'},{'R3'},{'D2'},{'R2'},{'R1'},&,1.0,&
{'D5'},{'D3'},{'D7'},{'D4'},{'D1'},{'D6'},{'R3'},{'D2'},{'R1'},{'R2'},&,2.0,&
{'D5'},{'D3'},{'D7'},{'D4'},{'D1'},{'D6'},{'R3'},{'R1'},{'D2'},{'R2'},&,2.0,&
{'D5'},{'D3'},{'D7'},{'D4'},{'D1'},{'D6'},{'R3'},{'R2'},{'R1'},{'D2'},&,1.0,&
{'D5'},{'D3'},{'D7'},{'D4'},{'D1'},{'D6'},{'D2'},{'R1'},{'R2'},{'R3'},&,1.0,&
{'D5'},{'D3'},{'D7'},{'D4'},{'D1'},{'D6'},{'D2'},{'R1'},{'R3'},{'R2'},&,5.0,&
{'D5'},{'D3'},{'D7'},{'D4'},{'D1'},{'D6'},{'D2'},{'R2'},{'R3'},{'R1'},&,2.0,&
{'D5'},{'D3'},{'D7'},{'D4'},{'D1'},{'D6'},{'D2'},{'R2'},{'R1'},{'R3'},&,1.0,&
{'D5'},{'D3'},{'D7'},{'D4'},{'D1'},{'D6'},{'D2'},{'R3'},{'R2'},{'R1'},&,8.0,&
{'D5'},{'D3'},{'D7'},{'D4'},{'D1'},{'D6'},{'D2'},{'R3'},{'R1'},{'R2'},&,13.0,&
{'D5'},{'D3'},{'D7'},{'D4'},{'D1'},{'D6'},{'R2'},{'D2'},{'R3'},{'R1'},&,1.0,&
{'D5'},{'D3'},{'D7'},{'D4'},{'D1'},{'D6'},{'R1'},{'D2'},{'R3'},{'R2'},&,1.0,&
{'D5'},{'D3'},{'D7'},{'D4'},{'D1'},{'D6'},{'R1'},{'R3'},{'R2'},{'D2'},&,1.0,&
{'D5'},{'D3'},{'D7'},{'D4'},{'D1'},{'D6'},{'R1'},{'R3'},{'D2'},{'R2'},&,1.0,&
{'D5'},{'D3'},{'D7'},{'D4'},{'D1'},{'D2'},{'R3'},{'R1'},{'D6'},{'R2'},&,1.0,&
{'D5'},{'D3'},{'D7'},{'D4'},{'D1'},{'D2'},{'R3'},{'D6'},{'R2'},{'R1'},&,1.0,&
{'D5'},{'D3'},{'D7'},{'D4'},{'D1'},{'D2'},{'D6'},{'R1'},{'R3'},{'R2'},&,3.0,&
{'D5'},{'D3'},{'D7'},{'D4'},{'D1'},{'D2'},{'D6'},{'R3'},{'R2'},{'R1'},&,3.0,&
{'D5'},{'D3'},{'D7'},{'D4'},{'D1'},{'D2'},{'D6'},{'R3'},{'R1'},{'R2'},&,2.0,&
{'D5'},{'D3'},{'D7'},{'D4'},{'D1'},{'R3'},{'D2'},{'D6'},{'R2'},{'R1'},&,1.0,&
{'D5'},{'D3'},{'D7'},{'D4'},{'D1'},{'R3'},{'D6'},{'D2'},{'R1'},{'R2'},&,1.0,&
{'D5'},{'D3'},{'D7'},{'D4'},{'D1'},{'R3'},{'D6'},{'R1'},{'D2'},{'R2'},&,1.0,&
{'D5'},{'D3'},{'D7'},{'D4'},{'D1'},{'R3'},{'R1'},{'D2'},{'D6'},{'R2'},&,1.0,&
{'D5'},{'D3'},{'D7'},{'D4'},{'D2'},{'D6'},{'R3'},{'R1'},{'R2'},{'D1'},&,1.0,&
{'D5'},{'D3'},{'D7'},{'D4'},{'D2'},{'D6'},{'R3'},{'D1'},{'R2'},{'R1'},&,2.0,&
{'D5'},{'D3'},{'D7'},{'D4'},{'D2'},{'D6'},{'R3'},{'D1'},{'R1'},{'R2'},&,2.0,&
{'D5'},{'D3'},{'D7'},{'D4'},{'D2'},{'D6'},{'D1'},{'R1'},{'R2'},{'R3'},&,2.0,&
{'D5'},{'D3'},{'D7'},{'D4'},{'D2'},{'D6'},{'D1'},{'R1'},{'R3'},{'R2'},&,5.0,&
{'D5'},{'D3'},{'D7'},{'D4'},{'D2'},{'D6'},{'D1'},{'R2'},{'R3'},{'R1'},&,2.0,&
{'D5'},{'D3'},{'D7'},{'D4'},{'D2'},{'D6'},{'D1'},{'R2'},{'R1'},{'R3'},&,1.0,&
{'D5'},{'D3'},{'D7'},{'D4'},{'D2'},{'D6'},{'D1'},{'R3'},{'R2'},{'R1'},&,7.0,&
{'D5'},{'D3'},{'D7'},{'D4'},{'D2'},{'D6'},{'D1'},{'R3'},{'R1'},{'R2'},&,9.0,&
{'D5'},{'D3'},{'D7'},{'D4'},{'D2'},{'D6'},{'R2'},{'R1'},{'D1'},{'R3'},&,1.0,&
{'D5'},{'D3'},{'D7'},{'D4'},{'D2'},{'D6'},{'R2'},{'D1'},{'R3'},{'R1'},&,1.0,&
{'D5'},{'D3'},{'D7'},{'D4'},{'D2'},{'D6'},{'R1'},{'D1'},{'R2'},{'R3'},&,1.0,&
{'D5'},{'D3'},{'D7'},{'D4'},{'D2'},{'D6'},{'R1'},{'D1'},{'R3'},{'R2'},&,1.0,&
{'D5'},{'D3'},{'D7'},{'D4'},{'D2'},{'D1'},{'R3'},{'R1'},{'D6'},{'R2'},&,1.0,&
{'D5'},{'D3'},{'D7'},{'D4'},{'D2'},{'D1'},{'R3'},{'D6'},{'R2'},{'R1'},&,1.0,&
{'D5'},{'D3'},{'D7'},{'D4'},{'D2'},{'D1'},{'D6'},{'R1'},{'R3'},{'R2'},&,1.0,&
{'D5'},{'D3'},{'D7'},{'D4'},{'D2'},{'D1'},{'D6'},{'R3'},{'R1'},{'R2'},&,2.0,&
{'D5'},{'D3'},{'D7'},{'D4'},{'D2'},{'D1'},{'R1'},{'R2'},{'R3'},{'D6'},&,1.0,&
{'D5'},{'D3'},{'D7'},{'D4'},{'D2'},{'D1'},{'R1'},{'R3'},{'D6'},{'R2'},&,1.0,&
{'D5'},{'D3'},{'D7'},{'D4'},{'D2'},{'R1'},{'D6'},{'R2'},{'D1'},{'R3'},&,1.0,&
{'D5'},{'D3'},{'D7'},{'D4'},{'D2'},{'R1'},{'D6'},{'D1'},{'R2'},{'R3'},&,1.0,&
{'D5'},{'D3'},{'D7'},{'D4'},{'D6'},{'D1'},{'R3'},{'D2'},{'R2'},{'R1'},&,3.0,&
{'D5'},{'D3'},{'D7'},{'D4'},{'D6'},{'D1'},{'R3'},{'D2'},{'R1'},{'R2'},&,6.0,&
{'D5'},{'D3'},{'D7'},{'D4'},{'D6'},{'D1'},{'R3'},{'R1'},{'D2'},{'R2'},&,1.0,&
{'D5'},{'D3'},{'D7'},{'D4'},{'D6'},{'D1'},{'R3'},{'R2'},{'D2'},{'R1'},&,1.0,&
{'D5'},{'D3'},{'D7'},{'D4'},{'D6'},{'D1'},{'D2'},{'R1'},{'R2'},{'R3'},&,4.0,&
{'D5'},{'D3'},{'D7'},{'D4'},{'D6'},{'D1'},{'D2'},{'R1'},{'R3'},{'R2'},&,12.0,&
{'D5'},{'D3'},{'D7'},{'D4'},{'D6'},{'D1'},{'D2'},{'R2'},{'R3'},{'R1'},&,5.0,&
{'D5'},{'D3'},{'D7'},{'D4'},{'D6'},{'D1'},{'D2'},{'R2'},{'R1'},{'R3'},&,2.0,&
{'D5'},{'D3'},{'D7'},{'D4'},{'D6'},{'D1'},{'D2'},{'R3'},{'R2'},{'R1'},&,13.0,&
{'D5'},{'D3'},{'D7'},{'D4'},{'D6'},{'D1'},{'D2'},{'R3'},{'R1'},{'R2'},&,17.0,&
{'D5'},{'D3'},{'D7'},{'D4'},{'D6'},{'D1'},{'R1'},{'D2'},{'R2'},{'R3'},&,1.0,&
{'D5'},{'D3'},{'D7'},{'D4'},{'D6'},{'D1'},{'R1'},{'D2'},{'R3'},{'R2'},&,1.0,&
{'D5'},{'D3'},{'D7'},{'D4'},{'D6'},{'D2'},{'R3'},{'R1'},{'D1'},{'R2'},&,1.0,&
{'D5'},{'D3'},{'D7'},{'D4'},{'D6'},{'D2'},{'R3'},{'R2'},{'D1'},{'R1'},&,3.0,&
{'D5'},{'D3'},{'D7'},{'D4'},{'D6'},{'D2'},{'R3'},{'D1'},{'R2'},{'R1'},&,1.0,&
{'D5'},{'D3'},{'D7'},{'D4'},{'D6'},{'D2'},{'R3'},{'D1'},{'R1'},{'R2'},&,2.0,&
{'D5'},{'D3'},{'D7'},{'D4'},{'D6'},{'D2'},{'D1'},{'R1'},{'R2'},{'R3'},&,3.0,&
{'D5'},{'D3'},{'D7'},{'D4'},{'D6'},{'D2'},{'D1'},{'R1'},{'R3'},{'R2'},&,8.0,&
{'D5'},{'D3'},{'D7'},{'D4'},{'D6'},{'D2'},{'D1'},{'R2'},{'R3'},{'R1'},&,7.0,&
{'D5'},{'D3'},{'D7'},{'D4'},{'D6'},{'D2'},{'D1'},{'R2'},{'R1'},{'R3'},&,4.0,&
{'D5'},{'D3'},{'D7'},{'D4'},{'D6'},{'D2'},{'D1'},{'R3'},{'R2'},{'R1'},&,10.0,&
{'D5'},{'D3'},{'D7'},{'D4'},{'D6'},{'D2'},{'D1'},{'R3'},{'R1'},{'R2'},&,12.0,&
{'D5'},{'D3'},{'D7'},{'D4'},{'D6'},{'D2'},{'R2'},{'D1'},{'R1'},{'R3'},&,1.0,&
{'D5'},{'D3'},{'D7'},{'D4'},{'D6'},{'D2'},{'R1'},{'R2'},{'D1'},{'R3'},&,1.0,&
{'D5'},{'D3'},{'D7'},{'D4'},{'D6'},{'D2'},{'R1'},{'D1'},{'R3'},{'R2'},&,1.0,&
{'D5'},{'D3'},{'D7'},{'D4'},{'D6'},{'R2'},{'D2'},{'R3'},{'D1'},{'R1'},&,1.0,&
{'D5'},{'D3'},{'D7'},{'D4'},{'D6'},{'R2'},{'D2'},{'D1'},{'R1'},{'R3'},&,1.0,&
{'D5'},{'D3'},{'D7'},{'D4'},{'D6'},{'R2'},{'D1'},{'D2'},{'R3'},{'R1'},&,1.0,&
{'D5'},{'D3'},{'D7'},{'D4'},{'D6'},{'R1'},{'D2'},{'R2'},{'D1'},{'R3'},&,1.0,&
{'D5'},{'D3'},{'D7'},{'D4'},{'D6'},{'R1'},{'D2'},{'D1'},{'R3'},{'R2'},&,2.0,&
{'D5'},{'D3'},{'D7'},{'D4'},{'D6'},{'R1'},{'D1'},{'D2'},{'R3'},{'R2'},&,1.0,&
{'D5'},{'D3'},{'D7'},{'D4'},{'D6'},{'R1'},{'D1'},{'R2'},{'R3'},{'D2'},&,1.0,&
{'D5'},{'D3'},{'D7'},{'D4'},{'D6'},{'R3'},{'D2'},{'R2'},{'D1'},{'R1'},&,1.0,&
{'D5'},{'D3'},{'D7'},{'D4'},{'D6'},{'R3'},{'D2'},{'D1'},{'R2'},{'R1'},&,2.0,&
{'D5'},{'D3'},{'D7'},{'D4'},{'D6'},{'R3'},{'D2'},{'D1'},{'R1'},{'R2'},&,1.0,&
{'D5'},{'D3'},{'D7'},{'D4'},{'D6'},{'R3'},{'D1'},{'D2'},{'R2'},{'R1'},&,1.0,&
{'D5'},{'D3'},{'D7'},{'D4'},{'R3'},{'D6'},{'D2'},{'R2'},{'D1'},{'R1'},&,1.0,&
{'D5'},{'D3'},{'D7'},{'D4'},{'R3'},{'D6'},{'D2'},{'D1'},{'R1'},{'R2'},&,1.0,&
{'D5'},{'D3'},{'D7'},{'D4'},{'R3'},{'D6'},{'D1'},{'R1'},{'D2'},{'R2'},&,1.0,&
{'D5'},{'D3'},{'D7'},{'D4'},{'R2'},{'D6'},{'D2'},{'D1'},{'R3'},{'R1'},&,2.0,&
{'D5'},{'D3'},{'D7'},{'R2'},{'D4'},{'D6'},{'R1'},{'D2'},{'R3'},{'D1'},&,1.0,&
{'D5'},{'D3'},{'D2'},{'D7'},{'D1'},{'D6'},{'R3'},{'D4'},{'R1'},{'R2'},&,1.0,&
{'D5'},{'D3'},{'D2'},{'D7'},{'D1'},{'D6'},{'D4'},{'R3'},{'R2'},{'R1'},&,2.0,&
{'D5'},{'D3'},{'D2'},{'D7'},{'D1'},{'D6'},{'D4'},{'R3'},{'R1'},{'R2'},&,2.0,&
{'D5'},{'D3'},{'D2'},{'D7'},{'D1'},{'D6'},{'R2'},{'R3'},{'R1'},{'D4'},&,1.0,&
{'D5'},{'D3'},{'D2'},{'D7'},{'D1'},{'D6'},{'R2'},{'D4'},{'R1'},{'R3'},&,1.0,&
{'D5'},{'D3'},{'D2'},{'D7'},{'D1'},{'D4'},{'D6'},{'R3'},{'R2'},{'R1'},&,1.0,&
{'D5'},{'D3'},{'D2'},{'D7'},{'D1'},{'D4'},{'D6'},{'R3'},{'R1'},{'R2'},&,2.0,&
{'D5'},{'D3'},{'D2'},{'D7'},{'D1'},{'R3'},{'D4'},{'R1'},{'R2'},{'D6'},&,1.0,&
{'D5'},{'D3'},{'D2'},{'D7'},{'D1'},{'R3'},{'D6'},{'R2'},{'D4'},{'R1'},&,1.0,&
{'D5'},{'D3'},{'D2'},{'D7'},{'D1'},{'R3'},{'D6'},{'D4'},{'R2'},{'R1'},&,1.0,&
{'D5'},{'D3'},{'D2'},{'D7'},{'D6'},{'D4'},{'R3'},{'R1'},{'R2'},{'D1'},&,1.0,&
{'D5'},{'D3'},{'D2'},{'D7'},{'D6'},{'D4'},{'R3'},{'R1'},{'D1'},{'R2'},&,1.0,&
{'D5'},{'D3'},{'D2'},{'D7'},{'D6'},{'D4'},{'R3'},{'D1'},{'R2'},{'R1'},&,2.0,&
{'D5'},{'D3'},{'D2'},{'D7'},{'D6'},{'D4'},{'R3'},{'D1'},{'R1'},{'R2'},&,5.0,&
{'D5'},{'D3'},{'D2'},{'D7'},{'D6'},{'D4'},{'D1'},{'R1'},{'R3'},{'R2'},&,4.0,&
{'D5'},{'D3'},{'D2'},{'D7'},{'D6'},{'D4'},{'D1'},{'R2'},{'R3'},{'R1'},&,5.0,&
{'D5'},{'D3'},{'D2'},{'D7'},{'D6'},{'D4'},{'D1'},{'R3'},{'R2'},{'R1'},&,10.0,&
{'D5'},{'D3'},{'D2'},{'D7'},{'D6'},{'D4'},{'D1'},{'R3'},{'R1'},{'R2'},&,10.0,&
{'D5'},{'D3'},{'D2'},{'D7'},{'D6'},{'D4'},{'R2'},{'R3'},{'D1'},{'R1'},&,1.0,&
{'D5'},{'D3'},{'D2'},{'D7'},{'D6'},{'D4'},{'R1'},{'R3'},{'D1'},{'R2'},&,1.0,&
{'D5'},{'D3'},{'D2'},{'D7'},{'D6'},{'D1'},{'R3'},{'R2'},{'D4'},{'R1'},&,1.0,&
{'D5'},{'D3'},{'D2'},{'D7'},{'D6'},{'D1'},{'R3'},{'D4'},{'R1'},{'R2'},&,3.0,&
{'D5'},{'D3'},{'D2'},{'D7'},{'D6'},{'D1'},{'D4'},{'R1'},{'R2'},{'R3'},&,1.0,&
{'D5'},{'D3'},{'D2'},{'D7'},{'D6'},{'D1'},{'D4'},{'R1'},{'R3'},{'R2'},&,4.0,&
{'D5'},{'D3'},{'D2'},{'D7'},{'D6'},{'D1'},{'D4'},{'R2'},{'R3'},{'R1'},&,3.0,&
{'D5'},{'D3'},{'D2'},{'D7'},{'D6'},{'D1'},{'D4'},{'R2'},{'R1'},{'R3'},&,1.0,&
{'D5'},{'D3'},{'D2'},{'D7'},{'D6'},{'D1'},{'D4'},{'R3'},{'R2'},{'R1'},&,3.0,&
{'D5'},{'D3'},{'D2'},{'D7'},{'D6'},{'D1'},{'D4'},{'R3'},{'R1'},{'R2'},&,8.0,&
{'D5'},{'D3'},{'D2'},{'D7'},{'D6'},{'D1'},{'R2'},{'D4'},{'R3'},{'R1'},&,1.0,&
{'D5'},{'D3'},{'D2'},{'D7'},{'D6'},{'D1'},{'R1'},{'R2'},{'R3'},{'D4'},&,1.0,&
{'D5'},{'D3'},{'D2'},{'D7'},{'D6'},{'D1'},{'R1'},{'D4'},{'R2'},{'R3'},&,1.0,&
{'D5'},{'D3'},{'D2'},{'D7'},{'D6'},{'D1'},{'R1'},{'D4'},{'R3'},{'R2'},&,1.0,&
{'D5'},{'D3'},{'D2'},{'D7'},{'D4'},{'D6'},{'R3'},{'R2'},{'D1'},{'R1'},&,1.0,&
{'D5'},{'D3'},{'D2'},{'D7'},{'D4'},{'D6'},{'R3'},{'D1'},{'R2'},{'R1'},&,1.0,&
{'D5'},{'D3'},{'D2'},{'D7'},{'D4'},{'D6'},{'R3'},{'D1'},{'R1'},{'R2'},&,1.0,&
{'D5'},{'D3'},{'D2'},{'D7'},{'D4'},{'D6'},{'D1'},{'R1'},{'R3'},{'R2'},&,2.0,&
{'D5'},{'D3'},{'D2'},{'D7'},{'D4'},{'D6'},{'D1'},{'R3'},{'R2'},{'R1'},&,2.0,&
{'D5'},{'D3'},{'D2'},{'D7'},{'D4'},{'D6'},{'D1'},{'R3'},{'R1'},{'R2'},&,7.0,&
{'D5'},{'D3'},{'D2'},{'D7'},{'D4'},{'D6'},{'R1'},{'R3'},{'D1'},{'R2'},&,1.0,&
{'D5'},{'D3'},{'D2'},{'D7'},{'D4'},{'D6'},{'R1'},{'D1'},{'R2'},{'R3'},&,1.0,&
{'D5'},{'D3'},{'D2'},{'D7'},{'D4'},{'D1'},{'R3'},{'D6'},{'R2'},{'R1'},&,1.0,&
{'D5'},{'D3'},{'D2'},{'D7'},{'D4'},{'D1'},{'R2'},{'D6'},{'R1'},{'R3'},&,1.0,&
{'D5'},{'D3'},{'D2'},{'D7'},{'D4'},{'D1'},{'D6'},{'R3'},{'R2'},{'R1'},&,4.0,&
{'D5'},{'D3'},{'D2'},{'D7'},{'D4'},{'D1'},{'D6'},{'R3'},{'R1'},{'R2'},&,2.0,&
{'D5'},{'D3'},{'D2'},{'D7'},{'D4'},{'R2'},{'D6'},{'D1'},{'R3'},{'R1'},&,1.0,&
{'D5'},{'D3'},{'D2'},{'D7'},{'D4'},{'R3'},{'D6'},{'D1'},{'R1'},{'R2'},&,2.0,&
{'D5'},{'D3'},{'D2'},{'D7'},{'R1'},{'D6'},{'D4'},{'R3'},{'D1'},{'R2'},&,1.0,&
{'D5'},{'D3'},{'D2'},{'D1'},{'D7'},{'D6'},{'R3'},{'R1'},{'D4'},{'R2'},&,1.0,&
{'D5'},{'D3'},{'D2'},{'D1'},{'D7'},{'D6'},{'R3'},{'D4'},{'R2'},{'R1'},&,1.0,&
{'D5'},{'D3'},{'D2'},{'D1'},{'D7'},{'D6'},{'D4'},{'R1'},{'R2'},{'R3'},&,2.0,&
{'D5'},{'D3'},{'D2'},{'D1'},{'D7'},{'D6'},{'D4'},{'R1'},{'R3'},{'R2'},&,4.0,&
{'D5'},{'D3'},{'D2'},{'D1'},{'D7'},{'D6'},{'D4'},{'R2'},{'R3'},{'R1'},&,1.0,&
{'D5'},{'D3'},{'D2'},{'D1'},{'D7'},{'D6'},{'D4'},{'R3'},{'R2'},{'R1'},&,3.0,&
{'D5'},{'D3'},{'D2'},{'D1'},{'D7'},{'D6'},{'D4'},{'R3'},{'R1'},{'R2'},&,2.0,&
{'D5'},{'D3'},{'D2'},{'D1'},{'D7'},{'D6'},{'R2'},{'D4'},{'R1'},{'R3'},&,1.0,&
{'D5'},{'D3'},{'D2'},{'D1'},{'D7'},{'D6'},{'R1'},{'R3'},{'D4'},{'R2'},&,1.0,&
{'D5'},{'D3'},{'D2'},{'D1'},{'D7'},{'D4'},{'D6'},{'R1'},{'R3'},{'R2'},&,2.0,&
{'D5'},{'D3'},{'D2'},{'D1'},{'D7'},{'D4'},{'D6'},{'R3'},{'R2'},{'R1'},&,2.0,&
{'D5'},{'D3'},{'D2'},{'D1'},{'D7'},{'D4'},{'R1'},{'D6'},{'R3'},{'R2'},&,1.0,&
{'D5'},{'D3'},{'D2'},{'D1'},{'D7'},{'R3'},{'D4'},{'D6'},{'R2'},{'R1'},&,1.0,&
{'D5'},{'D3'},{'D2'},{'D1'},{'D6'},{'D4'},{'R3'},{'R2'},{'R1'},{'D7'},&,1.0,&
{'D5'},{'D3'},{'D2'},{'D1'},{'D6'},{'D4'},{'R3'},{'D7'},{'R2'},{'R1'},&,1.0,&
{'D5'},{'D3'},{'D2'},{'D1'},{'D6'},{'D4'},{'R3'},{'D7'},{'R1'},{'R2'},&,2.0,&
{'D5'},{'D3'},{'D2'},{'D1'},{'D6'},{'D4'},{'R2'},{'D7'},{'R3'},{'R1'},&,1.0,&
{'D5'},{'D3'},{'D2'},{'D1'},{'D6'},{'D4'},{'R2'},{'D7'},{'R1'},{'R3'},&,1.0,&
{'D5'},{'D3'},{'D2'},{'D1'},{'D6'},{'D4'},{'D7'},{'R1'},{'R3'},{'R2'},&,2.0,&
{'D5'},{'D3'},{'D2'},{'D1'},{'D6'},{'D4'},{'D7'},{'R2'},{'R3'},{'R1'},&,1.0,&
{'D5'},{'D3'},{'D2'},{'D1'},{'D6'},{'D4'},{'D7'},{'R3'},{'R2'},{'R1'},&,3.0,&
{'D5'},{'D3'},{'D2'},{'D1'},{'D6'},{'D4'},{'D7'},{'R3'},{'R1'},{'R2'},&,5.0,&
{'D5'},{'D3'},{'D2'},{'D1'},{'D6'},{'D7'},{'D4'},{'R1'},{'R2'},{'R3'},&,1.0,&
{'D5'},{'D3'},{'D2'},{'D1'},{'D6'},{'D7'},{'D4'},{'R1'},{'R3'},{'R2'},&,2.0,&
{'D5'},{'D3'},{'D2'},{'D1'},{'D6'},{'D7'},{'D4'},{'R2'},{'R3'},{'R1'},&,1.0,&
{'D5'},{'D3'},{'D2'},{'D1'},{'D6'},{'D7'},{'D4'},{'R2'},{'R1'},{'R3'},&,1.0,&
{'D5'},{'D3'},{'D2'},{'D1'},{'D6'},{'D7'},{'D4'},{'R3'},{'R2'},{'R1'},&,3.0,&
{'D5'},{'D3'},{'D2'},{'D1'},{'D6'},{'D7'},{'D4'},{'R3'},{'R1'},{'R2'},&,2.0,&
{'D5'},{'D3'},{'D2'},{'D1'},{'D6'},{'D7'},{'R2'},{'D4'},{'R3'},{'R1'},&,1.0,&
{'D5'},{'D3'},{'D2'},{'D1'},{'D4'},{'D6'},{'D7'},{'R2'},{'R3'},{'R1'},&,1.0,&
{'D5'},{'D3'},{'D2'},{'D1'},{'D4'},{'D6'},{'D7'},{'R2'},{'R1'},{'R3'},&,3.0,&
{'D5'},{'D3'},{'D2'},{'D1'},{'D4'},{'D6'},{'D7'},{'R3'},{'R2'},{'R1'},&,1.0,&
{'D5'},{'D3'},{'D2'},{'D1'},{'D4'},{'D6'},{'D7'},{'R3'},{'R1'},{'R2'},&,9.0,&
{'D5'},{'D3'},{'D2'},{'D1'},{'D4'},{'D6'},{'R1'},{'D7'},{'R3'},{'R2'},&,1.0,&
{'D5'},{'D3'},{'D2'},{'D1'},{'D4'},{'D7'},{'R3'},{'D6'},{'R2'},{'R1'},&,1.0,&
{'D5'},{'D3'},{'D2'},{'D1'},{'D4'},{'D7'},{'D6'},{'R2'},{'R3'},{'R1'},&,1.0,&
{'D5'},{'D3'},{'D2'},{'D1'},{'D4'},{'D7'},{'D6'},{'R3'},{'R1'},{'R2'},&,1.0,&
{'D5'},{'D3'},{'D2'},{'D1'},{'D4'},{'D7'},{'R1'},{'D6'},{'R2'},{'R3'},&,1.0,&
{'D5'},{'D3'},{'D2'},{'D1'},{'R3'},{'D6'},{'D7'},{'D4'},{'R2'},{'R1'},&,1.0,&
{'D5'},{'D3'},{'D2'},{'D1'},{'R3'},{'D6'},{'D7'},{'D4'},{'R1'},{'R2'},&,1.0,&
{'D5'},{'D3'},{'D2'},{'D1'},{'R3'},{'D7'},{'D6'},{'D4'},{'R1'},{'R2'},&,1.0,&
{'D5'},{'D3'},{'D2'},{'D1'},{'R2'},{'D7'},{'D6'},{'R3'},{'D4'},{'R1'},&,1.0,&
{'D5'},{'D3'},{'D2'},{'D6'},{'D1'},{'D4'},{'R3'},{'R1'},{'D7'},{'R2'},&,2.0,&
{'D5'},{'D3'},{'D2'},{'D6'},{'D1'},{'D4'},{'R3'},{'R2'},{'D7'},{'R1'},&,1.0,&
{'D5'},{'D3'},{'D2'},{'D6'},{'D1'},{'D4'},{'R3'},{'D7'},{'R2'},{'R1'},&,1.0,&
{'D5'},{'D3'},{'D2'},{'D6'},{'D1'},{'D4'},{'R2'},{'R3'},{'R1'},{'D7'},&,1.0,&
{'D5'},{'D3'},{'D2'},{'D6'},{'D1'},{'D4'},{'R2'},{'R3'},{'D7'},{'R1'},&,1.0,&
{'D5'},{'D3'},{'D2'},{'D6'},{'D1'},{'D4'},{'D7'},{'R1'},{'R3'},{'R2'},&,3.0,&
{'D5'},{'D3'},{'D2'},{'D6'},{'D1'},{'D4'},{'D7'},{'R2'},{'R3'},{'R1'},&,2.0,&
{'D5'},{'D3'},{'D2'},{'D6'},{'D1'},{'D4'},{'D7'},{'R2'},{'R1'},{'R3'},&,1.0,&
{'D5'},{'D3'},{'D2'},{'D6'},{'D1'},{'D4'},{'D7'},{'R3'},{'R2'},{'R1'},&,7.0,&
{'D5'},{'D3'},{'D2'},{'D6'},{'D1'},{'D4'},{'D7'},{'R3'},{'R1'},{'R2'},&,9.0,&
{'D5'},{'D3'},{'D2'},{'D6'},{'D1'},{'D7'},{'R3'},{'R1'},{'D4'},{'R2'},&,1.0,&
{'D5'},{'D3'},{'D2'},{'D6'},{'D1'},{'D7'},{'R3'},{'R2'},{'D4'},{'R1'},&,1.0,&
{'D5'},{'D3'},{'D2'},{'D6'},{'D1'},{'D7'},{'R3'},{'D4'},{'R2'},{'R1'},&,1.0,&
{'D5'},{'D3'},{'D2'},{'D6'},{'D1'},{'D7'},{'D4'},{'R1'},{'R2'},{'R3'},&,1.0,&
{'D5'},{'D3'},{'D2'},{'D6'},{'D1'},{'D7'},{'D4'},{'R1'},{'R3'},{'R2'},&,4.0,&
{'D5'},{'D3'},{'D2'},{'D6'},{'D1'},{'D7'},{'D4'},{'R2'},{'R3'},{'R1'},&,4.0,&
{'D5'},{'D3'},{'D2'},{'D6'},{'D1'},{'D7'},{'D4'},{'R2'},{'R1'},{'R3'},&,1.0,&
{'D5'},{'D3'},{'D2'},{'D6'},{'D1'},{'D7'},{'D4'},{'R3'},{'R2'},{'R1'},&,6.0,&
{'D5'},{'D3'},{'D2'},{'D6'},{'D1'},{'D7'},{'D4'},{'R3'},{'R1'},{'R2'},&,3.0,&
{'D5'},{'D3'},{'D2'},{'D6'},{'D1'},{'D7'},{'R2'},{'D4'},{'R3'},{'R1'},&,1.0,&
{'D5'},{'D3'},{'D2'},{'D6'},{'D1'},{'D7'},{'R2'},{'D4'},{'R1'},{'R3'},&,1.0,&
{'D5'},{'D3'},{'D2'},{'D6'},{'D1'},{'D7'},{'R1'},{'D4'},{'R2'},{'R3'},&,1.0,&
{'D5'},{'D3'},{'D2'},{'D6'},{'D1'},{'D7'},{'R1'},{'D4'},{'R3'},{'R2'},&,3.0,&
{'D5'},{'D3'},{'D2'},{'D6'},{'D1'},{'R2'},{'D7'},{'D4'},{'R3'},{'R1'},&,1.0,&
{'D5'},{'D3'},{'D2'},{'D6'},{'D1'},{'R1'},{'D7'},{'D4'},{'R3'},{'R2'},&,1.0,&
{'D5'},{'D3'},{'D2'},{'D6'},{'D7'},{'D4'},{'R3'},{'R2'},{'D1'},{'R1'},&,1.0,&
{'D5'},{'D3'},{'D2'},{'D6'},{'D7'},{'D4'},{'R3'},{'D1'},{'R2'},{'R1'},&,1.0,&
{'D5'},{'D3'},{'D2'},{'D6'},{'D7'},{'D4'},{'R3'},{'D1'},{'R1'},{'R2'},&,3.0,&
{'D5'},{'D3'},{'D2'},{'D6'},{'D7'},{'D4'},{'D1'},{'R1'},{'R2'},{'R3'},&,2.0,&
{'D5'},{'D3'},{'D2'},{'D6'},{'D7'},{'D4'},{'D1'},{'R1'},{'R3'},{'R2'},&,9.0,&
{'D5'},{'D3'},{'D2'},{'D6'},{'D7'},{'D4'},{'D1'},{'R2'},{'R3'},{'R1'},&,5.0,&
{'D5'},{'D3'},{'D2'},{'D6'},{'D7'},{'D4'},{'D1'},{'R2'},{'R1'},{'R3'},&,2.0,&
{'D5'},{'D3'},{'D2'},{'D6'},{'D7'},{'D4'},{'D1'},{'R3'},{'R2'},{'R1'},&,6.0,&
{'D5'},{'D3'},{'D2'},{'D6'},{'D7'},{'D4'},{'D1'},{'R3'},{'R1'},{'R2'},&,4.0,&
{'D5'},{'D3'},{'D2'},{'D6'},{'D7'},{'D4'},{'R2'},{'D1'},{'R3'},{'R1'},&,2.0,&
{'D5'},{'D3'},{'D2'},{'D6'},{'D7'},{'D4'},{'R2'},{'D1'},{'R1'},{'R3'},&,1.0,&
{'D5'},{'D3'},{'D2'},{'D6'},{'D7'},{'D4'},{'R1'},{'R3'},{'R2'},{'D1'},&,1.0,&
{'D5'},{'D3'},{'D2'},{'D6'},{'D7'},{'D4'},{'R1'},{'R3'},{'D1'},{'R2'},&,1.0,&
{'D5'},{'D3'},{'D2'},{'D6'},{'D7'},{'D4'},{'R1'},{'D1'},{'R3'},{'R2'},&,2.0,&
{'D5'},{'D3'},{'D2'},{'D6'},{'D7'},{'D1'},{'R3'},{'R2'},{'R1'},{'D4'},&,1.0,&
{'D5'},{'D3'},{'D2'},{'D6'},{'D7'},{'D1'},{'R3'},{'D4'},{'R2'},{'R1'},&,2.0,&
{'D5'},{'D3'},{'D2'},{'D6'},{'D7'},{'D1'},{'R3'},{'D4'},{'R1'},{'R2'},&,7.0,&
{'D5'},{'D3'},{'D2'},{'D6'},{'D7'},{'D1'},{'D4'},{'R1'},{'R3'},{'R2'},&,5.0,&
{'D5'},{'D3'},{'D2'},{'D6'},{'D7'},{'D1'},{'D4'},{'R2'},{'R3'},{'R1'},&,1.0,&
{'D5'},{'D3'},{'D2'},{'D6'},{'D7'},{'D1'},{'D4'},{'R2'},{'R1'},{'R3'},&,1.0,&
{'D5'},{'D3'},{'D2'},{'D6'},{'D7'},{'D1'},{'D4'},{'R3'},{'R2'},{'R1'},&,7.0,&
{'D5'},{'D3'},{'D2'},{'D6'},{'D7'},{'D1'},{'D4'},{'R3'},{'R1'},{'R2'},&,6.0,&
{'D5'},{'D3'},{'D2'},{'D6'},{'D7'},{'D1'},{'R2'},{'D4'},{'R3'},{'R1'},&,1.0,&
{'D5'},{'D3'},{'D2'},{'D6'},{'D7'},{'D1'},{'R1'},{'D4'},{'R2'},{'R3'},&,1.0,&
{'D5'},{'D3'},{'D2'},{'D6'},{'D7'},{'D1'},{'R1'},{'D4'},{'R3'},{'R2'},&,1.0,&
{'D5'},{'D3'},{'D2'},{'D6'},{'D7'},{'R2'},{'D4'},{'D1'},{'R3'},{'R1'},&,1.0,&
{'D5'},{'D3'},{'D2'},{'D6'},{'D4'},{'D7'},{'R3'},{'D1'},{'R2'},{'R1'},&,1.0,&
{'D5'},{'D3'},{'D2'},{'D6'},{'D4'},{'D7'},{'R3'},{'D1'},{'R1'},{'R2'},&,3.0,&
{'D5'},{'D3'},{'D2'},{'D6'},{'D4'},{'D7'},{'D1'},{'R1'},{'R2'},{'R3'},&,1.0,&
{'D5'},{'D3'},{'D2'},{'D6'},{'D4'},{'D7'},{'D1'},{'R1'},{'R3'},{'R2'},&,7.0,&
{'D5'},{'D3'},{'D2'},{'D6'},{'D4'},{'D7'},{'D1'},{'R2'},{'R3'},{'R1'},&,6.0,&
{'D5'},{'D3'},{'D2'},{'D6'},{'D4'},{'D7'},{'D1'},{'R3'},{'R2'},{'R1'},&,11.0,&
{'D5'},{'D3'},{'D2'},{'D6'},{'D4'},{'D7'},{'D1'},{'R3'},{'R1'},{'R2'},&,11.0,&
{'D5'},{'D3'},{'D2'},{'D6'},{'D4'},{'D1'},{'R3'},{'R1'},{'D7'},{'R2'},&,1.0,&
{'D5'},{'D3'},{'D2'},{'D6'},{'D4'},{'D1'},{'R3'},{'D7'},{'R2'},{'R1'},&,2.0,&
{'D5'},{'D3'},{'D2'},{'D6'},{'D4'},{'D1'},{'R2'},{'D7'},{'R3'},{'R1'},&,1.0,&
{'D5'},{'D3'},{'D2'},{'D6'},{'D4'},{'D1'},{'R2'},{'D7'},{'R1'},{'R3'},&,1.0,&
{'D5'},{'D3'},{'D2'},{'D6'},{'D4'},{'D1'},{'D7'},{'R1'},{'R2'},{'R3'},&,1.0,&
{'D5'},{'D3'},{'D2'},{'D6'},{'D4'},{'D1'},{'D7'},{'R1'},{'R3'},{'R2'},&,1.0,&
{'D5'},{'D3'},{'D2'},{'D6'},{'D4'},{'D1'},{'D7'},{'R2'},{'R3'},{'R1'},&,3.0,&
{'D5'},{'D3'},{'D2'},{'D6'},{'D4'},{'D1'},{'D7'},{'R2'},{'R1'},{'R3'},&,1.0,&
{'D5'},{'D3'},{'D2'},{'D6'},{'D4'},{'D1'},{'D7'},{'R3'},{'R2'},{'R1'},&,5.0,&
{'D5'},{'D3'},{'D2'},{'D6'},{'D4'},{'D1'},{'D7'},{'R3'},{'R1'},{'R2'},&,8.0,&
{'D5'},{'D3'},{'D2'},{'D6'},{'D4'},{'D1'},{'R1'},{'D7'},{'R3'},{'R2'},&,3.0,&
{'D5'},{'D3'},{'D2'},{'D6'},{'D4'},{'R2'},{'D7'},{'R3'},{'R1'},{'D1'},&,1.0,&
{'D5'},{'D3'},{'D2'},{'D6'},{'D4'},{'R1'},{'D1'},{'D7'},{'R2'},{'R3'},&,1.0,&
{'D5'},{'D3'},{'D2'},{'D6'},{'D4'},{'R3'},{'D1'},{'D7'},{'R1'},{'R2'},&,2.0,&
{'D5'},{'D3'},{'D2'},{'D6'},{'D4'},{'R3'},{'D7'},{'R2'},{'R1'},{'D1'},&,1.0,&
{'D5'},{'D3'},{'D2'},{'D6'},{'D4'},{'R3'},{'D7'},{'D1'},{'R1'},{'R2'},&,2.0,&
{'D5'},{'D3'},{'D2'},{'D6'},{'R3'},{'D4'},{'D1'},{'D7'},{'R1'},{'R2'},&,1.0,&
{'D5'},{'D3'},{'D2'},{'D6'},{'R3'},{'D7'},{'D4'},{'R1'},{'R2'},{'D1'},&,1.0,&
{'D5'},{'D3'},{'D2'},{'D6'},{'R3'},{'D7'},{'D4'},{'D1'},{'R1'},{'R2'},&,1.0,&
{'D5'},{'D3'},{'D2'},{'D4'},{'D1'},{'D6'},{'R2'},{'D7'},{'R3'},{'R1'},&,1.0,&
{'D5'},{'D3'},{'D2'},{'D4'},{'D1'},{'D6'},{'R2'},{'D7'},{'R1'},{'R3'},&,2.0,&
{'D5'},{'D3'},{'D2'},{'D4'},{'D1'},{'D6'},{'D7'},{'R1'},{'R3'},{'R2'},&,2.0,&
{'D5'},{'D3'},{'D2'},{'D4'},{'D1'},{'D6'},{'D7'},{'R3'},{'R2'},{'R1'},&,3.0,&
{'D5'},{'D3'},{'D2'},{'D4'},{'D1'},{'D6'},{'D7'},{'R3'},{'R1'},{'R2'},&,4.0,&
{'D5'},{'D3'},{'D2'},{'D4'},{'D1'},{'D7'},{'R2'},{'D6'},{'R3'},{'R1'},&,1.0,&
{'D5'},{'D3'},{'D2'},{'D4'},{'D1'},{'D7'},{'D6'},{'R1'},{'R3'},{'R2'},&,1.0,&
{'D5'},{'D3'},{'D2'},{'D4'},{'D1'},{'D7'},{'R1'},{'D6'},{'R3'},{'R2'},&,1.0,&
{'D5'},{'D3'},{'D2'},{'D4'},{'D1'},{'R3'},{'D6'},{'D7'},{'R1'},{'R2'},&,1.0,&
{'D5'},{'D3'},{'D2'},{'D4'},{'D7'},{'D6'},{'R3'},{'D1'},{'R1'},{'R2'},&,3.0,&
{'D5'},{'D3'},{'D2'},{'D4'},{'D7'},{'D6'},{'D1'},{'R1'},{'R2'},{'R3'},&,1.0,&
{'D5'},{'D3'},{'D2'},{'D4'},{'D7'},{'D6'},{'D1'},{'R1'},{'R3'},{'R2'},&,4.0,&
{'D5'},{'D3'},{'D2'},{'D4'},{'D7'},{'D6'},{'D1'},{'R3'},{'R2'},{'R1'},&,3.0,&
{'D5'},{'D3'},{'D2'},{'D4'},{'D7'},{'D6'},{'D1'},{'R3'},{'R1'},{'R2'},&,4.0,&
{'D5'},{'D3'},{'D2'},{'D4'},{'D7'},{'D6'},{'R2'},{'D1'},{'R3'},{'R1'},&,1.0,&
{'D5'},{'D3'},{'D2'},{'D4'},{'D7'},{'D1'},{'R3'},{'D6'},{'R1'},{'R2'},&,1.0,&
{'D5'},{'D3'},{'D2'},{'D4'},{'D7'},{'D1'},{'R2'},{'D6'},{'R3'},{'R1'},&,1.0,&
{'D5'},{'D3'},{'D2'},{'D4'},{'D7'},{'D1'},{'D6'},{'R1'},{'R3'},{'R2'},&,2.0,&
{'D5'},{'D3'},{'D2'},{'D4'},{'D7'},{'D1'},{'D6'},{'R2'},{'R1'},{'R3'},&,1.0,&
{'D5'},{'D3'},{'D2'},{'D4'},{'D7'},{'D1'},{'D6'},{'R3'},{'R1'},{'R2'},&,2.0,&
{'D5'},{'D3'},{'D2'},{'D4'},{'D7'},{'R2'},{'D1'},{'R3'},{'R1'},{'D6'},&,1.0,&
{'D5'},{'D3'},{'D2'},{'D4'},{'D7'},{'R3'},{'D6'},{'D1'},{'R1'},{'R2'},&,2.0,&
{'D5'},{'D3'},{'D2'},{'D4'},{'D6'},{'D7'},{'R3'},{'R1'},{'D1'},{'R2'},&,1.0,&
{'D5'},{'D3'},{'D2'},{'D4'},{'D6'},{'D7'},{'R3'},{'R2'},{'D1'},{'R1'},&,2.0,&
{'D5'},{'D3'},{'D2'},{'D4'},{'D6'},{'D7'},{'R3'},{'D1'},{'R2'},{'R1'},&,1.0,&
{'D5'},{'D3'},{'D2'},{'D4'},{'D6'},{'D7'},{'R3'},{'D1'},{'R1'},{'R2'},&,1.0,&
{'D5'},{'D3'},{'D2'},{'D4'},{'D6'},{'D7'},{'D1'},{'R1'},{'R2'},{'R3'},&,2.0,&
{'D5'},{'D3'},{'D2'},{'D4'},{'D6'},{'D7'},{'D1'},{'R1'},{'R3'},{'R2'},&,4.0,&
{'D5'},{'D3'},{'D2'},{'D4'},{'D6'},{'D7'},{'D1'},{'R2'},{'R3'},{'R1'},&,5.0,&
{'D5'},{'D3'},{'D2'},{'D4'},{'D6'},{'D7'},{'D1'},{'R2'},{'R1'},{'R3'},&,1.0,&
{'D5'},{'D3'},{'D2'},{'D4'},{'D6'},{'D7'},{'D1'},{'R3'},{'R2'},{'R1'},&,7.0,&
{'D5'},{'D3'},{'D2'},{'D4'},{'D6'},{'D7'},{'D1'},{'R3'},{'R1'},{'R2'},&,6.0,&
{'D5'},{'D3'},{'D2'},{'D4'},{'D6'},{'D7'},{'R2'},{'D1'},{'R3'},{'R1'},&,1.0,&
{'D5'},{'D3'},{'D2'},{'D4'},{'D6'},{'D7'},{'R2'},{'D1'},{'R1'},{'R3'},&,1.0,&
{'D5'},{'D3'},{'D2'},{'D4'},{'D6'},{'D7'},{'R1'},{'R3'},{'D1'},{'R2'},&,1.0,&
{'D5'},{'D3'},{'D2'},{'D4'},{'D6'},{'D7'},{'R1'},{'D1'},{'R3'},{'R2'},&,3.0,&
{'D5'},{'D3'},{'D2'},{'D4'},{'D6'},{'D1'},{'R3'},{'D7'},{'R1'},{'R2'},&,6.0,&
{'D5'},{'D3'},{'D2'},{'D4'},{'D6'},{'D1'},{'D7'},{'R1'},{'R2'},{'R3'},&,1.0,&
{'D5'},{'D3'},{'D2'},{'D4'},{'D6'},{'D1'},{'D7'},{'R1'},{'R3'},{'R2'},&,3.0,&
{'D5'},{'D3'},{'D2'},{'D4'},{'D6'},{'D1'},{'D7'},{'R2'},{'R3'},{'R1'},&,1.0,&
{'D5'},{'D3'},{'D2'},{'D4'},{'D6'},{'D1'},{'D7'},{'R2'},{'R1'},{'R3'},&,1.0,&
{'D5'},{'D3'},{'D2'},{'D4'},{'D6'},{'D1'},{'D7'},{'R3'},{'R2'},{'R1'},&,5.0,&
{'D5'},{'D3'},{'D2'},{'D4'},{'D6'},{'D1'},{'D7'},{'R3'},{'R1'},{'R2'},&,7.0,&
{'D5'},{'D3'},{'D2'},{'D4'},{'D6'},{'R2'},{'D1'},{'D7'},{'R3'},{'R1'},&,1.0,&
{'D5'},{'D3'},{'D2'},{'D4'},{'D6'},{'R3'},{'D7'},{'D1'},{'R1'},{'R2'},&,1.0,&
{'D5'},{'D3'},{'D2'},{'D4'},{'D6'},{'R3'},{'R1'},{'D1'},{'D7'},{'R2'},&,1.0,&
{'D5'},{'D3'},{'D2'},{'D4'},{'R3'},{'D6'},{'D1'},{'D7'},{'R1'},{'R2'},&,1.0,&
{'D5'},{'D3'},{'D2'},{'D4'},{'R3'},{'D7'},{'R2'},{'D1'},{'D6'},{'R1'},&,1.0,&
{'D5'},{'D3'},{'D2'},{'D4'},{'R2'},{'D6'},{'D1'},{'D7'},{'R3'},{'R1'},&,1.0,&
{'D5'},{'D3'},{'D2'},{'D4'},{'R1'},{'D7'},{'D6'},{'D1'},{'R3'},{'R2'},&,1.0,&
{'D5'},{'D3'},{'D2'},{'D4'},{'R1'},{'D1'},{'D6'},{'R3'},{'D7'},{'R2'},&,1.0,&
{'D5'},{'D3'},{'D2'},{'R2'},{'D6'},{'D7'},{'D1'},{'D4'},{'R3'},{'R1'},&,1.0,&
{'D5'},{'D3'},{'R3'},{'D2'},{'D6'},{'D7'},{'D4'},{'D1'},{'R1'},{'R2'},&,1.0,&
{'D5'},{'D3'},{'R3'},{'D6'},{'D7'},{'D2'},{'D1'},{'R1'},{'D4'},{'R2'},&,1.0,&
{'D5'},{'D3'},{'R3'},{'D6'},{'D7'},{'D2'},{'D4'},{'D1'},{'R1'},{'R2'},&,1.0,&
{'D5'},{'D1'},{'D4'},{'D7'},{'D2'},{'D6'},{'D3'},{'R1'},{'R3'},{'R2'},&,1.0,&
{'D5'},{'D1'},{'D4'},{'D7'},{'D2'},{'D6'},{'D3'},{'R3'},{'R2'},{'R1'},&,1.0,&
{'D5'},{'D1'},{'D4'},{'D7'},{'D2'},{'D6'},{'D3'},{'R3'},{'R1'},{'R2'},&,1.0,&
{'D5'},{'D1'},{'D4'},{'D7'},{'D2'},{'D3'},{'R3'},{'D6'},{'R2'},{'R1'},&,1.0,&
{'D5'},{'D1'},{'D4'},{'D7'},{'D2'},{'D3'},{'R2'},{'D6'},{'R1'},{'R3'},&,1.0,&
{'D5'},{'D1'},{'D4'},{'D7'},{'D2'},{'D3'},{'D6'},{'R2'},{'R3'},{'R1'},&,2.0,&
{'D5'},{'D1'},{'D4'},{'D7'},{'D2'},{'D3'},{'D6'},{'R3'},{'R2'},{'R1'},&,1.0,&
{'D5'},{'D1'},{'D4'},{'D7'},{'D3'},{'D6'},{'D2'},{'R2'},{'R3'},{'R1'},&,2.0,&
{'D5'},{'D1'},{'D4'},{'D7'},{'D3'},{'D6'},{'D2'},{'R3'},{'R2'},{'R1'},&,3.0,&
{'D5'},{'D1'},{'D4'},{'D7'},{'D3'},{'D6'},{'D2'},{'R3'},{'R1'},{'R2'},&,7.0,&
{'D5'},{'D1'},{'D4'},{'D7'},{'D3'},{'D6'},{'R2'},{'D2'},{'R3'},{'R1'},&,3.0,&
{'D5'},{'D1'},{'D4'},{'D7'},{'D3'},{'D6'},{'R1'},{'D2'},{'R3'},{'R2'},&,1.0,&
{'D5'},{'D1'},{'D4'},{'D7'},{'D3'},{'D2'},{'R2'},{'D6'},{'R3'},{'R1'},&,1.0,&
{'D5'},{'D1'},{'D4'},{'D7'},{'D3'},{'D2'},{'D6'},{'R1'},{'R3'},{'R2'},&,1.0,&
{'D5'},{'D1'},{'D4'},{'D7'},{'D3'},{'D2'},{'D6'},{'R2'},{'R3'},{'R1'},&,3.0,&
{'D5'},{'D1'},{'D4'},{'D7'},{'D3'},{'D2'},{'D6'},{'R3'},{'R2'},{'R1'},&,1.0,&
{'D5'},{'D1'},{'D4'},{'D7'},{'D3'},{'D2'},{'D6'},{'R3'},{'R1'},{'R2'},&,1.0,&
{'D5'},{'D1'},{'D4'},{'D7'},{'D3'},{'D2'},{'R1'},{'D6'},{'R3'},{'R2'},&,1.0,&
{'D5'},{'D1'},{'D4'},{'D7'},{'D3'},{'R2'},{'D6'},{'D2'},{'R1'},{'R3'},&,1.0,&
{'D5'},{'D1'},{'D4'},{'D7'},{'D3'},{'R3'},{'D6'},{'D2'},{'R1'},{'R2'},&,2.0,&
{'D5'},{'D1'},{'D4'},{'D7'},{'D6'},{'D2'},{'D3'},{'R1'},{'R2'},{'R3'},&,2.0,&
{'D5'},{'D1'},{'D4'},{'D7'},{'D6'},{'D2'},{'D3'},{'R1'},{'R3'},{'R2'},&,1.0,&
{'D5'},{'D1'},{'D4'},{'D7'},{'D6'},{'D2'},{'D3'},{'R3'},{'R2'},{'R1'},&,1.0,&
{'D5'},{'D1'},{'D4'},{'D7'},{'D6'},{'D2'},{'D3'},{'R3'},{'R1'},{'R2'},&,1.0,&
{'D5'},{'D1'},{'D4'},{'D7'},{'D6'},{'D2'},{'R1'},{'D3'},{'R3'},{'R2'},&,1.0,&
{'D5'},{'D1'},{'D4'},{'D7'},{'D6'},{'D3'},{'R3'},{'D2'},{'R2'},{'R1'},&,1.0,&
{'D5'},{'D1'},{'D4'},{'D7'},{'D6'},{'D3'},{'R3'},{'D2'},{'R1'},{'R2'},&,4.0,&
{'D5'},{'D1'},{'D4'},{'D7'},{'D6'},{'D3'},{'R3'},{'R1'},{'D2'},{'R2'},&,1.0,&
{'D5'},{'D1'},{'D4'},{'D7'},{'D6'},{'D3'},{'D2'},{'R1'},{'R3'},{'R2'},&,3.0,&
{'D5'},{'D1'},{'D4'},{'D7'},{'D6'},{'D3'},{'D2'},{'R2'},{'R3'},{'R1'},&,3.0,&
{'D5'},{'D1'},{'D4'},{'D7'},{'D6'},{'D3'},{'D2'},{'R3'},{'R2'},{'R1'},&,2.0,&
{'D5'},{'D1'},{'D4'},{'D7'},{'D6'},{'D3'},{'D2'},{'R3'},{'R1'},{'R2'},&,6.0,&
{'D5'},{'D1'},{'D4'},{'D7'},{'D6'},{'D3'},{'R1'},{'D2'},{'R3'},{'R2'},&,1.0,&
{'D5'},{'D1'},{'D4'},{'D7'},{'D6'},{'R1'},{'D2'},{'D3'},{'R3'},{'R2'},&,1.0,&
{'D5'},{'D1'},{'D4'},{'D2'},{'D7'},{'D6'},{'D3'},{'R1'},{'R3'},{'R2'},&,1.0,&
{'D5'},{'D1'},{'D4'},{'D2'},{'D7'},{'D3'},{'R3'},{'D6'},{'R2'},{'R1'},&,1.0,&
{'D5'},{'D1'},{'D4'},{'D2'},{'D7'},{'D3'},{'D6'},{'R1'},{'R3'},{'R2'},&,1.0,&
{'D5'},{'D1'},{'D4'},{'D2'},{'D3'},{'D6'},{'R3'},{'D7'},{'R2'},{'R1'},&,1.0,&
{'D5'},{'D1'},{'D4'},{'D2'},{'D3'},{'D6'},{'D7'},{'R1'},{'R3'},{'R2'},&,2.0,&
{'D5'},{'D1'},{'D4'},{'D2'},{'D3'},{'D6'},{'D7'},{'R3'},{'R2'},{'R1'},&,1.0,&
{'D5'},{'D1'},{'D4'},{'D2'},{'D3'},{'D6'},{'D7'},{'R3'},{'R1'},{'R2'},&,1.0,&
{'D5'},{'D1'},{'D4'},{'D2'},{'D3'},{'D6'},{'R1'},{'R3'},{'D7'},{'R2'},&,1.0,&
{'D5'},{'D1'},{'D4'},{'D2'},{'D3'},{'D6'},{'R1'},{'D7'},{'R2'},{'R3'},&,1.0,&
{'D5'},{'D1'},{'D4'},{'D2'},{'D3'},{'D7'},{'D6'},{'R3'},{'R2'},{'R1'},&,1.0,&
{'D5'},{'D1'},{'D4'},{'D2'},{'D3'},{'D7'},{'D6'},{'R3'},{'R1'},{'R2'},&,1.0,&
{'D5'},{'D1'},{'D4'},{'D2'},{'D6'},{'D7'},{'D3'},{'R1'},{'R3'},{'R2'},&,1.0,&
{'D5'},{'D1'},{'D4'},{'D2'},{'D6'},{'D7'},{'D3'},{'R2'},{'R3'},{'R1'},&,1.0,&
{'D5'},{'D1'},{'D4'},{'D2'},{'D6'},{'D7'},{'D3'},{'R2'},{'R1'},{'R3'},&,1.0,&
{'D5'},{'D1'},{'D4'},{'D2'},{'D6'},{'D7'},{'D3'},{'R3'},{'R2'},{'R1'},&,1.0,&
{'D5'},{'D1'},{'D4'},{'D2'},{'D6'},{'D7'},{'D3'},{'R3'},{'R1'},{'R2'},&,2.0,&
{'D5'},{'D1'},{'D4'},{'D2'},{'D6'},{'D3'},{'D7'},{'R1'},{'R3'},{'R2'},&,2.0,&
{'D5'},{'D1'},{'D4'},{'D2'},{'D6'},{'D3'},{'D7'},{'R2'},{'R3'},{'R1'},&,1.0,&
{'D5'},{'D1'},{'D4'},{'D2'},{'D6'},{'D3'},{'D7'},{'R3'},{'R1'},{'R2'},&,1.0,&
{'D5'},{'D1'},{'D4'},{'D2'},{'R3'},{'D6'},{'D7'},{'R2'},{'R1'},{'D3'},&,1.0,&
{'D5'},{'D1'},{'D4'},{'D3'},{'D7'},{'D6'},{'R3'},{'D2'},{'R1'},{'R2'},&,1.0,&
{'D5'},{'D1'},{'D4'},{'D3'},{'D7'},{'D6'},{'D2'},{'R1'},{'R2'},{'R3'},&,1.0,&
{'D5'},{'D1'},{'D4'},{'D3'},{'D7'},{'D6'},{'D2'},{'R1'},{'R3'},{'R2'},&,1.0,&
{'D5'},{'D1'},{'D4'},{'D3'},{'D7'},{'D6'},{'D2'},{'R2'},{'R3'},{'R1'},&,2.0,&
{'D5'},{'D1'},{'D4'},{'D3'},{'D7'},{'D6'},{'D2'},{'R2'},{'R1'},{'R3'},&,1.0,&
{'D5'},{'D1'},{'D4'},{'D3'},{'D7'},{'D6'},{'D2'},{'R3'},{'R2'},{'R1'},&,3.0,&
{'D5'},{'D1'},{'D4'},{'D3'},{'D7'},{'D6'},{'D2'},{'R3'},{'R1'},{'R2'},&,5.0,&
{'D5'},{'D1'},{'D4'},{'D3'},{'D7'},{'D6'},{'R2'},{'R1'},{'R3'},{'D2'},&,1.0,&
{'D5'},{'D1'},{'D4'},{'D3'},{'D7'},{'D6'},{'R1'},{'D2'},{'R3'},{'R2'},&,1.0,&
{'D5'},{'D1'},{'D4'},{'D3'},{'D7'},{'D2'},{'R3'},{'D6'},{'R1'},{'R2'},&,1.0,&
{'D5'},{'D1'},{'D4'},{'D3'},{'D7'},{'D2'},{'D6'},{'R2'},{'R1'},{'R3'},&,1.0,&
{'D5'},{'D1'},{'D4'},{'D3'},{'D7'},{'D2'},{'D6'},{'R3'},{'R1'},{'R2'},&,1.0,&
{'D5'},{'D1'},{'D4'},{'D3'},{'D7'},{'D2'},{'R1'},{'D6'},{'R3'},{'R2'},&,1.0,&
{'D5'},{'D1'},{'D4'},{'D3'},{'D7'},{'R3'},{'D6'},{'D2'},{'R1'},{'R2'},&,1.0,&
{'D5'},{'D1'},{'D4'},{'D3'},{'D2'},{'D6'},{'R3'},{'R2'},{'D7'},{'R1'},&,1.0,&
{'D5'},{'D1'},{'D4'},{'D3'},{'D2'},{'D6'},{'D7'},{'R1'},{'R3'},{'R2'},&,1.0,&
{'D5'},{'D1'},{'D4'},{'D3'},{'D2'},{'D6'},{'D7'},{'R2'},{'R1'},{'R3'},&,1.0,&
{'D5'},{'D1'},{'D4'},{'D3'},{'D2'},{'D6'},{'D7'},{'R3'},{'R2'},{'R1'},&,2.0,&
{'D5'},{'D1'},{'D4'},{'D3'},{'D2'},{'D6'},{'D7'},{'R3'},{'R1'},{'R2'},&,1.0,&
{'D5'},{'D1'},{'D4'},{'D3'},{'D2'},{'D6'},{'R1'},{'R3'},{'R2'},{'D7'},&,1.0,&
{'D5'},{'D1'},{'D4'},{'D3'},{'D2'},{'D7'},{'R3'},{'R1'},{'D6'},{'R2'},&,1.0,&
{'D5'},{'D1'},{'D4'},{'D3'},{'D2'},{'D7'},{'D6'},{'R1'},{'R3'},{'R2'},&,1.0,&
{'D5'},{'D1'},{'D4'},{'D3'},{'D2'},{'D7'},{'D6'},{'R2'},{'R3'},{'R1'},&,1.0,&
{'D5'},{'D1'},{'D4'},{'D3'},{'D2'},{'D7'},{'D6'},{'R3'},{'R2'},{'R1'},&,3.0,&
{'D5'},{'D1'},{'D4'},{'D3'},{'D2'},{'D7'},{'D6'},{'R3'},{'R1'},{'R2'},&,1.0,&
{'D5'},{'D1'},{'D4'},{'D3'},{'D2'},{'R3'},{'D6'},{'R1'},{'D7'},{'R2'},&,1.0,&
{'D5'},{'D1'},{'D4'},{'D3'},{'D6'},{'D7'},{'R3'},{'D2'},{'R2'},{'R1'},&,3.0,&
{'D5'},{'D1'},{'D4'},{'D3'},{'D6'},{'D7'},{'R3'},{'D2'},{'R1'},{'R2'},&,1.0,&
{'D5'},{'D1'},{'D4'},{'D3'},{'D6'},{'D7'},{'R3'},{'R1'},{'R2'},{'D2'},&,2.0,&
{'D5'},{'D1'},{'D4'},{'D3'},{'D6'},{'D7'},{'R3'},{'R1'},{'D2'},{'R2'},&,2.0,&
{'D5'},{'D1'},{'D4'},{'D3'},{'D6'},{'D7'},{'D2'},{'R1'},{'R3'},{'R2'},&,6.0,&
{'D5'},{'D1'},{'D4'},{'D3'},{'D6'},{'D7'},{'D2'},{'R2'},{'R3'},{'R1'},&,2.0,&
{'D5'},{'D1'},{'D4'},{'D3'},{'D6'},{'D7'},{'D2'},{'R3'},{'R2'},{'R1'},&,4.0,&
{'D5'},{'D1'},{'D4'},{'D3'},{'D6'},{'D7'},{'D2'},{'R3'},{'R1'},{'R2'},&,7.0,&
{'D5'},{'D1'},{'D4'},{'D3'},{'D6'},{'D7'},{'R2'},{'D2'},{'R1'},{'R3'},&,1.0,&
{'D5'},{'D1'},{'D4'},{'D3'},{'D6'},{'D7'},{'R2'},{'R1'},{'D2'},{'R3'},&,1.0,&
{'D5'},{'D1'},{'D4'},{'D3'},{'D6'},{'D2'},{'R3'},{'D7'},{'R2'},{'R1'},&,1.0,&
{'D5'},{'D1'},{'D4'},{'D3'},{'D6'},{'D2'},{'R2'},{'D7'},{'R3'},{'R1'},&,1.0,&
{'D5'},{'D1'},{'D4'},{'D3'},{'D6'},{'D2'},{'D7'},{'R1'},{'R2'},{'R3'},&,1.0,&
{'D5'},{'D1'},{'D4'},{'D3'},{'D6'},{'D2'},{'D7'},{'R2'},{'R3'},{'R1'},&,8.0,&
{'D5'},{'D1'},{'D4'},{'D3'},{'D6'},{'D2'},{'D7'},{'R3'},{'R1'},{'R2'},&,2.0,&
{'D5'},{'D1'},{'D4'},{'D3'},{'D6'},{'D2'},{'R1'},{'R2'},{'D7'},{'R3'},&,1.0,&
{'D5'},{'D1'},{'D4'},{'D3'},{'D6'},{'D2'},{'R1'},{'D7'},{'R2'},{'R3'},&,1.0,&
{'D5'},{'D1'},{'D4'},{'D3'},{'D6'},{'R1'},{'D7'},{'D2'},{'R3'},{'R2'},&,1.0,&
{'D5'},{'D1'},{'D4'},{'D3'},{'R3'},{'D6'},{'D7'},{'R1'},{'D2'},{'R2'},&,1.0,&
{'D5'},{'D1'},{'D4'},{'R1'},{'D3'},{'D6'},{'D7'},{'R2'},{'D2'},{'R3'},&,1.0,&
{'D5'},{'D1'},{'D4'},{'D6'},{'D7'},{'D2'},{'D3'},{'R1'},{'R3'},{'R2'},&,2.0,&
{'D5'},{'D1'},{'D4'},{'D6'},{'D7'},{'D2'},{'D3'},{'R3'},{'R2'},{'R1'},&,1.0,&
{'D5'},{'D1'},{'D4'},{'D6'},{'D7'},{'D2'},{'D3'},{'R3'},{'R1'},{'R2'},&,3.0,&
{'D5'},{'D1'},{'D4'},{'D6'},{'D7'},{'D3'},{'D2'},{'R1'},{'R2'},{'R3'},&,1.0,&
{'D5'},{'D1'},{'D4'},{'D6'},{'D7'},{'D3'},{'D2'},{'R1'},{'R3'},{'R2'},&,3.0,&
{'D5'},{'D1'},{'D4'},{'D6'},{'D7'},{'D3'},{'D2'},{'R2'},{'R3'},{'R1'},&,3.0,&
{'D5'},{'D1'},{'D4'},{'D6'},{'D7'},{'D3'},{'D2'},{'R2'},{'R1'},{'R3'},&,3.0,&
{'D5'},{'D1'},{'D4'},{'D6'},{'D7'},{'D3'},{'D2'},{'R3'},{'R2'},{'R1'},&,5.0,&
{'D5'},{'D1'},{'D4'},{'D6'},{'D7'},{'D3'},{'D2'},{'R3'},{'R1'},{'R2'},&,5.0,&
{'D5'},{'D1'},{'D4'},{'D6'},{'D7'},{'D3'},{'R2'},{'R1'},{'D2'},{'R3'},&,1.0,&
{'D5'},{'D1'},{'D4'},{'D6'},{'D7'},{'D3'},{'R1'},{'D2'},{'R2'},{'R3'},&,1.0,&
{'D5'},{'D1'},{'D4'},{'D6'},{'D7'},{'D3'},{'R1'},{'D2'},{'R3'},{'R2'},&,2.0,&
{'D5'},{'D1'},{'D4'},{'D6'},{'D7'},{'R3'},{'D2'},{'D3'},{'R2'},{'R1'},&,1.0,&
{'D5'},{'D1'},{'D4'},{'D6'},{'D2'},{'D7'},{'D3'},{'R2'},{'R3'},{'R1'},&,1.0,&
{'D5'},{'D1'},{'D4'},{'D6'},{'D2'},{'D7'},{'D3'},{'R3'},{'R2'},{'R1'},&,1.0,&
{'D5'},{'D1'},{'D4'},{'D6'},{'D2'},{'D7'},{'D3'},{'R3'},{'R1'},{'R2'},&,2.0,&
{'D5'},{'D1'},{'D4'},{'D6'},{'D2'},{'D7'},{'R1'},{'D3'},{'R3'},{'R2'},&,1.0,&
{'D5'},{'D1'},{'D4'},{'D6'},{'D2'},{'D3'},{'R3'},{'D7'},{'R2'},{'R1'},&,1.0,&
{'D5'},{'D1'},{'D4'},{'D6'},{'D2'},{'D3'},{'D7'},{'R1'},{'R2'},{'R3'},&,1.0,&
{'D5'},{'D1'},{'D4'},{'D6'},{'D2'},{'D3'},{'D7'},{'R1'},{'R3'},{'R2'},&,1.0,&
{'D5'},{'D1'},{'D4'},{'D6'},{'D2'},{'D3'},{'D7'},{'R2'},{'R3'},{'R1'},&,1.0,&
{'D5'},{'D1'},{'D4'},{'D6'},{'D2'},{'D3'},{'D7'},{'R3'},{'R2'},{'R1'},&,1.0,&
{'D5'},{'D1'},{'D4'},{'D6'},{'D2'},{'D3'},{'D7'},{'R3'},{'R1'},{'R2'},&,5.0,&
{'D5'},{'D1'},{'D4'},{'D6'},{'D2'},{'D3'},{'R1'},{'R3'},{'D7'},{'R2'},&,1.0,&
{'D5'},{'D1'},{'D4'},{'D6'},{'D2'},{'D3'},{'R1'},{'D7'},{'R3'},{'R2'},&,2.0,&
{'D5'},{'D1'},{'D4'},{'D6'},{'D3'},{'D7'},{'R3'},{'D2'},{'R2'},{'R1'},&,2.0,&
{'D5'},{'D1'},{'D4'},{'D6'},{'D3'},{'D7'},{'R3'},{'D2'},{'R1'},{'R2'},&,4.0,&
{'D5'},{'D1'},{'D4'},{'D6'},{'D3'},{'D7'},{'R3'},{'R1'},{'D2'},{'R2'},&,1.0,&
{'D5'},{'D1'},{'D4'},{'D6'},{'D3'},{'D7'},{'R3'},{'R2'},{'D2'},{'R1'},&,1.0,&
{'D5'},{'D1'},{'D4'},{'D6'},{'D3'},{'D7'},{'D2'},{'R1'},{'R3'},{'R2'},&,5.0,&
{'D5'},{'D1'},{'D4'},{'D6'},{'D3'},{'D7'},{'D2'},{'R2'},{'R3'},{'R1'},&,3.0,&
{'D5'},{'D1'},{'D4'},{'D6'},{'D3'},{'D7'},{'D2'},{'R3'},{'R2'},{'R1'},&,6.0,&
{'D5'},{'D1'},{'D4'},{'D6'},{'D3'},{'D7'},{'D2'},{'R3'},{'R1'},{'R2'},&,12.0,&
{'D5'},{'D1'},{'D4'},{'D6'},{'D3'},{'D7'},{'R2'},{'D2'},{'R3'},{'R1'},&,3.0,&
{'D5'},{'D1'},{'D4'},{'D6'},{'D3'},{'D7'},{'R1'},{'D2'},{'R3'},{'R2'},&,1.0,&
{'D5'},{'D1'},{'D4'},{'D6'},{'D3'},{'D2'},{'R3'},{'R2'},{'D7'},{'R1'},&,1.0,&
{'D5'},{'D1'},{'D4'},{'D6'},{'D3'},{'D2'},{'R3'},{'D7'},{'R1'},{'R2'},&,2.0,&
{'D5'},{'D1'},{'D4'},{'D6'},{'D3'},{'D2'},{'D7'},{'R1'},{'R3'},{'R2'},&,5.0,&
{'D5'},{'D1'},{'D4'},{'D6'},{'D3'},{'D2'},{'D7'},{'R2'},{'R3'},{'R1'},&,1.0,&
{'D5'},{'D1'},{'D4'},{'D6'},{'D3'},{'D2'},{'D7'},{'R3'},{'R2'},{'R1'},&,3.0,&
{'D5'},{'D1'},{'D4'},{'D6'},{'D3'},{'D2'},{'D7'},{'R3'},{'R1'},{'R2'},&,3.0,&
{'D5'},{'D1'},{'D4'},{'D6'},{'D3'},{'R2'},{'D2'},{'R3'},{'D7'},{'R1'},&,1.0,&
{'D5'},{'D1'},{'D4'},{'D6'},{'D3'},{'R2'},{'D7'},{'R3'},{'R1'},{'D2'},&,1.0,&
{'D5'},{'D1'},{'D4'},{'D6'},{'D3'},{'R1'},{'D7'},{'D2'},{'R3'},{'R2'},&,1.0,&
{'D5'},{'D1'},{'D4'},{'D6'},{'D3'},{'R3'},{'D2'},{'D7'},{'R2'},{'R1'},&,1.0,&
{'D5'},{'D1'},{'D4'},{'D6'},{'D3'},{'R3'},{'D2'},{'D7'},{'R1'},{'R2'},&,1.0,&
{'D5'},{'D1'},{'D4'},{'D6'},{'D3'},{'R3'},{'R1'},{'D2'},{'D7'},{'R2'},&,1.0,&
{'D5'},{'D1'},{'D4'},{'R3'},{'D7'},{'D6'},{'D3'},{'R2'},{'D2'},{'R1'},&,1.0,&
{'D5'},{'D1'},{'D4'},{'R3'},{'D2'},{'D6'},{'D3'},{'R1'},{'D7'},{'R2'},&,1.0,&
{'D5'},{'D1'},{'D3'},{'D7'},{'D2'},{'D6'},{'R3'},{'D4'},{'R2'},{'R1'},&,1.0,&
{'D5'},{'D1'},{'D3'},{'D7'},{'D2'},{'D6'},{'D4'},{'R1'},{'R2'},{'R3'},&,1.0,&
{'D5'},{'D1'},{'D3'},{'D7'},{'D2'},{'D6'},{'D4'},{'R1'},{'R3'},{'R2'},&,2.0,&
{'D5'},{'D1'},{'D3'},{'D7'},{'D2'},{'D6'},{'D4'},{'R2'},{'R3'},{'R1'},&,2.0,&
{'D5'},{'D1'},{'D3'},{'D7'},{'D2'},{'D6'},{'D4'},{'R2'},{'R1'},{'R3'},&,1.0,&
{'D5'},{'D1'},{'D3'},{'D7'},{'D2'},{'D6'},{'D4'},{'R3'},{'R2'},{'R1'},&,1.0,&
{'D5'},{'D1'},{'D3'},{'D7'},{'D2'},{'D4'},{'R3'},{'R1'},{'D6'},{'R2'},&,1.0,&
{'D5'},{'D1'},{'D3'},{'D7'},{'D2'},{'D4'},{'D6'},{'R3'},{'R2'},{'R1'},&,2.0,&
{'D5'},{'D1'},{'D3'},{'D7'},{'D2'},{'D4'},{'D6'},{'R3'},{'R1'},{'R2'},&,1.0,&
{'D5'},{'D1'},{'D3'},{'D7'},{'D6'},{'D4'},{'R3'},{'D2'},{'R1'},{'R2'},&,1.0,&
{'D5'},{'D1'},{'D3'},{'D7'},{'D6'},{'D4'},{'R3'},{'R1'},{'R2'},{'D2'},&,1.0,&
{'D5'},{'D1'},{'D3'},{'D7'},{'D6'},{'D4'},{'R3'},{'R1'},{'D2'},{'R2'},&,1.0,&
{'D5'},{'D1'},{'D3'},{'D7'},{'D6'},{'D4'},{'R3'},{'R2'},{'D2'},{'R1'},&,1.0,&
{'D5'},{'D1'},{'D3'},{'D7'},{'D6'},{'D4'},{'D2'},{'R1'},{'R2'},{'R3'},&,2.0,&
{'D5'},{'D1'},{'D3'},{'D7'},{'D6'},{'D4'},{'D2'},{'R1'},{'R3'},{'R2'},&,4.0,&
{'D5'},{'D1'},{'D3'},{'D7'},{'D6'},{'D4'},{'D2'},{'R2'},{'R3'},{'R1'},&,8.0,&
{'D5'},{'D1'},{'D3'},{'D7'},{'D6'},{'D4'},{'D2'},{'R2'},{'R1'},{'R3'},&,1.0,&
{'D5'},{'D1'},{'D3'},{'D7'},{'D6'},{'D4'},{'D2'},{'R3'},{'R2'},{'R1'},&,3.0,&
{'D5'},{'D1'},{'D3'},{'D7'},{'D6'},{'D4'},{'D2'},{'R3'},{'R1'},{'R2'},&,9.0,&
{'D5'},{'D1'},{'D3'},{'D7'},{'D6'},{'D4'},{'R2'},{'D2'},{'R3'},{'R1'},&,2.0,&
{'D5'},{'D1'},{'D3'},{'D7'},{'D6'},{'D4'},{'R2'},{'D2'},{'R1'},{'R3'},&,1.0,&
{'D5'},{'D1'},{'D3'},{'D7'},{'D6'},{'D4'},{'R1'},{'D2'},{'R3'},{'R2'},&,1.0,&
{'D5'},{'D1'},{'D3'},{'D7'},{'D6'},{'D2'},{'R3'},{'R2'},{'D4'},{'R1'},&,1.0,&
{'D5'},{'D1'},{'D3'},{'D7'},{'D6'},{'D2'},{'D4'},{'R1'},{'R3'},{'R2'},&,5.0,&
{'D5'},{'D1'},{'D3'},{'D7'},{'D6'},{'D2'},{'D4'},{'R2'},{'R3'},{'R1'},&,3.0,&
{'D5'},{'D1'},{'D3'},{'D7'},{'D6'},{'D2'},{'D4'},{'R3'},{'R2'},{'R1'},&,2.0,&
{'D5'},{'D1'},{'D3'},{'D7'},{'D6'},{'D2'},{'D4'},{'R3'},{'R1'},{'R2'},&,8.0,&
{'D5'},{'D1'},{'D3'},{'D7'},{'D6'},{'D2'},{'R2'},{'D4'},{'R3'},{'R1'},&,1.0,&
{'D5'},{'D1'},{'D3'},{'D7'},{'D6'},{'D2'},{'R1'},{'D4'},{'R2'},{'R3'},&,1.0,&
{'D5'},{'D1'},{'D3'},{'D7'},{'D6'},{'R3'},{'D2'},{'D4'},{'R1'},{'R2'},&,1.0,&
{'D5'},{'D1'},{'D3'},{'D7'},{'D6'},{'R3'},{'D4'},{'D2'},{'R1'},{'R2'},&,1.0,&
{'D5'},{'D1'},{'D3'},{'D7'},{'D6'},{'R3'},{'D4'},{'R2'},{'D2'},{'R1'},&,1.0,&
{'D5'},{'D1'},{'D3'},{'D7'},{'D4'},{'D6'},{'R3'},{'D2'},{'R2'},{'R1'},&,2.0,&
{'D5'},{'D1'},{'D3'},{'D7'},{'D4'},{'D6'},{'R3'},{'D2'},{'R1'},{'R2'},&,3.0,&
{'D5'},{'D1'},{'D3'},{'D7'},{'D4'},{'D6'},{'D2'},{'R1'},{'R2'},{'R3'},&,1.0,&
{'D5'},{'D1'},{'D3'},{'D7'},{'D4'},{'D6'},{'D2'},{'R1'},{'R3'},{'R2'},&,2.0,&
{'D5'},{'D1'},{'D3'},{'D7'},{'D4'},{'D6'},{'D2'},{'R2'},{'R3'},{'R1'},&,1.0,&
{'D5'},{'D1'},{'D3'},{'D7'},{'D4'},{'D6'},{'D2'},{'R2'},{'R1'},{'R3'},&,1.0,&
{'D5'},{'D1'},{'D3'},{'D7'},{'D4'},{'D6'},{'D2'},{'R3'},{'R2'},{'R1'},&,3.0,&
{'D5'},{'D1'},{'D3'},{'D7'},{'D4'},{'D6'},{'D2'},{'R3'},{'R1'},{'R2'},&,6.0,&
{'D5'},{'D1'},{'D3'},{'D7'},{'D4'},{'D6'},{'R2'},{'D2'},{'R3'},{'R1'},&,1.0,&
{'D5'},{'D1'},{'D3'},{'D7'},{'D4'},{'D6'},{'R2'},{'D2'},{'R1'},{'R3'},&,1.0,&
{'D5'},{'D1'},{'D3'},{'D7'},{'D4'},{'D6'},{'R1'},{'D2'},{'R3'},{'R2'},&,2.0,&
{'D5'},{'D1'},{'D3'},{'D7'},{'D4'},{'D2'},{'D6'},{'R2'},{'R3'},{'R1'},&,1.0,&
{'D5'},{'D1'},{'D3'},{'D7'},{'D4'},{'D2'},{'D6'},{'R3'},{'R1'},{'R2'},&,1.0,&
{'D5'},{'D1'},{'D3'},{'D7'},{'D4'},{'R2'},{'D6'},{'D2'},{'R3'},{'R1'},&,1.0,&
{'D5'},{'D1'},{'D3'},{'D7'},{'R3'},{'D6'},{'D2'},{'D4'},{'R1'},{'R2'},&,1.0,&
{'D5'},{'D1'},{'D3'},{'D7'},{'R2'},{'D2'},{'D6'},{'D4'},{'R3'},{'R1'},&,1.0,&
{'D5'},{'D1'},{'D3'},{'D7'},{'R1'},{'D6'},{'D4'},{'D2'},{'R2'},{'R3'},&,1.0,&
{'D5'},{'D1'},{'D3'},{'D2'},{'D7'},{'D6'},{'R3'},{'D4'},{'R2'},{'R1'},&,1.0,&
{'D5'},{'D1'},{'D3'},{'D2'},{'D7'},{'D6'},{'D4'},{'R1'},{'R3'},{'R2'},&,1.0,&
{'D5'},{'D1'},{'D3'},{'D2'},{'D7'},{'D6'},{'D4'},{'R3'},{'R2'},{'R1'},&,2.0,&
{'D5'},{'D1'},{'D3'},{'D2'},{'D7'},{'D6'},{'D4'},{'R3'},{'R1'},{'R2'},&,4.0,&
{'D5'},{'D1'},{'D3'},{'D2'},{'D7'},{'D6'},{'R2'},{'D4'},{'R3'},{'R1'},&,1.0,&
{'D5'},{'D1'},{'D3'},{'D2'},{'D7'},{'D6'},{'R1'},{'D4'},{'R3'},{'R2'},&,1.0,&
{'D5'},{'D1'},{'D3'},{'D2'},{'D7'},{'D4'},{'R3'},{'D6'},{'R1'},{'R2'},&,1.0,&
{'D5'},{'D1'},{'D3'},{'D2'},{'D7'},{'D4'},{'R2'},{'D6'},{'R3'},{'R1'},&,1.0,&
{'D5'},{'D1'},{'D3'},{'D2'},{'D7'},{'D4'},{'D6'},{'R1'},{'R3'},{'R2'},&,3.0,&
{'D5'},{'D1'},{'D3'},{'D2'},{'D7'},{'D4'},{'D6'},{'R2'},{'R1'},{'R3'},&,1.0,&
{'D5'},{'D1'},{'D3'},{'D2'},{'D7'},{'D4'},{'D6'},{'R3'},{'R2'},{'R1'},&,1.0,&
{'D5'},{'D1'},{'D3'},{'D2'},{'D7'},{'D4'},{'D6'},{'R3'},{'R1'},{'R2'},&,1.0,&
{'D5'},{'D1'},{'D3'},{'D2'},{'D7'},{'R1'},{'D4'},{'D6'},{'R3'},{'R2'},&,2.0,&
{'D5'},{'D1'},{'D3'},{'D2'},{'D6'},{'D4'},{'R3'},{'R1'},{'D7'},{'R2'},&,2.0,&
{'D5'},{'D1'},{'D3'},{'D2'},{'D6'},{'D4'},{'R3'},{'R2'},{'D7'},{'R1'},&,1.0,&
{'D5'},{'D1'},{'D3'},{'D2'},{'D6'},{'D4'},{'R3'},{'D7'},{'R1'},{'R2'},&,1.0,&
{'D5'},{'D1'},{'D3'},{'D2'},{'D6'},{'D4'},{'D7'},{'R1'},{'R3'},{'R2'},&,1.0,&
{'D5'},{'D1'},{'D3'},{'D2'},{'D6'},{'D7'},{'R3'},{'D4'},{'R1'},{'R2'},&,1.0,&
{'D5'},{'D1'},{'D3'},{'D2'},{'D6'},{'D7'},{'D4'},{'R1'},{'R2'},{'R3'},&,2.0,&
{'D5'},{'D1'},{'D3'},{'D2'},{'D6'},{'D7'},{'D4'},{'R1'},{'R3'},{'R2'},&,2.0,&
{'D5'},{'D1'},{'D3'},{'D2'},{'D6'},{'D7'},{'D4'},{'R2'},{'R3'},{'R1'},&,2.0,&
{'D5'},{'D1'},{'D3'},{'D2'},{'D6'},{'D7'},{'D4'},{'R3'},{'R2'},{'R1'},&,6.0,&
{'D5'},{'D1'},{'D3'},{'D2'},{'D6'},{'D7'},{'D4'},{'R3'},{'R1'},{'R2'},&,4.0,&
{'D5'},{'D1'},{'D3'},{'D2'},{'D6'},{'D7'},{'R2'},{'D4'},{'R1'},{'R3'},&,1.0,&
{'D5'},{'D1'},{'D3'},{'D2'},{'D6'},{'D7'},{'R1'},{'D4'},{'R2'},{'R3'},&,1.0,&
{'D5'},{'D1'},{'D3'},{'D2'},{'D6'},{'D7'},{'R1'},{'D4'},{'R3'},{'R2'},&,1.0,&
{'D5'},{'D1'},{'D3'},{'D2'},{'D6'},{'R1'},{'D4'},{'R3'},{'D7'},{'R2'},&,1.0,&
{'D5'},{'D1'},{'D3'},{'D2'},{'D6'},{'R3'},{'D4'},{'D7'},{'R2'},{'R1'},&,1.0,&
{'D5'},{'D1'},{'D3'},{'D2'},{'D6'},{'R3'},{'D7'},{'D4'},{'R1'},{'R2'},&,1.0,&
{'D5'},{'D1'},{'D3'},{'D2'},{'D4'},{'D6'},{'D7'},{'R1'},{'R2'},{'R3'},&,1.0,&
{'D5'},{'D1'},{'D3'},{'D2'},{'D4'},{'D6'},{'D7'},{'R1'},{'R3'},{'R2'},&,4.0,&
{'D5'},{'D1'},{'D3'},{'D2'},{'D4'},{'D6'},{'D7'},{'R2'},{'R1'},{'R3'},&,2.0,&
{'D5'},{'D1'},{'D3'},{'D2'},{'D4'},{'D6'},{'D7'},{'R3'},{'R1'},{'R2'},&,3.0,&
{'D5'},{'D1'},{'D3'},{'D2'},{'D4'},{'D7'},{'R3'},{'D6'},{'R2'},{'R1'},&,1.0,&
{'D5'},{'D1'},{'D3'},{'D2'},{'D4'},{'D7'},{'D6'},{'R1'},{'R2'},{'R3'},&,2.0,&
{'D5'},{'D1'},{'D3'},{'D2'},{'D4'},{'D7'},{'D6'},{'R1'},{'R3'},{'R2'},&,2.0,&
{'D5'},{'D1'},{'D3'},{'D2'},{'D4'},{'D7'},{'D6'},{'R2'},{'R3'},{'R1'},&,1.0,&
{'D5'},{'D1'},{'D3'},{'D2'},{'D4'},{'D7'},{'D6'},{'R3'},{'R2'},{'R1'},&,1.0,&
{'D5'},{'D1'},{'D3'},{'D2'},{'D4'},{'D7'},{'D6'},{'R3'},{'R1'},{'R2'},&,2.0,&
{'D5'},{'D1'},{'D3'},{'D2'},{'R3'},{'D6'},{'D4'},{'D7'},{'R2'},{'R1'},&,1.0,&
{'D5'},{'D1'},{'D3'},{'D2'},{'R3'},{'D7'},{'D6'},{'D4'},{'R2'},{'R1'},&,1.0,&
{'D5'},{'D1'},{'D3'},{'D2'},{'R1'},{'D6'},{'D4'},{'D7'},{'R3'},{'R2'},&,1.0,&
{'D5'},{'D1'},{'D3'},{'D6'},{'D7'},{'D4'},{'R3'},{'D2'},{'R2'},{'R1'},&,6.0,&
{'D5'},{'D1'},{'D3'},{'D6'},{'D7'},{'D4'},{'R3'},{'D2'},{'R1'},{'R2'},&,2.0,&
{'D5'},{'D1'},{'D3'},{'D6'},{'D7'},{'D4'},{'D2'},{'R1'},{'R2'},{'R3'},&,4.0,&
{'D5'},{'D1'},{'D3'},{'D6'},{'D7'},{'D4'},{'D2'},{'R1'},{'R3'},{'R2'},&,7.0,&
{'D5'},{'D1'},{'D3'},{'D6'},{'D7'},{'D4'},{'D2'},{'R2'},{'R3'},{'R1'},&,2.0,&
{'D5'},{'D1'},{'D3'},{'D6'},{'D7'},{'D4'},{'D2'},{'R2'},{'R1'},{'R3'},&,3.0,&
{'D5'},{'D1'},{'D3'},{'D6'},{'D7'},{'D4'},{'D2'},{'R3'},{'R2'},{'R1'},&,9.0,&
{'D5'},{'D1'},{'D3'},{'D6'},{'D7'},{'D4'},{'D2'},{'R3'},{'R1'},{'R2'},&,22.0,&
{'D5'},{'D1'},{'D3'},{'D6'},{'D7'},{'D4'},{'R2'},{'D2'},{'R3'},{'R1'},&,4.0,&
{'D5'},{'D1'},{'D3'},{'D6'},{'D7'},{'D4'},{'R2'},{'R3'},{'D2'},{'R1'},&,2.0,&
{'D5'},{'D1'},{'D3'},{'D6'},{'D7'},{'D4'},{'R1'},{'D2'},{'R3'},{'R2'},&,4.0,&
{'D5'},{'D1'},{'D3'},{'D6'},{'D7'},{'D2'},{'R3'},{'R1'},{'D4'},{'R2'},&,1.0,&
{'D5'},{'D1'},{'D3'},{'D6'},{'D7'},{'D2'},{'R3'},{'D4'},{'R2'},{'R1'},&,3.0,&
{'D5'},{'D1'},{'D3'},{'D6'},{'D7'},{'D2'},{'R3'},{'D4'},{'R1'},{'R2'},&,1.0,&
{'D5'},{'D1'},{'D3'},{'D6'},{'D7'},{'D2'},{'D4'},{'R1'},{'R2'},{'R3'},&,2.0,&
{'D5'},{'D1'},{'D3'},{'D6'},{'D7'},{'D2'},{'D4'},{'R1'},{'R3'},{'R2'},&,2.0,&
{'D5'},{'D1'},{'D3'},{'D6'},{'D7'},{'D2'},{'D4'},{'R2'},{'R3'},{'R1'},&,5.0,&
{'D5'},{'D1'},{'D3'},{'D6'},{'D7'},{'D2'},{'D4'},{'R2'},{'R1'},{'R3'},&,2.0,&
{'D5'},{'D1'},{'D3'},{'D6'},{'D7'},{'D2'},{'D4'},{'R3'},{'R2'},{'R1'},&,4.0,&
{'D5'},{'D1'},{'D3'},{'D6'},{'D7'},{'D2'},{'D4'},{'R3'},{'R1'},{'R2'},&,5.0,&
{'D5'},{'D1'},{'D3'},{'D6'},{'D7'},{'D2'},{'R2'},{'D4'},{'R1'},{'R3'},&,1.0,&
{'D5'},{'D1'},{'D3'},{'D6'},{'D7'},{'D2'},{'R1'},{'D4'},{'R3'},{'R2'},&,1.0,&
{'D5'},{'D1'},{'D3'},{'D6'},{'D7'},{'R2'},{'D2'},{'R1'},{'D4'},{'R3'},&,1.0,&
{'D5'},{'D1'},{'D3'},{'D6'},{'D7'},{'R1'},{'D2'},{'R3'},{'D4'},{'R2'},&,1.0,&
{'D5'},{'D1'},{'D3'},{'D6'},{'D7'},{'R1'},{'D4'},{'D2'},{'R2'},{'R3'},&,1.0,&
{'D5'},{'D1'},{'D3'},{'D6'},{'D7'},{'R3'},{'D2'},{'R2'},{'R1'},{'D4'},&,1.0,&
{'D5'},{'D1'},{'D3'},{'D6'},{'D7'},{'R3'},{'D2'},{'D4'},{'R1'},{'R2'},&,2.0,&
{'D5'},{'D1'},{'D3'},{'D6'},{'D7'},{'R3'},{'D4'},{'D2'},{'R2'},{'R1'},&,1.0,&
{'D5'},{'D1'},{'D3'},{'D6'},{'D2'},{'D4'},{'R3'},{'R2'},{'D7'},{'R1'},&,1.0,&
{'D5'},{'D1'},{'D3'},{'D6'},{'D2'},{'D4'},{'R3'},{'D7'},{'R2'},{'R1'},&,1.0,&
{'D5'},{'D1'},{'D3'},{'D6'},{'D2'},{'D4'},{'R2'},{'R3'},{'D7'},{'R1'},&,1.0,&
{'D5'},{'D1'},{'D3'},{'D6'},{'D2'},{'D4'},{'R2'},{'D7'},{'R3'},{'R1'},&,1.0,&
{'D5'},{'D1'},{'D3'},{'D6'},{'D2'},{'D4'},{'D7'},{'R1'},{'R3'},{'R2'},&,1.0,&
{'D5'},{'D1'},{'D3'},{'D6'},{'D2'},{'D4'},{'D7'},{'R2'},{'R3'},{'R1'},&,4.0,&
{'D5'},{'D1'},{'D3'},{'D6'},{'D2'},{'D4'},{'D7'},{'R3'},{'R2'},{'R1'},&,4.0,&
{'D5'},{'D1'},{'D3'},{'D6'},{'D2'},{'D4'},{'D7'},{'R3'},{'R1'},{'R2'},&,6.0,&
{'D5'},{'D1'},{'D3'},{'D6'},{'D2'},{'D7'},{'R3'},{'R2'},{'D4'},{'R1'},&,1.0,&
{'D5'},{'D1'},{'D3'},{'D6'},{'D2'},{'D7'},{'R3'},{'D4'},{'R2'},{'R1'},&,2.0,&
{'D5'},{'D1'},{'D3'},{'D6'},{'D2'},{'D7'},{'R3'},{'D4'},{'R1'},{'R2'},&,3.0,&
{'D5'},{'D1'},{'D3'},{'D6'},{'D2'},{'D7'},{'D4'},{'R1'},{'R2'},{'R3'},&,1.0,&
{'D5'},{'D1'},{'D3'},{'D6'},{'D2'},{'D7'},{'D4'},{'R1'},{'R3'},{'R2'},&,1.0,&
{'D5'},{'D1'},{'D3'},{'D6'},{'D2'},{'D7'},{'D4'},{'R2'},{'R3'},{'R1'},&,3.0,&
{'D5'},{'D1'},{'D3'},{'D6'},{'D2'},{'D7'},{'D4'},{'R2'},{'R1'},{'R3'},&,5.0,&
{'D5'},{'D1'},{'D3'},{'D6'},{'D2'},{'D7'},{'D4'},{'R3'},{'R2'},{'R1'},&,3.0,&
{'D5'},{'D1'},{'D3'},{'D6'},{'D2'},{'D7'},{'D4'},{'R3'},{'R1'},{'R2'},&,5.0,&
{'D5'},{'D1'},{'D3'},{'D6'},{'D2'},{'D7'},{'R2'},{'D4'},{'R1'},{'R3'},&,2.0,&
{'D5'},{'D1'},{'D3'},{'D6'},{'D2'},{'D7'},{'R1'},{'D4'},{'R3'},{'R2'},&,1.0,&
{'D5'},{'D1'},{'D3'},{'D6'},{'D2'},{'R1'},{'D4'},{'D7'},{'R2'},{'R3'},&,1.0,&
{'D5'},{'D1'},{'D3'},{'D6'},{'D2'},{'R3'},{'D7'},{'D4'},{'R1'},{'R2'},&,1.0,&
{'D5'},{'D1'},{'D3'},{'D6'},{'D4'},{'D7'},{'R3'},{'D2'},{'R2'},{'R1'},&,7.0,&
{'D5'},{'D1'},{'D3'},{'D6'},{'D4'},{'D7'},{'R3'},{'D2'},{'R1'},{'R2'},&,3.0,&
{'D5'},{'D1'},{'D3'},{'D6'},{'D4'},{'D7'},{'D2'},{'R1'},{'R2'},{'R3'},&,5.0,&
{'D5'},{'D1'},{'D3'},{'D6'},{'D4'},{'D7'},{'D2'},{'R1'},{'R3'},{'R2'},&,8.0,&
{'D5'},{'D1'},{'D3'},{'D6'},{'D4'},{'D7'},{'D2'},{'R2'},{'R3'},{'R1'},&,5.0,&
{'D5'},{'D1'},{'D3'},{'D6'},{'D4'},{'D7'},{'D2'},{'R2'},{'R1'},{'R3'},&,5.0,&
{'D5'},{'D1'},{'D3'},{'D6'},{'D4'},{'D7'},{'D2'},{'R3'},{'R2'},{'R1'},&,8.0,&
{'D5'},{'D1'},{'D3'},{'D6'},{'D4'},{'D7'},{'D2'},{'R3'},{'R1'},{'R2'},&,12.0,&
{'D5'},{'D1'},{'D3'},{'D6'},{'D4'},{'D7'},{'R2'},{'D2'},{'R3'},{'R1'},&,1.0,&
{'D5'},{'D1'},{'D3'},{'D6'},{'D4'},{'D7'},{'R2'},{'D2'},{'R1'},{'R3'},&,1.0,&
{'D5'},{'D1'},{'D3'},{'D6'},{'D4'},{'D7'},{'R1'},{'D2'},{'R2'},{'R3'},&,1.0,&
{'D5'},{'D1'},{'D3'},{'D6'},{'D4'},{'D7'},{'R1'},{'D2'},{'R3'},{'R2'},&,2.0,&
{'D5'},{'D1'},{'D3'},{'D6'},{'D4'},{'D7'},{'R1'},{'R3'},{'D2'},{'R2'},&,1.0,&
{'D5'},{'D1'},{'D3'},{'D6'},{'D4'},{'D2'},{'R3'},{'R2'},{'D7'},{'R1'},&,1.0,&
{'D5'},{'D1'},{'D3'},{'D6'},{'D4'},{'D2'},{'R3'},{'D7'},{'R2'},{'R1'},&,1.0,&
{'D5'},{'D1'},{'D3'},{'D6'},{'D4'},{'D2'},{'R3'},{'D7'},{'R1'},{'R2'},&,1.0,&
{'D5'},{'D1'},{'D3'},{'D6'},{'D4'},{'D2'},{'R2'},{'D7'},{'R3'},{'R1'},&,1.0,&
{'D5'},{'D1'},{'D3'},{'D6'},{'D4'},{'D2'},{'D7'},{'R1'},{'R2'},{'R3'},&,1.0,&
{'D5'},{'D1'},{'D3'},{'D6'},{'D4'},{'D2'},{'D7'},{'R1'},{'R3'},{'R2'},&,1.0,&
{'D5'},{'D1'},{'D3'},{'D6'},{'D4'},{'D2'},{'D7'},{'R2'},{'R3'},{'R1'},&,3.0,&
{'D5'},{'D1'},{'D3'},{'D6'},{'D4'},{'D2'},{'D7'},{'R3'},{'R2'},{'R1'},&,7.0,&
{'D5'},{'D1'},{'D3'},{'D6'},{'D4'},{'D2'},{'D7'},{'R3'},{'R1'},{'R2'},&,4.0,&
{'D5'},{'D1'},{'D3'},{'D6'},{'D4'},{'D2'},{'R1'},{'R2'},{'D7'},{'R3'},&,1.0,&
{'D5'},{'D1'},{'D3'},{'D6'},{'D4'},{'D2'},{'R1'},{'D7'},{'R3'},{'R2'},&,2.0,&
{'D5'},{'D1'},{'D3'},{'D6'},{'D4'},{'R2'},{'D2'},{'D7'},{'R3'},{'R1'},&,1.0,&
{'D5'},{'D1'},{'D3'},{'D6'},{'D4'},{'R2'},{'D7'},{'D2'},{'R3'},{'R1'},&,1.0,&
{'D5'},{'D1'},{'D3'},{'D6'},{'D4'},{'R2'},{'D7'},{'R3'},{'D2'},{'R1'},&,1.0,&
{'D5'},{'D1'},{'D3'},{'D6'},{'D4'},{'R1'},{'D2'},{'D7'},{'R2'},{'R3'},&,1.0,&
{'D5'},{'D1'},{'D3'},{'D6'},{'D4'},{'R1'},{'D2'},{'D7'},{'R3'},{'R2'},&,1.0,&
{'D5'},{'D1'},{'D3'},{'D6'},{'D4'},{'R1'},{'D7'},{'D2'},{'R3'},{'R2'},&,1.0,&
{'D5'},{'D1'},{'D3'},{'D6'},{'R3'},{'D4'},{'D2'},{'D7'},{'R1'},{'R2'},&,1.0,&
{'D5'},{'D1'},{'D3'},{'D6'},{'R3'},{'D7'},{'D4'},{'D2'},{'R2'},{'R1'},&,1.0,&
{'D5'},{'D1'},{'D3'},{'D6'},{'R3'},{'D7'},{'D4'},{'R1'},{'D2'},{'R2'},&,1.0,&
{'D5'},{'D1'},{'D3'},{'D6'},{'R3'},{'D2'},{'D4'},{'D7'},{'R1'},{'R2'},&,1.0,&
{'D5'},{'D1'},{'D3'},{'D6'},{'R3'},{'D2'},{'D7'},{'R2'},{'D4'},{'R1'},&,1.0,&
{'D5'},{'D1'},{'D3'},{'D6'},{'R2'},{'D2'},{'D7'},{'D4'},{'R3'},{'R1'},&,1.0,&
{'D5'},{'D1'},{'D3'},{'D4'},{'D7'},{'D6'},{'D2'},{'R1'},{'R2'},{'R3'},&,1.0,&
{'D5'},{'D1'},{'D3'},{'D4'},{'D7'},{'D6'},{'D2'},{'R1'},{'R3'},{'R2'},&,1.0,&
{'D5'},{'D1'},{'D3'},{'D4'},{'D7'},{'D6'},{'D2'},{'R2'},{'R3'},{'R1'},&,2.0,&
{'D5'},{'D1'},{'D3'},{'D4'},{'D7'},{'D6'},{'D2'},{'R3'},{'R2'},{'R1'},&,4.0,&
{'D5'},{'D1'},{'D3'},{'D4'},{'D7'},{'D6'},{'D2'},{'R3'},{'R1'},{'R2'},&,4.0,&
{'D5'},{'D1'},{'D3'},{'D4'},{'D7'},{'D6'},{'R2'},{'D2'},{'R3'},{'R1'},&,1.0,&
{'D5'},{'D1'},{'D3'},{'D4'},{'D7'},{'D6'},{'R2'},{'D2'},{'R1'},{'R3'},&,1.0,&
{'D5'},{'D1'},{'D3'},{'D4'},{'D7'},{'D6'},{'R1'},{'D2'},{'R2'},{'R3'},&,1.0,&
{'D5'},{'D1'},{'D3'},{'D4'},{'D7'},{'D2'},{'R3'},{'D6'},{'R1'},{'R2'},&,1.0,&
{'D5'},{'D1'},{'D3'},{'D4'},{'D7'},{'D2'},{'R2'},{'D6'},{'R1'},{'R3'},&,1.0,&
{'D5'},{'D1'},{'D3'},{'D4'},{'D7'},{'D2'},{'D6'},{'R2'},{'R3'},{'R1'},&,1.0,&
{'D5'},{'D1'},{'D3'},{'D4'},{'D7'},{'D2'},{'D6'},{'R2'},{'R1'},{'R3'},&,1.0,&
{'D5'},{'D1'},{'D3'},{'D4'},{'D7'},{'D2'},{'D6'},{'R3'},{'R2'},{'R1'},&,2.0,&
{'D5'},{'D1'},{'D3'},{'D4'},{'D7'},{'D2'},{'D6'},{'R3'},{'R1'},{'R2'},&,2.0,&
{'D5'},{'D1'},{'D3'},{'D4'},{'D7'},{'R3'},{'D2'},{'D6'},{'R2'},{'R1'},&,1.0,&
{'D5'},{'D1'},{'D3'},{'D4'},{'D7'},{'R3'},{'D6'},{'D2'},{'R1'},{'R2'},&,1.0,&
{'D5'},{'D1'},{'D3'},{'D4'},{'D7'},{'R3'},{'D6'},{'R1'},{'D2'},{'R2'},&,1.0,&
{'D5'},{'D1'},{'D3'},{'D4'},{'D2'},{'D6'},{'R3'},{'D7'},{'R1'},{'R2'},&,1.0,&
{'D5'},{'D1'},{'D3'},{'D4'},{'D2'},{'D6'},{'D7'},{'R1'},{'R3'},{'R2'},&,1.0,&
{'D5'},{'D1'},{'D3'},{'D4'},{'D2'},{'D6'},{'D7'},{'R2'},{'R1'},{'R3'},&,1.0,&
{'D5'},{'D1'},{'D3'},{'D4'},{'D2'},{'D6'},{'D7'},{'R3'},{'R2'},{'R1'},&,2.0,&
{'D5'},{'D1'},{'D3'},{'D4'},{'D2'},{'D6'},{'D7'},{'R3'},{'R1'},{'R2'},&,5.0,&
{'D5'},{'D1'},{'D3'},{'D4'},{'D2'},{'D7'},{'D6'},{'R1'},{'R3'},{'R2'},&,1.0,&
{'D5'},{'D1'},{'D3'},{'D4'},{'D2'},{'D7'},{'D6'},{'R2'},{'R1'},{'R3'},&,1.0,&
{'D5'},{'D1'},{'D3'},{'D4'},{'D2'},{'D7'},{'D6'},{'R3'},{'R2'},{'R1'},&,2.0,&
{'D5'},{'D1'},{'D3'},{'D4'},{'D2'},{'D7'},{'D6'},{'R3'},{'R1'},{'R2'},&,1.0,&
{'D5'},{'D1'},{'D3'},{'D4'},{'D2'},{'R1'},{'D6'},{'D7'},{'R2'},{'R3'},&,1.0,&
{'D5'},{'D1'},{'D3'},{'D4'},{'D2'},{'R3'},{'D7'},{'D6'},{'R2'},{'R1'},&,1.0,&
{'D5'},{'D1'},{'D3'},{'D4'},{'D6'},{'D7'},{'R3'},{'D2'},{'R2'},{'R1'},&,3.0,&
{'D5'},{'D1'},{'D3'},{'D4'},{'D6'},{'D7'},{'R3'},{'D2'},{'R1'},{'R2'},&,2.0,&
{'D5'},{'D1'},{'D3'},{'D4'},{'D6'},{'D7'},{'D2'},{'R1'},{'R2'},{'R3'},&,3.0,&
{'D5'},{'D1'},{'D3'},{'D4'},{'D6'},{'D7'},{'D2'},{'R1'},{'R3'},{'R2'},&,2.0,&
{'D5'},{'D1'},{'D3'},{'D4'},{'D6'},{'D7'},{'D2'},{'R2'},{'R3'},{'R1'},&,8.0,&
{'D5'},{'D1'},{'D3'},{'D4'},{'D6'},{'D7'},{'D2'},{'R2'},{'R1'},{'R3'},&,1.0,&
{'D5'},{'D1'},{'D3'},{'D4'},{'D6'},{'D7'},{'D2'},{'R3'},{'R2'},{'R1'},&,5.0,&
{'D5'},{'D1'},{'D3'},{'D4'},{'D6'},{'D7'},{'D2'},{'R3'},{'R1'},{'R2'},&,9.0,&
{'D5'},{'D1'},{'D3'},{'D4'},{'D6'},{'D7'},{'R2'},{'D2'},{'R3'},{'R1'},&,1.0,&
{'D5'},{'D1'},{'D3'},{'D4'},{'D6'},{'D7'},{'R2'},{'D2'},{'R1'},{'R3'},&,1.0,&
{'D5'},{'D1'},{'D3'},{'D4'},{'D6'},{'D7'},{'R2'},{'R3'},{'R1'},{'D2'},&,1.0,&
{'D5'},{'D1'},{'D3'},{'D4'},{'D6'},{'D7'},{'R1'},{'D2'},{'R2'},{'R3'},&,1.0,&
{'D5'},{'D1'},{'D3'},{'D4'},{'D6'},{'D7'},{'R1'},{'R3'},{'D2'},{'R2'},&,1.0,&
{'D5'},{'D1'},{'D3'},{'D4'},{'D6'},{'D2'},{'R3'},{'R1'},{'D7'},{'R2'},&,1.0,&
{'D5'},{'D1'},{'D3'},{'D4'},{'D6'},{'D2'},{'R3'},{'D7'},{'R2'},{'R1'},&,2.0,&
{'D5'},{'D1'},{'D3'},{'D4'},{'D6'},{'D2'},{'R2'},{'D7'},{'R3'},{'R1'},&,1.0,&
{'D5'},{'D1'},{'D3'},{'D4'},{'D6'},{'D2'},{'D7'},{'R1'},{'R2'},{'R3'},&,2.0,&
{'D5'},{'D1'},{'D3'},{'D4'},{'D6'},{'D2'},{'D7'},{'R1'},{'R3'},{'R2'},&,3.0,&
{'D5'},{'D1'},{'D3'},{'D4'},{'D6'},{'D2'},{'D7'},{'R2'},{'R3'},{'R1'},&,2.0,&
{'D5'},{'D1'},{'D3'},{'D4'},{'D6'},{'D2'},{'D7'},{'R3'},{'R2'},{'R1'},&,5.0,&
{'D5'},{'D1'},{'D3'},{'D4'},{'D6'},{'D2'},{'D7'},{'R3'},{'R1'},{'R2'},&,6.0,&
{'D5'},{'D1'},{'D3'},{'D4'},{'D6'},{'D2'},{'R1'},{'R3'},{'D7'},{'R2'},&,1.0,&
{'D5'},{'D1'},{'D3'},{'D4'},{'D6'},{'R2'},{'D7'},{'D2'},{'R3'},{'R1'},&,1.0,&
{'D5'},{'D1'},{'D3'},{'D4'},{'D6'},{'R3'},{'D7'},{'R1'},{'D2'},{'R2'},&,2.0,&
{'D5'},{'D1'},{'D3'},{'D4'},{'D6'},{'R3'},{'D7'},{'R2'},{'R1'},{'D2'},&,1.0,&
{'D5'},{'D1'},{'D3'},{'D4'},{'R3'},{'D6'},{'D2'},{'R1'},{'D7'},{'R2'},&,1.0,&
{'D5'},{'D1'},{'D3'},{'D4'},{'R1'},{'D2'},{'D6'},{'D7'},{'R3'},{'R2'},&,2.0,&
{'D5'},{'D1'},{'D3'},{'R2'},{'D4'},{'D6'},{'D2'},{'R3'},{'R1'},{'D7'},&,1.0,&
{'D5'},{'D1'},{'D3'},{'R3'},{'D6'},{'D4'},{'D7'},{'D2'},{'R1'},{'R2'},&,1.0,&
{'D5'},{'D1'},{'D3'},{'R3'},{'D6'},{'D2'},{'D4'},{'R2'},{'D7'},{'R1'},&,1.0,&
{'D5'},{'D1'},{'D3'},{'R3'},{'D6'},{'D2'},{'D7'},{'D4'},{'R1'},{'R2'},&,1.0,&
{'D5'},{'D1'},{'D6'},{'D7'},{'D2'},{'D4'},{'R3'},{'R1'},{'R2'},{'D3'},&,1.0,&
{'D5'},{'D1'},{'D6'},{'D7'},{'D2'},{'D4'},{'D3'},{'R1'},{'R3'},{'R2'},&,2.0,&
{'D5'},{'D1'},{'D6'},{'D7'},{'D2'},{'D4'},{'D3'},{'R2'},{'R3'},{'R1'},&,1.0,&
{'D5'},{'D1'},{'D6'},{'D7'},{'D2'},{'D4'},{'D3'},{'R2'},{'R1'},{'R3'},&,1.0,&
{'D5'},{'D1'},{'D6'},{'D7'},{'D2'},{'D4'},{'D3'},{'R3'},{'R1'},{'R2'},&,1.0,&
{'D5'},{'D1'},{'D6'},{'D7'},{'D2'},{'D3'},{'R3'},{'R1'},{'D4'},{'R2'},&,1.0,&
{'D5'},{'D1'},{'D6'},{'D7'},{'D2'},{'D3'},{'R3'},{'D4'},{'R2'},{'R1'},&,1.0,&
{'D5'},{'D1'},{'D6'},{'D7'},{'D2'},{'D3'},{'R3'},{'D4'},{'R1'},{'R2'},&,1.0,&
{'D5'},{'D1'},{'D6'},{'D7'},{'D2'},{'D3'},{'D4'},{'R3'},{'R2'},{'R1'},&,3.0,&
{'D5'},{'D1'},{'D6'},{'D7'},{'D2'},{'D3'},{'D4'},{'R3'},{'R1'},{'R2'},&,6.0,&
{'D5'},{'D1'},{'D6'},{'D7'},{'D2'},{'D3'},{'R1'},{'D4'},{'R3'},{'R2'},&,1.0,&
{'D5'},{'D1'},{'D6'},{'D7'},{'D3'},{'D4'},{'R3'},{'D2'},{'R2'},{'R1'},&,1.0,&
{'D5'},{'D1'},{'D6'},{'D7'},{'D3'},{'D4'},{'R3'},{'D2'},{'R1'},{'R2'},&,4.0,&
{'D5'},{'D1'},{'D6'},{'D7'},{'D3'},{'D4'},{'D2'},{'R1'},{'R2'},{'R3'},&,2.0,&
{'D5'},{'D1'},{'D6'},{'D7'},{'D3'},{'D4'},{'D2'},{'R1'},{'R3'},{'R2'},&,1.0,&
{'D5'},{'D1'},{'D6'},{'D7'},{'D3'},{'D4'},{'D2'},{'R2'},{'R3'},{'R1'},&,2.0,&
{'D5'},{'D1'},{'D6'},{'D7'},{'D3'},{'D4'},{'D2'},{'R2'},{'R1'},{'R3'},&,2.0,&
{'D5'},{'D1'},{'D6'},{'D7'},{'D3'},{'D4'},{'D2'},{'R3'},{'R2'},{'R1'},&,9.0,&
{'D5'},{'D1'},{'D6'},{'D7'},{'D3'},{'D4'},{'D2'},{'R3'},{'R1'},{'R2'},&,6.0,&
{'D5'},{'D1'},{'D6'},{'D7'},{'D3'},{'D4'},{'R2'},{'D2'},{'R3'},{'R1'},&,2.0,&
{'D5'},{'D1'},{'D6'},{'D7'},{'D3'},{'D4'},{'R2'},{'D2'},{'R1'},{'R3'},&,1.0,&
{'D5'},{'D1'},{'D6'},{'D7'},{'D3'},{'D4'},{'R1'},{'D2'},{'R2'},{'R3'},&,1.0,&
{'D5'},{'D1'},{'D6'},{'D7'},{'D3'},{'D4'},{'R1'},{'D2'},{'R3'},{'R2'},&,2.0,&
{'D5'},{'D1'},{'D6'},{'D7'},{'D3'},{'D2'},{'R3'},{'D4'},{'R2'},{'R1'},&,1.0,&
{'D5'},{'D1'},{'D6'},{'D7'},{'D3'},{'D2'},{'R3'},{'D4'},{'R1'},{'R2'},&,1.0,&
{'D5'},{'D1'},{'D6'},{'D7'},{'D3'},{'D2'},{'D4'},{'R1'},{'R3'},{'R2'},&,1.0,&
{'D5'},{'D1'},{'D6'},{'D7'},{'D3'},{'D2'},{'D4'},{'R2'},{'R3'},{'R1'},&,2.0,&
{'D5'},{'D1'},{'D6'},{'D7'},{'D3'},{'D2'},{'D4'},{'R2'},{'R1'},{'R3'},&,2.0,&
{'D5'},{'D1'},{'D6'},{'D7'},{'D3'},{'D2'},{'D4'},{'R3'},{'R2'},{'R1'},&,5.0,&
{'D5'},{'D1'},{'D6'},{'D7'},{'D3'},{'D2'},{'D4'},{'R3'},{'R1'},{'R2'},&,7.0,&
{'D5'},{'D1'},{'D6'},{'D7'},{'D3'},{'D2'},{'R1'},{'R3'},{'R2'},{'D4'},&,1.0,&
{'D5'},{'D1'},{'D6'},{'D7'},{'D3'},{'R1'},{'D4'},{'D2'},{'R3'},{'R2'},&,1.0,&
{'D5'},{'D1'},{'D6'},{'D7'},{'D3'},{'R3'},{'D2'},{'R1'},{'D4'},{'R2'},&,1.0,&
{'D5'},{'D1'},{'D6'},{'D7'},{'D3'},{'R3'},{'D4'},{'R1'},{'R2'},{'D2'},&,1.0,&
{'D5'},{'D1'},{'D6'},{'D7'},{'D3'},{'R3'},{'D4'},{'R1'},{'D2'},{'R2'},&,1.0,&
{'D5'},{'D1'},{'D6'},{'D7'},{'D4'},{'D2'},{'R3'},{'D3'},{'R2'},{'R1'},&,1.0,&
{'D5'},{'D1'},{'D6'},{'D7'},{'D4'},{'D2'},{'R3'},{'D3'},{'R1'},{'R2'},&,1.0,&
{'D5'},{'D1'},{'D6'},{'D7'},{'D4'},{'D2'},{'D3'},{'R2'},{'R1'},{'R3'},&,1.0,&
{'D5'},{'D1'},{'D6'},{'D7'},{'D4'},{'D2'},{'D3'},{'R3'},{'R2'},{'R1'},&,2.0,&
{'D5'},{'D1'},{'D6'},{'D7'},{'D4'},{'D2'},{'R1'},{'R3'},{'D3'},{'R2'},&,1.0,&
{'D5'},{'D1'},{'D6'},{'D7'},{'D4'},{'D2'},{'R1'},{'D3'},{'R3'},{'R2'},&,1.0,&
{'D5'},{'D1'},{'D6'},{'D7'},{'D4'},{'D3'},{'R3'},{'D2'},{'R2'},{'R1'},&,1.0,&
{'D5'},{'D1'},{'D6'},{'D7'},{'D4'},{'D3'},{'R3'},{'R1'},{'R2'},{'D2'},&,1.0,&
{'D5'},{'D1'},{'D6'},{'D7'},{'D4'},{'D3'},{'R3'},{'R1'},{'D2'},{'R2'},&,1.0,&
{'D5'},{'D1'},{'D6'},{'D7'},{'D4'},{'D3'},{'R3'},{'R2'},{'R1'},{'D2'},&,1.0,&
{'D5'},{'D1'},{'D6'},{'D7'},{'D4'},{'D3'},{'D2'},{'R1'},{'R3'},{'R2'},&,5.0,&
{'D5'},{'D1'},{'D6'},{'D7'},{'D4'},{'D3'},{'D2'},{'R2'},{'R3'},{'R1'},&,1.0,&
{'D5'},{'D1'},{'D6'},{'D7'},{'D4'},{'D3'},{'D2'},{'R2'},{'R1'},{'R3'},&,2.0,&
{'D5'},{'D1'},{'D6'},{'D7'},{'D4'},{'D3'},{'D2'},{'R3'},{'R2'},{'R1'},&,2.0,&
{'D5'},{'D1'},{'D6'},{'D7'},{'D4'},{'D3'},{'D2'},{'R3'},{'R1'},{'R2'},&,6.0,&
{'D5'},{'D1'},{'D6'},{'D7'},{'D4'},{'D3'},{'R2'},{'D2'},{'R3'},{'R1'},&,1.0,&
{'D5'},{'D1'},{'D6'},{'D7'},{'D4'},{'D3'},{'R2'},{'R3'},{'D2'},{'R1'},&,1.0,&
{'D5'},{'D1'},{'D6'},{'D7'},{'D4'},{'D3'},{'R1'},{'D2'},{'R2'},{'R3'},&,1.0,&
{'D5'},{'D1'},{'D6'},{'D7'},{'D4'},{'D3'},{'R1'},{'D2'},{'R3'},{'R2'},&,2.0,&
{'D5'},{'D1'},{'D6'},{'D7'},{'D4'},{'R1'},{'R3'},{'D3'},{'D2'},{'R2'},&,1.0,&
{'D5'},{'D1'},{'D6'},{'D7'},{'D4'},{'R3'},{'D2'},{'D3'},{'R2'},{'R1'},&,1.0,&
{'D5'},{'D1'},{'D6'},{'D7'},{'D4'},{'R3'},{'D3'},{'D2'},{'R2'},{'R1'},&,1.0,&
{'D5'},{'D1'},{'D6'},{'D7'},{'D4'},{'R3'},{'D3'},{'D2'},{'R1'},{'R2'},&,1.0,&
{'D5'},{'D1'},{'D6'},{'D7'},{'R2'},{'D3'},{'D4'},{'D2'},{'R3'},{'R1'},&,2.0,&
{'D5'},{'D1'},{'D6'},{'D7'},{'R1'},{'D2'},{'D3'},{'R3'},{'D4'},{'R2'},&,1.0,&
{'D5'},{'D1'},{'D6'},{'D2'},{'D7'},{'D4'},{'R3'},{'D3'},{'R2'},{'R1'},&,1.0,&
{'D5'},{'D1'},{'D6'},{'D2'},{'D7'},{'D4'},{'D3'},{'R1'},{'R3'},{'R2'},&,3.0,&
{'D5'},{'D1'},{'D6'},{'D2'},{'D7'},{'D4'},{'D3'},{'R2'},{'R3'},{'R1'},&,3.0,&
{'D5'},{'D1'},{'D6'},{'D2'},{'D7'},{'D4'},{'D3'},{'R3'},{'R1'},{'R2'},&,1.0,&
{'D5'},{'D1'},{'D6'},{'D2'},{'D7'},{'D3'},{'R3'},{'D4'},{'R2'},{'R1'},&,2.0,&
{'D5'},{'D1'},{'D6'},{'D2'},{'D7'},{'D3'},{'D4'},{'R1'},{'R3'},{'R2'},&,2.0,&
{'D5'},{'D1'},{'D6'},{'D2'},{'D7'},{'D3'},{'D4'},{'R2'},{'R3'},{'R1'},&,1.0,&
{'D5'},{'D1'},{'D6'},{'D2'},{'D7'},{'D3'},{'D4'},{'R3'},{'R1'},{'R2'},&,2.0,&
{'D5'},{'D1'},{'D6'},{'D2'},{'D7'},{'D3'},{'R2'},{'R3'},{'D4'},{'R1'},&,1.0,&
{'D5'},{'D1'},{'D6'},{'D2'},{'D3'},{'D4'},{'R3'},{'D7'},{'R2'},{'R1'},&,1.0,&
{'D5'},{'D1'},{'D6'},{'D2'},{'D3'},{'D4'},{'R2'},{'R1'},{'R3'},{'D7'},&,1.0,&
{'D5'},{'D1'},{'D6'},{'D2'},{'D3'},{'D4'},{'R2'},{'D7'},{'R3'},{'R1'},&,1.0,&
{'D5'},{'D1'},{'D6'},{'D2'},{'D3'},{'D4'},{'D7'},{'R1'},{'R2'},{'R3'},&,1.0,&
{'D5'},{'D1'},{'D6'},{'D2'},{'D3'},{'D4'},{'D7'},{'R1'},{'R3'},{'R2'},&,4.0,&
{'D5'},{'D1'},{'D6'},{'D2'},{'D3'},{'D4'},{'D7'},{'R2'},{'R3'},{'R1'},&,3.0,&
{'D5'},{'D1'},{'D6'},{'D2'},{'D3'},{'D4'},{'D7'},{'R3'},{'R2'},{'R1'},&,3.0,&
{'D5'},{'D1'},{'D6'},{'D2'},{'D3'},{'D4'},{'D7'},{'R3'},{'R1'},{'R2'},&,7.0,&
{'D5'},{'D1'},{'D6'},{'D2'},{'D3'},{'D4'},{'R1'},{'D7'},{'R2'},{'R3'},&,1.0,&
{'D5'},{'D1'},{'D6'},{'D2'},{'D3'},{'D7'},{'R3'},{'R2'},{'D4'},{'R1'},&,1.0,&
{'D5'},{'D1'},{'D6'},{'D2'},{'D3'},{'D7'},{'D4'},{'R1'},{'R2'},{'R3'},&,4.0,&
{'D5'},{'D1'},{'D6'},{'D2'},{'D3'},{'D7'},{'D4'},{'R2'},{'R3'},{'R1'},&,1.0,&
{'D5'},{'D1'},{'D6'},{'D2'},{'D3'},{'D7'},{'D4'},{'R2'},{'R1'},{'R3'},&,1.0,&
{'D5'},{'D1'},{'D6'},{'D2'},{'D3'},{'D7'},{'D4'},{'R3'},{'R2'},{'R1'},&,7.0,&
{'D5'},{'D1'},{'D6'},{'D2'},{'D3'},{'D7'},{'D4'},{'R3'},{'R1'},{'R2'},&,3.0,&
{'D5'},{'D1'},{'D6'},{'D2'},{'D3'},{'D7'},{'R2'},{'R3'},{'D4'},{'R1'},&,1.0,&
{'D5'},{'D1'},{'D6'},{'D2'},{'D3'},{'D7'},{'R1'},{'R3'},{'D4'},{'R2'},&,1.0,&
{'D5'},{'D1'},{'D6'},{'D2'},{'D3'},{'R1'},{'D4'},{'D7'},{'R3'},{'R2'},&,1.0,&
{'D5'},{'D1'},{'D6'},{'D2'},{'D3'},{'R3'},{'D4'},{'R1'},{'D7'},{'R2'},&,1.0,&
{'D5'},{'D1'},{'D6'},{'D2'},{'D4'},{'D7'},{'D3'},{'R1'},{'R3'},{'R2'},&,4.0,&
{'D5'},{'D1'},{'D6'},{'D2'},{'D4'},{'D7'},{'D3'},{'R2'},{'R3'},{'R1'},&,1.0,&
{'D5'},{'D1'},{'D6'},{'D2'},{'D4'},{'D7'},{'D3'},{'R3'},{'R2'},{'R1'},&,5.0,&
{'D5'},{'D1'},{'D6'},{'D2'},{'D4'},{'D7'},{'D3'},{'R3'},{'R1'},{'R2'},&,3.0,&
{'D5'},{'D1'},{'D6'},{'D2'},{'D4'},{'D3'},{'R2'},{'D7'},{'R1'},{'R3'},&,2.0,&
{'D5'},{'D1'},{'D6'},{'D2'},{'D4'},{'D3'},{'D7'},{'R1'},{'R3'},{'R2'},&,2.0,&
{'D5'},{'D1'},{'D6'},{'D2'},{'D4'},{'D3'},{'D7'},{'R3'},{'R2'},{'R1'},&,1.0,&
{'D5'},{'D1'},{'D6'},{'D2'},{'D4'},{'D3'},{'D7'},{'R3'},{'R1'},{'R2'},&,3.0,&
{'D5'},{'D1'},{'D6'},{'D2'},{'D4'},{'R3'},{'D3'},{'D7'},{'R1'},{'R2'},&,2.0,&
{'D5'},{'D1'},{'D6'},{'D3'},{'D7'},{'D4'},{'R3'},{'D2'},{'R2'},{'R1'},&,1.0,&
{'D5'},{'D1'},{'D6'},{'D3'},{'D7'},{'D4'},{'R3'},{'D2'},{'R1'},{'R2'},&,2.0,&
{'D5'},{'D1'},{'D6'},{'D3'},{'D7'},{'D4'},{'R3'},{'R1'},{'R2'},{'D2'},&,1.0,&
{'D5'},{'D1'},{'D6'},{'D3'},{'D7'},{'D4'},{'R3'},{'R1'},{'D2'},{'R2'},&,1.0,&
{'D5'},{'D1'},{'D6'},{'D3'},{'D7'},{'D4'},{'D2'},{'R1'},{'R2'},{'R3'},&,3.0,&
{'D5'},{'D1'},{'D6'},{'D3'},{'D7'},{'D4'},{'D2'},{'R1'},{'R3'},{'R2'},&,8.0,&
{'D5'},{'D1'},{'D6'},{'D3'},{'D7'},{'D4'},{'D2'},{'R2'},{'R3'},{'R1'},&,6.0,&
{'D5'},{'D1'},{'D6'},{'D3'},{'D7'},{'D4'},{'D2'},{'R2'},{'R1'},{'R3'},&,2.0,&
{'D5'},{'D1'},{'D6'},{'D3'},{'D7'},{'D4'},{'D2'},{'R3'},{'R2'},{'R1'},&,18.0,&
{'D5'},{'D1'},{'D6'},{'D3'},{'D7'},{'D4'},{'D2'},{'R3'},{'R1'},{'R2'},&,15.0,&
{'D5'},{'D1'},{'D6'},{'D3'},{'D7'},{'D4'},{'R2'},{'D2'},{'R3'},{'R1'},&,2.0,&
{'D5'},{'D1'},{'D6'},{'D3'},{'D7'},{'D4'},{'R1'},{'D2'},{'R3'},{'R2'},&,3.0,&
{'D5'},{'D1'},{'D6'},{'D3'},{'D7'},{'D4'},{'R1'},{'R2'},{'R3'},{'D2'},&,1.0,&
{'D5'},{'D1'},{'D6'},{'D3'},{'D7'},{'D2'},{'R3'},{'D4'},{'R2'},{'R1'},&,2.0,&
{'D5'},{'D1'},{'D6'},{'D3'},{'D7'},{'D2'},{'R3'},{'D4'},{'R1'},{'R2'},&,1.0,&
{'D5'},{'D1'},{'D6'},{'D3'},{'D7'},{'D2'},{'D4'},{'R1'},{'R2'},{'R3'},&,3.0,&
{'D5'},{'D1'},{'D6'},{'D3'},{'D7'},{'D2'},{'D4'},{'R1'},{'R3'},{'R2'},&,5.0,&
{'D5'},{'D1'},{'D6'},{'D3'},{'D7'},{'D2'},{'D4'},{'R2'},{'R1'},{'R3'},&,2.0,&
{'D5'},{'D1'},{'D6'},{'D3'},{'D7'},{'D2'},{'D4'},{'R3'},{'R2'},{'R1'},&,7.0,&
{'D5'},{'D1'},{'D6'},{'D3'},{'D7'},{'D2'},{'D4'},{'R3'},{'R1'},{'R2'},&,7.0,&
{'D5'},{'D1'},{'D6'},{'D3'},{'D7'},{'D2'},{'R2'},{'R3'},{'D4'},{'R1'},&,2.0,&
{'D5'},{'D1'},{'D6'},{'D3'},{'D7'},{'D2'},{'R1'},{'R2'},{'D4'},{'R3'},&,1.0,&
{'D5'},{'D1'},{'D6'},{'D3'},{'D7'},{'D2'},{'R1'},{'D4'},{'R2'},{'R3'},&,2.0,&
{'D5'},{'D1'},{'D6'},{'D3'},{'D7'},{'R3'},{'D2'},{'D4'},{'R1'},{'R2'},&,1.0,&
{'D5'},{'D1'},{'D6'},{'D3'},{'D7'},{'R3'},{'D4'},{'D2'},{'R2'},{'R1'},&,1.0,&
{'D5'},{'D1'},{'D6'},{'D3'},{'D2'},{'D4'},{'R3'},{'D7'},{'R1'},{'R2'},&,1.0,&
{'D5'},{'D1'},{'D6'},{'D3'},{'D2'},{'D4'},{'R2'},{'R3'},{'D7'},{'R1'},&,1.0,&
{'D5'},{'D1'},{'D6'},{'D3'},{'D2'},{'D4'},{'R2'},{'D7'},{'R3'},{'R1'},&,1.0,&
{'D5'},{'D1'},{'D6'},{'D3'},{'D2'},{'D4'},{'D7'},{'R1'},{'R2'},{'R3'},&,1.0,&
{'D5'},{'D1'},{'D6'},{'D3'},{'D2'},{'D4'},{'D7'},{'R1'},{'R3'},{'R2'},&,5.0,&
{'D5'},{'D1'},{'D6'},{'D3'},{'D2'},{'D4'},{'D7'},{'R2'},{'R3'},{'R1'},&,5.0,&
{'D5'},{'D1'},{'D6'},{'D3'},{'D2'},{'D4'},{'D7'},{'R2'},{'R1'},{'R3'},&,1.0,&
{'D5'},{'D1'},{'D6'},{'D3'},{'D2'},{'D4'},{'D7'},{'R3'},{'R2'},{'R1'},&,7.0,&
{'D5'},{'D1'},{'D6'},{'D3'},{'D2'},{'D4'},{'D7'},{'R3'},{'R1'},{'R2'},&,8.0,&
{'D5'},{'D1'},{'D6'},{'D3'},{'D2'},{'D4'},{'R1'},{'D7'},{'R3'},{'R2'},&,1.0,&
{'D5'},{'D1'},{'D6'},{'D3'},{'D2'},{'D7'},{'R3'},{'D4'},{'R1'},{'R2'},&,2.0,&
{'D5'},{'D1'},{'D6'},{'D3'},{'D2'},{'D7'},{'D4'},{'R1'},{'R3'},{'R2'},&,2.0,&
{'D5'},{'D1'},{'D6'},{'D3'},{'D2'},{'D7'},{'D4'},{'R2'},{'R3'},{'R1'},&,4.0,&
{'D5'},{'D1'},{'D6'},{'D3'},{'D2'},{'D7'},{'D4'},{'R2'},{'R1'},{'R3'},&,1.0,&
{'D5'},{'D1'},{'D6'},{'D3'},{'D2'},{'D7'},{'D4'},{'R3'},{'R2'},{'R1'},&,5.0,&
{'D5'},{'D1'},{'D6'},{'D3'},{'D2'},{'D7'},{'D4'},{'R3'},{'R1'},{'R2'},&,8.0,&
{'D5'},{'D1'},{'D6'},{'D3'},{'D2'},{'D7'},{'R2'},{'D4'},{'R3'},{'R1'},&,1.0,&
{'D5'},{'D1'},{'D6'},{'D3'},{'D2'},{'D7'},{'R2'},{'D4'},{'R1'},{'R3'},&,1.0,&
{'D5'},{'D1'},{'D6'},{'D3'},{'D2'},{'D7'},{'R1'},{'R2'},{'D4'},{'R3'},&,1.0,&
{'D5'},{'D1'},{'D6'},{'D3'},{'D4'},{'D7'},{'R3'},{'D2'},{'R2'},{'R1'},&,1.0,&
{'D5'},{'D1'},{'D6'},{'D3'},{'D4'},{'D7'},{'R3'},{'D2'},{'R1'},{'R2'},&,4.0,&
{'D5'},{'D1'},{'D6'},{'D3'},{'D4'},{'D7'},{'R3'},{'R1'},{'R2'},{'D2'},&,1.0,&
{'D5'},{'D1'},{'D6'},{'D3'},{'D4'},{'D7'},{'R3'},{'R2'},{'D2'},{'R1'},&,3.0,&
{'D5'},{'D1'},{'D6'},{'D3'},{'D4'},{'D7'},{'D2'},{'R1'},{'R2'},{'R3'},&,4.0,&
{'D5'},{'D1'},{'D6'},{'D3'},{'D4'},{'D7'},{'D2'},{'R1'},{'R3'},{'R2'},&,5.0,&
{'D5'},{'D1'},{'D6'},{'D3'},{'D4'},{'D7'},{'D2'},{'R2'},{'R3'},{'R1'},&,8.0,&
{'D5'},{'D1'},{'D6'},{'D3'},{'D4'},{'D7'},{'D2'},{'R2'},{'R1'},{'R3'},&,2.0,&
{'D5'},{'D1'},{'D6'},{'D3'},{'D4'},{'D7'},{'D2'},{'R3'},{'R2'},{'R1'},&,12.0,&
{'D5'},{'D1'},{'D6'},{'D3'},{'D4'},{'D7'},{'D2'},{'R3'},{'R1'},{'R2'},&,10.0,&
{'D5'},{'D1'},{'D6'},{'D3'},{'D4'},{'D7'},{'R2'},{'D2'},{'R3'},{'R1'},&,1.0,&
{'D5'},{'D1'},{'D6'},{'D3'},{'D4'},{'D7'},{'R2'},{'D2'},{'R1'},{'R3'},&,1.0,&
{'D5'},{'D1'},{'D6'},{'D3'},{'D4'},{'D7'},{'R1'},{'D2'},{'R3'},{'R2'},&,1.0,&
{'D5'},{'D1'},{'D6'},{'D3'},{'D4'},{'D2'},{'R3'},{'D7'},{'R2'},{'R1'},&,1.0,&
{'D5'},{'D1'},{'D6'},{'D3'},{'D4'},{'D2'},{'R3'},{'D7'},{'R1'},{'R2'},&,2.0,&
{'D5'},{'D1'},{'D6'},{'D3'},{'D4'},{'D2'},{'R2'},{'D7'},{'R1'},{'R3'},&,1.0,&
{'D5'},{'D1'},{'D6'},{'D3'},{'D4'},{'D2'},{'D7'},{'R1'},{'R2'},{'R3'},&,1.0,&
{'D5'},{'D1'},{'D6'},{'D3'},{'D4'},{'D2'},{'D7'},{'R1'},{'R3'},{'R2'},&,2.0,&
{'D5'},{'D1'},{'D6'},{'D3'},{'D4'},{'D2'},{'D7'},{'R2'},{'R3'},{'R1'},&,3.0,&
{'D5'},{'D1'},{'D6'},{'D3'},{'D4'},{'D2'},{'D7'},{'R2'},{'R1'},{'R3'},&,1.0,&
{'D5'},{'D1'},{'D6'},{'D3'},{'D4'},{'D2'},{'D7'},{'R3'},{'R2'},{'R1'},&,3.0,&
{'D5'},{'D1'},{'D6'},{'D3'},{'D4'},{'D2'},{'D7'},{'R3'},{'R1'},{'R2'},&,3.0,&
{'D5'},{'D1'},{'D6'},{'D3'},{'D4'},{'R2'},{'D7'},{'D2'},{'R1'},{'R3'},&,2.0,&
{'D5'},{'D1'},{'D6'},{'D3'},{'D4'},{'R1'},{'D2'},{'R3'},{'D7'},{'R2'},&,1.0,&
{'D5'},{'D1'},{'D6'},{'D3'},{'D4'},{'R3'},{'D2'},{'D7'},{'R2'},{'R1'},&,1.0,&
{'D5'},{'D1'},{'D6'},{'D3'},{'D4'},{'R3'},{'D7'},{'D2'},{'R2'},{'R1'},&,1.0,&
{'D5'},{'D1'},{'D6'},{'D3'},{'D4'},{'R3'},{'D7'},{'R1'},{'D2'},{'R2'},&,1.0,&
{'D5'},{'D1'},{'D6'},{'D3'},{'R3'},{'D7'},{'D2'},{'R2'},{'D4'},{'R1'},&,1.0,&
{'D5'},{'D1'},{'D6'},{'D3'},{'R3'},{'D2'},{'R2'},{'D4'},{'D7'},{'R1'},&,1.0,&
{'D5'},{'D1'},{'D6'},{'D3'},{'R2'},{'D4'},{'D7'},{'D2'},{'R3'},{'R1'},&,1.0,&
{'D5'},{'D1'},{'D6'},{'D3'},{'R2'},{'D7'},{'D4'},{'D2'},{'R3'},{'R1'},&,1.0,&
{'D5'},{'D1'},{'D6'},{'R1'},{'D4'},{'D2'},{'D3'},{'R3'},{'D7'},{'R2'},&,1.0,&
{'D5'},{'D1'},{'D6'},{'D4'},{'D7'},{'D2'},{'R3'},{'R1'},{'R2'},{'D3'},&,1.0,&
{'D5'},{'D1'},{'D6'},{'D4'},{'D7'},{'D2'},{'R3'},{'D3'},{'R2'},{'R1'},&,1.0,&
{'D5'},{'D1'},{'D6'},{'D4'},{'D7'},{'D2'},{'D3'},{'R2'},{'R3'},{'R1'},&,1.0,&
{'D5'},{'D1'},{'D6'},{'D4'},{'D7'},{'D2'},{'D3'},{'R3'},{'R2'},{'R1'},&,1.0,&
{'D5'},{'D1'},{'D6'},{'D4'},{'D7'},{'D2'},{'R1'},{'D3'},{'R2'},{'R3'},&,1.0,&
{'D5'},{'D1'},{'D6'},{'D4'},{'D7'},{'D3'},{'R3'},{'D2'},{'R2'},{'R1'},&,1.0,&
{'D5'},{'D1'},{'D6'},{'D4'},{'D7'},{'D3'},{'R3'},{'D2'},{'R1'},{'R2'},&,1.0,&
{'D5'},{'D1'},{'D6'},{'D4'},{'D7'},{'D3'},{'R3'},{'R1'},{'R2'},{'D2'},&,1.0,&
{'D5'},{'D1'},{'D6'},{'D4'},{'D7'},{'D3'},{'R3'},{'R2'},{'D2'},{'R1'},&,2.0,&
{'D5'},{'D1'},{'D6'},{'D4'},{'D7'},{'D3'},{'D2'},{'R1'},{'R2'},{'R3'},&,1.0,&
{'D5'},{'D1'},{'D6'},{'D4'},{'D7'},{'D3'},{'D2'},{'R1'},{'R3'},{'R2'},&,3.0,&
{'D5'},{'D1'},{'D6'},{'D4'},{'D7'},{'D3'},{'D2'},{'R2'},{'R3'},{'R1'},&,4.0,&
{'D5'},{'D1'},{'D6'},{'D4'},{'D7'},{'D3'},{'D2'},{'R2'},{'R1'},{'R3'},&,5.0,&
{'D5'},{'D1'},{'D6'},{'D4'},{'D7'},{'D3'},{'D2'},{'R3'},{'R2'},{'R1'},&,4.0,&
{'D5'},{'D1'},{'D6'},{'D4'},{'D7'},{'D3'},{'D2'},{'R3'},{'R1'},{'R2'},&,6.0,&
{'D5'},{'D1'},{'D6'},{'D4'},{'D7'},{'D3'},{'R2'},{'D2'},{'R1'},{'R3'},&,1.0,&
{'D5'},{'D1'},{'D6'},{'D4'},{'D7'},{'D3'},{'R2'},{'R3'},{'D2'},{'R1'},&,1.0,&
{'D5'},{'D1'},{'D6'},{'D4'},{'D7'},{'R1'},{'D3'},{'D2'},{'R2'},{'R3'},&,1.0,&
{'D5'},{'D1'},{'D6'},{'D4'},{'D7'},{'R3'},{'R1'},{'D3'},{'D2'},{'R2'},&,1.0,&
{'D5'},{'D1'},{'D6'},{'D4'},{'D2'},{'D7'},{'D3'},{'R1'},{'R2'},{'R3'},&,1.0,&
{'D5'},{'D1'},{'D6'},{'D4'},{'D2'},{'D7'},{'D3'},{'R2'},{'R3'},{'R1'},&,1.0,&
{'D5'},{'D1'},{'D6'},{'D4'},{'D2'},{'D7'},{'D3'},{'R3'},{'R2'},{'R1'},&,3.0,&
{'D5'},{'D1'},{'D6'},{'D4'},{'D2'},{'D7'},{'D3'},{'R3'},{'R1'},{'R2'},&,1.0,&
{'D5'},{'D1'},{'D6'},{'D4'},{'D2'},{'D3'},{'R3'},{'D7'},{'R2'},{'R1'},&,2.0,&
{'D5'},{'D1'},{'D6'},{'D4'},{'D2'},{'D3'},{'R3'},{'D7'},{'R1'},{'R2'},&,1.0,&
{'D5'},{'D1'},{'D6'},{'D4'},{'D2'},{'D3'},{'D7'},{'R1'},{'R3'},{'R2'},&,5.0,&
{'D5'},{'D1'},{'D6'},{'D4'},{'D2'},{'D3'},{'D7'},{'R2'},{'R3'},{'R1'},&,4.0,&
{'D5'},{'D1'},{'D6'},{'D4'},{'D2'},{'D3'},{'D7'},{'R3'},{'R2'},{'R1'},&,5.0,&
{'D5'},{'D1'},{'D6'},{'D4'},{'D2'},{'D3'},{'D7'},{'R3'},{'R1'},{'R2'},&,3.0,&
{'D5'},{'D1'},{'D6'},{'D4'},{'D2'},{'D3'},{'R1'},{'R2'},{'D7'},{'R3'},&,1.0,&
{'D5'},{'D1'},{'D6'},{'D4'},{'D2'},{'D3'},{'R1'},{'D7'},{'R3'},{'R2'},&,2.0,&
{'D5'},{'D1'},{'D6'},{'D4'},{'D2'},{'R1'},{'D3'},{'D7'},{'R3'},{'R2'},&,1.0,&
{'D5'},{'D1'},{'D6'},{'D4'},{'D3'},{'D7'},{'R3'},{'D2'},{'R2'},{'R1'},&,3.0,&
{'D5'},{'D1'},{'D6'},{'D4'},{'D3'},{'D7'},{'R3'},{'D2'},{'R1'},{'R2'},&,2.0,&
{'D5'},{'D1'},{'D6'},{'D4'},{'D3'},{'D7'},{'R3'},{'R1'},{'R2'},{'D2'},&,2.0,&
{'D5'},{'D1'},{'D6'},{'D4'},{'D3'},{'D7'},{'D2'},{'R1'},{'R2'},{'R3'},&,6.0,&
{'D5'},{'D1'},{'D6'},{'D4'},{'D3'},{'D7'},{'D2'},{'R1'},{'R3'},{'R2'},&,9.0,&
{'D5'},{'D1'},{'D6'},{'D4'},{'D3'},{'D7'},{'D2'},{'R2'},{'R3'},{'R1'},&,2.0,&
{'D5'},{'D1'},{'D6'},{'D4'},{'D3'},{'D7'},{'D2'},{'R2'},{'R1'},{'R3'},&,2.0,&
{'D5'},{'D1'},{'D6'},{'D4'},{'D3'},{'D7'},{'D2'},{'R3'},{'R2'},{'R1'},&,9.0,&
{'D5'},{'D1'},{'D6'},{'D4'},{'D3'},{'D7'},{'D2'},{'R3'},{'R1'},{'R2'},&,11.0,&
{'D5'},{'D1'},{'D6'},{'D4'},{'D3'},{'D7'},{'R2'},{'D2'},{'R3'},{'R1'},&,1.0,&
{'D5'},{'D1'},{'D6'},{'D4'},{'D3'},{'D7'},{'R2'},{'D2'},{'R1'},{'R3'},&,1.0,&
{'D5'},{'D1'},{'D6'},{'D4'},{'D3'},{'D7'},{'R1'},{'R3'},{'R2'},{'D2'},&,1.0,&
{'D5'},{'D1'},{'D6'},{'D4'},{'D3'},{'D2'},{'R3'},{'D7'},{'R2'},{'R1'},&,1.0,&
{'D5'},{'D1'},{'D6'},{'D4'},{'D3'},{'D2'},{'R3'},{'D7'},{'R1'},{'R2'},&,3.0,&
{'D5'},{'D1'},{'D6'},{'D4'},{'D3'},{'D2'},{'R2'},{'D7'},{'R1'},{'R3'},&,1.0,&
{'D5'},{'D1'},{'D6'},{'D4'},{'D3'},{'D2'},{'D7'},{'R1'},{'R2'},{'R3'},&,1.0,&
{'D5'},{'D1'},{'D6'},{'D4'},{'D3'},{'D2'},{'D7'},{'R1'},{'R3'},{'R2'},&,4.0,&
{'D5'},{'D1'},{'D6'},{'D4'},{'D3'},{'D2'},{'D7'},{'R2'},{'R3'},{'R1'},&,3.0,&
{'D5'},{'D1'},{'D6'},{'D4'},{'D3'},{'D2'},{'D7'},{'R2'},{'R1'},{'R3'},&,2.0,&
{'D5'},{'D1'},{'D6'},{'D4'},{'D3'},{'D2'},{'D7'},{'R3'},{'R2'},{'R1'},&,3.0,&
{'D5'},{'D1'},{'D6'},{'D4'},{'D3'},{'D2'},{'D7'},{'R3'},{'R1'},{'R2'},&,2.0,&
{'D5'},{'D1'},{'D6'},{'D4'},{'D3'},{'R2'},{'D7'},{'D2'},{'R3'},{'R1'},&,1.0,&
{'D5'},{'D1'},{'D6'},{'D4'},{'D3'},{'R3'},{'D7'},{'D2'},{'R2'},{'R1'},&,1.0,&
{'D5'},{'D1'},{'D6'},{'D4'},{'R1'},{'D7'},{'D3'},{'D2'},{'R3'},{'R2'},&,1.0,&
{'D5'},{'D1'},{'D6'},{'D4'},{'R1'},{'D3'},{'R3'},{'D2'},{'D7'},{'R2'},&,1.0,&
{'D5'},{'D1'},{'D6'},{'R3'},{'D2'},{'D3'},{'D4'},{'D7'},{'R1'},{'R2'},&,1.0,&
{'D5'},{'D1'},{'D7'},{'D2'},{'D3'},{'D6'},{'R3'},{'R1'},{'D4'},{'R2'},&,1.0,&
{'D5'},{'D1'},{'D7'},{'D2'},{'D3'},{'D6'},{'D4'},{'R1'},{'R3'},{'R2'},&,1.0,&
{'D5'},{'D1'},{'D7'},{'D2'},{'D3'},{'D6'},{'D4'},{'R2'},{'R3'},{'R1'},&,1.0,&
{'D5'},{'D1'},{'D7'},{'D2'},{'D3'},{'D6'},{'D4'},{'R3'},{'R2'},{'R1'},&,3.0,&
{'D5'},{'D1'},{'D7'},{'D2'},{'D3'},{'D6'},{'R2'},{'R3'},{'D4'},{'R1'},&,1.0,&
{'D5'},{'D1'},{'D7'},{'D2'},{'D3'},{'D6'},{'R2'},{'D4'},{'R3'},{'R1'},&,1.0,&
{'D5'},{'D1'},{'D7'},{'D2'},{'D3'},{'D6'},{'R1'},{'D4'},{'R3'},{'R2'},&,1.0,&
{'D5'},{'D1'},{'D7'},{'D2'},{'D3'},{'D4'},{'D6'},{'R1'},{'R2'},{'R3'},&,1.0,&
{'D5'},{'D1'},{'D7'},{'D2'},{'D3'},{'D4'},{'D6'},{'R2'},{'R3'},{'R1'},&,1.0,&
{'D5'},{'D1'},{'D7'},{'D2'},{'D3'},{'D4'},{'D6'},{'R3'},{'R2'},{'R1'},&,1.0,&
{'D5'},{'D1'},{'D7'},{'D2'},{'D3'},{'R1'},{'D6'},{'R3'},{'D4'},{'R2'},&,1.0,&
{'D5'},{'D1'},{'D7'},{'D2'},{'D3'},{'R3'},{'D6'},{'D4'},{'R1'},{'R2'},&,1.0,&
{'D5'},{'D1'},{'D7'},{'D2'},{'D6'},{'D4'},{'R2'},{'R3'},{'D3'},{'R1'},&,1.0,&
{'D5'},{'D1'},{'D7'},{'D2'},{'D6'},{'D4'},{'D3'},{'R1'},{'R2'},{'R3'},&,1.0,&
{'D5'},{'D1'},{'D7'},{'D2'},{'D6'},{'D4'},{'D3'},{'R3'},{'R2'},{'R1'},&,1.0,&
{'D5'},{'D1'},{'D7'},{'D2'},{'D6'},{'D4'},{'D3'},{'R3'},{'R1'},{'R2'},&,3.0,&
{'D5'},{'D1'},{'D7'},{'D2'},{'D6'},{'D3'},{'R3'},{'D4'},{'R1'},{'R2'},&,1.0,&
{'D5'},{'D1'},{'D7'},{'D2'},{'D6'},{'D3'},{'D4'},{'R1'},{'R3'},{'R2'},&,1.0,&
{'D5'},{'D1'},{'D7'},{'D2'},{'D6'},{'D3'},{'D4'},{'R2'},{'R3'},{'R1'},&,2.0,&
{'D5'},{'D1'},{'D7'},{'D2'},{'D6'},{'D3'},{'D4'},{'R2'},{'R1'},{'R3'},&,1.0,&
{'D5'},{'D1'},{'D7'},{'D2'},{'D6'},{'D3'},{'D4'},{'R3'},{'R2'},{'R1'},&,1.0,&
{'D5'},{'D1'},{'D7'},{'D2'},{'D6'},{'D3'},{'D4'},{'R3'},{'R1'},{'R2'},&,1.0,&
{'D5'},{'D1'},{'D7'},{'D2'},{'D6'},{'D3'},{'R1'},{'R3'},{'D4'},{'R2'},&,1.0,&
{'D5'},{'D1'},{'D7'},{'D2'},{'D4'},{'D6'},{'D3'},{'R2'},{'R3'},{'R1'},&,1.0,&
{'D5'},{'D1'},{'D7'},{'D2'},{'D4'},{'D6'},{'D3'},{'R3'},{'R1'},{'R2'},&,1.0,&
{'D5'},{'D1'},{'D7'},{'D2'},{'D4'},{'D3'},{'D6'},{'R2'},{'R3'},{'R1'},&,1.0,&
{'D5'},{'D1'},{'D7'},{'D2'},{'D4'},{'D3'},{'R1'},{'D6'},{'R3'},{'R2'},&,1.0,&
{'D5'},{'D1'},{'D7'},{'D3'},{'D2'},{'D6'},{'R3'},{'R2'},{'D4'},{'R1'},&,1.0,&
{'D5'},{'D1'},{'D7'},{'D3'},{'D2'},{'D6'},{'R3'},{'D4'},{'R2'},{'R1'},&,1.0,&
{'D5'},{'D1'},{'D7'},{'D3'},{'D2'},{'D6'},{'D4'},{'R1'},{'R3'},{'R2'},&,1.0,&
{'D5'},{'D1'},{'D7'},{'D3'},{'D2'},{'D6'},{'D4'},{'R2'},{'R3'},{'R1'},&,1.0,&
{'D5'},{'D1'},{'D7'},{'D3'},{'D2'},{'D6'},{'D4'},{'R3'},{'R2'},{'R1'},&,2.0,&
{'D5'},{'D1'},{'D7'},{'D3'},{'D2'},{'D6'},{'D4'},{'R3'},{'R1'},{'R2'},&,1.0,&
{'D5'},{'D1'},{'D7'},{'D3'},{'D2'},{'D4'},{'R2'},{'D6'},{'R3'},{'R1'},&,1.0,&
{'D5'},{'D1'},{'D7'},{'D3'},{'D2'},{'D4'},{'D6'},{'R1'},{'R2'},{'R3'},&,1.0,&
{'D5'},{'D1'},{'D7'},{'D3'},{'D2'},{'D4'},{'D6'},{'R2'},{'R3'},{'R1'},&,2.0,&
{'D5'},{'D1'},{'D7'},{'D3'},{'D2'},{'D4'},{'D6'},{'R3'},{'R2'},{'R1'},&,1.0,&
{'D5'},{'D1'},{'D7'},{'D3'},{'D2'},{'R3'},{'D4'},{'D6'},{'R1'},{'R2'},&,1.0,&
{'D5'},{'D1'},{'D7'},{'D3'},{'D6'},{'D4'},{'R3'},{'D2'},{'R2'},{'R1'},&,2.0,&
{'D5'},{'D1'},{'D7'},{'D3'},{'D6'},{'D4'},{'R3'},{'D2'},{'R1'},{'R2'},&,3.0,&
{'D5'},{'D1'},{'D7'},{'D3'},{'D6'},{'D4'},{'D2'},{'R1'},{'R3'},{'R2'},&,3.0,&
{'D5'},{'D1'},{'D7'},{'D3'},{'D6'},{'D4'},{'D2'},{'R2'},{'R3'},{'R1'},&,1.0,&
{'D5'},{'D1'},{'D7'},{'D3'},{'D6'},{'D4'},{'D2'},{'R2'},{'R1'},{'R3'},&,4.0,&
{'D5'},{'D1'},{'D7'},{'D3'},{'D6'},{'D4'},{'D2'},{'R3'},{'R2'},{'R1'},&,5.0,&
{'D5'},{'D1'},{'D7'},{'D3'},{'D6'},{'D4'},{'D2'},{'R3'},{'R1'},{'R2'},&,8.0,&
{'D5'},{'D1'},{'D7'},{'D3'},{'D6'},{'D4'},{'R1'},{'D2'},{'R2'},{'R3'},&,1.0,&
{'D5'},{'D1'},{'D7'},{'D3'},{'D6'},{'D4'},{'R1'},{'D2'},{'R3'},{'R2'},&,1.0,&
{'D5'},{'D1'},{'D7'},{'D3'},{'D6'},{'D2'},{'R3'},{'D4'},{'R1'},{'R2'},&,1.0,&
{'D5'},{'D1'},{'D7'},{'D3'},{'D6'},{'D2'},{'D4'},{'R1'},{'R2'},{'R3'},&,1.0,&
{'D5'},{'D1'},{'D7'},{'D3'},{'D6'},{'D2'},{'D4'},{'R1'},{'R3'},{'R2'},&,2.0,&
{'D5'},{'D1'},{'D7'},{'D3'},{'D6'},{'D2'},{'D4'},{'R2'},{'R3'},{'R1'},&,3.0,&
{'D5'},{'D1'},{'D7'},{'D3'},{'D6'},{'D2'},{'D4'},{'R3'},{'R2'},{'R1'},&,3.0,&
{'D5'},{'D1'},{'D7'},{'D3'},{'D6'},{'D2'},{'D4'},{'R3'},{'R1'},{'R2'},&,2.0,&
{'D5'},{'D1'},{'D7'},{'D3'},{'D6'},{'D2'},{'R2'},{'R3'},{'D4'},{'R1'},&,1.0,&
{'D5'},{'D1'},{'D7'},{'D3'},{'D6'},{'D2'},{'R2'},{'D4'},{'R3'},{'R1'},&,1.0,&
{'D5'},{'D1'},{'D7'},{'D3'},{'D6'},{'D2'},{'R1'},{'D4'},{'R3'},{'R2'},&,1.0,&
{'D5'},{'D1'},{'D7'},{'D3'},{'D4'},{'D6'},{'R3'},{'D2'},{'R1'},{'R2'},&,1.0,&
{'D5'},{'D1'},{'D7'},{'D3'},{'D4'},{'D6'},{'R3'},{'R2'},{'D2'},{'R1'},&,1.0,&
{'D5'},{'D1'},{'D7'},{'D3'},{'D4'},{'D6'},{'D2'},{'R1'},{'R3'},{'R2'},&,2.0,&
{'D5'},{'D1'},{'D7'},{'D3'},{'D4'},{'D6'},{'D2'},{'R2'},{'R3'},{'R1'},&,3.0,&
{'D5'},{'D1'},{'D7'},{'D3'},{'D4'},{'D6'},{'D2'},{'R3'},{'R2'},{'R1'},&,2.0,&
{'D5'},{'D1'},{'D7'},{'D3'},{'D4'},{'D6'},{'D2'},{'R3'},{'R1'},{'R2'},&,5.0,&
{'D5'},{'D1'},{'D7'},{'D3'},{'D4'},{'D6'},{'R1'},{'D2'},{'R3'},{'R2'},&,4.0,&
{'D5'},{'D1'},{'D7'},{'D3'},{'D4'},{'D2'},{'R3'},{'D6'},{'R2'},{'R1'},&,1.0,&
{'D5'},{'D1'},{'D7'},{'D3'},{'D4'},{'D2'},{'D6'},{'R1'},{'R3'},{'R2'},&,1.0,&
{'D5'},{'D1'},{'D7'},{'D3'},{'D4'},{'D2'},{'D6'},{'R3'},{'R2'},{'R1'},&,2.0,&
{'D5'},{'D1'},{'D7'},{'D3'},{'D4'},{'R1'},{'D2'},{'R3'},{'D6'},{'R2'},&,1.0,&
{'D5'},{'D1'},{'D7'},{'D3'},{'R1'},{'D4'},{'D6'},{'D2'},{'R3'},{'R2'},&,1.0,&
{'D5'},{'D1'},{'D7'},{'D6'},{'D2'},{'D4'},{'R3'},{'R2'},{'R1'},{'D3'},&,1.0,&
{'D5'},{'D1'},{'D7'},{'D6'},{'D2'},{'D4'},{'D3'},{'R3'},{'R2'},{'R1'},&,1.0,&
{'D5'},{'D1'},{'D7'},{'D6'},{'D2'},{'D4'},{'D3'},{'R3'},{'R1'},{'R2'},&,1.0,&
{'D5'},{'D1'},{'D7'},{'D6'},{'D2'},{'D4'},{'R1'},{'D3'},{'R3'},{'R2'},&,1.0,&
{'D5'},{'D1'},{'D7'},{'D6'},{'D2'},{'D3'},{'R3'},{'R2'},{'D4'},{'R1'},&,1.0,&
{'D5'},{'D1'},{'D7'},{'D6'},{'D2'},{'D3'},{'R3'},{'D4'},{'R2'},{'R1'},&,1.0,&
{'D5'},{'D1'},{'D7'},{'D6'},{'D2'},{'D3'},{'R3'},{'D4'},{'R1'},{'R2'},&,1.0,&
{'D5'},{'D1'},{'D7'},{'D6'},{'D2'},{'D3'},{'D4'},{'R1'},{'R2'},{'R3'},&,1.0,&
{'D5'},{'D1'},{'D7'},{'D6'},{'D2'},{'D3'},{'D4'},{'R1'},{'R3'},{'R2'},&,4.0,&
{'D5'},{'D1'},{'D7'},{'D6'},{'D2'},{'D3'},{'D4'},{'R2'},{'R3'},{'R1'},&,5.0,&
{'D5'},{'D1'},{'D7'},{'D6'},{'D2'},{'D3'},{'D4'},{'R2'},{'R1'},{'R3'},&,1.0,&
{'D5'},{'D1'},{'D7'},{'D6'},{'D2'},{'D3'},{'D4'},{'R3'},{'R1'},{'R2'},&,2.0,&
{'D5'},{'D1'},{'D7'},{'D6'},{'D2'},{'D3'},{'R2'},{'D4'},{'R3'},{'R1'},&,1.0,&
{'D5'},{'D1'},{'D7'},{'D6'},{'D2'},{'D3'},{'R2'},{'D4'},{'R1'},{'R3'},&,1.0,&
{'D5'},{'D1'},{'D7'},{'D6'},{'D3'},{'D4'},{'R3'},{'D2'},{'R2'},{'R1'},&,1.0,&
{'D5'},{'D1'},{'D7'},{'D6'},{'D3'},{'D4'},{'D2'},{'R1'},{'R2'},{'R3'},&,1.0,&
{'D5'},{'D1'},{'D7'},{'D6'},{'D3'},{'D4'},{'D2'},{'R1'},{'R3'},{'R2'},&,5.0,&
{'D5'},{'D1'},{'D7'},{'D6'},{'D3'},{'D4'},{'D2'},{'R2'},{'R3'},{'R1'},&,3.0,&
{'D5'},{'D1'},{'D7'},{'D6'},{'D3'},{'D4'},{'D2'},{'R2'},{'R1'},{'R3'},&,2.0,&
{'D5'},{'D1'},{'D7'},{'D6'},{'D3'},{'D4'},{'D2'},{'R3'},{'R2'},{'R1'},&,6.0,&
{'D5'},{'D1'},{'D7'},{'D6'},{'D3'},{'D4'},{'D2'},{'R3'},{'R1'},{'R2'},&,4.0,&
{'D5'},{'D1'},{'D7'},{'D6'},{'D3'},{'D4'},{'R1'},{'R3'},{'D2'},{'R2'},&,1.0,&
{'D5'},{'D1'},{'D7'},{'D6'},{'D3'},{'D2'},{'R3'},{'R1'},{'D4'},{'R2'},&,1.0,&
{'D5'},{'D1'},{'D7'},{'D6'},{'D3'},{'D2'},{'R3'},{'D4'},{'R2'},{'R1'},&,1.0,&
{'D5'},{'D1'},{'D7'},{'D6'},{'D3'},{'D2'},{'D4'},{'R1'},{'R2'},{'R3'},&,1.0,&
{'D5'},{'D1'},{'D7'},{'D6'},{'D3'},{'D2'},{'D4'},{'R1'},{'R3'},{'R2'},&,4.0,&
{'D5'},{'D1'},{'D7'},{'D6'},{'D3'},{'D2'},{'D4'},{'R2'},{'R3'},{'R1'},&,1.0,&
{'D5'},{'D1'},{'D7'},{'D6'},{'D3'},{'D2'},{'D4'},{'R2'},{'R1'},{'R3'},&,1.0,&
{'D5'},{'D1'},{'D7'},{'D6'},{'D3'},{'D2'},{'D4'},{'R3'},{'R2'},{'R1'},&,5.0,&
{'D5'},{'D1'},{'D7'},{'D6'},{'D3'},{'D2'},{'R1'},{'D4'},{'R3'},{'R2'},&,1.0,&
{'D5'},{'D1'},{'D7'},{'D6'},{'D3'},{'R3'},{'D4'},{'R2'},{'D2'},{'R1'},&,1.0,&
{'D5'},{'D1'},{'D7'},{'D6'},{'D4'},{'D2'},{'R1'},{'R3'},{'D3'},{'R2'},&,1.0,&
{'D5'},{'D1'},{'D7'},{'D6'},{'D4'},{'D3'},{'R3'},{'D2'},{'R2'},{'R1'},&,1.0,&
{'D5'},{'D1'},{'D7'},{'D6'},{'D4'},{'D3'},{'R3'},{'D2'},{'R1'},{'R2'},&,2.0,&
{'D5'},{'D1'},{'D7'},{'D6'},{'D4'},{'D3'},{'R3'},{'R2'},{'D2'},{'R1'},&,1.0,&
{'D5'},{'D1'},{'D7'},{'D6'},{'D4'},{'D3'},{'D2'},{'R1'},{'R2'},{'R3'},&,1.0,&
{'D5'},{'D1'},{'D7'},{'D6'},{'D4'},{'D3'},{'D2'},{'R1'},{'R3'},{'R2'},&,2.0,&
{'D5'},{'D1'},{'D7'},{'D6'},{'D4'},{'D3'},{'D2'},{'R2'},{'R3'},{'R1'},&,1.0,&
{'D5'},{'D1'},{'D7'},{'D6'},{'D4'},{'D3'},{'D2'},{'R3'},{'R2'},{'R1'},&,5.0,&
{'D5'},{'D1'},{'D7'},{'D6'},{'D4'},{'D3'},{'D2'},{'R3'},{'R1'},{'R2'},&,7.0,&
{'D5'},{'D1'},{'D7'},{'D6'},{'D4'},{'D3'},{'R2'},{'D2'},{'R3'},{'R1'},&,1.0,&
{'D5'},{'D1'},{'D7'},{'D6'},{'D4'},{'D3'},{'R1'},{'D2'},{'R3'},{'R2'},&,3.0,&
{'D5'},{'D1'},{'D7'},{'D6'},{'D4'},{'R2'},{'D3'},{'D2'},{'R3'},{'R1'},&,2.0,&
{'D5'},{'D1'},{'D7'},{'D6'},{'D4'},{'R3'},{'D3'},{'D2'},{'R2'},{'R1'},&,1.0,&
{'D5'},{'D1'},{'D7'},{'D6'},{'R3'},{'D3'},{'D4'},{'R1'},{'D2'},{'R2'},&,1.0,&
{'D5'},{'D1'},{'D7'},{'D6'},{'R1'},{'D4'},{'D2'},{'D3'},{'R2'},{'R3'},&,1.0,&
{'D5'},{'D1'},{'D7'},{'D4'},{'D2'},{'D6'},{'D3'},{'R1'},{'R2'},{'R3'},&,1.0,&
{'D5'},{'D1'},{'D7'},{'D4'},{'D2'},{'D6'},{'D3'},{'R3'},{'R1'},{'R2'},&,1.0,&
{'D5'},{'D1'},{'D7'},{'D4'},{'D2'},{'D3'},{'D6'},{'R1'},{'R3'},{'R2'},&,1.0,&
{'D5'},{'D1'},{'D7'},{'D4'},{'D2'},{'D3'},{'D6'},{'R2'},{'R1'},{'R3'},&,1.0,&
{'D5'},{'D1'},{'D7'},{'D4'},{'D2'},{'R1'},{'D6'},{'D3'},{'R3'},{'R2'},&,1.0,&
{'D5'},{'D1'},{'D7'},{'D4'},{'D3'},{'D6'},{'R3'},{'D2'},{'R2'},{'R1'},&,1.0,&
{'D5'},{'D1'},{'D7'},{'D4'},{'D3'},{'D6'},{'D2'},{'R1'},{'R2'},{'R3'},&,1.0,&
{'D5'},{'D1'},{'D7'},{'D4'},{'D3'},{'D6'},{'D2'},{'R2'},{'R1'},{'R3'},&,2.0,&
{'D5'},{'D1'},{'D7'},{'D4'},{'D3'},{'D6'},{'D2'},{'R3'},{'R2'},{'R1'},&,4.0,&
{'D5'},{'D1'},{'D7'},{'D4'},{'D3'},{'D6'},{'D2'},{'R3'},{'R1'},{'R2'},&,4.0,&
{'D5'},{'D1'},{'D7'},{'D4'},{'D3'},{'D6'},{'R1'},{'D2'},{'R3'},{'R2'},&,1.0,&
{'D5'},{'D1'},{'D7'},{'D4'},{'D3'},{'D2'},{'D6'},{'R1'},{'R3'},{'R2'},&,1.0,&
{'D5'},{'D1'},{'D7'},{'D4'},{'D3'},{'D2'},{'D6'},{'R2'},{'R3'},{'R1'},&,1.0,&
{'D5'},{'D1'},{'D7'},{'D4'},{'D3'},{'D2'},{'D6'},{'R3'},{'R2'},{'R1'},&,1.0,&
{'D5'},{'D1'},{'D7'},{'D4'},{'D3'},{'R1'},{'D6'},{'D2'},{'R2'},{'R3'},&,1.0,&
{'D5'},{'D1'},{'D7'},{'D4'},{'D6'},{'D2'},{'D3'},{'R3'},{'R2'},{'R1'},&,1.0,&
{'D5'},{'D1'},{'D7'},{'D4'},{'D6'},{'D2'},{'D3'},{'R3'},{'R1'},{'R2'},&,2.0,&
{'D5'},{'D1'},{'D7'},{'D4'},{'D6'},{'D3'},{'R3'},{'D2'},{'R1'},{'R2'},&,2.0,&
{'D5'},{'D1'},{'D7'},{'D4'},{'D6'},{'D3'},{'D2'},{'R1'},{'R2'},{'R3'},&,1.0,&
{'D5'},{'D1'},{'D7'},{'D4'},{'D6'},{'D3'},{'D2'},{'R1'},{'R3'},{'R2'},&,4.0,&
{'D5'},{'D1'},{'D7'},{'D4'},{'D6'},{'D3'},{'D2'},{'R2'},{'R3'},{'R1'},&,1.0,&
{'D5'},{'D1'},{'D7'},{'D4'},{'D6'},{'D3'},{'D2'},{'R2'},{'R1'},{'R3'},&,1.0,&
{'D5'},{'D1'},{'D7'},{'D4'},{'D6'},{'D3'},{'D2'},{'R3'},{'R2'},{'R1'},&,3.0,&
{'D5'},{'D1'},{'D7'},{'D4'},{'D6'},{'D3'},{'D2'},{'R3'},{'R1'},{'R2'},&,4.0,&
{'D5'},{'D1'},{'D7'},{'D4'},{'D6'},{'D3'},{'R1'},{'D2'},{'R3'},{'R2'},&,1.0,&
{'D5'},{'D1'},{'D7'},{'D4'},{'D6'},{'R1'},{'D3'},{'D2'},{'R3'},{'R2'},&,1.0,&
{'D5'},{'D1'},{'D7'},{'D4'},{'D6'},{'R3'},{'D3'},{'D2'},{'R1'},{'R2'},&,1.0,&
{'D5'},{'D1'},{'D7'},{'D4'},{'R3'},{'D6'},{'D3'},{'R2'},{'D2'},{'R1'},&,1.0,&
{'D5'},{'D1'},{'D7'},{'D4'},{'R3'},{'D3'},{'D6'},{'R2'},{'D2'},{'R1'},&,1.0,&
{'D5'},{'D1'},{'D7'},{'D4'},{'R1'},{'D3'},{'D6'},{'D2'},{'R2'},{'R3'},&,1.0,&
{'D5'},{'D1'},{'D2'},{'D7'},{'D3'},{'D6'},{'R3'},{'R2'},{'D4'},{'R1'},&,1.0,&
{'D5'},{'D1'},{'D2'},{'D7'},{'D3'},{'D6'},{'D4'},{'R1'},{'R2'},{'R3'},&,1.0,&
{'D5'},{'D1'},{'D2'},{'D7'},{'D3'},{'D6'},{'D4'},{'R1'},{'R3'},{'R2'},&,1.0,&
{'D5'},{'D1'},{'D2'},{'D7'},{'D3'},{'D6'},{'D4'},{'R2'},{'R3'},{'R1'},&,1.0,&
{'D5'},{'D1'},{'D2'},{'D7'},{'D3'},{'D6'},{'D4'},{'R3'},{'R2'},{'R1'},&,2.0,&
{'D5'},{'D1'},{'D2'},{'D7'},{'D3'},{'D6'},{'D4'},{'R3'},{'R1'},{'R2'},&,1.0,&
{'D5'},{'D1'},{'D2'},{'D7'},{'D3'},{'D4'},{'D6'},{'R3'},{'R1'},{'R2'},&,1.0,&
{'D5'},{'D1'},{'D2'},{'D7'},{'D3'},{'D4'},{'R1'},{'R3'},{'D6'},{'R2'},&,1.0,&
{'D5'},{'D1'},{'D2'},{'D7'},{'D6'},{'D4'},{'D3'},{'R2'},{'R3'},{'R1'},&,1.0,&
{'D5'},{'D1'},{'D2'},{'D7'},{'D6'},{'D4'},{'D3'},{'R3'},{'R2'},{'R1'},&,1.0,&
{'D5'},{'D1'},{'D2'},{'D7'},{'D6'},{'D4'},{'D3'},{'R3'},{'R1'},{'R2'},&,3.0,&
{'D5'},{'D1'},{'D2'},{'D7'},{'D6'},{'D3'},{'D4'},{'R1'},{'R3'},{'R2'},&,1.0,&
{'D5'},{'D1'},{'D2'},{'D7'},{'D6'},{'D3'},{'D4'},{'R2'},{'R1'},{'R3'},&,1.0,&
{'D5'},{'D1'},{'D2'},{'D7'},{'D6'},{'D3'},{'D4'},{'R3'},{'R1'},{'R2'},&,2.0,&
{'D5'},{'D1'},{'D2'},{'D7'},{'D6'},{'R1'},{'D3'},{'R2'},{'D4'},{'R3'},&,1.0,&
{'D5'},{'D1'},{'D2'},{'D7'},{'D4'},{'D6'},{'R3'},{'D3'},{'R1'},{'R2'},&,1.0,&
{'D5'},{'D1'},{'D2'},{'D7'},{'D4'},{'D3'},{'R3'},{'R2'},{'D6'},{'R1'},&,1.0,&
{'D5'},{'D1'},{'D2'},{'D7'},{'D4'},{'D3'},{'D6'},{'R3'},{'R1'},{'R2'},&,4.0,&
{'D5'},{'D1'},{'D2'},{'D7'},{'D4'},{'R1'},{'D6'},{'D3'},{'R3'},{'R2'},&,1.0,&
{'D5'},{'D1'},{'D2'},{'D7'},{'D4'},{'R3'},{'D6'},{'D3'},{'R1'},{'R2'},&,1.0,&
{'D5'},{'D1'},{'D2'},{'D7'},{'D4'},{'R3'},{'D3'},{'D6'},{'R2'},{'R1'},&,1.0,&
{'D5'},{'D1'},{'D2'},{'D3'},{'D7'},{'D6'},{'D4'},{'R1'},{'R3'},{'R2'},&,1.0,&
{'D5'},{'D1'},{'D2'},{'D3'},{'D7'},{'D6'},{'D4'},{'R2'},{'R3'},{'R1'},&,3.0,&
{'D5'},{'D1'},{'D2'},{'D3'},{'D7'},{'D6'},{'D4'},{'R3'},{'R2'},{'R1'},&,1.0,&
{'D5'},{'D1'},{'D2'},{'D3'},{'D7'},{'D6'},{'D4'},{'R3'},{'R1'},{'R2'},&,3.0,&
{'D5'},{'D1'},{'D2'},{'D3'},{'D7'},{'D6'},{'R2'},{'R3'},{'R1'},{'D4'},&,1.0,&
{'D5'},{'D1'},{'D2'},{'D3'},{'D7'},{'D4'},{'D6'},{'R2'},{'R1'},{'R3'},&,1.0,&
{'D5'},{'D1'},{'D2'},{'D3'},{'D6'},{'D4'},{'R3'},{'R1'},{'R2'},{'D7'},&,1.0,&
{'D5'},{'D1'},{'D2'},{'D3'},{'D6'},{'D4'},{'R2'},{'D7'},{'R1'},{'R3'},&,1.0,&
{'D5'},{'D1'},{'D2'},{'D3'},{'D6'},{'D4'},{'D7'},{'R1'},{'R3'},{'R2'},&,2.0,&
{'D5'},{'D1'},{'D2'},{'D3'},{'D6'},{'D4'},{'D7'},{'R2'},{'R3'},{'R1'},&,2.0,&
{'D5'},{'D1'},{'D2'},{'D3'},{'D6'},{'D4'},{'D7'},{'R3'},{'R2'},{'R1'},&,1.0,&
{'D5'},{'D1'},{'D2'},{'D3'},{'D6'},{'D4'},{'D7'},{'R3'},{'R1'},{'R2'},&,1.0,&
{'D5'},{'D1'},{'D2'},{'D3'},{'D6'},{'D4'},{'R1'},{'D7'},{'R3'},{'R2'},&,1.0,&
{'D5'},{'D1'},{'D2'},{'D3'},{'D6'},{'D7'},{'R3'},{'R1'},{'D4'},{'R2'},&,1.0,&
{'D5'},{'D1'},{'D2'},{'D3'},{'D6'},{'D7'},{'D4'},{'R1'},{'R2'},{'R3'},&,2.0,&
{'D5'},{'D1'},{'D2'},{'D3'},{'D6'},{'D7'},{'D4'},{'R2'},{'R3'},{'R1'},&,5.0,&
{'D5'},{'D1'},{'D2'},{'D3'},{'D6'},{'D7'},{'D4'},{'R2'},{'R1'},{'R3'},&,3.0,&
{'D5'},{'D1'},{'D2'},{'D3'},{'D6'},{'D7'},{'D4'},{'R3'},{'R2'},{'R1'},&,2.0,&
{'D5'},{'D1'},{'D2'},{'D3'},{'D6'},{'D7'},{'D4'},{'R3'},{'R1'},{'R2'},&,1.0,&
{'D5'},{'D1'},{'D2'},{'D3'},{'D6'},{'D7'},{'R2'},{'R1'},{'D4'},{'R3'},&,1.0,&
{'D5'},{'D1'},{'D2'},{'D3'},{'D4'},{'D6'},{'R3'},{'D7'},{'R1'},{'R2'},&,1.0,&
{'D5'},{'D1'},{'D2'},{'D3'},{'D4'},{'D6'},{'D7'},{'R1'},{'R3'},{'R2'},&,2.0,&
{'D5'},{'D1'},{'D2'},{'D3'},{'D4'},{'D6'},{'D7'},{'R3'},{'R2'},{'R1'},&,1.0,&
{'D5'},{'D1'},{'D2'},{'D3'},{'D4'},{'D6'},{'R1'},{'D7'},{'R3'},{'R2'},&,1.0,&
{'D5'},{'D1'},{'D2'},{'D3'},{'D4'},{'D7'},{'R3'},{'D6'},{'R1'},{'R2'},&,1.0,&
{'D5'},{'D1'},{'D2'},{'D3'},{'D4'},{'D7'},{'D6'},{'R2'},{'R1'},{'R3'},&,1.0,&
{'D5'},{'D1'},{'D2'},{'D3'},{'D4'},{'D7'},{'D6'},{'R3'},{'R2'},{'R1'},&,1.0,&
{'D5'},{'D1'},{'D2'},{'D3'},{'D4'},{'D7'},{'R1'},{'R3'},{'D6'},{'R2'},&,1.0,&
{'D5'},{'D1'},{'D2'},{'D3'},{'D4'},{'R3'},{'D6'},{'R2'},{'D7'},{'R1'},&,1.0,&
{'D5'},{'D1'},{'D2'},{'D3'},{'R2'},{'D4'},{'D6'},{'R3'},{'D7'},{'R1'},&,1.0,&
{'D5'},{'D1'},{'D2'},{'D6'},{'D7'},{'D4'},{'R3'},{'R1'},{'D3'},{'R2'},&,1.0,&
{'D5'},{'D1'},{'D2'},{'D6'},{'D7'},{'D4'},{'D3'},{'R3'},{'R2'},{'R1'},&,1.0,&
{'D5'},{'D1'},{'D2'},{'D6'},{'D7'},{'D4'},{'R1'},{'D3'},{'R3'},{'R2'},&,2.0,&
{'D5'},{'D1'},{'D2'},{'D6'},{'D7'},{'D3'},{'R3'},{'R2'},{'D4'},{'R1'},&,1.0,&
{'D5'},{'D1'},{'D2'},{'D6'},{'D7'},{'D3'},{'R3'},{'D4'},{'R2'},{'R1'},&,1.0,&
{'D5'},{'D1'},{'D2'},{'D6'},{'D7'},{'D3'},{'R3'},{'D4'},{'R1'},{'R2'},&,1.0,&
{'D5'},{'D1'},{'D2'},{'D6'},{'D7'},{'D3'},{'D4'},{'R2'},{'R3'},{'R1'},&,1.0,&
{'D5'},{'D1'},{'D2'},{'D6'},{'D7'},{'D3'},{'D4'},{'R2'},{'R1'},{'R3'},&,1.0,&
{'D5'},{'D1'},{'D2'},{'D6'},{'D7'},{'D3'},{'D4'},{'R3'},{'R2'},{'R1'},&,1.0,&
{'D5'},{'D1'},{'D2'},{'D6'},{'D7'},{'D3'},{'D4'},{'R3'},{'R1'},{'R2'},&,3.0,&
{'D5'},{'D1'},{'D2'},{'D6'},{'D7'},{'D3'},{'R2'},{'D4'},{'R3'},{'R1'},&,1.0,&
{'D5'},{'D1'},{'D2'},{'D6'},{'D3'},{'D4'},{'R3'},{'D7'},{'R2'},{'R1'},&,1.0,&
{'D5'},{'D1'},{'D2'},{'D6'},{'D3'},{'D4'},{'R2'},{'R1'},{'D7'},{'R3'},&,1.0,&
{'D5'},{'D1'},{'D2'},{'D6'},{'D3'},{'D4'},{'D7'},{'R1'},{'R2'},{'R3'},&,3.0,&
{'D5'},{'D1'},{'D2'},{'D6'},{'D3'},{'D4'},{'D7'},{'R1'},{'R3'},{'R2'},&,3.0,&
{'D5'},{'D1'},{'D2'},{'D6'},{'D3'},{'D4'},{'D7'},{'R2'},{'R1'},{'R3'},&,2.0,&
{'D5'},{'D1'},{'D2'},{'D6'},{'D3'},{'D4'},{'D7'},{'R3'},{'R2'},{'R1'},&,2.0,&
{'D5'},{'D1'},{'D2'},{'D6'},{'D3'},{'D4'},{'D7'},{'R3'},{'R1'},{'R2'},&,4.0,&
{'D5'},{'D1'},{'D2'},{'D6'},{'D3'},{'D4'},{'R1'},{'R3'},{'D7'},{'R2'},&,1.0,&
{'D5'},{'D1'},{'D2'},{'D6'},{'D3'},{'D7'},{'R3'},{'D4'},{'R2'},{'R1'},&,3.0,&
{'D5'},{'D1'},{'D2'},{'D6'},{'D3'},{'D7'},{'D4'},{'R1'},{'R2'},{'R3'},&,1.0,&
{'D5'},{'D1'},{'D2'},{'D6'},{'D3'},{'D7'},{'D4'},{'R1'},{'R3'},{'R2'},&,7.0,&
{'D5'},{'D1'},{'D2'},{'D6'},{'D3'},{'D7'},{'D4'},{'R2'},{'R1'},{'R3'},&,1.0,&
{'D5'},{'D1'},{'D2'},{'D6'},{'D3'},{'D7'},{'D4'},{'R3'},{'R2'},{'R1'},&,7.0,&
{'D5'},{'D1'},{'D2'},{'D6'},{'D3'},{'D7'},{'D4'},{'R3'},{'R1'},{'R2'},&,1.0,&
{'D5'},{'D1'},{'D2'},{'D6'},{'D3'},{'R3'},{'D7'},{'R2'},{'R1'},{'D4'},&,1.0,&
{'D5'},{'D1'},{'D2'},{'D6'},{'D4'},{'D7'},{'R3'},{'D3'},{'R2'},{'R1'},&,1.0,&
{'D5'},{'D1'},{'D2'},{'D6'},{'D4'},{'D3'},{'R3'},{'R1'},{'D7'},{'R2'},&,1.0,&
{'D5'},{'D1'},{'D2'},{'D6'},{'D4'},{'D3'},{'R3'},{'D7'},{'R1'},{'R2'},&,1.0,&
{'D5'},{'D1'},{'D2'},{'D6'},{'D4'},{'D3'},{'D7'},{'R1'},{'R3'},{'R2'},&,1.0,&
{'D5'},{'D1'},{'D2'},{'D6'},{'D4'},{'D3'},{'D7'},{'R2'},{'R3'},{'R1'},&,2.0,&
{'D5'},{'D1'},{'D2'},{'D6'},{'R3'},{'D3'},{'D4'},{'D7'},{'R1'},{'R2'},&,1.0,&
{'D5'},{'D1'},{'D2'},{'D4'},{'D7'},{'D6'},{'R3'},{'R2'},{'D3'},{'R1'},&,1.0,&
{'D5'},{'D1'},{'D2'},{'D4'},{'D7'},{'D6'},{'D3'},{'R2'},{'R3'},{'R1'},&,1.0,&
{'D5'},{'D1'},{'D2'},{'D4'},{'D7'},{'D3'},{'R3'},{'R1'},{'D6'},{'R2'},&,1.0,&
{'D5'},{'D1'},{'D2'},{'D4'},{'D7'},{'D3'},{'D6'},{'R1'},{'R3'},{'R2'},&,1.0,&
{'D5'},{'D1'},{'D2'},{'D4'},{'D7'},{'D3'},{'D6'},{'R2'},{'R3'},{'R1'},&,1.0,&
{'D5'},{'D1'},{'D2'},{'D4'},{'D3'},{'D6'},{'R2'},{'D7'},{'R3'},{'R1'},&,1.0,&
{'D5'},{'D1'},{'D2'},{'D4'},{'D3'},{'D6'},{'D7'},{'R2'},{'R3'},{'R1'},&,1.0,&
{'D5'},{'D1'},{'D2'},{'D4'},{'D3'},{'D6'},{'D7'},{'R3'},{'R1'},{'R2'},&,2.0,&
{'D5'},{'D1'},{'D2'},{'D4'},{'D3'},{'D6'},{'R1'},{'D7'},{'R3'},{'R2'},&,1.0,&
{'D5'},{'D1'},{'D2'},{'D4'},{'D3'},{'D7'},{'D6'},{'R3'},{'R2'},{'R1'},&,2.0,&
{'D5'},{'D1'},{'D2'},{'D4'},{'D6'},{'D7'},{'R3'},{'R1'},{'D3'},{'R2'},&,2.0,&
{'D5'},{'D1'},{'D2'},{'D4'},{'D6'},{'D7'},{'D3'},{'R2'},{'R3'},{'R1'},&,1.0,&
{'D5'},{'D1'},{'D2'},{'D4'},{'D6'},{'D7'},{'D3'},{'R3'},{'R1'},{'R2'},&,2.0,&
{'D5'},{'D1'},{'D2'},{'D4'},{'D6'},{'D3'},{'R2'},{'D7'},{'R3'},{'R1'},&,1.0,&
{'D5'},{'D1'},{'D2'},{'D4'},{'D6'},{'D3'},{'D7'},{'R1'},{'R3'},{'R2'},&,2.0,&
{'D5'},{'D1'},{'D2'},{'D4'},{'D6'},{'D3'},{'D7'},{'R3'},{'R2'},{'R1'},&,1.0,&
{'D5'},{'D1'},{'D2'},{'D4'},{'D6'},{'D3'},{'R1'},{'D7'},{'R3'},{'R2'},&,1.0,&
{'D5'},{'D1'},{'D2'},{'D4'},{'D6'},{'R3'},{'D7'},{'D3'},{'R1'},{'R2'},&,1.0,&
{'D5'},{'D6'},{'D4'},{'D7'},{'D1'},{'D2'},{'R3'},{'R1'},{'D3'},{'R2'},&,2.0,&
{'D5'},{'D6'},{'D4'},{'D7'},{'D1'},{'D2'},{'R3'},{'D3'},{'R2'},{'R1'},&,1.0,&
{'D5'},{'D6'},{'D4'},{'D7'},{'D1'},{'D2'},{'D3'},{'R1'},{'R2'},{'R3'},&,1.0,&
{'D5'},{'D6'},{'D4'},{'D7'},{'D1'},{'D2'},{'D3'},{'R1'},{'R3'},{'R2'},&,1.0,&
{'D5'},{'D6'},{'D4'},{'D7'},{'D1'},{'D2'},{'D3'},{'R3'},{'R2'},{'R1'},&,2.0,&
{'D5'},{'D6'},{'D4'},{'D7'},{'D1'},{'D2'},{'D3'},{'R3'},{'R1'},{'R2'},&,2.0,&
{'D5'},{'D6'},{'D4'},{'D7'},{'D1'},{'D2'},{'R1'},{'D3'},{'R2'},{'R3'},&,2.0,&
{'D5'},{'D6'},{'D4'},{'D7'},{'D1'},{'D3'},{'R3'},{'D2'},{'R2'},{'R1'},&,1.0,&
{'D5'},{'D6'},{'D4'},{'D7'},{'D1'},{'D3'},{'R3'},{'D2'},{'R1'},{'R2'},&,2.0,&
{'D5'},{'D6'},{'D4'},{'D7'},{'D1'},{'D3'},{'R3'},{'R1'},{'D2'},{'R2'},&,1.0,&
{'D5'},{'D6'},{'D4'},{'D7'},{'D1'},{'D3'},{'D2'},{'R1'},{'R2'},{'R3'},&,1.0,&
{'D5'},{'D6'},{'D4'},{'D7'},{'D1'},{'D3'},{'D2'},{'R1'},{'R3'},{'R2'},&,6.0,&
{'D5'},{'D6'},{'D4'},{'D7'},{'D1'},{'D3'},{'D2'},{'R2'},{'R3'},{'R1'},&,5.0,&
{'D5'},{'D6'},{'D4'},{'D7'},{'D1'},{'D3'},{'D2'},{'R2'},{'R1'},{'R3'},&,5.0,&
{'D5'},{'D6'},{'D4'},{'D7'},{'D1'},{'D3'},{'D2'},{'R3'},{'R2'},{'R1'},&,4.0,&
{'D5'},{'D6'},{'D4'},{'D7'},{'D1'},{'D3'},{'D2'},{'R3'},{'R1'},{'R2'},&,4.0,&
{'D5'},{'D6'},{'D4'},{'D7'},{'D1'},{'D3'},{'R2'},{'D2'},{'R1'},{'R3'},&,1.0,&
{'D5'},{'D6'},{'D4'},{'D7'},{'D1'},{'D3'},{'R2'},{'R3'},{'R1'},{'D2'},&,1.0,&
{'D5'},{'D6'},{'D4'},{'D7'},{'D1'},{'D3'},{'R1'},{'D2'},{'R3'},{'R2'},&,1.0,&
{'D5'},{'D6'},{'D4'},{'D7'},{'D1'},{'R2'},{'D2'},{'D3'},{'R1'},{'R3'},&,1.0,&
{'D5'},{'D6'},{'D4'},{'D7'},{'D1'},{'R1'},{'D3'},{'D2'},{'R3'},{'R2'},&,1.0,&
{'D5'},{'D6'},{'D4'},{'D7'},{'D1'},{'R3'},{'D3'},{'D2'},{'R2'},{'R1'},&,1.0,&
{'D5'},{'D6'},{'D4'},{'D7'},{'D2'},{'D1'},{'R3'},{'D3'},{'R2'},{'R1'},&,1.0,&
{'D5'},{'D6'},{'D4'},{'D7'},{'D2'},{'D1'},{'R3'},{'D3'},{'R1'},{'R2'},&,2.0,&
{'D5'},{'D6'},{'D4'},{'D7'},{'D2'},{'D1'},{'D3'},{'R1'},{'R3'},{'R2'},&,1.0,&
{'D5'},{'D6'},{'D4'},{'D7'},{'D2'},{'D1'},{'D3'},{'R2'},{'R3'},{'R1'},&,5.0,&
{'D5'},{'D6'},{'D4'},{'D7'},{'D2'},{'D1'},{'D3'},{'R3'},{'R2'},{'R1'},&,1.0,&
{'D5'},{'D6'},{'D4'},{'D7'},{'D2'},{'D1'},{'D3'},{'R3'},{'R1'},{'R2'},&,4.0,&
{'D5'},{'D6'},{'D4'},{'D7'},{'D2'},{'D1'},{'R1'},{'R3'},{'R2'},{'D3'},&,1.0,&
{'D5'},{'D6'},{'D4'},{'D7'},{'D2'},{'D3'},{'R3'},{'R2'},{'R1'},{'D1'},&,1.0,&
{'D5'},{'D6'},{'D4'},{'D7'},{'D2'},{'D3'},{'R3'},{'D1'},{'R2'},{'R1'},&,2.0,&
{'D5'},{'D6'},{'D4'},{'D7'},{'D2'},{'D3'},{'D1'},{'R1'},{'R2'},{'R3'},&,1.0,&
{'D5'},{'D6'},{'D4'},{'D7'},{'D2'},{'D3'},{'D1'},{'R1'},{'R3'},{'R2'},&,4.0,&
{'D5'},{'D6'},{'D4'},{'D7'},{'D2'},{'D3'},{'D1'},{'R2'},{'R1'},{'R3'},&,4.0,&
{'D5'},{'D6'},{'D4'},{'D7'},{'D2'},{'D3'},{'D1'},{'R3'},{'R2'},{'R1'},&,7.0,&
{'D5'},{'D6'},{'D4'},{'D7'},{'D2'},{'D3'},{'D1'},{'R3'},{'R1'},{'R2'},&,5.0,&
{'D5'},{'D6'},{'D4'},{'D7'},{'D2'},{'D3'},{'R2'},{'D1'},{'R1'},{'R3'},&,1.0,&
{'D5'},{'D6'},{'D4'},{'D7'},{'D2'},{'D3'},{'R1'},{'D1'},{'R2'},{'R3'},&,1.0,&
{'D5'},{'D6'},{'D4'},{'D7'},{'D2'},{'D3'},{'R1'},{'D1'},{'R3'},{'R2'},&,1.0,&
{'D5'},{'D6'},{'D4'},{'D7'},{'D2'},{'R1'},{'D1'},{'D3'},{'R3'},{'R2'},&,1.0,&
{'D5'},{'D6'},{'D4'},{'D7'},{'D3'},{'D1'},{'R3'},{'D2'},{'R2'},{'R1'},&,1.0,&
{'D5'},{'D6'},{'D4'},{'D7'},{'D3'},{'D1'},{'R3'},{'D2'},{'R1'},{'R2'},&,8.0,&
{'D5'},{'D6'},{'D4'},{'D7'},{'D3'},{'D1'},{'R3'},{'R1'},{'D2'},{'R2'},&,2.0,&
{'D5'},{'D6'},{'D4'},{'D7'},{'D3'},{'D1'},{'D2'},{'R1'},{'R2'},{'R3'},&,4.0,&
{'D5'},{'D6'},{'D4'},{'D7'},{'D3'},{'D1'},{'D2'},{'R1'},{'R3'},{'R2'},&,12.0,&
{'D5'},{'D6'},{'D4'},{'D7'},{'D3'},{'D1'},{'D2'},{'R2'},{'R3'},{'R1'},&,7.0,&
{'D5'},{'D6'},{'D4'},{'D7'},{'D3'},{'D1'},{'D2'},{'R2'},{'R1'},{'R3'},&,3.0,&
{'D5'},{'D6'},{'D4'},{'D7'},{'D3'},{'D1'},{'D2'},{'R3'},{'R2'},{'R1'},&,14.0,&
{'D5'},{'D6'},{'D4'},{'D7'},{'D3'},{'D1'},{'D2'},{'R3'},{'R1'},{'R2'},&,13.0,&
{'D5'},{'D6'},{'D4'},{'D7'},{'D3'},{'D1'},{'R2'},{'D2'},{'R3'},{'R1'},&,2.0,&
{'D5'},{'D6'},{'D4'},{'D7'},{'D3'},{'D1'},{'R2'},{'D2'},{'R1'},{'R3'},&,1.0,&
{'D5'},{'D6'},{'D4'},{'D7'},{'D3'},{'D1'},{'R2'},{'R3'},{'D2'},{'R1'},&,1.0,&
{'D5'},{'D6'},{'D4'},{'D7'},{'D3'},{'D1'},{'R1'},{'D2'},{'R3'},{'R2'},&,2.0,&
{'D5'},{'D6'},{'D4'},{'D7'},{'D3'},{'D1'},{'R1'},{'R2'},{'D2'},{'R3'},&,1.0,&
{'D5'},{'D6'},{'D4'},{'D7'},{'D3'},{'D2'},{'R3'},{'R1'},{'D1'},{'R2'},&,1.0,&
{'D5'},{'D6'},{'D4'},{'D7'},{'D3'},{'D2'},{'R3'},{'D1'},{'R2'},{'R1'},&,6.0,&
{'D5'},{'D6'},{'D4'},{'D7'},{'D3'},{'D2'},{'R3'},{'D1'},{'R1'},{'R2'},&,6.0,&
{'D5'},{'D6'},{'D4'},{'D7'},{'D3'},{'D2'},{'D1'},{'R1'},{'R2'},{'R3'},&,1.0,&
{'D5'},{'D6'},{'D4'},{'D7'},{'D3'},{'D2'},{'D1'},{'R1'},{'R3'},{'R2'},&,14.0,&
{'D5'},{'D6'},{'D4'},{'D7'},{'D3'},{'D2'},{'D1'},{'R2'},{'R3'},{'R1'},&,9.0,&
{'D5'},{'D6'},{'D4'},{'D7'},{'D3'},{'D2'},{'D1'},{'R2'},{'R1'},{'R3'},&,5.0,&
{'D5'},{'D6'},{'D4'},{'D7'},{'D3'},{'D2'},{'D1'},{'R3'},{'R2'},{'R1'},&,11.0,&
{'D5'},{'D6'},{'D4'},{'D7'},{'D3'},{'D2'},{'D1'},{'R3'},{'R1'},{'R2'},&,14.0,&
{'D5'},{'D6'},{'D4'},{'D7'},{'D3'},{'D2'},{'R2'},{'D1'},{'R3'},{'R1'},&,1.0,&
{'D5'},{'D6'},{'D4'},{'D7'},{'D3'},{'D2'},{'R2'},{'D1'},{'R1'},{'R3'},&,1.0,&
{'D5'},{'D6'},{'D4'},{'D7'},{'D3'},{'D2'},{'R1'},{'R3'},{'D1'},{'R2'},&,2.0,&
{'D5'},{'D6'},{'D4'},{'D7'},{'D3'},{'D2'},{'R1'},{'D1'},{'R2'},{'R3'},&,2.0,&
{'D5'},{'D6'},{'D4'},{'D7'},{'D3'},{'D2'},{'R1'},{'D1'},{'R3'},{'R2'},&,4.0,&
{'D5'},{'D6'},{'D4'},{'D7'},{'D3'},{'R2'},{'D1'},{'D2'},{'R3'},{'R1'},&,1.0,&
{'D5'},{'D6'},{'D4'},{'D7'},{'D3'},{'R1'},{'D2'},{'D1'},{'R2'},{'R3'},&,1.0,&
{'D5'},{'D6'},{'D4'},{'D7'},{'D3'},{'R1'},{'D2'},{'D1'},{'R3'},{'R2'},&,1.0,&
{'D5'},{'D6'},{'D4'},{'D7'},{'D3'},{'R1'},{'D1'},{'R3'},{'D2'},{'R2'},&,1.0,&
{'D5'},{'D6'},{'D4'},{'D7'},{'D3'},{'R3'},{'D2'},{'R1'},{'R2'},{'D1'},&,1.0,&
{'D5'},{'D6'},{'D4'},{'D7'},{'D3'},{'R3'},{'D2'},{'R2'},{'R1'},{'D1'},&,1.0,&
{'D5'},{'D6'},{'D4'},{'D7'},{'D3'},{'R3'},{'D2'},{'R2'},{'D1'},{'R1'},&,1.0,&
{'D5'},{'D6'},{'D4'},{'D7'},{'D3'},{'R3'},{'D2'},{'D1'},{'R2'},{'R1'},&,2.0,&
{'D5'},{'D6'},{'D4'},{'D7'},{'D3'},{'R3'},{'D2'},{'D1'},{'R1'},{'R2'},&,1.0,&
{'D5'},{'D6'},{'D4'},{'D7'},{'D3'},{'R3'},{'D1'},{'D2'},{'R2'},{'R1'},&,1.0,&
{'D5'},{'D6'},{'D4'},{'D7'},{'D3'},{'R3'},{'R2'},{'D1'},{'D2'},{'R1'},&,1.0,&
{'D5'},{'D6'},{'D4'},{'D7'},{'R3'},{'D1'},{'D3'},{'D2'},{'R2'},{'R1'},&,1.0,&
{'D5'},{'D6'},{'D4'},{'D7'},{'R3'},{'D1'},{'D3'},{'R1'},{'D2'},{'R2'},&,1.0,&
{'D5'},{'D6'},{'D4'},{'D7'},{'R3'},{'D3'},{'D1'},{'D2'},{'R2'},{'R1'},&,1.0,&
{'D5'},{'D6'},{'D4'},{'D7'},{'R2'},{'D3'},{'D2'},{'D1'},{'R3'},{'R1'},&,1.0,&
{'D5'},{'D6'},{'D4'},{'D7'},{'R1'},{'D3'},{'D2'},{'D1'},{'R3'},{'R2'},&,1.0,&
{'D5'},{'D6'},{'D4'},{'D1'},{'D7'},{'D2'},{'R2'},{'D3'},{'R1'},{'R3'},&,1.0,&
{'D5'},{'D6'},{'D4'},{'D1'},{'D7'},{'D2'},{'D3'},{'R1'},{'R2'},{'R3'},&,2.0,&
{'D5'},{'D6'},{'D4'},{'D1'},{'D7'},{'D2'},{'D3'},{'R1'},{'R3'},{'R2'},&,1.0,&
{'D5'},{'D6'},{'D4'},{'D1'},{'D7'},{'D2'},{'D3'},{'R2'},{'R3'},{'R1'},&,2.0,&
{'D5'},{'D6'},{'D4'},{'D1'},{'D7'},{'D2'},{'D3'},{'R3'},{'R2'},{'R1'},&,3.0,&
{'D5'},{'D6'},{'D4'},{'D1'},{'D7'},{'D2'},{'D3'},{'R3'},{'R1'},{'R2'},&,2.0,&
{'D5'},{'D6'},{'D4'},{'D1'},{'D7'},{'D2'},{'R1'},{'R3'},{'D3'},{'R2'},&,1.0,&
{'D5'},{'D6'},{'D4'},{'D1'},{'D7'},{'D3'},{'R3'},{'D2'},{'R2'},{'R1'},&,1.0,&
{'D5'},{'D6'},{'D4'},{'D1'},{'D7'},{'D3'},{'R3'},{'D2'},{'R1'},{'R2'},&,2.0,&
{'D5'},{'D6'},{'D4'},{'D1'},{'D7'},{'D3'},{'D2'},{'R1'},{'R2'},{'R3'},&,3.0,&
{'D5'},{'D6'},{'D4'},{'D1'},{'D7'},{'D3'},{'D2'},{'R1'},{'R3'},{'R2'},&,3.0,&
{'D5'},{'D6'},{'D4'},{'D1'},{'D7'},{'D3'},{'D2'},{'R2'},{'R3'},{'R1'},&,5.0,&
{'D5'},{'D6'},{'D4'},{'D1'},{'D7'},{'D3'},{'D2'},{'R2'},{'R1'},{'R3'},&,2.0,&
{'D5'},{'D6'},{'D4'},{'D1'},{'D7'},{'D3'},{'D2'},{'R3'},{'R2'},{'R1'},&,4.0,&
{'D5'},{'D6'},{'D4'},{'D1'},{'D7'},{'D3'},{'D2'},{'R3'},{'R1'},{'R2'},&,11.0,&
{'D5'},{'D6'},{'D4'},{'D1'},{'D7'},{'D3'},{'R2'},{'D2'},{'R3'},{'R1'},&,1.0,&
{'D5'},{'D6'},{'D4'},{'D1'},{'D7'},{'D3'},{'R2'},{'D2'},{'R1'},{'R3'},&,1.0,&
{'D5'},{'D6'},{'D4'},{'D1'},{'D7'},{'D3'},{'R1'},{'D2'},{'R2'},{'R3'},&,1.0,&
{'D5'},{'D6'},{'D4'},{'D1'},{'D7'},{'R2'},{'D3'},{'D2'},{'R3'},{'R1'},&,1.0,&
{'D5'},{'D6'},{'D4'},{'D1'},{'D7'},{'R1'},{'D3'},{'D2'},{'R3'},{'R2'},&,1.0,&
{'D5'},{'D6'},{'D4'},{'D1'},{'D7'},{'R3'},{'D3'},{'D2'},{'R2'},{'R1'},&,1.0,&
{'D5'},{'D6'},{'D4'},{'D1'},{'D7'},{'R3'},{'D3'},{'D2'},{'R1'},{'R2'},&,1.0,&
{'D5'},{'D6'},{'D4'},{'D1'},{'D7'},{'R3'},{'D3'},{'R2'},{'R1'},{'D2'},&,1.0,&
{'D5'},{'D6'},{'D4'},{'D1'},{'D2'},{'D7'},{'R3'},{'R1'},{'D3'},{'R2'},&,1.0,&
{'D5'},{'D6'},{'D4'},{'D1'},{'D2'},{'D7'},{'R3'},{'R2'},{'D3'},{'R1'},&,1.0,&
{'D5'},{'D6'},{'D4'},{'D1'},{'D2'},{'D7'},{'R3'},{'D3'},{'R2'},{'R1'},&,1.0,&
{'D5'},{'D6'},{'D4'},{'D1'},{'D2'},{'D7'},{'R3'},{'D3'},{'R1'},{'R2'},&,1.0,&
{'D5'},{'D6'},{'D4'},{'D1'},{'D2'},{'D7'},{'D3'},{'R2'},{'R3'},{'R1'},&,1.0,&
{'D5'},{'D6'},{'D4'},{'D1'},{'D2'},{'D7'},{'D3'},{'R2'},{'R1'},{'R3'},&,1.0,&
{'D5'},{'D6'},{'D4'},{'D1'},{'D2'},{'D7'},{'D3'},{'R3'},{'R2'},{'R1'},&,2.0,&
{'D5'},{'D6'},{'D4'},{'D1'},{'D2'},{'D7'},{'D3'},{'R3'},{'R1'},{'R2'},&,3.0,&
{'D5'},{'D6'},{'D4'},{'D1'},{'D2'},{'D3'},{'R3'},{'R1'},{'D7'},{'R2'},&,1.0,&
{'D5'},{'D6'},{'D4'},{'D1'},{'D2'},{'D3'},{'R3'},{'D7'},{'R1'},{'R2'},&,1.0,&
{'D5'},{'D6'},{'D4'},{'D1'},{'D2'},{'D3'},{'R2'},{'D7'},{'R1'},{'R3'},&,1.0,&
{'D5'},{'D6'},{'D4'},{'D1'},{'D2'},{'D3'},{'D7'},{'R1'},{'R3'},{'R2'},&,4.0,&
{'D5'},{'D6'},{'D4'},{'D1'},{'D2'},{'D3'},{'D7'},{'R3'},{'R2'},{'R1'},&,2.0,&
{'D5'},{'D6'},{'D4'},{'D1'},{'D2'},{'D3'},{'R1'},{'R3'},{'D7'},{'R2'},&,1.0,&
{'D5'},{'D6'},{'D4'},{'D1'},{'D3'},{'D7'},{'R3'},{'D2'},{'R2'},{'R1'},&,2.0,&
{'D5'},{'D6'},{'D4'},{'D1'},{'D3'},{'D7'},{'R3'},{'R1'},{'D2'},{'R2'},&,2.0,&
{'D5'},{'D6'},{'D4'},{'D1'},{'D3'},{'D7'},{'R3'},{'R2'},{'D2'},{'R1'},&,2.0,&
{'D5'},{'D6'},{'D4'},{'D1'},{'D3'},{'D7'},{'D2'},{'R1'},{'R2'},{'R3'},&,4.0,&
{'D5'},{'D6'},{'D4'},{'D1'},{'D3'},{'D7'},{'D2'},{'R1'},{'R3'},{'R2'},&,8.0,&
{'D5'},{'D6'},{'D4'},{'D1'},{'D3'},{'D7'},{'D2'},{'R2'},{'R3'},{'R1'},&,5.0,&
{'D5'},{'D6'},{'D4'},{'D1'},{'D3'},{'D7'},{'D2'},{'R2'},{'R1'},{'R3'},&,2.0,&
{'D5'},{'D6'},{'D4'},{'D1'},{'D3'},{'D7'},{'D2'},{'R3'},{'R2'},{'R1'},&,5.0,&
{'D5'},{'D6'},{'D4'},{'D1'},{'D3'},{'D7'},{'D2'},{'R3'},{'R1'},{'R2'},&,11.0,&
{'D5'},{'D6'},{'D4'},{'D1'},{'D3'},{'D7'},{'R2'},{'D2'},{'R3'},{'R1'},&,2.0,&
{'D5'},{'D6'},{'D4'},{'D1'},{'D3'},{'D7'},{'R1'},{'D2'},{'R3'},{'R2'},&,2.0,&
{'D5'},{'D6'},{'D4'},{'D1'},{'D3'},{'D2'},{'R3'},{'D7'},{'R2'},{'R1'},&,2.0,&
{'D5'},{'D6'},{'D4'},{'D1'},{'D3'},{'D2'},{'R3'},{'D7'},{'R1'},{'R2'},&,1.0,&
{'D5'},{'D6'},{'D4'},{'D1'},{'D3'},{'D2'},{'R2'},{'D7'},{'R3'},{'R1'},&,1.0,&
{'D5'},{'D6'},{'D4'},{'D1'},{'D3'},{'D2'},{'R2'},{'D7'},{'R1'},{'R3'},&,1.0,&
{'D5'},{'D6'},{'D4'},{'D1'},{'D3'},{'D2'},{'D7'},{'R1'},{'R2'},{'R3'},&,1.0,&
{'D5'},{'D6'},{'D4'},{'D1'},{'D3'},{'D2'},{'D7'},{'R1'},{'R3'},{'R2'},&,7.0,&
{'D5'},{'D6'},{'D4'},{'D1'},{'D3'},{'D2'},{'D7'},{'R2'},{'R3'},{'R1'},&,5.0,&
{'D5'},{'D6'},{'D4'},{'D1'},{'D3'},{'D2'},{'D7'},{'R3'},{'R2'},{'R1'},&,5.0,&
{'D5'},{'D6'},{'D4'},{'D1'},{'D3'},{'D2'},{'D7'},{'R3'},{'R1'},{'R2'},&,4.0,&
{'D5'},{'D6'},{'D4'},{'D1'},{'D3'},{'R2'},{'R3'},{'D7'},{'D2'},{'R1'},&,1.0,&
{'D5'},{'D6'},{'D4'},{'D1'},{'D3'},{'R1'},{'D7'},{'R2'},{'D2'},{'R3'},&,1.0,&
{'D5'},{'D6'},{'D4'},{'D1'},{'D3'},{'R3'},{'D2'},{'D7'},{'R1'},{'R2'},&,1.0,&
{'D5'},{'D6'},{'D4'},{'D1'},{'D3'},{'R3'},{'D7'},{'D2'},{'R2'},{'R1'},&,1.0,&
{'D5'},{'D6'},{'D4'},{'D1'},{'D3'},{'R3'},{'D7'},{'R2'},{'D2'},{'R1'},&,1.0,&
{'D5'},{'D6'},{'D4'},{'D1'},{'R3'},{'D2'},{'D3'},{'R1'},{'D7'},{'R2'},&,1.0,&
{'D5'},{'D6'},{'D4'},{'D1'},{'R3'},{'D2'},{'D3'},{'D7'},{'R2'},{'R1'},&,2.0,&
{'D5'},{'D6'},{'D4'},{'D1'},{'R1'},{'D7'},{'D3'},{'D2'},{'R3'},{'R2'},&,1.0,&
{'D5'},{'D6'},{'D4'},{'D1'},{'R1'},{'D3'},{'D7'},{'D2'},{'R2'},{'R3'},&,1.0,&
{'D5'},{'D6'},{'D4'},{'D2'},{'D1'},{'D7'},{'R3'},{'R2'},{'D3'},{'R1'},&,1.0,&
{'D5'},{'D6'},{'D4'},{'D2'},{'D1'},{'D7'},{'R3'},{'D3'},{'R1'},{'R2'},&,1.0,&
{'D5'},{'D6'},{'D4'},{'D2'},{'D1'},{'D7'},{'D3'},{'R1'},{'R2'},{'R3'},&,1.0,&
{'D5'},{'D6'},{'D4'},{'D2'},{'D1'},{'D7'},{'D3'},{'R2'},{'R3'},{'R1'},&,3.0,&
{'D5'},{'D6'},{'D4'},{'D2'},{'D1'},{'D7'},{'D3'},{'R3'},{'R2'},{'R1'},&,2.0,&
{'D5'},{'D6'},{'D4'},{'D2'},{'D1'},{'D7'},{'D3'},{'R3'},{'R1'},{'R2'},&,5.0,&
{'D5'},{'D6'},{'D4'},{'D2'},{'D1'},{'D3'},{'R3'},{'D7'},{'R2'},{'R1'},&,1.0,&
{'D5'},{'D6'},{'D4'},{'D2'},{'D1'},{'D3'},{'D7'},{'R1'},{'R2'},{'R3'},&,2.0,&
{'D5'},{'D6'},{'D4'},{'D2'},{'D1'},{'D3'},{'D7'},{'R2'},{'R3'},{'R1'},&,1.0,&
{'D5'},{'D6'},{'D4'},{'D2'},{'D1'},{'D3'},{'D7'},{'R2'},{'R1'},{'R3'},&,1.0,&
{'D5'},{'D6'},{'D4'},{'D2'},{'D1'},{'D3'},{'D7'},{'R3'},{'R2'},{'R1'},&,1.0,&
{'D5'},{'D6'},{'D4'},{'D2'},{'D1'},{'D3'},{'D7'},{'R3'},{'R1'},{'R2'},&,2.0,&
{'D5'},{'D6'},{'D4'},{'D2'},{'D1'},{'D3'},{'R1'},{'D7'},{'R3'},{'R2'},&,1.0,&
{'D5'},{'D6'},{'D4'},{'D2'},{'D7'},{'D1'},{'D3'},{'R3'},{'R2'},{'R1'},&,2.0,&
{'D5'},{'D6'},{'D4'},{'D2'},{'D7'},{'D1'},{'D3'},{'R3'},{'R1'},{'R2'},&,7.0,&
{'D5'},{'D6'},{'D4'},{'D2'},{'D7'},{'D3'},{'R3'},{'R2'},{'D1'},{'R1'},&,1.0,&
{'D5'},{'D6'},{'D4'},{'D2'},{'D7'},{'D3'},{'R3'},{'D1'},{'R1'},{'R2'},&,2.0,&
{'D5'},{'D6'},{'D4'},{'D2'},{'D7'},{'D3'},{'D1'},{'R1'},{'R2'},{'R3'},&,3.0,&
{'D5'},{'D6'},{'D4'},{'D2'},{'D7'},{'D3'},{'D1'},{'R1'},{'R3'},{'R2'},&,6.0,&
{'D5'},{'D6'},{'D4'},{'D2'},{'D7'},{'D3'},{'D1'},{'R2'},{'R3'},{'R1'},&,1.0,&
{'D5'},{'D6'},{'D4'},{'D2'},{'D7'},{'D3'},{'D1'},{'R3'},{'R2'},{'R1'},&,4.0,&
{'D5'},{'D6'},{'D4'},{'D2'},{'D7'},{'D3'},{'D1'},{'R3'},{'R1'},{'R2'},&,2.0,&
{'D5'},{'D6'},{'D4'},{'D2'},{'D7'},{'D3'},{'R2'},{'D1'},{'R3'},{'R1'},&,1.0,&
{'D5'},{'D6'},{'D4'},{'D2'},{'D7'},{'D3'},{'R1'},{'R2'},{'D1'},{'R3'},&,1.0,&
{'D5'},{'D6'},{'D4'},{'D2'},{'D7'},{'D3'},{'R1'},{'R3'},{'R2'},{'D1'},&,1.0,&
{'D5'},{'D6'},{'D4'},{'D2'},{'D7'},{'R2'},{'D3'},{'R3'},{'D1'},{'R1'},&,1.0,&
{'D5'},{'D6'},{'D4'},{'D2'},{'D3'},{'D7'},{'R3'},{'R1'},{'D1'},{'R2'},&,2.0,&
{'D5'},{'D6'},{'D4'},{'D2'},{'D3'},{'D7'},{'R3'},{'D1'},{'R2'},{'R1'},&,2.0,&
{'D5'},{'D6'},{'D4'},{'D2'},{'D3'},{'D7'},{'R3'},{'D1'},{'R1'},{'R2'},&,3.0,&
{'D5'},{'D6'},{'D4'},{'D2'},{'D3'},{'D7'},{'D1'},{'R1'},{'R2'},{'R3'},&,1.0,&
{'D5'},{'D6'},{'D4'},{'D2'},{'D3'},{'D7'},{'D1'},{'R1'},{'R3'},{'R2'},&,5.0,&
{'D5'},{'D6'},{'D4'},{'D2'},{'D3'},{'D7'},{'D1'},{'R2'},{'R3'},{'R1'},&,4.0,&
{'D5'},{'D6'},{'D4'},{'D2'},{'D3'},{'D7'},{'D1'},{'R2'},{'R1'},{'R3'},&,1.0,&
{'D5'},{'D6'},{'D4'},{'D2'},{'D3'},{'D7'},{'D1'},{'R3'},{'R2'},{'R1'},&,6.0,&
{'D5'},{'D6'},{'D4'},{'D2'},{'D3'},{'D7'},{'D1'},{'R3'},{'R1'},{'R2'},&,5.0,&
{'D5'},{'D6'},{'D4'},{'D2'},{'D3'},{'D7'},{'R2'},{'D1'},{'R3'},{'R1'},&,1.0,&
{'D5'},{'D6'},{'D4'},{'D2'},{'D3'},{'D7'},{'R1'},{'D1'},{'R3'},{'R2'},&,1.0,&
{'D5'},{'D6'},{'D4'},{'D2'},{'D3'},{'D1'},{'R3'},{'R2'},{'D7'},{'R1'},&,1.0,&
{'D5'},{'D6'},{'D4'},{'D2'},{'D3'},{'D1'},{'R3'},{'D7'},{'R2'},{'R1'},&,2.0,&
{'D5'},{'D6'},{'D4'},{'D2'},{'D3'},{'D1'},{'R3'},{'D7'},{'R1'},{'R2'},&,2.0,&
{'D5'},{'D6'},{'D4'},{'D2'},{'D3'},{'D1'},{'D7'},{'R1'},{'R3'},{'R2'},&,1.0,&
{'D5'},{'D6'},{'D4'},{'D2'},{'D3'},{'D1'},{'D7'},{'R2'},{'R3'},{'R1'},&,5.0,&
{'D5'},{'D6'},{'D4'},{'D2'},{'D3'},{'D1'},{'D7'},{'R2'},{'R1'},{'R3'},&,1.0,&
{'D5'},{'D6'},{'D4'},{'D2'},{'D3'},{'D1'},{'D7'},{'R3'},{'R2'},{'R1'},&,4.0,&
{'D5'},{'D6'},{'D4'},{'D2'},{'D3'},{'D1'},{'D7'},{'R3'},{'R1'},{'R2'},&,5.0,&
{'D5'},{'D6'},{'D4'},{'D2'},{'D3'},{'R2'},{'D7'},{'R3'},{'D1'},{'R1'},&,1.0,&
{'D5'},{'D6'},{'D4'},{'D2'},{'D3'},{'R2'},{'D7'},{'D1'},{'R3'},{'R1'},&,2.0,&
{'D5'},{'D6'},{'D4'},{'D2'},{'D3'},{'R2'},{'D7'},{'D1'},{'R1'},{'R3'},&,1.0,&
{'D5'},{'D6'},{'D4'},{'D2'},{'D3'},{'R3'},{'D1'},{'R2'},{'D7'},{'R1'},&,1.0,&
{'D5'},{'D6'},{'D4'},{'D2'},{'D3'},{'R3'},{'D7'},{'D1'},{'R1'},{'R2'},&,1.0,&
{'D5'},{'D6'},{'D4'},{'D2'},{'R3'},{'D3'},{'D7'},{'D1'},{'R2'},{'R1'},&,1.0,&
{'D5'},{'D6'},{'D4'},{'D3'},{'D1'},{'D7'},{'R3'},{'D2'},{'R2'},{'R1'},&,3.0,&
{'D5'},{'D6'},{'D4'},{'D3'},{'D1'},{'D7'},{'R3'},{'D2'},{'R1'},{'R2'},&,7.0,&
{'D5'},{'D6'},{'D4'},{'D3'},{'D1'},{'D7'},{'R3'},{'R2'},{'R1'},{'D2'},&,1.0,&
{'D5'},{'D6'},{'D4'},{'D3'},{'D1'},{'D7'},{'D2'},{'R1'},{'R2'},{'R3'},&,2.0,&
{'D5'},{'D6'},{'D4'},{'D3'},{'D1'},{'D7'},{'D2'},{'R1'},{'R3'},{'R2'},&,18.0,&
{'D5'},{'D6'},{'D4'},{'D3'},{'D1'},{'D7'},{'D2'},{'R2'},{'R3'},{'R1'},&,8.0,&
{'D5'},{'D6'},{'D4'},{'D3'},{'D1'},{'D7'},{'D2'},{'R2'},{'R1'},{'R3'},&,5.0,&
{'D5'},{'D6'},{'D4'},{'D3'},{'D1'},{'D7'},{'D2'},{'R3'},{'R2'},{'R1'},&,17.0,&
{'D5'},{'D6'},{'D4'},{'D3'},{'D1'},{'D7'},{'D2'},{'R3'},{'R1'},{'R2'},&,17.0,&
{'D5'},{'D6'},{'D4'},{'D3'},{'D1'},{'D7'},{'R2'},{'D2'},{'R3'},{'R1'},&,1.0,&
{'D5'},{'D6'},{'D4'},{'D3'},{'D1'},{'D7'},{'R1'},{'D2'},{'R2'},{'R3'},&,1.0,&
{'D5'},{'D6'},{'D4'},{'D3'},{'D1'},{'D7'},{'R1'},{'D2'},{'R3'},{'R2'},&,1.0,&
{'D5'},{'D6'},{'D4'},{'D3'},{'D1'},{'D7'},{'R1'},{'R2'},{'D2'},{'R3'},&,1.0,&
{'D5'},{'D6'},{'D4'},{'D3'},{'D1'},{'D7'},{'R1'},{'R3'},{'D2'},{'R2'},&,1.0,&
{'D5'},{'D6'},{'D4'},{'D3'},{'D1'},{'D2'},{'R3'},{'R1'},{'D7'},{'R2'},&,1.0,&
{'D5'},{'D6'},{'D4'},{'D3'},{'D1'},{'D2'},{'R3'},{'D7'},{'R2'},{'R1'},&,2.0,&
{'D5'},{'D6'},{'D4'},{'D3'},{'D1'},{'D2'},{'R3'},{'D7'},{'R1'},{'R2'},&,1.0,&
{'D5'},{'D6'},{'D4'},{'D3'},{'D1'},{'D2'},{'R2'},{'R1'},{'D7'},{'R3'},&,1.0,&
{'D5'},{'D6'},{'D4'},{'D3'},{'D1'},{'D2'},{'R2'},{'R3'},{'R1'},{'D7'},&,1.0,&
{'D5'},{'D6'},{'D4'},{'D3'},{'D1'},{'D2'},{'R2'},{'R3'},{'D7'},{'R1'},&,1.0,&
{'D5'},{'D6'},{'D4'},{'D3'},{'D1'},{'D2'},{'R2'},{'D7'},{'R3'},{'R1'},&,1.0,&
{'D5'},{'D6'},{'D4'},{'D3'},{'D1'},{'D2'},{'R2'},{'D7'},{'R1'},{'R3'},&,1.0,&
{'D5'},{'D6'},{'D4'},{'D3'},{'D1'},{'D2'},{'D7'},{'R1'},{'R2'},{'R3'},&,2.0,&
{'D5'},{'D6'},{'D4'},{'D3'},{'D1'},{'D2'},{'D7'},{'R1'},{'R3'},{'R2'},&,11.0,&
{'D5'},{'D6'},{'D4'},{'D3'},{'D1'},{'D2'},{'D7'},{'R2'},{'R3'},{'R1'},&,7.0,&
{'D5'},{'D6'},{'D4'},{'D3'},{'D1'},{'D2'},{'D7'},{'R2'},{'R1'},{'R3'},&,4.0,&
{'D5'},{'D6'},{'D4'},{'D3'},{'D1'},{'D2'},{'D7'},{'R3'},{'R2'},{'R1'},&,8.0,&
{'D5'},{'D6'},{'D4'},{'D3'},{'D1'},{'D2'},{'D7'},{'R3'},{'R1'},{'R2'},&,15.0,&
{'D5'},{'D6'},{'D4'},{'D3'},{'D1'},{'D2'},{'R1'},{'D7'},{'R3'},{'R2'},&,3.0,&
{'D5'},{'D6'},{'D4'},{'D3'},{'D1'},{'R2'},{'D2'},{'D7'},{'R1'},{'R3'},&,1.0,&
{'D5'},{'D6'},{'D4'},{'D3'},{'D1'},{'R1'},{'D2'},{'D7'},{'R2'},{'R3'},&,2.0,&
{'D5'},{'D6'},{'D4'},{'D3'},{'D1'},{'R3'},{'D2'},{'D7'},{'R2'},{'R1'},&,1.0,&
{'D5'},{'D6'},{'D4'},{'D3'},{'D1'},{'R3'},{'D2'},{'D7'},{'R1'},{'R2'},&,1.0,&
{'D5'},{'D6'},{'D4'},{'D3'},{'D1'},{'R3'},{'D7'},{'D2'},{'R2'},{'R1'},&,1.0,&
{'D5'},{'D6'},{'D4'},{'D3'},{'D1'},{'R3'},{'D7'},{'D2'},{'R1'},{'R2'},&,2.0,&
{'D5'},{'D6'},{'D4'},{'D3'},{'D7'},{'D1'},{'R3'},{'D2'},{'R2'},{'R1'},&,9.0,&
{'D5'},{'D6'},{'D4'},{'D3'},{'D7'},{'D1'},{'R3'},{'D2'},{'R1'},{'R2'},&,6.0,&
{'D5'},{'D6'},{'D4'},{'D3'},{'D7'},{'D1'},{'R3'},{'R1'},{'R2'},{'D2'},&,1.0,&
{'D5'},{'D6'},{'D4'},{'D3'},{'D7'},{'D1'},{'R3'},{'R1'},{'D2'},{'R2'},&,3.0,&
{'D5'},{'D6'},{'D4'},{'D3'},{'D7'},{'D1'},{'D2'},{'R1'},{'R2'},{'R3'},&,7.0,&
{'D5'},{'D6'},{'D4'},{'D3'},{'D7'},{'D1'},{'D2'},{'R1'},{'R3'},{'R2'},&,15.0,&
{'D5'},{'D6'},{'D4'},{'D3'},{'D7'},{'D1'},{'D2'},{'R2'},{'R3'},{'R1'},&,6.0,&
{'D5'},{'D6'},{'D4'},{'D3'},{'D7'},{'D1'},{'D2'},{'R2'},{'R1'},{'R3'},&,6.0,&
{'D5'},{'D6'},{'D4'},{'D3'},{'D7'},{'D1'},{'D2'},{'R3'},{'R2'},{'R1'},&,18.0,&
{'D5'},{'D6'},{'D4'},{'D3'},{'D7'},{'D1'},{'D2'},{'R3'},{'R1'},{'R2'},&,17.0,&
{'D5'},{'D6'},{'D4'},{'D3'},{'D7'},{'D1'},{'R2'},{'D2'},{'R3'},{'R1'},&,3.0,&
{'D5'},{'D6'},{'D4'},{'D3'},{'D7'},{'D1'},{'R1'},{'D2'},{'R3'},{'R2'},&,4.0,&
{'D5'},{'D6'},{'D4'},{'D3'},{'D7'},{'D1'},{'R1'},{'R2'},{'R3'},{'D2'},&,1.0,&
{'D5'},{'D6'},{'D4'},{'D3'},{'D7'},{'D2'},{'R3'},{'R1'},{'R2'},{'D1'},&,1.0,&
{'D5'},{'D6'},{'D4'},{'D3'},{'D7'},{'D2'},{'R3'},{'R1'},{'D1'},{'R2'},&,2.0,&
{'D5'},{'D6'},{'D4'},{'D3'},{'D7'},{'D2'},{'R3'},{'R2'},{'D1'},{'R1'},&,1.0,&
{'D5'},{'D6'},{'D4'},{'D3'},{'D7'},{'D2'},{'R3'},{'D1'},{'R2'},{'R1'},&,1.0,&
{'D5'},{'D6'},{'D4'},{'D3'},{'D7'},{'D2'},{'R3'},{'D1'},{'R1'},{'R2'},&,3.0,&
{'D5'},{'D6'},{'D4'},{'D3'},{'D7'},{'D2'},{'D1'},{'R1'},{'R2'},{'R3'},&,5.0,&
{'D5'},{'D6'},{'D4'},{'D3'},{'D7'},{'D2'},{'D1'},{'R1'},{'R3'},{'R2'},&,9.0,&
{'D5'},{'D6'},{'D4'},{'D3'},{'D7'},{'D2'},{'D1'},{'R2'},{'R3'},{'R1'},&,12.0,&
{'D5'},{'D6'},{'D4'},{'D3'},{'D7'},{'D2'},{'D1'},{'R2'},{'R1'},{'R3'},&,5.0,&
{'D5'},{'D6'},{'D4'},{'D3'},{'D7'},{'D2'},{'D1'},{'R3'},{'R2'},{'R1'},&,13.0,&
{'D5'},{'D6'},{'D4'},{'D3'},{'D7'},{'D2'},{'D1'},{'R3'},{'R1'},{'R2'},&,19.0,&
{'D5'},{'D6'},{'D4'},{'D3'},{'D7'},{'D2'},{'R2'},{'R1'},{'D1'},{'R3'},&,1.0,&
{'D5'},{'D6'},{'D4'},{'D3'},{'D7'},{'D2'},{'R2'},{'R3'},{'D1'},{'R1'},&,1.0,&
{'D5'},{'D6'},{'D4'},{'D3'},{'D7'},{'D2'},{'R2'},{'D1'},{'R3'},{'R1'},&,4.0,&
{'D5'},{'D6'},{'D4'},{'D3'},{'D7'},{'D2'},{'R2'},{'D1'},{'R1'},{'R3'},&,1.0,&
{'D5'},{'D6'},{'D4'},{'D3'},{'D7'},{'D2'},{'R1'},{'D1'},{'R2'},{'R3'},&,1.0,&
{'D5'},{'D6'},{'D4'},{'D3'},{'D7'},{'D2'},{'R1'},{'D1'},{'R3'},{'R2'},&,1.0,&
{'D5'},{'D6'},{'D4'},{'D3'},{'D7'},{'R2'},{'R3'},{'D1'},{'D2'},{'R1'},&,1.0,&
{'D5'},{'D6'},{'D4'},{'D3'},{'D7'},{'R2'},{'D1'},{'D2'},{'R3'},{'R1'},&,1.0,&
{'D5'},{'D6'},{'D4'},{'D3'},{'D7'},{'R1'},{'D2'},{'D1'},{'R2'},{'R3'},&,1.0,&
{'D5'},{'D6'},{'D4'},{'D3'},{'D7'},{'R1'},{'D2'},{'D1'},{'R3'},{'R2'},&,2.0,&
{'D5'},{'D6'},{'D4'},{'D3'},{'D7'},{'R1'},{'D1'},{'D2'},{'R3'},{'R2'},&,3.0,&
{'D5'},{'D6'},{'D4'},{'D3'},{'D7'},{'R3'},{'D2'},{'R1'},{'D1'},{'R2'},&,1.0,&
{'D5'},{'D6'},{'D4'},{'D3'},{'D7'},{'R3'},{'D2'},{'D1'},{'R1'},{'R2'},&,3.0,&
{'D5'},{'D6'},{'D4'},{'D3'},{'D7'},{'R3'},{'D1'},{'D2'},{'R2'},{'R1'},&,2.0,&
{'D5'},{'D6'},{'D4'},{'D3'},{'D7'},{'R3'},{'D1'},{'D2'},{'R1'},{'R2'},&,1.0,&
{'D5'},{'D6'},{'D4'},{'D3'},{'D7'},{'R3'},{'D1'},{'R1'},{'R2'},{'D2'},&,1.0,&
{'D5'},{'D6'},{'D4'},{'D3'},{'D2'},{'D7'},{'R3'},{'R1'},{'D1'},{'R2'},&,1.0,&
{'D5'},{'D6'},{'D4'},{'D3'},{'D2'},{'D7'},{'R3'},{'R2'},{'D1'},{'R1'},&,1.0,&
{'D5'},{'D6'},{'D4'},{'D3'},{'D2'},{'D7'},{'R3'},{'D1'},{'R2'},{'R1'},&,4.0,&
{'D5'},{'D6'},{'D4'},{'D3'},{'D2'},{'D7'},{'R3'},{'D1'},{'R1'},{'R2'},&,1.0,&
{'D5'},{'D6'},{'D4'},{'D3'},{'D2'},{'D7'},{'D1'},{'R1'},{'R2'},{'R3'},&,3.0,&
{'D5'},{'D6'},{'D4'},{'D3'},{'D2'},{'D7'},{'D1'},{'R1'},{'R3'},{'R2'},&,5.0,&
{'D5'},{'D6'},{'D4'},{'D3'},{'D2'},{'D7'},{'D1'},{'R2'},{'R3'},{'R1'},&,9.0,&
{'D5'},{'D6'},{'D4'},{'D3'},{'D2'},{'D7'},{'D1'},{'R2'},{'R1'},{'R3'},&,1.0,&
{'D5'},{'D6'},{'D4'},{'D3'},{'D2'},{'D7'},{'D1'},{'R3'},{'R2'},{'R1'},&,11.0,&
{'D5'},{'D6'},{'D4'},{'D3'},{'D2'},{'D7'},{'D1'},{'R3'},{'R1'},{'R2'},&,18.0,&
{'D5'},{'D6'},{'D4'},{'D3'},{'D2'},{'D7'},{'R2'},{'R1'},{'D1'},{'R3'},&,1.0,&
{'D5'},{'D6'},{'D4'},{'D3'},{'D2'},{'D7'},{'R2'},{'R3'},{'D1'},{'R1'},&,2.0,&
{'D5'},{'D6'},{'D4'},{'D3'},{'D2'},{'D7'},{'R2'},{'D1'},{'R3'},{'R1'},&,3.0,&
{'D5'},{'D6'},{'D4'},{'D3'},{'D2'},{'D7'},{'R2'},{'D1'},{'R1'},{'R3'},&,1.0,&
{'D5'},{'D6'},{'D4'},{'D3'},{'D2'},{'D7'},{'R1'},{'R3'},{'D1'},{'R2'},&,2.0,&
{'D5'},{'D6'},{'D4'},{'D3'},{'D2'},{'D7'},{'R1'},{'D1'},{'R2'},{'R3'},&,1.0,&
{'D5'},{'D6'},{'D4'},{'D3'},{'D2'},{'D1'},{'R3'},{'R2'},{'D7'},{'R1'},&,1.0,&
{'D5'},{'D6'},{'D4'},{'D3'},{'D2'},{'D1'},{'R3'},{'D7'},{'R2'},{'R1'},&,2.0,&
{'D5'},{'D6'},{'D4'},{'D3'},{'D2'},{'D1'},{'R3'},{'D7'},{'R1'},{'R2'},&,4.0,&
{'D5'},{'D6'},{'D4'},{'D3'},{'D2'},{'D1'},{'R2'},{'R1'},{'D7'},{'R3'},&,1.0,&
{'D5'},{'D6'},{'D4'},{'D3'},{'D2'},{'D1'},{'R2'},{'D7'},{'R3'},{'R1'},&,2.0,&
{'D5'},{'D6'},{'D4'},{'D3'},{'D2'},{'D1'},{'D7'},{'R1'},{'R2'},{'R3'},&,3.0,&
{'D5'},{'D6'},{'D4'},{'D3'},{'D2'},{'D1'},{'D7'},{'R1'},{'R3'},{'R2'},&,5.0,&
{'D5'},{'D6'},{'D4'},{'D3'},{'D2'},{'D1'},{'D7'},{'R2'},{'R3'},{'R1'},&,6.0,&
{'D5'},{'D6'},{'D4'},{'D3'},{'D2'},{'D1'},{'D7'},{'R2'},{'R1'},{'R3'},&,1.0,&
{'D5'},{'D6'},{'D4'},{'D3'},{'D2'},{'D1'},{'D7'},{'R3'},{'R2'},{'R1'},&,5.0,&
{'D5'},{'D6'},{'D4'},{'D3'},{'D2'},{'D1'},{'D7'},{'R3'},{'R1'},{'R2'},&,11.0,&
{'D5'},{'D6'},{'D4'},{'D3'},{'D2'},{'D1'},{'R1'},{'D7'},{'R3'},{'R2'},&,1.0,&
{'D5'},{'D6'},{'D4'},{'D3'},{'D2'},{'R1'},{'D7'},{'R3'},{'D1'},{'R2'},&,1.0,&
{'D5'},{'D6'},{'D4'},{'D3'},{'D2'},{'R3'},{'D1'},{'R2'},{'R1'},{'D7'},&,1.0,&
{'D5'},{'D6'},{'D4'},{'D3'},{'D2'},{'R3'},{'D1'},{'D7'},{'R2'},{'R1'},&,1.0,&
{'D5'},{'D6'},{'D4'},{'D3'},{'D2'},{'R3'},{'D7'},{'R2'},{'D1'},{'R1'},&,2.0,&
{'D5'},{'D6'},{'D4'},{'D3'},{'D2'},{'R3'},{'D7'},{'D1'},{'R2'},{'R1'},&,2.0,&
{'D5'},{'D6'},{'D4'},{'D3'},{'D2'},{'R3'},{'D7'},{'D1'},{'R1'},{'R2'},&,2.0,&
{'D5'},{'D6'},{'D4'},{'D3'},{'R3'},{'D1'},{'D7'},{'R1'},{'D2'},{'R2'},&,1.0,&
{'D5'},{'D6'},{'D4'},{'D3'},{'R3'},{'D2'},{'D1'},{'D7'},{'R2'},{'R1'},&,1.0,&
{'D5'},{'D6'},{'D4'},{'D3'},{'R2'},{'D1'},{'D2'},{'D7'},{'R1'},{'R3'},&,1.0,&
{'D5'},{'D6'},{'D4'},{'D3'},{'R2'},{'D2'},{'D7'},{'D1'},{'R3'},{'R1'},&,1.0,&
{'D5'},{'D6'},{'D4'},{'D3'},{'R1'},{'D7'},{'D1'},{'D2'},{'R3'},{'R2'},&,1.0,&
{'D5'},{'D6'},{'D4'},{'D3'},{'R1'},{'D1'},{'D2'},{'D7'},{'R2'},{'R3'},&,1.0,&
{'D5'},{'D6'},{'D4'},{'D3'},{'R1'},{'D1'},{'D7'},{'D2'},{'R3'},{'R2'},&,1.0,&
{'D5'},{'D6'},{'D4'},{'D3'},{'R1'},{'D2'},{'D7'},{'D1'},{'R3'},{'R2'},&,1.0,&
{'D5'},{'D6'},{'D4'},{'R3'},{'D7'},{'D2'},{'D1'},{'D3'},{'R2'},{'R1'},&,1.0,&
{'D5'},{'D6'},{'D4'},{'R3'},{'D3'},{'D1'},{'D7'},{'D2'},{'R2'},{'R1'},&,1.0,&
{'D5'},{'D6'},{'D3'},{'D7'},{'D1'},{'D4'},{'R3'},{'D2'},{'R2'},{'R1'},&,5.0,&
{'D5'},{'D6'},{'D3'},{'D7'},{'D1'},{'D4'},{'R3'},{'D2'},{'R1'},{'R2'},&,6.0,&
{'D5'},{'D6'},{'D3'},{'D7'},{'D1'},{'D4'},{'R3'},{'R1'},{'D2'},{'R2'},&,2.0,&
{'D5'},{'D6'},{'D3'},{'D7'},{'D1'},{'D4'},{'R3'},{'R2'},{'D2'},{'R1'},&,1.0,&
{'D5'},{'D6'},{'D3'},{'D7'},{'D1'},{'D4'},{'D2'},{'R1'},{'R2'},{'R3'},&,6.0,&
{'D5'},{'D6'},{'D3'},{'D7'},{'D1'},{'D4'},{'D2'},{'R1'},{'R3'},{'R2'},&,21.0,&
{'D5'},{'D6'},{'D3'},{'D7'},{'D1'},{'D4'},{'D2'},{'R2'},{'R3'},{'R1'},&,6.0,&
{'D5'},{'D6'},{'D3'},{'D7'},{'D1'},{'D4'},{'D2'},{'R2'},{'R1'},{'R3'},&,3.0,&
{'D5'},{'D6'},{'D3'},{'D7'},{'D1'},{'D4'},{'D2'},{'R3'},{'R2'},{'R1'},&,21.0,&
{'D5'},{'D6'},{'D3'},{'D7'},{'D1'},{'D4'},{'D2'},{'R3'},{'R1'},{'R2'},&,19.0,&
{'D5'},{'D6'},{'D3'},{'D7'},{'D1'},{'D4'},{'R2'},{'D2'},{'R1'},{'R3'},&,2.0,&
{'D5'},{'D6'},{'D3'},{'D7'},{'D1'},{'D4'},{'R1'},{'D2'},{'R2'},{'R3'},&,2.0,&
{'D5'},{'D6'},{'D3'},{'D7'},{'D1'},{'D4'},{'R1'},{'D2'},{'R3'},{'R2'},&,5.0,&
{'D5'},{'D6'},{'D3'},{'D7'},{'D1'},{'D4'},{'R1'},{'R2'},{'D2'},{'R3'},&,2.0,&
{'D5'},{'D6'},{'D3'},{'D7'},{'D1'},{'D4'},{'R1'},{'R3'},{'R2'},{'D2'},&,1.0,&
{'D5'},{'D6'},{'D3'},{'D7'},{'D1'},{'D4'},{'R1'},{'R3'},{'D2'},{'R2'},&,1.0,&
{'D5'},{'D6'},{'D3'},{'D7'},{'D1'},{'D2'},{'R3'},{'R1'},{'D4'},{'R2'},&,2.0,&
{'D5'},{'D6'},{'D3'},{'D7'},{'D1'},{'D2'},{'R3'},{'D4'},{'R2'},{'R1'},&,3.0,&
{'D5'},{'D6'},{'D3'},{'D7'},{'D1'},{'D2'},{'R3'},{'D4'},{'R1'},{'R2'},&,6.0,&
{'D5'},{'D6'},{'D3'},{'D7'},{'D1'},{'D2'},{'D4'},{'R1'},{'R2'},{'R3'},&,2.0,&
{'D5'},{'D6'},{'D3'},{'D7'},{'D1'},{'D2'},{'D4'},{'R1'},{'R3'},{'R2'},&,7.0,&
{'D5'},{'D6'},{'D3'},{'D7'},{'D1'},{'D2'},{'D4'},{'R2'},{'R3'},{'R1'},&,7.0,&
{'D5'},{'D6'},{'D3'},{'D7'},{'D1'},{'D2'},{'D4'},{'R2'},{'R1'},{'R3'},&,2.0,&
{'D5'},{'D6'},{'D3'},{'D7'},{'D1'},{'D2'},{'D4'},{'R3'},{'R2'},{'R1'},&,12.0,&
{'D5'},{'D6'},{'D3'},{'D7'},{'D1'},{'D2'},{'D4'},{'R3'},{'R1'},{'R2'},&,23.0,&
{'D5'},{'D6'},{'D3'},{'D7'},{'D1'},{'D2'},{'R2'},{'R3'},{'D4'},{'R1'},&,1.0,&
{'D5'},{'D6'},{'D3'},{'D7'},{'D1'},{'D2'},{'R2'},{'D4'},{'R3'},{'R1'},&,3.0,&
{'D5'},{'D6'},{'D3'},{'D7'},{'D1'},{'D2'},{'R1'},{'R3'},{'D4'},{'R2'},&,1.0,&
{'D5'},{'D6'},{'D3'},{'D7'},{'D1'},{'D2'},{'R1'},{'D4'},{'R2'},{'R3'},&,2.0,&
{'D5'},{'D6'},{'D3'},{'D7'},{'D1'},{'D2'},{'R1'},{'D4'},{'R3'},{'R2'},&,2.0,&
{'D5'},{'D6'},{'D3'},{'D7'},{'D1'},{'R2'},{'D4'},{'D2'},{'R3'},{'R1'},&,2.0,&
{'D5'},{'D6'},{'D3'},{'D7'},{'D1'},{'R2'},{'D4'},{'D2'},{'R1'},{'R3'},&,1.0,&
{'D5'},{'D6'},{'D3'},{'D7'},{'D1'},{'R2'},{'D4'},{'R1'},{'D2'},{'R3'},&,1.0,&
{'D5'},{'D6'},{'D3'},{'D7'},{'D1'},{'R2'},{'D4'},{'R3'},{'D2'},{'R1'},&,1.0,&
{'D5'},{'D6'},{'D3'},{'D7'},{'D1'},{'R1'},{'R3'},{'D4'},{'R2'},{'D2'},&,1.0,&
{'D5'},{'D6'},{'D3'},{'D7'},{'D1'},{'R1'},{'R3'},{'D4'},{'D2'},{'R2'},&,1.0,&
{'D5'},{'D6'},{'D3'},{'D7'},{'D1'},{'R1'},{'D2'},{'D4'},{'R3'},{'R2'},&,1.0,&
{'D5'},{'D6'},{'D3'},{'D7'},{'D1'},{'R1'},{'D4'},{'D2'},{'R3'},{'R2'},&,1.0,&
{'D5'},{'D6'},{'D3'},{'D7'},{'D1'},{'R1'},{'D4'},{'R3'},{'D2'},{'R2'},&,2.0,&
{'D5'},{'D6'},{'D3'},{'D7'},{'D1'},{'R3'},{'D2'},{'R2'},{'D4'},{'R1'},&,1.0,&
{'D5'},{'D6'},{'D3'},{'D7'},{'D1'},{'R3'},{'D2'},{'D4'},{'R1'},{'R2'},&,1.0,&
{'D5'},{'D6'},{'D3'},{'D7'},{'D1'},{'R3'},{'D4'},{'D2'},{'R2'},{'R1'},&,1.0,&
{'D5'},{'D6'},{'D3'},{'D7'},{'D1'},{'R3'},{'D4'},{'D2'},{'R1'},{'R2'},&,1.0,&
{'D5'},{'D6'},{'D3'},{'D7'},{'D1'},{'R3'},{'D4'},{'R2'},{'D2'},{'R1'},&,1.0,&
{'D5'},{'D6'},{'D3'},{'D7'},{'D2'},{'D4'},{'R3'},{'R1'},{'R2'},{'D1'},&,1.0,&
{'D5'},{'D6'},{'D3'},{'D7'},{'D2'},{'D4'},{'R3'},{'R1'},{'D1'},{'R2'},&,1.0,&
{'D5'},{'D6'},{'D3'},{'D7'},{'D2'},{'D4'},{'R3'},{'D1'},{'R2'},{'R1'},&,4.0,&
{'D5'},{'D6'},{'D3'},{'D7'},{'D2'},{'D4'},{'R3'},{'D1'},{'R1'},{'R2'},&,2.0,&
{'D5'},{'D6'},{'D3'},{'D7'},{'D2'},{'D4'},{'D1'},{'R1'},{'R2'},{'R3'},&,3.0,&
{'D5'},{'D6'},{'D3'},{'D7'},{'D2'},{'D4'},{'D1'},{'R1'},{'R3'},{'R2'},&,9.0,&
{'D5'},{'D6'},{'D3'},{'D7'},{'D2'},{'D4'},{'D1'},{'R2'},{'R3'},{'R1'},&,9.0,&
{'D5'},{'D6'},{'D3'},{'D7'},{'D2'},{'D4'},{'D1'},{'R2'},{'R1'},{'R3'},&,2.0,&
{'D5'},{'D6'},{'D3'},{'D7'},{'D2'},{'D4'},{'D1'},{'R3'},{'R2'},{'R1'},&,14.0,&
{'D5'},{'D6'},{'D3'},{'D7'},{'D2'},{'D4'},{'D1'},{'R3'},{'R1'},{'R2'},&,27.0,&
{'D5'},{'D6'},{'D3'},{'D7'},{'D2'},{'D4'},{'R2'},{'R1'},{'R3'},{'D1'},&,1.0,&
{'D5'},{'D6'},{'D3'},{'D7'},{'D2'},{'D4'},{'R2'},{'R3'},{'D1'},{'R1'},&,4.0,&
{'D5'},{'D6'},{'D3'},{'D7'},{'D2'},{'D4'},{'R2'},{'D1'},{'R3'},{'R1'},&,4.0,&
{'D5'},{'D6'},{'D3'},{'D7'},{'D2'},{'D4'},{'R1'},{'R3'},{'D1'},{'R2'},&,2.0,&
{'D5'},{'D6'},{'D3'},{'D7'},{'D2'},{'D4'},{'R1'},{'D1'},{'R2'},{'R3'},&,1.0,&
{'D5'},{'D6'},{'D3'},{'D7'},{'D2'},{'D4'},{'R1'},{'D1'},{'R3'},{'R2'},&,6.0,&
{'D5'},{'D6'},{'D3'},{'D7'},{'D2'},{'D1'},{'R3'},{'R1'},{'D4'},{'R2'},&,1.0,&
{'D5'},{'D6'},{'D3'},{'D7'},{'D2'},{'D1'},{'R3'},{'R2'},{'D4'},{'R1'},&,1.0,&
{'D5'},{'D6'},{'D3'},{'D7'},{'D2'},{'D1'},{'R3'},{'D4'},{'R2'},{'R1'},&,5.0,&
{'D5'},{'D6'},{'D3'},{'D7'},{'D2'},{'D1'},{'R3'},{'D4'},{'R1'},{'R2'},&,3.0,&
{'D5'},{'D6'},{'D3'},{'D7'},{'D2'},{'D1'},{'D4'},{'R1'},{'R2'},{'R3'},&,5.0,&
{'D5'},{'D6'},{'D3'},{'D7'},{'D2'},{'D1'},{'D4'},{'R1'},{'R3'},{'R2'},&,16.0,&
{'D5'},{'D6'},{'D3'},{'D7'},{'D2'},{'D1'},{'D4'},{'R2'},{'R3'},{'R1'},&,4.0,&
{'D5'},{'D6'},{'D3'},{'D7'},{'D2'},{'D1'},{'D4'},{'R2'},{'R1'},{'R3'},&,2.0,&
{'D5'},{'D6'},{'D3'},{'D7'},{'D2'},{'D1'},{'D4'},{'R3'},{'R2'},{'R1'},&,8.0,&
{'D5'},{'D6'},{'D3'},{'D7'},{'D2'},{'D1'},{'D4'},{'R3'},{'R1'},{'R2'},&,15.0,&
{'D5'},{'D6'},{'D3'},{'D7'},{'D2'},{'D1'},{'R2'},{'R3'},{'D4'},{'R1'},&,1.0,&
{'D5'},{'D6'},{'D3'},{'D7'},{'D2'},{'D1'},{'R1'},{'R3'},{'D4'},{'R2'},&,2.0,&
{'D5'},{'D6'},{'D3'},{'D7'},{'D2'},{'D1'},{'R1'},{'D4'},{'R3'},{'R2'},&,2.0,&
{'D5'},{'D6'},{'D3'},{'D7'},{'D2'},{'R2'},{'D1'},{'D4'},{'R3'},{'R1'},&,1.0,&
{'D5'},{'D6'},{'D3'},{'D7'},{'D2'},{'R2'},{'D4'},{'D1'},{'R3'},{'R1'},&,2.0,&
{'D5'},{'D6'},{'D3'},{'D7'},{'D2'},{'R1'},{'D1'},{'D4'},{'R3'},{'R2'},&,1.0,&
{'D5'},{'D6'},{'D3'},{'D7'},{'D2'},{'R1'},{'D4'},{'D1'},{'R3'},{'R2'},&,1.0,&
{'D5'},{'D6'},{'D3'},{'D7'},{'D2'},{'R3'},{'D4'},{'D1'},{'R2'},{'R1'},&,1.0,&
{'D5'},{'D6'},{'D3'},{'D7'},{'D2'},{'R3'},{'D4'},{'D1'},{'R1'},{'R2'},&,2.0,&
{'D5'},{'D6'},{'D3'},{'D7'},{'D4'},{'D1'},{'R3'},{'D2'},{'R2'},{'R1'},&,7.0,&
{'D5'},{'D6'},{'D3'},{'D7'},{'D4'},{'D1'},{'R3'},{'D2'},{'R1'},{'R2'},&,9.0,&
{'D5'},{'D6'},{'D3'},{'D7'},{'D4'},{'D1'},{'R3'},{'R1'},{'R2'},{'D2'},&,1.0,&
{'D5'},{'D6'},{'D3'},{'D7'},{'D4'},{'D1'},{'R3'},{'R2'},{'R1'},{'D2'},&,1.0,&
{'D5'},{'D6'},{'D3'},{'D7'},{'D4'},{'D1'},{'D2'},{'R1'},{'R2'},{'R3'},&,2.0,&
{'D5'},{'D6'},{'D3'},{'D7'},{'D4'},{'D1'},{'D2'},{'R1'},{'R3'},{'R2'},&,25.0,&
{'D5'},{'D6'},{'D3'},{'D7'},{'D4'},{'D1'},{'D2'},{'R2'},{'R3'},{'R1'},&,13.0,&
{'D5'},{'D6'},{'D3'},{'D7'},{'D4'},{'D1'},{'D2'},{'R2'},{'R1'},{'R3'},&,6.0,&
{'D5'},{'D6'},{'D3'},{'D7'},{'D4'},{'D1'},{'D2'},{'R3'},{'R2'},{'R1'},&,32.0,&
{'D5'},{'D6'},{'D3'},{'D7'},{'D4'},{'D1'},{'D2'},{'R3'},{'R1'},{'R2'},&,38.0,&
{'D5'},{'D6'},{'D3'},{'D7'},{'D4'},{'D1'},{'R2'},{'D2'},{'R3'},{'R1'},&,2.0,&
{'D5'},{'D6'},{'D3'},{'D7'},{'D4'},{'D1'},{'R2'},{'D2'},{'R1'},{'R3'},&,1.0,&
{'D5'},{'D6'},{'D3'},{'D7'},{'D4'},{'D1'},{'R1'},{'D2'},{'R3'},{'R2'},&,6.0,&
{'D5'},{'D6'},{'D3'},{'D7'},{'D4'},{'D2'},{'R3'},{'R1'},{'D1'},{'R2'},&,5.0,&
{'D5'},{'D6'},{'D3'},{'D7'},{'D4'},{'D2'},{'R3'},{'D1'},{'R2'},{'R1'},&,6.0,&
{'D5'},{'D6'},{'D3'},{'D7'},{'D4'},{'D2'},{'R3'},{'D1'},{'R1'},{'R2'},&,6.0,&
{'D5'},{'D6'},{'D3'},{'D7'},{'D4'},{'D2'},{'D1'},{'R1'},{'R2'},{'R3'},&,4.0,&
{'D5'},{'D6'},{'D3'},{'D7'},{'D4'},{'D2'},{'D1'},{'R1'},{'R3'},{'R2'},&,15.0,&
{'D5'},{'D6'},{'D3'},{'D7'},{'D4'},{'D2'},{'D1'},{'R2'},{'R3'},{'R1'},&,8.0,&
{'D5'},{'D6'},{'D3'},{'D7'},{'D4'},{'D2'},{'D1'},{'R2'},{'R1'},{'R3'},&,5.0,&
{'D5'},{'D6'},{'D3'},{'D7'},{'D4'},{'D2'},{'D1'},{'R3'},{'R2'},{'R1'},&,21.0,&
{'D5'},{'D6'},{'D3'},{'D7'},{'D4'},{'D2'},{'D1'},{'R3'},{'R1'},{'R2'},&,23.0,&
{'D5'},{'D6'},{'D3'},{'D7'},{'D4'},{'D2'},{'R2'},{'R3'},{'R1'},{'D1'},&,1.0,&
{'D5'},{'D6'},{'D3'},{'D7'},{'D4'},{'D2'},{'R2'},{'R3'},{'D1'},{'R1'},&,2.0,&
{'D5'},{'D6'},{'D3'},{'D7'},{'D4'},{'D2'},{'R2'},{'D1'},{'R3'},{'R1'},&,1.0,&
{'D5'},{'D6'},{'D3'},{'D7'},{'D4'},{'D2'},{'R1'},{'R2'},{'D1'},{'R3'},&,1.0,&
{'D5'},{'D6'},{'D3'},{'D7'},{'D4'},{'D2'},{'R1'},{'R3'},{'R2'},{'D1'},&,1.0,&
{'D5'},{'D6'},{'D3'},{'D7'},{'D4'},{'D2'},{'R1'},{'D1'},{'R3'},{'R2'},&,4.0,&
{'D5'},{'D6'},{'D3'},{'D7'},{'D4'},{'R2'},{'D2'},{'R3'},{'R1'},{'D1'},&,1.0,&
{'D5'},{'D6'},{'D3'},{'D7'},{'D4'},{'R2'},{'D2'},{'R3'},{'D1'},{'R1'},&,1.0,&
{'D5'},{'D6'},{'D3'},{'D7'},{'D4'},{'R2'},{'D2'},{'D1'},{'R3'},{'R1'},&,1.0,&
{'D5'},{'D6'},{'D3'},{'D7'},{'D4'},{'R1'},{'R3'},{'D1'},{'D2'},{'R2'},&,1.0,&
{'D5'},{'D6'},{'D3'},{'D7'},{'D4'},{'R1'},{'D2'},{'D1'},{'R2'},{'R3'},&,2.0,&
{'D5'},{'D6'},{'D3'},{'D7'},{'D4'},{'R1'},{'D2'},{'D1'},{'R3'},{'R2'},&,1.0,&
{'D5'},{'D6'},{'D3'},{'D7'},{'D4'},{'R1'},{'D1'},{'D2'},{'R2'},{'R3'},&,2.0,&
{'D5'},{'D6'},{'D3'},{'D7'},{'D4'},{'R1'},{'D1'},{'D2'},{'R3'},{'R2'},&,1.0,&
{'D5'},{'D6'},{'D3'},{'D7'},{'D4'},{'R1'},{'R2'},{'D2'},{'D1'},{'R3'},&,1.0,&
{'D5'},{'D6'},{'D3'},{'D7'},{'D4'},{'R3'},{'D2'},{'R2'},{'D1'},{'R1'},&,2.0,&
{'D5'},{'D6'},{'D3'},{'D7'},{'D4'},{'R3'},{'D2'},{'D1'},{'R1'},{'R2'},&,1.0,&
{'D5'},{'D6'},{'D3'},{'D7'},{'D4'},{'R3'},{'D1'},{'D2'},{'R2'},{'R1'},&,3.0,&
{'D5'},{'D6'},{'D3'},{'D7'},{'D4'},{'R3'},{'D1'},{'D2'},{'R1'},{'R2'},&,2.0,&
{'D5'},{'D6'},{'D3'},{'D7'},{'R3'},{'D4'},{'D2'},{'D1'},{'R2'},{'R1'},&,1.0,&
{'D5'},{'D6'},{'D3'},{'D7'},{'R3'},{'D4'},{'D2'},{'D1'},{'R1'},{'R2'},&,2.0,&
{'D5'},{'D6'},{'D3'},{'D7'},{'R3'},{'D4'},{'D1'},{'D2'},{'R2'},{'R1'},&,1.0,&
{'D5'},{'D6'},{'D3'},{'D7'},{'R3'},{'D4'},{'D1'},{'D2'},{'R1'},{'R2'},&,2.0,&
{'D5'},{'D6'},{'D3'},{'D7'},{'R3'},{'D4'},{'D1'},{'R1'},{'R2'},{'D2'},&,1.0,&
{'D5'},{'D6'},{'D3'},{'D7'},{'R3'},{'D2'},{'D1'},{'D4'},{'R1'},{'R2'},&,1.0,&
{'D5'},{'D6'},{'D3'},{'D7'},{'R3'},{'D2'},{'D4'},{'D1'},{'R1'},{'R2'},&,1.0,&
{'D5'},{'D6'},{'D3'},{'D7'},{'R2'},{'D4'},{'D1'},{'D2'},{'R3'},{'R1'},&,1.0,&
{'D5'},{'D6'},{'D3'},{'D7'},{'R1'},{'D4'},{'R3'},{'D2'},{'D1'},{'R2'},&,1.0,&
{'D5'},{'D6'},{'D3'},{'D7'},{'R1'},{'D2'},{'D4'},{'D1'},{'R2'},{'R3'},&,1.0,&
{'D5'},{'D6'},{'D3'},{'D1'},{'D7'},{'D4'},{'R3'},{'D2'},{'R2'},{'R1'},&,4.0,&
{'D5'},{'D6'},{'D3'},{'D1'},{'D7'},{'D4'},{'R3'},{'D2'},{'R1'},{'R2'},&,6.0,&
{'D5'},{'D6'},{'D3'},{'D1'},{'D7'},{'D4'},{'R3'},{'R1'},{'R2'},{'D2'},&,1.0,&
{'D5'},{'D6'},{'D3'},{'D1'},{'D7'},{'D4'},{'R3'},{'R1'},{'D2'},{'R2'},&,2.0,&
{'D5'},{'D6'},{'D3'},{'D1'},{'D7'},{'D4'},{'R3'},{'R2'},{'D2'},{'R1'},&,3.0,&
{'D5'},{'D6'},{'D3'},{'D1'},{'D7'},{'D4'},{'D2'},{'R1'},{'R2'},{'R3'},&,7.0,&
{'D5'},{'D6'},{'D3'},{'D1'},{'D7'},{'D4'},{'D2'},{'R1'},{'R3'},{'R2'},&,10.0,&
{'D5'},{'D6'},{'D3'},{'D1'},{'D7'},{'D4'},{'D2'},{'R2'},{'R3'},{'R1'},&,12.0,&
{'D5'},{'D6'},{'D3'},{'D1'},{'D7'},{'D4'},{'D2'},{'R2'},{'R1'},{'R3'},&,8.0,&
{'D5'},{'D6'},{'D3'},{'D1'},{'D7'},{'D4'},{'D2'},{'R3'},{'R2'},{'R1'},&,23.0,&
{'D5'},{'D6'},{'D3'},{'D1'},{'D7'},{'D4'},{'D2'},{'R3'},{'R1'},{'R2'},&,15.0,&
{'D5'},{'D6'},{'D3'},{'D1'},{'D7'},{'D4'},{'R2'},{'D2'},{'R3'},{'R1'},&,1.0,&
{'D5'},{'D6'},{'D3'},{'D1'},{'D7'},{'D4'},{'R2'},{'D2'},{'R1'},{'R3'},&,1.0,&
{'D5'},{'D6'},{'D3'},{'D1'},{'D7'},{'D4'},{'R2'},{'R3'},{'D2'},{'R1'},&,2.0,&
{'D5'},{'D6'},{'D3'},{'D1'},{'D7'},{'D4'},{'R1'},{'D2'},{'R2'},{'R3'},&,1.0,&
{'D5'},{'D6'},{'D3'},{'D1'},{'D7'},{'D4'},{'R1'},{'D2'},{'R3'},{'R2'},&,2.0,&
{'D5'},{'D6'},{'D3'},{'D1'},{'D7'},{'D2'},{'R3'},{'D4'},{'R2'},{'R1'},&,5.0,&
{'D5'},{'D6'},{'D3'},{'D1'},{'D7'},{'D2'},{'R3'},{'D4'},{'R1'},{'R2'},&,3.0,&
{'D5'},{'D6'},{'D3'},{'D1'},{'D7'},{'D2'},{'D4'},{'R1'},{'R2'},{'R3'},&,3.0,&
{'D5'},{'D6'},{'D3'},{'D1'},{'D7'},{'D2'},{'D4'},{'R1'},{'R3'},{'R2'},&,7.0,&
{'D5'},{'D6'},{'D3'},{'D1'},{'D7'},{'D2'},{'D4'},{'R2'},{'R3'},{'R1'},&,4.0,&
{'D5'},{'D6'},{'D3'},{'D1'},{'D7'},{'D2'},{'D4'},{'R2'},{'R1'},{'R3'},&,3.0,&
{'D5'},{'D6'},{'D3'},{'D1'},{'D7'},{'D2'},{'D4'},{'R3'},{'R2'},{'R1'},&,7.0,&
{'D5'},{'D6'},{'D3'},{'D1'},{'D7'},{'D2'},{'D4'},{'R3'},{'R1'},{'R2'},&,15.0,&
{'D5'},{'D6'},{'D3'},{'D1'},{'D7'},{'D2'},{'R2'},{'R3'},{'D4'},{'R1'},&,1.0,&
{'D5'},{'D6'},{'D3'},{'D1'},{'D7'},{'D2'},{'R2'},{'D4'},{'R1'},{'R3'},&,1.0,&
{'D5'},{'D6'},{'D3'},{'D1'},{'D7'},{'D2'},{'R1'},{'D4'},{'R2'},{'R3'},&,1.0,&
{'D5'},{'D6'},{'D3'},{'D1'},{'D7'},{'D2'},{'R1'},{'D4'},{'R3'},{'R2'},&,2.0,&
{'D5'},{'D6'},{'D3'},{'D1'},{'D7'},{'R1'},{'D4'},{'D2'},{'R3'},{'R2'},&,2.0,&
{'D5'},{'D6'},{'D3'},{'D1'},{'D7'},{'R1'},{'D4'},{'R3'},{'R2'},{'D2'},&,1.0,&
{'D5'},{'D6'},{'D3'},{'D1'},{'D7'},{'R3'},{'D2'},{'R2'},{'R1'},{'D4'},&,1.0,&
{'D5'},{'D6'},{'D3'},{'D1'},{'D7'},{'R3'},{'D2'},{'D4'},{'R2'},{'R1'},&,1.0,&
{'D5'},{'D6'},{'D3'},{'D1'},{'D7'},{'R3'},{'D2'},{'D4'},{'R1'},{'R2'},&,2.0,&
{'D5'},{'D6'},{'D3'},{'D1'},{'D7'},{'R3'},{'D4'},{'D2'},{'R1'},{'R2'},&,2.0,&
{'D5'},{'D6'},{'D3'},{'D1'},{'D7'},{'R3'},{'D4'},{'R1'},{'D2'},{'R2'},&,1.0,&
{'D5'},{'D6'},{'D3'},{'D1'},{'D7'},{'R3'},{'R1'},{'D4'},{'R2'},{'D2'},&,1.0,&
{'D5'},{'D6'},{'D3'},{'D1'},{'D7'},{'R3'},{'R1'},{'D4'},{'D2'},{'R2'},&,2.0,&
{'D5'},{'D6'},{'D3'},{'D1'},{'D2'},{'D4'},{'R3'},{'D7'},{'R2'},{'R1'},&,1.0,&
{'D5'},{'D6'},{'D3'},{'D1'},{'D2'},{'D4'},{'R3'},{'D7'},{'R1'},{'R2'},&,2.0,&
{'D5'},{'D6'},{'D3'},{'D1'},{'D2'},{'D4'},{'R2'},{'D7'},{'R3'},{'R1'},&,1.0,&
{'D5'},{'D6'},{'D3'},{'D1'},{'D2'},{'D4'},{'D7'},{'R1'},{'R2'},{'R3'},&,1.0,&
{'D5'},{'D6'},{'D3'},{'D1'},{'D2'},{'D4'},{'D7'},{'R1'},{'R3'},{'R2'},&,9.0,&
{'D5'},{'D6'},{'D3'},{'D1'},{'D2'},{'D4'},{'D7'},{'R2'},{'R3'},{'R1'},&,3.0,&
{'D5'},{'D6'},{'D3'},{'D1'},{'D2'},{'D4'},{'D7'},{'R2'},{'R1'},{'R3'},&,1.0,&
{'D5'},{'D6'},{'D3'},{'D1'},{'D2'},{'D4'},{'D7'},{'R3'},{'R2'},{'R1'},&,6.0,&
{'D5'},{'D6'},{'D3'},{'D1'},{'D2'},{'D4'},{'D7'},{'R3'},{'R1'},{'R2'},&,4.0,&
{'D5'},{'D6'},{'D3'},{'D1'},{'D2'},{'D4'},{'R1'},{'D7'},{'R2'},{'R3'},&,1.0,&
{'D5'},{'D6'},{'D3'},{'D1'},{'D2'},{'D4'},{'R1'},{'D7'},{'R3'},{'R2'},&,1.0,&
{'D5'},{'D6'},{'D3'},{'D1'},{'D2'},{'D7'},{'R3'},{'D4'},{'R2'},{'R1'},&,1.0,&
{'D5'},{'D6'},{'D3'},{'D1'},{'D2'},{'D7'},{'R3'},{'D4'},{'R1'},{'R2'},&,4.0,&
{'D5'},{'D6'},{'D3'},{'D1'},{'D2'},{'D7'},{'D4'},{'R1'},{'R3'},{'R2'},&,4.0,&
{'D5'},{'D6'},{'D3'},{'D1'},{'D2'},{'D7'},{'D4'},{'R2'},{'R3'},{'R1'},&,5.0,&
{'D5'},{'D6'},{'D3'},{'D1'},{'D2'},{'D7'},{'D4'},{'R2'},{'R1'},{'R3'},&,1.0,&
{'D5'},{'D6'},{'D3'},{'D1'},{'D2'},{'D7'},{'D4'},{'R3'},{'R2'},{'R1'},&,8.0,&
{'D5'},{'D6'},{'D3'},{'D1'},{'D2'},{'D7'},{'D4'},{'R3'},{'R1'},{'R2'},&,7.0,&
{'D5'},{'D6'},{'D3'},{'D1'},{'D2'},{'D7'},{'R2'},{'D4'},{'R3'},{'R1'},&,2.0,&
{'D5'},{'D6'},{'D3'},{'D1'},{'D2'},{'D7'},{'R2'},{'D4'},{'R1'},{'R3'},&,2.0,&
{'D5'},{'D6'},{'D3'},{'D1'},{'D2'},{'D7'},{'R1'},{'R3'},{'R2'},{'D4'},&,1.0,&
{'D5'},{'D6'},{'D3'},{'D1'},{'D2'},{'D7'},{'R1'},{'R3'},{'D4'},{'R2'},&,2.0,&
{'D5'},{'D6'},{'D3'},{'D1'},{'D2'},{'D7'},{'R1'},{'D4'},{'R2'},{'R3'},&,1.0,&
{'D5'},{'D6'},{'D3'},{'D1'},{'D2'},{'D7'},{'R1'},{'D4'},{'R3'},{'R2'},&,1.0,&
{'D5'},{'D6'},{'D3'},{'D1'},{'D2'},{'R2'},{'D4'},{'D7'},{'R1'},{'R3'},&,1.0,&
{'D5'},{'D6'},{'D3'},{'D1'},{'D2'},{'R1'},{'D4'},{'D7'},{'R3'},{'R2'},&,3.0,&
{'D5'},{'D6'},{'D3'},{'D1'},{'D2'},{'R1'},{'D7'},{'D4'},{'R3'},{'R2'},&,1.0,&
{'D5'},{'D6'},{'D3'},{'D1'},{'D2'},{'R3'},{'D7'},{'R2'},{'D4'},{'R1'},&,1.0,&
{'D5'},{'D6'},{'D3'},{'D1'},{'D4'},{'D7'},{'R3'},{'D2'},{'R2'},{'R1'},&,3.0,&
{'D5'},{'D6'},{'D3'},{'D1'},{'D4'},{'D7'},{'R3'},{'D2'},{'R1'},{'R2'},&,5.0,&
{'D5'},{'D6'},{'D3'},{'D1'},{'D4'},{'D7'},{'R3'},{'R2'},{'D2'},{'R1'},&,3.0,&
{'D5'},{'D6'},{'D3'},{'D1'},{'D4'},{'D7'},{'D2'},{'R1'},{'R2'},{'R3'},&,2.0,&
{'D5'},{'D6'},{'D3'},{'D1'},{'D4'},{'D7'},{'D2'},{'R1'},{'R3'},{'R2'},&,16.0,&
{'D5'},{'D6'},{'D3'},{'D1'},{'D4'},{'D7'},{'D2'},{'R2'},{'R3'},{'R1'},&,6.0,&
{'D5'},{'D6'},{'D3'},{'D1'},{'D4'},{'D7'},{'D2'},{'R2'},{'R1'},{'R3'},&,4.0,&
{'D5'},{'D6'},{'D3'},{'D1'},{'D4'},{'D7'},{'D2'},{'R3'},{'R2'},{'R1'},&,22.0,&
{'D5'},{'D6'},{'D3'},{'D1'},{'D4'},{'D7'},{'D2'},{'R3'},{'R1'},{'R2'},&,11.0,&
{'D5'},{'D6'},{'D3'},{'D1'},{'D4'},{'D7'},{'R2'},{'D2'},{'R3'},{'R1'},&,3.0,&
{'D5'},{'D6'},{'D3'},{'D1'},{'D4'},{'D7'},{'R2'},{'D2'},{'R1'},{'R3'},&,1.0,&
{'D5'},{'D6'},{'D3'},{'D1'},{'D4'},{'D7'},{'R2'},{'R3'},{'D2'},{'R1'},&,1.0,&
{'D5'},{'D6'},{'D3'},{'D1'},{'D4'},{'D7'},{'R1'},{'D2'},{'R3'},{'R2'},&,2.0,&
{'D5'},{'D6'},{'D3'},{'D1'},{'D4'},{'D7'},{'R1'},{'R2'},{'D2'},{'R3'},&,1.0,&
{'D5'},{'D6'},{'D3'},{'D1'},{'D4'},{'D7'},{'R1'},{'R3'},{'D2'},{'R2'},&,1.0,&
{'D5'},{'D6'},{'D3'},{'D1'},{'D4'},{'D2'},{'R3'},{'R1'},{'D7'},{'R2'},&,1.0,&
{'D5'},{'D6'},{'D3'},{'D1'},{'D4'},{'D2'},{'R3'},{'D7'},{'R2'},{'R1'},&,4.0,&
{'D5'},{'D6'},{'D3'},{'D1'},{'D4'},{'D2'},{'R3'},{'D7'},{'R1'},{'R2'},&,1.0,&
{'D5'},{'D6'},{'D3'},{'D1'},{'D4'},{'D2'},{'R2'},{'D7'},{'R3'},{'R1'},&,1.0,&
{'D5'},{'D6'},{'D3'},{'D1'},{'D4'},{'D2'},{'R2'},{'D7'},{'R1'},{'R3'},&,2.0,&
{'D5'},{'D6'},{'D3'},{'D1'},{'D4'},{'D2'},{'D7'},{'R1'},{'R2'},{'R3'},&,3.0,&
{'D5'},{'D6'},{'D3'},{'D1'},{'D4'},{'D2'},{'D7'},{'R1'},{'R3'},{'R2'},&,9.0,&
{'D5'},{'D6'},{'D3'},{'D1'},{'D4'},{'D2'},{'D7'},{'R2'},{'R3'},{'R1'},&,5.0,&
{'D5'},{'D6'},{'D3'},{'D1'},{'D4'},{'D2'},{'D7'},{'R2'},{'R1'},{'R3'},&,3.0,&
{'D5'},{'D6'},{'D3'},{'D1'},{'D4'},{'D2'},{'D7'},{'R3'},{'R2'},{'R1'},&,6.0,&
{'D5'},{'D6'},{'D3'},{'D1'},{'D4'},{'D2'},{'D7'},{'R3'},{'R1'},{'R2'},&,10.0,&
{'D5'},{'D6'},{'D3'},{'D1'},{'D4'},{'D2'},{'R1'},{'R2'},{'D7'},{'R3'},&,1.0,&
{'D5'},{'D6'},{'D3'},{'D1'},{'D4'},{'R2'},{'R3'},{'D7'},{'D2'},{'R1'},&,1.0,&
{'D5'},{'D6'},{'D3'},{'D1'},{'D4'},{'R2'},{'D2'},{'D7'},{'R3'},{'R1'},&,1.0,&
{'D5'},{'D6'},{'D3'},{'D1'},{'D4'},{'R2'},{'D2'},{'D7'},{'R1'},{'R3'},&,1.0,&
{'D5'},{'D6'},{'D3'},{'D1'},{'D4'},{'R2'},{'D7'},{'D2'},{'R3'},{'R1'},&,1.0,&
{'D5'},{'D6'},{'D3'},{'D1'},{'D4'},{'R2'},{'D7'},{'D2'},{'R1'},{'R3'},&,1.0,&
{'D5'},{'D6'},{'D3'},{'D1'},{'D4'},{'R1'},{'D2'},{'R3'},{'D7'},{'R2'},&,1.0,&
{'D5'},{'D6'},{'D3'},{'D1'},{'D4'},{'R1'},{'D7'},{'D2'},{'R2'},{'R3'},&,1.0,&
{'D5'},{'D6'},{'D3'},{'D1'},{'D4'},{'R1'},{'D7'},{'D2'},{'R3'},{'R2'},&,1.0,&
{'D5'},{'D6'},{'D3'},{'D1'},{'D4'},{'R3'},{'D2'},{'R1'},{'R2'},{'D7'},&,1.0,&
{'D5'},{'D6'},{'D3'},{'D1'},{'D4'},{'R3'},{'D2'},{'R2'},{'D7'},{'R1'},&,1.0,&
{'D5'},{'D6'},{'D3'},{'D1'},{'D4'},{'R3'},{'D2'},{'D7'},{'R2'},{'R1'},&,1.0,&
{'D5'},{'D6'},{'D3'},{'D1'},{'D4'},{'R3'},{'D2'},{'D7'},{'R1'},{'R2'},&,1.0,&
{'D5'},{'D6'},{'D3'},{'D1'},{'D4'},{'R3'},{'R2'},{'D7'},{'R1'},{'D2'},&,1.0,&
{'D5'},{'D6'},{'D3'},{'D1'},{'D4'},{'R3'},{'D7'},{'D2'},{'R2'},{'R1'},&,2.0,&
{'D5'},{'D6'},{'D3'},{'D1'},{'D4'},{'R3'},{'D7'},{'D2'},{'R1'},{'R2'},&,2.0,&
{'D5'},{'D6'},{'D3'},{'D1'},{'D4'},{'R3'},{'D7'},{'R1'},{'R2'},{'D2'},&,1.0,&
{'D5'},{'D6'},{'D3'},{'D1'},{'D4'},{'R3'},{'R1'},{'D2'},{'D7'},{'R2'},&,1.0,&
{'D5'},{'D6'},{'D3'},{'D1'},{'D4'},{'R3'},{'R1'},{'D7'},{'D2'},{'R2'},&,1.0,&
{'D5'},{'D6'},{'D3'},{'D1'},{'R3'},{'D7'},{'D2'},{'D4'},{'R2'},{'R1'},&,1.0,&
{'D5'},{'D6'},{'D3'},{'D1'},{'R2'},{'D2'},{'D7'},{'D4'},{'R3'},{'R1'},&,1.0,&
{'D5'},{'D6'},{'D3'},{'D1'},{'R1'},{'D7'},{'D2'},{'D4'},{'R3'},{'R2'},&,1.0,&
{'D5'},{'D6'},{'D3'},{'D2'},{'D1'},{'D4'},{'R3'},{'R1'},{'R2'},{'D7'},&,1.0,&
{'D5'},{'D6'},{'D3'},{'D2'},{'D1'},{'D4'},{'R3'},{'D7'},{'R2'},{'R1'},&,1.0,&
{'D5'},{'D6'},{'D3'},{'D2'},{'D1'},{'D4'},{'R3'},{'D7'},{'R1'},{'R2'},&,3.0,&
{'D5'},{'D6'},{'D3'},{'D2'},{'D1'},{'D4'},{'R2'},{'D7'},{'R3'},{'R1'},&,1.0,&
{'D5'},{'D6'},{'D3'},{'D2'},{'D1'},{'D4'},{'R2'},{'D7'},{'R1'},{'R3'},&,1.0,&
{'D5'},{'D6'},{'D3'},{'D2'},{'D1'},{'D4'},{'D7'},{'R1'},{'R2'},{'R3'},&,2.0,&
{'D5'},{'D6'},{'D3'},{'D2'},{'D1'},{'D4'},{'D7'},{'R1'},{'R3'},{'R2'},&,3.0,&
{'D5'},{'D6'},{'D3'},{'D2'},{'D1'},{'D4'},{'D7'},{'R2'},{'R3'},{'R1'},&,2.0,&
{'D5'},{'D6'},{'D3'},{'D2'},{'D1'},{'D4'},{'D7'},{'R2'},{'R1'},{'R3'},&,1.0,&
{'D5'},{'D6'},{'D3'},{'D2'},{'D1'},{'D4'},{'D7'},{'R3'},{'R2'},{'R1'},&,10.0,&
{'D5'},{'D6'},{'D3'},{'D2'},{'D1'},{'D4'},{'D7'},{'R3'},{'R1'},{'R2'},&,4.0,&
{'D5'},{'D6'},{'D3'},{'D2'},{'D1'},{'D4'},{'R1'},{'R2'},{'D7'},{'R3'},&,1.0,&
{'D5'},{'D6'},{'D3'},{'D2'},{'D1'},{'D4'},{'R1'},{'R3'},{'R2'},{'D7'},&,1.0,&
{'D5'},{'D6'},{'D3'},{'D2'},{'D1'},{'D4'},{'R1'},{'D7'},{'R3'},{'R2'},&,1.0,&
{'D5'},{'D6'},{'D3'},{'D2'},{'D1'},{'D7'},{'R3'},{'R1'},{'D4'},{'R2'},&,1.0,&
{'D5'},{'D6'},{'D3'},{'D2'},{'D1'},{'D7'},{'R3'},{'D4'},{'R2'},{'R1'},&,3.0,&
{'D5'},{'D6'},{'D3'},{'D2'},{'D1'},{'D7'},{'R3'},{'D4'},{'R1'},{'R2'},&,2.0,&
{'D5'},{'D6'},{'D3'},{'D2'},{'D1'},{'D7'},{'D4'},{'R1'},{'R3'},{'R2'},&,7.0,&
{'D5'},{'D6'},{'D3'},{'D2'},{'D1'},{'D7'},{'D4'},{'R2'},{'R3'},{'R1'},&,5.0,&
{'D5'},{'D6'},{'D3'},{'D2'},{'D1'},{'D7'},{'D4'},{'R2'},{'R1'},{'R3'},&,1.0,&
{'D5'},{'D6'},{'D3'},{'D2'},{'D1'},{'D7'},{'D4'},{'R3'},{'R2'},{'R1'},&,5.0,&
{'D5'},{'D6'},{'D3'},{'D2'},{'D1'},{'D7'},{'D4'},{'R3'},{'R1'},{'R2'},&,12.0,&
{'D5'},{'D6'},{'D3'},{'D2'},{'D1'},{'D7'},{'R2'},{'R3'},{'D4'},{'R1'},&,3.0,&
{'D5'},{'D6'},{'D3'},{'D2'},{'D1'},{'D7'},{'R2'},{'D4'},{'R3'},{'R1'},&,1.0,&
{'D5'},{'D6'},{'D3'},{'D2'},{'D1'},{'D7'},{'R2'},{'D4'},{'R1'},{'R3'},&,1.0,&
{'D5'},{'D6'},{'D3'},{'D2'},{'D1'},{'D7'},{'R1'},{'D4'},{'R2'},{'R3'},&,2.0,&
{'D5'},{'D6'},{'D3'},{'D2'},{'D1'},{'R2'},{'D4'},{'D7'},{'R3'},{'R1'},&,1.0,&
{'D5'},{'D6'},{'D3'},{'D2'},{'D1'},{'R1'},{'D4'},{'D7'},{'R2'},{'R3'},&,1.0,&
{'D5'},{'D6'},{'D3'},{'D2'},{'D1'},{'R3'},{'D7'},{'D4'},{'R1'},{'R2'},&,1.0,&
{'D5'},{'D6'},{'D3'},{'D2'},{'D1'},{'R3'},{'R1'},{'D7'},{'D4'},{'R2'},&,1.0,&
{'D5'},{'D6'},{'D3'},{'D2'},{'D7'},{'D4'},{'R3'},{'R1'},{'R2'},{'D1'},&,1.0,&
{'D5'},{'D6'},{'D3'},{'D2'},{'D7'},{'D4'},{'R3'},{'R2'},{'R1'},{'D1'},&,1.0,&
{'D5'},{'D6'},{'D3'},{'D2'},{'D7'},{'D4'},{'R3'},{'R2'},{'D1'},{'R1'},&,1.0,&
{'D5'},{'D6'},{'D3'},{'D2'},{'D7'},{'D4'},{'R3'},{'D1'},{'R2'},{'R1'},&,3.0,&
{'D5'},{'D6'},{'D3'},{'D2'},{'D7'},{'D4'},{'R3'},{'D1'},{'R1'},{'R2'},&,2.0,&
{'D5'},{'D6'},{'D3'},{'D2'},{'D7'},{'D4'},{'D1'},{'R1'},{'R2'},{'R3'},&,5.0,&
{'D5'},{'D6'},{'D3'},{'D2'},{'D7'},{'D4'},{'D1'},{'R1'},{'R3'},{'R2'},&,4.0,&
{'D5'},{'D6'},{'D3'},{'D2'},{'D7'},{'D4'},{'D1'},{'R2'},{'R3'},{'R1'},&,12.0,&
{'D5'},{'D6'},{'D3'},{'D2'},{'D7'},{'D4'},{'D1'},{'R2'},{'R1'},{'R3'},&,2.0,&
{'D5'},{'D6'},{'D3'},{'D2'},{'D7'},{'D4'},{'D1'},{'R3'},{'R2'},{'R1'},&,13.0,&
{'D5'},{'D6'},{'D3'},{'D2'},{'D7'},{'D4'},{'D1'},{'R3'},{'R1'},{'R2'},&,15.0,&
{'D5'},{'D6'},{'D3'},{'D2'},{'D7'},{'D4'},{'R2'},{'D1'},{'R3'},{'R1'},&,1.0,&
{'D5'},{'D6'},{'D3'},{'D2'},{'D7'},{'D4'},{'R2'},{'D1'},{'R1'},{'R3'},&,2.0,&
{'D5'},{'D6'},{'D3'},{'D2'},{'D7'},{'D4'},{'R1'},{'R2'},{'R3'},{'D1'},&,2.0,&
{'D5'},{'D6'},{'D3'},{'D2'},{'D7'},{'D4'},{'R1'},{'D1'},{'R3'},{'R2'},&,4.0,&
{'D5'},{'D6'},{'D3'},{'D2'},{'D7'},{'D1'},{'R3'},{'D4'},{'R2'},{'R1'},&,3.0,&
{'D5'},{'D6'},{'D3'},{'D2'},{'D7'},{'D1'},{'R3'},{'D4'},{'R1'},{'R2'},&,6.0,&
{'D5'},{'D6'},{'D3'},{'D2'},{'D7'},{'D1'},{'D4'},{'R1'},{'R2'},{'R3'},&,3.0,&
{'D5'},{'D6'},{'D3'},{'D2'},{'D7'},{'D1'},{'D4'},{'R1'},{'R3'},{'R2'},&,6.0,&
{'D5'},{'D6'},{'D3'},{'D2'},{'D7'},{'D1'},{'D4'},{'R2'},{'R3'},{'R1'},&,8.0,&
{'D5'},{'D6'},{'D3'},{'D2'},{'D7'},{'D1'},{'D4'},{'R2'},{'R1'},{'R3'},&,1.0,&
{'D5'},{'D6'},{'D3'},{'D2'},{'D7'},{'D1'},{'D4'},{'R3'},{'R2'},{'R1'},&,11.0,&
{'D5'},{'D6'},{'D3'},{'D2'},{'D7'},{'D1'},{'D4'},{'R3'},{'R1'},{'R2'},&,8.0,&
{'D5'},{'D6'},{'D3'},{'D2'},{'D7'},{'D1'},{'R2'},{'R3'},{'D4'},{'R1'},&,1.0,&
{'D5'},{'D6'},{'D3'},{'D2'},{'D7'},{'D1'},{'R2'},{'D4'},{'R3'},{'R1'},&,1.0,&
{'D5'},{'D6'},{'D3'},{'D2'},{'D7'},{'D1'},{'R2'},{'D4'},{'R1'},{'R3'},&,1.0,&
{'D5'},{'D6'},{'D3'},{'D2'},{'D7'},{'D1'},{'R1'},{'D4'},{'R3'},{'R2'},&,3.0,&
{'D5'},{'D6'},{'D3'},{'D2'},{'D7'},{'R1'},{'D4'},{'R3'},{'D1'},{'R2'},&,1.0,&
{'D5'},{'D6'},{'D3'},{'D2'},{'D7'},{'R1'},{'D4'},{'D1'},{'R3'},{'R2'},&,1.0,&
{'D5'},{'D6'},{'D3'},{'D2'},{'D7'},{'R3'},{'D1'},{'D4'},{'R2'},{'R1'},&,1.0,&
{'D5'},{'D6'},{'D3'},{'D2'},{'D7'},{'R3'},{'D4'},{'R1'},{'R2'},{'D1'},&,1.0,&
{'D5'},{'D6'},{'D3'},{'D2'},{'D7'},{'R3'},{'D4'},{'D1'},{'R1'},{'R2'},&,3.0,&
{'D5'},{'D6'},{'D3'},{'D2'},{'D7'},{'R3'},{'R2'},{'D1'},{'D4'},{'R1'},&,1.0,&
{'D5'},{'D6'},{'D3'},{'D2'},{'D4'},{'D7'},{'R3'},{'R1'},{'R2'},{'D1'},&,1.0,&
{'D5'},{'D6'},{'D3'},{'D2'},{'D4'},{'D7'},{'R3'},{'R1'},{'D1'},{'R2'},&,1.0,&
{'D5'},{'D6'},{'D3'},{'D2'},{'D4'},{'D7'},{'R3'},{'R2'},{'D1'},{'R1'},&,1.0,&
{'D5'},{'D6'},{'D3'},{'D2'},{'D4'},{'D7'},{'R3'},{'D1'},{'R2'},{'R1'},&,4.0,&
{'D5'},{'D6'},{'D3'},{'D2'},{'D4'},{'D7'},{'R3'},{'D1'},{'R1'},{'R2'},&,4.0,&
{'D5'},{'D6'},{'D3'},{'D2'},{'D4'},{'D7'},{'D1'},{'R1'},{'R2'},{'R3'},&,6.0,&
{'D5'},{'D6'},{'D3'},{'D2'},{'D4'},{'D7'},{'D1'},{'R1'},{'R3'},{'R2'},&,6.0,&
{'D5'},{'D6'},{'D3'},{'D2'},{'D4'},{'D7'},{'D1'},{'R2'},{'R3'},{'R1'},&,4.0,&
{'D5'},{'D6'},{'D3'},{'D2'},{'D4'},{'D7'},{'D1'},{'R2'},{'R1'},{'R3'},&,6.0,&
{'D5'},{'D6'},{'D3'},{'D2'},{'D4'},{'D7'},{'D1'},{'R3'},{'R2'},{'R1'},&,15.0,&
{'D5'},{'D6'},{'D3'},{'D2'},{'D4'},{'D7'},{'D1'},{'R3'},{'R1'},{'R2'},&,21.0,&
{'D5'},{'D6'},{'D3'},{'D2'},{'D4'},{'D7'},{'R2'},{'D1'},{'R3'},{'R1'},&,3.0,&
{'D5'},{'D6'},{'D3'},{'D2'},{'D4'},{'D7'},{'R2'},{'D1'},{'R1'},{'R3'},&,1.0,&
{'D5'},{'D6'},{'D3'},{'D2'},{'D4'},{'D7'},{'R1'},{'R3'},{'R2'},{'D1'},&,1.0,&
{'D5'},{'D6'},{'D3'},{'D2'},{'D4'},{'D7'},{'R1'},{'R3'},{'D1'},{'R2'},&,1.0,&
{'D5'},{'D6'},{'D3'},{'D2'},{'D4'},{'D7'},{'R1'},{'D1'},{'R3'},{'R2'},&,3.0,&
{'D5'},{'D6'},{'D3'},{'D2'},{'D4'},{'D1'},{'R3'},{'R1'},{'D7'},{'R2'},&,1.0,&
{'D5'},{'D6'},{'D3'},{'D2'},{'D4'},{'D1'},{'R3'},{'D7'},{'R2'},{'R1'},&,2.0,&
{'D5'},{'D6'},{'D3'},{'D2'},{'D4'},{'D1'},{'R3'},{'D7'},{'R1'},{'R2'},&,2.0,&
{'D5'},{'D6'},{'D3'},{'D2'},{'D4'},{'D1'},{'R2'},{'D7'},{'R3'},{'R1'},&,3.0,&
{'D5'},{'D6'},{'D3'},{'D2'},{'D4'},{'D1'},{'R2'},{'D7'},{'R1'},{'R3'},&,1.0,&
{'D5'},{'D6'},{'D3'},{'D2'},{'D4'},{'D1'},{'D7'},{'R1'},{'R2'},{'R3'},&,1.0,&
{'D5'},{'D6'},{'D3'},{'D2'},{'D4'},{'D1'},{'D7'},{'R1'},{'R3'},{'R2'},&,7.0,&
{'D5'},{'D6'},{'D3'},{'D2'},{'D4'},{'D1'},{'D7'},{'R2'},{'R3'},{'R1'},&,3.0,&
{'D5'},{'D6'},{'D3'},{'D2'},{'D4'},{'D1'},{'D7'},{'R2'},{'R1'},{'R3'},&,3.0,&
{'D5'},{'D6'},{'D3'},{'D2'},{'D4'},{'D1'},{'D7'},{'R3'},{'R2'},{'R1'},&,10.0,&
{'D5'},{'D6'},{'D3'},{'D2'},{'D4'},{'D1'},{'D7'},{'R3'},{'R1'},{'R2'},&,8.0,&
{'D5'},{'D6'},{'D3'},{'D2'},{'D4'},{'D1'},{'R1'},{'R3'},{'D7'},{'R2'},&,1.0,&
{'D5'},{'D6'},{'D3'},{'D2'},{'D4'},{'D1'},{'R1'},{'D7'},{'R2'},{'R3'},&,1.0,&
{'D5'},{'D6'},{'D3'},{'D2'},{'D4'},{'D1'},{'R1'},{'D7'},{'R3'},{'R2'},&,1.0,&
{'D5'},{'D6'},{'D3'},{'D2'},{'D4'},{'R2'},{'D7'},{'D1'},{'R3'},{'R1'},&,2.0,&
{'D5'},{'D6'},{'D3'},{'D2'},{'D4'},{'R1'},{'D1'},{'D7'},{'R3'},{'R2'},&,1.0,&
{'D5'},{'D6'},{'D3'},{'D2'},{'D4'},{'R3'},{'D7'},{'D1'},{'R2'},{'R1'},&,1.0,&
{'D5'},{'D6'},{'D3'},{'D2'},{'D4'},{'R3'},{'D7'},{'D1'},{'R1'},{'R2'},&,1.0,&
{'D5'},{'D6'},{'D3'},{'D2'},{'D4'},{'R3'},{'R1'},{'D1'},{'D7'},{'R2'},&,1.0,&
{'D5'},{'D6'},{'D3'},{'D2'},{'R3'},{'D4'},{'D7'},{'R2'},{'D1'},{'R1'},&,1.0,&
{'D5'},{'D6'},{'D3'},{'D2'},{'R3'},{'D4'},{'R1'},{'R2'},{'D1'},{'D7'},&,1.0,&
{'D5'},{'D6'},{'D3'},{'D2'},{'R3'},{'D7'},{'D4'},{'R2'},{'D1'},{'R1'},&,1.0,&
{'D5'},{'D6'},{'D3'},{'D2'},{'R3'},{'D7'},{'D4'},{'D1'},{'R1'},{'R2'},&,1.0,&
{'D5'},{'D6'},{'D3'},{'D2'},{'R3'},{'D1'},{'D4'},{'R1'},{'R2'},{'D7'},&,1.0,&
{'D5'},{'D6'},{'D3'},{'D2'},{'R2'},{'D1'},{'D7'},{'D4'},{'R3'},{'R1'},&,1.0,&
{'D5'},{'D6'},{'D3'},{'D2'},{'R1'},{'D4'},{'D7'},{'R3'},{'D1'},{'R2'},&,1.0,&
{'D5'},{'D6'},{'D3'},{'R1'},{'D7'},{'D4'},{'D1'},{'D2'},{'R3'},{'R2'},&,1.0,&
{'D5'},{'D6'},{'D3'},{'R1'},{'D2'},{'D1'},{'D7'},{'D4'},{'R2'},{'R3'},&,1.0,&
{'D5'},{'D6'},{'D3'},{'D4'},{'D1'},{'D7'},{'R3'},{'D2'},{'R2'},{'R1'},&,5.0,&
{'D5'},{'D6'},{'D3'},{'D4'},{'D1'},{'D7'},{'R3'},{'D2'},{'R1'},{'R2'},&,7.0,&
{'D5'},{'D6'},{'D3'},{'D4'},{'D1'},{'D7'},{'R3'},{'R1'},{'D2'},{'R2'},&,1.0,&
{'D5'},{'D6'},{'D3'},{'D4'},{'D1'},{'D7'},{'R3'},{'R2'},{'D2'},{'R1'},&,1.0,&
{'D5'},{'D6'},{'D3'},{'D4'},{'D1'},{'D7'},{'D2'},{'R1'},{'R2'},{'R3'},&,3.0,&
{'D5'},{'D6'},{'D3'},{'D4'},{'D1'},{'D7'},{'D2'},{'R1'},{'R3'},{'R2'},&,16.0,&
{'D5'},{'D6'},{'D3'},{'D4'},{'D1'},{'D7'},{'D2'},{'R2'},{'R3'},{'R1'},&,11.0,&
{'D5'},{'D6'},{'D3'},{'D4'},{'D1'},{'D7'},{'D2'},{'R2'},{'R1'},{'R3'},&,6.0,&
{'D5'},{'D6'},{'D3'},{'D4'},{'D1'},{'D7'},{'D2'},{'R3'},{'R2'},{'R1'},&,20.0,&
{'D5'},{'D6'},{'D3'},{'D4'},{'D1'},{'D7'},{'D2'},{'R3'},{'R1'},{'R2'},&,26.0,&
{'D5'},{'D6'},{'D3'},{'D4'},{'D1'},{'D7'},{'R2'},{'D2'},{'R3'},{'R1'},&,1.0,&
{'D5'},{'D6'},{'D3'},{'D4'},{'D1'},{'D7'},{'R2'},{'D2'},{'R1'},{'R3'},&,2.0,&
{'D5'},{'D6'},{'D3'},{'D4'},{'D1'},{'D7'},{'R2'},{'R3'},{'D2'},{'R1'},&,1.0,&
{'D5'},{'D6'},{'D3'},{'D4'},{'D1'},{'D7'},{'R1'},{'D2'},{'R2'},{'R3'},&,1.0,&
{'D5'},{'D6'},{'D3'},{'D4'},{'D1'},{'D7'},{'R1'},{'D2'},{'R3'},{'R2'},&,4.0,&
{'D5'},{'D6'},{'D3'},{'D4'},{'D1'},{'D7'},{'R1'},{'R3'},{'D2'},{'R2'},&,2.0,&
{'D5'},{'D6'},{'D3'},{'D4'},{'D1'},{'D2'},{'R3'},{'R2'},{'D7'},{'R1'},&,1.0,&
{'D5'},{'D6'},{'D3'},{'D4'},{'D1'},{'D2'},{'R3'},{'D7'},{'R2'},{'R1'},&,5.0,&
{'D5'},{'D6'},{'D3'},{'D4'},{'D1'},{'D2'},{'R2'},{'D7'},{'R3'},{'R1'},&,1.0,&
{'D5'},{'D6'},{'D3'},{'D4'},{'D1'},{'D2'},{'D7'},{'R1'},{'R2'},{'R3'},&,4.0,&
{'D5'},{'D6'},{'D3'},{'D4'},{'D1'},{'D2'},{'D7'},{'R1'},{'R3'},{'R2'},&,7.0,&
{'D5'},{'D6'},{'D3'},{'D4'},{'D1'},{'D2'},{'D7'},{'R2'},{'R3'},{'R1'},&,6.0,&
{'D5'},{'D6'},{'D3'},{'D4'},{'D1'},{'D2'},{'D7'},{'R2'},{'R1'},{'R3'},&,4.0,&
{'D5'},{'D6'},{'D3'},{'D4'},{'D1'},{'D2'},{'D7'},{'R3'},{'R2'},{'R1'},&,14.0,&
{'D5'},{'D6'},{'D3'},{'D4'},{'D1'},{'D2'},{'D7'},{'R3'},{'R1'},{'R2'},&,8.0,&
{'D5'},{'D6'},{'D3'},{'D4'},{'D1'},{'D2'},{'R1'},{'R3'},{'D7'},{'R2'},&,1.0,&
{'D5'},{'D6'},{'D3'},{'D4'},{'D1'},{'D2'},{'R1'},{'D7'},{'R2'},{'R3'},&,1.0,&
{'D5'},{'D6'},{'D3'},{'D4'},{'D1'},{'D2'},{'R1'},{'D7'},{'R3'},{'R2'},&,1.0,&
{'D5'},{'D6'},{'D3'},{'D4'},{'D1'},{'R2'},{'D2'},{'D7'},{'R3'},{'R1'},&,1.0,&
{'D5'},{'D6'},{'D3'},{'D4'},{'D1'},{'R2'},{'D7'},{'D2'},{'R3'},{'R1'},&,2.0,&
{'D5'},{'D6'},{'D3'},{'D4'},{'D1'},{'R2'},{'D7'},{'R3'},{'D2'},{'R1'},&,1.0,&
{'D5'},{'D6'},{'D3'},{'D4'},{'D1'},{'R1'},{'D7'},{'D2'},{'R3'},{'R2'},&,1.0,&
{'D5'},{'D6'},{'D3'},{'D4'},{'D1'},{'R3'},{'D2'},{'R2'},{'D7'},{'R1'},&,1.0,&
{'D5'},{'D6'},{'D3'},{'D4'},{'D1'},{'R3'},{'D2'},{'D7'},{'R1'},{'R2'},&,1.0,&
{'D5'},{'D6'},{'D3'},{'D4'},{'D1'},{'R3'},{'D7'},{'D2'},{'R2'},{'R1'},&,1.0,&
{'D5'},{'D6'},{'D3'},{'D4'},{'D1'},{'R3'},{'D7'},{'D2'},{'R1'},{'R2'},&,3.0,&
{'D5'},{'D6'},{'D3'},{'D4'},{'D7'},{'D1'},{'R3'},{'D2'},{'R2'},{'R1'},&,4.0,&
{'D5'},{'D6'},{'D3'},{'D4'},{'D7'},{'D1'},{'R3'},{'D2'},{'R1'},{'R2'},&,6.0,&
{'D5'},{'D6'},{'D3'},{'D4'},{'D7'},{'D1'},{'R3'},{'R1'},{'R2'},{'D2'},&,1.0,&
{'D5'},{'D6'},{'D3'},{'D4'},{'D7'},{'D1'},{'R3'},{'R1'},{'D2'},{'R2'},&,6.0,&
{'D5'},{'D6'},{'D3'},{'D4'},{'D7'},{'D1'},{'R3'},{'R2'},{'D2'},{'R1'},&,2.0,&
{'D5'},{'D6'},{'D3'},{'D4'},{'D7'},{'D1'},{'D2'},{'R1'},{'R2'},{'R3'},&,2.0,&
{'D5'},{'D6'},{'D3'},{'D4'},{'D7'},{'D1'},{'D2'},{'R1'},{'R3'},{'R2'},&,13.0,&
{'D5'},{'D6'},{'D3'},{'D4'},{'D7'},{'D1'},{'D2'},{'R2'},{'R3'},{'R1'},&,10.0,&
{'D5'},{'D6'},{'D3'},{'D4'},{'D7'},{'D1'},{'D2'},{'R2'},{'R1'},{'R3'},&,3.0,&
{'D5'},{'D6'},{'D3'},{'D4'},{'D7'},{'D1'},{'D2'},{'R3'},{'R2'},{'R1'},&,15.0,&
{'D5'},{'D6'},{'D3'},{'D4'},{'D7'},{'D1'},{'D2'},{'R3'},{'R1'},{'R2'},&,35.0,&
{'D5'},{'D6'},{'D3'},{'D4'},{'D7'},{'D1'},{'R2'},{'D2'},{'R3'},{'R1'},&,3.0,&
{'D5'},{'D6'},{'D3'},{'D4'},{'D7'},{'D1'},{'R2'},{'D2'},{'R1'},{'R3'},&,1.0,&
{'D5'},{'D6'},{'D3'},{'D4'},{'D7'},{'D1'},{'R2'},{'R1'},{'D2'},{'R3'},&,4.0,&
{'D5'},{'D6'},{'D3'},{'D4'},{'D7'},{'D1'},{'R2'},{'R3'},{'D2'},{'R1'},&,1.0,&
{'D5'},{'D6'},{'D3'},{'D4'},{'D7'},{'D1'},{'R1'},{'D2'},{'R3'},{'R2'},&,7.0,&
{'D5'},{'D6'},{'D3'},{'D4'},{'D7'},{'D1'},{'R1'},{'R2'},{'D2'},{'R3'},&,1.0,&
{'D5'},{'D6'},{'D3'},{'D4'},{'D7'},{'D1'},{'R1'},{'R3'},{'D2'},{'R2'},&,2.0,&
{'D5'},{'D6'},{'D3'},{'D4'},{'D7'},{'D2'},{'R3'},{'R1'},{'R2'},{'D1'},&,1.0,&
{'D5'},{'D6'},{'D3'},{'D4'},{'D7'},{'D2'},{'R3'},{'R1'},{'D1'},{'R2'},&,1.0,&
{'D5'},{'D6'},{'D3'},{'D4'},{'D7'},{'D2'},{'R3'},{'R2'},{'D1'},{'R1'},&,1.0,&
{'D5'},{'D6'},{'D3'},{'D4'},{'D7'},{'D2'},{'R3'},{'D1'},{'R2'},{'R1'},&,5.0,&
{'D5'},{'D6'},{'D3'},{'D4'},{'D7'},{'D2'},{'R3'},{'D1'},{'R1'},{'R2'},&,11.0,&
{'D5'},{'D6'},{'D3'},{'D4'},{'D7'},{'D2'},{'D1'},{'R1'},{'R2'},{'R3'},&,1.0,&
{'D5'},{'D6'},{'D3'},{'D4'},{'D7'},{'D2'},{'D1'},{'R1'},{'R3'},{'R2'},&,17.0,&
{'D5'},{'D6'},{'D3'},{'D4'},{'D7'},{'D2'},{'D1'},{'R2'},{'R3'},{'R1'},&,14.0,&
{'D5'},{'D6'},{'D3'},{'D4'},{'D7'},{'D2'},{'D1'},{'R2'},{'R1'},{'R3'},&,5.0,&
{'D5'},{'D6'},{'D3'},{'D4'},{'D7'},{'D2'},{'D1'},{'R3'},{'R2'},{'R1'},&,25.0,&
{'D5'},{'D6'},{'D3'},{'D4'},{'D7'},{'D2'},{'D1'},{'R3'},{'R1'},{'R2'},&,21.0,&
{'D5'},{'D6'},{'D3'},{'D4'},{'D7'},{'D2'},{'R2'},{'R3'},{'D1'},{'R1'},&,1.0,&
{'D5'},{'D6'},{'D3'},{'D4'},{'D7'},{'D2'},{'R2'},{'D1'},{'R3'},{'R1'},&,4.0,&
{'D5'},{'D6'},{'D3'},{'D4'},{'D7'},{'D2'},{'R2'},{'D1'},{'R1'},{'R3'},&,1.0,&
{'D5'},{'D6'},{'D3'},{'D4'},{'D7'},{'D2'},{'R1'},{'R3'},{'R2'},{'D1'},&,1.0,&
{'D5'},{'D6'},{'D3'},{'D4'},{'D7'},{'D2'},{'R1'},{'D1'},{'R2'},{'R3'},&,3.0,&
{'D5'},{'D6'},{'D3'},{'D4'},{'D7'},{'D2'},{'R1'},{'D1'},{'R3'},{'R2'},&,9.0,&
{'D5'},{'D6'},{'D3'},{'D4'},{'D7'},{'R2'},{'D2'},{'R1'},{'D1'},{'R3'},&,1.0,&
{'D5'},{'D6'},{'D3'},{'D4'},{'D7'},{'R2'},{'D2'},{'R3'},{'D1'},{'R1'},&,1.0,&
{'D5'},{'D6'},{'D3'},{'D4'},{'D7'},{'R2'},{'D2'},{'D1'},{'R3'},{'R1'},&,1.0,&
{'D5'},{'D6'},{'D3'},{'D4'},{'D7'},{'R2'},{'D1'},{'D2'},{'R3'},{'R1'},&,1.0,&
{'D5'},{'D6'},{'D3'},{'D4'},{'D7'},{'R2'},{'D1'},{'D2'},{'R1'},{'R3'},&,1.0,&
{'D5'},{'D6'},{'D3'},{'D4'},{'D7'},{'R1'},{'R3'},{'D2'},{'D1'},{'R2'},&,1.0,&
{'D5'},{'D6'},{'D3'},{'D4'},{'D7'},{'R1'},{'D1'},{'D2'},{'R2'},{'R3'},&,1.0,&
{'D5'},{'D6'},{'D3'},{'D4'},{'D7'},{'R1'},{'D1'},{'D2'},{'R3'},{'R2'},&,1.0,&
{'D5'},{'D6'},{'D3'},{'D4'},{'D7'},{'R3'},{'D2'},{'R1'},{'D1'},{'R2'},&,1.0,&
{'D5'},{'D6'},{'D3'},{'D4'},{'D7'},{'R3'},{'D2'},{'R2'},{'D1'},{'R1'},&,1.0,&
{'D5'},{'D6'},{'D3'},{'D4'},{'D7'},{'R3'},{'D2'},{'D1'},{'R2'},{'R1'},&,4.0,&
{'D5'},{'D6'},{'D3'},{'D4'},{'D7'},{'R3'},{'D2'},{'D1'},{'R1'},{'R2'},&,4.0,&
{'D5'},{'D6'},{'D3'},{'D4'},{'D7'},{'R3'},{'D1'},{'D2'},{'R2'},{'R1'},&,1.0,&
{'D5'},{'D6'},{'D3'},{'D4'},{'D7'},{'R3'},{'D1'},{'R1'},{'D2'},{'R2'},&,3.0,&
{'D5'},{'D6'},{'D3'},{'D4'},{'D2'},{'D7'},{'R3'},{'R2'},{'R1'},{'D1'},&,1.0,&
{'D5'},{'D6'},{'D3'},{'D4'},{'D2'},{'D7'},{'R3'},{'R2'},{'D1'},{'R1'},&,1.0,&
{'D5'},{'D6'},{'D3'},{'D4'},{'D2'},{'D7'},{'R3'},{'D1'},{'R2'},{'R1'},&,4.0,&
{'D5'},{'D6'},{'D3'},{'D4'},{'D2'},{'D7'},{'R3'},{'D1'},{'R1'},{'R2'},&,5.0,&
{'D5'},{'D6'},{'D3'},{'D4'},{'D2'},{'D7'},{'D1'},{'R1'},{'R2'},{'R3'},&,5.0,&
{'D5'},{'D6'},{'D3'},{'D4'},{'D2'},{'D7'},{'D1'},{'R1'},{'R3'},{'R2'},&,8.0,&
{'D5'},{'D6'},{'D3'},{'D4'},{'D2'},{'D7'},{'D1'},{'R2'},{'R3'},{'R1'},&,11.0,&
{'D5'},{'D6'},{'D3'},{'D4'},{'D2'},{'D7'},{'D1'},{'R2'},{'R1'},{'R3'},&,1.0,&
{'D5'},{'D6'},{'D3'},{'D4'},{'D2'},{'D7'},{'D1'},{'R3'},{'R2'},{'R1'},&,12.0,&
{'D5'},{'D6'},{'D3'},{'D4'},{'D2'},{'D7'},{'D1'},{'R3'},{'R1'},{'R2'},&,20.0,&
{'D5'},{'D6'},{'D3'},{'D4'},{'D2'},{'D7'},{'R2'},{'R1'},{'D1'},{'R3'},&,1.0,&
{'D5'},{'D6'},{'D3'},{'D4'},{'D2'},{'D7'},{'R2'},{'R3'},{'D1'},{'R1'},&,1.0,&
{'D5'},{'D6'},{'D3'},{'D4'},{'D2'},{'D7'},{'R2'},{'D1'},{'R3'},{'R1'},&,3.0,&
{'D5'},{'D6'},{'D3'},{'D4'},{'D2'},{'D7'},{'R2'},{'D1'},{'R1'},{'R3'},&,1.0,&
{'D5'},{'D6'},{'D3'},{'D4'},{'D2'},{'D7'},{'R1'},{'R3'},{'D1'},{'R2'},&,1.0,&
{'D5'},{'D6'},{'D3'},{'D4'},{'D2'},{'D7'},{'R1'},{'D1'},{'R2'},{'R3'},&,1.0,&
{'D5'},{'D6'},{'D3'},{'D4'},{'D2'},{'D7'},{'R1'},{'D1'},{'R3'},{'R2'},&,1.0,&
{'D5'},{'D6'},{'D3'},{'D4'},{'D2'},{'D1'},{'R3'},{'D7'},{'R1'},{'R2'},&,6.0,&
{'D5'},{'D6'},{'D3'},{'D4'},{'D2'},{'D1'},{'R2'},{'R1'},{'D7'},{'R3'},&,1.0,&
{'D5'},{'D6'},{'D3'},{'D4'},{'D2'},{'D1'},{'R2'},{'D7'},{'R1'},{'R3'},&,1.0,&
{'D5'},{'D6'},{'D3'},{'D4'},{'D2'},{'D1'},{'D7'},{'R1'},{'R2'},{'R3'},&,2.0,&
{'D5'},{'D6'},{'D3'},{'D4'},{'D2'},{'D1'},{'D7'},{'R1'},{'R3'},{'R2'},&,1.0,&
{'D5'},{'D6'},{'D3'},{'D4'},{'D2'},{'D1'},{'D7'},{'R2'},{'R3'},{'R1'},&,5.0,&
{'D5'},{'D6'},{'D3'},{'D4'},{'D2'},{'D1'},{'D7'},{'R2'},{'R1'},{'R3'},&,1.0,&
{'D5'},{'D6'},{'D3'},{'D4'},{'D2'},{'D1'},{'D7'},{'R3'},{'R2'},{'R1'},&,11.0,&
{'D5'},{'D6'},{'D3'},{'D4'},{'D2'},{'D1'},{'D7'},{'R3'},{'R1'},{'R2'},&,16.0,&
{'D5'},{'D6'},{'D3'},{'D4'},{'D2'},{'D1'},{'R1'},{'D7'},{'R3'},{'R2'},&,1.0,&
{'D5'},{'D6'},{'D3'},{'D4'},{'D2'},{'R2'},{'D1'},{'R1'},{'D7'},{'R3'},&,1.0,&
{'D5'},{'D6'},{'D3'},{'D4'},{'D2'},{'R2'},{'D7'},{'D1'},{'R3'},{'R1'},&,1.0,&
{'D5'},{'D6'},{'D3'},{'D4'},{'D2'},{'R1'},{'D7'},{'D1'},{'R3'},{'R2'},&,1.0,&
{'D5'},{'D6'},{'D3'},{'D4'},{'D2'},{'R3'},{'D1'},{'D7'},{'R1'},{'R2'},&,1.0,&
{'D5'},{'D6'},{'D3'},{'D4'},{'D2'},{'R3'},{'D7'},{'R1'},{'D1'},{'R2'},&,1.0,&
{'D5'},{'D6'},{'D3'},{'D4'},{'D2'},{'R3'},{'D7'},{'D1'},{'R2'},{'R1'},&,2.0,&
{'D5'},{'D6'},{'D3'},{'D4'},{'R3'},{'D7'},{'D2'},{'D1'},{'R1'},{'R2'},&,1.0,&
{'D5'},{'D6'},{'D3'},{'D4'},{'R3'},{'D7'},{'D1'},{'R1'},{'R2'},{'D2'},&,1.0,&
{'D5'},{'D6'},{'D3'},{'D4'},{'R3'},{'D1'},{'D2'},{'D7'},{'R2'},{'R1'},&,1.0,&
{'D5'},{'D6'},{'D3'},{'D4'},{'R3'},{'D1'},{'D7'},{'D2'},{'R1'},{'R2'},&,1.0,&
{'D5'},{'D6'},{'D3'},{'D4'},{'R3'},{'D2'},{'D7'},{'D1'},{'R1'},{'R2'},&,2.0,&
{'D5'},{'D6'},{'D3'},{'D4'},{'R2'},{'D7'},{'D2'},{'D1'},{'R3'},{'R1'},&,1.0,&
{'D5'},{'D6'},{'D3'},{'D4'},{'R1'},{'D7'},{'D2'},{'R3'},{'R2'},{'D1'},&,1.0,&
{'D5'},{'D6'},{'D3'},{'D4'},{'R1'},{'D7'},{'D1'},{'R3'},{'R2'},{'D2'},&,1.0,&
{'D5'},{'D6'},{'D3'},{'D4'},{'R1'},{'D1'},{'D7'},{'D2'},{'R2'},{'R3'},&,1.0,&
{'D5'},{'D6'},{'D3'},{'D4'},{'R1'},{'D2'},{'D7'},{'R2'},{'D1'},{'R3'},&,1.0,&
{'D5'},{'D6'},{'D3'},{'R3'},{'D1'},{'D4'},{'D2'},{'D7'},{'R2'},{'R1'},&,1.0,&
{'D5'},{'D6'},{'D3'},{'R3'},{'D2'},{'D7'},{'D4'},{'R1'},{'D1'},{'R2'},&,1.0,&
{'D5'},{'D6'},{'D3'},{'R3'},{'D4'},{'D1'},{'D7'},{'D2'},{'R2'},{'R1'},&,1.0,&
{'D5'},{'D6'},{'D1'},{'D7'},{'D2'},{'D4'},{'R3'},{'R1'},{'D3'},{'R2'},&,1.0,&
{'D5'},{'D6'},{'D1'},{'D7'},{'D2'},{'D4'},{'R3'},{'D3'},{'R1'},{'R2'},&,1.0,&
{'D5'},{'D6'},{'D1'},{'D7'},{'D2'},{'D4'},{'D3'},{'R1'},{'R3'},{'R2'},&,2.0,&
{'D5'},{'D6'},{'D1'},{'D7'},{'D2'},{'D4'},{'D3'},{'R2'},{'R3'},{'R1'},&,1.0,&
{'D5'},{'D6'},{'D1'},{'D7'},{'D2'},{'D4'},{'D3'},{'R3'},{'R2'},{'R1'},&,1.0,&
{'D5'},{'D6'},{'D1'},{'D7'},{'D2'},{'D4'},{'D3'},{'R3'},{'R1'},{'R2'},&,1.0,&
{'D5'},{'D6'},{'D1'},{'D7'},{'D2'},{'D3'},{'R3'},{'R2'},{'D4'},{'R1'},&,1.0,&
{'D5'},{'D6'},{'D1'},{'D7'},{'D2'},{'D3'},{'D4'},{'R1'},{'R2'},{'R3'},&,1.0,&
{'D5'},{'D6'},{'D1'},{'D7'},{'D2'},{'D3'},{'D4'},{'R1'},{'R3'},{'R2'},&,3.0,&
{'D5'},{'D6'},{'D1'},{'D7'},{'D2'},{'D3'},{'D4'},{'R3'},{'R2'},{'R1'},&,6.0,&
{'D5'},{'D6'},{'D1'},{'D7'},{'D3'},{'D4'},{'R3'},{'D2'},{'R2'},{'R1'},&,4.0,&
{'D5'},{'D6'},{'D1'},{'D7'},{'D3'},{'D4'},{'R3'},{'R1'},{'R2'},{'D2'},&,1.0,&
{'D5'},{'D6'},{'D1'},{'D7'},{'D3'},{'D4'},{'R3'},{'R2'},{'D2'},{'R1'},&,1.0,&
{'D5'},{'D6'},{'D1'},{'D7'},{'D3'},{'D4'},{'D2'},{'R1'},{'R2'},{'R3'},&,3.0,&
{'D5'},{'D6'},{'D1'},{'D7'},{'D3'},{'D4'},{'D2'},{'R1'},{'R3'},{'R2'},&,6.0,&
{'D5'},{'D6'},{'D1'},{'D7'},{'D3'},{'D4'},{'D2'},{'R2'},{'R3'},{'R1'},&,6.0,&
{'D5'},{'D6'},{'D1'},{'D7'},{'D3'},{'D4'},{'D2'},{'R2'},{'R1'},{'R3'},&,2.0,&
{'D5'},{'D6'},{'D1'},{'D7'},{'D3'},{'D4'},{'D2'},{'R3'},{'R2'},{'R1'},&,6.0,&
{'D5'},{'D6'},{'D1'},{'D7'},{'D3'},{'D4'},{'D2'},{'R3'},{'R1'},{'R2'},&,10.0,&
{'D5'},{'D6'},{'D1'},{'D7'},{'D3'},{'D4'},{'R2'},{'D2'},{'R3'},{'R1'},&,1.0,&
{'D5'},{'D6'},{'D1'},{'D7'},{'D3'},{'D4'},{'R2'},{'R1'},{'D2'},{'R3'},&,1.0,&
{'D5'},{'D6'},{'D1'},{'D7'},{'D3'},{'D4'},{'R1'},{'D2'},{'R2'},{'R3'},&,1.0,&
{'D5'},{'D6'},{'D1'},{'D7'},{'D3'},{'D4'},{'R1'},{'D2'},{'R3'},{'R2'},&,3.0,&
{'D5'},{'D6'},{'D1'},{'D7'},{'D3'},{'D4'},{'R1'},{'R2'},{'D2'},{'R3'},&,1.0,&
{'D5'},{'D6'},{'D1'},{'D7'},{'D3'},{'D4'},{'R1'},{'R3'},{'R2'},{'D2'},&,1.0,&
{'D5'},{'D6'},{'D1'},{'D7'},{'D3'},{'D2'},{'R3'},{'D4'},{'R1'},{'R2'},&,2.0,&
{'D5'},{'D6'},{'D1'},{'D7'},{'D3'},{'D2'},{'D4'},{'R1'},{'R2'},{'R3'},&,1.0,&
{'D5'},{'D6'},{'D1'},{'D7'},{'D3'},{'D2'},{'D4'},{'R1'},{'R3'},{'R2'},&,3.0,&
{'D5'},{'D6'},{'D1'},{'D7'},{'D3'},{'D2'},{'D4'},{'R2'},{'R3'},{'R1'},&,2.0,&
{'D5'},{'D6'},{'D1'},{'D7'},{'D3'},{'D2'},{'D4'},{'R2'},{'R1'},{'R3'},&,3.0,&
{'D5'},{'D6'},{'D1'},{'D7'},{'D3'},{'D2'},{'D4'},{'R3'},{'R2'},{'R1'},&,4.0,&
{'D5'},{'D6'},{'D1'},{'D7'},{'D3'},{'D2'},{'D4'},{'R3'},{'R1'},{'R2'},&,7.0,&
{'D5'},{'D6'},{'D1'},{'D7'},{'D3'},{'D2'},{'R1'},{'D4'},{'R3'},{'R2'},&,2.0,&
{'D5'},{'D6'},{'D1'},{'D7'},{'D3'},{'R2'},{'D4'},{'D2'},{'R3'},{'R1'},&,2.0,&
{'D5'},{'D6'},{'D1'},{'D7'},{'D3'},{'R2'},{'D4'},{'R3'},{'D2'},{'R1'},&,1.0,&
{'D5'},{'D6'},{'D1'},{'D7'},{'D3'},{'R1'},{'D4'},{'D2'},{'R3'},{'R2'},&,1.0,&
{'D5'},{'D6'},{'D1'},{'D7'},{'D3'},{'R3'},{'D2'},{'D4'},{'R1'},{'R2'},&,2.0,&
{'D5'},{'D6'},{'D1'},{'D7'},{'D3'},{'R3'},{'D4'},{'D2'},{'R1'},{'R2'},&,1.0,&
{'D5'},{'D6'},{'D1'},{'D7'},{'D4'},{'D2'},{'R3'},{'D3'},{'R2'},{'R1'},&,1.0,&
{'D5'},{'D6'},{'D1'},{'D7'},{'D4'},{'D2'},{'R3'},{'D3'},{'R1'},{'R2'},&,1.0,&
{'D5'},{'D6'},{'D1'},{'D7'},{'D4'},{'D2'},{'D3'},{'R3'},{'R2'},{'R1'},&,3.0,&
{'D5'},{'D6'},{'D1'},{'D7'},{'D4'},{'D3'},{'R3'},{'D2'},{'R1'},{'R2'},&,1.0,&
{'D5'},{'D6'},{'D1'},{'D7'},{'D4'},{'D3'},{'R3'},{'R1'},{'D2'},{'R2'},&,1.0,&
{'D5'},{'D6'},{'D1'},{'D7'},{'D4'},{'D3'},{'D2'},{'R1'},{'R2'},{'R3'},&,3.0,&
{'D5'},{'D6'},{'D1'},{'D7'},{'D4'},{'D3'},{'D2'},{'R1'},{'R3'},{'R2'},&,3.0,&
{'D5'},{'D6'},{'D1'},{'D7'},{'D4'},{'D3'},{'D2'},{'R2'},{'R3'},{'R1'},&,7.0,&
{'D5'},{'D6'},{'D1'},{'D7'},{'D4'},{'D3'},{'D2'},{'R3'},{'R2'},{'R1'},&,7.0,&
{'D5'},{'D6'},{'D1'},{'D7'},{'D4'},{'D3'},{'D2'},{'R3'},{'R1'},{'R2'},&,6.0,&
{'D5'},{'D6'},{'D1'},{'D7'},{'D4'},{'D3'},{'R2'},{'D2'},{'R1'},{'R3'},&,1.0,&
{'D5'},{'D6'},{'D1'},{'D7'},{'D4'},{'D3'},{'R1'},{'D2'},{'R2'},{'R3'},&,2.0,&
{'D5'},{'D6'},{'D1'},{'D7'},{'D4'},{'D3'},{'R1'},{'D2'},{'R3'},{'R2'},&,2.0,&
{'D5'},{'D6'},{'D1'},{'D7'},{'D4'},{'R2'},{'D3'},{'D2'},{'R1'},{'R3'},&,1.0,&
{'D5'},{'D6'},{'D1'},{'D7'},{'R3'},{'D4'},{'D2'},{'R2'},{'R1'},{'D3'},&,1.0,&
{'D5'},{'D6'},{'D1'},{'D7'},{'R2'},{'D4'},{'D3'},{'D2'},{'R1'},{'R3'},&,1.0,&
{'D5'},{'D6'},{'D1'},{'D7'},{'R1'},{'D3'},{'D4'},{'D2'},{'R3'},{'R2'},&,1.0,&
{'D5'},{'D6'},{'D1'},{'D2'},{'D7'},{'D4'},{'R3'},{'D3'},{'R2'},{'R1'},&,1.0,&
{'D5'},{'D6'},{'D1'},{'D2'},{'D7'},{'D4'},{'R3'},{'D3'},{'R1'},{'R2'},&,1.0,&
{'D5'},{'D6'},{'D1'},{'D2'},{'D7'},{'D4'},{'D3'},{'R1'},{'R3'},{'R2'},&,1.0,&
{'D5'},{'D6'},{'D1'},{'D2'},{'D7'},{'D4'},{'D3'},{'R3'},{'R1'},{'R2'},&,3.0,&
{'D5'},{'D6'},{'D1'},{'D2'},{'D7'},{'D3'},{'R3'},{'D4'},{'R2'},{'R1'},&,2.0,&
{'D5'},{'D6'},{'D1'},{'D2'},{'D7'},{'D3'},{'R3'},{'D4'},{'R1'},{'R2'},&,1.0,&
{'D5'},{'D6'},{'D1'},{'D2'},{'D7'},{'D3'},{'D4'},{'R1'},{'R2'},{'R3'},&,1.0,&
{'D5'},{'D6'},{'D1'},{'D2'},{'D7'},{'D3'},{'D4'},{'R1'},{'R3'},{'R2'},&,2.0,&
{'D5'},{'D6'},{'D1'},{'D2'},{'D7'},{'D3'},{'D4'},{'R2'},{'R3'},{'R1'},&,4.0,&
{'D5'},{'D6'},{'D1'},{'D2'},{'D7'},{'D3'},{'D4'},{'R3'},{'R2'},{'R1'},&,2.0,&
{'D5'},{'D6'},{'D1'},{'D2'},{'D7'},{'D3'},{'D4'},{'R3'},{'R1'},{'R2'},&,7.0,&
{'D5'},{'D6'},{'D1'},{'D2'},{'D7'},{'R3'},{'D4'},{'D3'},{'R2'},{'R1'},&,1.0,&
{'D5'},{'D6'},{'D1'},{'D2'},{'D7'},{'R3'},{'D4'},{'D3'},{'R1'},{'R2'},&,1.0,&
{'D5'},{'D6'},{'D1'},{'D2'},{'D3'},{'D4'},{'R3'},{'R2'},{'R1'},{'D7'},&,1.0,&
{'D5'},{'D6'},{'D1'},{'D2'},{'D3'},{'D4'},{'R3'},{'D7'},{'R1'},{'R2'},&,2.0,&
{'D5'},{'D6'},{'D1'},{'D2'},{'D3'},{'D4'},{'D7'},{'R1'},{'R2'},{'R3'},&,1.0,&
{'D5'},{'D6'},{'D1'},{'D2'},{'D3'},{'D4'},{'D7'},{'R2'},{'R3'},{'R1'},&,2.0,&
{'D5'},{'D6'},{'D1'},{'D2'},{'D3'},{'D4'},{'D7'},{'R3'},{'R2'},{'R1'},&,1.0,&
{'D5'},{'D6'},{'D1'},{'D2'},{'D3'},{'D4'},{'D7'},{'R3'},{'R1'},{'R2'},&,11.0,&
{'D5'},{'D6'},{'D1'},{'D2'},{'D3'},{'D4'},{'R1'},{'D7'},{'R3'},{'R2'},&,1.0,&
{'D5'},{'D6'},{'D1'},{'D2'},{'D3'},{'D7'},{'R3'},{'R1'},{'D4'},{'R2'},&,1.0,&
{'D5'},{'D6'},{'D1'},{'D2'},{'D3'},{'D7'},{'R3'},{'D4'},{'R2'},{'R1'},&,1.0,&
{'D5'},{'D6'},{'D1'},{'D2'},{'D3'},{'D7'},{'D4'},{'R1'},{'R2'},{'R3'},&,3.0,&
{'D5'},{'D6'},{'D1'},{'D2'},{'D3'},{'D7'},{'D4'},{'R1'},{'R3'},{'R2'},&,5.0,&
{'D5'},{'D6'},{'D1'},{'D2'},{'D3'},{'D7'},{'D4'},{'R2'},{'R3'},{'R1'},&,2.0,&
{'D5'},{'D6'},{'D1'},{'D2'},{'D3'},{'D7'},{'D4'},{'R2'},{'R1'},{'R3'},&,1.0,&
{'D5'},{'D6'},{'D1'},{'D2'},{'D3'},{'D7'},{'D4'},{'R3'},{'R2'},{'R1'},&,6.0,&
{'D5'},{'D6'},{'D1'},{'D2'},{'D3'},{'D7'},{'D4'},{'R3'},{'R1'},{'R2'},&,4.0,&
{'D5'},{'D6'},{'D1'},{'D2'},{'D3'},{'D7'},{'R2'},{'R3'},{'D4'},{'R1'},&,1.0,&
{'D5'},{'D6'},{'D1'},{'D2'},{'D3'},{'D7'},{'R2'},{'D4'},{'R1'},{'R3'},&,1.0,&
{'D5'},{'D6'},{'D1'},{'D2'},{'D3'},{'D7'},{'R1'},{'D4'},{'R2'},{'R3'},&,1.0,&
{'D5'},{'D6'},{'D1'},{'D2'},{'D3'},{'R2'},{'D4'},{'R3'},{'R1'},{'D7'},&,1.0,&
{'D5'},{'D6'},{'D1'},{'D2'},{'D3'},{'R2'},{'D4'},{'R3'},{'D7'},{'R1'},&,1.0,&
{'D5'},{'D6'},{'D1'},{'D2'},{'D3'},{'R1'},{'D4'},{'D7'},{'R3'},{'R2'},&,1.0,&
{'D5'},{'D6'},{'D1'},{'D2'},{'D3'},{'R3'},{'D7'},{'D4'},{'R2'},{'R1'},&,2.0,&
{'D5'},{'D6'},{'D1'},{'D2'},{'D4'},{'D7'},{'D3'},{'R2'},{'R3'},{'R1'},&,1.0,&
{'D5'},{'D6'},{'D1'},{'D2'},{'D4'},{'D7'},{'D3'},{'R2'},{'R1'},{'R3'},&,2.0,&
{'D5'},{'D6'},{'D1'},{'D2'},{'D4'},{'D3'},{'R3'},{'R1'},{'D7'},{'R2'},&,1.0,&
{'D5'},{'D6'},{'D1'},{'D2'},{'D4'},{'D3'},{'R3'},{'D7'},{'R2'},{'R1'},&,1.0,&
{'D5'},{'D6'},{'D1'},{'D2'},{'D4'},{'D3'},{'D7'},{'R1'},{'R3'},{'R2'},&,2.0,&
{'D5'},{'D6'},{'D1'},{'D2'},{'D4'},{'D3'},{'D7'},{'R2'},{'R3'},{'R1'},&,1.0,&
{'D5'},{'D6'},{'D1'},{'D2'},{'D4'},{'D3'},{'D7'},{'R2'},{'R1'},{'R3'},&,1.0,&
{'D5'},{'D6'},{'D1'},{'D2'},{'D4'},{'D3'},{'D7'},{'R3'},{'R2'},{'R1'},&,3.0,&
{'D5'},{'D6'},{'D1'},{'D2'},{'D4'},{'D3'},{'D7'},{'R3'},{'R1'},{'R2'},&,3.0,&
{'D5'},{'D6'},{'D1'},{'D2'},{'D4'},{'R3'},{'D3'},{'D7'},{'R2'},{'R1'},&,1.0,&
{'D5'},{'D6'},{'D1'},{'D2'},{'R3'},{'D7'},{'D3'},{'D4'},{'R1'},{'R2'},&,1.0,&
{'D5'},{'D6'},{'D1'},{'D3'},{'D7'},{'D4'},{'R3'},{'D2'},{'R2'},{'R1'},&,2.0,&
{'D5'},{'D6'},{'D1'},{'D3'},{'D7'},{'D4'},{'R3'},{'D2'},{'R1'},{'R2'},&,5.0,&
{'D5'},{'D6'},{'D1'},{'D3'},{'D7'},{'D4'},{'D2'},{'R1'},{'R2'},{'R3'},&,2.0,&
{'D5'},{'D6'},{'D1'},{'D3'},{'D7'},{'D4'},{'D2'},{'R1'},{'R3'},{'R2'},&,11.0,&
{'D5'},{'D6'},{'D1'},{'D3'},{'D7'},{'D4'},{'D2'},{'R2'},{'R3'},{'R1'},&,9.0,&
{'D5'},{'D6'},{'D1'},{'D3'},{'D7'},{'D4'},{'D2'},{'R2'},{'R1'},{'R3'},&,2.0,&
{'D5'},{'D6'},{'D1'},{'D3'},{'D7'},{'D4'},{'D2'},{'R3'},{'R2'},{'R1'},&,21.0,&
{'D5'},{'D6'},{'D1'},{'D3'},{'D7'},{'D4'},{'D2'},{'R3'},{'R1'},{'R2'},&,12.0,&
{'D5'},{'D6'},{'D1'},{'D3'},{'D7'},{'D4'},{'R2'},{'D2'},{'R3'},{'R1'},&,2.0,&
{'D5'},{'D6'},{'D1'},{'D3'},{'D7'},{'D4'},{'R2'},{'D2'},{'R1'},{'R3'},&,2.0,&
{'D5'},{'D6'},{'D1'},{'D3'},{'D7'},{'D4'},{'R1'},{'D2'},{'R3'},{'R2'},&,4.0,&
{'D5'},{'D6'},{'D1'},{'D3'},{'D7'},{'D2'},{'R3'},{'R1'},{'R2'},{'D4'},&,1.0,&
{'D5'},{'D6'},{'D1'},{'D3'},{'D7'},{'D2'},{'R3'},{'R2'},{'D4'},{'R1'},&,2.0,&
{'D5'},{'D6'},{'D1'},{'D3'},{'D7'},{'D2'},{'R3'},{'D4'},{'R2'},{'R1'},&,1.0,&
{'D5'},{'D6'},{'D1'},{'D3'},{'D7'},{'D2'},{'R3'},{'D4'},{'R1'},{'R2'},&,2.0,&
{'D5'},{'D6'},{'D1'},{'D3'},{'D7'},{'D2'},{'D4'},{'R1'},{'R3'},{'R2'},&,4.0,&
{'D5'},{'D6'},{'D1'},{'D3'},{'D7'},{'D2'},{'D4'},{'R2'},{'R3'},{'R1'},&,5.0,&
{'D5'},{'D6'},{'D1'},{'D3'},{'D7'},{'D2'},{'D4'},{'R3'},{'R2'},{'R1'},&,5.0,&
{'D5'},{'D6'},{'D1'},{'D3'},{'D7'},{'D2'},{'D4'},{'R3'},{'R1'},{'R2'},&,9.0,&
{'D5'},{'D6'},{'D1'},{'D3'},{'D7'},{'D2'},{'R2'},{'D4'},{'R3'},{'R1'},&,1.0,&
{'D5'},{'D6'},{'D1'},{'D3'},{'D7'},{'D2'},{'R1'},{'R3'},{'R2'},{'D4'},&,1.0,&
{'D5'},{'D6'},{'D1'},{'D3'},{'D7'},{'D2'},{'R1'},{'R3'},{'D4'},{'R2'},&,1.0,&
{'D5'},{'D6'},{'D1'},{'D3'},{'D7'},{'R2'},{'D4'},{'R1'},{'D2'},{'R3'},&,1.0,&
{'D5'},{'D6'},{'D1'},{'D3'},{'D7'},{'R1'},{'D2'},{'R2'},{'R3'},{'D4'},&,1.0,&
{'D5'},{'D6'},{'D1'},{'D3'},{'D7'},{'R1'},{'D2'},{'D4'},{'R2'},{'R3'},&,1.0,&
{'D5'},{'D6'},{'D1'},{'D3'},{'D7'},{'R3'},{'D2'},{'R1'},{'D4'},{'R2'},&,1.0,&
{'D5'},{'D6'},{'D1'},{'D3'},{'D7'},{'R3'},{'D2'},{'D4'},{'R2'},{'R1'},&,1.0,&
{'D5'},{'D6'},{'D1'},{'D3'},{'D2'},{'D4'},{'R3'},{'D7'},{'R2'},{'R1'},&,2.0,&
{'D5'},{'D6'},{'D1'},{'D3'},{'D2'},{'D4'},{'R3'},{'D7'},{'R1'},{'R2'},&,1.0,&
{'D5'},{'D6'},{'D1'},{'D3'},{'D2'},{'D4'},{'D7'},{'R1'},{'R2'},{'R3'},&,2.0,&
{'D5'},{'D6'},{'D1'},{'D3'},{'D2'},{'D4'},{'D7'},{'R1'},{'R3'},{'R2'},&,2.0,&
{'D5'},{'D6'},{'D1'},{'D3'},{'D2'},{'D4'},{'D7'},{'R2'},{'R3'},{'R1'},&,1.0,&
{'D5'},{'D6'},{'D1'},{'D3'},{'D2'},{'D4'},{'D7'},{'R2'},{'R1'},{'R3'},&,1.0,&
{'D5'},{'D6'},{'D1'},{'D3'},{'D2'},{'D4'},{'D7'},{'R3'},{'R2'},{'R1'},&,3.0,&
{'D5'},{'D6'},{'D1'},{'D3'},{'D2'},{'D4'},{'D7'},{'R3'},{'R1'},{'R2'},&,4.0,&
{'D5'},{'D6'},{'D1'},{'D3'},{'D2'},{'D7'},{'R3'},{'D4'},{'R1'},{'R2'},&,2.0,&
{'D5'},{'D6'},{'D1'},{'D3'},{'D2'},{'D7'},{'D4'},{'R1'},{'R2'},{'R3'},&,1.0,&
{'D5'},{'D6'},{'D1'},{'D3'},{'D2'},{'D7'},{'D4'},{'R1'},{'R3'},{'R2'},&,2.0,&
{'D5'},{'D6'},{'D1'},{'D3'},{'D2'},{'D7'},{'D4'},{'R2'},{'R3'},{'R1'},&,1.0,&
{'D5'},{'D6'},{'D1'},{'D3'},{'D2'},{'D7'},{'D4'},{'R3'},{'R2'},{'R1'},&,9.0,&
{'D5'},{'D6'},{'D1'},{'D3'},{'D2'},{'D7'},{'D4'},{'R3'},{'R1'},{'R2'},&,8.0,&
{'D5'},{'D6'},{'D1'},{'D3'},{'D2'},{'D7'},{'R1'},{'R3'},{'D4'},{'R2'},&,1.0,&
{'D5'},{'D6'},{'D1'},{'D3'},{'D2'},{'R3'},{'D4'},{'D7'},{'R2'},{'R1'},&,1.0,&
{'D5'},{'D6'},{'D1'},{'D3'},{'D2'},{'R3'},{'D7'},{'R2'},{'R1'},{'D4'},&,1.0,&
{'D5'},{'D6'},{'D1'},{'D3'},{'D2'},{'R3'},{'D7'},{'D4'},{'R2'},{'R1'},&,1.0,&
{'D5'},{'D6'},{'D1'},{'D3'},{'D4'},{'D7'},{'R3'},{'D2'},{'R2'},{'R1'},&,3.0,&
{'D5'},{'D6'},{'D1'},{'D3'},{'D4'},{'D7'},{'R3'},{'D2'},{'R1'},{'R2'},&,7.0,&
{'D5'},{'D6'},{'D1'},{'D3'},{'D4'},{'D7'},{'R3'},{'R1'},{'R2'},{'D2'},&,1.0,&
{'D5'},{'D6'},{'D1'},{'D3'},{'D4'},{'D7'},{'R3'},{'R1'},{'D2'},{'R2'},&,1.0,&
{'D5'},{'D6'},{'D1'},{'D3'},{'D4'},{'D7'},{'R3'},{'R2'},{'D2'},{'R1'},&,1.0,&
{'D5'},{'D6'},{'D1'},{'D3'},{'D4'},{'D7'},{'D2'},{'R1'},{'R2'},{'R3'},&,3.0,&
{'D5'},{'D6'},{'D1'},{'D3'},{'D4'},{'D7'},{'D2'},{'R1'},{'R3'},{'R2'},&,6.0,&
{'D5'},{'D6'},{'D1'},{'D3'},{'D4'},{'D7'},{'D2'},{'R2'},{'R3'},{'R1'},&,10.0,&
{'D5'},{'D6'},{'D1'},{'D3'},{'D4'},{'D7'},{'D2'},{'R2'},{'R1'},{'R3'},&,5.0,&
{'D5'},{'D6'},{'D1'},{'D3'},{'D4'},{'D7'},{'D2'},{'R3'},{'R2'},{'R1'},&,11.0,&
{'D5'},{'D6'},{'D1'},{'D3'},{'D4'},{'D7'},{'D2'},{'R3'},{'R1'},{'R2'},&,6.0,&
{'D5'},{'D6'},{'D1'},{'D3'},{'D4'},{'D7'},{'R2'},{'D2'},{'R3'},{'R1'},&,1.0,&
{'D5'},{'D6'},{'D1'},{'D3'},{'D4'},{'D7'},{'R2'},{'D2'},{'R1'},{'R3'},&,2.0,&
{'D5'},{'D6'},{'D1'},{'D3'},{'D4'},{'D7'},{'R1'},{'D2'},{'R2'},{'R3'},&,2.0,&
{'D5'},{'D6'},{'D1'},{'D3'},{'D4'},{'D7'},{'R1'},{'D2'},{'R3'},{'R2'},&,1.0,&
{'D5'},{'D6'},{'D1'},{'D3'},{'D4'},{'D2'},{'R3'},{'R1'},{'R2'},{'D7'},&,1.0,&
{'D5'},{'D6'},{'D1'},{'D3'},{'D4'},{'D2'},{'R3'},{'D7'},{'R2'},{'R1'},&,1.0,&
{'D5'},{'D6'},{'D1'},{'D3'},{'D4'},{'D2'},{'R3'},{'D7'},{'R1'},{'R2'},&,1.0,&
{'D5'},{'D6'},{'D1'},{'D3'},{'D4'},{'D2'},{'D7'},{'R1'},{'R2'},{'R3'},&,4.0,&
{'D5'},{'D6'},{'D1'},{'D3'},{'D4'},{'D2'},{'D7'},{'R1'},{'R3'},{'R2'},&,5.0,&
{'D5'},{'D6'},{'D1'},{'D3'},{'D4'},{'D2'},{'D7'},{'R2'},{'R3'},{'R1'},&,5.0,&
{'D5'},{'D6'},{'D1'},{'D3'},{'D4'},{'D2'},{'D7'},{'R3'},{'R2'},{'R1'},&,9.0,&
{'D5'},{'D6'},{'D1'},{'D3'},{'D4'},{'D2'},{'D7'},{'R3'},{'R1'},{'R2'},&,2.0,&
{'D5'},{'D6'},{'D1'},{'D3'},{'D4'},{'D2'},{'R1'},{'D7'},{'R2'},{'R3'},&,1.0,&
{'D5'},{'D6'},{'D1'},{'D3'},{'D4'},{'D2'},{'R1'},{'D7'},{'R3'},{'R2'},&,1.0,&
{'D5'},{'D6'},{'D1'},{'D3'},{'D4'},{'R2'},{'D7'},{'D2'},{'R3'},{'R1'},&,3.0,&
{'D5'},{'D6'},{'D1'},{'D3'},{'D4'},{'R1'},{'D2'},{'D7'},{'R3'},{'R2'},&,1.0,&
{'D5'},{'D6'},{'D1'},{'D3'},{'D4'},{'R3'},{'D2'},{'D7'},{'R1'},{'R2'},&,1.0,&
{'D5'},{'D6'},{'D1'},{'D3'},{'D4'},{'R3'},{'R1'},{'D7'},{'D2'},{'R2'},&,1.0,&
{'D5'},{'D6'},{'D1'},{'D3'},{'R3'},{'D2'},{'D4'},{'R2'},{'R1'},{'D7'},&,1.0,&
{'D5'},{'D6'},{'D1'},{'D3'},{'R2'},{'D2'},{'D4'},{'D7'},{'R3'},{'R1'},&,1.0,&
{'D5'},{'D6'},{'D1'},{'D3'},{'R1'},{'D7'},{'D4'},{'R3'},{'D2'},{'R2'},&,1.0,&
{'D5'},{'D6'},{'D1'},{'D3'},{'R1'},{'D2'},{'D7'},{'D4'},{'R3'},{'R2'},&,1.0,&
{'D5'},{'D6'},{'D1'},{'D4'},{'D7'},{'D2'},{'R3'},{'D3'},{'R1'},{'R2'},&,1.0,&
{'D5'},{'D6'},{'D1'},{'D4'},{'D7'},{'D2'},{'D3'},{'R1'},{'R3'},{'R2'},&,1.0,&
{'D5'},{'D6'},{'D1'},{'D4'},{'D7'},{'D2'},{'D3'},{'R2'},{'R3'},{'R1'},&,4.0,&
{'D5'},{'D6'},{'D1'},{'D4'},{'D7'},{'D2'},{'D3'},{'R3'},{'R2'},{'R1'},&,4.0,&
{'D5'},{'D6'},{'D1'},{'D4'},{'D7'},{'D2'},{'D3'},{'R3'},{'R1'},{'R2'},&,2.0,&
{'D5'},{'D6'},{'D1'},{'D4'},{'D7'},{'D2'},{'R1'},{'D3'},{'R3'},{'R2'},&,1.0,&
{'D5'},{'D6'},{'D1'},{'D4'},{'D7'},{'D3'},{'R3'},{'D2'},{'R2'},{'R1'},&,3.0,&
{'D5'},{'D6'},{'D1'},{'D4'},{'D7'},{'D3'},{'R3'},{'R1'},{'D2'},{'R2'},&,2.0,&
{'D5'},{'D6'},{'D1'},{'D4'},{'D7'},{'D3'},{'D2'},{'R1'},{'R2'},{'R3'},&,1.0,&
{'D5'},{'D6'},{'D1'},{'D4'},{'D7'},{'D3'},{'D2'},{'R1'},{'R3'},{'R2'},&,3.0,&
{'D5'},{'D6'},{'D1'},{'D4'},{'D7'},{'D3'},{'D2'},{'R2'},{'R3'},{'R1'},&,4.0,&
{'D5'},{'D6'},{'D1'},{'D4'},{'D7'},{'D3'},{'D2'},{'R3'},{'R2'},{'R1'},&,5.0,&
{'D5'},{'D6'},{'D1'},{'D4'},{'D7'},{'D3'},{'D2'},{'R3'},{'R1'},{'R2'},&,8.0,&
{'D5'},{'D6'},{'D1'},{'D4'},{'D7'},{'D3'},{'R2'},{'D2'},{'R3'},{'R1'},&,1.0,&
{'D5'},{'D6'},{'D1'},{'D4'},{'D7'},{'D3'},{'R1'},{'D2'},{'R2'},{'R3'},&,1.0,&
{'D5'},{'D6'},{'D1'},{'D4'},{'D7'},{'D3'},{'R1'},{'D2'},{'R3'},{'R2'},&,3.0,&
{'D5'},{'D6'},{'D1'},{'D4'},{'D7'},{'D3'},{'R1'},{'R2'},{'D2'},{'R3'},&,1.0,&
{'D5'},{'D6'},{'D1'},{'D4'},{'D7'},{'D3'},{'R1'},{'R3'},{'D2'},{'R2'},&,1.0,&
{'D5'},{'D6'},{'D1'},{'D4'},{'D7'},{'R1'},{'D3'},{'D2'},{'R3'},{'R2'},&,1.0,&
{'D5'},{'D6'},{'D1'},{'D4'},{'D7'},{'R3'},{'D2'},{'D3'},{'R1'},{'R2'},&,1.0,&
{'D5'},{'D6'},{'D1'},{'D4'},{'D7'},{'R3'},{'D3'},{'R1'},{'D2'},{'R2'},&,1.0,&
{'D5'},{'D6'},{'D1'},{'D4'},{'D2'},{'D7'},{'R3'},{'D3'},{'R2'},{'R1'},&,3.0,&
{'D5'},{'D6'},{'D1'},{'D4'},{'D2'},{'D7'},{'D3'},{'R1'},{'R3'},{'R2'},&,1.0,&
{'D5'},{'D6'},{'D1'},{'D4'},{'D2'},{'D7'},{'D3'},{'R3'},{'R2'},{'R1'},&,3.0,&
{'D5'},{'D6'},{'D1'},{'D4'},{'D2'},{'D7'},{'R1'},{'D3'},{'R3'},{'R2'},&,2.0,&
{'D5'},{'D6'},{'D1'},{'D4'},{'D2'},{'D3'},{'R3'},{'D7'},{'R2'},{'R1'},&,2.0,&
{'D5'},{'D6'},{'D1'},{'D4'},{'D2'},{'D3'},{'R3'},{'D7'},{'R1'},{'R2'},&,1.0,&
{'D5'},{'D6'},{'D1'},{'D4'},{'D2'},{'D3'},{'R2'},{'D7'},{'R3'},{'R1'},&,2.0,&
{'D5'},{'D6'},{'D1'},{'D4'},{'D2'},{'D3'},{'D7'},{'R1'},{'R3'},{'R2'},&,2.0,&
{'D5'},{'D6'},{'D1'},{'D4'},{'D2'},{'D3'},{'D7'},{'R2'},{'R3'},{'R1'},&,2.0,&
{'D5'},{'D6'},{'D1'},{'D4'},{'D2'},{'D3'},{'D7'},{'R2'},{'R1'},{'R3'},&,2.0,&
{'D5'},{'D6'},{'D1'},{'D4'},{'D2'},{'D3'},{'D7'},{'R3'},{'R2'},{'R1'},&,3.0,&
{'D5'},{'D6'},{'D1'},{'D4'},{'D2'},{'D3'},{'D7'},{'R3'},{'R1'},{'R2'},&,4.0,&
{'D5'},{'D6'},{'D1'},{'D4'},{'D2'},{'R3'},{'D7'},{'R2'},{'R1'},{'D3'},&,1.0,&
{'D5'},{'D6'},{'D1'},{'D4'},{'D3'},{'D7'},{'R3'},{'D2'},{'R2'},{'R1'},&,4.0,&
{'D5'},{'D6'},{'D1'},{'D4'},{'D3'},{'D7'},{'R3'},{'D2'},{'R1'},{'R2'},&,5.0,&
{'D5'},{'D6'},{'D1'},{'D4'},{'D3'},{'D7'},{'R3'},{'R1'},{'D2'},{'R2'},&,1.0,&
{'D5'},{'D6'},{'D1'},{'D4'},{'D3'},{'D7'},{'D2'},{'R1'},{'R2'},{'R3'},&,3.0,&
{'D5'},{'D6'},{'D1'},{'D4'},{'D3'},{'D7'},{'D2'},{'R1'},{'R3'},{'R2'},&,8.0,&
{'D5'},{'D6'},{'D1'},{'D4'},{'D3'},{'D7'},{'D2'},{'R2'},{'R3'},{'R1'},&,3.0,&
{'D5'},{'D6'},{'D1'},{'D4'},{'D3'},{'D7'},{'D2'},{'R2'},{'R1'},{'R3'},&,4.0,&
{'D5'},{'D6'},{'D1'},{'D4'},{'D3'},{'D7'},{'D2'},{'R3'},{'R2'},{'R1'},&,7.0,&
{'D5'},{'D6'},{'D1'},{'D4'},{'D3'},{'D7'},{'D2'},{'R3'},{'R1'},{'R2'},&,18.0,&
{'D5'},{'D6'},{'D1'},{'D4'},{'D3'},{'D7'},{'R2'},{'D2'},{'R3'},{'R1'},&,2.0,&
{'D5'},{'D6'},{'D1'},{'D4'},{'D3'},{'D7'},{'R1'},{'D2'},{'R3'},{'R2'},&,1.0,&
{'D5'},{'D6'},{'D1'},{'D4'},{'D3'},{'D7'},{'R1'},{'R3'},{'D2'},{'R2'},&,1.0,&
{'D5'},{'D6'},{'D1'},{'D4'},{'D3'},{'D2'},{'R3'},{'D7'},{'R2'},{'R1'},&,2.0,&
{'D5'},{'D6'},{'D1'},{'D4'},{'D3'},{'D2'},{'R3'},{'D7'},{'R1'},{'R2'},&,3.0,&
{'D5'},{'D6'},{'D1'},{'D4'},{'D3'},{'D2'},{'R2'},{'D7'},{'R3'},{'R1'},&,1.0,&
{'D5'},{'D6'},{'D1'},{'D4'},{'D3'},{'D2'},{'D7'},{'R1'},{'R2'},{'R3'},&,4.0,&
{'D5'},{'D6'},{'D1'},{'D4'},{'D3'},{'D2'},{'D7'},{'R1'},{'R3'},{'R2'},&,5.0,&
{'D5'},{'D6'},{'D1'},{'D4'},{'D3'},{'D2'},{'D7'},{'R2'},{'R3'},{'R1'},&,1.0,&
{'D5'},{'D6'},{'D1'},{'D4'},{'D3'},{'D2'},{'D7'},{'R3'},{'R2'},{'R1'},&,5.0,&
{'D5'},{'D6'},{'D1'},{'D4'},{'D3'},{'D2'},{'D7'},{'R3'},{'R1'},{'R2'},&,4.0,&
{'D5'},{'D6'},{'D1'},{'D4'},{'D3'},{'D2'},{'R1'},{'R3'},{'D7'},{'R2'},&,1.0,&
{'D5'},{'D6'},{'D1'},{'D4'},{'D3'},{'D2'},{'R1'},{'D7'},{'R3'},{'R2'},&,1.0,&
{'D5'},{'D6'},{'D1'},{'D4'},{'D3'},{'R2'},{'D7'},{'D2'},{'R3'},{'R1'},&,1.0,&
{'D5'},{'D6'},{'D1'},{'D4'},{'D3'},{'R2'},{'D7'},{'R3'},{'D2'},{'R1'},&,1.0,&
{'D5'},{'D6'},{'D1'},{'D4'},{'D3'},{'R3'},{'D2'},{'R1'},{'R2'},{'D7'},&,1.0,&
{'D5'},{'D6'},{'D1'},{'D4'},{'D3'},{'R3'},{'D2'},{'D7'},{'R1'},{'R2'},&,2.0,&
{'D5'},{'D6'},{'D1'},{'D4'},{'D3'},{'R3'},{'R2'},{'D7'},{'D2'},{'R1'},&,1.0,&
{'D5'},{'D6'},{'D1'},{'D4'},{'D3'},{'R3'},{'D7'},{'D2'},{'R1'},{'R2'},&,1.0,&
{'D5'},{'D6'},{'D1'},{'D4'},{'R1'},{'D3'},{'D7'},{'D2'},{'R3'},{'R2'},&,1.0,&
{'D5'},{'D6'},{'D1'},{'R2'},{'D4'},{'D3'},{'D7'},{'D2'},{'R1'},{'R3'},&,1.0,&
{'D5'},{'D6'},{'D1'},{'R3'},{'D4'},{'D3'},{'D7'},{'D2'},{'R2'},{'R1'},&,1.0,&
{'D5'},{'D6'},{'D7'},{'D1'},{'D2'},{'D4'},{'R3'},{'R2'},{'R1'},{'D3'},&,1.0,&
{'D5'},{'D6'},{'D7'},{'D1'},{'D2'},{'D4'},{'R3'},{'R2'},{'D3'},{'R1'},&,1.0,&
{'D5'},{'D6'},{'D7'},{'D1'},{'D2'},{'D4'},{'D3'},{'R2'},{'R3'},{'R1'},&,2.0,&
{'D5'},{'D6'},{'D7'},{'D1'},{'D2'},{'D4'},{'D3'},{'R3'},{'R2'},{'R1'},&,2.0,&
{'D5'},{'D6'},{'D7'},{'D1'},{'D2'},{'D4'},{'D3'},{'R3'},{'R1'},{'R2'},&,1.0,&
{'D5'},{'D6'},{'D7'},{'D1'},{'D2'},{'D3'},{'R3'},{'D4'},{'R2'},{'R1'},&,1.0,&
{'D5'},{'D6'},{'D7'},{'D1'},{'D2'},{'D3'},{'R3'},{'D4'},{'R1'},{'R2'},&,2.0,&
{'D5'},{'D6'},{'D7'},{'D1'},{'D2'},{'D3'},{'D4'},{'R1'},{'R3'},{'R2'},&,2.0,&
{'D5'},{'D6'},{'D7'},{'D1'},{'D2'},{'D3'},{'D4'},{'R2'},{'R3'},{'R1'},&,3.0,&
{'D5'},{'D6'},{'D7'},{'D1'},{'D2'},{'D3'},{'D4'},{'R3'},{'R2'},{'R1'},&,4.0,&
{'D5'},{'D6'},{'D7'},{'D1'},{'D2'},{'D3'},{'D4'},{'R3'},{'R1'},{'R2'},&,3.0,&
{'D5'},{'D6'},{'D7'},{'D1'},{'D2'},{'D3'},{'R2'},{'R3'},{'D4'},{'R1'},&,1.0,&
{'D5'},{'D6'},{'D7'},{'D1'},{'D2'},{'D3'},{'R2'},{'D4'},{'R3'},{'R1'},&,2.0,&
{'D5'},{'D6'},{'D7'},{'D1'},{'D2'},{'D3'},{'R1'},{'D4'},{'R3'},{'R2'},&,1.0,&
{'D5'},{'D6'},{'D7'},{'D1'},{'D2'},{'R2'},{'D4'},{'R1'},{'R3'},{'D3'},&,1.0,&
{'D5'},{'D6'},{'D7'},{'D1'},{'D2'},{'R3'},{'D4'},{'R1'},{'R2'},{'D3'},&,1.0,&
{'D5'},{'D6'},{'D7'},{'D1'},{'D2'},{'R3'},{'D3'},{'D4'},{'R2'},{'R1'},&,1.0,&
{'D5'},{'D6'},{'D7'},{'D1'},{'D3'},{'D4'},{'R3'},{'D2'},{'R2'},{'R1'},&,2.0,&
{'D5'},{'D6'},{'D7'},{'D1'},{'D3'},{'D4'},{'R3'},{'D2'},{'R1'},{'R2'},&,5.0,&
{'D5'},{'D6'},{'D7'},{'D1'},{'D3'},{'D4'},{'R3'},{'R1'},{'D2'},{'R2'},&,1.0,&
{'D5'},{'D6'},{'D7'},{'D1'},{'D3'},{'D4'},{'R3'},{'R2'},{'R1'},{'D2'},&,1.0,&
{'D5'},{'D6'},{'D7'},{'D1'},{'D3'},{'D4'},{'D2'},{'R1'},{'R2'},{'R3'},&,3.0,&
{'D5'},{'D6'},{'D7'},{'D1'},{'D3'},{'D4'},{'D2'},{'R1'},{'R3'},{'R2'},&,6.0,&
{'D5'},{'D6'},{'D7'},{'D1'},{'D3'},{'D4'},{'D2'},{'R2'},{'R3'},{'R1'},&,6.0,&
{'D5'},{'D6'},{'D7'},{'D1'},{'D3'},{'D4'},{'D2'},{'R2'},{'R1'},{'R3'},&,1.0,&
{'D5'},{'D6'},{'D7'},{'D1'},{'D3'},{'D4'},{'D2'},{'R3'},{'R2'},{'R1'},&,11.0,&
{'D5'},{'D6'},{'D7'},{'D1'},{'D3'},{'D4'},{'D2'},{'R3'},{'R1'},{'R2'},&,13.0,&
{'D5'},{'D6'},{'D7'},{'D1'},{'D3'},{'D4'},{'R2'},{'D2'},{'R3'},{'R1'},&,1.0,&
{'D5'},{'D6'},{'D7'},{'D1'},{'D3'},{'D4'},{'R2'},{'D2'},{'R1'},{'R3'},&,2.0,&
{'D5'},{'D6'},{'D7'},{'D1'},{'D3'},{'D2'},{'R3'},{'D4'},{'R2'},{'R1'},&,2.0,&
{'D5'},{'D6'},{'D7'},{'D1'},{'D3'},{'D2'},{'R3'},{'D4'},{'R1'},{'R2'},&,2.0,&
{'D5'},{'D6'},{'D7'},{'D1'},{'D3'},{'D2'},{'D4'},{'R1'},{'R2'},{'R3'},&,1.0,&
{'D5'},{'D6'},{'D7'},{'D1'},{'D3'},{'D2'},{'D4'},{'R1'},{'R3'},{'R2'},&,3.0,&
{'D5'},{'D6'},{'D7'},{'D1'},{'D3'},{'D2'},{'D4'},{'R2'},{'R3'},{'R1'},&,2.0,&
{'D5'},{'D6'},{'D7'},{'D1'},{'D3'},{'D2'},{'D4'},{'R2'},{'R1'},{'R3'},&,1.0,&
{'D5'},{'D6'},{'D7'},{'D1'},{'D3'},{'D2'},{'D4'},{'R3'},{'R2'},{'R1'},&,7.0,&
{'D5'},{'D6'},{'D7'},{'D1'},{'D3'},{'D2'},{'D4'},{'R3'},{'R1'},{'R2'},&,7.0,&
{'D5'},{'D6'},{'D7'},{'D1'},{'D3'},{'R1'},{'D2'},{'D4'},{'R3'},{'R2'},&,1.0,&
{'D5'},{'D6'},{'D7'},{'D1'},{'D3'},{'R1'},{'D4'},{'R3'},{'D2'},{'R2'},&,1.0,&
{'D5'},{'D6'},{'D7'},{'D1'},{'D3'},{'R3'},{'D2'},{'D4'},{'R2'},{'R1'},&,1.0,&
{'D5'},{'D6'},{'D7'},{'D1'},{'D3'},{'R3'},{'D4'},{'D2'},{'R1'},{'R2'},&,1.0,&
{'D5'},{'D6'},{'D7'},{'D1'},{'D3'},{'R3'},{'R1'},{'D4'},{'D2'},{'R2'},&,1.0,&
{'D5'},{'D6'},{'D7'},{'D1'},{'D4'},{'D2'},{'D3'},{'R1'},{'R2'},{'R3'},&,1.0,&
{'D5'},{'D6'},{'D7'},{'D1'},{'D4'},{'D2'},{'D3'},{'R1'},{'R3'},{'R2'},&,2.0,&
{'D5'},{'D6'},{'D7'},{'D1'},{'D4'},{'D2'},{'D3'},{'R2'},{'R3'},{'R1'},&,2.0,&
{'D5'},{'D6'},{'D7'},{'D1'},{'D4'},{'D2'},{'D3'},{'R2'},{'R1'},{'R3'},&,2.0,&
{'D5'},{'D6'},{'D7'},{'D1'},{'D4'},{'D2'},{'D3'},{'R3'},{'R2'},{'R1'},&,2.0,&
{'D5'},{'D6'},{'D7'},{'D1'},{'D4'},{'D2'},{'D3'},{'R3'},{'R1'},{'R2'},&,2.0,&
{'D5'},{'D6'},{'D7'},{'D1'},{'D4'},{'D3'},{'R3'},{'D2'},{'R2'},{'R1'},&,1.0,&
{'D5'},{'D6'},{'D7'},{'D1'},{'D4'},{'D3'},{'R3'},{'D2'},{'R1'},{'R2'},&,3.0,&
{'D5'},{'D6'},{'D7'},{'D1'},{'D4'},{'D3'},{'R3'},{'R1'},{'D2'},{'R2'},&,1.0,&
{'D5'},{'D6'},{'D7'},{'D1'},{'D4'},{'D3'},{'R3'},{'R2'},{'D2'},{'R1'},&,3.0,&
{'D5'},{'D6'},{'D7'},{'D1'},{'D4'},{'D3'},{'D2'},{'R1'},{'R2'},{'R3'},&,1.0,&
{'D5'},{'D6'},{'D7'},{'D1'},{'D4'},{'D3'},{'D2'},{'R1'},{'R3'},{'R2'},&,2.0,&
{'D5'},{'D6'},{'D7'},{'D1'},{'D4'},{'D3'},{'D2'},{'R2'},{'R3'},{'R1'},&,2.0,&
{'D5'},{'D6'},{'D7'},{'D1'},{'D4'},{'D3'},{'D2'},{'R2'},{'R1'},{'R3'},&,2.0,&
{'D5'},{'D6'},{'D7'},{'D1'},{'D4'},{'D3'},{'D2'},{'R3'},{'R2'},{'R1'},&,8.0,&
{'D5'},{'D6'},{'D7'},{'D1'},{'D4'},{'D3'},{'D2'},{'R3'},{'R1'},{'R2'},&,5.0,&
{'D5'},{'D6'},{'D7'},{'D1'},{'D4'},{'D3'},{'R1'},{'D2'},{'R3'},{'R2'},&,1.0,&
{'D5'},{'D6'},{'D7'},{'D1'},{'D4'},{'R1'},{'D3'},{'D2'},{'R2'},{'R3'},&,1.0,&
{'D5'},{'D6'},{'D7'},{'D1'},{'D4'},{'R3'},{'D3'},{'D2'},{'R1'},{'R2'},&,1.0,&
{'D5'},{'D6'},{'D7'},{'D1'},{'R3'},{'D2'},{'D3'},{'D4'},{'R2'},{'R1'},&,1.0,&
{'D5'},{'D6'},{'D7'},{'D1'},{'R3'},{'D3'},{'D2'},{'D4'},{'R2'},{'R1'},&,1.0,&
{'D5'},{'D6'},{'D7'},{'D2'},{'D1'},{'D4'},{'R3'},{'D3'},{'R2'},{'R1'},&,2.0,&
{'D5'},{'D6'},{'D7'},{'D2'},{'D1'},{'D4'},{'D3'},{'R1'},{'R2'},{'R3'},&,2.0,&
{'D5'},{'D6'},{'D7'},{'D2'},{'D1'},{'D4'},{'D3'},{'R1'},{'R3'},{'R2'},&,1.0,&
{'D5'},{'D6'},{'D7'},{'D2'},{'D1'},{'D4'},{'D3'},{'R2'},{'R3'},{'R1'},&,2.0,&
{'D5'},{'D6'},{'D7'},{'D2'},{'D1'},{'D4'},{'D3'},{'R3'},{'R2'},{'R1'},&,2.0,&
{'D5'},{'D6'},{'D7'},{'D2'},{'D1'},{'D4'},{'D3'},{'R3'},{'R1'},{'R2'},&,5.0,&
{'D5'},{'D6'},{'D7'},{'D2'},{'D1'},{'D3'},{'R3'},{'R1'},{'R2'},{'D4'},&,1.0,&
{'D5'},{'D6'},{'D7'},{'D2'},{'D1'},{'D3'},{'R3'},{'D4'},{'R2'},{'R1'},&,1.0,&
{'D5'},{'D6'},{'D7'},{'D2'},{'D1'},{'D3'},{'R3'},{'D4'},{'R1'},{'R2'},&,2.0,&
{'D5'},{'D6'},{'D7'},{'D2'},{'D1'},{'D3'},{'D4'},{'R1'},{'R3'},{'R2'},&,6.0,&
{'D5'},{'D6'},{'D7'},{'D2'},{'D1'},{'D3'},{'D4'},{'R2'},{'R3'},{'R1'},&,3.0,&
{'D5'},{'D6'},{'D7'},{'D2'},{'D1'},{'D3'},{'D4'},{'R3'},{'R2'},{'R1'},&,2.0,&
{'D5'},{'D6'},{'D7'},{'D2'},{'D1'},{'D3'},{'D4'},{'R3'},{'R1'},{'R2'},&,4.0,&
{'D5'},{'D6'},{'D7'},{'D2'},{'D1'},{'D3'},{'R1'},{'R3'},{'D4'},{'R2'},&,1.0,&
{'D5'},{'D6'},{'D7'},{'D2'},{'D1'},{'D3'},{'R1'},{'D4'},{'R2'},{'R3'},&,1.0,&
{'D5'},{'D6'},{'D7'},{'D2'},{'D1'},{'R2'},{'D4'},{'D3'},{'R3'},{'R1'},&,1.0,&
{'D5'},{'D6'},{'D7'},{'D2'},{'D1'},{'R3'},{'D3'},{'D4'},{'R2'},{'R1'},&,1.0,&
{'D5'},{'D6'},{'D7'},{'D2'},{'D3'},{'D4'},{'R3'},{'R1'},{'D1'},{'R2'},&,1.0,&
{'D5'},{'D6'},{'D7'},{'D2'},{'D3'},{'D4'},{'R3'},{'D1'},{'R2'},{'R1'},&,3.0,&
{'D5'},{'D6'},{'D7'},{'D2'},{'D3'},{'D4'},{'R3'},{'D1'},{'R1'},{'R2'},&,2.0,&
{'D5'},{'D6'},{'D7'},{'D2'},{'D3'},{'D4'},{'D1'},{'R1'},{'R2'},{'R3'},&,2.0,&
{'D5'},{'D6'},{'D7'},{'D2'},{'D3'},{'D4'},{'D1'},{'R1'},{'R3'},{'R2'},&,11.0,&
{'D5'},{'D6'},{'D7'},{'D2'},{'D3'},{'D4'},{'D1'},{'R2'},{'R3'},{'R1'},&,8.0,&
{'D5'},{'D6'},{'D7'},{'D2'},{'D3'},{'D4'},{'D1'},{'R2'},{'R1'},{'R3'},&,2.0,&
{'D5'},{'D6'},{'D7'},{'D2'},{'D3'},{'D4'},{'D1'},{'R3'},{'R2'},{'R1'},&,11.0,&
{'D5'},{'D6'},{'D7'},{'D2'},{'D3'},{'D4'},{'D1'},{'R3'},{'R1'},{'R2'},&,8.0,&
{'D5'},{'D6'},{'D7'},{'D2'},{'D3'},{'D4'},{'R2'},{'R3'},{'R1'},{'D1'},&,1.0,&
{'D5'},{'D6'},{'D7'},{'D2'},{'D3'},{'D4'},{'R2'},{'D1'},{'R3'},{'R1'},&,2.0,&
{'D5'},{'D6'},{'D7'},{'D2'},{'D3'},{'D4'},{'R1'},{'R3'},{'R2'},{'D1'},&,1.0,&
{'D5'},{'D6'},{'D7'},{'D2'},{'D3'},{'D4'},{'R1'},{'R3'},{'D1'},{'R2'},&,1.0,&
{'D5'},{'D6'},{'D7'},{'D2'},{'D3'},{'D4'},{'R1'},{'D1'},{'R2'},{'R3'},&,1.0,&
{'D5'},{'D6'},{'D7'},{'D2'},{'D3'},{'D4'},{'R1'},{'D1'},{'R3'},{'R2'},&,1.0,&
{'D5'},{'D6'},{'D7'},{'D2'},{'D3'},{'D1'},{'R3'},{'D4'},{'R1'},{'R2'},&,1.0,&
{'D5'},{'D6'},{'D7'},{'D2'},{'D3'},{'D1'},{'D4'},{'R1'},{'R2'},{'R3'},&,4.0,&
{'D5'},{'D6'},{'D7'},{'D2'},{'D3'},{'D1'},{'D4'},{'R1'},{'R3'},{'R2'},&,8.0,&
{'D5'},{'D6'},{'D7'},{'D2'},{'D3'},{'D1'},{'D4'},{'R2'},{'R3'},{'R1'},&,5.0,&
{'D5'},{'D6'},{'D7'},{'D2'},{'D3'},{'D1'},{'D4'},{'R2'},{'R1'},{'R3'},&,1.0,&
{'D5'},{'D6'},{'D7'},{'D2'},{'D3'},{'D1'},{'D4'},{'R3'},{'R2'},{'R1'},&,9.0,&
{'D5'},{'D6'},{'D7'},{'D2'},{'D3'},{'D1'},{'D4'},{'R3'},{'R1'},{'R2'},&,12.0,&
{'D5'},{'D6'},{'D7'},{'D2'},{'D3'},{'D1'},{'R2'},{'R3'},{'D4'},{'R1'},&,1.0,&
{'D5'},{'D6'},{'D7'},{'D2'},{'D3'},{'D1'},{'R1'},{'D4'},{'R2'},{'R3'},&,1.0,&
{'D5'},{'D6'},{'D7'},{'D2'},{'D3'},{'D1'},{'R1'},{'D4'},{'R3'},{'R2'},&,1.0,&
{'D5'},{'D6'},{'D7'},{'D2'},{'D3'},{'R2'},{'D1'},{'R3'},{'D4'},{'R1'},&,1.0,&
{'D5'},{'D6'},{'D7'},{'D2'},{'D3'},{'R2'},{'D1'},{'D4'},{'R3'},{'R1'},&,1.0,&
{'D5'},{'D6'},{'D7'},{'D2'},{'D3'},{'R3'},{'D4'},{'D1'},{'R1'},{'R2'},&,1.0,&
{'D5'},{'D6'},{'D7'},{'D2'},{'D4'},{'D1'},{'R3'},{'D3'},{'R1'},{'R2'},&,1.0,&
{'D5'},{'D6'},{'D7'},{'D2'},{'D4'},{'D1'},{'D3'},{'R2'},{'R3'},{'R1'},&,2.0,&
{'D5'},{'D6'},{'D7'},{'D2'},{'D4'},{'D1'},{'D3'},{'R2'},{'R1'},{'R3'},&,1.0,&
{'D5'},{'D6'},{'D7'},{'D2'},{'D4'},{'D1'},{'D3'},{'R3'},{'R2'},{'R1'},&,2.0,&
{'D5'},{'D6'},{'D7'},{'D2'},{'D4'},{'D1'},{'D3'},{'R3'},{'R1'},{'R2'},&,4.0,&
{'D5'},{'D6'},{'D7'},{'D2'},{'D4'},{'D3'},{'R3'},{'R1'},{'R2'},{'D1'},&,1.0,&
{'D5'},{'D6'},{'D7'},{'D2'},{'D4'},{'D3'},{'R3'},{'R1'},{'D1'},{'R2'},&,1.0,&
{'D5'},{'D6'},{'D7'},{'D2'},{'D4'},{'D3'},{'D1'},{'R1'},{'R2'},{'R3'},&,2.0,&
{'D5'},{'D6'},{'D7'},{'D2'},{'D4'},{'D3'},{'D1'},{'R1'},{'R3'},{'R2'},&,4.0,&
{'D5'},{'D6'},{'D7'},{'D2'},{'D4'},{'D3'},{'D1'},{'R2'},{'R3'},{'R1'},&,5.0,&
{'D5'},{'D6'},{'D7'},{'D2'},{'D4'},{'D3'},{'D1'},{'R2'},{'R1'},{'R3'},&,2.0,&
{'D5'},{'D6'},{'D7'},{'D2'},{'D4'},{'D3'},{'D1'},{'R3'},{'R2'},{'R1'},&,8.0,&
{'D5'},{'D6'},{'D7'},{'D2'},{'D4'},{'D3'},{'D1'},{'R3'},{'R1'},{'R2'},&,7.0,&
{'D5'},{'D6'},{'D7'},{'D2'},{'D4'},{'D3'},{'R2'},{'D1'},{'R3'},{'R1'},&,1.0,&
{'D5'},{'D6'},{'D7'},{'D2'},{'D4'},{'R1'},{'D3'},{'D1'},{'R3'},{'R2'},&,1.0,&
{'D5'},{'D6'},{'D7'},{'D2'},{'D4'},{'R3'},{'D1'},{'R2'},{'D3'},{'R1'},&,1.0,&
{'D5'},{'D6'},{'D7'},{'D2'},{'D4'},{'R3'},{'D3'},{'D1'},{'R1'},{'R2'},&,2.0,&
{'D5'},{'D6'},{'D7'},{'D3'},{'D1'},{'D4'},{'R3'},{'D2'},{'R2'},{'R1'},&,2.0,&
{'D5'},{'D6'},{'D7'},{'D3'},{'D1'},{'D4'},{'R3'},{'D2'},{'R1'},{'R2'},&,3.0,&
{'D5'},{'D6'},{'D7'},{'D3'},{'D1'},{'D4'},{'R3'},{'R1'},{'R2'},{'D2'},&,1.0,&
{'D5'},{'D6'},{'D7'},{'D3'},{'D1'},{'D4'},{'R3'},{'R1'},{'D2'},{'R2'},&,1.0,&
{'D5'},{'D6'},{'D7'},{'D3'},{'D1'},{'D4'},{'D2'},{'R1'},{'R2'},{'R3'},&,6.0,&
{'D5'},{'D6'},{'D7'},{'D3'},{'D1'},{'D4'},{'D2'},{'R1'},{'R3'},{'R2'},&,7.0,&
{'D5'},{'D6'},{'D7'},{'D3'},{'D1'},{'D4'},{'D2'},{'R2'},{'R3'},{'R1'},&,6.0,&
{'D5'},{'D6'},{'D7'},{'D3'},{'D1'},{'D4'},{'D2'},{'R2'},{'R1'},{'R3'},&,4.0,&
{'D5'},{'D6'},{'D7'},{'D3'},{'D1'},{'D4'},{'D2'},{'R3'},{'R2'},{'R1'},&,19.0,&
{'D5'},{'D6'},{'D7'},{'D3'},{'D1'},{'D4'},{'D2'},{'R3'},{'R1'},{'R2'},&,23.0,&
{'D5'},{'D6'},{'D7'},{'D3'},{'D1'},{'D4'},{'R2'},{'D2'},{'R3'},{'R1'},&,2.0,&
{'D5'},{'D6'},{'D7'},{'D3'},{'D1'},{'D4'},{'R2'},{'D2'},{'R1'},{'R3'},&,1.0,&
{'D5'},{'D6'},{'D7'},{'D3'},{'D1'},{'D4'},{'R1'},{'D2'},{'R3'},{'R2'},&,1.0,&
{'D5'},{'D6'},{'D7'},{'D3'},{'D1'},{'D4'},{'R1'},{'R2'},{'D2'},{'R3'},&,1.0,&
{'D5'},{'D6'},{'D7'},{'D3'},{'D1'},{'D4'},{'R1'},{'R3'},{'D2'},{'R2'},&,1.0,&
{'D5'},{'D6'},{'D7'},{'D3'},{'D1'},{'D2'},{'R3'},{'R2'},{'D4'},{'R1'},&,1.0,&
{'D5'},{'D6'},{'D7'},{'D3'},{'D1'},{'D2'},{'R3'},{'D4'},{'R2'},{'R1'},&,3.0,&
{'D5'},{'D6'},{'D7'},{'D3'},{'D1'},{'D2'},{'R3'},{'D4'},{'R1'},{'R2'},&,2.0,&
{'D5'},{'D6'},{'D7'},{'D3'},{'D1'},{'D2'},{'D4'},{'R1'},{'R2'},{'R3'},&,1.0,&
{'D5'},{'D6'},{'D7'},{'D3'},{'D1'},{'D2'},{'D4'},{'R1'},{'R3'},{'R2'},&,11.0,&
{'D5'},{'D6'},{'D7'},{'D3'},{'D1'},{'D2'},{'D4'},{'R2'},{'R3'},{'R1'},&,5.0,&
{'D5'},{'D6'},{'D7'},{'D3'},{'D1'},{'D2'},{'D4'},{'R2'},{'R1'},{'R3'},&,2.0,&
{'D5'},{'D6'},{'D7'},{'D3'},{'D1'},{'D2'},{'D4'},{'R3'},{'R2'},{'R1'},&,8.0,&
{'D5'},{'D6'},{'D7'},{'D3'},{'D1'},{'D2'},{'D4'},{'R3'},{'R1'},{'R2'},&,12.0,&
{'D5'},{'D6'},{'D7'},{'D3'},{'D1'},{'D2'},{'R2'},{'D4'},{'R3'},{'R1'},&,1.0,&
{'D5'},{'D6'},{'D7'},{'D3'},{'D1'},{'D2'},{'R1'},{'D4'},{'R3'},{'R2'},&,2.0,&
{'D5'},{'D6'},{'D7'},{'D3'},{'D1'},{'R2'},{'D4'},{'D2'},{'R3'},{'R1'},&,1.0,&
{'D5'},{'D6'},{'D7'},{'D3'},{'D1'},{'R2'},{'R1'},{'R3'},{'D4'},{'D2'},&,1.0,&
{'D5'},{'D6'},{'D7'},{'D3'},{'D1'},{'R1'},{'D4'},{'D2'},{'R3'},{'R2'},&,1.0,&
{'D5'},{'D6'},{'D7'},{'D3'},{'D1'},{'R3'},{'D2'},{'R1'},{'D4'},{'R2'},&,1.0,&
{'D5'},{'D6'},{'D7'},{'D3'},{'D1'},{'R3'},{'D4'},{'D2'},{'R2'},{'R1'},&,1.0,&
{'D5'},{'D6'},{'D7'},{'D3'},{'D1'},{'R3'},{'D4'},{'D2'},{'R1'},{'R2'},&,2.0,&
{'D5'},{'D6'},{'D7'},{'D3'},{'D1'},{'R3'},{'D4'},{'R1'},{'D2'},{'R2'},&,1.0,&
{'D5'},{'D6'},{'D7'},{'D3'},{'D2'},{'D4'},{'R3'},{'R1'},{'D1'},{'R2'},&,4.0,&
{'D5'},{'D6'},{'D7'},{'D3'},{'D2'},{'D4'},{'R3'},{'D1'},{'R2'},{'R1'},&,6.0,&
{'D5'},{'D6'},{'D7'},{'D3'},{'D2'},{'D4'},{'R3'},{'D1'},{'R1'},{'R2'},&,5.0,&
{'D5'},{'D6'},{'D7'},{'D3'},{'D2'},{'D4'},{'D1'},{'R1'},{'R2'},{'R3'},&,3.0,&
{'D5'},{'D6'},{'D7'},{'D3'},{'D2'},{'D4'},{'D1'},{'R1'},{'R3'},{'R2'},&,6.0,&
{'D5'},{'D6'},{'D7'},{'D3'},{'D2'},{'D4'},{'D1'},{'R2'},{'R3'},{'R1'},&,6.0,&
{'D5'},{'D6'},{'D7'},{'D3'},{'D2'},{'D4'},{'D1'},{'R2'},{'R1'},{'R3'},&,5.0,&
{'D5'},{'D6'},{'D7'},{'D3'},{'D2'},{'D4'},{'D1'},{'R3'},{'R2'},{'R1'},&,11.0,&
{'D5'},{'D6'},{'D7'},{'D3'},{'D2'},{'D4'},{'D1'},{'R3'},{'R1'},{'R2'},&,16.0,&
{'D5'},{'D6'},{'D7'},{'D3'},{'D2'},{'D4'},{'R2'},{'D1'},{'R3'},{'R1'},&,1.0,&
{'D5'},{'D6'},{'D7'},{'D3'},{'D2'},{'D4'},{'R1'},{'R3'},{'D1'},{'R2'},&,2.0,&
{'D5'},{'D6'},{'D7'},{'D3'},{'D2'},{'D4'},{'R1'},{'D1'},{'R2'},{'R3'},&,1.0,&
{'D5'},{'D6'},{'D7'},{'D3'},{'D2'},{'D1'},{'R3'},{'R1'},{'D4'},{'R2'},&,1.0,&
{'D5'},{'D6'},{'D7'},{'D3'},{'D2'},{'D1'},{'R3'},{'D4'},{'R2'},{'R1'},&,4.0,&
{'D5'},{'D6'},{'D7'},{'D3'},{'D2'},{'D1'},{'R3'},{'D4'},{'R1'},{'R2'},&,2.0,&
{'D5'},{'D6'},{'D7'},{'D3'},{'D2'},{'D1'},{'D4'},{'R1'},{'R2'},{'R3'},&,4.0,&
{'D5'},{'D6'},{'D7'},{'D3'},{'D2'},{'D1'},{'D4'},{'R1'},{'R3'},{'R2'},&,9.0,&
{'D5'},{'D6'},{'D7'},{'D3'},{'D2'},{'D1'},{'D4'},{'R2'},{'R3'},{'R1'},&,8.0,&
{'D5'},{'D6'},{'D7'},{'D3'},{'D2'},{'D1'},{'D4'},{'R3'},{'R2'},{'R1'},&,5.0,&
{'D5'},{'D6'},{'D7'},{'D3'},{'D2'},{'D1'},{'D4'},{'R3'},{'R1'},{'R2'},&,12.0,&
{'D5'},{'D6'},{'D7'},{'D3'},{'D2'},{'D1'},{'R2'},{'D4'},{'R1'},{'R3'},&,2.0,&
{'D5'},{'D6'},{'D7'},{'D3'},{'D2'},{'D1'},{'R1'},{'R2'},{'D4'},{'R3'},&,1.0,&
{'D5'},{'D6'},{'D7'},{'D3'},{'D2'},{'D1'},{'R1'},{'D4'},{'R3'},{'R2'},&,2.0,&
{'D5'},{'D6'},{'D7'},{'D3'},{'D2'},{'R2'},{'D4'},{'D1'},{'R3'},{'R1'},&,1.0,&
{'D5'},{'D6'},{'D7'},{'D3'},{'D2'},{'R1'},{'D1'},{'D4'},{'R2'},{'R3'},&,1.0,&
{'D5'},{'D6'},{'D7'},{'D3'},{'D2'},{'R1'},{'D4'},{'R2'},{'R3'},{'D1'},&,1.0,&
{'D5'},{'D6'},{'D7'},{'D3'},{'D2'},{'R1'},{'D4'},{'R3'},{'D1'},{'R2'},&,1.0,&
{'D5'},{'D6'},{'D7'},{'D3'},{'D2'},{'R1'},{'D4'},{'D1'},{'R2'},{'R3'},&,1.0,&
{'D5'},{'D6'},{'D7'},{'D3'},{'D2'},{'R1'},{'D4'},{'D1'},{'R3'},{'R2'},&,1.0,&
{'D5'},{'D6'},{'D7'},{'D3'},{'D2'},{'R3'},{'D1'},{'R1'},{'R2'},{'D4'},&,1.0,&
{'D5'},{'D6'},{'D7'},{'D3'},{'D2'},{'R3'},{'D1'},{'R2'},{'D4'},{'R1'},&,1.0,&
{'D5'},{'D6'},{'D7'},{'D3'},{'D2'},{'R3'},{'D1'},{'D4'},{'R2'},{'R1'},&,1.0,&
{'D5'},{'D6'},{'D7'},{'D3'},{'D2'},{'R3'},{'D4'},{'R1'},{'D1'},{'R2'},&,1.0,&
{'D5'},{'D6'},{'D7'},{'D3'},{'D2'},{'R3'},{'D4'},{'D1'},{'R2'},{'R1'},&,2.0,&
{'D5'},{'D6'},{'D7'},{'D3'},{'D2'},{'R3'},{'D4'},{'D1'},{'R1'},{'R2'},&,1.0,&
{'D5'},{'D6'},{'D7'},{'D3'},{'D4'},{'D1'},{'R3'},{'D2'},{'R2'},{'R1'},&,4.0,&
{'D5'},{'D6'},{'D7'},{'D3'},{'D4'},{'D1'},{'R3'},{'D2'},{'R1'},{'R2'},&,6.0,&
{'D5'},{'D6'},{'D7'},{'D3'},{'D4'},{'D1'},{'R3'},{'R1'},{'D2'},{'R2'},&,1.0,&
{'D5'},{'D6'},{'D7'},{'D3'},{'D4'},{'D1'},{'R3'},{'R2'},{'D2'},{'R1'},&,2.0,&
{'D5'},{'D6'},{'D7'},{'D3'},{'D4'},{'D1'},{'D2'},{'R1'},{'R2'},{'R3'},&,5.0,&
{'D5'},{'D6'},{'D7'},{'D3'},{'D4'},{'D1'},{'D2'},{'R1'},{'R3'},{'R2'},&,9.0,&
{'D5'},{'D6'},{'D7'},{'D3'},{'D4'},{'D1'},{'D2'},{'R2'},{'R3'},{'R1'},&,11.0,&
{'D5'},{'D6'},{'D7'},{'D3'},{'D4'},{'D1'},{'D2'},{'R2'},{'R1'},{'R3'},&,4.0,&
{'D5'},{'D6'},{'D7'},{'D3'},{'D4'},{'D1'},{'D2'},{'R3'},{'R2'},{'R1'},&,26.0,&
{'D5'},{'D6'},{'D7'},{'D3'},{'D4'},{'D1'},{'D2'},{'R3'},{'R1'},{'R2'},&,18.0,&
{'D5'},{'D6'},{'D7'},{'D3'},{'D4'},{'D1'},{'R2'},{'D2'},{'R3'},{'R1'},&,5.0,&
{'D5'},{'D6'},{'D7'},{'D3'},{'D4'},{'D1'},{'R2'},{'D2'},{'R1'},{'R3'},&,1.0,&
{'D5'},{'D6'},{'D7'},{'D3'},{'D4'},{'D1'},{'R2'},{'R1'},{'D2'},{'R3'},&,1.0,&
{'D5'},{'D6'},{'D7'},{'D3'},{'D4'},{'D1'},{'R2'},{'R3'},{'D2'},{'R1'},&,2.0,&
{'D5'},{'D6'},{'D7'},{'D3'},{'D4'},{'D1'},{'R1'},{'D2'},{'R3'},{'R2'},&,2.0,&
{'D5'},{'D6'},{'D7'},{'D3'},{'D4'},{'D1'},{'R1'},{'R2'},{'R3'},{'D2'},&,1.0,&
{'D5'},{'D6'},{'D7'},{'D3'},{'D4'},{'D1'},{'R1'},{'R3'},{'D2'},{'R2'},&,1.0,&
{'D5'},{'D6'},{'D7'},{'D3'},{'D4'},{'D2'},{'R3'},{'R1'},{'R2'},{'D1'},&,1.0,&
{'D5'},{'D6'},{'D7'},{'D3'},{'D4'},{'D2'},{'R3'},{'R1'},{'D1'},{'R2'},&,1.0,&
{'D5'},{'D6'},{'D7'},{'D3'},{'D4'},{'D2'},{'R3'},{'D1'},{'R2'},{'R1'},&,5.0,&
{'D5'},{'D6'},{'D7'},{'D3'},{'D4'},{'D2'},{'R3'},{'D1'},{'R1'},{'R2'},&,6.0,&
{'D5'},{'D6'},{'D7'},{'D3'},{'D4'},{'D2'},{'D1'},{'R1'},{'R2'},{'R3'},&,7.0,&
{'D5'},{'D6'},{'D7'},{'D3'},{'D4'},{'D2'},{'D1'},{'R1'},{'R3'},{'R2'},&,10.0,&
{'D5'},{'D6'},{'D7'},{'D3'},{'D4'},{'D2'},{'D1'},{'R2'},{'R3'},{'R1'},&,6.0,&
{'D5'},{'D6'},{'D7'},{'D3'},{'D4'},{'D2'},{'D1'},{'R2'},{'R1'},{'R3'},&,9.0,&
{'D5'},{'D6'},{'D7'},{'D3'},{'D4'},{'D2'},{'D1'},{'R3'},{'R2'},{'R1'},&,16.0,&
{'D5'},{'D6'},{'D7'},{'D3'},{'D4'},{'D2'},{'D1'},{'R3'},{'R1'},{'R2'},&,22.0,&
{'D5'},{'D6'},{'D7'},{'D3'},{'D4'},{'D2'},{'R2'},{'D1'},{'R3'},{'R1'},&,2.0,&
{'D5'},{'D6'},{'D7'},{'D3'},{'D4'},{'D2'},{'R1'},{'R3'},{'D1'},{'R2'},&,1.0,&
{'D5'},{'D6'},{'D7'},{'D3'},{'D4'},{'D2'},{'R1'},{'D1'},{'R2'},{'R3'},&,2.0,&
{'D5'},{'D6'},{'D7'},{'D3'},{'D4'},{'D2'},{'R1'},{'D1'},{'R3'},{'R2'},&,5.0,&
{'D5'},{'D6'},{'D7'},{'D3'},{'D4'},{'R2'},{'R3'},{'D2'},{'D1'},{'R1'},&,1.0,&
{'D5'},{'D6'},{'D7'},{'D3'},{'D4'},{'R2'},{'D2'},{'D1'},{'R3'},{'R1'},&,1.0,&
{'D5'},{'D6'},{'D7'},{'D3'},{'D4'},{'R2'},{'D2'},{'D1'},{'R1'},{'R3'},&,1.0,&
{'D5'},{'D6'},{'D7'},{'D3'},{'D4'},{'R1'},{'D1'},{'D2'},{'R3'},{'R2'},&,1.0,&
{'D5'},{'D6'},{'D7'},{'D3'},{'D4'},{'R3'},{'D2'},{'R1'},{'R2'},{'D1'},&,1.0,&
{'D5'},{'D6'},{'D7'},{'D3'},{'D4'},{'R3'},{'D2'},{'R1'},{'D1'},{'R2'},&,1.0,&
{'D5'},{'D6'},{'D7'},{'D3'},{'D4'},{'R3'},{'D2'},{'D1'},{'R1'},{'R2'},&,1.0,&
{'D5'},{'D6'},{'D7'},{'D3'},{'D4'},{'R3'},{'D1'},{'D2'},{'R2'},{'R1'},&,1.0,&
{'D5'},{'D6'},{'D7'},{'D3'},{'D4'},{'R3'},{'D1'},{'D2'},{'R1'},{'R2'},&,1.0,&
{'D5'},{'D6'},{'D7'},{'D3'},{'D4'},{'R3'},{'D1'},{'R1'},{'D2'},{'R2'},&,1.0,&
{'D5'},{'D6'},{'D7'},{'D3'},{'R3'},{'D4'},{'D2'},{'R2'},{'D1'},{'R1'},&,1.0,&
{'D5'},{'D6'},{'D7'},{'D3'},{'R3'},{'D4'},{'D2'},{'D1'},{'R2'},{'R1'},&,1.0,&
{'D5'},{'D6'},{'D7'},{'D3'},{'R3'},{'D4'},{'D1'},{'D2'},{'R2'},{'R1'},&,2.0,&
{'D5'},{'D6'},{'D7'},{'D3'},{'R3'},{'D1'},{'D2'},{'D4'},{'R2'},{'R1'},&,1.0,&
{'D5'},{'D6'},{'D7'},{'D3'},{'R3'},{'D1'},{'D4'},{'D2'},{'R2'},{'R1'},&,1.0,&
{'D5'},{'D6'},{'D7'},{'D3'},{'R3'},{'D2'},{'D4'},{'D1'},{'R2'},{'R1'},&,1.0,&
{'D5'},{'D6'},{'D7'},{'D3'},{'R2'},{'D4'},{'D1'},{'D2'},{'R3'},{'R1'},&,1.0,&
{'D5'},{'D6'},{'D7'},{'D3'},{'R2'},{'D4'},{'D1'},{'R1'},{'R3'},{'D2'},&,1.0,&
{'D5'},{'D6'},{'D7'},{'D3'},{'R1'},{'D4'},{'D2'},{'R3'},{'D1'},{'R2'},&,1.0,&
{'D5'},{'D6'},{'D7'},{'R1'},{'D3'},{'D4'},{'D2'},{'D1'},{'R2'},{'R3'},&,1.0,&
{'D5'},{'D6'},{'D7'},{'D4'},{'D1'},{'D2'},{'R3'},{'R1'},{'D3'},{'R2'},&,1.0,&
{'D5'},{'D6'},{'D7'},{'D4'},{'D1'},{'D2'},{'R3'},{'R2'},{'D3'},{'R1'},&,2.0,&
{'D5'},{'D6'},{'D7'},{'D4'},{'D1'},{'D2'},{'R3'},{'D3'},{'R2'},{'R1'},&,1.0,&
{'D5'},{'D6'},{'D7'},{'D4'},{'D1'},{'D2'},{'R3'},{'D3'},{'R1'},{'R2'},&,2.0,&
{'D5'},{'D6'},{'D7'},{'D4'},{'D1'},{'D2'},{'D3'},{'R3'},{'R1'},{'R2'},&,2.0,&
{'D5'},{'D6'},{'D7'},{'D4'},{'D1'},{'D2'},{'R1'},{'R3'},{'D3'},{'R2'},&,1.0,&
{'D5'},{'D6'},{'D7'},{'D4'},{'D1'},{'D3'},{'R3'},{'D2'},{'R1'},{'R2'},&,3.0,&
{'D5'},{'D6'},{'D7'},{'D4'},{'D1'},{'D3'},{'R3'},{'R2'},{'D2'},{'R1'},&,2.0,&
{'D5'},{'D6'},{'D7'},{'D4'},{'D1'},{'D3'},{'D2'},{'R1'},{'R2'},{'R3'},&,2.0,&
{'D5'},{'D6'},{'D7'},{'D4'},{'D1'},{'D3'},{'D2'},{'R1'},{'R3'},{'R2'},&,5.0,&
{'D5'},{'D6'},{'D7'},{'D4'},{'D1'},{'D3'},{'D2'},{'R2'},{'R3'},{'R1'},&,3.0,&
{'D5'},{'D6'},{'D7'},{'D4'},{'D1'},{'D3'},{'D2'},{'R3'},{'R2'},{'R1'},&,9.0,&
{'D5'},{'D6'},{'D7'},{'D4'},{'D1'},{'D3'},{'D2'},{'R3'},{'R1'},{'R2'},&,5.0,&
{'D5'},{'D6'},{'D7'},{'D4'},{'D1'},{'D3'},{'R2'},{'D2'},{'R3'},{'R1'},&,1.0,&
{'D5'},{'D6'},{'D7'},{'D4'},{'D1'},{'D3'},{'R1'},{'D2'},{'R3'},{'R2'},&,2.0,&
{'D5'},{'D6'},{'D7'},{'D4'},{'D1'},{'R2'},{'D3'},{'D2'},{'R1'},{'R3'},&,2.0,&
{'D5'},{'D6'},{'D7'},{'D4'},{'D1'},{'R1'},{'D2'},{'D3'},{'R3'},{'R2'},&,1.0,&
{'D5'},{'D6'},{'D7'},{'D4'},{'D1'},{'R3'},{'D2'},{'D3'},{'R2'},{'R1'},&,1.0,&
{'D5'},{'D6'},{'D7'},{'D4'},{'D1'},{'R3'},{'D3'},{'D2'},{'R1'},{'R2'},&,1.0,&
{'D5'},{'D6'},{'D7'},{'D4'},{'D2'},{'D1'},{'R3'},{'D3'},{'R2'},{'R1'},&,1.0,&
{'D5'},{'D6'},{'D7'},{'D4'},{'D2'},{'D1'},{'D3'},{'R2'},{'R1'},{'R3'},&,1.0,&
{'D5'},{'D6'},{'D7'},{'D4'},{'D2'},{'D1'},{'D3'},{'R3'},{'R2'},{'R1'},&,1.0,&
{'D5'},{'D6'},{'D7'},{'D4'},{'D2'},{'D1'},{'D3'},{'R3'},{'R1'},{'R2'},&,3.0,&
{'D5'},{'D6'},{'D7'},{'D4'},{'D2'},{'D1'},{'R1'},{'R3'},{'D3'},{'R2'},&,1.0,&
{'D5'},{'D6'},{'D7'},{'D4'},{'D2'},{'D3'},{'R3'},{'D1'},{'R1'},{'R2'},&,5.0,&
{'D5'},{'D6'},{'D7'},{'D4'},{'D2'},{'D3'},{'D1'},{'R1'},{'R2'},{'R3'},&,1.0,&
{'D5'},{'D6'},{'D7'},{'D4'},{'D2'},{'D3'},{'D1'},{'R1'},{'R3'},{'R2'},&,4.0,&
{'D5'},{'D6'},{'D7'},{'D4'},{'D2'},{'D3'},{'D1'},{'R2'},{'R3'},{'R1'},&,7.0,&
{'D5'},{'D6'},{'D7'},{'D4'},{'D2'},{'D3'},{'D1'},{'R2'},{'R1'},{'R3'},&,1.0,&
{'D5'},{'D6'},{'D7'},{'D4'},{'D2'},{'D3'},{'D1'},{'R3'},{'R2'},{'R1'},&,15.0,&
{'D5'},{'D6'},{'D7'},{'D4'},{'D2'},{'D3'},{'D1'},{'R3'},{'R1'},{'R2'},&,5.0,&
{'D5'},{'D6'},{'D7'},{'D4'},{'D2'},{'D3'},{'R2'},{'R3'},{'D1'},{'R1'},&,1.0,&
{'D5'},{'D6'},{'D7'},{'D4'},{'D2'},{'D3'},{'R2'},{'D1'},{'R3'},{'R1'},&,3.0,&
{'D5'},{'D6'},{'D7'},{'D4'},{'D2'},{'D3'},{'R1'},{'D1'},{'R3'},{'R2'},&,1.0,&
{'D5'},{'D6'},{'D7'},{'D4'},{'D2'},{'R2'},{'D3'},{'D1'},{'R3'},{'R1'},&,1.0,&
{'D5'},{'D6'},{'D7'},{'D4'},{'D2'},{'R3'},{'D1'},{'R1'},{'D3'},{'R2'},&,1.0,&
{'D5'},{'D6'},{'D7'},{'D4'},{'D2'},{'R3'},{'D1'},{'R2'},{'R1'},{'D3'},&,1.0,&
{'D5'},{'D6'},{'D7'},{'D4'},{'D2'},{'R3'},{'D3'},{'D1'},{'R2'},{'R1'},&,1.0,&
{'D5'},{'D6'},{'D7'},{'D4'},{'D3'},{'D1'},{'R3'},{'D2'},{'R2'},{'R1'},&,3.0,&
{'D5'},{'D6'},{'D7'},{'D4'},{'D3'},{'D1'},{'R3'},{'D2'},{'R1'},{'R2'},&,7.0,&
{'D5'},{'D6'},{'D7'},{'D4'},{'D3'},{'D1'},{'R3'},{'R1'},{'D2'},{'R2'},&,4.0,&
{'D5'},{'D6'},{'D7'},{'D4'},{'D3'},{'D1'},{'D2'},{'R1'},{'R2'},{'R3'},&,8.0,&
{'D5'},{'D6'},{'D7'},{'D4'},{'D3'},{'D1'},{'D2'},{'R1'},{'R3'},{'R2'},&,11.0,&
{'D5'},{'D6'},{'D7'},{'D4'},{'D3'},{'D1'},{'D2'},{'R2'},{'R3'},{'R1'},&,3.0,&
{'D5'},{'D6'},{'D7'},{'D4'},{'D3'},{'D1'},{'D2'},{'R2'},{'R1'},{'R3'},&,1.0,&
{'D5'},{'D6'},{'D7'},{'D4'},{'D3'},{'D1'},{'D2'},{'R3'},{'R2'},{'R1'},&,7.0,&
{'D5'},{'D6'},{'D7'},{'D4'},{'D3'},{'D1'},{'D2'},{'R3'},{'R1'},{'R2'},&,17.0,&
{'D5'},{'D6'},{'D7'},{'D4'},{'D3'},{'D1'},{'R2'},{'D2'},{'R3'},{'R1'},&,2.0,&
{'D5'},{'D6'},{'D7'},{'D4'},{'D3'},{'D1'},{'R2'},{'R3'},{'R1'},{'D2'},&,1.0,&
{'D5'},{'D6'},{'D7'},{'D4'},{'D3'},{'D1'},{'R2'},{'R3'},{'D2'},{'R1'},&,1.0,&
{'D5'},{'D6'},{'D7'},{'D4'},{'D3'},{'D1'},{'R1'},{'D2'},{'R3'},{'R2'},&,4.0,&
{'D5'},{'D6'},{'D7'},{'D4'},{'D3'},{'D1'},{'R1'},{'R2'},{'D2'},{'R3'},&,1.0,&
{'D5'},{'D6'},{'D7'},{'D4'},{'D3'},{'D1'},{'R1'},{'R3'},{'D2'},{'R2'},&,2.0,&
{'D5'},{'D6'},{'D7'},{'D4'},{'D3'},{'D2'},{'R3'},{'R1'},{'D1'},{'R2'},&,1.0,&
{'D5'},{'D6'},{'D7'},{'D4'},{'D3'},{'D2'},{'R3'},{'D1'},{'R1'},{'R2'},&,4.0,&
{'D5'},{'D6'},{'D7'},{'D4'},{'D3'},{'D2'},{'D1'},{'R1'},{'R2'},{'R3'},&,3.0,&
{'D5'},{'D6'},{'D7'},{'D4'},{'D3'},{'D2'},{'D1'},{'R1'},{'R3'},{'R2'},&,7.0,&
{'D5'},{'D6'},{'D7'},{'D4'},{'D3'},{'D2'},{'D1'},{'R2'},{'R3'},{'R1'},&,5.0,&
{'D5'},{'D6'},{'D7'},{'D4'},{'D3'},{'D2'},{'D1'},{'R2'},{'R1'},{'R3'},&,1.0,&
{'D5'},{'D6'},{'D7'},{'D4'},{'D3'},{'D2'},{'D1'},{'R3'},{'R2'},{'R1'},&,11.0,&
{'D5'},{'D6'},{'D7'},{'D4'},{'D3'},{'D2'},{'D1'},{'R3'},{'R1'},{'R2'},&,19.0,&
{'D5'},{'D6'},{'D7'},{'D4'},{'D3'},{'D2'},{'R2'},{'D1'},{'R3'},{'R1'},&,1.0,&
{'D5'},{'D6'},{'D7'},{'D4'},{'D3'},{'D2'},{'R2'},{'D1'},{'R1'},{'R3'},&,1.0,&
{'D5'},{'D6'},{'D7'},{'D4'},{'D3'},{'R2'},{'D2'},{'D1'},{'R3'},{'R1'},&,1.0,&
{'D5'},{'D6'},{'D7'},{'D4'},{'D3'},{'R2'},{'D1'},{'R1'},{'R3'},{'D2'},&,1.0,&
{'D5'},{'D6'},{'D7'},{'D4'},{'D3'},{'R1'},{'R3'},{'D1'},{'D2'},{'R2'},&,1.0,&
{'D5'},{'D6'},{'D7'},{'D4'},{'D3'},{'R3'},{'D2'},{'R2'},{'D1'},{'R1'},&,1.0,&
{'D5'},{'D6'},{'D7'},{'D4'},{'D3'},{'R3'},{'D2'},{'D1'},{'R2'},{'R1'},&,1.0,&
{'D5'},{'D6'},{'D7'},{'D4'},{'D3'},{'R3'},{'R2'},{'D1'},{'D2'},{'R1'},&,1.0,&
{'D5'},{'D6'},{'D7'},{'D4'},{'R3'},{'D3'},{'D1'},{'R2'},{'D2'},{'R1'},&,1.0,&
{'D5'},{'D6'},{'D7'},{'D4'},{'R1'},{'D1'},{'D3'},{'D2'},{'R2'},{'R3'},&,1.0,&
{'D5'},{'D6'},{'D7'},{'R3'},{'D4'},{'D1'},{'D3'},{'D2'},{'R2'},{'R1'},&,1.0,&
{'D5'},{'D6'},{'D7'},{'R3'},{'D4'},{'D3'},{'R2'},{'D2'},{'D1'},{'R1'},&,1.0,&
{'D5'},{'D6'},{'D2'},{'D7'},{'D1'},{'D4'},{'R3'},{'D3'},{'R1'},{'R2'},&,2.0,&
{'D5'},{'D6'},{'D2'},{'D7'},{'D1'},{'D4'},{'D3'},{'R1'},{'R3'},{'R2'},&,2.0,&
{'D5'},{'D6'},{'D2'},{'D7'},{'D1'},{'D4'},{'D3'},{'R2'},{'R3'},{'R1'},&,1.0,&
{'D5'},{'D6'},{'D2'},{'D7'},{'D1'},{'D4'},{'D3'},{'R3'},{'R1'},{'R2'},&,1.0,&
{'D5'},{'D6'},{'D2'},{'D7'},{'D1'},{'D4'},{'R1'},{'D3'},{'R2'},{'R3'},&,1.0,&
{'D5'},{'D6'},{'D2'},{'D7'},{'D1'},{'D4'},{'R1'},{'D3'},{'R3'},{'R2'},&,1.0,&
{'D5'},{'D6'},{'D2'},{'D7'},{'D1'},{'D3'},{'D4'},{'R1'},{'R2'},{'R3'},&,1.0,&
{'D5'},{'D6'},{'D2'},{'D7'},{'D1'},{'D3'},{'D4'},{'R2'},{'R1'},{'R3'},&,1.0,&
{'D5'},{'D6'},{'D2'},{'D7'},{'D1'},{'D3'},{'D4'},{'R3'},{'R2'},{'R1'},&,2.0,&
{'D5'},{'D6'},{'D2'},{'D7'},{'D1'},{'D3'},{'D4'},{'R3'},{'R1'},{'R2'},&,3.0,&
{'D5'},{'D6'},{'D2'},{'D7'},{'D1'},{'D3'},{'R1'},{'D4'},{'R2'},{'R3'},&,1.0,&
{'D5'},{'D6'},{'D2'},{'D7'},{'D1'},{'R1'},{'D4'},{'D3'},{'R3'},{'R2'},&,1.0,&
{'D5'},{'D6'},{'D2'},{'D7'},{'D1'},{'R1'},{'D3'},{'R2'},{'D4'},{'R3'},&,1.0,&
{'D5'},{'D6'},{'D2'},{'D7'},{'D1'},{'R3'},{'D4'},{'D3'},{'R1'},{'R2'},&,1.0,&
{'D5'},{'D6'},{'D2'},{'D7'},{'D1'},{'R3'},{'D3'},{'R1'},{'D4'},{'R2'},&,1.0,&
{'D5'},{'D6'},{'D2'},{'D7'},{'D3'},{'D4'},{'R3'},{'D1'},{'R2'},{'R1'},&,1.0,&
{'D5'},{'D6'},{'D2'},{'D7'},{'D3'},{'D4'},{'R3'},{'D1'},{'R1'},{'R2'},&,2.0,&
{'D5'},{'D6'},{'D2'},{'D7'},{'D3'},{'D4'},{'D1'},{'R1'},{'R2'},{'R3'},&,4.0,&
{'D5'},{'D6'},{'D2'},{'D7'},{'D3'},{'D4'},{'D1'},{'R1'},{'R3'},{'R2'},&,7.0,&
{'D5'},{'D6'},{'D2'},{'D7'},{'D3'},{'D4'},{'D1'},{'R2'},{'R3'},{'R1'},&,4.0,&
{'D5'},{'D6'},{'D2'},{'D7'},{'D3'},{'D4'},{'D1'},{'R2'},{'R1'},{'R3'},&,1.0,&
{'D5'},{'D6'},{'D2'},{'D7'},{'D3'},{'D4'},{'D1'},{'R3'},{'R2'},{'R1'},&,9.0,&
{'D5'},{'D6'},{'D2'},{'D7'},{'D3'},{'D4'},{'D1'},{'R3'},{'R1'},{'R2'},&,7.0,&
{'D5'},{'D6'},{'D2'},{'D7'},{'D3'},{'D4'},{'R2'},{'R3'},{'R1'},{'D1'},&,1.0,&
{'D5'},{'D6'},{'D2'},{'D7'},{'D3'},{'D4'},{'R2'},{'D1'},{'R3'},{'R1'},&,1.0,&
{'D5'},{'D6'},{'D2'},{'D7'},{'D3'},{'D4'},{'R1'},{'D1'},{'R3'},{'R2'},&,1.0,&
{'D5'},{'D6'},{'D2'},{'D7'},{'D3'},{'D1'},{'R3'},{'R1'},{'D4'},{'R2'},&,1.0,&
{'D5'},{'D6'},{'D2'},{'D7'},{'D3'},{'D1'},{'R3'},{'D4'},{'R2'},{'R1'},&,3.0,&
{'D5'},{'D6'},{'D2'},{'D7'},{'D3'},{'D1'},{'R3'},{'D4'},{'R1'},{'R2'},&,1.0,&
{'D5'},{'D6'},{'D2'},{'D7'},{'D3'},{'D1'},{'D4'},{'R1'},{'R2'},{'R3'},&,1.0,&
{'D5'},{'D6'},{'D2'},{'D7'},{'D3'},{'D1'},{'D4'},{'R1'},{'R3'},{'R2'},&,2.0,&
{'D5'},{'D6'},{'D2'},{'D7'},{'D3'},{'D1'},{'D4'},{'R2'},{'R3'},{'R1'},&,7.0,&
{'D5'},{'D6'},{'D2'},{'D7'},{'D3'},{'D1'},{'D4'},{'R2'},{'R1'},{'R3'},&,3.0,&
{'D5'},{'D6'},{'D2'},{'D7'},{'D3'},{'D1'},{'D4'},{'R3'},{'R2'},{'R1'},&,4.0,&
{'D5'},{'D6'},{'D2'},{'D7'},{'D3'},{'D1'},{'D4'},{'R3'},{'R1'},{'R2'},&,5.0,&
{'D5'},{'D6'},{'D2'},{'D7'},{'D3'},{'D1'},{'R2'},{'D4'},{'R3'},{'R1'},&,1.0,&
{'D5'},{'D6'},{'D2'},{'D7'},{'D3'},{'D1'},{'R1'},{'D4'},{'R2'},{'R3'},&,1.0,&
{'D5'},{'D6'},{'D2'},{'D7'},{'D3'},{'R2'},{'D1'},{'R3'},{'D4'},{'R1'},&,1.0,&
{'D5'},{'D6'},{'D2'},{'D7'},{'D3'},{'R2'},{'D4'},{'R3'},{'R1'},{'D1'},&,1.0,&
{'D5'},{'D6'},{'D2'},{'D7'},{'D3'},{'R2'},{'D4'},{'D1'},{'R3'},{'R1'},&,1.0,&
{'D5'},{'D6'},{'D2'},{'D7'},{'D3'},{'R1'},{'D1'},{'D4'},{'R3'},{'R2'},&,1.0,&
{'D5'},{'D6'},{'D2'},{'D7'},{'D3'},{'R1'},{'R2'},{'D1'},{'D4'},{'R3'},&,1.0,&
{'D5'},{'D6'},{'D2'},{'D7'},{'D3'},{'R3'},{'D4'},{'D1'},{'R2'},{'R1'},&,1.0,&
{'D5'},{'D6'},{'D2'},{'D7'},{'D4'},{'D1'},{'R3'},{'R1'},{'D3'},{'R2'},&,1.0,&
{'D5'},{'D6'},{'D2'},{'D7'},{'D4'},{'D1'},{'R3'},{'R2'},{'D3'},{'R1'},&,1.0,&
{'D5'},{'D6'},{'D2'},{'D7'},{'D4'},{'D1'},{'R3'},{'D3'},{'R2'},{'R1'},&,1.0,&
{'D5'},{'D6'},{'D2'},{'D7'},{'D4'},{'D1'},{'D3'},{'R1'},{'R2'},{'R3'},&,2.0,&
{'D5'},{'D6'},{'D2'},{'D7'},{'D4'},{'D1'},{'D3'},{'R2'},{'R3'},{'R1'},&,1.0,&
{'D5'},{'D6'},{'D2'},{'D7'},{'D4'},{'D1'},{'D3'},{'R3'},{'R2'},{'R1'},&,2.0,&
{'D5'},{'D6'},{'D2'},{'D7'},{'D4'},{'D1'},{'D3'},{'R3'},{'R1'},{'R2'},&,1.0,&
{'D5'},{'D6'},{'D2'},{'D7'},{'D4'},{'D3'},{'R3'},{'D1'},{'R2'},{'R1'},&,2.0,&
{'D5'},{'D6'},{'D2'},{'D7'},{'D4'},{'D3'},{'R3'},{'D1'},{'R1'},{'R2'},&,2.0,&
{'D5'},{'D6'},{'D2'},{'D7'},{'D4'},{'D3'},{'D1'},{'R1'},{'R2'},{'R3'},&,1.0,&
{'D5'},{'D6'},{'D2'},{'D7'},{'D4'},{'D3'},{'D1'},{'R1'},{'R3'},{'R2'},&,3.0,&
{'D5'},{'D6'},{'D2'},{'D7'},{'D4'},{'D3'},{'D1'},{'R2'},{'R3'},{'R1'},&,3.0,&
{'D5'},{'D6'},{'D2'},{'D7'},{'D4'},{'D3'},{'D1'},{'R2'},{'R1'},{'R3'},&,1.0,&
{'D5'},{'D6'},{'D2'},{'D7'},{'D4'},{'D3'},{'D1'},{'R3'},{'R2'},{'R1'},&,1.0,&
{'D5'},{'D6'},{'D2'},{'D7'},{'D4'},{'D3'},{'D1'},{'R3'},{'R1'},{'R2'},&,4.0,&
{'D5'},{'D6'},{'D2'},{'D7'},{'D4'},{'D3'},{'R2'},{'R3'},{'R1'},{'D1'},&,1.0,&
{'D5'},{'D6'},{'D2'},{'D7'},{'D4'},{'D3'},{'R2'},{'D1'},{'R3'},{'R1'},&,2.0,&
{'D5'},{'D6'},{'D2'},{'D7'},{'D4'},{'D3'},{'R1'},{'D1'},{'R2'},{'R3'},&,2.0,&
{'D5'},{'D6'},{'D2'},{'D7'},{'D4'},{'R1'},{'D3'},{'D1'},{'R3'},{'R2'},&,2.0,&
{'D5'},{'D6'},{'D2'},{'D7'},{'D4'},{'R3'},{'D1'},{'R1'},{'D3'},{'R2'},&,1.0,&
{'D5'},{'D6'},{'D2'},{'D7'},{'D4'},{'R3'},{'D1'},{'D3'},{'R1'},{'R2'},&,1.0,&
{'D5'},{'D6'},{'D2'},{'D7'},{'D4'},{'R3'},{'D3'},{'R1'},{'D1'},{'R2'},&,1.0,&
{'D5'},{'D6'},{'D2'},{'D7'},{'R1'},{'D3'},{'D4'},{'R3'},{'R2'},{'D1'},&,1.0,&
{'D5'},{'D6'},{'D2'},{'D1'},{'D7'},{'D4'},{'R2'},{'R3'},{'D3'},{'R1'},&,1.0,&
{'D5'},{'D6'},{'D2'},{'D1'},{'D7'},{'D4'},{'R2'},{'D3'},{'R3'},{'R1'},&,1.0,&
{'D5'},{'D6'},{'D2'},{'D1'},{'D7'},{'D4'},{'D3'},{'R3'},{'R1'},{'R2'},&,2.0,&
{'D5'},{'D6'},{'D2'},{'D1'},{'D7'},{'D3'},{'R3'},{'D4'},{'R1'},{'R2'},&,1.0,&
{'D5'},{'D6'},{'D2'},{'D1'},{'D7'},{'D3'},{'D4'},{'R1'},{'R3'},{'R2'},&,3.0,&
{'D5'},{'D6'},{'D2'},{'D1'},{'D7'},{'D3'},{'D4'},{'R2'},{'R3'},{'R1'},&,1.0,&
{'D5'},{'D6'},{'D2'},{'D1'},{'D7'},{'D3'},{'D4'},{'R3'},{'R2'},{'R1'},&,3.0,&
{'D5'},{'D6'},{'D2'},{'D1'},{'D7'},{'D3'},{'D4'},{'R3'},{'R1'},{'R2'},&,5.0,&
{'D5'},{'D6'},{'D2'},{'D1'},{'D3'},{'D4'},{'R3'},{'D7'},{'R2'},{'R1'},&,1.0,&
{'D5'},{'D6'},{'D2'},{'D1'},{'D3'},{'D4'},{'R3'},{'D7'},{'R1'},{'R2'},&,1.0,&
{'D5'},{'D6'},{'D2'},{'D1'},{'D3'},{'D4'},{'D7'},{'R1'},{'R2'},{'R3'},&,2.0,&
{'D5'},{'D6'},{'D2'},{'D1'},{'D3'},{'D4'},{'D7'},{'R1'},{'R3'},{'R2'},&,2.0,&
{'D5'},{'D6'},{'D2'},{'D1'},{'D3'},{'D4'},{'D7'},{'R2'},{'R3'},{'R1'},&,6.0,&
{'D5'},{'D6'},{'D2'},{'D1'},{'D3'},{'D4'},{'D7'},{'R2'},{'R1'},{'R3'},&,3.0,&
{'D5'},{'D6'},{'D2'},{'D1'},{'D3'},{'D4'},{'D7'},{'R3'},{'R2'},{'R1'},&,4.0,&
{'D5'},{'D6'},{'D2'},{'D1'},{'D3'},{'D4'},{'D7'},{'R3'},{'R1'},{'R2'},&,3.0,&
{'D5'},{'D6'},{'D2'},{'D1'},{'D3'},{'D7'},{'R3'},{'D4'},{'R2'},{'R1'},&,2.0,&
{'D5'},{'D6'},{'D2'},{'D1'},{'D3'},{'D7'},{'R3'},{'D4'},{'R1'},{'R2'},&,1.0,&
{'D5'},{'D6'},{'D2'},{'D1'},{'D3'},{'D7'},{'D4'},{'R1'},{'R2'},{'R3'},&,1.0,&
{'D5'},{'D6'},{'D2'},{'D1'},{'D3'},{'D7'},{'D4'},{'R1'},{'R3'},{'R2'},&,3.0,&
{'D5'},{'D6'},{'D2'},{'D1'},{'D3'},{'D7'},{'D4'},{'R2'},{'R3'},{'R1'},&,2.0,&
{'D5'},{'D6'},{'D2'},{'D1'},{'D3'},{'D7'},{'D4'},{'R3'},{'R2'},{'R1'},&,1.0,&
{'D5'},{'D6'},{'D2'},{'D1'},{'D3'},{'D7'},{'D4'},{'R3'},{'R1'},{'R2'},&,4.0,&
{'D5'},{'D6'},{'D2'},{'D1'},{'D3'},{'R2'},{'D7'},{'R1'},{'D4'},{'R3'},&,1.0,&
{'D5'},{'D6'},{'D2'},{'D1'},{'D3'},{'R1'},{'D4'},{'D7'},{'R3'},{'R2'},&,1.0,&
{'D5'},{'D6'},{'D2'},{'D1'},{'D3'},{'R3'},{'D4'},{'R2'},{'D7'},{'R1'},&,1.0,&
{'D5'},{'D6'},{'D2'},{'D1'},{'D3'},{'R3'},{'D7'},{'R1'},{'D4'},{'R2'},&,1.0,&
{'D5'},{'D6'},{'D2'},{'D1'},{'D4'},{'D7'},{'R3'},{'D3'},{'R1'},{'R2'},&,1.0,&
{'D5'},{'D6'},{'D2'},{'D1'},{'D4'},{'D7'},{'D3'},{'R2'},{'R3'},{'R1'},&,2.0,&
{'D5'},{'D6'},{'D2'},{'D1'},{'D4'},{'D7'},{'D3'},{'R3'},{'R2'},{'R1'},&,1.0,&
{'D5'},{'D6'},{'D2'},{'D1'},{'D4'},{'D7'},{'D3'},{'R3'},{'R1'},{'R2'},&,3.0,&
{'D5'},{'D6'},{'D2'},{'D1'},{'D4'},{'D3'},{'R3'},{'D7'},{'R2'},{'R1'},&,2.0,&
{'D5'},{'D6'},{'D2'},{'D1'},{'D4'},{'D3'},{'R2'},{'D7'},{'R3'},{'R1'},&,1.0,&
{'D5'},{'D6'},{'D2'},{'D1'},{'D4'},{'D3'},{'D7'},{'R1'},{'R3'},{'R2'},&,5.0,&
{'D5'},{'D6'},{'D2'},{'D1'},{'D4'},{'D3'},{'D7'},{'R2'},{'R3'},{'R1'},&,1.0,&
{'D5'},{'D6'},{'D2'},{'D1'},{'D4'},{'D3'},{'D7'},{'R3'},{'R2'},{'R1'},&,2.0,&
{'D5'},{'D6'},{'D2'},{'D1'},{'D4'},{'D3'},{'D7'},{'R3'},{'R1'},{'R2'},&,5.0,&
{'D5'},{'D6'},{'D2'},{'D1'},{'D4'},{'D3'},{'R1'},{'D7'},{'R2'},{'R3'},&,1.0,&
{'D5'},{'D6'},{'D2'},{'D1'},{'D4'},{'R3'},{'D7'},{'D3'},{'R2'},{'R1'},&,1.0,&
{'D5'},{'D6'},{'D2'},{'D1'},{'D4'},{'R3'},{'D3'},{'D7'},{'R2'},{'R1'},&,1.0,&
{'D5'},{'D6'},{'D2'},{'D1'},{'R3'},{'D4'},{'R2'},{'D3'},{'D7'},{'R1'},&,1.0,&
{'D5'},{'D6'},{'D2'},{'D1'},{'R3'},{'D3'},{'D4'},{'D7'},{'R2'},{'R1'},&,1.0,&
{'D5'},{'D6'},{'D2'},{'D3'},{'D1'},{'D4'},{'R3'},{'D7'},{'R1'},{'R2'},&,5.0,&
{'D5'},{'D6'},{'D2'},{'D3'},{'D1'},{'D4'},{'R2'},{'R3'},{'D7'},{'R1'},&,1.0,&
{'D5'},{'D6'},{'D2'},{'D3'},{'D1'},{'D4'},{'D7'},{'R1'},{'R3'},{'R2'},&,2.0,&
{'D5'},{'D6'},{'D2'},{'D3'},{'D1'},{'D4'},{'D7'},{'R2'},{'R3'},{'R1'},&,3.0,&
{'D5'},{'D6'},{'D2'},{'D3'},{'D1'},{'D4'},{'D7'},{'R2'},{'R1'},{'R3'},&,1.0,&
{'D5'},{'D6'},{'D2'},{'D3'},{'D1'},{'D4'},{'D7'},{'R3'},{'R2'},{'R1'},&,6.0,&
{'D5'},{'D6'},{'D2'},{'D3'},{'D1'},{'D4'},{'D7'},{'R3'},{'R1'},{'R2'},&,13.0,&
{'D5'},{'D6'},{'D2'},{'D3'},{'D1'},{'D7'},{'R3'},{'D4'},{'R1'},{'R2'},&,1.0,&
{'D5'},{'D6'},{'D2'},{'D3'},{'D1'},{'D7'},{'D4'},{'R1'},{'R2'},{'R3'},&,2.0,&
{'D5'},{'D6'},{'D2'},{'D3'},{'D1'},{'D7'},{'D4'},{'R1'},{'R3'},{'R2'},&,3.0,&
{'D5'},{'D6'},{'D2'},{'D3'},{'D1'},{'D7'},{'D4'},{'R2'},{'R3'},{'R1'},&,4.0,&
{'D5'},{'D6'},{'D2'},{'D3'},{'D1'},{'D7'},{'D4'},{'R3'},{'R2'},{'R1'},&,6.0,&
{'D5'},{'D6'},{'D2'},{'D3'},{'D1'},{'D7'},{'D4'},{'R3'},{'R1'},{'R2'},&,8.0,&
{'D5'},{'D6'},{'D2'},{'D3'},{'D1'},{'D7'},{'R2'},{'D4'},{'R3'},{'R1'},&,2.0,&
{'D5'},{'D6'},{'D2'},{'D3'},{'D1'},{'D7'},{'R1'},{'R3'},{'D4'},{'R2'},&,1.0,&
{'D5'},{'D6'},{'D2'},{'D3'},{'D1'},{'D7'},{'R1'},{'D4'},{'R2'},{'R3'},&,1.0,&
{'D5'},{'D6'},{'D2'},{'D3'},{'D1'},{'R1'},{'R2'},{'D7'},{'D4'},{'R3'},&,1.0,&
{'D5'},{'D6'},{'D2'},{'D3'},{'D1'},{'R1'},{'D7'},{'D4'},{'R3'},{'R2'},&,1.0,&
{'D5'},{'D6'},{'D2'},{'D3'},{'D1'},{'R3'},{'D4'},{'D7'},{'R1'},{'R2'},&,1.0,&
{'D5'},{'D6'},{'D2'},{'D3'},{'D7'},{'D4'},{'R3'},{'R1'},{'D1'},{'R2'},&,2.0,&
{'D5'},{'D6'},{'D2'},{'D3'},{'D7'},{'D4'},{'R3'},{'D1'},{'R2'},{'R1'},&,2.0,&
{'D5'},{'D6'},{'D2'},{'D3'},{'D7'},{'D4'},{'R3'},{'D1'},{'R1'},{'R2'},&,3.0,&
{'D5'},{'D6'},{'D2'},{'D3'},{'D7'},{'D4'},{'D1'},{'R1'},{'R2'},{'R3'},&,3.0,&
{'D5'},{'D6'},{'D2'},{'D3'},{'D7'},{'D4'},{'D1'},{'R1'},{'R3'},{'R2'},&,6.0,&
{'D5'},{'D6'},{'D2'},{'D3'},{'D7'},{'D4'},{'D1'},{'R2'},{'R3'},{'R1'},&,4.0,&
{'D5'},{'D6'},{'D2'},{'D3'},{'D7'},{'D4'},{'D1'},{'R2'},{'R1'},{'R3'},&,2.0,&
{'D5'},{'D6'},{'D2'},{'D3'},{'D7'},{'D4'},{'D1'},{'R3'},{'R2'},{'R1'},&,12.0,&
{'D5'},{'D6'},{'D2'},{'D3'},{'D7'},{'D4'},{'D1'},{'R3'},{'R1'},{'R2'},&,8.0,&
{'D5'},{'D6'},{'D2'},{'D3'},{'D7'},{'D4'},{'R2'},{'R3'},{'D1'},{'R1'},&,1.0,&
{'D5'},{'D6'},{'D2'},{'D3'},{'D7'},{'D4'},{'R2'},{'D1'},{'R3'},{'R1'},&,2.0,&
{'D5'},{'D6'},{'D2'},{'D3'},{'D7'},{'D4'},{'R2'},{'D1'},{'R1'},{'R3'},&,3.0,&
{'D5'},{'D6'},{'D2'},{'D3'},{'D7'},{'D4'},{'R1'},{'R3'},{'D1'},{'R2'},&,1.0,&
{'D5'},{'D6'},{'D2'},{'D3'},{'D7'},{'D4'},{'R1'},{'D1'},{'R3'},{'R2'},&,1.0,&
{'D5'},{'D6'},{'D2'},{'D3'},{'D7'},{'D1'},{'R3'},{'D4'},{'R1'},{'R2'},&,5.0,&
{'D5'},{'D6'},{'D2'},{'D3'},{'D7'},{'D1'},{'D4'},{'R1'},{'R3'},{'R2'},&,7.0,&
{'D5'},{'D6'},{'D2'},{'D3'},{'D7'},{'D1'},{'D4'},{'R2'},{'R3'},{'R1'},&,3.0,&
{'D5'},{'D6'},{'D2'},{'D3'},{'D7'},{'D1'},{'D4'},{'R2'},{'R1'},{'R3'},&,2.0,&
{'D5'},{'D6'},{'D2'},{'D3'},{'D7'},{'D1'},{'D4'},{'R3'},{'R2'},{'R1'},&,10.0,&
{'D5'},{'D6'},{'D2'},{'D3'},{'D7'},{'D1'},{'D4'},{'R3'},{'R1'},{'R2'},&,3.0,&
{'D5'},{'D6'},{'D2'},{'D3'},{'D7'},{'D1'},{'R2'},{'D4'},{'R3'},{'R1'},&,2.0,&
{'D5'},{'D6'},{'D2'},{'D3'},{'D7'},{'D1'},{'R1'},{'D4'},{'R3'},{'R2'},&,1.0,&
{'D5'},{'D6'},{'D2'},{'D3'},{'D7'},{'R2'},{'D4'},{'D1'},{'R3'},{'R1'},&,2.0,&
{'D5'},{'D6'},{'D2'},{'D3'},{'D7'},{'R1'},{'D1'},{'D4'},{'R3'},{'R2'},&,1.0,&
{'D5'},{'D6'},{'D2'},{'D3'},{'D7'},{'R3'},{'D1'},{'D4'},{'R1'},{'R2'},&,2.0,&
{'D5'},{'D6'},{'D2'},{'D3'},{'D7'},{'R3'},{'D4'},{'D1'},{'R2'},{'R1'},&,1.0,&
{'D5'},{'D6'},{'D2'},{'D3'},{'D7'},{'R3'},{'D4'},{'D1'},{'R1'},{'R2'},&,1.0,&
{'D5'},{'D6'},{'D2'},{'D3'},{'D7'},{'R3'},{'R1'},{'D4'},{'D1'},{'R2'},&,1.0,&
{'D5'},{'D6'},{'D2'},{'D3'},{'D4'},{'D7'},{'R3'},{'R1'},{'R2'},{'D1'},&,1.0,&
{'D5'},{'D6'},{'D2'},{'D3'},{'D4'},{'D7'},{'R3'},{'R2'},{'D1'},{'R1'},&,2.0,&
{'D5'},{'D6'},{'D2'},{'D3'},{'D4'},{'D7'},{'R3'},{'D1'},{'R2'},{'R1'},&,1.0,&
{'D5'},{'D6'},{'D2'},{'D3'},{'D4'},{'D7'},{'R3'},{'D1'},{'R1'},{'R2'},&,2.0,&
{'D5'},{'D6'},{'D2'},{'D3'},{'D4'},{'D7'},{'D1'},{'R1'},{'R2'},{'R3'},&,3.0,&
{'D5'},{'D6'},{'D2'},{'D3'},{'D4'},{'D7'},{'D1'},{'R1'},{'R3'},{'R2'},&,4.0,&
{'D5'},{'D6'},{'D2'},{'D3'},{'D4'},{'D7'},{'D1'},{'R2'},{'R3'},{'R1'},&,4.0,&
{'D5'},{'D6'},{'D2'},{'D3'},{'D4'},{'D7'},{'D1'},{'R2'},{'R1'},{'R3'},&,2.0,&
{'D5'},{'D6'},{'D2'},{'D3'},{'D4'},{'D7'},{'D1'},{'R3'},{'R2'},{'R1'},&,8.0,&
{'D5'},{'D6'},{'D2'},{'D3'},{'D4'},{'D7'},{'D1'},{'R3'},{'R1'},{'R2'},&,14.0,&
{'D5'},{'D6'},{'D2'},{'D3'},{'D4'},{'D7'},{'R2'},{'D1'},{'R3'},{'R1'},&,2.0,&
{'D5'},{'D6'},{'D2'},{'D3'},{'D4'},{'D7'},{'R2'},{'D1'},{'R1'},{'R3'},&,1.0,&
{'D5'},{'D6'},{'D2'},{'D3'},{'D4'},{'D7'},{'R1'},{'R2'},{'D1'},{'R3'},&,1.0,&
{'D5'},{'D6'},{'D2'},{'D3'},{'D4'},{'D7'},{'R1'},{'R3'},{'R2'},{'D1'},&,1.0,&
{'D5'},{'D6'},{'D2'},{'D3'},{'D4'},{'D7'},{'R1'},{'D1'},{'R3'},{'R2'},&,1.0,&
{'D5'},{'D6'},{'D2'},{'D3'},{'D4'},{'D1'},{'R3'},{'R1'},{'D7'},{'R2'},&,1.0,&
{'D5'},{'D6'},{'D2'},{'D3'},{'D4'},{'D1'},{'R2'},{'D7'},{'R3'},{'R1'},&,2.0,&
{'D5'},{'D6'},{'D2'},{'D3'},{'D4'},{'D1'},{'R2'},{'D7'},{'R1'},{'R3'},&,1.0,&
{'D5'},{'D6'},{'D2'},{'D3'},{'D4'},{'D1'},{'D7'},{'R1'},{'R2'},{'R3'},&,3.0,&
{'D5'},{'D6'},{'D2'},{'D3'},{'D4'},{'D1'},{'D7'},{'R1'},{'R3'},{'R2'},&,4.0,&
{'D5'},{'D6'},{'D2'},{'D3'},{'D4'},{'D1'},{'D7'},{'R2'},{'R3'},{'R1'},&,3.0,&
{'D5'},{'D6'},{'D2'},{'D3'},{'D4'},{'D1'},{'D7'},{'R2'},{'R1'},{'R3'},&,1.0,&
{'D5'},{'D6'},{'D2'},{'D3'},{'D4'},{'D1'},{'D7'},{'R3'},{'R1'},{'R2'},&,5.0,&
{'D5'},{'D6'},{'D2'},{'D3'},{'D4'},{'D1'},{'R1'},{'R2'},{'D7'},{'R3'},&,1.0,&
{'D5'},{'D6'},{'D2'},{'D3'},{'D4'},{'D1'},{'R1'},{'R3'},{'D7'},{'R2'},&,1.0,&
{'D5'},{'D6'},{'D2'},{'D3'},{'D4'},{'D1'},{'R1'},{'D7'},{'R2'},{'R3'},&,1.0,&
{'D5'},{'D6'},{'D2'},{'D3'},{'D4'},{'R2'},{'D1'},{'R3'},{'D7'},{'R1'},&,1.0,&
{'D5'},{'D6'},{'D2'},{'D3'},{'D4'},{'R2'},{'D7'},{'D1'},{'R3'},{'R1'},&,1.0,&
{'D5'},{'D6'},{'D2'},{'D3'},{'D4'},{'R1'},{'R3'},{'D7'},{'D1'},{'R2'},&,1.0,&
{'D5'},{'D6'},{'D2'},{'D3'},{'D4'},{'R1'},{'D1'},{'D7'},{'R3'},{'R2'},&,1.0,&
{'D5'},{'D6'},{'D2'},{'D3'},{'D4'},{'R1'},{'D7'},{'D1'},{'R3'},{'R2'},&,2.0,&
{'D5'},{'D6'},{'D2'},{'D3'},{'D4'},{'R3'},{'D1'},{'D7'},{'R2'},{'R1'},&,1.0,&
{'D5'},{'D6'},{'D2'},{'D3'},{'D4'},{'R3'},{'D7'},{'D1'},{'R2'},{'R1'},&,1.0,&
{'D5'},{'D6'},{'D2'},{'D3'},{'R3'},{'D4'},{'D1'},{'D7'},{'R2'},{'R1'},&,1.0,&
{'D5'},{'D6'},{'D2'},{'D3'},{'R2'},{'D4'},{'D1'},{'D7'},{'R3'},{'R1'},&,1.0,&
{'D5'},{'D6'},{'D2'},{'D3'},{'R2'},{'R3'},{'D7'},{'D1'},{'D4'},{'R1'},&,1.0,&
{'D5'},{'D6'},{'D2'},{'D3'},{'R1'},{'D4'},{'D7'},{'D1'},{'R3'},{'R2'},&,1.0,&
{'D5'},{'D6'},{'D2'},{'R1'},{'D1'},{'D4'},{'D7'},{'D3'},{'R2'},{'R3'},&,1.0,&
{'D5'},{'D6'},{'D2'},{'R1'},{'D3'},{'D4'},{'D1'},{'D7'},{'R3'},{'R2'},&,1.0,&
{'D5'},{'D6'},{'D2'},{'R1'},{'D3'},{'D1'},{'D4'},{'D7'},{'R2'},{'R3'},&,1.0,&
{'D5'},{'D6'},{'D2'},{'D4'},{'D1'},{'D7'},{'R3'},{'R1'},{'D3'},{'R2'},&,1.0,&
{'D5'},{'D6'},{'D2'},{'D4'},{'D1'},{'D7'},{'R3'},{'D3'},{'R1'},{'R2'},&,1.0,&
{'D5'},{'D6'},{'D2'},{'D4'},{'D1'},{'D7'},{'D3'},{'R2'},{'R3'},{'R1'},&,1.0,&
{'D5'},{'D6'},{'D2'},{'D4'},{'D1'},{'D7'},{'D3'},{'R3'},{'R1'},{'R2'},&,3.0,&
{'D5'},{'D6'},{'D2'},{'D4'},{'D1'},{'D3'},{'R3'},{'R2'},{'D7'},{'R1'},&,2.0,&
{'D5'},{'D6'},{'D2'},{'D4'},{'D1'},{'D3'},{'R3'},{'D7'},{'R1'},{'R2'},&,1.0,&
{'D5'},{'D6'},{'D2'},{'D4'},{'D1'},{'D3'},{'D7'},{'R1'},{'R3'},{'R2'},&,1.0,&
{'D5'},{'D6'},{'D2'},{'D4'},{'D1'},{'D3'},{'D7'},{'R2'},{'R3'},{'R1'},&,4.0,&
{'D5'},{'D6'},{'D2'},{'D4'},{'D1'},{'D3'},{'D7'},{'R3'},{'R2'},{'R1'},&,5.0,&
{'D5'},{'D6'},{'D2'},{'D4'},{'D1'},{'D3'},{'D7'},{'R3'},{'R1'},{'R2'},&,8.0,&
{'D5'},{'D6'},{'D2'},{'D4'},{'D1'},{'R3'},{'D7'},{'D3'},{'R1'},{'R2'},&,1.0,&
{'D5'},{'D6'},{'D2'},{'D4'},{'D1'},{'R3'},{'D3'},{'D7'},{'R1'},{'R2'},&,1.0,&
{'D5'},{'D6'},{'D2'},{'D4'},{'D7'},{'D1'},{'R3'},{'D3'},{'R2'},{'R1'},&,1.0,&
{'D5'},{'D6'},{'D2'},{'D4'},{'D7'},{'D1'},{'R3'},{'D3'},{'R1'},{'R2'},&,1.0,&
{'D5'},{'D6'},{'D2'},{'D4'},{'D7'},{'D1'},{'D3'},{'R1'},{'R3'},{'R2'},&,1.0,&
{'D5'},{'D6'},{'D2'},{'D4'},{'D7'},{'D1'},{'D3'},{'R3'},{'R2'},{'R1'},&,3.0,&
{'D5'},{'D6'},{'D2'},{'D4'},{'D7'},{'D1'},{'D3'},{'R3'},{'R1'},{'R2'},&,3.0,&
{'D5'},{'D6'},{'D2'},{'D4'},{'D7'},{'D1'},{'R1'},{'D3'},{'R2'},{'R3'},&,1.0,&
{'D5'},{'D6'},{'D2'},{'D4'},{'D7'},{'D3'},{'R3'},{'D1'},{'R2'},{'R1'},&,2.0,&
{'D5'},{'D6'},{'D2'},{'D4'},{'D7'},{'D3'},{'R3'},{'D1'},{'R1'},{'R2'},&,1.0,&
{'D5'},{'D6'},{'D2'},{'D4'},{'D7'},{'D3'},{'D1'},{'R1'},{'R3'},{'R2'},&,4.0,&
{'D5'},{'D6'},{'D2'},{'D4'},{'D7'},{'D3'},{'D1'},{'R2'},{'R3'},{'R1'},&,2.0,&
{'D5'},{'D6'},{'D2'},{'D4'},{'D7'},{'D3'},{'D1'},{'R2'},{'R1'},{'R3'},&,1.0,&
{'D5'},{'D6'},{'D2'},{'D4'},{'D7'},{'D3'},{'D1'},{'R3'},{'R2'},{'R1'},&,1.0,&
{'D5'},{'D6'},{'D2'},{'D4'},{'D7'},{'D3'},{'D1'},{'R3'},{'R1'},{'R2'},&,4.0,&
{'D5'},{'D6'},{'D2'},{'D4'},{'D7'},{'D3'},{'R2'},{'D1'},{'R3'},{'R1'},&,3.0,&
{'D5'},{'D6'},{'D2'},{'D4'},{'D7'},{'D3'},{'R1'},{'R3'},{'D1'},{'R2'},&,1.0,&
{'D5'},{'D6'},{'D2'},{'D4'},{'D7'},{'D3'},{'R1'},{'D1'},{'R3'},{'R2'},&,1.0,&
{'D5'},{'D6'},{'D2'},{'D4'},{'D7'},{'R1'},{'D3'},{'R3'},{'D1'},{'R2'},&,1.0,&
{'D5'},{'D6'},{'D2'},{'D4'},{'D7'},{'R3'},{'D3'},{'D1'},{'R2'},{'R1'},&,1.0,&
{'D5'},{'D6'},{'D2'},{'D4'},{'D3'},{'D7'},{'R3'},{'D1'},{'R2'},{'R1'},&,1.0,&
{'D5'},{'D6'},{'D2'},{'D4'},{'D3'},{'D7'},{'R3'},{'D1'},{'R1'},{'R2'},&,2.0,&
{'D5'},{'D6'},{'D2'},{'D4'},{'D3'},{'D7'},{'D1'},{'R1'},{'R2'},{'R3'},&,2.0,&
{'D5'},{'D6'},{'D2'},{'D4'},{'D3'},{'D7'},{'D1'},{'R1'},{'R3'},{'R2'},&,3.0,&
{'D5'},{'D6'},{'D2'},{'D4'},{'D3'},{'D7'},{'D1'},{'R2'},{'R3'},{'R1'},&,7.0,&
{'D5'},{'D6'},{'D2'},{'D4'},{'D3'},{'D7'},{'D1'},{'R2'},{'R1'},{'R3'},&,2.0,&
{'D5'},{'D6'},{'D2'},{'D4'},{'D3'},{'D7'},{'D1'},{'R3'},{'R2'},{'R1'},&,8.0,&
{'D5'},{'D6'},{'D2'},{'D4'},{'D3'},{'D7'},{'D1'},{'R3'},{'R1'},{'R2'},&,13.0,&
{'D5'},{'D6'},{'D2'},{'D4'},{'D3'},{'D7'},{'R2'},{'R1'},{'D1'},{'R3'},&,1.0,&
{'D5'},{'D6'},{'D2'},{'D4'},{'D3'},{'D7'},{'R1'},{'D1'},{'R2'},{'R3'},&,2.0,&
{'D5'},{'D6'},{'D2'},{'D4'},{'D3'},{'D1'},{'R3'},{'R2'},{'D7'},{'R1'},&,1.0,&
{'D5'},{'D6'},{'D2'},{'D4'},{'D3'},{'D1'},{'R3'},{'D7'},{'R2'},{'R1'},&,4.0,&
{'D5'},{'D6'},{'D2'},{'D4'},{'D3'},{'D1'},{'R2'},{'D7'},{'R3'},{'R1'},&,1.0,&
{'D5'},{'D6'},{'D2'},{'D4'},{'D3'},{'D1'},{'D7'},{'R1'},{'R2'},{'R3'},&,3.0,&
{'D5'},{'D6'},{'D2'},{'D4'},{'D3'},{'D1'},{'D7'},{'R1'},{'R3'},{'R2'},&,4.0,&
{'D5'},{'D6'},{'D2'},{'D4'},{'D3'},{'D1'},{'D7'},{'R2'},{'R3'},{'R1'},&,2.0,&
{'D5'},{'D6'},{'D2'},{'D4'},{'D3'},{'D1'},{'D7'},{'R3'},{'R2'},{'R1'},&,2.0,&
{'D5'},{'D6'},{'D2'},{'D4'},{'D3'},{'D1'},{'D7'},{'R3'},{'R1'},{'R2'},&,5.0,&
{'D5'},{'D6'},{'D2'},{'D4'},{'D3'},{'D1'},{'R1'},{'R3'},{'D7'},{'R2'},&,1.0,&
{'D5'},{'D6'},{'D2'},{'D4'},{'D3'},{'D1'},{'R1'},{'D7'},{'R3'},{'R2'},&,2.0,&
{'D5'},{'D6'},{'D2'},{'D4'},{'D3'},{'R2'},{'D7'},{'D1'},{'R3'},{'R1'},&,1.0,&
{'D5'},{'D6'},{'D2'},{'D4'},{'D3'},{'R3'},{'D1'},{'D7'},{'R2'},{'R1'},&,1.0,&
{'D5'},{'D6'},{'D2'},{'D4'},{'R3'},{'D3'},{'D7'},{'D1'},{'R1'},{'R2'},&,2.0,&
{'D5'},{'D6'},{'D2'},{'R3'},{'D1'},{'D3'},{'R1'},{'D7'},{'D4'},{'R2'},&,1.0,&
{'D5'},{'D6'},{'D2'},{'R3'},{'D4'},{'D1'},{'D7'},{'D3'},{'R2'},{'R1'},&,1.0,&
{'D5'},{'D6'},{'R3'},{'D3'},{'D7'},{'D1'},{'D2'},{'D4'},{'R1'},{'R2'},&,1.0,&
{'D5'},{'D6'},{'R3'},{'D3'},{'D4'},{'D2'},{'D1'},{'D7'},{'R2'},{'R1'},&,1.0,&
{'D5'},{'D6'},{'R1'},{'D7'},{'D2'},{'D4'},{'R3'},{'D3'},{'D1'},{'R2'},&,1.0,&
{'D5'},{'D6'},{'R1'},{'D7'},{'D3'},{'D4'},{'D1'},{'D2'},{'R2'},{'R3'},&,1.0,&
{'D5'},{'D6'},{'R1'},{'D7'},{'D3'},{'D2'},{'D4'},{'D1'},{'R3'},{'R2'},&,1.0,&
{'D5'},{'D2'},{'D4'},{'D7'},{'D1'},{'D6'},{'R3'},{'R2'},{'D3'},{'R1'},&,1.0,&
{'D5'},{'D2'},{'D4'},{'D7'},{'D1'},{'D6'},{'R3'},{'D3'},{'R1'},{'R2'},&,1.0,&
{'D5'},{'D2'},{'D4'},{'D7'},{'D1'},{'D6'},{'D3'},{'R3'},{'R2'},{'R1'},&,1.0,&
{'D5'},{'D2'},{'D4'},{'D7'},{'D1'},{'D3'},{'D6'},{'R3'},{'R2'},{'R1'},&,1.0,&
{'D5'},{'D2'},{'D4'},{'D7'},{'D3'},{'D6'},{'R3'},{'R2'},{'D1'},{'R1'},&,1.0,&
{'D5'},{'D2'},{'D4'},{'D7'},{'D3'},{'D6'},{'R3'},{'D1'},{'R1'},{'R2'},&,1.0,&
{'D5'},{'D2'},{'D4'},{'D7'},{'D3'},{'D6'},{'D1'},{'R3'},{'R2'},{'R1'},&,1.0,&
{'D5'},{'D2'},{'D4'},{'D7'},{'D3'},{'D6'},{'R1'},{'D1'},{'R3'},{'R2'},&,1.0,&
{'D5'},{'D2'},{'D4'},{'D7'},{'D3'},{'D1'},{'R3'},{'D6'},{'R2'},{'R1'},&,1.0,&
{'D5'},{'D2'},{'D4'},{'D7'},{'D3'},{'D1'},{'R3'},{'D6'},{'R1'},{'R2'},&,1.0,&
{'D5'},{'D2'},{'D4'},{'D7'},{'D3'},{'D1'},{'D6'},{'R1'},{'R3'},{'R2'},&,1.0,&
{'D5'},{'D2'},{'D4'},{'D7'},{'D3'},{'D1'},{'D6'},{'R3'},{'R2'},{'R1'},&,2.0,&
{'D5'},{'D2'},{'D4'},{'D7'},{'D3'},{'D1'},{'D6'},{'R3'},{'R1'},{'R2'},&,2.0,&
{'D5'},{'D2'},{'D4'},{'D7'},{'D3'},{'R2'},{'D6'},{'R3'},{'R1'},{'D1'},&,1.0,&
{'D5'},{'D2'},{'D4'},{'D7'},{'D3'},{'R3'},{'D1'},{'D6'},{'R2'},{'R1'},&,1.0,&
{'D5'},{'D2'},{'D4'},{'D7'},{'D3'},{'R3'},{'D6'},{'D1'},{'R2'},{'R1'},&,1.0,&
{'D5'},{'D2'},{'D4'},{'D7'},{'D6'},{'D1'},{'D3'},{'R2'},{'R3'},{'R1'},&,1.0,&
{'D5'},{'D2'},{'D4'},{'D7'},{'D6'},{'D1'},{'D3'},{'R3'},{'R2'},{'R1'},&,1.0,&
{'D5'},{'D2'},{'D4'},{'D7'},{'D6'},{'D3'},{'R3'},{'R1'},{'D1'},{'R2'},&,1.0,&
{'D5'},{'D2'},{'D4'},{'D7'},{'D6'},{'D3'},{'R3'},{'D1'},{'R2'},{'R1'},&,1.0,&
{'D5'},{'D2'},{'D4'},{'D7'},{'D6'},{'D3'},{'D1'},{'R1'},{'R3'},{'R2'},&,2.0,&
{'D5'},{'D2'},{'D4'},{'D7'},{'D6'},{'D3'},{'D1'},{'R3'},{'R2'},{'R1'},&,2.0,&
{'D5'},{'D2'},{'D4'},{'D7'},{'D6'},{'D3'},{'D1'},{'R3'},{'R1'},{'R2'},&,1.0,&
{'D5'},{'D2'},{'D4'},{'D1'},{'D7'},{'D6'},{'D3'},{'R3'},{'R1'},{'R2'},&,1.0,&
{'D5'},{'D2'},{'D4'},{'D1'},{'D7'},{'D3'},{'R3'},{'D6'},{'R1'},{'R2'},&,1.0,&
{'D5'},{'D2'},{'D4'},{'D1'},{'D7'},{'D3'},{'D6'},{'R1'},{'R2'},{'R3'},&,1.0,&
{'D5'},{'D2'},{'D4'},{'D1'},{'D7'},{'D3'},{'D6'},{'R3'},{'R1'},{'R2'},&,2.0,&
{'D5'},{'D2'},{'D4'},{'D1'},{'D3'},{'D6'},{'R3'},{'R2'},{'D7'},{'R1'},&,1.0,&
{'D5'},{'D2'},{'D4'},{'D1'},{'D3'},{'D6'},{'R3'},{'D7'},{'R1'},{'R2'},&,1.0,&
{'D5'},{'D2'},{'D4'},{'D1'},{'D3'},{'D6'},{'D7'},{'R1'},{'R3'},{'R2'},&,4.0,&
{'D5'},{'D2'},{'D4'},{'D1'},{'D3'},{'D6'},{'D7'},{'R2'},{'R3'},{'R1'},&,1.0,&
{'D5'},{'D2'},{'D4'},{'D1'},{'D3'},{'D6'},{'D7'},{'R2'},{'R1'},{'R3'},&,1.0,&
{'D5'},{'D2'},{'D4'},{'D1'},{'D3'},{'D6'},{'D7'},{'R3'},{'R2'},{'R1'},&,5.0,&
{'D5'},{'D2'},{'D4'},{'D1'},{'D3'},{'D6'},{'D7'},{'R3'},{'R1'},{'R2'},&,1.0,&
{'D5'},{'D2'},{'D4'},{'D1'},{'D3'},{'D7'},{'R3'},{'D6'},{'R1'},{'R2'},&,1.0,&
{'D5'},{'D2'},{'D4'},{'D1'},{'D3'},{'D7'},{'R2'},{'D6'},{'R1'},{'R3'},&,1.0,&
{'D5'},{'D2'},{'D4'},{'D1'},{'D3'},{'D7'},{'D6'},{'R3'},{'R2'},{'R1'},&,2.0,&
{'D5'},{'D2'},{'D4'},{'D1'},{'D6'},{'D7'},{'R3'},{'D3'},{'R1'},{'R2'},&,1.0,&
{'D5'},{'D2'},{'D4'},{'D1'},{'D6'},{'D7'},{'D3'},{'R1'},{'R3'},{'R2'},&,2.0,&
{'D5'},{'D2'},{'D4'},{'D1'},{'D6'},{'D7'},{'D3'},{'R3'},{'R2'},{'R1'},&,3.0,&
{'D5'},{'D2'},{'D4'},{'D1'},{'D6'},{'D7'},{'D3'},{'R3'},{'R1'},{'R2'},&,2.0,&
{'D5'},{'D2'},{'D4'},{'D1'},{'D6'},{'D3'},{'R3'},{'D7'},{'R1'},{'R2'},&,1.0,&
{'D5'},{'D2'},{'D4'},{'D1'},{'D6'},{'D3'},{'D7'},{'R2'},{'R3'},{'R1'},&,1.0,&
{'D5'},{'D2'},{'D4'},{'D1'},{'D6'},{'D3'},{'D7'},{'R3'},{'R2'},{'R1'},&,1.0,&
{'D5'},{'D2'},{'D4'},{'D1'},{'D6'},{'D3'},{'D7'},{'R3'},{'R1'},{'R2'},&,1.0,&
{'D5'},{'D2'},{'D4'},{'D1'},{'D6'},{'R2'},{'D7'},{'D3'},{'R3'},{'R1'},&,1.0,&
{'D5'},{'D2'},{'D4'},{'D1'},{'D6'},{'R3'},{'D3'},{'R1'},{'D7'},{'R2'},&,1.0,&
{'D5'},{'D2'},{'D4'},{'D1'},{'D6'},{'R3'},{'D3'},{'D7'},{'R1'},{'R2'},&,1.0,&
{'D5'},{'D2'},{'D4'},{'D3'},{'D1'},{'D6'},{'D7'},{'R1'},{'R2'},{'R3'},&,1.0,&
{'D5'},{'D2'},{'D4'},{'D3'},{'D1'},{'D6'},{'D7'},{'R1'},{'R3'},{'R2'},&,1.0,&
{'D5'},{'D2'},{'D4'},{'D3'},{'D1'},{'D6'},{'D7'},{'R2'},{'R3'},{'R1'},&,1.0,&
{'D5'},{'D2'},{'D4'},{'D3'},{'D1'},{'D6'},{'D7'},{'R2'},{'R1'},{'R3'},&,1.0,&
{'D5'},{'D2'},{'D4'},{'D3'},{'D1'},{'D6'},{'D7'},{'R3'},{'R2'},{'R1'},&,3.0,&
{'D5'},{'D2'},{'D4'},{'D3'},{'D1'},{'D6'},{'D7'},{'R3'},{'R1'},{'R2'},&,4.0,&
{'D5'},{'D2'},{'D4'},{'D3'},{'D1'},{'D7'},{'R2'},{'D6'},{'R3'},{'R1'},&,2.0,&
{'D5'},{'D2'},{'D4'},{'D3'},{'D1'},{'D7'},{'D6'},{'R3'},{'R2'},{'R1'},&,1.0,&
{'D5'},{'D2'},{'D4'},{'D3'},{'D1'},{'D7'},{'D6'},{'R3'},{'R1'},{'R2'},&,2.0,&
{'D5'},{'D2'},{'D4'},{'D3'},{'D1'},{'R3'},{'D6'},{'D7'},{'R1'},{'R2'},&,1.0,&
{'D5'},{'D2'},{'D4'},{'D3'},{'D7'},{'D6'},{'R3'},{'D1'},{'R2'},{'R1'},&,1.0,&
{'D5'},{'D2'},{'D4'},{'D3'},{'D7'},{'D6'},{'D1'},{'R2'},{'R3'},{'R1'},&,1.0,&
{'D5'},{'D2'},{'D4'},{'D3'},{'D7'},{'D6'},{'D1'},{'R3'},{'R2'},{'R1'},&,3.0,&
{'D5'},{'D2'},{'D4'},{'D3'},{'D7'},{'D6'},{'D1'},{'R3'},{'R1'},{'R2'},&,4.0,&
{'D5'},{'D2'},{'D4'},{'D3'},{'D7'},{'D6'},{'R1'},{'D1'},{'R2'},{'R3'},&,1.0,&
{'D5'},{'D2'},{'D4'},{'D3'},{'D7'},{'D6'},{'R1'},{'D1'},{'R3'},{'R2'},&,2.0,&
{'D5'},{'D2'},{'D4'},{'D3'},{'D7'},{'D1'},{'D6'},{'R1'},{'R3'},{'R2'},&,1.0,&
{'D5'},{'D2'},{'D4'},{'D3'},{'D7'},{'D1'},{'D6'},{'R3'},{'R2'},{'R1'},&,2.0,&
{'D5'},{'D2'},{'D4'},{'D3'},{'D7'},{'D1'},{'D6'},{'R3'},{'R1'},{'R2'},&,1.0,&
{'D5'},{'D2'},{'D4'},{'D3'},{'D7'},{'R1'},{'D1'},{'D6'},{'R3'},{'R2'},&,1.0,&
{'D5'},{'D2'},{'D4'},{'D3'},{'D7'},{'R1'},{'D6'},{'D1'},{'R3'},{'R2'},&,1.0,&
{'D5'},{'D2'},{'D4'},{'D3'},{'D6'},{'D7'},{'R3'},{'D1'},{'R2'},{'R1'},&,1.0,&
{'D5'},{'D2'},{'D4'},{'D3'},{'D6'},{'D7'},{'D1'},{'R1'},{'R3'},{'R2'},&,6.0,&
{'D5'},{'D2'},{'D4'},{'D3'},{'D6'},{'D7'},{'D1'},{'R2'},{'R3'},{'R1'},&,3.0,&
{'D5'},{'D2'},{'D4'},{'D3'},{'D6'},{'D7'},{'D1'},{'R3'},{'R2'},{'R1'},&,2.0,&
{'D5'},{'D2'},{'D4'},{'D3'},{'D6'},{'D7'},{'D1'},{'R3'},{'R1'},{'R2'},&,7.0,&
{'D5'},{'D2'},{'D4'},{'D3'},{'D6'},{'D7'},{'R2'},{'D1'},{'R3'},{'R1'},&,1.0,&
{'D5'},{'D2'},{'D4'},{'D3'},{'D6'},{'D1'},{'R3'},{'D7'},{'R2'},{'R1'},&,1.0,&
{'D5'},{'D2'},{'D4'},{'D3'},{'D6'},{'D1'},{'D7'},{'R1'},{'R3'},{'R2'},&,1.0,&
{'D5'},{'D2'},{'D4'},{'D3'},{'D6'},{'D1'},{'D7'},{'R2'},{'R3'},{'R1'},&,3.0,&
{'D5'},{'D2'},{'D4'},{'D3'},{'D6'},{'D1'},{'D7'},{'R3'},{'R2'},{'R1'},&,2.0,&
{'D5'},{'D2'},{'D4'},{'D3'},{'D6'},{'D1'},{'D7'},{'R3'},{'R1'},{'R2'},&,4.0,&
{'D5'},{'D2'},{'D4'},{'D3'},{'D6'},{'R2'},{'D1'},{'R3'},{'D7'},{'R1'},&,1.0,&
{'D5'},{'D2'},{'D4'},{'D3'},{'D6'},{'R3'},{'D7'},{'D1'},{'R1'},{'R2'},&,1.0,&
{'D5'},{'D2'},{'D4'},{'D3'},{'R3'},{'D6'},{'D7'},{'D1'},{'R1'},{'R2'},&,1.0,&
{'D5'},{'D2'},{'D4'},{'D3'},{'R2'},{'D7'},{'D1'},{'D6'},{'R3'},{'R1'},&,1.0,&
{'D5'},{'D2'},{'D4'},{'D3'},{'R1'},{'D1'},{'D6'},{'D7'},{'R3'},{'R2'},&,1.0,&
{'D5'},{'D2'},{'D4'},{'D6'},{'D1'},{'D7'},{'R3'},{'R2'},{'D3'},{'R1'},&,1.0,&
{'D5'},{'D2'},{'D4'},{'D6'},{'D1'},{'D7'},{'D3'},{'R2'},{'R1'},{'R3'},&,1.0,&
{'D5'},{'D2'},{'D4'},{'D6'},{'D1'},{'D7'},{'D3'},{'R3'},{'R2'},{'R1'},&,1.0,&
{'D5'},{'D2'},{'D4'},{'D6'},{'D1'},{'D3'},{'R3'},{'D7'},{'R2'},{'R1'},&,1.0,&
{'D5'},{'D2'},{'D4'},{'D6'},{'D1'},{'D3'},{'D7'},{'R1'},{'R3'},{'R2'},&,1.0,&
{'D5'},{'D2'},{'D4'},{'D6'},{'D1'},{'D3'},{'D7'},{'R2'},{'R1'},{'R3'},&,1.0,&
{'D5'},{'D2'},{'D4'},{'D6'},{'D1'},{'D3'},{'D7'},{'R3'},{'R2'},{'R1'},&,2.0,&
{'D5'},{'D2'},{'D4'},{'D6'},{'D1'},{'D3'},{'D7'},{'R3'},{'R1'},{'R2'},&,8.0,&
{'D5'},{'D2'},{'D4'},{'D6'},{'D7'},{'D1'},{'R3'},{'D3'},{'R2'},{'R1'},&,1.0,&
{'D5'},{'D2'},{'D4'},{'D6'},{'D7'},{'D1'},{'D3'},{'R1'},{'R2'},{'R3'},&,1.0,&
{'D5'},{'D2'},{'D4'},{'D6'},{'D7'},{'D1'},{'D3'},{'R2'},{'R3'},{'R1'},&,1.0,&
{'D5'},{'D2'},{'D4'},{'D6'},{'D7'},{'D1'},{'D3'},{'R2'},{'R1'},{'R3'},&,2.0,&
{'D5'},{'D2'},{'D4'},{'D6'},{'D7'},{'D1'},{'D3'},{'R3'},{'R2'},{'R1'},&,2.0,&
{'D5'},{'D2'},{'D4'},{'D6'},{'D7'},{'D3'},{'R3'},{'R1'},{'D1'},{'R2'},&,2.0,&
{'D5'},{'D2'},{'D4'},{'D6'},{'D7'},{'D3'},{'R3'},{'R2'},{'D1'},{'R1'},&,1.0,&
{'D5'},{'D2'},{'D4'},{'D6'},{'D7'},{'D3'},{'R3'},{'D1'},{'R2'},{'R1'},&,1.0,&
{'D5'},{'D2'},{'D4'},{'D6'},{'D7'},{'D3'},{'R3'},{'D1'},{'R1'},{'R2'},&,1.0,&
{'D5'},{'D2'},{'D4'},{'D6'},{'D7'},{'D3'},{'D1'},{'R1'},{'R3'},{'R2'},&,2.0,&
{'D5'},{'D2'},{'D4'},{'D6'},{'D7'},{'D3'},{'D1'},{'R2'},{'R1'},{'R3'},&,1.0,&
{'D5'},{'D2'},{'D4'},{'D6'},{'D7'},{'D3'},{'D1'},{'R3'},{'R2'},{'R1'},&,2.0,&
{'D5'},{'D2'},{'D4'},{'D6'},{'D7'},{'D3'},{'D1'},{'R3'},{'R1'},{'R2'},&,8.0,&
{'D5'},{'D2'},{'D4'},{'D6'},{'D3'},{'D7'},{'D1'},{'R2'},{'R3'},{'R1'},&,3.0,&
{'D5'},{'D2'},{'D4'},{'D6'},{'D3'},{'D7'},{'D1'},{'R2'},{'R1'},{'R3'},&,2.0,&
{'D5'},{'D2'},{'D4'},{'D6'},{'D3'},{'D7'},{'D1'},{'R3'},{'R2'},{'R1'},&,5.0,&
{'D5'},{'D2'},{'D4'},{'D6'},{'D3'},{'D7'},{'D1'},{'R3'},{'R1'},{'R2'},&,8.0,&
{'D5'},{'D2'},{'D4'},{'D6'},{'D3'},{'D7'},{'R2'},{'D1'},{'R1'},{'R3'},&,1.0,&
{'D5'},{'D2'},{'D4'},{'D6'},{'D3'},{'D7'},{'R1'},{'D1'},{'R3'},{'R2'},&,1.0,&
{'D5'},{'D2'},{'D4'},{'D6'},{'D3'},{'D1'},{'R2'},{'D7'},{'R3'},{'R1'},&,1.0,&
{'D5'},{'D2'},{'D4'},{'D6'},{'D3'},{'D1'},{'R2'},{'D7'},{'R1'},{'R3'},&,1.0,&
{'D5'},{'D2'},{'D4'},{'D6'},{'D3'},{'D1'},{'D7'},{'R1'},{'R3'},{'R2'},&,1.0,&
{'D5'},{'D2'},{'D4'},{'D6'},{'D3'},{'D1'},{'D7'},{'R2'},{'R3'},{'R1'},&,1.0,&
{'D5'},{'D2'},{'D4'},{'D6'},{'D3'},{'D1'},{'D7'},{'R2'},{'R1'},{'R3'},&,1.0,&
{'D5'},{'D2'},{'D4'},{'D6'},{'D3'},{'D1'},{'D7'},{'R3'},{'R2'},{'R1'},&,2.0,&
{'D5'},{'D2'},{'D4'},{'D6'},{'D3'},{'D1'},{'D7'},{'R3'},{'R1'},{'R2'},&,4.0,&
{'D5'},{'D2'},{'D4'},{'D6'},{'D3'},{'D1'},{'R1'},{'D7'},{'R3'},{'R2'},&,1.0,&
{'D5'},{'D2'},{'D4'},{'D6'},{'D3'},{'R2'},{'D1'},{'D7'},{'R3'},{'R1'},&,1.0,&
{'D5'},{'D2'},{'D4'},{'R2'},{'D1'},{'D6'},{'D3'},{'R3'},{'D7'},{'R1'},&,1.0,&
{'D5'},{'D2'},{'D3'},{'D7'},{'D1'},{'D6'},{'R3'},{'D4'},{'R2'},{'R1'},&,1.0,&
{'D5'},{'D2'},{'D3'},{'D7'},{'D1'},{'D6'},{'D4'},{'R1'},{'R3'},{'R2'},&,1.0,&
{'D5'},{'D2'},{'D3'},{'D7'},{'D1'},{'D6'},{'D4'},{'R3'},{'R2'},{'R1'},&,1.0,&
{'D5'},{'D2'},{'D3'},{'D7'},{'D1'},{'D6'},{'D4'},{'R3'},{'R1'},{'R2'},&,3.0,&
{'D5'},{'D2'},{'D3'},{'D7'},{'D1'},{'D6'},{'R2'},{'D4'},{'R3'},{'R1'},&,1.0,&
{'D5'},{'D2'},{'D3'},{'D7'},{'D1'},{'D4'},{'R3'},{'R1'},{'D6'},{'R2'},&,1.0,&
{'D5'},{'D2'},{'D3'},{'D7'},{'D1'},{'D4'},{'D6'},{'R1'},{'R3'},{'R2'},&,1.0,&
{'D5'},{'D2'},{'D3'},{'D7'},{'D1'},{'D4'},{'D6'},{'R3'},{'R2'},{'R1'},&,1.0,&
{'D5'},{'D2'},{'D3'},{'D7'},{'D1'},{'D4'},{'D6'},{'R3'},{'R1'},{'R2'},&,1.0,&
{'D5'},{'D2'},{'D3'},{'D7'},{'D6'},{'D4'},{'R3'},{'R2'},{'D1'},{'R1'},&,1.0,&
{'D5'},{'D2'},{'D3'},{'D7'},{'D6'},{'D4'},{'R3'},{'D1'},{'R2'},{'R1'},&,3.0,&
{'D5'},{'D2'},{'D3'},{'D7'},{'D6'},{'D4'},{'R3'},{'D1'},{'R1'},{'R2'},&,3.0,&
{'D5'},{'D2'},{'D3'},{'D7'},{'D6'},{'D4'},{'D1'},{'R1'},{'R2'},{'R3'},&,2.0,&
{'D5'},{'D2'},{'D3'},{'D7'},{'D6'},{'D4'},{'D1'},{'R1'},{'R3'},{'R2'},&,3.0,&
{'D5'},{'D2'},{'D3'},{'D7'},{'D6'},{'D4'},{'D1'},{'R2'},{'R3'},{'R1'},&,3.0,&
{'D5'},{'D2'},{'D3'},{'D7'},{'D6'},{'D4'},{'D1'},{'R2'},{'R1'},{'R3'},&,2.0,&
{'D5'},{'D2'},{'D3'},{'D7'},{'D6'},{'D4'},{'D1'},{'R3'},{'R2'},{'R1'},&,7.0,&
{'D5'},{'D2'},{'D3'},{'D7'},{'D6'},{'D4'},{'D1'},{'R3'},{'R1'},{'R2'},&,4.0,&
{'D5'},{'D2'},{'D3'},{'D7'},{'D6'},{'D4'},{'R2'},{'D1'},{'R3'},{'R1'},&,2.0,&
{'D5'},{'D2'},{'D3'},{'D7'},{'D6'},{'D4'},{'R2'},{'D1'},{'R1'},{'R3'},&,1.0,&
{'D5'},{'D2'},{'D3'},{'D7'},{'D6'},{'D4'},{'R1'},{'R2'},{'D1'},{'R3'},&,1.0,&
{'D5'},{'D2'},{'D3'},{'D7'},{'D6'},{'D4'},{'R1'},{'D1'},{'R2'},{'R3'},&,1.0,&
{'D5'},{'D2'},{'D3'},{'D7'},{'D6'},{'D4'},{'R1'},{'D1'},{'R3'},{'R2'},&,2.0,&
{'D5'},{'D2'},{'D3'},{'D7'},{'D6'},{'D1'},{'R3'},{'D4'},{'R2'},{'R1'},&,1.0,&
{'D5'},{'D2'},{'D3'},{'D7'},{'D6'},{'D1'},{'D4'},{'R1'},{'R2'},{'R3'},&,1.0,&
{'D5'},{'D2'},{'D3'},{'D7'},{'D6'},{'D1'},{'D4'},{'R1'},{'R3'},{'R2'},&,5.0,&
{'D5'},{'D2'},{'D3'},{'D7'},{'D6'},{'D1'},{'D4'},{'R2'},{'R3'},{'R1'},&,1.0,&
{'D5'},{'D2'},{'D3'},{'D7'},{'D6'},{'D1'},{'D4'},{'R3'},{'R2'},{'R1'},&,3.0,&
{'D5'},{'D2'},{'D3'},{'D7'},{'D6'},{'D1'},{'D4'},{'R3'},{'R1'},{'R2'},&,1.0,&
{'D5'},{'D2'},{'D3'},{'D7'},{'D6'},{'R3'},{'D1'},{'D4'},{'R1'},{'R2'},&,1.0,&
{'D5'},{'D2'},{'D3'},{'D7'},{'D4'},{'D6'},{'R3'},{'D1'},{'R2'},{'R1'},&,2.0,&
{'D5'},{'D2'},{'D3'},{'D7'},{'D4'},{'D6'},{'R3'},{'D1'},{'R1'},{'R2'},&,2.0,&
{'D5'},{'D2'},{'D3'},{'D7'},{'D4'},{'D6'},{'D1'},{'R1'},{'R3'},{'R2'},&,2.0,&
{'D5'},{'D2'},{'D3'},{'D7'},{'D4'},{'D6'},{'D1'},{'R2'},{'R3'},{'R1'},&,1.0,&
{'D5'},{'D2'},{'D3'},{'D7'},{'D4'},{'D6'},{'D1'},{'R2'},{'R1'},{'R3'},&,1.0,&
{'D5'},{'D2'},{'D3'},{'D7'},{'D4'},{'D6'},{'D1'},{'R3'},{'R2'},{'R1'},&,1.0,&
{'D5'},{'D2'},{'D3'},{'D7'},{'D4'},{'D6'},{'D1'},{'R3'},{'R1'},{'R2'},&,4.0,&
{'D5'},{'D2'},{'D3'},{'D7'},{'D4'},{'D6'},{'R2'},{'D1'},{'R3'},{'R1'},&,1.0,&
{'D5'},{'D2'},{'D3'},{'D7'},{'D4'},{'D6'},{'R1'},{'D1'},{'R3'},{'R2'},&,2.0,&
{'D5'},{'D2'},{'D3'},{'D7'},{'D4'},{'D1'},{'R3'},{'D6'},{'R1'},{'R2'},&,1.0,&
{'D5'},{'D2'},{'D3'},{'D7'},{'D4'},{'D1'},{'D6'},{'R1'},{'R2'},{'R3'},&,1.0,&
{'D5'},{'D2'},{'D3'},{'D7'},{'D4'},{'D1'},{'D6'},{'R1'},{'R3'},{'R2'},&,1.0,&
{'D5'},{'D2'},{'D3'},{'D7'},{'D4'},{'D1'},{'R1'},{'D6'},{'R3'},{'R2'},&,1.0,&
{'D5'},{'D2'},{'D3'},{'D7'},{'D4'},{'R2'},{'D1'},{'D6'},{'R3'},{'R1'},&,1.0,&
{'D5'},{'D2'},{'D3'},{'D7'},{'D4'},{'R1'},{'D6'},{'D1'},{'R3'},{'R2'},&,1.0,&
{'D5'},{'D2'},{'D3'},{'D7'},{'D4'},{'R3'},{'D6'},{'R1'},{'D1'},{'R2'},&,1.0,&
{'D5'},{'D2'},{'D3'},{'D1'},{'D7'},{'D6'},{'D4'},{'R1'},{'R3'},{'R2'},&,3.0,&
{'D5'},{'D2'},{'D3'},{'D1'},{'D7'},{'D6'},{'D4'},{'R2'},{'R3'},{'R1'},&,1.0,&
{'D5'},{'D2'},{'D3'},{'D1'},{'D7'},{'D6'},{'D4'},{'R3'},{'R2'},{'R1'},&,3.0,&
{'D5'},{'D2'},{'D3'},{'D1'},{'D7'},{'D6'},{'D4'},{'R3'},{'R1'},{'R2'},&,4.0,&
{'D5'},{'D2'},{'D3'},{'D1'},{'D7'},{'D4'},{'R3'},{'D6'},{'R1'},{'R2'},&,1.0,&
{'D5'},{'D2'},{'D3'},{'D1'},{'D7'},{'D4'},{'R2'},{'D6'},{'R1'},{'R3'},&,1.0,&
{'D5'},{'D2'},{'D3'},{'D1'},{'D7'},{'D4'},{'D6'},{'R1'},{'R3'},{'R2'},&,1.0,&
{'D5'},{'D2'},{'D3'},{'D1'},{'D7'},{'D4'},{'D6'},{'R3'},{'R2'},{'R1'},&,1.0,&
{'D5'},{'D2'},{'D3'},{'D1'},{'D7'},{'D4'},{'D6'},{'R3'},{'R1'},{'R2'},&,1.0,&
{'D5'},{'D2'},{'D3'},{'D1'},{'D7'},{'R1'},{'D6'},{'D4'},{'R3'},{'R2'},&,1.0,&
{'D5'},{'D2'},{'D3'},{'D1'},{'D6'},{'D4'},{'R3'},{'D7'},{'R2'},{'R1'},&,1.0,&
{'D5'},{'D2'},{'D3'},{'D1'},{'D6'},{'D4'},{'R3'},{'D7'},{'R1'},{'R2'},&,1.0,&
{'D5'},{'D2'},{'D3'},{'D1'},{'D6'},{'D4'},{'R2'},{'D7'},{'R1'},{'R3'},&,1.0,&
{'D5'},{'D2'},{'D3'},{'D1'},{'D6'},{'D4'},{'D7'},{'R1'},{'R2'},{'R3'},&,2.0,&
{'D5'},{'D2'},{'D3'},{'D1'},{'D6'},{'D4'},{'D7'},{'R2'},{'R3'},{'R1'},&,2.0,&
{'D5'},{'D2'},{'D3'},{'D1'},{'D6'},{'D4'},{'D7'},{'R3'},{'R2'},{'R1'},&,1.0,&
{'D5'},{'D2'},{'D3'},{'D1'},{'D6'},{'D4'},{'D7'},{'R3'},{'R1'},{'R2'},&,5.0,&
{'D5'},{'D2'},{'D3'},{'D1'},{'D6'},{'D4'},{'R1'},{'D7'},{'R3'},{'R2'},&,1.0,&
{'D5'},{'D2'},{'D3'},{'D1'},{'D6'},{'D7'},{'R3'},{'D4'},{'R1'},{'R2'},&,1.0,&
{'D5'},{'D2'},{'D3'},{'D1'},{'D6'},{'D7'},{'D4'},{'R1'},{'R2'},{'R3'},&,1.0,&
{'D5'},{'D2'},{'D3'},{'D1'},{'D6'},{'D7'},{'D4'},{'R1'},{'R3'},{'R2'},&,3.0,&
{'D5'},{'D2'},{'D3'},{'D1'},{'D6'},{'D7'},{'D4'},{'R2'},{'R3'},{'R1'},&,1.0,&
{'D5'},{'D2'},{'D3'},{'D1'},{'D6'},{'D7'},{'D4'},{'R3'},{'R1'},{'R2'},&,2.0,&
{'D5'},{'D2'},{'D3'},{'D1'},{'D6'},{'D7'},{'R2'},{'D4'},{'R3'},{'R1'},&,3.0,&
{'D5'},{'D2'},{'D3'},{'D1'},{'D6'},{'D7'},{'R1'},{'D4'},{'R3'},{'R2'},&,1.0,&
{'D5'},{'D2'},{'D3'},{'D1'},{'D6'},{'R1'},{'D4'},{'D7'},{'R2'},{'R3'},&,1.0,&
{'D5'},{'D2'},{'D3'},{'D1'},{'D6'},{'R3'},{'D4'},{'D7'},{'R2'},{'R1'},&,1.0,&
{'D5'},{'D2'},{'D3'},{'D1'},{'D4'},{'D6'},{'R3'},{'R2'},{'D7'},{'R1'},&,1.0,&
{'D5'},{'D2'},{'D3'},{'D1'},{'D4'},{'D6'},{'R3'},{'D7'},{'R2'},{'R1'},&,1.0,&
{'D5'},{'D2'},{'D3'},{'D1'},{'D4'},{'D6'},{'R2'},{'D7'},{'R1'},{'R3'},&,1.0,&
{'D5'},{'D2'},{'D3'},{'D1'},{'D4'},{'D6'},{'D7'},{'R1'},{'R3'},{'R2'},&,2.0,&
{'D5'},{'D2'},{'D3'},{'D1'},{'D4'},{'D7'},{'D6'},{'R3'},{'R2'},{'R1'},&,1.0,&
{'D5'},{'D2'},{'D3'},{'D1'},{'D4'},{'R3'},{'D6'},{'D7'},{'R1'},{'R2'},&,1.0,&
{'D5'},{'D2'},{'D3'},{'D1'},{'R3'},{'D4'},{'D6'},{'D7'},{'R1'},{'R2'},&,1.0,&
{'D5'},{'D2'},{'D3'},{'D6'},{'D1'},{'D4'},{'R3'},{'D7'},{'R2'},{'R1'},&,1.0,&
{'D5'},{'D2'},{'D3'},{'D6'},{'D1'},{'D4'},{'R3'},{'D7'},{'R1'},{'R2'},&,2.0,&
{'D5'},{'D2'},{'D3'},{'D6'},{'D1'},{'D4'},{'R2'},{'R3'},{'D7'},{'R1'},&,1.0,&
{'D5'},{'D2'},{'D3'},{'D6'},{'D1'},{'D4'},{'R2'},{'D7'},{'R3'},{'R1'},&,1.0,&
{'D5'},{'D2'},{'D3'},{'D6'},{'D1'},{'D4'},{'D7'},{'R1'},{'R3'},{'R2'},&,1.0,&
{'D5'},{'D2'},{'D3'},{'D6'},{'D1'},{'D4'},{'D7'},{'R2'},{'R3'},{'R1'},&,2.0,&
{'D5'},{'D2'},{'D3'},{'D6'},{'D1'},{'D4'},{'D7'},{'R2'},{'R1'},{'R3'},&,2.0,&
{'D5'},{'D2'},{'D3'},{'D6'},{'D1'},{'D4'},{'D7'},{'R3'},{'R2'},{'R1'},&,6.0,&
{'D5'},{'D2'},{'D3'},{'D6'},{'D1'},{'D4'},{'D7'},{'R3'},{'R1'},{'R2'},&,5.0,&
{'D5'},{'D2'},{'D3'},{'D6'},{'D1'},{'D7'},{'R3'},{'D4'},{'R1'},{'R2'},&,1.0,&
{'D5'},{'D2'},{'D3'},{'D6'},{'D1'},{'D7'},{'D4'},{'R1'},{'R3'},{'R2'},&,4.0,&
{'D5'},{'D2'},{'D3'},{'D6'},{'D1'},{'D7'},{'D4'},{'R2'},{'R3'},{'R1'},&,3.0,&
{'D5'},{'D2'},{'D3'},{'D6'},{'D1'},{'D7'},{'D4'},{'R3'},{'R2'},{'R1'},&,7.0,&
{'D5'},{'D2'},{'D3'},{'D6'},{'D1'},{'D7'},{'D4'},{'R3'},{'R1'},{'R2'},&,1.0,&
{'D5'},{'D2'},{'D3'},{'D6'},{'D1'},{'R1'},{'D7'},{'R3'},{'D4'},{'R2'},&,1.0,&
{'D5'},{'D2'},{'D3'},{'D6'},{'D1'},{'R3'},{'D7'},{'R1'},{'D4'},{'R2'},&,1.0,&
{'D5'},{'D2'},{'D3'},{'D6'},{'D1'},{'R3'},{'D7'},{'R2'},{'D4'},{'R1'},&,1.0,&
{'D5'},{'D2'},{'D3'},{'D6'},{'D7'},{'D4'},{'R3'},{'R1'},{'D1'},{'R2'},&,1.0,&
{'D5'},{'D2'},{'D3'},{'D6'},{'D7'},{'D4'},{'R3'},{'D1'},{'R2'},{'R1'},&,3.0,&
{'D5'},{'D2'},{'D3'},{'D6'},{'D7'},{'D4'},{'R3'},{'D1'},{'R1'},{'R2'},&,4.0,&
{'D5'},{'D2'},{'D3'},{'D6'},{'D7'},{'D4'},{'D1'},{'R1'},{'R2'},{'R3'},&,1.0,&
{'D5'},{'D2'},{'D3'},{'D6'},{'D7'},{'D4'},{'D1'},{'R1'},{'R3'},{'R2'},&,6.0,&
{'D5'},{'D2'},{'D3'},{'D6'},{'D7'},{'D4'},{'D1'},{'R2'},{'R3'},{'R1'},&,4.0,&
{'D5'},{'D2'},{'D3'},{'D6'},{'D7'},{'D4'},{'D1'},{'R2'},{'R1'},{'R3'},&,2.0,&
{'D5'},{'D2'},{'D3'},{'D6'},{'D7'},{'D4'},{'D1'},{'R3'},{'R2'},{'R1'},&,8.0,&
{'D5'},{'D2'},{'D3'},{'D6'},{'D7'},{'D4'},{'D1'},{'R3'},{'R1'},{'R2'},&,6.0,&
{'D5'},{'D2'},{'D3'},{'D6'},{'D7'},{'D4'},{'R2'},{'D1'},{'R1'},{'R3'},&,1.0,&
{'D5'},{'D2'},{'D3'},{'D6'},{'D7'},{'D4'},{'R1'},{'D1'},{'R3'},{'R2'},&,2.0,&
{'D5'},{'D2'},{'D3'},{'D6'},{'D7'},{'D1'},{'R3'},{'D4'},{'R1'},{'R2'},&,3.0,&
{'D5'},{'D2'},{'D3'},{'D6'},{'D7'},{'D1'},{'D4'},{'R1'},{'R2'},{'R3'},&,1.0,&
{'D5'},{'D2'},{'D3'},{'D6'},{'D7'},{'D1'},{'D4'},{'R1'},{'R3'},{'R2'},&,4.0,&
{'D5'},{'D2'},{'D3'},{'D6'},{'D7'},{'D1'},{'D4'},{'R2'},{'R3'},{'R1'},&,3.0,&
{'D5'},{'D2'},{'D3'},{'D6'},{'D7'},{'D1'},{'D4'},{'R2'},{'R1'},{'R3'},&,2.0,&
{'D5'},{'D2'},{'D3'},{'D6'},{'D7'},{'D1'},{'D4'},{'R3'},{'R2'},{'R1'},&,4.0,&
{'D5'},{'D2'},{'D3'},{'D6'},{'D7'},{'D1'},{'D4'},{'R3'},{'R1'},{'R2'},&,4.0,&
{'D5'},{'D2'},{'D3'},{'D6'},{'D7'},{'D1'},{'R1'},{'D4'},{'R3'},{'R2'},&,2.0,&
{'D5'},{'D2'},{'D3'},{'D6'},{'D7'},{'R2'},{'D4'},{'D1'},{'R3'},{'R1'},&,2.0,&
{'D5'},{'D2'},{'D3'},{'D6'},{'D7'},{'R3'},{'D1'},{'D4'},{'R2'},{'R1'},&,1.0,&
{'D5'},{'D2'},{'D3'},{'D6'},{'D7'},{'R3'},{'D4'},{'R1'},{'D1'},{'R2'},&,1.0,&
{'D5'},{'D2'},{'D3'},{'D6'},{'D7'},{'R3'},{'D4'},{'D1'},{'R1'},{'R2'},&,3.0,&
{'D5'},{'D2'},{'D3'},{'D6'},{'D4'},{'D7'},{'R3'},{'D1'},{'R2'},{'R1'},&,2.0,&
{'D5'},{'D2'},{'D3'},{'D6'},{'D4'},{'D7'},{'R3'},{'D1'},{'R1'},{'R2'},&,1.0,&
{'D5'},{'D2'},{'D3'},{'D6'},{'D4'},{'D7'},{'D1'},{'R1'},{'R2'},{'R3'},&,2.0,&
{'D5'},{'D2'},{'D3'},{'D6'},{'D4'},{'D7'},{'D1'},{'R1'},{'R3'},{'R2'},&,6.0,&
{'D5'},{'D2'},{'D3'},{'D6'},{'D4'},{'D7'},{'D1'},{'R2'},{'R3'},{'R1'},&,2.0,&
{'D5'},{'D2'},{'D3'},{'D6'},{'D4'},{'D7'},{'D1'},{'R2'},{'R1'},{'R3'},&,3.0,&
{'D5'},{'D2'},{'D3'},{'D6'},{'D4'},{'D7'},{'D1'},{'R3'},{'R2'},{'R1'},&,4.0,&
{'D5'},{'D2'},{'D3'},{'D6'},{'D4'},{'D7'},{'D1'},{'R3'},{'R1'},{'R2'},&,12.0,&
{'D5'},{'D2'},{'D3'},{'D6'},{'D4'},{'D7'},{'R2'},{'R3'},{'D1'},{'R1'},&,1.0,&
{'D5'},{'D2'},{'D3'},{'D6'},{'D4'},{'D7'},{'R1'},{'R3'},{'R2'},{'D1'},&,1.0,&
{'D5'},{'D2'},{'D3'},{'D6'},{'D4'},{'D7'},{'R1'},{'D1'},{'R3'},{'R2'},&,1.0,&
{'D5'},{'D2'},{'D3'},{'D6'},{'D4'},{'D1'},{'R3'},{'R1'},{'R2'},{'D7'},&,1.0,&
{'D5'},{'D2'},{'D3'},{'D6'},{'D4'},{'D1'},{'R3'},{'D7'},{'R2'},{'R1'},&,1.0,&
{'D5'},{'D2'},{'D3'},{'D6'},{'D4'},{'D1'},{'R3'},{'D7'},{'R1'},{'R2'},&,1.0,&
{'D5'},{'D2'},{'D3'},{'D6'},{'D4'},{'D1'},{'D7'},{'R1'},{'R2'},{'R3'},&,3.0,&
{'D5'},{'D2'},{'D3'},{'D6'},{'D4'},{'D1'},{'D7'},{'R1'},{'R3'},{'R2'},&,3.0,&
{'D5'},{'D2'},{'D3'},{'D6'},{'D4'},{'D1'},{'D7'},{'R2'},{'R3'},{'R1'},&,2.0,&
{'D5'},{'D2'},{'D3'},{'D6'},{'D4'},{'D1'},{'D7'},{'R2'},{'R1'},{'R3'},&,1.0,&
{'D5'},{'D2'},{'D3'},{'D6'},{'D4'},{'D1'},{'D7'},{'R3'},{'R2'},{'R1'},&,6.0,&
{'D5'},{'D2'},{'D3'},{'D6'},{'D4'},{'D1'},{'D7'},{'R3'},{'R1'},{'R2'},&,6.0,&
{'D5'},{'D2'},{'D3'},{'D6'},{'D4'},{'D1'},{'R1'},{'D7'},{'R2'},{'R3'},&,2.0,&
{'D5'},{'D2'},{'D3'},{'D6'},{'D4'},{'D1'},{'R1'},{'D7'},{'R3'},{'R2'},&,1.0,&
{'D5'},{'D2'},{'D3'},{'D6'},{'D4'},{'R2'},{'D1'},{'D7'},{'R3'},{'R1'},&,1.0,&
{'D5'},{'D2'},{'D3'},{'D6'},{'D4'},{'R1'},{'D1'},{'R3'},{'D7'},{'R2'},&,1.0,&
{'D5'},{'D2'},{'D3'},{'D6'},{'R3'},{'D7'},{'D4'},{'D1'},{'R1'},{'R2'},&,1.0,&
{'D5'},{'D2'},{'D3'},{'D4'},{'D1'},{'D6'},{'R3'},{'D7'},{'R1'},{'R2'},&,1.0,&
{'D5'},{'D2'},{'D3'},{'D4'},{'D1'},{'D6'},{'D7'},{'R2'},{'R1'},{'R3'},&,1.0,&
{'D5'},{'D2'},{'D3'},{'D4'},{'D1'},{'D6'},{'D7'},{'R3'},{'R1'},{'R2'},&,3.0,&
{'D5'},{'D2'},{'D3'},{'D4'},{'D1'},{'D7'},{'R3'},{'R1'},{'D6'},{'R2'},&,1.0,&
{'D5'},{'D2'},{'D3'},{'D4'},{'D1'},{'D7'},{'D6'},{'R1'},{'R3'},{'R2'},&,1.0,&
{'D5'},{'D2'},{'D3'},{'D4'},{'D1'},{'D7'},{'D6'},{'R2'},{'R1'},{'R3'},&,1.0,&
{'D5'},{'D2'},{'D3'},{'D4'},{'D1'},{'D7'},{'D6'},{'R3'},{'R2'},{'R1'},&,1.0,&
{'D5'},{'D2'},{'D3'},{'D4'},{'D1'},{'D7'},{'D6'},{'R3'},{'R1'},{'R2'},&,3.0,&
{'D5'},{'D2'},{'D3'},{'D4'},{'D1'},{'R1'},{'D6'},{'R3'},{'D7'},{'R2'},&,1.0,&
{'D5'},{'D2'},{'D3'},{'D4'},{'D1'},{'R1'},{'D6'},{'D7'},{'R3'},{'R2'},&,1.0,&
{'D5'},{'D2'},{'D3'},{'D4'},{'D1'},{'R3'},{'D6'},{'D7'},{'R2'},{'R1'},&,2.0,&
{'D5'},{'D2'},{'D3'},{'D4'},{'D7'},{'D6'},{'R3'},{'D1'},{'R1'},{'R2'},&,1.0,&
{'D5'},{'D2'},{'D3'},{'D4'},{'D7'},{'D6'},{'D1'},{'R1'},{'R3'},{'R2'},&,4.0,&
{'D5'},{'D2'},{'D3'},{'D4'},{'D7'},{'D6'},{'D1'},{'R2'},{'R3'},{'R1'},&,1.0,&
{'D5'},{'D2'},{'D3'},{'D4'},{'D7'},{'D6'},{'D1'},{'R2'},{'R1'},{'R3'},&,1.0,&
{'D5'},{'D2'},{'D3'},{'D4'},{'D7'},{'D6'},{'D1'},{'R3'},{'R2'},{'R1'},&,1.0,&
{'D5'},{'D2'},{'D3'},{'D4'},{'D7'},{'D6'},{'D1'},{'R3'},{'R1'},{'R2'},&,4.0,&
{'D5'},{'D2'},{'D3'},{'D4'},{'D7'},{'D6'},{'R2'},{'D1'},{'R3'},{'R1'},&,1.0,&
{'D5'},{'D2'},{'D3'},{'D4'},{'D7'},{'D1'},{'R3'},{'D6'},{'R1'},{'R2'},&,2.0,&
{'D5'},{'D2'},{'D3'},{'D4'},{'D7'},{'D1'},{'D6'},{'R2'},{'R3'},{'R1'},&,2.0,&
{'D5'},{'D2'},{'D3'},{'D4'},{'D7'},{'D1'},{'D6'},{'R3'},{'R2'},{'R1'},&,1.0,&
{'D5'},{'D2'},{'D3'},{'D4'},{'D7'},{'R1'},{'D6'},{'D1'},{'R2'},{'R3'},&,1.0,&
{'D5'},{'D2'},{'D3'},{'D4'},{'D7'},{'R3'},{'R1'},{'D6'},{'D1'},{'R2'},&,1.0,&
{'D5'},{'D2'},{'D3'},{'D4'},{'D6'},{'D7'},{'R3'},{'D1'},{'R2'},{'R1'},&,3.0,&
{'D5'},{'D2'},{'D3'},{'D4'},{'D6'},{'D7'},{'R3'},{'D1'},{'R1'},{'R2'},&,1.0,&
{'D5'},{'D2'},{'D3'},{'D4'},{'D6'},{'D7'},{'D1'},{'R1'},{'R2'},{'R3'},&,3.0,&
{'D5'},{'D2'},{'D3'},{'D4'},{'D6'},{'D7'},{'D1'},{'R1'},{'R3'},{'R2'},&,2.0,&
{'D5'},{'D2'},{'D3'},{'D4'},{'D6'},{'D7'},{'D1'},{'R2'},{'R3'},{'R1'},&,3.0,&
{'D5'},{'D2'},{'D3'},{'D4'},{'D6'},{'D7'},{'D1'},{'R2'},{'R1'},{'R3'},&,1.0,&
{'D5'},{'D2'},{'D3'},{'D4'},{'D6'},{'D7'},{'D1'},{'R3'},{'R2'},{'R1'},&,5.0,&
{'D5'},{'D2'},{'D3'},{'D4'},{'D6'},{'D7'},{'D1'},{'R3'},{'R1'},{'R2'},&,8.0,&
{'D5'},{'D2'},{'D3'},{'D4'},{'D6'},{'D7'},{'R2'},{'D1'},{'R3'},{'R1'},&,1.0,&
{'D5'},{'D2'},{'D3'},{'D4'},{'D6'},{'D1'},{'R2'},{'D7'},{'R3'},{'R1'},&,1.0,&
{'D5'},{'D2'},{'D3'},{'D4'},{'D6'},{'D1'},{'D7'},{'R1'},{'R2'},{'R3'},&,1.0,&
{'D5'},{'D2'},{'D3'},{'D4'},{'D6'},{'D1'},{'D7'},{'R2'},{'R3'},{'R1'},&,3.0,&
{'D5'},{'D2'},{'D3'},{'D4'},{'D6'},{'D1'},{'D7'},{'R2'},{'R1'},{'R3'},&,1.0,&
{'D5'},{'D2'},{'D3'},{'D4'},{'D6'},{'D1'},{'D7'},{'R3'},{'R2'},{'R1'},&,6.0,&
{'D5'},{'D2'},{'D3'},{'D4'},{'D6'},{'D1'},{'D7'},{'R3'},{'R1'},{'R2'},&,3.0,&
{'D5'},{'D2'},{'D3'},{'D4'},{'D6'},{'R1'},{'D1'},{'D7'},{'R3'},{'R2'},&,2.0,&
{'D5'},{'D2'},{'D3'},{'D4'},{'D6'},{'R1'},{'D7'},{'R2'},{'D1'},{'R3'},&,1.0,&
{'D5'},{'D2'},{'D3'},{'D4'},{'R3'},{'D7'},{'R2'},{'D6'},{'D1'},{'R1'},&,1.0,&
{'D5'},{'D2'},{'D3'},{'D4'},{'R1'},{'D6'},{'D7'},{'D1'},{'R3'},{'R2'},&,1.0,&
{'D5'},{'D2'},{'D6'},{'D7'},{'D1'},{'D4'},{'R3'},{'D3'},{'R1'},{'R2'},&,1.0,&
{'D5'},{'D2'},{'D6'},{'D7'},{'D1'},{'D4'},{'D3'},{'R1'},{'R2'},{'R3'},&,1.0,&
{'D5'},{'D2'},{'D6'},{'D7'},{'D1'},{'D4'},{'D3'},{'R1'},{'R3'},{'R2'},&,1.0,&
{'D5'},{'D2'},{'D6'},{'D7'},{'D1'},{'D4'},{'D3'},{'R3'},{'R2'},{'R1'},&,2.0,&
{'D5'},{'D2'},{'D6'},{'D7'},{'D1'},{'D4'},{'D3'},{'R3'},{'R1'},{'R2'},&,1.0,&
{'D5'},{'D2'},{'D6'},{'D7'},{'D1'},{'D4'},{'R1'},{'D3'},{'R3'},{'R2'},&,1.0,&
{'D5'},{'D2'},{'D6'},{'D7'},{'D1'},{'D3'},{'R3'},{'D4'},{'R2'},{'R1'},&,2.0,&
{'D5'},{'D2'},{'D6'},{'D7'},{'D1'},{'D3'},{'R3'},{'D4'},{'R1'},{'R2'},&,4.0,&
{'D5'},{'D2'},{'D6'},{'D7'},{'D1'},{'D3'},{'D4'},{'R1'},{'R3'},{'R2'},&,3.0,&
{'D5'},{'D2'},{'D6'},{'D7'},{'D1'},{'D3'},{'D4'},{'R2'},{'R3'},{'R1'},&,1.0,&
{'D5'},{'D2'},{'D6'},{'D7'},{'D1'},{'D3'},{'D4'},{'R2'},{'R1'},{'R3'},&,1.0,&
{'D5'},{'D2'},{'D6'},{'D7'},{'D1'},{'D3'},{'D4'},{'R3'},{'R2'},{'R1'},&,2.0,&
{'D5'},{'D2'},{'D6'},{'D7'},{'D1'},{'D3'},{'D4'},{'R3'},{'R1'},{'R2'},&,4.0,&
{'D5'},{'D2'},{'D6'},{'D7'},{'D1'},{'R1'},{'D3'},{'R2'},{'D4'},{'R3'},&,1.0,&
{'D5'},{'D2'},{'D6'},{'D7'},{'D1'},{'R3'},{'D3'},{'D4'},{'R2'},{'R1'},&,1.0,&
{'D5'},{'D2'},{'D6'},{'D7'},{'D3'},{'D4'},{'R3'},{'R1'},{'D1'},{'R2'},&,1.0,&
{'D5'},{'D2'},{'D6'},{'D7'},{'D3'},{'D4'},{'R3'},{'D1'},{'R2'},{'R1'},&,2.0,&
{'D5'},{'D2'},{'D6'},{'D7'},{'D3'},{'D4'},{'R3'},{'D1'},{'R1'},{'R2'},&,1.0,&
{'D5'},{'D2'},{'D6'},{'D7'},{'D3'},{'D4'},{'D1'},{'R1'},{'R3'},{'R2'},&,4.0,&
{'D5'},{'D2'},{'D6'},{'D7'},{'D3'},{'D4'},{'D1'},{'R2'},{'R3'},{'R1'},&,6.0,&
{'D5'},{'D2'},{'D6'},{'D7'},{'D3'},{'D4'},{'D1'},{'R2'},{'R1'},{'R3'},&,1.0,&
{'D5'},{'D2'},{'D6'},{'D7'},{'D3'},{'D4'},{'D1'},{'R3'},{'R2'},{'R1'},&,7.0,&
{'D5'},{'D2'},{'D6'},{'D7'},{'D3'},{'D4'},{'D1'},{'R3'},{'R1'},{'R2'},&,8.0,&
{'D5'},{'D2'},{'D6'},{'D7'},{'D3'},{'D4'},{'R2'},{'D1'},{'R3'},{'R1'},&,1.0,&
{'D5'},{'D2'},{'D6'},{'D7'},{'D3'},{'D4'},{'R1'},{'R3'},{'R2'},{'D1'},&,1.0,&
{'D5'},{'D2'},{'D6'},{'D7'},{'D3'},{'D1'},{'R3'},{'D4'},{'R2'},{'R1'},&,1.0,&
{'D5'},{'D2'},{'D6'},{'D7'},{'D3'},{'D1'},{'D4'},{'R1'},{'R2'},{'R3'},&,3.0,&
{'D5'},{'D2'},{'D6'},{'D7'},{'D3'},{'D1'},{'D4'},{'R1'},{'R3'},{'R2'},&,3.0,&
{'D5'},{'D2'},{'D6'},{'D7'},{'D3'},{'D1'},{'D4'},{'R2'},{'R3'},{'R1'},&,2.0,&
{'D5'},{'D2'},{'D6'},{'D7'},{'D3'},{'D1'},{'D4'},{'R3'},{'R2'},{'R1'},&,5.0,&
{'D5'},{'D2'},{'D6'},{'D7'},{'D3'},{'D1'},{'D4'},{'R3'},{'R1'},{'R2'},&,6.0,&
{'D5'},{'D2'},{'D6'},{'D7'},{'D3'},{'D1'},{'R2'},{'D4'},{'R3'},{'R1'},&,1.0,&
{'D5'},{'D2'},{'D6'},{'D7'},{'D3'},{'R2'},{'D4'},{'D1'},{'R1'},{'R3'},&,1.0,&
{'D5'},{'D2'},{'D6'},{'D7'},{'D3'},{'R1'},{'D1'},{'D4'},{'R3'},{'R2'},&,1.0,&
{'D5'},{'D2'},{'D6'},{'D7'},{'D3'},{'R3'},{'D4'},{'D1'},{'R1'},{'R2'},&,1.0,&
{'D5'},{'D2'},{'D6'},{'D7'},{'D4'},{'D1'},{'R3'},{'R2'},{'D3'},{'R1'},&,1.0,&
{'D5'},{'D2'},{'D6'},{'D7'},{'D4'},{'D1'},{'D3'},{'R1'},{'R3'},{'R2'},&,2.0,&
{'D5'},{'D2'},{'D6'},{'D7'},{'D4'},{'D1'},{'D3'},{'R2'},{'R3'},{'R1'},&,1.0,&
{'D5'},{'D2'},{'D6'},{'D7'},{'D4'},{'D1'},{'D3'},{'R3'},{'R2'},{'R1'},&,2.0,&
{'D5'},{'D2'},{'D6'},{'D7'},{'D4'},{'D1'},{'D3'},{'R3'},{'R1'},{'R2'},&,1.0,&
{'D5'},{'D2'},{'D6'},{'D7'},{'D4'},{'D3'},{'R3'},{'D1'},{'R2'},{'R1'},&,1.0,&
{'D5'},{'D2'},{'D6'},{'D7'},{'D4'},{'D3'},{'D1'},{'R1'},{'R3'},{'R2'},&,5.0,&
{'D5'},{'D2'},{'D6'},{'D7'},{'D4'},{'D3'},{'D1'},{'R2'},{'R3'},{'R1'},&,3.0,&
{'D5'},{'D2'},{'D6'},{'D7'},{'D4'},{'D3'},{'D1'},{'R3'},{'R2'},{'R1'},&,3.0,&
{'D5'},{'D2'},{'D6'},{'D7'},{'D4'},{'D3'},{'D1'},{'R3'},{'R1'},{'R2'},&,6.0,&
{'D5'},{'D2'},{'D6'},{'D7'},{'D4'},{'D3'},{'R2'},{'D1'},{'R3'},{'R1'},&,1.0,&
{'D5'},{'D2'},{'D6'},{'D7'},{'D4'},{'D3'},{'R1'},{'D1'},{'R3'},{'R2'},&,1.0,&
{'D5'},{'D2'},{'D6'},{'D7'},{'D4'},{'R1'},{'D3'},{'D1'},{'R3'},{'R2'},&,1.0,&
{'D5'},{'D2'},{'D6'},{'D7'},{'R1'},{'D3'},{'D4'},{'D1'},{'R3'},{'R2'},&,1.0,&
{'D5'},{'D2'},{'D6'},{'D1'},{'D7'},{'D4'},{'D3'},{'R1'},{'R3'},{'R2'},&,1.0,&
{'D5'},{'D2'},{'D6'},{'D1'},{'D7'},{'D4'},{'D3'},{'R3'},{'R1'},{'R2'},&,1.0,&
{'D5'},{'D2'},{'D6'},{'D1'},{'D7'},{'D4'},{'R1'},{'R3'},{'D3'},{'R2'},&,1.0,&
{'D5'},{'D2'},{'D6'},{'D1'},{'D7'},{'D4'},{'R1'},{'D3'},{'R2'},{'R3'},&,1.0,&
{'D5'},{'D2'},{'D6'},{'D1'},{'D7'},{'D3'},{'R3'},{'D4'},{'R2'},{'R1'},&,2.0,&
{'D5'},{'D2'},{'D6'},{'D1'},{'D7'},{'D3'},{'R3'},{'D4'},{'R1'},{'R2'},&,1.0,&
{'D5'},{'D2'},{'D6'},{'D1'},{'D7'},{'D3'},{'D4'},{'R2'},{'R3'},{'R1'},&,1.0,&
{'D5'},{'D2'},{'D6'},{'D1'},{'D7'},{'D3'},{'D4'},{'R3'},{'R1'},{'R2'},&,2.0,&
{'D5'},{'D2'},{'D6'},{'D1'},{'D7'},{'D3'},{'R2'},{'D4'},{'R3'},{'R1'},&,1.0,&
{'D5'},{'D2'},{'D6'},{'D1'},{'D7'},{'D3'},{'R1'},{'R3'},{'D4'},{'R2'},&,1.0,&
{'D5'},{'D2'},{'D6'},{'D1'},{'D7'},{'R3'},{'D3'},{'R1'},{'D4'},{'R2'},&,1.0,&
{'D5'},{'D2'},{'D6'},{'D1'},{'D3'},{'D4'},{'R3'},{'R2'},{'D7'},{'R1'},&,1.0,&
{'D5'},{'D2'},{'D6'},{'D1'},{'D3'},{'D4'},{'R3'},{'D7'},{'R2'},{'R1'},&,1.0,&
{'D5'},{'D2'},{'D6'},{'D1'},{'D3'},{'D4'},{'D7'},{'R1'},{'R3'},{'R2'},&,3.0,&
{'D5'},{'D2'},{'D6'},{'D1'},{'D3'},{'D4'},{'D7'},{'R2'},{'R3'},{'R1'},&,1.0,&
{'D5'},{'D2'},{'D6'},{'D1'},{'D3'},{'D4'},{'D7'},{'R2'},{'R1'},{'R3'},&,2.0,&
{'D5'},{'D2'},{'D6'},{'D1'},{'D3'},{'D4'},{'D7'},{'R3'},{'R2'},{'R1'},&,1.0,&
{'D5'},{'D2'},{'D6'},{'D1'},{'D3'},{'D4'},{'D7'},{'R3'},{'R1'},{'R2'},&,4.0,&
{'D5'},{'D2'},{'D6'},{'D1'},{'D3'},{'D7'},{'R3'},{'D4'},{'R1'},{'R2'},&,1.0,&
{'D5'},{'D2'},{'D6'},{'D1'},{'D3'},{'D7'},{'D4'},{'R1'},{'R2'},{'R3'},&,2.0,&
{'D5'},{'D2'},{'D6'},{'D1'},{'D3'},{'D7'},{'D4'},{'R1'},{'R3'},{'R2'},&,2.0,&
{'D5'},{'D2'},{'D6'},{'D1'},{'D3'},{'D7'},{'D4'},{'R2'},{'R3'},{'R1'},&,1.0,&
{'D5'},{'D2'},{'D6'},{'D1'},{'D3'},{'D7'},{'D4'},{'R3'},{'R2'},{'R1'},&,2.0,&
{'D5'},{'D2'},{'D6'},{'D1'},{'D3'},{'D7'},{'D4'},{'R3'},{'R1'},{'R2'},&,4.0,&
{'D5'},{'D2'},{'D6'},{'D1'},{'D3'},{'D7'},{'R1'},{'R3'},{'D4'},{'R2'},&,1.0,&
{'D5'},{'D2'},{'D6'},{'D1'},{'D3'},{'D7'},{'R1'},{'D4'},{'R3'},{'R2'},&,1.0,&
{'D5'},{'D2'},{'D6'},{'D1'},{'D3'},{'R2'},{'D4'},{'D7'},{'R3'},{'R1'},&,1.0,&
{'D5'},{'D2'},{'D6'},{'D1'},{'D3'},{'R3'},{'D4'},{'D7'},{'R1'},{'R2'},&,1.0,&
{'D5'},{'D2'},{'D6'},{'D1'},{'D3'},{'R3'},{'D7'},{'R2'},{'D4'},{'R1'},&,1.0,&
{'D5'},{'D2'},{'D6'},{'D1'},{'D4'},{'D7'},{'D3'},{'R1'},{'R3'},{'R2'},&,3.0,&
{'D5'},{'D2'},{'D6'},{'D1'},{'D4'},{'D7'},{'D3'},{'R2'},{'R3'},{'R1'},&,1.0,&
{'D5'},{'D2'},{'D6'},{'D1'},{'D4'},{'D7'},{'D3'},{'R3'},{'R2'},{'R1'},&,1.0,&
{'D5'},{'D2'},{'D6'},{'D1'},{'D4'},{'D7'},{'R1'},{'D3'},{'R3'},{'R2'},&,2.0,&
{'D5'},{'D2'},{'D6'},{'D1'},{'D4'},{'D3'},{'R3'},{'D7'},{'R2'},{'R1'},&,1.0,&
{'D5'},{'D2'},{'D6'},{'D1'},{'D4'},{'D3'},{'D7'},{'R1'},{'R3'},{'R2'},&,1.0,&
{'D5'},{'D2'},{'D6'},{'D1'},{'D4'},{'D3'},{'D7'},{'R2'},{'R3'},{'R1'},&,1.0,&
{'D5'},{'D2'},{'D6'},{'D1'},{'D4'},{'D3'},{'D7'},{'R3'},{'R2'},{'R1'},&,1.0,&
{'D5'},{'D2'},{'D6'},{'D1'},{'D4'},{'D3'},{'R1'},{'D7'},{'R3'},{'R2'},&,1.0,&
{'D5'},{'D2'},{'D6'},{'D1'},{'R3'},{'D7'},{'D3'},{'R2'},{'D4'},{'R1'},&,1.0,&
{'D5'},{'D2'},{'D6'},{'D3'},{'D1'},{'D4'},{'R3'},{'R1'},{'D7'},{'R2'},&,1.0,&
{'D5'},{'D2'},{'D6'},{'D3'},{'D1'},{'D4'},{'R3'},{'D7'},{'R1'},{'R2'},&,1.0,&
{'D5'},{'D2'},{'D6'},{'D3'},{'D1'},{'D4'},{'R2'},{'R1'},{'D7'},{'R3'},&,1.0,&
{'D5'},{'D2'},{'D6'},{'D3'},{'D1'},{'D4'},{'R2'},{'D7'},{'R3'},{'R1'},&,1.0,&
{'D5'},{'D2'},{'D6'},{'D3'},{'D1'},{'D4'},{'D7'},{'R1'},{'R2'},{'R3'},&,2.0,&
{'D5'},{'D2'},{'D6'},{'D3'},{'D1'},{'D4'},{'D7'},{'R2'},{'R3'},{'R1'},&,2.0,&
{'D5'},{'D2'},{'D6'},{'D3'},{'D1'},{'D4'},{'D7'},{'R2'},{'R1'},{'R3'},&,1.0,&
{'D5'},{'D2'},{'D6'},{'D3'},{'D1'},{'D4'},{'D7'},{'R3'},{'R2'},{'R1'},&,6.0,&
{'D5'},{'D2'},{'D6'},{'D3'},{'D1'},{'D4'},{'D7'},{'R3'},{'R1'},{'R2'},&,8.0,&
{'D5'},{'D2'},{'D6'},{'D3'},{'D1'},{'D7'},{'R3'},{'D4'},{'R2'},{'R1'},&,1.0,&
{'D5'},{'D2'},{'D6'},{'D3'},{'D1'},{'D7'},{'R3'},{'D4'},{'R1'},{'R2'},&,1.0,&
{'D5'},{'D2'},{'D6'},{'D3'},{'D1'},{'D7'},{'D4'},{'R1'},{'R2'},{'R3'},&,1.0,&
{'D5'},{'D2'},{'D6'},{'D3'},{'D1'},{'D7'},{'D4'},{'R1'},{'R3'},{'R2'},&,4.0,&
{'D5'},{'D2'},{'D6'},{'D3'},{'D1'},{'D7'},{'D4'},{'R2'},{'R3'},{'R1'},&,3.0,&
{'D5'},{'D2'},{'D6'},{'D3'},{'D1'},{'D7'},{'D4'},{'R2'},{'R1'},{'R3'},&,1.0,&
{'D5'},{'D2'},{'D6'},{'D3'},{'D1'},{'D7'},{'D4'},{'R3'},{'R2'},{'R1'},&,2.0,&
{'D5'},{'D2'},{'D6'},{'D3'},{'D1'},{'D7'},{'D4'},{'R3'},{'R1'},{'R2'},&,10.0,&
{'D5'},{'D2'},{'D6'},{'D3'},{'D1'},{'D7'},{'R2'},{'D4'},{'R3'},{'R1'},&,2.0,&
{'D5'},{'D2'},{'D6'},{'D3'},{'D1'},{'D7'},{'R1'},{'R3'},{'D4'},{'R2'},&,1.0,&
{'D5'},{'D2'},{'D6'},{'D3'},{'D1'},{'R2'},{'D4'},{'D7'},{'R3'},{'R1'},&,1.0,&
{'D5'},{'D2'},{'D6'},{'D3'},{'D1'},{'R3'},{'D4'},{'R1'},{'D7'},{'R2'},&,1.0,&
{'D5'},{'D2'},{'D6'},{'D3'},{'D1'},{'R3'},{'D4'},{'D7'},{'R2'},{'R1'},&,2.0,&
{'D5'},{'D2'},{'D6'},{'D3'},{'D1'},{'R3'},{'D7'},{'D4'},{'R1'},{'R2'},&,1.0,&
{'D5'},{'D2'},{'D6'},{'D3'},{'D7'},{'D4'},{'R3'},{'R1'},{'R2'},{'D1'},&,1.0,&
{'D5'},{'D2'},{'D6'},{'D3'},{'D7'},{'D4'},{'R3'},{'D1'},{'R1'},{'R2'},&,5.0,&
{'D5'},{'D2'},{'D6'},{'D3'},{'D7'},{'D4'},{'D1'},{'R1'},{'R2'},{'R3'},&,1.0,&
{'D5'},{'D2'},{'D6'},{'D3'},{'D7'},{'D4'},{'D1'},{'R1'},{'R3'},{'R2'},&,6.0,&
{'D5'},{'D2'},{'D6'},{'D3'},{'D7'},{'D4'},{'D1'},{'R2'},{'R3'},{'R1'},&,2.0,&
{'D5'},{'D2'},{'D6'},{'D3'},{'D7'},{'D4'},{'D1'},{'R2'},{'R1'},{'R3'},&,1.0,&
{'D5'},{'D2'},{'D6'},{'D3'},{'D7'},{'D4'},{'D1'},{'R3'},{'R2'},{'R1'},&,6.0,&
{'D5'},{'D2'},{'D6'},{'D3'},{'D7'},{'D4'},{'D1'},{'R3'},{'R1'},{'R2'},&,4.0,&
{'D5'},{'D2'},{'D6'},{'D3'},{'D7'},{'D4'},{'R2'},{'R1'},{'D1'},{'R3'},&,1.0,&
{'D5'},{'D2'},{'D6'},{'D3'},{'D7'},{'D4'},{'R2'},{'R3'},{'D1'},{'R1'},&,1.0,&
{'D5'},{'D2'},{'D6'},{'D3'},{'D7'},{'D4'},{'R2'},{'D1'},{'R3'},{'R1'},&,1.0,&
{'D5'},{'D2'},{'D6'},{'D3'},{'D7'},{'D4'},{'R1'},{'R3'},{'D1'},{'R2'},&,1.0,&
{'D5'},{'D2'},{'D6'},{'D3'},{'D7'},{'D4'},{'R1'},{'D1'},{'R2'},{'R3'},&,1.0,&
{'D5'},{'D2'},{'D6'},{'D3'},{'D7'},{'D4'},{'R1'},{'D1'},{'R3'},{'R2'},&,3.0,&
{'D5'},{'D2'},{'D6'},{'D3'},{'D7'},{'D1'},{'R3'},{'D4'},{'R2'},{'R1'},&,5.0,&
{'D5'},{'D2'},{'D6'},{'D3'},{'D7'},{'D1'},{'R3'},{'D4'},{'R1'},{'R2'},&,2.0,&
{'D5'},{'D2'},{'D6'},{'D3'},{'D7'},{'D1'},{'D4'},{'R1'},{'R2'},{'R3'},&,2.0,&
{'D5'},{'D2'},{'D6'},{'D3'},{'D7'},{'D1'},{'D4'},{'R1'},{'R3'},{'R2'},&,6.0,&
{'D5'},{'D2'},{'D6'},{'D3'},{'D7'},{'D1'},{'D4'},{'R2'},{'R3'},{'R1'},&,3.0,&
{'D5'},{'D2'},{'D6'},{'D3'},{'D7'},{'D1'},{'D4'},{'R2'},{'R1'},{'R3'},&,1.0,&
{'D5'},{'D2'},{'D6'},{'D3'},{'D7'},{'D1'},{'D4'},{'R3'},{'R2'},{'R1'},&,6.0,&
{'D5'},{'D2'},{'D6'},{'D3'},{'D7'},{'D1'},{'D4'},{'R3'},{'R1'},{'R2'},&,3.0,&
{'D5'},{'D2'},{'D6'},{'D3'},{'D7'},{'R2'},{'D1'},{'D4'},{'R3'},{'R1'},&,1.0,&
{'D5'},{'D2'},{'D6'},{'D3'},{'D7'},{'R2'},{'D4'},{'D1'},{'R3'},{'R1'},&,1.0,&
{'D5'},{'D2'},{'D6'},{'D3'},{'D7'},{'R2'},{'D4'},{'D1'},{'R1'},{'R3'},&,1.0,&
{'D5'},{'D2'},{'D6'},{'D3'},{'D7'},{'R1'},{'D1'},{'R3'},{'R2'},{'D4'},&,1.0,&
{'D5'},{'D2'},{'D6'},{'D3'},{'D7'},{'R1'},{'D1'},{'R3'},{'D4'},{'R2'},&,1.0,&
{'D5'},{'D2'},{'D6'},{'D3'},{'D7'},{'R3'},{'D4'},{'D1'},{'R2'},{'R1'},&,2.0,&
{'D5'},{'D2'},{'D6'},{'D3'},{'D7'},{'R3'},{'D4'},{'D1'},{'R1'},{'R2'},&,1.0,&
{'D5'},{'D2'},{'D6'},{'D3'},{'D7'},{'R3'},{'R1'},{'D4'},{'R2'},{'D1'},&,1.0,&
{'D5'},{'D2'},{'D6'},{'D3'},{'D4'},{'D7'},{'R3'},{'D1'},{'R1'},{'R2'},&,2.0,&
{'D5'},{'D2'},{'D6'},{'D3'},{'D4'},{'D7'},{'D1'},{'R1'},{'R2'},{'R3'},&,3.0,&
{'D5'},{'D2'},{'D6'},{'D3'},{'D4'},{'D7'},{'D1'},{'R1'},{'R3'},{'R2'},&,5.0,&
{'D5'},{'D2'},{'D6'},{'D3'},{'D4'},{'D7'},{'D1'},{'R2'},{'R3'},{'R1'},&,2.0,&
{'D5'},{'D2'},{'D6'},{'D3'},{'D4'},{'D7'},{'D1'},{'R2'},{'R1'},{'R3'},&,3.0,&
{'D5'},{'D2'},{'D6'},{'D3'},{'D4'},{'D7'},{'D1'},{'R3'},{'R2'},{'R1'},&,7.0,&
{'D5'},{'D2'},{'D6'},{'D3'},{'D4'},{'D7'},{'D1'},{'R3'},{'R1'},{'R2'},&,4.0,&
{'D5'},{'D2'},{'D6'},{'D3'},{'D4'},{'D7'},{'R2'},{'D1'},{'R3'},{'R1'},&,5.0,&
{'D5'},{'D2'},{'D6'},{'D3'},{'D4'},{'D7'},{'R2'},{'D1'},{'R1'},{'R3'},&,1.0,&
{'D5'},{'D2'},{'D6'},{'D3'},{'D4'},{'D7'},{'R1'},{'R3'},{'R2'},{'D1'},&,1.0,&
{'D5'},{'D2'},{'D6'},{'D3'},{'D4'},{'D7'},{'R1'},{'D1'},{'R2'},{'R3'},&,1.0,&
{'D5'},{'D2'},{'D6'},{'D3'},{'D4'},{'D7'},{'R1'},{'D1'},{'R3'},{'R2'},&,1.0,&
{'D5'},{'D2'},{'D6'},{'D3'},{'D4'},{'D1'},{'R2'},{'R3'},{'R1'},{'D7'},&,1.0,&
{'D5'},{'D2'},{'D6'},{'D3'},{'D4'},{'D1'},{'R2'},{'R3'},{'D7'},{'R1'},&,2.0,&
{'D5'},{'D2'},{'D6'},{'D3'},{'D4'},{'D1'},{'R2'},{'D7'},{'R3'},{'R1'},&,1.0,&
{'D5'},{'D2'},{'D6'},{'D3'},{'D4'},{'D1'},{'D7'},{'R1'},{'R2'},{'R3'},&,6.0,&
{'D5'},{'D2'},{'D6'},{'D3'},{'D4'},{'D1'},{'D7'},{'R1'},{'R3'},{'R2'},&,5.0,&
{'D5'},{'D2'},{'D6'},{'D3'},{'D4'},{'D1'},{'D7'},{'R2'},{'R3'},{'R1'},&,2.0,&
{'D5'},{'D2'},{'D6'},{'D3'},{'D4'},{'D1'},{'D7'},{'R2'},{'R1'},{'R3'},&,1.0,&
{'D5'},{'D2'},{'D6'},{'D3'},{'D4'},{'D1'},{'D7'},{'R3'},{'R2'},{'R1'},&,3.0,&
{'D5'},{'D2'},{'D6'},{'D3'},{'D4'},{'D1'},{'D7'},{'R3'},{'R1'},{'R2'},&,7.0,&
{'D5'},{'D2'},{'D6'},{'D3'},{'D4'},{'D1'},{'R1'},{'D7'},{'R3'},{'R2'},&,1.0,&
{'D5'},{'D2'},{'D6'},{'D3'},{'D4'},{'R3'},{'D7'},{'D1'},{'R1'},{'R2'},&,1.0,&
{'D5'},{'D2'},{'D6'},{'D3'},{'R3'},{'D4'},{'D1'},{'D7'},{'R2'},{'R1'},&,1.0,&
{'D5'},{'D2'},{'D6'},{'D3'},{'R3'},{'D7'},{'D4'},{'R2'},{'D1'},{'R1'},&,1.0,&
{'D5'},{'D2'},{'D6'},{'D3'},{'R3'},{'D1'},{'D7'},{'D4'},{'R1'},{'R2'},&,1.0,&
{'D5'},{'D2'},{'D6'},{'D3'},{'R2'},{'D4'},{'D7'},{'D1'},{'R1'},{'R3'},&,1.0,&
{'D5'},{'D2'},{'D6'},{'R1'},{'D7'},{'D3'},{'D4'},{'D1'},{'R3'},{'R2'},&,1.0,&
{'D5'},{'D2'},{'D6'},{'D4'},{'D1'},{'D7'},{'R2'},{'D3'},{'R3'},{'R1'},&,1.0,&
{'D5'},{'D2'},{'D6'},{'D4'},{'D1'},{'D7'},{'D3'},{'R1'},{'R3'},{'R2'},&,1.0,&
{'D5'},{'D2'},{'D6'},{'D4'},{'D1'},{'D7'},{'D3'},{'R3'},{'R2'},{'R1'},&,2.0,&
{'D5'},{'D2'},{'D6'},{'D4'},{'D1'},{'D7'},{'D3'},{'R3'},{'R1'},{'R2'},&,2.0,&
{'D5'},{'D2'},{'D6'},{'D4'},{'D1'},{'D3'},{'D7'},{'R1'},{'R2'},{'R3'},&,1.0,&
{'D5'},{'D2'},{'D6'},{'D4'},{'D1'},{'D3'},{'D7'},{'R3'},{'R2'},{'R1'},&,2.0,&
{'D5'},{'D2'},{'D6'},{'D4'},{'D1'},{'D3'},{'D7'},{'R3'},{'R1'},{'R2'},&,4.0,&
{'D5'},{'D2'},{'D6'},{'D4'},{'D1'},{'D3'},{'R1'},{'R3'},{'D7'},{'R2'},&,1.0,&
{'D5'},{'D2'},{'D6'},{'D4'},{'D1'},{'D3'},{'R1'},{'D7'},{'R2'},{'R3'},&,1.0,&
{'D5'},{'D2'},{'D6'},{'D4'},{'D1'},{'R2'},{'D3'},{'R1'},{'D7'},{'R3'},&,1.0,&
{'D5'},{'D2'},{'D6'},{'D4'},{'D1'},{'R1'},{'D7'},{'D3'},{'R3'},{'R2'},&,1.0,&
{'D5'},{'D2'},{'D6'},{'D4'},{'D1'},{'R1'},{'D3'},{'D7'},{'R3'},{'R2'},&,1.0,&
{'D5'},{'D2'},{'D6'},{'D4'},{'D1'},{'R3'},{'D3'},{'R1'},{'D7'},{'R2'},&,1.0,&
{'D5'},{'D2'},{'D6'},{'D4'},{'D7'},{'D1'},{'D3'},{'R3'},{'R2'},{'R1'},&,3.0,&
{'D5'},{'D2'},{'D6'},{'D4'},{'D7'},{'D3'},{'R3'},{'D1'},{'R2'},{'R1'},&,1.0,&
{'D5'},{'D2'},{'D6'},{'D4'},{'D7'},{'D3'},{'R3'},{'D1'},{'R1'},{'R2'},&,2.0,&
{'D5'},{'D2'},{'D6'},{'D4'},{'D7'},{'D3'},{'D1'},{'R1'},{'R3'},{'R2'},&,3.0,&
{'D5'},{'D2'},{'D6'},{'D4'},{'D7'},{'D3'},{'D1'},{'R2'},{'R3'},{'R1'},&,2.0,&
{'D5'},{'D2'},{'D6'},{'D4'},{'D7'},{'D3'},{'D1'},{'R3'},{'R2'},{'R1'},&,7.0,&
{'D5'},{'D2'},{'D6'},{'D4'},{'D7'},{'D3'},{'D1'},{'R3'},{'R1'},{'R2'},&,3.0,&
{'D5'},{'D2'},{'D6'},{'D4'},{'D7'},{'D3'},{'R2'},{'D1'},{'R3'},{'R1'},&,2.0,&
{'D5'},{'D2'},{'D6'},{'D4'},{'D7'},{'R1'},{'R3'},{'D3'},{'D1'},{'R2'},&,1.0,&
{'D5'},{'D2'},{'D6'},{'D4'},{'D7'},{'R3'},{'D1'},{'D3'},{'R2'},{'R1'},&,1.0,&
{'D5'},{'D2'},{'D6'},{'D4'},{'D7'},{'R3'},{'D1'},{'D3'},{'R1'},{'R2'},&,1.0,&
{'D5'},{'D2'},{'D6'},{'D4'},{'D3'},{'D7'},{'R3'},{'R1'},{'D1'},{'R2'},&,3.0,&
{'D5'},{'D2'},{'D6'},{'D4'},{'D3'},{'D7'},{'R3'},{'R2'},{'D1'},{'R1'},&,1.0,&
{'D5'},{'D2'},{'D6'},{'D4'},{'D3'},{'D7'},{'R3'},{'D1'},{'R2'},{'R1'},&,3.0,&
{'D5'},{'D2'},{'D6'},{'D4'},{'D3'},{'D7'},{'D1'},{'R1'},{'R2'},{'R3'},&,1.0,&
{'D5'},{'D2'},{'D6'},{'D4'},{'D3'},{'D7'},{'D1'},{'R1'},{'R3'},{'R2'},&,3.0,&
{'D5'},{'D2'},{'D6'},{'D4'},{'D3'},{'D7'},{'D1'},{'R2'},{'R3'},{'R1'},&,4.0,&
{'D5'},{'D2'},{'D6'},{'D4'},{'D3'},{'D7'},{'D1'},{'R2'},{'R1'},{'R3'},&,4.0,&
{'D5'},{'D2'},{'D6'},{'D4'},{'D3'},{'D7'},{'D1'},{'R3'},{'R2'},{'R1'},&,10.0,&
{'D5'},{'D2'},{'D6'},{'D4'},{'D3'},{'D7'},{'D1'},{'R3'},{'R1'},{'R2'},&,7.0,&
{'D5'},{'D2'},{'D6'},{'D4'},{'D3'},{'D7'},{'R2'},{'D1'},{'R1'},{'R3'},&,1.0,&
{'D5'},{'D2'},{'D6'},{'D4'},{'D3'},{'D7'},{'R1'},{'R3'},{'D1'},{'R2'},&,1.0,&
{'D5'},{'D2'},{'D6'},{'D4'},{'D3'},{'D1'},{'R3'},{'D7'},{'R2'},{'R1'},&,2.0,&
{'D5'},{'D2'},{'D6'},{'D4'},{'D3'},{'D1'},{'R3'},{'D7'},{'R1'},{'R2'},&,1.0,&
{'D5'},{'D2'},{'D6'},{'D4'},{'D3'},{'D1'},{'R2'},{'R1'},{'D7'},{'R3'},&,1.0,&
{'D5'},{'D2'},{'D6'},{'D4'},{'D3'},{'D1'},{'D7'},{'R1'},{'R3'},{'R2'},&,3.0,&
{'D5'},{'D2'},{'D6'},{'D4'},{'D3'},{'D1'},{'D7'},{'R2'},{'R3'},{'R1'},&,2.0,&
{'D5'},{'D2'},{'D6'},{'D4'},{'D3'},{'D1'},{'D7'},{'R2'},{'R1'},{'R3'},&,3.0,&
{'D5'},{'D2'},{'D6'},{'D4'},{'D3'},{'D1'},{'D7'},{'R3'},{'R2'},{'R1'},&,2.0,&
{'D5'},{'D2'},{'D6'},{'D4'},{'D3'},{'D1'},{'D7'},{'R3'},{'R1'},{'R2'},&,4.0,&
{'D5'},{'D2'},{'D6'},{'D4'},{'D3'},{'D1'},{'R1'},{'D7'},{'R2'},{'R3'},&,1.0,&
{'D5'},{'D2'},{'D6'},{'D4'},{'D3'},{'D1'},{'R1'},{'D7'},{'R3'},{'R2'},&,1.0,&
{'D5'},{'D2'},{'D6'},{'D4'},{'D3'},{'R1'},{'D7'},{'R3'},{'D1'},{'R2'},&,1.0,&
{'D5'},{'D2'},{'D6'},{'D4'},{'D3'},{'R1'},{'D7'},{'D1'},{'R2'},{'R3'},&,1.0,&
{'D5'},{'D2'},{'D6'},{'D4'},{'D3'},{'R1'},{'D7'},{'D1'},{'R3'},{'R2'},&,1.0,&
{'D5'},{'D2'},{'D6'},{'D4'},{'R1'},{'D7'},{'D3'},{'D1'},{'R3'},{'R2'},&,1.0,&
{'D5'},{'D2'},{'D6'},{'D4'},{'R1'},{'D1'},{'D3'},{'D7'},{'R3'},{'R2'},&,1.0,&
{'D5'},{'D2'},{'D6'},{'R2'},{'D7'},{'D4'},{'R3'},{'D3'},{'R1'},{'D1'},&,1.0,&
{'D5'},{'D2'},{'D6'},{'R3'},{'D4'},{'D3'},{'D7'},{'D1'},{'R1'},{'R2'},&,1.0,&
{'D5'},{'D2'},{'D1'},{'D7'},{'D3'},{'D6'},{'D4'},{'R1'},{'R3'},{'R2'},&,2.0,&
{'D5'},{'D2'},{'D1'},{'D7'},{'D3'},{'D6'},{'D4'},{'R2'},{'R1'},{'R3'},&,1.0,&
{'D5'},{'D2'},{'D1'},{'D7'},{'D3'},{'D6'},{'D4'},{'R3'},{'R2'},{'R1'},&,1.0,&
{'D5'},{'D2'},{'D1'},{'D7'},{'D3'},{'D6'},{'D4'},{'R3'},{'R1'},{'R2'},&,2.0,&
{'D5'},{'D2'},{'D1'},{'D7'},{'D3'},{'D6'},{'R1'},{'D4'},{'R3'},{'R2'},&,1.0,&
{'D5'},{'D2'},{'D1'},{'D7'},{'D3'},{'D4'},{'D6'},{'R1'},{'R3'},{'R2'},&,1.0,&
{'D5'},{'D2'},{'D1'},{'D7'},{'D3'},{'D4'},{'D6'},{'R2'},{'R3'},{'R1'},&,1.0,&
{'D5'},{'D2'},{'D1'},{'D7'},{'D3'},{'D4'},{'D6'},{'R3'},{'R1'},{'R2'},&,1.0,&
{'D5'},{'D2'},{'D1'},{'D7'},{'D3'},{'D4'},{'R1'},{'D6'},{'R3'},{'R2'},&,1.0,&
{'D5'},{'D2'},{'D1'},{'D7'},{'D3'},{'R3'},{'D6'},{'D4'},{'R1'},{'R2'},&,1.0,&
{'D5'},{'D2'},{'D1'},{'D7'},{'D6'},{'D4'},{'R3'},{'D3'},{'R1'},{'R2'},&,1.0,&
{'D5'},{'D2'},{'D1'},{'D7'},{'D6'},{'D4'},{'D3'},{'R2'},{'R3'},{'R1'},&,1.0,&
{'D5'},{'D2'},{'D1'},{'D7'},{'D6'},{'D4'},{'R1'},{'D3'},{'R3'},{'R2'},&,1.0,&
{'D5'},{'D2'},{'D1'},{'D7'},{'D6'},{'D3'},{'D4'},{'R2'},{'R3'},{'R1'},&,1.0,&
{'D5'},{'D2'},{'D1'},{'D7'},{'D6'},{'D3'},{'D4'},{'R3'},{'R2'},{'R1'},&,2.0,&
{'D5'},{'D2'},{'D1'},{'D7'},{'D4'},{'D6'},{'D3'},{'R1'},{'R2'},{'R3'},&,1.0,&
{'D5'},{'D2'},{'D1'},{'D7'},{'D4'},{'D6'},{'D3'},{'R3'},{'R1'},{'R2'},&,1.0,&
{'D5'},{'D2'},{'D1'},{'D7'},{'D4'},{'D3'},{'R3'},{'R1'},{'R2'},{'D6'},&,1.0,&
{'D5'},{'D2'},{'D1'},{'D7'},{'D4'},{'D3'},{'D6'},{'R1'},{'R2'},{'R3'},&,1.0,&
{'D5'},{'D2'},{'D1'},{'D7'},{'D4'},{'D3'},{'D6'},{'R3'},{'R2'},{'R1'},&,1.0,&
{'D5'},{'D2'},{'D1'},{'D7'},{'D4'},{'D3'},{'D6'},{'R3'},{'R1'},{'R2'},&,1.0,&
{'D5'},{'D2'},{'D1'},{'D7'},{'R3'},{'D6'},{'D3'},{'D4'},{'R1'},{'R2'},&,1.0,&
{'D5'},{'D2'},{'D1'},{'D3'},{'D7'},{'D6'},{'R3'},{'R2'},{'D4'},{'R1'},&,1.0,&
{'D5'},{'D2'},{'D1'},{'D3'},{'D7'},{'D6'},{'D4'},{'R1'},{'R2'},{'R3'},&,1.0,&
{'D5'},{'D2'},{'D1'},{'D3'},{'D7'},{'D6'},{'D4'},{'R1'},{'R3'},{'R2'},&,1.0,&
{'D5'},{'D2'},{'D1'},{'D3'},{'D7'},{'D6'},{'D4'},{'R2'},{'R1'},{'R3'},&,1.0,&
{'D5'},{'D2'},{'D1'},{'D3'},{'D7'},{'D6'},{'D4'},{'R3'},{'R1'},{'R2'},&,2.0,&
{'D5'},{'D2'},{'D1'},{'D3'},{'D7'},{'D6'},{'R1'},{'D4'},{'R3'},{'R2'},&,1.0,&
{'D5'},{'D2'},{'D1'},{'D3'},{'D7'},{'D4'},{'D6'},{'R2'},{'R3'},{'R1'},&,1.0,&
{'D5'},{'D2'},{'D1'},{'D3'},{'D7'},{'D4'},{'D6'},{'R3'},{'R2'},{'R1'},&,1.0,&
{'D5'},{'D2'},{'D1'},{'D3'},{'D7'},{'D4'},{'R1'},{'R3'},{'R2'},{'D6'},&,1.0,&
{'D5'},{'D2'},{'D1'},{'D3'},{'D6'},{'D4'},{'R3'},{'R2'},{'D7'},{'R1'},&,1.0,&
{'D5'},{'D2'},{'D1'},{'D3'},{'D6'},{'D4'},{'R3'},{'D7'},{'R1'},{'R2'},&,1.0,&
{'D5'},{'D2'},{'D1'},{'D3'},{'D6'},{'D4'},{'D7'},{'R1'},{'R3'},{'R2'},&,1.0,&
{'D5'},{'D2'},{'D1'},{'D3'},{'D6'},{'D4'},{'D7'},{'R2'},{'R1'},{'R3'},&,1.0,&
{'D5'},{'D2'},{'D1'},{'D3'},{'D6'},{'D4'},{'D7'},{'R3'},{'R2'},{'R1'},&,2.0,&
{'D5'},{'D2'},{'D1'},{'D3'},{'D6'},{'D4'},{'D7'},{'R3'},{'R1'},{'R2'},&,3.0,&
{'D5'},{'D2'},{'D1'},{'D3'},{'D6'},{'D7'},{'R3'},{'D4'},{'R2'},{'R1'},&,2.0,&
{'D5'},{'D2'},{'D1'},{'D3'},{'D6'},{'D7'},{'R3'},{'D4'},{'R1'},{'R2'},&,1.0,&
{'D5'},{'D2'},{'D1'},{'D3'},{'D6'},{'D7'},{'D4'},{'R1'},{'R2'},{'R3'},&,2.0,&
{'D5'},{'D2'},{'D1'},{'D3'},{'D6'},{'D7'},{'D4'},{'R1'},{'R3'},{'R2'},&,1.0,&
{'D5'},{'D2'},{'D1'},{'D3'},{'D6'},{'D7'},{'D4'},{'R2'},{'R3'},{'R1'},&,1.0,&
{'D5'},{'D2'},{'D1'},{'D3'},{'D6'},{'D7'},{'D4'},{'R3'},{'R2'},{'R1'},&,5.0,&
{'D5'},{'D2'},{'D1'},{'D3'},{'D6'},{'D7'},{'R2'},{'D4'},{'R1'},{'R3'},&,1.0,&
{'D5'},{'D2'},{'D1'},{'D3'},{'D6'},{'D7'},{'R1'},{'R3'},{'R2'},{'D4'},&,1.0,&
{'D5'},{'D2'},{'D1'},{'D3'},{'D6'},{'D7'},{'R1'},{'R3'},{'D4'},{'R2'},&,1.0,&
{'D5'},{'D2'},{'D1'},{'D3'},{'D6'},{'R2'},{'D7'},{'R1'},{'R3'},{'D4'},&,1.0,&
{'D5'},{'D2'},{'D1'},{'D3'},{'D6'},{'R3'},{'D7'},{'R2'},{'D4'},{'R1'},&,1.0,&
{'D5'},{'D2'},{'D1'},{'D3'},{'D4'},{'D6'},{'R3'},{'D7'},{'R1'},{'R2'},&,2.0,&
{'D5'},{'D2'},{'D1'},{'D3'},{'D4'},{'D6'},{'D7'},{'R1'},{'R2'},{'R3'},&,1.0,&
{'D5'},{'D2'},{'D1'},{'D3'},{'D4'},{'D6'},{'D7'},{'R3'},{'R2'},{'R1'},&,2.0,&
{'D5'},{'D2'},{'D1'},{'D3'},{'D4'},{'D6'},{'D7'},{'R3'},{'R1'},{'R2'},&,1.0,&
{'D5'},{'D2'},{'D1'},{'D3'},{'D4'},{'D6'},{'R1'},{'D7'},{'R3'},{'R2'},&,1.0,&
{'D5'},{'D2'},{'D1'},{'D3'},{'R3'},{'D4'},{'D7'},{'D6'},{'R1'},{'R2'},&,1.0,&
{'D5'},{'D2'},{'D1'},{'D3'},{'R3'},{'D7'},{'D6'},{'D4'},{'R1'},{'R2'},&,1.0,&
{'D5'},{'D2'},{'D1'},{'D6'},{'D7'},{'D4'},{'D3'},{'R1'},{'R3'},{'R2'},&,1.0,&
{'D5'},{'D2'},{'D1'},{'D6'},{'D7'},{'D4'},{'D3'},{'R2'},{'R3'},{'R1'},&,3.0,&
{'D5'},{'D2'},{'D1'},{'D6'},{'D7'},{'D4'},{'D3'},{'R3'},{'R2'},{'R1'},&,1.0,&
{'D5'},{'D2'},{'D1'},{'D6'},{'D7'},{'D4'},{'D3'},{'R3'},{'R1'},{'R2'},&,1.0,&
{'D5'},{'D2'},{'D1'},{'D6'},{'D7'},{'D3'},{'R3'},{'D4'},{'R2'},{'R1'},&,1.0,&
{'D5'},{'D2'},{'D1'},{'D6'},{'D7'},{'D3'},{'D4'},{'R1'},{'R2'},{'R3'},&,2.0,&
{'D5'},{'D2'},{'D1'},{'D6'},{'D7'},{'D3'},{'D4'},{'R1'},{'R3'},{'R2'},&,2.0,&
{'D5'},{'D2'},{'D1'},{'D6'},{'D7'},{'D3'},{'D4'},{'R3'},{'R1'},{'R2'},&,1.0,&
{'D5'},{'D2'},{'D1'},{'D6'},{'D7'},{'D3'},{'R2'},{'D4'},{'R1'},{'R3'},&,1.0,&
{'D5'},{'D2'},{'D1'},{'D6'},{'D3'},{'D4'},{'R3'},{'D7'},{'R1'},{'R2'},&,1.0,&
{'D5'},{'D2'},{'D1'},{'D6'},{'D3'},{'D4'},{'D7'},{'R1'},{'R3'},{'R2'},&,3.0,&
{'D5'},{'D2'},{'D1'},{'D6'},{'D3'},{'D4'},{'D7'},{'R2'},{'R3'},{'R1'},&,1.0,&
{'D5'},{'D2'},{'D1'},{'D6'},{'D3'},{'D4'},{'D7'},{'R3'},{'R2'},{'R1'},&,2.0,&
{'D5'},{'D2'},{'D1'},{'D6'},{'D3'},{'D7'},{'D4'},{'R1'},{'R3'},{'R2'},&,2.0,&
{'D5'},{'D2'},{'D1'},{'D6'},{'D3'},{'D7'},{'D4'},{'R2'},{'R3'},{'R1'},&,2.0,&
{'D5'},{'D2'},{'D1'},{'D6'},{'D3'},{'D7'},{'D4'},{'R2'},{'R1'},{'R3'},&,3.0,&
{'D5'},{'D2'},{'D1'},{'D6'},{'D3'},{'D7'},{'D4'},{'R3'},{'R2'},{'R1'},&,3.0,&
{'D5'},{'D2'},{'D1'},{'D6'},{'D3'},{'D7'},{'D4'},{'R3'},{'R1'},{'R2'},&,6.0,&
{'D5'},{'D2'},{'D1'},{'D6'},{'D3'},{'R2'},{'D7'},{'R3'},{'D4'},{'R1'},&,1.0,&
{'D5'},{'D2'},{'D1'},{'D6'},{'D3'},{'R1'},{'D7'},{'D4'},{'R3'},{'R2'},&,1.0,&
{'D5'},{'D2'},{'D1'},{'D6'},{'D3'},{'R3'},{'R2'},{'D7'},{'D4'},{'R1'},&,1.0,&
{'D5'},{'D2'},{'D1'},{'D6'},{'D4'},{'D7'},{'D3'},{'R3'},{'R2'},{'R1'},&,1.0,&
{'D5'},{'D2'},{'D1'},{'D6'},{'D4'},{'D3'},{'D7'},{'R1'},{'R2'},{'R3'},&,3.0,&
{'D5'},{'D2'},{'D1'},{'D6'},{'D4'},{'D3'},{'D7'},{'R1'},{'R3'},{'R2'},&,1.0,&
{'D5'},{'D2'},{'D1'},{'D6'},{'D4'},{'D3'},{'D7'},{'R2'},{'R3'},{'R1'},&,1.0,&
{'D5'},{'D2'},{'D1'},{'D6'},{'D4'},{'D3'},{'D7'},{'R3'},{'R2'},{'R1'},&,3.0,&
{'D5'},{'D2'},{'D1'},{'D6'},{'D4'},{'D3'},{'D7'},{'R3'},{'R1'},{'R2'},&,2.0,&
{'D5'},{'D2'},{'D1'},{'D6'},{'D4'},{'D3'},{'R1'},{'R3'},{'D7'},{'R2'},&,1.0,&
{'D5'},{'D2'},{'D1'},{'D6'},{'D4'},{'R3'},{'D7'},{'D3'},{'R2'},{'R1'},&,1.0,&
{'D5'},{'D2'},{'D1'},{'D6'},{'D4'},{'R3'},{'D3'},{'R1'},{'D7'},{'R2'},&,1.0,&
{'D5'},{'D2'},{'D1'},{'D6'},{'D4'},{'R3'},{'D3'},{'D7'},{'R1'},{'R2'},&,1.0,&
{'D5'},{'D2'},{'D1'},{'D6'},{'R1'},{'D7'},{'D3'},{'D4'},{'R2'},{'R3'},&,1.0,&
{'D5'},{'D2'},{'D1'},{'D6'},{'R1'},{'D3'},{'D4'},{'D7'},{'R3'},{'R2'},&,1.0,&
{'D5'},{'D2'},{'D1'},{'D4'},{'D7'},{'D6'},{'D3'},{'R1'},{'R3'},{'R2'},&,1.0,&
{'D5'},{'D2'},{'D1'},{'D4'},{'D7'},{'D6'},{'D3'},{'R3'},{'R2'},{'R1'},&,2.0,&
{'D5'},{'D2'},{'D1'},{'D4'},{'D7'},{'D3'},{'R3'},{'D6'},{'R2'},{'R1'},&,1.0,&
{'D5'},{'D2'},{'D1'},{'D4'},{'D7'},{'D3'},{'D6'},{'R1'},{'R3'},{'R2'},&,1.0,&
{'D5'},{'D2'},{'D1'},{'D4'},{'D7'},{'R2'},{'D3'},{'D6'},{'R1'},{'R3'},&,1.0,&
{'D5'},{'D2'},{'D1'},{'D4'},{'D3'},{'D6'},{'R2'},{'D7'},{'R3'},{'R1'},&,1.0,&
{'D5'},{'D2'},{'D1'},{'D4'},{'D3'},{'D6'},{'D7'},{'R3'},{'R2'},{'R1'},&,3.0,&
{'D5'},{'D2'},{'D1'},{'D4'},{'D3'},{'D6'},{'R1'},{'D7'},{'R2'},{'R3'},&,1.0,&
{'D5'},{'D2'},{'D1'},{'D4'},{'D3'},{'D7'},{'D6'},{'R1'},{'R3'},{'R2'},&,1.0,&
{'D5'},{'D2'},{'D1'},{'D4'},{'D3'},{'D7'},{'D6'},{'R3'},{'R2'},{'R1'},&,1.0,&
{'D5'},{'D2'},{'D1'},{'D4'},{'D3'},{'D7'},{'R1'},{'D6'},{'R3'},{'R2'},&,1.0,&
{'D5'},{'D2'},{'D1'},{'D4'},{'D3'},{'R3'},{'D7'},{'R1'},{'R2'},{'D6'},&,1.0,&
{'D5'},{'D2'},{'D1'},{'D4'},{'D6'},{'D7'},{'R3'},{'D3'},{'R2'},{'R1'},&,1.0,&
{'D5'},{'D2'},{'D1'},{'D4'},{'D6'},{'D7'},{'D3'},{'R2'},{'R3'},{'R1'},&,1.0,&
{'D5'},{'D2'},{'D1'},{'D4'},{'D6'},{'D3'},{'R3'},{'D7'},{'R2'},{'R1'},&,1.0,&
{'D5'},{'D2'},{'D1'},{'D4'},{'D6'},{'D3'},{'D7'},{'R1'},{'R2'},{'R3'},&,1.0,&
{'D5'},{'D2'},{'D1'},{'D4'},{'D6'},{'D3'},{'D7'},{'R1'},{'R3'},{'R2'},&,1.0,&
{'D5'},{'D2'},{'D1'},{'D4'},{'R3'},{'D6'},{'D7'},{'R2'},{'D3'},{'R1'},&,1.0,&
{'D5'},{'D2'},{'D1'},{'D4'},{'R2'},{'D6'},{'D3'},{'R3'},{'D7'},{'R1'},&,1.0,&
{'D5'},{'D2'},{'D7'},{'D1'},{'D3'},{'D6'},{'D4'},{'R1'},{'R3'},{'R2'},&,1.0,&
{'D5'},{'D2'},{'D7'},{'D1'},{'D3'},{'D6'},{'D4'},{'R2'},{'R3'},{'R1'},&,1.0,&
{'D5'},{'D2'},{'D7'},{'D1'},{'D3'},{'D6'},{'D4'},{'R3'},{'R2'},{'R1'},&,2.0,&
{'D5'},{'D2'},{'D7'},{'D1'},{'D3'},{'D6'},{'R1'},{'D4'},{'R3'},{'R2'},&,1.0,&
{'D5'},{'D2'},{'D7'},{'D1'},{'D3'},{'D4'},{'R3'},{'D6'},{'R2'},{'R1'},&,1.0,&
{'D5'},{'D2'},{'D7'},{'D1'},{'D3'},{'D4'},{'D6'},{'R1'},{'R2'},{'R3'},&,2.0,&
{'D5'},{'D2'},{'D7'},{'D1'},{'D6'},{'D4'},{'R3'},{'R2'},{'D3'},{'R1'},&,1.0,&
{'D5'},{'D2'},{'D7'},{'D1'},{'D6'},{'D4'},{'D3'},{'R3'},{'R2'},{'R1'},&,2.0,&
{'D5'},{'D2'},{'D7'},{'D1'},{'D6'},{'D4'},{'D3'},{'R3'},{'R1'},{'R2'},&,1.0,&
{'D5'},{'D2'},{'D7'},{'D1'},{'D6'},{'D3'},{'D4'},{'R2'},{'R3'},{'R1'},&,1.0,&
{'D5'},{'D2'},{'D7'},{'D1'},{'D6'},{'D3'},{'D4'},{'R3'},{'R2'},{'R1'},&,2.0,&
{'D5'},{'D2'},{'D7'},{'D1'},{'D6'},{'D3'},{'D4'},{'R3'},{'R1'},{'R2'},&,1.0,&
{'D5'},{'D2'},{'D7'},{'D1'},{'D6'},{'D3'},{'R2'},{'D4'},{'R1'},{'R3'},&,1.0,&
{'D5'},{'D2'},{'D7'},{'D1'},{'D4'},{'D6'},{'R3'},{'R1'},{'R2'},{'D3'},&,1.0,&
{'D5'},{'D2'},{'D7'},{'D1'},{'D4'},{'D6'},{'D3'},{'R3'},{'R1'},{'R2'},&,1.0,&
{'D5'},{'D2'},{'D7'},{'D1'},{'D4'},{'R1'},{'D3'},{'D6'},{'R2'},{'R3'},&,1.0,&
{'D5'},{'D2'},{'D7'},{'D1'},{'D4'},{'R1'},{'D3'},{'D6'},{'R3'},{'R2'},&,1.0,&
{'D5'},{'D2'},{'D7'},{'D3'},{'D1'},{'D6'},{'R3'},{'D4'},{'R2'},{'R1'},&,2.0,&
{'D5'},{'D2'},{'D7'},{'D3'},{'D1'},{'D6'},{'D4'},{'R1'},{'R2'},{'R3'},&,1.0,&
{'D5'},{'D2'},{'D7'},{'D3'},{'D1'},{'D6'},{'D4'},{'R1'},{'R3'},{'R2'},&,2.0,&
{'D5'},{'D2'},{'D7'},{'D3'},{'D1'},{'D6'},{'D4'},{'R2'},{'R3'},{'R1'},&,2.0,&
{'D5'},{'D2'},{'D7'},{'D3'},{'D1'},{'D6'},{'D4'},{'R2'},{'R1'},{'R3'},&,1.0,&
{'D5'},{'D2'},{'D7'},{'D3'},{'D1'},{'D6'},{'D4'},{'R3'},{'R1'},{'R2'},&,2.0,&
{'D5'},{'D2'},{'D7'},{'D3'},{'D1'},{'R1'},{'D4'},{'D6'},{'R2'},{'R3'},&,1.0,&
{'D5'},{'D2'},{'D7'},{'D3'},{'D6'},{'D4'},{'R3'},{'R1'},{'D1'},{'R2'},&,1.0,&
{'D5'},{'D2'},{'D7'},{'D3'},{'D6'},{'D4'},{'R3'},{'D1'},{'R2'},{'R1'},&,2.0,&
{'D5'},{'D2'},{'D7'},{'D3'},{'D6'},{'D4'},{'R3'},{'D1'},{'R1'},{'R2'},&,2.0,&
{'D5'},{'D2'},{'D7'},{'D3'},{'D6'},{'D4'},{'D1'},{'R1'},{'R3'},{'R2'},&,3.0,&
{'D5'},{'D2'},{'D7'},{'D3'},{'D6'},{'D4'},{'D1'},{'R2'},{'R3'},{'R1'},&,3.0,&
{'D5'},{'D2'},{'D7'},{'D3'},{'D6'},{'D4'},{'D1'},{'R3'},{'R2'},{'R1'},&,5.0,&
{'D5'},{'D2'},{'D7'},{'D3'},{'D6'},{'D4'},{'D1'},{'R3'},{'R1'},{'R2'},&,4.0,&
{'D5'},{'D2'},{'D7'},{'D3'},{'D6'},{'D4'},{'R2'},{'D1'},{'R3'},{'R1'},&,2.0,&
{'D5'},{'D2'},{'D7'},{'D3'},{'D6'},{'D4'},{'R1'},{'R3'},{'D1'},{'R2'},&,1.0,&
{'D5'},{'D2'},{'D7'},{'D3'},{'D6'},{'D1'},{'R3'},{'D4'},{'R1'},{'R2'},&,1.0,&
{'D5'},{'D2'},{'D7'},{'D3'},{'D6'},{'D1'},{'D4'},{'R1'},{'R2'},{'R3'},&,1.0,&
{'D5'},{'D2'},{'D7'},{'D3'},{'D6'},{'D1'},{'D4'},{'R1'},{'R3'},{'R2'},&,2.0,&
{'D5'},{'D2'},{'D7'},{'D3'},{'D6'},{'D1'},{'D4'},{'R2'},{'R3'},{'R1'},&,2.0,&
{'D5'},{'D2'},{'D7'},{'D3'},{'D6'},{'D1'},{'D4'},{'R2'},{'R1'},{'R3'},&,1.0,&
{'D5'},{'D2'},{'D7'},{'D3'},{'D6'},{'D1'},{'D4'},{'R3'},{'R1'},{'R2'},&,2.0,&
{'D5'},{'D2'},{'D7'},{'D3'},{'D6'},{'D1'},{'R2'},{'R3'},{'D4'},{'R1'},&,1.0,&
{'D5'},{'D2'},{'D7'},{'D3'},{'D6'},{'D1'},{'R1'},{'R2'},{'D4'},{'R3'},&,1.0,&
{'D5'},{'D2'},{'D7'},{'D3'},{'D6'},{'D1'},{'R1'},{'D4'},{'R3'},{'R2'},&,1.0,&
{'D5'},{'D2'},{'D7'},{'D3'},{'D6'},{'R2'},{'D1'},{'D4'},{'R3'},{'R1'},&,1.0,&
{'D5'},{'D2'},{'D7'},{'D3'},{'D6'},{'R1'},{'D1'},{'D4'},{'R3'},{'R2'},&,1.0,&
{'D5'},{'D2'},{'D7'},{'D3'},{'D6'},{'R3'},{'D4'},{'D1'},{'R2'},{'R1'},&,1.0,&
{'D5'},{'D2'},{'D7'},{'D3'},{'D6'},{'R3'},{'D4'},{'D1'},{'R1'},{'R2'},&,1.0,&
{'D5'},{'D2'},{'D7'},{'D3'},{'D4'},{'D6'},{'R3'},{'D1'},{'R1'},{'R2'},&,2.0,&
{'D5'},{'D2'},{'D7'},{'D3'},{'D4'},{'D6'},{'D1'},{'R1'},{'R3'},{'R2'},&,1.0,&
{'D5'},{'D2'},{'D7'},{'D3'},{'D4'},{'D6'},{'D1'},{'R2'},{'R3'},{'R1'},&,5.0,&
{'D5'},{'D2'},{'D7'},{'D3'},{'D4'},{'D6'},{'D1'},{'R3'},{'R2'},{'R1'},&,3.0,&
{'D5'},{'D2'},{'D7'},{'D3'},{'D4'},{'D6'},{'D1'},{'R3'},{'R1'},{'R2'},&,3.0,&
{'D5'},{'D2'},{'D7'},{'D3'},{'D4'},{'D1'},{'R3'},{'D6'},{'R1'},{'R2'},&,1.0,&
{'D5'},{'D2'},{'D7'},{'D3'},{'D4'},{'D1'},{'D6'},{'R2'},{'R3'},{'R1'},&,2.0,&
{'D5'},{'D2'},{'D7'},{'D3'},{'D4'},{'D1'},{'D6'},{'R2'},{'R1'},{'R3'},&,2.0,&
{'D5'},{'D2'},{'D7'},{'D3'},{'D4'},{'D1'},{'D6'},{'R3'},{'R1'},{'R2'},&,1.0,&
{'D5'},{'D2'},{'D7'},{'D3'},{'D4'},{'R3'},{'D6'},{'D1'},{'R1'},{'R2'},&,2.0,&
{'D5'},{'D2'},{'D7'},{'D6'},{'D1'},{'D4'},{'D3'},{'R1'},{'R2'},{'R3'},&,1.0,&
{'D5'},{'D2'},{'D7'},{'D6'},{'D1'},{'D3'},{'D4'},{'R1'},{'R2'},{'R3'},&,1.0,&
{'D5'},{'D2'},{'D7'},{'D6'},{'D1'},{'D3'},{'D4'},{'R1'},{'R3'},{'R2'},&,1.0,&
{'D5'},{'D2'},{'D7'},{'D6'},{'D1'},{'D3'},{'D4'},{'R2'},{'R3'},{'R1'},&,2.0,&
{'D5'},{'D2'},{'D7'},{'D6'},{'D1'},{'D3'},{'D4'},{'R3'},{'R2'},{'R1'},&,4.0,&
{'D5'},{'D2'},{'D7'},{'D6'},{'D1'},{'D3'},{'D4'},{'R3'},{'R1'},{'R2'},&,3.0,&
{'D5'},{'D2'},{'D7'},{'D6'},{'D1'},{'D3'},{'R2'},{'D4'},{'R1'},{'R3'},&,1.0,&
{'D5'},{'D2'},{'D7'},{'D6'},{'D1'},{'D3'},{'R1'},{'R3'},{'R2'},{'D4'},&,1.0,&
{'D5'},{'D2'},{'D7'},{'D6'},{'D1'},{'D3'},{'R1'},{'D4'},{'R3'},{'R2'},&,1.0,&
{'D5'},{'D2'},{'D7'},{'D6'},{'D1'},{'R3'},{'D4'},{'D3'},{'R1'},{'R2'},&,1.0,&
{'D5'},{'D2'},{'D7'},{'D6'},{'D1'},{'R3'},{'D3'},{'D4'},{'R2'},{'R1'},&,1.0,&
{'D5'},{'D2'},{'D7'},{'D6'},{'D1'},{'R3'},{'D3'},{'D4'},{'R1'},{'R2'},&,1.0,&
{'D5'},{'D2'},{'D7'},{'D6'},{'D3'},{'D4'},{'R3'},{'D1'},{'R2'},{'R1'},&,3.0,&
{'D5'},{'D2'},{'D7'},{'D6'},{'D3'},{'D4'},{'R3'},{'D1'},{'R1'},{'R2'},&,3.0,&
{'D5'},{'D2'},{'D7'},{'D6'},{'D3'},{'D4'},{'D1'},{'R1'},{'R3'},{'R2'},&,2.0,&
{'D5'},{'D2'},{'D7'},{'D6'},{'D3'},{'D4'},{'D1'},{'R2'},{'R3'},{'R1'},&,2.0,&
{'D5'},{'D2'},{'D7'},{'D6'},{'D3'},{'D4'},{'D1'},{'R3'},{'R2'},{'R1'},&,6.0,&
{'D5'},{'D2'},{'D7'},{'D6'},{'D3'},{'D4'},{'D1'},{'R3'},{'R1'},{'R2'},&,7.0,&
{'D5'},{'D2'},{'D7'},{'D6'},{'D3'},{'D4'},{'R2'},{'R3'},{'D1'},{'R1'},&,1.0,&
{'D5'},{'D2'},{'D7'},{'D6'},{'D3'},{'D4'},{'R2'},{'D1'},{'R3'},{'R1'},&,1.0,&
{'D5'},{'D2'},{'D7'},{'D6'},{'D3'},{'D4'},{'R1'},{'D1'},{'R2'},{'R3'},&,1.0,&
{'D5'},{'D2'},{'D7'},{'D6'},{'D3'},{'D1'},{'D4'},{'R1'},{'R2'},{'R3'},&,1.0,&
{'D5'},{'D2'},{'D7'},{'D6'},{'D3'},{'D1'},{'D4'},{'R2'},{'R3'},{'R1'},&,2.0,&
{'D5'},{'D2'},{'D7'},{'D6'},{'D3'},{'D1'},{'D4'},{'R3'},{'R2'},{'R1'},&,3.0,&
{'D5'},{'D2'},{'D7'},{'D6'},{'D3'},{'D1'},{'D4'},{'R3'},{'R1'},{'R2'},&,3.0,&
{'D5'},{'D2'},{'D7'},{'D6'},{'D3'},{'D1'},{'R1'},{'D4'},{'R2'},{'R3'},&,1.0,&
{'D5'},{'D2'},{'D7'},{'D6'},{'D3'},{'D1'},{'R1'},{'D4'},{'R3'},{'R2'},&,4.0,&
{'D5'},{'D2'},{'D7'},{'D6'},{'D3'},{'R1'},{'D4'},{'R2'},{'R3'},{'D1'},&,1.0,&
{'D5'},{'D2'},{'D7'},{'D6'},{'D3'},{'R1'},{'D4'},{'D1'},{'R3'},{'R2'},&,1.0,&
{'D5'},{'D2'},{'D7'},{'D6'},{'D3'},{'R3'},{'D1'},{'R1'},{'D4'},{'R2'},&,1.0,&
{'D5'},{'D2'},{'D7'},{'D6'},{'D3'},{'R3'},{'D1'},{'D4'},{'R1'},{'R2'},&,1.0,&
{'D5'},{'D2'},{'D7'},{'D6'},{'D3'},{'R3'},{'D4'},{'D1'},{'R1'},{'R2'},&,1.0,&
{'D5'},{'D2'},{'D7'},{'D6'},{'D4'},{'D1'},{'R3'},{'R2'},{'R1'},{'D3'},&,1.0,&
{'D5'},{'D2'},{'D7'},{'D6'},{'D4'},{'D1'},{'R3'},{'D3'},{'R2'},{'R1'},&,1.0,&
{'D5'},{'D2'},{'D7'},{'D6'},{'D4'},{'D1'},{'D3'},{'R1'},{'R2'},{'R3'},&,1.0,&
{'D5'},{'D2'},{'D7'},{'D6'},{'D4'},{'D1'},{'D3'},{'R2'},{'R3'},{'R1'},&,2.0,&
{'D5'},{'D2'},{'D7'},{'D6'},{'D4'},{'D3'},{'R3'},{'D1'},{'R2'},{'R1'},&,1.0,&
{'D5'},{'D2'},{'D7'},{'D6'},{'D4'},{'D3'},{'R3'},{'D1'},{'R1'},{'R2'},&,1.0,&
{'D5'},{'D2'},{'D7'},{'D6'},{'D4'},{'D3'},{'D1'},{'R1'},{'R3'},{'R2'},&,1.0,&
{'D5'},{'D2'},{'D7'},{'D6'},{'D4'},{'D3'},{'D1'},{'R2'},{'R3'},{'R1'},&,1.0,&
{'D5'},{'D2'},{'D7'},{'D6'},{'D4'},{'D3'},{'D1'},{'R3'},{'R2'},{'R1'},&,2.0,&
{'D5'},{'D2'},{'D7'},{'D6'},{'D4'},{'D3'},{'D1'},{'R3'},{'R1'},{'R2'},&,5.0,&
{'D5'},{'D2'},{'D7'},{'D6'},{'D4'},{'D3'},{'R2'},{'R3'},{'R1'},{'D1'},&,1.0,&
{'D5'},{'D2'},{'D7'},{'D6'},{'D4'},{'D3'},{'R1'},{'R2'},{'D1'},{'R3'},&,1.0,&
{'D5'},{'D2'},{'D7'},{'D6'},{'D4'},{'D3'},{'R1'},{'D1'},{'R2'},{'R3'},&,1.0,&
{'D5'},{'D2'},{'D7'},{'D6'},{'D4'},{'D3'},{'R1'},{'D1'},{'R3'},{'R2'},&,1.0,&
{'D5'},{'D2'},{'D7'},{'D6'},{'D4'},{'R2'},{'D3'},{'D1'},{'R3'},{'R1'},&,1.0,&
{'D5'},{'D2'},{'D7'},{'D6'},{'D4'},{'R3'},{'D3'},{'D1'},{'R1'},{'R2'},&,1.0,&
{'D5'},{'D2'},{'D7'},{'D4'},{'D1'},{'D6'},{'D3'},{'R1'},{'R2'},{'R3'},&,1.0,&
{'D5'},{'D2'},{'D7'},{'D4'},{'D1'},{'D6'},{'D3'},{'R3'},{'R1'},{'R2'},&,1.0,&
{'D5'},{'D2'},{'D7'},{'D4'},{'D1'},{'D3'},{'R3'},{'R2'},{'D6'},{'R1'},&,1.0,&
{'D5'},{'D2'},{'D7'},{'D4'},{'D1'},{'D3'},{'R3'},{'D6'},{'R1'},{'R2'},&,1.0,&
{'D5'},{'D2'},{'D7'},{'D4'},{'D1'},{'D3'},{'D6'},{'R3'},{'R2'},{'R1'},&,1.0,&
{'D5'},{'D2'},{'D7'},{'D4'},{'D1'},{'D3'},{'D6'},{'R3'},{'R1'},{'R2'},&,1.0,&
{'D5'},{'D2'},{'D7'},{'D4'},{'D3'},{'D6'},{'D1'},{'R1'},{'R3'},{'R2'},&,1.0,&
{'D5'},{'D2'},{'D7'},{'D4'},{'D3'},{'D6'},{'D1'},{'R3'},{'R2'},{'R1'},&,1.0,&
{'D5'},{'D2'},{'D7'},{'D4'},{'D3'},{'D6'},{'D1'},{'R3'},{'R1'},{'R2'},&,4.0,&
{'D5'},{'D2'},{'D7'},{'D4'},{'D3'},{'D6'},{'R2'},{'R3'},{'D1'},{'R1'},&,1.0,&
{'D5'},{'D2'},{'D7'},{'D4'},{'D3'},{'D1'},{'R3'},{'D6'},{'R2'},{'R1'},&,1.0,&
{'D5'},{'D2'},{'D7'},{'D4'},{'D3'},{'D1'},{'D6'},{'R1'},{'R2'},{'R3'},&,1.0,&
{'D5'},{'D2'},{'D7'},{'D4'},{'D3'},{'D1'},{'D6'},{'R1'},{'R3'},{'R2'},&,1.0,&
{'D5'},{'D2'},{'D7'},{'D4'},{'D3'},{'D1'},{'D6'},{'R3'},{'R2'},{'R1'},&,1.0,&
{'D5'},{'D2'},{'D7'},{'D4'},{'D3'},{'D1'},{'D6'},{'R3'},{'R1'},{'R2'},&,4.0,&
{'D5'},{'D2'},{'D7'},{'D4'},{'D6'},{'D1'},{'D3'},{'R3'},{'R2'},{'R1'},&,1.0,&
{'D5'},{'D2'},{'D7'},{'D4'},{'D6'},{'D3'},{'R3'},{'R2'},{'D1'},{'R1'},&,1.0,&
{'D5'},{'D2'},{'D7'},{'D4'},{'D6'},{'D3'},{'R3'},{'D1'},{'R1'},{'R2'},&,3.0,&
{'D5'},{'D2'},{'D7'},{'D4'},{'D6'},{'D3'},{'D1'},{'R1'},{'R2'},{'R3'},&,1.0,&
{'D5'},{'D2'},{'D7'},{'D4'},{'D6'},{'D3'},{'D1'},{'R1'},{'R3'},{'R2'},&,3.0,&
{'D5'},{'D2'},{'D7'},{'D4'},{'D6'},{'D3'},{'D1'},{'R2'},{'R3'},{'R1'},&,2.0,&
{'D5'},{'D2'},{'D7'},{'D4'},{'D6'},{'D3'},{'D1'},{'R2'},{'R1'},{'R3'},&,1.0,&
{'D5'},{'D2'},{'D7'},{'D4'},{'D6'},{'D3'},{'D1'},{'R3'},{'R1'},{'R2'},&,4.0,&
{'D5'},{'D2'},{'D7'},{'D4'},{'D6'},{'D3'},{'R1'},{'R3'},{'D1'},{'R2'},&,1.0,&
{'D5'},{'D2'},{'D7'},{'D4'},{'D6'},{'D3'},{'R1'},{'D1'},{'R3'},{'R2'},&,1.0,&
{'D5'},{'D2'},{'D7'},{'D4'},{'D6'},{'R2'},{'D1'},{'D3'},{'R3'},{'R1'},&,1.0,&
{'D5'},{'D2'},{'D7'},{'D4'},{'D6'},{'R3'},{'D3'},{'R1'},{'D1'},{'R2'},&,1.0,&
{'D5'},{'D7'},{'D4'},{'D1'},{'D2'},{'D6'},{'R3'},{'R1'},{'D3'},{'R2'},&,1.0,&
{'D5'},{'D7'},{'D4'},{'D1'},{'D2'},{'D6'},{'R3'},{'D3'},{'R1'},{'R2'},&,1.0,&
{'D5'},{'D7'},{'D4'},{'D1'},{'D2'},{'D6'},{'D3'},{'R1'},{'R3'},{'R2'},&,1.0,&
{'D5'},{'D7'},{'D4'},{'D1'},{'D2'},{'D6'},{'D3'},{'R3'},{'R1'},{'R2'},&,2.0,&
{'D5'},{'D7'},{'D4'},{'D1'},{'D2'},{'D3'},{'D6'},{'R1'},{'R3'},{'R2'},&,1.0,&
{'D5'},{'D7'},{'D4'},{'D1'},{'D2'},{'D3'},{'D6'},{'R2'},{'R3'},{'R1'},&,1.0,&
{'D5'},{'D7'},{'D4'},{'D1'},{'D2'},{'D3'},{'D6'},{'R3'},{'R1'},{'R2'},&,1.0,&
{'D5'},{'D7'},{'D4'},{'D1'},{'D3'},{'D6'},{'R3'},{'D2'},{'R2'},{'R1'},&,1.0,&
{'D5'},{'D7'},{'D4'},{'D1'},{'D3'},{'D6'},{'R3'},{'D2'},{'R1'},{'R2'},&,1.0,&
{'D5'},{'D7'},{'D4'},{'D1'},{'D3'},{'D6'},{'D2'},{'R1'},{'R2'},{'R3'},&,1.0,&
{'D5'},{'D7'},{'D4'},{'D1'},{'D3'},{'D6'},{'D2'},{'R1'},{'R3'},{'R2'},&,1.0,&
{'D5'},{'D7'},{'D4'},{'D1'},{'D3'},{'D6'},{'D2'},{'R2'},{'R3'},{'R1'},&,1.0,&
{'D5'},{'D7'},{'D4'},{'D1'},{'D3'},{'D6'},{'D2'},{'R2'},{'R1'},{'R3'},&,1.0,&
{'D5'},{'D7'},{'D4'},{'D1'},{'D3'},{'D6'},{'D2'},{'R3'},{'R2'},{'R1'},&,2.0,&
{'D5'},{'D7'},{'D4'},{'D1'},{'D3'},{'D6'},{'D2'},{'R3'},{'R1'},{'R2'},&,3.0,&
{'D5'},{'D7'},{'D4'},{'D1'},{'D3'},{'D6'},{'R2'},{'D2'},{'R3'},{'R1'},&,1.0,&
{'D5'},{'D7'},{'D4'},{'D1'},{'D3'},{'D6'},{'R2'},{'D2'},{'R1'},{'R3'},&,1.0,&
{'D5'},{'D7'},{'D4'},{'D1'},{'D3'},{'D6'},{'R1'},{'D2'},{'R3'},{'R2'},&,1.0,&
{'D5'},{'D7'},{'D4'},{'D1'},{'D3'},{'D2'},{'R3'},{'D6'},{'R2'},{'R1'},&,1.0,&
{'D5'},{'D7'},{'D4'},{'D1'},{'D3'},{'D2'},{'R2'},{'D6'},{'R1'},{'R3'},&,1.0,&
{'D5'},{'D7'},{'D4'},{'D1'},{'D3'},{'D2'},{'D6'},{'R1'},{'R3'},{'R2'},&,2.0,&
{'D5'},{'D7'},{'D4'},{'D1'},{'D3'},{'D2'},{'D6'},{'R3'},{'R1'},{'R2'},&,3.0,&
{'D5'},{'D7'},{'D4'},{'D1'},{'D3'},{'D2'},{'R1'},{'D6'},{'R3'},{'R2'},&,1.0,&
{'D5'},{'D7'},{'D4'},{'D1'},{'D3'},{'R2'},{'R3'},{'D2'},{'D6'},{'R1'},&,1.0,&
{'D5'},{'D7'},{'D4'},{'D1'},{'D6'},{'D2'},{'R3'},{'D3'},{'R2'},{'R1'},&,1.0,&
{'D5'},{'D7'},{'D4'},{'D1'},{'D6'},{'D2'},{'D3'},{'R2'},{'R3'},{'R1'},&,1.0,&
{'D5'},{'D7'},{'D4'},{'D1'},{'D6'},{'D2'},{'D3'},{'R3'},{'R2'},{'R1'},&,3.0,&
{'D5'},{'D7'},{'D4'},{'D1'},{'D6'},{'D2'},{'D3'},{'R3'},{'R1'},{'R2'},&,1.0,&
{'D5'},{'D7'},{'D4'},{'D1'},{'D6'},{'D2'},{'R1'},{'D3'},{'R3'},{'R2'},&,1.0,&
{'D5'},{'D7'},{'D4'},{'D1'},{'D6'},{'D3'},{'R3'},{'D2'},{'R2'},{'R1'},&,4.0,&
{'D5'},{'D7'},{'D4'},{'D1'},{'D6'},{'D3'},{'R3'},{'R2'},{'D2'},{'R1'},&,2.0,&
{'D5'},{'D7'},{'D4'},{'D1'},{'D6'},{'D3'},{'D2'},{'R1'},{'R2'},{'R3'},&,1.0,&
{'D5'},{'D7'},{'D4'},{'D1'},{'D6'},{'D3'},{'D2'},{'R1'},{'R3'},{'R2'},&,3.0,&
{'D5'},{'D7'},{'D4'},{'D1'},{'D6'},{'D3'},{'D2'},{'R2'},{'R3'},{'R1'},&,1.0,&
{'D5'},{'D7'},{'D4'},{'D1'},{'D6'},{'D3'},{'D2'},{'R2'},{'R1'},{'R3'},&,1.0,&
{'D5'},{'D7'},{'D4'},{'D1'},{'D6'},{'D3'},{'D2'},{'R3'},{'R2'},{'R1'},&,2.0,&
{'D5'},{'D7'},{'D4'},{'D1'},{'D6'},{'D3'},{'D2'},{'R3'},{'R1'},{'R2'},&,3.0,&
{'D5'},{'D7'},{'D4'},{'D1'},{'D6'},{'D3'},{'R2'},{'R3'},{'D2'},{'R1'},&,1.0,&
{'D5'},{'D7'},{'D4'},{'D1'},{'D6'},{'D3'},{'R1'},{'D2'},{'R3'},{'R2'},&,1.0,&
{'D5'},{'D7'},{'D4'},{'D2'},{'D1'},{'D6'},{'D3'},{'R2'},{'R3'},{'R1'},&,1.0,&
{'D5'},{'D7'},{'D4'},{'D2'},{'D1'},{'D6'},{'D3'},{'R2'},{'R1'},{'R3'},&,1.0,&
{'D5'},{'D7'},{'D4'},{'D2'},{'D1'},{'D6'},{'D3'},{'R3'},{'R2'},{'R1'},&,1.0,&
{'D5'},{'D7'},{'D4'},{'D2'},{'D1'},{'D6'},{'D3'},{'R3'},{'R1'},{'R2'},&,2.0,&
{'D5'},{'D7'},{'D4'},{'D2'},{'D1'},{'D3'},{'D6'},{'R1'},{'R3'},{'R2'},&,1.0,&
{'D5'},{'D7'},{'D4'},{'D2'},{'D1'},{'D3'},{'D6'},{'R3'},{'R2'},{'R1'},&,1.0,&
{'D5'},{'D7'},{'D4'},{'D2'},{'D1'},{'R2'},{'D6'},{'D3'},{'R1'},{'R3'},&,2.0,&
{'D5'},{'D7'},{'D4'},{'D2'},{'D3'},{'D6'},{'R3'},{'D1'},{'R1'},{'R2'},&,2.0,&
{'D5'},{'D7'},{'D4'},{'D2'},{'D3'},{'D6'},{'D1'},{'R1'},{'R2'},{'R3'},&,2.0,&
{'D5'},{'D7'},{'D4'},{'D2'},{'D3'},{'D6'},{'D1'},{'R1'},{'R3'},{'R2'},&,2.0,&
{'D5'},{'D7'},{'D4'},{'D2'},{'D3'},{'D6'},{'D1'},{'R2'},{'R3'},{'R1'},&,2.0,&
{'D5'},{'D7'},{'D4'},{'D2'},{'D3'},{'D6'},{'D1'},{'R3'},{'R2'},{'R1'},&,3.0,&
{'D5'},{'D7'},{'D4'},{'D2'},{'D3'},{'D6'},{'D1'},{'R3'},{'R1'},{'R2'},&,4.0,&
{'D5'},{'D7'},{'D4'},{'D2'},{'D3'},{'D1'},{'R3'},{'D6'},{'R1'},{'R2'},&,3.0,&
{'D5'},{'D7'},{'D4'},{'D2'},{'D3'},{'D1'},{'D6'},{'R1'},{'R3'},{'R2'},&,2.0,&
{'D5'},{'D7'},{'D4'},{'D2'},{'D3'},{'D1'},{'D6'},{'R3'},{'R2'},{'R1'},&,2.0,&
{'D5'},{'D7'},{'D4'},{'D2'},{'D3'},{'D1'},{'D6'},{'R3'},{'R1'},{'R2'},&,1.0,&
{'D5'},{'D7'},{'D4'},{'D2'},{'D3'},{'R2'},{'D6'},{'R1'},{'D1'},{'R3'},&,1.0,&
{'D5'},{'D7'},{'D4'},{'D2'},{'D3'},{'R2'},{'D6'},{'D1'},{'R3'},{'R1'},&,2.0,&
{'D5'},{'D7'},{'D4'},{'D2'},{'D6'},{'D1'},{'D3'},{'R1'},{'R3'},{'R2'},&,2.0,&
{'D5'},{'D7'},{'D4'},{'D2'},{'D6'},{'D1'},{'D3'},{'R3'},{'R2'},{'R1'},&,1.0,&
{'D5'},{'D7'},{'D4'},{'D2'},{'D6'},{'D1'},{'D3'},{'R3'},{'R1'},{'R2'},&,2.0,&
{'D5'},{'D7'},{'D4'},{'D2'},{'D6'},{'D3'},{'R3'},{'D1'},{'R2'},{'R1'},&,1.0,&
{'D5'},{'D7'},{'D4'},{'D2'},{'D6'},{'D3'},{'R3'},{'D1'},{'R1'},{'R2'},&,1.0,&
{'D5'},{'D7'},{'D4'},{'D2'},{'D6'},{'D3'},{'D1'},{'R1'},{'R3'},{'R2'},&,1.0,&
{'D5'},{'D7'},{'D4'},{'D2'},{'D6'},{'D3'},{'D1'},{'R2'},{'R3'},{'R1'},&,1.0,&
{'D5'},{'D7'},{'D4'},{'D2'},{'D6'},{'D3'},{'D1'},{'R2'},{'R1'},{'R3'},&,1.0,&
{'D5'},{'D7'},{'D4'},{'D2'},{'D6'},{'D3'},{'D1'},{'R3'},{'R2'},{'R1'},&,4.0,&
{'D5'},{'D7'},{'D4'},{'D2'},{'D6'},{'D3'},{'D1'},{'R3'},{'R1'},{'R2'},&,5.0,&
{'D5'},{'D7'},{'D4'},{'D2'},{'D6'},{'D3'},{'R2'},{'D1'},{'R1'},{'R3'},&,1.0,&
{'D5'},{'D7'},{'D4'},{'D2'},{'D6'},{'D3'},{'R1'},{'D1'},{'R2'},{'R3'},&,1.0,&
{'D5'},{'D7'},{'D4'},{'D2'},{'D6'},{'R1'},{'D3'},{'D1'},{'R2'},{'R3'},&,1.0,&
{'D5'},{'D7'},{'D4'},{'D3'},{'D1'},{'D6'},{'R3'},{'D2'},{'R2'},{'R1'},&,1.0,&
{'D5'},{'D7'},{'D4'},{'D3'},{'D1'},{'D6'},{'R3'},{'D2'},{'R1'},{'R2'},&,1.0,&
{'D5'},{'D7'},{'D4'},{'D3'},{'D1'},{'D6'},{'R3'},{'R1'},{'D2'},{'R2'},&,1.0,&
{'D5'},{'D7'},{'D4'},{'D3'},{'D1'},{'D6'},{'D2'},{'R1'},{'R3'},{'R2'},&,1.0,&
{'D5'},{'D7'},{'D4'},{'D3'},{'D1'},{'D6'},{'D2'},{'R2'},{'R3'},{'R1'},&,1.0,&
{'D5'},{'D7'},{'D4'},{'D3'},{'D1'},{'D6'},{'D2'},{'R2'},{'R1'},{'R3'},&,1.0,&
{'D5'},{'D7'},{'D4'},{'D3'},{'D1'},{'D6'},{'D2'},{'R3'},{'R2'},{'R1'},&,5.0,&
{'D5'},{'D7'},{'D4'},{'D3'},{'D1'},{'D6'},{'D2'},{'R3'},{'R1'},{'R2'},&,4.0,&
{'D5'},{'D7'},{'D4'},{'D3'},{'D1'},{'D6'},{'R2'},{'R3'},{'D2'},{'R1'},&,2.0,&
{'D5'},{'D7'},{'D4'},{'D3'},{'D1'},{'D6'},{'R1'},{'D2'},{'R3'},{'R2'},&,1.0,&
{'D5'},{'D7'},{'D4'},{'D3'},{'D1'},{'D2'},{'R3'},{'R1'},{'R2'},{'D6'},&,1.0,&
{'D5'},{'D7'},{'D4'},{'D3'},{'D1'},{'D2'},{'R3'},{'D6'},{'R2'},{'R1'},&,1.0,&
{'D5'},{'D7'},{'D4'},{'D3'},{'D1'},{'D2'},{'D6'},{'R1'},{'R2'},{'R3'},&,1.0,&
{'D5'},{'D7'},{'D4'},{'D3'},{'D1'},{'D2'},{'D6'},{'R3'},{'R1'},{'R2'},&,1.0,&
{'D5'},{'D7'},{'D4'},{'D3'},{'D1'},{'D2'},{'R1'},{'D6'},{'R3'},{'R2'},&,2.0,&
{'D5'},{'D7'},{'D4'},{'D3'},{'D1'},{'R2'},{'D6'},{'D2'},{'R3'},{'R1'},&,1.0,&
{'D5'},{'D7'},{'D4'},{'D3'},{'D1'},{'R1'},{'D6'},{'D2'},{'R3'},{'R2'},&,1.0,&
{'D5'},{'D7'},{'D4'},{'D3'},{'D1'},{'R3'},{'D2'},{'D6'},{'R2'},{'R1'},&,1.0,&
{'D5'},{'D7'},{'D4'},{'D3'},{'D1'},{'R3'},{'D6'},{'D2'},{'R2'},{'R1'},&,1.0,&
{'D5'},{'D7'},{'D4'},{'D3'},{'D2'},{'D6'},{'R3'},{'R2'},{'R1'},{'D1'},&,1.0,&
{'D5'},{'D7'},{'D4'},{'D3'},{'D2'},{'D6'},{'R3'},{'R2'},{'D1'},{'R1'},&,1.0,&
{'D5'},{'D7'},{'D4'},{'D3'},{'D2'},{'D6'},{'R3'},{'D1'},{'R2'},{'R1'},&,1.0,&
{'D5'},{'D7'},{'D4'},{'D3'},{'D2'},{'D6'},{'D1'},{'R1'},{'R2'},{'R3'},&,1.0,&
{'D5'},{'D7'},{'D4'},{'D3'},{'D2'},{'D6'},{'D1'},{'R1'},{'R3'},{'R2'},&,1.0,&
{'D5'},{'D7'},{'D4'},{'D3'},{'D2'},{'D6'},{'D1'},{'R2'},{'R3'},{'R1'},&,2.0,&
{'D5'},{'D7'},{'D4'},{'D3'},{'D2'},{'D6'},{'D1'},{'R2'},{'R1'},{'R3'},&,2.0,&
{'D5'},{'D7'},{'D4'},{'D3'},{'D2'},{'D6'},{'D1'},{'R3'},{'R2'},{'R1'},&,1.0,&
{'D5'},{'D7'},{'D4'},{'D3'},{'D2'},{'D6'},{'D1'},{'R3'},{'R1'},{'R2'},&,5.0,&
{'D5'},{'D7'},{'D4'},{'D3'},{'D2'},{'D6'},{'R2'},{'R1'},{'D1'},{'R3'},&,1.0,&
{'D5'},{'D7'},{'D4'},{'D3'},{'D2'},{'D6'},{'R2'},{'D1'},{'R1'},{'R3'},&,1.0,&
{'D5'},{'D7'},{'D4'},{'D3'},{'D2'},{'D6'},{'R1'},{'D1'},{'R2'},{'R3'},&,1.0,&
{'D5'},{'D7'},{'D4'},{'D3'},{'D2'},{'D6'},{'R1'},{'D1'},{'R3'},{'R2'},&,1.0,&
{'D5'},{'D7'},{'D4'},{'D3'},{'D2'},{'D1'},{'R3'},{'D6'},{'R2'},{'R1'},&,2.0,&
{'D5'},{'D7'},{'D4'},{'D3'},{'D2'},{'D1'},{'R3'},{'D6'},{'R1'},{'R2'},&,1.0,&
{'D5'},{'D7'},{'D4'},{'D3'},{'D2'},{'D1'},{'D6'},{'R1'},{'R2'},{'R3'},&,2.0,&
{'D5'},{'D7'},{'D4'},{'D3'},{'D2'},{'D1'},{'D6'},{'R2'},{'R3'},{'R1'},&,1.0,&
{'D5'},{'D7'},{'D4'},{'D3'},{'D2'},{'D1'},{'D6'},{'R3'},{'R1'},{'R2'},&,3.0,&
{'D5'},{'D7'},{'D4'},{'D3'},{'D2'},{'D1'},{'R1'},{'D6'},{'R3'},{'R2'},&,1.0,&
{'D5'},{'D7'},{'D4'},{'D3'},{'D2'},{'R1'},{'D6'},{'D1'},{'R3'},{'R2'},&,1.0,&
{'D5'},{'D7'},{'D4'},{'D3'},{'D6'},{'D1'},{'R3'},{'D2'},{'R2'},{'R1'},&,2.0,&
{'D5'},{'D7'},{'D4'},{'D3'},{'D6'},{'D1'},{'R3'},{'D2'},{'R1'},{'R2'},&,5.0,&
{'D5'},{'D7'},{'D4'},{'D3'},{'D6'},{'D1'},{'D2'},{'R1'},{'R2'},{'R3'},&,3.0,&
{'D5'},{'D7'},{'D4'},{'D3'},{'D6'},{'D1'},{'D2'},{'R1'},{'R3'},{'R2'},&,8.0,&
{'D5'},{'D7'},{'D4'},{'D3'},{'D6'},{'D1'},{'D2'},{'R2'},{'R3'},{'R1'},&,6.0,&
{'D5'},{'D7'},{'D4'},{'D3'},{'D6'},{'D1'},{'D2'},{'R2'},{'R1'},{'R3'},&,1.0,&
{'D5'},{'D7'},{'D4'},{'D3'},{'D6'},{'D1'},{'D2'},{'R3'},{'R2'},{'R1'},&,6.0,&
{'D5'},{'D7'},{'D4'},{'D3'},{'D6'},{'D1'},{'D2'},{'R3'},{'R1'},{'R2'},&,14.0,&
{'D5'},{'D7'},{'D4'},{'D3'},{'D6'},{'D1'},{'R2'},{'D2'},{'R3'},{'R1'},&,3.0,&
{'D5'},{'D7'},{'D4'},{'D3'},{'D6'},{'D1'},{'R1'},{'R3'},{'D2'},{'R2'},&,1.0,&
{'D5'},{'D7'},{'D4'},{'D3'},{'D6'},{'D2'},{'R3'},{'R1'},{'D1'},{'R2'},&,1.0,&
{'D5'},{'D7'},{'D4'},{'D3'},{'D6'},{'D2'},{'R3'},{'D1'},{'R1'},{'R2'},&,5.0,&
{'D5'},{'D7'},{'D4'},{'D3'},{'D6'},{'D2'},{'D1'},{'R1'},{'R2'},{'R3'},&,1.0,&
{'D5'},{'D7'},{'D4'},{'D3'},{'D6'},{'D2'},{'D1'},{'R1'},{'R3'},{'R2'},&,6.0,&
{'D5'},{'D7'},{'D4'},{'D3'},{'D6'},{'D2'},{'D1'},{'R2'},{'R3'},{'R1'},&,8.0,&
{'D5'},{'D7'},{'D4'},{'D3'},{'D6'},{'D2'},{'D1'},{'R3'},{'R2'},{'R1'},&,8.0,&
{'D5'},{'D7'},{'D4'},{'D3'},{'D6'},{'D2'},{'D1'},{'R3'},{'R1'},{'R2'},&,5.0,&
{'D5'},{'D7'},{'D4'},{'D3'},{'D6'},{'D2'},{'R2'},{'R3'},{'D1'},{'R1'},&,1.0,&
{'D5'},{'D7'},{'D4'},{'D3'},{'D6'},{'D2'},{'R2'},{'D1'},{'R3'},{'R1'},&,1.0,&
{'D5'},{'D7'},{'D4'},{'D3'},{'D6'},{'D2'},{'R1'},{'D1'},{'R3'},{'R2'},&,1.0,&
{'D5'},{'D7'},{'D4'},{'D3'},{'D6'},{'R2'},{'D2'},{'D1'},{'R3'},{'R1'},&,1.0,&
{'D5'},{'D7'},{'D4'},{'D3'},{'D6'},{'R2'},{'D1'},{'D2'},{'R3'},{'R1'},&,1.0,&
{'D5'},{'D7'},{'D4'},{'D3'},{'D6'},{'R3'},{'D2'},{'R1'},{'D1'},{'R2'},&,1.0,&
{'D5'},{'D7'},{'D4'},{'D3'},{'D6'},{'R3'},{'D2'},{'D1'},{'R1'},{'R2'},&,2.0,&
{'D5'},{'D7'},{'D4'},{'D3'},{'D6'},{'R3'},{'D1'},{'D2'},{'R2'},{'R1'},&,3.0,&
{'D5'},{'D7'},{'D4'},{'D3'},{'R3'},{'D6'},{'D1'},{'D2'},{'R2'},{'R1'},&,1.0,&
{'D5'},{'D7'},{'D4'},{'D3'},{'R3'},{'D1'},{'D2'},{'D6'},{'R1'},{'R2'},&,1.0,&
{'D5'},{'D7'},{'D4'},{'D3'},{'R2'},{'D6'},{'D2'},{'R1'},{'D1'},{'R3'},&,1.0,&
{'D5'},{'D7'},{'D4'},{'D3'},{'R2'},{'D6'},{'D1'},{'D2'},{'R3'},{'R1'},&,1.0,&
{'D5'},{'D7'},{'D4'},{'D6'},{'D1'},{'D2'},{'D3'},{'R1'},{'R2'},{'R3'},&,1.0,&
{'D5'},{'D7'},{'D4'},{'D6'},{'D1'},{'D2'},{'D3'},{'R1'},{'R3'},{'R2'},&,2.0,&
{'D5'},{'D7'},{'D4'},{'D6'},{'D1'},{'D2'},{'D3'},{'R2'},{'R3'},{'R1'},&,1.0,&
{'D5'},{'D7'},{'D4'},{'D6'},{'D1'},{'D2'},{'D3'},{'R3'},{'R2'},{'R1'},&,3.0,&
{'D5'},{'D7'},{'D4'},{'D6'},{'D1'},{'D2'},{'D3'},{'R3'},{'R1'},{'R2'},&,2.0,&
{'D5'},{'D7'},{'D4'},{'D6'},{'D1'},{'D3'},{'R3'},{'D2'},{'R2'},{'R1'},&,1.0,&
{'D5'},{'D7'},{'D4'},{'D6'},{'D1'},{'D3'},{'D2'},{'R1'},{'R2'},{'R3'},&,1.0,&
{'D5'},{'D7'},{'D4'},{'D6'},{'D1'},{'D3'},{'D2'},{'R1'},{'R3'},{'R2'},&,1.0,&
{'D5'},{'D7'},{'D4'},{'D6'},{'D1'},{'D3'},{'D2'},{'R2'},{'R3'},{'R1'},&,1.0,&
{'D5'},{'D7'},{'D4'},{'D6'},{'D1'},{'D3'},{'D2'},{'R2'},{'R1'},{'R3'},&,2.0,&
{'D5'},{'D7'},{'D4'},{'D6'},{'D1'},{'D3'},{'D2'},{'R3'},{'R2'},{'R1'},&,6.0,&
{'D5'},{'D7'},{'D4'},{'D6'},{'D1'},{'D3'},{'D2'},{'R3'},{'R1'},{'R2'},&,4.0,&
{'D5'},{'D7'},{'D4'},{'D6'},{'D1'},{'D3'},{'R2'},{'D2'},{'R3'},{'R1'},&,1.0,&
{'D5'},{'D7'},{'D4'},{'D6'},{'D1'},{'D3'},{'R2'},{'R3'},{'D2'},{'R1'},&,2.0,&
{'D5'},{'D7'},{'D4'},{'D6'},{'D1'},{'D3'},{'R1'},{'D2'},{'R3'},{'R2'},&,1.0,&
{'D5'},{'D7'},{'D4'},{'D6'},{'D1'},{'R1'},{'D3'},{'R3'},{'D2'},{'R2'},&,1.0,&
{'D5'},{'D7'},{'D4'},{'D6'},{'D1'},{'R3'},{'D3'},{'R2'},{'D2'},{'R1'},&,1.0,&
{'D5'},{'D7'},{'D4'},{'D6'},{'D1'},{'R3'},{'R1'},{'D2'},{'R2'},{'D3'},&,1.0,&
{'D5'},{'D7'},{'D4'},{'D6'},{'D2'},{'D1'},{'R3'},{'R2'},{'R1'},{'D3'},&,1.0,&
{'D5'},{'D7'},{'D4'},{'D6'},{'D2'},{'D1'},{'R3'},{'D3'},{'R2'},{'R1'},&,1.0,&
{'D5'},{'D7'},{'D4'},{'D6'},{'D2'},{'D1'},{'D3'},{'R1'},{'R3'},{'R2'},&,1.0,&
{'D5'},{'D7'},{'D4'},{'D6'},{'D2'},{'D1'},{'D3'},{'R3'},{'R1'},{'R2'},&,2.0,&
{'D5'},{'D7'},{'D4'},{'D6'},{'D2'},{'D3'},{'R3'},{'D1'},{'R1'},{'R2'},&,2.0,&
{'D5'},{'D7'},{'D4'},{'D6'},{'D2'},{'D3'},{'D1'},{'R1'},{'R3'},{'R2'},&,6.0,&
{'D5'},{'D7'},{'D4'},{'D6'},{'D2'},{'D3'},{'D1'},{'R2'},{'R3'},{'R1'},&,4.0,&
{'D5'},{'D7'},{'D4'},{'D6'},{'D2'},{'D3'},{'D1'},{'R3'},{'R2'},{'R1'},&,5.0,&
{'D5'},{'D7'},{'D4'},{'D6'},{'D2'},{'D3'},{'D1'},{'R3'},{'R1'},{'R2'},&,1.0,&
{'D5'},{'D7'},{'D4'},{'D6'},{'D2'},{'D3'},{'R2'},{'D1'},{'R3'},{'R1'},&,1.0,&
{'D5'},{'D7'},{'D4'},{'D6'},{'D2'},{'R2'},{'D3'},{'D1'},{'R3'},{'R1'},&,1.0,&
{'D5'},{'D7'},{'D4'},{'D6'},{'D2'},{'R3'},{'D3'},{'D1'},{'R1'},{'R2'},&,1.0,&
{'D5'},{'D7'},{'D4'},{'D6'},{'D3'},{'D1'},{'R3'},{'D2'},{'R2'},{'R1'},&,1.0,&
{'D5'},{'D7'},{'D4'},{'D6'},{'D3'},{'D1'},{'R3'},{'D2'},{'R1'},{'R2'},&,1.0,&
{'D5'},{'D7'},{'D4'},{'D6'},{'D3'},{'D1'},{'R3'},{'R1'},{'D2'},{'R2'},&,1.0,&
{'D5'},{'D7'},{'D4'},{'D6'},{'D3'},{'D1'},{'R3'},{'R2'},{'R1'},{'D2'},&,1.0,&
{'D5'},{'D7'},{'D4'},{'D6'},{'D3'},{'D1'},{'R3'},{'R2'},{'D2'},{'R1'},&,1.0,&
{'D5'},{'D7'},{'D4'},{'D6'},{'D3'},{'D1'},{'D2'},{'R1'},{'R2'},{'R3'},&,2.0,&
{'D5'},{'D7'},{'D4'},{'D6'},{'D3'},{'D1'},{'D2'},{'R1'},{'R3'},{'R2'},&,4.0,&
{'D5'},{'D7'},{'D4'},{'D6'},{'D3'},{'D1'},{'D2'},{'R2'},{'R3'},{'R1'},&,5.0,&
{'D5'},{'D7'},{'D4'},{'D6'},{'D3'},{'D1'},{'D2'},{'R2'},{'R1'},{'R3'},&,3.0,&
{'D5'},{'D7'},{'D4'},{'D6'},{'D3'},{'D1'},{'D2'},{'R3'},{'R2'},{'R1'},&,12.0,&
{'D5'},{'D7'},{'D4'},{'D6'},{'D3'},{'D1'},{'D2'},{'R3'},{'R1'},{'R2'},&,8.0,&
{'D5'},{'D7'},{'D4'},{'D6'},{'D3'},{'D1'},{'R2'},{'D2'},{'R3'},{'R1'},&,4.0,&
{'D5'},{'D7'},{'D4'},{'D6'},{'D3'},{'D1'},{'R2'},{'D2'},{'R1'},{'R3'},&,1.0,&
{'D5'},{'D7'},{'D4'},{'D6'},{'D3'},{'D1'},{'R2'},{'R1'},{'R3'},{'D2'},&,1.0,&
{'D5'},{'D7'},{'D4'},{'D6'},{'D3'},{'D1'},{'R2'},{'R3'},{'R1'},{'D2'},&,1.0,&
{'D5'},{'D7'},{'D4'},{'D6'},{'D3'},{'D1'},{'R2'},{'R3'},{'D2'},{'R1'},&,1.0,&
{'D5'},{'D7'},{'D4'},{'D6'},{'D3'},{'D1'},{'R1'},{'D2'},{'R3'},{'R2'},&,3.0,&
{'D5'},{'D7'},{'D4'},{'D6'},{'D3'},{'D2'},{'R3'},{'R1'},{'D1'},{'R2'},&,2.0,&
{'D5'},{'D7'},{'D4'},{'D6'},{'D3'},{'D2'},{'R3'},{'D1'},{'R2'},{'R1'},&,3.0,&
{'D5'},{'D7'},{'D4'},{'D6'},{'D3'},{'D2'},{'D1'},{'R1'},{'R2'},{'R3'},&,1.0,&
{'D5'},{'D7'},{'D4'},{'D6'},{'D3'},{'D2'},{'D1'},{'R1'},{'R3'},{'R2'},&,5.0,&
{'D5'},{'D7'},{'D4'},{'D6'},{'D3'},{'D2'},{'D1'},{'R2'},{'R3'},{'R1'},&,6.0,&
{'D5'},{'D7'},{'D4'},{'D6'},{'D3'},{'D2'},{'D1'},{'R2'},{'R1'},{'R3'},&,2.0,&
{'D5'},{'D7'},{'D4'},{'D6'},{'D3'},{'D2'},{'D1'},{'R3'},{'R2'},{'R1'},&,7.0,&
{'D5'},{'D7'},{'D4'},{'D6'},{'D3'},{'D2'},{'D1'},{'R3'},{'R1'},{'R2'},&,16.0,&
{'D5'},{'D7'},{'D4'},{'D6'},{'D3'},{'D2'},{'R2'},{'D1'},{'R3'},{'R1'},&,2.0,&
{'D5'},{'D7'},{'D4'},{'D6'},{'D3'},{'D2'},{'R2'},{'D1'},{'R1'},{'R3'},&,1.0,&
{'D5'},{'D7'},{'D4'},{'D6'},{'D3'},{'D2'},{'R1'},{'D1'},{'R2'},{'R3'},&,1.0,&
{'D5'},{'D7'},{'D4'},{'D6'},{'D3'},{'D2'},{'R1'},{'D1'},{'R3'},{'R2'},&,3.0,&
{'D5'},{'D7'},{'D4'},{'D6'},{'D3'},{'R2'},{'D2'},{'D1'},{'R3'},{'R1'},&,1.0,&
{'D5'},{'D7'},{'D4'},{'D6'},{'D3'},{'R2'},{'D1'},{'D2'},{'R3'},{'R1'},&,1.0,&
{'D5'},{'D7'},{'D4'},{'D6'},{'D3'},{'R1'},{'R3'},{'D1'},{'D2'},{'R2'},&,1.0,&
{'D5'},{'D7'},{'D4'},{'D6'},{'D3'},{'R1'},{'D1'},{'D2'},{'R3'},{'R2'},&,1.0,&
{'D5'},{'D7'},{'D4'},{'D6'},{'D3'},{'R3'},{'D2'},{'D1'},{'R1'},{'R2'},&,1.0,&
{'D5'},{'D7'},{'D4'},{'D6'},{'R3'},{'D3'},{'D2'},{'D1'},{'R2'},{'R1'},&,1.0,&
{'D5'},{'D7'},{'D4'},{'D6'},{'R3'},{'D3'},{'D2'},{'D1'},{'R1'},{'R2'},&,2.0,&
{'D5'},{'D7'},{'D4'},{'D6'},{'R1'},{'D3'},{'D1'},{'D2'},{'R3'},{'R2'},&,1.0,&
{'D5'},{'D7'},{'D3'},{'D1'},{'D2'},{'D6'},{'R3'},{'D4'},{'R2'},{'R1'},&,2.0,&
{'D5'},{'D7'},{'D3'},{'D1'},{'D2'},{'D6'},{'D4'},{'R1'},{'R2'},{'R3'},&,2.0,&
{'D5'},{'D7'},{'D3'},{'D1'},{'D2'},{'D6'},{'D4'},{'R1'},{'R3'},{'R2'},&,3.0,&
{'D5'},{'D7'},{'D3'},{'D1'},{'D2'},{'D6'},{'D4'},{'R2'},{'R3'},{'R1'},&,2.0,&
{'D5'},{'D7'},{'D3'},{'D1'},{'D2'},{'D6'},{'D4'},{'R2'},{'R1'},{'R3'},&,1.0,&
{'D5'},{'D7'},{'D3'},{'D1'},{'D2'},{'D6'},{'D4'},{'R3'},{'R2'},{'R1'},&,2.0,&
{'D5'},{'D7'},{'D3'},{'D1'},{'D2'},{'D6'},{'D4'},{'R3'},{'R1'},{'R2'},&,3.0,&
{'D5'},{'D7'},{'D3'},{'D1'},{'D2'},{'D6'},{'R2'},{'R3'},{'D4'},{'R1'},&,1.0,&
{'D5'},{'D7'},{'D3'},{'D1'},{'D2'},{'D6'},{'R2'},{'D4'},{'R3'},{'R1'},&,2.0,&
{'D5'},{'D7'},{'D3'},{'D1'},{'D2'},{'D4'},{'R3'},{'R1'},{'D6'},{'R2'},&,2.0,&
{'D5'},{'D7'},{'D3'},{'D1'},{'D2'},{'D4'},{'R2'},{'D6'},{'R3'},{'R1'},&,1.0,&
{'D5'},{'D7'},{'D3'},{'D1'},{'D2'},{'D4'},{'D6'},{'R2'},{'R3'},{'R1'},&,1.0,&
{'D5'},{'D7'},{'D3'},{'D1'},{'D2'},{'D4'},{'D6'},{'R2'},{'R1'},{'R3'},&,1.0,&
{'D5'},{'D7'},{'D3'},{'D1'},{'D2'},{'D4'},{'D6'},{'R3'},{'R2'},{'R1'},&,1.0,&
{'D5'},{'D7'},{'D3'},{'D1'},{'D2'},{'D4'},{'D6'},{'R3'},{'R1'},{'R2'},&,2.0,&
{'D5'},{'D7'},{'D3'},{'D1'},{'D2'},{'D4'},{'R1'},{'D6'},{'R3'},{'R2'},&,1.0,&
{'D5'},{'D7'},{'D3'},{'D1'},{'D2'},{'R2'},{'D6'},{'D4'},{'R1'},{'R3'},&,1.0,&
{'D5'},{'D7'},{'D3'},{'D1'},{'D6'},{'D4'},{'R3'},{'D2'},{'R2'},{'R1'},&,4.0,&
{'D5'},{'D7'},{'D3'},{'D1'},{'D6'},{'D4'},{'R3'},{'R2'},{'R1'},{'D2'},&,1.0,&
{'D5'},{'D7'},{'D3'},{'D1'},{'D6'},{'D4'},{'R3'},{'R2'},{'D2'},{'R1'},&,1.0,&
{'D5'},{'D7'},{'D3'},{'D1'},{'D6'},{'D4'},{'D2'},{'R1'},{'R2'},{'R3'},&,1.0,&
{'D5'},{'D7'},{'D3'},{'D1'},{'D6'},{'D4'},{'D2'},{'R1'},{'R3'},{'R2'},&,6.0,&
{'D5'},{'D7'},{'D3'},{'D1'},{'D6'},{'D4'},{'D2'},{'R2'},{'R3'},{'R1'},&,7.0,&
{'D5'},{'D7'},{'D3'},{'D1'},{'D6'},{'D4'},{'D2'},{'R2'},{'R1'},{'R3'},&,2.0,&
{'D5'},{'D7'},{'D3'},{'D1'},{'D6'},{'D4'},{'D2'},{'R3'},{'R2'},{'R1'},&,10.0,&
{'D5'},{'D7'},{'D3'},{'D1'},{'D6'},{'D4'},{'D2'},{'R3'},{'R1'},{'R2'},&,13.0,&
{'D5'},{'D7'},{'D3'},{'D1'},{'D6'},{'D4'},{'R2'},{'D2'},{'R3'},{'R1'},&,1.0,&
{'D5'},{'D7'},{'D3'},{'D1'},{'D6'},{'D4'},{'R1'},{'D2'},{'R3'},{'R2'},&,2.0,&
{'D5'},{'D7'},{'D3'},{'D1'},{'D6'},{'D4'},{'R1'},{'R3'},{'D2'},{'R2'},&,1.0,&
{'D5'},{'D7'},{'D3'},{'D1'},{'D6'},{'D2'},{'R3'},{'R1'},{'D4'},{'R2'},&,1.0,&
{'D5'},{'D7'},{'D3'},{'D1'},{'D6'},{'D2'},{'R3'},{'D4'},{'R1'},{'R2'},&,2.0,&
{'D5'},{'D7'},{'D3'},{'D1'},{'D6'},{'D2'},{'D4'},{'R1'},{'R2'},{'R3'},&,1.0,&
{'D5'},{'D7'},{'D3'},{'D1'},{'D6'},{'D2'},{'D4'},{'R1'},{'R3'},{'R2'},&,3.0,&
{'D5'},{'D7'},{'D3'},{'D1'},{'D6'},{'D2'},{'D4'},{'R2'},{'R3'},{'R1'},&,7.0,&
{'D5'},{'D7'},{'D3'},{'D1'},{'D6'},{'D2'},{'D4'},{'R2'},{'R1'},{'R3'},&,1.0,&
{'D5'},{'D7'},{'D3'},{'D1'},{'D6'},{'D2'},{'D4'},{'R3'},{'R2'},{'R1'},&,3.0,&
{'D5'},{'D7'},{'D3'},{'D1'},{'D6'},{'D2'},{'D4'},{'R3'},{'R1'},{'R2'},&,11.0,&
{'D5'},{'D7'},{'D3'},{'D1'},{'D6'},{'R2'},{'D2'},{'D4'},{'R1'},{'R3'},&,1.0,&
{'D5'},{'D7'},{'D3'},{'D1'},{'D6'},{'R3'},{'D2'},{'D4'},{'R2'},{'R1'},&,1.0,&
{'D5'},{'D7'},{'D3'},{'D1'},{'D4'},{'D6'},{'R3'},{'D2'},{'R2'},{'R1'},&,1.0,&
{'D5'},{'D7'},{'D3'},{'D1'},{'D4'},{'D6'},{'D2'},{'R1'},{'R3'},{'R2'},&,1.0,&
{'D5'},{'D7'},{'D3'},{'D1'},{'D4'},{'D6'},{'D2'},{'R2'},{'R3'},{'R1'},&,2.0,&
{'D5'},{'D7'},{'D3'},{'D1'},{'D4'},{'D6'},{'D2'},{'R3'},{'R2'},{'R1'},&,7.0,&
{'D5'},{'D7'},{'D3'},{'D1'},{'D4'},{'D6'},{'D2'},{'R3'},{'R1'},{'R2'},&,6.0,&
{'D5'},{'D7'},{'D3'},{'D1'},{'D4'},{'D6'},{'R1'},{'D2'},{'R3'},{'R2'},&,1.0,&
{'D5'},{'D7'},{'D3'},{'D1'},{'D4'},{'D2'},{'R3'},{'D6'},{'R1'},{'R2'},&,1.0,&
{'D5'},{'D7'},{'D3'},{'D1'},{'D4'},{'D2'},{'D6'},{'R1'},{'R2'},{'R3'},&,1.0,&
{'D5'},{'D7'},{'D3'},{'D1'},{'D4'},{'D2'},{'D6'},{'R1'},{'R3'},{'R2'},&,1.0,&
{'D5'},{'D7'},{'D3'},{'D1'},{'D4'},{'D2'},{'D6'},{'R3'},{'R2'},{'R1'},&,3.0,&
{'D5'},{'D7'},{'D3'},{'D1'},{'D4'},{'D2'},{'R1'},{'R2'},{'D6'},{'R3'},&,1.0,&
{'D5'},{'D7'},{'D3'},{'D1'},{'D4'},{'R1'},{'D6'},{'D2'},{'R2'},{'R3'},&,1.0,&
{'D5'},{'D7'},{'D3'},{'D1'},{'R3'},{'D4'},{'D6'},{'R1'},{'D2'},{'R2'},&,1.0,&
{'D5'},{'D7'},{'D3'},{'D1'},{'R3'},{'D4'},{'R1'},{'D6'},{'D2'},{'R2'},&,1.0,&
{'D5'},{'D7'},{'D3'},{'D2'},{'D1'},{'D6'},{'R3'},{'R2'},{'D4'},{'R1'},&,1.0,&
{'D5'},{'D7'},{'D3'},{'D2'},{'D1'},{'D6'},{'R3'},{'D4'},{'R2'},{'R1'},&,4.0,&
{'D5'},{'D7'},{'D3'},{'D2'},{'D1'},{'D6'},{'R3'},{'D4'},{'R1'},{'R2'},&,1.0,&
{'D5'},{'D7'},{'D3'},{'D2'},{'D1'},{'D6'},{'D4'},{'R1'},{'R3'},{'R2'},&,1.0,&
{'D5'},{'D7'},{'D3'},{'D2'},{'D1'},{'D6'},{'D4'},{'R2'},{'R3'},{'R1'},&,1.0,&
{'D5'},{'D7'},{'D3'},{'D2'},{'D1'},{'D6'},{'D4'},{'R2'},{'R1'},{'R3'},&,1.0,&
{'D5'},{'D7'},{'D3'},{'D2'},{'D1'},{'D6'},{'D4'},{'R3'},{'R2'},{'R1'},&,1.0,&
{'D5'},{'D7'},{'D3'},{'D2'},{'D1'},{'D6'},{'D4'},{'R3'},{'R1'},{'R2'},&,4.0,&
{'D5'},{'D7'},{'D3'},{'D2'},{'D1'},{'D4'},{'D6'},{'R1'},{'R2'},{'R3'},&,1.0,&
{'D5'},{'D7'},{'D3'},{'D2'},{'D1'},{'D4'},{'D6'},{'R1'},{'R3'},{'R2'},&,2.0,&
{'D5'},{'D7'},{'D3'},{'D2'},{'D1'},{'D4'},{'D6'},{'R2'},{'R1'},{'R3'},&,1.0,&
{'D5'},{'D7'},{'D3'},{'D2'},{'D1'},{'R3'},{'D6'},{'D4'},{'R1'},{'R2'},&,1.0,&
{'D5'},{'D7'},{'D3'},{'D2'},{'D6'},{'D4'},{'R3'},{'R1'},{'D1'},{'R2'},&,1.0,&
{'D5'},{'D7'},{'D3'},{'D2'},{'D6'},{'D4'},{'R3'},{'R2'},{'D1'},{'R1'},&,1.0,&
{'D5'},{'D7'},{'D3'},{'D2'},{'D6'},{'D4'},{'R3'},{'D1'},{'R2'},{'R1'},&,1.0,&
{'D5'},{'D7'},{'D3'},{'D2'},{'D6'},{'D4'},{'D1'},{'R1'},{'R2'},{'R3'},&,2.0,&
{'D5'},{'D7'},{'D3'},{'D2'},{'D6'},{'D4'},{'D1'},{'R1'},{'R3'},{'R2'},&,2.0,&
{'D5'},{'D7'},{'D3'},{'D2'},{'D6'},{'D4'},{'D1'},{'R2'},{'R3'},{'R1'},&,3.0,&
{'D5'},{'D7'},{'D3'},{'D2'},{'D6'},{'D4'},{'D1'},{'R2'},{'R1'},{'R3'},&,3.0,&
{'D5'},{'D7'},{'D3'},{'D2'},{'D6'},{'D4'},{'D1'},{'R3'},{'R2'},{'R1'},&,4.0,&
{'D5'},{'D7'},{'D3'},{'D2'},{'D6'},{'D4'},{'D1'},{'R3'},{'R1'},{'R2'},&,10.0,&
{'D5'},{'D7'},{'D3'},{'D2'},{'D6'},{'D4'},{'R2'},{'R1'},{'D1'},{'R3'},&,1.0,&
{'D5'},{'D7'},{'D3'},{'D2'},{'D6'},{'D1'},{'R3'},{'R1'},{'D4'},{'R2'},&,1.0,&
{'D5'},{'D7'},{'D3'},{'D2'},{'D6'},{'D1'},{'R3'},{'D4'},{'R2'},{'R1'},&,3.0,&
{'D5'},{'D7'},{'D3'},{'D2'},{'D6'},{'D1'},{'R3'},{'D4'},{'R1'},{'R2'},&,1.0,&
{'D5'},{'D7'},{'D3'},{'D2'},{'D6'},{'D1'},{'D4'},{'R1'},{'R3'},{'R2'},&,2.0,&
{'D5'},{'D7'},{'D3'},{'D2'},{'D6'},{'D1'},{'D4'},{'R3'},{'R2'},{'R1'},&,3.0,&
{'D5'},{'D7'},{'D3'},{'D2'},{'D6'},{'D1'},{'D4'},{'R3'},{'R1'},{'R2'},&,3.0,&
{'D5'},{'D7'},{'D3'},{'D2'},{'D6'},{'D1'},{'R2'},{'D4'},{'R3'},{'R1'},&,2.0,&
{'D5'},{'D7'},{'D3'},{'D2'},{'D6'},{'D1'},{'R1'},{'D4'},{'R3'},{'R2'},&,1.0,&
{'D5'},{'D7'},{'D3'},{'D2'},{'D6'},{'R2'},{'D4'},{'D1'},{'R3'},{'R1'},&,1.0,&
{'D5'},{'D7'},{'D3'},{'D2'},{'D6'},{'R3'},{'D1'},{'D4'},{'R2'},{'R1'},&,1.0,&
{'D5'},{'D7'},{'D3'},{'D2'},{'D6'},{'R3'},{'D1'},{'D4'},{'R1'},{'R2'},&,1.0,&
{'D5'},{'D7'},{'D3'},{'D2'},{'D6'},{'R3'},{'D4'},{'D1'},{'R1'},{'R2'},&,2.0,&
{'D5'},{'D7'},{'D3'},{'D2'},{'D4'},{'D6'},{'R3'},{'D1'},{'R2'},{'R1'},&,1.0,&
{'D5'},{'D7'},{'D3'},{'D2'},{'D4'},{'D6'},{'R3'},{'D1'},{'R1'},{'R2'},&,3.0,&
{'D5'},{'D7'},{'D3'},{'D2'},{'D4'},{'D6'},{'D1'},{'R1'},{'R3'},{'R2'},&,1.0,&
{'D5'},{'D7'},{'D3'},{'D2'},{'D4'},{'D6'},{'D1'},{'R2'},{'R1'},{'R3'},&,2.0,&
{'D5'},{'D7'},{'D3'},{'D2'},{'D4'},{'D6'},{'D1'},{'R3'},{'R2'},{'R1'},&,3.0,&
{'D5'},{'D7'},{'D3'},{'D2'},{'D4'},{'D6'},{'D1'},{'R3'},{'R1'},{'R2'},&,3.0,&
{'D5'},{'D7'},{'D3'},{'D2'},{'D4'},{'D6'},{'R2'},{'R1'},{'D1'},{'R3'},&,1.0,&
{'D5'},{'D7'},{'D3'},{'D2'},{'D4'},{'D6'},{'R2'},{'R3'},{'R1'},{'D1'},&,1.0,&
{'D5'},{'D7'},{'D3'},{'D2'},{'D4'},{'D6'},{'R2'},{'D1'},{'R1'},{'R3'},&,1.0,&
{'D5'},{'D7'},{'D3'},{'D2'},{'D4'},{'D1'},{'D6'},{'R3'},{'R1'},{'R2'},&,5.0,&
{'D5'},{'D7'},{'D3'},{'D2'},{'R2'},{'D6'},{'D4'},{'D1'},{'R3'},{'R1'},&,1.0,&
{'D5'},{'D7'},{'D3'},{'D6'},{'D1'},{'D4'},{'R3'},{'D2'},{'R2'},{'R1'},&,3.0,&
{'D5'},{'D7'},{'D3'},{'D6'},{'D1'},{'D4'},{'R3'},{'D2'},{'R1'},{'R2'},&,5.0,&
{'D5'},{'D7'},{'D3'},{'D6'},{'D1'},{'D4'},{'D2'},{'R1'},{'R2'},{'R3'},&,1.0,&
{'D5'},{'D7'},{'D3'},{'D6'},{'D1'},{'D4'},{'D2'},{'R1'},{'R3'},{'R2'},&,11.0,&
{'D5'},{'D7'},{'D3'},{'D6'},{'D1'},{'D4'},{'D2'},{'R2'},{'R3'},{'R1'},&,5.0,&
{'D5'},{'D7'},{'D3'},{'D6'},{'D1'},{'D4'},{'D2'},{'R2'},{'R1'},{'R3'},&,5.0,&
{'D5'},{'D7'},{'D3'},{'D6'},{'D1'},{'D4'},{'D2'},{'R3'},{'R2'},{'R1'},&,13.0,&
{'D5'},{'D7'},{'D3'},{'D6'},{'D1'},{'D4'},{'D2'},{'R3'},{'R1'},{'R2'},&,22.0,&
{'D5'},{'D7'},{'D3'},{'D6'},{'D1'},{'D4'},{'R2'},{'D2'},{'R1'},{'R3'},&,1.0,&
{'D5'},{'D7'},{'D3'},{'D6'},{'D1'},{'D4'},{'R2'},{'R1'},{'D2'},{'R3'},&,1.0,&
{'D5'},{'D7'},{'D3'},{'D6'},{'D1'},{'D4'},{'R2'},{'R3'},{'D2'},{'R1'},&,1.0,&
{'D5'},{'D7'},{'D3'},{'D6'},{'D1'},{'D4'},{'R1'},{'D2'},{'R3'},{'R2'},&,1.0,&
{'D5'},{'D7'},{'D3'},{'D6'},{'D1'},{'D2'},{'R3'},{'R2'},{'D4'},{'R1'},&,1.0,&
{'D5'},{'D7'},{'D3'},{'D6'},{'D1'},{'D2'},{'R3'},{'D4'},{'R2'},{'R1'},&,1.0,&
{'D5'},{'D7'},{'D3'},{'D6'},{'D1'},{'D2'},{'R3'},{'D4'},{'R1'},{'R2'},&,3.0,&
{'D5'},{'D7'},{'D3'},{'D6'},{'D1'},{'D2'},{'D4'},{'R1'},{'R2'},{'R3'},&,2.0,&
{'D5'},{'D7'},{'D3'},{'D6'},{'D1'},{'D2'},{'D4'},{'R1'},{'R3'},{'R2'},&,4.0,&
{'D5'},{'D7'},{'D3'},{'D6'},{'D1'},{'D2'},{'D4'},{'R2'},{'R3'},{'R1'},&,8.0,&
{'D5'},{'D7'},{'D3'},{'D6'},{'D1'},{'D2'},{'D4'},{'R2'},{'R1'},{'R3'},&,3.0,&
{'D5'},{'D7'},{'D3'},{'D6'},{'D1'},{'D2'},{'D4'},{'R3'},{'R2'},{'R1'},&,1.0,&
{'D5'},{'D7'},{'D3'},{'D6'},{'D1'},{'D2'},{'D4'},{'R3'},{'R1'},{'R2'},&,7.0,&
{'D5'},{'D7'},{'D3'},{'D6'},{'D1'},{'D2'},{'R2'},{'D4'},{'R3'},{'R1'},&,2.0,&
{'D5'},{'D7'},{'D3'},{'D6'},{'D1'},{'D2'},{'R2'},{'D4'},{'R1'},{'R3'},&,1.0,&
{'D5'},{'D7'},{'D3'},{'D6'},{'D1'},{'D2'},{'R1'},{'D4'},{'R2'},{'R3'},&,1.0,&
{'D5'},{'D7'},{'D3'},{'D6'},{'D1'},{'R1'},{'D2'},{'D4'},{'R3'},{'R2'},&,2.0,&
{'D5'},{'D7'},{'D3'},{'D6'},{'D1'},{'R1'},{'D4'},{'R2'},{'R3'},{'D2'},&,2.0,&
{'D5'},{'D7'},{'D3'},{'D6'},{'D1'},{'R3'},{'D2'},{'D4'},{'R1'},{'R2'},&,2.0,&
{'D5'},{'D7'},{'D3'},{'D6'},{'D1'},{'R3'},{'D4'},{'D2'},{'R2'},{'R1'},&,2.0,&
{'D5'},{'D7'},{'D3'},{'D6'},{'D1'},{'R3'},{'D4'},{'R2'},{'D2'},{'R1'},&,1.0,&
{'D5'},{'D7'},{'D3'},{'D6'},{'D2'},{'D4'},{'R3'},{'R1'},{'R2'},{'D1'},&,1.0,&
{'D5'},{'D7'},{'D3'},{'D6'},{'D2'},{'D4'},{'R3'},{'D1'},{'R2'},{'R1'},&,4.0,&
{'D5'},{'D7'},{'D3'},{'D6'},{'D2'},{'D4'},{'D1'},{'R1'},{'R2'},{'R3'},&,2.0,&
{'D5'},{'D7'},{'D3'},{'D6'},{'D2'},{'D4'},{'D1'},{'R1'},{'R3'},{'R2'},&,12.0,&
{'D5'},{'D7'},{'D3'},{'D6'},{'D2'},{'D4'},{'D1'},{'R2'},{'R3'},{'R1'},&,6.0,&
{'D5'},{'D7'},{'D3'},{'D6'},{'D2'},{'D4'},{'D1'},{'R2'},{'R1'},{'R3'},&,3.0,&
{'D5'},{'D7'},{'D3'},{'D6'},{'D2'},{'D4'},{'D1'},{'R3'},{'R2'},{'R1'},&,12.0,&
{'D5'},{'D7'},{'D3'},{'D6'},{'D2'},{'D4'},{'D1'},{'R3'},{'R1'},{'R2'},&,21.0,&
{'D5'},{'D7'},{'D3'},{'D6'},{'D2'},{'D4'},{'R2'},{'R3'},{'R1'},{'D1'},&,1.0,&
{'D5'},{'D7'},{'D3'},{'D6'},{'D2'},{'D4'},{'R2'},{'D1'},{'R3'},{'R1'},&,2.0,&
{'D5'},{'D7'},{'D3'},{'D6'},{'D2'},{'D4'},{'R1'},{'R3'},{'D1'},{'R2'},&,1.0,&
{'D5'},{'D7'},{'D3'},{'D6'},{'D2'},{'D4'},{'R1'},{'D1'},{'R2'},{'R3'},&,1.0,&
{'D5'},{'D7'},{'D3'},{'D6'},{'D2'},{'D4'},{'R1'},{'D1'},{'R3'},{'R2'},&,3.0,&
{'D5'},{'D7'},{'D3'},{'D6'},{'D2'},{'D1'},{'R3'},{'R1'},{'D4'},{'R2'},&,1.0,&
{'D5'},{'D7'},{'D3'},{'D6'},{'D2'},{'D1'},{'R3'},{'R2'},{'D4'},{'R1'},&,1.0,&
{'D5'},{'D7'},{'D3'},{'D6'},{'D2'},{'D1'},{'R3'},{'D4'},{'R2'},{'R1'},&,2.0,&
{'D5'},{'D7'},{'D3'},{'D6'},{'D2'},{'D1'},{'R3'},{'D4'},{'R1'},{'R2'},&,2.0,&
{'D5'},{'D7'},{'D3'},{'D6'},{'D2'},{'D1'},{'D4'},{'R1'},{'R2'},{'R3'},&,3.0,&
{'D5'},{'D7'},{'D3'},{'D6'},{'D2'},{'D1'},{'D4'},{'R1'},{'R3'},{'R2'},&,7.0,&
{'D5'},{'D7'},{'D3'},{'D6'},{'D2'},{'D1'},{'D4'},{'R2'},{'R3'},{'R1'},&,10.0,&
{'D5'},{'D7'},{'D3'},{'D6'},{'D2'},{'D1'},{'D4'},{'R3'},{'R2'},{'R1'},&,5.0,&
{'D5'},{'D7'},{'D3'},{'D6'},{'D2'},{'D1'},{'D4'},{'R3'},{'R1'},{'R2'},&,15.0,&
{'D5'},{'D7'},{'D3'},{'D6'},{'D2'},{'D1'},{'R2'},{'R1'},{'D4'},{'R3'},&,1.0,&
{'D5'},{'D7'},{'D3'},{'D6'},{'D2'},{'D1'},{'R2'},{'D4'},{'R3'},{'R1'},&,2.0,&
{'D5'},{'D7'},{'D3'},{'D6'},{'D2'},{'D1'},{'R2'},{'D4'},{'R1'},{'R3'},&,1.0,&
{'D5'},{'D7'},{'D3'},{'D6'},{'D2'},{'D1'},{'R1'},{'D4'},{'R3'},{'R2'},&,2.0,&
{'D5'},{'D7'},{'D3'},{'D6'},{'D2'},{'R2'},{'D1'},{'D4'},{'R3'},{'R1'},&,1.0,&
{'D5'},{'D7'},{'D3'},{'D6'},{'D2'},{'R2'},{'D4'},{'D1'},{'R1'},{'R3'},&,1.0,&
{'D5'},{'D7'},{'D3'},{'D6'},{'D2'},{'R1'},{'D4'},{'D1'},{'R2'},{'R3'},&,1.0,&
{'D5'},{'D7'},{'D3'},{'D6'},{'D2'},{'R3'},{'D1'},{'R1'},{'D4'},{'R2'},&,1.0,&
{'D5'},{'D7'},{'D3'},{'D6'},{'D2'},{'R3'},{'D1'},{'D4'},{'R1'},{'R2'},&,1.0,&
{'D5'},{'D7'},{'D3'},{'D6'},{'D2'},{'R3'},{'D4'},{'D1'},{'R1'},{'R2'},&,1.0,&
{'D5'},{'D7'},{'D3'},{'D6'},{'D4'},{'D1'},{'R3'},{'D2'},{'R2'},{'R1'},&,4.0,&
{'D5'},{'D7'},{'D3'},{'D6'},{'D4'},{'D1'},{'R3'},{'D2'},{'R1'},{'R2'},&,5.0,&
{'D5'},{'D7'},{'D3'},{'D6'},{'D4'},{'D1'},{'R3'},{'R1'},{'R2'},{'D2'},&,1.0,&
{'D5'},{'D7'},{'D3'},{'D6'},{'D4'},{'D1'},{'R3'},{'R1'},{'D2'},{'R2'},&,1.0,&
{'D5'},{'D7'},{'D3'},{'D6'},{'D4'},{'D1'},{'R3'},{'R2'},{'D2'},{'R1'},&,1.0,&
{'D5'},{'D7'},{'D3'},{'D6'},{'D4'},{'D1'},{'D2'},{'R1'},{'R2'},{'R3'},&,5.0,&
{'D5'},{'D7'},{'D3'},{'D6'},{'D4'},{'D1'},{'D2'},{'R1'},{'R3'},{'R2'},&,11.0,&
{'D5'},{'D7'},{'D3'},{'D6'},{'D4'},{'D1'},{'D2'},{'R2'},{'R3'},{'R1'},&,6.0,&
{'D5'},{'D7'},{'D3'},{'D6'},{'D4'},{'D1'},{'D2'},{'R2'},{'R1'},{'R3'},&,1.0,&
{'D5'},{'D7'},{'D3'},{'D6'},{'D4'},{'D1'},{'D2'},{'R3'},{'R2'},{'R1'},&,15.0,&
{'D5'},{'D7'},{'D3'},{'D6'},{'D4'},{'D1'},{'D2'},{'R3'},{'R1'},{'R2'},&,16.0,&
{'D5'},{'D7'},{'D3'},{'D6'},{'D4'},{'D1'},{'R2'},{'D2'},{'R3'},{'R1'},&,2.0,&
{'D5'},{'D7'},{'D3'},{'D6'},{'D4'},{'D1'},{'R1'},{'D2'},{'R2'},{'R3'},&,2.0,&
{'D5'},{'D7'},{'D3'},{'D6'},{'D4'},{'D1'},{'R1'},{'D2'},{'R3'},{'R2'},&,4.0,&
{'D5'},{'D7'},{'D3'},{'D6'},{'D4'},{'D2'},{'R3'},{'R1'},{'D1'},{'R2'},&,1.0,&
{'D5'},{'D7'},{'D3'},{'D6'},{'D4'},{'D2'},{'R3'},{'D1'},{'R2'},{'R1'},&,1.0,&
{'D5'},{'D7'},{'D3'},{'D6'},{'D4'},{'D2'},{'R3'},{'D1'},{'R1'},{'R2'},&,4.0,&
{'D5'},{'D7'},{'D3'},{'D6'},{'D4'},{'D2'},{'D1'},{'R1'},{'R2'},{'R3'},&,2.0,&
{'D5'},{'D7'},{'D3'},{'D6'},{'D4'},{'D2'},{'D1'},{'R1'},{'R3'},{'R2'},&,10.0,&
{'D5'},{'D7'},{'D3'},{'D6'},{'D4'},{'D2'},{'D1'},{'R2'},{'R3'},{'R1'},&,8.0,&
{'D5'},{'D7'},{'D3'},{'D6'},{'D4'},{'D2'},{'D1'},{'R2'},{'R1'},{'R3'},&,1.0,&
{'D5'},{'D7'},{'D3'},{'D6'},{'D4'},{'D2'},{'D1'},{'R3'},{'R2'},{'R1'},&,16.0,&
{'D5'},{'D7'},{'D3'},{'D6'},{'D4'},{'D2'},{'D1'},{'R3'},{'R1'},{'R2'},&,15.0,&
{'D5'},{'D7'},{'D3'},{'D6'},{'D4'},{'D2'},{'R2'},{'D1'},{'R3'},{'R1'},&,1.0,&
{'D5'},{'D7'},{'D3'},{'D6'},{'D4'},{'D2'},{'R2'},{'D1'},{'R1'},{'R3'},&,3.0,&
{'D5'},{'D7'},{'D3'},{'D6'},{'D4'},{'D2'},{'R1'},{'R3'},{'R2'},{'D1'},&,1.0,&
{'D5'},{'D7'},{'D3'},{'D6'},{'D4'},{'D2'},{'R1'},{'D1'},{'R2'},{'R3'},&,1.0,&
{'D5'},{'D7'},{'D3'},{'D6'},{'D4'},{'D2'},{'R1'},{'D1'},{'R3'},{'R2'},&,3.0,&
{'D5'},{'D7'},{'D3'},{'D6'},{'D4'},{'R2'},{'D2'},{'D1'},{'R3'},{'R1'},&,1.0,&
{'D5'},{'D7'},{'D3'},{'D6'},{'D4'},{'R2'},{'D1'},{'D2'},{'R3'},{'R1'},&,1.0,&
{'D5'},{'D7'},{'D3'},{'D6'},{'D4'},{'R1'},{'D2'},{'D1'},{'R3'},{'R2'},&,1.0,&
{'D5'},{'D7'},{'D3'},{'D6'},{'D4'},{'R1'},{'D1'},{'D2'},{'R2'},{'R3'},&,1.0,&
{'D5'},{'D7'},{'D3'},{'D6'},{'D4'},{'R1'},{'D1'},{'D2'},{'R3'},{'R2'},&,1.0,&
{'D5'},{'D7'},{'D3'},{'D6'},{'D4'},{'R1'},{'R2'},{'D1'},{'D2'},{'R3'},&,1.0,&
{'D5'},{'D7'},{'D3'},{'D6'},{'D4'},{'R3'},{'D2'},{'D1'},{'R2'},{'R1'},&,2.0,&
{'D5'},{'D7'},{'D3'},{'D6'},{'D4'},{'R3'},{'D1'},{'D2'},{'R2'},{'R1'},&,1.0,&
{'D5'},{'D7'},{'D3'},{'D6'},{'D4'},{'R3'},{'D1'},{'D2'},{'R1'},{'R2'},&,1.0,&
{'D5'},{'D7'},{'D3'},{'D6'},{'R3'},{'D4'},{'D2'},{'R2'},{'R1'},{'D1'},&,1.0,&
{'D5'},{'D7'},{'D3'},{'D6'},{'R3'},{'D4'},{'D1'},{'D2'},{'R1'},{'R2'},&,1.0,&
{'D5'},{'D7'},{'D3'},{'D6'},{'R3'},{'D1'},{'D2'},{'D4'},{'R2'},{'R1'},&,1.0,&
{'D5'},{'D7'},{'D3'},{'D6'},{'R3'},{'D1'},{'D4'},{'R1'},{'R2'},{'D2'},&,1.0,&
{'D5'},{'D7'},{'D3'},{'D6'},{'R2'},{'D1'},{'D4'},{'D2'},{'R3'},{'R1'},&,1.0,&
{'D5'},{'D7'},{'D3'},{'D6'},{'R2'},{'D2'},{'D4'},{'D1'},{'R3'},{'R1'},&,1.0,&
{'D5'},{'D7'},{'D3'},{'D6'},{'R1'},{'D4'},{'D2'},{'D1'},{'R3'},{'R2'},&,1.0,&
{'D5'},{'D7'},{'D3'},{'D6'},{'R1'},{'D1'},{'D4'},{'R2'},{'D2'},{'R3'},&,1.0,&
{'D5'},{'D7'},{'D3'},{'D6'},{'R1'},{'D2'},{'D4'},{'D1'},{'R2'},{'R3'},&,1.0,&
{'D5'},{'D7'},{'D3'},{'D4'},{'D1'},{'D6'},{'R3'},{'D2'},{'R2'},{'R1'},&,3.0,&
{'D5'},{'D7'},{'D3'},{'D4'},{'D1'},{'D6'},{'R3'},{'D2'},{'R1'},{'R2'},&,1.0,&
{'D5'},{'D7'},{'D3'},{'D4'},{'D1'},{'D6'},{'R3'},{'R1'},{'D2'},{'R2'},&,1.0,&
{'D5'},{'D7'},{'D3'},{'D4'},{'D1'},{'D6'},{'D2'},{'R1'},{'R2'},{'R3'},&,2.0,&
{'D5'},{'D7'},{'D3'},{'D4'},{'D1'},{'D6'},{'D2'},{'R1'},{'R3'},{'R2'},&,3.0,&
{'D5'},{'D7'},{'D3'},{'D4'},{'D1'},{'D6'},{'D2'},{'R2'},{'R1'},{'R3'},&,2.0,&
{'D5'},{'D7'},{'D3'},{'D4'},{'D1'},{'D6'},{'D2'},{'R3'},{'R2'},{'R1'},&,4.0,&
{'D5'},{'D7'},{'D3'},{'D4'},{'D1'},{'D6'},{'D2'},{'R3'},{'R1'},{'R2'},&,7.0,&
{'D5'},{'D7'},{'D3'},{'D4'},{'D1'},{'D6'},{'R2'},{'D2'},{'R1'},{'R3'},&,1.0,&
{'D5'},{'D7'},{'D3'},{'D4'},{'D1'},{'D6'},{'R2'},{'R1'},{'D2'},{'R3'},&,1.0,&
{'D5'},{'D7'},{'D3'},{'D4'},{'D1'},{'D6'},{'R2'},{'R3'},{'D2'},{'R1'},&,1.0,&
{'D5'},{'D7'},{'D3'},{'D4'},{'D1'},{'D6'},{'R1'},{'D2'},{'R2'},{'R3'},&,1.0,&
{'D5'},{'D7'},{'D3'},{'D4'},{'D1'},{'D2'},{'R3'},{'R1'},{'D6'},{'R2'},&,1.0,&
{'D5'},{'D7'},{'D3'},{'D4'},{'D1'},{'D2'},{'R3'},{'D6'},{'R1'},{'R2'},&,1.0,&
{'D5'},{'D7'},{'D3'},{'D4'},{'D1'},{'D2'},{'R2'},{'D6'},{'R3'},{'R1'},&,1.0,&
{'D5'},{'D7'},{'D3'},{'D4'},{'D1'},{'D2'},{'D6'},{'R1'},{'R3'},{'R2'},&,3.0,&
{'D5'},{'D7'},{'D3'},{'D4'},{'D1'},{'D2'},{'D6'},{'R2'},{'R3'},{'R1'},&,1.0,&
{'D5'},{'D7'},{'D3'},{'D4'},{'D1'},{'D2'},{'D6'},{'R3'},{'R2'},{'R1'},&,1.0,&
{'D5'},{'D7'},{'D3'},{'D4'},{'D1'},{'D2'},{'D6'},{'R3'},{'R1'},{'R2'},&,3.0,&
{'D5'},{'D7'},{'D3'},{'D4'},{'D1'},{'D2'},{'R1'},{'R3'},{'D6'},{'R2'},&,1.0,&
{'D5'},{'D7'},{'D3'},{'D4'},{'D1'},{'D2'},{'R1'},{'D6'},{'R3'},{'R2'},&,1.0,&
{'D5'},{'D7'},{'D3'},{'D4'},{'D1'},{'R3'},{'D6'},{'D2'},{'R1'},{'R2'},&,1.0,&
{'D5'},{'D7'},{'D3'},{'D4'},{'D2'},{'D6'},{'R3'},{'R1'},{'R2'},{'D1'},&,1.0,&
{'D5'},{'D7'},{'D3'},{'D4'},{'D2'},{'D6'},{'R3'},{'R2'},{'D1'},{'R1'},&,1.0,&
{'D5'},{'D7'},{'D3'},{'D4'},{'D2'},{'D6'},{'R3'},{'D1'},{'R2'},{'R1'},&,1.0,&
{'D5'},{'D7'},{'D3'},{'D4'},{'D2'},{'D6'},{'D1'},{'R1'},{'R3'},{'R2'},&,5.0,&
{'D5'},{'D7'},{'D3'},{'D4'},{'D2'},{'D6'},{'D1'},{'R2'},{'R3'},{'R1'},&,1.0,&
{'D5'},{'D7'},{'D3'},{'D4'},{'D2'},{'D6'},{'D1'},{'R2'},{'R1'},{'R3'},&,1.0,&
{'D5'},{'D7'},{'D3'},{'D4'},{'D2'},{'D6'},{'D1'},{'R3'},{'R2'},{'R1'},&,1.0,&
{'D5'},{'D7'},{'D3'},{'D4'},{'D2'},{'D6'},{'D1'},{'R3'},{'R1'},{'R2'},&,6.0,&
{'D5'},{'D7'},{'D3'},{'D4'},{'D2'},{'D6'},{'R1'},{'R2'},{'R3'},{'D1'},&,1.0,&
{'D5'},{'D7'},{'D3'},{'D4'},{'D2'},{'D1'},{'R3'},{'D6'},{'R1'},{'R2'},&,3.0,&
{'D5'},{'D7'},{'D3'},{'D4'},{'D2'},{'D1'},{'R2'},{'D6'},{'R3'},{'R1'},&,1.0,&
{'D5'},{'D7'},{'D3'},{'D4'},{'D2'},{'D1'},{'D6'},{'R1'},{'R3'},{'R2'},&,2.0,&
{'D5'},{'D7'},{'D3'},{'D4'},{'D2'},{'D1'},{'D6'},{'R3'},{'R2'},{'R1'},&,1.0,&
{'D5'},{'D7'},{'D3'},{'D4'},{'D2'},{'D1'},{'D6'},{'R3'},{'R1'},{'R2'},&,1.0,&
{'D5'},{'D7'},{'D3'},{'D4'},{'D2'},{'D1'},{'R1'},{'D6'},{'R2'},{'R3'},&,1.0,&
{'D5'},{'D7'},{'D3'},{'D4'},{'D2'},{'D1'},{'R1'},{'D6'},{'R3'},{'R2'},&,1.0,&
{'D5'},{'D7'},{'D3'},{'D4'},{'D2'},{'R1'},{'D1'},{'D6'},{'R3'},{'R2'},&,1.0,&
{'D5'},{'D7'},{'D3'},{'D4'},{'D2'},{'R3'},{'D6'},{'R2'},{'D1'},{'R1'},&,1.0,&
{'D5'},{'D7'},{'D3'},{'D4'},{'D6'},{'D1'},{'R3'},{'D2'},{'R2'},{'R1'},&,3.0,&
{'D5'},{'D7'},{'D3'},{'D4'},{'D6'},{'D1'},{'R3'},{'D2'},{'R1'},{'R2'},&,8.0,&
{'D5'},{'D7'},{'D3'},{'D4'},{'D6'},{'D1'},{'R3'},{'R1'},{'D2'},{'R2'},&,2.0,&
{'D5'},{'D7'},{'D3'},{'D4'},{'D6'},{'D1'},{'R3'},{'R2'},{'D2'},{'R1'},&,1.0,&
{'D5'},{'D7'},{'D3'},{'D4'},{'D6'},{'D1'},{'D2'},{'R1'},{'R2'},{'R3'},&,3.0,&
{'D5'},{'D7'},{'D3'},{'D4'},{'D6'},{'D1'},{'D2'},{'R1'},{'R3'},{'R2'},&,5.0,&
{'D5'},{'D7'},{'D3'},{'D4'},{'D6'},{'D1'},{'D2'},{'R2'},{'R3'},{'R1'},&,5.0,&
{'D5'},{'D7'},{'D3'},{'D4'},{'D6'},{'D1'},{'D2'},{'R2'},{'R1'},{'R3'},&,3.0,&
{'D5'},{'D7'},{'D3'},{'D4'},{'D6'},{'D1'},{'D2'},{'R3'},{'R2'},{'R1'},&,8.0,&
{'D5'},{'D7'},{'D3'},{'D4'},{'D6'},{'D1'},{'D2'},{'R3'},{'R1'},{'R2'},&,19.0,&
{'D5'},{'D7'},{'D3'},{'D4'},{'D6'},{'D1'},{'R2'},{'D2'},{'R3'},{'R1'},&,2.0,&
{'D5'},{'D7'},{'D3'},{'D4'},{'D6'},{'D1'},{'R2'},{'D2'},{'R1'},{'R3'},&,1.0,&
{'D5'},{'D7'},{'D3'},{'D4'},{'D6'},{'D1'},{'R1'},{'D2'},{'R3'},{'R2'},&,5.0,&
{'D5'},{'D7'},{'D3'},{'D4'},{'D6'},{'D2'},{'R3'},{'R2'},{'D1'},{'R1'},&,1.0,&
{'D5'},{'D7'},{'D3'},{'D4'},{'D6'},{'D2'},{'R3'},{'D1'},{'R2'},{'R1'},&,2.0,&
{'D5'},{'D7'},{'D3'},{'D4'},{'D6'},{'D2'},{'R3'},{'D1'},{'R1'},{'R2'},&,2.0,&
{'D5'},{'D7'},{'D3'},{'D4'},{'D6'},{'D2'},{'D1'},{'R1'},{'R2'},{'R3'},&,2.0,&
{'D5'},{'D7'},{'D3'},{'D4'},{'D6'},{'D2'},{'D1'},{'R1'},{'R3'},{'R2'},&,8.0,&
{'D5'},{'D7'},{'D3'},{'D4'},{'D6'},{'D2'},{'D1'},{'R2'},{'R3'},{'R1'},&,6.0,&
{'D5'},{'D7'},{'D3'},{'D4'},{'D6'},{'D2'},{'D1'},{'R2'},{'R1'},{'R3'},&,3.0,&
{'D5'},{'D7'},{'D3'},{'D4'},{'D6'},{'D2'},{'D1'},{'R3'},{'R2'},{'R1'},&,10.0,&
{'D5'},{'D7'},{'D3'},{'D4'},{'D6'},{'D2'},{'D1'},{'R3'},{'R1'},{'R2'},&,13.0,&
{'D5'},{'D7'},{'D3'},{'D4'},{'D6'},{'D2'},{'R2'},{'D1'},{'R3'},{'R1'},&,1.0,&
{'D5'},{'D7'},{'D3'},{'D4'},{'D6'},{'D2'},{'R2'},{'D1'},{'R1'},{'R3'},&,1.0,&
{'D5'},{'D7'},{'D3'},{'D4'},{'D6'},{'D2'},{'R1'},{'D1'},{'R2'},{'R3'},&,1.0,&
{'D5'},{'D7'},{'D3'},{'D4'},{'D6'},{'R2'},{'R1'},{'D2'},{'D1'},{'R3'},&,1.0,&
{'D5'},{'D7'},{'D3'},{'D4'},{'D6'},{'R3'},{'D2'},{'R1'},{'D1'},{'R2'},&,1.0,&
{'D5'},{'D7'},{'D3'},{'D4'},{'D6'},{'R3'},{'D2'},{'D1'},{'R2'},{'R1'},&,3.0,&
{'D5'},{'D7'},{'D3'},{'D4'},{'D6'},{'R3'},{'D2'},{'D1'},{'R1'},{'R2'},&,1.0,&
{'D5'},{'D7'},{'D3'},{'D4'},{'D6'},{'R3'},{'D1'},{'D2'},{'R2'},{'R1'},&,2.0,&
{'D5'},{'D7'},{'D3'},{'D4'},{'R3'},{'D6'},{'D2'},{'D1'},{'R1'},{'R2'},&,1.0,&
{'D5'},{'D7'},{'D3'},{'D4'},{'R2'},{'D6'},{'D2'},{'R3'},{'D1'},{'R1'},&,1.0,&
{'D5'},{'D7'},{'D3'},{'D4'},{'R1'},{'D1'},{'D6'},{'R3'},{'D2'},{'R2'},&,1.0,&
{'D5'},{'D7'},{'D3'},{'R3'},{'D6'},{'D2'},{'D1'},{'D4'},{'R2'},{'R1'},&,1.0,&
{'D5'},{'D7'},{'D3'},{'R3'},{'D4'},{'D1'},{'D2'},{'R1'},{'D6'},{'R2'},&,1.0,&
{'D5'},{'D7'},{'D6'},{'D1'},{'D2'},{'D4'},{'D3'},{'R2'},{'R3'},{'R1'},&,1.0,&
{'D5'},{'D7'},{'D6'},{'D1'},{'D2'},{'D4'},{'D3'},{'R3'},{'R1'},{'R2'},&,3.0,&
{'D5'},{'D7'},{'D6'},{'D1'},{'D2'},{'D4'},{'R1'},{'D3'},{'R3'},{'R2'},&,3.0,&
{'D5'},{'D7'},{'D6'},{'D1'},{'D2'},{'D3'},{'R3'},{'D4'},{'R2'},{'R1'},&,1.0,&
{'D5'},{'D7'},{'D6'},{'D1'},{'D2'},{'D3'},{'D4'},{'R1'},{'R3'},{'R2'},&,1.0,&
{'D5'},{'D7'},{'D6'},{'D1'},{'D2'},{'D3'},{'D4'},{'R2'},{'R3'},{'R1'},&,1.0,&
{'D5'},{'D7'},{'D6'},{'D1'},{'D2'},{'D3'},{'D4'},{'R2'},{'R1'},{'R3'},&,2.0,&
{'D5'},{'D7'},{'D6'},{'D1'},{'D2'},{'D3'},{'D4'},{'R3'},{'R2'},{'R1'},&,1.0,&
{'D5'},{'D7'},{'D6'},{'D1'},{'D2'},{'D3'},{'D4'},{'R3'},{'R1'},{'R2'},&,3.0,&
{'D5'},{'D7'},{'D6'},{'D1'},{'D2'},{'D3'},{'R1'},{'R3'},{'D4'},{'R2'},&,1.0,&
{'D5'},{'D7'},{'D6'},{'D1'},{'D2'},{'D3'},{'R1'},{'D4'},{'R3'},{'R2'},&,1.0,&
{'D5'},{'D7'},{'D6'},{'D1'},{'D3'},{'D4'},{'R3'},{'D2'},{'R1'},{'R2'},&,2.0,&
{'D5'},{'D7'},{'D6'},{'D1'},{'D3'},{'D4'},{'R3'},{'R2'},{'D2'},{'R1'},&,1.0,&
{'D5'},{'D7'},{'D6'},{'D1'},{'D3'},{'D4'},{'D2'},{'R1'},{'R2'},{'R3'},&,1.0,&
{'D5'},{'D7'},{'D6'},{'D1'},{'D3'},{'D4'},{'D2'},{'R1'},{'R3'},{'R2'},&,8.0,&
{'D5'},{'D7'},{'D6'},{'D1'},{'D3'},{'D4'},{'D2'},{'R2'},{'R3'},{'R1'},&,5.0,&
{'D5'},{'D7'},{'D6'},{'D1'},{'D3'},{'D4'},{'D2'},{'R2'},{'R1'},{'R3'},&,3.0,&
{'D5'},{'D7'},{'D6'},{'D1'},{'D3'},{'D4'},{'D2'},{'R3'},{'R2'},{'R1'},&,10.0,&
{'D5'},{'D7'},{'D6'},{'D1'},{'D3'},{'D4'},{'D2'},{'R3'},{'R1'},{'R2'},&,9.0,&
{'D5'},{'D7'},{'D6'},{'D1'},{'D3'},{'D4'},{'R2'},{'D2'},{'R3'},{'R1'},&,1.0,&
{'D5'},{'D7'},{'D6'},{'D1'},{'D3'},{'D4'},{'R2'},{'D2'},{'R1'},{'R3'},&,1.0,&
{'D5'},{'D7'},{'D6'},{'D1'},{'D3'},{'D4'},{'R1'},{'D2'},{'R2'},{'R3'},&,1.0,&
{'D5'},{'D7'},{'D6'},{'D1'},{'D3'},{'D2'},{'R3'},{'D4'},{'R2'},{'R1'},&,2.0,&
{'D5'},{'D7'},{'D6'},{'D1'},{'D3'},{'D2'},{'R3'},{'D4'},{'R1'},{'R2'},&,4.0,&
{'D5'},{'D7'},{'D6'},{'D1'},{'D3'},{'D2'},{'D4'},{'R1'},{'R3'},{'R2'},&,6.0,&
{'D5'},{'D7'},{'D6'},{'D1'},{'D3'},{'D2'},{'D4'},{'R2'},{'R3'},{'R1'},&,1.0,&
{'D5'},{'D7'},{'D6'},{'D1'},{'D3'},{'D2'},{'D4'},{'R2'},{'R1'},{'R3'},&,1.0,&
{'D5'},{'D7'},{'D6'},{'D1'},{'D3'},{'D2'},{'D4'},{'R3'},{'R2'},{'R1'},&,10.0,&
{'D5'},{'D7'},{'D6'},{'D1'},{'D3'},{'D2'},{'D4'},{'R3'},{'R1'},{'R2'},&,3.0,&
{'D5'},{'D7'},{'D6'},{'D1'},{'D3'},{'D2'},{'R1'},{'R3'},{'D4'},{'R2'},&,1.0,&
{'D5'},{'D7'},{'D6'},{'D1'},{'D3'},{'D2'},{'R1'},{'D4'},{'R3'},{'R2'},&,1.0,&
{'D5'},{'D7'},{'D6'},{'D1'},{'D3'},{'R1'},{'D4'},{'D2'},{'R2'},{'R3'},&,1.0,&
{'D5'},{'D7'},{'D6'},{'D1'},{'D3'},{'R1'},{'D4'},{'D2'},{'R3'},{'R2'},&,2.0,&
{'D5'},{'D7'},{'D6'},{'D1'},{'D3'},{'R3'},{'D2'},{'D4'},{'R2'},{'R1'},&,1.0,&
{'D5'},{'D7'},{'D6'},{'D1'},{'D3'},{'R3'},{'D4'},{'D2'},{'R1'},{'R2'},&,1.0,&
{'D5'},{'D7'},{'D6'},{'D1'},{'D4'},{'D2'},{'R3'},{'D3'},{'R1'},{'R2'},&,2.0,&
{'D5'},{'D7'},{'D6'},{'D1'},{'D4'},{'D2'},{'D3'},{'R3'},{'R2'},{'R1'},&,2.0,&
{'D5'},{'D7'},{'D6'},{'D1'},{'D4'},{'D2'},{'D3'},{'R3'},{'R1'},{'R2'},&,4.0,&
{'D5'},{'D7'},{'D6'},{'D1'},{'D4'},{'D2'},{'R1'},{'D3'},{'R2'},{'R3'},&,1.0,&
{'D5'},{'D7'},{'D6'},{'D1'},{'D4'},{'D3'},{'R3'},{'D2'},{'R2'},{'R1'},&,3.0,&
{'D5'},{'D7'},{'D6'},{'D1'},{'D4'},{'D3'},{'R3'},{'R2'},{'R1'},{'D2'},&,1.0,&
{'D5'},{'D7'},{'D6'},{'D1'},{'D4'},{'D3'},{'R3'},{'R2'},{'D2'},{'R1'},&,1.0,&
{'D5'},{'D7'},{'D6'},{'D1'},{'D4'},{'D3'},{'D2'},{'R1'},{'R2'},{'R3'},&,1.0,&
{'D5'},{'D7'},{'D6'},{'D1'},{'D4'},{'D3'},{'D2'},{'R1'},{'R3'},{'R2'},&,5.0,&
{'D5'},{'D7'},{'D6'},{'D1'},{'D4'},{'D3'},{'D2'},{'R2'},{'R3'},{'R1'},&,3.0,&
{'D5'},{'D7'},{'D6'},{'D1'},{'D4'},{'D3'},{'D2'},{'R2'},{'R1'},{'R3'},&,1.0,&
{'D5'},{'D7'},{'D6'},{'D1'},{'D4'},{'D3'},{'D2'},{'R3'},{'R2'},{'R1'},&,3.0,&
{'D5'},{'D7'},{'D6'},{'D1'},{'D4'},{'D3'},{'D2'},{'R3'},{'R1'},{'R2'},&,5.0,&
{'D5'},{'D7'},{'D6'},{'D1'},{'D4'},{'D3'},{'R2'},{'D2'},{'R3'},{'R1'},&,1.0,&
{'D5'},{'D7'},{'D6'},{'D1'},{'D4'},{'D3'},{'R2'},{'D2'},{'R1'},{'R3'},&,1.0,&
{'D5'},{'D7'},{'D6'},{'D1'},{'D4'},{'D3'},{'R2'},{'R1'},{'D2'},{'R3'},&,1.0,&
{'D5'},{'D7'},{'D6'},{'D1'},{'D4'},{'D3'},{'R1'},{'D2'},{'R2'},{'R3'},&,2.0,&
{'D5'},{'D7'},{'D6'},{'D1'},{'D4'},{'D3'},{'R1'},{'R3'},{'D2'},{'R2'},&,1.0,&
{'D5'},{'D7'},{'D6'},{'D1'},{'D4'},{'R3'},{'D2'},{'R2'},{'D3'},{'R1'},&,1.0,&
{'D5'},{'D7'},{'D6'},{'D1'},{'D4'},{'R3'},{'D3'},{'D2'},{'R2'},{'R1'},&,1.0,&
{'D5'},{'D7'},{'D6'},{'D1'},{'R3'},{'D3'},{'D4'},{'D2'},{'R1'},{'R2'},&,2.0,&
{'D5'},{'D7'},{'D6'},{'D1'},{'R1'},{'D2'},{'D4'},{'D3'},{'R2'},{'R3'},&,1.0,&
{'D5'},{'D7'},{'D6'},{'D2'},{'D1'},{'D4'},{'D3'},{'R1'},{'R2'},{'R3'},&,1.0,&
{'D5'},{'D7'},{'D6'},{'D2'},{'D1'},{'D4'},{'D3'},{'R1'},{'R3'},{'R2'},&,2.0,&
{'D5'},{'D7'},{'D6'},{'D2'},{'D1'},{'D4'},{'D3'},{'R3'},{'R2'},{'R1'},&,1.0,&
{'D5'},{'D7'},{'D6'},{'D2'},{'D1'},{'D4'},{'D3'},{'R3'},{'R1'},{'R2'},&,1.0,&
{'D5'},{'D7'},{'D6'},{'D2'},{'D1'},{'D3'},{'R3'},{'D4'},{'R1'},{'R2'},&,1.0,&
{'D5'},{'D7'},{'D6'},{'D2'},{'D1'},{'D3'},{'D4'},{'R1'},{'R3'},{'R2'},&,2.0,&
{'D5'},{'D7'},{'D6'},{'D2'},{'D1'},{'D3'},{'D4'},{'R2'},{'R3'},{'R1'},&,4.0,&
{'D5'},{'D7'},{'D6'},{'D2'},{'D1'},{'D3'},{'D4'},{'R2'},{'R1'},{'R3'},&,1.0,&
{'D5'},{'D7'},{'D6'},{'D2'},{'D1'},{'D3'},{'D4'},{'R3'},{'R2'},{'R1'},&,4.0,&
{'D5'},{'D7'},{'D6'},{'D2'},{'D1'},{'D3'},{'D4'},{'R3'},{'R1'},{'R2'},&,3.0,&
{'D5'},{'D7'},{'D6'},{'D2'},{'D3'},{'D4'},{'R3'},{'D1'},{'R2'},{'R1'},&,3.0,&
{'D5'},{'D7'},{'D6'},{'D2'},{'D3'},{'D4'},{'D1'},{'R1'},{'R2'},{'R3'},&,3.0,&
{'D5'},{'D7'},{'D6'},{'D2'},{'D3'},{'D4'},{'D1'},{'R1'},{'R3'},{'R2'},&,4.0,&
{'D5'},{'D7'},{'D6'},{'D2'},{'D3'},{'D4'},{'D1'},{'R2'},{'R3'},{'R1'},&,3.0,&
{'D5'},{'D7'},{'D6'},{'D2'},{'D3'},{'D4'},{'D1'},{'R2'},{'R1'},{'R3'},&,3.0,&
{'D5'},{'D7'},{'D6'},{'D2'},{'D3'},{'D4'},{'D1'},{'R3'},{'R2'},{'R1'},&,5.0,&
{'D5'},{'D7'},{'D6'},{'D2'},{'D3'},{'D4'},{'D1'},{'R3'},{'R1'},{'R2'},&,15.0,&
{'D5'},{'D7'},{'D6'},{'D2'},{'D3'},{'D4'},{'R2'},{'D1'},{'R3'},{'R1'},&,1.0,&
{'D5'},{'D7'},{'D6'},{'D2'},{'D3'},{'D4'},{'R2'},{'D1'},{'R1'},{'R3'},&,1.0,&
{'D5'},{'D7'},{'D6'},{'D2'},{'D3'},{'D1'},{'R3'},{'D4'},{'R2'},{'R1'},&,2.0,&
{'D5'},{'D7'},{'D6'},{'D2'},{'D3'},{'D1'},{'R3'},{'D4'},{'R1'},{'R2'},&,1.0,&
{'D5'},{'D7'},{'D6'},{'D2'},{'D3'},{'D1'},{'D4'},{'R1'},{'R2'},{'R3'},&,2.0,&
{'D5'},{'D7'},{'D6'},{'D2'},{'D3'},{'D1'},{'D4'},{'R1'},{'R3'},{'R2'},&,4.0,&
{'D5'},{'D7'},{'D6'},{'D2'},{'D3'},{'D1'},{'D4'},{'R2'},{'R3'},{'R1'},&,1.0,&
{'D5'},{'D7'},{'D6'},{'D2'},{'D3'},{'D1'},{'D4'},{'R3'},{'R2'},{'R1'},&,8.0,&
{'D5'},{'D7'},{'D6'},{'D2'},{'D3'},{'D1'},{'D4'},{'R3'},{'R1'},{'R2'},&,4.0,&
{'D5'},{'D7'},{'D6'},{'D2'},{'D3'},{'D1'},{'R2'},{'D4'},{'R3'},{'R1'},&,1.0,&
{'D5'},{'D7'},{'D6'},{'D2'},{'D3'},{'D1'},{'R1'},{'R3'},{'D4'},{'R2'},&,1.0,&
{'D5'},{'D7'},{'D6'},{'D2'},{'D3'},{'D1'},{'R1'},{'D4'},{'R3'},{'R2'},&,1.0,&
{'D5'},{'D7'},{'D6'},{'D2'},{'D3'},{'R3'},{'R1'},{'R2'},{'D1'},{'D4'},&,1.0,&
{'D5'},{'D7'},{'D6'},{'D2'},{'D4'},{'D1'},{'D3'},{'R1'},{'R3'},{'R2'},&,1.0,&
{'D5'},{'D7'},{'D6'},{'D2'},{'D4'},{'D1'},{'D3'},{'R2'},{'R3'},{'R1'},&,1.0,&
{'D5'},{'D7'},{'D6'},{'D2'},{'D4'},{'D1'},{'D3'},{'R3'},{'R1'},{'R2'},&,1.0,&
{'D5'},{'D7'},{'D6'},{'D2'},{'D4'},{'D1'},{'R1'},{'D3'},{'R3'},{'R2'},&,1.0,&
{'D5'},{'D7'},{'D6'},{'D2'},{'D4'},{'D3'},{'R3'},{'D1'},{'R1'},{'R2'},&,1.0,&
{'D5'},{'D7'},{'D6'},{'D2'},{'D4'},{'D3'},{'D1'},{'R1'},{'R2'},{'R3'},&,1.0,&
{'D5'},{'D7'},{'D6'},{'D2'},{'D4'},{'D3'},{'D1'},{'R1'},{'R3'},{'R2'},&,1.0,&
{'D5'},{'D7'},{'D6'},{'D2'},{'D4'},{'D3'},{'D1'},{'R2'},{'R3'},{'R1'},&,2.0,&
{'D5'},{'D7'},{'D6'},{'D2'},{'D4'},{'D3'},{'D1'},{'R2'},{'R1'},{'R3'},&,2.0,&
{'D5'},{'D7'},{'D6'},{'D2'},{'D4'},{'D3'},{'D1'},{'R3'},{'R2'},{'R1'},&,7.0,&
{'D5'},{'D7'},{'D6'},{'D2'},{'D4'},{'D3'},{'D1'},{'R3'},{'R1'},{'R2'},&,6.0,&
{'D5'},{'D7'},{'D6'},{'D2'},{'D4'},{'D3'},{'R1'},{'R3'},{'R2'},{'D1'},&,1.0,&
{'D5'},{'D7'},{'D6'},{'D2'},{'D4'},{'D3'},{'R1'},{'D1'},{'R3'},{'R2'},&,1.0,&
{'D5'},{'D7'},{'D6'},{'D2'},{'D4'},{'R2'},{'D1'},{'D3'},{'R1'},{'R3'},&,1.0,&
{'D5'},{'D7'},{'D6'},{'D2'},{'D4'},{'R1'},{'D3'},{'D1'},{'R2'},{'R3'},&,1.0,&
{'D5'},{'D7'},{'D6'},{'D2'},{'D4'},{'R3'},{'D3'},{'R1'},{'D1'},{'R2'},&,1.0,&
{'D5'},{'D7'},{'D6'},{'D2'},{'D4'},{'R3'},{'D3'},{'R2'},{'D1'},{'R1'},&,1.0,&
{'D5'},{'D7'},{'D6'},{'D2'},{'D4'},{'R3'},{'D3'},{'D1'},{'R1'},{'R2'},&,1.0,&
{'D5'},{'D7'},{'D6'},{'D2'},{'R3'},{'D4'},{'D3'},{'D1'},{'R1'},{'R2'},&,1.0,&
{'D5'},{'D7'},{'D6'},{'D2'},{'R3'},{'D3'},{'D1'},{'D4'},{'R2'},{'R1'},&,1.0,&
{'D5'},{'D7'},{'D6'},{'D2'},{'R3'},{'D3'},{'D4'},{'D1'},{'R1'},{'R2'},&,2.0,&
{'D5'},{'D7'},{'D6'},{'D3'},{'D1'},{'D4'},{'R3'},{'D2'},{'R2'},{'R1'},&,2.0,&
{'D5'},{'D7'},{'D6'},{'D3'},{'D1'},{'D4'},{'R3'},{'D2'},{'R1'},{'R2'},&,4.0,&
{'D5'},{'D7'},{'D6'},{'D3'},{'D1'},{'D4'},{'R3'},{'R1'},{'D2'},{'R2'},&,3.0,&
{'D5'},{'D7'},{'D6'},{'D3'},{'D1'},{'D4'},{'R3'},{'R2'},{'D2'},{'R1'},&,1.0,&
{'D5'},{'D7'},{'D6'},{'D3'},{'D1'},{'D4'},{'D2'},{'R1'},{'R2'},{'R3'},&,1.0,&
{'D5'},{'D7'},{'D6'},{'D3'},{'D1'},{'D4'},{'D2'},{'R1'},{'R3'},{'R2'},&,11.0,&
{'D5'},{'D7'},{'D6'},{'D3'},{'D1'},{'D4'},{'D2'},{'R2'},{'R3'},{'R1'},&,9.0,&
{'D5'},{'D7'},{'D6'},{'D3'},{'D1'},{'D4'},{'D2'},{'R2'},{'R1'},{'R3'},&,1.0,&
{'D5'},{'D7'},{'D6'},{'D3'},{'D1'},{'D4'},{'D2'},{'R3'},{'R2'},{'R1'},&,14.0,&
{'D5'},{'D7'},{'D6'},{'D3'},{'D1'},{'D4'},{'D2'},{'R3'},{'R1'},{'R2'},&,17.0,&
{'D5'},{'D7'},{'D6'},{'D3'},{'D1'},{'D4'},{'R2'},{'D2'},{'R3'},{'R1'},&,4.0,&
{'D5'},{'D7'},{'D6'},{'D3'},{'D1'},{'D4'},{'R2'},{'D2'},{'R1'},{'R3'},&,1.0,&
{'D5'},{'D7'},{'D6'},{'D3'},{'D1'},{'D4'},{'R1'},{'D2'},{'R2'},{'R3'},&,1.0,&
{'D5'},{'D7'},{'D6'},{'D3'},{'D1'},{'D4'},{'R1'},{'D2'},{'R3'},{'R2'},&,2.0,&
{'D5'},{'D7'},{'D6'},{'D3'},{'D1'},{'D2'},{'R3'},{'R2'},{'D4'},{'R1'},&,1.0,&
{'D5'},{'D7'},{'D6'},{'D3'},{'D1'},{'D2'},{'R3'},{'D4'},{'R2'},{'R1'},&,3.0,&
{'D5'},{'D7'},{'D6'},{'D3'},{'D1'},{'D2'},{'R3'},{'D4'},{'R1'},{'R2'},&,2.0,&
{'D5'},{'D7'},{'D6'},{'D3'},{'D1'},{'D2'},{'D4'},{'R1'},{'R2'},{'R3'},&,2.0,&
{'D5'},{'D7'},{'D6'},{'D3'},{'D1'},{'D2'},{'D4'},{'R1'},{'R3'},{'R2'},&,3.0,&
{'D5'},{'D7'},{'D6'},{'D3'},{'D1'},{'D2'},{'D4'},{'R2'},{'R3'},{'R1'},&,2.0,&
{'D5'},{'D7'},{'D6'},{'D3'},{'D1'},{'D2'},{'D4'},{'R3'},{'R2'},{'R1'},&,6.0,&
{'D5'},{'D7'},{'D6'},{'D3'},{'D1'},{'D2'},{'D4'},{'R3'},{'R1'},{'R2'},&,9.0,&
{'D5'},{'D7'},{'D6'},{'D3'},{'D1'},{'D2'},{'R2'},{'D4'},{'R1'},{'R3'},&,2.0,&
{'D5'},{'D7'},{'D6'},{'D3'},{'D1'},{'D2'},{'R1'},{'D4'},{'R3'},{'R2'},&,1.0,&
{'D5'},{'D7'},{'D6'},{'D3'},{'D1'},{'R2'},{'D4'},{'D2'},{'R1'},{'R3'},&,1.0,&
{'D5'},{'D7'},{'D6'},{'D3'},{'D1'},{'R1'},{'D2'},{'D4'},{'R3'},{'R2'},&,1.0,&
{'D5'},{'D7'},{'D6'},{'D3'},{'D1'},{'R3'},{'D2'},{'D4'},{'R2'},{'R1'},&,1.0,&
{'D5'},{'D7'},{'D6'},{'D3'},{'D1'},{'R3'},{'D2'},{'D4'},{'R1'},{'R2'},&,2.0,&
{'D5'},{'D7'},{'D6'},{'D3'},{'D1'},{'R3'},{'D4'},{'R1'},{'D2'},{'R2'},&,1.0,&
{'D5'},{'D7'},{'D6'},{'D3'},{'D1'},{'R3'},{'R2'},{'D4'},{'D2'},{'R1'},&,1.0,&
{'D5'},{'D7'},{'D6'},{'D3'},{'D2'},{'D4'},{'R3'},{'R1'},{'D1'},{'R2'},&,1.0,&
{'D5'},{'D7'},{'D6'},{'D3'},{'D2'},{'D4'},{'R3'},{'R2'},{'D1'},{'R1'},&,1.0,&
{'D5'},{'D7'},{'D6'},{'D3'},{'D2'},{'D4'},{'R3'},{'D1'},{'R2'},{'R1'},&,1.0,&
{'D5'},{'D7'},{'D6'},{'D3'},{'D2'},{'D4'},{'R3'},{'D1'},{'R1'},{'R2'},&,1.0,&
{'D5'},{'D7'},{'D6'},{'D3'},{'D2'},{'D4'},{'D1'},{'R1'},{'R2'},{'R3'},&,2.0,&
{'D5'},{'D7'},{'D6'},{'D3'},{'D2'},{'D4'},{'D1'},{'R1'},{'R3'},{'R2'},&,6.0,&
{'D5'},{'D7'},{'D6'},{'D3'},{'D2'},{'D4'},{'D1'},{'R2'},{'R3'},{'R1'},&,8.0,&
{'D5'},{'D7'},{'D6'},{'D3'},{'D2'},{'D4'},{'D1'},{'R2'},{'R1'},{'R3'},&,1.0,&
{'D5'},{'D7'},{'D6'},{'D3'},{'D2'},{'D4'},{'D1'},{'R3'},{'R2'},{'R1'},&,14.0,&
{'D5'},{'D7'},{'D6'},{'D3'},{'D2'},{'D4'},{'D1'},{'R3'},{'R1'},{'R2'},&,14.0,&
{'D5'},{'D7'},{'D6'},{'D3'},{'D2'},{'D4'},{'R2'},{'D1'},{'R3'},{'R1'},&,1.0,&
{'D5'},{'D7'},{'D6'},{'D3'},{'D2'},{'D4'},{'R2'},{'D1'},{'R1'},{'R3'},&,2.0,&
{'D5'},{'D7'},{'D6'},{'D3'},{'D2'},{'D4'},{'R1'},{'R3'},{'R2'},{'D1'},&,1.0,&
{'D5'},{'D7'},{'D6'},{'D3'},{'D2'},{'D4'},{'R1'},{'R3'},{'D1'},{'R2'},&,1.0,&
{'D5'},{'D7'},{'D6'},{'D3'},{'D2'},{'D4'},{'R1'},{'D1'},{'R2'},{'R3'},&,1.0,&
{'D5'},{'D7'},{'D6'},{'D3'},{'D2'},{'D4'},{'R1'},{'D1'},{'R3'},{'R2'},&,3.0,&
{'D5'},{'D7'},{'D6'},{'D3'},{'D2'},{'D1'},{'R3'},{'R2'},{'D4'},{'R1'},&,1.0,&
{'D5'},{'D7'},{'D6'},{'D3'},{'D2'},{'D1'},{'R3'},{'D4'},{'R2'},{'R1'},&,2.0,&
{'D5'},{'D7'},{'D6'},{'D3'},{'D2'},{'D1'},{'R3'},{'D4'},{'R1'},{'R2'},&,5.0,&
{'D5'},{'D7'},{'D6'},{'D3'},{'D2'},{'D1'},{'D4'},{'R1'},{'R2'},{'R3'},&,3.0,&
{'D5'},{'D7'},{'D6'},{'D3'},{'D2'},{'D1'},{'D4'},{'R1'},{'R3'},{'R2'},&,7.0,&
{'D5'},{'D7'},{'D6'},{'D3'},{'D2'},{'D1'},{'D4'},{'R2'},{'R3'},{'R1'},&,7.0,&
{'D5'},{'D7'},{'D6'},{'D3'},{'D2'},{'D1'},{'D4'},{'R2'},{'R1'},{'R3'},&,5.0,&
{'D5'},{'D7'},{'D6'},{'D3'},{'D2'},{'D1'},{'D4'},{'R3'},{'R2'},{'R1'},&,4.0,&
{'D5'},{'D7'},{'D6'},{'D3'},{'D2'},{'D1'},{'D4'},{'R3'},{'R1'},{'R2'},&,14.0,&
{'D5'},{'D7'},{'D6'},{'D3'},{'D2'},{'D1'},{'R2'},{'D4'},{'R3'},{'R1'},&,1.0,&
{'D5'},{'D7'},{'D6'},{'D3'},{'D2'},{'D1'},{'R1'},{'R3'},{'D4'},{'R2'},&,1.0,&
{'D5'},{'D7'},{'D6'},{'D3'},{'D2'},{'D1'},{'R1'},{'D4'},{'R3'},{'R2'},&,1.0,&
{'D5'},{'D7'},{'D6'},{'D3'},{'D2'},{'R1'},{'D4'},{'D1'},{'R3'},{'R2'},&,1.0,&
{'D5'},{'D7'},{'D6'},{'D3'},{'D2'},{'R3'},{'D1'},{'D4'},{'R2'},{'R1'},&,2.0,&
{'D5'},{'D7'},{'D6'},{'D3'},{'D2'},{'R3'},{'D4'},{'D1'},{'R2'},{'R1'},&,1.0,&
{'D5'},{'D7'},{'D6'},{'D3'},{'D2'},{'R3'},{'D4'},{'D1'},{'R1'},{'R2'},&,3.0,&
{'D5'},{'D7'},{'D6'},{'D3'},{'D4'},{'D1'},{'R3'},{'D2'},{'R2'},{'R1'},&,7.0,&
{'D5'},{'D7'},{'D6'},{'D3'},{'D4'},{'D1'},{'R3'},{'D2'},{'R1'},{'R2'},&,9.0,&
{'D5'},{'D7'},{'D6'},{'D3'},{'D4'},{'D1'},{'R3'},{'R2'},{'R1'},{'D2'},&,1.0,&
{'D5'},{'D7'},{'D6'},{'D3'},{'D4'},{'D1'},{'R3'},{'R2'},{'D2'},{'R1'},&,1.0,&
{'D5'},{'D7'},{'D6'},{'D3'},{'D4'},{'D1'},{'D2'},{'R1'},{'R2'},{'R3'},&,5.0,&
{'D5'},{'D7'},{'D6'},{'D3'},{'D4'},{'D1'},{'D2'},{'R1'},{'R3'},{'R2'},&,16.0,&
{'D5'},{'D7'},{'D6'},{'D3'},{'D4'},{'D1'},{'D2'},{'R2'},{'R3'},{'R1'},&,6.0,&
{'D5'},{'D7'},{'D6'},{'D3'},{'D4'},{'D1'},{'D2'},{'R2'},{'R1'},{'R3'},&,4.0,&
{'D5'},{'D7'},{'D6'},{'D3'},{'D4'},{'D1'},{'D2'},{'R3'},{'R2'},{'R1'},&,10.0,&
{'D5'},{'D7'},{'D6'},{'D3'},{'D4'},{'D1'},{'D2'},{'R3'},{'R1'},{'R2'},&,31.0,&
{'D5'},{'D7'},{'D6'},{'D3'},{'D4'},{'D1'},{'R2'},{'D2'},{'R3'},{'R1'},&,1.0,&
{'D5'},{'D7'},{'D6'},{'D3'},{'D4'},{'D1'},{'R2'},{'D2'},{'R1'},{'R3'},&,1.0,&
{'D5'},{'D7'},{'D6'},{'D3'},{'D4'},{'D1'},{'R1'},{'D2'},{'R3'},{'R2'},&,2.0,&
{'D5'},{'D7'},{'D6'},{'D3'},{'D4'},{'D1'},{'R1'},{'R3'},{'D2'},{'R2'},&,1.0,&
{'D5'},{'D7'},{'D6'},{'D3'},{'D4'},{'D2'},{'R3'},{'R1'},{'D1'},{'R2'},&,1.0,&
{'D5'},{'D7'},{'D6'},{'D3'},{'D4'},{'D2'},{'R3'},{'D1'},{'R2'},{'R1'},&,3.0,&
{'D5'},{'D7'},{'D6'},{'D3'},{'D4'},{'D2'},{'R3'},{'D1'},{'R1'},{'R2'},&,5.0,&
{'D5'},{'D7'},{'D6'},{'D3'},{'D4'},{'D2'},{'D1'},{'R1'},{'R2'},{'R3'},&,5.0,&
{'D5'},{'D7'},{'D6'},{'D3'},{'D4'},{'D2'},{'D1'},{'R1'},{'R3'},{'R2'},&,11.0,&
{'D5'},{'D7'},{'D6'},{'D3'},{'D4'},{'D2'},{'D1'},{'R2'},{'R3'},{'R1'},&,3.0,&
{'D5'},{'D7'},{'D6'},{'D3'},{'D4'},{'D2'},{'D1'},{'R2'},{'R1'},{'R3'},&,5.0,&
{'D5'},{'D7'},{'D6'},{'D3'},{'D4'},{'D2'},{'D1'},{'R3'},{'R2'},{'R1'},&,20.0,&
{'D5'},{'D7'},{'D6'},{'D3'},{'D4'},{'D2'},{'D1'},{'R3'},{'R1'},{'R2'},&,19.0,&
{'D5'},{'D7'},{'D6'},{'D3'},{'D4'},{'D2'},{'R2'},{'R3'},{'R1'},{'D1'},&,1.0,&
{'D5'},{'D7'},{'D6'},{'D3'},{'D4'},{'D2'},{'R2'},{'D1'},{'R1'},{'R3'},&,2.0,&
{'D5'},{'D7'},{'D6'},{'D3'},{'D4'},{'D2'},{'R1'},{'R3'},{'D1'},{'R2'},&,1.0,&
{'D5'},{'D7'},{'D6'},{'D3'},{'D4'},{'D2'},{'R1'},{'D1'},{'R3'},{'R2'},&,2.0,&
{'D5'},{'D7'},{'D6'},{'D3'},{'D4'},{'R2'},{'D2'},{'D1'},{'R3'},{'R1'},&,1.0,&
{'D5'},{'D7'},{'D6'},{'D3'},{'D4'},{'R2'},{'D1'},{'D2'},{'R3'},{'R1'},&,1.0,&
{'D5'},{'D7'},{'D6'},{'D3'},{'D4'},{'R2'},{'D1'},{'D2'},{'R1'},{'R3'},&,2.0,&
{'D5'},{'D7'},{'D6'},{'D3'},{'D4'},{'R1'},{'R3'},{'D2'},{'D1'},{'R2'},&,1.0,&
{'D5'},{'D7'},{'D6'},{'D3'},{'D4'},{'R1'},{'D1'},{'D2'},{'R3'},{'R2'},&,2.0,&
{'D5'},{'D7'},{'D6'},{'D3'},{'D4'},{'R3'},{'D2'},{'R2'},{'D1'},{'R1'},&,2.0,&
{'D5'},{'D7'},{'D6'},{'D3'},{'D4'},{'R3'},{'D1'},{'D2'},{'R2'},{'R1'},&,3.0,&
{'D5'},{'D7'},{'D6'},{'D3'},{'D4'},{'R3'},{'D1'},{'D2'},{'R1'},{'R2'},&,1.0,&
{'D5'},{'D7'},{'D6'},{'D3'},{'D4'},{'R3'},{'D1'},{'R2'},{'D2'},{'R1'},&,1.0,&
{'D5'},{'D7'},{'D6'},{'D3'},{'R3'},{'D4'},{'D2'},{'D1'},{'R1'},{'R2'},&,2.0,&
{'D5'},{'D7'},{'D6'},{'D3'},{'R3'},{'D4'},{'D1'},{'D2'},{'R2'},{'R1'},&,1.0,&
{'D5'},{'D7'},{'D6'},{'D3'},{'R3'},{'D1'},{'D2'},{'D4'},{'R1'},{'R2'},&,1.0,&
{'D5'},{'D7'},{'D6'},{'D3'},{'R3'},{'D1'},{'D4'},{'D2'},{'R2'},{'R1'},&,1.0,&
{'D5'},{'D7'},{'D6'},{'D3'},{'R3'},{'D2'},{'D4'},{'D1'},{'R1'},{'R2'},&,1.0,&
{'D5'},{'D7'},{'D6'},{'D3'},{'R2'},{'D2'},{'R1'},{'D1'},{'D4'},{'R3'},&,1.0,&
{'D5'},{'D7'},{'D6'},{'D3'},{'R1'},{'D1'},{'D2'},{'R3'},{'D4'},{'R2'},&,1.0,&
{'D5'},{'D7'},{'D6'},{'D4'},{'D1'},{'D2'},{'R3'},{'D3'},{'R2'},{'R1'},&,1.0,&
{'D5'},{'D7'},{'D6'},{'D4'},{'D1'},{'D2'},{'D3'},{'R1'},{'R3'},{'R2'},&,1.0,&
{'D5'},{'D7'},{'D6'},{'D4'},{'D1'},{'D2'},{'D3'},{'R2'},{'R3'},{'R1'},&,2.0,&
{'D5'},{'D7'},{'D6'},{'D4'},{'D1'},{'D2'},{'D3'},{'R3'},{'R2'},{'R1'},&,3.0,&
{'D5'},{'D7'},{'D6'},{'D4'},{'D1'},{'D2'},{'D3'},{'R3'},{'R1'},{'R2'},&,2.0,&
{'D5'},{'D7'},{'D6'},{'D4'},{'D1'},{'D3'},{'R3'},{'D2'},{'R2'},{'R1'},&,1.0,&
{'D5'},{'D7'},{'D6'},{'D4'},{'D1'},{'D3'},{'D2'},{'R1'},{'R2'},{'R3'},&,2.0,&
{'D5'},{'D7'},{'D6'},{'D4'},{'D1'},{'D3'},{'D2'},{'R1'},{'R3'},{'R2'},&,1.0,&
{'D5'},{'D7'},{'D6'},{'D4'},{'D1'},{'D3'},{'D2'},{'R2'},{'R3'},{'R1'},&,7.0,&
{'D5'},{'D7'},{'D6'},{'D4'},{'D1'},{'D3'},{'D2'},{'R2'},{'R1'},{'R3'},&,2.0,&
{'D5'},{'D7'},{'D6'},{'D4'},{'D1'},{'D3'},{'D2'},{'R3'},{'R2'},{'R1'},&,8.0,&
{'D5'},{'D7'},{'D6'},{'D4'},{'D1'},{'D3'},{'D2'},{'R3'},{'R1'},{'R2'},&,11.0,&
{'D5'},{'D7'},{'D6'},{'D4'},{'D1'},{'D3'},{'R2'},{'D2'},{'R3'},{'R1'},&,1.0,&
{'D5'},{'D7'},{'D6'},{'D4'},{'D1'},{'D3'},{'R1'},{'D2'},{'R3'},{'R2'},&,1.0,&
{'D5'},{'D7'},{'D6'},{'D4'},{'D1'},{'R2'},{'D3'},{'D2'},{'R3'},{'R1'},&,2.0,&
{'D5'},{'D7'},{'D6'},{'D4'},{'D1'},{'R1'},{'R3'},{'D3'},{'R2'},{'D2'},&,1.0,&
{'D5'},{'D7'},{'D6'},{'D4'},{'D1'},{'R1'},{'D3'},{'D2'},{'R3'},{'R2'},&,1.0,&
{'D5'},{'D7'},{'D6'},{'D4'},{'D1'},{'R3'},{'D3'},{'D2'},{'R2'},{'R1'},&,1.0,&
{'D5'},{'D7'},{'D6'},{'D4'},{'D1'},{'R3'},{'D3'},{'R2'},{'D2'},{'R1'},&,1.0,&
{'D5'},{'D7'},{'D6'},{'D4'},{'D2'},{'D1'},{'R3'},{'R2'},{'D3'},{'R1'},&,1.0,&
{'D5'},{'D7'},{'D6'},{'D4'},{'D2'},{'D1'},{'R3'},{'D3'},{'R2'},{'R1'},&,1.0,&
{'D5'},{'D7'},{'D6'},{'D4'},{'D2'},{'D1'},{'R2'},{'D3'},{'R3'},{'R1'},&,1.0,&
{'D5'},{'D7'},{'D6'},{'D4'},{'D2'},{'D1'},{'D3'},{'R2'},{'R3'},{'R1'},&,1.0,&
{'D5'},{'D7'},{'D6'},{'D4'},{'D2'},{'D1'},{'D3'},{'R2'},{'R1'},{'R3'},&,2.0,&
{'D5'},{'D7'},{'D6'},{'D4'},{'D2'},{'D1'},{'D3'},{'R3'},{'R2'},{'R1'},&,2.0,&
{'D5'},{'D7'},{'D6'},{'D4'},{'D2'},{'D1'},{'D3'},{'R3'},{'R1'},{'R2'},&,1.0,&
{'D5'},{'D7'},{'D6'},{'D4'},{'D2'},{'D1'},{'R1'},{'D3'},{'R3'},{'R2'},&,2.0,&
{'D5'},{'D7'},{'D6'},{'D4'},{'D2'},{'D3'},{'R3'},{'D1'},{'R2'},{'R1'},&,4.0,&
{'D5'},{'D7'},{'D6'},{'D4'},{'D2'},{'D3'},{'R3'},{'D1'},{'R1'},{'R2'},&,1.0,&
{'D5'},{'D7'},{'D6'},{'D4'},{'D2'},{'D3'},{'D1'},{'R1'},{'R3'},{'R2'},&,2.0,&
{'D5'},{'D7'},{'D6'},{'D4'},{'D2'},{'D3'},{'D1'},{'R2'},{'R3'},{'R1'},&,6.0,&
{'D5'},{'D7'},{'D6'},{'D4'},{'D2'},{'D3'},{'D1'},{'R2'},{'R1'},{'R3'},&,1.0,&
{'D5'},{'D7'},{'D6'},{'D4'},{'D2'},{'D3'},{'D1'},{'R3'},{'R2'},{'R1'},&,1.0,&
{'D5'},{'D7'},{'D6'},{'D4'},{'D2'},{'D3'},{'D1'},{'R3'},{'R1'},{'R2'},&,8.0,&
{'D5'},{'D7'},{'D6'},{'D4'},{'D2'},{'D3'},{'R2'},{'R3'},{'D1'},{'R1'},&,1.0,&
{'D5'},{'D7'},{'D6'},{'D4'},{'D2'},{'D3'},{'R2'},{'D1'},{'R3'},{'R1'},&,2.0,&
{'D5'},{'D7'},{'D6'},{'D4'},{'D2'},{'R2'},{'D3'},{'D1'},{'R3'},{'R1'},&,1.0,&
{'D5'},{'D7'},{'D6'},{'D4'},{'D2'},{'R3'},{'D1'},{'D3'},{'R1'},{'R2'},&,1.0,&
{'D5'},{'D7'},{'D6'},{'D4'},{'D2'},{'R3'},{'D3'},{'R1'},{'D1'},{'R2'},&,2.0,&
{'D5'},{'D7'},{'D6'},{'D4'},{'D3'},{'D1'},{'R3'},{'D2'},{'R2'},{'R1'},&,4.0,&
{'D5'},{'D7'},{'D6'},{'D4'},{'D3'},{'D1'},{'R3'},{'D2'},{'R1'},{'R2'},&,2.0,&
{'D5'},{'D7'},{'D6'},{'D4'},{'D3'},{'D1'},{'R3'},{'R2'},{'D2'},{'R1'},&,3.0,&
{'D5'},{'D7'},{'D6'},{'D4'},{'D3'},{'D1'},{'D2'},{'R1'},{'R2'},{'R3'},&,3.0,&
{'D5'},{'D7'},{'D6'},{'D4'},{'D3'},{'D1'},{'D2'},{'R1'},{'R3'},{'R2'},&,11.0,&
{'D5'},{'D7'},{'D6'},{'D4'},{'D3'},{'D1'},{'D2'},{'R2'},{'R3'},{'R1'},&,9.0,&
{'D5'},{'D7'},{'D6'},{'D4'},{'D3'},{'D1'},{'D2'},{'R2'},{'R1'},{'R3'},&,6.0,&
{'D5'},{'D7'},{'D6'},{'D4'},{'D3'},{'D1'},{'D2'},{'R3'},{'R2'},{'R1'},&,14.0,&
{'D5'},{'D7'},{'D6'},{'D4'},{'D3'},{'D1'},{'D2'},{'R3'},{'R1'},{'R2'},&,14.0,&
{'D5'},{'D7'},{'D6'},{'D4'},{'D3'},{'D1'},{'R2'},{'D2'},{'R1'},{'R3'},&,3.0,&
{'D5'},{'D7'},{'D6'},{'D4'},{'D3'},{'D1'},{'R1'},{'D2'},{'R3'},{'R2'},&,4.0,&
{'D5'},{'D7'},{'D6'},{'D4'},{'D3'},{'D2'},{'R3'},{'R1'},{'D1'},{'R2'},&,1.0,&
{'D5'},{'D7'},{'D6'},{'D4'},{'D3'},{'D2'},{'R3'},{'R2'},{'D1'},{'R1'},&,4.0,&
{'D5'},{'D7'},{'D6'},{'D4'},{'D3'},{'D2'},{'R3'},{'D1'},{'R2'},{'R1'},&,4.0,&
{'D5'},{'D7'},{'D6'},{'D4'},{'D3'},{'D2'},{'R3'},{'D1'},{'R1'},{'R2'},&,4.0,&
{'D5'},{'D7'},{'D6'},{'D4'},{'D3'},{'D2'},{'D1'},{'R1'},{'R2'},{'R3'},&,3.0,&
{'D5'},{'D7'},{'D6'},{'D4'},{'D3'},{'D2'},{'D1'},{'R1'},{'R3'},{'R2'},&,7.0,&
{'D5'},{'D7'},{'D6'},{'D4'},{'D3'},{'D2'},{'D1'},{'R2'},{'R3'},{'R1'},&,5.0,&
{'D5'},{'D7'},{'D6'},{'D4'},{'D3'},{'D2'},{'D1'},{'R2'},{'R1'},{'R3'},&,2.0,&
{'D5'},{'D7'},{'D6'},{'D4'},{'D3'},{'D2'},{'D1'},{'R3'},{'R2'},{'R1'},&,12.0,&
{'D5'},{'D7'},{'D6'},{'D4'},{'D3'},{'D2'},{'D1'},{'R3'},{'R1'},{'R2'},&,9.0,&
{'D5'},{'D7'},{'D6'},{'D4'},{'D3'},{'D2'},{'R2'},{'D1'},{'R1'},{'R3'},&,1.0,&
{'D5'},{'D7'},{'D6'},{'D4'},{'D3'},{'D2'},{'R1'},{'D1'},{'R2'},{'R3'},&,2.0,&
{'D5'},{'D7'},{'D6'},{'D4'},{'D3'},{'D2'},{'R1'},{'D1'},{'R3'},{'R2'},&,1.0,&
{'D5'},{'D7'},{'D6'},{'D4'},{'D3'},{'R2'},{'D1'},{'R3'},{'D2'},{'R1'},&,2.0,&
{'D5'},{'D7'},{'D6'},{'D4'},{'D3'},{'R3'},{'D2'},{'R1'},{'D1'},{'R2'},&,1.0,&
{'D5'},{'D7'},{'D6'},{'D4'},{'D3'},{'R3'},{'D2'},{'D1'},{'R2'},{'R1'},&,1.0,&
{'D5'},{'D7'},{'D6'},{'D4'},{'D3'},{'R3'},{'D1'},{'D2'},{'R2'},{'R1'},&,1.0,&
{'D5'},{'D7'},{'D6'},{'D4'},{'D3'},{'R3'},{'D1'},{'D2'},{'R1'},{'R2'},&,2.0,&
{'D5'},{'D7'},{'D6'},{'D4'},{'R3'},{'D3'},{'D2'},{'D1'},{'R1'},{'R2'},&,1.0,&
{'D5'},{'D7'},{'D6'},{'R3'},{'D1'},{'D2'},{'D3'},{'R1'},{'D4'},{'R2'},&,1.0,&
{'D5'},{'D7'},{'D6'},{'R3'},{'D3'},{'D4'},{'D1'},{'R1'},{'D2'},{'R2'},&,1.0,&
{'D5'},{'D7'},{'D1'},{'D2'},{'D3'},{'D6'},{'R3'},{'D4'},{'R2'},{'R1'},&,1.0,&
{'D5'},{'D7'},{'D1'},{'D2'},{'D3'},{'D6'},{'R3'},{'D4'},{'R1'},{'R2'},&,1.0,&
{'D5'},{'D7'},{'D1'},{'D2'},{'D3'},{'D6'},{'D4'},{'R1'},{'R2'},{'R3'},&,1.0,&
{'D5'},{'D7'},{'D1'},{'D2'},{'D3'},{'D6'},{'D4'},{'R1'},{'R3'},{'R2'},&,2.0,&
{'D5'},{'D7'},{'D1'},{'D2'},{'D3'},{'D6'},{'D4'},{'R2'},{'R3'},{'R1'},&,1.0,&
{'D5'},{'D7'},{'D1'},{'D2'},{'D3'},{'D6'},{'D4'},{'R3'},{'R2'},{'R1'},&,3.0,&
{'D5'},{'D7'},{'D1'},{'D2'},{'D3'},{'D6'},{'D4'},{'R3'},{'R1'},{'R2'},&,2.0,&
{'D5'},{'D7'},{'D1'},{'D2'},{'D3'},{'D6'},{'R2'},{'D4'},{'R3'},{'R1'},&,1.0,&
{'D5'},{'D7'},{'D1'},{'D2'},{'D3'},{'D4'},{'D6'},{'R1'},{'R2'},{'R3'},&,1.0,&
{'D5'},{'D7'},{'D1'},{'D2'},{'D3'},{'D4'},{'D6'},{'R1'},{'R3'},{'R2'},&,1.0,&
{'D5'},{'D7'},{'D1'},{'D2'},{'D3'},{'D4'},{'D6'},{'R2'},{'R3'},{'R1'},&,1.0,&
{'D5'},{'D7'},{'D1'},{'D2'},{'D3'},{'D4'},{'D6'},{'R3'},{'R2'},{'R1'},&,2.0,&
{'D5'},{'D7'},{'D1'},{'D2'},{'D3'},{'D4'},{'D6'},{'R3'},{'R1'},{'R2'},&,2.0,&
{'D5'},{'D7'},{'D1'},{'D2'},{'D3'},{'R1'},{'D6'},{'D4'},{'R3'},{'R2'},&,1.0,&
{'D5'},{'D7'},{'D1'},{'D2'},{'D6'},{'D4'},{'R3'},{'D3'},{'R1'},{'R2'},&,2.0,&
{'D5'},{'D7'},{'D1'},{'D2'},{'D6'},{'D4'},{'R2'},{'D3'},{'R3'},{'R1'},&,1.0,&
{'D5'},{'D7'},{'D1'},{'D2'},{'D6'},{'D4'},{'D3'},{'R2'},{'R3'},{'R1'},&,2.0,&
{'D5'},{'D7'},{'D1'},{'D2'},{'D6'},{'D3'},{'R3'},{'R1'},{'D4'},{'R2'},&,1.0,&
{'D5'},{'D7'},{'D1'},{'D2'},{'D6'},{'D3'},{'D4'},{'R1'},{'R3'},{'R2'},&,2.0,&
{'D5'},{'D7'},{'D1'},{'D2'},{'D6'},{'D3'},{'D4'},{'R3'},{'R2'},{'R1'},&,2.0,&
{'D5'},{'D7'},{'D1'},{'D2'},{'D6'},{'D3'},{'R1'},{'D4'},{'R3'},{'R2'},&,1.0,&
{'D5'},{'D7'},{'D1'},{'D2'},{'D6'},{'R3'},{'D3'},{'D4'},{'R1'},{'R2'},&,1.0,&
{'D5'},{'D7'},{'D1'},{'D2'},{'D4'},{'D6'},{'R3'},{'D3'},{'R2'},{'R1'},&,1.0,&
{'D5'},{'D7'},{'D1'},{'D2'},{'D4'},{'D6'},{'D3'},{'R2'},{'R3'},{'R1'},&,1.0,&
{'D5'},{'D7'},{'D1'},{'D2'},{'D4'},{'D6'},{'D3'},{'R3'},{'R2'},{'R1'},&,1.0,&
{'D5'},{'D7'},{'D1'},{'D2'},{'D4'},{'D3'},{'R2'},{'R3'},{'D6'},{'R1'},&,1.0,&
{'D5'},{'D7'},{'D1'},{'D2'},{'D4'},{'D3'},{'D6'},{'R2'},{'R1'},{'R3'},&,1.0,&
{'D5'},{'D7'},{'D1'},{'D2'},{'R3'},{'D6'},{'D3'},{'D4'},{'R2'},{'R1'},&,1.0,&
{'D5'},{'D7'},{'D1'},{'D3'},{'D2'},{'D6'},{'R3'},{'D4'},{'R1'},{'R2'},&,1.0,&
{'D5'},{'D7'},{'D1'},{'D3'},{'D2'},{'D6'},{'D4'},{'R1'},{'R3'},{'R2'},&,3.0,&
{'D5'},{'D7'},{'D1'},{'D3'},{'D2'},{'D6'},{'D4'},{'R2'},{'R3'},{'R1'},&,2.0,&
{'D5'},{'D7'},{'D1'},{'D3'},{'D2'},{'D6'},{'D4'},{'R3'},{'R2'},{'R1'},&,1.0,&
{'D5'},{'D7'},{'D1'},{'D3'},{'D2'},{'D6'},{'D4'},{'R3'},{'R1'},{'R2'},&,1.0,&
{'D5'},{'D7'},{'D1'},{'D3'},{'D2'},{'D4'},{'D6'},{'R3'},{'R2'},{'R1'},&,1.0,&
{'D5'},{'D7'},{'D1'},{'D3'},{'D2'},{'R2'},{'D4'},{'D6'},{'R1'},{'R3'},&,1.0,&
{'D5'},{'D7'},{'D1'},{'D3'},{'D2'},{'R2'},{'D6'},{'D4'},{'R3'},{'R1'},&,1.0,&
{'D5'},{'D7'},{'D1'},{'D3'},{'D2'},{'R3'},{'D4'},{'R2'},{'D6'},{'R1'},&,1.0,&
{'D5'},{'D7'},{'D1'},{'D3'},{'D6'},{'D4'},{'R3'},{'R1'},{'D2'},{'R2'},&,1.0,&
{'D5'},{'D7'},{'D1'},{'D3'},{'D6'},{'D4'},{'D2'},{'R1'},{'R3'},{'R2'},&,5.0,&
{'D5'},{'D7'},{'D1'},{'D3'},{'D6'},{'D4'},{'D2'},{'R2'},{'R3'},{'R1'},&,4.0,&
{'D5'},{'D7'},{'D1'},{'D3'},{'D6'},{'D4'},{'D2'},{'R3'},{'R2'},{'R1'},&,7.0,&
{'D5'},{'D7'},{'D1'},{'D3'},{'D6'},{'D4'},{'D2'},{'R3'},{'R1'},{'R2'},&,4.0,&
{'D5'},{'D7'},{'D1'},{'D3'},{'D6'},{'D4'},{'R2'},{'D2'},{'R3'},{'R1'},&,1.0,&
{'D5'},{'D7'},{'D1'},{'D3'},{'D6'},{'D4'},{'R2'},{'D2'},{'R1'},{'R3'},&,1.0,&
{'D5'},{'D7'},{'D1'},{'D3'},{'D6'},{'D4'},{'R1'},{'D2'},{'R2'},{'R3'},&,2.0,&
{'D5'},{'D7'},{'D1'},{'D3'},{'D6'},{'D4'},{'R1'},{'D2'},{'R3'},{'R2'},&,2.0,&
{'D5'},{'D7'},{'D1'},{'D3'},{'D6'},{'D4'},{'R1'},{'R3'},{'D2'},{'R2'},&,1.0,&
{'D5'},{'D7'},{'D1'},{'D3'},{'D6'},{'D2'},{'R3'},{'R1'},{'D4'},{'R2'},&,1.0,&
{'D5'},{'D7'},{'D1'},{'D3'},{'D6'},{'D2'},{'D4'},{'R1'},{'R3'},{'R2'},&,1.0,&
{'D5'},{'D7'},{'D1'},{'D3'},{'D6'},{'D2'},{'D4'},{'R2'},{'R3'},{'R1'},&,2.0,&
{'D5'},{'D7'},{'D1'},{'D3'},{'D6'},{'D2'},{'D4'},{'R2'},{'R1'},{'R3'},&,1.0,&
{'D5'},{'D7'},{'D1'},{'D3'},{'D6'},{'D2'},{'D4'},{'R3'},{'R2'},{'R1'},&,3.0,&
{'D5'},{'D7'},{'D1'},{'D3'},{'D6'},{'D2'},{'D4'},{'R3'},{'R1'},{'R2'},&,1.0,&
{'D5'},{'D7'},{'D1'},{'D3'},{'D6'},{'D2'},{'R2'},{'R3'},{'D4'},{'R1'},&,1.0,&
{'D5'},{'D7'},{'D1'},{'D3'},{'D6'},{'D2'},{'R2'},{'D4'},{'R1'},{'R3'},&,1.0,&
{'D5'},{'D7'},{'D1'},{'D3'},{'D6'},{'R2'},{'D4'},{'D2'},{'R3'},{'R1'},&,1.0,&
{'D5'},{'D7'},{'D1'},{'D3'},{'D4'},{'D6'},{'R3'},{'D2'},{'R2'},{'R1'},&,1.0,&
{'D5'},{'D7'},{'D1'},{'D3'},{'D4'},{'D6'},{'R3'},{'D2'},{'R1'},{'R2'},&,2.0,&
{'D5'},{'D7'},{'D1'},{'D3'},{'D4'},{'D6'},{'D2'},{'R1'},{'R3'},{'R2'},&,1.0,&
{'D5'},{'D7'},{'D1'},{'D3'},{'D4'},{'D6'},{'D2'},{'R2'},{'R3'},{'R1'},&,2.0,&
{'D5'},{'D7'},{'D1'},{'D3'},{'D4'},{'D6'},{'D2'},{'R2'},{'R1'},{'R3'},&,1.0,&
{'D5'},{'D7'},{'D1'},{'D3'},{'D4'},{'D6'},{'D2'},{'R3'},{'R2'},{'R1'},&,6.0,&
{'D5'},{'D7'},{'D1'},{'D3'},{'D4'},{'D6'},{'D2'},{'R3'},{'R1'},{'R2'},&,8.0,&
{'D5'},{'D7'},{'D1'},{'D3'},{'D4'},{'D6'},{'R1'},{'D2'},{'R2'},{'R3'},&,1.0,&
{'D5'},{'D7'},{'D1'},{'D3'},{'D4'},{'D2'},{'D6'},{'R1'},{'R3'},{'R2'},&,1.0,&
{'D5'},{'D7'},{'D1'},{'D3'},{'D4'},{'D2'},{'D6'},{'R3'},{'R2'},{'R1'},&,1.0,&
{'D5'},{'D7'},{'D1'},{'D3'},{'D4'},{'D2'},{'D6'},{'R3'},{'R1'},{'R2'},&,1.0,&
{'D5'},{'D7'},{'D1'},{'D3'},{'D4'},{'R3'},{'D6'},{'D2'},{'R1'},{'R2'},&,2.0,&
{'D5'},{'D7'},{'D1'},{'D3'},{'D4'},{'R3'},{'D6'},{'R1'},{'R2'},{'D2'},&,1.0,&
{'D5'},{'D7'},{'D1'},{'D3'},{'D4'},{'R3'},{'D6'},{'R1'},{'D2'},{'R2'},&,1.0,&
{'D5'},{'D7'},{'D1'},{'D3'},{'R3'},{'D6'},{'D4'},{'D2'},{'R1'},{'R2'},&,1.0,&
{'D5'},{'D7'},{'D1'},{'D3'},{'R1'},{'D4'},{'D6'},{'R3'},{'D2'},{'R2'},&,1.0,&
{'D5'},{'D7'},{'D1'},{'R1'},{'D3'},{'D6'},{'D4'},{'D2'},{'R3'},{'R2'},&,2.0,&
{'D5'},{'D7'},{'D1'},{'D6'},{'D2'},{'D4'},{'R3'},{'D3'},{'R1'},{'R2'},&,1.0,&
{'D5'},{'D7'},{'D1'},{'D6'},{'D2'},{'D4'},{'D3'},{'R2'},{'R3'},{'R1'},&,2.0,&
{'D5'},{'D7'},{'D1'},{'D6'},{'D2'},{'D4'},{'D3'},{'R2'},{'R1'},{'R3'},&,2.0,&
{'D5'},{'D7'},{'D1'},{'D6'},{'D2'},{'D4'},{'D3'},{'R3'},{'R2'},{'R1'},&,1.0,&
{'D5'},{'D7'},{'D1'},{'D6'},{'D2'},{'D4'},{'D3'},{'R3'},{'R1'},{'R2'},&,1.0,&
{'D5'},{'D7'},{'D1'},{'D6'},{'D2'},{'D3'},{'R3'},{'D4'},{'R2'},{'R1'},&,1.0,&
{'D5'},{'D7'},{'D1'},{'D6'},{'D2'},{'D3'},{'D4'},{'R1'},{'R2'},{'R3'},&,1.0,&
{'D5'},{'D7'},{'D1'},{'D6'},{'D2'},{'D3'},{'D4'},{'R1'},{'R3'},{'R2'},&,1.0,&
{'D5'},{'D7'},{'D1'},{'D6'},{'D2'},{'D3'},{'D4'},{'R2'},{'R3'},{'R1'},&,1.0,&
{'D5'},{'D7'},{'D1'},{'D6'},{'D2'},{'D3'},{'D4'},{'R2'},{'R1'},{'R3'},&,1.0,&
{'D5'},{'D7'},{'D1'},{'D6'},{'D2'},{'D3'},{'D4'},{'R3'},{'R2'},{'R1'},&,5.0,&
{'D5'},{'D7'},{'D1'},{'D6'},{'D2'},{'D3'},{'R2'},{'D4'},{'R1'},{'R3'},&,1.0,&
{'D5'},{'D7'},{'D1'},{'D6'},{'D2'},{'R2'},{'R3'},{'D3'},{'D4'},{'R1'},&,1.0,&
{'D5'},{'D7'},{'D1'},{'D6'},{'D2'},{'R3'},{'D3'},{'R1'},{'D4'},{'R2'},&,1.0,&
{'D5'},{'D7'},{'D1'},{'D6'},{'D3'},{'D4'},{'R3'},{'D2'},{'R2'},{'R1'},&,4.0,&
{'D5'},{'D7'},{'D1'},{'D6'},{'D3'},{'D4'},{'R3'},{'D2'},{'R1'},{'R2'},&,4.0,&
{'D5'},{'D7'},{'D1'},{'D6'},{'D3'},{'D4'},{'R3'},{'R1'},{'D2'},{'R2'},&,1.0,&
{'D5'},{'D7'},{'D1'},{'D6'},{'D3'},{'D4'},{'R3'},{'R2'},{'D2'},{'R1'},&,1.0,&
{'D5'},{'D7'},{'D1'},{'D6'},{'D3'},{'D4'},{'D2'},{'R1'},{'R2'},{'R3'},&,2.0,&
{'D5'},{'D7'},{'D1'},{'D6'},{'D3'},{'D4'},{'D2'},{'R1'},{'R3'},{'R2'},&,6.0,&
{'D5'},{'D7'},{'D1'},{'D6'},{'D3'},{'D4'},{'D2'},{'R2'},{'R3'},{'R1'},&,5.0,&
{'D5'},{'D7'},{'D1'},{'D6'},{'D3'},{'D4'},{'D2'},{'R3'},{'R2'},{'R1'},&,8.0,&
{'D5'},{'D7'},{'D1'},{'D6'},{'D3'},{'D4'},{'D2'},{'R3'},{'R1'},{'R2'},&,14.0,&
{'D5'},{'D7'},{'D1'},{'D6'},{'D3'},{'D4'},{'R2'},{'D2'},{'R3'},{'R1'},&,2.0,&
{'D5'},{'D7'},{'D1'},{'D6'},{'D3'},{'D4'},{'R2'},{'R3'},{'D2'},{'R1'},&,1.0,&
{'D5'},{'D7'},{'D1'},{'D6'},{'D3'},{'D4'},{'R1'},{'R2'},{'D2'},{'R3'},&,1.0,&
{'D5'},{'D7'},{'D1'},{'D6'},{'D3'},{'D2'},{'R3'},{'R1'},{'D4'},{'R2'},&,1.0,&
{'D5'},{'D7'},{'D1'},{'D6'},{'D3'},{'D2'},{'D4'},{'R1'},{'R3'},{'R2'},&,2.0,&
{'D5'},{'D7'},{'D1'},{'D6'},{'D3'},{'D2'},{'D4'},{'R2'},{'R3'},{'R1'},&,4.0,&
{'D5'},{'D7'},{'D1'},{'D6'},{'D3'},{'D2'},{'D4'},{'R2'},{'R1'},{'R3'},&,4.0,&
{'D5'},{'D7'},{'D1'},{'D6'},{'D3'},{'D2'},{'D4'},{'R3'},{'R2'},{'R1'},&,4.0,&
{'D5'},{'D7'},{'D1'},{'D6'},{'D3'},{'D2'},{'D4'},{'R3'},{'R1'},{'R2'},&,5.0,&
{'D5'},{'D7'},{'D1'},{'D6'},{'D3'},{'D2'},{'R2'},{'R1'},{'D4'},{'R3'},&,1.0,&
{'D5'},{'D7'},{'D1'},{'D6'},{'D3'},{'D2'},{'R1'},{'D4'},{'R3'},{'R2'},&,1.0,&
{'D5'},{'D7'},{'D1'},{'D6'},{'D3'},{'R2'},{'D2'},{'D4'},{'R1'},{'R3'},&,1.0,&
{'D5'},{'D7'},{'D1'},{'D6'},{'D3'},{'R1'},{'D2'},{'D4'},{'R2'},{'R3'},&,1.0,&
{'D5'},{'D7'},{'D1'},{'D6'},{'D3'},{'R3'},{'D2'},{'R2'},{'D4'},{'R1'},&,1.0,&
{'D5'},{'D7'},{'D1'},{'D6'},{'D3'},{'R3'},{'D4'},{'D2'},{'R2'},{'R1'},&,1.0,&
{'D5'},{'D7'},{'D1'},{'D6'},{'D4'},{'D2'},{'R3'},{'D3'},{'R1'},{'R2'},&,1.0,&
{'D5'},{'D7'},{'D1'},{'D6'},{'D4'},{'D2'},{'D3'},{'R3'},{'R2'},{'R1'},&,1.0,&
{'D5'},{'D7'},{'D1'},{'D6'},{'D4'},{'D2'},{'D3'},{'R3'},{'R1'},{'R2'},&,2.0,&
{'D5'},{'D7'},{'D1'},{'D6'},{'D4'},{'D2'},{'R1'},{'R3'},{'R2'},{'D3'},&,1.0,&
{'D5'},{'D7'},{'D1'},{'D6'},{'D4'},{'D3'},{'R3'},{'D2'},{'R2'},{'R1'},&,1.0,&
{'D5'},{'D7'},{'D1'},{'D6'},{'D4'},{'D3'},{'R3'},{'D2'},{'R1'},{'R2'},&,4.0,&
{'D5'},{'D7'},{'D1'},{'D6'},{'D4'},{'D3'},{'R3'},{'R2'},{'D2'},{'R1'},&,1.0,&
{'D5'},{'D7'},{'D1'},{'D6'},{'D4'},{'D3'},{'D2'},{'R1'},{'R2'},{'R3'},&,1.0,&
{'D5'},{'D7'},{'D1'},{'D6'},{'D4'},{'D3'},{'D2'},{'R1'},{'R3'},{'R2'},&,2.0,&
{'D5'},{'D7'},{'D1'},{'D6'},{'D4'},{'D3'},{'D2'},{'R2'},{'R3'},{'R1'},&,3.0,&
{'D5'},{'D7'},{'D1'},{'D6'},{'D4'},{'D3'},{'D2'},{'R2'},{'R1'},{'R3'},&,1.0,&
{'D5'},{'D7'},{'D1'},{'D6'},{'D4'},{'D3'},{'D2'},{'R3'},{'R2'},{'R1'},&,4.0,&
{'D5'},{'D7'},{'D1'},{'D6'},{'D4'},{'D3'},{'D2'},{'R3'},{'R1'},{'R2'},&,3.0,&
{'D5'},{'D7'},{'D1'},{'D6'},{'D4'},{'D3'},{'R2'},{'D2'},{'R3'},{'R1'},&,1.0,&
{'D5'},{'D7'},{'D1'},{'D6'},{'D4'},{'D3'},{'R1'},{'D2'},{'R3'},{'R2'},&,2.0,&
{'D5'},{'D7'},{'D1'},{'D6'},{'D4'},{'R3'},{'D3'},{'D2'},{'R2'},{'R1'},&,1.0,&
{'D5'},{'D7'},{'D1'},{'D6'},{'R3'},{'D2'},{'D3'},{'R2'},{'D4'},{'R1'},&,1.0,&
{'D5'},{'D7'},{'D1'},{'D6'},{'R1'},{'D2'},{'D4'},{'D3'},{'R3'},{'R2'},&,1.0,&
{'D5'},{'D7'},{'D1'},{'D4'},{'D2'},{'D6'},{'D3'},{'R3'},{'R1'},{'R2'},&,2.0,&
{'D5'},{'D7'},{'D1'},{'D4'},{'D2'},{'D3'},{'R3'},{'D6'},{'R2'},{'R1'},&,1.0,&
{'D5'},{'D7'},{'D1'},{'D4'},{'D2'},{'D3'},{'R2'},{'D6'},{'R3'},{'R1'},&,1.0,&
{'D5'},{'D7'},{'D1'},{'D4'},{'D2'},{'D3'},{'D6'},{'R3'},{'R2'},{'R1'},&,1.0,&
{'D5'},{'D7'},{'D1'},{'D4'},{'D2'},{'D3'},{'D6'},{'R3'},{'R1'},{'R2'},&,1.0,&
{'D5'},{'D7'},{'D1'},{'D4'},{'D3'},{'D6'},{'R3'},{'D2'},{'R2'},{'R1'},&,2.0,&
{'D5'},{'D7'},{'D1'},{'D4'},{'D3'},{'D6'},{'R3'},{'D2'},{'R1'},{'R2'},&,4.0,&
{'D5'},{'D7'},{'D1'},{'D4'},{'D3'},{'D6'},{'R3'},{'R1'},{'D2'},{'R2'},&,2.0,&
{'D5'},{'D7'},{'D1'},{'D4'},{'D3'},{'D6'},{'D2'},{'R1'},{'R2'},{'R3'},&,2.0,&
{'D5'},{'D7'},{'D1'},{'D4'},{'D3'},{'D6'},{'D2'},{'R1'},{'R3'},{'R2'},&,1.0,&
{'D5'},{'D7'},{'D1'},{'D4'},{'D3'},{'D6'},{'D2'},{'R2'},{'R3'},{'R1'},&,1.0,&
{'D5'},{'D7'},{'D1'},{'D4'},{'D3'},{'D6'},{'D2'},{'R3'},{'R2'},{'R1'},&,4.0,&
{'D5'},{'D7'},{'D1'},{'D4'},{'D3'},{'D6'},{'D2'},{'R3'},{'R1'},{'R2'},&,4.0,&
{'D5'},{'D7'},{'D1'},{'D4'},{'D3'},{'D6'},{'R2'},{'D2'},{'R3'},{'R1'},&,1.0,&
{'D5'},{'D7'},{'D1'},{'D4'},{'D3'},{'D6'},{'R1'},{'D2'},{'R2'},{'R3'},&,1.0,&
{'D5'},{'D7'},{'D1'},{'D4'},{'D3'},{'D6'},{'R1'},{'R2'},{'D2'},{'R3'},&,1.0,&
{'D5'},{'D7'},{'D1'},{'D4'},{'D3'},{'D2'},{'R3'},{'D6'},{'R1'},{'R2'},&,1.0,&
{'D5'},{'D7'},{'D1'},{'D4'},{'D3'},{'D2'},{'R2'},{'R3'},{'D6'},{'R1'},&,1.0,&
{'D5'},{'D7'},{'D1'},{'D4'},{'D3'},{'D2'},{'R2'},{'D6'},{'R3'},{'R1'},&,1.0,&
{'D5'},{'D7'},{'D1'},{'D4'},{'D3'},{'D2'},{'R1'},{'R3'},{'D6'},{'R2'},&,1.0,&
{'D5'},{'D7'},{'D1'},{'D4'},{'D3'},{'R2'},{'D2'},{'D6'},{'R3'},{'R1'},&,1.0,&
{'D5'},{'D7'},{'D1'},{'D4'},{'D3'},{'R1'},{'D6'},{'D2'},{'R3'},{'R2'},&,1.0,&
{'D5'},{'D7'},{'D1'},{'D4'},{'D6'},{'D2'},{'D3'},{'R1'},{'R3'},{'R2'},&,1.0,&
{'D5'},{'D7'},{'D1'},{'D4'},{'D6'},{'D2'},{'D3'},{'R2'},{'R1'},{'R3'},&,1.0,&
{'D5'},{'D7'},{'D1'},{'D4'},{'D6'},{'D2'},{'D3'},{'R3'},{'R2'},{'R1'},&,2.0,&
{'D5'},{'D7'},{'D1'},{'D4'},{'D6'},{'D2'},{'D3'},{'R3'},{'R1'},{'R2'},&,2.0,&
{'D5'},{'D7'},{'D1'},{'D4'},{'D6'},{'D2'},{'R1'},{'D3'},{'R3'},{'R2'},&,1.0,&
{'D5'},{'D7'},{'D1'},{'D4'},{'D6'},{'D3'},{'R3'},{'D2'},{'R1'},{'R2'},&,1.0,&
{'D5'},{'D7'},{'D1'},{'D4'},{'D6'},{'D3'},{'D2'},{'R1'},{'R2'},{'R3'},&,1.0,&
{'D5'},{'D7'},{'D1'},{'D4'},{'D6'},{'D3'},{'D2'},{'R1'},{'R3'},{'R2'},&,1.0,&
{'D5'},{'D7'},{'D1'},{'D4'},{'D6'},{'D3'},{'D2'},{'R2'},{'R3'},{'R1'},&,3.0,&
{'D5'},{'D7'},{'D1'},{'D4'},{'D6'},{'D3'},{'D2'},{'R2'},{'R1'},{'R3'},&,1.0,&
{'D5'},{'D7'},{'D1'},{'D4'},{'D6'},{'D3'},{'D2'},{'R3'},{'R2'},{'R1'},&,4.0,&
{'D5'},{'D7'},{'D1'},{'D4'},{'D6'},{'D3'},{'D2'},{'R3'},{'R1'},{'R2'},&,4.0,&
{'D5'},{'D7'},{'D1'},{'D4'},{'D6'},{'D3'},{'R2'},{'D2'},{'R3'},{'R1'},&,1.0,&
{'D5'},{'D7'},{'D1'},{'D4'},{'D6'},{'D3'},{'R2'},{'D2'},{'R1'},{'R3'},&,1.0,&
{'D5'},{'D7'},{'D1'},{'D4'},{'D6'},{'R2'},{'D3'},{'D2'},{'R1'},{'R3'},&,1.0,&
{'D5'},{'D7'},{'D1'},{'D4'},{'D6'},{'R1'},{'D3'},{'D2'},{'R2'},{'R3'},&,1.0,&
{'D5'},{'D7'},{'D1'},{'D4'},{'D6'},{'R3'},{'D3'},{'D2'},{'R1'},{'R2'},&,1.0,&
{'D5'},{'D7'},{'D2'},{'D1'},{'D3'},{'D4'},{'R2'},{'D6'},{'R1'},{'R3'},&,1.0,&
{'D5'},{'D7'},{'D2'},{'D1'},{'D3'},{'D4'},{'D6'},{'R1'},{'R2'},{'R3'},&,1.0,&
{'D5'},{'D7'},{'D2'},{'D1'},{'D3'},{'D4'},{'D6'},{'R3'},{'R2'},{'R1'},&,3.0,&
{'D5'},{'D7'},{'D2'},{'D1'},{'D6'},{'D4'},{'D3'},{'R3'},{'R2'},{'R1'},&,1.0,&
{'D5'},{'D7'},{'D2'},{'D1'},{'D6'},{'D4'},{'D3'},{'R3'},{'R1'},{'R2'},&,1.0,&
{'D5'},{'D7'},{'D2'},{'D1'},{'D6'},{'D3'},{'R3'},{'D4'},{'R2'},{'R1'},&,1.0,&
{'D5'},{'D7'},{'D2'},{'D1'},{'D6'},{'D3'},{'R3'},{'D4'},{'R1'},{'R2'},&,1.0,&
{'D5'},{'D7'},{'D2'},{'D1'},{'D6'},{'D3'},{'D4'},{'R1'},{'R3'},{'R2'},&,1.0,&
{'D5'},{'D7'},{'D2'},{'D1'},{'D6'},{'D3'},{'D4'},{'R3'},{'R2'},{'R1'},&,2.0,&
{'D5'},{'D7'},{'D2'},{'D1'},{'D6'},{'D3'},{'D4'},{'R3'},{'R1'},{'R2'},&,3.0,&
{'D5'},{'D7'},{'D2'},{'D1'},{'D6'},{'D3'},{'R2'},{'D4'},{'R3'},{'R1'},&,1.0,&
{'D5'},{'D7'},{'D2'},{'D1'},{'D6'},{'D3'},{'R1'},{'D4'},{'R3'},{'R2'},&,1.0,&
{'D5'},{'D7'},{'D2'},{'D1'},{'D6'},{'R3'},{'D3'},{'D4'},{'R1'},{'R2'},&,1.0,&
{'D5'},{'D7'},{'D2'},{'D1'},{'D4'},{'D6'},{'D3'},{'R1'},{'R3'},{'R2'},&,1.0,&
{'D5'},{'D7'},{'D2'},{'D1'},{'D4'},{'D6'},{'D3'},{'R3'},{'R2'},{'R1'},&,1.0,&
{'D5'},{'D7'},{'D2'},{'D1'},{'D4'},{'D6'},{'D3'},{'R3'},{'R1'},{'R2'},&,3.0,&
{'D5'},{'D7'},{'D2'},{'D1'},{'D4'},{'D6'},{'R1'},{'R2'},{'D3'},{'R3'},&,1.0,&
{'D5'},{'D7'},{'D2'},{'D1'},{'D4'},{'D3'},{'R3'},{'D6'},{'R1'},{'R2'},&,1.0,&
{'D5'},{'D7'},{'D2'},{'D1'},{'D4'},{'R3'},{'R1'},{'D6'},{'D3'},{'R2'},&,1.0,&
{'D5'},{'D7'},{'D2'},{'D3'},{'D1'},{'D6'},{'R3'},{'R2'},{'D4'},{'R1'},&,1.0,&
{'D5'},{'D7'},{'D2'},{'D3'},{'D1'},{'D6'},{'R3'},{'D4'},{'R2'},{'R1'},&,2.0,&
{'D5'},{'D7'},{'D2'},{'D3'},{'D1'},{'D6'},{'R3'},{'D4'},{'R1'},{'R2'},&,1.0,&
{'D5'},{'D7'},{'D2'},{'D3'},{'D1'},{'D6'},{'D4'},{'R1'},{'R3'},{'R2'},&,1.0,&
{'D5'},{'D7'},{'D2'},{'D3'},{'D1'},{'D6'},{'D4'},{'R2'},{'R1'},{'R3'},&,1.0,&
{'D5'},{'D7'},{'D2'},{'D3'},{'D1'},{'D6'},{'D4'},{'R3'},{'R2'},{'R1'},&,3.0,&
{'D5'},{'D7'},{'D2'},{'D3'},{'D1'},{'D6'},{'D4'},{'R3'},{'R1'},{'R2'},&,1.0,&
{'D5'},{'D7'},{'D2'},{'D3'},{'D1'},{'D6'},{'R2'},{'D4'},{'R3'},{'R1'},&,1.0,&
{'D5'},{'D7'},{'D2'},{'D3'},{'D1'},{'D4'},{'R3'},{'D6'},{'R1'},{'R2'},&,1.0,&
{'D5'},{'D7'},{'D2'},{'D3'},{'D1'},{'D4'},{'D6'},{'R2'},{'R3'},{'R1'},&,1.0,&
{'D5'},{'D7'},{'D2'},{'D3'},{'D1'},{'D4'},{'D6'},{'R3'},{'R2'},{'R1'},&,2.0,&
{'D5'},{'D7'},{'D2'},{'D3'},{'D1'},{'D4'},{'R1'},{'D6'},{'R3'},{'R2'},&,1.0,&
{'D5'},{'D7'},{'D2'},{'D3'},{'D6'},{'D4'},{'R3'},{'D1'},{'R2'},{'R1'},&,1.0,&
{'D5'},{'D7'},{'D2'},{'D3'},{'D6'},{'D4'},{'R3'},{'D1'},{'R1'},{'R2'},&,2.0,&
{'D5'},{'D7'},{'D2'},{'D3'},{'D6'},{'D4'},{'D1'},{'R1'},{'R2'},{'R3'},&,2.0,&
{'D5'},{'D7'},{'D2'},{'D3'},{'D6'},{'D4'},{'D1'},{'R1'},{'R3'},{'R2'},&,2.0,&
{'D5'},{'D7'},{'D2'},{'D3'},{'D6'},{'D4'},{'D1'},{'R2'},{'R1'},{'R3'},&,1.0,&
{'D5'},{'D7'},{'D2'},{'D3'},{'D6'},{'D4'},{'D1'},{'R3'},{'R2'},{'R1'},&,5.0,&
{'D5'},{'D7'},{'D2'},{'D3'},{'D6'},{'D4'},{'D1'},{'R3'},{'R1'},{'R2'},&,5.0,&
{'D5'},{'D7'},{'D2'},{'D3'},{'D6'},{'D4'},{'R2'},{'R3'},{'D1'},{'R1'},&,1.0,&
{'D5'},{'D7'},{'D2'},{'D3'},{'D6'},{'D4'},{'R1'},{'D1'},{'R3'},{'R2'},&,2.0,&
{'D5'},{'D7'},{'D2'},{'D3'},{'D6'},{'D1'},{'R3'},{'R1'},{'D4'},{'R2'},&,1.0,&
{'D5'},{'D7'},{'D2'},{'D3'},{'D6'},{'D1'},{'D4'},{'R1'},{'R3'},{'R2'},&,1.0,&
{'D5'},{'D7'},{'D2'},{'D3'},{'D6'},{'D1'},{'D4'},{'R2'},{'R3'},{'R1'},&,4.0,&
{'D5'},{'D7'},{'D2'},{'D3'},{'D6'},{'D1'},{'D4'},{'R3'},{'R2'},{'R1'},&,2.0,&
{'D5'},{'D7'},{'D2'},{'D3'},{'D6'},{'D1'},{'D4'},{'R3'},{'R1'},{'R2'},&,2.0,&
{'D5'},{'D7'},{'D2'},{'D3'},{'D6'},{'D1'},{'R2'},{'D4'},{'R3'},{'R1'},&,2.0,&
{'D5'},{'D7'},{'D2'},{'D3'},{'D6'},{'D1'},{'R1'},{'R2'},{'D4'},{'R3'},&,1.0,&
{'D5'},{'D7'},{'D2'},{'D3'},{'D6'},{'R2'},{'D1'},{'D4'},{'R3'},{'R1'},&,1.0,&
{'D5'},{'D7'},{'D2'},{'D3'},{'D6'},{'R3'},{'D1'},{'D4'},{'R2'},{'R1'},&,2.0,&
{'D5'},{'D7'},{'D2'},{'D3'},{'D6'},{'R3'},{'D1'},{'D4'},{'R1'},{'R2'},&,1.0,&
{'D5'},{'D7'},{'D2'},{'D3'},{'D6'},{'R3'},{'D4'},{'D1'},{'R2'},{'R1'},&,1.0,&
{'D5'},{'D7'},{'D2'},{'D3'},{'D4'},{'D6'},{'R3'},{'R2'},{'R1'},{'D1'},&,1.0,&
{'D5'},{'D7'},{'D2'},{'D3'},{'D4'},{'D6'},{'R3'},{'D1'},{'R1'},{'R2'},&,2.0,&
{'D5'},{'D7'},{'D2'},{'D3'},{'D4'},{'D6'},{'D1'},{'R2'},{'R1'},{'R3'},&,2.0,&
{'D5'},{'D7'},{'D2'},{'D3'},{'D4'},{'D6'},{'D1'},{'R3'},{'R2'},{'R1'},&,3.0,&
{'D5'},{'D7'},{'D2'},{'D3'},{'D4'},{'D6'},{'D1'},{'R3'},{'R1'},{'R2'},&,1.0,&
{'D5'},{'D7'},{'D2'},{'D3'},{'D4'},{'D6'},{'R2'},{'D1'},{'R3'},{'R1'},&,2.0,&
{'D5'},{'D7'},{'D2'},{'D3'},{'D4'},{'D6'},{'R1'},{'D1'},{'R3'},{'R2'},&,1.0,&
{'D5'},{'D7'},{'D2'},{'D3'},{'D4'},{'D1'},{'D6'},{'R1'},{'R2'},{'R3'},&,2.0,&
{'D5'},{'D7'},{'D2'},{'D3'},{'D4'},{'D1'},{'D6'},{'R3'},{'R2'},{'R1'},&,1.0,&
{'D5'},{'D7'},{'D2'},{'D3'},{'D4'},{'R1'},{'D6'},{'D1'},{'R3'},{'R2'},&,1.0,&
{'D5'},{'D7'},{'D2'},{'D3'},{'R1'},{'D6'},{'D1'},{'D4'},{'R3'},{'R2'},&,1.0,&
{'D5'},{'D7'},{'D2'},{'D6'},{'D1'},{'D4'},{'D3'},{'R1'},{'R2'},{'R3'},&,1.0,&
{'D5'},{'D7'},{'D2'},{'D6'},{'D1'},{'D4'},{'D3'},{'R1'},{'R3'},{'R2'},&,1.0,&
{'D5'},{'D7'},{'D2'},{'D6'},{'D1'},{'D4'},{'D3'},{'R2'},{'R3'},{'R1'},&,1.0,&
{'D5'},{'D7'},{'D2'},{'D6'},{'D1'},{'D4'},{'D3'},{'R3'},{'R2'},{'R1'},&,1.0,&
{'D5'},{'D7'},{'D2'},{'D6'},{'D1'},{'D3'},{'R3'},{'D4'},{'R2'},{'R1'},&,2.0,&
{'D5'},{'D7'},{'D2'},{'D6'},{'D1'},{'D3'},{'D4'},{'R1'},{'R2'},{'R3'},&,1.0,&
{'D5'},{'D7'},{'D2'},{'D6'},{'D1'},{'D3'},{'D4'},{'R1'},{'R3'},{'R2'},&,4.0,&
{'D5'},{'D7'},{'D2'},{'D6'},{'D1'},{'D3'},{'D4'},{'R2'},{'R3'},{'R1'},&,1.0,&
{'D5'},{'D7'},{'D2'},{'D6'},{'D1'},{'D3'},{'D4'},{'R3'},{'R2'},{'R1'},&,3.0,&
{'D5'},{'D7'},{'D2'},{'D6'},{'D1'},{'D3'},{'D4'},{'R3'},{'R1'},{'R2'},&,6.0,&
{'D5'},{'D7'},{'D2'},{'D6'},{'D3'},{'D4'},{'R3'},{'D1'},{'R2'},{'R1'},&,2.0,&
{'D5'},{'D7'},{'D2'},{'D6'},{'D3'},{'D4'},{'R3'},{'D1'},{'R1'},{'R2'},&,5.0,&
{'D5'},{'D7'},{'D2'},{'D6'},{'D3'},{'D4'},{'D1'},{'R1'},{'R3'},{'R2'},&,1.0,&
{'D5'},{'D7'},{'D2'},{'D6'},{'D3'},{'D4'},{'D1'},{'R2'},{'R3'},{'R1'},&,1.0,&
{'D5'},{'D7'},{'D2'},{'D6'},{'D3'},{'D4'},{'D1'},{'R2'},{'R1'},{'R3'},&,3.0,&
{'D5'},{'D7'},{'D2'},{'D6'},{'D3'},{'D4'},{'D1'},{'R3'},{'R2'},{'R1'},&,6.0,&
{'D5'},{'D7'},{'D2'},{'D6'},{'D3'},{'D4'},{'D1'},{'R3'},{'R1'},{'R2'},&,3.0,&
{'D5'},{'D7'},{'D2'},{'D6'},{'D3'},{'D4'},{'R2'},{'D1'},{'R3'},{'R1'},&,1.0,&
{'D5'},{'D7'},{'D2'},{'D6'},{'D3'},{'D4'},{'R2'},{'D1'},{'R1'},{'R3'},&,1.0,&
{'D5'},{'D7'},{'D2'},{'D6'},{'D3'},{'D4'},{'R1'},{'D1'},{'R2'},{'R3'},&,1.0,&
{'D5'},{'D7'},{'D2'},{'D6'},{'D3'},{'D4'},{'R1'},{'D1'},{'R3'},{'R2'},&,2.0,&
{'D5'},{'D7'},{'D2'},{'D6'},{'D3'},{'D1'},{'R3'},{'D4'},{'R2'},{'R1'},&,1.0,&
{'D5'},{'D7'},{'D2'},{'D6'},{'D3'},{'D1'},{'R3'},{'D4'},{'R1'},{'R2'},&,2.0,&
{'D5'},{'D7'},{'D2'},{'D6'},{'D3'},{'D1'},{'D4'},{'R1'},{'R3'},{'R2'},&,2.0,&
{'D5'},{'D7'},{'D2'},{'D6'},{'D3'},{'D1'},{'D4'},{'R2'},{'R3'},{'R1'},&,1.0,&
{'D5'},{'D7'},{'D2'},{'D6'},{'D3'},{'D1'},{'D4'},{'R2'},{'R1'},{'R3'},&,2.0,&
{'D5'},{'D7'},{'D2'},{'D6'},{'D3'},{'D1'},{'D4'},{'R3'},{'R2'},{'R1'},&,2.0,&
{'D5'},{'D7'},{'D2'},{'D6'},{'D3'},{'D1'},{'D4'},{'R3'},{'R1'},{'R2'},&,4.0,&
{'D5'},{'D7'},{'D2'},{'D6'},{'D3'},{'D1'},{'R2'},{'D4'},{'R3'},{'R1'},&,1.0,&
{'D5'},{'D7'},{'D2'},{'D6'},{'D3'},{'D1'},{'R1'},{'D4'},{'R2'},{'R3'},&,1.0,&
{'D5'},{'D7'},{'D2'},{'D6'},{'D3'},{'R2'},{'D1'},{'D4'},{'R3'},{'R1'},&,1.0,&
{'D5'},{'D7'},{'D2'},{'D6'},{'D3'},{'R3'},{'D1'},{'D4'},{'R2'},{'R1'},&,1.0,&
{'D5'},{'D7'},{'D2'},{'D6'},{'D3'},{'R3'},{'D4'},{'D1'},{'R2'},{'R1'},&,1.0,&
{'D5'},{'D7'},{'D2'},{'D6'},{'D4'},{'D1'},{'R3'},{'D3'},{'R2'},{'R1'},&,1.0,&
{'D5'},{'D7'},{'D2'},{'D6'},{'D4'},{'D1'},{'D3'},{'R1'},{'R3'},{'R2'},&,2.0,&
{'D5'},{'D7'},{'D2'},{'D6'},{'D4'},{'D1'},{'D3'},{'R2'},{'R1'},{'R3'},&,1.0,&
{'D5'},{'D7'},{'D2'},{'D6'},{'D4'},{'D1'},{'D3'},{'R3'},{'R1'},{'R2'},&,3.0,&
{'D5'},{'D7'},{'D2'},{'D6'},{'D4'},{'D1'},{'R1'},{'R3'},{'D3'},{'R2'},&,1.0,&
{'D5'},{'D7'},{'D2'},{'D6'},{'D4'},{'D3'},{'R3'},{'R1'},{'R2'},{'D1'},&,1.0,&
{'D5'},{'D7'},{'D2'},{'D6'},{'D4'},{'D3'},{'R3'},{'D1'},{'R2'},{'R1'},&,1.0,&
{'D5'},{'D7'},{'D2'},{'D6'},{'D4'},{'D3'},{'R3'},{'D1'},{'R1'},{'R2'},&,1.0,&
{'D5'},{'D7'},{'D2'},{'D6'},{'D4'},{'D3'},{'D1'},{'R2'},{'R3'},{'R1'},&,2.0,&
{'D5'},{'D7'},{'D2'},{'D6'},{'D4'},{'D3'},{'D1'},{'R3'},{'R2'},{'R1'},&,7.0,&
{'D5'},{'D7'},{'D2'},{'D6'},{'D4'},{'D3'},{'D1'},{'R3'},{'R1'},{'R2'},&,5.0,&
{'D5'},{'D7'},{'D2'},{'D6'},{'D4'},{'D3'},{'R2'},{'R3'},{'D1'},{'R1'},&,1.0,&
{'D5'},{'D7'},{'D2'},{'D6'},{'D4'},{'D3'},{'R1'},{'R3'},{'D1'},{'R2'},&,1.0,&
{'D5'},{'D7'},{'D2'},{'D6'},{'D4'},{'R2'},{'D3'},{'D1'},{'R3'},{'R1'},&,2.0,&
{'D5'},{'D7'},{'D2'},{'D6'},{'D4'},{'R1'},{'D1'},{'R3'},{'D3'},{'R2'},&,1.0,&
{'D5'},{'D7'},{'D2'},{'D6'},{'D4'},{'R1'},{'D3'},{'D1'},{'R3'},{'R2'},&,1.0,&
{'D5'},{'D7'},{'D2'},{'D4'},{'D1'},{'D6'},{'R3'},{'D3'},{'R2'},{'R1'},&,2.0,&
{'D5'},{'D7'},{'D2'},{'D4'},{'D1'},{'D6'},{'D3'},{'R1'},{'R2'},{'R3'},&,1.0,&
{'D5'},{'D7'},{'D2'},{'D4'},{'D1'},{'D6'},{'D3'},{'R2'},{'R3'},{'R1'},&,1.0,&
{'D5'},{'D7'},{'D2'},{'D4'},{'D1'},{'D6'},{'D3'},{'R3'},{'R2'},{'R1'},&,1.0,&
{'D5'},{'D7'},{'D2'},{'D4'},{'D1'},{'D6'},{'D3'},{'R3'},{'R1'},{'R2'},&,1.0,&
{'D5'},{'D7'},{'D2'},{'D4'},{'D1'},{'D3'},{'D6'},{'R2'},{'R3'},{'R1'},&,1.0,&
{'D5'},{'D7'},{'D2'},{'D4'},{'D1'},{'D3'},{'D6'},{'R3'},{'R2'},{'R1'},&,2.0,&
{'D5'},{'D7'},{'D2'},{'D4'},{'D1'},{'R2'},{'D3'},{'R3'},{'R1'},{'D6'},&,1.0,&
{'D5'},{'D7'},{'D2'},{'D4'},{'D3'},{'D6'},{'D1'},{'R1'},{'R2'},{'R3'},&,1.0,&
{'D5'},{'D7'},{'D2'},{'D4'},{'D3'},{'D6'},{'D1'},{'R1'},{'R3'},{'R2'},&,1.0,&
{'D5'},{'D7'},{'D2'},{'D4'},{'D3'},{'D6'},{'D1'},{'R2'},{'R3'},{'R1'},&,2.0,&
{'D5'},{'D7'},{'D2'},{'D4'},{'D3'},{'D6'},{'D1'},{'R2'},{'R1'},{'R3'},&,1.0,&
{'D5'},{'D7'},{'D2'},{'D4'},{'D3'},{'D6'},{'D1'},{'R3'},{'R2'},{'R1'},&,2.0,&
{'D5'},{'D7'},{'D2'},{'D4'},{'D3'},{'D6'},{'D1'},{'R3'},{'R1'},{'R2'},&,3.0,&
{'D5'},{'D7'},{'D2'},{'D4'},{'D3'},{'D6'},{'R2'},{'D1'},{'R3'},{'R1'},&,1.0,&
{'D5'},{'D7'},{'D2'},{'D4'},{'D3'},{'D6'},{'R1'},{'D1'},{'R3'},{'R2'},&,1.0,&
{'D5'},{'D7'},{'D2'},{'D4'},{'D3'},{'D1'},{'D6'},{'R1'},{'R2'},{'R3'},&,1.0,&
{'D5'},{'D7'},{'D2'},{'D4'},{'D3'},{'D1'},{'D6'},{'R1'},{'R3'},{'R2'},&,2.0,&
{'D5'},{'D7'},{'D2'},{'D4'},{'D3'},{'D1'},{'D6'},{'R3'},{'R1'},{'R2'},&,3.0,&
{'D5'},{'D7'},{'D2'},{'D4'},{'D3'},{'R3'},{'D1'},{'D6'},{'R1'},{'R2'},&,1.0,&
{'D5'},{'D7'},{'D2'},{'D4'},{'D6'},{'D1'},{'R3'},{'D3'},{'R2'},{'R1'},&,1.0,&
{'D5'},{'D7'},{'D2'},{'D4'},{'D6'},{'D1'},{'R2'},{'R3'},{'D3'},{'R1'},&,1.0,&
{'D5'},{'D7'},{'D2'},{'D4'},{'D6'},{'D1'},{'D3'},{'R1'},{'R2'},{'R3'},&,1.0,&
{'D5'},{'D7'},{'D2'},{'D4'},{'D6'},{'D1'},{'D3'},{'R1'},{'R3'},{'R2'},&,1.0,&
{'D5'},{'D7'},{'D2'},{'D4'},{'D6'},{'D1'},{'D3'},{'R2'},{'R3'},{'R1'},&,1.0,&
{'D5'},{'D7'},{'D2'},{'D4'},{'D6'},{'D1'},{'D3'},{'R3'},{'R2'},{'R1'},&,1.0,&
{'D5'},{'D7'},{'D2'},{'D4'},{'D6'},{'D1'},{'D3'},{'R3'},{'R1'},{'R2'},&,1.0,&
{'D5'},{'D7'},{'D2'},{'D4'},{'D6'},{'D3'},{'R3'},{'D1'},{'R2'},{'R1'},&,1.0,&
{'D5'},{'D7'},{'D2'},{'D4'},{'D6'},{'D3'},{'R3'},{'D1'},{'R1'},{'R2'},&,3.0,&
{'D5'},{'D7'},{'D2'},{'D4'},{'D6'},{'D3'},{'D1'},{'R1'},{'R3'},{'R2'},&,2.0,&
{'D5'},{'D7'},{'D2'},{'D4'},{'D6'},{'D3'},{'D1'},{'R2'},{'R3'},{'R1'},&,2.0,&
{'D5'},{'D7'},{'D2'},{'D4'},{'D6'},{'D3'},{'D1'},{'R3'},{'R2'},{'R1'},&,2.0,&
{'D5'},{'D7'},{'D2'},{'D4'},{'D6'},{'D3'},{'D1'},{'R3'},{'R1'},{'R2'},&,7.0,&
{'D5'},{'D7'},{'D2'},{'D4'},{'D6'},{'D3'},{'R2'},{'D1'},{'R3'},{'R1'},&,1.0,&
{'D5'},{'D7'},{'D2'},{'D4'},{'D6'},{'R1'},{'D3'},{'D1'},{'R3'},{'R2'},&,1.0,&
{'D5'},{'D7'},{'D2'},{'D4'},{'D6'},{'R3'},{'D3'},{'D1'},{'R1'},{'R2'},&,1.0,&
{'D5'},{'D7'},{'D2'},{'D4'},{'R3'},{'D3'},{'D1'},{'D6'},{'R2'},{'R1'},&,1.0,&
{'D5'},{'D7'},{'D2'},{'R3'},{'D3'},{'D4'},{'D1'},{'D6'},{'R1'},{'R2'},&,1.0,&
{'D5'},{'D7'},{'D2'},{'R3'},{'D6'},{'D4'},{'D3'},{'D1'},{'R1'},{'R2'},&,1.0,&
{'D5'},{'D7'},{'R3'},{'D4'},{'D3'},{'D1'},{'D6'},{'D2'},{'R1'},{'R2'},&,1.0,&
{'D5'},{'D4'},{'D3'},{'D7'},{'D1'},{'D6'},{'R3'},{'D2'},{'R2'},{'R1'},&,1.0,&
{'D5'},{'D4'},{'D3'},{'D7'},{'D1'},{'D6'},{'R3'},{'D2'},{'R1'},{'R2'},&,1.0,&
{'D5'},{'D4'},{'D3'},{'D7'},{'D1'},{'D6'},{'D2'},{'R1'},{'R3'},{'R2'},&,5.0,&
{'D5'},{'D4'},{'D3'},{'D7'},{'D1'},{'D6'},{'D2'},{'R2'},{'R3'},{'R1'},&,4.0,&
{'D5'},{'D4'},{'D3'},{'D7'},{'D1'},{'D6'},{'D2'},{'R3'},{'R2'},{'R1'},&,6.0,&
{'D5'},{'D4'},{'D3'},{'D7'},{'D1'},{'D6'},{'D2'},{'R3'},{'R1'},{'R2'},&,9.0,&
{'D5'},{'D4'},{'D3'},{'D7'},{'D1'},{'D6'},{'R1'},{'D2'},{'R3'},{'R2'},&,3.0,&
{'D5'},{'D4'},{'D3'},{'D7'},{'D1'},{'D2'},{'R3'},{'D6'},{'R1'},{'R2'},&,1.0,&
{'D5'},{'D4'},{'D3'},{'D7'},{'D1'},{'D2'},{'R2'},{'D6'},{'R3'},{'R1'},&,1.0,&
{'D5'},{'D4'},{'D3'},{'D7'},{'D1'},{'D2'},{'D6'},{'R1'},{'R3'},{'R2'},&,2.0,&
{'D5'},{'D4'},{'D3'},{'D7'},{'D1'},{'D2'},{'D6'},{'R2'},{'R3'},{'R1'},&,1.0,&
{'D5'},{'D4'},{'D3'},{'D7'},{'D1'},{'D2'},{'D6'},{'R2'},{'R1'},{'R3'},&,1.0,&
{'D5'},{'D4'},{'D3'},{'D7'},{'D1'},{'D2'},{'D6'},{'R3'},{'R2'},{'R1'},&,2.0,&
{'D5'},{'D4'},{'D3'},{'D7'},{'D1'},{'D2'},{'D6'},{'R3'},{'R1'},{'R2'},&,1.0,&
{'D5'},{'D4'},{'D3'},{'D7'},{'D1'},{'R1'},{'D6'},{'D2'},{'R3'},{'R2'},&,1.0,&
{'D5'},{'D4'},{'D3'},{'D7'},{'D1'},{'R3'},{'D6'},{'D2'},{'R2'},{'R1'},&,1.0,&
{'D5'},{'D4'},{'D3'},{'D7'},{'D1'},{'R3'},{'D6'},{'D2'},{'R1'},{'R2'},&,2.0,&
{'D5'},{'D4'},{'D3'},{'D7'},{'D1'},{'R3'},{'D6'},{'R1'},{'D2'},{'R2'},&,1.0,&
{'D5'},{'D4'},{'D3'},{'D7'},{'D1'},{'R3'},{'R1'},{'D6'},{'D2'},{'R2'},&,1.0,&
{'D5'},{'D4'},{'D3'},{'D7'},{'D2'},{'D6'},{'R3'},{'R1'},{'D1'},{'R2'},&,1.0,&
{'D5'},{'D4'},{'D3'},{'D7'},{'D2'},{'D6'},{'R3'},{'D1'},{'R2'},{'R1'},&,2.0,&
{'D5'},{'D4'},{'D3'},{'D7'},{'D2'},{'D6'},{'R3'},{'D1'},{'R1'},{'R2'},&,3.0,&
{'D5'},{'D4'},{'D3'},{'D7'},{'D2'},{'D6'},{'D1'},{'R1'},{'R2'},{'R3'},&,2.0,&
{'D5'},{'D4'},{'D3'},{'D7'},{'D2'},{'D6'},{'D1'},{'R1'},{'R3'},{'R2'},&,1.0,&
{'D5'},{'D4'},{'D3'},{'D7'},{'D2'},{'D6'},{'D1'},{'R2'},{'R3'},{'R1'},&,4.0,&
{'D5'},{'D4'},{'D3'},{'D7'},{'D2'},{'D6'},{'D1'},{'R3'},{'R2'},{'R1'},&,3.0,&
{'D5'},{'D4'},{'D3'},{'D7'},{'D2'},{'D6'},{'D1'},{'R3'},{'R1'},{'R2'},&,4.0,&
{'D5'},{'D4'},{'D3'},{'D7'},{'D2'},{'D6'},{'R2'},{'D1'},{'R3'},{'R1'},&,1.0,&
{'D5'},{'D4'},{'D3'},{'D7'},{'D2'},{'D1'},{'R3'},{'D6'},{'R2'},{'R1'},&,1.0,&
{'D5'},{'D4'},{'D3'},{'D7'},{'D2'},{'D1'},{'R2'},{'R3'},{'D6'},{'R1'},&,1.0,&
{'D5'},{'D4'},{'D3'},{'D7'},{'D2'},{'D1'},{'D6'},{'R1'},{'R2'},{'R3'},&,1.0,&
{'D5'},{'D4'},{'D3'},{'D7'},{'D2'},{'D1'},{'D6'},{'R1'},{'R3'},{'R2'},&,1.0,&
{'D5'},{'D4'},{'D3'},{'D7'},{'D2'},{'D1'},{'D6'},{'R2'},{'R3'},{'R1'},&,1.0,&
{'D5'},{'D4'},{'D3'},{'D7'},{'D2'},{'D1'},{'D6'},{'R3'},{'R2'},{'R1'},&,3.0,&
{'D5'},{'D4'},{'D3'},{'D7'},{'D2'},{'D1'},{'D6'},{'R3'},{'R1'},{'R2'},&,1.0,&
{'D5'},{'D4'},{'D3'},{'D7'},{'D2'},{'D1'},{'R1'},{'R2'},{'D6'},{'R3'},&,1.0,&
{'D5'},{'D4'},{'D3'},{'D7'},{'D2'},{'R2'},{'D6'},{'D1'},{'R3'},{'R1'},&,1.0,&
{'D5'},{'D4'},{'D3'},{'D7'},{'D2'},{'R1'},{'D1'},{'R3'},{'D6'},{'R2'},&,1.0,&
{'D5'},{'D4'},{'D3'},{'D7'},{'D2'},{'R1'},{'D1'},{'D6'},{'R3'},{'R2'},&,1.0,&
{'D5'},{'D4'},{'D3'},{'D7'},{'D2'},{'R1'},{'D6'},{'D1'},{'R3'},{'R2'},&,1.0,&
{'D5'},{'D4'},{'D3'},{'D7'},{'D2'},{'R3'},{'D1'},{'R2'},{'D6'},{'R1'},&,1.0,&
{'D5'},{'D4'},{'D3'},{'D7'},{'D6'},{'D1'},{'R3'},{'D2'},{'R2'},{'R1'},&,4.0,&
{'D5'},{'D4'},{'D3'},{'D7'},{'D6'},{'D1'},{'R3'},{'D2'},{'R1'},{'R2'},&,4.0,&
{'D5'},{'D4'},{'D3'},{'D7'},{'D6'},{'D1'},{'R3'},{'R1'},{'R2'},{'D2'},&,1.0,&
{'D5'},{'D4'},{'D3'},{'D7'},{'D6'},{'D1'},{'D2'},{'R1'},{'R2'},{'R3'},&,3.0,&
{'D5'},{'D4'},{'D3'},{'D7'},{'D6'},{'D1'},{'D2'},{'R1'},{'R3'},{'R2'},&,4.0,&
{'D5'},{'D4'},{'D3'},{'D7'},{'D6'},{'D1'},{'D2'},{'R2'},{'R3'},{'R1'},&,6.0,&
{'D5'},{'D4'},{'D3'},{'D7'},{'D6'},{'D1'},{'D2'},{'R2'},{'R1'},{'R3'},&,2.0,&
{'D5'},{'D4'},{'D3'},{'D7'},{'D6'},{'D1'},{'D2'},{'R3'},{'R2'},{'R1'},&,10.0,&
{'D5'},{'D4'},{'D3'},{'D7'},{'D6'},{'D1'},{'D2'},{'R3'},{'R1'},{'R2'},&,15.0,&
{'D5'},{'D4'},{'D3'},{'D7'},{'D6'},{'D1'},{'R2'},{'D2'},{'R3'},{'R1'},&,1.0,&
{'D5'},{'D4'},{'D3'},{'D7'},{'D6'},{'D1'},{'R1'},{'D2'},{'R3'},{'R2'},&,3.0,&
{'D5'},{'D4'},{'D3'},{'D7'},{'D6'},{'D1'},{'R1'},{'R2'},{'R3'},{'D2'},&,1.0,&
{'D5'},{'D4'},{'D3'},{'D7'},{'D6'},{'D2'},{'R3'},{'R1'},{'D1'},{'R2'},&,3.0,&
{'D5'},{'D4'},{'D3'},{'D7'},{'D6'},{'D2'},{'R3'},{'R2'},{'R1'},{'D1'},&,1.0,&
{'D5'},{'D4'},{'D3'},{'D7'},{'D6'},{'D2'},{'R3'},{'R2'},{'D1'},{'R1'},&,2.0,&
{'D5'},{'D4'},{'D3'},{'D7'},{'D6'},{'D2'},{'R3'},{'D1'},{'R2'},{'R1'},&,2.0,&
{'D5'},{'D4'},{'D3'},{'D7'},{'D6'},{'D2'},{'R3'},{'D1'},{'R1'},{'R2'},&,2.0,&
{'D5'},{'D4'},{'D3'},{'D7'},{'D6'},{'D2'},{'D1'},{'R1'},{'R3'},{'R2'},&,3.0,&
{'D5'},{'D4'},{'D3'},{'D7'},{'D6'},{'D2'},{'D1'},{'R2'},{'R3'},{'R1'},&,9.0,&
{'D5'},{'D4'},{'D3'},{'D7'},{'D6'},{'D2'},{'D1'},{'R2'},{'R1'},{'R3'},&,3.0,&
{'D5'},{'D4'},{'D3'},{'D7'},{'D6'},{'D2'},{'D1'},{'R3'},{'R2'},{'R1'},&,10.0,&
{'D5'},{'D4'},{'D3'},{'D7'},{'D6'},{'D2'},{'D1'},{'R3'},{'R1'},{'R2'},&,14.0,&
{'D5'},{'D4'},{'D3'},{'D7'},{'D6'},{'D2'},{'R2'},{'R3'},{'D1'},{'R1'},&,1.0,&
{'D5'},{'D4'},{'D3'},{'D7'},{'D6'},{'D2'},{'R2'},{'D1'},{'R3'},{'R1'},&,1.0,&
{'D5'},{'D4'},{'D3'},{'D7'},{'D6'},{'D2'},{'R1'},{'R3'},{'D1'},{'R2'},&,2.0,&
{'D5'},{'D4'},{'D3'},{'D7'},{'D6'},{'D2'},{'R1'},{'D1'},{'R2'},{'R3'},&,1.0,&
{'D5'},{'D4'},{'D3'},{'D7'},{'D6'},{'D2'},{'R1'},{'D1'},{'R3'},{'R2'},&,1.0,&
{'D5'},{'D4'},{'D3'},{'D7'},{'D6'},{'R2'},{'D1'},{'D2'},{'R1'},{'R3'},&,1.0,&
{'D5'},{'D4'},{'D3'},{'D7'},{'D6'},{'R1'},{'R3'},{'D2'},{'D1'},{'R2'},&,1.0,&
{'D5'},{'D4'},{'D3'},{'D7'},{'D6'},{'R1'},{'R3'},{'D1'},{'D2'},{'R2'},&,1.0,&
{'D5'},{'D4'},{'D3'},{'D7'},{'D6'},{'R3'},{'D1'},{'D2'},{'R2'},{'R1'},&,4.0,&
{'D5'},{'D4'},{'D3'},{'D7'},{'D6'},{'R3'},{'D1'},{'D2'},{'R1'},{'R2'},&,3.0,&
{'D5'},{'D4'},{'D3'},{'D7'},{'D6'},{'R3'},{'D1'},{'R1'},{'D2'},{'R2'},&,1.0,&
{'D5'},{'D4'},{'D3'},{'D7'},{'R2'},{'D6'},{'D1'},{'R3'},{'R1'},{'D2'},&,1.0,&
{'D5'},{'D4'},{'D3'},{'D7'},{'R1'},{'D6'},{'D1'},{'R3'},{'D2'},{'R2'},&,1.0,&
{'D5'},{'D4'},{'D3'},{'D7'},{'R1'},{'D2'},{'D6'},{'D1'},{'R3'},{'R2'},&,1.0,&
{'D5'},{'D4'},{'D3'},{'D1'},{'D7'},{'D6'},{'R3'},{'D2'},{'R2'},{'R1'},&,1.0,&
{'D5'},{'D4'},{'D3'},{'D1'},{'D7'},{'D6'},{'D2'},{'R1'},{'R2'},{'R3'},&,2.0,&
{'D5'},{'D4'},{'D3'},{'D1'},{'D7'},{'D6'},{'D2'},{'R1'},{'R3'},{'R2'},&,5.0,&
{'D5'},{'D4'},{'D3'},{'D1'},{'D7'},{'D6'},{'D2'},{'R2'},{'R3'},{'R1'},&,1.0,&
{'D5'},{'D4'},{'D3'},{'D1'},{'D7'},{'D6'},{'D2'},{'R3'},{'R2'},{'R1'},&,8.0,&
{'D5'},{'D4'},{'D3'},{'D1'},{'D7'},{'D6'},{'D2'},{'R3'},{'R1'},{'R2'},&,3.0,&
{'D5'},{'D4'},{'D3'},{'D1'},{'D7'},{'D6'},{'R2'},{'D2'},{'R3'},{'R1'},&,1.0,&
{'D5'},{'D4'},{'D3'},{'D1'},{'D7'},{'D6'},{'R1'},{'D2'},{'R2'},{'R3'},&,1.0,&
{'D5'},{'D4'},{'D3'},{'D1'},{'D7'},{'D6'},{'R1'},{'R3'},{'R2'},{'D2'},&,1.0,&
{'D5'},{'D4'},{'D3'},{'D1'},{'D7'},{'D6'},{'R1'},{'R3'},{'D2'},{'R2'},&,1.0,&
{'D5'},{'D4'},{'D3'},{'D1'},{'D7'},{'D2'},{'R3'},{'D6'},{'R1'},{'R2'},&,1.0,&
{'D5'},{'D4'},{'D3'},{'D1'},{'D7'},{'D2'},{'D6'},{'R1'},{'R3'},{'R2'},&,1.0,&
{'D5'},{'D4'},{'D3'},{'D1'},{'D7'},{'D2'},{'D6'},{'R3'},{'R2'},{'R1'},&,3.0,&
{'D5'},{'D4'},{'D3'},{'D1'},{'D7'},{'R3'},{'D6'},{'D2'},{'R2'},{'R1'},&,1.0,&
{'D5'},{'D4'},{'D3'},{'D1'},{'D7'},{'R3'},{'D6'},{'D2'},{'R1'},{'R2'},&,1.0,&
{'D5'},{'D4'},{'D3'},{'D1'},{'D2'},{'D6'},{'R3'},{'R2'},{'R1'},{'D7'},&,1.0,&
{'D5'},{'D4'},{'D3'},{'D1'},{'D2'},{'D6'},{'R3'},{'D7'},{'R2'},{'R1'},&,2.0,&
{'D5'},{'D4'},{'D3'},{'D1'},{'D2'},{'D6'},{'D7'},{'R1'},{'R2'},{'R3'},&,1.0,&
{'D5'},{'D4'},{'D3'},{'D1'},{'D2'},{'D6'},{'D7'},{'R1'},{'R3'},{'R2'},&,3.0,&
{'D5'},{'D4'},{'D3'},{'D1'},{'D2'},{'D6'},{'D7'},{'R2'},{'R3'},{'R1'},&,2.0,&
{'D5'},{'D4'},{'D3'},{'D1'},{'D2'},{'D6'},{'D7'},{'R3'},{'R2'},{'R1'},&,2.0,&
{'D5'},{'D4'},{'D3'},{'D1'},{'D2'},{'D6'},{'D7'},{'R3'},{'R1'},{'R2'},&,4.0,&
{'D5'},{'D4'},{'D3'},{'D1'},{'D2'},{'D6'},{'R1'},{'R3'},{'D7'},{'R2'},&,1.0,&
{'D5'},{'D4'},{'D3'},{'D1'},{'D2'},{'D7'},{'D6'},{'R1'},{'R2'},{'R3'},&,1.0,&
{'D5'},{'D4'},{'D3'},{'D1'},{'D2'},{'D7'},{'D6'},{'R1'},{'R3'},{'R2'},&,1.0,&
{'D5'},{'D4'},{'D3'},{'D1'},{'D2'},{'D7'},{'D6'},{'R2'},{'R3'},{'R1'},&,1.0,&
{'D5'},{'D4'},{'D3'},{'D1'},{'D2'},{'R3'},{'D7'},{'D6'},{'R1'},{'R2'},&,1.0,&
{'D5'},{'D4'},{'D3'},{'D1'},{'D6'},{'D7'},{'R3'},{'D2'},{'R2'},{'R1'},&,1.0,&
{'D5'},{'D4'},{'D3'},{'D1'},{'D6'},{'D7'},{'R3'},{'D2'},{'R1'},{'R2'},&,2.0,&
{'D5'},{'D4'},{'D3'},{'D1'},{'D6'},{'D7'},{'R3'},{'R1'},{'D2'},{'R2'},&,1.0,&
{'D5'},{'D4'},{'D3'},{'D1'},{'D6'},{'D7'},{'D2'},{'R1'},{'R2'},{'R3'},&,2.0,&
{'D5'},{'D4'},{'D3'},{'D1'},{'D6'},{'D7'},{'D2'},{'R1'},{'R3'},{'R2'},&,5.0,&
{'D5'},{'D4'},{'D3'},{'D1'},{'D6'},{'D7'},{'D2'},{'R2'},{'R3'},{'R1'},&,2.0,&
{'D5'},{'D4'},{'D3'},{'D1'},{'D6'},{'D7'},{'D2'},{'R2'},{'R1'},{'R3'},&,3.0,&
{'D5'},{'D4'},{'D3'},{'D1'},{'D6'},{'D7'},{'D2'},{'R3'},{'R2'},{'R1'},&,10.0,&
{'D5'},{'D4'},{'D3'},{'D1'},{'D6'},{'D7'},{'D2'},{'R3'},{'R1'},{'R2'},&,9.0,&
{'D5'},{'D4'},{'D3'},{'D1'},{'D6'},{'D7'},{'R2'},{'D2'},{'R3'},{'R1'},&,2.0,&
{'D5'},{'D4'},{'D3'},{'D1'},{'D6'},{'D7'},{'R1'},{'D2'},{'R3'},{'R2'},&,1.0,&
{'D5'},{'D4'},{'D3'},{'D1'},{'D6'},{'D2'},{'R3'},{'D7'},{'R1'},{'R2'},&,2.0,&
{'D5'},{'D4'},{'D3'},{'D1'},{'D6'},{'D2'},{'R2'},{'D7'},{'R3'},{'R1'},&,2.0,&
{'D5'},{'D4'},{'D3'},{'D1'},{'D6'},{'D2'},{'R2'},{'D7'},{'R1'},{'R3'},&,1.0,&
{'D5'},{'D4'},{'D3'},{'D1'},{'D6'},{'D2'},{'D7'},{'R1'},{'R2'},{'R3'},&,1.0,&
{'D5'},{'D4'},{'D3'},{'D1'},{'D6'},{'D2'},{'D7'},{'R1'},{'R3'},{'R2'},&,3.0,&
{'D5'},{'D4'},{'D3'},{'D1'},{'D6'},{'D2'},{'D7'},{'R2'},{'R3'},{'R1'},&,2.0,&
{'D5'},{'D4'},{'D3'},{'D1'},{'D6'},{'D2'},{'D7'},{'R2'},{'R1'},{'R3'},&,4.0,&
{'D5'},{'D4'},{'D3'},{'D1'},{'D6'},{'D2'},{'D7'},{'R3'},{'R2'},{'R1'},&,2.0,&
{'D5'},{'D4'},{'D3'},{'D1'},{'D6'},{'D2'},{'D7'},{'R3'},{'R1'},{'R2'},&,4.0,&
{'D5'},{'D4'},{'D3'},{'D1'},{'D6'},{'D2'},{'R1'},{'R3'},{'D7'},{'R2'},&,1.0,&
{'D5'},{'D4'},{'D3'},{'D1'},{'D6'},{'D2'},{'R1'},{'D7'},{'R3'},{'R2'},&,1.0,&
{'D5'},{'D4'},{'D3'},{'D1'},{'D6'},{'R2'},{'D2'},{'D7'},{'R1'},{'R3'},&,1.0,&
{'D5'},{'D4'},{'D3'},{'D1'},{'D6'},{'R3'},{'D7'},{'D2'},{'R1'},{'R2'},&,1.0,&
{'D5'},{'D4'},{'D3'},{'D1'},{'R3'},{'D6'},{'D7'},{'D2'},{'R1'},{'R2'},&,1.0,&
{'D5'},{'D4'},{'D3'},{'D1'},{'R3'},{'D6'},{'D7'},{'R2'},{'D2'},{'R1'},&,1.0,&
{'D5'},{'D4'},{'D3'},{'D1'},{'R1'},{'D6'},{'D2'},{'D7'},{'R2'},{'R3'},&,1.0,&
{'D5'},{'D4'},{'D3'},{'D2'},{'D1'},{'D6'},{'R3'},{'D7'},{'R1'},{'R2'},&,1.0,&
{'D5'},{'D4'},{'D3'},{'D2'},{'D1'},{'D6'},{'R2'},{'D7'},{'R1'},{'R3'},&,1.0,&
{'D5'},{'D4'},{'D3'},{'D2'},{'D1'},{'D6'},{'D7'},{'R1'},{'R2'},{'R3'},&,1.0,&
{'D5'},{'D4'},{'D3'},{'D2'},{'D1'},{'D6'},{'D7'},{'R1'},{'R3'},{'R2'},&,1.0,&
{'D5'},{'D4'},{'D3'},{'D2'},{'D1'},{'D6'},{'D7'},{'R3'},{'R2'},{'R1'},&,1.0,&
{'D5'},{'D4'},{'D3'},{'D2'},{'D1'},{'D6'},{'D7'},{'R3'},{'R1'},{'R2'},&,3.0,&
{'D5'},{'D4'},{'D3'},{'D2'},{'D1'},{'D6'},{'R1'},{'D7'},{'R3'},{'R2'},&,1.0,&
{'D5'},{'D4'},{'D3'},{'D2'},{'D1'},{'D7'},{'R3'},{'D6'},{'R2'},{'R1'},&,1.0,&
{'D5'},{'D4'},{'D3'},{'D2'},{'D1'},{'D7'},{'R2'},{'D6'},{'R3'},{'R1'},&,2.0,&
{'D5'},{'D4'},{'D3'},{'D2'},{'D1'},{'D7'},{'D6'},{'R3'},{'R1'},{'R2'},&,1.0,&
{'D5'},{'D4'},{'D3'},{'D2'},{'D1'},{'R3'},{'D6'},{'D7'},{'R2'},{'R1'},&,1.0,&
{'D5'},{'D4'},{'D3'},{'D2'},{'D7'},{'D6'},{'D1'},{'R1'},{'R2'},{'R3'},&,1.0,&
{'D5'},{'D4'},{'D3'},{'D2'},{'D7'},{'D6'},{'D1'},{'R1'},{'R3'},{'R2'},&,2.0,&
{'D5'},{'D4'},{'D3'},{'D2'},{'D7'},{'D6'},{'D1'},{'R2'},{'R3'},{'R1'},&,1.0,&
{'D5'},{'D4'},{'D3'},{'D2'},{'D7'},{'D6'},{'D1'},{'R2'},{'R1'},{'R3'},&,1.0,&
{'D5'},{'D4'},{'D3'},{'D2'},{'D7'},{'D6'},{'D1'},{'R3'},{'R2'},{'R1'},&,4.0,&
{'D5'},{'D4'},{'D3'},{'D2'},{'D7'},{'D6'},{'D1'},{'R3'},{'R1'},{'R2'},&,6.0,&
{'D5'},{'D4'},{'D3'},{'D2'},{'D7'},{'D6'},{'R2'},{'R3'},{'D1'},{'R1'},&,1.0,&
{'D5'},{'D4'},{'D3'},{'D2'},{'D7'},{'D6'},{'R2'},{'D1'},{'R3'},{'R1'},&,2.0,&
{'D5'},{'D4'},{'D3'},{'D2'},{'D7'},{'D6'},{'R2'},{'D1'},{'R1'},{'R3'},&,1.0,&
{'D5'},{'D4'},{'D3'},{'D2'},{'D7'},{'D1'},{'R3'},{'R1'},{'D6'},{'R2'},&,1.0,&
{'D5'},{'D4'},{'D3'},{'D2'},{'D7'},{'D1'},{'R3'},{'D6'},{'R1'},{'R2'},&,1.0,&
{'D5'},{'D4'},{'D3'},{'D2'},{'D7'},{'D1'},{'D6'},{'R2'},{'R3'},{'R1'},&,1.0,&
{'D5'},{'D4'},{'D3'},{'D2'},{'D7'},{'D1'},{'D6'},{'R3'},{'R2'},{'R1'},&,1.0,&
{'D5'},{'D4'},{'D3'},{'D2'},{'D7'},{'D1'},{'D6'},{'R3'},{'R1'},{'R2'},&,1.0,&
{'D5'},{'D4'},{'D3'},{'D2'},{'D6'},{'D7'},{'R3'},{'D1'},{'R2'},{'R1'},&,1.0,&
{'D5'},{'D4'},{'D3'},{'D2'},{'D6'},{'D7'},{'R3'},{'D1'},{'R1'},{'R2'},&,2.0,&
{'D5'},{'D4'},{'D3'},{'D2'},{'D6'},{'D7'},{'D1'},{'R1'},{'R2'},{'R3'},&,2.0,&
{'D5'},{'D4'},{'D3'},{'D2'},{'D6'},{'D7'},{'D1'},{'R1'},{'R3'},{'R2'},&,4.0,&
{'D5'},{'D4'},{'D3'},{'D2'},{'D6'},{'D7'},{'D1'},{'R2'},{'R3'},{'R1'},&,3.0,&
{'D5'},{'D4'},{'D3'},{'D2'},{'D6'},{'D7'},{'D1'},{'R2'},{'R1'},{'R3'},&,1.0,&
{'D5'},{'D4'},{'D3'},{'D2'},{'D6'},{'D7'},{'D1'},{'R3'},{'R2'},{'R1'},&,1.0,&
{'D5'},{'D4'},{'D3'},{'D2'},{'D6'},{'D7'},{'D1'},{'R3'},{'R1'},{'R2'},&,7.0,&
{'D5'},{'D4'},{'D3'},{'D2'},{'D6'},{'D7'},{'R2'},{'D1'},{'R1'},{'R3'},&,1.0,&
{'D5'},{'D4'},{'D3'},{'D2'},{'D6'},{'D7'},{'R1'},{'D1'},{'R3'},{'R2'},&,2.0,&
{'D5'},{'D4'},{'D3'},{'D2'},{'D6'},{'D1'},{'R3'},{'D7'},{'R1'},{'R2'},&,1.0,&
{'D5'},{'D4'},{'D3'},{'D2'},{'D6'},{'D1'},{'D7'},{'R1'},{'R2'},{'R3'},&,2.0,&
{'D5'},{'D4'},{'D3'},{'D2'},{'D6'},{'D1'},{'D7'},{'R1'},{'R3'},{'R2'},&,3.0,&
{'D5'},{'D4'},{'D3'},{'D2'},{'D6'},{'D1'},{'D7'},{'R3'},{'R2'},{'R1'},&,3.0,&
{'D5'},{'D4'},{'D3'},{'D2'},{'D6'},{'D1'},{'D7'},{'R3'},{'R1'},{'R2'},&,5.0,&
{'D5'},{'D4'},{'D3'},{'D2'},{'D6'},{'D1'},{'R1'},{'D7'},{'R2'},{'R3'},&,1.0,&
{'D5'},{'D4'},{'D3'},{'D2'},{'D6'},{'D1'},{'R1'},{'D7'},{'R3'},{'R2'},&,1.0,&
{'D5'},{'D4'},{'D3'},{'D2'},{'D6'},{'R1'},{'D1'},{'D7'},{'R2'},{'R3'},&,1.0,&
{'D5'},{'D4'},{'D3'},{'D2'},{'D6'},{'R1'},{'D7'},{'D1'},{'R2'},{'R3'},&,1.0,&
{'D5'},{'D4'},{'D3'},{'D2'},{'D6'},{'R1'},{'D7'},{'D1'},{'R3'},{'R2'},&,1.0,&
{'D5'},{'D4'},{'D3'},{'D2'},{'D6'},{'R3'},{'D7'},{'D1'},{'R2'},{'R1'},&,1.0,&
{'D5'},{'D4'},{'D3'},{'D2'},{'R1'},{'D6'},{'D1'},{'D7'},{'R3'},{'R2'},&,1.0,&
{'D5'},{'D4'},{'D3'},{'R1'},{'D2'},{'D1'},{'D6'},{'D7'},{'R3'},{'R2'},&,1.0,&
{'D5'},{'D4'},{'D3'},{'D6'},{'D1'},{'D7'},{'R3'},{'D2'},{'R2'},{'R1'},&,5.0,&
{'D5'},{'D4'},{'D3'},{'D6'},{'D1'},{'D7'},{'R3'},{'D2'},{'R1'},{'R2'},&,5.0,&
{'D5'},{'D4'},{'D3'},{'D6'},{'D1'},{'D7'},{'R3'},{'R1'},{'D2'},{'R2'},&,3.0,&
{'D5'},{'D4'},{'D3'},{'D6'},{'D1'},{'D7'},{'D2'},{'R1'},{'R2'},{'R3'},&,3.0,&
{'D5'},{'D4'},{'D3'},{'D6'},{'D1'},{'D7'},{'D2'},{'R1'},{'R3'},{'R2'},&,10.0,&
{'D5'},{'D4'},{'D3'},{'D6'},{'D1'},{'D7'},{'D2'},{'R2'},{'R3'},{'R1'},&,5.0,&
{'D5'},{'D4'},{'D3'},{'D6'},{'D1'},{'D7'},{'D2'},{'R2'},{'R1'},{'R3'},&,1.0,&
{'D5'},{'D4'},{'D3'},{'D6'},{'D1'},{'D7'},{'D2'},{'R3'},{'R2'},{'R1'},&,14.0,&
{'D5'},{'D4'},{'D3'},{'D6'},{'D1'},{'D7'},{'D2'},{'R3'},{'R1'},{'R2'},&,10.0,&
{'D5'},{'D4'},{'D3'},{'D6'},{'D1'},{'D7'},{'R2'},{'D2'},{'R3'},{'R1'},&,2.0,&
{'D5'},{'D4'},{'D3'},{'D6'},{'D1'},{'D7'},{'R2'},{'D2'},{'R1'},{'R3'},&,1.0,&
{'D5'},{'D4'},{'D3'},{'D6'},{'D1'},{'D7'},{'R2'},{'R3'},{'D2'},{'R1'},&,1.0,&
{'D5'},{'D4'},{'D3'},{'D6'},{'D1'},{'D7'},{'R1'},{'D2'},{'R2'},{'R3'},&,1.0,&
{'D5'},{'D4'},{'D3'},{'D6'},{'D1'},{'D2'},{'R3'},{'R1'},{'D7'},{'R2'},&,3.0,&
{'D5'},{'D4'},{'D3'},{'D6'},{'D1'},{'D2'},{'R3'},{'R2'},{'D7'},{'R1'},&,1.0,&
{'D5'},{'D4'},{'D3'},{'D6'},{'D1'},{'D2'},{'R2'},{'R3'},{'D7'},{'R1'},&,1.0,&
{'D5'},{'D4'},{'D3'},{'D6'},{'D1'},{'D2'},{'R2'},{'D7'},{'R3'},{'R1'},&,2.0,&
{'D5'},{'D4'},{'D3'},{'D6'},{'D1'},{'D2'},{'D7'},{'R1'},{'R2'},{'R3'},&,2.0,&
{'D5'},{'D4'},{'D3'},{'D6'},{'D1'},{'D2'},{'D7'},{'R1'},{'R3'},{'R2'},&,5.0,&
{'D5'},{'D4'},{'D3'},{'D6'},{'D1'},{'D2'},{'D7'},{'R2'},{'R3'},{'R1'},&,5.0,&
{'D5'},{'D4'},{'D3'},{'D6'},{'D1'},{'D2'},{'D7'},{'R2'},{'R1'},{'R3'},&,2.0,&
{'D5'},{'D4'},{'D3'},{'D6'},{'D1'},{'D2'},{'D7'},{'R3'},{'R2'},{'R1'},&,14.0,&
{'D5'},{'D4'},{'D3'},{'D6'},{'D1'},{'D2'},{'D7'},{'R3'},{'R1'},{'R2'},&,7.0,&
{'D5'},{'D4'},{'D3'},{'D6'},{'D1'},{'D2'},{'R1'},{'R3'},{'D7'},{'R2'},&,1.0,&
{'D5'},{'D4'},{'D3'},{'D6'},{'D1'},{'D2'},{'R1'},{'D7'},{'R3'},{'R2'},&,1.0,&
{'D5'},{'D4'},{'D3'},{'D6'},{'D1'},{'R2'},{'D7'},{'D2'},{'R1'},{'R3'},&,1.0,&
{'D5'},{'D4'},{'D3'},{'D6'},{'D1'},{'R1'},{'D7'},{'D2'},{'R3'},{'R2'},&,1.0,&
{'D5'},{'D4'},{'D3'},{'D6'},{'D1'},{'R3'},{'D2'},{'D7'},{'R2'},{'R1'},&,1.0,&
{'D5'},{'D4'},{'D3'},{'D6'},{'D1'},{'R3'},{'D7'},{'D2'},{'R2'},{'R1'},&,1.0,&
{'D5'},{'D4'},{'D3'},{'D6'},{'D1'},{'R3'},{'D7'},{'D2'},{'R1'},{'R2'},&,1.0,&
{'D5'},{'D4'},{'D3'},{'D6'},{'D1'},{'R3'},{'R1'},{'D7'},{'D2'},{'R2'},&,1.0,&
{'D5'},{'D4'},{'D3'},{'D6'},{'D7'},{'D1'},{'R3'},{'D2'},{'R2'},{'R1'},&,2.0,&
{'D5'},{'D4'},{'D3'},{'D6'},{'D7'},{'D1'},{'R3'},{'D2'},{'R1'},{'R2'},&,6.0,&
{'D5'},{'D4'},{'D3'},{'D6'},{'D7'},{'D1'},{'R3'},{'R1'},{'D2'},{'R2'},&,1.0,&
{'D5'},{'D4'},{'D3'},{'D6'},{'D7'},{'D1'},{'R3'},{'R2'},{'D2'},{'R1'},&,1.0,&
{'D5'},{'D4'},{'D3'},{'D6'},{'D7'},{'D1'},{'D2'},{'R1'},{'R2'},{'R3'},&,3.0,&
{'D5'},{'D4'},{'D3'},{'D6'},{'D7'},{'D1'},{'D2'},{'R1'},{'R3'},{'R2'},&,13.0,&
{'D5'},{'D4'},{'D3'},{'D6'},{'D7'},{'D1'},{'D2'},{'R2'},{'R3'},{'R1'},&,12.0,&
{'D5'},{'D4'},{'D3'},{'D6'},{'D7'},{'D1'},{'D2'},{'R2'},{'R1'},{'R3'},&,2.0,&
{'D5'},{'D4'},{'D3'},{'D6'},{'D7'},{'D1'},{'D2'},{'R3'},{'R2'},{'R1'},&,15.0,&
{'D5'},{'D4'},{'D3'},{'D6'},{'D7'},{'D1'},{'D2'},{'R3'},{'R1'},{'R2'},&,17.0,&
{'D5'},{'D4'},{'D3'},{'D6'},{'D7'},{'D1'},{'R2'},{'D2'},{'R3'},{'R1'},&,2.0,&
{'D5'},{'D4'},{'D3'},{'D6'},{'D7'},{'D1'},{'R1'},{'D2'},{'R2'},{'R3'},&,1.0,&
{'D5'},{'D4'},{'D3'},{'D6'},{'D7'},{'D1'},{'R1'},{'D2'},{'R3'},{'R2'},&,4.0,&
{'D5'},{'D4'},{'D3'},{'D6'},{'D7'},{'D2'},{'R3'},{'R1'},{'D1'},{'R2'},&,2.0,&
{'D5'},{'D4'},{'D3'},{'D6'},{'D7'},{'D2'},{'R3'},{'R2'},{'D1'},{'R1'},&,1.0,&
{'D5'},{'D4'},{'D3'},{'D6'},{'D7'},{'D2'},{'R3'},{'D1'},{'R2'},{'R1'},&,5.0,&
{'D5'},{'D4'},{'D3'},{'D6'},{'D7'},{'D2'},{'R3'},{'D1'},{'R1'},{'R2'},&,1.0,&
{'D5'},{'D4'},{'D3'},{'D6'},{'D7'},{'D2'},{'D1'},{'R1'},{'R2'},{'R3'},&,4.0,&
{'D5'},{'D4'},{'D3'},{'D6'},{'D7'},{'D2'},{'D1'},{'R1'},{'R3'},{'R2'},&,8.0,&
{'D5'},{'D4'},{'D3'},{'D6'},{'D7'},{'D2'},{'D1'},{'R2'},{'R3'},{'R1'},&,6.0,&
{'D5'},{'D4'},{'D3'},{'D6'},{'D7'},{'D2'},{'D1'},{'R2'},{'R1'},{'R3'},&,2.0,&
{'D5'},{'D4'},{'D3'},{'D6'},{'D7'},{'D2'},{'D1'},{'R3'},{'R2'},{'R1'},&,15.0,&
{'D5'},{'D4'},{'D3'},{'D6'},{'D7'},{'D2'},{'D1'},{'R3'},{'R1'},{'R2'},&,16.0,&
{'D5'},{'D4'},{'D3'},{'D6'},{'D7'},{'D2'},{'R2'},{'R1'},{'D1'},{'R3'},&,1.0,&
{'D5'},{'D4'},{'D3'},{'D6'},{'D7'},{'D2'},{'R2'},{'D1'},{'R3'},{'R1'},&,1.0,&
{'D5'},{'D4'},{'D3'},{'D6'},{'D7'},{'D2'},{'R1'},{'R3'},{'D1'},{'R2'},&,1.0,&
{'D5'},{'D4'},{'D3'},{'D6'},{'D7'},{'R2'},{'D1'},{'R3'},{'D2'},{'R1'},&,1.0,&
{'D5'},{'D4'},{'D3'},{'D6'},{'D7'},{'R1'},{'D2'},{'D1'},{'R2'},{'R3'},&,1.0,&
{'D5'},{'D4'},{'D3'},{'D6'},{'D7'},{'R1'},{'D2'},{'D1'},{'R3'},{'R2'},&,1.0,&
{'D5'},{'D4'},{'D3'},{'D6'},{'D7'},{'R3'},{'D2'},{'R1'},{'D1'},{'R2'},&,1.0,&
{'D5'},{'D4'},{'D3'},{'D6'},{'D7'},{'R3'},{'D2'},{'D1'},{'R2'},{'R1'},&,1.0,&
{'D5'},{'D4'},{'D3'},{'D6'},{'D7'},{'R3'},{'D1'},{'D2'},{'R2'},{'R1'},&,1.0,&
{'D5'},{'D4'},{'D3'},{'D6'},{'D7'},{'R3'},{'D1'},{'D2'},{'R1'},{'R2'},&,1.0,&
{'D5'},{'D4'},{'D3'},{'D6'},{'D2'},{'D7'},{'R3'},{'R2'},{'D1'},{'R1'},&,1.0,&
{'D5'},{'D4'},{'D3'},{'D6'},{'D2'},{'D7'},{'R3'},{'D1'},{'R2'},{'R1'},&,2.0,&
{'D5'},{'D4'},{'D3'},{'D6'},{'D2'},{'D7'},{'R3'},{'D1'},{'R1'},{'R2'},&,3.0,&
{'D5'},{'D4'},{'D3'},{'D6'},{'D2'},{'D7'},{'D1'},{'R1'},{'R2'},{'R3'},&,1.0,&
{'D5'},{'D4'},{'D3'},{'D6'},{'D2'},{'D7'},{'D1'},{'R1'},{'R3'},{'R2'},&,9.0,&
{'D5'},{'D4'},{'D3'},{'D6'},{'D2'},{'D7'},{'D1'},{'R2'},{'R3'},{'R1'},&,8.0,&
{'D5'},{'D4'},{'D3'},{'D6'},{'D2'},{'D7'},{'D1'},{'R2'},{'R1'},{'R3'},&,3.0,&
{'D5'},{'D4'},{'D3'},{'D6'},{'D2'},{'D7'},{'D1'},{'R3'},{'R2'},{'R1'},&,13.0,&
{'D5'},{'D4'},{'D3'},{'D6'},{'D2'},{'D7'},{'D1'},{'R3'},{'R1'},{'R2'},&,11.0,&
{'D5'},{'D4'},{'D3'},{'D6'},{'D2'},{'D7'},{'R2'},{'D1'},{'R3'},{'R1'},&,1.0,&
{'D5'},{'D4'},{'D3'},{'D6'},{'D2'},{'D7'},{'R1'},{'D1'},{'R3'},{'R2'},&,2.0,&
{'D5'},{'D4'},{'D3'},{'D6'},{'D2'},{'D1'},{'R3'},{'R1'},{'D7'},{'R2'},&,1.0,&
{'D5'},{'D4'},{'D3'},{'D6'},{'D2'},{'D1'},{'R3'},{'R2'},{'D7'},{'R1'},&,1.0,&
{'D5'},{'D4'},{'D3'},{'D6'},{'D2'},{'D1'},{'R3'},{'D7'},{'R2'},{'R1'},&,3.0,&
{'D5'},{'D4'},{'D3'},{'D6'},{'D2'},{'D1'},{'R3'},{'D7'},{'R1'},{'R2'},&,2.0,&
{'D5'},{'D4'},{'D3'},{'D6'},{'D2'},{'D1'},{'R2'},{'R3'},{'D7'},{'R1'},&,1.0,&
{'D5'},{'D4'},{'D3'},{'D6'},{'D2'},{'D1'},{'D7'},{'R1'},{'R2'},{'R3'},&,2.0,&
{'D5'},{'D4'},{'D3'},{'D6'},{'D2'},{'D1'},{'D7'},{'R2'},{'R3'},{'R1'},&,2.0,&
{'D5'},{'D4'},{'D3'},{'D6'},{'D2'},{'D1'},{'D7'},{'R2'},{'R1'},{'R3'},&,1.0,&
{'D5'},{'D4'},{'D3'},{'D6'},{'D2'},{'D1'},{'D7'},{'R3'},{'R2'},{'R1'},&,7.0,&
{'D5'},{'D4'},{'D3'},{'D6'},{'D2'},{'D1'},{'D7'},{'R3'},{'R1'},{'R2'},&,5.0,&
{'D5'},{'D4'},{'D3'},{'D6'},{'D2'},{'D1'},{'R1'},{'D7'},{'R3'},{'R2'},&,1.0,&
{'D5'},{'D4'},{'D3'},{'D6'},{'D2'},{'R2'},{'D7'},{'R1'},{'D1'},{'R3'},&,1.0,&
{'D5'},{'D4'},{'D3'},{'D6'},{'D2'},{'R2'},{'D7'},{'D1'},{'R3'},{'R1'},&,1.0,&
{'D5'},{'D4'},{'D3'},{'D6'},{'D2'},{'R1'},{'D1'},{'D7'},{'R3'},{'R2'},&,1.0,&
{'D5'},{'D4'},{'D3'},{'D6'},{'D2'},{'R1'},{'D7'},{'R2'},{'D1'},{'R3'},&,1.0,&
{'D5'},{'D4'},{'D3'},{'D6'},{'D2'},{'R1'},{'D7'},{'D1'},{'R3'},{'R2'},&,1.0,&
{'D5'},{'D4'},{'D3'},{'D6'},{'D2'},{'R3'},{'D7'},{'R2'},{'D1'},{'R1'},&,1.0,&
{'D5'},{'D4'},{'D3'},{'D6'},{'D2'},{'R3'},{'D7'},{'D1'},{'R2'},{'R1'},&,1.0,&
{'D5'},{'D4'},{'D3'},{'D6'},{'D2'},{'R3'},{'D7'},{'D1'},{'R1'},{'R2'},&,4.0,&
{'D5'},{'D4'},{'D3'},{'D6'},{'R3'},{'D7'},{'D2'},{'R2'},{'D1'},{'R1'},&,1.0,&
{'D5'},{'D4'},{'D3'},{'D6'},{'R3'},{'D7'},{'R2'},{'D2'},{'D1'},{'R1'},&,1.0,&
{'D5'},{'D4'},{'D3'},{'D6'},{'R3'},{'D7'},{'R1'},{'D2'},{'D1'},{'R2'},&,1.0,&
{'D5'},{'D4'},{'D3'},{'D6'},{'R3'},{'D1'},{'D7'},{'R1'},{'D2'},{'R2'},&,1.0,&
{'D5'},{'D4'},{'D3'},{'D6'},{'R3'},{'D2'},{'D7'},{'D1'},{'R1'},{'R2'},&,1.0,&
{'D5'},{'D4'},{'D3'},{'D6'},{'R1'},{'D7'},{'D1'},{'D2'},{'R3'},{'R2'},&,1.0,&
{'D5'},{'D4'},{'D3'},{'R2'},{'D7'},{'D6'},{'D2'},{'D1'},{'R3'},{'R1'},&,1.0,&
{'D5'},{'D4'},{'D3'},{'R2'},{'D6'},{'D2'},{'D7'},{'D1'},{'R1'},{'R3'},&,1.0,&
{'D5'},{'D4'},{'D3'},{'R3'},{'D6'},{'D2'},{'D7'},{'D1'},{'R2'},{'R1'},&,1.0,&
{'D5'},{'D4'},{'D3'},{'R3'},{'D6'},{'D2'},{'D7'},{'D1'},{'R1'},{'R2'},&,1.0,&
{'D5'},{'D4'},{'D6'},{'D7'},{'D1'},{'D2'},{'R3'},{'R2'},{'D3'},{'R1'},&,1.0,&
{'D5'},{'D4'},{'D6'},{'D7'},{'D1'},{'D2'},{'R2'},{'R3'},{'D3'},{'R1'},&,1.0,&
{'D5'},{'D4'},{'D6'},{'D7'},{'D1'},{'D2'},{'R2'},{'D3'},{'R3'},{'R1'},&,1.0,&
{'D5'},{'D4'},{'D6'},{'D7'},{'D1'},{'D2'},{'D3'},{'R1'},{'R3'},{'R2'},&,2.0,&
{'D5'},{'D4'},{'D6'},{'D7'},{'D1'},{'D2'},{'D3'},{'R2'},{'R3'},{'R1'},&,1.0,&
{'D5'},{'D4'},{'D6'},{'D7'},{'D1'},{'D2'},{'D3'},{'R3'},{'R2'},{'R1'},&,1.0,&
{'D5'},{'D4'},{'D6'},{'D7'},{'D1'},{'D2'},{'D3'},{'R3'},{'R1'},{'R2'},&,1.0,&
{'D5'},{'D4'},{'D6'},{'D7'},{'D1'},{'D3'},{'R3'},{'D2'},{'R2'},{'R1'},&,2.0,&
{'D5'},{'D4'},{'D6'},{'D7'},{'D1'},{'D3'},{'D2'},{'R1'},{'R2'},{'R3'},&,1.0,&
{'D5'},{'D4'},{'D6'},{'D7'},{'D1'},{'D3'},{'D2'},{'R1'},{'R3'},{'R2'},&,1.0,&
{'D5'},{'D4'},{'D6'},{'D7'},{'D1'},{'D3'},{'D2'},{'R2'},{'R3'},{'R1'},&,5.0,&
{'D5'},{'D4'},{'D6'},{'D7'},{'D1'},{'D3'},{'D2'},{'R2'},{'R1'},{'R3'},&,1.0,&
{'D5'},{'D4'},{'D6'},{'D7'},{'D1'},{'D3'},{'D2'},{'R3'},{'R2'},{'R1'},&,2.0,&
{'D5'},{'D4'},{'D6'},{'D7'},{'D1'},{'D3'},{'D2'},{'R3'},{'R1'},{'R2'},&,6.0,&
{'D5'},{'D4'},{'D6'},{'D7'},{'D1'},{'D3'},{'R2'},{'D2'},{'R3'},{'R1'},&,1.0,&
{'D5'},{'D4'},{'D6'},{'D7'},{'D1'},{'D3'},{'R2'},{'D2'},{'R1'},{'R3'},&,2.0,&
{'D5'},{'D4'},{'D6'},{'D7'},{'D1'},{'D3'},{'R2'},{'R3'},{'D2'},{'R1'},&,1.0,&
{'D5'},{'D4'},{'D6'},{'D7'},{'D1'},{'D3'},{'R1'},{'D2'},{'R2'},{'R3'},&,1.0,&
{'D5'},{'D4'},{'D6'},{'D7'},{'D1'},{'D3'},{'R1'},{'D2'},{'R3'},{'R2'},&,2.0,&
{'D5'},{'D4'},{'D6'},{'D7'},{'D1'},{'D3'},{'R1'},{'R3'},{'D2'},{'R2'},&,1.0,&
{'D5'},{'D4'},{'D6'},{'D7'},{'D1'},{'R2'},{'D3'},{'D2'},{'R1'},{'R3'},&,1.0,&
{'D5'},{'D4'},{'D6'},{'D7'},{'D1'},{'R1'},{'D3'},{'D2'},{'R3'},{'R2'},&,1.0,&
{'D5'},{'D4'},{'D6'},{'D7'},{'D1'},{'R3'},{'D3'},{'D2'},{'R2'},{'R1'},&,1.0,&
{'D5'},{'D4'},{'D6'},{'D7'},{'D1'},{'R3'},{'D3'},{'D2'},{'R1'},{'R2'},&,1.0,&
{'D5'},{'D4'},{'D6'},{'D7'},{'D2'},{'D1'},{'R3'},{'R1'},{'D3'},{'R2'},&,1.0,&
{'D5'},{'D4'},{'D6'},{'D7'},{'D2'},{'D1'},{'D3'},{'R2'},{'R3'},{'R1'},&,2.0,&
{'D5'},{'D4'},{'D6'},{'D7'},{'D2'},{'D1'},{'D3'},{'R3'},{'R1'},{'R2'},&,3.0,&
{'D5'},{'D4'},{'D6'},{'D7'},{'D2'},{'D1'},{'R1'},{'D3'},{'R3'},{'R2'},&,1.0,&
{'D5'},{'D4'},{'D6'},{'D7'},{'D2'},{'D3'},{'R3'},{'R2'},{'D1'},{'R1'},&,1.0,&
{'D5'},{'D4'},{'D6'},{'D7'},{'D2'},{'D3'},{'R3'},{'D1'},{'R2'},{'R1'},&,2.0,&
{'D5'},{'D4'},{'D6'},{'D7'},{'D2'},{'D3'},{'D1'},{'R1'},{'R2'},{'R3'},&,2.0,&
{'D5'},{'D4'},{'D6'},{'D7'},{'D2'},{'D3'},{'D1'},{'R1'},{'R3'},{'R2'},&,3.0,&
{'D5'},{'D4'},{'D6'},{'D7'},{'D2'},{'D3'},{'D1'},{'R2'},{'R3'},{'R1'},&,1.0,&
{'D5'},{'D4'},{'D6'},{'D7'},{'D2'},{'D3'},{'D1'},{'R2'},{'R1'},{'R3'},&,1.0,&
{'D5'},{'D4'},{'D6'},{'D7'},{'D2'},{'D3'},{'D1'},{'R3'},{'R2'},{'R1'},&,3.0,&
{'D5'},{'D4'},{'D6'},{'D7'},{'D2'},{'D3'},{'D1'},{'R3'},{'R1'},{'R2'},&,7.0,&
{'D5'},{'D4'},{'D6'},{'D7'},{'D2'},{'D3'},{'R2'},{'D1'},{'R1'},{'R3'},&,1.0,&
{'D5'},{'D4'},{'D6'},{'D7'},{'D2'},{'D3'},{'R1'},{'R3'},{'D1'},{'R2'},&,1.0,&
{'D5'},{'D4'},{'D6'},{'D7'},{'D2'},{'R1'},{'R3'},{'D3'},{'D1'},{'R2'},&,1.0,&
{'D5'},{'D4'},{'D6'},{'D7'},{'D2'},{'R1'},{'D3'},{'D1'},{'R3'},{'R2'},&,2.0,&
{'D5'},{'D4'},{'D6'},{'D7'},{'D2'},{'R3'},{'D3'},{'D1'},{'R2'},{'R1'},&,1.0,&
{'D5'},{'D4'},{'D6'},{'D7'},{'D3'},{'D1'},{'R3'},{'D2'},{'R2'},{'R1'},&,3.0,&
{'D5'},{'D4'},{'D6'},{'D7'},{'D3'},{'D1'},{'R3'},{'D2'},{'R1'},{'R2'},&,2.0,&
{'D5'},{'D4'},{'D6'},{'D7'},{'D3'},{'D1'},{'R3'},{'R1'},{'D2'},{'R2'},&,1.0,&
{'D5'},{'D4'},{'D6'},{'D7'},{'D3'},{'D1'},{'R3'},{'R2'},{'R1'},{'D2'},&,1.0,&
{'D5'},{'D4'},{'D6'},{'D7'},{'D3'},{'D1'},{'R3'},{'R2'},{'D2'},{'R1'},&,1.0,&
{'D5'},{'D4'},{'D6'},{'D7'},{'D3'},{'D1'},{'D2'},{'R1'},{'R2'},{'R3'},&,3.0,&
{'D5'},{'D4'},{'D6'},{'D7'},{'D3'},{'D1'},{'D2'},{'R1'},{'R3'},{'R2'},&,7.0,&
{'D5'},{'D4'},{'D6'},{'D7'},{'D3'},{'D1'},{'D2'},{'R2'},{'R3'},{'R1'},&,3.0,&
{'D5'},{'D4'},{'D6'},{'D7'},{'D3'},{'D1'},{'D2'},{'R2'},{'R1'},{'R3'},&,2.0,&
{'D5'},{'D4'},{'D6'},{'D7'},{'D3'},{'D1'},{'D2'},{'R3'},{'R2'},{'R1'},&,17.0,&
{'D5'},{'D4'},{'D6'},{'D7'},{'D3'},{'D1'},{'D2'},{'R3'},{'R1'},{'R2'},&,33.0,&
{'D5'},{'D4'},{'D6'},{'D7'},{'D3'},{'D1'},{'R2'},{'D2'},{'R3'},{'R1'},&,4.0,&
{'D5'},{'D4'},{'D6'},{'D7'},{'D3'},{'D1'},{'R2'},{'D2'},{'R1'},{'R3'},&,2.0,&
{'D5'},{'D4'},{'D6'},{'D7'},{'D3'},{'D1'},{'R2'},{'R3'},{'D2'},{'R1'},&,2.0,&
{'D5'},{'D4'},{'D6'},{'D7'},{'D3'},{'D1'},{'R1'},{'D2'},{'R2'},{'R3'},&,1.0,&
{'D5'},{'D4'},{'D6'},{'D7'},{'D3'},{'D1'},{'R1'},{'R3'},{'D2'},{'R2'},&,1.0,&
{'D5'},{'D4'},{'D6'},{'D7'},{'D3'},{'D2'},{'R3'},{'R2'},{'D1'},{'R1'},&,1.0,&
{'D5'},{'D4'},{'D6'},{'D7'},{'D3'},{'D2'},{'R3'},{'D1'},{'R2'},{'R1'},&,3.0,&
{'D5'},{'D4'},{'D6'},{'D7'},{'D3'},{'D2'},{'R3'},{'D1'},{'R1'},{'R2'},&,1.0,&
{'D5'},{'D4'},{'D6'},{'D7'},{'D3'},{'D2'},{'D1'},{'R1'},{'R2'},{'R3'},&,3.0,&
{'D5'},{'D4'},{'D6'},{'D7'},{'D3'},{'D2'},{'D1'},{'R1'},{'R3'},{'R2'},&,5.0,&
{'D5'},{'D4'},{'D6'},{'D7'},{'D3'},{'D2'},{'D1'},{'R2'},{'R3'},{'R1'},&,6.0,&
{'D5'},{'D4'},{'D6'},{'D7'},{'D3'},{'D2'},{'D1'},{'R2'},{'R1'},{'R3'},&,3.0,&
{'D5'},{'D4'},{'D6'},{'D7'},{'D3'},{'D2'},{'D1'},{'R3'},{'R2'},{'R1'},&,6.0,&
{'D5'},{'D4'},{'D6'},{'D7'},{'D3'},{'D2'},{'D1'},{'R3'},{'R1'},{'R2'},&,18.0,&
{'D5'},{'D4'},{'D6'},{'D7'},{'D3'},{'D2'},{'R2'},{'D1'},{'R3'},{'R1'},&,1.0,&
{'D5'},{'D4'},{'D6'},{'D7'},{'D3'},{'D2'},{'R2'},{'D1'},{'R1'},{'R3'},&,2.0,&
{'D5'},{'D4'},{'D6'},{'D7'},{'D3'},{'D2'},{'R1'},{'D1'},{'R3'},{'R2'},&,3.0,&
{'D5'},{'D4'},{'D6'},{'D7'},{'D3'},{'R2'},{'D1'},{'D2'},{'R1'},{'R3'},&,1.0,&
{'D5'},{'D4'},{'D6'},{'D7'},{'D3'},{'R1'},{'D2'},{'D1'},{'R3'},{'R2'},&,1.0,&
{'D5'},{'D4'},{'D6'},{'D7'},{'D3'},{'R1'},{'D1'},{'D2'},{'R3'},{'R2'},&,1.0,&
{'D5'},{'D4'},{'D6'},{'D7'},{'D3'},{'R3'},{'D2'},{'R2'},{'R1'},{'D1'},&,1.0,&
{'D5'},{'D4'},{'D6'},{'D7'},{'D3'},{'R3'},{'D2'},{'R2'},{'D1'},{'R1'},&,1.0,&
{'D5'},{'D4'},{'D6'},{'D7'},{'D3'},{'R3'},{'D2'},{'D1'},{'R2'},{'R1'},&,1.0,&
{'D5'},{'D4'},{'D6'},{'D7'},{'D3'},{'R3'},{'D2'},{'D1'},{'R1'},{'R2'},&,1.0,&
{'D5'},{'D4'},{'D6'},{'D7'},{'D3'},{'R3'},{'D1'},{'D2'},{'R2'},{'R1'},&,1.0,&
{'D5'},{'D4'},{'D6'},{'D7'},{'D3'},{'R3'},{'D1'},{'D2'},{'R1'},{'R2'},&,1.0,&
{'D5'},{'D4'},{'D6'},{'D7'},{'D3'},{'R3'},{'D1'},{'R2'},{'D2'},{'R1'},&,1.0,&
{'D5'},{'D4'},{'D6'},{'D7'},{'R3'},{'D3'},{'D2'},{'D1'},{'R2'},{'R1'},&,1.0,&
{'D5'},{'D4'},{'D6'},{'D7'},{'R1'},{'D1'},{'D3'},{'D2'},{'R3'},{'R2'},&,1.0,&
{'D5'},{'D4'},{'D6'},{'D7'},{'R1'},{'D3'},{'D1'},{'D2'},{'R3'},{'R2'},&,1.0,&
{'D5'},{'D4'},{'D6'},{'D1'},{'D7'},{'D2'},{'R3'},{'D3'},{'R1'},{'R2'},&,1.0,&
{'D5'},{'D4'},{'D6'},{'D1'},{'D7'},{'D2'},{'D3'},{'R1'},{'R2'},{'R3'},&,1.0,&
{'D5'},{'D4'},{'D6'},{'D1'},{'D7'},{'D2'},{'D3'},{'R1'},{'R3'},{'R2'},&,2.0,&
{'D5'},{'D4'},{'D6'},{'D1'},{'D7'},{'D2'},{'D3'},{'R2'},{'R3'},{'R1'},&,1.0,&
{'D5'},{'D4'},{'D6'},{'D1'},{'D7'},{'D2'},{'D3'},{'R3'},{'R1'},{'R2'},&,1.0,&
{'D5'},{'D4'},{'D6'},{'D1'},{'D7'},{'D2'},{'R1'},{'D3'},{'R3'},{'R2'},&,1.0,&
{'D5'},{'D4'},{'D6'},{'D1'},{'D7'},{'D3'},{'R3'},{'D2'},{'R1'},{'R2'},&,3.0,&
{'D5'},{'D4'},{'D6'},{'D1'},{'D7'},{'D3'},{'R3'},{'R2'},{'R1'},{'D2'},&,2.0,&
{'D5'},{'D4'},{'D6'},{'D1'},{'D7'},{'D3'},{'D2'},{'R1'},{'R3'},{'R2'},&,5.0,&
{'D5'},{'D4'},{'D6'},{'D1'},{'D7'},{'D3'},{'D2'},{'R2'},{'R3'},{'R1'},&,1.0,&
{'D5'},{'D4'},{'D6'},{'D1'},{'D7'},{'D3'},{'D2'},{'R2'},{'R1'},{'R3'},&,3.0,&
{'D5'},{'D4'},{'D6'},{'D1'},{'D7'},{'D3'},{'D2'},{'R3'},{'R2'},{'R1'},&,4.0,&
{'D5'},{'D4'},{'D6'},{'D1'},{'D7'},{'D3'},{'D2'},{'R3'},{'R1'},{'R2'},&,5.0,&
{'D5'},{'D4'},{'D6'},{'D1'},{'D7'},{'D3'},{'R2'},{'D2'},{'R3'},{'R1'},&,1.0,&
{'D5'},{'D4'},{'D6'},{'D1'},{'D7'},{'R3'},{'D2'},{'D3'},{'R1'},{'R2'},&,1.0,&
{'D5'},{'D4'},{'D6'},{'D1'},{'D2'},{'D7'},{'R3'},{'R2'},{'D3'},{'R1'},&,1.0,&
{'D5'},{'D4'},{'D6'},{'D1'},{'D2'},{'D7'},{'R3'},{'D3'},{'R1'},{'R2'},&,1.0,&
{'D5'},{'D4'},{'D6'},{'D1'},{'D2'},{'D7'},{'D3'},{'R2'},{'R3'},{'R1'},&,2.0,&
{'D5'},{'D4'},{'D6'},{'D1'},{'D2'},{'D7'},{'D3'},{'R3'},{'R2'},{'R1'},&,1.0,&
{'D5'},{'D4'},{'D6'},{'D1'},{'D2'},{'D3'},{'R3'},{'R2'},{'D7'},{'R1'},&,1.0,&
{'D5'},{'D4'},{'D6'},{'D1'},{'D2'},{'D3'},{'R3'},{'D7'},{'R2'},{'R1'},&,1.0,&
{'D5'},{'D4'},{'D6'},{'D1'},{'D2'},{'D3'},{'R3'},{'D7'},{'R1'},{'R2'},&,1.0,&
{'D5'},{'D4'},{'D6'},{'D1'},{'D2'},{'D3'},{'R2'},{'R3'},{'D7'},{'R1'},&,1.0,&
{'D5'},{'D4'},{'D6'},{'D1'},{'D2'},{'D3'},{'D7'},{'R1'},{'R3'},{'R2'},&,2.0,&
{'D5'},{'D4'},{'D6'},{'D1'},{'D2'},{'D3'},{'D7'},{'R2'},{'R3'},{'R1'},&,2.0,&
{'D5'},{'D4'},{'D6'},{'D1'},{'D2'},{'D3'},{'D7'},{'R2'},{'R1'},{'R3'},&,1.0,&
{'D5'},{'D4'},{'D6'},{'D1'},{'D2'},{'D3'},{'D7'},{'R3'},{'R2'},{'R1'},&,5.0,&
{'D5'},{'D4'},{'D6'},{'D1'},{'D2'},{'D3'},{'D7'},{'R3'},{'R1'},{'R2'},&,2.0,&
{'D5'},{'D4'},{'D6'},{'D1'},{'D2'},{'R2'},{'D7'},{'D3'},{'R3'},{'R1'},&,3.0,&
{'D5'},{'D4'},{'D6'},{'D1'},{'D3'},{'D7'},{'R3'},{'D2'},{'R2'},{'R1'},&,3.0,&
{'D5'},{'D4'},{'D6'},{'D1'},{'D3'},{'D7'},{'R3'},{'D2'},{'R1'},{'R2'},&,2.0,&
{'D5'},{'D4'},{'D6'},{'D1'},{'D3'},{'D7'},{'R3'},{'R1'},{'D2'},{'R2'},&,2.0,&
{'D5'},{'D4'},{'D6'},{'D1'},{'D3'},{'D7'},{'R3'},{'R2'},{'D2'},{'R1'},&,1.0,&
{'D5'},{'D4'},{'D6'},{'D1'},{'D3'},{'D7'},{'D2'},{'R1'},{'R2'},{'R3'},&,2.0,&
{'D5'},{'D4'},{'D6'},{'D1'},{'D3'},{'D7'},{'D2'},{'R1'},{'R3'},{'R2'},&,8.0,&
{'D5'},{'D4'},{'D6'},{'D1'},{'D3'},{'D7'},{'D2'},{'R2'},{'R3'},{'R1'},&,4.0,&
{'D5'},{'D4'},{'D6'},{'D1'},{'D3'},{'D7'},{'D2'},{'R2'},{'R1'},{'R3'},&,1.0,&
{'D5'},{'D4'},{'D6'},{'D1'},{'D3'},{'D7'},{'D2'},{'R3'},{'R2'},{'R1'},&,8.0,&
{'D5'},{'D4'},{'D6'},{'D1'},{'D3'},{'D7'},{'D2'},{'R3'},{'R1'},{'R2'},&,9.0,&
{'D5'},{'D4'},{'D6'},{'D1'},{'D3'},{'D7'},{'R2'},{'D2'},{'R3'},{'R1'},&,1.0,&
{'D5'},{'D4'},{'D6'},{'D1'},{'D3'},{'D7'},{'R1'},{'D2'},{'R2'},{'R3'},&,2.0,&
{'D5'},{'D4'},{'D6'},{'D1'},{'D3'},{'D7'},{'R1'},{'D2'},{'R3'},{'R2'},&,2.0,&
{'D5'},{'D4'},{'D6'},{'D1'},{'D3'},{'D2'},{'R3'},{'D7'},{'R1'},{'R2'},&,3.0,&
{'D5'},{'D4'},{'D6'},{'D1'},{'D3'},{'D2'},{'D7'},{'R1'},{'R2'},{'R3'},&,1.0,&
{'D5'},{'D4'},{'D6'},{'D1'},{'D3'},{'D2'},{'D7'},{'R1'},{'R3'},{'R2'},&,5.0,&
{'D5'},{'D4'},{'D6'},{'D1'},{'D3'},{'D2'},{'D7'},{'R2'},{'R3'},{'R1'},&,1.0,&
{'D5'},{'D4'},{'D6'},{'D1'},{'D3'},{'D2'},{'D7'},{'R2'},{'R1'},{'R3'},&,2.0,&
{'D5'},{'D4'},{'D6'},{'D1'},{'D3'},{'D2'},{'D7'},{'R3'},{'R2'},{'R1'},&,6.0,&
{'D5'},{'D4'},{'D6'},{'D1'},{'D3'},{'D2'},{'D7'},{'R3'},{'R1'},{'R2'},&,7.0,&
{'D5'},{'D4'},{'D6'},{'D1'},{'D3'},{'R1'},{'D2'},{'R3'},{'R2'},{'D7'},&,1.0,&
{'D5'},{'D4'},{'D6'},{'D1'},{'D3'},{'R1'},{'D7'},{'D2'},{'R3'},{'R2'},&,1.0,&
{'D5'},{'D4'},{'D6'},{'D1'},{'R2'},{'D2'},{'D3'},{'D7'},{'R3'},{'R1'},&,1.0,&
{'D5'},{'D4'},{'D6'},{'D2'},{'D1'},{'D7'},{'R2'},{'D3'},{'R3'},{'R1'},&,1.0,&
{'D5'},{'D4'},{'D6'},{'D2'},{'D1'},{'D7'},{'D3'},{'R1'},{'R3'},{'R2'},&,2.0,&
{'D5'},{'D4'},{'D6'},{'D2'},{'D1'},{'D7'},{'D3'},{'R3'},{'R2'},{'R1'},&,1.0,&
{'D5'},{'D4'},{'D6'},{'D2'},{'D1'},{'D3'},{'R3'},{'R1'},{'D7'},{'R2'},&,1.0,&
{'D5'},{'D4'},{'D6'},{'D2'},{'D1'},{'D3'},{'R3'},{'D7'},{'R1'},{'R2'},&,1.0,&
{'D5'},{'D4'},{'D6'},{'D2'},{'D1'},{'D3'},{'R2'},{'D7'},{'R3'},{'R1'},&,1.0,&
{'D5'},{'D4'},{'D6'},{'D2'},{'D1'},{'D3'},{'D7'},{'R1'},{'R3'},{'R2'},&,1.0,&
{'D5'},{'D4'},{'D6'},{'D2'},{'D1'},{'D3'},{'D7'},{'R2'},{'R1'},{'R3'},&,1.0,&
{'D5'},{'D4'},{'D6'},{'D2'},{'D1'},{'D3'},{'D7'},{'R3'},{'R1'},{'R2'},&,4.0,&
{'D5'},{'D4'},{'D6'},{'D2'},{'D7'},{'D1'},{'D3'},{'R1'},{'R3'},{'R2'},&,2.0,&
{'D5'},{'D4'},{'D6'},{'D2'},{'D7'},{'D3'},{'R3'},{'R2'},{'D1'},{'R1'},&,1.0,&
{'D5'},{'D4'},{'D6'},{'D2'},{'D7'},{'D3'},{'R3'},{'D1'},{'R2'},{'R1'},&,1.0,&
{'D5'},{'D4'},{'D6'},{'D2'},{'D7'},{'D3'},{'D1'},{'R1'},{'R3'},{'R2'},&,2.0,&
{'D5'},{'D4'},{'D6'},{'D2'},{'D7'},{'D3'},{'D1'},{'R2'},{'R3'},{'R1'},&,2.0,&
{'D5'},{'D4'},{'D6'},{'D2'},{'D7'},{'D3'},{'D1'},{'R2'},{'R1'},{'R3'},&,3.0,&
{'D5'},{'D4'},{'D6'},{'D2'},{'D7'},{'D3'},{'D1'},{'R3'},{'R2'},{'R1'},&,9.0,&
{'D5'},{'D4'},{'D6'},{'D2'},{'D7'},{'D3'},{'D1'},{'R3'},{'R1'},{'R2'},&,5.0,&
{'D5'},{'D4'},{'D6'},{'D2'},{'D7'},{'D3'},{'R2'},{'R3'},{'D1'},{'R1'},&,1.0,&
{'D5'},{'D4'},{'D6'},{'D2'},{'D7'},{'D3'},{'R2'},{'D1'},{'R3'},{'R1'},&,3.0,&
{'D5'},{'D4'},{'D6'},{'D2'},{'D3'},{'D7'},{'R3'},{'R2'},{'D1'},{'R1'},&,1.0,&
{'D5'},{'D4'},{'D6'},{'D2'},{'D3'},{'D7'},{'R3'},{'D1'},{'R2'},{'R1'},&,1.0,&
{'D5'},{'D4'},{'D6'},{'D2'},{'D3'},{'D7'},{'R3'},{'D1'},{'R1'},{'R2'},&,1.0,&
{'D5'},{'D4'},{'D6'},{'D2'},{'D3'},{'D7'},{'D1'},{'R1'},{'R3'},{'R2'},&,6.0,&
{'D5'},{'D4'},{'D6'},{'D2'},{'D3'},{'D7'},{'D1'},{'R2'},{'R3'},{'R1'},&,3.0,&
{'D5'},{'D4'},{'D6'},{'D2'},{'D3'},{'D7'},{'D1'},{'R2'},{'R1'},{'R3'},&,1.0,&
{'D5'},{'D4'},{'D6'},{'D2'},{'D3'},{'D7'},{'D1'},{'R3'},{'R2'},{'R1'},&,8.0,&
{'D5'},{'D4'},{'D6'},{'D2'},{'D3'},{'D7'},{'D1'},{'R3'},{'R1'},{'R2'},&,4.0,&
{'D5'},{'D4'},{'D6'},{'D2'},{'D3'},{'D7'},{'R2'},{'R3'},{'D1'},{'R1'},&,1.0,&
{'D5'},{'D4'},{'D6'},{'D2'},{'D3'},{'D7'},{'R1'},{'R3'},{'D1'},{'R2'},&,2.0,&
{'D5'},{'D4'},{'D6'},{'D2'},{'D3'},{'D7'},{'R1'},{'D1'},{'R2'},{'R3'},&,1.0,&
{'D5'},{'D4'},{'D6'},{'D2'},{'D3'},{'D7'},{'R1'},{'D1'},{'R3'},{'R2'},&,1.0,&
{'D5'},{'D4'},{'D6'},{'D2'},{'D3'},{'D1'},{'R3'},{'D7'},{'R2'},{'R1'},&,2.0,&
{'D5'},{'D4'},{'D6'},{'D2'},{'D3'},{'D1'},{'R3'},{'D7'},{'R1'},{'R2'},&,2.0,&
{'D5'},{'D4'},{'D6'},{'D2'},{'D3'},{'D1'},{'D7'},{'R1'},{'R2'},{'R3'},&,1.0,&
{'D5'},{'D4'},{'D6'},{'D2'},{'D3'},{'D1'},{'D7'},{'R1'},{'R3'},{'R2'},&,2.0,&
{'D5'},{'D4'},{'D6'},{'D2'},{'D3'},{'D1'},{'D7'},{'R2'},{'R3'},{'R1'},&,3.0,&
{'D5'},{'D4'},{'D6'},{'D2'},{'D3'},{'D1'},{'D7'},{'R2'},{'R1'},{'R3'},&,1.0,&
{'D5'},{'D4'},{'D6'},{'D2'},{'D3'},{'D1'},{'D7'},{'R3'},{'R2'},{'R1'},&,3.0,&
{'D5'},{'D4'},{'D6'},{'D2'},{'D3'},{'D1'},{'D7'},{'R3'},{'R1'},{'R2'},&,5.0,&
{'D5'},{'D4'},{'D6'},{'D2'},{'D3'},{'D1'},{'R1'},{'D7'},{'R3'},{'R2'},&,1.0,&
{'D5'},{'D4'},{'D6'},{'D2'},{'D3'},{'R2'},{'D1'},{'D7'},{'R3'},{'R1'},&,1.0,&
{'D5'},{'D4'},{'D6'},{'D2'},{'D3'},{'R1'},{'D1'},{'D7'},{'R3'},{'R2'},&,1.0,&
{'D5'},{'D4'},{'D6'},{'D2'},{'D3'},{'R3'},{'D1'},{'D7'},{'R2'},{'R1'},&,1.0,&
{'D5'},{'D4'},{'D6'},{'D2'},{'D3'},{'R3'},{'D7'},{'D1'},{'R2'},{'R1'},&,1.0,&
{'D5'},{'D4'},{'D6'},{'D3'},{'D1'},{'D7'},{'R3'},{'D2'},{'R2'},{'R1'},&,3.0,&
{'D5'},{'D4'},{'D6'},{'D3'},{'D1'},{'D7'},{'R3'},{'D2'},{'R1'},{'R2'},&,5.0,&
{'D5'},{'D4'},{'D6'},{'D3'},{'D1'},{'D7'},{'R3'},{'R2'},{'R1'},{'D2'},&,2.0,&
{'D5'},{'D4'},{'D6'},{'D3'},{'D1'},{'D7'},{'D2'},{'R1'},{'R2'},{'R3'},&,2.0,&
{'D5'},{'D4'},{'D6'},{'D3'},{'D1'},{'D7'},{'D2'},{'R1'},{'R3'},{'R2'},&,5.0,&
{'D5'},{'D4'},{'D6'},{'D3'},{'D1'},{'D7'},{'D2'},{'R2'},{'R3'},{'R1'},&,9.0,&
{'D5'},{'D4'},{'D6'},{'D3'},{'D1'},{'D7'},{'D2'},{'R2'},{'R1'},{'R3'},&,4.0,&
{'D5'},{'D4'},{'D6'},{'D3'},{'D1'},{'D7'},{'D2'},{'R3'},{'R2'},{'R1'},&,16.0,&
{'D5'},{'D4'},{'D6'},{'D3'},{'D1'},{'D7'},{'D2'},{'R3'},{'R1'},{'R2'},&,11.0,&
{'D5'},{'D4'},{'D6'},{'D3'},{'D1'},{'D7'},{'R1'},{'D2'},{'R2'},{'R3'},&,1.0,&
{'D5'},{'D4'},{'D6'},{'D3'},{'D1'},{'D7'},{'R1'},{'D2'},{'R3'},{'R2'},&,3.0,&
{'D5'},{'D4'},{'D6'},{'D3'},{'D1'},{'D7'},{'R1'},{'R3'},{'D2'},{'R2'},&,2.0,&
{'D5'},{'D4'},{'D6'},{'D3'},{'D1'},{'D2'},{'R3'},{'R1'},{'D7'},{'R2'},&,2.0,&
{'D5'},{'D4'},{'D6'},{'D3'},{'D1'},{'D2'},{'R3'},{'D7'},{'R2'},{'R1'},&,1.0,&
{'D5'},{'D4'},{'D6'},{'D3'},{'D1'},{'D2'},{'R3'},{'D7'},{'R1'},{'R2'},&,2.0,&
{'D5'},{'D4'},{'D6'},{'D3'},{'D1'},{'D2'},{'R2'},{'D7'},{'R3'},{'R1'},&,2.0,&
{'D5'},{'D4'},{'D6'},{'D3'},{'D1'},{'D2'},{'R2'},{'D7'},{'R1'},{'R3'},&,2.0,&
{'D5'},{'D4'},{'D6'},{'D3'},{'D1'},{'D2'},{'D7'},{'R1'},{'R2'},{'R3'},&,4.0,&
{'D5'},{'D4'},{'D6'},{'D3'},{'D1'},{'D2'},{'D7'},{'R1'},{'R3'},{'R2'},&,1.0,&
{'D5'},{'D4'},{'D6'},{'D3'},{'D1'},{'D2'},{'D7'},{'R2'},{'R3'},{'R1'},&,4.0,&
{'D5'},{'D4'},{'D6'},{'D3'},{'D1'},{'D2'},{'D7'},{'R2'},{'R1'},{'R3'},&,1.0,&
{'D5'},{'D4'},{'D6'},{'D3'},{'D1'},{'D2'},{'D7'},{'R3'},{'R2'},{'R1'},&,6.0,&
{'D5'},{'D4'},{'D6'},{'D3'},{'D1'},{'D2'},{'D7'},{'R3'},{'R1'},{'R2'},&,13.0,&
{'D5'},{'D4'},{'D6'},{'D3'},{'D1'},{'D2'},{'R1'},{'D7'},{'R3'},{'R2'},&,2.0,&
{'D5'},{'D4'},{'D6'},{'D3'},{'D1'},{'R3'},{'D7'},{'D2'},{'R2'},{'R1'},&,1.0,&
{'D5'},{'D4'},{'D6'},{'D3'},{'D1'},{'R3'},{'D7'},{'D2'},{'R1'},{'R2'},&,1.0,&
{'D5'},{'D4'},{'D6'},{'D3'},{'D1'},{'R3'},{'D7'},{'R1'},{'D2'},{'R2'},&,1.0,&
{'D5'},{'D4'},{'D6'},{'D3'},{'D1'},{'R3'},{'R1'},{'D2'},{'D7'},{'R2'},&,1.0,&
{'D5'},{'D4'},{'D6'},{'D3'},{'D7'},{'D1'},{'R3'},{'D2'},{'R2'},{'R1'},&,4.0,&
{'D5'},{'D4'},{'D6'},{'D3'},{'D7'},{'D1'},{'R3'},{'D2'},{'R1'},{'R2'},&,6.0,&
{'D5'},{'D4'},{'D6'},{'D3'},{'D7'},{'D1'},{'R3'},{'R2'},{'D2'},{'R1'},&,2.0,&
{'D5'},{'D4'},{'D6'},{'D3'},{'D7'},{'D1'},{'D2'},{'R1'},{'R2'},{'R3'},&,9.0,&
{'D5'},{'D4'},{'D6'},{'D3'},{'D7'},{'D1'},{'D2'},{'R1'},{'R3'},{'R2'},&,9.0,&
{'D5'},{'D4'},{'D6'},{'D3'},{'D7'},{'D1'},{'D2'},{'R2'},{'R3'},{'R1'},&,5.0,&
{'D5'},{'D4'},{'D6'},{'D3'},{'D7'},{'D1'},{'D2'},{'R2'},{'R1'},{'R3'},&,5.0,&
{'D5'},{'D4'},{'D6'},{'D3'},{'D7'},{'D1'},{'D2'},{'R3'},{'R2'},{'R1'},&,17.0,&
{'D5'},{'D4'},{'D6'},{'D3'},{'D7'},{'D1'},{'D2'},{'R3'},{'R1'},{'R2'},&,21.0,&
{'D5'},{'D4'},{'D6'},{'D3'},{'D7'},{'D1'},{'R2'},{'D2'},{'R3'},{'R1'},&,6.0,&
{'D5'},{'D4'},{'D6'},{'D3'},{'D7'},{'D1'},{'R1'},{'D2'},{'R2'},{'R3'},&,4.0,&
{'D5'},{'D4'},{'D6'},{'D3'},{'D7'},{'D1'},{'R1'},{'D2'},{'R3'},{'R2'},&,4.0,&
{'D5'},{'D4'},{'D6'},{'D3'},{'D7'},{'D2'},{'R3'},{'R2'},{'D1'},{'R1'},&,3.0,&
{'D5'},{'D4'},{'D6'},{'D3'},{'D7'},{'D2'},{'R3'},{'D1'},{'R2'},{'R1'},&,4.0,&
{'D5'},{'D4'},{'D6'},{'D3'},{'D7'},{'D2'},{'R3'},{'D1'},{'R1'},{'R2'},&,3.0,&
{'D5'},{'D4'},{'D6'},{'D3'},{'D7'},{'D2'},{'D1'},{'R1'},{'R2'},{'R3'},&,4.0,&
{'D5'},{'D4'},{'D6'},{'D3'},{'D7'},{'D2'},{'D1'},{'R1'},{'R3'},{'R2'},&,11.0,&
{'D5'},{'D4'},{'D6'},{'D3'},{'D7'},{'D2'},{'D1'},{'R2'},{'R3'},{'R1'},&,3.0,&
{'D5'},{'D4'},{'D6'},{'D3'},{'D7'},{'D2'},{'D1'},{'R3'},{'R2'},{'R1'},&,9.0,&
{'D5'},{'D4'},{'D6'},{'D3'},{'D7'},{'D2'},{'D1'},{'R3'},{'R1'},{'R2'},&,19.0,&
{'D5'},{'D4'},{'D6'},{'D3'},{'D7'},{'D2'},{'R2'},{'D1'},{'R3'},{'R1'},&,2.0,&
{'D5'},{'D4'},{'D6'},{'D3'},{'D7'},{'D2'},{'R2'},{'D1'},{'R1'},{'R3'},&,4.0,&
{'D5'},{'D4'},{'D6'},{'D3'},{'D7'},{'D2'},{'R1'},{'R2'},{'D1'},{'R3'},&,1.0,&
{'D5'},{'D4'},{'D6'},{'D3'},{'D7'},{'D2'},{'R1'},{'D1'},{'R3'},{'R2'},&,5.0,&
{'D5'},{'D4'},{'D6'},{'D3'},{'D7'},{'R2'},{'D1'},{'R3'},{'D2'},{'R1'},&,1.0,&
{'D5'},{'D4'},{'D6'},{'D3'},{'D7'},{'R1'},{'D2'},{'D1'},{'R3'},{'R2'},&,1.0,&
{'D5'},{'D4'},{'D6'},{'D3'},{'D7'},{'R1'},{'D1'},{'D2'},{'R2'},{'R3'},&,1.0,&
{'D5'},{'D4'},{'D6'},{'D3'},{'D7'},{'R3'},{'D2'},{'R1'},{'D1'},{'R2'},&,1.0,&
{'D5'},{'D4'},{'D6'},{'D3'},{'D7'},{'R3'},{'D2'},{'D1'},{'R2'},{'R1'},&,2.0,&
{'D5'},{'D4'},{'D6'},{'D3'},{'D7'},{'R3'},{'D1'},{'D2'},{'R2'},{'R1'},&,1.0,&
{'D5'},{'D4'},{'D6'},{'D3'},{'D7'},{'R3'},{'D1'},{'D2'},{'R1'},{'R2'},&,1.0,&
{'D5'},{'D4'},{'D6'},{'D3'},{'D2'},{'D7'},{'R3'},{'R2'},{'D1'},{'R1'},&,1.0,&
{'D5'},{'D4'},{'D6'},{'D3'},{'D2'},{'D7'},{'R3'},{'D1'},{'R2'},{'R1'},&,2.0,&
{'D5'},{'D4'},{'D6'},{'D3'},{'D2'},{'D7'},{'R3'},{'D1'},{'R1'},{'R2'},&,2.0,&
{'D5'},{'D4'},{'D6'},{'D3'},{'D2'},{'D7'},{'D1'},{'R1'},{'R2'},{'R3'},&,2.0,&
{'D5'},{'D4'},{'D6'},{'D3'},{'D2'},{'D7'},{'D1'},{'R1'},{'R3'},{'R2'},&,6.0,&
{'D5'},{'D4'},{'D6'},{'D3'},{'D2'},{'D7'},{'D1'},{'R2'},{'R3'},{'R1'},&,1.0,&
{'D5'},{'D4'},{'D6'},{'D3'},{'D2'},{'D7'},{'D1'},{'R2'},{'R1'},{'R3'},&,3.0,&
{'D5'},{'D4'},{'D6'},{'D3'},{'D2'},{'D7'},{'D1'},{'R3'},{'R2'},{'R1'},&,15.0,&
{'D5'},{'D4'},{'D6'},{'D3'},{'D2'},{'D7'},{'D1'},{'R3'},{'R1'},{'R2'},&,19.0,&
{'D5'},{'D4'},{'D6'},{'D3'},{'D2'},{'D7'},{'R2'},{'R3'},{'D1'},{'R1'},&,1.0,&
{'D5'},{'D4'},{'D6'},{'D3'},{'D2'},{'D7'},{'R2'},{'D1'},{'R3'},{'R1'},&,2.0,&
{'D5'},{'D4'},{'D6'},{'D3'},{'D2'},{'D7'},{'R2'},{'D1'},{'R1'},{'R3'},&,1.0,&
{'D5'},{'D4'},{'D6'},{'D3'},{'D2'},{'D7'},{'R1'},{'R2'},{'R3'},{'D1'},&,1.0,&
{'D5'},{'D4'},{'D6'},{'D3'},{'D2'},{'D7'},{'R1'},{'R3'},{'R2'},{'D1'},&,1.0,&
{'D5'},{'D4'},{'D6'},{'D3'},{'D2'},{'D7'},{'R1'},{'D1'},{'R2'},{'R3'},&,1.0,&
{'D5'},{'D4'},{'D6'},{'D3'},{'D2'},{'D7'},{'R1'},{'D1'},{'R3'},{'R2'},&,1.0,&
{'D5'},{'D4'},{'D6'},{'D3'},{'D2'},{'D1'},{'R3'},{'D7'},{'R1'},{'R2'},&,4.0,&
{'D5'},{'D4'},{'D6'},{'D3'},{'D2'},{'D1'},{'R2'},{'R1'},{'D7'},{'R3'},&,1.0,&
{'D5'},{'D4'},{'D6'},{'D3'},{'D2'},{'D1'},{'R2'},{'R3'},{'D7'},{'R1'},&,1.0,&
{'D5'},{'D4'},{'D6'},{'D3'},{'D2'},{'D1'},{'R2'},{'D7'},{'R3'},{'R1'},&,1.0,&
{'D5'},{'D4'},{'D6'},{'D3'},{'D2'},{'D1'},{'D7'},{'R1'},{'R3'},{'R2'},&,7.0,&
{'D5'},{'D4'},{'D6'},{'D3'},{'D2'},{'D1'},{'D7'},{'R2'},{'R3'},{'R1'},&,5.0,&
{'D5'},{'D4'},{'D6'},{'D3'},{'D2'},{'D1'},{'D7'},{'R2'},{'R1'},{'R3'},&,1.0,&
{'D5'},{'D4'},{'D6'},{'D3'},{'D2'},{'D1'},{'D7'},{'R3'},{'R2'},{'R1'},&,6.0,&
{'D5'},{'D4'},{'D6'},{'D3'},{'D2'},{'D1'},{'D7'},{'R3'},{'R1'},{'R2'},&,11.0,&
{'D5'},{'D4'},{'D6'},{'D3'},{'D2'},{'D1'},{'R1'},{'D7'},{'R3'},{'R2'},&,1.0,&
{'D5'},{'D4'},{'D6'},{'D3'},{'D2'},{'R2'},{'D1'},{'D7'},{'R3'},{'R1'},&,1.0,&
{'D5'},{'D4'},{'D6'},{'D3'},{'D2'},{'R3'},{'D1'},{'D7'},{'R2'},{'R1'},&,1.0,&
{'D5'},{'D4'},{'D6'},{'D3'},{'D2'},{'R3'},{'D7'},{'D1'},{'R2'},{'R1'},&,3.0,&
{'D5'},{'D4'},{'D6'},{'D3'},{'R3'},{'D7'},{'D1'},{'D2'},{'R2'},{'R1'},&,1.0,&
{'D5'},{'D4'},{'D6'},{'D3'},{'R3'},{'D1'},{'R2'},{'D2'},{'D7'},{'R1'},&,1.0,&
{'D5'},{'D4'},{'D6'},{'D3'},{'R3'},{'D1'},{'D7'},{'D2'},{'R2'},{'R1'},&,2.0,&
{'D5'},{'D4'},{'D6'},{'D3'},{'R3'},{'D1'},{'R1'},{'D2'},{'R2'},{'D7'},&,1.0,&
{'D5'},{'D4'},{'D6'},{'R2'},{'D1'},{'D7'},{'D3'},{'D2'},{'R1'},{'R3'},&,1.0,&
{'D5'},{'D4'},{'D6'},{'R2'},{'D3'},{'D2'},{'D7'},{'R3'},{'R1'},{'D1'},&,1.0,&
{'D5'},{'D4'},{'D6'},{'R3'},{'D3'},{'D7'},{'D1'},{'R1'},{'D2'},{'R2'},&,1.0,&
{'D5'},{'D4'},{'D1'},{'D7'},{'D2'},{'D6'},{'D3'},{'R3'},{'R2'},{'R1'},&,1.0,&
{'D5'},{'D4'},{'D1'},{'D7'},{'D2'},{'D6'},{'D3'},{'R3'},{'R1'},{'R2'},&,1.0,&
{'D5'},{'D4'},{'D1'},{'D7'},{'D3'},{'D6'},{'R3'},{'D2'},{'R2'},{'R1'},&,2.0,&
{'D5'},{'D4'},{'D1'},{'D7'},{'D3'},{'D6'},{'R3'},{'D2'},{'R1'},{'R2'},&,2.0,&
{'D5'},{'D4'},{'D1'},{'D7'},{'D3'},{'D6'},{'R3'},{'R2'},{'D2'},{'R1'},&,2.0,&
{'D5'},{'D4'},{'D1'},{'D7'},{'D3'},{'D6'},{'D2'},{'R1'},{'R3'},{'R2'},&,4.0,&
{'D5'},{'D4'},{'D1'},{'D7'},{'D3'},{'D6'},{'D2'},{'R3'},{'R2'},{'R1'},&,3.0,&
{'D5'},{'D4'},{'D1'},{'D7'},{'D3'},{'D6'},{'D2'},{'R3'},{'R1'},{'R2'},&,2.0,&
{'D5'},{'D4'},{'D1'},{'D7'},{'D3'},{'D6'},{'R2'},{'D2'},{'R3'},{'R1'},&,1.0,&
{'D5'},{'D4'},{'D1'},{'D7'},{'D3'},{'D2'},{'R2'},{'D6'},{'R3'},{'R1'},&,1.0,&
{'D5'},{'D4'},{'D1'},{'D7'},{'D3'},{'D2'},{'D6'},{'R3'},{'R2'},{'R1'},&,2.0,&
{'D5'},{'D4'},{'D1'},{'D7'},{'D3'},{'R2'},{'D6'},{'D2'},{'R3'},{'R1'},&,1.0,&
{'D5'},{'D4'},{'D1'},{'D7'},{'D3'},{'R3'},{'D6'},{'D2'},{'R2'},{'R1'},&,1.0,&
{'D5'},{'D4'},{'D1'},{'D7'},{'D6'},{'D2'},{'R3'},{'D3'},{'R1'},{'R2'},&,1.0,&
{'D5'},{'D4'},{'D1'},{'D7'},{'D6'},{'D2'},{'D3'},{'R1'},{'R3'},{'R2'},&,3.0,&
{'D5'},{'D4'},{'D1'},{'D7'},{'D6'},{'D2'},{'D3'},{'R2'},{'R1'},{'R3'},&,1.0,&
{'D5'},{'D4'},{'D1'},{'D7'},{'D6'},{'D2'},{'D3'},{'R3'},{'R2'},{'R1'},&,1.0,&
{'D5'},{'D4'},{'D1'},{'D7'},{'D6'},{'D2'},{'D3'},{'R3'},{'R1'},{'R2'},&,1.0,&
{'D5'},{'D4'},{'D1'},{'D7'},{'D6'},{'D2'},{'R1'},{'D3'},{'R3'},{'R2'},&,1.0,&
{'D5'},{'D4'},{'D1'},{'D7'},{'D6'},{'D3'},{'R3'},{'D2'},{'R2'},{'R1'},&,1.0,&
{'D5'},{'D4'},{'D1'},{'D7'},{'D6'},{'D3'},{'R3'},{'R2'},{'D2'},{'R1'},&,1.0,&
{'D5'},{'D4'},{'D1'},{'D7'},{'D6'},{'D3'},{'D2'},{'R1'},{'R3'},{'R2'},&,3.0,&
{'D5'},{'D4'},{'D1'},{'D7'},{'D6'},{'D3'},{'D2'},{'R2'},{'R3'},{'R1'},&,1.0,&
{'D5'},{'D4'},{'D1'},{'D7'},{'D6'},{'D3'},{'D2'},{'R2'},{'R1'},{'R3'},&,1.0,&
{'D5'},{'D4'},{'D1'},{'D7'},{'D6'},{'D3'},{'D2'},{'R3'},{'R2'},{'R1'},&,5.0,&
{'D5'},{'D4'},{'D1'},{'D7'},{'D6'},{'D3'},{'D2'},{'R3'},{'R1'},{'R2'},&,6.0,&
{'D5'},{'D4'},{'D1'},{'D7'},{'D6'},{'R1'},{'R3'},{'D2'},{'D3'},{'R2'},&,1.0,&
{'D5'},{'D4'},{'D1'},{'D7'},{'D6'},{'R3'},{'D3'},{'D2'},{'R1'},{'R2'},&,1.0,&
{'D5'},{'D4'},{'D1'},{'D2'},{'D7'},{'D6'},{'R3'},{'D3'},{'R2'},{'R1'},&,1.0,&
{'D5'},{'D4'},{'D1'},{'D2'},{'D7'},{'D6'},{'D3'},{'R1'},{'R2'},{'R3'},&,1.0,&
{'D5'},{'D4'},{'D1'},{'D2'},{'D7'},{'D3'},{'R2'},{'R3'},{'R1'},{'D6'},&,1.0,&
{'D5'},{'D4'},{'D1'},{'D2'},{'D7'},{'D3'},{'D6'},{'R3'},{'R1'},{'R2'},&,1.0,&
{'D5'},{'D4'},{'D1'},{'D2'},{'D7'},{'D3'},{'R1'},{'D6'},{'R2'},{'R3'},&,1.0,&
{'D5'},{'D4'},{'D1'},{'D2'},{'D3'},{'D6'},{'R2'},{'R1'},{'D7'},{'R3'},&,1.0,&
{'D5'},{'D4'},{'D1'},{'D2'},{'D3'},{'D6'},{'D7'},{'R2'},{'R3'},{'R1'},&,1.0,&
{'D5'},{'D4'},{'D1'},{'D2'},{'D3'},{'D6'},{'R1'},{'D7'},{'R2'},{'R3'},&,1.0,&
{'D5'},{'D4'},{'D1'},{'D2'},{'D3'},{'D7'},{'R3'},{'D6'},{'R1'},{'R2'},&,1.0,&
{'D5'},{'D4'},{'D1'},{'D2'},{'D3'},{'D7'},{'D6'},{'R1'},{'R3'},{'R2'},&,1.0,&
{'D5'},{'D4'},{'D1'},{'D2'},{'D3'},{'R3'},{'D6'},{'R2'},{'D7'},{'R1'},&,1.0,&
{'D5'},{'D4'},{'D1'},{'D2'},{'D6'},{'D7'},{'D3'},{'R1'},{'R3'},{'R2'},&,1.0,&
{'D5'},{'D4'},{'D1'},{'D2'},{'D6'},{'D7'},{'D3'},{'R2'},{'R3'},{'R1'},&,1.0,&
{'D5'},{'D4'},{'D1'},{'D2'},{'D6'},{'D7'},{'D3'},{'R3'},{'R2'},{'R1'},&,1.0,&
{'D5'},{'D4'},{'D1'},{'D2'},{'D6'},{'D3'},{'R3'},{'D7'},{'R1'},{'R2'},&,1.0,&
{'D5'},{'D4'},{'D1'},{'D2'},{'D6'},{'D3'},{'D7'},{'R3'},{'R2'},{'R1'},&,1.0,&
{'D5'},{'D4'},{'D1'},{'D2'},{'D6'},{'D3'},{'D7'},{'R3'},{'R1'},{'R2'},&,2.0,&
{'D5'},{'D4'},{'D1'},{'D3'},{'D7'},{'D6'},{'R3'},{'D2'},{'R2'},{'R1'},&,1.0,&
{'D5'},{'D4'},{'D1'},{'D3'},{'D7'},{'D6'},{'D2'},{'R1'},{'R2'},{'R3'},&,1.0,&
{'D5'},{'D4'},{'D1'},{'D3'},{'D7'},{'D6'},{'D2'},{'R1'},{'R3'},{'R2'},&,3.0,&
{'D5'},{'D4'},{'D1'},{'D3'},{'D7'},{'D6'},{'D2'},{'R2'},{'R3'},{'R1'},&,3.0,&
{'D5'},{'D4'},{'D1'},{'D3'},{'D7'},{'D6'},{'D2'},{'R3'},{'R2'},{'R1'},&,4.0,&
{'D5'},{'D4'},{'D1'},{'D3'},{'D7'},{'D6'},{'D2'},{'R3'},{'R1'},{'R2'},&,2.0,&
{'D5'},{'D4'},{'D1'},{'D3'},{'D7'},{'D6'},{'R2'},{'D2'},{'R3'},{'R1'},&,1.0,&
{'D5'},{'D4'},{'D1'},{'D3'},{'D7'},{'D6'},{'R2'},{'D2'},{'R1'},{'R3'},&,1.0,&
{'D5'},{'D4'},{'D1'},{'D3'},{'D7'},{'D6'},{'R1'},{'D2'},{'R3'},{'R2'},&,1.0,&
{'D5'},{'D4'},{'D1'},{'D3'},{'D7'},{'D2'},{'R3'},{'R1'},{'D6'},{'R2'},&,1.0,&
{'D5'},{'D4'},{'D1'},{'D3'},{'D7'},{'D2'},{'R3'},{'R2'},{'D6'},{'R1'},&,1.0,&
{'D5'},{'D4'},{'D1'},{'D3'},{'D7'},{'D2'},{'D6'},{'R3'},{'R2'},{'R1'},&,6.0,&
{'D5'},{'D4'},{'D1'},{'D3'},{'D7'},{'D2'},{'D6'},{'R3'},{'R1'},{'R2'},&,3.0,&
{'D5'},{'D4'},{'D1'},{'D3'},{'D7'},{'D2'},{'R1'},{'D6'},{'R3'},{'R2'},&,1.0,&
{'D5'},{'D4'},{'D1'},{'D3'},{'D7'},{'R2'},{'D6'},{'R1'},{'D2'},{'R3'},&,1.0,&
{'D5'},{'D4'},{'D1'},{'D3'},{'D2'},{'D6'},{'R3'},{'D7'},{'R2'},{'R1'},&,1.0,&
{'D5'},{'D4'},{'D1'},{'D3'},{'D2'},{'D6'},{'R3'},{'D7'},{'R1'},{'R2'},&,2.0,&
{'D5'},{'D4'},{'D1'},{'D3'},{'D2'},{'D6'},{'D7'},{'R2'},{'R3'},{'R1'},&,1.0,&
{'D5'},{'D4'},{'D1'},{'D3'},{'D2'},{'D6'},{'D7'},{'R2'},{'R1'},{'R3'},&,1.0,&
{'D5'},{'D4'},{'D1'},{'D3'},{'D2'},{'D6'},{'D7'},{'R3'},{'R2'},{'R1'},&,4.0,&
{'D5'},{'D4'},{'D1'},{'D3'},{'D2'},{'D7'},{'R2'},{'D6'},{'R3'},{'R1'},&,1.0,&
{'D5'},{'D4'},{'D1'},{'D3'},{'D2'},{'D7'},{'R1'},{'D6'},{'R3'},{'R2'},&,1.0,&
{'D5'},{'D4'},{'D1'},{'D3'},{'D6'},{'D7'},{'R3'},{'R1'},{'D2'},{'R2'},&,1.0,&
{'D5'},{'D4'},{'D1'},{'D3'},{'D6'},{'D7'},{'D2'},{'R1'},{'R3'},{'R2'},&,4.0,&
{'D5'},{'D4'},{'D1'},{'D3'},{'D6'},{'D7'},{'D2'},{'R2'},{'R3'},{'R1'},&,2.0,&
{'D5'},{'D4'},{'D1'},{'D3'},{'D6'},{'D7'},{'D2'},{'R2'},{'R1'},{'R3'},&,2.0,&
{'D5'},{'D4'},{'D1'},{'D3'},{'D6'},{'D7'},{'D2'},{'R3'},{'R2'},{'R1'},&,6.0,&
{'D5'},{'D4'},{'D1'},{'D3'},{'D6'},{'D7'},{'D2'},{'R3'},{'R1'},{'R2'},&,4.0,&
{'D5'},{'D4'},{'D1'},{'D3'},{'D6'},{'D7'},{'R1'},{'D2'},{'R2'},{'R3'},&,2.0,&
{'D5'},{'D4'},{'D1'},{'D3'},{'D6'},{'D7'},{'R1'},{'D2'},{'R3'},{'R2'},&,2.0,&
{'D5'},{'D4'},{'D1'},{'D3'},{'D6'},{'D2'},{'R2'},{'D7'},{'R3'},{'R1'},&,1.0,&
{'D5'},{'D4'},{'D1'},{'D3'},{'D6'},{'D2'},{'D7'},{'R1'},{'R2'},{'R3'},&,2.0,&
{'D5'},{'D4'},{'D1'},{'D3'},{'D6'},{'D2'},{'D7'},{'R1'},{'R3'},{'R2'},&,2.0,&
{'D5'},{'D4'},{'D1'},{'D3'},{'D6'},{'D2'},{'D7'},{'R2'},{'R3'},{'R1'},&,2.0,&
{'D5'},{'D4'},{'D1'},{'D3'},{'D6'},{'D2'},{'D7'},{'R3'},{'R2'},{'R1'},&,6.0,&
{'D5'},{'D4'},{'D1'},{'D3'},{'D6'},{'D2'},{'D7'},{'R3'},{'R1'},{'R2'},&,6.0,&
{'D5'},{'D4'},{'D1'},{'D3'},{'D6'},{'D2'},{'R1'},{'R2'},{'D7'},{'R3'},&,1.0,&
{'D5'},{'D4'},{'D1'},{'D3'},{'D6'},{'D2'},{'R1'},{'R3'},{'R2'},{'D7'},&,1.0,&
{'D5'},{'D4'},{'D1'},{'D3'},{'D6'},{'R2'},{'D7'},{'D2'},{'R3'},{'R1'},&,1.0,&
{'D5'},{'D4'},{'D1'},{'D3'},{'D6'},{'R2'},{'D7'},{'D2'},{'R1'},{'R3'},&,1.0,&
{'D5'},{'D4'},{'D1'},{'D3'},{'D6'},{'R1'},{'D2'},{'D7'},{'R3'},{'R2'},&,1.0,&
{'D5'},{'D4'},{'D1'},{'D3'},{'D6'},{'R3'},{'D7'},{'R1'},{'D2'},{'R2'},&,2.0,&
{'D5'},{'D4'},{'D1'},{'D3'},{'R3'},{'D6'},{'D7'},{'R2'},{'D2'},{'R1'},&,1.0,&
{'D5'},{'D4'},{'D1'},{'D3'},{'R1'},{'D7'},{'D6'},{'D2'},{'R3'},{'R2'},&,1.0,&
{'D5'},{'D4'},{'D1'},{'D6'},{'D7'},{'D2'},{'R2'},{'D3'},{'R3'},{'R1'},&,2.0,&
{'D5'},{'D4'},{'D1'},{'D6'},{'D7'},{'D2'},{'D3'},{'R1'},{'R2'},{'R3'},&,1.0,&
{'D5'},{'D4'},{'D1'},{'D6'},{'D7'},{'D2'},{'D3'},{'R2'},{'R3'},{'R1'},&,1.0,&
{'D5'},{'D4'},{'D1'},{'D6'},{'D7'},{'D2'},{'D3'},{'R3'},{'R2'},{'R1'},&,3.0,&
{'D5'},{'D4'},{'D1'},{'D6'},{'D7'},{'D2'},{'D3'},{'R3'},{'R1'},{'R2'},&,2.0,&
{'D5'},{'D4'},{'D1'},{'D6'},{'D7'},{'D3'},{'R3'},{'D2'},{'R2'},{'R1'},&,1.0,&
{'D5'},{'D4'},{'D1'},{'D6'},{'D7'},{'D3'},{'R3'},{'D2'},{'R1'},{'R2'},&,1.0,&
{'D5'},{'D4'},{'D1'},{'D6'},{'D7'},{'D3'},{'R3'},{'R1'},{'R2'},{'D2'},&,1.0,&
{'D5'},{'D4'},{'D1'},{'D6'},{'D7'},{'D3'},{'R3'},{'R2'},{'D2'},{'R1'},&,1.0,&
{'D5'},{'D4'},{'D1'},{'D6'},{'D7'},{'D3'},{'D2'},{'R1'},{'R2'},{'R3'},&,2.0,&
{'D5'},{'D4'},{'D1'},{'D6'},{'D7'},{'D3'},{'D2'},{'R1'},{'R3'},{'R2'},&,2.0,&
{'D5'},{'D4'},{'D1'},{'D6'},{'D7'},{'D3'},{'D2'},{'R2'},{'R1'},{'R3'},&,3.0,&
{'D5'},{'D4'},{'D1'},{'D6'},{'D7'},{'D3'},{'D2'},{'R3'},{'R2'},{'R1'},&,4.0,&
{'D5'},{'D4'},{'D1'},{'D6'},{'D7'},{'D3'},{'D2'},{'R3'},{'R1'},{'R2'},&,1.0,&
{'D5'},{'D4'},{'D1'},{'D6'},{'D7'},{'D3'},{'R2'},{'R1'},{'D2'},{'R3'},&,1.0,&
{'D5'},{'D4'},{'D1'},{'D6'},{'D7'},{'D3'},{'R2'},{'R3'},{'R1'},{'D2'},&,1.0,&
{'D5'},{'D4'},{'D1'},{'D6'},{'D7'},{'R3'},{'D3'},{'D2'},{'R1'},{'R2'},&,1.0,&
{'D5'},{'D4'},{'D1'},{'D6'},{'D2'},{'D7'},{'D3'},{'R1'},{'R2'},{'R3'},&,1.0,&
{'D5'},{'D4'},{'D1'},{'D6'},{'D2'},{'D7'},{'D3'},{'R3'},{'R2'},{'R1'},&,2.0,&
{'D5'},{'D4'},{'D1'},{'D6'},{'D2'},{'D7'},{'D3'},{'R3'},{'R1'},{'R2'},&,1.0,&
{'D5'},{'D4'},{'D1'},{'D6'},{'D2'},{'D3'},{'R3'},{'D7'},{'R2'},{'R1'},&,2.0,&
{'D5'},{'D4'},{'D1'},{'D6'},{'D2'},{'D3'},{'R3'},{'D7'},{'R1'},{'R2'},&,2.0,&
{'D5'},{'D4'},{'D1'},{'D6'},{'D2'},{'D3'},{'D7'},{'R1'},{'R3'},{'R2'},&,1.0,&
{'D5'},{'D4'},{'D1'},{'D6'},{'D2'},{'D3'},{'D7'},{'R2'},{'R3'},{'R1'},&,1.0,&
{'D5'},{'D4'},{'D1'},{'D6'},{'D2'},{'D3'},{'D7'},{'R3'},{'R2'},{'R1'},&,3.0,&
{'D5'},{'D4'},{'D1'},{'D6'},{'D2'},{'D3'},{'D7'},{'R3'},{'R1'},{'R2'},&,4.0,&
{'D5'},{'D4'},{'D1'},{'D6'},{'D2'},{'D3'},{'R1'},{'D7'},{'R3'},{'R2'},&,2.0,&
{'D5'},{'D4'},{'D1'},{'D6'},{'D3'},{'D7'},{'R3'},{'D2'},{'R1'},{'R2'},&,1.0,&
{'D5'},{'D4'},{'D1'},{'D6'},{'D3'},{'D7'},{'R3'},{'R1'},{'D2'},{'R2'},&,1.0,&
{'D5'},{'D4'},{'D1'},{'D6'},{'D3'},{'D7'},{'R3'},{'R2'},{'D2'},{'R1'},&,1.0,&
{'D5'},{'D4'},{'D1'},{'D6'},{'D3'},{'D7'},{'D2'},{'R1'},{'R2'},{'R3'},&,2.0,&
{'D5'},{'D4'},{'D1'},{'D6'},{'D3'},{'D7'},{'D2'},{'R1'},{'R3'},{'R2'},&,5.0,&
{'D5'},{'D4'},{'D1'},{'D6'},{'D3'},{'D7'},{'D2'},{'R2'},{'R3'},{'R1'},&,5.0,&
{'D5'},{'D4'},{'D1'},{'D6'},{'D3'},{'D7'},{'D2'},{'R3'},{'R2'},{'R1'},&,5.0,&
{'D5'},{'D4'},{'D1'},{'D6'},{'D3'},{'D7'},{'D2'},{'R3'},{'R1'},{'R2'},&,5.0,&
{'D5'},{'D4'},{'D1'},{'D6'},{'D3'},{'D7'},{'R2'},{'D2'},{'R3'},{'R1'},&,3.0,&
{'D5'},{'D4'},{'D1'},{'D6'},{'D3'},{'D7'},{'R1'},{'D2'},{'R2'},{'R3'},&,1.0,&
{'D5'},{'D4'},{'D1'},{'D6'},{'D3'},{'D2'},{'R3'},{'D7'},{'R2'},{'R1'},&,3.0,&
{'D5'},{'D4'},{'D1'},{'D6'},{'D3'},{'D2'},{'R3'},{'D7'},{'R1'},{'R2'},&,1.0,&
{'D5'},{'D4'},{'D1'},{'D6'},{'D3'},{'D2'},{'R2'},{'D7'},{'R3'},{'R1'},&,1.0,&
{'D5'},{'D4'},{'D1'},{'D6'},{'D3'},{'D2'},{'D7'},{'R1'},{'R3'},{'R2'},&,1.0,&
{'D5'},{'D4'},{'D1'},{'D6'},{'D3'},{'D2'},{'D7'},{'R2'},{'R3'},{'R1'},&,1.0,&
{'D5'},{'D4'},{'D1'},{'D6'},{'D3'},{'D2'},{'D7'},{'R2'},{'R1'},{'R3'},&,1.0,&
{'D5'},{'D4'},{'D1'},{'D6'},{'D3'},{'D2'},{'D7'},{'R3'},{'R2'},{'R1'},&,4.0,&
{'D5'},{'D4'},{'D1'},{'D6'},{'D3'},{'D2'},{'D7'},{'R3'},{'R1'},{'R2'},&,3.0,&
{'D5'},{'D4'},{'D1'},{'D6'},{'D3'},{'D2'},{'R1'},{'D7'},{'R3'},{'R2'},&,1.0,&
{'D5'},{'D4'},{'D1'},{'D6'},{'D3'},{'R3'},{'D2'},{'D7'},{'R2'},{'R1'},&,1.0,&
{'D5'},{'D4'},{'D1'},{'R3'},{'D6'},{'D7'},{'D3'},{'D2'},{'R2'},{'R1'},&,1.0,&
{'D5'},{'D4'},{'D7'},{'D1'},{'D2'},{'D6'},{'D3'},{'R3'},{'R1'},{'R2'},&,1.0,&
{'D5'},{'D4'},{'D7'},{'D1'},{'D2'},{'D3'},{'R2'},{'D6'},{'R3'},{'R1'},&,1.0,&
{'D5'},{'D4'},{'D7'},{'D1'},{'D2'},{'D3'},{'D6'},{'R3'},{'R1'},{'R2'},&,2.0,&
{'D5'},{'D4'},{'D7'},{'D1'},{'D2'},{'R1'},{'D3'},{'D6'},{'R2'},{'R3'},&,1.0,&
{'D5'},{'D4'},{'D7'},{'D1'},{'D3'},{'D6'},{'R3'},{'D2'},{'R2'},{'R1'},&,2.0,&
{'D5'},{'D4'},{'D7'},{'D1'},{'D3'},{'D6'},{'R3'},{'D2'},{'R1'},{'R2'},&,1.0,&
{'D5'},{'D4'},{'D7'},{'D1'},{'D3'},{'D6'},{'D2'},{'R1'},{'R2'},{'R3'},&,1.0,&
{'D5'},{'D4'},{'D7'},{'D1'},{'D3'},{'D6'},{'D2'},{'R1'},{'R3'},{'R2'},&,4.0,&
{'D5'},{'D4'},{'D7'},{'D1'},{'D3'},{'D6'},{'D2'},{'R2'},{'R3'},{'R1'},&,1.0,&
{'D5'},{'D4'},{'D7'},{'D1'},{'D3'},{'D6'},{'D2'},{'R2'},{'R1'},{'R3'},&,1.0,&
{'D5'},{'D4'},{'D7'},{'D1'},{'D3'},{'D6'},{'D2'},{'R3'},{'R2'},{'R1'},&,4.0,&
{'D5'},{'D4'},{'D7'},{'D1'},{'D3'},{'D6'},{'D2'},{'R3'},{'R1'},{'R2'},&,5.0,&
{'D5'},{'D4'},{'D7'},{'D1'},{'D3'},{'D2'},{'D6'},{'R2'},{'R3'},{'R1'},&,2.0,&
{'D5'},{'D4'},{'D7'},{'D1'},{'D3'},{'D2'},{'D6'},{'R2'},{'R1'},{'R3'},&,1.0,&
{'D5'},{'D4'},{'D7'},{'D1'},{'D3'},{'D2'},{'D6'},{'R3'},{'R2'},{'R1'},&,1.0,&
{'D5'},{'D4'},{'D7'},{'D1'},{'D3'},{'R2'},{'D6'},{'D2'},{'R3'},{'R1'},&,1.0,&
{'D5'},{'D4'},{'D7'},{'D1'},{'D6'},{'D2'},{'R3'},{'D3'},{'R1'},{'R2'},&,2.0,&
{'D5'},{'D4'},{'D7'},{'D1'},{'D6'},{'D2'},{'R2'},{'D3'},{'R1'},{'R3'},&,1.0,&
{'D5'},{'D4'},{'D7'},{'D1'},{'D6'},{'D2'},{'D3'},{'R2'},{'R3'},{'R1'},&,1.0,&
{'D5'},{'D4'},{'D7'},{'D1'},{'D6'},{'D3'},{'R3'},{'D2'},{'R2'},{'R1'},&,2.0,&
{'D5'},{'D4'},{'D7'},{'D1'},{'D6'},{'D3'},{'R3'},{'D2'},{'R1'},{'R2'},&,1.0,&
{'D5'},{'D4'},{'D7'},{'D1'},{'D6'},{'D3'},{'D2'},{'R1'},{'R2'},{'R3'},&,1.0,&
{'D5'},{'D4'},{'D7'},{'D1'},{'D6'},{'D3'},{'D2'},{'R1'},{'R3'},{'R2'},&,4.0,&
{'D5'},{'D4'},{'D7'},{'D1'},{'D6'},{'D3'},{'D2'},{'R2'},{'R3'},{'R1'},&,1.0,&
{'D5'},{'D4'},{'D7'},{'D1'},{'D6'},{'D3'},{'D2'},{'R2'},{'R1'},{'R3'},&,2.0,&
{'D5'},{'D4'},{'D7'},{'D1'},{'D6'},{'D3'},{'D2'},{'R3'},{'R2'},{'R1'},&,5.0,&
{'D5'},{'D4'},{'D7'},{'D1'},{'D6'},{'D3'},{'D2'},{'R3'},{'R1'},{'R2'},&,4.0,&
{'D5'},{'D4'},{'D7'},{'D1'},{'D6'},{'D3'},{'R2'},{'D2'},{'R3'},{'R1'},&,1.0,&
{'D5'},{'D4'},{'D7'},{'D1'},{'D6'},{'D3'},{'R1'},{'D2'},{'R3'},{'R2'},&,1.0,&
{'D5'},{'D4'},{'D7'},{'D1'},{'D6'},{'R3'},{'D3'},{'D2'},{'R2'},{'R1'},&,2.0,&
{'D5'},{'D4'},{'D7'},{'D2'},{'D1'},{'D6'},{'D3'},{'R3'},{'R1'},{'R2'},&,1.0,&
{'D5'},{'D4'},{'D7'},{'D2'},{'D1'},{'D3'},{'R3'},{'R1'},{'D6'},{'R2'},&,1.0,&
{'D5'},{'D4'},{'D7'},{'D2'},{'D1'},{'R1'},{'D3'},{'D6'},{'R3'},{'R2'},&,1.0,&
{'D5'},{'D4'},{'D7'},{'D2'},{'D3'},{'D6'},{'R3'},{'D1'},{'R2'},{'R1'},&,1.0,&
{'D5'},{'D4'},{'D7'},{'D2'},{'D3'},{'D6'},{'R3'},{'D1'},{'R1'},{'R2'},&,2.0,&
{'D5'},{'D4'},{'D7'},{'D2'},{'D3'},{'D6'},{'D1'},{'R2'},{'R1'},{'R3'},&,1.0,&
{'D5'},{'D4'},{'D7'},{'D2'},{'D3'},{'D6'},{'D1'},{'R3'},{'R2'},{'R1'},&,1.0,&
{'D5'},{'D4'},{'D7'},{'D2'},{'D3'},{'D6'},{'D1'},{'R3'},{'R1'},{'R2'},&,5.0,&
{'D5'},{'D4'},{'D7'},{'D2'},{'D3'},{'D6'},{'R2'},{'D1'},{'R3'},{'R1'},&,1.0,&
{'D5'},{'D4'},{'D7'},{'D2'},{'D3'},{'D1'},{'D6'},{'R2'},{'R3'},{'R1'},&,1.0,&
{'D5'},{'D4'},{'D7'},{'D2'},{'D3'},{'D1'},{'D6'},{'R3'},{'R2'},{'R1'},&,1.0,&
{'D5'},{'D4'},{'D7'},{'D2'},{'D3'},{'D1'},{'D6'},{'R3'},{'R1'},{'R2'},&,1.0,&
{'D5'},{'D4'},{'D7'},{'D2'},{'D3'},{'D1'},{'R1'},{'D6'},{'R3'},{'R2'},&,1.0,&
{'D5'},{'D4'},{'D7'},{'D2'},{'D3'},{'R2'},{'D6'},{'D1'},{'R3'},{'R1'},&,1.0,&
{'D5'},{'D4'},{'D7'},{'D2'},{'D3'},{'R3'},{'D6'},{'D1'},{'R2'},{'R1'},&,1.0,&
{'D5'},{'D4'},{'D7'},{'D2'},{'D6'},{'D1'},{'D3'},{'R1'},{'R3'},{'R2'},&,1.0,&
{'D5'},{'D4'},{'D7'},{'D2'},{'D6'},{'D1'},{'D3'},{'R3'},{'R2'},{'R1'},&,2.0,&
{'D5'},{'D4'},{'D7'},{'D2'},{'D6'},{'D1'},{'D3'},{'R3'},{'R1'},{'R2'},&,2.0,&
{'D5'},{'D4'},{'D7'},{'D2'},{'D6'},{'D1'},{'R1'},{'D3'},{'R2'},{'R3'},&,1.0,&
{'D5'},{'D4'},{'D7'},{'D2'},{'D6'},{'D3'},{'R3'},{'R2'},{'D1'},{'R1'},&,1.0,&
{'D5'},{'D4'},{'D7'},{'D2'},{'D6'},{'D3'},{'R3'},{'D1'},{'R2'},{'R1'},&,1.0,&
{'D5'},{'D4'},{'D7'},{'D2'},{'D6'},{'D3'},{'D1'},{'R1'},{'R3'},{'R2'},&,1.0,&
{'D5'},{'D4'},{'D7'},{'D2'},{'D6'},{'D3'},{'D1'},{'R2'},{'R3'},{'R1'},&,1.0,&
{'D5'},{'D4'},{'D7'},{'D2'},{'D6'},{'D3'},{'D1'},{'R3'},{'R2'},{'R1'},&,1.0,&
{'D5'},{'D4'},{'D7'},{'D2'},{'D6'},{'D3'},{'D1'},{'R3'},{'R1'},{'R2'},&,2.0,&
{'D5'},{'D4'},{'D7'},{'D2'},{'D6'},{'D3'},{'R2'},{'D1'},{'R1'},{'R3'},&,2.0,&
{'D5'},{'D4'},{'D7'},{'D2'},{'D6'},{'D3'},{'R1'},{'R3'},{'R2'},{'D1'},&,1.0,&
{'D5'},{'D4'},{'D7'},{'D2'},{'R3'},{'D6'},{'D3'},{'D1'},{'R1'},{'R2'},&,1.0,&
{'D5'},{'D4'},{'D7'},{'D3'},{'D1'},{'D6'},{'R3'},{'D2'},{'R2'},{'R1'},&,3.0,&
{'D5'},{'D4'},{'D7'},{'D3'},{'D1'},{'D6'},{'R3'},{'D2'},{'R1'},{'R2'},&,1.0,&
{'D5'},{'D4'},{'D7'},{'D3'},{'D1'},{'D6'},{'D2'},{'R1'},{'R3'},{'R2'},&,3.0,&
{'D5'},{'D4'},{'D7'},{'D3'},{'D1'},{'D6'},{'D2'},{'R2'},{'R3'},{'R1'},&,3.0,&
{'D5'},{'D4'},{'D7'},{'D3'},{'D1'},{'D6'},{'D2'},{'R2'},{'R1'},{'R3'},&,2.0,&
{'D5'},{'D4'},{'D7'},{'D3'},{'D1'},{'D6'},{'D2'},{'R3'},{'R2'},{'R1'},&,4.0,&
{'D5'},{'D4'},{'D7'},{'D3'},{'D1'},{'D6'},{'D2'},{'R3'},{'R1'},{'R2'},&,5.0,&
{'D5'},{'D4'},{'D7'},{'D3'},{'D1'},{'D6'},{'R2'},{'D2'},{'R1'},{'R3'},&,2.0,&
{'D5'},{'D4'},{'D7'},{'D3'},{'D1'},{'D6'},{'R1'},{'D2'},{'R3'},{'R2'},&,2.0,&
{'D5'},{'D4'},{'D7'},{'D3'},{'D1'},{'D2'},{'R3'},{'D6'},{'R1'},{'R2'},&,1.0,&
{'D5'},{'D4'},{'D7'},{'D3'},{'D1'},{'D2'},{'R2'},{'R3'},{'D6'},{'R1'},&,1.0,&
{'D5'},{'D4'},{'D7'},{'D3'},{'D1'},{'D2'},{'D6'},{'R1'},{'R3'},{'R2'},&,1.0,&
{'D5'},{'D4'},{'D7'},{'D3'},{'D1'},{'D2'},{'D6'},{'R2'},{'R3'},{'R1'},&,1.0,&
{'D5'},{'D4'},{'D7'},{'D3'},{'D1'},{'D2'},{'D6'},{'R3'},{'R1'},{'R2'},&,1.0,&
{'D5'},{'D4'},{'D7'},{'D3'},{'D1'},{'R1'},{'D6'},{'D2'},{'R3'},{'R2'},&,1.0,&
{'D5'},{'D4'},{'D7'},{'D3'},{'D1'},{'R1'},{'D6'},{'R3'},{'D2'},{'R2'},&,1.0,&
{'D5'},{'D4'},{'D7'},{'D3'},{'D1'},{'R3'},{'D6'},{'D2'},{'R2'},{'R1'},&,1.0,&
{'D5'},{'D4'},{'D7'},{'D3'},{'D2'},{'D6'},{'R3'},{'R2'},{'D1'},{'R1'},&,1.0,&
{'D5'},{'D4'},{'D7'},{'D3'},{'D2'},{'D6'},{'R3'},{'D1'},{'R2'},{'R1'},&,3.0,&
{'D5'},{'D4'},{'D7'},{'D3'},{'D2'},{'D6'},{'R3'},{'D1'},{'R1'},{'R2'},&,1.0,&
{'D5'},{'D4'},{'D7'},{'D3'},{'D2'},{'D6'},{'D1'},{'R1'},{'R2'},{'R3'},&,2.0,&
{'D5'},{'D4'},{'D7'},{'D3'},{'D2'},{'D6'},{'D1'},{'R1'},{'R3'},{'R2'},&,1.0,&
{'D5'},{'D4'},{'D7'},{'D3'},{'D2'},{'D6'},{'D1'},{'R2'},{'R3'},{'R1'},&,1.0,&
{'D5'},{'D4'},{'D7'},{'D3'},{'D2'},{'D6'},{'D1'},{'R3'},{'R2'},{'R1'},&,6.0,&
{'D5'},{'D4'},{'D7'},{'D3'},{'D2'},{'D6'},{'D1'},{'R3'},{'R1'},{'R2'},&,3.0,&
{'D5'},{'D4'},{'D7'},{'D3'},{'D2'},{'D6'},{'R2'},{'R3'},{'D1'},{'R1'},&,1.0,&
{'D5'},{'D4'},{'D7'},{'D3'},{'D2'},{'D6'},{'R2'},{'D1'},{'R3'},{'R1'},&,1.0,&
{'D5'},{'D4'},{'D7'},{'D3'},{'D2'},{'D6'},{'R1'},{'D1'},{'R3'},{'R2'},&,1.0,&
{'D5'},{'D4'},{'D7'},{'D3'},{'D2'},{'D1'},{'R3'},{'R1'},{'D6'},{'R2'},&,1.0,&
{'D5'},{'D4'},{'D7'},{'D3'},{'D2'},{'D1'},{'R3'},{'D6'},{'R2'},{'R1'},&,1.0,&
{'D5'},{'D4'},{'D7'},{'D3'},{'D2'},{'D1'},{'D6'},{'R2'},{'R3'},{'R1'},&,1.0,&
{'D5'},{'D4'},{'D7'},{'D3'},{'D2'},{'D1'},{'D6'},{'R3'},{'R1'},{'R2'},&,2.0,&
{'D5'},{'D4'},{'D7'},{'D3'},{'D2'},{'D1'},{'R1'},{'D6'},{'R2'},{'R3'},&,1.0,&
{'D5'},{'D4'},{'D7'},{'D3'},{'D2'},{'D1'},{'R1'},{'D6'},{'R3'},{'R2'},&,1.0,&
{'D5'},{'D4'},{'D7'},{'D3'},{'D2'},{'R2'},{'D6'},{'D1'},{'R3'},{'R1'},&,1.0,&
{'D5'},{'D4'},{'D7'},{'D3'},{'D2'},{'R3'},{'D6'},{'D1'},{'R2'},{'R1'},&,1.0,&
{'D5'},{'D4'},{'D7'},{'D3'},{'D2'},{'R3'},{'D6'},{'D1'},{'R1'},{'R2'},&,1.0,&
{'D5'},{'D4'},{'D7'},{'D3'},{'D6'},{'D1'},{'R3'},{'D2'},{'R2'},{'R1'},&,1.0,&
{'D5'},{'D4'},{'D7'},{'D3'},{'D6'},{'D1'},{'R3'},{'D2'},{'R1'},{'R2'},&,3.0,&
{'D5'},{'D4'},{'D7'},{'D3'},{'D6'},{'D1'},{'R3'},{'R2'},{'D2'},{'R1'},&,1.0,&
{'D5'},{'D4'},{'D7'},{'D3'},{'D6'},{'D1'},{'D2'},{'R1'},{'R2'},{'R3'},&,3.0,&
{'D5'},{'D4'},{'D7'},{'D3'},{'D6'},{'D1'},{'D2'},{'R1'},{'R3'},{'R2'},&,5.0,&
{'D5'},{'D4'},{'D7'},{'D3'},{'D6'},{'D1'},{'D2'},{'R2'},{'R3'},{'R1'},&,4.0,&
{'D5'},{'D4'},{'D7'},{'D3'},{'D6'},{'D1'},{'D2'},{'R3'},{'R2'},{'R1'},&,8.0,&
{'D5'},{'D4'},{'D7'},{'D3'},{'D6'},{'D1'},{'D2'},{'R3'},{'R1'},{'R2'},&,15.0,&
{'D5'},{'D4'},{'D7'},{'D3'},{'D6'},{'D2'},{'R3'},{'R1'},{'R2'},{'D1'},&,1.0,&
{'D5'},{'D4'},{'D7'},{'D3'},{'D6'},{'D2'},{'R3'},{'D1'},{'R2'},{'R1'},&,2.0,&
{'D5'},{'D4'},{'D7'},{'D3'},{'D6'},{'D2'},{'R3'},{'D1'},{'R1'},{'R2'},&,2.0,&
{'D5'},{'D4'},{'D7'},{'D3'},{'D6'},{'D2'},{'D1'},{'R1'},{'R2'},{'R3'},&,4.0,&
{'D5'},{'D4'},{'D7'},{'D3'},{'D6'},{'D2'},{'D1'},{'R1'},{'R3'},{'R2'},&,5.0,&
{'D5'},{'D4'},{'D7'},{'D3'},{'D6'},{'D2'},{'D1'},{'R2'},{'R3'},{'R1'},&,5.0,&
{'D5'},{'D4'},{'D7'},{'D3'},{'D6'},{'D2'},{'D1'},{'R2'},{'R1'},{'R3'},&,5.0,&
{'D5'},{'D4'},{'D7'},{'D3'},{'D6'},{'D2'},{'D1'},{'R3'},{'R2'},{'R1'},&,17.0,&
{'D5'},{'D4'},{'D7'},{'D3'},{'D6'},{'D2'},{'D1'},{'R3'},{'R1'},{'R2'},&,8.0,&
{'D5'},{'D4'},{'D7'},{'D3'},{'D6'},{'D2'},{'R2'},{'R3'},{'R1'},{'D1'},&,1.0,&
{'D5'},{'D4'},{'D7'},{'D3'},{'D6'},{'R2'},{'D1'},{'D2'},{'R3'},{'R1'},&,1.0,&
{'D5'},{'D4'},{'D7'},{'D3'},{'D6'},{'R1'},{'D1'},{'D2'},{'R3'},{'R2'},&,1.0,&
{'D5'},{'D4'},{'D7'},{'D3'},{'D6'},{'R3'},{'D2'},{'R1'},{'D1'},{'R2'},&,1.0,&
{'D5'},{'D4'},{'D7'},{'D3'},{'D6'},{'R3'},{'D2'},{'D1'},{'R1'},{'R2'},&,1.0,&
{'D5'},{'D4'},{'D7'},{'D3'},{'D6'},{'R3'},{'D1'},{'R1'},{'D2'},{'R2'},&,1.0,&
{'D5'},{'D4'},{'D7'},{'D3'},{'R3'},{'D2'},{'D6'},{'D1'},{'R2'},{'R1'},&,1.0,&
{'D5'},{'D4'},{'D7'},{'D3'},{'R1'},{'D6'},{'D1'},{'D2'},{'R3'},{'R2'},&,1.0,&
{'D5'},{'D4'},{'D7'},{'D6'},{'D1'},{'D2'},{'R3'},{'D3'},{'R2'},{'R1'},&,1.0,&
{'D5'},{'D4'},{'D7'},{'D6'},{'D1'},{'D2'},{'D3'},{'R1'},{'R3'},{'R2'},&,3.0,&
{'D5'},{'D4'},{'D7'},{'D6'},{'D1'},{'D2'},{'D3'},{'R3'},{'R1'},{'R2'},&,2.0,&
{'D5'},{'D4'},{'D7'},{'D6'},{'D1'},{'D3'},{'R3'},{'D2'},{'R2'},{'R1'},&,1.0,&
{'D5'},{'D4'},{'D7'},{'D6'},{'D1'},{'D3'},{'R3'},{'R1'},{'D2'},{'R2'},&,1.0,&
{'D5'},{'D4'},{'D7'},{'D6'},{'D1'},{'D3'},{'D2'},{'R1'},{'R3'},{'R2'},&,5.0,&
{'D5'},{'D4'},{'D7'},{'D6'},{'D1'},{'D3'},{'D2'},{'R2'},{'R1'},{'R3'},&,4.0,&
{'D5'},{'D4'},{'D7'},{'D6'},{'D1'},{'D3'},{'D2'},{'R3'},{'R2'},{'R1'},&,5.0,&
{'D5'},{'D4'},{'D7'},{'D6'},{'D1'},{'D3'},{'D2'},{'R3'},{'R1'},{'R2'},&,9.0,&
{'D5'},{'D4'},{'D7'},{'D6'},{'D1'},{'D3'},{'R2'},{'D2'},{'R3'},{'R1'},&,1.0,&
{'D5'},{'D4'},{'D7'},{'D6'},{'D1'},{'D3'},{'R1'},{'D2'},{'R3'},{'R2'},&,2.0,&
{'D5'},{'D4'},{'D7'},{'D6'},{'D1'},{'D3'},{'R1'},{'R3'},{'D2'},{'R2'},&,1.0,&
{'D5'},{'D4'},{'D7'},{'D6'},{'D1'},{'R1'},{'D3'},{'R3'},{'D2'},{'R2'},&,1.0,&
{'D5'},{'D4'},{'D7'},{'D6'},{'D2'},{'D1'},{'R3'},{'D3'},{'R2'},{'R1'},&,1.0,&
{'D5'},{'D4'},{'D7'},{'D6'},{'D2'},{'D1'},{'D3'},{'R2'},{'R3'},{'R1'},&,2.0,&
{'D5'},{'D4'},{'D7'},{'D6'},{'D2'},{'D1'},{'D3'},{'R3'},{'R1'},{'R2'},&,2.0,&
{'D5'},{'D4'},{'D7'},{'D6'},{'D2'},{'D3'},{'R3'},{'D1'},{'R1'},{'R2'},&,3.0,&
{'D5'},{'D4'},{'D7'},{'D6'},{'D2'},{'D3'},{'D1'},{'R1'},{'R2'},{'R3'},&,1.0,&
{'D5'},{'D4'},{'D7'},{'D6'},{'D2'},{'D3'},{'D1'},{'R1'},{'R3'},{'R2'},&,1.0,&
{'D5'},{'D4'},{'D7'},{'D6'},{'D2'},{'D3'},{'D1'},{'R2'},{'R3'},{'R1'},&,4.0,&
{'D5'},{'D4'},{'D7'},{'D6'},{'D2'},{'D3'},{'D1'},{'R2'},{'R1'},{'R3'},&,1.0,&
{'D5'},{'D4'},{'D7'},{'D6'},{'D2'},{'D3'},{'D1'},{'R3'},{'R2'},{'R1'},&,1.0,&
{'D5'},{'D4'},{'D7'},{'D6'},{'D2'},{'D3'},{'R2'},{'R1'},{'D1'},{'R3'},&,1.0,&
{'D5'},{'D4'},{'D7'},{'D6'},{'D2'},{'D3'},{'R1'},{'R3'},{'R2'},{'D1'},&,1.0,&
{'D5'},{'D4'},{'D7'},{'D6'},{'D2'},{'D3'},{'R1'},{'D1'},{'R3'},{'R2'},&,1.0,&
{'D5'},{'D4'},{'D7'},{'D6'},{'D2'},{'R3'},{'D3'},{'D1'},{'R2'},{'R1'},&,2.0,&
{'D5'},{'D4'},{'D7'},{'D6'},{'D3'},{'D1'},{'R3'},{'D2'},{'R2'},{'R1'},&,2.0,&
{'D5'},{'D4'},{'D7'},{'D6'},{'D3'},{'D1'},{'R3'},{'D2'},{'R1'},{'R2'},&,2.0,&
{'D5'},{'D4'},{'D7'},{'D6'},{'D3'},{'D1'},{'R3'},{'R2'},{'D2'},{'R1'},&,2.0,&
{'D5'},{'D4'},{'D7'},{'D6'},{'D3'},{'D1'},{'D2'},{'R1'},{'R2'},{'R3'},&,2.0,&
{'D5'},{'D4'},{'D7'},{'D6'},{'D3'},{'D1'},{'D2'},{'R1'},{'R3'},{'R2'},&,6.0,&
{'D5'},{'D4'},{'D7'},{'D6'},{'D3'},{'D1'},{'D2'},{'R2'},{'R3'},{'R1'},&,4.0,&
{'D5'},{'D4'},{'D7'},{'D6'},{'D3'},{'D1'},{'D2'},{'R2'},{'R1'},{'R3'},&,3.0,&
{'D5'},{'D4'},{'D7'},{'D6'},{'D3'},{'D1'},{'D2'},{'R3'},{'R2'},{'R1'},&,5.0,&
{'D5'},{'D4'},{'D7'},{'D6'},{'D3'},{'D1'},{'D2'},{'R3'},{'R1'},{'R2'},&,13.0,&
{'D5'},{'D4'},{'D7'},{'D6'},{'D3'},{'D1'},{'R2'},{'D2'},{'R3'},{'R1'},&,1.0,&
{'D5'},{'D4'},{'D7'},{'D6'},{'D3'},{'D1'},{'R1'},{'D2'},{'R3'},{'R2'},&,4.0,&
{'D5'},{'D4'},{'D7'},{'D6'},{'D3'},{'D2'},{'R3'},{'R1'},{'D1'},{'R2'},&,1.0,&
{'D5'},{'D4'},{'D7'},{'D6'},{'D3'},{'D2'},{'R3'},{'D1'},{'R1'},{'R2'},&,2.0,&
{'D5'},{'D4'},{'D7'},{'D6'},{'D3'},{'D2'},{'D1'},{'R1'},{'R2'},{'R3'},&,2.0,&
{'D5'},{'D4'},{'D7'},{'D6'},{'D3'},{'D2'},{'D1'},{'R1'},{'R3'},{'R2'},&,7.0,&
{'D5'},{'D4'},{'D7'},{'D6'},{'D3'},{'D2'},{'D1'},{'R2'},{'R3'},{'R1'},&,3.0,&
{'D5'},{'D4'},{'D7'},{'D6'},{'D3'},{'D2'},{'D1'},{'R2'},{'R1'},{'R3'},&,2.0,&
{'D5'},{'D4'},{'D7'},{'D6'},{'D3'},{'D2'},{'D1'},{'R3'},{'R2'},{'R1'},&,14.0,&
{'D5'},{'D4'},{'D7'},{'D6'},{'D3'},{'D2'},{'D1'},{'R3'},{'R1'},{'R2'},&,9.0,&
{'D5'},{'D4'},{'D7'},{'D6'},{'D3'},{'D2'},{'R2'},{'D1'},{'R3'},{'R1'},&,1.0,&
{'D5'},{'D4'},{'D7'},{'D6'},{'D3'},{'D2'},{'R1'},{'D1'},{'R3'},{'R2'},&,1.0,&
{'D5'},{'D4'},{'D7'},{'D6'},{'D3'},{'R2'},{'D2'},{'D1'},{'R3'},{'R1'},&,1.0,&
{'D5'},{'D4'},{'D7'},{'D6'},{'D3'},{'R1'},{'D2'},{'D1'},{'R3'},{'R2'},&,1.0,&
{'D5'},{'D4'},{'D7'},{'D6'},{'D3'},{'R1'},{'D1'},{'D2'},{'R2'},{'R3'},&,1.0,&
{'D5'},{'D4'},{'D7'},{'D6'},{'D3'},{'R3'},{'D2'},{'R2'},{'D1'},{'R1'},&,1.0,&
{'D5'},{'D4'},{'D7'},{'D6'},{'R3'},{'R2'},{'D3'},{'D1'},{'R1'},{'D2'},&,1.0,&
{'D5'},{'D4'},{'D7'},{'R3'},{'D2'},{'D6'},{'D3'},{'D1'},{'R2'},{'R1'},&,1.0,&
{'D5'},{'D4'},{'D7'},{'R3'},{'D3'},{'D6'},{'D2'},{'D1'},{'R1'},{'R2'},&,1.0,&
{'D5'},{'D4'},{'D2'},{'D7'},{'D1'},{'D6'},{'R3'},{'D3'},{'R2'},{'R1'},&,1.0,&
{'D5'},{'D4'},{'D2'},{'D7'},{'D1'},{'D6'},{'D3'},{'R1'},{'R2'},{'R3'},&,1.0,&
{'D5'},{'D4'},{'D2'},{'D7'},{'D1'},{'D3'},{'R3'},{'D6'},{'R1'},{'R2'},&,1.0,&
{'D5'},{'D4'},{'D2'},{'D7'},{'D1'},{'D3'},{'R2'},{'D6'},{'R3'},{'R1'},&,1.0,&
{'D5'},{'D4'},{'D2'},{'D7'},{'D1'},{'D3'},{'D6'},{'R2'},{'R1'},{'R3'},&,1.0,&
{'D5'},{'D4'},{'D2'},{'D7'},{'D1'},{'R2'},{'D3'},{'R3'},{'R1'},{'D6'},&,1.0,&
{'D5'},{'D4'},{'D2'},{'D7'},{'D3'},{'D6'},{'R3'},{'D1'},{'R1'},{'R2'},&,2.0,&
{'D5'},{'D4'},{'D2'},{'D7'},{'D3'},{'D6'},{'D1'},{'R1'},{'R2'},{'R3'},&,1.0,&
{'D5'},{'D4'},{'D2'},{'D7'},{'D3'},{'D6'},{'D1'},{'R1'},{'R3'},{'R2'},&,1.0,&
{'D5'},{'D4'},{'D2'},{'D7'},{'D3'},{'D6'},{'D1'},{'R2'},{'R3'},{'R1'},&,1.0,&
{'D5'},{'D4'},{'D2'},{'D7'},{'D3'},{'D6'},{'D1'},{'R3'},{'R2'},{'R1'},&,3.0,&
{'D5'},{'D4'},{'D2'},{'D7'},{'D3'},{'D6'},{'D1'},{'R3'},{'R1'},{'R2'},&,2.0,&
{'D5'},{'D4'},{'D2'},{'D7'},{'D3'},{'D6'},{'R2'},{'R3'},{'D1'},{'R1'},&,1.0,&
{'D5'},{'D4'},{'D2'},{'D7'},{'D3'},{'D1'},{'D6'},{'R1'},{'R3'},{'R2'},&,1.0,&
{'D5'},{'D4'},{'D2'},{'D7'},{'D3'},{'D1'},{'D6'},{'R2'},{'R1'},{'R3'},&,1.0,&
{'D5'},{'D4'},{'D2'},{'D7'},{'D3'},{'D1'},{'D6'},{'R3'},{'R2'},{'R1'},&,1.0,&
{'D5'},{'D4'},{'D2'},{'D7'},{'D3'},{'D1'},{'D6'},{'R3'},{'R1'},{'R2'},&,1.0,&
{'D5'},{'D4'},{'D2'},{'D7'},{'D3'},{'R1'},{'D6'},{'D1'},{'R3'},{'R2'},&,2.0,&
{'D5'},{'D4'},{'D2'},{'D7'},{'D3'},{'R3'},{'D6'},{'R2'},{'D1'},{'R1'},&,1.0,&
{'D5'},{'D4'},{'D2'},{'D7'},{'D3'},{'R3'},{'D6'},{'D1'},{'R2'},{'R1'},&,1.0,&
{'D5'},{'D4'},{'D2'},{'D7'},{'D3'},{'R3'},{'D6'},{'D1'},{'R1'},{'R2'},&,1.0,&
{'D5'},{'D4'},{'D2'},{'D7'},{'D6'},{'D1'},{'D3'},{'R1'},{'R3'},{'R2'},&,1.0,&
{'D5'},{'D4'},{'D2'},{'D7'},{'D6'},{'D1'},{'D3'},{'R2'},{'R1'},{'R3'},&,1.0,&
{'D5'},{'D4'},{'D2'},{'D7'},{'D6'},{'D1'},{'D3'},{'R3'},{'R2'},{'R1'},&,1.0,&
{'D5'},{'D4'},{'D2'},{'D7'},{'D6'},{'D1'},{'D3'},{'R3'},{'R1'},{'R2'},&,1.0,&
{'D5'},{'D4'},{'D2'},{'D7'},{'D6'},{'D3'},{'R3'},{'R1'},{'D1'},{'R2'},&,2.0,&
{'D5'},{'D4'},{'D2'},{'D7'},{'D6'},{'D3'},{'D1'},{'R1'},{'R3'},{'R2'},&,3.0,&
{'D5'},{'D4'},{'D2'},{'D7'},{'D6'},{'D3'},{'D1'},{'R2'},{'R3'},{'R1'},&,1.0,&
{'D5'},{'D4'},{'D2'},{'D7'},{'D6'},{'D3'},{'D1'},{'R3'},{'R2'},{'R1'},&,1.0,&
{'D5'},{'D4'},{'D2'},{'D7'},{'D6'},{'D3'},{'D1'},{'R3'},{'R1'},{'R2'},&,3.0,&
{'D5'},{'D4'},{'D2'},{'D7'},{'D6'},{'D3'},{'R2'},{'D1'},{'R3'},{'R1'},&,1.0,&
{'D5'},{'D4'},{'D2'},{'D1'},{'D7'},{'D6'},{'D3'},{'R2'},{'R1'},{'R3'},&,1.0,&
{'D5'},{'D4'},{'D2'},{'D1'},{'D7'},{'D6'},{'D3'},{'R3'},{'R1'},{'R2'},&,1.0,&
{'D5'},{'D4'},{'D2'},{'D1'},{'D7'},{'D3'},{'D6'},{'R3'},{'R2'},{'R1'},&,1.0,&
{'D5'},{'D4'},{'D2'},{'D1'},{'D3'},{'D6'},{'R3'},{'D7'},{'R1'},{'R2'},&,2.0,&
{'D5'},{'D4'},{'D2'},{'D1'},{'D3'},{'D6'},{'D7'},{'R2'},{'R1'},{'R3'},&,1.0,&
{'D5'},{'D4'},{'D2'},{'D1'},{'D3'},{'D6'},{'D7'},{'R3'},{'R1'},{'R2'},&,1.0,&
{'D5'},{'D4'},{'D2'},{'D1'},{'D3'},{'D7'},{'D6'},{'R1'},{'R3'},{'R2'},&,2.0,&
{'D5'},{'D4'},{'D2'},{'D1'},{'D3'},{'D7'},{'D6'},{'R3'},{'R2'},{'R1'},&,1.0,&
{'D5'},{'D4'},{'D2'},{'D1'},{'D3'},{'R3'},{'D6'},{'D7'},{'R2'},{'R1'},&,1.0,&
{'D5'},{'D4'},{'D2'},{'D1'},{'D6'},{'D7'},{'D3'},{'R3'},{'R2'},{'R1'},&,1.0,&
{'D5'},{'D4'},{'D2'},{'D1'},{'D6'},{'D7'},{'D3'},{'R3'},{'R1'},{'R2'},&,1.0,&
{'D5'},{'D4'},{'D2'},{'D1'},{'D6'},{'D3'},{'R3'},{'D7'},{'R1'},{'R2'},&,1.0,&
{'D5'},{'D4'},{'D2'},{'D1'},{'D6'},{'D3'},{'R2'},{'D7'},{'R3'},{'R1'},&,1.0,&
{'D5'},{'D4'},{'D2'},{'D1'},{'D6'},{'D3'},{'D7'},{'R1'},{'R3'},{'R2'},&,1.0,&
{'D5'},{'D4'},{'D2'},{'D1'},{'D6'},{'D3'},{'D7'},{'R2'},{'R3'},{'R1'},&,1.0,&
{'D5'},{'D4'},{'D2'},{'D1'},{'D6'},{'D3'},{'D7'},{'R2'},{'R1'},{'R3'},&,1.0,&
{'D5'},{'D4'},{'D2'},{'D1'},{'D6'},{'D3'},{'D7'},{'R3'},{'R2'},{'R1'},&,2.0,&
{'D5'},{'D4'},{'D2'},{'D1'},{'D6'},{'D3'},{'D7'},{'R3'},{'R1'},{'R2'},&,2.0,&
{'D5'},{'D4'},{'D2'},{'D1'},{'D6'},{'D3'},{'R1'},{'R3'},{'D7'},{'R2'},&,1.0,&
{'D5'},{'D4'},{'D2'},{'D1'},{'D6'},{'D3'},{'R1'},{'D7'},{'R3'},{'R2'},&,1.0,&
{'D5'},{'D4'},{'D2'},{'D3'},{'D1'},{'D6'},{'D7'},{'R1'},{'R2'},{'R3'},&,2.0,&
{'D5'},{'D4'},{'D2'},{'D3'},{'D1'},{'D6'},{'D7'},{'R1'},{'R3'},{'R2'},&,1.0,&
{'D5'},{'D4'},{'D2'},{'D3'},{'D1'},{'D6'},{'D7'},{'R2'},{'R1'},{'R3'},&,1.0,&
{'D5'},{'D4'},{'D2'},{'D3'},{'D1'},{'D6'},{'D7'},{'R3'},{'R2'},{'R1'},&,3.0,&
{'D5'},{'D4'},{'D2'},{'D3'},{'D1'},{'D6'},{'D7'},{'R3'},{'R1'},{'R2'},&,3.0,&
{'D5'},{'D4'},{'D2'},{'D3'},{'D1'},{'D7'},{'R3'},{'R1'},{'D6'},{'R2'},&,1.0,&
{'D5'},{'D4'},{'D2'},{'D3'},{'D1'},{'D7'},{'R2'},{'D6'},{'R3'},{'R1'},&,1.0,&
{'D5'},{'D4'},{'D2'},{'D3'},{'D1'},{'D7'},{'D6'},{'R3'},{'R1'},{'R2'},&,2.0,&
{'D5'},{'D4'},{'D2'},{'D3'},{'D1'},{'R3'},{'D6'},{'D7'},{'R1'},{'R2'},&,1.0,&
{'D5'},{'D4'},{'D2'},{'D3'},{'D7'},{'D6'},{'R3'},{'D1'},{'R2'},{'R1'},&,3.0,&
{'D5'},{'D4'},{'D2'},{'D3'},{'D7'},{'D6'},{'R3'},{'D1'},{'R1'},{'R2'},&,1.0,&
{'D5'},{'D4'},{'D2'},{'D3'},{'D7'},{'D6'},{'D1'},{'R1'},{'R2'},{'R3'},&,2.0,&
{'D5'},{'D4'},{'D2'},{'D3'},{'D7'},{'D6'},{'D1'},{'R3'},{'R2'},{'R1'},&,6.0,&
{'D5'},{'D4'},{'D2'},{'D3'},{'D7'},{'D6'},{'D1'},{'R3'},{'R1'},{'R2'},&,5.0,&
{'D5'},{'D4'},{'D2'},{'D3'},{'D7'},{'D1'},{'R3'},{'D6'},{'R1'},{'R2'},&,1.0,&
{'D5'},{'D4'},{'D2'},{'D3'},{'D7'},{'D1'},{'D6'},{'R1'},{'R3'},{'R2'},&,1.0,&
{'D5'},{'D4'},{'D2'},{'D3'},{'D7'},{'D1'},{'D6'},{'R2'},{'R3'},{'R1'},&,1.0,&
{'D5'},{'D4'},{'D2'},{'D3'},{'D7'},{'D1'},{'D6'},{'R3'},{'R1'},{'R2'},&,2.0,&
{'D5'},{'D4'},{'D2'},{'D3'},{'D7'},{'R1'},{'D6'},{'D1'},{'R2'},{'R3'},&,1.0,&
{'D5'},{'D4'},{'D2'},{'D3'},{'D7'},{'R3'},{'D1'},{'D6'},{'R1'},{'R2'},&,1.0,&
{'D5'},{'D4'},{'D2'},{'D3'},{'D6'},{'D7'},{'R3'},{'R1'},{'D1'},{'R2'},&,1.0,&
{'D5'},{'D4'},{'D2'},{'D3'},{'D6'},{'D7'},{'R3'},{'D1'},{'R2'},{'R1'},&,2.0,&
{'D5'},{'D4'},{'D2'},{'D3'},{'D6'},{'D7'},{'R3'},{'D1'},{'R1'},{'R2'},&,1.0,&
{'D5'},{'D4'},{'D2'},{'D3'},{'D6'},{'D7'},{'D1'},{'R1'},{'R2'},{'R3'},&,1.0,&
{'D5'},{'D4'},{'D2'},{'D3'},{'D6'},{'D7'},{'D1'},{'R1'},{'R3'},{'R2'},&,2.0,&
{'D5'},{'D4'},{'D2'},{'D3'},{'D6'},{'D7'},{'D1'},{'R2'},{'R3'},{'R1'},&,2.0,&
{'D5'},{'D4'},{'D2'},{'D3'},{'D6'},{'D7'},{'D1'},{'R2'},{'R1'},{'R3'},&,1.0,&
{'D5'},{'D4'},{'D2'},{'D3'},{'D6'},{'D7'},{'D1'},{'R3'},{'R2'},{'R1'},&,4.0,&
{'D5'},{'D4'},{'D2'},{'D3'},{'D6'},{'D7'},{'D1'},{'R3'},{'R1'},{'R2'},&,3.0,&
{'D5'},{'D4'},{'D2'},{'D3'},{'D6'},{'D1'},{'R3'},{'D7'},{'R1'},{'R2'},&,3.0,&
{'D5'},{'D4'},{'D2'},{'D3'},{'D6'},{'D1'},{'R2'},{'D7'},{'R3'},{'R1'},&,1.0,&
{'D5'},{'D4'},{'D2'},{'D3'},{'D6'},{'D1'},{'D7'},{'R1'},{'R2'},{'R3'},&,3.0,&
{'D5'},{'D4'},{'D2'},{'D3'},{'D6'},{'D1'},{'D7'},{'R1'},{'R3'},{'R2'},&,3.0,&
{'D5'},{'D4'},{'D2'},{'D3'},{'D6'},{'D1'},{'D7'},{'R2'},{'R3'},{'R1'},&,1.0,&
{'D5'},{'D4'},{'D2'},{'D3'},{'D6'},{'D1'},{'D7'},{'R2'},{'R1'},{'R3'},&,1.0,&
{'D5'},{'D4'},{'D2'},{'D3'},{'D6'},{'D1'},{'D7'},{'R3'},{'R2'},{'R1'},&,5.0,&
{'D5'},{'D4'},{'D2'},{'D3'},{'D6'},{'D1'},{'D7'},{'R3'},{'R1'},{'R2'},&,3.0,&
{'D5'},{'D4'},{'D2'},{'D3'},{'D6'},{'D1'},{'R1'},{'D7'},{'R3'},{'R2'},&,1.0,&
{'D5'},{'D4'},{'D2'},{'D3'},{'D6'},{'R1'},{'R2'},{'D7'},{'D1'},{'R3'},&,1.0,&
{'D5'},{'D4'},{'D2'},{'D3'},{'D6'},{'R3'},{'D7'},{'D1'},{'R1'},{'R2'},&,1.0,&
{'D5'},{'D4'},{'D2'},{'D6'},{'D1'},{'D7'},{'D3'},{'R1'},{'R3'},{'R2'},&,1.0,&
{'D5'},{'D4'},{'D2'},{'D6'},{'D1'},{'D7'},{'D3'},{'R3'},{'R1'},{'R2'},&,3.0,&
{'D5'},{'D4'},{'D2'},{'D6'},{'D1'},{'D3'},{'R3'},{'R2'},{'D7'},{'R1'},&,1.0,&
{'D5'},{'D4'},{'D2'},{'D6'},{'D1'},{'D3'},{'R3'},{'D7'},{'R2'},{'R1'},&,1.0,&
{'D5'},{'D4'},{'D2'},{'D6'},{'D1'},{'D3'},{'D7'},{'R1'},{'R2'},{'R3'},&,1.0,&
{'D5'},{'D4'},{'D2'},{'D6'},{'D1'},{'D3'},{'D7'},{'R1'},{'R3'},{'R2'},&,1.0,&
{'D5'},{'D4'},{'D2'},{'D6'},{'D1'},{'D3'},{'D7'},{'R2'},{'R3'},{'R1'},&,1.0,&
{'D5'},{'D4'},{'D2'},{'D6'},{'D1'},{'D3'},{'D7'},{'R3'},{'R1'},{'R2'},&,3.0,&
{'D5'},{'D4'},{'D2'},{'D6'},{'D1'},{'R1'},{'R3'},{'D3'},{'D7'},{'R2'},&,1.0,&
{'D5'},{'D4'},{'D2'},{'D6'},{'D7'},{'D1'},{'D3'},{'R1'},{'R2'},{'R3'},&,1.0,&
{'D5'},{'D4'},{'D2'},{'D6'},{'D7'},{'D1'},{'D3'},{'R3'},{'R2'},{'R1'},&,1.0,&
{'D5'},{'D4'},{'D2'},{'D6'},{'D7'},{'D1'},{'D3'},{'R3'},{'R1'},{'R2'},&,1.0,&
{'D5'},{'D4'},{'D2'},{'D6'},{'D7'},{'D3'},{'D1'},{'R1'},{'R2'},{'R3'},&,3.0,&
{'D5'},{'D4'},{'D2'},{'D6'},{'D7'},{'D3'},{'D1'},{'R1'},{'R3'},{'R2'},&,4.0,&
{'D5'},{'D4'},{'D2'},{'D6'},{'D7'},{'D3'},{'D1'},{'R2'},{'R3'},{'R1'},&,2.0,&
{'D5'},{'D4'},{'D2'},{'D6'},{'D7'},{'D3'},{'D1'},{'R3'},{'R2'},{'R1'},&,4.0,&
{'D5'},{'D4'},{'D2'},{'D6'},{'D7'},{'D3'},{'D1'},{'R3'},{'R1'},{'R2'},&,5.0,&
{'D5'},{'D4'},{'D2'},{'D6'},{'D7'},{'D3'},{'R2'},{'D1'},{'R3'},{'R1'},&,2.0,&
{'D5'},{'D4'},{'D2'},{'D6'},{'D3'},{'D7'},{'R3'},{'D1'},{'R2'},{'R1'},&,2.0,&
{'D5'},{'D4'},{'D2'},{'D6'},{'D3'},{'D7'},{'R3'},{'D1'},{'R1'},{'R2'},&,2.0,&
{'D5'},{'D4'},{'D2'},{'D6'},{'D3'},{'D7'},{'D1'},{'R1'},{'R2'},{'R3'},&,3.0,&
{'D5'},{'D4'},{'D2'},{'D6'},{'D3'},{'D7'},{'D1'},{'R1'},{'R3'},{'R2'},&,3.0,&
{'D5'},{'D4'},{'D2'},{'D6'},{'D3'},{'D7'},{'D1'},{'R2'},{'R3'},{'R1'},&,2.0,&
{'D5'},{'D4'},{'D2'},{'D6'},{'D3'},{'D7'},{'D1'},{'R2'},{'R1'},{'R3'},&,6.0,&
{'D5'},{'D4'},{'D2'},{'D6'},{'D3'},{'D7'},{'D1'},{'R3'},{'R2'},{'R1'},&,10.0,&
{'D5'},{'D4'},{'D2'},{'D6'},{'D3'},{'D7'},{'D1'},{'R3'},{'R1'},{'R2'},&,2.0,&
{'D5'},{'D4'},{'D2'},{'D6'},{'D3'},{'D7'},{'R1'},{'D1'},{'R3'},{'R2'},&,3.0,&
{'D5'},{'D4'},{'D2'},{'D6'},{'D3'},{'D1'},{'R3'},{'D7'},{'R2'},{'R1'},&,3.0,&
{'D5'},{'D4'},{'D2'},{'D6'},{'D3'},{'D1'},{'D7'},{'R1'},{'R2'},{'R3'},&,1.0,&
{'D5'},{'D4'},{'D2'},{'D6'},{'D3'},{'D1'},{'D7'},{'R1'},{'R3'},{'R2'},&,1.0,&
{'D5'},{'D4'},{'D2'},{'D6'},{'D3'},{'D1'},{'D7'},{'R2'},{'R3'},{'R1'},&,1.0,&
{'D5'},{'D4'},{'D2'},{'D6'},{'D3'},{'D1'},{'D7'},{'R3'},{'R2'},{'R1'},&,4.0,&
{'D5'},{'D4'},{'D2'},{'D6'},{'D3'},{'D1'},{'D7'},{'R3'},{'R1'},{'R2'},&,4.0,&
{'D5'},{'D4'},{'D2'},{'D6'},{'D3'},{'R3'},{'D7'},{'D1'},{'R2'},{'R1'},&,2.0,&
{'D5'},{'D4'},{'D2'},{'D6'},{'R3'},{'D1'},{'D7'},{'D3'},{'R1'},{'R2'},&,1.0,&
{'D5'},{'D4'},{'D2'},{'D6'},{'R3'},{'D3'},{'D7'},{'R2'},{'R1'},{'D1'},&,1.0,&
{'D5'},{'D4'},{'D2'},{'D6'},{'R2'},{'D1'},{'D3'},{'D7'},{'R3'},{'R1'},&,1.0,&
{'D5'},{'D4'},{'R3'},{'D3'},{'D6'},{'D2'},{'D1'},{'D7'},{'R1'},{'R2'},&,1.0,&
{'D5'},{'D4'},{'R3'},{'D3'},{'D6'},{'D2'},{'D7'},{'D1'},{'R1'},{'R2'},&,1.0,&
{'D5'},{'D4'},{'R2'},{'D3'},{'D6'},{'D1'},{'D7'},{'D2'},{'R3'},{'R1'},&,1.0,&
{'D5'},{'D4'},{'R2'},{'D6'},{'D1'},{'D2'},{'D3'},{'D7'},{'R3'},{'R1'},&,1.0,&
{'D5'},{'R1'},{'D4'},{'D6'},{'D3'},{'R3'},{'D2'},{'D1'},{'D7'},{'R2'},&,1.0,&
{'D5'},{'R1'},{'D6'},{'D2'},{'D4'},{'D7'},{'D3'},{'D1'},{'R3'},{'R2'},&,1.0,&
{'D5'},{'R1'},{'D7'},{'D3'},{'D4'},{'D6'},{'D1'},{'D2'},{'R2'},{'R3'},&,1.0,&
{'D5'},{'R3'},{'D1'},{'D4'},{'D3'},{'D6'},{'D7'},{'D2'},{'R2'},{'R1'},&,1.0,&
{'D5'},{'R3'},{'D7'},{'D6'},{'D3'},{'D1'},{'D4'},{'D2'},{'R1'},{'R2'},&,1.0,&
{'D5'},{'R2'},{'D6'},{'D4'},{'D3'},{'D7'},{'D1'},{'D2'},{'R3'},{'R1'},&,1.0,&
{'D3'},{'D5'},{'D4'},{'D7'},{'D1'},{'D6'},{'R3'},{'D2'},{'R2'},{'R1'},&,1.0,&
{'D3'},{'D5'},{'D4'},{'D7'},{'D1'},{'D6'},{'D2'},{'R1'},{'R3'},{'R2'},&,1.0,&
{'D3'},{'D5'},{'D4'},{'D7'},{'D1'},{'D6'},{'D2'},{'R2'},{'R3'},{'R1'},&,6.0,&
{'D3'},{'D5'},{'D4'},{'D7'},{'D1'},{'D6'},{'D2'},{'R2'},{'R1'},{'R3'},&,3.0,&
{'D3'},{'D5'},{'D4'},{'D7'},{'D1'},{'D6'},{'D2'},{'R3'},{'R2'},{'R1'},&,3.0,&
{'D3'},{'D5'},{'D4'},{'D7'},{'D1'},{'D6'},{'D2'},{'R3'},{'R1'},{'R2'},&,4.0,&
{'D3'},{'D5'},{'D4'},{'D7'},{'D1'},{'D6'},{'R2'},{'D2'},{'R1'},{'R3'},&,1.0,&
{'D3'},{'D5'},{'D4'},{'D7'},{'D1'},{'D6'},{'R1'},{'D2'},{'R3'},{'R2'},&,1.0,&
{'D3'},{'D5'},{'D4'},{'D7'},{'D1'},{'D6'},{'R1'},{'R2'},{'D2'},{'R3'},&,2.0,&
{'D3'},{'D5'},{'D4'},{'D7'},{'D1'},{'D2'},{'D6'},{'R1'},{'R3'},{'R2'},&,1.0,&
{'D3'},{'D5'},{'D4'},{'D7'},{'D1'},{'D2'},{'D6'},{'R3'},{'R2'},{'R1'},&,1.0,&
{'D3'},{'D5'},{'D4'},{'D7'},{'D1'},{'R1'},{'D6'},{'D2'},{'R2'},{'R3'},&,1.0,&
{'D3'},{'D5'},{'D4'},{'D7'},{'D1'},{'R1'},{'D6'},{'D2'},{'R3'},{'R2'},&,1.0,&
{'D3'},{'D5'},{'D4'},{'D7'},{'D2'},{'D6'},{'R3'},{'R1'},{'R2'},{'D1'},&,1.0,&
{'D3'},{'D5'},{'D4'},{'D7'},{'D2'},{'D6'},{'R3'},{'R1'},{'D1'},{'R2'},&,2.0,&
{'D3'},{'D5'},{'D4'},{'D7'},{'D2'},{'D6'},{'R3'},{'D1'},{'R2'},{'R1'},&,1.0,&
{'D3'},{'D5'},{'D4'},{'D7'},{'D2'},{'D6'},{'R3'},{'D1'},{'R1'},{'R2'},&,1.0,&
{'D3'},{'D5'},{'D4'},{'D7'},{'D2'},{'D6'},{'D1'},{'R1'},{'R2'},{'R3'},&,1.0,&
{'D3'},{'D5'},{'D4'},{'D7'},{'D2'},{'D6'},{'D1'},{'R1'},{'R3'},{'R2'},&,2.0,&
{'D3'},{'D5'},{'D4'},{'D7'},{'D2'},{'D6'},{'D1'},{'R2'},{'R3'},{'R1'},&,3.0,&
{'D3'},{'D5'},{'D4'},{'D7'},{'D2'},{'D6'},{'D1'},{'R2'},{'R1'},{'R3'},&,2.0,&
{'D3'},{'D5'},{'D4'},{'D7'},{'D2'},{'D6'},{'D1'},{'R3'},{'R2'},{'R1'},&,4.0,&
{'D3'},{'D5'},{'D4'},{'D7'},{'D2'},{'D6'},{'D1'},{'R3'},{'R1'},{'R2'},&,1.0,&
{'D3'},{'D5'},{'D4'},{'D7'},{'D2'},{'D6'},{'R1'},{'D1'},{'R3'},{'R2'},&,1.0,&
{'D3'},{'D5'},{'D4'},{'D7'},{'D2'},{'D1'},{'R3'},{'D6'},{'R1'},{'R2'},&,1.0,&
{'D3'},{'D5'},{'D4'},{'D7'},{'D2'},{'D1'},{'D6'},{'R1'},{'R2'},{'R3'},&,1.0,&
{'D3'},{'D5'},{'D4'},{'D7'},{'D2'},{'D1'},{'D6'},{'R1'},{'R3'},{'R2'},&,1.0,&
{'D3'},{'D5'},{'D4'},{'D7'},{'D2'},{'D1'},{'D6'},{'R3'},{'R2'},{'R1'},&,2.0,&
{'D3'},{'D5'},{'D4'},{'D7'},{'D2'},{'D1'},{'D6'},{'R3'},{'R1'},{'R2'},&,1.0,&
{'D3'},{'D5'},{'D4'},{'D7'},{'D2'},{'R2'},{'D6'},{'R1'},{'D1'},{'R3'},&,1.0,&
{'D3'},{'D5'},{'D4'},{'D7'},{'D2'},{'R1'},{'D6'},{'R2'},{'D1'},{'R3'},&,1.0,&
{'D3'},{'D5'},{'D4'},{'D7'},{'D2'},{'R3'},{'D6'},{'D1'},{'R1'},{'R2'},&,1.0,&
{'D3'},{'D5'},{'D4'},{'D7'},{'D6'},{'D1'},{'R3'},{'D2'},{'R2'},{'R1'},&,2.0,&
{'D3'},{'D5'},{'D4'},{'D7'},{'D6'},{'D1'},{'R3'},{'D2'},{'R1'},{'R2'},&,4.0,&
{'D3'},{'D5'},{'D4'},{'D7'},{'D6'},{'D1'},{'D2'},{'R1'},{'R2'},{'R3'},&,2.0,&
{'D3'},{'D5'},{'D4'},{'D7'},{'D6'},{'D1'},{'D2'},{'R1'},{'R3'},{'R2'},&,6.0,&
{'D3'},{'D5'},{'D4'},{'D7'},{'D6'},{'D1'},{'D2'},{'R2'},{'R3'},{'R1'},&,6.0,&
{'D3'},{'D5'},{'D4'},{'D7'},{'D6'},{'D1'},{'D2'},{'R2'},{'R1'},{'R3'},&,2.0,&
{'D3'},{'D5'},{'D4'},{'D7'},{'D6'},{'D1'},{'D2'},{'R3'},{'R2'},{'R1'},&,9.0,&
{'D3'},{'D5'},{'D4'},{'D7'},{'D6'},{'D1'},{'D2'},{'R3'},{'R1'},{'R2'},&,15.0,&
{'D3'},{'D5'},{'D4'},{'D7'},{'D6'},{'D1'},{'R2'},{'D2'},{'R3'},{'R1'},&,3.0,&
{'D3'},{'D5'},{'D4'},{'D7'},{'D6'},{'D1'},{'R2'},{'R1'},{'D2'},{'R3'},&,1.0,&
{'D3'},{'D5'},{'D4'},{'D7'},{'D6'},{'D1'},{'R2'},{'R3'},{'D2'},{'R1'},&,1.0,&
{'D3'},{'D5'},{'D4'},{'D7'},{'D6'},{'D1'},{'R1'},{'D2'},{'R3'},{'R2'},&,2.0,&
{'D3'},{'D5'},{'D4'},{'D7'},{'D6'},{'D2'},{'R3'},{'D1'},{'R2'},{'R1'},&,1.0,&
{'D3'},{'D5'},{'D4'},{'D7'},{'D6'},{'D2'},{'R3'},{'D1'},{'R1'},{'R2'},&,1.0,&
{'D3'},{'D5'},{'D4'},{'D7'},{'D6'},{'D2'},{'D1'},{'R1'},{'R2'},{'R3'},&,1.0,&
{'D3'},{'D5'},{'D4'},{'D7'},{'D6'},{'D2'},{'D1'},{'R1'},{'R3'},{'R2'},&,2.0,&
{'D3'},{'D5'},{'D4'},{'D7'},{'D6'},{'D2'},{'D1'},{'R2'},{'R3'},{'R1'},&,10.0,&
{'D3'},{'D5'},{'D4'},{'D7'},{'D6'},{'D2'},{'D1'},{'R2'},{'R1'},{'R3'},&,1.0,&
{'D3'},{'D5'},{'D4'},{'D7'},{'D6'},{'D2'},{'D1'},{'R3'},{'R2'},{'R1'},&,9.0,&
{'D3'},{'D5'},{'D4'},{'D7'},{'D6'},{'D2'},{'D1'},{'R3'},{'R1'},{'R2'},&,10.0,&
{'D3'},{'D5'},{'D4'},{'D7'},{'D6'},{'D2'},{'R2'},{'D1'},{'R3'},{'R1'},&,2.0,&
{'D3'},{'D5'},{'D4'},{'D7'},{'D6'},{'R2'},{'D1'},{'D2'},{'R3'},{'R1'},&,1.0,&
{'D3'},{'D5'},{'D4'},{'D7'},{'D6'},{'R1'},{'D2'},{'D1'},{'R3'},{'R2'},&,1.0,&
{'D3'},{'D5'},{'D4'},{'D7'},{'D6'},{'R1'},{'D1'},{'D2'},{'R2'},{'R3'},&,1.0,&
{'D3'},{'D5'},{'D4'},{'D7'},{'D6'},{'R3'},{'D2'},{'D1'},{'R2'},{'R1'},&,1.0,&
{'D3'},{'D5'},{'D4'},{'D7'},{'D6'},{'R3'},{'D2'},{'D1'},{'R1'},{'R2'},&,2.0,&
{'D3'},{'D5'},{'D4'},{'D7'},{'D6'},{'R3'},{'D1'},{'D2'},{'R1'},{'R2'},&,1.0,&
{'D3'},{'D5'},{'D4'},{'D7'},{'R3'},{'D6'},{'D2'},{'R1'},{'R2'},{'D1'},&,1.0,&
{'D3'},{'D5'},{'D4'},{'D7'},{'R3'},{'D6'},{'D1'},{'R1'},{'D2'},{'R2'},&,1.0,&
{'D3'},{'D5'},{'D4'},{'D7'},{'R1'},{'D1'},{'D6'},{'R3'},{'D2'},{'R2'},&,1.0,&
{'D3'},{'D5'},{'D4'},{'D1'},{'D7'},{'D6'},{'R3'},{'D2'},{'R2'},{'R1'},&,1.0,&
{'D3'},{'D5'},{'D4'},{'D1'},{'D7'},{'D6'},{'R3'},{'D2'},{'R1'},{'R2'},&,2.0,&
{'D3'},{'D5'},{'D4'},{'D1'},{'D7'},{'D6'},{'R3'},{'R2'},{'D2'},{'R1'},&,1.0,&
{'D3'},{'D5'},{'D4'},{'D1'},{'D7'},{'D6'},{'D2'},{'R1'},{'R3'},{'R2'},&,2.0,&
{'D3'},{'D5'},{'D4'},{'D1'},{'D7'},{'D6'},{'D2'},{'R2'},{'R3'},{'R1'},&,3.0,&
{'D3'},{'D5'},{'D4'},{'D1'},{'D7'},{'D6'},{'D2'},{'R3'},{'R2'},{'R1'},&,7.0,&
{'D3'},{'D5'},{'D4'},{'D1'},{'D7'},{'D6'},{'D2'},{'R3'},{'R1'},{'R2'},&,2.0,&
{'D3'},{'D5'},{'D4'},{'D1'},{'D7'},{'D6'},{'R2'},{'D2'},{'R3'},{'R1'},&,1.0,&
{'D3'},{'D5'},{'D4'},{'D1'},{'D7'},{'D6'},{'R2'},{'D2'},{'R1'},{'R3'},&,1.0,&
{'D3'},{'D5'},{'D4'},{'D1'},{'D7'},{'D6'},{'R1'},{'R3'},{'R2'},{'D2'},&,1.0,&
{'D3'},{'D5'},{'D4'},{'D1'},{'D7'},{'D2'},{'R3'},{'R1'},{'D6'},{'R2'},&,1.0,&
{'D3'},{'D5'},{'D4'},{'D1'},{'D7'},{'D2'},{'R2'},{'D6'},{'R3'},{'R1'},&,1.0,&
{'D3'},{'D5'},{'D4'},{'D1'},{'D7'},{'D2'},{'D6'},{'R1'},{'R2'},{'R3'},&,1.0,&
{'D3'},{'D5'},{'D4'},{'D1'},{'D7'},{'D2'},{'D6'},{'R1'},{'R3'},{'R2'},&,1.0,&
{'D3'},{'D5'},{'D4'},{'D1'},{'D7'},{'D2'},{'D6'},{'R2'},{'R1'},{'R3'},&,2.0,&
{'D3'},{'D5'},{'D4'},{'D1'},{'D7'},{'D2'},{'D6'},{'R3'},{'R2'},{'R1'},&,1.0,&
{'D3'},{'D5'},{'D4'},{'D1'},{'D7'},{'D2'},{'D6'},{'R3'},{'R1'},{'R2'},&,2.0,&
{'D3'},{'D5'},{'D4'},{'D1'},{'D7'},{'D2'},{'R1'},{'D6'},{'R3'},{'R2'},&,2.0,&
{'D3'},{'D5'},{'D4'},{'D1'},{'D7'},{'R2'},{'D2'},{'D6'},{'R3'},{'R1'},&,1.0,&
{'D3'},{'D5'},{'D4'},{'D1'},{'D7'},{'R1'},{'R3'},{'D2'},{'D6'},{'R2'},&,1.0,&
{'D3'},{'D5'},{'D4'},{'D1'},{'D7'},{'R3'},{'D6'},{'D2'},{'R1'},{'R2'},&,1.0,&
{'D3'},{'D5'},{'D4'},{'D1'},{'D2'},{'D6'},{'R3'},{'R1'},{'D7'},{'R2'},&,1.0,&
{'D3'},{'D5'},{'D4'},{'D1'},{'D2'},{'D6'},{'R3'},{'D7'},{'R2'},{'R1'},&,1.0,&
{'D3'},{'D5'},{'D4'},{'D1'},{'D2'},{'D6'},{'R3'},{'D7'},{'R1'},{'R2'},&,1.0,&
{'D3'},{'D5'},{'D4'},{'D1'},{'D2'},{'D6'},{'R2'},{'D7'},{'R1'},{'R3'},&,1.0,&
{'D3'},{'D5'},{'D4'},{'D1'},{'D2'},{'D6'},{'D7'},{'R1'},{'R3'},{'R2'},&,1.0,&
{'D3'},{'D5'},{'D4'},{'D1'},{'D2'},{'D6'},{'D7'},{'R3'},{'R1'},{'R2'},&,1.0,&
{'D3'},{'D5'},{'D4'},{'D1'},{'D2'},{'D6'},{'R1'},{'R3'},{'R2'},{'D7'},&,1.0,&
{'D3'},{'D5'},{'D4'},{'D1'},{'D2'},{'D7'},{'D6'},{'R2'},{'R3'},{'R1'},&,1.0,&
{'D3'},{'D5'},{'D4'},{'D1'},{'D2'},{'D7'},{'D6'},{'R3'},{'R1'},{'R2'},&,1.0,&
{'D3'},{'D5'},{'D4'},{'D1'},{'D2'},{'D7'},{'R1'},{'D6'},{'R3'},{'R2'},&,1.0,&
{'D3'},{'D5'},{'D4'},{'D1'},{'D6'},{'D7'},{'R3'},{'D2'},{'R1'},{'R2'},&,3.0,&
{'D3'},{'D5'},{'D4'},{'D1'},{'D6'},{'D7'},{'D2'},{'R1'},{'R2'},{'R3'},&,2.0,&
{'D3'},{'D5'},{'D4'},{'D1'},{'D6'},{'D7'},{'D2'},{'R1'},{'R3'},{'R2'},&,2.0,&
{'D3'},{'D5'},{'D4'},{'D1'},{'D6'},{'D7'},{'D2'},{'R2'},{'R3'},{'R1'},&,3.0,&
{'D3'},{'D5'},{'D4'},{'D1'},{'D6'},{'D7'},{'D2'},{'R2'},{'R1'},{'R3'},&,1.0,&
{'D3'},{'D5'},{'D4'},{'D1'},{'D6'},{'D7'},{'D2'},{'R3'},{'R2'},{'R1'},&,8.0,&
{'D3'},{'D5'},{'D4'},{'D1'},{'D6'},{'D7'},{'D2'},{'R3'},{'R1'},{'R2'},&,9.0,&
{'D3'},{'D5'},{'D4'},{'D1'},{'D6'},{'D7'},{'R2'},{'D2'},{'R3'},{'R1'},&,1.0,&
{'D3'},{'D5'},{'D4'},{'D1'},{'D6'},{'D7'},{'R2'},{'R1'},{'D2'},{'R3'},&,2.0,&
{'D3'},{'D5'},{'D4'},{'D1'},{'D6'},{'D7'},{'R1'},{'D2'},{'R2'},{'R3'},&,1.0,&
{'D3'},{'D5'},{'D4'},{'D1'},{'D6'},{'D7'},{'R1'},{'D2'},{'R3'},{'R2'},&,2.0,&
{'D3'},{'D5'},{'D4'},{'D1'},{'D6'},{'D7'},{'R1'},{'R2'},{'D2'},{'R3'},&,1.0,&
{'D3'},{'D5'},{'D4'},{'D1'},{'D6'},{'D2'},{'R2'},{'D7'},{'R3'},{'R1'},&,1.0,&
{'D3'},{'D5'},{'D4'},{'D1'},{'D6'},{'D2'},{'R2'},{'D7'},{'R1'},{'R3'},&,1.0,&
{'D3'},{'D5'},{'D4'},{'D1'},{'D6'},{'D2'},{'D7'},{'R1'},{'R3'},{'R2'},&,7.0,&
{'D3'},{'D5'},{'D4'},{'D1'},{'D6'},{'D2'},{'D7'},{'R2'},{'R3'},{'R1'},&,1.0,&
{'D3'},{'D5'},{'D4'},{'D1'},{'D6'},{'D2'},{'D7'},{'R3'},{'R2'},{'R1'},&,3.0,&
{'D3'},{'D5'},{'D4'},{'D1'},{'D6'},{'D2'},{'D7'},{'R3'},{'R1'},{'R2'},&,4.0,&
{'D3'},{'D5'},{'D4'},{'D1'},{'D6'},{'D2'},{'R1'},{'D7'},{'R2'},{'R3'},&,1.0,&
{'D3'},{'D5'},{'D4'},{'D1'},{'D6'},{'D2'},{'R1'},{'D7'},{'R3'},{'R2'},&,1.0,&
{'D3'},{'D5'},{'D4'},{'D1'},{'D6'},{'R1'},{'D7'},{'D2'},{'R3'},{'R2'},&,1.0,&
{'D3'},{'D5'},{'D4'},{'D1'},{'D6'},{'R3'},{'D2'},{'R2'},{'D7'},{'R1'},&,1.0,&
{'D3'},{'D5'},{'D4'},{'D1'},{'D6'},{'R3'},{'D2'},{'D7'},{'R2'},{'R1'},&,1.0,&
{'D3'},{'D5'},{'D4'},{'D1'},{'R3'},{'D2'},{'D6'},{'D7'},{'R2'},{'R1'},&,1.0,&
{'D3'},{'D5'},{'D4'},{'D2'},{'D1'},{'D6'},{'R3'},{'D7'},{'R1'},{'R2'},&,1.0,&
{'D3'},{'D5'},{'D4'},{'D2'},{'D1'},{'D6'},{'R2'},{'R3'},{'D7'},{'R1'},&,1.0,&
{'D3'},{'D5'},{'D4'},{'D2'},{'D1'},{'D6'},{'R2'},{'D7'},{'R3'},{'R1'},&,2.0,&
{'D3'},{'D5'},{'D4'},{'D2'},{'D1'},{'D6'},{'D7'},{'R2'},{'R3'},{'R1'},&,1.0,&
{'D3'},{'D5'},{'D4'},{'D2'},{'D1'},{'D6'},{'D7'},{'R2'},{'R1'},{'R3'},&,1.0,&
{'D3'},{'D5'},{'D4'},{'D2'},{'D1'},{'D6'},{'D7'},{'R3'},{'R2'},{'R1'},&,3.0,&
{'D3'},{'D5'},{'D4'},{'D2'},{'D1'},{'D6'},{'D7'},{'R3'},{'R1'},{'R2'},&,1.0,&
{'D3'},{'D5'},{'D4'},{'D2'},{'D1'},{'D6'},{'R1'},{'D7'},{'R2'},{'R3'},&,1.0,&
{'D3'},{'D5'},{'D4'},{'D2'},{'D1'},{'D6'},{'R1'},{'D7'},{'R3'},{'R2'},&,1.0,&
{'D3'},{'D5'},{'D4'},{'D2'},{'D1'},{'D7'},{'D6'},{'R2'},{'R3'},{'R1'},&,1.0,&
{'D3'},{'D5'},{'D4'},{'D2'},{'D1'},{'D7'},{'D6'},{'R3'},{'R2'},{'R1'},&,1.0,&
{'D3'},{'D5'},{'D4'},{'D2'},{'D1'},{'R2'},{'D6'},{'D7'},{'R3'},{'R1'},&,1.0,&
{'D3'},{'D5'},{'D4'},{'D2'},{'D7'},{'D6'},{'R3'},{'D1'},{'R2'},{'R1'},&,1.0,&
{'D3'},{'D5'},{'D4'},{'D2'},{'D7'},{'D6'},{'R3'},{'D1'},{'R1'},{'R2'},&,3.0,&
{'D3'},{'D5'},{'D4'},{'D2'},{'D7'},{'D6'},{'D1'},{'R1'},{'R2'},{'R3'},&,1.0,&
{'D3'},{'D5'},{'D4'},{'D2'},{'D7'},{'D6'},{'D1'},{'R1'},{'R3'},{'R2'},&,1.0,&
{'D3'},{'D5'},{'D4'},{'D2'},{'D7'},{'D6'},{'D1'},{'R3'},{'R2'},{'R1'},&,2.0,&
{'D3'},{'D5'},{'D4'},{'D2'},{'D7'},{'D6'},{'D1'},{'R3'},{'R1'},{'R2'},&,4.0,&
{'D3'},{'D5'},{'D4'},{'D2'},{'D7'},{'D6'},{'R1'},{'R3'},{'D1'},{'R2'},&,1.0,&
{'D3'},{'D5'},{'D4'},{'D2'},{'D7'},{'D1'},{'R3'},{'R1'},{'D6'},{'R2'},&,2.0,&
{'D3'},{'D5'},{'D4'},{'D2'},{'D7'},{'D1'},{'R3'},{'D6'},{'R1'},{'R2'},&,1.0,&
{'D3'},{'D5'},{'D4'},{'D2'},{'D7'},{'D1'},{'D6'},{'R3'},{'R2'},{'R1'},&,1.0,&
{'D3'},{'D5'},{'D4'},{'D2'},{'D7'},{'D1'},{'D6'},{'R3'},{'R1'},{'R2'},&,2.0,&
{'D3'},{'D5'},{'D4'},{'D2'},{'D7'},{'R1'},{'D6'},{'D1'},{'R3'},{'R2'},&,1.0,&
{'D3'},{'D5'},{'D4'},{'D2'},{'D7'},{'R3'},{'D1'},{'D6'},{'R2'},{'R1'},&,1.0,&
{'D3'},{'D5'},{'D4'},{'D2'},{'D7'},{'R3'},{'D6'},{'D1'},{'R1'},{'R2'},&,1.0,&
{'D3'},{'D5'},{'D4'},{'D2'},{'D6'},{'D7'},{'R3'},{'D1'},{'R2'},{'R1'},&,1.0,&
{'D3'},{'D5'},{'D4'},{'D2'},{'D6'},{'D7'},{'R3'},{'D1'},{'R1'},{'R2'},&,1.0,&
{'D3'},{'D5'},{'D4'},{'D2'},{'D6'},{'D7'},{'D1'},{'R1'},{'R2'},{'R3'},&,3.0,&
{'D3'},{'D5'},{'D4'},{'D2'},{'D6'},{'D7'},{'D1'},{'R1'},{'R3'},{'R2'},&,4.0,&
{'D3'},{'D5'},{'D4'},{'D2'},{'D6'},{'D7'},{'D1'},{'R2'},{'R3'},{'R1'},&,2.0,&
{'D3'},{'D5'},{'D4'},{'D2'},{'D6'},{'D7'},{'D1'},{'R2'},{'R1'},{'R3'},&,2.0,&
{'D3'},{'D5'},{'D4'},{'D2'},{'D6'},{'D7'},{'D1'},{'R3'},{'R2'},{'R1'},&,4.0,&
{'D3'},{'D5'},{'D4'},{'D2'},{'D6'},{'D7'},{'D1'},{'R3'},{'R1'},{'R2'},&,5.0,&
{'D3'},{'D5'},{'D4'},{'D2'},{'D6'},{'D7'},{'R2'},{'D1'},{'R3'},{'R1'},&,1.0,&
{'D3'},{'D5'},{'D4'},{'D2'},{'D6'},{'D7'},{'R1'},{'D1'},{'R2'},{'R3'},&,2.0,&
{'D3'},{'D5'},{'D4'},{'D2'},{'D6'},{'D7'},{'R1'},{'D1'},{'R3'},{'R2'},&,2.0,&
{'D3'},{'D5'},{'D4'},{'D2'},{'D6'},{'D1'},{'R3'},{'R2'},{'D7'},{'R1'},&,1.0,&
{'D3'},{'D5'},{'D4'},{'D2'},{'D6'},{'D1'},{'R3'},{'D7'},{'R2'},{'R1'},&,3.0,&
{'D3'},{'D5'},{'D4'},{'D2'},{'D6'},{'D1'},{'D7'},{'R1'},{'R2'},{'R3'},&,1.0,&
{'D3'},{'D5'},{'D4'},{'D2'},{'D6'},{'D1'},{'D7'},{'R1'},{'R3'},{'R2'},&,1.0,&
{'D3'},{'D5'},{'D4'},{'D2'},{'D6'},{'D1'},{'D7'},{'R2'},{'R3'},{'R1'},&,3.0,&
{'D3'},{'D5'},{'D4'},{'D2'},{'D6'},{'D1'},{'D7'},{'R3'},{'R2'},{'R1'},&,3.0,&
{'D3'},{'D5'},{'D4'},{'D2'},{'D6'},{'D1'},{'D7'},{'R3'},{'R1'},{'R2'},&,2.0,&
{'D3'},{'D5'},{'D4'},{'D2'},{'D6'},{'R1'},{'D7'},{'R3'},{'R2'},{'D1'},&,1.0,&
{'D3'},{'D5'},{'D4'},{'D2'},{'R3'},{'D6'},{'D1'},{'D7'},{'R1'},{'R2'},&,1.0,&
{'D3'},{'D5'},{'D4'},{'D2'},{'R3'},{'D6'},{'D7'},{'R1'},{'D1'},{'R2'},&,1.0,&
{'D3'},{'D5'},{'D4'},{'D2'},{'R3'},{'D6'},{'D7'},{'D1'},{'R2'},{'R1'},&,1.0,&
{'D3'},{'D5'},{'D4'},{'D2'},{'R2'},{'R3'},{'D6'},{'D7'},{'D1'},{'R1'},&,1.0,&
{'D3'},{'D5'},{'D4'},{'R1'},{'D6'},{'R3'},{'D2'},{'D7'},{'D1'},{'R2'},&,1.0,&
{'D3'},{'D5'},{'D4'},{'D6'},{'D1'},{'D7'},{'R3'},{'D2'},{'R1'},{'R2'},&,6.0,&
{'D3'},{'D5'},{'D4'},{'D6'},{'D1'},{'D7'},{'R3'},{'R1'},{'D2'},{'R2'},&,1.0,&
{'D3'},{'D5'},{'D4'},{'D6'},{'D1'},{'D7'},{'R3'},{'R2'},{'D2'},{'R1'},&,1.0,&
{'D3'},{'D5'},{'D4'},{'D6'},{'D1'},{'D7'},{'D2'},{'R1'},{'R2'},{'R3'},&,3.0,&
{'D3'},{'D5'},{'D4'},{'D6'},{'D1'},{'D7'},{'D2'},{'R1'},{'R3'},{'R2'},&,8.0,&
{'D3'},{'D5'},{'D4'},{'D6'},{'D1'},{'D7'},{'D2'},{'R2'},{'R3'},{'R1'},&,3.0,&
{'D3'},{'D5'},{'D4'},{'D6'},{'D1'},{'D7'},{'D2'},{'R2'},{'R1'},{'R3'},&,6.0,&
{'D3'},{'D5'},{'D4'},{'D6'},{'D1'},{'D7'},{'D2'},{'R3'},{'R2'},{'R1'},&,12.0,&
{'D3'},{'D5'},{'D4'},{'D6'},{'D1'},{'D7'},{'D2'},{'R3'},{'R1'},{'R2'},&,11.0,&
{'D3'},{'D5'},{'D4'},{'D6'},{'D1'},{'D7'},{'R2'},{'D2'},{'R1'},{'R3'},&,1.0,&
{'D3'},{'D5'},{'D4'},{'D6'},{'D1'},{'D7'},{'R2'},{'R3'},{'D2'},{'R1'},&,1.0,&
{'D3'},{'D5'},{'D4'},{'D6'},{'D1'},{'D7'},{'R1'},{'D2'},{'R2'},{'R3'},&,1.0,&
{'D3'},{'D5'},{'D4'},{'D6'},{'D1'},{'D7'},{'R1'},{'D2'},{'R3'},{'R2'},&,4.0,&
{'D3'},{'D5'},{'D4'},{'D6'},{'D1'},{'D2'},{'R3'},{'R1'},{'D7'},{'R2'},&,1.0,&
{'D3'},{'D5'},{'D4'},{'D6'},{'D1'},{'D2'},{'R3'},{'R2'},{'R1'},{'D7'},&,1.0,&
{'D3'},{'D5'},{'D4'},{'D6'},{'D1'},{'D2'},{'R3'},{'R2'},{'D7'},{'R1'},&,3.0,&
{'D3'},{'D5'},{'D4'},{'D6'},{'D1'},{'D2'},{'R3'},{'D7'},{'R2'},{'R1'},&,1.0,&
{'D3'},{'D5'},{'D4'},{'D6'},{'D1'},{'D2'},{'R3'},{'D7'},{'R1'},{'R2'},&,1.0,&
{'D3'},{'D5'},{'D4'},{'D6'},{'D1'},{'D2'},{'R2'},{'D7'},{'R3'},{'R1'},&,1.0,&
{'D3'},{'D5'},{'D4'},{'D6'},{'D1'},{'D2'},{'D7'},{'R1'},{'R2'},{'R3'},&,3.0,&
{'D3'},{'D5'},{'D4'},{'D6'},{'D1'},{'D2'},{'D7'},{'R1'},{'R3'},{'R2'},&,4.0,&
{'D3'},{'D5'},{'D4'},{'D6'},{'D1'},{'D2'},{'D7'},{'R2'},{'R3'},{'R1'},&,1.0,&
{'D3'},{'D5'},{'D4'},{'D6'},{'D1'},{'D2'},{'D7'},{'R2'},{'R1'},{'R3'},&,1.0,&
{'D3'},{'D5'},{'D4'},{'D6'},{'D1'},{'D2'},{'D7'},{'R3'},{'R2'},{'R1'},&,6.0,&
{'D3'},{'D5'},{'D4'},{'D6'},{'D1'},{'D2'},{'D7'},{'R3'},{'R1'},{'R2'},&,7.0,&
{'D3'},{'D5'},{'D4'},{'D6'},{'D1'},{'D2'},{'R1'},{'R3'},{'D7'},{'R2'},&,1.0,&
{'D3'},{'D5'},{'D4'},{'D6'},{'D1'},{'D2'},{'R1'},{'D7'},{'R2'},{'R3'},&,1.0,&
{'D3'},{'D5'},{'D4'},{'D6'},{'D1'},{'R2'},{'D7'},{'D2'},{'R3'},{'R1'},&,1.0,&
{'D3'},{'D5'},{'D4'},{'D6'},{'D1'},{'R2'},{'D7'},{'R3'},{'D2'},{'R1'},&,1.0,&
{'D3'},{'D5'},{'D4'},{'D6'},{'D1'},{'R1'},{'R2'},{'D2'},{'D7'},{'R3'},&,1.0,&
{'D3'},{'D5'},{'D4'},{'D6'},{'D1'},{'R3'},{'D7'},{'D2'},{'R1'},{'R2'},&,2.0,&
{'D3'},{'D5'},{'D4'},{'D6'},{'D7'},{'D1'},{'R3'},{'D2'},{'R2'},{'R1'},&,5.0,&
{'D3'},{'D5'},{'D4'},{'D6'},{'D7'},{'D1'},{'R3'},{'D2'},{'R1'},{'R2'},&,7.0,&
{'D3'},{'D5'},{'D4'},{'D6'},{'D7'},{'D1'},{'D2'},{'R1'},{'R2'},{'R3'},&,4.0,&
{'D3'},{'D5'},{'D4'},{'D6'},{'D7'},{'D1'},{'D2'},{'R1'},{'R3'},{'R2'},&,7.0,&
{'D3'},{'D5'},{'D4'},{'D6'},{'D7'},{'D1'},{'D2'},{'R2'},{'R3'},{'R1'},&,7.0,&
{'D3'},{'D5'},{'D4'},{'D6'},{'D7'},{'D1'},{'D2'},{'R2'},{'R1'},{'R3'},&,5.0,&
{'D3'},{'D5'},{'D4'},{'D6'},{'D7'},{'D1'},{'D2'},{'R3'},{'R2'},{'R1'},&,13.0,&
{'D3'},{'D5'},{'D4'},{'D6'},{'D7'},{'D1'},{'D2'},{'R3'},{'R1'},{'R2'},&,9.0,&
{'D3'},{'D5'},{'D4'},{'D6'},{'D7'},{'D1'},{'R2'},{'D2'},{'R3'},{'R1'},&,1.0,&
{'D3'},{'D5'},{'D4'},{'D6'},{'D7'},{'D1'},{'R2'},{'R3'},{'D2'},{'R1'},&,2.0,&
{'D3'},{'D5'},{'D4'},{'D6'},{'D7'},{'D1'},{'R1'},{'D2'},{'R2'},{'R3'},&,2.0,&
{'D3'},{'D5'},{'D4'},{'D6'},{'D7'},{'D1'},{'R1'},{'D2'},{'R3'},{'R2'},&,1.0,&
{'D3'},{'D5'},{'D4'},{'D6'},{'D7'},{'D1'},{'R1'},{'R2'},{'R3'},{'D2'},&,1.0,&
{'D3'},{'D5'},{'D4'},{'D6'},{'D7'},{'D1'},{'R1'},{'R3'},{'R2'},{'D2'},&,1.0,&
{'D3'},{'D5'},{'D4'},{'D6'},{'D7'},{'D1'},{'R1'},{'R3'},{'D2'},{'R2'},&,2.0,&
{'D3'},{'D5'},{'D4'},{'D6'},{'D7'},{'D2'},{'R3'},{'R1'},{'D1'},{'R2'},&,1.0,&
{'D3'},{'D5'},{'D4'},{'D6'},{'D7'},{'D2'},{'R3'},{'R2'},{'D1'},{'R1'},&,2.0,&
{'D3'},{'D5'},{'D4'},{'D6'},{'D7'},{'D2'},{'R3'},{'D1'},{'R2'},{'R1'},&,3.0,&
{'D3'},{'D5'},{'D4'},{'D6'},{'D7'},{'D2'},{'R3'},{'D1'},{'R1'},{'R2'},&,2.0,&
{'D3'},{'D5'},{'D4'},{'D6'},{'D7'},{'D2'},{'D1'},{'R1'},{'R2'},{'R3'},&,4.0,&
{'D3'},{'D5'},{'D4'},{'D6'},{'D7'},{'D2'},{'D1'},{'R1'},{'R3'},{'R2'},&,9.0,&
{'D3'},{'D5'},{'D4'},{'D6'},{'D7'},{'D2'},{'D1'},{'R2'},{'R3'},{'R1'},&,4.0,&
{'D3'},{'D5'},{'D4'},{'D6'},{'D7'},{'D2'},{'D1'},{'R3'},{'R2'},{'R1'},&,14.0,&
{'D3'},{'D5'},{'D4'},{'D6'},{'D7'},{'D2'},{'D1'},{'R3'},{'R1'},{'R2'},&,16.0,&
{'D3'},{'D5'},{'D4'},{'D6'},{'D7'},{'D2'},{'R2'},{'D1'},{'R3'},{'R1'},&,2.0,&
{'D3'},{'D5'},{'D4'},{'D6'},{'D7'},{'D2'},{'R1'},{'R3'},{'D1'},{'R2'},&,1.0,&
{'D3'},{'D5'},{'D4'},{'D6'},{'D7'},{'D2'},{'R1'},{'D1'},{'R2'},{'R3'},&,2.0,&
{'D3'},{'D5'},{'D4'},{'D6'},{'D7'},{'D2'},{'R1'},{'D1'},{'R3'},{'R2'},&,4.0,&
{'D3'},{'D5'},{'D4'},{'D6'},{'D7'},{'R2'},{'D1'},{'D2'},{'R3'},{'R1'},&,1.0,&
{'D3'},{'D5'},{'D4'},{'D6'},{'D7'},{'R1'},{'D2'},{'D1'},{'R3'},{'R2'},&,2.0,&
{'D3'},{'D5'},{'D4'},{'D6'},{'D7'},{'R1'},{'D1'},{'D2'},{'R2'},{'R3'},&,1.0,&
{'D3'},{'D5'},{'D4'},{'D6'},{'D7'},{'R3'},{'D2'},{'D1'},{'R1'},{'R2'},&,1.0,&
{'D3'},{'D5'},{'D4'},{'D6'},{'D7'},{'R3'},{'D1'},{'D2'},{'R2'},{'R1'},&,1.0,&
{'D3'},{'D5'},{'D4'},{'D6'},{'D2'},{'D7'},{'R3'},{'R1'},{'D1'},{'R2'},&,2.0,&
{'D3'},{'D5'},{'D4'},{'D6'},{'D2'},{'D7'},{'R3'},{'R2'},{'D1'},{'R1'},&,1.0,&
{'D3'},{'D5'},{'D4'},{'D6'},{'D2'},{'D7'},{'R3'},{'D1'},{'R2'},{'R1'},&,6.0,&
{'D3'},{'D5'},{'D4'},{'D6'},{'D2'},{'D7'},{'R3'},{'D1'},{'R1'},{'R2'},&,3.0,&
{'D3'},{'D5'},{'D4'},{'D6'},{'D2'},{'D7'},{'D1'},{'R1'},{'R2'},{'R3'},&,3.0,&
{'D3'},{'D5'},{'D4'},{'D6'},{'D2'},{'D7'},{'D1'},{'R1'},{'R3'},{'R2'},&,5.0,&
{'D3'},{'D5'},{'D4'},{'D6'},{'D2'},{'D7'},{'D1'},{'R2'},{'R3'},{'R1'},&,4.0,&
{'D3'},{'D5'},{'D4'},{'D6'},{'D2'},{'D7'},{'D1'},{'R2'},{'R1'},{'R3'},&,1.0,&
{'D3'},{'D5'},{'D4'},{'D6'},{'D2'},{'D7'},{'D1'},{'R3'},{'R2'},{'R1'},&,7.0,&
{'D3'},{'D5'},{'D4'},{'D6'},{'D2'},{'D7'},{'D1'},{'R3'},{'R1'},{'R2'},&,12.0,&
{'D3'},{'D5'},{'D4'},{'D6'},{'D2'},{'D7'},{'R2'},{'D1'},{'R3'},{'R1'},&,1.0,&
{'D3'},{'D5'},{'D4'},{'D6'},{'D2'},{'D7'},{'R2'},{'D1'},{'R1'},{'R3'},&,1.0,&
{'D3'},{'D5'},{'D4'},{'D6'},{'D2'},{'D7'},{'R1'},{'R3'},{'D1'},{'R2'},&,1.0,&
{'D3'},{'D5'},{'D4'},{'D6'},{'D2'},{'D7'},{'R1'},{'D1'},{'R3'},{'R2'},&,1.0,&
{'D3'},{'D5'},{'D4'},{'D6'},{'D2'},{'D1'},{'R3'},{'D7'},{'R2'},{'R1'},&,3.0,&
{'D3'},{'D5'},{'D4'},{'D6'},{'D2'},{'D1'},{'R3'},{'D7'},{'R1'},{'R2'},&,5.0,&
{'D3'},{'D5'},{'D4'},{'D6'},{'D2'},{'D1'},{'R2'},{'R3'},{'D7'},{'R1'},&,1.0,&
{'D3'},{'D5'},{'D4'},{'D6'},{'D2'},{'D1'},{'R2'},{'D7'},{'R3'},{'R1'},&,1.0,&
{'D3'},{'D5'},{'D4'},{'D6'},{'D2'},{'D1'},{'D7'},{'R1'},{'R3'},{'R2'},&,2.0,&
{'D3'},{'D5'},{'D4'},{'D6'},{'D2'},{'D1'},{'D7'},{'R2'},{'R3'},{'R1'},&,7.0,&
{'D3'},{'D5'},{'D4'},{'D6'},{'D2'},{'D1'},{'D7'},{'R2'},{'R1'},{'R3'},&,2.0,&
{'D3'},{'D5'},{'D4'},{'D6'},{'D2'},{'D1'},{'D7'},{'R3'},{'R2'},{'R1'},&,7.0,&
{'D3'},{'D5'},{'D4'},{'D6'},{'D2'},{'D1'},{'D7'},{'R3'},{'R1'},{'R2'},&,6.0,&
{'D3'},{'D5'},{'D4'},{'D6'},{'D2'},{'D1'},{'R1'},{'D7'},{'R2'},{'R3'},&,1.0,&
{'D3'},{'D5'},{'D4'},{'D6'},{'D2'},{'R2'},{'D7'},{'D1'},{'R1'},{'R3'},&,1.0,&
{'D3'},{'D5'},{'D4'},{'D6'},{'D2'},{'R1'},{'R3'},{'R2'},{'D7'},{'D1'},&,1.0,&
{'D3'},{'D5'},{'D4'},{'D6'},{'D2'},{'R3'},{'D7'},{'D1'},{'R1'},{'R2'},&,2.0,&
{'D3'},{'D5'},{'D4'},{'D6'},{'D2'},{'R3'},{'R1'},{'D7'},{'D1'},{'R2'},&,1.0,&
{'D3'},{'D5'},{'D4'},{'D6'},{'R3'},{'D7'},{'D2'},{'D1'},{'R1'},{'R2'},&,1.0,&
{'D3'},{'D5'},{'D4'},{'D6'},{'R3'},{'D1'},{'D7'},{'D2'},{'R2'},{'R1'},&,2.0,&
{'D3'},{'D5'},{'D4'},{'D6'},{'R3'},{'D2'},{'D7'},{'D1'},{'R1'},{'R2'},&,1.0,&
{'D3'},{'D5'},{'D4'},{'D6'},{'R2'},{'D7'},{'D2'},{'D1'},{'R3'},{'R1'},&,1.0,&
{'D3'},{'D5'},{'D4'},{'D6'},{'R2'},{'D7'},{'D2'},{'D1'},{'R1'},{'R3'},&,2.0,&
{'D3'},{'D5'},{'D6'},{'D7'},{'D1'},{'D4'},{'R3'},{'D2'},{'R2'},{'R1'},&,2.0,&
{'D3'},{'D5'},{'D6'},{'D7'},{'D1'},{'D4'},{'R3'},{'D2'},{'R1'},{'R2'},&,3.0,&
{'D3'},{'D5'},{'D6'},{'D7'},{'D1'},{'D4'},{'R3'},{'R1'},{'D2'},{'R2'},&,1.0,&
{'D3'},{'D5'},{'D6'},{'D7'},{'D1'},{'D4'},{'R3'},{'R2'},{'R1'},{'D2'},&,1.0,&
{'D3'},{'D5'},{'D6'},{'D7'},{'D1'},{'D4'},{'R3'},{'R2'},{'D2'},{'R1'},&,3.0,&
{'D3'},{'D5'},{'D6'},{'D7'},{'D1'},{'D4'},{'D2'},{'R1'},{'R2'},{'R3'},&,2.0,&
{'D3'},{'D5'},{'D6'},{'D7'},{'D1'},{'D4'},{'D2'},{'R1'},{'R3'},{'R2'},&,9.0,&
{'D3'},{'D5'},{'D6'},{'D7'},{'D1'},{'D4'},{'D2'},{'R2'},{'R3'},{'R1'},&,9.0,&
{'D3'},{'D5'},{'D6'},{'D7'},{'D1'},{'D4'},{'D2'},{'R2'},{'R1'},{'R3'},&,1.0,&
{'D3'},{'D5'},{'D6'},{'D7'},{'D1'},{'D4'},{'D2'},{'R3'},{'R2'},{'R1'},&,15.0,&
{'D3'},{'D5'},{'D6'},{'D7'},{'D1'},{'D4'},{'D2'},{'R3'},{'R1'},{'R2'},&,27.0,&
{'D3'},{'D5'},{'D6'},{'D7'},{'D1'},{'D4'},{'R2'},{'D2'},{'R3'},{'R1'},&,3.0,&
{'D3'},{'D5'},{'D6'},{'D7'},{'D1'},{'D4'},{'R2'},{'D2'},{'R1'},{'R3'},&,3.0,&
{'D3'},{'D5'},{'D6'},{'D7'},{'D1'},{'D4'},{'R1'},{'D2'},{'R2'},{'R3'},&,1.0,&
{'D3'},{'D5'},{'D6'},{'D7'},{'D1'},{'D4'},{'R1'},{'D2'},{'R3'},{'R2'},&,3.0,&
{'D3'},{'D5'},{'D6'},{'D7'},{'D1'},{'D2'},{'R3'},{'R1'},{'D4'},{'R2'},&,2.0,&
{'D3'},{'D5'},{'D6'},{'D7'},{'D1'},{'D2'},{'R3'},{'D4'},{'R2'},{'R1'},&,4.0,&
{'D3'},{'D5'},{'D6'},{'D7'},{'D1'},{'D2'},{'R3'},{'D4'},{'R1'},{'R2'},&,1.0,&
{'D3'},{'D5'},{'D6'},{'D7'},{'D1'},{'D2'},{'D4'},{'R1'},{'R2'},{'R3'},&,1.0,&
{'D3'},{'D5'},{'D6'},{'D7'},{'D1'},{'D2'},{'D4'},{'R1'},{'R3'},{'R2'},&,6.0,&
{'D3'},{'D5'},{'D6'},{'D7'},{'D1'},{'D2'},{'D4'},{'R2'},{'R3'},{'R1'},&,1.0,&
{'D3'},{'D5'},{'D6'},{'D7'},{'D1'},{'D2'},{'D4'},{'R3'},{'R2'},{'R1'},&,6.0,&
{'D3'},{'D5'},{'D6'},{'D7'},{'D1'},{'D2'},{'D4'},{'R3'},{'R1'},{'R2'},&,8.0,&
{'D3'},{'D5'},{'D6'},{'D7'},{'D1'},{'D2'},{'R2'},{'R3'},{'D4'},{'R1'},&,2.0,&
{'D3'},{'D5'},{'D6'},{'D7'},{'D1'},{'D2'},{'R1'},{'R3'},{'D4'},{'R2'},&,3.0,&
{'D3'},{'D5'},{'D6'},{'D7'},{'D1'},{'D2'},{'R1'},{'D4'},{'R3'},{'R2'},&,4.0,&
{'D3'},{'D5'},{'D6'},{'D7'},{'D1'},{'R2'},{'D4'},{'R3'},{'R1'},{'D2'},&,1.0,&
{'D3'},{'D5'},{'D6'},{'D7'},{'D1'},{'R2'},{'D4'},{'R3'},{'D2'},{'R1'},&,1.0,&
{'D3'},{'D5'},{'D6'},{'D7'},{'D1'},{'R1'},{'D2'},{'D4'},{'R2'},{'R3'},&,2.0,&
{'D3'},{'D5'},{'D6'},{'D7'},{'D1'},{'R1'},{'D2'},{'D4'},{'R3'},{'R2'},&,1.0,&
{'D3'},{'D5'},{'D6'},{'D7'},{'D1'},{'R3'},{'D2'},{'R1'},{'D4'},{'R2'},&,1.0,&
{'D3'},{'D5'},{'D6'},{'D7'},{'D1'},{'R3'},{'D2'},{'D4'},{'R2'},{'R1'},&,1.0,&
{'D3'},{'D5'},{'D6'},{'D7'},{'D1'},{'R3'},{'D4'},{'D2'},{'R2'},{'R1'},&,1.0,&
{'D3'},{'D5'},{'D6'},{'D7'},{'D1'},{'R3'},{'D4'},{'D2'},{'R1'},{'R2'},&,2.0,&
{'D3'},{'D5'},{'D6'},{'D7'},{'D2'},{'D4'},{'R3'},{'R2'},{'D1'},{'R1'},&,1.0,&
{'D3'},{'D5'},{'D6'},{'D7'},{'D2'},{'D4'},{'R3'},{'D1'},{'R2'},{'R1'},&,2.0,&
{'D3'},{'D5'},{'D6'},{'D7'},{'D2'},{'D4'},{'R3'},{'D1'},{'R1'},{'R2'},&,5.0,&
{'D3'},{'D5'},{'D6'},{'D7'},{'D2'},{'D4'},{'D1'},{'R1'},{'R3'},{'R2'},&,8.0,&
{'D3'},{'D5'},{'D6'},{'D7'},{'D2'},{'D4'},{'D1'},{'R2'},{'R3'},{'R1'},&,5.0,&
{'D3'},{'D5'},{'D6'},{'D7'},{'D2'},{'D4'},{'D1'},{'R2'},{'R1'},{'R3'},&,6.0,&
{'D3'},{'D5'},{'D6'},{'D7'},{'D2'},{'D4'},{'D1'},{'R3'},{'R2'},{'R1'},&,14.0,&
{'D3'},{'D5'},{'D6'},{'D7'},{'D2'},{'D4'},{'D1'},{'R3'},{'R1'},{'R2'},&,14.0,&
{'D3'},{'D5'},{'D6'},{'D7'},{'D2'},{'D4'},{'R2'},{'D1'},{'R3'},{'R1'},&,2.0,&
{'D3'},{'D5'},{'D6'},{'D7'},{'D2'},{'D4'},{'R1'},{'D1'},{'R3'},{'R2'},&,3.0,&
{'D3'},{'D5'},{'D6'},{'D7'},{'D2'},{'D1'},{'R3'},{'R1'},{'D4'},{'R2'},&,1.0,&
{'D3'},{'D5'},{'D6'},{'D7'},{'D2'},{'D1'},{'R3'},{'D4'},{'R2'},{'R1'},&,2.0,&
{'D3'},{'D5'},{'D6'},{'D7'},{'D2'},{'D1'},{'R3'},{'D4'},{'R1'},{'R2'},&,4.0,&
{'D3'},{'D5'},{'D6'},{'D7'},{'D2'},{'D1'},{'D4'},{'R1'},{'R3'},{'R2'},&,3.0,&
{'D3'},{'D5'},{'D6'},{'D7'},{'D2'},{'D1'},{'D4'},{'R2'},{'R3'},{'R1'},&,3.0,&
{'D3'},{'D5'},{'D6'},{'D7'},{'D2'},{'D1'},{'D4'},{'R2'},{'R1'},{'R3'},&,3.0,&
{'D3'},{'D5'},{'D6'},{'D7'},{'D2'},{'D1'},{'D4'},{'R3'},{'R2'},{'R1'},&,7.0,&
{'D3'},{'D5'},{'D6'},{'D7'},{'D2'},{'D1'},{'D4'},{'R3'},{'R1'},{'R2'},&,10.0,&
{'D3'},{'D5'},{'D6'},{'D7'},{'D2'},{'D1'},{'R2'},{'R3'},{'R1'},{'D4'},&,1.0,&
{'D3'},{'D5'},{'D6'},{'D7'},{'D2'},{'D1'},{'R2'},{'R3'},{'D4'},{'R1'},&,2.0,&
{'D3'},{'D5'},{'D6'},{'D7'},{'D2'},{'D1'},{'R2'},{'D4'},{'R1'},{'R3'},&,1.0,&
{'D3'},{'D5'},{'D6'},{'D7'},{'D2'},{'D1'},{'R1'},{'D4'},{'R3'},{'R2'},&,4.0,&
{'D3'},{'D5'},{'D6'},{'D7'},{'D2'},{'R2'},{'D1'},{'R3'},{'D4'},{'R1'},&,1.0,&
{'D3'},{'D5'},{'D6'},{'D7'},{'D2'},{'R1'},{'D1'},{'D4'},{'R3'},{'R2'},&,1.0,&
{'D3'},{'D5'},{'D6'},{'D7'},{'D4'},{'D1'},{'R3'},{'D2'},{'R2'},{'R1'},&,3.0,&
{'D3'},{'D5'},{'D6'},{'D7'},{'D4'},{'D1'},{'R3'},{'D2'},{'R1'},{'R2'},&,5.0,&
{'D3'},{'D5'},{'D6'},{'D7'},{'D4'},{'D1'},{'R3'},{'R1'},{'D2'},{'R2'},&,1.0,&
{'D3'},{'D5'},{'D6'},{'D7'},{'D4'},{'D1'},{'R3'},{'R2'},{'D2'},{'R1'},&,2.0,&
{'D3'},{'D5'},{'D6'},{'D7'},{'D4'},{'D1'},{'D2'},{'R1'},{'R2'},{'R3'},&,4.0,&
{'D3'},{'D5'},{'D6'},{'D7'},{'D4'},{'D1'},{'D2'},{'R1'},{'R3'},{'R2'},&,9.0,&
{'D3'},{'D5'},{'D6'},{'D7'},{'D4'},{'D1'},{'D2'},{'R2'},{'R3'},{'R1'},&,9.0,&
{'D3'},{'D5'},{'D6'},{'D7'},{'D4'},{'D1'},{'D2'},{'R2'},{'R1'},{'R3'},&,4.0,&
{'D3'},{'D5'},{'D6'},{'D7'},{'D4'},{'D1'},{'D2'},{'R3'},{'R2'},{'R1'},&,14.0,&
{'D3'},{'D5'},{'D6'},{'D7'},{'D4'},{'D1'},{'D2'},{'R3'},{'R1'},{'R2'},&,30.0,&
{'D3'},{'D5'},{'D6'},{'D7'},{'D4'},{'D1'},{'R2'},{'D2'},{'R3'},{'R1'},&,6.0,&
{'D3'},{'D5'},{'D6'},{'D7'},{'D4'},{'D1'},{'R2'},{'D2'},{'R1'},{'R3'},&,2.0,&
{'D3'},{'D5'},{'D6'},{'D7'},{'D4'},{'D1'},{'R2'},{'R1'},{'D2'},{'R3'},&,1.0,&
{'D3'},{'D5'},{'D6'},{'D7'},{'D4'},{'D1'},{'R2'},{'R3'},{'R1'},{'D2'},&,1.0,&
{'D3'},{'D5'},{'D6'},{'D7'},{'D4'},{'D1'},{'R2'},{'R3'},{'D2'},{'R1'},&,1.0,&
{'D3'},{'D5'},{'D6'},{'D7'},{'D4'},{'D1'},{'R1'},{'D2'},{'R2'},{'R3'},&,3.0,&
{'D3'},{'D5'},{'D6'},{'D7'},{'D4'},{'D1'},{'R1'},{'D2'},{'R3'},{'R2'},&,4.0,&
{'D3'},{'D5'},{'D6'},{'D7'},{'D4'},{'D1'},{'R1'},{'R2'},{'R3'},{'D2'},&,1.0,&
{'D3'},{'D5'},{'D6'},{'D7'},{'D4'},{'D2'},{'R3'},{'R1'},{'D1'},{'R2'},&,2.0,&
{'D3'},{'D5'},{'D6'},{'D7'},{'D4'},{'D2'},{'R3'},{'R2'},{'D1'},{'R1'},&,3.0,&
{'D3'},{'D5'},{'D6'},{'D7'},{'D4'},{'D2'},{'R3'},{'D1'},{'R2'},{'R1'},&,9.0,&
{'D3'},{'D5'},{'D6'},{'D7'},{'D4'},{'D2'},{'R3'},{'D1'},{'R1'},{'R2'},&,6.0,&
{'D3'},{'D5'},{'D6'},{'D7'},{'D4'},{'D2'},{'D1'},{'R1'},{'R2'},{'R3'},&,8.0,&
{'D3'},{'D5'},{'D6'},{'D7'},{'D4'},{'D2'},{'D1'},{'R1'},{'R3'},{'R2'},&,13.0,&
{'D3'},{'D5'},{'D6'},{'D7'},{'D4'},{'D2'},{'D1'},{'R2'},{'R3'},{'R1'},&,7.0,&
{'D3'},{'D5'},{'D6'},{'D7'},{'D4'},{'D2'},{'D1'},{'R2'},{'R1'},{'R3'},&,2.0,&
{'D3'},{'D5'},{'D6'},{'D7'},{'D4'},{'D2'},{'D1'},{'R3'},{'R2'},{'R1'},&,14.0,&
{'D3'},{'D5'},{'D6'},{'D7'},{'D4'},{'D2'},{'D1'},{'R3'},{'R1'},{'R2'},&,27.0,&
{'D3'},{'D5'},{'D6'},{'D7'},{'D4'},{'D2'},{'R2'},{'R1'},{'R3'},{'D1'},&,1.0,&
{'D3'},{'D5'},{'D6'},{'D7'},{'D4'},{'D2'},{'R2'},{'R1'},{'D1'},{'R3'},&,1.0,&
{'D3'},{'D5'},{'D6'},{'D7'},{'D4'},{'D2'},{'R2'},{'D1'},{'R3'},{'R1'},&,2.0,&
{'D3'},{'D5'},{'D6'},{'D7'},{'D4'},{'D2'},{'R2'},{'D1'},{'R1'},{'R3'},&,1.0,&
{'D3'},{'D5'},{'D6'},{'D7'},{'D4'},{'D2'},{'R1'},{'R3'},{'D1'},{'R2'},&,1.0,&
{'D3'},{'D5'},{'D6'},{'D7'},{'D4'},{'D2'},{'R1'},{'D1'},{'R2'},{'R3'},&,2.0,&
{'D3'},{'D5'},{'D6'},{'D7'},{'D4'},{'D2'},{'R1'},{'D1'},{'R3'},{'R2'},&,1.0,&
{'D3'},{'D5'},{'D6'},{'D7'},{'D4'},{'R2'},{'D2'},{'D1'},{'R3'},{'R1'},&,2.0,&
{'D3'},{'D5'},{'D6'},{'D7'},{'D4'},{'R2'},{'D1'},{'D2'},{'R1'},{'R3'},&,1.0,&
{'D3'},{'D5'},{'D6'},{'D7'},{'D4'},{'R1'},{'R3'},{'D1'},{'D2'},{'R2'},&,1.0,&
{'D3'},{'D5'},{'D6'},{'D7'},{'D4'},{'R1'},{'D2'},{'D1'},{'R3'},{'R2'},&,1.0,&
{'D3'},{'D5'},{'D6'},{'D7'},{'D4'},{'R1'},{'D1'},{'D2'},{'R3'},{'R2'},&,2.0,&
{'D3'},{'D5'},{'D6'},{'D7'},{'D4'},{'R1'},{'D1'},{'R3'},{'R2'},{'D2'},&,1.0,&
{'D3'},{'D5'},{'D6'},{'D7'},{'D4'},{'R3'},{'D2'},{'D1'},{'R1'},{'R2'},&,2.0,&
{'D3'},{'D5'},{'D6'},{'D7'},{'D4'},{'R3'},{'D1'},{'R1'},{'D2'},{'R2'},&,1.0,&
{'D3'},{'D5'},{'D6'},{'D7'},{'D4'},{'R3'},{'D1'},{'R2'},{'D2'},{'R1'},&,1.0,&
{'D3'},{'D5'},{'D6'},{'D7'},{'D4'},{'R3'},{'R2'},{'D1'},{'D2'},{'R1'},&,1.0,&
{'D3'},{'D5'},{'D6'},{'D7'},{'D4'},{'R3'},{'R1'},{'D1'},{'D2'},{'R2'},&,1.0,&
{'D3'},{'D5'},{'D6'},{'D7'},{'R3'},{'D4'},{'D1'},{'D2'},{'R2'},{'R1'},&,1.0,&
{'D3'},{'D5'},{'D6'},{'D7'},{'R3'},{'D2'},{'D1'},{'D4'},{'R1'},{'R2'},&,2.0,&
{'D3'},{'D5'},{'D6'},{'D7'},{'R3'},{'R2'},{'D4'},{'D1'},{'R1'},{'D2'},&,1.0,&
{'D3'},{'D5'},{'D6'},{'D1'},{'D7'},{'D4'},{'R3'},{'D2'},{'R2'},{'R1'},&,5.0,&
{'D3'},{'D5'},{'D6'},{'D1'},{'D7'},{'D4'},{'R3'},{'D2'},{'R1'},{'R2'},&,3.0,&
{'D3'},{'D5'},{'D6'},{'D1'},{'D7'},{'D4'},{'R3'},{'R1'},{'D2'},{'R2'},&,1.0,&
{'D3'},{'D5'},{'D6'},{'D1'},{'D7'},{'D4'},{'R3'},{'R2'},{'D2'},{'R1'},&,1.0,&
{'D3'},{'D5'},{'D6'},{'D1'},{'D7'},{'D4'},{'D2'},{'R1'},{'R2'},{'R3'},&,4.0,&
{'D3'},{'D5'},{'D6'},{'D1'},{'D7'},{'D4'},{'D2'},{'R1'},{'R3'},{'R2'},&,9.0,&
{'D3'},{'D5'},{'D6'},{'D1'},{'D7'},{'D4'},{'D2'},{'R2'},{'R3'},{'R1'},&,6.0,&
{'D3'},{'D5'},{'D6'},{'D1'},{'D7'},{'D4'},{'D2'},{'R2'},{'R1'},{'R3'},&,3.0,&
{'D3'},{'D5'},{'D6'},{'D1'},{'D7'},{'D4'},{'D2'},{'R3'},{'R2'},{'R1'},&,15.0,&
{'D3'},{'D5'},{'D6'},{'D1'},{'D7'},{'D4'},{'D2'},{'R3'},{'R1'},{'R2'},&,17.0,&
{'D3'},{'D5'},{'D6'},{'D1'},{'D7'},{'D4'},{'R2'},{'D2'},{'R3'},{'R1'},&,1.0,&
{'D3'},{'D5'},{'D6'},{'D1'},{'D7'},{'D4'},{'R2'},{'D2'},{'R1'},{'R3'},&,1.0,&
{'D3'},{'D5'},{'D6'},{'D1'},{'D7'},{'D4'},{'R2'},{'R3'},{'D2'},{'R1'},&,2.0,&
{'D3'},{'D5'},{'D6'},{'D1'},{'D7'},{'D4'},{'R1'},{'D2'},{'R2'},{'R3'},&,1.0,&
{'D3'},{'D5'},{'D6'},{'D1'},{'D7'},{'D4'},{'R1'},{'D2'},{'R3'},{'R2'},&,3.0,&
{'D3'},{'D5'},{'D6'},{'D1'},{'D7'},{'D4'},{'R1'},{'R2'},{'D2'},{'R3'},&,1.0,&
{'D3'},{'D5'},{'D6'},{'D1'},{'D7'},{'D2'},{'R3'},{'R1'},{'D4'},{'R2'},&,1.0,&
{'D3'},{'D5'},{'D6'},{'D1'},{'D7'},{'D2'},{'R3'},{'D4'},{'R2'},{'R1'},&,2.0,&
{'D3'},{'D5'},{'D6'},{'D1'},{'D7'},{'D2'},{'R3'},{'D4'},{'R1'},{'R2'},&,2.0,&
{'D3'},{'D5'},{'D6'},{'D1'},{'D7'},{'D2'},{'D4'},{'R1'},{'R2'},{'R3'},&,3.0,&
{'D3'},{'D5'},{'D6'},{'D1'},{'D7'},{'D2'},{'D4'},{'R1'},{'R3'},{'R2'},&,9.0,&
{'D3'},{'D5'},{'D6'},{'D1'},{'D7'},{'D2'},{'D4'},{'R2'},{'R3'},{'R1'},&,8.0,&
{'D3'},{'D5'},{'D6'},{'D1'},{'D7'},{'D2'},{'D4'},{'R2'},{'R1'},{'R3'},&,2.0,&
{'D3'},{'D5'},{'D6'},{'D1'},{'D7'},{'D2'},{'D4'},{'R3'},{'R2'},{'R1'},&,10.0,&
{'D3'},{'D5'},{'D6'},{'D1'},{'D7'},{'D2'},{'D4'},{'R3'},{'R1'},{'R2'},&,10.0,&
{'D3'},{'D5'},{'D6'},{'D1'},{'D7'},{'D2'},{'R2'},{'D4'},{'R3'},{'R1'},&,4.0,&
{'D3'},{'D5'},{'D6'},{'D1'},{'D7'},{'D2'},{'R1'},{'D4'},{'R3'},{'R2'},&,1.0,&
{'D3'},{'D5'},{'D6'},{'D1'},{'D7'},{'R2'},{'D2'},{'D4'},{'R3'},{'R1'},&,1.0,&
{'D3'},{'D5'},{'D6'},{'D1'},{'D7'},{'R2'},{'D4'},{'D2'},{'R1'},{'R3'},&,1.0,&
{'D3'},{'D5'},{'D6'},{'D1'},{'D7'},{'R2'},{'D4'},{'R3'},{'D2'},{'R1'},&,1.0,&
{'D3'},{'D5'},{'D6'},{'D1'},{'D7'},{'R1'},{'D4'},{'D2'},{'R3'},{'R2'},&,1.0,&
{'D3'},{'D5'},{'D6'},{'D1'},{'D7'},{'R1'},{'D4'},{'R3'},{'D2'},{'R2'},&,1.0,&
{'D3'},{'D5'},{'D6'},{'D1'},{'D2'},{'D4'},{'R3'},{'R1'},{'D7'},{'R2'},&,2.0,&
{'D3'},{'D5'},{'D6'},{'D1'},{'D2'},{'D4'},{'R3'},{'D7'},{'R2'},{'R1'},&,1.0,&
{'D3'},{'D5'},{'D6'},{'D1'},{'D2'},{'D4'},{'R3'},{'D7'},{'R1'},{'R2'},&,1.0,&
{'D3'},{'D5'},{'D6'},{'D1'},{'D2'},{'D4'},{'D7'},{'R1'},{'R2'},{'R3'},&,2.0,&
{'D3'},{'D5'},{'D6'},{'D1'},{'D2'},{'D4'},{'D7'},{'R1'},{'R3'},{'R2'},&,2.0,&
{'D3'},{'D5'},{'D6'},{'D1'},{'D2'},{'D4'},{'D7'},{'R2'},{'R3'},{'R1'},&,2.0,&
{'D3'},{'D5'},{'D6'},{'D1'},{'D2'},{'D4'},{'D7'},{'R2'},{'R1'},{'R3'},&,1.0,&
{'D3'},{'D5'},{'D6'},{'D1'},{'D2'},{'D4'},{'D7'},{'R3'},{'R2'},{'R1'},&,7.0,&
{'D3'},{'D5'},{'D6'},{'D1'},{'D2'},{'D4'},{'D7'},{'R3'},{'R1'},{'R2'},&,3.0,&
{'D3'},{'D5'},{'D6'},{'D1'},{'D2'},{'D4'},{'R1'},{'D7'},{'R3'},{'R2'},&,1.0,&
{'D3'},{'D5'},{'D6'},{'D1'},{'D2'},{'D7'},{'R3'},{'R2'},{'D4'},{'R1'},&,1.0,&
{'D3'},{'D5'},{'D6'},{'D1'},{'D2'},{'D7'},{'R3'},{'D4'},{'R2'},{'R1'},&,2.0,&
{'D3'},{'D5'},{'D6'},{'D1'},{'D2'},{'D7'},{'D4'},{'R1'},{'R2'},{'R3'},&,3.0,&
{'D3'},{'D5'},{'D6'},{'D1'},{'D2'},{'D7'},{'D4'},{'R1'},{'R3'},{'R2'},&,6.0,&
{'D3'},{'D5'},{'D6'},{'D1'},{'D2'},{'D7'},{'D4'},{'R2'},{'R3'},{'R1'},&,4.0,&
{'D3'},{'D5'},{'D6'},{'D1'},{'D2'},{'D7'},{'D4'},{'R2'},{'R1'},{'R3'},&,1.0,&
{'D3'},{'D5'},{'D6'},{'D1'},{'D2'},{'D7'},{'D4'},{'R3'},{'R2'},{'R1'},&,3.0,&
{'D3'},{'D5'},{'D6'},{'D1'},{'D2'},{'D7'},{'D4'},{'R3'},{'R1'},{'R2'},&,7.0,&
{'D3'},{'D5'},{'D6'},{'D1'},{'D2'},{'D7'},{'R2'},{'D4'},{'R1'},{'R3'},&,1.0,&
{'D3'},{'D5'},{'D6'},{'D1'},{'D2'},{'D7'},{'R1'},{'R3'},{'D4'},{'R2'},&,1.0,&
{'D3'},{'D5'},{'D6'},{'D1'},{'D2'},{'D7'},{'R1'},{'D4'},{'R3'},{'R2'},&,3.0,&
{'D3'},{'D5'},{'D6'},{'D1'},{'D2'},{'R2'},{'D4'},{'R3'},{'D7'},{'R1'},&,1.0,&
{'D3'},{'D5'},{'D6'},{'D1'},{'D2'},{'R3'},{'D7'},{'R2'},{'R1'},{'D4'},&,1.0,&
{'D3'},{'D5'},{'D6'},{'D1'},{'D4'},{'D7'},{'R3'},{'D2'},{'R2'},{'R1'},&,5.0,&
{'D3'},{'D5'},{'D6'},{'D1'},{'D4'},{'D7'},{'R3'},{'D2'},{'R1'},{'R2'},&,5.0,&
{'D3'},{'D5'},{'D6'},{'D1'},{'D4'},{'D7'},{'D2'},{'R1'},{'R2'},{'R3'},&,4.0,&
{'D3'},{'D5'},{'D6'},{'D1'},{'D4'},{'D7'},{'D2'},{'R1'},{'R3'},{'R2'},&,7.0,&
{'D3'},{'D5'},{'D6'},{'D1'},{'D4'},{'D7'},{'D2'},{'R2'},{'R3'},{'R1'},&,5.0,&
{'D3'},{'D5'},{'D6'},{'D1'},{'D4'},{'D7'},{'D2'},{'R2'},{'R1'},{'R3'},&,2.0,&
{'D3'},{'D5'},{'D6'},{'D1'},{'D4'},{'D7'},{'D2'},{'R3'},{'R2'},{'R1'},&,10.0,&
{'D3'},{'D5'},{'D6'},{'D1'},{'D4'},{'D7'},{'D2'},{'R3'},{'R1'},{'R2'},&,15.0,&
{'D3'},{'D5'},{'D6'},{'D1'},{'D4'},{'D7'},{'R2'},{'D2'},{'R3'},{'R1'},&,4.0,&
{'D3'},{'D5'},{'D6'},{'D1'},{'D4'},{'D7'},{'R2'},{'D2'},{'R1'},{'R3'},&,2.0,&
{'D3'},{'D5'},{'D6'},{'D1'},{'D4'},{'D7'},{'R1'},{'R3'},{'D2'},{'R2'},&,1.0,&
{'D3'},{'D5'},{'D6'},{'D1'},{'D4'},{'D2'},{'R3'},{'R1'},{'R2'},{'D7'},&,1.0,&
{'D3'},{'D5'},{'D6'},{'D1'},{'D4'},{'D2'},{'R3'},{'D7'},{'R2'},{'R1'},&,2.0,&
{'D3'},{'D5'},{'D6'},{'D1'},{'D4'},{'D2'},{'R2'},{'D7'},{'R3'},{'R1'},&,1.0,&
{'D3'},{'D5'},{'D6'},{'D1'},{'D4'},{'D2'},{'D7'},{'R1'},{'R2'},{'R3'},&,2.0,&
{'D3'},{'D5'},{'D6'},{'D1'},{'D4'},{'D2'},{'D7'},{'R1'},{'R3'},{'R2'},&,9.0,&
{'D3'},{'D5'},{'D6'},{'D1'},{'D4'},{'D2'},{'D7'},{'R2'},{'R3'},{'R1'},&,3.0,&
{'D3'},{'D5'},{'D6'},{'D1'},{'D4'},{'D2'},{'D7'},{'R2'},{'R1'},{'R3'},&,2.0,&
{'D3'},{'D5'},{'D6'},{'D1'},{'D4'},{'D2'},{'D7'},{'R3'},{'R2'},{'R1'},&,6.0,&
{'D3'},{'D5'},{'D6'},{'D1'},{'D4'},{'D2'},{'D7'},{'R3'},{'R1'},{'R2'},&,8.0,&
{'D3'},{'D5'},{'D6'},{'D1'},{'D4'},{'D2'},{'R1'},{'D7'},{'R3'},{'R2'},&,1.0,&
{'D3'},{'D5'},{'D6'},{'D1'},{'D4'},{'R1'},{'D7'},{'D2'},{'R3'},{'R2'},&,1.0,&
{'D3'},{'D5'},{'D6'},{'D1'},{'D4'},{'R1'},{'D7'},{'R3'},{'D2'},{'R2'},&,1.0,&
{'D3'},{'D5'},{'D6'},{'D1'},{'D4'},{'R3'},{'D2'},{'D7'},{'R1'},{'R2'},&,1.0,&
{'D3'},{'D5'},{'D6'},{'D1'},{'D4'},{'R3'},{'D7'},{'D2'},{'R1'},{'R2'},&,3.0,&
{'D3'},{'D5'},{'D6'},{'D1'},{'D4'},{'R3'},{'D7'},{'R2'},{'D2'},{'R1'},&,1.0,&
{'D3'},{'D5'},{'D6'},{'D1'},{'R3'},{'D4'},{'D7'},{'D2'},{'R2'},{'R1'},&,1.0,&
{'D3'},{'D5'},{'D6'},{'D1'},{'R3'},{'D7'},{'D4'},{'D2'},{'R1'},{'R2'},&,1.0,&
{'D3'},{'D5'},{'D6'},{'D2'},{'D1'},{'D4'},{'R3'},{'D7'},{'R1'},{'R2'},&,5.0,&
{'D3'},{'D5'},{'D6'},{'D2'},{'D1'},{'D4'},{'R2'},{'R1'},{'D7'},{'R3'},&,1.0,&
{'D3'},{'D5'},{'D6'},{'D2'},{'D1'},{'D4'},{'R2'},{'R3'},{'D7'},{'R1'},&,1.0,&
{'D3'},{'D5'},{'D6'},{'D2'},{'D1'},{'D4'},{'D7'},{'R1'},{'R3'},{'R2'},&,4.0,&
{'D3'},{'D5'},{'D6'},{'D2'},{'D1'},{'D4'},{'D7'},{'R2'},{'R3'},{'R1'},&,2.0,&
{'D3'},{'D5'},{'D6'},{'D2'},{'D1'},{'D4'},{'D7'},{'R2'},{'R1'},{'R3'},&,1.0,&
{'D3'},{'D5'},{'D6'},{'D2'},{'D1'},{'D4'},{'D7'},{'R3'},{'R2'},{'R1'},&,3.0,&
{'D3'},{'D5'},{'D6'},{'D2'},{'D1'},{'D4'},{'D7'},{'R3'},{'R1'},{'R2'},&,4.0,&
{'D3'},{'D5'},{'D6'},{'D2'},{'D1'},{'D4'},{'R1'},{'R3'},{'D7'},{'R2'},&,1.0,&
{'D3'},{'D5'},{'D6'},{'D2'},{'D1'},{'D4'},{'R1'},{'D7'},{'R3'},{'R2'},&,1.0,&
{'D3'},{'D5'},{'D6'},{'D2'},{'D1'},{'D7'},{'R3'},{'D4'},{'R2'},{'R1'},&,2.0,&
{'D3'},{'D5'},{'D6'},{'D2'},{'D1'},{'D7'},{'R3'},{'D4'},{'R1'},{'R2'},&,1.0,&
{'D3'},{'D5'},{'D6'},{'D2'},{'D1'},{'D7'},{'D4'},{'R1'},{'R2'},{'R3'},&,1.0,&
{'D3'},{'D5'},{'D6'},{'D2'},{'D1'},{'D7'},{'D4'},{'R1'},{'R3'},{'R2'},&,1.0,&
{'D3'},{'D5'},{'D6'},{'D2'},{'D1'},{'D7'},{'D4'},{'R2'},{'R3'},{'R1'},&,5.0,&
{'D3'},{'D5'},{'D6'},{'D2'},{'D1'},{'D7'},{'D4'},{'R2'},{'R1'},{'R3'},&,2.0,&
{'D3'},{'D5'},{'D6'},{'D2'},{'D1'},{'D7'},{'D4'},{'R3'},{'R2'},{'R1'},&,7.0,&
{'D3'},{'D5'},{'D6'},{'D2'},{'D1'},{'D7'},{'D4'},{'R3'},{'R1'},{'R2'},&,11.0,&
{'D3'},{'D5'},{'D6'},{'D2'},{'D1'},{'D7'},{'R1'},{'R3'},{'D4'},{'R2'},&,2.0,&
{'D3'},{'D5'},{'D6'},{'D2'},{'D1'},{'R1'},{'D7'},{'R2'},{'D4'},{'R3'},&,1.0,&
{'D3'},{'D5'},{'D6'},{'D2'},{'D1'},{'R1'},{'D7'},{'D4'},{'R3'},{'R2'},&,1.0,&
{'D3'},{'D5'},{'D6'},{'D2'},{'D1'},{'R3'},{'D7'},{'D4'},{'R1'},{'R2'},&,1.0,&
{'D3'},{'D5'},{'D6'},{'D2'},{'D7'},{'D4'},{'R3'},{'D1'},{'R2'},{'R1'},&,3.0,&
{'D3'},{'D5'},{'D6'},{'D2'},{'D7'},{'D4'},{'R3'},{'D1'},{'R1'},{'R2'},&,4.0,&
{'D3'},{'D5'},{'D6'},{'D2'},{'D7'},{'D4'},{'D1'},{'R1'},{'R2'},{'R3'},&,2.0,&
{'D3'},{'D5'},{'D6'},{'D2'},{'D7'},{'D4'},{'D1'},{'R1'},{'R3'},{'R2'},&,10.0,&
{'D3'},{'D5'},{'D6'},{'D2'},{'D7'},{'D4'},{'D1'},{'R2'},{'R3'},{'R1'},&,2.0,&
{'D3'},{'D5'},{'D6'},{'D2'},{'D7'},{'D4'},{'D1'},{'R2'},{'R1'},{'R3'},&,5.0,&
{'D3'},{'D5'},{'D6'},{'D2'},{'D7'},{'D4'},{'D1'},{'R3'},{'R2'},{'R1'},&,11.0,&
{'D3'},{'D5'},{'D6'},{'D2'},{'D7'},{'D4'},{'D1'},{'R3'},{'R1'},{'R2'},&,16.0,&
{'D3'},{'D5'},{'D6'},{'D2'},{'D7'},{'D4'},{'R2'},{'D1'},{'R3'},{'R1'},&,1.0,&
{'D3'},{'D5'},{'D6'},{'D2'},{'D7'},{'D4'},{'R2'},{'D1'},{'R1'},{'R3'},&,1.0,&
{'D3'},{'D5'},{'D6'},{'D2'},{'D7'},{'D4'},{'R1'},{'R3'},{'D1'},{'R2'},&,2.0,&
{'D3'},{'D5'},{'D6'},{'D2'},{'D7'},{'D4'},{'R1'},{'D1'},{'R3'},{'R2'},&,2.0,&
{'D3'},{'D5'},{'D6'},{'D2'},{'D7'},{'D1'},{'R3'},{'R1'},{'D4'},{'R2'},&,1.0,&
{'D3'},{'D5'},{'D6'},{'D2'},{'D7'},{'D1'},{'R3'},{'R2'},{'R1'},{'D4'},&,1.0,&
{'D3'},{'D5'},{'D6'},{'D2'},{'D7'},{'D1'},{'R3'},{'D4'},{'R1'},{'R2'},&,2.0,&
{'D3'},{'D5'},{'D6'},{'D2'},{'D7'},{'D1'},{'D4'},{'R1'},{'R2'},{'R3'},&,3.0,&
{'D3'},{'D5'},{'D6'},{'D2'},{'D7'},{'D1'},{'D4'},{'R1'},{'R3'},{'R2'},&,3.0,&
{'D3'},{'D5'},{'D6'},{'D2'},{'D7'},{'D1'},{'D4'},{'R2'},{'R1'},{'R3'},&,1.0,&
{'D3'},{'D5'},{'D6'},{'D2'},{'D7'},{'D1'},{'D4'},{'R3'},{'R2'},{'R1'},&,8.0,&
{'D3'},{'D5'},{'D6'},{'D2'},{'D7'},{'D1'},{'D4'},{'R3'},{'R1'},{'R2'},&,14.0,&
{'D3'},{'D5'},{'D6'},{'D2'},{'D7'},{'D1'},{'R2'},{'D4'},{'R3'},{'R1'},&,1.0,&
{'D3'},{'D5'},{'D6'},{'D2'},{'D7'},{'D1'},{'R1'},{'R3'},{'D4'},{'R2'},&,2.0,&
{'D3'},{'D5'},{'D6'},{'D2'},{'D7'},{'D1'},{'R1'},{'D4'},{'R2'},{'R3'},&,1.0,&
{'D3'},{'D5'},{'D6'},{'D2'},{'D7'},{'D1'},{'R1'},{'D4'},{'R3'},{'R2'},&,1.0,&
{'D3'},{'D5'},{'D6'},{'D2'},{'D7'},{'R1'},{'D1'},{'D4'},{'R3'},{'R2'},&,1.0,&
{'D3'},{'D5'},{'D6'},{'D2'},{'D7'},{'R1'},{'D4'},{'R3'},{'D1'},{'R2'},&,1.0,&
{'D3'},{'D5'},{'D6'},{'D2'},{'D7'},{'R1'},{'D4'},{'D1'},{'R3'},{'R2'},&,2.0,&
{'D3'},{'D5'},{'D6'},{'D2'},{'D7'},{'R3'},{'D4'},{'R1'},{'D1'},{'R2'},&,1.0,&
{'D3'},{'D5'},{'D6'},{'D2'},{'D7'},{'R3'},{'D4'},{'D1'},{'R2'},{'R1'},&,1.0,&
{'D3'},{'D5'},{'D6'},{'D2'},{'D4'},{'D7'},{'R3'},{'R1'},{'D1'},{'R2'},&,1.0,&
{'D3'},{'D5'},{'D6'},{'D2'},{'D4'},{'D7'},{'R3'},{'R2'},{'R1'},{'D1'},&,1.0,&
{'D3'},{'D5'},{'D6'},{'D2'},{'D4'},{'D7'},{'R3'},{'R2'},{'D1'},{'R1'},&,1.0,&
{'D3'},{'D5'},{'D6'},{'D2'},{'D4'},{'D7'},{'R3'},{'D1'},{'R2'},{'R1'},&,2.0,&
{'D3'},{'D5'},{'D6'},{'D2'},{'D4'},{'D7'},{'R3'},{'D1'},{'R1'},{'R2'},&,5.0,&
{'D3'},{'D5'},{'D6'},{'D2'},{'D4'},{'D7'},{'D1'},{'R1'},{'R2'},{'R3'},&,2.0,&
{'D3'},{'D5'},{'D6'},{'D2'},{'D4'},{'D7'},{'D1'},{'R1'},{'R3'},{'R2'},&,5.0,&
{'D3'},{'D5'},{'D6'},{'D2'},{'D4'},{'D7'},{'D1'},{'R2'},{'R3'},{'R1'},&,2.0,&
{'D3'},{'D5'},{'D6'},{'D2'},{'D4'},{'D7'},{'D1'},{'R2'},{'R1'},{'R3'},&,1.0,&
{'D3'},{'D5'},{'D6'},{'D2'},{'D4'},{'D7'},{'D1'},{'R3'},{'R2'},{'R1'},&,4.0,&
{'D3'},{'D5'},{'D6'},{'D2'},{'D4'},{'D7'},{'D1'},{'R3'},{'R1'},{'R2'},&,8.0,&
{'D3'},{'D5'},{'D6'},{'D2'},{'D4'},{'D7'},{'R2'},{'R3'},{'D1'},{'R1'},&,1.0,&
{'D3'},{'D5'},{'D6'},{'D2'},{'D4'},{'D7'},{'R2'},{'D1'},{'R3'},{'R1'},&,5.0,&
{'D3'},{'D5'},{'D6'},{'D2'},{'D4'},{'D7'},{'R2'},{'D1'},{'R1'},{'R3'},&,1.0,&
{'D3'},{'D5'},{'D6'},{'D2'},{'D4'},{'D7'},{'R1'},{'D1'},{'R3'},{'R2'},&,1.0,&
{'D3'},{'D5'},{'D6'},{'D2'},{'D4'},{'D1'},{'R3'},{'R2'},{'D7'},{'R1'},&,1.0,&
{'D3'},{'D5'},{'D6'},{'D2'},{'D4'},{'D1'},{'R3'},{'D7'},{'R2'},{'R1'},&,1.0,&
{'D3'},{'D5'},{'D6'},{'D2'},{'D4'},{'D1'},{'R3'},{'D7'},{'R1'},{'R2'},&,2.0,&
{'D3'},{'D5'},{'D6'},{'D2'},{'D4'},{'D1'},{'R2'},{'D7'},{'R3'},{'R1'},&,1.0,&
{'D3'},{'D5'},{'D6'},{'D2'},{'D4'},{'D1'},{'R2'},{'D7'},{'R1'},{'R3'},&,1.0,&
{'D3'},{'D5'},{'D6'},{'D2'},{'D4'},{'D1'},{'D7'},{'R1'},{'R2'},{'R3'},&,3.0,&
{'D3'},{'D5'},{'D6'},{'D2'},{'D4'},{'D1'},{'D7'},{'R1'},{'R3'},{'R2'},&,5.0,&
{'D3'},{'D5'},{'D6'},{'D2'},{'D4'},{'D1'},{'D7'},{'R2'},{'R3'},{'R1'},&,4.0,&
{'D3'},{'D5'},{'D6'},{'D2'},{'D4'},{'D1'},{'D7'},{'R2'},{'R1'},{'R3'},&,1.0,&
{'D3'},{'D5'},{'D6'},{'D2'},{'D4'},{'D1'},{'D7'},{'R3'},{'R2'},{'R1'},&,8.0,&
{'D3'},{'D5'},{'D6'},{'D2'},{'D4'},{'D1'},{'D7'},{'R3'},{'R1'},{'R2'},&,4.0,&
{'D3'},{'D5'},{'D6'},{'D2'},{'D4'},{'D1'},{'R1'},{'D7'},{'R3'},{'R2'},&,1.0,&
{'D3'},{'D5'},{'D6'},{'D2'},{'D4'},{'R2'},{'D7'},{'D1'},{'R1'},{'R3'},&,1.0,&
{'D3'},{'D5'},{'D6'},{'D2'},{'D4'},{'R3'},{'D1'},{'R2'},{'D7'},{'R1'},&,1.0,&
{'D3'},{'D5'},{'D6'},{'D2'},{'D4'},{'R3'},{'D1'},{'D7'},{'R1'},{'R2'},&,1.0,&
{'D3'},{'D5'},{'D6'},{'D2'},{'D4'},{'R3'},{'R2'},{'D7'},{'D1'},{'R1'},&,1.0,&
{'D3'},{'D5'},{'D6'},{'D2'},{'D4'},{'R3'},{'D7'},{'R1'},{'D1'},{'R2'},&,1.0,&
{'D3'},{'D5'},{'D6'},{'D2'},{'D4'},{'R3'},{'R1'},{'D1'},{'D7'},{'R2'},&,1.0,&
{'D3'},{'D5'},{'D6'},{'D2'},{'R2'},{'D1'},{'D7'},{'R3'},{'D4'},{'R1'},&,1.0,&
{'D3'},{'D5'},{'D6'},{'D2'},{'R1'},{'D4'},{'D1'},{'R2'},{'R3'},{'D7'},&,1.0,&
{'D3'},{'D5'},{'D6'},{'D4'},{'D1'},{'D7'},{'R3'},{'D2'},{'R2'},{'R1'},&,4.0,&
{'D3'},{'D5'},{'D6'},{'D4'},{'D1'},{'D7'},{'R3'},{'D2'},{'R1'},{'R2'},&,2.0,&
{'D3'},{'D5'},{'D6'},{'D4'},{'D1'},{'D7'},{'R3'},{'R1'},{'D2'},{'R2'},&,3.0,&
{'D3'},{'D5'},{'D6'},{'D4'},{'D1'},{'D7'},{'R3'},{'R2'},{'D2'},{'R1'},&,2.0,&
{'D3'},{'D5'},{'D6'},{'D4'},{'D1'},{'D7'},{'D2'},{'R1'},{'R2'},{'R3'},&,1.0,&
{'D3'},{'D5'},{'D6'},{'D4'},{'D1'},{'D7'},{'D2'},{'R1'},{'R3'},{'R2'},&,20.0,&
{'D3'},{'D5'},{'D6'},{'D4'},{'D1'},{'D7'},{'D2'},{'R2'},{'R3'},{'R1'},&,10.0,&
{'D3'},{'D5'},{'D6'},{'D4'},{'D1'},{'D7'},{'D2'},{'R2'},{'R1'},{'R3'},&,8.0,&
{'D3'},{'D5'},{'D6'},{'D4'},{'D1'},{'D7'},{'D2'},{'R3'},{'R2'},{'R1'},&,9.0,&
{'D3'},{'D5'},{'D6'},{'D4'},{'D1'},{'D7'},{'D2'},{'R3'},{'R1'},{'R2'},&,16.0,&
{'D3'},{'D5'},{'D6'},{'D4'},{'D1'},{'D7'},{'R2'},{'D2'},{'R3'},{'R1'},&,2.0,&
{'D3'},{'D5'},{'D6'},{'D4'},{'D1'},{'D7'},{'R2'},{'R1'},{'D2'},{'R3'},&,1.0,&
{'D3'},{'D5'},{'D6'},{'D4'},{'D1'},{'D7'},{'R1'},{'D2'},{'R2'},{'R3'},&,1.0,&
{'D3'},{'D5'},{'D6'},{'D4'},{'D1'},{'D7'},{'R1'},{'D2'},{'R3'},{'R2'},&,3.0,&
{'D3'},{'D5'},{'D6'},{'D4'},{'D1'},{'D7'},{'R1'},{'R3'},{'R2'},{'D2'},&,1.0,&
{'D3'},{'D5'},{'D6'},{'D4'},{'D1'},{'D7'},{'R1'},{'R3'},{'D2'},{'R2'},&,1.0,&
{'D3'},{'D5'},{'D6'},{'D4'},{'D1'},{'D2'},{'R3'},{'R1'},{'R2'},{'D7'},&,1.0,&
{'D3'},{'D5'},{'D6'},{'D4'},{'D1'},{'D2'},{'R3'},{'R2'},{'R1'},{'D7'},&,1.0,&
{'D3'},{'D5'},{'D6'},{'D4'},{'D1'},{'D2'},{'R3'},{'D7'},{'R2'},{'R1'},&,1.0,&
{'D3'},{'D5'},{'D6'},{'D4'},{'D1'},{'D2'},{'R3'},{'D7'},{'R1'},{'R2'},&,2.0,&
{'D3'},{'D5'},{'D6'},{'D4'},{'D1'},{'D2'},{'R2'},{'R1'},{'D7'},{'R3'},&,1.0,&
{'D3'},{'D5'},{'D6'},{'D4'},{'D1'},{'D2'},{'R2'},{'D7'},{'R3'},{'R1'},&,3.0,&
{'D3'},{'D5'},{'D6'},{'D4'},{'D1'},{'D2'},{'R2'},{'D7'},{'R1'},{'R3'},&,1.0,&
{'D3'},{'D5'},{'D6'},{'D4'},{'D1'},{'D2'},{'D7'},{'R1'},{'R3'},{'R2'},&,6.0,&
{'D3'},{'D5'},{'D6'},{'D4'},{'D1'},{'D2'},{'D7'},{'R2'},{'R3'},{'R1'},&,3.0,&
{'D3'},{'D5'},{'D6'},{'D4'},{'D1'},{'D2'},{'D7'},{'R2'},{'R1'},{'R3'},&,2.0,&
{'D3'},{'D5'},{'D6'},{'D4'},{'D1'},{'D2'},{'D7'},{'R3'},{'R2'},{'R1'},&,10.0,&
{'D3'},{'D5'},{'D6'},{'D4'},{'D1'},{'D2'},{'D7'},{'R3'},{'R1'},{'R2'},&,8.0,&
{'D3'},{'D5'},{'D6'},{'D4'},{'D1'},{'D2'},{'R1'},{'R2'},{'D7'},{'R3'},&,1.0,&
{'D3'},{'D5'},{'D6'},{'D4'},{'D1'},{'D2'},{'R1'},{'D7'},{'R3'},{'R2'},&,2.0,&
{'D3'},{'D5'},{'D6'},{'D4'},{'D1'},{'R2'},{'R3'},{'D7'},{'D2'},{'R1'},&,1.0,&
{'D3'},{'D5'},{'D6'},{'D4'},{'D1'},{'R2'},{'D7'},{'D2'},{'R3'},{'R1'},&,1.0,&
{'D3'},{'D5'},{'D6'},{'D4'},{'D1'},{'R2'},{'D7'},{'D2'},{'R1'},{'R3'},&,1.0,&
{'D3'},{'D5'},{'D6'},{'D4'},{'D1'},{'R2'},{'D7'},{'R3'},{'D2'},{'R1'},&,1.0,&
{'D3'},{'D5'},{'D6'},{'D4'},{'D1'},{'R1'},{'D2'},{'R3'},{'D7'},{'R2'},&,2.0,&
{'D3'},{'D5'},{'D6'},{'D4'},{'D1'},{'R1'},{'D7'},{'D2'},{'R2'},{'R3'},&,1.0,&
{'D3'},{'D5'},{'D6'},{'D4'},{'D1'},{'R1'},{'D7'},{'D2'},{'R3'},{'R2'},&,1.0,&
{'D3'},{'D5'},{'D6'},{'D4'},{'D1'},{'R3'},{'D7'},{'D2'},{'R2'},{'R1'},&,1.0,&
{'D3'},{'D5'},{'D6'},{'D4'},{'D1'},{'R3'},{'D7'},{'D2'},{'R1'},{'R2'},&,1.0,&
{'D3'},{'D5'},{'D6'},{'D4'},{'D7'},{'D1'},{'R3'},{'D2'},{'R2'},{'R1'},&,5.0,&
{'D3'},{'D5'},{'D6'},{'D4'},{'D7'},{'D1'},{'R3'},{'D2'},{'R1'},{'R2'},&,7.0,&
{'D3'},{'D5'},{'D6'},{'D4'},{'D7'},{'D1'},{'R3'},{'R2'},{'R1'},{'D2'},&,1.0,&
{'D3'},{'D5'},{'D6'},{'D4'},{'D7'},{'D1'},{'R3'},{'R2'},{'D2'},{'R1'},&,1.0,&
{'D3'},{'D5'},{'D6'},{'D4'},{'D7'},{'D1'},{'D2'},{'R1'},{'R2'},{'R3'},&,8.0,&
{'D3'},{'D5'},{'D6'},{'D4'},{'D7'},{'D1'},{'D2'},{'R1'},{'R3'},{'R2'},&,13.0,&
{'D3'},{'D5'},{'D6'},{'D4'},{'D7'},{'D1'},{'D2'},{'R2'},{'R3'},{'R1'},&,8.0,&
{'D3'},{'D5'},{'D6'},{'D4'},{'D7'},{'D1'},{'D2'},{'R2'},{'R1'},{'R3'},&,2.0,&
{'D3'},{'D5'},{'D6'},{'D4'},{'D7'},{'D1'},{'D2'},{'R3'},{'R2'},{'R1'},&,15.0,&
{'D3'},{'D5'},{'D6'},{'D4'},{'D7'},{'D1'},{'D2'},{'R3'},{'R1'},{'R2'},&,20.0,&
{'D3'},{'D5'},{'D6'},{'D4'},{'D7'},{'D1'},{'R2'},{'D2'},{'R3'},{'R1'},&,5.0,&
{'D3'},{'D5'},{'D6'},{'D4'},{'D7'},{'D1'},{'R2'},{'D2'},{'R1'},{'R3'},&,1.0,&
{'D3'},{'D5'},{'D6'},{'D4'},{'D7'},{'D1'},{'R2'},{'R3'},{'R1'},{'D2'},&,1.0,&
{'D3'},{'D5'},{'D6'},{'D4'},{'D7'},{'D1'},{'R2'},{'R3'},{'D2'},{'R1'},&,1.0,&
{'D3'},{'D5'},{'D6'},{'D4'},{'D7'},{'D1'},{'R1'},{'D2'},{'R2'},{'R3'},&,2.0,&
{'D3'},{'D5'},{'D6'},{'D4'},{'D7'},{'D1'},{'R1'},{'D2'},{'R3'},{'R2'},&,5.0,&
{'D3'},{'D5'},{'D6'},{'D4'},{'D7'},{'D1'},{'R1'},{'R3'},{'R2'},{'D2'},&,1.0,&
{'D3'},{'D5'},{'D6'},{'D4'},{'D7'},{'D2'},{'R3'},{'R2'},{'D1'},{'R1'},&,2.0,&
{'D3'},{'D5'},{'D6'},{'D4'},{'D7'},{'D2'},{'R3'},{'D1'},{'R2'},{'R1'},&,4.0,&
{'D3'},{'D5'},{'D6'},{'D4'},{'D7'},{'D2'},{'R3'},{'D1'},{'R1'},{'R2'},&,4.0,&
{'D3'},{'D5'},{'D6'},{'D4'},{'D7'},{'D2'},{'D1'},{'R1'},{'R2'},{'R3'},&,3.0,&
{'D3'},{'D5'},{'D6'},{'D4'},{'D7'},{'D2'},{'D1'},{'R1'},{'R3'},{'R2'},&,16.0,&
{'D3'},{'D5'},{'D6'},{'D4'},{'D7'},{'D2'},{'D1'},{'R2'},{'R3'},{'R1'},&,12.0,&
{'D3'},{'D5'},{'D6'},{'D4'},{'D7'},{'D2'},{'D1'},{'R2'},{'R1'},{'R3'},&,3.0,&
{'D3'},{'D5'},{'D6'},{'D4'},{'D7'},{'D2'},{'D1'},{'R3'},{'R2'},{'R1'},&,15.0,&
{'D3'},{'D5'},{'D6'},{'D4'},{'D7'},{'D2'},{'D1'},{'R3'},{'R1'},{'R2'},&,21.0,&
{'D3'},{'D5'},{'D6'},{'D4'},{'D7'},{'D2'},{'R2'},{'R3'},{'D1'},{'R1'},&,1.0,&
{'D3'},{'D5'},{'D6'},{'D4'},{'D7'},{'D2'},{'R2'},{'D1'},{'R3'},{'R1'},&,1.0,&
{'D3'},{'D5'},{'D6'},{'D4'},{'D7'},{'D2'},{'R2'},{'D1'},{'R1'},{'R3'},&,1.0,&
{'D3'},{'D5'},{'D6'},{'D4'},{'D7'},{'D2'},{'R1'},{'R2'},{'R3'},{'D1'},&,1.0,&
{'D3'},{'D5'},{'D6'},{'D4'},{'D7'},{'D2'},{'R1'},{'R3'},{'D1'},{'R2'},&,1.0,&
{'D3'},{'D5'},{'D6'},{'D4'},{'D7'},{'D2'},{'R1'},{'D1'},{'R2'},{'R3'},&,3.0,&
{'D3'},{'D5'},{'D6'},{'D4'},{'D7'},{'D2'},{'R1'},{'D1'},{'R3'},{'R2'},&,3.0,&
{'D3'},{'D5'},{'D6'},{'D4'},{'D7'},{'R2'},{'D2'},{'D1'},{'R3'},{'R1'},&,2.0,&
{'D3'},{'D5'},{'D6'},{'D4'},{'D7'},{'R2'},{'D1'},{'D2'},{'R3'},{'R1'},&,1.0,&
{'D3'},{'D5'},{'D6'},{'D4'},{'D7'},{'R1'},{'D1'},{'D2'},{'R2'},{'R3'},&,1.0,&
{'D3'},{'D5'},{'D6'},{'D4'},{'D7'},{'R3'},{'D2'},{'D1'},{'R2'},{'R1'},&,2.0,&
{'D3'},{'D5'},{'D6'},{'D4'},{'D7'},{'R3'},{'D2'},{'D1'},{'R1'},{'R2'},&,5.0,&
{'D3'},{'D5'},{'D6'},{'D4'},{'D7'},{'R3'},{'D1'},{'D2'},{'R2'},{'R1'},&,2.0,&
{'D3'},{'D5'},{'D6'},{'D4'},{'D7'},{'R3'},{'D1'},{'R1'},{'D2'},{'R2'},&,1.0,&
{'D3'},{'D5'},{'D6'},{'D4'},{'D7'},{'R3'},{'D1'},{'R2'},{'D2'},{'R1'},&,1.0,&
{'D3'},{'D5'},{'D6'},{'D4'},{'D7'},{'R3'},{'R1'},{'D2'},{'D1'},{'R2'},&,1.0,&
{'D3'},{'D5'},{'D6'},{'D4'},{'D2'},{'D7'},{'R3'},{'R1'},{'R2'},{'D1'},&,1.0,&
{'D3'},{'D5'},{'D6'},{'D4'},{'D2'},{'D7'},{'R3'},{'R1'},{'D1'},{'R2'},&,1.0,&
{'D3'},{'D5'},{'D6'},{'D4'},{'D2'},{'D7'},{'R3'},{'D1'},{'R2'},{'R1'},&,3.0,&
{'D3'},{'D5'},{'D6'},{'D4'},{'D2'},{'D7'},{'R3'},{'D1'},{'R1'},{'R2'},&,5.0,&
{'D3'},{'D5'},{'D6'},{'D4'},{'D2'},{'D7'},{'D1'},{'R1'},{'R2'},{'R3'},&,5.0,&
{'D3'},{'D5'},{'D6'},{'D4'},{'D2'},{'D7'},{'D1'},{'R1'},{'R3'},{'R2'},&,6.0,&
{'D3'},{'D5'},{'D6'},{'D4'},{'D2'},{'D7'},{'D1'},{'R2'},{'R3'},{'R1'},&,9.0,&
{'D3'},{'D5'},{'D6'},{'D4'},{'D2'},{'D7'},{'D1'},{'R2'},{'R1'},{'R3'},&,2.0,&
{'D3'},{'D5'},{'D6'},{'D4'},{'D2'},{'D7'},{'D1'},{'R3'},{'R2'},{'R1'},&,7.0,&
{'D3'},{'D5'},{'D6'},{'D4'},{'D2'},{'D7'},{'D1'},{'R3'},{'R1'},{'R2'},&,11.0,&
{'D3'},{'D5'},{'D6'},{'D4'},{'D2'},{'D7'},{'R2'},{'D1'},{'R3'},{'R1'},&,2.0,&
{'D3'},{'D5'},{'D6'},{'D4'},{'D2'},{'D7'},{'R2'},{'D1'},{'R1'},{'R3'},&,1.0,&
{'D3'},{'D5'},{'D6'},{'D4'},{'D2'},{'D7'},{'R1'},{'D1'},{'R3'},{'R2'},&,1.0,&
{'D3'},{'D5'},{'D6'},{'D4'},{'D2'},{'D1'},{'R3'},{'R1'},{'D7'},{'R2'},&,1.0,&
{'D3'},{'D5'},{'D6'},{'D4'},{'D2'},{'D1'},{'R3'},{'D7'},{'R2'},{'R1'},&,4.0,&
{'D3'},{'D5'},{'D6'},{'D4'},{'D2'},{'D1'},{'R3'},{'D7'},{'R1'},{'R2'},&,2.0,&
{'D3'},{'D5'},{'D6'},{'D4'},{'D2'},{'D1'},{'R2'},{'R1'},{'D7'},{'R3'},&,1.0,&
{'D3'},{'D5'},{'D6'},{'D4'},{'D2'},{'D1'},{'R2'},{'D7'},{'R3'},{'R1'},&,1.0,&
{'D3'},{'D5'},{'D6'},{'D4'},{'D2'},{'D1'},{'R2'},{'D7'},{'R1'},{'R3'},&,1.0,&
{'D3'},{'D5'},{'D6'},{'D4'},{'D2'},{'D1'},{'D7'},{'R1'},{'R2'},{'R3'},&,2.0,&
{'D3'},{'D5'},{'D6'},{'D4'},{'D2'},{'D1'},{'D7'},{'R1'},{'R3'},{'R2'},&,7.0,&
{'D3'},{'D5'},{'D6'},{'D4'},{'D2'},{'D1'},{'D7'},{'R2'},{'R3'},{'R1'},&,2.0,&
{'D3'},{'D5'},{'D6'},{'D4'},{'D2'},{'D1'},{'D7'},{'R3'},{'R2'},{'R1'},&,12.0,&
{'D3'},{'D5'},{'D6'},{'D4'},{'D2'},{'D1'},{'D7'},{'R3'},{'R1'},{'R2'},&,8.0,&
{'D3'},{'D5'},{'D6'},{'D4'},{'D2'},{'R2'},{'D7'},{'D1'},{'R3'},{'R1'},&,1.0,&
{'D3'},{'D5'},{'D6'},{'D4'},{'D2'},{'R2'},{'D7'},{'D1'},{'R1'},{'R3'},&,1.0,&
{'D3'},{'D5'},{'D6'},{'D4'},{'D2'},{'R1'},{'D7'},{'R3'},{'D1'},{'R2'},&,1.0,&
{'D3'},{'D5'},{'D6'},{'D4'},{'D2'},{'R3'},{'D1'},{'R1'},{'D7'},{'R2'},&,1.0,&
{'D3'},{'D5'},{'D6'},{'D4'},{'R3'},{'D1'},{'D7'},{'D2'},{'R1'},{'R2'},&,1.0,&
{'D3'},{'D5'},{'D6'},{'D4'},{'R3'},{'D2'},{'D1'},{'D7'},{'R1'},{'R2'},&,1.0,&
{'D3'},{'D5'},{'D6'},{'D4'},{'R3'},{'D2'},{'D7'},{'D1'},{'R2'},{'R1'},&,1.0,&
{'D3'},{'D5'},{'D6'},{'D4'},{'R1'},{'D7'},{'D1'},{'D2'},{'R2'},{'R3'},&,1.0,&
{'D3'},{'D5'},{'D6'},{'D4'},{'R1'},{'D1'},{'D7'},{'D2'},{'R3'},{'R2'},&,1.0,&
{'D3'},{'D5'},{'D6'},{'R2'},{'D7'},{'D1'},{'D4'},{'D2'},{'R3'},{'R1'},&,1.0,&
{'D3'},{'D5'},{'D6'},{'R2'},{'D7'},{'D2'},{'D1'},{'D4'},{'R3'},{'R1'},&,1.0,&
{'D3'},{'D5'},{'D6'},{'R2'},{'D4'},{'D7'},{'D2'},{'R1'},{'D1'},{'R3'},&,1.0,&
{'D3'},{'D5'},{'D6'},{'R3'},{'D1'},{'D4'},{'D7'},{'D2'},{'R2'},{'R1'},&,1.0,&
{'D3'},{'D5'},{'D6'},{'R3'},{'D4'},{'D7'},{'D2'},{'D1'},{'R1'},{'R2'},&,1.0,&
{'D3'},{'D5'},{'D6'},{'R3'},{'D4'},{'D7'},{'D1'},{'D2'},{'R2'},{'R1'},&,1.0,&
{'D3'},{'D5'},{'D6'},{'R3'},{'D4'},{'D7'},{'D1'},{'D2'},{'R1'},{'R2'},&,1.0,&
{'D3'},{'D5'},{'D6'},{'R3'},{'D4'},{'D1'},{'D2'},{'D7'},{'R2'},{'R1'},&,1.0,&
{'D3'},{'D5'},{'D1'},{'D7'},{'D2'},{'D6'},{'D4'},{'R1'},{'R3'},{'R2'},&,1.0,&
{'D3'},{'D5'},{'D1'},{'D7'},{'D2'},{'D6'},{'D4'},{'R2'},{'R1'},{'R3'},&,1.0,&
{'D3'},{'D5'},{'D1'},{'D7'},{'D2'},{'D6'},{'D4'},{'R3'},{'R2'},{'R1'},&,4.0,&
{'D3'},{'D5'},{'D1'},{'D7'},{'D2'},{'D6'},{'R2'},{'D4'},{'R3'},{'R1'},&,1.0,&
{'D3'},{'D5'},{'D1'},{'D7'},{'D2'},{'D6'},{'R2'},{'D4'},{'R1'},{'R3'},&,1.0,&
{'D3'},{'D5'},{'D1'},{'D7'},{'D2'},{'D6'},{'R1'},{'R2'},{'R3'},{'D4'},&,1.0,&
{'D3'},{'D5'},{'D1'},{'D7'},{'D2'},{'D4'},{'D6'},{'R1'},{'R3'},{'R2'},&,1.0,&
{'D3'},{'D5'},{'D1'},{'D7'},{'D2'},{'D4'},{'D6'},{'R3'},{'R1'},{'R2'},&,2.0,&
{'D3'},{'D5'},{'D1'},{'D7'},{'D2'},{'R3'},{'D4'},{'D6'},{'R1'},{'R2'},&,1.0,&
{'D3'},{'D5'},{'D1'},{'D7'},{'D2'},{'R3'},{'D6'},{'R2'},{'D4'},{'R1'},&,1.0,&
{'D3'},{'D5'},{'D1'},{'D7'},{'D2'},{'R3'},{'D6'},{'D4'},{'R2'},{'R1'},&,1.0,&
{'D3'},{'D5'},{'D1'},{'D7'},{'D6'},{'D4'},{'R3'},{'D2'},{'R2'},{'R1'},&,2.0,&
{'D3'},{'D5'},{'D1'},{'D7'},{'D6'},{'D4'},{'R3'},{'D2'},{'R1'},{'R2'},&,1.0,&
{'D3'},{'D5'},{'D1'},{'D7'},{'D6'},{'D4'},{'D2'},{'R1'},{'R2'},{'R3'},&,3.0,&
{'D3'},{'D5'},{'D1'},{'D7'},{'D6'},{'D4'},{'D2'},{'R1'},{'R3'},{'R2'},&,6.0,&
{'D3'},{'D5'},{'D1'},{'D7'},{'D6'},{'D4'},{'D2'},{'R2'},{'R3'},{'R1'},&,4.0,&
{'D3'},{'D5'},{'D1'},{'D7'},{'D6'},{'D4'},{'D2'},{'R3'},{'R2'},{'R1'},&,4.0,&
{'D3'},{'D5'},{'D1'},{'D7'},{'D6'},{'D4'},{'D2'},{'R3'},{'R1'},{'R2'},&,7.0,&
{'D3'},{'D5'},{'D1'},{'D7'},{'D6'},{'D4'},{'R2'},{'D2'},{'R3'},{'R1'},&,1.0,&
{'D3'},{'D5'},{'D1'},{'D7'},{'D6'},{'D4'},{'R2'},{'D2'},{'R1'},{'R3'},&,1.0,&
{'D3'},{'D5'},{'D1'},{'D7'},{'D6'},{'D4'},{'R1'},{'D2'},{'R2'},{'R3'},&,1.0,&
{'D3'},{'D5'},{'D1'},{'D7'},{'D6'},{'D4'},{'R1'},{'D2'},{'R3'},{'R2'},&,1.0,&
{'D3'},{'D5'},{'D1'},{'D7'},{'D6'},{'D4'},{'R1'},{'R3'},{'D2'},{'R2'},&,1.0,&
{'D3'},{'D5'},{'D1'},{'D7'},{'D6'},{'D2'},{'R3'},{'D4'},{'R2'},{'R1'},&,1.0,&
{'D3'},{'D5'},{'D1'},{'D7'},{'D6'},{'D2'},{'R3'},{'D4'},{'R1'},{'R2'},&,1.0,&
{'D3'},{'D5'},{'D1'},{'D7'},{'D6'},{'D2'},{'D4'},{'R1'},{'R2'},{'R3'},&,1.0,&
{'D3'},{'D5'},{'D1'},{'D7'},{'D6'},{'D2'},{'D4'},{'R1'},{'R3'},{'R2'},&,4.0,&
{'D3'},{'D5'},{'D1'},{'D7'},{'D6'},{'D2'},{'D4'},{'R2'},{'R3'},{'R1'},&,2.0,&
{'D3'},{'D5'},{'D1'},{'D7'},{'D6'},{'D2'},{'D4'},{'R2'},{'R1'},{'R3'},&,2.0,&
{'D3'},{'D5'},{'D1'},{'D7'},{'D6'},{'D2'},{'D4'},{'R3'},{'R2'},{'R1'},&,1.0,&
{'D3'},{'D5'},{'D1'},{'D7'},{'D6'},{'D2'},{'D4'},{'R3'},{'R1'},{'R2'},&,3.0,&
{'D3'},{'D5'},{'D1'},{'D7'},{'D6'},{'D2'},{'R2'},{'D4'},{'R3'},{'R1'},&,1.0,&
{'D3'},{'D5'},{'D1'},{'D7'},{'D6'},{'D2'},{'R1'},{'D4'},{'R3'},{'R2'},&,1.0,&
{'D3'},{'D5'},{'D1'},{'D7'},{'D6'},{'R3'},{'D4'},{'D2'},{'R1'},{'R2'},&,1.0,&
{'D3'},{'D5'},{'D1'},{'D7'},{'D4'},{'D6'},{'R3'},{'D2'},{'R1'},{'R2'},&,2.0,&
{'D3'},{'D5'},{'D1'},{'D7'},{'D4'},{'D6'},{'D2'},{'R1'},{'R3'},{'R2'},&,3.0,&
{'D3'},{'D5'},{'D1'},{'D7'},{'D4'},{'D6'},{'D2'},{'R2'},{'R3'},{'R1'},&,2.0,&
{'D3'},{'D5'},{'D1'},{'D7'},{'D4'},{'D6'},{'D2'},{'R3'},{'R2'},{'R1'},&,7.0,&
{'D3'},{'D5'},{'D1'},{'D7'},{'D4'},{'D6'},{'D2'},{'R3'},{'R1'},{'R2'},&,3.0,&
{'D3'},{'D5'},{'D1'},{'D7'},{'D4'},{'D6'},{'R1'},{'D2'},{'R3'},{'R2'},&,1.0,&
{'D3'},{'D5'},{'D1'},{'D7'},{'D4'},{'D2'},{'R3'},{'R1'},{'R2'},{'D6'},&,1.0,&
{'D3'},{'D5'},{'D1'},{'D7'},{'D4'},{'D2'},{'R2'},{'D6'},{'R3'},{'R1'},&,2.0,&
{'D3'},{'D5'},{'D1'},{'D7'},{'D4'},{'D2'},{'D6'},{'R1'},{'R3'},{'R2'},&,1.0,&
{'D3'},{'D5'},{'D1'},{'D7'},{'D4'},{'D2'},{'D6'},{'R3'},{'R2'},{'R1'},&,2.0,&
{'D3'},{'D5'},{'D1'},{'D7'},{'D4'},{'R1'},{'D2'},{'D6'},{'R3'},{'R2'},&,1.0,&
{'D3'},{'D5'},{'D1'},{'D7'},{'D4'},{'R3'},{'D6'},{'D2'},{'R1'},{'R2'},&,1.0,&
{'D3'},{'D5'},{'D1'},{'D7'},{'D4'},{'R3'},{'D6'},{'R2'},{'D2'},{'R1'},&,1.0,&
{'D3'},{'D5'},{'D1'},{'D2'},{'D7'},{'D6'},{'R3'},{'D4'},{'R2'},{'R1'},&,1.0,&
{'D3'},{'D5'},{'D1'},{'D2'},{'D7'},{'D6'},{'R3'},{'D4'},{'R1'},{'R2'},&,1.0,&
{'D3'},{'D5'},{'D1'},{'D2'},{'D7'},{'D6'},{'D4'},{'R1'},{'R2'},{'R3'},&,2.0,&
{'D3'},{'D5'},{'D1'},{'D2'},{'D7'},{'D6'},{'D4'},{'R2'},{'R3'},{'R1'},&,2.0,&
{'D3'},{'D5'},{'D1'},{'D2'},{'D7'},{'D6'},{'D4'},{'R3'},{'R2'},{'R1'},&,1.0,&
{'D3'},{'D5'},{'D1'},{'D2'},{'D7'},{'D6'},{'D4'},{'R3'},{'R1'},{'R2'},&,2.0,&
{'D3'},{'D5'},{'D1'},{'D2'},{'D7'},{'D6'},{'R2'},{'D4'},{'R3'},{'R1'},&,1.0,&
{'D3'},{'D5'},{'D1'},{'D2'},{'D7'},{'D4'},{'R3'},{'D6'},{'R2'},{'R1'},&,1.0,&
{'D3'},{'D5'},{'D1'},{'D2'},{'D7'},{'D4'},{'R3'},{'D6'},{'R1'},{'R2'},&,1.0,&
{'D3'},{'D5'},{'D1'},{'D2'},{'D7'},{'D4'},{'D6'},{'R2'},{'R3'},{'R1'},&,1.0,&
{'D3'},{'D5'},{'D1'},{'D2'},{'D7'},{'D4'},{'D6'},{'R3'},{'R2'},{'R1'},&,2.0,&
{'D3'},{'D5'},{'D1'},{'D2'},{'D7'},{'R3'},{'D4'},{'R1'},{'D6'},{'R2'},&,1.0,&
{'D3'},{'D5'},{'D1'},{'D2'},{'D6'},{'D4'},{'R3'},{'D7'},{'R2'},{'R1'},&,1.0,&
{'D3'},{'D5'},{'D1'},{'D2'},{'D6'},{'D4'},{'D7'},{'R2'},{'R3'},{'R1'},&,1.0,&
{'D3'},{'D5'},{'D1'},{'D2'},{'D6'},{'D4'},{'D7'},{'R3'},{'R2'},{'R1'},&,2.0,&
{'D3'},{'D5'},{'D1'},{'D2'},{'D6'},{'D4'},{'D7'},{'R3'},{'R1'},{'R2'},&,1.0,&
{'D3'},{'D5'},{'D1'},{'D2'},{'D6'},{'D4'},{'R1'},{'R2'},{'D7'},{'R3'},&,1.0,&
{'D3'},{'D5'},{'D1'},{'D2'},{'D6'},{'D7'},{'R3'},{'D4'},{'R2'},{'R1'},&,1.0,&
{'D3'},{'D5'},{'D1'},{'D2'},{'D6'},{'D7'},{'D4'},{'R1'},{'R3'},{'R2'},&,3.0,&
{'D3'},{'D5'},{'D1'},{'D2'},{'D6'},{'D7'},{'D4'},{'R2'},{'R3'},{'R1'},&,1.0,&
{'D3'},{'D5'},{'D1'},{'D2'},{'D6'},{'D7'},{'D4'},{'R2'},{'R1'},{'R3'},&,1.0,&
{'D3'},{'D5'},{'D1'},{'D2'},{'D6'},{'D7'},{'D4'},{'R3'},{'R2'},{'R1'},&,1.0,&
{'D3'},{'D5'},{'D1'},{'D2'},{'D6'},{'D7'},{'D4'},{'R3'},{'R1'},{'R2'},&,2.0,&
{'D3'},{'D5'},{'D1'},{'D2'},{'D6'},{'D7'},{'R2'},{'R1'},{'D4'},{'R3'},&,1.0,&
{'D3'},{'D5'},{'D1'},{'D2'},{'D6'},{'R2'},{'R3'},{'D7'},{'R1'},{'D4'},&,1.0,&
{'D3'},{'D5'},{'D1'},{'D2'},{'D6'},{'R1'},{'D7'},{'D4'},{'R3'},{'R2'},&,1.0,&
{'D3'},{'D5'},{'D1'},{'D2'},{'D4'},{'D6'},{'R3'},{'R1'},{'D7'},{'R2'},&,1.0,&
{'D3'},{'D5'},{'D1'},{'D2'},{'D4'},{'D6'},{'D7'},{'R1'},{'R2'},{'R3'},&,1.0,&
{'D3'},{'D5'},{'D1'},{'D2'},{'D4'},{'D6'},{'D7'},{'R1'},{'R3'},{'R2'},&,3.0,&
{'D3'},{'D5'},{'D1'},{'D2'},{'D4'},{'D6'},{'D7'},{'R3'},{'R1'},{'R2'},&,3.0,&
{'D3'},{'D5'},{'D1'},{'D2'},{'D4'},{'D7'},{'D6'},{'R3'},{'R1'},{'R2'},&,1.0,&
{'D3'},{'D5'},{'D1'},{'D2'},{'R1'},{'D4'},{'D6'},{'R3'},{'D7'},{'R2'},&,1.0,&
{'D3'},{'D5'},{'D1'},{'D2'},{'R1'},{'D4'},{'D7'},{'D6'},{'R3'},{'R2'},&,1.0,&
{'D3'},{'D5'},{'D1'},{'D6'},{'D7'},{'D4'},{'R3'},{'D2'},{'R2'},{'R1'},&,2.0,&
{'D3'},{'D5'},{'D1'},{'D6'},{'D7'},{'D4'},{'R3'},{'D2'},{'R1'},{'R2'},&,3.0,&
{'D3'},{'D5'},{'D1'},{'D6'},{'D7'},{'D4'},{'D2'},{'R1'},{'R2'},{'R3'},&,1.0,&
{'D3'},{'D5'},{'D1'},{'D6'},{'D7'},{'D4'},{'D2'},{'R1'},{'R3'},{'R2'},&,2.0,&
{'D3'},{'D5'},{'D1'},{'D6'},{'D7'},{'D4'},{'D2'},{'R2'},{'R3'},{'R1'},&,2.0,&
{'D3'},{'D5'},{'D1'},{'D6'},{'D7'},{'D4'},{'D2'},{'R2'},{'R1'},{'R3'},&,1.0,&
{'D3'},{'D5'},{'D1'},{'D6'},{'D7'},{'D4'},{'D2'},{'R3'},{'R2'},{'R1'},&,7.0,&
{'D3'},{'D5'},{'D1'},{'D6'},{'D7'},{'D4'},{'D2'},{'R3'},{'R1'},{'R2'},&,16.0,&
{'D3'},{'D5'},{'D1'},{'D6'},{'D7'},{'D4'},{'R2'},{'D2'},{'R3'},{'R1'},&,2.0,&
{'D3'},{'D5'},{'D1'},{'D6'},{'D7'},{'D4'},{'R2'},{'D2'},{'R1'},{'R3'},&,2.0,&
{'D3'},{'D5'},{'D1'},{'D6'},{'D7'},{'D2'},{'R3'},{'R1'},{'D4'},{'R2'},&,1.0,&
{'D3'},{'D5'},{'D1'},{'D6'},{'D7'},{'D2'},{'D4'},{'R1'},{'R2'},{'R3'},&,1.0,&
{'D3'},{'D5'},{'D1'},{'D6'},{'D7'},{'D2'},{'D4'},{'R1'},{'R3'},{'R2'},&,4.0,&
{'D3'},{'D5'},{'D1'},{'D6'},{'D7'},{'D2'},{'D4'},{'R2'},{'R3'},{'R1'},&,6.0,&
{'D3'},{'D5'},{'D1'},{'D6'},{'D7'},{'D2'},{'D4'},{'R2'},{'R1'},{'R3'},&,1.0,&
{'D3'},{'D5'},{'D1'},{'D6'},{'D7'},{'D2'},{'D4'},{'R3'},{'R2'},{'R1'},&,3.0,&
{'D3'},{'D5'},{'D1'},{'D6'},{'D7'},{'D2'},{'D4'},{'R3'},{'R1'},{'R2'},&,15.0,&
{'D3'},{'D5'},{'D1'},{'D6'},{'D7'},{'D2'},{'R2'},{'D4'},{'R1'},{'R3'},&,1.0,&
{'D3'},{'D5'},{'D1'},{'D6'},{'D7'},{'D2'},{'R1'},{'R3'},{'D4'},{'R2'},&,1.0,&
{'D3'},{'D5'},{'D1'},{'D6'},{'D7'},{'R2'},{'D4'},{'D2'},{'R3'},{'R1'},&,3.0,&
{'D3'},{'D5'},{'D1'},{'D6'},{'D7'},{'R2'},{'D4'},{'D2'},{'R1'},{'R3'},&,2.0,&
{'D3'},{'D5'},{'D1'},{'D6'},{'D7'},{'R1'},{'D2'},{'R3'},{'D4'},{'R2'},&,2.0,&
{'D3'},{'D5'},{'D1'},{'D6'},{'D7'},{'R1'},{'D4'},{'D2'},{'R3'},{'R2'},&,1.0,&
{'D3'},{'D5'},{'D1'},{'D6'},{'D7'},{'R3'},{'D4'},{'D2'},{'R2'},{'R1'},&,1.0,&
{'D3'},{'D5'},{'D1'},{'D6'},{'D7'},{'R3'},{'D4'},{'R2'},{'D2'},{'R1'},&,1.0,&
{'D3'},{'D5'},{'D1'},{'D6'},{'D7'},{'R3'},{'R1'},{'D4'},{'D2'},{'R2'},&,1.0,&
{'D3'},{'D5'},{'D1'},{'D6'},{'D2'},{'D4'},{'R3'},{'R1'},{'R2'},{'D7'},&,1.0,&
{'D3'},{'D5'},{'D1'},{'D6'},{'D2'},{'D4'},{'R3'},{'R2'},{'D7'},{'R1'},&,2.0,&
{'D3'},{'D5'},{'D1'},{'D6'},{'D2'},{'D4'},{'R3'},{'D7'},{'R1'},{'R2'},&,2.0,&
{'D3'},{'D5'},{'D1'},{'D6'},{'D2'},{'D4'},{'R2'},{'D7'},{'R1'},{'R3'},&,1.0,&
{'D3'},{'D5'},{'D1'},{'D6'},{'D2'},{'D4'},{'D7'},{'R1'},{'R3'},{'R2'},&,3.0,&
{'D3'},{'D5'},{'D1'},{'D6'},{'D2'},{'D4'},{'D7'},{'R2'},{'R3'},{'R1'},&,3.0,&
{'D3'},{'D5'},{'D1'},{'D6'},{'D2'},{'D4'},{'D7'},{'R3'},{'R2'},{'R1'},&,3.0,&
{'D3'},{'D5'},{'D1'},{'D6'},{'D2'},{'D4'},{'D7'},{'R3'},{'R1'},{'R2'},&,3.0,&
{'D3'},{'D5'},{'D1'},{'D6'},{'D2'},{'D4'},{'R1'},{'D7'},{'R3'},{'R2'},&,1.0,&
{'D3'},{'D5'},{'D1'},{'D6'},{'D2'},{'D7'},{'R3'},{'R1'},{'R2'},{'D4'},&,1.0,&
{'D3'},{'D5'},{'D1'},{'D6'},{'D2'},{'D7'},{'R3'},{'R1'},{'D4'},{'R2'},&,1.0,&
{'D3'},{'D5'},{'D1'},{'D6'},{'D2'},{'D7'},{'R3'},{'R2'},{'R1'},{'D4'},&,1.0,&
{'D3'},{'D5'},{'D1'},{'D6'},{'D2'},{'D7'},{'R3'},{'D4'},{'R2'},{'R1'},&,2.0,&
{'D3'},{'D5'},{'D1'},{'D6'},{'D2'},{'D7'},{'R3'},{'D4'},{'R1'},{'R2'},&,5.0,&
{'D3'},{'D5'},{'D1'},{'D6'},{'D2'},{'D7'},{'D4'},{'R1'},{'R2'},{'R3'},&,1.0,&
{'D3'},{'D5'},{'D1'},{'D6'},{'D2'},{'D7'},{'D4'},{'R1'},{'R3'},{'R2'},&,1.0,&
{'D3'},{'D5'},{'D1'},{'D6'},{'D2'},{'D7'},{'D4'},{'R2'},{'R3'},{'R1'},&,3.0,&
{'D3'},{'D5'},{'D1'},{'D6'},{'D2'},{'D7'},{'D4'},{'R2'},{'R1'},{'R3'},&,2.0,&
{'D3'},{'D5'},{'D1'},{'D6'},{'D2'},{'D7'},{'D4'},{'R3'},{'R2'},{'R1'},&,7.0,&
{'D3'},{'D5'},{'D1'},{'D6'},{'D2'},{'D7'},{'D4'},{'R3'},{'R1'},{'R2'},&,4.0,&
{'D3'},{'D5'},{'D1'},{'D6'},{'D2'},{'D7'},{'R2'},{'D4'},{'R3'},{'R1'},&,3.0,&
{'D3'},{'D5'},{'D1'},{'D6'},{'D2'},{'D7'},{'R1'},{'R2'},{'R3'},{'D4'},&,1.0,&
{'D3'},{'D5'},{'D1'},{'D6'},{'D2'},{'D7'},{'R1'},{'R3'},{'D4'},{'R2'},&,1.0,&
{'D3'},{'D5'},{'D1'},{'D6'},{'D2'},{'D7'},{'R1'},{'D4'},{'R3'},{'R2'},&,3.0,&
{'D3'},{'D5'},{'D1'},{'D6'},{'D2'},{'R2'},{'D7'},{'D4'},{'R3'},{'R1'},&,1.0,&
{'D3'},{'D5'},{'D1'},{'D6'},{'D4'},{'D7'},{'R3'},{'D2'},{'R2'},{'R1'},&,2.0,&
{'D3'},{'D5'},{'D1'},{'D6'},{'D4'},{'D7'},{'R3'},{'R1'},{'D2'},{'R2'},&,1.0,&
{'D3'},{'D5'},{'D1'},{'D6'},{'D4'},{'D7'},{'D2'},{'R1'},{'R2'},{'R3'},&,1.0,&
{'D3'},{'D5'},{'D1'},{'D6'},{'D4'},{'D7'},{'D2'},{'R1'},{'R3'},{'R2'},&,8.0,&
{'D3'},{'D5'},{'D1'},{'D6'},{'D4'},{'D7'},{'D2'},{'R2'},{'R3'},{'R1'},&,3.0,&
{'D3'},{'D5'},{'D1'},{'D6'},{'D4'},{'D7'},{'D2'},{'R2'},{'R1'},{'R3'},&,4.0,&
{'D3'},{'D5'},{'D1'},{'D6'},{'D4'},{'D7'},{'D2'},{'R3'},{'R2'},{'R1'},&,9.0,&
{'D3'},{'D5'},{'D1'},{'D6'},{'D4'},{'D7'},{'D2'},{'R3'},{'R1'},{'R2'},&,13.0,&
{'D3'},{'D5'},{'D1'},{'D6'},{'D4'},{'D7'},{'R2'},{'D2'},{'R3'},{'R1'},&,2.0,&
{'D3'},{'D5'},{'D1'},{'D6'},{'D4'},{'D7'},{'R2'},{'D2'},{'R1'},{'R3'},&,1.0,&
{'D3'},{'D5'},{'D1'},{'D6'},{'D4'},{'D7'},{'R1'},{'D2'},{'R3'},{'R2'},&,1.0,&
{'D3'},{'D5'},{'D1'},{'D6'},{'D4'},{'D7'},{'R1'},{'R2'},{'D2'},{'R3'},&,1.0,&
{'D3'},{'D5'},{'D1'},{'D6'},{'D4'},{'D2'},{'R3'},{'R1'},{'D7'},{'R2'},&,1.0,&
{'D3'},{'D5'},{'D1'},{'D6'},{'D4'},{'D2'},{'R3'},{'D7'},{'R2'},{'R1'},&,2.0,&
{'D3'},{'D5'},{'D1'},{'D6'},{'D4'},{'D2'},{'R2'},{'R3'},{'D7'},{'R1'},&,1.0,&
{'D3'},{'D5'},{'D1'},{'D6'},{'D4'},{'D2'},{'R2'},{'D7'},{'R1'},{'R3'},&,2.0,&
{'D3'},{'D5'},{'D1'},{'D6'},{'D4'},{'D2'},{'D7'},{'R1'},{'R3'},{'R2'},&,4.0,&
{'D3'},{'D5'},{'D1'},{'D6'},{'D4'},{'D2'},{'D7'},{'R2'},{'R3'},{'R1'},&,1.0,&
{'D3'},{'D5'},{'D1'},{'D6'},{'D4'},{'D2'},{'D7'},{'R2'},{'R1'},{'R3'},&,1.0,&
{'D3'},{'D5'},{'D1'},{'D6'},{'D4'},{'D2'},{'D7'},{'R3'},{'R2'},{'R1'},&,10.0,&
{'D3'},{'D5'},{'D1'},{'D6'},{'D4'},{'D2'},{'D7'},{'R3'},{'R1'},{'R2'},&,9.0,&
{'D3'},{'D5'},{'D1'},{'D6'},{'D4'},{'D2'},{'R1'},{'D7'},{'R3'},{'R2'},&,1.0,&
{'D3'},{'D5'},{'D1'},{'D6'},{'D4'},{'R3'},{'D2'},{'D7'},{'R1'},{'R2'},&,2.0,&
{'D3'},{'D5'},{'D1'},{'D6'},{'D4'},{'R3'},{'D7'},{'D2'},{'R2'},{'R1'},&,1.0,&
{'D3'},{'D5'},{'D1'},{'D6'},{'R3'},{'D2'},{'D4'},{'D7'},{'R2'},{'R1'},&,1.0,&
{'D3'},{'D5'},{'D1'},{'D6'},{'R2'},{'D2'},{'D7'},{'D4'},{'R1'},{'R3'},&,1.0,&
{'D3'},{'D5'},{'D1'},{'D6'},{'R2'},{'D2'},{'R1'},{'D7'},{'R3'},{'D4'},&,1.0,&
{'D3'},{'D5'},{'D1'},{'D4'},{'D7'},{'D6'},{'R3'},{'D2'},{'R2'},{'R1'},&,2.0,&
{'D3'},{'D5'},{'D1'},{'D4'},{'D7'},{'D6'},{'R3'},{'R1'},{'D2'},{'R2'},&,1.0,&
{'D3'},{'D5'},{'D1'},{'D4'},{'D7'},{'D6'},{'R3'},{'R2'},{'D2'},{'R1'},&,1.0,&
{'D3'},{'D5'},{'D1'},{'D4'},{'D7'},{'D6'},{'D2'},{'R1'},{'R2'},{'R3'},&,2.0,&
{'D3'},{'D5'},{'D1'},{'D4'},{'D7'},{'D6'},{'D2'},{'R3'},{'R2'},{'R1'},&,6.0,&
{'D3'},{'D5'},{'D1'},{'D4'},{'D7'},{'D6'},{'D2'},{'R3'},{'R1'},{'R2'},&,1.0,&
{'D3'},{'D5'},{'D1'},{'D4'},{'D7'},{'D6'},{'R2'},{'D2'},{'R3'},{'R1'},&,2.0,&
{'D3'},{'D5'},{'D1'},{'D4'},{'D7'},{'D6'},{'R2'},{'R3'},{'D2'},{'R1'},&,1.0,&
{'D3'},{'D5'},{'D1'},{'D4'},{'D7'},{'D6'},{'R1'},{'D2'},{'R3'},{'R2'},&,1.0,&
{'D3'},{'D5'},{'D1'},{'D4'},{'D7'},{'D2'},{'R3'},{'D6'},{'R1'},{'R2'},&,1.0,&
{'D3'},{'D5'},{'D1'},{'D4'},{'D7'},{'D2'},{'D6'},{'R3'},{'R2'},{'R1'},&,1.0,&
{'D3'},{'D5'},{'D1'},{'D4'},{'D7'},{'D2'},{'D6'},{'R3'},{'R1'},{'R2'},&,1.0,&
{'D3'},{'D5'},{'D1'},{'D4'},{'D7'},{'R1'},{'D6'},{'D2'},{'R2'},{'R3'},&,1.0,&
{'D3'},{'D5'},{'D1'},{'D4'},{'D7'},{'R1'},{'D6'},{'D2'},{'R3'},{'R2'},&,1.0,&
{'D3'},{'D5'},{'D1'},{'D4'},{'D2'},{'D6'},{'D7'},{'R1'},{'R3'},{'R2'},&,1.0,&
{'D3'},{'D5'},{'D1'},{'D4'},{'D2'},{'D6'},{'D7'},{'R3'},{'R2'},{'R1'},&,3.0,&
{'D3'},{'D5'},{'D1'},{'D4'},{'D2'},{'D6'},{'D7'},{'R3'},{'R1'},{'R2'},&,4.0,&
{'D3'},{'D5'},{'D1'},{'D4'},{'D2'},{'D7'},{'R3'},{'R1'},{'D6'},{'R2'},&,1.0,&
{'D3'},{'D5'},{'D1'},{'D4'},{'D2'},{'D7'},{'D6'},{'R1'},{'R3'},{'R2'},&,1.0,&
{'D3'},{'D5'},{'D1'},{'D4'},{'D2'},{'D7'},{'D6'},{'R3'},{'R2'},{'R1'},&,1.0,&
{'D3'},{'D5'},{'D1'},{'D4'},{'D2'},{'D7'},{'D6'},{'R3'},{'R1'},{'R2'},&,2.0,&
{'D3'},{'D5'},{'D1'},{'D4'},{'D2'},{'R2'},{'D6'},{'D7'},{'R1'},{'R3'},&,1.0,&
{'D3'},{'D5'},{'D1'},{'D4'},{'D6'},{'D7'},{'R3'},{'D2'},{'R2'},{'R1'},&,1.0,&
{'D3'},{'D5'},{'D1'},{'D4'},{'D6'},{'D7'},{'R3'},{'D2'},{'R1'},{'R2'},&,2.0,&
{'D3'},{'D5'},{'D1'},{'D4'},{'D6'},{'D7'},{'R3'},{'R1'},{'R2'},{'D2'},&,1.0,&
{'D3'},{'D5'},{'D1'},{'D4'},{'D6'},{'D7'},{'R3'},{'R2'},{'D2'},{'R1'},&,1.0,&
{'D3'},{'D5'},{'D1'},{'D4'},{'D6'},{'D7'},{'D2'},{'R1'},{'R2'},{'R3'},&,2.0,&
{'D3'},{'D5'},{'D1'},{'D4'},{'D6'},{'D7'},{'D2'},{'R1'},{'R3'},{'R2'},&,7.0,&
{'D3'},{'D5'},{'D1'},{'D4'},{'D6'},{'D7'},{'D2'},{'R2'},{'R3'},{'R1'},&,1.0,&
{'D3'},{'D5'},{'D1'},{'D4'},{'D6'},{'D7'},{'D2'},{'R2'},{'R1'},{'R3'},&,3.0,&
{'D3'},{'D5'},{'D1'},{'D4'},{'D6'},{'D7'},{'D2'},{'R3'},{'R2'},{'R1'},&,9.0,&
{'D3'},{'D5'},{'D1'},{'D4'},{'D6'},{'D7'},{'D2'},{'R3'},{'R1'},{'R2'},&,18.0,&
{'D3'},{'D5'},{'D1'},{'D4'},{'D6'},{'D7'},{'R2'},{'D2'},{'R3'},{'R1'},&,1.0,&
{'D3'},{'D5'},{'D1'},{'D4'},{'D6'},{'D7'},{'R1'},{'D2'},{'R2'},{'R3'},&,1.0,&
{'D3'},{'D5'},{'D1'},{'D4'},{'D6'},{'D7'},{'R1'},{'R3'},{'D2'},{'R2'},&,1.0,&
{'D3'},{'D5'},{'D1'},{'D4'},{'D6'},{'D2'},{'R2'},{'R1'},{'D7'},{'R3'},&,1.0,&
{'D3'},{'D5'},{'D1'},{'D4'},{'D6'},{'D2'},{'R2'},{'R3'},{'D7'},{'R1'},&,1.0,&
{'D3'},{'D5'},{'D1'},{'D4'},{'D6'},{'D2'},{'R2'},{'D7'},{'R3'},{'R1'},&,1.0,&
{'D3'},{'D5'},{'D1'},{'D4'},{'D6'},{'D2'},{'D7'},{'R1'},{'R2'},{'R3'},&,2.0,&
{'D3'},{'D5'},{'D1'},{'D4'},{'D6'},{'D2'},{'D7'},{'R1'},{'R3'},{'R2'},&,2.0,&
{'D3'},{'D5'},{'D1'},{'D4'},{'D6'},{'D2'},{'D7'},{'R2'},{'R3'},{'R1'},&,2.0,&
{'D3'},{'D5'},{'D1'},{'D4'},{'D6'},{'D2'},{'D7'},{'R3'},{'R2'},{'R1'},&,5.0,&
{'D3'},{'D5'},{'D1'},{'D4'},{'D6'},{'D2'},{'D7'},{'R3'},{'R1'},{'R2'},&,4.0,&
{'D3'},{'D5'},{'D1'},{'D4'},{'D6'},{'R3'},{'D2'},{'D7'},{'R1'},{'R2'},&,2.0,&
{'D3'},{'D5'},{'D1'},{'D4'},{'D6'},{'R3'},{'R1'},{'D7'},{'D2'},{'R2'},&,1.0,&
{'D3'},{'D5'},{'D1'},{'D4'},{'R3'},{'D6'},{'D7'},{'D2'},{'R2'},{'R1'},&,1.0,&
{'D3'},{'D5'},{'D1'},{'D4'},{'R3'},{'D2'},{'D7'},{'D6'},{'R1'},{'R2'},&,1.0,&
{'D3'},{'D5'},{'D1'},{'D4'},{'R2'},{'D6'},{'D7'},{'D2'},{'R3'},{'R1'},&,1.0,&
{'D3'},{'D5'},{'D1'},{'R3'},{'D2'},{'D4'},{'D6'},{'D7'},{'R1'},{'R2'},&,1.0,&
{'D3'},{'D5'},{'D7'},{'D1'},{'D2'},{'D6'},{'D4'},{'R1'},{'R3'},{'R2'},&,1.0,&
{'D3'},{'D5'},{'D7'},{'D1'},{'D2'},{'D6'},{'D4'},{'R2'},{'R3'},{'R1'},&,2.0,&
{'D3'},{'D5'},{'D7'},{'D1'},{'D2'},{'D6'},{'D4'},{'R3'},{'R2'},{'R1'},&,3.0,&
{'D3'},{'D5'},{'D7'},{'D1'},{'D2'},{'D6'},{'D4'},{'R3'},{'R1'},{'R2'},&,4.0,&
{'D3'},{'D5'},{'D7'},{'D1'},{'D2'},{'D6'},{'R2'},{'R1'},{'D4'},{'R3'},&,1.0,&
{'D3'},{'D5'},{'D7'},{'D1'},{'D2'},{'D6'},{'R1'},{'R3'},{'R2'},{'D4'},&,1.0,&
{'D3'},{'D5'},{'D7'},{'D1'},{'D2'},{'D4'},{'R3'},{'R2'},{'D6'},{'R1'},&,1.0,&
{'D3'},{'D5'},{'D7'},{'D1'},{'D2'},{'D4'},{'R3'},{'D6'},{'R1'},{'R2'},&,1.0,&
{'D3'},{'D5'},{'D7'},{'D1'},{'D2'},{'D4'},{'D6'},{'R1'},{'R3'},{'R2'},&,1.0,&
{'D3'},{'D5'},{'D7'},{'D1'},{'D2'},{'D4'},{'D6'},{'R3'},{'R1'},{'R2'},&,2.0,&
{'D3'},{'D5'},{'D7'},{'D1'},{'D2'},{'R3'},{'D6'},{'D4'},{'R1'},{'R2'},&,1.0,&
{'D3'},{'D5'},{'D7'},{'D1'},{'D6'},{'D4'},{'R3'},{'D2'},{'R2'},{'R1'},&,4.0,&
{'D3'},{'D5'},{'D7'},{'D1'},{'D6'},{'D4'},{'R3'},{'D2'},{'R1'},{'R2'},&,1.0,&
{'D3'},{'D5'},{'D7'},{'D1'},{'D6'},{'D4'},{'R3'},{'R1'},{'D2'},{'R2'},&,1.0,&
{'D3'},{'D5'},{'D7'},{'D1'},{'D6'},{'D4'},{'D2'},{'R1'},{'R3'},{'R2'},&,10.0,&
{'D3'},{'D5'},{'D7'},{'D1'},{'D6'},{'D4'},{'D2'},{'R2'},{'R3'},{'R1'},&,3.0,&
{'D3'},{'D5'},{'D7'},{'D1'},{'D6'},{'D4'},{'D2'},{'R2'},{'R1'},{'R3'},&,1.0,&
{'D3'},{'D5'},{'D7'},{'D1'},{'D6'},{'D4'},{'D2'},{'R3'},{'R2'},{'R1'},&,6.0,&
{'D3'},{'D5'},{'D7'},{'D1'},{'D6'},{'D4'},{'D2'},{'R3'},{'R1'},{'R2'},&,10.0,&
{'D3'},{'D5'},{'D7'},{'D1'},{'D6'},{'D4'},{'R2'},{'R1'},{'D2'},{'R3'},&,1.0,&
{'D3'},{'D5'},{'D7'},{'D1'},{'D6'},{'D4'},{'R2'},{'R3'},{'D2'},{'R1'},&,1.0,&
{'D3'},{'D5'},{'D7'},{'D1'},{'D6'},{'D4'},{'R1'},{'D2'},{'R2'},{'R3'},&,1.0,&
{'D3'},{'D5'},{'D7'},{'D1'},{'D6'},{'D4'},{'R1'},{'R2'},{'D2'},{'R3'},&,1.0,&
{'D3'},{'D5'},{'D7'},{'D1'},{'D6'},{'D2'},{'R3'},{'D4'},{'R2'},{'R1'},&,1.0,&
{'D3'},{'D5'},{'D7'},{'D1'},{'D6'},{'D2'},{'D4'},{'R1'},{'R2'},{'R3'},&,2.0,&
{'D3'},{'D5'},{'D7'},{'D1'},{'D6'},{'D2'},{'D4'},{'R1'},{'R3'},{'R2'},&,5.0,&
{'D3'},{'D5'},{'D7'},{'D1'},{'D6'},{'D2'},{'D4'},{'R2'},{'R3'},{'R1'},&,3.0,&
{'D3'},{'D5'},{'D7'},{'D1'},{'D6'},{'D2'},{'D4'},{'R3'},{'R2'},{'R1'},&,2.0,&
{'D3'},{'D5'},{'D7'},{'D1'},{'D6'},{'D2'},{'D4'},{'R3'},{'R1'},{'R2'},&,7.0,&
{'D3'},{'D5'},{'D7'},{'D1'},{'D6'},{'D2'},{'R1'},{'R3'},{'D4'},{'R2'},&,1.0,&
{'D3'},{'D5'},{'D7'},{'D1'},{'D6'},{'D2'},{'R1'},{'D4'},{'R2'},{'R3'},&,1.0,&
{'D3'},{'D5'},{'D7'},{'D1'},{'D6'},{'R2'},{'D2'},{'D4'},{'R3'},{'R1'},&,1.0,&
{'D3'},{'D5'},{'D7'},{'D1'},{'D6'},{'R2'},{'D4'},{'D2'},{'R3'},{'R1'},&,1.0,&
{'D3'},{'D5'},{'D7'},{'D1'},{'D6'},{'R2'},{'D4'},{'D2'},{'R1'},{'R3'},&,1.0,&
{'D3'},{'D5'},{'D7'},{'D1'},{'D6'},{'R3'},{'D2'},{'R1'},{'D4'},{'R2'},&,1.0,&
{'D3'},{'D5'},{'D7'},{'D1'},{'D6'},{'R3'},{'D2'},{'D4'},{'R1'},{'R2'},&,1.0,&
{'D3'},{'D5'},{'D7'},{'D1'},{'D6'},{'R3'},{'D4'},{'D2'},{'R1'},{'R2'},&,1.0,&
{'D3'},{'D5'},{'D7'},{'D1'},{'D4'},{'D6'},{'R3'},{'D2'},{'R1'},{'R2'},&,1.0,&
{'D3'},{'D5'},{'D7'},{'D1'},{'D4'},{'D6'},{'D2'},{'R1'},{'R3'},{'R2'},&,2.0,&
{'D3'},{'D5'},{'D7'},{'D1'},{'D4'},{'D6'},{'D2'},{'R2'},{'R3'},{'R1'},&,4.0,&
{'D3'},{'D5'},{'D7'},{'D1'},{'D4'},{'D6'},{'D2'},{'R2'},{'R1'},{'R3'},&,2.0,&
{'D3'},{'D5'},{'D7'},{'D1'},{'D4'},{'D6'},{'D2'},{'R3'},{'R2'},{'R1'},&,7.0,&
{'D3'},{'D5'},{'D7'},{'D1'},{'D4'},{'D6'},{'D2'},{'R3'},{'R1'},{'R2'},&,5.0,&
{'D3'},{'D5'},{'D7'},{'D1'},{'D4'},{'D6'},{'R1'},{'D2'},{'R3'},{'R2'},&,2.0,&
{'D3'},{'D5'},{'D7'},{'D1'},{'D4'},{'D2'},{'D6'},{'R1'},{'R2'},{'R3'},&,2.0,&
{'D3'},{'D5'},{'D7'},{'D1'},{'D4'},{'D2'},{'D6'},{'R1'},{'R3'},{'R2'},&,1.0,&
{'D3'},{'D5'},{'D7'},{'D1'},{'D4'},{'D2'},{'D6'},{'R2'},{'R3'},{'R1'},&,2.0,&
{'D3'},{'D5'},{'D7'},{'D1'},{'D4'},{'D2'},{'D6'},{'R2'},{'R1'},{'R3'},&,1.0,&
{'D3'},{'D5'},{'D7'},{'D1'},{'D4'},{'D2'},{'D6'},{'R3'},{'R2'},{'R1'},&,1.0,&
{'D3'},{'D5'},{'D7'},{'D1'},{'D4'},{'D2'},{'D6'},{'R3'},{'R1'},{'R2'},&,3.0,&
{'D3'},{'D5'},{'D7'},{'D1'},{'D4'},{'R3'},{'D6'},{'D2'},{'R1'},{'R2'},&,1.0,&
{'D3'},{'D5'},{'D7'},{'D1'},{'D4'},{'R3'},{'D6'},{'R1'},{'R2'},{'D2'},&,1.0,&
{'D3'},{'D5'},{'D7'},{'D1'},{'R3'},{'D4'},{'D6'},{'D2'},{'R2'},{'R1'},&,1.0,&
{'D3'},{'D5'},{'D7'},{'D1'},{'R1'},{'D6'},{'D2'},{'R3'},{'D4'},{'R2'},&,1.0,&
{'D3'},{'D5'},{'D7'},{'D2'},{'D1'},{'D6'},{'D4'},{'R1'},{'R3'},{'R2'},&,1.0,&
{'D3'},{'D5'},{'D7'},{'D2'},{'D1'},{'D6'},{'D4'},{'R2'},{'R3'},{'R1'},&,2.0,&
{'D3'},{'D5'},{'D7'},{'D2'},{'D1'},{'D6'},{'D4'},{'R3'},{'R2'},{'R1'},&,1.0,&
{'D3'},{'D5'},{'D7'},{'D2'},{'D1'},{'D6'},{'D4'},{'R3'},{'R1'},{'R2'},&,3.0,&
{'D3'},{'D5'},{'D7'},{'D2'},{'D1'},{'D6'},{'R1'},{'D4'},{'R3'},{'R2'},&,1.0,&
{'D3'},{'D5'},{'D7'},{'D2'},{'D1'},{'R1'},{'D6'},{'D4'},{'R3'},{'R2'},&,1.0,&
{'D3'},{'D5'},{'D7'},{'D2'},{'D6'},{'D4'},{'R3'},{'R2'},{'D1'},{'R1'},&,1.0,&
{'D3'},{'D5'},{'D7'},{'D2'},{'D6'},{'D4'},{'R3'},{'D1'},{'R1'},{'R2'},&,3.0,&
{'D3'},{'D5'},{'D7'},{'D2'},{'D6'},{'D4'},{'D1'},{'R1'},{'R2'},{'R3'},&,1.0,&
{'D3'},{'D5'},{'D7'},{'D2'},{'D6'},{'D4'},{'D1'},{'R1'},{'R3'},{'R2'},&,4.0,&
{'D3'},{'D5'},{'D7'},{'D2'},{'D6'},{'D4'},{'D1'},{'R2'},{'R3'},{'R1'},&,4.0,&
{'D3'},{'D5'},{'D7'},{'D2'},{'D6'},{'D4'},{'D1'},{'R3'},{'R2'},{'R1'},&,2.0,&
{'D3'},{'D5'},{'D7'},{'D2'},{'D6'},{'D4'},{'D1'},{'R3'},{'R1'},{'R2'},&,7.0,&
{'D3'},{'D5'},{'D7'},{'D2'},{'D6'},{'D4'},{'R2'},{'D1'},{'R3'},{'R1'},&,1.0,&
{'D3'},{'D5'},{'D7'},{'D2'},{'D6'},{'D4'},{'R2'},{'D1'},{'R1'},{'R3'},&,1.0,&
{'D3'},{'D5'},{'D7'},{'D2'},{'D6'},{'D1'},{'D4'},{'R1'},{'R2'},{'R3'},&,1.0,&
{'D3'},{'D5'},{'D7'},{'D2'},{'D6'},{'D1'},{'D4'},{'R1'},{'R3'},{'R2'},&,1.0,&
{'D3'},{'D5'},{'D7'},{'D2'},{'D6'},{'D1'},{'D4'},{'R2'},{'R3'},{'R1'},&,2.0,&
{'D3'},{'D5'},{'D7'},{'D2'},{'D6'},{'D1'},{'D4'},{'R3'},{'R2'},{'R1'},&,4.0,&
{'D3'},{'D5'},{'D7'},{'D2'},{'D6'},{'D1'},{'D4'},{'R3'},{'R1'},{'R2'},&,3.0,&
{'D3'},{'D5'},{'D7'},{'D2'},{'D6'},{'D1'},{'R2'},{'D4'},{'R3'},{'R1'},&,1.0,&
{'D3'},{'D5'},{'D7'},{'D2'},{'D6'},{'D1'},{'R1'},{'D4'},{'R2'},{'R3'},&,1.0,&
{'D3'},{'D5'},{'D7'},{'D2'},{'D6'},{'R2'},{'D4'},{'R3'},{'D1'},{'R1'},&,1.0,&
{'D3'},{'D5'},{'D7'},{'D2'},{'D6'},{'R1'},{'D1'},{'D4'},{'R2'},{'R3'},&,1.0,&
{'D3'},{'D5'},{'D7'},{'D2'},{'D4'},{'D6'},{'D1'},{'R1'},{'R3'},{'R2'},&,4.0,&
{'D3'},{'D5'},{'D7'},{'D2'},{'D4'},{'D6'},{'D1'},{'R2'},{'R3'},{'R1'},&,2.0,&
{'D3'},{'D5'},{'D7'},{'D2'},{'D4'},{'D6'},{'D1'},{'R2'},{'R1'},{'R3'},&,1.0,&
{'D3'},{'D5'},{'D7'},{'D2'},{'D4'},{'D6'},{'D1'},{'R3'},{'R2'},{'R1'},&,4.0,&
{'D3'},{'D5'},{'D7'},{'D2'},{'D4'},{'D6'},{'D1'},{'R3'},{'R1'},{'R2'},&,4.0,&
{'D3'},{'D5'},{'D7'},{'D2'},{'D4'},{'D6'},{'R2'},{'D1'},{'R3'},{'R1'},&,1.0,&
{'D3'},{'D5'},{'D7'},{'D2'},{'D4'},{'D6'},{'R2'},{'D1'},{'R1'},{'R3'},&,1.0,&
{'D3'},{'D5'},{'D7'},{'D2'},{'D4'},{'D6'},{'R1'},{'R3'},{'D1'},{'R2'},&,1.0,&
{'D3'},{'D5'},{'D7'},{'D2'},{'D4'},{'D1'},{'D6'},{'R1'},{'R2'},{'R3'},&,1.0,&
{'D3'},{'D5'},{'D7'},{'D2'},{'D4'},{'D1'},{'D6'},{'R1'},{'R3'},{'R2'},&,1.0,&
{'D3'},{'D5'},{'D7'},{'D2'},{'D4'},{'D1'},{'D6'},{'R3'},{'R2'},{'R1'},&,1.0,&
{'D3'},{'D5'},{'D7'},{'D2'},{'R3'},{'D4'},{'D6'},{'D1'},{'R1'},{'R2'},&,1.0,&
{'D3'},{'D5'},{'D7'},{'R1'},{'D6'},{'D4'},{'D2'},{'D1'},{'R2'},{'R3'},&,1.0,&
{'D3'},{'D5'},{'D7'},{'D6'},{'D1'},{'D4'},{'R3'},{'D2'},{'R2'},{'R1'},&,2.0,&
{'D3'},{'D5'},{'D7'},{'D6'},{'D1'},{'D4'},{'R3'},{'D2'},{'R1'},{'R2'},&,2.0,&
{'D3'},{'D5'},{'D7'},{'D6'},{'D1'},{'D4'},{'R3'},{'R1'},{'D2'},{'R2'},&,2.0,&
{'D3'},{'D5'},{'D7'},{'D6'},{'D1'},{'D4'},{'D2'},{'R1'},{'R2'},{'R3'},&,4.0,&
{'D3'},{'D5'},{'D7'},{'D6'},{'D1'},{'D4'},{'D2'},{'R1'},{'R3'},{'R2'},&,6.0,&
{'D3'},{'D5'},{'D7'},{'D6'},{'D1'},{'D4'},{'D2'},{'R2'},{'R3'},{'R1'},&,2.0,&
{'D3'},{'D5'},{'D7'},{'D6'},{'D1'},{'D4'},{'D2'},{'R2'},{'R1'},{'R3'},&,1.0,&
{'D3'},{'D5'},{'D7'},{'D6'},{'D1'},{'D4'},{'D2'},{'R3'},{'R2'},{'R1'},&,12.0,&
{'D3'},{'D5'},{'D7'},{'D6'},{'D1'},{'D4'},{'D2'},{'R3'},{'R1'},{'R2'},&,16.0,&
{'D3'},{'D5'},{'D7'},{'D6'},{'D1'},{'D4'},{'R2'},{'D2'},{'R1'},{'R3'},&,1.0,&
{'D3'},{'D5'},{'D7'},{'D6'},{'D1'},{'D4'},{'R2'},{'R1'},{'R3'},{'D2'},&,1.0,&
{'D3'},{'D5'},{'D7'},{'D6'},{'D1'},{'D4'},{'R1'},{'D2'},{'R3'},{'R2'},&,3.0,&
{'D3'},{'D5'},{'D7'},{'D6'},{'D1'},{'D2'},{'R3'},{'R1'},{'R2'},{'D4'},&,1.0,&
{'D3'},{'D5'},{'D7'},{'D6'},{'D1'},{'D2'},{'R3'},{'R1'},{'D4'},{'R2'},&,1.0,&
{'D3'},{'D5'},{'D7'},{'D6'},{'D1'},{'D2'},{'R3'},{'D4'},{'R2'},{'R1'},&,3.0,&
{'D3'},{'D5'},{'D7'},{'D6'},{'D1'},{'D2'},{'R3'},{'D4'},{'R1'},{'R2'},&,5.0,&
{'D3'},{'D5'},{'D7'},{'D6'},{'D1'},{'D2'},{'D4'},{'R1'},{'R2'},{'R3'},&,2.0,&
{'D3'},{'D5'},{'D7'},{'D6'},{'D1'},{'D2'},{'D4'},{'R1'},{'R3'},{'R2'},&,4.0,&
{'D3'},{'D5'},{'D7'},{'D6'},{'D1'},{'D2'},{'D4'},{'R2'},{'R3'},{'R1'},&,3.0,&
{'D3'},{'D5'},{'D7'},{'D6'},{'D1'},{'D2'},{'D4'},{'R2'},{'R1'},{'R3'},&,1.0,&
{'D3'},{'D5'},{'D7'},{'D6'},{'D1'},{'D2'},{'D4'},{'R3'},{'R2'},{'R1'},&,3.0,&
{'D3'},{'D5'},{'D7'},{'D6'},{'D1'},{'D2'},{'D4'},{'R3'},{'R1'},{'R2'},&,6.0,&
{'D3'},{'D5'},{'D7'},{'D6'},{'D1'},{'D2'},{'R2'},{'R1'},{'D4'},{'R3'},&,1.0,&
{'D3'},{'D5'},{'D7'},{'D6'},{'D1'},{'D2'},{'R2'},{'D4'},{'R3'},{'R1'},&,2.0,&
{'D3'},{'D5'},{'D7'},{'D6'},{'D1'},{'D2'},{'R1'},{'D4'},{'R3'},{'R2'},&,2.0,&
{'D3'},{'D5'},{'D7'},{'D6'},{'D1'},{'R2'},{'D4'},{'D2'},{'R3'},{'R1'},&,1.0,&
{'D3'},{'D5'},{'D7'},{'D6'},{'D1'},{'R2'},{'D4'},{'D2'},{'R1'},{'R3'},&,1.0,&
{'D3'},{'D5'},{'D7'},{'D6'},{'D1'},{'R3'},{'D4'},{'D2'},{'R2'},{'R1'},&,3.0,&
{'D3'},{'D5'},{'D7'},{'D6'},{'D1'},{'R3'},{'D4'},{'D2'},{'R1'},{'R2'},&,1.0,&
{'D3'},{'D5'},{'D7'},{'D6'},{'D2'},{'D4'},{'R3'},{'R2'},{'D1'},{'R1'},&,1.0,&
{'D3'},{'D5'},{'D7'},{'D6'},{'D2'},{'D4'},{'R3'},{'D1'},{'R2'},{'R1'},&,7.0,&
{'D3'},{'D5'},{'D7'},{'D6'},{'D2'},{'D4'},{'R3'},{'D1'},{'R1'},{'R2'},&,3.0,&
{'D3'},{'D5'},{'D7'},{'D6'},{'D2'},{'D4'},{'D1'},{'R1'},{'R3'},{'R2'},&,11.0,&
{'D3'},{'D5'},{'D7'},{'D6'},{'D2'},{'D4'},{'D1'},{'R2'},{'R3'},{'R1'},&,3.0,&
{'D3'},{'D5'},{'D7'},{'D6'},{'D2'},{'D4'},{'D1'},{'R2'},{'R1'},{'R3'},&,2.0,&
{'D3'},{'D5'},{'D7'},{'D6'},{'D2'},{'D4'},{'D1'},{'R3'},{'R2'},{'R1'},&,11.0,&
{'D3'},{'D5'},{'D7'},{'D6'},{'D2'},{'D4'},{'D1'},{'R3'},{'R1'},{'R2'},&,19.0,&
{'D3'},{'D5'},{'D7'},{'D6'},{'D2'},{'D4'},{'R2'},{'R3'},{'D1'},{'R1'},&,1.0,&
{'D3'},{'D5'},{'D7'},{'D6'},{'D2'},{'D4'},{'R2'},{'D1'},{'R3'},{'R1'},&,1.0,&
{'D3'},{'D5'},{'D7'},{'D6'},{'D2'},{'D4'},{'R1'},{'R3'},{'D1'},{'R2'},&,1.0,&
{'D3'},{'D5'},{'D7'},{'D6'},{'D2'},{'D4'},{'R1'},{'D1'},{'R2'},{'R3'},&,1.0,&
{'D3'},{'D5'},{'D7'},{'D6'},{'D2'},{'D1'},{'R3'},{'R2'},{'D4'},{'R1'},&,1.0,&
{'D3'},{'D5'},{'D7'},{'D6'},{'D2'},{'D1'},{'R3'},{'D4'},{'R2'},{'R1'},&,1.0,&
{'D3'},{'D5'},{'D7'},{'D6'},{'D2'},{'D1'},{'R3'},{'D4'},{'R1'},{'R2'},&,4.0,&
{'D3'},{'D5'},{'D7'},{'D6'},{'D2'},{'D1'},{'D4'},{'R1'},{'R2'},{'R3'},&,2.0,&
{'D3'},{'D5'},{'D7'},{'D6'},{'D2'},{'D1'},{'D4'},{'R1'},{'R3'},{'R2'},&,4.0,&
{'D3'},{'D5'},{'D7'},{'D6'},{'D2'},{'D1'},{'D4'},{'R2'},{'R3'},{'R1'},&,6.0,&
{'D3'},{'D5'},{'D7'},{'D6'},{'D2'},{'D1'},{'D4'},{'R2'},{'R1'},{'R3'},&,2.0,&
{'D3'},{'D5'},{'D7'},{'D6'},{'D2'},{'D1'},{'D4'},{'R3'},{'R2'},{'R1'},&,4.0,&
{'D3'},{'D5'},{'D7'},{'D6'},{'D2'},{'D1'},{'D4'},{'R3'},{'R1'},{'R2'},&,12.0,&
{'D3'},{'D5'},{'D7'},{'D6'},{'D2'},{'D1'},{'R2'},{'R3'},{'D4'},{'R1'},&,1.0,&
{'D3'},{'D5'},{'D7'},{'D6'},{'D2'},{'D1'},{'R1'},{'R2'},{'R3'},{'D4'},&,1.0,&
{'D3'},{'D5'},{'D7'},{'D6'},{'D2'},{'D1'},{'R1'},{'D4'},{'R3'},{'R2'},&,2.0,&
{'D3'},{'D5'},{'D7'},{'D6'},{'D2'},{'R1'},{'D1'},{'D4'},{'R3'},{'R2'},&,1.0,&
{'D3'},{'D5'},{'D7'},{'D6'},{'D2'},{'R1'},{'D4'},{'D1'},{'R3'},{'R2'},&,1.0,&
{'D3'},{'D5'},{'D7'},{'D6'},{'D2'},{'R3'},{'D4'},{'D1'},{'R2'},{'R1'},&,1.0,&
{'D3'},{'D5'},{'D7'},{'D6'},{'D2'},{'R3'},{'D4'},{'D1'},{'R1'},{'R2'},&,1.0,&
{'D3'},{'D5'},{'D7'},{'D6'},{'D4'},{'D1'},{'R3'},{'D2'},{'R2'},{'R1'},&,9.0,&
{'D3'},{'D5'},{'D7'},{'D6'},{'D4'},{'D1'},{'R3'},{'D2'},{'R1'},{'R2'},&,11.0,&
{'D3'},{'D5'},{'D7'},{'D6'},{'D4'},{'D1'},{'R3'},{'R1'},{'D2'},{'R2'},&,2.0,&
{'D3'},{'D5'},{'D7'},{'D6'},{'D4'},{'D1'},{'D2'},{'R1'},{'R2'},{'R3'},&,3.0,&
{'D3'},{'D5'},{'D7'},{'D6'},{'D4'},{'D1'},{'D2'},{'R1'},{'R3'},{'R2'},&,13.0,&
{'D3'},{'D5'},{'D7'},{'D6'},{'D4'},{'D1'},{'D2'},{'R2'},{'R3'},{'R1'},&,11.0,&
{'D3'},{'D5'},{'D7'},{'D6'},{'D4'},{'D1'},{'D2'},{'R2'},{'R1'},{'R3'},&,5.0,&
{'D3'},{'D5'},{'D7'},{'D6'},{'D4'},{'D1'},{'D2'},{'R3'},{'R2'},{'R1'},&,15.0,&
{'D3'},{'D5'},{'D7'},{'D6'},{'D4'},{'D1'},{'D2'},{'R3'},{'R1'},{'R2'},&,26.0,&
{'D3'},{'D5'},{'D7'},{'D6'},{'D4'},{'D1'},{'R2'},{'R1'},{'R3'},{'D2'},&,1.0,&
{'D3'},{'D5'},{'D7'},{'D6'},{'D4'},{'D1'},{'R2'},{'R3'},{'D2'},{'R1'},&,1.0,&
{'D3'},{'D5'},{'D7'},{'D6'},{'D4'},{'D1'},{'R1'},{'D2'},{'R3'},{'R2'},&,2.0,&
{'D3'},{'D5'},{'D7'},{'D6'},{'D4'},{'D2'},{'R3'},{'R1'},{'D1'},{'R2'},&,2.0,&
{'D3'},{'D5'},{'D7'},{'D6'},{'D4'},{'D2'},{'R3'},{'R2'},{'D1'},{'R1'},&,1.0,&
{'D3'},{'D5'},{'D7'},{'D6'},{'D4'},{'D2'},{'R3'},{'D1'},{'R2'},{'R1'},&,2.0,&
{'D3'},{'D5'},{'D7'},{'D6'},{'D4'},{'D2'},{'R3'},{'D1'},{'R1'},{'R2'},&,3.0,&
{'D3'},{'D5'},{'D7'},{'D6'},{'D4'},{'D2'},{'D1'},{'R1'},{'R2'},{'R3'},&,8.0,&
{'D3'},{'D5'},{'D7'},{'D6'},{'D4'},{'D2'},{'D1'},{'R1'},{'R3'},{'R2'},&,10.0,&
{'D3'},{'D5'},{'D7'},{'D6'},{'D4'},{'D2'},{'D1'},{'R2'},{'R3'},{'R1'},&,3.0,&
{'D3'},{'D5'},{'D7'},{'D6'},{'D4'},{'D2'},{'D1'},{'R2'},{'R1'},{'R3'},&,3.0,&
{'D3'},{'D5'},{'D7'},{'D6'},{'D4'},{'D2'},{'D1'},{'R3'},{'R2'},{'R1'},&,14.0,&
{'D3'},{'D5'},{'D7'},{'D6'},{'D4'},{'D2'},{'D1'},{'R3'},{'R1'},{'R2'},&,14.0,&
{'D3'},{'D5'},{'D7'},{'D6'},{'D4'},{'D2'},{'R2'},{'D1'},{'R3'},{'R1'},&,1.0,&
{'D3'},{'D5'},{'D7'},{'D6'},{'D4'},{'D2'},{'R1'},{'R3'},{'D1'},{'R2'},&,1.0,&
{'D3'},{'D5'},{'D7'},{'D6'},{'D4'},{'R2'},{'D2'},{'R3'},{'D1'},{'R1'},&,1.0,&
{'D3'},{'D5'},{'D7'},{'D6'},{'D4'},{'R2'},{'D2'},{'D1'},{'R1'},{'R3'},&,1.0,&
{'D3'},{'D5'},{'D7'},{'D6'},{'D4'},{'R2'},{'D1'},{'D2'},{'R3'},{'R1'},&,1.0,&
{'D3'},{'D5'},{'D7'},{'D6'},{'D4'},{'R2'},{'D1'},{'D2'},{'R1'},{'R3'},&,1.0,&
{'D3'},{'D5'},{'D7'},{'D6'},{'D4'},{'R1'},{'D2'},{'D1'},{'R2'},{'R3'},&,1.0,&
{'D3'},{'D5'},{'D7'},{'D6'},{'D4'},{'R1'},{'D2'},{'D1'},{'R3'},{'R2'},&,1.0,&
{'D3'},{'D5'},{'D7'},{'D6'},{'D4'},{'R1'},{'D1'},{'D2'},{'R3'},{'R2'},&,1.0,&
{'D3'},{'D5'},{'D7'},{'D6'},{'D4'},{'R1'},{'D1'},{'R2'},{'D2'},{'R3'},&,1.0,&
{'D3'},{'D5'},{'D7'},{'D6'},{'D4'},{'R3'},{'D2'},{'D1'},{'R2'},{'R1'},&,2.0,&
{'D3'},{'D5'},{'D7'},{'D6'},{'D4'},{'R3'},{'D2'},{'D1'},{'R1'},{'R2'},&,1.0,&
{'D3'},{'D5'},{'D7'},{'D6'},{'D4'},{'R3'},{'D1'},{'D2'},{'R2'},{'R1'},&,1.0,&
{'D3'},{'D5'},{'D7'},{'D6'},{'D4'},{'R3'},{'D1'},{'D2'},{'R1'},{'R2'},&,1.0,&
{'D3'},{'D5'},{'D7'},{'D6'},{'R3'},{'D4'},{'D2'},{'D1'},{'R2'},{'R1'},&,1.0,&
{'D3'},{'D5'},{'D7'},{'D6'},{'R3'},{'D2'},{'D1'},{'D4'},{'R2'},{'R1'},&,1.0,&
{'D3'},{'D5'},{'D7'},{'D6'},{'R3'},{'D2'},{'D4'},{'D1'},{'R2'},{'R1'},&,1.0,&
{'D3'},{'D5'},{'D7'},{'D6'},{'R2'},{'D4'},{'D2'},{'R3'},{'D1'},{'R1'},&,1.0,&
{'D3'},{'D5'},{'D7'},{'D6'},{'R2'},{'D4'},{'D1'},{'D2'},{'R3'},{'R1'},&,1.0,&
{'D3'},{'D5'},{'D7'},{'D6'},{'R2'},{'D2'},{'D1'},{'D4'},{'R3'},{'R1'},&,1.0,&
{'D3'},{'D5'},{'D7'},{'D4'},{'D1'},{'D6'},{'R3'},{'D2'},{'R1'},{'R2'},&,2.0,&
{'D3'},{'D5'},{'D7'},{'D4'},{'D1'},{'D6'},{'R3'},{'R1'},{'D2'},{'R2'},&,1.0,&
{'D3'},{'D5'},{'D7'},{'D4'},{'D1'},{'D6'},{'D2'},{'R1'},{'R3'},{'R2'},&,5.0,&
{'D3'},{'D5'},{'D7'},{'D4'},{'D1'},{'D6'},{'D2'},{'R2'},{'R3'},{'R1'},&,1.0,&
{'D3'},{'D5'},{'D7'},{'D4'},{'D1'},{'D6'},{'D2'},{'R2'},{'R1'},{'R3'},&,2.0,&
{'D3'},{'D5'},{'D7'},{'D4'},{'D1'},{'D6'},{'D2'},{'R3'},{'R2'},{'R1'},&,9.0,&
{'D3'},{'D5'},{'D7'},{'D4'},{'D1'},{'D6'},{'D2'},{'R3'},{'R1'},{'R2'},&,8.0,&
{'D3'},{'D5'},{'D7'},{'D4'},{'D1'},{'D6'},{'R2'},{'D2'},{'R3'},{'R1'},&,2.0,&
{'D3'},{'D5'},{'D7'},{'D4'},{'D1'},{'D2'},{'R3'},{'D6'},{'R2'},{'R1'},&,1.0,&
{'D3'},{'D5'},{'D7'},{'D4'},{'D1'},{'D2'},{'D6'},{'R2'},{'R3'},{'R1'},&,2.0,&
{'D3'},{'D5'},{'D7'},{'D4'},{'D1'},{'D2'},{'D6'},{'R3'},{'R2'},{'R1'},&,3.0,&
{'D3'},{'D5'},{'D7'},{'D4'},{'D1'},{'D2'},{'D6'},{'R3'},{'R1'},{'R2'},&,2.0,&
{'D3'},{'D5'},{'D7'},{'D4'},{'D1'},{'D2'},{'R1'},{'D6'},{'R3'},{'R2'},&,1.0,&
{'D3'},{'D5'},{'D7'},{'D4'},{'D1'},{'R3'},{'D6'},{'D2'},{'R1'},{'R2'},&,2.0,&
{'D3'},{'D5'},{'D7'},{'D4'},{'D1'},{'R3'},{'D6'},{'R2'},{'D2'},{'R1'},&,1.0,&
{'D3'},{'D5'},{'D7'},{'D4'},{'D2'},{'D6'},{'R3'},{'R1'},{'D1'},{'R2'},&,1.0,&
{'D3'},{'D5'},{'D7'},{'D4'},{'D2'},{'D6'},{'R3'},{'D1'},{'R1'},{'R2'},&,4.0,&
{'D3'},{'D5'},{'D7'},{'D4'},{'D2'},{'D6'},{'D1'},{'R1'},{'R2'},{'R3'},&,2.0,&
{'D3'},{'D5'},{'D7'},{'D4'},{'D2'},{'D6'},{'D1'},{'R1'},{'R3'},{'R2'},&,2.0,&
{'D3'},{'D5'},{'D7'},{'D4'},{'D2'},{'D6'},{'D1'},{'R2'},{'R3'},{'R1'},&,3.0,&
{'D3'},{'D5'},{'D7'},{'D4'},{'D2'},{'D6'},{'D1'},{'R2'},{'R1'},{'R3'},&,1.0,&
{'D3'},{'D5'},{'D7'},{'D4'},{'D2'},{'D6'},{'D1'},{'R3'},{'R2'},{'R1'},&,6.0,&
{'D3'},{'D5'},{'D7'},{'D4'},{'D2'},{'D6'},{'D1'},{'R3'},{'R1'},{'R2'},&,3.0,&
{'D3'},{'D5'},{'D7'},{'D4'},{'D2'},{'D6'},{'R2'},{'D1'},{'R3'},{'R1'},&,1.0,&
{'D3'},{'D5'},{'D7'},{'D4'},{'D2'},{'D1'},{'D6'},{'R2'},{'R3'},{'R1'},&,1.0,&
{'D3'},{'D5'},{'D7'},{'D4'},{'D2'},{'D1'},{'D6'},{'R3'},{'R2'},{'R1'},&,2.0,&
{'D3'},{'D5'},{'D7'},{'D4'},{'D2'},{'D1'},{'R1'},{'D6'},{'R3'},{'R2'},&,1.0,&
{'D3'},{'D5'},{'D7'},{'D4'},{'D2'},{'R1'},{'D6'},{'R3'},{'D1'},{'R2'},&,1.0,&
{'D3'},{'D5'},{'D7'},{'D4'},{'D2'},{'R1'},{'D6'},{'D1'},{'R3'},{'R2'},&,2.0,&
{'D3'},{'D5'},{'D7'},{'D4'},{'D6'},{'D1'},{'R3'},{'D2'},{'R1'},{'R2'},&,2.0,&
{'D3'},{'D5'},{'D7'},{'D4'},{'D6'},{'D1'},{'R3'},{'R2'},{'D2'},{'R1'},&,1.0,&
{'D3'},{'D5'},{'D7'},{'D4'},{'D6'},{'D1'},{'D2'},{'R1'},{'R2'},{'R3'},&,4.0,&
{'D3'},{'D5'},{'D7'},{'D4'},{'D6'},{'D1'},{'D2'},{'R1'},{'R3'},{'R2'},&,4.0,&
{'D3'},{'D5'},{'D7'},{'D4'},{'D6'},{'D1'},{'D2'},{'R2'},{'R3'},{'R1'},&,4.0,&
{'D3'},{'D5'},{'D7'},{'D4'},{'D6'},{'D1'},{'D2'},{'R2'},{'R1'},{'R3'},&,3.0,&
{'D3'},{'D5'},{'D7'},{'D4'},{'D6'},{'D1'},{'D2'},{'R3'},{'R2'},{'R1'},&,7.0,&
{'D3'},{'D5'},{'D7'},{'D4'},{'D6'},{'D1'},{'D2'},{'R3'},{'R1'},{'R2'},&,13.0,&
{'D3'},{'D5'},{'D7'},{'D4'},{'D6'},{'D1'},{'R2'},{'D2'},{'R3'},{'R1'},&,1.0,&
{'D3'},{'D5'},{'D7'},{'D4'},{'D6'},{'D1'},{'R2'},{'D2'},{'R1'},{'R3'},&,1.0,&
{'D3'},{'D5'},{'D7'},{'D4'},{'D6'},{'D1'},{'R1'},{'D2'},{'R2'},{'R3'},&,1.0,&
{'D3'},{'D5'},{'D7'},{'D4'},{'D6'},{'D1'},{'R1'},{'D2'},{'R3'},{'R2'},&,2.0,&
{'D3'},{'D5'},{'D7'},{'D4'},{'D6'},{'D1'},{'R1'},{'R2'},{'D2'},{'R3'},&,1.0,&
{'D3'},{'D5'},{'D7'},{'D4'},{'D6'},{'D1'},{'R1'},{'R3'},{'D2'},{'R2'},&,2.0,&
{'D3'},{'D5'},{'D7'},{'D4'},{'D6'},{'D2'},{'R3'},{'D1'},{'R2'},{'R1'},&,5.0,&
{'D3'},{'D5'},{'D7'},{'D4'},{'D6'},{'D2'},{'R3'},{'D1'},{'R1'},{'R2'},&,3.0,&
{'D3'},{'D5'},{'D7'},{'D4'},{'D6'},{'D2'},{'D1'},{'R1'},{'R2'},{'R3'},&,3.0,&
{'D3'},{'D5'},{'D7'},{'D4'},{'D6'},{'D2'},{'D1'},{'R1'},{'R3'},{'R2'},&,6.0,&
{'D3'},{'D5'},{'D7'},{'D4'},{'D6'},{'D2'},{'D1'},{'R2'},{'R3'},{'R1'},&,8.0,&
{'D3'},{'D5'},{'D7'},{'D4'},{'D6'},{'D2'},{'D1'},{'R2'},{'R1'},{'R3'},&,1.0,&
{'D3'},{'D5'},{'D7'},{'D4'},{'D6'},{'D2'},{'D1'},{'R3'},{'R2'},{'R1'},&,11.0,&
{'D3'},{'D5'},{'D7'},{'D4'},{'D6'},{'D2'},{'D1'},{'R3'},{'R1'},{'R2'},&,6.0,&
{'D3'},{'D5'},{'D7'},{'D4'},{'D6'},{'D2'},{'R2'},{'D1'},{'R3'},{'R1'},&,2.0,&
{'D3'},{'D5'},{'D7'},{'D4'},{'D6'},{'D2'},{'R1'},{'R2'},{'D1'},{'R3'},&,1.0,&
{'D3'},{'D5'},{'D7'},{'D4'},{'D6'},{'D2'},{'R1'},{'R3'},{'D1'},{'R2'},&,1.0,&
{'D3'},{'D5'},{'D7'},{'D4'},{'D6'},{'D2'},{'R1'},{'D1'},{'R3'},{'R2'},&,1.0,&
{'D3'},{'D5'},{'D7'},{'D4'},{'D6'},{'R1'},{'D1'},{'D2'},{'R2'},{'R3'},&,1.0,&
{'D3'},{'D5'},{'D7'},{'D4'},{'D6'},{'R3'},{'D2'},{'D1'},{'R2'},{'R1'},&,1.0,&
{'D3'},{'D5'},{'D7'},{'D4'},{'D6'},{'R3'},{'D1'},{'D2'},{'R2'},{'R1'},&,1.0,&
{'D3'},{'D5'},{'D7'},{'D4'},{'R3'},{'D2'},{'D6'},{'D1'},{'R2'},{'R1'},&,1.0,&
{'D3'},{'D5'},{'D7'},{'D4'},{'R3'},{'D2'},{'D6'},{'D1'},{'R1'},{'R2'},&,1.0,&
{'D3'},{'D5'},{'D7'},{'D4'},{'R1'},{'D6'},{'R3'},{'D2'},{'D1'},{'R2'},&,1.0,&
{'D3'},{'D5'},{'D7'},{'R3'},{'D1'},{'D6'},{'D2'},{'R1'},{'D4'},{'R2'},&,1.0,&
{'D3'},{'D5'},{'D7'},{'R3'},{'D1'},{'D4'},{'D2'},{'D6'},{'R1'},{'R2'},&,1.0,&
{'D3'},{'D5'},{'D7'},{'R3'},{'D2'},{'D1'},{'D6'},{'R2'},{'R1'},{'D4'},&,1.0,&
{'D3'},{'D5'},{'D2'},{'D7'},{'D1'},{'D6'},{'R3'},{'R1'},{'D4'},{'R2'},&,1.0,&
{'D3'},{'D5'},{'D2'},{'D7'},{'D1'},{'D6'},{'R3'},{'D4'},{'R1'},{'R2'},&,2.0,&
{'D3'},{'D5'},{'D2'},{'D7'},{'D1'},{'D6'},{'D4'},{'R1'},{'R3'},{'R2'},&,4.0,&
{'D3'},{'D5'},{'D2'},{'D7'},{'D1'},{'D6'},{'D4'},{'R2'},{'R3'},{'R1'},&,1.0,&
{'D3'},{'D5'},{'D2'},{'D7'},{'D1'},{'D6'},{'D4'},{'R2'},{'R1'},{'R3'},&,1.0,&
{'D3'},{'D5'},{'D2'},{'D7'},{'D1'},{'D6'},{'D4'},{'R3'},{'R1'},{'R2'},&,2.0,&
{'D3'},{'D5'},{'D2'},{'D7'},{'D1'},{'D4'},{'R3'},{'D6'},{'R1'},{'R2'},&,1.0,&
{'D3'},{'D5'},{'D2'},{'D7'},{'D1'},{'D4'},{'D6'},{'R2'},{'R3'},{'R1'},&,1.0,&
{'D3'},{'D5'},{'D2'},{'D7'},{'D1'},{'D4'},{'D6'},{'R3'},{'R2'},{'R1'},&,2.0,&
{'D3'},{'D5'},{'D2'},{'D7'},{'D6'},{'D4'},{'R3'},{'D1'},{'R2'},{'R1'},&,1.0,&
{'D3'},{'D5'},{'D2'},{'D7'},{'D6'},{'D4'},{'R3'},{'D1'},{'R1'},{'R2'},&,1.0,&
{'D3'},{'D5'},{'D2'},{'D7'},{'D6'},{'D4'},{'D1'},{'R1'},{'R2'},{'R3'},&,5.0,&
{'D3'},{'D5'},{'D2'},{'D7'},{'D6'},{'D4'},{'D1'},{'R1'},{'R3'},{'R2'},&,4.0,&
{'D3'},{'D5'},{'D2'},{'D7'},{'D6'},{'D4'},{'D1'},{'R2'},{'R3'},{'R1'},&,5.0,&
{'D3'},{'D5'},{'D2'},{'D7'},{'D6'},{'D4'},{'D1'},{'R2'},{'R1'},{'R3'},&,3.0,&
{'D3'},{'D5'},{'D2'},{'D7'},{'D6'},{'D4'},{'D1'},{'R3'},{'R2'},{'R1'},&,10.0,&
{'D3'},{'D5'},{'D2'},{'D7'},{'D6'},{'D4'},{'D1'},{'R3'},{'R1'},{'R2'},&,6.0,&
{'D3'},{'D5'},{'D2'},{'D7'},{'D6'},{'D4'},{'R2'},{'D1'},{'R3'},{'R1'},&,1.0,&
{'D3'},{'D5'},{'D2'},{'D7'},{'D6'},{'D1'},{'D4'},{'R1'},{'R3'},{'R2'},&,4.0,&
{'D3'},{'D5'},{'D2'},{'D7'},{'D6'},{'D1'},{'D4'},{'R2'},{'R3'},{'R1'},&,1.0,&
{'D3'},{'D5'},{'D2'},{'D7'},{'D6'},{'D1'},{'D4'},{'R3'},{'R2'},{'R1'},&,4.0,&
{'D3'},{'D5'},{'D2'},{'D7'},{'D6'},{'D1'},{'D4'},{'R3'},{'R1'},{'R2'},&,5.0,&
{'D3'},{'D5'},{'D2'},{'D7'},{'D6'},{'D1'},{'R2'},{'D4'},{'R3'},{'R1'},&,1.0,&
{'D3'},{'D5'},{'D2'},{'D7'},{'D4'},{'D6'},{'R3'},{'D1'},{'R1'},{'R2'},&,2.0,&
{'D3'},{'D5'},{'D2'},{'D7'},{'D4'},{'D6'},{'D1'},{'R1'},{'R3'},{'R2'},&,1.0,&
{'D3'},{'D5'},{'D2'},{'D7'},{'D4'},{'D6'},{'D1'},{'R2'},{'R1'},{'R3'},&,1.0,&
{'D3'},{'D5'},{'D2'},{'D7'},{'D4'},{'D6'},{'D1'},{'R3'},{'R2'},{'R1'},&,1.0,&
{'D3'},{'D5'},{'D2'},{'D7'},{'D4'},{'D6'},{'D1'},{'R3'},{'R1'},{'R2'},&,2.0,&
{'D3'},{'D5'},{'D2'},{'D7'},{'D4'},{'D6'},{'R2'},{'D1'},{'R3'},{'R1'},&,2.0,&
{'D3'},{'D5'},{'D2'},{'D7'},{'D4'},{'D6'},{'R1'},{'D1'},{'R3'},{'R2'},&,1.0,&
{'D3'},{'D5'},{'D2'},{'D7'},{'D4'},{'D1'},{'R3'},{'D6'},{'R1'},{'R2'},&,2.0,&
{'D3'},{'D5'},{'D2'},{'D7'},{'D4'},{'D1'},{'R2'},{'R3'},{'D6'},{'R1'},&,1.0,&
{'D3'},{'D5'},{'D2'},{'D7'},{'D4'},{'D1'},{'D6'},{'R1'},{'R2'},{'R3'},&,1.0,&
{'D3'},{'D5'},{'D2'},{'D7'},{'D4'},{'D1'},{'D6'},{'R1'},{'R3'},{'R2'},&,1.0,&
{'D3'},{'D5'},{'D2'},{'D7'},{'D4'},{'D1'},{'D6'},{'R2'},{'R3'},{'R1'},&,1.0,&
{'D3'},{'D5'},{'D2'},{'D7'},{'D4'},{'R2'},{'D6'},{'D1'},{'R3'},{'R1'},&,1.0,&
{'D3'},{'D5'},{'D2'},{'D7'},{'D4'},{'R1'},{'D1'},{'D6'},{'R3'},{'R2'},&,1.0,&
{'D3'},{'D5'},{'D2'},{'D7'},{'D4'},{'R1'},{'D6'},{'D1'},{'R3'},{'R2'},&,1.0,&
{'D3'},{'D5'},{'D2'},{'D7'},{'D4'},{'R3'},{'D6'},{'D1'},{'R2'},{'R1'},&,1.0,&
{'D3'},{'D5'},{'D2'},{'D7'},{'R1'},{'D6'},{'D1'},{'D4'},{'R3'},{'R2'},&,1.0,&
{'D3'},{'D5'},{'D2'},{'D1'},{'D7'},{'D6'},{'D4'},{'R1'},{'R3'},{'R2'},&,2.0,&
{'D3'},{'D5'},{'D2'},{'D1'},{'D7'},{'D6'},{'D4'},{'R3'},{'R1'},{'R2'},&,4.0,&
{'D3'},{'D5'},{'D2'},{'D1'},{'D7'},{'D6'},{'R2'},{'D4'},{'R1'},{'R3'},&,1.0,&
{'D3'},{'D5'},{'D2'},{'D1'},{'D7'},{'D4'},{'R2'},{'R3'},{'R1'},{'D6'},&,1.0,&
{'D3'},{'D5'},{'D2'},{'D1'},{'D7'},{'D4'},{'D6'},{'R3'},{'R1'},{'R2'},&,2.0,&
{'D3'},{'D5'},{'D2'},{'D1'},{'D6'},{'D4'},{'R3'},{'R1'},{'D7'},{'R2'},&,1.0,&
{'D3'},{'D5'},{'D2'},{'D1'},{'D6'},{'D4'},{'R3'},{'D7'},{'R1'},{'R2'},&,1.0,&
{'D3'},{'D5'},{'D2'},{'D1'},{'D6'},{'D4'},{'R2'},{'R3'},{'D7'},{'R1'},&,1.0,&
{'D3'},{'D5'},{'D2'},{'D1'},{'D6'},{'D4'},{'D7'},{'R1'},{'R2'},{'R3'},&,1.0,&
{'D3'},{'D5'},{'D2'},{'D1'},{'D6'},{'D4'},{'D7'},{'R2'},{'R3'},{'R1'},&,1.0,&
{'D3'},{'D5'},{'D2'},{'D1'},{'D6'},{'D4'},{'D7'},{'R3'},{'R2'},{'R1'},&,2.0,&
{'D3'},{'D5'},{'D2'},{'D1'},{'D6'},{'D4'},{'D7'},{'R3'},{'R1'},{'R2'},&,3.0,&
{'D3'},{'D5'},{'D2'},{'D1'},{'D6'},{'D7'},{'R3'},{'D4'},{'R2'},{'R1'},&,1.0,&
{'D3'},{'D5'},{'D2'},{'D1'},{'D6'},{'D7'},{'R3'},{'D4'},{'R1'},{'R2'},&,1.0,&
{'D3'},{'D5'},{'D2'},{'D1'},{'D6'},{'D7'},{'D4'},{'R1'},{'R2'},{'R3'},&,1.0,&
{'D3'},{'D5'},{'D2'},{'D1'},{'D6'},{'D7'},{'D4'},{'R1'},{'R3'},{'R2'},&,1.0,&
{'D3'},{'D5'},{'D2'},{'D1'},{'D6'},{'D7'},{'D4'},{'R2'},{'R3'},{'R1'},&,1.0,&
{'D3'},{'D5'},{'D2'},{'D1'},{'D6'},{'D7'},{'D4'},{'R2'},{'R1'},{'R3'},&,1.0,&
{'D3'},{'D5'},{'D2'},{'D1'},{'D6'},{'D7'},{'D4'},{'R3'},{'R1'},{'R2'},&,4.0,&
{'D3'},{'D5'},{'D2'},{'D1'},{'D6'},{'D7'},{'R1'},{'D4'},{'R2'},{'R3'},&,1.0,&
{'D3'},{'D5'},{'D2'},{'D1'},{'D6'},{'R1'},{'D4'},{'D7'},{'R3'},{'R2'},&,1.0,&
{'D3'},{'D5'},{'D2'},{'D1'},{'D6'},{'R3'},{'D7'},{'D4'},{'R2'},{'R1'},&,1.0,&
{'D3'},{'D5'},{'D2'},{'D1'},{'D4'},{'D6'},{'R3'},{'R1'},{'D7'},{'R2'},&,1.0,&
{'D3'},{'D5'},{'D2'},{'D1'},{'D4'},{'D6'},{'R3'},{'D7'},{'R1'},{'R2'},&,1.0,&
{'D3'},{'D5'},{'D2'},{'D1'},{'D4'},{'D6'},{'D7'},{'R1'},{'R3'},{'R2'},&,1.0,&
{'D3'},{'D5'},{'D2'},{'D1'},{'D4'},{'D6'},{'D7'},{'R2'},{'R3'},{'R1'},&,1.0,&
{'D3'},{'D5'},{'D2'},{'D1'},{'D4'},{'D6'},{'D7'},{'R3'},{'R2'},{'R1'},&,4.0,&
{'D3'},{'D5'},{'D2'},{'D1'},{'D4'},{'D6'},{'D7'},{'R3'},{'R1'},{'R2'},&,2.0,&
{'D3'},{'D5'},{'D2'},{'D1'},{'D4'},{'D7'},{'R3'},{'D6'},{'R2'},{'R1'},&,1.0,&
{'D3'},{'D5'},{'D2'},{'D1'},{'D4'},{'D7'},{'D6'},{'R1'},{'R2'},{'R3'},&,1.0,&
{'D3'},{'D5'},{'D2'},{'D1'},{'D4'},{'D7'},{'D6'},{'R1'},{'R3'},{'R2'},&,1.0,&
{'D3'},{'D5'},{'D2'},{'D1'},{'D4'},{'D7'},{'D6'},{'R3'},{'R2'},{'R1'},&,1.0,&
{'D3'},{'D5'},{'D2'},{'D1'},{'D4'},{'D7'},{'R1'},{'R3'},{'R2'},{'D6'},&,1.0,&
{'D3'},{'D5'},{'D2'},{'D1'},{'D4'},{'R3'},{'D6'},{'R1'},{'D7'},{'R2'},&,1.0,&
{'D3'},{'D5'},{'D2'},{'D1'},{'R1'},{'D6'},{'D7'},{'D4'},{'R3'},{'R2'},&,1.0,&
{'D3'},{'D5'},{'D2'},{'D1'},{'R1'},{'D4'},{'D7'},{'D6'},{'R3'},{'R2'},&,1.0,&
{'D3'},{'D5'},{'D2'},{'D6'},{'D1'},{'D4'},{'R3'},{'R1'},{'D7'},{'R2'},&,1.0,&
{'D3'},{'D5'},{'D2'},{'D6'},{'D1'},{'D4'},{'R3'},{'D7'},{'R1'},{'R2'},&,4.0,&
{'D3'},{'D5'},{'D2'},{'D6'},{'D1'},{'D4'},{'D7'},{'R1'},{'R2'},{'R3'},&,3.0,&
{'D3'},{'D5'},{'D2'},{'D6'},{'D1'},{'D4'},{'D7'},{'R1'},{'R3'},{'R2'},&,5.0,&
{'D3'},{'D5'},{'D2'},{'D6'},{'D1'},{'D4'},{'D7'},{'R2'},{'R3'},{'R1'},&,2.0,&
{'D3'},{'D5'},{'D2'},{'D6'},{'D1'},{'D4'},{'D7'},{'R2'},{'R1'},{'R3'},&,1.0,&
{'D3'},{'D5'},{'D2'},{'D6'},{'D1'},{'D4'},{'D7'},{'R3'},{'R2'},{'R1'},&,2.0,&
{'D3'},{'D5'},{'D2'},{'D6'},{'D1'},{'D4'},{'D7'},{'R3'},{'R1'},{'R2'},&,1.0,&
{'D3'},{'D5'},{'D2'},{'D6'},{'D1'},{'D7'},{'R3'},{'D4'},{'R2'},{'R1'},&,2.0,&
{'D3'},{'D5'},{'D2'},{'D6'},{'D1'},{'D7'},{'R3'},{'D4'},{'R1'},{'R2'},&,3.0,&
{'D3'},{'D5'},{'D2'},{'D6'},{'D1'},{'D7'},{'D4'},{'R1'},{'R2'},{'R3'},&,2.0,&
{'D3'},{'D5'},{'D2'},{'D6'},{'D1'},{'D7'},{'D4'},{'R1'},{'R3'},{'R2'},&,3.0,&
{'D3'},{'D5'},{'D2'},{'D6'},{'D1'},{'D7'},{'D4'},{'R2'},{'R1'},{'R3'},&,3.0,&
{'D3'},{'D5'},{'D2'},{'D6'},{'D1'},{'D7'},{'D4'},{'R3'},{'R2'},{'R1'},&,4.0,&
{'D3'},{'D5'},{'D2'},{'D6'},{'D1'},{'D7'},{'D4'},{'R3'},{'R1'},{'R2'},&,6.0,&
{'D3'},{'D5'},{'D2'},{'D6'},{'D1'},{'D7'},{'R2'},{'D4'},{'R3'},{'R1'},&,1.0,&
{'D3'},{'D5'},{'D2'},{'D6'},{'D1'},{'D7'},{'R1'},{'D4'},{'R3'},{'R2'},&,1.0,&
{'D3'},{'D5'},{'D2'},{'D6'},{'D1'},{'R3'},{'D4'},{'R2'},{'D7'},{'R1'},&,1.0,&
{'D3'},{'D5'},{'D2'},{'D6'},{'D1'},{'R3'},{'D4'},{'D7'},{'R2'},{'R1'},&,1.0,&
{'D3'},{'D5'},{'D2'},{'D6'},{'D1'},{'R3'},{'D7'},{'D4'},{'R1'},{'R2'},&,1.0,&
{'D3'},{'D5'},{'D2'},{'D6'},{'D7'},{'D4'},{'R3'},{'D1'},{'R2'},{'R1'},&,1.0,&
{'D3'},{'D5'},{'D2'},{'D6'},{'D7'},{'D4'},{'R3'},{'D1'},{'R1'},{'R2'},&,4.0,&
{'D3'},{'D5'},{'D2'},{'D6'},{'D7'},{'D4'},{'D1'},{'R1'},{'R2'},{'R3'},&,2.0,&
{'D3'},{'D5'},{'D2'},{'D6'},{'D7'},{'D4'},{'D1'},{'R1'},{'R3'},{'R2'},&,1.0,&
{'D3'},{'D5'},{'D2'},{'D6'},{'D7'},{'D4'},{'D1'},{'R2'},{'R3'},{'R1'},&,4.0,&
{'D3'},{'D5'},{'D2'},{'D6'},{'D7'},{'D4'},{'D1'},{'R2'},{'R1'},{'R3'},&,1.0,&
{'D3'},{'D5'},{'D2'},{'D6'},{'D7'},{'D4'},{'D1'},{'R3'},{'R2'},{'R1'},&,18.0,&
{'D3'},{'D5'},{'D2'},{'D6'},{'D7'},{'D4'},{'D1'},{'R3'},{'R1'},{'R2'},&,8.0,&
{'D3'},{'D5'},{'D2'},{'D6'},{'D7'},{'D4'},{'R1'},{'D1'},{'R3'},{'R2'},&,1.0,&
{'D3'},{'D5'},{'D2'},{'D6'},{'D7'},{'D1'},{'R3'},{'D4'},{'R2'},{'R1'},&,1.0,&
{'D3'},{'D5'},{'D2'},{'D6'},{'D7'},{'D1'},{'R3'},{'D4'},{'R1'},{'R2'},&,1.0,&
{'D3'},{'D5'},{'D2'},{'D6'},{'D7'},{'D1'},{'D4'},{'R1'},{'R2'},{'R3'},&,2.0,&
{'D3'},{'D5'},{'D2'},{'D6'},{'D7'},{'D1'},{'D4'},{'R1'},{'R3'},{'R2'},&,5.0,&
{'D3'},{'D5'},{'D2'},{'D6'},{'D7'},{'D1'},{'D4'},{'R2'},{'R3'},{'R1'},&,2.0,&
{'D3'},{'D5'},{'D2'},{'D6'},{'D7'},{'D1'},{'D4'},{'R3'},{'R2'},{'R1'},&,4.0,&
{'D3'},{'D5'},{'D2'},{'D6'},{'D7'},{'D1'},{'D4'},{'R3'},{'R1'},{'R2'},&,3.0,&
{'D3'},{'D5'},{'D2'},{'D6'},{'D7'},{'D1'},{'R1'},{'R2'},{'D4'},{'R3'},&,1.0,&
{'D3'},{'D5'},{'D2'},{'D6'},{'D7'},{'D1'},{'R1'},{'D4'},{'R2'},{'R3'},&,1.0,&
{'D3'},{'D5'},{'D2'},{'D6'},{'D7'},{'D1'},{'R1'},{'D4'},{'R3'},{'R2'},&,1.0,&
{'D3'},{'D5'},{'D2'},{'D6'},{'D7'},{'R2'},{'D4'},{'D1'},{'R3'},{'R1'},&,1.0,&
{'D3'},{'D5'},{'D2'},{'D6'},{'D7'},{'R1'},{'D1'},{'D4'},{'R3'},{'R2'},&,1.0,&
{'D3'},{'D5'},{'D2'},{'D6'},{'D7'},{'R3'},{'D4'},{'D1'},{'R1'},{'R2'},&,1.0,&
{'D3'},{'D5'},{'D2'},{'D6'},{'D4'},{'D7'},{'R3'},{'R1'},{'R2'},{'D1'},&,1.0,&
{'D3'},{'D5'},{'D2'},{'D6'},{'D4'},{'D7'},{'R3'},{'R1'},{'D1'},{'R2'},&,1.0,&
{'D3'},{'D5'},{'D2'},{'D6'},{'D4'},{'D7'},{'R3'},{'R2'},{'R1'},{'D1'},&,1.0,&
{'D3'},{'D5'},{'D2'},{'D6'},{'D4'},{'D7'},{'R3'},{'D1'},{'R2'},{'R1'},&,4.0,&
{'D3'},{'D5'},{'D2'},{'D6'},{'D4'},{'D7'},{'D1'},{'R1'},{'R2'},{'R3'},&,2.0,&
{'D3'},{'D5'},{'D2'},{'D6'},{'D4'},{'D7'},{'D1'},{'R1'},{'R3'},{'R2'},&,2.0,&
{'D3'},{'D5'},{'D2'},{'D6'},{'D4'},{'D7'},{'D1'},{'R2'},{'R3'},{'R1'},&,1.0,&
{'D3'},{'D5'},{'D2'},{'D6'},{'D4'},{'D7'},{'D1'},{'R3'},{'R2'},{'R1'},&,6.0,&
{'D3'},{'D5'},{'D2'},{'D6'},{'D4'},{'D7'},{'D1'},{'R3'},{'R1'},{'R2'},&,5.0,&
{'D3'},{'D5'},{'D2'},{'D6'},{'D4'},{'D7'},{'R2'},{'R3'},{'D1'},{'R1'},&,1.0,&
{'D3'},{'D5'},{'D2'},{'D6'},{'D4'},{'D7'},{'R2'},{'D1'},{'R3'},{'R1'},&,2.0,&
{'D3'},{'D5'},{'D2'},{'D6'},{'D4'},{'D7'},{'R1'},{'D1'},{'R3'},{'R2'},&,2.0,&
{'D3'},{'D5'},{'D2'},{'D6'},{'D4'},{'D1'},{'R3'},{'D7'},{'R2'},{'R1'},&,3.0,&
{'D3'},{'D5'},{'D2'},{'D6'},{'D4'},{'D1'},{'R3'},{'D7'},{'R1'},{'R2'},&,3.0,&
{'D3'},{'D5'},{'D2'},{'D6'},{'D4'},{'D1'},{'R2'},{'D7'},{'R3'},{'R1'},&,1.0,&
{'D3'},{'D5'},{'D2'},{'D6'},{'D4'},{'D1'},{'D7'},{'R1'},{'R2'},{'R3'},&,3.0,&
{'D3'},{'D5'},{'D2'},{'D6'},{'D4'},{'D1'},{'D7'},{'R1'},{'R3'},{'R2'},&,1.0,&
{'D3'},{'D5'},{'D2'},{'D6'},{'D4'},{'D1'},{'D7'},{'R2'},{'R3'},{'R1'},&,5.0,&
{'D3'},{'D5'},{'D2'},{'D6'},{'D4'},{'D1'},{'D7'},{'R2'},{'R1'},{'R3'},&,1.0,&
{'D3'},{'D5'},{'D2'},{'D6'},{'D4'},{'D1'},{'D7'},{'R3'},{'R2'},{'R1'},&,3.0,&
{'D3'},{'D5'},{'D2'},{'D6'},{'D4'},{'D1'},{'D7'},{'R3'},{'R1'},{'R2'},&,5.0,&
{'D3'},{'D5'},{'D2'},{'D6'},{'D4'},{'D1'},{'R1'},{'D7'},{'R3'},{'R2'},&,1.0,&
{'D3'},{'D5'},{'D2'},{'D6'},{'D4'},{'R2'},{'D1'},{'R3'},{'R1'},{'D7'},&,1.0,&
{'D3'},{'D5'},{'D2'},{'D6'},{'D4'},{'R1'},{'D7'},{'R3'},{'D1'},{'R2'},&,1.0,&
{'D3'},{'D5'},{'D2'},{'D6'},{'D4'},{'R1'},{'D7'},{'D1'},{'R2'},{'R3'},&,1.0,&
{'D3'},{'D5'},{'D2'},{'D6'},{'D4'},{'R3'},{'D1'},{'D7'},{'R2'},{'R1'},&,1.0,&
{'D3'},{'D5'},{'D2'},{'D6'},{'D4'},{'R3'},{'D7'},{'R2'},{'R1'},{'D1'},&,1.0,&
{'D3'},{'D5'},{'D2'},{'D4'},{'D1'},{'D6'},{'R3'},{'D7'},{'R2'},{'R1'},&,1.0,&
{'D3'},{'D5'},{'D2'},{'D4'},{'D1'},{'D6'},{'R3'},{'D7'},{'R1'},{'R2'},&,2.0,&
{'D3'},{'D5'},{'D2'},{'D4'},{'D1'},{'D6'},{'R2'},{'R3'},{'D7'},{'R1'},&,1.0,&
{'D3'},{'D5'},{'D2'},{'D4'},{'D1'},{'D6'},{'R2'},{'D7'},{'R1'},{'R3'},&,1.0,&
{'D3'},{'D5'},{'D2'},{'D4'},{'D1'},{'D6'},{'D7'},{'R1'},{'R2'},{'R3'},&,1.0,&
{'D3'},{'D5'},{'D2'},{'D4'},{'D1'},{'D6'},{'D7'},{'R2'},{'R3'},{'R1'},&,3.0,&
{'D3'},{'D5'},{'D2'},{'D4'},{'D1'},{'D6'},{'D7'},{'R3'},{'R2'},{'R1'},&,1.0,&
{'D3'},{'D5'},{'D2'},{'D4'},{'D1'},{'D7'},{'R3'},{'D6'},{'R2'},{'R1'},&,1.0,&
{'D3'},{'D5'},{'D2'},{'D4'},{'D1'},{'D7'},{'R3'},{'D6'},{'R1'},{'R2'},&,2.0,&
{'D3'},{'D5'},{'D2'},{'D4'},{'D1'},{'D7'},{'D6'},{'R3'},{'R2'},{'R1'},&,2.0,&
{'D3'},{'D5'},{'D2'},{'D4'},{'D1'},{'D7'},{'R1'},{'D6'},{'R2'},{'R3'},&,1.0,&
{'D3'},{'D5'},{'D2'},{'D4'},{'D1'},{'R3'},{'D6'},{'D7'},{'R2'},{'R1'},&,1.0,&
{'D3'},{'D5'},{'D2'},{'D4'},{'D7'},{'D6'},{'R3'},{'D1'},{'R1'},{'R2'},&,1.0,&
{'D3'},{'D5'},{'D2'},{'D4'},{'D7'},{'D6'},{'D1'},{'R1'},{'R2'},{'R3'},&,1.0,&
{'D3'},{'D5'},{'D2'},{'D4'},{'D7'},{'D6'},{'D1'},{'R2'},{'R3'},{'R1'},&,2.0,&
{'D3'},{'D5'},{'D2'},{'D4'},{'D7'},{'D6'},{'D1'},{'R2'},{'R1'},{'R3'},&,1.0,&
{'D3'},{'D5'},{'D2'},{'D4'},{'D7'},{'D6'},{'D1'},{'R3'},{'R1'},{'R2'},&,4.0,&
{'D3'},{'D5'},{'D2'},{'D4'},{'D7'},{'D6'},{'R2'},{'R1'},{'D1'},{'R3'},&,1.0,&
{'D3'},{'D5'},{'D2'},{'D4'},{'D7'},{'D6'},{'R2'},{'R3'},{'R1'},{'D1'},&,1.0,&
{'D3'},{'D5'},{'D2'},{'D4'},{'D7'},{'D6'},{'R2'},{'D1'},{'R3'},{'R1'},&,1.0,&
{'D3'},{'D5'},{'D2'},{'D4'},{'D7'},{'D6'},{'R1'},{'D1'},{'R2'},{'R3'},&,1.0,&
{'D3'},{'D5'},{'D2'},{'D4'},{'D7'},{'D1'},{'R3'},{'D6'},{'R2'},{'R1'},&,1.0,&
{'D3'},{'D5'},{'D2'},{'D4'},{'D7'},{'D1'},{'R3'},{'D6'},{'R1'},{'R2'},&,2.0,&
{'D3'},{'D5'},{'D2'},{'D4'},{'D7'},{'D1'},{'D6'},{'R1'},{'R2'},{'R3'},&,1.0,&
{'D3'},{'D5'},{'D2'},{'D4'},{'D7'},{'D1'},{'D6'},{'R2'},{'R3'},{'R1'},&,1.0,&
{'D3'},{'D5'},{'D2'},{'D4'},{'D7'},{'D1'},{'D6'},{'R2'},{'R1'},{'R3'},&,1.0,&
{'D3'},{'D5'},{'D2'},{'D4'},{'D7'},{'D1'},{'D6'},{'R3'},{'R1'},{'R2'},&,1.0,&
{'D3'},{'D5'},{'D2'},{'D4'},{'D7'},{'R1'},{'D6'},{'R3'},{'R2'},{'D1'},&,1.0,&
{'D3'},{'D5'},{'D2'},{'D4'},{'D6'},{'D7'},{'R3'},{'R1'},{'R2'},{'D1'},&,1.0,&
{'D3'},{'D5'},{'D2'},{'D4'},{'D6'},{'D7'},{'R3'},{'D1'},{'R2'},{'R1'},&,1.0,&
{'D3'},{'D5'},{'D2'},{'D4'},{'D6'},{'D7'},{'R3'},{'D1'},{'R1'},{'R2'},&,3.0,&
{'D3'},{'D5'},{'D2'},{'D4'},{'D6'},{'D7'},{'D1'},{'R1'},{'R2'},{'R3'},&,3.0,&
{'D3'},{'D5'},{'D2'},{'D4'},{'D6'},{'D7'},{'D1'},{'R1'},{'R3'},{'R2'},&,1.0,&
{'D3'},{'D5'},{'D2'},{'D4'},{'D6'},{'D7'},{'D1'},{'R2'},{'R3'},{'R1'},&,3.0,&
{'D3'},{'D5'},{'D2'},{'D4'},{'D6'},{'D7'},{'D1'},{'R2'},{'R1'},{'R3'},&,2.0,&
{'D3'},{'D5'},{'D2'},{'D4'},{'D6'},{'D7'},{'D1'},{'R3'},{'R2'},{'R1'},&,4.0,&
{'D3'},{'D5'},{'D2'},{'D4'},{'D6'},{'D7'},{'D1'},{'R3'},{'R1'},{'R2'},&,4.0,&
{'D3'},{'D5'},{'D2'},{'D4'},{'D6'},{'D7'},{'R1'},{'R2'},{'D1'},{'R3'},&,1.0,&
{'D3'},{'D5'},{'D2'},{'D4'},{'D6'},{'D7'},{'R1'},{'D1'},{'R2'},{'R3'},&,1.0,&
{'D3'},{'D5'},{'D2'},{'D4'},{'D6'},{'D1'},{'R3'},{'D7'},{'R1'},{'R2'},&,1.0,&
{'D3'},{'D5'},{'D2'},{'D4'},{'D6'},{'D1'},{'R2'},{'D7'},{'R3'},{'R1'},&,2.0,&
{'D3'},{'D5'},{'D2'},{'D4'},{'D6'},{'D1'},{'R2'},{'D7'},{'R1'},{'R3'},&,1.0,&
{'D3'},{'D5'},{'D2'},{'D4'},{'D6'},{'D1'},{'D7'},{'R1'},{'R3'},{'R2'},&,2.0,&
{'D3'},{'D5'},{'D2'},{'D4'},{'D6'},{'D1'},{'D7'},{'R2'},{'R3'},{'R1'},&,3.0,&
{'D3'},{'D5'},{'D2'},{'D4'},{'D6'},{'D1'},{'D7'},{'R3'},{'R2'},{'R1'},&,1.0,&
{'D3'},{'D5'},{'D2'},{'D4'},{'D6'},{'R1'},{'D7'},{'D1'},{'R3'},{'R2'},&,1.0,&
{'D3'},{'D5'},{'D2'},{'D4'},{'D6'},{'R3'},{'D1'},{'D7'},{'R2'},{'R1'},&,1.0,&
{'D3'},{'D5'},{'D2'},{'R2'},{'D4'},{'D7'},{'D6'},{'R3'},{'R1'},{'D1'},&,1.0,&
{'D3'},{'D5'},{'R3'},{'D2'},{'D6'},{'D1'},{'D4'},{'D7'},{'R1'},{'R2'},&,1.0,&
{'D3'},{'D5'},{'R3'},{'D6'},{'D2'},{'D4'},{'D7'},{'D1'},{'R2'},{'R1'},&,1.0,&
{'D3'},{'D1'},{'D4'},{'D7'},{'D2'},{'D5'},{'D6'},{'R1'},{'R2'},{'R3'},&,1.0,&
{'D3'},{'D1'},{'D4'},{'D7'},{'D6'},{'D2'},{'D5'},{'R3'},{'R1'},{'R2'},&,1.0,&
{'D3'},{'D1'},{'D4'},{'D7'},{'D6'},{'D5'},{'D2'},{'R1'},{'R3'},{'R2'},&,1.0,&
{'D3'},{'D1'},{'D4'},{'D7'},{'D6'},{'D5'},{'D2'},{'R3'},{'R1'},{'R2'},&,2.0,&
{'D3'},{'D1'},{'D4'},{'D7'},{'D5'},{'D6'},{'D2'},{'R2'},{'R3'},{'R1'},&,1.0,&
{'D3'},{'D1'},{'D4'},{'D7'},{'D5'},{'D6'},{'D2'},{'R3'},{'R2'},{'R1'},&,1.0,&
{'D3'},{'D1'},{'D4'},{'D7'},{'D5'},{'D6'},{'D2'},{'R3'},{'R1'},{'R2'},&,1.0,&
{'D3'},{'D1'},{'D4'},{'D7'},{'D5'},{'D2'},{'R1'},{'D6'},{'R3'},{'R2'},&,1.0,&
{'D3'},{'D1'},{'D4'},{'D7'},{'D5'},{'R1'},{'D6'},{'R3'},{'D2'},{'R2'},&,1.0,&
{'D3'},{'D1'},{'D4'},{'D7'},{'D5'},{'R3'},{'D6'},{'D2'},{'R1'},{'R2'},&,1.0,&
{'D3'},{'D1'},{'D4'},{'D2'},{'D7'},{'D6'},{'R2'},{'D5'},{'R3'},{'R1'},&,1.0,&
{'D3'},{'D1'},{'D4'},{'D2'},{'D7'},{'D6'},{'D5'},{'R3'},{'R1'},{'R2'},&,1.0,&
{'D3'},{'D1'},{'D4'},{'D2'},{'D7'},{'D5'},{'D6'},{'R3'},{'R1'},{'R2'},&,1.0,&
{'D3'},{'D1'},{'D4'},{'D2'},{'D5'},{'D7'},{'D6'},{'R3'},{'R2'},{'R1'},&,1.0,&
{'D3'},{'D1'},{'D4'},{'D2'},{'D5'},{'D7'},{'D6'},{'R3'},{'R1'},{'R2'},&,1.0,&
{'D3'},{'D1'},{'D4'},{'D5'},{'D7'},{'D6'},{'R3'},{'D2'},{'R1'},{'R2'},&,1.0,&
{'D3'},{'D1'},{'D4'},{'D5'},{'D7'},{'D6'},{'D2'},{'R2'},{'R3'},{'R1'},&,2.0,&
{'D3'},{'D1'},{'D4'},{'D5'},{'D7'},{'D6'},{'D2'},{'R3'},{'R2'},{'R1'},&,2.0,&
{'D3'},{'D1'},{'D4'},{'D5'},{'D7'},{'D6'},{'D2'},{'R3'},{'R1'},{'R2'},&,2.0,&
{'D3'},{'D1'},{'D4'},{'D5'},{'D7'},{'D6'},{'R2'},{'D2'},{'R3'},{'R1'},&,2.0,&
{'D3'},{'D1'},{'D4'},{'D5'},{'D7'},{'D2'},{'D6'},{'R1'},{'R3'},{'R2'},&,1.0,&
{'D3'},{'D1'},{'D4'},{'D5'},{'D2'},{'D6'},{'R3'},{'D7'},{'R1'},{'R2'},&,1.0,&
{'D3'},{'D1'},{'D4'},{'D5'},{'D2'},{'D6'},{'D7'},{'R1'},{'R3'},{'R2'},&,1.0,&
{'D3'},{'D1'},{'D4'},{'D5'},{'D2'},{'D6'},{'D7'},{'R3'},{'R2'},{'R1'},&,2.0,&
{'D3'},{'D1'},{'D4'},{'D5'},{'D2'},{'D6'},{'D7'},{'R3'},{'R1'},{'R2'},&,1.0,&
{'D3'},{'D1'},{'D4'},{'D5'},{'D2'},{'D7'},{'R2'},{'R3'},{'D6'},{'R1'},&,1.0,&
{'D3'},{'D1'},{'D4'},{'D5'},{'D2'},{'D7'},{'D6'},{'R3'},{'R1'},{'R2'},&,2.0,&
{'D3'},{'D1'},{'D4'},{'D5'},{'D2'},{'D7'},{'R1'},{'R3'},{'D6'},{'R2'},&,1.0,&
{'D3'},{'D1'},{'D4'},{'D5'},{'D6'},{'D7'},{'R3'},{'D2'},{'R2'},{'R1'},&,1.0,&
{'D3'},{'D1'},{'D4'},{'D5'},{'D6'},{'D7'},{'D2'},{'R1'},{'R2'},{'R3'},&,1.0,&
{'D3'},{'D1'},{'D4'},{'D5'},{'D6'},{'D7'},{'D2'},{'R1'},{'R3'},{'R2'},&,2.0,&
{'D3'},{'D1'},{'D4'},{'D5'},{'D6'},{'D7'},{'D2'},{'R2'},{'R3'},{'R1'},&,2.0,&
{'D3'},{'D1'},{'D4'},{'D5'},{'D6'},{'D7'},{'D2'},{'R2'},{'R1'},{'R3'},&,1.0,&
{'D3'},{'D1'},{'D4'},{'D5'},{'D6'},{'D7'},{'D2'},{'R3'},{'R2'},{'R1'},&,4.0,&
{'D3'},{'D1'},{'D4'},{'D5'},{'D6'},{'D7'},{'D2'},{'R3'},{'R1'},{'R2'},&,1.0,&
{'D3'},{'D1'},{'D4'},{'D5'},{'D6'},{'D7'},{'R1'},{'D2'},{'R3'},{'R2'},&,1.0,&
{'D3'},{'D1'},{'D4'},{'D5'},{'D6'},{'D7'},{'R1'},{'R3'},{'D2'},{'R2'},&,1.0,&
{'D3'},{'D1'},{'D4'},{'D5'},{'D6'},{'D2'},{'R3'},{'R2'},{'D7'},{'R1'},&,1.0,&
{'D3'},{'D1'},{'D4'},{'D5'},{'D6'},{'D2'},{'R3'},{'D7'},{'R2'},{'R1'},&,1.0,&
{'D3'},{'D1'},{'D4'},{'D5'},{'D6'},{'D2'},{'D7'},{'R1'},{'R3'},{'R2'},&,2.0,&
{'D3'},{'D1'},{'D4'},{'D5'},{'D6'},{'D2'},{'D7'},{'R3'},{'R1'},{'R2'},&,1.0,&
{'D3'},{'D1'},{'D4'},{'D5'},{'D6'},{'R1'},{'D2'},{'D7'},{'R3'},{'R2'},&,1.0,&
{'D3'},{'D1'},{'D4'},{'D5'},{'R2'},{'R3'},{'D7'},{'D6'},{'D2'},{'R1'},&,1.0,&
{'D3'},{'D1'},{'D4'},{'D6'},{'D7'},{'D2'},{'D5'},{'R2'},{'R3'},{'R1'},&,1.0,&
{'D3'},{'D1'},{'D4'},{'D6'},{'D7'},{'D5'},{'D2'},{'R1'},{'R3'},{'R2'},&,2.0,&
{'D3'},{'D1'},{'D4'},{'D6'},{'D7'},{'D5'},{'D2'},{'R3'},{'R1'},{'R2'},&,2.0,&
{'D3'},{'D1'},{'D4'},{'D6'},{'D7'},{'D5'},{'R1'},{'D2'},{'R3'},{'R2'},&,1.0,&
{'D3'},{'D1'},{'D4'},{'D6'},{'D2'},{'D7'},{'D5'},{'R2'},{'R1'},{'R3'},&,1.0,&
{'D3'},{'D1'},{'D4'},{'D6'},{'D2'},{'D5'},{'D7'},{'R3'},{'R1'},{'R2'},&,1.0,&
{'D3'},{'D1'},{'D4'},{'D6'},{'D5'},{'D7'},{'R3'},{'D2'},{'R2'},{'R1'},&,1.0,&
{'D3'},{'D1'},{'D4'},{'D6'},{'D5'},{'D7'},{'R3'},{'D2'},{'R1'},{'R2'},&,1.0,&
{'D3'},{'D1'},{'D4'},{'D6'},{'D5'},{'D7'},{'D2'},{'R1'},{'R3'},{'R2'},&,1.0,&
{'D3'},{'D1'},{'D4'},{'D6'},{'D5'},{'D7'},{'D2'},{'R3'},{'R2'},{'R1'},&,5.0,&
{'D3'},{'D1'},{'D4'},{'D6'},{'D5'},{'D2'},{'R3'},{'D7'},{'R2'},{'R1'},&,1.0,&
{'D3'},{'D1'},{'D4'},{'D6'},{'D5'},{'D2'},{'D7'},{'R2'},{'R3'},{'R1'},&,4.0,&
{'D3'},{'D1'},{'D4'},{'D6'},{'D5'},{'D2'},{'D7'},{'R3'},{'R2'},{'R1'},&,1.0,&
{'D3'},{'D1'},{'D4'},{'D6'},{'D5'},{'R1'},{'D7'},{'D2'},{'R3'},{'R2'},&,1.0,&
{'D3'},{'D1'},{'D4'},{'D6'},{'R2'},{'D7'},{'D2'},{'D5'},{'R1'},{'R3'},&,1.0,&
{'D3'},{'D1'},{'D4'},{'D6'},{'R2'},{'D5'},{'D7'},{'R3'},{'R1'},{'D2'},&,1.0,&
{'D3'},{'D1'},{'D4'},{'D6'},{'R1'},{'D7'},{'D5'},{'D2'},{'R3'},{'R2'},&,1.0,&
{'D3'},{'D1'},{'D5'},{'D7'},{'D2'},{'D6'},{'D4'},{'R1'},{'R2'},{'R3'},&,1.0,&
{'D3'},{'D1'},{'D5'},{'D7'},{'D2'},{'D6'},{'D4'},{'R1'},{'R3'},{'R2'},&,4.0,&
{'D3'},{'D1'},{'D5'},{'D7'},{'D2'},{'D6'},{'D4'},{'R2'},{'R1'},{'R3'},&,1.0,&
{'D3'},{'D1'},{'D5'},{'D7'},{'D2'},{'D6'},{'D4'},{'R3'},{'R2'},{'R1'},&,2.0,&
{'D3'},{'D1'},{'D5'},{'D7'},{'D2'},{'D6'},{'D4'},{'R3'},{'R1'},{'R2'},&,3.0,&
{'D3'},{'D1'},{'D5'},{'D7'},{'D2'},{'D4'},{'R3'},{'D6'},{'R1'},{'R2'},&,1.0,&
{'D3'},{'D1'},{'D5'},{'D7'},{'D2'},{'D4'},{'D6'},{'R1'},{'R3'},{'R2'},&,1.0,&
{'D3'},{'D1'},{'D5'},{'D7'},{'D2'},{'D4'},{'D6'},{'R3'},{'R1'},{'R2'},&,1.0,&
{'D3'},{'D1'},{'D5'},{'D7'},{'D6'},{'D4'},{'R3'},{'D2'},{'R2'},{'R1'},&,2.0,&
{'D3'},{'D1'},{'D5'},{'D7'},{'D6'},{'D4'},{'R3'},{'D2'},{'R1'},{'R2'},&,2.0,&
{'D3'},{'D1'},{'D5'},{'D7'},{'D6'},{'D4'},{'D2'},{'R1'},{'R3'},{'R2'},&,1.0,&
{'D3'},{'D1'},{'D5'},{'D7'},{'D6'},{'D4'},{'D2'},{'R3'},{'R2'},{'R1'},&,5.0,&
{'D3'},{'D1'},{'D5'},{'D7'},{'D6'},{'D4'},{'D2'},{'R3'},{'R1'},{'R2'},&,4.0,&
{'D3'},{'D1'},{'D5'},{'D7'},{'D6'},{'D4'},{'R2'},{'D2'},{'R1'},{'R3'},&,2.0,&
{'D3'},{'D1'},{'D5'},{'D7'},{'D6'},{'D4'},{'R1'},{'D2'},{'R2'},{'R3'},&,1.0,&
{'D3'},{'D1'},{'D5'},{'D7'},{'D6'},{'D2'},{'R3'},{'D4'},{'R1'},{'R2'},&,3.0,&
{'D3'},{'D1'},{'D5'},{'D7'},{'D6'},{'D2'},{'D4'},{'R1'},{'R3'},{'R2'},&,2.0,&
{'D3'},{'D1'},{'D5'},{'D7'},{'D6'},{'D2'},{'D4'},{'R2'},{'R3'},{'R1'},&,2.0,&
{'D3'},{'D1'},{'D5'},{'D7'},{'D6'},{'D2'},{'D4'},{'R3'},{'R2'},{'R1'},&,1.0,&
{'D3'},{'D1'},{'D5'},{'D7'},{'D6'},{'D2'},{'D4'},{'R3'},{'R1'},{'R2'},&,4.0,&
{'D3'},{'D1'},{'D5'},{'D7'},{'D6'},{'D2'},{'R2'},{'R3'},{'D4'},{'R1'},&,1.0,&
{'D3'},{'D1'},{'D5'},{'D7'},{'D6'},{'D2'},{'R1'},{'R3'},{'D4'},{'R2'},&,1.0,&
{'D3'},{'D1'},{'D5'},{'D7'},{'D6'},{'D2'},{'R1'},{'D4'},{'R3'},{'R2'},&,1.0,&
{'D3'},{'D1'},{'D5'},{'D7'},{'D6'},{'R1'},{'D4'},{'D2'},{'R3'},{'R2'},&,1.0,&
{'D3'},{'D1'},{'D5'},{'D7'},{'D4'},{'D6'},{'R3'},{'D2'},{'R2'},{'R1'},&,2.0,&
{'D3'},{'D1'},{'D5'},{'D7'},{'D4'},{'D6'},{'R3'},{'D2'},{'R1'},{'R2'},&,1.0,&
{'D3'},{'D1'},{'D5'},{'D7'},{'D4'},{'D6'},{'D2'},{'R1'},{'R2'},{'R3'},&,1.0,&
{'D3'},{'D1'},{'D5'},{'D7'},{'D4'},{'D6'},{'D2'},{'R1'},{'R3'},{'R2'},&,2.0,&
{'D3'},{'D1'},{'D5'},{'D7'},{'D4'},{'D6'},{'D2'},{'R2'},{'R3'},{'R1'},&,1.0,&
{'D3'},{'D1'},{'D5'},{'D7'},{'D4'},{'D6'},{'D2'},{'R2'},{'R1'},{'R3'},&,1.0,&
{'D3'},{'D1'},{'D5'},{'D7'},{'D4'},{'D6'},{'D2'},{'R3'},{'R2'},{'R1'},&,1.0,&
{'D3'},{'D1'},{'D5'},{'D7'},{'D4'},{'D6'},{'D2'},{'R3'},{'R1'},{'R2'},&,1.0,&
{'D3'},{'D1'},{'D5'},{'D7'},{'D4'},{'D6'},{'R2'},{'D2'},{'R1'},{'R3'},&,1.0,&
{'D3'},{'D1'},{'D5'},{'D7'},{'D4'},{'D2'},{'D6'},{'R1'},{'R3'},{'R2'},&,1.0,&
{'D3'},{'D1'},{'D5'},{'D7'},{'D4'},{'D2'},{'D6'},{'R3'},{'R2'},{'R1'},&,1.0,&
{'D3'},{'D1'},{'D5'},{'D7'},{'D4'},{'D2'},{'R1'},{'R3'},{'D6'},{'R2'},&,1.0,&
{'D3'},{'D1'},{'D5'},{'D7'},{'D4'},{'R3'},{'D6'},{'D2'},{'R1'},{'R2'},&,1.0,&
{'D3'},{'D1'},{'D5'},{'D7'},{'R3'},{'D6'},{'D2'},{'R1'},{'R2'},{'D4'},&,1.0,&
{'D3'},{'D1'},{'D5'},{'D2'},{'D7'},{'D6'},{'D4'},{'R2'},{'R3'},{'R1'},&,2.0,&
{'D3'},{'D1'},{'D5'},{'D2'},{'D7'},{'D6'},{'D4'},{'R2'},{'R1'},{'R3'},&,1.0,&
{'D3'},{'D1'},{'D5'},{'D2'},{'D7'},{'D6'},{'D4'},{'R3'},{'R1'},{'R2'},&,2.0,&
{'D3'},{'D1'},{'D5'},{'D2'},{'D7'},{'D4'},{'R3'},{'D6'},{'R2'},{'R1'},&,1.0,&
{'D3'},{'D1'},{'D5'},{'D2'},{'D7'},{'D4'},{'D6'},{'R2'},{'R3'},{'R1'},&,1.0,&
{'D3'},{'D1'},{'D5'},{'D2'},{'D7'},{'D4'},{'D6'},{'R3'},{'R1'},{'R2'},&,1.0,&
{'D3'},{'D1'},{'D5'},{'D2'},{'D6'},{'D4'},{'R3'},{'R2'},{'D7'},{'R1'},&,1.0,&
{'D3'},{'D1'},{'D5'},{'D2'},{'D6'},{'D4'},{'R2'},{'D7'},{'R1'},{'R3'},&,1.0,&
{'D3'},{'D1'},{'D5'},{'D2'},{'D6'},{'D4'},{'D7'},{'R1'},{'R3'},{'R2'},&,6.0,&
{'D3'},{'D1'},{'D5'},{'D2'},{'D6'},{'D4'},{'D7'},{'R2'},{'R3'},{'R1'},&,1.0,&
{'D3'},{'D1'},{'D5'},{'D2'},{'D6'},{'D4'},{'D7'},{'R3'},{'R2'},{'R1'},&,1.0,&
{'D3'},{'D1'},{'D5'},{'D2'},{'D6'},{'D4'},{'D7'},{'R3'},{'R1'},{'R2'},&,2.0,&
{'D3'},{'D1'},{'D5'},{'D2'},{'D6'},{'D4'},{'R1'},{'D7'},{'R2'},{'R3'},&,1.0,&
{'D3'},{'D1'},{'D5'},{'D2'},{'D6'},{'D4'},{'R1'},{'D7'},{'R3'},{'R2'},&,1.0,&
{'D3'},{'D1'},{'D5'},{'D2'},{'D6'},{'D7'},{'R3'},{'R2'},{'D4'},{'R1'},&,1.0,&
{'D3'},{'D1'},{'D5'},{'D2'},{'D6'},{'D7'},{'R3'},{'D4'},{'R1'},{'R2'},&,3.0,&
{'D3'},{'D1'},{'D5'},{'D2'},{'D6'},{'D7'},{'D4'},{'R1'},{'R3'},{'R2'},&,2.0,&
{'D3'},{'D1'},{'D5'},{'D2'},{'D6'},{'D7'},{'D4'},{'R2'},{'R1'},{'R3'},&,1.0,&
{'D3'},{'D1'},{'D5'},{'D2'},{'D6'},{'D7'},{'D4'},{'R3'},{'R2'},{'R1'},&,2.0,&
{'D3'},{'D1'},{'D5'},{'D2'},{'D6'},{'D7'},{'D4'},{'R3'},{'R1'},{'R2'},&,1.0,&
{'D3'},{'D1'},{'D5'},{'D2'},{'D4'},{'D6'},{'R3'},{'D7'},{'R2'},{'R1'},&,2.0,&
{'D3'},{'D1'},{'D5'},{'D2'},{'D4'},{'D6'},{'D7'},{'R2'},{'R3'},{'R1'},&,2.0,&
{'D3'},{'D1'},{'D5'},{'D2'},{'D4'},{'D6'},{'R1'},{'D7'},{'R2'},{'R3'},&,1.0,&
{'D3'},{'D1'},{'D5'},{'D2'},{'D4'},{'D7'},{'R3'},{'D6'},{'R2'},{'R1'},&,1.0,&
{'D3'},{'D1'},{'D5'},{'D2'},{'D4'},{'D7'},{'D6'},{'R2'},{'R3'},{'R1'},&,1.0,&
{'D3'},{'D1'},{'D5'},{'D2'},{'D4'},{'D7'},{'D6'},{'R3'},{'R2'},{'R1'},&,1.0,&
{'D3'},{'D1'},{'D5'},{'D2'},{'D4'},{'D7'},{'D6'},{'R3'},{'R1'},{'R2'},&,2.0,&
{'D3'},{'D1'},{'D5'},{'D2'},{'D4'},{'R3'},{'D6'},{'D7'},{'R2'},{'R1'},&,1.0,&
{'D3'},{'D1'},{'D5'},{'D2'},{'D4'},{'R3'},{'D6'},{'D7'},{'R1'},{'R2'},&,1.0,&
{'D3'},{'D1'},{'D5'},{'D6'},{'D7'},{'D4'},{'D2'},{'R1'},{'R2'},{'R3'},&,4.0,&
{'D3'},{'D1'},{'D5'},{'D6'},{'D7'},{'D4'},{'D2'},{'R1'},{'R3'},{'R2'},&,4.0,&
{'D3'},{'D1'},{'D5'},{'D6'},{'D7'},{'D4'},{'D2'},{'R2'},{'R3'},{'R1'},&,3.0,&
{'D3'},{'D1'},{'D5'},{'D6'},{'D7'},{'D4'},{'D2'},{'R2'},{'R1'},{'R3'},&,2.0,&
{'D3'},{'D1'},{'D5'},{'D6'},{'D7'},{'D4'},{'D2'},{'R3'},{'R2'},{'R1'},&,4.0,&
{'D3'},{'D1'},{'D5'},{'D6'},{'D7'},{'D4'},{'D2'},{'R3'},{'R1'},{'R2'},&,9.0,&
{'D3'},{'D1'},{'D5'},{'D6'},{'D7'},{'D4'},{'R2'},{'D2'},{'R3'},{'R1'},&,1.0,&
{'D3'},{'D1'},{'D5'},{'D6'},{'D7'},{'D4'},{'R1'},{'D2'},{'R3'},{'R2'},&,2.0,&
{'D3'},{'D1'},{'D5'},{'D6'},{'D7'},{'D4'},{'R1'},{'R2'},{'D2'},{'R3'},&,1.0,&
{'D3'},{'D1'},{'D5'},{'D6'},{'D7'},{'D2'},{'R3'},{'R1'},{'R2'},{'D4'},&,1.0,&
{'D3'},{'D1'},{'D5'},{'D6'},{'D7'},{'D2'},{'R3'},{'D4'},{'R2'},{'R1'},&,3.0,&
{'D3'},{'D1'},{'D5'},{'D6'},{'D7'},{'D2'},{'D4'},{'R1'},{'R3'},{'R2'},&,2.0,&
{'D3'},{'D1'},{'D5'},{'D6'},{'D7'},{'D2'},{'D4'},{'R2'},{'R3'},{'R1'},&,2.0,&
{'D3'},{'D1'},{'D5'},{'D6'},{'D7'},{'D2'},{'D4'},{'R3'},{'R2'},{'R1'},&,2.0,&
{'D3'},{'D1'},{'D5'},{'D6'},{'D7'},{'D2'},{'D4'},{'R3'},{'R1'},{'R2'},&,4.0,&
{'D3'},{'D1'},{'D5'},{'D6'},{'D7'},{'D2'},{'R2'},{'D4'},{'R3'},{'R1'},&,1.0,&
{'D3'},{'D1'},{'D5'},{'D6'},{'D7'},{'D2'},{'R1'},{'R3'},{'D4'},{'R2'},&,1.0,&
{'D3'},{'D1'},{'D5'},{'D6'},{'D7'},{'D2'},{'R1'},{'D4'},{'R2'},{'R3'},&,1.0,&
{'D3'},{'D1'},{'D5'},{'D6'},{'D7'},{'D2'},{'R1'},{'D4'},{'R3'},{'R2'},&,2.0,&
{'D3'},{'D1'},{'D5'},{'D6'},{'D7'},{'R1'},{'D2'},{'D4'},{'R2'},{'R3'},&,1.0,&
{'D3'},{'D1'},{'D5'},{'D6'},{'D7'},{'R3'},{'D4'},{'D2'},{'R2'},{'R1'},&,1.0,&
{'D3'},{'D1'},{'D5'},{'D6'},{'D2'},{'D4'},{'R3'},{'R2'},{'R1'},{'D7'},&,1.0,&
{'D3'},{'D1'},{'D5'},{'D6'},{'D2'},{'D4'},{'R3'},{'D7'},{'R2'},{'R1'},&,1.0,&
{'D3'},{'D1'},{'D5'},{'D6'},{'D2'},{'D4'},{'R3'},{'D7'},{'R1'},{'R2'},&,1.0,&
{'D3'},{'D1'},{'D5'},{'D6'},{'D2'},{'D4'},{'D7'},{'R1'},{'R3'},{'R2'},&,1.0,&
{'D3'},{'D1'},{'D5'},{'D6'},{'D2'},{'D4'},{'D7'},{'R2'},{'R3'},{'R1'},&,2.0,&
{'D3'},{'D1'},{'D5'},{'D6'},{'D2'},{'D4'},{'D7'},{'R3'},{'R2'},{'R1'},&,3.0,&
{'D3'},{'D1'},{'D5'},{'D6'},{'D2'},{'D4'},{'D7'},{'R3'},{'R1'},{'R2'},&,2.0,&
{'D3'},{'D1'},{'D5'},{'D6'},{'D2'},{'D4'},{'R1'},{'D7'},{'R2'},{'R3'},&,1.0,&
{'D3'},{'D1'},{'D5'},{'D6'},{'D2'},{'D7'},{'R3'},{'R1'},{'D4'},{'R2'},&,1.0,&
{'D3'},{'D1'},{'D5'},{'D6'},{'D2'},{'D7'},{'R3'},{'R2'},{'D4'},{'R1'},&,1.0,&
{'D3'},{'D1'},{'D5'},{'D6'},{'D2'},{'D7'},{'R3'},{'D4'},{'R2'},{'R1'},&,3.0,&
{'D3'},{'D1'},{'D5'},{'D6'},{'D2'},{'D7'},{'D4'},{'R1'},{'R2'},{'R3'},&,1.0,&
{'D3'},{'D1'},{'D5'},{'D6'},{'D2'},{'D7'},{'D4'},{'R1'},{'R3'},{'R2'},&,1.0,&
{'D3'},{'D1'},{'D5'},{'D6'},{'D2'},{'D7'},{'D4'},{'R2'},{'R3'},{'R1'},&,1.0,&
{'D3'},{'D1'},{'D5'},{'D6'},{'D2'},{'D7'},{'D4'},{'R2'},{'R1'},{'R3'},&,1.0,&
{'D3'},{'D1'},{'D5'},{'D6'},{'D2'},{'D7'},{'D4'},{'R3'},{'R2'},{'R1'},&,1.0,&
{'D3'},{'D1'},{'D5'},{'D6'},{'D2'},{'D7'},{'D4'},{'R3'},{'R1'},{'R2'},&,2.0,&
{'D3'},{'D1'},{'D5'},{'D6'},{'D2'},{'R2'},{'D4'},{'D7'},{'R3'},{'R1'},&,1.0,&
{'D3'},{'D1'},{'D5'},{'D6'},{'D4'},{'D7'},{'D2'},{'R1'},{'R2'},{'R3'},&,1.0,&
{'D3'},{'D1'},{'D5'},{'D6'},{'D4'},{'D7'},{'D2'},{'R1'},{'R3'},{'R2'},&,3.0,&
{'D3'},{'D1'},{'D5'},{'D6'},{'D4'},{'D7'},{'D2'},{'R2'},{'R3'},{'R1'},&,2.0,&
{'D3'},{'D1'},{'D5'},{'D6'},{'D4'},{'D7'},{'D2'},{'R2'},{'R1'},{'R3'},&,1.0,&
{'D3'},{'D1'},{'D5'},{'D6'},{'D4'},{'D7'},{'D2'},{'R3'},{'R2'},{'R1'},&,7.0,&
{'D3'},{'D1'},{'D5'},{'D6'},{'D4'},{'D7'},{'D2'},{'R3'},{'R1'},{'R2'},&,8.0,&
{'D3'},{'D1'},{'D5'},{'D6'},{'D4'},{'D7'},{'R2'},{'D2'},{'R3'},{'R1'},&,2.0,&
{'D3'},{'D1'},{'D5'},{'D6'},{'D4'},{'D7'},{'R2'},{'D2'},{'R1'},{'R3'},&,1.0,&
{'D3'},{'D1'},{'D5'},{'D6'},{'D4'},{'D7'},{'R1'},{'D2'},{'R3'},{'R2'},&,1.0,&
{'D3'},{'D1'},{'D5'},{'D6'},{'D4'},{'D2'},{'R3'},{'R1'},{'R2'},{'D7'},&,1.0,&
{'D3'},{'D1'},{'D5'},{'D6'},{'D4'},{'D2'},{'R3'},{'R2'},{'D7'},{'R1'},&,1.0,&
{'D3'},{'D1'},{'D5'},{'D6'},{'D4'},{'D2'},{'R2'},{'R3'},{'D7'},{'R1'},&,1.0,&
{'D3'},{'D1'},{'D5'},{'D6'},{'D4'},{'D2'},{'R2'},{'D7'},{'R1'},{'R3'},&,1.0,&
{'D3'},{'D1'},{'D5'},{'D6'},{'D4'},{'D2'},{'D7'},{'R1'},{'R2'},{'R3'},&,1.0,&
{'D3'},{'D1'},{'D5'},{'D6'},{'D4'},{'D2'},{'D7'},{'R1'},{'R3'},{'R2'},&,1.0,&
{'D3'},{'D1'},{'D5'},{'D6'},{'D4'},{'D2'},{'D7'},{'R2'},{'R3'},{'R1'},&,2.0,&
{'D3'},{'D1'},{'D5'},{'D6'},{'D4'},{'D2'},{'D7'},{'R2'},{'R1'},{'R3'},&,1.0,&
{'D3'},{'D1'},{'D5'},{'D6'},{'D4'},{'D2'},{'D7'},{'R3'},{'R2'},{'R1'},&,4.0,&
{'D3'},{'D1'},{'D5'},{'D6'},{'D4'},{'D2'},{'D7'},{'R3'},{'R1'},{'R2'},&,9.0,&
{'D3'},{'D1'},{'D5'},{'D6'},{'D4'},{'D2'},{'R1'},{'D7'},{'R3'},{'R2'},&,1.0,&
{'D3'},{'D1'},{'D5'},{'D6'},{'D4'},{'R3'},{'D2'},{'D7'},{'R1'},{'R2'},&,1.0,&
{'D3'},{'D1'},{'D5'},{'D6'},{'R3'},{'D2'},{'D7'},{'D4'},{'R1'},{'R2'},&,1.0,&
{'D3'},{'D1'},{'D5'},{'D4'},{'D7'},{'D6'},{'R3'},{'D2'},{'R2'},{'R1'},&,1.0,&
{'D3'},{'D1'},{'D5'},{'D4'},{'D7'},{'D6'},{'D2'},{'R1'},{'R2'},{'R3'},&,1.0,&
{'D3'},{'D1'},{'D5'},{'D4'},{'D7'},{'D6'},{'D2'},{'R1'},{'R3'},{'R2'},&,2.0,&
{'D3'},{'D1'},{'D5'},{'D4'},{'D7'},{'D6'},{'D2'},{'R2'},{'R1'},{'R3'},&,1.0,&
{'D3'},{'D1'},{'D5'},{'D4'},{'D7'},{'D6'},{'D2'},{'R3'},{'R2'},{'R1'},&,1.0,&
{'D3'},{'D1'},{'D5'},{'D4'},{'D7'},{'D6'},{'D2'},{'R3'},{'R1'},{'R2'},&,2.0,&
{'D3'},{'D1'},{'D5'},{'D4'},{'D7'},{'D2'},{'R3'},{'D6'},{'R2'},{'R1'},&,1.0,&
{'D3'},{'D1'},{'D5'},{'D4'},{'D7'},{'D2'},{'D6'},{'R3'},{'R2'},{'R1'},&,1.0,&
{'D3'},{'D1'},{'D5'},{'D4'},{'D7'},{'D2'},{'D6'},{'R3'},{'R1'},{'R2'},&,2.0,&
{'D3'},{'D1'},{'D5'},{'D4'},{'D2'},{'D6'},{'D7'},{'R2'},{'R1'},{'R3'},&,1.0,&
{'D3'},{'D1'},{'D5'},{'D4'},{'D2'},{'D6'},{'D7'},{'R3'},{'R1'},{'R2'},&,1.0,&
{'D3'},{'D1'},{'D5'},{'D4'},{'D2'},{'D7'},{'R3'},{'D6'},{'R2'},{'R1'},&,1.0,&
{'D3'},{'D1'},{'D5'},{'D4'},{'D2'},{'D7'},{'D6'},{'R1'},{'R2'},{'R3'},&,1.0,&
{'D3'},{'D1'},{'D5'},{'D4'},{'D2'},{'D7'},{'D6'},{'R3'},{'R2'},{'R1'},&,2.0,&
{'D3'},{'D1'},{'D5'},{'D4'},{'D2'},{'D7'},{'R1'},{'D6'},{'R3'},{'R2'},&,1.0,&
{'D3'},{'D1'},{'D5'},{'D4'},{'D2'},{'R3'},{'D6'},{'D7'},{'R2'},{'R1'},&,1.0,&
{'D3'},{'D1'},{'D5'},{'D4'},{'D6'},{'D7'},{'R3'},{'D2'},{'R2'},{'R1'},&,2.0,&
{'D3'},{'D1'},{'D5'},{'D4'},{'D6'},{'D7'},{'R3'},{'D2'},{'R1'},{'R2'},&,1.0,&
{'D3'},{'D1'},{'D5'},{'D4'},{'D6'},{'D7'},{'D2'},{'R1'},{'R2'},{'R3'},&,1.0,&
{'D3'},{'D1'},{'D5'},{'D4'},{'D6'},{'D7'},{'D2'},{'R1'},{'R3'},{'R2'},&,3.0,&
{'D3'},{'D1'},{'D5'},{'D4'},{'D6'},{'D7'},{'D2'},{'R2'},{'R3'},{'R1'},&,3.0,&
{'D3'},{'D1'},{'D5'},{'D4'},{'D6'},{'D7'},{'D2'},{'R2'},{'R1'},{'R3'},&,2.0,&
{'D3'},{'D1'},{'D5'},{'D4'},{'D6'},{'D7'},{'D2'},{'R3'},{'R2'},{'R1'},&,4.0,&
{'D3'},{'D1'},{'D5'},{'D4'},{'D6'},{'D7'},{'D2'},{'R3'},{'R1'},{'R2'},&,8.0,&
{'D3'},{'D1'},{'D5'},{'D4'},{'D6'},{'D7'},{'R2'},{'D2'},{'R3'},{'R1'},&,2.0,&
{'D3'},{'D1'},{'D5'},{'D4'},{'D6'},{'D7'},{'R2'},{'R1'},{'D2'},{'R3'},&,1.0,&
{'D3'},{'D1'},{'D5'},{'D4'},{'D6'},{'D2'},{'R2'},{'D7'},{'R3'},{'R1'},&,1.0,&
{'D3'},{'D1'},{'D5'},{'D4'},{'D6'},{'D2'},{'R2'},{'D7'},{'R1'},{'R3'},&,1.0,&
{'D3'},{'D1'},{'D5'},{'D4'},{'D6'},{'D2'},{'D7'},{'R1'},{'R2'},{'R3'},&,1.0,&
{'D3'},{'D1'},{'D5'},{'D4'},{'D6'},{'D2'},{'D7'},{'R1'},{'R3'},{'R2'},&,2.0,&
{'D3'},{'D1'},{'D5'},{'D4'},{'D6'},{'D2'},{'D7'},{'R2'},{'R3'},{'R1'},&,2.0,&
{'D3'},{'D1'},{'D5'},{'D4'},{'D6'},{'D2'},{'D7'},{'R3'},{'R2'},{'R1'},&,1.0,&
{'D3'},{'D1'},{'D5'},{'D4'},{'D6'},{'D2'},{'D7'},{'R3'},{'R1'},{'R2'},&,1.0,&
{'D3'},{'D1'},{'D5'},{'D4'},{'D6'},{'D2'},{'R1'},{'D7'},{'R2'},{'R3'},&,1.0,&
{'D3'},{'D1'},{'D6'},{'D7'},{'D2'},{'D5'},{'R3'},{'D4'},{'R1'},{'R2'},&,1.0,&
{'D3'},{'D1'},{'D6'},{'D7'},{'D2'},{'D5'},{'D4'},{'R3'},{'R1'},{'R2'},&,1.0,&
{'D3'},{'D1'},{'D6'},{'D7'},{'D4'},{'D5'},{'D2'},{'R1'},{'R3'},{'R2'},&,2.0,&
{'D3'},{'D1'},{'D6'},{'D7'},{'D4'},{'D5'},{'D2'},{'R2'},{'R1'},{'R3'},&,1.0,&
{'D3'},{'D1'},{'D6'},{'D7'},{'D4'},{'D5'},{'D2'},{'R3'},{'R2'},{'R1'},&,1.0,&
{'D3'},{'D1'},{'D6'},{'D7'},{'D4'},{'D5'},{'D2'},{'R3'},{'R1'},{'R2'},&,2.0,&
{'D3'},{'D1'},{'D6'},{'D7'},{'D5'},{'D4'},{'D2'},{'R1'},{'R2'},{'R3'},&,1.0,&
{'D3'},{'D1'},{'D6'},{'D7'},{'D5'},{'D4'},{'D2'},{'R1'},{'R3'},{'R2'},&,2.0,&
{'D3'},{'D1'},{'D6'},{'D7'},{'D5'},{'D4'},{'D2'},{'R2'},{'R3'},{'R1'},&,1.0,&
{'D3'},{'D1'},{'D6'},{'D7'},{'D5'},{'D4'},{'D2'},{'R3'},{'R2'},{'R1'},&,1.0,&
{'D3'},{'D1'},{'D6'},{'D7'},{'D5'},{'D4'},{'D2'},{'R3'},{'R1'},{'R2'},&,2.0,&
{'D3'},{'D1'},{'D6'},{'D7'},{'D5'},{'D4'},{'R2'},{'D2'},{'R3'},{'R1'},&,1.0,&
{'D3'},{'D1'},{'D6'},{'D7'},{'D5'},{'D2'},{'R3'},{'D4'},{'R2'},{'R1'},&,1.0,&
{'D3'},{'D1'},{'D6'},{'D7'},{'D5'},{'D2'},{'R3'},{'D4'},{'R1'},{'R2'},&,2.0,&
{'D3'},{'D1'},{'D6'},{'D7'},{'D5'},{'D2'},{'D4'},{'R2'},{'R3'},{'R1'},&,1.0,&
{'D3'},{'D1'},{'D6'},{'D7'},{'D5'},{'D2'},{'D4'},{'R3'},{'R2'},{'R1'},&,2.0,&
{'D3'},{'D1'},{'D6'},{'D7'},{'D5'},{'D2'},{'D4'},{'R3'},{'R1'},{'R2'},&,2.0,&
{'D3'},{'D1'},{'D6'},{'D7'},{'D5'},{'R3'},{'D4'},{'D2'},{'R2'},{'R1'},&,1.0,&
{'D3'},{'D1'},{'D6'},{'D7'},{'D5'},{'R3'},{'D4'},{'D2'},{'R1'},{'R2'},&,1.0,&
{'D3'},{'D1'},{'D6'},{'D2'},{'D7'},{'D4'},{'D5'},{'R1'},{'R3'},{'R2'},&,1.0,&
{'D3'},{'D1'},{'D6'},{'D2'},{'D7'},{'D4'},{'D5'},{'R3'},{'R1'},{'R2'},&,1.0,&
{'D3'},{'D1'},{'D6'},{'D2'},{'D7'},{'D5'},{'D4'},{'R1'},{'R3'},{'R2'},&,1.0,&
{'D3'},{'D1'},{'D6'},{'D2'},{'D7'},{'D5'},{'D4'},{'R2'},{'R1'},{'R3'},&,1.0,&
{'D3'},{'D1'},{'D6'},{'D2'},{'D7'},{'D5'},{'D4'},{'R3'},{'R2'},{'R1'},&,1.0,&
{'D3'},{'D1'},{'D6'},{'D2'},{'D7'},{'D5'},{'R2'},{'R3'},{'D4'},{'R1'},&,1.0,&
{'D3'},{'D1'},{'D6'},{'D2'},{'D4'},{'D5'},{'R3'},{'R2'},{'R1'},{'D7'},&,1.0,&
{'D3'},{'D1'},{'D6'},{'D2'},{'D4'},{'D5'},{'D7'},{'R3'},{'R1'},{'R2'},&,1.0,&
{'D3'},{'D1'},{'D6'},{'D2'},{'D5'},{'D4'},{'D7'},{'R2'},{'R3'},{'R1'},&,1.0,&
{'D3'},{'D1'},{'D6'},{'D2'},{'D5'},{'D4'},{'D7'},{'R3'},{'R2'},{'R1'},&,1.0,&
{'D3'},{'D1'},{'D6'},{'D2'},{'D5'},{'D4'},{'D7'},{'R3'},{'R1'},{'R2'},&,1.0,&
{'D3'},{'D1'},{'D6'},{'D2'},{'D5'},{'D7'},{'R3'},{'D4'},{'R2'},{'R1'},&,1.0,&
{'D3'},{'D1'},{'D6'},{'D2'},{'D5'},{'D7'},{'R3'},{'D4'},{'R1'},{'R2'},&,1.0,&
{'D3'},{'D1'},{'D6'},{'D2'},{'D5'},{'D7'},{'D4'},{'R2'},{'R3'},{'R1'},&,2.0,&
{'D3'},{'D1'},{'D6'},{'D2'},{'R1'},{'D5'},{'D4'},{'D7'},{'R3'},{'R2'},&,1.0,&
{'D3'},{'D1'},{'D6'},{'D5'},{'D7'},{'D4'},{'R3'},{'D2'},{'R2'},{'R1'},&,3.0,&
{'D3'},{'D1'},{'D6'},{'D5'},{'D7'},{'D4'},{'D2'},{'R1'},{'R3'},{'R2'},&,3.0,&
{'D3'},{'D1'},{'D6'},{'D5'},{'D7'},{'D4'},{'D2'},{'R2'},{'R3'},{'R1'},&,1.0,&
{'D3'},{'D1'},{'D6'},{'D5'},{'D7'},{'D4'},{'D2'},{'R2'},{'R1'},{'R3'},&,1.0,&
{'D3'},{'D1'},{'D6'},{'D5'},{'D7'},{'D4'},{'D2'},{'R3'},{'R2'},{'R1'},&,10.0,&
{'D3'},{'D1'},{'D6'},{'D5'},{'D7'},{'D4'},{'D2'},{'R3'},{'R1'},{'R2'},&,4.0,&
{'D3'},{'D1'},{'D6'},{'D5'},{'D7'},{'D2'},{'R3'},{'R1'},{'D4'},{'R2'},&,1.0,&
{'D3'},{'D1'},{'D6'},{'D5'},{'D7'},{'D2'},{'D4'},{'R1'},{'R3'},{'R2'},&,2.0,&
{'D3'},{'D1'},{'D6'},{'D5'},{'D7'},{'D2'},{'D4'},{'R2'},{'R3'},{'R1'},&,1.0,&
{'D3'},{'D1'},{'D6'},{'D5'},{'D7'},{'D2'},{'D4'},{'R2'},{'R1'},{'R3'},&,2.0,&
{'D3'},{'D1'},{'D6'},{'D5'},{'D7'},{'D2'},{'D4'},{'R3'},{'R2'},{'R1'},&,3.0,&
{'D3'},{'D1'},{'D6'},{'D5'},{'D7'},{'D2'},{'D4'},{'R3'},{'R1'},{'R2'},&,6.0,&
{'D3'},{'D1'},{'D6'},{'D5'},{'D7'},{'D2'},{'R2'},{'D4'},{'R3'},{'R1'},&,1.0,&
{'D3'},{'D1'},{'D6'},{'D5'},{'D7'},{'D2'},{'R1'},{'D4'},{'R3'},{'R2'},&,2.0,&
{'D3'},{'D1'},{'D6'},{'D5'},{'D7'},{'R3'},{'D2'},{'R2'},{'D4'},{'R1'},&,1.0,&
{'D3'},{'D1'},{'D6'},{'D5'},{'D2'},{'D4'},{'R2'},{'D7'},{'R1'},{'R3'},&,1.0,&
{'D3'},{'D1'},{'D6'},{'D5'},{'D2'},{'D4'},{'D7'},{'R1'},{'R3'},{'R2'},&,1.0,&
{'D3'},{'D1'},{'D6'},{'D5'},{'D2'},{'D4'},{'D7'},{'R2'},{'R1'},{'R3'},&,1.0,&
{'D3'},{'D1'},{'D6'},{'D5'},{'D2'},{'D4'},{'D7'},{'R3'},{'R2'},{'R1'},&,2.0,&
{'D3'},{'D1'},{'D6'},{'D5'},{'D2'},{'D4'},{'D7'},{'R3'},{'R1'},{'R2'},&,3.0,&
{'D3'},{'D1'},{'D6'},{'D5'},{'D2'},{'D7'},{'R3'},{'D4'},{'R2'},{'R1'},&,1.0,&
{'D3'},{'D1'},{'D6'},{'D5'},{'D2'},{'D7'},{'R3'},{'D4'},{'R1'},{'R2'},&,1.0,&
{'D3'},{'D1'},{'D6'},{'D5'},{'D2'},{'D7'},{'D4'},{'R1'},{'R2'},{'R3'},&,1.0,&
{'D3'},{'D1'},{'D6'},{'D5'},{'D2'},{'D7'},{'D4'},{'R3'},{'R2'},{'R1'},&,6.0,&
{'D3'},{'D1'},{'D6'},{'D5'},{'D2'},{'D7'},{'D4'},{'R3'},{'R1'},{'R2'},&,3.0,&
{'D3'},{'D1'},{'D6'},{'D5'},{'D2'},{'D7'},{'R2'},{'R1'},{'D4'},{'R3'},&,1.0,&
{'D3'},{'D1'},{'D6'},{'D5'},{'D2'},{'D7'},{'R2'},{'D4'},{'R1'},{'R3'},&,1.0,&
{'D3'},{'D1'},{'D6'},{'D5'},{'D2'},{'R2'},{'D4'},{'D7'},{'R1'},{'R3'},&,1.0,&
{'D3'},{'D1'},{'D6'},{'D5'},{'D2'},{'R3'},{'D4'},{'D7'},{'R2'},{'R1'},&,1.0,&
{'D3'},{'D1'},{'D6'},{'D5'},{'D4'},{'D7'},{'R3'},{'D2'},{'R2'},{'R1'},&,1.0,&
{'D3'},{'D1'},{'D6'},{'D5'},{'D4'},{'D7'},{'R3'},{'D2'},{'R1'},{'R2'},&,1.0,&
{'D3'},{'D1'},{'D6'},{'D5'},{'D4'},{'D7'},{'R3'},{'R2'},{'D2'},{'R1'},&,1.0,&
{'D3'},{'D1'},{'D6'},{'D5'},{'D4'},{'D7'},{'D2'},{'R1'},{'R2'},{'R3'},&,1.0,&
{'D3'},{'D1'},{'D6'},{'D5'},{'D4'},{'D7'},{'D2'},{'R1'},{'R3'},{'R2'},&,1.0,&
{'D3'},{'D1'},{'D6'},{'D5'},{'D4'},{'D7'},{'D2'},{'R2'},{'R3'},{'R1'},&,1.0,&
{'D3'},{'D1'},{'D6'},{'D5'},{'D4'},{'D7'},{'D2'},{'R2'},{'R1'},{'R3'},&,1.0,&
{'D3'},{'D1'},{'D6'},{'D5'},{'D4'},{'D7'},{'D2'},{'R3'},{'R2'},{'R1'},&,8.0,&
{'D3'},{'D1'},{'D6'},{'D5'},{'D4'},{'D7'},{'D2'},{'R3'},{'R1'},{'R2'},&,3.0,&
{'D3'},{'D1'},{'D6'},{'D5'},{'D4'},{'D7'},{'R2'},{'R3'},{'D2'},{'R1'},&,1.0,&
{'D3'},{'D1'},{'D6'},{'D5'},{'D4'},{'D7'},{'R1'},{'D2'},{'R3'},{'R2'},&,1.0,&
{'D3'},{'D1'},{'D6'},{'D5'},{'D4'},{'D2'},{'R3'},{'D7'},{'R2'},{'R1'},&,1.0,&
{'D3'},{'D1'},{'D6'},{'D5'},{'D4'},{'D2'},{'R2'},{'D7'},{'R3'},{'R1'},&,2.0,&
{'D3'},{'D1'},{'D6'},{'D5'},{'D4'},{'D2'},{'D7'},{'R1'},{'R2'},{'R3'},&,2.0,&
{'D3'},{'D1'},{'D6'},{'D5'},{'D4'},{'D2'},{'D7'},{'R1'},{'R3'},{'R2'},&,1.0,&
{'D3'},{'D1'},{'D6'},{'D5'},{'D4'},{'D2'},{'D7'},{'R2'},{'R1'},{'R3'},&,1.0,&
{'D3'},{'D1'},{'D6'},{'D5'},{'D4'},{'D2'},{'D7'},{'R3'},{'R2'},{'R1'},&,2.0,&
{'D3'},{'D1'},{'D6'},{'D5'},{'D4'},{'D2'},{'D7'},{'R3'},{'R1'},{'R2'},&,2.0,&
{'D3'},{'D1'},{'D6'},{'D5'},{'D4'},{'D2'},{'R1'},{'D7'},{'R3'},{'R2'},&,1.0,&
{'D3'},{'D1'},{'D6'},{'D5'},{'D4'},{'R3'},{'D2'},{'D7'},{'R1'},{'R2'},&,1.0,&
{'D3'},{'D1'},{'D6'},{'D5'},{'D4'},{'R3'},{'D7'},{'D2'},{'R2'},{'R1'},&,2.0,&
{'D3'},{'D1'},{'D6'},{'D5'},{'R3'},{'D4'},{'D7'},{'D2'},{'R2'},{'R1'},&,1.0,&
{'D3'},{'D1'},{'D6'},{'D5'},{'R1'},{'D7'},{'D4'},{'R3'},{'R2'},{'D2'},&,1.0,&
{'D3'},{'D1'},{'D6'},{'D4'},{'D7'},{'D5'},{'R3'},{'D2'},{'R2'},{'R1'},&,1.0,&
{'D3'},{'D1'},{'D6'},{'D4'},{'D7'},{'D5'},{'R3'},{'D2'},{'R1'},{'R2'},&,1.0,&
{'D3'},{'D1'},{'D6'},{'D4'},{'D7'},{'D5'},{'D2'},{'R1'},{'R3'},{'R2'},&,1.0,&
{'D3'},{'D1'},{'D6'},{'D4'},{'D7'},{'D5'},{'D2'},{'R3'},{'R2'},{'R1'},&,1.0,&
{'D3'},{'D1'},{'D6'},{'D4'},{'D7'},{'D5'},{'R2'},{'D2'},{'R3'},{'R1'},&,1.0,&
{'D3'},{'D1'},{'D6'},{'D4'},{'D7'},{'R3'},{'D5'},{'D2'},{'R2'},{'R1'},&,1.0,&
{'D3'},{'D1'},{'D6'},{'D4'},{'D2'},{'D5'},{'R3'},{'D7'},{'R1'},{'R2'},&,2.0,&
{'D3'},{'D1'},{'D6'},{'D4'},{'D2'},{'D5'},{'D7'},{'R2'},{'R3'},{'R1'},&,2.0,&
{'D3'},{'D1'},{'D6'},{'D4'},{'D5'},{'D7'},{'R3'},{'R1'},{'D2'},{'R2'},&,2.0,&
{'D3'},{'D1'},{'D6'},{'D4'},{'D5'},{'D7'},{'D2'},{'R1'},{'R3'},{'R2'},&,3.0,&
{'D3'},{'D1'},{'D6'},{'D4'},{'D5'},{'D7'},{'D2'},{'R2'},{'R3'},{'R1'},&,2.0,&
{'D3'},{'D1'},{'D6'},{'D4'},{'D5'},{'D7'},{'D2'},{'R2'},{'R1'},{'R3'},&,1.0,&
{'D3'},{'D1'},{'D6'},{'D4'},{'D5'},{'D7'},{'D2'},{'R3'},{'R2'},{'R1'},&,3.0,&
{'D3'},{'D1'},{'D6'},{'D4'},{'D5'},{'D7'},{'D2'},{'R3'},{'R1'},{'R2'},&,1.0,&
{'D3'},{'D1'},{'D6'},{'D4'},{'D5'},{'D2'},{'R3'},{'D7'},{'R1'},{'R2'},&,2.0,&
{'D3'},{'D1'},{'D6'},{'D4'},{'D5'},{'D2'},{'D7'},{'R1'},{'R3'},{'R2'},&,1.0,&
{'D3'},{'D1'},{'D6'},{'D4'},{'D5'},{'D2'},{'D7'},{'R2'},{'R3'},{'R1'},&,1.0,&
{'D3'},{'D1'},{'D6'},{'D4'},{'D5'},{'D2'},{'D7'},{'R3'},{'R2'},{'R1'},&,1.0,&
{'D3'},{'D1'},{'D6'},{'D4'},{'D5'},{'D2'},{'D7'},{'R3'},{'R1'},{'R2'},&,2.0,&
{'D3'},{'D1'},{'D6'},{'D4'},{'R1'},{'D5'},{'D7'},{'D2'},{'R2'},{'R3'},&,1.0,&
{'D3'},{'D1'},{'D6'},{'D4'},{'R1'},{'R3'},{'R2'},{'D2'},{'D5'},{'D7'},&,1.0,&
{'D3'},{'D1'},{'D6'},{'R2'},{'D7'},{'D5'},{'D4'},{'D2'},{'R3'},{'R1'},&,1.0,&
{'D3'},{'D1'},{'D7'},{'D2'},{'D6'},{'D5'},{'R1'},{'R3'},{'R2'},{'D4'},&,1.0,&
{'D3'},{'D1'},{'D7'},{'D2'},{'D4'},{'D5'},{'R3'},{'D6'},{'R2'},{'R1'},&,1.0,&
{'D3'},{'D1'},{'D7'},{'D2'},{'D4'},{'D5'},{'D6'},{'R3'},{'R1'},{'R2'},&,1.0,&
{'D3'},{'D1'},{'D7'},{'D2'},{'D5'},{'D6'},{'D4'},{'R3'},{'R1'},{'R2'},&,1.0,&
{'D3'},{'D1'},{'D7'},{'D2'},{'D5'},{'D4'},{'D6'},{'R1'},{'R3'},{'R2'},&,1.0,&
{'D3'},{'D1'},{'D7'},{'D2'},{'D5'},{'D4'},{'D6'},{'R2'},{'R3'},{'R1'},&,1.0,&
{'D3'},{'D1'},{'D7'},{'D5'},{'D2'},{'D6'},{'R3'},{'R1'},{'D4'},{'R2'},&,1.0,&
{'D3'},{'D1'},{'D7'},{'D5'},{'D2'},{'D6'},{'D4'},{'R1'},{'R3'},{'R2'},&,1.0,&
{'D3'},{'D1'},{'D7'},{'D5'},{'D2'},{'D6'},{'D4'},{'R3'},{'R2'},{'R1'},&,1.0,&
{'D3'},{'D1'},{'D7'},{'D5'},{'D6'},{'D4'},{'R3'},{'D2'},{'R1'},{'R2'},&,3.0,&
{'D3'},{'D1'},{'D7'},{'D5'},{'D6'},{'D4'},{'R3'},{'R2'},{'D2'},{'R1'},&,1.0,&
{'D3'},{'D1'},{'D7'},{'D5'},{'D6'},{'D4'},{'D2'},{'R1'},{'R2'},{'R3'},&,1.0,&
{'D3'},{'D1'},{'D7'},{'D5'},{'D6'},{'D4'},{'D2'},{'R1'},{'R3'},{'R2'},&,2.0,&
{'D3'},{'D1'},{'D7'},{'D5'},{'D6'},{'D4'},{'D2'},{'R2'},{'R3'},{'R1'},&,3.0,&
{'D3'},{'D1'},{'D7'},{'D5'},{'D6'},{'D4'},{'D2'},{'R3'},{'R2'},{'R1'},&,2.0,&
{'D3'},{'D1'},{'D7'},{'D5'},{'D6'},{'D4'},{'D2'},{'R3'},{'R1'},{'R2'},&,4.0,&
{'D3'},{'D1'},{'D7'},{'D5'},{'D6'},{'D4'},{'R1'},{'D2'},{'R2'},{'R3'},&,1.0,&
{'D3'},{'D1'},{'D7'},{'D5'},{'D6'},{'D4'},{'R1'},{'D2'},{'R3'},{'R2'},&,1.0,&
{'D3'},{'D1'},{'D7'},{'D5'},{'D6'},{'D2'},{'D4'},{'R1'},{'R2'},{'R3'},&,1.0,&
{'D3'},{'D1'},{'D7'},{'D5'},{'D6'},{'D2'},{'D4'},{'R1'},{'R3'},{'R2'},&,1.0,&
{'D3'},{'D1'},{'D7'},{'D5'},{'D6'},{'D2'},{'D4'},{'R2'},{'R3'},{'R1'},&,2.0,&
{'D3'},{'D1'},{'D7'},{'D5'},{'D6'},{'D2'},{'D4'},{'R3'},{'R1'},{'R2'},&,1.0,&
{'D3'},{'D1'},{'D7'},{'D5'},{'D6'},{'R1'},{'D2'},{'D4'},{'R2'},{'R3'},&,1.0,&
{'D3'},{'D1'},{'D7'},{'D5'},{'D4'},{'D6'},{'R3'},{'D2'},{'R2'},{'R1'},&,1.0,&
{'D3'},{'D1'},{'D7'},{'D5'},{'D4'},{'D6'},{'D2'},{'R2'},{'R1'},{'R3'},&,1.0,&
{'D3'},{'D1'},{'D7'},{'D5'},{'D4'},{'D6'},{'D2'},{'R3'},{'R1'},{'R2'},&,3.0,&
{'D3'},{'D1'},{'D7'},{'D5'},{'D4'},{'D2'},{'D6'},{'R3'},{'R2'},{'R1'},&,1.0,&
{'D3'},{'D1'},{'D7'},{'D5'},{'D4'},{'D2'},{'D6'},{'R3'},{'R1'},{'R2'},&,1.0,&
{'D3'},{'D1'},{'D7'},{'D5'},{'R3'},{'D6'},{'D4'},{'D2'},{'R1'},{'R2'},&,1.0,&
{'D3'},{'D1'},{'D7'},{'D5'},{'R3'},{'D4'},{'R1'},{'D6'},{'D2'},{'R2'},&,1.0,&
{'D3'},{'D1'},{'D7'},{'D6'},{'D2'},{'D4'},{'R1'},{'D5'},{'R3'},{'R2'},&,1.0,&
{'D3'},{'D1'},{'D7'},{'D6'},{'D2'},{'D4'},{'D5'},{'R2'},{'R3'},{'R1'},&,1.0,&
{'D3'},{'D1'},{'D7'},{'D6'},{'D2'},{'D5'},{'D4'},{'R1'},{'R3'},{'R2'},&,1.0,&
{'D3'},{'D1'},{'D7'},{'D6'},{'D2'},{'D5'},{'D4'},{'R3'},{'R2'},{'R1'},&,2.0,&
{'D3'},{'D1'},{'D7'},{'D6'},{'D2'},{'D5'},{'D4'},{'R3'},{'R1'},{'R2'},&,3.0,&
{'D3'},{'D1'},{'D7'},{'D6'},{'D4'},{'D5'},{'D2'},{'R2'},{'R3'},{'R1'},&,1.0,&
{'D3'},{'D1'},{'D7'},{'D6'},{'D4'},{'D5'},{'D2'},{'R3'},{'R1'},{'R2'},&,1.0,&
{'D3'},{'D1'},{'D7'},{'D6'},{'D4'},{'D5'},{'R2'},{'R3'},{'R1'},{'D2'},&,1.0,&
{'D3'},{'D1'},{'D7'},{'D6'},{'D4'},{'D5'},{'R1'},{'D2'},{'R2'},{'R3'},&,1.0,&
{'D3'},{'D1'},{'D7'},{'D6'},{'D5'},{'D4'},{'D2'},{'R1'},{'R3'},{'R2'},&,1.0,&
{'D3'},{'D1'},{'D7'},{'D6'},{'D5'},{'D4'},{'D2'},{'R2'},{'R3'},{'R1'},&,3.0,&
{'D3'},{'D1'},{'D7'},{'D6'},{'D5'},{'D4'},{'D2'},{'R2'},{'R1'},{'R3'},&,1.0,&
{'D3'},{'D1'},{'D7'},{'D6'},{'D5'},{'D4'},{'D2'},{'R3'},{'R2'},{'R1'},&,2.0,&
{'D3'},{'D1'},{'D7'},{'D6'},{'D5'},{'D4'},{'D2'},{'R3'},{'R1'},{'R2'},&,3.0,&
{'D3'},{'D1'},{'D7'},{'D6'},{'D5'},{'D4'},{'R2'},{'D2'},{'R3'},{'R1'},&,2.0,&
{'D3'},{'D1'},{'D7'},{'D6'},{'D5'},{'D4'},{'R1'},{'D2'},{'R3'},{'R2'},&,1.0,&
{'D3'},{'D1'},{'D7'},{'D6'},{'D5'},{'D2'},{'D4'},{'R1'},{'R2'},{'R3'},&,2.0,&
{'D3'},{'D1'},{'D7'},{'D6'},{'D5'},{'D2'},{'D4'},{'R1'},{'R3'},{'R2'},&,1.0,&
{'D3'},{'D1'},{'D7'},{'D6'},{'D5'},{'D2'},{'D4'},{'R2'},{'R3'},{'R1'},&,1.0,&
{'D3'},{'D1'},{'D7'},{'D6'},{'D5'},{'D2'},{'D4'},{'R3'},{'R1'},{'R2'},&,1.0,&
{'D3'},{'D1'},{'D7'},{'D6'},{'D5'},{'D2'},{'R1'},{'D4'},{'R2'},{'R3'},&,1.0,&
{'D3'},{'D1'},{'D7'},{'D4'},{'D6'},{'D5'},{'R3'},{'D2'},{'R2'},{'R1'},&,1.0,&
{'D3'},{'D1'},{'D7'},{'D4'},{'D6'},{'D5'},{'R3'},{'D2'},{'R1'},{'R2'},&,1.0,&
{'D3'},{'D1'},{'D7'},{'D4'},{'D5'},{'D6'},{'D2'},{'R3'},{'R1'},{'R2'},&,1.0,&
{'D3'},{'D1'},{'D7'},{'D4'},{'D5'},{'D6'},{'R1'},{'R3'},{'D2'},{'R2'},&,1.0,&
{'D3'},{'D1'},{'D7'},{'D4'},{'D5'},{'D2'},{'D6'},{'R1'},{'R2'},{'R3'},&,1.0,&
{'D3'},{'D1'},{'D7'},{'D4'},{'D5'},{'D2'},{'D6'},{'R3'},{'R1'},{'R2'},&,1.0,&
{'D3'},{'D1'},{'D2'},{'D7'},{'D4'},{'D6'},{'D5'},{'R3'},{'R1'},{'R2'},&,1.0,&
{'D3'},{'D1'},{'D2'},{'D7'},{'D4'},{'D5'},{'D6'},{'R1'},{'R3'},{'R2'},&,1.0,&
{'D3'},{'D1'},{'D2'},{'D7'},{'D5'},{'D6'},{'D4'},{'R3'},{'R1'},{'R2'},&,1.0,&
{'D3'},{'D1'},{'D2'},{'D7'},{'D5'},{'D4'},{'R3'},{'R2'},{'D6'},{'R1'},&,1.0,&
{'D3'},{'D1'},{'D2'},{'D7'},{'D5'},{'D4'},{'R1'},{'D6'},{'R3'},{'R2'},&,1.0,&
{'D3'},{'D1'},{'D2'},{'D5'},{'D7'},{'D6'},{'R3'},{'D4'},{'R2'},{'R1'},&,1.0,&
{'D3'},{'D1'},{'D2'},{'D5'},{'D7'},{'D6'},{'D4'},{'R1'},{'R3'},{'R2'},&,1.0,&
{'D3'},{'D1'},{'D2'},{'D5'},{'D7'},{'D6'},{'D4'},{'R2'},{'R1'},{'R3'},&,1.0,&
{'D3'},{'D1'},{'D2'},{'D5'},{'D7'},{'D6'},{'D4'},{'R3'},{'R2'},{'R1'},&,3.0,&
{'D3'},{'D1'},{'D2'},{'D5'},{'D7'},{'D4'},{'R3'},{'D6'},{'R1'},{'R2'},&,1.0,&
{'D3'},{'D1'},{'D2'},{'D5'},{'D7'},{'D4'},{'D6'},{'R3'},{'R2'},{'R1'},&,1.0,&
{'D3'},{'D1'},{'D2'},{'D5'},{'D6'},{'D4'},{'R2'},{'D7'},{'R1'},{'R3'},&,1.0,&
{'D3'},{'D1'},{'D2'},{'D5'},{'D6'},{'D4'},{'D7'},{'R2'},{'R3'},{'R1'},&,1.0,&
{'D3'},{'D1'},{'D2'},{'D5'},{'D6'},{'D4'},{'R1'},{'D7'},{'R2'},{'R3'},&,1.0,&
{'D3'},{'D1'},{'D2'},{'D5'},{'D6'},{'D4'},{'R1'},{'D7'},{'R3'},{'R2'},&,1.0,&
{'D3'},{'D1'},{'D2'},{'D5'},{'D6'},{'D7'},{'R3'},{'R1'},{'R2'},{'D4'},&,1.0,&
{'D3'},{'D1'},{'D2'},{'D5'},{'D6'},{'D7'},{'R3'},{'D4'},{'R1'},{'R2'},&,1.0,&
{'D3'},{'D1'},{'D2'},{'D5'},{'D6'},{'D7'},{'D4'},{'R1'},{'R3'},{'R2'},&,1.0,&
{'D3'},{'D1'},{'D2'},{'D5'},{'D6'},{'D7'},{'D4'},{'R2'},{'R3'},{'R1'},&,1.0,&
{'D3'},{'D1'},{'D2'},{'D5'},{'D6'},{'D7'},{'R1'},{'D4'},{'R3'},{'R2'},&,1.0,&
{'D3'},{'D1'},{'D2'},{'D5'},{'D4'},{'D6'},{'R3'},{'R1'},{'D7'},{'R2'},&,1.0,&
{'D3'},{'D1'},{'D2'},{'D5'},{'D4'},{'D6'},{'D7'},{'R3'},{'R2'},{'R1'},&,1.0,&
{'D3'},{'D1'},{'D2'},{'D5'},{'D4'},{'D6'},{'D7'},{'R3'},{'R1'},{'R2'},&,2.0,&
{'D3'},{'D1'},{'D2'},{'D5'},{'D4'},{'D7'},{'D6'},{'R3'},{'R2'},{'R1'},&,1.0,&
{'D3'},{'D1'},{'D2'},{'D5'},{'D4'},{'D7'},{'D6'},{'R3'},{'R1'},{'R2'},&,1.0,&
{'D3'},{'D1'},{'D2'},{'D5'},{'R2'},{'D4'},{'D7'},{'D6'},{'R1'},{'R3'},&,1.0,&
{'D3'},{'D1'},{'D2'},{'D6'},{'D4'},{'D5'},{'R3'},{'D7'},{'R2'},{'R1'},&,1.0,&
{'D3'},{'D1'},{'D2'},{'D6'},{'D4'},{'D5'},{'D7'},{'R3'},{'R1'},{'R2'},&,1.0,&
{'D3'},{'D1'},{'D2'},{'D6'},{'D5'},{'D4'},{'R3'},{'D7'},{'R1'},{'R2'},&,1.0,&
{'D3'},{'D1'},{'D2'},{'D6'},{'D5'},{'D4'},{'D7'},{'R1'},{'R3'},{'R2'},&,1.0,&
{'D3'},{'D1'},{'D2'},{'D6'},{'D5'},{'D4'},{'D7'},{'R3'},{'R2'},{'R1'},&,2.0,&
{'D3'},{'D1'},{'D2'},{'D6'},{'D5'},{'D7'},{'R3'},{'D4'},{'R2'},{'R1'},&,1.0,&
{'D3'},{'D1'},{'D2'},{'D6'},{'D5'},{'D7'},{'D4'},{'R1'},{'R3'},{'R2'},&,1.0,&
{'D3'},{'D1'},{'D2'},{'D6'},{'D5'},{'D7'},{'D4'},{'R3'},{'R2'},{'R1'},&,1.0,&
{'D3'},{'D1'},{'D2'},{'D6'},{'D5'},{'D7'},{'D4'},{'R3'},{'R1'},{'R2'},&,1.0,&
{'D3'},{'D1'},{'D2'},{'D6'},{'R1'},{'D5'},{'D7'},{'R3'},{'D4'},{'R2'},&,1.0,&
{'D3'},{'D1'},{'D2'},{'D4'},{'D7'},{'D5'},{'R3'},{'R1'},{'D6'},{'R2'},&,1.0,&
{'D3'},{'D1'},{'D2'},{'D4'},{'D6'},{'D7'},{'D5'},{'R2'},{'R1'},{'R3'},&,1.0,&
{'D3'},{'D1'},{'D2'},{'D4'},{'D6'},{'D5'},{'D7'},{'R1'},{'R2'},{'R3'},&,2.0,&
{'D3'},{'D1'},{'D2'},{'D4'},{'D5'},{'D6'},{'D7'},{'R3'},{'R1'},{'R2'},&,2.0,&
{'D3'},{'D6'},{'D4'},{'D7'},{'D1'},{'D2'},{'R1'},{'R3'},{'R2'},{'D5'},&,1.0,&
{'D3'},{'D6'},{'D4'},{'D7'},{'D1'},{'D5'},{'R3'},{'D2'},{'R2'},{'R1'},&,1.0,&
{'D3'},{'D6'},{'D4'},{'D7'},{'D1'},{'D5'},{'R3'},{'D2'},{'R1'},{'R2'},&,1.0,&
{'D3'},{'D6'},{'D4'},{'D7'},{'D1'},{'D5'},{'D2'},{'R1'},{'R2'},{'R3'},&,1.0,&
{'D3'},{'D6'},{'D4'},{'D7'},{'D1'},{'D5'},{'D2'},{'R1'},{'R3'},{'R2'},&,2.0,&
{'D3'},{'D6'},{'D4'},{'D7'},{'D1'},{'D5'},{'D2'},{'R3'},{'R1'},{'R2'},&,1.0,&
{'D3'},{'D6'},{'D4'},{'D7'},{'D2'},{'D1'},{'D5'},{'R3'},{'R1'},{'R2'},&,1.0,&
{'D3'},{'D6'},{'D4'},{'D7'},{'D2'},{'D5'},{'D1'},{'R1'},{'R3'},{'R2'},&,1.0,&
{'D3'},{'D6'},{'D4'},{'D7'},{'D2'},{'D5'},{'D1'},{'R2'},{'R3'},{'R1'},&,2.0,&
{'D3'},{'D6'},{'D4'},{'D7'},{'D2'},{'D5'},{'D1'},{'R3'},{'R2'},{'R1'},&,1.0,&
{'D3'},{'D6'},{'D4'},{'D7'},{'D2'},{'D5'},{'D1'},{'R3'},{'R1'},{'R2'},&,1.0,&
{'D3'},{'D6'},{'D4'},{'D7'},{'D5'},{'D1'},{'R3'},{'D2'},{'R2'},{'R1'},&,3.0,&
{'D3'},{'D6'},{'D4'},{'D7'},{'D5'},{'D1'},{'R3'},{'D2'},{'R1'},{'R2'},&,1.0,&
{'D3'},{'D6'},{'D4'},{'D7'},{'D5'},{'D1'},{'D2'},{'R1'},{'R2'},{'R3'},&,1.0,&
{'D3'},{'D6'},{'D4'},{'D7'},{'D5'},{'D1'},{'D2'},{'R1'},{'R3'},{'R2'},&,3.0,&
{'D3'},{'D6'},{'D4'},{'D7'},{'D5'},{'D1'},{'D2'},{'R2'},{'R3'},{'R1'},&,3.0,&
{'D3'},{'D6'},{'D4'},{'D7'},{'D5'},{'D1'},{'D2'},{'R3'},{'R2'},{'R1'},&,7.0,&
{'D3'},{'D6'},{'D4'},{'D7'},{'D5'},{'D1'},{'D2'},{'R3'},{'R1'},{'R2'},&,9.0,&
{'D3'},{'D6'},{'D4'},{'D7'},{'D5'},{'D2'},{'R3'},{'D1'},{'R1'},{'R2'},&,1.0,&
{'D3'},{'D6'},{'D4'},{'D7'},{'D5'},{'D2'},{'D1'},{'R1'},{'R2'},{'R3'},&,2.0,&
{'D3'},{'D6'},{'D4'},{'D7'},{'D5'},{'D2'},{'D1'},{'R1'},{'R3'},{'R2'},&,7.0,&
{'D3'},{'D6'},{'D4'},{'D7'},{'D5'},{'D2'},{'D1'},{'R2'},{'R3'},{'R1'},&,2.0,&
{'D3'},{'D6'},{'D4'},{'D7'},{'D5'},{'D2'},{'D1'},{'R3'},{'R2'},{'R1'},&,4.0,&
{'D3'},{'D6'},{'D4'},{'D7'},{'D5'},{'D2'},{'D1'},{'R3'},{'R1'},{'R2'},&,5.0,&
{'D3'},{'D6'},{'D4'},{'D7'},{'D5'},{'D2'},{'R2'},{'D1'},{'R3'},{'R1'},&,1.0,&
{'D3'},{'D6'},{'D4'},{'D7'},{'D5'},{'R1'},{'D2'},{'D1'},{'R3'},{'R2'},&,1.0,&
{'D3'},{'D6'},{'D4'},{'D7'},{'D5'},{'R3'},{'D2'},{'D1'},{'R2'},{'R1'},&,1.0,&
{'D3'},{'D6'},{'D4'},{'D7'},{'R3'},{'D5'},{'D2'},{'D1'},{'R2'},{'R1'},&,1.0,&
{'D3'},{'D6'},{'D4'},{'D7'},{'R2'},{'D5'},{'D2'},{'D1'},{'R3'},{'R1'},&,1.0,&
{'D3'},{'D6'},{'D4'},{'D1'},{'D7'},{'D2'},{'D5'},{'R3'},{'R1'},{'R2'},&,1.0,&
{'D3'},{'D6'},{'D4'},{'D1'},{'D7'},{'D5'},{'R3'},{'D2'},{'R1'},{'R2'},&,1.0,&
{'D3'},{'D6'},{'D4'},{'D1'},{'D7'},{'R2'},{'D5'},{'R3'},{'D2'},{'R1'},&,1.0,&
{'D3'},{'D6'},{'D4'},{'D1'},{'D7'},{'R1'},{'D5'},{'D2'},{'R2'},{'R3'},&,1.0,&
{'D3'},{'D6'},{'D4'},{'D1'},{'D2'},{'D7'},{'D5'},{'R3'},{'R1'},{'R2'},&,1.0,&
{'D3'},{'D6'},{'D4'},{'D1'},{'D2'},{'D5'},{'R3'},{'D7'},{'R1'},{'R2'},&,1.0,&
{'D3'},{'D6'},{'D4'},{'D1'},{'D2'},{'D5'},{'D7'},{'R1'},{'R2'},{'R3'},&,1.0,&
{'D3'},{'D6'},{'D4'},{'D1'},{'D2'},{'D5'},{'D7'},{'R2'},{'R3'},{'R1'},&,1.0,&
{'D3'},{'D6'},{'D4'},{'D1'},{'D2'},{'R3'},{'D5'},{'D7'},{'R1'},{'R2'},&,1.0,&
{'D3'},{'D6'},{'D4'},{'D1'},{'D5'},{'D7'},{'R3'},{'D2'},{'R2'},{'R1'},&,2.0,&
{'D3'},{'D6'},{'D4'},{'D1'},{'D5'},{'D7'},{'R3'},{'D2'},{'R1'},{'R2'},&,1.0,&
{'D3'},{'D6'},{'D4'},{'D1'},{'D5'},{'D7'},{'D2'},{'R1'},{'R3'},{'R2'},&,2.0,&
{'D3'},{'D6'},{'D4'},{'D1'},{'D5'},{'D7'},{'D2'},{'R2'},{'R3'},{'R1'},&,2.0,&
{'D3'},{'D6'},{'D4'},{'D1'},{'D5'},{'D7'},{'D2'},{'R2'},{'R1'},{'R3'},&,1.0,&
{'D3'},{'D6'},{'D4'},{'D1'},{'D5'},{'D7'},{'D2'},{'R3'},{'R2'},{'R1'},&,2.0,&
{'D3'},{'D6'},{'D4'},{'D1'},{'D5'},{'D7'},{'D2'},{'R3'},{'R1'},{'R2'},&,4.0,&
{'D3'},{'D6'},{'D4'},{'D1'},{'D5'},{'D7'},{'R2'},{'D2'},{'R1'},{'R3'},&,1.0,&
{'D3'},{'D6'},{'D4'},{'D1'},{'D5'},{'D7'},{'R1'},{'D2'},{'R3'},{'R2'},&,1.0,&
{'D3'},{'D6'},{'D4'},{'D1'},{'D5'},{'D2'},{'D7'},{'R1'},{'R3'},{'R2'},&,1.0,&
{'D3'},{'D6'},{'D4'},{'D1'},{'D5'},{'D2'},{'D7'},{'R3'},{'R1'},{'R2'},&,1.0,&
{'D3'},{'D6'},{'D4'},{'D1'},{'D5'},{'R3'},{'D2'},{'D7'},{'R2'},{'R1'},&,1.0,&
{'D3'},{'D6'},{'D4'},{'D1'},{'D5'},{'R3'},{'D7'},{'D2'},{'R2'},{'R1'},&,1.0,&
{'D3'},{'D6'},{'D4'},{'D1'},{'D5'},{'R3'},{'D7'},{'D2'},{'R1'},{'R2'},&,1.0,&
{'D3'},{'D6'},{'D4'},{'D1'},{'R3'},{'D5'},{'D2'},{'R1'},{'D7'},{'R2'},&,1.0,&
{'D3'},{'D6'},{'D4'},{'D1'},{'R3'},{'D5'},{'D7'},{'D2'},{'R1'},{'R2'},&,1.0,&
{'D3'},{'D6'},{'D4'},{'D2'},{'D1'},{'D7'},{'D5'},{'R1'},{'R3'},{'R2'},&,1.0,&
{'D3'},{'D6'},{'D4'},{'D2'},{'D1'},{'D7'},{'D5'},{'R3'},{'R2'},{'R1'},&,1.0,&
{'D3'},{'D6'},{'D4'},{'D2'},{'D1'},{'D5'},{'D7'},{'R3'},{'R1'},{'R2'},&,1.0,&
{'D3'},{'D6'},{'D4'},{'D2'},{'D1'},{'D5'},{'R1'},{'R3'},{'D7'},{'R2'},&,1.0,&
{'D3'},{'D6'},{'D4'},{'D2'},{'D7'},{'D1'},{'D5'},{'R3'},{'R2'},{'R1'},&,1.0,&
{'D3'},{'D6'},{'D4'},{'D2'},{'D7'},{'D5'},{'D1'},{'R1'},{'R3'},{'R2'},&,1.0,&
{'D3'},{'D6'},{'D4'},{'D2'},{'D7'},{'D5'},{'D1'},{'R3'},{'R1'},{'R2'},&,2.0,&
{'D3'},{'D6'},{'D4'},{'D2'},{'D7'},{'D5'},{'R1'},{'D1'},{'R3'},{'R2'},&,1.0,&
{'D3'},{'D6'},{'D4'},{'D2'},{'D5'},{'D7'},{'R3'},{'D1'},{'R1'},{'R2'},&,3.0,&
{'D3'},{'D6'},{'D4'},{'D2'},{'D5'},{'D7'},{'D1'},{'R2'},{'R3'},{'R1'},&,1.0,&
{'D3'},{'D6'},{'D4'},{'D2'},{'D5'},{'D7'},{'D1'},{'R2'},{'R1'},{'R3'},&,1.0,&
{'D3'},{'D6'},{'D4'},{'D2'},{'D5'},{'D7'},{'D1'},{'R3'},{'R2'},{'R1'},&,3.0,&
{'D3'},{'D6'},{'D4'},{'D2'},{'D5'},{'D7'},{'D1'},{'R3'},{'R1'},{'R2'},&,1.0,&
{'D3'},{'D6'},{'D4'},{'D2'},{'D5'},{'D7'},{'R1'},{'R3'},{'D1'},{'R2'},&,1.0,&
{'D3'},{'D6'},{'D4'},{'D2'},{'D5'},{'D1'},{'R3'},{'D7'},{'R1'},{'R2'},&,1.0,&
{'D3'},{'D6'},{'D4'},{'D2'},{'D5'},{'D1'},{'D7'},{'R1'},{'R3'},{'R2'},&,2.0,&
{'D3'},{'D6'},{'D4'},{'D2'},{'D5'},{'D1'},{'D7'},{'R2'},{'R3'},{'R1'},&,2.0,&
{'D3'},{'D6'},{'D4'},{'D2'},{'D5'},{'D1'},{'D7'},{'R3'},{'R1'},{'R2'},&,2.0,&
{'D3'},{'D6'},{'D4'},{'D5'},{'D1'},{'D7'},{'R3'},{'D2'},{'R2'},{'R1'},&,1.0,&
{'D3'},{'D6'},{'D4'},{'D5'},{'D1'},{'D7'},{'R3'},{'R2'},{'D2'},{'R1'},&,1.0,&
{'D3'},{'D6'},{'D4'},{'D5'},{'D1'},{'D7'},{'D2'},{'R1'},{'R2'},{'R3'},&,1.0,&
{'D3'},{'D6'},{'D4'},{'D5'},{'D1'},{'D7'},{'D2'},{'R1'},{'R3'},{'R2'},&,3.0,&
{'D3'},{'D6'},{'D4'},{'D5'},{'D1'},{'D7'},{'D2'},{'R2'},{'R3'},{'R1'},&,5.0,&
{'D3'},{'D6'},{'D4'},{'D5'},{'D1'},{'D7'},{'D2'},{'R2'},{'R1'},{'R3'},&,1.0,&
{'D3'},{'D6'},{'D4'},{'D5'},{'D1'},{'D7'},{'D2'},{'R3'},{'R2'},{'R1'},&,4.0,&
{'D3'},{'D6'},{'D4'},{'D5'},{'D1'},{'D7'},{'D2'},{'R3'},{'R1'},{'R2'},&,7.0,&
{'D3'},{'D6'},{'D4'},{'D5'},{'D1'},{'D7'},{'R2'},{'D2'},{'R3'},{'R1'},&,1.0,&
{'D3'},{'D6'},{'D4'},{'D5'},{'D1'},{'D7'},{'R2'},{'D2'},{'R1'},{'R3'},&,1.0,&
{'D3'},{'D6'},{'D4'},{'D5'},{'D1'},{'D7'},{'R1'},{'D2'},{'R2'},{'R3'},&,1.0,&
{'D3'},{'D6'},{'D4'},{'D5'},{'D1'},{'D7'},{'R1'},{'D2'},{'R3'},{'R2'},&,1.0,&
{'D3'},{'D6'},{'D4'},{'D5'},{'D1'},{'D7'},{'R1'},{'R2'},{'D2'},{'R3'},&,1.0,&
{'D3'},{'D6'},{'D4'},{'D5'},{'D1'},{'D2'},{'R3'},{'R2'},{'D7'},{'R1'},&,1.0,&
{'D3'},{'D6'},{'D4'},{'D5'},{'D1'},{'D2'},{'R3'},{'D7'},{'R2'},{'R1'},&,1.0,&
{'D3'},{'D6'},{'D4'},{'D5'},{'D1'},{'D2'},{'R3'},{'D7'},{'R1'},{'R2'},&,2.0,&
{'D3'},{'D6'},{'D4'},{'D5'},{'D1'},{'D2'},{'D7'},{'R1'},{'R3'},{'R2'},&,3.0,&
{'D3'},{'D6'},{'D4'},{'D5'},{'D1'},{'D2'},{'D7'},{'R2'},{'R3'},{'R1'},&,2.0,&
{'D3'},{'D6'},{'D4'},{'D5'},{'D1'},{'D2'},{'D7'},{'R2'},{'R1'},{'R3'},&,2.0,&
{'D3'},{'D6'},{'D4'},{'D5'},{'D1'},{'D2'},{'D7'},{'R3'},{'R2'},{'R1'},&,4.0,&
{'D3'},{'D6'},{'D4'},{'D5'},{'D1'},{'D2'},{'D7'},{'R3'},{'R1'},{'R2'},&,2.0,&
{'D3'},{'D6'},{'D4'},{'D5'},{'D1'},{'D2'},{'R1'},{'D7'},{'R2'},{'R3'},&,1.0,&
{'D3'},{'D6'},{'D4'},{'D5'},{'D1'},{'D2'},{'R1'},{'D7'},{'R3'},{'R2'},&,1.0,&
{'D3'},{'D6'},{'D4'},{'D5'},{'D1'},{'R1'},{'D7'},{'D2'},{'R3'},{'R2'},&,1.0,&
{'D3'},{'D6'},{'D4'},{'D5'},{'D1'},{'R3'},{'D7'},{'D2'},{'R2'},{'R1'},&,1.0,&
{'D3'},{'D6'},{'D4'},{'D5'},{'D1'},{'R3'},{'D7'},{'D2'},{'R1'},{'R2'},&,1.0,&
{'D3'},{'D6'},{'D4'},{'D5'},{'D1'},{'R3'},{'D7'},{'R1'},{'R2'},{'D2'},&,1.0,&
{'D3'},{'D6'},{'D4'},{'D5'},{'D1'},{'R3'},{'D7'},{'R2'},{'D2'},{'R1'},&,1.0,&
{'D3'},{'D6'},{'D4'},{'D5'},{'D7'},{'D1'},{'R3'},{'D2'},{'R2'},{'R1'},&,2.0,&
{'D3'},{'D6'},{'D4'},{'D5'},{'D7'},{'D1'},{'R3'},{'D2'},{'R1'},{'R2'},&,4.0,&
{'D3'},{'D6'},{'D4'},{'D5'},{'D7'},{'D1'},{'R3'},{'R1'},{'D2'},{'R2'},&,1.0,&
{'D3'},{'D6'},{'D4'},{'D5'},{'D7'},{'D1'},{'R3'},{'R2'},{'D2'},{'R1'},&,1.0,&
{'D3'},{'D6'},{'D4'},{'D5'},{'D7'},{'D1'},{'D2'},{'R1'},{'R3'},{'R2'},&,4.0,&
{'D3'},{'D6'},{'D4'},{'D5'},{'D7'},{'D1'},{'D2'},{'R2'},{'R3'},{'R1'},&,2.0,&
{'D3'},{'D6'},{'D4'},{'D5'},{'D7'},{'D1'},{'D2'},{'R2'},{'R1'},{'R3'},&,4.0,&
{'D3'},{'D6'},{'D4'},{'D5'},{'D7'},{'D1'},{'D2'},{'R3'},{'R2'},{'R1'},&,7.0,&
{'D3'},{'D6'},{'D4'},{'D5'},{'D7'},{'D1'},{'D2'},{'R3'},{'R1'},{'R2'},&,10.0,&
{'D3'},{'D6'},{'D4'},{'D5'},{'D7'},{'D1'},{'R2'},{'D2'},{'R3'},{'R1'},&,2.0,&
{'D3'},{'D6'},{'D4'},{'D5'},{'D7'},{'D1'},{'R1'},{'D2'},{'R2'},{'R3'},&,1.0,&
{'D3'},{'D6'},{'D4'},{'D5'},{'D7'},{'D1'},{'R1'},{'D2'},{'R3'},{'R2'},&,2.0,&
{'D3'},{'D6'},{'D4'},{'D5'},{'D7'},{'D2'},{'R3'},{'R1'},{'D1'},{'R2'},&,1.0,&
{'D3'},{'D6'},{'D4'},{'D5'},{'D7'},{'D2'},{'R3'},{'D1'},{'R1'},{'R2'},&,3.0,&
{'D3'},{'D6'},{'D4'},{'D5'},{'D7'},{'D2'},{'D1'},{'R1'},{'R2'},{'R3'},&,3.0,&
{'D3'},{'D6'},{'D4'},{'D5'},{'D7'},{'D2'},{'D1'},{'R1'},{'R3'},{'R2'},&,4.0,&
{'D3'},{'D6'},{'D4'},{'D5'},{'D7'},{'D2'},{'D1'},{'R2'},{'R3'},{'R1'},&,5.0,&
{'D3'},{'D6'},{'D4'},{'D5'},{'D7'},{'D2'},{'D1'},{'R2'},{'R1'},{'R3'},&,1.0,&
{'D3'},{'D6'},{'D4'},{'D5'},{'D7'},{'D2'},{'D1'},{'R3'},{'R2'},{'R1'},&,6.0,&
{'D3'},{'D6'},{'D4'},{'D5'},{'D7'},{'D2'},{'D1'},{'R3'},{'R1'},{'R2'},&,10.0,&
{'D3'},{'D6'},{'D4'},{'D5'},{'D7'},{'D2'},{'R2'},{'D1'},{'R3'},{'R1'},&,1.0,&
{'D3'},{'D6'},{'D4'},{'D5'},{'D7'},{'R1'},{'D1'},{'D2'},{'R3'},{'R2'},&,1.0,&
{'D3'},{'D6'},{'D4'},{'D5'},{'D7'},{'R3'},{'D2'},{'R1'},{'D1'},{'R2'},&,1.0,&
{'D3'},{'D6'},{'D4'},{'D5'},{'D7'},{'R3'},{'D2'},{'D1'},{'R2'},{'R1'},&,1.0,&
{'D3'},{'D6'},{'D4'},{'D5'},{'D7'},{'R3'},{'D2'},{'D1'},{'R1'},{'R2'},&,1.0,&
{'D3'},{'D6'},{'D4'},{'D5'},{'D7'},{'R3'},{'D1'},{'D2'},{'R2'},{'R1'},&,1.0,&
{'D3'},{'D6'},{'D4'},{'D5'},{'D7'},{'R3'},{'D1'},{'D2'},{'R1'},{'R2'},&,1.0,&
{'D3'},{'D6'},{'D4'},{'D5'},{'D7'},{'R3'},{'D1'},{'R1'},{'R2'},{'D2'},&,1.0,&
{'D3'},{'D6'},{'D4'},{'D5'},{'D7'},{'R3'},{'D1'},{'R2'},{'D2'},{'R1'},&,1.0,&
{'D3'},{'D6'},{'D4'},{'D5'},{'D7'},{'R3'},{'R1'},{'D1'},{'R2'},{'D2'},&,1.0,&
{'D3'},{'D6'},{'D4'},{'D5'},{'D2'},{'D7'},{'R3'},{'D1'},{'R2'},{'R1'},&,2.0,&
{'D3'},{'D6'},{'D4'},{'D5'},{'D2'},{'D7'},{'D1'},{'R1'},{'R2'},{'R3'},&,2.0,&
{'D3'},{'D6'},{'D4'},{'D5'},{'D2'},{'D7'},{'D1'},{'R1'},{'R3'},{'R2'},&,2.0,&
{'D3'},{'D6'},{'D4'},{'D5'},{'D2'},{'D7'},{'D1'},{'R2'},{'R3'},{'R1'},&,1.0,&
{'D3'},{'D6'},{'D4'},{'D5'},{'D2'},{'D7'},{'D1'},{'R3'},{'R2'},{'R1'},&,5.0,&
{'D3'},{'D6'},{'D4'},{'D5'},{'D2'},{'D7'},{'D1'},{'R3'},{'R1'},{'R2'},&,7.0,&
{'D3'},{'D6'},{'D4'},{'D5'},{'D2'},{'D7'},{'R1'},{'D1'},{'R3'},{'R2'},&,1.0,&
{'D3'},{'D6'},{'D4'},{'D5'},{'D2'},{'D1'},{'R3'},{'R2'},{'D7'},{'R1'},&,1.0,&
{'D3'},{'D6'},{'D4'},{'D5'},{'D2'},{'D1'},{'R3'},{'D7'},{'R1'},{'R2'},&,1.0,&
{'D3'},{'D6'},{'D4'},{'D5'},{'D2'},{'D1'},{'R2'},{'D7'},{'R3'},{'R1'},&,1.0,&
{'D3'},{'D6'},{'D4'},{'D5'},{'D2'},{'D1'},{'D7'},{'R1'},{'R2'},{'R3'},&,1.0,&
{'D3'},{'D6'},{'D4'},{'D5'},{'D2'},{'D1'},{'D7'},{'R2'},{'R3'},{'R1'},&,2.0,&
{'D3'},{'D6'},{'D4'},{'D5'},{'D2'},{'D1'},{'D7'},{'R2'},{'R1'},{'R3'},&,1.0,&
{'D3'},{'D6'},{'D4'},{'D5'},{'D2'},{'D1'},{'D7'},{'R3'},{'R2'},{'R1'},&,4.0,&
{'D3'},{'D6'},{'D4'},{'D5'},{'D2'},{'D1'},{'D7'},{'R3'},{'R1'},{'R2'},&,3.0,&
{'D3'},{'D6'},{'D4'},{'D5'},{'D2'},{'D1'},{'R1'},{'R3'},{'R2'},{'D7'},&,1.0,&
{'D3'},{'D6'},{'D4'},{'D5'},{'D2'},{'R2'},{'D7'},{'R3'},{'D1'},{'R1'},&,1.0,&
{'D3'},{'D6'},{'D4'},{'D5'},{'D2'},{'R1'},{'R2'},{'D7'},{'D1'},{'R3'},&,1.0,&
{'D3'},{'D6'},{'D4'},{'D5'},{'D2'},{'R1'},{'D7'},{'D1'},{'R3'},{'R2'},&,1.0,&
{'D3'},{'D6'},{'D4'},{'D5'},{'R3'},{'D7'},{'D1'},{'D2'},{'R1'},{'R2'},&,1.0,&
{'D3'},{'D6'},{'D4'},{'D5'},{'R2'},{'D1'},{'D7'},{'R3'},{'D2'},{'R1'},&,1.0,&
{'D3'},{'D6'},{'D4'},{'D5'},{'R1'},{'D7'},{'D1'},{'D2'},{'R3'},{'R2'},&,1.0,&
{'D3'},{'D6'},{'D4'},{'D5'},{'R1'},{'D7'},{'R2'},{'D2'},{'D1'},{'R3'},&,1.0,&
{'D3'},{'D6'},{'D5'},{'D7'},{'D1'},{'D4'},{'R3'},{'D2'},{'R2'},{'R1'},&,3.0,&
{'D3'},{'D6'},{'D5'},{'D7'},{'D1'},{'D4'},{'R3'},{'D2'},{'R1'},{'R2'},&,5.0,&
{'D3'},{'D6'},{'D5'},{'D7'},{'D1'},{'D4'},{'R3'},{'R1'},{'D2'},{'R2'},&,2.0,&
{'D3'},{'D6'},{'D5'},{'D7'},{'D1'},{'D4'},{'D2'},{'R1'},{'R2'},{'R3'},&,8.0,&
{'D3'},{'D6'},{'D5'},{'D7'},{'D1'},{'D4'},{'D2'},{'R1'},{'R3'},{'R2'},&,11.0,&
{'D3'},{'D6'},{'D5'},{'D7'},{'D1'},{'D4'},{'D2'},{'R2'},{'R3'},{'R1'},&,6.0,&
{'D3'},{'D6'},{'D5'},{'D7'},{'D1'},{'D4'},{'D2'},{'R2'},{'R1'},{'R3'},&,2.0,&
{'D3'},{'D6'},{'D5'},{'D7'},{'D1'},{'D4'},{'D2'},{'R3'},{'R2'},{'R1'},&,12.0,&
{'D3'},{'D6'},{'D5'},{'D7'},{'D1'},{'D4'},{'D2'},{'R3'},{'R1'},{'R2'},&,13.0,&
{'D3'},{'D6'},{'D5'},{'D7'},{'D1'},{'D4'},{'R2'},{'D2'},{'R3'},{'R1'},&,1.0,&
{'D3'},{'D6'},{'D5'},{'D7'},{'D1'},{'D4'},{'R2'},{'R3'},{'D2'},{'R1'},&,1.0,&
{'D3'},{'D6'},{'D5'},{'D7'},{'D1'},{'D4'},{'R1'},{'D2'},{'R3'},{'R2'},&,2.0,&
{'D3'},{'D6'},{'D5'},{'D7'},{'D1'},{'D2'},{'R3'},{'D4'},{'R2'},{'R1'},&,4.0,&
{'D3'},{'D6'},{'D5'},{'D7'},{'D1'},{'D2'},{'R3'},{'D4'},{'R1'},{'R2'},&,4.0,&
{'D3'},{'D6'},{'D5'},{'D7'},{'D1'},{'D2'},{'D4'},{'R1'},{'R3'},{'R2'},&,8.0,&
{'D3'},{'D6'},{'D5'},{'D7'},{'D1'},{'D2'},{'D4'},{'R2'},{'R3'},{'R1'},&,4.0,&
{'D3'},{'D6'},{'D5'},{'D7'},{'D1'},{'D2'},{'D4'},{'R2'},{'R1'},{'R3'},&,2.0,&
{'D3'},{'D6'},{'D5'},{'D7'},{'D1'},{'D2'},{'D4'},{'R3'},{'R2'},{'R1'},&,9.0,&
{'D3'},{'D6'},{'D5'},{'D7'},{'D1'},{'D2'},{'D4'},{'R3'},{'R1'},{'R2'},&,7.0,&
{'D3'},{'D6'},{'D5'},{'D7'},{'D1'},{'D2'},{'R2'},{'R3'},{'D4'},{'R1'},&,1.0,&
{'D3'},{'D6'},{'D5'},{'D7'},{'D1'},{'R2'},{'D4'},{'D2'},{'R3'},{'R1'},&,2.0,&
{'D3'},{'D6'},{'D5'},{'D7'},{'D1'},{'R2'},{'D4'},{'R3'},{'D2'},{'R1'},&,1.0,&
{'D3'},{'D6'},{'D5'},{'D7'},{'D1'},{'R3'},{'D2'},{'D4'},{'R2'},{'R1'},&,2.0,&
{'D3'},{'D6'},{'D5'},{'D7'},{'D1'},{'R3'},{'D4'},{'D2'},{'R1'},{'R2'},&,1.0,&
{'D3'},{'D6'},{'D5'},{'D7'},{'D1'},{'R3'},{'R1'},{'D2'},{'D4'},{'R2'},&,1.0,&
{'D3'},{'D6'},{'D5'},{'D7'},{'D2'},{'D4'},{'R3'},{'R1'},{'R2'},{'D1'},&,1.0,&
{'D3'},{'D6'},{'D5'},{'D7'},{'D2'},{'D4'},{'R3'},{'R1'},{'D1'},{'R2'},&,1.0,&
{'D3'},{'D6'},{'D5'},{'D7'},{'D2'},{'D4'},{'R3'},{'D1'},{'R2'},{'R1'},&,5.0,&
{'D3'},{'D6'},{'D5'},{'D7'},{'D2'},{'D4'},{'R3'},{'D1'},{'R1'},{'R2'},&,2.0,&
{'D3'},{'D6'},{'D5'},{'D7'},{'D2'},{'D4'},{'D1'},{'R1'},{'R2'},{'R3'},&,1.0,&
{'D3'},{'D6'},{'D5'},{'D7'},{'D2'},{'D4'},{'D1'},{'R1'},{'R3'},{'R2'},&,7.0,&
{'D3'},{'D6'},{'D5'},{'D7'},{'D2'},{'D4'},{'D1'},{'R2'},{'R3'},{'R1'},&,5.0,&
{'D3'},{'D6'},{'D5'},{'D7'},{'D2'},{'D4'},{'D1'},{'R2'},{'R1'},{'R3'},&,3.0,&
{'D3'},{'D6'},{'D5'},{'D7'},{'D2'},{'D4'},{'D1'},{'R3'},{'R2'},{'R1'},&,9.0,&
{'D3'},{'D6'},{'D5'},{'D7'},{'D2'},{'D4'},{'D1'},{'R3'},{'R1'},{'R2'},&,12.0,&
{'D3'},{'D6'},{'D5'},{'D7'},{'D2'},{'D4'},{'R2'},{'R1'},{'D1'},{'R3'},&,1.0,&
{'D3'},{'D6'},{'D5'},{'D7'},{'D2'},{'D4'},{'R2'},{'D1'},{'R3'},{'R1'},&,2.0,&
{'D3'},{'D6'},{'D5'},{'D7'},{'D2'},{'D4'},{'R1'},{'D1'},{'R2'},{'R3'},&,1.0,&
{'D3'},{'D6'},{'D5'},{'D7'},{'D2'},{'D4'},{'R1'},{'D1'},{'R3'},{'R2'},&,2.0,&
{'D3'},{'D6'},{'D5'},{'D7'},{'D2'},{'D1'},{'R3'},{'R1'},{'D4'},{'R2'},&,1.0,&
{'D3'},{'D6'},{'D5'},{'D7'},{'D2'},{'D1'},{'R3'},{'R2'},{'R1'},{'D4'},&,1.0,&
{'D3'},{'D6'},{'D5'},{'D7'},{'D2'},{'D1'},{'R3'},{'D4'},{'R2'},{'R1'},&,4.0,&
{'D3'},{'D6'},{'D5'},{'D7'},{'D2'},{'D1'},{'R3'},{'D4'},{'R1'},{'R2'},&,3.0,&
{'D3'},{'D6'},{'D5'},{'D7'},{'D2'},{'D1'},{'D4'},{'R1'},{'R2'},{'R3'},&,2.0,&
{'D3'},{'D6'},{'D5'},{'D7'},{'D2'},{'D1'},{'D4'},{'R1'},{'R3'},{'R2'},&,6.0,&
{'D3'},{'D6'},{'D5'},{'D7'},{'D2'},{'D1'},{'D4'},{'R2'},{'R3'},{'R1'},&,2.0,&
{'D3'},{'D6'},{'D5'},{'D7'},{'D2'},{'D1'},{'D4'},{'R2'},{'R1'},{'R3'},&,1.0,&
{'D3'},{'D6'},{'D5'},{'D7'},{'D2'},{'D1'},{'D4'},{'R3'},{'R2'},{'R1'},&,4.0,&
{'D3'},{'D6'},{'D5'},{'D7'},{'D2'},{'D1'},{'D4'},{'R3'},{'R1'},{'R2'},&,10.0,&
{'D3'},{'D6'},{'D5'},{'D7'},{'D2'},{'D1'},{'R2'},{'R1'},{'D4'},{'R3'},&,1.0,&
{'D3'},{'D6'},{'D5'},{'D7'},{'D2'},{'D1'},{'R1'},{'D4'},{'R2'},{'R3'},&,1.0,&
{'D3'},{'D6'},{'D5'},{'D7'},{'D2'},{'D1'},{'R1'},{'D4'},{'R3'},{'R2'},&,1.0,&
{'D3'},{'D6'},{'D5'},{'D7'},{'D2'},{'R2'},{'D1'},{'D4'},{'R3'},{'R1'},&,1.0,&
{'D3'},{'D6'},{'D5'},{'D7'},{'D2'},{'R2'},{'D4'},{'D1'},{'R3'},{'R1'},&,1.0,&
{'D3'},{'D6'},{'D5'},{'D7'},{'D2'},{'R3'},{'D1'},{'D4'},{'R2'},{'R1'},&,1.0,&
{'D3'},{'D6'},{'D5'},{'D7'},{'D2'},{'R3'},{'D1'},{'D4'},{'R1'},{'R2'},&,1.0,&
{'D3'},{'D6'},{'D5'},{'D7'},{'D2'},{'R3'},{'D4'},{'D1'},{'R2'},{'R1'},&,3.0,&
{'D3'},{'D6'},{'D5'},{'D7'},{'D2'},{'R3'},{'D4'},{'D1'},{'R1'},{'R2'},&,1.0,&
{'D3'},{'D6'},{'D5'},{'D7'},{'D4'},{'D1'},{'R3'},{'D2'},{'R2'},{'R1'},&,9.0,&
{'D3'},{'D6'},{'D5'},{'D7'},{'D4'},{'D1'},{'R3'},{'D2'},{'R1'},{'R2'},&,2.0,&
{'D3'},{'D6'},{'D5'},{'D7'},{'D4'},{'D1'},{'R3'},{'R1'},{'R2'},{'D2'},&,1.0,&
{'D3'},{'D6'},{'D5'},{'D7'},{'D4'},{'D1'},{'R3'},{'R1'},{'D2'},{'R2'},&,1.0,&
{'D3'},{'D6'},{'D5'},{'D7'},{'D4'},{'D1'},{'R3'},{'R2'},{'D2'},{'R1'},&,1.0,&
{'D3'},{'D6'},{'D5'},{'D7'},{'D4'},{'D1'},{'D2'},{'R1'},{'R2'},{'R3'},&,3.0,&
{'D3'},{'D6'},{'D5'},{'D7'},{'D4'},{'D1'},{'D2'},{'R1'},{'R3'},{'R2'},&,12.0,&
{'D3'},{'D6'},{'D5'},{'D7'},{'D4'},{'D1'},{'D2'},{'R2'},{'R3'},{'R1'},&,6.0,&
{'D3'},{'D6'},{'D5'},{'D7'},{'D4'},{'D1'},{'D2'},{'R2'},{'R1'},{'R3'},&,2.0,&
{'D3'},{'D6'},{'D5'},{'D7'},{'D4'},{'D1'},{'D2'},{'R3'},{'R2'},{'R1'},&,16.0,&
{'D3'},{'D6'},{'D5'},{'D7'},{'D4'},{'D1'},{'D2'},{'R3'},{'R1'},{'R2'},&,22.0,&
{'D3'},{'D6'},{'D5'},{'D7'},{'D4'},{'D1'},{'R2'},{'D2'},{'R3'},{'R1'},&,4.0,&
{'D3'},{'D6'},{'D5'},{'D7'},{'D4'},{'D1'},{'R2'},{'D2'},{'R1'},{'R3'},&,1.0,&
{'D3'},{'D6'},{'D5'},{'D7'},{'D4'},{'D1'},{'R2'},{'R1'},{'D2'},{'R3'},&,1.0,&
{'D3'},{'D6'},{'D5'},{'D7'},{'D4'},{'D1'},{'R2'},{'R3'},{'R1'},{'D2'},&,1.0,&
{'D3'},{'D6'},{'D5'},{'D7'},{'D4'},{'D1'},{'R2'},{'R3'},{'D2'},{'R1'},&,1.0,&
{'D3'},{'D6'},{'D5'},{'D7'},{'D4'},{'D1'},{'R1'},{'D2'},{'R2'},{'R3'},&,4.0,&
{'D3'},{'D6'},{'D5'},{'D7'},{'D4'},{'D1'},{'R1'},{'D2'},{'R3'},{'R2'},&,3.0,&
{'D3'},{'D6'},{'D5'},{'D7'},{'D4'},{'D1'},{'R1'},{'R2'},{'R3'},{'D2'},&,1.0,&
{'D3'},{'D6'},{'D5'},{'D7'},{'D4'},{'D2'},{'R3'},{'R1'},{'D1'},{'R2'},&,3.0,&
{'D3'},{'D6'},{'D5'},{'D7'},{'D4'},{'D2'},{'R3'},{'D1'},{'R2'},{'R1'},&,2.0,&
{'D3'},{'D6'},{'D5'},{'D7'},{'D4'},{'D2'},{'R3'},{'D1'},{'R1'},{'R2'},&,4.0,&
{'D3'},{'D6'},{'D5'},{'D7'},{'D4'},{'D2'},{'D1'},{'R1'},{'R3'},{'R2'},&,5.0,&
{'D3'},{'D6'},{'D5'},{'D7'},{'D4'},{'D2'},{'D1'},{'R2'},{'R3'},{'R1'},&,7.0,&
{'D3'},{'D6'},{'D5'},{'D7'},{'D4'},{'D2'},{'D1'},{'R2'},{'R1'},{'R3'},&,3.0,&
{'D3'},{'D6'},{'D5'},{'D7'},{'D4'},{'D2'},{'D1'},{'R3'},{'R2'},{'R1'},&,13.0,&
{'D3'},{'D6'},{'D5'},{'D7'},{'D4'},{'D2'},{'D1'},{'R3'},{'R1'},{'R2'},&,13.0,&
{'D3'},{'D6'},{'D5'},{'D7'},{'D4'},{'D2'},{'R2'},{'D1'},{'R3'},{'R1'},&,2.0,&
{'D3'},{'D6'},{'D5'},{'D7'},{'D4'},{'D2'},{'R1'},{'R2'},{'R3'},{'D1'},&,1.0,&
{'D3'},{'D6'},{'D5'},{'D7'},{'D4'},{'D2'},{'R1'},{'R3'},{'R2'},{'D1'},&,1.0,&
{'D3'},{'D6'},{'D5'},{'D7'},{'D4'},{'D2'},{'R1'},{'D1'},{'R2'},{'R3'},&,1.0,&
{'D3'},{'D6'},{'D5'},{'D7'},{'D4'},{'D2'},{'R1'},{'D1'},{'R3'},{'R2'},&,1.0,&
{'D3'},{'D6'},{'D5'},{'D7'},{'D4'},{'R2'},{'D1'},{'D2'},{'R3'},{'R1'},&,1.0,&
{'D3'},{'D6'},{'D5'},{'D7'},{'D4'},{'R2'},{'D1'},{'R3'},{'D2'},{'R1'},&,1.0,&
{'D3'},{'D6'},{'D5'},{'D7'},{'D4'},{'R1'},{'D2'},{'D1'},{'R2'},{'R3'},&,1.0,&
{'D3'},{'D6'},{'D5'},{'D7'},{'D4'},{'R1'},{'D2'},{'D1'},{'R3'},{'R2'},&,1.0,&
{'D3'},{'D6'},{'D5'},{'D7'},{'D4'},{'R1'},{'D1'},{'D2'},{'R3'},{'R2'},&,1.0,&
{'D3'},{'D6'},{'D5'},{'D7'},{'D4'},{'R3'},{'R1'},{'D2'},{'D1'},{'R2'},&,1.0,&
{'D3'},{'D6'},{'D5'},{'D7'},{'R3'},{'D4'},{'D2'},{'R1'},{'D1'},{'R2'},&,1.0,&
{'D3'},{'D6'},{'D5'},{'D7'},{'R1'},{'D4'},{'D1'},{'R3'},{'D2'},{'R2'},&,1.0,&
{'D3'},{'D6'},{'D5'},{'D7'},{'R1'},{'D1'},{'R2'},{'D4'},{'D2'},{'R3'},&,1.0,&
{'D3'},{'D6'},{'D5'},{'D1'},{'D7'},{'D4'},{'R3'},{'D2'},{'R2'},{'R1'},&,4.0,&
{'D3'},{'D6'},{'D5'},{'D1'},{'D7'},{'D4'},{'R3'},{'D2'},{'R1'},{'R2'},&,5.0,&
{'D3'},{'D6'},{'D5'},{'D1'},{'D7'},{'D4'},{'R3'},{'R2'},{'R1'},{'D2'},&,1.0,&
{'D3'},{'D6'},{'D5'},{'D1'},{'D7'},{'D4'},{'R3'},{'R2'},{'D2'},{'R1'},&,1.0,&
{'D3'},{'D6'},{'D5'},{'D1'},{'D7'},{'D4'},{'D2'},{'R1'},{'R2'},{'R3'},&,3.0,&
{'D3'},{'D6'},{'D5'},{'D1'},{'D7'},{'D4'},{'D2'},{'R1'},{'R3'},{'R2'},&,2.0,&
{'D3'},{'D6'},{'D5'},{'D1'},{'D7'},{'D4'},{'D2'},{'R2'},{'R3'},{'R1'},&,2.0,&
{'D3'},{'D6'},{'D5'},{'D1'},{'D7'},{'D4'},{'D2'},{'R2'},{'R1'},{'R3'},&,3.0,&
{'D3'},{'D6'},{'D5'},{'D1'},{'D7'},{'D4'},{'D2'},{'R3'},{'R2'},{'R1'},&,14.0,&
{'D3'},{'D6'},{'D5'},{'D1'},{'D7'},{'D4'},{'D2'},{'R3'},{'R1'},{'R2'},&,10.0,&
{'D3'},{'D6'},{'D5'},{'D1'},{'D7'},{'D4'},{'R2'},{'D2'},{'R3'},{'R1'},&,2.0,&
{'D3'},{'D6'},{'D5'},{'D1'},{'D7'},{'D4'},{'R1'},{'D2'},{'R2'},{'R3'},&,1.0,&
{'D3'},{'D6'},{'D5'},{'D1'},{'D7'},{'D4'},{'R1'},{'D2'},{'R3'},{'R2'},&,3.0,&
{'D3'},{'D6'},{'D5'},{'D1'},{'D7'},{'D2'},{'R3'},{'D4'},{'R1'},{'R2'},&,3.0,&
{'D3'},{'D6'},{'D5'},{'D1'},{'D7'},{'D2'},{'D4'},{'R1'},{'R2'},{'R3'},&,2.0,&
{'D3'},{'D6'},{'D5'},{'D1'},{'D7'},{'D2'},{'D4'},{'R1'},{'R3'},{'R2'},&,2.0,&
{'D3'},{'D6'},{'D5'},{'D1'},{'D7'},{'D2'},{'D4'},{'R2'},{'R3'},{'R1'},&,5.0,&
{'D3'},{'D6'},{'D5'},{'D1'},{'D7'},{'D2'},{'D4'},{'R2'},{'R1'},{'R3'},&,1.0,&
{'D3'},{'D6'},{'D5'},{'D1'},{'D7'},{'D2'},{'D4'},{'R3'},{'R2'},{'R1'},&,10.0,&
{'D3'},{'D6'},{'D5'},{'D1'},{'D7'},{'D2'},{'D4'},{'R3'},{'R1'},{'R2'},&,9.0,&
{'D3'},{'D6'},{'D5'},{'D1'},{'D7'},{'D2'},{'R1'},{'R3'},{'D4'},{'R2'},&,2.0,&
{'D3'},{'D6'},{'D5'},{'D1'},{'D7'},{'D2'},{'R1'},{'D4'},{'R2'},{'R3'},&,2.0,&
{'D3'},{'D6'},{'D5'},{'D1'},{'D7'},{'R1'},{'D4'},{'R2'},{'D2'},{'R3'},&,1.0,&
{'D3'},{'D6'},{'D5'},{'D1'},{'D7'},{'R3'},{'D4'},{'D2'},{'R2'},{'R1'},&,2.0,&
{'D3'},{'D6'},{'D5'},{'D1'},{'D7'},{'R3'},{'D4'},{'D2'},{'R1'},{'R2'},&,2.0,&
{'D3'},{'D6'},{'D5'},{'D1'},{'D2'},{'D4'},{'R3'},{'D7'},{'R2'},{'R1'},&,1.0,&
{'D3'},{'D6'},{'D5'},{'D1'},{'D2'},{'D4'},{'R2'},{'D7'},{'R3'},{'R1'},&,1.0,&
{'D3'},{'D6'},{'D5'},{'D1'},{'D2'},{'D4'},{'D7'},{'R1'},{'R2'},{'R3'},&,1.0,&
{'D3'},{'D6'},{'D5'},{'D1'},{'D2'},{'D4'},{'D7'},{'R1'},{'R3'},{'R2'},&,2.0,&
{'D3'},{'D6'},{'D5'},{'D1'},{'D2'},{'D4'},{'D7'},{'R2'},{'R3'},{'R1'},&,1.0,&
{'D3'},{'D6'},{'D5'},{'D1'},{'D2'},{'D4'},{'D7'},{'R2'},{'R1'},{'R3'},&,1.0,&
{'D3'},{'D6'},{'D5'},{'D1'},{'D2'},{'D4'},{'D7'},{'R3'},{'R2'},{'R1'},&,6.0,&
{'D3'},{'D6'},{'D5'},{'D1'},{'D2'},{'D4'},{'D7'},{'R3'},{'R1'},{'R2'},&,7.0,&
{'D3'},{'D6'},{'D5'},{'D1'},{'D2'},{'D4'},{'R1'},{'D7'},{'R3'},{'R2'},&,1.0,&
{'D3'},{'D6'},{'D5'},{'D1'},{'D2'},{'D7'},{'R3'},{'D4'},{'R2'},{'R1'},&,2.0,&
{'D3'},{'D6'},{'D5'},{'D1'},{'D2'},{'D7'},{'R3'},{'D4'},{'R1'},{'R2'},&,2.0,&
{'D3'},{'D6'},{'D5'},{'D1'},{'D2'},{'D7'},{'D4'},{'R1'},{'R2'},{'R3'},&,2.0,&
{'D3'},{'D6'},{'D5'},{'D1'},{'D2'},{'D7'},{'D4'},{'R1'},{'R3'},{'R2'},&,4.0,&
{'D3'},{'D6'},{'D5'},{'D1'},{'D2'},{'D7'},{'D4'},{'R2'},{'R3'},{'R1'},&,4.0,&
{'D3'},{'D6'},{'D5'},{'D1'},{'D2'},{'D7'},{'D4'},{'R2'},{'R1'},{'R3'},&,1.0,&
{'D3'},{'D6'},{'D5'},{'D1'},{'D2'},{'D7'},{'D4'},{'R3'},{'R2'},{'R1'},&,13.0,&
{'D3'},{'D6'},{'D5'},{'D1'},{'D2'},{'D7'},{'D4'},{'R3'},{'R1'},{'R2'},&,7.0,&
{'D3'},{'D6'},{'D5'},{'D1'},{'D2'},{'D7'},{'R1'},{'R3'},{'D4'},{'R2'},&,1.0,&
{'D3'},{'D6'},{'D5'},{'D1'},{'D2'},{'D7'},{'R1'},{'D4'},{'R2'},{'R3'},&,1.0,&
{'D3'},{'D6'},{'D5'},{'D1'},{'D2'},{'D7'},{'R1'},{'D4'},{'R3'},{'R2'},&,1.0,&
{'D3'},{'D6'},{'D5'},{'D1'},{'D2'},{'R2'},{'D4'},{'R3'},{'R1'},{'D7'},&,1.0,&
{'D3'},{'D6'},{'D5'},{'D1'},{'D2'},{'R2'},{'D7'},{'D4'},{'R3'},{'R1'},&,1.0,&
{'D3'},{'D6'},{'D5'},{'D1'},{'D2'},{'R3'},{'R2'},{'D7'},{'D4'},{'R1'},&,1.0,&
{'D3'},{'D6'},{'D5'},{'D1'},{'D4'},{'D7'},{'R3'},{'D2'},{'R2'},{'R1'},&,4.0,&
{'D3'},{'D6'},{'D5'},{'D1'},{'D4'},{'D7'},{'R3'},{'D2'},{'R1'},{'R2'},&,2.0,&
{'D3'},{'D6'},{'D5'},{'D1'},{'D4'},{'D7'},{'R3'},{'R1'},{'R2'},{'D2'},&,1.0,&
{'D3'},{'D6'},{'D5'},{'D1'},{'D4'},{'D7'},{'R3'},{'R1'},{'D2'},{'R2'},&,1.0,&
{'D3'},{'D6'},{'D5'},{'D1'},{'D4'},{'D7'},{'D2'},{'R1'},{'R3'},{'R2'},&,4.0,&
{'D3'},{'D6'},{'D5'},{'D1'},{'D4'},{'D7'},{'D2'},{'R2'},{'R3'},{'R1'},&,5.0,&
{'D3'},{'D6'},{'D5'},{'D1'},{'D4'},{'D7'},{'D2'},{'R2'},{'R1'},{'R3'},&,1.0,&
{'D3'},{'D6'},{'D5'},{'D1'},{'D4'},{'D7'},{'D2'},{'R3'},{'R2'},{'R1'},&,13.0,&
{'D3'},{'D6'},{'D5'},{'D1'},{'D4'},{'D7'},{'D2'},{'R3'},{'R1'},{'R2'},&,10.0,&
{'D3'},{'D6'},{'D5'},{'D1'},{'D4'},{'D7'},{'R1'},{'D2'},{'R2'},{'R3'},&,2.0,&
{'D3'},{'D6'},{'D5'},{'D1'},{'D4'},{'D7'},{'R1'},{'D2'},{'R3'},{'R2'},&,2.0,&
{'D3'},{'D6'},{'D5'},{'D1'},{'D4'},{'D7'},{'R1'},{'R2'},{'D2'},{'R3'},&,2.0,&
{'D3'},{'D6'},{'D5'},{'D1'},{'D4'},{'D2'},{'R3'},{'D7'},{'R2'},{'R1'},&,1.0,&
{'D3'},{'D6'},{'D5'},{'D1'},{'D4'},{'D2'},{'R3'},{'D7'},{'R1'},{'R2'},&,2.0,&
{'D3'},{'D6'},{'D5'},{'D1'},{'D4'},{'D2'},{'R2'},{'R3'},{'D7'},{'R1'},&,2.0,&
{'D3'},{'D6'},{'D5'},{'D1'},{'D4'},{'D2'},{'D7'},{'R1'},{'R2'},{'R3'},&,4.0,&
{'D3'},{'D6'},{'D5'},{'D1'},{'D4'},{'D2'},{'D7'},{'R1'},{'R3'},{'R2'},&,4.0,&
{'D3'},{'D6'},{'D5'},{'D1'},{'D4'},{'D2'},{'D7'},{'R2'},{'R3'},{'R1'},&,2.0,&
{'D3'},{'D6'},{'D5'},{'D1'},{'D4'},{'D2'},{'D7'},{'R3'},{'R2'},{'R1'},&,4.0,&
{'D3'},{'D6'},{'D5'},{'D1'},{'D4'},{'D2'},{'D7'},{'R3'},{'R1'},{'R2'},&,5.0,&
{'D3'},{'D6'},{'D5'},{'D1'},{'D4'},{'D2'},{'R1'},{'D7'},{'R3'},{'R2'},&,1.0,&
{'D3'},{'D6'},{'D5'},{'D1'},{'D4'},{'R1'},{'D7'},{'D2'},{'R3'},{'R2'},&,1.0,&
{'D3'},{'D6'},{'D5'},{'D1'},{'D4'},{'R3'},{'D2'},{'R2'},{'D7'},{'R1'},&,1.0,&
{'D3'},{'D6'},{'D5'},{'D1'},{'D4'},{'R3'},{'D2'},{'D7'},{'R1'},{'R2'},&,2.0,&
{'D3'},{'D6'},{'D5'},{'D1'},{'R3'},{'D4'},{'D7'},{'R1'},{'D2'},{'R2'},&,1.0,&
{'D3'},{'D6'},{'D5'},{'D1'},{'R3'},{'D7'},{'D4'},{'D2'},{'R2'},{'R1'},&,1.0,&
{'D3'},{'D6'},{'D5'},{'D1'},{'R1'},{'D7'},{'D2'},{'R3'},{'R2'},{'D4'},&,1.0,&
{'D3'},{'D6'},{'D5'},{'D2'},{'D1'},{'D4'},{'R3'},{'R1'},{'D7'},{'R2'},&,1.0,&
{'D3'},{'D6'},{'D5'},{'D2'},{'D1'},{'D4'},{'R3'},{'D7'},{'R2'},{'R1'},&,1.0,&
{'D3'},{'D6'},{'D5'},{'D2'},{'D1'},{'D4'},{'R3'},{'D7'},{'R1'},{'R2'},&,1.0,&
{'D3'},{'D6'},{'D5'},{'D2'},{'D1'},{'D4'},{'D7'},{'R1'},{'R2'},{'R3'},&,3.0,&
{'D3'},{'D6'},{'D5'},{'D2'},{'D1'},{'D4'},{'D7'},{'R1'},{'R3'},{'R2'},&,5.0,&
{'D3'},{'D6'},{'D5'},{'D2'},{'D1'},{'D4'},{'D7'},{'R2'},{'R3'},{'R1'},&,3.0,&
{'D3'},{'D6'},{'D5'},{'D2'},{'D1'},{'D4'},{'D7'},{'R2'},{'R1'},{'R3'},&,1.0,&
{'D3'},{'D6'},{'D5'},{'D2'},{'D1'},{'D4'},{'D7'},{'R3'},{'R2'},{'R1'},&,2.0,&
{'D3'},{'D6'},{'D5'},{'D2'},{'D1'},{'D4'},{'D7'},{'R3'},{'R1'},{'R2'},&,7.0,&
{'D3'},{'D6'},{'D5'},{'D2'},{'D1'},{'D4'},{'R1'},{'D7'},{'R3'},{'R2'},&,1.0,&
{'D3'},{'D6'},{'D5'},{'D2'},{'D1'},{'D7'},{'R3'},{'R1'},{'D4'},{'R2'},&,1.0,&
{'D3'},{'D6'},{'D5'},{'D2'},{'D1'},{'D7'},{'R3'},{'D4'},{'R1'},{'R2'},&,3.0,&
{'D3'},{'D6'},{'D5'},{'D2'},{'D1'},{'D7'},{'D4'},{'R1'},{'R2'},{'R3'},&,4.0,&
{'D3'},{'D6'},{'D5'},{'D2'},{'D1'},{'D7'},{'D4'},{'R1'},{'R3'},{'R2'},&,4.0,&
{'D3'},{'D6'},{'D5'},{'D2'},{'D1'},{'D7'},{'D4'},{'R2'},{'R3'},{'R1'},&,2.0,&
{'D3'},{'D6'},{'D5'},{'D2'},{'D1'},{'D7'},{'D4'},{'R3'},{'R2'},{'R1'},&,6.0,&
{'D3'},{'D6'},{'D5'},{'D2'},{'D1'},{'D7'},{'D4'},{'R3'},{'R1'},{'R2'},&,2.0,&
{'D3'},{'D6'},{'D5'},{'D2'},{'D1'},{'D7'},{'R1'},{'D4'},{'R3'},{'R2'},&,1.0,&
{'D3'},{'D6'},{'D5'},{'D2'},{'D1'},{'R1'},{'D4'},{'D7'},{'R2'},{'R3'},&,1.0,&
{'D3'},{'D6'},{'D5'},{'D2'},{'D1'},{'R3'},{'D4'},{'D7'},{'R1'},{'R2'},&,1.0,&
{'D3'},{'D6'},{'D5'},{'D2'},{'D1'},{'R3'},{'D7'},{'D4'},{'R1'},{'R2'},&,2.0,&
{'D3'},{'D6'},{'D5'},{'D2'},{'D7'},{'D4'},{'R3'},{'R1'},{'D1'},{'R2'},&,1.0,&
{'D3'},{'D6'},{'D5'},{'D2'},{'D7'},{'D4'},{'R3'},{'D1'},{'R2'},{'R1'},&,1.0,&
{'D3'},{'D6'},{'D5'},{'D2'},{'D7'},{'D4'},{'R3'},{'D1'},{'R1'},{'R2'},&,6.0,&
{'D3'},{'D6'},{'D5'},{'D2'},{'D7'},{'D4'},{'D1'},{'R1'},{'R2'},{'R3'},&,1.0,&
{'D3'},{'D6'},{'D5'},{'D2'},{'D7'},{'D4'},{'D1'},{'R1'},{'R3'},{'R2'},&,9.0,&
{'D3'},{'D6'},{'D5'},{'D2'},{'D7'},{'D4'},{'D1'},{'R2'},{'R3'},{'R1'},&,4.0,&
{'D3'},{'D6'},{'D5'},{'D2'},{'D7'},{'D4'},{'D1'},{'R3'},{'R2'},{'R1'},&,9.0,&
{'D3'},{'D6'},{'D5'},{'D2'},{'D7'},{'D4'},{'D1'},{'R3'},{'R1'},{'R2'},&,9.0,&
{'D3'},{'D6'},{'D5'},{'D2'},{'D7'},{'D4'},{'R2'},{'D1'},{'R3'},{'R1'},&,6.0,&
{'D3'},{'D6'},{'D5'},{'D2'},{'D7'},{'D4'},{'R1'},{'R2'},{'R3'},{'D1'},&,1.0,&
{'D3'},{'D6'},{'D5'},{'D2'},{'D7'},{'D4'},{'R1'},{'D1'},{'R3'},{'R2'},&,1.0,&
{'D3'},{'D6'},{'D5'},{'D2'},{'D7'},{'D1'},{'R3'},{'R1'},{'D4'},{'R2'},&,1.0,&
{'D3'},{'D6'},{'D5'},{'D2'},{'D7'},{'D1'},{'R3'},{'R2'},{'D4'},{'R1'},&,2.0,&
{'D3'},{'D6'},{'D5'},{'D2'},{'D7'},{'D1'},{'R3'},{'D4'},{'R2'},{'R1'},&,2.0,&
{'D3'},{'D6'},{'D5'},{'D2'},{'D7'},{'D1'},{'R3'},{'D4'},{'R1'},{'R2'},&,5.0,&
{'D3'},{'D6'},{'D5'},{'D2'},{'D7'},{'D1'},{'D4'},{'R1'},{'R2'},{'R3'},&,1.0,&
{'D3'},{'D6'},{'D5'},{'D2'},{'D7'},{'D1'},{'D4'},{'R1'},{'R3'},{'R2'},&,5.0,&
{'D3'},{'D6'},{'D5'},{'D2'},{'D7'},{'D1'},{'D4'},{'R2'},{'R3'},{'R1'},&,4.0,&
{'D3'},{'D6'},{'D5'},{'D2'},{'D7'},{'D1'},{'D4'},{'R3'},{'R2'},{'R1'},&,6.0,&
{'D3'},{'D6'},{'D5'},{'D2'},{'D7'},{'D1'},{'D4'},{'R3'},{'R1'},{'R2'},&,7.0,&
{'D3'},{'D6'},{'D5'},{'D2'},{'D7'},{'D1'},{'R2'},{'R3'},{'D4'},{'R1'},&,1.0,&
{'D3'},{'D6'},{'D5'},{'D2'},{'D7'},{'D1'},{'R2'},{'D4'},{'R3'},{'R1'},&,1.0,&
{'D3'},{'D6'},{'D5'},{'D2'},{'D7'},{'D1'},{'R2'},{'D4'},{'R1'},{'R3'},&,2.0,&
{'D3'},{'D6'},{'D5'},{'D2'},{'D7'},{'D1'},{'R1'},{'R3'},{'R2'},{'D4'},&,1.0,&
{'D3'},{'D6'},{'D5'},{'D2'},{'D7'},{'D1'},{'R1'},{'R3'},{'D4'},{'R2'},&,1.0,&
{'D3'},{'D6'},{'D5'},{'D2'},{'D7'},{'R2'},{'D1'},{'D4'},{'R3'},{'R1'},&,1.0,&
{'D3'},{'D6'},{'D5'},{'D2'},{'D7'},{'R2'},{'D4'},{'D1'},{'R3'},{'R1'},&,1.0,&
{'D3'},{'D6'},{'D5'},{'D2'},{'D7'},{'R1'},{'D4'},{'D1'},{'R2'},{'R3'},&,2.0,&
{'D3'},{'D6'},{'D5'},{'D2'},{'D7'},{'R1'},{'D4'},{'D1'},{'R3'},{'R2'},&,1.0,&
{'D3'},{'D6'},{'D5'},{'D2'},{'D7'},{'R3'},{'D1'},{'R1'},{'D4'},{'R2'},&,1.0,&
{'D3'},{'D6'},{'D5'},{'D2'},{'D7'},{'R3'},{'D1'},{'D4'},{'R2'},{'R1'},&,1.0,&
{'D3'},{'D6'},{'D5'},{'D2'},{'D7'},{'R3'},{'D4'},{'R1'},{'D1'},{'R2'},&,1.0,&
{'D3'},{'D6'},{'D5'},{'D2'},{'D7'},{'R3'},{'D4'},{'D1'},{'R1'},{'R2'},&,1.0,&
{'D3'},{'D6'},{'D5'},{'D2'},{'D4'},{'D7'},{'R3'},{'R1'},{'D1'},{'R2'},&,1.0,&
{'D3'},{'D6'},{'D5'},{'D2'},{'D4'},{'D7'},{'R3'},{'R2'},{'R1'},{'D1'},&,1.0,&
{'D3'},{'D6'},{'D5'},{'D2'},{'D4'},{'D7'},{'R3'},{'D1'},{'R2'},{'R1'},&,2.0,&
{'D3'},{'D6'},{'D5'},{'D2'},{'D4'},{'D7'},{'R3'},{'D1'},{'R1'},{'R2'},&,6.0,&
{'D3'},{'D6'},{'D5'},{'D2'},{'D4'},{'D7'},{'D1'},{'R1'},{'R2'},{'R3'},&,2.0,&
{'D3'},{'D6'},{'D5'},{'D2'},{'D4'},{'D7'},{'D1'},{'R1'},{'R3'},{'R2'},&,6.0,&
{'D3'},{'D6'},{'D5'},{'D2'},{'D4'},{'D7'},{'D1'},{'R2'},{'R3'},{'R1'},&,4.0,&
{'D3'},{'D6'},{'D5'},{'D2'},{'D4'},{'D7'},{'D1'},{'R2'},{'R1'},{'R3'},&,1.0,&
{'D3'},{'D6'},{'D5'},{'D2'},{'D4'},{'D7'},{'D1'},{'R3'},{'R2'},{'R1'},&,10.0,&
{'D3'},{'D6'},{'D5'},{'D2'},{'D4'},{'D7'},{'D1'},{'R3'},{'R1'},{'R2'},&,11.0,&
{'D3'},{'D6'},{'D5'},{'D2'},{'D4'},{'D7'},{'R2'},{'D1'},{'R1'},{'R3'},&,1.0,&
{'D3'},{'D6'},{'D5'},{'D2'},{'D4'},{'D7'},{'R1'},{'R3'},{'R2'},{'D1'},&,1.0,&
{'D3'},{'D6'},{'D5'},{'D2'},{'D4'},{'D7'},{'R1'},{'D1'},{'R2'},{'R3'},&,1.0,&
{'D3'},{'D6'},{'D5'},{'D2'},{'D4'},{'D7'},{'R1'},{'D1'},{'R3'},{'R2'},&,2.0,&
{'D3'},{'D6'},{'D5'},{'D2'},{'D4'},{'D1'},{'R3'},{'R2'},{'D7'},{'R1'},&,1.0,&
{'D3'},{'D6'},{'D5'},{'D2'},{'D4'},{'D1'},{'R3'},{'D7'},{'R2'},{'R1'},&,2.0,&
{'D3'},{'D6'},{'D5'},{'D2'},{'D4'},{'D1'},{'D7'},{'R1'},{'R2'},{'R3'},&,2.0,&
{'D3'},{'D6'},{'D5'},{'D2'},{'D4'},{'D1'},{'D7'},{'R1'},{'R3'},{'R2'},&,4.0,&
{'D3'},{'D6'},{'D5'},{'D2'},{'D4'},{'D1'},{'D7'},{'R2'},{'R3'},{'R1'},&,5.0,&
{'D3'},{'D6'},{'D5'},{'D2'},{'D4'},{'D1'},{'D7'},{'R3'},{'R2'},{'R1'},&,5.0,&
{'D3'},{'D6'},{'D5'},{'D2'},{'D4'},{'D1'},{'D7'},{'R3'},{'R1'},{'R2'},&,3.0,&
{'D3'},{'D6'},{'D5'},{'D2'},{'D4'},{'D1'},{'R1'},{'R2'},{'D7'},{'R3'},&,1.0,&
{'D3'},{'D6'},{'D5'},{'D2'},{'D4'},{'D1'},{'R1'},{'D7'},{'R2'},{'R3'},&,2.0,&
{'D3'},{'D6'},{'D5'},{'D2'},{'D4'},{'R1'},{'D1'},{'R3'},{'D7'},{'R2'},&,1.0,&
{'D3'},{'D6'},{'D5'},{'D2'},{'D4'},{'R3'},{'D7'},{'D1'},{'R2'},{'R1'},&,1.0,&
{'D3'},{'D6'},{'D5'},{'D2'},{'D4'},{'R3'},{'D7'},{'D1'},{'R1'},{'R2'},&,1.0,&
{'D3'},{'D6'},{'D5'},{'D2'},{'R2'},{'D4'},{'D1'},{'D7'},{'R3'},{'R1'},&,1.0,&
{'D3'},{'D6'},{'D5'},{'D2'},{'R2'},{'D7'},{'D4'},{'D1'},{'R3'},{'R1'},&,1.0,&
{'D3'},{'D6'},{'D5'},{'R1'},{'D7'},{'D4'},{'D2'},{'D1'},{'R3'},{'R2'},&,1.0,&
{'D3'},{'D6'},{'D5'},{'R1'},{'D4'},{'D7'},{'D2'},{'D1'},{'R3'},{'R2'},&,1.0,&
{'D3'},{'D6'},{'D5'},{'R1'},{'D4'},{'D1'},{'D7'},{'D2'},{'R3'},{'R2'},&,1.0,&
{'D3'},{'D6'},{'D5'},{'D4'},{'D1'},{'D7'},{'R3'},{'D2'},{'R2'},{'R1'},&,3.0,&
{'D3'},{'D6'},{'D5'},{'D4'},{'D1'},{'D7'},{'R3'},{'D2'},{'R1'},{'R2'},&,2.0,&
{'D3'},{'D6'},{'D5'},{'D4'},{'D1'},{'D7'},{'D2'},{'R1'},{'R2'},{'R3'},&,4.0,&
{'D3'},{'D6'},{'D5'},{'D4'},{'D1'},{'D7'},{'D2'},{'R1'},{'R3'},{'R2'},&,7.0,&
{'D3'},{'D6'},{'D5'},{'D4'},{'D1'},{'D7'},{'D2'},{'R2'},{'R3'},{'R1'},&,9.0,&
{'D3'},{'D6'},{'D5'},{'D4'},{'D1'},{'D7'},{'D2'},{'R3'},{'R2'},{'R1'},&,17.0,&
{'D3'},{'D6'},{'D5'},{'D4'},{'D1'},{'D7'},{'D2'},{'R3'},{'R1'},{'R2'},&,10.0,&
{'D3'},{'D6'},{'D5'},{'D4'},{'D1'},{'D7'},{'R2'},{'R3'},{'D2'},{'R1'},&,1.0,&
{'D3'},{'D6'},{'D5'},{'D4'},{'D1'},{'D7'},{'R1'},{'D2'},{'R3'},{'R2'},&,3.0,&
{'D3'},{'D6'},{'D5'},{'D4'},{'D1'},{'D2'},{'R3'},{'R1'},{'D7'},{'R2'},&,1.0,&
{'D3'},{'D6'},{'D5'},{'D4'},{'D1'},{'D2'},{'R3'},{'D7'},{'R1'},{'R2'},&,4.0,&
{'D3'},{'D6'},{'D5'},{'D4'},{'D1'},{'D2'},{'R2'},{'R3'},{'D7'},{'R1'},&,1.0,&
{'D3'},{'D6'},{'D5'},{'D4'},{'D1'},{'D2'},{'R2'},{'D7'},{'R3'},{'R1'},&,4.0,&
{'D3'},{'D6'},{'D5'},{'D4'},{'D1'},{'D2'},{'D7'},{'R1'},{'R2'},{'R3'},&,1.0,&
{'D3'},{'D6'},{'D5'},{'D4'},{'D1'},{'D2'},{'D7'},{'R1'},{'R3'},{'R2'},&,7.0,&
{'D3'},{'D6'},{'D5'},{'D4'},{'D1'},{'D2'},{'D7'},{'R2'},{'R3'},{'R1'},&,4.0,&
{'D3'},{'D6'},{'D5'},{'D4'},{'D1'},{'D2'},{'D7'},{'R3'},{'R2'},{'R1'},&,10.0,&
{'D3'},{'D6'},{'D5'},{'D4'},{'D1'},{'D2'},{'D7'},{'R3'},{'R1'},{'R2'},&,5.0,&
{'D3'},{'D6'},{'D5'},{'D4'},{'D1'},{'D2'},{'R1'},{'R3'},{'D7'},{'R2'},&,1.0,&
{'D3'},{'D6'},{'D5'},{'D4'},{'D1'},{'D2'},{'R1'},{'D7'},{'R3'},{'R2'},&,2.0,&
{'D3'},{'D6'},{'D5'},{'D4'},{'D1'},{'R2'},{'D2'},{'R1'},{'D7'},{'R3'},&,1.0,&
{'D3'},{'D6'},{'D5'},{'D4'},{'D1'},{'R2'},{'D7'},{'D2'},{'R1'},{'R3'},&,1.0,&
{'D3'},{'D6'},{'D5'},{'D4'},{'D1'},{'R1'},{'D2'},{'D7'},{'R3'},{'R2'},&,1.0,&
{'D3'},{'D6'},{'D5'},{'D4'},{'D1'},{'R3'},{'D7'},{'R2'},{'D2'},{'R1'},&,1.0,&
{'D3'},{'D6'},{'D5'},{'D4'},{'D7'},{'D1'},{'R3'},{'D2'},{'R2'},{'R1'},&,8.0,&
{'D3'},{'D6'},{'D5'},{'D4'},{'D7'},{'D1'},{'R3'},{'D2'},{'R1'},{'R2'},&,2.0,&
{'D3'},{'D6'},{'D5'},{'D4'},{'D7'},{'D1'},{'R3'},{'R1'},{'D2'},{'R2'},&,2.0,&
{'D3'},{'D6'},{'D5'},{'D4'},{'D7'},{'D1'},{'R3'},{'R2'},{'R1'},{'D2'},&,1.0,&
{'D3'},{'D6'},{'D5'},{'D4'},{'D7'},{'D1'},{'R3'},{'R2'},{'D2'},{'R1'},&,1.0,&
{'D3'},{'D6'},{'D5'},{'D4'},{'D7'},{'D1'},{'D2'},{'R1'},{'R2'},{'R3'},&,4.0,&
{'D3'},{'D6'},{'D5'},{'D4'},{'D7'},{'D1'},{'D2'},{'R1'},{'R3'},{'R2'},&,8.0,&
{'D3'},{'D6'},{'D5'},{'D4'},{'D7'},{'D1'},{'D2'},{'R2'},{'R3'},{'R1'},&,5.0,&
{'D3'},{'D6'},{'D5'},{'D4'},{'D7'},{'D1'},{'D2'},{'R2'},{'R1'},{'R3'},&,6.0,&
{'D3'},{'D6'},{'D5'},{'D4'},{'D7'},{'D1'},{'D2'},{'R3'},{'R2'},{'R1'},&,11.0,&
{'D3'},{'D6'},{'D5'},{'D4'},{'D7'},{'D1'},{'D2'},{'R3'},{'R1'},{'R2'},&,16.0,&
{'D3'},{'D6'},{'D5'},{'D4'},{'D7'},{'D1'},{'R2'},{'D2'},{'R3'},{'R1'},&,3.0,&
{'D3'},{'D6'},{'D5'},{'D4'},{'D7'},{'D1'},{'R2'},{'R3'},{'D2'},{'R1'},&,1.0,&
{'D3'},{'D6'},{'D5'},{'D4'},{'D7'},{'D2'},{'R3'},{'R2'},{'R1'},{'D1'},&,1.0,&
{'D3'},{'D6'},{'D5'},{'D4'},{'D7'},{'D2'},{'R3'},{'R2'},{'D1'},{'R1'},&,1.0,&
{'D3'},{'D6'},{'D5'},{'D4'},{'D7'},{'D2'},{'R3'},{'D1'},{'R2'},{'R1'},&,1.0,&
{'D3'},{'D6'},{'D5'},{'D4'},{'D7'},{'D2'},{'R3'},{'D1'},{'R1'},{'R2'},&,4.0,&
{'D3'},{'D6'},{'D5'},{'D4'},{'D7'},{'D2'},{'D1'},{'R1'},{'R2'},{'R3'},&,1.0,&
{'D3'},{'D6'},{'D5'},{'D4'},{'D7'},{'D2'},{'D1'},{'R1'},{'R3'},{'R2'},&,9.0,&
{'D3'},{'D6'},{'D5'},{'D4'},{'D7'},{'D2'},{'D1'},{'R2'},{'R3'},{'R1'},&,8.0,&
{'D3'},{'D6'},{'D5'},{'D4'},{'D7'},{'D2'},{'D1'},{'R2'},{'R1'},{'R3'},&,4.0,&
{'D3'},{'D6'},{'D5'},{'D4'},{'D7'},{'D2'},{'D1'},{'R3'},{'R2'},{'R1'},&,16.0,&
{'D3'},{'D6'},{'D5'},{'D4'},{'D7'},{'D2'},{'D1'},{'R3'},{'R1'},{'R2'},&,22.0,&
{'D3'},{'D6'},{'D5'},{'D4'},{'D7'},{'D2'},{'R2'},{'D1'},{'R3'},{'R1'},&,2.0,&
{'D3'},{'D6'},{'D5'},{'D4'},{'D7'},{'D2'},{'R1'},{'R3'},{'D1'},{'R2'},&,1.0,&
{'D3'},{'D6'},{'D5'},{'D4'},{'D7'},{'D2'},{'R1'},{'D1'},{'R3'},{'R2'},&,2.0,&
{'D3'},{'D6'},{'D5'},{'D4'},{'D7'},{'R2'},{'D2'},{'D1'},{'R3'},{'R1'},&,1.0,&
{'D3'},{'D6'},{'D5'},{'D4'},{'D7'},{'R2'},{'D1'},{'R3'},{'D2'},{'R1'},&,1.0,&
{'D3'},{'D6'},{'D5'},{'D4'},{'D7'},{'R1'},{'D2'},{'D1'},{'R3'},{'R2'},&,1.0,&
{'D3'},{'D6'},{'D5'},{'D4'},{'D7'},{'R1'},{'D1'},{'D2'},{'R2'},{'R3'},&,1.0,&
{'D3'},{'D6'},{'D5'},{'D4'},{'D7'},{'R1'},{'D1'},{'D2'},{'R3'},{'R2'},&,2.0,&
{'D3'},{'D6'},{'D5'},{'D4'},{'D7'},{'R1'},{'D1'},{'R2'},{'D2'},{'R3'},&,1.0,&
{'D3'},{'D6'},{'D5'},{'D4'},{'D7'},{'R3'},{'D2'},{'D1'},{'R2'},{'R1'},&,3.0,&
{'D3'},{'D6'},{'D5'},{'D4'},{'D7'},{'R3'},{'D1'},{'D2'},{'R2'},{'R1'},&,2.0,&
{'D3'},{'D6'},{'D5'},{'D4'},{'D2'},{'D7'},{'R3'},{'R1'},{'D1'},{'R2'},&,1.0,&
{'D3'},{'D6'},{'D5'},{'D4'},{'D2'},{'D7'},{'R3'},{'D1'},{'R2'},{'R1'},&,3.0,&
{'D3'},{'D6'},{'D5'},{'D4'},{'D2'},{'D7'},{'R3'},{'D1'},{'R1'},{'R2'},&,1.0,&
{'D3'},{'D6'},{'D5'},{'D4'},{'D2'},{'D7'},{'D1'},{'R1'},{'R2'},{'R3'},&,3.0,&
{'D3'},{'D6'},{'D5'},{'D4'},{'D2'},{'D7'},{'D1'},{'R1'},{'R3'},{'R2'},&,5.0,&
{'D3'},{'D6'},{'D5'},{'D4'},{'D2'},{'D7'},{'D1'},{'R2'},{'R3'},{'R1'},&,9.0,&
{'D3'},{'D6'},{'D5'},{'D4'},{'D2'},{'D7'},{'D1'},{'R2'},{'R1'},{'R3'},&,2.0,&
{'D3'},{'D6'},{'D5'},{'D4'},{'D2'},{'D7'},{'D1'},{'R3'},{'R2'},{'R1'},&,9.0,&
{'D3'},{'D6'},{'D5'},{'D4'},{'D2'},{'D7'},{'D1'},{'R3'},{'R1'},{'R2'},&,12.0,&
{'D3'},{'D6'},{'D5'},{'D4'},{'D2'},{'D7'},{'R2'},{'R3'},{'D1'},{'R1'},&,2.0,&
{'D3'},{'D6'},{'D5'},{'D4'},{'D2'},{'D7'},{'R2'},{'D1'},{'R3'},{'R1'},&,1.0,&
{'D3'},{'D6'},{'D5'},{'D4'},{'D2'},{'D7'},{'R2'},{'D1'},{'R1'},{'R3'},&,1.0,&
{'D3'},{'D6'},{'D5'},{'D4'},{'D2'},{'D7'},{'R1'},{'D1'},{'R2'},{'R3'},&,1.0,&
{'D3'},{'D6'},{'D5'},{'D4'},{'D2'},{'D1'},{'R3'},{'R2'},{'R1'},{'D7'},&,1.0,&
{'D3'},{'D6'},{'D5'},{'D4'},{'D2'},{'D1'},{'R3'},{'D7'},{'R2'},{'R1'},&,2.0,&
{'D3'},{'D6'},{'D5'},{'D4'},{'D2'},{'D1'},{'R3'},{'D7'},{'R1'},{'R2'},&,2.0,&
{'D3'},{'D6'},{'D5'},{'D4'},{'D2'},{'D1'},{'R2'},{'D7'},{'R3'},{'R1'},&,1.0,&
{'D3'},{'D6'},{'D5'},{'D4'},{'D2'},{'D1'},{'D7'},{'R1'},{'R2'},{'R3'},&,3.0,&
{'D3'},{'D6'},{'D5'},{'D4'},{'D2'},{'D1'},{'D7'},{'R1'},{'R3'},{'R2'},&,3.0,&
{'D3'},{'D6'},{'D5'},{'D4'},{'D2'},{'D1'},{'D7'},{'R2'},{'R3'},{'R1'},&,3.0,&
{'D3'},{'D6'},{'D5'},{'D4'},{'D2'},{'D1'},{'D7'},{'R2'},{'R1'},{'R3'},&,1.0,&
{'D3'},{'D6'},{'D5'},{'D4'},{'D2'},{'D1'},{'D7'},{'R3'},{'R2'},{'R1'},&,5.0,&
{'D3'},{'D6'},{'D5'},{'D4'},{'D2'},{'D1'},{'D7'},{'R3'},{'R1'},{'R2'},&,4.0,&
{'D3'},{'D6'},{'D5'},{'D4'},{'D2'},{'D1'},{'R1'},{'D7'},{'R2'},{'R3'},&,1.0,&
{'D3'},{'D6'},{'D5'},{'D4'},{'D2'},{'R2'},{'D1'},{'D7'},{'R1'},{'R3'},&,2.0,&
{'D3'},{'D6'},{'D5'},{'D4'},{'D2'},{'R1'},{'D1'},{'R3'},{'R2'},{'D7'},&,1.0,&
{'D3'},{'D6'},{'D5'},{'D4'},{'D2'},{'R1'},{'D7'},{'R3'},{'D1'},{'R2'},&,1.0,&
{'D3'},{'D6'},{'D5'},{'D4'},{'D2'},{'R3'},{'D7'},{'D1'},{'R2'},{'R1'},&,2.0,&
{'D3'},{'D6'},{'D5'},{'D4'},{'D2'},{'R3'},{'D7'},{'D1'},{'R1'},{'R2'},&,2.0,&
{'D3'},{'D6'},{'D5'},{'D4'},{'R3'},{'D7'},{'D2'},{'R1'},{'R2'},{'D1'},&,1.0,&
{'D3'},{'D6'},{'D5'},{'D4'},{'R3'},{'D7'},{'D2'},{'D1'},{'R2'},{'R1'},&,1.0,&
{'D3'},{'D6'},{'D5'},{'D4'},{'R2'},{'D2'},{'D7'},{'D1'},{'R3'},{'R1'},&,1.0,&
{'D3'},{'D6'},{'D5'},{'R2'},{'D2'},{'D1'},{'D7'},{'D4'},{'R1'},{'R3'},&,1.0,&
{'D3'},{'D6'},{'D5'},{'R3'},{'D2'},{'D1'},{'D7'},{'R2'},{'D4'},{'R1'},&,1.0,&
{'D3'},{'D6'},{'D1'},{'D7'},{'D2'},{'D5'},{'R3'},{'D4'},{'R2'},{'R1'},&,1.0,&
{'D3'},{'D6'},{'D1'},{'D7'},{'D2'},{'D5'},{'D4'},{'R3'},{'R1'},{'R2'},&,2.0,&
{'D3'},{'D6'},{'D1'},{'D7'},{'D4'},{'D2'},{'D5'},{'R2'},{'R3'},{'R1'},&,1.0,&
{'D3'},{'D6'},{'D1'},{'D7'},{'D4'},{'D2'},{'D5'},{'R2'},{'R1'},{'R3'},&,1.0,&
{'D3'},{'D6'},{'D1'},{'D7'},{'D4'},{'D5'},{'R3'},{'D2'},{'R1'},{'R2'},&,1.0,&
{'D3'},{'D6'},{'D1'},{'D7'},{'D4'},{'D5'},{'D2'},{'R1'},{'R3'},{'R2'},&,2.0,&
{'D3'},{'D6'},{'D1'},{'D7'},{'D4'},{'D5'},{'D2'},{'R3'},{'R1'},{'R2'},&,2.0,&
{'D3'},{'D6'},{'D1'},{'D7'},{'D5'},{'D4'},{'R3'},{'D2'},{'R2'},{'R1'},&,1.0,&
{'D3'},{'D6'},{'D1'},{'D7'},{'D5'},{'D4'},{'R3'},{'R1'},{'R2'},{'D2'},&,1.0,&
{'D3'},{'D6'},{'D1'},{'D7'},{'D5'},{'D4'},{'R3'},{'R1'},{'D2'},{'R2'},&,1.0,&
{'D3'},{'D6'},{'D1'},{'D7'},{'D5'},{'D4'},{'D2'},{'R1'},{'R2'},{'R3'},&,1.0,&
{'D3'},{'D6'},{'D1'},{'D7'},{'D5'},{'D4'},{'D2'},{'R1'},{'R3'},{'R2'},&,2.0,&
{'D3'},{'D6'},{'D1'},{'D7'},{'D5'},{'D4'},{'D2'},{'R2'},{'R1'},{'R3'},&,1.0,&
{'D3'},{'D6'},{'D1'},{'D7'},{'D5'},{'D4'},{'D2'},{'R3'},{'R2'},{'R1'},&,2.0,&
{'D3'},{'D6'},{'D1'},{'D7'},{'D5'},{'D4'},{'R2'},{'D2'},{'R3'},{'R1'},&,1.0,&
{'D3'},{'D6'},{'D1'},{'D7'},{'D5'},{'D4'},{'R2'},{'D2'},{'R1'},{'R3'},&,1.0,&
{'D3'},{'D6'},{'D1'},{'D7'},{'D5'},{'D2'},{'R3'},{'D4'},{'R2'},{'R1'},&,1.0,&
{'D3'},{'D6'},{'D1'},{'D7'},{'D5'},{'D2'},{'D4'},{'R2'},{'R3'},{'R1'},&,1.0,&
{'D3'},{'D6'},{'D1'},{'D7'},{'D5'},{'D2'},{'D4'},{'R3'},{'R2'},{'R1'},&,1.0,&
{'D3'},{'D6'},{'D1'},{'D7'},{'D5'},{'D2'},{'D4'},{'R3'},{'R1'},{'R2'},&,2.0,&
{'D3'},{'D6'},{'D1'},{'D2'},{'D7'},{'D4'},{'D5'},{'R2'},{'R3'},{'R1'},&,1.0,&
{'D3'},{'D6'},{'D1'},{'D2'},{'D7'},{'D5'},{'R3'},{'D4'},{'R2'},{'R1'},&,1.0,&
{'D3'},{'D6'},{'D1'},{'D2'},{'D7'},{'D5'},{'D4'},{'R1'},{'R3'},{'R2'},&,1.0,&
{'D3'},{'D6'},{'D1'},{'D2'},{'D7'},{'D5'},{'R2'},{'D4'},{'R3'},{'R1'},&,1.0,&
{'D3'},{'D6'},{'D1'},{'D2'},{'D4'},{'D5'},{'R2'},{'D7'},{'R1'},{'R3'},&,1.0,&
{'D3'},{'D6'},{'D1'},{'D2'},{'D4'},{'D5'},{'D7'},{'R3'},{'R1'},{'R2'},&,2.0,&
{'D3'},{'D6'},{'D1'},{'D2'},{'D5'},{'D4'},{'D7'},{'R1'},{'R3'},{'R2'},&,1.0,&
{'D3'},{'D6'},{'D1'},{'D2'},{'D5'},{'D4'},{'D7'},{'R2'},{'R3'},{'R1'},&,1.0,&
{'D3'},{'D6'},{'D1'},{'D2'},{'D5'},{'D4'},{'D7'},{'R2'},{'R1'},{'R3'},&,1.0,&
{'D3'},{'D6'},{'D1'},{'D2'},{'D5'},{'D4'},{'D7'},{'R3'},{'R1'},{'R2'},&,2.0,&
{'D3'},{'D6'},{'D1'},{'D2'},{'D5'},{'D7'},{'D4'},{'R1'},{'R2'},{'R3'},&,1.0,&
{'D3'},{'D6'},{'D1'},{'D2'},{'D5'},{'D7'},{'D4'},{'R1'},{'R3'},{'R2'},&,2.0,&
{'D3'},{'D6'},{'D1'},{'D2'},{'D5'},{'D7'},{'D4'},{'R3'},{'R2'},{'R1'},&,2.0,&
{'D3'},{'D6'},{'D1'},{'D2'},{'D5'},{'D7'},{'D4'},{'R3'},{'R1'},{'R2'},&,1.0,&
{'D3'},{'D6'},{'D1'},{'D2'},{'D5'},{'D7'},{'R2'},{'D4'},{'R1'},{'R3'},&,1.0,&
{'D3'},{'D6'},{'D1'},{'D2'},{'D5'},{'R1'},{'D7'},{'D4'},{'R2'},{'R3'},&,1.0,&
{'D3'},{'D6'},{'D1'},{'D5'},{'D7'},{'D4'},{'R3'},{'D2'},{'R2'},{'R1'},&,2.0,&
{'D3'},{'D6'},{'D1'},{'D5'},{'D7'},{'D4'},{'R3'},{'D2'},{'R1'},{'R2'},&,3.0,&
{'D3'},{'D6'},{'D1'},{'D5'},{'D7'},{'D4'},{'R3'},{'R1'},{'R2'},{'D2'},&,1.0,&
{'D3'},{'D6'},{'D1'},{'D5'},{'D7'},{'D4'},{'R3'},{'R2'},{'D2'},{'R1'},&,2.0,&
{'D3'},{'D6'},{'D1'},{'D5'},{'D7'},{'D4'},{'D2'},{'R1'},{'R2'},{'R3'},&,2.0,&
{'D3'},{'D6'},{'D1'},{'D5'},{'D7'},{'D4'},{'D2'},{'R1'},{'R3'},{'R2'},&,5.0,&
{'D3'},{'D6'},{'D1'},{'D5'},{'D7'},{'D4'},{'D2'},{'R2'},{'R3'},{'R1'},&,1.0,&
{'D3'},{'D6'},{'D1'},{'D5'},{'D7'},{'D4'},{'D2'},{'R2'},{'R1'},{'R3'},&,2.0,&
{'D3'},{'D6'},{'D1'},{'D5'},{'D7'},{'D4'},{'D2'},{'R3'},{'R2'},{'R1'},&,5.0,&
{'D3'},{'D6'},{'D1'},{'D5'},{'D7'},{'D4'},{'D2'},{'R3'},{'R1'},{'R2'},&,5.0,&
{'D3'},{'D6'},{'D1'},{'D5'},{'D7'},{'D4'},{'R2'},{'R1'},{'D2'},{'R3'},&,1.0,&
{'D3'},{'D6'},{'D1'},{'D5'},{'D7'},{'D4'},{'R1'},{'D2'},{'R2'},{'R3'},&,1.0,&
{'D3'},{'D6'},{'D1'},{'D5'},{'D7'},{'D4'},{'R1'},{'D2'},{'R3'},{'R2'},&,1.0,&
{'D3'},{'D6'},{'D1'},{'D5'},{'D7'},{'D2'},{'R3'},{'D4'},{'R2'},{'R1'},&,2.0,&
{'D3'},{'D6'},{'D1'},{'D5'},{'D7'},{'D2'},{'R3'},{'D4'},{'R1'},{'R2'},&,4.0,&
{'D3'},{'D6'},{'D1'},{'D5'},{'D7'},{'D2'},{'D4'},{'R1'},{'R3'},{'R2'},&,1.0,&
{'D3'},{'D6'},{'D1'},{'D5'},{'D7'},{'D2'},{'D4'},{'R2'},{'R3'},{'R1'},&,1.0,&
{'D3'},{'D6'},{'D1'},{'D5'},{'D7'},{'D2'},{'D4'},{'R2'},{'R1'},{'R3'},&,2.0,&
{'D3'},{'D6'},{'D1'},{'D5'},{'D7'},{'D2'},{'D4'},{'R3'},{'R2'},{'R1'},&,5.0,&
{'D3'},{'D6'},{'D1'},{'D5'},{'D7'},{'D2'},{'D4'},{'R3'},{'R1'},{'R2'},&,5.0,&
{'D3'},{'D6'},{'D1'},{'D5'},{'D7'},{'R1'},{'D4'},{'D2'},{'R2'},{'R3'},&,1.0,&
{'D3'},{'D6'},{'D1'},{'D5'},{'D7'},{'R3'},{'D2'},{'R1'},{'D4'},{'R2'},&,1.0,&
{'D3'},{'D6'},{'D1'},{'D5'},{'D7'},{'R3'},{'D2'},{'R2'},{'R1'},{'D4'},&,1.0,&
{'D3'},{'D6'},{'D1'},{'D5'},{'D7'},{'R3'},{'D4'},{'D2'},{'R1'},{'R2'},&,1.0,&
{'D3'},{'D6'},{'D1'},{'D5'},{'D2'},{'D4'},{'R3'},{'R2'},{'D7'},{'R1'},&,1.0,&
{'D3'},{'D6'},{'D1'},{'D5'},{'D2'},{'D4'},{'R3'},{'D7'},{'R2'},{'R1'},&,1.0,&
{'D3'},{'D6'},{'D1'},{'D5'},{'D2'},{'D4'},{'D7'},{'R1'},{'R3'},{'R2'},&,4.0,&
{'D3'},{'D6'},{'D1'},{'D5'},{'D2'},{'D4'},{'D7'},{'R2'},{'R1'},{'R3'},&,1.0,&
{'D3'},{'D6'},{'D1'},{'D5'},{'D2'},{'D4'},{'D7'},{'R3'},{'R2'},{'R1'},&,3.0,&
{'D3'},{'D6'},{'D1'},{'D5'},{'D2'},{'D4'},{'D7'},{'R3'},{'R1'},{'R2'},&,3.0,&
{'D3'},{'D6'},{'D1'},{'D5'},{'D2'},{'D4'},{'R1'},{'D7'},{'R3'},{'R2'},&,1.0,&
{'D3'},{'D6'},{'D1'},{'D5'},{'D2'},{'D7'},{'R3'},{'D4'},{'R1'},{'R2'},&,1.0,&
{'D3'},{'D6'},{'D1'},{'D5'},{'D2'},{'D7'},{'D4'},{'R1'},{'R3'},{'R2'},&,2.0,&
{'D3'},{'D6'},{'D1'},{'D5'},{'D2'},{'D7'},{'D4'},{'R3'},{'R2'},{'R1'},&,1.0,&
{'D3'},{'D6'},{'D1'},{'D5'},{'D2'},{'D7'},{'D4'},{'R3'},{'R1'},{'R2'},&,5.0,&
{'D3'},{'D6'},{'D1'},{'D5'},{'D2'},{'D7'},{'R2'},{'D4'},{'R3'},{'R1'},&,1.0,&
{'D3'},{'D6'},{'D1'},{'D5'},{'D4'},{'D7'},{'R3'},{'D2'},{'R2'},{'R1'},&,2.0,&
{'D3'},{'D6'},{'D1'},{'D5'},{'D4'},{'D7'},{'R3'},{'D2'},{'R1'},{'R2'},&,2.0,&
{'D3'},{'D6'},{'D1'},{'D5'},{'D4'},{'D7'},{'R3'},{'R1'},{'D2'},{'R2'},&,1.0,&
{'D3'},{'D6'},{'D1'},{'D5'},{'D4'},{'D7'},{'D2'},{'R1'},{'R2'},{'R3'},&,3.0,&
{'D3'},{'D6'},{'D1'},{'D5'},{'D4'},{'D7'},{'D2'},{'R1'},{'R3'},{'R2'},&,5.0,&
{'D3'},{'D6'},{'D1'},{'D5'},{'D4'},{'D7'},{'D2'},{'R2'},{'R3'},{'R1'},&,4.0,&
{'D3'},{'D6'},{'D1'},{'D5'},{'D4'},{'D7'},{'D2'},{'R2'},{'R1'},{'R3'},&,1.0,&
{'D3'},{'D6'},{'D1'},{'D5'},{'D4'},{'D7'},{'D2'},{'R3'},{'R1'},{'R2'},&,4.0,&
{'D3'},{'D6'},{'D1'},{'D5'},{'D4'},{'D7'},{'R1'},{'D2'},{'R3'},{'R2'},&,1.0,&
{'D3'},{'D6'},{'D1'},{'D5'},{'D4'},{'D2'},{'R3'},{'R2'},{'D7'},{'R1'},&,1.0,&
{'D3'},{'D6'},{'D1'},{'D5'},{'D4'},{'D2'},{'R2'},{'R3'},{'D7'},{'R1'},&,2.0,&
{'D3'},{'D6'},{'D1'},{'D5'},{'D4'},{'D2'},{'R2'},{'D7'},{'R3'},{'R1'},&,1.0,&
{'D3'},{'D6'},{'D1'},{'D5'},{'D4'},{'D2'},{'D7'},{'R1'},{'R2'},{'R3'},&,2.0,&
{'D3'},{'D6'},{'D1'},{'D5'},{'D4'},{'D2'},{'D7'},{'R3'},{'R1'},{'R2'},&,4.0,&
{'D3'},{'D6'},{'D1'},{'D5'},{'D4'},{'D2'},{'R1'},{'D7'},{'R2'},{'R3'},&,1.0,&
{'D3'},{'D6'},{'D1'},{'D5'},{'R3'},{'D4'},{'D7'},{'D2'},{'R1'},{'R2'},&,1.0,&
{'D3'},{'D6'},{'D1'},{'D5'},{'R3'},{'D7'},{'D2'},{'R1'},{'D4'},{'R2'},&,1.0,&
{'D3'},{'D6'},{'D1'},{'D5'},{'R3'},{'D7'},{'D4'},{'D2'},{'R1'},{'R2'},&,1.0,&
{'D3'},{'D6'},{'D1'},{'D4'},{'D7'},{'D5'},{'R3'},{'D2'},{'R1'},{'R2'},&,2.0,&
{'D3'},{'D6'},{'D1'},{'D4'},{'D7'},{'D5'},{'R3'},{'R2'},{'D2'},{'R1'},&,1.0,&
{'D3'},{'D6'},{'D1'},{'D4'},{'D7'},{'D5'},{'D2'},{'R1'},{'R3'},{'R2'},&,1.0,&
{'D3'},{'D6'},{'D1'},{'D4'},{'D7'},{'D5'},{'D2'},{'R2'},{'R1'},{'R3'},&,1.0,&
{'D3'},{'D6'},{'D1'},{'D4'},{'D2'},{'D7'},{'D5'},{'R1'},{'R3'},{'R2'},&,1.0,&
{'D3'},{'D6'},{'D1'},{'D4'},{'D2'},{'D5'},{'D7'},{'R3'},{'R2'},{'R1'},&,1.0,&
{'D3'},{'D6'},{'D1'},{'D4'},{'D2'},{'D5'},{'D7'},{'R3'},{'R1'},{'R2'},&,1.0,&
{'D3'},{'D6'},{'D1'},{'D4'},{'D5'},{'D7'},{'R3'},{'R2'},{'D2'},{'R1'},&,1.0,&
{'D3'},{'D6'},{'D1'},{'D4'},{'D5'},{'D7'},{'D2'},{'R1'},{'R2'},{'R3'},&,2.0,&
{'D3'},{'D6'},{'D1'},{'D4'},{'D5'},{'D7'},{'D2'},{'R3'},{'R1'},{'R2'},&,6.0,&
{'D3'},{'D6'},{'D1'},{'D4'},{'D5'},{'D2'},{'R3'},{'D7'},{'R1'},{'R2'},&,1.0,&
{'D3'},{'D6'},{'D1'},{'D4'},{'D5'},{'D2'},{'R2'},{'D7'},{'R1'},{'R3'},&,1.0,&
{'D3'},{'D6'},{'D1'},{'D4'},{'D5'},{'D2'},{'D7'},{'R1'},{'R3'},{'R2'},&,1.0,&
{'D3'},{'D6'},{'D1'},{'D4'},{'D5'},{'D2'},{'D7'},{'R3'},{'R2'},{'R1'},&,1.0,&
{'D3'},{'D6'},{'D1'},{'D4'},{'D5'},{'R3'},{'D2'},{'D7'},{'R2'},{'R1'},&,1.0,&
{'D3'},{'D6'},{'D1'},{'D4'},{'D5'},{'R3'},{'D7'},{'D2'},{'R2'},{'R1'},&,1.0,&
{'D3'},{'D6'},{'D7'},{'D1'},{'D2'},{'D5'},{'R1'},{'D4'},{'R3'},{'R2'},&,1.0,&
{'D3'},{'D6'},{'D7'},{'D1'},{'D4'},{'D2'},{'R3'},{'D5'},{'R2'},{'R1'},&,1.0,&
{'D3'},{'D6'},{'D7'},{'D1'},{'D4'},{'D5'},{'D2'},{'R1'},{'R2'},{'R3'},&,1.0,&
{'D3'},{'D6'},{'D7'},{'D1'},{'D4'},{'D5'},{'D2'},{'R2'},{'R3'},{'R1'},&,2.0,&
{'D3'},{'D6'},{'D7'},{'D1'},{'D5'},{'D4'},{'R3'},{'R1'},{'R2'},{'D2'},&,1.0,&
{'D3'},{'D6'},{'D7'},{'D1'},{'D5'},{'D4'},{'D2'},{'R1'},{'R2'},{'R3'},&,2.0,&
{'D3'},{'D6'},{'D7'},{'D1'},{'D5'},{'D4'},{'D2'},{'R1'},{'R3'},{'R2'},&,1.0,&
{'D3'},{'D6'},{'D7'},{'D1'},{'D5'},{'D4'},{'D2'},{'R2'},{'R3'},{'R1'},&,1.0,&
{'D3'},{'D6'},{'D7'},{'D1'},{'D5'},{'D4'},{'D2'},{'R2'},{'R1'},{'R3'},&,2.0,&
{'D3'},{'D6'},{'D7'},{'D1'},{'D5'},{'D4'},{'D2'},{'R3'},{'R2'},{'R1'},&,5.0,&
{'D3'},{'D6'},{'D7'},{'D1'},{'D5'},{'D4'},{'D2'},{'R3'},{'R1'},{'R2'},&,1.0,&
{'D3'},{'D6'},{'D7'},{'D1'},{'D5'},{'D2'},{'D4'},{'R1'},{'R3'},{'R2'},&,1.0,&
{'D3'},{'D6'},{'D7'},{'D1'},{'D5'},{'D2'},{'D4'},{'R2'},{'R3'},{'R1'},&,2.0,&
{'D3'},{'D6'},{'D7'},{'D1'},{'D5'},{'D2'},{'D4'},{'R2'},{'R1'},{'R3'},&,1.0,&
{'D3'},{'D6'},{'D7'},{'D1'},{'D5'},{'D2'},{'D4'},{'R3'},{'R2'},{'R1'},&,3.0,&
{'D3'},{'D6'},{'D7'},{'D1'},{'D5'},{'D2'},{'D4'},{'R3'},{'R1'},{'R2'},&,2.0,&
{'D3'},{'D6'},{'D7'},{'D1'},{'D5'},{'D2'},{'R2'},{'R1'},{'D4'},{'R3'},&,1.0,&
{'D3'},{'D6'},{'D7'},{'D2'},{'D1'},{'D5'},{'D4'},{'R2'},{'R3'},{'R1'},&,1.0,&
{'D3'},{'D6'},{'D7'},{'D2'},{'D4'},{'D5'},{'D1'},{'R1'},{'R3'},{'R2'},&,1.0,&
{'D3'},{'D6'},{'D7'},{'D2'},{'D4'},{'R1'},{'D1'},{'D5'},{'R2'},{'R3'},&,1.0,&
{'D3'},{'D6'},{'D7'},{'D2'},{'D4'},{'R3'},{'D5'},{'D1'},{'R2'},{'R1'},&,1.0,&
{'D3'},{'D6'},{'D7'},{'D2'},{'D5'},{'D4'},{'R3'},{'R2'},{'D1'},{'R1'},&,1.0,&
{'D3'},{'D6'},{'D7'},{'D2'},{'D5'},{'D4'},{'R3'},{'D1'},{'R2'},{'R1'},&,1.0,&
{'D3'},{'D6'},{'D7'},{'D2'},{'D5'},{'D4'},{'R3'},{'D1'},{'R1'},{'R2'},&,2.0,&
{'D3'},{'D6'},{'D7'},{'D2'},{'D5'},{'D4'},{'D1'},{'R1'},{'R3'},{'R2'},&,1.0,&
{'D3'},{'D6'},{'D7'},{'D2'},{'D5'},{'D4'},{'D1'},{'R2'},{'R3'},{'R1'},&,1.0,&
{'D3'},{'D6'},{'D7'},{'D2'},{'D5'},{'D4'},{'D1'},{'R2'},{'R1'},{'R3'},&,1.0,&
{'D3'},{'D6'},{'D7'},{'D2'},{'D5'},{'D4'},{'D1'},{'R3'},{'R2'},{'R1'},&,3.0,&
{'D3'},{'D6'},{'D7'},{'D2'},{'D5'},{'D4'},{'D1'},{'R3'},{'R1'},{'R2'},&,4.0,&
{'D3'},{'D6'},{'D7'},{'D2'},{'D5'},{'D1'},{'D4'},{'R1'},{'R3'},{'R2'},&,2.0,&
{'D3'},{'D6'},{'D7'},{'D2'},{'D5'},{'D1'},{'D4'},{'R3'},{'R1'},{'R2'},&,4.0,&
{'D3'},{'D6'},{'D7'},{'D5'},{'D1'},{'D4'},{'R3'},{'D2'},{'R1'},{'R2'},&,2.0,&
{'D3'},{'D6'},{'D7'},{'D5'},{'D1'},{'D4'},{'R3'},{'R1'},{'D2'},{'R2'},&,1.0,&
{'D3'},{'D6'},{'D7'},{'D5'},{'D1'},{'D4'},{'D2'},{'R1'},{'R2'},{'R3'},&,1.0,&
{'D3'},{'D6'},{'D7'},{'D5'},{'D1'},{'D4'},{'D2'},{'R1'},{'R3'},{'R2'},&,6.0,&
{'D3'},{'D6'},{'D7'},{'D5'},{'D1'},{'D4'},{'D2'},{'R2'},{'R3'},{'R1'},&,2.0,&
{'D3'},{'D6'},{'D7'},{'D5'},{'D1'},{'D4'},{'D2'},{'R3'},{'R2'},{'R1'},&,2.0,&
{'D3'},{'D6'},{'D7'},{'D5'},{'D1'},{'D4'},{'D2'},{'R3'},{'R1'},{'R2'},&,10.0,&
{'D3'},{'D6'},{'D7'},{'D5'},{'D1'},{'D4'},{'R2'},{'D2'},{'R3'},{'R1'},&,1.0,&
{'D3'},{'D6'},{'D7'},{'D5'},{'D1'},{'D4'},{'R1'},{'D2'},{'R2'},{'R3'},&,1.0,&
{'D3'},{'D6'},{'D7'},{'D5'},{'D1'},{'D2'},{'R3'},{'D4'},{'R2'},{'R1'},&,1.0,&
{'D3'},{'D6'},{'D7'},{'D5'},{'D1'},{'D2'},{'R3'},{'D4'},{'R1'},{'R2'},&,2.0,&
{'D3'},{'D6'},{'D7'},{'D5'},{'D1'},{'D2'},{'D4'},{'R1'},{'R3'},{'R2'},&,4.0,&
{'D3'},{'D6'},{'D7'},{'D5'},{'D1'},{'D2'},{'D4'},{'R2'},{'R3'},{'R1'},&,2.0,&
{'D3'},{'D6'},{'D7'},{'D5'},{'D1'},{'D2'},{'D4'},{'R3'},{'R2'},{'R1'},&,5.0,&
{'D3'},{'D6'},{'D7'},{'D5'},{'D1'},{'D2'},{'D4'},{'R3'},{'R1'},{'R2'},&,5.0,&
{'D3'},{'D6'},{'D7'},{'D5'},{'D1'},{'D2'},{'R2'},{'D4'},{'R3'},{'R1'},&,2.0,&
{'D3'},{'D6'},{'D7'},{'D5'},{'D1'},{'R2'},{'D2'},{'D4'},{'R3'},{'R1'},&,1.0,&
{'D3'},{'D6'},{'D7'},{'D5'},{'D1'},{'R1'},{'D4'},{'R3'},{'R2'},{'D2'},&,1.0,&
{'D3'},{'D6'},{'D7'},{'D5'},{'D1'},{'R3'},{'D2'},{'R2'},{'D4'},{'R1'},&,1.0,&
{'D3'},{'D6'},{'D7'},{'D5'},{'D1'},{'R3'},{'D4'},{'D2'},{'R1'},{'R2'},&,1.0,&
{'D3'},{'D6'},{'D7'},{'D5'},{'D1'},{'R3'},{'R1'},{'D2'},{'D4'},{'R2'},&,1.0,&
{'D3'},{'D6'},{'D7'},{'D5'},{'D2'},{'D4'},{'R3'},{'R1'},{'D1'},{'R2'},&,1.0,&
{'D3'},{'D6'},{'D7'},{'D5'},{'D2'},{'D4'},{'R3'},{'D1'},{'R2'},{'R1'},&,2.0,&
{'D3'},{'D6'},{'D7'},{'D5'},{'D2'},{'D4'},{'R3'},{'D1'},{'R1'},{'R2'},&,2.0,&
{'D3'},{'D6'},{'D7'},{'D5'},{'D2'},{'D4'},{'D1'},{'R1'},{'R2'},{'R3'},&,1.0,&
{'D3'},{'D6'},{'D7'},{'D5'},{'D2'},{'D4'},{'D1'},{'R1'},{'R3'},{'R2'},&,1.0,&
{'D3'},{'D6'},{'D7'},{'D5'},{'D2'},{'D4'},{'D1'},{'R2'},{'R3'},{'R1'},&,3.0,&
{'D3'},{'D6'},{'D7'},{'D5'},{'D2'},{'D4'},{'D1'},{'R2'},{'R1'},{'R3'},&,3.0,&
{'D3'},{'D6'},{'D7'},{'D5'},{'D2'},{'D4'},{'D1'},{'R3'},{'R2'},{'R1'},&,5.0,&
{'D3'},{'D6'},{'D7'},{'D5'},{'D2'},{'D4'},{'D1'},{'R3'},{'R1'},{'R2'},&,8.0,&
{'D3'},{'D6'},{'D7'},{'D5'},{'D2'},{'D4'},{'R2'},{'D1'},{'R3'},{'R1'},&,3.0,&
{'D3'},{'D6'},{'D7'},{'D5'},{'D2'},{'D4'},{'R2'},{'D1'},{'R1'},{'R3'},&,1.0,&
{'D3'},{'D6'},{'D7'},{'D5'},{'D2'},{'D1'},{'R3'},{'R1'},{'R2'},{'D4'},&,1.0,&
{'D3'},{'D6'},{'D7'},{'D5'},{'D2'},{'D1'},{'R3'},{'R2'},{'R1'},{'D4'},&,1.0,&
{'D3'},{'D6'},{'D7'},{'D5'},{'D2'},{'D1'},{'R3'},{'D4'},{'R1'},{'R2'},&,1.0,&
{'D3'},{'D6'},{'D7'},{'D5'},{'D2'},{'D1'},{'D4'},{'R1'},{'R2'},{'R3'},&,2.0,&
{'D3'},{'D6'},{'D7'},{'D5'},{'D2'},{'D1'},{'D4'},{'R1'},{'R3'},{'R2'},&,3.0,&
{'D3'},{'D6'},{'D7'},{'D5'},{'D2'},{'D1'},{'D4'},{'R2'},{'R3'},{'R1'},&,3.0,&
{'D3'},{'D6'},{'D7'},{'D5'},{'D2'},{'D1'},{'D4'},{'R3'},{'R2'},{'R1'},&,4.0,&
{'D3'},{'D6'},{'D7'},{'D5'},{'D2'},{'D1'},{'D4'},{'R3'},{'R1'},{'R2'},&,1.0,&
{'D3'},{'D6'},{'D7'},{'D5'},{'D2'},{'D1'},{'R2'},{'D4'},{'R3'},{'R1'},&,1.0,&
{'D3'},{'D6'},{'D7'},{'D5'},{'D2'},{'D1'},{'R1'},{'R3'},{'D4'},{'R2'},&,1.0,&
{'D3'},{'D6'},{'D7'},{'D5'},{'D2'},{'D1'},{'R1'},{'D4'},{'R3'},{'R2'},&,1.0,&
{'D3'},{'D6'},{'D7'},{'D5'},{'D2'},{'R1'},{'D4'},{'R2'},{'D1'},{'R3'},&,1.0,&
{'D3'},{'D6'},{'D7'},{'D5'},{'D4'},{'D1'},{'R3'},{'D2'},{'R2'},{'R1'},&,2.0,&
{'D3'},{'D6'},{'D7'},{'D5'},{'D4'},{'D1'},{'R3'},{'D2'},{'R1'},{'R2'},&,2.0,&
{'D3'},{'D6'},{'D7'},{'D5'},{'D4'},{'D1'},{'R3'},{'R1'},{'R2'},{'D2'},&,1.0,&
{'D3'},{'D6'},{'D7'},{'D5'},{'D4'},{'D1'},{'R3'},{'R2'},{'D2'},{'R1'},&,2.0,&
{'D3'},{'D6'},{'D7'},{'D5'},{'D4'},{'D1'},{'D2'},{'R1'},{'R2'},{'R3'},&,2.0,&
{'D3'},{'D6'},{'D7'},{'D5'},{'D4'},{'D1'},{'D2'},{'R1'},{'R3'},{'R2'},&,3.0,&
{'D3'},{'D6'},{'D7'},{'D5'},{'D4'},{'D1'},{'D2'},{'R2'},{'R3'},{'R1'},&,4.0,&
{'D3'},{'D6'},{'D7'},{'D5'},{'D4'},{'D1'},{'D2'},{'R2'},{'R1'},{'R3'},&,1.0,&
{'D3'},{'D6'},{'D7'},{'D5'},{'D4'},{'D1'},{'D2'},{'R3'},{'R2'},{'R1'},&,6.0,&
{'D3'},{'D6'},{'D7'},{'D5'},{'D4'},{'D1'},{'D2'},{'R3'},{'R1'},{'R2'},&,10.0,&
{'D3'},{'D6'},{'D7'},{'D5'},{'D4'},{'D1'},{'R2'},{'R3'},{'D2'},{'R1'},&,1.0,&
{'D3'},{'D6'},{'D7'},{'D5'},{'D4'},{'D1'},{'R1'},{'D2'},{'R2'},{'R3'},&,1.0,&
{'D3'},{'D6'},{'D7'},{'D5'},{'D4'},{'D1'},{'R1'},{'D2'},{'R3'},{'R2'},&,2.0,&
{'D3'},{'D6'},{'D7'},{'D5'},{'D4'},{'D2'},{'R3'},{'R1'},{'R2'},{'D1'},&,1.0,&
{'D3'},{'D6'},{'D7'},{'D5'},{'D4'},{'D2'},{'R3'},{'D1'},{'R2'},{'R1'},&,2.0,&
{'D3'},{'D6'},{'D7'},{'D5'},{'D4'},{'D2'},{'D1'},{'R1'},{'R2'},{'R3'},&,3.0,&
{'D3'},{'D6'},{'D7'},{'D5'},{'D4'},{'D2'},{'D1'},{'R1'},{'R3'},{'R2'},&,2.0,&
{'D3'},{'D6'},{'D7'},{'D5'},{'D4'},{'D2'},{'D1'},{'R2'},{'R3'},{'R1'},&,5.0,&
{'D3'},{'D6'},{'D7'},{'D5'},{'D4'},{'D2'},{'D1'},{'R2'},{'R1'},{'R3'},&,1.0,&
{'D3'},{'D6'},{'D7'},{'D5'},{'D4'},{'D2'},{'D1'},{'R3'},{'R2'},{'R1'},&,9.0,&
{'D3'},{'D6'},{'D7'},{'D5'},{'D4'},{'D2'},{'D1'},{'R3'},{'R1'},{'R2'},&,9.0,&
{'D3'},{'D6'},{'D7'},{'D5'},{'D4'},{'D2'},{'R2'},{'R3'},{'D1'},{'R1'},&,1.0,&
{'D3'},{'D6'},{'D7'},{'D5'},{'D4'},{'D2'},{'R2'},{'D1'},{'R3'},{'R1'},&,2.0,&
{'D3'},{'D6'},{'D7'},{'D5'},{'D4'},{'D2'},{'R1'},{'D1'},{'R3'},{'R2'},&,2.0,&
{'D3'},{'D6'},{'D7'},{'D5'},{'D4'},{'R2'},{'D2'},{'R3'},{'D1'},{'R1'},&,1.0,&
{'D3'},{'D6'},{'D7'},{'D5'},{'D4'},{'R2'},{'D2'},{'D1'},{'R3'},{'R1'},&,1.0,&
{'D3'},{'D6'},{'D7'},{'D5'},{'D4'},{'R2'},{'D1'},{'D2'},{'R1'},{'R3'},&,1.0,&
{'D3'},{'D6'},{'D7'},{'D5'},{'D4'},{'R1'},{'D1'},{'D2'},{'R2'},{'R3'},&,1.0,&
{'D3'},{'D6'},{'D7'},{'D5'},{'D4'},{'R1'},{'D1'},{'R3'},{'D2'},{'R2'},&,1.0,&
{'D3'},{'D6'},{'D7'},{'D5'},{'D4'},{'R3'},{'D2'},{'D1'},{'R2'},{'R1'},&,2.0,&
{'D3'},{'D6'},{'D7'},{'D5'},{'D4'},{'R3'},{'D1'},{'D2'},{'R2'},{'R1'},&,1.0,&
{'D3'},{'D6'},{'D7'},{'D5'},{'D4'},{'R3'},{'D1'},{'D2'},{'R1'},{'R2'},&,1.0,&
{'D3'},{'D6'},{'D7'},{'D5'},{'R3'},{'D1'},{'D2'},{'D4'},{'R1'},{'R2'},&,1.0,&
{'D3'},{'D6'},{'D7'},{'R1'},{'D5'},{'D1'},{'D2'},{'R3'},{'R2'},{'D4'},&,1.0,&
{'D3'},{'D6'},{'D7'},{'D4'},{'D1'},{'D5'},{'R3'},{'D2'},{'R1'},{'R2'},&,1.0,&
{'D3'},{'D6'},{'D7'},{'D4'},{'D1'},{'D5'},{'D2'},{'R1'},{'R2'},{'R3'},&,1.0,&
{'D3'},{'D6'},{'D7'},{'D4'},{'D1'},{'D5'},{'D2'},{'R1'},{'R3'},{'R2'},&,1.0,&
{'D3'},{'D6'},{'D7'},{'D4'},{'D1'},{'D5'},{'D2'},{'R2'},{'R3'},{'R1'},&,2.0,&
{'D3'},{'D6'},{'D7'},{'D4'},{'D1'},{'D5'},{'D2'},{'R3'},{'R2'},{'R1'},&,1.0,&
{'D3'},{'D6'},{'D7'},{'D4'},{'D1'},{'D5'},{'D2'},{'R3'},{'R1'},{'R2'},&,1.0,&
{'D3'},{'D6'},{'D7'},{'D4'},{'D1'},{'D5'},{'R1'},{'R2'},{'D2'},{'R3'},&,1.0,&
{'D3'},{'D6'},{'D7'},{'D4'},{'D1'},{'R3'},{'D5'},{'D2'},{'R1'},{'R2'},&,1.0,&
{'D3'},{'D6'},{'D7'},{'D4'},{'D2'},{'D1'},{'R2'},{'D5'},{'R3'},{'R1'},&,1.0,&
{'D3'},{'D6'},{'D7'},{'D4'},{'D2'},{'D1'},{'D5'},{'R3'},{'R1'},{'R2'},&,1.0,&
{'D3'},{'D6'},{'D7'},{'D4'},{'D2'},{'D5'},{'R3'},{'D1'},{'R2'},{'R1'},&,1.0,&
{'D3'},{'D6'},{'D7'},{'D4'},{'D2'},{'D5'},{'R3'},{'D1'},{'R1'},{'R2'},&,1.0,&
{'D3'},{'D6'},{'D7'},{'D4'},{'D2'},{'D5'},{'D1'},{'R1'},{'R3'},{'R2'},&,2.0,&
{'D3'},{'D6'},{'D7'},{'D4'},{'D5'},{'D1'},{'R3'},{'D2'},{'R1'},{'R2'},&,4.0,&
{'D3'},{'D6'},{'D7'},{'D4'},{'D5'},{'D1'},{'D2'},{'R1'},{'R3'},{'R2'},&,2.0,&
{'D3'},{'D6'},{'D7'},{'D4'},{'D5'},{'D1'},{'D2'},{'R2'},{'R3'},{'R1'},&,1.0,&
{'D3'},{'D6'},{'D7'},{'D4'},{'D5'},{'D1'},{'D2'},{'R3'},{'R2'},{'R1'},&,5.0,&
{'D3'},{'D6'},{'D7'},{'D4'},{'D5'},{'D1'},{'D2'},{'R3'},{'R1'},{'R2'},&,5.0,&
{'D3'},{'D6'},{'D7'},{'D4'},{'D5'},{'D1'},{'R1'},{'D2'},{'R3'},{'R2'},&,2.0,&
{'D3'},{'D6'},{'D7'},{'D4'},{'D5'},{'D1'},{'R1'},{'R2'},{'D2'},{'R3'},&,1.0,&
{'D3'},{'D6'},{'D7'},{'D4'},{'D5'},{'D2'},{'R3'},{'R1'},{'D1'},{'R2'},&,1.0,&
{'D3'},{'D6'},{'D7'},{'D4'},{'D5'},{'D2'},{'R3'},{'D1'},{'R1'},{'R2'},&,2.0,&
{'D3'},{'D6'},{'D7'},{'D4'},{'D5'},{'D2'},{'D1'},{'R1'},{'R3'},{'R2'},&,2.0,&
{'D3'},{'D6'},{'D7'},{'D4'},{'D5'},{'D2'},{'D1'},{'R2'},{'R3'},{'R1'},&,2.0,&
{'D3'},{'D6'},{'D7'},{'D4'},{'D5'},{'D2'},{'D1'},{'R2'},{'R1'},{'R3'},&,1.0,&
{'D3'},{'D6'},{'D7'},{'D4'},{'D5'},{'D2'},{'D1'},{'R3'},{'R2'},{'R1'},&,5.0,&
{'D3'},{'D6'},{'D7'},{'D4'},{'D5'},{'D2'},{'D1'},{'R3'},{'R1'},{'R2'},&,1.0,&
{'D3'},{'D6'},{'D7'},{'D4'},{'D5'},{'D2'},{'R2'},{'R3'},{'D1'},{'R1'},&,1.0,&
{'D3'},{'D6'},{'D7'},{'D4'},{'D5'},{'D2'},{'R1'},{'D1'},{'R3'},{'R2'},&,1.0,&
{'D3'},{'D6'},{'D7'},{'D4'},{'D5'},{'R2'},{'D1'},{'R3'},{'D2'},{'R1'},&,1.0,&
{'D3'},{'D6'},{'D7'},{'R3'},{'D4'},{'D5'},{'D1'},{'D2'},{'R1'},{'R2'},&,1.0,&
{'D3'},{'D6'},{'D7'},{'R3'},{'D5'},{'D4'},{'D2'},{'R2'},{'R1'},{'D1'},&,1.0,&
{'D3'},{'D6'},{'D2'},{'D7'},{'D1'},{'D5'},{'D4'},{'R2'},{'R3'},{'R1'},&,1.0,&
{'D3'},{'D6'},{'D2'},{'D7'},{'D1'},{'D5'},{'D4'},{'R3'},{'R1'},{'R2'},&,1.0,&
{'D3'},{'D6'},{'D2'},{'D7'},{'D1'},{'D5'},{'R1'},{'R3'},{'D4'},{'R2'},&,1.0,&
{'D3'},{'D6'},{'D2'},{'D7'},{'D1'},{'D5'},{'R1'},{'D4'},{'R3'},{'R2'},&,1.0,&
{'D3'},{'D6'},{'D2'},{'D7'},{'D4'},{'D1'},{'D5'},{'R1'},{'R3'},{'R2'},&,1.0,&
{'D3'},{'D6'},{'D2'},{'D7'},{'D4'},{'D5'},{'D1'},{'R1'},{'R3'},{'R2'},&,1.0,&
{'D3'},{'D6'},{'D2'},{'D7'},{'D4'},{'D5'},{'D1'},{'R3'},{'R2'},{'R1'},&,1.0,&
{'D3'},{'D6'},{'D2'},{'D7'},{'D5'},{'D4'},{'R3'},{'D1'},{'R2'},{'R1'},&,1.0,&
{'D3'},{'D6'},{'D2'},{'D7'},{'D5'},{'D4'},{'R3'},{'D1'},{'R1'},{'R2'},&,1.0,&
{'D3'},{'D6'},{'D2'},{'D7'},{'D5'},{'D4'},{'D1'},{'R1'},{'R3'},{'R2'},&,2.0,&
{'D3'},{'D6'},{'D2'},{'D7'},{'D5'},{'D4'},{'D1'},{'R2'},{'R3'},{'R1'},&,2.0,&
{'D3'},{'D6'},{'D2'},{'D7'},{'D5'},{'D4'},{'D1'},{'R3'},{'R1'},{'R2'},&,2.0,&
{'D3'},{'D6'},{'D2'},{'D7'},{'D5'},{'D4'},{'R1'},{'D1'},{'R3'},{'R2'},&,1.0,&
{'D3'},{'D6'},{'D2'},{'D7'},{'D5'},{'D1'},{'R3'},{'D4'},{'R2'},{'R1'},&,1.0,&
{'D3'},{'D6'},{'D2'},{'D7'},{'D5'},{'D1'},{'D4'},{'R1'},{'R2'},{'R3'},&,1.0,&
{'D3'},{'D6'},{'D2'},{'D7'},{'D5'},{'D1'},{'D4'},{'R1'},{'R3'},{'R2'},&,3.0,&
{'D3'},{'D6'},{'D2'},{'D7'},{'D5'},{'D1'},{'D4'},{'R3'},{'R2'},{'R1'},&,2.0,&
{'D3'},{'D6'},{'D2'},{'D7'},{'D5'},{'D1'},{'D4'},{'R3'},{'R1'},{'R2'},&,1.0,&
{'D3'},{'D6'},{'D2'},{'D7'},{'D5'},{'D1'},{'R1'},{'D4'},{'R2'},{'R3'},&,1.0,&
{'D3'},{'D6'},{'D2'},{'D7'},{'D5'},{'R1'},{'D4'},{'D1'},{'R2'},{'R3'},&,1.0,&
{'D3'},{'D6'},{'D2'},{'D7'},{'D5'},{'R1'},{'D4'},{'D1'},{'R3'},{'R2'},&,1.0,&
{'D3'},{'D6'},{'D2'},{'D1'},{'D7'},{'D5'},{'D4'},{'R3'},{'R2'},{'R1'},&,2.0,&
{'D3'},{'D6'},{'D2'},{'D1'},{'D7'},{'D5'},{'D4'},{'R3'},{'R1'},{'R2'},&,1.0,&
{'D3'},{'D6'},{'D2'},{'D1'},{'D7'},{'D5'},{'R2'},{'D4'},{'R3'},{'R1'},&,2.0,&
{'D3'},{'D6'},{'D2'},{'D1'},{'D4'},{'D7'},{'D5'},{'R2'},{'R3'},{'R1'},&,1.0,&
{'D3'},{'D6'},{'D2'},{'D1'},{'D4'},{'D5'},{'D7'},{'R3'},{'R2'},{'R1'},&,1.0,&
{'D3'},{'D6'},{'D2'},{'D1'},{'D4'},{'D5'},{'D7'},{'R3'},{'R1'},{'R2'},&,1.0,&
{'D3'},{'D6'},{'D2'},{'D1'},{'D5'},{'D4'},{'R3'},{'D7'},{'R2'},{'R1'},&,1.0,&
{'D3'},{'D6'},{'D2'},{'D1'},{'D5'},{'D4'},{'D7'},{'R1'},{'R3'},{'R2'},&,2.0,&
{'D3'},{'D6'},{'D2'},{'D1'},{'D5'},{'D4'},{'D7'},{'R2'},{'R1'},{'R3'},&,1.0,&
{'D3'},{'D6'},{'D2'},{'D1'},{'D5'},{'D7'},{'D4'},{'R1'},{'R3'},{'R2'},&,1.0,&
{'D3'},{'D6'},{'D2'},{'D1'},{'D5'},{'D7'},{'D4'},{'R2'},{'R3'},{'R1'},&,2.0,&
{'D3'},{'D6'},{'D2'},{'D1'},{'D5'},{'D7'},{'D4'},{'R3'},{'R2'},{'R1'},&,1.0,&
{'D3'},{'D6'},{'D2'},{'D1'},{'R3'},{'D5'},{'D4'},{'D7'},{'R2'},{'R1'},&,1.0,&
{'D3'},{'D6'},{'D2'},{'D1'},{'R3'},{'D5'},{'D4'},{'D7'},{'R1'},{'R2'},&,1.0,&
{'D3'},{'D6'},{'D2'},{'D5'},{'D1'},{'D4'},{'R3'},{'R2'},{'D7'},{'R1'},&,2.0,&
{'D3'},{'D6'},{'D2'},{'D5'},{'D1'},{'D4'},{'D7'},{'R1'},{'R2'},{'R3'},&,1.0,&
{'D3'},{'D6'},{'D2'},{'D5'},{'D1'},{'D4'},{'D7'},{'R1'},{'R3'},{'R2'},&,2.0,&
{'D3'},{'D6'},{'D2'},{'D5'},{'D1'},{'D4'},{'D7'},{'R2'},{'R3'},{'R1'},&,2.0,&
{'D3'},{'D6'},{'D2'},{'D5'},{'D1'},{'D4'},{'D7'},{'R3'},{'R1'},{'R2'},&,3.0,&
{'D3'},{'D6'},{'D2'},{'D5'},{'D1'},{'D7'},{'R3'},{'R1'},{'D4'},{'R2'},&,1.0,&
{'D3'},{'D6'},{'D2'},{'D5'},{'D1'},{'D7'},{'R3'},{'D4'},{'R2'},{'R1'},&,1.0,&
{'D3'},{'D6'},{'D2'},{'D5'},{'D1'},{'D7'},{'R3'},{'D4'},{'R1'},{'R2'},&,2.0,&
{'D3'},{'D6'},{'D2'},{'D5'},{'D1'},{'D7'},{'D4'},{'R1'},{'R2'},{'R3'},&,1.0,&
{'D3'},{'D6'},{'D2'},{'D5'},{'D1'},{'D7'},{'D4'},{'R1'},{'R3'},{'R2'},&,2.0,&
{'D3'},{'D6'},{'D2'},{'D5'},{'D1'},{'D7'},{'D4'},{'R2'},{'R3'},{'R1'},&,1.0,&
{'D3'},{'D6'},{'D2'},{'D5'},{'D1'},{'D7'},{'D4'},{'R2'},{'R1'},{'R3'},&,2.0,&
{'D3'},{'D6'},{'D2'},{'D5'},{'D1'},{'D7'},{'D4'},{'R3'},{'R2'},{'R1'},&,1.0,&
{'D3'},{'D6'},{'D2'},{'D5'},{'D1'},{'D7'},{'D4'},{'R3'},{'R1'},{'R2'},&,3.0,&
{'D3'},{'D6'},{'D2'},{'D5'},{'D1'},{'D7'},{'R2'},{'R1'},{'D4'},{'R3'},&,1.0,&
{'D3'},{'D6'},{'D2'},{'D5'},{'D7'},{'D4'},{'R3'},{'D1'},{'R2'},{'R1'},&,2.0,&
{'D3'},{'D6'},{'D2'},{'D5'},{'D7'},{'D4'},{'D1'},{'R1'},{'R2'},{'R3'},&,3.0,&
{'D3'},{'D6'},{'D2'},{'D5'},{'D7'},{'D4'},{'D1'},{'R1'},{'R3'},{'R2'},&,3.0,&
{'D3'},{'D6'},{'D2'},{'D5'},{'D7'},{'D4'},{'D1'},{'R2'},{'R3'},{'R1'},&,1.0,&
{'D3'},{'D6'},{'D2'},{'D5'},{'D7'},{'D4'},{'D1'},{'R2'},{'R1'},{'R3'},&,1.0,&
{'D3'},{'D6'},{'D2'},{'D5'},{'D7'},{'D4'},{'D1'},{'R3'},{'R2'},{'R1'},&,6.0,&
{'D3'},{'D6'},{'D2'},{'D5'},{'D7'},{'D4'},{'D1'},{'R3'},{'R1'},{'R2'},&,5.0,&
{'D3'},{'D6'},{'D2'},{'D5'},{'D7'},{'D4'},{'R2'},{'D1'},{'R3'},{'R1'},&,1.0,&
{'D3'},{'D6'},{'D2'},{'D5'},{'D7'},{'D4'},{'R2'},{'D1'},{'R1'},{'R3'},&,2.0,&
{'D3'},{'D6'},{'D2'},{'D5'},{'D7'},{'D1'},{'R3'},{'D4'},{'R2'},{'R1'},&,2.0,&
{'D3'},{'D6'},{'D2'},{'D5'},{'D7'},{'D1'},{'R3'},{'D4'},{'R1'},{'R2'},&,1.0,&
{'D3'},{'D6'},{'D2'},{'D5'},{'D7'},{'D1'},{'D4'},{'R1'},{'R2'},{'R3'},&,1.0,&
{'D3'},{'D6'},{'D2'},{'D5'},{'D7'},{'D1'},{'D4'},{'R1'},{'R3'},{'R2'},&,3.0,&
{'D3'},{'D6'},{'D2'},{'D5'},{'D7'},{'D1'},{'D4'},{'R2'},{'R3'},{'R1'},&,1.0,&
{'D3'},{'D6'},{'D2'},{'D5'},{'D7'},{'D1'},{'D4'},{'R3'},{'R2'},{'R1'},&,3.0,&
{'D3'},{'D6'},{'D2'},{'D5'},{'D7'},{'D1'},{'D4'},{'R3'},{'R1'},{'R2'},&,2.0,&
{'D3'},{'D6'},{'D2'},{'D5'},{'D7'},{'D1'},{'R1'},{'D4'},{'R3'},{'R2'},&,1.0,&
{'D3'},{'D6'},{'D2'},{'D5'},{'D7'},{'R1'},{'D4'},{'D1'},{'R3'},{'R2'},&,1.0,&
{'D3'},{'D6'},{'D2'},{'D5'},{'D7'},{'R3'},{'D1'},{'D4'},{'R2'},{'R1'},&,1.0,&
{'D3'},{'D6'},{'D2'},{'D5'},{'D7'},{'R3'},{'D4'},{'R1'},{'D1'},{'R2'},&,1.0,&
{'D3'},{'D6'},{'D2'},{'D5'},{'D7'},{'R3'},{'D4'},{'R2'},{'D1'},{'R1'},&,1.0,&
{'D3'},{'D6'},{'D2'},{'D5'},{'D4'},{'D7'},{'R3'},{'R2'},{'D1'},{'R1'},&,1.0,&
{'D3'},{'D6'},{'D2'},{'D5'},{'D4'},{'D7'},{'R3'},{'D1'},{'R1'},{'R2'},&,1.0,&
{'D3'},{'D6'},{'D2'},{'D5'},{'D4'},{'D7'},{'D1'},{'R1'},{'R2'},{'R3'},&,2.0,&
{'D3'},{'D6'},{'D2'},{'D5'},{'D4'},{'D7'},{'D1'},{'R1'},{'R3'},{'R2'},&,2.0,&
{'D3'},{'D6'},{'D2'},{'D5'},{'D4'},{'D7'},{'D1'},{'R2'},{'R3'},{'R1'},&,1.0,&
{'D3'},{'D6'},{'D2'},{'D5'},{'D4'},{'D7'},{'D1'},{'R2'},{'R1'},{'R3'},&,3.0,&
{'D3'},{'D6'},{'D2'},{'D5'},{'D4'},{'D7'},{'D1'},{'R3'},{'R2'},{'R1'},&,4.0,&
{'D3'},{'D6'},{'D2'},{'D5'},{'D4'},{'D7'},{'D1'},{'R3'},{'R1'},{'R2'},&,7.0,&
{'D3'},{'D6'},{'D2'},{'D5'},{'D4'},{'D7'},{'R2'},{'D1'},{'R1'},{'R3'},&,2.0,&
{'D3'},{'D6'},{'D2'},{'D5'},{'D4'},{'D7'},{'R1'},{'D1'},{'R3'},{'R2'},&,1.0,&
{'D3'},{'D6'},{'D2'},{'D5'},{'D4'},{'D1'},{'R3'},{'D7'},{'R2'},{'R1'},&,1.0,&
{'D3'},{'D6'},{'D2'},{'D5'},{'D4'},{'D1'},{'R3'},{'D7'},{'R1'},{'R2'},&,1.0,&
{'D3'},{'D6'},{'D2'},{'D5'},{'D4'},{'D1'},{'D7'},{'R1'},{'R3'},{'R2'},&,2.0,&
{'D3'},{'D6'},{'D2'},{'D5'},{'D4'},{'D1'},{'D7'},{'R2'},{'R3'},{'R1'},&,3.0,&
{'D3'},{'D6'},{'D2'},{'D5'},{'D4'},{'D1'},{'D7'},{'R3'},{'R1'},{'R2'},&,2.0,&
{'D3'},{'D6'},{'D2'},{'D5'},{'D4'},{'D1'},{'R1'},{'R2'},{'D7'},{'R3'},&,1.0,&
{'D3'},{'D6'},{'D2'},{'D5'},{'D4'},{'D1'},{'R1'},{'R3'},{'D7'},{'R2'},&,1.0,&
{'D3'},{'D6'},{'D2'},{'D5'},{'D4'},{'R3'},{'D1'},{'R1'},{'D7'},{'R2'},&,1.0,&
{'D3'},{'D6'},{'D2'},{'D5'},{'D4'},{'R3'},{'D1'},{'D7'},{'R1'},{'R2'},&,2.0,&
{'D3'},{'D6'},{'D2'},{'D5'},{'D4'},{'R3'},{'D7'},{'D1'},{'R2'},{'R1'},&,1.0,&
{'D3'},{'D6'},{'D2'},{'D5'},{'R1'},{'D1'},{'D4'},{'D7'},{'R2'},{'R3'},&,1.0,&
{'D3'},{'D6'},{'D2'},{'D4'},{'D1'},{'D5'},{'D7'},{'R3'},{'R2'},{'R1'},&,1.0,&
{'D3'},{'D6'},{'D2'},{'D4'},{'D1'},{'D5'},{'D7'},{'R3'},{'R1'},{'R2'},&,4.0,&
{'D3'},{'D6'},{'D2'},{'D4'},{'D7'},{'D1'},{'D5'},{'R1'},{'R2'},{'R3'},&,1.0,&
{'D3'},{'D6'},{'D2'},{'D4'},{'D7'},{'D5'},{'R3'},{'D1'},{'R2'},{'R1'},&,1.0,&
{'D3'},{'D6'},{'D2'},{'D4'},{'D7'},{'D5'},{'R3'},{'D1'},{'R1'},{'R2'},&,1.0,&
{'D3'},{'D6'},{'D2'},{'D4'},{'D7'},{'D5'},{'D1'},{'R1'},{'R3'},{'R2'},&,2.0,&
{'D3'},{'D6'},{'D2'},{'D4'},{'D7'},{'D5'},{'D1'},{'R2'},{'R3'},{'R1'},&,1.0,&
{'D3'},{'D6'},{'D2'},{'D4'},{'D7'},{'D5'},{'D1'},{'R3'},{'R1'},{'R2'},&,1.0,&
{'D3'},{'D6'},{'D2'},{'D4'},{'D5'},{'D7'},{'R3'},{'D1'},{'R1'},{'R2'},&,1.0,&
{'D3'},{'D6'},{'D2'},{'D4'},{'D5'},{'D7'},{'D1'},{'R1'},{'R3'},{'R2'},&,5.0,&
{'D3'},{'D6'},{'D2'},{'D4'},{'D5'},{'D7'},{'D1'},{'R2'},{'R3'},{'R1'},&,1.0,&
{'D3'},{'D6'},{'D2'},{'D4'},{'D5'},{'D7'},{'D1'},{'R2'},{'R1'},{'R3'},&,1.0,&
{'D3'},{'D6'},{'D2'},{'D4'},{'D5'},{'D7'},{'D1'},{'R3'},{'R2'},{'R1'},&,2.0,&
{'D3'},{'D6'},{'D2'},{'D4'},{'D5'},{'D7'},{'D1'},{'R3'},{'R1'},{'R2'},&,6.0,&
{'D3'},{'D6'},{'D2'},{'D4'},{'D5'},{'D7'},{'R2'},{'D1'},{'R3'},{'R1'},&,3.0,&
{'D3'},{'D6'},{'D2'},{'D4'},{'D5'},{'D1'},{'R3'},{'R1'},{'D7'},{'R2'},&,1.0,&
{'D3'},{'D6'},{'D2'},{'D4'},{'D5'},{'D1'},{'D7'},{'R1'},{'R2'},{'R3'},&,2.0,&
{'D3'},{'D6'},{'D2'},{'D4'},{'D5'},{'D1'},{'D7'},{'R2'},{'R3'},{'R1'},&,2.0,&
{'D3'},{'D6'},{'D2'},{'D4'},{'D5'},{'D1'},{'D7'},{'R2'},{'R1'},{'R3'},&,1.0,&
{'D3'},{'D6'},{'D2'},{'D4'},{'D5'},{'D1'},{'D7'},{'R3'},{'R2'},{'R1'},&,1.0,&
{'D3'},{'D6'},{'D2'},{'D4'},{'D5'},{'D1'},{'D7'},{'R3'},{'R1'},{'R2'},&,1.0,&
{'D3'},{'D6'},{'D2'},{'D4'},{'D5'},{'D1'},{'R1'},{'D7'},{'R3'},{'R2'},&,1.0,&
{'D3'},{'D6'},{'D2'},{'D4'},{'R3'},{'D5'},{'D1'},{'D7'},{'R1'},{'R2'},&,1.0,&
{'D3'},{'D6'},{'D2'},{'D4'},{'R1'},{'D5'},{'D7'},{'D1'},{'R3'},{'R2'},&,1.0,&
{'D3'},{'D6'},{'R3'},{'D1'},{'D7'},{'D2'},{'D5'},{'R1'},{'D4'},{'R2'},&,1.0,&
{'D3'},{'D6'},{'R3'},{'D4'},{'D2'},{'D5'},{'D7'},{'D1'},{'R1'},{'R2'},&,1.0,&
{'D3'},{'D2'},{'D4'},{'D7'},{'D6'},{'D5'},{'R3'},{'R2'},{'R1'},{'D1'},&,1.0,&
{'D3'},{'D2'},{'D4'},{'D7'},{'D6'},{'D5'},{'D1'},{'R1'},{'R2'},{'R3'},&,1.0,&
{'D3'},{'D2'},{'D4'},{'D7'},{'D6'},{'D5'},{'D1'},{'R1'},{'R3'},{'R2'},&,1.0,&
{'D3'},{'D2'},{'D4'},{'D7'},{'D5'},{'D6'},{'D1'},{'R1'},{'R2'},{'R3'},&,1.0,&
{'D3'},{'D2'},{'D4'},{'D7'},{'D5'},{'D6'},{'D1'},{'R2'},{'R1'},{'R3'},&,1.0,&
{'D3'},{'D2'},{'D4'},{'D7'},{'D5'},{'D6'},{'D1'},{'R3'},{'R1'},{'R2'},&,1.0,&
{'D3'},{'D2'},{'D4'},{'D7'},{'D5'},{'D6'},{'R1'},{'R2'},{'R3'},{'D1'},&,1.0,&
{'D3'},{'D2'},{'D4'},{'D7'},{'D5'},{'D1'},{'D6'},{'R3'},{'R1'},{'R2'},&,1.0,&
{'D3'},{'D2'},{'D4'},{'D1'},{'D7'},{'D5'},{'D6'},{'R3'},{'R2'},{'R1'},&,2.0,&
{'D3'},{'D2'},{'D4'},{'D1'},{'D6'},{'D7'},{'R3'},{'R1'},{'D5'},{'R2'},&,1.0,&
{'D3'},{'D2'},{'D4'},{'D1'},{'D6'},{'D5'},{'R1'},{'D7'},{'R3'},{'R2'},&,1.0,&
{'D3'},{'D2'},{'D4'},{'D1'},{'D5'},{'D6'},{'D7'},{'R1'},{'R2'},{'R3'},&,1.0,&
{'D3'},{'D2'},{'D4'},{'D1'},{'D5'},{'D6'},{'R1'},{'D7'},{'R3'},{'R2'},&,1.0,&
{'D3'},{'D2'},{'D4'},{'D1'},{'D5'},{'D7'},{'D6'},{'R3'},{'R2'},{'R1'},&,1.0,&
{'D3'},{'D2'},{'D4'},{'D5'},{'D1'},{'D6'},{'R3'},{'R1'},{'D7'},{'R2'},&,1.0,&
{'D3'},{'D2'},{'D4'},{'D5'},{'D1'},{'D6'},{'R2'},{'D7'},{'R3'},{'R1'},&,1.0,&
{'D3'},{'D2'},{'D4'},{'D5'},{'D1'},{'D6'},{'D7'},{'R2'},{'R3'},{'R1'},&,1.0,&
{'D3'},{'D2'},{'D4'},{'D5'},{'D1'},{'D6'},{'D7'},{'R3'},{'R1'},{'R2'},&,1.0,&
{'D3'},{'D2'},{'D4'},{'D5'},{'D1'},{'D7'},{'D6'},{'R1'},{'R3'},{'R2'},&,1.0,&
{'D3'},{'D2'},{'D4'},{'D5'},{'D1'},{'D7'},{'D6'},{'R3'},{'R2'},{'R1'},&,1.0,&
{'D3'},{'D2'},{'D4'},{'D5'},{'D1'},{'D7'},{'D6'},{'R3'},{'R1'},{'R2'},&,1.0,&
{'D3'},{'D2'},{'D4'},{'D5'},{'D1'},{'D7'},{'R1'},{'D6'},{'R3'},{'R2'},&,1.0,&
{'D3'},{'D2'},{'D4'},{'D5'},{'D7'},{'D6'},{'R1'},{'R3'},{'D1'},{'R2'},&,1.0,&
{'D3'},{'D2'},{'D4'},{'D5'},{'D7'},{'D1'},{'D6'},{'R1'},{'R2'},{'R3'},&,1.0,&
{'D3'},{'D2'},{'D4'},{'D5'},{'D6'},{'D7'},{'D1'},{'R1'},{'R2'},{'R3'},&,1.0,&
{'D3'},{'D2'},{'D4'},{'D5'},{'D6'},{'D7'},{'D1'},{'R1'},{'R3'},{'R2'},&,1.0,&
{'D3'},{'D2'},{'D4'},{'D5'},{'D6'},{'D7'},{'D1'},{'R2'},{'R1'},{'R3'},&,1.0,&
{'D3'},{'D2'},{'D4'},{'D5'},{'D6'},{'D7'},{'D1'},{'R3'},{'R2'},{'R1'},&,4.0,&
{'D3'},{'D2'},{'D4'},{'D5'},{'D6'},{'D7'},{'D1'},{'R3'},{'R1'},{'R2'},&,5.0,&
{'D3'},{'D2'},{'D4'},{'D5'},{'D6'},{'D1'},{'R2'},{'R1'},{'D7'},{'R3'},&,1.0,&
{'D3'},{'D2'},{'D4'},{'D5'},{'D6'},{'D1'},{'D7'},{'R1'},{'R3'},{'R2'},&,1.0,&
{'D3'},{'D2'},{'D4'},{'D5'},{'D6'},{'D1'},{'D7'},{'R3'},{'R2'},{'R1'},&,2.0,&
{'D3'},{'D2'},{'D4'},{'D5'},{'D6'},{'D1'},{'D7'},{'R3'},{'R1'},{'R2'},&,3.0,&
{'D3'},{'D2'},{'D4'},{'D5'},{'R2'},{'D6'},{'D1'},{'D7'},{'R3'},{'R1'},&,1.0,&
{'D3'},{'D2'},{'D4'},{'D6'},{'D1'},{'D5'},{'R3'},{'D7'},{'R2'},{'R1'},&,1.0,&
{'D3'},{'D2'},{'D4'},{'D6'},{'D7'},{'D1'},{'D5'},{'R3'},{'R2'},{'R1'},&,1.0,&
{'D3'},{'D2'},{'D4'},{'D6'},{'D7'},{'D5'},{'R3'},{'R2'},{'R1'},{'D1'},&,1.0,&
{'D3'},{'D2'},{'D4'},{'D6'},{'D7'},{'D5'},{'D1'},{'R2'},{'R1'},{'R3'},&,1.0,&
{'D3'},{'D2'},{'D4'},{'D6'},{'D7'},{'D5'},{'D1'},{'R3'},{'R2'},{'R1'},&,1.0,&
{'D3'},{'D2'},{'D4'},{'D6'},{'D5'},{'D7'},{'R3'},{'D1'},{'R2'},{'R1'},&,1.0,&
{'D3'},{'D2'},{'D4'},{'D6'},{'D5'},{'D7'},{'R3'},{'D1'},{'R1'},{'R2'},&,1.0,&
{'D3'},{'D2'},{'D4'},{'D6'},{'D5'},{'D7'},{'D1'},{'R1'},{'R3'},{'R2'},&,1.0,&
{'D3'},{'D2'},{'D4'},{'D6'},{'D5'},{'D7'},{'D1'},{'R3'},{'R2'},{'R1'},&,2.0,&
{'D3'},{'D2'},{'D4'},{'D6'},{'D5'},{'D7'},{'D1'},{'R3'},{'R1'},{'R2'},&,2.0,&
{'D3'},{'D2'},{'D4'},{'D6'},{'D5'},{'D1'},{'R3'},{'R1'},{'D7'},{'R2'},&,1.0,&
{'D3'},{'D2'},{'D4'},{'D6'},{'D5'},{'D1'},{'D7'},{'R2'},{'R3'},{'R1'},&,1.0,&
{'D3'},{'D2'},{'D4'},{'D6'},{'D5'},{'D1'},{'D7'},{'R2'},{'R1'},{'R3'},&,1.0,&
{'D3'},{'D2'},{'D4'},{'D6'},{'D5'},{'D1'},{'D7'},{'R3'},{'R2'},{'R1'},&,1.0,&
{'D3'},{'D2'},{'D4'},{'D6'},{'D5'},{'D1'},{'D7'},{'R3'},{'R1'},{'R2'},&,1.0,&
{'D3'},{'D2'},{'D4'},{'D6'},{'R2'},{'D7'},{'D5'},{'D1'},{'R3'},{'R1'},&,1.0,&
{'D3'},{'D2'},{'D5'},{'D7'},{'D1'},{'D6'},{'D4'},{'R1'},{'R3'},{'R2'},&,1.0,&
{'D3'},{'D2'},{'D5'},{'D7'},{'D1'},{'D6'},{'D4'},{'R2'},{'R3'},{'R1'},&,2.0,&
{'D3'},{'D2'},{'D5'},{'D7'},{'D1'},{'D6'},{'D4'},{'R3'},{'R1'},{'R2'},&,1.0,&
{'D3'},{'D2'},{'D5'},{'D7'},{'D1'},{'D6'},{'R2'},{'D4'},{'R1'},{'R3'},&,1.0,&
{'D3'},{'D2'},{'D5'},{'D7'},{'D1'},{'R3'},{'R1'},{'D4'},{'D6'},{'R2'},&,1.0,&
{'D3'},{'D2'},{'D5'},{'D7'},{'D6'},{'D4'},{'R3'},{'R1'},{'D1'},{'R2'},&,1.0,&
{'D3'},{'D2'},{'D5'},{'D7'},{'D6'},{'D4'},{'R3'},{'D1'},{'R2'},{'R1'},&,1.0,&
{'D3'},{'D2'},{'D5'},{'D7'},{'D6'},{'D4'},{'D1'},{'R1'},{'R2'},{'R3'},&,2.0,&
{'D3'},{'D2'},{'D5'},{'D7'},{'D6'},{'D4'},{'D1'},{'R1'},{'R3'},{'R2'},&,3.0,&
{'D3'},{'D2'},{'D5'},{'D7'},{'D6'},{'D4'},{'D1'},{'R2'},{'R3'},{'R1'},&,1.0,&
{'D3'},{'D2'},{'D5'},{'D7'},{'D6'},{'D4'},{'D1'},{'R3'},{'R2'},{'R1'},&,1.0,&
{'D3'},{'D2'},{'D5'},{'D7'},{'D6'},{'D4'},{'D1'},{'R3'},{'R1'},{'R2'},&,3.0,&
{'D3'},{'D2'},{'D5'},{'D7'},{'D6'},{'D4'},{'R2'},{'D1'},{'R1'},{'R3'},&,1.0,&
{'D3'},{'D2'},{'D5'},{'D7'},{'D6'},{'D4'},{'R1'},{'R2'},{'D1'},{'R3'},&,1.0,&
{'D3'},{'D2'},{'D5'},{'D7'},{'D6'},{'D4'},{'R1'},{'D1'},{'R3'},{'R2'},&,1.0,&
{'D3'},{'D2'},{'D5'},{'D7'},{'D6'},{'D1'},{'R3'},{'D4'},{'R2'},{'R1'},&,2.0,&
{'D3'},{'D2'},{'D5'},{'D7'},{'D6'},{'D1'},{'R3'},{'D4'},{'R1'},{'R2'},&,2.0,&
{'D3'},{'D2'},{'D5'},{'D7'},{'D6'},{'D1'},{'D4'},{'R2'},{'R1'},{'R3'},&,1.0,&
{'D3'},{'D2'},{'D5'},{'D7'},{'D6'},{'D1'},{'D4'},{'R3'},{'R2'},{'R1'},&,1.0,&
{'D3'},{'D2'},{'D5'},{'D7'},{'D6'},{'D1'},{'D4'},{'R3'},{'R1'},{'R2'},&,2.0,&
{'D3'},{'D2'},{'D5'},{'D7'},{'D6'},{'D1'},{'R2'},{'R1'},{'D4'},{'R3'},&,1.0,&
{'D3'},{'D2'},{'D5'},{'D7'},{'D6'},{'D1'},{'R1'},{'D4'},{'R3'},{'R2'},&,1.0,&
{'D3'},{'D2'},{'D5'},{'D7'},{'D6'},{'R3'},{'D4'},{'D1'},{'R1'},{'R2'},&,2.0,&
{'D3'},{'D2'},{'D5'},{'D7'},{'D4'},{'D6'},{'R3'},{'R2'},{'D1'},{'R1'},&,1.0,&
{'D3'},{'D2'},{'D5'},{'D7'},{'D4'},{'D6'},{'R3'},{'D1'},{'R1'},{'R2'},&,1.0,&
{'D3'},{'D2'},{'D5'},{'D7'},{'D4'},{'D6'},{'D1'},{'R1'},{'R3'},{'R2'},&,1.0,&
{'D3'},{'D2'},{'D5'},{'D7'},{'D4'},{'D6'},{'D1'},{'R2'},{'R3'},{'R1'},&,1.0,&
{'D3'},{'D2'},{'D5'},{'D7'},{'D4'},{'D6'},{'D1'},{'R3'},{'R2'},{'R1'},&,2.0,&
{'D3'},{'D2'},{'D5'},{'D7'},{'D4'},{'D6'},{'D1'},{'R3'},{'R1'},{'R2'},&,1.0,&
{'D3'},{'D2'},{'D5'},{'D7'},{'D4'},{'D1'},{'D6'},{'R2'},{'R1'},{'R3'},&,1.0,&
{'D3'},{'D2'},{'D5'},{'D7'},{'D4'},{'R2'},{'D6'},{'D1'},{'R1'},{'R3'},&,1.0,&
{'D3'},{'D2'},{'D5'},{'D7'},{'D4'},{'R3'},{'D1'},{'D6'},{'R1'},{'R2'},&,1.0,&
{'D3'},{'D2'},{'D5'},{'D1'},{'D7'},{'D6'},{'R3'},{'D4'},{'R2'},{'R1'},&,1.0,&
{'D3'},{'D2'},{'D5'},{'D1'},{'D7'},{'D6'},{'D4'},{'R1'},{'R2'},{'R3'},&,1.0,&
{'D3'},{'D2'},{'D5'},{'D1'},{'D7'},{'D6'},{'D4'},{'R2'},{'R1'},{'R3'},&,2.0,&
{'D3'},{'D2'},{'D5'},{'D1'},{'D7'},{'D6'},{'D4'},{'R3'},{'R2'},{'R1'},&,1.0,&
{'D3'},{'D2'},{'D5'},{'D1'},{'D7'},{'D6'},{'R1'},{'D4'},{'R3'},{'R2'},&,1.0,&
{'D3'},{'D2'},{'D5'},{'D1'},{'D7'},{'D4'},{'R3'},{'D6'},{'R2'},{'R1'},&,1.0,&
{'D3'},{'D2'},{'D5'},{'D1'},{'D7'},{'D4'},{'D6'},{'R2'},{'R3'},{'R1'},&,1.0,&
{'D3'},{'D2'},{'D5'},{'D1'},{'D7'},{'D4'},{'D6'},{'R3'},{'R1'},{'R2'},&,1.0,&
{'D3'},{'D2'},{'D5'},{'D1'},{'D7'},{'R3'},{'D6'},{'D4'},{'R1'},{'R2'},&,1.0,&
{'D3'},{'D2'},{'D5'},{'D1'},{'D6'},{'D4'},{'D7'},{'R1'},{'R3'},{'R2'},&,1.0,&
{'D3'},{'D2'},{'D5'},{'D1'},{'D6'},{'D4'},{'D7'},{'R2'},{'R1'},{'R3'},&,1.0,&
{'D3'},{'D2'},{'D5'},{'D1'},{'D6'},{'D4'},{'D7'},{'R3'},{'R2'},{'R1'},&,1.0,&
{'D3'},{'D2'},{'D5'},{'D1'},{'D6'},{'D4'},{'R1'},{'D7'},{'R3'},{'R2'},&,1.0,&
{'D3'},{'D2'},{'D5'},{'D1'},{'D6'},{'D7'},{'R3'},{'D4'},{'R2'},{'R1'},&,1.0,&
{'D3'},{'D2'},{'D5'},{'D1'},{'D6'},{'D7'},{'D4'},{'R1'},{'R2'},{'R3'},&,2.0,&
{'D3'},{'D2'},{'D5'},{'D1'},{'D6'},{'D7'},{'D4'},{'R1'},{'R3'},{'R2'},&,2.0,&
{'D3'},{'D2'},{'D5'},{'D1'},{'D6'},{'D7'},{'D4'},{'R2'},{'R3'},{'R1'},&,1.0,&
{'D3'},{'D2'},{'D5'},{'D1'},{'D6'},{'D7'},{'D4'},{'R3'},{'R2'},{'R1'},&,1.0,&
{'D3'},{'D2'},{'D5'},{'D1'},{'D6'},{'D7'},{'D4'},{'R3'},{'R1'},{'R2'},&,2.0,&
{'D3'},{'D2'},{'D5'},{'D1'},{'D6'},{'D7'},{'R2'},{'D4'},{'R1'},{'R3'},&,1.0,&
{'D3'},{'D2'},{'D5'},{'D1'},{'D6'},{'R1'},{'D7'},{'R3'},{'D4'},{'R2'},&,1.0,&
{'D3'},{'D2'},{'D5'},{'D1'},{'D4'},{'D6'},{'R3'},{'D7'},{'R1'},{'R2'},&,1.0,&
{'D3'},{'D2'},{'D5'},{'D1'},{'D4'},{'D6'},{'D7'},{'R1'},{'R3'},{'R2'},&,1.0,&
{'D3'},{'D2'},{'D5'},{'D1'},{'D4'},{'D6'},{'D7'},{'R3'},{'R1'},{'R2'},&,1.0,&
{'D3'},{'D2'},{'D5'},{'D1'},{'D4'},{'D7'},{'D6'},{'R3'},{'R2'},{'R1'},&,1.0,&
{'D3'},{'D2'},{'D5'},{'D1'},{'D4'},{'D7'},{'D6'},{'R3'},{'R1'},{'R2'},&,1.0,&
{'D3'},{'D2'},{'D5'},{'D1'},{'D4'},{'R2'},{'D7'},{'D6'},{'R3'},{'R1'},&,1.0,&
{'D3'},{'D2'},{'D5'},{'R1'},{'D1'},{'D6'},{'D7'},{'D4'},{'R3'},{'R2'},&,1.0,&
{'D3'},{'D2'},{'D5'},{'D6'},{'D1'},{'D4'},{'R2'},{'D7'},{'R3'},{'R1'},&,1.0,&
{'D3'},{'D2'},{'D5'},{'D6'},{'D1'},{'D4'},{'D7'},{'R1'},{'R2'},{'R3'},&,2.0,&
{'D3'},{'D2'},{'D5'},{'D6'},{'D1'},{'D4'},{'D7'},{'R1'},{'R3'},{'R2'},&,1.0,&
{'D3'},{'D2'},{'D5'},{'D6'},{'D1'},{'D4'},{'D7'},{'R2'},{'R3'},{'R1'},&,2.0,&
{'D3'},{'D2'},{'D5'},{'D6'},{'D1'},{'D4'},{'D7'},{'R3'},{'R2'},{'R1'},&,1.0,&
{'D3'},{'D2'},{'D5'},{'D6'},{'D1'},{'D4'},{'D7'},{'R3'},{'R1'},{'R2'},&,1.0,&
{'D3'},{'D2'},{'D5'},{'D6'},{'D1'},{'D4'},{'R1'},{'D7'},{'R2'},{'R3'},&,1.0,&
{'D3'},{'D2'},{'D5'},{'D6'},{'D1'},{'D7'},{'R3'},{'R1'},{'D4'},{'R2'},&,1.0,&
{'D3'},{'D2'},{'D5'},{'D6'},{'D1'},{'D7'},{'R3'},{'D4'},{'R2'},{'R1'},&,1.0,&
{'D3'},{'D2'},{'D5'},{'D6'},{'D1'},{'D7'},{'D4'},{'R1'},{'R2'},{'R3'},&,1.0,&
{'D3'},{'D2'},{'D5'},{'D6'},{'D1'},{'D7'},{'D4'},{'R1'},{'R3'},{'R2'},&,1.0,&
{'D3'},{'D2'},{'D5'},{'D6'},{'D1'},{'D7'},{'D4'},{'R2'},{'R3'},{'R1'},&,2.0,&
{'D3'},{'D2'},{'D5'},{'D6'},{'D1'},{'D7'},{'D4'},{'R3'},{'R2'},{'R1'},&,5.0,&
{'D3'},{'D2'},{'D5'},{'D6'},{'D1'},{'D7'},{'D4'},{'R3'},{'R1'},{'R2'},&,4.0,&
{'D3'},{'D2'},{'D5'},{'D6'},{'D1'},{'D7'},{'R1'},{'D4'},{'R2'},{'R3'},&,1.0,&
{'D3'},{'D2'},{'D5'},{'D6'},{'D1'},{'D7'},{'R1'},{'D4'},{'R3'},{'R2'},&,1.0,&
{'D3'},{'D2'},{'D5'},{'D6'},{'D1'},{'R3'},{'D7'},{'D4'},{'R1'},{'R2'},&,1.0,&
{'D3'},{'D2'},{'D5'},{'D6'},{'D7'},{'D4'},{'R3'},{'R1'},{'D1'},{'R2'},&,1.0,&
{'D3'},{'D2'},{'D5'},{'D6'},{'D7'},{'D4'},{'R3'},{'D1'},{'R2'},{'R1'},&,2.0,&
{'D3'},{'D2'},{'D5'},{'D6'},{'D7'},{'D4'},{'R3'},{'D1'},{'R1'},{'R2'},&,2.0,&
{'D3'},{'D2'},{'D5'},{'D6'},{'D7'},{'D4'},{'D1'},{'R1'},{'R2'},{'R3'},&,1.0,&
{'D3'},{'D2'},{'D5'},{'D6'},{'D7'},{'D4'},{'D1'},{'R1'},{'R3'},{'R2'},&,2.0,&
{'D3'},{'D2'},{'D5'},{'D6'},{'D7'},{'D4'},{'D1'},{'R2'},{'R3'},{'R1'},&,4.0,&
{'D3'},{'D2'},{'D5'},{'D6'},{'D7'},{'D4'},{'D1'},{'R2'},{'R1'},{'R3'},&,1.0,&
{'D3'},{'D2'},{'D5'},{'D6'},{'D7'},{'D4'},{'D1'},{'R3'},{'R2'},{'R1'},&,3.0,&
{'D3'},{'D2'},{'D5'},{'D6'},{'D7'},{'D4'},{'D1'},{'R3'},{'R1'},{'R2'},&,3.0,&
{'D3'},{'D2'},{'D5'},{'D6'},{'D7'},{'D1'},{'D4'},{'R1'},{'R3'},{'R2'},&,6.0,&
{'D3'},{'D2'},{'D5'},{'D6'},{'D7'},{'D1'},{'D4'},{'R2'},{'R3'},{'R1'},&,1.0,&
{'D3'},{'D2'},{'D5'},{'D6'},{'D7'},{'D1'},{'D4'},{'R3'},{'R2'},{'R1'},&,1.0,&
{'D3'},{'D2'},{'D5'},{'D6'},{'D7'},{'D1'},{'D4'},{'R3'},{'R1'},{'R2'},&,2.0,&
{'D3'},{'D2'},{'D5'},{'D6'},{'D7'},{'D1'},{'R2'},{'R3'},{'D4'},{'R1'},&,1.0,&
{'D3'},{'D2'},{'D5'},{'D6'},{'D7'},{'D1'},{'R1'},{'D4'},{'R3'},{'R2'},&,1.0,&
{'D3'},{'D2'},{'D5'},{'D6'},{'D7'},{'R2'},{'D4'},{'R1'},{'R3'},{'D1'},&,1.0,&
{'D3'},{'D2'},{'D5'},{'D6'},{'D7'},{'R3'},{'D1'},{'D4'},{'R2'},{'R1'},&,3.0,&
{'D3'},{'D2'},{'D5'},{'D6'},{'D7'},{'R3'},{'D4'},{'D1'},{'R1'},{'R2'},&,1.0,&
{'D3'},{'D2'},{'D5'},{'D6'},{'D4'},{'D7'},{'R3'},{'D1'},{'R2'},{'R1'},&,2.0,&
{'D3'},{'D2'},{'D5'},{'D6'},{'D4'},{'D7'},{'D1'},{'R1'},{'R2'},{'R3'},&,1.0,&
{'D3'},{'D2'},{'D5'},{'D6'},{'D4'},{'D7'},{'D1'},{'R1'},{'R3'},{'R2'},&,5.0,&
{'D3'},{'D2'},{'D5'},{'D6'},{'D4'},{'D7'},{'D1'},{'R3'},{'R2'},{'R1'},&,6.0,&
{'D3'},{'D2'},{'D5'},{'D6'},{'D4'},{'D7'},{'D1'},{'R3'},{'R1'},{'R2'},&,4.0,&
{'D3'},{'D2'},{'D5'},{'D6'},{'D4'},{'D7'},{'R2'},{'D1'},{'R3'},{'R1'},&,1.0,&
{'D3'},{'D2'},{'D5'},{'D6'},{'D4'},{'D1'},{'R3'},{'R1'},{'R2'},{'D7'},&,1.0,&
{'D3'},{'D2'},{'D5'},{'D6'},{'D4'},{'D1'},{'R2'},{'D7'},{'R3'},{'R1'},&,1.0,&
{'D3'},{'D2'},{'D5'},{'D6'},{'D4'},{'D1'},{'D7'},{'R1'},{'R2'},{'R3'},&,2.0,&
{'D3'},{'D2'},{'D5'},{'D6'},{'D4'},{'D1'},{'D7'},{'R1'},{'R3'},{'R2'},&,2.0,&
{'D3'},{'D2'},{'D5'},{'D6'},{'D4'},{'D1'},{'D7'},{'R2'},{'R3'},{'R1'},&,2.0,&
{'D3'},{'D2'},{'D5'},{'D6'},{'D4'},{'D1'},{'D7'},{'R3'},{'R2'},{'R1'},&,1.0,&
{'D3'},{'D2'},{'D5'},{'D6'},{'D4'},{'D1'},{'D7'},{'R3'},{'R1'},{'R2'},&,4.0,&
{'D3'},{'D2'},{'D5'},{'D6'},{'D4'},{'R3'},{'D7'},{'D1'},{'R2'},{'R1'},&,1.0,&
{'D3'},{'D2'},{'D5'},{'D4'},{'D1'},{'D6'},{'D7'},{'R1'},{'R2'},{'R3'},&,1.0,&
{'D3'},{'D2'},{'D5'},{'D4'},{'D1'},{'D6'},{'D7'},{'R3'},{'R2'},{'R1'},&,1.0,&
{'D3'},{'D2'},{'D5'},{'D4'},{'D1'},{'D6'},{'D7'},{'R3'},{'R1'},{'R2'},&,2.0,&
{'D3'},{'D2'},{'D5'},{'D4'},{'D1'},{'D6'},{'R1'},{'D7'},{'R3'},{'R2'},&,1.0,&
{'D3'},{'D2'},{'D5'},{'D4'},{'D1'},{'D7'},{'R3'},{'D6'},{'R1'},{'R2'},&,1.0,&
{'D3'},{'D2'},{'D5'},{'D4'},{'D7'},{'D6'},{'D1'},{'R1'},{'R2'},{'R3'},&,1.0,&
{'D3'},{'D2'},{'D5'},{'D4'},{'D7'},{'D6'},{'D1'},{'R1'},{'R3'},{'R2'},&,2.0,&
{'D3'},{'D2'},{'D5'},{'D4'},{'D7'},{'D6'},{'D1'},{'R3'},{'R2'},{'R1'},&,2.0,&
{'D3'},{'D2'},{'D5'},{'D4'},{'D7'},{'D6'},{'D1'},{'R3'},{'R1'},{'R2'},&,1.0,&
{'D3'},{'D2'},{'D5'},{'D4'},{'D7'},{'D1'},{'D6'},{'R2'},{'R3'},{'R1'},&,1.0,&
{'D3'},{'D2'},{'D5'},{'D4'},{'D7'},{'D1'},{'D6'},{'R3'},{'R2'},{'R1'},&,1.0,&
{'D3'},{'D2'},{'D5'},{'D4'},{'D6'},{'D7'},{'R3'},{'R1'},{'R2'},{'D1'},&,1.0,&
{'D3'},{'D2'},{'D5'},{'D4'},{'D6'},{'D7'},{'R3'},{'D1'},{'R1'},{'R2'},&,1.0,&
{'D3'},{'D2'},{'D5'},{'D4'},{'D6'},{'D7'},{'D1'},{'R1'},{'R2'},{'R3'},&,1.0,&
{'D3'},{'D2'},{'D5'},{'D4'},{'D6'},{'D7'},{'D1'},{'R1'},{'R3'},{'R2'},&,5.0,&
{'D3'},{'D2'},{'D5'},{'D4'},{'D6'},{'D7'},{'D1'},{'R2'},{'R3'},{'R1'},&,2.0,&
{'D3'},{'D2'},{'D5'},{'D4'},{'D6'},{'D7'},{'D1'},{'R3'},{'R2'},{'R1'},&,1.0,&
{'D3'},{'D2'},{'D5'},{'D4'},{'D6'},{'D7'},{'D1'},{'R3'},{'R1'},{'R2'},&,2.0,&
{'D3'},{'D2'},{'D5'},{'D4'},{'D6'},{'D7'},{'R1'},{'D1'},{'R2'},{'R3'},&,1.0,&
{'D3'},{'D2'},{'D5'},{'D4'},{'D6'},{'D7'},{'R1'},{'D1'},{'R3'},{'R2'},&,1.0,&
{'D3'},{'D2'},{'D5'},{'D4'},{'D6'},{'D1'},{'D7'},{'R1'},{'R2'},{'R3'},&,1.0,&
{'D3'},{'D2'},{'D5'},{'D4'},{'D6'},{'D1'},{'D7'},{'R2'},{'R3'},{'R1'},&,1.0,&
{'D3'},{'D2'},{'D5'},{'D4'},{'D6'},{'D1'},{'D7'},{'R3'},{'R2'},{'R1'},&,1.0,&
{'D3'},{'D2'},{'D5'},{'D4'},{'D6'},{'D1'},{'D7'},{'R3'},{'R1'},{'R2'},&,5.0,&
{'D3'},{'D2'},{'D5'},{'D4'},{'D6'},{'D1'},{'R1'},{'D7'},{'R3'},{'R2'},&,1.0,&
{'D3'},{'D2'},{'D5'},{'D4'},{'D6'},{'R1'},{'D7'},{'R3'},{'D1'},{'R2'},&,1.0,&
{'D3'},{'D2'},{'D5'},{'D4'},{'D6'},{'R1'},{'D7'},{'D1'},{'R3'},{'R2'},&,1.0,&
{'D3'},{'D2'},{'D5'},{'D4'},{'D6'},{'R3'},{'D1'},{'D7'},{'R2'},{'R1'},&,1.0,&
{'D3'},{'D2'},{'D5'},{'D4'},{'D6'},{'R3'},{'D7'},{'D1'},{'R2'},{'R1'},&,1.0,&
{'D3'},{'D2'},{'D6'},{'D7'},{'D1'},{'D4'},{'D5'},{'R2'},{'R1'},{'R3'},&,1.0,&
{'D3'},{'D2'},{'D6'},{'D7'},{'D1'},{'D5'},{'D4'},{'R1'},{'R3'},{'R2'},&,1.0,&
{'D3'},{'D2'},{'D6'},{'D7'},{'D1'},{'D5'},{'R1'},{'D4'},{'R3'},{'R2'},&,1.0,&
{'D3'},{'D2'},{'D6'},{'D7'},{'D4'},{'D5'},{'D1'},{'R1'},{'R3'},{'R2'},&,1.0,&
{'D3'},{'D2'},{'D6'},{'D7'},{'D4'},{'D5'},{'D1'},{'R2'},{'R3'},{'R1'},&,3.0,&
{'D3'},{'D2'},{'D6'},{'D7'},{'D4'},{'D5'},{'D1'},{'R3'},{'R2'},{'R1'},&,1.0,&
{'D3'},{'D2'},{'D6'},{'D7'},{'D4'},{'D5'},{'D1'},{'R3'},{'R1'},{'R2'},&,1.0,&
{'D3'},{'D2'},{'D6'},{'D7'},{'D5'},{'D4'},{'R3'},{'R2'},{'D1'},{'R1'},&,1.0,&
{'D3'},{'D2'},{'D6'},{'D7'},{'D5'},{'D4'},{'R3'},{'D1'},{'R1'},{'R2'},&,3.0,&
{'D3'},{'D2'},{'D6'},{'D7'},{'D5'},{'D4'},{'D1'},{'R2'},{'R3'},{'R1'},&,1.0,&
{'D3'},{'D2'},{'D6'},{'D7'},{'D5'},{'D4'},{'D1'},{'R3'},{'R2'},{'R1'},&,4.0,&
{'D3'},{'D2'},{'D6'},{'D7'},{'D5'},{'D4'},{'D1'},{'R3'},{'R1'},{'R2'},&,4.0,&
{'D3'},{'D2'},{'D6'},{'D7'},{'D5'},{'D4'},{'R2'},{'R3'},{'D1'},{'R1'},&,1.0,&
{'D3'},{'D2'},{'D6'},{'D7'},{'D5'},{'D4'},{'R1'},{'D1'},{'R3'},{'R2'},&,1.0,&
{'D3'},{'D2'},{'D6'},{'D7'},{'D5'},{'D1'},{'D4'},{'R1'},{'R2'},{'R3'},&,2.0,&
{'D3'},{'D2'},{'D6'},{'D7'},{'D5'},{'D1'},{'D4'},{'R2'},{'R3'},{'R1'},&,1.0,&
{'D3'},{'D2'},{'D6'},{'D7'},{'D5'},{'D1'},{'D4'},{'R3'},{'R2'},{'R1'},&,1.0,&
{'D3'},{'D2'},{'D6'},{'D7'},{'D5'},{'D1'},{'D4'},{'R3'},{'R1'},{'R2'},&,3.0,&
{'D3'},{'D2'},{'D6'},{'D7'},{'D5'},{'D1'},{'R2'},{'D4'},{'R3'},{'R1'},&,1.0,&
{'D3'},{'D2'},{'D6'},{'D7'},{'D5'},{'R1'},{'D1'},{'D4'},{'R3'},{'R2'},&,1.0,&
{'D3'},{'D2'},{'D6'},{'D7'},{'R3'},{'D4'},{'D5'},{'D1'},{'R1'},{'R2'},&,1.0,&
{'D3'},{'D2'},{'D6'},{'D1'},{'D4'},{'D7'},{'D5'},{'R3'},{'R2'},{'R1'},&,1.0,&
{'D3'},{'D2'},{'D6'},{'D1'},{'D4'},{'D7'},{'D5'},{'R3'},{'R1'},{'R2'},&,1.0,&
{'D3'},{'D2'},{'D6'},{'D1'},{'D4'},{'D5'},{'R3'},{'D7'},{'R2'},{'R1'},&,1.0,&
{'D3'},{'D2'},{'D6'},{'D1'},{'D4'},{'D5'},{'R2'},{'D7'},{'R1'},{'R3'},&,1.0,&
{'D3'},{'D2'},{'D6'},{'D1'},{'D4'},{'D5'},{'R1'},{'D7'},{'R3'},{'R2'},&,1.0,&
{'D3'},{'D2'},{'D6'},{'D1'},{'D4'},{'R1'},{'D5'},{'D7'},{'R3'},{'R2'},&,1.0,&
{'D3'},{'D2'},{'D6'},{'D1'},{'D5'},{'D4'},{'D7'},{'R1'},{'R3'},{'R2'},&,1.0,&
{'D3'},{'D2'},{'D6'},{'D1'},{'D5'},{'D4'},{'D7'},{'R2'},{'R3'},{'R1'},&,1.0,&
{'D3'},{'D2'},{'D6'},{'D1'},{'D5'},{'D4'},{'D7'},{'R3'},{'R1'},{'R2'},&,1.0,&
{'D3'},{'D2'},{'D6'},{'D1'},{'D5'},{'D4'},{'R1'},{'R3'},{'D7'},{'R2'},&,1.0,&
{'D3'},{'D2'},{'D6'},{'D1'},{'D5'},{'D7'},{'D4'},{'R1'},{'R3'},{'R2'},&,2.0,&
{'D3'},{'D2'},{'D6'},{'D1'},{'D5'},{'D7'},{'D4'},{'R2'},{'R3'},{'R1'},&,1.0,&
{'D3'},{'D2'},{'D6'},{'D1'},{'D5'},{'D7'},{'D4'},{'R3'},{'R1'},{'R2'},&,2.0,&
{'D3'},{'D2'},{'D6'},{'D1'},{'D5'},{'R3'},{'D4'},{'D7'},{'R2'},{'R1'},&,1.0,&
{'D3'},{'D2'},{'D6'},{'D1'},{'D5'},{'R3'},{'D7'},{'D4'},{'R1'},{'R2'},&,1.0,&
{'D3'},{'D2'},{'D6'},{'D5'},{'D1'},{'D4'},{'D7'},{'R1'},{'R3'},{'R2'},&,3.0,&
{'D3'},{'D2'},{'D6'},{'D5'},{'D1'},{'D4'},{'D7'},{'R2'},{'R1'},{'R3'},&,1.0,&
{'D3'},{'D2'},{'D6'},{'D5'},{'D1'},{'D4'},{'D7'},{'R3'},{'R2'},{'R1'},&,2.0,&
{'D3'},{'D2'},{'D6'},{'D5'},{'D1'},{'D4'},{'D7'},{'R3'},{'R1'},{'R2'},&,4.0,&
{'D3'},{'D2'},{'D6'},{'D5'},{'D1'},{'D7'},{'R3'},{'D4'},{'R2'},{'R1'},&,2.0,&
{'D3'},{'D2'},{'D6'},{'D5'},{'D1'},{'D7'},{'R3'},{'D4'},{'R1'},{'R2'},&,2.0,&
{'D3'},{'D2'},{'D6'},{'D5'},{'D1'},{'D7'},{'D4'},{'R1'},{'R2'},{'R3'},&,2.0,&
{'D3'},{'D2'},{'D6'},{'D5'},{'D1'},{'D7'},{'D4'},{'R2'},{'R3'},{'R1'},&,4.0,&
{'D3'},{'D2'},{'D6'},{'D5'},{'D1'},{'D7'},{'D4'},{'R3'},{'R2'},{'R1'},&,1.0,&
{'D3'},{'D2'},{'D6'},{'D5'},{'D1'},{'D7'},{'D4'},{'R3'},{'R1'},{'R2'},&,1.0,&
{'D3'},{'D2'},{'D6'},{'D5'},{'D1'},{'D7'},{'R1'},{'D4'},{'R3'},{'R2'},&,1.0,&
{'D3'},{'D2'},{'D6'},{'D5'},{'D1'},{'R1'},{'D4'},{'D7'},{'R2'},{'R3'},&,1.0,&
{'D3'},{'D2'},{'D6'},{'D5'},{'D1'},{'R1'},{'D7'},{'D4'},{'R3'},{'R2'},&,1.0,&
{'D3'},{'D2'},{'D6'},{'D5'},{'D7'},{'D4'},{'D1'},{'R1'},{'R3'},{'R2'},&,2.0,&
{'D3'},{'D2'},{'D6'},{'D5'},{'D7'},{'D4'},{'D1'},{'R2'},{'R3'},{'R1'},&,1.0,&
{'D3'},{'D2'},{'D6'},{'D5'},{'D7'},{'D4'},{'D1'},{'R2'},{'R1'},{'R3'},&,2.0,&
{'D3'},{'D2'},{'D6'},{'D5'},{'D7'},{'D4'},{'D1'},{'R3'},{'R2'},{'R1'},&,3.0,&
{'D3'},{'D2'},{'D6'},{'D5'},{'D7'},{'D4'},{'D1'},{'R3'},{'R1'},{'R2'},&,3.0,&
{'D3'},{'D2'},{'D6'},{'D5'},{'D7'},{'D4'},{'R2'},{'R3'},{'D1'},{'R1'},&,1.0,&
{'D3'},{'D2'},{'D6'},{'D5'},{'D7'},{'D1'},{'R3'},{'R2'},{'D4'},{'R1'},&,1.0,&
{'D3'},{'D2'},{'D6'},{'D5'},{'D7'},{'D1'},{'R3'},{'D4'},{'R2'},{'R1'},&,1.0,&
{'D3'},{'D2'},{'D6'},{'D5'},{'D7'},{'D1'},{'R3'},{'D4'},{'R1'},{'R2'},&,1.0,&
{'D3'},{'D2'},{'D6'},{'D5'},{'D7'},{'D1'},{'D4'},{'R1'},{'R3'},{'R2'},&,1.0,&
{'D3'},{'D2'},{'D6'},{'D5'},{'D7'},{'D1'},{'D4'},{'R2'},{'R3'},{'R1'},&,1.0,&
{'D3'},{'D2'},{'D6'},{'D5'},{'D7'},{'D1'},{'D4'},{'R3'},{'R2'},{'R1'},&,5.0,&
{'D3'},{'D2'},{'D6'},{'D5'},{'D7'},{'D1'},{'D4'},{'R3'},{'R1'},{'R2'},&,4.0,&
{'D3'},{'D2'},{'D6'},{'D5'},{'D7'},{'R3'},{'D1'},{'D4'},{'R2'},{'R1'},&,1.0,&
{'D3'},{'D2'},{'D6'},{'D5'},{'D7'},{'R3'},{'D4'},{'R1'},{'D1'},{'R2'},&,1.0,&
{'D3'},{'D2'},{'D6'},{'D5'},{'D4'},{'D7'},{'R3'},{'R1'},{'D1'},{'R2'},&,1.0,&
{'D3'},{'D2'},{'D6'},{'D5'},{'D4'},{'D7'},{'R3'},{'D1'},{'R2'},{'R1'},&,1.0,&
{'D3'},{'D2'},{'D6'},{'D5'},{'D4'},{'D7'},{'R3'},{'D1'},{'R1'},{'R2'},&,1.0,&
{'D3'},{'D2'},{'D6'},{'D5'},{'D4'},{'D7'},{'D1'},{'R1'},{'R2'},{'R3'},&,1.0,&
{'D3'},{'D2'},{'D6'},{'D5'},{'D4'},{'D7'},{'D1'},{'R1'},{'R3'},{'R2'},&,3.0,&
{'D3'},{'D2'},{'D6'},{'D5'},{'D4'},{'D7'},{'D1'},{'R2'},{'R3'},{'R1'},&,1.0,&
{'D3'},{'D2'},{'D6'},{'D5'},{'D4'},{'D7'},{'D1'},{'R2'},{'R1'},{'R3'},&,1.0,&
{'D3'},{'D2'},{'D6'},{'D5'},{'D4'},{'D7'},{'D1'},{'R3'},{'R2'},{'R1'},&,3.0,&
{'D3'},{'D2'},{'D6'},{'D5'},{'D4'},{'D7'},{'D1'},{'R3'},{'R1'},{'R2'},&,7.0,&
{'D3'},{'D2'},{'D6'},{'D5'},{'D4'},{'D7'},{'R2'},{'D1'},{'R3'},{'R1'},&,1.0,&
{'D3'},{'D2'},{'D6'},{'D5'},{'D4'},{'D7'},{'R1'},{'D1'},{'R3'},{'R2'},&,1.0,&
{'D3'},{'D2'},{'D6'},{'D5'},{'D4'},{'D1'},{'D7'},{'R1'},{'R2'},{'R3'},&,1.0,&
{'D3'},{'D2'},{'D6'},{'D5'},{'D4'},{'D1'},{'D7'},{'R1'},{'R3'},{'R2'},&,4.0,&
{'D3'},{'D2'},{'D6'},{'D5'},{'D4'},{'D1'},{'D7'},{'R2'},{'R3'},{'R1'},&,3.0,&
{'D3'},{'D2'},{'D6'},{'D5'},{'D4'},{'D1'},{'D7'},{'R3'},{'R2'},{'R1'},&,2.0,&
{'D3'},{'D2'},{'D6'},{'D5'},{'D4'},{'D1'},{'D7'},{'R3'},{'R1'},{'R2'},&,3.0,&
{'D3'},{'D2'},{'D6'},{'D5'},{'R3'},{'D4'},{'D1'},{'D7'},{'R2'},{'R1'},&,1.0,&
{'D3'},{'D2'},{'D6'},{'D4'},{'D1'},{'D5'},{'D7'},{'R1'},{'R3'},{'R2'},&,1.0,&
{'D3'},{'D2'},{'D6'},{'D4'},{'D1'},{'D5'},{'D7'},{'R3'},{'R2'},{'R1'},&,1.0,&
{'D3'},{'D2'},{'D6'},{'D4'},{'D1'},{'D5'},{'R1'},{'D7'},{'R3'},{'R2'},&,1.0,&
{'D3'},{'D2'},{'D6'},{'D4'},{'D7'},{'D5'},{'R3'},{'D1'},{'R2'},{'R1'},&,1.0,&
{'D3'},{'D2'},{'D6'},{'D4'},{'D7'},{'D5'},{'R3'},{'D1'},{'R1'},{'R2'},&,1.0,&
{'D3'},{'D2'},{'D6'},{'D4'},{'D7'},{'D5'},{'D1'},{'R3'},{'R1'},{'R2'},&,2.0,&
{'D3'},{'D2'},{'D6'},{'D4'},{'D7'},{'D5'},{'R2'},{'D1'},{'R3'},{'R1'},&,1.0,&
{'D3'},{'D2'},{'D6'},{'D4'},{'D5'},{'D7'},{'R3'},{'D1'},{'R2'},{'R1'},&,1.0,&
{'D3'},{'D2'},{'D6'},{'D4'},{'D5'},{'D7'},{'R3'},{'D1'},{'R1'},{'R2'},&,1.0,&
{'D3'},{'D2'},{'D6'},{'D4'},{'D5'},{'D7'},{'D1'},{'R1'},{'R2'},{'R3'},&,1.0,&
{'D3'},{'D2'},{'D6'},{'D4'},{'D5'},{'D7'},{'D1'},{'R1'},{'R3'},{'R2'},&,1.0,&
{'D3'},{'D2'},{'D6'},{'D4'},{'D5'},{'D7'},{'D1'},{'R2'},{'R3'},{'R1'},&,2.0,&
{'D3'},{'D2'},{'D6'},{'D4'},{'D5'},{'D7'},{'D1'},{'R2'},{'R1'},{'R3'},&,1.0,&
{'D3'},{'D2'},{'D6'},{'D4'},{'D5'},{'D7'},{'D1'},{'R3'},{'R2'},{'R1'},&,1.0,&
{'D3'},{'D2'},{'D6'},{'D4'},{'D5'},{'D7'},{'D1'},{'R3'},{'R1'},{'R2'},&,3.0,&
{'D3'},{'D2'},{'D6'},{'D4'},{'D5'},{'D7'},{'R2'},{'R3'},{'D1'},{'R1'},&,1.0,&
{'D3'},{'D2'},{'D6'},{'D4'},{'D5'},{'D7'},{'R1'},{'D1'},{'R3'},{'R2'},&,1.0,&
{'D3'},{'D2'},{'D6'},{'D4'},{'D5'},{'D1'},{'R3'},{'D7'},{'R1'},{'R2'},&,1.0,&
{'D3'},{'D2'},{'D6'},{'D4'},{'D5'},{'D1'},{'D7'},{'R2'},{'R3'},{'R1'},&,1.0,&
{'D3'},{'D2'},{'D6'},{'D4'},{'D5'},{'D1'},{'D7'},{'R3'},{'R1'},{'R2'},&,1.0,&
{'D3'},{'D2'},{'D6'},{'D4'},{'D5'},{'R1'},{'D1'},{'R2'},{'D7'},{'R3'},&,1.0,&
{'D3'},{'D2'},{'D6'},{'R3'},{'D7'},{'D5'},{'D4'},{'D1'},{'R2'},{'R1'},&,1.0,&
{'D3'},{'D2'},{'D6'},{'R3'},{'D5'},{'D1'},{'D7'},{'D4'},{'R2'},{'R1'},&,1.0,&
{'D3'},{'D2'},{'D1'},{'D7'},{'D6'},{'D5'},{'D4'},{'R2'},{'R1'},{'R3'},&,1.0,&
{'D3'},{'D2'},{'D1'},{'D7'},{'D4'},{'D5'},{'D6'},{'R1'},{'R2'},{'R3'},&,1.0,&
{'D3'},{'D2'},{'D1'},{'D7'},{'D4'},{'D5'},{'D6'},{'R3'},{'R1'},{'R2'},&,1.0,&
{'D3'},{'D2'},{'D1'},{'D7'},{'D5'},{'D6'},{'D4'},{'R1'},{'R2'},{'R3'},&,1.0,&
{'D3'},{'D2'},{'D1'},{'D7'},{'D5'},{'D6'},{'D4'},{'R3'},{'R2'},{'R1'},&,1.0,&
{'D3'},{'D2'},{'D1'},{'D7'},{'D5'},{'D6'},{'R1'},{'D4'},{'R2'},{'R3'},&,1.0,&
{'D3'},{'D2'},{'D1'},{'D5'},{'D7'},{'D6'},{'R3'},{'R2'},{'D4'},{'R1'},&,1.0,&
{'D3'},{'D2'},{'D1'},{'D5'},{'D7'},{'D6'},{'D4'},{'R1'},{'R3'},{'R2'},&,1.0,&
{'D3'},{'D2'},{'D1'},{'D5'},{'D7'},{'D4'},{'D6'},{'R2'},{'R3'},{'R1'},&,1.0,&
{'D3'},{'D2'},{'D1'},{'D5'},{'D7'},{'D4'},{'D6'},{'R3'},{'R1'},{'R2'},&,1.0,&
{'D3'},{'D2'},{'D1'},{'D5'},{'D6'},{'D4'},{'D7'},{'R1'},{'R2'},{'R3'},&,1.0,&
{'D3'},{'D2'},{'D1'},{'D5'},{'D6'},{'D4'},{'D7'},{'R2'},{'R3'},{'R1'},&,1.0,&
{'D3'},{'D2'},{'D1'},{'D5'},{'D6'},{'D4'},{'D7'},{'R3'},{'R2'},{'R1'},&,2.0,&
{'D3'},{'D2'},{'D1'},{'D5'},{'D6'},{'D4'},{'D7'},{'R3'},{'R1'},{'R2'},&,1.0,&
{'D3'},{'D2'},{'D1'},{'D5'},{'D6'},{'D7'},{'D4'},{'R1'},{'R3'},{'R2'},&,1.0,&
{'D3'},{'D2'},{'D1'},{'D5'},{'D6'},{'D7'},{'D4'},{'R3'},{'R2'},{'R1'},&,2.0,&
{'D3'},{'D2'},{'D1'},{'D5'},{'D6'},{'D7'},{'D4'},{'R3'},{'R1'},{'R2'},&,2.0,&
{'D3'},{'D2'},{'D1'},{'D5'},{'D6'},{'D7'},{'R1'},{'D4'},{'R2'},{'R3'},&,1.0,&
{'D3'},{'D2'},{'D1'},{'D5'},{'D4'},{'D6'},{'R3'},{'R1'},{'D7'},{'R2'},&,1.0,&
{'D3'},{'D2'},{'D1'},{'D5'},{'D4'},{'D7'},{'D6'},{'R2'},{'R3'},{'R1'},&,2.0,&
{'D3'},{'D2'},{'D1'},{'D5'},{'R3'},{'D7'},{'D6'},{'D4'},{'R1'},{'R2'},&,1.0,&
{'D3'},{'D2'},{'D1'},{'D6'},{'D7'},{'D5'},{'D4'},{'R2'},{'R3'},{'R1'},&,1.0,&
{'D3'},{'D2'},{'D1'},{'D6'},{'D7'},{'D5'},{'D4'},{'R3'},{'R2'},{'R1'},&,1.0,&
{'D3'},{'D2'},{'D1'},{'D6'},{'D4'},{'D7'},{'D5'},{'R1'},{'R3'},{'R2'},&,1.0,&
{'D3'},{'D2'},{'D1'},{'D6'},{'D5'},{'D4'},{'R3'},{'D7'},{'R2'},{'R1'},&,1.0,&
{'D3'},{'D2'},{'D1'},{'D6'},{'D5'},{'D4'},{'R3'},{'D7'},{'R1'},{'R2'},&,1.0,&
{'D3'},{'D2'},{'D1'},{'D6'},{'D5'},{'D4'},{'D7'},{'R1'},{'R3'},{'R2'},&,2.0,&
{'D3'},{'D2'},{'D1'},{'D6'},{'D5'},{'D4'},{'D7'},{'R2'},{'R3'},{'R1'},&,1.0,&
{'D3'},{'D2'},{'D1'},{'D6'},{'D5'},{'D4'},{'D7'},{'R3'},{'R2'},{'R1'},&,1.0,&
{'D3'},{'D2'},{'D1'},{'D6'},{'D5'},{'D4'},{'D7'},{'R3'},{'R1'},{'R2'},&,1.0,&
{'D3'},{'D2'},{'D1'},{'D6'},{'D5'},{'R3'},{'D7'},{'R1'},{'D4'},{'R2'},&,1.0,&
{'D3'},{'D2'},{'D1'},{'D4'},{'D7'},{'D5'},{'R2'},{'D6'},{'R3'},{'R1'},&,1.0,&
{'D3'},{'D2'},{'D1'},{'D4'},{'D6'},{'D5'},{'D7'},{'R2'},{'R1'},{'R3'},&,1.0,&
{'D3'},{'D2'},{'D1'},{'D4'},{'D5'},{'D6'},{'R1'},{'R3'},{'D7'},{'R2'},&,1.0,&
{'D3'},{'D2'},{'D1'},{'D4'},{'R3'},{'D5'},{'D7'},{'D6'},{'R1'},{'R2'},&,1.0,&
{'D3'},{'D2'},{'D7'},{'D1'},{'D6'},{'D4'},{'D5'},{'R1'},{'R2'},{'R3'},&,1.0,&
{'D3'},{'D2'},{'D7'},{'D1'},{'D4'},{'D5'},{'D6'},{'R3'},{'R2'},{'R1'},&,1.0,&
{'D3'},{'D2'},{'D7'},{'D1'},{'D4'},{'D5'},{'D6'},{'R3'},{'R1'},{'R2'},&,2.0,&
{'D3'},{'D2'},{'D7'},{'D1'},{'D5'},{'D6'},{'R3'},{'D4'},{'R1'},{'R2'},&,1.0,&
{'D3'},{'D2'},{'D7'},{'D1'},{'D5'},{'D6'},{'D4'},{'R1'},{'R2'},{'R3'},&,1.0,&
{'D3'},{'D2'},{'D7'},{'D1'},{'D5'},{'D4'},{'D6'},{'R3'},{'R1'},{'R2'},&,1.0,&
{'D3'},{'D2'},{'D7'},{'D1'},{'D5'},{'R3'},{'D6'},{'R2'},{'D4'},{'R1'},&,1.0,&
{'D3'},{'D2'},{'D7'},{'D5'},{'D1'},{'D6'},{'D4'},{'R3'},{'R2'},{'R1'},&,1.0,&
{'D3'},{'D2'},{'D7'},{'D5'},{'D1'},{'D6'},{'D4'},{'R3'},{'R1'},{'R2'},&,2.0,&
{'D3'},{'D2'},{'D7'},{'D5'},{'D1'},{'D6'},{'R1'},{'D4'},{'R3'},{'R2'},&,1.0,&
{'D3'},{'D2'},{'D7'},{'D5'},{'D1'},{'D4'},{'D6'},{'R2'},{'R3'},{'R1'},&,1.0,&
{'D3'},{'D2'},{'D7'},{'D5'},{'D1'},{'R3'},{'D6'},{'R1'},{'D4'},{'R2'},&,1.0,&
{'D3'},{'D2'},{'D7'},{'D5'},{'D6'},{'D4'},{'D1'},{'R2'},{'R3'},{'R1'},&,4.0,&
{'D3'},{'D2'},{'D7'},{'D5'},{'D6'},{'D4'},{'D1'},{'R3'},{'R2'},{'R1'},&,2.0,&
{'D3'},{'D2'},{'D7'},{'D5'},{'D6'},{'D4'},{'D1'},{'R3'},{'R1'},{'R2'},&,2.0,&
{'D3'},{'D2'},{'D7'},{'D5'},{'D6'},{'D4'},{'R2'},{'D1'},{'R3'},{'R1'},&,1.0,&
{'D3'},{'D2'},{'D7'},{'D5'},{'D6'},{'D4'},{'R1'},{'D1'},{'R3'},{'R2'},&,1.0,&
{'D3'},{'D2'},{'D7'},{'D5'},{'D6'},{'D1'},{'R3'},{'D4'},{'R2'},{'R1'},&,1.0,&
{'D3'},{'D2'},{'D7'},{'D5'},{'D6'},{'D1'},{'R3'},{'D4'},{'R1'},{'R2'},&,1.0,&
{'D3'},{'D2'},{'D7'},{'D5'},{'D6'},{'D1'},{'D4'},{'R3'},{'R2'},{'R1'},&,2.0,&
{'D3'},{'D2'},{'D7'},{'D5'},{'D6'},{'D1'},{'D4'},{'R3'},{'R1'},{'R2'},&,3.0,&
{'D3'},{'D2'},{'D7'},{'D5'},{'D6'},{'R1'},{'D4'},{'D1'},{'R3'},{'R2'},&,1.0,&
{'D3'},{'D2'},{'D7'},{'D5'},{'D4'},{'D6'},{'R3'},{'D1'},{'R2'},{'R1'},&,1.0,&
{'D3'},{'D2'},{'D7'},{'D5'},{'D4'},{'D6'},{'D1'},{'R1'},{'R2'},{'R3'},&,1.0,&
{'D3'},{'D2'},{'D7'},{'D5'},{'D4'},{'D6'},{'D1'},{'R2'},{'R3'},{'R1'},&,3.0,&
{'D3'},{'D2'},{'D7'},{'D5'},{'D4'},{'D6'},{'D1'},{'R3'},{'R1'},{'R2'},&,4.0,&
{'D3'},{'D2'},{'D7'},{'D5'},{'D4'},{'D6'},{'R1'},{'D1'},{'R3'},{'R2'},&,2.0,&
{'D3'},{'D2'},{'D7'},{'D5'},{'D4'},{'D1'},{'D6'},{'R3'},{'R1'},{'R2'},&,1.0,&
{'D3'},{'D2'},{'D7'},{'D5'},{'D4'},{'R3'},{'D6'},{'D1'},{'R2'},{'R1'},&,1.0,&
{'D3'},{'D2'},{'D7'},{'D6'},{'D1'},{'D5'},{'D4'},{'R1'},{'R3'},{'R2'},&,1.0,&
{'D3'},{'D2'},{'D7'},{'D6'},{'D1'},{'R2'},{'D5'},{'R3'},{'D4'},{'R1'},&,1.0,&
{'D3'},{'D2'},{'D7'},{'D6'},{'D4'},{'D1'},{'D5'},{'R2'},{'R3'},{'R1'},&,1.0,&
{'D3'},{'D2'},{'D7'},{'D6'},{'D4'},{'D5'},{'R2'},{'D1'},{'R3'},{'R1'},&,1.0,&
{'D3'},{'D2'},{'D7'},{'D6'},{'D5'},{'D4'},{'R3'},{'R2'},{'R1'},{'D1'},&,1.0,&
{'D3'},{'D2'},{'D7'},{'D6'},{'D5'},{'D4'},{'R3'},{'R2'},{'D1'},{'R1'},&,1.0,&
{'D3'},{'D2'},{'D7'},{'D6'},{'D5'},{'D4'},{'R3'},{'D1'},{'R2'},{'R1'},&,1.0,&
{'D3'},{'D2'},{'D7'},{'D6'},{'D5'},{'D4'},{'D1'},{'R1'},{'R2'},{'R3'},&,2.0,&
{'D3'},{'D2'},{'D7'},{'D6'},{'D5'},{'D4'},{'D1'},{'R3'},{'R2'},{'R1'},&,1.0,&
{'D3'},{'D2'},{'D7'},{'D6'},{'D5'},{'D4'},{'D1'},{'R3'},{'R1'},{'R2'},&,2.0,&
{'D3'},{'D2'},{'D7'},{'D6'},{'D5'},{'D1'},{'R3'},{'D4'},{'R1'},{'R2'},&,1.0,&
{'D3'},{'D2'},{'D7'},{'D6'},{'D5'},{'R1'},{'D1'},{'D4'},{'R3'},{'R2'},&,1.0,&
{'D3'},{'D2'},{'D7'},{'D6'},{'D5'},{'R3'},{'D4'},{'D1'},{'R2'},{'R1'},&,1.0,&
{'D3'},{'D2'},{'D7'},{'D4'},{'D1'},{'D6'},{'D5'},{'R3'},{'R2'},{'R1'},&,1.0,&
{'D3'},{'D2'},{'D7'},{'D4'},{'D1'},{'D5'},{'R3'},{'D6'},{'R1'},{'R2'},&,1.0,&
{'D3'},{'D2'},{'D7'},{'D4'},{'D1'},{'D5'},{'D6'},{'R1'},{'R3'},{'R2'},&,1.0,&
{'D3'},{'D2'},{'D7'},{'D4'},{'D6'},{'D1'},{'D5'},{'R1'},{'R3'},{'R2'},&,1.0,&
{'D3'},{'D2'},{'D7'},{'D4'},{'D6'},{'D5'},{'R3'},{'D1'},{'R1'},{'R2'},&,1.0,&
{'D3'},{'D2'},{'D7'},{'D4'},{'D6'},{'D5'},{'D1'},{'R2'},{'R3'},{'R1'},&,1.0,&
{'D3'},{'D2'},{'D7'},{'D4'},{'D6'},{'R3'},{'D5'},{'R1'},{'D1'},{'R2'},&,1.0,&
{'D3'},{'D2'},{'D7'},{'D4'},{'D5'},{'D6'},{'D1'},{'R2'},{'R1'},{'R3'},&,1.0,&
{'D3'},{'D2'},{'D7'},{'D4'},{'D5'},{'D6'},{'D1'},{'R3'},{'R1'},{'R2'},&,1.0,&
{'D3'},{'D2'},{'D7'},{'D4'},{'D5'},{'D6'},{'R2'},{'D1'},{'R1'},{'R3'},&,1.0,&
{'D3'},{'D2'},{'D7'},{'D4'},{'D5'},{'D1'},{'D6'},{'R3'},{'R1'},{'R2'},&,1.0,&
{'D3'},{'D2'},{'D7'},{'D4'},{'D5'},{'R3'},{'D6'},{'D1'},{'R2'},{'R1'},&,1.0,&
{'D3'},{'D2'},{'D7'},{'D4'},{'R3'},{'D5'},{'D6'},{'D1'},{'R2'},{'R1'},&,1.0,&
{'D3'},{'D7'},{'D4'},{'D1'},{'D2'},{'D6'},{'D5'},{'R3'},{'R1'},{'R2'},&,1.0,&
{'D3'},{'D7'},{'D4'},{'D1'},{'D2'},{'D5'},{'D6'},{'R3'},{'R1'},{'R2'},&,1.0,&
{'D3'},{'D7'},{'D4'},{'D1'},{'D6'},{'D5'},{'D2'},{'R1'},{'R2'},{'R3'},&,1.0,&
{'D3'},{'D7'},{'D4'},{'D1'},{'D6'},{'D5'},{'D2'},{'R1'},{'R3'},{'R2'},&,1.0,&
{'D3'},{'D7'},{'D4'},{'D1'},{'D6'},{'D5'},{'D2'},{'R2'},{'R1'},{'R3'},&,2.0,&
{'D3'},{'D7'},{'D4'},{'D1'},{'D5'},{'D6'},{'D2'},{'R1'},{'R2'},{'R3'},&,2.0,&
{'D3'},{'D7'},{'D4'},{'D1'},{'D5'},{'D6'},{'D2'},{'R1'},{'R3'},{'R2'},&,1.0,&
{'D3'},{'D7'},{'D4'},{'D1'},{'D5'},{'D6'},{'D2'},{'R2'},{'R3'},{'R1'},&,2.0,&
{'D3'},{'D7'},{'D4'},{'D1'},{'D5'},{'D6'},{'D2'},{'R3'},{'R1'},{'R2'},&,1.0,&
{'D3'},{'D7'},{'D4'},{'D1'},{'D5'},{'D2'},{'D6'},{'R3'},{'R2'},{'R1'},&,1.0,&
{'D3'},{'D7'},{'D4'},{'D1'},{'D5'},{'D2'},{'D6'},{'R3'},{'R1'},{'R2'},&,1.0,&
{'D3'},{'D7'},{'D4'},{'D1'},{'D5'},{'R3'},{'R2'},{'D6'},{'R1'},{'D2'},&,1.0,&
{'D3'},{'D7'},{'D4'},{'D2'},{'D6'},{'D1'},{'D5'},{'R2'},{'R3'},{'R1'},&,1.0,&
{'D3'},{'D7'},{'D4'},{'D2'},{'D6'},{'D5'},{'D1'},{'R1'},{'R3'},{'R2'},&,1.0,&
{'D3'},{'D7'},{'D4'},{'D2'},{'D6'},{'D5'},{'D1'},{'R3'},{'R2'},{'R1'},&,1.0,&
{'D3'},{'D7'},{'D4'},{'D2'},{'D6'},{'D5'},{'D1'},{'R3'},{'R1'},{'R2'},&,1.0,&
{'D3'},{'D7'},{'D4'},{'D2'},{'D6'},{'R1'},{'D5'},{'D1'},{'R2'},{'R3'},&,1.0,&
{'D3'},{'D7'},{'D4'},{'D2'},{'D5'},{'D6'},{'R3'},{'D1'},{'R1'},{'R2'},&,1.0,&
{'D3'},{'D7'},{'D4'},{'D2'},{'D5'},{'D6'},{'D1'},{'R2'},{'R3'},{'R1'},&,1.0,&
{'D3'},{'D7'},{'D4'},{'D2'},{'D5'},{'D6'},{'D1'},{'R2'},{'R1'},{'R3'},&,1.0,&
{'D3'},{'D7'},{'D4'},{'D2'},{'D5'},{'D1'},{'D6'},{'R1'},{'R3'},{'R2'},&,1.0,&
{'D3'},{'D7'},{'D4'},{'D2'},{'R3'},{'D5'},{'D6'},{'R1'},{'D1'},{'R2'},&,1.0,&
{'D3'},{'D7'},{'D4'},{'D5'},{'D1'},{'D6'},{'R3'},{'D2'},{'R1'},{'R2'},&,3.0,&
{'D3'},{'D7'},{'D4'},{'D5'},{'D1'},{'D6'},{'D2'},{'R1'},{'R2'},{'R3'},&,1.0,&
{'D3'},{'D7'},{'D4'},{'D5'},{'D1'},{'D6'},{'D2'},{'R2'},{'R3'},{'R1'},&,4.0,&
{'D3'},{'D7'},{'D4'},{'D5'},{'D1'},{'D6'},{'D2'},{'R3'},{'R2'},{'R1'},&,1.0,&
{'D3'},{'D7'},{'D4'},{'D5'},{'D1'},{'D6'},{'D2'},{'R3'},{'R1'},{'R2'},&,1.0,&
{'D3'},{'D7'},{'D4'},{'D5'},{'D1'},{'D6'},{'R1'},{'D2'},{'R3'},{'R2'},&,1.0,&
{'D3'},{'D7'},{'D4'},{'D5'},{'D1'},{'D2'},{'R3'},{'R2'},{'D6'},{'R1'},&,1.0,&
{'D3'},{'D7'},{'D4'},{'D5'},{'D2'},{'D6'},{'D1'},{'R1'},{'R2'},{'R3'},&,1.0,&
{'D3'},{'D7'},{'D4'},{'D5'},{'D2'},{'D6'},{'D1'},{'R3'},{'R2'},{'R1'},&,1.0,&
{'D3'},{'D7'},{'D4'},{'D5'},{'D2'},{'D6'},{'D1'},{'R3'},{'R1'},{'R2'},&,3.0,&
{'D3'},{'D7'},{'D4'},{'D5'},{'D2'},{'D6'},{'R1'},{'R3'},{'R2'},{'D1'},&,1.0,&
{'D3'},{'D7'},{'D4'},{'D5'},{'D2'},{'D1'},{'D6'},{'R1'},{'R2'},{'R3'},&,1.0,&
{'D3'},{'D7'},{'D4'},{'D5'},{'D2'},{'D1'},{'D6'},{'R3'},{'R2'},{'R1'},&,1.0,&
{'D3'},{'D7'},{'D4'},{'D5'},{'D2'},{'R3'},{'D6'},{'D1'},{'R2'},{'R1'},&,1.0,&
{'D3'},{'D7'},{'D4'},{'D5'},{'D6'},{'D1'},{'R3'},{'D2'},{'R1'},{'R2'},&,3.0,&
{'D3'},{'D7'},{'D4'},{'D5'},{'D6'},{'D1'},{'D2'},{'R1'},{'R2'},{'R3'},&,2.0,&
{'D3'},{'D7'},{'D4'},{'D5'},{'D6'},{'D1'},{'D2'},{'R1'},{'R3'},{'R2'},&,6.0,&
{'D3'},{'D7'},{'D4'},{'D5'},{'D6'},{'D1'},{'D2'},{'R2'},{'R3'},{'R1'},&,1.0,&
{'D3'},{'D7'},{'D4'},{'D5'},{'D6'},{'D1'},{'D2'},{'R2'},{'R1'},{'R3'},&,1.0,&
{'D3'},{'D7'},{'D4'},{'D5'},{'D6'},{'D1'},{'D2'},{'R3'},{'R2'},{'R1'},&,1.0,&
{'D3'},{'D7'},{'D4'},{'D5'},{'D6'},{'D1'},{'D2'},{'R3'},{'R1'},{'R2'},&,3.0,&
{'D3'},{'D7'},{'D4'},{'D5'},{'D6'},{'D1'},{'R2'},{'R1'},{'R3'},{'D2'},&,1.0,&
{'D3'},{'D7'},{'D4'},{'D5'},{'D6'},{'D2'},{'R3'},{'R1'},{'R2'},{'D1'},&,1.0,&
{'D3'},{'D7'},{'D4'},{'D5'},{'D6'},{'D2'},{'R3'},{'D1'},{'R1'},{'R2'},&,4.0,&
{'D3'},{'D7'},{'D4'},{'D5'},{'D6'},{'D2'},{'D1'},{'R1'},{'R3'},{'R2'},&,2.0,&
{'D3'},{'D7'},{'D4'},{'D5'},{'D6'},{'D2'},{'D1'},{'R2'},{'R1'},{'R3'},&,1.0,&
{'D3'},{'D7'},{'D4'},{'D5'},{'D6'},{'D2'},{'D1'},{'R3'},{'R1'},{'R2'},&,8.0,&
{'D3'},{'D7'},{'D4'},{'D5'},{'D6'},{'D2'},{'R2'},{'D1'},{'R3'},{'R1'},&,1.0,&
{'D3'},{'D7'},{'D4'},{'D5'},{'D6'},{'R3'},{'D1'},{'D2'},{'R1'},{'R2'},&,1.0,&
{'D3'},{'D7'},{'D4'},{'D5'},{'R3'},{'D6'},{'D1'},{'D2'},{'R2'},{'R1'},&,1.0,&
{'D3'},{'D7'},{'D4'},{'D6'},{'D1'},{'D5'},{'D2'},{'R3'},{'R1'},{'R2'},&,1.0,&
{'D3'},{'D7'},{'D4'},{'D6'},{'D1'},{'D5'},{'R2'},{'D2'},{'R3'},{'R1'},&,1.0,&
{'D3'},{'D7'},{'D4'},{'D6'},{'D1'},{'R2'},{'D5'},{'D2'},{'R3'},{'R1'},&,1.0,&
{'D3'},{'D7'},{'D4'},{'D6'},{'D2'},{'D5'},{'R3'},{'D1'},{'R1'},{'R2'},&,1.0,&
{'D3'},{'D7'},{'D4'},{'D6'},{'D2'},{'D5'},{'D1'},{'R2'},{'R1'},{'R3'},&,1.0,&
{'D3'},{'D7'},{'D4'},{'D6'},{'D2'},{'D5'},{'D1'},{'R3'},{'R1'},{'R2'},&,2.0,&
{'D3'},{'D7'},{'D4'},{'D6'},{'D5'},{'D1'},{'R3'},{'D2'},{'R2'},{'R1'},&,1.0,&
{'D3'},{'D7'},{'D4'},{'D6'},{'D5'},{'D1'},{'R3'},{'D2'},{'R1'},{'R2'},&,1.0,&
{'D3'},{'D7'},{'D4'},{'D6'},{'D5'},{'D1'},{'D2'},{'R1'},{'R2'},{'R3'},&,1.0,&
{'D3'},{'D7'},{'D4'},{'D6'},{'D5'},{'D1'},{'D2'},{'R1'},{'R3'},{'R2'},&,2.0,&
{'D3'},{'D7'},{'D4'},{'D6'},{'D5'},{'D1'},{'D2'},{'R3'},{'R2'},{'R1'},&,3.0,&
{'D3'},{'D7'},{'D4'},{'D6'},{'D5'},{'D1'},{'D2'},{'R3'},{'R1'},{'R2'},&,4.0,&
{'D3'},{'D7'},{'D4'},{'D6'},{'D5'},{'D1'},{'R1'},{'D2'},{'R3'},{'R2'},&,1.0,&
{'D3'},{'D7'},{'D4'},{'D6'},{'D5'},{'D1'},{'R1'},{'R3'},{'D2'},{'R2'},&,1.0,&
{'D3'},{'D7'},{'D4'},{'D6'},{'D5'},{'D2'},{'R3'},{'R2'},{'D1'},{'R1'},&,1.0,&
{'D3'},{'D7'},{'D4'},{'D6'},{'D5'},{'D2'},{'R3'},{'D1'},{'R1'},{'R2'},&,2.0,&
{'D3'},{'D7'},{'D4'},{'D6'},{'D5'},{'D2'},{'D1'},{'R1'},{'R2'},{'R3'},&,1.0,&
{'D3'},{'D7'},{'D4'},{'D6'},{'D5'},{'D2'},{'D1'},{'R1'},{'R3'},{'R2'},&,1.0,&
{'D3'},{'D7'},{'D4'},{'D6'},{'D5'},{'D2'},{'D1'},{'R2'},{'R3'},{'R1'},&,1.0,&
{'D3'},{'D7'},{'D4'},{'D6'},{'D5'},{'D2'},{'D1'},{'R2'},{'R1'},{'R3'},&,3.0,&
{'D3'},{'D7'},{'D4'},{'D6'},{'D5'},{'D2'},{'D1'},{'R3'},{'R2'},{'R1'},&,5.0,&
{'D3'},{'D7'},{'D4'},{'D6'},{'D5'},{'D2'},{'D1'},{'R3'},{'R1'},{'R2'},&,5.0,&
{'D3'},{'D7'},{'D4'},{'D6'},{'D5'},{'D2'},{'R2'},{'R1'},{'D1'},{'R3'},&,1.0,&
{'D3'},{'D7'},{'D4'},{'D6'},{'D5'},{'D2'},{'R2'},{'D1'},{'R1'},{'R3'},&,1.0,&
{'D3'},{'D7'},{'D4'},{'D6'},{'D5'},{'R2'},{'D1'},{'D2'},{'R1'},{'R3'},&,1.0,&
{'D3'},{'D7'},{'D4'},{'D6'},{'D5'},{'R3'},{'D1'},{'R1'},{'D2'},{'R2'},&,1.0,&
{'D3'},{'D7'},{'D5'},{'D1'},{'D2'},{'D6'},{'R3'},{'R1'},{'D4'},{'R2'},&,1.0,&
{'D3'},{'D7'},{'D5'},{'D1'},{'D2'},{'D6'},{'R3'},{'D4'},{'R1'},{'R2'},&,1.0,&
{'D3'},{'D7'},{'D5'},{'D1'},{'D2'},{'D6'},{'D4'},{'R2'},{'R1'},{'R3'},&,2.0,&
{'D3'},{'D7'},{'D5'},{'D1'},{'D2'},{'D6'},{'D4'},{'R3'},{'R2'},{'R1'},&,1.0,&
{'D3'},{'D7'},{'D5'},{'D1'},{'D2'},{'D6'},{'D4'},{'R3'},{'R1'},{'R2'},&,2.0,&
{'D3'},{'D7'},{'D5'},{'D1'},{'D2'},{'D4'},{'R3'},{'R2'},{'D6'},{'R1'},&,1.0,&
{'D3'},{'D7'},{'D5'},{'D1'},{'D2'},{'D4'},{'R3'},{'D6'},{'R1'},{'R2'},&,1.0,&
{'D3'},{'D7'},{'D5'},{'D1'},{'D2'},{'D4'},{'D6'},{'R1'},{'R3'},{'R2'},&,1.0,&
{'D3'},{'D7'},{'D5'},{'D1'},{'D2'},{'D4'},{'D6'},{'R2'},{'R3'},{'R1'},&,1.0,&
{'D3'},{'D7'},{'D5'},{'D1'},{'D2'},{'D4'},{'D6'},{'R3'},{'R2'},{'R1'},&,1.0,&
{'D3'},{'D7'},{'D5'},{'D1'},{'D2'},{'D4'},{'D6'},{'R3'},{'R1'},{'R2'},&,1.0,&
{'D3'},{'D7'},{'D5'},{'D1'},{'D2'},{'D4'},{'R1'},{'D6'},{'R3'},{'R2'},&,1.0,&
{'D3'},{'D7'},{'D5'},{'D1'},{'D6'},{'D4'},{'R3'},{'D2'},{'R2'},{'R1'},&,2.0,&
{'D3'},{'D7'},{'D5'},{'D1'},{'D6'},{'D4'},{'R3'},{'D2'},{'R1'},{'R2'},&,2.0,&
{'D3'},{'D7'},{'D5'},{'D1'},{'D6'},{'D4'},{'D2'},{'R1'},{'R2'},{'R3'},&,1.0,&
{'D3'},{'D7'},{'D5'},{'D1'},{'D6'},{'D4'},{'D2'},{'R1'},{'R3'},{'R2'},&,5.0,&
{'D3'},{'D7'},{'D5'},{'D1'},{'D6'},{'D4'},{'D2'},{'R2'},{'R3'},{'R1'},&,1.0,&
{'D3'},{'D7'},{'D5'},{'D1'},{'D6'},{'D4'},{'D2'},{'R2'},{'R1'},{'R3'},&,1.0,&
{'D3'},{'D7'},{'D5'},{'D1'},{'D6'},{'D4'},{'D2'},{'R3'},{'R2'},{'R1'},&,1.0,&
{'D3'},{'D7'},{'D5'},{'D1'},{'D6'},{'D4'},{'D2'},{'R3'},{'R1'},{'R2'},&,7.0,&
{'D3'},{'D7'},{'D5'},{'D1'},{'D6'},{'D4'},{'R2'},{'D2'},{'R3'},{'R1'},&,1.0,&
{'D3'},{'D7'},{'D5'},{'D1'},{'D6'},{'D4'},{'R2'},{'R3'},{'D2'},{'R1'},&,1.0,&
{'D3'},{'D7'},{'D5'},{'D1'},{'D6'},{'D4'},{'R1'},{'D2'},{'R3'},{'R2'},&,1.0,&
{'D3'},{'D7'},{'D5'},{'D1'},{'D6'},{'D2'},{'R3'},{'R1'},{'D4'},{'R2'},&,1.0,&
{'D3'},{'D7'},{'D5'},{'D1'},{'D6'},{'D2'},{'R3'},{'D4'},{'R2'},{'R1'},&,1.0,&
{'D3'},{'D7'},{'D5'},{'D1'},{'D6'},{'D2'},{'R3'},{'D4'},{'R1'},{'R2'},&,1.0,&
{'D3'},{'D7'},{'D5'},{'D1'},{'D6'},{'D2'},{'D4'},{'R1'},{'R3'},{'R2'},&,1.0,&
{'D3'},{'D7'},{'D5'},{'D1'},{'D6'},{'D2'},{'D4'},{'R2'},{'R1'},{'R3'},&,2.0,&
{'D3'},{'D7'},{'D5'},{'D1'},{'D6'},{'D2'},{'D4'},{'R3'},{'R2'},{'R1'},&,8.0,&
{'D3'},{'D7'},{'D5'},{'D1'},{'D6'},{'D2'},{'D4'},{'R3'},{'R1'},{'R2'},&,6.0,&
{'D3'},{'D7'},{'D5'},{'D1'},{'D6'},{'R1'},{'D2'},{'R3'},{'D4'},{'R2'},&,1.0,&
{'D3'},{'D7'},{'D5'},{'D1'},{'D6'},{'R1'},{'D2'},{'D4'},{'R2'},{'R3'},&,1.0,&
{'D3'},{'D7'},{'D5'},{'D1'},{'D6'},{'R3'},{'R1'},{'D4'},{'R2'},{'D2'},&,1.0,&
{'D3'},{'D7'},{'D5'},{'D1'},{'D4'},{'D6'},{'R3'},{'D2'},{'R1'},{'R2'},&,1.0,&
{'D3'},{'D7'},{'D5'},{'D1'},{'D4'},{'D6'},{'R3'},{'R1'},{'D2'},{'R2'},&,1.0,&
{'D3'},{'D7'},{'D5'},{'D1'},{'D4'},{'D6'},{'D2'},{'R1'},{'R3'},{'R2'},&,2.0,&
{'D3'},{'D7'},{'D5'},{'D1'},{'D4'},{'D6'},{'D2'},{'R2'},{'R3'},{'R1'},&,2.0,&
{'D3'},{'D7'},{'D5'},{'D1'},{'D4'},{'D6'},{'D2'},{'R3'},{'R2'},{'R1'},&,3.0,&
{'D3'},{'D7'},{'D5'},{'D1'},{'D4'},{'D6'},{'D2'},{'R3'},{'R1'},{'R2'},&,2.0,&
{'D3'},{'D7'},{'D5'},{'D1'},{'D4'},{'D2'},{'D6'},{'R2'},{'R3'},{'R1'},&,1.0,&
{'D3'},{'D7'},{'D5'},{'D1'},{'D4'},{'D2'},{'D6'},{'R3'},{'R2'},{'R1'},&,1.0,&
{'D3'},{'D7'},{'D5'},{'D1'},{'D4'},{'R2'},{'D2'},{'D6'},{'R3'},{'R1'},&,1.0,&
{'D3'},{'D7'},{'D5'},{'D2'},{'D1'},{'D6'},{'D4'},{'R1'},{'R2'},{'R3'},&,1.0,&
{'D3'},{'D7'},{'D5'},{'D2'},{'D1'},{'D6'},{'D4'},{'R2'},{'R3'},{'R1'},&,1.0,&
{'D3'},{'D7'},{'D5'},{'D2'},{'D1'},{'D6'},{'D4'},{'R2'},{'R1'},{'R3'},&,1.0,&
{'D3'},{'D7'},{'D5'},{'D2'},{'D1'},{'D6'},{'D4'},{'R3'},{'R2'},{'R1'},&,2.0,&
{'D3'},{'D7'},{'D5'},{'D2'},{'D1'},{'D4'},{'D6'},{'R2'},{'R3'},{'R1'},&,1.0,&
{'D3'},{'D7'},{'D5'},{'D2'},{'D1'},{'D4'},{'D6'},{'R3'},{'R1'},{'R2'},&,1.0,&
{'D3'},{'D7'},{'D5'},{'D2'},{'D6'},{'D4'},{'R3'},{'R1'},{'D1'},{'R2'},&,1.0,&
{'D3'},{'D7'},{'D5'},{'D2'},{'D6'},{'D4'},{'R3'},{'R2'},{'R1'},{'D1'},&,1.0,&
{'D3'},{'D7'},{'D5'},{'D2'},{'D6'},{'D4'},{'D1'},{'R1'},{'R3'},{'R2'},&,3.0,&
{'D3'},{'D7'},{'D5'},{'D2'},{'D6'},{'D4'},{'D1'},{'R2'},{'R3'},{'R1'},&,3.0,&
{'D3'},{'D7'},{'D5'},{'D2'},{'D6'},{'D4'},{'D1'},{'R3'},{'R2'},{'R1'},&,5.0,&
{'D3'},{'D7'},{'D5'},{'D2'},{'D6'},{'D4'},{'D1'},{'R3'},{'R1'},{'R2'},&,2.0,&
{'D3'},{'D7'},{'D5'},{'D2'},{'D6'},{'D4'},{'R2'},{'R3'},{'R1'},{'D1'},&,1.0,&
{'D3'},{'D7'},{'D5'},{'D2'},{'D6'},{'D4'},{'R2'},{'R3'},{'D1'},{'R1'},&,1.0,&
{'D3'},{'D7'},{'D5'},{'D2'},{'D6'},{'D4'},{'R2'},{'D1'},{'R3'},{'R1'},&,1.0,&
{'D3'},{'D7'},{'D5'},{'D2'},{'D6'},{'D1'},{'R3'},{'R1'},{'D4'},{'R2'},&,1.0,&
{'D3'},{'D7'},{'D5'},{'D2'},{'D6'},{'D1'},{'R3'},{'D4'},{'R2'},{'R1'},&,2.0,&
{'D3'},{'D7'},{'D5'},{'D2'},{'D6'},{'D1'},{'R3'},{'D4'},{'R1'},{'R2'},&,1.0,&
{'D3'},{'D7'},{'D5'},{'D2'},{'D6'},{'D1'},{'D4'},{'R1'},{'R3'},{'R2'},&,2.0,&
{'D3'},{'D7'},{'D5'},{'D2'},{'D6'},{'D1'},{'D4'},{'R2'},{'R3'},{'R1'},&,2.0,&
{'D3'},{'D7'},{'D5'},{'D2'},{'D6'},{'D1'},{'D4'},{'R3'},{'R1'},{'R2'},&,4.0,&
{'D3'},{'D7'},{'D5'},{'D2'},{'D6'},{'D1'},{'R1'},{'D4'},{'R3'},{'R2'},&,1.0,&
{'D3'},{'D7'},{'D5'},{'D2'},{'D6'},{'R2'},{'D4'},{'D1'},{'R1'},{'R3'},&,1.0,&
{'D3'},{'D7'},{'D5'},{'D2'},{'D6'},{'R1'},{'D1'},{'R3'},{'D4'},{'R2'},&,1.0,&
{'D3'},{'D7'},{'D5'},{'D2'},{'D4'},{'D6'},{'R3'},{'D1'},{'R1'},{'R2'},&,2.0,&
{'D3'},{'D7'},{'D5'},{'D2'},{'D4'},{'D6'},{'D1'},{'R1'},{'R2'},{'R3'},&,2.0,&
{'D3'},{'D7'},{'D5'},{'D2'},{'D4'},{'D6'},{'D1'},{'R1'},{'R3'},{'R2'},&,1.0,&
{'D3'},{'D7'},{'D5'},{'D2'},{'D4'},{'D6'},{'D1'},{'R3'},{'R2'},{'R1'},&,4.0,&
{'D3'},{'D7'},{'D5'},{'D2'},{'D4'},{'D6'},{'D1'},{'R3'},{'R1'},{'R2'},&,7.0,&
{'D3'},{'D7'},{'D5'},{'D2'},{'D4'},{'D6'},{'R2'},{'D1'},{'R3'},{'R1'},&,1.0,&
{'D3'},{'D7'},{'D5'},{'D2'},{'D4'},{'D1'},{'R2'},{'D6'},{'R3'},{'R1'},&,1.0,&
{'D3'},{'D7'},{'D5'},{'D2'},{'D4'},{'D1'},{'D6'},{'R3'},{'R2'},{'R1'},&,2.0,&
{'D3'},{'D7'},{'D5'},{'D2'},{'D4'},{'R1'},{'D6'},{'D1'},{'R2'},{'R3'},&,1.0,&
{'D3'},{'D7'},{'D5'},{'D2'},{'D4'},{'R1'},{'D6'},{'D1'},{'R3'},{'R2'},&,1.0,&
{'D3'},{'D7'},{'D5'},{'R1'},{'D6'},{'D2'},{'D1'},{'D4'},{'R3'},{'R2'},&,1.0,&
{'D3'},{'D7'},{'D5'},{'D6'},{'D1'},{'D4'},{'R3'},{'D2'},{'R1'},{'R2'},&,4.0,&
{'D3'},{'D7'},{'D5'},{'D6'},{'D1'},{'D4'},{'R3'},{'R1'},{'D2'},{'R2'},&,2.0,&
{'D3'},{'D7'},{'D5'},{'D6'},{'D1'},{'D4'},{'D2'},{'R1'},{'R2'},{'R3'},&,2.0,&
{'D3'},{'D7'},{'D5'},{'D6'},{'D1'},{'D4'},{'D2'},{'R1'},{'R3'},{'R2'},&,8.0,&
{'D3'},{'D7'},{'D5'},{'D6'},{'D1'},{'D4'},{'D2'},{'R2'},{'R3'},{'R1'},&,5.0,&
{'D3'},{'D7'},{'D5'},{'D6'},{'D1'},{'D4'},{'D2'},{'R2'},{'R1'},{'R3'},&,1.0,&
{'D3'},{'D7'},{'D5'},{'D6'},{'D1'},{'D4'},{'D2'},{'R3'},{'R2'},{'R1'},&,11.0,&
{'D3'},{'D7'},{'D5'},{'D6'},{'D1'},{'D4'},{'D2'},{'R3'},{'R1'},{'R2'},&,9.0,&
{'D3'},{'D7'},{'D5'},{'D6'},{'D1'},{'D4'},{'R2'},{'D2'},{'R3'},{'R1'},&,4.0,&
{'D3'},{'D7'},{'D5'},{'D6'},{'D1'},{'D2'},{'R3'},{'R1'},{'R2'},{'D4'},&,1.0,&
{'D3'},{'D7'},{'D5'},{'D6'},{'D1'},{'D2'},{'R3'},{'R1'},{'D4'},{'R2'},&,1.0,&
{'D3'},{'D7'},{'D5'},{'D6'},{'D1'},{'D2'},{'R3'},{'D4'},{'R1'},{'R2'},&,2.0,&
{'D3'},{'D7'},{'D5'},{'D6'},{'D1'},{'D2'},{'D4'},{'R1'},{'R2'},{'R3'},&,1.0,&
{'D3'},{'D7'},{'D5'},{'D6'},{'D1'},{'D2'},{'D4'},{'R1'},{'R3'},{'R2'},&,5.0,&
{'D3'},{'D7'},{'D5'},{'D6'},{'D1'},{'D2'},{'D4'},{'R2'},{'R3'},{'R1'},&,3.0,&
{'D3'},{'D7'},{'D5'},{'D6'},{'D1'},{'D2'},{'D4'},{'R2'},{'R1'},{'R3'},&,2.0,&
{'D3'},{'D7'},{'D5'},{'D6'},{'D1'},{'D2'},{'D4'},{'R3'},{'R2'},{'R1'},&,4.0,&
{'D3'},{'D7'},{'D5'},{'D6'},{'D1'},{'D2'},{'D4'},{'R3'},{'R1'},{'R2'},&,6.0,&
{'D3'},{'D7'},{'D5'},{'D6'},{'D1'},{'D2'},{'R2'},{'D4'},{'R1'},{'R3'},&,2.0,&
{'D3'},{'D7'},{'D5'},{'D6'},{'D1'},{'D2'},{'R1'},{'D4'},{'R3'},{'R2'},&,1.0,&
{'D3'},{'D7'},{'D5'},{'D6'},{'D1'},{'R1'},{'D2'},{'D4'},{'R3'},{'R2'},&,1.0,&
{'D3'},{'D7'},{'D5'},{'D6'},{'D1'},{'R1'},{'D4'},{'D2'},{'R3'},{'R2'},&,1.0,&
{'D3'},{'D7'},{'D5'},{'D6'},{'D1'},{'R3'},{'D2'},{'D4'},{'R2'},{'R1'},&,1.0,&
{'D3'},{'D7'},{'D5'},{'D6'},{'D1'},{'R3'},{'D4'},{'D2'},{'R2'},{'R1'},&,1.0,&
{'D3'},{'D7'},{'D5'},{'D6'},{'D1'},{'R3'},{'D4'},{'R2'},{'D2'},{'R1'},&,1.0,&
{'D3'},{'D7'},{'D5'},{'D6'},{'D2'},{'D4'},{'R3'},{'D1'},{'R1'},{'R2'},&,2.0,&
{'D3'},{'D7'},{'D5'},{'D6'},{'D2'},{'D4'},{'D1'},{'R1'},{'R2'},{'R3'},&,1.0,&
{'D3'},{'D7'},{'D5'},{'D6'},{'D2'},{'D4'},{'D1'},{'R1'},{'R3'},{'R2'},&,5.0,&
{'D3'},{'D7'},{'D5'},{'D6'},{'D2'},{'D4'},{'D1'},{'R2'},{'R3'},{'R1'},&,2.0,&
{'D3'},{'D7'},{'D5'},{'D6'},{'D2'},{'D4'},{'D1'},{'R3'},{'R2'},{'R1'},&,8.0,&
{'D3'},{'D7'},{'D5'},{'D6'},{'D2'},{'D4'},{'D1'},{'R3'},{'R1'},{'R2'},&,3.0,&
{'D3'},{'D7'},{'D5'},{'D6'},{'D2'},{'D4'},{'R2'},{'R1'},{'R3'},{'D1'},&,1.0,&
{'D3'},{'D7'},{'D5'},{'D6'},{'D2'},{'D4'},{'R2'},{'D1'},{'R3'},{'R1'},&,1.0,&
{'D3'},{'D7'},{'D5'},{'D6'},{'D2'},{'D4'},{'R2'},{'D1'},{'R1'},{'R3'},&,1.0,&
{'D3'},{'D7'},{'D5'},{'D6'},{'D2'},{'D4'},{'R1'},{'R3'},{'D1'},{'R2'},&,2.0,&
{'D3'},{'D7'},{'D5'},{'D6'},{'D2'},{'D4'},{'R1'},{'D1'},{'R2'},{'R3'},&,1.0,&
{'D3'},{'D7'},{'D5'},{'D6'},{'D2'},{'D1'},{'R3'},{'R1'},{'D4'},{'R2'},&,1.0,&
{'D3'},{'D7'},{'D5'},{'D6'},{'D2'},{'D1'},{'R3'},{'R2'},{'D4'},{'R1'},&,1.0,&
{'D3'},{'D7'},{'D5'},{'D6'},{'D2'},{'D1'},{'R3'},{'D4'},{'R2'},{'R1'},&,1.0,&
{'D3'},{'D7'},{'D5'},{'D6'},{'D2'},{'D1'},{'R3'},{'D4'},{'R1'},{'R2'},&,2.0,&
{'D3'},{'D7'},{'D5'},{'D6'},{'D2'},{'D1'},{'D4'},{'R1'},{'R2'},{'R3'},&,2.0,&
{'D3'},{'D7'},{'D5'},{'D6'},{'D2'},{'D1'},{'D4'},{'R1'},{'R3'},{'R2'},&,5.0,&
{'D3'},{'D7'},{'D5'},{'D6'},{'D2'},{'D1'},{'D4'},{'R2'},{'R3'},{'R1'},&,3.0,&
{'D3'},{'D7'},{'D5'},{'D6'},{'D2'},{'D1'},{'D4'},{'R2'},{'R1'},{'R3'},&,2.0,&
{'D3'},{'D7'},{'D5'},{'D6'},{'D2'},{'D1'},{'D4'},{'R3'},{'R2'},{'R1'},&,2.0,&
{'D3'},{'D7'},{'D5'},{'D6'},{'D2'},{'D1'},{'D4'},{'R3'},{'R1'},{'R2'},&,6.0,&
{'D3'},{'D7'},{'D5'},{'D6'},{'D2'},{'D1'},{'R2'},{'R1'},{'R3'},{'D4'},&,1.0,&
{'D3'},{'D7'},{'D5'},{'D6'},{'D2'},{'D1'},{'R2'},{'D4'},{'R3'},{'R1'},&,1.0,&
{'D3'},{'D7'},{'D5'},{'D6'},{'D2'},{'R2'},{'D4'},{'D1'},{'R1'},{'R3'},&,1.0,&
{'D3'},{'D7'},{'D5'},{'D6'},{'D2'},{'R3'},{'D1'},{'R1'},{'R2'},{'D4'},&,1.0,&
{'D3'},{'D7'},{'D5'},{'D6'},{'D2'},{'R3'},{'D1'},{'D4'},{'R1'},{'R2'},&,1.0,&
{'D3'},{'D7'},{'D5'},{'D6'},{'D2'},{'R3'},{'D4'},{'D1'},{'R1'},{'R2'},&,1.0,&
{'D3'},{'D7'},{'D5'},{'D6'},{'D4'},{'D1'},{'R3'},{'D2'},{'R2'},{'R1'},&,2.0,&
{'D3'},{'D7'},{'D5'},{'D6'},{'D4'},{'D1'},{'R3'},{'D2'},{'R1'},{'R2'},&,2.0,&
{'D3'},{'D7'},{'D5'},{'D6'},{'D4'},{'D1'},{'R3'},{'R2'},{'R1'},{'D2'},&,1.0,&
{'D3'},{'D7'},{'D5'},{'D6'},{'D4'},{'D1'},{'D2'},{'R1'},{'R2'},{'R3'},&,3.0,&
{'D3'},{'D7'},{'D5'},{'D6'},{'D4'},{'D1'},{'D2'},{'R1'},{'R3'},{'R2'},&,4.0,&
{'D3'},{'D7'},{'D5'},{'D6'},{'D4'},{'D1'},{'D2'},{'R2'},{'R3'},{'R1'},&,3.0,&
{'D3'},{'D7'},{'D5'},{'D6'},{'D4'},{'D1'},{'D2'},{'R2'},{'R1'},{'R3'},&,2.0,&
{'D3'},{'D7'},{'D5'},{'D6'},{'D4'},{'D1'},{'D2'},{'R3'},{'R2'},{'R1'},&,10.0,&
{'D3'},{'D7'},{'D5'},{'D6'},{'D4'},{'D1'},{'D2'},{'R3'},{'R1'},{'R2'},&,14.0,&
{'D3'},{'D7'},{'D5'},{'D6'},{'D4'},{'D1'},{'R2'},{'D2'},{'R3'},{'R1'},&,4.0,&
{'D3'},{'D7'},{'D5'},{'D6'},{'D4'},{'D1'},{'R1'},{'D2'},{'R3'},{'R2'},&,2.0,&
{'D3'},{'D7'},{'D5'},{'D6'},{'D4'},{'D2'},{'R3'},{'R2'},{'D1'},{'R1'},&,1.0,&
{'D3'},{'D7'},{'D5'},{'D6'},{'D4'},{'D2'},{'R3'},{'D1'},{'R2'},{'R1'},&,2.0,&
{'D3'},{'D7'},{'D5'},{'D6'},{'D4'},{'D2'},{'R3'},{'D1'},{'R1'},{'R2'},&,6.0,&
{'D3'},{'D7'},{'D5'},{'D6'},{'D4'},{'D2'},{'D1'},{'R1'},{'R3'},{'R2'},&,6.0,&
{'D3'},{'D7'},{'D5'},{'D6'},{'D4'},{'D2'},{'D1'},{'R2'},{'R3'},{'R1'},&,4.0,&
{'D3'},{'D7'},{'D5'},{'D6'},{'D4'},{'D2'},{'D1'},{'R2'},{'R1'},{'R3'},&,1.0,&
{'D3'},{'D7'},{'D5'},{'D6'},{'D4'},{'D2'},{'D1'},{'R3'},{'R2'},{'R1'},&,14.0,&
{'D3'},{'D7'},{'D5'},{'D6'},{'D4'},{'D2'},{'D1'},{'R3'},{'R1'},{'R2'},&,13.0,&
{'D3'},{'D7'},{'D5'},{'D6'},{'D4'},{'D2'},{'R2'},{'D1'},{'R3'},{'R1'},&,1.0,&
{'D3'},{'D7'},{'D5'},{'D6'},{'D4'},{'D2'},{'R1'},{'R2'},{'D1'},{'R3'},&,1.0,&
{'D3'},{'D7'},{'D5'},{'D6'},{'D4'},{'D2'},{'R1'},{'D1'},{'R3'},{'R2'},&,2.0,&
{'D3'},{'D7'},{'D5'},{'D6'},{'D4'},{'R2'},{'D2'},{'D1'},{'R1'},{'R3'},&,1.0,&
{'D3'},{'D7'},{'D5'},{'D6'},{'D4'},{'R2'},{'D1'},{'D2'},{'R1'},{'R3'},&,1.0,&
{'D3'},{'D7'},{'D5'},{'D6'},{'D4'},{'R1'},{'D1'},{'D2'},{'R2'},{'R3'},&,1.0,&
{'D3'},{'D7'},{'D5'},{'D6'},{'D4'},{'R3'},{'D2'},{'D1'},{'R1'},{'R2'},&,2.0,&
{'D3'},{'D7'},{'D5'},{'D6'},{'D4'},{'R3'},{'D1'},{'D2'},{'R2'},{'R1'},&,1.0,&
{'D3'},{'D7'},{'D5'},{'D6'},{'D4'},{'R3'},{'D1'},{'D2'},{'R1'},{'R2'},&,2.0,&
{'D3'},{'D7'},{'D5'},{'D6'},{'R3'},{'D4'},{'D2'},{'D1'},{'R2'},{'R1'},&,2.0,&
{'D3'},{'D7'},{'D5'},{'D6'},{'R3'},{'D4'},{'D1'},{'D2'},{'R1'},{'R2'},&,1.0,&
{'D3'},{'D7'},{'D5'},{'D6'},{'R3'},{'D4'},{'D1'},{'R1'},{'D2'},{'R2'},&,1.0,&
{'D3'},{'D7'},{'D5'},{'D6'},{'R3'},{'D2'},{'R1'},{'D4'},{'R2'},{'D1'},&,1.0,&
{'D3'},{'D7'},{'D5'},{'D6'},{'R1'},{'D4'},{'D2'},{'D1'},{'R3'},{'R2'},&,1.0,&
{'D3'},{'D7'},{'D5'},{'D4'},{'D1'},{'D6'},{'R3'},{'D2'},{'R1'},{'R2'},&,1.0,&
{'D3'},{'D7'},{'D5'},{'D4'},{'D1'},{'D6'},{'R3'},{'R1'},{'D2'},{'R2'},&,1.0,&
{'D3'},{'D7'},{'D5'},{'D4'},{'D1'},{'D6'},{'R3'},{'R2'},{'D2'},{'R1'},&,2.0,&
{'D3'},{'D7'},{'D5'},{'D4'},{'D1'},{'D6'},{'D2'},{'R1'},{'R2'},{'R3'},&,1.0,&
{'D3'},{'D7'},{'D5'},{'D4'},{'D1'},{'D6'},{'D2'},{'R1'},{'R3'},{'R2'},&,1.0,&
{'D3'},{'D7'},{'D5'},{'D4'},{'D1'},{'D6'},{'D2'},{'R2'},{'R3'},{'R1'},&,1.0,&
{'D3'},{'D7'},{'D5'},{'D4'},{'D1'},{'D6'},{'D2'},{'R3'},{'R2'},{'R1'},&,3.0,&
{'D3'},{'D7'},{'D5'},{'D4'},{'D1'},{'D6'},{'D2'},{'R3'},{'R1'},{'R2'},&,4.0,&
{'D3'},{'D7'},{'D5'},{'D4'},{'D1'},{'D6'},{'R2'},{'D2'},{'R1'},{'R3'},&,1.0,&
{'D3'},{'D7'},{'D5'},{'D4'},{'D1'},{'D2'},{'D6'},{'R3'},{'R2'},{'R1'},&,2.0,&
{'D3'},{'D7'},{'D5'},{'D4'},{'D1'},{'D2'},{'D6'},{'R3'},{'R1'},{'R2'},&,1.0,&
{'D3'},{'D7'},{'D5'},{'D4'},{'D1'},{'R2'},{'D6'},{'D2'},{'R3'},{'R1'},&,1.0,&
{'D3'},{'D7'},{'D5'},{'D4'},{'D2'},{'D6'},{'D1'},{'R1'},{'R2'},{'R3'},&,1.0,&
{'D3'},{'D7'},{'D5'},{'D4'},{'D2'},{'D6'},{'D1'},{'R2'},{'R3'},{'R1'},&,1.0,&
{'D3'},{'D7'},{'D5'},{'D4'},{'D2'},{'D6'},{'D1'},{'R3'},{'R2'},{'R1'},&,1.0,&
{'D3'},{'D7'},{'D5'},{'D4'},{'D2'},{'D6'},{'D1'},{'R3'},{'R1'},{'R2'},&,2.0,&
{'D3'},{'D7'},{'D5'},{'D4'},{'D2'},{'D1'},{'R3'},{'D6'},{'R2'},{'R1'},&,1.0,&
{'D3'},{'D7'},{'D5'},{'D4'},{'D2'},{'D1'},{'R3'},{'D6'},{'R1'},{'R2'},&,1.0,&
{'D3'},{'D7'},{'D5'},{'D4'},{'D2'},{'D1'},{'D6'},{'R3'},{'R2'},{'R1'},&,2.0,&
{'D3'},{'D7'},{'D5'},{'D4'},{'D2'},{'R2'},{'D6'},{'R1'},{'D1'},{'R3'},&,1.0,&
{'D3'},{'D7'},{'D5'},{'D4'},{'D2'},{'R1'},{'D6'},{'R3'},{'D1'},{'R2'},&,1.0,&
{'D3'},{'D7'},{'D5'},{'D4'},{'D6'},{'D1'},{'R3'},{'D2'},{'R2'},{'R1'},&,4.0,&
{'D3'},{'D7'},{'D5'},{'D4'},{'D6'},{'D1'},{'R3'},{'D2'},{'R1'},{'R2'},&,3.0,&
{'D3'},{'D7'},{'D5'},{'D4'},{'D6'},{'D1'},{'D2'},{'R1'},{'R3'},{'R2'},&,8.0,&
{'D3'},{'D7'},{'D5'},{'D4'},{'D6'},{'D1'},{'D2'},{'R2'},{'R3'},{'R1'},&,5.0,&
{'D3'},{'D7'},{'D5'},{'D4'},{'D6'},{'D1'},{'D2'},{'R3'},{'R2'},{'R1'},&,6.0,&
{'D3'},{'D7'},{'D5'},{'D4'},{'D6'},{'D1'},{'D2'},{'R3'},{'R1'},{'R2'},&,3.0,&
{'D3'},{'D7'},{'D5'},{'D4'},{'D6'},{'D1'},{'R2'},{'D2'},{'R3'},{'R1'},&,1.0,&
{'D3'},{'D7'},{'D5'},{'D4'},{'D6'},{'D1'},{'R2'},{'D2'},{'R1'},{'R3'},&,2.0,&
{'D3'},{'D7'},{'D5'},{'D4'},{'D6'},{'D2'},{'R3'},{'R1'},{'D1'},{'R2'},&,1.0,&
{'D3'},{'D7'},{'D5'},{'D4'},{'D6'},{'D2'},{'R3'},{'D1'},{'R2'},{'R1'},&,2.0,&
{'D3'},{'D7'},{'D5'},{'D4'},{'D6'},{'D2'},{'D1'},{'R1'},{'R2'},{'R3'},&,1.0,&
{'D3'},{'D7'},{'D5'},{'D4'},{'D6'},{'D2'},{'D1'},{'R1'},{'R3'},{'R2'},&,3.0,&
{'D3'},{'D7'},{'D5'},{'D4'},{'D6'},{'D2'},{'D1'},{'R2'},{'R3'},{'R1'},&,4.0,&
{'D3'},{'D7'},{'D5'},{'D4'},{'D6'},{'D2'},{'D1'},{'R2'},{'R1'},{'R3'},&,2.0,&
{'D3'},{'D7'},{'D5'},{'D4'},{'D6'},{'D2'},{'D1'},{'R3'},{'R2'},{'R1'},&,6.0,&
{'D3'},{'D7'},{'D5'},{'D4'},{'D6'},{'D2'},{'D1'},{'R3'},{'R1'},{'R2'},&,5.0,&
{'D3'},{'D7'},{'D5'},{'D4'},{'D6'},{'D2'},{'R2'},{'R3'},{'D1'},{'R1'},&,3.0,&
{'D3'},{'D7'},{'D5'},{'D4'},{'D6'},{'D2'},{'R1'},{'D1'},{'R3'},{'R2'},&,1.0,&
{'D3'},{'D7'},{'D5'},{'D4'},{'D6'},{'R1'},{'D1'},{'D2'},{'R3'},{'R2'},&,1.0,&
{'D3'},{'D7'},{'D5'},{'D4'},{'D6'},{'R3'},{'D2'},{'D1'},{'R2'},{'R1'},&,2.0,&
{'D3'},{'D7'},{'D5'},{'D4'},{'D6'},{'R3'},{'D2'},{'D1'},{'R1'},{'R2'},&,1.0,&
{'D3'},{'D7'},{'D5'},{'D4'},{'D6'},{'R3'},{'D1'},{'D2'},{'R2'},{'R1'},&,1.0,&
{'D3'},{'D7'},{'D5'},{'D4'},{'D6'},{'R3'},{'D1'},{'D2'},{'R1'},{'R2'},&,1.0,&
{'D3'},{'D7'},{'D5'},{'D4'},{'D6'},{'R3'},{'D1'},{'R1'},{'R2'},{'D2'},&,1.0,&
{'D3'},{'D7'},{'D5'},{'D4'},{'R3'},{'D6'},{'D2'},{'R2'},{'D1'},{'R1'},&,1.0,&
{'D3'},{'D7'},{'D5'},{'R2'},{'D6'},{'D2'},{'D1'},{'D4'},{'R3'},{'R1'},&,1.0,&
{'D3'},{'D7'},{'D6'},{'D1'},{'D2'},{'D5'},{'D4'},{'R1'},{'R2'},{'R3'},&,1.0,&
{'D3'},{'D7'},{'D6'},{'D1'},{'D2'},{'D5'},{'D4'},{'R2'},{'R1'},{'R3'},&,1.0,&
{'D3'},{'D7'},{'D6'},{'D1'},{'D2'},{'R3'},{'D4'},{'D5'},{'R2'},{'R1'},&,1.0,&
{'D3'},{'D7'},{'D6'},{'D1'},{'D4'},{'D2'},{'D5'},{'R1'},{'R3'},{'R2'},&,1.0,&
{'D3'},{'D7'},{'D6'},{'D1'},{'D4'},{'D2'},{'D5'},{'R3'},{'R1'},{'R2'},&,1.0,&
{'D3'},{'D7'},{'D6'},{'D1'},{'D4'},{'D5'},{'R3'},{'D2'},{'R2'},{'R1'},&,1.0,&
{'D3'},{'D7'},{'D6'},{'D1'},{'D4'},{'D5'},{'R3'},{'R1'},{'D2'},{'R2'},&,1.0,&
{'D3'},{'D7'},{'D6'},{'D1'},{'D4'},{'D5'},{'D2'},{'R2'},{'R3'},{'R1'},&,1.0,&
{'D3'},{'D7'},{'D6'},{'D1'},{'D4'},{'D5'},{'D2'},{'R3'},{'R2'},{'R1'},&,1.0,&
{'D3'},{'D7'},{'D6'},{'D1'},{'D4'},{'D5'},{'D2'},{'R3'},{'R1'},{'R2'},&,1.0,&
{'D3'},{'D7'},{'D6'},{'D1'},{'D5'},{'D4'},{'R3'},{'D2'},{'R1'},{'R2'},&,2.0,&
{'D3'},{'D7'},{'D6'},{'D1'},{'D5'},{'D4'},{'D2'},{'R1'},{'R2'},{'R3'},&,3.0,&
{'D3'},{'D7'},{'D6'},{'D1'},{'D5'},{'D4'},{'D2'},{'R1'},{'R3'},{'R2'},&,2.0,&
{'D3'},{'D7'},{'D6'},{'D1'},{'D5'},{'D4'},{'D2'},{'R2'},{'R3'},{'R1'},&,1.0,&
{'D3'},{'D7'},{'D6'},{'D1'},{'D5'},{'D4'},{'D2'},{'R2'},{'R1'},{'R3'},&,1.0,&
{'D3'},{'D7'},{'D6'},{'D1'},{'D5'},{'D4'},{'D2'},{'R3'},{'R2'},{'R1'},&,3.0,&
{'D3'},{'D7'},{'D6'},{'D1'},{'D5'},{'D4'},{'D2'},{'R3'},{'R1'},{'R2'},&,1.0,&
{'D3'},{'D7'},{'D6'},{'D1'},{'D5'},{'D4'},{'R2'},{'D2'},{'R3'},{'R1'},&,1.0,&
{'D3'},{'D7'},{'D6'},{'D1'},{'D5'},{'D4'},{'R1'},{'D2'},{'R3'},{'R2'},&,2.0,&
{'D3'},{'D7'},{'D6'},{'D1'},{'D5'},{'D2'},{'R3'},{'R1'},{'R2'},{'D4'},&,1.0,&
{'D3'},{'D7'},{'D6'},{'D1'},{'D5'},{'D2'},{'D4'},{'R3'},{'R2'},{'R1'},&,3.0,&
{'D3'},{'D7'},{'D6'},{'D1'},{'D5'},{'D2'},{'D4'},{'R3'},{'R1'},{'R2'},&,3.0,&
{'D3'},{'D7'},{'D6'},{'D2'},{'D1'},{'D5'},{'D4'},{'R1'},{'R3'},{'R2'},&,1.0,&
{'D3'},{'D7'},{'D6'},{'D2'},{'D1'},{'R2'},{'D5'},{'D4'},{'R3'},{'R1'},&,1.0,&
{'D3'},{'D7'},{'D6'},{'D2'},{'D4'},{'D1'},{'D5'},{'R1'},{'R3'},{'R2'},&,1.0,&
{'D3'},{'D7'},{'D6'},{'D2'},{'D4'},{'D5'},{'D1'},{'R2'},{'R3'},{'R1'},&,2.0,&
{'D3'},{'D7'},{'D6'},{'D2'},{'D4'},{'D5'},{'D1'},{'R3'},{'R1'},{'R2'},&,1.0,&
{'D3'},{'D7'},{'D6'},{'D2'},{'D4'},{'D5'},{'R1'},{'D1'},{'R3'},{'R2'},&,1.0,&
{'D3'},{'D7'},{'D6'},{'D2'},{'D5'},{'D4'},{'D1'},{'R1'},{'R3'},{'R2'},&,1.0,&
{'D3'},{'D7'},{'D6'},{'D2'},{'D5'},{'D4'},{'D1'},{'R2'},{'R3'},{'R1'},&,4.0,&
{'D3'},{'D7'},{'D6'},{'D2'},{'D5'},{'D4'},{'D1'},{'R3'},{'R2'},{'R1'},&,1.0,&
{'D3'},{'D7'},{'D6'},{'D2'},{'D5'},{'D4'},{'D1'},{'R3'},{'R1'},{'R2'},&,2.0,&
{'D3'},{'D7'},{'D6'},{'D2'},{'D5'},{'D4'},{'R2'},{'R1'},{'D1'},{'R3'},&,1.0,&
{'D3'},{'D7'},{'D6'},{'D2'},{'D5'},{'D1'},{'R3'},{'D4'},{'R2'},{'R1'},&,1.0,&
{'D3'},{'D7'},{'D6'},{'D2'},{'D5'},{'D1'},{'D4'},{'R2'},{'R3'},{'R1'},&,1.0,&
{'D3'},{'D7'},{'D6'},{'D2'},{'D5'},{'D1'},{'D4'},{'R3'},{'R2'},{'R1'},&,1.0,&
{'D3'},{'D7'},{'D6'},{'D2'},{'D5'},{'D1'},{'D4'},{'R3'},{'R1'},{'R2'},&,2.0,&
{'D3'},{'D7'},{'D6'},{'D2'},{'D5'},{'D1'},{'R1'},{'R3'},{'D4'},{'R2'},&,1.0,&
{'D3'},{'D7'},{'D6'},{'D5'},{'D1'},{'D4'},{'R3'},{'D2'},{'R1'},{'R2'},&,1.0,&
{'D3'},{'D7'},{'D6'},{'D5'},{'D1'},{'D4'},{'D2'},{'R1'},{'R3'},{'R2'},&,5.0,&
{'D3'},{'D7'},{'D6'},{'D5'},{'D1'},{'D4'},{'D2'},{'R2'},{'R3'},{'R1'},&,2.0,&
{'D3'},{'D7'},{'D6'},{'D5'},{'D1'},{'D4'},{'D2'},{'R3'},{'R2'},{'R1'},&,5.0,&
{'D3'},{'D7'},{'D6'},{'D5'},{'D1'},{'D4'},{'D2'},{'R3'},{'R1'},{'R2'},&,5.0,&
{'D3'},{'D7'},{'D6'},{'D5'},{'D1'},{'D4'},{'R1'},{'D2'},{'R3'},{'R2'},&,3.0,&
{'D3'},{'D7'},{'D6'},{'D5'},{'D1'},{'D2'},{'R3'},{'R2'},{'D4'},{'R1'},&,1.0,&
{'D3'},{'D7'},{'D6'},{'D5'},{'D1'},{'D2'},{'R3'},{'D4'},{'R1'},{'R2'},&,1.0,&
{'D3'},{'D7'},{'D6'},{'D5'},{'D1'},{'D2'},{'D4'},{'R1'},{'R2'},{'R3'},&,2.0,&
{'D3'},{'D7'},{'D6'},{'D5'},{'D1'},{'D2'},{'D4'},{'R1'},{'R3'},{'R2'},&,2.0,&
{'D3'},{'D7'},{'D6'},{'D5'},{'D1'},{'D2'},{'D4'},{'R2'},{'R3'},{'R1'},&,2.0,&
{'D3'},{'D7'},{'D6'},{'D5'},{'D1'},{'D2'},{'D4'},{'R3'},{'R2'},{'R1'},&,1.0,&
{'D3'},{'D7'},{'D6'},{'D5'},{'D1'},{'D2'},{'D4'},{'R3'},{'R1'},{'R2'},&,10.0,&
{'D3'},{'D7'},{'D6'},{'D5'},{'D1'},{'R1'},{'D2'},{'D4'},{'R3'},{'R2'},&,1.0,&
{'D3'},{'D7'},{'D6'},{'D5'},{'D1'},{'R3'},{'D4'},{'D2'},{'R2'},{'R1'},&,1.0,&
{'D3'},{'D7'},{'D6'},{'D5'},{'D2'},{'D4'},{'R3'},{'R1'},{'D1'},{'R2'},&,1.0,&
{'D3'},{'D7'},{'D6'},{'D5'},{'D2'},{'D4'},{'R3'},{'D1'},{'R1'},{'R2'},&,2.0,&
{'D3'},{'D7'},{'D6'},{'D5'},{'D2'},{'D4'},{'D1'},{'R1'},{'R2'},{'R3'},&,1.0,&
{'D3'},{'D7'},{'D6'},{'D5'},{'D2'},{'D4'},{'D1'},{'R1'},{'R3'},{'R2'},&,4.0,&
{'D3'},{'D7'},{'D6'},{'D5'},{'D2'},{'D4'},{'D1'},{'R2'},{'R3'},{'R1'},&,1.0,&
{'D3'},{'D7'},{'D6'},{'D5'},{'D2'},{'D4'},{'D1'},{'R3'},{'R2'},{'R1'},&,9.0,&
{'D3'},{'D7'},{'D6'},{'D5'},{'D2'},{'D4'},{'D1'},{'R3'},{'R1'},{'R2'},&,4.0,&
{'D3'},{'D7'},{'D6'},{'D5'},{'D2'},{'D4'},{'R2'},{'D1'},{'R3'},{'R1'},&,1.0,&
{'D3'},{'D7'},{'D6'},{'D5'},{'D2'},{'D4'},{'R2'},{'D1'},{'R1'},{'R3'},&,1.0,&
{'D3'},{'D7'},{'D6'},{'D5'},{'D2'},{'D4'},{'R1'},{'D1'},{'R2'},{'R3'},&,1.0,&
{'D3'},{'D7'},{'D6'},{'D5'},{'D2'},{'D4'},{'R1'},{'D1'},{'R3'},{'R2'},&,1.0,&
{'D3'},{'D7'},{'D6'},{'D5'},{'D2'},{'D1'},{'R3'},{'R2'},{'D4'},{'R1'},&,1.0,&
{'D3'},{'D7'},{'D6'},{'D5'},{'D2'},{'D1'},{'R3'},{'D4'},{'R2'},{'R1'},&,1.0,&
{'D3'},{'D7'},{'D6'},{'D5'},{'D2'},{'D1'},{'R3'},{'D4'},{'R1'},{'R2'},&,3.0,&
{'D3'},{'D7'},{'D6'},{'D5'},{'D2'},{'D1'},{'D4'},{'R1'},{'R2'},{'R3'},&,1.0,&
{'D3'},{'D7'},{'D6'},{'D5'},{'D2'},{'D1'},{'D4'},{'R1'},{'R3'},{'R2'},&,4.0,&
{'D3'},{'D7'},{'D6'},{'D5'},{'D2'},{'D1'},{'D4'},{'R2'},{'R3'},{'R1'},&,4.0,&
{'D3'},{'D7'},{'D6'},{'D5'},{'D2'},{'D1'},{'D4'},{'R2'},{'R1'},{'R3'},&,2.0,&
{'D3'},{'D7'},{'D6'},{'D5'},{'D2'},{'D1'},{'D4'},{'R3'},{'R2'},{'R1'},&,3.0,&
{'D3'},{'D7'},{'D6'},{'D5'},{'D2'},{'D1'},{'D4'},{'R3'},{'R1'},{'R2'},&,3.0,&
{'D3'},{'D7'},{'D6'},{'D5'},{'D2'},{'D1'},{'R2'},{'R3'},{'D4'},{'R1'},&,1.0,&
{'D3'},{'D7'},{'D6'},{'D5'},{'D2'},{'D1'},{'R2'},{'D4'},{'R1'},{'R3'},&,2.0,&
{'D3'},{'D7'},{'D6'},{'D5'},{'D2'},{'D1'},{'R1'},{'R3'},{'D4'},{'R2'},&,1.0,&
{'D3'},{'D7'},{'D6'},{'D5'},{'D2'},{'D1'},{'R1'},{'D4'},{'R3'},{'R2'},&,1.0,&
{'D3'},{'D7'},{'D6'},{'D5'},{'D2'},{'R2'},{'D1'},{'D4'},{'R3'},{'R1'},&,1.0,&
{'D3'},{'D7'},{'D6'},{'D5'},{'D2'},{'R2'},{'D4'},{'D1'},{'R1'},{'R3'},&,1.0,&
{'D3'},{'D7'},{'D6'},{'D5'},{'D2'},{'R1'},{'D4'},{'D1'},{'R2'},{'R3'},&,1.0,&
{'D3'},{'D7'},{'D6'},{'D5'},{'D2'},{'R3'},{'D1'},{'R1'},{'D4'},{'R2'},&,1.0,&
{'D3'},{'D7'},{'D6'},{'D5'},{'D4'},{'D1'},{'R3'},{'D2'},{'R2'},{'R1'},&,4.0,&
{'D3'},{'D7'},{'D6'},{'D5'},{'D4'},{'D1'},{'R3'},{'D2'},{'R1'},{'R2'},&,1.0,&
{'D3'},{'D7'},{'D6'},{'D5'},{'D4'},{'D1'},{'R3'},{'R1'},{'D2'},{'R2'},&,1.0,&
{'D3'},{'D7'},{'D6'},{'D5'},{'D4'},{'D1'},{'D2'},{'R1'},{'R2'},{'R3'},&,1.0,&
{'D3'},{'D7'},{'D6'},{'D5'},{'D4'},{'D1'},{'D2'},{'R1'},{'R3'},{'R2'},&,8.0,&
{'D3'},{'D7'},{'D6'},{'D5'},{'D4'},{'D1'},{'D2'},{'R2'},{'R3'},{'R1'},&,3.0,&
{'D3'},{'D7'},{'D6'},{'D5'},{'D4'},{'D1'},{'D2'},{'R2'},{'R1'},{'R3'},&,2.0,&
{'D3'},{'D7'},{'D6'},{'D5'},{'D4'},{'D1'},{'D2'},{'R3'},{'R2'},{'R1'},&,5.0,&
{'D3'},{'D7'},{'D6'},{'D5'},{'D4'},{'D1'},{'D2'},{'R3'},{'R1'},{'R2'},&,12.0,&
{'D3'},{'D7'},{'D6'},{'D5'},{'D4'},{'D1'},{'R2'},{'D2'},{'R3'},{'R1'},&,1.0,&
{'D3'},{'D7'},{'D6'},{'D5'},{'D4'},{'D1'},{'R2'},{'D2'},{'R1'},{'R3'},&,1.0,&
{'D3'},{'D7'},{'D6'},{'D5'},{'D4'},{'D1'},{'R2'},{'R3'},{'D2'},{'R1'},&,1.0,&
{'D3'},{'D7'},{'D6'},{'D5'},{'D4'},{'D1'},{'R1'},{'D2'},{'R2'},{'R3'},&,1.0,&
{'D3'},{'D7'},{'D6'},{'D5'},{'D4'},{'D1'},{'R1'},{'R3'},{'D2'},{'R2'},&,1.0,&
{'D3'},{'D7'},{'D6'},{'D5'},{'D4'},{'D2'},{'R3'},{'R1'},{'D1'},{'R2'},&,1.0,&
{'D3'},{'D7'},{'D6'},{'D5'},{'D4'},{'D2'},{'R3'},{'R2'},{'R1'},{'D1'},&,1.0,&
{'D3'},{'D7'},{'D6'},{'D5'},{'D4'},{'D2'},{'R3'},{'D1'},{'R2'},{'R1'},&,2.0,&
{'D3'},{'D7'},{'D6'},{'D5'},{'D4'},{'D2'},{'R3'},{'D1'},{'R1'},{'R2'},&,2.0,&
{'D3'},{'D7'},{'D6'},{'D5'},{'D4'},{'D2'},{'D1'},{'R1'},{'R2'},{'R3'},&,2.0,&
{'D3'},{'D7'},{'D6'},{'D5'},{'D4'},{'D2'},{'D1'},{'R1'},{'R3'},{'R2'},&,2.0,&
{'D3'},{'D7'},{'D6'},{'D5'},{'D4'},{'D2'},{'D1'},{'R2'},{'R3'},{'R1'},&,2.0,&
{'D3'},{'D7'},{'D6'},{'D5'},{'D4'},{'D2'},{'D1'},{'R2'},{'R1'},{'R3'},&,5.0,&
{'D3'},{'D7'},{'D6'},{'D5'},{'D4'},{'D2'},{'D1'},{'R3'},{'R2'},{'R1'},&,7.0,&
{'D3'},{'D7'},{'D6'},{'D5'},{'D4'},{'D2'},{'D1'},{'R3'},{'R1'},{'R2'},&,12.0,&
{'D3'},{'D7'},{'D6'},{'D5'},{'D4'},{'D2'},{'R2'},{'D1'},{'R1'},{'R3'},&,1.0,&
{'D3'},{'D7'},{'D6'},{'D5'},{'D4'},{'D2'},{'R1'},{'R3'},{'R2'},{'D1'},&,2.0,&
{'D3'},{'D7'},{'D6'},{'D5'},{'D4'},{'D2'},{'R1'},{'R3'},{'D1'},{'R2'},&,1.0,&
{'D3'},{'D7'},{'D6'},{'D5'},{'D4'},{'D2'},{'R1'},{'D1'},{'R2'},{'R3'},&,1.0,&
{'D3'},{'D7'},{'D6'},{'D5'},{'D4'},{'D2'},{'R1'},{'D1'},{'R3'},{'R2'},&,1.0,&
{'D3'},{'D7'},{'D6'},{'D5'},{'D4'},{'R2'},{'D2'},{'D1'},{'R3'},{'R1'},&,1.0,&
{'D3'},{'D7'},{'D6'},{'D5'},{'D4'},{'R2'},{'D1'},{'D2'},{'R1'},{'R3'},&,1.0,&
{'D3'},{'D7'},{'D6'},{'D5'},{'D4'},{'R3'},{'D2'},{'D1'},{'R1'},{'R2'},&,2.0,&
{'D3'},{'D7'},{'D6'},{'D5'},{'R3'},{'D4'},{'D1'},{'R2'},{'D2'},{'R1'},&,1.0,&
{'D3'},{'D7'},{'D6'},{'D5'},{'R2'},{'D4'},{'D1'},{'D2'},{'R3'},{'R1'},&,1.0,&
{'D3'},{'D7'},{'D6'},{'D5'},{'R2'},{'D1'},{'D2'},{'D4'},{'R3'},{'R1'},&,1.0,&
{'D3'},{'D7'},{'D6'},{'D4'},{'D1'},{'D2'},{'R3'},{'D5'},{'R2'},{'R1'},&,1.0,&
{'D3'},{'D7'},{'D6'},{'D4'},{'D1'},{'D2'},{'D5'},{'R3'},{'R2'},{'R1'},&,1.0,&
{'D3'},{'D7'},{'D6'},{'D4'},{'D1'},{'D5'},{'R3'},{'D2'},{'R2'},{'R1'},&,1.0,&
{'D3'},{'D7'},{'D6'},{'D4'},{'D1'},{'D5'},{'D2'},{'R1'},{'R3'},{'R2'},&,1.0,&
{'D3'},{'D7'},{'D6'},{'D4'},{'D1'},{'D5'},{'D2'},{'R2'},{'R3'},{'R1'},&,2.0,&
{'D3'},{'D7'},{'D6'},{'D4'},{'D1'},{'D5'},{'D2'},{'R2'},{'R1'},{'R3'},&,1.0,&
{'D3'},{'D7'},{'D6'},{'D4'},{'D1'},{'R3'},{'D5'},{'D2'},{'R2'},{'R1'},&,1.0,&
{'D3'},{'D7'},{'D6'},{'D4'},{'D5'},{'D1'},{'R3'},{'D2'},{'R2'},{'R1'},&,1.0,&
{'D3'},{'D7'},{'D6'},{'D4'},{'D5'},{'D1'},{'R3'},{'D2'},{'R1'},{'R2'},&,1.0,&
{'D3'},{'D7'},{'D6'},{'D4'},{'D5'},{'D1'},{'D2'},{'R1'},{'R2'},{'R3'},&,2.0,&
{'D3'},{'D7'},{'D6'},{'D4'},{'D5'},{'D1'},{'D2'},{'R1'},{'R3'},{'R2'},&,1.0,&
{'D3'},{'D7'},{'D6'},{'D4'},{'D5'},{'D1'},{'D2'},{'R2'},{'R3'},{'R1'},&,4.0,&
{'D3'},{'D7'},{'D6'},{'D4'},{'D5'},{'D1'},{'D2'},{'R2'},{'R1'},{'R3'},&,1.0,&
{'D3'},{'D7'},{'D6'},{'D4'},{'D5'},{'D1'},{'D2'},{'R3'},{'R2'},{'R1'},&,2.0,&
{'D3'},{'D7'},{'D6'},{'D4'},{'D5'},{'D1'},{'D2'},{'R3'},{'R1'},{'R2'},&,3.0,&
{'D3'},{'D7'},{'D6'},{'D4'},{'D5'},{'D2'},{'R3'},{'D1'},{'R2'},{'R1'},&,1.0,&
{'D3'},{'D7'},{'D6'},{'D4'},{'D5'},{'D2'},{'R3'},{'D1'},{'R1'},{'R2'},&,1.0,&
{'D3'},{'D7'},{'D6'},{'D4'},{'D5'},{'D2'},{'D1'},{'R1'},{'R2'},{'R3'},&,1.0,&
{'D3'},{'D7'},{'D6'},{'D4'},{'D5'},{'D2'},{'D1'},{'R1'},{'R3'},{'R2'},&,2.0,&
{'D3'},{'D7'},{'D6'},{'D4'},{'D5'},{'D2'},{'D1'},{'R3'},{'R2'},{'R1'},&,1.0,&
{'D3'},{'D7'},{'D6'},{'D4'},{'D5'},{'D2'},{'D1'},{'R3'},{'R1'},{'R2'},&,2.0,&
{'D3'},{'D7'},{'D6'},{'D4'},{'D5'},{'D2'},{'R2'},{'D1'},{'R3'},{'R1'},&,1.0,&
{'D3'},{'D7'},{'D6'},{'D4'},{'D5'},{'R2'},{'R3'},{'D2'},{'R1'},{'D1'},&,1.0,&
{'D3'},{'D7'},{'D6'},{'D4'},{'D5'},{'R1'},{'D2'},{'D1'},{'R3'},{'R2'},&,1.0,&
{'D3'},{'D7'},{'D1'},{'D2'},{'D5'},{'D4'},{'D6'},{'R3'},{'R2'},{'R1'},&,1.0,&
{'D3'},{'D7'},{'D1'},{'D2'},{'D5'},{'D4'},{'R1'},{'R3'},{'D6'},{'R2'},&,1.0,&
{'D3'},{'D7'},{'D1'},{'D5'},{'D2'},{'D6'},{'R3'},{'R1'},{'D4'},{'R2'},&,1.0,&
{'D3'},{'D7'},{'D1'},{'D5'},{'D2'},{'D6'},{'R3'},{'R2'},{'D4'},{'R1'},&,1.0,&
{'D3'},{'D7'},{'D1'},{'D5'},{'D2'},{'D6'},{'D4'},{'R1'},{'R3'},{'R2'},&,2.0,&
{'D3'},{'D7'},{'D1'},{'D5'},{'D2'},{'D6'},{'D4'},{'R2'},{'R3'},{'R1'},&,2.0,&
{'D3'},{'D7'},{'D1'},{'D5'},{'D2'},{'D6'},{'D4'},{'R3'},{'R1'},{'R2'},&,1.0,&
{'D3'},{'D7'},{'D1'},{'D5'},{'D2'},{'D4'},{'D6'},{'R1'},{'R3'},{'R2'},&,1.0,&
{'D3'},{'D7'},{'D1'},{'D5'},{'D2'},{'D4'},{'D6'},{'R2'},{'R3'},{'R1'},&,1.0,&
{'D3'},{'D7'},{'D1'},{'D5'},{'D2'},{'D4'},{'D6'},{'R3'},{'R2'},{'R1'},&,1.0,&
{'D3'},{'D7'},{'D1'},{'D5'},{'D2'},{'D4'},{'R1'},{'D6'},{'R3'},{'R2'},&,1.0,&
{'D3'},{'D7'},{'D1'},{'D5'},{'D2'},{'R2'},{'D4'},{'D6'},{'R3'},{'R1'},&,1.0,&
{'D3'},{'D7'},{'D1'},{'D5'},{'D6'},{'D4'},{'R3'},{'D2'},{'R1'},{'R2'},&,1.0,&
{'D3'},{'D7'},{'D1'},{'D5'},{'D6'},{'D4'},{'D2'},{'R1'},{'R2'},{'R3'},&,1.0,&
{'D3'},{'D7'},{'D1'},{'D5'},{'D6'},{'D4'},{'D2'},{'R1'},{'R3'},{'R2'},&,1.0,&
{'D3'},{'D7'},{'D1'},{'D5'},{'D6'},{'D4'},{'D2'},{'R2'},{'R3'},{'R1'},&,1.0,&
{'D3'},{'D7'},{'D1'},{'D5'},{'D6'},{'D4'},{'D2'},{'R3'},{'R2'},{'R1'},&,4.0,&
{'D3'},{'D7'},{'D1'},{'D5'},{'D6'},{'D4'},{'D2'},{'R3'},{'R1'},{'R2'},&,6.0,&
{'D3'},{'D7'},{'D1'},{'D5'},{'D6'},{'D4'},{'R1'},{'R2'},{'D2'},{'R3'},&,1.0,&
{'D3'},{'D7'},{'D1'},{'D5'},{'D6'},{'D4'},{'R1'},{'R3'},{'D2'},{'R2'},&,1.0,&
{'D3'},{'D7'},{'D1'},{'D5'},{'D6'},{'D2'},{'D4'},{'R1'},{'R2'},{'R3'},&,1.0,&
{'D3'},{'D7'},{'D1'},{'D5'},{'D6'},{'D2'},{'D4'},{'R1'},{'R3'},{'R2'},&,2.0,&
{'D3'},{'D7'},{'D1'},{'D5'},{'D6'},{'D2'},{'D4'},{'R2'},{'R3'},{'R1'},&,2.0,&
{'D3'},{'D7'},{'D1'},{'D5'},{'D6'},{'D2'},{'D4'},{'R3'},{'R2'},{'R1'},&,2.0,&
{'D3'},{'D7'},{'D1'},{'D5'},{'D6'},{'D2'},{'D4'},{'R3'},{'R1'},{'R2'},&,1.0,&
{'D3'},{'D7'},{'D1'},{'D5'},{'D6'},{'R3'},{'D2'},{'D4'},{'R1'},{'R2'},&,1.0,&
{'D3'},{'D7'},{'D1'},{'D5'},{'D4'},{'D6'},{'D2'},{'R1'},{'R3'},{'R2'},&,1.0,&
{'D3'},{'D7'},{'D1'},{'D5'},{'D4'},{'D6'},{'D2'},{'R2'},{'R3'},{'R1'},&,1.0,&
{'D3'},{'D7'},{'D1'},{'D5'},{'D4'},{'D6'},{'D2'},{'R3'},{'R2'},{'R1'},&,2.0,&
{'D3'},{'D7'},{'D1'},{'D5'},{'D4'},{'D6'},{'D2'},{'R3'},{'R1'},{'R2'},&,1.0,&
{'D3'},{'D7'},{'D1'},{'D5'},{'D4'},{'D6'},{'R2'},{'D2'},{'R3'},{'R1'},&,2.0,&
{'D3'},{'D7'},{'D1'},{'D6'},{'D2'},{'D5'},{'D4'},{'R1'},{'R2'},{'R3'},&,1.0,&
{'D3'},{'D7'},{'D1'},{'D6'},{'D2'},{'D5'},{'D4'},{'R2'},{'R3'},{'R1'},&,1.0,&
{'D3'},{'D7'},{'D1'},{'D6'},{'D2'},{'D5'},{'D4'},{'R3'},{'R1'},{'R2'},&,2.0,&
{'D3'},{'D7'},{'D1'},{'D6'},{'D2'},{'R1'},{'D4'},{'D5'},{'R2'},{'R3'},&,1.0,&
{'D3'},{'D7'},{'D1'},{'D6'},{'D4'},{'D2'},{'R1'},{'D5'},{'R3'},{'R2'},&,1.0,&
{'D3'},{'D7'},{'D1'},{'D6'},{'D4'},{'D5'},{'D2'},{'R2'},{'R1'},{'R3'},&,1.0,&
{'D3'},{'D7'},{'D1'},{'D6'},{'D4'},{'D5'},{'D2'},{'R3'},{'R1'},{'R2'},&,5.0,&
{'D3'},{'D7'},{'D1'},{'D6'},{'D4'},{'D5'},{'R2'},{'D2'},{'R3'},{'R1'},&,1.0,&
{'D3'},{'D7'},{'D1'},{'D6'},{'D5'},{'D4'},{'D2'},{'R1'},{'R3'},{'R2'},&,1.0,&
{'D3'},{'D7'},{'D1'},{'D6'},{'D5'},{'D4'},{'D2'},{'R3'},{'R1'},{'R2'},&,2.0,&
{'D3'},{'D7'},{'D1'},{'D6'},{'D5'},{'D4'},{'R2'},{'R3'},{'D2'},{'R1'},&,1.0,&
{'D3'},{'D7'},{'D1'},{'D6'},{'D5'},{'D4'},{'R1'},{'D2'},{'R3'},{'R2'},&,1.0,&
{'D3'},{'D7'},{'D1'},{'D6'},{'D5'},{'D2'},{'D4'},{'R1'},{'R2'},{'R3'},&,1.0,&
{'D3'},{'D7'},{'D1'},{'D6'},{'D5'},{'D2'},{'D4'},{'R1'},{'R3'},{'R2'},&,1.0,&
{'D3'},{'D7'},{'D1'},{'D6'},{'D5'},{'D2'},{'D4'},{'R3'},{'R2'},{'R1'},&,3.0,&
{'D3'},{'D7'},{'D1'},{'D6'},{'D5'},{'D2'},{'R2'},{'D4'},{'R3'},{'R1'},&,1.0,&
{'D3'},{'D7'},{'D1'},{'D6'},{'D5'},{'R3'},{'D4'},{'D2'},{'R2'},{'R1'},&,1.0,&
{'D3'},{'D7'},{'D1'},{'D6'},{'R1'},{'D5'},{'D4'},{'D2'},{'R2'},{'R3'},&,1.0,&
{'D3'},{'D7'},{'D1'},{'D4'},{'D2'},{'D5'},{'D6'},{'R1'},{'R2'},{'R3'},&,1.0,&
{'D3'},{'D7'},{'D1'},{'D4'},{'D6'},{'D2'},{'R3'},{'D5'},{'R2'},{'R1'},&,1.0,&
{'D3'},{'D7'},{'D1'},{'D4'},{'D6'},{'D5'},{'R3'},{'D2'},{'R2'},{'R1'},&,1.0,&
{'D3'},{'D7'},{'D1'},{'D4'},{'D6'},{'D5'},{'R3'},{'D2'},{'R1'},{'R2'},&,1.0,&
{'D3'},{'D7'},{'D1'},{'D4'},{'D6'},{'D5'},{'D2'},{'R1'},{'R3'},{'R2'},&,2.0,&
{'D3'},{'D7'},{'D1'},{'D4'},{'D6'},{'D5'},{'D2'},{'R2'},{'R3'},{'R1'},&,1.0,&
{'D3'},{'D7'},{'D1'},{'D4'},{'D6'},{'D5'},{'D2'},{'R3'},{'R2'},{'R1'},&,2.0,&
{'D3'},{'D7'},{'D1'},{'D4'},{'D6'},{'D5'},{'D2'},{'R3'},{'R1'},{'R2'},&,2.0,&
{'D3'},{'D7'},{'D1'},{'D4'},{'D5'},{'D6'},{'D2'},{'R1'},{'R3'},{'R2'},&,1.0,&
{'D3'},{'D7'},{'D2'},{'D1'},{'D6'},{'D4'},{'D5'},{'R3'},{'R2'},{'R1'},&,1.0,&
{'D3'},{'D7'},{'D2'},{'D1'},{'D4'},{'D6'},{'D5'},{'R3'},{'R1'},{'R2'},&,1.0,&
{'D3'},{'D7'},{'D2'},{'D1'},{'D4'},{'D5'},{'D6'},{'R3'},{'R2'},{'R1'},&,1.0,&
{'D3'},{'D7'},{'D2'},{'D1'},{'D5'},{'D6'},{'R3'},{'R2'},{'D4'},{'R1'},&,1.0,&
{'D3'},{'D7'},{'D2'},{'D1'},{'D5'},{'D6'},{'D4'},{'R2'},{'R3'},{'R1'},&,1.0,&
{'D3'},{'D7'},{'D2'},{'D1'},{'D5'},{'D4'},{'D6'},{'R1'},{'R3'},{'R2'},&,1.0,&
{'D3'},{'D7'},{'D2'},{'D1'},{'D5'},{'D4'},{'D6'},{'R2'},{'R3'},{'R1'},&,1.0,&
{'D3'},{'D7'},{'D2'},{'D5'},{'D1'},{'D6'},{'R3'},{'D4'},{'R1'},{'R2'},&,1.0,&
{'D3'},{'D7'},{'D2'},{'D5'},{'D1'},{'D6'},{'D4'},{'R2'},{'R1'},{'R3'},&,1.0,&
{'D3'},{'D7'},{'D2'},{'D5'},{'D1'},{'D6'},{'D4'},{'R3'},{'R2'},{'R1'},&,1.0,&
{'D3'},{'D7'},{'D2'},{'D5'},{'D1'},{'D6'},{'D4'},{'R3'},{'R1'},{'R2'},&,1.0,&
{'D3'},{'D7'},{'D2'},{'D5'},{'D1'},{'D4'},{'R1'},{'D6'},{'R3'},{'R2'},&,1.0,&
{'D3'},{'D7'},{'D2'},{'D5'},{'D6'},{'D4'},{'R3'},{'R1'},{'D1'},{'R2'},&,1.0,&
{'D3'},{'D7'},{'D2'},{'D5'},{'D6'},{'D4'},{'R3'},{'R2'},{'D1'},{'R1'},&,1.0,&
{'D3'},{'D7'},{'D2'},{'D5'},{'D6'},{'D4'},{'R3'},{'D1'},{'R1'},{'R2'},&,1.0,&
{'D3'},{'D7'},{'D2'},{'D5'},{'D6'},{'D4'},{'D1'},{'R1'},{'R2'},{'R3'},&,2.0,&
{'D3'},{'D7'},{'D2'},{'D5'},{'D6'},{'D4'},{'D1'},{'R1'},{'R3'},{'R2'},&,2.0,&
{'D3'},{'D7'},{'D2'},{'D5'},{'D6'},{'D4'},{'D1'},{'R2'},{'R3'},{'R1'},&,1.0,&
{'D3'},{'D7'},{'D2'},{'D5'},{'D6'},{'D4'},{'D1'},{'R3'},{'R1'},{'R2'},&,1.0,&
{'D3'},{'D7'},{'D2'},{'D5'},{'D6'},{'D4'},{'R1'},{'R3'},{'D1'},{'R2'},&,1.0,&
{'D3'},{'D7'},{'D2'},{'D5'},{'D6'},{'D4'},{'R1'},{'D1'},{'R3'},{'R2'},&,1.0,&
{'D3'},{'D7'},{'D2'},{'D5'},{'D6'},{'D1'},{'R3'},{'D4'},{'R2'},{'R1'},&,1.0,&
{'D3'},{'D7'},{'D2'},{'D5'},{'D6'},{'D1'},{'R3'},{'D4'},{'R1'},{'R2'},&,1.0,&
{'D3'},{'D7'},{'D2'},{'D5'},{'D6'},{'D1'},{'D4'},{'R1'},{'R2'},{'R3'},&,1.0,&
{'D3'},{'D7'},{'D2'},{'D5'},{'D6'},{'D1'},{'D4'},{'R1'},{'R3'},{'R2'},&,1.0,&
{'D3'},{'D7'},{'D2'},{'D5'},{'D6'},{'D1'},{'D4'},{'R2'},{'R3'},{'R1'},&,1.0,&
{'D3'},{'D7'},{'D2'},{'D5'},{'D6'},{'D1'},{'D4'},{'R3'},{'R2'},{'R1'},&,2.0,&
{'D3'},{'D7'},{'D2'},{'D5'},{'D6'},{'D1'},{'D4'},{'R3'},{'R1'},{'R2'},&,4.0,&
{'D3'},{'D7'},{'D2'},{'D5'},{'D6'},{'R3'},{'D1'},{'D4'},{'R1'},{'R2'},&,1.0,&
{'D3'},{'D7'},{'D2'},{'D5'},{'D4'},{'D6'},{'R3'},{'D1'},{'R1'},{'R2'},&,1.0,&
{'D3'},{'D7'},{'D2'},{'D5'},{'D4'},{'D6'},{'D1'},{'R1'},{'R3'},{'R2'},&,1.0,&
{'D3'},{'D7'},{'D2'},{'D5'},{'D4'},{'D6'},{'D1'},{'R2'},{'R3'},{'R1'},&,1.0,&
{'D3'},{'D7'},{'D2'},{'D5'},{'D4'},{'D6'},{'D1'},{'R2'},{'R1'},{'R3'},&,1.0,&
{'D3'},{'D7'},{'D2'},{'D5'},{'D4'},{'D6'},{'D1'},{'R3'},{'R1'},{'R2'},&,1.0,&
{'D3'},{'D7'},{'D2'},{'D5'},{'D4'},{'D6'},{'R1'},{'D1'},{'R3'},{'R2'},&,1.0,&
{'D3'},{'D7'},{'D2'},{'D5'},{'D4'},{'D1'},{'R3'},{'D6'},{'R1'},{'R2'},&,1.0,&
{'D3'},{'D7'},{'D2'},{'D5'},{'R3'},{'D4'},{'D1'},{'D6'},{'R1'},{'R2'},&,1.0,&
{'D3'},{'D7'},{'D2'},{'D6'},{'D1'},{'D5'},{'D4'},{'R1'},{'R3'},{'R2'},&,1.0,&
{'D3'},{'D7'},{'D2'},{'D6'},{'D1'},{'D5'},{'D4'},{'R3'},{'R2'},{'R1'},&,2.0,&
{'D3'},{'D7'},{'D2'},{'D6'},{'D1'},{'R1'},{'D5'},{'D4'},{'R3'},{'R2'},&,1.0,&
{'D3'},{'D7'},{'D2'},{'D6'},{'D4'},{'D5'},{'D1'},{'R3'},{'R1'},{'R2'},&,2.0,&
{'D3'},{'D7'},{'D2'},{'D6'},{'D5'},{'D4'},{'R3'},{'D1'},{'R2'},{'R1'},&,1.0,&
{'D3'},{'D7'},{'D2'},{'D6'},{'D5'},{'D4'},{'D1'},{'R1'},{'R2'},{'R3'},&,1.0,&
{'D3'},{'D7'},{'D2'},{'D6'},{'D5'},{'D4'},{'D1'},{'R2'},{'R1'},{'R3'},&,1.0,&
{'D3'},{'D7'},{'D2'},{'D6'},{'D5'},{'D4'},{'D1'},{'R3'},{'R2'},{'R1'},&,1.0,&
{'D3'},{'D7'},{'D2'},{'D6'},{'D5'},{'D4'},{'D1'},{'R3'},{'R1'},{'R2'},&,2.0,&
{'D3'},{'D7'},{'D2'},{'D6'},{'D5'},{'D4'},{'R2'},{'R3'},{'D1'},{'R1'},&,1.0,&
{'D3'},{'D7'},{'D2'},{'D6'},{'D5'},{'D1'},{'R3'},{'D4'},{'R2'},{'R1'},&,1.0,&
{'D3'},{'D7'},{'D2'},{'D6'},{'D5'},{'D1'},{'D4'},{'R2'},{'R3'},{'R1'},&,1.0,&
{'D3'},{'D7'},{'D2'},{'D6'},{'D5'},{'D1'},{'D4'},{'R2'},{'R1'},{'R3'},&,1.0,&
{'D3'},{'D7'},{'D2'},{'D6'},{'D5'},{'D1'},{'D4'},{'R3'},{'R1'},{'R2'},&,1.0,&
{'D3'},{'D7'},{'D2'},{'D6'},{'D5'},{'R3'},{'D1'},{'D4'},{'R2'},{'R1'},&,1.0,&
{'D3'},{'D7'},{'D2'},{'D4'},{'D6'},{'D1'},{'D5'},{'R1'},{'R2'},{'R3'},&,1.0,&
{'D3'},{'D7'},{'D2'},{'D4'},{'D6'},{'D5'},{'R3'},{'D1'},{'R1'},{'R2'},&,1.0,&
{'D3'},{'D7'},{'D2'},{'D4'},{'D6'},{'D5'},{'D1'},{'R1'},{'R2'},{'R3'},&,1.0,&
{'D3'},{'D7'},{'D2'},{'D4'},{'D6'},{'D5'},{'D1'},{'R3'},{'R1'},{'R2'},&,2.0,&
{'D3'},{'D7'},{'D2'},{'D4'},{'D6'},{'R1'},{'D5'},{'D1'},{'R2'},{'R3'},&,1.0,&
{'D3'},{'D7'},{'D2'},{'D4'},{'D5'},{'D6'},{'D1'},{'R1'},{'R3'},{'R2'},&,1.0,&
{'D3'},{'D7'},{'D2'},{'D4'},{'D5'},{'D6'},{'D1'},{'R3'},{'R2'},{'R1'},&,2.0,&
{'D3'},{'D7'},{'D2'},{'D4'},{'D5'},{'D1'},{'D6'},{'R1'},{'R2'},{'R3'},&,1.0,&
{'D3'},{'D7'},{'R1'},{'D6'},{'D2'},{'D1'},{'D5'},{'D4'},{'R2'},{'R3'},&,1.0,&
{'D3'},{'D4'},{'D5'},{'D7'},{'D1'},{'D6'},{'R3'},{'D2'},{'R2'},{'R1'},&,2.0,&
{'D3'},{'D4'},{'D5'},{'D7'},{'D1'},{'D6'},{'R3'},{'D2'},{'R1'},{'R2'},&,1.0,&
{'D3'},{'D4'},{'D5'},{'D7'},{'D1'},{'D6'},{'D2'},{'R1'},{'R3'},{'R2'},&,2.0,&
{'D3'},{'D4'},{'D5'},{'D7'},{'D1'},{'D6'},{'D2'},{'R3'},{'R2'},{'R1'},&,6.0,&
{'D3'},{'D4'},{'D5'},{'D7'},{'D1'},{'D6'},{'D2'},{'R3'},{'R1'},{'R2'},&,3.0,&
{'D3'},{'D4'},{'D5'},{'D7'},{'D1'},{'D6'},{'R1'},{'R2'},{'D2'},{'R3'},&,1.0,&
{'D3'},{'D4'},{'D5'},{'D7'},{'D1'},{'D2'},{'R2'},{'D6'},{'R3'},{'R1'},&,1.0,&
{'D3'},{'D4'},{'D5'},{'D7'},{'D1'},{'D2'},{'D6'},{'R2'},{'R3'},{'R1'},&,1.0,&
{'D3'},{'D4'},{'D5'},{'D7'},{'D1'},{'D2'},{'D6'},{'R3'},{'R2'},{'R1'},&,1.0,&
{'D3'},{'D4'},{'D5'},{'D7'},{'D1'},{'R1'},{'D2'},{'D6'},{'R2'},{'R3'},&,1.0,&
{'D3'},{'D4'},{'D5'},{'D7'},{'D1'},{'R3'},{'D6'},{'D2'},{'R2'},{'R1'},&,1.0,&
{'D3'},{'D4'},{'D5'},{'D7'},{'D2'},{'D6'},{'R3'},{'D1'},{'R2'},{'R1'},&,2.0,&
{'D3'},{'D4'},{'D5'},{'D7'},{'D2'},{'D6'},{'D1'},{'R1'},{'R2'},{'R3'},&,1.0,&
{'D3'},{'D4'},{'D5'},{'D7'},{'D2'},{'D6'},{'D1'},{'R1'},{'R3'},{'R2'},&,3.0,&
{'D3'},{'D4'},{'D5'},{'D7'},{'D2'},{'D6'},{'D1'},{'R2'},{'R3'},{'R1'},&,1.0,&
{'D3'},{'D4'},{'D5'},{'D7'},{'D2'},{'D6'},{'D1'},{'R3'},{'R2'},{'R1'},&,1.0,&
{'D3'},{'D4'},{'D5'},{'D7'},{'D2'},{'D6'},{'D1'},{'R3'},{'R1'},{'R2'},&,2.0,&
{'D3'},{'D4'},{'D5'},{'D7'},{'D2'},{'D6'},{'R2'},{'R1'},{'D1'},{'R3'},&,1.0,&
{'D3'},{'D4'},{'D5'},{'D7'},{'D2'},{'D1'},{'D6'},{'R1'},{'R3'},{'R2'},&,1.0,&
{'D3'},{'D4'},{'D5'},{'D7'},{'D2'},{'D1'},{'D6'},{'R3'},{'R2'},{'R1'},&,1.0,&
{'D3'},{'D4'},{'D5'},{'D7'},{'D2'},{'D1'},{'D6'},{'R3'},{'R1'},{'R2'},&,1.0,&
{'D3'},{'D4'},{'D5'},{'D7'},{'D2'},{'R1'},{'D6'},{'D1'},{'R3'},{'R2'},&,1.0,&
{'D3'},{'D4'},{'D5'},{'D7'},{'D6'},{'D1'},{'R3'},{'D2'},{'R2'},{'R1'},&,2.0,&
{'D3'},{'D4'},{'D5'},{'D7'},{'D6'},{'D1'},{'D2'},{'R1'},{'R3'},{'R2'},&,5.0,&
{'D3'},{'D4'},{'D5'},{'D7'},{'D6'},{'D1'},{'D2'},{'R2'},{'R3'},{'R1'},&,4.0,&
{'D3'},{'D4'},{'D5'},{'D7'},{'D6'},{'D1'},{'D2'},{'R2'},{'R1'},{'R3'},&,1.0,&
{'D3'},{'D4'},{'D5'},{'D7'},{'D6'},{'D1'},{'D2'},{'R3'},{'R2'},{'R1'},&,3.0,&
{'D3'},{'D4'},{'D5'},{'D7'},{'D6'},{'D1'},{'D2'},{'R3'},{'R1'},{'R2'},&,10.0,&
{'D3'},{'D4'},{'D5'},{'D7'},{'D6'},{'D1'},{'R2'},{'D2'},{'R3'},{'R1'},&,2.0,&
{'D3'},{'D4'},{'D5'},{'D7'},{'D6'},{'D1'},{'R1'},{'D2'},{'R3'},{'R2'},&,1.0,&
{'D3'},{'D4'},{'D5'},{'D7'},{'D6'},{'D2'},{'R3'},{'D1'},{'R2'},{'R1'},&,1.0,&
{'D3'},{'D4'},{'D5'},{'D7'},{'D6'},{'D2'},{'R3'},{'D1'},{'R1'},{'R2'},&,9.0,&
{'D3'},{'D4'},{'D5'},{'D7'},{'D6'},{'D2'},{'D1'},{'R1'},{'R2'},{'R3'},&,1.0,&
{'D3'},{'D4'},{'D5'},{'D7'},{'D6'},{'D2'},{'D1'},{'R1'},{'R3'},{'R2'},&,5.0,&
{'D3'},{'D4'},{'D5'},{'D7'},{'D6'},{'D2'},{'D1'},{'R2'},{'R3'},{'R1'},&,1.0,&
{'D3'},{'D4'},{'D5'},{'D7'},{'D6'},{'D2'},{'D1'},{'R2'},{'R1'},{'R3'},&,1.0,&
{'D3'},{'D4'},{'D5'},{'D7'},{'D6'},{'D2'},{'D1'},{'R3'},{'R2'},{'R1'},&,4.0,&
{'D3'},{'D4'},{'D5'},{'D7'},{'D6'},{'D2'},{'D1'},{'R3'},{'R1'},{'R2'},&,8.0,&
{'D3'},{'D4'},{'D5'},{'D7'},{'D6'},{'D2'},{'R2'},{'D1'},{'R3'},{'R1'},&,1.0,&
{'D3'},{'D4'},{'D5'},{'D7'},{'D6'},{'D2'},{'R1'},{'R2'},{'D1'},{'R3'},&,2.0,&
{'D3'},{'D4'},{'D5'},{'D7'},{'D6'},{'R2'},{'D2'},{'D1'},{'R3'},{'R1'},&,1.0,&
{'D3'},{'D4'},{'D5'},{'D7'},{'D6'},{'R2'},{'D2'},{'D1'},{'R1'},{'R3'},&,1.0,&
{'D3'},{'D4'},{'D5'},{'D7'},{'D6'},{'R1'},{'D2'},{'R2'},{'D1'},{'R3'},&,1.0,&
{'D3'},{'D4'},{'D5'},{'D7'},{'D6'},{'R1'},{'D1'},{'D2'},{'R3'},{'R2'},&,1.0,&
{'D3'},{'D4'},{'D5'},{'D7'},{'D6'},{'R1'},{'D1'},{'R3'},{'D2'},{'R2'},&,1.0,&
{'D3'},{'D4'},{'D5'},{'D7'},{'D6'},{'R3'},{'D2'},{'D1'},{'R2'},{'R1'},&,2.0,&
{'D3'},{'D4'},{'D5'},{'D7'},{'R2'},{'D6'},{'D2'},{'D1'},{'R3'},{'R1'},&,1.0,&
{'D3'},{'D4'},{'D5'},{'D1'},{'D7'},{'D6'},{'R3'},{'D2'},{'R2'},{'R1'},&,1.0,&
{'D3'},{'D4'},{'D5'},{'D1'},{'D7'},{'D6'},{'D2'},{'R1'},{'R2'},{'R3'},&,1.0,&
{'D3'},{'D4'},{'D5'},{'D1'},{'D7'},{'D6'},{'D2'},{'R1'},{'R3'},{'R2'},&,1.0,&
{'D3'},{'D4'},{'D5'},{'D1'},{'D7'},{'D6'},{'D2'},{'R2'},{'R3'},{'R1'},&,2.0,&
{'D3'},{'D4'},{'D5'},{'D1'},{'D7'},{'D6'},{'D2'},{'R3'},{'R1'},{'R2'},&,2.0,&
{'D3'},{'D4'},{'D5'},{'D1'},{'D7'},{'D6'},{'R2'},{'D2'},{'R1'},{'R3'},&,1.0,&
{'D3'},{'D4'},{'D5'},{'D1'},{'D7'},{'D6'},{'R1'},{'D2'},{'R3'},{'R2'},&,1.0,&
{'D3'},{'D4'},{'D5'},{'D1'},{'D7'},{'D6'},{'R1'},{'R3'},{'D2'},{'R2'},&,1.0,&
{'D3'},{'D4'},{'D5'},{'D1'},{'D7'},{'D2'},{'D6'},{'R1'},{'R3'},{'R2'},&,1.0,&
{'D3'},{'D4'},{'D5'},{'D1'},{'D7'},{'D2'},{'D6'},{'R2'},{'R1'},{'R3'},&,1.0,&
{'D3'},{'D4'},{'D5'},{'D1'},{'D2'},{'D6'},{'R3'},{'D7'},{'R1'},{'R2'},&,1.0,&
{'D3'},{'D4'},{'D5'},{'D1'},{'D2'},{'D6'},{'D7'},{'R1'},{'R3'},{'R2'},&,2.0,&
{'D3'},{'D4'},{'D5'},{'D1'},{'D2'},{'D6'},{'D7'},{'R2'},{'R3'},{'R1'},&,1.0,&
{'D3'},{'D4'},{'D5'},{'D1'},{'D2'},{'D6'},{'D7'},{'R3'},{'R2'},{'R1'},&,3.0,&
{'D3'},{'D4'},{'D5'},{'D1'},{'D2'},{'D6'},{'D7'},{'R3'},{'R1'},{'R2'},&,3.0,&
{'D3'},{'D4'},{'D5'},{'D1'},{'D2'},{'D6'},{'R1'},{'R2'},{'D7'},{'R3'},&,1.0,&
{'D3'},{'D4'},{'D5'},{'D1'},{'D2'},{'D6'},{'R1'},{'D7'},{'R3'},{'R2'},&,1.0,&
{'D3'},{'D4'},{'D5'},{'D1'},{'D2'},{'D7'},{'D6'},{'R2'},{'R3'},{'R1'},&,1.0,&
{'D3'},{'D4'},{'D5'},{'D1'},{'D2'},{'R2'},{'R1'},{'D7'},{'R3'},{'D6'},&,1.0,&
{'D3'},{'D4'},{'D5'},{'D1'},{'D6'},{'D7'},{'R3'},{'D2'},{'R2'},{'R1'},&,2.0,&
{'D3'},{'D4'},{'D5'},{'D1'},{'D6'},{'D7'},{'R3'},{'D2'},{'R1'},{'R2'},&,1.0,&
{'D3'},{'D4'},{'D5'},{'D1'},{'D6'},{'D7'},{'D2'},{'R1'},{'R2'},{'R3'},&,1.0,&
{'D3'},{'D4'},{'D5'},{'D1'},{'D6'},{'D7'},{'D2'},{'R1'},{'R3'},{'R2'},&,2.0,&
{'D3'},{'D4'},{'D5'},{'D1'},{'D6'},{'D7'},{'D2'},{'R2'},{'R3'},{'R1'},&,4.0,&
{'D3'},{'D4'},{'D5'},{'D1'},{'D6'},{'D7'},{'D2'},{'R2'},{'R1'},{'R3'},&,2.0,&
{'D3'},{'D4'},{'D5'},{'D1'},{'D6'},{'D7'},{'D2'},{'R3'},{'R2'},{'R1'},&,4.0,&
{'D3'},{'D4'},{'D5'},{'D1'},{'D6'},{'D7'},{'D2'},{'R3'},{'R1'},{'R2'},&,7.0,&
{'D3'},{'D4'},{'D5'},{'D1'},{'D6'},{'D7'},{'R1'},{'D2'},{'R3'},{'R2'},&,1.0,&
{'D3'},{'D4'},{'D5'},{'D1'},{'D6'},{'D7'},{'R1'},{'R2'},{'D2'},{'R3'},&,1.0,&
{'D3'},{'D4'},{'D5'},{'D1'},{'D6'},{'D7'},{'R1'},{'R3'},{'D2'},{'R2'},&,2.0,&
{'D3'},{'D4'},{'D5'},{'D1'},{'D6'},{'D2'},{'R3'},{'D7'},{'R2'},{'R1'},&,1.0,&
{'D3'},{'D4'},{'D5'},{'D1'},{'D6'},{'D2'},{'R2'},{'D7'},{'R1'},{'R3'},&,1.0,&
{'D3'},{'D4'},{'D5'},{'D1'},{'D6'},{'D2'},{'D7'},{'R1'},{'R2'},{'R3'},&,1.0,&
{'D3'},{'D4'},{'D5'},{'D1'},{'D6'},{'D2'},{'D7'},{'R1'},{'R3'},{'R2'},&,1.0,&
{'D3'},{'D4'},{'D5'},{'D1'},{'D6'},{'D2'},{'D7'},{'R2'},{'R3'},{'R1'},&,1.0,&
{'D3'},{'D4'},{'D5'},{'D1'},{'D6'},{'D2'},{'D7'},{'R3'},{'R2'},{'R1'},&,1.0,&
{'D3'},{'D4'},{'D5'},{'D1'},{'D6'},{'D2'},{'D7'},{'R3'},{'R1'},{'R2'},&,2.0,&
{'D3'},{'D4'},{'D5'},{'D1'},{'D6'},{'R2'},{'D7'},{'D2'},{'R3'},{'R1'},&,1.0,&
{'D3'},{'D4'},{'D5'},{'D1'},{'D6'},{'R1'},{'D7'},{'D2'},{'R2'},{'R3'},&,1.0,&
{'D3'},{'D4'},{'D5'},{'D2'},{'D1'},{'D6'},{'R2'},{'D7'},{'R3'},{'R1'},&,1.0,&
{'D3'},{'D4'},{'D5'},{'D2'},{'D1'},{'D6'},{'R2'},{'D7'},{'R1'},{'R3'},&,1.0,&
{'D3'},{'D4'},{'D5'},{'D2'},{'D1'},{'D6'},{'D7'},{'R1'},{'R2'},{'R3'},&,1.0,&
{'D3'},{'D4'},{'D5'},{'D2'},{'D1'},{'D6'},{'D7'},{'R1'},{'R3'},{'R2'},&,1.0,&
{'D3'},{'D4'},{'D5'},{'D2'},{'D1'},{'D6'},{'D7'},{'R3'},{'R1'},{'R2'},&,2.0,&
{'D3'},{'D4'},{'D5'},{'D2'},{'D1'},{'D6'},{'R1'},{'D7'},{'R2'},{'R3'},&,1.0,&
{'D3'},{'D4'},{'D5'},{'D2'},{'D1'},{'D7'},{'R3'},{'D6'},{'R1'},{'R2'},&,1.0,&
{'D3'},{'D4'},{'D5'},{'D2'},{'D7'},{'D6'},{'R3'},{'R1'},{'D1'},{'R2'},&,1.0,&
{'D3'},{'D4'},{'D5'},{'D2'},{'D7'},{'D6'},{'R3'},{'D1'},{'R1'},{'R2'},&,3.0,&
{'D3'},{'D4'},{'D5'},{'D2'},{'D7'},{'D6'},{'D1'},{'R1'},{'R2'},{'R3'},&,1.0,&
{'D3'},{'D4'},{'D5'},{'D2'},{'D7'},{'D6'},{'D1'},{'R2'},{'R3'},{'R1'},&,2.0,&
{'D3'},{'D4'},{'D5'},{'D2'},{'D7'},{'D6'},{'D1'},{'R3'},{'R2'},{'R1'},&,3.0,&
{'D3'},{'D4'},{'D5'},{'D2'},{'D7'},{'D6'},{'D1'},{'R3'},{'R1'},{'R2'},&,1.0,&
{'D3'},{'D4'},{'D5'},{'D2'},{'D7'},{'D1'},{'D6'},{'R2'},{'R3'},{'R1'},&,1.0,&
{'D3'},{'D4'},{'D5'},{'D2'},{'D6'},{'D7'},{'R3'},{'D1'},{'R2'},{'R1'},&,1.0,&
{'D3'},{'D4'},{'D5'},{'D2'},{'D6'},{'D7'},{'R3'},{'D1'},{'R1'},{'R2'},&,1.0,&
{'D3'},{'D4'},{'D5'},{'D2'},{'D6'},{'D7'},{'D1'},{'R1'},{'R3'},{'R2'},&,2.0,&
{'D3'},{'D4'},{'D5'},{'D2'},{'D6'},{'D7'},{'D1'},{'R2'},{'R3'},{'R1'},&,1.0,&
{'D3'},{'D4'},{'D5'},{'D2'},{'D6'},{'D7'},{'D1'},{'R2'},{'R1'},{'R3'},&,1.0,&
{'D3'},{'D4'},{'D5'},{'D2'},{'D6'},{'D7'},{'D1'},{'R3'},{'R2'},{'R1'},&,5.0,&
{'D3'},{'D4'},{'D5'},{'D2'},{'D6'},{'D7'},{'D1'},{'R3'},{'R1'},{'R2'},&,6.0,&
{'D3'},{'D4'},{'D5'},{'D2'},{'D6'},{'D7'},{'R2'},{'D1'},{'R1'},{'R3'},&,1.0,&
{'D3'},{'D4'},{'D5'},{'D2'},{'D6'},{'D7'},{'R1'},{'R3'},{'D1'},{'R2'},&,1.0,&
{'D3'},{'D4'},{'D5'},{'D2'},{'D6'},{'D1'},{'R3'},{'D7'},{'R1'},{'R2'},&,1.0,&
{'D3'},{'D4'},{'D5'},{'D2'},{'D6'},{'D1'},{'D7'},{'R1'},{'R2'},{'R3'},&,2.0,&
{'D3'},{'D4'},{'D5'},{'D2'},{'D6'},{'D1'},{'D7'},{'R1'},{'R3'},{'R2'},&,3.0,&
{'D3'},{'D4'},{'D5'},{'D2'},{'D6'},{'D1'},{'D7'},{'R2'},{'R3'},{'R1'},&,3.0,&
{'D3'},{'D4'},{'D5'},{'D2'},{'D6'},{'D1'},{'D7'},{'R3'},{'R2'},{'R1'},&,2.0,&
{'D3'},{'D4'},{'D5'},{'D2'},{'D6'},{'D1'},{'D7'},{'R3'},{'R1'},{'R2'},&,4.0,&
{'D3'},{'D4'},{'D5'},{'D2'},{'D6'},{'R3'},{'D1'},{'D7'},{'R1'},{'R2'},&,1.0,&
{'D3'},{'D4'},{'D5'},{'D2'},{'R3'},{'D6'},{'D7'},{'D1'},{'R1'},{'R2'},&,1.0,&
{'D3'},{'D4'},{'D5'},{'D6'},{'D1'},{'D7'},{'R3'},{'D2'},{'R2'},{'R1'},&,2.0,&
{'D3'},{'D4'},{'D5'},{'D6'},{'D1'},{'D7'},{'R3'},{'D2'},{'R1'},{'R2'},&,4.0,&
{'D3'},{'D4'},{'D5'},{'D6'},{'D1'},{'D7'},{'R3'},{'R2'},{'R1'},{'D2'},&,1.0,&
{'D3'},{'D4'},{'D5'},{'D6'},{'D1'},{'D7'},{'D2'},{'R1'},{'R2'},{'R3'},&,1.0,&
{'D3'},{'D4'},{'D5'},{'D6'},{'D1'},{'D7'},{'D2'},{'R1'},{'R3'},{'R2'},&,5.0,&
{'D3'},{'D4'},{'D5'},{'D6'},{'D1'},{'D7'},{'D2'},{'R2'},{'R3'},{'R1'},&,4.0,&
{'D3'},{'D4'},{'D5'},{'D6'},{'D1'},{'D7'},{'D2'},{'R2'},{'R1'},{'R3'},&,1.0,&
{'D3'},{'D4'},{'D5'},{'D6'},{'D1'},{'D7'},{'D2'},{'R3'},{'R2'},{'R1'},&,4.0,&
{'D3'},{'D4'},{'D5'},{'D6'},{'D1'},{'D7'},{'D2'},{'R3'},{'R1'},{'R2'},&,7.0,&
{'D3'},{'D4'},{'D5'},{'D6'},{'D1'},{'D7'},{'R1'},{'D2'},{'R2'},{'R3'},&,1.0,&
{'D3'},{'D4'},{'D5'},{'D6'},{'D1'},{'D7'},{'R1'},{'D2'},{'R3'},{'R2'},&,3.0,&
{'D3'},{'D4'},{'D5'},{'D6'},{'D1'},{'D7'},{'R1'},{'R3'},{'D2'},{'R2'},&,1.0,&
{'D3'},{'D4'},{'D5'},{'D6'},{'D1'},{'D2'},{'R3'},{'R1'},{'D7'},{'R2'},&,1.0,&
{'D3'},{'D4'},{'D5'},{'D6'},{'D1'},{'D2'},{'R3'},{'D7'},{'R2'},{'R1'},&,1.0,&
{'D3'},{'D4'},{'D5'},{'D6'},{'D1'},{'D2'},{'R3'},{'D7'},{'R1'},{'R2'},&,1.0,&
{'D3'},{'D4'},{'D5'},{'D6'},{'D1'},{'D2'},{'R2'},{'D7'},{'R3'},{'R1'},&,2.0,&
{'D3'},{'D4'},{'D5'},{'D6'},{'D1'},{'D2'},{'D7'},{'R1'},{'R2'},{'R3'},&,1.0,&
{'D3'},{'D4'},{'D5'},{'D6'},{'D1'},{'D2'},{'D7'},{'R1'},{'R3'},{'R2'},&,3.0,&
{'D3'},{'D4'},{'D5'},{'D6'},{'D1'},{'D2'},{'D7'},{'R2'},{'R3'},{'R1'},&,2.0,&
{'D3'},{'D4'},{'D5'},{'D6'},{'D1'},{'D2'},{'D7'},{'R3'},{'R2'},{'R1'},&,4.0,&
{'D3'},{'D4'},{'D5'},{'D6'},{'D1'},{'D2'},{'D7'},{'R3'},{'R1'},{'R2'},&,5.0,&
{'D3'},{'D4'},{'D5'},{'D6'},{'D1'},{'D2'},{'R1'},{'R2'},{'D7'},{'R3'},&,1.0,&
{'D3'},{'D4'},{'D5'},{'D6'},{'D1'},{'R3'},{'D2'},{'R1'},{'D7'},{'R2'},&,1.0,&
{'D3'},{'D4'},{'D5'},{'D6'},{'D1'},{'R3'},{'D2'},{'R2'},{'R1'},{'D7'},&,1.0,&
{'D3'},{'D4'},{'D5'},{'D6'},{'D1'},{'R3'},{'D2'},{'D7'},{'R2'},{'R1'},&,1.0,&
{'D3'},{'D4'},{'D5'},{'D6'},{'D1'},{'R3'},{'D7'},{'D2'},{'R2'},{'R1'},&,1.0,&
{'D3'},{'D4'},{'D5'},{'D6'},{'D1'},{'R3'},{'D7'},{'D2'},{'R1'},{'R2'},&,1.0,&
{'D3'},{'D4'},{'D5'},{'D6'},{'D7'},{'D1'},{'R3'},{'D2'},{'R2'},{'R1'},&,3.0,&
{'D3'},{'D4'},{'D5'},{'D6'},{'D7'},{'D1'},{'R3'},{'D2'},{'R1'},{'R2'},&,6.0,&
{'D3'},{'D4'},{'D5'},{'D6'},{'D7'},{'D1'},{'R3'},{'R2'},{'D2'},{'R1'},&,1.0,&
{'D3'},{'D4'},{'D5'},{'D6'},{'D7'},{'D1'},{'D2'},{'R1'},{'R2'},{'R3'},&,1.0,&
{'D3'},{'D4'},{'D5'},{'D6'},{'D7'},{'D1'},{'D2'},{'R1'},{'R3'},{'R2'},&,4.0,&
{'D3'},{'D4'},{'D5'},{'D6'},{'D7'},{'D1'},{'D2'},{'R2'},{'R3'},{'R1'},&,3.0,&
{'D3'},{'D4'},{'D5'},{'D6'},{'D7'},{'D1'},{'D2'},{'R2'},{'R1'},{'R3'},&,1.0,&
{'D3'},{'D4'},{'D5'},{'D6'},{'D7'},{'D1'},{'D2'},{'R3'},{'R2'},{'R1'},&,7.0,&
{'D3'},{'D4'},{'D5'},{'D6'},{'D7'},{'D1'},{'D2'},{'R3'},{'R1'},{'R2'},&,11.0,&
{'D3'},{'D4'},{'D5'},{'D6'},{'D7'},{'D1'},{'R2'},{'R3'},{'D2'},{'R1'},&,1.0,&
{'D3'},{'D4'},{'D5'},{'D6'},{'D7'},{'D1'},{'R1'},{'D2'},{'R2'},{'R3'},&,1.0,&
{'D3'},{'D4'},{'D5'},{'D6'},{'D7'},{'D1'},{'R1'},{'D2'},{'R3'},{'R2'},&,1.0,&
{'D3'},{'D4'},{'D5'},{'D6'},{'D7'},{'D1'},{'R1'},{'R3'},{'D2'},{'R2'},&,1.0,&
{'D3'},{'D4'},{'D5'},{'D6'},{'D7'},{'D2'},{'R3'},{'R1'},{'D1'},{'R2'},&,1.0,&
{'D3'},{'D4'},{'D5'},{'D6'},{'D7'},{'D2'},{'R3'},{'R2'},{'D1'},{'R1'},&,1.0,&
{'D3'},{'D4'},{'D5'},{'D6'},{'D7'},{'D2'},{'R3'},{'D1'},{'R2'},{'R1'},&,2.0,&
{'D3'},{'D4'},{'D5'},{'D6'},{'D7'},{'D2'},{'R3'},{'D1'},{'R1'},{'R2'},&,2.0,&
{'D3'},{'D4'},{'D5'},{'D6'},{'D7'},{'D2'},{'D1'},{'R1'},{'R2'},{'R3'},&,2.0,&
{'D3'},{'D4'},{'D5'},{'D6'},{'D7'},{'D2'},{'D1'},{'R1'},{'R3'},{'R2'},&,6.0,&
{'D3'},{'D4'},{'D5'},{'D6'},{'D7'},{'D2'},{'D1'},{'R2'},{'R3'},{'R1'},&,3.0,&
{'D3'},{'D4'},{'D5'},{'D6'},{'D7'},{'D2'},{'D1'},{'R2'},{'R1'},{'R3'},&,1.0,&
{'D3'},{'D4'},{'D5'},{'D6'},{'D7'},{'D2'},{'D1'},{'R3'},{'R2'},{'R1'},&,6.0,&
{'D3'},{'D4'},{'D5'},{'D6'},{'D7'},{'D2'},{'D1'},{'R3'},{'R1'},{'R2'},&,10.0,&
{'D3'},{'D4'},{'D5'},{'D6'},{'D7'},{'D2'},{'R2'},{'D1'},{'R3'},{'R1'},&,1.0,&
{'D3'},{'D4'},{'D5'},{'D6'},{'D7'},{'D2'},{'R1'},{'R3'},{'D1'},{'R2'},&,1.0,&
{'D3'},{'D4'},{'D5'},{'D6'},{'D7'},{'D2'},{'R1'},{'D1'},{'R3'},{'R2'},&,1.0,&
{'D3'},{'D4'},{'D5'},{'D6'},{'D7'},{'R1'},{'R3'},{'D2'},{'D1'},{'R2'},&,1.0,&
{'D3'},{'D4'},{'D5'},{'D6'},{'D7'},{'R1'},{'D2'},{'D1'},{'R2'},{'R3'},&,1.0,&
{'D3'},{'D4'},{'D5'},{'D6'},{'D7'},{'R1'},{'D1'},{'D2'},{'R3'},{'R2'},&,1.0,&
{'D3'},{'D4'},{'D5'},{'D6'},{'D7'},{'R3'},{'D1'},{'D2'},{'R1'},{'R2'},&,1.0,&
{'D3'},{'D4'},{'D5'},{'D6'},{'D7'},{'R3'},{'D1'},{'R2'},{'D2'},{'R1'},&,1.0,&
{'D3'},{'D4'},{'D5'},{'D6'},{'D7'},{'R3'},{'R1'},{'D2'},{'D1'},{'R2'},&,1.0,&
{'D3'},{'D4'},{'D5'},{'D6'},{'D2'},{'D7'},{'R3'},{'D1'},{'R1'},{'R2'},&,2.0,&
{'D3'},{'D4'},{'D5'},{'D6'},{'D2'},{'D7'},{'D1'},{'R1'},{'R2'},{'R3'},&,2.0,&
{'D3'},{'D4'},{'D5'},{'D6'},{'D2'},{'D7'},{'D1'},{'R1'},{'R3'},{'R2'},&,3.0,&
{'D3'},{'D4'},{'D5'},{'D6'},{'D2'},{'D7'},{'D1'},{'R2'},{'R3'},{'R1'},&,3.0,&
{'D3'},{'D4'},{'D5'},{'D6'},{'D2'},{'D7'},{'D1'},{'R3'},{'R2'},{'R1'},&,6.0,&
{'D3'},{'D4'},{'D5'},{'D6'},{'D2'},{'D7'},{'D1'},{'R3'},{'R1'},{'R2'},&,3.0,&
{'D3'},{'D4'},{'D5'},{'D6'},{'D2'},{'D7'},{'R2'},{'D1'},{'R3'},{'R1'},&,2.0,&
{'D3'},{'D4'},{'D5'},{'D6'},{'D2'},{'D7'},{'R1'},{'R3'},{'D1'},{'R2'},&,1.0,&
{'D3'},{'D4'},{'D5'},{'D6'},{'D2'},{'D7'},{'R1'},{'D1'},{'R3'},{'R2'},&,2.0,&
{'D3'},{'D4'},{'D5'},{'D6'},{'D2'},{'D1'},{'R3'},{'D7'},{'R2'},{'R1'},&,2.0,&
{'D3'},{'D4'},{'D5'},{'D6'},{'D2'},{'D1'},{'R2'},{'R1'},{'D7'},{'R3'},&,1.0,&
{'D3'},{'D4'},{'D5'},{'D6'},{'D2'},{'D1'},{'R2'},{'R3'},{'R1'},{'D7'},&,1.0,&
{'D3'},{'D4'},{'D5'},{'D6'},{'D2'},{'D1'},{'D7'},{'R1'},{'R2'},{'R3'},&,1.0,&
{'D3'},{'D4'},{'D5'},{'D6'},{'D2'},{'D1'},{'D7'},{'R1'},{'R3'},{'R2'},&,2.0,&
{'D3'},{'D4'},{'D5'},{'D6'},{'D2'},{'D1'},{'D7'},{'R2'},{'R1'},{'R3'},&,1.0,&
{'D3'},{'D4'},{'D5'},{'D6'},{'D2'},{'D1'},{'D7'},{'R3'},{'R2'},{'R1'},&,5.0,&
{'D3'},{'D4'},{'D5'},{'D6'},{'D2'},{'D1'},{'D7'},{'R3'},{'R1'},{'R2'},&,2.0,&
{'D3'},{'D4'},{'D5'},{'D6'},{'D2'},{'R1'},{'D7'},{'R2'},{'R3'},{'D1'},&,1.0,&
{'D3'},{'D4'},{'D5'},{'D6'},{'R3'},{'D1'},{'D7'},{'D2'},{'R2'},{'R1'},&,1.0,&
{'D3'},{'D4'},{'D5'},{'D6'},{'R3'},{'D1'},{'D7'},{'R2'},{'R1'},{'D2'},&,1.0,&
{'D3'},{'D4'},{'D5'},{'D6'},{'R3'},{'D2'},{'D1'},{'R2'},{'D7'},{'R1'},&,1.0,&
{'D3'},{'D4'},{'D5'},{'D6'},{'R1'},{'D7'},{'D2'},{'D1'},{'R3'},{'R2'},&,1.0,&
{'D3'},{'D4'},{'D5'},{'D6'},{'R1'},{'D1'},{'D2'},{'D7'},{'R3'},{'R2'},&,1.0,&
{'D3'},{'D4'},{'D5'},{'D6'},{'R1'},{'D1'},{'D7'},{'R3'},{'D2'},{'R2'},&,1.0,&
{'D3'},{'D4'},{'D5'},{'R2'},{'D7'},{'D6'},{'D2'},{'D1'},{'R1'},{'R3'},&,1.0,&
{'D3'},{'D4'},{'D5'},{'R2'},{'D6'},{'D7'},{'D1'},{'D2'},{'R1'},{'R3'},&,1.0,&
{'D3'},{'D4'},{'D6'},{'D7'},{'D1'},{'D2'},{'D5'},{'R1'},{'R2'},{'R3'},&,1.0,&
{'D3'},{'D4'},{'D6'},{'D7'},{'D1'},{'D5'},{'R3'},{'D2'},{'R1'},{'R2'},&,1.0,&
{'D3'},{'D4'},{'D6'},{'D7'},{'D1'},{'D5'},{'D2'},{'R1'},{'R3'},{'R2'},&,2.0,&
{'D3'},{'D4'},{'D6'},{'D7'},{'D1'},{'D5'},{'D2'},{'R3'},{'R2'},{'R1'},&,1.0,&
{'D3'},{'D4'},{'D6'},{'D7'},{'D1'},{'D5'},{'R1'},{'D2'},{'R3'},{'R2'},&,1.0,&
{'D3'},{'D4'},{'D6'},{'D7'},{'D1'},{'R3'},{'R1'},{'D5'},{'D2'},{'R2'},&,1.0,&
{'D3'},{'D4'},{'D6'},{'D7'},{'D2'},{'D5'},{'D1'},{'R1'},{'R3'},{'R2'},&,1.0,&
{'D3'},{'D4'},{'D6'},{'D7'},{'D2'},{'D5'},{'R2'},{'D1'},{'R3'},{'R1'},&,1.0,&
{'D3'},{'D4'},{'D6'},{'D7'},{'D5'},{'D1'},{'R3'},{'D2'},{'R2'},{'R1'},&,1.0,&
{'D3'},{'D4'},{'D6'},{'D7'},{'D5'},{'D1'},{'D2'},{'R1'},{'R2'},{'R3'},&,1.0,&
{'D3'},{'D4'},{'D6'},{'D7'},{'D5'},{'D1'},{'D2'},{'R1'},{'R3'},{'R2'},&,2.0,&
{'D3'},{'D4'},{'D6'},{'D7'},{'D5'},{'D1'},{'D2'},{'R2'},{'R3'},{'R1'},&,5.0,&
{'D3'},{'D4'},{'D6'},{'D7'},{'D5'},{'D1'},{'D2'},{'R2'},{'R1'},{'R3'},&,1.0,&
{'D3'},{'D4'},{'D6'},{'D7'},{'D5'},{'D1'},{'D2'},{'R3'},{'R2'},{'R1'},&,2.0,&
{'D3'},{'D4'},{'D6'},{'D7'},{'D5'},{'D1'},{'D2'},{'R3'},{'R1'},{'R2'},&,6.0,&
{'D3'},{'D4'},{'D6'},{'D7'},{'D5'},{'D1'},{'R2'},{'D2'},{'R3'},{'R1'},&,1.0,&
{'D3'},{'D4'},{'D6'},{'D7'},{'D5'},{'D2'},{'R3'},{'R2'},{'D1'},{'R1'},&,1.0,&
{'D3'},{'D4'},{'D6'},{'D7'},{'D5'},{'D2'},{'R3'},{'D1'},{'R2'},{'R1'},&,1.0,&
{'D3'},{'D4'},{'D6'},{'D7'},{'D5'},{'D2'},{'D1'},{'R2'},{'R1'},{'R3'},&,1.0,&
{'D3'},{'D4'},{'D6'},{'D7'},{'D5'},{'D2'},{'D1'},{'R3'},{'R2'},{'R1'},&,1.0,&
{'D3'},{'D4'},{'D6'},{'D7'},{'D5'},{'D2'},{'D1'},{'R3'},{'R1'},{'R2'},&,4.0,&
{'D3'},{'D4'},{'D6'},{'D7'},{'D5'},{'D2'},{'R1'},{'R3'},{'D1'},{'R2'},&,1.0,&
{'D3'},{'D4'},{'D6'},{'D7'},{'D5'},{'R3'},{'D2'},{'R1'},{'D1'},{'R2'},&,1.0,&
{'D3'},{'D4'},{'D6'},{'D7'},{'R3'},{'D5'},{'D2'},{'D1'},{'R1'},{'R2'},&,1.0,&
{'D3'},{'D4'},{'D6'},{'D1'},{'D7'},{'D5'},{'D2'},{'R1'},{'R3'},{'R2'},&,2.0,&
{'D3'},{'D4'},{'D6'},{'D1'},{'D7'},{'D5'},{'D2'},{'R3'},{'R2'},{'R1'},&,1.0,&
{'D3'},{'D4'},{'D6'},{'D1'},{'D7'},{'R3'},{'D2'},{'D5'},{'R2'},{'R1'},&,1.0,&
{'D3'},{'D4'},{'D6'},{'D1'},{'D2'},{'D5'},{'D7'},{'R2'},{'R3'},{'R1'},&,1.0,&
{'D3'},{'D4'},{'D6'},{'D1'},{'D2'},{'D5'},{'D7'},{'R3'},{'R2'},{'R1'},&,1.0,&
{'D3'},{'D4'},{'D6'},{'D1'},{'D2'},{'D5'},{'D7'},{'R3'},{'R1'},{'R2'},&,1.0,&
{'D3'},{'D4'},{'D6'},{'D1'},{'D5'},{'D7'},{'R3'},{'D2'},{'R1'},{'R2'},&,1.0,&
{'D3'},{'D4'},{'D6'},{'D1'},{'D5'},{'D7'},{'D2'},{'R1'},{'R2'},{'R3'},&,1.0,&
{'D3'},{'D4'},{'D6'},{'D1'},{'D5'},{'D7'},{'D2'},{'R1'},{'R3'},{'R2'},&,2.0,&
{'D3'},{'D4'},{'D6'},{'D1'},{'D5'},{'D7'},{'D2'},{'R2'},{'R3'},{'R1'},&,1.0,&
{'D3'},{'D4'},{'D6'},{'D1'},{'D5'},{'D7'},{'D2'},{'R3'},{'R2'},{'R1'},&,1.0,&
{'D3'},{'D4'},{'D6'},{'D1'},{'D5'},{'D7'},{'D2'},{'R3'},{'R1'},{'R2'},&,4.0,&
{'D3'},{'D4'},{'D6'},{'D1'},{'D5'},{'D7'},{'R1'},{'D2'},{'R3'},{'R2'},&,1.0,&
{'D3'},{'D4'},{'D6'},{'D1'},{'D5'},{'D2'},{'D7'},{'R2'},{'R3'},{'R1'},&,2.0,&
{'D3'},{'D4'},{'D6'},{'D1'},{'D5'},{'D2'},{'D7'},{'R2'},{'R1'},{'R3'},&,1.0,&
{'D3'},{'D4'},{'D6'},{'D1'},{'D5'},{'D2'},{'D7'},{'R3'},{'R2'},{'R1'},&,3.0,&
{'D3'},{'D4'},{'D6'},{'D1'},{'D5'},{'D2'},{'D7'},{'R3'},{'R1'},{'R2'},&,1.0,&
{'D3'},{'D4'},{'D6'},{'D1'},{'D5'},{'D2'},{'R1'},{'D7'},{'R2'},{'R3'},&,1.0,&
{'D3'},{'D4'},{'D6'},{'D2'},{'D1'},{'D5'},{'R3'},{'R1'},{'D7'},{'R2'},&,1.0,&
{'D3'},{'D4'},{'D6'},{'D2'},{'D7'},{'D1'},{'R3'},{'R2'},{'D5'},{'R1'},&,1.0,&
{'D3'},{'D4'},{'D6'},{'D2'},{'D7'},{'D1'},{'R2'},{'R3'},{'D5'},{'R1'},&,1.0,&
{'D3'},{'D4'},{'D6'},{'D2'},{'D7'},{'D5'},{'R3'},{'R1'},{'D1'},{'R2'},&,1.0,&
{'D3'},{'D4'},{'D6'},{'D2'},{'D7'},{'D5'},{'R3'},{'R2'},{'D1'},{'R1'},&,1.0,&
{'D3'},{'D4'},{'D6'},{'D2'},{'D7'},{'D5'},{'D1'},{'R3'},{'R2'},{'R1'},&,1.0,&
{'D3'},{'D4'},{'D6'},{'D2'},{'D7'},{'D5'},{'R1'},{'D1'},{'R2'},{'R3'},&,1.0,&
{'D3'},{'D4'},{'D6'},{'D2'},{'D7'},{'R3'},{'D1'},{'D5'},{'R2'},{'R1'},&,1.0,&
{'D3'},{'D4'},{'D6'},{'D2'},{'D5'},{'D7'},{'R3'},{'D1'},{'R1'},{'R2'},&,1.0,&
{'D3'},{'D4'},{'D6'},{'D2'},{'D5'},{'D7'},{'D1'},{'R1'},{'R3'},{'R2'},&,1.0,&
{'D3'},{'D4'},{'D6'},{'D2'},{'D5'},{'D7'},{'D1'},{'R2'},{'R3'},{'R1'},&,2.0,&
{'D3'},{'D4'},{'D6'},{'D2'},{'D5'},{'D7'},{'D1'},{'R2'},{'R1'},{'R3'},&,1.0,&
{'D3'},{'D4'},{'D6'},{'D2'},{'D5'},{'D7'},{'R2'},{'R3'},{'D1'},{'R1'},&,2.0,&
{'D3'},{'D4'},{'D6'},{'D2'},{'D5'},{'D7'},{'R2'},{'D1'},{'R1'},{'R3'},&,1.0,&
{'D3'},{'D4'},{'D6'},{'D2'},{'D5'},{'D7'},{'R1'},{'D1'},{'R3'},{'R2'},&,2.0,&
{'D3'},{'D4'},{'D6'},{'D2'},{'D5'},{'D1'},{'D7'},{'R1'},{'R3'},{'R2'},&,3.0,&
{'D3'},{'D4'},{'D6'},{'D2'},{'D5'},{'D1'},{'D7'},{'R3'},{'R2'},{'R1'},&,1.0,&
{'D3'},{'D4'},{'D6'},{'D2'},{'D5'},{'D1'},{'D7'},{'R3'},{'R1'},{'R2'},&,1.0,&
{'D3'},{'D4'},{'D6'},{'D2'},{'D5'},{'R3'},{'D7'},{'D1'},{'R1'},{'R2'},&,1.0,&
{'D3'},{'D4'},{'D6'},{'D5'},{'D1'},{'D7'},{'R3'},{'D2'},{'R2'},{'R1'},&,4.0,&
{'D3'},{'D4'},{'D6'},{'D5'},{'D1'},{'D7'},{'D2'},{'R1'},{'R2'},{'R3'},&,2.0,&
{'D3'},{'D4'},{'D6'},{'D5'},{'D1'},{'D7'},{'D2'},{'R1'},{'R3'},{'R2'},&,3.0,&
{'D3'},{'D4'},{'D6'},{'D5'},{'D1'},{'D7'},{'D2'},{'R2'},{'R3'},{'R1'},&,1.0,&
{'D3'},{'D4'},{'D6'},{'D5'},{'D1'},{'D7'},{'D2'},{'R3'},{'R2'},{'R1'},&,6.0,&
{'D3'},{'D4'},{'D6'},{'D5'},{'D1'},{'D7'},{'D2'},{'R3'},{'R1'},{'R2'},&,8.0,&
{'D3'},{'D4'},{'D6'},{'D5'},{'D1'},{'D7'},{'R1'},{'D2'},{'R3'},{'R2'},&,2.0,&
{'D3'},{'D4'},{'D6'},{'D5'},{'D1'},{'D7'},{'R1'},{'R3'},{'D2'},{'R2'},&,1.0,&
{'D3'},{'D4'},{'D6'},{'D5'},{'D1'},{'D2'},{'R3'},{'D7'},{'R1'},{'R2'},&,1.0,&
{'D3'},{'D4'},{'D6'},{'D5'},{'D1'},{'D2'},{'D7'},{'R1'},{'R3'},{'R2'},&,5.0,&
{'D3'},{'D4'},{'D6'},{'D5'},{'D1'},{'D2'},{'D7'},{'R2'},{'R3'},{'R1'},&,3.0,&
{'D3'},{'D4'},{'D6'},{'D5'},{'D1'},{'D2'},{'D7'},{'R3'},{'R2'},{'R1'},&,3.0,&
{'D3'},{'D4'},{'D6'},{'D5'},{'D1'},{'D2'},{'D7'},{'R3'},{'R1'},{'R2'},&,2.0,&
{'D3'},{'D4'},{'D6'},{'D5'},{'D1'},{'D2'},{'R1'},{'D7'},{'R3'},{'R2'},&,1.0,&
{'D3'},{'D4'},{'D6'},{'D5'},{'D1'},{'R1'},{'D2'},{'D7'},{'R3'},{'R2'},&,1.0,&
{'D3'},{'D4'},{'D6'},{'D5'},{'D1'},{'R3'},{'D2'},{'R1'},{'D7'},{'R2'},&,1.0,&
{'D3'},{'D4'},{'D6'},{'D5'},{'D1'},{'R3'},{'D2'},{'D7'},{'R1'},{'R2'},&,1.0,&
{'D3'},{'D4'},{'D6'},{'D5'},{'D1'},{'R3'},{'D7'},{'R2'},{'D2'},{'R1'},&,1.0,&
{'D3'},{'D4'},{'D6'},{'D5'},{'D7'},{'D1'},{'R3'},{'D2'},{'R2'},{'R1'},&,3.0,&
{'D3'},{'D4'},{'D6'},{'D5'},{'D7'},{'D1'},{'R3'},{'R1'},{'D2'},{'R2'},&,1.0,&
{'D3'},{'D4'},{'D6'},{'D5'},{'D7'},{'D1'},{'D2'},{'R1'},{'R2'},{'R3'},&,5.0,&
{'D3'},{'D4'},{'D6'},{'D5'},{'D7'},{'D1'},{'D2'},{'R1'},{'R3'},{'R2'},&,5.0,&
{'D3'},{'D4'},{'D6'},{'D5'},{'D7'},{'D1'},{'D2'},{'R2'},{'R3'},{'R1'},&,4.0,&
{'D3'},{'D4'},{'D6'},{'D5'},{'D7'},{'D1'},{'D2'},{'R2'},{'R1'},{'R3'},&,2.0,&
{'D3'},{'D4'},{'D6'},{'D5'},{'D7'},{'D1'},{'D2'},{'R3'},{'R2'},{'R1'},&,8.0,&
{'D3'},{'D4'},{'D6'},{'D5'},{'D7'},{'D1'},{'D2'},{'R3'},{'R1'},{'R2'},&,6.0,&
{'D3'},{'D4'},{'D6'},{'D5'},{'D7'},{'D1'},{'R2'},{'D2'},{'R3'},{'R1'},&,2.0,&
{'D3'},{'D4'},{'D6'},{'D5'},{'D7'},{'D1'},{'R2'},{'D2'},{'R1'},{'R3'},&,2.0,&
{'D3'},{'D4'},{'D6'},{'D5'},{'D7'},{'D2'},{'R3'},{'R1'},{'R2'},{'D1'},&,1.0,&
{'D3'},{'D4'},{'D6'},{'D5'},{'D7'},{'D2'},{'R3'},{'D1'},{'R2'},{'R1'},&,3.0,&
{'D3'},{'D4'},{'D6'},{'D5'},{'D7'},{'D2'},{'R3'},{'D1'},{'R1'},{'R2'},&,1.0,&
{'D3'},{'D4'},{'D6'},{'D5'},{'D7'},{'D2'},{'D1'},{'R1'},{'R2'},{'R3'},&,3.0,&
{'D3'},{'D4'},{'D6'},{'D5'},{'D7'},{'D2'},{'D1'},{'R1'},{'R3'},{'R2'},&,5.0,&
{'D3'},{'D4'},{'D6'},{'D5'},{'D7'},{'D2'},{'D1'},{'R2'},{'R3'},{'R1'},&,3.0,&
{'D3'},{'D4'},{'D6'},{'D5'},{'D7'},{'D2'},{'D1'},{'R2'},{'R1'},{'R3'},&,3.0,&
{'D3'},{'D4'},{'D6'},{'D5'},{'D7'},{'D2'},{'D1'},{'R3'},{'R2'},{'R1'},&,7.0,&
{'D3'},{'D4'},{'D6'},{'D5'},{'D7'},{'D2'},{'D1'},{'R3'},{'R1'},{'R2'},&,8.0,&
{'D3'},{'D4'},{'D6'},{'D5'},{'D7'},{'D2'},{'R2'},{'D1'},{'R3'},{'R1'},&,2.0,&
{'D3'},{'D4'},{'D6'},{'D5'},{'D7'},{'D2'},{'R1'},{'D1'},{'R3'},{'R2'},&,1.0,&
{'D3'},{'D4'},{'D6'},{'D5'},{'D7'},{'R3'},{'D1'},{'D2'},{'R2'},{'R1'},&,1.0,&
{'D3'},{'D4'},{'D6'},{'D5'},{'D2'},{'D7'},{'R3'},{'R1'},{'D1'},{'R2'},&,1.0,&
{'D3'},{'D4'},{'D6'},{'D5'},{'D2'},{'D7'},{'R3'},{'D1'},{'R1'},{'R2'},&,1.0,&
{'D3'},{'D4'},{'D6'},{'D5'},{'D2'},{'D7'},{'D1'},{'R1'},{'R3'},{'R2'},&,5.0,&
{'D3'},{'D4'},{'D6'},{'D5'},{'D2'},{'D7'},{'D1'},{'R2'},{'R3'},{'R1'},&,2.0,&
{'D3'},{'D4'},{'D6'},{'D5'},{'D2'},{'D7'},{'D1'},{'R2'},{'R1'},{'R3'},&,2.0,&
{'D3'},{'D4'},{'D6'},{'D5'},{'D2'},{'D7'},{'D1'},{'R3'},{'R2'},{'R1'},&,4.0,&
{'D3'},{'D4'},{'D6'},{'D5'},{'D2'},{'D7'},{'D1'},{'R3'},{'R1'},{'R2'},&,8.0,&
{'D3'},{'D4'},{'D6'},{'D5'},{'D2'},{'D7'},{'R1'},{'R3'},{'D1'},{'R2'},&,1.0,&
{'D3'},{'D4'},{'D6'},{'D5'},{'D2'},{'D7'},{'R1'},{'D1'},{'R2'},{'R3'},&,1.0,&
{'D3'},{'D4'},{'D6'},{'D5'},{'D2'},{'D1'},{'R3'},{'D7'},{'R2'},{'R1'},&,1.0,&
{'D3'},{'D4'},{'D6'},{'D5'},{'D2'},{'D1'},{'R2'},{'D7'},{'R3'},{'R1'},&,1.0,&
{'D3'},{'D4'},{'D6'},{'D5'},{'D2'},{'D1'},{'D7'},{'R1'},{'R3'},{'R2'},&,4.0,&
{'D3'},{'D4'},{'D6'},{'D5'},{'D2'},{'D1'},{'D7'},{'R2'},{'R3'},{'R1'},&,2.0,&
{'D3'},{'D4'},{'D6'},{'D5'},{'D2'},{'D1'},{'D7'},{'R3'},{'R2'},{'R1'},&,2.0,&
{'D3'},{'D4'},{'D6'},{'D5'},{'D2'},{'D1'},{'R1'},{'D7'},{'R2'},{'R3'},&,1.0,&
{'D3'},{'D4'},{'D6'},{'D5'},{'D2'},{'R3'},{'D7'},{'D1'},{'R2'},{'R1'},&,1.0,&
{'D3'},{'D4'},{'D6'},{'D5'},{'R3'},{'D7'},{'D2'},{'D1'},{'R2'},{'R1'},&,1.0,&
{'D3'},{'D4'},{'D6'},{'D5'},{'R3'},{'D7'},{'D2'},{'D1'},{'R1'},{'R2'},&,1.0,&
{'D3'},{'D4'},{'D6'},{'D5'},{'R3'},{'D2'},{'D7'},{'D1'},{'R2'},{'R1'},&,1.0,&
{'D3'},{'D4'},{'D6'},{'D5'},{'R1'},{'D1'},{'D7'},{'D2'},{'R2'},{'R3'},&,1.0,&
{'D3'},{'D4'},{'D6'},{'R1'},{'D5'},{'D1'},{'D7'},{'R3'},{'D2'},{'R2'},&,1.0,&
{'D3'},{'D4'},{'D1'},{'D7'},{'D2'},{'D5'},{'R3'},{'D6'},{'R2'},{'R1'},&,1.0,&
{'D3'},{'D4'},{'D1'},{'D7'},{'D2'},{'D5'},{'D6'},{'R2'},{'R1'},{'R3'},&,1.0,&
{'D3'},{'D4'},{'D1'},{'D7'},{'D2'},{'D5'},{'D6'},{'R3'},{'R1'},{'R2'},&,1.0,&
{'D3'},{'D4'},{'D1'},{'D7'},{'D6'},{'D5'},{'D2'},{'R1'},{'R3'},{'R2'},&,1.0,&
{'D3'},{'D4'},{'D1'},{'D7'},{'D6'},{'D5'},{'D2'},{'R3'},{'R1'},{'R2'},&,1.0,&
{'D3'},{'D4'},{'D1'},{'D7'},{'D6'},{'D5'},{'R1'},{'D2'},{'R3'},{'R2'},&,1.0,&
{'D3'},{'D4'},{'D1'},{'D7'},{'D5'},{'D6'},{'R3'},{'D2'},{'R2'},{'R1'},&,1.0,&
{'D3'},{'D4'},{'D1'},{'D7'},{'D5'},{'D6'},{'D2'},{'R1'},{'R2'},{'R3'},&,1.0,&
{'D3'},{'D4'},{'D1'},{'D7'},{'D5'},{'D6'},{'D2'},{'R1'},{'R3'},{'R2'},&,1.0,&
{'D3'},{'D4'},{'D1'},{'D7'},{'D5'},{'D6'},{'D2'},{'R2'},{'R3'},{'R1'},&,1.0,&
{'D3'},{'D4'},{'D1'},{'D7'},{'D5'},{'R3'},{'D6'},{'R2'},{'D2'},{'R1'},&,1.0,&
{'D3'},{'D4'},{'D1'},{'D2'},{'D6'},{'D7'},{'D5'},{'R3'},{'R1'},{'R2'},&,1.0,&
{'D3'},{'D4'},{'D1'},{'D2'},{'D6'},{'D5'},{'D7'},{'R2'},{'R3'},{'R1'},&,1.0,&
{'D3'},{'D4'},{'D1'},{'D2'},{'D6'},{'D5'},{'D7'},{'R3'},{'R1'},{'R2'},&,1.0,&
{'D3'},{'D4'},{'D1'},{'D2'},{'D5'},{'D6'},{'R3'},{'D7'},{'R2'},{'R1'},&,1.0,&
{'D3'},{'D4'},{'D1'},{'D2'},{'D5'},{'D7'},{'R2'},{'D6'},{'R1'},{'R3'},&,1.0,&
{'D3'},{'D4'},{'D1'},{'D5'},{'D7'},{'D6'},{'R3'},{'D2'},{'R1'},{'R2'},&,2.0,&
{'D3'},{'D4'},{'D1'},{'D5'},{'D7'},{'D6'},{'D2'},{'R1'},{'R2'},{'R3'},&,1.0,&
{'D3'},{'D4'},{'D1'},{'D5'},{'D7'},{'D6'},{'D2'},{'R2'},{'R3'},{'R1'},&,1.0,&
{'D3'},{'D4'},{'D1'},{'D5'},{'D7'},{'D6'},{'D2'},{'R2'},{'R1'},{'R3'},&,1.0,&
{'D3'},{'D4'},{'D1'},{'D5'},{'D7'},{'D6'},{'D2'},{'R3'},{'R2'},{'R1'},&,3.0,&
{'D3'},{'D4'},{'D1'},{'D5'},{'D7'},{'D6'},{'D2'},{'R3'},{'R1'},{'R2'},&,1.0,&
{'D3'},{'D4'},{'D1'},{'D5'},{'D7'},{'D2'},{'R3'},{'D6'},{'R2'},{'R1'},&,2.0,&
{'D3'},{'D4'},{'D1'},{'D5'},{'D7'},{'D2'},{'D6'},{'R2'},{'R3'},{'R1'},&,1.0,&
{'D3'},{'D4'},{'D1'},{'D5'},{'D7'},{'D2'},{'D6'},{'R3'},{'R2'},{'R1'},&,2.0,&
{'D3'},{'D4'},{'D1'},{'D5'},{'D7'},{'R3'},{'D6'},{'D2'},{'R2'},{'R1'},&,1.0,&
{'D3'},{'D4'},{'D1'},{'D5'},{'D2'},{'D6'},{'D7'},{'R2'},{'R3'},{'R1'},&,1.0,&
{'D3'},{'D4'},{'D1'},{'D5'},{'D2'},{'D6'},{'D7'},{'R3'},{'R2'},{'R1'},&,2.0,&
{'D3'},{'D4'},{'D1'},{'D5'},{'D2'},{'D7'},{'D6'},{'R1'},{'R3'},{'R2'},&,1.0,&
{'D3'},{'D4'},{'D1'},{'D5'},{'D2'},{'D7'},{'D6'},{'R3'},{'R2'},{'R1'},&,1.0,&
{'D3'},{'D4'},{'D1'},{'D5'},{'D6'},{'D7'},{'D2'},{'R1'},{'R2'},{'R3'},&,1.0,&
{'D3'},{'D4'},{'D1'},{'D5'},{'D6'},{'D7'},{'D2'},{'R1'},{'R3'},{'R2'},&,1.0,&
{'D3'},{'D4'},{'D1'},{'D5'},{'D6'},{'D7'},{'D2'},{'R2'},{'R3'},{'R1'},&,1.0,&
{'D3'},{'D4'},{'D1'},{'D5'},{'D6'},{'D7'},{'D2'},{'R3'},{'R2'},{'R1'},&,4.0,&
{'D3'},{'D4'},{'D1'},{'D5'},{'D6'},{'D7'},{'D2'},{'R3'},{'R1'},{'R2'},&,6.0,&
{'D3'},{'D4'},{'D1'},{'D5'},{'D6'},{'D2'},{'D7'},{'R1'},{'R3'},{'R2'},&,2.0,&
{'D3'},{'D4'},{'D1'},{'D5'},{'D6'},{'D2'},{'D7'},{'R3'},{'R2'},{'R1'},&,2.0,&
{'D3'},{'D4'},{'D1'},{'D5'},{'D6'},{'R1'},{'D7'},{'D2'},{'R3'},{'R2'},&,1.0,&
{'D3'},{'D4'},{'D1'},{'D5'},{'R1'},{'D6'},{'D2'},{'R3'},{'R2'},{'D7'},&,1.0,&
{'D3'},{'D4'},{'D1'},{'D6'},{'D7'},{'D5'},{'R3'},{'R2'},{'R1'},{'D2'},&,1.0,&
{'D3'},{'D4'},{'D1'},{'D6'},{'D7'},{'D5'},{'D2'},{'R1'},{'R3'},{'R2'},&,1.0,&
{'D3'},{'D4'},{'D1'},{'D6'},{'D7'},{'D5'},{'D2'},{'R3'},{'R1'},{'R2'},&,1.0,&
{'D3'},{'D4'},{'D1'},{'D6'},{'D7'},{'R1'},{'D5'},{'D2'},{'R3'},{'R2'},&,1.0,&
{'D3'},{'D4'},{'D1'},{'D6'},{'D2'},{'D7'},{'D5'},{'R3'},{'R2'},{'R1'},&,1.0,&
{'D3'},{'D4'},{'D1'},{'D6'},{'D2'},{'D5'},{'R3'},{'R2'},{'D7'},{'R1'},&,1.0,&
{'D3'},{'D4'},{'D1'},{'D6'},{'D2'},{'D5'},{'R3'},{'D7'},{'R1'},{'R2'},&,1.0,&
{'D3'},{'D4'},{'D1'},{'D6'},{'D2'},{'D5'},{'D7'},{'R3'},{'R1'},{'R2'},&,1.0,&
{'D3'},{'D4'},{'D1'},{'D6'},{'D5'},{'D7'},{'D2'},{'R1'},{'R3'},{'R2'},&,1.0,&
{'D3'},{'D4'},{'D1'},{'D6'},{'D5'},{'D7'},{'D2'},{'R2'},{'R3'},{'R1'},&,2.0,&
{'D3'},{'D4'},{'D1'},{'D6'},{'D5'},{'D7'},{'D2'},{'R3'},{'R2'},{'R1'},&,1.0,&
{'D3'},{'D4'},{'D1'},{'D6'},{'D5'},{'D7'},{'D2'},{'R3'},{'R1'},{'R2'},&,1.0,&
{'D3'},{'D4'},{'D1'},{'D6'},{'D5'},{'D7'},{'R1'},{'D2'},{'R3'},{'R2'},&,1.0,&
{'D3'},{'D4'},{'D1'},{'D6'},{'D5'},{'D2'},{'R3'},{'D7'},{'R2'},{'R1'},&,1.0,&
{'D3'},{'D4'},{'D1'},{'D6'},{'D5'},{'D2'},{'R3'},{'D7'},{'R1'},{'R2'},&,1.0,&
{'D3'},{'D4'},{'D1'},{'D6'},{'D5'},{'D2'},{'D7'},{'R1'},{'R2'},{'R3'},&,1.0,&
{'D3'},{'D4'},{'D1'},{'D6'},{'D5'},{'D2'},{'D7'},{'R1'},{'R3'},{'R2'},&,1.0,&
{'D3'},{'D4'},{'D1'},{'D6'},{'D5'},{'D2'},{'D7'},{'R3'},{'R1'},{'R2'},&,2.0,&
{'D3'},{'D4'},{'D1'},{'D6'},{'R3'},{'D5'},{'D2'},{'D7'},{'R2'},{'R1'},&,1.0,&
{'D3'},{'D4'},{'D7'},{'D1'},{'D2'},{'D5'},{'D6'},{'R3'},{'R1'},{'R2'},&,1.0,&
{'D3'},{'D4'},{'D7'},{'D1'},{'D6'},{'D2'},{'D5'},{'R3'},{'R1'},{'R2'},&,1.0,&
{'D3'},{'D4'},{'D7'},{'D1'},{'D6'},{'D5'},{'R3'},{'D2'},{'R2'},{'R1'},&,1.0,&
{'D3'},{'D4'},{'D7'},{'D1'},{'D6'},{'D5'},{'D2'},{'R1'},{'R2'},{'R3'},&,1.0,&
{'D3'},{'D4'},{'D7'},{'D1'},{'D6'},{'D5'},{'D2'},{'R2'},{'R3'},{'R1'},&,1.0,&
{'D3'},{'D4'},{'D7'},{'D1'},{'D5'},{'D6'},{'D2'},{'R2'},{'R3'},{'R1'},&,1.0,&
{'D3'},{'D4'},{'D7'},{'D1'},{'D5'},{'D6'},{'D2'},{'R3'},{'R2'},{'R1'},&,3.0,&
{'D3'},{'D4'},{'D7'},{'D1'},{'D5'},{'D6'},{'R2'},{'D2'},{'R3'},{'R1'},&,1.0,&
{'D3'},{'D4'},{'D7'},{'D1'},{'D5'},{'D2'},{'D6'},{'R3'},{'R2'},{'R1'},&,1.0,&
{'D3'},{'D4'},{'D7'},{'D1'},{'D5'},{'D2'},{'D6'},{'R3'},{'R1'},{'R2'},&,1.0,&
{'D3'},{'D4'},{'D7'},{'D2'},{'D6'},{'D1'},{'D5'},{'R1'},{'R3'},{'R2'},&,1.0,&
{'D3'},{'D4'},{'D7'},{'D2'},{'D6'},{'D5'},{'D1'},{'R3'},{'R1'},{'R2'},&,1.0,&
{'D3'},{'D4'},{'D7'},{'D2'},{'D5'},{'D6'},{'R3'},{'R2'},{'D1'},{'R1'},&,1.0,&
{'D3'},{'D4'},{'D7'},{'D2'},{'D5'},{'D6'},{'D1'},{'R1'},{'R3'},{'R2'},&,1.0,&
{'D3'},{'D4'},{'D7'},{'D2'},{'D5'},{'D6'},{'D1'},{'R2'},{'R1'},{'R3'},&,1.0,&
{'D3'},{'D4'},{'D7'},{'D2'},{'D5'},{'D6'},{'D1'},{'R3'},{'R2'},{'R1'},&,1.0,&
{'D3'},{'D4'},{'D7'},{'D2'},{'D5'},{'D6'},{'D1'},{'R3'},{'R1'},{'R2'},&,1.0,&
{'D3'},{'D4'},{'D7'},{'D2'},{'D5'},{'D6'},{'R2'},{'R1'},{'D1'},{'R3'},&,1.0,&
{'D3'},{'D4'},{'D7'},{'D2'},{'D5'},{'D1'},{'D6'},{'R1'},{'R2'},{'R3'},&,1.0,&
{'D3'},{'D4'},{'D7'},{'D2'},{'D5'},{'R2'},{'R3'},{'D6'},{'D1'},{'R1'},&,1.0,&
{'D3'},{'D4'},{'D7'},{'D5'},{'D1'},{'D6'},{'R3'},{'D2'},{'R2'},{'R1'},&,1.0,&
{'D3'},{'D4'},{'D7'},{'D5'},{'D1'},{'D6'},{'R3'},{'R2'},{'R1'},{'D2'},&,1.0,&
{'D3'},{'D4'},{'D7'},{'D5'},{'D1'},{'D6'},{'D2'},{'R1'},{'R2'},{'R3'},&,2.0,&
{'D3'},{'D4'},{'D7'},{'D5'},{'D1'},{'D6'},{'D2'},{'R1'},{'R3'},{'R2'},&,2.0,&
{'D3'},{'D4'},{'D7'},{'D5'},{'D1'},{'D6'},{'D2'},{'R2'},{'R1'},{'R3'},&,1.0,&
{'D3'},{'D4'},{'D7'},{'D5'},{'D1'},{'D6'},{'D2'},{'R3'},{'R2'},{'R1'},&,2.0,&
{'D3'},{'D4'},{'D7'},{'D5'},{'D1'},{'D6'},{'D2'},{'R3'},{'R1'},{'R2'},&,1.0,&
{'D3'},{'D4'},{'D7'},{'D5'},{'D1'},{'D6'},{'R2'},{'D2'},{'R3'},{'R1'},&,1.0,&
{'D3'},{'D4'},{'D7'},{'D5'},{'D1'},{'D2'},{'R3'},{'D6'},{'R1'},{'R2'},&,1.0,&
{'D3'},{'D4'},{'D7'},{'D5'},{'D1'},{'D2'},{'D6'},{'R3'},{'R1'},{'R2'},&,1.0,&
{'D3'},{'D4'},{'D7'},{'D5'},{'D2'},{'D6'},{'R3'},{'D1'},{'R1'},{'R2'},&,1.0,&
{'D3'},{'D4'},{'D7'},{'D5'},{'D2'},{'D6'},{'D1'},{'R2'},{'R1'},{'R3'},&,2.0,&
{'D3'},{'D4'},{'D7'},{'D5'},{'D2'},{'D6'},{'D1'},{'R3'},{'R2'},{'R1'},&,3.0,&
{'D3'},{'D4'},{'D7'},{'D5'},{'D2'},{'D6'},{'D1'},{'R3'},{'R1'},{'R2'},&,2.0,&
{'D3'},{'D4'},{'D7'},{'D5'},{'D2'},{'D1'},{'D6'},{'R1'},{'R2'},{'R3'},&,1.0,&
{'D3'},{'D4'},{'D7'},{'D5'},{'D2'},{'D1'},{'D6'},{'R2'},{'R3'},{'R1'},&,1.0,&
{'D3'},{'D4'},{'D7'},{'D5'},{'D2'},{'D1'},{'D6'},{'R2'},{'R1'},{'R3'},&,1.0,&
{'D3'},{'D4'},{'D7'},{'D5'},{'D2'},{'D1'},{'D6'},{'R3'},{'R1'},{'R2'},&,1.0,&
{'D3'},{'D4'},{'D7'},{'D5'},{'D2'},{'R2'},{'D1'},{'D6'},{'R3'},{'R1'},&,1.0,&
{'D3'},{'D4'},{'D7'},{'D5'},{'D2'},{'R3'},{'D6'},{'D1'},{'R2'},{'R1'},&,1.0,&
{'D3'},{'D4'},{'D7'},{'D5'},{'D6'},{'D1'},{'R3'},{'D2'},{'R2'},{'R1'},&,2.0,&
{'D3'},{'D4'},{'D7'},{'D5'},{'D6'},{'D1'},{'D2'},{'R1'},{'R2'},{'R3'},&,5.0,&
{'D3'},{'D4'},{'D7'},{'D5'},{'D6'},{'D1'},{'D2'},{'R1'},{'R3'},{'R2'},&,3.0,&
{'D3'},{'D4'},{'D7'},{'D5'},{'D6'},{'D1'},{'D2'},{'R2'},{'R3'},{'R1'},&,5.0,&
{'D3'},{'D4'},{'D7'},{'D5'},{'D6'},{'D1'},{'D2'},{'R2'},{'R1'},{'R3'},&,1.0,&
{'D3'},{'D4'},{'D7'},{'D5'},{'D6'},{'D1'},{'D2'},{'R3'},{'R2'},{'R1'},&,3.0,&
{'D3'},{'D4'},{'D7'},{'D5'},{'D6'},{'D1'},{'D2'},{'R3'},{'R1'},{'R2'},&,6.0,&
{'D3'},{'D4'},{'D7'},{'D5'},{'D6'},{'D1'},{'R2'},{'D2'},{'R1'},{'R3'},&,1.0,&
{'D3'},{'D4'},{'D7'},{'D5'},{'D6'},{'D1'},{'R2'},{'R3'},{'D2'},{'R1'},&,1.0,&
{'D3'},{'D4'},{'D7'},{'D5'},{'D6'},{'D2'},{'R3'},{'R2'},{'R1'},{'D1'},&,1.0,&
{'D3'},{'D4'},{'D7'},{'D5'},{'D6'},{'D2'},{'R3'},{'D1'},{'R2'},{'R1'},&,1.0,&
{'D3'},{'D4'},{'D7'},{'D5'},{'D6'},{'D2'},{'R3'},{'D1'},{'R1'},{'R2'},&,1.0,&
{'D3'},{'D4'},{'D7'},{'D5'},{'D6'},{'D2'},{'D1'},{'R1'},{'R3'},{'R2'},&,2.0,&
{'D3'},{'D4'},{'D7'},{'D5'},{'D6'},{'D2'},{'D1'},{'R2'},{'R3'},{'R1'},&,4.0,&
{'D3'},{'D4'},{'D7'},{'D5'},{'D6'},{'D2'},{'D1'},{'R2'},{'R1'},{'R3'},&,3.0,&
{'D3'},{'D4'},{'D7'},{'D5'},{'D6'},{'D2'},{'D1'},{'R3'},{'R2'},{'R1'},&,6.0,&
{'D3'},{'D4'},{'D7'},{'D5'},{'D6'},{'D2'},{'D1'},{'R3'},{'R1'},{'R2'},&,9.0,&
{'D3'},{'D4'},{'D7'},{'D5'},{'D6'},{'D2'},{'R2'},{'D1'},{'R3'},{'R1'},&,1.0,&
{'D3'},{'D4'},{'D7'},{'D5'},{'R2'},{'D1'},{'D6'},{'R3'},{'R1'},{'D2'},&,1.0,&
{'D3'},{'D4'},{'D7'},{'D6'},{'D1'},{'D5'},{'R3'},{'D2'},{'R2'},{'R1'},&,2.0,&
{'D3'},{'D4'},{'D7'},{'D6'},{'D1'},{'D5'},{'R3'},{'R1'},{'D2'},{'R2'},&,1.0,&
{'D3'},{'D4'},{'D7'},{'D6'},{'D1'},{'D5'},{'D2'},{'R1'},{'R2'},{'R3'},&,1.0,&
{'D3'},{'D4'},{'D7'},{'D6'},{'D1'},{'D5'},{'D2'},{'R2'},{'R3'},{'R1'},&,1.0,&
{'D3'},{'D4'},{'D7'},{'D6'},{'D1'},{'D5'},{'D2'},{'R3'},{'R2'},{'R1'},&,1.0,&
{'D3'},{'D4'},{'D7'},{'D6'},{'D1'},{'D5'},{'R2'},{'D2'},{'R1'},{'R3'},&,1.0,&
{'D3'},{'D4'},{'D7'},{'D6'},{'D2'},{'D1'},{'D5'},{'R3'},{'R2'},{'R1'},&,1.0,&
{'D3'},{'D4'},{'D7'},{'D6'},{'D2'},{'D5'},{'R3'},{'R2'},{'D1'},{'R1'},&,1.0,&
{'D3'},{'D4'},{'D7'},{'D6'},{'D2'},{'D5'},{'R3'},{'D1'},{'R1'},{'R2'},&,1.0,&
{'D3'},{'D4'},{'D7'},{'D6'},{'D5'},{'D1'},{'D2'},{'R1'},{'R3'},{'R2'},&,2.0,&
{'D3'},{'D4'},{'D7'},{'D6'},{'D5'},{'D1'},{'D2'},{'R2'},{'R3'},{'R1'},&,2.0,&
{'D3'},{'D4'},{'D7'},{'D6'},{'D5'},{'D1'},{'D2'},{'R2'},{'R1'},{'R3'},&,1.0,&
{'D3'},{'D4'},{'D7'},{'D6'},{'D5'},{'D1'},{'D2'},{'R3'},{'R2'},{'R1'},&,7.0,&
{'D3'},{'D4'},{'D7'},{'D6'},{'D5'},{'D1'},{'D2'},{'R3'},{'R1'},{'R2'},&,4.0,&
{'D3'},{'D4'},{'D7'},{'D6'},{'D5'},{'D1'},{'R1'},{'D2'},{'R2'},{'R3'},&,1.0,&
{'D3'},{'D4'},{'D7'},{'D6'},{'D5'},{'D1'},{'R1'},{'D2'},{'R3'},{'R2'},&,1.0,&
{'D3'},{'D4'},{'D7'},{'D6'},{'D5'},{'D2'},{'R3'},{'R1'},{'D1'},{'R2'},&,1.0,&
{'D3'},{'D4'},{'D7'},{'D6'},{'D5'},{'D2'},{'R3'},{'D1'},{'R1'},{'R2'},&,1.0,&
{'D3'},{'D4'},{'D7'},{'D6'},{'D5'},{'D2'},{'D1'},{'R1'},{'R2'},{'R3'},&,1.0,&
{'D3'},{'D4'},{'D7'},{'D6'},{'D5'},{'D2'},{'D1'},{'R1'},{'R3'},{'R2'},&,3.0,&
{'D3'},{'D4'},{'D7'},{'D6'},{'D5'},{'D2'},{'D1'},{'R2'},{'R3'},{'R1'},&,3.0,&
{'D3'},{'D4'},{'D7'},{'D6'},{'D5'},{'D2'},{'D1'},{'R3'},{'R2'},{'R1'},&,8.0,&
{'D3'},{'D4'},{'D7'},{'D6'},{'D5'},{'D2'},{'D1'},{'R3'},{'R1'},{'R2'},&,3.0,&
{'D3'},{'D4'},{'D7'},{'D6'},{'D5'},{'R2'},{'D2'},{'R3'},{'D1'},{'R1'},&,1.0,&
{'D3'},{'D4'},{'D7'},{'D6'},{'D5'},{'R2'},{'D2'},{'D1'},{'R1'},{'R3'},&,1.0,&
{'D3'},{'D4'},{'D7'},{'D6'},{'D5'},{'R3'},{'D1'},{'R1'},{'D2'},{'R2'},&,1.0,&
{'D3'},{'D4'},{'D7'},{'R2'},{'D5'},{'D6'},{'D2'},{'R3'},{'D1'},{'R1'},&,1.0,&
{'D3'},{'D4'},{'D2'},{'D7'},{'D6'},{'D5'},{'R1'},{'D1'},{'R3'},{'R2'},&,1.0,&
{'D3'},{'D4'},{'D2'},{'D7'},{'D5'},{'D6'},{'D1'},{'R3'},{'R2'},{'R1'},&,1.0,&
{'D3'},{'D4'},{'D2'},{'D7'},{'D5'},{'D6'},{'D1'},{'R3'},{'R1'},{'R2'},&,1.0,&
{'D3'},{'D4'},{'D2'},{'D1'},{'D6'},{'D7'},{'D5'},{'R3'},{'R2'},{'R1'},&,1.0,&
{'D3'},{'D4'},{'D2'},{'D1'},{'D6'},{'D5'},{'R2'},{'R3'},{'D7'},{'R1'},&,1.0,&
{'D3'},{'D4'},{'D2'},{'D1'},{'D6'},{'D5'},{'D7'},{'R3'},{'R1'},{'R2'},&,1.0,&
{'D3'},{'D4'},{'D2'},{'D1'},{'D5'},{'D6'},{'D7'},{'R1'},{'R3'},{'R2'},&,1.0,&
{'D3'},{'D4'},{'D2'},{'D1'},{'D5'},{'D6'},{'D7'},{'R2'},{'R3'},{'R1'},&,1.0,&
{'D3'},{'D4'},{'D2'},{'D1'},{'D5'},{'D7'},{'D6'},{'R1'},{'R3'},{'R2'},&,1.0,&
{'D3'},{'D4'},{'D2'},{'D1'},{'R1'},{'D6'},{'D5'},{'R3'},{'D7'},{'R2'},&,1.0,&
{'D3'},{'D4'},{'D2'},{'D5'},{'D1'},{'D6'},{'R3'},{'D7'},{'R2'},{'R1'},&,1.0,&
{'D3'},{'D4'},{'D2'},{'D5'},{'D1'},{'D6'},{'R3'},{'D7'},{'R1'},{'R2'},&,1.0,&
{'D3'},{'D4'},{'D2'},{'D5'},{'D1'},{'D6'},{'D7'},{'R1'},{'R3'},{'R2'},&,1.0,&
{'D3'},{'D4'},{'D2'},{'D5'},{'D1'},{'D6'},{'D7'},{'R2'},{'R3'},{'R1'},&,1.0,&
{'D3'},{'D4'},{'D2'},{'D5'},{'D1'},{'D6'},{'D7'},{'R3'},{'R2'},{'R1'},&,2.0,&
{'D3'},{'D4'},{'D2'},{'D5'},{'D1'},{'D6'},{'D7'},{'R3'},{'R1'},{'R2'},&,1.0,&
{'D3'},{'D4'},{'D2'},{'D5'},{'D1'},{'D7'},{'D6'},{'R3'},{'R2'},{'R1'},&,1.0,&
{'D3'},{'D4'},{'D2'},{'D5'},{'D1'},{'R2'},{'D6'},{'D7'},{'R1'},{'R3'},&,1.0,&
{'D3'},{'D4'},{'D2'},{'D5'},{'D7'},{'D6'},{'R3'},{'D1'},{'R1'},{'R2'},&,1.0,&
{'D3'},{'D4'},{'D2'},{'D5'},{'D7'},{'D6'},{'D1'},{'R1'},{'R2'},{'R3'},&,1.0,&
{'D3'},{'D4'},{'D2'},{'D5'},{'D7'},{'D6'},{'D1'},{'R1'},{'R3'},{'R2'},&,2.0,&
{'D3'},{'D4'},{'D2'},{'D5'},{'D7'},{'D6'},{'D1'},{'R2'},{'R1'},{'R3'},&,1.0,&
{'D3'},{'D4'},{'D2'},{'D5'},{'D7'},{'D6'},{'D1'},{'R3'},{'R1'},{'R2'},&,2.0,&
{'D3'},{'D4'},{'D2'},{'D5'},{'D7'},{'D6'},{'R2'},{'R1'},{'R3'},{'D1'},&,1.0,&
{'D3'},{'D4'},{'D2'},{'D5'},{'D7'},{'D1'},{'D6'},{'R2'},{'R3'},{'R1'},&,1.0,&
{'D3'},{'D4'},{'D2'},{'D5'},{'D7'},{'R3'},{'D1'},{'R1'},{'D6'},{'R2'},&,1.0,&
{'D3'},{'D4'},{'D2'},{'D5'},{'D6'},{'D7'},{'R3'},{'R1'},{'D1'},{'R2'},&,1.0,&
{'D3'},{'D4'},{'D2'},{'D5'},{'D6'},{'D7'},{'R3'},{'D1'},{'R2'},{'R1'},&,1.0,&
{'D3'},{'D4'},{'D2'},{'D5'},{'D6'},{'D7'},{'D1'},{'R1'},{'R3'},{'R2'},&,2.0,&
{'D3'},{'D4'},{'D2'},{'D5'},{'D6'},{'D7'},{'D1'},{'R2'},{'R3'},{'R1'},&,1.0,&
{'D3'},{'D4'},{'D2'},{'D5'},{'D6'},{'D7'},{'D1'},{'R3'},{'R2'},{'R1'},&,4.0,&
{'D3'},{'D4'},{'D2'},{'D5'},{'D6'},{'D7'},{'D1'},{'R3'},{'R1'},{'R2'},&,3.0,&
{'D3'},{'D4'},{'D2'},{'D5'},{'D6'},{'D7'},{'R2'},{'D1'},{'R1'},{'R3'},&,1.0,&
{'D3'},{'D4'},{'D2'},{'D5'},{'D6'},{'D1'},{'D7'},{'R1'},{'R3'},{'R2'},&,2.0,&
{'D3'},{'D4'},{'D2'},{'D5'},{'D6'},{'D1'},{'D7'},{'R2'},{'R3'},{'R1'},&,1.0,&
{'D3'},{'D4'},{'D2'},{'D5'},{'D6'},{'D1'},{'D7'},{'R3'},{'R1'},{'R2'},&,2.0,&
{'D3'},{'D4'},{'D2'},{'D5'},{'R3'},{'D6'},{'D7'},{'D1'},{'R1'},{'R2'},&,1.0,&
{'D3'},{'D4'},{'D2'},{'D6'},{'D1'},{'D7'},{'D5'},{'R3'},{'R2'},{'R1'},&,1.0,&
{'D3'},{'D4'},{'D2'},{'D6'},{'D7'},{'D5'},{'R3'},{'D1'},{'R1'},{'R2'},&,1.0,&
{'D3'},{'D4'},{'D2'},{'D6'},{'D7'},{'D5'},{'D1'},{'R1'},{'R3'},{'R2'},&,2.0,&
{'D3'},{'D4'},{'D2'},{'D6'},{'D7'},{'D5'},{'R2'},{'D1'},{'R3'},{'R1'},&,1.0,&
{'D3'},{'D4'},{'D2'},{'D6'},{'D5'},{'D7'},{'R3'},{'D1'},{'R2'},{'R1'},&,1.0,&
{'D3'},{'D4'},{'D2'},{'D6'},{'D5'},{'D7'},{'D1'},{'R2'},{'R3'},{'R1'},&,1.0,&
{'D3'},{'D4'},{'D2'},{'D6'},{'D5'},{'D7'},{'D1'},{'R2'},{'R1'},{'R3'},&,1.0,&
{'D3'},{'D4'},{'D2'},{'D6'},{'D5'},{'D7'},{'D1'},{'R3'},{'R2'},{'R1'},&,2.0,&
{'D3'},{'D4'},{'D2'},{'D6'},{'D5'},{'D7'},{'D1'},{'R3'},{'R1'},{'R2'},&,5.0,&
{'D3'},{'D4'},{'D2'},{'D6'},{'D5'},{'D7'},{'R1'},{'D1'},{'R3'},{'R2'},&,1.0,&
{'D3'},{'D4'},{'D2'},{'D6'},{'D5'},{'D1'},{'D7'},{'R1'},{'R2'},{'R3'},&,1.0,&
{'D3'},{'D4'},{'D2'},{'D6'},{'D5'},{'D1'},{'D7'},{'R2'},{'R3'},{'R1'},&,2.0,&
{'D3'},{'D4'},{'D2'},{'D6'},{'D5'},{'D1'},{'D7'},{'R3'},{'R2'},{'R1'},&,2.0,&
{'D3'},{'D4'},{'D2'},{'D6'},{'D5'},{'D1'},{'D7'},{'R3'},{'R1'},{'R2'},&,1.0,&
{'D3'},{'D4'},{'D2'},{'D6'},{'D5'},{'R1'},{'D7'},{'D1'},{'R3'},{'R2'},&,1.0,&
{'D3'},{'D4'},{'D2'},{'R3'},{'D6'},{'D5'},{'D7'},{'R2'},{'D1'},{'R1'},&,1.0,&
{'D3'},{'R2'},{'D6'},{'D4'},{'D7'},{'R3'},{'D5'},{'D2'},{'R1'},{'D1'},&,1.0,&
{'D3'},{'R2'},{'D7'},{'D4'},{'D5'},{'D6'},{'D2'},{'D1'},{'R3'},{'R1'},&,1.0,&
{'D6'},{'D3'},{'D4'},{'D7'},{'D1'},{'D2'},{'R3'},{'R2'},{'D5'},{'R1'},&,1.0,&
{'D6'},{'D3'},{'D4'},{'D7'},{'D1'},{'D2'},{'D5'},{'R2'},{'R3'},{'R1'},&,1.0,&
{'D6'},{'D3'},{'D4'},{'D7'},{'D1'},{'D2'},{'D5'},{'R3'},{'R1'},{'R2'},&,1.0,&
{'D6'},{'D3'},{'D4'},{'D7'},{'D1'},{'D5'},{'R3'},{'D2'},{'R1'},{'R2'},&,1.0,&
{'D6'},{'D3'},{'D4'},{'D7'},{'D1'},{'D5'},{'D2'},{'R1'},{'R3'},{'R2'},&,1.0,&
{'D6'},{'D3'},{'D4'},{'D7'},{'D1'},{'D5'},{'D2'},{'R2'},{'R3'},{'R1'},&,1.0,&
{'D6'},{'D3'},{'D4'},{'D7'},{'D1'},{'D5'},{'D2'},{'R3'},{'R1'},{'R2'},&,1.0,&
{'D6'},{'D3'},{'D4'},{'D7'},{'D1'},{'D5'},{'R1'},{'R3'},{'R2'},{'D2'},&,1.0,&
{'D6'},{'D3'},{'D4'},{'D7'},{'D2'},{'D1'},{'D5'},{'R2'},{'R3'},{'R1'},&,1.0,&
{'D6'},{'D3'},{'D4'},{'D7'},{'D2'},{'D5'},{'D1'},{'R1'},{'R3'},{'R2'},&,1.0,&
{'D6'},{'D3'},{'D4'},{'D7'},{'D2'},{'D5'},{'D1'},{'R2'},{'R3'},{'R1'},&,1.0,&
{'D6'},{'D3'},{'D4'},{'D7'},{'D2'},{'D5'},{'D1'},{'R3'},{'R2'},{'R1'},&,1.0,&
{'D6'},{'D3'},{'D4'},{'D7'},{'D5'},{'D1'},{'R3'},{'D2'},{'R1'},{'R2'},&,2.0,&
{'D6'},{'D3'},{'D4'},{'D7'},{'D5'},{'D1'},{'R3'},{'R1'},{'R2'},{'D2'},&,1.0,&
{'D6'},{'D3'},{'D4'},{'D7'},{'D5'},{'D1'},{'D2'},{'R1'},{'R3'},{'R2'},&,8.0,&
{'D6'},{'D3'},{'D4'},{'D7'},{'D5'},{'D1'},{'D2'},{'R2'},{'R3'},{'R1'},&,1.0,&
{'D6'},{'D3'},{'D4'},{'D7'},{'D5'},{'D1'},{'D2'},{'R2'},{'R1'},{'R3'},&,1.0,&
{'D6'},{'D3'},{'D4'},{'D7'},{'D5'},{'D1'},{'D2'},{'R3'},{'R2'},{'R1'},&,7.0,&
{'D6'},{'D3'},{'D4'},{'D7'},{'D5'},{'D1'},{'D2'},{'R3'},{'R1'},{'R2'},&,4.0,&
{'D6'},{'D3'},{'D4'},{'D7'},{'D5'},{'D1'},{'R2'},{'R3'},{'R1'},{'D2'},&,1.0,&
{'D6'},{'D3'},{'D4'},{'D7'},{'D5'},{'D2'},{'R3'},{'R1'},{'R2'},{'D1'},&,1.0,&
{'D6'},{'D3'},{'D4'},{'D7'},{'D5'},{'D2'},{'R3'},{'R1'},{'D1'},{'R2'},&,1.0,&
{'D6'},{'D3'},{'D4'},{'D7'},{'D5'},{'D2'},{'R3'},{'D1'},{'R2'},{'R1'},&,2.0,&
{'D6'},{'D3'},{'D4'},{'D7'},{'D5'},{'D2'},{'R3'},{'D1'},{'R1'},{'R2'},&,2.0,&
{'D6'},{'D3'},{'D4'},{'D7'},{'D5'},{'D2'},{'D1'},{'R1'},{'R2'},{'R3'},&,1.0,&
{'D6'},{'D3'},{'D4'},{'D7'},{'D5'},{'D2'},{'D1'},{'R1'},{'R3'},{'R2'},&,1.0,&
{'D6'},{'D3'},{'D4'},{'D7'},{'D5'},{'D2'},{'D1'},{'R2'},{'R3'},{'R1'},&,1.0,&
{'D6'},{'D3'},{'D4'},{'D7'},{'D5'},{'D2'},{'D1'},{'R2'},{'R1'},{'R3'},&,1.0,&
{'D6'},{'D3'},{'D4'},{'D7'},{'D5'},{'D2'},{'D1'},{'R3'},{'R2'},{'R1'},&,6.0,&
{'D6'},{'D3'},{'D4'},{'D7'},{'D5'},{'D2'},{'D1'},{'R3'},{'R1'},{'R2'},&,3.0,&
{'D6'},{'D3'},{'D4'},{'D7'},{'D5'},{'D2'},{'R2'},{'D1'},{'R1'},{'R3'},&,1.0,&
{'D6'},{'D3'},{'D4'},{'D7'},{'D5'},{'D2'},{'R1'},{'R2'},{'D1'},{'R3'},&,1.0,&
{'D6'},{'D3'},{'D4'},{'D7'},{'D5'},{'R3'},{'D1'},{'D2'},{'R1'},{'R2'},&,1.0,&
{'D6'},{'D3'},{'D4'},{'D7'},{'D5'},{'R3'},{'D1'},{'R2'},{'D2'},{'R1'},&,1.0,&
{'D6'},{'D3'},{'D4'},{'D1'},{'D7'},{'D5'},{'D2'},{'R1'},{'R3'},{'R2'},&,1.0,&
{'D6'},{'D3'},{'D4'},{'D1'},{'D7'},{'D5'},{'D2'},{'R3'},{'R1'},{'R2'},&,2.0,&
{'D6'},{'D3'},{'D4'},{'D1'},{'D2'},{'D5'},{'D7'},{'R1'},{'R2'},{'R3'},&,1.0,&
{'D6'},{'D3'},{'D4'},{'D1'},{'D2'},{'D5'},{'D7'},{'R2'},{'R3'},{'R1'},&,1.0,&
{'D6'},{'D3'},{'D4'},{'D1'},{'D2'},{'D5'},{'D7'},{'R3'},{'R2'},{'R1'},&,1.0,&
{'D6'},{'D3'},{'D4'},{'D1'},{'D5'},{'D7'},{'R3'},{'D2'},{'R1'},{'R2'},&,1.0,&
{'D6'},{'D3'},{'D4'},{'D1'},{'D5'},{'D7'},{'R3'},{'R2'},{'D2'},{'R1'},&,2.0,&
{'D6'},{'D3'},{'D4'},{'D1'},{'D5'},{'D7'},{'D2'},{'R1'},{'R3'},{'R2'},&,4.0,&
{'D6'},{'D3'},{'D4'},{'D1'},{'D5'},{'D7'},{'D2'},{'R2'},{'R1'},{'R3'},&,2.0,&
{'D6'},{'D3'},{'D4'},{'D1'},{'D5'},{'D7'},{'D2'},{'R3'},{'R2'},{'R1'},&,3.0,&
{'D6'},{'D3'},{'D4'},{'D1'},{'D5'},{'D7'},{'D2'},{'R3'},{'R1'},{'R2'},&,3.0,&
{'D6'},{'D3'},{'D4'},{'D1'},{'D5'},{'D7'},{'R1'},{'D2'},{'R2'},{'R3'},&,1.0,&
{'D6'},{'D3'},{'D4'},{'D1'},{'D5'},{'D7'},{'R1'},{'D2'},{'R3'},{'R2'},&,1.0,&
{'D6'},{'D3'},{'D4'},{'D1'},{'D5'},{'D7'},{'R1'},{'R3'},{'R2'},{'D2'},&,1.0,&
{'D6'},{'D3'},{'D4'},{'D1'},{'D5'},{'D2'},{'R3'},{'D7'},{'R2'},{'R1'},&,1.0,&
{'D6'},{'D3'},{'D4'},{'D1'},{'D5'},{'D2'},{'R2'},{'R3'},{'R1'},{'D7'},&,1.0,&
{'D6'},{'D3'},{'D4'},{'D1'},{'D5'},{'D2'},{'D7'},{'R1'},{'R3'},{'R2'},&,1.0,&
{'D6'},{'D3'},{'D4'},{'D1'},{'D5'},{'D2'},{'D7'},{'R2'},{'R1'},{'R3'},&,1.0,&
{'D6'},{'D3'},{'D4'},{'D1'},{'D5'},{'D2'},{'D7'},{'R3'},{'R2'},{'R1'},&,2.0,&
{'D6'},{'D3'},{'D4'},{'D1'},{'D5'},{'R3'},{'D7'},{'D2'},{'R2'},{'R1'},&,1.0,&
{'D6'},{'D3'},{'D4'},{'D1'},{'D5'},{'R3'},{'R1'},{'R2'},{'D2'},{'D7'},&,1.0,&
{'D6'},{'D3'},{'D4'},{'D2'},{'D1'},{'D7'},{'R3'},{'D5'},{'R2'},{'R1'},&,1.0,&
{'D6'},{'D3'},{'D4'},{'D2'},{'D1'},{'D7'},{'D5'},{'R3'},{'R2'},{'R1'},&,2.0,&
{'D6'},{'D3'},{'D4'},{'D2'},{'D1'},{'D5'},{'D7'},{'R1'},{'R3'},{'R2'},&,1.0,&
{'D6'},{'D3'},{'D4'},{'D2'},{'D1'},{'D5'},{'D7'},{'R2'},{'R3'},{'R1'},&,1.0,&
{'D6'},{'D3'},{'D4'},{'D2'},{'D1'},{'D5'},{'D7'},{'R2'},{'R1'},{'R3'},&,1.0,&
{'D6'},{'D3'},{'D4'},{'D2'},{'D7'},{'D1'},{'D5'},{'R3'},{'R2'},{'R1'},&,2.0,&
{'D6'},{'D3'},{'D4'},{'D2'},{'D7'},{'D5'},{'D1'},{'R1'},{'R3'},{'R2'},&,1.0,&
{'D6'},{'D3'},{'D4'},{'D2'},{'D7'},{'D5'},{'D1'},{'R3'},{'R2'},{'R1'},&,1.0,&
{'D6'},{'D3'},{'D4'},{'D2'},{'D5'},{'D7'},{'R3'},{'R1'},{'R2'},{'D1'},&,1.0,&
{'D6'},{'D3'},{'D4'},{'D2'},{'D5'},{'D7'},{'R3'},{'R1'},{'D1'},{'R2'},&,1.0,&
{'D6'},{'D3'},{'D4'},{'D2'},{'D5'},{'D7'},{'R3'},{'R2'},{'D1'},{'R1'},&,1.0,&
{'D6'},{'D3'},{'D4'},{'D2'},{'D5'},{'D7'},{'D1'},{'R1'},{'R3'},{'R2'},&,2.0,&
{'D6'},{'D3'},{'D4'},{'D2'},{'D5'},{'D7'},{'D1'},{'R2'},{'R3'},{'R1'},&,2.0,&
{'D6'},{'D3'},{'D4'},{'D2'},{'D5'},{'D7'},{'D1'},{'R3'},{'R2'},{'R1'},&,2.0,&
{'D6'},{'D3'},{'D4'},{'D2'},{'D5'},{'D7'},{'D1'},{'R3'},{'R1'},{'R2'},&,5.0,&
{'D6'},{'D3'},{'D4'},{'D2'},{'D5'},{'D1'},{'R3'},{'D7'},{'R1'},{'R2'},&,1.0,&
{'D6'},{'D3'},{'D4'},{'D2'},{'D5'},{'D1'},{'R2'},{'R3'},{'D7'},{'R1'},&,1.0,&
{'D6'},{'D3'},{'D4'},{'D2'},{'D5'},{'D1'},{'R2'},{'D7'},{'R1'},{'R3'},&,1.0,&
{'D6'},{'D3'},{'D4'},{'D2'},{'D5'},{'D1'},{'D7'},{'R2'},{'R3'},{'R1'},&,1.0,&
{'D6'},{'D3'},{'D4'},{'D2'},{'D5'},{'D1'},{'D7'},{'R3'},{'R2'},{'R1'},&,1.0,&
{'D6'},{'D3'},{'D4'},{'D2'},{'D5'},{'D1'},{'D7'},{'R3'},{'R1'},{'R2'},&,3.0,&
{'D6'},{'D3'},{'D4'},{'D2'},{'D5'},{'D1'},{'R1'},{'D7'},{'R2'},{'R3'},&,1.0,&
{'D6'},{'D3'},{'D4'},{'D2'},{'D5'},{'R2'},{'D7'},{'D1'},{'R3'},{'R1'},&,1.0,&
{'D6'},{'D3'},{'D4'},{'D2'},{'D5'},{'R3'},{'D7'},{'D1'},{'R2'},{'R1'},&,1.0,&
{'D6'},{'D3'},{'D4'},{'D2'},{'D5'},{'R3'},{'D7'},{'D1'},{'R1'},{'R2'},&,1.0,&
{'D6'},{'D3'},{'D4'},{'D2'},{'R3'},{'D5'},{'R2'},{'R1'},{'D1'},{'D7'},&,1.0,&
{'D6'},{'D3'},{'D4'},{'D2'},{'R1'},{'D5'},{'D7'},{'R3'},{'D1'},{'R2'},&,1.0,&
{'D6'},{'D3'},{'D4'},{'D5'},{'D1'},{'D7'},{'R3'},{'D2'},{'R2'},{'R1'},&,5.0,&
{'D6'},{'D3'},{'D4'},{'D5'},{'D1'},{'D7'},{'R3'},{'D2'},{'R1'},{'R2'},&,1.0,&
{'D6'},{'D3'},{'D4'},{'D5'},{'D1'},{'D7'},{'R3'},{'R1'},{'D2'},{'R2'},&,1.0,&
{'D6'},{'D3'},{'D4'},{'D5'},{'D1'},{'D7'},{'D2'},{'R1'},{'R2'},{'R3'},&,1.0,&
{'D6'},{'D3'},{'D4'},{'D5'},{'D1'},{'D7'},{'D2'},{'R1'},{'R3'},{'R2'},&,3.0,&
{'D6'},{'D3'},{'D4'},{'D5'},{'D1'},{'D7'},{'D2'},{'R2'},{'R3'},{'R1'},&,3.0,&
{'D6'},{'D3'},{'D4'},{'D5'},{'D1'},{'D7'},{'D2'},{'R2'},{'R1'},{'R3'},&,3.0,&
{'D6'},{'D3'},{'D4'},{'D5'},{'D1'},{'D7'},{'D2'},{'R3'},{'R2'},{'R1'},&,6.0,&
{'D6'},{'D3'},{'D4'},{'D5'},{'D1'},{'D7'},{'D2'},{'R3'},{'R1'},{'R2'},&,7.0,&
{'D6'},{'D3'},{'D4'},{'D5'},{'D1'},{'D7'},{'R2'},{'D2'},{'R3'},{'R1'},&,1.0,&
{'D6'},{'D3'},{'D4'},{'D5'},{'D1'},{'D7'},{'R2'},{'R1'},{'D2'},{'R3'},&,1.0,&
{'D6'},{'D3'},{'D4'},{'D5'},{'D1'},{'D2'},{'R3'},{'R1'},{'R2'},{'D7'},&,1.0,&
{'D6'},{'D3'},{'D4'},{'D5'},{'D1'},{'D2'},{'R3'},{'R2'},{'D7'},{'R1'},&,1.0,&
{'D6'},{'D3'},{'D4'},{'D5'},{'D1'},{'D2'},{'R3'},{'D7'},{'R2'},{'R1'},&,2.0,&
{'D6'},{'D3'},{'D4'},{'D5'},{'D1'},{'D2'},{'R3'},{'D7'},{'R1'},{'R2'},&,2.0,&
{'D6'},{'D3'},{'D4'},{'D5'},{'D1'},{'D2'},{'R2'},{'R3'},{'D7'},{'R1'},&,1.0,&
{'D6'},{'D3'},{'D4'},{'D5'},{'D1'},{'D2'},{'D7'},{'R1'},{'R2'},{'R3'},&,1.0,&
{'D6'},{'D3'},{'D4'},{'D5'},{'D1'},{'D2'},{'D7'},{'R1'},{'R3'},{'R2'},&,2.0,&
{'D6'},{'D3'},{'D4'},{'D5'},{'D1'},{'D2'},{'D7'},{'R2'},{'R3'},{'R1'},&,3.0,&
{'D6'},{'D3'},{'D4'},{'D5'},{'D1'},{'D2'},{'D7'},{'R3'},{'R2'},{'R1'},&,5.0,&
{'D6'},{'D3'},{'D4'},{'D5'},{'D1'},{'D2'},{'D7'},{'R3'},{'R1'},{'R2'},&,5.0,&
{'D6'},{'D3'},{'D4'},{'D5'},{'D1'},{'D2'},{'R1'},{'R2'},{'D7'},{'R3'},&,1.0,&
{'D6'},{'D3'},{'D4'},{'D5'},{'D1'},{'D2'},{'R1'},{'R3'},{'D7'},{'R2'},&,1.0,&
{'D6'},{'D3'},{'D4'},{'D5'},{'D1'},{'D2'},{'R1'},{'D7'},{'R2'},{'R3'},&,1.0,&
{'D6'},{'D3'},{'D4'},{'D5'},{'D1'},{'R1'},{'D7'},{'D2'},{'R3'},{'R2'},&,1.0,&
{'D6'},{'D3'},{'D4'},{'D5'},{'D1'},{'R3'},{'D7'},{'D2'},{'R2'},{'R1'},&,1.0,&
{'D6'},{'D3'},{'D4'},{'D5'},{'D1'},{'R3'},{'D7'},{'D2'},{'R1'},{'R2'},&,1.0,&
{'D6'},{'D3'},{'D4'},{'D5'},{'D7'},{'D1'},{'R3'},{'D2'},{'R2'},{'R1'},&,1.0,&
{'D6'},{'D3'},{'D4'},{'D5'},{'D7'},{'D1'},{'R3'},{'D2'},{'R1'},{'R2'},&,3.0,&
{'D6'},{'D3'},{'D4'},{'D5'},{'D7'},{'D1'},{'R3'},{'R1'},{'D2'},{'R2'},&,2.0,&
{'D6'},{'D3'},{'D4'},{'D5'},{'D7'},{'D1'},{'D2'},{'R1'},{'R2'},{'R3'},&,2.0,&
{'D6'},{'D3'},{'D4'},{'D5'},{'D7'},{'D1'},{'D2'},{'R1'},{'R3'},{'R2'},&,5.0,&
{'D6'},{'D3'},{'D4'},{'D5'},{'D7'},{'D1'},{'D2'},{'R2'},{'R3'},{'R1'},&,3.0,&
{'D6'},{'D3'},{'D4'},{'D5'},{'D7'},{'D1'},{'D2'},{'R2'},{'R1'},{'R3'},&,2.0,&
{'D6'},{'D3'},{'D4'},{'D5'},{'D7'},{'D1'},{'D2'},{'R3'},{'R2'},{'R1'},&,9.0,&
{'D6'},{'D3'},{'D4'},{'D5'},{'D7'},{'D1'},{'D2'},{'R3'},{'R1'},{'R2'},&,12.0,&
{'D6'},{'D3'},{'D4'},{'D5'},{'D7'},{'D1'},{'R1'},{'D2'},{'R2'},{'R3'},&,1.0,&
{'D6'},{'D3'},{'D4'},{'D5'},{'D7'},{'D1'},{'R1'},{'D2'},{'R3'},{'R2'},&,1.0,&
{'D6'},{'D3'},{'D4'},{'D5'},{'D7'},{'D1'},{'R1'},{'R3'},{'D2'},{'R2'},&,2.0,&
{'D6'},{'D3'},{'D4'},{'D5'},{'D7'},{'D2'},{'R3'},{'R1'},{'D1'},{'R2'},&,3.0,&
{'D6'},{'D3'},{'D4'},{'D5'},{'D7'},{'D2'},{'R3'},{'D1'},{'R2'},{'R1'},&,2.0,&
{'D6'},{'D3'},{'D4'},{'D5'},{'D7'},{'D2'},{'R3'},{'D1'},{'R1'},{'R2'},&,3.0,&
{'D6'},{'D3'},{'D4'},{'D5'},{'D7'},{'D2'},{'D1'},{'R1'},{'R2'},{'R3'},&,3.0,&
{'D6'},{'D3'},{'D4'},{'D5'},{'D7'},{'D2'},{'D1'},{'R1'},{'R3'},{'R2'},&,9.0,&
{'D6'},{'D3'},{'D4'},{'D5'},{'D7'},{'D2'},{'D1'},{'R2'},{'R3'},{'R1'},&,2.0,&
{'D6'},{'D3'},{'D4'},{'D5'},{'D7'},{'D2'},{'D1'},{'R2'},{'R1'},{'R3'},&,3.0,&
{'D6'},{'D3'},{'D4'},{'D5'},{'D7'},{'D2'},{'D1'},{'R3'},{'R2'},{'R1'},&,4.0,&
{'D6'},{'D3'},{'D4'},{'D5'},{'D7'},{'D2'},{'D1'},{'R3'},{'R1'},{'R2'},&,5.0,&
{'D6'},{'D3'},{'D4'},{'D5'},{'D7'},{'D2'},{'R2'},{'D1'},{'R3'},{'R1'},&,2.0,&
{'D6'},{'D3'},{'D4'},{'D5'},{'D7'},{'D2'},{'R1'},{'D1'},{'R2'},{'R3'},&,1.0,&
{'D6'},{'D3'},{'D4'},{'D5'},{'D7'},{'D2'},{'R1'},{'D1'},{'R3'},{'R2'},&,2.0,&
{'D6'},{'D3'},{'D4'},{'D5'},{'D7'},{'R2'},{'D2'},{'R3'},{'D1'},{'R1'},&,1.0,&
{'D6'},{'D3'},{'D4'},{'D5'},{'D7'},{'R2'},{'D2'},{'D1'},{'R1'},{'R3'},&,1.0,&
{'D6'},{'D3'},{'D4'},{'D5'},{'D7'},{'R1'},{'D1'},{'D2'},{'R2'},{'R3'},&,1.0,&
{'D6'},{'D3'},{'D4'},{'D5'},{'D7'},{'R3'},{'D2'},{'D1'},{'R2'},{'R1'},&,1.0,&
{'D6'},{'D3'},{'D4'},{'D5'},{'D7'},{'R3'},{'D1'},{'D2'},{'R1'},{'R2'},&,1.0,&
{'D6'},{'D3'},{'D4'},{'D5'},{'D2'},{'D7'},{'R3'},{'D1'},{'R2'},{'R1'},&,2.0,&
{'D6'},{'D3'},{'D4'},{'D5'},{'D2'},{'D7'},{'D1'},{'R1'},{'R3'},{'R2'},&,4.0,&
{'D6'},{'D3'},{'D4'},{'D5'},{'D2'},{'D7'},{'D1'},{'R2'},{'R3'},{'R1'},&,3.0,&
{'D6'},{'D3'},{'D4'},{'D5'},{'D2'},{'D7'},{'D1'},{'R2'},{'R1'},{'R3'},&,1.0,&
{'D6'},{'D3'},{'D4'},{'D5'},{'D2'},{'D7'},{'D1'},{'R3'},{'R2'},{'R1'},&,7.0,&
{'D6'},{'D3'},{'D4'},{'D5'},{'D2'},{'D7'},{'D1'},{'R3'},{'R1'},{'R2'},&,7.0,&
{'D6'},{'D3'},{'D4'},{'D5'},{'D2'},{'D7'},{'R1'},{'R3'},{'D1'},{'R2'},&,1.0,&
{'D6'},{'D3'},{'D4'},{'D5'},{'D2'},{'D7'},{'R1'},{'D1'},{'R3'},{'R2'},&,2.0,&
{'D6'},{'D3'},{'D4'},{'D5'},{'D2'},{'D1'},{'R3'},{'D7'},{'R2'},{'R1'},&,1.0,&
{'D6'},{'D3'},{'D4'},{'D5'},{'D2'},{'D1'},{'R3'},{'D7'},{'R1'},{'R2'},&,1.0,&
{'D6'},{'D3'},{'D4'},{'D5'},{'D2'},{'D1'},{'D7'},{'R1'},{'R2'},{'R3'},&,2.0,&
{'D6'},{'D3'},{'D4'},{'D5'},{'D2'},{'D1'},{'D7'},{'R1'},{'R3'},{'R2'},&,5.0,&
{'D6'},{'D3'},{'D4'},{'D5'},{'D2'},{'D1'},{'D7'},{'R3'},{'R2'},{'R1'},&,4.0,&
{'D6'},{'D3'},{'D4'},{'D5'},{'D2'},{'D1'},{'D7'},{'R3'},{'R1'},{'R2'},&,11.0,&
{'D6'},{'D3'},{'D4'},{'D5'},{'D2'},{'D1'},{'R1'},{'D7'},{'R3'},{'R2'},&,2.0,&
{'D6'},{'D3'},{'D4'},{'D5'},{'R3'},{'D1'},{'D2'},{'R1'},{'D7'},{'R2'},&,1.0,&
{'D6'},{'D3'},{'D4'},{'D5'},{'R3'},{'D1'},{'D2'},{'D7'},{'R1'},{'R2'},&,1.0,&
{'D6'},{'D3'},{'D4'},{'D5'},{'R1'},{'D7'},{'D2'},{'D1'},{'R2'},{'R3'},&,1.0,&
{'D6'},{'D3'},{'D4'},{'R2'},{'D5'},{'D1'},{'D7'},{'D2'},{'R1'},{'R3'},&,1.0,&
{'D6'},{'D3'},{'D4'},{'R3'},{'D5'},{'D1'},{'D2'},{'D7'},{'R2'},{'R1'},&,1.0,&
{'D6'},{'D3'},{'D5'},{'D7'},{'D1'},{'D4'},{'R3'},{'D2'},{'R2'},{'R1'},&,3.0,&
{'D6'},{'D3'},{'D5'},{'D7'},{'D1'},{'D4'},{'R3'},{'D2'},{'R1'},{'R2'},&,3.0,&
{'D6'},{'D3'},{'D5'},{'D7'},{'D1'},{'D4'},{'R3'},{'R1'},{'R2'},{'D2'},&,1.0,&
{'D6'},{'D3'},{'D5'},{'D7'},{'D1'},{'D4'},{'R3'},{'R2'},{'D2'},{'R1'},&,3.0,&
{'D6'},{'D3'},{'D5'},{'D7'},{'D1'},{'D4'},{'D2'},{'R1'},{'R2'},{'R3'},&,4.0,&
{'D6'},{'D3'},{'D5'},{'D7'},{'D1'},{'D4'},{'D2'},{'R1'},{'R3'},{'R2'},&,8.0,&
{'D6'},{'D3'},{'D5'},{'D7'},{'D1'},{'D4'},{'D2'},{'R2'},{'R3'},{'R1'},&,10.0,&
{'D6'},{'D3'},{'D5'},{'D7'},{'D1'},{'D4'},{'D2'},{'R2'},{'R1'},{'R3'},&,2.0,&
{'D6'},{'D3'},{'D5'},{'D7'},{'D1'},{'D4'},{'D2'},{'R3'},{'R2'},{'R1'},&,8.0,&
{'D6'},{'D3'},{'D5'},{'D7'},{'D1'},{'D4'},{'D2'},{'R3'},{'R1'},{'R2'},&,17.0,&
{'D6'},{'D3'},{'D5'},{'D7'},{'D1'},{'D4'},{'R2'},{'D2'},{'R3'},{'R1'},&,2.0,&
{'D6'},{'D3'},{'D5'},{'D7'},{'D1'},{'D4'},{'R2'},{'D2'},{'R1'},{'R3'},&,3.0,&
{'D6'},{'D3'},{'D5'},{'D7'},{'D1'},{'D2'},{'R3'},{'R1'},{'D4'},{'R2'},&,2.0,&
{'D6'},{'D3'},{'D5'},{'D7'},{'D1'},{'D2'},{'R3'},{'D4'},{'R2'},{'R1'},&,1.0,&
{'D6'},{'D3'},{'D5'},{'D7'},{'D1'},{'D2'},{'D4'},{'R1'},{'R2'},{'R3'},&,4.0,&
{'D6'},{'D3'},{'D5'},{'D7'},{'D1'},{'D2'},{'D4'},{'R1'},{'R3'},{'R2'},&,2.0,&
{'D6'},{'D3'},{'D5'},{'D7'},{'D1'},{'D2'},{'D4'},{'R2'},{'R3'},{'R1'},&,7.0,&
{'D6'},{'D3'},{'D5'},{'D7'},{'D1'},{'D2'},{'D4'},{'R2'},{'R1'},{'R3'},&,2.0,&
{'D6'},{'D3'},{'D5'},{'D7'},{'D1'},{'D2'},{'D4'},{'R3'},{'R2'},{'R1'},&,8.0,&
{'D6'},{'D3'},{'D5'},{'D7'},{'D1'},{'D2'},{'D4'},{'R3'},{'R1'},{'R2'},&,5.0,&
{'D6'},{'D3'},{'D5'},{'D7'},{'D1'},{'D2'},{'R2'},{'D4'},{'R3'},{'R1'},&,2.0,&
{'D6'},{'D3'},{'D5'},{'D7'},{'D1'},{'R2'},{'D2'},{'D4'},{'R3'},{'R1'},&,1.0,&
{'D6'},{'D3'},{'D5'},{'D7'},{'D1'},{'R2'},{'D4'},{'D2'},{'R1'},{'R3'},&,1.0,&
{'D6'},{'D3'},{'D5'},{'D7'},{'D1'},{'R1'},{'D2'},{'R3'},{'R2'},{'D4'},&,1.0,&
{'D6'},{'D3'},{'D5'},{'D7'},{'D1'},{'R1'},{'D4'},{'D2'},{'R3'},{'R2'},&,1.0,&
{'D6'},{'D3'},{'D5'},{'D7'},{'D1'},{'R1'},{'D4'},{'R2'},{'R3'},{'D2'},&,1.0,&
{'D6'},{'D3'},{'D5'},{'D7'},{'D1'},{'R3'},{'D2'},{'D4'},{'R2'},{'R1'},&,1.0,&
{'D6'},{'D3'},{'D5'},{'D7'},{'D1'},{'R3'},{'D4'},{'R1'},{'D2'},{'R2'},&,1.0,&
{'D6'},{'D3'},{'D5'},{'D7'},{'D1'},{'R3'},{'D4'},{'R2'},{'D2'},{'R1'},&,1.0,&
{'D6'},{'D3'},{'D5'},{'D7'},{'D2'},{'D4'},{'R3'},{'R2'},{'D1'},{'R1'},&,1.0,&
{'D6'},{'D3'},{'D5'},{'D7'},{'D2'},{'D4'},{'R3'},{'D1'},{'R2'},{'R1'},&,2.0,&
{'D6'},{'D3'},{'D5'},{'D7'},{'D2'},{'D4'},{'R3'},{'D1'},{'R1'},{'R2'},&,3.0,&
{'D6'},{'D3'},{'D5'},{'D7'},{'D2'},{'D4'},{'D1'},{'R1'},{'R2'},{'R3'},&,4.0,&
{'D6'},{'D3'},{'D5'},{'D7'},{'D2'},{'D4'},{'D1'},{'R1'},{'R3'},{'R2'},&,10.0,&
{'D6'},{'D3'},{'D5'},{'D7'},{'D2'},{'D4'},{'D1'},{'R2'},{'R3'},{'R1'},&,4.0,&
{'D6'},{'D3'},{'D5'},{'D7'},{'D2'},{'D4'},{'D1'},{'R2'},{'R1'},{'R3'},&,1.0,&
{'D6'},{'D3'},{'D5'},{'D7'},{'D2'},{'D4'},{'D1'},{'R3'},{'R2'},{'R1'},&,13.0,&
{'D6'},{'D3'},{'D5'},{'D7'},{'D2'},{'D4'},{'D1'},{'R3'},{'R1'},{'R2'},&,15.0,&
{'D6'},{'D3'},{'D5'},{'D7'},{'D2'},{'D4'},{'R2'},{'R3'},{'R1'},{'D1'},&,1.0,&
{'D6'},{'D3'},{'D5'},{'D7'},{'D2'},{'D4'},{'R2'},{'D1'},{'R3'},{'R1'},&,1.0,&
{'D6'},{'D3'},{'D5'},{'D7'},{'D2'},{'D4'},{'R1'},{'R3'},{'D1'},{'R2'},&,1.0,&
{'D6'},{'D3'},{'D5'},{'D7'},{'D2'},{'D4'},{'R1'},{'D1'},{'R2'},{'R3'},&,3.0,&
{'D6'},{'D3'},{'D5'},{'D7'},{'D2'},{'D4'},{'R1'},{'D1'},{'R3'},{'R2'},&,4.0,&
{'D6'},{'D3'},{'D5'},{'D7'},{'D2'},{'D1'},{'R3'},{'R1'},{'D4'},{'R2'},&,1.0,&
{'D6'},{'D3'},{'D5'},{'D7'},{'D2'},{'D1'},{'R3'},{'D4'},{'R2'},{'R1'},&,2.0,&
{'D6'},{'D3'},{'D5'},{'D7'},{'D2'},{'D1'},{'R3'},{'D4'},{'R1'},{'R2'},&,1.0,&
{'D6'},{'D3'},{'D5'},{'D7'},{'D2'},{'D1'},{'D4'},{'R1'},{'R2'},{'R3'},&,1.0,&
{'D6'},{'D3'},{'D5'},{'D7'},{'D2'},{'D1'},{'D4'},{'R1'},{'R3'},{'R2'},&,5.0,&
{'D6'},{'D3'},{'D5'},{'D7'},{'D2'},{'D1'},{'D4'},{'R2'},{'R3'},{'R1'},&,9.0,&
{'D6'},{'D3'},{'D5'},{'D7'},{'D2'},{'D1'},{'D4'},{'R2'},{'R1'},{'R3'},&,4.0,&
{'D6'},{'D3'},{'D5'},{'D7'},{'D2'},{'D1'},{'D4'},{'R3'},{'R2'},{'R1'},&,10.0,&
{'D6'},{'D3'},{'D5'},{'D7'},{'D2'},{'D1'},{'D4'},{'R3'},{'R1'},{'R2'},&,4.0,&
{'D6'},{'D3'},{'D5'},{'D7'},{'D2'},{'D1'},{'R2'},{'R1'},{'R3'},{'D4'},&,1.0,&
{'D6'},{'D3'},{'D5'},{'D7'},{'D2'},{'D1'},{'R2'},{'D4'},{'R3'},{'R1'},&,1.0,&
{'D6'},{'D3'},{'D5'},{'D7'},{'D2'},{'R1'},{'D4'},{'D1'},{'R3'},{'R2'},&,1.0,&
{'D6'},{'D3'},{'D5'},{'D7'},{'D2'},{'R3'},{'D1'},{'D4'},{'R2'},{'R1'},&,1.0,&
{'D6'},{'D3'},{'D5'},{'D7'},{'D2'},{'R3'},{'D4'},{'D1'},{'R2'},{'R1'},&,2.0,&
{'D6'},{'D3'},{'D5'},{'D7'},{'D4'},{'D1'},{'R3'},{'D2'},{'R2'},{'R1'},&,4.0,&
{'D6'},{'D3'},{'D5'},{'D7'},{'D4'},{'D1'},{'R3'},{'D2'},{'R1'},{'R2'},&,6.0,&
{'D6'},{'D3'},{'D5'},{'D7'},{'D4'},{'D1'},{'R3'},{'R1'},{'D2'},{'R2'},&,1.0,&
{'D6'},{'D3'},{'D5'},{'D7'},{'D4'},{'D1'},{'R3'},{'R2'},{'R1'},{'D2'},&,2.0,&
{'D6'},{'D3'},{'D5'},{'D7'},{'D4'},{'D1'},{'D2'},{'R1'},{'R2'},{'R3'},&,3.0,&
{'D6'},{'D3'},{'D5'},{'D7'},{'D4'},{'D1'},{'D2'},{'R1'},{'R3'},{'R2'},&,11.0,&
{'D6'},{'D3'},{'D5'},{'D7'},{'D4'},{'D1'},{'D2'},{'R2'},{'R3'},{'R1'},&,9.0,&
{'D6'},{'D3'},{'D5'},{'D7'},{'D4'},{'D1'},{'D2'},{'R2'},{'R1'},{'R3'},&,5.0,&
{'D6'},{'D3'},{'D5'},{'D7'},{'D4'},{'D1'},{'D2'},{'R3'},{'R2'},{'R1'},&,18.0,&
{'D6'},{'D3'},{'D5'},{'D7'},{'D4'},{'D1'},{'D2'},{'R3'},{'R1'},{'R2'},&,20.0,&
{'D6'},{'D3'},{'D5'},{'D7'},{'D4'},{'D1'},{'R2'},{'D2'},{'R3'},{'R1'},&,3.0,&
{'D6'},{'D3'},{'D5'},{'D7'},{'D4'},{'D1'},{'R2'},{'D2'},{'R1'},{'R3'},&,1.0,&
{'D6'},{'D3'},{'D5'},{'D7'},{'D4'},{'D1'},{'R2'},{'R3'},{'D2'},{'R1'},&,1.0,&
{'D6'},{'D3'},{'D5'},{'D7'},{'D4'},{'D1'},{'R1'},{'D2'},{'R2'},{'R3'},&,1.0,&
{'D6'},{'D3'},{'D5'},{'D7'},{'D4'},{'D1'},{'R1'},{'D2'},{'R3'},{'R2'},&,4.0,&
{'D6'},{'D3'},{'D5'},{'D7'},{'D4'},{'D1'},{'R1'},{'R3'},{'D2'},{'R2'},&,2.0,&
{'D6'},{'D3'},{'D5'},{'D7'},{'D4'},{'D2'},{'R3'},{'R2'},{'D1'},{'R1'},&,2.0,&
{'D6'},{'D3'},{'D5'},{'D7'},{'D4'},{'D2'},{'R3'},{'D1'},{'R2'},{'R1'},&,5.0,&
{'D6'},{'D3'},{'D5'},{'D7'},{'D4'},{'D2'},{'R3'},{'D1'},{'R1'},{'R2'},&,8.0,&
{'D6'},{'D3'},{'D5'},{'D7'},{'D4'},{'D2'},{'D1'},{'R1'},{'R2'},{'R3'},&,1.0,&
{'D6'},{'D3'},{'D5'},{'D7'},{'D4'},{'D2'},{'D1'},{'R1'},{'R3'},{'R2'},&,5.0,&
{'D6'},{'D3'},{'D5'},{'D7'},{'D4'},{'D2'},{'D1'},{'R2'},{'R3'},{'R1'},&,7.0,&
{'D6'},{'D3'},{'D5'},{'D7'},{'D4'},{'D2'},{'D1'},{'R2'},{'R1'},{'R3'},&,4.0,&
{'D6'},{'D3'},{'D5'},{'D7'},{'D4'},{'D2'},{'D1'},{'R3'},{'R2'},{'R1'},&,13.0,&
{'D6'},{'D3'},{'D5'},{'D7'},{'D4'},{'D2'},{'D1'},{'R3'},{'R1'},{'R2'},&,19.0,&
{'D6'},{'D3'},{'D5'},{'D7'},{'D4'},{'D2'},{'R2'},{'R3'},{'D1'},{'R1'},&,1.0,&
{'D6'},{'D3'},{'D5'},{'D7'},{'D4'},{'D2'},{'R2'},{'D1'},{'R3'},{'R1'},&,2.0,&
{'D6'},{'D3'},{'D5'},{'D7'},{'D4'},{'D2'},{'R1'},{'R3'},{'R2'},{'D1'},&,1.0,&
{'D6'},{'D3'},{'D5'},{'D7'},{'D4'},{'D2'},{'R1'},{'D1'},{'R2'},{'R3'},&,1.0,&
{'D6'},{'D3'},{'D5'},{'D7'},{'D4'},{'R2'},{'R1'},{'D2'},{'D1'},{'R3'},&,1.0,&
{'D6'},{'D3'},{'D5'},{'D7'},{'D4'},{'R1'},{'R3'},{'D1'},{'R2'},{'D2'},&,1.0,&
{'D6'},{'D3'},{'D5'},{'D7'},{'D4'},{'R1'},{'D2'},{'D1'},{'R3'},{'R2'},&,1.0,&
{'D6'},{'D3'},{'D5'},{'D7'},{'D4'},{'R1'},{'D1'},{'D2'},{'R2'},{'R3'},&,4.0,&
{'D6'},{'D3'},{'D5'},{'D7'},{'D4'},{'R3'},{'D2'},{'D1'},{'R2'},{'R1'},&,2.0,&
{'D6'},{'D3'},{'D5'},{'D7'},{'D4'},{'R3'},{'D2'},{'D1'},{'R1'},{'R2'},&,1.0,&
{'D6'},{'D3'},{'D5'},{'D7'},{'D4'},{'R3'},{'D1'},{'D2'},{'R2'},{'R1'},&,2.0,&
{'D6'},{'D3'},{'D5'},{'D7'},{'D4'},{'R3'},{'D1'},{'D2'},{'R1'},{'R2'},&,2.0,&
{'D6'},{'D3'},{'D5'},{'D7'},{'D4'},{'R3'},{'D1'},{'R1'},{'D2'},{'R2'},&,1.0,&
{'D6'},{'D3'},{'D5'},{'D7'},{'D4'},{'R3'},{'R1'},{'D1'},{'D2'},{'R2'},&,1.0,&
{'D6'},{'D3'},{'D5'},{'D7'},{'R3'},{'D4'},{'D2'},{'D1'},{'R2'},{'R1'},&,1.0,&
{'D6'},{'D3'},{'D5'},{'D7'},{'R3'},{'D4'},{'D1'},{'D2'},{'R2'},{'R1'},&,2.0,&
{'D6'},{'D3'},{'D5'},{'D7'},{'R3'},{'D2'},{'D4'},{'D1'},{'R2'},{'R1'},&,1.0,&
{'D6'},{'D3'},{'D5'},{'D7'},{'R2'},{'D2'},{'D1'},{'D4'},{'R3'},{'R1'},&,1.0,&
{'D6'},{'D3'},{'D5'},{'D7'},{'R1'},{'D4'},{'D1'},{'R3'},{'D2'},{'R2'},&,1.0,&
{'D6'},{'D3'},{'D5'},{'D1'},{'D7'},{'D4'},{'R3'},{'D2'},{'R2'},{'R1'},&,1.0,&
{'D6'},{'D3'},{'D5'},{'D1'},{'D7'},{'D4'},{'R3'},{'D2'},{'R1'},{'R2'},&,3.0,&
{'D6'},{'D3'},{'D5'},{'D1'},{'D7'},{'D4'},{'R3'},{'R1'},{'D2'},{'R2'},&,1.0,&
{'D6'},{'D3'},{'D5'},{'D1'},{'D7'},{'D4'},{'R3'},{'R2'},{'R1'},{'D2'},&,1.0,&
{'D6'},{'D3'},{'D5'},{'D1'},{'D7'},{'D4'},{'D2'},{'R1'},{'R2'},{'R3'},&,1.0,&
{'D6'},{'D3'},{'D5'},{'D1'},{'D7'},{'D4'},{'D2'},{'R1'},{'R3'},{'R2'},&,5.0,&
{'D6'},{'D3'},{'D5'},{'D1'},{'D7'},{'D4'},{'D2'},{'R2'},{'R3'},{'R1'},&,6.0,&
{'D6'},{'D3'},{'D5'},{'D1'},{'D7'},{'D4'},{'D2'},{'R2'},{'R1'},{'R3'},&,3.0,&
{'D6'},{'D3'},{'D5'},{'D1'},{'D7'},{'D4'},{'D2'},{'R3'},{'R2'},{'R1'},&,13.0,&
{'D6'},{'D3'},{'D5'},{'D1'},{'D7'},{'D4'},{'D2'},{'R3'},{'R1'},{'R2'},&,9.0,&
{'D6'},{'D3'},{'D5'},{'D1'},{'D7'},{'D4'},{'R2'},{'D2'},{'R3'},{'R1'},&,1.0,&
{'D6'},{'D3'},{'D5'},{'D1'},{'D7'},{'D4'},{'R1'},{'D2'},{'R3'},{'R2'},&,3.0,&
{'D6'},{'D3'},{'D5'},{'D1'},{'D7'},{'D4'},{'R1'},{'R3'},{'D2'},{'R2'},&,1.0,&
{'D6'},{'D3'},{'D5'},{'D1'},{'D7'},{'D2'},{'R3'},{'D4'},{'R2'},{'R1'},&,1.0,&
{'D6'},{'D3'},{'D5'},{'D1'},{'D7'},{'D2'},{'R3'},{'D4'},{'R1'},{'R2'},&,5.0,&
{'D6'},{'D3'},{'D5'},{'D1'},{'D7'},{'D2'},{'D4'},{'R1'},{'R2'},{'R3'},&,1.0,&
{'D6'},{'D3'},{'D5'},{'D1'},{'D7'},{'D2'},{'D4'},{'R1'},{'R3'},{'R2'},&,3.0,&
{'D6'},{'D3'},{'D5'},{'D1'},{'D7'},{'D2'},{'D4'},{'R2'},{'R3'},{'R1'},&,3.0,&
{'D6'},{'D3'},{'D5'},{'D1'},{'D7'},{'D2'},{'D4'},{'R2'},{'R1'},{'R3'},&,1.0,&
{'D6'},{'D3'},{'D5'},{'D1'},{'D7'},{'D2'},{'D4'},{'R3'},{'R2'},{'R1'},&,7.0,&
{'D6'},{'D3'},{'D5'},{'D1'},{'D7'},{'D2'},{'D4'},{'R3'},{'R1'},{'R2'},&,5.0,&
{'D6'},{'D3'},{'D5'},{'D1'},{'D7'},{'D2'},{'R1'},{'D4'},{'R3'},{'R2'},&,3.0,&
{'D6'},{'D3'},{'D5'},{'D1'},{'D7'},{'R2'},{'D4'},{'D2'},{'R3'},{'R1'},&,1.0,&
{'D6'},{'D3'},{'D5'},{'D1'},{'D7'},{'R1'},{'D2'},{'D4'},{'R3'},{'R2'},&,1.0,&
{'D6'},{'D3'},{'D5'},{'D1'},{'D7'},{'R1'},{'D4'},{'D2'},{'R3'},{'R2'},&,1.0,&
{'D6'},{'D3'},{'D5'},{'D1'},{'D7'},{'R3'},{'D2'},{'D4'},{'R2'},{'R1'},&,1.0,&
{'D6'},{'D3'},{'D5'},{'D1'},{'D7'},{'R3'},{'D4'},{'D2'},{'R2'},{'R1'},&,1.0,&
{'D6'},{'D3'},{'D5'},{'D1'},{'D7'},{'R3'},{'D4'},{'R2'},{'D2'},{'R1'},&,1.0,&
{'D6'},{'D3'},{'D5'},{'D1'},{'D2'},{'D4'},{'R3'},{'R2'},{'R1'},{'D7'},&,1.0,&
{'D6'},{'D3'},{'D5'},{'D1'},{'D2'},{'D4'},{'R3'},{'R2'},{'D7'},{'R1'},&,1.0,&
{'D6'},{'D3'},{'D5'},{'D1'},{'D2'},{'D4'},{'R3'},{'D7'},{'R2'},{'R1'},&,3.0,&
{'D6'},{'D3'},{'D5'},{'D1'},{'D2'},{'D4'},{'R3'},{'D7'},{'R1'},{'R2'},&,1.0,&
{'D6'},{'D3'},{'D5'},{'D1'},{'D2'},{'D4'},{'D7'},{'R1'},{'R2'},{'R3'},&,1.0,&
{'D6'},{'D3'},{'D5'},{'D1'},{'D2'},{'D4'},{'D7'},{'R1'},{'R3'},{'R2'},&,4.0,&
{'D6'},{'D3'},{'D5'},{'D1'},{'D2'},{'D4'},{'D7'},{'R2'},{'R3'},{'R1'},&,4.0,&
{'D6'},{'D3'},{'D5'},{'D1'},{'D2'},{'D4'},{'D7'},{'R2'},{'R1'},{'R3'},&,2.0,&
{'D6'},{'D3'},{'D5'},{'D1'},{'D2'},{'D4'},{'D7'},{'R3'},{'R2'},{'R1'},&,4.0,&
{'D6'},{'D3'},{'D5'},{'D1'},{'D2'},{'D4'},{'D7'},{'R3'},{'R1'},{'R2'},&,6.0,&
{'D6'},{'D3'},{'D5'},{'D1'},{'D2'},{'D4'},{'R1'},{'D7'},{'R3'},{'R2'},&,2.0,&
{'D6'},{'D3'},{'D5'},{'D1'},{'D2'},{'D7'},{'R3'},{'R2'},{'D4'},{'R1'},&,2.0,&
{'D6'},{'D3'},{'D5'},{'D1'},{'D2'},{'D7'},{'R3'},{'D4'},{'R1'},{'R2'},&,2.0,&
{'D6'},{'D3'},{'D5'},{'D1'},{'D2'},{'D7'},{'D4'},{'R1'},{'R3'},{'R2'},&,4.0,&
{'D6'},{'D3'},{'D5'},{'D1'},{'D2'},{'D7'},{'D4'},{'R2'},{'R3'},{'R1'},&,2.0,&
{'D6'},{'D3'},{'D5'},{'D1'},{'D2'},{'D7'},{'D4'},{'R3'},{'R2'},{'R1'},&,5.0,&
{'D6'},{'D3'},{'D5'},{'D1'},{'D2'},{'D7'},{'D4'},{'R3'},{'R1'},{'R2'},&,9.0,&
{'D6'},{'D3'},{'D5'},{'D1'},{'D2'},{'D7'},{'R2'},{'R3'},{'R1'},{'D4'},&,1.0,&
{'D6'},{'D3'},{'D5'},{'D1'},{'D2'},{'D7'},{'R2'},{'D4'},{'R3'},{'R1'},&,3.0,&
{'D6'},{'D3'},{'D5'},{'D1'},{'D2'},{'D7'},{'R1'},{'R3'},{'D4'},{'R2'},&,1.0,&
{'D6'},{'D3'},{'D5'},{'D1'},{'D2'},{'R2'},{'D7'},{'D4'},{'R1'},{'R3'},&,1.0,&
{'D6'},{'D3'},{'D5'},{'D1'},{'D2'},{'R1'},{'D4'},{'R2'},{'R3'},{'D7'},&,1.0,&
{'D6'},{'D3'},{'D5'},{'D1'},{'D4'},{'D7'},{'R3'},{'D2'},{'R2'},{'R1'},&,4.0,&
{'D6'},{'D3'},{'D5'},{'D1'},{'D4'},{'D7'},{'R3'},{'D2'},{'R1'},{'R2'},&,4.0,&
{'D6'},{'D3'},{'D5'},{'D1'},{'D4'},{'D7'},{'R3'},{'R2'},{'D2'},{'R1'},&,1.0,&
{'D6'},{'D3'},{'D5'},{'D1'},{'D4'},{'D7'},{'D2'},{'R1'},{'R2'},{'R3'},&,3.0,&
{'D6'},{'D3'},{'D5'},{'D1'},{'D4'},{'D7'},{'D2'},{'R1'},{'R3'},{'R2'},&,8.0,&
{'D6'},{'D3'},{'D5'},{'D1'},{'D4'},{'D7'},{'D2'},{'R2'},{'R3'},{'R1'},&,5.0,&
{'D6'},{'D3'},{'D5'},{'D1'},{'D4'},{'D7'},{'D2'},{'R2'},{'R1'},{'R3'},&,3.0,&
{'D6'},{'D3'},{'D5'},{'D1'},{'D4'},{'D7'},{'D2'},{'R3'},{'R2'},{'R1'},&,6.0,&
{'D6'},{'D3'},{'D5'},{'D1'},{'D4'},{'D7'},{'D2'},{'R3'},{'R1'},{'R2'},&,11.0,&
{'D6'},{'D3'},{'D5'},{'D1'},{'D4'},{'D7'},{'R2'},{'D2'},{'R3'},{'R1'},&,1.0,&
{'D6'},{'D3'},{'D5'},{'D1'},{'D4'},{'D7'},{'R1'},{'D2'},{'R2'},{'R3'},&,1.0,&
{'D6'},{'D3'},{'D5'},{'D1'},{'D4'},{'D7'},{'R1'},{'R3'},{'R2'},{'D2'},&,1.0,&
{'D6'},{'D3'},{'D5'},{'D1'},{'D4'},{'D2'},{'R3'},{'D7'},{'R1'},{'R2'},&,2.0,&
{'D6'},{'D3'},{'D5'},{'D1'},{'D4'},{'D2'},{'R2'},{'D7'},{'R1'},{'R3'},&,1.0,&
{'D6'},{'D3'},{'D5'},{'D1'},{'D4'},{'D2'},{'D7'},{'R1'},{'R3'},{'R2'},&,4.0,&
{'D6'},{'D3'},{'D5'},{'D1'},{'D4'},{'D2'},{'D7'},{'R2'},{'R3'},{'R1'},&,3.0,&
{'D6'},{'D3'},{'D5'},{'D1'},{'D4'},{'D2'},{'D7'},{'R2'},{'R1'},{'R3'},&,1.0,&
{'D6'},{'D3'},{'D5'},{'D1'},{'D4'},{'D2'},{'D7'},{'R3'},{'R2'},{'R1'},&,7.0,&
{'D6'},{'D3'},{'D5'},{'D1'},{'D4'},{'D2'},{'D7'},{'R3'},{'R1'},{'R2'},&,5.0,&
{'D6'},{'D3'},{'D5'},{'D1'},{'D4'},{'D2'},{'R1'},{'D7'},{'R3'},{'R2'},&,1.0,&
{'D6'},{'D3'},{'D5'},{'D1'},{'D4'},{'R2'},{'D7'},{'D2'},{'R3'},{'R1'},&,1.0,&
{'D6'},{'D3'},{'D5'},{'D1'},{'D4'},{'R1'},{'D2'},{'D7'},{'R3'},{'R2'},&,1.0,&
{'D6'},{'D3'},{'D5'},{'D1'},{'D4'},{'R1'},{'D7'},{'D2'},{'R2'},{'R3'},&,1.0,&
{'D6'},{'D3'},{'D5'},{'D1'},{'D4'},{'R1'},{'D7'},{'R3'},{'R2'},{'D2'},&,1.0,&
{'D6'},{'D3'},{'D5'},{'D1'},{'D4'},{'R3'},{'D2'},{'D7'},{'R2'},{'R1'},&,1.0,&
{'D6'},{'D3'},{'D5'},{'D1'},{'R3'},{'D7'},{'D4'},{'D2'},{'R2'},{'R1'},&,1.0,&
{'D6'},{'D3'},{'D5'},{'D1'},{'R2'},{'D7'},{'D2'},{'D4'},{'R3'},{'R1'},&,1.0,&
{'D6'},{'D3'},{'D5'},{'D2'},{'D1'},{'D4'},{'R3'},{'D7'},{'R2'},{'R1'},&,1.0,&
{'D6'},{'D3'},{'D5'},{'D2'},{'D1'},{'D4'},{'R3'},{'D7'},{'R1'},{'R2'},&,2.0,&
{'D6'},{'D3'},{'D5'},{'D2'},{'D1'},{'D4'},{'R2'},{'D7'},{'R3'},{'R1'},&,1.0,&
{'D6'},{'D3'},{'D5'},{'D2'},{'D1'},{'D4'},{'D7'},{'R1'},{'R2'},{'R3'},&,3.0,&
{'D6'},{'D3'},{'D5'},{'D2'},{'D1'},{'D4'},{'D7'},{'R1'},{'R3'},{'R2'},&,3.0,&
{'D6'},{'D3'},{'D5'},{'D2'},{'D1'},{'D4'},{'D7'},{'R2'},{'R3'},{'R1'},&,4.0,&
{'D6'},{'D3'},{'D5'},{'D2'},{'D1'},{'D4'},{'D7'},{'R2'},{'R1'},{'R3'},&,1.0,&
{'D6'},{'D3'},{'D5'},{'D2'},{'D1'},{'D4'},{'D7'},{'R3'},{'R2'},{'R1'},&,3.0,&
{'D6'},{'D3'},{'D5'},{'D2'},{'D1'},{'D4'},{'D7'},{'R3'},{'R1'},{'R2'},&,5.0,&
{'D6'},{'D3'},{'D5'},{'D2'},{'D1'},{'D7'},{'R3'},{'R2'},{'D4'},{'R1'},&,1.0,&
{'D6'},{'D3'},{'D5'},{'D2'},{'D1'},{'D7'},{'D4'},{'R1'},{'R2'},{'R3'},&,2.0,&
{'D6'},{'D3'},{'D5'},{'D2'},{'D1'},{'D7'},{'D4'},{'R1'},{'R3'},{'R2'},&,1.0,&
{'D6'},{'D3'},{'D5'},{'D2'},{'D1'},{'D7'},{'D4'},{'R2'},{'R3'},{'R1'},&,2.0,&
{'D6'},{'D3'},{'D5'},{'D2'},{'D1'},{'D7'},{'D4'},{'R2'},{'R1'},{'R3'},&,1.0,&
{'D6'},{'D3'},{'D5'},{'D2'},{'D1'},{'D7'},{'D4'},{'R3'},{'R2'},{'R1'},&,6.0,&
{'D6'},{'D3'},{'D5'},{'D2'},{'D1'},{'D7'},{'D4'},{'R3'},{'R1'},{'R2'},&,5.0,&
{'D6'},{'D3'},{'D5'},{'D2'},{'D1'},{'D7'},{'R2'},{'R1'},{'D4'},{'R3'},&,1.0,&
{'D6'},{'D3'},{'D5'},{'D2'},{'D1'},{'D7'},{'R2'},{'R3'},{'D4'},{'R1'},&,1.0,&
{'D6'},{'D3'},{'D5'},{'D2'},{'D1'},{'D7'},{'R1'},{'D4'},{'R3'},{'R2'},&,1.0,&
{'D6'},{'D3'},{'D5'},{'D2'},{'D7'},{'D4'},{'R3'},{'R1'},{'D1'},{'R2'},&,1.0,&
{'D6'},{'D3'},{'D5'},{'D2'},{'D7'},{'D4'},{'R3'},{'D1'},{'R2'},{'R1'},&,2.0,&
{'D6'},{'D3'},{'D5'},{'D2'},{'D7'},{'D4'},{'R3'},{'D1'},{'R1'},{'R2'},&,3.0,&
{'D6'},{'D3'},{'D5'},{'D2'},{'D7'},{'D4'},{'D1'},{'R1'},{'R2'},{'R3'},&,3.0,&
{'D6'},{'D3'},{'D5'},{'D2'},{'D7'},{'D4'},{'D1'},{'R1'},{'R3'},{'R2'},&,9.0,&
{'D6'},{'D3'},{'D5'},{'D2'},{'D7'},{'D4'},{'D1'},{'R2'},{'R3'},{'R1'},&,5.0,&
{'D6'},{'D3'},{'D5'},{'D2'},{'D7'},{'D4'},{'D1'},{'R2'},{'R1'},{'R3'},&,1.0,&
{'D6'},{'D3'},{'D5'},{'D2'},{'D7'},{'D4'},{'D1'},{'R3'},{'R2'},{'R1'},&,7.0,&
{'D6'},{'D3'},{'D5'},{'D2'},{'D7'},{'D4'},{'D1'},{'R3'},{'R1'},{'R2'},&,11.0,&
{'D6'},{'D3'},{'D5'},{'D2'},{'D7'},{'D4'},{'R2'},{'D1'},{'R3'},{'R1'},&,3.0,&
{'D6'},{'D3'},{'D5'},{'D2'},{'D7'},{'D4'},{'R1'},{'D1'},{'R2'},{'R3'},&,1.0,&
{'D6'},{'D3'},{'D5'},{'D2'},{'D7'},{'D4'},{'R1'},{'D1'},{'R3'},{'R2'},&,4.0,&
{'D6'},{'D3'},{'D5'},{'D2'},{'D7'},{'D1'},{'R3'},{'R1'},{'D4'},{'R2'},&,1.0,&
{'D6'},{'D3'},{'D5'},{'D2'},{'D7'},{'D1'},{'R3'},{'R2'},{'D4'},{'R1'},&,1.0,&
{'D6'},{'D3'},{'D5'},{'D2'},{'D7'},{'D1'},{'R3'},{'D4'},{'R2'},{'R1'},&,2.0,&
{'D6'},{'D3'},{'D5'},{'D2'},{'D7'},{'D1'},{'D4'},{'R1'},{'R2'},{'R3'},&,5.0,&
{'D6'},{'D3'},{'D5'},{'D2'},{'D7'},{'D1'},{'D4'},{'R1'},{'R3'},{'R2'},&,1.0,&
{'D6'},{'D3'},{'D5'},{'D2'},{'D7'},{'D1'},{'D4'},{'R2'},{'R3'},{'R1'},&,3.0,&
{'D6'},{'D3'},{'D5'},{'D2'},{'D7'},{'D1'},{'D4'},{'R2'},{'R1'},{'R3'},&,1.0,&
{'D6'},{'D3'},{'D5'},{'D2'},{'D7'},{'D1'},{'D4'},{'R3'},{'R2'},{'R1'},&,3.0,&
{'D6'},{'D3'},{'D5'},{'D2'},{'D7'},{'D1'},{'D4'},{'R3'},{'R1'},{'R2'},&,4.0,&
{'D6'},{'D3'},{'D5'},{'D2'},{'D7'},{'D1'},{'R2'},{'D4'},{'R3'},{'R1'},&,1.0,&
{'D6'},{'D3'},{'D5'},{'D2'},{'D7'},{'D1'},{'R1'},{'D4'},{'R3'},{'R2'},&,2.0,&
{'D6'},{'D3'},{'D5'},{'D2'},{'D7'},{'R2'},{'D1'},{'R3'},{'D4'},{'R1'},&,1.0,&
{'D6'},{'D3'},{'D5'},{'D2'},{'D7'},{'R2'},{'D1'},{'D4'},{'R3'},{'R1'},&,1.0,&
{'D6'},{'D3'},{'D5'},{'D2'},{'D7'},{'R1'},{'D4'},{'D1'},{'R3'},{'R2'},&,1.0,&
{'D6'},{'D3'},{'D5'},{'D2'},{'D7'},{'R3'},{'D1'},{'R1'},{'D4'},{'R2'},&,1.0,&
{'D6'},{'D3'},{'D5'},{'D2'},{'D7'},{'R3'},{'D4'},{'R2'},{'R1'},{'D1'},&,1.0,&
{'D6'},{'D3'},{'D5'},{'D2'},{'D7'},{'R3'},{'D4'},{'D1'},{'R1'},{'R2'},&,1.0,&
{'D6'},{'D3'},{'D5'},{'D2'},{'D4'},{'D7'},{'R3'},{'R1'},{'R2'},{'D1'},&,1.0,&
{'D6'},{'D3'},{'D5'},{'D2'},{'D4'},{'D7'},{'R3'},{'R2'},{'R1'},{'D1'},&,1.0,&
{'D6'},{'D3'},{'D5'},{'D2'},{'D4'},{'D7'},{'R3'},{'D1'},{'R2'},{'R1'},&,2.0,&
{'D6'},{'D3'},{'D5'},{'D2'},{'D4'},{'D7'},{'R3'},{'D1'},{'R1'},{'R2'},&,3.0,&
{'D6'},{'D3'},{'D5'},{'D2'},{'D4'},{'D7'},{'D1'},{'R1'},{'R2'},{'R3'},&,6.0,&
{'D6'},{'D3'},{'D5'},{'D2'},{'D4'},{'D7'},{'D1'},{'R1'},{'R3'},{'R2'},&,4.0,&
{'D6'},{'D3'},{'D5'},{'D2'},{'D4'},{'D7'},{'D1'},{'R2'},{'R3'},{'R1'},&,2.0,&
{'D6'},{'D3'},{'D5'},{'D2'},{'D4'},{'D7'},{'D1'},{'R2'},{'R1'},{'R3'},&,2.0,&
{'D6'},{'D3'},{'D5'},{'D2'},{'D4'},{'D7'},{'D1'},{'R3'},{'R2'},{'R1'},&,5.0,&
{'D6'},{'D3'},{'D5'},{'D2'},{'D4'},{'D7'},{'D1'},{'R3'},{'R1'},{'R2'},&,12.0,&
{'D6'},{'D3'},{'D5'},{'D2'},{'D4'},{'D7'},{'R2'},{'R3'},{'R1'},{'D1'},&,1.0,&
{'D6'},{'D3'},{'D5'},{'D2'},{'D4'},{'D7'},{'R2'},{'D1'},{'R3'},{'R1'},&,2.0,&
{'D6'},{'D3'},{'D5'},{'D2'},{'D4'},{'D7'},{'R1'},{'R3'},{'D1'},{'R2'},&,1.0,&
{'D6'},{'D3'},{'D5'},{'D2'},{'D4'},{'D1'},{'R3'},{'D7'},{'R2'},{'R1'},&,3.0,&
{'D6'},{'D3'},{'D5'},{'D2'},{'D4'},{'D1'},{'R3'},{'D7'},{'R1'},{'R2'},&,3.0,&
{'D6'},{'D3'},{'D5'},{'D2'},{'D4'},{'D1'},{'R2'},{'R3'},{'D7'},{'R1'},&,1.0,&
{'D6'},{'D3'},{'D5'},{'D2'},{'D4'},{'D1'},{'D7'},{'R1'},{'R3'},{'R2'},&,1.0,&
{'D6'},{'D3'},{'D5'},{'D2'},{'D4'},{'D1'},{'D7'},{'R2'},{'R3'},{'R1'},&,2.0,&
{'D6'},{'D3'},{'D5'},{'D2'},{'D4'},{'D1'},{'D7'},{'R2'},{'R1'},{'R3'},&,1.0,&
{'D6'},{'D3'},{'D5'},{'D2'},{'D4'},{'D1'},{'D7'},{'R3'},{'R2'},{'R1'},&,7.0,&
{'D6'},{'D3'},{'D5'},{'D2'},{'D4'},{'D1'},{'D7'},{'R3'},{'R1'},{'R2'},&,7.0,&
{'D6'},{'D3'},{'D5'},{'D2'},{'D4'},{'D1'},{'R1'},{'D7'},{'R2'},{'R3'},&,1.0,&
{'D6'},{'D3'},{'D5'},{'D2'},{'D4'},{'D1'},{'R1'},{'D7'},{'R3'},{'R2'},&,3.0,&
{'D6'},{'D3'},{'D5'},{'D2'},{'D4'},{'R1'},{'D7'},{'D1'},{'R3'},{'R2'},&,2.0,&
{'D6'},{'D3'},{'D5'},{'D2'},{'D4'},{'R3'},{'D1'},{'D7'},{'R2'},{'R1'},&,1.0,&
{'D6'},{'D3'},{'D5'},{'D2'},{'D4'},{'R3'},{'D1'},{'D7'},{'R1'},{'R2'},&,1.0,&
{'D6'},{'D3'},{'D5'},{'D2'},{'D4'},{'R3'},{'R2'},{'D1'},{'D7'},{'R1'},&,1.0,&
{'D6'},{'D3'},{'D5'},{'D2'},{'D4'},{'R3'},{'D7'},{'D1'},{'R2'},{'R1'},&,1.0,&
{'D6'},{'D3'},{'D5'},{'D2'},{'D4'},{'R3'},{'D7'},{'D1'},{'R1'},{'R2'},&,1.0,&
{'D6'},{'D3'},{'D5'},{'D2'},{'R2'},{'D4'},{'D7'},{'R1'},{'D1'},{'R3'},&,1.0,&
{'D6'},{'D3'},{'D5'},{'D2'},{'R2'},{'D4'},{'D7'},{'D1'},{'R3'},{'R1'},&,1.0,&
{'D6'},{'D3'},{'D5'},{'D2'},{'R1'},{'D7'},{'D1'},{'D4'},{'R3'},{'R2'},&,1.0,&
{'D6'},{'D3'},{'D5'},{'D2'},{'R1'},{'D1'},{'D4'},{'D7'},{'R2'},{'R3'},&,1.0,&
{'D6'},{'D3'},{'D5'},{'D2'},{'R1'},{'D1'},{'D4'},{'D7'},{'R3'},{'R2'},&,1.0,&
{'D6'},{'D3'},{'D5'},{'D4'},{'D1'},{'D7'},{'R3'},{'D2'},{'R2'},{'R1'},&,1.0,&
{'D6'},{'D3'},{'D5'},{'D4'},{'D1'},{'D7'},{'R3'},{'D2'},{'R1'},{'R2'},&,1.0,&
{'D6'},{'D3'},{'D5'},{'D4'},{'D1'},{'D7'},{'R3'},{'R1'},{'D2'},{'R2'},&,3.0,&
{'D6'},{'D3'},{'D5'},{'D4'},{'D1'},{'D7'},{'R3'},{'R2'},{'D2'},{'R1'},&,1.0,&
{'D6'},{'D3'},{'D5'},{'D4'},{'D1'},{'D7'},{'D2'},{'R1'},{'R2'},{'R3'},&,3.0,&
{'D6'},{'D3'},{'D5'},{'D4'},{'D1'},{'D7'},{'D2'},{'R1'},{'R3'},{'R2'},&,5.0,&
{'D6'},{'D3'},{'D5'},{'D4'},{'D1'},{'D7'},{'D2'},{'R2'},{'R3'},{'R1'},&,6.0,&
{'D6'},{'D3'},{'D5'},{'D4'},{'D1'},{'D7'},{'D2'},{'R2'},{'R1'},{'R3'},&,1.0,&
{'D6'},{'D3'},{'D5'},{'D4'},{'D1'},{'D7'},{'D2'},{'R3'},{'R2'},{'R1'},&,8.0,&
{'D6'},{'D3'},{'D5'},{'D4'},{'D1'},{'D7'},{'D2'},{'R3'},{'R1'},{'R2'},&,15.0,&
{'D6'},{'D3'},{'D5'},{'D4'},{'D1'},{'D7'},{'R2'},{'D2'},{'R3'},{'R1'},&,1.0,&
{'D6'},{'D3'},{'D5'},{'D4'},{'D1'},{'D7'},{'R1'},{'D2'},{'R2'},{'R3'},&,1.0,&
{'D6'},{'D3'},{'D5'},{'D4'},{'D1'},{'D7'},{'R1'},{'D2'},{'R3'},{'R2'},&,1.0,&
{'D6'},{'D3'},{'D5'},{'D4'},{'D1'},{'D2'},{'R3'},{'R2'},{'D7'},{'R1'},&,2.0,&
{'D6'},{'D3'},{'D5'},{'D4'},{'D1'},{'D2'},{'R3'},{'D7'},{'R1'},{'R2'},&,1.0,&
{'D6'},{'D3'},{'D5'},{'D4'},{'D1'},{'D2'},{'R2'},{'R1'},{'D7'},{'R3'},&,1.0,&
{'D6'},{'D3'},{'D5'},{'D4'},{'D1'},{'D2'},{'R2'},{'D7'},{'R3'},{'R1'},&,1.0,&
{'D6'},{'D3'},{'D5'},{'D4'},{'D1'},{'D2'},{'D7'},{'R1'},{'R2'},{'R3'},&,4.0,&
{'D6'},{'D3'},{'D5'},{'D4'},{'D1'},{'D2'},{'D7'},{'R1'},{'R3'},{'R2'},&,5.0,&
{'D6'},{'D3'},{'D5'},{'D4'},{'D1'},{'D2'},{'D7'},{'R2'},{'R3'},{'R1'},&,6.0,&
{'D6'},{'D3'},{'D5'},{'D4'},{'D1'},{'D2'},{'D7'},{'R2'},{'R1'},{'R3'},&,2.0,&
{'D6'},{'D3'},{'D5'},{'D4'},{'D1'},{'D2'},{'D7'},{'R3'},{'R2'},{'R1'},&,3.0,&
{'D6'},{'D3'},{'D5'},{'D4'},{'D1'},{'D2'},{'D7'},{'R3'},{'R1'},{'R2'},&,10.0,&
{'D6'},{'D3'},{'D5'},{'D4'},{'D1'},{'D2'},{'R1'},{'R2'},{'D7'},{'R3'},&,2.0,&
{'D6'},{'D3'},{'D5'},{'D4'},{'D1'},{'D2'},{'R1'},{'D7'},{'R3'},{'R2'},&,2.0,&
{'D6'},{'D3'},{'D5'},{'D4'},{'D1'},{'R1'},{'D7'},{'D2'},{'R3'},{'R2'},&,1.0,&
{'D6'},{'D3'},{'D5'},{'D4'},{'D1'},{'R3'},{'D2'},{'R2'},{'D7'},{'R1'},&,1.0,&
{'D6'},{'D3'},{'D5'},{'D4'},{'D1'},{'R3'},{'D2'},{'D7'},{'R2'},{'R1'},&,1.0,&
{'D6'},{'D3'},{'D5'},{'D4'},{'D1'},{'R3'},{'D7'},{'D2'},{'R2'},{'R1'},&,3.0,&
{'D6'},{'D3'},{'D5'},{'D4'},{'D1'},{'R3'},{'D7'},{'D2'},{'R1'},{'R2'},&,2.0,&
{'D6'},{'D3'},{'D5'},{'D4'},{'D1'},{'R3'},{'D7'},{'R2'},{'D2'},{'R1'},&,1.0,&
{'D6'},{'D3'},{'D5'},{'D4'},{'D7'},{'D1'},{'R3'},{'D2'},{'R2'},{'R1'},&,4.0,&
{'D6'},{'D3'},{'D5'},{'D4'},{'D7'},{'D1'},{'R3'},{'D2'},{'R1'},{'R2'},&,3.0,&
{'D6'},{'D3'},{'D5'},{'D4'},{'D7'},{'D1'},{'R3'},{'R1'},{'D2'},{'R2'},&,2.0,&
{'D6'},{'D3'},{'D5'},{'D4'},{'D7'},{'D1'},{'D2'},{'R1'},{'R2'},{'R3'},&,4.0,&
{'D6'},{'D3'},{'D5'},{'D4'},{'D7'},{'D1'},{'D2'},{'R1'},{'R3'},{'R2'},&,11.0,&
{'D6'},{'D3'},{'D5'},{'D4'},{'D7'},{'D1'},{'D2'},{'R2'},{'R3'},{'R1'},&,9.0,&
{'D6'},{'D3'},{'D5'},{'D4'},{'D7'},{'D1'},{'D2'},{'R2'},{'R1'},{'R3'},&,4.0,&
{'D6'},{'D3'},{'D5'},{'D4'},{'D7'},{'D1'},{'D2'},{'R3'},{'R2'},{'R1'},&,21.0,&
{'D6'},{'D3'},{'D5'},{'D4'},{'D7'},{'D1'},{'D2'},{'R3'},{'R1'},{'R2'},&,16.0,&
{'D6'},{'D3'},{'D5'},{'D4'},{'D7'},{'D1'},{'R2'},{'D2'},{'R3'},{'R1'},&,1.0,&
{'D6'},{'D3'},{'D5'},{'D4'},{'D7'},{'D1'},{'R2'},{'D2'},{'R1'},{'R3'},&,1.0,&
{'D6'},{'D3'},{'D5'},{'D4'},{'D7'},{'D1'},{'R2'},{'R1'},{'D2'},{'R3'},&,1.0,&
{'D6'},{'D3'},{'D5'},{'D4'},{'D7'},{'D1'},{'R2'},{'R3'},{'D2'},{'R1'},&,4.0,&
{'D6'},{'D3'},{'D5'},{'D4'},{'D7'},{'D1'},{'R1'},{'D2'},{'R2'},{'R3'},&,3.0,&
{'D6'},{'D3'},{'D5'},{'D4'},{'D7'},{'D1'},{'R1'},{'D2'},{'R3'},{'R2'},&,2.0,&
{'D6'},{'D3'},{'D5'},{'D4'},{'D7'},{'D1'},{'R1'},{'R3'},{'D2'},{'R2'},&,1.0,&
{'D6'},{'D3'},{'D5'},{'D4'},{'D7'},{'D2'},{'R3'},{'R1'},{'R2'},{'D1'},&,1.0,&
{'D6'},{'D3'},{'D5'},{'D4'},{'D7'},{'D2'},{'R3'},{'R1'},{'D1'},{'R2'},&,1.0,&
{'D6'},{'D3'},{'D5'},{'D4'},{'D7'},{'D2'},{'R3'},{'R2'},{'D1'},{'R1'},&,1.0,&
{'D6'},{'D3'},{'D5'},{'D4'},{'D7'},{'D2'},{'R3'},{'D1'},{'R2'},{'R1'},&,5.0,&
{'D6'},{'D3'},{'D5'},{'D4'},{'D7'},{'D2'},{'R3'},{'D1'},{'R1'},{'R2'},&,2.0,&
{'D6'},{'D3'},{'D5'},{'D4'},{'D7'},{'D2'},{'D1'},{'R1'},{'R2'},{'R3'},&,5.0,&
{'D6'},{'D3'},{'D5'},{'D4'},{'D7'},{'D2'},{'D1'},{'R1'},{'R3'},{'R2'},&,6.0,&
{'D6'},{'D3'},{'D5'},{'D4'},{'D7'},{'D2'},{'D1'},{'R2'},{'R3'},{'R1'},&,12.0,&
{'D6'},{'D3'},{'D5'},{'D4'},{'D7'},{'D2'},{'D1'},{'R2'},{'R1'},{'R3'},&,1.0,&
{'D6'},{'D3'},{'D5'},{'D4'},{'D7'},{'D2'},{'D1'},{'R3'},{'R2'},{'R1'},&,20.0,&
{'D6'},{'D3'},{'D5'},{'D4'},{'D7'},{'D2'},{'D1'},{'R3'},{'R1'},{'R2'},&,15.0,&
{'D6'},{'D3'},{'D5'},{'D4'},{'D7'},{'D2'},{'R1'},{'R3'},{'D1'},{'R2'},&,1.0,&
{'D6'},{'D3'},{'D5'},{'D4'},{'D7'},{'D2'},{'R1'},{'D1'},{'R2'},{'R3'},&,1.0,&
{'D6'},{'D3'},{'D5'},{'D4'},{'D7'},{'D2'},{'R1'},{'D1'},{'R3'},{'R2'},&,2.0,&
{'D6'},{'D3'},{'D5'},{'D4'},{'D7'},{'R2'},{'D2'},{'D1'},{'R3'},{'R1'},&,1.0,&
{'D6'},{'D3'},{'D5'},{'D4'},{'D7'},{'R2'},{'D2'},{'D1'},{'R1'},{'R3'},&,1.0,&
{'D6'},{'D3'},{'D5'},{'D4'},{'D7'},{'R1'},{'D2'},{'R2'},{'D1'},{'R3'},&,1.0,&
{'D6'},{'D3'},{'D5'},{'D4'},{'D7'},{'R1'},{'D2'},{'D1'},{'R3'},{'R2'},&,1.0,&
{'D6'},{'D3'},{'D5'},{'D4'},{'D7'},{'R1'},{'D1'},{'D2'},{'R3'},{'R2'},&,1.0,&
{'D6'},{'D3'},{'D5'},{'D4'},{'D7'},{'R3'},{'D1'},{'D2'},{'R2'},{'R1'},&,1.0,&
{'D6'},{'D3'},{'D5'},{'D4'},{'D7'},{'R3'},{'D1'},{'R1'},{'D2'},{'R2'},&,1.0,&
{'D6'},{'D3'},{'D5'},{'D4'},{'D2'},{'D7'},{'R3'},{'R1'},{'D1'},{'R2'},&,1.0,&
{'D6'},{'D3'},{'D5'},{'D4'},{'D2'},{'D7'},{'R3'},{'R2'},{'D1'},{'R1'},&,2.0,&
{'D6'},{'D3'},{'D5'},{'D4'},{'D2'},{'D7'},{'R3'},{'D1'},{'R2'},{'R1'},&,3.0,&
{'D6'},{'D3'},{'D5'},{'D4'},{'D2'},{'D7'},{'R3'},{'D1'},{'R1'},{'R2'},&,4.0,&
{'D6'},{'D3'},{'D5'},{'D4'},{'D2'},{'D7'},{'D1'},{'R1'},{'R2'},{'R3'},&,3.0,&
{'D6'},{'D3'},{'D5'},{'D4'},{'D2'},{'D7'},{'D1'},{'R1'},{'R3'},{'R2'},&,6.0,&
{'D6'},{'D3'},{'D5'},{'D4'},{'D2'},{'D7'},{'D1'},{'R2'},{'R3'},{'R1'},&,6.0,&
{'D6'},{'D3'},{'D5'},{'D4'},{'D2'},{'D7'},{'D1'},{'R2'},{'R1'},{'R3'},&,4.0,&
{'D6'},{'D3'},{'D5'},{'D4'},{'D2'},{'D7'},{'D1'},{'R3'},{'R2'},{'R1'},&,7.0,&
{'D6'},{'D3'},{'D5'},{'D4'},{'D2'},{'D7'},{'D1'},{'R3'},{'R1'},{'R2'},&,14.0,&
{'D6'},{'D3'},{'D5'},{'D4'},{'D2'},{'D7'},{'R2'},{'R1'},{'D1'},{'R3'},&,1.0,&
{'D6'},{'D3'},{'D5'},{'D4'},{'D2'},{'D7'},{'R2'},{'D1'},{'R3'},{'R1'},&,3.0,&
{'D6'},{'D3'},{'D5'},{'D4'},{'D2'},{'D7'},{'R1'},{'D1'},{'R3'},{'R2'},&,1.0,&
{'D6'},{'D3'},{'D5'},{'D4'},{'D2'},{'D1'},{'R3'},{'R1'},{'R2'},{'D7'},&,1.0,&
{'D6'},{'D3'},{'D5'},{'D4'},{'D2'},{'D1'},{'R3'},{'R1'},{'D7'},{'R2'},&,1.0,&
{'D6'},{'D3'},{'D5'},{'D4'},{'D2'},{'D1'},{'R3'},{'D7'},{'R2'},{'R1'},&,4.0,&
{'D6'},{'D3'},{'D5'},{'D4'},{'D2'},{'D1'},{'R3'},{'D7'},{'R1'},{'R2'},&,2.0,&
{'D6'},{'D3'},{'D5'},{'D4'},{'D2'},{'D1'},{'R2'},{'R3'},{'D7'},{'R1'},&,1.0,&
{'D6'},{'D3'},{'D5'},{'D4'},{'D2'},{'D1'},{'R2'},{'D7'},{'R3'},{'R1'},&,1.0,&
{'D6'},{'D3'},{'D5'},{'D4'},{'D2'},{'D1'},{'D7'},{'R1'},{'R2'},{'R3'},&,2.0,&
{'D6'},{'D3'},{'D5'},{'D4'},{'D2'},{'D1'},{'D7'},{'R1'},{'R3'},{'R2'},&,7.0,&
{'D6'},{'D3'},{'D5'},{'D4'},{'D2'},{'D1'},{'D7'},{'R2'},{'R3'},{'R1'},&,3.0,&
{'D6'},{'D3'},{'D5'},{'D4'},{'D2'},{'D1'},{'D7'},{'R2'},{'R1'},{'R3'},&,1.0,&
{'D6'},{'D3'},{'D5'},{'D4'},{'D2'},{'D1'},{'D7'},{'R3'},{'R2'},{'R1'},&,7.0,&
{'D6'},{'D3'},{'D5'},{'D4'},{'D2'},{'D1'},{'D7'},{'R3'},{'R1'},{'R2'},&,11.0,&
{'D6'},{'D3'},{'D5'},{'D4'},{'D2'},{'D1'},{'R1'},{'D7'},{'R3'},{'R2'},&,1.0,&
{'D6'},{'D3'},{'D5'},{'D4'},{'D2'},{'R2'},{'D7'},{'D1'},{'R3'},{'R1'},&,1.0,&
{'D6'},{'D3'},{'D5'},{'D4'},{'D2'},{'R1'},{'D7'},{'R3'},{'D1'},{'R2'},&,2.0,&
{'D6'},{'D3'},{'D5'},{'D4'},{'D2'},{'R3'},{'D1'},{'R2'},{'D7'},{'R1'},&,1.0,&
{'D6'},{'D3'},{'D5'},{'D4'},{'R3'},{'D1'},{'D7'},{'D2'},{'R2'},{'R1'},&,1.0,&
{'D6'},{'D3'},{'D5'},{'D4'},{'R3'},{'D2'},{'D7'},{'R1'},{'D1'},{'R2'},&,1.0,&
{'D6'},{'D3'},{'D5'},{'D4'},{'R3'},{'D2'},{'D7'},{'D1'},{'R1'},{'R2'},&,1.0,&
{'D6'},{'D3'},{'D5'},{'D4'},{'R2'},{'D1'},{'R3'},{'D7'},{'D2'},{'R1'},&,1.0,&
{'D6'},{'D3'},{'D5'},{'D4'},{'R1'},{'D1'},{'D7'},{'D2'},{'R3'},{'R2'},&,1.0,&
{'D6'},{'D3'},{'D5'},{'R2'},{'D7'},{'D4'},{'D1'},{'D2'},{'R1'},{'R3'},&,1.0,&
{'D6'},{'D3'},{'D5'},{'R2'},{'D4'},{'D7'},{'D2'},{'R1'},{'R3'},{'D1'},&,1.0,&
{'D6'},{'D3'},{'D5'},{'R2'},{'D4'},{'D2'},{'R3'},{'D7'},{'D1'},{'R1'},&,1.0,&
{'D6'},{'D3'},{'D5'},{'R3'},{'D1'},{'D4'},{'D2'},{'D7'},{'R2'},{'R1'},&,1.0,&
{'D6'},{'D3'},{'D5'},{'R3'},{'D7'},{'D4'},{'D2'},{'R1'},{'D1'},{'R2'},&,1.0,&
{'D6'},{'D3'},{'D5'},{'R3'},{'D7'},{'D4'},{'D1'},{'D2'},{'R2'},{'R1'},&,1.0,&
{'D6'},{'D3'},{'D5'},{'R3'},{'D4'},{'D1'},{'R1'},{'D7'},{'D2'},{'R2'},&,1.0,&
{'D6'},{'D3'},{'D1'},{'D7'},{'D2'},{'D5'},{'D4'},{'R3'},{'R1'},{'R2'},&,2.0,&
{'D6'},{'D3'},{'D1'},{'D7'},{'D4'},{'D2'},{'R3'},{'D5'},{'R1'},{'R2'},&,1.0,&
{'D6'},{'D3'},{'D1'},{'D7'},{'D4'},{'D2'},{'D5'},{'R2'},{'R3'},{'R1'},&,1.0,&
{'D6'},{'D3'},{'D1'},{'D7'},{'D4'},{'D5'},{'D2'},{'R1'},{'R2'},{'R3'},&,1.0,&
{'D6'},{'D3'},{'D1'},{'D7'},{'D4'},{'D5'},{'D2'},{'R1'},{'R3'},{'R2'},&,1.0,&
{'D6'},{'D3'},{'D1'},{'D7'},{'D4'},{'D5'},{'D2'},{'R3'},{'R2'},{'R1'},&,1.0,&
{'D6'},{'D3'},{'D1'},{'D7'},{'D4'},{'R3'},{'D5'},{'D2'},{'R2'},{'R1'},&,1.0,&
{'D6'},{'D3'},{'D1'},{'D7'},{'D5'},{'D4'},{'R3'},{'D2'},{'R2'},{'R1'},&,1.0,&
{'D6'},{'D3'},{'D1'},{'D7'},{'D5'},{'D4'},{'R3'},{'D2'},{'R1'},{'R2'},&,3.0,&
{'D6'},{'D3'},{'D1'},{'D7'},{'D5'},{'D4'},{'R3'},{'R1'},{'D2'},{'R2'},&,2.0,&
{'D6'},{'D3'},{'D1'},{'D7'},{'D5'},{'D4'},{'D2'},{'R1'},{'R3'},{'R2'},&,2.0,&
{'D6'},{'D3'},{'D1'},{'D7'},{'D5'},{'D4'},{'D2'},{'R2'},{'R3'},{'R1'},&,1.0,&
{'D6'},{'D3'},{'D1'},{'D7'},{'D5'},{'D4'},{'D2'},{'R2'},{'R1'},{'R3'},&,1.0,&
{'D6'},{'D3'},{'D1'},{'D7'},{'D5'},{'D4'},{'D2'},{'R3'},{'R2'},{'R1'},&,3.0,&
{'D6'},{'D3'},{'D1'},{'D7'},{'D5'},{'D4'},{'D2'},{'R3'},{'R1'},{'R2'},&,2.0,&
{'D6'},{'D3'},{'D1'},{'D7'},{'D5'},{'D4'},{'R1'},{'D2'},{'R3'},{'R2'},&,3.0,&
{'D6'},{'D3'},{'D1'},{'D7'},{'D5'},{'D4'},{'R1'},{'R3'},{'D2'},{'R2'},&,1.0,&
{'D6'},{'D3'},{'D1'},{'D7'},{'D5'},{'D2'},{'R3'},{'D4'},{'R2'},{'R1'},&,1.0,&
{'D6'},{'D3'},{'D1'},{'D7'},{'D5'},{'D2'},{'D4'},{'R1'},{'R3'},{'R2'},&,2.0,&
{'D6'},{'D3'},{'D1'},{'D7'},{'D5'},{'D2'},{'D4'},{'R2'},{'R3'},{'R1'},&,2.0,&
{'D6'},{'D3'},{'D1'},{'D7'},{'D5'},{'D2'},{'D4'},{'R2'},{'R1'},{'R3'},&,1.0,&
{'D6'},{'D3'},{'D1'},{'D7'},{'D5'},{'D2'},{'D4'},{'R3'},{'R2'},{'R1'},&,3.0,&
{'D6'},{'D3'},{'D1'},{'D7'},{'D5'},{'D2'},{'D4'},{'R3'},{'R1'},{'R2'},&,3.0,&
{'D6'},{'D3'},{'D1'},{'D2'},{'D7'},{'D5'},{'D4'},{'R1'},{'R3'},{'R2'},&,1.0,&
{'D6'},{'D3'},{'D1'},{'D2'},{'D4'},{'D5'},{'R3'},{'D7'},{'R1'},{'R2'},&,1.0,&
{'D6'},{'D3'},{'D1'},{'D2'},{'D4'},{'D5'},{'R2'},{'D7'},{'R1'},{'R3'},&,1.0,&
{'D6'},{'D3'},{'D1'},{'D2'},{'D4'},{'D5'},{'D7'},{'R1'},{'R3'},{'R2'},&,1.0,&
{'D6'},{'D3'},{'D1'},{'D2'},{'D5'},{'D4'},{'R3'},{'D7'},{'R2'},{'R1'},&,1.0,&
{'D6'},{'D3'},{'D1'},{'D2'},{'D5'},{'D4'},{'D7'},{'R1'},{'R3'},{'R2'},&,1.0,&
{'D6'},{'D3'},{'D1'},{'D2'},{'D5'},{'D4'},{'D7'},{'R2'},{'R1'},{'R3'},&,1.0,&
{'D6'},{'D3'},{'D1'},{'D2'},{'D5'},{'D4'},{'D7'},{'R3'},{'R2'},{'R1'},&,1.0,&
{'D6'},{'D3'},{'D1'},{'D2'},{'D5'},{'D4'},{'D7'},{'R3'},{'R1'},{'R2'},&,2.0,&
{'D6'},{'D3'},{'D1'},{'D2'},{'D5'},{'D4'},{'R1'},{'D7'},{'R3'},{'R2'},&,1.0,&
{'D6'},{'D3'},{'D1'},{'D2'},{'D5'},{'D7'},{'D4'},{'R1'},{'R3'},{'R2'},&,1.0,&
{'D6'},{'D3'},{'D1'},{'D2'},{'D5'},{'D7'},{'D4'},{'R3'},{'R2'},{'R1'},&,2.0,&
{'D6'},{'D3'},{'D1'},{'D2'},{'D5'},{'D7'},{'D4'},{'R3'},{'R1'},{'R2'},&,2.0,&
{'D6'},{'D3'},{'D1'},{'D2'},{'R1'},{'D5'},{'D7'},{'D4'},{'R3'},{'R2'},&,1.0,&
{'D6'},{'D3'},{'D1'},{'D5'},{'D7'},{'D4'},{'R3'},{'D2'},{'R2'},{'R1'},&,1.0,&
{'D6'},{'D3'},{'D1'},{'D5'},{'D7'},{'D4'},{'R3'},{'D2'},{'R1'},{'R2'},&,1.0,&
{'D6'},{'D3'},{'D1'},{'D5'},{'D7'},{'D4'},{'R3'},{'R1'},{'D2'},{'R2'},&,1.0,&
{'D6'},{'D3'},{'D1'},{'D5'},{'D7'},{'D4'},{'R3'},{'R2'},{'D2'},{'R1'},&,1.0,&
{'D6'},{'D3'},{'D1'},{'D5'},{'D7'},{'D4'},{'D2'},{'R1'},{'R2'},{'R3'},&,1.0,&
{'D6'},{'D3'},{'D1'},{'D5'},{'D7'},{'D4'},{'D2'},{'R1'},{'R3'},{'R2'},&,6.0,&
{'D6'},{'D3'},{'D1'},{'D5'},{'D7'},{'D4'},{'D2'},{'R2'},{'R3'},{'R1'},&,2.0,&
{'D6'},{'D3'},{'D1'},{'D5'},{'D7'},{'D4'},{'D2'},{'R2'},{'R1'},{'R3'},&,1.0,&
{'D6'},{'D3'},{'D1'},{'D5'},{'D7'},{'D4'},{'D2'},{'R3'},{'R2'},{'R1'},&,4.0,&
{'D6'},{'D3'},{'D1'},{'D5'},{'D7'},{'D4'},{'D2'},{'R3'},{'R1'},{'R2'},&,11.0,&
{'D6'},{'D3'},{'D1'},{'D5'},{'D7'},{'D4'},{'R2'},{'D2'},{'R1'},{'R3'},&,1.0,&
{'D6'},{'D3'},{'D1'},{'D5'},{'D7'},{'D4'},{'R2'},{'R3'},{'D2'},{'R1'},&,1.0,&
{'D6'},{'D3'},{'D1'},{'D5'},{'D7'},{'D4'},{'R1'},{'D2'},{'R3'},{'R2'},&,1.0,&
{'D6'},{'D3'},{'D1'},{'D5'},{'D7'},{'D2'},{'R3'},{'D4'},{'R2'},{'R1'},&,1.0,&
{'D6'},{'D3'},{'D1'},{'D5'},{'D7'},{'D2'},{'D4'},{'R1'},{'R2'},{'R3'},&,3.0,&
{'D6'},{'D3'},{'D1'},{'D5'},{'D7'},{'D2'},{'D4'},{'R1'},{'R3'},{'R2'},&,4.0,&
{'D6'},{'D3'},{'D1'},{'D5'},{'D7'},{'D2'},{'D4'},{'R3'},{'R2'},{'R1'},&,1.0,&
{'D6'},{'D3'},{'D1'},{'D5'},{'D7'},{'D2'},{'D4'},{'R3'},{'R1'},{'R2'},&,3.0,&
{'D6'},{'D3'},{'D1'},{'D5'},{'D7'},{'D2'},{'R1'},{'R2'},{'D4'},{'R3'},&,2.0,&
{'D6'},{'D3'},{'D1'},{'D5'},{'D7'},{'D2'},{'R1'},{'D4'},{'R2'},{'R3'},&,1.0,&
{'D6'},{'D3'},{'D1'},{'D5'},{'D7'},{'R1'},{'D2'},{'R3'},{'D4'},{'R2'},&,1.0,&
{'D6'},{'D3'},{'D1'},{'D5'},{'D7'},{'R3'},{'D4'},{'D2'},{'R1'},{'R2'},&,2.0,&
{'D6'},{'D3'},{'D1'},{'D5'},{'D7'},{'R3'},{'D4'},{'R1'},{'D2'},{'R2'},&,1.0,&
{'D6'},{'D3'},{'D1'},{'D5'},{'D2'},{'D4'},{'R3'},{'R2'},{'D7'},{'R1'},&,1.0,&
{'D6'},{'D3'},{'D1'},{'D5'},{'D2'},{'D4'},{'R3'},{'D7'},{'R2'},{'R1'},&,1.0,&
{'D6'},{'D3'},{'D1'},{'D5'},{'D2'},{'D4'},{'R3'},{'D7'},{'R1'},{'R2'},&,1.0,&
{'D6'},{'D3'},{'D1'},{'D5'},{'D2'},{'D4'},{'D7'},{'R1'},{'R2'},{'R3'},&,2.0,&
{'D6'},{'D3'},{'D1'},{'D5'},{'D2'},{'D4'},{'D7'},{'R1'},{'R3'},{'R2'},&,1.0,&
{'D6'},{'D3'},{'D1'},{'D5'},{'D2'},{'D4'},{'D7'},{'R2'},{'R3'},{'R1'},&,1.0,&
{'D6'},{'D3'},{'D1'},{'D5'},{'D2'},{'D4'},{'D7'},{'R2'},{'R1'},{'R3'},&,1.0,&
{'D6'},{'D3'},{'D1'},{'D5'},{'D2'},{'D4'},{'D7'},{'R3'},{'R2'},{'R1'},&,3.0,&
{'D6'},{'D3'},{'D1'},{'D5'},{'D2'},{'D4'},{'D7'},{'R3'},{'R1'},{'R2'},&,1.0,&
{'D6'},{'D3'},{'D1'},{'D5'},{'D2'},{'D4'},{'R1'},{'R2'},{'D7'},{'R3'},&,1.0,&
{'D6'},{'D3'},{'D1'},{'D5'},{'D2'},{'D4'},{'R1'},{'R3'},{'D7'},{'R2'},&,1.0,&
{'D6'},{'D3'},{'D1'},{'D5'},{'D2'},{'D4'},{'R1'},{'D7'},{'R2'},{'R3'},&,1.0,&
{'D6'},{'D3'},{'D1'},{'D5'},{'D2'},{'D7'},{'R3'},{'D4'},{'R2'},{'R1'},&,1.0,&
{'D6'},{'D3'},{'D1'},{'D5'},{'D2'},{'D7'},{'D4'},{'R1'},{'R2'},{'R3'},&,1.0,&
{'D6'},{'D3'},{'D1'},{'D5'},{'D2'},{'D7'},{'D4'},{'R1'},{'R3'},{'R2'},&,2.0,&
{'D6'},{'D3'},{'D1'},{'D5'},{'D2'},{'D7'},{'D4'},{'R2'},{'R3'},{'R1'},&,2.0,&
{'D6'},{'D3'},{'D1'},{'D5'},{'D2'},{'D7'},{'D4'},{'R2'},{'R1'},{'R3'},&,1.0,&
{'D6'},{'D3'},{'D1'},{'D5'},{'D2'},{'D7'},{'D4'},{'R3'},{'R2'},{'R1'},&,4.0,&
{'D6'},{'D3'},{'D1'},{'D5'},{'D2'},{'D7'},{'D4'},{'R3'},{'R1'},{'R2'},&,2.0,&
{'D6'},{'D3'},{'D1'},{'D5'},{'D2'},{'R3'},{'D4'},{'D7'},{'R2'},{'R1'},&,1.0,&
{'D6'},{'D3'},{'D1'},{'D5'},{'D4'},{'D7'},{'R3'},{'D2'},{'R1'},{'R2'},&,4.0,&
{'D6'},{'D3'},{'D1'},{'D5'},{'D4'},{'D7'},{'D2'},{'R1'},{'R2'},{'R3'},&,1.0,&
{'D6'},{'D3'},{'D1'},{'D5'},{'D4'},{'D7'},{'D2'},{'R2'},{'R3'},{'R1'},&,4.0,&
{'D6'},{'D3'},{'D1'},{'D5'},{'D4'},{'D7'},{'D2'},{'R2'},{'R1'},{'R3'},&,1.0,&
{'D6'},{'D3'},{'D1'},{'D5'},{'D4'},{'D7'},{'D2'},{'R3'},{'R2'},{'R1'},&,4.0,&
{'D6'},{'D3'},{'D1'},{'D5'},{'D4'},{'D7'},{'D2'},{'R3'},{'R1'},{'R2'},&,7.0,&
{'D6'},{'D3'},{'D1'},{'D5'},{'D4'},{'D7'},{'R2'},{'D2'},{'R1'},{'R3'},&,1.0,&
{'D6'},{'D3'},{'D1'},{'D5'},{'D4'},{'D7'},{'R1'},{'D2'},{'R3'},{'R2'},&,1.0,&
{'D6'},{'D3'},{'D1'},{'D5'},{'D4'},{'D7'},{'R1'},{'R3'},{'D2'},{'R2'},&,1.0,&
{'D6'},{'D3'},{'D1'},{'D5'},{'D4'},{'D2'},{'R3'},{'D7'},{'R1'},{'R2'},&,1.0,&
{'D6'},{'D3'},{'D1'},{'D5'},{'D4'},{'D2'},{'D7'},{'R1'},{'R3'},{'R2'},&,1.0,&
{'D6'},{'D3'},{'D1'},{'D5'},{'D4'},{'D2'},{'D7'},{'R2'},{'R3'},{'R1'},&,1.0,&
{'D6'},{'D3'},{'D1'},{'D5'},{'D4'},{'D2'},{'D7'},{'R3'},{'R2'},{'R1'},&,1.0,&
{'D6'},{'D3'},{'D1'},{'D5'},{'D4'},{'D2'},{'D7'},{'R3'},{'R1'},{'R2'},&,3.0,&
{'D6'},{'D3'},{'D1'},{'D5'},{'D4'},{'R1'},{'D7'},{'R2'},{'D2'},{'R3'},&,1.0,&
{'D6'},{'D3'},{'D1'},{'D5'},{'D4'},{'R3'},{'D7'},{'D2'},{'R1'},{'R2'},&,1.0,&
{'D6'},{'D3'},{'D1'},{'D5'},{'R3'},{'D4'},{'D7'},{'D2'},{'R2'},{'R1'},&,1.0,&
{'D6'},{'D3'},{'D1'},{'D5'},{'R3'},{'D4'},{'R1'},{'R2'},{'D7'},{'D2'},&,1.0,&
{'D6'},{'D3'},{'D1'},{'D5'},{'R3'},{'D7'},{'R1'},{'D2'},{'R2'},{'D4'},&,1.0,&
{'D6'},{'D3'},{'D1'},{'D5'},{'R3'},{'D2'},{'D4'},{'R2'},{'R1'},{'D7'},&,1.0,&
{'D6'},{'D3'},{'D1'},{'D5'},{'R2'},{'D7'},{'D4'},{'D2'},{'R3'},{'R1'},&,1.0,&
{'D6'},{'D3'},{'D1'},{'D5'},{'R1'},{'D7'},{'D4'},{'D2'},{'R3'},{'R2'},&,1.0,&
{'D6'},{'D3'},{'D1'},{'D5'},{'R1'},{'D2'},{'D4'},{'D7'},{'R3'},{'R2'},&,1.0,&
{'D6'},{'D3'},{'D1'},{'D4'},{'D7'},{'D5'},{'D2'},{'R1'},{'R3'},{'R2'},&,1.0,&
{'D6'},{'D3'},{'D1'},{'D4'},{'D7'},{'D5'},{'D2'},{'R2'},{'R1'},{'R3'},&,1.0,&
{'D6'},{'D3'},{'D1'},{'D4'},{'D7'},{'D5'},{'D2'},{'R3'},{'R1'},{'R2'},&,1.0,&
{'D6'},{'D3'},{'D1'},{'D4'},{'D7'},{'D5'},{'R1'},{'R3'},{'D2'},{'R2'},&,1.0,&
{'D6'},{'D3'},{'D1'},{'D4'},{'D2'},{'D7'},{'R3'},{'D5'},{'R2'},{'R1'},&,1.0,&
{'D6'},{'D3'},{'D1'},{'D4'},{'D2'},{'D5'},{'R2'},{'R3'},{'D7'},{'R1'},&,1.0,&
{'D6'},{'D3'},{'D1'},{'D4'},{'D2'},{'D5'},{'D7'},{'R3'},{'R1'},{'R2'},&,1.0,&
{'D6'},{'D3'},{'D1'},{'D4'},{'D5'},{'D7'},{'R3'},{'D2'},{'R1'},{'R2'},&,1.0,&
{'D6'},{'D3'},{'D1'},{'D4'},{'D5'},{'D7'},{'D2'},{'R1'},{'R3'},{'R2'},&,1.0,&
{'D6'},{'D3'},{'D1'},{'D4'},{'D5'},{'D7'},{'D2'},{'R2'},{'R3'},{'R1'},&,3.0,&
{'D6'},{'D3'},{'D1'},{'D4'},{'D5'},{'D7'},{'D2'},{'R3'},{'R2'},{'R1'},&,3.0,&
{'D6'},{'D3'},{'D1'},{'D4'},{'D5'},{'D7'},{'D2'},{'R3'},{'R1'},{'R2'},&,3.0,&
{'D6'},{'D3'},{'D1'},{'D4'},{'D5'},{'D2'},{'R3'},{'R1'},{'D7'},{'R2'},&,1.0,&
{'D6'},{'D3'},{'D1'},{'D4'},{'D5'},{'D2'},{'D7'},{'R1'},{'R2'},{'R3'},&,1.0,&
{'D6'},{'D3'},{'D1'},{'D4'},{'D5'},{'D2'},{'D7'},{'R1'},{'R3'},{'R2'},&,3.0,&
{'D6'},{'D3'},{'D1'},{'D4'},{'D5'},{'D2'},{'D7'},{'R2'},{'R3'},{'R1'},&,1.0,&
{'D6'},{'D3'},{'D1'},{'D4'},{'D5'},{'D2'},{'D7'},{'R2'},{'R1'},{'R3'},&,2.0,&
{'D6'},{'D3'},{'D1'},{'D4'},{'D5'},{'D2'},{'D7'},{'R3'},{'R2'},{'R1'},&,1.0,&
{'D6'},{'D3'},{'D1'},{'D4'},{'D5'},{'D2'},{'D7'},{'R3'},{'R1'},{'R2'},&,1.0,&
{'D6'},{'D3'},{'D7'},{'D1'},{'D2'},{'D4'},{'D5'},{'R1'},{'R2'},{'R3'},&,1.0,&
{'D6'},{'D3'},{'D7'},{'D1'},{'D2'},{'D4'},{'D5'},{'R3'},{'R1'},{'R2'},&,1.0,&
{'D6'},{'D3'},{'D7'},{'D1'},{'D2'},{'D5'},{'D4'},{'R2'},{'R1'},{'R3'},&,1.0,&
{'D6'},{'D3'},{'D7'},{'D1'},{'D2'},{'D5'},{'R1'},{'R3'},{'R2'},{'D4'},&,1.0,&
{'D6'},{'D3'},{'D7'},{'D1'},{'D2'},{'R2'},{'D5'},{'R3'},{'D4'},{'R1'},&,1.0,&
{'D6'},{'D3'},{'D7'},{'D1'},{'D4'},{'D2'},{'D5'},{'R3'},{'R2'},{'R1'},&,1.0,&
{'D6'},{'D3'},{'D7'},{'D1'},{'D4'},{'D5'},{'D2'},{'R2'},{'R1'},{'R3'},&,1.0,&
{'D6'},{'D3'},{'D7'},{'D1'},{'D4'},{'D5'},{'D2'},{'R3'},{'R2'},{'R1'},&,2.0,&
{'D6'},{'D3'},{'D7'},{'D1'},{'D4'},{'D5'},{'D2'},{'R3'},{'R1'},{'R2'},&,2.0,&
{'D6'},{'D3'},{'D7'},{'D1'},{'D4'},{'D5'},{'R1'},{'D2'},{'R3'},{'R2'},&,1.0,&
{'D6'},{'D3'},{'D7'},{'D1'},{'D5'},{'D4'},{'R3'},{'R1'},{'D2'},{'R2'},&,1.0,&
{'D6'},{'D3'},{'D7'},{'D1'},{'D5'},{'D4'},{'R3'},{'R2'},{'D2'},{'R1'},&,1.0,&
{'D6'},{'D3'},{'D7'},{'D1'},{'D5'},{'D4'},{'D2'},{'R1'},{'R2'},{'R3'},&,1.0,&
{'D6'},{'D3'},{'D7'},{'D1'},{'D5'},{'D4'},{'D2'},{'R1'},{'R3'},{'R2'},&,2.0,&
{'D6'},{'D3'},{'D7'},{'D1'},{'D5'},{'D4'},{'D2'},{'R2'},{'R3'},{'R1'},&,2.0,&
{'D6'},{'D3'},{'D7'},{'D1'},{'D5'},{'D4'},{'D2'},{'R3'},{'R2'},{'R1'},&,2.0,&
{'D6'},{'D3'},{'D7'},{'D1'},{'D5'},{'D4'},{'D2'},{'R3'},{'R1'},{'R2'},&,2.0,&
{'D6'},{'D3'},{'D7'},{'D1'},{'D5'},{'D4'},{'R2'},{'D2'},{'R3'},{'R1'},&,1.0,&
{'D6'},{'D3'},{'D7'},{'D1'},{'D5'},{'D4'},{'R1'},{'D2'},{'R3'},{'R2'},&,1.0,&
{'D6'},{'D3'},{'D7'},{'D1'},{'D5'},{'D2'},{'R3'},{'D4'},{'R1'},{'R2'},&,1.0,&
{'D6'},{'D3'},{'D7'},{'D1'},{'D5'},{'D2'},{'D4'},{'R1'},{'R2'},{'R3'},&,1.0,&
{'D6'},{'D3'},{'D7'},{'D1'},{'D5'},{'D2'},{'D4'},{'R2'},{'R3'},{'R1'},&,3.0,&
{'D6'},{'D3'},{'D7'},{'D1'},{'D5'},{'D2'},{'D4'},{'R3'},{'R1'},{'R2'},&,2.0,&
{'D6'},{'D3'},{'D7'},{'D1'},{'D5'},{'D2'},{'R1'},{'D4'},{'R3'},{'R2'},&,1.0,&
{'D6'},{'D3'},{'D7'},{'D1'},{'D5'},{'R2'},{'D2'},{'D4'},{'R3'},{'R1'},&,1.0,&
{'D6'},{'D3'},{'D7'},{'D1'},{'D5'},{'R3'},{'D2'},{'D4'},{'R2'},{'R1'},&,1.0,&
{'D6'},{'D3'},{'D7'},{'D1'},{'D5'},{'R3'},{'D4'},{'D2'},{'R2'},{'R1'},&,1.0,&
{'D6'},{'D3'},{'D7'},{'D2'},{'D1'},{'D5'},{'D4'},{'R1'},{'R3'},{'R2'},&,1.0,&
{'D6'},{'D3'},{'D7'},{'D2'},{'D4'},{'D1'},{'R3'},{'R2'},{'D5'},{'R1'},&,1.0,&
{'D6'},{'D3'},{'D7'},{'D2'},{'D4'},{'D1'},{'D5'},{'R1'},{'R3'},{'R2'},&,1.0,&
{'D6'},{'D3'},{'D7'},{'D2'},{'D4'},{'D5'},{'D1'},{'R3'},{'R2'},{'R1'},&,1.0,&
{'D6'},{'D3'},{'D7'},{'D2'},{'D4'},{'D5'},{'D1'},{'R3'},{'R1'},{'R2'},&,1.0,&
{'D6'},{'D3'},{'D7'},{'D2'},{'D4'},{'R2'},{'D1'},{'D5'},{'R1'},{'R3'},&,1.0,&
{'D6'},{'D3'},{'D7'},{'D2'},{'D5'},{'D4'},{'R3'},{'R1'},{'D1'},{'R2'},&,1.0,&
{'D6'},{'D3'},{'D7'},{'D2'},{'D5'},{'D4'},{'R3'},{'D1'},{'R1'},{'R2'},&,1.0,&
{'D6'},{'D3'},{'D7'},{'D2'},{'D5'},{'D4'},{'D1'},{'R1'},{'R3'},{'R2'},&,3.0,&
{'D6'},{'D3'},{'D7'},{'D2'},{'D5'},{'D4'},{'D1'},{'R3'},{'R2'},{'R1'},&,2.0,&
{'D6'},{'D3'},{'D7'},{'D2'},{'D5'},{'D1'},{'R3'},{'D4'},{'R2'},{'R1'},&,2.0,&
{'D6'},{'D3'},{'D7'},{'D2'},{'D5'},{'D1'},{'R3'},{'D4'},{'R1'},{'R2'},&,2.0,&
{'D6'},{'D3'},{'D7'},{'D2'},{'D5'},{'D1'},{'D4'},{'R1'},{'R2'},{'R3'},&,1.0,&
{'D6'},{'D3'},{'D7'},{'D2'},{'D5'},{'D1'},{'D4'},{'R1'},{'R3'},{'R2'},&,3.0,&
{'D6'},{'D3'},{'D7'},{'D2'},{'D5'},{'D1'},{'D4'},{'R2'},{'R3'},{'R1'},&,2.0,&
{'D6'},{'D3'},{'D7'},{'D2'},{'D5'},{'D1'},{'D4'},{'R3'},{'R2'},{'R1'},&,2.0,&
{'D6'},{'D3'},{'D7'},{'D2'},{'D5'},{'D1'},{'D4'},{'R3'},{'R1'},{'R2'},&,2.0,&
{'D6'},{'D3'},{'D7'},{'D2'},{'D5'},{'D1'},{'R1'},{'D4'},{'R3'},{'R2'},&,1.0,&
{'D6'},{'D3'},{'D7'},{'D2'},{'D5'},{'R3'},{'D4'},{'R2'},{'D1'},{'R1'},&,1.0,&
{'D6'},{'D3'},{'D7'},{'D5'},{'D1'},{'D4'},{'R3'},{'D2'},{'R2'},{'R1'},&,4.0,&
{'D6'},{'D3'},{'D7'},{'D5'},{'D1'},{'D4'},{'R3'},{'D2'},{'R1'},{'R2'},&,3.0,&
{'D6'},{'D3'},{'D7'},{'D5'},{'D1'},{'D4'},{'R3'},{'R1'},{'D2'},{'R2'},&,1.0,&
{'D6'},{'D3'},{'D7'},{'D5'},{'D1'},{'D4'},{'R3'},{'R2'},{'R1'},{'D2'},&,1.0,&
{'D6'},{'D3'},{'D7'},{'D5'},{'D1'},{'D4'},{'D2'},{'R2'},{'R1'},{'R3'},&,2.0,&
{'D6'},{'D3'},{'D7'},{'D5'},{'D1'},{'D4'},{'D2'},{'R3'},{'R2'},{'R1'},&,6.0,&
{'D6'},{'D3'},{'D7'},{'D5'},{'D1'},{'D4'},{'D2'},{'R3'},{'R1'},{'R2'},&,10.0,&
{'D6'},{'D3'},{'D7'},{'D5'},{'D1'},{'D4'},{'R1'},{'D2'},{'R3'},{'R2'},&,2.0,&
{'D6'},{'D3'},{'D7'},{'D5'},{'D1'},{'D2'},{'R3'},{'R1'},{'R2'},{'D4'},&,1.0,&
{'D6'},{'D3'},{'D7'},{'D5'},{'D1'},{'D2'},{'D4'},{'R1'},{'R2'},{'R3'},&,1.0,&
{'D6'},{'D3'},{'D7'},{'D5'},{'D1'},{'D2'},{'D4'},{'R1'},{'R3'},{'R2'},&,7.0,&
{'D6'},{'D3'},{'D7'},{'D5'},{'D1'},{'D2'},{'D4'},{'R2'},{'R3'},{'R1'},&,2.0,&
{'D6'},{'D3'},{'D7'},{'D5'},{'D1'},{'D2'},{'D4'},{'R2'},{'R1'},{'R3'},&,1.0,&
{'D6'},{'D3'},{'D7'},{'D5'},{'D1'},{'D2'},{'D4'},{'R3'},{'R2'},{'R1'},&,4.0,&
{'D6'},{'D3'},{'D7'},{'D5'},{'D1'},{'D2'},{'D4'},{'R3'},{'R1'},{'R2'},&,5.0,&
{'D6'},{'D3'},{'D7'},{'D5'},{'D1'},{'D2'},{'R1'},{'D4'},{'R3'},{'R2'},&,3.0,&
{'D6'},{'D3'},{'D7'},{'D5'},{'D1'},{'R2'},{'D4'},{'D2'},{'R3'},{'R1'},&,1.0,&
{'D6'},{'D3'},{'D7'},{'D5'},{'D1'},{'R1'},{'D4'},{'D2'},{'R3'},{'R2'},&,1.0,&
{'D6'},{'D3'},{'D7'},{'D5'},{'D2'},{'D4'},{'R3'},{'R1'},{'D1'},{'R2'},&,1.0,&
{'D6'},{'D3'},{'D7'},{'D5'},{'D2'},{'D4'},{'R3'},{'R2'},{'R1'},{'D1'},&,1.0,&
{'D6'},{'D3'},{'D7'},{'D5'},{'D2'},{'D4'},{'R3'},{'R2'},{'D1'},{'R1'},&,1.0,&
{'D6'},{'D3'},{'D7'},{'D5'},{'D2'},{'D4'},{'R3'},{'D1'},{'R2'},{'R1'},&,3.0,&
{'D6'},{'D3'},{'D7'},{'D5'},{'D2'},{'D4'},{'R3'},{'D1'},{'R1'},{'R2'},&,2.0,&
{'D6'},{'D3'},{'D7'},{'D5'},{'D2'},{'D4'},{'D1'},{'R1'},{'R2'},{'R3'},&,2.0,&
{'D6'},{'D3'},{'D7'},{'D5'},{'D2'},{'D4'},{'D1'},{'R2'},{'R3'},{'R1'},&,2.0,&
{'D6'},{'D3'},{'D7'},{'D5'},{'D2'},{'D4'},{'D1'},{'R3'},{'R2'},{'R1'},&,3.0,&
{'D6'},{'D3'},{'D7'},{'D5'},{'D2'},{'D4'},{'D1'},{'R3'},{'R1'},{'R2'},&,5.0,&
{'D6'},{'D3'},{'D7'},{'D5'},{'D2'},{'D4'},{'R2'},{'D1'},{'R3'},{'R1'},&,1.0,&
{'D6'},{'D3'},{'D7'},{'D5'},{'D2'},{'D4'},{'R1'},{'D1'},{'R3'},{'R2'},&,1.0,&
{'D6'},{'D3'},{'D7'},{'D5'},{'D2'},{'D1'},{'R3'},{'R2'},{'R1'},{'D4'},&,1.0,&
{'D6'},{'D3'},{'D7'},{'D5'},{'D2'},{'D1'},{'R3'},{'D4'},{'R1'},{'R2'},&,3.0,&
{'D6'},{'D3'},{'D7'},{'D5'},{'D2'},{'D1'},{'D4'},{'R1'},{'R2'},{'R3'},&,2.0,&
{'D6'},{'D3'},{'D7'},{'D5'},{'D2'},{'D1'},{'D4'},{'R1'},{'R3'},{'R2'},&,5.0,&
{'D6'},{'D3'},{'D7'},{'D5'},{'D2'},{'D1'},{'D4'},{'R2'},{'R3'},{'R1'},&,1.0,&
{'D6'},{'D3'},{'D7'},{'D5'},{'D2'},{'D1'},{'D4'},{'R2'},{'R1'},{'R3'},&,1.0,&
{'D6'},{'D3'},{'D7'},{'D5'},{'D2'},{'D1'},{'D4'},{'R3'},{'R2'},{'R1'},&,5.0,&
{'D6'},{'D3'},{'D7'},{'D5'},{'D2'},{'D1'},{'D4'},{'R3'},{'R1'},{'R2'},&,6.0,&
{'D6'},{'D3'},{'D7'},{'D5'},{'D2'},{'D1'},{'R2'},{'D4'},{'R3'},{'R1'},&,1.0,&
{'D6'},{'D3'},{'D7'},{'D5'},{'D2'},{'D1'},{'R1'},{'R3'},{'D4'},{'R2'},&,1.0,&
{'D6'},{'D3'},{'D7'},{'D5'},{'D2'},{'D1'},{'R1'},{'D4'},{'R3'},{'R2'},&,1.0,&
{'D6'},{'D3'},{'D7'},{'D5'},{'D2'},{'R2'},{'D4'},{'D1'},{'R3'},{'R1'},&,1.0,&
{'D6'},{'D3'},{'D7'},{'D5'},{'D2'},{'R1'},{'D4'},{'D1'},{'R3'},{'R2'},&,1.0,&
{'D6'},{'D3'},{'D7'},{'D5'},{'D2'},{'R3'},{'D1'},{'D4'},{'R1'},{'R2'},&,2.0,&
{'D6'},{'D3'},{'D7'},{'D5'},{'D4'},{'D1'},{'R3'},{'D2'},{'R2'},{'R1'},&,2.0,&
{'D6'},{'D3'},{'D7'},{'D5'},{'D4'},{'D1'},{'R3'},{'R2'},{'D2'},{'R1'},&,1.0,&
{'D6'},{'D3'},{'D7'},{'D5'},{'D4'},{'D1'},{'D2'},{'R1'},{'R3'},{'R2'},&,3.0,&
{'D6'},{'D3'},{'D7'},{'D5'},{'D4'},{'D1'},{'D2'},{'R2'},{'R3'},{'R1'},&,5.0,&
{'D6'},{'D3'},{'D7'},{'D5'},{'D4'},{'D1'},{'D2'},{'R2'},{'R1'},{'R3'},&,1.0,&
{'D6'},{'D3'},{'D7'},{'D5'},{'D4'},{'D1'},{'D2'},{'R3'},{'R2'},{'R1'},&,5.0,&
{'D6'},{'D3'},{'D7'},{'D5'},{'D4'},{'D1'},{'D2'},{'R3'},{'R1'},{'R2'},&,6.0,&
{'D6'},{'D3'},{'D7'},{'D5'},{'D4'},{'D1'},{'R2'},{'R1'},{'D2'},{'R3'},&,2.0,&
{'D6'},{'D3'},{'D7'},{'D5'},{'D4'},{'D1'},{'R2'},{'R3'},{'D2'},{'R1'},&,1.0,&
{'D6'},{'D3'},{'D7'},{'D5'},{'D4'},{'D1'},{'R1'},{'D2'},{'R2'},{'R3'},&,1.0,&
{'D6'},{'D3'},{'D7'},{'D5'},{'D4'},{'D1'},{'R1'},{'D2'},{'R3'},{'R2'},&,1.0,&
{'D6'},{'D3'},{'D7'},{'D5'},{'D4'},{'D2'},{'R3'},{'R1'},{'D1'},{'R2'},&,1.0,&
{'D6'},{'D3'},{'D7'},{'D5'},{'D4'},{'D2'},{'R3'},{'D1'},{'R2'},{'R1'},&,1.0,&
{'D6'},{'D3'},{'D7'},{'D5'},{'D4'},{'D2'},{'R3'},{'D1'},{'R1'},{'R2'},&,1.0,&
{'D6'},{'D3'},{'D7'},{'D5'},{'D4'},{'D2'},{'D1'},{'R1'},{'R2'},{'R3'},&,3.0,&
{'D6'},{'D3'},{'D7'},{'D5'},{'D4'},{'D2'},{'D1'},{'R1'},{'R3'},{'R2'},&,5.0,&
{'D6'},{'D3'},{'D7'},{'D5'},{'D4'},{'D2'},{'D1'},{'R2'},{'R3'},{'R1'},&,3.0,&
{'D6'},{'D3'},{'D7'},{'D5'},{'D4'},{'D2'},{'D1'},{'R2'},{'R1'},{'R3'},&,1.0,&
{'D6'},{'D3'},{'D7'},{'D5'},{'D4'},{'D2'},{'D1'},{'R3'},{'R2'},{'R1'},&,7.0,&
{'D6'},{'D3'},{'D7'},{'D5'},{'D4'},{'D2'},{'D1'},{'R3'},{'R1'},{'R2'},&,15.0,&
{'D6'},{'D3'},{'D7'},{'D5'},{'D4'},{'D2'},{'R2'},{'R1'},{'D1'},{'R3'},&,1.0,&
{'D6'},{'D3'},{'D7'},{'D5'},{'D4'},{'D2'},{'R2'},{'D1'},{'R1'},{'R3'},&,2.0,&
{'D6'},{'D3'},{'D7'},{'D5'},{'D4'},{'D2'},{'R1'},{'D1'},{'R3'},{'R2'},&,2.0,&
{'D6'},{'D3'},{'D7'},{'D5'},{'D4'},{'R2'},{'D1'},{'R1'},{'D2'},{'R3'},&,1.0,&
{'D6'},{'D3'},{'D7'},{'D5'},{'R3'},{'D1'},{'D4'},{'D2'},{'R2'},{'R1'},&,1.0,&
{'D6'},{'D3'},{'D7'},{'D5'},{'R2'},{'D4'},{'D1'},{'D2'},{'R3'},{'R1'},&,1.0,&
{'D6'},{'D3'},{'D7'},{'D5'},{'R1'},{'D1'},{'D2'},{'D4'},{'R3'},{'R2'},&,1.0,&
{'D6'},{'D3'},{'D7'},{'D5'},{'R1'},{'D1'},{'D4'},{'D2'},{'R3'},{'R2'},&,1.0,&
{'D6'},{'D3'},{'D7'},{'D4'},{'D1'},{'D2'},{'R1'},{'R2'},{'D5'},{'R3'},&,1.0,&
{'D6'},{'D3'},{'D7'},{'D4'},{'D1'},{'D2'},{'D5'},{'R1'},{'R2'},{'R3'},&,2.0,&
{'D6'},{'D3'},{'D7'},{'D4'},{'D1'},{'D2'},{'D5'},{'R2'},{'R1'},{'R3'},&,1.0,&
{'D6'},{'D3'},{'D7'},{'D4'},{'D1'},{'D5'},{'D2'},{'R1'},{'R3'},{'R2'},&,3.0,&
{'D6'},{'D3'},{'D7'},{'D4'},{'D1'},{'D5'},{'D2'},{'R2'},{'R1'},{'R3'},&,2.0,&
{'D6'},{'D3'},{'D7'},{'D4'},{'D1'},{'D5'},{'D2'},{'R3'},{'R2'},{'R1'},&,2.0,&
{'D6'},{'D3'},{'D7'},{'D4'},{'D1'},{'D5'},{'D2'},{'R3'},{'R1'},{'R2'},&,1.0,&
{'D6'},{'D3'},{'D7'},{'D4'},{'D1'},{'D5'},{'R2'},{'D2'},{'R3'},{'R1'},&,1.0,&
{'D6'},{'D3'},{'D7'},{'D4'},{'D2'},{'D1'},{'R3'},{'R1'},{'R2'},{'D5'},&,1.0,&
{'D6'},{'D3'},{'D7'},{'D4'},{'D2'},{'D5'},{'D1'},{'R1'},{'R3'},{'R2'},&,1.0,&
{'D6'},{'D3'},{'D7'},{'D4'},{'D2'},{'D5'},{'D1'},{'R3'},{'R2'},{'R1'},&,1.0,&
{'D6'},{'D3'},{'D7'},{'D4'},{'D2'},{'D5'},{'D1'},{'R3'},{'R1'},{'R2'},&,1.0,&
{'D6'},{'D3'},{'D7'},{'D4'},{'D5'},{'D1'},{'R3'},{'D2'},{'R2'},{'R1'},&,1.0,&
{'D6'},{'D3'},{'D7'},{'D4'},{'D5'},{'D1'},{'R3'},{'D2'},{'R1'},{'R2'},&,2.0,&
{'D6'},{'D3'},{'D7'},{'D4'},{'D5'},{'D1'},{'R3'},{'R1'},{'D2'},{'R2'},&,1.0,&
{'D6'},{'D3'},{'D7'},{'D4'},{'D5'},{'D1'},{'R3'},{'R2'},{'D2'},{'R1'},&,1.0,&
{'D6'},{'D3'},{'D7'},{'D4'},{'D5'},{'D1'},{'D2'},{'R1'},{'R3'},{'R2'},&,4.0,&
{'D6'},{'D3'},{'D7'},{'D4'},{'D5'},{'D1'},{'D2'},{'R2'},{'R3'},{'R1'},&,1.0,&
{'D6'},{'D3'},{'D7'},{'D4'},{'D5'},{'D1'},{'D2'},{'R2'},{'R1'},{'R3'},&,2.0,&
{'D6'},{'D3'},{'D7'},{'D4'},{'D5'},{'D1'},{'D2'},{'R3'},{'R2'},{'R1'},&,1.0,&
{'D6'},{'D3'},{'D7'},{'D4'},{'D5'},{'D1'},{'D2'},{'R3'},{'R1'},{'R2'},&,4.0,&
{'D6'},{'D3'},{'D7'},{'D4'},{'D5'},{'D1'},{'R2'},{'R1'},{'D2'},{'R3'},&,1.0,&
{'D6'},{'D3'},{'D7'},{'D4'},{'D5'},{'D1'},{'R2'},{'R3'},{'D2'},{'R1'},&,1.0,&
{'D6'},{'D3'},{'D7'},{'D4'},{'D5'},{'D2'},{'R3'},{'D1'},{'R1'},{'R2'},&,1.0,&
{'D6'},{'D3'},{'D7'},{'D4'},{'D5'},{'D2'},{'D1'},{'R1'},{'R2'},{'R3'},&,1.0,&
{'D6'},{'D3'},{'D7'},{'D4'},{'D5'},{'D2'},{'D1'},{'R1'},{'R3'},{'R2'},&,2.0,&
{'D6'},{'D3'},{'D7'},{'D4'},{'D5'},{'D2'},{'D1'},{'R2'},{'R3'},{'R1'},&,4.0,&
{'D6'},{'D3'},{'D7'},{'D4'},{'D5'},{'D2'},{'D1'},{'R2'},{'R1'},{'R3'},&,1.0,&
{'D6'},{'D3'},{'D7'},{'D4'},{'D5'},{'D2'},{'D1'},{'R3'},{'R2'},{'R1'},&,4.0,&
{'D6'},{'D3'},{'D7'},{'D4'},{'D5'},{'D2'},{'D1'},{'R3'},{'R1'},{'R2'},&,2.0,&
{'D6'},{'D3'},{'D7'},{'D4'},{'D5'},{'D2'},{'R2'},{'D1'},{'R1'},{'R3'},&,1.0,&
{'D6'},{'D3'},{'D7'},{'D4'},{'D5'},{'R3'},{'D2'},{'D1'},{'R2'},{'R1'},&,1.0,&
{'D6'},{'D3'},{'D7'},{'D4'},{'D5'},{'R3'},{'D1'},{'D2'},{'R2'},{'R1'},&,1.0,&
{'D6'},{'D3'},{'D2'},{'D7'},{'D1'},{'D4'},{'D5'},{'R1'},{'R3'},{'R2'},&,1.0,&
{'D6'},{'D3'},{'D2'},{'D7'},{'D1'},{'D5'},{'R3'},{'D4'},{'R1'},{'R2'},&,1.0,&
{'D6'},{'D3'},{'D2'},{'D7'},{'D1'},{'D5'},{'D4'},{'R1'},{'R3'},{'R2'},&,1.0,&
{'D6'},{'D3'},{'D2'},{'D7'},{'D1'},{'D5'},{'D4'},{'R2'},{'R1'},{'R3'},&,1.0,&
{'D6'},{'D3'},{'D2'},{'D7'},{'D1'},{'D5'},{'D4'},{'R3'},{'R2'},{'R1'},&,1.0,&
{'D6'},{'D3'},{'D2'},{'D7'},{'D1'},{'D5'},{'D4'},{'R3'},{'R1'},{'R2'},&,1.0,&
{'D6'},{'D3'},{'D2'},{'D7'},{'D4'},{'D1'},{'R3'},{'D5'},{'R2'},{'R1'},&,1.0,&
{'D6'},{'D3'},{'D2'},{'D7'},{'D4'},{'D1'},{'D5'},{'R1'},{'R3'},{'R2'},&,1.0,&
{'D6'},{'D3'},{'D2'},{'D7'},{'D4'},{'D5'},{'D1'},{'R2'},{'R3'},{'R1'},&,1.0,&
{'D6'},{'D3'},{'D2'},{'D7'},{'D4'},{'D5'},{'D1'},{'R3'},{'R2'},{'R1'},&,1.0,&
{'D6'},{'D3'},{'D2'},{'D7'},{'D4'},{'R1'},{'D1'},{'R3'},{'D5'},{'R2'},&,1.0,&
{'D6'},{'D3'},{'D2'},{'D7'},{'D5'},{'D4'},{'D1'},{'R1'},{'R3'},{'R2'},&,3.0,&
{'D6'},{'D3'},{'D2'},{'D7'},{'D5'},{'D4'},{'D1'},{'R3'},{'R2'},{'R1'},&,1.0,&
{'D6'},{'D3'},{'D2'},{'D7'},{'D5'},{'D4'},{'D1'},{'R3'},{'R1'},{'R2'},&,4.0,&
{'D6'},{'D3'},{'D2'},{'D7'},{'D5'},{'D4'},{'R2'},{'D1'},{'R3'},{'R1'},&,1.0,&
{'D6'},{'D3'},{'D2'},{'D7'},{'D5'},{'D4'},{'R1'},{'D1'},{'R2'},{'R3'},&,1.0,&
{'D6'},{'D3'},{'D2'},{'D7'},{'D5'},{'D1'},{'D4'},{'R1'},{'R3'},{'R2'},&,1.0,&
{'D6'},{'D3'},{'D2'},{'D7'},{'D5'},{'D1'},{'D4'},{'R2'},{'R3'},{'R1'},&,1.0,&
{'D6'},{'D3'},{'D2'},{'D7'},{'D5'},{'D1'},{'D4'},{'R2'},{'R1'},{'R3'},&,1.0,&
{'D6'},{'D3'},{'D2'},{'D7'},{'D5'},{'D1'},{'R1'},{'D4'},{'R2'},{'R3'},&,1.0,&
{'D6'},{'D3'},{'D2'},{'D7'},{'R2'},{'D4'},{'D5'},{'D1'},{'R3'},{'R1'},&,1.0,&
{'D6'},{'D3'},{'D2'},{'D1'},{'D7'},{'D4'},{'D5'},{'R2'},{'R3'},{'R1'},&,1.0,&
{'D6'},{'D3'},{'D2'},{'D1'},{'D7'},{'D5'},{'D4'},{'R3'},{'R1'},{'R2'},&,1.0,&
{'D6'},{'D3'},{'D2'},{'D1'},{'D4'},{'D5'},{'D7'},{'R2'},{'R3'},{'R1'},&,1.0,&
{'D6'},{'D3'},{'D2'},{'D1'},{'D4'},{'D5'},{'D7'},{'R3'},{'R2'},{'R1'},&,1.0,&
{'D6'},{'D3'},{'D2'},{'D1'},{'D4'},{'D5'},{'D7'},{'R3'},{'R1'},{'R2'},&,1.0,&
{'D6'},{'D3'},{'D2'},{'D1'},{'D4'},{'D5'},{'R1'},{'D7'},{'R3'},{'R2'},&,1.0,&
{'D6'},{'D3'},{'D2'},{'D1'},{'D4'},{'R1'},{'D7'},{'R2'},{'D5'},{'R3'},&,1.0,&
{'D6'},{'D3'},{'D2'},{'D1'},{'D5'},{'D4'},{'D7'},{'R1'},{'R3'},{'R2'},&,1.0,&
{'D6'},{'D3'},{'D2'},{'D1'},{'D5'},{'D4'},{'D7'},{'R2'},{'R3'},{'R1'},&,2.0,&
{'D6'},{'D3'},{'D2'},{'D1'},{'D5'},{'D4'},{'D7'},{'R3'},{'R2'},{'R1'},&,1.0,&
{'D6'},{'D3'},{'D2'},{'D1'},{'D5'},{'D4'},{'D7'},{'R3'},{'R1'},{'R2'},&,1.0,&
{'D6'},{'D3'},{'D2'},{'D1'},{'D5'},{'D7'},{'R3'},{'R1'},{'D4'},{'R2'},&,1.0,&
{'D6'},{'D3'},{'D2'},{'D1'},{'D5'},{'D7'},{'D4'},{'R2'},{'R3'},{'R1'},&,1.0,&
{'D6'},{'D3'},{'D2'},{'D1'},{'D5'},{'D7'},{'D4'},{'R3'},{'R2'},{'R1'},&,1.0,&
{'D6'},{'D3'},{'D2'},{'D1'},{'D5'},{'D7'},{'D4'},{'R3'},{'R1'},{'R2'},&,1.0,&
{'D6'},{'D3'},{'D2'},{'D1'},{'D5'},{'D7'},{'R2'},{'D4'},{'R3'},{'R1'},&,1.0,&
{'D6'},{'D3'},{'D2'},{'D1'},{'D5'},{'D7'},{'R1'},{'D4'},{'R3'},{'R2'},&,1.0,&
{'D6'},{'D3'},{'D2'},{'D5'},{'D1'},{'D4'},{'R3'},{'D7'},{'R1'},{'R2'},&,2.0,&
{'D6'},{'D3'},{'D2'},{'D5'},{'D1'},{'D4'},{'R2'},{'D7'},{'R3'},{'R1'},&,1.0,&
{'D6'},{'D3'},{'D2'},{'D5'},{'D1'},{'D4'},{'D7'},{'R1'},{'R2'},{'R3'},&,2.0,&
{'D6'},{'D3'},{'D2'},{'D5'},{'D1'},{'D4'},{'D7'},{'R1'},{'R3'},{'R2'},&,1.0,&
{'D6'},{'D3'},{'D2'},{'D5'},{'D1'},{'D4'},{'D7'},{'R2'},{'R3'},{'R1'},&,2.0,&
{'D6'},{'D3'},{'D2'},{'D5'},{'D1'},{'D4'},{'D7'},{'R2'},{'R1'},{'R3'},&,1.0,&
{'D6'},{'D3'},{'D2'},{'D5'},{'D1'},{'D4'},{'D7'},{'R3'},{'R2'},{'R1'},&,4.0,&
{'D6'},{'D3'},{'D2'},{'D5'},{'D1'},{'D4'},{'D7'},{'R3'},{'R1'},{'R2'},&,2.0,&
{'D6'},{'D3'},{'D2'},{'D5'},{'D1'},{'D4'},{'R1'},{'D7'},{'R3'},{'R2'},&,1.0,&
{'D6'},{'D3'},{'D2'},{'D5'},{'D1'},{'D7'},{'R3'},{'D4'},{'R1'},{'R2'},&,1.0,&
{'D6'},{'D3'},{'D2'},{'D5'},{'D1'},{'D7'},{'D4'},{'R1'},{'R2'},{'R3'},&,1.0,&
{'D6'},{'D3'},{'D2'},{'D5'},{'D1'},{'D7'},{'D4'},{'R1'},{'R3'},{'R2'},&,1.0,&
{'D6'},{'D3'},{'D2'},{'D5'},{'D1'},{'D7'},{'D4'},{'R3'},{'R2'},{'R1'},&,1.0,&
{'D6'},{'D3'},{'D2'},{'D5'},{'D1'},{'D7'},{'D4'},{'R3'},{'R1'},{'R2'},&,2.0,&
{'D6'},{'D3'},{'D2'},{'D5'},{'D1'},{'D7'},{'R2'},{'R3'},{'R1'},{'D4'},&,1.0,&
{'D6'},{'D3'},{'D2'},{'D5'},{'D1'},{'D7'},{'R2'},{'D4'},{'R1'},{'R3'},&,1.0,&
{'D6'},{'D3'},{'D2'},{'D5'},{'D1'},{'D7'},{'R1'},{'D4'},{'R3'},{'R2'},&,1.0,&
{'D6'},{'D3'},{'D2'},{'D5'},{'D1'},{'R2'},{'D4'},{'D7'},{'R1'},{'R3'},&,1.0,&
{'D6'},{'D3'},{'D2'},{'D5'},{'D1'},{'R1'},{'D4'},{'D7'},{'R3'},{'R2'},&,1.0,&
{'D6'},{'D3'},{'D2'},{'D5'},{'D1'},{'R1'},{'D7'},{'R3'},{'D4'},{'R2'},&,1.0,&
{'D6'},{'D3'},{'D2'},{'D5'},{'D1'},{'R3'},{'D7'},{'D4'},{'R1'},{'R2'},&,1.0,&
{'D6'},{'D3'},{'D2'},{'D5'},{'D7'},{'D4'},{'R3'},{'D1'},{'R2'},{'R1'},&,1.0,&
{'D6'},{'D3'},{'D2'},{'D5'},{'D7'},{'D4'},{'R3'},{'D1'},{'R1'},{'R2'},&,2.0,&
{'D6'},{'D3'},{'D2'},{'D5'},{'D7'},{'D4'},{'D1'},{'R1'},{'R2'},{'R3'},&,1.0,&
{'D6'},{'D3'},{'D2'},{'D5'},{'D7'},{'D4'},{'D1'},{'R1'},{'R3'},{'R2'},&,4.0,&
{'D6'},{'D3'},{'D2'},{'D5'},{'D7'},{'D4'},{'D1'},{'R2'},{'R3'},{'R1'},&,5.0,&
{'D6'},{'D3'},{'D2'},{'D5'},{'D7'},{'D4'},{'D1'},{'R2'},{'R1'},{'R3'},&,2.0,&
{'D6'},{'D3'},{'D2'},{'D5'},{'D7'},{'D4'},{'D1'},{'R3'},{'R2'},{'R1'},&,5.0,&
{'D6'},{'D3'},{'D2'},{'D5'},{'D7'},{'D4'},{'D1'},{'R3'},{'R1'},{'R2'},&,4.0,&
{'D6'},{'D3'},{'D2'},{'D5'},{'D7'},{'D4'},{'R2'},{'D1'},{'R3'},{'R1'},&,3.0,&
{'D6'},{'D3'},{'D2'},{'D5'},{'D7'},{'D1'},{'R3'},{'D4'},{'R2'},{'R1'},&,2.0,&
{'D6'},{'D3'},{'D2'},{'D5'},{'D7'},{'D1'},{'R3'},{'D4'},{'R1'},{'R2'},&,1.0,&
{'D6'},{'D3'},{'D2'},{'D5'},{'D7'},{'D1'},{'D4'},{'R1'},{'R3'},{'R2'},&,1.0,&
{'D6'},{'D3'},{'D2'},{'D5'},{'D7'},{'D1'},{'D4'},{'R2'},{'R3'},{'R1'},&,3.0,&
{'D6'},{'D3'},{'D2'},{'D5'},{'D7'},{'D1'},{'D4'},{'R2'},{'R1'},{'R3'},&,2.0,&
{'D6'},{'D3'},{'D2'},{'D5'},{'D7'},{'D1'},{'D4'},{'R3'},{'R2'},{'R1'},&,5.0,&
{'D6'},{'D3'},{'D2'},{'D5'},{'D7'},{'D1'},{'D4'},{'R3'},{'R1'},{'R2'},&,3.0,&
{'D6'},{'D3'},{'D2'},{'D5'},{'D7'},{'D1'},{'R2'},{'D4'},{'R3'},{'R1'},&,1.0,&
{'D6'},{'D3'},{'D2'},{'D5'},{'D7'},{'R3'},{'D1'},{'D4'},{'R1'},{'R2'},&,1.0,&
{'D6'},{'D3'},{'D2'},{'D5'},{'D7'},{'R3'},{'D4'},{'R1'},{'D1'},{'R2'},&,1.0,&
{'D6'},{'D3'},{'D2'},{'D5'},{'D7'},{'R3'},{'D4'},{'D1'},{'R2'},{'R1'},&,1.0,&
{'D6'},{'D3'},{'D2'},{'D5'},{'D4'},{'D7'},{'R3'},{'R1'},{'R2'},{'D1'},&,2.0,&
{'D6'},{'D3'},{'D2'},{'D5'},{'D4'},{'D7'},{'R3'},{'R1'},{'D1'},{'R2'},&,1.0,&
{'D6'},{'D3'},{'D2'},{'D5'},{'D4'},{'D7'},{'R3'},{'D1'},{'R2'},{'R1'},&,1.0,&
{'D6'},{'D3'},{'D2'},{'D5'},{'D4'},{'D7'},{'R3'},{'D1'},{'R1'},{'R2'},&,2.0,&
{'D6'},{'D3'},{'D2'},{'D5'},{'D4'},{'D7'},{'D1'},{'R1'},{'R2'},{'R3'},&,1.0,&
{'D6'},{'D3'},{'D2'},{'D5'},{'D4'},{'D7'},{'D1'},{'R1'},{'R3'},{'R2'},&,3.0,&
{'D6'},{'D3'},{'D2'},{'D5'},{'D4'},{'D7'},{'D1'},{'R2'},{'R3'},{'R1'},&,2.0,&
{'D6'},{'D3'},{'D2'},{'D5'},{'D4'},{'D7'},{'D1'},{'R2'},{'R1'},{'R3'},&,1.0,&
{'D6'},{'D3'},{'D2'},{'D5'},{'D4'},{'D7'},{'D1'},{'R3'},{'R2'},{'R1'},&,3.0,&
{'D6'},{'D3'},{'D2'},{'D5'},{'D4'},{'D7'},{'D1'},{'R3'},{'R1'},{'R2'},&,5.0,&
{'D6'},{'D3'},{'D2'},{'D5'},{'D4'},{'D7'},{'R2'},{'R1'},{'D1'},{'R3'},&,1.0,&
{'D6'},{'D3'},{'D2'},{'D5'},{'D4'},{'D7'},{'R2'},{'D1'},{'R3'},{'R1'},&,2.0,&
{'D6'},{'D3'},{'D2'},{'D5'},{'D4'},{'D7'},{'R1'},{'D1'},{'R3'},{'R2'},&,1.0,&
{'D6'},{'D3'},{'D2'},{'D5'},{'D4'},{'D1'},{'D7'},{'R1'},{'R3'},{'R2'},&,3.0,&
{'D6'},{'D3'},{'D2'},{'D5'},{'D4'},{'D1'},{'D7'},{'R2'},{'R3'},{'R1'},&,2.0,&
{'D6'},{'D3'},{'D2'},{'D5'},{'D4'},{'D1'},{'D7'},{'R2'},{'R1'},{'R3'},&,1.0,&
{'D6'},{'D3'},{'D2'},{'D5'},{'D4'},{'D1'},{'D7'},{'R3'},{'R2'},{'R1'},&,2.0,&
{'D6'},{'D3'},{'D2'},{'D5'},{'D4'},{'D1'},{'D7'},{'R3'},{'R1'},{'R2'},&,2.0,&
{'D6'},{'D3'},{'D2'},{'D5'},{'D4'},{'D1'},{'R1'},{'D7'},{'R2'},{'R3'},&,1.0,&
{'D6'},{'D3'},{'D2'},{'D5'},{'D4'},{'R3'},{'D1'},{'D7'},{'R2'},{'R1'},&,1.0,&
{'D6'},{'D3'},{'D2'},{'D5'},{'R3'},{'D7'},{'D1'},{'D4'},{'R1'},{'R2'},&,1.0,&
{'D6'},{'D3'},{'D2'},{'D4'},{'D1'},{'D7'},{'D5'},{'R3'},{'R2'},{'R1'},&,1.0,&
{'D6'},{'D3'},{'D2'},{'D4'},{'D1'},{'D7'},{'D5'},{'R3'},{'R1'},{'R2'},&,1.0,&
{'D6'},{'D3'},{'D2'},{'D4'},{'D1'},{'D5'},{'R3'},{'D7'},{'R1'},{'R2'},&,1.0,&
{'D6'},{'D3'},{'D2'},{'D4'},{'D1'},{'D5'},{'D7'},{'R1'},{'R3'},{'R2'},&,1.0,&
{'D6'},{'D3'},{'D2'},{'D4'},{'D1'},{'D5'},{'D7'},{'R3'},{'R1'},{'R2'},&,1.0,&
{'D6'},{'D3'},{'D2'},{'D4'},{'D7'},{'D5'},{'D1'},{'R2'},{'R3'},{'R1'},&,1.0,&
{'D6'},{'D3'},{'D2'},{'D4'},{'D7'},{'D5'},{'D1'},{'R3'},{'R2'},{'R1'},&,3.0,&
{'D6'},{'D3'},{'D2'},{'D4'},{'D7'},{'D5'},{'D1'},{'R3'},{'R1'},{'R2'},&,1.0,&
{'D6'},{'D3'},{'D2'},{'D4'},{'D7'},{'R2'},{'D5'},{'D1'},{'R1'},{'R3'},&,1.0,&
{'D6'},{'D3'},{'D2'},{'D4'},{'D5'},{'D7'},{'R3'},{'D1'},{'R2'},{'R1'},&,2.0,&
{'D6'},{'D3'},{'D2'},{'D4'},{'D5'},{'D7'},{'D1'},{'R1'},{'R3'},{'R2'},&,3.0,&
{'D6'},{'D3'},{'D2'},{'D4'},{'D5'},{'D7'},{'D1'},{'R3'},{'R2'},{'R1'},&,2.0,&
{'D6'},{'D3'},{'D2'},{'D4'},{'D5'},{'D7'},{'D1'},{'R3'},{'R1'},{'R2'},&,1.0,&
{'D6'},{'D3'},{'D2'},{'D4'},{'D5'},{'D7'},{'R2'},{'D1'},{'R3'},{'R1'},&,2.0,&
{'D6'},{'D3'},{'D2'},{'D4'},{'D5'},{'D1'},{'R3'},{'D7'},{'R2'},{'R1'},&,1.0,&
{'D6'},{'D3'},{'D2'},{'D4'},{'D5'},{'D1'},{'R3'},{'D7'},{'R1'},{'R2'},&,1.0,&
{'D6'},{'D3'},{'D2'},{'D4'},{'D5'},{'D1'},{'D7'},{'R1'},{'R3'},{'R2'},&,1.0,&
{'D6'},{'D3'},{'D2'},{'D4'},{'D5'},{'D1'},{'D7'},{'R2'},{'R3'},{'R1'},&,1.0,&
{'D6'},{'D3'},{'D2'},{'D4'},{'D5'},{'D1'},{'D7'},{'R3'},{'R2'},{'R1'},&,2.0,&
{'D6'},{'D3'},{'D2'},{'D4'},{'D5'},{'D1'},{'R1'},{'D7'},{'R3'},{'R2'},&,1.0,&
{'D6'},{'D3'},{'D2'},{'D4'},{'D5'},{'R2'},{'D7'},{'R3'},{'D1'},{'R1'},&,2.0,&
{'D6'},{'D3'},{'R3'},{'D7'},{'D5'},{'D4'},{'D1'},{'D2'},{'R1'},{'R2'},&,1.0,&
{'D6'},{'D5'},{'D4'},{'D7'},{'D1'},{'D2'},{'R3'},{'R2'},{'D3'},{'R1'},&,1.0,&
{'D6'},{'D5'},{'D4'},{'D7'},{'D1'},{'D2'},{'R3'},{'D3'},{'R1'},{'R2'},&,1.0,&
{'D6'},{'D5'},{'D4'},{'D7'},{'D1'},{'D2'},{'R2'},{'D3'},{'R3'},{'R1'},&,1.0,&
{'D6'},{'D5'},{'D4'},{'D7'},{'D1'},{'D2'},{'D3'},{'R1'},{'R3'},{'R2'},&,1.0,&
{'D6'},{'D5'},{'D4'},{'D7'},{'D1'},{'D2'},{'D3'},{'R2'},{'R1'},{'R3'},&,1.0,&
{'D6'},{'D5'},{'D4'},{'D7'},{'D1'},{'D2'},{'D3'},{'R3'},{'R2'},{'R1'},&,2.0,&
{'D6'},{'D5'},{'D4'},{'D7'},{'D1'},{'D2'},{'D3'},{'R3'},{'R1'},{'R2'},&,3.0,&
{'D6'},{'D5'},{'D4'},{'D7'},{'D1'},{'D2'},{'R1'},{'D3'},{'R2'},{'R3'},&,1.0,&
{'D6'},{'D5'},{'D4'},{'D7'},{'D1'},{'D3'},{'R3'},{'R1'},{'D2'},{'R2'},&,1.0,&
{'D6'},{'D5'},{'D4'},{'D7'},{'D1'},{'D3'},{'D2'},{'R1'},{'R2'},{'R3'},&,2.0,&
{'D6'},{'D5'},{'D4'},{'D7'},{'D1'},{'D3'},{'D2'},{'R1'},{'R3'},{'R2'},&,9.0,&
{'D6'},{'D5'},{'D4'},{'D7'},{'D1'},{'D3'},{'D2'},{'R2'},{'R3'},{'R1'},&,5.0,&
{'D6'},{'D5'},{'D4'},{'D7'},{'D1'},{'D3'},{'D2'},{'R3'},{'R2'},{'R1'},&,5.0,&
{'D6'},{'D5'},{'D4'},{'D7'},{'D1'},{'D3'},{'D2'},{'R3'},{'R1'},{'R2'},&,5.0,&
{'D6'},{'D5'},{'D4'},{'D7'},{'D1'},{'D3'},{'R2'},{'D2'},{'R3'},{'R1'},&,1.0,&
{'D6'},{'D5'},{'D4'},{'D7'},{'D1'},{'R2'},{'D3'},{'D2'},{'R3'},{'R1'},&,1.0,&
{'D6'},{'D5'},{'D4'},{'D7'},{'D1'},{'R1'},{'D3'},{'D2'},{'R3'},{'R2'},&,1.0,&
{'D6'},{'D5'},{'D4'},{'D7'},{'D2'},{'D1'},{'R3'},{'R2'},{'D3'},{'R1'},&,1.0,&
{'D6'},{'D5'},{'D4'},{'D7'},{'D2'},{'D1'},{'R3'},{'D3'},{'R1'},{'R2'},&,2.0,&
{'D6'},{'D5'},{'D4'},{'D7'},{'D2'},{'D1'},{'R2'},{'R3'},{'R1'},{'D3'},&,1.0,&
{'D6'},{'D5'},{'D4'},{'D7'},{'D2'},{'D1'},{'R2'},{'D3'},{'R1'},{'R3'},&,1.0,&
{'D6'},{'D5'},{'D4'},{'D7'},{'D2'},{'D1'},{'D3'},{'R2'},{'R3'},{'R1'},&,2.0,&
{'D6'},{'D5'},{'D4'},{'D7'},{'D2'},{'D1'},{'D3'},{'R3'},{'R2'},{'R1'},&,1.0,&
{'D6'},{'D5'},{'D4'},{'D7'},{'D2'},{'D1'},{'D3'},{'R3'},{'R1'},{'R2'},&,1.0,&
{'D6'},{'D5'},{'D4'},{'D7'},{'D2'},{'D3'},{'R3'},{'R1'},{'D1'},{'R2'},&,1.0,&
{'D6'},{'D5'},{'D4'},{'D7'},{'D2'},{'D3'},{'R3'},{'D1'},{'R2'},{'R1'},&,1.0,&
{'D6'},{'D5'},{'D4'},{'D7'},{'D2'},{'D3'},{'R3'},{'D1'},{'R1'},{'R2'},&,1.0,&
{'D6'},{'D5'},{'D4'},{'D7'},{'D2'},{'D3'},{'D1'},{'R1'},{'R2'},{'R3'},&,1.0,&
{'D6'},{'D5'},{'D4'},{'D7'},{'D2'},{'D3'},{'D1'},{'R1'},{'R3'},{'R2'},&,4.0,&
{'D6'},{'D5'},{'D4'},{'D7'},{'D2'},{'D3'},{'D1'},{'R2'},{'R3'},{'R1'},&,4.0,&
{'D6'},{'D5'},{'D4'},{'D7'},{'D2'},{'D3'},{'D1'},{'R3'},{'R2'},{'R1'},&,5.0,&
{'D6'},{'D5'},{'D4'},{'D7'},{'D2'},{'D3'},{'D1'},{'R3'},{'R1'},{'R2'},&,8.0,&
{'D6'},{'D5'},{'D4'},{'D7'},{'D2'},{'D3'},{'R2'},{'D1'},{'R3'},{'R1'},&,1.0,&
{'D6'},{'D5'},{'D4'},{'D7'},{'D2'},{'D3'},{'R1'},{'D1'},{'R3'},{'R2'},&,2.0,&
{'D6'},{'D5'},{'D4'},{'D7'},{'D2'},{'R2'},{'D3'},{'D1'},{'R3'},{'R1'},&,1.0,&
{'D6'},{'D5'},{'D4'},{'D7'},{'D2'},{'R3'},{'D3'},{'D1'},{'R1'},{'R2'},&,1.0,&
{'D6'},{'D5'},{'D4'},{'D7'},{'D3'},{'D1'},{'R3'},{'D2'},{'R2'},{'R1'},&,1.0,&
{'D6'},{'D5'},{'D4'},{'D7'},{'D3'},{'D1'},{'R3'},{'D2'},{'R1'},{'R2'},&,4.0,&
{'D6'},{'D5'},{'D4'},{'D7'},{'D3'},{'D1'},{'R3'},{'R2'},{'D2'},{'R1'},&,1.0,&
{'D6'},{'D5'},{'D4'},{'D7'},{'D3'},{'D1'},{'D2'},{'R1'},{'R2'},{'R3'},&,1.0,&
{'D6'},{'D5'},{'D4'},{'D7'},{'D3'},{'D1'},{'D2'},{'R1'},{'R3'},{'R2'},&,12.0,&
{'D6'},{'D5'},{'D4'},{'D7'},{'D3'},{'D1'},{'D2'},{'R2'},{'R3'},{'R1'},&,7.0,&
{'D6'},{'D5'},{'D4'},{'D7'},{'D3'},{'D1'},{'D2'},{'R2'},{'R1'},{'R3'},&,4.0,&
{'D6'},{'D5'},{'D4'},{'D7'},{'D3'},{'D1'},{'D2'},{'R3'},{'R2'},{'R1'},&,8.0,&
{'D6'},{'D5'},{'D4'},{'D7'},{'D3'},{'D1'},{'D2'},{'R3'},{'R1'},{'R2'},&,16.0,&
{'D6'},{'D5'},{'D4'},{'D7'},{'D3'},{'D1'},{'R2'},{'R1'},{'D2'},{'R3'},&,1.0,&
{'D6'},{'D5'},{'D4'},{'D7'},{'D3'},{'D1'},{'R2'},{'R3'},{'R1'},{'D2'},&,1.0,&
{'D6'},{'D5'},{'D4'},{'D7'},{'D3'},{'D1'},{'R1'},{'D2'},{'R3'},{'R2'},&,2.0,&
{'D6'},{'D5'},{'D4'},{'D7'},{'D3'},{'D2'},{'R3'},{'R1'},{'D1'},{'R2'},&,3.0,&
{'D6'},{'D5'},{'D4'},{'D7'},{'D3'},{'D2'},{'R3'},{'R2'},{'D1'},{'R1'},&,3.0,&
{'D6'},{'D5'},{'D4'},{'D7'},{'D3'},{'D2'},{'R3'},{'D1'},{'R2'},{'R1'},&,2.0,&
{'D6'},{'D5'},{'D4'},{'D7'},{'D3'},{'D2'},{'R3'},{'D1'},{'R1'},{'R2'},&,4.0,&
{'D6'},{'D5'},{'D4'},{'D7'},{'D3'},{'D2'},{'D1'},{'R1'},{'R2'},{'R3'},&,1.0,&
{'D6'},{'D5'},{'D4'},{'D7'},{'D3'},{'D2'},{'D1'},{'R1'},{'R3'},{'R2'},&,9.0,&
{'D6'},{'D5'},{'D4'},{'D7'},{'D3'},{'D2'},{'D1'},{'R2'},{'R3'},{'R1'},&,9.0,&
{'D6'},{'D5'},{'D4'},{'D7'},{'D3'},{'D2'},{'D1'},{'R2'},{'R1'},{'R3'},&,4.0,&
{'D6'},{'D5'},{'D4'},{'D7'},{'D3'},{'D2'},{'D1'},{'R3'},{'R2'},{'R1'},&,7.0,&
{'D6'},{'D5'},{'D4'},{'D7'},{'D3'},{'D2'},{'D1'},{'R3'},{'R1'},{'R2'},&,8.0,&
{'D6'},{'D5'},{'D4'},{'D7'},{'D3'},{'D2'},{'R2'},{'D1'},{'R3'},{'R1'},&,2.0,&
{'D6'},{'D5'},{'D4'},{'D7'},{'D3'},{'D2'},{'R1'},{'R3'},{'D1'},{'R2'},&,1.0,&
{'D6'},{'D5'},{'D4'},{'D7'},{'D3'},{'D2'},{'R1'},{'D1'},{'R2'},{'R3'},&,1.0,&
{'D6'},{'D5'},{'D4'},{'D7'},{'D3'},{'D2'},{'R1'},{'D1'},{'R3'},{'R2'},&,1.0,&
{'D6'},{'D5'},{'D4'},{'D7'},{'D3'},{'R2'},{'D2'},{'D1'},{'R3'},{'R1'},&,3.0,&
{'D6'},{'D5'},{'D4'},{'D7'},{'D3'},{'R1'},{'R2'},{'D2'},{'D1'},{'R3'},&,1.0,&
{'D6'},{'D5'},{'D4'},{'D7'},{'D3'},{'R3'},{'D2'},{'D1'},{'R1'},{'R2'},&,1.0,&
{'D6'},{'D5'},{'D4'},{'D7'},{'D3'},{'R3'},{'D1'},{'R1'},{'R2'},{'D2'},&,1.0,&
{'D6'},{'D5'},{'D4'},{'D7'},{'D3'},{'R3'},{'D1'},{'R1'},{'D2'},{'R2'},&,1.0,&
{'D6'},{'D5'},{'D4'},{'D7'},{'R3'},{'D3'},{'D2'},{'D1'},{'R2'},{'R1'},&,1.0,&
{'D6'},{'D5'},{'D4'},{'D1'},{'D7'},{'D2'},{'D3'},{'R1'},{'R3'},{'R2'},&,1.0,&
{'D6'},{'D5'},{'D4'},{'D1'},{'D7'},{'D2'},{'D3'},{'R3'},{'R1'},{'R2'},&,2.0,&
{'D6'},{'D5'},{'D4'},{'D1'},{'D7'},{'D3'},{'R3'},{'D2'},{'R2'},{'R1'},&,1.0,&
{'D6'},{'D5'},{'D4'},{'D1'},{'D7'},{'D3'},{'R3'},{'R1'},{'D2'},{'R2'},&,1.0,&
{'D6'},{'D5'},{'D4'},{'D1'},{'D7'},{'D3'},{'D2'},{'R1'},{'R2'},{'R3'},&,4.0,&
{'D6'},{'D5'},{'D4'},{'D1'},{'D7'},{'D3'},{'D2'},{'R1'},{'R3'},{'R2'},&,3.0,&
{'D6'},{'D5'},{'D4'},{'D1'},{'D7'},{'D3'},{'D2'},{'R2'},{'R3'},{'R1'},&,5.0,&
{'D6'},{'D5'},{'D4'},{'D1'},{'D7'},{'D3'},{'D2'},{'R2'},{'R1'},{'R3'},&,3.0,&
{'D6'},{'D5'},{'D4'},{'D1'},{'D7'},{'D3'},{'D2'},{'R3'},{'R2'},{'R1'},&,3.0,&
{'D6'},{'D5'},{'D4'},{'D1'},{'D7'},{'D3'},{'D2'},{'R3'},{'R1'},{'R2'},&,6.0,&
{'D6'},{'D5'},{'D4'},{'D1'},{'D7'},{'D3'},{'R2'},{'D2'},{'R1'},{'R3'},&,1.0,&
{'D6'},{'D5'},{'D4'},{'D1'},{'D7'},{'D3'},{'R2'},{'R1'},{'D2'},{'R3'},&,1.0,&
{'D6'},{'D5'},{'D4'},{'D1'},{'D7'},{'D3'},{'R2'},{'R3'},{'D2'},{'R1'},&,1.0,&
{'D6'},{'D5'},{'D4'},{'D1'},{'D7'},{'R1'},{'D3'},{'D2'},{'R3'},{'R2'},&,2.0,&
{'D6'},{'D5'},{'D4'},{'D1'},{'D7'},{'R3'},{'D2'},{'D3'},{'R2'},{'R1'},&,1.0,&
{'D6'},{'D5'},{'D4'},{'D1'},{'D2'},{'D7'},{'R2'},{'D3'},{'R3'},{'R1'},&,1.0,&
{'D6'},{'D5'},{'D4'},{'D1'},{'D2'},{'D7'},{'D3'},{'R3'},{'R2'},{'R1'},&,2.0,&
{'D6'},{'D5'},{'D4'},{'D1'},{'D2'},{'D7'},{'D3'},{'R3'},{'R1'},{'R2'},&,1.0,&
{'D6'},{'D5'},{'D4'},{'D1'},{'D2'},{'D3'},{'R3'},{'R1'},{'D7'},{'R2'},&,1.0,&
{'D6'},{'D5'},{'D4'},{'D1'},{'D2'},{'D3'},{'R3'},{'D7'},{'R2'},{'R1'},&,3.0,&
{'D6'},{'D5'},{'D4'},{'D1'},{'D2'},{'D3'},{'R3'},{'D7'},{'R1'},{'R2'},&,1.0,&
{'D6'},{'D5'},{'D4'},{'D1'},{'D2'},{'D3'},{'D7'},{'R1'},{'R2'},{'R3'},&,1.0,&
{'D6'},{'D5'},{'D4'},{'D1'},{'D2'},{'D3'},{'D7'},{'R1'},{'R3'},{'R2'},&,1.0,&
{'D6'},{'D5'},{'D4'},{'D1'},{'D2'},{'D3'},{'D7'},{'R2'},{'R3'},{'R1'},&,1.0,&
{'D6'},{'D5'},{'D4'},{'D1'},{'D2'},{'D3'},{'D7'},{'R2'},{'R1'},{'R3'},&,1.0,&
{'D6'},{'D5'},{'D4'},{'D1'},{'D2'},{'D3'},{'D7'},{'R3'},{'R1'},{'R2'},&,2.0,&
{'D6'},{'D5'},{'D4'},{'D1'},{'D2'},{'R3'},{'D7'},{'D3'},{'R1'},{'R2'},&,2.0,&
{'D6'},{'D5'},{'D4'},{'D1'},{'D3'},{'D7'},{'R3'},{'D2'},{'R2'},{'R1'},&,5.0,&
{'D6'},{'D5'},{'D4'},{'D1'},{'D3'},{'D7'},{'R3'},{'D2'},{'R1'},{'R2'},&,2.0,&
{'D6'},{'D5'},{'D4'},{'D1'},{'D3'},{'D7'},{'R3'},{'R2'},{'R1'},{'D2'},&,1.0,&
{'D6'},{'D5'},{'D4'},{'D1'},{'D3'},{'D7'},{'D2'},{'R1'},{'R3'},{'R2'},&,8.0,&
{'D6'},{'D5'},{'D4'},{'D1'},{'D3'},{'D7'},{'D2'},{'R2'},{'R3'},{'R1'},&,5.0,&
{'D6'},{'D5'},{'D4'},{'D1'},{'D3'},{'D7'},{'D2'},{'R3'},{'R2'},{'R1'},&,3.0,&
{'D6'},{'D5'},{'D4'},{'D1'},{'D3'},{'D7'},{'D2'},{'R3'},{'R1'},{'R2'},&,9.0,&
{'D6'},{'D5'},{'D4'},{'D1'},{'D3'},{'D7'},{'R2'},{'D2'},{'R3'},{'R1'},&,2.0,&
{'D6'},{'D5'},{'D4'},{'D1'},{'D3'},{'D2'},{'R3'},{'R2'},{'R1'},{'D7'},&,1.0,&
{'D6'},{'D5'},{'D4'},{'D1'},{'D3'},{'D2'},{'R3'},{'D7'},{'R2'},{'R1'},&,1.0,&
{'D6'},{'D5'},{'D4'},{'D1'},{'D3'},{'D2'},{'R3'},{'D7'},{'R1'},{'R2'},&,3.0,&
{'D6'},{'D5'},{'D4'},{'D1'},{'D3'},{'D2'},{'R2'},{'D7'},{'R3'},{'R1'},&,1.0,&
{'D6'},{'D5'},{'D4'},{'D1'},{'D3'},{'D2'},{'D7'},{'R1'},{'R3'},{'R2'},&,4.0,&
{'D6'},{'D5'},{'D4'},{'D1'},{'D3'},{'D2'},{'D7'},{'R2'},{'R1'},{'R3'},&,1.0,&
{'D6'},{'D5'},{'D4'},{'D1'},{'D3'},{'D2'},{'D7'},{'R3'},{'R2'},{'R1'},&,6.0,&
{'D6'},{'D5'},{'D4'},{'D1'},{'D3'},{'D2'},{'D7'},{'R3'},{'R1'},{'R2'},&,2.0,&
{'D6'},{'D5'},{'D4'},{'D1'},{'D3'},{'D2'},{'R1'},{'R3'},{'D7'},{'R2'},&,1.0,&
{'D6'},{'D5'},{'D4'},{'D1'},{'D3'},{'D2'},{'R1'},{'D7'},{'R2'},{'R3'},&,1.0,&
{'D6'},{'D5'},{'D4'},{'D1'},{'D3'},{'D2'},{'R1'},{'D7'},{'R3'},{'R2'},&,2.0,&
{'D6'},{'D5'},{'D4'},{'D1'},{'D3'},{'R2'},{'D2'},{'D7'},{'R3'},{'R1'},&,2.0,&
{'D6'},{'D5'},{'D4'},{'D1'},{'R1'},{'D3'},{'D7'},{'R3'},{'D2'},{'R2'},&,1.0,&
{'D6'},{'D5'},{'D4'},{'D2'},{'D1'},{'D7'},{'R3'},{'D3'},{'R1'},{'R2'},&,1.0,&
{'D6'},{'D5'},{'D4'},{'D2'},{'D1'},{'D7'},{'R2'},{'D3'},{'R3'},{'R1'},&,1.0,&
{'D6'},{'D5'},{'D4'},{'D2'},{'D1'},{'D7'},{'D3'},{'R1'},{'R3'},{'R2'},&,1.0,&
{'D6'},{'D5'},{'D4'},{'D2'},{'D1'},{'D7'},{'D3'},{'R2'},{'R3'},{'R1'},&,1.0,&
{'D6'},{'D5'},{'D4'},{'D2'},{'D1'},{'D7'},{'D3'},{'R3'},{'R2'},{'R1'},&,1.0,&
{'D6'},{'D5'},{'D4'},{'D2'},{'D1'},{'D7'},{'D3'},{'R3'},{'R1'},{'R2'},&,1.0,&
{'D6'},{'D5'},{'D4'},{'D2'},{'D1'},{'D7'},{'R1'},{'D3'},{'R3'},{'R2'},&,1.0,&
{'D6'},{'D5'},{'D4'},{'D2'},{'D1'},{'D3'},{'R3'},{'R1'},{'D7'},{'R2'},&,2.0,&
{'D6'},{'D5'},{'D4'},{'D2'},{'D1'},{'D3'},{'R3'},{'D7'},{'R2'},{'R1'},&,1.0,&
{'D6'},{'D5'},{'D4'},{'D2'},{'D1'},{'D3'},{'R3'},{'D7'},{'R1'},{'R2'},&,1.0,&
{'D6'},{'D5'},{'D4'},{'D2'},{'D1'},{'D3'},{'D7'},{'R1'},{'R2'},{'R3'},&,1.0,&
{'D6'},{'D5'},{'D4'},{'D2'},{'D1'},{'D3'},{'D7'},{'R1'},{'R3'},{'R2'},&,2.0,&
{'D6'},{'D5'},{'D4'},{'D2'},{'D1'},{'D3'},{'D7'},{'R3'},{'R2'},{'R1'},&,4.0,&
{'D6'},{'D5'},{'D4'},{'D2'},{'D1'},{'D3'},{'D7'},{'R3'},{'R1'},{'R2'},&,4.0,&
{'D6'},{'D5'},{'D4'},{'D2'},{'D7'},{'D1'},{'R2'},{'D3'},{'R3'},{'R1'},&,1.0,&
{'D6'},{'D5'},{'D4'},{'D2'},{'D7'},{'D1'},{'D3'},{'R1'},{'R2'},{'R3'},&,1.0,&
{'D6'},{'D5'},{'D4'},{'D2'},{'D7'},{'D1'},{'D3'},{'R1'},{'R3'},{'R2'},&,1.0,&
{'D6'},{'D5'},{'D4'},{'D2'},{'D7'},{'D1'},{'D3'},{'R2'},{'R3'},{'R1'},&,3.0,&
{'D6'},{'D5'},{'D4'},{'D2'},{'D7'},{'D1'},{'D3'},{'R2'},{'R1'},{'R3'},&,1.0,&
{'D6'},{'D5'},{'D4'},{'D2'},{'D7'},{'D1'},{'D3'},{'R3'},{'R2'},{'R1'},&,4.0,&
{'D6'},{'D5'},{'D4'},{'D2'},{'D7'},{'D3'},{'R3'},{'D1'},{'R1'},{'R2'},&,2.0,&
{'D6'},{'D5'},{'D4'},{'D2'},{'D7'},{'D3'},{'D1'},{'R1'},{'R2'},{'R3'},&,1.0,&
{'D6'},{'D5'},{'D4'},{'D2'},{'D7'},{'D3'},{'D1'},{'R1'},{'R3'},{'R2'},&,6.0,&
{'D6'},{'D5'},{'D4'},{'D2'},{'D7'},{'D3'},{'D1'},{'R2'},{'R3'},{'R1'},&,3.0,&
{'D6'},{'D5'},{'D4'},{'D2'},{'D7'},{'D3'},{'D1'},{'R2'},{'R1'},{'R3'},&,1.0,&
{'D6'},{'D5'},{'D4'},{'D2'},{'D7'},{'D3'},{'D1'},{'R3'},{'R2'},{'R1'},&,6.0,&
{'D6'},{'D5'},{'D4'},{'D2'},{'D7'},{'D3'},{'D1'},{'R3'},{'R1'},{'R2'},&,6.0,&
{'D6'},{'D5'},{'D4'},{'D2'},{'D7'},{'D3'},{'R2'},{'R3'},{'D1'},{'R1'},&,1.0,&
{'D6'},{'D5'},{'D4'},{'D2'},{'D7'},{'D3'},{'R1'},{'R2'},{'D1'},{'R3'},&,1.0,&
{'D6'},{'D5'},{'D4'},{'D2'},{'D7'},{'R1'},{'D3'},{'D1'},{'R3'},{'R2'},&,1.0,&
{'D6'},{'D5'},{'D4'},{'D2'},{'D7'},{'R3'},{'D3'},{'D1'},{'R2'},{'R1'},&,1.0,&
{'D6'},{'D5'},{'D4'},{'D2'},{'D3'},{'D7'},{'R3'},{'R1'},{'D1'},{'R2'},&,2.0,&
{'D6'},{'D5'},{'D4'},{'D2'},{'D3'},{'D7'},{'R3'},{'R2'},{'R1'},{'D1'},&,1.0,&
{'D6'},{'D5'},{'D4'},{'D2'},{'D3'},{'D7'},{'R3'},{'D1'},{'R2'},{'R1'},&,4.0,&
{'D6'},{'D5'},{'D4'},{'D2'},{'D3'},{'D7'},{'R3'},{'D1'},{'R1'},{'R2'},&,2.0,&
{'D6'},{'D5'},{'D4'},{'D2'},{'D3'},{'D7'},{'D1'},{'R1'},{'R2'},{'R3'},&,1.0,&
{'D6'},{'D5'},{'D4'},{'D2'},{'D3'},{'D7'},{'D1'},{'R1'},{'R3'},{'R2'},&,6.0,&
{'D6'},{'D5'},{'D4'},{'D2'},{'D3'},{'D7'},{'D1'},{'R2'},{'R3'},{'R1'},&,4.0,&
{'D6'},{'D5'},{'D4'},{'D2'},{'D3'},{'D7'},{'D1'},{'R2'},{'R1'},{'R3'},&,3.0,&
{'D6'},{'D5'},{'D4'},{'D2'},{'D3'},{'D7'},{'D1'},{'R3'},{'R2'},{'R1'},&,1.0,&
{'D6'},{'D5'},{'D4'},{'D2'},{'D3'},{'D7'},{'D1'},{'R3'},{'R1'},{'R2'},&,8.0,&
{'D6'},{'D5'},{'D4'},{'D2'},{'D3'},{'D7'},{'R2'},{'D1'},{'R3'},{'R1'},&,1.0,&
{'D6'},{'D5'},{'D4'},{'D2'},{'D3'},{'D7'},{'R1'},{'D1'},{'R2'},{'R3'},&,1.0,&
{'D6'},{'D5'},{'D4'},{'D2'},{'D3'},{'D7'},{'R1'},{'D1'},{'R3'},{'R2'},&,4.0,&
{'D6'},{'D5'},{'D4'},{'D2'},{'D3'},{'D1'},{'R3'},{'R2'},{'R1'},{'D7'},&,1.0,&
{'D6'},{'D5'},{'D4'},{'D2'},{'D3'},{'D1'},{'R3'},{'D7'},{'R2'},{'R1'},&,1.0,&
{'D6'},{'D5'},{'D4'},{'D2'},{'D3'},{'D1'},{'R3'},{'D7'},{'R1'},{'R2'},&,1.0,&
{'D6'},{'D5'},{'D4'},{'D2'},{'D3'},{'D1'},{'D7'},{'R1'},{'R3'},{'R2'},&,6.0,&
{'D6'},{'D5'},{'D4'},{'D2'},{'D3'},{'D1'},{'D7'},{'R2'},{'R3'},{'R1'},&,1.0,&
{'D6'},{'D5'},{'D4'},{'D2'},{'D3'},{'D1'},{'D7'},{'R2'},{'R1'},{'R3'},&,1.0,&
{'D6'},{'D5'},{'D4'},{'D2'},{'D3'},{'D1'},{'D7'},{'R3'},{'R2'},{'R1'},&,6.0,&
{'D6'},{'D5'},{'D4'},{'D2'},{'D3'},{'D1'},{'D7'},{'R3'},{'R1'},{'R2'},&,2.0,&
{'D6'},{'D5'},{'D4'},{'D2'},{'D3'},{'R1'},{'D1'},{'R3'},{'R2'},{'D7'},&,1.0,&
{'D6'},{'D5'},{'D4'},{'D2'},{'D3'},{'R1'},{'D7'},{'D1'},{'R3'},{'R2'},&,1.0,&
{'D6'},{'D5'},{'D4'},{'D2'},{'D3'},{'R3'},{'D1'},{'D7'},{'R2'},{'R1'},&,1.0,&
{'D6'},{'D5'},{'D4'},{'D2'},{'D3'},{'R3'},{'D7'},{'D1'},{'R2'},{'R1'},&,1.0,&
{'D6'},{'D5'},{'D4'},{'D2'},{'R1'},{'D3'},{'D7'},{'D1'},{'R2'},{'R3'},&,1.0,&
{'D6'},{'D5'},{'D4'},{'D3'},{'D1'},{'D7'},{'R3'},{'D2'},{'R2'},{'R1'},&,1.0,&
{'D6'},{'D5'},{'D4'},{'D3'},{'D1'},{'D7'},{'R3'},{'D2'},{'R1'},{'R2'},&,2.0,&
{'D6'},{'D5'},{'D4'},{'D3'},{'D1'},{'D7'},{'R3'},{'R1'},{'D2'},{'R2'},&,2.0,&
{'D6'},{'D5'},{'D4'},{'D3'},{'D1'},{'D7'},{'R3'},{'R2'},{'R1'},{'D2'},&,1.0,&
{'D6'},{'D5'},{'D4'},{'D3'},{'D1'},{'D7'},{'R3'},{'R2'},{'D2'},{'R1'},&,1.0,&
{'D6'},{'D5'},{'D4'},{'D3'},{'D1'},{'D7'},{'D2'},{'R1'},{'R2'},{'R3'},&,2.0,&
{'D6'},{'D5'},{'D4'},{'D3'},{'D1'},{'D7'},{'D2'},{'R1'},{'R3'},{'R2'},&,8.0,&
{'D6'},{'D5'},{'D4'},{'D3'},{'D1'},{'D7'},{'D2'},{'R2'},{'R3'},{'R1'},&,8.0,&
{'D6'},{'D5'},{'D4'},{'D3'},{'D1'},{'D7'},{'D2'},{'R2'},{'R1'},{'R3'},&,2.0,&
{'D6'},{'D5'},{'D4'},{'D3'},{'D1'},{'D7'},{'D2'},{'R3'},{'R2'},{'R1'},&,17.0,&
{'D6'},{'D5'},{'D4'},{'D3'},{'D1'},{'D7'},{'D2'},{'R3'},{'R1'},{'R2'},&,12.0,&
{'D6'},{'D5'},{'D4'},{'D3'},{'D1'},{'D7'},{'R2'},{'D2'},{'R3'},{'R1'},&,2.0,&
{'D6'},{'D5'},{'D4'},{'D3'},{'D1'},{'D7'},{'R2'},{'D2'},{'R1'},{'R3'},&,1.0,&
{'D6'},{'D5'},{'D4'},{'D3'},{'D1'},{'D7'},{'R1'},{'D2'},{'R2'},{'R3'},&,1.0,&
{'D6'},{'D5'},{'D4'},{'D3'},{'D1'},{'D7'},{'R1'},{'D2'},{'R3'},{'R2'},&,1.0,&
{'D6'},{'D5'},{'D4'},{'D3'},{'D1'},{'D2'},{'R3'},{'R1'},{'D7'},{'R2'},&,1.0,&
{'D6'},{'D5'},{'D4'},{'D3'},{'D1'},{'D2'},{'R3'},{'D7'},{'R2'},{'R1'},&,3.0,&
{'D6'},{'D5'},{'D4'},{'D3'},{'D1'},{'D2'},{'R2'},{'D7'},{'R1'},{'R3'},&,1.0,&
{'D6'},{'D5'},{'D4'},{'D3'},{'D1'},{'D2'},{'D7'},{'R1'},{'R2'},{'R3'},&,2.0,&
{'D6'},{'D5'},{'D4'},{'D3'},{'D1'},{'D2'},{'D7'},{'R1'},{'R3'},{'R2'},&,5.0,&
{'D6'},{'D5'},{'D4'},{'D3'},{'D1'},{'D2'},{'D7'},{'R2'},{'R3'},{'R1'},&,1.0,&
{'D6'},{'D5'},{'D4'},{'D3'},{'D1'},{'D2'},{'D7'},{'R2'},{'R1'},{'R3'},&,3.0,&
{'D6'},{'D5'},{'D4'},{'D3'},{'D1'},{'D2'},{'D7'},{'R3'},{'R2'},{'R1'},&,10.0,&
{'D6'},{'D5'},{'D4'},{'D3'},{'D1'},{'D2'},{'D7'},{'R3'},{'R1'},{'R2'},&,5.0,&
{'D6'},{'D5'},{'D4'},{'D3'},{'D1'},{'D2'},{'R1'},{'D7'},{'R2'},{'R3'},&,2.0,&
{'D6'},{'D5'},{'D4'},{'D3'},{'D1'},{'R2'},{'D7'},{'D2'},{'R1'},{'R3'},&,1.0,&
{'D6'},{'D5'},{'D4'},{'D3'},{'D1'},{'R3'},{'D2'},{'D7'},{'R1'},{'R2'},&,2.0,&
{'D6'},{'D5'},{'D4'},{'D3'},{'D1'},{'R3'},{'D7'},{'R2'},{'D2'},{'R1'},&,2.0,&
{'D6'},{'D5'},{'D4'},{'D3'},{'D7'},{'D1'},{'R3'},{'D2'},{'R2'},{'R1'},&,3.0,&
{'D6'},{'D5'},{'D4'},{'D3'},{'D7'},{'D1'},{'R3'},{'D2'},{'R1'},{'R2'},&,2.0,&
{'D6'},{'D5'},{'D4'},{'D3'},{'D7'},{'D1'},{'R3'},{'R1'},{'R2'},{'D2'},&,1.0,&
{'D6'},{'D5'},{'D4'},{'D3'},{'D7'},{'D1'},{'R3'},{'R1'},{'D2'},{'R2'},&,2.0,&
{'D6'},{'D5'},{'D4'},{'D3'},{'D7'},{'D1'},{'R3'},{'R2'},{'D2'},{'R1'},&,2.0,&
{'D6'},{'D5'},{'D4'},{'D3'},{'D7'},{'D1'},{'D2'},{'R1'},{'R2'},{'R3'},&,3.0,&
{'D6'},{'D5'},{'D4'},{'D3'},{'D7'},{'D1'},{'D2'},{'R1'},{'R3'},{'R2'},&,11.0,&
{'D6'},{'D5'},{'D4'},{'D3'},{'D7'},{'D1'},{'D2'},{'R2'},{'R3'},{'R1'},&,11.0,&
{'D6'},{'D5'},{'D4'},{'D3'},{'D7'},{'D1'},{'D2'},{'R2'},{'R1'},{'R3'},&,3.0,&
{'D6'},{'D5'},{'D4'},{'D3'},{'D7'},{'D1'},{'D2'},{'R3'},{'R2'},{'R1'},&,10.0,&
{'D6'},{'D5'},{'D4'},{'D3'},{'D7'},{'D1'},{'D2'},{'R3'},{'R1'},{'R2'},&,10.0,&
{'D6'},{'D5'},{'D4'},{'D3'},{'D7'},{'D1'},{'R2'},{'D2'},{'R3'},{'R1'},&,2.0,&
{'D6'},{'D5'},{'D4'},{'D3'},{'D7'},{'D1'},{'R2'},{'D2'},{'R1'},{'R3'},&,1.0,&
{'D6'},{'D5'},{'D4'},{'D3'},{'D7'},{'D1'},{'R2'},{'R1'},{'D2'},{'R3'},&,1.0,&
{'D6'},{'D5'},{'D4'},{'D3'},{'D7'},{'D1'},{'R1'},{'D2'},{'R2'},{'R3'},&,1.0,&
{'D6'},{'D5'},{'D4'},{'D3'},{'D7'},{'D1'},{'R1'},{'D2'},{'R3'},{'R2'},&,5.0,&
{'D6'},{'D5'},{'D4'},{'D3'},{'D7'},{'D2'},{'R3'},{'R2'},{'R1'},{'D1'},&,1.0,&
{'D6'},{'D5'},{'D4'},{'D3'},{'D7'},{'D2'},{'R3'},{'D1'},{'R2'},{'R1'},&,4.0,&
{'D6'},{'D5'},{'D4'},{'D3'},{'D7'},{'D2'},{'R3'},{'D1'},{'R1'},{'R2'},&,3.0,&
{'D6'},{'D5'},{'D4'},{'D3'},{'D7'},{'D2'},{'D1'},{'R1'},{'R2'},{'R3'},&,2.0,&
{'D6'},{'D5'},{'D4'},{'D3'},{'D7'},{'D2'},{'D1'},{'R1'},{'R3'},{'R2'},&,12.0,&
{'D6'},{'D5'},{'D4'},{'D3'},{'D7'},{'D2'},{'D1'},{'R2'},{'R3'},{'R1'},&,9.0,&
{'D6'},{'D5'},{'D4'},{'D3'},{'D7'},{'D2'},{'D1'},{'R2'},{'R1'},{'R3'},&,1.0,&
{'D6'},{'D5'},{'D4'},{'D3'},{'D7'},{'D2'},{'D1'},{'R3'},{'R2'},{'R1'},&,11.0,&
{'D6'},{'D5'},{'D4'},{'D3'},{'D7'},{'D2'},{'D1'},{'R3'},{'R1'},{'R2'},&,24.0,&
{'D6'},{'D5'},{'D4'},{'D3'},{'D7'},{'D2'},{'R2'},{'R3'},{'D1'},{'R1'},&,1.0,&
{'D6'},{'D5'},{'D4'},{'D3'},{'D7'},{'D2'},{'R2'},{'D1'},{'R3'},{'R1'},&,5.0,&
{'D6'},{'D5'},{'D4'},{'D3'},{'D7'},{'D2'},{'R1'},{'D1'},{'R2'},{'R3'},&,1.0,&
{'D6'},{'D5'},{'D4'},{'D3'},{'D7'},{'D2'},{'R1'},{'D1'},{'R3'},{'R2'},&,1.0,&
{'D6'},{'D5'},{'D4'},{'D3'},{'D7'},{'R2'},{'D2'},{'D1'},{'R1'},{'R3'},&,1.0,&
{'D6'},{'D5'},{'D4'},{'D3'},{'D7'},{'R2'},{'D1'},{'D2'},{'R3'},{'R1'},&,1.0,&
{'D6'},{'D5'},{'D4'},{'D3'},{'D7'},{'R2'},{'D1'},{'R3'},{'D2'},{'R1'},&,1.0,&
{'D6'},{'D5'},{'D4'},{'D3'},{'D7'},{'R1'},{'D1'},{'D2'},{'R3'},{'R2'},&,1.0,&
{'D6'},{'D5'},{'D4'},{'D3'},{'D7'},{'R3'},{'D2'},{'D1'},{'R2'},{'R1'},&,1.0,&
{'D6'},{'D5'},{'D4'},{'D3'},{'D7'},{'R3'},{'D2'},{'D1'},{'R1'},{'R2'},&,1.0,&
{'D6'},{'D5'},{'D4'},{'D3'},{'D7'},{'R3'},{'D1'},{'D2'},{'R2'},{'R1'},&,1.0,&
{'D6'},{'D5'},{'D4'},{'D3'},{'D7'},{'R3'},{'D1'},{'D2'},{'R1'},{'R2'},&,1.0,&
{'D6'},{'D5'},{'D4'},{'D3'},{'D7'},{'R3'},{'R2'},{'R1'},{'D2'},{'D1'},&,1.0,&
{'D6'},{'D5'},{'D4'},{'D3'},{'D7'},{'R3'},{'R2'},{'D1'},{'R1'},{'D2'},&,1.0,&
{'D6'},{'D5'},{'D4'},{'D3'},{'D2'},{'D7'},{'R3'},{'D1'},{'R2'},{'R1'},&,2.0,&
{'D6'},{'D5'},{'D4'},{'D3'},{'D2'},{'D7'},{'R3'},{'D1'},{'R1'},{'R2'},&,3.0,&
{'D6'},{'D5'},{'D4'},{'D3'},{'D2'},{'D7'},{'D1'},{'R1'},{'R2'},{'R3'},&,1.0,&
{'D6'},{'D5'},{'D4'},{'D3'},{'D2'},{'D7'},{'D1'},{'R1'},{'R3'},{'R2'},&,4.0,&
{'D6'},{'D5'},{'D4'},{'D3'},{'D2'},{'D7'},{'D1'},{'R2'},{'R3'},{'R1'},&,6.0,&
{'D6'},{'D5'},{'D4'},{'D3'},{'D2'},{'D7'},{'D1'},{'R2'},{'R1'},{'R3'},&,4.0,&
{'D6'},{'D5'},{'D4'},{'D3'},{'D2'},{'D7'},{'D1'},{'R3'},{'R2'},{'R1'},&,9.0,&
{'D6'},{'D5'},{'D4'},{'D3'},{'D2'},{'D7'},{'D1'},{'R3'},{'R1'},{'R2'},&,9.0,&
{'D6'},{'D5'},{'D4'},{'D3'},{'D2'},{'D7'},{'R2'},{'D1'},{'R3'},{'R1'},&,2.0,&
{'D6'},{'D5'},{'D4'},{'D3'},{'D2'},{'D7'},{'R2'},{'D1'},{'R1'},{'R3'},&,1.0,&
{'D6'},{'D5'},{'D4'},{'D3'},{'D2'},{'D7'},{'R1'},{'D1'},{'R2'},{'R3'},&,1.0,&
{'D6'},{'D5'},{'D4'},{'D3'},{'D2'},{'D7'},{'R1'},{'D1'},{'R3'},{'R2'},&,3.0,&
{'D6'},{'D5'},{'D4'},{'D3'},{'D2'},{'D1'},{'R3'},{'R1'},{'D7'},{'R2'},&,1.0,&
{'D6'},{'D5'},{'D4'},{'D3'},{'D2'},{'D1'},{'R3'},{'R2'},{'D7'},{'R1'},&,1.0,&
{'D6'},{'D5'},{'D4'},{'D3'},{'D2'},{'D1'},{'R3'},{'D7'},{'R1'},{'R2'},&,4.0,&
{'D6'},{'D5'},{'D4'},{'D3'},{'D2'},{'D1'},{'R2'},{'D7'},{'R3'},{'R1'},&,1.0,&
{'D6'},{'D5'},{'D4'},{'D3'},{'D2'},{'D1'},{'D7'},{'R1'},{'R2'},{'R3'},&,1.0,&
{'D6'},{'D5'},{'D4'},{'D3'},{'D2'},{'D1'},{'D7'},{'R1'},{'R3'},{'R2'},&,5.0,&
{'D6'},{'D5'},{'D4'},{'D3'},{'D2'},{'D1'},{'D7'},{'R2'},{'R3'},{'R1'},&,3.0,&
{'D6'},{'D5'},{'D4'},{'D3'},{'D2'},{'D1'},{'D7'},{'R3'},{'R2'},{'R1'},&,7.0,&
{'D6'},{'D5'},{'D4'},{'D3'},{'D2'},{'D1'},{'D7'},{'R3'},{'R1'},{'R2'},&,7.0,&
{'D6'},{'D5'},{'D4'},{'D3'},{'D2'},{'D1'},{'R1'},{'D7'},{'R3'},{'R2'},&,2.0,&
{'D6'},{'D5'},{'D4'},{'D3'},{'D2'},{'R2'},{'D1'},{'R3'},{'D7'},{'R1'},&,1.0,&
{'D6'},{'D5'},{'D4'},{'D3'},{'D2'},{'R2'},{'D7'},{'R1'},{'D1'},{'R3'},&,1.0,&
{'D6'},{'D5'},{'D4'},{'D3'},{'D2'},{'R1'},{'R3'},{'D7'},{'D1'},{'R2'},&,1.0,&
{'D6'},{'D5'},{'D4'},{'D3'},{'D2'},{'R1'},{'D1'},{'D7'},{'R3'},{'R2'},&,1.0,&
{'D6'},{'D5'},{'D4'},{'D3'},{'D2'},{'R3'},{'D1'},{'D7'},{'R2'},{'R1'},&,1.0,&
{'D6'},{'D5'},{'D4'},{'D3'},{'D2'},{'R3'},{'D1'},{'D7'},{'R1'},{'R2'},&,1.0,&
{'D6'},{'D5'},{'D4'},{'D3'},{'D2'},{'R3'},{'D7'},{'D1'},{'R1'},{'R2'},&,2.0,&
{'D6'},{'D5'},{'D4'},{'D3'},{'D2'},{'R3'},{'R1'},{'D7'},{'D1'},{'R2'},&,1.0,&
{'D6'},{'D5'},{'D4'},{'D3'},{'R3'},{'D1'},{'D7'},{'D2'},{'R2'},{'R1'},&,1.0,&
{'D6'},{'D5'},{'D4'},{'D3'},{'R2'},{'D7'},{'D2'},{'D1'},{'R1'},{'R3'},&,1.0,&
{'D6'},{'D5'},{'D4'},{'D3'},{'R1'},{'D7'},{'D2'},{'D1'},{'R3'},{'R2'},&,1.0,&
{'D6'},{'D5'},{'D4'},{'R2'},{'D1'},{'D3'},{'D7'},{'D2'},{'R3'},{'R1'},&,1.0,&
{'D6'},{'D5'},{'D4'},{'R2'},{'D3'},{'D1'},{'D7'},{'D2'},{'R3'},{'R1'},&,1.0,&
{'D6'},{'D5'},{'D4'},{'R3'},{'D3'},{'D7'},{'D1'},{'D2'},{'R2'},{'R1'},&,1.0,&
{'D6'},{'D5'},{'D3'},{'D7'},{'D1'},{'D4'},{'R3'},{'D2'},{'R2'},{'R1'},&,2.0,&
{'D6'},{'D5'},{'D3'},{'D7'},{'D1'},{'D4'},{'R3'},{'D2'},{'R1'},{'R2'},&,6.0,&
{'D6'},{'D5'},{'D3'},{'D7'},{'D1'},{'D4'},{'R3'},{'R1'},{'D2'},{'R2'},&,1.0,&
{'D6'},{'D5'},{'D3'},{'D7'},{'D1'},{'D4'},{'D2'},{'R1'},{'R2'},{'R3'},&,5.0,&
{'D6'},{'D5'},{'D3'},{'D7'},{'D1'},{'D4'},{'D2'},{'R1'},{'R3'},{'R2'},&,13.0,&
{'D6'},{'D5'},{'D3'},{'D7'},{'D1'},{'D4'},{'D2'},{'R2'},{'R3'},{'R1'},&,4.0,&
{'D6'},{'D5'},{'D3'},{'D7'},{'D1'},{'D4'},{'D2'},{'R2'},{'R1'},{'R3'},&,5.0,&
{'D6'},{'D5'},{'D3'},{'D7'},{'D1'},{'D4'},{'D2'},{'R3'},{'R2'},{'R1'},&,20.0,&
{'D6'},{'D5'},{'D3'},{'D7'},{'D1'},{'D4'},{'D2'},{'R3'},{'R1'},{'R2'},&,12.0,&
{'D6'},{'D5'},{'D3'},{'D7'},{'D1'},{'D4'},{'R2'},{'D2'},{'R3'},{'R1'},&,2.0,&
{'D6'},{'D5'},{'D3'},{'D7'},{'D1'},{'D4'},{'R2'},{'R1'},{'D2'},{'R3'},&,1.0,&
{'D6'},{'D5'},{'D3'},{'D7'},{'D1'},{'D4'},{'R1'},{'D2'},{'R2'},{'R3'},&,2.0,&
{'D6'},{'D5'},{'D3'},{'D7'},{'D1'},{'D4'},{'R1'},{'D2'},{'R3'},{'R2'},&,5.0,&
{'D6'},{'D5'},{'D3'},{'D7'},{'D1'},{'D4'},{'R1'},{'R3'},{'D2'},{'R2'},&,1.0,&
{'D6'},{'D5'},{'D3'},{'D7'},{'D1'},{'D2'},{'R3'},{'R2'},{'D4'},{'R1'},&,2.0,&
{'D6'},{'D5'},{'D3'},{'D7'},{'D1'},{'D2'},{'R3'},{'D4'},{'R2'},{'R1'},&,6.0,&
{'D6'},{'D5'},{'D3'},{'D7'},{'D1'},{'D2'},{'R3'},{'D4'},{'R1'},{'R2'},&,4.0,&
{'D6'},{'D5'},{'D3'},{'D7'},{'D1'},{'D2'},{'D4'},{'R1'},{'R2'},{'R3'},&,2.0,&
{'D6'},{'D5'},{'D3'},{'D7'},{'D1'},{'D2'},{'D4'},{'R1'},{'R3'},{'R2'},&,6.0,&
{'D6'},{'D5'},{'D3'},{'D7'},{'D1'},{'D2'},{'D4'},{'R2'},{'R3'},{'R1'},&,7.0,&
{'D6'},{'D5'},{'D3'},{'D7'},{'D1'},{'D2'},{'D4'},{'R2'},{'R1'},{'R3'},&,2.0,&
{'D6'},{'D5'},{'D3'},{'D7'},{'D1'},{'D2'},{'D4'},{'R3'},{'R2'},{'R1'},&,8.0,&
{'D6'},{'D5'},{'D3'},{'D7'},{'D1'},{'D2'},{'D4'},{'R3'},{'R1'},{'R2'},&,4.0,&
{'D6'},{'D5'},{'D3'},{'D7'},{'D1'},{'D2'},{'R1'},{'R2'},{'D4'},{'R3'},&,2.0,&
{'D6'},{'D5'},{'D3'},{'D7'},{'D1'},{'D2'},{'R1'},{'R3'},{'R2'},{'D4'},&,1.0,&
{'D6'},{'D5'},{'D3'},{'D7'},{'D1'},{'D2'},{'R1'},{'D4'},{'R2'},{'R3'},&,1.0,&
{'D6'},{'D5'},{'D3'},{'D7'},{'D1'},{'D2'},{'R1'},{'D4'},{'R3'},{'R2'},&,3.0,&
{'D6'},{'D5'},{'D3'},{'D7'},{'D1'},{'R2'},{'D2'},{'D4'},{'R3'},{'R1'},&,1.0,&
{'D6'},{'D5'},{'D3'},{'D7'},{'D1'},{'R1'},{'D4'},{'D2'},{'R2'},{'R3'},&,2.0,&
{'D6'},{'D5'},{'D3'},{'D7'},{'D1'},{'R1'},{'D4'},{'D2'},{'R3'},{'R2'},&,1.0,&
{'D6'},{'D5'},{'D3'},{'D7'},{'D1'},{'R3'},{'D2'},{'D4'},{'R2'},{'R1'},&,3.0,&
{'D6'},{'D5'},{'D3'},{'D7'},{'D1'},{'R3'},{'D2'},{'D4'},{'R1'},{'R2'},&,1.0,&
{'D6'},{'D5'},{'D3'},{'D7'},{'D1'},{'R3'},{'D4'},{'D2'},{'R1'},{'R2'},&,3.0,&
{'D6'},{'D5'},{'D3'},{'D7'},{'D1'},{'R3'},{'R2'},{'D2'},{'D4'},{'R1'},&,1.0,&
{'D6'},{'D5'},{'D3'},{'D7'},{'D1'},{'R3'},{'R1'},{'D4'},{'D2'},{'R2'},&,1.0,&
{'D6'},{'D5'},{'D3'},{'D7'},{'D2'},{'D4'},{'R3'},{'R1'},{'D1'},{'R2'},&,2.0,&
{'D6'},{'D5'},{'D3'},{'D7'},{'D2'},{'D4'},{'R3'},{'D1'},{'R2'},{'R1'},&,1.0,&
{'D6'},{'D5'},{'D3'},{'D7'},{'D2'},{'D4'},{'D1'},{'R1'},{'R2'},{'R3'},&,3.0,&
{'D6'},{'D5'},{'D3'},{'D7'},{'D2'},{'D4'},{'D1'},{'R1'},{'R3'},{'R2'},&,12.0,&
{'D6'},{'D5'},{'D3'},{'D7'},{'D2'},{'D4'},{'D1'},{'R2'},{'R3'},{'R1'},&,10.0,&
{'D6'},{'D5'},{'D3'},{'D7'},{'D2'},{'D4'},{'D1'},{'R2'},{'R1'},{'R3'},&,2.0,&
{'D6'},{'D5'},{'D3'},{'D7'},{'D2'},{'D4'},{'D1'},{'R3'},{'R2'},{'R1'},&,13.0,&
{'D6'},{'D5'},{'D3'},{'D7'},{'D2'},{'D4'},{'D1'},{'R3'},{'R1'},{'R2'},&,18.0,&
{'D6'},{'D5'},{'D3'},{'D7'},{'D2'},{'D4'},{'R2'},{'R1'},{'D1'},{'R3'},&,1.0,&
{'D6'},{'D5'},{'D3'},{'D7'},{'D2'},{'D4'},{'R2'},{'D1'},{'R3'},{'R1'},&,1.0,&
{'D6'},{'D5'},{'D3'},{'D7'},{'D2'},{'D4'},{'R2'},{'D1'},{'R1'},{'R3'},&,1.0,&
{'D6'},{'D5'},{'D3'},{'D7'},{'D2'},{'D4'},{'R1'},{'R3'},{'D1'},{'R2'},&,1.0,&
{'D6'},{'D5'},{'D3'},{'D7'},{'D2'},{'D4'},{'R1'},{'D1'},{'R3'},{'R2'},&,2.0,&
{'D6'},{'D5'},{'D3'},{'D7'},{'D2'},{'D1'},{'R3'},{'D4'},{'R2'},{'R1'},&,2.0,&
{'D6'},{'D5'},{'D3'},{'D7'},{'D2'},{'D1'},{'R3'},{'D4'},{'R1'},{'R2'},&,1.0,&
{'D6'},{'D5'},{'D3'},{'D7'},{'D2'},{'D1'},{'D4'},{'R1'},{'R2'},{'R3'},&,2.0,&
{'D6'},{'D5'},{'D3'},{'D7'},{'D2'},{'D1'},{'D4'},{'R1'},{'R3'},{'R2'},&,14.0,&
{'D6'},{'D5'},{'D3'},{'D7'},{'D2'},{'D1'},{'D4'},{'R2'},{'R3'},{'R1'},&,4.0,&
{'D6'},{'D5'},{'D3'},{'D7'},{'D2'},{'D1'},{'D4'},{'R2'},{'R1'},{'R3'},&,2.0,&
{'D6'},{'D5'},{'D3'},{'D7'},{'D2'},{'D1'},{'D4'},{'R3'},{'R2'},{'R1'},&,16.0,&
{'D6'},{'D5'},{'D3'},{'D7'},{'D2'},{'D1'},{'D4'},{'R3'},{'R1'},{'R2'},&,9.0,&
{'D6'},{'D5'},{'D3'},{'D7'},{'D2'},{'D1'},{'R2'},{'R3'},{'R1'},{'D4'},&,1.0,&
{'D6'},{'D5'},{'D3'},{'D7'},{'D2'},{'D1'},{'R2'},{'D4'},{'R3'},{'R1'},&,1.0,&
{'D6'},{'D5'},{'D3'},{'D7'},{'D2'},{'D1'},{'R1'},{'D4'},{'R3'},{'R2'},&,1.0,&
{'D6'},{'D5'},{'D3'},{'D7'},{'D2'},{'R2'},{'D4'},{'R3'},{'D1'},{'R1'},&,1.0,&
{'D6'},{'D5'},{'D3'},{'D7'},{'D2'},{'R2'},{'D4'},{'D1'},{'R3'},{'R1'},&,2.0,&
{'D6'},{'D5'},{'D3'},{'D7'},{'D2'},{'R1'},{'D1'},{'D4'},{'R3'},{'R2'},&,2.0,&
{'D6'},{'D5'},{'D3'},{'D7'},{'D2'},{'R1'},{'D4'},{'R3'},{'D1'},{'R2'},&,1.0,&
{'D6'},{'D5'},{'D3'},{'D7'},{'D2'},{'R1'},{'D4'},{'D1'},{'R3'},{'R2'},&,1.0,&
{'D6'},{'D5'},{'D3'},{'D7'},{'D2'},{'R3'},{'D1'},{'R1'},{'D4'},{'R2'},&,1.0,&
{'D6'},{'D5'},{'D3'},{'D7'},{'D2'},{'R3'},{'D4'},{'D1'},{'R1'},{'R2'},&,1.0,&
{'D6'},{'D5'},{'D3'},{'D7'},{'D4'},{'D1'},{'R3'},{'D2'},{'R2'},{'R1'},&,5.0,&
{'D6'},{'D5'},{'D3'},{'D7'},{'D4'},{'D1'},{'R3'},{'D2'},{'R1'},{'R2'},&,7.0,&
{'D6'},{'D5'},{'D3'},{'D7'},{'D4'},{'D1'},{'R3'},{'R2'},{'D2'},{'R1'},&,2.0,&
{'D6'},{'D5'},{'D3'},{'D7'},{'D4'},{'D1'},{'D2'},{'R1'},{'R2'},{'R3'},&,12.0,&
{'D6'},{'D5'},{'D3'},{'D7'},{'D4'},{'D1'},{'D2'},{'R1'},{'R3'},{'R2'},&,19.0,&
{'D6'},{'D5'},{'D3'},{'D7'},{'D4'},{'D1'},{'D2'},{'R2'},{'R3'},{'R1'},&,7.0,&
{'D6'},{'D5'},{'D3'},{'D7'},{'D4'},{'D1'},{'D2'},{'R2'},{'R1'},{'R3'},&,8.0,&
{'D6'},{'D5'},{'D3'},{'D7'},{'D4'},{'D1'},{'D2'},{'R3'},{'R2'},{'R1'},&,25.0,&
{'D6'},{'D5'},{'D3'},{'D7'},{'D4'},{'D1'},{'D2'},{'R3'},{'R1'},{'R2'},&,30.0,&
{'D6'},{'D5'},{'D3'},{'D7'},{'D4'},{'D1'},{'R2'},{'D2'},{'R3'},{'R1'},&,6.0,&
{'D6'},{'D5'},{'D3'},{'D7'},{'D4'},{'D1'},{'R2'},{'D2'},{'R1'},{'R3'},&,3.0,&
{'D6'},{'D5'},{'D3'},{'D7'},{'D4'},{'D1'},{'R2'},{'R1'},{'D2'},{'R3'},&,1.0,&
{'D6'},{'D5'},{'D3'},{'D7'},{'D4'},{'D1'},{'R2'},{'R3'},{'R1'},{'D2'},&,1.0,&
{'D6'},{'D5'},{'D3'},{'D7'},{'D4'},{'D1'},{'R1'},{'D2'},{'R2'},{'R3'},&,2.0,&
{'D6'},{'D5'},{'D3'},{'D7'},{'D4'},{'D1'},{'R1'},{'D2'},{'R3'},{'R2'},&,7.0,&
{'D6'},{'D5'},{'D3'},{'D7'},{'D4'},{'D2'},{'R3'},{'R1'},{'D1'},{'R2'},&,2.0,&
{'D6'},{'D5'},{'D3'},{'D7'},{'D4'},{'D2'},{'R3'},{'R2'},{'R1'},{'D1'},&,2.0,&
{'D6'},{'D5'},{'D3'},{'D7'},{'D4'},{'D2'},{'R3'},{'R2'},{'D1'},{'R1'},&,2.0,&
{'D6'},{'D5'},{'D3'},{'D7'},{'D4'},{'D2'},{'R3'},{'D1'},{'R2'},{'R1'},&,3.0,&
{'D6'},{'D5'},{'D3'},{'D7'},{'D4'},{'D2'},{'R3'},{'D1'},{'R1'},{'R2'},&,3.0,&
{'D6'},{'D5'},{'D3'},{'D7'},{'D4'},{'D2'},{'D1'},{'R1'},{'R2'},{'R3'},&,6.0,&
{'D6'},{'D5'},{'D3'},{'D7'},{'D4'},{'D2'},{'D1'},{'R1'},{'R3'},{'R2'},&,13.0,&
{'D6'},{'D5'},{'D3'},{'D7'},{'D4'},{'D2'},{'D1'},{'R2'},{'R3'},{'R1'},&,13.0,&
{'D6'},{'D5'},{'D3'},{'D7'},{'D4'},{'D2'},{'D1'},{'R2'},{'R1'},{'R3'},&,5.0,&
{'D6'},{'D5'},{'D3'},{'D7'},{'D4'},{'D2'},{'D1'},{'R3'},{'R2'},{'R1'},&,18.0,&
{'D6'},{'D5'},{'D3'},{'D7'},{'D4'},{'D2'},{'D1'},{'R3'},{'R1'},{'R2'},&,18.0,&
{'D6'},{'D5'},{'D3'},{'D7'},{'D4'},{'D2'},{'R2'},{'R3'},{'D1'},{'R1'},&,1.0,&
{'D6'},{'D5'},{'D3'},{'D7'},{'D4'},{'D2'},{'R2'},{'D1'},{'R1'},{'R3'},&,1.0,&
{'D6'},{'D5'},{'D3'},{'D7'},{'D4'},{'D2'},{'R1'},{'R3'},{'D1'},{'R2'},&,1.0,&
{'D6'},{'D5'},{'D3'},{'D7'},{'D4'},{'D2'},{'R1'},{'D1'},{'R3'},{'R2'},&,3.0,&
{'D6'},{'D5'},{'D3'},{'D7'},{'D4'},{'R2'},{'D2'},{'D1'},{'R3'},{'R1'},&,1.0,&
{'D6'},{'D5'},{'D3'},{'D7'},{'D4'},{'R2'},{'D1'},{'D2'},{'R3'},{'R1'},&,2.0,&
{'D6'},{'D5'},{'D3'},{'D7'},{'D4'},{'R2'},{'D1'},{'R3'},{'D2'},{'R1'},&,1.0,&
{'D6'},{'D5'},{'D3'},{'D7'},{'D4'},{'R1'},{'D2'},{'R3'},{'D1'},{'R2'},&,1.0,&
{'D6'},{'D5'},{'D3'},{'D7'},{'D4'},{'R1'},{'D2'},{'D1'},{'R3'},{'R2'},&,1.0,&
{'D6'},{'D5'},{'D3'},{'D7'},{'D4'},{'R1'},{'D1'},{'D2'},{'R2'},{'R3'},&,1.0,&
{'D6'},{'D5'},{'D3'},{'D7'},{'D4'},{'R3'},{'D2'},{'R1'},{'R2'},{'D1'},&,1.0,&
{'D6'},{'D5'},{'D3'},{'D7'},{'D4'},{'R3'},{'D2'},{'R2'},{'D1'},{'R1'},&,1.0,&
{'D6'},{'D5'},{'D3'},{'D7'},{'D4'},{'R3'},{'D2'},{'D1'},{'R2'},{'R1'},&,2.0,&
{'D6'},{'D5'},{'D3'},{'D7'},{'D4'},{'R3'},{'D2'},{'D1'},{'R1'},{'R2'},&,1.0,&
{'D6'},{'D5'},{'D3'},{'D7'},{'D4'},{'R3'},{'D1'},{'D2'},{'R2'},{'R1'},&,2.0,&
{'D6'},{'D5'},{'D3'},{'D7'},{'R3'},{'D4'},{'D1'},{'D2'},{'R2'},{'R1'},&,2.0,&
{'D6'},{'D5'},{'D3'},{'D7'},{'R3'},{'D4'},{'R1'},{'D2'},{'D1'},{'R2'},&,1.0,&
{'D6'},{'D5'},{'D3'},{'D7'},{'R3'},{'D1'},{'D2'},{'D4'},{'R1'},{'R2'},&,1.0,&
{'D6'},{'D5'},{'D3'},{'D7'},{'R3'},{'D2'},{'D4'},{'D1'},{'R1'},{'R2'},&,1.0,&
{'D6'},{'D5'},{'D3'},{'D7'},{'R2'},{'D1'},{'D4'},{'D2'},{'R3'},{'R1'},&,1.0,&
{'D6'},{'D5'},{'D3'},{'D7'},{'R1'},{'D4'},{'D2'},{'D1'},{'R3'},{'R2'},&,1.0,&
{'D6'},{'D5'},{'D3'},{'D1'},{'D7'},{'D4'},{'R3'},{'D2'},{'R2'},{'R1'},&,4.0,&
{'D6'},{'D5'},{'D3'},{'D1'},{'D7'},{'D4'},{'R3'},{'D2'},{'R1'},{'R2'},&,6.0,&
{'D6'},{'D5'},{'D3'},{'D1'},{'D7'},{'D4'},{'R3'},{'R1'},{'D2'},{'R2'},&,1.0,&
{'D6'},{'D5'},{'D3'},{'D1'},{'D7'},{'D4'},{'R3'},{'R2'},{'R1'},{'D2'},&,1.0,&
{'D6'},{'D5'},{'D3'},{'D1'},{'D7'},{'D4'},{'D2'},{'R1'},{'R2'},{'R3'},&,1.0,&
{'D6'},{'D5'},{'D3'},{'D1'},{'D7'},{'D4'},{'D2'},{'R1'},{'R3'},{'R2'},&,15.0,&
{'D6'},{'D5'},{'D3'},{'D1'},{'D7'},{'D4'},{'D2'},{'R2'},{'R3'},{'R1'},&,13.0,&
{'D6'},{'D5'},{'D3'},{'D1'},{'D7'},{'D4'},{'D2'},{'R2'},{'R1'},{'R3'},&,4.0,&
{'D6'},{'D5'},{'D3'},{'D1'},{'D7'},{'D4'},{'D2'},{'R3'},{'R2'},{'R1'},&,9.0,&
{'D6'},{'D5'},{'D3'},{'D1'},{'D7'},{'D4'},{'D2'},{'R3'},{'R1'},{'R2'},&,16.0,&
{'D6'},{'D5'},{'D3'},{'D1'},{'D7'},{'D4'},{'R2'},{'D2'},{'R3'},{'R1'},&,1.0,&
{'D6'},{'D5'},{'D3'},{'D1'},{'D7'},{'D4'},{'R2'},{'R3'},{'D2'},{'R1'},&,1.0,&
{'D6'},{'D5'},{'D3'},{'D1'},{'D7'},{'D4'},{'R1'},{'D2'},{'R2'},{'R3'},&,1.0,&
{'D6'},{'D5'},{'D3'},{'D1'},{'D7'},{'D4'},{'R1'},{'D2'},{'R3'},{'R2'},&,1.0,&
{'D6'},{'D5'},{'D3'},{'D1'},{'D7'},{'D2'},{'R3'},{'D4'},{'R2'},{'R1'},&,1.0,&
{'D6'},{'D5'},{'D3'},{'D1'},{'D7'},{'D2'},{'R3'},{'D4'},{'R1'},{'R2'},&,2.0,&
{'D6'},{'D5'},{'D3'},{'D1'},{'D7'},{'D2'},{'D4'},{'R1'},{'R2'},{'R3'},&,3.0,&
{'D6'},{'D5'},{'D3'},{'D1'},{'D7'},{'D2'},{'D4'},{'R1'},{'R3'},{'R2'},&,7.0,&
{'D6'},{'D5'},{'D3'},{'D1'},{'D7'},{'D2'},{'D4'},{'R2'},{'R3'},{'R1'},&,5.0,&
{'D6'},{'D5'},{'D3'},{'D1'},{'D7'},{'D2'},{'D4'},{'R2'},{'R1'},{'R3'},&,5.0,&
{'D6'},{'D5'},{'D3'},{'D1'},{'D7'},{'D2'},{'D4'},{'R3'},{'R2'},{'R1'},&,16.0,&
{'D6'},{'D5'},{'D3'},{'D1'},{'D7'},{'D2'},{'D4'},{'R3'},{'R1'},{'R2'},&,15.0,&
{'D6'},{'D5'},{'D3'},{'D1'},{'D7'},{'D2'},{'R2'},{'R3'},{'D4'},{'R1'},&,1.0,&
{'D6'},{'D5'},{'D3'},{'D1'},{'D7'},{'D2'},{'R2'},{'D4'},{'R3'},{'R1'},&,4.0,&
{'D6'},{'D5'},{'D3'},{'D1'},{'D7'},{'D2'},{'R2'},{'D4'},{'R1'},{'R3'},&,1.0,&
{'D6'},{'D5'},{'D3'},{'D1'},{'D7'},{'D2'},{'R1'},{'D4'},{'R3'},{'R2'},&,2.0,&
{'D6'},{'D5'},{'D3'},{'D1'},{'D7'},{'R2'},{'D4'},{'D2'},{'R1'},{'R3'},&,1.0,&
{'D6'},{'D5'},{'D3'},{'D1'},{'D7'},{'R1'},{'D2'},{'D4'},{'R3'},{'R2'},&,1.0,&
{'D6'},{'D5'},{'D3'},{'D1'},{'D7'},{'R1'},{'D4'},{'D2'},{'R3'},{'R2'},&,2.0,&
{'D6'},{'D5'},{'D3'},{'D1'},{'D7'},{'R3'},{'D2'},{'D4'},{'R2'},{'R1'},&,1.0,&
{'D6'},{'D5'},{'D3'},{'D1'},{'D7'},{'R3'},{'D2'},{'D4'},{'R1'},{'R2'},&,1.0,&
{'D6'},{'D5'},{'D3'},{'D1'},{'D7'},{'R3'},{'D4'},{'D2'},{'R2'},{'R1'},&,1.0,&
{'D6'},{'D5'},{'D3'},{'D1'},{'D7'},{'R3'},{'D4'},{'D2'},{'R1'},{'R2'},&,1.0,&
{'D6'},{'D5'},{'D3'},{'D1'},{'D7'},{'R3'},{'D4'},{'R1'},{'D2'},{'R2'},&,2.0,&
{'D6'},{'D5'},{'D3'},{'D1'},{'D7'},{'R3'},{'R2'},{'D4'},{'R1'},{'D2'},&,1.0,&
{'D6'},{'D5'},{'D3'},{'D1'},{'D2'},{'D4'},{'R3'},{'R2'},{'D7'},{'R1'},&,1.0,&
{'D6'},{'D5'},{'D3'},{'D1'},{'D2'},{'D4'},{'R3'},{'D7'},{'R1'},{'R2'},&,1.0,&
{'D6'},{'D5'},{'D3'},{'D1'},{'D2'},{'D4'},{'R2'},{'D7'},{'R1'},{'R3'},&,1.0,&
{'D6'},{'D5'},{'D3'},{'D1'},{'D2'},{'D4'},{'D7'},{'R1'},{'R2'},{'R3'},&,2.0,&
{'D6'},{'D5'},{'D3'},{'D1'},{'D2'},{'D4'},{'D7'},{'R1'},{'R3'},{'R2'},&,2.0,&
{'D6'},{'D5'},{'D3'},{'D1'},{'D2'},{'D4'},{'D7'},{'R2'},{'R3'},{'R1'},&,1.0,&
{'D6'},{'D5'},{'D3'},{'D1'},{'D2'},{'D4'},{'D7'},{'R2'},{'R1'},{'R3'},&,2.0,&
{'D6'},{'D5'},{'D3'},{'D1'},{'D2'},{'D4'},{'D7'},{'R3'},{'R2'},{'R1'},&,7.0,&
{'D6'},{'D5'},{'D3'},{'D1'},{'D2'},{'D4'},{'D7'},{'R3'},{'R1'},{'R2'},&,5.0,&
{'D6'},{'D5'},{'D3'},{'D1'},{'D2'},{'D4'},{'R1'},{'D7'},{'R2'},{'R3'},&,1.0,&
{'D6'},{'D5'},{'D3'},{'D1'},{'D2'},{'D4'},{'R1'},{'D7'},{'R3'},{'R2'},&,2.0,&
{'D6'},{'D5'},{'D3'},{'D1'},{'D2'},{'D7'},{'R3'},{'R1'},{'D4'},{'R2'},&,1.0,&
{'D6'},{'D5'},{'D3'},{'D1'},{'D2'},{'D7'},{'R3'},{'R2'},{'R1'},{'D4'},&,1.0,&
{'D6'},{'D5'},{'D3'},{'D1'},{'D2'},{'D7'},{'R3'},{'D4'},{'R2'},{'R1'},&,4.0,&
{'D6'},{'D5'},{'D3'},{'D1'},{'D2'},{'D7'},{'R3'},{'D4'},{'R1'},{'R2'},&,5.0,&
{'D6'},{'D5'},{'D3'},{'D1'},{'D2'},{'D7'},{'D4'},{'R1'},{'R2'},{'R3'},&,2.0,&
{'D6'},{'D5'},{'D3'},{'D1'},{'D2'},{'D7'},{'D4'},{'R1'},{'R3'},{'R2'},&,6.0,&
{'D6'},{'D5'},{'D3'},{'D1'},{'D2'},{'D7'},{'D4'},{'R2'},{'R3'},{'R1'},&,2.0,&
{'D6'},{'D5'},{'D3'},{'D1'},{'D2'},{'D7'},{'D4'},{'R2'},{'R1'},{'R3'},&,5.0,&
{'D6'},{'D5'},{'D3'},{'D1'},{'D2'},{'D7'},{'D4'},{'R3'},{'R2'},{'R1'},&,7.0,&
{'D6'},{'D5'},{'D3'},{'D1'},{'D2'},{'D7'},{'D4'},{'R3'},{'R1'},{'R2'},&,9.0,&
{'D6'},{'D5'},{'D3'},{'D1'},{'D2'},{'R2'},{'R1'},{'D7'},{'D4'},{'R3'},&,1.0,&
{'D6'},{'D5'},{'D3'},{'D1'},{'D4'},{'D7'},{'R3'},{'D2'},{'R2'},{'R1'},&,4.0,&
{'D6'},{'D5'},{'D3'},{'D1'},{'D4'},{'D7'},{'R3'},{'D2'},{'R1'},{'R2'},&,3.0,&
{'D6'},{'D5'},{'D3'},{'D1'},{'D4'},{'D7'},{'R3'},{'R1'},{'R2'},{'D2'},&,1.0,&
{'D6'},{'D5'},{'D3'},{'D1'},{'D4'},{'D7'},{'R3'},{'R2'},{'D2'},{'R1'},&,1.0,&
{'D6'},{'D5'},{'D3'},{'D1'},{'D4'},{'D7'},{'D2'},{'R1'},{'R2'},{'R3'},&,5.0,&
{'D6'},{'D5'},{'D3'},{'D1'},{'D4'},{'D7'},{'D2'},{'R1'},{'R3'},{'R2'},&,7.0,&
{'D6'},{'D5'},{'D3'},{'D1'},{'D4'},{'D7'},{'D2'},{'R2'},{'R3'},{'R1'},&,10.0,&
{'D6'},{'D5'},{'D3'},{'D1'},{'D4'},{'D7'},{'D2'},{'R2'},{'R1'},{'R3'},&,4.0,&
{'D6'},{'D5'},{'D3'},{'D1'},{'D4'},{'D7'},{'D2'},{'R3'},{'R2'},{'R1'},&,11.0,&
{'D6'},{'D5'},{'D3'},{'D1'},{'D4'},{'D7'},{'D2'},{'R3'},{'R1'},{'R2'},&,14.0,&
{'D6'},{'D5'},{'D3'},{'D1'},{'D4'},{'D7'},{'R2'},{'D2'},{'R3'},{'R1'},&,1.0,&
{'D6'},{'D5'},{'D3'},{'D1'},{'D4'},{'D7'},{'R2'},{'R3'},{'D2'},{'R1'},&,2.0,&
{'D6'},{'D5'},{'D3'},{'D1'},{'D4'},{'D7'},{'R1'},{'D2'},{'R2'},{'R3'},&,2.0,&
{'D6'},{'D5'},{'D3'},{'D1'},{'D4'},{'D2'},{'R3'},{'R2'},{'D7'},{'R1'},&,1.0,&
{'D6'},{'D5'},{'D3'},{'D1'},{'D4'},{'D2'},{'R3'},{'D7'},{'R1'},{'R2'},&,5.0,&
{'D6'},{'D5'},{'D3'},{'D1'},{'D4'},{'D2'},{'R2'},{'D7'},{'R3'},{'R1'},&,1.0,&
{'D6'},{'D5'},{'D3'},{'D1'},{'D4'},{'D2'},{'R2'},{'D7'},{'R1'},{'R3'},&,1.0,&
{'D6'},{'D5'},{'D3'},{'D1'},{'D4'},{'D2'},{'D7'},{'R1'},{'R2'},{'R3'},&,2.0,&
{'D6'},{'D5'},{'D3'},{'D1'},{'D4'},{'D2'},{'D7'},{'R1'},{'R3'},{'R2'},&,9.0,&
{'D6'},{'D5'},{'D3'},{'D1'},{'D4'},{'D2'},{'D7'},{'R2'},{'R3'},{'R1'},&,6.0,&
{'D6'},{'D5'},{'D3'},{'D1'},{'D4'},{'D2'},{'D7'},{'R2'},{'R1'},{'R3'},&,2.0,&
{'D6'},{'D5'},{'D3'},{'D1'},{'D4'},{'D2'},{'D7'},{'R3'},{'R2'},{'R1'},&,7.0,&
{'D6'},{'D5'},{'D3'},{'D1'},{'D4'},{'D2'},{'D7'},{'R3'},{'R1'},{'R2'},&,7.0,&
{'D6'},{'D5'},{'D3'},{'D1'},{'D4'},{'D2'},{'R1'},{'D7'},{'R2'},{'R3'},&,1.0,&
{'D6'},{'D5'},{'D3'},{'D1'},{'D4'},{'D2'},{'R1'},{'D7'},{'R3'},{'R2'},&,1.0,&
{'D6'},{'D5'},{'D3'},{'D1'},{'D4'},{'R2'},{'D7'},{'D2'},{'R3'},{'R1'},&,1.0,&
{'D6'},{'D5'},{'D3'},{'D1'},{'D4'},{'R1'},{'D7'},{'D2'},{'R2'},{'R3'},&,1.0,&
{'D6'},{'D5'},{'D3'},{'D1'},{'D4'},{'R1'},{'D7'},{'D2'},{'R3'},{'R2'},&,1.0,&
{'D6'},{'D5'},{'D3'},{'D1'},{'D4'},{'R3'},{'D2'},{'D7'},{'R1'},{'R2'},&,1.0,&
{'D6'},{'D5'},{'D3'},{'D1'},{'D4'},{'R3'},{'D7'},{'D2'},{'R2'},{'R1'},&,1.0,&
{'D6'},{'D5'},{'D3'},{'D1'},{'D4'},{'R3'},{'D7'},{'D2'},{'R1'},{'R2'},&,2.0,&
{'D6'},{'D5'},{'D3'},{'D1'},{'R3'},{'D2'},{'D4'},{'D7'},{'R2'},{'R1'},&,1.0,&
{'D6'},{'D5'},{'D3'},{'D1'},{'R1'},{'D4'},{'D2'},{'D7'},{'R3'},{'R2'},&,1.0,&
{'D6'},{'D5'},{'D3'},{'D1'},{'R1'},{'D4'},{'D7'},{'D2'},{'R3'},{'R2'},&,1.0,&
{'D6'},{'D5'},{'D3'},{'D2'},{'D1'},{'D4'},{'R3'},{'R1'},{'D7'},{'R2'},&,3.0,&
{'D6'},{'D5'},{'D3'},{'D2'},{'D1'},{'D4'},{'R3'},{'R2'},{'D7'},{'R1'},&,1.0,&
{'D6'},{'D5'},{'D3'},{'D2'},{'D1'},{'D4'},{'R3'},{'D7'},{'R1'},{'R2'},&,2.0,&
{'D6'},{'D5'},{'D3'},{'D2'},{'D1'},{'D4'},{'R2'},{'D7'},{'R1'},{'R3'},&,1.0,&
{'D6'},{'D5'},{'D3'},{'D2'},{'D1'},{'D4'},{'D7'},{'R1'},{'R2'},{'R3'},&,1.0,&
{'D6'},{'D5'},{'D3'},{'D2'},{'D1'},{'D4'},{'D7'},{'R1'},{'R3'},{'R2'},&,5.0,&
{'D6'},{'D5'},{'D3'},{'D2'},{'D1'},{'D4'},{'D7'},{'R2'},{'R3'},{'R1'},&,6.0,&
{'D6'},{'D5'},{'D3'},{'D2'},{'D1'},{'D4'},{'D7'},{'R2'},{'R1'},{'R3'},&,3.0,&
{'D6'},{'D5'},{'D3'},{'D2'},{'D1'},{'D4'},{'D7'},{'R3'},{'R2'},{'R1'},&,9.0,&
{'D6'},{'D5'},{'D3'},{'D2'},{'D1'},{'D4'},{'D7'},{'R3'},{'R1'},{'R2'},&,15.0,&
{'D6'},{'D5'},{'D3'},{'D2'},{'D1'},{'D4'},{'R1'},{'D7'},{'R3'},{'R2'},&,2.0,&
{'D6'},{'D5'},{'D3'},{'D2'},{'D1'},{'D7'},{'R3'},{'D4'},{'R2'},{'R1'},&,3.0,&
{'D6'},{'D5'},{'D3'},{'D2'},{'D1'},{'D7'},{'D4'},{'R1'},{'R2'},{'R3'},&,1.0,&
{'D6'},{'D5'},{'D3'},{'D2'},{'D1'},{'D7'},{'D4'},{'R1'},{'R3'},{'R2'},&,4.0,&
{'D6'},{'D5'},{'D3'},{'D2'},{'D1'},{'D7'},{'D4'},{'R2'},{'R3'},{'R1'},&,2.0,&
{'D6'},{'D5'},{'D3'},{'D2'},{'D1'},{'D7'},{'D4'},{'R2'},{'R1'},{'R3'},&,2.0,&
{'D6'},{'D5'},{'D3'},{'D2'},{'D1'},{'D7'},{'D4'},{'R3'},{'R2'},{'R1'},&,2.0,&
{'D6'},{'D5'},{'D3'},{'D2'},{'D1'},{'D7'},{'D4'},{'R3'},{'R1'},{'R2'},&,9.0,&
{'D6'},{'D5'},{'D3'},{'D2'},{'D1'},{'D7'},{'R2'},{'D4'},{'R3'},{'R1'},&,2.0,&
{'D6'},{'D5'},{'D3'},{'D2'},{'D1'},{'D7'},{'R1'},{'R2'},{'R3'},{'D4'},&,1.0,&
{'D6'},{'D5'},{'D3'},{'D2'},{'D1'},{'D7'},{'R1'},{'D4'},{'R3'},{'R2'},&,1.0,&
{'D6'},{'D5'},{'D3'},{'D2'},{'D1'},{'R2'},{'D4'},{'D7'},{'R3'},{'R1'},&,1.0,&
{'D6'},{'D5'},{'D3'},{'D2'},{'D7'},{'D4'},{'R3'},{'R1'},{'D1'},{'R2'},&,1.0,&
{'D6'},{'D5'},{'D3'},{'D2'},{'D7'},{'D4'},{'R3'},{'D1'},{'R2'},{'R1'},&,3.0,&
{'D6'},{'D5'},{'D3'},{'D2'},{'D7'},{'D4'},{'R3'},{'D1'},{'R1'},{'R2'},&,4.0,&
{'D6'},{'D5'},{'D3'},{'D2'},{'D7'},{'D4'},{'D1'},{'R1'},{'R2'},{'R3'},&,2.0,&
{'D6'},{'D5'},{'D3'},{'D2'},{'D7'},{'D4'},{'D1'},{'R1'},{'R3'},{'R2'},&,8.0,&
{'D6'},{'D5'},{'D3'},{'D2'},{'D7'},{'D4'},{'D1'},{'R2'},{'R3'},{'R1'},&,7.0,&
{'D6'},{'D5'},{'D3'},{'D2'},{'D7'},{'D4'},{'D1'},{'R2'},{'R1'},{'R3'},&,4.0,&
{'D6'},{'D5'},{'D3'},{'D2'},{'D7'},{'D4'},{'D1'},{'R3'},{'R2'},{'R1'},&,15.0,&
{'D6'},{'D5'},{'D3'},{'D2'},{'D7'},{'D4'},{'D1'},{'R3'},{'R1'},{'R2'},&,10.0,&
{'D6'},{'D5'},{'D3'},{'D2'},{'D7'},{'D4'},{'R2'},{'D1'},{'R3'},{'R1'},&,1.0,&
{'D6'},{'D5'},{'D3'},{'D2'},{'D7'},{'D4'},{'R1'},{'R2'},{'D1'},{'R3'},&,1.0,&
{'D6'},{'D5'},{'D3'},{'D2'},{'D7'},{'D4'},{'R1'},{'D1'},{'R3'},{'R2'},&,6.0,&
{'D6'},{'D5'},{'D3'},{'D2'},{'D7'},{'D1'},{'R3'},{'R1'},{'R2'},{'D4'},&,1.0,&
{'D6'},{'D5'},{'D3'},{'D2'},{'D7'},{'D1'},{'R3'},{'R2'},{'D4'},{'R1'},&,2.0,&
{'D6'},{'D5'},{'D3'},{'D2'},{'D7'},{'D1'},{'R3'},{'D4'},{'R2'},{'R1'},&,5.0,&
{'D6'},{'D5'},{'D3'},{'D2'},{'D7'},{'D1'},{'R3'},{'D4'},{'R1'},{'R2'},&,1.0,&
{'D6'},{'D5'},{'D3'},{'D2'},{'D7'},{'D1'},{'D4'},{'R1'},{'R2'},{'R3'},&,2.0,&
{'D6'},{'D5'},{'D3'},{'D2'},{'D7'},{'D1'},{'D4'},{'R1'},{'R3'},{'R2'},&,6.0,&
{'D6'},{'D5'},{'D3'},{'D2'},{'D7'},{'D1'},{'D4'},{'R2'},{'R3'},{'R1'},&,5.0,&
{'D6'},{'D5'},{'D3'},{'D2'},{'D7'},{'D1'},{'D4'},{'R3'},{'R2'},{'R1'},&,9.0,&
{'D6'},{'D5'},{'D3'},{'D2'},{'D7'},{'D1'},{'D4'},{'R3'},{'R1'},{'R2'},&,7.0,&
{'D6'},{'D5'},{'D3'},{'D2'},{'D7'},{'D1'},{'R2'},{'D4'},{'R3'},{'R1'},&,1.0,&
{'D6'},{'D5'},{'D3'},{'D2'},{'D7'},{'D1'},{'R1'},{'D4'},{'R2'},{'R3'},&,1.0,&
{'D6'},{'D5'},{'D3'},{'D2'},{'D7'},{'D1'},{'R1'},{'D4'},{'R3'},{'R2'},&,1.0,&
{'D6'},{'D5'},{'D3'},{'D2'},{'D7'},{'R1'},{'D4'},{'D1'},{'R2'},{'R3'},&,2.0,&
{'D6'},{'D5'},{'D3'},{'D2'},{'D7'},{'R1'},{'D4'},{'D1'},{'R3'},{'R2'},&,2.0,&
{'D6'},{'D5'},{'D3'},{'D2'},{'D7'},{'R1'},{'R2'},{'D1'},{'D4'},{'R3'},&,1.0,&
{'D6'},{'D5'},{'D3'},{'D2'},{'D7'},{'R3'},{'D1'},{'D4'},{'R1'},{'R2'},&,1.0,&
{'D6'},{'D5'},{'D3'},{'D2'},{'D7'},{'R3'},{'D4'},{'R2'},{'D1'},{'R1'},&,1.0,&
{'D6'},{'D5'},{'D3'},{'D2'},{'D7'},{'R3'},{'R1'},{'D4'},{'R2'},{'D1'},&,1.0,&
{'D6'},{'D5'},{'D3'},{'D2'},{'D4'},{'D7'},{'R3'},{'D1'},{'R2'},{'R1'},&,1.0,&
{'D6'},{'D5'},{'D3'},{'D2'},{'D4'},{'D7'},{'R3'},{'D1'},{'R1'},{'R2'},&,2.0,&
{'D6'},{'D5'},{'D3'},{'D2'},{'D4'},{'D7'},{'D1'},{'R1'},{'R2'},{'R3'},&,3.0,&
{'D6'},{'D5'},{'D3'},{'D2'},{'D4'},{'D7'},{'D1'},{'R1'},{'R3'},{'R2'},&,7.0,&
{'D6'},{'D5'},{'D3'},{'D2'},{'D4'},{'D7'},{'D1'},{'R2'},{'R3'},{'R1'},&,8.0,&
{'D6'},{'D5'},{'D3'},{'D2'},{'D4'},{'D7'},{'D1'},{'R3'},{'R2'},{'R1'},&,15.0,&
{'D6'},{'D5'},{'D3'},{'D2'},{'D4'},{'D7'},{'D1'},{'R3'},{'R1'},{'R2'},&,17.0,&
{'D6'},{'D5'},{'D3'},{'D2'},{'D4'},{'D7'},{'R2'},{'D1'},{'R3'},{'R1'},&,1.0,&
{'D6'},{'D5'},{'D3'},{'D2'},{'D4'},{'D7'},{'R1'},{'R2'},{'D1'},{'R3'},&,1.0,&
{'D6'},{'D5'},{'D3'},{'D2'},{'D4'},{'D7'},{'R1'},{'D1'},{'R3'},{'R2'},&,2.0,&
{'D6'},{'D5'},{'D3'},{'D2'},{'D4'},{'D1'},{'R3'},{'D7'},{'R2'},{'R1'},&,2.0,&
{'D6'},{'D5'},{'D3'},{'D2'},{'D4'},{'D1'},{'R3'},{'D7'},{'R1'},{'R2'},&,3.0,&
{'D6'},{'D5'},{'D3'},{'D2'},{'D4'},{'D1'},{'R2'},{'D7'},{'R3'},{'R1'},&,1.0,&
{'D6'},{'D5'},{'D3'},{'D2'},{'D4'},{'D1'},{'D7'},{'R1'},{'R3'},{'R2'},&,3.0,&
{'D6'},{'D5'},{'D3'},{'D2'},{'D4'},{'D1'},{'D7'},{'R2'},{'R3'},{'R1'},&,3.0,&
{'D6'},{'D5'},{'D3'},{'D2'},{'D4'},{'D1'},{'D7'},{'R2'},{'R1'},{'R3'},&,2.0,&
{'D6'},{'D5'},{'D3'},{'D2'},{'D4'},{'D1'},{'D7'},{'R3'},{'R2'},{'R1'},&,11.0,&
{'D6'},{'D5'},{'D3'},{'D2'},{'D4'},{'D1'},{'D7'},{'R3'},{'R1'},{'R2'},&,9.0,&
{'D6'},{'D5'},{'D3'},{'D2'},{'D4'},{'R2'},{'D7'},{'D1'},{'R3'},{'R1'},&,1.0,&
{'D6'},{'D5'},{'D3'},{'D2'},{'D4'},{'R1'},{'D7'},{'D1'},{'R2'},{'R3'},&,1.0,&
{'D6'},{'D5'},{'D3'},{'D2'},{'D4'},{'R3'},{'D1'},{'D7'},{'R1'},{'R2'},&,2.0,&
{'D6'},{'D5'},{'D3'},{'D2'},{'D4'},{'R3'},{'D7'},{'D1'},{'R2'},{'R1'},&,2.0,&
{'D6'},{'D5'},{'D3'},{'D2'},{'D4'},{'R3'},{'D7'},{'D1'},{'R1'},{'R2'},&,1.0,&
{'D6'},{'D5'},{'D3'},{'D2'},{'R3'},{'D4'},{'D7'},{'D1'},{'R2'},{'R1'},&,1.0,&
{'D6'},{'D5'},{'D3'},{'D2'},{'R3'},{'D7'},{'D4'},{'R1'},{'D1'},{'R2'},&,1.0,&
{'D6'},{'D5'},{'D3'},{'D2'},{'R2'},{'D7'},{'R3'},{'D4'},{'D1'},{'R1'},&,1.0,&
{'D6'},{'D5'},{'D3'},{'D4'},{'D1'},{'D7'},{'R3'},{'D2'},{'R1'},{'R2'},&,6.0,&
{'D6'},{'D5'},{'D3'},{'D4'},{'D1'},{'D7'},{'R3'},{'R1'},{'R2'},{'D2'},&,1.0,&
{'D6'},{'D5'},{'D3'},{'D4'},{'D1'},{'D7'},{'R3'},{'R1'},{'D2'},{'R2'},&,1.0,&
{'D6'},{'D5'},{'D3'},{'D4'},{'D1'},{'D7'},{'D2'},{'R1'},{'R2'},{'R3'},&,4.0,&
{'D6'},{'D5'},{'D3'},{'D4'},{'D1'},{'D7'},{'D2'},{'R1'},{'R3'},{'R2'},&,11.0,&
{'D6'},{'D5'},{'D3'},{'D4'},{'D1'},{'D7'},{'D2'},{'R2'},{'R3'},{'R1'},&,7.0,&
{'D6'},{'D5'},{'D3'},{'D4'},{'D1'},{'D7'},{'D2'},{'R2'},{'R1'},{'R3'},&,2.0,&
{'D6'},{'D5'},{'D3'},{'D4'},{'D1'},{'D7'},{'D2'},{'R3'},{'R2'},{'R1'},&,15.0,&
{'D6'},{'D5'},{'D3'},{'D4'},{'D1'},{'D7'},{'D2'},{'R3'},{'R1'},{'R2'},&,16.0,&
{'D6'},{'D5'},{'D3'},{'D4'},{'D1'},{'D7'},{'R2'},{'D2'},{'R3'},{'R1'},&,3.0,&
{'D6'},{'D5'},{'D3'},{'D4'},{'D1'},{'D7'},{'R2'},{'D2'},{'R1'},{'R3'},&,1.0,&
{'D6'},{'D5'},{'D3'},{'D4'},{'D1'},{'D7'},{'R1'},{'D2'},{'R3'},{'R2'},&,3.0,&
{'D6'},{'D5'},{'D3'},{'D4'},{'D1'},{'D7'},{'R1'},{'R3'},{'D2'},{'R2'},&,1.0,&
{'D6'},{'D5'},{'D3'},{'D4'},{'D1'},{'D2'},{'R3'},{'R2'},{'D7'},{'R1'},&,1.0,&
{'D6'},{'D5'},{'D3'},{'D4'},{'D1'},{'D2'},{'R3'},{'D7'},{'R2'},{'R1'},&,1.0,&
{'D6'},{'D5'},{'D3'},{'D4'},{'D1'},{'D2'},{'R3'},{'D7'},{'R1'},{'R2'},&,1.0,&
{'D6'},{'D5'},{'D3'},{'D4'},{'D1'},{'D2'},{'R2'},{'R3'},{'D7'},{'R1'},&,2.0,&
{'D6'},{'D5'},{'D3'},{'D4'},{'D1'},{'D2'},{'R2'},{'D7'},{'R3'},{'R1'},&,2.0,&
{'D6'},{'D5'},{'D3'},{'D4'},{'D1'},{'D2'},{'R2'},{'D7'},{'R1'},{'R3'},&,3.0,&
{'D6'},{'D5'},{'D3'},{'D4'},{'D1'},{'D2'},{'D7'},{'R1'},{'R2'},{'R3'},&,4.0,&
{'D6'},{'D5'},{'D3'},{'D4'},{'D1'},{'D2'},{'D7'},{'R1'},{'R3'},{'R2'},&,3.0,&
{'D6'},{'D5'},{'D3'},{'D4'},{'D1'},{'D2'},{'D7'},{'R2'},{'R3'},{'R1'},&,3.0,&
{'D6'},{'D5'},{'D3'},{'D4'},{'D1'},{'D2'},{'D7'},{'R2'},{'R1'},{'R3'},&,1.0,&
{'D6'},{'D5'},{'D3'},{'D4'},{'D1'},{'D2'},{'D7'},{'R3'},{'R2'},{'R1'},&,8.0,&
{'D6'},{'D5'},{'D3'},{'D4'},{'D1'},{'D2'},{'D7'},{'R3'},{'R1'},{'R2'},&,9.0,&
{'D6'},{'D5'},{'D3'},{'D4'},{'D1'},{'D2'},{'R1'},{'D7'},{'R3'},{'R2'},&,2.0,&
{'D6'},{'D5'},{'D3'},{'D4'},{'D1'},{'R1'},{'D2'},{'D7'},{'R2'},{'R3'},&,1.0,&
{'D6'},{'D5'},{'D3'},{'D4'},{'D1'},{'R1'},{'D2'},{'D7'},{'R3'},{'R2'},&,1.0,&
{'D6'},{'D5'},{'D3'},{'D4'},{'D1'},{'R1'},{'D7'},{'D2'},{'R3'},{'R2'},&,1.0,&
{'D6'},{'D5'},{'D3'},{'D4'},{'D1'},{'R3'},{'D2'},{'D7'},{'R2'},{'R1'},&,2.0,&
{'D6'},{'D5'},{'D3'},{'D4'},{'D1'},{'R3'},{'D7'},{'D2'},{'R1'},{'R2'},&,3.0,&
{'D6'},{'D5'},{'D3'},{'D4'},{'D1'},{'R3'},{'D7'},{'R1'},{'R2'},{'D2'},&,1.0,&
{'D6'},{'D5'},{'D3'},{'D4'},{'D7'},{'D1'},{'R3'},{'D2'},{'R2'},{'R1'},&,4.0,&
{'D6'},{'D5'},{'D3'},{'D4'},{'D7'},{'D1'},{'R3'},{'D2'},{'R1'},{'R2'},&,3.0,&
{'D6'},{'D5'},{'D3'},{'D4'},{'D7'},{'D1'},{'R3'},{'R1'},{'D2'},{'R2'},&,2.0,&
{'D6'},{'D5'},{'D3'},{'D4'},{'D7'},{'D1'},{'R3'},{'R2'},{'D2'},{'R1'},&,1.0,&
{'D6'},{'D5'},{'D3'},{'D4'},{'D7'},{'D1'},{'D2'},{'R1'},{'R2'},{'R3'},&,6.0,&
{'D6'},{'D5'},{'D3'},{'D4'},{'D7'},{'D1'},{'D2'},{'R1'},{'R3'},{'R2'},&,18.0,&
{'D6'},{'D5'},{'D3'},{'D4'},{'D7'},{'D1'},{'D2'},{'R2'},{'R3'},{'R1'},&,18.0,&
{'D6'},{'D5'},{'D3'},{'D4'},{'D7'},{'D1'},{'D2'},{'R2'},{'R1'},{'R3'},&,9.0,&
{'D6'},{'D5'},{'D3'},{'D4'},{'D7'},{'D1'},{'D2'},{'R3'},{'R2'},{'R1'},&,16.0,&
{'D6'},{'D5'},{'D3'},{'D4'},{'D7'},{'D1'},{'D2'},{'R3'},{'R1'},{'R2'},&,19.0,&
{'D6'},{'D5'},{'D3'},{'D4'},{'D7'},{'D1'},{'R2'},{'D2'},{'R3'},{'R1'},&,1.0,&
{'D6'},{'D5'},{'D3'},{'D4'},{'D7'},{'D1'},{'R2'},{'R3'},{'D2'},{'R1'},&,2.0,&
{'D6'},{'D5'},{'D3'},{'D4'},{'D7'},{'D1'},{'R1'},{'D2'},{'R2'},{'R3'},&,2.0,&
{'D6'},{'D5'},{'D3'},{'D4'},{'D7'},{'D1'},{'R1'},{'D2'},{'R3'},{'R2'},&,6.0,&
{'D6'},{'D5'},{'D3'},{'D4'},{'D7'},{'D1'},{'R1'},{'R3'},{'D2'},{'R2'},&,2.0,&
{'D6'},{'D5'},{'D3'},{'D4'},{'D7'},{'D2'},{'R3'},{'R1'},{'D1'},{'R2'},&,3.0,&
{'D6'},{'D5'},{'D3'},{'D4'},{'D7'},{'D2'},{'R3'},{'D1'},{'R2'},{'R1'},&,6.0,&
{'D6'},{'D5'},{'D3'},{'D4'},{'D7'},{'D2'},{'R3'},{'D1'},{'R1'},{'R2'},&,3.0,&
{'D6'},{'D5'},{'D3'},{'D4'},{'D7'},{'D2'},{'D1'},{'R1'},{'R2'},{'R3'},&,2.0,&
{'D6'},{'D5'},{'D3'},{'D4'},{'D7'},{'D2'},{'D1'},{'R1'},{'R3'},{'R2'},&,17.0,&
{'D6'},{'D5'},{'D3'},{'D4'},{'D7'},{'D2'},{'D1'},{'R2'},{'R3'},{'R1'},&,4.0,&
{'D6'},{'D5'},{'D3'},{'D4'},{'D7'},{'D2'},{'D1'},{'R2'},{'R1'},{'R3'},&,4.0,&
{'D6'},{'D5'},{'D3'},{'D4'},{'D7'},{'D2'},{'D1'},{'R3'},{'R2'},{'R1'},&,19.0,&
{'D6'},{'D5'},{'D3'},{'D4'},{'D7'},{'D2'},{'D1'},{'R3'},{'R1'},{'R2'},&,19.0,&
{'D6'},{'D5'},{'D3'},{'D4'},{'D7'},{'D2'},{'R2'},{'R3'},{'D1'},{'R1'},&,2.0,&
{'D6'},{'D5'},{'D3'},{'D4'},{'D7'},{'D2'},{'R2'},{'D1'},{'R3'},{'R1'},&,3.0,&
{'D6'},{'D5'},{'D3'},{'D4'},{'D7'},{'D2'},{'R2'},{'D1'},{'R1'},{'R3'},&,1.0,&
{'D6'},{'D5'},{'D3'},{'D4'},{'D7'},{'D2'},{'R1'},{'R3'},{'D1'},{'R2'},&,1.0,&
{'D6'},{'D5'},{'D3'},{'D4'},{'D7'},{'D2'},{'R1'},{'D1'},{'R2'},{'R3'},&,2.0,&
{'D6'},{'D5'},{'D3'},{'D4'},{'D7'},{'D2'},{'R1'},{'D1'},{'R3'},{'R2'},&,3.0,&
{'D6'},{'D5'},{'D3'},{'D4'},{'D7'},{'R2'},{'D2'},{'R3'},{'R1'},{'D1'},&,1.0,&
{'D6'},{'D5'},{'D3'},{'D4'},{'D7'},{'R2'},{'D2'},{'D1'},{'R1'},{'R3'},&,1.0,&
{'D6'},{'D5'},{'D3'},{'D4'},{'D7'},{'R2'},{'D1'},{'D2'},{'R3'},{'R1'},&,1.0,&
{'D6'},{'D5'},{'D3'},{'D4'},{'D7'},{'R2'},{'D1'},{'D2'},{'R1'},{'R3'},&,1.0,&
{'D6'},{'D5'},{'D3'},{'D4'},{'D7'},{'R1'},{'D2'},{'D1'},{'R2'},{'R3'},&,1.0,&
{'D6'},{'D5'},{'D3'},{'D4'},{'D7'},{'R1'},{'D2'},{'D1'},{'R3'},{'R2'},&,1.0,&
{'D6'},{'D5'},{'D3'},{'D4'},{'D7'},{'R3'},{'D2'},{'R1'},{'D1'},{'R2'},&,1.0,&
{'D6'},{'D5'},{'D3'},{'D4'},{'D7'},{'R3'},{'D2'},{'D1'},{'R2'},{'R1'},&,1.0,&
{'D6'},{'D5'},{'D3'},{'D4'},{'D7'},{'R3'},{'D1'},{'D2'},{'R1'},{'R2'},&,4.0,&
{'D6'},{'D5'},{'D3'},{'D4'},{'D7'},{'R3'},{'D1'},{'R1'},{'D2'},{'R2'},&,1.0,&
{'D6'},{'D5'},{'D3'},{'D4'},{'D2'},{'D7'},{'R3'},{'R1'},{'D1'},{'R2'},&,2.0,&
{'D6'},{'D5'},{'D3'},{'D4'},{'D2'},{'D7'},{'R3'},{'R2'},{'D1'},{'R1'},&,1.0,&
{'D6'},{'D5'},{'D3'},{'D4'},{'D2'},{'D7'},{'R3'},{'D1'},{'R2'},{'R1'},&,6.0,&
{'D6'},{'D5'},{'D3'},{'D4'},{'D2'},{'D7'},{'R3'},{'D1'},{'R1'},{'R2'},&,2.0,&
{'D6'},{'D5'},{'D3'},{'D4'},{'D2'},{'D7'},{'D1'},{'R1'},{'R2'},{'R3'},&,3.0,&
{'D6'},{'D5'},{'D3'},{'D4'},{'D2'},{'D7'},{'D1'},{'R1'},{'R3'},{'R2'},&,10.0,&
{'D6'},{'D5'},{'D3'},{'D4'},{'D2'},{'D7'},{'D1'},{'R2'},{'R3'},{'R1'},&,7.0,&
{'D6'},{'D5'},{'D3'},{'D4'},{'D2'},{'D7'},{'D1'},{'R2'},{'R1'},{'R3'},&,2.0,&
{'D6'},{'D5'},{'D3'},{'D4'},{'D2'},{'D7'},{'D1'},{'R3'},{'R2'},{'R1'},&,13.0,&
{'D6'},{'D5'},{'D3'},{'D4'},{'D2'},{'D7'},{'D1'},{'R3'},{'R1'},{'R2'},&,18.0,&
{'D6'},{'D5'},{'D3'},{'D4'},{'D2'},{'D7'},{'R2'},{'D1'},{'R3'},{'R1'},&,3.0,&
{'D6'},{'D5'},{'D3'},{'D4'},{'D2'},{'D7'},{'R2'},{'D1'},{'R1'},{'R3'},&,1.0,&
{'D6'},{'D5'},{'D3'},{'D4'},{'D2'},{'D7'},{'R1'},{'R2'},{'D1'},{'R3'},&,1.0,&
{'D6'},{'D5'},{'D3'},{'D4'},{'D2'},{'D7'},{'R1'},{'D1'},{'R3'},{'R2'},&,1.0,&
{'D6'},{'D5'},{'D3'},{'D4'},{'D2'},{'D1'},{'R3'},{'R1'},{'D7'},{'R2'},&,1.0,&
{'D6'},{'D5'},{'D3'},{'D4'},{'D2'},{'D1'},{'R3'},{'D7'},{'R2'},{'R1'},&,1.0,&
{'D6'},{'D5'},{'D3'},{'D4'},{'D2'},{'D1'},{'R3'},{'D7'},{'R1'},{'R2'},&,3.0,&
{'D6'},{'D5'},{'D3'},{'D4'},{'D2'},{'D1'},{'R2'},{'D7'},{'R3'},{'R1'},&,3.0,&
{'D6'},{'D5'},{'D3'},{'D4'},{'D2'},{'D1'},{'D7'},{'R1'},{'R2'},{'R3'},&,2.0,&
{'D6'},{'D5'},{'D3'},{'D4'},{'D2'},{'D1'},{'D7'},{'R1'},{'R3'},{'R2'},&,10.0,&
{'D6'},{'D5'},{'D3'},{'D4'},{'D2'},{'D1'},{'D7'},{'R2'},{'R3'},{'R1'},&,4.0,&
{'D6'},{'D5'},{'D3'},{'D4'},{'D2'},{'D1'},{'D7'},{'R2'},{'R1'},{'R3'},&,1.0,&
{'D6'},{'D5'},{'D3'},{'D4'},{'D2'},{'D1'},{'D7'},{'R3'},{'R2'},{'R1'},&,6.0,&
{'D6'},{'D5'},{'D3'},{'D4'},{'D2'},{'D1'},{'D7'},{'R3'},{'R1'},{'R2'},&,13.0,&
{'D6'},{'D5'},{'D3'},{'D4'},{'D2'},{'D1'},{'R1'},{'D7'},{'R3'},{'R2'},&,1.0,&
{'D6'},{'D5'},{'D3'},{'D4'},{'D2'},{'R2'},{'D1'},{'R1'},{'D7'},{'R3'},&,1.0,&
{'D6'},{'D5'},{'D3'},{'D4'},{'D2'},{'R1'},{'D7'},{'D1'},{'R3'},{'R2'},&,1.0,&
{'D6'},{'D5'},{'D3'},{'D4'},{'D2'},{'R3'},{'D1'},{'D7'},{'R1'},{'R2'},&,1.0,&
{'D6'},{'D5'},{'D3'},{'D4'},{'D2'},{'R3'},{'R2'},{'D7'},{'D1'},{'R1'},&,1.0,&
{'D6'},{'D5'},{'D3'},{'D4'},{'D2'},{'R3'},{'D7'},{'R1'},{'R2'},{'D1'},&,1.0,&
{'D6'},{'D5'},{'D3'},{'D4'},{'D2'},{'R3'},{'D7'},{'R1'},{'D1'},{'R2'},&,1.0,&
{'D6'},{'D5'},{'D3'},{'D4'},{'D2'},{'R3'},{'D7'},{'D1'},{'R1'},{'R2'},&,1.0,&
{'D6'},{'D5'},{'D3'},{'D4'},{'R3'},{'D1'},{'D2'},{'D7'},{'R1'},{'R2'},&,1.0,&
{'D6'},{'D5'},{'D3'},{'D4'},{'R3'},{'D1'},{'D7'},{'D2'},{'R2'},{'R1'},&,1.0,&
{'D6'},{'D5'},{'D3'},{'D4'},{'R3'},{'D2'},{'D7'},{'D1'},{'R2'},{'R1'},&,1.0,&
{'D6'},{'D5'},{'D3'},{'D4'},{'R2'},{'D1'},{'D7'},{'R3'},{'D2'},{'R1'},&,1.0,&
{'D6'},{'D5'},{'D3'},{'D4'},{'R2'},{'D2'},{'D7'},{'D1'},{'R3'},{'R1'},&,1.0,&
{'D6'},{'D5'},{'D3'},{'D4'},{'R1'},{'D2'},{'D7'},{'D1'},{'R3'},{'R2'},&,1.0,&
{'D6'},{'D5'},{'D3'},{'R3'},{'D1'},{'D7'},{'D4'},{'R1'},{'R2'},{'D2'},&,1.0,&
{'D6'},{'D5'},{'D3'},{'R3'},{'D1'},{'D7'},{'D4'},{'R2'},{'R1'},{'D2'},&,1.0,&
{'D6'},{'D5'},{'D3'},{'R3'},{'D2'},{'D7'},{'D4'},{'D1'},{'R2'},{'R1'},&,1.0,&
{'D6'},{'D5'},{'D3'},{'R3'},{'D4'},{'D7'},{'D2'},{'R2'},{'R1'},{'D1'},&,1.0,&
{'D6'},{'D5'},{'D3'},{'R3'},{'D4'},{'R1'},{'D1'},{'D7'},{'D2'},{'R2'},&,1.0,&
{'D6'},{'D5'},{'D1'},{'D7'},{'D2'},{'D4'},{'D3'},{'R2'},{'R3'},{'R1'},&,1.0,&
{'D6'},{'D5'},{'D1'},{'D7'},{'D2'},{'D4'},{'D3'},{'R3'},{'R2'},{'R1'},&,1.0,&
{'D6'},{'D5'},{'D1'},{'D7'},{'D2'},{'D4'},{'D3'},{'R3'},{'R1'},{'R2'},&,1.0,&
{'D6'},{'D5'},{'D1'},{'D7'},{'D2'},{'D3'},{'D4'},{'R1'},{'R3'},{'R2'},&,1.0,&
{'D6'},{'D5'},{'D1'},{'D7'},{'D2'},{'D3'},{'D4'},{'R2'},{'R3'},{'R1'},&,1.0,&
{'D6'},{'D5'},{'D1'},{'D7'},{'D2'},{'D3'},{'D4'},{'R2'},{'R1'},{'R3'},&,1.0,&
{'D6'},{'D5'},{'D1'},{'D7'},{'D2'},{'D3'},{'D4'},{'R3'},{'R1'},{'R2'},&,3.0,&
{'D6'},{'D5'},{'D1'},{'D7'},{'D2'},{'D3'},{'R2'},{'D4'},{'R1'},{'R3'},&,1.0,&
{'D6'},{'D5'},{'D1'},{'D7'},{'D2'},{'R3'},{'D3'},{'D4'},{'R2'},{'R1'},&,1.0,&
{'D6'},{'D5'},{'D1'},{'D7'},{'D3'},{'D4'},{'R3'},{'D2'},{'R2'},{'R1'},&,3.0,&
{'D6'},{'D5'},{'D1'},{'D7'},{'D3'},{'D4'},{'R3'},{'D2'},{'R1'},{'R2'},&,1.0,&
{'D6'},{'D5'},{'D1'},{'D7'},{'D3'},{'D4'},{'R3'},{'R2'},{'D2'},{'R1'},&,3.0,&
{'D6'},{'D5'},{'D1'},{'D7'},{'D3'},{'D4'},{'D2'},{'R1'},{'R2'},{'R3'},&,2.0,&
{'D6'},{'D5'},{'D1'},{'D7'},{'D3'},{'D4'},{'D2'},{'R1'},{'R3'},{'R2'},&,8.0,&
{'D6'},{'D5'},{'D1'},{'D7'},{'D3'},{'D4'},{'D2'},{'R2'},{'R3'},{'R1'},&,3.0,&
{'D6'},{'D5'},{'D1'},{'D7'},{'D3'},{'D4'},{'D2'},{'R2'},{'R1'},{'R3'},&,2.0,&
{'D6'},{'D5'},{'D1'},{'D7'},{'D3'},{'D4'},{'D2'},{'R3'},{'R2'},{'R1'},&,6.0,&
{'D6'},{'D5'},{'D1'},{'D7'},{'D3'},{'D4'},{'D2'},{'R3'},{'R1'},{'R2'},&,12.0,&
{'D6'},{'D5'},{'D1'},{'D7'},{'D3'},{'D4'},{'R2'},{'D2'},{'R1'},{'R3'},&,1.0,&
{'D6'},{'D5'},{'D1'},{'D7'},{'D3'},{'D4'},{'R2'},{'R1'},{'D2'},{'R3'},&,1.0,&
{'D6'},{'D5'},{'D1'},{'D7'},{'D3'},{'D4'},{'R1'},{'D2'},{'R2'},{'R3'},&,1.0,&
{'D6'},{'D5'},{'D1'},{'D7'},{'D3'},{'D4'},{'R1'},{'R2'},{'D2'},{'R3'},&,1.0,&
{'D6'},{'D5'},{'D1'},{'D7'},{'D3'},{'D2'},{'R3'},{'D4'},{'R2'},{'R1'},&,1.0,&
{'D6'},{'D5'},{'D1'},{'D7'},{'D3'},{'D2'},{'R3'},{'D4'},{'R1'},{'R2'},&,3.0,&
{'D6'},{'D5'},{'D1'},{'D7'},{'D3'},{'D2'},{'D4'},{'R1'},{'R2'},{'R3'},&,2.0,&
{'D6'},{'D5'},{'D1'},{'D7'},{'D3'},{'D2'},{'D4'},{'R1'},{'R3'},{'R2'},&,4.0,&
{'D6'},{'D5'},{'D1'},{'D7'},{'D3'},{'D2'},{'D4'},{'R2'},{'R3'},{'R1'},&,3.0,&
{'D6'},{'D5'},{'D1'},{'D7'},{'D3'},{'D2'},{'D4'},{'R2'},{'R1'},{'R3'},&,1.0,&
{'D6'},{'D5'},{'D1'},{'D7'},{'D3'},{'D2'},{'D4'},{'R3'},{'R2'},{'R1'},&,4.0,&
{'D6'},{'D5'},{'D1'},{'D7'},{'D3'},{'D2'},{'D4'},{'R3'},{'R1'},{'R2'},&,5.0,&
{'D6'},{'D5'},{'D1'},{'D7'},{'D3'},{'D2'},{'R2'},{'D4'},{'R1'},{'R3'},&,1.0,&
{'D6'},{'D5'},{'D1'},{'D7'},{'D3'},{'D2'},{'R1'},{'D4'},{'R3'},{'R2'},&,4.0,&
{'D6'},{'D5'},{'D1'},{'D7'},{'D3'},{'R2'},{'D4'},{'D2'},{'R1'},{'R3'},&,1.0,&
{'D6'},{'D5'},{'D1'},{'D7'},{'D3'},{'R3'},{'D2'},{'D4'},{'R1'},{'R2'},&,1.0,&
{'D6'},{'D5'},{'D1'},{'D7'},{'D3'},{'R3'},{'D4'},{'D2'},{'R1'},{'R2'},&,1.0,&
{'D6'},{'D5'},{'D1'},{'D7'},{'D3'},{'R3'},{'R1'},{'D2'},{'D4'},{'R2'},&,1.0,&
{'D6'},{'D5'},{'D1'},{'D7'},{'D4'},{'D2'},{'R2'},{'D3'},{'R1'},{'R3'},&,1.0,&
{'D6'},{'D5'},{'D1'},{'D7'},{'D4'},{'D2'},{'D3'},{'R1'},{'R3'},{'R2'},&,2.0,&
{'D6'},{'D5'},{'D1'},{'D7'},{'D4'},{'D2'},{'D3'},{'R3'},{'R2'},{'R1'},&,2.0,&
{'D6'},{'D5'},{'D1'},{'D7'},{'D4'},{'D2'},{'D3'},{'R3'},{'R1'},{'R2'},&,2.0,&
{'D6'},{'D5'},{'D1'},{'D7'},{'D4'},{'D3'},{'R3'},{'D2'},{'R2'},{'R1'},&,1.0,&
{'D6'},{'D5'},{'D1'},{'D7'},{'D4'},{'D3'},{'R3'},{'R1'},{'D2'},{'R2'},&,1.0,&
{'D6'},{'D5'},{'D1'},{'D7'},{'D4'},{'D3'},{'D2'},{'R1'},{'R2'},{'R3'},&,1.0,&
{'D6'},{'D5'},{'D1'},{'D7'},{'D4'},{'D3'},{'D2'},{'R1'},{'R3'},{'R2'},&,5.0,&
{'D6'},{'D5'},{'D1'},{'D7'},{'D4'},{'D3'},{'D2'},{'R2'},{'R3'},{'R1'},&,2.0,&
{'D6'},{'D5'},{'D1'},{'D7'},{'D4'},{'D3'},{'D2'},{'R2'},{'R1'},{'R3'},&,1.0,&
{'D6'},{'D5'},{'D1'},{'D7'},{'D4'},{'D3'},{'D2'},{'R3'},{'R2'},{'R1'},&,4.0,&
{'D6'},{'D5'},{'D1'},{'D7'},{'D4'},{'D3'},{'D2'},{'R3'},{'R1'},{'R2'},&,8.0,&
{'D6'},{'D5'},{'D1'},{'D7'},{'D4'},{'D3'},{'R2'},{'D2'},{'R3'},{'R1'},&,1.0,&
{'D6'},{'D5'},{'D1'},{'D7'},{'D4'},{'R1'},{'D2'},{'D3'},{'R3'},{'R2'},&,1.0,&
{'D6'},{'D5'},{'D1'},{'D7'},{'D4'},{'R1'},{'D3'},{'D2'},{'R3'},{'R2'},&,1.0,&
{'D6'},{'D5'},{'D1'},{'D7'},{'R3'},{'D3'},{'D2'},{'R2'},{'D4'},{'R1'},&,1.0,&
{'D6'},{'D5'},{'D1'},{'D7'},{'R3'},{'D3'},{'R2'},{'D2'},{'D4'},{'R1'},&,1.0,&
{'D6'},{'D5'},{'D1'},{'D7'},{'R2'},{'D4'},{'D3'},{'D2'},{'R3'},{'R1'},&,1.0,&
{'D6'},{'D5'},{'D1'},{'D2'},{'D7'},{'D4'},{'R3'},{'R1'},{'D3'},{'R2'},&,1.0,&
{'D6'},{'D5'},{'D1'},{'D2'},{'D7'},{'D4'},{'D3'},{'R1'},{'R3'},{'R2'},&,1.0,&
{'D6'},{'D5'},{'D1'},{'D2'},{'D7'},{'D3'},{'R3'},{'D4'},{'R2'},{'R1'},&,1.0,&
{'D6'},{'D5'},{'D1'},{'D2'},{'D7'},{'D3'},{'D4'},{'R1'},{'R3'},{'R2'},&,1.0,&
{'D6'},{'D5'},{'D1'},{'D2'},{'D7'},{'D3'},{'D4'},{'R2'},{'R3'},{'R1'},&,1.0,&
{'D6'},{'D5'},{'D1'},{'D2'},{'D7'},{'D3'},{'D4'},{'R3'},{'R2'},{'R1'},&,1.0,&
{'D6'},{'D5'},{'D1'},{'D2'},{'D7'},{'D3'},{'D4'},{'R3'},{'R1'},{'R2'},&,3.0,&
{'D6'},{'D5'},{'D1'},{'D2'},{'D7'},{'D3'},{'R2'},{'D4'},{'R3'},{'R1'},&,1.0,&
{'D6'},{'D5'},{'D1'},{'D2'},{'D7'},{'R3'},{'D3'},{'D4'},{'R2'},{'R1'},&,1.0,&
{'D6'},{'D5'},{'D1'},{'D2'},{'D3'},{'D4'},{'R3'},{'D7'},{'R2'},{'R1'},&,1.0,&
{'D6'},{'D5'},{'D1'},{'D2'},{'D3'},{'D4'},{'R2'},{'D7'},{'R3'},{'R1'},&,1.0,&
{'D6'},{'D5'},{'D1'},{'D2'},{'D3'},{'D4'},{'D7'},{'R1'},{'R3'},{'R2'},&,1.0,&
{'D6'},{'D5'},{'D1'},{'D2'},{'D3'},{'D4'},{'D7'},{'R2'},{'R3'},{'R1'},&,2.0,&
{'D6'},{'D5'},{'D1'},{'D2'},{'D3'},{'D4'},{'D7'},{'R2'},{'R1'},{'R3'},&,1.0,&
{'D6'},{'D5'},{'D1'},{'D2'},{'D3'},{'D4'},{'D7'},{'R3'},{'R2'},{'R1'},&,5.0,&
{'D6'},{'D5'},{'D1'},{'D2'},{'D3'},{'D4'},{'D7'},{'R3'},{'R1'},{'R2'},&,4.0,&
{'D6'},{'D5'},{'D1'},{'D2'},{'D3'},{'D4'},{'R1'},{'D7'},{'R3'},{'R2'},&,2.0,&
{'D6'},{'D5'},{'D1'},{'D2'},{'D3'},{'D7'},{'R3'},{'R2'},{'D4'},{'R1'},&,1.0,&
{'D6'},{'D5'},{'D1'},{'D2'},{'D3'},{'D7'},{'R3'},{'D4'},{'R1'},{'R2'},&,5.0,&
{'D6'},{'D5'},{'D1'},{'D2'},{'D3'},{'D7'},{'D4'},{'R1'},{'R2'},{'R3'},&,1.0,&
{'D6'},{'D5'},{'D1'},{'D2'},{'D3'},{'D7'},{'D4'},{'R1'},{'R3'},{'R2'},&,6.0,&
{'D6'},{'D5'},{'D1'},{'D2'},{'D3'},{'D7'},{'D4'},{'R2'},{'R1'},{'R3'},&,1.0,&
{'D6'},{'D5'},{'D1'},{'D2'},{'D3'},{'D7'},{'D4'},{'R3'},{'R2'},{'R1'},&,3.0,&
{'D6'},{'D5'},{'D1'},{'D2'},{'D3'},{'D7'},{'D4'},{'R3'},{'R1'},{'R2'},&,5.0,&
{'D6'},{'D5'},{'D1'},{'D2'},{'D3'},{'D7'},{'R1'},{'D4'},{'R3'},{'R2'},&,1.0,&
{'D6'},{'D5'},{'D1'},{'D2'},{'D3'},{'R2'},{'D4'},{'D7'},{'R3'},{'R1'},&,1.0,&
{'D6'},{'D5'},{'D1'},{'D2'},{'D3'},{'R2'},{'D7'},{'D4'},{'R3'},{'R1'},&,1.0,&
{'D6'},{'D5'},{'D1'},{'D2'},{'D4'},{'D7'},{'D3'},{'R3'},{'R2'},{'R1'},&,1.0,&
{'D6'},{'D5'},{'D1'},{'D2'},{'D4'},{'D7'},{'D3'},{'R3'},{'R1'},{'R2'},&,1.0,&
{'D6'},{'D5'},{'D1'},{'D2'},{'D4'},{'D3'},{'R3'},{'D7'},{'R2'},{'R1'},&,1.0,&
{'D6'},{'D5'},{'D1'},{'D2'},{'D4'},{'D3'},{'R3'},{'D7'},{'R1'},{'R2'},&,2.0,&
{'D6'},{'D5'},{'D1'},{'D2'},{'D4'},{'D3'},{'D7'},{'R1'},{'R2'},{'R3'},&,4.0,&
{'D6'},{'D5'},{'D1'},{'D2'},{'D4'},{'D3'},{'D7'},{'R1'},{'R3'},{'R2'},&,1.0,&
{'D6'},{'D5'},{'D1'},{'D2'},{'D4'},{'D3'},{'D7'},{'R2'},{'R3'},{'R1'},&,2.0,&
{'D6'},{'D5'},{'D1'},{'D2'},{'D4'},{'D3'},{'D7'},{'R2'},{'R1'},{'R3'},&,1.0,&
{'D6'},{'D5'},{'D1'},{'D2'},{'D4'},{'D3'},{'D7'},{'R3'},{'R2'},{'R1'},&,3.0,&
{'D6'},{'D5'},{'D1'},{'D2'},{'D4'},{'D3'},{'D7'},{'R3'},{'R1'},{'R2'},&,2.0,&
{'D6'},{'D5'},{'D1'},{'D2'},{'D4'},{'R3'},{'D3'},{'D7'},{'R1'},{'R2'},&,1.0,&
{'D6'},{'D5'},{'D1'},{'D3'},{'D7'},{'D4'},{'R3'},{'D2'},{'R2'},{'R1'},&,5.0,&
{'D6'},{'D5'},{'D1'},{'D3'},{'D7'},{'D4'},{'R3'},{'D2'},{'R1'},{'R2'},&,4.0,&
{'D6'},{'D5'},{'D1'},{'D3'},{'D7'},{'D4'},{'R3'},{'R1'},{'R2'},{'D2'},&,1.0,&
{'D6'},{'D5'},{'D1'},{'D3'},{'D7'},{'D4'},{'R3'},{'R1'},{'D2'},{'R2'},&,2.0,&
{'D6'},{'D5'},{'D1'},{'D3'},{'D7'},{'D4'},{'D2'},{'R1'},{'R2'},{'R3'},&,1.0,&
{'D6'},{'D5'},{'D1'},{'D3'},{'D7'},{'D4'},{'D2'},{'R1'},{'R3'},{'R2'},&,9.0,&
{'D6'},{'D5'},{'D1'},{'D3'},{'D7'},{'D4'},{'D2'},{'R2'},{'R3'},{'R1'},&,6.0,&
{'D6'},{'D5'},{'D1'},{'D3'},{'D7'},{'D4'},{'D2'},{'R2'},{'R1'},{'R3'},&,2.0,&
{'D6'},{'D5'},{'D1'},{'D3'},{'D7'},{'D4'},{'D2'},{'R3'},{'R2'},{'R1'},&,10.0,&
{'D6'},{'D5'},{'D1'},{'D3'},{'D7'},{'D4'},{'D2'},{'R3'},{'R1'},{'R2'},&,14.0,&
{'D6'},{'D5'},{'D1'},{'D3'},{'D7'},{'D4'},{'R2'},{'D2'},{'R3'},{'R1'},&,5.0,&
{'D6'},{'D5'},{'D1'},{'D3'},{'D7'},{'D4'},{'R2'},{'D2'},{'R1'},{'R3'},&,1.0,&
{'D6'},{'D5'},{'D1'},{'D3'},{'D7'},{'D4'},{'R2'},{'R3'},{'D2'},{'R1'},&,1.0,&
{'D6'},{'D5'},{'D1'},{'D3'},{'D7'},{'D4'},{'R1'},{'D2'},{'R2'},{'R3'},&,2.0,&
{'D6'},{'D5'},{'D1'},{'D3'},{'D7'},{'D4'},{'R1'},{'D2'},{'R3'},{'R2'},&,1.0,&
{'D6'},{'D5'},{'D1'},{'D3'},{'D7'},{'D2'},{'R3'},{'R1'},{'D4'},{'R2'},&,1.0,&
{'D6'},{'D5'},{'D1'},{'D3'},{'D7'},{'D2'},{'R3'},{'R2'},{'R1'},{'D4'},&,2.0,&
{'D6'},{'D5'},{'D1'},{'D3'},{'D7'},{'D2'},{'R3'},{'D4'},{'R2'},{'R1'},&,4.0,&
{'D6'},{'D5'},{'D1'},{'D3'},{'D7'},{'D2'},{'R3'},{'D4'},{'R1'},{'R2'},&,2.0,&
{'D6'},{'D5'},{'D1'},{'D3'},{'D7'},{'D2'},{'D4'},{'R1'},{'R2'},{'R3'},&,4.0,&
{'D6'},{'D5'},{'D1'},{'D3'},{'D7'},{'D2'},{'D4'},{'R1'},{'R3'},{'R2'},&,5.0,&
{'D6'},{'D5'},{'D1'},{'D3'},{'D7'},{'D2'},{'D4'},{'R2'},{'R3'},{'R1'},&,2.0,&
{'D6'},{'D5'},{'D1'},{'D3'},{'D7'},{'D2'},{'D4'},{'R2'},{'R1'},{'R3'},&,1.0,&
{'D6'},{'D5'},{'D1'},{'D3'},{'D7'},{'D2'},{'D4'},{'R3'},{'R2'},{'R1'},&,4.0,&
{'D6'},{'D5'},{'D1'},{'D3'},{'D7'},{'D2'},{'D4'},{'R3'},{'R1'},{'R2'},&,5.0,&
{'D6'},{'D5'},{'D1'},{'D3'},{'D7'},{'D2'},{'R2'},{'D4'},{'R3'},{'R1'},&,1.0,&
{'D6'},{'D5'},{'D1'},{'D3'},{'D7'},{'D2'},{'R2'},{'D4'},{'R1'},{'R3'},&,1.0,&
{'D6'},{'D5'},{'D1'},{'D3'},{'D7'},{'R2'},{'D4'},{'D2'},{'R3'},{'R1'},&,1.0,&
{'D6'},{'D5'},{'D1'},{'D3'},{'D7'},{'R1'},{'D2'},{'D4'},{'R3'},{'R2'},&,1.0,&
{'D6'},{'D5'},{'D1'},{'D3'},{'D7'},{'R3'},{'D2'},{'R2'},{'D4'},{'R1'},&,1.0,&
{'D6'},{'D5'},{'D1'},{'D3'},{'D7'},{'R3'},{'D4'},{'D2'},{'R2'},{'R1'},&,2.0,&
{'D6'},{'D5'},{'D1'},{'D3'},{'D2'},{'D4'},{'R3'},{'D7'},{'R2'},{'R1'},&,1.0,&
{'D6'},{'D5'},{'D1'},{'D3'},{'D2'},{'D4'},{'R3'},{'D7'},{'R1'},{'R2'},&,1.0,&
{'D6'},{'D5'},{'D1'},{'D3'},{'D2'},{'D4'},{'D7'},{'R1'},{'R2'},{'R3'},&,3.0,&
{'D6'},{'D5'},{'D1'},{'D3'},{'D2'},{'D4'},{'D7'},{'R1'},{'R3'},{'R2'},&,6.0,&
{'D6'},{'D5'},{'D1'},{'D3'},{'D2'},{'D4'},{'D7'},{'R2'},{'R3'},{'R1'},&,3.0,&
{'D6'},{'D5'},{'D1'},{'D3'},{'D2'},{'D4'},{'D7'},{'R2'},{'R1'},{'R3'},&,2.0,&
{'D6'},{'D5'},{'D1'},{'D3'},{'D2'},{'D4'},{'D7'},{'R3'},{'R2'},{'R1'},&,5.0,&
{'D6'},{'D5'},{'D1'},{'D3'},{'D2'},{'D4'},{'D7'},{'R3'},{'R1'},{'R2'},&,3.0,&
{'D6'},{'D5'},{'D1'},{'D3'},{'D2'},{'D7'},{'R3'},{'R2'},{'D4'},{'R1'},&,1.0,&
{'D6'},{'D5'},{'D1'},{'D3'},{'D2'},{'D7'},{'R3'},{'D4'},{'R2'},{'R1'},&,3.0,&
{'D6'},{'D5'},{'D1'},{'D3'},{'D2'},{'D7'},{'D4'},{'R1'},{'R2'},{'R3'},&,2.0,&
{'D6'},{'D5'},{'D1'},{'D3'},{'D2'},{'D7'},{'D4'},{'R1'},{'R3'},{'R2'},&,2.0,&
{'D6'},{'D5'},{'D1'},{'D3'},{'D2'},{'D7'},{'D4'},{'R2'},{'R3'},{'R1'},&,6.0,&
{'D6'},{'D5'},{'D1'},{'D3'},{'D2'},{'D7'},{'D4'},{'R2'},{'R1'},{'R3'},&,1.0,&
{'D6'},{'D5'},{'D1'},{'D3'},{'D2'},{'D7'},{'D4'},{'R3'},{'R2'},{'R1'},&,6.0,&
{'D6'},{'D5'},{'D1'},{'D3'},{'D2'},{'D7'},{'D4'},{'R3'},{'R1'},{'R2'},&,5.0,&
{'D6'},{'D5'},{'D1'},{'D3'},{'D2'},{'D7'},{'R2'},{'D4'},{'R3'},{'R1'},&,1.0,&
{'D6'},{'D5'},{'D1'},{'D3'},{'D2'},{'D7'},{'R1'},{'D4'},{'R2'},{'R3'},&,1.0,&
{'D6'},{'D5'},{'D1'},{'D3'},{'D2'},{'D7'},{'R1'},{'D4'},{'R3'},{'R2'},&,2.0,&
{'D6'},{'D5'},{'D1'},{'D3'},{'D2'},{'R3'},{'D4'},{'D7'},{'R2'},{'R1'},&,1.0,&
{'D6'},{'D5'},{'D1'},{'D3'},{'D2'},{'R3'},{'D7'},{'D4'},{'R2'},{'R1'},&,1.0,&
{'D6'},{'D5'},{'D1'},{'D3'},{'D2'},{'R3'},{'D7'},{'D4'},{'R1'},{'R2'},&,3.0,&
{'D6'},{'D5'},{'D1'},{'D3'},{'D4'},{'D7'},{'R3'},{'D2'},{'R2'},{'R1'},&,2.0,&
{'D6'},{'D5'},{'D1'},{'D3'},{'D4'},{'D7'},{'R3'},{'D2'},{'R1'},{'R2'},&,3.0,&
{'D6'},{'D5'},{'D1'},{'D3'},{'D4'},{'D7'},{'R3'},{'R1'},{'D2'},{'R2'},&,1.0,&
{'D6'},{'D5'},{'D1'},{'D3'},{'D4'},{'D7'},{'D2'},{'R1'},{'R2'},{'R3'},&,2.0,&
{'D6'},{'D5'},{'D1'},{'D3'},{'D4'},{'D7'},{'D2'},{'R1'},{'R3'},{'R2'},&,11.0,&
{'D6'},{'D5'},{'D1'},{'D3'},{'D4'},{'D7'},{'D2'},{'R2'},{'R3'},{'R1'},&,4.0,&
{'D6'},{'D5'},{'D1'},{'D3'},{'D4'},{'D7'},{'D2'},{'R2'},{'R1'},{'R3'},&,1.0,&
{'D6'},{'D5'},{'D1'},{'D3'},{'D4'},{'D7'},{'D2'},{'R3'},{'R2'},{'R1'},&,3.0,&
{'D6'},{'D5'},{'D1'},{'D3'},{'D4'},{'D7'},{'D2'},{'R3'},{'R1'},{'R2'},&,15.0,&
{'D6'},{'D5'},{'D1'},{'D3'},{'D4'},{'D7'},{'R2'},{'D2'},{'R3'},{'R1'},&,2.0,&
{'D6'},{'D5'},{'D1'},{'D3'},{'D4'},{'D7'},{'R2'},{'D2'},{'R1'},{'R3'},&,1.0,&
{'D6'},{'D5'},{'D1'},{'D3'},{'D4'},{'D7'},{'R1'},{'D2'},{'R2'},{'R3'},&,1.0,&
{'D6'},{'D5'},{'D1'},{'D3'},{'D4'},{'D7'},{'R1'},{'D2'},{'R3'},{'R2'},&,1.0,&
{'D6'},{'D5'},{'D1'},{'D3'},{'D4'},{'D7'},{'R1'},{'R2'},{'D2'},{'R3'},&,1.0,&
{'D6'},{'D5'},{'D1'},{'D3'},{'D4'},{'D2'},{'R3'},{'D7'},{'R2'},{'R1'},&,2.0,&
{'D6'},{'D5'},{'D1'},{'D3'},{'D4'},{'D2'},{'D7'},{'R1'},{'R3'},{'R2'},&,5.0,&
{'D6'},{'D5'},{'D1'},{'D3'},{'D4'},{'D2'},{'D7'},{'R2'},{'R3'},{'R1'},&,3.0,&
{'D6'},{'D5'},{'D1'},{'D3'},{'D4'},{'D2'},{'D7'},{'R2'},{'R1'},{'R3'},&,2.0,&
{'D6'},{'D5'},{'D1'},{'D3'},{'D4'},{'D2'},{'D7'},{'R3'},{'R2'},{'R1'},&,9.0,&
{'D6'},{'D5'},{'D1'},{'D3'},{'D4'},{'D2'},{'D7'},{'R3'},{'R1'},{'R2'},&,5.0,&
{'D6'},{'D5'},{'D1'},{'D3'},{'D4'},{'D2'},{'R1'},{'D7'},{'R2'},{'R3'},&,1.0,&
{'D6'},{'D5'},{'D1'},{'D3'},{'D4'},{'D2'},{'R1'},{'D7'},{'R3'},{'R2'},&,2.0,&
{'D6'},{'D5'},{'D1'},{'D3'},{'D4'},{'R2'},{'D2'},{'D7'},{'R3'},{'R1'},&,1.0,&
{'D6'},{'D5'},{'D1'},{'D3'},{'D4'},{'R2'},{'D7'},{'D2'},{'R3'},{'R1'},&,1.0,&
{'D6'},{'D5'},{'D1'},{'D3'},{'D4'},{'R1'},{'D2'},{'D7'},{'R2'},{'R3'},&,1.0,&
{'D6'},{'D5'},{'D1'},{'D3'},{'D4'},{'R1'},{'D7'},{'D2'},{'R2'},{'R3'},&,1.0,&
{'D6'},{'D5'},{'D1'},{'D3'},{'D4'},{'R1'},{'D7'},{'D2'},{'R3'},{'R2'},&,2.0,&
{'D6'},{'D5'},{'D1'},{'D3'},{'D4'},{'R3'},{'D2'},{'R1'},{'D7'},{'R2'},&,1.0,&
{'D6'},{'D5'},{'D1'},{'D3'},{'R3'},{'D7'},{'D4'},{'D2'},{'R2'},{'R1'},&,1.0,&
{'D6'},{'D5'},{'D1'},{'D3'},{'R3'},{'D7'},{'D4'},{'D2'},{'R1'},{'R2'},&,1.0,&
{'D6'},{'D5'},{'D1'},{'D3'},{'R2'},{'D7'},{'D4'},{'D2'},{'R3'},{'R1'},&,1.0,&
{'D6'},{'D5'},{'D1'},{'D3'},{'R1'},{'D2'},{'D4'},{'D7'},{'R2'},{'R3'},&,1.0,&
{'D6'},{'D5'},{'D1'},{'R1'},{'D7'},{'D3'},{'D4'},{'D2'},{'R3'},{'R2'},&,1.0,&
{'D6'},{'D5'},{'D1'},{'D4'},{'D7'},{'D2'},{'R3'},{'D3'},{'R2'},{'R1'},&,1.0,&
{'D6'},{'D5'},{'D1'},{'D4'},{'D7'},{'D2'},{'D3'},{'R1'},{'R3'},{'R2'},&,1.0,&
{'D6'},{'D5'},{'D1'},{'D4'},{'D7'},{'D2'},{'D3'},{'R3'},{'R2'},{'R1'},&,1.0,&
{'D6'},{'D5'},{'D1'},{'D4'},{'D7'},{'D2'},{'D3'},{'R3'},{'R1'},{'R2'},&,1.0,&
{'D6'},{'D5'},{'D1'},{'D4'},{'D7'},{'D3'},{'R3'},{'D2'},{'R2'},{'R1'},&,1.0,&
{'D6'},{'D5'},{'D1'},{'D4'},{'D7'},{'D3'},{'R3'},{'D2'},{'R1'},{'R2'},&,1.0,&
{'D6'},{'D5'},{'D1'},{'D4'},{'D7'},{'D3'},{'R3'},{'R1'},{'D2'},{'R2'},&,1.0,&
{'D6'},{'D5'},{'D1'},{'D4'},{'D7'},{'D3'},{'D2'},{'R1'},{'R3'},{'R2'},&,5.0,&
{'D6'},{'D5'},{'D1'},{'D4'},{'D7'},{'D3'},{'D2'},{'R2'},{'R3'},{'R1'},&,2.0,&
{'D6'},{'D5'},{'D1'},{'D4'},{'D7'},{'D3'},{'D2'},{'R2'},{'R1'},{'R3'},&,2.0,&
{'D6'},{'D5'},{'D1'},{'D4'},{'D7'},{'D3'},{'D2'},{'R3'},{'R2'},{'R1'},&,2.0,&
{'D6'},{'D5'},{'D1'},{'D4'},{'D7'},{'D3'},{'D2'},{'R3'},{'R1'},{'R2'},&,9.0,&
{'D6'},{'D5'},{'D1'},{'D4'},{'D7'},{'D3'},{'R2'},{'D2'},{'R3'},{'R1'},&,2.0,&
{'D6'},{'D5'},{'D1'},{'D4'},{'D7'},{'D3'},{'R2'},{'R3'},{'D2'},{'R1'},&,1.0,&
{'D6'},{'D5'},{'D1'},{'D4'},{'D7'},{'D3'},{'R1'},{'D2'},{'R3'},{'R2'},&,2.0,&
{'D6'},{'D5'},{'D1'},{'D4'},{'D7'},{'R3'},{'D3'},{'D2'},{'R2'},{'R1'},&,1.0,&
{'D6'},{'D5'},{'D1'},{'D4'},{'D2'},{'D7'},{'R3'},{'D3'},{'R2'},{'R1'},&,1.0,&
{'D6'},{'D5'},{'D1'},{'D4'},{'D2'},{'D7'},{'D3'},{'R1'},{'R3'},{'R2'},&,1.0,&
{'D6'},{'D5'},{'D1'},{'D4'},{'D2'},{'D7'},{'D3'},{'R3'},{'R2'},{'R1'},&,1.0,&
{'D6'},{'D5'},{'D1'},{'D4'},{'D2'},{'D7'},{'D3'},{'R3'},{'R1'},{'R2'},&,1.0,&
{'D6'},{'D5'},{'D1'},{'D4'},{'D2'},{'D3'},{'R3'},{'D7'},{'R1'},{'R2'},&,1.0,&
{'D6'},{'D5'},{'D1'},{'D4'},{'D2'},{'D3'},{'D7'},{'R1'},{'R2'},{'R3'},&,1.0,&
{'D6'},{'D5'},{'D1'},{'D4'},{'D2'},{'D3'},{'D7'},{'R1'},{'R3'},{'R2'},&,4.0,&
{'D6'},{'D5'},{'D1'},{'D4'},{'D2'},{'D3'},{'D7'},{'R3'},{'R2'},{'R1'},&,1.0,&
{'D6'},{'D5'},{'D1'},{'D4'},{'D2'},{'D3'},{'D7'},{'R3'},{'R1'},{'R2'},&,2.0,&
{'D6'},{'D5'},{'D1'},{'D4'},{'D2'},{'R3'},{'R1'},{'D3'},{'D7'},{'R2'},&,1.0,&
{'D6'},{'D5'},{'D1'},{'D4'},{'D3'},{'D7'},{'R3'},{'D2'},{'R2'},{'R1'},&,1.0,&
{'D6'},{'D5'},{'D1'},{'D4'},{'D3'},{'D7'},{'R3'},{'D2'},{'R1'},{'R2'},&,2.0,&
{'D6'},{'D5'},{'D1'},{'D4'},{'D3'},{'D7'},{'R3'},{'R1'},{'D2'},{'R2'},&,1.0,&
{'D6'},{'D5'},{'D1'},{'D4'},{'D3'},{'D7'},{'D2'},{'R1'},{'R2'},{'R3'},&,4.0,&
{'D6'},{'D5'},{'D1'},{'D4'},{'D3'},{'D7'},{'D2'},{'R1'},{'R3'},{'R2'},&,3.0,&
{'D6'},{'D5'},{'D1'},{'D4'},{'D3'},{'D7'},{'D2'},{'R2'},{'R3'},{'R1'},&,4.0,&
{'D6'},{'D5'},{'D1'},{'D4'},{'D3'},{'D7'},{'D2'},{'R2'},{'R1'},{'R3'},&,2.0,&
{'D6'},{'D5'},{'D1'},{'D4'},{'D3'},{'D7'},{'D2'},{'R3'},{'R2'},{'R1'},&,6.0,&
{'D6'},{'D5'},{'D1'},{'D4'},{'D3'},{'D7'},{'D2'},{'R3'},{'R1'},{'R2'},&,4.0,&
{'D6'},{'D5'},{'D1'},{'D4'},{'D3'},{'D7'},{'R2'},{'D2'},{'R1'},{'R3'},&,1.0,&
{'D6'},{'D5'},{'D1'},{'D4'},{'D3'},{'D7'},{'R1'},{'R2'},{'R3'},{'D2'},&,1.0,&
{'D6'},{'D5'},{'D1'},{'D4'},{'D3'},{'D7'},{'R1'},{'R3'},{'D2'},{'R2'},&,1.0,&
{'D6'},{'D5'},{'D1'},{'D4'},{'D3'},{'D2'},{'R3'},{'D7'},{'R1'},{'R2'},&,2.0,&
{'D6'},{'D5'},{'D1'},{'D4'},{'D3'},{'D2'},{'R2'},{'R3'},{'D7'},{'R1'},&,1.0,&
{'D6'},{'D5'},{'D1'},{'D4'},{'D3'},{'D2'},{'D7'},{'R1'},{'R2'},{'R3'},&,2.0,&
{'D6'},{'D5'},{'D1'},{'D4'},{'D3'},{'D2'},{'D7'},{'R1'},{'R3'},{'R2'},&,5.0,&
{'D6'},{'D5'},{'D1'},{'D4'},{'D3'},{'D2'},{'D7'},{'R2'},{'R1'},{'R3'},&,1.0,&
{'D6'},{'D5'},{'D1'},{'D4'},{'D3'},{'D2'},{'D7'},{'R3'},{'R2'},{'R1'},&,5.0,&
{'D6'},{'D5'},{'D1'},{'D4'},{'D3'},{'D2'},{'D7'},{'R3'},{'R1'},{'R2'},&,4.0,&
{'D6'},{'D5'},{'D1'},{'D4'},{'D3'},{'R1'},{'D2'},{'D7'},{'R2'},{'R3'},&,1.0,&
{'D6'},{'D5'},{'D1'},{'D4'},{'D3'},{'R1'},{'D2'},{'D7'},{'R3'},{'R2'},&,1.0,&
{'D6'},{'D5'},{'D1'},{'D4'},{'D3'},{'R1'},{'D7'},{'D2'},{'R3'},{'R2'},&,2.0,&
{'D6'},{'D5'},{'D1'},{'D4'},{'D3'},{'R3'},{'D7'},{'R1'},{'R2'},{'D2'},&,1.0,&
{'D6'},{'D5'},{'D1'},{'D4'},{'R3'},{'D3'},{'D2'},{'D7'},{'R1'},{'R2'},&,1.0,&
{'D6'},{'D5'},{'D1'},{'D4'},{'R3'},{'R1'},{'D7'},{'D3'},{'D2'},{'R2'},&,1.0,&
{'D6'},{'D5'},{'D1'},{'D4'},{'R2'},{'D3'},{'D2'},{'D7'},{'R3'},{'R1'},&,1.0,&
{'D6'},{'D5'},{'D1'},{'D4'},{'R1'},{'D3'},{'D2'},{'D7'},{'R2'},{'R3'},&,1.0,&
{'D6'},{'D5'},{'D1'},{'R2'},{'D3'},{'D7'},{'R3'},{'D4'},{'D2'},{'R1'},&,1.0,&
{'D6'},{'D5'},{'D1'},{'R2'},{'D4'},{'D3'},{'D2'},{'D7'},{'R1'},{'R3'},&,1.0,&
{'D6'},{'D5'},{'D7'},{'D1'},{'D2'},{'D4'},{'R3'},{'D3'},{'R2'},{'R1'},&,2.0,&
{'D6'},{'D5'},{'D7'},{'D1'},{'D2'},{'D4'},{'R2'},{'D3'},{'R3'},{'R1'},&,1.0,&
{'D6'},{'D5'},{'D7'},{'D1'},{'D2'},{'D4'},{'D3'},{'R1'},{'R3'},{'R2'},&,2.0,&
{'D6'},{'D5'},{'D7'},{'D1'},{'D2'},{'D4'},{'D3'},{'R2'},{'R3'},{'R1'},&,2.0,&
{'D6'},{'D5'},{'D7'},{'D1'},{'D2'},{'D4'},{'D3'},{'R2'},{'R1'},{'R3'},&,1.0,&
{'D6'},{'D5'},{'D7'},{'D1'},{'D2'},{'D4'},{'D3'},{'R3'},{'R1'},{'R2'},&,2.0,&
{'D6'},{'D5'},{'D7'},{'D1'},{'D2'},{'D4'},{'R1'},{'D3'},{'R2'},{'R3'},&,1.0,&
{'D6'},{'D5'},{'D7'},{'D1'},{'D2'},{'D3'},{'R3'},{'R2'},{'D4'},{'R1'},&,1.0,&
{'D6'},{'D5'},{'D7'},{'D1'},{'D2'},{'D3'},{'R3'},{'D4'},{'R2'},{'R1'},&,2.0,&
{'D6'},{'D5'},{'D7'},{'D1'},{'D2'},{'D3'},{'D4'},{'R1'},{'R3'},{'R2'},&,3.0,&
{'D6'},{'D5'},{'D7'},{'D1'},{'D2'},{'D3'},{'D4'},{'R3'},{'R2'},{'R1'},&,3.0,&
{'D6'},{'D5'},{'D7'},{'D1'},{'D2'},{'D3'},{'D4'},{'R3'},{'R1'},{'R2'},&,4.0,&
{'D6'},{'D5'},{'D7'},{'D1'},{'D2'},{'D3'},{'R1'},{'D4'},{'R3'},{'R2'},&,2.0,&
{'D6'},{'D5'},{'D7'},{'D1'},{'D2'},{'R2'},{'D3'},{'R3'},{'D4'},{'R1'},&,1.0,&
{'D6'},{'D5'},{'D7'},{'D1'},{'D3'},{'D4'},{'R3'},{'D2'},{'R2'},{'R1'},&,1.0,&
{'D6'},{'D5'},{'D7'},{'D1'},{'D3'},{'D4'},{'R3'},{'D2'},{'R1'},{'R2'},&,4.0,&
{'D6'},{'D5'},{'D7'},{'D1'},{'D3'},{'D4'},{'R3'},{'R1'},{'D2'},{'R2'},&,1.0,&
{'D6'},{'D5'},{'D7'},{'D1'},{'D3'},{'D4'},{'D2'},{'R1'},{'R2'},{'R3'},&,6.0,&
{'D6'},{'D5'},{'D7'},{'D1'},{'D3'},{'D4'},{'D2'},{'R1'},{'R3'},{'R2'},&,6.0,&
{'D6'},{'D5'},{'D7'},{'D1'},{'D3'},{'D4'},{'D2'},{'R2'},{'R3'},{'R1'},&,4.0,&
{'D6'},{'D5'},{'D7'},{'D1'},{'D3'},{'D4'},{'D2'},{'R2'},{'R1'},{'R3'},&,3.0,&
{'D6'},{'D5'},{'D7'},{'D1'},{'D3'},{'D4'},{'D2'},{'R3'},{'R2'},{'R1'},&,10.0,&
{'D6'},{'D5'},{'D7'},{'D1'},{'D3'},{'D4'},{'D2'},{'R3'},{'R1'},{'R2'},&,7.0,&
{'D6'},{'D5'},{'D7'},{'D1'},{'D3'},{'D4'},{'R2'},{'D2'},{'R1'},{'R3'},&,1.0,&
{'D6'},{'D5'},{'D7'},{'D1'},{'D3'},{'D4'},{'R2'},{'R1'},{'R3'},{'D2'},&,1.0,&
{'D6'},{'D5'},{'D7'},{'D1'},{'D3'},{'D4'},{'R1'},{'D2'},{'R2'},{'R3'},&,1.0,&
{'D6'},{'D5'},{'D7'},{'D1'},{'D3'},{'D4'},{'R1'},{'D2'},{'R3'},{'R2'},&,1.0,&
{'D6'},{'D5'},{'D7'},{'D1'},{'D3'},{'D4'},{'R1'},{'R2'},{'D2'},{'R3'},&,1.0,&
{'D6'},{'D5'},{'D7'},{'D1'},{'D3'},{'D4'},{'R1'},{'R3'},{'R2'},{'D2'},&,1.0,&
{'D6'},{'D5'},{'D7'},{'D1'},{'D3'},{'D2'},{'R3'},{'D4'},{'R2'},{'R1'},&,2.0,&
{'D6'},{'D5'},{'D7'},{'D1'},{'D3'},{'D2'},{'R3'},{'D4'},{'R1'},{'R2'},&,1.0,&
{'D6'},{'D5'},{'D7'},{'D1'},{'D3'},{'D2'},{'D4'},{'R1'},{'R3'},{'R2'},&,5.0,&
{'D6'},{'D5'},{'D7'},{'D1'},{'D3'},{'D2'},{'D4'},{'R2'},{'R3'},{'R1'},&,3.0,&
{'D6'},{'D5'},{'D7'},{'D1'},{'D3'},{'D2'},{'D4'},{'R2'},{'R1'},{'R3'},&,1.0,&
{'D6'},{'D5'},{'D7'},{'D1'},{'D3'},{'D2'},{'D4'},{'R3'},{'R2'},{'R1'},&,9.0,&
{'D6'},{'D5'},{'D7'},{'D1'},{'D3'},{'D2'},{'D4'},{'R3'},{'R1'},{'R2'},&,6.0,&
{'D6'},{'D5'},{'D7'},{'D1'},{'D3'},{'D2'},{'R1'},{'R2'},{'D4'},{'R3'},&,1.0,&
{'D6'},{'D5'},{'D7'},{'D1'},{'D3'},{'D2'},{'R1'},{'R3'},{'D4'},{'R2'},&,1.0,&
{'D6'},{'D5'},{'D7'},{'D1'},{'D3'},{'D2'},{'R1'},{'D4'},{'R2'},{'R3'},&,1.0,&
{'D6'},{'D5'},{'D7'},{'D1'},{'D3'},{'D2'},{'R1'},{'D4'},{'R3'},{'R2'},&,1.0,&
{'D6'},{'D5'},{'D7'},{'D1'},{'D3'},{'R2'},{'D2'},{'D4'},{'R3'},{'R1'},&,2.0,&
{'D6'},{'D5'},{'D7'},{'D1'},{'D3'},{'R3'},{'D2'},{'D4'},{'R2'},{'R1'},&,3.0,&
{'D6'},{'D5'},{'D7'},{'D1'},{'D4'},{'D2'},{'R3'},{'D3'},{'R1'},{'R2'},&,1.0,&
{'D6'},{'D5'},{'D7'},{'D1'},{'D4'},{'D2'},{'D3'},{'R1'},{'R3'},{'R2'},&,2.0,&
{'D6'},{'D5'},{'D7'},{'D1'},{'D4'},{'D2'},{'D3'},{'R3'},{'R1'},{'R2'},&,2.0,&
{'D6'},{'D5'},{'D7'},{'D1'},{'D4'},{'D3'},{'R3'},{'D2'},{'R2'},{'R1'},&,1.0,&
{'D6'},{'D5'},{'D7'},{'D1'},{'D4'},{'D3'},{'R3'},{'D2'},{'R1'},{'R2'},&,4.0,&
{'D6'},{'D5'},{'D7'},{'D1'},{'D4'},{'D3'},{'R3'},{'R2'},{'D2'},{'R1'},&,1.0,&
{'D6'},{'D5'},{'D7'},{'D1'},{'D4'},{'D3'},{'D2'},{'R1'},{'R2'},{'R3'},&,1.0,&
{'D6'},{'D5'},{'D7'},{'D1'},{'D4'},{'D3'},{'D2'},{'R1'},{'R3'},{'R2'},&,5.0,&
{'D6'},{'D5'},{'D7'},{'D1'},{'D4'},{'D3'},{'D2'},{'R2'},{'R3'},{'R1'},&,6.0,&
{'D6'},{'D5'},{'D7'},{'D1'},{'D4'},{'D3'},{'D2'},{'R2'},{'R1'},{'R3'},&,4.0,&
{'D6'},{'D5'},{'D7'},{'D1'},{'D4'},{'D3'},{'D2'},{'R3'},{'R2'},{'R1'},&,6.0,&
{'D6'},{'D5'},{'D7'},{'D1'},{'D4'},{'D3'},{'D2'},{'R3'},{'R1'},{'R2'},&,6.0,&
{'D6'},{'D5'},{'D7'},{'D1'},{'D4'},{'D3'},{'R1'},{'D2'},{'R2'},{'R3'},&,2.0,&
{'D6'},{'D5'},{'D7'},{'D1'},{'D4'},{'R1'},{'D3'},{'R3'},{'D2'},{'R2'},&,1.0,&
{'D6'},{'D5'},{'D7'},{'D1'},{'D4'},{'R3'},{'D2'},{'D3'},{'R1'},{'R2'},&,2.0,&
{'D6'},{'D5'},{'D7'},{'D1'},{'D4'},{'R3'},{'D3'},{'D2'},{'R1'},{'R2'},&,1.0,&
{'D6'},{'D5'},{'D7'},{'D1'},{'D4'},{'R3'},{'R1'},{'D2'},{'D3'},{'R2'},&,1.0,&
{'D6'},{'D5'},{'D7'},{'D1'},{'R2'},{'D4'},{'D3'},{'R3'},{'D2'},{'R1'},&,2.0,&
{'D6'},{'D5'},{'D7'},{'D1'},{'R1'},{'D3'},{'D4'},{'D2'},{'R3'},{'R2'},&,1.0,&
{'D6'},{'D5'},{'D7'},{'D2'},{'D1'},{'D4'},{'R3'},{'D3'},{'R1'},{'R2'},&,1.0,&
{'D6'},{'D5'},{'D7'},{'D2'},{'D1'},{'D4'},{'R2'},{'R1'},{'R3'},{'D3'},&,1.0,&
{'D6'},{'D5'},{'D7'},{'D2'},{'D1'},{'D4'},{'R2'},{'D3'},{'R1'},{'R3'},&,1.0,&
{'D6'},{'D5'},{'D7'},{'D2'},{'D1'},{'D4'},{'D3'},{'R3'},{'R2'},{'R1'},&,2.0,&
{'D6'},{'D5'},{'D7'},{'D2'},{'D1'},{'D4'},{'D3'},{'R3'},{'R1'},{'R2'},&,2.0,&
{'D6'},{'D5'},{'D7'},{'D2'},{'D1'},{'D3'},{'R3'},{'D4'},{'R1'},{'R2'},&,3.0,&
{'D6'},{'D5'},{'D7'},{'D2'},{'D1'},{'D3'},{'D4'},{'R1'},{'R3'},{'R2'},&,3.0,&
{'D6'},{'D5'},{'D7'},{'D2'},{'D1'},{'D3'},{'D4'},{'R3'},{'R2'},{'R1'},&,2.0,&
{'D6'},{'D5'},{'D7'},{'D2'},{'D1'},{'D3'},{'D4'},{'R3'},{'R1'},{'R2'},&,4.0,&
{'D6'},{'D5'},{'D7'},{'D2'},{'D1'},{'R3'},{'D3'},{'D4'},{'R2'},{'R1'},&,1.0,&
{'D6'},{'D5'},{'D7'},{'D2'},{'D3'},{'D4'},{'R3'},{'R2'},{'R1'},{'D1'},&,1.0,&
{'D6'},{'D5'},{'D7'},{'D2'},{'D3'},{'D4'},{'R3'},{'D1'},{'R2'},{'R1'},&,2.0,&
{'D6'},{'D5'},{'D7'},{'D2'},{'D3'},{'D4'},{'D1'},{'R1'},{'R3'},{'R2'},&,6.0,&
{'D6'},{'D5'},{'D7'},{'D2'},{'D3'},{'D4'},{'D1'},{'R2'},{'R3'},{'R1'},&,3.0,&
{'D6'},{'D5'},{'D7'},{'D2'},{'D3'},{'D4'},{'D1'},{'R2'},{'R1'},{'R3'},&,1.0,&
{'D6'},{'D5'},{'D7'},{'D2'},{'D3'},{'D4'},{'D1'},{'R3'},{'R2'},{'R1'},&,5.0,&
{'D6'},{'D5'},{'D7'},{'D2'},{'D3'},{'D4'},{'D1'},{'R3'},{'R1'},{'R2'},&,5.0,&
{'D6'},{'D5'},{'D7'},{'D2'},{'D3'},{'D4'},{'R2'},{'D1'},{'R3'},{'R1'},&,1.0,&
{'D6'},{'D5'},{'D7'},{'D2'},{'D3'},{'D4'},{'R2'},{'D1'},{'R1'},{'R3'},&,1.0,&
{'D6'},{'D5'},{'D7'},{'D2'},{'D3'},{'D4'},{'R1'},{'R2'},{'D1'},{'R3'},&,2.0,&
{'D6'},{'D5'},{'D7'},{'D2'},{'D3'},{'D4'},{'R1'},{'D1'},{'R2'},{'R3'},&,1.0,&
{'D6'},{'D5'},{'D7'},{'D2'},{'D3'},{'D1'},{'R3'},{'D4'},{'R2'},{'R1'},&,2.0,&
{'D6'},{'D5'},{'D7'},{'D2'},{'D3'},{'D1'},{'R3'},{'D4'},{'R1'},{'R2'},&,1.0,&
{'D6'},{'D5'},{'D7'},{'D2'},{'D3'},{'D1'},{'D4'},{'R1'},{'R3'},{'R2'},&,5.0,&
{'D6'},{'D5'},{'D7'},{'D2'},{'D3'},{'D1'},{'D4'},{'R2'},{'R3'},{'R1'},&,5.0,&
{'D6'},{'D5'},{'D7'},{'D2'},{'D3'},{'D1'},{'D4'},{'R2'},{'R1'},{'R3'},&,2.0,&
{'D6'},{'D5'},{'D7'},{'D2'},{'D3'},{'D1'},{'D4'},{'R3'},{'R2'},{'R1'},&,3.0,&
{'D6'},{'D5'},{'D7'},{'D2'},{'D3'},{'D1'},{'D4'},{'R3'},{'R1'},{'R2'},&,9.0,&
{'D6'},{'D5'},{'D7'},{'D2'},{'D3'},{'D1'},{'R2'},{'D4'},{'R3'},{'R1'},&,1.0,&
{'D6'},{'D5'},{'D7'},{'D2'},{'D3'},{'D1'},{'R1'},{'D4'},{'R3'},{'R2'},&,1.0,&
{'D6'},{'D5'},{'D7'},{'D2'},{'D3'},{'R1'},{'D4'},{'R3'},{'D1'},{'R2'},&,1.0,&
{'D6'},{'D5'},{'D7'},{'D2'},{'D3'},{'R3'},{'D1'},{'R1'},{'D4'},{'R2'},&,1.0,&
{'D6'},{'D5'},{'D7'},{'D2'},{'D3'},{'R3'},{'D1'},{'D4'},{'R2'},{'R1'},&,1.0,&
{'D6'},{'D5'},{'D7'},{'D2'},{'D3'},{'R3'},{'D1'},{'D4'},{'R1'},{'R2'},&,3.0,&
{'D6'},{'D5'},{'D7'},{'D2'},{'D3'},{'R3'},{'D4'},{'R1'},{'R2'},{'D1'},&,1.0,&
{'D6'},{'D5'},{'D7'},{'D2'},{'D3'},{'R3'},{'D4'},{'D1'},{'R2'},{'R1'},&,2.0,&
{'D6'},{'D5'},{'D7'},{'D2'},{'D3'},{'R3'},{'D4'},{'D1'},{'R1'},{'R2'},&,1.0,&
{'D6'},{'D5'},{'D7'},{'D2'},{'D3'},{'R3'},{'R1'},{'D4'},{'D1'},{'R2'},&,1.0,&
{'D6'},{'D5'},{'D7'},{'D2'},{'D4'},{'D1'},{'R3'},{'D3'},{'R2'},{'R1'},&,1.0,&
{'D6'},{'D5'},{'D7'},{'D2'},{'D4'},{'D1'},{'R2'},{'D3'},{'R3'},{'R1'},&,1.0,&
{'D6'},{'D5'},{'D7'},{'D2'},{'D4'},{'D1'},{'D3'},{'R1'},{'R3'},{'R2'},&,1.0,&
{'D6'},{'D5'},{'D7'},{'D2'},{'D4'},{'D1'},{'D3'},{'R2'},{'R3'},{'R1'},&,3.0,&
{'D6'},{'D5'},{'D7'},{'D2'},{'D4'},{'D1'},{'D3'},{'R3'},{'R2'},{'R1'},&,3.0,&
{'D6'},{'D5'},{'D7'},{'D2'},{'D4'},{'D1'},{'R1'},{'D3'},{'R2'},{'R3'},&,1.0,&
{'D6'},{'D5'},{'D7'},{'D2'},{'D4'},{'D3'},{'R3'},{'R2'},{'D1'},{'R1'},&,2.0,&
{'D6'},{'D5'},{'D7'},{'D2'},{'D4'},{'D3'},{'D1'},{'R1'},{'R2'},{'R3'},&,1.0,&
{'D6'},{'D5'},{'D7'},{'D2'},{'D4'},{'D3'},{'D1'},{'R1'},{'R3'},{'R2'},&,5.0,&
{'D6'},{'D5'},{'D7'},{'D2'},{'D4'},{'D3'},{'D1'},{'R2'},{'R3'},{'R1'},&,3.0,&
{'D6'},{'D5'},{'D7'},{'D2'},{'D4'},{'D3'},{'D1'},{'R2'},{'R1'},{'R3'},&,1.0,&
{'D6'},{'D5'},{'D7'},{'D2'},{'D4'},{'D3'},{'D1'},{'R3'},{'R2'},{'R1'},&,1.0,&
{'D6'},{'D5'},{'D7'},{'D2'},{'D4'},{'D3'},{'D1'},{'R3'},{'R1'},{'R2'},&,8.0,&
{'D6'},{'D5'},{'D7'},{'D2'},{'D4'},{'D3'},{'R2'},{'D1'},{'R3'},{'R1'},&,1.0,&
{'D6'},{'D5'},{'D7'},{'D2'},{'D4'},{'R3'},{'D3'},{'D1'},{'R2'},{'R1'},&,1.0,&
{'D6'},{'D5'},{'D7'},{'D2'},{'R1'},{'D3'},{'D1'},{'R3'},{'D4'},{'R2'},&,1.0,&
{'D6'},{'D5'},{'D7'},{'D2'},{'R1'},{'D3'},{'D4'},{'D1'},{'R3'},{'R2'},&,1.0,&
{'D6'},{'D5'},{'D7'},{'D3'},{'D1'},{'D4'},{'R3'},{'D2'},{'R1'},{'R2'},&,4.0,&
{'D6'},{'D5'},{'D7'},{'D3'},{'D1'},{'D4'},{'R3'},{'R1'},{'D2'},{'R2'},&,1.0,&
{'D6'},{'D5'},{'D7'},{'D3'},{'D1'},{'D4'},{'R3'},{'R2'},{'D2'},{'R1'},&,2.0,&
{'D6'},{'D5'},{'D7'},{'D3'},{'D1'},{'D4'},{'D2'},{'R1'},{'R2'},{'R3'},&,5.0,&
{'D6'},{'D5'},{'D7'},{'D3'},{'D1'},{'D4'},{'D2'},{'R1'},{'R3'},{'R2'},&,4.0,&
{'D6'},{'D5'},{'D7'},{'D3'},{'D1'},{'D4'},{'D2'},{'R2'},{'R3'},{'R1'},&,10.0,&
{'D6'},{'D5'},{'D7'},{'D3'},{'D1'},{'D4'},{'D2'},{'R2'},{'R1'},{'R3'},&,6.0,&
{'D6'},{'D5'},{'D7'},{'D3'},{'D1'},{'D4'},{'D2'},{'R3'},{'R2'},{'R1'},&,13.0,&
{'D6'},{'D5'},{'D7'},{'D3'},{'D1'},{'D4'},{'D2'},{'R3'},{'R1'},{'R2'},&,11.0,&
{'D6'},{'D5'},{'D7'},{'D3'},{'D1'},{'D4'},{'R2'},{'D2'},{'R3'},{'R1'},&,3.0,&
{'D6'},{'D5'},{'D7'},{'D3'},{'D1'},{'D4'},{'R2'},{'D2'},{'R1'},{'R3'},&,1.0,&
{'D6'},{'D5'},{'D7'},{'D3'},{'D1'},{'D4'},{'R2'},{'R3'},{'D2'},{'R1'},&,1.0,&
{'D6'},{'D5'},{'D7'},{'D3'},{'D1'},{'D4'},{'R1'},{'D2'},{'R3'},{'R2'},&,2.0,&
{'D6'},{'D5'},{'D7'},{'D3'},{'D1'},{'D4'},{'R1'},{'R3'},{'D2'},{'R2'},&,2.0,&
{'D6'},{'D5'},{'D7'},{'D3'},{'D1'},{'D2'},{'R3'},{'R1'},{'D4'},{'R2'},&,2.0,&
{'D6'},{'D5'},{'D7'},{'D3'},{'D1'},{'D2'},{'R3'},{'R2'},{'D4'},{'R1'},&,1.0,&
{'D6'},{'D5'},{'D7'},{'D3'},{'D1'},{'D2'},{'R3'},{'D4'},{'R2'},{'R1'},&,3.0,&
{'D6'},{'D5'},{'D7'},{'D3'},{'D1'},{'D2'},{'R3'},{'D4'},{'R1'},{'R2'},&,2.0,&
{'D6'},{'D5'},{'D7'},{'D3'},{'D1'},{'D2'},{'D4'},{'R1'},{'R2'},{'R3'},&,3.0,&
{'D6'},{'D5'},{'D7'},{'D3'},{'D1'},{'D2'},{'D4'},{'R1'},{'R3'},{'R2'},&,3.0,&
{'D6'},{'D5'},{'D7'},{'D3'},{'D1'},{'D2'},{'D4'},{'R2'},{'R3'},{'R1'},&,6.0,&
{'D6'},{'D5'},{'D7'},{'D3'},{'D1'},{'D2'},{'D4'},{'R2'},{'R1'},{'R3'},&,2.0,&
{'D6'},{'D5'},{'D7'},{'D3'},{'D1'},{'D2'},{'D4'},{'R3'},{'R2'},{'R1'},&,8.0,&
{'D6'},{'D5'},{'D7'},{'D3'},{'D1'},{'D2'},{'D4'},{'R3'},{'R1'},{'R2'},&,11.0,&
{'D6'},{'D5'},{'D7'},{'D3'},{'D1'},{'D2'},{'R1'},{'R3'},{'D4'},{'R2'},&,2.0,&
{'D6'},{'D5'},{'D7'},{'D3'},{'D1'},{'D2'},{'R1'},{'D4'},{'R2'},{'R3'},&,1.0,&
{'D6'},{'D5'},{'D7'},{'D3'},{'D1'},{'D2'},{'R1'},{'D4'},{'R3'},{'R2'},&,3.0,&
{'D6'},{'D5'},{'D7'},{'D3'},{'D1'},{'R1'},{'D4'},{'D2'},{'R2'},{'R3'},&,1.0,&
{'D6'},{'D5'},{'D7'},{'D3'},{'D1'},{'R3'},{'D2'},{'R2'},{'D4'},{'R1'},&,1.0,&
{'D6'},{'D5'},{'D7'},{'D3'},{'D1'},{'R3'},{'D4'},{'D2'},{'R2'},{'R1'},&,1.0,&
{'D6'},{'D5'},{'D7'},{'D3'},{'D1'},{'R3'},{'D4'},{'D2'},{'R1'},{'R2'},&,2.0,&
{'D6'},{'D5'},{'D7'},{'D3'},{'D1'},{'R3'},{'D4'},{'R2'},{'D2'},{'R1'},&,2.0,&
{'D6'},{'D5'},{'D7'},{'D3'},{'D1'},{'R3'},{'R1'},{'D4'},{'D2'},{'R2'},&,1.0,&
{'D6'},{'D5'},{'D7'},{'D3'},{'D2'},{'D4'},{'R3'},{'R2'},{'D1'},{'R1'},&,1.0,&
{'D6'},{'D5'},{'D7'},{'D3'},{'D2'},{'D4'},{'R3'},{'D1'},{'R2'},{'R1'},&,3.0,&
{'D6'},{'D5'},{'D7'},{'D3'},{'D2'},{'D4'},{'R3'},{'D1'},{'R1'},{'R2'},&,4.0,&
{'D6'},{'D5'},{'D7'},{'D3'},{'D2'},{'D4'},{'D1'},{'R1'},{'R2'},{'R3'},&,5.0,&
{'D6'},{'D5'},{'D7'},{'D3'},{'D2'},{'D4'},{'D1'},{'R1'},{'R3'},{'R2'},&,10.0,&
{'D6'},{'D5'},{'D7'},{'D3'},{'D2'},{'D4'},{'D1'},{'R2'},{'R3'},{'R1'},&,5.0,&
{'D6'},{'D5'},{'D7'},{'D3'},{'D2'},{'D4'},{'D1'},{'R2'},{'R1'},{'R3'},&,3.0,&
{'D6'},{'D5'},{'D7'},{'D3'},{'D2'},{'D4'},{'D1'},{'R3'},{'R2'},{'R1'},&,12.0,&
{'D6'},{'D5'},{'D7'},{'D3'},{'D2'},{'D4'},{'D1'},{'R3'},{'R1'},{'R2'},&,12.0,&
{'D6'},{'D5'},{'D7'},{'D3'},{'D2'},{'D4'},{'R2'},{'D1'},{'R3'},{'R1'},&,2.0,&
{'D6'},{'D5'},{'D7'},{'D3'},{'D2'},{'D4'},{'R2'},{'D1'},{'R1'},{'R3'},&,1.0,&
{'D6'},{'D5'},{'D7'},{'D3'},{'D2'},{'D4'},{'R1'},{'D1'},{'R3'},{'R2'},&,4.0,&
{'D6'},{'D5'},{'D7'},{'D3'},{'D2'},{'D1'},{'R3'},{'R1'},{'R2'},{'D4'},&,1.0,&
{'D6'},{'D5'},{'D7'},{'D3'},{'D2'},{'D1'},{'R3'},{'D4'},{'R2'},{'R1'},&,5.0,&
{'D6'},{'D5'},{'D7'},{'D3'},{'D2'},{'D1'},{'R3'},{'D4'},{'R1'},{'R2'},&,2.0,&
{'D6'},{'D5'},{'D7'},{'D3'},{'D2'},{'D1'},{'D4'},{'R1'},{'R3'},{'R2'},&,7.0,&
{'D6'},{'D5'},{'D7'},{'D3'},{'D2'},{'D1'},{'D4'},{'R2'},{'R3'},{'R1'},&,3.0,&
{'D6'},{'D5'},{'D7'},{'D3'},{'D2'},{'D1'},{'D4'},{'R2'},{'R1'},{'R3'},&,1.0,&
{'D6'},{'D5'},{'D7'},{'D3'},{'D2'},{'D1'},{'D4'},{'R3'},{'R2'},{'R1'},&,6.0,&
{'D6'},{'D5'},{'D7'},{'D3'},{'D2'},{'D1'},{'D4'},{'R3'},{'R1'},{'R2'},&,12.0,&
{'D6'},{'D5'},{'D7'},{'D3'},{'D2'},{'D1'},{'R2'},{'R1'},{'D4'},{'R3'},&,1.0,&
{'D6'},{'D5'},{'D7'},{'D3'},{'D2'},{'D1'},{'R1'},{'D4'},{'R2'},{'R3'},&,1.0,&
{'D6'},{'D5'},{'D7'},{'D3'},{'D2'},{'D1'},{'R1'},{'D4'},{'R3'},{'R2'},&,2.0,&
{'D6'},{'D5'},{'D7'},{'D3'},{'D2'},{'R2'},{'D1'},{'D4'},{'R3'},{'R1'},&,1.0,&
{'D6'},{'D5'},{'D7'},{'D3'},{'D2'},{'R2'},{'D4'},{'D1'},{'R3'},{'R1'},&,1.0,&
{'D6'},{'D5'},{'D7'},{'D3'},{'D2'},{'R1'},{'D4'},{'D1'},{'R2'},{'R3'},&,1.0,&
{'D6'},{'D5'},{'D7'},{'D3'},{'D2'},{'R1'},{'D4'},{'D1'},{'R3'},{'R2'},&,1.0,&
{'D6'},{'D5'},{'D7'},{'D3'},{'D2'},{'R3'},{'D1'},{'D4'},{'R2'},{'R1'},&,1.0,&
{'D6'},{'D5'},{'D7'},{'D3'},{'D2'},{'R3'},{'D1'},{'D4'},{'R1'},{'R2'},&,1.0,&
{'D6'},{'D5'},{'D7'},{'D3'},{'D2'},{'R3'},{'D4'},{'R1'},{'D1'},{'R2'},&,1.0,&
{'D6'},{'D5'},{'D7'},{'D3'},{'D4'},{'D1'},{'R3'},{'D2'},{'R2'},{'R1'},&,1.0,&
{'D6'},{'D5'},{'D7'},{'D3'},{'D4'},{'D1'},{'R3'},{'D2'},{'R1'},{'R2'},&,7.0,&
{'D6'},{'D5'},{'D7'},{'D3'},{'D4'},{'D1'},{'D2'},{'R1'},{'R2'},{'R3'},&,5.0,&
{'D6'},{'D5'},{'D7'},{'D3'},{'D4'},{'D1'},{'D2'},{'R1'},{'R3'},{'R2'},&,12.0,&
{'D6'},{'D5'},{'D7'},{'D3'},{'D4'},{'D1'},{'D2'},{'R2'},{'R3'},{'R1'},&,6.0,&
{'D6'},{'D5'},{'D7'},{'D3'},{'D4'},{'D1'},{'D2'},{'R2'},{'R1'},{'R3'},&,3.0,&
{'D6'},{'D5'},{'D7'},{'D3'},{'D4'},{'D1'},{'D2'},{'R3'},{'R2'},{'R1'},&,18.0,&
{'D6'},{'D5'},{'D7'},{'D3'},{'D4'},{'D1'},{'D2'},{'R3'},{'R1'},{'R2'},&,18.0,&
{'D6'},{'D5'},{'D7'},{'D3'},{'D4'},{'D1'},{'R2'},{'D2'},{'R3'},{'R1'},&,2.0,&
{'D6'},{'D5'},{'D7'},{'D3'},{'D4'},{'D1'},{'R2'},{'D2'},{'R1'},{'R3'},&,1.0,&
{'D6'},{'D5'},{'D7'},{'D3'},{'D4'},{'D1'},{'R2'},{'R1'},{'D2'},{'R3'},&,1.0,&
{'D6'},{'D5'},{'D7'},{'D3'},{'D4'},{'D1'},{'R1'},{'D2'},{'R2'},{'R3'},&,1.0,&
{'D6'},{'D5'},{'D7'},{'D3'},{'D4'},{'D1'},{'R1'},{'D2'},{'R3'},{'R2'},&,1.0,&
{'D6'},{'D5'},{'D7'},{'D3'},{'D4'},{'D1'},{'R1'},{'R3'},{'R2'},{'D2'},&,1.0,&
{'D6'},{'D5'},{'D7'},{'D3'},{'D4'},{'D2'},{'R3'},{'R1'},{'R2'},{'D1'},&,1.0,&
{'D6'},{'D5'},{'D7'},{'D3'},{'D4'},{'D2'},{'R3'},{'R1'},{'D1'},{'R2'},&,3.0,&
{'D6'},{'D5'},{'D7'},{'D3'},{'D4'},{'D2'},{'R3'},{'R2'},{'R1'},{'D1'},&,1.0,&
{'D6'},{'D5'},{'D7'},{'D3'},{'D4'},{'D2'},{'R3'},{'R2'},{'D1'},{'R1'},&,1.0,&
{'D6'},{'D5'},{'D7'},{'D3'},{'D4'},{'D2'},{'R3'},{'D1'},{'R2'},{'R1'},&,2.0,&
{'D6'},{'D5'},{'D7'},{'D3'},{'D4'},{'D2'},{'R3'},{'D1'},{'R1'},{'R2'},&,4.0,&
{'D6'},{'D5'},{'D7'},{'D3'},{'D4'},{'D2'},{'D1'},{'R1'},{'R2'},{'R3'},&,4.0,&
{'D6'},{'D5'},{'D7'},{'D3'},{'D4'},{'D2'},{'D1'},{'R1'},{'R3'},{'R2'},&,7.0,&
{'D6'},{'D5'},{'D7'},{'D3'},{'D4'},{'D2'},{'D1'},{'R2'},{'R3'},{'R1'},&,8.0,&
{'D6'},{'D5'},{'D7'},{'D3'},{'D4'},{'D2'},{'D1'},{'R2'},{'R1'},{'R3'},&,2.0,&
{'D6'},{'D5'},{'D7'},{'D3'},{'D4'},{'D2'},{'D1'},{'R3'},{'R2'},{'R1'},&,10.0,&
{'D6'},{'D5'},{'D7'},{'D3'},{'D4'},{'D2'},{'D1'},{'R3'},{'R1'},{'R2'},&,16.0,&
{'D6'},{'D5'},{'D7'},{'D3'},{'D4'},{'D2'},{'R2'},{'R3'},{'D1'},{'R1'},&,1.0,&
{'D6'},{'D5'},{'D7'},{'D3'},{'D4'},{'D2'},{'R2'},{'D1'},{'R3'},{'R1'},&,1.0,&
{'D6'},{'D5'},{'D7'},{'D3'},{'D4'},{'D2'},{'R2'},{'D1'},{'R1'},{'R3'},&,1.0,&
{'D6'},{'D5'},{'D7'},{'D3'},{'D4'},{'D2'},{'R1'},{'R3'},{'D1'},{'R2'},&,1.0,&
{'D6'},{'D5'},{'D7'},{'D3'},{'D4'},{'D2'},{'R1'},{'D1'},{'R2'},{'R3'},&,1.0,&
{'D6'},{'D5'},{'D7'},{'D3'},{'D4'},{'D2'},{'R1'},{'D1'},{'R3'},{'R2'},&,6.0,&
{'D6'},{'D5'},{'D7'},{'D3'},{'D4'},{'R2'},{'D2'},{'D1'},{'R3'},{'R1'},&,1.0,&
{'D6'},{'D5'},{'D7'},{'D3'},{'D4'},{'R2'},{'D2'},{'D1'},{'R1'},{'R3'},&,1.0,&
{'D6'},{'D5'},{'D7'},{'D3'},{'D4'},{'R2'},{'D1'},{'D2'},{'R3'},{'R1'},&,1.0,&
{'D6'},{'D5'},{'D7'},{'D3'},{'D4'},{'R1'},{'D2'},{'D1'},{'R2'},{'R3'},&,1.0,&
{'D6'},{'D5'},{'D7'},{'D3'},{'D4'},{'R1'},{'D2'},{'D1'},{'R3'},{'R2'},&,1.0,&
{'D6'},{'D5'},{'D7'},{'D3'},{'D4'},{'R1'},{'D1'},{'D2'},{'R2'},{'R3'},&,1.0,&
{'D6'},{'D5'},{'D7'},{'D3'},{'D4'},{'R1'},{'D1'},{'R2'},{'D2'},{'R3'},&,1.0,&
{'D6'},{'D5'},{'D7'},{'D3'},{'D4'},{'R3'},{'D1'},{'R1'},{'D2'},{'R2'},&,1.0,&
{'D6'},{'D5'},{'D7'},{'D3'},{'R3'},{'D4'},{'D2'},{'D1'},{'R2'},{'R1'},&,1.0,&
{'D6'},{'D5'},{'D7'},{'D3'},{'R3'},{'D1'},{'D2'},{'R2'},{'D4'},{'R1'},&,1.0,&
{'D6'},{'D5'},{'D7'},{'D3'},{'R3'},{'D1'},{'D2'},{'D4'},{'R2'},{'R1'},&,1.0,&
{'D6'},{'D5'},{'D7'},{'D3'},{'R3'},{'D1'},{'D4'},{'D2'},{'R2'},{'R1'},&,1.0,&
{'D6'},{'D5'},{'D7'},{'D3'},{'R3'},{'D2'},{'D4'},{'R2'},{'R1'},{'D1'},&,1.0,&
{'D6'},{'D5'},{'D7'},{'D3'},{'R1'},{'D4'},{'D1'},{'D2'},{'R3'},{'R2'},&,1.0,&
{'D6'},{'D5'},{'D7'},{'D3'},{'R1'},{'D1'},{'D4'},{'D2'},{'R2'},{'R3'},&,1.0,&
{'D6'},{'D5'},{'D7'},{'D3'},{'R1'},{'D2'},{'D4'},{'D1'},{'R3'},{'R2'},&,1.0,&
{'D6'},{'D5'},{'D7'},{'R1'},{'D2'},{'D1'},{'D3'},{'D4'},{'R3'},{'R2'},&,1.0,&
{'D6'},{'D5'},{'D7'},{'R1'},{'D2'},{'D3'},{'D4'},{'D1'},{'R3'},{'R2'},&,1.0,&
{'D6'},{'D5'},{'D7'},{'D4'},{'D1'},{'D2'},{'R3'},{'D3'},{'R2'},{'R1'},&,1.0,&
{'D6'},{'D5'},{'D7'},{'D4'},{'D1'},{'D2'},{'R3'},{'D3'},{'R1'},{'R2'},&,2.0,&
{'D6'},{'D5'},{'D7'},{'D4'},{'D1'},{'D2'},{'D3'},{'R2'},{'R1'},{'R3'},&,1.0,&
{'D6'},{'D5'},{'D7'},{'D4'},{'D1'},{'D2'},{'D3'},{'R3'},{'R2'},{'R1'},&,2.0,&
{'D6'},{'D5'},{'D7'},{'D4'},{'D1'},{'D2'},{'D3'},{'R3'},{'R1'},{'R2'},&,3.0,&
{'D6'},{'D5'},{'D7'},{'D4'},{'D1'},{'D2'},{'R1'},{'D3'},{'R3'},{'R2'},&,1.0,&
{'D6'},{'D5'},{'D7'},{'D4'},{'D1'},{'D3'},{'R3'},{'D2'},{'R1'},{'R2'},&,3.0,&
{'D6'},{'D5'},{'D7'},{'D4'},{'D1'},{'D3'},{'R3'},{'R1'},{'D2'},{'R2'},&,1.0,&
{'D6'},{'D5'},{'D7'},{'D4'},{'D1'},{'D3'},{'D2'},{'R1'},{'R2'},{'R3'},&,6.0,&
{'D6'},{'D5'},{'D7'},{'D4'},{'D1'},{'D3'},{'D2'},{'R1'},{'R3'},{'R2'},&,4.0,&
{'D6'},{'D5'},{'D7'},{'D4'},{'D1'},{'D3'},{'D2'},{'R2'},{'R3'},{'R1'},&,3.0,&
{'D6'},{'D5'},{'D7'},{'D4'},{'D1'},{'D3'},{'D2'},{'R2'},{'R1'},{'R3'},&,5.0,&
{'D6'},{'D5'},{'D7'},{'D4'},{'D1'},{'D3'},{'D2'},{'R3'},{'R2'},{'R1'},&,5.0,&
{'D6'},{'D5'},{'D7'},{'D4'},{'D1'},{'D3'},{'D2'},{'R3'},{'R1'},{'R2'},&,5.0,&
{'D6'},{'D5'},{'D7'},{'D4'},{'D1'},{'R1'},{'D2'},{'D3'},{'R2'},{'R3'},&,1.0,&
{'D6'},{'D5'},{'D7'},{'D4'},{'D1'},{'R3'},{'D2'},{'D3'},{'R1'},{'R2'},&,2.0,&
{'D6'},{'D5'},{'D7'},{'D4'},{'D1'},{'R3'},{'D3'},{'R1'},{'R2'},{'D2'},&,1.0,&
{'D6'},{'D5'},{'D7'},{'D4'},{'D2'},{'D1'},{'R3'},{'D3'},{'R1'},{'R2'},&,1.0,&
{'D6'},{'D5'},{'D7'},{'D4'},{'D2'},{'D1'},{'D3'},{'R1'},{'R3'},{'R2'},&,1.0,&
{'D6'},{'D5'},{'D7'},{'D4'},{'D2'},{'D1'},{'D3'},{'R2'},{'R3'},{'R1'},&,2.0,&
{'D6'},{'D5'},{'D7'},{'D4'},{'D2'},{'D1'},{'D3'},{'R2'},{'R1'},{'R3'},&,2.0,&
{'D6'},{'D5'},{'D7'},{'D4'},{'D2'},{'D1'},{'D3'},{'R3'},{'R2'},{'R1'},&,1.0,&
{'D6'},{'D5'},{'D7'},{'D4'},{'D2'},{'D1'},{'D3'},{'R3'},{'R1'},{'R2'},&,3.0,&
{'D6'},{'D5'},{'D7'},{'D4'},{'D2'},{'D3'},{'R3'},{'D1'},{'R2'},{'R1'},&,1.0,&
{'D6'},{'D5'},{'D7'},{'D4'},{'D2'},{'D3'},{'R3'},{'D1'},{'R1'},{'R2'},&,1.0,&
{'D6'},{'D5'},{'D7'},{'D4'},{'D2'},{'D3'},{'D1'},{'R1'},{'R2'},{'R3'},&,1.0,&
{'D6'},{'D5'},{'D7'},{'D4'},{'D2'},{'D3'},{'D1'},{'R1'},{'R3'},{'R2'},&,2.0,&
{'D6'},{'D5'},{'D7'},{'D4'},{'D2'},{'D3'},{'D1'},{'R2'},{'R3'},{'R1'},&,4.0,&
{'D6'},{'D5'},{'D7'},{'D4'},{'D2'},{'D3'},{'D1'},{'R2'},{'R1'},{'R3'},&,1.0,&
{'D6'},{'D5'},{'D7'},{'D4'},{'D2'},{'D3'},{'D1'},{'R3'},{'R2'},{'R1'},&,11.0,&
{'D6'},{'D5'},{'D7'},{'D4'},{'D2'},{'D3'},{'D1'},{'R3'},{'R1'},{'R2'},&,9.0,&
{'D6'},{'D5'},{'D7'},{'D4'},{'D2'},{'D3'},{'R2'},{'R3'},{'D1'},{'R1'},&,1.0,&
{'D6'},{'D5'},{'D7'},{'D4'},{'D2'},{'D3'},{'R2'},{'D1'},{'R3'},{'R1'},&,2.0,&
{'D6'},{'D5'},{'D7'},{'D4'},{'D2'},{'D3'},{'R2'},{'D1'},{'R1'},{'R3'},&,1.0,&
{'D6'},{'D5'},{'D7'},{'D4'},{'D2'},{'D3'},{'R1'},{'D1'},{'R2'},{'R3'},&,1.0,&
{'D6'},{'D5'},{'D7'},{'D4'},{'D2'},{'D3'},{'R1'},{'D1'},{'R3'},{'R2'},&,1.0,&
{'D6'},{'D5'},{'D7'},{'D4'},{'D2'},{'R2'},{'D3'},{'D1'},{'R3'},{'R1'},&,1.0,&
{'D6'},{'D5'},{'D7'},{'D4'},{'D2'},{'R3'},{'D1'},{'R1'},{'D3'},{'R2'},&,1.0,&
{'D6'},{'D5'},{'D7'},{'D4'},{'D2'},{'R3'},{'D3'},{'D1'},{'R2'},{'R1'},&,1.0,&
{'D6'},{'D5'},{'D7'},{'D4'},{'D2'},{'R3'},{'D3'},{'D1'},{'R1'},{'R2'},&,1.0,&
{'D6'},{'D5'},{'D7'},{'D4'},{'D3'},{'D1'},{'R3'},{'D2'},{'R2'},{'R1'},&,2.0,&
{'D6'},{'D5'},{'D7'},{'D4'},{'D3'},{'D1'},{'R3'},{'D2'},{'R1'},{'R2'},&,2.0,&
{'D6'},{'D5'},{'D7'},{'D4'},{'D3'},{'D1'},{'R3'},{'R1'},{'D2'},{'R2'},&,1.0,&
{'D6'},{'D5'},{'D7'},{'D4'},{'D3'},{'D1'},{'R3'},{'R2'},{'R1'},{'D2'},&,1.0,&
{'D6'},{'D5'},{'D7'},{'D4'},{'D3'},{'D1'},{'R3'},{'R2'},{'D2'},{'R1'},&,1.0,&
{'D6'},{'D5'},{'D7'},{'D4'},{'D3'},{'D1'},{'D2'},{'R1'},{'R2'},{'R3'},&,2.0,&
{'D6'},{'D5'},{'D7'},{'D4'},{'D3'},{'D1'},{'D2'},{'R1'},{'R3'},{'R2'},&,7.0,&
{'D6'},{'D5'},{'D7'},{'D4'},{'D3'},{'D1'},{'D2'},{'R2'},{'R3'},{'R1'},&,8.0,&
{'D6'},{'D5'},{'D7'},{'D4'},{'D3'},{'D1'},{'D2'},{'R3'},{'R2'},{'R1'},&,8.0,&
{'D6'},{'D5'},{'D7'},{'D4'},{'D3'},{'D1'},{'D2'},{'R3'},{'R1'},{'R2'},&,16.0,&
{'D6'},{'D5'},{'D7'},{'D4'},{'D3'},{'D1'},{'R2'},{'D2'},{'R3'},{'R1'},&,1.0,&
{'D6'},{'D5'},{'D7'},{'D4'},{'D3'},{'D1'},{'R1'},{'D2'},{'R3'},{'R2'},&,1.0,&
{'D6'},{'D5'},{'D7'},{'D4'},{'D3'},{'D1'},{'R1'},{'R3'},{'D2'},{'R2'},&,1.0,&
{'D6'},{'D5'},{'D7'},{'D4'},{'D3'},{'D2'},{'R3'},{'D1'},{'R2'},{'R1'},&,4.0,&
{'D6'},{'D5'},{'D7'},{'D4'},{'D3'},{'D2'},{'R3'},{'D1'},{'R1'},{'R2'},&,4.0,&
{'D6'},{'D5'},{'D7'},{'D4'},{'D3'},{'D2'},{'D1'},{'R1'},{'R2'},{'R3'},&,2.0,&
{'D6'},{'D5'},{'D7'},{'D4'},{'D3'},{'D2'},{'D1'},{'R1'},{'R3'},{'R2'},&,6.0,&
{'D6'},{'D5'},{'D7'},{'D4'},{'D3'},{'D2'},{'D1'},{'R2'},{'R3'},{'R1'},&,5.0,&
{'D6'},{'D5'},{'D7'},{'D4'},{'D3'},{'D2'},{'D1'},{'R2'},{'R1'},{'R3'},&,3.0,&
{'D6'},{'D5'},{'D7'},{'D4'},{'D3'},{'D2'},{'D1'},{'R3'},{'R2'},{'R1'},&,7.0,&
{'D6'},{'D5'},{'D7'},{'D4'},{'D3'},{'D2'},{'D1'},{'R3'},{'R1'},{'R2'},&,15.0,&
{'D6'},{'D5'},{'D7'},{'D4'},{'D3'},{'D2'},{'R2'},{'R3'},{'R1'},{'D1'},&,1.0,&
{'D6'},{'D5'},{'D7'},{'D4'},{'D3'},{'D2'},{'R2'},{'R3'},{'D1'},{'R1'},&,1.0,&
{'D6'},{'D5'},{'D7'},{'D4'},{'D3'},{'D2'},{'R2'},{'D1'},{'R3'},{'R1'},&,2.0,&
{'D6'},{'D5'},{'D7'},{'D4'},{'D3'},{'D2'},{'R1'},{'R3'},{'R2'},{'D1'},&,1.0,&
{'D6'},{'D5'},{'D7'},{'D4'},{'D3'},{'D2'},{'R1'},{'D1'},{'R3'},{'R2'},&,3.0,&
{'D6'},{'D5'},{'D7'},{'D4'},{'D3'},{'R1'},{'D2'},{'D1'},{'R2'},{'R3'},&,1.0,&
{'D6'},{'D5'},{'D7'},{'D4'},{'D3'},{'R3'},{'D2'},{'D1'},{'R2'},{'R1'},&,1.0,&
{'D6'},{'D5'},{'D7'},{'D4'},{'D3'},{'R3'},{'D2'},{'D1'},{'R1'},{'R2'},&,1.0,&
{'D6'},{'D5'},{'D7'},{'D4'},{'D3'},{'R3'},{'D1'},{'D2'},{'R1'},{'R2'},&,2.0,&
{'D6'},{'D5'},{'D7'},{'D4'},{'R3'},{'D3'},{'D2'},{'R1'},{'D1'},{'R2'},&,1.0,&
{'D6'},{'D5'},{'D7'},{'D4'},{'R3'},{'D3'},{'D1'},{'D2'},{'R2'},{'R1'},&,1.0,&
{'D6'},{'D5'},{'D7'},{'D4'},{'R2'},{'D1'},{'D3'},{'D2'},{'R3'},{'R1'},&,1.0,&
{'D6'},{'D5'},{'D7'},{'D4'},{'R1'},{'D2'},{'D3'},{'D1'},{'R3'},{'R2'},&,1.0,&
{'D6'},{'D5'},{'D7'},{'R3'},{'D3'},{'D2'},{'D1'},{'R1'},{'R2'},{'D4'},&,1.0,&
{'D6'},{'D5'},{'D2'},{'D7'},{'D1'},{'D4'},{'D3'},{'R2'},{'R3'},{'R1'},&,2.0,&
{'D6'},{'D5'},{'D2'},{'D7'},{'D1'},{'D4'},{'D3'},{'R3'},{'R2'},{'R1'},&,1.0,&
{'D6'},{'D5'},{'D2'},{'D7'},{'D1'},{'D4'},{'D3'},{'R3'},{'R1'},{'R2'},&,3.0,&
{'D6'},{'D5'},{'D2'},{'D7'},{'D1'},{'D3'},{'R3'},{'R1'},{'D4'},{'R2'},&,1.0,&
{'D6'},{'D5'},{'D2'},{'D7'},{'D1'},{'D3'},{'R3'},{'D4'},{'R2'},{'R1'},&,1.0,&
{'D6'},{'D5'},{'D2'},{'D7'},{'D1'},{'D3'},{'D4'},{'R1'},{'R2'},{'R3'},&,1.0,&
{'D6'},{'D5'},{'D2'},{'D7'},{'D1'},{'D3'},{'D4'},{'R1'},{'R3'},{'R2'},&,2.0,&
{'D6'},{'D5'},{'D2'},{'D7'},{'D1'},{'D3'},{'D4'},{'R2'},{'R3'},{'R1'},&,1.0,&
{'D6'},{'D5'},{'D2'},{'D7'},{'D1'},{'D3'},{'D4'},{'R2'},{'R1'},{'R3'},&,2.0,&
{'D6'},{'D5'},{'D2'},{'D7'},{'D1'},{'D3'},{'D4'},{'R3'},{'R2'},{'R1'},&,2.0,&
{'D6'},{'D5'},{'D2'},{'D7'},{'D1'},{'D3'},{'D4'},{'R3'},{'R1'},{'R2'},&,3.0,&
{'D6'},{'D5'},{'D2'},{'D7'},{'D1'},{'D3'},{'R2'},{'D4'},{'R3'},{'R1'},&,1.0,&
{'D6'},{'D5'},{'D2'},{'D7'},{'D1'},{'D3'},{'R1'},{'D4'},{'R3'},{'R2'},&,1.0,&
{'D6'},{'D5'},{'D2'},{'D7'},{'D1'},{'R2'},{'D3'},{'D4'},{'R1'},{'R3'},&,1.0,&
{'D6'},{'D5'},{'D2'},{'D7'},{'D1'},{'R3'},{'D3'},{'D4'},{'R2'},{'R1'},&,1.0,&
{'D6'},{'D5'},{'D2'},{'D7'},{'D1'},{'R3'},{'D3'},{'D4'},{'R1'},{'R2'},&,1.0,&
{'D6'},{'D5'},{'D2'},{'D7'},{'D3'},{'D4'},{'R3'},{'R1'},{'D1'},{'R2'},&,1.0,&
{'D6'},{'D5'},{'D2'},{'D7'},{'D3'},{'D4'},{'R3'},{'D1'},{'R2'},{'R1'},&,1.0,&
{'D6'},{'D5'},{'D2'},{'D7'},{'D3'},{'D4'},{'R3'},{'D1'},{'R1'},{'R2'},&,3.0,&
{'D6'},{'D5'},{'D2'},{'D7'},{'D3'},{'D4'},{'D1'},{'R1'},{'R2'},{'R3'},&,1.0,&
{'D6'},{'D5'},{'D2'},{'D7'},{'D3'},{'D4'},{'D1'},{'R1'},{'R3'},{'R2'},&,5.0,&
{'D6'},{'D5'},{'D2'},{'D7'},{'D3'},{'D4'},{'D1'},{'R2'},{'R3'},{'R1'},&,2.0,&
{'D6'},{'D5'},{'D2'},{'D7'},{'D3'},{'D4'},{'D1'},{'R3'},{'R2'},{'R1'},&,12.0,&
{'D6'},{'D5'},{'D2'},{'D7'},{'D3'},{'D4'},{'D1'},{'R3'},{'R1'},{'R2'},&,11.0,&
{'D6'},{'D5'},{'D2'},{'D7'},{'D3'},{'D4'},{'R2'},{'D1'},{'R3'},{'R1'},&,1.0,&
{'D6'},{'D5'},{'D2'},{'D7'},{'D3'},{'D4'},{'R1'},{'D1'},{'R2'},{'R3'},&,1.0,&
{'D6'},{'D5'},{'D2'},{'D7'},{'D3'},{'D4'},{'R1'},{'D1'},{'R3'},{'R2'},&,1.0,&
{'D6'},{'D5'},{'D2'},{'D7'},{'D3'},{'D1'},{'R3'},{'R2'},{'D4'},{'R1'},&,1.0,&
{'D6'},{'D5'},{'D2'},{'D7'},{'D3'},{'D1'},{'R3'},{'D4'},{'R2'},{'R1'},&,1.0,&
{'D6'},{'D5'},{'D2'},{'D7'},{'D3'},{'D1'},{'R3'},{'D4'},{'R1'},{'R2'},&,1.0,&
{'D6'},{'D5'},{'D2'},{'D7'},{'D3'},{'D1'},{'D4'},{'R1'},{'R3'},{'R2'},&,5.0,&
{'D6'},{'D5'},{'D2'},{'D7'},{'D3'},{'D1'},{'D4'},{'R2'},{'R3'},{'R1'},&,2.0,&
{'D6'},{'D5'},{'D2'},{'D7'},{'D3'},{'D1'},{'D4'},{'R2'},{'R1'},{'R3'},&,1.0,&
{'D6'},{'D5'},{'D2'},{'D7'},{'D3'},{'D1'},{'D4'},{'R3'},{'R2'},{'R1'},&,4.0,&
{'D6'},{'D5'},{'D2'},{'D7'},{'D3'},{'D1'},{'D4'},{'R3'},{'R1'},{'R2'},&,3.0,&
{'D6'},{'D5'},{'D2'},{'D7'},{'D3'},{'D1'},{'R2'},{'D4'},{'R3'},{'R1'},&,2.0,&
{'D6'},{'D5'},{'D2'},{'D7'},{'D3'},{'D1'},{'R1'},{'R2'},{'D4'},{'R3'},&,2.0,&
{'D6'},{'D5'},{'D2'},{'D7'},{'D3'},{'D1'},{'R1'},{'D4'},{'R3'},{'R2'},&,1.0,&
{'D6'},{'D5'},{'D2'},{'D7'},{'D3'},{'R2'},{'D1'},{'D4'},{'R1'},{'R3'},&,1.0,&
{'D6'},{'D5'},{'D2'},{'D7'},{'D3'},{'R1'},{'D1'},{'D4'},{'R2'},{'R3'},&,1.0,&
{'D6'},{'D5'},{'D2'},{'D7'},{'D3'},{'R1'},{'D4'},{'D1'},{'R3'},{'R2'},&,1.0,&
{'D6'},{'D5'},{'D2'},{'D7'},{'D4'},{'D1'},{'R3'},{'D3'},{'R1'},{'R2'},&,1.0,&
{'D6'},{'D5'},{'D2'},{'D7'},{'D4'},{'D1'},{'R2'},{'D3'},{'R1'},{'R3'},&,1.0,&
{'D6'},{'D5'},{'D2'},{'D7'},{'D4'},{'D1'},{'D3'},{'R1'},{'R2'},{'R3'},&,1.0,&
{'D6'},{'D5'},{'D2'},{'D7'},{'D4'},{'D1'},{'D3'},{'R1'},{'R3'},{'R2'},&,2.0,&
{'D6'},{'D5'},{'D2'},{'D7'},{'D4'},{'D1'},{'D3'},{'R3'},{'R2'},{'R1'},&,1.0,&
{'D6'},{'D5'},{'D2'},{'D7'},{'D4'},{'D1'},{'D3'},{'R3'},{'R1'},{'R2'},&,2.0,&
{'D6'},{'D5'},{'D2'},{'D7'},{'D4'},{'D3'},{'R3'},{'R2'},{'D1'},{'R1'},&,1.0,&
{'D6'},{'D5'},{'D2'},{'D7'},{'D4'},{'D3'},{'R3'},{'D1'},{'R1'},{'R2'},&,3.0,&
{'D6'},{'D5'},{'D2'},{'D7'},{'D4'},{'D3'},{'D1'},{'R1'},{'R2'},{'R3'},&,2.0,&
{'D6'},{'D5'},{'D2'},{'D7'},{'D4'},{'D3'},{'D1'},{'R1'},{'R3'},{'R2'},&,2.0,&
{'D6'},{'D5'},{'D2'},{'D7'},{'D4'},{'D3'},{'D1'},{'R2'},{'R3'},{'R1'},&,4.0,&
{'D6'},{'D5'},{'D2'},{'D7'},{'D4'},{'D3'},{'D1'},{'R2'},{'R1'},{'R3'},&,1.0,&
{'D6'},{'D5'},{'D2'},{'D7'},{'D4'},{'D3'},{'D1'},{'R3'},{'R2'},{'R1'},&,4.0,&
{'D6'},{'D5'},{'D2'},{'D7'},{'D4'},{'D3'},{'D1'},{'R3'},{'R1'},{'R2'},&,3.0,&
{'D6'},{'D5'},{'D2'},{'D7'},{'D4'},{'D3'},{'R2'},{'R3'},{'D1'},{'R1'},&,1.0,&
{'D6'},{'D5'},{'D2'},{'D7'},{'D4'},{'D3'},{'R1'},{'D1'},{'R3'},{'R2'},&,1.0,&
{'D6'},{'D5'},{'D2'},{'D7'},{'D4'},{'R2'},{'D3'},{'D1'},{'R3'},{'R1'},&,1.0,&
{'D6'},{'D5'},{'D2'},{'D7'},{'D4'},{'R3'},{'D1'},{'R2'},{'D3'},{'R1'},&,1.0,&
{'D6'},{'D5'},{'D2'},{'D7'},{'D4'},{'R3'},{'D1'},{'D3'},{'R2'},{'R1'},&,1.0,&
{'D6'},{'D5'},{'D2'},{'D1'},{'D7'},{'D4'},{'R3'},{'D3'},{'R2'},{'R1'},&,1.0,&
{'D6'},{'D5'},{'D2'},{'D1'},{'D7'},{'D4'},{'R3'},{'D3'},{'R1'},{'R2'},&,1.0,&
{'D6'},{'D5'},{'D2'},{'D1'},{'D7'},{'D4'},{'D3'},{'R1'},{'R3'},{'R2'},&,1.0,&
{'D6'},{'D5'},{'D2'},{'D1'},{'D7'},{'D4'},{'D3'},{'R2'},{'R3'},{'R1'},&,1.0,&
{'D6'},{'D5'},{'D2'},{'D1'},{'D7'},{'D4'},{'D3'},{'R3'},{'R1'},{'R2'},&,2.0,&
{'D6'},{'D5'},{'D2'},{'D1'},{'D7'},{'D3'},{'R3'},{'D4'},{'R2'},{'R1'},&,2.0,&
{'D6'},{'D5'},{'D2'},{'D1'},{'D7'},{'D3'},{'R3'},{'D4'},{'R1'},{'R2'},&,2.0,&
{'D6'},{'D5'},{'D2'},{'D1'},{'D7'},{'D3'},{'D4'},{'R1'},{'R2'},{'R3'},&,1.0,&
{'D6'},{'D5'},{'D2'},{'D1'},{'D7'},{'D3'},{'D4'},{'R1'},{'R3'},{'R2'},&,1.0,&
{'D6'},{'D5'},{'D2'},{'D1'},{'D7'},{'D3'},{'D4'},{'R2'},{'R3'},{'R1'},&,1.0,&
{'D6'},{'D5'},{'D2'},{'D1'},{'D7'},{'D3'},{'D4'},{'R3'},{'R2'},{'R1'},&,3.0,&
{'D6'},{'D5'},{'D2'},{'D1'},{'D7'},{'D3'},{'D4'},{'R3'},{'R1'},{'R2'},&,2.0,&
{'D6'},{'D5'},{'D2'},{'D1'},{'D7'},{'D3'},{'R2'},{'R3'},{'D4'},{'R1'},&,1.0,&
{'D6'},{'D5'},{'D2'},{'D1'},{'D7'},{'D3'},{'R1'},{'R3'},{'D4'},{'R2'},&,1.0,&
{'D6'},{'D5'},{'D2'},{'D1'},{'D7'},{'D3'},{'R1'},{'D4'},{'R3'},{'R2'},&,1.0,&
{'D6'},{'D5'},{'D2'},{'D1'},{'D7'},{'R3'},{'D3'},{'D4'},{'R2'},{'R1'},&,1.0,&
{'D6'},{'D5'},{'D2'},{'D1'},{'D3'},{'D4'},{'R3'},{'R1'},{'D7'},{'R2'},&,1.0,&
{'D6'},{'D5'},{'D2'},{'D1'},{'D3'},{'D4'},{'R3'},{'D7'},{'R1'},{'R2'},&,1.0,&
{'D6'},{'D5'},{'D2'},{'D1'},{'D3'},{'D4'},{'R2'},{'R1'},{'D7'},{'R3'},&,1.0,&
{'D6'},{'D5'},{'D2'},{'D1'},{'D3'},{'D4'},{'R2'},{'D7'},{'R3'},{'R1'},&,1.0,&
{'D6'},{'D5'},{'D2'},{'D1'},{'D3'},{'D4'},{'D7'},{'R1'},{'R2'},{'R3'},&,1.0,&
{'D6'},{'D5'},{'D2'},{'D1'},{'D3'},{'D4'},{'D7'},{'R2'},{'R3'},{'R1'},&,5.0,&
{'D6'},{'D5'},{'D2'},{'D1'},{'D3'},{'D4'},{'D7'},{'R3'},{'R2'},{'R1'},&,1.0,&
{'D6'},{'D5'},{'D2'},{'D1'},{'D3'},{'D4'},{'D7'},{'R3'},{'R1'},{'R2'},&,3.0,&
{'D6'},{'D5'},{'D2'},{'D1'},{'D3'},{'D4'},{'R1'},{'D7'},{'R2'},{'R3'},&,1.0,&
{'D6'},{'D5'},{'D2'},{'D1'},{'D3'},{'D7'},{'R3'},{'D4'},{'R2'},{'R1'},&,1.0,&
{'D6'},{'D5'},{'D2'},{'D1'},{'D3'},{'D7'},{'D4'},{'R1'},{'R2'},{'R3'},&,1.0,&
{'D6'},{'D5'},{'D2'},{'D1'},{'D3'},{'D7'},{'D4'},{'R1'},{'R3'},{'R2'},&,2.0,&
{'D6'},{'D5'},{'D2'},{'D1'},{'D3'},{'D7'},{'D4'},{'R2'},{'R3'},{'R1'},&,1.0,&
{'D6'},{'D5'},{'D2'},{'D1'},{'D3'},{'D7'},{'D4'},{'R2'},{'R1'},{'R3'},&,2.0,&
{'D6'},{'D5'},{'D2'},{'D1'},{'D3'},{'D7'},{'D4'},{'R3'},{'R2'},{'R1'},&,2.0,&
{'D6'},{'D5'},{'D2'},{'D1'},{'D3'},{'D7'},{'D4'},{'R3'},{'R1'},{'R2'},&,5.0,&
{'D6'},{'D5'},{'D2'},{'D1'},{'D3'},{'D7'},{'R1'},{'D4'},{'R3'},{'R2'},&,1.0,&
{'D6'},{'D5'},{'D2'},{'D1'},{'D3'},{'R1'},{'D4'},{'D7'},{'R3'},{'R2'},&,1.0,&
{'D6'},{'D5'},{'D2'},{'D1'},{'D3'},{'R3'},{'D4'},{'D7'},{'R1'},{'R2'},&,1.0,&
{'D6'},{'D5'},{'D2'},{'D1'},{'D3'},{'R3'},{'D7'},{'D4'},{'R2'},{'R1'},&,1.0,&
{'D6'},{'D5'},{'D2'},{'D1'},{'D4'},{'D7'},{'R3'},{'R1'},{'D3'},{'R2'},&,1.0,&
{'D6'},{'D5'},{'D2'},{'D1'},{'D4'},{'D7'},{'R3'},{'D3'},{'R1'},{'R2'},&,1.0,&
{'D6'},{'D5'},{'D2'},{'D1'},{'D4'},{'D7'},{'D3'},{'R2'},{'R3'},{'R1'},&,1.0,&
{'D6'},{'D5'},{'D2'},{'D1'},{'D4'},{'D7'},{'D3'},{'R3'},{'R1'},{'R2'},&,1.0,&
{'D6'},{'D5'},{'D2'},{'D1'},{'D4'},{'D3'},{'R3'},{'D7'},{'R2'},{'R1'},&,1.0,&
{'D6'},{'D5'},{'D2'},{'D1'},{'D4'},{'D3'},{'R3'},{'D7'},{'R1'},{'R2'},&,2.0,&
{'D6'},{'D5'},{'D2'},{'D1'},{'D4'},{'D3'},{'R2'},{'D7'},{'R3'},{'R1'},&,2.0,&
{'D6'},{'D5'},{'D2'},{'D1'},{'D4'},{'D3'},{'D7'},{'R1'},{'R2'},{'R3'},&,2.0,&
{'D6'},{'D5'},{'D2'},{'D1'},{'D4'},{'D3'},{'D7'},{'R1'},{'R3'},{'R2'},&,1.0,&
{'D6'},{'D5'},{'D2'},{'D1'},{'D4'},{'D3'},{'D7'},{'R2'},{'R3'},{'R1'},&,4.0,&
{'D6'},{'D5'},{'D2'},{'D1'},{'D4'},{'D3'},{'D7'},{'R2'},{'R1'},{'R3'},&,1.0,&
{'D6'},{'D5'},{'D2'},{'D1'},{'D4'},{'D3'},{'D7'},{'R3'},{'R2'},{'R1'},&,3.0,&
{'D6'},{'D5'},{'D2'},{'D1'},{'D4'},{'D3'},{'D7'},{'R3'},{'R1'},{'R2'},&,4.0,&
{'D6'},{'D5'},{'D2'},{'D1'},{'D4'},{'R1'},{'D7'},{'D3'},{'R2'},{'R3'},&,1.0,&
{'D6'},{'D5'},{'D2'},{'D1'},{'D4'},{'R1'},{'D3'},{'D7'},{'R2'},{'R3'},&,1.0,&
{'D6'},{'D5'},{'D2'},{'D1'},{'R2'},{'D3'},{'D7'},{'R3'},{'D4'},{'R1'},&,1.0,&
{'D6'},{'D5'},{'D2'},{'D3'},{'D1'},{'D4'},{'R3'},{'D7'},{'R1'},{'R2'},&,2.0,&
{'D6'},{'D5'},{'D2'},{'D3'},{'D1'},{'D4'},{'D7'},{'R1'},{'R2'},{'R3'},&,4.0,&
{'D6'},{'D5'},{'D2'},{'D3'},{'D1'},{'D4'},{'D7'},{'R1'},{'R3'},{'R2'},&,2.0,&
{'D6'},{'D5'},{'D2'},{'D3'},{'D1'},{'D4'},{'D7'},{'R2'},{'R3'},{'R1'},&,1.0,&
{'D6'},{'D5'},{'D2'},{'D3'},{'D1'},{'D4'},{'D7'},{'R3'},{'R2'},{'R1'},&,5.0,&
{'D6'},{'D5'},{'D2'},{'D3'},{'D1'},{'D4'},{'D7'},{'R3'},{'R1'},{'R2'},&,8.0,&
{'D6'},{'D5'},{'D2'},{'D3'},{'D1'},{'D7'},{'R3'},{'D4'},{'R1'},{'R2'},&,3.0,&
{'D6'},{'D5'},{'D2'},{'D3'},{'D1'},{'D7'},{'D4'},{'R1'},{'R2'},{'R3'},&,2.0,&
{'D6'},{'D5'},{'D2'},{'D3'},{'D1'},{'D7'},{'D4'},{'R1'},{'R3'},{'R2'},&,2.0,&
{'D6'},{'D5'},{'D2'},{'D3'},{'D1'},{'D7'},{'D4'},{'R2'},{'R3'},{'R1'},&,4.0,&
{'D6'},{'D5'},{'D2'},{'D3'},{'D1'},{'D7'},{'D4'},{'R3'},{'R2'},{'R1'},&,5.0,&
{'D6'},{'D5'},{'D2'},{'D3'},{'D1'},{'D7'},{'D4'},{'R3'},{'R1'},{'R2'},&,12.0,&
{'D6'},{'D5'},{'D2'},{'D3'},{'D1'},{'D7'},{'R2'},{'D4'},{'R3'},{'R1'},&,1.0,&
{'D6'},{'D5'},{'D2'},{'D3'},{'D1'},{'D7'},{'R1'},{'R3'},{'R2'},{'D4'},&,1.0,&
{'D6'},{'D5'},{'D2'},{'D3'},{'D1'},{'D7'},{'R1'},{'R3'},{'D4'},{'R2'},&,2.0,&
{'D6'},{'D5'},{'D2'},{'D3'},{'D1'},{'D7'},{'R1'},{'D4'},{'R3'},{'R2'},&,2.0,&
{'D6'},{'D5'},{'D2'},{'D3'},{'D1'},{'R1'},{'D7'},{'R2'},{'D4'},{'R3'},&,1.0,&
{'D6'},{'D5'},{'D2'},{'D3'},{'D1'},{'R3'},{'D4'},{'D7'},{'R2'},{'R1'},&,1.0,&
{'D6'},{'D5'},{'D2'},{'D3'},{'D1'},{'R3'},{'D4'},{'D7'},{'R1'},{'R2'},&,2.0,&
{'D6'},{'D5'},{'D2'},{'D3'},{'D7'},{'D4'},{'R3'},{'R2'},{'D1'},{'R1'},&,2.0,&
{'D6'},{'D5'},{'D2'},{'D3'},{'D7'},{'D4'},{'R3'},{'D1'},{'R1'},{'R2'},&,2.0,&
{'D6'},{'D5'},{'D2'},{'D3'},{'D7'},{'D4'},{'D1'},{'R1'},{'R2'},{'R3'},&,4.0,&
{'D6'},{'D5'},{'D2'},{'D3'},{'D7'},{'D4'},{'D1'},{'R1'},{'R3'},{'R2'},&,7.0,&
{'D6'},{'D5'},{'D2'},{'D3'},{'D7'},{'D4'},{'D1'},{'R2'},{'R3'},{'R1'},&,5.0,&
{'D6'},{'D5'},{'D2'},{'D3'},{'D7'},{'D4'},{'D1'},{'R2'},{'R1'},{'R3'},&,2.0,&
{'D6'},{'D5'},{'D2'},{'D3'},{'D7'},{'D4'},{'D1'},{'R3'},{'R2'},{'R1'},&,10.0,&
{'D6'},{'D5'},{'D2'},{'D3'},{'D7'},{'D4'},{'D1'},{'R3'},{'R1'},{'R2'},&,8.0,&
{'D6'},{'D5'},{'D2'},{'D3'},{'D7'},{'D4'},{'R1'},{'D1'},{'R3'},{'R2'},&,3.0,&
{'D6'},{'D5'},{'D2'},{'D3'},{'D7'},{'D1'},{'R3'},{'R1'},{'D4'},{'R2'},&,3.0,&
{'D6'},{'D5'},{'D2'},{'D3'},{'D7'},{'D1'},{'R3'},{'D4'},{'R1'},{'R2'},&,2.0,&
{'D6'},{'D5'},{'D2'},{'D3'},{'D7'},{'D1'},{'D4'},{'R1'},{'R2'},{'R3'},&,1.0,&
{'D6'},{'D5'},{'D2'},{'D3'},{'D7'},{'D1'},{'D4'},{'R1'},{'R3'},{'R2'},&,9.0,&
{'D6'},{'D5'},{'D2'},{'D3'},{'D7'},{'D1'},{'D4'},{'R2'},{'R1'},{'R3'},&,1.0,&
{'D6'},{'D5'},{'D2'},{'D3'},{'D7'},{'D1'},{'D4'},{'R3'},{'R2'},{'R1'},&,2.0,&
{'D6'},{'D5'},{'D2'},{'D3'},{'D7'},{'D1'},{'D4'},{'R3'},{'R1'},{'R2'},&,7.0,&
{'D6'},{'D5'},{'D2'},{'D3'},{'D7'},{'D1'},{'R2'},{'R1'},{'D4'},{'R3'},&,1.0,&
{'D6'},{'D5'},{'D2'},{'D3'},{'D7'},{'D1'},{'R2'},{'R3'},{'R1'},{'D4'},&,1.0,&
{'D6'},{'D5'},{'D2'},{'D3'},{'D7'},{'D1'},{'R2'},{'D4'},{'R3'},{'R1'},&,2.0,&
{'D6'},{'D5'},{'D2'},{'D3'},{'D7'},{'D1'},{'R2'},{'D4'},{'R1'},{'R3'},&,1.0,&
{'D6'},{'D5'},{'D2'},{'D3'},{'D7'},{'R1'},{'D1'},{'D4'},{'R2'},{'R3'},&,1.0,&
{'D6'},{'D5'},{'D2'},{'D3'},{'D7'},{'R1'},{'D1'},{'D4'},{'R3'},{'R2'},&,1.0,&
{'D6'},{'D5'},{'D2'},{'D3'},{'D7'},{'R1'},{'D4'},{'D1'},{'R3'},{'R2'},&,1.0,&
{'D6'},{'D5'},{'D2'},{'D3'},{'D7'},{'R3'},{'D1'},{'D4'},{'R2'},{'R1'},&,1.0,&
{'D6'},{'D5'},{'D2'},{'D3'},{'D7'},{'R3'},{'D4'},{'D1'},{'R2'},{'R1'},&,1.0,&
{'D6'},{'D5'},{'D2'},{'D3'},{'D4'},{'D7'},{'R3'},{'R2'},{'R1'},{'D1'},&,2.0,&
{'D6'},{'D5'},{'D2'},{'D3'},{'D4'},{'D7'},{'R3'},{'D1'},{'R2'},{'R1'},&,3.0,&
{'D6'},{'D5'},{'D2'},{'D3'},{'D4'},{'D7'},{'R3'},{'D1'},{'R1'},{'R2'},&,2.0,&
{'D6'},{'D5'},{'D2'},{'D3'},{'D4'},{'D7'},{'D1'},{'R1'},{'R2'},{'R3'},&,5.0,&
{'D6'},{'D5'},{'D2'},{'D3'},{'D4'},{'D7'},{'D1'},{'R1'},{'R3'},{'R2'},&,4.0,&
{'D6'},{'D5'},{'D2'},{'D3'},{'D4'},{'D7'},{'D1'},{'R2'},{'R3'},{'R1'},&,7.0,&
{'D6'},{'D5'},{'D2'},{'D3'},{'D4'},{'D7'},{'D1'},{'R2'},{'R1'},{'R3'},&,2.0,&
{'D6'},{'D5'},{'D2'},{'D3'},{'D4'},{'D7'},{'D1'},{'R3'},{'R2'},{'R1'},&,8.0,&
{'D6'},{'D5'},{'D2'},{'D3'},{'D4'},{'D7'},{'D1'},{'R3'},{'R1'},{'R2'},&,11.0,&
{'D6'},{'D5'},{'D2'},{'D3'},{'D4'},{'D7'},{'R2'},{'D1'},{'R3'},{'R1'},&,2.0,&
{'D6'},{'D5'},{'D2'},{'D3'},{'D4'},{'D7'},{'R1'},{'R3'},{'R2'},{'D1'},&,1.0,&
{'D6'},{'D5'},{'D2'},{'D3'},{'D4'},{'D7'},{'R1'},{'D1'},{'R3'},{'R2'},&,1.0,&
{'D6'},{'D5'},{'D2'},{'D3'},{'D4'},{'D1'},{'R2'},{'D7'},{'R3'},{'R1'},&,1.0,&
{'D6'},{'D5'},{'D2'},{'D3'},{'D4'},{'D1'},{'R2'},{'D7'},{'R1'},{'R3'},&,1.0,&
{'D6'},{'D5'},{'D2'},{'D3'},{'D4'},{'D1'},{'D7'},{'R1'},{'R2'},{'R3'},&,3.0,&
{'D6'},{'D5'},{'D2'},{'D3'},{'D4'},{'D1'},{'D7'},{'R1'},{'R3'},{'R2'},&,3.0,&
{'D6'},{'D5'},{'D2'},{'D3'},{'D4'},{'D1'},{'D7'},{'R2'},{'R3'},{'R1'},&,1.0,&
{'D6'},{'D5'},{'D2'},{'D3'},{'D4'},{'D1'},{'D7'},{'R2'},{'R1'},{'R3'},&,1.0,&
{'D6'},{'D5'},{'D2'},{'D3'},{'D4'},{'D1'},{'D7'},{'R3'},{'R2'},{'R1'},&,4.0,&
{'D6'},{'D5'},{'D2'},{'D3'},{'D4'},{'D1'},{'D7'},{'R3'},{'R1'},{'R2'},&,9.0,&
{'D6'},{'D5'},{'D2'},{'D3'},{'D4'},{'R1'},{'D7'},{'D1'},{'R2'},{'R3'},&,1.0,&
{'D6'},{'D5'},{'D2'},{'D3'},{'D4'},{'R1'},{'D7'},{'D1'},{'R3'},{'R2'},&,2.0,&
{'D6'},{'D5'},{'D2'},{'D3'},{'D4'},{'R3'},{'R2'},{'D7'},{'D1'},{'R1'},&,1.0,&
{'D6'},{'D5'},{'D2'},{'D3'},{'D4'},{'R3'},{'D7'},{'R1'},{'D1'},{'R2'},&,1.0,&
{'D6'},{'D5'},{'D2'},{'D3'},{'D4'},{'R3'},{'D7'},{'D1'},{'R2'},{'R1'},&,1.0,&
{'D6'},{'D5'},{'D2'},{'D3'},{'D4'},{'R3'},{'D7'},{'D1'},{'R1'},{'R2'},&,1.0,&
{'D6'},{'D5'},{'D2'},{'D3'},{'R2'},{'D7'},{'D1'},{'D4'},{'R3'},{'R1'},&,1.0,&
{'D6'},{'D5'},{'D2'},{'D4'},{'D1'},{'D7'},{'R3'},{'D3'},{'R2'},{'R1'},&,1.0,&
{'D6'},{'D5'},{'D2'},{'D4'},{'D1'},{'D7'},{'D3'},{'R1'},{'R2'},{'R3'},&,1.0,&
{'D6'},{'D5'},{'D2'},{'D4'},{'D1'},{'D7'},{'D3'},{'R1'},{'R3'},{'R2'},&,2.0,&
{'D6'},{'D5'},{'D2'},{'D4'},{'D1'},{'D7'},{'D3'},{'R2'},{'R1'},{'R3'},&,1.0,&
{'D6'},{'D5'},{'D2'},{'D4'},{'D1'},{'D7'},{'D3'},{'R3'},{'R2'},{'R1'},&,2.0,&
{'D6'},{'D5'},{'D2'},{'D4'},{'D1'},{'D7'},{'D3'},{'R3'},{'R1'},{'R2'},&,1.0,&
{'D6'},{'D5'},{'D2'},{'D4'},{'D1'},{'D7'},{'R1'},{'D3'},{'R3'},{'R2'},&,1.0,&
{'D6'},{'D5'},{'D2'},{'D4'},{'D1'},{'D3'},{'R3'},{'R2'},{'D7'},{'R1'},&,1.0,&
{'D6'},{'D5'},{'D2'},{'D4'},{'D1'},{'D3'},{'D7'},{'R1'},{'R3'},{'R2'},&,2.0,&
{'D6'},{'D5'},{'D2'},{'D4'},{'D1'},{'D3'},{'D7'},{'R3'},{'R2'},{'R1'},&,2.0,&
{'D6'},{'D5'},{'D2'},{'D4'},{'D1'},{'D3'},{'R1'},{'D7'},{'R3'},{'R2'},&,1.0,&
{'D6'},{'D5'},{'D2'},{'D4'},{'D1'},{'R3'},{'D7'},{'R1'},{'D3'},{'R2'},&,1.0,&
{'D6'},{'D5'},{'D2'},{'D4'},{'D1'},{'R3'},{'D3'},{'D7'},{'R2'},{'R1'},&,1.0,&
{'D6'},{'D5'},{'D2'},{'D4'},{'D7'},{'D1'},{'R3'},{'D3'},{'R2'},{'R1'},&,1.0,&
{'D6'},{'D5'},{'D2'},{'D4'},{'D7'},{'D1'},{'R3'},{'D3'},{'R1'},{'R2'},&,1.0,&
{'D6'},{'D5'},{'D2'},{'D4'},{'D7'},{'D1'},{'D3'},{'R3'},{'R1'},{'R2'},&,1.0,&
{'D6'},{'D5'},{'D2'},{'D4'},{'D7'},{'D3'},{'R3'},{'R2'},{'D1'},{'R1'},&,1.0,&
{'D6'},{'D5'},{'D2'},{'D4'},{'D7'},{'D3'},{'R3'},{'D1'},{'R2'},{'R1'},&,3.0,&
{'D6'},{'D5'},{'D2'},{'D4'},{'D7'},{'D3'},{'D1'},{'R1'},{'R2'},{'R3'},&,2.0,&
{'D6'},{'D5'},{'D2'},{'D4'},{'D7'},{'D3'},{'D1'},{'R1'},{'R3'},{'R2'},&,2.0,&
{'D6'},{'D5'},{'D2'},{'D4'},{'D7'},{'D3'},{'D1'},{'R2'},{'R3'},{'R1'},&,2.0,&
{'D6'},{'D5'},{'D2'},{'D4'},{'D7'},{'D3'},{'D1'},{'R3'},{'R2'},{'R1'},&,8.0,&
{'D6'},{'D5'},{'D2'},{'D4'},{'D7'},{'D3'},{'D1'},{'R3'},{'R1'},{'R2'},&,7.0,&
{'D6'},{'D5'},{'D2'},{'D4'},{'D7'},{'D3'},{'R2'},{'D1'},{'R3'},{'R1'},&,1.0,&
{'D6'},{'D5'},{'D2'},{'D4'},{'D7'},{'D3'},{'R1'},{'R2'},{'D1'},{'R3'},&,1.0,&
{'D6'},{'D5'},{'D2'},{'D4'},{'D7'},{'D3'},{'R1'},{'R3'},{'R2'},{'D1'},&,2.0,&
{'D6'},{'D5'},{'D2'},{'D4'},{'D7'},{'D3'},{'R1'},{'D1'},{'R2'},{'R3'},&,1.0,&
{'D6'},{'D5'},{'D2'},{'D4'},{'D7'},{'D3'},{'R1'},{'D1'},{'R3'},{'R2'},&,3.0,&
{'D6'},{'D5'},{'D2'},{'D4'},{'D7'},{'R3'},{'D3'},{'R2'},{'R1'},{'D1'},&,1.0,&
{'D6'},{'D5'},{'D2'},{'D4'},{'D3'},{'D7'},{'R3'},{'R2'},{'D1'},{'R1'},&,1.0,&
{'D6'},{'D5'},{'D2'},{'D4'},{'D3'},{'D7'},{'R3'},{'D1'},{'R2'},{'R1'},&,3.0,&
{'D6'},{'D5'},{'D2'},{'D4'},{'D3'},{'D7'},{'R3'},{'D1'},{'R1'},{'R2'},&,3.0,&
{'D6'},{'D5'},{'D2'},{'D4'},{'D3'},{'D7'},{'D1'},{'R1'},{'R2'},{'R3'},&,1.0,&
{'D6'},{'D5'},{'D2'},{'D4'},{'D3'},{'D7'},{'D1'},{'R1'},{'R3'},{'R2'},&,7.0,&
{'D6'},{'D5'},{'D2'},{'D4'},{'D3'},{'D7'},{'D1'},{'R2'},{'R1'},{'R3'},&,2.0,&
{'D6'},{'D5'},{'D2'},{'D4'},{'D3'},{'D7'},{'D1'},{'R3'},{'R2'},{'R1'},&,5.0,&
{'D6'},{'D5'},{'D2'},{'D4'},{'D3'},{'D7'},{'D1'},{'R3'},{'R1'},{'R2'},&,10.0,&
{'D6'},{'D5'},{'D2'},{'D4'},{'D3'},{'D7'},{'R2'},{'D1'},{'R3'},{'R1'},&,3.0,&
{'D6'},{'D5'},{'D2'},{'D4'},{'D3'},{'D7'},{'R1'},{'D1'},{'R3'},{'R2'},&,2.0,&
{'D6'},{'D5'},{'D2'},{'D4'},{'D3'},{'D1'},{'R3'},{'D7'},{'R1'},{'R2'},&,1.0,&
{'D6'},{'D5'},{'D2'},{'D4'},{'D3'},{'D1'},{'D7'},{'R1'},{'R2'},{'R3'},&,1.0,&
{'D6'},{'D5'},{'D2'},{'D4'},{'D3'},{'D1'},{'D7'},{'R1'},{'R3'},{'R2'},&,4.0,&
{'D6'},{'D5'},{'D2'},{'D4'},{'D3'},{'D1'},{'D7'},{'R2'},{'R3'},{'R1'},&,4.0,&
{'D6'},{'D5'},{'D2'},{'D4'},{'D3'},{'D1'},{'D7'},{'R3'},{'R2'},{'R1'},&,8.0,&
{'D6'},{'D5'},{'D2'},{'D4'},{'D3'},{'D1'},{'D7'},{'R3'},{'R1'},{'R2'},&,2.0,&
{'D6'},{'D5'},{'D2'},{'D4'},{'D3'},{'D1'},{'R1'},{'D7'},{'R3'},{'R2'},&,2.0,&
{'D6'},{'D5'},{'D2'},{'D4'},{'R2'},{'D3'},{'D7'},{'D1'},{'R3'},{'R1'},&,1.0,&
{'D6'},{'D5'},{'D2'},{'D4'},{'R2'},{'D3'},{'D7'},{'D1'},{'R1'},{'R3'},&,1.0,&
{'D6'},{'D5'},{'D2'},{'R2'},{'D3'},{'D7'},{'D1'},{'D4'},{'R3'},{'R1'},&,1.0,&
{'D6'},{'D5'},{'D2'},{'R3'},{'D1'},{'D3'},{'D4'},{'D7'},{'R2'},{'R1'},&,1.0,&
{'D6'},{'D5'},{'D2'},{'R3'},{'D7'},{'D4'},{'D1'},{'D3'},{'R1'},{'R2'},&,1.0,&
{'D6'},{'D5'},{'R3'},{'D7'},{'D4'},{'D1'},{'D3'},{'D2'},{'R1'},{'R2'},&,1.0,&
{'D6'},{'D5'},{'R3'},{'D3'},{'D1'},{'D4'},{'D7'},{'D2'},{'R1'},{'R2'},&,1.0,&
{'D6'},{'D5'},{'R3'},{'D4'},{'D1'},{'D7'},{'D3'},{'D2'},{'R1'},{'R2'},&,1.0,&
{'D6'},{'D1'},{'D4'},{'D7'},{'D2'},{'D5'},{'D3'},{'R3'},{'R1'},{'R2'},&,2.0,&
{'D6'},{'D1'},{'D4'},{'D7'},{'D3'},{'D2'},{'D5'},{'R3'},{'R1'},{'R2'},&,1.0,&
{'D6'},{'D1'},{'D4'},{'D7'},{'D3'},{'D5'},{'D2'},{'R2'},{'R3'},{'R1'},&,2.0,&
{'D6'},{'D1'},{'D4'},{'D7'},{'D3'},{'D5'},{'D2'},{'R2'},{'R1'},{'R3'},&,1.0,&
{'D6'},{'D1'},{'D4'},{'D7'},{'D3'},{'D5'},{'D2'},{'R3'},{'R1'},{'R2'},&,1.0,&
{'D6'},{'D1'},{'D4'},{'D7'},{'D3'},{'R3'},{'D5'},{'D2'},{'R2'},{'R1'},&,1.0,&
{'D6'},{'D1'},{'D4'},{'D7'},{'D5'},{'D2'},{'R3'},{'R2'},{'D3'},{'R1'},&,1.0,&
{'D6'},{'D1'},{'D4'},{'D7'},{'D5'},{'D2'},{'D3'},{'R3'},{'R2'},{'R1'},&,1.0,&
{'D6'},{'D1'},{'D4'},{'D7'},{'D5'},{'D2'},{'D3'},{'R3'},{'R1'},{'R2'},&,1.0,&
{'D6'},{'D1'},{'D4'},{'D7'},{'D5'},{'D3'},{'D2'},{'R2'},{'R3'},{'R1'},&,2.0,&
{'D6'},{'D1'},{'D4'},{'D7'},{'D5'},{'D3'},{'D2'},{'R3'},{'R2'},{'R1'},&,1.0,&
{'D6'},{'D1'},{'D4'},{'D7'},{'D5'},{'D3'},{'D2'},{'R3'},{'R1'},{'R2'},&,3.0,&
{'D6'},{'D1'},{'D4'},{'D7'},{'D5'},{'R3'},{'D3'},{'D2'},{'R1'},{'R2'},&,1.0,&
{'D6'},{'D1'},{'D4'},{'D2'},{'D7'},{'D5'},{'D3'},{'R2'},{'R1'},{'R3'},&,1.0,&
{'D6'},{'D1'},{'D4'},{'D2'},{'D7'},{'D5'},{'D3'},{'R3'},{'R2'},{'R1'},&,1.0,&
{'D6'},{'D1'},{'D4'},{'D2'},{'D3'},{'D7'},{'D5'},{'R3'},{'R1'},{'R2'},&,1.0,&
{'D6'},{'D1'},{'D4'},{'D2'},{'D3'},{'D5'},{'D7'},{'R1'},{'R3'},{'R2'},&,2.0,&
{'D6'},{'D1'},{'D4'},{'D2'},{'D3'},{'D5'},{'D7'},{'R2'},{'R3'},{'R1'},&,1.0,&
{'D6'},{'D1'},{'D4'},{'D2'},{'D3'},{'D5'},{'D7'},{'R3'},{'R2'},{'R1'},&,1.0,&
{'D6'},{'D1'},{'D4'},{'D2'},{'D5'},{'D7'},{'D3'},{'R1'},{'R3'},{'R2'},&,1.0,&
{'D6'},{'D1'},{'D4'},{'D2'},{'D5'},{'D3'},{'D7'},{'R3'},{'R2'},{'R1'},&,1.0,&
{'D6'},{'D1'},{'D4'},{'D3'},{'D7'},{'D2'},{'R3'},{'D5'},{'R1'},{'R2'},&,1.0,&
{'D6'},{'D1'},{'D4'},{'D3'},{'D7'},{'D2'},{'R1'},{'D5'},{'R3'},{'R2'},&,1.0,&
{'D6'},{'D1'},{'D4'},{'D3'},{'D7'},{'D5'},{'D2'},{'R1'},{'R3'},{'R2'},&,1.0,&
{'D6'},{'D1'},{'D4'},{'D3'},{'D7'},{'D5'},{'D2'},{'R2'},{'R3'},{'R1'},&,1.0,&
{'D6'},{'D1'},{'D4'},{'D3'},{'D7'},{'D5'},{'D2'},{'R3'},{'R2'},{'R1'},&,1.0,&
{'D6'},{'D1'},{'D4'},{'D3'},{'D7'},{'D5'},{'D2'},{'R3'},{'R1'},{'R2'},&,3.0,&
{'D6'},{'D1'},{'D4'},{'D3'},{'D2'},{'D7'},{'R3'},{'D5'},{'R2'},{'R1'},&,1.0,&
{'D6'},{'D1'},{'D4'},{'D3'},{'D2'},{'D5'},{'D7'},{'R1'},{'R3'},{'R2'},&,1.0,&
{'D6'},{'D1'},{'D4'},{'D3'},{'D2'},{'D5'},{'D7'},{'R3'},{'R2'},{'R1'},&,1.0,&
{'D6'},{'D1'},{'D4'},{'D3'},{'D2'},{'D5'},{'D7'},{'R3'},{'R1'},{'R2'},&,1.0,&
{'D6'},{'D1'},{'D4'},{'D3'},{'D2'},{'D5'},{'R1'},{'D7'},{'R3'},{'R2'},&,1.0,&
{'D6'},{'D1'},{'D4'},{'D3'},{'D5'},{'D7'},{'R3'},{'D2'},{'R1'},{'R2'},&,1.0,&
{'D6'},{'D1'},{'D4'},{'D3'},{'D5'},{'D7'},{'D2'},{'R1'},{'R3'},{'R2'},&,1.0,&
{'D6'},{'D1'},{'D4'},{'D3'},{'D5'},{'D7'},{'D2'},{'R3'},{'R1'},{'R2'},&,1.0,&
{'D6'},{'D1'},{'D4'},{'D3'},{'D5'},{'D7'},{'R2'},{'D2'},{'R3'},{'R1'},&,1.0,&
{'D6'},{'D1'},{'D4'},{'D3'},{'D5'},{'D7'},{'R2'},{'D2'},{'R1'},{'R3'},&,1.0,&
{'D6'},{'D1'},{'D4'},{'D3'},{'D5'},{'D7'},{'R2'},{'R3'},{'R1'},{'D2'},&,1.0,&
{'D6'},{'D1'},{'D4'},{'D3'},{'D5'},{'D7'},{'R2'},{'R3'},{'D2'},{'R1'},&,1.0,&
{'D6'},{'D1'},{'D4'},{'D3'},{'D5'},{'D7'},{'R1'},{'R3'},{'R2'},{'D2'},&,1.0,&
{'D6'},{'D1'},{'D4'},{'D3'},{'D5'},{'D7'},{'R1'},{'R3'},{'D2'},{'R2'},&,1.0,&
{'D6'},{'D1'},{'D4'},{'D3'},{'D5'},{'D2'},{'R3'},{'D7'},{'R2'},{'R1'},&,1.0,&
{'D6'},{'D1'},{'D4'},{'D3'},{'D5'},{'D2'},{'D7'},{'R1'},{'R2'},{'R3'},&,1.0,&
{'D6'},{'D1'},{'D4'},{'D3'},{'D5'},{'D2'},{'D7'},{'R1'},{'R3'},{'R2'},&,1.0,&
{'D6'},{'D1'},{'D4'},{'D3'},{'D5'},{'D2'},{'D7'},{'R3'},{'R2'},{'R1'},&,1.0,&
{'D6'},{'D1'},{'D4'},{'D3'},{'D5'},{'D2'},{'D7'},{'R3'},{'R1'},{'R2'},&,1.0,&
{'D6'},{'D1'},{'D4'},{'D3'},{'D5'},{'D2'},{'R1'},{'R3'},{'D7'},{'R2'},&,1.0,&
{'D6'},{'D1'},{'D4'},{'D3'},{'D5'},{'R1'},{'D7'},{'D2'},{'R3'},{'R2'},&,1.0,&
{'D6'},{'D1'},{'D4'},{'D5'},{'D7'},{'D2'},{'R3'},{'R2'},{'D3'},{'R1'},&,2.0,&
{'D6'},{'D1'},{'D4'},{'D5'},{'D7'},{'D2'},{'D3'},{'R2'},{'R3'},{'R1'},&,1.0,&
{'D6'},{'D1'},{'D4'},{'D5'},{'D7'},{'D2'},{'D3'},{'R3'},{'R1'},{'R2'},&,1.0,&
{'D6'},{'D1'},{'D4'},{'D5'},{'D7'},{'D3'},{'R3'},{'D2'},{'R2'},{'R1'},&,1.0,&
{'D6'},{'D1'},{'D4'},{'D5'},{'D7'},{'D3'},{'D2'},{'R1'},{'R3'},{'R2'},&,1.0,&
{'D6'},{'D1'},{'D4'},{'D5'},{'D7'},{'D3'},{'D2'},{'R2'},{'R3'},{'R1'},&,1.0,&
{'D6'},{'D1'},{'D4'},{'D5'},{'D7'},{'D3'},{'D2'},{'R3'},{'R2'},{'R1'},&,2.0,&
{'D6'},{'D1'},{'D4'},{'D5'},{'D7'},{'D3'},{'D2'},{'R3'},{'R1'},{'R2'},&,2.0,&
{'D6'},{'D1'},{'D4'},{'D5'},{'D7'},{'D3'},{'R2'},{'D2'},{'R3'},{'R1'},&,1.0,&
{'D6'},{'D1'},{'D4'},{'D5'},{'D7'},{'D3'},{'R1'},{'D2'},{'R3'},{'R2'},&,2.0,&
{'D6'},{'D1'},{'D4'},{'D5'},{'D2'},{'D7'},{'R3'},{'R1'},{'D3'},{'R2'},&,1.0,&
{'D6'},{'D1'},{'D4'},{'D5'},{'D2'},{'D7'},{'D3'},{'R1'},{'R3'},{'R2'},&,1.0,&
{'D6'},{'D1'},{'D4'},{'D5'},{'D2'},{'D7'},{'D3'},{'R2'},{'R3'},{'R1'},&,2.0,&
{'D6'},{'D1'},{'D4'},{'D5'},{'D2'},{'D7'},{'D3'},{'R3'},{'R1'},{'R2'},&,2.0,&
{'D6'},{'D1'},{'D4'},{'D5'},{'D2'},{'D3'},{'R3'},{'D7'},{'R2'},{'R1'},&,1.0,&
{'D6'},{'D1'},{'D4'},{'D5'},{'D2'},{'R2'},{'D3'},{'R3'},{'R1'},{'D7'},&,1.0,&
{'D6'},{'D1'},{'D4'},{'D5'},{'D3'},{'D7'},{'R3'},{'D2'},{'R2'},{'R1'},&,1.0,&
{'D6'},{'D1'},{'D4'},{'D5'},{'D3'},{'D7'},{'D2'},{'R1'},{'R2'},{'R3'},&,1.0,&
{'D6'},{'D1'},{'D4'},{'D5'},{'D3'},{'D7'},{'D2'},{'R2'},{'R3'},{'R1'},&,3.0,&
{'D6'},{'D1'},{'D4'},{'D5'},{'D3'},{'D7'},{'D2'},{'R3'},{'R2'},{'R1'},&,2.0,&
{'D6'},{'D1'},{'D4'},{'D5'},{'D3'},{'D7'},{'D2'},{'R3'},{'R1'},{'R2'},&,5.0,&
{'D6'},{'D1'},{'D4'},{'D5'},{'D3'},{'D7'},{'R2'},{'D2'},{'R3'},{'R1'},&,1.0,&
{'D6'},{'D1'},{'D4'},{'D5'},{'D3'},{'D7'},{'R1'},{'D2'},{'R3'},{'R2'},&,1.0,&
{'D6'},{'D1'},{'D4'},{'D5'},{'D3'},{'D2'},{'R3'},{'D7'},{'R2'},{'R1'},&,1.0,&
{'D6'},{'D1'},{'D4'},{'D5'},{'D3'},{'D2'},{'R2'},{'D7'},{'R1'},{'R3'},&,1.0,&
{'D6'},{'D1'},{'D4'},{'D5'},{'D3'},{'D2'},{'D7'},{'R1'},{'R3'},{'R2'},&,1.0,&
{'D6'},{'D1'},{'D4'},{'D5'},{'D3'},{'D2'},{'D7'},{'R2'},{'R1'},{'R3'},&,1.0,&
{'D6'},{'D1'},{'D4'},{'D5'},{'D3'},{'D2'},{'D7'},{'R3'},{'R2'},{'R1'},&,1.0,&
{'D6'},{'D1'},{'D4'},{'D5'},{'D3'},{'D2'},{'D7'},{'R3'},{'R1'},{'R2'},&,1.0,&
{'D6'},{'D1'},{'D4'},{'D5'},{'D3'},{'R2'},{'D2'},{'R3'},{'R1'},{'D7'},&,1.0,&
{'D6'},{'D1'},{'D4'},{'D5'},{'D3'},{'R2'},{'D7'},{'D2'},{'R1'},{'R3'},&,1.0,&
{'D6'},{'D1'},{'D4'},{'D5'},{'D3'},{'R1'},{'D7'},{'D2'},{'R3'},{'R2'},&,1.0,&
{'D6'},{'D1'},{'D4'},{'D5'},{'D3'},{'R3'},{'D7'},{'R2'},{'D2'},{'R1'},&,1.0,&
{'D6'},{'D1'},{'D3'},{'D7'},{'D2'},{'D4'},{'D5'},{'R2'},{'R3'},{'R1'},&,1.0,&
{'D6'},{'D1'},{'D3'},{'D7'},{'D4'},{'D2'},{'R3'},{'D5'},{'R1'},{'R2'},&,1.0,&
{'D6'},{'D1'},{'D3'},{'D7'},{'D4'},{'D5'},{'D2'},{'R2'},{'R3'},{'R1'},&,1.0,&
{'D6'},{'D1'},{'D3'},{'D7'},{'D4'},{'D5'},{'D2'},{'R2'},{'R1'},{'R3'},&,1.0,&
{'D6'},{'D1'},{'D3'},{'D7'},{'D4'},{'D5'},{'R1'},{'D2'},{'R2'},{'R3'},&,1.0,&
{'D6'},{'D1'},{'D3'},{'D7'},{'D5'},{'D4'},{'R3'},{'R2'},{'D2'},{'R1'},&,2.0,&
{'D6'},{'D1'},{'D3'},{'D7'},{'D5'},{'D4'},{'D2'},{'R1'},{'R3'},{'R2'},&,2.0,&
{'D6'},{'D1'},{'D3'},{'D7'},{'D5'},{'D4'},{'D2'},{'R2'},{'R3'},{'R1'},&,1.0,&
{'D6'},{'D1'},{'D3'},{'D7'},{'D5'},{'D4'},{'D2'},{'R2'},{'R1'},{'R3'},&,2.0,&
{'D6'},{'D1'},{'D3'},{'D7'},{'D5'},{'D4'},{'D2'},{'R3'},{'R2'},{'R1'},&,4.0,&
{'D6'},{'D1'},{'D3'},{'D7'},{'D5'},{'D4'},{'D2'},{'R3'},{'R1'},{'R2'},&,5.0,&
{'D6'},{'D1'},{'D3'},{'D7'},{'D5'},{'D2'},{'R3'},{'D4'},{'R2'},{'R1'},&,1.0,&
{'D6'},{'D1'},{'D3'},{'D7'},{'D5'},{'D2'},{'R3'},{'D4'},{'R1'},{'R2'},&,1.0,&
{'D6'},{'D1'},{'D3'},{'D7'},{'D5'},{'D2'},{'D4'},{'R1'},{'R3'},{'R2'},&,1.0,&
{'D6'},{'D1'},{'D3'},{'D7'},{'D5'},{'D2'},{'D4'},{'R2'},{'R3'},{'R1'},&,3.0,&
{'D6'},{'D1'},{'D3'},{'D7'},{'D5'},{'D2'},{'D4'},{'R3'},{'R2'},{'R1'},&,1.0,&
{'D6'},{'D1'},{'D3'},{'D7'},{'D5'},{'D2'},{'R2'},{'D4'},{'R3'},{'R1'},&,1.0,&
{'D6'},{'D1'},{'D3'},{'D7'},{'D5'},{'D2'},{'R1'},{'D4'},{'R3'},{'R2'},&,1.0,&
{'D6'},{'D1'},{'D3'},{'D2'},{'D7'},{'D5'},{'R3'},{'D4'},{'R1'},{'R2'},&,2.0,&
{'D6'},{'D1'},{'D3'},{'D2'},{'D7'},{'D5'},{'D4'},{'R2'},{'R1'},{'R3'},&,1.0,&
{'D6'},{'D1'},{'D3'},{'D2'},{'D7'},{'D5'},{'D4'},{'R3'},{'R1'},{'R2'},&,1.0,&
{'D6'},{'D1'},{'D3'},{'D2'},{'D4'},{'D7'},{'R1'},{'D5'},{'R3'},{'R2'},&,1.0,&
{'D6'},{'D1'},{'D3'},{'D2'},{'D4'},{'D5'},{'D7'},{'R2'},{'R3'},{'R1'},&,1.0,&
{'D6'},{'D1'},{'D3'},{'D2'},{'D4'},{'D5'},{'D7'},{'R3'},{'R1'},{'R2'},&,1.0,&
{'D6'},{'D1'},{'D3'},{'D2'},{'D5'},{'D4'},{'D7'},{'R2'},{'R1'},{'R3'},&,1.0,&
{'D6'},{'D1'},{'D3'},{'D2'},{'D5'},{'D4'},{'D7'},{'R3'},{'R2'},{'R1'},&,2.0,&
{'D6'},{'D1'},{'D3'},{'D2'},{'D5'},{'D7'},{'D4'},{'R2'},{'R1'},{'R3'},&,1.0,&
{'D6'},{'D1'},{'D3'},{'D2'},{'D5'},{'R3'},{'D7'},{'R1'},{'D4'},{'R2'},&,1.0,&
{'D6'},{'D1'},{'D3'},{'D2'},{'D5'},{'R3'},{'D7'},{'D4'},{'R1'},{'R2'},&,1.0,&
{'D6'},{'D1'},{'D3'},{'D5'},{'D7'},{'D4'},{'R3'},{'D2'},{'R2'},{'R1'},&,4.0,&
{'D6'},{'D1'},{'D3'},{'D5'},{'D7'},{'D4'},{'D2'},{'R1'},{'R3'},{'R2'},&,3.0,&
{'D6'},{'D1'},{'D3'},{'D5'},{'D7'},{'D4'},{'D2'},{'R2'},{'R3'},{'R1'},&,2.0,&
{'D6'},{'D1'},{'D3'},{'D5'},{'D7'},{'D4'},{'D2'},{'R3'},{'R2'},{'R1'},&,4.0,&
{'D6'},{'D1'},{'D3'},{'D5'},{'D7'},{'D4'},{'D2'},{'R3'},{'R1'},{'R2'},&,9.0,&
{'D6'},{'D1'},{'D3'},{'D5'},{'D7'},{'D4'},{'R2'},{'D2'},{'R3'},{'R1'},&,1.0,&
{'D6'},{'D1'},{'D3'},{'D5'},{'D7'},{'D4'},{'R1'},{'D2'},{'R2'},{'R3'},&,1.0,&
{'D6'},{'D1'},{'D3'},{'D5'},{'D7'},{'D4'},{'R1'},{'D2'},{'R3'},{'R2'},&,1.0,&
{'D6'},{'D1'},{'D3'},{'D5'},{'D7'},{'D2'},{'R3'},{'R1'},{'D4'},{'R2'},&,2.0,&
{'D6'},{'D1'},{'D3'},{'D5'},{'D7'},{'D2'},{'R3'},{'D4'},{'R1'},{'R2'},&,2.0,&
{'D6'},{'D1'},{'D3'},{'D5'},{'D7'},{'D2'},{'D4'},{'R1'},{'R2'},{'R3'},&,1.0,&
{'D6'},{'D1'},{'D3'},{'D5'},{'D7'},{'D2'},{'D4'},{'R2'},{'R3'},{'R1'},&,1.0,&
{'D6'},{'D1'},{'D3'},{'D5'},{'D7'},{'D2'},{'D4'},{'R2'},{'R1'},{'R3'},&,2.0,&
{'D6'},{'D1'},{'D3'},{'D5'},{'D7'},{'D2'},{'D4'},{'R3'},{'R2'},{'R1'},&,2.0,&
{'D6'},{'D1'},{'D3'},{'D5'},{'D7'},{'D2'},{'D4'},{'R3'},{'R1'},{'R2'},&,8.0,&
{'D6'},{'D1'},{'D3'},{'D5'},{'D7'},{'D2'},{'R1'},{'D4'},{'R2'},{'R3'},&,1.0,&
{'D6'},{'D1'},{'D3'},{'D5'},{'D7'},{'R3'},{'D4'},{'D2'},{'R2'},{'R1'},&,1.0,&
{'D6'},{'D1'},{'D3'},{'D5'},{'D2'},{'D4'},{'D7'},{'R1'},{'R3'},{'R2'},&,1.0,&
{'D6'},{'D1'},{'D3'},{'D5'},{'D2'},{'D4'},{'D7'},{'R2'},{'R3'},{'R1'},&,1.0,&
{'D6'},{'D1'},{'D3'},{'D5'},{'D2'},{'D4'},{'D7'},{'R3'},{'R1'},{'R2'},&,3.0,&
{'D6'},{'D1'},{'D3'},{'D5'},{'D2'},{'D7'},{'R3'},{'R2'},{'D4'},{'R1'},&,1.0,&
{'D6'},{'D1'},{'D3'},{'D5'},{'D2'},{'D7'},{'R3'},{'D4'},{'R2'},{'R1'},&,1.0,&
{'D6'},{'D1'},{'D3'},{'D5'},{'D2'},{'D7'},{'R3'},{'D4'},{'R1'},{'R2'},&,1.0,&
{'D6'},{'D1'},{'D3'},{'D5'},{'D2'},{'D7'},{'D4'},{'R1'},{'R2'},{'R3'},&,1.0,&
{'D6'},{'D1'},{'D3'},{'D5'},{'D2'},{'D7'},{'D4'},{'R1'},{'R3'},{'R2'},&,2.0,&
{'D6'},{'D1'},{'D3'},{'D5'},{'D2'},{'D7'},{'D4'},{'R3'},{'R2'},{'R1'},&,1.0,&
{'D6'},{'D1'},{'D3'},{'D5'},{'D2'},{'D7'},{'D4'},{'R3'},{'R1'},{'R2'},&,2.0,&
{'D6'},{'D1'},{'D3'},{'D5'},{'D2'},{'D7'},{'R2'},{'D4'},{'R3'},{'R1'},&,1.0,&
{'D6'},{'D1'},{'D3'},{'D5'},{'D2'},{'D7'},{'R1'},{'D4'},{'R2'},{'R3'},&,1.0,&
{'D6'},{'D1'},{'D3'},{'D5'},{'D2'},{'D7'},{'R1'},{'D4'},{'R3'},{'R2'},&,2.0,&
{'D6'},{'D1'},{'D3'},{'D5'},{'D2'},{'R3'},{'D4'},{'D7'},{'R2'},{'R1'},&,1.0,&
{'D6'},{'D1'},{'D3'},{'D5'},{'D4'},{'D7'},{'R3'},{'D2'},{'R2'},{'R1'},&,1.0,&
{'D6'},{'D1'},{'D3'},{'D5'},{'D4'},{'D7'},{'R3'},{'D2'},{'R1'},{'R2'},&,2.0,&
{'D6'},{'D1'},{'D3'},{'D5'},{'D4'},{'D7'},{'R3'},{'R1'},{'D2'},{'R2'},&,2.0,&
{'D6'},{'D1'},{'D3'},{'D5'},{'D4'},{'D7'},{'D2'},{'R1'},{'R2'},{'R3'},&,2.0,&
{'D6'},{'D1'},{'D3'},{'D5'},{'D4'},{'D7'},{'D2'},{'R1'},{'R3'},{'R2'},&,5.0,&
{'D6'},{'D1'},{'D3'},{'D5'},{'D4'},{'D7'},{'D2'},{'R2'},{'R3'},{'R1'},&,1.0,&
{'D6'},{'D1'},{'D3'},{'D5'},{'D4'},{'D7'},{'D2'},{'R2'},{'R1'},{'R3'},&,3.0,&
{'D6'},{'D1'},{'D3'},{'D5'},{'D4'},{'D7'},{'D2'},{'R3'},{'R2'},{'R1'},&,7.0,&
{'D6'},{'D1'},{'D3'},{'D5'},{'D4'},{'D7'},{'D2'},{'R3'},{'R1'},{'R2'},&,5.0,&
{'D6'},{'D1'},{'D3'},{'D5'},{'D4'},{'D7'},{'R1'},{'D2'},{'R3'},{'R2'},&,1.0,&
{'D6'},{'D1'},{'D3'},{'D5'},{'D4'},{'D7'},{'R1'},{'R2'},{'D2'},{'R3'},&,1.0,&
{'D6'},{'D1'},{'D3'},{'D5'},{'D4'},{'D2'},{'R3'},{'D7'},{'R1'},{'R2'},&,1.0,&
{'D6'},{'D1'},{'D3'},{'D5'},{'D4'},{'D2'},{'R2'},{'R3'},{'D7'},{'R1'},&,1.0,&
{'D6'},{'D1'},{'D3'},{'D5'},{'D4'},{'D2'},{'D7'},{'R1'},{'R2'},{'R3'},&,1.0,&
{'D6'},{'D1'},{'D3'},{'D5'},{'D4'},{'D2'},{'D7'},{'R1'},{'R3'},{'R2'},&,3.0,&
{'D6'},{'D1'},{'D3'},{'D5'},{'D4'},{'D2'},{'D7'},{'R2'},{'R3'},{'R1'},&,1.0,&
{'D6'},{'D1'},{'D3'},{'D5'},{'D4'},{'D2'},{'D7'},{'R2'},{'R1'},{'R3'},&,1.0,&
{'D6'},{'D1'},{'D3'},{'D5'},{'D4'},{'D2'},{'D7'},{'R3'},{'R2'},{'R1'},&,4.0,&
{'D6'},{'D1'},{'D3'},{'D5'},{'D4'},{'D2'},{'D7'},{'R3'},{'R1'},{'R2'},&,1.0,&
{'D6'},{'D1'},{'D3'},{'D5'},{'D4'},{'D2'},{'R1'},{'R3'},{'D7'},{'R2'},&,1.0,&
{'D6'},{'D1'},{'D3'},{'D5'},{'D4'},{'D2'},{'R1'},{'D7'},{'R3'},{'R2'},&,2.0,&
{'D6'},{'D1'},{'D3'},{'D5'},{'D4'},{'R2'},{'D7'},{'R1'},{'D2'},{'R3'},&,1.0,&
{'D6'},{'D1'},{'D3'},{'D5'},{'D4'},{'R3'},{'D7'},{'R2'},{'R1'},{'D2'},&,1.0,&
{'D6'},{'D1'},{'D3'},{'D5'},{'R3'},{'D4'},{'D7'},{'D2'},{'R2'},{'R1'},&,1.0,&
{'D6'},{'D1'},{'D3'},{'D5'},{'R3'},{'D7'},{'D2'},{'R2'},{'D4'},{'R1'},&,1.0,&
{'D6'},{'D1'},{'D3'},{'D5'},{'R2'},{'D4'},{'R1'},{'D2'},{'D7'},{'R3'},&,1.0,&
{'D6'},{'D1'},{'D3'},{'D5'},{'R2'},{'D7'},{'D2'},{'R1'},{'D4'},{'R3'},&,1.0,&
{'D6'},{'D1'},{'D3'},{'D5'},{'R1'},{'D7'},{'D2'},{'D4'},{'R3'},{'R2'},&,1.0,&
{'D6'},{'D1'},{'D3'},{'D4'},{'D7'},{'D2'},{'D5'},{'R3'},{'R1'},{'R2'},&,1.0,&
{'D6'},{'D1'},{'D3'},{'D4'},{'D7'},{'D5'},{'R3'},{'D2'},{'R1'},{'R2'},&,1.0,&
{'D6'},{'D1'},{'D3'},{'D4'},{'D7'},{'D5'},{'D2'},{'R2'},{'R3'},{'R1'},&,1.0,&
{'D6'},{'D1'},{'D3'},{'D4'},{'D2'},{'D5'},{'R3'},{'D7'},{'R2'},{'R1'},&,1.0,&
{'D6'},{'D1'},{'D3'},{'D4'},{'D5'},{'D7'},{'D2'},{'R1'},{'R3'},{'R2'},&,1.0,&
{'D6'},{'D1'},{'D3'},{'D4'},{'D5'},{'D7'},{'D2'},{'R2'},{'R3'},{'R1'},&,2.0,&
{'D6'},{'D1'},{'D3'},{'D4'},{'D5'},{'D7'},{'D2'},{'R2'},{'R1'},{'R3'},&,1.0,&
{'D6'},{'D1'},{'D3'},{'D4'},{'D5'},{'D7'},{'D2'},{'R3'},{'R1'},{'R2'},&,1.0,&
{'D6'},{'D1'},{'D3'},{'D4'},{'D5'},{'D7'},{'R2'},{'D2'},{'R3'},{'R1'},&,2.0,&
{'D6'},{'D1'},{'D3'},{'D4'},{'D5'},{'D7'},{'R2'},{'R3'},{'D2'},{'R1'},&,1.0,&
{'D6'},{'D1'},{'D3'},{'D4'},{'D5'},{'D2'},{'R3'},{'D7'},{'R1'},{'R2'},&,1.0,&
{'D6'},{'D1'},{'D3'},{'D4'},{'D5'},{'D2'},{'D7'},{'R2'},{'R1'},{'R3'},&,1.0,&
{'D6'},{'D1'},{'D3'},{'D4'},{'D5'},{'D2'},{'D7'},{'R3'},{'R2'},{'R1'},&,2.0,&
{'D6'},{'D1'},{'D3'},{'D4'},{'D5'},{'D2'},{'D7'},{'R3'},{'R1'},{'R2'},&,2.0,&
{'D6'},{'D1'},{'D3'},{'D4'},{'D5'},{'R2'},{'D2'},{'D7'},{'R1'},{'R3'},&,1.0,&
{'D6'},{'D1'},{'D5'},{'D7'},{'D2'},{'D4'},{'D3'},{'R1'},{'R3'},{'R2'},&,1.0,&
{'D6'},{'D1'},{'D5'},{'D7'},{'D2'},{'D4'},{'D3'},{'R2'},{'R1'},{'R3'},&,1.0,&
{'D6'},{'D1'},{'D5'},{'D7'},{'D2'},{'D4'},{'D3'},{'R3'},{'R2'},{'R1'},&,1.0,&
{'D6'},{'D1'},{'D5'},{'D7'},{'D2'},{'D4'},{'D3'},{'R3'},{'R1'},{'R2'},&,1.0,&
{'D6'},{'D1'},{'D5'},{'D7'},{'D2'},{'D3'},{'R3'},{'R1'},{'R2'},{'D4'},&,1.0,&
{'D6'},{'D1'},{'D5'},{'D7'},{'D2'},{'D3'},{'D4'},{'R1'},{'R3'},{'R2'},&,1.0,&
{'D6'},{'D1'},{'D5'},{'D7'},{'D2'},{'D3'},{'D4'},{'R2'},{'R3'},{'R1'},&,1.0,&
{'D6'},{'D1'},{'D5'},{'D7'},{'D2'},{'D3'},{'D4'},{'R2'},{'R1'},{'R3'},&,1.0,&
{'D6'},{'D1'},{'D5'},{'D7'},{'D2'},{'D3'},{'D4'},{'R3'},{'R1'},{'R2'},&,3.0,&
{'D6'},{'D1'},{'D5'},{'D7'},{'D2'},{'D3'},{'R1'},{'D4'},{'R2'},{'R3'},&,1.0,&
{'D6'},{'D1'},{'D5'},{'D7'},{'D3'},{'D4'},{'R3'},{'D2'},{'R1'},{'R2'},&,1.0,&
{'D6'},{'D1'},{'D5'},{'D7'},{'D3'},{'D4'},{'R3'},{'R1'},{'D2'},{'R2'},&,1.0,&
{'D6'},{'D1'},{'D5'},{'D7'},{'D3'},{'D4'},{'D2'},{'R1'},{'R2'},{'R3'},&,1.0,&
{'D6'},{'D1'},{'D5'},{'D7'},{'D3'},{'D4'},{'D2'},{'R1'},{'R3'},{'R2'},&,5.0,&
{'D6'},{'D1'},{'D5'},{'D7'},{'D3'},{'D4'},{'D2'},{'R2'},{'R3'},{'R1'},&,1.0,&
{'D6'},{'D1'},{'D5'},{'D7'},{'D3'},{'D4'},{'D2'},{'R2'},{'R1'},{'R3'},&,1.0,&
{'D6'},{'D1'},{'D5'},{'D7'},{'D3'},{'D4'},{'D2'},{'R3'},{'R2'},{'R1'},&,3.0,&
{'D6'},{'D1'},{'D5'},{'D7'},{'D3'},{'D4'},{'D2'},{'R3'},{'R1'},{'R2'},&,9.0,&
{'D6'},{'D1'},{'D5'},{'D7'},{'D3'},{'D4'},{'R2'},{'D2'},{'R3'},{'R1'},&,2.0,&
{'D6'},{'D1'},{'D5'},{'D7'},{'D3'},{'D4'},{'R1'},{'R3'},{'D2'},{'R2'},&,1.0,&
{'D6'},{'D1'},{'D5'},{'D7'},{'D3'},{'D2'},{'R3'},{'D4'},{'R2'},{'R1'},&,1.0,&
{'D6'},{'D1'},{'D5'},{'D7'},{'D3'},{'D2'},{'R3'},{'D4'},{'R1'},{'R2'},&,3.0,&
{'D6'},{'D1'},{'D5'},{'D7'},{'D3'},{'D2'},{'D4'},{'R1'},{'R2'},{'R3'},&,1.0,&
{'D6'},{'D1'},{'D5'},{'D7'},{'D3'},{'D2'},{'D4'},{'R1'},{'R3'},{'R2'},&,2.0,&
{'D6'},{'D1'},{'D5'},{'D7'},{'D3'},{'D2'},{'D4'},{'R2'},{'R3'},{'R1'},&,3.0,&
{'D6'},{'D1'},{'D5'},{'D7'},{'D3'},{'D2'},{'D4'},{'R3'},{'R2'},{'R1'},&,2.0,&
{'D6'},{'D1'},{'D5'},{'D7'},{'D3'},{'D2'},{'D4'},{'R3'},{'R1'},{'R2'},&,3.0,&
{'D6'},{'D1'},{'D5'},{'D7'},{'D3'},{'D2'},{'R2'},{'D4'},{'R1'},{'R3'},&,1.0,&
{'D6'},{'D1'},{'D5'},{'D7'},{'D3'},{'R2'},{'D4'},{'D2'},{'R1'},{'R3'},&,1.0,&
{'D6'},{'D1'},{'D5'},{'D7'},{'D3'},{'R2'},{'D4'},{'R1'},{'D2'},{'R3'},&,1.0,&
{'D6'},{'D1'},{'D5'},{'D7'},{'D3'},{'R1'},{'R3'},{'D2'},{'R2'},{'D4'},&,1.0,&
{'D6'},{'D1'},{'D5'},{'D7'},{'D3'},{'R3'},{'D4'},{'D2'},{'R2'},{'R1'},&,1.0,&
{'D6'},{'D1'},{'D5'},{'D7'},{'D3'},{'R3'},{'R2'},{'D4'},{'D2'},{'R1'},&,1.0,&
{'D6'},{'D1'},{'D5'},{'D7'},{'D4'},{'D2'},{'R3'},{'D3'},{'R2'},{'R1'},&,1.0,&
{'D6'},{'D1'},{'D5'},{'D7'},{'D4'},{'D2'},{'D3'},{'R1'},{'R3'},{'R2'},&,2.0,&
{'D6'},{'D1'},{'D5'},{'D7'},{'D4'},{'D2'},{'D3'},{'R2'},{'R3'},{'R1'},&,1.0,&
{'D6'},{'D1'},{'D5'},{'D7'},{'D4'},{'D2'},{'D3'},{'R2'},{'R1'},{'R3'},&,2.0,&
{'D6'},{'D1'},{'D5'},{'D7'},{'D4'},{'D2'},{'D3'},{'R3'},{'R2'},{'R1'},&,2.0,&
{'D6'},{'D1'},{'D5'},{'D7'},{'D4'},{'D2'},{'D3'},{'R3'},{'R1'},{'R2'},&,1.0,&
{'D6'},{'D1'},{'D5'},{'D7'},{'D4'},{'D3'},{'R3'},{'D2'},{'R1'},{'R2'},&,1.0,&
{'D6'},{'D1'},{'D5'},{'D7'},{'D4'},{'D3'},{'D2'},{'R2'},{'R3'},{'R1'},&,1.0,&
{'D6'},{'D1'},{'D5'},{'D7'},{'D4'},{'D3'},{'D2'},{'R2'},{'R1'},{'R3'},&,1.0,&
{'D6'},{'D1'},{'D5'},{'D7'},{'D4'},{'D3'},{'D2'},{'R3'},{'R2'},{'R1'},&,3.0,&
{'D6'},{'D1'},{'D5'},{'D7'},{'D4'},{'D3'},{'D2'},{'R3'},{'R1'},{'R2'},&,2.0,&
{'D6'},{'D1'},{'D5'},{'D7'},{'D4'},{'D3'},{'R2'},{'D2'},{'R3'},{'R1'},&,1.0,&
{'D6'},{'D1'},{'D5'},{'D7'},{'D4'},{'R3'},{'D3'},{'D2'},{'R2'},{'R1'},&,1.0,&
{'D6'},{'D1'},{'D5'},{'D7'},{'R3'},{'D4'},{'D3'},{'D2'},{'R1'},{'R2'},&,2.0,&
{'D6'},{'D1'},{'D5'},{'D2'},{'D7'},{'D4'},{'R3'},{'D3'},{'R2'},{'R1'},&,1.0,&
{'D6'},{'D1'},{'D5'},{'D2'},{'D7'},{'D4'},{'R3'},{'D3'},{'R1'},{'R2'},&,1.0,&
{'D6'},{'D1'},{'D5'},{'D2'},{'D7'},{'D4'},{'D3'},{'R1'},{'R2'},{'R3'},&,2.0,&
{'D6'},{'D1'},{'D5'},{'D2'},{'D7'},{'D4'},{'D3'},{'R2'},{'R3'},{'R1'},&,1.0,&
{'D6'},{'D1'},{'D5'},{'D2'},{'D7'},{'D4'},{'D3'},{'R3'},{'R1'},{'R2'},&,2.0,&
{'D6'},{'D1'},{'D5'},{'D2'},{'D7'},{'D3'},{'D4'},{'R2'},{'R3'},{'R1'},&,1.0,&
{'D6'},{'D1'},{'D5'},{'D2'},{'D7'},{'D3'},{'D4'},{'R3'},{'R2'},{'R1'},&,1.0,&
{'D6'},{'D1'},{'D5'},{'D2'},{'D7'},{'D3'},{'D4'},{'R3'},{'R1'},{'R2'},&,3.0,&
{'D6'},{'D1'},{'D5'},{'D2'},{'D7'},{'D3'},{'R2'},{'D4'},{'R1'},{'R3'},&,1.0,&
{'D6'},{'D1'},{'D5'},{'D2'},{'D3'},{'D4'},{'R3'},{'D7'},{'R2'},{'R1'},&,1.0,&
{'D6'},{'D1'},{'D5'},{'D2'},{'D3'},{'D4'},{'R3'},{'D7'},{'R1'},{'R2'},&,1.0,&
{'D6'},{'D1'},{'D5'},{'D2'},{'D3'},{'D4'},{'D7'},{'R1'},{'R3'},{'R2'},&,2.0,&
{'D6'},{'D1'},{'D5'},{'D2'},{'D3'},{'D4'},{'D7'},{'R2'},{'R3'},{'R1'},&,5.0,&
{'D6'},{'D1'},{'D5'},{'D2'},{'D3'},{'D4'},{'D7'},{'R2'},{'R1'},{'R3'},&,3.0,&
{'D6'},{'D1'},{'D5'},{'D2'},{'D3'},{'D4'},{'D7'},{'R3'},{'R2'},{'R1'},&,1.0,&
{'D6'},{'D1'},{'D5'},{'D2'},{'D3'},{'D4'},{'D7'},{'R3'},{'R1'},{'R2'},&,1.0,&
{'D6'},{'D1'},{'D5'},{'D2'},{'D3'},{'D7'},{'D4'},{'R1'},{'R3'},{'R2'},&,1.0,&
{'D6'},{'D1'},{'D5'},{'D2'},{'D3'},{'D7'},{'R2'},{'D4'},{'R3'},{'R1'},&,1.0,&
{'D6'},{'D1'},{'D5'},{'D2'},{'D3'},{'R2'},{'D4'},{'D7'},{'R3'},{'R1'},&,1.0,&
{'D6'},{'D1'},{'D5'},{'D2'},{'D4'},{'D7'},{'R3'},{'R2'},{'D3'},{'R1'},&,1.0,&
{'D6'},{'D1'},{'D5'},{'D2'},{'D4'},{'D7'},{'R3'},{'D3'},{'R2'},{'R1'},&,2.0,&
{'D6'},{'D1'},{'D5'},{'D2'},{'D4'},{'D7'},{'R3'},{'D3'},{'R1'},{'R2'},&,1.0,&
{'D6'},{'D1'},{'D5'},{'D2'},{'D4'},{'D7'},{'D3'},{'R1'},{'R2'},{'R3'},&,1.0,&
{'D6'},{'D1'},{'D5'},{'D2'},{'D4'},{'D7'},{'D3'},{'R1'},{'R3'},{'R2'},&,1.0,&
{'D6'},{'D1'},{'D5'},{'D2'},{'D4'},{'D7'},{'D3'},{'R3'},{'R1'},{'R2'},&,1.0,&
{'D6'},{'D1'},{'D5'},{'D2'},{'D4'},{'D3'},{'R3'},{'D7'},{'R2'},{'R1'},&,1.0,&
{'D6'},{'D1'},{'D5'},{'D2'},{'D4'},{'D3'},{'D7'},{'R1'},{'R2'},{'R3'},&,1.0,&
{'D6'},{'D1'},{'D5'},{'D2'},{'D4'},{'D3'},{'D7'},{'R1'},{'R3'},{'R2'},&,1.0,&
{'D6'},{'D1'},{'D5'},{'D2'},{'D4'},{'D3'},{'D7'},{'R3'},{'R2'},{'R1'},&,1.0,&
{'D6'},{'D1'},{'D5'},{'D2'},{'D4'},{'D3'},{'D7'},{'R3'},{'R1'},{'R2'},&,2.0,&
{'D6'},{'D1'},{'D5'},{'D2'},{'D4'},{'R3'},{'D7'},{'D3'},{'R2'},{'R1'},&,1.0,&
{'D6'},{'D1'},{'D5'},{'D3'},{'D7'},{'D4'},{'R3'},{'D2'},{'R2'},{'R1'},&,4.0,&
{'D6'},{'D1'},{'D5'},{'D3'},{'D7'},{'D4'},{'R3'},{'D2'},{'R1'},{'R2'},&,2.0,&
{'D6'},{'D1'},{'D5'},{'D3'},{'D7'},{'D4'},{'R3'},{'R1'},{'D2'},{'R2'},&,1.0,&
{'D6'},{'D1'},{'D5'},{'D3'},{'D7'},{'D4'},{'D2'},{'R1'},{'R2'},{'R3'},&,3.0,&
{'D6'},{'D1'},{'D5'},{'D3'},{'D7'},{'D4'},{'D2'},{'R1'},{'R3'},{'R2'},&,6.0,&
{'D6'},{'D1'},{'D5'},{'D3'},{'D7'},{'D4'},{'D2'},{'R2'},{'R3'},{'R1'},&,6.0,&
{'D6'},{'D1'},{'D5'},{'D3'},{'D7'},{'D4'},{'D2'},{'R2'},{'R1'},{'R3'},&,1.0,&
{'D6'},{'D1'},{'D5'},{'D3'},{'D7'},{'D4'},{'D2'},{'R3'},{'R2'},{'R1'},&,7.0,&
{'D6'},{'D1'},{'D5'},{'D3'},{'D7'},{'D4'},{'D2'},{'R3'},{'R1'},{'R2'},&,11.0,&
{'D6'},{'D1'},{'D5'},{'D3'},{'D7'},{'D4'},{'R2'},{'D2'},{'R3'},{'R1'},&,1.0,&
{'D6'},{'D1'},{'D5'},{'D3'},{'D7'},{'D4'},{'R1'},{'D2'},{'R3'},{'R2'},&,3.0,&
{'D6'},{'D1'},{'D5'},{'D3'},{'D7'},{'D4'},{'R1'},{'R3'},{'R2'},{'D2'},&,1.0,&
{'D6'},{'D1'},{'D5'},{'D3'},{'D7'},{'D2'},{'R3'},{'R1'},{'D4'},{'R2'},&,1.0,&
{'D6'},{'D1'},{'D5'},{'D3'},{'D7'},{'D2'},{'D4'},{'R1'},{'R3'},{'R2'},&,2.0,&
{'D6'},{'D1'},{'D5'},{'D3'},{'D7'},{'D2'},{'D4'},{'R2'},{'R3'},{'R1'},&,2.0,&
{'D6'},{'D1'},{'D5'},{'D3'},{'D7'},{'D2'},{'D4'},{'R2'},{'R1'},{'R3'},&,1.0,&
{'D6'},{'D1'},{'D5'},{'D3'},{'D7'},{'D2'},{'D4'},{'R3'},{'R2'},{'R1'},&,4.0,&
{'D6'},{'D1'},{'D5'},{'D3'},{'D7'},{'D2'},{'D4'},{'R3'},{'R1'},{'R2'},&,3.0,&
{'D6'},{'D1'},{'D5'},{'D3'},{'D7'},{'D2'},{'R2'},{'D4'},{'R3'},{'R1'},&,2.0,&
{'D6'},{'D1'},{'D5'},{'D3'},{'D7'},{'D2'},{'R1'},{'R3'},{'D4'},{'R2'},&,1.0,&
{'D6'},{'D1'},{'D5'},{'D3'},{'D7'},{'R3'},{'D2'},{'D4'},{'R1'},{'R2'},&,2.0,&
{'D6'},{'D1'},{'D5'},{'D3'},{'D7'},{'R3'},{'R2'},{'D4'},{'D2'},{'R1'},&,1.0,&
{'D6'},{'D1'},{'D5'},{'D3'},{'D2'},{'D4'},{'R3'},{'R2'},{'D7'},{'R1'},&,1.0,&
{'D6'},{'D1'},{'D5'},{'D3'},{'D2'},{'D4'},{'R3'},{'D7'},{'R2'},{'R1'},&,1.0,&
{'D6'},{'D1'},{'D5'},{'D3'},{'D2'},{'D4'},{'R3'},{'D7'},{'R1'},{'R2'},&,3.0,&
{'D6'},{'D1'},{'D5'},{'D3'},{'D2'},{'D4'},{'R2'},{'D7'},{'R3'},{'R1'},&,1.0,&
{'D6'},{'D1'},{'D5'},{'D3'},{'D2'},{'D4'},{'D7'},{'R1'},{'R2'},{'R3'},&,3.0,&
{'D6'},{'D1'},{'D5'},{'D3'},{'D2'},{'D4'},{'D7'},{'R1'},{'R3'},{'R2'},&,1.0,&
{'D6'},{'D1'},{'D5'},{'D3'},{'D2'},{'D4'},{'D7'},{'R2'},{'R3'},{'R1'},&,2.0,&
{'D6'},{'D1'},{'D5'},{'D3'},{'D2'},{'D4'},{'D7'},{'R3'},{'R2'},{'R1'},&,2.0,&
{'D6'},{'D1'},{'D5'},{'D3'},{'D2'},{'D4'},{'D7'},{'R3'},{'R1'},{'R2'},&,1.0,&
{'D6'},{'D1'},{'D5'},{'D3'},{'D2'},{'D7'},{'R3'},{'R1'},{'D4'},{'R2'},&,2.0,&
{'D6'},{'D1'},{'D5'},{'D3'},{'D2'},{'D7'},{'D4'},{'R1'},{'R3'},{'R2'},&,2.0,&
{'D6'},{'D1'},{'D5'},{'D3'},{'D2'},{'D7'},{'D4'},{'R2'},{'R3'},{'R1'},&,2.0,&
{'D6'},{'D1'},{'D5'},{'D3'},{'D2'},{'D7'},{'D4'},{'R2'},{'R1'},{'R3'},&,1.0,&
{'D6'},{'D1'},{'D5'},{'D3'},{'D2'},{'D7'},{'D4'},{'R3'},{'R1'},{'R2'},&,4.0,&
{'D6'},{'D1'},{'D5'},{'D3'},{'D2'},{'R2'},{'D4'},{'D7'},{'R3'},{'R1'},&,1.0,&
{'D6'},{'D1'},{'D5'},{'D3'},{'D2'},{'R3'},{'D4'},{'D7'},{'R1'},{'R2'},&,2.0,&
{'D6'},{'D1'},{'D5'},{'D3'},{'D2'},{'R3'},{'D7'},{'D4'},{'R1'},{'R2'},&,2.0,&
{'D6'},{'D1'},{'D5'},{'D3'},{'D4'},{'D7'},{'R3'},{'D2'},{'R2'},{'R1'},&,4.0,&
{'D6'},{'D1'},{'D5'},{'D3'},{'D4'},{'D7'},{'R3'},{'D2'},{'R1'},{'R2'},&,4.0,&
{'D6'},{'D1'},{'D5'},{'D3'},{'D4'},{'D7'},{'R3'},{'R1'},{'D2'},{'R2'},&,2.0,&
{'D6'},{'D1'},{'D5'},{'D3'},{'D4'},{'D7'},{'D2'},{'R1'},{'R2'},{'R3'},&,4.0,&
{'D6'},{'D1'},{'D5'},{'D3'},{'D4'},{'D7'},{'D2'},{'R1'},{'R3'},{'R2'},&,3.0,&
{'D6'},{'D1'},{'D5'},{'D3'},{'D4'},{'D7'},{'D2'},{'R2'},{'R3'},{'R1'},&,4.0,&
{'D6'},{'D1'},{'D5'},{'D3'},{'D4'},{'D7'},{'D2'},{'R3'},{'R2'},{'R1'},&,10.0,&
{'D6'},{'D1'},{'D5'},{'D3'},{'D4'},{'D7'},{'D2'},{'R3'},{'R1'},{'R2'},&,10.0,&
{'D6'},{'D1'},{'D5'},{'D3'},{'D4'},{'D7'},{'R2'},{'D2'},{'R1'},{'R3'},&,1.0,&
{'D6'},{'D1'},{'D5'},{'D3'},{'D4'},{'D2'},{'R3'},{'D7'},{'R1'},{'R2'},&,1.0,&
{'D6'},{'D1'},{'D5'},{'D3'},{'D4'},{'D2'},{'D7'},{'R1'},{'R3'},{'R2'},&,2.0,&
{'D6'},{'D1'},{'D5'},{'D3'},{'D4'},{'D2'},{'D7'},{'R2'},{'R3'},{'R1'},&,3.0,&
{'D6'},{'D1'},{'D5'},{'D3'},{'D4'},{'D2'},{'D7'},{'R2'},{'R1'},{'R3'},&,2.0,&
{'D6'},{'D1'},{'D5'},{'D3'},{'D4'},{'D2'},{'D7'},{'R3'},{'R2'},{'R1'},&,3.0,&
{'D6'},{'D1'},{'D5'},{'D3'},{'D4'},{'D2'},{'D7'},{'R3'},{'R1'},{'R2'},&,3.0,&
{'D6'},{'D1'},{'D5'},{'D3'},{'D4'},{'D2'},{'R1'},{'R2'},{'R3'},{'D7'},&,1.0,&
{'D6'},{'D1'},{'D5'},{'D3'},{'D4'},{'D2'},{'R1'},{'D7'},{'R2'},{'R3'},&,3.0,&
{'D6'},{'D1'},{'D5'},{'D3'},{'D4'},{'D2'},{'R1'},{'D7'},{'R3'},{'R2'},&,2.0,&
{'D6'},{'D1'},{'D5'},{'D3'},{'D4'},{'R2'},{'D7'},{'D2'},{'R3'},{'R1'},&,1.0,&
{'D6'},{'D1'},{'D5'},{'D3'},{'D4'},{'R1'},{'D2'},{'D7'},{'R3'},{'R2'},&,1.0,&
{'D6'},{'D1'},{'D5'},{'D3'},{'D4'},{'R1'},{'D7'},{'D2'},{'R3'},{'R2'},&,1.0,&
{'D6'},{'D1'},{'D5'},{'D3'},{'D4'},{'R3'},{'D2'},{'D7'},{'R2'},{'R1'},&,2.0,&
{'D6'},{'D1'},{'D5'},{'D3'},{'D4'},{'R3'},{'D2'},{'D7'},{'R1'},{'R2'},&,1.0,&
{'D6'},{'D1'},{'D5'},{'D3'},{'D4'},{'R3'},{'D7'},{'D2'},{'R2'},{'R1'},&,1.0,&
{'D6'},{'D1'},{'D5'},{'D3'},{'D4'},{'R3'},{'D7'},{'D2'},{'R1'},{'R2'},&,1.0,&
{'D6'},{'D1'},{'D5'},{'D3'},{'R1'},{'D7'},{'D4'},{'D2'},{'R2'},{'R3'},&,1.0,&
{'D6'},{'D1'},{'D5'},{'R1'},{'D4'},{'D2'},{'D3'},{'D7'},{'R3'},{'R2'},&,1.0,&
{'D6'},{'D1'},{'D5'},{'D4'},{'D7'},{'D2'},{'R3'},{'R2'},{'D3'},{'R1'},&,1.0,&
{'D6'},{'D1'},{'D5'},{'D4'},{'D7'},{'D2'},{'R2'},{'D3'},{'R1'},{'R3'},&,1.0,&
{'D6'},{'D1'},{'D5'},{'D4'},{'D7'},{'D2'},{'D3'},{'R1'},{'R3'},{'R2'},&,2.0,&
{'D6'},{'D1'},{'D5'},{'D4'},{'D7'},{'D2'},{'D3'},{'R2'},{'R3'},{'R1'},&,1.0,&
{'D6'},{'D1'},{'D5'},{'D4'},{'D7'},{'D2'},{'D3'},{'R2'},{'R1'},{'R3'},&,1.0,&
{'D6'},{'D1'},{'D5'},{'D4'},{'D7'},{'D2'},{'R1'},{'D3'},{'R2'},{'R3'},&,1.0,&
{'D6'},{'D1'},{'D5'},{'D4'},{'D7'},{'D3'},{'R3'},{'D2'},{'R2'},{'R1'},&,1.0,&
{'D6'},{'D1'},{'D5'},{'D4'},{'D7'},{'D3'},{'R3'},{'D2'},{'R1'},{'R2'},&,2.0,&
{'D6'},{'D1'},{'D5'},{'D4'},{'D7'},{'D3'},{'D2'},{'R1'},{'R3'},{'R2'},&,1.0,&
{'D6'},{'D1'},{'D5'},{'D4'},{'D7'},{'D3'},{'D2'},{'R2'},{'R3'},{'R1'},&,6.0,&
{'D6'},{'D1'},{'D5'},{'D4'},{'D7'},{'D3'},{'D2'},{'R3'},{'R2'},{'R1'},&,5.0,&
{'D6'},{'D1'},{'D5'},{'D4'},{'D7'},{'D3'},{'D2'},{'R3'},{'R1'},{'R2'},&,4.0,&
{'D6'},{'D1'},{'D5'},{'D4'},{'D7'},{'D3'},{'R2'},{'D2'},{'R1'},{'R3'},&,1.0,&
{'D6'},{'D1'},{'D5'},{'D4'},{'D7'},{'D3'},{'R1'},{'R2'},{'D2'},{'R3'},&,2.0,&
{'D6'},{'D1'},{'D5'},{'D4'},{'D7'},{'R3'},{'D2'},{'D3'},{'R2'},{'R1'},&,1.0,&
{'D6'},{'D1'},{'D5'},{'D4'},{'D7'},{'R3'},{'D3'},{'D2'},{'R2'},{'R1'},&,1.0,&
{'D6'},{'D1'},{'D5'},{'D4'},{'D2'},{'D7'},{'D3'},{'R2'},{'R3'},{'R1'},&,1.0,&
{'D6'},{'D1'},{'D5'},{'D4'},{'D2'},{'D7'},{'D3'},{'R3'},{'R1'},{'R2'},&,1.0,&
{'D6'},{'D1'},{'D5'},{'D4'},{'D2'},{'D3'},{'R2'},{'D7'},{'R3'},{'R1'},&,1.0,&
{'D6'},{'D1'},{'D5'},{'D4'},{'D2'},{'D3'},{'D7'},{'R1'},{'R3'},{'R2'},&,2.0,&
{'D6'},{'D1'},{'D5'},{'D4'},{'D2'},{'D3'},{'D7'},{'R2'},{'R3'},{'R1'},&,2.0,&
{'D6'},{'D1'},{'D5'},{'D4'},{'D2'},{'D3'},{'D7'},{'R2'},{'R1'},{'R3'},&,1.0,&
{'D6'},{'D1'},{'D5'},{'D4'},{'D2'},{'D3'},{'R1'},{'R3'},{'D7'},{'R2'},&,1.0,&
{'D6'},{'D1'},{'D5'},{'D4'},{'D2'},{'R3'},{'D7'},{'D3'},{'R1'},{'R2'},&,1.0,&
{'D6'},{'D1'},{'D5'},{'D4'},{'D3'},{'D7'},{'R3'},{'D2'},{'R1'},{'R2'},&,2.0,&
{'D6'},{'D1'},{'D5'},{'D4'},{'D3'},{'D7'},{'D2'},{'R1'},{'R2'},{'R3'},&,2.0,&
{'D6'},{'D1'},{'D5'},{'D4'},{'D3'},{'D7'},{'D2'},{'R1'},{'R3'},{'R2'},&,3.0,&
{'D6'},{'D1'},{'D5'},{'D4'},{'D3'},{'D7'},{'D2'},{'R2'},{'R3'},{'R1'},&,3.0,&
{'D6'},{'D1'},{'D5'},{'D4'},{'D3'},{'D7'},{'D2'},{'R3'},{'R2'},{'R1'},&,6.0,&
{'D6'},{'D1'},{'D5'},{'D4'},{'D3'},{'D7'},{'D2'},{'R3'},{'R1'},{'R2'},&,9.0,&
{'D6'},{'D1'},{'D5'},{'D4'},{'D3'},{'D7'},{'R2'},{'D2'},{'R1'},{'R3'},&,2.0,&
{'D6'},{'D1'},{'D5'},{'D4'},{'D3'},{'D2'},{'R3'},{'D7'},{'R2'},{'R1'},&,1.0,&
{'D6'},{'D1'},{'D5'},{'D4'},{'D3'},{'D2'},{'R3'},{'D7'},{'R1'},{'R2'},&,1.0,&
{'D6'},{'D1'},{'D5'},{'D4'},{'D3'},{'D2'},{'R2'},{'R3'},{'R1'},{'D7'},&,1.0,&
{'D6'},{'D1'},{'D5'},{'D4'},{'D3'},{'D2'},{'D7'},{'R1'},{'R3'},{'R2'},&,2.0,&
{'D6'},{'D1'},{'D5'},{'D4'},{'D3'},{'D2'},{'D7'},{'R2'},{'R3'},{'R1'},&,3.0,&
{'D6'},{'D1'},{'D5'},{'D4'},{'D3'},{'D2'},{'D7'},{'R3'},{'R2'},{'R1'},&,3.0,&
{'D6'},{'D1'},{'D5'},{'D4'},{'D3'},{'D2'},{'D7'},{'R3'},{'R1'},{'R2'},&,1.0,&
{'D6'},{'D1'},{'D5'},{'D4'},{'D3'},{'R1'},{'D7'},{'D2'},{'R3'},{'R2'},&,2.0,&
{'D6'},{'D1'},{'D5'},{'D4'},{'D3'},{'R3'},{'D2'},{'R1'},{'R2'},{'D7'},&,1.0,&
{'D6'},{'D1'},{'D5'},{'D4'},{'D3'},{'R3'},{'D2'},{'D7'},{'R2'},{'R1'},&,1.0,&
{'D6'},{'D1'},{'D5'},{'D4'},{'R3'},{'D7'},{'D2'},{'D3'},{'R1'},{'R2'},&,1.0,&
{'D6'},{'D1'},{'D5'},{'D4'},{'R3'},{'D2'},{'D3'},{'D7'},{'R2'},{'R1'},&,1.0,&
{'D6'},{'D1'},{'D5'},{'D4'},{'R3'},{'D3'},{'D2'},{'D7'},{'R2'},{'R1'},&,1.0,&
{'D6'},{'D1'},{'D5'},{'D4'},{'R2'},{'D3'},{'D7'},{'D2'},{'R3'},{'R1'},&,1.0,&
{'D6'},{'D1'},{'D7'},{'D2'},{'D3'},{'D5'},{'R3'},{'D4'},{'R2'},{'R1'},&,1.0,&
{'D6'},{'D1'},{'D7'},{'D2'},{'D3'},{'D5'},{'D4'},{'R1'},{'R2'},{'R3'},&,1.0,&
{'D6'},{'D1'},{'D7'},{'D2'},{'D3'},{'D5'},{'D4'},{'R2'},{'R3'},{'R1'},&,1.0,&
{'D6'},{'D1'},{'D7'},{'D2'},{'D5'},{'D4'},{'R2'},{'D3'},{'R1'},{'R3'},&,1.0,&
{'D6'},{'D1'},{'D7'},{'D2'},{'D5'},{'D4'},{'D3'},{'R1'},{'R2'},{'R3'},&,2.0,&
{'D6'},{'D1'},{'D7'},{'D2'},{'D5'},{'D3'},{'D4'},{'R1'},{'R2'},{'R3'},&,1.0,&
{'D6'},{'D1'},{'D7'},{'D2'},{'D5'},{'D3'},{'D4'},{'R3'},{'R2'},{'R1'},&,2.0,&
{'D6'},{'D1'},{'D7'},{'D2'},{'D5'},{'D3'},{'D4'},{'R3'},{'R1'},{'R2'},&,1.0,&
{'D6'},{'D1'},{'D7'},{'D2'},{'D5'},{'D3'},{'R1'},{'D4'},{'R3'},{'R2'},&,1.0,&
{'D6'},{'D1'},{'D7'},{'D3'},{'D2'},{'D4'},{'D5'},{'R2'},{'R3'},{'R1'},&,1.0,&
{'D6'},{'D1'},{'D7'},{'D3'},{'D2'},{'D4'},{'D5'},{'R3'},{'R2'},{'R1'},&,1.0,&
{'D6'},{'D1'},{'D7'},{'D3'},{'D2'},{'D5'},{'D4'},{'R2'},{'R1'},{'R3'},&,1.0,&
{'D6'},{'D1'},{'D7'},{'D3'},{'D2'},{'D5'},{'D4'},{'R3'},{'R2'},{'R1'},&,1.0,&
{'D6'},{'D1'},{'D7'},{'D3'},{'D4'},{'D5'},{'R3'},{'D2'},{'R1'},{'R2'},&,1.0,&
{'D6'},{'D1'},{'D7'},{'D3'},{'D4'},{'D5'},{'D2'},{'R1'},{'R3'},{'R2'},&,1.0,&
{'D6'},{'D1'},{'D7'},{'D3'},{'D4'},{'D5'},{'D2'},{'R3'},{'R2'},{'R1'},&,1.0,&
{'D6'},{'D1'},{'D7'},{'D3'},{'D4'},{'D5'},{'D2'},{'R3'},{'R1'},{'R2'},&,1.0,&
{'D6'},{'D1'},{'D7'},{'D3'},{'D4'},{'D5'},{'R2'},{'R3'},{'D2'},{'R1'},&,1.0,&
{'D6'},{'D1'},{'D7'},{'D3'},{'D5'},{'D4'},{'R3'},{'D2'},{'R1'},{'R2'},&,1.0,&
{'D6'},{'D1'},{'D7'},{'D3'},{'D5'},{'D4'},{'R3'},{'R1'},{'D2'},{'R2'},&,1.0,&
{'D6'},{'D1'},{'D7'},{'D3'},{'D5'},{'D4'},{'D2'},{'R1'},{'R2'},{'R3'},&,1.0,&
{'D6'},{'D1'},{'D7'},{'D3'},{'D5'},{'D4'},{'D2'},{'R1'},{'R3'},{'R2'},&,3.0,&
{'D6'},{'D1'},{'D7'},{'D3'},{'D5'},{'D4'},{'D2'},{'R2'},{'R3'},{'R1'},&,1.0,&
{'D6'},{'D1'},{'D7'},{'D3'},{'D5'},{'D4'},{'D2'},{'R3'},{'R2'},{'R1'},&,1.0,&
{'D6'},{'D1'},{'D7'},{'D3'},{'D5'},{'D4'},{'D2'},{'R3'},{'R1'},{'R2'},&,3.0,&
{'D6'},{'D1'},{'D7'},{'D3'},{'D5'},{'D2'},{'R3'},{'R2'},{'R1'},{'D4'},&,1.0,&
{'D6'},{'D1'},{'D7'},{'D3'},{'D5'},{'D2'},{'D4'},{'R1'},{'R3'},{'R2'},&,1.0,&
{'D6'},{'D1'},{'D7'},{'D3'},{'D5'},{'D2'},{'D4'},{'R2'},{'R3'},{'R1'},&,2.0,&
{'D6'},{'D1'},{'D7'},{'D3'},{'D5'},{'D2'},{'D4'},{'R3'},{'R2'},{'R1'},&,2.0,&
{'D6'},{'D1'},{'D7'},{'D3'},{'D5'},{'D2'},{'D4'},{'R3'},{'R1'},{'R2'},&,1.0,&
{'D6'},{'D1'},{'D7'},{'D3'},{'D5'},{'R3'},{'R2'},{'D2'},{'R1'},{'D4'},&,1.0,&
{'D6'},{'D1'},{'D7'},{'D5'},{'D2'},{'D4'},{'D3'},{'R1'},{'R3'},{'R2'},&,1.0,&
{'D6'},{'D1'},{'D7'},{'D5'},{'D2'},{'D4'},{'D3'},{'R3'},{'R1'},{'R2'},&,2.0,&
{'D6'},{'D1'},{'D7'},{'D5'},{'D2'},{'D3'},{'R3'},{'D4'},{'R1'},{'R2'},&,1.0,&
{'D6'},{'D1'},{'D7'},{'D5'},{'D2'},{'D3'},{'D4'},{'R1'},{'R2'},{'R3'},&,1.0,&
{'D6'},{'D1'},{'D7'},{'D5'},{'D2'},{'D3'},{'D4'},{'R3'},{'R2'},{'R1'},&,1.0,&
{'D6'},{'D1'},{'D7'},{'D5'},{'D2'},{'R2'},{'D3'},{'D4'},{'R3'},{'R1'},&,1.0,&
{'D6'},{'D1'},{'D7'},{'D5'},{'D3'},{'D4'},{'R3'},{'D2'},{'R1'},{'R2'},&,2.0,&
{'D6'},{'D1'},{'D7'},{'D5'},{'D3'},{'D4'},{'R3'},{'R1'},{'R2'},{'D2'},&,1.0,&
{'D6'},{'D1'},{'D7'},{'D5'},{'D3'},{'D4'},{'R3'},{'R1'},{'D2'},{'R2'},&,1.0,&
{'D6'},{'D1'},{'D7'},{'D5'},{'D3'},{'D4'},{'R3'},{'R2'},{'R1'},{'D2'},&,1.0,&
{'D6'},{'D1'},{'D7'},{'D5'},{'D3'},{'D4'},{'D2'},{'R1'},{'R2'},{'R3'},&,1.0,&
{'D6'},{'D1'},{'D7'},{'D5'},{'D3'},{'D4'},{'D2'},{'R1'},{'R3'},{'R2'},&,1.0,&
{'D6'},{'D1'},{'D7'},{'D5'},{'D3'},{'D4'},{'D2'},{'R2'},{'R3'},{'R1'},&,1.0,&
{'D6'},{'D1'},{'D7'},{'D5'},{'D3'},{'D4'},{'D2'},{'R3'},{'R2'},{'R1'},&,1.0,&
{'D6'},{'D1'},{'D7'},{'D5'},{'D3'},{'D4'},{'D2'},{'R3'},{'R1'},{'R2'},&,3.0,&
{'D6'},{'D1'},{'D7'},{'D5'},{'D3'},{'D4'},{'R2'},{'D2'},{'R3'},{'R1'},&,1.0,&
{'D6'},{'D1'},{'D7'},{'D5'},{'D3'},{'D4'},{'R1'},{'D2'},{'R2'},{'R3'},&,1.0,&
{'D6'},{'D1'},{'D7'},{'D5'},{'D3'},{'D2'},{'R3'},{'D4'},{'R2'},{'R1'},&,3.0,&
{'D6'},{'D1'},{'D7'},{'D5'},{'D3'},{'D2'},{'D4'},{'R1'},{'R2'},{'R3'},&,1.0,&
{'D6'},{'D1'},{'D7'},{'D5'},{'D3'},{'D2'},{'D4'},{'R1'},{'R3'},{'R2'},&,1.0,&
{'D6'},{'D1'},{'D7'},{'D5'},{'D3'},{'D2'},{'D4'},{'R2'},{'R1'},{'R3'},&,1.0,&
{'D6'},{'D1'},{'D7'},{'D5'},{'D3'},{'D2'},{'D4'},{'R3'},{'R2'},{'R1'},&,2.0,&
{'D6'},{'D1'},{'D7'},{'D5'},{'D3'},{'D2'},{'D4'},{'R3'},{'R1'},{'R2'},&,3.0,&
{'D6'},{'D1'},{'D7'},{'D5'},{'D3'},{'R2'},{'D4'},{'D2'},{'R3'},{'R1'},&,1.0,&
{'D6'},{'D1'},{'D7'},{'D5'},{'D3'},{'R1'},{'D4'},{'D2'},{'R3'},{'R2'},&,1.0,&
{'D6'},{'D1'},{'D7'},{'D5'},{'D4'},{'D2'},{'D3'},{'R2'},{'R3'},{'R1'},&,1.0,&
{'D6'},{'D1'},{'D7'},{'D5'},{'D4'},{'D2'},{'D3'},{'R3'},{'R2'},{'R1'},&,2.0,&
{'D6'},{'D1'},{'D7'},{'D5'},{'D4'},{'D2'},{'R1'},{'D3'},{'R2'},{'R3'},&,1.0,&
{'D6'},{'D1'},{'D7'},{'D5'},{'D4'},{'D3'},{'R3'},{'D2'},{'R1'},{'R2'},&,1.0,&
{'D6'},{'D1'},{'D7'},{'D5'},{'D4'},{'D3'},{'D2'},{'R1'},{'R2'},{'R3'},&,3.0,&
{'D6'},{'D1'},{'D7'},{'D5'},{'D4'},{'D3'},{'D2'},{'R1'},{'R3'},{'R2'},&,3.0,&
{'D6'},{'D1'},{'D7'},{'D5'},{'D4'},{'D3'},{'D2'},{'R2'},{'R3'},{'R1'},&,2.0,&
{'D6'},{'D1'},{'D7'},{'D5'},{'D4'},{'D3'},{'D2'},{'R3'},{'R2'},{'R1'},&,1.0,&
{'D6'},{'D1'},{'D7'},{'D5'},{'D4'},{'D3'},{'R2'},{'D2'},{'R3'},{'R1'},&,1.0,&
{'D6'},{'D1'},{'D7'},{'D5'},{'R3'},{'D3'},{'D4'},{'D2'},{'R2'},{'R1'},&,1.0,&
{'D6'},{'D1'},{'D7'},{'D5'},{'R3'},{'D3'},{'D4'},{'D2'},{'R1'},{'R2'},&,1.0,&
{'D6'},{'D1'},{'D7'},{'D5'},{'R1'},{'D3'},{'D2'},{'R3'},{'D4'},{'R2'},&,1.0,&
{'D6'},{'D1'},{'D7'},{'D4'},{'D2'},{'D3'},{'R3'},{'D5'},{'R1'},{'R2'},&,1.0,&
{'D6'},{'D1'},{'D7'},{'D4'},{'D3'},{'D5'},{'D2'},{'R1'},{'R2'},{'R3'},&,1.0,&
{'D6'},{'D1'},{'D7'},{'D4'},{'D5'},{'D2'},{'R1'},{'D3'},{'R3'},{'R2'},&,1.0,&
{'D6'},{'D1'},{'D7'},{'D4'},{'D5'},{'D3'},{'R3'},{'D2'},{'R2'},{'R1'},&,1.0,&
{'D6'},{'D1'},{'D7'},{'D4'},{'D5'},{'D3'},{'R3'},{'D2'},{'R1'},{'R2'},&,1.0,&
{'D6'},{'D1'},{'D7'},{'D4'},{'D5'},{'D3'},{'D2'},{'R1'},{'R3'},{'R2'},&,3.0,&
{'D6'},{'D1'},{'D7'},{'D4'},{'D5'},{'D3'},{'D2'},{'R3'},{'R2'},{'R1'},&,2.0,&
{'D6'},{'D1'},{'D7'},{'D4'},{'D5'},{'D3'},{'D2'},{'R3'},{'R1'},{'R2'},&,1.0,&
{'D6'},{'D1'},{'D7'},{'D4'},{'D5'},{'D3'},{'R2'},{'R1'},{'R3'},{'D2'},&,1.0,&
{'D6'},{'D1'},{'D7'},{'D4'},{'R2'},{'D5'},{'D3'},{'R1'},{'R3'},{'D2'},&,1.0,&
{'D6'},{'D1'},{'D7'},{'R3'},{'D5'},{'D4'},{'D3'},{'D2'},{'R1'},{'R2'},&,1.0,&
{'D6'},{'D1'},{'D2'},{'D7'},{'D3'},{'D5'},{'R3'},{'D4'},{'R1'},{'R2'},&,1.0,&
{'D6'},{'D1'},{'D2'},{'D7'},{'D3'},{'D5'},{'D4'},{'R2'},{'R3'},{'R1'},&,1.0,&
{'D6'},{'D1'},{'D2'},{'D7'},{'D3'},{'D5'},{'D4'},{'R2'},{'R1'},{'R3'},&,1.0,&
{'D6'},{'D1'},{'D2'},{'D7'},{'D3'},{'D5'},{'D4'},{'R3'},{'R1'},{'R2'},&,1.0,&
{'D6'},{'D1'},{'D2'},{'D7'},{'D4'},{'D5'},{'D3'},{'R1'},{'R2'},{'R3'},&,1.0,&
{'D6'},{'D1'},{'D2'},{'D7'},{'D4'},{'D5'},{'D3'},{'R2'},{'R1'},{'R3'},&,1.0,&
{'D6'},{'D1'},{'D2'},{'D7'},{'D4'},{'D3'},{'R3'},{'D5'},{'R1'},{'R2'},&,1.0,&
{'D6'},{'D1'},{'D2'},{'D7'},{'D5'},{'D3'},{'D4'},{'R1'},{'R2'},{'R3'},&,1.0,&
{'D6'},{'D1'},{'D2'},{'D7'},{'D5'},{'D3'},{'D4'},{'R2'},{'R3'},{'R1'},&,1.0,&
{'D6'},{'D1'},{'D2'},{'D7'},{'D5'},{'D3'},{'D4'},{'R3'},{'R2'},{'R1'},&,1.0,&
{'D6'},{'D1'},{'D2'},{'D3'},{'D4'},{'D7'},{'D5'},{'R1'},{'R2'},{'R3'},&,1.0,&
{'D6'},{'D1'},{'D2'},{'D3'},{'D4'},{'D7'},{'D5'},{'R1'},{'R3'},{'R2'},&,1.0,&
{'D6'},{'D1'},{'D2'},{'D3'},{'D4'},{'D7'},{'D5'},{'R2'},{'R3'},{'R1'},&,1.0,&
{'D6'},{'D1'},{'D2'},{'D3'},{'D5'},{'D4'},{'D7'},{'R1'},{'R3'},{'R2'},&,1.0,&
{'D6'},{'D1'},{'D2'},{'D3'},{'D5'},{'D4'},{'D7'},{'R2'},{'R1'},{'R3'},&,1.0,&
{'D6'},{'D1'},{'D2'},{'D3'},{'D5'},{'D4'},{'D7'},{'R3'},{'R2'},{'R1'},&,2.0,&
{'D6'},{'D1'},{'D2'},{'D3'},{'D5'},{'D7'},{'D4'},{'R1'},{'R3'},{'R2'},&,1.0,&
{'D6'},{'D1'},{'D2'},{'D3'},{'D5'},{'D7'},{'D4'},{'R3'},{'R2'},{'R1'},&,1.0,&
{'D6'},{'D1'},{'D2'},{'D3'},{'D5'},{'D7'},{'D4'},{'R3'},{'R1'},{'R2'},&,2.0,&
{'D6'},{'D1'},{'D2'},{'D3'},{'D5'},{'R3'},{'D4'},{'D7'},{'R1'},{'R2'},&,1.0,&
{'D6'},{'D1'},{'D2'},{'D5'},{'D7'},{'D3'},{'R3'},{'D4'},{'R2'},{'R1'},&,1.0,&
{'D6'},{'D1'},{'D2'},{'D5'},{'D7'},{'D3'},{'D4'},{'R1'},{'R3'},{'R2'},&,2.0,&
{'D6'},{'D1'},{'D2'},{'D5'},{'D7'},{'D3'},{'D4'},{'R2'},{'R3'},{'R1'},&,1.0,&
{'D6'},{'D1'},{'D2'},{'D5'},{'D3'},{'D4'},{'R2'},{'D7'},{'R3'},{'R1'},&,1.0,&
{'D6'},{'D1'},{'D2'},{'D5'},{'D3'},{'D4'},{'D7'},{'R1'},{'R2'},{'R3'},&,1.0,&
{'D6'},{'D1'},{'D2'},{'D5'},{'D3'},{'D4'},{'D7'},{'R2'},{'R3'},{'R1'},&,2.0,&
{'D6'},{'D1'},{'D2'},{'D5'},{'D3'},{'D4'},{'D7'},{'R3'},{'R2'},{'R1'},&,1.0,&
{'D6'},{'D1'},{'D2'},{'D5'},{'D3'},{'D7'},{'R3'},{'R1'},{'D4'},{'R2'},&,1.0,&
{'D6'},{'D1'},{'D2'},{'D5'},{'D3'},{'D7'},{'R3'},{'R2'},{'D4'},{'R1'},&,1.0,&
{'D6'},{'D1'},{'D2'},{'D5'},{'D3'},{'D7'},{'R3'},{'D4'},{'R2'},{'R1'},&,1.0,&
{'D6'},{'D1'},{'D2'},{'D5'},{'D3'},{'D7'},{'D4'},{'R1'},{'R3'},{'R2'},&,1.0,&
{'D6'},{'D1'},{'D2'},{'D5'},{'D3'},{'D7'},{'D4'},{'R3'},{'R2'},{'R1'},&,2.0,&
{'D6'},{'D1'},{'D2'},{'D5'},{'D3'},{'D7'},{'D4'},{'R3'},{'R1'},{'R2'},&,1.0,&
{'D6'},{'D1'},{'D2'},{'D5'},{'D4'},{'D7'},{'R3'},{'D3'},{'R1'},{'R2'},&,2.0,&
{'D6'},{'D1'},{'D2'},{'D5'},{'D4'},{'D7'},{'D3'},{'R3'},{'R2'},{'R1'},&,1.0,&
{'D6'},{'D1'},{'D2'},{'D5'},{'D4'},{'D7'},{'D3'},{'R3'},{'R1'},{'R2'},&,1.0,&
{'D6'},{'D1'},{'D2'},{'D5'},{'D4'},{'D3'},{'R3'},{'D7'},{'R1'},{'R2'},&,1.0,&
{'D6'},{'D1'},{'D2'},{'D5'},{'D4'},{'D3'},{'D7'},{'R2'},{'R3'},{'R1'},&,1.0,&
{'D6'},{'D1'},{'D2'},{'D5'},{'D4'},{'D3'},{'D7'},{'R2'},{'R1'},{'R3'},&,1.0,&
{'D6'},{'D1'},{'D2'},{'D5'},{'D4'},{'D3'},{'D7'},{'R3'},{'R2'},{'R1'},&,2.0,&
{'D6'},{'D1'},{'D2'},{'D5'},{'D4'},{'D3'},{'D7'},{'R3'},{'R1'},{'R2'},&,1.0,&
{'D6'},{'D1'},{'D2'},{'D5'},{'D4'},{'R3'},{'D7'},{'D3'},{'R1'},{'R2'},&,1.0,&
{'D6'},{'D1'},{'D2'},{'D4'},{'D5'},{'D3'},{'D7'},{'R3'},{'R1'},{'R2'},&,1.0,&
{'D6'},{'D1'},{'D2'},{'D4'},{'D5'},{'R3'},{'D3'},{'D7'},{'R1'},{'R2'},&,1.0,&
{'D6'},{'D2'},{'D4'},{'D7'},{'D1'},{'D5'},{'D3'},{'R3'},{'R2'},{'R1'},&,1.0,&
{'D6'},{'D2'},{'D4'},{'D7'},{'D3'},{'D1'},{'D5'},{'R2'},{'R3'},{'R1'},&,1.0,&
{'D6'},{'D2'},{'D4'},{'D7'},{'D3'},{'D5'},{'R3'},{'D1'},{'R1'},{'R2'},&,1.0,&
{'D6'},{'D2'},{'D4'},{'D7'},{'D3'},{'D5'},{'D1'},{'R2'},{'R3'},{'R1'},&,1.0,&
{'D6'},{'D2'},{'D4'},{'D7'},{'D3'},{'D5'},{'D1'},{'R3'},{'R2'},{'R1'},&,1.0,&
{'D6'},{'D2'},{'D4'},{'D7'},{'D3'},{'D5'},{'D1'},{'R3'},{'R1'},{'R2'},&,1.0,&
{'D6'},{'D2'},{'D4'},{'D7'},{'D5'},{'D1'},{'D3'},{'R3'},{'R1'},{'R2'},&,1.0,&
{'D6'},{'D2'},{'D4'},{'D7'},{'D5'},{'D3'},{'R2'},{'D1'},{'R3'},{'R1'},&,1.0,&
{'D6'},{'D2'},{'D4'},{'D1'},{'D3'},{'D5'},{'D7'},{'R1'},{'R3'},{'R2'},&,1.0,&
{'D6'},{'D2'},{'D4'},{'D1'},{'D3'},{'D5'},{'D7'},{'R3'},{'R1'},{'R2'},&,1.0,&
{'D6'},{'D2'},{'D4'},{'D1'},{'D5'},{'D7'},{'D3'},{'R1'},{'R2'},{'R3'},&,1.0,&
{'D6'},{'D2'},{'D4'},{'D1'},{'D5'},{'D7'},{'D3'},{'R3'},{'R1'},{'R2'},&,1.0,&
{'D6'},{'D2'},{'D4'},{'D1'},{'D5'},{'D3'},{'R3'},{'R2'},{'R1'},{'D7'},&,1.0,&
{'D6'},{'D2'},{'D4'},{'D1'},{'D5'},{'D3'},{'D7'},{'R3'},{'R2'},{'R1'},&,1.0,&
{'D6'},{'D2'},{'D4'},{'D1'},{'D5'},{'D3'},{'R1'},{'D7'},{'R3'},{'R2'},&,1.0,&
{'D6'},{'D2'},{'D4'},{'D1'},{'R3'},{'D3'},{'D5'},{'R1'},{'R2'},{'D7'},&,1.0,&
{'D6'},{'D2'},{'D4'},{'D3'},{'D1'},{'D7'},{'D5'},{'R2'},{'R3'},{'R1'},&,1.0,&
{'D6'},{'D2'},{'D4'},{'D3'},{'D1'},{'D5'},{'R3'},{'D7'},{'R2'},{'R1'},&,1.0,&
{'D6'},{'D2'},{'D4'},{'D3'},{'D1'},{'D5'},{'D7'},{'R3'},{'R1'},{'R2'},&,1.0,&
{'D6'},{'D2'},{'D4'},{'D3'},{'D7'},{'D5'},{'D1'},{'R2'},{'R3'},{'R1'},&,2.0,&
{'D6'},{'D2'},{'D4'},{'D3'},{'D5'},{'D7'},{'R3'},{'D1'},{'R1'},{'R2'},&,1.0,&
{'D6'},{'D2'},{'D4'},{'D3'},{'D5'},{'D7'},{'D1'},{'R1'},{'R3'},{'R2'},&,2.0,&
{'D6'},{'D2'},{'D4'},{'D3'},{'D5'},{'D7'},{'D1'},{'R3'},{'R1'},{'R2'},&,4.0,&
{'D6'},{'D2'},{'D4'},{'D3'},{'D5'},{'D1'},{'D7'},{'R3'},{'R1'},{'R2'},&,2.0,&
{'D6'},{'D2'},{'D4'},{'D3'},{'D5'},{'R2'},{'D7'},{'D1'},{'R3'},{'R1'},&,1.0,&
{'D6'},{'D2'},{'D4'},{'D5'},{'D1'},{'D7'},{'D3'},{'R3'},{'R2'},{'R1'},&,1.0,&
{'D6'},{'D2'},{'D4'},{'D5'},{'D1'},{'D3'},{'R3'},{'R2'},{'D7'},{'R1'},&,1.0,&
{'D6'},{'D2'},{'D4'},{'D5'},{'D1'},{'D3'},{'D7'},{'R1'},{'R2'},{'R3'},&,2.0,&
{'D6'},{'D2'},{'D4'},{'D5'},{'D1'},{'D3'},{'D7'},{'R1'},{'R3'},{'R2'},&,3.0,&
{'D6'},{'D2'},{'D4'},{'D5'},{'D1'},{'D3'},{'D7'},{'R3'},{'R2'},{'R1'},&,1.0,&
{'D6'},{'D2'},{'D4'},{'D5'},{'D1'},{'D3'},{'R1'},{'D7'},{'R2'},{'R3'},&,1.0,&
{'D6'},{'D2'},{'D4'},{'D5'},{'D7'},{'D1'},{'R3'},{'D3'},{'R2'},{'R1'},&,1.0,&
{'D6'},{'D2'},{'D4'},{'D5'},{'D7'},{'D1'},{'R3'},{'D3'},{'R1'},{'R2'},&,1.0,&
{'D6'},{'D2'},{'D4'},{'D5'},{'D7'},{'D1'},{'D3'},{'R1'},{'R3'},{'R2'},&,1.0,&
{'D6'},{'D2'},{'D4'},{'D5'},{'D7'},{'D1'},{'D3'},{'R2'},{'R3'},{'R1'},&,1.0,&
{'D6'},{'D2'},{'D4'},{'D5'},{'D7'},{'D1'},{'D3'},{'R3'},{'R2'},{'R1'},&,1.0,&
{'D6'},{'D2'},{'D4'},{'D5'},{'D7'},{'D3'},{'R3'},{'D1'},{'R2'},{'R1'},&,1.0,&
{'D6'},{'D2'},{'D4'},{'D5'},{'D7'},{'D3'},{'R3'},{'D1'},{'R1'},{'R2'},&,1.0,&
{'D6'},{'D2'},{'D4'},{'D5'},{'D7'},{'D3'},{'D1'},{'R1'},{'R3'},{'R2'},&,2.0,&
{'D6'},{'D2'},{'D4'},{'D5'},{'D7'},{'D3'},{'D1'},{'R2'},{'R3'},{'R1'},&,1.0,&
{'D6'},{'D2'},{'D4'},{'D5'},{'D7'},{'D3'},{'R1'},{'R3'},{'D1'},{'R2'},&,1.0,&
{'D6'},{'D2'},{'D4'},{'D5'},{'D3'},{'D7'},{'D1'},{'R1'},{'R2'},{'R3'},&,4.0,&
{'D6'},{'D2'},{'D4'},{'D5'},{'D3'},{'D7'},{'D1'},{'R1'},{'R3'},{'R2'},&,1.0,&
{'D6'},{'D2'},{'D4'},{'D5'},{'D3'},{'D7'},{'D1'},{'R2'},{'R3'},{'R1'},&,1.0,&
{'D6'},{'D2'},{'D4'},{'D5'},{'D3'},{'D7'},{'D1'},{'R3'},{'R2'},{'R1'},&,2.0,&
{'D6'},{'D2'},{'D4'},{'D5'},{'D3'},{'D1'},{'R3'},{'D7'},{'R1'},{'R2'},&,2.0,&
{'D6'},{'D2'},{'D4'},{'D5'},{'D3'},{'D1'},{'D7'},{'R1'},{'R2'},{'R3'},&,1.0,&
{'D6'},{'D2'},{'D4'},{'D5'},{'D3'},{'D1'},{'D7'},{'R1'},{'R3'},{'R2'},&,1.0,&
{'D6'},{'D2'},{'D4'},{'D5'},{'D3'},{'D1'},{'D7'},{'R2'},{'R3'},{'R1'},&,1.0,&
{'D6'},{'D2'},{'D4'},{'D5'},{'D3'},{'D1'},{'D7'},{'R3'},{'R2'},{'R1'},&,1.0,&
{'D6'},{'D2'},{'D4'},{'D5'},{'D3'},{'D1'},{'D7'},{'R3'},{'R1'},{'R2'},&,1.0,&
{'D6'},{'D2'},{'D4'},{'D5'},{'R2'},{'D1'},{'D3'},{'D7'},{'R3'},{'R1'},&,1.0,&
{'D6'},{'D2'},{'D3'},{'D7'},{'D1'},{'D5'},{'D4'},{'R1'},{'R3'},{'R2'},&,1.0,&
{'D6'},{'D2'},{'D3'},{'D7'},{'D1'},{'D5'},{'D4'},{'R3'},{'R2'},{'R1'},&,1.0,&
{'D6'},{'D2'},{'D3'},{'D7'},{'D1'},{'D5'},{'D4'},{'R3'},{'R1'},{'R2'},&,1.0,&
{'D6'},{'D2'},{'D3'},{'D7'},{'D4'},{'D5'},{'R3'},{'D1'},{'R1'},{'R2'},&,2.0,&
{'D6'},{'D2'},{'D3'},{'D7'},{'D4'},{'D5'},{'D1'},{'R2'},{'R3'},{'R1'},&,1.0,&
{'D6'},{'D2'},{'D3'},{'D7'},{'D4'},{'D5'},{'D1'},{'R2'},{'R1'},{'R3'},&,1.0,&
{'D6'},{'D2'},{'D3'},{'D7'},{'D4'},{'D5'},{'D1'},{'R3'},{'R2'},{'R1'},&,1.0,&
{'D6'},{'D2'},{'D3'},{'D7'},{'D4'},{'D5'},{'D1'},{'R3'},{'R1'},{'R2'},&,1.0,&
{'D6'},{'D2'},{'D3'},{'D7'},{'D5'},{'D4'},{'D1'},{'R1'},{'R3'},{'R2'},&,2.0,&
{'D6'},{'D2'},{'D3'},{'D7'},{'D5'},{'D4'},{'D1'},{'R2'},{'R1'},{'R3'},&,1.0,&
{'D6'},{'D2'},{'D3'},{'D7'},{'D5'},{'D4'},{'D1'},{'R3'},{'R2'},{'R1'},&,1.0,&
{'D6'},{'D2'},{'D3'},{'D7'},{'D5'},{'D4'},{'D1'},{'R3'},{'R1'},{'R2'},&,1.0,&
{'D6'},{'D2'},{'D3'},{'D7'},{'D5'},{'D1'},{'R3'},{'D4'},{'R2'},{'R1'},&,1.0,&
{'D6'},{'D2'},{'D3'},{'D7'},{'D5'},{'D1'},{'D4'},{'R1'},{'R3'},{'R2'},&,1.0,&
{'D6'},{'D2'},{'D3'},{'D7'},{'D5'},{'D1'},{'D4'},{'R2'},{'R3'},{'R1'},&,1.0,&
{'D6'},{'D2'},{'D3'},{'D7'},{'D5'},{'D1'},{'D4'},{'R3'},{'R2'},{'R1'},&,4.0,&
{'D6'},{'D2'},{'D3'},{'D7'},{'D5'},{'D1'},{'D4'},{'R3'},{'R1'},{'R2'},&,2.0,&
{'D6'},{'D2'},{'D3'},{'D7'},{'D5'},{'D1'},{'R2'},{'D4'},{'R3'},{'R1'},&,1.0,&
{'D6'},{'D2'},{'D3'},{'D7'},{'D5'},{'D1'},{'R1'},{'R3'},{'R2'},{'D4'},&,1.0,&
{'D6'},{'D2'},{'D3'},{'D7'},{'D5'},{'D1'},{'R1'},{'D4'},{'R3'},{'R2'},&,1.0,&
{'D6'},{'D2'},{'D3'},{'D7'},{'D5'},{'R1'},{'D4'},{'D1'},{'R2'},{'R3'},&,1.0,&
{'D6'},{'D2'},{'D3'},{'D7'},{'D5'},{'R1'},{'D4'},{'D1'},{'R3'},{'R2'},&,1.0,&
{'D6'},{'D2'},{'D3'},{'D7'},{'R3'},{'D5'},{'D1'},{'D4'},{'R2'},{'R1'},&,1.0,&
{'D6'},{'D2'},{'D3'},{'D7'},{'R1'},{'D5'},{'D4'},{'D1'},{'R3'},{'R2'},&,1.0,&
{'D6'},{'D2'},{'D3'},{'D1'},{'D7'},{'D4'},{'D5'},{'R3'},{'R1'},{'R2'},&,2.0,&
{'D6'},{'D2'},{'D3'},{'D1'},{'D7'},{'D5'},{'D4'},{'R3'},{'R1'},{'R2'},&,2.0,&
{'D6'},{'D2'},{'D3'},{'D1'},{'D4'},{'D5'},{'D7'},{'R2'},{'R3'},{'R1'},&,1.0,&
{'D6'},{'D2'},{'D3'},{'D1'},{'D4'},{'D5'},{'D7'},{'R3'},{'R2'},{'R1'},&,1.0,&
{'D6'},{'D2'},{'D3'},{'D1'},{'D4'},{'R3'},{'D5'},{'D7'},{'R1'},{'R2'},&,1.0,&
{'D6'},{'D2'},{'D3'},{'D1'},{'D5'},{'D4'},{'R3'},{'R2'},{'D7'},{'R1'},&,1.0,&
{'D6'},{'D2'},{'D3'},{'D1'},{'D5'},{'D4'},{'R2'},{'D7'},{'R1'},{'R3'},&,1.0,&
{'D6'},{'D2'},{'D3'},{'D1'},{'D5'},{'D4'},{'D7'},{'R1'},{'R3'},{'R2'},&,1.0,&
{'D6'},{'D2'},{'D3'},{'D1'},{'D5'},{'D4'},{'D7'},{'R3'},{'R2'},{'R1'},&,1.0,&
{'D6'},{'D2'},{'D3'},{'D1'},{'D5'},{'D7'},{'D4'},{'R3'},{'R2'},{'R1'},&,1.0,&
{'D6'},{'D2'},{'D3'},{'D1'},{'D5'},{'D7'},{'D4'},{'R3'},{'R1'},{'R2'},&,1.0,&
{'D6'},{'D2'},{'D3'},{'D1'},{'D5'},{'D7'},{'R2'},{'D4'},{'R3'},{'R1'},&,1.0,&
{'D6'},{'D2'},{'D3'},{'D1'},{'R3'},{'D5'},{'D7'},{'R1'},{'D4'},{'R2'},&,1.0,&
{'D6'},{'D2'},{'D3'},{'D5'},{'D1'},{'D4'},{'R3'},{'D7'},{'R1'},{'R2'},&,2.0,&
{'D6'},{'D2'},{'D3'},{'D5'},{'D1'},{'D4'},{'R2'},{'R3'},{'R1'},{'D7'},&,1.0,&
{'D6'},{'D2'},{'D3'},{'D5'},{'D1'},{'D4'},{'R2'},{'D7'},{'R3'},{'R1'},&,2.0,&
{'D6'},{'D2'},{'D3'},{'D5'},{'D1'},{'D4'},{'D7'},{'R1'},{'R3'},{'R2'},&,1.0,&
{'D6'},{'D2'},{'D3'},{'D5'},{'D1'},{'D4'},{'D7'},{'R2'},{'R3'},{'R1'},&,5.0,&
{'D6'},{'D2'},{'D3'},{'D5'},{'D1'},{'D4'},{'D7'},{'R3'},{'R2'},{'R1'},&,2.0,&
{'D6'},{'D2'},{'D3'},{'D5'},{'D1'},{'D4'},{'D7'},{'R3'},{'R1'},{'R2'},&,2.0,&
{'D6'},{'D2'},{'D3'},{'D5'},{'D1'},{'D4'},{'R1'},{'D7'},{'R2'},{'R3'},&,1.0,&
{'D6'},{'D2'},{'D3'},{'D5'},{'D1'},{'D4'},{'R1'},{'D7'},{'R3'},{'R2'},&,1.0,&
{'D6'},{'D2'},{'D3'},{'D5'},{'D1'},{'D7'},{'R3'},{'R1'},{'D4'},{'R2'},&,1.0,&
{'D6'},{'D2'},{'D3'},{'D5'},{'D1'},{'D7'},{'R3'},{'D4'},{'R1'},{'R2'},&,1.0,&
{'D6'},{'D2'},{'D3'},{'D5'},{'D1'},{'D7'},{'D4'},{'R1'},{'R2'},{'R3'},&,1.0,&
{'D6'},{'D2'},{'D3'},{'D5'},{'D1'},{'D7'},{'D4'},{'R2'},{'R3'},{'R1'},&,1.0,&
{'D6'},{'D2'},{'D3'},{'D5'},{'D1'},{'D7'},{'D4'},{'R3'},{'R2'},{'R1'},&,1.0,&
{'D6'},{'D2'},{'D3'},{'D5'},{'D1'},{'D7'},{'D4'},{'R3'},{'R1'},{'R2'},&,2.0,&
{'D6'},{'D2'},{'D3'},{'D5'},{'D1'},{'R2'},{'D7'},{'D4'},{'R1'},{'R3'},&,1.0,&
{'D6'},{'D2'},{'D3'},{'D5'},{'D1'},{'R3'},{'D7'},{'R1'},{'R2'},{'D4'},&,1.0,&
{'D6'},{'D2'},{'D3'},{'D5'},{'D7'},{'D4'},{'R3'},{'R2'},{'D1'},{'R1'},&,1.0,&
{'D6'},{'D2'},{'D3'},{'D5'},{'D7'},{'D4'},{'R3'},{'D1'},{'R1'},{'R2'},&,1.0,&
{'D6'},{'D2'},{'D3'},{'D5'},{'D7'},{'D4'},{'D1'},{'R1'},{'R3'},{'R2'},&,2.0,&
{'D6'},{'D2'},{'D3'},{'D5'},{'D7'},{'D4'},{'D1'},{'R2'},{'R1'},{'R3'},&,1.0,&
{'D6'},{'D2'},{'D3'},{'D5'},{'D7'},{'D4'},{'D1'},{'R3'},{'R2'},{'R1'},&,3.0,&
{'D6'},{'D2'},{'D3'},{'D5'},{'D7'},{'D4'},{'D1'},{'R3'},{'R1'},{'R2'},&,6.0,&
{'D6'},{'D2'},{'D3'},{'D5'},{'D7'},{'D4'},{'R2'},{'D1'},{'R3'},{'R1'},&,2.0,&
{'D6'},{'D2'},{'D3'},{'D5'},{'D7'},{'D4'},{'R2'},{'D1'},{'R1'},{'R3'},&,1.0,&
{'D6'},{'D2'},{'D3'},{'D5'},{'D7'},{'D4'},{'R1'},{'D1'},{'R3'},{'R2'},&,1.0,&
{'D6'},{'D2'},{'D3'},{'D5'},{'D7'},{'D1'},{'R3'},{'D4'},{'R2'},{'R1'},&,3.0,&
{'D6'},{'D2'},{'D3'},{'D5'},{'D7'},{'D1'},{'D4'},{'R1'},{'R2'},{'R3'},&,2.0,&
{'D6'},{'D2'},{'D3'},{'D5'},{'D7'},{'D1'},{'D4'},{'R1'},{'R3'},{'R2'},&,1.0,&
{'D6'},{'D2'},{'D3'},{'D5'},{'D7'},{'D1'},{'D4'},{'R3'},{'R2'},{'R1'},&,4.0,&
{'D6'},{'D2'},{'D3'},{'D5'},{'D7'},{'D1'},{'D4'},{'R3'},{'R1'},{'R2'},&,3.0,&
{'D6'},{'D2'},{'D3'},{'D5'},{'D7'},{'D1'},{'R2'},{'R3'},{'D4'},{'R1'},&,1.0,&
{'D6'},{'D2'},{'D3'},{'D5'},{'D7'},{'D1'},{'R1'},{'D4'},{'R3'},{'R2'},&,1.0,&
{'D6'},{'D2'},{'D3'},{'D5'},{'D4'},{'D7'},{'D1'},{'R1'},{'R2'},{'R3'},&,1.0,&
{'D6'},{'D2'},{'D3'},{'D5'},{'D4'},{'D7'},{'D1'},{'R1'},{'R3'},{'R2'},&,4.0,&
{'D6'},{'D2'},{'D3'},{'D5'},{'D4'},{'D7'},{'D1'},{'R2'},{'R3'},{'R1'},&,1.0,&
{'D6'},{'D2'},{'D3'},{'D5'},{'D4'},{'D7'},{'D1'},{'R2'},{'R1'},{'R3'},&,1.0,&
{'D6'},{'D2'},{'D3'},{'D5'},{'D4'},{'D7'},{'D1'},{'R3'},{'R2'},{'R1'},&,2.0,&
{'D6'},{'D2'},{'D3'},{'D5'},{'D4'},{'D7'},{'D1'},{'R3'},{'R1'},{'R2'},&,2.0,&
{'D6'},{'D2'},{'D3'},{'D5'},{'D4'},{'D7'},{'R2'},{'D1'},{'R3'},{'R1'},&,1.0,&
{'D6'},{'D2'},{'D3'},{'D5'},{'D4'},{'D7'},{'R1'},{'D1'},{'R3'},{'R2'},&,1.0,&
{'D6'},{'D2'},{'D3'},{'D5'},{'D4'},{'D1'},{'R3'},{'R2'},{'D7'},{'R1'},&,2.0,&
{'D6'},{'D2'},{'D3'},{'D5'},{'D4'},{'D1'},{'R3'},{'D7'},{'R2'},{'R1'},&,1.0,&
{'D6'},{'D2'},{'D3'},{'D5'},{'D4'},{'D1'},{'R3'},{'D7'},{'R1'},{'R2'},&,1.0,&
{'D6'},{'D2'},{'D3'},{'D5'},{'D4'},{'D1'},{'R2'},{'D7'},{'R1'},{'R3'},&,2.0,&
{'D6'},{'D2'},{'D3'},{'D5'},{'D4'},{'D1'},{'D7'},{'R1'},{'R3'},{'R2'},&,4.0,&
{'D6'},{'D2'},{'D3'},{'D5'},{'D4'},{'D1'},{'D7'},{'R3'},{'R2'},{'R1'},&,6.0,&
{'D6'},{'D2'},{'D3'},{'D5'},{'D4'},{'D1'},{'D7'},{'R3'},{'R1'},{'R2'},&,3.0,&
{'D6'},{'D2'},{'D3'},{'D5'},{'D4'},{'R3'},{'D7'},{'D1'},{'R2'},{'R1'},&,1.0,&
{'D6'},{'D2'},{'D3'},{'D5'},{'R3'},{'D7'},{'D4'},{'D1'},{'R1'},{'R2'},&,1.0,&
{'D6'},{'D2'},{'D3'},{'R1'},{'D4'},{'D5'},{'R2'},{'D1'},{'D7'},{'R3'},&,1.0,&
{'D6'},{'D2'},{'D3'},{'D4'},{'D1'},{'D7'},{'D5'},{'R3'},{'R2'},{'R1'},&,1.0,&
{'D6'},{'D2'},{'D3'},{'D4'},{'D1'},{'D5'},{'R3'},{'R2'},{'D7'},{'R1'},&,1.0,&
{'D6'},{'D2'},{'D3'},{'D4'},{'D1'},{'D5'},{'D7'},{'R3'},{'R1'},{'R2'},&,1.0,&
{'D6'},{'D2'},{'D3'},{'D4'},{'D7'},{'D1'},{'R3'},{'D5'},{'R1'},{'R2'},&,1.0,&
{'D6'},{'D2'},{'D3'},{'D4'},{'D7'},{'D5'},{'R3'},{'D1'},{'R1'},{'R2'},&,1.0,&
{'D6'},{'D2'},{'D3'},{'D4'},{'D7'},{'D5'},{'D1'},{'R1'},{'R2'},{'R3'},&,1.0,&
{'D6'},{'D2'},{'D3'},{'D4'},{'D7'},{'D5'},{'D1'},{'R1'},{'R3'},{'R2'},&,1.0,&
{'D6'},{'D2'},{'D3'},{'D4'},{'D7'},{'D5'},{'D1'},{'R3'},{'R2'},{'R1'},&,2.0,&
{'D6'},{'D2'},{'D3'},{'D4'},{'D7'},{'D5'},{'D1'},{'R3'},{'R1'},{'R2'},&,2.0,&
{'D6'},{'D2'},{'D3'},{'D4'},{'D7'},{'R1'},{'D5'},{'D1'},{'R2'},{'R3'},&,1.0,&
{'D6'},{'D2'},{'D3'},{'D4'},{'D5'},{'D7'},{'R3'},{'D1'},{'R2'},{'R1'},&,1.0,&
{'D6'},{'D2'},{'D3'},{'D4'},{'D5'},{'D7'},{'D1'},{'R1'},{'R3'},{'R2'},&,2.0,&
{'D6'},{'D2'},{'D3'},{'D4'},{'D5'},{'D7'},{'D1'},{'R3'},{'R1'},{'R2'},&,2.0,&
{'D6'},{'D2'},{'D3'},{'D4'},{'D5'},{'D7'},{'R2'},{'D1'},{'R3'},{'R1'},&,1.0,&
{'D6'},{'D2'},{'D3'},{'D4'},{'D5'},{'D7'},{'R1'},{'R3'},{'D1'},{'R2'},&,1.0,&
{'D6'},{'D2'},{'D3'},{'D4'},{'D5'},{'D7'},{'R1'},{'D1'},{'R3'},{'R2'},&,1.0,&
{'D6'},{'D2'},{'D3'},{'D4'},{'D5'},{'D1'},{'D7'},{'R1'},{'R3'},{'R2'},&,2.0,&
{'D6'},{'D2'},{'D3'},{'D4'},{'D5'},{'D1'},{'D7'},{'R2'},{'R3'},{'R1'},&,1.0,&
{'D6'},{'D2'},{'D3'},{'D4'},{'D5'},{'D1'},{'D7'},{'R3'},{'R2'},{'R1'},&,3.0,&
{'D6'},{'D2'},{'D3'},{'D4'},{'D5'},{'D1'},{'R1'},{'D7'},{'R3'},{'R2'},&,1.0,&
{'D6'},{'D2'},{'D3'},{'D4'},{'D5'},{'R3'},{'D7'},{'D1'},{'R1'},{'R2'},&,1.0,&
{'D6'},{'D2'},{'D3'},{'R3'},{'D5'},{'D1'},{'D7'},{'R1'},{'D4'},{'R2'},&,1.0,&
{'D6'},{'D2'},{'D5'},{'D7'},{'D1'},{'D4'},{'R3'},{'R2'},{'D3'},{'R1'},&,1.0,&
{'D6'},{'D2'},{'D5'},{'D7'},{'D1'},{'D4'},{'D3'},{'R1'},{'R3'},{'R2'},&,3.0,&
{'D6'},{'D2'},{'D5'},{'D7'},{'D1'},{'D4'},{'D3'},{'R3'},{'R2'},{'R1'},&,1.0,&
{'D6'},{'D2'},{'D5'},{'D7'},{'D1'},{'D3'},{'R3'},{'D4'},{'R1'},{'R2'},&,1.0,&
{'D6'},{'D2'},{'D5'},{'D7'},{'D1'},{'D3'},{'D4'},{'R1'},{'R2'},{'R3'},&,1.0,&
{'D6'},{'D2'},{'D5'},{'D7'},{'D1'},{'D3'},{'D4'},{'R1'},{'R3'},{'R2'},&,1.0,&
{'D6'},{'D2'},{'D5'},{'D7'},{'D1'},{'D3'},{'D4'},{'R2'},{'R3'},{'R1'},&,2.0,&
{'D6'},{'D2'},{'D5'},{'D7'},{'D1'},{'D3'},{'D4'},{'R3'},{'R2'},{'R1'},&,1.0,&
{'D6'},{'D2'},{'D5'},{'D7'},{'D1'},{'D3'},{'D4'},{'R3'},{'R1'},{'R2'},&,5.0,&
{'D6'},{'D2'},{'D5'},{'D7'},{'D1'},{'D3'},{'R1'},{'R3'},{'D4'},{'R2'},&,1.0,&
{'D6'},{'D2'},{'D5'},{'D7'},{'D3'},{'D4'},{'R3'},{'D1'},{'R2'},{'R1'},&,1.0,&
{'D6'},{'D2'},{'D5'},{'D7'},{'D3'},{'D4'},{'R3'},{'D1'},{'R1'},{'R2'},&,1.0,&
{'D6'},{'D2'},{'D5'},{'D7'},{'D3'},{'D4'},{'D1'},{'R1'},{'R2'},{'R3'},&,1.0,&
{'D6'},{'D2'},{'D5'},{'D7'},{'D3'},{'D4'},{'D1'},{'R1'},{'R3'},{'R2'},&,4.0,&
{'D6'},{'D2'},{'D5'},{'D7'},{'D3'},{'D4'},{'D1'},{'R2'},{'R3'},{'R1'},&,3.0,&
{'D6'},{'D2'},{'D5'},{'D7'},{'D3'},{'D4'},{'D1'},{'R2'},{'R1'},{'R3'},&,2.0,&
{'D6'},{'D2'},{'D5'},{'D7'},{'D3'},{'D4'},{'D1'},{'R3'},{'R1'},{'R2'},&,8.0,&
{'D6'},{'D2'},{'D5'},{'D7'},{'D3'},{'D4'},{'R1'},{'R2'},{'D1'},{'R3'},&,1.0,&
{'D6'},{'D2'},{'D5'},{'D7'},{'D3'},{'D4'},{'R1'},{'D1'},{'R3'},{'R2'},&,1.0,&
{'D6'},{'D2'},{'D5'},{'D7'},{'D3'},{'D1'},{'R3'},{'D4'},{'R2'},{'R1'},&,2.0,&
{'D6'},{'D2'},{'D5'},{'D7'},{'D3'},{'D1'},{'D4'},{'R1'},{'R3'},{'R2'},&,2.0,&
{'D6'},{'D2'},{'D5'},{'D7'},{'D3'},{'D1'},{'D4'},{'R3'},{'R2'},{'R1'},&,2.0,&
{'D6'},{'D2'},{'D5'},{'D7'},{'D3'},{'D1'},{'D4'},{'R3'},{'R1'},{'R2'},&,7.0,&
{'D6'},{'D2'},{'D5'},{'D7'},{'D3'},{'D1'},{'R2'},{'R1'},{'R3'},{'D4'},&,1.0,&
{'D6'},{'D2'},{'D5'},{'D7'},{'D3'},{'D1'},{'R1'},{'D4'},{'R3'},{'R2'},&,1.0,&
{'D6'},{'D2'},{'D5'},{'D7'},{'D3'},{'R3'},{'D1'},{'D4'},{'R2'},{'R1'},&,1.0,&
{'D6'},{'D2'},{'D5'},{'D7'},{'D3'},{'R3'},{'D1'},{'D4'},{'R1'},{'R2'},&,1.0,&
{'D6'},{'D2'},{'D5'},{'D7'},{'D4'},{'D1'},{'D3'},{'R3'},{'R2'},{'R1'},&,1.0,&
{'D6'},{'D2'},{'D5'},{'D7'},{'D4'},{'D1'},{'D3'},{'R3'},{'R1'},{'R2'},&,4.0,&
{'D6'},{'D2'},{'D5'},{'D7'},{'D4'},{'D3'},{'R3'},{'D1'},{'R2'},{'R1'},&,1.0,&
{'D6'},{'D2'},{'D5'},{'D7'},{'D4'},{'D3'},{'D1'},{'R1'},{'R3'},{'R2'},&,2.0,&
{'D6'},{'D2'},{'D5'},{'D7'},{'D4'},{'D3'},{'D1'},{'R2'},{'R3'},{'R1'},&,2.0,&
{'D6'},{'D2'},{'D5'},{'D7'},{'D4'},{'D3'},{'D1'},{'R3'},{'R2'},{'R1'},&,2.0,&
{'D6'},{'D2'},{'D5'},{'D7'},{'D4'},{'D3'},{'D1'},{'R3'},{'R1'},{'R2'},&,3.0,&
{'D6'},{'D2'},{'D5'},{'D7'},{'R3'},{'D3'},{'D1'},{'D4'},{'R2'},{'R1'},&,1.0,&
{'D6'},{'D2'},{'D5'},{'D7'},{'R2'},{'D3'},{'D1'},{'D4'},{'R3'},{'R1'},&,1.0,&
{'D6'},{'D2'},{'D5'},{'D1'},{'D7'},{'D4'},{'D3'},{'R1'},{'R3'},{'R2'},&,1.0,&
{'D6'},{'D2'},{'D5'},{'D1'},{'D7'},{'D4'},{'D3'},{'R3'},{'R2'},{'R1'},&,2.0,&
{'D6'},{'D2'},{'D5'},{'D1'},{'D7'},{'D4'},{'R1'},{'D3'},{'R3'},{'R2'},&,1.0,&
{'D6'},{'D2'},{'D5'},{'D1'},{'D7'},{'D3'},{'R3'},{'R2'},{'R1'},{'D4'},&,1.0,&
{'D6'},{'D2'},{'D5'},{'D1'},{'D7'},{'D3'},{'D4'},{'R3'},{'R1'},{'R2'},&,2.0,&
{'D6'},{'D2'},{'D5'},{'D1'},{'D7'},{'D3'},{'R2'},{'R1'},{'D4'},{'R3'},&,1.0,&
{'D6'},{'D2'},{'D5'},{'D1'},{'D7'},{'R3'},{'R2'},{'D3'},{'D4'},{'R1'},&,1.0,&
{'D6'},{'D2'},{'D5'},{'D1'},{'D7'},{'R3'},{'D3'},{'D4'},{'R1'},{'R2'},&,1.0,&
{'D6'},{'D2'},{'D5'},{'D1'},{'D3'},{'D4'},{'D7'},{'R1'},{'R3'},{'R2'},&,1.0,&
{'D6'},{'D2'},{'D5'},{'D1'},{'D3'},{'D4'},{'D7'},{'R2'},{'R3'},{'R1'},&,3.0,&
{'D6'},{'D2'},{'D5'},{'D1'},{'D3'},{'D4'},{'D7'},{'R3'},{'R2'},{'R1'},&,1.0,&
{'D6'},{'D2'},{'D5'},{'D1'},{'D3'},{'D4'},{'D7'},{'R3'},{'R1'},{'R2'},&,2.0,&
{'D6'},{'D2'},{'D5'},{'D1'},{'D3'},{'D7'},{'R3'},{'R1'},{'D4'},{'R2'},&,1.0,&
{'D6'},{'D2'},{'D5'},{'D1'},{'D3'},{'D7'},{'R3'},{'D4'},{'R1'},{'R2'},&,1.0,&
{'D6'},{'D2'},{'D5'},{'D1'},{'D3'},{'D7'},{'D4'},{'R1'},{'R2'},{'R3'},&,1.0,&
{'D6'},{'D2'},{'D5'},{'D1'},{'D3'},{'D7'},{'D4'},{'R1'},{'R3'},{'R2'},&,3.0,&
{'D6'},{'D2'},{'D5'},{'D1'},{'D3'},{'D7'},{'D4'},{'R2'},{'R3'},{'R1'},&,1.0,&
{'D6'},{'D2'},{'D5'},{'D1'},{'D3'},{'D7'},{'D4'},{'R2'},{'R1'},{'R3'},&,1.0,&
{'D6'},{'D2'},{'D5'},{'D1'},{'D3'},{'D7'},{'D4'},{'R3'},{'R2'},{'R1'},&,2.0,&
{'D6'},{'D2'},{'D5'},{'D1'},{'D3'},{'D7'},{'D4'},{'R3'},{'R1'},{'R2'},&,1.0,&
{'D6'},{'D2'},{'D5'},{'D1'},{'D3'},{'D7'},{'R2'},{'D4'},{'R3'},{'R1'},&,1.0,&
{'D6'},{'D2'},{'D5'},{'D1'},{'D3'},{'R3'},{'D4'},{'R1'},{'D7'},{'R2'},&,1.0,&
{'D6'},{'D2'},{'D5'},{'D1'},{'D4'},{'D7'},{'R3'},{'D3'},{'R2'},{'R1'},&,1.0,&
{'D6'},{'D2'},{'D5'},{'D1'},{'D4'},{'D7'},{'R2'},{'R3'},{'D3'},{'R1'},&,1.0,&
{'D6'},{'D2'},{'D5'},{'D1'},{'D4'},{'D7'},{'D3'},{'R2'},{'R3'},{'R1'},&,1.0,&
{'D6'},{'D2'},{'D5'},{'D1'},{'D4'},{'D3'},{'D7'},{'R1'},{'R3'},{'R2'},&,1.0,&
{'D6'},{'D2'},{'D5'},{'D1'},{'D4'},{'D3'},{'D7'},{'R2'},{'R3'},{'R1'},&,1.0,&
{'D6'},{'D2'},{'D5'},{'D1'},{'D4'},{'D3'},{'D7'},{'R3'},{'R1'},{'R2'},&,1.0,&
{'D6'},{'D2'},{'D5'},{'D1'},{'D4'},{'R1'},{'D7'},{'D3'},{'R3'},{'R2'},&,1.0,&
{'D6'},{'D2'},{'D5'},{'D3'},{'D1'},{'D4'},{'D7'},{'R1'},{'R3'},{'R2'},&,1.0,&
{'D6'},{'D2'},{'D5'},{'D3'},{'D1'},{'D4'},{'D7'},{'R2'},{'R3'},{'R1'},&,2.0,&
{'D6'},{'D2'},{'D5'},{'D3'},{'D1'},{'D4'},{'D7'},{'R3'},{'R2'},{'R1'},&,3.0,&
{'D6'},{'D2'},{'D5'},{'D3'},{'D1'},{'D4'},{'D7'},{'R3'},{'R1'},{'R2'},&,3.0,&
{'D6'},{'D2'},{'D5'},{'D3'},{'D1'},{'D7'},{'R3'},{'D4'},{'R2'},{'R1'},&,1.0,&
{'D6'},{'D2'},{'D5'},{'D3'},{'D1'},{'D7'},{'D4'},{'R1'},{'R2'},{'R3'},&,1.0,&
{'D6'},{'D2'},{'D5'},{'D3'},{'D1'},{'D7'},{'D4'},{'R1'},{'R3'},{'R2'},&,4.0,&
{'D6'},{'D2'},{'D5'},{'D3'},{'D1'},{'D7'},{'D4'},{'R2'},{'R3'},{'R1'},&,2.0,&
{'D6'},{'D2'},{'D5'},{'D3'},{'D1'},{'D7'},{'D4'},{'R2'},{'R1'},{'R3'},&,1.0,&
{'D6'},{'D2'},{'D5'},{'D3'},{'D1'},{'D7'},{'D4'},{'R3'},{'R2'},{'R1'},&,5.0,&
{'D6'},{'D2'},{'D5'},{'D3'},{'D1'},{'D7'},{'D4'},{'R3'},{'R1'},{'R2'},&,6.0,&
{'D6'},{'D2'},{'D5'},{'D3'},{'D1'},{'D7'},{'R2'},{'D4'},{'R3'},{'R1'},&,1.0,&
{'D6'},{'D2'},{'D5'},{'D3'},{'D1'},{'D7'},{'R1'},{'R3'},{'D4'},{'R2'},&,1.0,&
{'D6'},{'D2'},{'D5'},{'D3'},{'D7'},{'D4'},{'R3'},{'D1'},{'R2'},{'R1'},&,1.0,&
{'D6'},{'D2'},{'D5'},{'D3'},{'D7'},{'D4'},{'D1'},{'R1'},{'R2'},{'R3'},&,2.0,&
{'D6'},{'D2'},{'D5'},{'D3'},{'D7'},{'D4'},{'D1'},{'R1'},{'R3'},{'R2'},&,4.0,&
{'D6'},{'D2'},{'D5'},{'D3'},{'D7'},{'D4'},{'D1'},{'R2'},{'R3'},{'R1'},&,3.0,&
{'D6'},{'D2'},{'D5'},{'D3'},{'D7'},{'D4'},{'D1'},{'R3'},{'R2'},{'R1'},&,3.0,&
{'D6'},{'D2'},{'D5'},{'D3'},{'D7'},{'D4'},{'D1'},{'R3'},{'R1'},{'R2'},&,5.0,&
{'D6'},{'D2'},{'D5'},{'D3'},{'D7'},{'D4'},{'R1'},{'R3'},{'R2'},{'D1'},&,1.0,&
{'D6'},{'D2'},{'D5'},{'D3'},{'D7'},{'D1'},{'R3'},{'D4'},{'R1'},{'R2'},&,1.0,&
{'D6'},{'D2'},{'D5'},{'D3'},{'D7'},{'D1'},{'D4'},{'R1'},{'R2'},{'R3'},&,1.0,&
{'D6'},{'D2'},{'D5'},{'D3'},{'D7'},{'D1'},{'D4'},{'R1'},{'R3'},{'R2'},&,3.0,&
{'D6'},{'D2'},{'D5'},{'D3'},{'D7'},{'D1'},{'D4'},{'R2'},{'R3'},{'R1'},&,3.0,&
{'D6'},{'D2'},{'D5'},{'D3'},{'D7'},{'D1'},{'D4'},{'R3'},{'R2'},{'R1'},&,7.0,&
{'D6'},{'D2'},{'D5'},{'D3'},{'D7'},{'D1'},{'D4'},{'R3'},{'R1'},{'R2'},&,2.0,&
{'D6'},{'D2'},{'D5'},{'D3'},{'D7'},{'D1'},{'R2'},{'D4'},{'R3'},{'R1'},&,1.0,&
{'D6'},{'D2'},{'D5'},{'D3'},{'D7'},{'D1'},{'R1'},{'D4'},{'R3'},{'R2'},&,2.0,&
{'D6'},{'D2'},{'D5'},{'D3'},{'D7'},{'R2'},{'D4'},{'R3'},{'D1'},{'R1'},&,1.0,&
{'D6'},{'D2'},{'D5'},{'D3'},{'D7'},{'R1'},{'D1'},{'D4'},{'R3'},{'R2'},&,1.0,&
{'D6'},{'D2'},{'D5'},{'D3'},{'D7'},{'R1'},{'D4'},{'R3'},{'D1'},{'R2'},&,1.0,&
{'D6'},{'D2'},{'D5'},{'D3'},{'D7'},{'R3'},{'D1'},{'D4'},{'R2'},{'R1'},&,1.0,&
{'D6'},{'D2'},{'D5'},{'D3'},{'D7'},{'R3'},{'D1'},{'D4'},{'R1'},{'R2'},&,1.0,&
{'D6'},{'D2'},{'D5'},{'D3'},{'D4'},{'D7'},{'R3'},{'R1'},{'D1'},{'R2'},&,2.0,&
{'D6'},{'D2'},{'D5'},{'D3'},{'D4'},{'D7'},{'R3'},{'D1'},{'R2'},{'R1'},&,1.0,&
{'D6'},{'D2'},{'D5'},{'D3'},{'D4'},{'D7'},{'R3'},{'D1'},{'R1'},{'R2'},&,1.0,&
{'D6'},{'D2'},{'D5'},{'D3'},{'D4'},{'D7'},{'D1'},{'R1'},{'R2'},{'R3'},&,1.0,&
{'D6'},{'D2'},{'D5'},{'D3'},{'D4'},{'D7'},{'D1'},{'R1'},{'R3'},{'R2'},&,2.0,&
{'D6'},{'D2'},{'D5'},{'D3'},{'D4'},{'D7'},{'D1'},{'R2'},{'R3'},{'R1'},&,2.0,&
{'D6'},{'D2'},{'D5'},{'D3'},{'D4'},{'D7'},{'D1'},{'R2'},{'R1'},{'R3'},&,1.0,&
{'D6'},{'D2'},{'D5'},{'D3'},{'D4'},{'D7'},{'D1'},{'R3'},{'R2'},{'R1'},&,6.0,&
{'D6'},{'D2'},{'D5'},{'D3'},{'D4'},{'D7'},{'D1'},{'R3'},{'R1'},{'R2'},&,7.0,&
{'D6'},{'D2'},{'D5'},{'D3'},{'D4'},{'D7'},{'R1'},{'D1'},{'R2'},{'R3'},&,1.0,&
{'D6'},{'D2'},{'D5'},{'D3'},{'D4'},{'D1'},{'R3'},{'R1'},{'R2'},{'D7'},&,1.0,&
{'D6'},{'D2'},{'D5'},{'D3'},{'D4'},{'D1'},{'R3'},{'D7'},{'R2'},{'R1'},&,1.0,&
{'D6'},{'D2'},{'D5'},{'D3'},{'D4'},{'D1'},{'R3'},{'D7'},{'R1'},{'R2'},&,2.0,&
{'D6'},{'D2'},{'D5'},{'D3'},{'D4'},{'D1'},{'R2'},{'D7'},{'R3'},{'R1'},&,1.0,&
{'D6'},{'D2'},{'D5'},{'D3'},{'D4'},{'D1'},{'D7'},{'R1'},{'R2'},{'R3'},&,1.0,&
{'D6'},{'D2'},{'D5'},{'D3'},{'D4'},{'D1'},{'D7'},{'R1'},{'R3'},{'R2'},&,3.0,&
{'D6'},{'D2'},{'D5'},{'D3'},{'D4'},{'D1'},{'D7'},{'R2'},{'R3'},{'R1'},&,2.0,&
{'D6'},{'D2'},{'D5'},{'D3'},{'D4'},{'D1'},{'D7'},{'R2'},{'R1'},{'R3'},&,2.0,&
{'D6'},{'D2'},{'D5'},{'D3'},{'D4'},{'D1'},{'D7'},{'R3'},{'R2'},{'R1'},&,1.0,&
{'D6'},{'D2'},{'D5'},{'D3'},{'D4'},{'D1'},{'D7'},{'R3'},{'R1'},{'R2'},&,10.0,&
{'D6'},{'D2'},{'D5'},{'D3'},{'D4'},{'D1'},{'R1'},{'D7'},{'R2'},{'R3'},&,1.0,&
{'D6'},{'D2'},{'D5'},{'D3'},{'D4'},{'R1'},{'D7'},{'D1'},{'R2'},{'R3'},&,1.0,&
{'D6'},{'D2'},{'D5'},{'D3'},{'D4'},{'R3'},{'D1'},{'D7'},{'R2'},{'R1'},&,1.0,&
{'D6'},{'D2'},{'D5'},{'D3'},{'D4'},{'R3'},{'D7'},{'R1'},{'D1'},{'R2'},&,1.0,&
{'D6'},{'D2'},{'D5'},{'D3'},{'R3'},{'D7'},{'D4'},{'D1'},{'R1'},{'R2'},&,1.0,&
{'D6'},{'D2'},{'D5'},{'D3'},{'R2'},{'D4'},{'D7'},{'D1'},{'R3'},{'R1'},&,1.0,&
{'D6'},{'D2'},{'D5'},{'D3'},{'R1'},{'D1'},{'D7'},{'R3'},{'D4'},{'R2'},&,1.0,&
{'D6'},{'D2'},{'D5'},{'D4'},{'D1'},{'D7'},{'D3'},{'R2'},{'R3'},{'R1'},&,1.0,&
{'D6'},{'D2'},{'D5'},{'D4'},{'D1'},{'D7'},{'D3'},{'R2'},{'R1'},{'R3'},&,1.0,&
{'D6'},{'D2'},{'D5'},{'D4'},{'D1'},{'D7'},{'D3'},{'R3'},{'R2'},{'R1'},&,2.0,&
{'D6'},{'D2'},{'D5'},{'D4'},{'D1'},{'D7'},{'D3'},{'R3'},{'R1'},{'R2'},&,4.0,&
{'D6'},{'D2'},{'D5'},{'D4'},{'D1'},{'D3'},{'R3'},{'R1'},{'R2'},{'D7'},&,1.0,&
{'D6'},{'D2'},{'D5'},{'D4'},{'D1'},{'D3'},{'R3'},{'D7'},{'R1'},{'R2'},&,2.0,&
{'D6'},{'D2'},{'D5'},{'D4'},{'D1'},{'D3'},{'D7'},{'R3'},{'R2'},{'R1'},&,1.0,&
{'D6'},{'D2'},{'D5'},{'D4'},{'D1'},{'D3'},{'D7'},{'R3'},{'R1'},{'R2'},&,3.0,&
{'D6'},{'D2'},{'D5'},{'D4'},{'D1'},{'R3'},{'D3'},{'D7'},{'R2'},{'R1'},&,2.0,&
{'D6'},{'D2'},{'D5'},{'D4'},{'D7'},{'D1'},{'D3'},{'R3'},{'R2'},{'R1'},&,2.0,&
{'D6'},{'D2'},{'D5'},{'D4'},{'D7'},{'D1'},{'D3'},{'R3'},{'R1'},{'R2'},&,1.0,&
{'D6'},{'D2'},{'D5'},{'D4'},{'D7'},{'D3'},{'R3'},{'D1'},{'R2'},{'R1'},&,1.0,&
{'D6'},{'D2'},{'D5'},{'D4'},{'D7'},{'D3'},{'R3'},{'D1'},{'R1'},{'R2'},&,1.0,&
{'D6'},{'D2'},{'D5'},{'D4'},{'D7'},{'D3'},{'D1'},{'R1'},{'R2'},{'R3'},&,1.0,&
{'D6'},{'D2'},{'D5'},{'D4'},{'D7'},{'D3'},{'D1'},{'R1'},{'R3'},{'R2'},&,4.0,&
{'D6'},{'D2'},{'D5'},{'D4'},{'D7'},{'D3'},{'D1'},{'R3'},{'R2'},{'R1'},&,2.0,&
{'D6'},{'D2'},{'D5'},{'D4'},{'D7'},{'D3'},{'D1'},{'R3'},{'R1'},{'R2'},&,3.0,&
{'D6'},{'D2'},{'D5'},{'D4'},{'D7'},{'D3'},{'R1'},{'D1'},{'R2'},{'R3'},&,1.0,&
{'D6'},{'D2'},{'D5'},{'D4'},{'D7'},{'R3'},{'D1'},{'R1'},{'D3'},{'R2'},&,1.0,&
{'D6'},{'D2'},{'D5'},{'D4'},{'D7'},{'R3'},{'D3'},{'D1'},{'R2'},{'R1'},&,1.0,&
{'D6'},{'D2'},{'D5'},{'D4'},{'D3'},{'D7'},{'R3'},{'D1'},{'R2'},{'R1'},&,1.0,&
{'D6'},{'D2'},{'D5'},{'D4'},{'D3'},{'D7'},{'R3'},{'D1'},{'R1'},{'R2'},&,1.0,&
{'D6'},{'D2'},{'D5'},{'D4'},{'D3'},{'D7'},{'D1'},{'R1'},{'R2'},{'R3'},&,1.0,&
{'D6'},{'D2'},{'D5'},{'D4'},{'D3'},{'D7'},{'D1'},{'R1'},{'R3'},{'R2'},&,3.0,&
{'D6'},{'D2'},{'D5'},{'D4'},{'D3'},{'D7'},{'D1'},{'R2'},{'R3'},{'R1'},&,1.0,&
{'D6'},{'D2'},{'D5'},{'D4'},{'D3'},{'D7'},{'D1'},{'R2'},{'R1'},{'R3'},&,1.0,&
{'D6'},{'D2'},{'D5'},{'D4'},{'D3'},{'D7'},{'D1'},{'R3'},{'R2'},{'R1'},&,5.0,&
{'D6'},{'D2'},{'D5'},{'D4'},{'D3'},{'D7'},{'D1'},{'R3'},{'R1'},{'R2'},&,3.0,&
{'D6'},{'D2'},{'D5'},{'D4'},{'D3'},{'D7'},{'R2'},{'D1'},{'R3'},{'R1'},&,2.0,&
{'D6'},{'D2'},{'D5'},{'D4'},{'D3'},{'D7'},{'R1'},{'R3'},{'D1'},{'R2'},&,1.0,&
{'D6'},{'D2'},{'D5'},{'D4'},{'D3'},{'D1'},{'R3'},{'R2'},{'D7'},{'R1'},&,1.0,&
{'D6'},{'D2'},{'D5'},{'D4'},{'D3'},{'D1'},{'R3'},{'D7'},{'R2'},{'R1'},&,3.0,&
{'D6'},{'D2'},{'D5'},{'D4'},{'D3'},{'D1'},{'R3'},{'D7'},{'R1'},{'R2'},&,1.0,&
{'D6'},{'D2'},{'D5'},{'D4'},{'D3'},{'D1'},{'R2'},{'D7'},{'R1'},{'R3'},&,1.0,&
{'D6'},{'D2'},{'D5'},{'D4'},{'D3'},{'D1'},{'D7'},{'R1'},{'R3'},{'R2'},&,2.0,&
{'D6'},{'D2'},{'D5'},{'D4'},{'D3'},{'D1'},{'D7'},{'R2'},{'R3'},{'R1'},&,3.0,&
{'D6'},{'D2'},{'D5'},{'D4'},{'D3'},{'D1'},{'D7'},{'R2'},{'R1'},{'R3'},&,1.0,&
{'D6'},{'D2'},{'D5'},{'D4'},{'D3'},{'D1'},{'D7'},{'R3'},{'R2'},{'R1'},&,4.0,&
{'D6'},{'D2'},{'D5'},{'D4'},{'D3'},{'D1'},{'D7'},{'R3'},{'R1'},{'R2'},&,3.0,&
{'D6'},{'D2'},{'D5'},{'D4'},{'D3'},{'D1'},{'R1'},{'D7'},{'R3'},{'R2'},&,1.0,&
{'D6'},{'D2'},{'D5'},{'D4'},{'D3'},{'R1'},{'D1'},{'D7'},{'R3'},{'R2'},&,1.0,&
{'D6'},{'D2'},{'D5'},{'D4'},{'D3'},{'R3'},{'D7'},{'D1'},{'R2'},{'R1'},&,1.0,&
{'D6'},{'D2'},{'D5'},{'D4'},{'R3'},{'D3'},{'D1'},{'D7'},{'R1'},{'R2'},&,1.0,&
{'D6'},{'D2'},{'D5'},{'D4'},{'R1'},{'D3'},{'D7'},{'D1'},{'R3'},{'R2'},&,1.0,&
{'D6'},{'D2'},{'D5'},{'R3'},{'D3'},{'D4'},{'D7'},{'D1'},{'R1'},{'R2'},&,1.0,&
{'D6'},{'D2'},{'D1'},{'D7'},{'D5'},{'D3'},{'D4'},{'R3'},{'R2'},{'R1'},&,1.0,&
{'D6'},{'D2'},{'D1'},{'D3'},{'D7'},{'D5'},{'R3'},{'D4'},{'R2'},{'R1'},&,1.0,&
{'D6'},{'D2'},{'D1'},{'D3'},{'D7'},{'D5'},{'D4'},{'R3'},{'R1'},{'R2'},&,1.0,&
{'D6'},{'D2'},{'D1'},{'D3'},{'D7'},{'D5'},{'R2'},{'R3'},{'D4'},{'R1'},&,1.0,&
{'D6'},{'D2'},{'D1'},{'D3'},{'D7'},{'R3'},{'D5'},{'D4'},{'R1'},{'R2'},&,1.0,&
{'D6'},{'D2'},{'D1'},{'D3'},{'D4'},{'D7'},{'R3'},{'D5'},{'R1'},{'R2'},&,1.0,&
{'D6'},{'D2'},{'D1'},{'D3'},{'D4'},{'D7'},{'D5'},{'R3'},{'R1'},{'R2'},&,1.0,&
{'D6'},{'D2'},{'D1'},{'D3'},{'D4'},{'D5'},{'R3'},{'R1'},{'D7'},{'R2'},&,1.0,&
{'D6'},{'D2'},{'D1'},{'D3'},{'D4'},{'D5'},{'D7'},{'R2'},{'R3'},{'R1'},&,1.0,&
{'D6'},{'D2'},{'D1'},{'D3'},{'D5'},{'D4'},{'R3'},{'D7'},{'R1'},{'R2'},&,1.0,&
{'D6'},{'D2'},{'D1'},{'D3'},{'D5'},{'D4'},{'R2'},{'D7'},{'R3'},{'R1'},&,1.0,&
{'D6'},{'D2'},{'D1'},{'D3'},{'D5'},{'D4'},{'D7'},{'R1'},{'R2'},{'R3'},&,1.0,&
{'D6'},{'D2'},{'D1'},{'D3'},{'D5'},{'D4'},{'D7'},{'R1'},{'R3'},{'R2'},&,1.0,&
{'D6'},{'D2'},{'D1'},{'D3'},{'D5'},{'D7'},{'R3'},{'D4'},{'R1'},{'R2'},&,1.0,&
{'D6'},{'D2'},{'D1'},{'D3'},{'D5'},{'D7'},{'D4'},{'R3'},{'R2'},{'R1'},&,3.0,&
{'D6'},{'D2'},{'D1'},{'D3'},{'D5'},{'R2'},{'D4'},{'R1'},{'R3'},{'D7'},&,1.0,&
{'D6'},{'D2'},{'D1'},{'D3'},{'D5'},{'R2'},{'D4'},{'D7'},{'R1'},{'R3'},&,1.0,&
{'D6'},{'D2'},{'D1'},{'D5'},{'D7'},{'D4'},{'R3'},{'R1'},{'D3'},{'R2'},&,1.0,&
{'D6'},{'D2'},{'D1'},{'D5'},{'D7'},{'D4'},{'D3'},{'R2'},{'R1'},{'R3'},&,2.0,&
{'D6'},{'D2'},{'D1'},{'D5'},{'D7'},{'D4'},{'D3'},{'R3'},{'R2'},{'R1'},&,1.0,&
{'D6'},{'D2'},{'D1'},{'D5'},{'D7'},{'D3'},{'D4'},{'R2'},{'R1'},{'R3'},&,1.0,&
{'D6'},{'D2'},{'D1'},{'D5'},{'D7'},{'D3'},{'D4'},{'R3'},{'R2'},{'R1'},&,3.0,&
{'D6'},{'D2'},{'D1'},{'D5'},{'D3'},{'D4'},{'R3'},{'D7'},{'R2'},{'R1'},&,1.0,&
{'D6'},{'D2'},{'D1'},{'D5'},{'D3'},{'D4'},{'R3'},{'D7'},{'R1'},{'R2'},&,1.0,&
{'D6'},{'D2'},{'D1'},{'D5'},{'D3'},{'D4'},{'D7'},{'R2'},{'R3'},{'R1'},&,2.0,&
{'D6'},{'D2'},{'D1'},{'D5'},{'D3'},{'D4'},{'D7'},{'R3'},{'R1'},{'R2'},&,3.0,&
{'D6'},{'D2'},{'D1'},{'D5'},{'D3'},{'D4'},{'R1'},{'D7'},{'R3'},{'R2'},&,1.0,&
{'D6'},{'D2'},{'D1'},{'D5'},{'D3'},{'D7'},{'D4'},{'R1'},{'R2'},{'R3'},&,1.0,&
{'D6'},{'D2'},{'D1'},{'D5'},{'D3'},{'D7'},{'D4'},{'R2'},{'R3'},{'R1'},&,1.0,&
{'D6'},{'D2'},{'D1'},{'D5'},{'D3'},{'D7'},{'D4'},{'R2'},{'R1'},{'R3'},&,1.0,&
{'D6'},{'D2'},{'D1'},{'D5'},{'D3'},{'D7'},{'D4'},{'R3'},{'R2'},{'R1'},&,3.0,&
{'D6'},{'D2'},{'D1'},{'D5'},{'D3'},{'D7'},{'D4'},{'R3'},{'R1'},{'R2'},&,3.0,&
{'D6'},{'D2'},{'D1'},{'D5'},{'D3'},{'D7'},{'R1'},{'D4'},{'R3'},{'R2'},&,1.0,&
{'D6'},{'D2'},{'D1'},{'D5'},{'D4'},{'D7'},{'R3'},{'R2'},{'D3'},{'R1'},&,1.0,&
{'D6'},{'D2'},{'D1'},{'D5'},{'D4'},{'D7'},{'D3'},{'R1'},{'R3'},{'R2'},&,1.0,&
{'D6'},{'D2'},{'D1'},{'D5'},{'D4'},{'D7'},{'D3'},{'R3'},{'R2'},{'R1'},&,1.0,&
{'D6'},{'D2'},{'D1'},{'D5'},{'D4'},{'D7'},{'D3'},{'R3'},{'R1'},{'R2'},&,1.0,&
{'D6'},{'D2'},{'D1'},{'D5'},{'D4'},{'D3'},{'D7'},{'R2'},{'R3'},{'R1'},&,1.0,&
{'D6'},{'D2'},{'D1'},{'D5'},{'D4'},{'D3'},{'D7'},{'R3'},{'R1'},{'R2'},&,1.0,&
{'D6'},{'D2'},{'D1'},{'D4'},{'D7'},{'D5'},{'D3'},{'R1'},{'R3'},{'R2'},&,1.0,&
{'D6'},{'D2'},{'D1'},{'D4'},{'D7'},{'D5'},{'D3'},{'R3'},{'R1'},{'R2'},&,1.0,&
{'D6'},{'D2'},{'D1'},{'D4'},{'D3'},{'D5'},{'R3'},{'D7'},{'R2'},{'R1'},&,1.0,&
{'D6'},{'D2'},{'D1'},{'D4'},{'D3'},{'D5'},{'D7'},{'R2'},{'R1'},{'R3'},&,1.0,&
{'D6'},{'D2'},{'D1'},{'D4'},{'D3'},{'D5'},{'D7'},{'R3'},{'R2'},{'R1'},&,1.0,&
{'D6'},{'D2'},{'D1'},{'D4'},{'D3'},{'D5'},{'D7'},{'R3'},{'R1'},{'R2'},&,1.0,&
{'D6'},{'D2'},{'D1'},{'D4'},{'D5'},{'D7'},{'R3'},{'D3'},{'R2'},{'R1'},&,1.0,&
{'D6'},{'D2'},{'D1'},{'D4'},{'D5'},{'D3'},{'R2'},{'R1'},{'D7'},{'R3'},&,1.0,&
{'D6'},{'D2'},{'D1'},{'D4'},{'D5'},{'D3'},{'D7'},{'R3'},{'R1'},{'R2'},&,1.0,&
{'D6'},{'D2'},{'D7'},{'D1'},{'D3'},{'D4'},{'D5'},{'R3'},{'R1'},{'R2'},&,1.0,&
{'D6'},{'D2'},{'D7'},{'D1'},{'D5'},{'D4'},{'D3'},{'R3'},{'R1'},{'R2'},&,1.0,&
{'D6'},{'D2'},{'D7'},{'D1'},{'D5'},{'D3'},{'R3'},{'D4'},{'R2'},{'R1'},&,1.0,&
{'D6'},{'D2'},{'D7'},{'D1'},{'D5'},{'D3'},{'R3'},{'D4'},{'R1'},{'R2'},&,1.0,&
{'D6'},{'D2'},{'D7'},{'D1'},{'D5'},{'D3'},{'D4'},{'R3'},{'R1'},{'R2'},&,2.0,&
{'D6'},{'D2'},{'D7'},{'D3'},{'D1'},{'D5'},{'D4'},{'R1'},{'R2'},{'R3'},&,1.0,&
{'D6'},{'D2'},{'D7'},{'D3'},{'D1'},{'D5'},{'D4'},{'R1'},{'R3'},{'R2'},&,1.0,&
{'D6'},{'D2'},{'D7'},{'D3'},{'D1'},{'D5'},{'D4'},{'R3'},{'R2'},{'R1'},&,1.0,&
{'D6'},{'D2'},{'D7'},{'D3'},{'D1'},{'D5'},{'R2'},{'D4'},{'R3'},{'R1'},&,1.0,&
{'D6'},{'D2'},{'D7'},{'D3'},{'D4'},{'D1'},{'R3'},{'D5'},{'R1'},{'R2'},&,1.0,&
{'D6'},{'D2'},{'D7'},{'D3'},{'D4'},{'D1'},{'D5'},{'R3'},{'R1'},{'R2'},&,1.0,&
{'D6'},{'D2'},{'D7'},{'D3'},{'D4'},{'D5'},{'R3'},{'D1'},{'R2'},{'R1'},&,1.0,&
{'D6'},{'D2'},{'D7'},{'D3'},{'D4'},{'D5'},{'R3'},{'D1'},{'R1'},{'R2'},&,1.0,&
{'D6'},{'D2'},{'D7'},{'D3'},{'D4'},{'D5'},{'D1'},{'R2'},{'R3'},{'R1'},&,2.0,&
{'D6'},{'D2'},{'D7'},{'D3'},{'D4'},{'R3'},{'D5'},{'D1'},{'R1'},{'R2'},&,1.0,&
{'D6'},{'D2'},{'D7'},{'D3'},{'D5'},{'D4'},{'R3'},{'R1'},{'D1'},{'R2'},&,1.0,&
{'D6'},{'D2'},{'D7'},{'D3'},{'D5'},{'D4'},{'D1'},{'R2'},{'R3'},{'R1'},&,2.0,&
{'D6'},{'D2'},{'D7'},{'D3'},{'D5'},{'D4'},{'D1'},{'R3'},{'R1'},{'R2'},&,2.0,&
{'D6'},{'D2'},{'D7'},{'D3'},{'D5'},{'D4'},{'R1'},{'D1'},{'R3'},{'R2'},&,1.0,&
{'D6'},{'D2'},{'D7'},{'D3'},{'D5'},{'D1'},{'R3'},{'R2'},{'D4'},{'R1'},&,1.0,&
{'D6'},{'D2'},{'D7'},{'D3'},{'D5'},{'D1'},{'D4'},{'R2'},{'R3'},{'R1'},&,1.0,&
{'D6'},{'D2'},{'D7'},{'D3'},{'D5'},{'D1'},{'D4'},{'R2'},{'R1'},{'R3'},&,1.0,&
{'D6'},{'D2'},{'D7'},{'D3'},{'D5'},{'D1'},{'D4'},{'R3'},{'R1'},{'R2'},&,1.0,&
{'D6'},{'D2'},{'D7'},{'D3'},{'D5'},{'R3'},{'D4'},{'D1'},{'R1'},{'R2'},&,1.0,&
{'D6'},{'D2'},{'D7'},{'D5'},{'D1'},{'D3'},{'D4'},{'R2'},{'R1'},{'R3'},&,1.0,&
{'D6'},{'D2'},{'D7'},{'D5'},{'D1'},{'D3'},{'D4'},{'R3'},{'R2'},{'R1'},&,1.0,&
{'D6'},{'D2'},{'D7'},{'D5'},{'D1'},{'D3'},{'D4'},{'R3'},{'R1'},{'R2'},&,2.0,&
{'D6'},{'D2'},{'D7'},{'D5'},{'D1'},{'D3'},{'R1'},{'R3'},{'R2'},{'D4'},&,1.0,&
{'D6'},{'D2'},{'D7'},{'D5'},{'D3'},{'D4'},{'D1'},{'R1'},{'R2'},{'R3'},&,1.0,&
{'D6'},{'D2'},{'D7'},{'D5'},{'D3'},{'D4'},{'D1'},{'R1'},{'R3'},{'R2'},&,2.0,&
{'D6'},{'D2'},{'D7'},{'D5'},{'D3'},{'D4'},{'D1'},{'R2'},{'R3'},{'R1'},&,1.0,&
{'D6'},{'D2'},{'D7'},{'D5'},{'D3'},{'D4'},{'D1'},{'R3'},{'R2'},{'R1'},&,2.0,&
{'D6'},{'D2'},{'D7'},{'D5'},{'D3'},{'D4'},{'D1'},{'R3'},{'R1'},{'R2'},&,4.0,&
{'D6'},{'D2'},{'D7'},{'D5'},{'D3'},{'D4'},{'R2'},{'D1'},{'R3'},{'R1'},&,1.0,&
{'D6'},{'D2'},{'D7'},{'D5'},{'D3'},{'D1'},{'R3'},{'R2'},{'D4'},{'R1'},&,1.0,&
{'D6'},{'D2'},{'D7'},{'D5'},{'D3'},{'D1'},{'D4'},{'R1'},{'R3'},{'R2'},&,3.0,&
{'D6'},{'D2'},{'D7'},{'D5'},{'D3'},{'D1'},{'D4'},{'R2'},{'R3'},{'R1'},&,3.0,&
{'D6'},{'D2'},{'D7'},{'D5'},{'D3'},{'D1'},{'D4'},{'R2'},{'R1'},{'R3'},&,1.0,&
{'D6'},{'D2'},{'D7'},{'D5'},{'D3'},{'D1'},{'D4'},{'R3'},{'R2'},{'R1'},&,5.0,&
{'D6'},{'D2'},{'D7'},{'D5'},{'D3'},{'R3'},{'D4'},{'R1'},{'D1'},{'R2'},&,1.0,&
{'D6'},{'D2'},{'D7'},{'D5'},{'D3'},{'R3'},{'D4'},{'D1'},{'R2'},{'R1'},&,1.0,&
{'D6'},{'D2'},{'D7'},{'D5'},{'D4'},{'D1'},{'R3'},{'D3'},{'R2'},{'R1'},&,1.0,&
{'D6'},{'D2'},{'D7'},{'D5'},{'D4'},{'D3'},{'D1'},{'R2'},{'R3'},{'R1'},&,1.0,&
{'D6'},{'D2'},{'D7'},{'D5'},{'D4'},{'D3'},{'D1'},{'R2'},{'R1'},{'R3'},&,1.0,&
{'D6'},{'D2'},{'D7'},{'D5'},{'D4'},{'D3'},{'D1'},{'R3'},{'R2'},{'R1'},&,1.0,&
{'D6'},{'D2'},{'D7'},{'D5'},{'D4'},{'D3'},{'D1'},{'R3'},{'R1'},{'R2'},&,2.0,&
{'D6'},{'D2'},{'D7'},{'D5'},{'D4'},{'D3'},{'R1'},{'D1'},{'R2'},{'R3'},&,1.0,&
{'D6'},{'D2'},{'D7'},{'D5'},{'R3'},{'D3'},{'D1'},{'D4'},{'R1'},{'R2'},&,1.0,&
{'D6'},{'D2'},{'D7'},{'D4'},{'D1'},{'D5'},{'D3'},{'R1'},{'R3'},{'R2'},&,1.0,&
{'D6'},{'D2'},{'D7'},{'D4'},{'D1'},{'R3'},{'D5'},{'R1'},{'D3'},{'R2'},&,1.0,&
{'D6'},{'D2'},{'D7'},{'D4'},{'D3'},{'D5'},{'D1'},{'R1'},{'R2'},{'R3'},&,1.0,&
{'D6'},{'D2'},{'D7'},{'D4'},{'D3'},{'D5'},{'D1'},{'R1'},{'R3'},{'R2'},&,1.0,&
{'D6'},{'D2'},{'D7'},{'D4'},{'D3'},{'D5'},{'D1'},{'R3'},{'R1'},{'R2'},&,1.0,&
{'D6'},{'D2'},{'D7'},{'D4'},{'D5'},{'D1'},{'R3'},{'D3'},{'R2'},{'R1'},&,1.0,&
{'D6'},{'D2'},{'D7'},{'D4'},{'D5'},{'D1'},{'R3'},{'D3'},{'R1'},{'R2'},&,1.0,&
{'D6'},{'D2'},{'D7'},{'D4'},{'D5'},{'D1'},{'D3'},{'R3'},{'R1'},{'R2'},&,1.0,&
{'D6'},{'D2'},{'D7'},{'D4'},{'D5'},{'D3'},{'R3'},{'R1'},{'D1'},{'R2'},&,1.0,&
{'D6'},{'D2'},{'D7'},{'D4'},{'D5'},{'D3'},{'D1'},{'R1'},{'R3'},{'R2'},&,1.0,&
{'D6'},{'D2'},{'D7'},{'D4'},{'D5'},{'D3'},{'D1'},{'R2'},{'R3'},{'R1'},&,1.0,&
{'D6'},{'D2'},{'D7'},{'D4'},{'R3'},{'D5'},{'D1'},{'D3'},{'R1'},{'R2'},&,1.0,&
{'D6'},{'D2'},{'R3'},{'D3'},{'D5'},{'D1'},{'D4'},{'R2'},{'D7'},{'R1'},&,1.0,&
{'D6'},{'D2'},{'R3'},{'D5'},{'D7'},{'D3'},{'D4'},{'D1'},{'R1'},{'R2'},&,1.0,&
{'D6'},{'D2'},{'R1'},{'D3'},{'D5'},{'D7'},{'D4'},{'D1'},{'R3'},{'R2'},&,1.0,&
{'D6'},{'D7'},{'D4'},{'D1'},{'D3'},{'D2'},{'D5'},{'R1'},{'R3'},{'R2'},&,1.0,&
{'D6'},{'D7'},{'D4'},{'D1'},{'D3'},{'D5'},{'D2'},{'R1'},{'R3'},{'R2'},&,1.0,&
{'D6'},{'D7'},{'D4'},{'D1'},{'D3'},{'D5'},{'D2'},{'R3'},{'R1'},{'R2'},&,2.0,&
{'D6'},{'D7'},{'D4'},{'D1'},{'D3'},{'R3'},{'D5'},{'R2'},{'D2'},{'R1'},&,1.0,&
{'D6'},{'D7'},{'D4'},{'D1'},{'D5'},{'D2'},{'R3'},{'D3'},{'R1'},{'R2'},&,1.0,&
{'D6'},{'D7'},{'D4'},{'D1'},{'D5'},{'D2'},{'D3'},{'R3'},{'R2'},{'R1'},&,2.0,&
{'D6'},{'D7'},{'D4'},{'D1'},{'D5'},{'D3'},{'R3'},{'D2'},{'R2'},{'R1'},&,1.0,&
{'D6'},{'D7'},{'D4'},{'D1'},{'D5'},{'D3'},{'R3'},{'D2'},{'R1'},{'R2'},&,1.0,&
{'D6'},{'D7'},{'D4'},{'D1'},{'D5'},{'D3'},{'D2'},{'R1'},{'R2'},{'R3'},&,2.0,&
{'D6'},{'D7'},{'D4'},{'D1'},{'D5'},{'D3'},{'D2'},{'R1'},{'R3'},{'R2'},&,3.0,&
{'D6'},{'D7'},{'D4'},{'D1'},{'D5'},{'D3'},{'R1'},{'R3'},{'D2'},{'R2'},&,1.0,&
{'D6'},{'D7'},{'D4'},{'D2'},{'D3'},{'D1'},{'R3'},{'R1'},{'R2'},{'D5'},&,1.0,&
{'D6'},{'D7'},{'D4'},{'D2'},{'D3'},{'D1'},{'D5'},{'R3'},{'R2'},{'R1'},&,1.0,&
{'D6'},{'D7'},{'D4'},{'D2'},{'D3'},{'D5'},{'D1'},{'R1'},{'R3'},{'R2'},&,1.0,&
{'D6'},{'D7'},{'D4'},{'D2'},{'D3'},{'D5'},{'D1'},{'R3'},{'R2'},{'R1'},&,1.0,&
{'D6'},{'D7'},{'D4'},{'D2'},{'D3'},{'D5'},{'D1'},{'R3'},{'R1'},{'R2'},&,1.0,&
{'D6'},{'D7'},{'D4'},{'D2'},{'D5'},{'D1'},{'R2'},{'R3'},{'R1'},{'D3'},&,1.0,&
{'D6'},{'D7'},{'D4'},{'D2'},{'D5'},{'D1'},{'R1'},{'D3'},{'R3'},{'R2'},&,1.0,&
{'D6'},{'D7'},{'D4'},{'D2'},{'D5'},{'D3'},{'R3'},{'R2'},{'R1'},{'D1'},&,1.0,&
{'D6'},{'D7'},{'D4'},{'D2'},{'D5'},{'D3'},{'D1'},{'R1'},{'R3'},{'R2'},&,3.0,&
{'D6'},{'D7'},{'D4'},{'D2'},{'D5'},{'D3'},{'D1'},{'R2'},{'R1'},{'R3'},&,1.0,&
{'D6'},{'D7'},{'D4'},{'D2'},{'D5'},{'D3'},{'D1'},{'R3'},{'R1'},{'R2'},&,3.0,&
{'D6'},{'D7'},{'D4'},{'D2'},{'D5'},{'D3'},{'R1'},{'D1'},{'R3'},{'R2'},&,1.0,&
{'D6'},{'D7'},{'D4'},{'D3'},{'D1'},{'D5'},{'R3'},{'R2'},{'D2'},{'R1'},&,1.0,&
{'D6'},{'D7'},{'D4'},{'D3'},{'D1'},{'D5'},{'D2'},{'R1'},{'R3'},{'R2'},&,1.0,&
{'D6'},{'D7'},{'D4'},{'D3'},{'D1'},{'D5'},{'D2'},{'R3'},{'R2'},{'R1'},&,2.0,&
{'D6'},{'D7'},{'D4'},{'D3'},{'D1'},{'D5'},{'D2'},{'R3'},{'R1'},{'R2'},&,1.0,&
{'D6'},{'D7'},{'D4'},{'D3'},{'D2'},{'D5'},{'D1'},{'R1'},{'R3'},{'R2'},&,1.0,&
{'D6'},{'D7'},{'D4'},{'D3'},{'D2'},{'D5'},{'R1'},{'D1'},{'R3'},{'R2'},&,1.0,&
{'D6'},{'D7'},{'D4'},{'D3'},{'D5'},{'D1'},{'R3'},{'D2'},{'R1'},{'R2'},&,1.0,&
{'D6'},{'D7'},{'D4'},{'D3'},{'D5'},{'D1'},{'R3'},{'R1'},{'D2'},{'R2'},&,1.0,&
{'D6'},{'D7'},{'D4'},{'D3'},{'D5'},{'D1'},{'D2'},{'R1'},{'R2'},{'R3'},&,1.0,&
{'D6'},{'D7'},{'D4'},{'D3'},{'D5'},{'D1'},{'D2'},{'R1'},{'R3'},{'R2'},&,1.0,&
{'D6'},{'D7'},{'D4'},{'D3'},{'D5'},{'D1'},{'D2'},{'R2'},{'R3'},{'R1'},&,1.0,&
{'D6'},{'D7'},{'D4'},{'D3'},{'D5'},{'D1'},{'D2'},{'R3'},{'R2'},{'R1'},&,3.0,&
{'D6'},{'D7'},{'D4'},{'D3'},{'D5'},{'D1'},{'D2'},{'R3'},{'R1'},{'R2'},&,2.0,&
{'D6'},{'D7'},{'D4'},{'D3'},{'D5'},{'D1'},{'R2'},{'D2'},{'R3'},{'R1'},&,1.0,&
{'D6'},{'D7'},{'D4'},{'D3'},{'D5'},{'D2'},{'D1'},{'R1'},{'R3'},{'R2'},&,1.0,&
{'D6'},{'D7'},{'D4'},{'D3'},{'D5'},{'D2'},{'D1'},{'R2'},{'R3'},{'R1'},&,3.0,&
{'D6'},{'D7'},{'D4'},{'D3'},{'D5'},{'D2'},{'D1'},{'R2'},{'R1'},{'R3'},&,1.0,&
{'D6'},{'D7'},{'D4'},{'D3'},{'D5'},{'D2'},{'D1'},{'R3'},{'R2'},{'R1'},&,3.0,&
{'D6'},{'D7'},{'D4'},{'D3'},{'D5'},{'D2'},{'D1'},{'R3'},{'R1'},{'R2'},&,5.0,&
{'D6'},{'D7'},{'D4'},{'D5'},{'D1'},{'D2'},{'D3'},{'R1'},{'R3'},{'R2'},&,2.0,&
{'D6'},{'D7'},{'D4'},{'D5'},{'D1'},{'D2'},{'D3'},{'R3'},{'R2'},{'R1'},&,2.0,&
{'D6'},{'D7'},{'D4'},{'D5'},{'D1'},{'D2'},{'R1'},{'R3'},{'D3'},{'R2'},&,1.0,&
{'D6'},{'D7'},{'D4'},{'D5'},{'D1'},{'D3'},{'D2'},{'R1'},{'R2'},{'R3'},&,1.0,&
{'D6'},{'D7'},{'D4'},{'D5'},{'D1'},{'D3'},{'D2'},{'R1'},{'R3'},{'R2'},&,6.0,&
{'D6'},{'D7'},{'D4'},{'D5'},{'D1'},{'D3'},{'D2'},{'R2'},{'R3'},{'R1'},&,3.0,&
{'D6'},{'D7'},{'D4'},{'D5'},{'D1'},{'D3'},{'D2'},{'R3'},{'R1'},{'R2'},&,1.0,&
{'D6'},{'D7'},{'D4'},{'D5'},{'D2'},{'D1'},{'R2'},{'D3'},{'R3'},{'R1'},&,1.0,&
{'D6'},{'D7'},{'D4'},{'D5'},{'D2'},{'D1'},{'D3'},{'R3'},{'R2'},{'R1'},&,1.0,&
{'D6'},{'D7'},{'D4'},{'D5'},{'D2'},{'D1'},{'D3'},{'R3'},{'R1'},{'R2'},&,1.0,&
{'D6'},{'D7'},{'D4'},{'D5'},{'D2'},{'D3'},{'D1'},{'R1'},{'R3'},{'R2'},&,2.0,&
{'D6'},{'D7'},{'D4'},{'D5'},{'D2'},{'D3'},{'D1'},{'R2'},{'R3'},{'R1'},&,2.0,&
{'D6'},{'D7'},{'D4'},{'D5'},{'D2'},{'D3'},{'D1'},{'R3'},{'R2'},{'R1'},&,4.0,&
{'D6'},{'D7'},{'D4'},{'D5'},{'D2'},{'D3'},{'D1'},{'R3'},{'R1'},{'R2'},&,2.0,&
{'D6'},{'D7'},{'D4'},{'D5'},{'D2'},{'D3'},{'R2'},{'D1'},{'R3'},{'R1'},&,1.0,&
{'D6'},{'D7'},{'D4'},{'D5'},{'D2'},{'R3'},{'D3'},{'R1'},{'D1'},{'R2'},&,1.0,&
{'D6'},{'D7'},{'D4'},{'D5'},{'D3'},{'D1'},{'R3'},{'D2'},{'R1'},{'R2'},&,2.0,&
{'D6'},{'D7'},{'D4'},{'D5'},{'D3'},{'D1'},{'R3'},{'R2'},{'R1'},{'D2'},&,1.0,&
{'D6'},{'D7'},{'D4'},{'D5'},{'D3'},{'D1'},{'R3'},{'R2'},{'D2'},{'R1'},&,1.0,&
{'D6'},{'D7'},{'D4'},{'D5'},{'D3'},{'D1'},{'D2'},{'R1'},{'R2'},{'R3'},&,1.0,&
{'D6'},{'D7'},{'D4'},{'D5'},{'D3'},{'D1'},{'D2'},{'R1'},{'R3'},{'R2'},&,2.0,&
{'D6'},{'D7'},{'D4'},{'D5'},{'D3'},{'D1'},{'D2'},{'R2'},{'R3'},{'R1'},&,1.0,&
{'D6'},{'D7'},{'D4'},{'D5'},{'D3'},{'D1'},{'D2'},{'R2'},{'R1'},{'R3'},&,1.0,&
{'D6'},{'D7'},{'D4'},{'D5'},{'D3'},{'D1'},{'D2'},{'R3'},{'R2'},{'R1'},&,7.0,&
{'D6'},{'D7'},{'D4'},{'D5'},{'D3'},{'D1'},{'D2'},{'R3'},{'R1'},{'R2'},&,7.0,&
{'D6'},{'D7'},{'D4'},{'D5'},{'D3'},{'D1'},{'R1'},{'D2'},{'R2'},{'R3'},&,1.0,&
{'D6'},{'D7'},{'D4'},{'D5'},{'D3'},{'D2'},{'R3'},{'D1'},{'R2'},{'R1'},&,2.0,&
{'D6'},{'D7'},{'D4'},{'D5'},{'D3'},{'D2'},{'R3'},{'D1'},{'R1'},{'R2'},&,1.0,&
{'D6'},{'D7'},{'D4'},{'D5'},{'D3'},{'D2'},{'D1'},{'R1'},{'R2'},{'R3'},&,1.0,&
{'D6'},{'D7'},{'D4'},{'D5'},{'D3'},{'D2'},{'D1'},{'R1'},{'R3'},{'R2'},&,1.0,&
{'D6'},{'D7'},{'D4'},{'D5'},{'D3'},{'D2'},{'D1'},{'R2'},{'R1'},{'R3'},&,2.0,&
{'D6'},{'D7'},{'D4'},{'D5'},{'D3'},{'D2'},{'D1'},{'R3'},{'R2'},{'R1'},&,7.0,&
{'D6'},{'D7'},{'D4'},{'D5'},{'D3'},{'D2'},{'D1'},{'R3'},{'R1'},{'R2'},&,8.0,&
{'D6'},{'D7'},{'D4'},{'D5'},{'D3'},{'D2'},{'R1'},{'R2'},{'D1'},{'R3'},&,1.0,&
{'D6'},{'D7'},{'D4'},{'D5'},{'D3'},{'R2'},{'D2'},{'D1'},{'R3'},{'R1'},&,1.0,&
{'D6'},{'D7'},{'D4'},{'D5'},{'D3'},{'R1'},{'D1'},{'D2'},{'R2'},{'R3'},&,1.0,&
{'D6'},{'D7'},{'D4'},{'D5'},{'D3'},{'R3'},{'D2'},{'D1'},{'R1'},{'R2'},&,2.0,&
{'D6'},{'D7'},{'D4'},{'D5'},{'D3'},{'R3'},{'D1'},{'D2'},{'R1'},{'R2'},&,1.0,&
{'D6'},{'D7'},{'D3'},{'D1'},{'D2'},{'D4'},{'R3'},{'D5'},{'R2'},{'R1'},&,1.0,&
{'D6'},{'D7'},{'D3'},{'D1'},{'D2'},{'D5'},{'D4'},{'R1'},{'R2'},{'R3'},&,1.0,&
{'D6'},{'D7'},{'D3'},{'D1'},{'D2'},{'D5'},{'D4'},{'R2'},{'R1'},{'R3'},&,1.0,&
{'D6'},{'D7'},{'D3'},{'D1'},{'D2'},{'D5'},{'D4'},{'R3'},{'R1'},{'R2'},&,1.0,&
{'D6'},{'D7'},{'D3'},{'D1'},{'D2'},{'D5'},{'R2'},{'D4'},{'R1'},{'R3'},&,1.0,&
{'D6'},{'D7'},{'D3'},{'D1'},{'D4'},{'D2'},{'R2'},{'D5'},{'R3'},{'R1'},&,1.0,&
{'D6'},{'D7'},{'D3'},{'D1'},{'D4'},{'D5'},{'R3'},{'R2'},{'D2'},{'R1'},&,1.0,&
{'D6'},{'D7'},{'D3'},{'D1'},{'D4'},{'D5'},{'D2'},{'R2'},{'R3'},{'R1'},&,1.0,&
{'D6'},{'D7'},{'D3'},{'D1'},{'D4'},{'D5'},{'D2'},{'R3'},{'R1'},{'R2'},&,1.0,&
{'D6'},{'D7'},{'D3'},{'D1'},{'D4'},{'D5'},{'R2'},{'D2'},{'R3'},{'R1'},&,1.0,&
{'D6'},{'D7'},{'D3'},{'D1'},{'D4'},{'D5'},{'R1'},{'D2'},{'R3'},{'R2'},&,1.0,&
{'D6'},{'D7'},{'D3'},{'D1'},{'D5'},{'D4'},{'R3'},{'D2'},{'R2'},{'R1'},&,2.0,&
{'D6'},{'D7'},{'D3'},{'D1'},{'D5'},{'D4'},{'D2'},{'R1'},{'R3'},{'R2'},&,1.0,&
{'D6'},{'D7'},{'D3'},{'D1'},{'D5'},{'D4'},{'D2'},{'R2'},{'R3'},{'R1'},&,1.0,&
{'D6'},{'D7'},{'D3'},{'D1'},{'D5'},{'D4'},{'D2'},{'R2'},{'R1'},{'R3'},&,1.0,&
{'D6'},{'D7'},{'D3'},{'D1'},{'D5'},{'D4'},{'D2'},{'R3'},{'R2'},{'R1'},&,3.0,&
{'D6'},{'D7'},{'D3'},{'D1'},{'D5'},{'D4'},{'D2'},{'R3'},{'R1'},{'R2'},&,3.0,&
{'D6'},{'D7'},{'D3'},{'D1'},{'D5'},{'D4'},{'R2'},{'D2'},{'R3'},{'R1'},&,1.0,&
{'D6'},{'D7'},{'D3'},{'D1'},{'D5'},{'D4'},{'R1'},{'D2'},{'R3'},{'R2'},&,2.0,&
{'D6'},{'D7'},{'D3'},{'D1'},{'D5'},{'D2'},{'R3'},{'D4'},{'R2'},{'R1'},&,1.0,&
{'D6'},{'D7'},{'D3'},{'D1'},{'D5'},{'D2'},{'D4'},{'R1'},{'R2'},{'R3'},&,1.0,&
{'D6'},{'D7'},{'D3'},{'D1'},{'D5'},{'D2'},{'D4'},{'R1'},{'R3'},{'R2'},&,1.0,&
{'D6'},{'D7'},{'D3'},{'D1'},{'D5'},{'D2'},{'D4'},{'R2'},{'R3'},{'R1'},&,4.0,&
{'D6'},{'D7'},{'D3'},{'D1'},{'D5'},{'D2'},{'D4'},{'R3'},{'R2'},{'R1'},&,3.0,&
{'D6'},{'D7'},{'D3'},{'D1'},{'D5'},{'D2'},{'D4'},{'R3'},{'R1'},{'R2'},&,1.0,&
{'D6'},{'D7'},{'D3'},{'D1'},{'D5'},{'R2'},{'D4'},{'D2'},{'R3'},{'R1'},&,1.0,&
{'D6'},{'D7'},{'D3'},{'D1'},{'R3'},{'D2'},{'D5'},{'D4'},{'R2'},{'R1'},&,1.0,&
{'D6'},{'D7'},{'D3'},{'D2'},{'D1'},{'D5'},{'R3'},{'D4'},{'R1'},{'R2'},&,1.0,&
{'D6'},{'D7'},{'D3'},{'D2'},{'D1'},{'D5'},{'D4'},{'R3'},{'R2'},{'R1'},&,2.0,&
{'D6'},{'D7'},{'D3'},{'D2'},{'D4'},{'D5'},{'D1'},{'R1'},{'R3'},{'R2'},&,1.0,&
{'D6'},{'D7'},{'D3'},{'D2'},{'D4'},{'D5'},{'D1'},{'R2'},{'R3'},{'R1'},&,1.0,&
{'D6'},{'D7'},{'D3'},{'D2'},{'D4'},{'R3'},{'D5'},{'D1'},{'R1'},{'R2'},&,1.0,&
{'D6'},{'D7'},{'D3'},{'D2'},{'D5'},{'D4'},{'R3'},{'R1'},{'D1'},{'R2'},&,2.0,&
{'D6'},{'D7'},{'D3'},{'D2'},{'D5'},{'D4'},{'D1'},{'R1'},{'R2'},{'R3'},&,1.0,&
{'D6'},{'D7'},{'D3'},{'D2'},{'D5'},{'D4'},{'D1'},{'R1'},{'R3'},{'R2'},&,2.0,&
{'D6'},{'D7'},{'D3'},{'D2'},{'D5'},{'D4'},{'D1'},{'R3'},{'R2'},{'R1'},&,2.0,&
{'D6'},{'D7'},{'D3'},{'D2'},{'D5'},{'D4'},{'D1'},{'R3'},{'R1'},{'R2'},&,3.0,&
{'D6'},{'D7'},{'D3'},{'D2'},{'D5'},{'D1'},{'R3'},{'R2'},{'R1'},{'D4'},&,1.0,&
{'D6'},{'D7'},{'D3'},{'D2'},{'D5'},{'D1'},{'R3'},{'D4'},{'R2'},{'R1'},&,1.0,&
{'D6'},{'D7'},{'D3'},{'D2'},{'D5'},{'D1'},{'D4'},{'R2'},{'R3'},{'R1'},&,1.0,&
{'D6'},{'D7'},{'D3'},{'D2'},{'D5'},{'D1'},{'D4'},{'R2'},{'R1'},{'R3'},&,1.0,&
{'D6'},{'D7'},{'D3'},{'D2'},{'D5'},{'D1'},{'D4'},{'R3'},{'R2'},{'R1'},&,1.0,&
{'D6'},{'D7'},{'D3'},{'D2'},{'D5'},{'D1'},{'D4'},{'R3'},{'R1'},{'R2'},&,2.0,&
{'D6'},{'D7'},{'D3'},{'D5'},{'D1'},{'D4'},{'R3'},{'D2'},{'R2'},{'R1'},&,5.0,&
{'D6'},{'D7'},{'D3'},{'D5'},{'D1'},{'D4'},{'R3'},{'D2'},{'R1'},{'R2'},&,2.0,&
{'D6'},{'D7'},{'D3'},{'D5'},{'D1'},{'D4'},{'R3'},{'R2'},{'R1'},{'D2'},&,1.0,&
{'D6'},{'D7'},{'D3'},{'D5'},{'D1'},{'D4'},{'R3'},{'R2'},{'D2'},{'R1'},&,1.0,&
{'D6'},{'D7'},{'D3'},{'D5'},{'D1'},{'D4'},{'D2'},{'R1'},{'R2'},{'R3'},&,3.0,&
{'D6'},{'D7'},{'D3'},{'D5'},{'D1'},{'D4'},{'D2'},{'R1'},{'R3'},{'R2'},&,7.0,&
{'D6'},{'D7'},{'D3'},{'D5'},{'D1'},{'D4'},{'D2'},{'R2'},{'R3'},{'R1'},&,4.0,&
{'D6'},{'D7'},{'D3'},{'D5'},{'D1'},{'D4'},{'D2'},{'R2'},{'R1'},{'R3'},&,3.0,&
{'D6'},{'D7'},{'D3'},{'D5'},{'D1'},{'D4'},{'D2'},{'R3'},{'R2'},{'R1'},&,10.0,&
{'D6'},{'D7'},{'D3'},{'D5'},{'D1'},{'D4'},{'D2'},{'R3'},{'R1'},{'R2'},&,9.0,&
{'D6'},{'D7'},{'D3'},{'D5'},{'D1'},{'D2'},{'R3'},{'D4'},{'R2'},{'R1'},&,1.0,&
{'D6'},{'D7'},{'D3'},{'D5'},{'D1'},{'D2'},{'R3'},{'D4'},{'R1'},{'R2'},&,1.0,&
{'D6'},{'D7'},{'D3'},{'D5'},{'D1'},{'D2'},{'D4'},{'R1'},{'R2'},{'R3'},&,1.0,&
{'D6'},{'D7'},{'D3'},{'D5'},{'D1'},{'D2'},{'D4'},{'R1'},{'R3'},{'R2'},&,1.0,&
{'D6'},{'D7'},{'D3'},{'D5'},{'D1'},{'D2'},{'D4'},{'R2'},{'R3'},{'R1'},&,4.0,&
{'D6'},{'D7'},{'D3'},{'D5'},{'D1'},{'D2'},{'D4'},{'R3'},{'R2'},{'R1'},&,2.0,&
{'D6'},{'D7'},{'D3'},{'D5'},{'D1'},{'D2'},{'D4'},{'R3'},{'R1'},{'R2'},&,3.0,&
{'D6'},{'D7'},{'D3'},{'D5'},{'D1'},{'R1'},{'D2'},{'D4'},{'R3'},{'R2'},&,1.0,&
{'D6'},{'D7'},{'D3'},{'D5'},{'D1'},{'R1'},{'D4'},{'D2'},{'R3'},{'R2'},&,4.0,&
{'D6'},{'D7'},{'D3'},{'D5'},{'D1'},{'R3'},{'D2'},{'D4'},{'R2'},{'R1'},&,1.0,&
{'D6'},{'D7'},{'D3'},{'D5'},{'D1'},{'R3'},{'R2'},{'D4'},{'D2'},{'R1'},&,1.0,&
{'D6'},{'D7'},{'D3'},{'D5'},{'D2'},{'D4'},{'R3'},{'R2'},{'R1'},{'D1'},&,1.0,&
{'D6'},{'D7'},{'D3'},{'D5'},{'D2'},{'D4'},{'R3'},{'D1'},{'R1'},{'R2'},&,2.0,&
{'D6'},{'D7'},{'D3'},{'D5'},{'D2'},{'D4'},{'D1'},{'R1'},{'R3'},{'R2'},&,4.0,&
{'D6'},{'D7'},{'D3'},{'D5'},{'D2'},{'D4'},{'D1'},{'R2'},{'R3'},{'R1'},&,1.0,&
{'D6'},{'D7'},{'D3'},{'D5'},{'D2'},{'D4'},{'D1'},{'R2'},{'R1'},{'R3'},&,1.0,&
{'D6'},{'D7'},{'D3'},{'D5'},{'D2'},{'D4'},{'D1'},{'R3'},{'R2'},{'R1'},&,5.0,&
{'D6'},{'D7'},{'D3'},{'D5'},{'D2'},{'D4'},{'D1'},{'R3'},{'R1'},{'R2'},&,9.0,&
{'D6'},{'D7'},{'D3'},{'D5'},{'D2'},{'D4'},{'R1'},{'R3'},{'D1'},{'R2'},&,1.0,&
{'D6'},{'D7'},{'D3'},{'D5'},{'D2'},{'D4'},{'R1'},{'D1'},{'R3'},{'R2'},&,1.0,&
{'D6'},{'D7'},{'D3'},{'D5'},{'D2'},{'D1'},{'D4'},{'R1'},{'R2'},{'R3'},&,1.0,&
{'D6'},{'D7'},{'D3'},{'D5'},{'D2'},{'D1'},{'D4'},{'R1'},{'R3'},{'R2'},&,2.0,&
{'D6'},{'D7'},{'D3'},{'D5'},{'D2'},{'D1'},{'D4'},{'R2'},{'R3'},{'R1'},&,1.0,&
{'D6'},{'D7'},{'D3'},{'D5'},{'D2'},{'D1'},{'D4'},{'R2'},{'R1'},{'R3'},&,2.0,&
{'D6'},{'D7'},{'D3'},{'D5'},{'D2'},{'D1'},{'D4'},{'R3'},{'R2'},{'R1'},&,4.0,&
{'D6'},{'D7'},{'D3'},{'D5'},{'D2'},{'D1'},{'D4'},{'R3'},{'R1'},{'R2'},&,3.0,&
{'D6'},{'D7'},{'D3'},{'D5'},{'D2'},{'D1'},{'R1'},{'D4'},{'R3'},{'R2'},&,1.0,&
{'D6'},{'D7'},{'D3'},{'D5'},{'D2'},{'R1'},{'D1'},{'D4'},{'R2'},{'R3'},&,1.0,&
{'D6'},{'D7'},{'D3'},{'D5'},{'D2'},{'R1'},{'D4'},{'R3'},{'R2'},{'D1'},&,1.0,&
{'D6'},{'D7'},{'D3'},{'D5'},{'D2'},{'R3'},{'D1'},{'D4'},{'R1'},{'R2'},&,2.0,&
{'D6'},{'D7'},{'D3'},{'D5'},{'D4'},{'D1'},{'R3'},{'D2'},{'R2'},{'R1'},&,3.0,&
{'D6'},{'D7'},{'D3'},{'D5'},{'D4'},{'D1'},{'R3'},{'D2'},{'R1'},{'R2'},&,2.0,&
{'D6'},{'D7'},{'D3'},{'D5'},{'D4'},{'D1'},{'R3'},{'R1'},{'R2'},{'D2'},&,1.0,&
{'D6'},{'D7'},{'D3'},{'D5'},{'D4'},{'D1'},{'R3'},{'R1'},{'D2'},{'R2'},&,1.0,&
{'D6'},{'D7'},{'D3'},{'D5'},{'D4'},{'D1'},{'R3'},{'R2'},{'R1'},{'D2'},&,1.0,&
{'D6'},{'D7'},{'D3'},{'D5'},{'D4'},{'D1'},{'D2'},{'R1'},{'R2'},{'R3'},&,2.0,&
{'D6'},{'D7'},{'D3'},{'D5'},{'D4'},{'D1'},{'D2'},{'R1'},{'R3'},{'R2'},&,4.0,&
{'D6'},{'D7'},{'D3'},{'D5'},{'D4'},{'D1'},{'D2'},{'R2'},{'R3'},{'R1'},&,8.0,&
{'D6'},{'D7'},{'D3'},{'D5'},{'D4'},{'D1'},{'D2'},{'R2'},{'R1'},{'R3'},&,1.0,&
{'D6'},{'D7'},{'D3'},{'D5'},{'D4'},{'D1'},{'D2'},{'R3'},{'R2'},{'R1'},&,7.0,&
{'D6'},{'D7'},{'D3'},{'D5'},{'D4'},{'D1'},{'D2'},{'R3'},{'R1'},{'R2'},&,6.0,&
{'D6'},{'D7'},{'D3'},{'D5'},{'D4'},{'D1'},{'R2'},{'D2'},{'R3'},{'R1'},&,1.0,&
{'D6'},{'D7'},{'D3'},{'D5'},{'D4'},{'D2'},{'R3'},{'R1'},{'D1'},{'R2'},&,1.0,&
{'D6'},{'D7'},{'D3'},{'D5'},{'D4'},{'D2'},{'R3'},{'R2'},{'D1'},{'R1'},&,1.0,&
{'D6'},{'D7'},{'D3'},{'D5'},{'D4'},{'D2'},{'R3'},{'D1'},{'R2'},{'R1'},&,2.0,&
{'D6'},{'D7'},{'D3'},{'D5'},{'D4'},{'D2'},{'R3'},{'D1'},{'R1'},{'R2'},&,1.0,&
{'D6'},{'D7'},{'D3'},{'D5'},{'D4'},{'D2'},{'D1'},{'R1'},{'R2'},{'R3'},&,2.0,&
{'D6'},{'D7'},{'D3'},{'D5'},{'D4'},{'D2'},{'D1'},{'R1'},{'R3'},{'R2'},&,5.0,&
{'D6'},{'D7'},{'D3'},{'D5'},{'D4'},{'D2'},{'D1'},{'R2'},{'R3'},{'R1'},&,2.0,&
{'D6'},{'D7'},{'D3'},{'D5'},{'D4'},{'D2'},{'D1'},{'R2'},{'R1'},{'R3'},&,1.0,&
{'D6'},{'D7'},{'D3'},{'D5'},{'D4'},{'D2'},{'D1'},{'R3'},{'R2'},{'R1'},&,6.0,&
{'D6'},{'D7'},{'D3'},{'D5'},{'D4'},{'D2'},{'D1'},{'R3'},{'R1'},{'R2'},&,10.0,&
{'D6'},{'D7'},{'D3'},{'D5'},{'D4'},{'D2'},{'R2'},{'R1'},{'D1'},{'R3'},&,1.0,&
{'D6'},{'D7'},{'D3'},{'D5'},{'D4'},{'D2'},{'R2'},{'R3'},{'R1'},{'D1'},&,1.0,&
{'D6'},{'D7'},{'D3'},{'D5'},{'D4'},{'D2'},{'R2'},{'D1'},{'R3'},{'R1'},&,1.0,&
{'D6'},{'D7'},{'D3'},{'D5'},{'D4'},{'D2'},{'R1'},{'D1'},{'R3'},{'R2'},&,2.0,&
{'D6'},{'D7'},{'D3'},{'D5'},{'D4'},{'R2'},{'R1'},{'R3'},{'D2'},{'D1'},&,1.0,&
{'D6'},{'D7'},{'D3'},{'D5'},{'D4'},{'R1'},{'D1'},{'D2'},{'R3'},{'R2'},&,1.0,&
{'D6'},{'D7'},{'D3'},{'D5'},{'D4'},{'R3'},{'D2'},{'D1'},{'R1'},{'R2'},&,1.0,&
{'D6'},{'D7'},{'D3'},{'D5'},{'D4'},{'R3'},{'D1'},{'D2'},{'R2'},{'R1'},&,2.0,&
{'D6'},{'D7'},{'D3'},{'D5'},{'R3'},{'D4'},{'D1'},{'D2'},{'R1'},{'R2'},&,1.0,&
{'D6'},{'D7'},{'D3'},{'D5'},{'R1'},{'D4'},{'D1'},{'D2'},{'R3'},{'R2'},&,1.0,&
{'D6'},{'D7'},{'D3'},{'R1'},{'D1'},{'D2'},{'D5'},{'R2'},{'D4'},{'R3'},&,1.0,&
{'D6'},{'D7'},{'D3'},{'R1'},{'D5'},{'R3'},{'D2'},{'D1'},{'D4'},{'R2'},&,1.0,&
{'D6'},{'D7'},{'D3'},{'D4'},{'D1'},{'D2'},{'D5'},{'R3'},{'R1'},{'R2'},&,1.0,&
{'D6'},{'D7'},{'D3'},{'D4'},{'D1'},{'D5'},{'R3'},{'D2'},{'R2'},{'R1'},&,1.0,&
{'D6'},{'D7'},{'D3'},{'D4'},{'D1'},{'D5'},{'D2'},{'R1'},{'R2'},{'R3'},&,1.0,&
{'D6'},{'D7'},{'D3'},{'D4'},{'D1'},{'D5'},{'D2'},{'R1'},{'R3'},{'R2'},&,1.0,&
{'D6'},{'D7'},{'D3'},{'D4'},{'D1'},{'D5'},{'D2'},{'R3'},{'R2'},{'R1'},&,4.0,&
{'D6'},{'D7'},{'D3'},{'D4'},{'D1'},{'D5'},{'D2'},{'R3'},{'R1'},{'R2'},&,2.0,&
{'D6'},{'D7'},{'D3'},{'D4'},{'D1'},{'D5'},{'R2'},{'R1'},{'R3'},{'D2'},&,1.0,&
{'D6'},{'D7'},{'D3'},{'D4'},{'D2'},{'D5'},{'D1'},{'R2'},{'R1'},{'R3'},&,1.0,&
{'D6'},{'D7'},{'D3'},{'D4'},{'D2'},{'D5'},{'R1'},{'R3'},{'D1'},{'R2'},&,1.0,&
{'D6'},{'D7'},{'D3'},{'D4'},{'D5'},{'D1'},{'R3'},{'D2'},{'R2'},{'R1'},&,1.0,&
{'D6'},{'D7'},{'D3'},{'D4'},{'D5'},{'D1'},{'R3'},{'D2'},{'R1'},{'R2'},&,1.0,&
{'D6'},{'D7'},{'D3'},{'D4'},{'D5'},{'D1'},{'D2'},{'R1'},{'R2'},{'R3'},&,1.0,&
{'D6'},{'D7'},{'D3'},{'D4'},{'D5'},{'D1'},{'D2'},{'R1'},{'R3'},{'R2'},&,2.0,&
{'D6'},{'D7'},{'D3'},{'D4'},{'D5'},{'D1'},{'D2'},{'R2'},{'R3'},{'R1'},&,2.0,&
{'D6'},{'D7'},{'D3'},{'D4'},{'D5'},{'D1'},{'D2'},{'R3'},{'R2'},{'R1'},&,2.0,&
{'D6'},{'D7'},{'D3'},{'D4'},{'D5'},{'D1'},{'R1'},{'D2'},{'R3'},{'R2'},&,2.0,&
{'D6'},{'D7'},{'D3'},{'D4'},{'D5'},{'D2'},{'D1'},{'R1'},{'R2'},{'R3'},&,1.0,&
{'D6'},{'D7'},{'D3'},{'D4'},{'D5'},{'D2'},{'D1'},{'R1'},{'R3'},{'R2'},&,1.0,&
{'D6'},{'D7'},{'D3'},{'D4'},{'D5'},{'D2'},{'D1'},{'R2'},{'R3'},{'R1'},&,2.0,&
{'D6'},{'D7'},{'D3'},{'D4'},{'D5'},{'D2'},{'D1'},{'R2'},{'R1'},{'R3'},&,1.0,&
{'D6'},{'D7'},{'D3'},{'D4'},{'D5'},{'D2'},{'D1'},{'R3'},{'R2'},{'R1'},&,2.0,&
{'D6'},{'D7'},{'D3'},{'D4'},{'D5'},{'D2'},{'D1'},{'R3'},{'R1'},{'R2'},&,5.0,&
{'D6'},{'D7'},{'D3'},{'D4'},{'D5'},{'R3'},{'D1'},{'D2'},{'R1'},{'R2'},&,1.0,&
{'D6'},{'D7'},{'D3'},{'D4'},{'R3'},{'D2'},{'D5'},{'R1'},{'D1'},{'R2'},&,1.0,&
{'D6'},{'D7'},{'D5'},{'D1'},{'D2'},{'D4'},{'R3'},{'D3'},{'R1'},{'R2'},&,1.0,&
{'D6'},{'D7'},{'D5'},{'D1'},{'D2'},{'D4'},{'D3'},{'R3'},{'R2'},{'R1'},&,1.0,&
{'D6'},{'D7'},{'D5'},{'D1'},{'D2'},{'D4'},{'D3'},{'R3'},{'R1'},{'R2'},&,2.0,&
{'D6'},{'D7'},{'D5'},{'D1'},{'D2'},{'D4'},{'R1'},{'D3'},{'R3'},{'R2'},&,1.0,&
{'D6'},{'D7'},{'D5'},{'D1'},{'D2'},{'D3'},{'R3'},{'D4'},{'R2'},{'R1'},&,1.0,&
{'D6'},{'D7'},{'D5'},{'D1'},{'D2'},{'D3'},{'R3'},{'D4'},{'R1'},{'R2'},&,2.0,&
{'D6'},{'D7'},{'D5'},{'D1'},{'D2'},{'D3'},{'D4'},{'R1'},{'R2'},{'R3'},&,1.0,&
{'D6'},{'D7'},{'D5'},{'D1'},{'D2'},{'D3'},{'D4'},{'R2'},{'R3'},{'R1'},&,1.0,&
{'D6'},{'D7'},{'D5'},{'D1'},{'D2'},{'D3'},{'D4'},{'R2'},{'R1'},{'R3'},&,1.0,&
{'D6'},{'D7'},{'D5'},{'D1'},{'D2'},{'D3'},{'D4'},{'R3'},{'R2'},{'R1'},&,1.0,&
{'D6'},{'D7'},{'D5'},{'D1'},{'D2'},{'D3'},{'D4'},{'R3'},{'R1'},{'R2'},&,3.0,&
{'D6'},{'D7'},{'D5'},{'D1'},{'D2'},{'D3'},{'R2'},{'D4'},{'R3'},{'R1'},&,1.0,&
{'D6'},{'D7'},{'D5'},{'D1'},{'D3'},{'D4'},{'R3'},{'D2'},{'R2'},{'R1'},&,2.0,&
{'D6'},{'D7'},{'D5'},{'D1'},{'D3'},{'D4'},{'R3'},{'D2'},{'R1'},{'R2'},&,3.0,&
{'D6'},{'D7'},{'D5'},{'D1'},{'D3'},{'D4'},{'R3'},{'R2'},{'R1'},{'D2'},&,1.0,&
{'D6'},{'D7'},{'D5'},{'D1'},{'D3'},{'D4'},{'R3'},{'R2'},{'D2'},{'R1'},&,1.0,&
{'D6'},{'D7'},{'D5'},{'D1'},{'D3'},{'D4'},{'D2'},{'R1'},{'R2'},{'R3'},&,1.0,&
{'D6'},{'D7'},{'D5'},{'D1'},{'D3'},{'D4'},{'D2'},{'R1'},{'R3'},{'R2'},&,2.0,&
{'D6'},{'D7'},{'D5'},{'D1'},{'D3'},{'D4'},{'D2'},{'R2'},{'R3'},{'R1'},&,4.0,&
{'D6'},{'D7'},{'D5'},{'D1'},{'D3'},{'D4'},{'D2'},{'R2'},{'R1'},{'R3'},&,2.0,&
{'D6'},{'D7'},{'D5'},{'D1'},{'D3'},{'D4'},{'D2'},{'R3'},{'R2'},{'R1'},&,6.0,&
{'D6'},{'D7'},{'D5'},{'D1'},{'D3'},{'D4'},{'D2'},{'R3'},{'R1'},{'R2'},&,5.0,&
{'D6'},{'D7'},{'D5'},{'D1'},{'D3'},{'D4'},{'R2'},{'D2'},{'R1'},{'R3'},&,1.0,&
{'D6'},{'D7'},{'D5'},{'D1'},{'D3'},{'D4'},{'R2'},{'R3'},{'D2'},{'R1'},&,1.0,&
{'D6'},{'D7'},{'D5'},{'D1'},{'D3'},{'D4'},{'R1'},{'R3'},{'R2'},{'D2'},&,1.0,&
{'D6'},{'D7'},{'D5'},{'D1'},{'D3'},{'D2'},{'R3'},{'R2'},{'D4'},{'R1'},&,2.0,&
{'D6'},{'D7'},{'D5'},{'D1'},{'D3'},{'D2'},{'R3'},{'D4'},{'R2'},{'R1'},&,1.0,&
{'D6'},{'D7'},{'D5'},{'D1'},{'D3'},{'D2'},{'R3'},{'D4'},{'R1'},{'R2'},&,1.0,&
{'D6'},{'D7'},{'D5'},{'D1'},{'D3'},{'D2'},{'D4'},{'R1'},{'R2'},{'R3'},&,2.0,&
{'D6'},{'D7'},{'D5'},{'D1'},{'D3'},{'D2'},{'D4'},{'R1'},{'R3'},{'R2'},&,2.0,&
{'D6'},{'D7'},{'D5'},{'D1'},{'D3'},{'D2'},{'D4'},{'R2'},{'R3'},{'R1'},&,3.0,&
{'D6'},{'D7'},{'D5'},{'D1'},{'D3'},{'D2'},{'D4'},{'R2'},{'R1'},{'R3'},&,1.0,&
{'D6'},{'D7'},{'D5'},{'D1'},{'D3'},{'D2'},{'D4'},{'R3'},{'R2'},{'R1'},&,2.0,&
{'D6'},{'D7'},{'D5'},{'D1'},{'D3'},{'D2'},{'D4'},{'R3'},{'R1'},{'R2'},&,5.0,&
{'D6'},{'D7'},{'D5'},{'D1'},{'D3'},{'D2'},{'R2'},{'R3'},{'D4'},{'R1'},&,1.0,&
{'D6'},{'D7'},{'D5'},{'D1'},{'D3'},{'R2'},{'D2'},{'D4'},{'R1'},{'R3'},&,2.0,&
{'D6'},{'D7'},{'D5'},{'D1'},{'D3'},{'R3'},{'D4'},{'R2'},{'R1'},{'D2'},&,1.0,&
{'D6'},{'D7'},{'D5'},{'D1'},{'D4'},{'D2'},{'R3'},{'D3'},{'R2'},{'R1'},&,1.0,&
{'D6'},{'D7'},{'D5'},{'D1'},{'D4'},{'D2'},{'D3'},{'R2'},{'R1'},{'R3'},&,1.0,&
{'D6'},{'D7'},{'D5'},{'D1'},{'D4'},{'D2'},{'D3'},{'R3'},{'R2'},{'R1'},&,1.0,&
{'D6'},{'D7'},{'D5'},{'D1'},{'D4'},{'D2'},{'D3'},{'R3'},{'R1'},{'R2'},&,2.0,&
{'D6'},{'D7'},{'D5'},{'D1'},{'D4'},{'D2'},{'R1'},{'D3'},{'R2'},{'R3'},&,1.0,&
{'D6'},{'D7'},{'D5'},{'D1'},{'D4'},{'D3'},{'R3'},{'D2'},{'R2'},{'R1'},&,2.0,&
{'D6'},{'D7'},{'D5'},{'D1'},{'D4'},{'D3'},{'R3'},{'R1'},{'D2'},{'R2'},&,1.0,&
{'D6'},{'D7'},{'D5'},{'D1'},{'D4'},{'D3'},{'R3'},{'R2'},{'R1'},{'D2'},&,1.0,&
{'D6'},{'D7'},{'D5'},{'D1'},{'D4'},{'D3'},{'R3'},{'R2'},{'D2'},{'R1'},&,1.0,&
{'D6'},{'D7'},{'D5'},{'D1'},{'D4'},{'D3'},{'D2'},{'R1'},{'R2'},{'R3'},&,3.0,&
{'D6'},{'D7'},{'D5'},{'D1'},{'D4'},{'D3'},{'D2'},{'R1'},{'R3'},{'R2'},&,1.0,&
{'D6'},{'D7'},{'D5'},{'D1'},{'D4'},{'D3'},{'D2'},{'R2'},{'R3'},{'R1'},&,2.0,&
{'D6'},{'D7'},{'D5'},{'D1'},{'D4'},{'D3'},{'D2'},{'R2'},{'R1'},{'R3'},&,2.0,&
{'D6'},{'D7'},{'D5'},{'D1'},{'D4'},{'D3'},{'D2'},{'R3'},{'R2'},{'R1'},&,4.0,&
{'D6'},{'D7'},{'D5'},{'D1'},{'D4'},{'D3'},{'D2'},{'R3'},{'R1'},{'R2'},&,2.0,&
{'D6'},{'D7'},{'D5'},{'D1'},{'D4'},{'R2'},{'D3'},{'D2'},{'R3'},{'R1'},&,1.0,&
{'D6'},{'D7'},{'D5'},{'D1'},{'D4'},{'R3'},{'D2'},{'R2'},{'D3'},{'R1'},&,1.0,&
{'D6'},{'D7'},{'D5'},{'D1'},{'R1'},{'D3'},{'D4'},{'D2'},{'R2'},{'R3'},&,1.0,&
{'D6'},{'D7'},{'D5'},{'D2'},{'D1'},{'D4'},{'D3'},{'R1'},{'R3'},{'R2'},&,2.0,&
{'D6'},{'D7'},{'D5'},{'D2'},{'D1'},{'D4'},{'D3'},{'R3'},{'R2'},{'R1'},&,1.0,&
{'D6'},{'D7'},{'D5'},{'D2'},{'D1'},{'D4'},{'D3'},{'R3'},{'R1'},{'R2'},&,1.0,&
{'D6'},{'D7'},{'D5'},{'D2'},{'D1'},{'D3'},{'R3'},{'D4'},{'R1'},{'R2'},&,1.0,&
{'D6'},{'D7'},{'D5'},{'D2'},{'D1'},{'D3'},{'D4'},{'R1'},{'R3'},{'R2'},&,1.0,&
{'D6'},{'D7'},{'D5'},{'D2'},{'D1'},{'D3'},{'D4'},{'R3'},{'R2'},{'R1'},&,3.0,&
{'D6'},{'D7'},{'D5'},{'D2'},{'D1'},{'D3'},{'D4'},{'R3'},{'R1'},{'R2'},&,1.0,&
{'D6'},{'D7'},{'D5'},{'D2'},{'D1'},{'R3'},{'D4'},{'D3'},{'R1'},{'R2'},&,1.0,&
{'D6'},{'D7'},{'D5'},{'D2'},{'D1'},{'R3'},{'D3'},{'D4'},{'R1'},{'R2'},&,1.0,&
{'D6'},{'D7'},{'D5'},{'D2'},{'D3'},{'D4'},{'R3'},{'D1'},{'R2'},{'R1'},&,4.0,&
{'D6'},{'D7'},{'D5'},{'D2'},{'D3'},{'D4'},{'R3'},{'D1'},{'R1'},{'R2'},&,1.0,&
{'D6'},{'D7'},{'D5'},{'D2'},{'D3'},{'D4'},{'D1'},{'R1'},{'R3'},{'R2'},&,3.0,&
{'D6'},{'D7'},{'D5'},{'D2'},{'D3'},{'D4'},{'D1'},{'R2'},{'R3'},{'R1'},&,1.0,&
{'D6'},{'D7'},{'D5'},{'D2'},{'D3'},{'D4'},{'D1'},{'R3'},{'R2'},{'R1'},&,1.0,&
{'D6'},{'D7'},{'D5'},{'D2'},{'D3'},{'D4'},{'D1'},{'R3'},{'R1'},{'R2'},&,2.0,&
{'D6'},{'D7'},{'D5'},{'D2'},{'D3'},{'D1'},{'R3'},{'R1'},{'D4'},{'R2'},&,1.0,&
{'D6'},{'D7'},{'D5'},{'D2'},{'D3'},{'D1'},{'D4'},{'R1'},{'R3'},{'R2'},&,1.0,&
{'D6'},{'D7'},{'D5'},{'D2'},{'D3'},{'D1'},{'D4'},{'R2'},{'R3'},{'R1'},&,4.0,&
{'D6'},{'D7'},{'D5'},{'D2'},{'D3'},{'D1'},{'D4'},{'R3'},{'R2'},{'R1'},&,4.0,&
{'D6'},{'D7'},{'D5'},{'D2'},{'D3'},{'D1'},{'D4'},{'R3'},{'R1'},{'R2'},&,4.0,&
{'D6'},{'D7'},{'D5'},{'D2'},{'D3'},{'D1'},{'R1'},{'D4'},{'R3'},{'R2'},&,1.0,&
{'D6'},{'D7'},{'D5'},{'D2'},{'D3'},{'R3'},{'D4'},{'R1'},{'D1'},{'R2'},&,1.0,&
{'D6'},{'D7'},{'D5'},{'D2'},{'D3'},{'R3'},{'R2'},{'D4'},{'R1'},{'D1'},&,1.0,&
{'D6'},{'D7'},{'D5'},{'D2'},{'D4'},{'D1'},{'D3'},{'R3'},{'R2'},{'R1'},&,3.0,&
{'D6'},{'D7'},{'D5'},{'D2'},{'D4'},{'D3'},{'R3'},{'R1'},{'R2'},{'D1'},&,1.0,&
{'D6'},{'D7'},{'D5'},{'D2'},{'D4'},{'D3'},{'R3'},{'D1'},{'R2'},{'R1'},&,1.0,&
{'D6'},{'D7'},{'D5'},{'D2'},{'D4'},{'D3'},{'D1'},{'R1'},{'R3'},{'R2'},&,3.0,&
{'D6'},{'D7'},{'D5'},{'D2'},{'D4'},{'D3'},{'D1'},{'R2'},{'R1'},{'R3'},&,1.0,&
{'D6'},{'D7'},{'D5'},{'D2'},{'D4'},{'D3'},{'D1'},{'R3'},{'R2'},{'R1'},&,1.0,&
{'D6'},{'D7'},{'D5'},{'D2'},{'D4'},{'D3'},{'D1'},{'R3'},{'R1'},{'R2'},&,2.0,&
{'D6'},{'D7'},{'D5'},{'D2'},{'D4'},{'D3'},{'R1'},{'R3'},{'R2'},{'D1'},&,1.0,&
{'D6'},{'D7'},{'D5'},{'D2'},{'D4'},{'R3'},{'D3'},{'D1'},{'R1'},{'R2'},&,1.0,&
{'D6'},{'D7'},{'D5'},{'D2'},{'R1'},{'D1'},{'D3'},{'D4'},{'R3'},{'R2'},&,1.0,&
{'D6'},{'D7'},{'D5'},{'D3'},{'D1'},{'D4'},{'R3'},{'D2'},{'R2'},{'R1'},&,3.0,&
{'D6'},{'D7'},{'D5'},{'D3'},{'D1'},{'D4'},{'R3'},{'D2'},{'R1'},{'R2'},&,2.0,&
{'D6'},{'D7'},{'D5'},{'D3'},{'D1'},{'D4'},{'R3'},{'R2'},{'D2'},{'R1'},&,1.0,&
{'D6'},{'D7'},{'D5'},{'D3'},{'D1'},{'D4'},{'D2'},{'R1'},{'R2'},{'R3'},&,1.0,&
{'D6'},{'D7'},{'D5'},{'D3'},{'D1'},{'D4'},{'D2'},{'R1'},{'R3'},{'R2'},&,6.0,&
{'D6'},{'D7'},{'D5'},{'D3'},{'D1'},{'D4'},{'D2'},{'R2'},{'R3'},{'R1'},&,4.0,&
{'D6'},{'D7'},{'D5'},{'D3'},{'D1'},{'D4'},{'D2'},{'R3'},{'R2'},{'R1'},&,8.0,&
{'D6'},{'D7'},{'D5'},{'D3'},{'D1'},{'D4'},{'D2'},{'R3'},{'R1'},{'R2'},&,10.0,&
{'D6'},{'D7'},{'D5'},{'D3'},{'D1'},{'D4'},{'R2'},{'D2'},{'R1'},{'R3'},&,1.0,&
{'D6'},{'D7'},{'D5'},{'D3'},{'D1'},{'D4'},{'R1'},{'D2'},{'R3'},{'R2'},&,2.0,&
{'D6'},{'D7'},{'D5'},{'D3'},{'D1'},{'D4'},{'R1'},{'R2'},{'D2'},{'R3'},&,1.0,&
{'D6'},{'D7'},{'D5'},{'D3'},{'D1'},{'D2'},{'R3'},{'D4'},{'R2'},{'R1'},&,1.0,&
{'D6'},{'D7'},{'D5'},{'D3'},{'D1'},{'D2'},{'R3'},{'D4'},{'R1'},{'R2'},&,1.0,&
{'D6'},{'D7'},{'D5'},{'D3'},{'D1'},{'D2'},{'D4'},{'R1'},{'R2'},{'R3'},&,1.0,&
{'D6'},{'D7'},{'D5'},{'D3'},{'D1'},{'D2'},{'D4'},{'R1'},{'R3'},{'R2'},&,5.0,&
{'D6'},{'D7'},{'D5'},{'D3'},{'D1'},{'D2'},{'D4'},{'R2'},{'R3'},{'R1'},&,1.0,&
{'D6'},{'D7'},{'D5'},{'D3'},{'D1'},{'D2'},{'D4'},{'R3'},{'R2'},{'R1'},&,5.0,&
{'D6'},{'D7'},{'D5'},{'D3'},{'D1'},{'D2'},{'D4'},{'R3'},{'R1'},{'R2'},&,8.0,&
{'D6'},{'D7'},{'D5'},{'D3'},{'D1'},{'D2'},{'R2'},{'R1'},{'D4'},{'R3'},&,1.0,&
{'D6'},{'D7'},{'D5'},{'D3'},{'D1'},{'D2'},{'R1'},{'D4'},{'R3'},{'R2'},&,2.0,&
{'D6'},{'D7'},{'D5'},{'D3'},{'D1'},{'R2'},{'D2'},{'D4'},{'R3'},{'R1'},&,1.0,&
{'D6'},{'D7'},{'D5'},{'D3'},{'D1'},{'R1'},{'D4'},{'D2'},{'R3'},{'R2'},&,1.0,&
{'D6'},{'D7'},{'D5'},{'D3'},{'D1'},{'R3'},{'D2'},{'D4'},{'R1'},{'R2'},&,1.0,&
{'D6'},{'D7'},{'D5'},{'D3'},{'D2'},{'D4'},{'R3'},{'R2'},{'R1'},{'D1'},&,1.0,&
{'D6'},{'D7'},{'D5'},{'D3'},{'D2'},{'D4'},{'R3'},{'D1'},{'R2'},{'R1'},&,2.0,&
{'D6'},{'D7'},{'D5'},{'D3'},{'D2'},{'D4'},{'R3'},{'D1'},{'R1'},{'R2'},&,3.0,&
{'D6'},{'D7'},{'D5'},{'D3'},{'D2'},{'D4'},{'D1'},{'R1'},{'R2'},{'R3'},&,1.0,&
{'D6'},{'D7'},{'D5'},{'D3'},{'D2'},{'D4'},{'D1'},{'R1'},{'R3'},{'R2'},&,1.0,&
{'D6'},{'D7'},{'D5'},{'D3'},{'D2'},{'D4'},{'D1'},{'R2'},{'R3'},{'R1'},&,6.0,&
{'D6'},{'D7'},{'D5'},{'D3'},{'D2'},{'D4'},{'D1'},{'R3'},{'R2'},{'R1'},&,3.0,&
{'D6'},{'D7'},{'D5'},{'D3'},{'D2'},{'D4'},{'D1'},{'R3'},{'R1'},{'R2'},&,8.0,&
{'D6'},{'D7'},{'D5'},{'D3'},{'D2'},{'D4'},{'R2'},{'D1'},{'R3'},{'R1'},&,1.0,&
{'D6'},{'D7'},{'D5'},{'D3'},{'D2'},{'D4'},{'R1'},{'R3'},{'R2'},{'D1'},&,1.0,&
{'D6'},{'D7'},{'D5'},{'D3'},{'D2'},{'D1'},{'R3'},{'D4'},{'R2'},{'R1'},&,2.0,&
{'D6'},{'D7'},{'D5'},{'D3'},{'D2'},{'D1'},{'D4'},{'R1'},{'R3'},{'R2'},&,3.0,&
{'D6'},{'D7'},{'D5'},{'D3'},{'D2'},{'D1'},{'D4'},{'R2'},{'R3'},{'R1'},&,3.0,&
{'D6'},{'D7'},{'D5'},{'D3'},{'D2'},{'D1'},{'D4'},{'R3'},{'R2'},{'R1'},&,4.0,&
{'D6'},{'D7'},{'D5'},{'D3'},{'D2'},{'D1'},{'D4'},{'R3'},{'R1'},{'R2'},&,9.0,&
{'D6'},{'D7'},{'D5'},{'D3'},{'D2'},{'D1'},{'R2'},{'R3'},{'D4'},{'R1'},&,1.0,&
{'D6'},{'D7'},{'D5'},{'D3'},{'D2'},{'D1'},{'R2'},{'D4'},{'R3'},{'R1'},&,1.0,&
{'D6'},{'D7'},{'D5'},{'D3'},{'D2'},{'D1'},{'R2'},{'D4'},{'R1'},{'R3'},&,1.0,&
{'D6'},{'D7'},{'D5'},{'D3'},{'D2'},{'D1'},{'R1'},{'D4'},{'R3'},{'R2'},&,2.0,&
{'D6'},{'D7'},{'D5'},{'D3'},{'D2'},{'R2'},{'D1'},{'D4'},{'R1'},{'R3'},&,1.0,&
{'D6'},{'D7'},{'D5'},{'D3'},{'D2'},{'R3'},{'D1'},{'R2'},{'D4'},{'R1'},&,1.0,&
{'D6'},{'D7'},{'D5'},{'D3'},{'D2'},{'R3'},{'D4'},{'D1'},{'R1'},{'R2'},&,3.0,&
{'D6'},{'D7'},{'D5'},{'D3'},{'D4'},{'D1'},{'R3'},{'D2'},{'R1'},{'R2'},&,5.0,&
{'D6'},{'D7'},{'D5'},{'D3'},{'D4'},{'D1'},{'R3'},{'R1'},{'R2'},{'D2'},&,1.0,&
{'D6'},{'D7'},{'D5'},{'D3'},{'D4'},{'D1'},{'R3'},{'R2'},{'D2'},{'R1'},&,1.0,&
{'D6'},{'D7'},{'D5'},{'D3'},{'D4'},{'D1'},{'D2'},{'R1'},{'R3'},{'R2'},&,4.0,&
{'D6'},{'D7'},{'D5'},{'D3'},{'D4'},{'D1'},{'D2'},{'R2'},{'R3'},{'R1'},&,4.0,&
{'D6'},{'D7'},{'D5'},{'D3'},{'D4'},{'D1'},{'D2'},{'R2'},{'R1'},{'R3'},&,3.0,&
{'D6'},{'D7'},{'D5'},{'D3'},{'D4'},{'D1'},{'D2'},{'R3'},{'R2'},{'R1'},&,13.0,&
{'D6'},{'D7'},{'D5'},{'D3'},{'D4'},{'D1'},{'D2'},{'R3'},{'R1'},{'R2'},&,13.0,&
{'D6'},{'D7'},{'D5'},{'D3'},{'D4'},{'D1'},{'R2'},{'R3'},{'D2'},{'R1'},&,1.0,&
{'D6'},{'D7'},{'D5'},{'D3'},{'D4'},{'D1'},{'R1'},{'D2'},{'R3'},{'R2'},&,2.0,&
{'D6'},{'D7'},{'D5'},{'D3'},{'D4'},{'D1'},{'R1'},{'R3'},{'D2'},{'R2'},&,1.0,&
{'D6'},{'D7'},{'D5'},{'D3'},{'D4'},{'D2'},{'R3'},{'R2'},{'D1'},{'R1'},&,1.0,&
{'D6'},{'D7'},{'D5'},{'D3'},{'D4'},{'D2'},{'R3'},{'D1'},{'R2'},{'R1'},&,6.0,&
{'D6'},{'D7'},{'D5'},{'D3'},{'D4'},{'D2'},{'R3'},{'D1'},{'R1'},{'R2'},&,3.0,&
{'D6'},{'D7'},{'D5'},{'D3'},{'D4'},{'D2'},{'D1'},{'R1'},{'R2'},{'R3'},&,2.0,&
{'D6'},{'D7'},{'D5'},{'D3'},{'D4'},{'D2'},{'D1'},{'R1'},{'R3'},{'R2'},&,6.0,&
{'D6'},{'D7'},{'D5'},{'D3'},{'D4'},{'D2'},{'D1'},{'R2'},{'R3'},{'R1'},&,12.0,&
{'D6'},{'D7'},{'D5'},{'D3'},{'D4'},{'D2'},{'D1'},{'R2'},{'R1'},{'R3'},&,3.0,&
{'D6'},{'D7'},{'D5'},{'D3'},{'D4'},{'D2'},{'D1'},{'R3'},{'R2'},{'R1'},&,9.0,&
{'D6'},{'D7'},{'D5'},{'D3'},{'D4'},{'D2'},{'D1'},{'R3'},{'R1'},{'R2'},&,14.0,&
{'D6'},{'D7'},{'D5'},{'D3'},{'D4'},{'D2'},{'R2'},{'R3'},{'R1'},{'D1'},&,1.0,&
{'D6'},{'D7'},{'D5'},{'D3'},{'D4'},{'D2'},{'R2'},{'D1'},{'R3'},{'R1'},&,3.0,&
{'D6'},{'D7'},{'D5'},{'D3'},{'D4'},{'R1'},{'D2'},{'D1'},{'R3'},{'R2'},&,2.0,&
{'D6'},{'D7'},{'D5'},{'D3'},{'R3'},{'D4'},{'D2'},{'R1'},{'D1'},{'R2'},&,1.0,&
{'D6'},{'D7'},{'D5'},{'D3'},{'R3'},{'D4'},{'D1'},{'D2'},{'R2'},{'R1'},&,1.0,&
{'D6'},{'D7'},{'D5'},{'D3'},{'R3'},{'D4'},{'R1'},{'D1'},{'D2'},{'R2'},&,1.0,&
{'D6'},{'D7'},{'D5'},{'D3'},{'R3'},{'D1'},{'D2'},{'D4'},{'R2'},{'R1'},&,1.0,&
{'D6'},{'D7'},{'D5'},{'D3'},{'R3'},{'D1'},{'D4'},{'D2'},{'R1'},{'R2'},&,1.0,&
{'D6'},{'D7'},{'D5'},{'D3'},{'R2'},{'D4'},{'R3'},{'D2'},{'R1'},{'D1'},&,1.0,&
{'D6'},{'D7'},{'D5'},{'D4'},{'D1'},{'D2'},{'R3'},{'D3'},{'R2'},{'R1'},&,1.0,&
{'D6'},{'D7'},{'D5'},{'D4'},{'D1'},{'D2'},{'D3'},{'R1'},{'R2'},{'R3'},&,1.0,&
{'D6'},{'D7'},{'D5'},{'D4'},{'D1'},{'D2'},{'D3'},{'R1'},{'R3'},{'R2'},&,1.0,&
{'D6'},{'D7'},{'D5'},{'D4'},{'D1'},{'D2'},{'D3'},{'R2'},{'R3'},{'R1'},&,1.0,&
{'D6'},{'D7'},{'D5'},{'D4'},{'D1'},{'D2'},{'D3'},{'R3'},{'R2'},{'R1'},&,1.0,&
{'D6'},{'D7'},{'D5'},{'D4'},{'D1'},{'D2'},{'D3'},{'R3'},{'R1'},{'R2'},&,1.0,&
{'D6'},{'D7'},{'D5'},{'D4'},{'D1'},{'D3'},{'R3'},{'D2'},{'R1'},{'R2'},&,2.0,&
{'D6'},{'D7'},{'D5'},{'D4'},{'D1'},{'D3'},{'D2'},{'R1'},{'R3'},{'R2'},&,2.0,&
{'D6'},{'D7'},{'D5'},{'D4'},{'D1'},{'D3'},{'D2'},{'R2'},{'R3'},{'R1'},&,3.0,&
{'D6'},{'D7'},{'D5'},{'D4'},{'D1'},{'D3'},{'D2'},{'R2'},{'R1'},{'R3'},&,2.0,&
{'D6'},{'D7'},{'D5'},{'D4'},{'D1'},{'D3'},{'D2'},{'R3'},{'R2'},{'R1'},&,2.0,&
{'D6'},{'D7'},{'D5'},{'D4'},{'D1'},{'D3'},{'D2'},{'R3'},{'R1'},{'R2'},&,2.0,&
{'D6'},{'D7'},{'D5'},{'D4'},{'D1'},{'D3'},{'R2'},{'D2'},{'R3'},{'R1'},&,1.0,&
{'D6'},{'D7'},{'D5'},{'D4'},{'D1'},{'D3'},{'R2'},{'R1'},{'D2'},{'R3'},&,1.0,&
{'D6'},{'D7'},{'D5'},{'D4'},{'D1'},{'D3'},{'R2'},{'R3'},{'R1'},{'D2'},&,1.0,&
{'D6'},{'D7'},{'D5'},{'D4'},{'D1'},{'R3'},{'D3'},{'D2'},{'R2'},{'R1'},&,1.0,&
{'D6'},{'D7'},{'D5'},{'D4'},{'D2'},{'D1'},{'R3'},{'D3'},{'R2'},{'R1'},&,1.0,&
{'D6'},{'D7'},{'D5'},{'D4'},{'D2'},{'D1'},{'D3'},{'R2'},{'R3'},{'R1'},&,1.0,&
{'D6'},{'D7'},{'D5'},{'D4'},{'D2'},{'D1'},{'D3'},{'R3'},{'R2'},{'R1'},&,1.0,&
{'D6'},{'D7'},{'D5'},{'D4'},{'D2'},{'D3'},{'R3'},{'D1'},{'R2'},{'R1'},&,1.0,&
{'D6'},{'D7'},{'D5'},{'D4'},{'D2'},{'D3'},{'R3'},{'D1'},{'R1'},{'R2'},&,1.0,&
{'D6'},{'D7'},{'D5'},{'D4'},{'D2'},{'D3'},{'D1'},{'R1'},{'R3'},{'R2'},&,3.0,&
{'D6'},{'D7'},{'D5'},{'D4'},{'D2'},{'D3'},{'D1'},{'R2'},{'R3'},{'R1'},&,2.0,&
{'D6'},{'D7'},{'D5'},{'D4'},{'D2'},{'D3'},{'D1'},{'R3'},{'R2'},{'R1'},&,2.0,&
{'D6'},{'D7'},{'D5'},{'D4'},{'D2'},{'D3'},{'D1'},{'R3'},{'R1'},{'R2'},&,5.0,&
{'D6'},{'D7'},{'D5'},{'D4'},{'D2'},{'D3'},{'R1'},{'D1'},{'R3'},{'R2'},&,1.0,&
{'D6'},{'D7'},{'D5'},{'D4'},{'D2'},{'R3'},{'D1'},{'D3'},{'R1'},{'R2'},&,1.0,&
{'D6'},{'D7'},{'D5'},{'D4'},{'D2'},{'R3'},{'D3'},{'D1'},{'R1'},{'R2'},&,1.0,&
{'D6'},{'D7'},{'D5'},{'D4'},{'D3'},{'D1'},{'R3'},{'D2'},{'R2'},{'R1'},&,1.0,&
{'D6'},{'D7'},{'D5'},{'D4'},{'D3'},{'D1'},{'R3'},{'D2'},{'R1'},{'R2'},&,2.0,&
{'D6'},{'D7'},{'D5'},{'D4'},{'D3'},{'D1'},{'R3'},{'R1'},{'D2'},{'R2'},&,2.0,&
{'D6'},{'D7'},{'D5'},{'D4'},{'D3'},{'D1'},{'R3'},{'R2'},{'D2'},{'R1'},&,2.0,&
{'D6'},{'D7'},{'D5'},{'D4'},{'D3'},{'D1'},{'D2'},{'R1'},{'R2'},{'R3'},&,3.0,&
{'D6'},{'D7'},{'D5'},{'D4'},{'D3'},{'D1'},{'D2'},{'R1'},{'R3'},{'R2'},&,5.0,&
{'D6'},{'D7'},{'D5'},{'D4'},{'D3'},{'D1'},{'D2'},{'R2'},{'R3'},{'R1'},&,4.0,&
{'D6'},{'D7'},{'D5'},{'D4'},{'D3'},{'D1'},{'D2'},{'R3'},{'R2'},{'R1'},&,10.0,&
{'D6'},{'D7'},{'D5'},{'D4'},{'D3'},{'D1'},{'D2'},{'R3'},{'R1'},{'R2'},&,6.0,&
{'D6'},{'D7'},{'D5'},{'D4'},{'D3'},{'D1'},{'R2'},{'D2'},{'R3'},{'R1'},&,3.0,&
{'D6'},{'D7'},{'D5'},{'D4'},{'D3'},{'D1'},{'R1'},{'D2'},{'R3'},{'R2'},&,1.0,&
{'D6'},{'D7'},{'D5'},{'D4'},{'D3'},{'D2'},{'R3'},{'R1'},{'R2'},{'D1'},&,1.0,&
{'D6'},{'D7'},{'D5'},{'D4'},{'D3'},{'D2'},{'R3'},{'R1'},{'D1'},{'R2'},&,1.0,&
{'D6'},{'D7'},{'D5'},{'D4'},{'D3'},{'D2'},{'R3'},{'R2'},{'R1'},{'D1'},&,1.0,&
{'D6'},{'D7'},{'D5'},{'D4'},{'D3'},{'D2'},{'R3'},{'D1'},{'R2'},{'R1'},&,4.0,&
{'D6'},{'D7'},{'D5'},{'D4'},{'D3'},{'D2'},{'R3'},{'D1'},{'R1'},{'R2'},&,2.0,&
{'D6'},{'D7'},{'D5'},{'D4'},{'D3'},{'D2'},{'D1'},{'R1'},{'R2'},{'R3'},&,2.0,&
{'D6'},{'D7'},{'D5'},{'D4'},{'D3'},{'D2'},{'D1'},{'R1'},{'R3'},{'R2'},&,6.0,&
{'D6'},{'D7'},{'D5'},{'D4'},{'D3'},{'D2'},{'D1'},{'R2'},{'R3'},{'R1'},&,3.0,&
{'D6'},{'D7'},{'D5'},{'D4'},{'D3'},{'D2'},{'D1'},{'R2'},{'R1'},{'R3'},&,3.0,&
{'D6'},{'D7'},{'D5'},{'D4'},{'D3'},{'D2'},{'D1'},{'R3'},{'R2'},{'R1'},&,9.0,&
{'D6'},{'D7'},{'D5'},{'D4'},{'D3'},{'D2'},{'D1'},{'R3'},{'R1'},{'R2'},&,7.0,&
{'D6'},{'D7'},{'D5'},{'D4'},{'D3'},{'D2'},{'R2'},{'R3'},{'D1'},{'R1'},&,1.0,&
{'D6'},{'D7'},{'D5'},{'D4'},{'D3'},{'D2'},{'R2'},{'D1'},{'R3'},{'R1'},&,1.0,&
{'D6'},{'D7'},{'D5'},{'D4'},{'D3'},{'D2'},{'R2'},{'D1'},{'R1'},{'R3'},&,1.0,&
{'D6'},{'D7'},{'D5'},{'D4'},{'D3'},{'D2'},{'R1'},{'R2'},{'D1'},{'R3'},&,1.0,&
{'D6'},{'D7'},{'D5'},{'D4'},{'D3'},{'D2'},{'R1'},{'D1'},{'R2'},{'R3'},&,2.0,&
{'D6'},{'D7'},{'D5'},{'D4'},{'D3'},{'D2'},{'R1'},{'D1'},{'R3'},{'R2'},&,2.0,&
{'D6'},{'D7'},{'D5'},{'D4'},{'D3'},{'R2'},{'D1'},{'D2'},{'R3'},{'R1'},&,1.0,&
{'D6'},{'D7'},{'D5'},{'D4'},{'D3'},{'R1'},{'D2'},{'R2'},{'D1'},{'R3'},&,1.0,&
{'D6'},{'D7'},{'D5'},{'D4'},{'D3'},{'R1'},{'D1'},{'R3'},{'D2'},{'R2'},&,1.0,&
{'D6'},{'D7'},{'D5'},{'D4'},{'D3'},{'R3'},{'D2'},{'R1'},{'D1'},{'R2'},&,1.0,&
{'D6'},{'D7'},{'D5'},{'D4'},{'D3'},{'R3'},{'D2'},{'D1'},{'R1'},{'R2'},&,1.0,&
{'D6'},{'D7'},{'D5'},{'D4'},{'D3'},{'R3'},{'D1'},{'D2'},{'R1'},{'R2'},&,1.0,&
{'D6'},{'D7'},{'D5'},{'D4'},{'R2'},{'D3'},{'D2'},{'D1'},{'R3'},{'R1'},&,1.0,&
{'D6'},{'D7'},{'D5'},{'R2'},{'D2'},{'D1'},{'D4'},{'D3'},{'R1'},{'R3'},&,1.0,&
{'D6'},{'D7'},{'D5'},{'R2'},{'D3'},{'D4'},{'D2'},{'D1'},{'R1'},{'R3'},&,1.0,&
{'D6'},{'D7'},{'D5'},{'R3'},{'D2'},{'D3'},{'D1'},{'D4'},{'R2'},{'R1'},&,1.0,&
{'D6'},{'D7'},{'D5'},{'R3'},{'D3'},{'D1'},{'D4'},{'D2'},{'R1'},{'R2'},&,1.0,&
{'D6'},{'D7'},{'D5'},{'R3'},{'D3'},{'D1'},{'D4'},{'R1'},{'D2'},{'R2'},&,1.0,&
{'D6'},{'D7'},{'D1'},{'D2'},{'D3'},{'D5'},{'R3'},{'D4'},{'R2'},{'R1'},&,1.0,&
{'D6'},{'D7'},{'D1'},{'D2'},{'D3'},{'D5'},{'R1'},{'R3'},{'D4'},{'R2'},&,1.0,&
{'D6'},{'D7'},{'D1'},{'D2'},{'D4'},{'D3'},{'D5'},{'R3'},{'R1'},{'R2'},&,1.0,&
{'D6'},{'D7'},{'D1'},{'D2'},{'D5'},{'D4'},{'D3'},{'R3'},{'R1'},{'R2'},&,1.0,&
{'D6'},{'D7'},{'D1'},{'D2'},{'D5'},{'D3'},{'D4'},{'R2'},{'R3'},{'R1'},&,1.0,&
{'D6'},{'D7'},{'D1'},{'D2'},{'D5'},{'R2'},{'D3'},{'D4'},{'R3'},{'R1'},&,1.0,&
{'D6'},{'D7'},{'D1'},{'D3'},{'D2'},{'D4'},{'R3'},{'D5'},{'R2'},{'R1'},&,1.0,&
{'D6'},{'D7'},{'D1'},{'D3'},{'D2'},{'D4'},{'D5'},{'R1'},{'R2'},{'R3'},&,1.0,&
{'D6'},{'D7'},{'D1'},{'D3'},{'D2'},{'R2'},{'D5'},{'D4'},{'R3'},{'R1'},&,1.0,&
{'D6'},{'D7'},{'D1'},{'D3'},{'D4'},{'D2'},{'D5'},{'R3'},{'R2'},{'R1'},&,1.0,&
{'D6'},{'D7'},{'D1'},{'D3'},{'D4'},{'D2'},{'D5'},{'R3'},{'R1'},{'R2'},&,1.0,&
{'D6'},{'D7'},{'D1'},{'D3'},{'D4'},{'D5'},{'D2'},{'R1'},{'R3'},{'R2'},&,1.0,&
{'D6'},{'D7'},{'D1'},{'D3'},{'D5'},{'D4'},{'R3'},{'D2'},{'R2'},{'R1'},&,1.0,&
{'D6'},{'D7'},{'D1'},{'D3'},{'D5'},{'D4'},{'R3'},{'D2'},{'R1'},{'R2'},&,1.0,&
{'D6'},{'D7'},{'D1'},{'D3'},{'D5'},{'D4'},{'D2'},{'R2'},{'R3'},{'R1'},&,2.0,&
{'D6'},{'D7'},{'D1'},{'D3'},{'D5'},{'D4'},{'D2'},{'R2'},{'R1'},{'R3'},&,1.0,&
{'D6'},{'D7'},{'D1'},{'D3'},{'D5'},{'D4'},{'D2'},{'R3'},{'R2'},{'R1'},&,3.0,&
{'D6'},{'D7'},{'D1'},{'D3'},{'D5'},{'D4'},{'D2'},{'R3'},{'R1'},{'R2'},&,4.0,&
{'D6'},{'D7'},{'D1'},{'D3'},{'D5'},{'D4'},{'R1'},{'D2'},{'R2'},{'R3'},&,1.0,&
{'D6'},{'D7'},{'D1'},{'D3'},{'D5'},{'D2'},{'R3'},{'R1'},{'D4'},{'R2'},&,1.0,&
{'D6'},{'D7'},{'D1'},{'D3'},{'D5'},{'D2'},{'D4'},{'R1'},{'R3'},{'R2'},&,1.0,&
{'D6'},{'D7'},{'D1'},{'D3'},{'D5'},{'D2'},{'D4'},{'R2'},{'R3'},{'R1'},&,3.0,&
{'D6'},{'D7'},{'D1'},{'D3'},{'D5'},{'D2'},{'D4'},{'R3'},{'R2'},{'R1'},&,2.0,&
{'D6'},{'D7'},{'D1'},{'D3'},{'D5'},{'D2'},{'D4'},{'R3'},{'R1'},{'R2'},&,1.0,&
{'D6'},{'D7'},{'D1'},{'D5'},{'D2'},{'D4'},{'D3'},{'R1'},{'R2'},{'R3'},&,1.0,&
{'D6'},{'D7'},{'D1'},{'D5'},{'D2'},{'D4'},{'D3'},{'R2'},{'R3'},{'R1'},&,1.0,&
{'D6'},{'D7'},{'D1'},{'D5'},{'D2'},{'D4'},{'R1'},{'D3'},{'R3'},{'R2'},&,1.0,&
{'D6'},{'D7'},{'D1'},{'D5'},{'D2'},{'D3'},{'D4'},{'R1'},{'R3'},{'R2'},&,1.0,&
{'D6'},{'D7'},{'D1'},{'D5'},{'D2'},{'D3'},{'D4'},{'R3'},{'R2'},{'R1'},&,2.0,&
{'D6'},{'D7'},{'D1'},{'D5'},{'D2'},{'D3'},{'D4'},{'R3'},{'R1'},{'R2'},&,2.0,&
{'D6'},{'D7'},{'D1'},{'D5'},{'D2'},{'D3'},{'R2'},{'D4'},{'R1'},{'R3'},&,1.0,&
{'D6'},{'D7'},{'D1'},{'D5'},{'D2'},{'D3'},{'R1'},{'D4'},{'R3'},{'R2'},&,1.0,&
{'D6'},{'D7'},{'D1'},{'D5'},{'D3'},{'D4'},{'R3'},{'D2'},{'R2'},{'R1'},&,1.0,&
{'D6'},{'D7'},{'D1'},{'D5'},{'D3'},{'D4'},{'R3'},{'D2'},{'R1'},{'R2'},&,4.0,&
{'D6'},{'D7'},{'D1'},{'D5'},{'D3'},{'D4'},{'R3'},{'R1'},{'D2'},{'R2'},&,1.0,&
{'D6'},{'D7'},{'D1'},{'D5'},{'D3'},{'D4'},{'D2'},{'R1'},{'R2'},{'R3'},&,1.0,&
{'D6'},{'D7'},{'D1'},{'D5'},{'D3'},{'D4'},{'D2'},{'R1'},{'R3'},{'R2'},&,2.0,&
{'D6'},{'D7'},{'D1'},{'D5'},{'D3'},{'D4'},{'D2'},{'R2'},{'R3'},{'R1'},&,3.0,&
{'D6'},{'D7'},{'D1'},{'D5'},{'D3'},{'D4'},{'D2'},{'R3'},{'R2'},{'R1'},&,2.0,&
{'D6'},{'D7'},{'D1'},{'D5'},{'D3'},{'D4'},{'D2'},{'R3'},{'R1'},{'R2'},&,5.0,&
{'D6'},{'D7'},{'D1'},{'D5'},{'D3'},{'D4'},{'R1'},{'D2'},{'R3'},{'R2'},&,1.0,&
{'D6'},{'D7'},{'D1'},{'D5'},{'D3'},{'D2'},{'R3'},{'R2'},{'R1'},{'D4'},&,1.0,&
{'D6'},{'D7'},{'D1'},{'D5'},{'D3'},{'D2'},{'D4'},{'R1'},{'R2'},{'R3'},&,1.0,&
{'D6'},{'D7'},{'D1'},{'D5'},{'D3'},{'D2'},{'D4'},{'R1'},{'R3'},{'R2'},&,1.0,&
{'D6'},{'D7'},{'D1'},{'D5'},{'D3'},{'D2'},{'D4'},{'R2'},{'R3'},{'R1'},&,3.0,&
{'D6'},{'D7'},{'D1'},{'D5'},{'D3'},{'D2'},{'D4'},{'R3'},{'R2'},{'R1'},&,1.0,&
{'D6'},{'D7'},{'D1'},{'D5'},{'D3'},{'D2'},{'D4'},{'R3'},{'R1'},{'R2'},&,1.0,&
{'D6'},{'D7'},{'D1'},{'D5'},{'D3'},{'D2'},{'R2'},{'D4'},{'R3'},{'R1'},&,1.0,&
{'D6'},{'D7'},{'D1'},{'D5'},{'D3'},{'D2'},{'R2'},{'D4'},{'R1'},{'R3'},&,1.0,&
{'D6'},{'D7'},{'D1'},{'D5'},{'D3'},{'R3'},{'D2'},{'R2'},{'R1'},{'D4'},&,1.0,&
{'D6'},{'D7'},{'D1'},{'D5'},{'D4'},{'D2'},{'D3'},{'R1'},{'R3'},{'R2'},&,1.0,&
{'D6'},{'D7'},{'D1'},{'D5'},{'D4'},{'D3'},{'D2'},{'R1'},{'R2'},{'R3'},&,4.0,&
{'D6'},{'D7'},{'D1'},{'D5'},{'D4'},{'D3'},{'D2'},{'R1'},{'R3'},{'R2'},&,2.0,&
{'D6'},{'D7'},{'D1'},{'D5'},{'D4'},{'D3'},{'D2'},{'R2'},{'R3'},{'R1'},&,1.0,&
{'D6'},{'D7'},{'D1'},{'D5'},{'D4'},{'D3'},{'D2'},{'R3'},{'R2'},{'R1'},&,2.0,&
{'D6'},{'D7'},{'D1'},{'D5'},{'D4'},{'D3'},{'D2'},{'R3'},{'R1'},{'R2'},&,2.0,&
{'D6'},{'D7'},{'D1'},{'D5'},{'D4'},{'R3'},{'D3'},{'R2'},{'D2'},{'R1'},&,1.0,&
{'D6'},{'D7'},{'D1'},{'D5'},{'R3'},{'D4'},{'D3'},{'R1'},{'D2'},{'R2'},&,1.0,&
{'D6'},{'D7'},{'D1'},{'D4'},{'D2'},{'D5'},{'D3'},{'R1'},{'R3'},{'R2'},&,1.0,&
{'D6'},{'D7'},{'D1'},{'D4'},{'D2'},{'D5'},{'D3'},{'R3'},{'R2'},{'R1'},&,1.0,&
{'D6'},{'D7'},{'D1'},{'D4'},{'D2'},{'D3'},{'D5'},{'R2'},{'R3'},{'R1'},&,1.0,&
{'D6'},{'D7'},{'D1'},{'D4'},{'D2'},{'D3'},{'D5'},{'R3'},{'R1'},{'R2'},&,1.0,&
{'D6'},{'D7'},{'D1'},{'D4'},{'D3'},{'D2'},{'D5'},{'R2'},{'R3'},{'R1'},&,1.0,&
{'D6'},{'D7'},{'D1'},{'D4'},{'D3'},{'D2'},{'D5'},{'R3'},{'R1'},{'R2'},&,1.0,&
{'D6'},{'D7'},{'D1'},{'D4'},{'D3'},{'D5'},{'D2'},{'R1'},{'R3'},{'R2'},&,1.0,&
{'D6'},{'D7'},{'D1'},{'D4'},{'D3'},{'D5'},{'D2'},{'R3'},{'R1'},{'R2'},&,2.0,&
{'D6'},{'D7'},{'D1'},{'D4'},{'D5'},{'D3'},{'D2'},{'R1'},{'R3'},{'R2'},&,1.0,&
{'D6'},{'D7'},{'D1'},{'D4'},{'D5'},{'D3'},{'D2'},{'R2'},{'R3'},{'R1'},&,1.0,&
{'D6'},{'D7'},{'D1'},{'D4'},{'D5'},{'D3'},{'D2'},{'R2'},{'R1'},{'R3'},&,1.0,&
{'D6'},{'D7'},{'D1'},{'D4'},{'D5'},{'D3'},{'D2'},{'R3'},{'R2'},{'R1'},&,2.0,&
{'D6'},{'D7'},{'D1'},{'D4'},{'D5'},{'D3'},{'D2'},{'R3'},{'R1'},{'R2'},&,1.0,&
{'D6'},{'D7'},{'D1'},{'D4'},{'D5'},{'D3'},{'R1'},{'D2'},{'R3'},{'R2'},&,1.0,&
{'D6'},{'D7'},{'D1'},{'D4'},{'D5'},{'R3'},{'D2'},{'D3'},{'R1'},{'R2'},&,1.0,&
{'D6'},{'D7'},{'D1'},{'D4'},{'D5'},{'R3'},{'D3'},{'D2'},{'R2'},{'R1'},&,1.0,&
{'D6'},{'D7'},{'D1'},{'R2'},{'D3'},{'D5'},{'D2'},{'D4'},{'R3'},{'R1'},&,1.0,&
{'D6'},{'D7'},{'D2'},{'D1'},{'D3'},{'D4'},{'D5'},{'R3'},{'R2'},{'R1'},&,1.0,&
{'D6'},{'D7'},{'D2'},{'D1'},{'D3'},{'D5'},{'D4'},{'R1'},{'R3'},{'R2'},&,1.0,&
{'D6'},{'D7'},{'D2'},{'D1'},{'D3'},{'D5'},{'D4'},{'R3'},{'R1'},{'R2'},&,1.0,&
{'D6'},{'D7'},{'D2'},{'D1'},{'D5'},{'D4'},{'R3'},{'R2'},{'D3'},{'R1'},&,1.0,&
{'D6'},{'D7'},{'D2'},{'D1'},{'D5'},{'D4'},{'R3'},{'D3'},{'R2'},{'R1'},&,1.0,&
{'D6'},{'D7'},{'D2'},{'D1'},{'D5'},{'D3'},{'R3'},{'R2'},{'R1'},{'D4'},&,1.0,&
{'D6'},{'D7'},{'D2'},{'D1'},{'D5'},{'D3'},{'D4'},{'R3'},{'R2'},{'R1'},&,1.0,&
{'D6'},{'D7'},{'D2'},{'D1'},{'D5'},{'D3'},{'D4'},{'R3'},{'R1'},{'R2'},&,1.0,&
{'D6'},{'D7'},{'D2'},{'D3'},{'D1'},{'D4'},{'D5'},{'R1'},{'R3'},{'R2'},&,1.0,&
{'D6'},{'D7'},{'D2'},{'D3'},{'D1'},{'D5'},{'D4'},{'R3'},{'R2'},{'R1'},&,1.0,&
{'D6'},{'D7'},{'D2'},{'D3'},{'D4'},{'D1'},{'D5'},{'R3'},{'R2'},{'R1'},&,1.0,&
{'D6'},{'D7'},{'D2'},{'D3'},{'D4'},{'D5'},{'R3'},{'D1'},{'R1'},{'R2'},&,1.0,&
{'D6'},{'D7'},{'D2'},{'D3'},{'D4'},{'D5'},{'D1'},{'R3'},{'R2'},{'R1'},&,2.0,&
{'D6'},{'D7'},{'D2'},{'D3'},{'D4'},{'D5'},{'D1'},{'R3'},{'R1'},{'R2'},&,1.0,&
{'D6'},{'D7'},{'D2'},{'D3'},{'D4'},{'D5'},{'R2'},{'R3'},{'D1'},{'R1'},&,1.0,&
{'D6'},{'D7'},{'D2'},{'D3'},{'D5'},{'D4'},{'R3'},{'D1'},{'R1'},{'R2'},&,1.0,&
{'D6'},{'D7'},{'D2'},{'D3'},{'D5'},{'D4'},{'D1'},{'R1'},{'R3'},{'R2'},&,2.0,&
{'D6'},{'D7'},{'D2'},{'D3'},{'D5'},{'D4'},{'D1'},{'R2'},{'R3'},{'R1'},&,1.0,&
{'D6'},{'D7'},{'D2'},{'D3'},{'D5'},{'D4'},{'D1'},{'R3'},{'R2'},{'R1'},&,1.0,&
{'D6'},{'D7'},{'D2'},{'D3'},{'D5'},{'D4'},{'D1'},{'R3'},{'R1'},{'R2'},&,1.0,&
{'D6'},{'D7'},{'D2'},{'D3'},{'D5'},{'D4'},{'R1'},{'D1'},{'R3'},{'R2'},&,1.0,&
{'D6'},{'D7'},{'D2'},{'D3'},{'D5'},{'D1'},{'D4'},{'R1'},{'R3'},{'R2'},&,1.0,&
{'D6'},{'D7'},{'D2'},{'D3'},{'D5'},{'D1'},{'D4'},{'R2'},{'R3'},{'R1'},&,2.0,&
{'D6'},{'D7'},{'D2'},{'D3'},{'D5'},{'D1'},{'D4'},{'R3'},{'R2'},{'R1'},&,4.0,&
{'D6'},{'D7'},{'D2'},{'D3'},{'D5'},{'R3'},{'D4'},{'D1'},{'R2'},{'R1'},&,1.0,&
{'D6'},{'D7'},{'D2'},{'D3'},{'R3'},{'D5'},{'D1'},{'D4'},{'R2'},{'R1'},&,1.0,&
{'D6'},{'D7'},{'D2'},{'D5'},{'D1'},{'D4'},{'R3'},{'D3'},{'R2'},{'R1'},&,1.0,&
{'D6'},{'D7'},{'D2'},{'D5'},{'D1'},{'D4'},{'D3'},{'R2'},{'R3'},{'R1'},&,1.0,&
{'D6'},{'D7'},{'D2'},{'D5'},{'D1'},{'D4'},{'D3'},{'R3'},{'R1'},{'R2'},&,1.0,&
{'D6'},{'D7'},{'D2'},{'D5'},{'D1'},{'D3'},{'R3'},{'D4'},{'R1'},{'R2'},&,2.0,&
{'D6'},{'D7'},{'D2'},{'D5'},{'D1'},{'D3'},{'D4'},{'R3'},{'R2'},{'R1'},&,1.0,&
{'D6'},{'D7'},{'D2'},{'D5'},{'D1'},{'D3'},{'D4'},{'R3'},{'R1'},{'R2'},&,1.0,&
{'D6'},{'D7'},{'D2'},{'D5'},{'D1'},{'D3'},{'R2'},{'D4'},{'R3'},{'R1'},&,1.0,&
{'D6'},{'D7'},{'D2'},{'D5'},{'D1'},{'R2'},{'D4'},{'D3'},{'R1'},{'R3'},&,1.0,&
{'D6'},{'D7'},{'D2'},{'D5'},{'D1'},{'R2'},{'D3'},{'D4'},{'R3'},{'R1'},&,1.0,&
{'D6'},{'D7'},{'D2'},{'D5'},{'D3'},{'D4'},{'R3'},{'R2'},{'D1'},{'R1'},&,1.0,&
{'D6'},{'D7'},{'D2'},{'D5'},{'D3'},{'D4'},{'R3'},{'D1'},{'R1'},{'R2'},&,2.0,&
{'D6'},{'D7'},{'D2'},{'D5'},{'D3'},{'D4'},{'D1'},{'R1'},{'R3'},{'R2'},&,2.0,&
{'D6'},{'D7'},{'D2'},{'D5'},{'D3'},{'D4'},{'D1'},{'R2'},{'R3'},{'R1'},&,4.0,&
{'D6'},{'D7'},{'D2'},{'D5'},{'D3'},{'D4'},{'D1'},{'R2'},{'R1'},{'R3'},&,1.0,&
{'D6'},{'D7'},{'D2'},{'D5'},{'D3'},{'D4'},{'D1'},{'R3'},{'R2'},{'R1'},&,2.0,&
{'D6'},{'D7'},{'D2'},{'D5'},{'D3'},{'D4'},{'D1'},{'R3'},{'R1'},{'R2'},&,2.0,&
{'D6'},{'D7'},{'D2'},{'D5'},{'D3'},{'D4'},{'R1'},{'D1'},{'R3'},{'R2'},&,1.0,&
{'D6'},{'D7'},{'D2'},{'D5'},{'D3'},{'D1'},{'R3'},{'D4'},{'R2'},{'R1'},&,1.0,&
{'D6'},{'D7'},{'D2'},{'D5'},{'D3'},{'D1'},{'R3'},{'D4'},{'R1'},{'R2'},&,1.0,&
{'D6'},{'D7'},{'D2'},{'D5'},{'D3'},{'D1'},{'D4'},{'R1'},{'R2'},{'R3'},&,1.0,&
{'D6'},{'D7'},{'D2'},{'D5'},{'D3'},{'D1'},{'D4'},{'R2'},{'R3'},{'R1'},&,2.0,&
{'D6'},{'D7'},{'D2'},{'D5'},{'D3'},{'D1'},{'D4'},{'R3'},{'R2'},{'R1'},&,2.0,&
{'D6'},{'D7'},{'D2'},{'D5'},{'D3'},{'D1'},{'D4'},{'R3'},{'R1'},{'R2'},&,3.0,&
{'D6'},{'D7'},{'D2'},{'D5'},{'D3'},{'D1'},{'R2'},{'D4'},{'R3'},{'R1'},&,1.0,&
{'D6'},{'D7'},{'D2'},{'D5'},{'D3'},{'D1'},{'R1'},{'R3'},{'D4'},{'R2'},&,1.0,&
{'D6'},{'D7'},{'D2'},{'D5'},{'D3'},{'R3'},{'D1'},{'D4'},{'R2'},{'R1'},&,1.0,&
{'D6'},{'D7'},{'D2'},{'D5'},{'D3'},{'R3'},{'D4'},{'D1'},{'R1'},{'R2'},&,2.0,&
{'D6'},{'D7'},{'D2'},{'D5'},{'D4'},{'D3'},{'R3'},{'R2'},{'D1'},{'R1'},&,1.0,&
{'D6'},{'D7'},{'D2'},{'D5'},{'D4'},{'D3'},{'R3'},{'D1'},{'R2'},{'R1'},&,1.0,&
{'D6'},{'D7'},{'D2'},{'D5'},{'D4'},{'D3'},{'R3'},{'D1'},{'R1'},{'R2'},&,1.0,&
{'D6'},{'D7'},{'D2'},{'D5'},{'D4'},{'D3'},{'D1'},{'R1'},{'R3'},{'R2'},&,1.0,&
{'D6'},{'D7'},{'D2'},{'D5'},{'D4'},{'D3'},{'D1'},{'R2'},{'R1'},{'R3'},&,1.0,&
{'D6'},{'D7'},{'D2'},{'D5'},{'D4'},{'D3'},{'D1'},{'R3'},{'R2'},{'R1'},&,4.0,&
{'D6'},{'D7'},{'D2'},{'D5'},{'D4'},{'D3'},{'D1'},{'R3'},{'R1'},{'R2'},&,4.0,&
{'D6'},{'D7'},{'D2'},{'D5'},{'R3'},{'D1'},{'D3'},{'D4'},{'R2'},{'R1'},&,1.0,&
{'D6'},{'D7'},{'D2'},{'D5'},{'R1'},{'D4'},{'D3'},{'D1'},{'R2'},{'R3'},&,1.0,&
{'D6'},{'D7'},{'D2'},{'D4'},{'D1'},{'D5'},{'D3'},{'R3'},{'R2'},{'R1'},&,1.0,&
{'D6'},{'D7'},{'D2'},{'D4'},{'D3'},{'D1'},{'R3'},{'D5'},{'R1'},{'R2'},&,1.0,&
{'D6'},{'D7'},{'D2'},{'D4'},{'D3'},{'D1'},{'D5'},{'R1'},{'R3'},{'R2'},&,2.0,&
{'D6'},{'D7'},{'D2'},{'D4'},{'D3'},{'D5'},{'D1'},{'R2'},{'R1'},{'R3'},&,1.0,&
{'D6'},{'D7'},{'D2'},{'D4'},{'D3'},{'D5'},{'D1'},{'R3'},{'R1'},{'R2'},&,1.0,&
{'D6'},{'D7'},{'D2'},{'D4'},{'D5'},{'D1'},{'D3'},{'R1'},{'R2'},{'R3'},&,1.0,&
{'D6'},{'D7'},{'D2'},{'D4'},{'D5'},{'D3'},{'R3'},{'D1'},{'R2'},{'R1'},&,2.0,&
{'D6'},{'D7'},{'D2'},{'D4'},{'D5'},{'D3'},{'D1'},{'R3'},{'R2'},{'R1'},&,1.0,&
{'D6'},{'D7'},{'D2'},{'D4'},{'D5'},{'D3'},{'R1'},{'R2'},{'D1'},{'R3'},&,1.0,&
{'D6'},{'D7'},{'R3'},{'D5'},{'D3'},{'D4'},{'D1'},{'D2'},{'R1'},{'R2'},&,1.0,&
{'D6'},{'D7'},{'R2'},{'D5'},{'D3'},{'D4'},{'D1'},{'D2'},{'R3'},{'R1'},&,1.0,&
{'D6'},{'D4'},{'D3'},{'D7'},{'D1'},{'D2'},{'D5'},{'R3'},{'R1'},{'R2'},&,1.0,&
{'D6'},{'D4'},{'D3'},{'D7'},{'D1'},{'D5'},{'R3'},{'D2'},{'R1'},{'R2'},&,2.0,&
{'D6'},{'D4'},{'D3'},{'D7'},{'D1'},{'D5'},{'D2'},{'R1'},{'R2'},{'R3'},&,1.0,&
{'D6'},{'D4'},{'D3'},{'D7'},{'D2'},{'D1'},{'R3'},{'D5'},{'R2'},{'R1'},&,1.0,&
{'D6'},{'D4'},{'D3'},{'D7'},{'D2'},{'D1'},{'D5'},{'R1'},{'R3'},{'R2'},&,1.0,&
{'D6'},{'D4'},{'D3'},{'D7'},{'D2'},{'D5'},{'D1'},{'R1'},{'R3'},{'R2'},&,3.0,&
{'D6'},{'D4'},{'D3'},{'D7'},{'D2'},{'D5'},{'D1'},{'R2'},{'R3'},{'R1'},&,1.0,&
{'D6'},{'D4'},{'D3'},{'D7'},{'D2'},{'D5'},{'D1'},{'R2'},{'R1'},{'R3'},&,1.0,&
{'D6'},{'D4'},{'D3'},{'D7'},{'D2'},{'D5'},{'D1'},{'R3'},{'R2'},{'R1'},&,1.0,&
{'D6'},{'D4'},{'D3'},{'D7'},{'D2'},{'D5'},{'D1'},{'R3'},{'R1'},{'R2'},&,3.0,&
{'D6'},{'D4'},{'D3'},{'D7'},{'D2'},{'D5'},{'R2'},{'D1'},{'R1'},{'R3'},&,1.0,&
{'D6'},{'D4'},{'D3'},{'D7'},{'D2'},{'R1'},{'D5'},{'D1'},{'R3'},{'R2'},&,1.0,&
{'D6'},{'D4'},{'D3'},{'D7'},{'D5'},{'D1'},{'R3'},{'D2'},{'R2'},{'R1'},&,2.0,&
{'D6'},{'D4'},{'D3'},{'D7'},{'D5'},{'D1'},{'R3'},{'D2'},{'R1'},{'R2'},&,1.0,&
{'D6'},{'D4'},{'D3'},{'D7'},{'D5'},{'D1'},{'D2'},{'R1'},{'R2'},{'R3'},&,1.0,&
{'D6'},{'D4'},{'D3'},{'D7'},{'D5'},{'D1'},{'D2'},{'R1'},{'R3'},{'R2'},&,1.0,&
{'D6'},{'D4'},{'D3'},{'D7'},{'D5'},{'D1'},{'D2'},{'R2'},{'R3'},{'R1'},&,2.0,&
{'D6'},{'D4'},{'D3'},{'D7'},{'D5'},{'D1'},{'D2'},{'R3'},{'R2'},{'R1'},&,5.0,&
{'D6'},{'D4'},{'D3'},{'D7'},{'D5'},{'D1'},{'D2'},{'R3'},{'R1'},{'R2'},&,7.0,&
{'D6'},{'D4'},{'D3'},{'D7'},{'D5'},{'D1'},{'R1'},{'D2'},{'R3'},{'R2'},&,1.0,&
{'D6'},{'D4'},{'D3'},{'D7'},{'D5'},{'D2'},{'R3'},{'D1'},{'R2'},{'R1'},&,3.0,&
{'D6'},{'D4'},{'D3'},{'D7'},{'D5'},{'D2'},{'D1'},{'R1'},{'R2'},{'R3'},&,2.0,&
{'D6'},{'D4'},{'D3'},{'D7'},{'D5'},{'D2'},{'D1'},{'R1'},{'R3'},{'R2'},&,2.0,&
{'D6'},{'D4'},{'D3'},{'D7'},{'D5'},{'D2'},{'D1'},{'R3'},{'R2'},{'R1'},&,2.0,&
{'D6'},{'D4'},{'D3'},{'D7'},{'D5'},{'D2'},{'D1'},{'R3'},{'R1'},{'R2'},&,7.0,&
{'D6'},{'D4'},{'D3'},{'D7'},{'D5'},{'D2'},{'R2'},{'D1'},{'R1'},{'R3'},&,1.0,&
{'D6'},{'D4'},{'D3'},{'D7'},{'D5'},{'D2'},{'R1'},{'D1'},{'R2'},{'R3'},&,1.0,&
{'D6'},{'D4'},{'D3'},{'D7'},{'D5'},{'R2'},{'D1'},{'R3'},{'D2'},{'R1'},&,1.0,&
{'D6'},{'D4'},{'D3'},{'D7'},{'D5'},{'R1'},{'D1'},{'D2'},{'R3'},{'R2'},&,1.0,&
{'D6'},{'D4'},{'D3'},{'D7'},{'D5'},{'R3'},{'D2'},{'R1'},{'D1'},{'R2'},&,1.0,&
{'D6'},{'D4'},{'D3'},{'D7'},{'R3'},{'D5'},{'D2'},{'R1'},{'D1'},{'R2'},&,1.0,&
{'D6'},{'D4'},{'D3'},{'D1'},{'D7'},{'D2'},{'D5'},{'R2'},{'R3'},{'R1'},&,1.0,&
{'D6'},{'D4'},{'D3'},{'D1'},{'D7'},{'D5'},{'D2'},{'R1'},{'R3'},{'R2'},&,2.0,&
{'D6'},{'D4'},{'D3'},{'D1'},{'D7'},{'D5'},{'D2'},{'R3'},{'R2'},{'R1'},&,1.0,&
{'D6'},{'D4'},{'D3'},{'D1'},{'D7'},{'D5'},{'D2'},{'R3'},{'R1'},{'R2'},&,1.0,&
{'D6'},{'D4'},{'D3'},{'D1'},{'D7'},{'D5'},{'R1'},{'D2'},{'R3'},{'R2'},&,1.0,&
{'D6'},{'D4'},{'D3'},{'D1'},{'D7'},{'R1'},{'D5'},{'D2'},{'R3'},{'R2'},&,1.0,&
{'D6'},{'D4'},{'D3'},{'D1'},{'D5'},{'D7'},{'R3'},{'R2'},{'D2'},{'R1'},&,1.0,&
{'D6'},{'D4'},{'D3'},{'D1'},{'D5'},{'D7'},{'D2'},{'R1'},{'R3'},{'R2'},&,2.0,&
{'D6'},{'D4'},{'D3'},{'D1'},{'D5'},{'D7'},{'D2'},{'R2'},{'R3'},{'R1'},&,2.0,&
{'D6'},{'D4'},{'D3'},{'D1'},{'D5'},{'D7'},{'D2'},{'R3'},{'R2'},{'R1'},&,2.0,&
{'D6'},{'D4'},{'D3'},{'D1'},{'D5'},{'D7'},{'D2'},{'R3'},{'R1'},{'R2'},&,2.0,&
{'D6'},{'D4'},{'D3'},{'D1'},{'D5'},{'D2'},{'R3'},{'D7'},{'R2'},{'R1'},&,2.0,&
{'D6'},{'D4'},{'D3'},{'D1'},{'D5'},{'D2'},{'D7'},{'R2'},{'R1'},{'R3'},&,2.0,&
{'D6'},{'D4'},{'D3'},{'D1'},{'D5'},{'D2'},{'D7'},{'R3'},{'R2'},{'R1'},&,2.0,&
{'D6'},{'D4'},{'D3'},{'D1'},{'D5'},{'D2'},{'D7'},{'R3'},{'R1'},{'R2'},&,2.0,&
{'D6'},{'D4'},{'D3'},{'D1'},{'D5'},{'R3'},{'D7'},{'D2'},{'R1'},{'R2'},&,1.0,&
{'D6'},{'D4'},{'D3'},{'D1'},{'R1'},{'D5'},{'D2'},{'R3'},{'D7'},{'R2'},&,1.0,&
{'D6'},{'D4'},{'D3'},{'D2'},{'D1'},{'D5'},{'R3'},{'D7'},{'R1'},{'R2'},&,1.0,&
{'D6'},{'D4'},{'D3'},{'D2'},{'D1'},{'D5'},{'D7'},{'R3'},{'R2'},{'R1'},&,1.0,&
{'D6'},{'D4'},{'D3'},{'D2'},{'D1'},{'D5'},{'D7'},{'R3'},{'R1'},{'R2'},&,1.0,&
{'D6'},{'D4'},{'D3'},{'D2'},{'D1'},{'R1'},{'D5'},{'D7'},{'R2'},{'R3'},&,1.0,&
{'D6'},{'D4'},{'D3'},{'D2'},{'D7'},{'D1'},{'D5'},{'R3'},{'R1'},{'R2'},&,1.0,&
{'D6'},{'D4'},{'D3'},{'D2'},{'D7'},{'D5'},{'D1'},{'R3'},{'R1'},{'R2'},&,1.0,&
{'D6'},{'D4'},{'D3'},{'D2'},{'D5'},{'D7'},{'R3'},{'D1'},{'R2'},{'R1'},&,1.0,&
{'D6'},{'D4'},{'D3'},{'D2'},{'D5'},{'D7'},{'R3'},{'D1'},{'R1'},{'R2'},&,2.0,&
{'D6'},{'D4'},{'D3'},{'D2'},{'D5'},{'D7'},{'D1'},{'R1'},{'R3'},{'R2'},&,2.0,&
{'D6'},{'D4'},{'D3'},{'D2'},{'D5'},{'D7'},{'D1'},{'R3'},{'R2'},{'R1'},&,1.0,&
{'D6'},{'D4'},{'D3'},{'D2'},{'D5'},{'D7'},{'D1'},{'R3'},{'R1'},{'R2'},&,2.0,&
{'D6'},{'D4'},{'D3'},{'D2'},{'D5'},{'D7'},{'R1'},{'R3'},{'D1'},{'R2'},&,1.0,&
{'D6'},{'D4'},{'D3'},{'D2'},{'D5'},{'D1'},{'R3'},{'R1'},{'R2'},{'D7'},&,1.0,&
{'D6'},{'D4'},{'D3'},{'D2'},{'D5'},{'D1'},{'R3'},{'D7'},{'R1'},{'R2'},&,1.0,&
{'D6'},{'D4'},{'D3'},{'D2'},{'D5'},{'D1'},{'D7'},{'R3'},{'R1'},{'R2'},&,4.0,&
{'D6'},{'D4'},{'D3'},{'D2'},{'D5'},{'R2'},{'D7'},{'D1'},{'R3'},{'R1'},&,1.0,&
{'D6'},{'D4'},{'D3'},{'D2'},{'D5'},{'R1'},{'D7'},{'R3'},{'R2'},{'D1'},&,1.0,&
{'D6'},{'D4'},{'D3'},{'D2'},{'D5'},{'R3'},{'D1'},{'R1'},{'D7'},{'R2'},&,1.0,&
{'D6'},{'D4'},{'D3'},{'D2'},{'D5'},{'R3'},{'D1'},{'D7'},{'R1'},{'R2'},&,1.0,&
{'D6'},{'D4'},{'D3'},{'D2'},{'R3'},{'D5'},{'D7'},{'D1'},{'R1'},{'R2'},&,1.0,&
{'D6'},{'D4'},{'D3'},{'D2'},{'R2'},{'D5'},{'D7'},{'R1'},{'D1'},{'R3'},&,1.0,&
{'D6'},{'D4'},{'D3'},{'D5'},{'D1'},{'D7'},{'R3'},{'D2'},{'R2'},{'R1'},&,3.0,&
{'D6'},{'D4'},{'D3'},{'D5'},{'D1'},{'D7'},{'R3'},{'D2'},{'R1'},{'R2'},&,3.0,&
{'D6'},{'D4'},{'D3'},{'D5'},{'D1'},{'D7'},{'R3'},{'R1'},{'D2'},{'R2'},&,1.0,&
{'D6'},{'D4'},{'D3'},{'D5'},{'D1'},{'D7'},{'D2'},{'R1'},{'R2'},{'R3'},&,3.0,&
{'D6'},{'D4'},{'D3'},{'D5'},{'D1'},{'D7'},{'D2'},{'R1'},{'R3'},{'R2'},&,3.0,&
{'D6'},{'D4'},{'D3'},{'D5'},{'D1'},{'D7'},{'D2'},{'R2'},{'R3'},{'R1'},&,4.0,&
{'D6'},{'D4'},{'D3'},{'D5'},{'D1'},{'D7'},{'D2'},{'R3'},{'R2'},{'R1'},&,7.0,&
{'D6'},{'D4'},{'D3'},{'D5'},{'D1'},{'D7'},{'D2'},{'R3'},{'R1'},{'R2'},&,4.0,&
{'D6'},{'D4'},{'D3'},{'D5'},{'D1'},{'D7'},{'R2'},{'D2'},{'R3'},{'R1'},&,1.0,&
{'D6'},{'D4'},{'D3'},{'D5'},{'D1'},{'D7'},{'R1'},{'R2'},{'R3'},{'D2'},&,1.0,&
{'D6'},{'D4'},{'D3'},{'D5'},{'D1'},{'D2'},{'R3'},{'D7'},{'R1'},{'R2'},&,1.0,&
{'D6'},{'D4'},{'D3'},{'D5'},{'D1'},{'D2'},{'R2'},{'D7'},{'R3'},{'R1'},&,2.0,&
{'D6'},{'D4'},{'D3'},{'D5'},{'D1'},{'D2'},{'D7'},{'R2'},{'R3'},{'R1'},&,4.0,&
{'D6'},{'D4'},{'D3'},{'D5'},{'D1'},{'D2'},{'D7'},{'R3'},{'R2'},{'R1'},&,6.0,&
{'D6'},{'D4'},{'D3'},{'D5'},{'D1'},{'D2'},{'D7'},{'R3'},{'R1'},{'R2'},&,2.0,&
{'D6'},{'D4'},{'D3'},{'D5'},{'D1'},{'D2'},{'R1'},{'D7'},{'R2'},{'R3'},&,1.0,&
{'D6'},{'D4'},{'D3'},{'D5'},{'D1'},{'D2'},{'R1'},{'D7'},{'R3'},{'R2'},&,2.0,&
{'D6'},{'D4'},{'D3'},{'D5'},{'D1'},{'R1'},{'D2'},{'D7'},{'R3'},{'R2'},&,1.0,&
{'D6'},{'D4'},{'D3'},{'D5'},{'D1'},{'R3'},{'D7'},{'D2'},{'R1'},{'R2'},&,1.0,&
{'D6'},{'D4'},{'D3'},{'D5'},{'D7'},{'D1'},{'R3'},{'D2'},{'R2'},{'R1'},&,3.0,&
{'D6'},{'D4'},{'D3'},{'D5'},{'D7'},{'D1'},{'R3'},{'D2'},{'R1'},{'R2'},&,2.0,&
{'D6'},{'D4'},{'D3'},{'D5'},{'D7'},{'D1'},{'D2'},{'R1'},{'R2'},{'R3'},&,1.0,&
{'D6'},{'D4'},{'D3'},{'D5'},{'D7'},{'D1'},{'D2'},{'R1'},{'R3'},{'R2'},&,6.0,&
{'D6'},{'D4'},{'D3'},{'D5'},{'D7'},{'D1'},{'D2'},{'R2'},{'R3'},{'R1'},&,5.0,&
{'D6'},{'D4'},{'D3'},{'D5'},{'D7'},{'D1'},{'D2'},{'R2'},{'R1'},{'R3'},&,2.0,&
{'D6'},{'D4'},{'D3'},{'D5'},{'D7'},{'D1'},{'D2'},{'R3'},{'R2'},{'R1'},&,11.0,&
{'D6'},{'D4'},{'D3'},{'D5'},{'D7'},{'D1'},{'D2'},{'R3'},{'R1'},{'R2'},&,9.0,&
{'D6'},{'D4'},{'D3'},{'D5'},{'D7'},{'D1'},{'R2'},{'D2'},{'R1'},{'R3'},&,1.0,&
{'D6'},{'D4'},{'D3'},{'D5'},{'D7'},{'D1'},{'R1'},{'D2'},{'R2'},{'R3'},&,1.0,&
{'D6'},{'D4'},{'D3'},{'D5'},{'D7'},{'D1'},{'R1'},{'R2'},{'D2'},{'R3'},&,1.0,&
{'D6'},{'D4'},{'D3'},{'D5'},{'D7'},{'D2'},{'R3'},{'D1'},{'R1'},{'R2'},&,2.0,&
{'D6'},{'D4'},{'D3'},{'D5'},{'D7'},{'D2'},{'D1'},{'R1'},{'R2'},{'R3'},&,2.0,&
{'D6'},{'D4'},{'D3'},{'D5'},{'D7'},{'D2'},{'D1'},{'R1'},{'R3'},{'R2'},&,7.0,&
{'D6'},{'D4'},{'D3'},{'D5'},{'D7'},{'D2'},{'D1'},{'R2'},{'R3'},{'R1'},&,6.0,&
{'D6'},{'D4'},{'D3'},{'D5'},{'D7'},{'D2'},{'D1'},{'R2'},{'R1'},{'R3'},&,2.0,&
{'D6'},{'D4'},{'D3'},{'D5'},{'D7'},{'D2'},{'D1'},{'R3'},{'R2'},{'R1'},&,16.0,&
{'D6'},{'D4'},{'D3'},{'D5'},{'D7'},{'D2'},{'D1'},{'R3'},{'R1'},{'R2'},&,8.0,&
{'D6'},{'D4'},{'D3'},{'D5'},{'D7'},{'D2'},{'R1'},{'D1'},{'R2'},{'R3'},&,1.0,&
{'D6'},{'D4'},{'D3'},{'D5'},{'D7'},{'D2'},{'R1'},{'D1'},{'R3'},{'R2'},&,2.0,&
{'D6'},{'D4'},{'D3'},{'D5'},{'D7'},{'R3'},{'D2'},{'D1'},{'R2'},{'R1'},&,1.0,&
{'D6'},{'D4'},{'D3'},{'D5'},{'D7'},{'R3'},{'D2'},{'D1'},{'R1'},{'R2'},&,1.0,&
{'D6'},{'D4'},{'D3'},{'D5'},{'D7'},{'R3'},{'D1'},{'D2'},{'R2'},{'R1'},&,1.0,&
{'D6'},{'D4'},{'D3'},{'D5'},{'D2'},{'D7'},{'R3'},{'D1'},{'R1'},{'R2'},&,1.0,&
{'D6'},{'D4'},{'D3'},{'D5'},{'D2'},{'D7'},{'D1'},{'R1'},{'R2'},{'R3'},&,2.0,&
{'D6'},{'D4'},{'D3'},{'D5'},{'D2'},{'D7'},{'D1'},{'R1'},{'R3'},{'R2'},&,4.0,&
{'D6'},{'D4'},{'D3'},{'D5'},{'D2'},{'D7'},{'D1'},{'R2'},{'R3'},{'R1'},&,4.0,&
{'D6'},{'D4'},{'D3'},{'D5'},{'D2'},{'D7'},{'D1'},{'R2'},{'R1'},{'R3'},&,4.0,&
{'D6'},{'D4'},{'D3'},{'D5'},{'D2'},{'D7'},{'D1'},{'R3'},{'R2'},{'R1'},&,4.0,&
{'D6'},{'D4'},{'D3'},{'D5'},{'D2'},{'D7'},{'D1'},{'R3'},{'R1'},{'R2'},&,5.0,&
{'D6'},{'D4'},{'D3'},{'D5'},{'D2'},{'D7'},{'R2'},{'D1'},{'R3'},{'R1'},&,2.0,&
{'D6'},{'D4'},{'D3'},{'D5'},{'D2'},{'D7'},{'R1'},{'D1'},{'R3'},{'R2'},&,2.0,&
{'D6'},{'D4'},{'D3'},{'D5'},{'D2'},{'D1'},{'R3'},{'D7'},{'R2'},{'R1'},&,1.0,&
{'D6'},{'D4'},{'D3'},{'D5'},{'D2'},{'D1'},{'D7'},{'R1'},{'R2'},{'R3'},&,2.0,&
{'D6'},{'D4'},{'D3'},{'D5'},{'D2'},{'D1'},{'D7'},{'R1'},{'R3'},{'R2'},&,2.0,&
{'D6'},{'D4'},{'D3'},{'D5'},{'D2'},{'D1'},{'D7'},{'R2'},{'R3'},{'R1'},&,3.0,&
{'D6'},{'D4'},{'D3'},{'D5'},{'D2'},{'D1'},{'D7'},{'R2'},{'R1'},{'R3'},&,2.0,&
{'D6'},{'D4'},{'D3'},{'D5'},{'D2'},{'D1'},{'D7'},{'R3'},{'R2'},{'R1'},&,4.0,&
{'D6'},{'D4'},{'D3'},{'D5'},{'D2'},{'D1'},{'D7'},{'R3'},{'R1'},{'R2'},&,3.0,&
{'D6'},{'D4'},{'D3'},{'D5'},{'D2'},{'R2'},{'D7'},{'R3'},{'D1'},{'R1'},&,1.0,&
{'D6'},{'D4'},{'D3'},{'D5'},{'R3'},{'D7'},{'D2'},{'R2'},{'D1'},{'R1'},&,1.0,&
{'D6'},{'D4'},{'D3'},{'D5'},{'R2'},{'D7'},{'D1'},{'R3'},{'D2'},{'R1'},&,1.0,&
{'D6'},{'D4'},{'D3'},{'D5'},{'R1'},{'D7'},{'D1'},{'D2'},{'R2'},{'R3'},&,1.0,&
{'D6'},{'D4'},{'D3'},{'D5'},{'R1'},{'D7'},{'D1'},{'R2'},{'D2'},{'R3'},&,1.0,&
{'D6'},{'D4'},{'D5'},{'D7'},{'D1'},{'D2'},{'D3'},{'R2'},{'R3'},{'R1'},&,2.0,&
{'D6'},{'D4'},{'D5'},{'D7'},{'D1'},{'D2'},{'D3'},{'R3'},{'R2'},{'R1'},&,1.0,&
{'D6'},{'D4'},{'D5'},{'D7'},{'D1'},{'D2'},{'D3'},{'R3'},{'R1'},{'R2'},&,3.0,&
{'D6'},{'D4'},{'D5'},{'D7'},{'D1'},{'D2'},{'R1'},{'D3'},{'R3'},{'R2'},&,1.0,&
{'D6'},{'D4'},{'D5'},{'D7'},{'D1'},{'D3'},{'R3'},{'D2'},{'R2'},{'R1'},&,1.0,&
{'D6'},{'D4'},{'D5'},{'D7'},{'D1'},{'D3'},{'R3'},{'D2'},{'R1'},{'R2'},&,2.0,&
{'D6'},{'D4'},{'D5'},{'D7'},{'D1'},{'D3'},{'D2'},{'R1'},{'R2'},{'R3'},&,1.0,&
{'D6'},{'D4'},{'D5'},{'D7'},{'D1'},{'D3'},{'D2'},{'R1'},{'R3'},{'R2'},&,1.0,&
{'D6'},{'D4'},{'D5'},{'D7'},{'D1'},{'D3'},{'D2'},{'R2'},{'R3'},{'R1'},&,1.0,&
{'D6'},{'D4'},{'D5'},{'D7'},{'D1'},{'D3'},{'D2'},{'R2'},{'R1'},{'R3'},&,2.0,&
{'D6'},{'D4'},{'D5'},{'D7'},{'D1'},{'D3'},{'D2'},{'R3'},{'R2'},{'R1'},&,4.0,&
{'D6'},{'D4'},{'D5'},{'D7'},{'D1'},{'D3'},{'D2'},{'R3'},{'R1'},{'R2'},&,1.0,&
{'D6'},{'D4'},{'D5'},{'D7'},{'D1'},{'D3'},{'R1'},{'D2'},{'R3'},{'R2'},&,1.0,&
{'D6'},{'D4'},{'D5'},{'D7'},{'D1'},{'R1'},{'D3'},{'D2'},{'R2'},{'R3'},&,1.0,&
{'D6'},{'D4'},{'D5'},{'D7'},{'D1'},{'R1'},{'D3'},{'D2'},{'R3'},{'R2'},&,1.0,&
{'D6'},{'D4'},{'D5'},{'D7'},{'D1'},{'R3'},{'D3'},{'R2'},{'R1'},{'D2'},&,1.0,&
{'D6'},{'D4'},{'D5'},{'D7'},{'D2'},{'D1'},{'R3'},{'D3'},{'R1'},{'R2'},&,2.0,&
{'D6'},{'D4'},{'D5'},{'D7'},{'D2'},{'D1'},{'R2'},{'R3'},{'D3'},{'R1'},&,1.0,&
{'D6'},{'D4'},{'D5'},{'D7'},{'D2'},{'D1'},{'D3'},{'R1'},{'R2'},{'R3'},&,2.0,&
{'D6'},{'D4'},{'D5'},{'D7'},{'D2'},{'D1'},{'D3'},{'R2'},{'R1'},{'R3'},&,1.0,&
{'D6'},{'D4'},{'D5'},{'D7'},{'D2'},{'D1'},{'D3'},{'R3'},{'R2'},{'R1'},&,2.0,&
{'D6'},{'D4'},{'D5'},{'D7'},{'D2'},{'D1'},{'D3'},{'R3'},{'R1'},{'R2'},&,2.0,&
{'D6'},{'D4'},{'D5'},{'D7'},{'D2'},{'D3'},{'R3'},{'D1'},{'R1'},{'R2'},&,1.0,&
{'D6'},{'D4'},{'D5'},{'D7'},{'D2'},{'D3'},{'D1'},{'R1'},{'R2'},{'R3'},&,1.0,&
{'D6'},{'D4'},{'D5'},{'D7'},{'D2'},{'D3'},{'D1'},{'R1'},{'R3'},{'R2'},&,2.0,&
{'D6'},{'D4'},{'D5'},{'D7'},{'D2'},{'D3'},{'D1'},{'R2'},{'R1'},{'R3'},&,1.0,&
{'D6'},{'D4'},{'D5'},{'D7'},{'D2'},{'D3'},{'D1'},{'R3'},{'R2'},{'R1'},&,2.0,&
{'D6'},{'D4'},{'D5'},{'D7'},{'D2'},{'D3'},{'D1'},{'R3'},{'R1'},{'R2'},&,3.0,&
{'D6'},{'D4'},{'D5'},{'D7'},{'D2'},{'D3'},{'R2'},{'D1'},{'R3'},{'R1'},&,1.0,&
{'D6'},{'D4'},{'D5'},{'D7'},{'D2'},{'R3'},{'D3'},{'D1'},{'R1'},{'R2'},&,2.0,&
{'D6'},{'D4'},{'D5'},{'D7'},{'D3'},{'D1'},{'R3'},{'D2'},{'R2'},{'R1'},&,2.0,&
{'D6'},{'D4'},{'D5'},{'D7'},{'D3'},{'D1'},{'R3'},{'D2'},{'R1'},{'R2'},&,3.0,&
{'D6'},{'D4'},{'D5'},{'D7'},{'D3'},{'D1'},{'R3'},{'R2'},{'D2'},{'R1'},&,1.0,&
{'D6'},{'D4'},{'D5'},{'D7'},{'D3'},{'D1'},{'D2'},{'R1'},{'R3'},{'R2'},&,5.0,&
{'D6'},{'D4'},{'D5'},{'D7'},{'D3'},{'D1'},{'D2'},{'R2'},{'R3'},{'R1'},&,5.0,&
{'D6'},{'D4'},{'D5'},{'D7'},{'D3'},{'D1'},{'D2'},{'R2'},{'R1'},{'R3'},&,2.0,&
{'D6'},{'D4'},{'D5'},{'D7'},{'D3'},{'D1'},{'D2'},{'R3'},{'R2'},{'R1'},&,5.0,&
{'D6'},{'D4'},{'D5'},{'D7'},{'D3'},{'D1'},{'D2'},{'R3'},{'R1'},{'R2'},&,7.0,&
{'D6'},{'D4'},{'D5'},{'D7'},{'D3'},{'D1'},{'R1'},{'D2'},{'R2'},{'R3'},&,1.0,&
{'D6'},{'D4'},{'D5'},{'D7'},{'D3'},{'D1'},{'R1'},{'D2'},{'R3'},{'R2'},&,2.0,&
{'D6'},{'D4'},{'D5'},{'D7'},{'D3'},{'D1'},{'R1'},{'R3'},{'D2'},{'R2'},&,2.0,&
{'D6'},{'D4'},{'D5'},{'D7'},{'D3'},{'D2'},{'R3'},{'D1'},{'R2'},{'R1'},&,3.0,&
{'D6'},{'D4'},{'D5'},{'D7'},{'D3'},{'D2'},{'D1'},{'R1'},{'R2'},{'R3'},&,3.0,&
{'D6'},{'D4'},{'D5'},{'D7'},{'D3'},{'D2'},{'D1'},{'R1'},{'R3'},{'R2'},&,7.0,&
{'D6'},{'D4'},{'D5'},{'D7'},{'D3'},{'D2'},{'D1'},{'R2'},{'R3'},{'R1'},&,5.0,&
{'D6'},{'D4'},{'D5'},{'D7'},{'D3'},{'D2'},{'D1'},{'R2'},{'R1'},{'R3'},&,3.0,&
{'D6'},{'D4'},{'D5'},{'D7'},{'D3'},{'D2'},{'D1'},{'R3'},{'R2'},{'R1'},&,4.0,&
{'D6'},{'D4'},{'D5'},{'D7'},{'D3'},{'D2'},{'D1'},{'R3'},{'R1'},{'R2'},&,7.0,&
{'D6'},{'D4'},{'D5'},{'D7'},{'D3'},{'D2'},{'R1'},{'R3'},{'R2'},{'D1'},&,1.0,&
{'D6'},{'D4'},{'D5'},{'D7'},{'D3'},{'R2'},{'D2'},{'D1'},{'R3'},{'R1'},&,1.0,&
{'D6'},{'D4'},{'D5'},{'D7'},{'D3'},{'R2'},{'D1'},{'D2'},{'R3'},{'R1'},&,1.0,&
{'D6'},{'D4'},{'D5'},{'D7'},{'D3'},{'R3'},{'D1'},{'D2'},{'R1'},{'R2'},&,1.0,&
{'D6'},{'D4'},{'D5'},{'D7'},{'R3'},{'D3'},{'D1'},{'D2'},{'R2'},{'R1'},&,1.0,&
{'D6'},{'D4'},{'D5'},{'D1'},{'D7'},{'D2'},{'R3'},{'D3'},{'R2'},{'R1'},&,1.0,&
{'D6'},{'D4'},{'D5'},{'D1'},{'D7'},{'D2'},{'R2'},{'R3'},{'D3'},{'R1'},&,1.0,&
{'D6'},{'D4'},{'D5'},{'D1'},{'D7'},{'D2'},{'R2'},{'D3'},{'R1'},{'R3'},&,1.0,&
{'D6'},{'D4'},{'D5'},{'D1'},{'D7'},{'D2'},{'D3'},{'R1'},{'R3'},{'R2'},&,2.0,&
{'D6'},{'D4'},{'D5'},{'D1'},{'D7'},{'D2'},{'D3'},{'R3'},{'R2'},{'R1'},&,2.0,&
{'D6'},{'D4'},{'D5'},{'D1'},{'D7'},{'D2'},{'D3'},{'R3'},{'R1'},{'R2'},&,1.0,&
{'D6'},{'D4'},{'D5'},{'D1'},{'D7'},{'D3'},{'R3'},{'D2'},{'R2'},{'R1'},&,2.0,&
{'D6'},{'D4'},{'D5'},{'D1'},{'D7'},{'D3'},{'R3'},{'R1'},{'D2'},{'R2'},&,1.0,&
{'D6'},{'D4'},{'D5'},{'D1'},{'D7'},{'D3'},{'D2'},{'R1'},{'R3'},{'R2'},&,2.0,&
{'D6'},{'D4'},{'D5'},{'D1'},{'D7'},{'D3'},{'D2'},{'R2'},{'R3'},{'R1'},&,1.0,&
{'D6'},{'D4'},{'D5'},{'D1'},{'D7'},{'D3'},{'D2'},{'R3'},{'R2'},{'R1'},&,3.0,&
{'D6'},{'D4'},{'D5'},{'D1'},{'D7'},{'D3'},{'D2'},{'R3'},{'R1'},{'R2'},&,6.0,&
{'D6'},{'D4'},{'D5'},{'D1'},{'D7'},{'D3'},{'R2'},{'D2'},{'R3'},{'R1'},&,1.0,&
{'D6'},{'D4'},{'D5'},{'D1'},{'D7'},{'D3'},{'R2'},{'R1'},{'D2'},{'R3'},&,1.0,&
{'D6'},{'D4'},{'D5'},{'D1'},{'D7'},{'D3'},{'R1'},{'D2'},{'R3'},{'R2'},&,1.0,&
{'D6'},{'D4'},{'D5'},{'D1'},{'D7'},{'R1'},{'R3'},{'D3'},{'D2'},{'R2'},&,1.0,&
{'D6'},{'D4'},{'D5'},{'D1'},{'D7'},{'R1'},{'D3'},{'D2'},{'R3'},{'R2'},&,1.0,&
{'D6'},{'D4'},{'D5'},{'D1'},{'D7'},{'R3'},{'D2'},{'D3'},{'R1'},{'R2'},&,1.0,&
{'D6'},{'D4'},{'D5'},{'D1'},{'D7'},{'R3'},{'D3'},{'R1'},{'D2'},{'R2'},&,1.0,&
{'D6'},{'D4'},{'D5'},{'D1'},{'D2'},{'D7'},{'D3'},{'R1'},{'R2'},{'R3'},&,1.0,&
{'D6'},{'D4'},{'D5'},{'D1'},{'D2'},{'D7'},{'D3'},{'R2'},{'R3'},{'R1'},&,1.0,&
{'D6'},{'D4'},{'D5'},{'D1'},{'D2'},{'D7'},{'D3'},{'R2'},{'R1'},{'R3'},&,1.0,&
{'D6'},{'D4'},{'D5'},{'D1'},{'D2'},{'D7'},{'D3'},{'R3'},{'R2'},{'R1'},&,1.0,&
{'D6'},{'D4'},{'D5'},{'D1'},{'D2'},{'D7'},{'D3'},{'R3'},{'R1'},{'R2'},&,2.0,&
{'D6'},{'D4'},{'D5'},{'D1'},{'D2'},{'D3'},{'D7'},{'R1'},{'R2'},{'R3'},&,1.0,&
{'D6'},{'D4'},{'D5'},{'D1'},{'D2'},{'D3'},{'D7'},{'R1'},{'R3'},{'R2'},&,2.0,&
{'D6'},{'D4'},{'D5'},{'D1'},{'D2'},{'D3'},{'D7'},{'R3'},{'R2'},{'R1'},&,1.0,&
{'D6'},{'D4'},{'D5'},{'D1'},{'D2'},{'D3'},{'D7'},{'R3'},{'R1'},{'R2'},&,3.0,&
{'D6'},{'D4'},{'D5'},{'D1'},{'D2'},{'D3'},{'R1'},{'R3'},{'D7'},{'R2'},&,1.0,&
{'D6'},{'D4'},{'D5'},{'D1'},{'D3'},{'D7'},{'D2'},{'R1'},{'R3'},{'R2'},&,4.0,&
{'D6'},{'D4'},{'D5'},{'D1'},{'D3'},{'D7'},{'D2'},{'R2'},{'R3'},{'R1'},&,2.0,&
{'D6'},{'D4'},{'D5'},{'D1'},{'D3'},{'D7'},{'D2'},{'R2'},{'R1'},{'R3'},&,1.0,&
{'D6'},{'D4'},{'D5'},{'D1'},{'D3'},{'D7'},{'D2'},{'R3'},{'R2'},{'R1'},&,7.0,&
{'D6'},{'D4'},{'D5'},{'D1'},{'D3'},{'D7'},{'D2'},{'R3'},{'R1'},{'R2'},&,2.0,&
{'D6'},{'D4'},{'D5'},{'D1'},{'D3'},{'D7'},{'R2'},{'D2'},{'R3'},{'R1'},&,1.0,&
{'D6'},{'D4'},{'D5'},{'D1'},{'D3'},{'D7'},{'R2'},{'R1'},{'D2'},{'R3'},&,1.0,&
{'D6'},{'D4'},{'D5'},{'D1'},{'D3'},{'D7'},{'R1'},{'D2'},{'R3'},{'R2'},&,1.0,&
{'D6'},{'D4'},{'D5'},{'D1'},{'D3'},{'D7'},{'R1'},{'R3'},{'D2'},{'R2'},&,1.0,&
{'D6'},{'D4'},{'D5'},{'D1'},{'D3'},{'D2'},{'R3'},{'D7'},{'R2'},{'R1'},&,3.0,&
{'D6'},{'D4'},{'D5'},{'D1'},{'D3'},{'D2'},{'R3'},{'D7'},{'R1'},{'R2'},&,1.0,&
{'D6'},{'D4'},{'D5'},{'D1'},{'D3'},{'D2'},{'R2'},{'D7'},{'R1'},{'R3'},&,1.0,&
{'D6'},{'D4'},{'D5'},{'D1'},{'D3'},{'D2'},{'D7'},{'R1'},{'R2'},{'R3'},&,1.0,&
{'D6'},{'D4'},{'D5'},{'D1'},{'D3'},{'D2'},{'D7'},{'R1'},{'R3'},{'R2'},&,1.0,&
{'D6'},{'D4'},{'D5'},{'D1'},{'D3'},{'D2'},{'D7'},{'R2'},{'R3'},{'R1'},&,2.0,&
{'D6'},{'D4'},{'D5'},{'D1'},{'D3'},{'D2'},{'D7'},{'R2'},{'R1'},{'R3'},&,1.0,&
{'D6'},{'D4'},{'D5'},{'D1'},{'D3'},{'D2'},{'D7'},{'R3'},{'R2'},{'R1'},&,3.0,&
{'D6'},{'D4'},{'D5'},{'D1'},{'D3'},{'D2'},{'D7'},{'R3'},{'R1'},{'R2'},&,4.0,&
{'D6'},{'D4'},{'D5'},{'D1'},{'D3'},{'D2'},{'R1'},{'D7'},{'R3'},{'R2'},&,3.0,&
{'D6'},{'D4'},{'D5'},{'D1'},{'R3'},{'D7'},{'D3'},{'D2'},{'R2'},{'R1'},&,1.0,&
{'D6'},{'D4'},{'D5'},{'D1'},{'R3'},{'D2'},{'D3'},{'D7'},{'R2'},{'R1'},&,1.0,&
{'D6'},{'D4'},{'D5'},{'D1'},{'R2'},{'D7'},{'D3'},{'D2'},{'R1'},{'R3'},&,1.0,&
{'D6'},{'D4'},{'D5'},{'D1'},{'R1'},{'D3'},{'D7'},{'D2'},{'R3'},{'R2'},&,1.0,&
{'D6'},{'D4'},{'D5'},{'D2'},{'D1'},{'D7'},{'D3'},{'R2'},{'R3'},{'R1'},&,1.0,&
{'D6'},{'D4'},{'D5'},{'D2'},{'D1'},{'D7'},{'D3'},{'R3'},{'R2'},{'R1'},&,2.0,&
{'D6'},{'D4'},{'D5'},{'D2'},{'D1'},{'D3'},{'R3'},{'R2'},{'D7'},{'R1'},&,1.0,&
{'D6'},{'D4'},{'D5'},{'D2'},{'D1'},{'D3'},{'D7'},{'R1'},{'R2'},{'R3'},&,1.0,&
{'D6'},{'D4'},{'D5'},{'D2'},{'D1'},{'D3'},{'D7'},{'R1'},{'R3'},{'R2'},&,1.0,&
{'D6'},{'D4'},{'D5'},{'D2'},{'D1'},{'D3'},{'D7'},{'R2'},{'R1'},{'R3'},&,2.0,&
{'D6'},{'D4'},{'D5'},{'D2'},{'D1'},{'D3'},{'D7'},{'R3'},{'R2'},{'R1'},&,2.0,&
{'D6'},{'D4'},{'D5'},{'D2'},{'D1'},{'D3'},{'D7'},{'R3'},{'R1'},{'R2'},&,3.0,&
{'D6'},{'D4'},{'D5'},{'D2'},{'D1'},{'D3'},{'R1'},{'R3'},{'D7'},{'R2'},&,1.0,&
{'D6'},{'D4'},{'D5'},{'D2'},{'D1'},{'D3'},{'R1'},{'D7'},{'R3'},{'R2'},&,1.0,&
{'D6'},{'D4'},{'D5'},{'D2'},{'D1'},{'R2'},{'D3'},{'D7'},{'R3'},{'R1'},&,1.0,&
{'D6'},{'D4'},{'D5'},{'D2'},{'D1'},{'R3'},{'D7'},{'D3'},{'R1'},{'R2'},&,1.0,&
{'D6'},{'D4'},{'D5'},{'D2'},{'D1'},{'R3'},{'D3'},{'D7'},{'R2'},{'R1'},&,1.0,&
{'D6'},{'D4'},{'D5'},{'D2'},{'D7'},{'D1'},{'D3'},{'R2'},{'R3'},{'R1'},&,1.0,&
{'D6'},{'D4'},{'D5'},{'D2'},{'D7'},{'D1'},{'D3'},{'R3'},{'R2'},{'R1'},&,1.0,&
{'D6'},{'D4'},{'D5'},{'D2'},{'D7'},{'D3'},{'R3'},{'D1'},{'R2'},{'R1'},&,1.0,&
{'D6'},{'D4'},{'D5'},{'D2'},{'D7'},{'D3'},{'D1'},{'R1'},{'R2'},{'R3'},&,2.0,&
{'D6'},{'D4'},{'D5'},{'D2'},{'D7'},{'D3'},{'D1'},{'R1'},{'R3'},{'R2'},&,2.0,&
{'D6'},{'D4'},{'D5'},{'D2'},{'D7'},{'D3'},{'D1'},{'R2'},{'R3'},{'R1'},&,2.0,&
{'D6'},{'D4'},{'D5'},{'D2'},{'D7'},{'D3'},{'D1'},{'R3'},{'R1'},{'R2'},&,2.0,&
{'D6'},{'D4'},{'D5'},{'D2'},{'D7'},{'D3'},{'R2'},{'R1'},{'R3'},{'D1'},&,1.0,&
{'D6'},{'D4'},{'D5'},{'D2'},{'D7'},{'D3'},{'R1'},{'R2'},{'D1'},{'R3'},&,1.0,&
{'D6'},{'D4'},{'D5'},{'D2'},{'D7'},{'R2'},{'D3'},{'D1'},{'R1'},{'R3'},&,1.0,&
{'D6'},{'D4'},{'D5'},{'D2'},{'D7'},{'R3'},{'D3'},{'R2'},{'D1'},{'R1'},&,1.0,&
{'D6'},{'D4'},{'D5'},{'D2'},{'D7'},{'R3'},{'D3'},{'D1'},{'R1'},{'R2'},&,2.0,&
{'D6'},{'D4'},{'D5'},{'D2'},{'D7'},{'R3'},{'R1'},{'D3'},{'D1'},{'R2'},&,1.0,&
{'D6'},{'D4'},{'D5'},{'D2'},{'D3'},{'D7'},{'R3'},{'R2'},{'D1'},{'R1'},&,1.0,&
{'D6'},{'D4'},{'D5'},{'D2'},{'D3'},{'D7'},{'R3'},{'D1'},{'R2'},{'R1'},&,1.0,&
{'D6'},{'D4'},{'D5'},{'D2'},{'D3'},{'D7'},{'R3'},{'D1'},{'R1'},{'R2'},&,4.0,&
{'D6'},{'D4'},{'D5'},{'D2'},{'D3'},{'D7'},{'D1'},{'R1'},{'R3'},{'R2'},&,2.0,&
{'D6'},{'D4'},{'D5'},{'D2'},{'D3'},{'D7'},{'D1'},{'R2'},{'R3'},{'R1'},&,1.0,&
{'D6'},{'D4'},{'D5'},{'D2'},{'D3'},{'D7'},{'D1'},{'R3'},{'R2'},{'R1'},&,5.0,&
{'D6'},{'D4'},{'D5'},{'D2'},{'D3'},{'D7'},{'D1'},{'R3'},{'R1'},{'R2'},&,4.0,&
{'D6'},{'D4'},{'D5'},{'D2'},{'D3'},{'D7'},{'R2'},{'R3'},{'D1'},{'R1'},&,1.0,&
{'D6'},{'D4'},{'D5'},{'D2'},{'D3'},{'D7'},{'R2'},{'D1'},{'R3'},{'R1'},&,1.0,&
{'D6'},{'D4'},{'D5'},{'D2'},{'D3'},{'D7'},{'R1'},{'D1'},{'R2'},{'R3'},&,1.0,&
{'D6'},{'D4'},{'D5'},{'D2'},{'D3'},{'D7'},{'R1'},{'D1'},{'R3'},{'R2'},&,1.0,&
{'D6'},{'D4'},{'D5'},{'D2'},{'D3'},{'D1'},{'R3'},{'D7'},{'R2'},{'R1'},&,1.0,&
{'D6'},{'D4'},{'D5'},{'D2'},{'D3'},{'D1'},{'R3'},{'D7'},{'R1'},{'R2'},&,2.0,&
{'D6'},{'D4'},{'D5'},{'D2'},{'D3'},{'D1'},{'D7'},{'R1'},{'R3'},{'R2'},&,3.0,&
{'D6'},{'D4'},{'D5'},{'D2'},{'D3'},{'D1'},{'D7'},{'R2'},{'R3'},{'R1'},&,1.0,&
{'D6'},{'D4'},{'D5'},{'D2'},{'D3'},{'D1'},{'D7'},{'R3'},{'R2'},{'R1'},&,3.0,&
{'D6'},{'D4'},{'D5'},{'D2'},{'D3'},{'D1'},{'D7'},{'R3'},{'R1'},{'R2'},&,2.0,&
{'D6'},{'D4'},{'D5'},{'D2'},{'D3'},{'D1'},{'R1'},{'D7'},{'R3'},{'R2'},&,1.0,&
{'D6'},{'D4'},{'D5'},{'D3'},{'D1'},{'D7'},{'R3'},{'D2'},{'R2'},{'R1'},&,1.0,&
{'D6'},{'D4'},{'D5'},{'D3'},{'D1'},{'D7'},{'R3'},{'D2'},{'R1'},{'R2'},&,3.0,&
{'D6'},{'D4'},{'D5'},{'D3'},{'D1'},{'D7'},{'R3'},{'R2'},{'D2'},{'R1'},&,1.0,&
{'D6'},{'D4'},{'D5'},{'D3'},{'D1'},{'D7'},{'D2'},{'R1'},{'R2'},{'R3'},&,3.0,&
{'D6'},{'D4'},{'D5'},{'D3'},{'D1'},{'D7'},{'D2'},{'R1'},{'R3'},{'R2'},&,4.0,&
{'D6'},{'D4'},{'D5'},{'D3'},{'D1'},{'D7'},{'D2'},{'R2'},{'R3'},{'R1'},&,3.0,&
{'D6'},{'D4'},{'D5'},{'D3'},{'D1'},{'D7'},{'D2'},{'R2'},{'R1'},{'R3'},&,2.0,&
{'D6'},{'D4'},{'D5'},{'D3'},{'D1'},{'D7'},{'D2'},{'R3'},{'R2'},{'R1'},&,4.0,&
{'D6'},{'D4'},{'D5'},{'D3'},{'D1'},{'D7'},{'D2'},{'R3'},{'R1'},{'R2'},&,10.0,&
{'D6'},{'D4'},{'D5'},{'D3'},{'D1'},{'D7'},{'R2'},{'D2'},{'R3'},{'R1'},&,2.0,&
{'D6'},{'D4'},{'D5'},{'D3'},{'D1'},{'D7'},{'R1'},{'D2'},{'R2'},{'R3'},&,1.0,&
{'D6'},{'D4'},{'D5'},{'D3'},{'D1'},{'D7'},{'R1'},{'D2'},{'R3'},{'R2'},&,4.0,&
{'D6'},{'D4'},{'D5'},{'D3'},{'D1'},{'D7'},{'R1'},{'R3'},{'D2'},{'R2'},&,1.0,&
{'D6'},{'D4'},{'D5'},{'D3'},{'D1'},{'D2'},{'R3'},{'R2'},{'D7'},{'R1'},&,1.0,&
{'D6'},{'D4'},{'D5'},{'D3'},{'D1'},{'D2'},{'R3'},{'D7'},{'R2'},{'R1'},&,1.0,&
{'D6'},{'D4'},{'D5'},{'D3'},{'D1'},{'D2'},{'R3'},{'D7'},{'R1'},{'R2'},&,1.0,&
{'D6'},{'D4'},{'D5'},{'D3'},{'D1'},{'D2'},{'R2'},{'R3'},{'R1'},{'D7'},&,1.0,&
{'D6'},{'D4'},{'D5'},{'D3'},{'D1'},{'D2'},{'R2'},{'D7'},{'R1'},{'R3'},&,1.0,&
{'D6'},{'D4'},{'D5'},{'D3'},{'D1'},{'D2'},{'D7'},{'R1'},{'R2'},{'R3'},&,2.0,&
{'D6'},{'D4'},{'D5'},{'D3'},{'D1'},{'D2'},{'D7'},{'R1'},{'R3'},{'R2'},&,1.0,&
{'D6'},{'D4'},{'D5'},{'D3'},{'D1'},{'D2'},{'D7'},{'R2'},{'R3'},{'R1'},&,2.0,&
{'D6'},{'D4'},{'D5'},{'D3'},{'D1'},{'D2'},{'D7'},{'R3'},{'R2'},{'R1'},&,6.0,&
{'D6'},{'D4'},{'D5'},{'D3'},{'D1'},{'D2'},{'D7'},{'R3'},{'R1'},{'R2'},&,7.0,&
{'D6'},{'D4'},{'D5'},{'D3'},{'D1'},{'D2'},{'R1'},{'D7'},{'R2'},{'R3'},&,1.0,&
{'D6'},{'D4'},{'D5'},{'D3'},{'D1'},{'D2'},{'R1'},{'D7'},{'R3'},{'R2'},&,2.0,&
{'D6'},{'D4'},{'D5'},{'D3'},{'D1'},{'R1'},{'D2'},{'D7'},{'R2'},{'R3'},&,1.0,&
{'D6'},{'D4'},{'D5'},{'D3'},{'D1'},{'R3'},{'D7'},{'D2'},{'R1'},{'R2'},&,2.0,&
{'D6'},{'D4'},{'D5'},{'D3'},{'D1'},{'R3'},{'D7'},{'R2'},{'D2'},{'R1'},&,1.0,&
{'D6'},{'D4'},{'D5'},{'D3'},{'D7'},{'D1'},{'R3'},{'D2'},{'R2'},{'R1'},&,4.0,&
{'D6'},{'D4'},{'D5'},{'D3'},{'D7'},{'D1'},{'R3'},{'D2'},{'R1'},{'R2'},&,4.0,&
{'D6'},{'D4'},{'D5'},{'D3'},{'D7'},{'D1'},{'R3'},{'R1'},{'D2'},{'R2'},&,2.0,&
{'D6'},{'D4'},{'D5'},{'D3'},{'D7'},{'D1'},{'R3'},{'R2'},{'R1'},{'D2'},&,1.0,&
{'D6'},{'D4'},{'D5'},{'D3'},{'D7'},{'D1'},{'R3'},{'R2'},{'D2'},{'R1'},&,1.0,&
{'D6'},{'D4'},{'D5'},{'D3'},{'D7'},{'D1'},{'D2'},{'R1'},{'R2'},{'R3'},&,5.0,&
{'D6'},{'D4'},{'D5'},{'D3'},{'D7'},{'D1'},{'D2'},{'R1'},{'R3'},{'R2'},&,11.0,&
{'D6'},{'D4'},{'D5'},{'D3'},{'D7'},{'D1'},{'D2'},{'R2'},{'R3'},{'R1'},&,8.0,&
{'D6'},{'D4'},{'D5'},{'D3'},{'D7'},{'D1'},{'D2'},{'R2'},{'R1'},{'R3'},&,4.0,&
{'D6'},{'D4'},{'D5'},{'D3'},{'D7'},{'D1'},{'D2'},{'R3'},{'R2'},{'R1'},&,8.0,&
{'D6'},{'D4'},{'D5'},{'D3'},{'D7'},{'D1'},{'D2'},{'R3'},{'R1'},{'R2'},&,12.0,&
{'D6'},{'D4'},{'D5'},{'D3'},{'D7'},{'D1'},{'R2'},{'D2'},{'R3'},{'R1'},&,2.0,&
{'D6'},{'D4'},{'D5'},{'D3'},{'D7'},{'D1'},{'R2'},{'D2'},{'R1'},{'R3'},&,1.0,&
{'D6'},{'D4'},{'D5'},{'D3'},{'D7'},{'D1'},{'R1'},{'D2'},{'R2'},{'R3'},&,1.0,&
{'D6'},{'D4'},{'D5'},{'D3'},{'D7'},{'D1'},{'R1'},{'D2'},{'R3'},{'R2'},&,2.0,&
{'D6'},{'D4'},{'D5'},{'D3'},{'D7'},{'D1'},{'R1'},{'R3'},{'D2'},{'R2'},&,3.0,&
{'D6'},{'D4'},{'D5'},{'D3'},{'D7'},{'D2'},{'R3'},{'R1'},{'D1'},{'R2'},&,1.0,&
{'D6'},{'D4'},{'D5'},{'D3'},{'D7'},{'D2'},{'R3'},{'R2'},{'D1'},{'R1'},&,1.0,&
{'D6'},{'D4'},{'D5'},{'D3'},{'D7'},{'D2'},{'R3'},{'D1'},{'R1'},{'R2'},&,3.0,&
{'D6'},{'D4'},{'D5'},{'D3'},{'D7'},{'D2'},{'D1'},{'R1'},{'R2'},{'R3'},&,4.0,&
{'D6'},{'D4'},{'D5'},{'D3'},{'D7'},{'D2'},{'D1'},{'R1'},{'R3'},{'R2'},&,6.0,&
{'D6'},{'D4'},{'D5'},{'D3'},{'D7'},{'D2'},{'D1'},{'R2'},{'R3'},{'R1'},&,4.0,&
{'D6'},{'D4'},{'D5'},{'D3'},{'D7'},{'D2'},{'D1'},{'R2'},{'R1'},{'R3'},&,1.0,&
{'D6'},{'D4'},{'D5'},{'D3'},{'D7'},{'D2'},{'D1'},{'R3'},{'R2'},{'R1'},&,11.0,&
{'D6'},{'D4'},{'D5'},{'D3'},{'D7'},{'D2'},{'D1'},{'R3'},{'R1'},{'R2'},&,7.0,&
{'D6'},{'D4'},{'D5'},{'D3'},{'D7'},{'D2'},{'R2'},{'D1'},{'R3'},{'R1'},&,2.0,&
{'D6'},{'D4'},{'D5'},{'D3'},{'D7'},{'D2'},{'R1'},{'D1'},{'R2'},{'R3'},&,2.0,&
{'D6'},{'D4'},{'D5'},{'D3'},{'D7'},{'D2'},{'R1'},{'D1'},{'R3'},{'R2'},&,1.0,&
{'D6'},{'D4'},{'D5'},{'D3'},{'D7'},{'R2'},{'D2'},{'R1'},{'D1'},{'R3'},&,1.0,&
{'D6'},{'D4'},{'D5'},{'D3'},{'D7'},{'R2'},{'D1'},{'D2'},{'R1'},{'R3'},&,1.0,&
{'D6'},{'D4'},{'D5'},{'D3'},{'D7'},{'R1'},{'D1'},{'R2'},{'D2'},{'R3'},&,1.0,&
{'D6'},{'D4'},{'D5'},{'D3'},{'D7'},{'R3'},{'D1'},{'D2'},{'R1'},{'R2'},&,1.0,&
{'D6'},{'D4'},{'D5'},{'D3'},{'D2'},{'D7'},{'R3'},{'R1'},{'D1'},{'R2'},&,1.0,&
{'D6'},{'D4'},{'D5'},{'D3'},{'D2'},{'D7'},{'R3'},{'D1'},{'R2'},{'R1'},&,2.0,&
{'D6'},{'D4'},{'D5'},{'D3'},{'D2'},{'D7'},{'R3'},{'D1'},{'R1'},{'R2'},&,2.0,&
{'D6'},{'D4'},{'D5'},{'D3'},{'D2'},{'D7'},{'D1'},{'R1'},{'R2'},{'R3'},&,2.0,&
{'D6'},{'D4'},{'D5'},{'D3'},{'D2'},{'D7'},{'D1'},{'R1'},{'R3'},{'R2'},&,5.0,&
{'D6'},{'D4'},{'D5'},{'D3'},{'D2'},{'D7'},{'D1'},{'R2'},{'R3'},{'R1'},&,2.0,&
{'D6'},{'D4'},{'D5'},{'D3'},{'D2'},{'D7'},{'D1'},{'R2'},{'R1'},{'R3'},&,2.0,&
{'D6'},{'D4'},{'D5'},{'D3'},{'D2'},{'D7'},{'D1'},{'R3'},{'R2'},{'R1'},&,8.0,&
{'D6'},{'D4'},{'D5'},{'D3'},{'D2'},{'D7'},{'D1'},{'R3'},{'R1'},{'R2'},&,10.0,&
{'D6'},{'D4'},{'D5'},{'D3'},{'D2'},{'D7'},{'R2'},{'D1'},{'R3'},{'R1'},&,2.0,&
{'D6'},{'D4'},{'D5'},{'D3'},{'D2'},{'D7'},{'R1'},{'D1'},{'R3'},{'R2'},&,1.0,&
{'D6'},{'D4'},{'D5'},{'D3'},{'D2'},{'D1'},{'R3'},{'R1'},{'R2'},{'D7'},&,1.0,&
{'D6'},{'D4'},{'D5'},{'D3'},{'D2'},{'D1'},{'R3'},{'R2'},{'R1'},{'D7'},&,2.0,&
{'D6'},{'D4'},{'D5'},{'D3'},{'D2'},{'D1'},{'R3'},{'D7'},{'R1'},{'R2'},&,1.0,&
{'D6'},{'D4'},{'D5'},{'D3'},{'D2'},{'D1'},{'R2'},{'R3'},{'D7'},{'R1'},&,1.0,&
{'D6'},{'D4'},{'D5'},{'D3'},{'D2'},{'D1'},{'R2'},{'D7'},{'R3'},{'R1'},&,1.0,&
{'D6'},{'D4'},{'D5'},{'D3'},{'D2'},{'D1'},{'D7'},{'R1'},{'R2'},{'R3'},&,1.0,&
{'D6'},{'D4'},{'D5'},{'D3'},{'D2'},{'D1'},{'D7'},{'R1'},{'R3'},{'R2'},&,1.0,&
{'D6'},{'D4'},{'D5'},{'D3'},{'D2'},{'D1'},{'D7'},{'R2'},{'R3'},{'R1'},&,1.0,&
{'D6'},{'D4'},{'D5'},{'D3'},{'D2'},{'D1'},{'D7'},{'R2'},{'R1'},{'R3'},&,2.0,&
{'D6'},{'D4'},{'D5'},{'D3'},{'D2'},{'D1'},{'D7'},{'R3'},{'R2'},{'R1'},&,4.0,&
{'D6'},{'D4'},{'D5'},{'D3'},{'D2'},{'D1'},{'D7'},{'R3'},{'R1'},{'R2'},&,7.0,&
{'D6'},{'D4'},{'D5'},{'D3'},{'D2'},{'D1'},{'R1'},{'D7'},{'R2'},{'R3'},&,1.0,&
{'D6'},{'D4'},{'D5'},{'D3'},{'D2'},{'D1'},{'R1'},{'D7'},{'R3'},{'R2'},&,1.0,&
{'D6'},{'D4'},{'D5'},{'D3'},{'D2'},{'R2'},{'D7'},{'R3'},{'D1'},{'R1'},&,1.0,&
{'D6'},{'D4'},{'D5'},{'D3'},{'D2'},{'R3'},{'R2'},{'D7'},{'D1'},{'R1'},&,1.0,&
{'D6'},{'D4'},{'D5'},{'D3'},{'D2'},{'R3'},{'D7'},{'D1'},{'R1'},{'R2'},&,1.0,&
{'D6'},{'D4'},{'D5'},{'D3'},{'R3'},{'D7'},{'D1'},{'R2'},{'D2'},{'R1'},&,1.0,&
{'D6'},{'D4'},{'D5'},{'D3'},{'R1'},{'D1'},{'D7'},{'D2'},{'R2'},{'R3'},&,1.0,&
{'D6'},{'D4'},{'D1'},{'D7'},{'D3'},{'D2'},{'D5'},{'R3'},{'R2'},{'R1'},&,1.0,&
{'D6'},{'D4'},{'D1'},{'D7'},{'D5'},{'D2'},{'D3'},{'R1'},{'R3'},{'R2'},&,1.0,&
{'D6'},{'D4'},{'D1'},{'D7'},{'D5'},{'D2'},{'D3'},{'R3'},{'R1'},{'R2'},&,1.0,&
{'D6'},{'D4'},{'D1'},{'D7'},{'D5'},{'D3'},{'D2'},{'R1'},{'R3'},{'R2'},&,1.0,&
{'D6'},{'D4'},{'D1'},{'D7'},{'D5'},{'D3'},{'D2'},{'R3'},{'R2'},{'R1'},&,2.0,&
{'D6'},{'D4'},{'D1'},{'D7'},{'D5'},{'D3'},{'D2'},{'R3'},{'R1'},{'R2'},&,1.0,&
{'D6'},{'D4'},{'D1'},{'D7'},{'D5'},{'D3'},{'R2'},{'D2'},{'R3'},{'R1'},&,1.0,&
{'D6'},{'D4'},{'D1'},{'D7'},{'D5'},{'R1'},{'D3'},{'R3'},{'D2'},{'R2'},&,1.0,&
{'D6'},{'D4'},{'D1'},{'D2'},{'D5'},{'D7'},{'D3'},{'R2'},{'R1'},{'R3'},&,2.0,&
{'D6'},{'D4'},{'D1'},{'D2'},{'D5'},{'D7'},{'D3'},{'R3'},{'R1'},{'R2'},&,1.0,&
{'D6'},{'D4'},{'D1'},{'D2'},{'D5'},{'D3'},{'D7'},{'R2'},{'R3'},{'R1'},&,1.0,&
{'D6'},{'D4'},{'D1'},{'D2'},{'D5'},{'D3'},{'D7'},{'R3'},{'R1'},{'R2'},&,1.0,&
{'D6'},{'D4'},{'D1'},{'D3'},{'D7'},{'D2'},{'D5'},{'R1'},{'R3'},{'R2'},&,1.0,&
{'D6'},{'D4'},{'D1'},{'D3'},{'D7'},{'D5'},{'R3'},{'R2'},{'R1'},{'D2'},&,1.0,&
{'D6'},{'D4'},{'D1'},{'D3'},{'D7'},{'D5'},{'D2'},{'R2'},{'R3'},{'R1'},&,2.0,&
{'D6'},{'D4'},{'D1'},{'D3'},{'D7'},{'D5'},{'D2'},{'R3'},{'R2'},{'R1'},&,1.0,&
{'D6'},{'D4'},{'D1'},{'D3'},{'D7'},{'D5'},{'D2'},{'R3'},{'R1'},{'R2'},&,2.0,&
{'D6'},{'D4'},{'D1'},{'D3'},{'D2'},{'D7'},{'D5'},{'R1'},{'R2'},{'R3'},&,1.0,&
{'D6'},{'D4'},{'D1'},{'D3'},{'D2'},{'D5'},{'D7'},{'R1'},{'R3'},{'R2'},&,1.0,&
{'D6'},{'D4'},{'D1'},{'D3'},{'D2'},{'D5'},{'D7'},{'R2'},{'R1'},{'R3'},&,1.0,&
{'D6'},{'D4'},{'D1'},{'D3'},{'D2'},{'D5'},{'D7'},{'R3'},{'R1'},{'R2'},&,1.0,&
{'D6'},{'D4'},{'D1'},{'D3'},{'D5'},{'D7'},{'D2'},{'R2'},{'R1'},{'R3'},&,1.0,&
{'D6'},{'D4'},{'D1'},{'D3'},{'D5'},{'D7'},{'D2'},{'R3'},{'R1'},{'R2'},&,2.0,&
{'D6'},{'D4'},{'D1'},{'D3'},{'D5'},{'D7'},{'R2'},{'D2'},{'R3'},{'R1'},&,1.0,&
{'D6'},{'D4'},{'D1'},{'D3'},{'D5'},{'D2'},{'R3'},{'D7'},{'R1'},{'R2'},&,2.0,&
{'D6'},{'D4'},{'D1'},{'D3'},{'D5'},{'D2'},{'D7'},{'R2'},{'R1'},{'R3'},&,1.0,&
{'D6'},{'D4'},{'D1'},{'D3'},{'D5'},{'D2'},{'D7'},{'R3'},{'R2'},{'R1'},&,2.0,&
{'D6'},{'D4'},{'D1'},{'D3'},{'D5'},{'D2'},{'D7'},{'R3'},{'R1'},{'R2'},&,1.0,&
{'D6'},{'D4'},{'D1'},{'D5'},{'D7'},{'D2'},{'R3'},{'D3'},{'R2'},{'R1'},&,1.0,&
{'D6'},{'D4'},{'D1'},{'D5'},{'D7'},{'D2'},{'D3'},{'R3'},{'R2'},{'R1'},&,1.0,&
{'D6'},{'D4'},{'D1'},{'D5'},{'D7'},{'D3'},{'R3'},{'D2'},{'R1'},{'R2'},&,2.0,&
{'D6'},{'D4'},{'D1'},{'D5'},{'D7'},{'D3'},{'R3'},{'R1'},{'D2'},{'R2'},&,1.0,&
{'D6'},{'D4'},{'D1'},{'D5'},{'D7'},{'D3'},{'D2'},{'R1'},{'R3'},{'R2'},&,2.0,&
{'D6'},{'D4'},{'D1'},{'D5'},{'D7'},{'D3'},{'D2'},{'R2'},{'R3'},{'R1'},&,1.0,&
{'D6'},{'D4'},{'D1'},{'D5'},{'D7'},{'D3'},{'D2'},{'R3'},{'R2'},{'R1'},&,4.0,&
{'D6'},{'D4'},{'D1'},{'D5'},{'D7'},{'D3'},{'D2'},{'R3'},{'R1'},{'R2'},&,1.0,&
{'D6'},{'D4'},{'D1'},{'D5'},{'D7'},{'D3'},{'R1'},{'D2'},{'R3'},{'R2'},&,2.0,&
{'D6'},{'D4'},{'D1'},{'D5'},{'D2'},{'D7'},{'D3'},{'R2'},{'R3'},{'R1'},&,1.0,&
{'D6'},{'D4'},{'D1'},{'D5'},{'D2'},{'D7'},{'D3'},{'R3'},{'R2'},{'R1'},&,1.0,&
{'D6'},{'D4'},{'D1'},{'D5'},{'D2'},{'D7'},{'D3'},{'R3'},{'R1'},{'R2'},&,2.0,&
{'D6'},{'D4'},{'D1'},{'D5'},{'D2'},{'D3'},{'R3'},{'D7'},{'R2'},{'R1'},&,2.0,&
{'D6'},{'D4'},{'D1'},{'D5'},{'D2'},{'D3'},{'D7'},{'R1'},{'R2'},{'R3'},&,1.0,&
{'D6'},{'D4'},{'D1'},{'D5'},{'D2'},{'D3'},{'D7'},{'R3'},{'R2'},{'R1'},&,1.0,&
{'D6'},{'D4'},{'D1'},{'D5'},{'D2'},{'R3'},{'D3'},{'D7'},{'R2'},{'R1'},&,1.0,&
{'D6'},{'D4'},{'D1'},{'D5'},{'D3'},{'D7'},{'R3'},{'D2'},{'R1'},{'R2'},&,1.0,&
{'D6'},{'D4'},{'D1'},{'D5'},{'D3'},{'D7'},{'D2'},{'R1'},{'R2'},{'R3'},&,1.0,&
{'D6'},{'D4'},{'D1'},{'D5'},{'D3'},{'D7'},{'D2'},{'R1'},{'R3'},{'R2'},&,2.0,&
{'D6'},{'D4'},{'D1'},{'D5'},{'D3'},{'D7'},{'D2'},{'R2'},{'R3'},{'R1'},&,1.0,&
{'D6'},{'D4'},{'D1'},{'D5'},{'D3'},{'D7'},{'D2'},{'R2'},{'R1'},{'R3'},&,1.0,&
{'D6'},{'D4'},{'D1'},{'D5'},{'D3'},{'D7'},{'D2'},{'R3'},{'R2'},{'R1'},&,4.0,&
{'D6'},{'D4'},{'D1'},{'D5'},{'D3'},{'D7'},{'D2'},{'R3'},{'R1'},{'R2'},&,3.0,&
{'D6'},{'D4'},{'D1'},{'D5'},{'D3'},{'D7'},{'R2'},{'R3'},{'D2'},{'R1'},&,1.0,&
{'D6'},{'D4'},{'D1'},{'D5'},{'D3'},{'D2'},{'D7'},{'R1'},{'R3'},{'R2'},&,1.0,&
{'D6'},{'D4'},{'D1'},{'D5'},{'D3'},{'D2'},{'D7'},{'R3'},{'R2'},{'R1'},&,4.0,&
{'D6'},{'D4'},{'D1'},{'D5'},{'D3'},{'D2'},{'D7'},{'R3'},{'R1'},{'R2'},&,1.0,&
{'D6'},{'D4'},{'D1'},{'R1'},{'D5'},{'D3'},{'D2'},{'D7'},{'R3'},{'R2'},&,1.0,&
{'D6'},{'D4'},{'D7'},{'D1'},{'D2'},{'D3'},{'D5'},{'R1'},{'R3'},{'R2'},&,1.0,&
{'D6'},{'D4'},{'D7'},{'D1'},{'D2'},{'D3'},{'D5'},{'R3'},{'R2'},{'R1'},&,1.0,&
{'D6'},{'D4'},{'D7'},{'D1'},{'D3'},{'D2'},{'R3'},{'R1'},{'D5'},{'R2'},&,1.0,&
{'D6'},{'D4'},{'D7'},{'D1'},{'D3'},{'D5'},{'D2'},{'R1'},{'R3'},{'R2'},&,1.0,&
{'D6'},{'D4'},{'D7'},{'D1'},{'D5'},{'D2'},{'D3'},{'R1'},{'R3'},{'R2'},&,1.0,&
{'D6'},{'D4'},{'D7'},{'D1'},{'D5'},{'D3'},{'R3'},{'D2'},{'R2'},{'R1'},&,1.0,&
{'D6'},{'D4'},{'D7'},{'D1'},{'D5'},{'D3'},{'D2'},{'R2'},{'R3'},{'R1'},&,4.0,&
{'D6'},{'D4'},{'D7'},{'D1'},{'D5'},{'D3'},{'D2'},{'R3'},{'R2'},{'R1'},&,1.0,&
{'D6'},{'D4'},{'D7'},{'D1'},{'D5'},{'D3'},{'D2'},{'R3'},{'R1'},{'R2'},&,2.0,&
{'D6'},{'D4'},{'D7'},{'D1'},{'D5'},{'D3'},{'R2'},{'D2'},{'R3'},{'R1'},&,2.0,&
{'D6'},{'D4'},{'D7'},{'D1'},{'D5'},{'D3'},{'R2'},{'D2'},{'R1'},{'R3'},&,1.0,&
{'D6'},{'D4'},{'D7'},{'D2'},{'D1'},{'D3'},{'R2'},{'D5'},{'R3'},{'R1'},&,1.0,&
{'D6'},{'D4'},{'D7'},{'D2'},{'D1'},{'D3'},{'D5'},{'R3'},{'R2'},{'R1'},&,1.0,&
{'D6'},{'D4'},{'D7'},{'D2'},{'D1'},{'D3'},{'D5'},{'R3'},{'R1'},{'R2'},&,1.0,&
{'D6'},{'D4'},{'D7'},{'D2'},{'D3'},{'D5'},{'R3'},{'R1'},{'R2'},{'D1'},&,1.0,&
{'D6'},{'D4'},{'D7'},{'D2'},{'D3'},{'D5'},{'R3'},{'D1'},{'R2'},{'R1'},&,2.0,&
{'D6'},{'D4'},{'D7'},{'D2'},{'D3'},{'D5'},{'R3'},{'D1'},{'R1'},{'R2'},&,1.0,&
{'D6'},{'D4'},{'D7'},{'D2'},{'D3'},{'D5'},{'D1'},{'R3'},{'R2'},{'R1'},&,1.0,&
{'D6'},{'D4'},{'D7'},{'D2'},{'D3'},{'D5'},{'D1'},{'R3'},{'R1'},{'R2'},&,3.0,&
{'D6'},{'D4'},{'D7'},{'D2'},{'D3'},{'D5'},{'R2'},{'D1'},{'R3'},{'R1'},&,1.0,&
{'D6'},{'D4'},{'D7'},{'D2'},{'D5'},{'D1'},{'D3'},{'R3'},{'R1'},{'R2'},&,1.0,&
{'D6'},{'D4'},{'D7'},{'D2'},{'D5'},{'D3'},{'D1'},{'R1'},{'R3'},{'R2'},&,2.0,&
{'D6'},{'D4'},{'D7'},{'D2'},{'D5'},{'D3'},{'D1'},{'R3'},{'R1'},{'R2'},&,2.0,&
{'D6'},{'D4'},{'D7'},{'D2'},{'D5'},{'R1'},{'D3'},{'D1'},{'R3'},{'R2'},&,1.0,&
{'D6'},{'D4'},{'D7'},{'D3'},{'D1'},{'D5'},{'R3'},{'D2'},{'R1'},{'R2'},&,2.0,&
{'D6'},{'D4'},{'D7'},{'D3'},{'D1'},{'D5'},{'R3'},{'R1'},{'R2'},{'D2'},&,1.0,&
{'D6'},{'D4'},{'D7'},{'D3'},{'D1'},{'D5'},{'D2'},{'R1'},{'R3'},{'R2'},&,1.0,&
{'D6'},{'D4'},{'D7'},{'D3'},{'D1'},{'D5'},{'D2'},{'R2'},{'R3'},{'R1'},&,2.0,&
{'D6'},{'D4'},{'D7'},{'D3'},{'D1'},{'D5'},{'D2'},{'R3'},{'R1'},{'R2'},&,1.0,&
{'D6'},{'D4'},{'D7'},{'D3'},{'D2'},{'D5'},{'D1'},{'R3'},{'R2'},{'R1'},&,1.0,&
{'D6'},{'D4'},{'D7'},{'D3'},{'D2'},{'D5'},{'R1'},{'R3'},{'D1'},{'R2'},&,1.0,&
{'D6'},{'D4'},{'D7'},{'D3'},{'D2'},{'D5'},{'R1'},{'D1'},{'R3'},{'R2'},&,1.0,&
{'D6'},{'D4'},{'D7'},{'D3'},{'D5'},{'D1'},{'R3'},{'D2'},{'R2'},{'R1'},&,1.0,&
{'D6'},{'D4'},{'D7'},{'D3'},{'D5'},{'D1'},{'R3'},{'D2'},{'R1'},{'R2'},&,1.0,&
{'D6'},{'D4'},{'D7'},{'D3'},{'D5'},{'D1'},{'D2'},{'R1'},{'R2'},{'R3'},&,2.0,&
{'D6'},{'D4'},{'D7'},{'D3'},{'D5'},{'D1'},{'D2'},{'R1'},{'R3'},{'R2'},&,2.0,&
{'D6'},{'D4'},{'D7'},{'D3'},{'D5'},{'D1'},{'D2'},{'R2'},{'R1'},{'R3'},&,1.0,&
{'D6'},{'D4'},{'D7'},{'D3'},{'D5'},{'D1'},{'D2'},{'R3'},{'R2'},{'R1'},&,2.0,&
{'D6'},{'D4'},{'D7'},{'D3'},{'D5'},{'D1'},{'D2'},{'R3'},{'R1'},{'R2'},&,2.0,&
{'D6'},{'D4'},{'D7'},{'D3'},{'D5'},{'D2'},{'D1'},{'R1'},{'R2'},{'R3'},&,1.0,&
{'D6'},{'D4'},{'D7'},{'D3'},{'D5'},{'D2'},{'D1'},{'R1'},{'R3'},{'R2'},&,3.0,&
{'D6'},{'D4'},{'D7'},{'D3'},{'D5'},{'D2'},{'D1'},{'R3'},{'R2'},{'R1'},&,2.0,&
{'D6'},{'D4'},{'D7'},{'D3'},{'D5'},{'D2'},{'D1'},{'R3'},{'R1'},{'R2'},&,5.0,&
{'D6'},{'D4'},{'D7'},{'D3'},{'D5'},{'D2'},{'R2'},{'R3'},{'D1'},{'R1'},&,1.0,&
{'D6'},{'D4'},{'D7'},{'D3'},{'D5'},{'D2'},{'R2'},{'D1'},{'R1'},{'R3'},&,1.0,&
{'D6'},{'D4'},{'D7'},{'D3'},{'D5'},{'D2'},{'R1'},{'D1'},{'R3'},{'R2'},&,1.0,&
{'D6'},{'D4'},{'D7'},{'D3'},{'D5'},{'R2'},{'D1'},{'D2'},{'R1'},{'R3'},&,1.0,&
{'D6'},{'D4'},{'D7'},{'D3'},{'D5'},{'R3'},{'D2'},{'D1'},{'R2'},{'R1'},&,1.0,&
{'D6'},{'D4'},{'D7'},{'D3'},{'R3'},{'D5'},{'D2'},{'R1'},{'D1'},{'R2'},&,1.0,&
{'D6'},{'D4'},{'D7'},{'D5'},{'D1'},{'D2'},{'R3'},{'R1'},{'D3'},{'R2'},&,1.0,&
{'D6'},{'D4'},{'D7'},{'D5'},{'D1'},{'D2'},{'D3'},{'R2'},{'R1'},{'R3'},&,1.0,&
{'D6'},{'D4'},{'D7'},{'D5'},{'D1'},{'D2'},{'D3'},{'R3'},{'R2'},{'R1'},&,3.0,&
{'D6'},{'D4'},{'D7'},{'D5'},{'D1'},{'D2'},{'D3'},{'R3'},{'R1'},{'R2'},&,1.0,&
{'D6'},{'D4'},{'D7'},{'D5'},{'D1'},{'D3'},{'R3'},{'R1'},{'R2'},{'D2'},&,1.0,&
{'D6'},{'D4'},{'D7'},{'D5'},{'D1'},{'D3'},{'R3'},{'R1'},{'D2'},{'R2'},&,1.0,&
{'D6'},{'D4'},{'D7'},{'D5'},{'D1'},{'D3'},{'D2'},{'R1'},{'R2'},{'R3'},&,1.0,&
{'D6'},{'D4'},{'D7'},{'D5'},{'D1'},{'D3'},{'D2'},{'R1'},{'R3'},{'R2'},&,1.0,&
{'D6'},{'D4'},{'D7'},{'D5'},{'D1'},{'D3'},{'D2'},{'R2'},{'R3'},{'R1'},&,3.0,&
{'D6'},{'D4'},{'D7'},{'D5'},{'D1'},{'D3'},{'D2'},{'R3'},{'R2'},{'R1'},&,5.0,&
{'D6'},{'D4'},{'D7'},{'D5'},{'D1'},{'D3'},{'D2'},{'R3'},{'R1'},{'R2'},&,4.0,&
{'D6'},{'D4'},{'D7'},{'D5'},{'D1'},{'R3'},{'D3'},{'D2'},{'R2'},{'R1'},&,2.0,&
{'D6'},{'D4'},{'D7'},{'D5'},{'D2'},{'D1'},{'D3'},{'R1'},{'R2'},{'R3'},&,1.0,&
{'D6'},{'D4'},{'D7'},{'D5'},{'D2'},{'D1'},{'D3'},{'R3'},{'R1'},{'R2'},&,1.0,&
{'D6'},{'D4'},{'D7'},{'D5'},{'D2'},{'D1'},{'R1'},{'D3'},{'R3'},{'R2'},&,1.0,&
{'D6'},{'D4'},{'D7'},{'D5'},{'D2'},{'D3'},{'R3'},{'D1'},{'R2'},{'R1'},&,2.0,&
{'D6'},{'D4'},{'D7'},{'D5'},{'D2'},{'D3'},{'D1'},{'R3'},{'R2'},{'R1'},&,1.0,&
{'D6'},{'D4'},{'D7'},{'D5'},{'D2'},{'D3'},{'D1'},{'R3'},{'R1'},{'R2'},&,6.0,&
{'D6'},{'D4'},{'D7'},{'D5'},{'D2'},{'D3'},{'R2'},{'R3'},{'D1'},{'R1'},&,1.0,&
{'D6'},{'D4'},{'D7'},{'D5'},{'D2'},{'R3'},{'D3'},{'R2'},{'D1'},{'R1'},&,1.0,&
{'D6'},{'D4'},{'D7'},{'D5'},{'D2'},{'R3'},{'D3'},{'D1'},{'R2'},{'R1'},&,1.0,&
{'D6'},{'D4'},{'D7'},{'D5'},{'D3'},{'D1'},{'R3'},{'D2'},{'R1'},{'R2'},&,2.0,&
{'D6'},{'D4'},{'D7'},{'D5'},{'D3'},{'D1'},{'R3'},{'R2'},{'D2'},{'R1'},&,1.0,&
{'D6'},{'D4'},{'D7'},{'D5'},{'D3'},{'D1'},{'D2'},{'R1'},{'R2'},{'R3'},&,2.0,&
{'D6'},{'D4'},{'D7'},{'D5'},{'D3'},{'D1'},{'D2'},{'R1'},{'R3'},{'R2'},&,4.0,&
{'D6'},{'D4'},{'D7'},{'D5'},{'D3'},{'D1'},{'D2'},{'R2'},{'R3'},{'R1'},&,2.0,&
{'D6'},{'D4'},{'D7'},{'D5'},{'D3'},{'D1'},{'D2'},{'R2'},{'R1'},{'R3'},&,1.0,&
{'D6'},{'D4'},{'D7'},{'D5'},{'D3'},{'D1'},{'D2'},{'R3'},{'R2'},{'R1'},&,2.0,&
{'D6'},{'D4'},{'D7'},{'D5'},{'D3'},{'D1'},{'D2'},{'R3'},{'R1'},{'R2'},&,4.0,&
{'D6'},{'D4'},{'D7'},{'D5'},{'D3'},{'D1'},{'R2'},{'D2'},{'R3'},{'R1'},&,2.0,&
{'D6'},{'D4'},{'D7'},{'D5'},{'D3'},{'D1'},{'R1'},{'D2'},{'R2'},{'R3'},&,1.0,&
{'D6'},{'D4'},{'D7'},{'D5'},{'D3'},{'D1'},{'R1'},{'D2'},{'R3'},{'R2'},&,3.0,&
{'D6'},{'D4'},{'D7'},{'D5'},{'D3'},{'D1'},{'R1'},{'R3'},{'D2'},{'R2'},&,1.0,&
{'D6'},{'D4'},{'D7'},{'D5'},{'D3'},{'D2'},{'R3'},{'D1'},{'R2'},{'R1'},&,1.0,&
{'D6'},{'D4'},{'D7'},{'D5'},{'D3'},{'D2'},{'R3'},{'D1'},{'R1'},{'R2'},&,2.0,&
{'D6'},{'D4'},{'D7'},{'D5'},{'D3'},{'D2'},{'D1'},{'R1'},{'R3'},{'R2'},&,3.0,&
{'D6'},{'D4'},{'D7'},{'D5'},{'D3'},{'D2'},{'D1'},{'R2'},{'R3'},{'R1'},&,3.0,&
{'D6'},{'D4'},{'D7'},{'D5'},{'D3'},{'D2'},{'D1'},{'R3'},{'R2'},{'R1'},&,9.0,&
{'D6'},{'D4'},{'D7'},{'D5'},{'D3'},{'D2'},{'D1'},{'R3'},{'R1'},{'R2'},&,2.0,&
{'D6'},{'D4'},{'D7'},{'D5'},{'D3'},{'R2'},{'D2'},{'D1'},{'R1'},{'R3'},&,1.0,&
{'D6'},{'D4'},{'D7'},{'D5'},{'D3'},{'R3'},{'D1'},{'D2'},{'R2'},{'R1'},&,1.0,&
{'D6'},{'D4'},{'D7'},{'D5'},{'D3'},{'R3'},{'D1'},{'R2'},{'D2'},{'R1'},&,1.0,&
{'D6'},{'D4'},{'D7'},{'D5'},{'R3'},{'D2'},{'D3'},{'D1'},{'R2'},{'R1'},&,1.0,&
{'D6'},{'D4'},{'D7'},{'D5'},{'R1'},{'D3'},{'R3'},{'D2'},{'D1'},{'R2'},&,1.0,&
{'D6'},{'D4'},{'D7'},{'D5'},{'R1'},{'D3'},{'D1'},{'D2'},{'R3'},{'R2'},&,1.0,&
{'D6'},{'D4'},{'D2'},{'D7'},{'D1'},{'D5'},{'D3'},{'R3'},{'R1'},{'R2'},&,1.0,&
{'D6'},{'D4'},{'D2'},{'D7'},{'D1'},{'D3'},{'D5'},{'R3'},{'R2'},{'R1'},&,1.0,&
{'D6'},{'D4'},{'D2'},{'D7'},{'D1'},{'D3'},{'D5'},{'R3'},{'R1'},{'R2'},&,1.0,&
{'D6'},{'D4'},{'D2'},{'D7'},{'D3'},{'D1'},{'D5'},{'R3'},{'R1'},{'R2'},&,1.0,&
{'D6'},{'D4'},{'D2'},{'D7'},{'D3'},{'D5'},{'D1'},{'R1'},{'R3'},{'R2'},&,1.0,&
{'D6'},{'D4'},{'D2'},{'D7'},{'D3'},{'D5'},{'D1'},{'R3'},{'R1'},{'R2'},&,1.0,&
{'D6'},{'D4'},{'D2'},{'D7'},{'D5'},{'D1'},{'D3'},{'R1'},{'R3'},{'R2'},&,2.0,&
{'D6'},{'D4'},{'D2'},{'D7'},{'D5'},{'D1'},{'D3'},{'R2'},{'R3'},{'R1'},&,1.0,&
{'D6'},{'D4'},{'D2'},{'D7'},{'D5'},{'D3'},{'R3'},{'D1'},{'R1'},{'R2'},&,1.0,&
{'D6'},{'D4'},{'D2'},{'D7'},{'D5'},{'D3'},{'D1'},{'R1'},{'R3'},{'R2'},&,1.0,&
{'D6'},{'D4'},{'D2'},{'D7'},{'D5'},{'D3'},{'D1'},{'R3'},{'R2'},{'R1'},&,1.0,&
{'D6'},{'D4'},{'D2'},{'D7'},{'D5'},{'D3'},{'R1'},{'D1'},{'R3'},{'R2'},&,2.0,&
{'D6'},{'D4'},{'D2'},{'D1'},{'D7'},{'D5'},{'D3'},{'R2'},{'R1'},{'R3'},&,1.0,&
{'D6'},{'D4'},{'D2'},{'D1'},{'D7'},{'D3'},{'R3'},{'D5'},{'R1'},{'R2'},&,1.0,&
{'D6'},{'D4'},{'D2'},{'D1'},{'D3'},{'D7'},{'D5'},{'R1'},{'R3'},{'R2'},&,1.0,&
{'D6'},{'D4'},{'D2'},{'D1'},{'D3'},{'D5'},{'D7'},{'R3'},{'R2'},{'R1'},&,1.0,&
{'D6'},{'D4'},{'D2'},{'D1'},{'D5'},{'D7'},{'D3'},{'R3'},{'R1'},{'R2'},&,1.0,&
{'D6'},{'D4'},{'D2'},{'D1'},{'D5'},{'D3'},{'D7'},{'R3'},{'R2'},{'R1'},&,1.0,&
{'D6'},{'D4'},{'D2'},{'D1'},{'D5'},{'D3'},{'D7'},{'R3'},{'R1'},{'R2'},&,2.0,&
{'D6'},{'D4'},{'D2'},{'D1'},{'D5'},{'D3'},{'R1'},{'R3'},{'D7'},{'R2'},&,1.0,&
{'D6'},{'D4'},{'D2'},{'D1'},{'D5'},{'D3'},{'R1'},{'D7'},{'R3'},{'R2'},&,1.0,&
{'D6'},{'D4'},{'D2'},{'D3'},{'D1'},{'D7'},{'D5'},{'R1'},{'R3'},{'R2'},&,1.0,&
{'D6'},{'D4'},{'D2'},{'D3'},{'D1'},{'D7'},{'D5'},{'R3'},{'R2'},{'R1'},&,1.0,&
{'D6'},{'D4'},{'D2'},{'D3'},{'D1'},{'D7'},{'D5'},{'R3'},{'R1'},{'R2'},&,1.0,&
{'D6'},{'D4'},{'D2'},{'D3'},{'D1'},{'D5'},{'R2'},{'D7'},{'R3'},{'R1'},&,1.0,&
{'D6'},{'D4'},{'D2'},{'D3'},{'D1'},{'D5'},{'D7'},{'R1'},{'R2'},{'R3'},&,1.0,&
{'D6'},{'D4'},{'D2'},{'D3'},{'D1'},{'D5'},{'R1'},{'D7'},{'R3'},{'R2'},&,1.0,&
{'D6'},{'D4'},{'D2'},{'D3'},{'D1'},{'R1'},{'R3'},{'D5'},{'D7'},{'R2'},&,1.0,&
{'D6'},{'D4'},{'D2'},{'D3'},{'D7'},{'D5'},{'D1'},{'R3'},{'R2'},{'R1'},&,2.0,&
{'D6'},{'D4'},{'D2'},{'D3'},{'D7'},{'D5'},{'D1'},{'R3'},{'R1'},{'R2'},&,1.0,&
{'D6'},{'D4'},{'D2'},{'D3'},{'D7'},{'D5'},{'R2'},{'D1'},{'R1'},{'R3'},&,1.0,&
{'D6'},{'D4'},{'D2'},{'D3'},{'D7'},{'D5'},{'R1'},{'D1'},{'R2'},{'R3'},&,1.0,&
{'D6'},{'D4'},{'D2'},{'D3'},{'D7'},{'D5'},{'R1'},{'D1'},{'R3'},{'R2'},&,1.0,&
{'D6'},{'D4'},{'D2'},{'D3'},{'D5'},{'D7'},{'R3'},{'D1'},{'R1'},{'R2'},&,1.0,&
{'D6'},{'D4'},{'D2'},{'D3'},{'D5'},{'D7'},{'D1'},{'R1'},{'R3'},{'R2'},&,2.0,&
{'D6'},{'D4'},{'D2'},{'D3'},{'D5'},{'D7'},{'D1'},{'R2'},{'R3'},{'R1'},&,1.0,&
{'D6'},{'D4'},{'D2'},{'D3'},{'D5'},{'D7'},{'D1'},{'R3'},{'R1'},{'R2'},&,3.0,&
{'D6'},{'D4'},{'D2'},{'D3'},{'D5'},{'D7'},{'R1'},{'R3'},{'R2'},{'D1'},&,1.0,&
{'D6'},{'D4'},{'D2'},{'D3'},{'D5'},{'D1'},{'D7'},{'R2'},{'R3'},{'R1'},&,2.0,&
{'D6'},{'D4'},{'D2'},{'D3'},{'D5'},{'D1'},{'D7'},{'R3'},{'R2'},{'R1'},&,1.0,&
{'D6'},{'D4'},{'D2'},{'D3'},{'D5'},{'D1'},{'D7'},{'R3'},{'R1'},{'R2'},&,2.0,&
{'D6'},{'D4'},{'D2'},{'D5'},{'D1'},{'D7'},{'R3'},{'D3'},{'R1'},{'R2'},&,1.0,&
{'D6'},{'D4'},{'D2'},{'D5'},{'D1'},{'D7'},{'D3'},{'R2'},{'R1'},{'R3'},&,1.0,&
{'D6'},{'D4'},{'D2'},{'D5'},{'D1'},{'D7'},{'D3'},{'R3'},{'R2'},{'R1'},&,1.0,&
{'D6'},{'D4'},{'D2'},{'D5'},{'D1'},{'D7'},{'D3'},{'R3'},{'R1'},{'R2'},&,1.0,&
{'D6'},{'D4'},{'D2'},{'D5'},{'D1'},{'D3'},{'D7'},{'R1'},{'R2'},{'R3'},&,1.0,&
{'D6'},{'D4'},{'D2'},{'D5'},{'D1'},{'D3'},{'R1'},{'D7'},{'R3'},{'R2'},&,1.0,&
{'D6'},{'D4'},{'D2'},{'D5'},{'D1'},{'R3'},{'D3'},{'R2'},{'R1'},{'D7'},&,1.0,&
{'D6'},{'D4'},{'D2'},{'D5'},{'D7'},{'D1'},{'D3'},{'R2'},{'R1'},{'R3'},&,1.0,&
{'D6'},{'D4'},{'D2'},{'D5'},{'D7'},{'D1'},{'D3'},{'R3'},{'R1'},{'R2'},&,1.0,&
{'D6'},{'D4'},{'D2'},{'D5'},{'D7'},{'D3'},{'R3'},{'D1'},{'R1'},{'R2'},&,3.0,&
{'D6'},{'D4'},{'D2'},{'D5'},{'D7'},{'D3'},{'D1'},{'R1'},{'R2'},{'R3'},&,2.0,&
{'D6'},{'D4'},{'D2'},{'D5'},{'D7'},{'D3'},{'D1'},{'R1'},{'R3'},{'R2'},&,1.0,&
{'D6'},{'D4'},{'D2'},{'D5'},{'D7'},{'D3'},{'D1'},{'R3'},{'R2'},{'R1'},&,3.0,&
{'D6'},{'D4'},{'D2'},{'D5'},{'D7'},{'D3'},{'D1'},{'R3'},{'R1'},{'R2'},&,2.0,&
{'D6'},{'D4'},{'D2'},{'D5'},{'D3'},{'D7'},{'R3'},{'R1'},{'D1'},{'R2'},&,2.0,&
{'D6'},{'D4'},{'D2'},{'D5'},{'D3'},{'D7'},{'R3'},{'D1'},{'R1'},{'R2'},&,1.0,&
{'D6'},{'D4'},{'D2'},{'D5'},{'D3'},{'D7'},{'D1'},{'R2'},{'R3'},{'R1'},&,3.0,&
{'D6'},{'D4'},{'D2'},{'D5'},{'D3'},{'D7'},{'D1'},{'R3'},{'R2'},{'R1'},&,2.0,&
{'D6'},{'D4'},{'D2'},{'D5'},{'D3'},{'D7'},{'D1'},{'R3'},{'R1'},{'R2'},&,3.0,&
{'D6'},{'D4'},{'D2'},{'D5'},{'D3'},{'D1'},{'R3'},{'R1'},{'D7'},{'R2'},&,1.0,&
{'D6'},{'D4'},{'D2'},{'D5'},{'D3'},{'D1'},{'R3'},{'D7'},{'R2'},{'R1'},&,1.0,&
{'D6'},{'D4'},{'D2'},{'D5'},{'D3'},{'D1'},{'D7'},{'R1'},{'R2'},{'R3'},&,1.0,&
{'D6'},{'D4'},{'D2'},{'D5'},{'D3'},{'D1'},{'D7'},{'R3'},{'R2'},{'R1'},&,2.0,&
{'D6'},{'D4'},{'D2'},{'D5'},{'D3'},{'D1'},{'D7'},{'R3'},{'R1'},{'R2'},&,2.0,&
{'D6'},{'D4'},{'D2'},{'D5'},{'D3'},{'D1'},{'R1'},{'D7'},{'R3'},{'R2'},&,1.0,&
{'D6'},{'D4'},{'D2'},{'D5'},{'R3'},{'D3'},{'D7'},{'D1'},{'R2'},{'R1'},&,1.0,&
{'D6'},{'R1'},{'R3'},{'D1'},{'R2'},{'D3'},{'D4'},{'D2'},{'D7'},{'D5'},&,1.0,&
{'D6'},{'R1'},{'R3'},{'R2'},{'D1'},{'D2'},{'D4'},{'D3'},{'D7'},{'D5'},&,1.0,&
{'D6'},{'R3'},{'D4'},{'D5'},{'D3'},{'D1'},{'D7'},{'D2'},{'R2'},{'R1'},&,1.0,&
{'D6'},{'R3'},{'D4'},{'R1'},{'R2'},{'D2'},{'D1'},{'D3'},{'D7'},{'D5'},&,1.0,&
{'D6'},{'R3'},{'D5'},{'D1'},{'D7'},{'D2'},{'D3'},{'D4'},{'R1'},{'R2'},&,1.0,&
{'D6'},{'R3'},{'D2'},{'R2'},{'D1'},{'R1'},{'D4'},{'D5'},{'D3'},{'D7'},&,1.0,&
{'D6'},{'R3'},{'R1'},{'R2'},{'D4'},{'D1'},{'D2'},{'D5'},{'D3'},{'D7'},&,1.0,&
{'D6'},{'R3'},{'R2'},{'D1'},{'D4'},{'R1'},{'D2'},{'D5'},{'D3'},{'D7'},&,1.0,&
{'D6'},{'R3'},{'R2'},{'R1'},{'D1'},{'D4'},{'D2'},{'D3'},{'D5'},{'D7'},&,1.0,&
{'D6'},{'R3'},{'R2'},{'R1'},{'D1'},{'D4'},{'D2'},{'D5'},{'D3'},{'D7'},&,4.0,&
{'D6'},{'R3'},{'R2'},{'R1'},{'D4'},{'D1'},{'D2'},{'D7'},{'D5'},{'D3'},&,1.0,&
{'D6'},{'R3'},{'R2'},{'R1'},{'D4'},{'D1'},{'D2'},{'D3'},{'D5'},{'D7'},&,1.0,&
{'D6'},{'R3'},{'R2'},{'D4'},{'R1'},{'D1'},{'D2'},{'D5'},{'D3'},{'D7'},&,1.0,&
{'D6'},{'R2'},{'R3'},{'D5'},{'R1'},{'D1'},{'D4'},{'D2'},{'D3'},{'D7'},&,1.0,&
{'D6'},{'R2'},{'R3'},{'R1'},{'D1'},{'D4'},{'D2'},{'D3'},{'D5'},{'D7'},&,2.0,&
{'D6'},{'R2'},{'R3'},{'R1'},{'D1'},{'D4'},{'D2'},{'D5'},{'D3'},{'D7'},&,2.0,&
{'D6'},{'R2'},{'R3'},{'R1'},{'D1'},{'D4'},{'D5'},{'D2'},{'D3'},{'D7'},&,1.0,&
{'D6'},{'R2'},{'R3'},{'R1'},{'D4'},{'D1'},{'D2'},{'D5'},{'D7'},{'D3'},&,2.0,&
{'D6'},{'R2'},{'R1'},{'R3'},{'D1'},{'D4'},{'D2'},{'D5'},{'D3'},{'D7'},&,1.0,&
{'D7'},{'D3'},{'D4'},{'D1'},{'D2'},{'D6'},{'D5'},{'R3'},{'R2'},{'R1'},&,1.0,&
{'D7'},{'D3'},{'D4'},{'D1'},{'D2'},{'D6'},{'D5'},{'R3'},{'R1'},{'R2'},&,1.0,&
{'D7'},{'D3'},{'D4'},{'D1'},{'D6'},{'D5'},{'D2'},{'R1'},{'R3'},{'R2'},&,2.0,&
{'D7'},{'D3'},{'D4'},{'D1'},{'D6'},{'D5'},{'D2'},{'R2'},{'R1'},{'R3'},&,1.0,&
{'D7'},{'D3'},{'D4'},{'D1'},{'D6'},{'D5'},{'D2'},{'R3'},{'R2'},{'R1'},&,1.0,&
{'D7'},{'D3'},{'D4'},{'D1'},{'D6'},{'D5'},{'D2'},{'R3'},{'R1'},{'R2'},&,1.0,&
{'D7'},{'D3'},{'D4'},{'D1'},{'D6'},{'D5'},{'R1'},{'R3'},{'D2'},{'R2'},&,1.0,&
{'D7'},{'D3'},{'D4'},{'D1'},{'D6'},{'R3'},{'D5'},{'R2'},{'D2'},{'R1'},&,1.0,&
{'D7'},{'D3'},{'D4'},{'D1'},{'D5'},{'D6'},{'D2'},{'R1'},{'R2'},{'R3'},&,1.0,&
{'D7'},{'D3'},{'D4'},{'D1'},{'D5'},{'D6'},{'D2'},{'R2'},{'R3'},{'R1'},&,1.0,&
{'D7'},{'D3'},{'D4'},{'D1'},{'D5'},{'D6'},{'D2'},{'R3'},{'R2'},{'R1'},&,1.0,&
{'D7'},{'D3'},{'D4'},{'D1'},{'D5'},{'D6'},{'D2'},{'R3'},{'R1'},{'R2'},&,1.0,&
{'D7'},{'D3'},{'D4'},{'D1'},{'D5'},{'D2'},{'D6'},{'R2'},{'R1'},{'R3'},&,1.0,&
{'D7'},{'D3'},{'D4'},{'D1'},{'D5'},{'D2'},{'D6'},{'R3'},{'R1'},{'R2'},&,1.0,&
{'D7'},{'D3'},{'D4'},{'D2'},{'D1'},{'D6'},{'D5'},{'R3'},{'R2'},{'R1'},&,1.0,&
{'D7'},{'D3'},{'D4'},{'D2'},{'D1'},{'D5'},{'D6'},{'R3'},{'R2'},{'R1'},&,1.0,&
{'D7'},{'D3'},{'D4'},{'D2'},{'D6'},{'D5'},{'R3'},{'D1'},{'R2'},{'R1'},&,1.0,&
{'D7'},{'D3'},{'D4'},{'D2'},{'D6'},{'D5'},{'D1'},{'R2'},{'R3'},{'R1'},&,1.0,&
{'D7'},{'D3'},{'D4'},{'D2'},{'D5'},{'D6'},{'D1'},{'R3'},{'R1'},{'R2'},&,1.0,&
{'D7'},{'D3'},{'D4'},{'D5'},{'D1'},{'D6'},{'D2'},{'R1'},{'R3'},{'R2'},&,2.0,&
{'D7'},{'D3'},{'D4'},{'D5'},{'D1'},{'D6'},{'D2'},{'R2'},{'R3'},{'R1'},&,2.0,&
{'D7'},{'D3'},{'D4'},{'D5'},{'D1'},{'D6'},{'D2'},{'R3'},{'R1'},{'R2'},&,1.0,&
{'D7'},{'D3'},{'D4'},{'D5'},{'D2'},{'D6'},{'R3'},{'D1'},{'R1'},{'R2'},&,2.0,&
{'D7'},{'D3'},{'D4'},{'D5'},{'D2'},{'D6'},{'D1'},{'R1'},{'R3'},{'R2'},&,1.0,&
{'D7'},{'D3'},{'D4'},{'D5'},{'D2'},{'D6'},{'D1'},{'R2'},{'R3'},{'R1'},&,1.0,&
{'D7'},{'D3'},{'D4'},{'D5'},{'D2'},{'D6'},{'D1'},{'R3'},{'R2'},{'R1'},&,1.0,&
{'D7'},{'D3'},{'D4'},{'D5'},{'D2'},{'R3'},{'D1'},{'R2'},{'D6'},{'R1'},&,1.0,&
{'D7'},{'D3'},{'D4'},{'D5'},{'D6'},{'D1'},{'R3'},{'D2'},{'R1'},{'R2'},&,1.0,&
{'D7'},{'D3'},{'D4'},{'D5'},{'D6'},{'D1'},{'R3'},{'R2'},{'R1'},{'D2'},&,1.0,&
{'D7'},{'D3'},{'D4'},{'D5'},{'D6'},{'D1'},{'R3'},{'R2'},{'D2'},{'R1'},&,1.0,&
{'D7'},{'D3'},{'D4'},{'D5'},{'D6'},{'D1'},{'D2'},{'R1'},{'R3'},{'R2'},&,3.0,&
{'D7'},{'D3'},{'D4'},{'D5'},{'D6'},{'D1'},{'D2'},{'R2'},{'R3'},{'R1'},&,1.0,&
{'D7'},{'D3'},{'D4'},{'D5'},{'D6'},{'D1'},{'D2'},{'R3'},{'R2'},{'R1'},&,2.0,&
{'D7'},{'D3'},{'D4'},{'D5'},{'D6'},{'D1'},{'D2'},{'R3'},{'R1'},{'R2'},&,4.0,&
{'D7'},{'D3'},{'D4'},{'D5'},{'D6'},{'D1'},{'R2'},{'D2'},{'R3'},{'R1'},&,1.0,&
{'D7'},{'D3'},{'D4'},{'D5'},{'D6'},{'D1'},{'R1'},{'D2'},{'R3'},{'R2'},&,1.0,&
{'D7'},{'D3'},{'D4'},{'D5'},{'D6'},{'D2'},{'R3'},{'R2'},{'D1'},{'R1'},&,1.0,&
{'D7'},{'D3'},{'D4'},{'D5'},{'D6'},{'D2'},{'R3'},{'D1'},{'R1'},{'R2'},&,2.0,&
{'D7'},{'D3'},{'D4'},{'D5'},{'D6'},{'D2'},{'D1'},{'R1'},{'R3'},{'R2'},&,1.0,&
{'D7'},{'D3'},{'D4'},{'D5'},{'D6'},{'D2'},{'D1'},{'R2'},{'R3'},{'R1'},&,4.0,&
{'D7'},{'D3'},{'D4'},{'D5'},{'D6'},{'D2'},{'D1'},{'R2'},{'R1'},{'R3'},&,2.0,&
{'D7'},{'D3'},{'D4'},{'D5'},{'D6'},{'D2'},{'D1'},{'R3'},{'R2'},{'R1'},&,1.0,&
{'D7'},{'D3'},{'D4'},{'D5'},{'D6'},{'D2'},{'D1'},{'R3'},{'R1'},{'R2'},&,3.0,&
{'D7'},{'D3'},{'D4'},{'D5'},{'D6'},{'D2'},{'R1'},{'D1'},{'R3'},{'R2'},&,1.0,&
{'D7'},{'D3'},{'D4'},{'D5'},{'D6'},{'R1'},{'D1'},{'D2'},{'R2'},{'R3'},&,1.0,&
{'D7'},{'D3'},{'D4'},{'D6'},{'D1'},{'D5'},{'R3'},{'D2'},{'R1'},{'R2'},&,1.0,&
{'D7'},{'D3'},{'D4'},{'D6'},{'D1'},{'D5'},{'D2'},{'R2'},{'R3'},{'R1'},&,1.0,&
{'D7'},{'D3'},{'D4'},{'D6'},{'D1'},{'D5'},{'D2'},{'R3'},{'R2'},{'R1'},&,1.0,&
{'D7'},{'D3'},{'D4'},{'D6'},{'D1'},{'D5'},{'D2'},{'R3'},{'R1'},{'R2'},&,2.0,&
{'D7'},{'D3'},{'D4'},{'D6'},{'D1'},{'D5'},{'R2'},{'D2'},{'R3'},{'R1'},&,1.0,&
{'D7'},{'D3'},{'D4'},{'D6'},{'D2'},{'D5'},{'D1'},{'R1'},{'R3'},{'R2'},&,1.0,&
{'D7'},{'D3'},{'D4'},{'D6'},{'D2'},{'D5'},{'D1'},{'R2'},{'R3'},{'R1'},&,1.0,&
{'D7'},{'D3'},{'D4'},{'D6'},{'D5'},{'D1'},{'D2'},{'R2'},{'R3'},{'R1'},&,2.0,&
{'D7'},{'D3'},{'D4'},{'D6'},{'D5'},{'D1'},{'D2'},{'R3'},{'R2'},{'R1'},&,6.0,&
{'D7'},{'D3'},{'D4'},{'D6'},{'D5'},{'D1'},{'D2'},{'R3'},{'R1'},{'R2'},&,4.0,&
{'D7'},{'D3'},{'D4'},{'D6'},{'D5'},{'D1'},{'R2'},{'D2'},{'R3'},{'R1'},&,1.0,&
{'D7'},{'D3'},{'D4'},{'D6'},{'D5'},{'D1'},{'R1'},{'D2'},{'R3'},{'R2'},&,1.0,&
{'D7'},{'D3'},{'D4'},{'D6'},{'D5'},{'D2'},{'R3'},{'R2'},{'D1'},{'R1'},&,1.0,&
{'D7'},{'D3'},{'D4'},{'D6'},{'D5'},{'D2'},{'R3'},{'D1'},{'R1'},{'R2'},&,3.0,&
{'D7'},{'D3'},{'D4'},{'D6'},{'D5'},{'D2'},{'D1'},{'R1'},{'R3'},{'R2'},&,3.0,&
{'D7'},{'D3'},{'D4'},{'D6'},{'D5'},{'D2'},{'D1'},{'R2'},{'R3'},{'R1'},&,2.0,&
{'D7'},{'D3'},{'D4'},{'D6'},{'D5'},{'D2'},{'D1'},{'R2'},{'R1'},{'R3'},&,1.0,&
{'D7'},{'D3'},{'D4'},{'D6'},{'D5'},{'D2'},{'D1'},{'R3'},{'R2'},{'R1'},&,6.0,&
{'D7'},{'D3'},{'D4'},{'D6'},{'D5'},{'D2'},{'D1'},{'R3'},{'R1'},{'R2'},&,1.0,&
{'D7'},{'D3'},{'D4'},{'D6'},{'D5'},{'D2'},{'R2'},{'R1'},{'D1'},{'R3'},&,1.0,&
{'D7'},{'D3'},{'D4'},{'D6'},{'D5'},{'R1'},{'D1'},{'D2'},{'R3'},{'R2'},&,1.0,&
{'D7'},{'D3'},{'D4'},{'D6'},{'D5'},{'R3'},{'D2'},{'R1'},{'R2'},{'D1'},&,1.0,&
{'D7'},{'D3'},{'D5'},{'D1'},{'D2'},{'D6'},{'R3'},{'D4'},{'R2'},{'R1'},&,1.0,&
{'D7'},{'D3'},{'D5'},{'D1'},{'D2'},{'D6'},{'R3'},{'D4'},{'R1'},{'R2'},&,1.0,&
{'D7'},{'D3'},{'D5'},{'D1'},{'D2'},{'D6'},{'D4'},{'R1'},{'R2'},{'R3'},&,1.0,&
{'D7'},{'D3'},{'D5'},{'D1'},{'D2'},{'D6'},{'D4'},{'R2'},{'R3'},{'R1'},&,2.0,&
{'D7'},{'D3'},{'D5'},{'D1'},{'D2'},{'D6'},{'D4'},{'R3'},{'R2'},{'R1'},&,2.0,&
{'D7'},{'D3'},{'D5'},{'D1'},{'D2'},{'D6'},{'D4'},{'R3'},{'R1'},{'R2'},&,1.0,&
{'D7'},{'D3'},{'D5'},{'D1'},{'D2'},{'D6'},{'R1'},{'R2'},{'D4'},{'R3'},&,1.0,&
{'D7'},{'D3'},{'D5'},{'D1'},{'D2'},{'D4'},{'D6'},{'R3'},{'R1'},{'R2'},&,3.0,&
{'D7'},{'D3'},{'D5'},{'D1'},{'D6'},{'D4'},{'R3'},{'D2'},{'R1'},{'R2'},&,1.0,&
{'D7'},{'D3'},{'D5'},{'D1'},{'D6'},{'D4'},{'D2'},{'R1'},{'R2'},{'R3'},&,2.0,&
{'D7'},{'D3'},{'D5'},{'D1'},{'D6'},{'D4'},{'D2'},{'R1'},{'R3'},{'R2'},&,2.0,&
{'D7'},{'D3'},{'D5'},{'D1'},{'D6'},{'D4'},{'D2'},{'R2'},{'R3'},{'R1'},&,3.0,&
{'D7'},{'D3'},{'D5'},{'D1'},{'D6'},{'D4'},{'D2'},{'R2'},{'R1'},{'R3'},&,2.0,&
{'D7'},{'D3'},{'D5'},{'D1'},{'D6'},{'D4'},{'D2'},{'R3'},{'R2'},{'R1'},&,4.0,&
{'D7'},{'D3'},{'D5'},{'D1'},{'D6'},{'D4'},{'D2'},{'R3'},{'R1'},{'R2'},&,4.0,&
{'D7'},{'D3'},{'D5'},{'D1'},{'D6'},{'D4'},{'R2'},{'D2'},{'R3'},{'R1'},&,1.0,&
{'D7'},{'D3'},{'D5'},{'D1'},{'D6'},{'D4'},{'R1'},{'D2'},{'R3'},{'R2'},&,2.0,&
{'D7'},{'D3'},{'D5'},{'D1'},{'D6'},{'D2'},{'R3'},{'R1'},{'D4'},{'R2'},&,1.0,&
{'D7'},{'D3'},{'D5'},{'D1'},{'D6'},{'D2'},{'R3'},{'D4'},{'R2'},{'R1'},&,1.0,&
{'D7'},{'D3'},{'D5'},{'D1'},{'D6'},{'D2'},{'D4'},{'R1'},{'R3'},{'R2'},&,1.0,&
{'D7'},{'D3'},{'D5'},{'D1'},{'D6'},{'D2'},{'D4'},{'R3'},{'R2'},{'R1'},&,2.0,&
{'D7'},{'D3'},{'D5'},{'D1'},{'D6'},{'D2'},{'D4'},{'R3'},{'R1'},{'R2'},&,7.0,&
{'D7'},{'D3'},{'D5'},{'D1'},{'D6'},{'D2'},{'R1'},{'R2'},{'D4'},{'R3'},&,1.0,&
{'D7'},{'D3'},{'D5'},{'D1'},{'D6'},{'R3'},{'D4'},{'D2'},{'R1'},{'R2'},&,1.0,&
{'D7'},{'D3'},{'D5'},{'D1'},{'D4'},{'D6'},{'D2'},{'R1'},{'R3'},{'R2'},&,2.0,&
{'D7'},{'D3'},{'D5'},{'D1'},{'D4'},{'D6'},{'D2'},{'R2'},{'R3'},{'R1'},&,2.0,&
{'D7'},{'D3'},{'D5'},{'D1'},{'D4'},{'D6'},{'D2'},{'R3'},{'R1'},{'R2'},&,1.0,&
{'D7'},{'D3'},{'D5'},{'D1'},{'D4'},{'D6'},{'R2'},{'D2'},{'R3'},{'R1'},&,1.0,&
{'D7'},{'D3'},{'D5'},{'D1'},{'D4'},{'D6'},{'R1'},{'D2'},{'R2'},{'R3'},&,1.0,&
{'D7'},{'D3'},{'D5'},{'D1'},{'D4'},{'D2'},{'R3'},{'D6'},{'R2'},{'R1'},&,1.0,&
{'D7'},{'D3'},{'D5'},{'D1'},{'D4'},{'D2'},{'D6'},{'R1'},{'R2'},{'R3'},&,1.0,&
{'D7'},{'D3'},{'D5'},{'D1'},{'D4'},{'D2'},{'D6'},{'R2'},{'R3'},{'R1'},&,1.0,&
{'D7'},{'D3'},{'D5'},{'D1'},{'D4'},{'D2'},{'D6'},{'R3'},{'R2'},{'R1'},&,1.0,&
{'D7'},{'D3'},{'D5'},{'D1'},{'D4'},{'D2'},{'D6'},{'R3'},{'R1'},{'R2'},&,5.0,&
{'D7'},{'D3'},{'D5'},{'D1'},{'R1'},{'D4'},{'D2'},{'R3'},{'D6'},{'R2'},&,1.0,&
{'D7'},{'D3'},{'D5'},{'D2'},{'D1'},{'D6'},{'R3'},{'R1'},{'D4'},{'R2'},&,1.0,&
{'D7'},{'D3'},{'D5'},{'D2'},{'D1'},{'D6'},{'R3'},{'D4'},{'R2'},{'R1'},&,1.0,&
{'D7'},{'D3'},{'D5'},{'D2'},{'D1'},{'D6'},{'D4'},{'R1'},{'R2'},{'R3'},&,1.0,&
{'D7'},{'D3'},{'D5'},{'D2'},{'D1'},{'D6'},{'D4'},{'R1'},{'R3'},{'R2'},&,1.0,&
{'D7'},{'D3'},{'D5'},{'D2'},{'D1'},{'D6'},{'D4'},{'R2'},{'R3'},{'R1'},&,1.0,&
{'D7'},{'D3'},{'D5'},{'D2'},{'D1'},{'D6'},{'D4'},{'R3'},{'R1'},{'R2'},&,3.0,&
{'D7'},{'D3'},{'D5'},{'D2'},{'D1'},{'D4'},{'R3'},{'D6'},{'R1'},{'R2'},&,1.0,&
{'D7'},{'D3'},{'D5'},{'D2'},{'D1'},{'D4'},{'D6'},{'R3'},{'R1'},{'R2'},&,3.0,&
{'D7'},{'D3'},{'D5'},{'D2'},{'D1'},{'D4'},{'R1'},{'D6'},{'R3'},{'R2'},&,1.0,&
{'D7'},{'D3'},{'D5'},{'D2'},{'D6'},{'D4'},{'D1'},{'R1'},{'R2'},{'R3'},&,3.0,&
{'D7'},{'D3'},{'D5'},{'D2'},{'D6'},{'D4'},{'D1'},{'R1'},{'R3'},{'R2'},&,2.0,&
{'D7'},{'D3'},{'D5'},{'D2'},{'D6'},{'D4'},{'D1'},{'R2'},{'R3'},{'R1'},&,1.0,&
{'D7'},{'D3'},{'D5'},{'D2'},{'D6'},{'D4'},{'D1'},{'R3'},{'R2'},{'R1'},&,3.0,&
{'D7'},{'D3'},{'D5'},{'D2'},{'D6'},{'D4'},{'D1'},{'R3'},{'R1'},{'R2'},&,6.0,&
{'D7'},{'D3'},{'D5'},{'D2'},{'D6'},{'D4'},{'R2'},{'D1'},{'R3'},{'R1'},&,1.0,&
{'D7'},{'D3'},{'D5'},{'D2'},{'D6'},{'D4'},{'R1'},{'D1'},{'R3'},{'R2'},&,1.0,&
{'D7'},{'D3'},{'D5'},{'D2'},{'D6'},{'D1'},{'D4'},{'R1'},{'R3'},{'R2'},&,1.0,&
{'D7'},{'D3'},{'D5'},{'D2'},{'D6'},{'D1'},{'D4'},{'R3'},{'R2'},{'R1'},&,1.0,&
{'D7'},{'D3'},{'D5'},{'D2'},{'D6'},{'D1'},{'D4'},{'R3'},{'R1'},{'R2'},&,3.0,&
{'D7'},{'D3'},{'D5'},{'D2'},{'D6'},{'D1'},{'R1'},{'D4'},{'R3'},{'R2'},&,1.0,&
{'D7'},{'D3'},{'D5'},{'D2'},{'D6'},{'R1'},{'D1'},{'R3'},{'D4'},{'R2'},&,1.0,&
{'D7'},{'D3'},{'D5'},{'D2'},{'D6'},{'R1'},{'D1'},{'D4'},{'R3'},{'R2'},&,1.0,&
{'D7'},{'D3'},{'D5'},{'D2'},{'D6'},{'R1'},{'D4'},{'D1'},{'R3'},{'R2'},&,1.0,&
{'D7'},{'D3'},{'D5'},{'D2'},{'D6'},{'R3'},{'D1'},{'D4'},{'R1'},{'R2'},&,1.0,&
{'D7'},{'D3'},{'D5'},{'D2'},{'D4'},{'D6'},{'R3'},{'D1'},{'R2'},{'R1'},&,2.0,&
{'D7'},{'D3'},{'D5'},{'D2'},{'D4'},{'D6'},{'D1'},{'R1'},{'R2'},{'R3'},&,1.0,&
{'D7'},{'D3'},{'D5'},{'D2'},{'D4'},{'D6'},{'D1'},{'R1'},{'R3'},{'R2'},&,1.0,&
{'D7'},{'D3'},{'D5'},{'D2'},{'D4'},{'D6'},{'D1'},{'R2'},{'R3'},{'R1'},&,1.0,&
{'D7'},{'D3'},{'D5'},{'D2'},{'D4'},{'D6'},{'D1'},{'R2'},{'R1'},{'R3'},&,1.0,&
{'D7'},{'D3'},{'D5'},{'D2'},{'D4'},{'D6'},{'D1'},{'R3'},{'R2'},{'R1'},&,2.0,&
{'D7'},{'D3'},{'D5'},{'D2'},{'D4'},{'D6'},{'D1'},{'R3'},{'R1'},{'R2'},&,2.0,&
{'D7'},{'D3'},{'D5'},{'D2'},{'D4'},{'D6'},{'R2'},{'D1'},{'R1'},{'R3'},&,1.0,&
{'D7'},{'D3'},{'D5'},{'D2'},{'D4'},{'D6'},{'R1'},{'D1'},{'R3'},{'R2'},&,1.0,&
{'D7'},{'D3'},{'D5'},{'D2'},{'D4'},{'D1'},{'R3'},{'R1'},{'D6'},{'R2'},&,1.0,&
{'D7'},{'D3'},{'D5'},{'D2'},{'D4'},{'D1'},{'R3'},{'D6'},{'R1'},{'R2'},&,1.0,&
{'D7'},{'D3'},{'D5'},{'D6'},{'D1'},{'D4'},{'R3'},{'D2'},{'R2'},{'R1'},&,3.0,&
{'D7'},{'D3'},{'D5'},{'D6'},{'D1'},{'D4'},{'R3'},{'D2'},{'R1'},{'R2'},&,1.0,&
{'D7'},{'D3'},{'D5'},{'D6'},{'D1'},{'D4'},{'R3'},{'R1'},{'R2'},{'D2'},&,2.0,&
{'D7'},{'D3'},{'D5'},{'D6'},{'D1'},{'D4'},{'R3'},{'R1'},{'D2'},{'R2'},&,1.0,&
{'D7'},{'D3'},{'D5'},{'D6'},{'D1'},{'D4'},{'D2'},{'R1'},{'R2'},{'R3'},&,1.0,&
{'D7'},{'D3'},{'D5'},{'D6'},{'D1'},{'D4'},{'D2'},{'R1'},{'R3'},{'R2'},&,5.0,&
{'D7'},{'D3'},{'D5'},{'D6'},{'D1'},{'D4'},{'D2'},{'R2'},{'R3'},{'R1'},&,3.0,&
{'D7'},{'D3'},{'D5'},{'D6'},{'D1'},{'D4'},{'D2'},{'R2'},{'R1'},{'R3'},&,2.0,&
{'D7'},{'D3'},{'D5'},{'D6'},{'D1'},{'D4'},{'D2'},{'R3'},{'R2'},{'R1'},&,3.0,&
{'D7'},{'D3'},{'D5'},{'D6'},{'D1'},{'D4'},{'D2'},{'R3'},{'R1'},{'R2'},&,8.0,&
{'D7'},{'D3'},{'D5'},{'D6'},{'D1'},{'D4'},{'R2'},{'D2'},{'R3'},{'R1'},&,1.0,&
{'D7'},{'D3'},{'D5'},{'D6'},{'D1'},{'D4'},{'R1'},{'D2'},{'R2'},{'R3'},&,1.0,&
{'D7'},{'D3'},{'D5'},{'D6'},{'D1'},{'D4'},{'R1'},{'D2'},{'R3'},{'R2'},&,1.0,&
{'D7'},{'D3'},{'D5'},{'D6'},{'D1'},{'D2'},{'R3'},{'D4'},{'R2'},{'R1'},&,2.0,&
{'D7'},{'D3'},{'D5'},{'D6'},{'D1'},{'D2'},{'R3'},{'D4'},{'R1'},{'R2'},&,2.0,&
{'D7'},{'D3'},{'D5'},{'D6'},{'D1'},{'D2'},{'D4'},{'R1'},{'R3'},{'R2'},&,1.0,&
{'D7'},{'D3'},{'D5'},{'D6'},{'D1'},{'D2'},{'D4'},{'R2'},{'R3'},{'R1'},&,3.0,&
{'D7'},{'D3'},{'D5'},{'D6'},{'D1'},{'D2'},{'D4'},{'R3'},{'R2'},{'R1'},&,6.0,&
{'D7'},{'D3'},{'D5'},{'D6'},{'D1'},{'D2'},{'D4'},{'R3'},{'R1'},{'R2'},&,5.0,&
{'D7'},{'D3'},{'D5'},{'D6'},{'D1'},{'D2'},{'R1'},{'D4'},{'R2'},{'R3'},&,1.0,&
{'D7'},{'D3'},{'D5'},{'D6'},{'D1'},{'R2'},{'D4'},{'D2'},{'R3'},{'R1'},&,1.0,&
{'D7'},{'D3'},{'D5'},{'D6'},{'D1'},{'R1'},{'D2'},{'D4'},{'R3'},{'R2'},&,1.0,&
{'D7'},{'D3'},{'D5'},{'D6'},{'D2'},{'D4'},{'R3'},{'R2'},{'D1'},{'R1'},&,1.0,&
{'D7'},{'D3'},{'D5'},{'D6'},{'D2'},{'D4'},{'R3'},{'D1'},{'R2'},{'R1'},&,2.0,&
{'D7'},{'D3'},{'D5'},{'D6'},{'D2'},{'D4'},{'R3'},{'D1'},{'R1'},{'R2'},&,2.0,&
{'D7'},{'D3'},{'D5'},{'D6'},{'D2'},{'D4'},{'D1'},{'R1'},{'R2'},{'R3'},&,1.0,&
{'D7'},{'D3'},{'D5'},{'D6'},{'D2'},{'D4'},{'D1'},{'R1'},{'R3'},{'R2'},&,3.0,&
{'D7'},{'D3'},{'D5'},{'D6'},{'D2'},{'D4'},{'D1'},{'R2'},{'R3'},{'R1'},&,2.0,&
{'D7'},{'D3'},{'D5'},{'D6'},{'D2'},{'D4'},{'D1'},{'R3'},{'R2'},{'R1'},&,10.0,&
{'D7'},{'D3'},{'D5'},{'D6'},{'D2'},{'D4'},{'D1'},{'R3'},{'R1'},{'R2'},&,9.0,&
{'D7'},{'D3'},{'D5'},{'D6'},{'D2'},{'D4'},{'R2'},{'R1'},{'D1'},{'R3'},&,1.0,&
{'D7'},{'D3'},{'D5'},{'D6'},{'D2'},{'D4'},{'R1'},{'R3'},{'D1'},{'R2'},&,1.0,&
{'D7'},{'D3'},{'D5'},{'D6'},{'D2'},{'D4'},{'R1'},{'D1'},{'R2'},{'R3'},&,1.0,&
{'D7'},{'D3'},{'D5'},{'D6'},{'D2'},{'D4'},{'R1'},{'D1'},{'R3'},{'R2'},&,1.0,&
{'D7'},{'D3'},{'D5'},{'D6'},{'D2'},{'D1'},{'R3'},{'D4'},{'R1'},{'R2'},&,1.0,&
{'D7'},{'D3'},{'D5'},{'D6'},{'D2'},{'D1'},{'D4'},{'R1'},{'R3'},{'R2'},&,1.0,&
{'D7'},{'D3'},{'D5'},{'D6'},{'D2'},{'D1'},{'D4'},{'R2'},{'R3'},{'R1'},&,2.0,&
{'D7'},{'D3'},{'D5'},{'D6'},{'D2'},{'D1'},{'D4'},{'R3'},{'R2'},{'R1'},&,4.0,&
{'D7'},{'D3'},{'D5'},{'D6'},{'D2'},{'D1'},{'D4'},{'R3'},{'R1'},{'R2'},&,1.0,&
{'D7'},{'D3'},{'D5'},{'D6'},{'D2'},{'D1'},{'R1'},{'D4'},{'R3'},{'R2'},&,1.0,&
{'D7'},{'D3'},{'D5'},{'D6'},{'D2'},{'R1'},{'D1'},{'D4'},{'R3'},{'R2'},&,1.0,&
{'D7'},{'D3'},{'D5'},{'D6'},{'D2'},{'R3'},{'D1'},{'R2'},{'R1'},{'D4'},&,1.0,&
{'D7'},{'D3'},{'D5'},{'D6'},{'D2'},{'R3'},{'D1'},{'D4'},{'R2'},{'R1'},&,1.0,&
{'D7'},{'D3'},{'D5'},{'D6'},{'D4'},{'D1'},{'R3'},{'D2'},{'R2'},{'R1'},&,1.0,&
{'D7'},{'D3'},{'D5'},{'D6'},{'D4'},{'D1'},{'R3'},{'D2'},{'R1'},{'R2'},&,2.0,&
{'D7'},{'D3'},{'D5'},{'D6'},{'D4'},{'D1'},{'R3'},{'R1'},{'D2'},{'R2'},&,1.0,&
{'D7'},{'D3'},{'D5'},{'D6'},{'D4'},{'D1'},{'R3'},{'R2'},{'R1'},{'D2'},&,1.0,&
{'D7'},{'D3'},{'D5'},{'D6'},{'D4'},{'D1'},{'R3'},{'R2'},{'D2'},{'R1'},&,2.0,&
{'D7'},{'D3'},{'D5'},{'D6'},{'D4'},{'D1'},{'D2'},{'R1'},{'R2'},{'R3'},&,4.0,&
{'D7'},{'D3'},{'D5'},{'D6'},{'D4'},{'D1'},{'D2'},{'R1'},{'R3'},{'R2'},&,8.0,&
{'D7'},{'D3'},{'D5'},{'D6'},{'D4'},{'D1'},{'D2'},{'R2'},{'R3'},{'R1'},&,1.0,&
{'D7'},{'D3'},{'D5'},{'D6'},{'D4'},{'D1'},{'D2'},{'R2'},{'R1'},{'R3'},&,4.0,&
{'D7'},{'D3'},{'D5'},{'D6'},{'D4'},{'D1'},{'D2'},{'R3'},{'R2'},{'R1'},&,8.0,&
{'D7'},{'D3'},{'D5'},{'D6'},{'D4'},{'D1'},{'D2'},{'R3'},{'R1'},{'R2'},&,15.0,&
{'D7'},{'D3'},{'D5'},{'D6'},{'D4'},{'D1'},{'R2'},{'D2'},{'R3'},{'R1'},&,2.0,&
{'D7'},{'D3'},{'D5'},{'D6'},{'D4'},{'D1'},{'R2'},{'R3'},{'R1'},{'D2'},&,1.0,&
{'D7'},{'D3'},{'D5'},{'D6'},{'D4'},{'D2'},{'R3'},{'D1'},{'R2'},{'R1'},&,1.0,&
{'D7'},{'D3'},{'D5'},{'D6'},{'D4'},{'D2'},{'R3'},{'D1'},{'R1'},{'R2'},&,4.0,&
{'D7'},{'D3'},{'D5'},{'D6'},{'D4'},{'D2'},{'D1'},{'R1'},{'R2'},{'R3'},&,1.0,&
{'D7'},{'D3'},{'D5'},{'D6'},{'D4'},{'D2'},{'D1'},{'R1'},{'R3'},{'R2'},&,10.0,&
{'D7'},{'D3'},{'D5'},{'D6'},{'D4'},{'D2'},{'D1'},{'R2'},{'R3'},{'R1'},&,5.0,&
{'D7'},{'D3'},{'D5'},{'D6'},{'D4'},{'D2'},{'D1'},{'R2'},{'R1'},{'R3'},&,3.0,&
{'D7'},{'D3'},{'D5'},{'D6'},{'D4'},{'D2'},{'D1'},{'R3'},{'R2'},{'R1'},&,5.0,&
{'D7'},{'D3'},{'D5'},{'D6'},{'D4'},{'D2'},{'D1'},{'R3'},{'R1'},{'R2'},&,11.0,&
{'D7'},{'D3'},{'D5'},{'D6'},{'D4'},{'D2'},{'R1'},{'D1'},{'R3'},{'R2'},&,1.0,&
{'D7'},{'D3'},{'D5'},{'D6'},{'D4'},{'R2'},{'D2'},{'D1'},{'R3'},{'R1'},&,1.0,&
{'D7'},{'D3'},{'D5'},{'D6'},{'D4'},{'R1'},{'D1'},{'D2'},{'R3'},{'R2'},&,1.0,&
{'D7'},{'D3'},{'D5'},{'D6'},{'R2'},{'D4'},{'R3'},{'D1'},{'R1'},{'D2'},&,1.0,&
{'D7'},{'D3'},{'D5'},{'D6'},{'R1'},{'D2'},{'D1'},{'R2'},{'D4'},{'R3'},&,1.0,&
{'D7'},{'D3'},{'D5'},{'D4'},{'D1'},{'D6'},{'D2'},{'R1'},{'R2'},{'R3'},&,1.0,&
{'D7'},{'D3'},{'D5'},{'D4'},{'D1'},{'D6'},{'D2'},{'R1'},{'R3'},{'R2'},&,5.0,&
{'D7'},{'D3'},{'D5'},{'D4'},{'D1'},{'D6'},{'D2'},{'R2'},{'R3'},{'R1'},&,1.0,&
{'D7'},{'D3'},{'D5'},{'D4'},{'D1'},{'D6'},{'D2'},{'R2'},{'R1'},{'R3'},&,1.0,&
{'D7'},{'D3'},{'D5'},{'D4'},{'D1'},{'D6'},{'D2'},{'R3'},{'R2'},{'R1'},&,1.0,&
{'D7'},{'D3'},{'D5'},{'D4'},{'D1'},{'D6'},{'D2'},{'R3'},{'R1'},{'R2'},&,3.0,&
{'D7'},{'D3'},{'D5'},{'D4'},{'D1'},{'D2'},{'D6'},{'R3'},{'R1'},{'R2'},&,3.0,&
{'D7'},{'D3'},{'D5'},{'D4'},{'D1'},{'R3'},{'D2'},{'D6'},{'R1'},{'R2'},&,1.0,&
{'D7'},{'D3'},{'D5'},{'D4'},{'D2'},{'D6'},{'R3'},{'D1'},{'R2'},{'R1'},&,2.0,&
{'D7'},{'D3'},{'D5'},{'D4'},{'D2'},{'D6'},{'R3'},{'D1'},{'R1'},{'R2'},&,1.0,&
{'D7'},{'D3'},{'D5'},{'D4'},{'D2'},{'D6'},{'D1'},{'R1'},{'R3'},{'R2'},&,3.0,&
{'D7'},{'D3'},{'D5'},{'D4'},{'D2'},{'D6'},{'D1'},{'R2'},{'R1'},{'R3'},&,1.0,&
{'D7'},{'D3'},{'D5'},{'D4'},{'D2'},{'D6'},{'D1'},{'R3'},{'R2'},{'R1'},&,3.0,&
{'D7'},{'D3'},{'D5'},{'D4'},{'D2'},{'D6'},{'D1'},{'R3'},{'R1'},{'R2'},&,2.0,&
{'D7'},{'D3'},{'D5'},{'D4'},{'D2'},{'D1'},{'D6'},{'R1'},{'R2'},{'R3'},&,1.0,&
{'D7'},{'D3'},{'D5'},{'D4'},{'D2'},{'D1'},{'D6'},{'R1'},{'R3'},{'R2'},&,1.0,&
{'D7'},{'D3'},{'D5'},{'D4'},{'D2'},{'D1'},{'R1'},{'R3'},{'D6'},{'R2'},&,1.0,&
{'D7'},{'D3'},{'D5'},{'D4'},{'D6'},{'D1'},{'R3'},{'D2'},{'R1'},{'R2'},&,2.0,&
{'D7'},{'D3'},{'D5'},{'D4'},{'D6'},{'D1'},{'R3'},{'R1'},{'D2'},{'R2'},&,2.0,&
{'D7'},{'D3'},{'D5'},{'D4'},{'D6'},{'D1'},{'D2'},{'R1'},{'R2'},{'R3'},&,3.0,&
{'D7'},{'D3'},{'D5'},{'D4'},{'D6'},{'D1'},{'D2'},{'R1'},{'R3'},{'R2'},&,3.0,&
{'D7'},{'D3'},{'D5'},{'D4'},{'D6'},{'D1'},{'D2'},{'R2'},{'R3'},{'R1'},&,4.0,&
{'D7'},{'D3'},{'D5'},{'D4'},{'D6'},{'D1'},{'D2'},{'R2'},{'R1'},{'R3'},&,1.0,&
{'D7'},{'D3'},{'D5'},{'D4'},{'D6'},{'D1'},{'D2'},{'R3'},{'R2'},{'R1'},&,7.0,&
{'D7'},{'D3'},{'D5'},{'D4'},{'D6'},{'D1'},{'D2'},{'R3'},{'R1'},{'R2'},&,6.0,&
{'D7'},{'D3'},{'D5'},{'D4'},{'D6'},{'D1'},{'R1'},{'D2'},{'R2'},{'R3'},&,1.0,&
{'D7'},{'D3'},{'D5'},{'D4'},{'D6'},{'D1'},{'R1'},{'D2'},{'R3'},{'R2'},&,1.0,&
{'D7'},{'D3'},{'D5'},{'D4'},{'D6'},{'D2'},{'R3'},{'D1'},{'R2'},{'R1'},&,1.0,&
{'D7'},{'D3'},{'D5'},{'D4'},{'D6'},{'D2'},{'D1'},{'R1'},{'R2'},{'R3'},&,2.0,&
{'D7'},{'D3'},{'D5'},{'D4'},{'D6'},{'D2'},{'D1'},{'R1'},{'R3'},{'R2'},&,5.0,&
{'D7'},{'D3'},{'D5'},{'D4'},{'D6'},{'D2'},{'D1'},{'R2'},{'R3'},{'R1'},&,4.0,&
{'D7'},{'D3'},{'D5'},{'D4'},{'D6'},{'D2'},{'D1'},{'R2'},{'R1'},{'R3'},&,1.0,&
{'D7'},{'D3'},{'D5'},{'D4'},{'D6'},{'D2'},{'D1'},{'R3'},{'R2'},{'R1'},&,1.0,&
{'D7'},{'D3'},{'D5'},{'D4'},{'D6'},{'D2'},{'D1'},{'R3'},{'R1'},{'R2'},&,8.0,&
{'D7'},{'D3'},{'D5'},{'D4'},{'D6'},{'D2'},{'R2'},{'R3'},{'D1'},{'R1'},&,1.0,&
{'D7'},{'D3'},{'D5'},{'D4'},{'D6'},{'D2'},{'R2'},{'D1'},{'R3'},{'R1'},&,1.0,&
{'D7'},{'D3'},{'D5'},{'D4'},{'D6'},{'D2'},{'R2'},{'D1'},{'R1'},{'R3'},&,2.0,&
{'D7'},{'D3'},{'D5'},{'D4'},{'D6'},{'D2'},{'R1'},{'D1'},{'R3'},{'R2'},&,2.0,&
{'D7'},{'D3'},{'D5'},{'D4'},{'D6'},{'R2'},{'D1'},{'D2'},{'R3'},{'R1'},&,1.0,&
{'D7'},{'D3'},{'D5'},{'D4'},{'D6'},{'R1'},{'D2'},{'D1'},{'R3'},{'R2'},&,2.0,&
{'D7'},{'D3'},{'D5'},{'D4'},{'D6'},{'R1'},{'D1'},{'D2'},{'R3'},{'R2'},&,1.0,&
{'D7'},{'D3'},{'D5'},{'D4'},{'D6'},{'R3'},{'D2'},{'D1'},{'R1'},{'R2'},&,1.0,&
{'D7'},{'D3'},{'D5'},{'D4'},{'R3'},{'D6'},{'D1'},{'D2'},{'R2'},{'R1'},&,1.0,&
{'D7'},{'D3'},{'D5'},{'D4'},{'R3'},{'D6'},{'D1'},{'D2'},{'R1'},{'R2'},&,1.0,&
{'D7'},{'D3'},{'D5'},{'D4'},{'R2'},{'D6'},{'D1'},{'R1'},{'D2'},{'R3'},&,1.0,&
{'D7'},{'D3'},{'D6'},{'D1'},{'D2'},{'D5'},{'D4'},{'R2'},{'R3'},{'R1'},&,1.0,&
{'D7'},{'D3'},{'D6'},{'D1'},{'D4'},{'D5'},{'D2'},{'R1'},{'R2'},{'R3'},&,1.0,&
{'D7'},{'D3'},{'D6'},{'D1'},{'D4'},{'D5'},{'D2'},{'R1'},{'R3'},{'R2'},&,1.0,&
{'D7'},{'D3'},{'D6'},{'D1'},{'D4'},{'D5'},{'D2'},{'R3'},{'R2'},{'R1'},&,1.0,&
{'D7'},{'D3'},{'D6'},{'D1'},{'D4'},{'D5'},{'D2'},{'R3'},{'R1'},{'R2'},&,1.0,&
{'D7'},{'D3'},{'D6'},{'D1'},{'D5'},{'D4'},{'R3'},{'D2'},{'R1'},{'R2'},&,1.0,&
{'D7'},{'D3'},{'D6'},{'D1'},{'D5'},{'D4'},{'R3'},{'R1'},{'D2'},{'R2'},&,1.0,&
{'D7'},{'D3'},{'D6'},{'D1'},{'D5'},{'D4'},{'D2'},{'R1'},{'R3'},{'R2'},&,1.0,&
{'D7'},{'D3'},{'D6'},{'D1'},{'D5'},{'D4'},{'D2'},{'R3'},{'R1'},{'R2'},&,1.0,&
{'D7'},{'D3'},{'D6'},{'D1'},{'D5'},{'D4'},{'R2'},{'D2'},{'R1'},{'R3'},&,1.0,&
{'D7'},{'D3'},{'D6'},{'D1'},{'D5'},{'D2'},{'R3'},{'R1'},{'D4'},{'R2'},&,1.0,&
{'D7'},{'D3'},{'D6'},{'D1'},{'D5'},{'D2'},{'D4'},{'R2'},{'R3'},{'R1'},&,1.0,&
{'D7'},{'D3'},{'D6'},{'D1'},{'D5'},{'D2'},{'D4'},{'R3'},{'R2'},{'R1'},&,1.0,&
{'D7'},{'D3'},{'D6'},{'D1'},{'D5'},{'D2'},{'D4'},{'R3'},{'R1'},{'R2'},&,1.0,&
{'D7'},{'D3'},{'D6'},{'D1'},{'D5'},{'D2'},{'R2'},{'D4'},{'R1'},{'R3'},&,1.0,&
{'D7'},{'D3'},{'D6'},{'D1'},{'D5'},{'R1'},{'R3'},{'D4'},{'D2'},{'R2'},&,1.0,&
{'D7'},{'D3'},{'D6'},{'D1'},{'R2'},{'D5'},{'D2'},{'D4'},{'R3'},{'R1'},&,1.0,&
{'D7'},{'D3'},{'D6'},{'D2'},{'D4'},{'D1'},{'D5'},{'R2'},{'R3'},{'R1'},&,1.0,&
{'D7'},{'D3'},{'D6'},{'D2'},{'D4'},{'D5'},{'D1'},{'R1'},{'R3'},{'R2'},&,1.0,&
{'D7'},{'D3'},{'D6'},{'D2'},{'D4'},{'D5'},{'D1'},{'R3'},{'R2'},{'R1'},&,1.0,&
{'D7'},{'D3'},{'D6'},{'D2'},{'D5'},{'D4'},{'R3'},{'R2'},{'D1'},{'R1'},&,1.0,&
{'D7'},{'D3'},{'D6'},{'D2'},{'D5'},{'D4'},{'D1'},{'R2'},{'R3'},{'R1'},&,1.0,&
{'D7'},{'D3'},{'D6'},{'D2'},{'D5'},{'D4'},{'D1'},{'R2'},{'R1'},{'R3'},&,2.0,&
{'D7'},{'D3'},{'D6'},{'D2'},{'D5'},{'D4'},{'D1'},{'R3'},{'R2'},{'R1'},&,2.0,&
{'D7'},{'D3'},{'D6'},{'D2'},{'D5'},{'D4'},{'D1'},{'R3'},{'R1'},{'R2'},&,2.0,&
{'D7'},{'D3'},{'D6'},{'D2'},{'D5'},{'D4'},{'R1'},{'D1'},{'R3'},{'R2'},&,1.0,&
{'D7'},{'D3'},{'D6'},{'D2'},{'D5'},{'D1'},{'D4'},{'R3'},{'R2'},{'R1'},&,1.0,&
{'D7'},{'D3'},{'D6'},{'D2'},{'D5'},{'D1'},{'R2'},{'R3'},{'D4'},{'R1'},&,1.0,&
{'D7'},{'D3'},{'D6'},{'D2'},{'D5'},{'D1'},{'R2'},{'D4'},{'R3'},{'R1'},&,1.0,&
{'D7'},{'D3'},{'D6'},{'D5'},{'D1'},{'D4'},{'R3'},{'D2'},{'R2'},{'R1'},&,1.0,&
{'D7'},{'D3'},{'D6'},{'D5'},{'D1'},{'D4'},{'R3'},{'D2'},{'R1'},{'R2'},&,1.0,&
{'D7'},{'D3'},{'D6'},{'D5'},{'D1'},{'D4'},{'R3'},{'R1'},{'D2'},{'R2'},&,1.0,&
{'D7'},{'D3'},{'D6'},{'D5'},{'D1'},{'D4'},{'D2'},{'R1'},{'R2'},{'R3'},&,1.0,&
{'D7'},{'D3'},{'D6'},{'D5'},{'D1'},{'D4'},{'D2'},{'R1'},{'R3'},{'R2'},&,3.0,&
{'D7'},{'D3'},{'D6'},{'D5'},{'D1'},{'D4'},{'D2'},{'R2'},{'R3'},{'R1'},&,4.0,&
{'D7'},{'D3'},{'D6'},{'D5'},{'D1'},{'D4'},{'D2'},{'R3'},{'R2'},{'R1'},&,4.0,&
{'D7'},{'D3'},{'D6'},{'D5'},{'D1'},{'D4'},{'D2'},{'R3'},{'R1'},{'R2'},&,5.0,&
{'D7'},{'D3'},{'D6'},{'D5'},{'D1'},{'D4'},{'R1'},{'D2'},{'R2'},{'R3'},&,1.0,&
{'D7'},{'D3'},{'D6'},{'D5'},{'D1'},{'D4'},{'R1'},{'D2'},{'R3'},{'R2'},&,4.0,&
{'D7'},{'D3'},{'D6'},{'D5'},{'D1'},{'D4'},{'R1'},{'R2'},{'D2'},{'R3'},&,1.0,&
{'D7'},{'D3'},{'D6'},{'D5'},{'D1'},{'D2'},{'R3'},{'D4'},{'R1'},{'R2'},&,1.0,&
{'D7'},{'D3'},{'D6'},{'D5'},{'D1'},{'D2'},{'D4'},{'R1'},{'R3'},{'R2'},&,1.0,&
{'D7'},{'D3'},{'D6'},{'D5'},{'D1'},{'D2'},{'D4'},{'R2'},{'R3'},{'R1'},&,2.0,&
{'D7'},{'D3'},{'D6'},{'D5'},{'D1'},{'D2'},{'D4'},{'R3'},{'R2'},{'R1'},&,5.0,&
{'D7'},{'D3'},{'D6'},{'D5'},{'D1'},{'D2'},{'D4'},{'R3'},{'R1'},{'R2'},&,4.0,&
{'D7'},{'D3'},{'D6'},{'D5'},{'D1'},{'D2'},{'R2'},{'D4'},{'R3'},{'R1'},&,1.0,&
{'D7'},{'D3'},{'D6'},{'D5'},{'D1'},{'D2'},{'R1'},{'D4'},{'R3'},{'R2'},&,1.0,&
{'D7'},{'D3'},{'D6'},{'D5'},{'D1'},{'R2'},{'D4'},{'D2'},{'R3'},{'R1'},&,1.0,&
{'D7'},{'D3'},{'D6'},{'D5'},{'D2'},{'D4'},{'R3'},{'R1'},{'D1'},{'R2'},&,1.0,&
{'D7'},{'D3'},{'D6'},{'D5'},{'D2'},{'D4'},{'R3'},{'R2'},{'D1'},{'R1'},&,1.0,&
{'D7'},{'D3'},{'D6'},{'D5'},{'D2'},{'D4'},{'R3'},{'D1'},{'R1'},{'R2'},&,1.0,&
{'D7'},{'D3'},{'D6'},{'D5'},{'D2'},{'D4'},{'D1'},{'R1'},{'R2'},{'R3'},&,1.0,&
{'D7'},{'D3'},{'D6'},{'D5'},{'D2'},{'D4'},{'D1'},{'R1'},{'R3'},{'R2'},&,1.0,&
{'D7'},{'D3'},{'D6'},{'D5'},{'D2'},{'D4'},{'D1'},{'R2'},{'R3'},{'R1'},&,1.0,&
{'D7'},{'D3'},{'D6'},{'D5'},{'D2'},{'D4'},{'D1'},{'R3'},{'R2'},{'R1'},&,5.0,&
{'D7'},{'D3'},{'D6'},{'D5'},{'D2'},{'D4'},{'D1'},{'R3'},{'R1'},{'R2'},&,12.0,&
{'D7'},{'D3'},{'D6'},{'D5'},{'D2'},{'D4'},{'R2'},{'R3'},{'D1'},{'R1'},&,1.0,&
{'D7'},{'D3'},{'D6'},{'D5'},{'D2'},{'D4'},{'R1'},{'D1'},{'R2'},{'R3'},&,1.0,&
{'D7'},{'D3'},{'D6'},{'D5'},{'D2'},{'D1'},{'R3'},{'R2'},{'R1'},{'D4'},&,1.0,&
{'D7'},{'D3'},{'D6'},{'D5'},{'D2'},{'D1'},{'D4'},{'R1'},{'R3'},{'R2'},&,3.0,&
{'D7'},{'D3'},{'D6'},{'D5'},{'D2'},{'D1'},{'D4'},{'R2'},{'R3'},{'R1'},&,3.0,&
{'D7'},{'D3'},{'D6'},{'D5'},{'D2'},{'D1'},{'D4'},{'R2'},{'R1'},{'R3'},&,1.0,&
{'D7'},{'D3'},{'D6'},{'D5'},{'D2'},{'D1'},{'D4'},{'R3'},{'R2'},{'R1'},&,1.0,&
{'D7'},{'D3'},{'D6'},{'D5'},{'D2'},{'D1'},{'D4'},{'R3'},{'R1'},{'R2'},&,4.0,&
{'D7'},{'D3'},{'D6'},{'D5'},{'D2'},{'R3'},{'D1'},{'D4'},{'R1'},{'R2'},&,1.0,&
{'D7'},{'D3'},{'D6'},{'D5'},{'D2'},{'R3'},{'D4'},{'D1'},{'R1'},{'R2'},&,1.0,&
{'D7'},{'D3'},{'D6'},{'D5'},{'D4'},{'D1'},{'R3'},{'D2'},{'R1'},{'R2'},&,1.0,&
{'D7'},{'D3'},{'D6'},{'D5'},{'D4'},{'D1'},{'R3'},{'R1'},{'D2'},{'R2'},&,1.0,&
{'D7'},{'D3'},{'D6'},{'D5'},{'D4'},{'D1'},{'D2'},{'R1'},{'R2'},{'R3'},&,1.0,&
{'D7'},{'D3'},{'D6'},{'D5'},{'D4'},{'D1'},{'D2'},{'R1'},{'R3'},{'R2'},&,4.0,&
{'D7'},{'D3'},{'D6'},{'D5'},{'D4'},{'D1'},{'D2'},{'R2'},{'R3'},{'R1'},&,2.0,&
{'D7'},{'D3'},{'D6'},{'D5'},{'D4'},{'D1'},{'D2'},{'R2'},{'R1'},{'R3'},&,1.0,&
{'D7'},{'D3'},{'D6'},{'D5'},{'D4'},{'D1'},{'D2'},{'R3'},{'R2'},{'R1'},&,8.0,&
{'D7'},{'D3'},{'D6'},{'D5'},{'D4'},{'D1'},{'D2'},{'R3'},{'R1'},{'R2'},&,3.0,&
{'D7'},{'D3'},{'D6'},{'D5'},{'D4'},{'D1'},{'R2'},{'D2'},{'R3'},{'R1'},&,2.0,&
{'D7'},{'D3'},{'D6'},{'D5'},{'D4'},{'D2'},{'R3'},{'R1'},{'D1'},{'R2'},&,1.0,&
{'D7'},{'D3'},{'D6'},{'D5'},{'D4'},{'D2'},{'R3'},{'D1'},{'R1'},{'R2'},&,4.0,&
{'D7'},{'D3'},{'D6'},{'D5'},{'D4'},{'D2'},{'D1'},{'R1'},{'R2'},{'R3'},&,2.0,&
{'D7'},{'D3'},{'D6'},{'D5'},{'D4'},{'D2'},{'D1'},{'R1'},{'R3'},{'R2'},&,3.0,&
{'D7'},{'D3'},{'D6'},{'D5'},{'D4'},{'D2'},{'D1'},{'R2'},{'R3'},{'R1'},&,3.0,&
{'D7'},{'D3'},{'D6'},{'D5'},{'D4'},{'D2'},{'D1'},{'R2'},{'R1'},{'R3'},&,1.0,&
{'D7'},{'D3'},{'D6'},{'D5'},{'D4'},{'D2'},{'D1'},{'R3'},{'R2'},{'R1'},&,5.0,&
{'D7'},{'D3'},{'D6'},{'D5'},{'D4'},{'D2'},{'D1'},{'R3'},{'R1'},{'R2'},&,8.0,&
{'D7'},{'D3'},{'D6'},{'D5'},{'D4'},{'D2'},{'R2'},{'D1'},{'R3'},{'R1'},&,1.0,&
{'D7'},{'D3'},{'D6'},{'D5'},{'D4'},{'D2'},{'R1'},{'D1'},{'R2'},{'R3'},&,1.0,&
{'D7'},{'D3'},{'D6'},{'D5'},{'D4'},{'D2'},{'R1'},{'D1'},{'R3'},{'R2'},&,2.0,&
{'D7'},{'D3'},{'D6'},{'D5'},{'D4'},{'R1'},{'D2'},{'D1'},{'R3'},{'R2'},&,1.0,&
{'D7'},{'D3'},{'D6'},{'D5'},{'D4'},{'R3'},{'D1'},{'D2'},{'R1'},{'R2'},&,1.0,&
{'D7'},{'D3'},{'D6'},{'D5'},{'R1'},{'D2'},{'D1'},{'D4'},{'R3'},{'R2'},&,1.0,&
{'D7'},{'D3'},{'D6'},{'D4'},{'D1'},{'D2'},{'D5'},{'R1'},{'R3'},{'R2'},&,1.0,&
{'D7'},{'D3'},{'D6'},{'D4'},{'D1'},{'D5'},{'D2'},{'R1'},{'R2'},{'R3'},&,1.0,&
{'D7'},{'D3'},{'D6'},{'D4'},{'D1'},{'D5'},{'D2'},{'R3'},{'R2'},{'R1'},&,1.0,&
{'D7'},{'D3'},{'D6'},{'D4'},{'D1'},{'D5'},{'D2'},{'R3'},{'R1'},{'R2'},&,2.0,&
{'D7'},{'D3'},{'D6'},{'D4'},{'D2'},{'D5'},{'D1'},{'R1'},{'R3'},{'R2'},&,1.0,&
{'D7'},{'D3'},{'D6'},{'D4'},{'D2'},{'D5'},{'D1'},{'R2'},{'R3'},{'R1'},&,1.0,&
{'D7'},{'D3'},{'D6'},{'D4'},{'D2'},{'D5'},{'R1'},{'D1'},{'R3'},{'R2'},&,1.0,&
{'D7'},{'D3'},{'D6'},{'D4'},{'D5'},{'D1'},{'R3'},{'D2'},{'R1'},{'R2'},&,1.0,&
{'D7'},{'D3'},{'D6'},{'D4'},{'D5'},{'D1'},{'R3'},{'R1'},{'D2'},{'R2'},&,1.0,&
{'D7'},{'D3'},{'D6'},{'D4'},{'D5'},{'D1'},{'D2'},{'R1'},{'R2'},{'R3'},&,1.0,&
{'D7'},{'D3'},{'D6'},{'D4'},{'D5'},{'D1'},{'D2'},{'R1'},{'R3'},{'R2'},&,3.0,&
{'D7'},{'D3'},{'D6'},{'D4'},{'D5'},{'D1'},{'D2'},{'R2'},{'R3'},{'R1'},&,1.0,&
{'D7'},{'D3'},{'D6'},{'D4'},{'D5'},{'D1'},{'D2'},{'R3'},{'R2'},{'R1'},&,1.0,&
{'D7'},{'D3'},{'D6'},{'D4'},{'D5'},{'D1'},{'D2'},{'R3'},{'R1'},{'R2'},&,3.0,&
{'D7'},{'D3'},{'D6'},{'D4'},{'D5'},{'D2'},{'R3'},{'R2'},{'R1'},{'D1'},&,1.0,&
{'D7'},{'D3'},{'D6'},{'D4'},{'D5'},{'D2'},{'R3'},{'D1'},{'R2'},{'R1'},&,2.0,&
{'D7'},{'D3'},{'D6'},{'D4'},{'D5'},{'D2'},{'D1'},{'R1'},{'R2'},{'R3'},&,1.0,&
{'D7'},{'D3'},{'D6'},{'D4'},{'D5'},{'D2'},{'D1'},{'R1'},{'R3'},{'R2'},&,4.0,&
{'D7'},{'D3'},{'D6'},{'D4'},{'D5'},{'D2'},{'D1'},{'R2'},{'R1'},{'R3'},&,1.0,&
{'D7'},{'D3'},{'D6'},{'D4'},{'D5'},{'D2'},{'D1'},{'R3'},{'R2'},{'R1'},&,3.0,&
{'D7'},{'D3'},{'D6'},{'D4'},{'D5'},{'D2'},{'D1'},{'R3'},{'R1'},{'R2'},&,1.0,&
{'D7'},{'D3'},{'D6'},{'D4'},{'D5'},{'D2'},{'R1'},{'D1'},{'R2'},{'R3'},&,1.0,&
{'D7'},{'D3'},{'D6'},{'D4'},{'D5'},{'R1'},{'D2'},{'D1'},{'R3'},{'R2'},&,1.0,&
{'D7'},{'D3'},{'D6'},{'D4'},{'R1'},{'D5'},{'D2'},{'R3'},{'D1'},{'R2'},&,1.0,&
{'D7'},{'D3'},{'D6'},{'R3'},{'D5'},{'D1'},{'D4'},{'D2'},{'R1'},{'R2'},&,1.0,&
{'D7'},{'D3'},{'D1'},{'D2'},{'D6'},{'D5'},{'D4'},{'R1'},{'R3'},{'R2'},&,3.0,&
{'D7'},{'D3'},{'D1'},{'D2'},{'D6'},{'D5'},{'D4'},{'R3'},{'R1'},{'R2'},&,1.0,&
{'D7'},{'D3'},{'D1'},{'D2'},{'D4'},{'D5'},{'D6'},{'R3'},{'R2'},{'R1'},&,1.0,&
{'D7'},{'D3'},{'D1'},{'D2'},{'D5'},{'D6'},{'R3'},{'D4'},{'R2'},{'R1'},&,1.0,&
{'D7'},{'D3'},{'D1'},{'D2'},{'D5'},{'D6'},{'D4'},{'R1'},{'R2'},{'R3'},&,1.0,&
{'D7'},{'D3'},{'D1'},{'D2'},{'D5'},{'D6'},{'D4'},{'R1'},{'R3'},{'R2'},&,2.0,&
{'D7'},{'D3'},{'D1'},{'D2'},{'D5'},{'D6'},{'D4'},{'R3'},{'R2'},{'R1'},&,1.0,&
{'D7'},{'D3'},{'D1'},{'D2'},{'D5'},{'D6'},{'D4'},{'R3'},{'R1'},{'R2'},&,1.0,&
{'D7'},{'D3'},{'D1'},{'D2'},{'D5'},{'D4'},{'D6'},{'R1'},{'R3'},{'R2'},&,2.0,&
{'D7'},{'D3'},{'D1'},{'D5'},{'D2'},{'D6'},{'R3'},{'D4'},{'R2'},{'R1'},&,1.0,&
{'D7'},{'D3'},{'D1'},{'D5'},{'D2'},{'D6'},{'D4'},{'R2'},{'R3'},{'R1'},&,1.0,&
{'D7'},{'D3'},{'D1'},{'D5'},{'D2'},{'D6'},{'D4'},{'R3'},{'R2'},{'R1'},&,1.0,&
{'D7'},{'D3'},{'D1'},{'D5'},{'D2'},{'D6'},{'D4'},{'R3'},{'R1'},{'R2'},&,1.0,&
{'D7'},{'D3'},{'D1'},{'D5'},{'D2'},{'D6'},{'R1'},{'D4'},{'R2'},{'R3'},&,1.0,&
{'D7'},{'D3'},{'D1'},{'D5'},{'D2'},{'D4'},{'D6'},{'R1'},{'R2'},{'R3'},&,1.0,&
{'D7'},{'D3'},{'D1'},{'D5'},{'D2'},{'D4'},{'D6'},{'R2'},{'R3'},{'R1'},&,1.0,&
{'D7'},{'D3'},{'D1'},{'D5'},{'D2'},{'D4'},{'D6'},{'R3'},{'R1'},{'R2'},&,1.0,&
{'D7'},{'D3'},{'D1'},{'D5'},{'D6'},{'D4'},{'D2'},{'R1'},{'R3'},{'R2'},&,2.0,&
{'D7'},{'D3'},{'D1'},{'D5'},{'D6'},{'D4'},{'D2'},{'R2'},{'R3'},{'R1'},&,2.0,&
{'D7'},{'D3'},{'D1'},{'D5'},{'D6'},{'D4'},{'D2'},{'R3'},{'R2'},{'R1'},&,2.0,&
{'D7'},{'D3'},{'D1'},{'D5'},{'D6'},{'D4'},{'D2'},{'R3'},{'R1'},{'R2'},&,4.0,&
{'D7'},{'D3'},{'D1'},{'D5'},{'D6'},{'D4'},{'R2'},{'D2'},{'R3'},{'R1'},&,1.0,&
{'D7'},{'D3'},{'D1'},{'D5'},{'D6'},{'D2'},{'R3'},{'D4'},{'R2'},{'R1'},&,1.0,&
{'D7'},{'D3'},{'D1'},{'D5'},{'D6'},{'D2'},{'D4'},{'R1'},{'R2'},{'R3'},&,2.0,&
{'D7'},{'D3'},{'D1'},{'D5'},{'D6'},{'D2'},{'D4'},{'R1'},{'R3'},{'R2'},&,3.0,&
{'D7'},{'D3'},{'D1'},{'D5'},{'D6'},{'D2'},{'D4'},{'R2'},{'R3'},{'R1'},&,1.0,&
{'D7'},{'D3'},{'D1'},{'D5'},{'D6'},{'D2'},{'D4'},{'R3'},{'R2'},{'R1'},&,4.0,&
{'D7'},{'D3'},{'D1'},{'D5'},{'D6'},{'D2'},{'D4'},{'R3'},{'R1'},{'R2'},&,4.0,&
{'D7'},{'D3'},{'D1'},{'D5'},{'D6'},{'D2'},{'R2'},{'D4'},{'R1'},{'R3'},&,1.0,&
{'D7'},{'D3'},{'D1'},{'D5'},{'D6'},{'D2'},{'R1'},{'D4'},{'R3'},{'R2'},&,1.0,&
{'D7'},{'D3'},{'D1'},{'D5'},{'D6'},{'R2'},{'D4'},{'D2'},{'R3'},{'R1'},&,1.0,&
{'D7'},{'D3'},{'D1'},{'D5'},{'D6'},{'R3'},{'D4'},{'D2'},{'R2'},{'R1'},&,1.0,&
{'D7'},{'D3'},{'D1'},{'D5'},{'D4'},{'D6'},{'R3'},{'D2'},{'R1'},{'R2'},&,2.0,&
{'D7'},{'D3'},{'D1'},{'D5'},{'D4'},{'D6'},{'D2'},{'R1'},{'R3'},{'R2'},&,5.0,&
{'D7'},{'D3'},{'D1'},{'D5'},{'D4'},{'D6'},{'D2'},{'R3'},{'R1'},{'R2'},&,1.0,&
{'D7'},{'D3'},{'D1'},{'D5'},{'D4'},{'D2'},{'R3'},{'R1'},{'D6'},{'R2'},&,1.0,&
{'D7'},{'D3'},{'D1'},{'D5'},{'R1'},{'D6'},{'D4'},{'D2'},{'R3'},{'R2'},&,1.0,&
{'D7'},{'D3'},{'D1'},{'D6'},{'D2'},{'D5'},{'R3'},{'D4'},{'R1'},{'R2'},&,1.0,&
{'D7'},{'D3'},{'D1'},{'D6'},{'D2'},{'D5'},{'D4'},{'R3'},{'R1'},{'R2'},&,2.0,&
{'D7'},{'D3'},{'D1'},{'D6'},{'D4'},{'D5'},{'D2'},{'R1'},{'R3'},{'R2'},&,1.0,&
{'D7'},{'D3'},{'D1'},{'D6'},{'D4'},{'D5'},{'D2'},{'R3'},{'R2'},{'R1'},&,1.0,&
{'D7'},{'D3'},{'D1'},{'D6'},{'D4'},{'D5'},{'D2'},{'R3'},{'R1'},{'R2'},&,2.0,&
{'D7'},{'D3'},{'D1'},{'D6'},{'D4'},{'D5'},{'R2'},{'D2'},{'R3'},{'R1'},&,1.0,&
{'D7'},{'D3'},{'D1'},{'D6'},{'D5'},{'D4'},{'R3'},{'D2'},{'R1'},{'R2'},&,1.0,&
{'D7'},{'D3'},{'D1'},{'D6'},{'D5'},{'D4'},{'D2'},{'R2'},{'R3'},{'R1'},&,1.0,&
{'D7'},{'D3'},{'D1'},{'D6'},{'D5'},{'D4'},{'D2'},{'R3'},{'R2'},{'R1'},&,2.0,&
{'D7'},{'D3'},{'D1'},{'D6'},{'D5'},{'D4'},{'D2'},{'R3'},{'R1'},{'R2'},&,3.0,&
{'D7'},{'D3'},{'D1'},{'D6'},{'D5'},{'D4'},{'R2'},{'R3'},{'D2'},{'R1'},&,1.0,&
{'D7'},{'D3'},{'D1'},{'D6'},{'D5'},{'D4'},{'R1'},{'D2'},{'R2'},{'R3'},&,1.0,&
{'D7'},{'D3'},{'D1'},{'D6'},{'D5'},{'D2'},{'R3'},{'D4'},{'R2'},{'R1'},&,1.0,&
{'D7'},{'D3'},{'D1'},{'D6'},{'D5'},{'D2'},{'D4'},{'R1'},{'R3'},{'R2'},&,1.0,&
{'D7'},{'D3'},{'D1'},{'D6'},{'D5'},{'D2'},{'D4'},{'R2'},{'R3'},{'R1'},&,1.0,&
{'D7'},{'D3'},{'D1'},{'D6'},{'D5'},{'D2'},{'D4'},{'R3'},{'R1'},{'R2'},&,2.0,&
{'D7'},{'D3'},{'D1'},{'D4'},{'D2'},{'D6'},{'D5'},{'R3'},{'R2'},{'R1'},&,1.0,&
{'D7'},{'D3'},{'D1'},{'D4'},{'D6'},{'D2'},{'D5'},{'R3'},{'R2'},{'R1'},&,1.0,&
{'D7'},{'D3'},{'D1'},{'D4'},{'D5'},{'D6'},{'D2'},{'R1'},{'R3'},{'R2'},&,3.0,&
{'D7'},{'D3'},{'D1'},{'D4'},{'D5'},{'D6'},{'D2'},{'R3'},{'R2'},{'R1'},&,1.0,&
{'D7'},{'D3'},{'D1'},{'D4'},{'D5'},{'D6'},{'D2'},{'R3'},{'R1'},{'R2'},&,1.0,&
{'D7'},{'D3'},{'D1'},{'D4'},{'D5'},{'D6'},{'R2'},{'D2'},{'R1'},{'R3'},&,1.0,&
{'D7'},{'D3'},{'D1'},{'D4'},{'D5'},{'D6'},{'R1'},{'D2'},{'R2'},{'R3'},&,1.0,&
{'D7'},{'D3'},{'D1'},{'D4'},{'D5'},{'D2'},{'D6'},{'R3'},{'R2'},{'R1'},&,1.0,&
{'D7'},{'D3'},{'D1'},{'D4'},{'R1'},{'D5'},{'D6'},{'R2'},{'D2'},{'R3'},&,1.0,&
{'D7'},{'D3'},{'D2'},{'D1'},{'D6'},{'D5'},{'D4'},{'R3'},{'R1'},{'R2'},&,1.0,&
{'D7'},{'D3'},{'D2'},{'D1'},{'D6'},{'D5'},{'R2'},{'R1'},{'D4'},{'R3'},&,1.0,&
{'D7'},{'D3'},{'D2'},{'D1'},{'D6'},{'D5'},{'R1'},{'D4'},{'R2'},{'R3'},&,1.0,&
{'D7'},{'D3'},{'D2'},{'D1'},{'D5'},{'D6'},{'D4'},{'R2'},{'R3'},{'R1'},&,1.0,&
{'D7'},{'D3'},{'D2'},{'D1'},{'D5'},{'D4'},{'D6'},{'R1'},{'R2'},{'R3'},&,1.0,&
{'D7'},{'D3'},{'D2'},{'D5'},{'D1'},{'D6'},{'R3'},{'D4'},{'R2'},{'R1'},&,1.0,&
{'D7'},{'D3'},{'D2'},{'D5'},{'D1'},{'D6'},{'D4'},{'R1'},{'R3'},{'R2'},&,1.0,&
{'D7'},{'D3'},{'D2'},{'D5'},{'D1'},{'D6'},{'D4'},{'R2'},{'R3'},{'R1'},&,1.0,&
{'D7'},{'D3'},{'D2'},{'D5'},{'D1'},{'D6'},{'D4'},{'R3'},{'R1'},{'R2'},&,2.0,&
{'D7'},{'D3'},{'D2'},{'D5'},{'D1'},{'D4'},{'R3'},{'R1'},{'D6'},{'R2'},&,1.0,&
{'D7'},{'D3'},{'D2'},{'D5'},{'D1'},{'D4'},{'R3'},{'D6'},{'R2'},{'R1'},&,1.0,&
{'D7'},{'D3'},{'D2'},{'D5'},{'D6'},{'D4'},{'R3'},{'R2'},{'D1'},{'R1'},&,1.0,&
{'D7'},{'D3'},{'D2'},{'D5'},{'D6'},{'D4'},{'R3'},{'D1'},{'R2'},{'R1'},&,2.0,&
{'D7'},{'D3'},{'D2'},{'D5'},{'D6'},{'D4'},{'D1'},{'R1'},{'R2'},{'R3'},&,1.0,&
{'D7'},{'D3'},{'D2'},{'D5'},{'D6'},{'D4'},{'D1'},{'R1'},{'R3'},{'R2'},&,1.0,&
{'D7'},{'D3'},{'D2'},{'D5'},{'D6'},{'D4'},{'D1'},{'R2'},{'R3'},{'R1'},&,2.0,&
{'D7'},{'D3'},{'D2'},{'D5'},{'D6'},{'D4'},{'D1'},{'R2'},{'R1'},{'R3'},&,1.0,&
{'D7'},{'D3'},{'D2'},{'D5'},{'D6'},{'D4'},{'D1'},{'R3'},{'R2'},{'R1'},&,1.0,&
{'D7'},{'D3'},{'D2'},{'D5'},{'D6'},{'D4'},{'D1'},{'R3'},{'R1'},{'R2'},&,1.0,&
{'D7'},{'D3'},{'D2'},{'D5'},{'D6'},{'D4'},{'R2'},{'R1'},{'D1'},{'R3'},&,1.0,&
{'D7'},{'D3'},{'D2'},{'D5'},{'D6'},{'D4'},{'R2'},{'D1'},{'R1'},{'R3'},&,1.0,&
{'D7'},{'D3'},{'D2'},{'D5'},{'D6'},{'D1'},{'R3'},{'D4'},{'R1'},{'R2'},&,1.0,&
{'D7'},{'D3'},{'D2'},{'D5'},{'D6'},{'D1'},{'D4'},{'R2'},{'R3'},{'R1'},&,1.0,&
{'D7'},{'D3'},{'D2'},{'D5'},{'D6'},{'D1'},{'D4'},{'R3'},{'R2'},{'R1'},&,2.0,&
{'D7'},{'D3'},{'D2'},{'D5'},{'D6'},{'D1'},{'D4'},{'R3'},{'R1'},{'R2'},&,2.0,&
{'D7'},{'D3'},{'D2'},{'D5'},{'D6'},{'R2'},{'D1'},{'D4'},{'R3'},{'R1'},&,1.0,&
{'D7'},{'D3'},{'D2'},{'D5'},{'D4'},{'D6'},{'R3'},{'D1'},{'R1'},{'R2'},&,1.0,&
{'D7'},{'D3'},{'D2'},{'D5'},{'D4'},{'D6'},{'D1'},{'R1'},{'R3'},{'R2'},&,2.0,&
{'D7'},{'D3'},{'D2'},{'D5'},{'D4'},{'D6'},{'D1'},{'R2'},{'R3'},{'R1'},&,2.0,&
{'D7'},{'D3'},{'D2'},{'D5'},{'D4'},{'D6'},{'D1'},{'R3'},{'R1'},{'R2'},&,2.0,&
{'D7'},{'D3'},{'D2'},{'D5'},{'D4'},{'D1'},{'D6'},{'R2'},{'R1'},{'R3'},&,1.0,&
{'D7'},{'D3'},{'D2'},{'D5'},{'D4'},{'D1'},{'D6'},{'R3'},{'R1'},{'R2'},&,1.0,&
{'D7'},{'D3'},{'D2'},{'D5'},{'R2'},{'D6'},{'D4'},{'R1'},{'D1'},{'R3'},&,1.0,&
{'D7'},{'D3'},{'D2'},{'D6'},{'D1'},{'D4'},{'D5'},{'R1'},{'R3'},{'R2'},&,1.0,&
{'D7'},{'D3'},{'D2'},{'D6'},{'D1'},{'D5'},{'D4'},{'R1'},{'R3'},{'R2'},&,1.0,&
{'D7'},{'D3'},{'D2'},{'D6'},{'D1'},{'D5'},{'D4'},{'R3'},{'R2'},{'R1'},&,1.0,&
{'D7'},{'D3'},{'D2'},{'D6'},{'D1'},{'D5'},{'R1'},{'D4'},{'R3'},{'R2'},&,1.0,&
{'D7'},{'D3'},{'D2'},{'D6'},{'D4'},{'D1'},{'D5'},{'R3'},{'R1'},{'R2'},&,1.0,&
{'D7'},{'D3'},{'D2'},{'D6'},{'D4'},{'D5'},{'R3'},{'D1'},{'R2'},{'R1'},&,1.0,&
{'D7'},{'D3'},{'D2'},{'D6'},{'D4'},{'D5'},{'R3'},{'D1'},{'R1'},{'R2'},&,1.0,&
{'D7'},{'D3'},{'D2'},{'D6'},{'D4'},{'D5'},{'D1'},{'R1'},{'R3'},{'R2'},&,1.0,&
{'D7'},{'D3'},{'D2'},{'D6'},{'D5'},{'D4'},{'R3'},{'R2'},{'D1'},{'R1'},&,1.0,&
{'D7'},{'D3'},{'D2'},{'D6'},{'D5'},{'D4'},{'R3'},{'D1'},{'R1'},{'R2'},&,1.0,&
{'D7'},{'D3'},{'D2'},{'D6'},{'D5'},{'D4'},{'D1'},{'R1'},{'R2'},{'R3'},&,3.0,&
{'D7'},{'D3'},{'D2'},{'D6'},{'D5'},{'D4'},{'D1'},{'R1'},{'R3'},{'R2'},&,1.0,&
{'D7'},{'D3'},{'D2'},{'D6'},{'D5'},{'D4'},{'D1'},{'R3'},{'R2'},{'R1'},&,2.0,&
{'D7'},{'D3'},{'D2'},{'D6'},{'D5'},{'D4'},{'D1'},{'R3'},{'R1'},{'R2'},&,3.0,&
{'D7'},{'D3'},{'D2'},{'D6'},{'D5'},{'D4'},{'R2'},{'R3'},{'D1'},{'R1'},&,1.0,&
{'D7'},{'D3'},{'D2'},{'D6'},{'D5'},{'D4'},{'R1'},{'D1'},{'R2'},{'R3'},&,1.0,&
{'D7'},{'D3'},{'D2'},{'D6'},{'D5'},{'D1'},{'R3'},{'D4'},{'R1'},{'R2'},&,1.0,&
{'D7'},{'D3'},{'D2'},{'D6'},{'D5'},{'D1'},{'D4'},{'R1'},{'R3'},{'R2'},&,1.0,&
{'D7'},{'D3'},{'D2'},{'D6'},{'D5'},{'D1'},{'D4'},{'R3'},{'R1'},{'R2'},&,1.0,&
{'D7'},{'D3'},{'D2'},{'D6'},{'D5'},{'R1'},{'R3'},{'D1'},{'R2'},{'D4'},&,1.0,&
{'D7'},{'D3'},{'D2'},{'D6'},{'D5'},{'R1'},{'D1'},{'D4'},{'R3'},{'R2'},&,1.0,&
{'D7'},{'D3'},{'D2'},{'D4'},{'D5'},{'D6'},{'D1'},{'R1'},{'R3'},{'R2'},&,1.0,&
{'D7'},{'D3'},{'D2'},{'D4'},{'D5'},{'D6'},{'D1'},{'R2'},{'R3'},{'R1'},&,1.0,&
{'D7'},{'D3'},{'D2'},{'D4'},{'D5'},{'D6'},{'D1'},{'R3'},{'R1'},{'R2'},&,1.0,&
{'D7'},{'D3'},{'D2'},{'D4'},{'D5'},{'R1'},{'D6'},{'R3'},{'D1'},{'R2'},&,1.0,&
{'D7'},{'D3'},{'R3'},{'D5'},{'D6'},{'D4'},{'D2'},{'D1'},{'R2'},{'R1'},&,1.0,&
{'D7'},{'D5'},{'D4'},{'D1'},{'D2'},{'D6'},{'R3'},{'D3'},{'R1'},{'R2'},&,1.0,&
{'D7'},{'D5'},{'D4'},{'D1'},{'D2'},{'D6'},{'D3'},{'R1'},{'R3'},{'R2'},&,1.0,&
{'D7'},{'D5'},{'D4'},{'D1'},{'D2'},{'D6'},{'D3'},{'R2'},{'R3'},{'R1'},&,1.0,&
{'D7'},{'D5'},{'D4'},{'D1'},{'D2'},{'D3'},{'D6'},{'R1'},{'R3'},{'R2'},&,1.0,&
{'D7'},{'D5'},{'D4'},{'D1'},{'D2'},{'D3'},{'D6'},{'R3'},{'R1'},{'R2'},&,1.0,&
{'D7'},{'D5'},{'D4'},{'D1'},{'D2'},{'R3'},{'D6'},{'D3'},{'R2'},{'R1'},&,1.0,&
{'D7'},{'D5'},{'D4'},{'D1'},{'D3'},{'D6'},{'D2'},{'R1'},{'R2'},{'R3'},&,1.0,&
{'D7'},{'D5'},{'D4'},{'D1'},{'D3'},{'D6'},{'D2'},{'R1'},{'R3'},{'R2'},&,2.0,&
{'D7'},{'D5'},{'D4'},{'D1'},{'D3'},{'D6'},{'D2'},{'R2'},{'R3'},{'R1'},&,1.0,&
{'D7'},{'D5'},{'D4'},{'D1'},{'D3'},{'D6'},{'D2'},{'R2'},{'R1'},{'R3'},&,3.0,&
{'D7'},{'D5'},{'D4'},{'D1'},{'D3'},{'D6'},{'D2'},{'R3'},{'R2'},{'R1'},&,1.0,&
{'D7'},{'D5'},{'D4'},{'D1'},{'D3'},{'D6'},{'D2'},{'R3'},{'R1'},{'R2'},&,1.0,&
{'D7'},{'D5'},{'D4'},{'D1'},{'D3'},{'D6'},{'R2'},{'D2'},{'R3'},{'R1'},&,1.0,&
{'D7'},{'D5'},{'D4'},{'D1'},{'D3'},{'D6'},{'R1'},{'R3'},{'D2'},{'R2'},&,1.0,&
{'D7'},{'D5'},{'D4'},{'D1'},{'D3'},{'D2'},{'D6'},{'R2'},{'R3'},{'R1'},&,1.0,&
{'D7'},{'D5'},{'D4'},{'D1'},{'D3'},{'D2'},{'D6'},{'R3'},{'R2'},{'R1'},&,3.0,&
{'D7'},{'D5'},{'D4'},{'D1'},{'D3'},{'R2'},{'D6'},{'D2'},{'R3'},{'R1'},&,1.0,&
{'D7'},{'D5'},{'D4'},{'D1'},{'D6'},{'D2'},{'D3'},{'R2'},{'R3'},{'R1'},&,1.0,&
{'D7'},{'D5'},{'D4'},{'D1'},{'D6'},{'D2'},{'D3'},{'R3'},{'R2'},{'R1'},&,1.0,&
{'D7'},{'D5'},{'D4'},{'D1'},{'D6'},{'D2'},{'D3'},{'R3'},{'R1'},{'R2'},&,1.0,&
{'D7'},{'D5'},{'D4'},{'D1'},{'D6'},{'D3'},{'R3'},{'D2'},{'R2'},{'R1'},&,1.0,&
{'D7'},{'D5'},{'D4'},{'D1'},{'D6'},{'D3'},{'R3'},{'D2'},{'R1'},{'R2'},&,2.0,&
{'D7'},{'D5'},{'D4'},{'D1'},{'D6'},{'D3'},{'R3'},{'R1'},{'D2'},{'R2'},&,2.0,&
{'D7'},{'D5'},{'D4'},{'D1'},{'D6'},{'D3'},{'D2'},{'R1'},{'R2'},{'R3'},&,2.0,&
{'D7'},{'D5'},{'D4'},{'D1'},{'D6'},{'D3'},{'D2'},{'R1'},{'R3'},{'R2'},&,2.0,&
{'D7'},{'D5'},{'D4'},{'D1'},{'D6'},{'D3'},{'D2'},{'R2'},{'R1'},{'R3'},&,1.0,&
{'D7'},{'D5'},{'D4'},{'D1'},{'D6'},{'D3'},{'D2'},{'R3'},{'R2'},{'R1'},&,3.0,&
{'D7'},{'D5'},{'D4'},{'D1'},{'D6'},{'D3'},{'D2'},{'R3'},{'R1'},{'R2'},&,2.0,&
{'D7'},{'D5'},{'D4'},{'D1'},{'D6'},{'D3'},{'R2'},{'D2'},{'R1'},{'R3'},&,1.0,&
{'D7'},{'D5'},{'D4'},{'D1'},{'D6'},{'R1'},{'D3'},{'D2'},{'R2'},{'R3'},&,1.0,&
{'D7'},{'D5'},{'D4'},{'D1'},{'D6'},{'R3'},{'D2'},{'D3'},{'R1'},{'R2'},&,1.0,&
{'D7'},{'D5'},{'D4'},{'D1'},{'D6'},{'R3'},{'D3'},{'R1'},{'D2'},{'R2'},&,1.0,&
{'D7'},{'D5'},{'D4'},{'D1'},{'R3'},{'D3'},{'D2'},{'D6'},{'R1'},{'R2'},&,1.0,&
{'D7'},{'D5'},{'D4'},{'D2'},{'D1'},{'D6'},{'D3'},{'R1'},{'R3'},{'R2'},&,1.0,&
{'D7'},{'D5'},{'D4'},{'D2'},{'D1'},{'D6'},{'D3'},{'R3'},{'R2'},{'R1'},&,1.0,&
{'D7'},{'D5'},{'D4'},{'D2'},{'D1'},{'D6'},{'D3'},{'R3'},{'R1'},{'R2'},&,1.0,&
{'D7'},{'D5'},{'D4'},{'D2'},{'D1'},{'D3'},{'D6'},{'R1'},{'R3'},{'R2'},&,1.0,&
{'D7'},{'D5'},{'D4'},{'D2'},{'D3'},{'D6'},{'R3'},{'D1'},{'R2'},{'R1'},&,2.0,&
{'D7'},{'D5'},{'D4'},{'D2'},{'D3'},{'D6'},{'D1'},{'R1'},{'R3'},{'R2'},&,2.0,&
{'D7'},{'D5'},{'D4'},{'D2'},{'D3'},{'D6'},{'D1'},{'R2'},{'R3'},{'R1'},&,2.0,&
{'D7'},{'D5'},{'D4'},{'D2'},{'D3'},{'D6'},{'D1'},{'R3'},{'R2'},{'R1'},&,2.0,&
{'D7'},{'D5'},{'D4'},{'D2'},{'D3'},{'D6'},{'D1'},{'R3'},{'R1'},{'R2'},&,1.0,&
{'D7'},{'D5'},{'D4'},{'D2'},{'D3'},{'D6'},{'R1'},{'D1'},{'R2'},{'R3'},&,1.0,&
{'D7'},{'D5'},{'D4'},{'D2'},{'D3'},{'D1'},{'D6'},{'R1'},{'R3'},{'R2'},&,1.0,&
{'D7'},{'D5'},{'D4'},{'D2'},{'D3'},{'D1'},{'D6'},{'R3'},{'R2'},{'R1'},&,1.0,&
{'D7'},{'D5'},{'D4'},{'D2'},{'D3'},{'D1'},{'D6'},{'R3'},{'R1'},{'R2'},&,2.0,&
{'D7'},{'D5'},{'D4'},{'D2'},{'D6'},{'D1'},{'R2'},{'R3'},{'R1'},{'D3'},&,1.0,&
{'D7'},{'D5'},{'D4'},{'D2'},{'D6'},{'D1'},{'D3'},{'R2'},{'R1'},{'R3'},&,1.0,&
{'D7'},{'D5'},{'D4'},{'D2'},{'D6'},{'D1'},{'D3'},{'R3'},{'R2'},{'R1'},&,1.0,&
{'D7'},{'D5'},{'D4'},{'D2'},{'D6'},{'D1'},{'R1'},{'D3'},{'R3'},{'R2'},&,2.0,&
{'D7'},{'D5'},{'D4'},{'D2'},{'D6'},{'D3'},{'R3'},{'R1'},{'R2'},{'D1'},&,1.0,&
{'D7'},{'D5'},{'D4'},{'D2'},{'D6'},{'D3'},{'D1'},{'R1'},{'R2'},{'R3'},&,1.0,&
{'D7'},{'D5'},{'D4'},{'D2'},{'D6'},{'D3'},{'D1'},{'R1'},{'R3'},{'R2'},&,1.0,&
{'D7'},{'D5'},{'D4'},{'D2'},{'D6'},{'D3'},{'D1'},{'R3'},{'R2'},{'R1'},&,1.0,&
{'D7'},{'D5'},{'D4'},{'D2'},{'D6'},{'D3'},{'D1'},{'R3'},{'R1'},{'R2'},&,4.0,&
{'D7'},{'D5'},{'D4'},{'D2'},{'D6'},{'D3'},{'R1'},{'R3'},{'D1'},{'R2'},&,1.0,&
{'D7'},{'D5'},{'D4'},{'D2'},{'D6'},{'D3'},{'R1'},{'D1'},{'R3'},{'R2'},&,2.0,&
{'D7'},{'D5'},{'D4'},{'D3'},{'D1'},{'D6'},{'D2'},{'R1'},{'R3'},{'R2'},&,1.0,&
{'D7'},{'D5'},{'D4'},{'D3'},{'D1'},{'D6'},{'D2'},{'R2'},{'R3'},{'R1'},&,5.0,&
{'D7'},{'D5'},{'D4'},{'D3'},{'D1'},{'D6'},{'D2'},{'R2'},{'R1'},{'R3'},&,1.0,&
{'D7'},{'D5'},{'D4'},{'D3'},{'D1'},{'D6'},{'D2'},{'R3'},{'R2'},{'R1'},&,1.0,&
{'D7'},{'D5'},{'D4'},{'D3'},{'D1'},{'D6'},{'D2'},{'R3'},{'R1'},{'R2'},&,2.0,&
{'D7'},{'D5'},{'D4'},{'D3'},{'D1'},{'D6'},{'R2'},{'D2'},{'R1'},{'R3'},&,1.0,&
{'D7'},{'D5'},{'D4'},{'D3'},{'D1'},{'D2'},{'D6'},{'R1'},{'R3'},{'R2'},&,2.0,&
{'D7'},{'D5'},{'D4'},{'D3'},{'D1'},{'R1'},{'D6'},{'D2'},{'R2'},{'R3'},&,1.0,&
{'D7'},{'D5'},{'D4'},{'D3'},{'D2'},{'D6'},{'R3'},{'D1'},{'R2'},{'R1'},&,1.0,&
{'D7'},{'D5'},{'D4'},{'D3'},{'D2'},{'D6'},{'D1'},{'R1'},{'R3'},{'R2'},&,3.0,&
{'D7'},{'D5'},{'D4'},{'D3'},{'D2'},{'D6'},{'D1'},{'R2'},{'R3'},{'R1'},&,4.0,&
{'D7'},{'D5'},{'D4'},{'D3'},{'D2'},{'D6'},{'D1'},{'R3'},{'R2'},{'R1'},&,1.0,&
{'D7'},{'D5'},{'D4'},{'D3'},{'D2'},{'D6'},{'D1'},{'R3'},{'R1'},{'R2'},&,2.0,&
{'D7'},{'D5'},{'D4'},{'D3'},{'D2'},{'D6'},{'R1'},{'D1'},{'R3'},{'R2'},&,1.0,&
{'D7'},{'D5'},{'D4'},{'D3'},{'D2'},{'D1'},{'R3'},{'D6'},{'R2'},{'R1'},&,1.0,&
{'D7'},{'D5'},{'D4'},{'D3'},{'D2'},{'D1'},{'D6'},{'R2'},{'R3'},{'R1'},&,2.0,&
{'D7'},{'D5'},{'D4'},{'D3'},{'D2'},{'D1'},{'D6'},{'R3'},{'R2'},{'R1'},&,2.0,&
{'D7'},{'D5'},{'D4'},{'D3'},{'D2'},{'D1'},{'D6'},{'R3'},{'R1'},{'R2'},&,1.0,&
{'D7'},{'D5'},{'D4'},{'D3'},{'D6'},{'D1'},{'R3'},{'D2'},{'R2'},{'R1'},&,1.0,&
{'D7'},{'D5'},{'D4'},{'D3'},{'D6'},{'D1'},{'R3'},{'D2'},{'R1'},{'R2'},&,2.0,&
{'D7'},{'D5'},{'D4'},{'D3'},{'D6'},{'D1'},{'R3'},{'R2'},{'D2'},{'R1'},&,1.0,&
{'D7'},{'D5'},{'D4'},{'D3'},{'D6'},{'D1'},{'D2'},{'R1'},{'R2'},{'R3'},&,1.0,&
{'D7'},{'D5'},{'D4'},{'D3'},{'D6'},{'D1'},{'D2'},{'R1'},{'R3'},{'R2'},&,1.0,&
{'D7'},{'D5'},{'D4'},{'D3'},{'D6'},{'D1'},{'D2'},{'R2'},{'R3'},{'R1'},&,5.0,&
{'D7'},{'D5'},{'D4'},{'D3'},{'D6'},{'D1'},{'D2'},{'R2'},{'R1'},{'R3'},&,1.0,&
{'D7'},{'D5'},{'D4'},{'D3'},{'D6'},{'D1'},{'D2'},{'R3'},{'R2'},{'R1'},&,8.0,&
{'D7'},{'D5'},{'D4'},{'D3'},{'D6'},{'D1'},{'D2'},{'R3'},{'R1'},{'R2'},&,12.0,&
{'D7'},{'D5'},{'D4'},{'D3'},{'D6'},{'D1'},{'R1'},{'D2'},{'R3'},{'R2'},&,2.0,&
{'D7'},{'D5'},{'D4'},{'D3'},{'D6'},{'D2'},{'R3'},{'D1'},{'R2'},{'R1'},&,2.0,&
{'D7'},{'D5'},{'D4'},{'D3'},{'D6'},{'D2'},{'R3'},{'D1'},{'R1'},{'R2'},&,2.0,&
{'D7'},{'D5'},{'D4'},{'D3'},{'D6'},{'D2'},{'D1'},{'R1'},{'R2'},{'R3'},&,2.0,&
{'D7'},{'D5'},{'D4'},{'D3'},{'D6'},{'D2'},{'D1'},{'R1'},{'R3'},{'R2'},&,4.0,&
{'D7'},{'D5'},{'D4'},{'D3'},{'D6'},{'D2'},{'D1'},{'R2'},{'R3'},{'R1'},&,4.0,&
{'D7'},{'D5'},{'D4'},{'D3'},{'D6'},{'D2'},{'D1'},{'R2'},{'R1'},{'R3'},&,1.0,&
{'D7'},{'D5'},{'D4'},{'D3'},{'D6'},{'D2'},{'D1'},{'R3'},{'R2'},{'R1'},&,7.0,&
{'D7'},{'D5'},{'D4'},{'D3'},{'D6'},{'D2'},{'D1'},{'R3'},{'R1'},{'R2'},&,9.0,&
{'D7'},{'D5'},{'D4'},{'D3'},{'D6'},{'D2'},{'R2'},{'R3'},{'D1'},{'R1'},&,1.0,&
{'D7'},{'D5'},{'D4'},{'D3'},{'D6'},{'D2'},{'R1'},{'R3'},{'D1'},{'R2'},&,1.0,&
{'D7'},{'D5'},{'D4'},{'D3'},{'D6'},{'D2'},{'R1'},{'D1'},{'R2'},{'R3'},&,1.0,&
{'D7'},{'D5'},{'D4'},{'D3'},{'D6'},{'D2'},{'R1'},{'D1'},{'R3'},{'R2'},&,3.0,&
{'D7'},{'D5'},{'D4'},{'D3'},{'D6'},{'R1'},{'D1'},{'D2'},{'R2'},{'R3'},&,1.0,&
{'D7'},{'D5'},{'D4'},{'D3'},{'D6'},{'R1'},{'D1'},{'D2'},{'R3'},{'R2'},&,1.0,&
{'D7'},{'D5'},{'D4'},{'D3'},{'D6'},{'R3'},{'D2'},{'D1'},{'R2'},{'R1'},&,1.0,&
{'D7'},{'D5'},{'D4'},{'D3'},{'D6'},{'R3'},{'D1'},{'D2'},{'R1'},{'R2'},&,1.0,&
{'D7'},{'D5'},{'D4'},{'D3'},{'R3'},{'D6'},{'D2'},{'D1'},{'R1'},{'R2'},&,1.0,&
{'D7'},{'D5'},{'D4'},{'D3'},{'R2'},{'D2'},{'R1'},{'D1'},{'D6'},{'R3'},&,1.0,&
{'D7'},{'D5'},{'D4'},{'D6'},{'D1'},{'D2'},{'D3'},{'R2'},{'R3'},{'R1'},&,2.0,&
{'D7'},{'D5'},{'D4'},{'D6'},{'D1'},{'D2'},{'D3'},{'R3'},{'R1'},{'R2'},&,1.0,&
{'D7'},{'D5'},{'D4'},{'D6'},{'D1'},{'D3'},{'R3'},{'D2'},{'R2'},{'R1'},&,1.0,&
{'D7'},{'D5'},{'D4'},{'D6'},{'D1'},{'D3'},{'D2'},{'R1'},{'R2'},{'R3'},&,2.0,&
{'D7'},{'D5'},{'D4'},{'D6'},{'D1'},{'D3'},{'D2'},{'R1'},{'R3'},{'R2'},&,1.0,&
{'D7'},{'D5'},{'D4'},{'D6'},{'D1'},{'D3'},{'D2'},{'R2'},{'R3'},{'R1'},&,1.0,&
{'D7'},{'D5'},{'D4'},{'D6'},{'D1'},{'D3'},{'D2'},{'R2'},{'R1'},{'R3'},&,2.0,&
{'D7'},{'D5'},{'D4'},{'D6'},{'D1'},{'D3'},{'D2'},{'R3'},{'R2'},{'R1'},&,4.0,&
{'D7'},{'D5'},{'D4'},{'D6'},{'D1'},{'D3'},{'D2'},{'R3'},{'R1'},{'R2'},&,1.0,&
{'D7'},{'D5'},{'D4'},{'D6'},{'D1'},{'D3'},{'R1'},{'D2'},{'R2'},{'R3'},&,1.0,&
{'D7'},{'D5'},{'D4'},{'D6'},{'D1'},{'D3'},{'R1'},{'D2'},{'R3'},{'R2'},&,1.0,&
{'D7'},{'D5'},{'D4'},{'D6'},{'D1'},{'R2'},{'D3'},{'D2'},{'R3'},{'R1'},&,1.0,&
{'D7'},{'D5'},{'D4'},{'D6'},{'D1'},{'R3'},{'D3'},{'D2'},{'R2'},{'R1'},&,2.0,&
{'D7'},{'D5'},{'D4'},{'D6'},{'D2'},{'D1'},{'D3'},{'R2'},{'R3'},{'R1'},&,1.0,&
{'D7'},{'D5'},{'D4'},{'D6'},{'D2'},{'D1'},{'D3'},{'R3'},{'R2'},{'R1'},&,2.0,&
{'D7'},{'D5'},{'D4'},{'D6'},{'D2'},{'D1'},{'D3'},{'R3'},{'R1'},{'R2'},&,2.0,&
{'D7'},{'D5'},{'D4'},{'D6'},{'D2'},{'D1'},{'R1'},{'D3'},{'R2'},{'R3'},&,1.0,&
{'D7'},{'D5'},{'D4'},{'D6'},{'D2'},{'D3'},{'D1'},{'R1'},{'R3'},{'R2'},&,2.0,&
{'D7'},{'D5'},{'D4'},{'D6'},{'D2'},{'D3'},{'D1'},{'R2'},{'R3'},{'R1'},&,1.0,&
{'D7'},{'D5'},{'D4'},{'D6'},{'D2'},{'D3'},{'D1'},{'R3'},{'R2'},{'R1'},&,2.0,&
{'D7'},{'D5'},{'D4'},{'D6'},{'D2'},{'D3'},{'D1'},{'R3'},{'R1'},{'R2'},&,3.0,&
{'D7'},{'D5'},{'D4'},{'D6'},{'D2'},{'D3'},{'R2'},{'D1'},{'R3'},{'R1'},&,2.0,&
{'D7'},{'D5'},{'D4'},{'D6'},{'D2'},{'D3'},{'R1'},{'D1'},{'R2'},{'R3'},&,1.0,&
{'D7'},{'D5'},{'D4'},{'D6'},{'D3'},{'D1'},{'R3'},{'D2'},{'R2'},{'R1'},&,1.0,&
{'D7'},{'D5'},{'D4'},{'D6'},{'D3'},{'D1'},{'R3'},{'D2'},{'R1'},{'R2'},&,4.0,&
{'D7'},{'D5'},{'D4'},{'D6'},{'D3'},{'D1'},{'R3'},{'R2'},{'D2'},{'R1'},&,1.0,&
{'D7'},{'D5'},{'D4'},{'D6'},{'D3'},{'D1'},{'D2'},{'R1'},{'R2'},{'R3'},&,4.0,&
{'D7'},{'D5'},{'D4'},{'D6'},{'D3'},{'D1'},{'D2'},{'R1'},{'R3'},{'R2'},&,6.0,&
{'D7'},{'D5'},{'D4'},{'D6'},{'D3'},{'D1'},{'D2'},{'R3'},{'R2'},{'R1'},&,9.0,&
{'D7'},{'D5'},{'D4'},{'D6'},{'D3'},{'D1'},{'D2'},{'R3'},{'R1'},{'R2'},&,10.0,&
{'D7'},{'D5'},{'D4'},{'D6'},{'D3'},{'D1'},{'R2'},{'D2'},{'R3'},{'R1'},&,1.0,&
{'D7'},{'D5'},{'D4'},{'D6'},{'D3'},{'D1'},{'R2'},{'D2'},{'R1'},{'R3'},&,1.0,&
{'D7'},{'D5'},{'D4'},{'D6'},{'D3'},{'D1'},{'R1'},{'D2'},{'R3'},{'R2'},&,1.0,&
{'D7'},{'D5'},{'D4'},{'D6'},{'D3'},{'D1'},{'R1'},{'R3'},{'D2'},{'R2'},&,2.0,&
{'D7'},{'D5'},{'D4'},{'D6'},{'D3'},{'D2'},{'R3'},{'R1'},{'R2'},{'D1'},&,1.0,&
{'D7'},{'D5'},{'D4'},{'D6'},{'D3'},{'D2'},{'R3'},{'R1'},{'D1'},{'R2'},&,1.0,&
{'D7'},{'D5'},{'D4'},{'D6'},{'D3'},{'D2'},{'R3'},{'D1'},{'R1'},{'R2'},&,2.0,&
{'D7'},{'D5'},{'D4'},{'D6'},{'D3'},{'D2'},{'D1'},{'R1'},{'R2'},{'R3'},&,2.0,&
{'D7'},{'D5'},{'D4'},{'D6'},{'D3'},{'D2'},{'D1'},{'R1'},{'R3'},{'R2'},&,3.0,&
{'D7'},{'D5'},{'D4'},{'D6'},{'D3'},{'D2'},{'D1'},{'R2'},{'R3'},{'R1'},&,6.0,&
{'D7'},{'D5'},{'D4'},{'D6'},{'D3'},{'D2'},{'D1'},{'R3'},{'R2'},{'R1'},&,9.0,&
{'D7'},{'D5'},{'D4'},{'D6'},{'D3'},{'D2'},{'D1'},{'R3'},{'R1'},{'R2'},&,5.0,&
{'D7'},{'D5'},{'D4'},{'D6'},{'D3'},{'D2'},{'R1'},{'D1'},{'R3'},{'R2'},&,3.0,&
{'D7'},{'D5'},{'D4'},{'D6'},{'D3'},{'R2'},{'D2'},{'D1'},{'R3'},{'R1'},&,1.0,&
{'D7'},{'D5'},{'D4'},{'D6'},{'D3'},{'R3'},{'D2'},{'D1'},{'R1'},{'R2'},&,1.0,&
{'D7'},{'D5'},{'D4'},{'D6'},{'D3'},{'R3'},{'D1'},{'D2'},{'R2'},{'R1'},&,2.0,&
{'D7'},{'D5'},{'D4'},{'D6'},{'R3'},{'D1'},{'D3'},{'D2'},{'R2'},{'R1'},&,1.0,&
{'D7'},{'D5'},{'D4'},{'R3'},{'D6'},{'D1'},{'D3'},{'D2'},{'R1'},{'R2'},&,1.0,&
{'D7'},{'D5'},{'D3'},{'D1'},{'D2'},{'D6'},{'D4'},{'R1'},{'R2'},{'R3'},&,1.0,&
{'D7'},{'D5'},{'D3'},{'D1'},{'D2'},{'D6'},{'D4'},{'R3'},{'R2'},{'R1'},&,3.0,&
{'D7'},{'D5'},{'D3'},{'D1'},{'D2'},{'D6'},{'D4'},{'R3'},{'R1'},{'R2'},&,2.0,&
{'D7'},{'D5'},{'D3'},{'D1'},{'D2'},{'D6'},{'R2'},{'D4'},{'R3'},{'R1'},&,1.0,&
{'D7'},{'D5'},{'D3'},{'D1'},{'D2'},{'D4'},{'R3'},{'D6'},{'R2'},{'R1'},&,2.0,&
{'D7'},{'D5'},{'D3'},{'D1'},{'D2'},{'D4'},{'D6'},{'R1'},{'R3'},{'R2'},&,1.0,&
{'D7'},{'D5'},{'D3'},{'D1'},{'D2'},{'D4'},{'D6'},{'R3'},{'R2'},{'R1'},&,2.0,&
{'D7'},{'D5'},{'D3'},{'D1'},{'D2'},{'D4'},{'R1'},{'D6'},{'R3'},{'R2'},&,1.0,&
{'D7'},{'D5'},{'D3'},{'D1'},{'D6'},{'D4'},{'R3'},{'D2'},{'R2'},{'R1'},&,1.0,&
{'D7'},{'D5'},{'D3'},{'D1'},{'D6'},{'D4'},{'R3'},{'D2'},{'R1'},{'R2'},&,3.0,&
{'D7'},{'D5'},{'D3'},{'D1'},{'D6'},{'D4'},{'R3'},{'R2'},{'R1'},{'D2'},&,1.0,&
{'D7'},{'D5'},{'D3'},{'D1'},{'D6'},{'D4'},{'D2'},{'R1'},{'R3'},{'R2'},&,4.0,&
{'D7'},{'D5'},{'D3'},{'D1'},{'D6'},{'D4'},{'D2'},{'R2'},{'R3'},{'R1'},&,9.0,&
{'D7'},{'D5'},{'D3'},{'D1'},{'D6'},{'D4'},{'D2'},{'R2'},{'R1'},{'R3'},&,1.0,&
{'D7'},{'D5'},{'D3'},{'D1'},{'D6'},{'D4'},{'D2'},{'R3'},{'R2'},{'R1'},&,5.0,&
{'D7'},{'D5'},{'D3'},{'D1'},{'D6'},{'D4'},{'D2'},{'R3'},{'R1'},{'R2'},&,9.0,&
{'D7'},{'D5'},{'D3'},{'D1'},{'D6'},{'D4'},{'R2'},{'D2'},{'R3'},{'R1'},&,1.0,&
{'D7'},{'D5'},{'D3'},{'D1'},{'D6'},{'D2'},{'R3'},{'R1'},{'R2'},{'D4'},&,1.0,&
{'D7'},{'D5'},{'D3'},{'D1'},{'D6'},{'D2'},{'R3'},{'R1'},{'D4'},{'R2'},&,1.0,&
{'D7'},{'D5'},{'D3'},{'D1'},{'D6'},{'D2'},{'R3'},{'D4'},{'R1'},{'R2'},&,1.0,&
{'D7'},{'D5'},{'D3'},{'D1'},{'D6'},{'D2'},{'D4'},{'R1'},{'R3'},{'R2'},&,4.0,&
{'D7'},{'D5'},{'D3'},{'D1'},{'D6'},{'D2'},{'D4'},{'R2'},{'R3'},{'R1'},&,3.0,&
{'D7'},{'D5'},{'D3'},{'D1'},{'D6'},{'D2'},{'D4'},{'R2'},{'R1'},{'R3'},&,2.0,&
{'D7'},{'D5'},{'D3'},{'D1'},{'D6'},{'D2'},{'D4'},{'R3'},{'R2'},{'R1'},&,1.0,&
{'D7'},{'D5'},{'D3'},{'D1'},{'D6'},{'D2'},{'D4'},{'R3'},{'R1'},{'R2'},&,2.0,&
{'D7'},{'D5'},{'D3'},{'D1'},{'D6'},{'D2'},{'R2'},{'D4'},{'R3'},{'R1'},&,1.0,&
{'D7'},{'D5'},{'D3'},{'D1'},{'D6'},{'R3'},{'D2'},{'R1'},{'D4'},{'R2'},&,1.0,&
{'D7'},{'D5'},{'D3'},{'D1'},{'D6'},{'R3'},{'D2'},{'D4'},{'R2'},{'R1'},&,1.0,&
{'D7'},{'D5'},{'D3'},{'D1'},{'D6'},{'R3'},{'D4'},{'D2'},{'R2'},{'R1'},&,1.0,&
{'D7'},{'D5'},{'D3'},{'D1'},{'D6'},{'R3'},{'D4'},{'R1'},{'D2'},{'R2'},&,1.0,&
{'D7'},{'D5'},{'D3'},{'D1'},{'D4'},{'D6'},{'R3'},{'D2'},{'R2'},{'R1'},&,1.0,&
{'D7'},{'D5'},{'D3'},{'D1'},{'D4'},{'D6'},{'R3'},{'D2'},{'R1'},{'R2'},&,1.0,&
{'D7'},{'D5'},{'D3'},{'D1'},{'D4'},{'D6'},{'R3'},{'R2'},{'D2'},{'R1'},&,1.0,&
{'D7'},{'D5'},{'D3'},{'D1'},{'D4'},{'D6'},{'D2'},{'R1'},{'R2'},{'R3'},&,2.0,&
{'D7'},{'D5'},{'D3'},{'D1'},{'D4'},{'D6'},{'D2'},{'R1'},{'R3'},{'R2'},&,4.0,&
{'D7'},{'D5'},{'D3'},{'D1'},{'D4'},{'D6'},{'D2'},{'R2'},{'R3'},{'R1'},&,4.0,&
{'D7'},{'D5'},{'D3'},{'D1'},{'D4'},{'D6'},{'D2'},{'R3'},{'R2'},{'R1'},&,3.0,&
{'D7'},{'D5'},{'D3'},{'D1'},{'D4'},{'D6'},{'D2'},{'R3'},{'R1'},{'R2'},&,4.0,&
{'D7'},{'D5'},{'D3'},{'D1'},{'D4'},{'D6'},{'R2'},{'R3'},{'D2'},{'R1'},&,1.0,&
{'D7'},{'D5'},{'D3'},{'D1'},{'D4'},{'D6'},{'R1'},{'D2'},{'R3'},{'R2'},&,1.0,&
{'D7'},{'D5'},{'D3'},{'D1'},{'D4'},{'D2'},{'R3'},{'D6'},{'R2'},{'R1'},&,1.0,&
{'D7'},{'D5'},{'D3'},{'D1'},{'D4'},{'D2'},{'D6'},{'R1'},{'R2'},{'R3'},&,1.0,&
{'D7'},{'D5'},{'D3'},{'D1'},{'D4'},{'R1'},{'D6'},{'D2'},{'R3'},{'R2'},&,1.0,&
{'D7'},{'D5'},{'D3'},{'D1'},{'D4'},{'R3'},{'D6'},{'D2'},{'R2'},{'R1'},&,1.0,&
{'D7'},{'D5'},{'D3'},{'D1'},{'D4'},{'R3'},{'D6'},{'D2'},{'R1'},{'R2'},&,1.0,&
{'D7'},{'D5'},{'D3'},{'D2'},{'D1'},{'D6'},{'R3'},{'R2'},{'R1'},{'D4'},&,1.0,&
{'D7'},{'D5'},{'D3'},{'D2'},{'D1'},{'D6'},{'R3'},{'D4'},{'R1'},{'R2'},&,1.0,&
{'D7'},{'D5'},{'D3'},{'D2'},{'D1'},{'D6'},{'D4'},{'R1'},{'R2'},{'R3'},&,1.0,&
{'D7'},{'D5'},{'D3'},{'D2'},{'D1'},{'D6'},{'D4'},{'R2'},{'R3'},{'R1'},&,1.0,&
{'D7'},{'D5'},{'D3'},{'D2'},{'D1'},{'D6'},{'D4'},{'R3'},{'R2'},{'R1'},&,2.0,&
{'D7'},{'D5'},{'D3'},{'D2'},{'D1'},{'D4'},{'R3'},{'D6'},{'R1'},{'R2'},&,1.0,&
{'D7'},{'D5'},{'D3'},{'D2'},{'D1'},{'D4'},{'D6'},{'R2'},{'R1'},{'R3'},&,1.0,&
{'D7'},{'D5'},{'D3'},{'D2'},{'D1'},{'D4'},{'D6'},{'R3'},{'R1'},{'R2'},&,1.0,&
{'D7'},{'D5'},{'D3'},{'D2'},{'D1'},{'R1'},{'D6'},{'D4'},{'R3'},{'R2'},&,2.0,&
{'D7'},{'D5'},{'D3'},{'D2'},{'D6'},{'D4'},{'R3'},{'R2'},{'D1'},{'R1'},&,4.0,&
{'D7'},{'D5'},{'D3'},{'D2'},{'D6'},{'D4'},{'R3'},{'D1'},{'R2'},{'R1'},&,1.0,&
{'D7'},{'D5'},{'D3'},{'D2'},{'D6'},{'D4'},{'R3'},{'D1'},{'R1'},{'R2'},&,1.0,&
{'D7'},{'D5'},{'D3'},{'D2'},{'D6'},{'D4'},{'D1'},{'R1'},{'R2'},{'R3'},&,1.0,&
{'D7'},{'D5'},{'D3'},{'D2'},{'D6'},{'D4'},{'D1'},{'R1'},{'R3'},{'R2'},&,5.0,&
{'D7'},{'D5'},{'D3'},{'D2'},{'D6'},{'D4'},{'D1'},{'R2'},{'R3'},{'R1'},&,1.0,&
{'D7'},{'D5'},{'D3'},{'D2'},{'D6'},{'D4'},{'D1'},{'R2'},{'R1'},{'R3'},&,1.0,&
{'D7'},{'D5'},{'D3'},{'D2'},{'D6'},{'D4'},{'D1'},{'R3'},{'R2'},{'R1'},&,5.0,&
{'D7'},{'D5'},{'D3'},{'D2'},{'D6'},{'D4'},{'D1'},{'R3'},{'R1'},{'R2'},&,10.0,&
{'D7'},{'D5'},{'D3'},{'D2'},{'D6'},{'D4'},{'R2'},{'D1'},{'R3'},{'R1'},&,1.0,&
{'D7'},{'D5'},{'D3'},{'D2'},{'D6'},{'D4'},{'R1'},{'D1'},{'R2'},{'R3'},&,1.0,&
{'D7'},{'D5'},{'D3'},{'D2'},{'D6'},{'D4'},{'R1'},{'D1'},{'R3'},{'R2'},&,4.0,&
{'D7'},{'D5'},{'D3'},{'D2'},{'D6'},{'D1'},{'R3'},{'R1'},{'D4'},{'R2'},&,2.0,&
{'D7'},{'D5'},{'D3'},{'D2'},{'D6'},{'D1'},{'R3'},{'D4'},{'R2'},{'R1'},&,1.0,&
{'D7'},{'D5'},{'D3'},{'D2'},{'D6'},{'D1'},{'D4'},{'R1'},{'R2'},{'R3'},&,1.0,&
{'D7'},{'D5'},{'D3'},{'D2'},{'D6'},{'D1'},{'D4'},{'R1'},{'R3'},{'R2'},&,5.0,&
{'D7'},{'D5'},{'D3'},{'D2'},{'D6'},{'D1'},{'D4'},{'R2'},{'R3'},{'R1'},&,1.0,&
{'D7'},{'D5'},{'D3'},{'D2'},{'D6'},{'D1'},{'D4'},{'R3'},{'R2'},{'R1'},&,1.0,&
{'D7'},{'D5'},{'D3'},{'D2'},{'D6'},{'D1'},{'D4'},{'R3'},{'R1'},{'R2'},&,3.0,&
{'D7'},{'D5'},{'D3'},{'D2'},{'D6'},{'R3'},{'D1'},{'D4'},{'R2'},{'R1'},&,1.0,&
{'D7'},{'D5'},{'D3'},{'D2'},{'D6'},{'R3'},{'D4'},{'D1'},{'R2'},{'R1'},&,1.0,&
{'D7'},{'D5'},{'D3'},{'D2'},{'D4'},{'D6'},{'R3'},{'R1'},{'D1'},{'R2'},&,1.0,&
{'D7'},{'D5'},{'D3'},{'D2'},{'D4'},{'D6'},{'R3'},{'D1'},{'R1'},{'R2'},&,1.0,&
{'D7'},{'D5'},{'D3'},{'D2'},{'D4'},{'D6'},{'D1'},{'R1'},{'R3'},{'R2'},&,1.0,&
{'D7'},{'D5'},{'D3'},{'D2'},{'D4'},{'D6'},{'D1'},{'R2'},{'R3'},{'R1'},&,3.0,&
{'D7'},{'D5'},{'D3'},{'D2'},{'D4'},{'D6'},{'D1'},{'R3'},{'R2'},{'R1'},&,4.0,&
{'D7'},{'D5'},{'D3'},{'D2'},{'D4'},{'D6'},{'D1'},{'R3'},{'R1'},{'R2'},&,1.0,&
{'D7'},{'D5'},{'D3'},{'D2'},{'D4'},{'D6'},{'R2'},{'D1'},{'R3'},{'R1'},&,1.0,&
{'D7'},{'D5'},{'D3'},{'D2'},{'D4'},{'D1'},{'R3'},{'D6'},{'R1'},{'R2'},&,1.0,&
{'D7'},{'D5'},{'D3'},{'D2'},{'D4'},{'D1'},{'D6'},{'R2'},{'R3'},{'R1'},&,1.0,&
{'D7'},{'D5'},{'D3'},{'D2'},{'D4'},{'D1'},{'D6'},{'R3'},{'R2'},{'R1'},&,1.0,&
{'D7'},{'D5'},{'D3'},{'D2'},{'D4'},{'R3'},{'D1'},{'D6'},{'R1'},{'R2'},&,1.0,&
{'D7'},{'D5'},{'D3'},{'D2'},{'D4'},{'R3'},{'D6'},{'R1'},{'D1'},{'R2'},&,1.0,&
{'D7'},{'D5'},{'D3'},{'D6'},{'D1'},{'D4'},{'R3'},{'D2'},{'R2'},{'R1'},&,1.0,&
{'D7'},{'D5'},{'D3'},{'D6'},{'D1'},{'D4'},{'R3'},{'D2'},{'R1'},{'R2'},&,1.0,&
{'D7'},{'D5'},{'D3'},{'D6'},{'D1'},{'D4'},{'R3'},{'R1'},{'R2'},{'D2'},&,1.0,&
{'D7'},{'D5'},{'D3'},{'D6'},{'D1'},{'D4'},{'D2'},{'R1'},{'R3'},{'R2'},&,11.0,&
{'D7'},{'D5'},{'D3'},{'D6'},{'D1'},{'D4'},{'D2'},{'R2'},{'R3'},{'R1'},&,9.0,&
{'D7'},{'D5'},{'D3'},{'D6'},{'D1'},{'D4'},{'D2'},{'R2'},{'R1'},{'R3'},&,1.0,&
{'D7'},{'D5'},{'D3'},{'D6'},{'D1'},{'D4'},{'D2'},{'R3'},{'R2'},{'R1'},&,9.0,&
{'D7'},{'D5'},{'D3'},{'D6'},{'D1'},{'D4'},{'D2'},{'R3'},{'R1'},{'R2'},&,13.0,&
{'D7'},{'D5'},{'D3'},{'D6'},{'D1'},{'D4'},{'R2'},{'D2'},{'R3'},{'R1'},&,2.0,&
{'D7'},{'D5'},{'D3'},{'D6'},{'D1'},{'D4'},{'R1'},{'D2'},{'R3'},{'R2'},&,1.0,&
{'D7'},{'D5'},{'D3'},{'D6'},{'D1'},{'D4'},{'R1'},{'R2'},{'D2'},{'R3'},&,1.0,&
{'D7'},{'D5'},{'D3'},{'D6'},{'D1'},{'D2'},{'R3'},{'D4'},{'R2'},{'R1'},&,1.0,&
{'D7'},{'D5'},{'D3'},{'D6'},{'D1'},{'D2'},{'R3'},{'D4'},{'R1'},{'R2'},&,1.0,&
{'D7'},{'D5'},{'D3'},{'D6'},{'D1'},{'D2'},{'D4'},{'R1'},{'R2'},{'R3'},&,2.0,&
{'D7'},{'D5'},{'D3'},{'D6'},{'D1'},{'D2'},{'D4'},{'R1'},{'R3'},{'R2'},&,5.0,&
{'D7'},{'D5'},{'D3'},{'D6'},{'D1'},{'D2'},{'D4'},{'R2'},{'R3'},{'R1'},&,3.0,&
{'D7'},{'D5'},{'D3'},{'D6'},{'D1'},{'D2'},{'D4'},{'R2'},{'R1'},{'R3'},&,1.0,&
{'D7'},{'D5'},{'D3'},{'D6'},{'D1'},{'D2'},{'D4'},{'R3'},{'R2'},{'R1'},&,9.0,&
{'D7'},{'D5'},{'D3'},{'D6'},{'D1'},{'D2'},{'D4'},{'R3'},{'R1'},{'R2'},&,6.0,&
{'D7'},{'D5'},{'D3'},{'D6'},{'D1'},{'D2'},{'R2'},{'D4'},{'R3'},{'R1'},&,2.0,&
{'D7'},{'D5'},{'D3'},{'D6'},{'D1'},{'D2'},{'R2'},{'D4'},{'R1'},{'R3'},&,1.0,&
{'D7'},{'D5'},{'D3'},{'D6'},{'D1'},{'D2'},{'R1'},{'R2'},{'R3'},{'D4'},&,1.0,&
{'D7'},{'D5'},{'D3'},{'D6'},{'D1'},{'D2'},{'R1'},{'D4'},{'R3'},{'R2'},&,1.0,&
{'D7'},{'D5'},{'D3'},{'D6'},{'D1'},{'R2'},{'D2'},{'D4'},{'R3'},{'R1'},&,1.0,&
{'D7'},{'D5'},{'D3'},{'D6'},{'D1'},{'R1'},{'D4'},{'D2'},{'R2'},{'R3'},&,1.0,&
{'D7'},{'D5'},{'D3'},{'D6'},{'D1'},{'R1'},{'D4'},{'R2'},{'D2'},{'R3'},&,1.0,&
{'D7'},{'D5'},{'D3'},{'D6'},{'D1'},{'R3'},{'D2'},{'R2'},{'R1'},{'D4'},&,1.0,&
{'D7'},{'D5'},{'D3'},{'D6'},{'D1'},{'R3'},{'D2'},{'D4'},{'R2'},{'R1'},&,1.0,&
{'D7'},{'D5'},{'D3'},{'D6'},{'D1'},{'R3'},{'D4'},{'D2'},{'R2'},{'R1'},&,2.0,&
{'D7'},{'D5'},{'D3'},{'D6'},{'D1'},{'R3'},{'D4'},{'D2'},{'R1'},{'R2'},&,2.0,&
{'D7'},{'D5'},{'D3'},{'D6'},{'D2'},{'D4'},{'R3'},{'R1'},{'R2'},{'D1'},&,1.0,&
{'D7'},{'D5'},{'D3'},{'D6'},{'D2'},{'D4'},{'R3'},{'R1'},{'D1'},{'R2'},&,1.0,&
{'D7'},{'D5'},{'D3'},{'D6'},{'D2'},{'D4'},{'R3'},{'R2'},{'D1'},{'R1'},&,1.0,&
{'D7'},{'D5'},{'D3'},{'D6'},{'D2'},{'D4'},{'R3'},{'D1'},{'R2'},{'R1'},&,2.0,&
{'D7'},{'D5'},{'D3'},{'D6'},{'D2'},{'D4'},{'R3'},{'D1'},{'R1'},{'R2'},&,3.0,&
{'D7'},{'D5'},{'D3'},{'D6'},{'D2'},{'D4'},{'D1'},{'R1'},{'R2'},{'R3'},&,1.0,&
{'D7'},{'D5'},{'D3'},{'D6'},{'D2'},{'D4'},{'D1'},{'R1'},{'R3'},{'R2'},&,8.0,&
{'D7'},{'D5'},{'D3'},{'D6'},{'D2'},{'D4'},{'D1'},{'R2'},{'R3'},{'R1'},&,2.0,&
{'D7'},{'D5'},{'D3'},{'D6'},{'D2'},{'D4'},{'D1'},{'R2'},{'R1'},{'R3'},&,1.0,&
{'D7'},{'D5'},{'D3'},{'D6'},{'D2'},{'D4'},{'D1'},{'R3'},{'R2'},{'R1'},&,6.0,&
{'D7'},{'D5'},{'D3'},{'D6'},{'D2'},{'D4'},{'D1'},{'R3'},{'R1'},{'R2'},&,9.0,&
{'D7'},{'D5'},{'D3'},{'D6'},{'D2'},{'D4'},{'R2'},{'D1'},{'R3'},{'R1'},&,2.0,&
{'D7'},{'D5'},{'D3'},{'D6'},{'D2'},{'D4'},{'R2'},{'D1'},{'R1'},{'R3'},&,1.0,&
{'D7'},{'D5'},{'D3'},{'D6'},{'D2'},{'D4'},{'R1'},{'D1'},{'R2'},{'R3'},&,4.0,&
{'D7'},{'D5'},{'D3'},{'D6'},{'D2'},{'D4'},{'R1'},{'D1'},{'R3'},{'R2'},&,1.0,&
{'D7'},{'D5'},{'D3'},{'D6'},{'D2'},{'D1'},{'R3'},{'R1'},{'D4'},{'R2'},&,1.0,&
{'D7'},{'D5'},{'D3'},{'D6'},{'D2'},{'D1'},{'R3'},{'D4'},{'R1'},{'R2'},&,1.0,&
{'D7'},{'D5'},{'D3'},{'D6'},{'D2'},{'D1'},{'D4'},{'R1'},{'R2'},{'R3'},&,2.0,&
{'D7'},{'D5'},{'D3'},{'D6'},{'D2'},{'D1'},{'D4'},{'R1'},{'R3'},{'R2'},&,9.0,&
{'D7'},{'D5'},{'D3'},{'D6'},{'D2'},{'D1'},{'D4'},{'R2'},{'R3'},{'R1'},&,1.0,&
{'D7'},{'D5'},{'D3'},{'D6'},{'D2'},{'D1'},{'D4'},{'R3'},{'R2'},{'R1'},&,4.0,&
{'D7'},{'D5'},{'D3'},{'D6'},{'D2'},{'D1'},{'D4'},{'R3'},{'R1'},{'R2'},&,6.0,&
{'D7'},{'D5'},{'D3'},{'D6'},{'D2'},{'D1'},{'R1'},{'D4'},{'R3'},{'R2'},&,1.0,&
{'D7'},{'D5'},{'D3'},{'D6'},{'D2'},{'R1'},{'D4'},{'D1'},{'R3'},{'R2'},&,1.0,&
{'D7'},{'D5'},{'D3'},{'D6'},{'D2'},{'R3'},{'D1'},{'D4'},{'R2'},{'R1'},&,1.0,&
{'D7'},{'D5'},{'D3'},{'D6'},{'D2'},{'R3'},{'D1'},{'D4'},{'R1'},{'R2'},&,1.0,&
{'D7'},{'D5'},{'D3'},{'D6'},{'D2'},{'R3'},{'D4'},{'R2'},{'D1'},{'R1'},&,1.0,&
{'D7'},{'D5'},{'D3'},{'D6'},{'D2'},{'R3'},{'D4'},{'D1'},{'R2'},{'R1'},&,1.0,&
{'D7'},{'D5'},{'D3'},{'D6'},{'D4'},{'D1'},{'R3'},{'D2'},{'R2'},{'R1'},&,2.0,&
{'D7'},{'D5'},{'D3'},{'D6'},{'D4'},{'D1'},{'R3'},{'D2'},{'R1'},{'R2'},&,4.0,&
{'D7'},{'D5'},{'D3'},{'D6'},{'D4'},{'D1'},{'R3'},{'R2'},{'D2'},{'R1'},&,1.0,&
{'D7'},{'D5'},{'D3'},{'D6'},{'D4'},{'D1'},{'D2'},{'R1'},{'R2'},{'R3'},&,6.0,&
{'D7'},{'D5'},{'D3'},{'D6'},{'D4'},{'D1'},{'D2'},{'R1'},{'R3'},{'R2'},&,8.0,&
{'D7'},{'D5'},{'D3'},{'D6'},{'D4'},{'D1'},{'D2'},{'R2'},{'R3'},{'R1'},&,2.0,&
{'D7'},{'D5'},{'D3'},{'D6'},{'D4'},{'D1'},{'D2'},{'R2'},{'R1'},{'R3'},&,6.0,&
{'D7'},{'D5'},{'D3'},{'D6'},{'D4'},{'D1'},{'D2'},{'R3'},{'R2'},{'R1'},&,11.0,&
{'D7'},{'D5'},{'D3'},{'D6'},{'D4'},{'D1'},{'D2'},{'R3'},{'R1'},{'R2'},&,18.0,&
{'D7'},{'D5'},{'D3'},{'D6'},{'D4'},{'D1'},{'R2'},{'D2'},{'R3'},{'R1'},&,2.0,&
{'D7'},{'D5'},{'D3'},{'D6'},{'D4'},{'D1'},{'R1'},{'D2'},{'R3'},{'R2'},&,1.0,&
{'D7'},{'D5'},{'D3'},{'D6'},{'D4'},{'D1'},{'R1'},{'R3'},{'D2'},{'R2'},&,1.0,&
{'D7'},{'D5'},{'D3'},{'D6'},{'D4'},{'D2'},{'R3'},{'R1'},{'D1'},{'R2'},&,2.0,&
{'D7'},{'D5'},{'D3'},{'D6'},{'D4'},{'D2'},{'R3'},{'R2'},{'D1'},{'R1'},&,1.0,&
{'D7'},{'D5'},{'D3'},{'D6'},{'D4'},{'D2'},{'R3'},{'D1'},{'R2'},{'R1'},&,3.0,&
{'D7'},{'D5'},{'D3'},{'D6'},{'D4'},{'D2'},{'R3'},{'D1'},{'R1'},{'R2'},&,2.0,&
{'D7'},{'D5'},{'D3'},{'D6'},{'D4'},{'D2'},{'D1'},{'R1'},{'R2'},{'R3'},&,2.0,&
{'D7'},{'D5'},{'D3'},{'D6'},{'D4'},{'D2'},{'D1'},{'R1'},{'R3'},{'R2'},&,11.0,&
{'D7'},{'D5'},{'D3'},{'D6'},{'D4'},{'D2'},{'D1'},{'R2'},{'R3'},{'R1'},&,6.0,&
{'D7'},{'D5'},{'D3'},{'D6'},{'D4'},{'D2'},{'D1'},{'R2'},{'R1'},{'R3'},&,2.0,&
{'D7'},{'D5'},{'D3'},{'D6'},{'D4'},{'D2'},{'D1'},{'R3'},{'R2'},{'R1'},&,9.0,&
{'D7'},{'D5'},{'D3'},{'D6'},{'D4'},{'D2'},{'D1'},{'R3'},{'R1'},{'R2'},&,7.0,&
{'D7'},{'D5'},{'D3'},{'D6'},{'D4'},{'D2'},{'R1'},{'R2'},{'R3'},{'D1'},&,1.0,&
{'D7'},{'D5'},{'D3'},{'D6'},{'D4'},{'D2'},{'R1'},{'R3'},{'R2'},{'D1'},&,1.0,&
{'D7'},{'D5'},{'D3'},{'D6'},{'D4'},{'D2'},{'R1'},{'D1'},{'R3'},{'R2'},&,2.0,&
{'D7'},{'D5'},{'D3'},{'D6'},{'D4'},{'R2'},{'D2'},{'D1'},{'R3'},{'R1'},&,2.0,&
{'D7'},{'D5'},{'D3'},{'D6'},{'D4'},{'R2'},{'D1'},{'D2'},{'R3'},{'R1'},&,1.0,&
{'D7'},{'D5'},{'D3'},{'D6'},{'D4'},{'R1'},{'D1'},{'D2'},{'R2'},{'R3'},&,1.0,&
{'D7'},{'D5'},{'D3'},{'D6'},{'D4'},{'R1'},{'D1'},{'D2'},{'R3'},{'R2'},&,1.0,&
{'D7'},{'D5'},{'D3'},{'D6'},{'D4'},{'R1'},{'D1'},{'R3'},{'D2'},{'R2'},&,1.0,&
{'D7'},{'D5'},{'D3'},{'D6'},{'R3'},{'D4'},{'D2'},{'D1'},{'R2'},{'R1'},&,1.0,&
{'D7'},{'D5'},{'D3'},{'D6'},{'R3'},{'D1'},{'D4'},{'D2'},{'R2'},{'R1'},&,1.0,&
{'D7'},{'D5'},{'D3'},{'D6'},{'R3'},{'D2'},{'D1'},{'R2'},{'D4'},{'R1'},&,1.0,&
{'D7'},{'D5'},{'D3'},{'D6'},{'R2'},{'D4'},{'D1'},{'D2'},{'R3'},{'R1'},&,1.0,&
{'D7'},{'D5'},{'D3'},{'D6'},{'R1'},{'D1'},{'D2'},{'D4'},{'R3'},{'R2'},&,1.0,&
{'D7'},{'D5'},{'D3'},{'D6'},{'R1'},{'D2'},{'D4'},{'D1'},{'R3'},{'R2'},&,1.0,&
{'D7'},{'D5'},{'D3'},{'D4'},{'D1'},{'D6'},{'D2'},{'R1'},{'R2'},{'R3'},&,1.0,&
{'D7'},{'D5'},{'D3'},{'D4'},{'D1'},{'D6'},{'D2'},{'R1'},{'R3'},{'R2'},&,2.0,&
{'D7'},{'D5'},{'D3'},{'D4'},{'D1'},{'D6'},{'D2'},{'R2'},{'R3'},{'R1'},&,4.0,&
{'D7'},{'D5'},{'D3'},{'D4'},{'D1'},{'D6'},{'D2'},{'R3'},{'R2'},{'R1'},&,1.0,&
{'D7'},{'D5'},{'D3'},{'D4'},{'D1'},{'D6'},{'D2'},{'R3'},{'R1'},{'R2'},&,6.0,&
{'D7'},{'D5'},{'D3'},{'D4'},{'D1'},{'D6'},{'R1'},{'R3'},{'D2'},{'R2'},&,2.0,&
{'D7'},{'D5'},{'D3'},{'D4'},{'D1'},{'D2'},{'R2'},{'D6'},{'R3'},{'R1'},&,1.0,&
{'D7'},{'D5'},{'D3'},{'D4'},{'D1'},{'D2'},{'D6'},{'R1'},{'R3'},{'R2'},&,1.0,&
{'D7'},{'D5'},{'D3'},{'D4'},{'D1'},{'D2'},{'D6'},{'R2'},{'R3'},{'R1'},&,1.0,&
{'D7'},{'D5'},{'D3'},{'D4'},{'D1'},{'D2'},{'D6'},{'R2'},{'R1'},{'R3'},&,1.0,&
{'D7'},{'D5'},{'D3'},{'D4'},{'D1'},{'D2'},{'D6'},{'R3'},{'R2'},{'R1'},&,1.0,&
{'D7'},{'D5'},{'D3'},{'D4'},{'D1'},{'D2'},{'D6'},{'R3'},{'R1'},{'R2'},&,1.0,&
{'D7'},{'D5'},{'D3'},{'D4'},{'D1'},{'D2'},{'R1'},{'R3'},{'D6'},{'R2'},&,1.0,&
{'D7'},{'D5'},{'D3'},{'D4'},{'D1'},{'R2'},{'D6'},{'D2'},{'R3'},{'R1'},&,1.0,&
{'D7'},{'D5'},{'D3'},{'D4'},{'D1'},{'R3'},{'D6'},{'D2'},{'R1'},{'R2'},&,3.0,&
{'D7'},{'D5'},{'D3'},{'D4'},{'D2'},{'D6'},{'R3'},{'D1'},{'R1'},{'R2'},&,1.0,&
{'D7'},{'D5'},{'D3'},{'D4'},{'D2'},{'D6'},{'D1'},{'R1'},{'R3'},{'R2'},&,3.0,&
{'D7'},{'D5'},{'D3'},{'D4'},{'D2'},{'D6'},{'D1'},{'R2'},{'R3'},{'R1'},&,2.0,&
{'D7'},{'D5'},{'D3'},{'D4'},{'D2'},{'D6'},{'D1'},{'R3'},{'R2'},{'R1'},&,2.0,&
{'D7'},{'D5'},{'D3'},{'D4'},{'D2'},{'D6'},{'D1'},{'R3'},{'R1'},{'R2'},&,3.0,&
{'D7'},{'D5'},{'D3'},{'D4'},{'D2'},{'D6'},{'R1'},{'D1'},{'R3'},{'R2'},&,1.0,&
{'D7'},{'D5'},{'D3'},{'D4'},{'D2'},{'D1'},{'R3'},{'R2'},{'D6'},{'R1'},&,1.0,&
{'D7'},{'D5'},{'D3'},{'D4'},{'D2'},{'D1'},{'D6'},{'R2'},{'R1'},{'R3'},&,1.0,&
{'D7'},{'D5'},{'D3'},{'D4'},{'D2'},{'D1'},{'D6'},{'R3'},{'R1'},{'R2'},&,2.0,&
{'D7'},{'D5'},{'D3'},{'D4'},{'D2'},{'R3'},{'D6'},{'D1'},{'R1'},{'R2'},&,1.0,&
{'D7'},{'D5'},{'D3'},{'D4'},{'D6'},{'D1'},{'R3'},{'D2'},{'R2'},{'R1'},&,4.0,&
{'D7'},{'D5'},{'D3'},{'D4'},{'D6'},{'D1'},{'R3'},{'R1'},{'R2'},{'D2'},&,1.0,&
{'D7'},{'D5'},{'D3'},{'D4'},{'D6'},{'D1'},{'R3'},{'R2'},{'D2'},{'R1'},&,1.0,&
{'D7'},{'D5'},{'D3'},{'D4'},{'D6'},{'D1'},{'D2'},{'R1'},{'R2'},{'R3'},&,2.0,&
{'D7'},{'D5'},{'D3'},{'D4'},{'D6'},{'D1'},{'D2'},{'R1'},{'R3'},{'R2'},&,9.0,&
{'D7'},{'D5'},{'D3'},{'D4'},{'D6'},{'D1'},{'D2'},{'R2'},{'R3'},{'R1'},&,3.0,&
{'D7'},{'D5'},{'D3'},{'D4'},{'D6'},{'D1'},{'D2'},{'R2'},{'R1'},{'R3'},&,4.0,&
{'D7'},{'D5'},{'D3'},{'D4'},{'D6'},{'D1'},{'D2'},{'R3'},{'R2'},{'R1'},&,9.0,&
{'D7'},{'D5'},{'D3'},{'D4'},{'D6'},{'D1'},{'D2'},{'R3'},{'R1'},{'R2'},&,9.0,&
{'D7'},{'D5'},{'D3'},{'D4'},{'D6'},{'D1'},{'R2'},{'D2'},{'R3'},{'R1'},&,2.0,&
{'D7'},{'D5'},{'D3'},{'D4'},{'D6'},{'D1'},{'R2'},{'R3'},{'D2'},{'R1'},&,2.0,&
{'D7'},{'D5'},{'D3'},{'D4'},{'D6'},{'D1'},{'R1'},{'D2'},{'R2'},{'R3'},&,2.0,&
{'D7'},{'D5'},{'D3'},{'D4'},{'D6'},{'D1'},{'R1'},{'D2'},{'R3'},{'R2'},&,1.0,&
{'D7'},{'D5'},{'D3'},{'D4'},{'D6'},{'D2'},{'R3'},{'R1'},{'D1'},{'R2'},&,1.0,&
{'D7'},{'D5'},{'D3'},{'D4'},{'D6'},{'D2'},{'R3'},{'D1'},{'R2'},{'R1'},&,2.0,&
{'D7'},{'D5'},{'D3'},{'D4'},{'D6'},{'D2'},{'R3'},{'D1'},{'R1'},{'R2'},&,2.0,&
{'D7'},{'D5'},{'D3'},{'D4'},{'D6'},{'D2'},{'D1'},{'R1'},{'R2'},{'R3'},&,1.0,&
{'D7'},{'D5'},{'D3'},{'D4'},{'D6'},{'D2'},{'D1'},{'R1'},{'R3'},{'R2'},&,4.0,&
{'D7'},{'D5'},{'D3'},{'D4'},{'D6'},{'D2'},{'D1'},{'R2'},{'R3'},{'R1'},&,2.0,&
{'D7'},{'D5'},{'D3'},{'D4'},{'D6'},{'D2'},{'D1'},{'R2'},{'R1'},{'R3'},&,1.0,&
{'D7'},{'D5'},{'D3'},{'D4'},{'D6'},{'D2'},{'D1'},{'R3'},{'R2'},{'R1'},&,7.0,&
{'D7'},{'D5'},{'D3'},{'D4'},{'D6'},{'D2'},{'D1'},{'R3'},{'R1'},{'R2'},&,12.0,&
{'D7'},{'D5'},{'D3'},{'D4'},{'D6'},{'D2'},{'R2'},{'D1'},{'R3'},{'R1'},&,1.0,&
{'D7'},{'D5'},{'D3'},{'D4'},{'D6'},{'R2'},{'D2'},{'R3'},{'D1'},{'R1'},&,1.0,&
{'D7'},{'D5'},{'D3'},{'D4'},{'D6'},{'R2'},{'D1'},{'D2'},{'R3'},{'R1'},&,1.0,&
{'D7'},{'D5'},{'D3'},{'D4'},{'D6'},{'R2'},{'D1'},{'R1'},{'D2'},{'R3'},&,1.0,&
{'D7'},{'D5'},{'D3'},{'D4'},{'D6'},{'R3'},{'D2'},{'D1'},{'R1'},{'R2'},&,1.0,&
{'D7'},{'D5'},{'D3'},{'D4'},{'R3'},{'D6'},{'D1'},{'D2'},{'R2'},{'R1'},&,1.0,&
{'D7'},{'D5'},{'D3'},{'R3'},{'D2'},{'D6'},{'D1'},{'D4'},{'R2'},{'R1'},&,1.0,&
{'D7'},{'D5'},{'D6'},{'D1'},{'D2'},{'D4'},{'D3'},{'R3'},{'R2'},{'R1'},&,1.0,&
{'D7'},{'D5'},{'D6'},{'D1'},{'D2'},{'D4'},{'D3'},{'R3'},{'R1'},{'R2'},&,5.0,&
{'D7'},{'D5'},{'D6'},{'D1'},{'D2'},{'D3'},{'R3'},{'R1'},{'D4'},{'R2'},&,1.0,&
{'D7'},{'D5'},{'D6'},{'D1'},{'D2'},{'D3'},{'D4'},{'R1'},{'R3'},{'R2'},&,2.0,&
{'D7'},{'D5'},{'D6'},{'D1'},{'D2'},{'D3'},{'D4'},{'R2'},{'R3'},{'R1'},&,1.0,&
{'D7'},{'D5'},{'D6'},{'D1'},{'D2'},{'D3'},{'D4'},{'R3'},{'R2'},{'R1'},&,5.0,&
{'D7'},{'D5'},{'D6'},{'D1'},{'D2'},{'D3'},{'D4'},{'R3'},{'R1'},{'R2'},&,4.0,&
{'D7'},{'D5'},{'D6'},{'D1'},{'D2'},{'D3'},{'R2'},{'R3'},{'D4'},{'R1'},&,1.0,&
{'D7'},{'D5'},{'D6'},{'D1'},{'D2'},{'R3'},{'D3'},{'D4'},{'R1'},{'R2'},&,1.0,&
{'D7'},{'D5'},{'D6'},{'D1'},{'D3'},{'D4'},{'R3'},{'D2'},{'R1'},{'R2'},&,3.0,&
{'D7'},{'D5'},{'D6'},{'D1'},{'D3'},{'D4'},{'D2'},{'R1'},{'R2'},{'R3'},&,4.0,&
{'D7'},{'D5'},{'D6'},{'D1'},{'D3'},{'D4'},{'D2'},{'R1'},{'R3'},{'R2'},&,2.0,&
{'D7'},{'D5'},{'D6'},{'D1'},{'D3'},{'D4'},{'D2'},{'R2'},{'R3'},{'R1'},&,3.0,&
{'D7'},{'D5'},{'D6'},{'D1'},{'D3'},{'D4'},{'D2'},{'R2'},{'R1'},{'R3'},&,1.0,&
{'D7'},{'D5'},{'D6'},{'D1'},{'D3'},{'D4'},{'D2'},{'R3'},{'R2'},{'R1'},&,6.0,&
{'D7'},{'D5'},{'D6'},{'D1'},{'D3'},{'D4'},{'D2'},{'R3'},{'R1'},{'R2'},&,5.0,&
{'D7'},{'D5'},{'D6'},{'D1'},{'D3'},{'D4'},{'R2'},{'D2'},{'R1'},{'R3'},&,1.0,&
{'D7'},{'D5'},{'D6'},{'D1'},{'D3'},{'D4'},{'R2'},{'R3'},{'D2'},{'R1'},&,1.0,&
{'D7'},{'D5'},{'D6'},{'D1'},{'D3'},{'D4'},{'R1'},{'D2'},{'R3'},{'R2'},&,3.0,&
{'D7'},{'D5'},{'D6'},{'D1'},{'D3'},{'D2'},{'R3'},{'D4'},{'R2'},{'R1'},&,1.0,&
{'D7'},{'D5'},{'D6'},{'D1'},{'D3'},{'D2'},{'D4'},{'R1'},{'R2'},{'R3'},&,2.0,&
{'D7'},{'D5'},{'D6'},{'D1'},{'D3'},{'D2'},{'D4'},{'R1'},{'R3'},{'R2'},&,2.0,&
{'D7'},{'D5'},{'D6'},{'D1'},{'D3'},{'D2'},{'D4'},{'R2'},{'R3'},{'R1'},&,2.0,&
{'D7'},{'D5'},{'D6'},{'D1'},{'D3'},{'D2'},{'D4'},{'R2'},{'R1'},{'R3'},&,1.0,&
{'D7'},{'D5'},{'D6'},{'D1'},{'D3'},{'D2'},{'D4'},{'R3'},{'R2'},{'R1'},&,5.0,&
{'D7'},{'D5'},{'D6'},{'D1'},{'D3'},{'D2'},{'D4'},{'R3'},{'R1'},{'R2'},&,4.0,&
{'D7'},{'D5'},{'D6'},{'D1'},{'D3'},{'D2'},{'R2'},{'D4'},{'R3'},{'R1'},&,1.0,&
{'D7'},{'D5'},{'D6'},{'D1'},{'D3'},{'R1'},{'D4'},{'D2'},{'R2'},{'R3'},&,1.0,&
{'D7'},{'D5'},{'D6'},{'D1'},{'D3'},{'R3'},{'D2'},{'D4'},{'R2'},{'R1'},&,1.0,&
{'D7'},{'D5'},{'D6'},{'D1'},{'D3'},{'R3'},{'D2'},{'D4'},{'R1'},{'R2'},&,1.0,&
{'D7'},{'D5'},{'D6'},{'D1'},{'D3'},{'R3'},{'D4'},{'D2'},{'R2'},{'R1'},&,1.0,&
{'D7'},{'D5'},{'D6'},{'D1'},{'D4'},{'D2'},{'R3'},{'R1'},{'D3'},{'R2'},&,2.0,&
{'D7'},{'D5'},{'D6'},{'D1'},{'D4'},{'D2'},{'R3'},{'R2'},{'D3'},{'R1'},&,1.0,&
{'D7'},{'D5'},{'D6'},{'D1'},{'D4'},{'D2'},{'R3'},{'D3'},{'R1'},{'R2'},&,1.0,&
{'D7'},{'D5'},{'D6'},{'D1'},{'D4'},{'D2'},{'R2'},{'D3'},{'R3'},{'R1'},&,1.0,&
{'D7'},{'D5'},{'D6'},{'D1'},{'D4'},{'D2'},{'D3'},{'R2'},{'R3'},{'R1'},&,1.0,&
{'D7'},{'D5'},{'D6'},{'D1'},{'D4'},{'D2'},{'D3'},{'R3'},{'R2'},{'R1'},&,3.0,&
{'D7'},{'D5'},{'D6'},{'D1'},{'D4'},{'D3'},{'R3'},{'D2'},{'R2'},{'R1'},&,2.0,&
{'D7'},{'D5'},{'D6'},{'D1'},{'D4'},{'D3'},{'D2'},{'R1'},{'R2'},{'R3'},&,1.0,&
{'D7'},{'D5'},{'D6'},{'D1'},{'D4'},{'D3'},{'D2'},{'R1'},{'R3'},{'R2'},&,1.0,&
{'D7'},{'D5'},{'D6'},{'D1'},{'D4'},{'D3'},{'D2'},{'R2'},{'R3'},{'R1'},&,2.0,&
{'D7'},{'D5'},{'D6'},{'D1'},{'D4'},{'D3'},{'D2'},{'R2'},{'R1'},{'R3'},&,1.0,&
{'D7'},{'D5'},{'D6'},{'D1'},{'D4'},{'D3'},{'D2'},{'R3'},{'R2'},{'R1'},&,1.0,&
{'D7'},{'D5'},{'D6'},{'D1'},{'D4'},{'D3'},{'D2'},{'R3'},{'R1'},{'R2'},&,6.0,&
{'D7'},{'D5'},{'D6'},{'D1'},{'D4'},{'D3'},{'R1'},{'D2'},{'R2'},{'R3'},&,2.0,&
{'D7'},{'D5'},{'D6'},{'D1'},{'D4'},{'R2'},{'D3'},{'D2'},{'R3'},{'R1'},&,1.0,&
{'D7'},{'D5'},{'D6'},{'D1'},{'R1'},{'D3'},{'D4'},{'D2'},{'R3'},{'R2'},&,1.0,&
{'D7'},{'D5'},{'D6'},{'D2'},{'D1'},{'D4'},{'D3'},{'R1'},{'R2'},{'R3'},&,1.0,&
{'D7'},{'D5'},{'D6'},{'D2'},{'D1'},{'D4'},{'D3'},{'R1'},{'R3'},{'R2'},&,1.0,&
{'D7'},{'D5'},{'D6'},{'D2'},{'D1'},{'D4'},{'D3'},{'R3'},{'R1'},{'R2'},&,1.0,&
{'D7'},{'D5'},{'D6'},{'D2'},{'D1'},{'D3'},{'R3'},{'R2'},{'R1'},{'D4'},&,1.0,&
{'D7'},{'D5'},{'D6'},{'D2'},{'D1'},{'D3'},{'R3'},{'D4'},{'R1'},{'R2'},&,1.0,&
{'D7'},{'D5'},{'D6'},{'D2'},{'D1'},{'D3'},{'D4'},{'R1'},{'R2'},{'R3'},&,1.0,&
{'D7'},{'D5'},{'D6'},{'D2'},{'D1'},{'D3'},{'D4'},{'R1'},{'R3'},{'R2'},&,2.0,&
{'D7'},{'D5'},{'D6'},{'D2'},{'D1'},{'D3'},{'D4'},{'R2'},{'R3'},{'R1'},&,1.0,&
{'D7'},{'D5'},{'D6'},{'D2'},{'D1'},{'D3'},{'D4'},{'R3'},{'R2'},{'R1'},&,5.0,&
{'D7'},{'D5'},{'D6'},{'D2'},{'D1'},{'D3'},{'D4'},{'R3'},{'R1'},{'R2'},&,1.0,&
{'D7'},{'D5'},{'D6'},{'D2'},{'D1'},{'D3'},{'R1'},{'D4'},{'R2'},{'R3'},&,1.0,&
{'D7'},{'D5'},{'D6'},{'D2'},{'D3'},{'D4'},{'R3'},{'R2'},{'D1'},{'R1'},&,1.0,&
{'D7'},{'D5'},{'D6'},{'D2'},{'D3'},{'D4'},{'R3'},{'D1'},{'R2'},{'R1'},&,1.0,&
{'D7'},{'D5'},{'D6'},{'D2'},{'D3'},{'D4'},{'R3'},{'D1'},{'R1'},{'R2'},&,2.0,&
{'D7'},{'D5'},{'D6'},{'D2'},{'D3'},{'D4'},{'D1'},{'R1'},{'R2'},{'R3'},&,2.0,&
{'D7'},{'D5'},{'D6'},{'D2'},{'D3'},{'D4'},{'D1'},{'R1'},{'R3'},{'R2'},&,5.0,&
{'D7'},{'D5'},{'D6'},{'D2'},{'D3'},{'D4'},{'D1'},{'R2'},{'R3'},{'R1'},&,3.0,&
{'D7'},{'D5'},{'D6'},{'D2'},{'D3'},{'D4'},{'D1'},{'R2'},{'R1'},{'R3'},&,3.0,&
{'D7'},{'D5'},{'D6'},{'D2'},{'D3'},{'D4'},{'D1'},{'R3'},{'R2'},{'R1'},&,5.0,&
{'D7'},{'D5'},{'D6'},{'D2'},{'D3'},{'D4'},{'D1'},{'R3'},{'R1'},{'R2'},&,8.0,&
{'D7'},{'D5'},{'D6'},{'D2'},{'D3'},{'D4'},{'R2'},{'R1'},{'R3'},{'D1'},&,2.0,&
{'D7'},{'D5'},{'D6'},{'D2'},{'D3'},{'D4'},{'R2'},{'D1'},{'R1'},{'R3'},&,1.0,&
{'D7'},{'D5'},{'D6'},{'D2'},{'D3'},{'D4'},{'R1'},{'R3'},{'D1'},{'R2'},&,1.0,&
{'D7'},{'D5'},{'D6'},{'D2'},{'D3'},{'D1'},{'R3'},{'R2'},{'D4'},{'R1'},&,1.0,&
{'D7'},{'D5'},{'D6'},{'D2'},{'D3'},{'D1'},{'R3'},{'D4'},{'R2'},{'R1'},&,2.0,&
{'D7'},{'D5'},{'D6'},{'D2'},{'D3'},{'D1'},{'D4'},{'R1'},{'R3'},{'R2'},&,1.0,&
{'D7'},{'D5'},{'D6'},{'D2'},{'D3'},{'D1'},{'D4'},{'R2'},{'R1'},{'R3'},&,1.0,&
{'D7'},{'D5'},{'D6'},{'D2'},{'D3'},{'D1'},{'D4'},{'R3'},{'R2'},{'R1'},&,7.0,&
{'D7'},{'D5'},{'D6'},{'D2'},{'D3'},{'D1'},{'D4'},{'R3'},{'R1'},{'R2'},&,4.0,&
{'D7'},{'D5'},{'D6'},{'D2'},{'D3'},{'D1'},{'R1'},{'D4'},{'R3'},{'R2'},&,1.0,&
{'D7'},{'D5'},{'D6'},{'D2'},{'D4'},{'D1'},{'R3'},{'D3'},{'R2'},{'R1'},&,1.0,&
{'D7'},{'D5'},{'D6'},{'D2'},{'D4'},{'D1'},{'D3'},{'R1'},{'R3'},{'R2'},&,1.0,&
{'D7'},{'D5'},{'D6'},{'D2'},{'D4'},{'D1'},{'D3'},{'R3'},{'R2'},{'R1'},&,1.0,&
{'D7'},{'D5'},{'D6'},{'D2'},{'D4'},{'D3'},{'R3'},{'R2'},{'R1'},{'D1'},&,1.0,&
{'D7'},{'D5'},{'D6'},{'D2'},{'D4'},{'D3'},{'R3'},{'D1'},{'R1'},{'R2'},&,1.0,&
{'D7'},{'D5'},{'D6'},{'D2'},{'D4'},{'D3'},{'D1'},{'R1'},{'R3'},{'R2'},&,4.0,&
{'D7'},{'D5'},{'D6'},{'D2'},{'D4'},{'D3'},{'D1'},{'R2'},{'R3'},{'R1'},&,1.0,&
{'D7'},{'D5'},{'D6'},{'D2'},{'D4'},{'D3'},{'D1'},{'R2'},{'R1'},{'R3'},&,1.0,&
{'D7'},{'D5'},{'D6'},{'D2'},{'D4'},{'D3'},{'D1'},{'R3'},{'R2'},{'R1'},&,2.0,&
{'D7'},{'D5'},{'D6'},{'D2'},{'D4'},{'D3'},{'D1'},{'R3'},{'R1'},{'R2'},&,2.0,&
{'D7'},{'D5'},{'D6'},{'D2'},{'D4'},{'D3'},{'R2'},{'D1'},{'R3'},{'R1'},&,1.0,&
{'D7'},{'D5'},{'D6'},{'D2'},{'D4'},{'D3'},{'R1'},{'D1'},{'R2'},{'R3'},&,2.0,&
{'D7'},{'D5'},{'D6'},{'D2'},{'D4'},{'D3'},{'R1'},{'D1'},{'R3'},{'R2'},&,1.0,&
{'D7'},{'D5'},{'D6'},{'D2'},{'D4'},{'R3'},{'D1'},{'D3'},{'R2'},{'R1'},&,1.0,&
{'D7'},{'D5'},{'D6'},{'D2'},{'R3'},{'D1'},{'D3'},{'D4'},{'R2'},{'R1'},&,1.0,&
{'D7'},{'D5'},{'D6'},{'D2'},{'R2'},{'D4'},{'D3'},{'D1'},{'R3'},{'R1'},&,1.0,&
{'D7'},{'D5'},{'D6'},{'D3'},{'D1'},{'D4'},{'R3'},{'D2'},{'R2'},{'R1'},&,1.0,&
{'D7'},{'D5'},{'D6'},{'D3'},{'D1'},{'D4'},{'R3'},{'D2'},{'R1'},{'R2'},&,2.0,&
{'D7'},{'D5'},{'D6'},{'D3'},{'D1'},{'D4'},{'R3'},{'R1'},{'D2'},{'R2'},&,1.0,&
{'D7'},{'D5'},{'D6'},{'D3'},{'D1'},{'D4'},{'D2'},{'R1'},{'R2'},{'R3'},&,7.0,&
{'D7'},{'D5'},{'D6'},{'D3'},{'D1'},{'D4'},{'D2'},{'R1'},{'R3'},{'R2'},&,5.0,&
{'D7'},{'D5'},{'D6'},{'D3'},{'D1'},{'D4'},{'D2'},{'R2'},{'R3'},{'R1'},&,7.0,&
{'D7'},{'D5'},{'D6'},{'D3'},{'D1'},{'D4'},{'D2'},{'R2'},{'R1'},{'R3'},&,6.0,&
{'D7'},{'D5'},{'D6'},{'D3'},{'D1'},{'D4'},{'D2'},{'R3'},{'R2'},{'R1'},&,10.0,&
{'D7'},{'D5'},{'D6'},{'D3'},{'D1'},{'D4'},{'D2'},{'R3'},{'R1'},{'R2'},&,6.0,&
{'D7'},{'D5'},{'D6'},{'D3'},{'D1'},{'D4'},{'R2'},{'D2'},{'R3'},{'R1'},&,2.0,&
{'D7'},{'D5'},{'D6'},{'D3'},{'D1'},{'D4'},{'R1'},{'D2'},{'R2'},{'R3'},&,2.0,&
{'D7'},{'D5'},{'D6'},{'D3'},{'D1'},{'D4'},{'R1'},{'D2'},{'R3'},{'R2'},&,3.0,&
{'D7'},{'D5'},{'D6'},{'D3'},{'D1'},{'D2'},{'R3'},{'R1'},{'D4'},{'R2'},&,1.0,&
{'D7'},{'D5'},{'D6'},{'D3'},{'D1'},{'D2'},{'R3'},{'D4'},{'R1'},{'R2'},&,4.0,&
{'D7'},{'D5'},{'D6'},{'D3'},{'D1'},{'D2'},{'D4'},{'R1'},{'R3'},{'R2'},&,7.0,&
{'D7'},{'D5'},{'D6'},{'D3'},{'D1'},{'D2'},{'D4'},{'R2'},{'R3'},{'R1'},&,3.0,&
{'D7'},{'D5'},{'D6'},{'D3'},{'D1'},{'D2'},{'D4'},{'R2'},{'R1'},{'R3'},&,2.0,&
{'D7'},{'D5'},{'D6'},{'D3'},{'D1'},{'D2'},{'D4'},{'R3'},{'R2'},{'R1'},&,6.0,&
{'D7'},{'D5'},{'D6'},{'D3'},{'D1'},{'D2'},{'D4'},{'R3'},{'R1'},{'R2'},&,8.0,&
{'D7'},{'D5'},{'D6'},{'D3'},{'D1'},{'D2'},{'R2'},{'D4'},{'R3'},{'R1'},&,1.0,&
{'D7'},{'D5'},{'D6'},{'D3'},{'D1'},{'D2'},{'R1'},{'D4'},{'R2'},{'R3'},&,2.0,&
{'D7'},{'D5'},{'D6'},{'D3'},{'D1'},{'R2'},{'D2'},{'D4'},{'R3'},{'R1'},&,1.0,&
{'D7'},{'D5'},{'D6'},{'D3'},{'D1'},{'R1'},{'D4'},{'D2'},{'R3'},{'R2'},&,1.0,&
{'D7'},{'D5'},{'D6'},{'D3'},{'D1'},{'R3'},{'D4'},{'D2'},{'R2'},{'R1'},&,1.0,&
{'D7'},{'D5'},{'D6'},{'D3'},{'D1'},{'R3'},{'D4'},{'D2'},{'R1'},{'R2'},&,1.0,&
{'D7'},{'D5'},{'D6'},{'D3'},{'D1'},{'R3'},{'D4'},{'R2'},{'D2'},{'R1'},&,1.0,&
{'D7'},{'D5'},{'D6'},{'D3'},{'D2'},{'D4'},{'R3'},{'R1'},{'D1'},{'R2'},&,1.0,&
{'D7'},{'D5'},{'D6'},{'D3'},{'D2'},{'D4'},{'R3'},{'R2'},{'D1'},{'R1'},&,1.0,&
{'D7'},{'D5'},{'D6'},{'D3'},{'D2'},{'D4'},{'R3'},{'D1'},{'R2'},{'R1'},&,1.0,&
{'D7'},{'D5'},{'D6'},{'D3'},{'D2'},{'D4'},{'R3'},{'D1'},{'R1'},{'R2'},&,2.0,&
{'D7'},{'D5'},{'D6'},{'D3'},{'D2'},{'D4'},{'D1'},{'R1'},{'R2'},{'R3'},&,3.0,&
{'D7'},{'D5'},{'D6'},{'D3'},{'D2'},{'D4'},{'D1'},{'R1'},{'R3'},{'R2'},&,5.0,&
{'D7'},{'D5'},{'D6'},{'D3'},{'D2'},{'D4'},{'D1'},{'R2'},{'R3'},{'R1'},&,6.0,&
{'D7'},{'D5'},{'D6'},{'D3'},{'D2'},{'D4'},{'D1'},{'R2'},{'R1'},{'R3'},&,2.0,&
{'D7'},{'D5'},{'D6'},{'D3'},{'D2'},{'D4'},{'D1'},{'R3'},{'R2'},{'R1'},&,5.0,&
{'D7'},{'D5'},{'D6'},{'D3'},{'D2'},{'D4'},{'D1'},{'R3'},{'R1'},{'R2'},&,9.0,&
{'D7'},{'D5'},{'D6'},{'D3'},{'D2'},{'D4'},{'R2'},{'D1'},{'R3'},{'R1'},&,2.0,&
{'D7'},{'D5'},{'D6'},{'D3'},{'D2'},{'D4'},{'R2'},{'D1'},{'R1'},{'R3'},&,1.0,&
{'D7'},{'D5'},{'D6'},{'D3'},{'D2'},{'D4'},{'R1'},{'R2'},{'R3'},{'D1'},&,1.0,&
{'D7'},{'D5'},{'D6'},{'D3'},{'D2'},{'D4'},{'R1'},{'R3'},{'D1'},{'R2'},&,1.0,&
{'D7'},{'D5'},{'D6'},{'D3'},{'D2'},{'D4'},{'R1'},{'D1'},{'R2'},{'R3'},&,1.0,&
{'D7'},{'D5'},{'D6'},{'D3'},{'D2'},{'D4'},{'R1'},{'D1'},{'R3'},{'R2'},&,2.0,&
{'D7'},{'D5'},{'D6'},{'D3'},{'D2'},{'D1'},{'R3'},{'D4'},{'R2'},{'R1'},&,1.0,&
{'D7'},{'D5'},{'D6'},{'D3'},{'D2'},{'D1'},{'R3'},{'D4'},{'R1'},{'R2'},&,4.0,&
{'D7'},{'D5'},{'D6'},{'D3'},{'D2'},{'D1'},{'D4'},{'R1'},{'R2'},{'R3'},&,2.0,&
{'D7'},{'D5'},{'D6'},{'D3'},{'D2'},{'D1'},{'D4'},{'R1'},{'R3'},{'R2'},&,6.0,&
{'D7'},{'D5'},{'D6'},{'D3'},{'D2'},{'D1'},{'D4'},{'R2'},{'R3'},{'R1'},&,3.0,&
{'D7'},{'D5'},{'D6'},{'D3'},{'D2'},{'D1'},{'D4'},{'R3'},{'R2'},{'R1'},&,8.0,&
{'D7'},{'D5'},{'D6'},{'D3'},{'D2'},{'D1'},{'D4'},{'R3'},{'R1'},{'R2'},&,6.0,&
{'D7'},{'D5'},{'D6'},{'D3'},{'D2'},{'D1'},{'R1'},{'R2'},{'D4'},{'R3'},&,2.0,&
{'D7'},{'D5'},{'D6'},{'D3'},{'D2'},{'D1'},{'R1'},{'D4'},{'R2'},{'R3'},&,1.0,&
{'D7'},{'D5'},{'D6'},{'D3'},{'D2'},{'D1'},{'R1'},{'D4'},{'R3'},{'R2'},&,1.0,&
{'D7'},{'D5'},{'D6'},{'D3'},{'D2'},{'R2'},{'D1'},{'D4'},{'R3'},{'R1'},&,1.0,&
{'D7'},{'D5'},{'D6'},{'D3'},{'D2'},{'R2'},{'D1'},{'D4'},{'R1'},{'R3'},&,1.0,&
{'D7'},{'D5'},{'D6'},{'D3'},{'D2'},{'R1'},{'D1'},{'R3'},{'D4'},{'R2'},&,1.0,&
{'D7'},{'D5'},{'D6'},{'D3'},{'D2'},{'R1'},{'D4'},{'D1'},{'R2'},{'R3'},&,1.0,&
{'D7'},{'D5'},{'D6'},{'D3'},{'D2'},{'R3'},{'D4'},{'D1'},{'R2'},{'R1'},&,1.0,&
{'D7'},{'D5'},{'D6'},{'D3'},{'D2'},{'R3'},{'D4'},{'D1'},{'R1'},{'R2'},&,1.0,&
{'D7'},{'D5'},{'D6'},{'D3'},{'D4'},{'D1'},{'R3'},{'D2'},{'R2'},{'R1'},&,3.0,&
{'D7'},{'D5'},{'D6'},{'D3'},{'D4'},{'D1'},{'R3'},{'D2'},{'R1'},{'R2'},&,4.0,&
{'D7'},{'D5'},{'D6'},{'D3'},{'D4'},{'D1'},{'D2'},{'R1'},{'R2'},{'R3'},&,2.0,&
{'D7'},{'D5'},{'D6'},{'D3'},{'D4'},{'D1'},{'D2'},{'R1'},{'R3'},{'R2'},&,8.0,&
{'D7'},{'D5'},{'D6'},{'D3'},{'D4'},{'D1'},{'D2'},{'R2'},{'R3'},{'R1'},&,13.0,&
{'D7'},{'D5'},{'D6'},{'D3'},{'D4'},{'D1'},{'D2'},{'R2'},{'R1'},{'R3'},&,2.0,&
{'D7'},{'D5'},{'D6'},{'D3'},{'D4'},{'D1'},{'D2'},{'R3'},{'R2'},{'R1'},&,9.0,&
{'D7'},{'D5'},{'D6'},{'D3'},{'D4'},{'D1'},{'D2'},{'R3'},{'R1'},{'R2'},&,19.0,&
{'D7'},{'D5'},{'D6'},{'D3'},{'D4'},{'D1'},{'R2'},{'D2'},{'R3'},{'R1'},&,2.0,&
{'D7'},{'D5'},{'D6'},{'D3'},{'D4'},{'D1'},{'R2'},{'D2'},{'R1'},{'R3'},&,1.0,&
{'D7'},{'D5'},{'D6'},{'D3'},{'D4'},{'D1'},{'R2'},{'R3'},{'D2'},{'R1'},&,1.0,&
{'D7'},{'D5'},{'D6'},{'D3'},{'D4'},{'D1'},{'R1'},{'D2'},{'R3'},{'R2'},&,5.0,&
{'D7'},{'D5'},{'D6'},{'D3'},{'D4'},{'D1'},{'R1'},{'R2'},{'R3'},{'D2'},&,1.0,&
{'D7'},{'D5'},{'D6'},{'D3'},{'D4'},{'D2'},{'R3'},{'R1'},{'R2'},{'D1'},&,1.0,&
{'D7'},{'D5'},{'D6'},{'D3'},{'D4'},{'D2'},{'R3'},{'R1'},{'D1'},{'R2'},&,1.0,&
{'D7'},{'D5'},{'D6'},{'D3'},{'D4'},{'D2'},{'R3'},{'R2'},{'D1'},{'R1'},&,3.0,&
{'D7'},{'D5'},{'D6'},{'D3'},{'D4'},{'D2'},{'R3'},{'D1'},{'R2'},{'R1'},&,2.0,&
{'D7'},{'D5'},{'D6'},{'D3'},{'D4'},{'D2'},{'D1'},{'R1'},{'R2'},{'R3'},&,5.0,&
{'D7'},{'D5'},{'D6'},{'D3'},{'D4'},{'D2'},{'D1'},{'R1'},{'R3'},{'R2'},&,7.0,&
{'D7'},{'D5'},{'D6'},{'D3'},{'D4'},{'D2'},{'D1'},{'R2'},{'R3'},{'R1'},&,7.0,&
{'D7'},{'D5'},{'D6'},{'D3'},{'D4'},{'D2'},{'D1'},{'R2'},{'R1'},{'R3'},&,2.0,&
{'D7'},{'D5'},{'D6'},{'D3'},{'D4'},{'D2'},{'D1'},{'R3'},{'R2'},{'R1'},&,11.0,&
{'D7'},{'D5'},{'D6'},{'D3'},{'D4'},{'D2'},{'D1'},{'R3'},{'R1'},{'R2'},&,14.0,&
{'D7'},{'D5'},{'D6'},{'D3'},{'D4'},{'D2'},{'R2'},{'D1'},{'R3'},{'R1'},&,3.0,&
{'D7'},{'D5'},{'D6'},{'D3'},{'D4'},{'D2'},{'R2'},{'D1'},{'R1'},{'R3'},&,1.0,&
{'D7'},{'D5'},{'D6'},{'D3'},{'D4'},{'D2'},{'R1'},{'R3'},{'D1'},{'R2'},&,1.0,&
{'D7'},{'D5'},{'D6'},{'D3'},{'D4'},{'D2'},{'R1'},{'D1'},{'R3'},{'R2'},&,1.0,&
{'D7'},{'D5'},{'D6'},{'D3'},{'D4'},{'R2'},{'D2'},{'R1'},{'D1'},{'R3'},&,1.0,&
{'D7'},{'D5'},{'D6'},{'D3'},{'D4'},{'R2'},{'D2'},{'D1'},{'R1'},{'R3'},&,1.0,&
{'D7'},{'D5'},{'D6'},{'D3'},{'D4'},{'R2'},{'D1'},{'D2'},{'R1'},{'R3'},&,1.0,&
{'D7'},{'D5'},{'D6'},{'D3'},{'D4'},{'R2'},{'D1'},{'R3'},{'R1'},{'D2'},&,1.0,&
{'D7'},{'D5'},{'D6'},{'D3'},{'D4'},{'R3'},{'D2'},{'R1'},{'D1'},{'R2'},&,1.0,&
{'D7'},{'D5'},{'D6'},{'D3'},{'D4'},{'R3'},{'D2'},{'D1'},{'R2'},{'R1'},&,1.0,&
{'D7'},{'D5'},{'D6'},{'D3'},{'D4'},{'R3'},{'D1'},{'D2'},{'R2'},{'R1'},&,1.0,&
{'D7'},{'D5'},{'D6'},{'D3'},{'D4'},{'R3'},{'D1'},{'D2'},{'R1'},{'R2'},&,1.0,&
{'D7'},{'D5'},{'D6'},{'D3'},{'R3'},{'D4'},{'D2'},{'D1'},{'R1'},{'R2'},&,2.0,&
{'D7'},{'D5'},{'D6'},{'D3'},{'R3'},{'D4'},{'D1'},{'D2'},{'R2'},{'R1'},&,1.0,&
{'D7'},{'D5'},{'D6'},{'D3'},{'R3'},{'D1'},{'D4'},{'D2'},{'R2'},{'R1'},&,1.0,&
{'D7'},{'D5'},{'D6'},{'R1'},{'D2'},{'D3'},{'D4'},{'D1'},{'R3'},{'R2'},&,1.0,&
{'D7'},{'D5'},{'D6'},{'D4'},{'D1'},{'D2'},{'R3'},{'R2'},{'D3'},{'R1'},&,1.0,&
{'D7'},{'D5'},{'D6'},{'D4'},{'D1'},{'D2'},{'R3'},{'D3'},{'R2'},{'R1'},&,1.0,&
{'D7'},{'D5'},{'D6'},{'D4'},{'D1'},{'D2'},{'R2'},{'D3'},{'R1'},{'R3'},&,1.0,&
{'D7'},{'D5'},{'D6'},{'D4'},{'D1'},{'D2'},{'D3'},{'R2'},{'R3'},{'R1'},&,1.0,&
{'D7'},{'D5'},{'D6'},{'D4'},{'D1'},{'D2'},{'D3'},{'R3'},{'R2'},{'R1'},&,2.0,&
{'D7'},{'D5'},{'D6'},{'D4'},{'D1'},{'D3'},{'R3'},{'D2'},{'R1'},{'R2'},&,1.0,&
{'D7'},{'D5'},{'D6'},{'D4'},{'D1'},{'D3'},{'D2'},{'R1'},{'R2'},{'R3'},&,1.0,&
{'D7'},{'D5'},{'D6'},{'D4'},{'D1'},{'D3'},{'D2'},{'R1'},{'R3'},{'R2'},&,2.0,&
{'D7'},{'D5'},{'D6'},{'D4'},{'D1'},{'D3'},{'D2'},{'R2'},{'R3'},{'R1'},&,1.0,&
{'D7'},{'D5'},{'D6'},{'D4'},{'D1'},{'D3'},{'D2'},{'R3'},{'R2'},{'R1'},&,3.0,&
{'D7'},{'D5'},{'D6'},{'D4'},{'D1'},{'D3'},{'D2'},{'R3'},{'R1'},{'R2'},&,6.0,&
{'D7'},{'D5'},{'D6'},{'D4'},{'D1'},{'D3'},{'R2'},{'D2'},{'R3'},{'R1'},&,1.0,&
{'D7'},{'D5'},{'D6'},{'D4'},{'D1'},{'D3'},{'R1'},{'D2'},{'R2'},{'R3'},&,1.0,&
{'D7'},{'D5'},{'D6'},{'D4'},{'D1'},{'D3'},{'R1'},{'D2'},{'R3'},{'R2'},&,1.0,&
{'D7'},{'D5'},{'D6'},{'D4'},{'D2'},{'D1'},{'D3'},{'R1'},{'R3'},{'R2'},&,1.0,&
{'D7'},{'D5'},{'D6'},{'D4'},{'D2'},{'D1'},{'D3'},{'R3'},{'R2'},{'R1'},&,3.0,&
{'D7'},{'D5'},{'D6'},{'D4'},{'D2'},{'D1'},{'D3'},{'R3'},{'R1'},{'R2'},&,1.0,&
{'D7'},{'D5'},{'D6'},{'D4'},{'D2'},{'D3'},{'R3'},{'R2'},{'R1'},{'D1'},&,1.0,&
{'D7'},{'D5'},{'D6'},{'D4'},{'D2'},{'D3'},{'R3'},{'D1'},{'R2'},{'R1'},&,1.0,&
{'D7'},{'D5'},{'D6'},{'D4'},{'D2'},{'D3'},{'R3'},{'D1'},{'R1'},{'R2'},&,2.0,&
{'D7'},{'D5'},{'D6'},{'D4'},{'D2'},{'D3'},{'D1'},{'R1'},{'R2'},{'R3'},&,1.0,&
{'D7'},{'D5'},{'D6'},{'D4'},{'D2'},{'D3'},{'D1'},{'R1'},{'R3'},{'R2'},&,3.0,&
{'D7'},{'D5'},{'D6'},{'D4'},{'D2'},{'D3'},{'D1'},{'R2'},{'R3'},{'R1'},&,3.0,&
{'D7'},{'D5'},{'D6'},{'D4'},{'D2'},{'D3'},{'D1'},{'R3'},{'R2'},{'R1'},&,3.0,&
{'D7'},{'D5'},{'D6'},{'D4'},{'D2'},{'D3'},{'D1'},{'R3'},{'R1'},{'R2'},&,4.0,&
{'D7'},{'D5'},{'D6'},{'D4'},{'D2'},{'D3'},{'R2'},{'D1'},{'R3'},{'R1'},&,1.0,&
{'D7'},{'D5'},{'D6'},{'D4'},{'D2'},{'R3'},{'D1'},{'D3'},{'R2'},{'R1'},&,1.0,&
{'D7'},{'D5'},{'D6'},{'D4'},{'D3'},{'D1'},{'R3'},{'D2'},{'R2'},{'R1'},&,1.0,&
{'D7'},{'D5'},{'D6'},{'D4'},{'D3'},{'D1'},{'R3'},{'D2'},{'R1'},{'R2'},&,4.0,&
{'D7'},{'D5'},{'D6'},{'D4'},{'D3'},{'D1'},{'D2'},{'R1'},{'R2'},{'R3'},&,2.0,&
{'D7'},{'D5'},{'D6'},{'D4'},{'D3'},{'D1'},{'D2'},{'R1'},{'R3'},{'R2'},&,7.0,&
{'D7'},{'D5'},{'D6'},{'D4'},{'D3'},{'D1'},{'D2'},{'R2'},{'R3'},{'R1'},&,6.0,&
{'D7'},{'D5'},{'D6'},{'D4'},{'D3'},{'D1'},{'D2'},{'R2'},{'R1'},{'R3'},&,5.0,&
{'D7'},{'D5'},{'D6'},{'D4'},{'D3'},{'D1'},{'D2'},{'R3'},{'R2'},{'R1'},&,9.0,&
{'D7'},{'D5'},{'D6'},{'D4'},{'D3'},{'D1'},{'D2'},{'R3'},{'R1'},{'R2'},&,6.0,&
{'D7'},{'D5'},{'D6'},{'D4'},{'D3'},{'D1'},{'R2'},{'D2'},{'R3'},{'R1'},&,1.0,&
{'D7'},{'D5'},{'D6'},{'D4'},{'D3'},{'D1'},{'R2'},{'R3'},{'D2'},{'R1'},&,1.0,&
{'D7'},{'D5'},{'D6'},{'D4'},{'D3'},{'D1'},{'R1'},{'D2'},{'R2'},{'R3'},&,1.0,&
{'D7'},{'D5'},{'D6'},{'D4'},{'D3'},{'D1'},{'R1'},{'D2'},{'R3'},{'R2'},&,3.0,&
{'D7'},{'D5'},{'D6'},{'D4'},{'D3'},{'D2'},{'R3'},{'D1'},{'R2'},{'R1'},&,2.0,&
{'D7'},{'D5'},{'D6'},{'D4'},{'D3'},{'D2'},{'R3'},{'D1'},{'R1'},{'R2'},&,2.0,&
{'D7'},{'D5'},{'D6'},{'D4'},{'D3'},{'D2'},{'D1'},{'R1'},{'R2'},{'R3'},&,1.0,&
{'D7'},{'D5'},{'D6'},{'D4'},{'D3'},{'D2'},{'D1'},{'R1'},{'R3'},{'R2'},&,5.0,&
{'D7'},{'D5'},{'D6'},{'D4'},{'D3'},{'D2'},{'D1'},{'R2'},{'R3'},{'R1'},&,1.0,&
{'D7'},{'D5'},{'D6'},{'D4'},{'D3'},{'D2'},{'D1'},{'R2'},{'R1'},{'R3'},&,4.0,&
{'D7'},{'D5'},{'D6'},{'D4'},{'D3'},{'D2'},{'D1'},{'R3'},{'R2'},{'R1'},&,6.0,&
{'D7'},{'D5'},{'D6'},{'D4'},{'D3'},{'D2'},{'D1'},{'R3'},{'R1'},{'R2'},&,6.0,&
{'D7'},{'D5'},{'D6'},{'D4'},{'D3'},{'D2'},{'R2'},{'R3'},{'D1'},{'R1'},&,1.0,&
{'D7'},{'D5'},{'D6'},{'D4'},{'D3'},{'D2'},{'R2'},{'D1'},{'R3'},{'R1'},&,1.0,&
{'D7'},{'D5'},{'D6'},{'D4'},{'D3'},{'D2'},{'R1'},{'D1'},{'R2'},{'R3'},&,1.0,&
{'D7'},{'D5'},{'D6'},{'D4'},{'D3'},{'D2'},{'R1'},{'D1'},{'R3'},{'R2'},&,1.0,&
{'D7'},{'D5'},{'D6'},{'D4'},{'D3'},{'R2'},{'D1'},{'D2'},{'R1'},{'R3'},&,1.0,&
{'D7'},{'D5'},{'D6'},{'D4'},{'D3'},{'R1'},{'D2'},{'R3'},{'D1'},{'R2'},&,1.0,&
{'D7'},{'D5'},{'D6'},{'D4'},{'D3'},{'R1'},{'D1'},{'R2'},{'R3'},{'D2'},&,1.0,&
{'D7'},{'D5'},{'D6'},{'D4'},{'D3'},{'R3'},{'D1'},{'D2'},{'R2'},{'R1'},&,2.0,&
{'D7'},{'D5'},{'D6'},{'D4'},{'R3'},{'D2'},{'D3'},{'D1'},{'R1'},{'R2'},&,1.0,&
{'D7'},{'D5'},{'D6'},{'D4'},{'R3'},{'D3'},{'D1'},{'D2'},{'R1'},{'R2'},&,2.0,&
{'D7'},{'D5'},{'D6'},{'D4'},{'R1'},{'D1'},{'D3'},{'D2'},{'R3'},{'R2'},&,1.0,&
{'D7'},{'D5'},{'D1'},{'D2'},{'D3'},{'D6'},{'R3'},{'D4'},{'R2'},{'R1'},&,1.0,&
{'D7'},{'D5'},{'D1'},{'D2'},{'D3'},{'D6'},{'D4'},{'R1'},{'R3'},{'R2'},&,1.0,&
{'D7'},{'D5'},{'D1'},{'D2'},{'D3'},{'D6'},{'D4'},{'R3'},{'R1'},{'R2'},&,2.0,&
{'D7'},{'D5'},{'D1'},{'D2'},{'D3'},{'D4'},{'D6'},{'R1'},{'R3'},{'R2'},&,1.0,&
{'D7'},{'D5'},{'D1'},{'D2'},{'D6'},{'D4'},{'D3'},{'R2'},{'R3'},{'R1'},&,1.0,&
{'D7'},{'D5'},{'D1'},{'D2'},{'D6'},{'D4'},{'D3'},{'R3'},{'R1'},{'R2'},&,1.0,&
{'D7'},{'D5'},{'D1'},{'D2'},{'D6'},{'D4'},{'R1'},{'D3'},{'R2'},{'R3'},&,1.0,&
{'D7'},{'D5'},{'D1'},{'D2'},{'D6'},{'D3'},{'D4'},{'R1'},{'R2'},{'R3'},&,1.0,&
{'D7'},{'D5'},{'D1'},{'D2'},{'D6'},{'D3'},{'D4'},{'R1'},{'R3'},{'R2'},&,1.0,&
{'D7'},{'D5'},{'D1'},{'D2'},{'D6'},{'D3'},{'D4'},{'R3'},{'R2'},{'R1'},&,2.0,&
{'D7'},{'D5'},{'D1'},{'D2'},{'D6'},{'D3'},{'R1'},{'R2'},{'D4'},{'R3'},&,1.0,&
{'D7'},{'D5'},{'D1'},{'D2'},{'D6'},{'R3'},{'D3'},{'R2'},{'D4'},{'R1'},&,1.0,&
{'D7'},{'D5'},{'D1'},{'D2'},{'D6'},{'R3'},{'D3'},{'D4'},{'R2'},{'R1'},&,1.0,&
{'D7'},{'D5'},{'D1'},{'D2'},{'D4'},{'D3'},{'R1'},{'D6'},{'R3'},{'R2'},&,1.0,&
{'D7'},{'D5'},{'D1'},{'D2'},{'R3'},{'D3'},{'D6'},{'D4'},{'R1'},{'R2'},&,1.0,&
{'D7'},{'D5'},{'D1'},{'D3'},{'D2'},{'D6'},{'R3'},{'D4'},{'R1'},{'R2'},&,1.0,&
{'D7'},{'D5'},{'D1'},{'D3'},{'D2'},{'D6'},{'D4'},{'R1'},{'R3'},{'R2'},&,4.0,&
{'D7'},{'D5'},{'D1'},{'D3'},{'D2'},{'D6'},{'D4'},{'R2'},{'R3'},{'R1'},&,1.0,&
{'D7'},{'D5'},{'D1'},{'D3'},{'D2'},{'D6'},{'D4'},{'R3'},{'R1'},{'R2'},&,1.0,&
{'D7'},{'D5'},{'D1'},{'D3'},{'D2'},{'D4'},{'R3'},{'R2'},{'D6'},{'R1'},&,1.0,&
{'D7'},{'D5'},{'D1'},{'D3'},{'D2'},{'D4'},{'D6'},{'R3'},{'R2'},{'R1'},&,1.0,&
{'D7'},{'D5'},{'D1'},{'D3'},{'D2'},{'D4'},{'D6'},{'R3'},{'R1'},{'R2'},&,1.0,&
{'D7'},{'D5'},{'D1'},{'D3'},{'D2'},{'R3'},{'D4'},{'R1'},{'D6'},{'R2'},&,1.0,&
{'D7'},{'D5'},{'D1'},{'D3'},{'D6'},{'D4'},{'R3'},{'D2'},{'R1'},{'R2'},&,1.0,&
{'D7'},{'D5'},{'D1'},{'D3'},{'D6'},{'D4'},{'D2'},{'R1'},{'R2'},{'R3'},&,1.0,&
{'D7'},{'D5'},{'D1'},{'D3'},{'D6'},{'D4'},{'D2'},{'R1'},{'R3'},{'R2'},&,5.0,&
{'D7'},{'D5'},{'D1'},{'D3'},{'D6'},{'D4'},{'D2'},{'R2'},{'R3'},{'R1'},&,1.0,&
{'D7'},{'D5'},{'D1'},{'D3'},{'D6'},{'D4'},{'D2'},{'R2'},{'R1'},{'R3'},&,1.0,&
{'D7'},{'D5'},{'D1'},{'D3'},{'D6'},{'D4'},{'D2'},{'R3'},{'R2'},{'R1'},&,1.0,&
{'D7'},{'D5'},{'D1'},{'D3'},{'D6'},{'D4'},{'D2'},{'R3'},{'R1'},{'R2'},&,7.0,&
{'D7'},{'D5'},{'D1'},{'D3'},{'D6'},{'D4'},{'R2'},{'D2'},{'R3'},{'R1'},&,2.0,&
{'D7'},{'D5'},{'D1'},{'D3'},{'D6'},{'D4'},{'R2'},{'D2'},{'R1'},{'R3'},&,1.0,&
{'D7'},{'D5'},{'D1'},{'D3'},{'D6'},{'D4'},{'R1'},{'D2'},{'R2'},{'R3'},&,1.0,&
{'D7'},{'D5'},{'D1'},{'D3'},{'D6'},{'D2'},{'D4'},{'R1'},{'R2'},{'R3'},&,3.0,&
{'D7'},{'D5'},{'D1'},{'D3'},{'D6'},{'D2'},{'D4'},{'R1'},{'R3'},{'R2'},&,3.0,&
{'D7'},{'D5'},{'D1'},{'D3'},{'D6'},{'D2'},{'D4'},{'R2'},{'R1'},{'R3'},&,2.0,&
{'D7'},{'D5'},{'D1'},{'D3'},{'D6'},{'D2'},{'D4'},{'R3'},{'R2'},{'R1'},&,1.0,&
{'D7'},{'D5'},{'D1'},{'D3'},{'D6'},{'D2'},{'D4'},{'R3'},{'R1'},{'R2'},&,1.0,&
{'D7'},{'D5'},{'D1'},{'D3'},{'D6'},{'R2'},{'R1'},{'D4'},{'D2'},{'R3'},&,1.0,&
{'D7'},{'D5'},{'D1'},{'D3'},{'D6'},{'R1'},{'R3'},{'D2'},{'D4'},{'R2'},&,1.0,&
{'D7'},{'D5'},{'D1'},{'D3'},{'D6'},{'R1'},{'D4'},{'D2'},{'R3'},{'R2'},&,1.0,&
{'D7'},{'D5'},{'D1'},{'D3'},{'D6'},{'R3'},{'D4'},{'D2'},{'R2'},{'R1'},&,1.0,&
{'D7'},{'D5'},{'D1'},{'D3'},{'D6'},{'R3'},{'D4'},{'D2'},{'R1'},{'R2'},&,1.0,&
{'D7'},{'D5'},{'D1'},{'D3'},{'D4'},{'D6'},{'D2'},{'R1'},{'R2'},{'R3'},&,1.0,&
{'D7'},{'D5'},{'D1'},{'D3'},{'D4'},{'D6'},{'D2'},{'R2'},{'R3'},{'R1'},&,2.0,&
{'D7'},{'D5'},{'D1'},{'D3'},{'D4'},{'D6'},{'D2'},{'R3'},{'R2'},{'R1'},&,4.0,&
{'D7'},{'D5'},{'D1'},{'D3'},{'D4'},{'D6'},{'D2'},{'R3'},{'R1'},{'R2'},&,5.0,&
{'D7'},{'D5'},{'D1'},{'D3'},{'D4'},{'D6'},{'R1'},{'D2'},{'R3'},{'R2'},&,1.0,&
{'D7'},{'D5'},{'D1'},{'D3'},{'D4'},{'D2'},{'D6'},{'R2'},{'R3'},{'R1'},&,1.0,&
{'D7'},{'D5'},{'D1'},{'D3'},{'D4'},{'D2'},{'D6'},{'R3'},{'R2'},{'R1'},&,1.0,&
{'D7'},{'D5'},{'D1'},{'D3'},{'D4'},{'R3'},{'D2'},{'D6'},{'R2'},{'R1'},&,1.0,&
{'D7'},{'D5'},{'D1'},{'D3'},{'D4'},{'R3'},{'D6'},{'D2'},{'R1'},{'R2'},&,1.0,&
{'D7'},{'D5'},{'D1'},{'D3'},{'R2'},{'D6'},{'D2'},{'R1'},{'D4'},{'R3'},&,1.0,&
{'D7'},{'D5'},{'D1'},{'D3'},{'R2'},{'D4'},{'D6'},{'R3'},{'R1'},{'D2'},&,1.0,&
{'D7'},{'D5'},{'D1'},{'R1'},{'D4'},{'D3'},{'D6'},{'D2'},{'R2'},{'R3'},&,1.0,&
{'D7'},{'D5'},{'D1'},{'D6'},{'D2'},{'D4'},{'D3'},{'R1'},{'R3'},{'R2'},&,1.0,&
{'D7'},{'D5'},{'D1'},{'D6'},{'D2'},{'D4'},{'D3'},{'R3'},{'R2'},{'R1'},&,3.0,&
{'D7'},{'D5'},{'D1'},{'D6'},{'D2'},{'D4'},{'D3'},{'R3'},{'R1'},{'R2'},&,1.0,&
{'D7'},{'D5'},{'D1'},{'D6'},{'D2'},{'D3'},{'R3'},{'D4'},{'R1'},{'R2'},&,2.0,&
{'D7'},{'D5'},{'D1'},{'D6'},{'D2'},{'D3'},{'D4'},{'R1'},{'R3'},{'R2'},&,1.0,&
{'D7'},{'D5'},{'D1'},{'D6'},{'D2'},{'D3'},{'D4'},{'R2'},{'R3'},{'R1'},&,1.0,&
{'D7'},{'D5'},{'D1'},{'D6'},{'D2'},{'D3'},{'D4'},{'R2'},{'R1'},{'R3'},&,1.0,&
{'D7'},{'D5'},{'D1'},{'D6'},{'D2'},{'D3'},{'D4'},{'R3'},{'R2'},{'R1'},&,4.0,&
{'D7'},{'D5'},{'D1'},{'D6'},{'D2'},{'D3'},{'D4'},{'R3'},{'R1'},{'R2'},&,2.0,&
{'D7'},{'D5'},{'D1'},{'D6'},{'D2'},{'D3'},{'R1'},{'R3'},{'D4'},{'R2'},&,1.0,&
{'D7'},{'D5'},{'D1'},{'D6'},{'D3'},{'D4'},{'R3'},{'D2'},{'R2'},{'R1'},&,2.0,&
{'D7'},{'D5'},{'D1'},{'D6'},{'D3'},{'D4'},{'D2'},{'R1'},{'R2'},{'R3'},&,4.0,&
{'D7'},{'D5'},{'D1'},{'D6'},{'D3'},{'D4'},{'D2'},{'R1'},{'R3'},{'R2'},&,2.0,&
{'D7'},{'D5'},{'D1'},{'D6'},{'D3'},{'D4'},{'D2'},{'R2'},{'R3'},{'R1'},&,3.0,&
{'D7'},{'D5'},{'D1'},{'D6'},{'D3'},{'D4'},{'D2'},{'R2'},{'R1'},{'R3'},&,2.0,&
{'D7'},{'D5'},{'D1'},{'D6'},{'D3'},{'D4'},{'D2'},{'R3'},{'R2'},{'R1'},&,3.0,&
{'D7'},{'D5'},{'D1'},{'D6'},{'D3'},{'D4'},{'D2'},{'R3'},{'R1'},{'R2'},&,7.0,&
{'D7'},{'D5'},{'D1'},{'D6'},{'D3'},{'D4'},{'R2'},{'D2'},{'R3'},{'R1'},&,1.0,&
{'D7'},{'D5'},{'D1'},{'D6'},{'D3'},{'D4'},{'R2'},{'R1'},{'D2'},{'R3'},&,1.0,&
{'D7'},{'D5'},{'D1'},{'D6'},{'D3'},{'D2'},{'R3'},{'R1'},{'D4'},{'R2'},&,1.0,&
{'D7'},{'D5'},{'D1'},{'D6'},{'D3'},{'D2'},{'R3'},{'D4'},{'R2'},{'R1'},&,2.0,&
{'D7'},{'D5'},{'D1'},{'D6'},{'D3'},{'D2'},{'D4'},{'R1'},{'R2'},{'R3'},&,2.0,&
{'D7'},{'D5'},{'D1'},{'D6'},{'D3'},{'D2'},{'D4'},{'R1'},{'R3'},{'R2'},&,1.0,&
{'D7'},{'D5'},{'D1'},{'D6'},{'D3'},{'D2'},{'D4'},{'R2'},{'R3'},{'R1'},&,1.0,&
{'D7'},{'D5'},{'D1'},{'D6'},{'D3'},{'D2'},{'D4'},{'R2'},{'R1'},{'R3'},&,1.0,&
{'D7'},{'D5'},{'D1'},{'D6'},{'D3'},{'D2'},{'D4'},{'R3'},{'R2'},{'R1'},&,1.0,&
{'D7'},{'D5'},{'D1'},{'D6'},{'D3'},{'D2'},{'D4'},{'R3'},{'R1'},{'R2'},&,4.0,&
{'D7'},{'D5'},{'D1'},{'D6'},{'D3'},{'D2'},{'R2'},{'D4'},{'R3'},{'R1'},&,1.0,&
{'D7'},{'D5'},{'D1'},{'D6'},{'D3'},{'D2'},{'R1'},{'D4'},{'R3'},{'R2'},&,1.0,&
{'D7'},{'D5'},{'D1'},{'D6'},{'D3'},{'R1'},{'D4'},{'D2'},{'R3'},{'R2'},&,1.0,&
{'D7'},{'D5'},{'D1'},{'D6'},{'D3'},{'R3'},{'D4'},{'D2'},{'R2'},{'R1'},&,1.0,&
{'D7'},{'D5'},{'D1'},{'D6'},{'D3'},{'R3'},{'D4'},{'D2'},{'R1'},{'R2'},&,1.0,&
{'D7'},{'D5'},{'D1'},{'D6'},{'D4'},{'D2'},{'R3'},{'D3'},{'R2'},{'R1'},&,1.0,&
{'D7'},{'D5'},{'D1'},{'D6'},{'D4'},{'D2'},{'R2'},{'D3'},{'R3'},{'R1'},&,1.0,&
{'D7'},{'D5'},{'D1'},{'D6'},{'D4'},{'D2'},{'D3'},{'R1'},{'R2'},{'R3'},&,1.0,&
{'D7'},{'D5'},{'D1'},{'D6'},{'D4'},{'D2'},{'D3'},{'R2'},{'R3'},{'R1'},&,1.0,&
{'D7'},{'D5'},{'D1'},{'D6'},{'D4'},{'D2'},{'D3'},{'R3'},{'R1'},{'R2'},&,3.0,&
{'D7'},{'D5'},{'D1'},{'D6'},{'D4'},{'D3'},{'R3'},{'D2'},{'R2'},{'R1'},&,1.0,&
{'D7'},{'D5'},{'D1'},{'D6'},{'D4'},{'D3'},{'R3'},{'D2'},{'R1'},{'R2'},&,2.0,&
{'D7'},{'D5'},{'D1'},{'D6'},{'D4'},{'D3'},{'D2'},{'R1'},{'R3'},{'R2'},&,2.0,&
{'D7'},{'D5'},{'D1'},{'D6'},{'D4'},{'D3'},{'D2'},{'R2'},{'R3'},{'R1'},&,3.0,&
{'D7'},{'D5'},{'D1'},{'D6'},{'D4'},{'D3'},{'D2'},{'R3'},{'R2'},{'R1'},&,2.0,&
{'D7'},{'D5'},{'D1'},{'D6'},{'D4'},{'D3'},{'D2'},{'R3'},{'R1'},{'R2'},&,2.0,&
{'D7'},{'D5'},{'D1'},{'D6'},{'D4'},{'D3'},{'R2'},{'R1'},{'D2'},{'R3'},&,1.0,&
{'D7'},{'D5'},{'D1'},{'D6'},{'R3'},{'D4'},{'D3'},{'D2'},{'R1'},{'R2'},&,1.0,&
{'D7'},{'D5'},{'D1'},{'D6'},{'R3'},{'D2'},{'D4'},{'D3'},{'R2'},{'R1'},&,1.0,&
{'D7'},{'D5'},{'D1'},{'D4'},{'D2'},{'D6'},{'D3'},{'R3'},{'R1'},{'R2'},&,2.0,&
{'D7'},{'D5'},{'D1'},{'D4'},{'D3'},{'D6'},{'R3'},{'D2'},{'R2'},{'R1'},&,1.0,&
{'D7'},{'D5'},{'D1'},{'D4'},{'D3'},{'D6'},{'D2'},{'R1'},{'R2'},{'R3'},&,3.0,&
{'D7'},{'D5'},{'D1'},{'D4'},{'D3'},{'D6'},{'D2'},{'R1'},{'R3'},{'R2'},&,1.0,&
{'D7'},{'D5'},{'D1'},{'D4'},{'D3'},{'D6'},{'D2'},{'R2'},{'R3'},{'R1'},&,2.0,&
{'D7'},{'D5'},{'D1'},{'D4'},{'D3'},{'D6'},{'D2'},{'R3'},{'R2'},{'R1'},&,2.0,&
{'D7'},{'D5'},{'D1'},{'D4'},{'D3'},{'D6'},{'R1'},{'D2'},{'R3'},{'R2'},&,1.0,&
{'D7'},{'D5'},{'D1'},{'D4'},{'D3'},{'D2'},{'D6'},{'R3'},{'R2'},{'R1'},&,1.0,&
{'D7'},{'D5'},{'D1'},{'D4'},{'D6'},{'D2'},{'R2'},{'D3'},{'R1'},{'R3'},&,1.0,&
{'D7'},{'D5'},{'D1'},{'D4'},{'D6'},{'D2'},{'D3'},{'R1'},{'R3'},{'R2'},&,1.0,&
{'D7'},{'D5'},{'D1'},{'D4'},{'D6'},{'D2'},{'D3'},{'R3'},{'R2'},{'R1'},&,1.0,&
{'D7'},{'D5'},{'D1'},{'D4'},{'D6'},{'D3'},{'R3'},{'D2'},{'R1'},{'R2'},&,2.0,&
{'D7'},{'D5'},{'D1'},{'D4'},{'D6'},{'D3'},{'D2'},{'R1'},{'R2'},{'R3'},&,1.0,&
{'D7'},{'D5'},{'D1'},{'D4'},{'D6'},{'D3'},{'D2'},{'R1'},{'R3'},{'R2'},&,3.0,&
{'D7'},{'D5'},{'D1'},{'D4'},{'D6'},{'D3'},{'D2'},{'R2'},{'R1'},{'R3'},&,3.0,&
{'D7'},{'D5'},{'D1'},{'D4'},{'D6'},{'D3'},{'D2'},{'R3'},{'R2'},{'R1'},&,2.0,&
{'D7'},{'D5'},{'D1'},{'D4'},{'D6'},{'D3'},{'D2'},{'R3'},{'R1'},{'R2'},&,1.0,&
{'D7'},{'D5'},{'D1'},{'D4'},{'D6'},{'D3'},{'R1'},{'R3'},{'D2'},{'R2'},&,1.0,&
{'D7'},{'D5'},{'D1'},{'D4'},{'D6'},{'R3'},{'D2'},{'D3'},{'R2'},{'R1'},&,1.0,&
{'D7'},{'D5'},{'D1'},{'D4'},{'R3'},{'D6'},{'D3'},{'D2'},{'R2'},{'R1'},&,1.0,&
{'D7'},{'D5'},{'D1'},{'R3'},{'D2'},{'D6'},{'D4'},{'D3'},{'R2'},{'R1'},&,1.0,&
{'D7'},{'D5'},{'D2'},{'D1'},{'D3'},{'D6'},{'R3'},{'D4'},{'R1'},{'R2'},&,1.0,&
{'D7'},{'D5'},{'D2'},{'D1'},{'D3'},{'D6'},{'D4'},{'R1'},{'R2'},{'R3'},&,1.0,&
{'D7'},{'D5'},{'D2'},{'D1'},{'D3'},{'D6'},{'D4'},{'R2'},{'R1'},{'R3'},&,1.0,&
{'D7'},{'D5'},{'D2'},{'D1'},{'D3'},{'D6'},{'D4'},{'R3'},{'R2'},{'R1'},&,1.0,&
{'D7'},{'D5'},{'D2'},{'D1'},{'D3'},{'D6'},{'D4'},{'R3'},{'R1'},{'R2'},&,1.0,&
{'D7'},{'D5'},{'D2'},{'D1'},{'D3'},{'D6'},{'R2'},{'R1'},{'D4'},{'R3'},&,1.0,&
{'D7'},{'D5'},{'D2'},{'D1'},{'D3'},{'D4'},{'D6'},{'R1'},{'R2'},{'R3'},&,1.0,&
{'D7'},{'D5'},{'D2'},{'D1'},{'D3'},{'D4'},{'D6'},{'R1'},{'R3'},{'R2'},&,1.0,&
{'D7'},{'D5'},{'D2'},{'D1'},{'D3'},{'D4'},{'D6'},{'R2'},{'R1'},{'R3'},&,1.0,&
{'D7'},{'D5'},{'D2'},{'D1'},{'D3'},{'D4'},{'D6'},{'R3'},{'R2'},{'R1'},&,1.0,&
{'D7'},{'D5'},{'D2'},{'D1'},{'D3'},{'D4'},{'D6'},{'R3'},{'R1'},{'R2'},&,2.0,&
{'D7'},{'D5'},{'D2'},{'D1'},{'D3'},{'D4'},{'R1'},{'D6'},{'R3'},{'R2'},&,2.0,&
{'D7'},{'D5'},{'D2'},{'D1'},{'D3'},{'R3'},{'D4'},{'D6'},{'R1'},{'R2'},&,1.0,&
{'D7'},{'D5'},{'D2'},{'D1'},{'D6'},{'D4'},{'R3'},{'D3'},{'R2'},{'R1'},&,1.0,&
{'D7'},{'D5'},{'D2'},{'D1'},{'D6'},{'D4'},{'R3'},{'D3'},{'R1'},{'R2'},&,1.0,&
{'D7'},{'D5'},{'D2'},{'D1'},{'D6'},{'D4'},{'D3'},{'R1'},{'R3'},{'R2'},&,2.0,&
{'D7'},{'D5'},{'D2'},{'D1'},{'D6'},{'D3'},{'D4'},{'R1'},{'R2'},{'R3'},&,1.0,&
{'D7'},{'D5'},{'D2'},{'D1'},{'D6'},{'D3'},{'D4'},{'R2'},{'R3'},{'R1'},&,1.0,&
{'D7'},{'D5'},{'D2'},{'D1'},{'D6'},{'D3'},{'D4'},{'R3'},{'R2'},{'R1'},&,3.0,&
{'D7'},{'D5'},{'D2'},{'D1'},{'D6'},{'D3'},{'D4'},{'R3'},{'R1'},{'R2'},&,1.0,&
{'D7'},{'D5'},{'D2'},{'D1'},{'D4'},{'D6'},{'D3'},{'R1'},{'R3'},{'R2'},&,1.0,&
{'D7'},{'D5'},{'D2'},{'D1'},{'D4'},{'D6'},{'D3'},{'R2'},{'R3'},{'R1'},&,1.0,&
{'D7'},{'D5'},{'D2'},{'D1'},{'D4'},{'D6'},{'D3'},{'R3'},{'R1'},{'R2'},&,1.0,&
{'D7'},{'D5'},{'D2'},{'D1'},{'D4'},{'D6'},{'R1'},{'D3'},{'R3'},{'R2'},&,1.0,&
{'D7'},{'D5'},{'D2'},{'D1'},{'D4'},{'D3'},{'D6'},{'R3'},{'R1'},{'R2'},&,1.0,&
{'D7'},{'D5'},{'D2'},{'D1'},{'D4'},{'R2'},{'D6'},{'D3'},{'R3'},{'R1'},&,1.0,&
{'D7'},{'D5'},{'D2'},{'D1'},{'R2'},{'D6'},{'D3'},{'D4'},{'R3'},{'R1'},&,1.0,&
{'D7'},{'D5'},{'D2'},{'D3'},{'D1'},{'D6'},{'D4'},{'R1'},{'R2'},{'R3'},&,2.0,&
{'D7'},{'D5'},{'D2'},{'D3'},{'D1'},{'D6'},{'D4'},{'R1'},{'R3'},{'R2'},&,1.0,&
{'D7'},{'D5'},{'D2'},{'D3'},{'D1'},{'D6'},{'D4'},{'R3'},{'R2'},{'R1'},&,1.0,&
{'D7'},{'D5'},{'D2'},{'D3'},{'D1'},{'D6'},{'R2'},{'R3'},{'D4'},{'R1'},&,1.0,&
{'D7'},{'D5'},{'D2'},{'D3'},{'D1'},{'D4'},{'R2'},{'D6'},{'R1'},{'R3'},&,1.0,&
{'D7'},{'D5'},{'D2'},{'D3'},{'D6'},{'D4'},{'R3'},{'R1'},{'D1'},{'R2'},&,3.0,&
{'D7'},{'D5'},{'D2'},{'D3'},{'D6'},{'D4'},{'R3'},{'D1'},{'R1'},{'R2'},&,1.0,&
{'D7'},{'D5'},{'D2'},{'D3'},{'D6'},{'D4'},{'D1'},{'R1'},{'R3'},{'R2'},&,1.0,&
{'D7'},{'D5'},{'D2'},{'D3'},{'D6'},{'D4'},{'D1'},{'R2'},{'R3'},{'R1'},&,2.0,&
{'D7'},{'D5'},{'D2'},{'D3'},{'D6'},{'D4'},{'D1'},{'R2'},{'R1'},{'R3'},&,1.0,&
{'D7'},{'D5'},{'D2'},{'D3'},{'D6'},{'D4'},{'D1'},{'R3'},{'R2'},{'R1'},&,2.0,&
{'D7'},{'D5'},{'D2'},{'D3'},{'D6'},{'D4'},{'D1'},{'R3'},{'R1'},{'R2'},&,2.0,&
{'D7'},{'D5'},{'D2'},{'D3'},{'D6'},{'D4'},{'R1'},{'D1'},{'R3'},{'R2'},&,2.0,&
{'D7'},{'D5'},{'D2'},{'D3'},{'D6'},{'D1'},{'R3'},{'D4'},{'R2'},{'R1'},&,1.0,&
{'D7'},{'D5'},{'D2'},{'D3'},{'D6'},{'D1'},{'D4'},{'R1'},{'R2'},{'R3'},&,1.0,&
{'D7'},{'D5'},{'D2'},{'D3'},{'D6'},{'D1'},{'D4'},{'R1'},{'R3'},{'R2'},&,1.0,&
{'D7'},{'D5'},{'D2'},{'D3'},{'D6'},{'D1'},{'D4'},{'R2'},{'R3'},{'R1'},&,3.0,&
{'D7'},{'D5'},{'D2'},{'D3'},{'D6'},{'D1'},{'D4'},{'R2'},{'R1'},{'R3'},&,1.0,&
{'D7'},{'D5'},{'D2'},{'D3'},{'D6'},{'D1'},{'D4'},{'R3'},{'R2'},{'R1'},&,3.0,&
{'D7'},{'D5'},{'D2'},{'D3'},{'D6'},{'D1'},{'D4'},{'R3'},{'R1'},{'R2'},&,2.0,&
{'D7'},{'D5'},{'D2'},{'D3'},{'D6'},{'D1'},{'R1'},{'R3'},{'D4'},{'R2'},&,1.0,&
{'D7'},{'D5'},{'D2'},{'D3'},{'D6'},{'R2'},{'D4'},{'R1'},{'D1'},{'R3'},&,1.0,&
{'D7'},{'D5'},{'D2'},{'D3'},{'D6'},{'R2'},{'D4'},{'D1'},{'R1'},{'R3'},&,1.0,&
{'D7'},{'D5'},{'D2'},{'D3'},{'D6'},{'R3'},{'D4'},{'D1'},{'R1'},{'R2'},&,1.0,&
{'D7'},{'D5'},{'D2'},{'D3'},{'D4'},{'D6'},{'D1'},{'R1'},{'R3'},{'R2'},&,1.0,&
{'D7'},{'D5'},{'D2'},{'D3'},{'D4'},{'D6'},{'D1'},{'R3'},{'R2'},{'R1'},&,1.0,&
{'D7'},{'D5'},{'D2'},{'D3'},{'D4'},{'D1'},{'D6'},{'R3'},{'R1'},{'R2'},&,1.0,&
{'D7'},{'D5'},{'D2'},{'R1'},{'D6'},{'D3'},{'D1'},{'D4'},{'R3'},{'R2'},&,1.0,&
{'D7'},{'D5'},{'D2'},{'D6'},{'D1'},{'D4'},{'R3'},{'D3'},{'R2'},{'R1'},&,1.0,&
{'D7'},{'D5'},{'D2'},{'D6'},{'D1'},{'D4'},{'D3'},{'R1'},{'R2'},{'R3'},&,1.0,&
{'D7'},{'D5'},{'D2'},{'D6'},{'D1'},{'D4'},{'D3'},{'R2'},{'R3'},{'R1'},&,1.0,&
{'D7'},{'D5'},{'D2'},{'D6'},{'D1'},{'D4'},{'D3'},{'R2'},{'R1'},{'R3'},&,1.0,&
{'D7'},{'D5'},{'D2'},{'D6'},{'D1'},{'D4'},{'D3'},{'R3'},{'R1'},{'R2'},&,1.0,&
{'D7'},{'D5'},{'D2'},{'D6'},{'D1'},{'D4'},{'R1'},{'R3'},{'D3'},{'R2'},&,1.0,&
{'D7'},{'D5'},{'D2'},{'D6'},{'D1'},{'D4'},{'R1'},{'D3'},{'R2'},{'R3'},&,1.0,&
{'D7'},{'D5'},{'D2'},{'D6'},{'D1'},{'D3'},{'R3'},{'D4'},{'R2'},{'R1'},&,2.0,&
{'D7'},{'D5'},{'D2'},{'D6'},{'D1'},{'D3'},{'R3'},{'D4'},{'R1'},{'R2'},&,1.0,&
{'D7'},{'D5'},{'D2'},{'D6'},{'D1'},{'D3'},{'D4'},{'R1'},{'R2'},{'R3'},&,1.0,&
{'D7'},{'D5'},{'D2'},{'D6'},{'D1'},{'D3'},{'D4'},{'R2'},{'R1'},{'R3'},&,1.0,&
{'D7'},{'D5'},{'D2'},{'D6'},{'D1'},{'D3'},{'D4'},{'R3'},{'R2'},{'R1'},&,1.0,&
{'D7'},{'D5'},{'D2'},{'D6'},{'D1'},{'D3'},{'D4'},{'R3'},{'R1'},{'R2'},&,2.0,&
{'D7'},{'D5'},{'D2'},{'D6'},{'D1'},{'D3'},{'R1'},{'D4'},{'R3'},{'R2'},&,1.0,&
{'D7'},{'D5'},{'D2'},{'D6'},{'D1'},{'R1'},{'D4'},{'R2'},{'D3'},{'R3'},&,1.0,&
{'D7'},{'D5'},{'D2'},{'D6'},{'D3'},{'D4'},{'D1'},{'R1'},{'R2'},{'R3'},&,1.0,&
{'D7'},{'D5'},{'D2'},{'D6'},{'D3'},{'D4'},{'D1'},{'R1'},{'R3'},{'R2'},&,2.0,&
{'D7'},{'D5'},{'D2'},{'D6'},{'D3'},{'D4'},{'D1'},{'R3'},{'R2'},{'R1'},&,8.0,&
{'D7'},{'D5'},{'D2'},{'D6'},{'D3'},{'D4'},{'D1'},{'R3'},{'R1'},{'R2'},&,4.0,&
{'D7'},{'D5'},{'D2'},{'D6'},{'D3'},{'D4'},{'R2'},{'D1'},{'R3'},{'R1'},&,2.0,&
{'D7'},{'D5'},{'D2'},{'D6'},{'D3'},{'D4'},{'R1'},{'D1'},{'R3'},{'R2'},&,3.0,&
{'D7'},{'D5'},{'D2'},{'D6'},{'D3'},{'D1'},{'R3'},{'D4'},{'R1'},{'R2'},&,1.0,&
{'D7'},{'D5'},{'D2'},{'D6'},{'D3'},{'D1'},{'D4'},{'R1'},{'R3'},{'R2'},&,3.0,&
{'D7'},{'D5'},{'D2'},{'D6'},{'D3'},{'D1'},{'D4'},{'R3'},{'R2'},{'R1'},&,3.0,&
{'D7'},{'D5'},{'D2'},{'D6'},{'D3'},{'D1'},{'D4'},{'R3'},{'R1'},{'R2'},&,4.0,&
{'D7'},{'D5'},{'D2'},{'D6'},{'D3'},{'D1'},{'R2'},{'D4'},{'R3'},{'R1'},&,1.0,&
{'D7'},{'D5'},{'D2'},{'D6'},{'D3'},{'D1'},{'R1'},{'D4'},{'R2'},{'R3'},&,1.0,&
{'D7'},{'D5'},{'D2'},{'D6'},{'D3'},{'R3'},{'D1'},{'D4'},{'R2'},{'R1'},&,1.0,&
{'D7'},{'D5'},{'D2'},{'D6'},{'D4'},{'D1'},{'D3'},{'R1'},{'R3'},{'R2'},&,2.0,&
{'D7'},{'D5'},{'D2'},{'D6'},{'D4'},{'D1'},{'D3'},{'R3'},{'R2'},{'R1'},&,2.0,&
{'D7'},{'D5'},{'D2'},{'D6'},{'D4'},{'D3'},{'R3'},{'R2'},{'D1'},{'R1'},&,1.0,&
{'D7'},{'D5'},{'D2'},{'D6'},{'D4'},{'D3'},{'D1'},{'R1'},{'R2'},{'R3'},&,2.0,&
{'D7'},{'D5'},{'D2'},{'D6'},{'D4'},{'D3'},{'D1'},{'R3'},{'R2'},{'R1'},&,3.0,&
{'D7'},{'D5'},{'D2'},{'D6'},{'D4'},{'D3'},{'D1'},{'R3'},{'R1'},{'R2'},&,1.0,&
{'D7'},{'D5'},{'D2'},{'D4'},{'D1'},{'D6'},{'R3'},{'D3'},{'R2'},{'R1'},&,1.0,&
{'D7'},{'D5'},{'D2'},{'D4'},{'D1'},{'D6'},{'D3'},{'R2'},{'R3'},{'R1'},&,2.0,&
{'D7'},{'D5'},{'D2'},{'D4'},{'D1'},{'D6'},{'D3'},{'R3'},{'R1'},{'R2'},&,1.0,&
{'D7'},{'D5'},{'D2'},{'D4'},{'D1'},{'D3'},{'D6'},{'R3'},{'R2'},{'R1'},&,1.0,&
{'D7'},{'D5'},{'D2'},{'D4'},{'D3'},{'D6'},{'R3'},{'R1'},{'D1'},{'R2'},&,1.0,&
{'D7'},{'D5'},{'D2'},{'D4'},{'D3'},{'D6'},{'R3'},{'D1'},{'R1'},{'R2'},&,1.0,&
{'D7'},{'D5'},{'D2'},{'D4'},{'D3'},{'D6'},{'D1'},{'R1'},{'R2'},{'R3'},&,1.0,&
{'D7'},{'D5'},{'D2'},{'D4'},{'D3'},{'D6'},{'D1'},{'R1'},{'R3'},{'R2'},&,1.0,&
{'D7'},{'D5'},{'D2'},{'D4'},{'D3'},{'D6'},{'D1'},{'R3'},{'R2'},{'R1'},&,3.0,&
{'D7'},{'D5'},{'D2'},{'D4'},{'D3'},{'D6'},{'D1'},{'R3'},{'R1'},{'R2'},&,1.0,&
{'D7'},{'D5'},{'D2'},{'D4'},{'D3'},{'D1'},{'R3'},{'D6'},{'R2'},{'R1'},&,1.0,&
{'D7'},{'D5'},{'D2'},{'D4'},{'D3'},{'D1'},{'D6'},{'R1'},{'R3'},{'R2'},&,1.0,&
{'D7'},{'D5'},{'D2'},{'D4'},{'D3'},{'D1'},{'D6'},{'R3'},{'R2'},{'R1'},&,1.0,&
{'D7'},{'D5'},{'D2'},{'D4'},{'D3'},{'D1'},{'D6'},{'R3'},{'R1'},{'R2'},&,1.0,&
{'D7'},{'D5'},{'D2'},{'D4'},{'D6'},{'D1'},{'R2'},{'D3'},{'R1'},{'R3'},&,1.0,&
{'D7'},{'D5'},{'D2'},{'D4'},{'D6'},{'D1'},{'D3'},{'R1'},{'R3'},{'R2'},&,1.0,&
{'D7'},{'D5'},{'D2'},{'D4'},{'D6'},{'D1'},{'D3'},{'R3'},{'R2'},{'R1'},&,1.0,&
{'D7'},{'D5'},{'D2'},{'D4'},{'D6'},{'D1'},{'D3'},{'R3'},{'R1'},{'R2'},&,1.0,&
{'D7'},{'D5'},{'D2'},{'D4'},{'D6'},{'D1'},{'R1'},{'D3'},{'R2'},{'R3'},&,1.0,&
{'D7'},{'D5'},{'D2'},{'D4'},{'D6'},{'D3'},{'R3'},{'R1'},{'R2'},{'D1'},&,1.0,&
{'D7'},{'D5'},{'D2'},{'D4'},{'D6'},{'D3'},{'R3'},{'D1'},{'R2'},{'R1'},&,1.0,&
{'D7'},{'D5'},{'D2'},{'D4'},{'D6'},{'D3'},{'D1'},{'R2'},{'R3'},{'R1'},&,1.0,&
{'D7'},{'D5'},{'D2'},{'D4'},{'D6'},{'D3'},{'D1'},{'R3'},{'R2'},{'R1'},&,1.0,&
{'D7'},{'D5'},{'D2'},{'D4'},{'D6'},{'D3'},{'D1'},{'R3'},{'R1'},{'R2'},&,2.0,&
{'D7'},{'D5'},{'D2'},{'R3'},{'D6'},{'D3'},{'D4'},{'D1'},{'R1'},{'R2'},&,1.0,&
{'D7'},{'D5'},{'R3'},{'D4'},{'D6'},{'D1'},{'R1'},{'D3'},{'R2'},{'D2'},&,1.0,&
{'D7'},{'D1'},{'D4'},{'D2'},{'D5'},{'D3'},{'R3'},{'D6'},{'R2'},{'R1'},&,1.0,&
{'D7'},{'D1'},{'D4'},{'D2'},{'R3'},{'D3'},{'D6'},{'D5'},{'R2'},{'R1'},&,1.0,&
{'D7'},{'D1'},{'D4'},{'D3'},{'D6'},{'D5'},{'R3'},{'R2'},{'D2'},{'R1'},&,1.0,&
{'D7'},{'D1'},{'D4'},{'D3'},{'D6'},{'D5'},{'D2'},{'R3'},{'R2'},{'R1'},&,2.0,&
{'D7'},{'D1'},{'D4'},{'D3'},{'D6'},{'D5'},{'D2'},{'R3'},{'R1'},{'R2'},&,2.0,&
{'D7'},{'D1'},{'D4'},{'D3'},{'D5'},{'D6'},{'R3'},{'R1'},{'D2'},{'R2'},&,1.0,&
{'D7'},{'D1'},{'D4'},{'D3'},{'D5'},{'D6'},{'D2'},{'R1'},{'R3'},{'R2'},&,1.0,&
{'D7'},{'D1'},{'D4'},{'D3'},{'D5'},{'D6'},{'D2'},{'R2'},{'R1'},{'R3'},&,1.0,&
{'D7'},{'D1'},{'D4'},{'D3'},{'D5'},{'D2'},{'R2'},{'R3'},{'D6'},{'R1'},&,1.0,&
{'D7'},{'D1'},{'D4'},{'D3'},{'D5'},{'R3'},{'D6'},{'R1'},{'D2'},{'R2'},&,1.0,&
{'D7'},{'D1'},{'D4'},{'D3'},{'R2'},{'D5'},{'D6'},{'R3'},{'D2'},{'R1'},&,1.0,&
{'D7'},{'D1'},{'D4'},{'D5'},{'D2'},{'D6'},{'R1'},{'D3'},{'R3'},{'R2'},&,1.0,&
{'D7'},{'D1'},{'D4'},{'D5'},{'D3'},{'D6'},{'D2'},{'R2'},{'R1'},{'R3'},&,1.0,&
{'D7'},{'D1'},{'D4'},{'D5'},{'D3'},{'D6'},{'D2'},{'R3'},{'R2'},{'R1'},&,1.0,&
{'D7'},{'D1'},{'D4'},{'D5'},{'D3'},{'D2'},{'D6'},{'R3'},{'R1'},{'R2'},&,1.0,&
{'D7'},{'D1'},{'D4'},{'D5'},{'D6'},{'D2'},{'D3'},{'R3'},{'R2'},{'R1'},&,1.0,&
{'D7'},{'D1'},{'D4'},{'D5'},{'D6'},{'D3'},{'D2'},{'R1'},{'R3'},{'R2'},&,1.0,&
{'D7'},{'D1'},{'D4'},{'D5'},{'D6'},{'D3'},{'D2'},{'R3'},{'R2'},{'R1'},&,2.0,&
{'D7'},{'D1'},{'D4'},{'D5'},{'D6'},{'D3'},{'D2'},{'R3'},{'R1'},{'R2'},&,2.0,&
{'D7'},{'D1'},{'D4'},{'D6'},{'D2'},{'D5'},{'D3'},{'R3'},{'R1'},{'R2'},&,1.0,&
{'D7'},{'D1'},{'D4'},{'D6'},{'D3'},{'D5'},{'D2'},{'R3'},{'R1'},{'R2'},&,2.0,&
{'D7'},{'D1'},{'D4'},{'D6'},{'D3'},{'D5'},{'R1'},{'D2'},{'R2'},{'R3'},&,1.0,&
{'D7'},{'D1'},{'D4'},{'D6'},{'D3'},{'R3'},{'D5'},{'R1'},{'D2'},{'R2'},&,1.0,&
{'D7'},{'D1'},{'D4'},{'D6'},{'D5'},{'D3'},{'R3'},{'R2'},{'D2'},{'R1'},&,1.0,&
{'D7'},{'D1'},{'D4'},{'D6'},{'D5'},{'D3'},{'D2'},{'R2'},{'R1'},{'R3'},&,1.0,&
{'D7'},{'D1'},{'D4'},{'D6'},{'D5'},{'D3'},{'D2'},{'R3'},{'R2'},{'R1'},&,1.0,&
{'D7'},{'D1'},{'D4'},{'D6'},{'D5'},{'D3'},{'D2'},{'R3'},{'R1'},{'R2'},&,2.0,&
{'D7'},{'D1'},{'D3'},{'D2'},{'D6'},{'D4'},{'D5'},{'R3'},{'R2'},{'R1'},&,1.0,&
{'D7'},{'D1'},{'D3'},{'D2'},{'D4'},{'D5'},{'D6'},{'R2'},{'R1'},{'R3'},&,1.0,&
{'D7'},{'D1'},{'D3'},{'D2'},{'D5'},{'D4'},{'D6'},{'R1'},{'R3'},{'R2'},&,1.0,&
{'D7'},{'D1'},{'D3'},{'D2'},{'D5'},{'D4'},{'D6'},{'R2'},{'R3'},{'R1'},&,1.0,&
{'D7'},{'D1'},{'D3'},{'D5'},{'D2'},{'D6'},{'D4'},{'R2'},{'R3'},{'R1'},&,1.0,&
{'D7'},{'D1'},{'D3'},{'D5'},{'D2'},{'D6'},{'D4'},{'R3'},{'R2'},{'R1'},&,1.0,&
{'D7'},{'D1'},{'D3'},{'D5'},{'D6'},{'D4'},{'R3'},{'D2'},{'R2'},{'R1'},&,1.0,&
{'D7'},{'D1'},{'D3'},{'D5'},{'D6'},{'D4'},{'R3'},{'D2'},{'R1'},{'R2'},&,1.0,&
{'D7'},{'D1'},{'D3'},{'D5'},{'D6'},{'D4'},{'D2'},{'R1'},{'R3'},{'R2'},&,2.0,&
{'D7'},{'D1'},{'D3'},{'D5'},{'D6'},{'D4'},{'D2'},{'R3'},{'R2'},{'R1'},&,4.0,&
{'D7'},{'D1'},{'D3'},{'D5'},{'D6'},{'D4'},{'R1'},{'D2'},{'R3'},{'R2'},&,1.0,&
{'D7'},{'D1'},{'D3'},{'D5'},{'D6'},{'D2'},{'D4'},{'R2'},{'R3'},{'R1'},&,1.0,&
{'D7'},{'D1'},{'D3'},{'D5'},{'D6'},{'D2'},{'D4'},{'R2'},{'R1'},{'R3'},&,2.0,&
{'D7'},{'D1'},{'D3'},{'D5'},{'D6'},{'D2'},{'D4'},{'R3'},{'R2'},{'R1'},&,2.0,&
{'D7'},{'D1'},{'D3'},{'D5'},{'D6'},{'D2'},{'D4'},{'R3'},{'R1'},{'R2'},&,1.0,&
{'D7'},{'D1'},{'D3'},{'D5'},{'D6'},{'R2'},{'D2'},{'D4'},{'R1'},{'R3'},&,1.0,&
{'D7'},{'D1'},{'D3'},{'D5'},{'D6'},{'R3'},{'D4'},{'D2'},{'R2'},{'R1'},&,1.0,&
{'D7'},{'D1'},{'D3'},{'D5'},{'D4'},{'D6'},{'R3'},{'D2'},{'R1'},{'R2'},&,1.0,&
{'D7'},{'D1'},{'D3'},{'D5'},{'D4'},{'D6'},{'D2'},{'R1'},{'R2'},{'R3'},&,1.0,&
{'D7'},{'D1'},{'D3'},{'D5'},{'D4'},{'D6'},{'D2'},{'R1'},{'R3'},{'R2'},&,2.0,&
{'D7'},{'D1'},{'D3'},{'D5'},{'D4'},{'D6'},{'D2'},{'R2'},{'R3'},{'R1'},&,1.0,&
{'D7'},{'D1'},{'D3'},{'D5'},{'D4'},{'D6'},{'D2'},{'R2'},{'R1'},{'R3'},&,1.0,&
{'D7'},{'D1'},{'D3'},{'D5'},{'D4'},{'D6'},{'D2'},{'R3'},{'R2'},{'R1'},&,1.0,&
{'D7'},{'D1'},{'D3'},{'D5'},{'D4'},{'D6'},{'D2'},{'R3'},{'R1'},{'R2'},&,1.0,&
{'D7'},{'D1'},{'D3'},{'D5'},{'D4'},{'D6'},{'R2'},{'D2'},{'R3'},{'R1'},&,1.0,&
{'D7'},{'D1'},{'D3'},{'D5'},{'D4'},{'D2'},{'D6'},{'R1'},{'R3'},{'R2'},&,2.0,&
{'D7'},{'D1'},{'D3'},{'D5'},{'D4'},{'D2'},{'D6'},{'R3'},{'R2'},{'R1'},&,1.0,&
{'D7'},{'D1'},{'D3'},{'D5'},{'D4'},{'R3'},{'D6'},{'D2'},{'R2'},{'R1'},&,1.0,&
{'D7'},{'D1'},{'D3'},{'D5'},{'R2'},{'D6'},{'D4'},{'D2'},{'R1'},{'R3'},&,1.0,&
{'D7'},{'D1'},{'D3'},{'R1'},{'D5'},{'D6'},{'D2'},{'D4'},{'R3'},{'R2'},&,1.0,&
{'D7'},{'D1'},{'D3'},{'D6'},{'D4'},{'D2'},{'D5'},{'R1'},{'R3'},{'R2'},&,1.0,&
{'D7'},{'D1'},{'D3'},{'D6'},{'D4'},{'D5'},{'D2'},{'R1'},{'R2'},{'R3'},&,1.0,&
{'D7'},{'D1'},{'D3'},{'D6'},{'D4'},{'D5'},{'D2'},{'R3'},{'R1'},{'R2'},&,3.0,&
{'D7'},{'D1'},{'D3'},{'D6'},{'D4'},{'R3'},{'D2'},{'D5'},{'R1'},{'R2'},&,1.0,&
{'D7'},{'D1'},{'D3'},{'D6'},{'D5'},{'D4'},{'R3'},{'D2'},{'R1'},{'R2'},&,2.0,&
{'D7'},{'D1'},{'D3'},{'D6'},{'D5'},{'D4'},{'D2'},{'R1'},{'R3'},{'R2'},&,3.0,&
{'D7'},{'D1'},{'D3'},{'D6'},{'D5'},{'D4'},{'D2'},{'R2'},{'R3'},{'R1'},&,1.0,&
{'D7'},{'D1'},{'D3'},{'D6'},{'D5'},{'D4'},{'D2'},{'R3'},{'R2'},{'R1'},&,1.0,&
{'D7'},{'D1'},{'D3'},{'D6'},{'D5'},{'D4'},{'D2'},{'R3'},{'R1'},{'R2'},&,4.0,&
{'D7'},{'D1'},{'D3'},{'D6'},{'D5'},{'D4'},{'R1'},{'D2'},{'R3'},{'R2'},&,1.0,&
{'D7'},{'D1'},{'D3'},{'D6'},{'D5'},{'D2'},{'R3'},{'D4'},{'R2'},{'R1'},&,1.0,&
{'D7'},{'D1'},{'D3'},{'D6'},{'D5'},{'D2'},{'R3'},{'D4'},{'R1'},{'R2'},&,1.0,&
{'D7'},{'D1'},{'D3'},{'D6'},{'D5'},{'D2'},{'D4'},{'R3'},{'R2'},{'R1'},&,2.0,&
{'D7'},{'D1'},{'D3'},{'D6'},{'D5'},{'D2'},{'D4'},{'R3'},{'R1'},{'R2'},&,2.0,&
{'D7'},{'D1'},{'D3'},{'D6'},{'D5'},{'R2'},{'D2'},{'D4'},{'R1'},{'R3'},&,1.0,&
{'D7'},{'D1'},{'D3'},{'D4'},{'D6'},{'D5'},{'D2'},{'R2'},{'R3'},{'R1'},&,1.0,&
{'D7'},{'D1'},{'D3'},{'D4'},{'D6'},{'D5'},{'D2'},{'R3'},{'R2'},{'R1'},&,1.0,&
{'D7'},{'D1'},{'D3'},{'D4'},{'D5'},{'D6'},{'R3'},{'D2'},{'R1'},{'R2'},&,1.0,&
{'D7'},{'D1'},{'D3'},{'D4'},{'D5'},{'D6'},{'D2'},{'R1'},{'R2'},{'R3'},&,1.0,&
{'D7'},{'D1'},{'D3'},{'D4'},{'D5'},{'D6'},{'D2'},{'R1'},{'R3'},{'R2'},&,2.0,&
{'D7'},{'D1'},{'D3'},{'D4'},{'D5'},{'D6'},{'D2'},{'R2'},{'R3'},{'R1'},&,1.0,&
{'D7'},{'D1'},{'D3'},{'D4'},{'D5'},{'D6'},{'D2'},{'R3'},{'R1'},{'R2'},&,1.0,&
{'D7'},{'D1'},{'D3'},{'D4'},{'D5'},{'D2'},{'R1'},{'D6'},{'R3'},{'R2'},&,1.0,&
{'D7'},{'D1'},{'D5'},{'D2'},{'D3'},{'D6'},{'D4'},{'R3'},{'R2'},{'R1'},&,1.0,&
{'D7'},{'D1'},{'D5'},{'D2'},{'D3'},{'D6'},{'D4'},{'R3'},{'R1'},{'R2'},&,1.0,&
{'D7'},{'D1'},{'D5'},{'D2'},{'D3'},{'D4'},{'R3'},{'D6'},{'R2'},{'R1'},&,1.0,&
{'D7'},{'D1'},{'D5'},{'D2'},{'D3'},{'D4'},{'D6'},{'R1'},{'R3'},{'R2'},&,1.0,&
{'D7'},{'D1'},{'D5'},{'D2'},{'D3'},{'D4'},{'D6'},{'R2'},{'R1'},{'R3'},&,1.0,&
{'D7'},{'D1'},{'D5'},{'D2'},{'D6'},{'D4'},{'D3'},{'R1'},{'R3'},{'R2'},&,1.0,&
{'D7'},{'D1'},{'D5'},{'D2'},{'D6'},{'D4'},{'D3'},{'R3'},{'R1'},{'R2'},&,1.0,&
{'D7'},{'D1'},{'D5'},{'D2'},{'D6'},{'D3'},{'R3'},{'D4'},{'R1'},{'R2'},&,1.0,&
{'D7'},{'D1'},{'D5'},{'D2'},{'D6'},{'D3'},{'D4'},{'R3'},{'R2'},{'R1'},&,2.0,&
{'D7'},{'D1'},{'D5'},{'D2'},{'D6'},{'D3'},{'D4'},{'R3'},{'R1'},{'R2'},&,2.0,&
{'D7'},{'D1'},{'D5'},{'D2'},{'D6'},{'R3'},{'D3'},{'D4'},{'R1'},{'R2'},&,1.0,&
{'D7'},{'D1'},{'D5'},{'D2'},{'D4'},{'D6'},{'D3'},{'R3'},{'R2'},{'R1'},&,1.0,&
{'D7'},{'D1'},{'D5'},{'D2'},{'D4'},{'D3'},{'D6'},{'R1'},{'R3'},{'R2'},&,1.0,&
{'D7'},{'D1'},{'D5'},{'D3'},{'D2'},{'D6'},{'R3'},{'D4'},{'R2'},{'R1'},&,1.0,&
{'D7'},{'D1'},{'D5'},{'D3'},{'D2'},{'D6'},{'D4'},{'R3'},{'R2'},{'R1'},&,1.0,&
{'D7'},{'D1'},{'D5'},{'D3'},{'D2'},{'D6'},{'D4'},{'R3'},{'R1'},{'R2'},&,1.0,&
{'D7'},{'D1'},{'D5'},{'D3'},{'D2'},{'D4'},{'R2'},{'D6'},{'R3'},{'R1'},&,2.0,&
{'D7'},{'D1'},{'D5'},{'D3'},{'D2'},{'D4'},{'R2'},{'D6'},{'R1'},{'R3'},&,1.0,&
{'D7'},{'D1'},{'D5'},{'D3'},{'D2'},{'D4'},{'D6'},{'R3'},{'R2'},{'R1'},&,1.0,&
{'D7'},{'D1'},{'D5'},{'D3'},{'D6'},{'D4'},{'R3'},{'R2'},{'R1'},{'D2'},&,1.0,&
{'D7'},{'D1'},{'D5'},{'D3'},{'D6'},{'D4'},{'R3'},{'R2'},{'D2'},{'R1'},&,1.0,&
{'D7'},{'D1'},{'D5'},{'D3'},{'D6'},{'D4'},{'D2'},{'R1'},{'R2'},{'R3'},&,2.0,&
{'D7'},{'D1'},{'D5'},{'D3'},{'D6'},{'D4'},{'D2'},{'R2'},{'R3'},{'R1'},&,2.0,&
{'D7'},{'D1'},{'D5'},{'D3'},{'D6'},{'D4'},{'D2'},{'R2'},{'R1'},{'R3'},&,1.0,&
{'D7'},{'D1'},{'D5'},{'D3'},{'D6'},{'D4'},{'D2'},{'R3'},{'R2'},{'R1'},&,2.0,&
{'D7'},{'D1'},{'D5'},{'D3'},{'D6'},{'D4'},{'D2'},{'R3'},{'R1'},{'R2'},&,3.0,&
{'D7'},{'D1'},{'D5'},{'D3'},{'D6'},{'D4'},{'R1'},{'D2'},{'R2'},{'R3'},&,1.0,&
{'D7'},{'D1'},{'D5'},{'D3'},{'D6'},{'D2'},{'R3'},{'R1'},{'D4'},{'R2'},&,1.0,&
{'D7'},{'D1'},{'D5'},{'D3'},{'D6'},{'D2'},{'D4'},{'R1'},{'R2'},{'R3'},&,1.0,&
{'D7'},{'D1'},{'D5'},{'D3'},{'D6'},{'D2'},{'D4'},{'R2'},{'R3'},{'R1'},&,1.0,&
{'D7'},{'D1'},{'D5'},{'D3'},{'D6'},{'D2'},{'D4'},{'R2'},{'R1'},{'R3'},&,1.0,&
{'D7'},{'D1'},{'D5'},{'D3'},{'D6'},{'D2'},{'D4'},{'R3'},{'R2'},{'R1'},&,1.0,&
{'D7'},{'D1'},{'D5'},{'D3'},{'D6'},{'D2'},{'D4'},{'R3'},{'R1'},{'R2'},&,1.0,&
{'D7'},{'D1'},{'D5'},{'D3'},{'D6'},{'D2'},{'R2'},{'D4'},{'R1'},{'R3'},&,1.0,&
{'D7'},{'D1'},{'D5'},{'D3'},{'D6'},{'D2'},{'R1'},{'D4'},{'R3'},{'R2'},&,1.0,&
{'D7'},{'D1'},{'D5'},{'D3'},{'D6'},{'R2'},{'D4'},{'D2'},{'R3'},{'R1'},&,1.0,&
{'D7'},{'D1'},{'D5'},{'D3'},{'D6'},{'R1'},{'D2'},{'D4'},{'R3'},{'R2'},&,1.0,&
{'D7'},{'D1'},{'D5'},{'D3'},{'D4'},{'D6'},{'R3'},{'D2'},{'R1'},{'R2'},&,1.0,&
{'D7'},{'D1'},{'D5'},{'D3'},{'D4'},{'D6'},{'R3'},{'R1'},{'D2'},{'R2'},&,1.0,&
{'D7'},{'D1'},{'D5'},{'D3'},{'D4'},{'D6'},{'D2'},{'R1'},{'R3'},{'R2'},&,2.0,&
{'D7'},{'D1'},{'D5'},{'D3'},{'D4'},{'D6'},{'D2'},{'R2'},{'R3'},{'R1'},&,1.0,&
{'D7'},{'D1'},{'D5'},{'D3'},{'D4'},{'D6'},{'D2'},{'R3'},{'R1'},{'R2'},&,4.0,&
{'D7'},{'D1'},{'D5'},{'D3'},{'D4'},{'D2'},{'D6'},{'R3'},{'R2'},{'R1'},&,2.0,&
{'D7'},{'D1'},{'D5'},{'D3'},{'R2'},{'D4'},{'D6'},{'D2'},{'R3'},{'R1'},&,1.0,&
{'D7'},{'D1'},{'D5'},{'R1'},{'D3'},{'D4'},{'D2'},{'D6'},{'R2'},{'R3'},&,1.0,&
{'D7'},{'D1'},{'D5'},{'D6'},{'D2'},{'D4'},{'D3'},{'R1'},{'R3'},{'R2'},&,1.0,&
{'D7'},{'D1'},{'D5'},{'D6'},{'D2'},{'D4'},{'D3'},{'R3'},{'R2'},{'R1'},&,1.0,&
{'D7'},{'D1'},{'D5'},{'D6'},{'D2'},{'D4'},{'D3'},{'R3'},{'R1'},{'R2'},&,2.0,&
{'D7'},{'D1'},{'D5'},{'D6'},{'D2'},{'D3'},{'R3'},{'D4'},{'R1'},{'R2'},&,1.0,&
{'D7'},{'D1'},{'D5'},{'D6'},{'D2'},{'D3'},{'D4'},{'R1'},{'R3'},{'R2'},&,3.0,&
{'D7'},{'D1'},{'D5'},{'D6'},{'D2'},{'D3'},{'D4'},{'R2'},{'R3'},{'R1'},&,1.0,&
{'D7'},{'D1'},{'D5'},{'D6'},{'D2'},{'D3'},{'D4'},{'R3'},{'R1'},{'R2'},&,1.0,&
{'D7'},{'D1'},{'D5'},{'D6'},{'D3'},{'D4'},{'R3'},{'D2'},{'R2'},{'R1'},&,2.0,&
{'D7'},{'D1'},{'D5'},{'D6'},{'D3'},{'D4'},{'R3'},{'D2'},{'R1'},{'R2'},&,2.0,&
{'D7'},{'D1'},{'D5'},{'D6'},{'D3'},{'D4'},{'D2'},{'R1'},{'R2'},{'R3'},&,1.0,&
{'D7'},{'D1'},{'D5'},{'D6'},{'D3'},{'D4'},{'D2'},{'R1'},{'R3'},{'R2'},&,1.0,&
{'D7'},{'D1'},{'D5'},{'D6'},{'D3'},{'D4'},{'D2'},{'R2'},{'R3'},{'R1'},&,1.0,&
{'D7'},{'D1'},{'D5'},{'D6'},{'D3'},{'D4'},{'D2'},{'R2'},{'R1'},{'R3'},&,1.0,&
{'D7'},{'D1'},{'D5'},{'D6'},{'D3'},{'D4'},{'D2'},{'R3'},{'R2'},{'R1'},&,6.0,&
{'D7'},{'D1'},{'D5'},{'D6'},{'D3'},{'D4'},{'D2'},{'R3'},{'R1'},{'R2'},&,2.0,&
{'D7'},{'D1'},{'D5'},{'D6'},{'D3'},{'D4'},{'R2'},{'D2'},{'R3'},{'R1'},&,1.0,&
{'D7'},{'D1'},{'D5'},{'D6'},{'D3'},{'D4'},{'R2'},{'R3'},{'D2'},{'R1'},&,1.0,&
{'D7'},{'D1'},{'D5'},{'D6'},{'D3'},{'D2'},{'R3'},{'R1'},{'D4'},{'R2'},&,1.0,&
{'D7'},{'D1'},{'D5'},{'D6'},{'D3'},{'D2'},{'R3'},{'D4'},{'R1'},{'R2'},&,1.0,&
{'D7'},{'D1'},{'D5'},{'D6'},{'D3'},{'D2'},{'D4'},{'R1'},{'R2'},{'R3'},&,1.0,&
{'D7'},{'D1'},{'D5'},{'D6'},{'D3'},{'D2'},{'D4'},{'R1'},{'R3'},{'R2'},&,2.0,&
{'D7'},{'D1'},{'D5'},{'D6'},{'D3'},{'D2'},{'D4'},{'R2'},{'R3'},{'R1'},&,1.0,&
{'D7'},{'D1'},{'D5'},{'D6'},{'D3'},{'D2'},{'D4'},{'R3'},{'R2'},{'R1'},&,3.0,&
{'D7'},{'D1'},{'D5'},{'D6'},{'D3'},{'D2'},{'D4'},{'R3'},{'R1'},{'R2'},&,1.0,&
{'D7'},{'D1'},{'D5'},{'D6'},{'D3'},{'D2'},{'R2'},{'R1'},{'D4'},{'R3'},&,1.0,&
{'D7'},{'D1'},{'D5'},{'D6'},{'D3'},{'R3'},{'D4'},{'D2'},{'R2'},{'R1'},&,1.0,&
{'D7'},{'D1'},{'D5'},{'D6'},{'D4'},{'D2'},{'D3'},{'R3'},{'R2'},{'R1'},&,1.0,&
{'D7'},{'D1'},{'D5'},{'D6'},{'D4'},{'D2'},{'D3'},{'R3'},{'R1'},{'R2'},&,1.0,&
{'D7'},{'D1'},{'D5'},{'D6'},{'D4'},{'D3'},{'R3'},{'D2'},{'R1'},{'R2'},&,1.0,&
{'D7'},{'D1'},{'D5'},{'D6'},{'D4'},{'D3'},{'D2'},{'R1'},{'R3'},{'R2'},&,1.0,&
{'D7'},{'D1'},{'D5'},{'D6'},{'D4'},{'D3'},{'D2'},{'R2'},{'R3'},{'R1'},&,2.0,&
{'D7'},{'D1'},{'D5'},{'D6'},{'D4'},{'D3'},{'D2'},{'R3'},{'R2'},{'R1'},&,2.0,&
{'D7'},{'D1'},{'D5'},{'D6'},{'D4'},{'D3'},{'D2'},{'R3'},{'R1'},{'R2'},&,1.0,&
{'D7'},{'D1'},{'D5'},{'D6'},{'D4'},{'D3'},{'R1'},{'D2'},{'R3'},{'R2'},&,1.0,&
{'D7'},{'D1'},{'D5'},{'D6'},{'R1'},{'D3'},{'D4'},{'D2'},{'R3'},{'R2'},&,1.0,&
{'D7'},{'D1'},{'D5'},{'D4'},{'D2'},{'D6'},{'D3'},{'R2'},{'R3'},{'R1'},&,2.0,&
{'D7'},{'D1'},{'D5'},{'D4'},{'D2'},{'D3'},{'D6'},{'R2'},{'R1'},{'R3'},&,1.0,&
{'D7'},{'D1'},{'D5'},{'D4'},{'D3'},{'D6'},{'R3'},{'D2'},{'R1'},{'R2'},&,1.0,&
{'D7'},{'D1'},{'D5'},{'D4'},{'D3'},{'D6'},{'D2'},{'R1'},{'R2'},{'R3'},&,1.0,&
{'D7'},{'D1'},{'D5'},{'D4'},{'D3'},{'D6'},{'D2'},{'R1'},{'R3'},{'R2'},&,2.0,&
{'D7'},{'D1'},{'D5'},{'D4'},{'D3'},{'D6'},{'D2'},{'R3'},{'R2'},{'R1'},&,1.0,&
{'D7'},{'D1'},{'D5'},{'D4'},{'D3'},{'D6'},{'D2'},{'R3'},{'R1'},{'R2'},&,1.0,&
{'D7'},{'D1'},{'D5'},{'D4'},{'D3'},{'D2'},{'R3'},{'R1'},{'D6'},{'R2'},&,1.0,&
{'D7'},{'D1'},{'D5'},{'D4'},{'D3'},{'R3'},{'D2'},{'D6'},{'R1'},{'R2'},&,1.0,&
{'D7'},{'D1'},{'D5'},{'D4'},{'D6'},{'D2'},{'D3'},{'R1'},{'R2'},{'R3'},&,1.0,&
{'D7'},{'D1'},{'D5'},{'D4'},{'D6'},{'D2'},{'D3'},{'R1'},{'R3'},{'R2'},&,1.0,&
{'D7'},{'D1'},{'D5'},{'D4'},{'D6'},{'D2'},{'D3'},{'R3'},{'R2'},{'R1'},&,1.0,&
{'D7'},{'D1'},{'D5'},{'D4'},{'D6'},{'D3'},{'R3'},{'D2'},{'R1'},{'R2'},&,1.0,&
{'D7'},{'D1'},{'D5'},{'D4'},{'D6'},{'D3'},{'D2'},{'R1'},{'R3'},{'R2'},&,1.0,&
{'D7'},{'D1'},{'D5'},{'D4'},{'D6'},{'D3'},{'D2'},{'R2'},{'R3'},{'R1'},&,1.0,&
{'D7'},{'D1'},{'D5'},{'D4'},{'D6'},{'D3'},{'D2'},{'R2'},{'R1'},{'R3'},&,1.0,&
{'D7'},{'D1'},{'D5'},{'D4'},{'D6'},{'D3'},{'D2'},{'R3'},{'R2'},{'R1'},&,2.0,&
{'D7'},{'D1'},{'D5'},{'D4'},{'D6'},{'D3'},{'D2'},{'R3'},{'R1'},{'R2'},&,4.0,&
{'D7'},{'D1'},{'D5'},{'D4'},{'D6'},{'D3'},{'R2'},{'D2'},{'R1'},{'R3'},&,1.0,&
{'D7'},{'D1'},{'D6'},{'D2'},{'D3'},{'D5'},{'D4'},{'R3'},{'R2'},{'R1'},&,1.0,&
{'D7'},{'D1'},{'D6'},{'D2'},{'D3'},{'D5'},{'D4'},{'R3'},{'R1'},{'R2'},&,2.0,&
{'D7'},{'D1'},{'D6'},{'D2'},{'D4'},{'D5'},{'D3'},{'R3'},{'R2'},{'R1'},&,1.0,&
{'D7'},{'D1'},{'D6'},{'D2'},{'D4'},{'D5'},{'D3'},{'R3'},{'R1'},{'R2'},&,1.0,&
{'D7'},{'D1'},{'D6'},{'D2'},{'D5'},{'D4'},{'D3'},{'R3'},{'R1'},{'R2'},&,2.0,&
{'D7'},{'D1'},{'D6'},{'D2'},{'D5'},{'D3'},{'D4'},{'R3'},{'R1'},{'R2'},&,1.0,&
{'D7'},{'D1'},{'D6'},{'D3'},{'D2'},{'D5'},{'D4'},{'R3'},{'R1'},{'R2'},&,1.0,&
{'D7'},{'D1'},{'D6'},{'D3'},{'D4'},{'D5'},{'D2'},{'R2'},{'R3'},{'R1'},&,1.0,&
{'D7'},{'D1'},{'D6'},{'D3'},{'D4'},{'D5'},{'D2'},{'R2'},{'R1'},{'R3'},&,1.0,&
{'D7'},{'D1'},{'D6'},{'D3'},{'D4'},{'D5'},{'D2'},{'R3'},{'R1'},{'R2'},&,2.0,&
{'D7'},{'D1'},{'D6'},{'D3'},{'D5'},{'D4'},{'R3'},{'D2'},{'R1'},{'R2'},&,1.0,&
{'D7'},{'D1'},{'D6'},{'D3'},{'D5'},{'D4'},{'D2'},{'R3'},{'R2'},{'R1'},&,1.0,&
{'D7'},{'D1'},{'D6'},{'D3'},{'D5'},{'D4'},{'D2'},{'R3'},{'R1'},{'R2'},&,3.0,&
{'D7'},{'D1'},{'D6'},{'D3'},{'D5'},{'D4'},{'R1'},{'D2'},{'R3'},{'R2'},&,1.0,&
{'D7'},{'D1'},{'D6'},{'D3'},{'D5'},{'D2'},{'D4'},{'R2'},{'R1'},{'R3'},&,1.0,&
{'D7'},{'D1'},{'D6'},{'D3'},{'D5'},{'D2'},{'D4'},{'R3'},{'R2'},{'R1'},&,1.0,&
{'D7'},{'D1'},{'D6'},{'D3'},{'D5'},{'D2'},{'D4'},{'R3'},{'R1'},{'R2'},&,1.0,&
{'D7'},{'D1'},{'D6'},{'D3'},{'D5'},{'D2'},{'R1'},{'D4'},{'R3'},{'R2'},&,1.0,&
{'D7'},{'D1'},{'D6'},{'D5'},{'D2'},{'D4'},{'R2'},{'D3'},{'R3'},{'R1'},&,2.0,&
{'D7'},{'D1'},{'D6'},{'D5'},{'D2'},{'D4'},{'D3'},{'R3'},{'R1'},{'R2'},&,1.0,&
{'D7'},{'D1'},{'D6'},{'D5'},{'D2'},{'D3'},{'D4'},{'R1'},{'R3'},{'R2'},&,3.0,&
{'D7'},{'D1'},{'D6'},{'D5'},{'D2'},{'D3'},{'D4'},{'R3'},{'R2'},{'R1'},&,1.0,&
{'D7'},{'D1'},{'D6'},{'D5'},{'D3'},{'D4'},{'R3'},{'D2'},{'R1'},{'R2'},&,1.0,&
{'D7'},{'D1'},{'D6'},{'D5'},{'D3'},{'D4'},{'R3'},{'R1'},{'R2'},{'D2'},&,1.0,&
{'D7'},{'D1'},{'D6'},{'D5'},{'D3'},{'D4'},{'R3'},{'R2'},{'R1'},{'D2'},&,1.0,&
{'D7'},{'D1'},{'D6'},{'D5'},{'D3'},{'D4'},{'D2'},{'R1'},{'R2'},{'R3'},&,2.0,&
{'D7'},{'D1'},{'D6'},{'D5'},{'D3'},{'D4'},{'D2'},{'R1'},{'R3'},{'R2'},&,1.0,&
{'D7'},{'D1'},{'D6'},{'D5'},{'D3'},{'D4'},{'D2'},{'R2'},{'R3'},{'R1'},&,2.0,&
{'D7'},{'D1'},{'D6'},{'D5'},{'D3'},{'D4'},{'D2'},{'R3'},{'R1'},{'R2'},&,7.0,&
{'D7'},{'D1'},{'D6'},{'D5'},{'D3'},{'D2'},{'R3'},{'D4'},{'R1'},{'R2'},&,1.0,&
{'D7'},{'D1'},{'D6'},{'D5'},{'D3'},{'D2'},{'D4'},{'R2'},{'R3'},{'R1'},&,1.0,&
{'D7'},{'D1'},{'D6'},{'D5'},{'D3'},{'D2'},{'D4'},{'R3'},{'R2'},{'R1'},&,1.0,&
{'D7'},{'D1'},{'D6'},{'D5'},{'D3'},{'D2'},{'D4'},{'R3'},{'R1'},{'R2'},&,2.0,&
{'D7'},{'D1'},{'D6'},{'D5'},{'D3'},{'D2'},{'R2'},{'D4'},{'R1'},{'R3'},&,1.0,&
{'D7'},{'D1'},{'D6'},{'D5'},{'D3'},{'D2'},{'R1'},{'D4'},{'R2'},{'R3'},&,1.0,&
{'D7'},{'D1'},{'D6'},{'D5'},{'D3'},{'D2'},{'R1'},{'D4'},{'R3'},{'R2'},&,1.0,&
{'D7'},{'D1'},{'D6'},{'D5'},{'D3'},{'R1'},{'D4'},{'D2'},{'R3'},{'R2'},&,3.0,&
{'D7'},{'D1'},{'D6'},{'D5'},{'D3'},{'R3'},{'D2'},{'D4'},{'R1'},{'R2'},&,1.0,&
{'D7'},{'D1'},{'D6'},{'D5'},{'D3'},{'R3'},{'R1'},{'D4'},{'D2'},{'R2'},&,1.0,&
{'D7'},{'D1'},{'D6'},{'D5'},{'D4'},{'D2'},{'D3'},{'R1'},{'R3'},{'R2'},&,1.0,&
{'D7'},{'D1'},{'D6'},{'D5'},{'D4'},{'D2'},{'D3'},{'R2'},{'R3'},{'R1'},&,1.0,&
{'D7'},{'D1'},{'D6'},{'D5'},{'D4'},{'D3'},{'D2'},{'R1'},{'R3'},{'R2'},&,3.0,&
{'D7'},{'D1'},{'D6'},{'D5'},{'D4'},{'D3'},{'D2'},{'R2'},{'R3'},{'R1'},&,1.0,&
{'D7'},{'D1'},{'D6'},{'D5'},{'D4'},{'D3'},{'D2'},{'R3'},{'R2'},{'R1'},&,1.0,&
{'D7'},{'D1'},{'D6'},{'D5'},{'D4'},{'D3'},{'D2'},{'R3'},{'R1'},{'R2'},&,1.0,&
{'D7'},{'D1'},{'D6'},{'D5'},{'D4'},{'D3'},{'R1'},{'D2'},{'R2'},{'R3'},&,1.0,&
{'D7'},{'D1'},{'D6'},{'D5'},{'D4'},{'D3'},{'R1'},{'D2'},{'R3'},{'R2'},&,1.0,&
{'D7'},{'D1'},{'D6'},{'D5'},{'D4'},{'R2'},{'D3'},{'D2'},{'R3'},{'R1'},&,1.0,&
{'D7'},{'D1'},{'D6'},{'D5'},{'D4'},{'R3'},{'D2'},{'D3'},{'R1'},{'R2'},&,1.0,&
{'D7'},{'D1'},{'D6'},{'D5'},{'R3'},{'D4'},{'D3'},{'D2'},{'R2'},{'R1'},&,1.0,&
{'D7'},{'D1'},{'D6'},{'D4'},{'D2'},{'D5'},{'D3'},{'R1'},{'R3'},{'R2'},&,1.0,&
{'D7'},{'D1'},{'D6'},{'D4'},{'D3'},{'D5'},{'R3'},{'D2'},{'R1'},{'R2'},&,1.0,&
{'D7'},{'D1'},{'D6'},{'D4'},{'D3'},{'D5'},{'D2'},{'R1'},{'R2'},{'R3'},&,2.0,&
{'D7'},{'D1'},{'D6'},{'D4'},{'D3'},{'D5'},{'D2'},{'R2'},{'R3'},{'R1'},&,1.0,&
{'D7'},{'D1'},{'D6'},{'D4'},{'D3'},{'D5'},{'D2'},{'R3'},{'R2'},{'R1'},&,1.0,&
{'D7'},{'D1'},{'D6'},{'D4'},{'D3'},{'D5'},{'D2'},{'R3'},{'R1'},{'R2'},&,1.0,&
{'D7'},{'D1'},{'D6'},{'D4'},{'D5'},{'D2'},{'R3'},{'R1'},{'R2'},{'D3'},&,1.0,&
{'D7'},{'D1'},{'D6'},{'D4'},{'D5'},{'D3'},{'R3'},{'D2'},{'R2'},{'R1'},&,1.0,&
{'D7'},{'D1'},{'D6'},{'D4'},{'D5'},{'D3'},{'R3'},{'D2'},{'R1'},{'R2'},&,3.0,&
{'D7'},{'D1'},{'D6'},{'D4'},{'D5'},{'D3'},{'D2'},{'R3'},{'R1'},{'R2'},&,1.0,&
{'D7'},{'D1'},{'D2'},{'D3'},{'D6'},{'D4'},{'D5'},{'R1'},{'R2'},{'R3'},&,1.0,&
{'D7'},{'D1'},{'D2'},{'D3'},{'D5'},{'D6'},{'R3'},{'D4'},{'R1'},{'R2'},&,1.0,&
{'D7'},{'D1'},{'D2'},{'D3'},{'D5'},{'D6'},{'D4'},{'R1'},{'R3'},{'R2'},&,1.0,&
{'D7'},{'D1'},{'D2'},{'D3'},{'D5'},{'D6'},{'D4'},{'R3'},{'R1'},{'R2'},&,1.0,&
{'D7'},{'D1'},{'D2'},{'D3'},{'D5'},{'D4'},{'D6'},{'R3'},{'R2'},{'R1'},&,1.0,&
{'D7'},{'D1'},{'D2'},{'D3'},{'D5'},{'R2'},{'D6'},{'D4'},{'R3'},{'R1'},&,1.0,&
{'D7'},{'D1'},{'D2'},{'D5'},{'D3'},{'D6'},{'D4'},{'R1'},{'R3'},{'R2'},&,1.0,&
{'D7'},{'D1'},{'D2'},{'D5'},{'D6'},{'D3'},{'D4'},{'R1'},{'R3'},{'R2'},&,1.0,&
{'D7'},{'D1'},{'D2'},{'D5'},{'D6'},{'D3'},{'R1'},{'D4'},{'R3'},{'R2'},&,1.0,&
{'D7'},{'D1'},{'D2'},{'D6'},{'D3'},{'D4'},{'D5'},{'R3'},{'R2'},{'R1'},&,1.0,&
{'D7'},{'D1'},{'D2'},{'D6'},{'D3'},{'D4'},{'D5'},{'R3'},{'R1'},{'R2'},&,1.0,&
{'D7'},{'D1'},{'D2'},{'D6'},{'D3'},{'D5'},{'R2'},{'D4'},{'R3'},{'R1'},&,1.0,&
{'D7'},{'D1'},{'D2'},{'D6'},{'D5'},{'D4'},{'D3'},{'R1'},{'R3'},{'R2'},&,1.0,&
{'D7'},{'D1'},{'D2'},{'D4'},{'D3'},{'D6'},{'D5'},{'R3'},{'R1'},{'R2'},&,1.0,&
{'D7'},{'D1'},{'D2'},{'D4'},{'D6'},{'D3'},{'R1'},{'D5'},{'R3'},{'R2'},&,1.0,&
{'D7'},{'D1'},{'D2'},{'D4'},{'D5'},{'D3'},{'D6'},{'R1'},{'R3'},{'R2'},&,1.0,&
{'D7'},{'D1'},{'D2'},{'D4'},{'D5'},{'D3'},{'D6'},{'R2'},{'R1'},{'R3'},&,1.0,&
{'D7'},{'D1'},{'R2'},{'D5'},{'D4'},{'D6'},{'D3'},{'D2'},{'R3'},{'R1'},&,1.0,&
{'D7'},{'D6'},{'D4'},{'D1'},{'D2'},{'D3'},{'D5'},{'R3'},{'R2'},{'R1'},&,1.0,&
{'D7'},{'D6'},{'D4'},{'D1'},{'D3'},{'D2'},{'D5'},{'R3'},{'R1'},{'R2'},&,1.0,&
{'D7'},{'D6'},{'D4'},{'D1'},{'D3'},{'D5'},{'R3'},{'D2'},{'R1'},{'R2'},&,1.0,&
{'D7'},{'D6'},{'D4'},{'D1'},{'D5'},{'D2'},{'R2'},{'R1'},{'D3'},{'R3'},&,1.0,&
{'D7'},{'D6'},{'D4'},{'D1'},{'D5'},{'D3'},{'R3'},{'D2'},{'R1'},{'R2'},&,1.0,&
{'D7'},{'D6'},{'D4'},{'D1'},{'D5'},{'D3'},{'D2'},{'R1'},{'R2'},{'R3'},&,1.0,&
{'D7'},{'D6'},{'D4'},{'D1'},{'D5'},{'D3'},{'D2'},{'R1'},{'R3'},{'R2'},&,1.0,&
{'D7'},{'D6'},{'D4'},{'D1'},{'D5'},{'R3'},{'D3'},{'D2'},{'R1'},{'R2'},&,1.0,&
{'D7'},{'D6'},{'D4'},{'D2'},{'D1'},{'D5'},{'R2'},{'R3'},{'R1'},{'D3'},&,1.0,&
{'D7'},{'D6'},{'D4'},{'D2'},{'D1'},{'D5'},{'D3'},{'R2'},{'R3'},{'R1'},&,1.0,&
{'D7'},{'D6'},{'D4'},{'D2'},{'D3'},{'D5'},{'R3'},{'D1'},{'R2'},{'R1'},&,1.0,&
{'D7'},{'D6'},{'D4'},{'D2'},{'D3'},{'D5'},{'R3'},{'D1'},{'R1'},{'R2'},&,1.0,&
{'D7'},{'D6'},{'D4'},{'D2'},{'D3'},{'D5'},{'D1'},{'R2'},{'R1'},{'R3'},&,1.0,&
{'D7'},{'D6'},{'D4'},{'D2'},{'D3'},{'D5'},{'R2'},{'D1'},{'R3'},{'R1'},&,1.0,&
{'D7'},{'D6'},{'D4'},{'D2'},{'D5'},{'D1'},{'R1'},{'R3'},{'D3'},{'R2'},&,1.0,&
{'D7'},{'D6'},{'D4'},{'D2'},{'D5'},{'D3'},{'D1'},{'R1'},{'R3'},{'R2'},&,2.0,&
{'D7'},{'D6'},{'D4'},{'D2'},{'D5'},{'D3'},{'D1'},{'R2'},{'R1'},{'R3'},&,1.0,&
{'D7'},{'D6'},{'D4'},{'D2'},{'D5'},{'D3'},{'D1'},{'R3'},{'R2'},{'R1'},&,1.0,&
{'D7'},{'D6'},{'D4'},{'D2'},{'D5'},{'D3'},{'D1'},{'R3'},{'R1'},{'R2'},&,1.0,&
{'D7'},{'D6'},{'D4'},{'D3'},{'D1'},{'D5'},{'D2'},{'R1'},{'R3'},{'R2'},&,1.0,&
{'D7'},{'D6'},{'D4'},{'D3'},{'D1'},{'D5'},{'D2'},{'R2'},{'R1'},{'R3'},&,1.0,&
{'D7'},{'D6'},{'D4'},{'D3'},{'D1'},{'D5'},{'D2'},{'R3'},{'R1'},{'R2'},&,1.0,&
{'D7'},{'D6'},{'D4'},{'D3'},{'D2'},{'D5'},{'D1'},{'R3'},{'R2'},{'R1'},&,2.0,&
{'D7'},{'D6'},{'D4'},{'D3'},{'D2'},{'D5'},{'R2'},{'D1'},{'R1'},{'R3'},&,1.0,&
{'D7'},{'D6'},{'D4'},{'D3'},{'D5'},{'D1'},{'R3'},{'R2'},{'D2'},{'R1'},&,2.0,&
{'D7'},{'D6'},{'D4'},{'D3'},{'D5'},{'D1'},{'D2'},{'R1'},{'R2'},{'R3'},&,1.0,&
{'D7'},{'D6'},{'D4'},{'D3'},{'D5'},{'D1'},{'D2'},{'R1'},{'R3'},{'R2'},&,1.0,&
{'D7'},{'D6'},{'D4'},{'D3'},{'D5'},{'D1'},{'D2'},{'R2'},{'R3'},{'R1'},&,1.0,&
{'D7'},{'D6'},{'D4'},{'D3'},{'D5'},{'D1'},{'D2'},{'R3'},{'R2'},{'R1'},&,3.0,&
{'D7'},{'D6'},{'D4'},{'D3'},{'D5'},{'D1'},{'D2'},{'R3'},{'R1'},{'R2'},&,6.0,&
{'D7'},{'D6'},{'D4'},{'D3'},{'D5'},{'D1'},{'R2'},{'D2'},{'R3'},{'R1'},&,2.0,&
{'D7'},{'D6'},{'D4'},{'D3'},{'D5'},{'D1'},{'R2'},{'D2'},{'R1'},{'R3'},&,2.0,&
{'D7'},{'D6'},{'D4'},{'D3'},{'D5'},{'D2'},{'R3'},{'R2'},{'D1'},{'R1'},&,2.0,&
{'D7'},{'D6'},{'D4'},{'D3'},{'D5'},{'D2'},{'D1'},{'R1'},{'R2'},{'R3'},&,1.0,&
{'D7'},{'D6'},{'D4'},{'D3'},{'D5'},{'D2'},{'D1'},{'R1'},{'R3'},{'R2'},&,2.0,&
{'D7'},{'D6'},{'D4'},{'D3'},{'D5'},{'D2'},{'D1'},{'R2'},{'R3'},{'R1'},&,3.0,&
{'D7'},{'D6'},{'D4'},{'D3'},{'D5'},{'D2'},{'D1'},{'R2'},{'R1'},{'R3'},&,1.0,&
{'D7'},{'D6'},{'D4'},{'D3'},{'D5'},{'D2'},{'D1'},{'R3'},{'R2'},{'R1'},&,2.0,&
{'D7'},{'D6'},{'D4'},{'D3'},{'D5'},{'D2'},{'D1'},{'R3'},{'R1'},{'R2'},&,2.0,&
{'D7'},{'D6'},{'D4'},{'D3'},{'D5'},{'D2'},{'R1'},{'R2'},{'D1'},{'R3'},&,1.0,&
{'D7'},{'D6'},{'D4'},{'D3'},{'D5'},{'R1'},{'D2'},{'D1'},{'R3'},{'R2'},&,1.0,&
{'D7'},{'D6'},{'D4'},{'D5'},{'D1'},{'D2'},{'D3'},{'R2'},{'R3'},{'R1'},&,1.0,&
{'D7'},{'D6'},{'D4'},{'D5'},{'D1'},{'D2'},{'D3'},{'R3'},{'R2'},{'R1'},&,1.0,&
{'D7'},{'D6'},{'D4'},{'D5'},{'D1'},{'D2'},{'D3'},{'R3'},{'R1'},{'R2'},&,1.0,&
{'D7'},{'D6'},{'D4'},{'D5'},{'D1'},{'D2'},{'R1'},{'D3'},{'R3'},{'R2'},&,1.0,&
{'D7'},{'D6'},{'D4'},{'D5'},{'D1'},{'D3'},{'R3'},{'R2'},{'D2'},{'R1'},&,2.0,&
{'D7'},{'D6'},{'D4'},{'D5'},{'D1'},{'D3'},{'D2'},{'R1'},{'R2'},{'R3'},&,1.0,&
{'D7'},{'D6'},{'D4'},{'D5'},{'D1'},{'D3'},{'D2'},{'R2'},{'R3'},{'R1'},&,1.0,&
{'D7'},{'D6'},{'D4'},{'D5'},{'D1'},{'D3'},{'D2'},{'R2'},{'R1'},{'R3'},&,2.0,&
{'D7'},{'D6'},{'D4'},{'D5'},{'D1'},{'D3'},{'D2'},{'R3'},{'R2'},{'R1'},&,3.0,&
{'D7'},{'D6'},{'D4'},{'D5'},{'D1'},{'D3'},{'D2'},{'R3'},{'R1'},{'R2'},&,3.0,&
{'D7'},{'D6'},{'D4'},{'D5'},{'D1'},{'D3'},{'R2'},{'D2'},{'R3'},{'R1'},&,1.0,&
{'D7'},{'D6'},{'D4'},{'D5'},{'D2'},{'D1'},{'D3'},{'R3'},{'R2'},{'R1'},&,1.0,&
{'D7'},{'D6'},{'D4'},{'D5'},{'D2'},{'D1'},{'R1'},{'D3'},{'R2'},{'R3'},&,1.0,&
{'D7'},{'D6'},{'D4'},{'D5'},{'D2'},{'D3'},{'D1'},{'R1'},{'R2'},{'R3'},&,1.0,&
{'D7'},{'D6'},{'D4'},{'D5'},{'D2'},{'D3'},{'D1'},{'R2'},{'R1'},{'R3'},&,2.0,&
{'D7'},{'D6'},{'D4'},{'D5'},{'D2'},{'D3'},{'D1'},{'R3'},{'R2'},{'R1'},&,5.0,&
{'D7'},{'D6'},{'D4'},{'D5'},{'D2'},{'D3'},{'D1'},{'R3'},{'R1'},{'R2'},&,5.0,&
{'D7'},{'D6'},{'D4'},{'D5'},{'D3'},{'D1'},{'R3'},{'D2'},{'R2'},{'R1'},&,2.0,&
{'D7'},{'D6'},{'D4'},{'D5'},{'D3'},{'D1'},{'D2'},{'R1'},{'R2'},{'R3'},&,1.0,&
{'D7'},{'D6'},{'D4'},{'D5'},{'D3'},{'D1'},{'D2'},{'R1'},{'R3'},{'R2'},&,2.0,&
{'D7'},{'D6'},{'D4'},{'D5'},{'D3'},{'D1'},{'D2'},{'R2'},{'R3'},{'R1'},&,1.0,&
{'D7'},{'D6'},{'D4'},{'D5'},{'D3'},{'D1'},{'D2'},{'R3'},{'R2'},{'R1'},&,7.0,&
{'D7'},{'D6'},{'D4'},{'D5'},{'D3'},{'D1'},{'D2'},{'R3'},{'R1'},{'R2'},&,4.0,&
{'D7'},{'D6'},{'D4'},{'D5'},{'D3'},{'D1'},{'R2'},{'R3'},{'D2'},{'R1'},&,1.0,&
{'D7'},{'D6'},{'D4'},{'D5'},{'D3'},{'D2'},{'R3'},{'R1'},{'D1'},{'R2'},&,1.0,&
{'D7'},{'D6'},{'D4'},{'D5'},{'D3'},{'D2'},{'R3'},{'D1'},{'R2'},{'R1'},&,1.0,&
{'D7'},{'D6'},{'D4'},{'D5'},{'D3'},{'D2'},{'R3'},{'D1'},{'R1'},{'R2'},&,1.0,&
{'D7'},{'D6'},{'D4'},{'D5'},{'D3'},{'D2'},{'D1'},{'R2'},{'R3'},{'R1'},&,4.0,&
{'D7'},{'D6'},{'D4'},{'D5'},{'D3'},{'D2'},{'D1'},{'R2'},{'R1'},{'R3'},&,2.0,&
{'D7'},{'D6'},{'D4'},{'D5'},{'D3'},{'D2'},{'D1'},{'R3'},{'R2'},{'R1'},&,1.0,&
{'D7'},{'D6'},{'D4'},{'D5'},{'D3'},{'D2'},{'D1'},{'R3'},{'R1'},{'R2'},&,5.0,&
{'D7'},{'D6'},{'D4'},{'D5'},{'D3'},{'R3'},{'D2'},{'D1'},{'R2'},{'R1'},&,1.0,&
{'D7'},{'D6'},{'D4'},{'R3'},{'D1'},{'D5'},{'D3'},{'D2'},{'R1'},{'R2'},&,1.0,&
{'D7'},{'D6'},{'D3'},{'D1'},{'D2'},{'D5'},{'R3'},{'D4'},{'R1'},{'R2'},&,1.0,&
{'D7'},{'D6'},{'D3'},{'D1'},{'D2'},{'D5'},{'D4'},{'R3'},{'R2'},{'R1'},&,1.0,&
{'D7'},{'D6'},{'D3'},{'D1'},{'D2'},{'D5'},{'D4'},{'R3'},{'R1'},{'R2'},&,2.0,&
{'D7'},{'D6'},{'D3'},{'D1'},{'D4'},{'D5'},{'D2'},{'R1'},{'R3'},{'R2'},&,1.0,&
{'D7'},{'D6'},{'D3'},{'D1'},{'D4'},{'D5'},{'R1'},{'D2'},{'R3'},{'R2'},&,1.0,&
{'D7'},{'D6'},{'D3'},{'D1'},{'D4'},{'R2'},{'D5'},{'D2'},{'R3'},{'R1'},&,1.0,&
{'D7'},{'D6'},{'D3'},{'D1'},{'D4'},{'R3'},{'D5'},{'D2'},{'R2'},{'R1'},&,1.0,&
{'D7'},{'D6'},{'D3'},{'D1'},{'D5'},{'D4'},{'R3'},{'D2'},{'R1'},{'R2'},&,1.0,&
{'D7'},{'D6'},{'D3'},{'D1'},{'D5'},{'D4'},{'R3'},{'R1'},{'D2'},{'R2'},&,1.0,&
{'D7'},{'D6'},{'D3'},{'D1'},{'D5'},{'D4'},{'R3'},{'R2'},{'D2'},{'R1'},&,2.0,&
{'D7'},{'D6'},{'D3'},{'D1'},{'D5'},{'D4'},{'D2'},{'R1'},{'R2'},{'R3'},&,1.0,&
{'D7'},{'D6'},{'D3'},{'D1'},{'D5'},{'D4'},{'D2'},{'R1'},{'R3'},{'R2'},&,2.0,&
{'D7'},{'D6'},{'D3'},{'D1'},{'D5'},{'D4'},{'D2'},{'R2'},{'R1'},{'R3'},&,1.0,&
{'D7'},{'D6'},{'D3'},{'D1'},{'D5'},{'D4'},{'D2'},{'R3'},{'R1'},{'R2'},&,3.0,&
{'D7'},{'D6'},{'D3'},{'D1'},{'D5'},{'D4'},{'R2'},{'D2'},{'R3'},{'R1'},&,2.0,&
{'D7'},{'D6'},{'D3'},{'D1'},{'D5'},{'D2'},{'D4'},{'R3'},{'R2'},{'R1'},&,1.0,&
{'D7'},{'D6'},{'D3'},{'D1'},{'D5'},{'D2'},{'D4'},{'R3'},{'R1'},{'R2'},&,1.0,&
{'D7'},{'D6'},{'D3'},{'D1'},{'D5'},{'D2'},{'R1'},{'R3'},{'D4'},{'R2'},&,2.0,&
{'D7'},{'D6'},{'D3'},{'D1'},{'D5'},{'R2'},{'D4'},{'D2'},{'R1'},{'R3'},&,2.0,&
{'D7'},{'D6'},{'D3'},{'D2'},{'D1'},{'D4'},{'D5'},{'R3'},{'R1'},{'R2'},&,1.0,&
{'D7'},{'D6'},{'D3'},{'D2'},{'D1'},{'D5'},{'R1'},{'D4'},{'R3'},{'R2'},&,1.0,&
{'D7'},{'D6'},{'D3'},{'D2'},{'D4'},{'D1'},{'D5'},{'R1'},{'R2'},{'R3'},&,1.0,&
{'D7'},{'D6'},{'D3'},{'D2'},{'D5'},{'D4'},{'D1'},{'R1'},{'R2'},{'R3'},&,1.0,&
{'D7'},{'D6'},{'D3'},{'D2'},{'D5'},{'D4'},{'D1'},{'R1'},{'R3'},{'R2'},&,3.0,&
{'D7'},{'D6'},{'D3'},{'D2'},{'D5'},{'D4'},{'D1'},{'R2'},{'R3'},{'R1'},&,1.0,&
{'D7'},{'D6'},{'D3'},{'D2'},{'D5'},{'D4'},{'D1'},{'R3'},{'R2'},{'R1'},&,2.0,&
{'D7'},{'D6'},{'D3'},{'D2'},{'D5'},{'D4'},{'D1'},{'R3'},{'R1'},{'R2'},&,3.0,&
{'D7'},{'D6'},{'D3'},{'D2'},{'D5'},{'D4'},{'R2'},{'D1'},{'R1'},{'R3'},&,1.0,&
{'D7'},{'D6'},{'D3'},{'D2'},{'D5'},{'D1'},{'R3'},{'R1'},{'D4'},{'R2'},&,1.0,&
{'D7'},{'D6'},{'D3'},{'D2'},{'D5'},{'D1'},{'R3'},{'D4'},{'R2'},{'R1'},&,1.0,&
{'D7'},{'D6'},{'D3'},{'D2'},{'D5'},{'D1'},{'D4'},{'R3'},{'R2'},{'R1'},&,2.0,&
{'D7'},{'D6'},{'D3'},{'D2'},{'D5'},{'D1'},{'D4'},{'R3'},{'R1'},{'R2'},&,3.0,&
{'D7'},{'D6'},{'D3'},{'D2'},{'D5'},{'R3'},{'D4'},{'D1'},{'R1'},{'R2'},&,1.0,&
{'D7'},{'D6'},{'D3'},{'D5'},{'D1'},{'D4'},{'R3'},{'D2'},{'R2'},{'R1'},&,3.0,&
{'D7'},{'D6'},{'D3'},{'D5'},{'D1'},{'D4'},{'R3'},{'D2'},{'R1'},{'R2'},&,2.0,&
{'D7'},{'D6'},{'D3'},{'D5'},{'D1'},{'D4'},{'R3'},{'R1'},{'D2'},{'R2'},&,2.0,&
{'D7'},{'D6'},{'D3'},{'D5'},{'D1'},{'D4'},{'R3'},{'R2'},{'R1'},{'D2'},&,1.0,&
{'D7'},{'D6'},{'D3'},{'D5'},{'D1'},{'D4'},{'R3'},{'R2'},{'D2'},{'R1'},&,2.0,&
{'D7'},{'D6'},{'D3'},{'D5'},{'D1'},{'D4'},{'D2'},{'R1'},{'R2'},{'R3'},&,1.0,&
{'D7'},{'D6'},{'D3'},{'D5'},{'D1'},{'D4'},{'D2'},{'R1'},{'R3'},{'R2'},&,3.0,&
{'D7'},{'D6'},{'D3'},{'D5'},{'D1'},{'D4'},{'D2'},{'R2'},{'R3'},{'R1'},&,1.0,&
{'D7'},{'D6'},{'D3'},{'D5'},{'D1'},{'D4'},{'D2'},{'R3'},{'R2'},{'R1'},&,4.0,&
{'D7'},{'D6'},{'D3'},{'D5'},{'D1'},{'D4'},{'D2'},{'R3'},{'R1'},{'R2'},&,3.0,&
{'D7'},{'D6'},{'D3'},{'D5'},{'D1'},{'D4'},{'R2'},{'D2'},{'R3'},{'R1'},&,1.0,&
{'D7'},{'D6'},{'D3'},{'D5'},{'D1'},{'D4'},{'R2'},{'D2'},{'R1'},{'R3'},&,2.0,&
{'D7'},{'D6'},{'D3'},{'D5'},{'D1'},{'D4'},{'R1'},{'R2'},{'D2'},{'R3'},&,1.0,&
{'D7'},{'D6'},{'D3'},{'D5'},{'D1'},{'D2'},{'R3'},{'R1'},{'D4'},{'R2'},&,2.0,&
{'D7'},{'D6'},{'D3'},{'D5'},{'D1'},{'D2'},{'R3'},{'D4'},{'R2'},{'R1'},&,1.0,&
{'D7'},{'D6'},{'D3'},{'D5'},{'D1'},{'D2'},{'D4'},{'R1'},{'R3'},{'R2'},&,1.0,&
{'D7'},{'D6'},{'D3'},{'D5'},{'D1'},{'D2'},{'D4'},{'R2'},{'R3'},{'R1'},&,1.0,&
{'D7'},{'D6'},{'D3'},{'D5'},{'D1'},{'D2'},{'D4'},{'R3'},{'R2'},{'R1'},&,3.0,&
{'D7'},{'D6'},{'D3'},{'D5'},{'D1'},{'D2'},{'D4'},{'R3'},{'R1'},{'R2'},&,9.0,&
{'D7'},{'D6'},{'D3'},{'D5'},{'D1'},{'D2'},{'R2'},{'R3'},{'D4'},{'R1'},&,1.0,&
{'D7'},{'D6'},{'D3'},{'D5'},{'D1'},{'D2'},{'R2'},{'D4'},{'R3'},{'R1'},&,1.0,&
{'D7'},{'D6'},{'D3'},{'D5'},{'D1'},{'R2'},{'D4'},{'D2'},{'R1'},{'R3'},&,1.0,&
{'D7'},{'D6'},{'D3'},{'D5'},{'D1'},{'R3'},{'D4'},{'D2'},{'R1'},{'R2'},&,2.0,&
{'D7'},{'D6'},{'D3'},{'D5'},{'D2'},{'D4'},{'R3'},{'R2'},{'D1'},{'R1'},&,1.0,&
{'D7'},{'D6'},{'D3'},{'D5'},{'D2'},{'D4'},{'R3'},{'D1'},{'R2'},{'R1'},&,2.0,&
{'D7'},{'D6'},{'D3'},{'D5'},{'D2'},{'D4'},{'D1'},{'R1'},{'R3'},{'R2'},&,3.0,&
{'D7'},{'D6'},{'D3'},{'D5'},{'D2'},{'D4'},{'D1'},{'R2'},{'R3'},{'R1'},&,3.0,&
{'D7'},{'D6'},{'D3'},{'D5'},{'D2'},{'D4'},{'D1'},{'R3'},{'R2'},{'R1'},&,4.0,&
{'D7'},{'D6'},{'D3'},{'D5'},{'D2'},{'D4'},{'D1'},{'R3'},{'R1'},{'R2'},&,7.0,&
{'D7'},{'D6'},{'D3'},{'D5'},{'D2'},{'D4'},{'R2'},{'D1'},{'R3'},{'R1'},&,1.0,&
{'D7'},{'D6'},{'D3'},{'D5'},{'D2'},{'D4'},{'R1'},{'R3'},{'D1'},{'R2'},&,1.0,&
{'D7'},{'D6'},{'D3'},{'D5'},{'D2'},{'D4'},{'R1'},{'D1'},{'R3'},{'R2'},&,2.0,&
{'D7'},{'D6'},{'D3'},{'D5'},{'D2'},{'D1'},{'R3'},{'R2'},{'D4'},{'R1'},&,1.0,&
{'D7'},{'D6'},{'D3'},{'D5'},{'D2'},{'D1'},{'D4'},{'R1'},{'R2'},{'R3'},&,1.0,&
{'D7'},{'D6'},{'D3'},{'D5'},{'D2'},{'D1'},{'D4'},{'R1'},{'R3'},{'R2'},&,2.0,&
{'D7'},{'D6'},{'D3'},{'D5'},{'D2'},{'D1'},{'D4'},{'R2'},{'R3'},{'R1'},&,2.0,&
{'D7'},{'D6'},{'D3'},{'D5'},{'D2'},{'D1'},{'D4'},{'R2'},{'R1'},{'R3'},&,1.0,&
{'D7'},{'D6'},{'D3'},{'D5'},{'D2'},{'D1'},{'D4'},{'R3'},{'R2'},{'R1'},&,3.0,&
{'D7'},{'D6'},{'D3'},{'D5'},{'D2'},{'D1'},{'D4'},{'R3'},{'R1'},{'R2'},&,5.0,&
{'D7'},{'D6'},{'D3'},{'D5'},{'D2'},{'D1'},{'R1'},{'R3'},{'D4'},{'R2'},&,1.0,&
{'D7'},{'D6'},{'D3'},{'D5'},{'D2'},{'D1'},{'R1'},{'D4'},{'R3'},{'R2'},&,1.0,&
{'D7'},{'D6'},{'D3'},{'D5'},{'D2'},{'R2'},{'R3'},{'D1'},{'D4'},{'R1'},&,1.0,&
{'D7'},{'D6'},{'D3'},{'D5'},{'D2'},{'R1'},{'D1'},{'R2'},{'D4'},{'R3'},&,1.0,&
{'D7'},{'D6'},{'D3'},{'D5'},{'D2'},{'R3'},{'D1'},{'R1'},{'D4'},{'R2'},&,1.0,&
{'D7'},{'D6'},{'D3'},{'D5'},{'D2'},{'R3'},{'D1'},{'D4'},{'R2'},{'R1'},&,1.0,&
{'D7'},{'D6'},{'D3'},{'D5'},{'D4'},{'D1'},{'R3'},{'D2'},{'R2'},{'R1'},&,3.0,&
{'D7'},{'D6'},{'D3'},{'D5'},{'D4'},{'D1'},{'D2'},{'R1'},{'R2'},{'R3'},&,5.0,&
{'D7'},{'D6'},{'D3'},{'D5'},{'D4'},{'D1'},{'D2'},{'R1'},{'R3'},{'R2'},&,1.0,&
{'D7'},{'D6'},{'D3'},{'D5'},{'D4'},{'D1'},{'D2'},{'R2'},{'R3'},{'R1'},&,3.0,&
{'D7'},{'D6'},{'D3'},{'D5'},{'D4'},{'D1'},{'D2'},{'R2'},{'R1'},{'R3'},&,3.0,&
{'D7'},{'D6'},{'D3'},{'D5'},{'D4'},{'D1'},{'D2'},{'R3'},{'R2'},{'R1'},&,7.0,&
{'D7'},{'D6'},{'D3'},{'D5'},{'D4'},{'D1'},{'D2'},{'R3'},{'R1'},{'R2'},&,13.0,&
{'D7'},{'D6'},{'D3'},{'D5'},{'D4'},{'D1'},{'R2'},{'D2'},{'R3'},{'R1'},&,2.0,&
{'D7'},{'D6'},{'D3'},{'D5'},{'D4'},{'D1'},{'R1'},{'D2'},{'R2'},{'R3'},&,3.0,&
{'D7'},{'D6'},{'D3'},{'D5'},{'D4'},{'D1'},{'R1'},{'D2'},{'R3'},{'R2'},&,2.0,&
{'D7'},{'D6'},{'D3'},{'D5'},{'D4'},{'D2'},{'R3'},{'D1'},{'R2'},{'R1'},&,2.0,&
{'D7'},{'D6'},{'D3'},{'D5'},{'D4'},{'D2'},{'R3'},{'D1'},{'R1'},{'R2'},&,2.0,&
{'D7'},{'D6'},{'D3'},{'D5'},{'D4'},{'D2'},{'D1'},{'R1'},{'R2'},{'R3'},&,2.0,&
{'D7'},{'D6'},{'D3'},{'D5'},{'D4'},{'D2'},{'D1'},{'R1'},{'R3'},{'R2'},&,4.0,&
{'D7'},{'D6'},{'D3'},{'D5'},{'D4'},{'D2'},{'D1'},{'R2'},{'R3'},{'R1'},&,1.0,&
{'D7'},{'D6'},{'D3'},{'D5'},{'D4'},{'D2'},{'D1'},{'R2'},{'R1'},{'R3'},&,3.0,&
{'D7'},{'D6'},{'D3'},{'D5'},{'D4'},{'D2'},{'D1'},{'R3'},{'R2'},{'R1'},&,7.0,&
{'D7'},{'D6'},{'D3'},{'D5'},{'D4'},{'D2'},{'D1'},{'R3'},{'R1'},{'R2'},&,12.0,&
{'D7'},{'D6'},{'D3'},{'D5'},{'D4'},{'D2'},{'R2'},{'R3'},{'R1'},{'D1'},&,1.0,&
{'D7'},{'D6'},{'D3'},{'D5'},{'D4'},{'D2'},{'R2'},{'R3'},{'D1'},{'R1'},&,1.0,&
{'D7'},{'D6'},{'D3'},{'D5'},{'D4'},{'D2'},{'R2'},{'D1'},{'R3'},{'R1'},&,3.0,&
{'D7'},{'D6'},{'D3'},{'D5'},{'D4'},{'D2'},{'R1'},{'R3'},{'D1'},{'R2'},&,1.0,&
{'D7'},{'D6'},{'D3'},{'D5'},{'D4'},{'D2'},{'R1'},{'D1'},{'R3'},{'R2'},&,2.0,&
{'D7'},{'D6'},{'D3'},{'D5'},{'D4'},{'R2'},{'D2'},{'D1'},{'R3'},{'R1'},&,1.0,&
{'D7'},{'D6'},{'D3'},{'D5'},{'D4'},{'R2'},{'D1'},{'D2'},{'R3'},{'R1'},&,1.0,&
{'D7'},{'D6'},{'D3'},{'D5'},{'D4'},{'R3'},{'D1'},{'D2'},{'R2'},{'R1'},&,1.0,&
{'D7'},{'D6'},{'D3'},{'D5'},{'D4'},{'R3'},{'D1'},{'D2'},{'R1'},{'R2'},&,1.0,&
{'D7'},{'D6'},{'D3'},{'D5'},{'R3'},{'D1'},{'D4'},{'D2'},{'R1'},{'R2'},&,1.0,&
{'D7'},{'D6'},{'D3'},{'D5'},{'R3'},{'D2'},{'R1'},{'D1'},{'D4'},{'R2'},&,1.0,&
{'D7'},{'D6'},{'D3'},{'D4'},{'D1'},{'D2'},{'D5'},{'R3'},{'R2'},{'R1'},&,1.0,&
{'D7'},{'D6'},{'D3'},{'D4'},{'D1'},{'D5'},{'D2'},{'R1'},{'R3'},{'R2'},&,1.0,&
{'D7'},{'D6'},{'D3'},{'D4'},{'D1'},{'D5'},{'D2'},{'R2'},{'R3'},{'R1'},&,1.0,&
{'D7'},{'D6'},{'D3'},{'D4'},{'D1'},{'D5'},{'D2'},{'R3'},{'R2'},{'R1'},&,1.0,&
{'D7'},{'D6'},{'D3'},{'D4'},{'D1'},{'D5'},{'D2'},{'R3'},{'R1'},{'R2'},&,1.0,&
{'D7'},{'D6'},{'D3'},{'D4'},{'D2'},{'D5'},{'D1'},{'R3'},{'R2'},{'R1'},&,1.0,&
{'D7'},{'D6'},{'D3'},{'D4'},{'D5'},{'D1'},{'R3'},{'D2'},{'R2'},{'R1'},&,1.0,&
{'D7'},{'D6'},{'D3'},{'D4'},{'D5'},{'D1'},{'D2'},{'R1'},{'R2'},{'R3'},&,1.0,&
{'D7'},{'D6'},{'D3'},{'D4'},{'D5'},{'D1'},{'D2'},{'R1'},{'R3'},{'R2'},&,3.0,&
{'D7'},{'D6'},{'D3'},{'D4'},{'D5'},{'D1'},{'D2'},{'R2'},{'R3'},{'R1'},&,2.0,&
{'D7'},{'D6'},{'D3'},{'D4'},{'D5'},{'D1'},{'D2'},{'R3'},{'R2'},{'R1'},&,2.0,&
{'D7'},{'D6'},{'D3'},{'D4'},{'D5'},{'D1'},{'D2'},{'R3'},{'R1'},{'R2'},&,6.0,&
{'D7'},{'D6'},{'D3'},{'D4'},{'D5'},{'D1'},{'R1'},{'D2'},{'R2'},{'R3'},&,1.0,&
{'D7'},{'D6'},{'D3'},{'D4'},{'D5'},{'D1'},{'R1'},{'D2'},{'R3'},{'R2'},&,1.0,&
{'D7'},{'D6'},{'D3'},{'D4'},{'D5'},{'D2'},{'R3'},{'D1'},{'R2'},{'R1'},&,1.0,&
{'D7'},{'D6'},{'D3'},{'D4'},{'D5'},{'D2'},{'R3'},{'D1'},{'R1'},{'R2'},&,1.0,&
{'D7'},{'D6'},{'D3'},{'D4'},{'D5'},{'D2'},{'D1'},{'R1'},{'R3'},{'R2'},&,5.0,&
{'D7'},{'D6'},{'D3'},{'D4'},{'D5'},{'D2'},{'D1'},{'R3'},{'R2'},{'R1'},&,2.0,&
{'D7'},{'D6'},{'D3'},{'D4'},{'D5'},{'D2'},{'D1'},{'R3'},{'R1'},{'R2'},&,1.0,&
{'D7'},{'D6'},{'D3'},{'D4'},{'D5'},{'D2'},{'R2'},{'D1'},{'R1'},{'R3'},&,1.0,&
{'D7'},{'D6'},{'D3'},{'D4'},{'D5'},{'R2'},{'R1'},{'D1'},{'D2'},{'R3'},&,1.0,&
{'D7'},{'D6'},{'D3'},{'D4'},{'D5'},{'R3'},{'D1'},{'D2'},{'R1'},{'R2'},&,1.0,&
{'D7'},{'D6'},{'D3'},{'R3'},{'D2'},{'D5'},{'D1'},{'R1'},{'D4'},{'R2'},&,1.0,&
{'D7'},{'D6'},{'D3'},{'R3'},{'D5'},{'D2'},{'D1'},{'D4'},{'R1'},{'R2'},&,1.0,&
{'D7'},{'D6'},{'D3'},{'R3'},{'D5'},{'D2'},{'D4'},{'R1'},{'D1'},{'R2'},&,1.0,&
{'D7'},{'D6'},{'D5'},{'D1'},{'D2'},{'D4'},{'D3'},{'R3'},{'R1'},{'R2'},&,1.0,&
{'D7'},{'D6'},{'D5'},{'D1'},{'D2'},{'D3'},{'R3'},{'R2'},{'D4'},{'R1'},&,1.0,&
{'D7'},{'D6'},{'D5'},{'D1'},{'D2'},{'D3'},{'R3'},{'D4'},{'R2'},{'R1'},&,1.0,&
{'D7'},{'D6'},{'D5'},{'D1'},{'D2'},{'D3'},{'D4'},{'R1'},{'R2'},{'R3'},&,1.0,&
{'D7'},{'D6'},{'D5'},{'D1'},{'D2'},{'D3'},{'D4'},{'R1'},{'R3'},{'R2'},&,3.0,&
{'D7'},{'D6'},{'D5'},{'D1'},{'D2'},{'D3'},{'D4'},{'R2'},{'R3'},{'R1'},&,1.0,&
{'D7'},{'D6'},{'D5'},{'D1'},{'D2'},{'D3'},{'D4'},{'R3'},{'R2'},{'R1'},&,1.0,&
{'D7'},{'D6'},{'D5'},{'D1'},{'D2'},{'D3'},{'D4'},{'R3'},{'R1'},{'R2'},&,3.0,&
{'D7'},{'D6'},{'D5'},{'D1'},{'D2'},{'R2'},{'D3'},{'R3'},{'D4'},{'R1'},&,1.0,&
{'D7'},{'D6'},{'D5'},{'D1'},{'D2'},{'R1'},{'D3'},{'R3'},{'D4'},{'R2'},&,1.0,&
{'D7'},{'D6'},{'D5'},{'D1'},{'D3'},{'D4'},{'R3'},{'D2'},{'R2'},{'R1'},&,1.0,&
{'D7'},{'D6'},{'D5'},{'D1'},{'D3'},{'D4'},{'R3'},{'D2'},{'R1'},{'R2'},&,3.0,&
{'D7'},{'D6'},{'D5'},{'D1'},{'D3'},{'D4'},{'D2'},{'R1'},{'R3'},{'R2'},&,5.0,&
{'D7'},{'D6'},{'D5'},{'D1'},{'D3'},{'D4'},{'D2'},{'R2'},{'R3'},{'R1'},&,1.0,&
{'D7'},{'D6'},{'D5'},{'D1'},{'D3'},{'D4'},{'D2'},{'R3'},{'R2'},{'R1'},&,2.0,&
{'D7'},{'D6'},{'D5'},{'D1'},{'D3'},{'D4'},{'D2'},{'R3'},{'R1'},{'R2'},&,8.0,&
{'D7'},{'D6'},{'D5'},{'D1'},{'D3'},{'D4'},{'R2'},{'D2'},{'R3'},{'R1'},&,1.0,&
{'D7'},{'D6'},{'D5'},{'D1'},{'D3'},{'D4'},{'R1'},{'D2'},{'R2'},{'R3'},&,1.0,&
{'D7'},{'D6'},{'D5'},{'D1'},{'D3'},{'D2'},{'R3'},{'D4'},{'R1'},{'R2'},&,1.0,&
{'D7'},{'D6'},{'D5'},{'D1'},{'D3'},{'D2'},{'D4'},{'R1'},{'R2'},{'R3'},&,2.0,&
{'D7'},{'D6'},{'D5'},{'D1'},{'D3'},{'D2'},{'D4'},{'R1'},{'R3'},{'R2'},&,3.0,&
{'D7'},{'D6'},{'D5'},{'D1'},{'D3'},{'D2'},{'D4'},{'R2'},{'R3'},{'R1'},&,2.0,&
{'D7'},{'D6'},{'D5'},{'D1'},{'D3'},{'D2'},{'D4'},{'R3'},{'R2'},{'R1'},&,4.0,&
{'D7'},{'D6'},{'D5'},{'D1'},{'D3'},{'D2'},{'D4'},{'R3'},{'R1'},{'R2'},&,3.0,&
{'D7'},{'D6'},{'D5'},{'D1'},{'D3'},{'D2'},{'R2'},{'D4'},{'R3'},{'R1'},&,3.0,&
{'D7'},{'D6'},{'D5'},{'D1'},{'D3'},{'R2'},{'D4'},{'D2'},{'R1'},{'R3'},&,1.0,&
{'D7'},{'D6'},{'D5'},{'D1'},{'D4'},{'D2'},{'R3'},{'D3'},{'R2'},{'R1'},&,1.0,&
{'D7'},{'D6'},{'D5'},{'D1'},{'D4'},{'D2'},{'R3'},{'D3'},{'R1'},{'R2'},&,1.0,&
{'D7'},{'D6'},{'D5'},{'D1'},{'D4'},{'D2'},{'D3'},{'R1'},{'R3'},{'R2'},&,1.0,&
{'D7'},{'D6'},{'D5'},{'D1'},{'D4'},{'D2'},{'D3'},{'R2'},{'R3'},{'R1'},&,1.0,&
{'D7'},{'D6'},{'D5'},{'D1'},{'D4'},{'D2'},{'D3'},{'R3'},{'R2'},{'R1'},&,1.0,&
{'D7'},{'D6'},{'D5'},{'D1'},{'D4'},{'D2'},{'D3'},{'R3'},{'R1'},{'R2'},&,1.0,&
{'D7'},{'D6'},{'D5'},{'D1'},{'D4'},{'D3'},{'R3'},{'D2'},{'R1'},{'R2'},&,2.0,&
{'D7'},{'D6'},{'D5'},{'D1'},{'D4'},{'D3'},{'D2'},{'R1'},{'R3'},{'R2'},&,4.0,&
{'D7'},{'D6'},{'D5'},{'D1'},{'D4'},{'D3'},{'D2'},{'R2'},{'R3'},{'R1'},&,4.0,&
{'D7'},{'D6'},{'D5'},{'D1'},{'D4'},{'D3'},{'D2'},{'R3'},{'R2'},{'R1'},&,2.0,&
{'D7'},{'D6'},{'D5'},{'D1'},{'D4'},{'D3'},{'D2'},{'R3'},{'R1'},{'R2'},&,4.0,&
{'D7'},{'D6'},{'D5'},{'D1'},{'D4'},{'D3'},{'R2'},{'D2'},{'R3'},{'R1'},&,1.0,&
{'D7'},{'D6'},{'D5'},{'D1'},{'D4'},{'D3'},{'R1'},{'D2'},{'R3'},{'R2'},&,1.0,&
{'D7'},{'D6'},{'D5'},{'D1'},{'D4'},{'R1'},{'D2'},{'D3'},{'R3'},{'R2'},&,1.0,&
{'D7'},{'D6'},{'D5'},{'D1'},{'D4'},{'R3'},{'D3'},{'D2'},{'R2'},{'R1'},&,1.0,&
{'D7'},{'D6'},{'D5'},{'D1'},{'D4'},{'R3'},{'D3'},{'R1'},{'D2'},{'R2'},&,1.0,&
{'D7'},{'D6'},{'D5'},{'D2'},{'D1'},{'D4'},{'D3'},{'R1'},{'R3'},{'R2'},&,1.0,&
{'D7'},{'D6'},{'D5'},{'D2'},{'D1'},{'D4'},{'D3'},{'R2'},{'R3'},{'R1'},&,1.0,&
{'D7'},{'D6'},{'D5'},{'D2'},{'D1'},{'D3'},{'D4'},{'R1'},{'R3'},{'R2'},&,1.0,&
{'D7'},{'D6'},{'D5'},{'D2'},{'D1'},{'D3'},{'D4'},{'R2'},{'R1'},{'R3'},&,1.0,&
{'D7'},{'D6'},{'D5'},{'D2'},{'D1'},{'D3'},{'D4'},{'R3'},{'R1'},{'R2'},&,1.0,&
{'D7'},{'D6'},{'D5'},{'D2'},{'D1'},{'D3'},{'R1'},{'D4'},{'R3'},{'R2'},&,1.0,&
{'D7'},{'D6'},{'D5'},{'D2'},{'D1'},{'R1'},{'D3'},{'D4'},{'R3'},{'R2'},&,1.0,&
{'D7'},{'D6'},{'D5'},{'D2'},{'D1'},{'R3'},{'D3'},{'R2'},{'D4'},{'R1'},&,1.0,&
{'D7'},{'D6'},{'D5'},{'D2'},{'D3'},{'D4'},{'R3'},{'D1'},{'R2'},{'R1'},&,1.0,&
{'D7'},{'D6'},{'D5'},{'D2'},{'D3'},{'D4'},{'R3'},{'D1'},{'R1'},{'R2'},&,2.0,&
{'D7'},{'D6'},{'D5'},{'D2'},{'D3'},{'D4'},{'D1'},{'R1'},{'R2'},{'R3'},&,1.0,&
{'D7'},{'D6'},{'D5'},{'D2'},{'D3'},{'D4'},{'D1'},{'R1'},{'R3'},{'R2'},&,2.0,&
{'D7'},{'D6'},{'D5'},{'D2'},{'D3'},{'D4'},{'D1'},{'R2'},{'R3'},{'R1'},&,2.0,&
{'D7'},{'D6'},{'D5'},{'D2'},{'D3'},{'D4'},{'D1'},{'R3'},{'R2'},{'R1'},&,10.0,&
{'D7'},{'D6'},{'D5'},{'D2'},{'D3'},{'D4'},{'D1'},{'R3'},{'R1'},{'R2'},&,4.0,&
{'D7'},{'D6'},{'D5'},{'D2'},{'D3'},{'D4'},{'R2'},{'D1'},{'R3'},{'R1'},&,1.0,&
{'D7'},{'D6'},{'D5'},{'D2'},{'D3'},{'D4'},{'R1'},{'R3'},{'D1'},{'R2'},&,1.0,&
{'D7'},{'D6'},{'D5'},{'D2'},{'D3'},{'D1'},{'D4'},{'R1'},{'R3'},{'R2'},&,3.0,&
{'D7'},{'D6'},{'D5'},{'D2'},{'D3'},{'D1'},{'D4'},{'R2'},{'R3'},{'R1'},&,2.0,&
{'D7'},{'D6'},{'D5'},{'D2'},{'D3'},{'D1'},{'D4'},{'R3'},{'R2'},{'R1'},&,4.0,&
{'D7'},{'D6'},{'D5'},{'D2'},{'D3'},{'D1'},{'D4'},{'R3'},{'R1'},{'R2'},&,4.0,&
{'D7'},{'D6'},{'D5'},{'D2'},{'D3'},{'D1'},{'R2'},{'D4'},{'R3'},{'R1'},&,1.0,&
{'D7'},{'D6'},{'D5'},{'D2'},{'D3'},{'D1'},{'R2'},{'D4'},{'R1'},{'R3'},&,1.0,&
{'D7'},{'D6'},{'D5'},{'D2'},{'D3'},{'D1'},{'R1'},{'R2'},{'D4'},{'R3'},&,1.0,&
{'D7'},{'D6'},{'D5'},{'D2'},{'D3'},{'R3'},{'D1'},{'D4'},{'R2'},{'R1'},&,1.0,&
{'D7'},{'D6'},{'D5'},{'D2'},{'D4'},{'D1'},{'R3'},{'D3'},{'R1'},{'R2'},&,1.0,&
{'D7'},{'D6'},{'D5'},{'D2'},{'D4'},{'D1'},{'D3'},{'R3'},{'R2'},{'R1'},&,2.0,&
{'D7'},{'D6'},{'D5'},{'D2'},{'D4'},{'D1'},{'D3'},{'R3'},{'R1'},{'R2'},&,2.0,&
{'D7'},{'D6'},{'D5'},{'D2'},{'D4'},{'D3'},{'R3'},{'D1'},{'R1'},{'R2'},&,2.0,&
{'D7'},{'D6'},{'D5'},{'D2'},{'D4'},{'D3'},{'D1'},{'R2'},{'R3'},{'R1'},&,1.0,&
{'D7'},{'D6'},{'D5'},{'D2'},{'D4'},{'D3'},{'D1'},{'R2'},{'R1'},{'R3'},&,2.0,&
{'D7'},{'D6'},{'D5'},{'D2'},{'D4'},{'D3'},{'R1'},{'D1'},{'R3'},{'R2'},&,1.0,&
{'D7'},{'D6'},{'D5'},{'D3'},{'D1'},{'D4'},{'R3'},{'D2'},{'R1'},{'R2'},&,3.0,&
{'D7'},{'D6'},{'D5'},{'D3'},{'D1'},{'D4'},{'R3'},{'R1'},{'D2'},{'R2'},&,1.0,&
{'D7'},{'D6'},{'D5'},{'D3'},{'D1'},{'D4'},{'D2'},{'R1'},{'R2'},{'R3'},&,3.0,&
{'D7'},{'D6'},{'D5'},{'D3'},{'D1'},{'D4'},{'D2'},{'R1'},{'R3'},{'R2'},&,8.0,&
{'D7'},{'D6'},{'D5'},{'D3'},{'D1'},{'D4'},{'D2'},{'R2'},{'R3'},{'R1'},&,3.0,&
{'D7'},{'D6'},{'D5'},{'D3'},{'D1'},{'D4'},{'D2'},{'R3'},{'R2'},{'R1'},&,7.0,&
{'D7'},{'D6'},{'D5'},{'D3'},{'D1'},{'D4'},{'D2'},{'R3'},{'R1'},{'R2'},&,11.0,&
{'D7'},{'D6'},{'D5'},{'D3'},{'D1'},{'D4'},{'R2'},{'D2'},{'R3'},{'R1'},&,1.0,&
{'D7'},{'D6'},{'D5'},{'D3'},{'D1'},{'D4'},{'R2'},{'R3'},{'D2'},{'R1'},&,1.0,&
{'D7'},{'D6'},{'D5'},{'D3'},{'D1'},{'D4'},{'R1'},{'D2'},{'R3'},{'R2'},&,1.0,&
{'D7'},{'D6'},{'D5'},{'D3'},{'D1'},{'D4'},{'R1'},{'R2'},{'D2'},{'R3'},&,1.0,&
{'D7'},{'D6'},{'D5'},{'D3'},{'D1'},{'D4'},{'R1'},{'R3'},{'D2'},{'R2'},&,1.0,&
{'D7'},{'D6'},{'D5'},{'D3'},{'D1'},{'D2'},{'R3'},{'R2'},{'D4'},{'R1'},&,1.0,&
{'D7'},{'D6'},{'D5'},{'D3'},{'D1'},{'D2'},{'R3'},{'D4'},{'R2'},{'R1'},&,2.0,&
{'D7'},{'D6'},{'D5'},{'D3'},{'D1'},{'D2'},{'R3'},{'D4'},{'R1'},{'R2'},&,3.0,&
{'D7'},{'D6'},{'D5'},{'D3'},{'D1'},{'D2'},{'D4'},{'R1'},{'R2'},{'R3'},&,1.0,&
{'D7'},{'D6'},{'D5'},{'D3'},{'D1'},{'D2'},{'D4'},{'R1'},{'R3'},{'R2'},&,2.0,&
{'D7'},{'D6'},{'D5'},{'D3'},{'D1'},{'D2'},{'D4'},{'R2'},{'R3'},{'R1'},&,2.0,&
{'D7'},{'D6'},{'D5'},{'D3'},{'D1'},{'D2'},{'D4'},{'R2'},{'R1'},{'R3'},&,1.0,&
{'D7'},{'D6'},{'D5'},{'D3'},{'D1'},{'D2'},{'D4'},{'R3'},{'R2'},{'R1'},&,4.0,&
{'D7'},{'D6'},{'D5'},{'D3'},{'D1'},{'D2'},{'D4'},{'R3'},{'R1'},{'R2'},&,7.0,&
{'D7'},{'D6'},{'D5'},{'D3'},{'D1'},{'D2'},{'R2'},{'D4'},{'R3'},{'R1'},&,1.0,&
{'D7'},{'D6'},{'D5'},{'D3'},{'D1'},{'D2'},{'R1'},{'D4'},{'R3'},{'R2'},&,1.0,&
{'D7'},{'D6'},{'D5'},{'D3'},{'D1'},{'R2'},{'D2'},{'D4'},{'R3'},{'R1'},&,1.0,&
{'D7'},{'D6'},{'D5'},{'D3'},{'D1'},{'R2'},{'D4'},{'D2'},{'R3'},{'R1'},&,2.0,&
{'D7'},{'D6'},{'D5'},{'D3'},{'D1'},{'R3'},{'D2'},{'D4'},{'R2'},{'R1'},&,1.0,&
{'D7'},{'D6'},{'D5'},{'D3'},{'D2'},{'D4'},{'R3'},{'R1'},{'R2'},{'D1'},&,2.0,&
{'D7'},{'D6'},{'D5'},{'D3'},{'D2'},{'D4'},{'R3'},{'D1'},{'R2'},{'R1'},&,4.0,&
{'D7'},{'D6'},{'D5'},{'D3'},{'D2'},{'D4'},{'R3'},{'D1'},{'R1'},{'R2'},&,1.0,&
{'D7'},{'D6'},{'D5'},{'D3'},{'D2'},{'D4'},{'D1'},{'R1'},{'R2'},{'R3'},&,2.0,&
{'D7'},{'D6'},{'D5'},{'D3'},{'D2'},{'D4'},{'D1'},{'R1'},{'R3'},{'R2'},&,7.0,&
{'D7'},{'D6'},{'D5'},{'D3'},{'D2'},{'D4'},{'D1'},{'R2'},{'R3'},{'R1'},&,4.0,&
{'D7'},{'D6'},{'D5'},{'D3'},{'D2'},{'D4'},{'D1'},{'R3'},{'R2'},{'R1'},&,6.0,&
{'D7'},{'D6'},{'D5'},{'D3'},{'D2'},{'D4'},{'D1'},{'R3'},{'R1'},{'R2'},&,8.0,&
{'D7'},{'D6'},{'D5'},{'D3'},{'D2'},{'D4'},{'R2'},{'R3'},{'D1'},{'R1'},&,1.0,&
{'D7'},{'D6'},{'D5'},{'D3'},{'D2'},{'D4'},{'R2'},{'D1'},{'R3'},{'R1'},&,2.0,&
{'D7'},{'D6'},{'D5'},{'D3'},{'D2'},{'D4'},{'R2'},{'D1'},{'R1'},{'R3'},&,2.0,&
{'D7'},{'D6'},{'D5'},{'D3'},{'D2'},{'D4'},{'R1'},{'D1'},{'R3'},{'R2'},&,1.0,&
{'D7'},{'D6'},{'D5'},{'D3'},{'D2'},{'D1'},{'R3'},{'R2'},{'R1'},{'D4'},&,1.0,&
{'D7'},{'D6'},{'D5'},{'D3'},{'D2'},{'D1'},{'R3'},{'D4'},{'R2'},{'R1'},&,2.0,&
{'D7'},{'D6'},{'D5'},{'D3'},{'D2'},{'D1'},{'R3'},{'D4'},{'R1'},{'R2'},&,4.0,&
{'D7'},{'D6'},{'D5'},{'D3'},{'D2'},{'D1'},{'D4'},{'R1'},{'R2'},{'R3'},&,4.0,&
{'D7'},{'D6'},{'D5'},{'D3'},{'D2'},{'D1'},{'D4'},{'R1'},{'R3'},{'R2'},&,2.0,&
{'D7'},{'D6'},{'D5'},{'D3'},{'D2'},{'D1'},{'D4'},{'R2'},{'R3'},{'R1'},&,8.0,&
{'D7'},{'D6'},{'D5'},{'D3'},{'D2'},{'D1'},{'D4'},{'R2'},{'R1'},{'R3'},&,1.0,&
{'D7'},{'D6'},{'D5'},{'D3'},{'D2'},{'D1'},{'D4'},{'R3'},{'R2'},{'R1'},&,2.0,&
{'D7'},{'D6'},{'D5'},{'D3'},{'D2'},{'D1'},{'D4'},{'R3'},{'R1'},{'R2'},&,6.0,&
{'D7'},{'D6'},{'D5'},{'D3'},{'D2'},{'D1'},{'R2'},{'R3'},{'D4'},{'R1'},&,1.0,&
{'D7'},{'D6'},{'D5'},{'D3'},{'D2'},{'D1'},{'R2'},{'D4'},{'R3'},{'R1'},&,1.0,&
{'D7'},{'D6'},{'D5'},{'D3'},{'D2'},{'D1'},{'R1'},{'R3'},{'D4'},{'R2'},&,1.0,&
{'D7'},{'D6'},{'D5'},{'D3'},{'D2'},{'D1'},{'R1'},{'D4'},{'R2'},{'R3'},&,1.0,&
{'D7'},{'D6'},{'D5'},{'D3'},{'D2'},{'R2'},{'D1'},{'D4'},{'R3'},{'R1'},&,1.0,&
{'D7'},{'D6'},{'D5'},{'D3'},{'D2'},{'R1'},{'D1'},{'D4'},{'R3'},{'R2'},&,1.0,&
{'D7'},{'D6'},{'D5'},{'D3'},{'D2'},{'R3'},{'D1'},{'D4'},{'R1'},{'R2'},&,1.0,&
{'D7'},{'D6'},{'D5'},{'D3'},{'D4'},{'D1'},{'R3'},{'D2'},{'R2'},{'R1'},&,5.0,&
{'D7'},{'D6'},{'D5'},{'D3'},{'D4'},{'D1'},{'R3'},{'D2'},{'R1'},{'R2'},&,4.0,&
{'D7'},{'D6'},{'D5'},{'D3'},{'D4'},{'D1'},{'R3'},{'R1'},{'R2'},{'D2'},&,1.0,&
{'D7'},{'D6'},{'D5'},{'D3'},{'D4'},{'D1'},{'R3'},{'R2'},{'R1'},{'D2'},&,1.0,&
{'D7'},{'D6'},{'D5'},{'D3'},{'D4'},{'D1'},{'R3'},{'R2'},{'D2'},{'R1'},&,1.0,&
{'D7'},{'D6'},{'D5'},{'D3'},{'D4'},{'D1'},{'D2'},{'R1'},{'R2'},{'R3'},&,3.0,&
{'D7'},{'D6'},{'D5'},{'D3'},{'D4'},{'D1'},{'D2'},{'R1'},{'R3'},{'R2'},&,9.0,&
{'D7'},{'D6'},{'D5'},{'D3'},{'D4'},{'D1'},{'D2'},{'R2'},{'R3'},{'R1'},&,6.0,&
{'D7'},{'D6'},{'D5'},{'D3'},{'D4'},{'D1'},{'D2'},{'R2'},{'R1'},{'R3'},&,3.0,&
{'D7'},{'D6'},{'D5'},{'D3'},{'D4'},{'D1'},{'D2'},{'R3'},{'R2'},{'R1'},&,9.0,&
{'D7'},{'D6'},{'D5'},{'D3'},{'D4'},{'D1'},{'D2'},{'R3'},{'R1'},{'R2'},&,9.0,&
{'D7'},{'D6'},{'D5'},{'D3'},{'D4'},{'D1'},{'R2'},{'D2'},{'R3'},{'R1'},&,2.0,&
{'D7'},{'D6'},{'D5'},{'D3'},{'D4'},{'D1'},{'R1'},{'D2'},{'R3'},{'R2'},&,1.0,&
{'D7'},{'D6'},{'D5'},{'D3'},{'D4'},{'D2'},{'R3'},{'D1'},{'R2'},{'R1'},&,4.0,&
{'D7'},{'D6'},{'D5'},{'D3'},{'D4'},{'D2'},{'D1'},{'R1'},{'R2'},{'R3'},&,4.0,&
{'D7'},{'D6'},{'D5'},{'D3'},{'D4'},{'D2'},{'D1'},{'R1'},{'R3'},{'R2'},&,8.0,&
{'D7'},{'D6'},{'D5'},{'D3'},{'D4'},{'D2'},{'D1'},{'R2'},{'R3'},{'R1'},&,3.0,&
{'D7'},{'D6'},{'D5'},{'D3'},{'D4'},{'D2'},{'D1'},{'R2'},{'R1'},{'R3'},&,3.0,&
{'D7'},{'D6'},{'D5'},{'D3'},{'D4'},{'D2'},{'D1'},{'R3'},{'R2'},{'R1'},&,6.0,&
{'D7'},{'D6'},{'D5'},{'D3'},{'D4'},{'D2'},{'D1'},{'R3'},{'R1'},{'R2'},&,9.0,&
{'D7'},{'D6'},{'D5'},{'D3'},{'D4'},{'D2'},{'R2'},{'D1'},{'R3'},{'R1'},&,2.0,&
{'D7'},{'D6'},{'D5'},{'D3'},{'D4'},{'D2'},{'R1'},{'R3'},{'R2'},{'D1'},&,1.0,&
{'D7'},{'D6'},{'D5'},{'D3'},{'D4'},{'D2'},{'R1'},{'R3'},{'D1'},{'R2'},&,1.0,&
{'D7'},{'D6'},{'D5'},{'D3'},{'D4'},{'D2'},{'R1'},{'D1'},{'R2'},{'R3'},&,1.0,&
{'D7'},{'D6'},{'D5'},{'D3'},{'D4'},{'D2'},{'R1'},{'D1'},{'R3'},{'R2'},&,2.0,&
{'D7'},{'D6'},{'D5'},{'D3'},{'D4'},{'R3'},{'D2'},{'D1'},{'R2'},{'R1'},&,1.0,&
{'D7'},{'D6'},{'D5'},{'D3'},{'D4'},{'R3'},{'D1'},{'D2'},{'R1'},{'R2'},&,1.0,&
{'D7'},{'D6'},{'D5'},{'D3'},{'D4'},{'R3'},{'D1'},{'R1'},{'R2'},{'D2'},&,1.0,&
{'D7'},{'D6'},{'D5'},{'D3'},{'D4'},{'R3'},{'D1'},{'R1'},{'D2'},{'R2'},&,1.0,&
{'D7'},{'D6'},{'D5'},{'D3'},{'R3'},{'D4'},{'D1'},{'D2'},{'R2'},{'R1'},&,1.0,&
{'D7'},{'D6'},{'D5'},{'D3'},{'R3'},{'D4'},{'D1'},{'D2'},{'R1'},{'R2'},&,1.0,&
{'D7'},{'D6'},{'D5'},{'D3'},{'R3'},{'D1'},{'D2'},{'D4'},{'R1'},{'R2'},&,1.0,&
{'D7'},{'D6'},{'D5'},{'D3'},{'R1'},{'D1'},{'R3'},{'D4'},{'D2'},{'R2'},&,1.0,&
{'D7'},{'D6'},{'D5'},{'D4'},{'D1'},{'D2'},{'D3'},{'R2'},{'R3'},{'R1'},&,1.0,&
{'D7'},{'D6'},{'D5'},{'D4'},{'D1'},{'D3'},{'R3'},{'D2'},{'R1'},{'R2'},&,2.0,&
{'D7'},{'D6'},{'D5'},{'D4'},{'D1'},{'D3'},{'D2'},{'R1'},{'R3'},{'R2'},&,3.0,&
{'D7'},{'D6'},{'D5'},{'D4'},{'D1'},{'D3'},{'D2'},{'R2'},{'R3'},{'R1'},&,3.0,&
{'D7'},{'D6'},{'D5'},{'D4'},{'D1'},{'D3'},{'D2'},{'R3'},{'R2'},{'R1'},&,1.0,&
{'D7'},{'D6'},{'D5'},{'D4'},{'D1'},{'D3'},{'D2'},{'R3'},{'R1'},{'R2'},&,7.0,&
{'D7'},{'D6'},{'D5'},{'D4'},{'D1'},{'D3'},{'R1'},{'D2'},{'R3'},{'R2'},&,1.0,&
{'D7'},{'D6'},{'D5'},{'D4'},{'D1'},{'R3'},{'D3'},{'D2'},{'R2'},{'R1'},&,1.0,&
{'D7'},{'D6'},{'D5'},{'D4'},{'D2'},{'D1'},{'R3'},{'R2'},{'R1'},{'D3'},&,1.0,&
{'D7'},{'D6'},{'D5'},{'D4'},{'D2'},{'D1'},{'R3'},{'D3'},{'R1'},{'R2'},&,1.0,&
{'D7'},{'D6'},{'D5'},{'D4'},{'D2'},{'D1'},{'D3'},{'R2'},{'R3'},{'R1'},&,1.0,&
{'D7'},{'D6'},{'D5'},{'D4'},{'D2'},{'D1'},{'D3'},{'R3'},{'R2'},{'R1'},&,2.0,&
{'D7'},{'D6'},{'D5'},{'D4'},{'D2'},{'D1'},{'D3'},{'R3'},{'R1'},{'R2'},&,1.0,&
{'D7'},{'D6'},{'D5'},{'D4'},{'D2'},{'D1'},{'R1'},{'D3'},{'R2'},{'R3'},&,1.0,&
{'D7'},{'D6'},{'D5'},{'D4'},{'D2'},{'D3'},{'R3'},{'R2'},{'D1'},{'R1'},&,1.0,&
{'D7'},{'D6'},{'D5'},{'D4'},{'D2'},{'D3'},{'R3'},{'D1'},{'R2'},{'R1'},&,1.0,&
{'D7'},{'D6'},{'D5'},{'D4'},{'D2'},{'D3'},{'D1'},{'R1'},{'R2'},{'R3'},&,1.0,&
{'D7'},{'D6'},{'D5'},{'D4'},{'D2'},{'D3'},{'D1'},{'R1'},{'R3'},{'R2'},&,6.0,&
{'D7'},{'D6'},{'D5'},{'D4'},{'D2'},{'D3'},{'D1'},{'R2'},{'R3'},{'R1'},&,4.0,&
{'D7'},{'D6'},{'D5'},{'D4'},{'D2'},{'D3'},{'D1'},{'R3'},{'R2'},{'R1'},&,2.0,&
{'D7'},{'D6'},{'D5'},{'D4'},{'D2'},{'D3'},{'D1'},{'R3'},{'R1'},{'R2'},&,3.0,&
{'D7'},{'D6'},{'D5'},{'D4'},{'D2'},{'D3'},{'R1'},{'D1'},{'R2'},{'R3'},&,2.0,&
{'D7'},{'D6'},{'D5'},{'D4'},{'D3'},{'D1'},{'R3'},{'D2'},{'R2'},{'R1'},&,2.0,&
{'D7'},{'D6'},{'D5'},{'D4'},{'D3'},{'D1'},{'R3'},{'D2'},{'R1'},{'R2'},&,3.0,&
{'D7'},{'D6'},{'D5'},{'D4'},{'D3'},{'D1'},{'R3'},{'R1'},{'D2'},{'R2'},&,1.0,&
{'D7'},{'D6'},{'D5'},{'D4'},{'D3'},{'D1'},{'D2'},{'R1'},{'R2'},{'R3'},&,3.0,&
{'D7'},{'D6'},{'D5'},{'D4'},{'D3'},{'D1'},{'D2'},{'R1'},{'R3'},{'R2'},&,10.0,&
{'D7'},{'D6'},{'D5'},{'D4'},{'D3'},{'D1'},{'D2'},{'R2'},{'R3'},{'R1'},&,3.0,&
{'D7'},{'D6'},{'D5'},{'D4'},{'D3'},{'D1'},{'D2'},{'R2'},{'R1'},{'R3'},&,1.0,&
{'D7'},{'D6'},{'D5'},{'D4'},{'D3'},{'D1'},{'D2'},{'R3'},{'R2'},{'R1'},&,3.0,&
{'D7'},{'D6'},{'D5'},{'D4'},{'D3'},{'D1'},{'D2'},{'R3'},{'R1'},{'R2'},&,14.0,&
{'D7'},{'D6'},{'D5'},{'D4'},{'D3'},{'D1'},{'R2'},{'D2'},{'R3'},{'R1'},&,2.0,&
{'D7'},{'D6'},{'D5'},{'D4'},{'D3'},{'D1'},{'R2'},{'D2'},{'R1'},{'R3'},&,1.0,&
{'D7'},{'D6'},{'D5'},{'D4'},{'D3'},{'D1'},{'R1'},{'D2'},{'R3'},{'R2'},&,3.0,&
{'D7'},{'D6'},{'D5'},{'D4'},{'D3'},{'D1'},{'R1'},{'R3'},{'R2'},{'D2'},&,1.0,&
{'D7'},{'D6'},{'D5'},{'D4'},{'D3'},{'D2'},{'R3'},{'D1'},{'R1'},{'R2'},&,4.0,&
{'D7'},{'D6'},{'D5'},{'D4'},{'D3'},{'D2'},{'D1'},{'R1'},{'R3'},{'R2'},&,6.0,&
{'D7'},{'D6'},{'D5'},{'D4'},{'D3'},{'D2'},{'D1'},{'R2'},{'R3'},{'R1'},&,4.0,&
{'D7'},{'D6'},{'D5'},{'D4'},{'D3'},{'D2'},{'D1'},{'R3'},{'R2'},{'R1'},&,7.0,&
{'D7'},{'D6'},{'D5'},{'D4'},{'D3'},{'D2'},{'D1'},{'R3'},{'R1'},{'R2'},&,6.0,&
{'D7'},{'D6'},{'D5'},{'D4'},{'D3'},{'D2'},{'R2'},{'D1'},{'R3'},{'R1'},&,1.0,&
{'D7'},{'D6'},{'D5'},{'D4'},{'D3'},{'D2'},{'R2'},{'D1'},{'R1'},{'R3'},&,1.0,&
{'D7'},{'D6'},{'D5'},{'D4'},{'D3'},{'D2'},{'R1'},{'R2'},{'D1'},{'R3'},&,1.0,&
{'D7'},{'D6'},{'D5'},{'D4'},{'D3'},{'D2'},{'R1'},{'D1'},{'R2'},{'R3'},&,1.0,&
{'D7'},{'D6'},{'D5'},{'D4'},{'D3'},{'R2'},{'D1'},{'R3'},{'D2'},{'R1'},&,1.0,&
{'D7'},{'D6'},{'D5'},{'D4'},{'D3'},{'R1'},{'D1'},{'D2'},{'R2'},{'R3'},&,2.0,&
{'D7'},{'D6'},{'D5'},{'D4'},{'D3'},{'R1'},{'D1'},{'D2'},{'R3'},{'R2'},&,1.0,&
{'D7'},{'D6'},{'D5'},{'D4'},{'D3'},{'R3'},{'D2'},{'D1'},{'R1'},{'R2'},&,1.0,&
{'D7'},{'D6'},{'D5'},{'D4'},{'R3'},{'D1'},{'D3'},{'D2'},{'R2'},{'R1'},&,1.0,&
{'D7'},{'D6'},{'D5'},{'D4'},{'R2'},{'D2'},{'D3'},{'D1'},{'R3'},{'R1'},&,1.0,&
{'D7'},{'D6'},{'D5'},{'R2'},{'D2'},{'D3'},{'D4'},{'D1'},{'R3'},{'R1'},&,1.0,&
{'D7'},{'D6'},{'D5'},{'R2'},{'D4'},{'D3'},{'D1'},{'D2'},{'R3'},{'R1'},&,1.0,&
{'D7'},{'D6'},{'D5'},{'R3'},{'D1'},{'D4'},{'D3'},{'R2'},{'D2'},{'R1'},&,1.0,&
{'D7'},{'D6'},{'D5'},{'R3'},{'D2'},{'D4'},{'D3'},{'R1'},{'D1'},{'R2'},&,1.0,&
{'D7'},{'D6'},{'D5'},{'R3'},{'D4'},{'D3'},{'D1'},{'R2'},{'D2'},{'R1'},&,1.0,&
{'D7'},{'D6'},{'D1'},{'D2'},{'D3'},{'D5'},{'D4'},{'R1'},{'R3'},{'R2'},&,1.0,&
{'D7'},{'D6'},{'D1'},{'D2'},{'D5'},{'D4'},{'R3'},{'D3'},{'R1'},{'R2'},&,1.0,&
{'D7'},{'D6'},{'D1'},{'D2'},{'D5'},{'D3'},{'R3'},{'D4'},{'R2'},{'R1'},&,1.0,&
{'D7'},{'D6'},{'D1'},{'D2'},{'D5'},{'D3'},{'D4'},{'R2'},{'R1'},{'R3'},&,1.0,&
{'D7'},{'D6'},{'D1'},{'D2'},{'D5'},{'D3'},{'D4'},{'R3'},{'R2'},{'R1'},&,3.0,&
{'D7'},{'D6'},{'D1'},{'D2'},{'D5'},{'D3'},{'D4'},{'R3'},{'R1'},{'R2'},&,2.0,&
{'D7'},{'D6'},{'D1'},{'D2'},{'D5'},{'R3'},{'D3'},{'D4'},{'R2'},{'R1'},&,1.0,&
{'D7'},{'D6'},{'D1'},{'D3'},{'D2'},{'D4'},{'R2'},{'D5'},{'R3'},{'R1'},&,1.0,&
{'D7'},{'D6'},{'D1'},{'D3'},{'D2'},{'D5'},{'D4'},{'R1'},{'R3'},{'R2'},&,1.0,&
{'D7'},{'D6'},{'D1'},{'D3'},{'D4'},{'D2'},{'D5'},{'R3'},{'R2'},{'R1'},&,1.0,&
{'D7'},{'D6'},{'D1'},{'D3'},{'D4'},{'D5'},{'R3'},{'D2'},{'R1'},{'R2'},&,2.0,&
{'D7'},{'D6'},{'D1'},{'D3'},{'D4'},{'D5'},{'D2'},{'R1'},{'R3'},{'R2'},&,1.0,&
{'D7'},{'D6'},{'D1'},{'D3'},{'D4'},{'D5'},{'D2'},{'R2'},{'R3'},{'R1'},&,1.0,&
{'D7'},{'D6'},{'D1'},{'D3'},{'D4'},{'D5'},{'D2'},{'R3'},{'R1'},{'R2'},&,1.0,&
{'D7'},{'D6'},{'D1'},{'D3'},{'D4'},{'D5'},{'R2'},{'D2'},{'R3'},{'R1'},&,1.0,&
{'D7'},{'D6'},{'D1'},{'D3'},{'D5'},{'D4'},{'R3'},{'D2'},{'R2'},{'R1'},&,1.0,&
{'D7'},{'D6'},{'D1'},{'D3'},{'D5'},{'D4'},{'D2'},{'R1'},{'R3'},{'R2'},&,2.0,&
{'D7'},{'D6'},{'D1'},{'D3'},{'D5'},{'D4'},{'D2'},{'R2'},{'R1'},{'R3'},&,1.0,&
{'D7'},{'D6'},{'D1'},{'D3'},{'D5'},{'D4'},{'D2'},{'R3'},{'R1'},{'R2'},&,2.0,&
{'D7'},{'D6'},{'D1'},{'D3'},{'D5'},{'D4'},{'R2'},{'D2'},{'R1'},{'R3'},&,1.0,&
{'D7'},{'D6'},{'D1'},{'D3'},{'D5'},{'D2'},{'R3'},{'D4'},{'R2'},{'R1'},&,2.0,&
{'D7'},{'D6'},{'D1'},{'D3'},{'D5'},{'D2'},{'D4'},{'R1'},{'R3'},{'R2'},&,2.0,&
{'D7'},{'D6'},{'D1'},{'D5'},{'D2'},{'D4'},{'D3'},{'R3'},{'R1'},{'R2'},&,1.0,&
{'D7'},{'D6'},{'D1'},{'D5'},{'D2'},{'D3'},{'R3'},{'D4'},{'R1'},{'R2'},&,1.0,&
{'D7'},{'D6'},{'D1'},{'D5'},{'D2'},{'D3'},{'D4'},{'R3'},{'R2'},{'R1'},&,2.0,&
{'D7'},{'D6'},{'D1'},{'D5'},{'D2'},{'D3'},{'D4'},{'R3'},{'R1'},{'R2'},&,2.0,&
{'D7'},{'D6'},{'D1'},{'D5'},{'D3'},{'D4'},{'R3'},{'R2'},{'D2'},{'R1'},&,1.0,&
{'D7'},{'D6'},{'D1'},{'D5'},{'D3'},{'D4'},{'D2'},{'R1'},{'R2'},{'R3'},&,4.0,&
{'D7'},{'D6'},{'D1'},{'D5'},{'D3'},{'D4'},{'D2'},{'R1'},{'R3'},{'R2'},&,1.0,&
{'D7'},{'D6'},{'D1'},{'D5'},{'D3'},{'D4'},{'D2'},{'R2'},{'R3'},{'R1'},&,1.0,&
{'D7'},{'D6'},{'D1'},{'D5'},{'D3'},{'D4'},{'D2'},{'R3'},{'R1'},{'R2'},&,3.0,&
{'D7'},{'D6'},{'D1'},{'D5'},{'D3'},{'D4'},{'R1'},{'D2'},{'R3'},{'R2'},&,1.0,&
{'D7'},{'D6'},{'D1'},{'D5'},{'D3'},{'D2'},{'R3'},{'D4'},{'R2'},{'R1'},&,3.0,&
{'D7'},{'D6'},{'D1'},{'D5'},{'D3'},{'D2'},{'D4'},{'R1'},{'R2'},{'R3'},&,1.0,&
{'D7'},{'D6'},{'D1'},{'D5'},{'D3'},{'D2'},{'D4'},{'R2'},{'R3'},{'R1'},&,2.0,&
{'D7'},{'D6'},{'D1'},{'D5'},{'D3'},{'D2'},{'D4'},{'R3'},{'R2'},{'R1'},&,1.0,&
{'D7'},{'D6'},{'D1'},{'D5'},{'D3'},{'D2'},{'D4'},{'R3'},{'R1'},{'R2'},&,4.0,&
{'D7'},{'D6'},{'D1'},{'D5'},{'D3'},{'R2'},{'D2'},{'D4'},{'R1'},{'R3'},&,1.0,&
{'D7'},{'D6'},{'D1'},{'D5'},{'D4'},{'D2'},{'D3'},{'R2'},{'R1'},{'R3'},&,1.0,&
{'D7'},{'D6'},{'D1'},{'D5'},{'D4'},{'D2'},{'D3'},{'R3'},{'R1'},{'R2'},&,1.0,&
{'D7'},{'D6'},{'D1'},{'D5'},{'D4'},{'D3'},{'R3'},{'D2'},{'R2'},{'R1'},&,1.0,&
{'D7'},{'D6'},{'D1'},{'D5'},{'D4'},{'D3'},{'R3'},{'R1'},{'D2'},{'R2'},&,1.0,&
{'D7'},{'D6'},{'D1'},{'D5'},{'D4'},{'D3'},{'D2'},{'R2'},{'R3'},{'R1'},&,1.0,&
{'D7'},{'D6'},{'D1'},{'D5'},{'D4'},{'D3'},{'D2'},{'R2'},{'R1'},{'R3'},&,2.0,&
{'D7'},{'D6'},{'D1'},{'D5'},{'D4'},{'D3'},{'D2'},{'R3'},{'R2'},{'R1'},&,2.0,&
{'D7'},{'D6'},{'D1'},{'D5'},{'D4'},{'D3'},{'D2'},{'R3'},{'R1'},{'R2'},&,1.0,&
{'D7'},{'D6'},{'D1'},{'D5'},{'D4'},{'D3'},{'R1'},{'D2'},{'R3'},{'R2'},&,1.0,&
{'D7'},{'D6'},{'D1'},{'D4'},{'D2'},{'D5'},{'D3'},{'R3'},{'R1'},{'R2'},&,1.0,&
{'D7'},{'D6'},{'D1'},{'D4'},{'D3'},{'D2'},{'D5'},{'R1'},{'R3'},{'R2'},&,1.0,&
{'D7'},{'D6'},{'D1'},{'D4'},{'D3'},{'D2'},{'D5'},{'R3'},{'R2'},{'R1'},&,1.0,&
{'D7'},{'D6'},{'D1'},{'D4'},{'D3'},{'D5'},{'R3'},{'D2'},{'R1'},{'R2'},&,1.0,&
{'D7'},{'D6'},{'D1'},{'D4'},{'D3'},{'D5'},{'D2'},{'R1'},{'R3'},{'R2'},&,1.0,&
{'D7'},{'D6'},{'D1'},{'D4'},{'D3'},{'D5'},{'D2'},{'R2'},{'R3'},{'R1'},&,1.0,&
{'D7'},{'D6'},{'D1'},{'D4'},{'D5'},{'D2'},{'D3'},{'R2'},{'R3'},{'R1'},&,1.0,&
{'D7'},{'D6'},{'D1'},{'D4'},{'D5'},{'D2'},{'D3'},{'R3'},{'R2'},{'R1'},&,2.0,&
{'D7'},{'D6'},{'D1'},{'D4'},{'D5'},{'D3'},{'D2'},{'R1'},{'R3'},{'R2'},&,1.0,&
{'D7'},{'D6'},{'D1'},{'D4'},{'D5'},{'D3'},{'D2'},{'R3'},{'R1'},{'R2'},&,1.0,&
{'D7'},{'D6'},{'D1'},{'D4'},{'D5'},{'D3'},{'R2'},{'R3'},{'R1'},{'D2'},&,1.0,&
{'D7'},{'D6'},{'D1'},{'D4'},{'D5'},{'D3'},{'R1'},{'D2'},{'R3'},{'R2'},&,1.0,&
{'D7'},{'D6'},{'D2'},{'D1'},{'D4'},{'D5'},{'D3'},{'R3'},{'R1'},{'R2'},&,1.0,&
{'D7'},{'D6'},{'D2'},{'D1'},{'D5'},{'D3'},{'D4'},{'R3'},{'R2'},{'R1'},&,2.0,&
{'D7'},{'D6'},{'D2'},{'D1'},{'D5'},{'R3'},{'D3'},{'D4'},{'R2'},{'R1'},&,1.0,&
{'D7'},{'D6'},{'D2'},{'D3'},{'D1'},{'D5'},{'R3'},{'D4'},{'R1'},{'R2'},&,1.0,&
{'D7'},{'D6'},{'D2'},{'D3'},{'D1'},{'D5'},{'D4'},{'R3'},{'R2'},{'R1'},&,1.0,&
{'D7'},{'D6'},{'D2'},{'D3'},{'D1'},{'D5'},{'R2'},{'D4'},{'R3'},{'R1'},&,1.0,&
{'D7'},{'D6'},{'D2'},{'D3'},{'D1'},{'D5'},{'R1'},{'R2'},{'D4'},{'R3'},&,1.0,&
{'D7'},{'D6'},{'D2'},{'D3'},{'D4'},{'D5'},{'R3'},{'D1'},{'R1'},{'R2'},&,1.0,&
{'D7'},{'D6'},{'D2'},{'D3'},{'D4'},{'D5'},{'D1'},{'R1'},{'R2'},{'R3'},&,1.0,&
{'D7'},{'D6'},{'D2'},{'D3'},{'D4'},{'D5'},{'D1'},{'R1'},{'R3'},{'R2'},&,1.0,&
{'D7'},{'D6'},{'D2'},{'D3'},{'D4'},{'D5'},{'D1'},{'R2'},{'R3'},{'R1'},&,1.0,&
{'D7'},{'D6'},{'D2'},{'D3'},{'D4'},{'D5'},{'D1'},{'R3'},{'R1'},{'R2'},&,1.0,&
{'D7'},{'D6'},{'D2'},{'D3'},{'D5'},{'D4'},{'R3'},{'D1'},{'R1'},{'R2'},&,1.0,&
{'D7'},{'D6'},{'D2'},{'D3'},{'D5'},{'D4'},{'D1'},{'R1'},{'R3'},{'R2'},&,1.0,&
{'D7'},{'D6'},{'D2'},{'D3'},{'D5'},{'D4'},{'D1'},{'R3'},{'R2'},{'R1'},&,1.0,&
{'D7'},{'D6'},{'D2'},{'D3'},{'D5'},{'D4'},{'D1'},{'R3'},{'R1'},{'R2'},&,2.0,&
{'D7'},{'D6'},{'D2'},{'D3'},{'D5'},{'D4'},{'R2'},{'D1'},{'R1'},{'R3'},&,1.0,&
{'D7'},{'D6'},{'D2'},{'D3'},{'D5'},{'D4'},{'R1'},{'D1'},{'R3'},{'R2'},&,1.0,&
{'D7'},{'D6'},{'D2'},{'D3'},{'D5'},{'D1'},{'R3'},{'R2'},{'D4'},{'R1'},&,1.0,&
{'D7'},{'D6'},{'D2'},{'D3'},{'D5'},{'D1'},{'R3'},{'D4'},{'R1'},{'R2'},&,2.0,&
{'D7'},{'D6'},{'D2'},{'D3'},{'D5'},{'R2'},{'D1'},{'D4'},{'R3'},{'R1'},&,1.0,&
{'D7'},{'D6'},{'D2'},{'D5'},{'D1'},{'D4'},{'R2'},{'R1'},{'D3'},{'R3'},&,1.0,&
{'D7'},{'D6'},{'D2'},{'D5'},{'D1'},{'D4'},{'D3'},{'R2'},{'R3'},{'R1'},&,1.0,&
{'D7'},{'D6'},{'D2'},{'D5'},{'D1'},{'D4'},{'D3'},{'R2'},{'R1'},{'R3'},&,1.0,&
{'D7'},{'D6'},{'D2'},{'D5'},{'D1'},{'D4'},{'D3'},{'R3'},{'R2'},{'R1'},&,1.0,&
{'D7'},{'D6'},{'D2'},{'D5'},{'D1'},{'D3'},{'R3'},{'R1'},{'D4'},{'R2'},&,1.0,&
{'D7'},{'D6'},{'D2'},{'D5'},{'D1'},{'D3'},{'R3'},{'D4'},{'R2'},{'R1'},&,1.0,&
{'D7'},{'D6'},{'D2'},{'D5'},{'D1'},{'D3'},{'D4'},{'R3'},{'R1'},{'R2'},&,1.0,&
{'D7'},{'D6'},{'D2'},{'D5'},{'D3'},{'D4'},{'R3'},{'D1'},{'R1'},{'R2'},&,1.0,&
{'D7'},{'D6'},{'D2'},{'D5'},{'D3'},{'D4'},{'D1'},{'R1'},{'R2'},{'R3'},&,1.0,&
{'D7'},{'D6'},{'D2'},{'D5'},{'D3'},{'D4'},{'D1'},{'R1'},{'R3'},{'R2'},&,5.0,&
{'D7'},{'D6'},{'D2'},{'D5'},{'D3'},{'D4'},{'D1'},{'R2'},{'R3'},{'R1'},&,1.0,&
{'D7'},{'D6'},{'D2'},{'D5'},{'D3'},{'D4'},{'D1'},{'R3'},{'R2'},{'R1'},&,2.0,&
{'D7'},{'D6'},{'D2'},{'D5'},{'D3'},{'D4'},{'D1'},{'R3'},{'R1'},{'R2'},&,1.0,&
{'D7'},{'D6'},{'D2'},{'D5'},{'D3'},{'D4'},{'R2'},{'D1'},{'R1'},{'R3'},&,1.0,&
{'D7'},{'D6'},{'D2'},{'D5'},{'D3'},{'D1'},{'R3'},{'R2'},{'R1'},{'D4'},&,1.0,&
{'D7'},{'D6'},{'D2'},{'D5'},{'D3'},{'D1'},{'R3'},{'R2'},{'D4'},{'R1'},&,1.0,&
{'D7'},{'D6'},{'D2'},{'D5'},{'D3'},{'D1'},{'R3'},{'D4'},{'R2'},{'R1'},&,1.0,&
{'D7'},{'D6'},{'D2'},{'D5'},{'D3'},{'D1'},{'R3'},{'D4'},{'R1'},{'R2'},&,1.0,&
{'D7'},{'D6'},{'D2'},{'D5'},{'D3'},{'D1'},{'D4'},{'R2'},{'R3'},{'R1'},&,4.0,&
{'D7'},{'D6'},{'D2'},{'D5'},{'D3'},{'D1'},{'D4'},{'R3'},{'R2'},{'R1'},&,2.0,&
{'D7'},{'D6'},{'D2'},{'D5'},{'D3'},{'D1'},{'R2'},{'D4'},{'R3'},{'R1'},&,1.0,&
{'D7'},{'D6'},{'D2'},{'D5'},{'D3'},{'R1'},{'D4'},{'D1'},{'R3'},{'R2'},&,1.0,&
{'D7'},{'D6'},{'D2'},{'D5'},{'D4'},{'D1'},{'D3'},{'R2'},{'R3'},{'R1'},&,1.0,&
{'D7'},{'D6'},{'D2'},{'D5'},{'D4'},{'D1'},{'D3'},{'R2'},{'R1'},{'R3'},&,1.0,&
{'D7'},{'D6'},{'D2'},{'D5'},{'D4'},{'D1'},{'D3'},{'R3'},{'R1'},{'R2'},&,1.0,&
{'D7'},{'D6'},{'D2'},{'D5'},{'D4'},{'D3'},{'R3'},{'D1'},{'R1'},{'R2'},&,1.0,&
{'D7'},{'D6'},{'D2'},{'D5'},{'D4'},{'D3'},{'D1'},{'R1'},{'R3'},{'R2'},&,3.0,&
{'D7'},{'D6'},{'D2'},{'D5'},{'D4'},{'D3'},{'D1'},{'R3'},{'R2'},{'R1'},&,1.0,&
{'D7'},{'D6'},{'D2'},{'D5'},{'D4'},{'D3'},{'D1'},{'R3'},{'R1'},{'R2'},&,1.0,&
{'D7'},{'D6'},{'D2'},{'D5'},{'D4'},{'D3'},{'R2'},{'D1'},{'R3'},{'R1'},&,1.0,&
{'D7'},{'D6'},{'D2'},{'D5'},{'D4'},{'D3'},{'R1'},{'D1'},{'R3'},{'R2'},&,1.0,&
{'D7'},{'D6'},{'D2'},{'D4'},{'D1'},{'D5'},{'D3'},{'R3'},{'R1'},{'R2'},&,1.0,&
{'D7'},{'D6'},{'D2'},{'D4'},{'D1'},{'D3'},{'D5'},{'R2'},{'R1'},{'R3'},&,1.0,&
{'D7'},{'D6'},{'D2'},{'D4'},{'D3'},{'D5'},{'R3'},{'D1'},{'R2'},{'R1'},&,1.0,&
{'D7'},{'D6'},{'D2'},{'D4'},{'D3'},{'D5'},{'D1'},{'R3'},{'R2'},{'R1'},&,2.0,&
{'D7'},{'D6'},{'D2'},{'D4'},{'D3'},{'D5'},{'D1'},{'R3'},{'R1'},{'R2'},&,1.0,&
{'D7'},{'D6'},{'D2'},{'D4'},{'D5'},{'D1'},{'R3'},{'D3'},{'R1'},{'R2'},&,1.0,&
{'D7'},{'D6'},{'D2'},{'D4'},{'D5'},{'D3'},{'D1'},{'R1'},{'R3'},{'R2'},&,1.0,&
{'D7'},{'D6'},{'D2'},{'D4'},{'D5'},{'D3'},{'D1'},{'R2'},{'R1'},{'R3'},&,1.0,&
{'D7'},{'D6'},{'D2'},{'D4'},{'D5'},{'D3'},{'D1'},{'R3'},{'R2'},{'R1'},&,2.0,&
{'D7'},{'D6'},{'D2'},{'D4'},{'D5'},{'D3'},{'D1'},{'R3'},{'R1'},{'R2'},&,1.0,&
{'D7'},{'D6'},{'D2'},{'R3'},{'D4'},{'D5'},{'D1'},{'D3'},{'R1'},{'R2'},&,1.0,&
{'D7'},{'D6'},{'R3'},{'D5'},{'D4'},{'D3'},{'D2'},{'D1'},{'R2'},{'R1'},&,1.0,&
{'D7'},{'D2'},{'D4'},{'D1'},{'D6'},{'D3'},{'R3'},{'R2'},{'D5'},{'R1'},&,1.0,&
{'D7'},{'D2'},{'D4'},{'D1'},{'D5'},{'D3'},{'D6'},{'R2'},{'R3'},{'R1'},&,1.0,&
{'D7'},{'D2'},{'D4'},{'D3'},{'D6'},{'D5'},{'R3'},{'D1'},{'R1'},{'R2'},&,1.0,&
{'D7'},{'D2'},{'D4'},{'D3'},{'D6'},{'R3'},{'D5'},{'D1'},{'R1'},{'R2'},&,1.0,&
{'D7'},{'D2'},{'D4'},{'D3'},{'D5'},{'D6'},{'R3'},{'D1'},{'R1'},{'R2'},&,1.0,&
{'D7'},{'D2'},{'D4'},{'D3'},{'D5'},{'D1'},{'R3'},{'D6'},{'R2'},{'R1'},&,1.0,&
{'D7'},{'D2'},{'D4'},{'D3'},{'D5'},{'D1'},{'D6'},{'R3'},{'R1'},{'R2'},&,1.0,&
{'D7'},{'D2'},{'D4'},{'D3'},{'D5'},{'R3'},{'D6'},{'R2'},{'R1'},{'D1'},&,1.0,&
{'D7'},{'D2'},{'D4'},{'D5'},{'D1'},{'D6'},{'R2'},{'D3'},{'R1'},{'R3'},&,1.0,&
{'D7'},{'D2'},{'D4'},{'D5'},{'D1'},{'R3'},{'D3'},{'D6'},{'R1'},{'R2'},&,1.0,&
{'D7'},{'D2'},{'D4'},{'D5'},{'D3'},{'D6'},{'D1'},{'R1'},{'R3'},{'R2'},&,1.0,&
{'D7'},{'D2'},{'D4'},{'D5'},{'D3'},{'D6'},{'D1'},{'R3'},{'R2'},{'R1'},&,2.0,&
{'D7'},{'D2'},{'D4'},{'D5'},{'D3'},{'D6'},{'R1'},{'D1'},{'R3'},{'R2'},&,1.0,&
{'D7'},{'D2'},{'D4'},{'D5'},{'D3'},{'D1'},{'R3'},{'D6'},{'R1'},{'R2'},&,1.0,&
{'D7'},{'D2'},{'D4'},{'D5'},{'D3'},{'D1'},{'D6'},{'R3'},{'R2'},{'R1'},&,1.0,&
{'D7'},{'D2'},{'D4'},{'D5'},{'D3'},{'D1'},{'D6'},{'R3'},{'R1'},{'R2'},&,1.0,&
{'D7'},{'D2'},{'D4'},{'D5'},{'D6'},{'D1'},{'D3'},{'R1'},{'R3'},{'R2'},&,1.0,&
{'D7'},{'D2'},{'D4'},{'D5'},{'D6'},{'D3'},{'R3'},{'D1'},{'R1'},{'R2'},&,1.0,&
{'D7'},{'D2'},{'D4'},{'D5'},{'D6'},{'D3'},{'D1'},{'R3'},{'R1'},{'R2'},&,2.0,&
{'D7'},{'D2'},{'D4'},{'D5'},{'D6'},{'D3'},{'R1'},{'R2'},{'R3'},{'D1'},&,1.0,&
{'D7'},{'D2'},{'D4'},{'D5'},{'D6'},{'R3'},{'D3'},{'D1'},{'R1'},{'R2'},&,1.0,&
{'D7'},{'D2'},{'D4'},{'D5'},{'R3'},{'D6'},{'D3'},{'R2'},{'D1'},{'R1'},&,2.0,&
{'D7'},{'D2'},{'D4'},{'D6'},{'D1'},{'D5'},{'R3'},{'D3'},{'R2'},{'R1'},&,1.0,&
{'D7'},{'D2'},{'D4'},{'D6'},{'D1'},{'D5'},{'D3'},{'R3'},{'R2'},{'R1'},&,1.0,&
{'D7'},{'D2'},{'D4'},{'D6'},{'D3'},{'D1'},{'R3'},{'D5'},{'R2'},{'R1'},&,1.0,&
{'D7'},{'D2'},{'D4'},{'D6'},{'D3'},{'D1'},{'R1'},{'D5'},{'R2'},{'R3'},&,1.0,&
{'D7'},{'D2'},{'D4'},{'D6'},{'D5'},{'D3'},{'D1'},{'R1'},{'R3'},{'R2'},&,1.0,&
{'D7'},{'D2'},{'D4'},{'D6'},{'D5'},{'D3'},{'D1'},{'R2'},{'R1'},{'R3'},&,1.0,&
{'D7'},{'D2'},{'D4'},{'D6'},{'D5'},{'D3'},{'R2'},{'R3'},{'D1'},{'R1'},&,1.0,&
{'D7'},{'D2'},{'D4'},{'D6'},{'D5'},{'D3'},{'R2'},{'D1'},{'R3'},{'R1'},&,1.0,&
{'D7'},{'D2'},{'D3'},{'D1'},{'D6'},{'D5'},{'D4'},{'R3'},{'R2'},{'R1'},&,1.0,&
{'D7'},{'D2'},{'D3'},{'D1'},{'D5'},{'D6'},{'D4'},{'R3'},{'R1'},{'R2'},&,1.0,&
{'D7'},{'D2'},{'D3'},{'D1'},{'D5'},{'D4'},{'D6'},{'R1'},{'R3'},{'R2'},&,1.0,&
{'D7'},{'D2'},{'D3'},{'D1'},{'D5'},{'D4'},{'D6'},{'R3'},{'R1'},{'R2'},&,1.0,&
{'D7'},{'D2'},{'D3'},{'D5'},{'D1'},{'D6'},{'D4'},{'R3'},{'R1'},{'R2'},&,1.0,&
{'D7'},{'D2'},{'D3'},{'D5'},{'D1'},{'D4'},{'D6'},{'R2'},{'R1'},{'R3'},&,1.0,&
{'D7'},{'D2'},{'D3'},{'D5'},{'D6'},{'D4'},{'R3'},{'D1'},{'R2'},{'R1'},&,1.0,&
{'D7'},{'D2'},{'D3'},{'D5'},{'D6'},{'D4'},{'D1'},{'R1'},{'R2'},{'R3'},&,1.0,&
{'D7'},{'D2'},{'D3'},{'D5'},{'D6'},{'D4'},{'D1'},{'R2'},{'R3'},{'R1'},&,1.0,&
{'D7'},{'D2'},{'D3'},{'D5'},{'D6'},{'D4'},{'D1'},{'R2'},{'R1'},{'R3'},&,1.0,&
{'D7'},{'D2'},{'D3'},{'D5'},{'D6'},{'D4'},{'D1'},{'R3'},{'R2'},{'R1'},&,5.0,&
{'D7'},{'D2'},{'D3'},{'D5'},{'D6'},{'D4'},{'D1'},{'R3'},{'R1'},{'R2'},&,2.0,&
{'D7'},{'D2'},{'D3'},{'D5'},{'D6'},{'D1'},{'D4'},{'R3'},{'R1'},{'R2'},&,1.0,&
{'D7'},{'D2'},{'D3'},{'D5'},{'D4'},{'D6'},{'D1'},{'R1'},{'R3'},{'R2'},&,1.0,&
{'D7'},{'D2'},{'D3'},{'D5'},{'D4'},{'D6'},{'D1'},{'R2'},{'R3'},{'R1'},&,1.0,&
{'D7'},{'D2'},{'D3'},{'D5'},{'D4'},{'D6'},{'D1'},{'R3'},{'R2'},{'R1'},&,1.0,&
{'D7'},{'D2'},{'D3'},{'D5'},{'D4'},{'D6'},{'D1'},{'R3'},{'R1'},{'R2'},&,4.0,&
{'D7'},{'D2'},{'D3'},{'D5'},{'D4'},{'D6'},{'R2'},{'D1'},{'R1'},{'R3'},&,1.0,&
{'D7'},{'D2'},{'D3'},{'D5'},{'D4'},{'D6'},{'R1'},{'D1'},{'R3'},{'R2'},&,2.0,&
{'D7'},{'D2'},{'D3'},{'D5'},{'D4'},{'D1'},{'D6'},{'R1'},{'R3'},{'R2'},&,1.0,&
{'D7'},{'D2'},{'D3'},{'D6'},{'D1'},{'D5'},{'D4'},{'R1'},{'R3'},{'R2'},&,1.0,&
{'D7'},{'D2'},{'D3'},{'D6'},{'D4'},{'D5'},{'D1'},{'R1'},{'R3'},{'R2'},&,2.0,&
{'D7'},{'D2'},{'D3'},{'D6'},{'D4'},{'D5'},{'R2'},{'D1'},{'R1'},{'R3'},&,1.0,&
{'D7'},{'D2'},{'D3'},{'D6'},{'D5'},{'D4'},{'R3'},{'D1'},{'R2'},{'R1'},&,1.0,&
{'D7'},{'D2'},{'D3'},{'D6'},{'D5'},{'D4'},{'D1'},{'R2'},{'R3'},{'R1'},&,1.0,&
{'D7'},{'D2'},{'D3'},{'D6'},{'D5'},{'D4'},{'D1'},{'R3'},{'R2'},{'R1'},&,2.0,&
{'D7'},{'D2'},{'D3'},{'D6'},{'D5'},{'D1'},{'R3'},{'D4'},{'R2'},{'R1'},&,2.0,&
{'D7'},{'D2'},{'D3'},{'D6'},{'D5'},{'D1'},{'D4'},{'R3'},{'R1'},{'R2'},&,2.0,&
{'D7'},{'D2'},{'D3'},{'D4'},{'D1'},{'D5'},{'R3'},{'D6'},{'R1'},{'R2'},&,1.0,&
{'D7'},{'D2'},{'D3'},{'D4'},{'D6'},{'D5'},{'R1'},{'R3'},{'R2'},{'D1'},&,1.0,&
{'D7'},{'D2'},{'D3'},{'D4'},{'D5'},{'D6'},{'D1'},{'R1'},{'R3'},{'R2'},&,1.0,&
{'D7'},{'D2'},{'D3'},{'D4'},{'D5'},{'D6'},{'D1'},{'R3'},{'R1'},{'R2'},&,1.0,&
{'D7'},{'D2'},{'D3'},{'D4'},{'D5'},{'D6'},{'R2'},{'D1'},{'R3'},{'R1'},&,1.0,&
{'D7'},{'D2'},{'D3'},{'D4'},{'D5'},{'D1'},{'R3'},{'D6'},{'R1'},{'R2'},&,1.0,&
{'D7'},{'D2'},{'D5'},{'D1'},{'D3'},{'D6'},{'R3'},{'D4'},{'R1'},{'R2'},&,1.0,&
{'D7'},{'D2'},{'D5'},{'D1'},{'D3'},{'D6'},{'D4'},{'R1'},{'R2'},{'R3'},&,1.0,&
{'D7'},{'D2'},{'D5'},{'D1'},{'D3'},{'D6'},{'D4'},{'R3'},{'R2'},{'R1'},&,1.0,&
{'D7'},{'D2'},{'D5'},{'D1'},{'D3'},{'D4'},{'D6'},{'R1'},{'R3'},{'R2'},&,1.0,&
{'D7'},{'D2'},{'D5'},{'D1'},{'D6'},{'D4'},{'D3'},{'R2'},{'R3'},{'R1'},&,2.0,&
{'D7'},{'D2'},{'D5'},{'D1'},{'D6'},{'D4'},{'R1'},{'D3'},{'R3'},{'R2'},&,1.0,&
{'D7'},{'D2'},{'D5'},{'D1'},{'D6'},{'D3'},{'R3'},{'R2'},{'D4'},{'R1'},&,1.0,&
{'D7'},{'D2'},{'D5'},{'D1'},{'D6'},{'D3'},{'D4'},{'R2'},{'R3'},{'R1'},&,1.0,&
{'D7'},{'D2'},{'D5'},{'D1'},{'D6'},{'D3'},{'R1'},{'D4'},{'R2'},{'R3'},&,1.0,&
{'D7'},{'D2'},{'D5'},{'D1'},{'D4'},{'D3'},{'D6'},{'R3'},{'R1'},{'R2'},&,1.0,&
{'D7'},{'D2'},{'D5'},{'D3'},{'D1'},{'D6'},{'D4'},{'R1'},{'R2'},{'R3'},&,1.0,&
{'D7'},{'D2'},{'D5'},{'D3'},{'D1'},{'D6'},{'D4'},{'R1'},{'R3'},{'R2'},&,1.0,&
{'D7'},{'D2'},{'D5'},{'D3'},{'D1'},{'D6'},{'D4'},{'R3'},{'R2'},{'R1'},&,2.0,&
{'D7'},{'D2'},{'D5'},{'D3'},{'D1'},{'D6'},{'D4'},{'R3'},{'R1'},{'R2'},&,1.0,&
{'D7'},{'D2'},{'D5'},{'D3'},{'D1'},{'D4'},{'D6'},{'R1'},{'R3'},{'R2'},&,1.0,&
{'D7'},{'D2'},{'D5'},{'D3'},{'D1'},{'D4'},{'D6'},{'R3'},{'R2'},{'R1'},&,2.0,&
{'D7'},{'D2'},{'D5'},{'D3'},{'D1'},{'R2'},{'D4'},{'D6'},{'R1'},{'R3'},&,1.0,&
{'D7'},{'D2'},{'D5'},{'D3'},{'D1'},{'R3'},{'R1'},{'D6'},{'R2'},{'D4'},&,1.0,&
{'D7'},{'D2'},{'D5'},{'D3'},{'D6'},{'D4'},{'R3'},{'D1'},{'R2'},{'R1'},&,1.0,&
{'D7'},{'D2'},{'D5'},{'D3'},{'D6'},{'D4'},{'R3'},{'D1'},{'R1'},{'R2'},&,1.0,&
{'D7'},{'D2'},{'D5'},{'D3'},{'D6'},{'D4'},{'D1'},{'R1'},{'R3'},{'R2'},&,2.0,&
{'D7'},{'D2'},{'D5'},{'D3'},{'D6'},{'D4'},{'D1'},{'R3'},{'R2'},{'R1'},&,2.0,&
{'D7'},{'D2'},{'D5'},{'D3'},{'D6'},{'D4'},{'D1'},{'R3'},{'R1'},{'R2'},&,2.0,&
{'D7'},{'D2'},{'D5'},{'D3'},{'D6'},{'D4'},{'R2'},{'D1'},{'R3'},{'R1'},&,1.0,&
{'D7'},{'D2'},{'D5'},{'D3'},{'D6'},{'D4'},{'R1'},{'D1'},{'R3'},{'R2'},&,3.0,&
{'D7'},{'D2'},{'D5'},{'D3'},{'D6'},{'D1'},{'R3'},{'D4'},{'R2'},{'R1'},&,2.0,&
{'D7'},{'D2'},{'D5'},{'D3'},{'D6'},{'D1'},{'R3'},{'D4'},{'R1'},{'R2'},&,2.0,&
{'D7'},{'D2'},{'D5'},{'D3'},{'D6'},{'D1'},{'D4'},{'R1'},{'R2'},{'R3'},&,1.0,&
{'D7'},{'D2'},{'D5'},{'D3'},{'D6'},{'D1'},{'D4'},{'R3'},{'R2'},{'R1'},&,2.0,&
{'D7'},{'D2'},{'D5'},{'D3'},{'D6'},{'D1'},{'D4'},{'R3'},{'R1'},{'R2'},&,2.0,&
{'D7'},{'D2'},{'D5'},{'D3'},{'D4'},{'D6'},{'D1'},{'R1'},{'R2'},{'R3'},&,1.0,&
{'D7'},{'D2'},{'D5'},{'D3'},{'D4'},{'D6'},{'D1'},{'R1'},{'R3'},{'R2'},&,3.0,&
{'D7'},{'D2'},{'D5'},{'D3'},{'D4'},{'D6'},{'D1'},{'R2'},{'R1'},{'R3'},&,1.0,&
{'D7'},{'D2'},{'D5'},{'D3'},{'D4'},{'D6'},{'D1'},{'R3'},{'R2'},{'R1'},&,2.0,&
{'D7'},{'D2'},{'D5'},{'D3'},{'D4'},{'D6'},{'D1'},{'R3'},{'R1'},{'R2'},&,1.0,&
{'D7'},{'D2'},{'D5'},{'D3'},{'D4'},{'D1'},{'D6'},{'R1'},{'R3'},{'R2'},&,1.0,&
{'D7'},{'D2'},{'D5'},{'D3'},{'D4'},{'D1'},{'D6'},{'R2'},{'R3'},{'R1'},&,1.0,&
{'D7'},{'D2'},{'D5'},{'D3'},{'D4'},{'D1'},{'D6'},{'R3'},{'R1'},{'R2'},&,2.0,&
{'D7'},{'D2'},{'D5'},{'D3'},{'D4'},{'R2'},{'D1'},{'D6'},{'R3'},{'R1'},&,1.0,&
{'D7'},{'D2'},{'D5'},{'D3'},{'R3'},{'D6'},{'D1'},{'D4'},{'R1'},{'R2'},&,1.0,&
{'D7'},{'D2'},{'D5'},{'D6'},{'D1'},{'D4'},{'D3'},{'R1'},{'R2'},{'R3'},&,1.0,&
{'D7'},{'D2'},{'D5'},{'D6'},{'D1'},{'D3'},{'R3'},{'D4'},{'R1'},{'R2'},&,1.0,&
{'D7'},{'D2'},{'D5'},{'D6'},{'D1'},{'D3'},{'D4'},{'R2'},{'R3'},{'R1'},&,1.0,&
{'D7'},{'D2'},{'D5'},{'D6'},{'D1'},{'D3'},{'D4'},{'R2'},{'R1'},{'R3'},&,1.0,&
{'D7'},{'D2'},{'D5'},{'D6'},{'D1'},{'D3'},{'D4'},{'R3'},{'R1'},{'R2'},&,5.0,&
{'D7'},{'D2'},{'D5'},{'D6'},{'D3'},{'D4'},{'R3'},{'D1'},{'R2'},{'R1'},&,1.0,&
{'D7'},{'D2'},{'D5'},{'D6'},{'D3'},{'D4'},{'R3'},{'D1'},{'R1'},{'R2'},&,1.0,&
{'D7'},{'D2'},{'D5'},{'D6'},{'D3'},{'D4'},{'D1'},{'R1'},{'R2'},{'R3'},&,2.0,&
{'D7'},{'D2'},{'D5'},{'D6'},{'D3'},{'D4'},{'D1'},{'R1'},{'R3'},{'R2'},&,3.0,&
{'D7'},{'D2'},{'D5'},{'D6'},{'D3'},{'D4'},{'D1'},{'R2'},{'R3'},{'R1'},&,1.0,&
{'D7'},{'D2'},{'D5'},{'D6'},{'D3'},{'D4'},{'D1'},{'R2'},{'R1'},{'R3'},&,3.0,&
{'D7'},{'D2'},{'D5'},{'D6'},{'D3'},{'D4'},{'D1'},{'R3'},{'R2'},{'R1'},&,1.0,&
{'D7'},{'D2'},{'D5'},{'D6'},{'D3'},{'D4'},{'D1'},{'R3'},{'R1'},{'R2'},&,2.0,&
{'D7'},{'D2'},{'D5'},{'D6'},{'D3'},{'D4'},{'R1'},{'D1'},{'R3'},{'R2'},&,1.0,&
{'D7'},{'D2'},{'D5'},{'D6'},{'D3'},{'D1'},{'R3'},{'D4'},{'R2'},{'R1'},&,1.0,&
{'D7'},{'D2'},{'D5'},{'D6'},{'D3'},{'D1'},{'R3'},{'D4'},{'R1'},{'R2'},&,1.0,&
{'D7'},{'D2'},{'D5'},{'D6'},{'D3'},{'D1'},{'D4'},{'R3'},{'R1'},{'R2'},&,2.0,&
{'D7'},{'D2'},{'D5'},{'D6'},{'D3'},{'R2'},{'D4'},{'D1'},{'R3'},{'R1'},&,1.0,&
{'D7'},{'D2'},{'D5'},{'D6'},{'D4'},{'D1'},{'D3'},{'R2'},{'R3'},{'R1'},&,1.0,&
{'D7'},{'D2'},{'D5'},{'D6'},{'D4'},{'D1'},{'D3'},{'R3'},{'R2'},{'R1'},&,1.0,&
{'D7'},{'D2'},{'D5'},{'D6'},{'D4'},{'D3'},{'R3'},{'R2'},{'D1'},{'R1'},&,1.0,&
{'D7'},{'D2'},{'D5'},{'D6'},{'D4'},{'D3'},{'D1'},{'R2'},{'R3'},{'R1'},&,1.0,&
{'D7'},{'D2'},{'D5'},{'D6'},{'D4'},{'D3'},{'D1'},{'R3'},{'R2'},{'R1'},&,2.0,&
{'D7'},{'D2'},{'D5'},{'D6'},{'D4'},{'D3'},{'D1'},{'R3'},{'R1'},{'R2'},&,1.0,&
{'D7'},{'D2'},{'D5'},{'D6'},{'D4'},{'D3'},{'R2'},{'R3'},{'D1'},{'R1'},&,1.0,&
{'D7'},{'D2'},{'D5'},{'D6'},{'D4'},{'D3'},{'R1'},{'D1'},{'R2'},{'R3'},&,1.0,&
{'D7'},{'D2'},{'D5'},{'D6'},{'R3'},{'D4'},{'D1'},{'R2'},{'D3'},{'R1'},&,1.0,&
{'D7'},{'D2'},{'D5'},{'D6'},{'R3'},{'D1'},{'D3'},{'D4'},{'R1'},{'R2'},&,1.0,&
{'D7'},{'D2'},{'D5'},{'D4'},{'D1'},{'D6'},{'D3'},{'R3'},{'R2'},{'R1'},&,1.0,&
{'D7'},{'D2'},{'D5'},{'D4'},{'D1'},{'D3'},{'D6'},{'R1'},{'R2'},{'R3'},&,1.0,&
{'D7'},{'D2'},{'D5'},{'D4'},{'D1'},{'R3'},{'D3'},{'D6'},{'R2'},{'R1'},&,1.0,&
{'D7'},{'D2'},{'D5'},{'D4'},{'D3'},{'D6'},{'D1'},{'R1'},{'R2'},{'R3'},&,1.0,&
{'D7'},{'D2'},{'D5'},{'D4'},{'D3'},{'D6'},{'D1'},{'R2'},{'R3'},{'R1'},&,1.0,&
{'D7'},{'D2'},{'D5'},{'D4'},{'D3'},{'D6'},{'D1'},{'R2'},{'R1'},{'R3'},&,1.0,&
{'D7'},{'D2'},{'D5'},{'D4'},{'D3'},{'D6'},{'D1'},{'R3'},{'R2'},{'R1'},&,1.0,&
{'D7'},{'D2'},{'D5'},{'D4'},{'D3'},{'D1'},{'D6'},{'R3'},{'R1'},{'R2'},&,1.0,&
{'D7'},{'D2'},{'D5'},{'D4'},{'D6'},{'D1'},{'R3'},{'D3'},{'R2'},{'R1'},&,1.0,&
{'D7'},{'D2'},{'D5'},{'D4'},{'D6'},{'D1'},{'D3'},{'R2'},{'R1'},{'R3'},&,1.0,&
{'D7'},{'D2'},{'D5'},{'D4'},{'D6'},{'D1'},{'D3'},{'R3'},{'R2'},{'R1'},&,1.0,&
{'D7'},{'D2'},{'D5'},{'D4'},{'D6'},{'D3'},{'D1'},{'R1'},{'R2'},{'R3'},&,1.0,&
{'D7'},{'D2'},{'D5'},{'D4'},{'D6'},{'D3'},{'D1'},{'R1'},{'R3'},{'R2'},&,2.0,&
{'D7'},{'D2'},{'D5'},{'D4'},{'D6'},{'D3'},{'D1'},{'R2'},{'R3'},{'R1'},&,2.0,&
{'D7'},{'D2'},{'D5'},{'D4'},{'D6'},{'D3'},{'D1'},{'R2'},{'R1'},{'R3'},&,1.0,&
{'D7'},{'D2'},{'D5'},{'D4'},{'D6'},{'D3'},{'D1'},{'R3'},{'R1'},{'R2'},&,4.0,&
{'D7'},{'D2'},{'D5'},{'D4'},{'D6'},{'D3'},{'R2'},{'D1'},{'R3'},{'R1'},&,1.0,&
{'D7'},{'D2'},{'D5'},{'D4'},{'D6'},{'R2'},{'D3'},{'R3'},{'D1'},{'R1'},&,1.0,&
{'D7'},{'D2'},{'D6'},{'D1'},{'D3'},{'D4'},{'D5'},{'R1'},{'R3'},{'R2'},&,1.0,&
{'D7'},{'D2'},{'D6'},{'D1'},{'D3'},{'D5'},{'D4'},{'R1'},{'R3'},{'R2'},&,1.0,&
{'D7'},{'D2'},{'D6'},{'D1'},{'D3'},{'D5'},{'R1'},{'R3'},{'D4'},{'R2'},&,1.0,&
{'D7'},{'D2'},{'D6'},{'D1'},{'D4'},{'D5'},{'R3'},{'D3'},{'R2'},{'R1'},&,1.0,&
{'D7'},{'D2'},{'D6'},{'D1'},{'D4'},{'D5'},{'D3'},{'R3'},{'R2'},{'R1'},&,1.0,&
{'D7'},{'D2'},{'D6'},{'D1'},{'D5'},{'D4'},{'D3'},{'R3'},{'R1'},{'R2'},&,2.0,&
{'D7'},{'D2'},{'D6'},{'D1'},{'D5'},{'D3'},{'D4'},{'R3'},{'R2'},{'R1'},&,1.0,&
{'D7'},{'D2'},{'D6'},{'D3'},{'D1'},{'D4'},{'R1'},{'D5'},{'R2'},{'R3'},&,1.0,&
{'D7'},{'D2'},{'D6'},{'D3'},{'D1'},{'D5'},{'D4'},{'R1'},{'R3'},{'R2'},&,1.0,&
{'D7'},{'D2'},{'D6'},{'D3'},{'D1'},{'D5'},{'D4'},{'R3'},{'R1'},{'R2'},&,1.0,&
{'D7'},{'D2'},{'D6'},{'D3'},{'D4'},{'D5'},{'R3'},{'R1'},{'D1'},{'R2'},&,1.0,&
{'D7'},{'D2'},{'D6'},{'D3'},{'D4'},{'D5'},{'R3'},{'D1'},{'R2'},{'R1'},&,1.0,&
{'D7'},{'D2'},{'D6'},{'D3'},{'D4'},{'D5'},{'D1'},{'R2'},{'R3'},{'R1'},&,1.0,&
{'D7'},{'D2'},{'D6'},{'D3'},{'D4'},{'D5'},{'D1'},{'R3'},{'R1'},{'R2'},&,1.0,&
{'D7'},{'D2'},{'D6'},{'D3'},{'D5'},{'D4'},{'R3'},{'R1'},{'D1'},{'R2'},&,1.0,&
{'D7'},{'D2'},{'D6'},{'D3'},{'D5'},{'D4'},{'R3'},{'D1'},{'R2'},{'R1'},&,1.0,&
{'D7'},{'D2'},{'D6'},{'D3'},{'D5'},{'D4'},{'D1'},{'R2'},{'R3'},{'R1'},&,1.0,&
{'D7'},{'D2'},{'D6'},{'D3'},{'D5'},{'D4'},{'D1'},{'R3'},{'R2'},{'R1'},&,1.0,&
{'D7'},{'D2'},{'D6'},{'D3'},{'D5'},{'D1'},{'D4'},{'R1'},{'R2'},{'R3'},&,1.0,&
{'D7'},{'D2'},{'D6'},{'D3'},{'D5'},{'D1'},{'D4'},{'R1'},{'R3'},{'R2'},&,1.0,&
{'D7'},{'D2'},{'D6'},{'D3'},{'D5'},{'D1'},{'D4'},{'R3'},{'R2'},{'R1'},&,1.0,&
{'D7'},{'D2'},{'D6'},{'D3'},{'D5'},{'D1'},{'D4'},{'R3'},{'R1'},{'R2'},&,1.0,&
{'D7'},{'D2'},{'D6'},{'D3'},{'D5'},{'D1'},{'R1'},{'D4'},{'R3'},{'R2'},&,1.0,&
{'D7'},{'D2'},{'D6'},{'D3'},{'D5'},{'R3'},{'D1'},{'D4'},{'R2'},{'R1'},&,1.0,&
{'D7'},{'D2'},{'D6'},{'D5'},{'D1'},{'D4'},{'D3'},{'R2'},{'R1'},{'R3'},&,2.0,&
{'D7'},{'D2'},{'D6'},{'D5'},{'D1'},{'D4'},{'R1'},{'D3'},{'R3'},{'R2'},&,1.0,&
{'D7'},{'D2'},{'D6'},{'D5'},{'D1'},{'D3'},{'D4'},{'R1'},{'R2'},{'R3'},&,1.0,&
{'D7'},{'D2'},{'D6'},{'D5'},{'D1'},{'D3'},{'D4'},{'R2'},{'R3'},{'R1'},&,1.0,&
{'D7'},{'D2'},{'D6'},{'D5'},{'D1'},{'D3'},{'D4'},{'R3'},{'R2'},{'R1'},&,1.0,&
{'D7'},{'D2'},{'D6'},{'D5'},{'D3'},{'D4'},{'R3'},{'D1'},{'R1'},{'R2'},&,1.0,&
{'D7'},{'D2'},{'D6'},{'D5'},{'D3'},{'D4'},{'D1'},{'R1'},{'R3'},{'R2'},&,1.0,&
{'D7'},{'D2'},{'D6'},{'D5'},{'D3'},{'D4'},{'D1'},{'R2'},{'R3'},{'R1'},&,1.0,&
{'D7'},{'D2'},{'D6'},{'D5'},{'D3'},{'D4'},{'D1'},{'R3'},{'R1'},{'R2'},&,5.0,&
{'D7'},{'D2'},{'D6'},{'D5'},{'D3'},{'D1'},{'D4'},{'R1'},{'R2'},{'R3'},&,1.0,&
{'D7'},{'D2'},{'D6'},{'D5'},{'D3'},{'D1'},{'D4'},{'R3'},{'R1'},{'R2'},&,2.0,&
{'D7'},{'D2'},{'D6'},{'D5'},{'D3'},{'D1'},{'R1'},{'D4'},{'R3'},{'R2'},&,1.0,&
{'D7'},{'D2'},{'D6'},{'D5'},{'D4'},{'D1'},{'D3'},{'R1'},{'R3'},{'R2'},&,2.0,&
{'D7'},{'D2'},{'D6'},{'D5'},{'D4'},{'D1'},{'D3'},{'R2'},{'R3'},{'R1'},&,1.0,&
{'D7'},{'D2'},{'D6'},{'D5'},{'D4'},{'D3'},{'D1'},{'R1'},{'R3'},{'R2'},&,1.0,&
{'D7'},{'D2'},{'D6'},{'D5'},{'D4'},{'D3'},{'D1'},{'R2'},{'R1'},{'R3'},&,1.0,&
{'D7'},{'D2'},{'D6'},{'D5'},{'D4'},{'D3'},{'D1'},{'R3'},{'R1'},{'R2'},&,1.0,&
{'D7'},{'D2'},{'D6'},{'D5'},{'D4'},{'R3'},{'R1'},{'D3'},{'D1'},{'R2'},&,1.0,&
{'D7'},{'D2'},{'D6'},{'D4'},{'D3'},{'D1'},{'R3'},{'R2'},{'D5'},{'R1'},&,1.0,&
{'D7'},{'D2'},{'D6'},{'D4'},{'D3'},{'D1'},{'D5'},{'R3'},{'R2'},{'R1'},&,1.0,&
{'D7'},{'D2'},{'D6'},{'D4'},{'D3'},{'D5'},{'D1'},{'R1'},{'R3'},{'R2'},&,1.0,&
{'D7'},{'D2'},{'D6'},{'D4'},{'D3'},{'D5'},{'D1'},{'R3'},{'R1'},{'R2'},&,1.0,&
{'D7'},{'D2'},{'D6'},{'D4'},{'D5'},{'D1'},{'D3'},{'R1'},{'R3'},{'R2'},&,2.0,&
{'D7'},{'D2'},{'D6'},{'D4'},{'D5'},{'D3'},{'D1'},{'R2'},{'R1'},{'R3'},&,1.0,&
{'D7'},{'D2'},{'D6'},{'D4'},{'D5'},{'D3'},{'D1'},{'R3'},{'R1'},{'R2'},&,3.0,&
{'D7'},{'D2'},{'D6'},{'D4'},{'D5'},{'D3'},{'R1'},{'R3'},{'D1'},{'R2'},&,1.0,&
{'D7'},{'D2'},{'D6'},{'D4'},{'D5'},{'R3'},{'D3'},{'D1'},{'R2'},{'R1'},&,1.0,&
{'D7'},{'D2'},{'D1'},{'D3'},{'D4'},{'D6'},{'D5'},{'R2'},{'R3'},{'R1'},&,1.0,&
{'D7'},{'D2'},{'D1'},{'D3'},{'D4'},{'D5'},{'D6'},{'R2'},{'R3'},{'R1'},&,1.0,&
{'D7'},{'D2'},{'D1'},{'D3'},{'D5'},{'D6'},{'D4'},{'R3'},{'R1'},{'R2'},&,1.0,&
{'D7'},{'D2'},{'D1'},{'D3'},{'D5'},{'D4'},{'D6'},{'R2'},{'R3'},{'R1'},&,1.0,&
{'D7'},{'D2'},{'D1'},{'D5'},{'D3'},{'D6'},{'D4'},{'R2'},{'R3'},{'R1'},&,1.0,&
{'D7'},{'D2'},{'D1'},{'D5'},{'D3'},{'D6'},{'D4'},{'R3'},{'R1'},{'R2'},&,1.0,&
{'D7'},{'D2'},{'D1'},{'D5'},{'D3'},{'D6'},{'R1'},{'D4'},{'R2'},{'R3'},&,1.0,&
{'D7'},{'D2'},{'D1'},{'D5'},{'D3'},{'D4'},{'D6'},{'R2'},{'R1'},{'R3'},&,2.0,&
{'D7'},{'D2'},{'D1'},{'D5'},{'D6'},{'D4'},{'D3'},{'R1'},{'R3'},{'R2'},&,1.0,&
{'D7'},{'D2'},{'D1'},{'D5'},{'D6'},{'D4'},{'D3'},{'R2'},{'R3'},{'R1'},&,1.0,&
{'D7'},{'D2'},{'D1'},{'D5'},{'D6'},{'D3'},{'D4'},{'R3'},{'R2'},{'R1'},&,1.0,&
{'D7'},{'D2'},{'D1'},{'D6'},{'D3'},{'D5'},{'D4'},{'R3'},{'R1'},{'R2'},&,1.0,&
{'D7'},{'D2'},{'D1'},{'D4'},{'D6'},{'D5'},{'D3'},{'R3'},{'R1'},{'R2'},&,1.0,&
{'D7'},{'D2'},{'D1'},{'D4'},{'D5'},{'D6'},{'R3'},{'D3'},{'R2'},{'R1'},&,1.0,&
{'D7'},{'D4'},{'D3'},{'D1'},{'D6'},{'D5'},{'D2'},{'R3'},{'R1'},{'R2'},&,1.0,&
{'D7'},{'D4'},{'D3'},{'D1'},{'D5'},{'D6'},{'R3'},{'D2'},{'R2'},{'R1'},&,1.0,&
{'D7'},{'D4'},{'D3'},{'D1'},{'R3'},{'D5'},{'R2'},{'D6'},{'R1'},{'D2'},&,1.0,&
{'D7'},{'D4'},{'D3'},{'D2'},{'D1'},{'D6'},{'R3'},{'R1'},{'D5'},{'R2'},&,1.0,&
{'D7'},{'D4'},{'D3'},{'D2'},{'D6'},{'D5'},{'D1'},{'R1'},{'R3'},{'R2'},&,1.0,&
{'D7'},{'D4'},{'D3'},{'D2'},{'D5'},{'D6'},{'D1'},{'R3'},{'R1'},{'R2'},&,1.0,&
{'D7'},{'D4'},{'D3'},{'D2'},{'D5'},{'D1'},{'D6'},{'R2'},{'R1'},{'R3'},&,1.0,&
{'D7'},{'D4'},{'D3'},{'D2'},{'D5'},{'D1'},{'D6'},{'R3'},{'R1'},{'R2'},&,2.0,&
{'D7'},{'D4'},{'D3'},{'D5'},{'D1'},{'D6'},{'R3'},{'D2'},{'R2'},{'R1'},&,1.0,&
{'D7'},{'D4'},{'D3'},{'D5'},{'D1'},{'D6'},{'R3'},{'D2'},{'R1'},{'R2'},&,1.0,&
{'D7'},{'D4'},{'D3'},{'D5'},{'D1'},{'D6'},{'D2'},{'R1'},{'R2'},{'R3'},&,1.0,&
{'D7'},{'D4'},{'D3'},{'D5'},{'D1'},{'D6'},{'D2'},{'R1'},{'R3'},{'R2'},&,2.0,&
{'D7'},{'D4'},{'D3'},{'D5'},{'D1'},{'D6'},{'D2'},{'R3'},{'R1'},{'R2'},&,1.0,&
{'D7'},{'D4'},{'D3'},{'D5'},{'D1'},{'D6'},{'R2'},{'R1'},{'D2'},{'R3'},&,1.0,&
{'D7'},{'D4'},{'D3'},{'D5'},{'D1'},{'D2'},{'R3'},{'D6'},{'R1'},{'R2'},&,1.0,&
{'D7'},{'D4'},{'D3'},{'D5'},{'D1'},{'D2'},{'D6'},{'R1'},{'R3'},{'R2'},&,1.0,&
{'D7'},{'D4'},{'D3'},{'D5'},{'D1'},{'D2'},{'D6'},{'R3'},{'R2'},{'R1'},&,1.0,&
{'D7'},{'D4'},{'D3'},{'D5'},{'D1'},{'R1'},{'D2'},{'R3'},{'R2'},{'D6'},&,1.0,&
{'D7'},{'D4'},{'D3'},{'D5'},{'D2'},{'D6'},{'R3'},{'D1'},{'R2'},{'R1'},&,2.0,&
{'D7'},{'D4'},{'D3'},{'D5'},{'D2'},{'D6'},{'R3'},{'D1'},{'R1'},{'R2'},&,1.0,&
{'D7'},{'D4'},{'D3'},{'D5'},{'D2'},{'D6'},{'D1'},{'R1'},{'R3'},{'R2'},&,1.0,&
{'D7'},{'D4'},{'D3'},{'D5'},{'D2'},{'D6'},{'D1'},{'R3'},{'R2'},{'R1'},&,3.0,&
{'D7'},{'D4'},{'D3'},{'D5'},{'D2'},{'D6'},{'D1'},{'R3'},{'R1'},{'R2'},&,2.0,&
{'D7'},{'D4'},{'D3'},{'D5'},{'D2'},{'D1'},{'D6'},{'R2'},{'R3'},{'R1'},&,1.0,&
{'D7'},{'D4'},{'D3'},{'D5'},{'D2'},{'R3'},{'D6'},{'D1'},{'R2'},{'R1'},&,1.0,&
{'D7'},{'D4'},{'D3'},{'D5'},{'D6'},{'D1'},{'R3'},{'D2'},{'R2'},{'R1'},&,2.0,&
{'D7'},{'D4'},{'D3'},{'D5'},{'D6'},{'D1'},{'R3'},{'D2'},{'R1'},{'R2'},&,1.0,&
{'D7'},{'D4'},{'D3'},{'D5'},{'D6'},{'D1'},{'D2'},{'R1'},{'R2'},{'R3'},&,3.0,&
{'D7'},{'D4'},{'D3'},{'D5'},{'D6'},{'D1'},{'D2'},{'R1'},{'R3'},{'R2'},&,2.0,&
{'D7'},{'D4'},{'D3'},{'D5'},{'D6'},{'D1'},{'D2'},{'R2'},{'R1'},{'R3'},&,3.0,&
{'D7'},{'D4'},{'D3'},{'D5'},{'D6'},{'D1'},{'D2'},{'R3'},{'R2'},{'R1'},&,2.0,&
{'D7'},{'D4'},{'D3'},{'D5'},{'D6'},{'D1'},{'D2'},{'R3'},{'R1'},{'R2'},&,4.0,&
{'D7'},{'D4'},{'D3'},{'D5'},{'D6'},{'D1'},{'R2'},{'D2'},{'R1'},{'R3'},&,1.0,&
{'D7'},{'D4'},{'D3'},{'D5'},{'D6'},{'D1'},{'R1'},{'D2'},{'R3'},{'R2'},&,1.0,&
{'D7'},{'D4'},{'D3'},{'D5'},{'D6'},{'D1'},{'R1'},{'R3'},{'R2'},{'D2'},&,2.0,&
{'D7'},{'D4'},{'D3'},{'D5'},{'D6'},{'D1'},{'R1'},{'R3'},{'D2'},{'R2'},&,1.0,&
{'D7'},{'D4'},{'D3'},{'D5'},{'D6'},{'D2'},{'R3'},{'R1'},{'D1'},{'R2'},&,1.0,&
{'D7'},{'D4'},{'D3'},{'D5'},{'D6'},{'D2'},{'R3'},{'R2'},{'D1'},{'R1'},&,1.0,&
{'D7'},{'D4'},{'D3'},{'D5'},{'D6'},{'D2'},{'R3'},{'D1'},{'R1'},{'R2'},&,1.0,&
{'D7'},{'D4'},{'D3'},{'D5'},{'D6'},{'D2'},{'D1'},{'R1'},{'R3'},{'R2'},&,4.0,&
{'D7'},{'D4'},{'D3'},{'D5'},{'D6'},{'D2'},{'D1'},{'R2'},{'R3'},{'R1'},&,3.0,&
{'D7'},{'D4'},{'D3'},{'D5'},{'D6'},{'D2'},{'D1'},{'R2'},{'R1'},{'R3'},&,1.0,&
{'D7'},{'D4'},{'D3'},{'D5'},{'D6'},{'D2'},{'D1'},{'R3'},{'R2'},{'R1'},&,2.0,&
{'D7'},{'D4'},{'D3'},{'D5'},{'D6'},{'D2'},{'D1'},{'R3'},{'R1'},{'R2'},&,2.0,&
{'D7'},{'D4'},{'D3'},{'D5'},{'D6'},{'D2'},{'R1'},{'D1'},{'R3'},{'R2'},&,1.0,&
{'D7'},{'D4'},{'D3'},{'D5'},{'D6'},{'R1'},{'D1'},{'D2'},{'R2'},{'R3'},&,1.0,&
{'D7'},{'D4'},{'D3'},{'D5'},{'D6'},{'R3'},{'D2'},{'R1'},{'D1'},{'R2'},&,1.0,&
{'D7'},{'D4'},{'D3'},{'D5'},{'R1'},{'D6'},{'D2'},{'D1'},{'R3'},{'R2'},&,1.0,&
{'D7'},{'D4'},{'D3'},{'D5'},{'R1'},{'D6'},{'D1'},{'D2'},{'R3'},{'R2'},&,1.0,&
{'D7'},{'D4'},{'D3'},{'D6'},{'D1'},{'D5'},{'D2'},{'R3'},{'R1'},{'R2'},&,2.0,&
{'D7'},{'D4'},{'D3'},{'D6'},{'D1'},{'D5'},{'R2'},{'D2'},{'R3'},{'R1'},&,1.0,&
{'D7'},{'D4'},{'D3'},{'D6'},{'D2'},{'D1'},{'R3'},{'R1'},{'D5'},{'R2'},&,1.0,&
{'D7'},{'D4'},{'D3'},{'D6'},{'D2'},{'D1'},{'D5'},{'R1'},{'R3'},{'R2'},&,1.0,&
{'D7'},{'D4'},{'D3'},{'D6'},{'D2'},{'D5'},{'D1'},{'R2'},{'R3'},{'R1'},&,1.0,&
{'D7'},{'D4'},{'D3'},{'D6'},{'D2'},{'D5'},{'D1'},{'R3'},{'R2'},{'R1'},&,1.0,&
{'D7'},{'D4'},{'D3'},{'D6'},{'D5'},{'D1'},{'R3'},{'D2'},{'R2'},{'R1'},&,1.0,&
{'D7'},{'D4'},{'D3'},{'D6'},{'D5'},{'D1'},{'D2'},{'R1'},{'R3'},{'R2'},&,3.0,&
{'D7'},{'D4'},{'D3'},{'D6'},{'D5'},{'D1'},{'D2'},{'R3'},{'R2'},{'R1'},&,3.0,&
{'D7'},{'D4'},{'D3'},{'D6'},{'D5'},{'D1'},{'D2'},{'R3'},{'R1'},{'R2'},&,5.0,&
{'D7'},{'D4'},{'D3'},{'D6'},{'D5'},{'D1'},{'R2'},{'D2'},{'R1'},{'R3'},&,1.0,&
{'D7'},{'D4'},{'D3'},{'D6'},{'D5'},{'D2'},{'D1'},{'R3'},{'R2'},{'R1'},&,6.0,&
{'D7'},{'D4'},{'D3'},{'D6'},{'D5'},{'D2'},{'D1'},{'R3'},{'R1'},{'R2'},&,2.0,&
{'D7'},{'D4'},{'D3'},{'D6'},{'D5'},{'D2'},{'R2'},{'D1'},{'R3'},{'R1'},&,3.0,&
{'D7'},{'D4'},{'D3'},{'D6'},{'D5'},{'R3'},{'D2'},{'D1'},{'R2'},{'R1'},&,1.0,&
{'D7'},{'D4'},{'D3'},{'D6'},{'R3'},{'D5'},{'D1'},{'D2'},{'R2'},{'R1'},&,1.0,&
{'D7'},{'D4'},{'D5'},{'D1'},{'D2'},{'R2'},{'D3'},{'R1'},{'D6'},{'R3'},&,1.0,&
{'D7'},{'D4'},{'D5'},{'D1'},{'D3'},{'D6'},{'R3'},{'D2'},{'R2'},{'R1'},&,1.0,&
{'D7'},{'D4'},{'D5'},{'D1'},{'D3'},{'D6'},{'D2'},{'R3'},{'R2'},{'R1'},&,1.0,&
{'D7'},{'D4'},{'D5'},{'D1'},{'D3'},{'D6'},{'D2'},{'R3'},{'R1'},{'R2'},&,3.0,&
{'D7'},{'D4'},{'D5'},{'D1'},{'D3'},{'D6'},{'R1'},{'D2'},{'R3'},{'R2'},&,1.0,&
{'D7'},{'D4'},{'D5'},{'D1'},{'D3'},{'D2'},{'D6'},{'R3'},{'R2'},{'R1'},&,1.0,&
{'D7'},{'D4'},{'D5'},{'D1'},{'D3'},{'D2'},{'D6'},{'R3'},{'R1'},{'R2'},&,1.0,&
{'D7'},{'D4'},{'D5'},{'D1'},{'D6'},{'D2'},{'R2'},{'R1'},{'D3'},{'R3'},&,1.0,&
{'D7'},{'D4'},{'D5'},{'D1'},{'D6'},{'D2'},{'D3'},{'R1'},{'R2'},{'R3'},&,2.0,&
{'D7'},{'D4'},{'D5'},{'D1'},{'D6'},{'D2'},{'D3'},{'R3'},{'R1'},{'R2'},&,1.0,&
{'D7'},{'D4'},{'D5'},{'D1'},{'D6'},{'D3'},{'D2'},{'R2'},{'R3'},{'R1'},&,3.0,&
{'D7'},{'D4'},{'D5'},{'D1'},{'D6'},{'D3'},{'D2'},{'R3'},{'R2'},{'R1'},&,3.0,&
{'D7'},{'D4'},{'D5'},{'D1'},{'D6'},{'D3'},{'D2'},{'R3'},{'R1'},{'R2'},&,3.0,&
{'D7'},{'D4'},{'D5'},{'D1'},{'D6'},{'D3'},{'R2'},{'D2'},{'R1'},{'R3'},&,1.0,&
{'D7'},{'D4'},{'D5'},{'D1'},{'R3'},{'D2'},{'D3'},{'R2'},{'R1'},{'D6'},&,1.0,&
{'D7'},{'D4'},{'D5'},{'D2'},{'D1'},{'D6'},{'D3'},{'R2'},{'R3'},{'R1'},&,1.0,&
{'D7'},{'D4'},{'D5'},{'D2'},{'D1'},{'D6'},{'D3'},{'R3'},{'R2'},{'R1'},&,2.0,&
{'D7'},{'D4'},{'D5'},{'D2'},{'D1'},{'D3'},{'D6'},{'R1'},{'R3'},{'R2'},&,1.0,&
{'D7'},{'D4'},{'D5'},{'D2'},{'D1'},{'R1'},{'D6'},{'D3'},{'R3'},{'R2'},&,1.0,&
{'D7'},{'D4'},{'D5'},{'D2'},{'D3'},{'D6'},{'D1'},{'R1'},{'R3'},{'R2'},&,2.0,&
{'D7'},{'D4'},{'D5'},{'D2'},{'D3'},{'D6'},{'D1'},{'R3'},{'R2'},{'R1'},&,1.0,&
{'D7'},{'D4'},{'D5'},{'D2'},{'D3'},{'D6'},{'D1'},{'R3'},{'R1'},{'R2'},&,1.0,&
{'D7'},{'D4'},{'D5'},{'D2'},{'D3'},{'D6'},{'R1'},{'D1'},{'R2'},{'R3'},&,1.0,&
{'D7'},{'D4'},{'D5'},{'D2'},{'D3'},{'D1'},{'D6'},{'R3'},{'R2'},{'R1'},&,1.0,&
{'D7'},{'D4'},{'D5'},{'D2'},{'D6'},{'D1'},{'R3'},{'D3'},{'R1'},{'R2'},&,1.0,&
{'D7'},{'D4'},{'D5'},{'D2'},{'D6'},{'D1'},{'D3'},{'R3'},{'R2'},{'R1'},&,1.0,&
{'D7'},{'D4'},{'D5'},{'D2'},{'D6'},{'D1'},{'D3'},{'R3'},{'R1'},{'R2'},&,1.0,&
{'D7'},{'D4'},{'D5'},{'D2'},{'D6'},{'D3'},{'D1'},{'R2'},{'R3'},{'R1'},&,1.0,&
{'D7'},{'D4'},{'D5'},{'D2'},{'D6'},{'D3'},{'D1'},{'R2'},{'R1'},{'R3'},&,1.0,&
{'D7'},{'D4'},{'D5'},{'D2'},{'D6'},{'D3'},{'D1'},{'R3'},{'R2'},{'R1'},&,2.0,&
{'D7'},{'D4'},{'D5'},{'D2'},{'D6'},{'D3'},{'D1'},{'R3'},{'R1'},{'R2'},&,3.0,&
{'D7'},{'D4'},{'D5'},{'D3'},{'D1'},{'D6'},{'D2'},{'R2'},{'R3'},{'R1'},&,1.0,&
{'D7'},{'D4'},{'D5'},{'D3'},{'D1'},{'D6'},{'D2'},{'R2'},{'R1'},{'R3'},&,1.0,&
{'D7'},{'D4'},{'D5'},{'D3'},{'D1'},{'D6'},{'D2'},{'R3'},{'R2'},{'R1'},&,2.0,&
{'D7'},{'D4'},{'D5'},{'D3'},{'D1'},{'D6'},{'D2'},{'R3'},{'R1'},{'R2'},&,3.0,&
{'D7'},{'D4'},{'D5'},{'D3'},{'D1'},{'D6'},{'R1'},{'D2'},{'R2'},{'R3'},&,1.0,&
{'D7'},{'D4'},{'D5'},{'D3'},{'D1'},{'D6'},{'R1'},{'D2'},{'R3'},{'R2'},&,1.0,&
{'D7'},{'D4'},{'D5'},{'D3'},{'D1'},{'D2'},{'D6'},{'R1'},{'R3'},{'R2'},&,1.0,&
{'D7'},{'D4'},{'D5'},{'D3'},{'D1'},{'D2'},{'D6'},{'R2'},{'R1'},{'R3'},&,1.0,&
{'D7'},{'D4'},{'D5'},{'D3'},{'D1'},{'D2'},{'D6'},{'R3'},{'R1'},{'R2'},&,1.0,&
{'D7'},{'D4'},{'D5'},{'D3'},{'D1'},{'R2'},{'D6'},{'D2'},{'R3'},{'R1'},&,1.0,&
{'D7'},{'D4'},{'D5'},{'D3'},{'D2'},{'D6'},{'R3'},{'R1'},{'D1'},{'R2'},&,1.0,&
{'D7'},{'D4'},{'D5'},{'D3'},{'D2'},{'D6'},{'D1'},{'R1'},{'R3'},{'R2'},&,2.0,&
{'D7'},{'D4'},{'D5'},{'D3'},{'D2'},{'D6'},{'D1'},{'R2'},{'R3'},{'R1'},&,2.0,&
{'D7'},{'D4'},{'D5'},{'D3'},{'D2'},{'D6'},{'D1'},{'R3'},{'R2'},{'R1'},&,1.0,&
{'D7'},{'D4'},{'D5'},{'D3'},{'D2'},{'D6'},{'D1'},{'R3'},{'R1'},{'R2'},&,1.0,&
{'D7'},{'D4'},{'D5'},{'D3'},{'D2'},{'D1'},{'D6'},{'R2'},{'R3'},{'R1'},&,1.0,&
{'D7'},{'D4'},{'D5'},{'D3'},{'D2'},{'R1'},{'D6'},{'D1'},{'R3'},{'R2'},&,1.0,&
{'D7'},{'D4'},{'D5'},{'D3'},{'D6'},{'D1'},{'R3'},{'R2'},{'D2'},{'R1'},&,1.0,&
{'D7'},{'D4'},{'D5'},{'D3'},{'D6'},{'D1'},{'D2'},{'R1'},{'R2'},{'R3'},&,1.0,&
{'D7'},{'D4'},{'D5'},{'D3'},{'D6'},{'D1'},{'D2'},{'R1'},{'R3'},{'R2'},&,6.0,&
{'D7'},{'D4'},{'D5'},{'D3'},{'D6'},{'D1'},{'D2'},{'R2'},{'R3'},{'R1'},&,4.0,&
{'D7'},{'D4'},{'D5'},{'D3'},{'D6'},{'D1'},{'D2'},{'R3'},{'R2'},{'R1'},&,3.0,&
{'D7'},{'D4'},{'D5'},{'D3'},{'D6'},{'D1'},{'D2'},{'R3'},{'R1'},{'R2'},&,6.0,&
{'D7'},{'D4'},{'D5'},{'D3'},{'D6'},{'D1'},{'R2'},{'D2'},{'R3'},{'R1'},&,4.0,&
{'D7'},{'D4'},{'D5'},{'D3'},{'D6'},{'D2'},{'R3'},{'R2'},{'D1'},{'R1'},&,1.0,&
{'D7'},{'D4'},{'D5'},{'D3'},{'D6'},{'D2'},{'R3'},{'D1'},{'R1'},{'R2'},&,1.0,&
{'D7'},{'D4'},{'D5'},{'D3'},{'D6'},{'D2'},{'D1'},{'R1'},{'R2'},{'R3'},&,1.0,&
{'D7'},{'D4'},{'D5'},{'D3'},{'D6'},{'D2'},{'D1'},{'R2'},{'R3'},{'R1'},&,1.0,&
{'D7'},{'D4'},{'D5'},{'D3'},{'D6'},{'D2'},{'D1'},{'R2'},{'R1'},{'R3'},&,2.0,&
{'D7'},{'D4'},{'D5'},{'D3'},{'D6'},{'D2'},{'D1'},{'R3'},{'R2'},{'R1'},&,2.0,&
{'D7'},{'D4'},{'D5'},{'D3'},{'D6'},{'D2'},{'D1'},{'R3'},{'R1'},{'R2'},&,4.0,&
{'D7'},{'D4'},{'D5'},{'D3'},{'D6'},{'D2'},{'R2'},{'D1'},{'R3'},{'R1'},&,1.0,&
{'D7'},{'D4'},{'D5'},{'D3'},{'D6'},{'D2'},{'R2'},{'D1'},{'R1'},{'R3'},&,1.0,&
{'D7'},{'D4'},{'D5'},{'D3'},{'D6'},{'D2'},{'R1'},{'D1'},{'R3'},{'R2'},&,1.0,&
{'D7'},{'D4'},{'D5'},{'D3'},{'D6'},{'R2'},{'D1'},{'D2'},{'R1'},{'R3'},&,1.0,&
{'D7'},{'D4'},{'D5'},{'D3'},{'D6'},{'R1'},{'D2'},{'R2'},{'D1'},{'R3'},&,1.0,&
{'D7'},{'D4'},{'D5'},{'D3'},{'D6'},{'R1'},{'D2'},{'R3'},{'R2'},{'D1'},&,1.0,&
{'D7'},{'D4'},{'D5'},{'D3'},{'D6'},{'R1'},{'D1'},{'R2'},{'D2'},{'R3'},&,1.0,&
{'D7'},{'D4'},{'D5'},{'D3'},{'R3'},{'D6'},{'D2'},{'R2'},{'R1'},{'D1'},&,1.0,&
{'D7'},{'D4'},{'D5'},{'D3'},{'R3'},{'D6'},{'D1'},{'D2'},{'R1'},{'R2'},&,1.0,&
{'D7'},{'D4'},{'D5'},{'D3'},{'R3'},{'D6'},{'R2'},{'D2'},{'D1'},{'R1'},&,1.0,&
{'D7'},{'D4'},{'D5'},{'D6'},{'D1'},{'D2'},{'D3'},{'R1'},{'R3'},{'R2'},&,2.0,&
{'D7'},{'D4'},{'D5'},{'D6'},{'D1'},{'D2'},{'D3'},{'R3'},{'R2'},{'R1'},&,1.0,&
{'D7'},{'D4'},{'D5'},{'D6'},{'D1'},{'D3'},{'R3'},{'D2'},{'R2'},{'R1'},&,1.0,&
{'D7'},{'D4'},{'D5'},{'D6'},{'D1'},{'D3'},{'R3'},{'D2'},{'R1'},{'R2'},&,2.0,&
{'D7'},{'D4'},{'D5'},{'D6'},{'D1'},{'D3'},{'D2'},{'R1'},{'R2'},{'R3'},&,1.0,&
{'D7'},{'D4'},{'D5'},{'D6'},{'D1'},{'D3'},{'D2'},{'R1'},{'R3'},{'R2'},&,3.0,&
{'D7'},{'D4'},{'D5'},{'D6'},{'D1'},{'D3'},{'D2'},{'R2'},{'R3'},{'R1'},&,3.0,&
{'D7'},{'D4'},{'D5'},{'D6'},{'D1'},{'D3'},{'D2'},{'R3'},{'R2'},{'R1'},&,1.0,&
{'D7'},{'D4'},{'D5'},{'D6'},{'D1'},{'D3'},{'D2'},{'R3'},{'R1'},{'R2'},&,2.0,&
{'D7'},{'D4'},{'D5'},{'D6'},{'D1'},{'D3'},{'R2'},{'R3'},{'D2'},{'R1'},&,1.0,&
{'D7'},{'D4'},{'D5'},{'D6'},{'D1'},{'D3'},{'R1'},{'R3'},{'D2'},{'R2'},&,1.0,&
{'D7'},{'D4'},{'D5'},{'D6'},{'D2'},{'D1'},{'D3'},{'R1'},{'R3'},{'R2'},&,1.0,&
{'D7'},{'D4'},{'D5'},{'D6'},{'D2'},{'D1'},{'D3'},{'R3'},{'R1'},{'R2'},&,2.0,&
{'D7'},{'D4'},{'D5'},{'D6'},{'D2'},{'D3'},{'R3'},{'R1'},{'R2'},{'D1'},&,1.0,&
{'D7'},{'D4'},{'D5'},{'D6'},{'D2'},{'D3'},{'R3'},{'D1'},{'R1'},{'R2'},&,2.0,&
{'D7'},{'D4'},{'D5'},{'D6'},{'D2'},{'D3'},{'D1'},{'R1'},{'R3'},{'R2'},&,2.0,&
{'D7'},{'D4'},{'D5'},{'D6'},{'D2'},{'D3'},{'D1'},{'R2'},{'R3'},{'R1'},&,2.0,&
{'D7'},{'D4'},{'D5'},{'D6'},{'D2'},{'D3'},{'D1'},{'R3'},{'R2'},{'R1'},&,5.0,&
{'D7'},{'D4'},{'D5'},{'D6'},{'D2'},{'D3'},{'D1'},{'R3'},{'R1'},{'R2'},&,1.0,&
{'D7'},{'D4'},{'D5'},{'D6'},{'D2'},{'R3'},{'D1'},{'D3'},{'R1'},{'R2'},&,1.0,&
{'D7'},{'D4'},{'D5'},{'D6'},{'D3'},{'D1'},{'R3'},{'D2'},{'R1'},{'R2'},&,2.0,&
{'D7'},{'D4'},{'D5'},{'D6'},{'D3'},{'D1'},{'R3'},{'R2'},{'R1'},{'D2'},&,2.0,&
{'D7'},{'D4'},{'D5'},{'D6'},{'D3'},{'D1'},{'D2'},{'R1'},{'R3'},{'R2'},&,3.0,&
{'D7'},{'D4'},{'D5'},{'D6'},{'D3'},{'D1'},{'D2'},{'R2'},{'R3'},{'R1'},&,1.0,&
{'D7'},{'D4'},{'D5'},{'D6'},{'D3'},{'D1'},{'D2'},{'R2'},{'R1'},{'R3'},&,1.0,&
{'D7'},{'D4'},{'D5'},{'D6'},{'D3'},{'D1'},{'D2'},{'R3'},{'R2'},{'R1'},&,3.0,&
{'D7'},{'D4'},{'D5'},{'D6'},{'D3'},{'D1'},{'D2'},{'R3'},{'R1'},{'R2'},&,5.0,&
{'D7'},{'D4'},{'D5'},{'D6'},{'D3'},{'D1'},{'R2'},{'R3'},{'D2'},{'R1'},&,1.0,&
{'D7'},{'D4'},{'D5'},{'D6'},{'D3'},{'D1'},{'R1'},{'D2'},{'R3'},{'R2'},&,2.0,&
{'D7'},{'D4'},{'D5'},{'D6'},{'D3'},{'D2'},{'R3'},{'R1'},{'D1'},{'R2'},&,1.0,&
{'D7'},{'D4'},{'D5'},{'D6'},{'D3'},{'D2'},{'R3'},{'D1'},{'R2'},{'R1'},&,1.0,&
{'D7'},{'D4'},{'D5'},{'D6'},{'D3'},{'D2'},{'D1'},{'R1'},{'R2'},{'R3'},&,2.0,&
{'D7'},{'D4'},{'D5'},{'D6'},{'D3'},{'D2'},{'D1'},{'R1'},{'R3'},{'R2'},&,4.0,&
{'D7'},{'D4'},{'D5'},{'D6'},{'D3'},{'D2'},{'D1'},{'R2'},{'R3'},{'R1'},&,3.0,&
{'D7'},{'D4'},{'D5'},{'D6'},{'D3'},{'D2'},{'D1'},{'R3'},{'R2'},{'R1'},&,3.0,&
{'D7'},{'D4'},{'D5'},{'D6'},{'D3'},{'D2'},{'D1'},{'R3'},{'R1'},{'R2'},&,2.0,&
{'D7'},{'D4'},{'D5'},{'D6'},{'D3'},{'D2'},{'R2'},{'D1'},{'R3'},{'R1'},&,1.0,&
{'D7'},{'D4'},{'D5'},{'D6'},{'D3'},{'D2'},{'R1'},{'D1'},{'R3'},{'R2'},&,1.0,&
{'D7'},{'D4'},{'D5'},{'D6'},{'D3'},{'R2'},{'D1'},{'D2'},{'R3'},{'R1'},&,1.0,&
{'D7'},{'D4'},{'D5'},{'D6'},{'D3'},{'R2'},{'D1'},{'D2'},{'R1'},{'R3'},&,1.0,&
{'D7'},{'D4'},{'D5'},{'D6'},{'D3'},{'R1'},{'D1'},{'D2'},{'R3'},{'R2'},&,1.0,&
{'D7'},{'D4'},{'D5'},{'D6'},{'D3'},{'R3'},{'D2'},{'R1'},{'D1'},{'R2'},&,1.0,&
{'D7'},{'D4'},{'D5'},{'D6'},{'R3'},{'D1'},{'D3'},{'R1'},{'D2'},{'R2'},&,1.0,&
{'D7'},{'D4'},{'D5'},{'R3'},{'D3'},{'D6'},{'D1'},{'R2'},{'D2'},{'R1'},&,1.0,&
{'D7'},{'D4'},{'D6'},{'D1'},{'D2'},{'D5'},{'D3'},{'R1'},{'R3'},{'R2'},&,1.0,&
{'D7'},{'D4'},{'D6'},{'D1'},{'D3'},{'D5'},{'D2'},{'R3'},{'R1'},{'R2'},&,1.0,&
{'D7'},{'D4'},{'D6'},{'D1'},{'D5'},{'D2'},{'D3'},{'R2'},{'R3'},{'R1'},&,1.0,&
{'D7'},{'D4'},{'D6'},{'D1'},{'D5'},{'D3'},{'D2'},{'R2'},{'R3'},{'R1'},&,1.0,&
{'D7'},{'D4'},{'D6'},{'D1'},{'D5'},{'D3'},{'D2'},{'R3'},{'R1'},{'R2'},&,1.0,&
{'D7'},{'D4'},{'D6'},{'D1'},{'D5'},{'D3'},{'R1'},{'D2'},{'R3'},{'R2'},&,1.0,&
{'D7'},{'D4'},{'D6'},{'D2'},{'D1'},{'D5'},{'D3'},{'R3'},{'R2'},{'R1'},&,1.0,&
{'D7'},{'D4'},{'D6'},{'D2'},{'D3'},{'D5'},{'D1'},{'R3'},{'R1'},{'R2'},&,2.0,&
{'D7'},{'D4'},{'D6'},{'D2'},{'D5'},{'D1'},{'D3'},{'R1'},{'R3'},{'R2'},&,1.0,&
{'D7'},{'D4'},{'D6'},{'D2'},{'D5'},{'D3'},{'R3'},{'D1'},{'R1'},{'R2'},&,2.0,&
{'D7'},{'D4'},{'D6'},{'D2'},{'D5'},{'D3'},{'D1'},{'R1'},{'R3'},{'R2'},&,1.0,&
{'D7'},{'D4'},{'D6'},{'D2'},{'D5'},{'D3'},{'D1'},{'R3'},{'R1'},{'R2'},&,2.0,&
{'D7'},{'D4'},{'D6'},{'D3'},{'D1'},{'D5'},{'D2'},{'R1'},{'R3'},{'R2'},&,1.0,&
{'D7'},{'D4'},{'D6'},{'D3'},{'D2'},{'D1'},{'D5'},{'R3'},{'R1'},{'R2'},&,1.0,&
{'D7'},{'D4'},{'D6'},{'D3'},{'D2'},{'D5'},{'D1'},{'R1'},{'R2'},{'R3'},&,2.0,&
{'D7'},{'D4'},{'D6'},{'D3'},{'D2'},{'D5'},{'D1'},{'R2'},{'R3'},{'R1'},&,1.0,&
{'D7'},{'D4'},{'D6'},{'D3'},{'D2'},{'D5'},{'R1'},{'R3'},{'D1'},{'R2'},&,1.0,&
{'D7'},{'D4'},{'D6'},{'D3'},{'D5'},{'D1'},{'R3'},{'D2'},{'R1'},{'R2'},&,1.0,&
{'D7'},{'D4'},{'D6'},{'D3'},{'D5'},{'D1'},{'R3'},{'R2'},{'D2'},{'R1'},&,1.0,&
{'D7'},{'D4'},{'D6'},{'D3'},{'D5'},{'D1'},{'D2'},{'R1'},{'R2'},{'R3'},&,2.0,&
{'D7'},{'D4'},{'D6'},{'D3'},{'D5'},{'D1'},{'D2'},{'R1'},{'R3'},{'R2'},&,2.0,&
{'D7'},{'D4'},{'D6'},{'D3'},{'D5'},{'D1'},{'D2'},{'R2'},{'R3'},{'R1'},&,2.0,&
{'D7'},{'D4'},{'D6'},{'D3'},{'D5'},{'D1'},{'D2'},{'R2'},{'R1'},{'R3'},&,1.0,&
{'D7'},{'D4'},{'D6'},{'D3'},{'D5'},{'D1'},{'D2'},{'R3'},{'R2'},{'R1'},&,4.0,&
{'D7'},{'D4'},{'D6'},{'D3'},{'D5'},{'D1'},{'D2'},{'R3'},{'R1'},{'R2'},&,3.0,&
{'D7'},{'D4'},{'D6'},{'D3'},{'D5'},{'D1'},{'R1'},{'D2'},{'R3'},{'R2'},&,1.0,&
{'D7'},{'D4'},{'D6'},{'D3'},{'D5'},{'D2'},{'D1'},{'R1'},{'R2'},{'R3'},&,1.0,&
{'D7'},{'D4'},{'D6'},{'D3'},{'D5'},{'D2'},{'D1'},{'R2'},{'R3'},{'R1'},&,1.0,&
{'D7'},{'D4'},{'D6'},{'D3'},{'D5'},{'D2'},{'D1'},{'R2'},{'R1'},{'R3'},&,1.0,&
{'D7'},{'D4'},{'D6'},{'D3'},{'D5'},{'D2'},{'D1'},{'R3'},{'R2'},{'R1'},&,3.0,&
{'D7'},{'D4'},{'D6'},{'D3'},{'D5'},{'D2'},{'D1'},{'R3'},{'R1'},{'R2'},&,3.0,&
{'D7'},{'D4'},{'D6'},{'D3'},{'D5'},{'D2'},{'R2'},{'R3'},{'D1'},{'R1'},&,1.0,&
{'D7'},{'D4'},{'D6'},{'D3'},{'D5'},{'D2'},{'R1'},{'D1'},{'R3'},{'R2'},&,1.0,&
{'D7'},{'D4'},{'D6'},{'D3'},{'R3'},{'D1'},{'D5'},{'D2'},{'R1'},{'R2'},&,1.0,&
{'D7'},{'D4'},{'D6'},{'D3'},{'R3'},{'D5'},{'D2'},{'D1'},{'R2'},{'R1'},&,1.0,&
{'D7'},{'D4'},{'D6'},{'D3'},{'R3'},{'D5'},{'D2'},{'D1'},{'R1'},{'R2'},&,1.0,&
{'D7'},{'D4'},{'D6'},{'D5'},{'D1'},{'D2'},{'D3'},{'R3'},{'R1'},{'R2'},&,1.0,&
{'D7'},{'D4'},{'D6'},{'D5'},{'D1'},{'D3'},{'D2'},{'R1'},{'R3'},{'R2'},&,1.0,&
{'D7'},{'D4'},{'D6'},{'D5'},{'D1'},{'D3'},{'D2'},{'R2'},{'R3'},{'R1'},&,1.0,&
{'D7'},{'D4'},{'D6'},{'D5'},{'D1'},{'D3'},{'D2'},{'R3'},{'R2'},{'R1'},&,2.0,&
{'D7'},{'D4'},{'D6'},{'D5'},{'D1'},{'D3'},{'D2'},{'R3'},{'R1'},{'R2'},&,3.0,&
{'D7'},{'D4'},{'D6'},{'D5'},{'D1'},{'D3'},{'R1'},{'D2'},{'R3'},{'R2'},&,1.0,&
{'D7'},{'D4'},{'D6'},{'D5'},{'D2'},{'D1'},{'D3'},{'R2'},{'R3'},{'R1'},&,2.0,&
{'D7'},{'D4'},{'D6'},{'D5'},{'D2'},{'D1'},{'D3'},{'R3'},{'R2'},{'R1'},&,1.0,&
{'D7'},{'D4'},{'D6'},{'D5'},{'D2'},{'D3'},{'D1'},{'R2'},{'R3'},{'R1'},&,2.0,&
{'D7'},{'D4'},{'D6'},{'D5'},{'D2'},{'D3'},{'D1'},{'R3'},{'R2'},{'R1'},&,4.0,&
{'D7'},{'D4'},{'D6'},{'D5'},{'D2'},{'D3'},{'D1'},{'R3'},{'R1'},{'R2'},&,2.0,&
{'D7'},{'D4'},{'D6'},{'D5'},{'D2'},{'D3'},{'R1'},{'R3'},{'D1'},{'R2'},&,1.0,&
{'D7'},{'D4'},{'D6'},{'D5'},{'D2'},{'D3'},{'R1'},{'D1'},{'R2'},{'R3'},&,1.0,&
{'D7'},{'D4'},{'D6'},{'D5'},{'D2'},{'D3'},{'R1'},{'D1'},{'R3'},{'R2'},&,1.0,&
{'D7'},{'D4'},{'D6'},{'D5'},{'D2'},{'R2'},{'D3'},{'D1'},{'R3'},{'R1'},&,1.0,&
{'D7'},{'D4'},{'D6'},{'D5'},{'D3'},{'D1'},{'R3'},{'D2'},{'R2'},{'R1'},&,1.0,&
{'D7'},{'D4'},{'D6'},{'D5'},{'D3'},{'D1'},{'R3'},{'R1'},{'D2'},{'R2'},&,1.0,&
{'D7'},{'D4'},{'D6'},{'D5'},{'D3'},{'D1'},{'D2'},{'R1'},{'R3'},{'R2'},&,4.0,&
{'D7'},{'D4'},{'D6'},{'D5'},{'D3'},{'D1'},{'D2'},{'R2'},{'R3'},{'R1'},&,4.0,&
{'D7'},{'D4'},{'D6'},{'D5'},{'D3'},{'D1'},{'D2'},{'R2'},{'R1'},{'R3'},&,2.0,&
{'D7'},{'D4'},{'D6'},{'D5'},{'D3'},{'D1'},{'D2'},{'R3'},{'R2'},{'R1'},&,3.0,&
{'D7'},{'D4'},{'D6'},{'D5'},{'D3'},{'D1'},{'D2'},{'R3'},{'R1'},{'R2'},&,10.0,&
{'D7'},{'D4'},{'D6'},{'D5'},{'D3'},{'D1'},{'R1'},{'D2'},{'R3'},{'R2'},&,1.0,&
{'D7'},{'D4'},{'D6'},{'D5'},{'D3'},{'D2'},{'D1'},{'R1'},{'R2'},{'R3'},&,1.0,&
{'D7'},{'D4'},{'D6'},{'D5'},{'D3'},{'D2'},{'D1'},{'R1'},{'R3'},{'R2'},&,2.0,&
{'D7'},{'D4'},{'D6'},{'D5'},{'D3'},{'D2'},{'D1'},{'R2'},{'R3'},{'R1'},&,2.0,&
{'D7'},{'D4'},{'D6'},{'D5'},{'D3'},{'D2'},{'D1'},{'R2'},{'R1'},{'R3'},&,1.0,&
{'D7'},{'D4'},{'D6'},{'D5'},{'D3'},{'D2'},{'D1'},{'R3'},{'R2'},{'R1'},&,2.0,&
{'D7'},{'D4'},{'D6'},{'D5'},{'D3'},{'D2'},{'D1'},{'R3'},{'R1'},{'R2'},&,5.0,&
{'D7'},{'D4'},{'D6'},{'D5'},{'D3'},{'D2'},{'R2'},{'D1'},{'R3'},{'R1'},&,2.0,&
{'D7'},{'D4'},{'D6'},{'D5'},{'D3'},{'R1'},{'D1'},{'D2'},{'R3'},{'R2'},&,1.0,&
{'D7'},{'D4'},{'D6'},{'D5'},{'D3'},{'R3'},{'D2'},{'R1'},{'D1'},{'R2'},&,1.0,&
{'D7'},{'D4'},{'D6'},{'D5'},{'D3'},{'R3'},{'D1'},{'D2'},{'R1'},{'R2'},&,1.0,&
{'D7'},{'D4'},{'D6'},{'D5'},{'R1'},{'D3'},{'D2'},{'D1'},{'R2'},{'R3'},&,1.0,&
{'D7'},{'D4'},{'D6'},{'R3'},{'D5'},{'D3'},{'D1'},{'R2'},{'D2'},{'R1'},&,1.0,&
{'D7'},{'D4'},{'D1'},{'D2'},{'D3'},{'D6'},{'R3'},{'R2'},{'D5'},{'R1'},&,1.0,&
{'D7'},{'D4'},{'D1'},{'D2'},{'D3'},{'D6'},{'D5'},{'R2'},{'R3'},{'R1'},&,1.0,&
{'D7'},{'D4'},{'D1'},{'D2'},{'D5'},{'D3'},{'D6'},{'R3'},{'R2'},{'R1'},&,1.0,&
{'D7'},{'D4'},{'D1'},{'D3'},{'D2'},{'R1'},{'D6'},{'D5'},{'R3'},{'R2'},&,1.0,&
{'D7'},{'D4'},{'D1'},{'D3'},{'D6'},{'D5'},{'R3'},{'D2'},{'R2'},{'R1'},&,1.0,&
{'D7'},{'D4'},{'D1'},{'D3'},{'D6'},{'D5'},{'R3'},{'D2'},{'R1'},{'R2'},&,1.0,&
{'D7'},{'D4'},{'D1'},{'D3'},{'D6'},{'D5'},{'D2'},{'R2'},{'R3'},{'R1'},&,1.0,&
{'D7'},{'D4'},{'D1'},{'D3'},{'D5'},{'D6'},{'R1'},{'R3'},{'D2'},{'R2'},&,1.0,&
{'D7'},{'D4'},{'D1'},{'D3'},{'D5'},{'D2'},{'R1'},{'D6'},{'R2'},{'R3'},&,1.0,&
{'D7'},{'D4'},{'D1'},{'D3'},{'D5'},{'R1'},{'D6'},{'D2'},{'R3'},{'R2'},&,1.0,&
{'D7'},{'D4'},{'D1'},{'D5'},{'D3'},{'D6'},{'R3'},{'D2'},{'R2'},{'R1'},&,1.0,&
{'D7'},{'D4'},{'D1'},{'D5'},{'D3'},{'D6'},{'D2'},{'R1'},{'R3'},{'R2'},&,1.0,&
{'D7'},{'D4'},{'D1'},{'D5'},{'D3'},{'D6'},{'D2'},{'R2'},{'R1'},{'R3'},&,1.0,&
{'D7'},{'D4'},{'D1'},{'D5'},{'D3'},{'D6'},{'D2'},{'R3'},{'R1'},{'R2'},&,1.0,&
{'D7'},{'D4'},{'D1'},{'D5'},{'D3'},{'D6'},{'R1'},{'D2'},{'R3'},{'R2'},&,2.0,&
{'D7'},{'D4'},{'D1'},{'D5'},{'D3'},{'D2'},{'D6'},{'R2'},{'R3'},{'R1'},&,1.0,&
{'D7'},{'D4'},{'D1'},{'D5'},{'D3'},{'D2'},{'D6'},{'R3'},{'R2'},{'R1'},&,1.0,&
{'D7'},{'D4'},{'D1'},{'D5'},{'D6'},{'D2'},{'D3'},{'R3'},{'R1'},{'R2'},&,1.0,&
{'D7'},{'D4'},{'D1'},{'D5'},{'D6'},{'D3'},{'R3'},{'D2'},{'R2'},{'R1'},&,1.0,&
{'D7'},{'D4'},{'D1'},{'D5'},{'D6'},{'D3'},{'D2'},{'R1'},{'R2'},{'R3'},&,1.0,&
{'D7'},{'D4'},{'D1'},{'D5'},{'D6'},{'D3'},{'D2'},{'R2'},{'R3'},{'R1'},&,1.0,&
{'D7'},{'D4'},{'D1'},{'D5'},{'D6'},{'R3'},{'D2'},{'D3'},{'R2'},{'R1'},&,1.0,&
{'D7'},{'D4'},{'D1'},{'D6'},{'D2'},{'D5'},{'D3'},{'R3'},{'R1'},{'R2'},&,1.0,&
{'D7'},{'D4'},{'D1'},{'D6'},{'D3'},{'D5'},{'R3'},{'D2'},{'R2'},{'R1'},&,1.0,&
{'D7'},{'D4'},{'D1'},{'D6'},{'D3'},{'D5'},{'R1'},{'D2'},{'R3'},{'R2'},&,1.0,&
{'D7'},{'D4'},{'D1'},{'D6'},{'D5'},{'D2'},{'D3'},{'R1'},{'R3'},{'R2'},&,1.0,&
{'D7'},{'D4'},{'D1'},{'D6'},{'D5'},{'D2'},{'D3'},{'R3'},{'R1'},{'R2'},&,2.0,&
{'D7'},{'D4'},{'D1'},{'D6'},{'D5'},{'D3'},{'D2'},{'R1'},{'R3'},{'R2'},&,1.0,&
{'D7'},{'D4'},{'D1'},{'D6'},{'D5'},{'D3'},{'D2'},{'R2'},{'R3'},{'R1'},&,1.0,&
{'D7'},{'D4'},{'D1'},{'D6'},{'D5'},{'D3'},{'D2'},{'R3'},{'R2'},{'R1'},&,4.0,&
{'D7'},{'D4'},{'D2'},{'D1'},{'D6'},{'D5'},{'D3'},{'R3'},{'R1'},{'R2'},&,2.0,&
{'D7'},{'D4'},{'D2'},{'D1'},{'D5'},{'D6'},{'R2'},{'R3'},{'D3'},{'R1'},&,1.0,&
{'D7'},{'D4'},{'D2'},{'D1'},{'D5'},{'D6'},{'D3'},{'R2'},{'R3'},{'R1'},&,1.0,&
{'D7'},{'D4'},{'D2'},{'D1'},{'D5'},{'D6'},{'D3'},{'R3'},{'R2'},{'R1'},&,1.0,&
{'D7'},{'D4'},{'D2'},{'D1'},{'D5'},{'D3'},{'D6'},{'R3'},{'R1'},{'R2'},&,1.0,&
{'D7'},{'D4'},{'D2'},{'D3'},{'D1'},{'D5'},{'D6'},{'R3'},{'R1'},{'R2'},&,1.0,&
{'D7'},{'D4'},{'D2'},{'D3'},{'D6'},{'D5'},{'D1'},{'R3'},{'R1'},{'R2'},&,1.0,&
{'D7'},{'D4'},{'D2'},{'D3'},{'D5'},{'D6'},{'D1'},{'R3'},{'R2'},{'R1'},&,2.0,&
{'D7'},{'D4'},{'D2'},{'D3'},{'D5'},{'R3'},{'D6'},{'R2'},{'D1'},{'R1'},&,1.0,&
{'D7'},{'D4'},{'D2'},{'D3'},{'D5'},{'R3'},{'D6'},{'D1'},{'R1'},{'R2'},&,1.0,&
{'D7'},{'D4'},{'D2'},{'D5'},{'D1'},{'D6'},{'R3'},{'D3'},{'R2'},{'R1'},&,1.0,&
{'D7'},{'D4'},{'D2'},{'D5'},{'D1'},{'D6'},{'D3'},{'R3'},{'R1'},{'R2'},&,1.0,&
{'D7'},{'D4'},{'D2'},{'D5'},{'D3'},{'D6'},{'D1'},{'R1'},{'R3'},{'R2'},&,1.0,&
{'D7'},{'D4'},{'D2'},{'D5'},{'D3'},{'D6'},{'D1'},{'R3'},{'R1'},{'R2'},&,1.0,&
{'D7'},{'D4'},{'D2'},{'D5'},{'D3'},{'D6'},{'R2'},{'D1'},{'R3'},{'R1'},&,1.0,&
{'D7'},{'D4'},{'D2'},{'D5'},{'D3'},{'D1'},{'D6'},{'R1'},{'R3'},{'R2'},&,1.0,&
{'D7'},{'D4'},{'D2'},{'D5'},{'D3'},{'R3'},{'D6'},{'D1'},{'R1'},{'R2'},&,1.0,&
{'D7'},{'D4'},{'D2'},{'D5'},{'D6'},{'D1'},{'R3'},{'D3'},{'R1'},{'R2'},&,1.0,&
{'D7'},{'D4'},{'D2'},{'D5'},{'D6'},{'D1'},{'D3'},{'R2'},{'R3'},{'R1'},&,1.0,&
{'D7'},{'D4'},{'D2'},{'D5'},{'D6'},{'D1'},{'D3'},{'R3'},{'R1'},{'R2'},&,1.0,&
{'D7'},{'D4'},{'D2'},{'D5'},{'D6'},{'D3'},{'R3'},{'D1'},{'R2'},{'R1'},&,1.0,&
{'D7'},{'D4'},{'D2'},{'D5'},{'D6'},{'D3'},{'D1'},{'R1'},{'R3'},{'R2'},&,1.0,&
{'D7'},{'D4'},{'D2'},{'D5'},{'D6'},{'D3'},{'D1'},{'R3'},{'R2'},{'R1'},&,1.0,&
{'D7'},{'D4'},{'D2'},{'D5'},{'D6'},{'D3'},{'R1'},{'D1'},{'R3'},{'R2'},&,1.0,&
{'D7'},{'D4'},{'D2'},{'D6'},{'D1'},{'D5'},{'D3'},{'R2'},{'R3'},{'R1'},&,1.0,&
{'D7'},{'D4'},{'D2'},{'D6'},{'D3'},{'D5'},{'D1'},{'R3'},{'R2'},{'R1'},&,1.0,&
{'D7'},{'D4'},{'D2'},{'D6'},{'D3'},{'D5'},{'D1'},{'R3'},{'R1'},{'R2'},&,1.0,&
{'D7'},{'D4'},{'D2'},{'D6'},{'D3'},{'R3'},{'D5'},{'R1'},{'R2'},{'D1'},&,1.0,&
{'D7'},{'D4'},{'D2'},{'D6'},{'D5'},{'D3'},{'D1'},{'R3'},{'R2'},{'R1'},&,1.0,&
{'D7'},{'D4'},{'D2'},{'D6'},{'D5'},{'D3'},{'D1'},{'R3'},{'R1'},{'R2'},&,1.0,&
{'D7'},{'D4'},{'R3'},{'D2'},{'D5'},{'D6'},{'D3'},{'D1'},{'R1'},{'R2'},&,1.0,&
{'D7'},{'D4'},{'R3'},{'D5'},{'D1'},{'D3'},{'D6'},{'D2'},{'R1'},{'R2'},&,1.0,&
{'D7'},{'R1'},{'D3'},{'D5'},{'D4'},{'D2'},{'D6'},{'D1'},{'R3'},{'R2'},&,1.0,&
{'D7'},{'R3'},{'D5'},{'D4'},{'D6'},{'D1'},{'D3'},{'D2'},{'R1'},{'R2'},&,1.0,&
{'D4'},{'D3'},{'D5'},{'D7'},{'D1'},{'D6'},{'R3'},{'D2'},{'R2'},{'R1'},&,2.0,&
{'D4'},{'D3'},{'D5'},{'D7'},{'D1'},{'D6'},{'R3'},{'D2'},{'R1'},{'R2'},&,1.0,&
{'D4'},{'D3'},{'D5'},{'D7'},{'D1'},{'D6'},{'D2'},{'R1'},{'R2'},{'R3'},&,2.0,&
{'D4'},{'D3'},{'D5'},{'D7'},{'D1'},{'D6'},{'D2'},{'R2'},{'R1'},{'R3'},&,1.0,&
{'D4'},{'D3'},{'D5'},{'D7'},{'D1'},{'D6'},{'D2'},{'R3'},{'R2'},{'R1'},&,3.0,&
{'D4'},{'D3'},{'D5'},{'D7'},{'D1'},{'D6'},{'D2'},{'R3'},{'R1'},{'R2'},&,6.0,&
{'D4'},{'D3'},{'D5'},{'D7'},{'D1'},{'D6'},{'R2'},{'D2'},{'R3'},{'R1'},&,1.0,&
{'D4'},{'D3'},{'D5'},{'D7'},{'D1'},{'D2'},{'D6'},{'R2'},{'R3'},{'R1'},&,2.0,&
{'D4'},{'D3'},{'D5'},{'D7'},{'D1'},{'D2'},{'D6'},{'R3'},{'R2'},{'R1'},&,2.0,&
{'D4'},{'D3'},{'D5'},{'D7'},{'D1'},{'D2'},{'D6'},{'R3'},{'R1'},{'R2'},&,1.0,&
{'D4'},{'D3'},{'D5'},{'D7'},{'D2'},{'D6'},{'R3'},{'R2'},{'D1'},{'R1'},&,1.0,&
{'D4'},{'D3'},{'D5'},{'D7'},{'D2'},{'D6'},{'R3'},{'D1'},{'R2'},{'R1'},&,2.0,&
{'D4'},{'D3'},{'D5'},{'D7'},{'D2'},{'D6'},{'D1'},{'R1'},{'R2'},{'R3'},&,1.0,&
{'D4'},{'D3'},{'D5'},{'D7'},{'D2'},{'D6'},{'D1'},{'R1'},{'R3'},{'R2'},&,1.0,&
{'D4'},{'D3'},{'D5'},{'D7'},{'D2'},{'D6'},{'D1'},{'R2'},{'R3'},{'R1'},&,4.0,&
{'D4'},{'D3'},{'D5'},{'D7'},{'D2'},{'D6'},{'D1'},{'R2'},{'R1'},{'R3'},&,2.0,&
{'D4'},{'D3'},{'D5'},{'D7'},{'D2'},{'D6'},{'D1'},{'R3'},{'R2'},{'R1'},&,1.0,&
{'D4'},{'D3'},{'D5'},{'D7'},{'D2'},{'D6'},{'R2'},{'D1'},{'R1'},{'R3'},&,1.0,&
{'D4'},{'D3'},{'D5'},{'D7'},{'D2'},{'D6'},{'R1'},{'D1'},{'R3'},{'R2'},&,1.0,&
{'D4'},{'D3'},{'D5'},{'D7'},{'D2'},{'D1'},{'D6'},{'R2'},{'R3'},{'R1'},&,1.0,&
{'D4'},{'D3'},{'D5'},{'D7'},{'D2'},{'D1'},{'D6'},{'R3'},{'R2'},{'R1'},&,1.0,&
{'D4'},{'D3'},{'D5'},{'D7'},{'D2'},{'D1'},{'D6'},{'R3'},{'R1'},{'R2'},&,2.0,&
{'D4'},{'D3'},{'D5'},{'D7'},{'D2'},{'R3'},{'D6'},{'D1'},{'R2'},{'R1'},&,1.0,&
{'D4'},{'D3'},{'D5'},{'D7'},{'D6'},{'D1'},{'R3'},{'D2'},{'R1'},{'R2'},&,2.0,&
{'D4'},{'D3'},{'D5'},{'D7'},{'D6'},{'D1'},{'D2'},{'R1'},{'R3'},{'R2'},&,6.0,&
{'D4'},{'D3'},{'D5'},{'D7'},{'D6'},{'D1'},{'D2'},{'R2'},{'R3'},{'R1'},&,3.0,&
{'D4'},{'D3'},{'D5'},{'D7'},{'D6'},{'D1'},{'D2'},{'R2'},{'R1'},{'R3'},&,2.0,&
{'D4'},{'D3'},{'D5'},{'D7'},{'D6'},{'D1'},{'D2'},{'R3'},{'R2'},{'R1'},&,6.0,&
{'D4'},{'D3'},{'D5'},{'D7'},{'D6'},{'D1'},{'D2'},{'R3'},{'R1'},{'R2'},&,8.0,&
{'D4'},{'D3'},{'D5'},{'D7'},{'D6'},{'D1'},{'R1'},{'D2'},{'R3'},{'R2'},&,1.0,&
{'D4'},{'D3'},{'D5'},{'D7'},{'D6'},{'D2'},{'R3'},{'R1'},{'R2'},{'D1'},&,1.0,&
{'D4'},{'D3'},{'D5'},{'D7'},{'D6'},{'D2'},{'R3'},{'D1'},{'R2'},{'R1'},&,1.0,&
{'D4'},{'D3'},{'D5'},{'D7'},{'D6'},{'D2'},{'R3'},{'D1'},{'R1'},{'R2'},&,3.0,&
{'D4'},{'D3'},{'D5'},{'D7'},{'D6'},{'D2'},{'D1'},{'R1'},{'R3'},{'R2'},&,6.0,&
{'D4'},{'D3'},{'D5'},{'D7'},{'D6'},{'D2'},{'D1'},{'R2'},{'R3'},{'R1'},&,4.0,&
{'D4'},{'D3'},{'D5'},{'D7'},{'D6'},{'D2'},{'D1'},{'R3'},{'R2'},{'R1'},&,4.0,&
{'D4'},{'D3'},{'D5'},{'D7'},{'D6'},{'D2'},{'D1'},{'R3'},{'R1'},{'R2'},&,9.0,&
{'D4'},{'D3'},{'D5'},{'D7'},{'D6'},{'D2'},{'R2'},{'D1'},{'R3'},{'R1'},&,1.0,&
{'D4'},{'D3'},{'D5'},{'D7'},{'D6'},{'D2'},{'R2'},{'D1'},{'R1'},{'R3'},&,2.0,&
{'D4'},{'D3'},{'D5'},{'D7'},{'D6'},{'D2'},{'R1'},{'D1'},{'R3'},{'R2'},&,2.0,&
{'D4'},{'D3'},{'D5'},{'D7'},{'D6'},{'R2'},{'D1'},{'D2'},{'R3'},{'R1'},&,1.0,&
{'D4'},{'D3'},{'D5'},{'D7'},{'D6'},{'R1'},{'D1'},{'D2'},{'R3'},{'R2'},&,1.0,&
{'D4'},{'D3'},{'D5'},{'D7'},{'D6'},{'R1'},{'D1'},{'R3'},{'R2'},{'D2'},&,1.0,&
{'D4'},{'D3'},{'D5'},{'D7'},{'R3'},{'D6'},{'D2'},{'D1'},{'R1'},{'R2'},&,1.0,&
{'D4'},{'D3'},{'D5'},{'D7'},{'R1'},{'D2'},{'D6'},{'R3'},{'D1'},{'R2'},&,1.0,&
{'D4'},{'D3'},{'D5'},{'D1'},{'D7'},{'D6'},{'R3'},{'D2'},{'R2'},{'R1'},&,1.0,&
{'D4'},{'D3'},{'D5'},{'D1'},{'D7'},{'D6'},{'R3'},{'D2'},{'R1'},{'R2'},&,1.0,&
{'D4'},{'D3'},{'D5'},{'D1'},{'D7'},{'D6'},{'D2'},{'R1'},{'R2'},{'R3'},&,2.0,&
{'D4'},{'D3'},{'D5'},{'D1'},{'D7'},{'D6'},{'D2'},{'R1'},{'R3'},{'R2'},&,1.0,&
{'D4'},{'D3'},{'D5'},{'D1'},{'D7'},{'D6'},{'D2'},{'R3'},{'R2'},{'R1'},&,2.0,&
{'D4'},{'D3'},{'D5'},{'D1'},{'D7'},{'D6'},{'D2'},{'R3'},{'R1'},{'R2'},&,2.0,&
{'D4'},{'D3'},{'D5'},{'D1'},{'D7'},{'D6'},{'R1'},{'D2'},{'R2'},{'R3'},&,1.0,&
{'D4'},{'D3'},{'D5'},{'D1'},{'D7'},{'D2'},{'R3'},{'D6'},{'R1'},{'R2'},&,1.0,&
{'D4'},{'D3'},{'D5'},{'D1'},{'D7'},{'D2'},{'D6'},{'R1'},{'R3'},{'R2'},&,2.0,&
{'D4'},{'D3'},{'D5'},{'D1'},{'D7'},{'D2'},{'D6'},{'R2'},{'R3'},{'R1'},&,1.0,&
{'D4'},{'D3'},{'D5'},{'D1'},{'D7'},{'D2'},{'D6'},{'R3'},{'R2'},{'R1'},&,2.0,&
{'D4'},{'D3'},{'D5'},{'D1'},{'D7'},{'R3'},{'D6'},{'D2'},{'R1'},{'R2'},&,1.0,&
{'D4'},{'D3'},{'D5'},{'D1'},{'D2'},{'D6'},{'D7'},{'R2'},{'R3'},{'R1'},&,1.0,&
{'D4'},{'D3'},{'D5'},{'D1'},{'D2'},{'D6'},{'D7'},{'R3'},{'R2'},{'R1'},&,2.0,&
{'D4'},{'D3'},{'D5'},{'D1'},{'D2'},{'D7'},{'D6'},{'R1'},{'R2'},{'R3'},&,1.0,&
{'D4'},{'D3'},{'D5'},{'D1'},{'D2'},{'D7'},{'D6'},{'R3'},{'R2'},{'R1'},&,1.0,&
{'D4'},{'D3'},{'D5'},{'D1'},{'D2'},{'D7'},{'D6'},{'R3'},{'R1'},{'R2'},&,1.0,&
{'D4'},{'D3'},{'D5'},{'D1'},{'D2'},{'D7'},{'R1'},{'D6'},{'R3'},{'R2'},&,1.0,&
{'D4'},{'D3'},{'D5'},{'D1'},{'D6'},{'D7'},{'R3'},{'D2'},{'R2'},{'R1'},&,1.0,&
{'D4'},{'D3'},{'D5'},{'D1'},{'D6'},{'D7'},{'R3'},{'D2'},{'R1'},{'R2'},&,1.0,&
{'D4'},{'D3'},{'D5'},{'D1'},{'D6'},{'D7'},{'D2'},{'R1'},{'R2'},{'R3'},&,2.0,&
{'D4'},{'D3'},{'D5'},{'D1'},{'D6'},{'D7'},{'D2'},{'R1'},{'R3'},{'R2'},&,1.0,&
{'D4'},{'D3'},{'D5'},{'D1'},{'D6'},{'D7'},{'D2'},{'R2'},{'R3'},{'R1'},&,2.0,&
{'D4'},{'D3'},{'D5'},{'D1'},{'D6'},{'D7'},{'D2'},{'R3'},{'R2'},{'R1'},&,4.0,&
{'D4'},{'D3'},{'D5'},{'D1'},{'D6'},{'D7'},{'D2'},{'R3'},{'R1'},{'R2'},&,4.0,&
{'D4'},{'D3'},{'D5'},{'D1'},{'D6'},{'D7'},{'R2'},{'D2'},{'R3'},{'R1'},&,1.0,&
{'D4'},{'D3'},{'D5'},{'D1'},{'D6'},{'D7'},{'R2'},{'R1'},{'D2'},{'R3'},&,1.0,&
{'D4'},{'D3'},{'D5'},{'D1'},{'D6'},{'D7'},{'R1'},{'D2'},{'R2'},{'R3'},&,1.0,&
{'D4'},{'D3'},{'D5'},{'D1'},{'D6'},{'D7'},{'R1'},{'D2'},{'R3'},{'R2'},&,2.0,&
{'D4'},{'D3'},{'D5'},{'D1'},{'D6'},{'D7'},{'R1'},{'R3'},{'D2'},{'R2'},&,1.0,&
{'D4'},{'D3'},{'D5'},{'D1'},{'D6'},{'D2'},{'R3'},{'D7'},{'R1'},{'R2'},&,1.0,&
{'D4'},{'D3'},{'D5'},{'D1'},{'D6'},{'D2'},{'R2'},{'D7'},{'R3'},{'R1'},&,1.0,&
{'D4'},{'D3'},{'D5'},{'D1'},{'D6'},{'D2'},{'D7'},{'R1'},{'R3'},{'R2'},&,1.0,&
{'D4'},{'D3'},{'D5'},{'D1'},{'D6'},{'D2'},{'D7'},{'R2'},{'R3'},{'R1'},&,2.0,&
{'D4'},{'D3'},{'D5'},{'D1'},{'D6'},{'D2'},{'D7'},{'R3'},{'R2'},{'R1'},&,3.0,&
{'D4'},{'D3'},{'D5'},{'D1'},{'D6'},{'R3'},{'D2'},{'D7'},{'R1'},{'R2'},&,1.0,&
{'D4'},{'D3'},{'D5'},{'D1'},{'R2'},{'D7'},{'D6'},{'D2'},{'R3'},{'R1'},&,1.0,&
{'D4'},{'D3'},{'D5'},{'D1'},{'R1'},{'D7'},{'D6'},{'D2'},{'R3'},{'R2'},&,1.0,&
{'D4'},{'D3'},{'D5'},{'D1'},{'R1'},{'D2'},{'D7'},{'D6'},{'R3'},{'R2'},&,1.0,&
{'D4'},{'D3'},{'D5'},{'D2'},{'D1'},{'D6'},{'R3'},{'D7'},{'R2'},{'R1'},&,1.0,&
{'D4'},{'D3'},{'D5'},{'D2'},{'D1'},{'D6'},{'R3'},{'D7'},{'R1'},{'R2'},&,1.0,&
{'D4'},{'D3'},{'D5'},{'D2'},{'D1'},{'D6'},{'D7'},{'R1'},{'R2'},{'R3'},&,1.0,&
{'D4'},{'D3'},{'D5'},{'D2'},{'D1'},{'D6'},{'D7'},{'R1'},{'R3'},{'R2'},&,3.0,&
{'D4'},{'D3'},{'D5'},{'D2'},{'D1'},{'D6'},{'D7'},{'R3'},{'R1'},{'R2'},&,2.0,&
{'D4'},{'D3'},{'D5'},{'D2'},{'D1'},{'D7'},{'D6'},{'R2'},{'R3'},{'R1'},&,2.0,&
{'D4'},{'D3'},{'D5'},{'D2'},{'D1'},{'D7'},{'D6'},{'R3'},{'R2'},{'R1'},&,1.0,&
{'D4'},{'D3'},{'D5'},{'D2'},{'D7'},{'D6'},{'R3'},{'R1'},{'D1'},{'R2'},&,1.0,&
{'D4'},{'D3'},{'D5'},{'D2'},{'D7'},{'D6'},{'R3'},{'D1'},{'R2'},{'R1'},&,2.0,&
{'D4'},{'D3'},{'D5'},{'D2'},{'D7'},{'D6'},{'R3'},{'D1'},{'R1'},{'R2'},&,2.0,&
{'D4'},{'D3'},{'D5'},{'D2'},{'D7'},{'D6'},{'D1'},{'R1'},{'R2'},{'R3'},&,1.0,&
{'D4'},{'D3'},{'D5'},{'D2'},{'D7'},{'D6'},{'D1'},{'R1'},{'R3'},{'R2'},&,3.0,&
{'D4'},{'D3'},{'D5'},{'D2'},{'D7'},{'D6'},{'D1'},{'R3'},{'R2'},{'R1'},&,3.0,&
{'D4'},{'D3'},{'D5'},{'D2'},{'D7'},{'D6'},{'D1'},{'R3'},{'R1'},{'R2'},&,1.0,&
{'D4'},{'D3'},{'D5'},{'D2'},{'D7'},{'D6'},{'R2'},{'R3'},{'D1'},{'R1'},&,1.0,&
{'D4'},{'D3'},{'D5'},{'D2'},{'D7'},{'D1'},{'D6'},{'R2'},{'R3'},{'R1'},&,1.0,&
{'D4'},{'D3'},{'D5'},{'D2'},{'D7'},{'D1'},{'D6'},{'R3'},{'R2'},{'R1'},&,1.0,&
{'D4'},{'D3'},{'D5'},{'D2'},{'D7'},{'R3'},{'D6'},{'D1'},{'R2'},{'R1'},&,1.0,&
{'D4'},{'D3'},{'D5'},{'D2'},{'D6'},{'D7'},{'R3'},{'R1'},{'D1'},{'R2'},&,1.0,&
{'D4'},{'D3'},{'D5'},{'D2'},{'D6'},{'D7'},{'R3'},{'D1'},{'R1'},{'R2'},&,1.0,&
{'D4'},{'D3'},{'D5'},{'D2'},{'D6'},{'D7'},{'D1'},{'R1'},{'R2'},{'R3'},&,2.0,&
{'D4'},{'D3'},{'D5'},{'D2'},{'D6'},{'D7'},{'D1'},{'R1'},{'R3'},{'R2'},&,1.0,&
{'D4'},{'D3'},{'D5'},{'D2'},{'D6'},{'D7'},{'D1'},{'R2'},{'R3'},{'R1'},&,1.0,&
{'D4'},{'D3'},{'D5'},{'D2'},{'D6'},{'D7'},{'D1'},{'R3'},{'R2'},{'R1'},&,3.0,&
{'D4'},{'D3'},{'D5'},{'D2'},{'D6'},{'D7'},{'D1'},{'R3'},{'R1'},{'R2'},&,4.0,&
{'D4'},{'D3'},{'D5'},{'D2'},{'D6'},{'D7'},{'R2'},{'R1'},{'D1'},{'R3'},&,1.0,&
{'D4'},{'D3'},{'D5'},{'D2'},{'D6'},{'D7'},{'R2'},{'D1'},{'R3'},{'R1'},&,1.0,&
{'D4'},{'D3'},{'D5'},{'D2'},{'D6'},{'D7'},{'R2'},{'D1'},{'R1'},{'R3'},&,1.0,&
{'D4'},{'D3'},{'D5'},{'D2'},{'D6'},{'D7'},{'R1'},{'D1'},{'R3'},{'R2'},&,1.0,&
{'D4'},{'D3'},{'D5'},{'D2'},{'D6'},{'D1'},{'R3'},{'D7'},{'R1'},{'R2'},&,1.0,&
{'D4'},{'D3'},{'D5'},{'D2'},{'D6'},{'D1'},{'D7'},{'R1'},{'R3'},{'R2'},&,1.0,&
{'D4'},{'D3'},{'D5'},{'D2'},{'D6'},{'D1'},{'D7'},{'R2'},{'R3'},{'R1'},&,2.0,&
{'D4'},{'D3'},{'D5'},{'D2'},{'D6'},{'D1'},{'D7'},{'R3'},{'R2'},{'R1'},&,1.0,&
{'D4'},{'D3'},{'D5'},{'D2'},{'D6'},{'D1'},{'D7'},{'R3'},{'R1'},{'R2'},&,5.0,&
{'D4'},{'D3'},{'D5'},{'D6'},{'D1'},{'D7'},{'R3'},{'D2'},{'R2'},{'R1'},&,1.0,&
{'D4'},{'D3'},{'D5'},{'D6'},{'D1'},{'D7'},{'R3'},{'D2'},{'R1'},{'R2'},&,1.0,&
{'D4'},{'D3'},{'D5'},{'D6'},{'D1'},{'D7'},{'R3'},{'R1'},{'R2'},{'D2'},&,1.0,&
{'D4'},{'D3'},{'D5'},{'D6'},{'D1'},{'D7'},{'R3'},{'R1'},{'D2'},{'R2'},&,1.0,&
{'D4'},{'D3'},{'D5'},{'D6'},{'D1'},{'D7'},{'D2'},{'R1'},{'R2'},{'R3'},&,1.0,&
{'D4'},{'D3'},{'D5'},{'D6'},{'D1'},{'D7'},{'D2'},{'R1'},{'R3'},{'R2'},&,5.0,&
{'D4'},{'D3'},{'D5'},{'D6'},{'D1'},{'D7'},{'D2'},{'R2'},{'R3'},{'R1'},&,3.0,&
{'D4'},{'D3'},{'D5'},{'D6'},{'D1'},{'D7'},{'D2'},{'R2'},{'R1'},{'R3'},&,2.0,&
{'D4'},{'D3'},{'D5'},{'D6'},{'D1'},{'D7'},{'D2'},{'R3'},{'R2'},{'R1'},&,6.0,&
{'D4'},{'D3'},{'D5'},{'D6'},{'D1'},{'D7'},{'D2'},{'R3'},{'R1'},{'R2'},&,9.0,&
{'D4'},{'D3'},{'D5'},{'D6'},{'D1'},{'D7'},{'R2'},{'R3'},{'D2'},{'R1'},&,1.0,&
{'D4'},{'D3'},{'D5'},{'D6'},{'D1'},{'D7'},{'R1'},{'D2'},{'R2'},{'R3'},&,1.0,&
{'D4'},{'D3'},{'D5'},{'D6'},{'D1'},{'D7'},{'R1'},{'D2'},{'R3'},{'R2'},&,1.0,&
{'D4'},{'D3'},{'D5'},{'D6'},{'D1'},{'D2'},{'R2'},{'D7'},{'R3'},{'R1'},&,2.0,&
{'D4'},{'D3'},{'D5'},{'D6'},{'D1'},{'D2'},{'D7'},{'R1'},{'R2'},{'R3'},&,1.0,&
{'D4'},{'D3'},{'D5'},{'D6'},{'D1'},{'D2'},{'D7'},{'R1'},{'R3'},{'R2'},&,2.0,&
{'D4'},{'D3'},{'D5'},{'D6'},{'D1'},{'D2'},{'D7'},{'R2'},{'R3'},{'R1'},&,1.0,&
{'D4'},{'D3'},{'D5'},{'D6'},{'D1'},{'D2'},{'D7'},{'R3'},{'R2'},{'R1'},&,2.0,&
{'D4'},{'D3'},{'D5'},{'D6'},{'D1'},{'D2'},{'D7'},{'R3'},{'R1'},{'R2'},&,6.0,&
{'D4'},{'D3'},{'D5'},{'D6'},{'D1'},{'D2'},{'R1'},{'R3'},{'D7'},{'R2'},&,1.0,&
{'D4'},{'D3'},{'D5'},{'D6'},{'D1'},{'D2'},{'R1'},{'D7'},{'R3'},{'R2'},&,2.0,&
{'D4'},{'D3'},{'D5'},{'D6'},{'D1'},{'R3'},{'D7'},{'R1'},{'D2'},{'R2'},&,1.0,&
{'D4'},{'D3'},{'D5'},{'D6'},{'D7'},{'D1'},{'R3'},{'D2'},{'R1'},{'R2'},&,4.0,&
{'D4'},{'D3'},{'D5'},{'D6'},{'D7'},{'D1'},{'D2'},{'R1'},{'R2'},{'R3'},&,2.0,&
{'D4'},{'D3'},{'D5'},{'D6'},{'D7'},{'D1'},{'D2'},{'R1'},{'R3'},{'R2'},&,6.0,&
{'D4'},{'D3'},{'D5'},{'D6'},{'D7'},{'D1'},{'D2'},{'R2'},{'R3'},{'R1'},&,6.0,&
{'D4'},{'D3'},{'D5'},{'D6'},{'D7'},{'D1'},{'D2'},{'R2'},{'R1'},{'R3'},&,4.0,&
{'D4'},{'D3'},{'D5'},{'D6'},{'D7'},{'D1'},{'D2'},{'R3'},{'R2'},{'R1'},&,8.0,&
{'D4'},{'D3'},{'D5'},{'D6'},{'D7'},{'D1'},{'D2'},{'R3'},{'R1'},{'R2'},&,9.0,&
{'D4'},{'D3'},{'D5'},{'D6'},{'D7'},{'D1'},{'R2'},{'D2'},{'R3'},{'R1'},&,1.0,&
{'D4'},{'D3'},{'D5'},{'D6'},{'D7'},{'D1'},{'R2'},{'D2'},{'R1'},{'R3'},&,1.0,&
{'D4'},{'D3'},{'D5'},{'D6'},{'D7'},{'D1'},{'R2'},{'R1'},{'D2'},{'R3'},&,1.0,&
{'D4'},{'D3'},{'D5'},{'D6'},{'D7'},{'D1'},{'R1'},{'D2'},{'R3'},{'R2'},&,1.0,&
{'D4'},{'D3'},{'D5'},{'D6'},{'D7'},{'D1'},{'R1'},{'R2'},{'D2'},{'R3'},&,1.0,&
{'D4'},{'D3'},{'D5'},{'D6'},{'D7'},{'D1'},{'R1'},{'R3'},{'D2'},{'R2'},&,1.0,&
{'D4'},{'D3'},{'D5'},{'D6'},{'D7'},{'D2'},{'R3'},{'R1'},{'D1'},{'R2'},&,1.0,&
{'D4'},{'D3'},{'D5'},{'D6'},{'D7'},{'D2'},{'R3'},{'R2'},{'D1'},{'R1'},&,2.0,&
{'D4'},{'D3'},{'D5'},{'D6'},{'D7'},{'D2'},{'R3'},{'D1'},{'R2'},{'R1'},&,1.0,&
{'D4'},{'D3'},{'D5'},{'D6'},{'D7'},{'D2'},{'D1'},{'R1'},{'R2'},{'R3'},&,3.0,&
{'D4'},{'D3'},{'D5'},{'D6'},{'D7'},{'D2'},{'D1'},{'R1'},{'R3'},{'R2'},&,5.0,&
{'D4'},{'D3'},{'D5'},{'D6'},{'D7'},{'D2'},{'D1'},{'R2'},{'R3'},{'R1'},&,6.0,&
{'D4'},{'D3'},{'D5'},{'D6'},{'D7'},{'D2'},{'D1'},{'R2'},{'R1'},{'R3'},&,3.0,&
{'D4'},{'D3'},{'D5'},{'D6'},{'D7'},{'D2'},{'D1'},{'R3'},{'R2'},{'R1'},&,7.0,&
{'D4'},{'D3'},{'D5'},{'D6'},{'D7'},{'D2'},{'D1'},{'R3'},{'R1'},{'R2'},&,13.0,&
{'D4'},{'D3'},{'D5'},{'D6'},{'D7'},{'D2'},{'R2'},{'R3'},{'D1'},{'R1'},&,1.0,&
{'D4'},{'D3'},{'D5'},{'D6'},{'D7'},{'D2'},{'R2'},{'D1'},{'R3'},{'R1'},&,2.0,&
{'D4'},{'D3'},{'D5'},{'D6'},{'D7'},{'D2'},{'R1'},{'D1'},{'R2'},{'R3'},&,1.0,&
{'D4'},{'D3'},{'D5'},{'D6'},{'D7'},{'D2'},{'R1'},{'D1'},{'R3'},{'R2'},&,1.0,&
{'D4'},{'D3'},{'D5'},{'D6'},{'D7'},{'R2'},{'D2'},{'D1'},{'R3'},{'R1'},&,1.0,&
{'D4'},{'D3'},{'D5'},{'D6'},{'D7'},{'R2'},{'D1'},{'D2'},{'R3'},{'R1'},&,2.0,&
{'D4'},{'D3'},{'D5'},{'D6'},{'D7'},{'R2'},{'D1'},{'R3'},{'D2'},{'R1'},&,1.0,&
{'D4'},{'D3'},{'D5'},{'D6'},{'D7'},{'R1'},{'D2'},{'R3'},{'D1'},{'R2'},&,1.0,&
{'D4'},{'D3'},{'D5'},{'D6'},{'D7'},{'R1'},{'D2'},{'D1'},{'R3'},{'R2'},&,1.0,&
{'D4'},{'D3'},{'D5'},{'D6'},{'D7'},{'R1'},{'D1'},{'D2'},{'R3'},{'R2'},&,1.0,&
{'D4'},{'D3'},{'D5'},{'D6'},{'D7'},{'R3'},{'D2'},{'D1'},{'R2'},{'R1'},&,1.0,&
{'D4'},{'D3'},{'D5'},{'D6'},{'D7'},{'R3'},{'D1'},{'D2'},{'R1'},{'R2'},&,2.0,&
{'D4'},{'D3'},{'D5'},{'D6'},{'D7'},{'R3'},{'D1'},{'R1'},{'D2'},{'R2'},&,2.0,&
{'D4'},{'D3'},{'D5'},{'D6'},{'D2'},{'D7'},{'R3'},{'D1'},{'R2'},{'R1'},&,1.0,&
{'D4'},{'D3'},{'D5'},{'D6'},{'D2'},{'D7'},{'R3'},{'D1'},{'R1'},{'R2'},&,1.0,&
{'D4'},{'D3'},{'D5'},{'D6'},{'D2'},{'D7'},{'D1'},{'R1'},{'R2'},{'R3'},&,1.0,&
{'D4'},{'D3'},{'D5'},{'D6'},{'D2'},{'D7'},{'D1'},{'R1'},{'R3'},{'R2'},&,4.0,&
{'D4'},{'D3'},{'D5'},{'D6'},{'D2'},{'D7'},{'D1'},{'R2'},{'R3'},{'R1'},&,7.0,&
{'D4'},{'D3'},{'D5'},{'D6'},{'D2'},{'D7'},{'D1'},{'R2'},{'R1'},{'R3'},&,4.0,&
{'D4'},{'D3'},{'D5'},{'D6'},{'D2'},{'D7'},{'D1'},{'R3'},{'R2'},{'R1'},&,6.0,&
{'D4'},{'D3'},{'D5'},{'D6'},{'D2'},{'D7'},{'D1'},{'R3'},{'R1'},{'R2'},&,12.0,&
{'D4'},{'D3'},{'D5'},{'D6'},{'D2'},{'D7'},{'R1'},{'R3'},{'D1'},{'R2'},&,1.0,&
{'D4'},{'D3'},{'D5'},{'D6'},{'D2'},{'D7'},{'R1'},{'D1'},{'R2'},{'R3'},&,1.0,&
{'D4'},{'D3'},{'D5'},{'D6'},{'D2'},{'D7'},{'R1'},{'D1'},{'R3'},{'R2'},&,1.0,&
{'D4'},{'D3'},{'D5'},{'D6'},{'D2'},{'D1'},{'R3'},{'D7'},{'R1'},{'R2'},&,2.0,&
{'D4'},{'D3'},{'D5'},{'D6'},{'D2'},{'D1'},{'D7'},{'R1'},{'R3'},{'R2'},&,5.0,&
{'D4'},{'D3'},{'D5'},{'D6'},{'D2'},{'D1'},{'D7'},{'R2'},{'R3'},{'R1'},&,3.0,&
{'D4'},{'D3'},{'D5'},{'D6'},{'D2'},{'D1'},{'D7'},{'R3'},{'R2'},{'R1'},&,2.0,&
{'D4'},{'D3'},{'D5'},{'D6'},{'D2'},{'D1'},{'D7'},{'R3'},{'R1'},{'R2'},&,4.0,&
{'D4'},{'D3'},{'D5'},{'D6'},{'D2'},{'D1'},{'R1'},{'D7'},{'R3'},{'R2'},&,1.0,&
{'D4'},{'D3'},{'D5'},{'D6'},{'D2'},{'R2'},{'D7'},{'D1'},{'R3'},{'R1'},&,1.0,&
{'D4'},{'D3'},{'D5'},{'D6'},{'D2'},{'R1'},{'D1'},{'D7'},{'R3'},{'R2'},&,1.0,&
{'D4'},{'D3'},{'D5'},{'D6'},{'D2'},{'R1'},{'D7'},{'D1'},{'R2'},{'R3'},&,1.0,&
{'D4'},{'D3'},{'D5'},{'D6'},{'D2'},{'R3'},{'D1'},{'R1'},{'R2'},{'D7'},&,1.0,&
{'D4'},{'D3'},{'D5'},{'D6'},{'R2'},{'D1'},{'D7'},{'D2'},{'R3'},{'R1'},&,1.0,&
{'D4'},{'D3'},{'D5'},{'D6'},{'R1'},{'D7'},{'D2'},{'R2'},{'D1'},{'R3'},&,1.0,&
{'D4'},{'D3'},{'D5'},{'R3'},{'D6'},{'D1'},{'D2'},{'D7'},{'R2'},{'R1'},&,1.0,&
{'D4'},{'D3'},{'D5'},{'R3'},{'D6'},{'D2'},{'D1'},{'D7'},{'R2'},{'R1'},&,1.0,&
{'D4'},{'D3'},{'D6'},{'D7'},{'D1'},{'D5'},{'D2'},{'R2'},{'R3'},{'R1'},&,1.0,&
{'D4'},{'D3'},{'D6'},{'D7'},{'D1'},{'D5'},{'D2'},{'R3'},{'R2'},{'R1'},&,1.0,&
{'D4'},{'D3'},{'D6'},{'D7'},{'D1'},{'D5'},{'D2'},{'R3'},{'R1'},{'R2'},&,1.0,&
{'D4'},{'D3'},{'D6'},{'D7'},{'D2'},{'D1'},{'R3'},{'D5'},{'R1'},{'R2'},&,1.0,&
{'D4'},{'D3'},{'D6'},{'D7'},{'D2'},{'D5'},{'D1'},{'R1'},{'R3'},{'R2'},&,1.0,&
{'D4'},{'D3'},{'D6'},{'D7'},{'D2'},{'D5'},{'D1'},{'R3'},{'R2'},{'R1'},&,1.0,&
{'D4'},{'D3'},{'D6'},{'D7'},{'D2'},{'D5'},{'D1'},{'R3'},{'R1'},{'R2'},&,1.0,&
{'D4'},{'D3'},{'D6'},{'D7'},{'D5'},{'D1'},{'R3'},{'D2'},{'R2'},{'R1'},&,1.0,&
{'D4'},{'D3'},{'D6'},{'D7'},{'D5'},{'D1'},{'D2'},{'R1'},{'R3'},{'R2'},&,1.0,&
{'D4'},{'D3'},{'D6'},{'D7'},{'D5'},{'D1'},{'D2'},{'R2'},{'R3'},{'R1'},&,1.0,&
{'D4'},{'D3'},{'D6'},{'D7'},{'D5'},{'D1'},{'D2'},{'R3'},{'R1'},{'R2'},&,6.0,&
{'D4'},{'D3'},{'D6'},{'D7'},{'D5'},{'D1'},{'R2'},{'D2'},{'R3'},{'R1'},&,1.0,&
{'D4'},{'D3'},{'D6'},{'D7'},{'D5'},{'D1'},{'R1'},{'D2'},{'R3'},{'R2'},&,1.0,&
{'D4'},{'D3'},{'D6'},{'D7'},{'D5'},{'D2'},{'R3'},{'D1'},{'R2'},{'R1'},&,1.0,&
{'D4'},{'D3'},{'D6'},{'D7'},{'D5'},{'D2'},{'R3'},{'D1'},{'R1'},{'R2'},&,3.0,&
{'D4'},{'D3'},{'D6'},{'D7'},{'D5'},{'D2'},{'D1'},{'R2'},{'R3'},{'R1'},&,3.0,&
{'D4'},{'D3'},{'D6'},{'D7'},{'D5'},{'D2'},{'D1'},{'R2'},{'R1'},{'R3'},&,1.0,&
{'D4'},{'D3'},{'D6'},{'D7'},{'D5'},{'D2'},{'D1'},{'R3'},{'R2'},{'R1'},&,4.0,&
{'D4'},{'D3'},{'D6'},{'D7'},{'D5'},{'D2'},{'D1'},{'R3'},{'R1'},{'R2'},&,5.0,&
{'D4'},{'D3'},{'D6'},{'D7'},{'D5'},{'R2'},{'D2'},{'D1'},{'R3'},{'R1'},&,1.0,&
{'D4'},{'D3'},{'D6'},{'D7'},{'D5'},{'R1'},{'D2'},{'R3'},{'R2'},{'D1'},&,1.0,&
{'D4'},{'D3'},{'D6'},{'D7'},{'D5'},{'R1'},{'D2'},{'R3'},{'D1'},{'R2'},&,1.0,&
{'D4'},{'D3'},{'D6'},{'D7'},{'D5'},{'R3'},{'D1'},{'D2'},{'R1'},{'R2'},&,1.0,&
{'D4'},{'D3'},{'D6'},{'D1'},{'D7'},{'D5'},{'R3'},{'D2'},{'R2'},{'R1'},&,1.0,&
{'D4'},{'D3'},{'D6'},{'D1'},{'D7'},{'D5'},{'R3'},{'R1'},{'D2'},{'R2'},&,1.0,&
{'D4'},{'D3'},{'D6'},{'D1'},{'D7'},{'D5'},{'D2'},{'R2'},{'R3'},{'R1'},&,1.0,&
{'D4'},{'D3'},{'D6'},{'D1'},{'D7'},{'D5'},{'D2'},{'R3'},{'R2'},{'R1'},&,3.0,&
{'D4'},{'D3'},{'D6'},{'D1'},{'D7'},{'D5'},{'R1'},{'D2'},{'R3'},{'R2'},&,1.0,&
{'D4'},{'D3'},{'D6'},{'D1'},{'D7'},{'D5'},{'R1'},{'R3'},{'D2'},{'R2'},&,1.0,&
{'D4'},{'D3'},{'D6'},{'D1'},{'D2'},{'D7'},{'D5'},{'R3'},{'R1'},{'R2'},&,1.0,&
{'D4'},{'D3'},{'D6'},{'D1'},{'D2'},{'D5'},{'D7'},{'R1'},{'R2'},{'R3'},&,1.0,&
{'D4'},{'D3'},{'D6'},{'D1'},{'D2'},{'D5'},{'D7'},{'R1'},{'R3'},{'R2'},&,1.0,&
{'D4'},{'D3'},{'D6'},{'D1'},{'D5'},{'D7'},{'R3'},{'D2'},{'R2'},{'R1'},&,1.0,&
{'D4'},{'D3'},{'D6'},{'D1'},{'D5'},{'D7'},{'R3'},{'D2'},{'R1'},{'R2'},&,3.0,&
{'D4'},{'D3'},{'D6'},{'D1'},{'D5'},{'D7'},{'D2'},{'R1'},{'R2'},{'R3'},&,2.0,&
{'D4'},{'D3'},{'D6'},{'D1'},{'D5'},{'D7'},{'D2'},{'R1'},{'R3'},{'R2'},&,1.0,&
{'D4'},{'D3'},{'D6'},{'D1'},{'D5'},{'D7'},{'D2'},{'R2'},{'R3'},{'R1'},&,2.0,&
{'D4'},{'D3'},{'D6'},{'D1'},{'D5'},{'D7'},{'D2'},{'R2'},{'R1'},{'R3'},&,1.0,&
{'D4'},{'D3'},{'D6'},{'D1'},{'D5'},{'D7'},{'D2'},{'R3'},{'R2'},{'R1'},&,2.0,&
{'D4'},{'D3'},{'D6'},{'D1'},{'D5'},{'D7'},{'D2'},{'R3'},{'R1'},{'R2'},&,5.0,&
{'D4'},{'D3'},{'D6'},{'D1'},{'D5'},{'D2'},{'R3'},{'D7'},{'R2'},{'R1'},&,1.0,&
{'D4'},{'D3'},{'D6'},{'D1'},{'D5'},{'D2'},{'D7'},{'R1'},{'R3'},{'R2'},&,1.0,&
{'D4'},{'D3'},{'D6'},{'D1'},{'D5'},{'D2'},{'D7'},{'R2'},{'R3'},{'R1'},&,3.0,&
{'D4'},{'D3'},{'D6'},{'D1'},{'D5'},{'D2'},{'D7'},{'R2'},{'R1'},{'R3'},&,1.0,&
{'D4'},{'D3'},{'D6'},{'D1'},{'D5'},{'D2'},{'D7'},{'R3'},{'R1'},{'R2'},&,2.0,&
{'D4'},{'D3'},{'D6'},{'D2'},{'D1'},{'D5'},{'R2'},{'D7'},{'R3'},{'R1'},&,1.0,&
{'D4'},{'D3'},{'D6'},{'D2'},{'D1'},{'D5'},{'D7'},{'R3'},{'R2'},{'R1'},&,1.0,&
{'D4'},{'D3'},{'D6'},{'D2'},{'D1'},{'D5'},{'D7'},{'R3'},{'R1'},{'R2'},&,1.0,&
{'D4'},{'D3'},{'D6'},{'D2'},{'D7'},{'D1'},{'D5'},{'R3'},{'R2'},{'R1'},&,1.0,&
{'D4'},{'D3'},{'D6'},{'D2'},{'D7'},{'D5'},{'R3'},{'D1'},{'R2'},{'R1'},&,1.0,&
{'D4'},{'D3'},{'D6'},{'D2'},{'D7'},{'D5'},{'D1'},{'R2'},{'R3'},{'R1'},&,1.0,&
{'D4'},{'D3'},{'D6'},{'D2'},{'D7'},{'D5'},{'D1'},{'R3'},{'R2'},{'R1'},&,2.0,&
{'D4'},{'D3'},{'D6'},{'D2'},{'D7'},{'D5'},{'D1'},{'R3'},{'R1'},{'R2'},&,1.0,&
{'D4'},{'D3'},{'D6'},{'D2'},{'D7'},{'D5'},{'R1'},{'D1'},{'R2'},{'R3'},&,1.0,&
{'D4'},{'D3'},{'D6'},{'D2'},{'D5'},{'D7'},{'R3'},{'D1'},{'R2'},{'R1'},&,1.0,&
{'D4'},{'D3'},{'D6'},{'D2'},{'D5'},{'D7'},{'D1'},{'R1'},{'R3'},{'R2'},&,1.0,&
{'D4'},{'D3'},{'D6'},{'D2'},{'D5'},{'D7'},{'D1'},{'R2'},{'R3'},{'R1'},&,1.0,&
{'D4'},{'D3'},{'D6'},{'D2'},{'D5'},{'D7'},{'D1'},{'R2'},{'R1'},{'R3'},&,2.0,&
{'D4'},{'D3'},{'D6'},{'D2'},{'D5'},{'D7'},{'D1'},{'R3'},{'R2'},{'R1'},&,1.0,&
{'D4'},{'D3'},{'D6'},{'D2'},{'D5'},{'D7'},{'D1'},{'R3'},{'R1'},{'R2'},&,1.0,&
{'D4'},{'D3'},{'D6'},{'D2'},{'D5'},{'D1'},{'R3'},{'D7'},{'R1'},{'R2'},&,2.0,&
{'D4'},{'D3'},{'D6'},{'D2'},{'D5'},{'D1'},{'D7'},{'R1'},{'R3'},{'R2'},&,1.0,&
{'D4'},{'D3'},{'D6'},{'D2'},{'D5'},{'D1'},{'D7'},{'R3'},{'R2'},{'R1'},&,2.0,&
{'D4'},{'D3'},{'D6'},{'D2'},{'D5'},{'D1'},{'D7'},{'R3'},{'R1'},{'R2'},&,1.0,&
{'D4'},{'D3'},{'D6'},{'D2'},{'D5'},{'D1'},{'R1'},{'D7'},{'R2'},{'R3'},&,1.0,&
{'D4'},{'D3'},{'D6'},{'D2'},{'D5'},{'D1'},{'R1'},{'D7'},{'R3'},{'R2'},&,1.0,&
{'D4'},{'D3'},{'D6'},{'D2'},{'D5'},{'R1'},{'R3'},{'D1'},{'D7'},{'R2'},&,1.0,&
{'D4'},{'D3'},{'D6'},{'D2'},{'D5'},{'R3'},{'D1'},{'D7'},{'R1'},{'R2'},&,1.0,&
{'D4'},{'D3'},{'D6'},{'D2'},{'R1'},{'D5'},{'D1'},{'D7'},{'R3'},{'R2'},&,1.0,&
{'D4'},{'D3'},{'D6'},{'D5'},{'D1'},{'D7'},{'R3'},{'D2'},{'R2'},{'R1'},&,1.0,&
{'D4'},{'D3'},{'D6'},{'D5'},{'D1'},{'D7'},{'R3'},{'D2'},{'R1'},{'R2'},&,1.0,&
{'D4'},{'D3'},{'D6'},{'D5'},{'D1'},{'D7'},{'D2'},{'R1'},{'R3'},{'R2'},&,5.0,&
{'D4'},{'D3'},{'D6'},{'D5'},{'D1'},{'D7'},{'D2'},{'R2'},{'R3'},{'R1'},&,2.0,&
{'D4'},{'D3'},{'D6'},{'D5'},{'D1'},{'D7'},{'D2'},{'R2'},{'R1'},{'R3'},&,2.0,&
{'D4'},{'D3'},{'D6'},{'D5'},{'D1'},{'D7'},{'D2'},{'R3'},{'R2'},{'R1'},&,5.0,&
{'D4'},{'D3'},{'D6'},{'D5'},{'D1'},{'D7'},{'D2'},{'R3'},{'R1'},{'R2'},&,4.0,&
{'D4'},{'D3'},{'D6'},{'D5'},{'D1'},{'D7'},{'R2'},{'D2'},{'R1'},{'R3'},&,2.0,&
{'D4'},{'D3'},{'D6'},{'D5'},{'D1'},{'D7'},{'R1'},{'D2'},{'R3'},{'R2'},&,2.0,&
{'D4'},{'D3'},{'D6'},{'D5'},{'D1'},{'D2'},{'R3'},{'D7'},{'R2'},{'R1'},&,3.0,&
{'D4'},{'D3'},{'D6'},{'D5'},{'D1'},{'D2'},{'R3'},{'D7'},{'R1'},{'R2'},&,2.0,&
{'D4'},{'D3'},{'D6'},{'D5'},{'D1'},{'D2'},{'D7'},{'R1'},{'R3'},{'R2'},&,3.0,&
{'D4'},{'D3'},{'D6'},{'D5'},{'D1'},{'D2'},{'D7'},{'R2'},{'R3'},{'R1'},&,1.0,&
{'D4'},{'D3'},{'D6'},{'D5'},{'D1'},{'D2'},{'D7'},{'R2'},{'R1'},{'R3'},&,2.0,&
{'D4'},{'D3'},{'D6'},{'D5'},{'D1'},{'D2'},{'D7'},{'R3'},{'R2'},{'R1'},&,1.0,&
{'D4'},{'D3'},{'D6'},{'D5'},{'D1'},{'D2'},{'D7'},{'R3'},{'R1'},{'R2'},&,3.0,&
{'D4'},{'D3'},{'D6'},{'D5'},{'D1'},{'R1'},{'D7'},{'D2'},{'R2'},{'R3'},&,1.0,&
{'D4'},{'D3'},{'D6'},{'D5'},{'D1'},{'R3'},{'D7'},{'D2'},{'R1'},{'R2'},&,1.0,&
{'D4'},{'D3'},{'D6'},{'D5'},{'D7'},{'D1'},{'R3'},{'D2'},{'R2'},{'R1'},&,3.0,&
{'D4'},{'D3'},{'D6'},{'D5'},{'D7'},{'D1'},{'R3'},{'R2'},{'R1'},{'D2'},&,1.0,&
{'D4'},{'D3'},{'D6'},{'D5'},{'D7'},{'D1'},{'D2'},{'R1'},{'R2'},{'R3'},&,4.0,&
{'D4'},{'D3'},{'D6'},{'D5'},{'D7'},{'D1'},{'D2'},{'R1'},{'R3'},{'R2'},&,4.0,&
{'D4'},{'D3'},{'D6'},{'D5'},{'D7'},{'D1'},{'D2'},{'R2'},{'R3'},{'R1'},&,7.0,&
{'D4'},{'D3'},{'D6'},{'D5'},{'D7'},{'D1'},{'D2'},{'R2'},{'R1'},{'R3'},&,1.0,&
{'D4'},{'D3'},{'D6'},{'D5'},{'D7'},{'D1'},{'D2'},{'R3'},{'R2'},{'R1'},&,8.0,&
{'D4'},{'D3'},{'D6'},{'D5'},{'D7'},{'D1'},{'D2'},{'R3'},{'R1'},{'R2'},&,12.0,&
{'D4'},{'D3'},{'D6'},{'D5'},{'D7'},{'D1'},{'R2'},{'D2'},{'R3'},{'R1'},&,1.0,&
{'D4'},{'D3'},{'D6'},{'D5'},{'D7'},{'D1'},{'R2'},{'D2'},{'R1'},{'R3'},&,2.0,&
{'D4'},{'D3'},{'D6'},{'D5'},{'D7'},{'D1'},{'R1'},{'D2'},{'R2'},{'R3'},&,1.0,&
{'D4'},{'D3'},{'D6'},{'D5'},{'D7'},{'D1'},{'R1'},{'R3'},{'D2'},{'R2'},&,1.0,&
{'D4'},{'D3'},{'D6'},{'D5'},{'D7'},{'D2'},{'R3'},{'R1'},{'R2'},{'D1'},&,1.0,&
{'D4'},{'D3'},{'D6'},{'D5'},{'D7'},{'D2'},{'R3'},{'R2'},{'D1'},{'R1'},&,1.0,&
{'D4'},{'D3'},{'D6'},{'D5'},{'D7'},{'D2'},{'R3'},{'D1'},{'R2'},{'R1'},&,4.0,&
{'D4'},{'D3'},{'D6'},{'D5'},{'D7'},{'D2'},{'R3'},{'D1'},{'R1'},{'R2'},&,6.0,&
{'D4'},{'D3'},{'D6'},{'D5'},{'D7'},{'D2'},{'D1'},{'R1'},{'R2'},{'R3'},&,4.0,&
{'D4'},{'D3'},{'D6'},{'D5'},{'D7'},{'D2'},{'D1'},{'R1'},{'R3'},{'R2'},&,5.0,&
{'D4'},{'D3'},{'D6'},{'D5'},{'D7'},{'D2'},{'D1'},{'R2'},{'R3'},{'R1'},&,4.0,&
{'D4'},{'D3'},{'D6'},{'D5'},{'D7'},{'D2'},{'D1'},{'R2'},{'R1'},{'R3'},&,3.0,&
{'D4'},{'D3'},{'D6'},{'D5'},{'D7'},{'D2'},{'D1'},{'R3'},{'R2'},{'R1'},&,10.0,&
{'D4'},{'D3'},{'D6'},{'D5'},{'D7'},{'D2'},{'D1'},{'R3'},{'R1'},{'R2'},&,6.0,&
{'D4'},{'D3'},{'D6'},{'D5'},{'D7'},{'D2'},{'R2'},{'D1'},{'R3'},{'R1'},&,1.0,&
{'D4'},{'D3'},{'D6'},{'D5'},{'D7'},{'D2'},{'R1'},{'R3'},{'D1'},{'R2'},&,1.0,&
{'D4'},{'D3'},{'D6'},{'D5'},{'D7'},{'R3'},{'D2'},{'D1'},{'R2'},{'R1'},&,1.0,&
{'D4'},{'D3'},{'D6'},{'D5'},{'D7'},{'R3'},{'D2'},{'D1'},{'R1'},{'R2'},&,1.0,&
{'D4'},{'D3'},{'D6'},{'D5'},{'D7'},{'R3'},{'D1'},{'R2'},{'R1'},{'D2'},&,1.0,&
{'D4'},{'D3'},{'D6'},{'D5'},{'D2'},{'D7'},{'R3'},{'R1'},{'R2'},{'D1'},&,1.0,&
{'D4'},{'D3'},{'D6'},{'D5'},{'D2'},{'D7'},{'R3'},{'D1'},{'R2'},{'R1'},&,1.0,&
{'D4'},{'D3'},{'D6'},{'D5'},{'D2'},{'D7'},{'D1'},{'R1'},{'R3'},{'R2'},&,1.0,&
{'D4'},{'D3'},{'D6'},{'D5'},{'D2'},{'D7'},{'D1'},{'R2'},{'R3'},{'R1'},&,1.0,&
{'D4'},{'D3'},{'D6'},{'D5'},{'D2'},{'D7'},{'D1'},{'R3'},{'R2'},{'R1'},&,7.0,&
{'D4'},{'D3'},{'D6'},{'D5'},{'D2'},{'D7'},{'D1'},{'R3'},{'R1'},{'R2'},&,7.0,&
{'D4'},{'D3'},{'D6'},{'D5'},{'D2'},{'D7'},{'R2'},{'D1'},{'R3'},{'R1'},&,2.0,&
{'D4'},{'D3'},{'D6'},{'D5'},{'D2'},{'D7'},{'R1'},{'R3'},{'R2'},{'D1'},&,1.0,&
{'D4'},{'D3'},{'D6'},{'D5'},{'D2'},{'D7'},{'R1'},{'D1'},{'R3'},{'R2'},&,1.0,&
{'D4'},{'D3'},{'D6'},{'D5'},{'D2'},{'D1'},{'R3'},{'D7'},{'R2'},{'R1'},&,1.0,&
{'D4'},{'D3'},{'D6'},{'D5'},{'D2'},{'D1'},{'R3'},{'D7'},{'R1'},{'R2'},&,1.0,&
{'D4'},{'D3'},{'D6'},{'D5'},{'D2'},{'D1'},{'R2'},{'D7'},{'R1'},{'R3'},&,1.0,&
{'D4'},{'D3'},{'D6'},{'D5'},{'D2'},{'D1'},{'D7'},{'R3'},{'R1'},{'R2'},&,1.0,&
{'D4'},{'D3'},{'D6'},{'D5'},{'D2'},{'R3'},{'D7'},{'R2'},{'R1'},{'D1'},&,1.0,&
{'D4'},{'D3'},{'D6'},{'D5'},{'D2'},{'R3'},{'D7'},{'D1'},{'R2'},{'R1'},&,1.0,&
{'D4'},{'D3'},{'D6'},{'D5'},{'D2'},{'R3'},{'D7'},{'D1'},{'R1'},{'R2'},&,1.0,&
{'D4'},{'D3'},{'D6'},{'D5'},{'R3'},{'D7'},{'D2'},{'D1'},{'R1'},{'R2'},&,1.0,&
{'D4'},{'D3'},{'D6'},{'D5'},{'R3'},{'D7'},{'D1'},{'D2'},{'R1'},{'R2'},&,1.0,&
{'D4'},{'D3'},{'D6'},{'D5'},{'R3'},{'D2'},{'D1'},{'D7'},{'R1'},{'R2'},&,1.0,&
{'D4'},{'D3'},{'D6'},{'D5'},{'R2'},{'D2'},{'D1'},{'R1'},{'R3'},{'D7'},&,1.0,&
{'D4'},{'D3'},{'D6'},{'R3'},{'D7'},{'D5'},{'D1'},{'D2'},{'R1'},{'R2'},&,1.0,&
{'D4'},{'D3'},{'D1'},{'D7'},{'D2'},{'D6'},{'D5'},{'R2'},{'R3'},{'R1'},&,1.0,&
{'D4'},{'D3'},{'D1'},{'D7'},{'D2'},{'D6'},{'D5'},{'R2'},{'R1'},{'R3'},&,1.0,&
{'D4'},{'D3'},{'D1'},{'D7'},{'D6'},{'D5'},{'R3'},{'R2'},{'D2'},{'R1'},&,1.0,&
{'D4'},{'D3'},{'D1'},{'D7'},{'D6'},{'D5'},{'D2'},{'R1'},{'R3'},{'R2'},&,1.0,&
{'D4'},{'D3'},{'D1'},{'D7'},{'D5'},{'D6'},{'D2'},{'R2'},{'R3'},{'R1'},&,1.0,&
{'D4'},{'D3'},{'D1'},{'D7'},{'D5'},{'D6'},{'D2'},{'R3'},{'R2'},{'R1'},&,1.0,&
{'D4'},{'D3'},{'D1'},{'D2'},{'D7'},{'D5'},{'D6'},{'R1'},{'R3'},{'R2'},&,2.0,&
{'D4'},{'D3'},{'D1'},{'D2'},{'D7'},{'D5'},{'R1'},{'R2'},{'D6'},{'R3'},&,1.0,&
{'D4'},{'D3'},{'D1'},{'D2'},{'D6'},{'D5'},{'R3'},{'D7'},{'R1'},{'R2'},&,1.0,&
{'D4'},{'D3'},{'D1'},{'D2'},{'D5'},{'D6'},{'D7'},{'R1'},{'R2'},{'R3'},&,1.0,&
{'D4'},{'D3'},{'D1'},{'D5'},{'D7'},{'D6'},{'D2'},{'R1'},{'R2'},{'R3'},&,1.0,&
{'D4'},{'D3'},{'D1'},{'D5'},{'D7'},{'D6'},{'D2'},{'R1'},{'R3'},{'R2'},&,2.0,&
{'D4'},{'D3'},{'D1'},{'D5'},{'D7'},{'D6'},{'D2'},{'R2'},{'R3'},{'R1'},&,2.0,&
{'D4'},{'D3'},{'D1'},{'D5'},{'D7'},{'D6'},{'D2'},{'R3'},{'R1'},{'R2'},&,2.0,&
{'D4'},{'D3'},{'D1'},{'D5'},{'D7'},{'D6'},{'R2'},{'D2'},{'R3'},{'R1'},&,3.0,&
{'D4'},{'D3'},{'D1'},{'D5'},{'D7'},{'D2'},{'D6'},{'R2'},{'R3'},{'R1'},&,1.0,&
{'D4'},{'D3'},{'D1'},{'D5'},{'D7'},{'D2'},{'D6'},{'R3'},{'R2'},{'R1'},&,1.0,&
{'D4'},{'D3'},{'D1'},{'D5'},{'D7'},{'R3'},{'D6'},{'D2'},{'R1'},{'R2'},&,1.0,&
{'D4'},{'D3'},{'D1'},{'D5'},{'D7'},{'R3'},{'D6'},{'R1'},{'D2'},{'R2'},&,1.0,&
{'D4'},{'D3'},{'D1'},{'D5'},{'D2'},{'D6'},{'D7'},{'R3'},{'R1'},{'R2'},&,1.0,&
{'D4'},{'D3'},{'D1'},{'D5'},{'D2'},{'D7'},{'D6'},{'R3'},{'R2'},{'R1'},&,1.0,&
{'D4'},{'D3'},{'D1'},{'D5'},{'D2'},{'D7'},{'D6'},{'R3'},{'R1'},{'R2'},&,1.0,&
{'D4'},{'D3'},{'D1'},{'D5'},{'D6'},{'D7'},{'R3'},{'D2'},{'R2'},{'R1'},&,2.0,&
{'D4'},{'D3'},{'D1'},{'D5'},{'D6'},{'D7'},{'R3'},{'D2'},{'R1'},{'R2'},&,1.0,&
{'D4'},{'D3'},{'D1'},{'D5'},{'D6'},{'D7'},{'D2'},{'R1'},{'R3'},{'R2'},&,3.0,&
{'D4'},{'D3'},{'D1'},{'D5'},{'D6'},{'D7'},{'D2'},{'R2'},{'R3'},{'R1'},&,2.0,&
{'D4'},{'D3'},{'D1'},{'D5'},{'D6'},{'D7'},{'D2'},{'R3'},{'R2'},{'R1'},&,2.0,&
{'D4'},{'D3'},{'D1'},{'D5'},{'D6'},{'D7'},{'D2'},{'R3'},{'R1'},{'R2'},&,3.0,&
{'D4'},{'D3'},{'D1'},{'D5'},{'D6'},{'D7'},{'R2'},{'D2'},{'R3'},{'R1'},&,1.0,&
{'D4'},{'D3'},{'D1'},{'D5'},{'D6'},{'D2'},{'R3'},{'D7'},{'R1'},{'R2'},&,3.0,&
{'D4'},{'D3'},{'D1'},{'D5'},{'D6'},{'D2'},{'D7'},{'R3'},{'R2'},{'R1'},&,7.0,&
{'D4'},{'D3'},{'D1'},{'D5'},{'D6'},{'D2'},{'D7'},{'R3'},{'R1'},{'R2'},&,1.0,&
{'D4'},{'D3'},{'D1'},{'D5'},{'D6'},{'D2'},{'R1'},{'R3'},{'D7'},{'R2'},&,1.0,&
{'D4'},{'D3'},{'D1'},{'D6'},{'D7'},{'D5'},{'D2'},{'R1'},{'R3'},{'R2'},&,2.0,&
{'D4'},{'D3'},{'D1'},{'D6'},{'D7'},{'D5'},{'D2'},{'R3'},{'R2'},{'R1'},&,1.0,&
{'D4'},{'D3'},{'D1'},{'D6'},{'D7'},{'D5'},{'D2'},{'R3'},{'R1'},{'R2'},&,1.0,&
{'D4'},{'D3'},{'D1'},{'D6'},{'D7'},{'R3'},{'D5'},{'D2'},{'R1'},{'R2'},&,1.0,&
{'D4'},{'D3'},{'D1'},{'D6'},{'D2'},{'D7'},{'D5'},{'R3'},{'R1'},{'R2'},&,1.0,&
{'D4'},{'D3'},{'D1'},{'D6'},{'D2'},{'D5'},{'D7'},{'R3'},{'R1'},{'R2'},&,1.0,&
{'D4'},{'D3'},{'D1'},{'D6'},{'D2'},{'R3'},{'D5'},{'D7'},{'R2'},{'R1'},&,1.0,&
{'D4'},{'D3'},{'D1'},{'D6'},{'D5'},{'D7'},{'R3'},{'D2'},{'R1'},{'R2'},&,1.0,&
{'D4'},{'D3'},{'D1'},{'D6'},{'D5'},{'D7'},{'R3'},{'R1'},{'D2'},{'R2'},&,1.0,&
{'D4'},{'D3'},{'D1'},{'D6'},{'D5'},{'D7'},{'D2'},{'R3'},{'R2'},{'R1'},&,1.0,&
{'D4'},{'D3'},{'D1'},{'D6'},{'D5'},{'D7'},{'D2'},{'R3'},{'R1'},{'R2'},&,5.0,&
{'D4'},{'D3'},{'D1'},{'D6'},{'D5'},{'D2'},{'R3'},{'R1'},{'D7'},{'R2'},&,1.0,&
{'D4'},{'D3'},{'D1'},{'D6'},{'D5'},{'D2'},{'D7'},{'R1'},{'R3'},{'R2'},&,2.0,&
{'D4'},{'D3'},{'D1'},{'D6'},{'D5'},{'D2'},{'D7'},{'R2'},{'R3'},{'R1'},&,1.0,&
{'D4'},{'D3'},{'D1'},{'D6'},{'D5'},{'D2'},{'D7'},{'R2'},{'R1'},{'R3'},&,1.0,&
{'D4'},{'D3'},{'D1'},{'D6'},{'D5'},{'D2'},{'R1'},{'D7'},{'R2'},{'R3'},&,1.0,&
{'D4'},{'D3'},{'D1'},{'D6'},{'D5'},{'R2'},{'D2'},{'R3'},{'R1'},{'D7'},&,1.0,&
{'D4'},{'D3'},{'D7'},{'D1'},{'D2'},{'D6'},{'R1'},{'R3'},{'D5'},{'R2'},&,1.0,&
{'D4'},{'D3'},{'D7'},{'D1'},{'D2'},{'D6'},{'D5'},{'R3'},{'R1'},{'R2'},&,1.0,&
{'D4'},{'D3'},{'D7'},{'D1'},{'D6'},{'D5'},{'D2'},{'R2'},{'R1'},{'R3'},&,1.0,&
{'D4'},{'D3'},{'D7'},{'D1'},{'D6'},{'D5'},{'D2'},{'R3'},{'R2'},{'R1'},&,1.0,&
{'D4'},{'D3'},{'D7'},{'D1'},{'D6'},{'R2'},{'D5'},{'D2'},{'R3'},{'R1'},&,1.0,&
{'D4'},{'D3'},{'D7'},{'D1'},{'D5'},{'D6'},{'R3'},{'D2'},{'R2'},{'R1'},&,1.0,&
{'D4'},{'D3'},{'D7'},{'D1'},{'D5'},{'D6'},{'R3'},{'D2'},{'R1'},{'R2'},&,1.0,&
{'D4'},{'D3'},{'D7'},{'D1'},{'D5'},{'D6'},{'R3'},{'R1'},{'D2'},{'R2'},&,1.0,&
{'D4'},{'D3'},{'D7'},{'D1'},{'D5'},{'D6'},{'D2'},{'R1'},{'R3'},{'R2'},&,1.0,&
{'D4'},{'D3'},{'D7'},{'D1'},{'D5'},{'D6'},{'D2'},{'R2'},{'R3'},{'R1'},&,1.0,&
{'D4'},{'D3'},{'D7'},{'D1'},{'D5'},{'D6'},{'D2'},{'R3'},{'R2'},{'R1'},&,1.0,&
{'D4'},{'D3'},{'D7'},{'D1'},{'D5'},{'D6'},{'D2'},{'R3'},{'R1'},{'R2'},&,1.0,&
{'D4'},{'D3'},{'D7'},{'D1'},{'D5'},{'D6'},{'R2'},{'D2'},{'R1'},{'R3'},&,1.0,&
{'D4'},{'D3'},{'D7'},{'D1'},{'D5'},{'D6'},{'R1'},{'D2'},{'R2'},{'R3'},&,1.0,&
{'D4'},{'D3'},{'D7'},{'D2'},{'D1'},{'D5'},{'D6'},{'R2'},{'R3'},{'R1'},&,1.0,&
{'D4'},{'D3'},{'D7'},{'D2'},{'D6'},{'D1'},{'D5'},{'R3'},{'R2'},{'R1'},&,1.0,&
{'D4'},{'D3'},{'D7'},{'D2'},{'D6'},{'D5'},{'R3'},{'D1'},{'R1'},{'R2'},&,1.0,&
{'D4'},{'D3'},{'D7'},{'D2'},{'D6'},{'D5'},{'D1'},{'R3'},{'R1'},{'R2'},&,1.0,&
{'D4'},{'D3'},{'D7'},{'D2'},{'D5'},{'D6'},{'D1'},{'R2'},{'R3'},{'R1'},&,1.0,&
{'D4'},{'D3'},{'D7'},{'D5'},{'D1'},{'D6'},{'R3'},{'D2'},{'R2'},{'R1'},&,1.0,&
{'D4'},{'D3'},{'D7'},{'D5'},{'D1'},{'D6'},{'D2'},{'R1'},{'R2'},{'R3'},&,1.0,&
{'D4'},{'D3'},{'D7'},{'D5'},{'D1'},{'D6'},{'D2'},{'R1'},{'R3'},{'R2'},&,3.0,&
{'D4'},{'D3'},{'D7'},{'D5'},{'D1'},{'D6'},{'D2'},{'R3'},{'R2'},{'R1'},&,2.0,&
{'D4'},{'D3'},{'D7'},{'D5'},{'D1'},{'D6'},{'D2'},{'R3'},{'R1'},{'R2'},&,1.0,&
{'D4'},{'D3'},{'D7'},{'D5'},{'D1'},{'D6'},{'R1'},{'D2'},{'R3'},{'R2'},&,1.0,&
{'D4'},{'D3'},{'D7'},{'D5'},{'D1'},{'D2'},{'R1'},{'D6'},{'R3'},{'R2'},&,1.0,&
{'D4'},{'D3'},{'D7'},{'D5'},{'D2'},{'D6'},{'R3'},{'D1'},{'R1'},{'R2'},&,2.0,&
{'D4'},{'D3'},{'D7'},{'D5'},{'D2'},{'D6'},{'D1'},{'R1'},{'R2'},{'R3'},&,1.0,&
{'D4'},{'D3'},{'D7'},{'D5'},{'D2'},{'D6'},{'D1'},{'R1'},{'R3'},{'R2'},&,1.0,&
{'D4'},{'D3'},{'D7'},{'D5'},{'D2'},{'D6'},{'D1'},{'R2'},{'R3'},{'R1'},&,2.0,&
{'D4'},{'D3'},{'D7'},{'D5'},{'D2'},{'D6'},{'D1'},{'R3'},{'R2'},{'R1'},&,1.0,&
{'D4'},{'D3'},{'D7'},{'D5'},{'D2'},{'D6'},{'D1'},{'R3'},{'R1'},{'R2'},&,3.0,&
{'D4'},{'D3'},{'D7'},{'D5'},{'D2'},{'D6'},{'R2'},{'R1'},{'D1'},{'R3'},&,1.0,&
{'D4'},{'D3'},{'D7'},{'D5'},{'D2'},{'D1'},{'D6'},{'R3'},{'R2'},{'R1'},&,2.0,&
{'D4'},{'D3'},{'D7'},{'D5'},{'D2'},{'R3'},{'D6'},{'D1'},{'R2'},{'R1'},&,1.0,&
{'D4'},{'D3'},{'D7'},{'D5'},{'D2'},{'R3'},{'D6'},{'D1'},{'R1'},{'R2'},&,1.0,&
{'D4'},{'D3'},{'D7'},{'D5'},{'D6'},{'D1'},{'R3'},{'D2'},{'R2'},{'R1'},&,1.0,&
{'D4'},{'D3'},{'D7'},{'D5'},{'D6'},{'D1'},{'R3'},{'D2'},{'R1'},{'R2'},&,2.0,&
{'D4'},{'D3'},{'D7'},{'D5'},{'D6'},{'D1'},{'D2'},{'R1'},{'R3'},{'R2'},&,5.0,&
{'D4'},{'D3'},{'D7'},{'D5'},{'D6'},{'D1'},{'D2'},{'R2'},{'R3'},{'R1'},&,1.0,&
{'D4'},{'D3'},{'D7'},{'D5'},{'D6'},{'D1'},{'D2'},{'R3'},{'R2'},{'R1'},&,4.0,&
{'D4'},{'D3'},{'D7'},{'D5'},{'D6'},{'D1'},{'D2'},{'R3'},{'R1'},{'R2'},&,4.0,&
{'D4'},{'D3'},{'D7'},{'D5'},{'D6'},{'D1'},{'R1'},{'D2'},{'R2'},{'R3'},&,1.0,&
{'D4'},{'D3'},{'D7'},{'D5'},{'D6'},{'D2'},{'R3'},{'D1'},{'R2'},{'R1'},&,1.0,&
{'D4'},{'D3'},{'D7'},{'D5'},{'D6'},{'D2'},{'D1'},{'R1'},{'R3'},{'R2'},&,2.0,&
{'D4'},{'D3'},{'D7'},{'D5'},{'D6'},{'D2'},{'D1'},{'R2'},{'R3'},{'R1'},&,2.0,&
{'D4'},{'D3'},{'D7'},{'D5'},{'D6'},{'D2'},{'D1'},{'R3'},{'R2'},{'R1'},&,2.0,&
{'D4'},{'D3'},{'D7'},{'D5'},{'D6'},{'D2'},{'D1'},{'R3'},{'R1'},{'R2'},&,2.0,&
{'D4'},{'D3'},{'D7'},{'D5'},{'D6'},{'D2'},{'R2'},{'D1'},{'R3'},{'R1'},&,1.0,&
{'D4'},{'D3'},{'D7'},{'D5'},{'D6'},{'D2'},{'R1'},{'D1'},{'R2'},{'R3'},&,1.0,&
{'D4'},{'D3'},{'D7'},{'D5'},{'D6'},{'R1'},{'D1'},{'D2'},{'R2'},{'R3'},&,1.0,&
{'D4'},{'D3'},{'D7'},{'D6'},{'D1'},{'D2'},{'D5'},{'R2'},{'R3'},{'R1'},&,1.0,&
{'D4'},{'D3'},{'D7'},{'D6'},{'D1'},{'D5'},{'R1'},{'R3'},{'D2'},{'R2'},&,1.0,&
{'D4'},{'D3'},{'D7'},{'D6'},{'D5'},{'D1'},{'R3'},{'R1'},{'D2'},{'R2'},&,1.0,&
{'D4'},{'D3'},{'D7'},{'D6'},{'D5'},{'D1'},{'R3'},{'R2'},{'D2'},{'R1'},&,1.0,&
{'D4'},{'D3'},{'D7'},{'D6'},{'D5'},{'D1'},{'D2'},{'R1'},{'R3'},{'R2'},&,2.0,&
{'D4'},{'D3'},{'D7'},{'D6'},{'D5'},{'D1'},{'D2'},{'R2'},{'R1'},{'R3'},&,1.0,&
{'D4'},{'D3'},{'D7'},{'D6'},{'D5'},{'D1'},{'D2'},{'R3'},{'R2'},{'R1'},&,5.0,&
{'D4'},{'D3'},{'D7'},{'D6'},{'D5'},{'D1'},{'D2'},{'R3'},{'R1'},{'R2'},&,1.0,&
{'D4'},{'D3'},{'D7'},{'D6'},{'D5'},{'D1'},{'R2'},{'D2'},{'R3'},{'R1'},&,1.0,&
{'D4'},{'D3'},{'D7'},{'D6'},{'D5'},{'D1'},{'R2'},{'R3'},{'D2'},{'R1'},&,1.0,&
{'D4'},{'D3'},{'D7'},{'D6'},{'D5'},{'D2'},{'R3'},{'R1'},{'R2'},{'D1'},&,1.0,&
{'D4'},{'D3'},{'D7'},{'D6'},{'D5'},{'D2'},{'R3'},{'D1'},{'R1'},{'R2'},&,3.0,&
{'D4'},{'D3'},{'D7'},{'D6'},{'D5'},{'D2'},{'D1'},{'R2'},{'R3'},{'R1'},&,1.0,&
{'D4'},{'D3'},{'D7'},{'D6'},{'D5'},{'D2'},{'D1'},{'R3'},{'R1'},{'R2'},&,1.0,&
{'D4'},{'D3'},{'D7'},{'D6'},{'D5'},{'D2'},{'R1'},{'D1'},{'R3'},{'R2'},&,1.0,&
{'D4'},{'D3'},{'D7'},{'D6'},{'D5'},{'R1'},{'D1'},{'D2'},{'R3'},{'R2'},&,1.0,&
{'D4'},{'D3'},{'D7'},{'R3'},{'D6'},{'D5'},{'D2'},{'D1'},{'R1'},{'R2'},&,1.0,&
{'D4'},{'D3'},{'D2'},{'D7'},{'D6'},{'D5'},{'R3'},{'R2'},{'D1'},{'R1'},&,1.0,&
{'D4'},{'D3'},{'D2'},{'D7'},{'D6'},{'D5'},{'D1'},{'R3'},{'R2'},{'R1'},&,2.0,&
{'D4'},{'D3'},{'D2'},{'D7'},{'D5'},{'D6'},{'D1'},{'R1'},{'R3'},{'R2'},&,2.0,&
{'D4'},{'D3'},{'D2'},{'D7'},{'D5'},{'D6'},{'D1'},{'R3'},{'R2'},{'R1'},&,1.0,&
{'D4'},{'D3'},{'D2'},{'D7'},{'D5'},{'D6'},{'D1'},{'R3'},{'R1'},{'R2'},&,1.0,&
{'D4'},{'D3'},{'D2'},{'D7'},{'D5'},{'D6'},{'R1'},{'D1'},{'R2'},{'R3'},&,1.0,&
{'D4'},{'D3'},{'D2'},{'D1'},{'D5'},{'D6'},{'D7'},{'R3'},{'R2'},{'R1'},&,1.0,&
{'D4'},{'D3'},{'D2'},{'D1'},{'D5'},{'D6'},{'D7'},{'R3'},{'R1'},{'R2'},&,1.0,&
{'D4'},{'D3'},{'D2'},{'D1'},{'D5'},{'R3'},{'D6'},{'R1'},{'D7'},{'R2'},&,1.0,&
{'D4'},{'D3'},{'D2'},{'D5'},{'D1'},{'D6'},{'R3'},{'D7'},{'R2'},{'R1'},&,1.0,&
{'D4'},{'D3'},{'D2'},{'D5'},{'D1'},{'D6'},{'R3'},{'D7'},{'R1'},{'R2'},&,1.0,&
{'D4'},{'D3'},{'D2'},{'D5'},{'D1'},{'D6'},{'D7'},{'R1'},{'R2'},{'R3'},&,1.0,&
{'D4'},{'D3'},{'D2'},{'D5'},{'D1'},{'D7'},{'R3'},{'R2'},{'D6'},{'R1'},&,1.0,&
{'D4'},{'D3'},{'D2'},{'D5'},{'D7'},{'D6'},{'D1'},{'R2'},{'R3'},{'R1'},&,1.0,&
{'D4'},{'D3'},{'D2'},{'D5'},{'D7'},{'D6'},{'D1'},{'R2'},{'R1'},{'R3'},&,1.0,&
{'D4'},{'D3'},{'D2'},{'D5'},{'D7'},{'D6'},{'D1'},{'R3'},{'R2'},{'R1'},&,1.0,&
{'D4'},{'D3'},{'D2'},{'D5'},{'D7'},{'R1'},{'D6'},{'D1'},{'R3'},{'R2'},&,1.0,&
{'D4'},{'D3'},{'D2'},{'D5'},{'D6'},{'D7'},{'R3'},{'D1'},{'R1'},{'R2'},&,1.0,&
{'D4'},{'D3'},{'D2'},{'D5'},{'D6'},{'D7'},{'D1'},{'R1'},{'R3'},{'R2'},&,1.0,&
{'D4'},{'D3'},{'D2'},{'D5'},{'D6'},{'D7'},{'D1'},{'R3'},{'R2'},{'R1'},&,3.0,&
{'D4'},{'D3'},{'D2'},{'D5'},{'D6'},{'D7'},{'D1'},{'R3'},{'R1'},{'R2'},&,2.0,&
{'D4'},{'D3'},{'D2'},{'D5'},{'D6'},{'D7'},{'R1'},{'D1'},{'R2'},{'R3'},&,1.0,&
{'D4'},{'D3'},{'D2'},{'D5'},{'D6'},{'D1'},{'R2'},{'D7'},{'R3'},{'R1'},&,2.0,&
{'D4'},{'D3'},{'D2'},{'D5'},{'D6'},{'D1'},{'D7'},{'R2'},{'R1'},{'R3'},&,1.0,&
{'D4'},{'D3'},{'D2'},{'D5'},{'D6'},{'R2'},{'D7'},{'R3'},{'D1'},{'R1'},&,1.0,&
{'D4'},{'D3'},{'D2'},{'D5'},{'D6'},{'R2'},{'D7'},{'D1'},{'R3'},{'R1'},&,1.0,&
{'D4'},{'D3'},{'D2'},{'D5'},{'D6'},{'R3'},{'D7'},{'D1'},{'R1'},{'R2'},&,1.0,&
{'D4'},{'D3'},{'D2'},{'D6'},{'D1'},{'D5'},{'D7'},{'R3'},{'R2'},{'R1'},&,1.0,&
{'D4'},{'D3'},{'D2'},{'D6'},{'D7'},{'D5'},{'R3'},{'D1'},{'R2'},{'R1'},&,1.0,&
{'D4'},{'D3'},{'D2'},{'D6'},{'D7'},{'D5'},{'R2'},{'D1'},{'R3'},{'R1'},&,1.0,&
{'D4'},{'D3'},{'D2'},{'D6'},{'D5'},{'D7'},{'R3'},{'D1'},{'R2'},{'R1'},&,1.0,&
{'D4'},{'D3'},{'D2'},{'D6'},{'D5'},{'D7'},{'D1'},{'R1'},{'R2'},{'R3'},&,2.0,&
{'D4'},{'D3'},{'D2'},{'D6'},{'D5'},{'D7'},{'D1'},{'R1'},{'R3'},{'R2'},&,1.0,&
{'D4'},{'D3'},{'D2'},{'D6'},{'D5'},{'D7'},{'D1'},{'R2'},{'R1'},{'R3'},&,1.0,&
{'D4'},{'D3'},{'D2'},{'D6'},{'D5'},{'D7'},{'D1'},{'R3'},{'R2'},{'R1'},&,3.0,&
{'D4'},{'D3'},{'D2'},{'D6'},{'D5'},{'D7'},{'D1'},{'R3'},{'R1'},{'R2'},&,3.0,&
{'D4'},{'D3'},{'D2'},{'D6'},{'D5'},{'D7'},{'R2'},{'R3'},{'D1'},{'R1'},&,1.0,&
{'D4'},{'D3'},{'D2'},{'D6'},{'D5'},{'D1'},{'R3'},{'D7'},{'R1'},{'R2'},&,1.0,&
{'D4'},{'D3'},{'D2'},{'D6'},{'D5'},{'D1'},{'D7'},{'R1'},{'R3'},{'R2'},&,1.0,&
{'D4'},{'D3'},{'D2'},{'D6'},{'D5'},{'D1'},{'D7'},{'R3'},{'R2'},{'R1'},&,1.0,&
{'D4'},{'D3'},{'D2'},{'D6'},{'D5'},{'D1'},{'R1'},{'D7'},{'R3'},{'R2'},&,1.0,&
{'D4'},{'D3'},{'D2'},{'D6'},{'R3'},{'D5'},{'R1'},{'D1'},{'R2'},{'D7'},&,1.0,&
{'D4'},{'D3'},{'R3'},{'D5'},{'D6'},{'D2'},{'D7'},{'D1'},{'R1'},{'R2'},&,1.0,&
{'D4'},{'D5'},{'D3'},{'D7'},{'D1'},{'D6'},{'D2'},{'R1'},{'R3'},{'R2'},&,3.0,&
{'D4'},{'D5'},{'D3'},{'D7'},{'D1'},{'D6'},{'D2'},{'R2'},{'R3'},{'R1'},&,2.0,&
{'D4'},{'D5'},{'D3'},{'D7'},{'D1'},{'D6'},{'D2'},{'R2'},{'R1'},{'R3'},&,1.0,&
{'D4'},{'D5'},{'D3'},{'D7'},{'D1'},{'D6'},{'D2'},{'R3'},{'R1'},{'R2'},&,3.0,&
{'D4'},{'D5'},{'D3'},{'D7'},{'D1'},{'D2'},{'D6'},{'R1'},{'R3'},{'R2'},&,3.0,&
{'D4'},{'D5'},{'D3'},{'D7'},{'D2'},{'D6'},{'R3'},{'R2'},{'D1'},{'R1'},&,1.0,&
{'D4'},{'D5'},{'D3'},{'D7'},{'D2'},{'D6'},{'D1'},{'R1'},{'R2'},{'R3'},&,2.0,&
{'D4'},{'D5'},{'D3'},{'D7'},{'D2'},{'D6'},{'D1'},{'R1'},{'R3'},{'R2'},&,2.0,&
{'D4'},{'D5'},{'D3'},{'D7'},{'D2'},{'D6'},{'D1'},{'R2'},{'R3'},{'R1'},&,4.0,&
{'D4'},{'D5'},{'D3'},{'D7'},{'D2'},{'D6'},{'D1'},{'R3'},{'R2'},{'R1'},&,3.0,&
{'D4'},{'D5'},{'D3'},{'D7'},{'D2'},{'D6'},{'R2'},{'D1'},{'R3'},{'R1'},&,1.0,&
{'D4'},{'D5'},{'D3'},{'D7'},{'D2'},{'D1'},{'D6'},{'R1'},{'R3'},{'R2'},&,1.0,&
{'D4'},{'D5'},{'D3'},{'D7'},{'D2'},{'D1'},{'D6'},{'R2'},{'R3'},{'R1'},&,1.0,&
{'D4'},{'D5'},{'D3'},{'D7'},{'D2'},{'D1'},{'D6'},{'R3'},{'R2'},{'R1'},&,1.0,&
{'D4'},{'D5'},{'D3'},{'D7'},{'D2'},{'D1'},{'D6'},{'R3'},{'R1'},{'R2'},&,3.0,&
{'D4'},{'D5'},{'D3'},{'D7'},{'D2'},{'D1'},{'R1'},{'D6'},{'R3'},{'R2'},&,1.0,&
{'D4'},{'D5'},{'D3'},{'D7'},{'D6'},{'D1'},{'R3'},{'D2'},{'R2'},{'R1'},&,2.0,&
{'D4'},{'D5'},{'D3'},{'D7'},{'D6'},{'D1'},{'R3'},{'D2'},{'R1'},{'R2'},&,5.0,&
{'D4'},{'D5'},{'D3'},{'D7'},{'D6'},{'D1'},{'R3'},{'R1'},{'D2'},{'R2'},&,1.0,&
{'D4'},{'D5'},{'D3'},{'D7'},{'D6'},{'D1'},{'R3'},{'R2'},{'D2'},{'R1'},&,1.0,&
{'D4'},{'D5'},{'D3'},{'D7'},{'D6'},{'D1'},{'D2'},{'R1'},{'R3'},{'R2'},&,6.0,&
{'D4'},{'D5'},{'D3'},{'D7'},{'D6'},{'D1'},{'D2'},{'R2'},{'R3'},{'R1'},&,4.0,&
{'D4'},{'D5'},{'D3'},{'D7'},{'D6'},{'D1'},{'D2'},{'R2'},{'R1'},{'R3'},&,2.0,&
{'D4'},{'D5'},{'D3'},{'D7'},{'D6'},{'D1'},{'D2'},{'R3'},{'R2'},{'R1'},&,7.0,&
{'D4'},{'D5'},{'D3'},{'D7'},{'D6'},{'D1'},{'D2'},{'R3'},{'R1'},{'R2'},&,12.0,&
{'D4'},{'D5'},{'D3'},{'D7'},{'D6'},{'D1'},{'R2'},{'D2'},{'R3'},{'R1'},&,1.0,&
{'D4'},{'D5'},{'D3'},{'D7'},{'D6'},{'D1'},{'R2'},{'D2'},{'R1'},{'R3'},&,2.0,&
{'D4'},{'D5'},{'D3'},{'D7'},{'D6'},{'D1'},{'R1'},{'D2'},{'R2'},{'R3'},&,2.0,&
{'D4'},{'D5'},{'D3'},{'D7'},{'D6'},{'D1'},{'R1'},{'D2'},{'R3'},{'R2'},&,2.0,&
{'D4'},{'D5'},{'D3'},{'D7'},{'D6'},{'D1'},{'R1'},{'R3'},{'D2'},{'R2'},&,1.0,&
{'D4'},{'D5'},{'D3'},{'D7'},{'D6'},{'D2'},{'R3'},{'R1'},{'D1'},{'R2'},&,3.0,&
{'D4'},{'D5'},{'D3'},{'D7'},{'D6'},{'D2'},{'R3'},{'R2'},{'D1'},{'R1'},&,1.0,&
{'D4'},{'D5'},{'D3'},{'D7'},{'D6'},{'D2'},{'R3'},{'D1'},{'R2'},{'R1'},&,1.0,&
{'D4'},{'D5'},{'D3'},{'D7'},{'D6'},{'D2'},{'R3'},{'D1'},{'R1'},{'R2'},&,2.0,&
{'D4'},{'D5'},{'D3'},{'D7'},{'D6'},{'D2'},{'D1'},{'R1'},{'R3'},{'R2'},&,4.0,&
{'D4'},{'D5'},{'D3'},{'D7'},{'D6'},{'D2'},{'D1'},{'R2'},{'R3'},{'R1'},&,5.0,&
{'D4'},{'D5'},{'D3'},{'D7'},{'D6'},{'D2'},{'D1'},{'R3'},{'R2'},{'R1'},&,8.0,&
{'D4'},{'D5'},{'D3'},{'D7'},{'D6'},{'D2'},{'D1'},{'R3'},{'R1'},{'R2'},&,12.0,&
{'D4'},{'D5'},{'D3'},{'D7'},{'D6'},{'D2'},{'R2'},{'R1'},{'D1'},{'R3'},&,1.0,&
{'D4'},{'D5'},{'D3'},{'D7'},{'D6'},{'D2'},{'R1'},{'D1'},{'R3'},{'R2'},&,1.0,&
{'D4'},{'D5'},{'D3'},{'D7'},{'D6'},{'R3'},{'D1'},{'D2'},{'R1'},{'R2'},&,1.0,&
{'D4'},{'D5'},{'D3'},{'D7'},{'D6'},{'R3'},{'D1'},{'R1'},{'D2'},{'R2'},&,1.0,&
{'D4'},{'D5'},{'D3'},{'D7'},{'R3'},{'D6'},{'D1'},{'D2'},{'R1'},{'R2'},&,1.0,&
{'D4'},{'D5'},{'D3'},{'D1'},{'D7'},{'D6'},{'R3'},{'D2'},{'R1'},{'R2'},&,1.0,&
{'D4'},{'D5'},{'D3'},{'D1'},{'D7'},{'D6'},{'D2'},{'R1'},{'R2'},{'R3'},&,1.0,&
{'D4'},{'D5'},{'D3'},{'D1'},{'D7'},{'D6'},{'D2'},{'R2'},{'R3'},{'R1'},&,3.0,&
{'D4'},{'D5'},{'D3'},{'D1'},{'D7'},{'D6'},{'D2'},{'R3'},{'R2'},{'R1'},&,5.0,&
{'D4'},{'D5'},{'D3'},{'D1'},{'D7'},{'D6'},{'D2'},{'R3'},{'R1'},{'R2'},&,4.0,&
{'D4'},{'D5'},{'D3'},{'D1'},{'D7'},{'D6'},{'R2'},{'R3'},{'D2'},{'R1'},&,1.0,&
{'D4'},{'D5'},{'D3'},{'D1'},{'D7'},{'D6'},{'R1'},{'D2'},{'R3'},{'R2'},&,1.0,&
{'D4'},{'D5'},{'D3'},{'D1'},{'D7'},{'D2'},{'R2'},{'D6'},{'R1'},{'R3'},&,2.0,&
{'D4'},{'D5'},{'D3'},{'D1'},{'D7'},{'D2'},{'D6'},{'R1'},{'R3'},{'R2'},&,1.0,&
{'D4'},{'D5'},{'D3'},{'D1'},{'D7'},{'D2'},{'D6'},{'R2'},{'R3'},{'R1'},&,1.0,&
{'D4'},{'D5'},{'D3'},{'D1'},{'D7'},{'D2'},{'D6'},{'R3'},{'R2'},{'R1'},&,1.0,&
{'D4'},{'D5'},{'D3'},{'D1'},{'D7'},{'D2'},{'D6'},{'R3'},{'R1'},{'R2'},&,2.0,&
{'D4'},{'D5'},{'D3'},{'D1'},{'D7'},{'R3'},{'D6'},{'D2'},{'R2'},{'R1'},&,1.0,&
{'D4'},{'D5'},{'D3'},{'D1'},{'D2'},{'D6'},{'D7'},{'R1'},{'R3'},{'R2'},&,2.0,&
{'D4'},{'D5'},{'D3'},{'D1'},{'D2'},{'D6'},{'D7'},{'R3'},{'R2'},{'R1'},&,2.0,&
{'D4'},{'D5'},{'D3'},{'D1'},{'D2'},{'D6'},{'D7'},{'R3'},{'R1'},{'R2'},&,2.0,&
{'D4'},{'D5'},{'D3'},{'D1'},{'D2'},{'D7'},{'D6'},{'R3'},{'R2'},{'R1'},&,4.0,&
{'D4'},{'D5'},{'D3'},{'D1'},{'D2'},{'R1'},{'D6'},{'D7'},{'R3'},{'R2'},&,1.0,&
{'D4'},{'D5'},{'D3'},{'D1'},{'D2'},{'R1'},{'D7'},{'D6'},{'R3'},{'R2'},&,1.0,&
{'D4'},{'D5'},{'D3'},{'D1'},{'D6'},{'D7'},{'R3'},{'D2'},{'R2'},{'R1'},&,1.0,&
{'D4'},{'D5'},{'D3'},{'D1'},{'D6'},{'D7'},{'R3'},{'D2'},{'R1'},{'R2'},&,2.0,&
{'D4'},{'D5'},{'D3'},{'D1'},{'D6'},{'D7'},{'R3'},{'R1'},{'D2'},{'R2'},&,1.0,&
{'D4'},{'D5'},{'D3'},{'D1'},{'D6'},{'D7'},{'R3'},{'R2'},{'D2'},{'R1'},&,1.0,&
{'D4'},{'D5'},{'D3'},{'D1'},{'D6'},{'D7'},{'D2'},{'R1'},{'R2'},{'R3'},&,1.0,&
{'D4'},{'D5'},{'D3'},{'D1'},{'D6'},{'D7'},{'D2'},{'R1'},{'R3'},{'R2'},&,5.0,&
{'D4'},{'D5'},{'D3'},{'D1'},{'D6'},{'D7'},{'D2'},{'R2'},{'R3'},{'R1'},&,2.0,&
{'D4'},{'D5'},{'D3'},{'D1'},{'D6'},{'D7'},{'D2'},{'R2'},{'R1'},{'R3'},&,1.0,&
{'D4'},{'D5'},{'D3'},{'D1'},{'D6'},{'D7'},{'D2'},{'R3'},{'R2'},{'R1'},&,6.0,&
{'D4'},{'D5'},{'D3'},{'D1'},{'D6'},{'D7'},{'D2'},{'R3'},{'R1'},{'R2'},&,8.0,&
{'D4'},{'D5'},{'D3'},{'D1'},{'D6'},{'D7'},{'R2'},{'D2'},{'R1'},{'R3'},&,1.0,&
{'D4'},{'D5'},{'D3'},{'D1'},{'D6'},{'D7'},{'R1'},{'D2'},{'R3'},{'R2'},&,2.0,&
{'D4'},{'D5'},{'D3'},{'D1'},{'D6'},{'D2'},{'R3'},{'D7'},{'R2'},{'R1'},&,1.0,&
{'D4'},{'D5'},{'D3'},{'D1'},{'D6'},{'D2'},{'R3'},{'D7'},{'R1'},{'R2'},&,2.0,&
{'D4'},{'D5'},{'D3'},{'D1'},{'D6'},{'D2'},{'D7'},{'R1'},{'R3'},{'R2'},&,1.0,&
{'D4'},{'D5'},{'D3'},{'D1'},{'D6'},{'D2'},{'D7'},{'R2'},{'R3'},{'R1'},&,3.0,&
{'D4'},{'D5'},{'D3'},{'D1'},{'D6'},{'D2'},{'D7'},{'R2'},{'R1'},{'R3'},&,1.0,&
{'D4'},{'D5'},{'D3'},{'D1'},{'D6'},{'D2'},{'D7'},{'R3'},{'R2'},{'R1'},&,1.0,&
{'D4'},{'D5'},{'D3'},{'D1'},{'D6'},{'D2'},{'D7'},{'R3'},{'R1'},{'R2'},&,7.0,&
{'D4'},{'D5'},{'D3'},{'D1'},{'D6'},{'R3'},{'D7'},{'R1'},{'D2'},{'R2'},&,1.0,&
{'D4'},{'D5'},{'D3'},{'D2'},{'D1'},{'D6'},{'R3'},{'D7'},{'R2'},{'R1'},&,2.0,&
{'D4'},{'D5'},{'D3'},{'D2'},{'D1'},{'D6'},{'R2'},{'D7'},{'R1'},{'R3'},&,1.0,&
{'D4'},{'D5'},{'D3'},{'D2'},{'D1'},{'D6'},{'D7'},{'R1'},{'R2'},{'R3'},&,1.0,&
{'D4'},{'D5'},{'D3'},{'D2'},{'D1'},{'D6'},{'D7'},{'R1'},{'R3'},{'R2'},&,1.0,&
{'D4'},{'D5'},{'D3'},{'D2'},{'D1'},{'D6'},{'D7'},{'R3'},{'R2'},{'R1'},&,2.0,&
{'D4'},{'D5'},{'D3'},{'D2'},{'D1'},{'D6'},{'D7'},{'R3'},{'R1'},{'R2'},&,3.0,&
{'D4'},{'D5'},{'D3'},{'D2'},{'D1'},{'D7'},{'R2'},{'R3'},{'D6'},{'R1'},&,1.0,&
{'D4'},{'D5'},{'D3'},{'D2'},{'D1'},{'D7'},{'D6'},{'R3'},{'R2'},{'R1'},&,2.0,&
{'D4'},{'D5'},{'D3'},{'D2'},{'D1'},{'D7'},{'D6'},{'R3'},{'R1'},{'R2'},&,1.0,&
{'D4'},{'D5'},{'D3'},{'D2'},{'D7'},{'D6'},{'R3'},{'R1'},{'R2'},{'D1'},&,1.0,&
{'D4'},{'D5'},{'D3'},{'D2'},{'D7'},{'D6'},{'R3'},{'R1'},{'D1'},{'R2'},&,1.0,&
{'D4'},{'D5'},{'D3'},{'D2'},{'D7'},{'D6'},{'R3'},{'D1'},{'R2'},{'R1'},&,1.0,&
{'D4'},{'D5'},{'D3'},{'D2'},{'D7'},{'D6'},{'D1'},{'R1'},{'R2'},{'R3'},&,1.0,&
{'D4'},{'D5'},{'D3'},{'D2'},{'D7'},{'D6'},{'D1'},{'R1'},{'R3'},{'R2'},&,1.0,&
{'D4'},{'D5'},{'D3'},{'D2'},{'D7'},{'D6'},{'D1'},{'R2'},{'R3'},{'R1'},&,2.0,&
{'D4'},{'D5'},{'D3'},{'D2'},{'D7'},{'D6'},{'D1'},{'R2'},{'R1'},{'R3'},&,1.0,&
{'D4'},{'D5'},{'D3'},{'D2'},{'D7'},{'D6'},{'D1'},{'R3'},{'R2'},{'R1'},&,3.0,&
{'D4'},{'D5'},{'D3'},{'D2'},{'D7'},{'D6'},{'D1'},{'R3'},{'R1'},{'R2'},&,2.0,&
{'D4'},{'D5'},{'D3'},{'D2'},{'D7'},{'D6'},{'R2'},{'R3'},{'R1'},{'D1'},&,1.0,&
{'D4'},{'D5'},{'D3'},{'D2'},{'D7'},{'D6'},{'R2'},{'D1'},{'R3'},{'R1'},&,1.0,&
{'D4'},{'D5'},{'D3'},{'D2'},{'D7'},{'D1'},{'R3'},{'R2'},{'D6'},{'R1'},&,1.0,&
{'D4'},{'D5'},{'D3'},{'D2'},{'D7'},{'D1'},{'R3'},{'D6'},{'R2'},{'R1'},&,1.0,&
{'D4'},{'D5'},{'D3'},{'D2'},{'D7'},{'D1'},{'D6'},{'R1'},{'R2'},{'R3'},&,1.0,&
{'D4'},{'D5'},{'D3'},{'D2'},{'D7'},{'D1'},{'D6'},{'R3'},{'R2'},{'R1'},&,2.0,&
{'D4'},{'D5'},{'D3'},{'D2'},{'D6'},{'D7'},{'R3'},{'R1'},{'D1'},{'R2'},&,1.0,&
{'D4'},{'D5'},{'D3'},{'D2'},{'D6'},{'D7'},{'R3'},{'D1'},{'R1'},{'R2'},&,1.0,&
{'D4'},{'D5'},{'D3'},{'D2'},{'D6'},{'D7'},{'D1'},{'R1'},{'R2'},{'R3'},&,2.0,&
{'D4'},{'D5'},{'D3'},{'D2'},{'D6'},{'D7'},{'D1'},{'R1'},{'R3'},{'R2'},&,2.0,&
{'D4'},{'D5'},{'D3'},{'D2'},{'D6'},{'D7'},{'D1'},{'R2'},{'R3'},{'R1'},&,3.0,&
{'D4'},{'D5'},{'D3'},{'D2'},{'D6'},{'D7'},{'D1'},{'R2'},{'R1'},{'R3'},&,3.0,&
{'D4'},{'D5'},{'D3'},{'D2'},{'D6'},{'D7'},{'D1'},{'R3'},{'R2'},{'R1'},&,6.0,&
{'D4'},{'D5'},{'D3'},{'D2'},{'D6'},{'D7'},{'D1'},{'R3'},{'R1'},{'R2'},&,9.0,&
{'D4'},{'D5'},{'D3'},{'D2'},{'D6'},{'D7'},{'R2'},{'D1'},{'R1'},{'R3'},&,1.0,&
{'D4'},{'D5'},{'D3'},{'D2'},{'D6'},{'D7'},{'R1'},{'R3'},{'R2'},{'D1'},&,1.0,&
{'D4'},{'D5'},{'D3'},{'D2'},{'D6'},{'D7'},{'R1'},{'D1'},{'R3'},{'R2'},&,1.0,&
{'D4'},{'D5'},{'D3'},{'D2'},{'D6'},{'D1'},{'R3'},{'R2'},{'D7'},{'R1'},&,1.0,&
{'D4'},{'D5'},{'D3'},{'D2'},{'D6'},{'D1'},{'R3'},{'D7'},{'R1'},{'R2'},&,1.0,&
{'D4'},{'D5'},{'D3'},{'D2'},{'D6'},{'D1'},{'D7'},{'R1'},{'R2'},{'R3'},&,1.0,&
{'D4'},{'D5'},{'D3'},{'D2'},{'D6'},{'D1'},{'D7'},{'R2'},{'R3'},{'R1'},&,1.0,&
{'D4'},{'D5'},{'D3'},{'D2'},{'D6'},{'D1'},{'D7'},{'R2'},{'R1'},{'R3'},&,1.0,&
{'D4'},{'D5'},{'D3'},{'D2'},{'D6'},{'D1'},{'D7'},{'R3'},{'R2'},{'R1'},&,7.0,&
{'D4'},{'D5'},{'D3'},{'D2'},{'D6'},{'D1'},{'D7'},{'R3'},{'R1'},{'R2'},&,5.0,&
{'D4'},{'D5'},{'D3'},{'D2'},{'D6'},{'R2'},{'D1'},{'D7'},{'R3'},{'R1'},&,1.0,&
{'D4'},{'D5'},{'D3'},{'D2'},{'D6'},{'R2'},{'D7'},{'D1'},{'R3'},{'R1'},&,1.0,&
{'D4'},{'D5'},{'D3'},{'D2'},{'R1'},{'D1'},{'D7'},{'R2'},{'D6'},{'R3'},&,1.0,&
{'D4'},{'D5'},{'D3'},{'R1'},{'D6'},{'D7'},{'D2'},{'D1'},{'R3'},{'R2'},&,1.0,&
{'D4'},{'D5'},{'D3'},{'D6'},{'D1'},{'D7'},{'R3'},{'D2'},{'R2'},{'R1'},&,4.0,&
{'D4'},{'D5'},{'D3'},{'D6'},{'D1'},{'D7'},{'R3'},{'D2'},{'R1'},{'R2'},&,2.0,&
{'D4'},{'D5'},{'D3'},{'D6'},{'D1'},{'D7'},{'R3'},{'R1'},{'D2'},{'R2'},&,1.0,&
{'D4'},{'D5'},{'D3'},{'D6'},{'D1'},{'D7'},{'D2'},{'R1'},{'R2'},{'R3'},&,2.0,&
{'D4'},{'D5'},{'D3'},{'D6'},{'D1'},{'D7'},{'D2'},{'R1'},{'R3'},{'R2'},&,9.0,&
{'D4'},{'D5'},{'D3'},{'D6'},{'D1'},{'D7'},{'D2'},{'R2'},{'R3'},{'R1'},&,4.0,&
{'D4'},{'D5'},{'D3'},{'D6'},{'D1'},{'D7'},{'D2'},{'R2'},{'R1'},{'R3'},&,5.0,&
{'D4'},{'D5'},{'D3'},{'D6'},{'D1'},{'D7'},{'D2'},{'R3'},{'R2'},{'R1'},&,8.0,&
{'D4'},{'D5'},{'D3'},{'D6'},{'D1'},{'D7'},{'D2'},{'R3'},{'R1'},{'R2'},&,10.0,&
{'D4'},{'D5'},{'D3'},{'D6'},{'D1'},{'D7'},{'R2'},{'D2'},{'R3'},{'R1'},&,1.0,&
{'D4'},{'D5'},{'D3'},{'D6'},{'D1'},{'D7'},{'R1'},{'D2'},{'R2'},{'R3'},&,1.0,&
{'D4'},{'D5'},{'D3'},{'D6'},{'D1'},{'D7'},{'R1'},{'D2'},{'R3'},{'R2'},&,2.0,&
{'D4'},{'D5'},{'D3'},{'D6'},{'D1'},{'D2'},{'R3'},{'R2'},{'D7'},{'R1'},&,1.0,&
{'D4'},{'D5'},{'D3'},{'D6'},{'D1'},{'D2'},{'R3'},{'D7'},{'R2'},{'R1'},&,2.0,&
{'D4'},{'D5'},{'D3'},{'D6'},{'D1'},{'D2'},{'R3'},{'D7'},{'R1'},{'R2'},&,1.0,&
{'D4'},{'D5'},{'D3'},{'D6'},{'D1'},{'D2'},{'R2'},{'R3'},{'D7'},{'R1'},&,1.0,&
{'D4'},{'D5'},{'D3'},{'D6'},{'D1'},{'D2'},{'D7'},{'R1'},{'R3'},{'R2'},&,5.0,&
{'D4'},{'D5'},{'D3'},{'D6'},{'D1'},{'D2'},{'D7'},{'R2'},{'R3'},{'R1'},&,5.0,&
{'D4'},{'D5'},{'D3'},{'D6'},{'D1'},{'D2'},{'D7'},{'R2'},{'R1'},{'R3'},&,1.0,&
{'D4'},{'D5'},{'D3'},{'D6'},{'D1'},{'D2'},{'D7'},{'R3'},{'R2'},{'R1'},&,3.0,&
{'D4'},{'D5'},{'D3'},{'D6'},{'D1'},{'D2'},{'D7'},{'R3'},{'R1'},{'R2'},&,7.0,&
{'D4'},{'D5'},{'D3'},{'D6'},{'D1'},{'R3'},{'D2'},{'D7'},{'R2'},{'R1'},&,1.0,&
{'D4'},{'D5'},{'D3'},{'D6'},{'D1'},{'R3'},{'D7'},{'D2'},{'R1'},{'R2'},&,3.0,&
{'D4'},{'D5'},{'D3'},{'D6'},{'D1'},{'R3'},{'D7'},{'R1'},{'D2'},{'R2'},&,1.0,&
{'D4'},{'D5'},{'D3'},{'D6'},{'D7'},{'D1'},{'R3'},{'D2'},{'R2'},{'R1'},&,2.0,&
{'D4'},{'D5'},{'D3'},{'D6'},{'D7'},{'D1'},{'R3'},{'D2'},{'R1'},{'R2'},&,8.0,&
{'D4'},{'D5'},{'D3'},{'D6'},{'D7'},{'D1'},{'R3'},{'R1'},{'D2'},{'R2'},&,1.0,&
{'D4'},{'D5'},{'D3'},{'D6'},{'D7'},{'D1'},{'D2'},{'R1'},{'R2'},{'R3'},&,1.0,&
{'D4'},{'D5'},{'D3'},{'D6'},{'D7'},{'D1'},{'D2'},{'R1'},{'R3'},{'R2'},&,4.0,&
{'D4'},{'D5'},{'D3'},{'D6'},{'D7'},{'D1'},{'D2'},{'R2'},{'R3'},{'R1'},&,9.0,&
{'D4'},{'D5'},{'D3'},{'D6'},{'D7'},{'D1'},{'D2'},{'R2'},{'R1'},{'R3'},&,1.0,&
{'D4'},{'D5'},{'D3'},{'D6'},{'D7'},{'D1'},{'D2'},{'R3'},{'R2'},{'R1'},&,5.0,&
{'D4'},{'D5'},{'D3'},{'D6'},{'D7'},{'D1'},{'D2'},{'R3'},{'R1'},{'R2'},&,17.0,&
{'D4'},{'D5'},{'D3'},{'D6'},{'D7'},{'D1'},{'R2'},{'D2'},{'R3'},{'R1'},&,1.0,&
{'D4'},{'D5'},{'D3'},{'D6'},{'D7'},{'D1'},{'R2'},{'D2'},{'R1'},{'R3'},&,1.0,&
{'D4'},{'D5'},{'D3'},{'D6'},{'D7'},{'D1'},{'R1'},{'D2'},{'R2'},{'R3'},&,2.0,&
{'D4'},{'D5'},{'D3'},{'D6'},{'D7'},{'D1'},{'R1'},{'D2'},{'R3'},{'R2'},&,1.0,&
{'D4'},{'D5'},{'D3'},{'D6'},{'D7'},{'D2'},{'R3'},{'R1'},{'R2'},{'D1'},&,1.0,&
{'D4'},{'D5'},{'D3'},{'D6'},{'D7'},{'D2'},{'R3'},{'R2'},{'D1'},{'R1'},&,1.0,&
{'D4'},{'D5'},{'D3'},{'D6'},{'D7'},{'D2'},{'R3'},{'D1'},{'R2'},{'R1'},&,1.0,&
{'D4'},{'D5'},{'D3'},{'D6'},{'D7'},{'D2'},{'R3'},{'D1'},{'R1'},{'R2'},&,3.0,&
{'D4'},{'D5'},{'D3'},{'D6'},{'D7'},{'D2'},{'D1'},{'R1'},{'R2'},{'R3'},&,2.0,&
{'D4'},{'D5'},{'D3'},{'D6'},{'D7'},{'D2'},{'D1'},{'R1'},{'R3'},{'R2'},&,6.0,&
{'D4'},{'D5'},{'D3'},{'D6'},{'D7'},{'D2'},{'D1'},{'R2'},{'R3'},{'R1'},&,2.0,&
{'D4'},{'D5'},{'D3'},{'D6'},{'D7'},{'D2'},{'D1'},{'R2'},{'R1'},{'R3'},&,3.0,&
{'D4'},{'D5'},{'D3'},{'D6'},{'D7'},{'D2'},{'D1'},{'R3'},{'R2'},{'R1'},&,11.0,&
{'D4'},{'D5'},{'D3'},{'D6'},{'D7'},{'D2'},{'D1'},{'R3'},{'R1'},{'R2'},&,11.0,&
{'D4'},{'D5'},{'D3'},{'D6'},{'D7'},{'D2'},{'R2'},{'R3'},{'D1'},{'R1'},&,1.0,&
{'D4'},{'D5'},{'D3'},{'D6'},{'D7'},{'D2'},{'R2'},{'D1'},{'R3'},{'R1'},&,3.0,&
{'D4'},{'D5'},{'D3'},{'D6'},{'D7'},{'D2'},{'R1'},{'R3'},{'D1'},{'R2'},&,1.0,&
{'D4'},{'D5'},{'D3'},{'D6'},{'D7'},{'D2'},{'R1'},{'D1'},{'R2'},{'R3'},&,1.0,&
{'D4'},{'D5'},{'D3'},{'D6'},{'D7'},{'D2'},{'R1'},{'D1'},{'R3'},{'R2'},&,1.0,&
{'D4'},{'D5'},{'D3'},{'D6'},{'D7'},{'R2'},{'D1'},{'R3'},{'D2'},{'R1'},&,1.0,&
{'D4'},{'D5'},{'D3'},{'D6'},{'D7'},{'R1'},{'D2'},{'R3'},{'D1'},{'R2'},&,1.0,&
{'D4'},{'D5'},{'D3'},{'D6'},{'D7'},{'R1'},{'D1'},{'R3'},{'D2'},{'R2'},&,1.0,&
{'D4'},{'D5'},{'D3'},{'D6'},{'D7'},{'R1'},{'R2'},{'D2'},{'D1'},{'R3'},&,1.0,&
{'D4'},{'D5'},{'D3'},{'D6'},{'D7'},{'R3'},{'D1'},{'D2'},{'R2'},{'R1'},&,1.0,&
{'D4'},{'D5'},{'D3'},{'D6'},{'D7'},{'R3'},{'D1'},{'R2'},{'R1'},{'D2'},&,1.0,&
{'D4'},{'D5'},{'D3'},{'D6'},{'D2'},{'D7'},{'R3'},{'R2'},{'D1'},{'R1'},&,1.0,&
{'D4'},{'D5'},{'D3'},{'D6'},{'D2'},{'D7'},{'R3'},{'D1'},{'R2'},{'R1'},&,2.0,&
{'D4'},{'D5'},{'D3'},{'D6'},{'D2'},{'D7'},{'R3'},{'D1'},{'R1'},{'R2'},&,3.0,&
{'D4'},{'D5'},{'D3'},{'D6'},{'D2'},{'D7'},{'D1'},{'R1'},{'R2'},{'R3'},&,2.0,&
{'D4'},{'D5'},{'D3'},{'D6'},{'D2'},{'D7'},{'D1'},{'R1'},{'R3'},{'R2'},&,6.0,&
{'D4'},{'D5'},{'D3'},{'D6'},{'D2'},{'D7'},{'D1'},{'R2'},{'R3'},{'R1'},&,6.0,&
{'D4'},{'D5'},{'D3'},{'D6'},{'D2'},{'D7'},{'D1'},{'R2'},{'R1'},{'R3'},&,3.0,&
{'D4'},{'D5'},{'D3'},{'D6'},{'D2'},{'D7'},{'D1'},{'R3'},{'R2'},{'R1'},&,6.0,&
{'D4'},{'D5'},{'D3'},{'D6'},{'D2'},{'D7'},{'D1'},{'R3'},{'R1'},{'R2'},&,5.0,&
{'D4'},{'D5'},{'D3'},{'D6'},{'D2'},{'D7'},{'R2'},{'D1'},{'R3'},{'R1'},&,1.0,&
{'D4'},{'D5'},{'D3'},{'D6'},{'D2'},{'D7'},{'R1'},{'R3'},{'D1'},{'R2'},&,1.0,&
{'D4'},{'D5'},{'D3'},{'D6'},{'D2'},{'D7'},{'R1'},{'D1'},{'R3'},{'R2'},&,2.0,&
{'D4'},{'D5'},{'D3'},{'D6'},{'D2'},{'D1'},{'R3'},{'D7'},{'R1'},{'R2'},&,2.0,&
{'D4'},{'D5'},{'D3'},{'D6'},{'D2'},{'D1'},{'R2'},{'D7'},{'R1'},{'R3'},&,3.0,&
{'D4'},{'D5'},{'D3'},{'D6'},{'D2'},{'D1'},{'D7'},{'R1'},{'R2'},{'R3'},&,1.0,&
{'D4'},{'D5'},{'D3'},{'D6'},{'D2'},{'D1'},{'D7'},{'R1'},{'R3'},{'R2'},&,3.0,&
{'D4'},{'D5'},{'D3'},{'D6'},{'D2'},{'D1'},{'D7'},{'R2'},{'R3'},{'R1'},&,2.0,&
{'D4'},{'D5'},{'D3'},{'D6'},{'D2'},{'D1'},{'D7'},{'R2'},{'R1'},{'R3'},&,2.0,&
{'D4'},{'D5'},{'D3'},{'D6'},{'D2'},{'D1'},{'D7'},{'R3'},{'R2'},{'R1'},&,5.0,&
{'D4'},{'D5'},{'D3'},{'D6'},{'D2'},{'D1'},{'D7'},{'R3'},{'R1'},{'R2'},&,4.0,&
{'D4'},{'D5'},{'D3'},{'D6'},{'D2'},{'D1'},{'R1'},{'D7'},{'R3'},{'R2'},&,1.0,&
{'D4'},{'D5'},{'D3'},{'D6'},{'D2'},{'R2'},{'D1'},{'D7'},{'R3'},{'R1'},&,1.0,&
{'D4'},{'D5'},{'D3'},{'D6'},{'D2'},{'R2'},{'D7'},{'R3'},{'D1'},{'R1'},&,1.0,&
{'D4'},{'D5'},{'D3'},{'D6'},{'D2'},{'R1'},{'D1'},{'D7'},{'R2'},{'R3'},&,1.0,&
{'D4'},{'D5'},{'D3'},{'D6'},{'D2'},{'R3'},{'D1'},{'D7'},{'R2'},{'R1'},&,1.0,&
{'D4'},{'D5'},{'D3'},{'D6'},{'D2'},{'R3'},{'D7'},{'D1'},{'R2'},{'R1'},&,1.0,&
{'D4'},{'D5'},{'D3'},{'D6'},{'R3'},{'D7'},{'D2'},{'R1'},{'D1'},{'R2'},&,1.0,&
{'D4'},{'D5'},{'D3'},{'D6'},{'R3'},{'D7'},{'D1'},{'D2'},{'R2'},{'R1'},&,1.0,&
{'D4'},{'D5'},{'D3'},{'D6'},{'R3'},{'D7'},{'D1'},{'D2'},{'R1'},{'R2'},&,1.0,&
{'D4'},{'D5'},{'D3'},{'D6'},{'R2'},{'D7'},{'D1'},{'D2'},{'R3'},{'R1'},&,2.0,&
{'D4'},{'D5'},{'D3'},{'D6'},{'R1'},{'D2'},{'D7'},{'D1'},{'R3'},{'R2'},&,1.0,&
{'D4'},{'D5'},{'D3'},{'R3'},{'D1'},{'D6'},{'D7'},{'D2'},{'R1'},{'R2'},&,1.0,&
{'D4'},{'D5'},{'D3'},{'R3'},{'D7'},{'D6'},{'D2'},{'R1'},{'D1'},{'R2'},&,1.0,&
{'D4'},{'D5'},{'D3'},{'R3'},{'D7'},{'D1'},{'R1'},{'D2'},{'D6'},{'R2'},&,1.0,&
{'D4'},{'D5'},{'D6'},{'D7'},{'D1'},{'D2'},{'R3'},{'D3'},{'R2'},{'R1'},&,1.0,&
{'D4'},{'D5'},{'D6'},{'D7'},{'D1'},{'D2'},{'D3'},{'R2'},{'R3'},{'R1'},&,1.0,&
{'D4'},{'D5'},{'D6'},{'D7'},{'D1'},{'D2'},{'D3'},{'R3'},{'R1'},{'R2'},&,2.0,&
{'D4'},{'D5'},{'D6'},{'D7'},{'D1'},{'D3'},{'R3'},{'D2'},{'R2'},{'R1'},&,1.0,&
{'D4'},{'D5'},{'D6'},{'D7'},{'D1'},{'D3'},{'R3'},{'D2'},{'R1'},{'R2'},&,1.0,&
{'D4'},{'D5'},{'D6'},{'D7'},{'D1'},{'D3'},{'D2'},{'R1'},{'R2'},{'R3'},&,2.0,&
{'D4'},{'D5'},{'D6'},{'D7'},{'D1'},{'D3'},{'D2'},{'R1'},{'R3'},{'R2'},&,2.0,&
{'D4'},{'D5'},{'D6'},{'D7'},{'D1'},{'D3'},{'D2'},{'R2'},{'R3'},{'R1'},&,1.0,&
{'D4'},{'D5'},{'D6'},{'D7'},{'D1'},{'D3'},{'D2'},{'R3'},{'R2'},{'R1'},&,6.0,&
{'D4'},{'D5'},{'D6'},{'D7'},{'D1'},{'D3'},{'D2'},{'R3'},{'R1'},{'R2'},&,4.0,&
{'D4'},{'D5'},{'D6'},{'D7'},{'D1'},{'D3'},{'R1'},{'D2'},{'R2'},{'R3'},&,1.0,&
{'D4'},{'D5'},{'D6'},{'D7'},{'D1'},{'D3'},{'R1'},{'D2'},{'R3'},{'R2'},&,2.0,&
{'D4'},{'D5'},{'D6'},{'D7'},{'D1'},{'R2'},{'D3'},{'D2'},{'R1'},{'R3'},&,1.0,&
{'D4'},{'D5'},{'D6'},{'D7'},{'D1'},{'R3'},{'D3'},{'D2'},{'R1'},{'R2'},&,1.0,&
{'D4'},{'D5'},{'D6'},{'D7'},{'D2'},{'D1'},{'R3'},{'D3'},{'R1'},{'R2'},&,1.0,&
{'D4'},{'D5'},{'D6'},{'D7'},{'D2'},{'D1'},{'D3'},{'R3'},{'R2'},{'R1'},&,1.0,&
{'D4'},{'D5'},{'D6'},{'D7'},{'D2'},{'D1'},{'D3'},{'R3'},{'R1'},{'R2'},&,1.0,&
{'D4'},{'D5'},{'D6'},{'D7'},{'D2'},{'D3'},{'R3'},{'D1'},{'R2'},{'R1'},&,1.0,&
{'D4'},{'D5'},{'D6'},{'D7'},{'D2'},{'D3'},{'D1'},{'R1'},{'R3'},{'R2'},&,1.0,&
{'D4'},{'D5'},{'D6'},{'D7'},{'D2'},{'D3'},{'D1'},{'R2'},{'R3'},{'R1'},&,1.0,&
{'D4'},{'D5'},{'D6'},{'D7'},{'D2'},{'D3'},{'D1'},{'R2'},{'R1'},{'R3'},&,2.0,&
{'D4'},{'D5'},{'D6'},{'D7'},{'D2'},{'D3'},{'D1'},{'R3'},{'R2'},{'R1'},&,5.0,&
{'D4'},{'D5'},{'D6'},{'D7'},{'D2'},{'D3'},{'D1'},{'R3'},{'R1'},{'R2'},&,5.0,&
{'D4'},{'D5'},{'D6'},{'D7'},{'D2'},{'D3'},{'R1'},{'D1'},{'R3'},{'R2'},&,1.0,&
{'D4'},{'D5'},{'D6'},{'D7'},{'D2'},{'R2'},{'D3'},{'D1'},{'R3'},{'R1'},&,2.0,&
{'D4'},{'D5'},{'D6'},{'D7'},{'D2'},{'R3'},{'D1'},{'D3'},{'R1'},{'R2'},&,1.0,&
{'D4'},{'D5'},{'D6'},{'D7'},{'D2'},{'R3'},{'D3'},{'D1'},{'R2'},{'R1'},&,1.0,&
{'D4'},{'D5'},{'D6'},{'D7'},{'D3'},{'D1'},{'R3'},{'D2'},{'R2'},{'R1'},&,5.0,&
{'D4'},{'D5'},{'D6'},{'D7'},{'D3'},{'D1'},{'R3'},{'D2'},{'R1'},{'R2'},&,5.0,&
{'D4'},{'D5'},{'D6'},{'D7'},{'D3'},{'D1'},{'R3'},{'R2'},{'R1'},{'D2'},&,1.0,&
{'D4'},{'D5'},{'D6'},{'D7'},{'D3'},{'D1'},{'D2'},{'R1'},{'R2'},{'R3'},&,2.0,&
{'D4'},{'D5'},{'D6'},{'D7'},{'D3'},{'D1'},{'D2'},{'R1'},{'R3'},{'R2'},&,7.0,&
{'D4'},{'D5'},{'D6'},{'D7'},{'D3'},{'D1'},{'D2'},{'R2'},{'R3'},{'R1'},&,5.0,&
{'D4'},{'D5'},{'D6'},{'D7'},{'D3'},{'D1'},{'D2'},{'R2'},{'R1'},{'R3'},&,4.0,&
{'D4'},{'D5'},{'D6'},{'D7'},{'D3'},{'D1'},{'D2'},{'R3'},{'R2'},{'R1'},&,5.0,&
{'D4'},{'D5'},{'D6'},{'D7'},{'D3'},{'D1'},{'D2'},{'R3'},{'R1'},{'R2'},&,4.0,&
{'D4'},{'D5'},{'D6'},{'D7'},{'D3'},{'D1'},{'R2'},{'D2'},{'R3'},{'R1'},&,1.0,&
{'D4'},{'D5'},{'D6'},{'D7'},{'D3'},{'D1'},{'R2'},{'D2'},{'R1'},{'R3'},&,1.0,&
{'D4'},{'D5'},{'D6'},{'D7'},{'D3'},{'D1'},{'R2'},{'R3'},{'D2'},{'R1'},&,1.0,&
{'D4'},{'D5'},{'D6'},{'D7'},{'D3'},{'D1'},{'R1'},{'D2'},{'R2'},{'R3'},&,1.0,&
{'D4'},{'D5'},{'D6'},{'D7'},{'D3'},{'D1'},{'R1'},{'D2'},{'R3'},{'R2'},&,1.0,&
{'D4'},{'D5'},{'D6'},{'D7'},{'D3'},{'D2'},{'D1'},{'R1'},{'R3'},{'R2'},&,3.0,&
{'D4'},{'D5'},{'D6'},{'D7'},{'D3'},{'D2'},{'D1'},{'R2'},{'R3'},{'R1'},&,4.0,&
{'D4'},{'D5'},{'D6'},{'D7'},{'D3'},{'D2'},{'D1'},{'R2'},{'R1'},{'R3'},&,4.0,&
{'D4'},{'D5'},{'D6'},{'D7'},{'D3'},{'D2'},{'D1'},{'R3'},{'R2'},{'R1'},&,14.0,&
{'D4'},{'D5'},{'D6'},{'D7'},{'D3'},{'D2'},{'D1'},{'R3'},{'R1'},{'R2'},&,10.0,&
{'D4'},{'D5'},{'D6'},{'D7'},{'D3'},{'D2'},{'R1'},{'D1'},{'R2'},{'R3'},&,1.0,&
{'D4'},{'D5'},{'D6'},{'D7'},{'D3'},{'R1'},{'D2'},{'D1'},{'R2'},{'R3'},&,1.0,&
{'D4'},{'D5'},{'D6'},{'D7'},{'R3'},{'D3'},{'D1'},{'D2'},{'R2'},{'R1'},&,1.0,&
{'D4'},{'D5'},{'D6'},{'D7'},{'R3'},{'D3'},{'D1'},{'R1'},{'R2'},{'D2'},&,1.0,&
{'D4'},{'D5'},{'D6'},{'D7'},{'R1'},{'D3'},{'D2'},{'D1'},{'R3'},{'R2'},&,1.0,&
{'D4'},{'D5'},{'D6'},{'D1'},{'D7'},{'D2'},{'D3'},{'R3'},{'R1'},{'R2'},&,1.0,&
{'D4'},{'D5'},{'D6'},{'D1'},{'D7'},{'D2'},{'R1'},{'D3'},{'R3'},{'R2'},&,1.0,&
{'D4'},{'D5'},{'D6'},{'D1'},{'D7'},{'D3'},{'R3'},{'D2'},{'R2'},{'R1'},&,2.0,&
{'D4'},{'D5'},{'D6'},{'D1'},{'D7'},{'D3'},{'R3'},{'D2'},{'R1'},{'R2'},&,1.0,&
{'D4'},{'D5'},{'D6'},{'D1'},{'D7'},{'D3'},{'R3'},{'R1'},{'R2'},{'D2'},&,1.0,&
{'D4'},{'D5'},{'D6'},{'D1'},{'D7'},{'D3'},{'D2'},{'R2'},{'R3'},{'R1'},&,1.0,&
{'D4'},{'D5'},{'D6'},{'D1'},{'D7'},{'D3'},{'D2'},{'R2'},{'R1'},{'R3'},&,1.0,&
{'D4'},{'D5'},{'D6'},{'D1'},{'D7'},{'D3'},{'D2'},{'R3'},{'R2'},{'R1'},&,7.0,&
{'D4'},{'D5'},{'D6'},{'D1'},{'D7'},{'D3'},{'D2'},{'R3'},{'R1'},{'R2'},&,5.0,&
{'D4'},{'D5'},{'D6'},{'D1'},{'D7'},{'D3'},{'R2'},{'D2'},{'R3'},{'R1'},&,1.0,&
{'D4'},{'D5'},{'D6'},{'D1'},{'D7'},{'R2'},{'D2'},{'D3'},{'R3'},{'R1'},&,1.0,&
{'D4'},{'D5'},{'D6'},{'D1'},{'D7'},{'R2'},{'D3'},{'R3'},{'D2'},{'R1'},&,1.0,&
{'D4'},{'D5'},{'D6'},{'D1'},{'D7'},{'R1'},{'D2'},{'D3'},{'R3'},{'R2'},&,1.0,&
{'D4'},{'D5'},{'D6'},{'D1'},{'D7'},{'R1'},{'D3'},{'D2'},{'R3'},{'R2'},&,1.0,&
{'D4'},{'D5'},{'D6'},{'D1'},{'D2'},{'D7'},{'R3'},{'D3'},{'R1'},{'R2'},&,1.0,&
{'D4'},{'D5'},{'D6'},{'D1'},{'D2'},{'D7'},{'R2'},{'D3'},{'R3'},{'R1'},&,1.0,&
{'D4'},{'D5'},{'D6'},{'D1'},{'D2'},{'D7'},{'D3'},{'R2'},{'R3'},{'R1'},&,1.0,&
{'D4'},{'D5'},{'D6'},{'D1'},{'D2'},{'D7'},{'D3'},{'R3'},{'R2'},{'R1'},&,2.0,&
{'D4'},{'D5'},{'D6'},{'D1'},{'D2'},{'D7'},{'D3'},{'R3'},{'R1'},{'R2'},&,5.0,&
{'D4'},{'D5'},{'D6'},{'D1'},{'D2'},{'D3'},{'D7'},{'R3'},{'R2'},{'R1'},&,3.0,&
{'D4'},{'D5'},{'D6'},{'D1'},{'D2'},{'D3'},{'D7'},{'R3'},{'R1'},{'R2'},&,6.0,&
{'D4'},{'D5'},{'D6'},{'D1'},{'D2'},{'R3'},{'D3'},{'D7'},{'R1'},{'R2'},&,1.0,&
{'D4'},{'D5'},{'D6'},{'D1'},{'D3'},{'D7'},{'R3'},{'D2'},{'R2'},{'R1'},&,2.0,&
{'D4'},{'D5'},{'D6'},{'D1'},{'D3'},{'D7'},{'R3'},{'R1'},{'D2'},{'R2'},&,1.0,&
{'D4'},{'D5'},{'D6'},{'D1'},{'D3'},{'D7'},{'R3'},{'R2'},{'D2'},{'R1'},&,1.0,&
{'D4'},{'D5'},{'D6'},{'D1'},{'D3'},{'D7'},{'D2'},{'R1'},{'R3'},{'R2'},&,1.0,&
{'D4'},{'D5'},{'D6'},{'D1'},{'D3'},{'D7'},{'D2'},{'R2'},{'R3'},{'R1'},&,2.0,&
{'D4'},{'D5'},{'D6'},{'D1'},{'D3'},{'D7'},{'D2'},{'R3'},{'R2'},{'R1'},&,4.0,&
{'D4'},{'D5'},{'D6'},{'D1'},{'D3'},{'D7'},{'D2'},{'R3'},{'R1'},{'R2'},&,7.0,&
{'D4'},{'D5'},{'D6'},{'D1'},{'D3'},{'D7'},{'R2'},{'D2'},{'R3'},{'R1'},&,3.0,&
{'D4'},{'D5'},{'D6'},{'D1'},{'D3'},{'D7'},{'R2'},{'R3'},{'D2'},{'R1'},&,2.0,&
{'D4'},{'D5'},{'D6'},{'D1'},{'D3'},{'D7'},{'R1'},{'D2'},{'R2'},{'R3'},&,1.0,&
{'D4'},{'D5'},{'D6'},{'D1'},{'D3'},{'D7'},{'R1'},{'D2'},{'R3'},{'R2'},&,1.0,&
{'D4'},{'D5'},{'D6'},{'D1'},{'D3'},{'D2'},{'R3'},{'D7'},{'R1'},{'R2'},&,3.0,&
{'D4'},{'D5'},{'D6'},{'D1'},{'D3'},{'D2'},{'R2'},{'D7'},{'R3'},{'R1'},&,2.0,&
{'D4'},{'D5'},{'D6'},{'D1'},{'D3'},{'D2'},{'D7'},{'R1'},{'R2'},{'R3'},&,2.0,&
{'D4'},{'D5'},{'D6'},{'D1'},{'D3'},{'D2'},{'D7'},{'R1'},{'R3'},{'R2'},&,2.0,&
{'D4'},{'D5'},{'D6'},{'D1'},{'D3'},{'D2'},{'D7'},{'R2'},{'R3'},{'R1'},&,3.0,&
{'D4'},{'D5'},{'D6'},{'D1'},{'D3'},{'D2'},{'D7'},{'R3'},{'R2'},{'R1'},&,3.0,&
{'D4'},{'D5'},{'D6'},{'D1'},{'D3'},{'D2'},{'D7'},{'R3'},{'R1'},{'R2'},&,1.0,&
{'D4'},{'D5'},{'D6'},{'D1'},{'D3'},{'D2'},{'R1'},{'R3'},{'D7'},{'R2'},&,1.0,&
{'D4'},{'D5'},{'D6'},{'D1'},{'D3'},{'R1'},{'D7'},{'D2'},{'R2'},{'R3'},&,2.0,&
{'D4'},{'D5'},{'D6'},{'D1'},{'R3'},{'D3'},{'D2'},{'D7'},{'R1'},{'R2'},&,1.0,&
{'D4'},{'D5'},{'D6'},{'D2'},{'D1'},{'D7'},{'D3'},{'R1'},{'R3'},{'R2'},&,1.0,&
{'D4'},{'D5'},{'D6'},{'D2'},{'D1'},{'D7'},{'D3'},{'R2'},{'R3'},{'R1'},&,1.0,&
{'D4'},{'D5'},{'D6'},{'D2'},{'D1'},{'D7'},{'D3'},{'R3'},{'R1'},{'R2'},&,1.0,&
{'D4'},{'D5'},{'D6'},{'D2'},{'D1'},{'D3'},{'R2'},{'D7'},{'R3'},{'R1'},&,1.0,&
{'D4'},{'D5'},{'D6'},{'D2'},{'D1'},{'D3'},{'D7'},{'R1'},{'R2'},{'R3'},&,1.0,&
{'D4'},{'D5'},{'D6'},{'D2'},{'D1'},{'D3'},{'D7'},{'R1'},{'R3'},{'R2'},&,3.0,&
{'D4'},{'D5'},{'D6'},{'D2'},{'D1'},{'D3'},{'D7'},{'R2'},{'R3'},{'R1'},&,3.0,&
{'D4'},{'D5'},{'D6'},{'D2'},{'D1'},{'D3'},{'D7'},{'R3'},{'R2'},{'R1'},&,2.0,&
{'D4'},{'D5'},{'D6'},{'D2'},{'D1'},{'D3'},{'D7'},{'R3'},{'R1'},{'R2'},&,2.0,&
{'D4'},{'D5'},{'D6'},{'D2'},{'D1'},{'R3'},{'D3'},{'D7'},{'R2'},{'R1'},&,1.0,&
{'D4'},{'D5'},{'D6'},{'D2'},{'D7'},{'D1'},{'D3'},{'R1'},{'R2'},{'R3'},&,1.0,&
{'D4'},{'D5'},{'D6'},{'D2'},{'D7'},{'D1'},{'D3'},{'R2'},{'R3'},{'R1'},&,1.0,&
{'D4'},{'D5'},{'D6'},{'D2'},{'D7'},{'D1'},{'D3'},{'R3'},{'R1'},{'R2'},&,1.0,&
{'D4'},{'D5'},{'D6'},{'D2'},{'D7'},{'D1'},{'R1'},{'D3'},{'R2'},{'R3'},&,1.0,&
{'D4'},{'D5'},{'D6'},{'D2'},{'D7'},{'D3'},{'D1'},{'R1'},{'R2'},{'R3'},&,1.0,&
{'D4'},{'D5'},{'D6'},{'D2'},{'D7'},{'D3'},{'D1'},{'R1'},{'R3'},{'R2'},&,2.0,&
{'D4'},{'D5'},{'D6'},{'D2'},{'D7'},{'D3'},{'D1'},{'R2'},{'R3'},{'R1'},&,5.0,&
{'D4'},{'D5'},{'D6'},{'D2'},{'D7'},{'D3'},{'D1'},{'R3'},{'R2'},{'R1'},&,2.0,&
{'D4'},{'D5'},{'D6'},{'D2'},{'D7'},{'D3'},{'D1'},{'R3'},{'R1'},{'R2'},&,7.0,&
{'D4'},{'D5'},{'D6'},{'D2'},{'D7'},{'D3'},{'R2'},{'D1'},{'R3'},{'R1'},&,1.0,&
{'D4'},{'D5'},{'D6'},{'D2'},{'D7'},{'D3'},{'R1'},{'D1'},{'R3'},{'R2'},&,1.0,&
{'D4'},{'D5'},{'D6'},{'D2'},{'D3'},{'D7'},{'R3'},{'R2'},{'D1'},{'R1'},&,1.0,&
{'D4'},{'D5'},{'D6'},{'D2'},{'D3'},{'D7'},{'R3'},{'D1'},{'R2'},{'R1'},&,1.0,&
{'D4'},{'D5'},{'D6'},{'D2'},{'D3'},{'D7'},{'R3'},{'D1'},{'R1'},{'R2'},&,3.0,&
{'D4'},{'D5'},{'D6'},{'D2'},{'D3'},{'D7'},{'D1'},{'R1'},{'R2'},{'R3'},&,1.0,&
{'D4'},{'D5'},{'D6'},{'D2'},{'D3'},{'D7'},{'D1'},{'R2'},{'R1'},{'R3'},&,1.0,&
{'D4'},{'D5'},{'D6'},{'D2'},{'D3'},{'D7'},{'D1'},{'R3'},{'R2'},{'R1'},&,7.0,&
{'D4'},{'D5'},{'D6'},{'D2'},{'D3'},{'D7'},{'D1'},{'R3'},{'R1'},{'R2'},&,3.0,&
{'D4'},{'D5'},{'D6'},{'D2'},{'D3'},{'D1'},{'R3'},{'R1'},{'D7'},{'R2'},&,1.0,&
{'D4'},{'D5'},{'D6'},{'D2'},{'D3'},{'D1'},{'R3'},{'D7'},{'R2'},{'R1'},&,2.0,&
{'D4'},{'D5'},{'D6'},{'D2'},{'D3'},{'D1'},{'R2'},{'D7'},{'R3'},{'R1'},&,2.0,&
{'D4'},{'D5'},{'D6'},{'D2'},{'D3'},{'D1'},{'D7'},{'R2'},{'R3'},{'R1'},&,1.0,&
{'D4'},{'D5'},{'D6'},{'D2'},{'D3'},{'D1'},{'D7'},{'R3'},{'R1'},{'R2'},&,2.0,&
{'D4'},{'D5'},{'D6'},{'D2'},{'D3'},{'D1'},{'R1'},{'R3'},{'D7'},{'R2'},&,1.0,&
{'D4'},{'D5'},{'D6'},{'D2'},{'D3'},{'D1'},{'R1'},{'D7'},{'R3'},{'R2'},&,1.0,&
{'D4'},{'D5'},{'D6'},{'D2'},{'D3'},{'R2'},{'D1'},{'D7'},{'R1'},{'R3'},&,1.0,&
{'D4'},{'D5'},{'D6'},{'D2'},{'D3'},{'R2'},{'D7'},{'D1'},{'R3'},{'R1'},&,1.0,&
{'D4'},{'D5'},{'D6'},{'D2'},{'D3'},{'R1'},{'D1'},{'D7'},{'R3'},{'R2'},&,1.0,&
{'D4'},{'D5'},{'D6'},{'D2'},{'R3'},{'D7'},{'D1'},{'R2'},{'D3'},{'R1'},&,1.0,&
{'D4'},{'D5'},{'D6'},{'D2'},{'R3'},{'D3'},{'D7'},{'R1'},{'D1'},{'R2'},&,1.0,&
{'D4'},{'D5'},{'D6'},{'D3'},{'D1'},{'D7'},{'R3'},{'D2'},{'R2'},{'R1'},&,1.0,&
{'D4'},{'D5'},{'D6'},{'D3'},{'D1'},{'D7'},{'R3'},{'D2'},{'R1'},{'R2'},&,3.0,&
{'D4'},{'D5'},{'D6'},{'D3'},{'D1'},{'D7'},{'R3'},{'R1'},{'D2'},{'R2'},&,1.0,&
{'D4'},{'D5'},{'D6'},{'D3'},{'D1'},{'D7'},{'D2'},{'R1'},{'R2'},{'R3'},&,4.0,&
{'D4'},{'D5'},{'D6'},{'D3'},{'D1'},{'D7'},{'D2'},{'R1'},{'R3'},{'R2'},&,5.0,&
{'D4'},{'D5'},{'D6'},{'D3'},{'D1'},{'D7'},{'D2'},{'R2'},{'R3'},{'R1'},&,3.0,&
{'D4'},{'D5'},{'D6'},{'D3'},{'D1'},{'D7'},{'D2'},{'R3'},{'R2'},{'R1'},&,12.0,&
{'D4'},{'D5'},{'D6'},{'D3'},{'D1'},{'D7'},{'D2'},{'R3'},{'R1'},{'R2'},&,13.0,&
{'D4'},{'D5'},{'D6'},{'D3'},{'D1'},{'D7'},{'R2'},{'D2'},{'R3'},{'R1'},&,1.0,&
{'D4'},{'D5'},{'D6'},{'D3'},{'D1'},{'D7'},{'R2'},{'D2'},{'R1'},{'R3'},&,1.0,&
{'D4'},{'D5'},{'D6'},{'D3'},{'D1'},{'D7'},{'R2'},{'R1'},{'D2'},{'R3'},&,1.0,&
{'D4'},{'D5'},{'D6'},{'D3'},{'D1'},{'D2'},{'R3'},{'R2'},{'D7'},{'R1'},&,1.0,&
{'D4'},{'D5'},{'D6'},{'D3'},{'D1'},{'D2'},{'R3'},{'D7'},{'R2'},{'R1'},&,2.0,&
{'D4'},{'D5'},{'D6'},{'D3'},{'D1'},{'D2'},{'R2'},{'D7'},{'R1'},{'R3'},&,1.0,&
{'D4'},{'D5'},{'D6'},{'D3'},{'D1'},{'D2'},{'D7'},{'R1'},{'R3'},{'R2'},&,4.0,&
{'D4'},{'D5'},{'D6'},{'D3'},{'D1'},{'D2'},{'D7'},{'R2'},{'R3'},{'R1'},&,2.0,&
{'D4'},{'D5'},{'D6'},{'D3'},{'D1'},{'D2'},{'D7'},{'R2'},{'R1'},{'R3'},&,2.0,&
{'D4'},{'D5'},{'D6'},{'D3'},{'D1'},{'D2'},{'D7'},{'R3'},{'R2'},{'R1'},&,8.0,&
{'D4'},{'D5'},{'D6'},{'D3'},{'D1'},{'D2'},{'D7'},{'R3'},{'R1'},{'R2'},&,9.0,&
{'D4'},{'D5'},{'D6'},{'D3'},{'D1'},{'D2'},{'R1'},{'D7'},{'R3'},{'R2'},&,1.0,&
{'D4'},{'D5'},{'D6'},{'D3'},{'D1'},{'R2'},{'D7'},{'D2'},{'R3'},{'R1'},&,1.0,&
{'D4'},{'D5'},{'D6'},{'D3'},{'D1'},{'R1'},{'D2'},{'D7'},{'R3'},{'R2'},&,1.0,&
{'D4'},{'D5'},{'D6'},{'D3'},{'D1'},{'R1'},{'D7'},{'D2'},{'R3'},{'R2'},&,1.0,&
{'D4'},{'D5'},{'D6'},{'D3'},{'D1'},{'R3'},{'D2'},{'D7'},{'R2'},{'R1'},&,1.0,&
{'D4'},{'D5'},{'D6'},{'D3'},{'D1'},{'R3'},{'D2'},{'D7'},{'R1'},{'R2'},&,2.0,&
{'D4'},{'D5'},{'D6'},{'D3'},{'D7'},{'D1'},{'R3'},{'D2'},{'R2'},{'R1'},&,3.0,&
{'D4'},{'D5'},{'D6'},{'D3'},{'D7'},{'D1'},{'R3'},{'D2'},{'R1'},{'R2'},&,1.0,&
{'D4'},{'D5'},{'D6'},{'D3'},{'D7'},{'D1'},{'R3'},{'R1'},{'R2'},{'D2'},&,1.0,&
{'D4'},{'D5'},{'D6'},{'D3'},{'D7'},{'D1'},{'R3'},{'R1'},{'D2'},{'R2'},&,3.0,&
{'D4'},{'D5'},{'D6'},{'D3'},{'D7'},{'D1'},{'R3'},{'R2'},{'D2'},{'R1'},&,1.0,&
{'D4'},{'D5'},{'D6'},{'D3'},{'D7'},{'D1'},{'D2'},{'R1'},{'R2'},{'R3'},&,3.0,&
{'D4'},{'D5'},{'D6'},{'D3'},{'D7'},{'D1'},{'D2'},{'R1'},{'R3'},{'R2'},&,7.0,&
{'D4'},{'D5'},{'D6'},{'D3'},{'D7'},{'D1'},{'D2'},{'R2'},{'R3'},{'R1'},&,2.0,&
{'D4'},{'D5'},{'D6'},{'D3'},{'D7'},{'D1'},{'D2'},{'R2'},{'R1'},{'R3'},&,3.0,&
{'D4'},{'D5'},{'D6'},{'D3'},{'D7'},{'D1'},{'D2'},{'R3'},{'R2'},{'R1'},&,13.0,&
{'D4'},{'D5'},{'D6'},{'D3'},{'D7'},{'D1'},{'D2'},{'R3'},{'R1'},{'R2'},&,18.0,&
{'D4'},{'D5'},{'D6'},{'D3'},{'D7'},{'D1'},{'R2'},{'D2'},{'R3'},{'R1'},&,3.0,&
{'D4'},{'D5'},{'D6'},{'D3'},{'D7'},{'D1'},{'R1'},{'D2'},{'R2'},{'R3'},&,1.0,&
{'D4'},{'D5'},{'D6'},{'D3'},{'D7'},{'D1'},{'R1'},{'D2'},{'R3'},{'R2'},&,7.0,&
{'D4'},{'D5'},{'D6'},{'D3'},{'D7'},{'D2'},{'R3'},{'R1'},{'D1'},{'R2'},&,1.0,&
{'D4'},{'D5'},{'D6'},{'D3'},{'D7'},{'D2'},{'R3'},{'R2'},{'R1'},{'D1'},&,2.0,&
{'D4'},{'D5'},{'D6'},{'D3'},{'D7'},{'D2'},{'R3'},{'D1'},{'R2'},{'R1'},&,1.0,&
{'D4'},{'D5'},{'D6'},{'D3'},{'D7'},{'D2'},{'R3'},{'D1'},{'R1'},{'R2'},&,2.0,&
{'D4'},{'D5'},{'D6'},{'D3'},{'D7'},{'D2'},{'D1'},{'R1'},{'R3'},{'R2'},&,5.0,&
{'D4'},{'D5'},{'D6'},{'D3'},{'D7'},{'D2'},{'D1'},{'R2'},{'R3'},{'R1'},&,6.0,&
{'D4'},{'D5'},{'D6'},{'D3'},{'D7'},{'D2'},{'D1'},{'R2'},{'R1'},{'R3'},&,1.0,&
{'D4'},{'D5'},{'D6'},{'D3'},{'D7'},{'D2'},{'D1'},{'R3'},{'R2'},{'R1'},&,7.0,&
{'D4'},{'D5'},{'D6'},{'D3'},{'D7'},{'D2'},{'D1'},{'R3'},{'R1'},{'R2'},&,15.0,&
{'D4'},{'D5'},{'D6'},{'D3'},{'D7'},{'D2'},{'R2'},{'R3'},{'R1'},{'D1'},&,1.0,&
{'D4'},{'D5'},{'D6'},{'D3'},{'D7'},{'D2'},{'R1'},{'R2'},{'D1'},{'R3'},&,1.0,&
{'D4'},{'D5'},{'D6'},{'D3'},{'D7'},{'D2'},{'R1'},{'R3'},{'D1'},{'R2'},&,2.0,&
{'D4'},{'D5'},{'D6'},{'D3'},{'D7'},{'D2'},{'R1'},{'D1'},{'R3'},{'R2'},&,5.0,&
{'D4'},{'D5'},{'D6'},{'D3'},{'D7'},{'R2'},{'D2'},{'D1'},{'R1'},{'R3'},&,1.0,&
{'D4'},{'D5'},{'D6'},{'D3'},{'D7'},{'R1'},{'D2'},{'D1'},{'R3'},{'R2'},&,1.0,&
{'D4'},{'D5'},{'D6'},{'D3'},{'D7'},{'R1'},{'D1'},{'D2'},{'R3'},{'R2'},&,1.0,&
{'D4'},{'D5'},{'D6'},{'D3'},{'D7'},{'R3'},{'D2'},{'D1'},{'R1'},{'R2'},&,2.0,&
{'D4'},{'D5'},{'D6'},{'D3'},{'D7'},{'R3'},{'D1'},{'D2'},{'R2'},{'R1'},&,1.0,&
{'D4'},{'D5'},{'D6'},{'D3'},{'D7'},{'R3'},{'D1'},{'D2'},{'R1'},{'R2'},&,2.0,&
{'D4'},{'D5'},{'D6'},{'D3'},{'D2'},{'D7'},{'R3'},{'R1'},{'D1'},{'R2'},&,1.0,&
{'D4'},{'D5'},{'D6'},{'D3'},{'D2'},{'D7'},{'R3'},{'R2'},{'D1'},{'R1'},&,1.0,&
{'D4'},{'D5'},{'D6'},{'D3'},{'D2'},{'D7'},{'R3'},{'D1'},{'R1'},{'R2'},&,2.0,&
{'D4'},{'D5'},{'D6'},{'D3'},{'D2'},{'D7'},{'D1'},{'R1'},{'R2'},{'R3'},&,1.0,&
{'D4'},{'D5'},{'D6'},{'D3'},{'D2'},{'D7'},{'D1'},{'R1'},{'R3'},{'R2'},&,6.0,&
{'D4'},{'D5'},{'D6'},{'D3'},{'D2'},{'D7'},{'D1'},{'R2'},{'R3'},{'R1'},&,11.0,&
{'D4'},{'D5'},{'D6'},{'D3'},{'D2'},{'D7'},{'D1'},{'R2'},{'R1'},{'R3'},&,1.0,&
{'D4'},{'D5'},{'D6'},{'D3'},{'D2'},{'D7'},{'D1'},{'R3'},{'R2'},{'R1'},&,12.0,&
{'D4'},{'D5'},{'D6'},{'D3'},{'D2'},{'D7'},{'D1'},{'R3'},{'R1'},{'R2'},&,8.0,&
{'D4'},{'D5'},{'D6'},{'D3'},{'D2'},{'D7'},{'R2'},{'R3'},{'D1'},{'R1'},&,1.0,&
{'D4'},{'D5'},{'D6'},{'D3'},{'D2'},{'D7'},{'R1'},{'R2'},{'D1'},{'R3'},&,1.0,&
{'D4'},{'D5'},{'D6'},{'D3'},{'D2'},{'D7'},{'R1'},{'D1'},{'R3'},{'R2'},&,2.0,&
{'D4'},{'D5'},{'D6'},{'D3'},{'D2'},{'D1'},{'R3'},{'R1'},{'D7'},{'R2'},&,2.0,&
{'D4'},{'D5'},{'D6'},{'D3'},{'D2'},{'D1'},{'R3'},{'D7'},{'R2'},{'R1'},&,3.0,&
{'D4'},{'D5'},{'D6'},{'D3'},{'D2'},{'D1'},{'D7'},{'R1'},{'R2'},{'R3'},&,1.0,&
{'D4'},{'D5'},{'D6'},{'D3'},{'D2'},{'D1'},{'D7'},{'R1'},{'R3'},{'R2'},&,6.0,&
{'D4'},{'D5'},{'D6'},{'D3'},{'D2'},{'D1'},{'D7'},{'R2'},{'R3'},{'R1'},&,3.0,&
{'D4'},{'D5'},{'D6'},{'D3'},{'D2'},{'D1'},{'D7'},{'R3'},{'R2'},{'R1'},&,9.0,&
{'D4'},{'D5'},{'D6'},{'D3'},{'D2'},{'D1'},{'D7'},{'R3'},{'R1'},{'R2'},&,11.0,&
{'D4'},{'D5'},{'D6'},{'D3'},{'D2'},{'D1'},{'R1'},{'D7'},{'R2'},{'R3'},&,1.0,&
{'D4'},{'D5'},{'D6'},{'D3'},{'D2'},{'D1'},{'R1'},{'D7'},{'R3'},{'R2'},&,1.0,&
{'D4'},{'D5'},{'D6'},{'D3'},{'D2'},{'R3'},{'D1'},{'D7'},{'R1'},{'R2'},&,1.0,&
{'D4'},{'D5'},{'D6'},{'D3'},{'D2'},{'R3'},{'D7'},{'D1'},{'R1'},{'R2'},&,1.0,&
{'D4'},{'D5'},{'D6'},{'D3'},{'R3'},{'D1'},{'D7'},{'D2'},{'R2'},{'R1'},&,1.0,&
{'D4'},{'D5'},{'D6'},{'D3'},{'R3'},{'D2'},{'D1'},{'D7'},{'R2'},{'R1'},&,1.0,&
{'D4'},{'D5'},{'D6'},{'D3'},{'R2'},{'D1'},{'D7'},{'R3'},{'D2'},{'R1'},&,1.0,&
{'D4'},{'D5'},{'D6'},{'D3'},{'R2'},{'D2'},{'D1'},{'D7'},{'R3'},{'R1'},&,1.0,&
{'D4'},{'D5'},{'D6'},{'D3'},{'R2'},{'D2'},{'D7'},{'R1'},{'D1'},{'R3'},&,1.0,&
{'D4'},{'D5'},{'D6'},{'D3'},{'R1'},{'D7'},{'R3'},{'D1'},{'D2'},{'R2'},&,1.0,&
{'D4'},{'D5'},{'D6'},{'R2'},{'D3'},{'D1'},{'D7'},{'D2'},{'R3'},{'R1'},&,1.0,&
{'D4'},{'D5'},{'D1'},{'D7'},{'D2'},{'D6'},{'R3'},{'D3'},{'R1'},{'R2'},&,1.0,&
{'D4'},{'D5'},{'D1'},{'D7'},{'D2'},{'D3'},{'R3'},{'R1'},{'D6'},{'R2'},&,1.0,&
{'D4'},{'D5'},{'D1'},{'D7'},{'D2'},{'D3'},{'D6'},{'R2'},{'R1'},{'R3'},&,1.0,&
{'D4'},{'D5'},{'D1'},{'D7'},{'D2'},{'D3'},{'D6'},{'R3'},{'R1'},{'R2'},&,1.0,&
{'D4'},{'D5'},{'D1'},{'D7'},{'D3'},{'D6'},{'R3'},{'D2'},{'R2'},{'R1'},&,1.0,&
{'D4'},{'D5'},{'D1'},{'D7'},{'D3'},{'D6'},{'D2'},{'R1'},{'R2'},{'R3'},&,2.0,&
{'D4'},{'D5'},{'D1'},{'D7'},{'D3'},{'D6'},{'D2'},{'R1'},{'R3'},{'R2'},&,1.0,&
{'D4'},{'D5'},{'D1'},{'D7'},{'D3'},{'D6'},{'D2'},{'R2'},{'R1'},{'R3'},&,2.0,&
{'D4'},{'D5'},{'D1'},{'D7'},{'D3'},{'D6'},{'D2'},{'R3'},{'R2'},{'R1'},&,2.0,&
{'D4'},{'D5'},{'D1'},{'D7'},{'D3'},{'D6'},{'D2'},{'R3'},{'R1'},{'R2'},&,2.0,&
{'D4'},{'D5'},{'D1'},{'D7'},{'D3'},{'D6'},{'R2'},{'D2'},{'R3'},{'R1'},&,1.0,&
{'D4'},{'D5'},{'D1'},{'D7'},{'D3'},{'D6'},{'R1'},{'D2'},{'R2'},{'R3'},&,2.0,&
{'D4'},{'D5'},{'D1'},{'D7'},{'D3'},{'D6'},{'R1'},{'D2'},{'R3'},{'R2'},&,1.0,&
{'D4'},{'D5'},{'D1'},{'D7'},{'D3'},{'D2'},{'D6'},{'R3'},{'R2'},{'R1'},&,2.0,&
{'D4'},{'D5'},{'D1'},{'D7'},{'D3'},{'D2'},{'D6'},{'R3'},{'R1'},{'R2'},&,1.0,&
{'D4'},{'D5'},{'D1'},{'D7'},{'D6'},{'D2'},{'D3'},{'R2'},{'R3'},{'R1'},&,1.0,&
{'D4'},{'D5'},{'D1'},{'D7'},{'D6'},{'D3'},{'R3'},{'D2'},{'R1'},{'R2'},&,1.0,&
{'D4'},{'D5'},{'D1'},{'D7'},{'D6'},{'D3'},{'R3'},{'R2'},{'D2'},{'R1'},&,1.0,&
{'D4'},{'D5'},{'D1'},{'D7'},{'D6'},{'D3'},{'D2'},{'R1'},{'R2'},{'R3'},&,1.0,&
{'D4'},{'D5'},{'D1'},{'D7'},{'D6'},{'D3'},{'D2'},{'R1'},{'R3'},{'R2'},&,3.0,&
{'D4'},{'D5'},{'D1'},{'D7'},{'D6'},{'D3'},{'D2'},{'R2'},{'R3'},{'R1'},&,2.0,&
{'D4'},{'D5'},{'D1'},{'D7'},{'D6'},{'D3'},{'D2'},{'R3'},{'R2'},{'R1'},&,3.0,&
{'D4'},{'D5'},{'D1'},{'D7'},{'D6'},{'D3'},{'D2'},{'R3'},{'R1'},{'R2'},&,1.0,&
{'D4'},{'D5'},{'D1'},{'D7'},{'D6'},{'D3'},{'R2'},{'D2'},{'R3'},{'R1'},&,1.0,&
{'D4'},{'D5'},{'D1'},{'D7'},{'D6'},{'R2'},{'D2'},{'D3'},{'R1'},{'R3'},&,1.0,&
{'D4'},{'D5'},{'D1'},{'D7'},{'D6'},{'R3'},{'D2'},{'D3'},{'R1'},{'R2'},&,1.0,&
{'D4'},{'D5'},{'D1'},{'D7'},{'D6'},{'R3'},{'D3'},{'D2'},{'R1'},{'R2'},&,1.0,&
{'D4'},{'D5'},{'D1'},{'D7'},{'R2'},{'D2'},{'D6'},{'D3'},{'R1'},{'R3'},&,1.0,&
{'D4'},{'D5'},{'D1'},{'D2'},{'D7'},{'D6'},{'R3'},{'D3'},{'R1'},{'R2'},&,1.0,&
{'D4'},{'D5'},{'D1'},{'D2'},{'D7'},{'D3'},{'D6'},{'R3'},{'R1'},{'R2'},&,1.0,&
{'D4'},{'D5'},{'D1'},{'D2'},{'D3'},{'D6'},{'D7'},{'R1'},{'R3'},{'R2'},&,1.0,&
{'D4'},{'D5'},{'D1'},{'D2'},{'D3'},{'D6'},{'D7'},{'R2'},{'R1'},{'R3'},&,1.0,&
{'D4'},{'D5'},{'D1'},{'D2'},{'D3'},{'D6'},{'D7'},{'R3'},{'R2'},{'R1'},&,1.0,&
{'D4'},{'D5'},{'D1'},{'D2'},{'D3'},{'D6'},{'D7'},{'R3'},{'R1'},{'R2'},&,1.0,&
{'D4'},{'D5'},{'D1'},{'D2'},{'D3'},{'D7'},{'D6'},{'R1'},{'R3'},{'R2'},&,1.0,&
{'D4'},{'D5'},{'D1'},{'D2'},{'D3'},{'D7'},{'D6'},{'R3'},{'R1'},{'R2'},&,1.0,&
{'D4'},{'D5'},{'D1'},{'D2'},{'D6'},{'D7'},{'D3'},{'R1'},{'R3'},{'R2'},&,1.0,&
{'D4'},{'D5'},{'D1'},{'D2'},{'D6'},{'D7'},{'D3'},{'R2'},{'R1'},{'R3'},&,1.0,&
{'D4'},{'D5'},{'D1'},{'D2'},{'D6'},{'D3'},{'R3'},{'R1'},{'D7'},{'R2'},&,1.0,&
{'D4'},{'D5'},{'D1'},{'D2'},{'D6'},{'D3'},{'R2'},{'R1'},{'D7'},{'R3'},&,1.0,&
{'D4'},{'D5'},{'D1'},{'D2'},{'D6'},{'D3'},{'D7'},{'R1'},{'R3'},{'R2'},&,1.0,&
{'D4'},{'D5'},{'D1'},{'D2'},{'D6'},{'D3'},{'D7'},{'R2'},{'R3'},{'R1'},&,1.0,&
{'D4'},{'D5'},{'D1'},{'D2'},{'D6'},{'D3'},{'D7'},{'R3'},{'R2'},{'R1'},&,2.0,&
{'D4'},{'D5'},{'D1'},{'D2'},{'D6'},{'D3'},{'D7'},{'R3'},{'R1'},{'R2'},&,1.0,&
{'D4'},{'D5'},{'D1'},{'D2'},{'D6'},{'D3'},{'R1'},{'D7'},{'R3'},{'R2'},&,1.0,&
{'D4'},{'D5'},{'D1'},{'D3'},{'D7'},{'D6'},{'R3'},{'D2'},{'R1'},{'R2'},&,1.0,&
{'D4'},{'D5'},{'D1'},{'D3'},{'D7'},{'D6'},{'R3'},{'R1'},{'D2'},{'R2'},&,1.0,&
{'D4'},{'D5'},{'D1'},{'D3'},{'D7'},{'D6'},{'D2'},{'R1'},{'R2'},{'R3'},&,1.0,&
{'D4'},{'D5'},{'D1'},{'D3'},{'D7'},{'D6'},{'D2'},{'R2'},{'R3'},{'R1'},&,2.0,&
{'D4'},{'D5'},{'D1'},{'D3'},{'D7'},{'D6'},{'D2'},{'R2'},{'R1'},{'R3'},&,1.0,&
{'D4'},{'D5'},{'D1'},{'D3'},{'D7'},{'D6'},{'D2'},{'R3'},{'R1'},{'R2'},&,2.0,&
{'D4'},{'D5'},{'D1'},{'D3'},{'D7'},{'D6'},{'R2'},{'R3'},{'D2'},{'R1'},&,1.0,&
{'D4'},{'D5'},{'D1'},{'D3'},{'D7'},{'D2'},{'R3'},{'D6'},{'R2'},{'R1'},&,1.0,&
{'D4'},{'D5'},{'D1'},{'D3'},{'D7'},{'D2'},{'D6'},{'R1'},{'R2'},{'R3'},&,1.0,&
{'D4'},{'D5'},{'D1'},{'D3'},{'D7'},{'D2'},{'D6'},{'R1'},{'R3'},{'R2'},&,1.0,&
{'D4'},{'D5'},{'D1'},{'D3'},{'D7'},{'D2'},{'D6'},{'R2'},{'R3'},{'R1'},&,1.0,&
{'D4'},{'D5'},{'D1'},{'D3'},{'D7'},{'D2'},{'D6'},{'R2'},{'R1'},{'R3'},&,1.0,&
{'D4'},{'D5'},{'D1'},{'D3'},{'D7'},{'D2'},{'D6'},{'R3'},{'R1'},{'R2'},&,1.0,&
{'D4'},{'D5'},{'D1'},{'D3'},{'D2'},{'D6'},{'D7'},{'R1'},{'R2'},{'R3'},&,1.0,&
{'D4'},{'D5'},{'D1'},{'D3'},{'D2'},{'D6'},{'D7'},{'R2'},{'R3'},{'R1'},&,1.0,&
{'D4'},{'D5'},{'D1'},{'D3'},{'D2'},{'D6'},{'D7'},{'R3'},{'R2'},{'R1'},&,1.0,&
{'D4'},{'D5'},{'D1'},{'D3'},{'D2'},{'D6'},{'D7'},{'R3'},{'R1'},{'R2'},&,2.0,&
{'D4'},{'D5'},{'D1'},{'D3'},{'D2'},{'D6'},{'R1'},{'D7'},{'R3'},{'R2'},&,1.0,&
{'D4'},{'D5'},{'D1'},{'D3'},{'D2'},{'D7'},{'D6'},{'R1'},{'R2'},{'R3'},&,1.0,&
{'D4'},{'D5'},{'D1'},{'D3'},{'D2'},{'D7'},{'D6'},{'R3'},{'R2'},{'R1'},&,1.0,&
{'D4'},{'D5'},{'D1'},{'D3'},{'D2'},{'D7'},{'D6'},{'R3'},{'R1'},{'R2'},&,2.0,&
{'D4'},{'D5'},{'D1'},{'D3'},{'D6'},{'D7'},{'R3'},{'D2'},{'R2'},{'R1'},&,3.0,&
{'D4'},{'D5'},{'D1'},{'D3'},{'D6'},{'D7'},{'R3'},{'D2'},{'R1'},{'R2'},&,2.0,&
{'D4'},{'D5'},{'D1'},{'D3'},{'D6'},{'D7'},{'D2'},{'R1'},{'R2'},{'R3'},&,1.0,&
{'D4'},{'D5'},{'D1'},{'D3'},{'D6'},{'D7'},{'D2'},{'R1'},{'R3'},{'R2'},&,3.0,&
{'D4'},{'D5'},{'D1'},{'D3'},{'D6'},{'D7'},{'D2'},{'R2'},{'R3'},{'R1'},&,5.0,&
{'D4'},{'D5'},{'D1'},{'D3'},{'D6'},{'D7'},{'D2'},{'R3'},{'R2'},{'R1'},&,5.0,&
{'D4'},{'D5'},{'D1'},{'D3'},{'D6'},{'D7'},{'D2'},{'R3'},{'R1'},{'R2'},&,6.0,&
{'D4'},{'D5'},{'D1'},{'D3'},{'D6'},{'D7'},{'R2'},{'D2'},{'R3'},{'R1'},&,1.0,&
{'D4'},{'D5'},{'D1'},{'D3'},{'D6'},{'D7'},{'R1'},{'D2'},{'R2'},{'R3'},&,1.0,&
{'D4'},{'D5'},{'D1'},{'D3'},{'D6'},{'D7'},{'R1'},{'R2'},{'D2'},{'R3'},&,1.0,&
{'D4'},{'D5'},{'D1'},{'D3'},{'D6'},{'D2'},{'R3'},{'D7'},{'R1'},{'R2'},&,1.0,&
{'D4'},{'D5'},{'D1'},{'D3'},{'D6'},{'D2'},{'D7'},{'R1'},{'R3'},{'R2'},&,5.0,&
{'D4'},{'D5'},{'D1'},{'D3'},{'D6'},{'D2'},{'D7'},{'R2'},{'R3'},{'R1'},&,2.0,&
{'D4'},{'D5'},{'D1'},{'D3'},{'D6'},{'D2'},{'D7'},{'R3'},{'R2'},{'R1'},&,3.0,&
{'D4'},{'D5'},{'D1'},{'D3'},{'D6'},{'D2'},{'D7'},{'R3'},{'R1'},{'R2'},&,3.0,&
{'D4'},{'D5'},{'D1'},{'D3'},{'D6'},{'R2'},{'D7'},{'D2'},{'R3'},{'R1'},&,1.0,&
{'D4'},{'D5'},{'D1'},{'D3'},{'D6'},{'R1'},{'D7'},{'R3'},{'D2'},{'R2'},&,1.0,&
{'D4'},{'D5'},{'D1'},{'D6'},{'D7'},{'D2'},{'R3'},{'D3'},{'R1'},{'R2'},&,1.0,&
{'D4'},{'D5'},{'D1'},{'D6'},{'D7'},{'D2'},{'D3'},{'R3'},{'R2'},{'R1'},&,1.0,&
{'D4'},{'D5'},{'D1'},{'D6'},{'D7'},{'D2'},{'D3'},{'R3'},{'R1'},{'R2'},&,1.0,&
{'D4'},{'D5'},{'D1'},{'D6'},{'D7'},{'D3'},{'R3'},{'D2'},{'R2'},{'R1'},&,1.0,&
{'D4'},{'D5'},{'D1'},{'D6'},{'D7'},{'D3'},{'R3'},{'D2'},{'R1'},{'R2'},&,1.0,&
{'D4'},{'D5'},{'D1'},{'D6'},{'D7'},{'D3'},{'R3'},{'R1'},{'D2'},{'R2'},&,1.0,&
{'D4'},{'D5'},{'D1'},{'D6'},{'D7'},{'D3'},{'D2'},{'R1'},{'R2'},{'R3'},&,1.0,&
{'D4'},{'D5'},{'D1'},{'D6'},{'D7'},{'D3'},{'D2'},{'R1'},{'R3'},{'R2'},&,1.0,&
{'D4'},{'D5'},{'D1'},{'D6'},{'D7'},{'D3'},{'D2'},{'R2'},{'R3'},{'R1'},&,3.0,&
{'D4'},{'D5'},{'D1'},{'D6'},{'D7'},{'D3'},{'D2'},{'R3'},{'R2'},{'R1'},&,5.0,&
{'D4'},{'D5'},{'D1'},{'D6'},{'D7'},{'D3'},{'D2'},{'R3'},{'R1'},{'R2'},&,6.0,&
{'D4'},{'D5'},{'D1'},{'D6'},{'D7'},{'D3'},{'R1'},{'D2'},{'R3'},{'R2'},&,2.0,&
{'D4'},{'D5'},{'D1'},{'D6'},{'D7'},{'R3'},{'R2'},{'D3'},{'D2'},{'R1'},&,1.0,&
{'D4'},{'D5'},{'D1'},{'D6'},{'D2'},{'D7'},{'R3'},{'R1'},{'R2'},{'D3'},&,1.0,&
{'D4'},{'D5'},{'D1'},{'D6'},{'D2'},{'D7'},{'D3'},{'R1'},{'R3'},{'R2'},&,1.0,&
{'D4'},{'D5'},{'D1'},{'D6'},{'D2'},{'D7'},{'D3'},{'R2'},{'R1'},{'R3'},&,1.0,&
{'D4'},{'D5'},{'D1'},{'D6'},{'D2'},{'D7'},{'D3'},{'R3'},{'R1'},{'R2'},&,5.0,&
{'D4'},{'D5'},{'D1'},{'D6'},{'D2'},{'D7'},{'R1'},{'D3'},{'R3'},{'R2'},&,1.0,&
{'D4'},{'D5'},{'D1'},{'D6'},{'D2'},{'D3'},{'R3'},{'R2'},{'D7'},{'R1'},&,2.0,&
{'D4'},{'D5'},{'D1'},{'D6'},{'D2'},{'D3'},{'R3'},{'D7'},{'R2'},{'R1'},&,1.0,&
{'D4'},{'D5'},{'D1'},{'D6'},{'D2'},{'D3'},{'R2'},{'D7'},{'R3'},{'R1'},&,1.0,&
{'D4'},{'D5'},{'D1'},{'D6'},{'D2'},{'D3'},{'D7'},{'R2'},{'R3'},{'R1'},&,2.0,&
{'D4'},{'D5'},{'D1'},{'D6'},{'D2'},{'D3'},{'D7'},{'R3'},{'R2'},{'R1'},&,2.0,&
{'D4'},{'D5'},{'D1'},{'D6'},{'D2'},{'R1'},{'D3'},{'R3'},{'R2'},{'D7'},&,1.0,&
{'D4'},{'D5'},{'D1'},{'D6'},{'D2'},{'R3'},{'D7'},{'D3'},{'R2'},{'R1'},&,1.0,&
{'D4'},{'D5'},{'D1'},{'D6'},{'D3'},{'D7'},{'R3'},{'D2'},{'R2'},{'R1'},&,1.0,&
{'D4'},{'D5'},{'D1'},{'D6'},{'D3'},{'D7'},{'R3'},{'D2'},{'R1'},{'R2'},&,3.0,&
{'D4'},{'D5'},{'D1'},{'D6'},{'D3'},{'D7'},{'R3'},{'R1'},{'R2'},{'D2'},&,1.0,&
{'D4'},{'D5'},{'D1'},{'D6'},{'D3'},{'D7'},{'R3'},{'R1'},{'D2'},{'R2'},&,2.0,&
{'D4'},{'D5'},{'D1'},{'D6'},{'D3'},{'D7'},{'D2'},{'R1'},{'R3'},{'R2'},&,5.0,&
{'D4'},{'D5'},{'D1'},{'D6'},{'D3'},{'D7'},{'D2'},{'R2'},{'R3'},{'R1'},&,1.0,&
{'D4'},{'D5'},{'D1'},{'D6'},{'D3'},{'D7'},{'D2'},{'R2'},{'R1'},{'R3'},&,1.0,&
{'D4'},{'D5'},{'D1'},{'D6'},{'D3'},{'D7'},{'D2'},{'R3'},{'R2'},{'R1'},&,7.0,&
{'D4'},{'D5'},{'D1'},{'D6'},{'D3'},{'D7'},{'D2'},{'R3'},{'R1'},{'R2'},&,4.0,&
{'D4'},{'D5'},{'D1'},{'D6'},{'D3'},{'D7'},{'R2'},{'D2'},{'R1'},{'R3'},&,1.0,&
{'D4'},{'D5'},{'D1'},{'D6'},{'D3'},{'D7'},{'R1'},{'D2'},{'R3'},{'R2'},&,1.0,&
{'D4'},{'D5'},{'D1'},{'D6'},{'D3'},{'D2'},{'R3'},{'R1'},{'D7'},{'R2'},&,1.0,&
{'D4'},{'D5'},{'D1'},{'D6'},{'D3'},{'D2'},{'R3'},{'D7'},{'R2'},{'R1'},&,1.0,&
{'D4'},{'D5'},{'D1'},{'D6'},{'D3'},{'D2'},{'D7'},{'R1'},{'R3'},{'R2'},&,3.0,&
{'D4'},{'D5'},{'D1'},{'D6'},{'D3'},{'D2'},{'D7'},{'R2'},{'R3'},{'R1'},&,1.0,&
{'D4'},{'D5'},{'D1'},{'D6'},{'D3'},{'D2'},{'D7'},{'R3'},{'R2'},{'R1'},&,5.0,&
{'D4'},{'D5'},{'D1'},{'D6'},{'D3'},{'R2'},{'D7'},{'D2'},{'R3'},{'R1'},&,2.0,&
{'D4'},{'D5'},{'D1'},{'D6'},{'D3'},{'R3'},{'D2'},{'D7'},{'R2'},{'R1'},&,1.0,&
{'D4'},{'D5'},{'D7'},{'D1'},{'D2'},{'D6'},{'R3'},{'D3'},{'R2'},{'R1'},&,1.0,&
{'D4'},{'D5'},{'D7'},{'D1'},{'D2'},{'D6'},{'D3'},{'R3'},{'R1'},{'R2'},&,1.0,&
{'D4'},{'D5'},{'D7'},{'D1'},{'D2'},{'D3'},{'R3'},{'D6'},{'R1'},{'R2'},&,1.0,&
{'D4'},{'D5'},{'D7'},{'D1'},{'D2'},{'D3'},{'R2'},{'D6'},{'R1'},{'R3'},&,1.0,&
{'D4'},{'D5'},{'D7'},{'D1'},{'D2'},{'D3'},{'D6'},{'R1'},{'R3'},{'R2'},&,1.0,&
{'D4'},{'D5'},{'D7'},{'D1'},{'D2'},{'D3'},{'D6'},{'R2'},{'R3'},{'R1'},&,1.0,&
{'D4'},{'D5'},{'D7'},{'D1'},{'D3'},{'D6'},{'R3'},{'D2'},{'R2'},{'R1'},&,1.0,&
{'D4'},{'D5'},{'D7'},{'D1'},{'D3'},{'D6'},{'D2'},{'R1'},{'R3'},{'R2'},&,1.0,&
{'D4'},{'D5'},{'D7'},{'D1'},{'D3'},{'D6'},{'D2'},{'R2'},{'R3'},{'R1'},&,1.0,&
{'D4'},{'D5'},{'D7'},{'D1'},{'D3'},{'D6'},{'D2'},{'R3'},{'R2'},{'R1'},&,4.0,&
{'D4'},{'D5'},{'D7'},{'D1'},{'D3'},{'D6'},{'D2'},{'R3'},{'R1'},{'R2'},&,2.0,&
{'D4'},{'D5'},{'D7'},{'D1'},{'D3'},{'D6'},{'R2'},{'D2'},{'R3'},{'R1'},&,2.0,&
{'D4'},{'D5'},{'D7'},{'D1'},{'D3'},{'D2'},{'R3'},{'D6'},{'R2'},{'R1'},&,1.0,&
{'D4'},{'D5'},{'D7'},{'D1'},{'D3'},{'D2'},{'R2'},{'D6'},{'R1'},{'R3'},&,1.0,&
{'D4'},{'D5'},{'D7'},{'D1'},{'D3'},{'D2'},{'D6'},{'R2'},{'R3'},{'R1'},&,1.0,&
{'D4'},{'D5'},{'D7'},{'D1'},{'D3'},{'D2'},{'D6'},{'R3'},{'R2'},{'R1'},&,1.0,&
{'D4'},{'D5'},{'D7'},{'D1'},{'D3'},{'D2'},{'D6'},{'R3'},{'R1'},{'R2'},&,3.0,&
{'D4'},{'D5'},{'D7'},{'D1'},{'D3'},{'R2'},{'R3'},{'D2'},{'D6'},{'R1'},&,1.0,&
{'D4'},{'D5'},{'D7'},{'D1'},{'D6'},{'D2'},{'D3'},{'R2'},{'R3'},{'R1'},&,1.0,&
{'D4'},{'D5'},{'D7'},{'D1'},{'D6'},{'D2'},{'D3'},{'R2'},{'R1'},{'R3'},&,1.0,&
{'D4'},{'D5'},{'D7'},{'D1'},{'D6'},{'D2'},{'D3'},{'R3'},{'R2'},{'R1'},&,2.0,&
{'D4'},{'D5'},{'D7'},{'D1'},{'D6'},{'D3'},{'R3'},{'D2'},{'R2'},{'R1'},&,1.0,&
{'D4'},{'D5'},{'D7'},{'D1'},{'D6'},{'D3'},{'R3'},{'D2'},{'R1'},{'R2'},&,1.0,&
{'D4'},{'D5'},{'D7'},{'D1'},{'D6'},{'D3'},{'D2'},{'R1'},{'R2'},{'R3'},&,1.0,&
{'D4'},{'D5'},{'D7'},{'D1'},{'D6'},{'D3'},{'D2'},{'R1'},{'R3'},{'R2'},&,1.0,&
{'D4'},{'D5'},{'D7'},{'D1'},{'D6'},{'D3'},{'D2'},{'R2'},{'R3'},{'R1'},&,1.0,&
{'D4'},{'D5'},{'D7'},{'D1'},{'D6'},{'D3'},{'D2'},{'R3'},{'R2'},{'R1'},&,1.0,&
{'D4'},{'D5'},{'D7'},{'D1'},{'D6'},{'D3'},{'D2'},{'R3'},{'R1'},{'R2'},&,4.0,&
{'D4'},{'D5'},{'D7'},{'D1'},{'D6'},{'D3'},{'R2'},{'R1'},{'D2'},{'R3'},&,1.0,&
{'D4'},{'D5'},{'D7'},{'D1'},{'D6'},{'D3'},{'R1'},{'D2'},{'R3'},{'R2'},&,1.0,&
{'D4'},{'D5'},{'D7'},{'D1'},{'D6'},{'R2'},{'D2'},{'R3'},{'D3'},{'R1'},&,1.0,&
{'D4'},{'D5'},{'D7'},{'D2'},{'D1'},{'D6'},{'R3'},{'D3'},{'R1'},{'R2'},&,1.0,&
{'D4'},{'D5'},{'D7'},{'D2'},{'D1'},{'D6'},{'D3'},{'R1'},{'R3'},{'R2'},&,1.0,&
{'D4'},{'D5'},{'D7'},{'D2'},{'D1'},{'D6'},{'R1'},{'R3'},{'D3'},{'R2'},&,1.0,&
{'D4'},{'D5'},{'D7'},{'D2'},{'D1'},{'D3'},{'D6'},{'R1'},{'R3'},{'R2'},&,1.0,&
{'D4'},{'D5'},{'D7'},{'D2'},{'D1'},{'D3'},{'D6'},{'R3'},{'R1'},{'R2'},&,1.0,&
{'D4'},{'D5'},{'D7'},{'D2'},{'D1'},{'R1'},{'D3'},{'D6'},{'R3'},{'R2'},&,1.0,&
{'D4'},{'D5'},{'D7'},{'D2'},{'D3'},{'D6'},{'R3'},{'D1'},{'R1'},{'R2'},&,1.0,&
{'D4'},{'D5'},{'D7'},{'D2'},{'D3'},{'D6'},{'D1'},{'R2'},{'R3'},{'R1'},&,1.0,&
{'D4'},{'D5'},{'D7'},{'D2'},{'D3'},{'D6'},{'D1'},{'R3'},{'R2'},{'R1'},&,1.0,&
{'D4'},{'D5'},{'D7'},{'D2'},{'D3'},{'D6'},{'D1'},{'R3'},{'R1'},{'R2'},&,3.0,&
{'D4'},{'D5'},{'D7'},{'D2'},{'D3'},{'D6'},{'R1'},{'R2'},{'R3'},{'D1'},&,1.0,&
{'D4'},{'D5'},{'D7'},{'D2'},{'D3'},{'D1'},{'R3'},{'D6'},{'R2'},{'R1'},&,1.0,&
{'D4'},{'D5'},{'D7'},{'D2'},{'D3'},{'D1'},{'D6'},{'R1'},{'R3'},{'R2'},&,2.0,&
{'D4'},{'D5'},{'D7'},{'D2'},{'D3'},{'D1'},{'D6'},{'R3'},{'R2'},{'R1'},&,1.0,&
{'D4'},{'D5'},{'D7'},{'D2'},{'D6'},{'D1'},{'R3'},{'R2'},{'D3'},{'R1'},&,1.0,&
{'D4'},{'D5'},{'D7'},{'D2'},{'D6'},{'D1'},{'D3'},{'R1'},{'R3'},{'R2'},&,1.0,&
{'D4'},{'D5'},{'D7'},{'D2'},{'D6'},{'D1'},{'D3'},{'R3'},{'R2'},{'R1'},&,2.0,&
{'D4'},{'D5'},{'D7'},{'D2'},{'D6'},{'D3'},{'R3'},{'D1'},{'R2'},{'R1'},&,2.0,&
{'D4'},{'D5'},{'D7'},{'D2'},{'D6'},{'D3'},{'D1'},{'R1'},{'R3'},{'R2'},&,2.0,&
{'D4'},{'D5'},{'D7'},{'D2'},{'D6'},{'D3'},{'D1'},{'R2'},{'R1'},{'R3'},&,1.0,&
{'D4'},{'D5'},{'D7'},{'D2'},{'D6'},{'D3'},{'D1'},{'R3'},{'R2'},{'R1'},&,1.0,&
{'D4'},{'D5'},{'D7'},{'D2'},{'D6'},{'D3'},{'D1'},{'R3'},{'R1'},{'R2'},&,1.0,&
{'D4'},{'D5'},{'D7'},{'D2'},{'D6'},{'D3'},{'R2'},{'D1'},{'R1'},{'R3'},&,1.0,&
{'D4'},{'D5'},{'D7'},{'D2'},{'D6'},{'D3'},{'R1'},{'R3'},{'R2'},{'D1'},&,1.0,&
{'D4'},{'D5'},{'D7'},{'D2'},{'D6'},{'D3'},{'R1'},{'D1'},{'R3'},{'R2'},&,3.0,&
{'D4'},{'D5'},{'D7'},{'D2'},{'D6'},{'R3'},{'D3'},{'D1'},{'R2'},{'R1'},&,1.0,&
{'D4'},{'D5'},{'D7'},{'D2'},{'D6'},{'R3'},{'D3'},{'D1'},{'R1'},{'R2'},&,1.0,&
{'D4'},{'D5'},{'D7'},{'D2'},{'R1'},{'D3'},{'D1'},{'R2'},{'R3'},{'D6'},&,1.0,&
{'D4'},{'D5'},{'D7'},{'D3'},{'D1'},{'D6'},{'R3'},{'D2'},{'R2'},{'R1'},&,3.0,&
{'D4'},{'D5'},{'D7'},{'D3'},{'D1'},{'D6'},{'R3'},{'D2'},{'R1'},{'R2'},&,1.0,&
{'D4'},{'D5'},{'D7'},{'D3'},{'D1'},{'D6'},{'R3'},{'R1'},{'D2'},{'R2'},&,2.0,&
{'D4'},{'D5'},{'D7'},{'D3'},{'D1'},{'D6'},{'R3'},{'R2'},{'D2'},{'R1'},&,1.0,&
{'D4'},{'D5'},{'D7'},{'D3'},{'D1'},{'D6'},{'D2'},{'R1'},{'R3'},{'R2'},&,1.0,&
{'D4'},{'D5'},{'D7'},{'D3'},{'D1'},{'D6'},{'D2'},{'R3'},{'R2'},{'R1'},&,3.0,&
{'D4'},{'D5'},{'D7'},{'D3'},{'D1'},{'D6'},{'D2'},{'R3'},{'R1'},{'R2'},&,5.0,&
{'D4'},{'D5'},{'D7'},{'D3'},{'D1'},{'D6'},{'R2'},{'D2'},{'R3'},{'R1'},&,1.0,&
{'D4'},{'D5'},{'D7'},{'D3'},{'D1'},{'D6'},{'R1'},{'D2'},{'R2'},{'R3'},&,1.0,&
{'D4'},{'D5'},{'D7'},{'D3'},{'D1'},{'D6'},{'R1'},{'D2'},{'R3'},{'R2'},&,1.0,&
{'D4'},{'D5'},{'D7'},{'D3'},{'D1'},{'D2'},{'D6'},{'R2'},{'R3'},{'R1'},&,2.0,&
{'D4'},{'D5'},{'D7'},{'D3'},{'D1'},{'D2'},{'D6'},{'R2'},{'R1'},{'R3'},&,2.0,&
{'D4'},{'D5'},{'D7'},{'D3'},{'D1'},{'D2'},{'D6'},{'R3'},{'R1'},{'R2'},&,1.0,&
{'D4'},{'D5'},{'D7'},{'D3'},{'D2'},{'D6'},{'R3'},{'D1'},{'R2'},{'R1'},&,3.0,&
{'D4'},{'D5'},{'D7'},{'D3'},{'D2'},{'D6'},{'R3'},{'D1'},{'R1'},{'R2'},&,1.0,&
{'D4'},{'D5'},{'D7'},{'D3'},{'D2'},{'D6'},{'D1'},{'R1'},{'R2'},{'R3'},&,2.0,&
{'D4'},{'D5'},{'D7'},{'D3'},{'D2'},{'D6'},{'D1'},{'R1'},{'R3'},{'R2'},&,1.0,&
{'D4'},{'D5'},{'D7'},{'D3'},{'D2'},{'D6'},{'D1'},{'R2'},{'R3'},{'R1'},&,1.0,&
{'D4'},{'D5'},{'D7'},{'D3'},{'D2'},{'D1'},{'R3'},{'R2'},{'D6'},{'R1'},&,1.0,&
{'D4'},{'D5'},{'D7'},{'D3'},{'D2'},{'D1'},{'R3'},{'D6'},{'R2'},{'R1'},&,1.0,&
{'D4'},{'D5'},{'D7'},{'D3'},{'D2'},{'D1'},{'D6'},{'R3'},{'R1'},{'R2'},&,1.0,&
{'D4'},{'D5'},{'D7'},{'D3'},{'D2'},{'R3'},{'D6'},{'D1'},{'R1'},{'R2'},&,1.0,&
{'D4'},{'D5'},{'D7'},{'D3'},{'D6'},{'D1'},{'R3'},{'D2'},{'R2'},{'R1'},&,2.0,&
{'D4'},{'D5'},{'D7'},{'D3'},{'D6'},{'D1'},{'R3'},{'D2'},{'R1'},{'R2'},&,3.0,&
{'D4'},{'D5'},{'D7'},{'D3'},{'D6'},{'D1'},{'R3'},{'R1'},{'R2'},{'D2'},&,1.0,&
{'D4'},{'D5'},{'D7'},{'D3'},{'D6'},{'D1'},{'R3'},{'R2'},{'D2'},{'R1'},&,1.0,&
{'D4'},{'D5'},{'D7'},{'D3'},{'D6'},{'D1'},{'D2'},{'R1'},{'R2'},{'R3'},&,1.0,&
{'D4'},{'D5'},{'D7'},{'D3'},{'D6'},{'D1'},{'D2'},{'R1'},{'R3'},{'R2'},&,3.0,&
{'D4'},{'D5'},{'D7'},{'D3'},{'D6'},{'D1'},{'D2'},{'R2'},{'R3'},{'R1'},&,6.0,&
{'D4'},{'D5'},{'D7'},{'D3'},{'D6'},{'D1'},{'D2'},{'R2'},{'R1'},{'R3'},&,3.0,&
{'D4'},{'D5'},{'D7'},{'D3'},{'D6'},{'D1'},{'D2'},{'R3'},{'R2'},{'R1'},&,10.0,&
{'D4'},{'D5'},{'D7'},{'D3'},{'D6'},{'D1'},{'D2'},{'R3'},{'R1'},{'R2'},&,10.0,&
{'D4'},{'D5'},{'D7'},{'D3'},{'D6'},{'D1'},{'R2'},{'D2'},{'R1'},{'R3'},&,1.0,&
{'D4'},{'D5'},{'D7'},{'D3'},{'D6'},{'D1'},{'R2'},{'R3'},{'D2'},{'R1'},&,1.0,&
{'D4'},{'D5'},{'D7'},{'D3'},{'D6'},{'D1'},{'R1'},{'D2'},{'R2'},{'R3'},&,1.0,&
{'D4'},{'D5'},{'D7'},{'D3'},{'D6'},{'D1'},{'R1'},{'D2'},{'R3'},{'R2'},&,2.0,&
{'D4'},{'D5'},{'D7'},{'D3'},{'D6'},{'D1'},{'R1'},{'R3'},{'D2'},{'R2'},&,2.0,&
{'D4'},{'D5'},{'D7'},{'D3'},{'D6'},{'D2'},{'R3'},{'R2'},{'D1'},{'R1'},&,1.0,&
{'D4'},{'D5'},{'D7'},{'D3'},{'D6'},{'D2'},{'R3'},{'D1'},{'R2'},{'R1'},&,1.0,&
{'D4'},{'D5'},{'D7'},{'D3'},{'D6'},{'D2'},{'R3'},{'D1'},{'R1'},{'R2'},&,4.0,&
{'D4'},{'D5'},{'D7'},{'D3'},{'D6'},{'D2'},{'D1'},{'R1'},{'R2'},{'R3'},&,1.0,&
{'D4'},{'D5'},{'D7'},{'D3'},{'D6'},{'D2'},{'D1'},{'R1'},{'R3'},{'R2'},&,3.0,&
{'D4'},{'D5'},{'D7'},{'D3'},{'D6'},{'D2'},{'D1'},{'R2'},{'R3'},{'R1'},&,3.0,&
{'D4'},{'D5'},{'D7'},{'D3'},{'D6'},{'D2'},{'D1'},{'R2'},{'R1'},{'R3'},&,2.0,&
{'D4'},{'D5'},{'D7'},{'D3'},{'D6'},{'D2'},{'D1'},{'R3'},{'R2'},{'R1'},&,11.0,&
{'D4'},{'D5'},{'D7'},{'D3'},{'D6'},{'D2'},{'D1'},{'R3'},{'R1'},{'R2'},&,11.0,&
{'D4'},{'D5'},{'D7'},{'D3'},{'D6'},{'D2'},{'R2'},{'R3'},{'D1'},{'R1'},&,1.0,&
{'D4'},{'D5'},{'D7'},{'D3'},{'D6'},{'D2'},{'R2'},{'D1'},{'R1'},{'R3'},&,1.0,&
{'D4'},{'D5'},{'D7'},{'D3'},{'D6'},{'D2'},{'R1'},{'D1'},{'R3'},{'R2'},&,1.0,&
{'D4'},{'D5'},{'D7'},{'D3'},{'D6'},{'R2'},{'D2'},{'D1'},{'R3'},{'R1'},&,1.0,&
{'D4'},{'D5'},{'D7'},{'D3'},{'D6'},{'R2'},{'D1'},{'R1'},{'D2'},{'R3'},&,1.0,&
{'D4'},{'D5'},{'D7'},{'D3'},{'D6'},{'R1'},{'D2'},{'D1'},{'R3'},{'R2'},&,1.0,&
{'D4'},{'D5'},{'D7'},{'D3'},{'D6'},{'R3'},{'D2'},{'D1'},{'R2'},{'R1'},&,1.0,&
{'D4'},{'D5'},{'D7'},{'D3'},{'D6'},{'R3'},{'D1'},{'D2'},{'R2'},{'R1'},&,1.0,&
{'D4'},{'D5'},{'D7'},{'D3'},{'R3'},{'D6'},{'D2'},{'R2'},{'D1'},{'R1'},&,1.0,&
{'D4'},{'D5'},{'D7'},{'D6'},{'D1'},{'D2'},{'D3'},{'R1'},{'R3'},{'R2'},&,3.0,&
{'D4'},{'D5'},{'D7'},{'D6'},{'D1'},{'D2'},{'D3'},{'R2'},{'R3'},{'R1'},&,1.0,&
{'D4'},{'D5'},{'D7'},{'D6'},{'D1'},{'D2'},{'D3'},{'R3'},{'R1'},{'R2'},&,2.0,&
{'D4'},{'D5'},{'D7'},{'D6'},{'D1'},{'D2'},{'R1'},{'R3'},{'D3'},{'R2'},&,1.0,&
{'D4'},{'D5'},{'D7'},{'D6'},{'D1'},{'D3'},{'R3'},{'D2'},{'R2'},{'R1'},&,2.0,&
{'D4'},{'D5'},{'D7'},{'D6'},{'D1'},{'D3'},{'R3'},{'D2'},{'R1'},{'R2'},&,1.0,&
{'D4'},{'D5'},{'D7'},{'D6'},{'D1'},{'D3'},{'R3'},{'R1'},{'D2'},{'R2'},&,1.0,&
{'D4'},{'D5'},{'D7'},{'D6'},{'D1'},{'D3'},{'D2'},{'R2'},{'R3'},{'R1'},&,3.0,&
{'D4'},{'D5'},{'D7'},{'D6'},{'D1'},{'D3'},{'D2'},{'R3'},{'R2'},{'R1'},&,1.0,&
{'D4'},{'D5'},{'D7'},{'D6'},{'D1'},{'D3'},{'D2'},{'R3'},{'R1'},{'R2'},&,5.0,&
{'D4'},{'D5'},{'D7'},{'D6'},{'D1'},{'D3'},{'R1'},{'D2'},{'R2'},{'R3'},&,1.0,&
{'D4'},{'D5'},{'D7'},{'D6'},{'D1'},{'D3'},{'R1'},{'D2'},{'R3'},{'R2'},&,1.0,&
{'D4'},{'D5'},{'D7'},{'D6'},{'D1'},{'D3'},{'R1'},{'R3'},{'D2'},{'R2'},&,1.0,&
{'D4'},{'D5'},{'D7'},{'D6'},{'D1'},{'R3'},{'D3'},{'R2'},{'R1'},{'D2'},&,1.0,&
{'D4'},{'D5'},{'D7'},{'D6'},{'D2'},{'D1'},{'D3'},{'R1'},{'R3'},{'R2'},&,1.0,&
{'D4'},{'D5'},{'D7'},{'D6'},{'D2'},{'D1'},{'D3'},{'R3'},{'R2'},{'R1'},&,1.0,&
{'D4'},{'D5'},{'D7'},{'D6'},{'D2'},{'D1'},{'D3'},{'R3'},{'R1'},{'R2'},&,2.0,&
{'D4'},{'D5'},{'D7'},{'D6'},{'D2'},{'D1'},{'R1'},{'D3'},{'R3'},{'R2'},&,1.0,&
{'D4'},{'D5'},{'D7'},{'D6'},{'D2'},{'D3'},{'R3'},{'R1'},{'D1'},{'R2'},&,1.0,&
{'D4'},{'D5'},{'D7'},{'D6'},{'D2'},{'D3'},{'R3'},{'D1'},{'R2'},{'R1'},&,1.0,&
{'D4'},{'D5'},{'D7'},{'D6'},{'D2'},{'D3'},{'D1'},{'R1'},{'R2'},{'R3'},&,1.0,&
{'D4'},{'D5'},{'D7'},{'D6'},{'D2'},{'D3'},{'D1'},{'R1'},{'R3'},{'R2'},&,4.0,&
{'D4'},{'D5'},{'D7'},{'D6'},{'D2'},{'D3'},{'D1'},{'R2'},{'R3'},{'R1'},&,1.0,&
{'D4'},{'D5'},{'D7'},{'D6'},{'D2'},{'D3'},{'D1'},{'R3'},{'R2'},{'R1'},&,5.0,&
{'D4'},{'D5'},{'D7'},{'D6'},{'D2'},{'D3'},{'D1'},{'R3'},{'R1'},{'R2'},&,2.0,&
{'D4'},{'D5'},{'D7'},{'D6'},{'D2'},{'R3'},{'D3'},{'D1'},{'R2'},{'R1'},&,1.0,&
{'D4'},{'D5'},{'D7'},{'D6'},{'D3'},{'D1'},{'R3'},{'D2'},{'R2'},{'R1'},&,2.0,&
{'D4'},{'D5'},{'D7'},{'D6'},{'D3'},{'D1'},{'R3'},{'D2'},{'R1'},{'R2'},&,3.0,&
{'D4'},{'D5'},{'D7'},{'D6'},{'D3'},{'D1'},{'R3'},{'R1'},{'D2'},{'R2'},&,1.0,&
{'D4'},{'D5'},{'D7'},{'D6'},{'D3'},{'D1'},{'R3'},{'R2'},{'R1'},{'D2'},&,1.0,&
{'D4'},{'D5'},{'D7'},{'D6'},{'D3'},{'D1'},{'R3'},{'R2'},{'D2'},{'R1'},&,1.0,&
{'D4'},{'D5'},{'D7'},{'D6'},{'D3'},{'D1'},{'D2'},{'R1'},{'R2'},{'R3'},&,4.0,&
{'D4'},{'D5'},{'D7'},{'D6'},{'D3'},{'D1'},{'D2'},{'R2'},{'R3'},{'R1'},&,2.0,&
{'D4'},{'D5'},{'D7'},{'D6'},{'D3'},{'D1'},{'D2'},{'R2'},{'R1'},{'R3'},&,1.0,&
{'D4'},{'D5'},{'D7'},{'D6'},{'D3'},{'D1'},{'D2'},{'R3'},{'R2'},{'R1'},&,5.0,&
{'D4'},{'D5'},{'D7'},{'D6'},{'D3'},{'D1'},{'D2'},{'R3'},{'R1'},{'R2'},&,8.0,&
{'D4'},{'D5'},{'D7'},{'D6'},{'D3'},{'D1'},{'R2'},{'D2'},{'R3'},{'R1'},&,1.0,&
{'D4'},{'D5'},{'D7'},{'D6'},{'D3'},{'D1'},{'R2'},{'D2'},{'R1'},{'R3'},&,1.0,&
{'D4'},{'D5'},{'D7'},{'D6'},{'D3'},{'D1'},{'R1'},{'D2'},{'R3'},{'R2'},&,3.0,&
{'D4'},{'D5'},{'D7'},{'D6'},{'D3'},{'D1'},{'R1'},{'R3'},{'R2'},{'D2'},&,1.0,&
{'D4'},{'D5'},{'D7'},{'D6'},{'D3'},{'D2'},{'R3'},{'R1'},{'D1'},{'R2'},&,1.0,&
{'D4'},{'D5'},{'D7'},{'D6'},{'D3'},{'D2'},{'D1'},{'R1'},{'R2'},{'R3'},&,2.0,&
{'D4'},{'D5'},{'D7'},{'D6'},{'D3'},{'D2'},{'D1'},{'R1'},{'R3'},{'R2'},&,5.0,&
{'D4'},{'D5'},{'D7'},{'D6'},{'D3'},{'D2'},{'D1'},{'R2'},{'R3'},{'R1'},&,5.0,&
{'D4'},{'D5'},{'D7'},{'D6'},{'D3'},{'D2'},{'D1'},{'R2'},{'R1'},{'R3'},&,1.0,&
{'D4'},{'D5'},{'D7'},{'D6'},{'D3'},{'D2'},{'D1'},{'R3'},{'R2'},{'R1'},&,5.0,&
{'D4'},{'D5'},{'D7'},{'D6'},{'D3'},{'D2'},{'D1'},{'R3'},{'R1'},{'R2'},&,7.0,&
{'D4'},{'D5'},{'D7'},{'D6'},{'D3'},{'D2'},{'R2'},{'D1'},{'R3'},{'R1'},&,3.0,&
{'D4'},{'D5'},{'D7'},{'D6'},{'D3'},{'D2'},{'R1'},{'R3'},{'D1'},{'R2'},&,1.0,&
{'D4'},{'D5'},{'D7'},{'D6'},{'D3'},{'R3'},{'D1'},{'D2'},{'R2'},{'R1'},&,2.0,&
{'D4'},{'D5'},{'D7'},{'R2'},{'D6'},{'D3'},{'D2'},{'R3'},{'D1'},{'R1'},&,1.0,&
{'D4'},{'D5'},{'D2'},{'D7'},{'D1'},{'D6'},{'D3'},{'R1'},{'R2'},{'R3'},&,1.0,&
{'D4'},{'D5'},{'D2'},{'D7'},{'D1'},{'D6'},{'D3'},{'R2'},{'R3'},{'R1'},&,1.0,&
{'D4'},{'D5'},{'D2'},{'D7'},{'D1'},{'D6'},{'D3'},{'R3'},{'R2'},{'R1'},&,1.0,&
{'D4'},{'D5'},{'D2'},{'D7'},{'D1'},{'D6'},{'D3'},{'R3'},{'R1'},{'R2'},&,2.0,&
{'D4'},{'D5'},{'D2'},{'D7'},{'D1'},{'D3'},{'D6'},{'R2'},{'R3'},{'R1'},&,1.0,&
{'D4'},{'D5'},{'D2'},{'D7'},{'D1'},{'D3'},{'D6'},{'R3'},{'R2'},{'R1'},&,2.0,&
{'D4'},{'D5'},{'D2'},{'D7'},{'D1'},{'D3'},{'D6'},{'R3'},{'R1'},{'R2'},&,1.0,&
{'D4'},{'D5'},{'D2'},{'D7'},{'D3'},{'D6'},{'D1'},{'R1'},{'R2'},{'R3'},&,1.0,&
{'D4'},{'D5'},{'D2'},{'D7'},{'D3'},{'D6'},{'D1'},{'R2'},{'R3'},{'R1'},&,1.0,&
{'D4'},{'D5'},{'D2'},{'D7'},{'D3'},{'D6'},{'D1'},{'R3'},{'R1'},{'R2'},&,1.0,&
{'D4'},{'D5'},{'D2'},{'D7'},{'D3'},{'D6'},{'R1'},{'D1'},{'R3'},{'R2'},&,1.0,&
{'D4'},{'D5'},{'D2'},{'D7'},{'D3'},{'D1'},{'D6'},{'R2'},{'R3'},{'R1'},&,1.0,&
{'D4'},{'D5'},{'D2'},{'D7'},{'D3'},{'D1'},{'D6'},{'R3'},{'R1'},{'R2'},&,1.0,&
{'D4'},{'D5'},{'D2'},{'D7'},{'D3'},{'R2'},{'D6'},{'D1'},{'R3'},{'R1'},&,1.0,&
{'D4'},{'D5'},{'D2'},{'D7'},{'D6'},{'D1'},{'D3'},{'R1'},{'R2'},{'R3'},&,1.0,&
{'D4'},{'D5'},{'D2'},{'D7'},{'D6'},{'D1'},{'D3'},{'R2'},{'R3'},{'R1'},&,1.0,&
{'D4'},{'D5'},{'D2'},{'D7'},{'D6'},{'D1'},{'D3'},{'R3'},{'R2'},{'R1'},&,1.0,&
{'D4'},{'D5'},{'D2'},{'D7'},{'D6'},{'D3'},{'D1'},{'R2'},{'R3'},{'R1'},&,2.0,&
{'D4'},{'D5'},{'D2'},{'D7'},{'D6'},{'D3'},{'D1'},{'R2'},{'R1'},{'R3'},&,1.0,&
{'D4'},{'D5'},{'D2'},{'D7'},{'D6'},{'D3'},{'D1'},{'R3'},{'R2'},{'R1'},&,2.0,&
{'D4'},{'D5'},{'D2'},{'D7'},{'D6'},{'D3'},{'D1'},{'R3'},{'R1'},{'R2'},&,2.0,&
{'D4'},{'D5'},{'D2'},{'D1'},{'D7'},{'D3'},{'R1'},{'D6'},{'R2'},{'R3'},&,1.0,&
{'D4'},{'D5'},{'D2'},{'D1'},{'D3'},{'D6'},{'D7'},{'R3'},{'R1'},{'R2'},&,1.0,&
{'D4'},{'D5'},{'D2'},{'D1'},{'D3'},{'D7'},{'D6'},{'R1'},{'R3'},{'R2'},&,3.0,&
{'D4'},{'D5'},{'D2'},{'D1'},{'D6'},{'D7'},{'D3'},{'R2'},{'R1'},{'R3'},&,1.0,&
{'D4'},{'D5'},{'D2'},{'D1'},{'D6'},{'D7'},{'D3'},{'R3'},{'R1'},{'R2'},&,2.0,&
{'D4'},{'D5'},{'D2'},{'D1'},{'D6'},{'D3'},{'D7'},{'R1'},{'R3'},{'R2'},&,1.0,&
{'D4'},{'D5'},{'D2'},{'D1'},{'D6'},{'D3'},{'D7'},{'R2'},{'R1'},{'R3'},&,1.0,&
{'D4'},{'D5'},{'D2'},{'D1'},{'D6'},{'D3'},{'D7'},{'R3'},{'R2'},{'R1'},&,2.0,&
{'D4'},{'D5'},{'D2'},{'D3'},{'D1'},{'D6'},{'R2'},{'D7'},{'R3'},{'R1'},&,1.0,&
{'D4'},{'D5'},{'D2'},{'D3'},{'D1'},{'D6'},{'D7'},{'R1'},{'R3'},{'R2'},&,1.0,&
{'D4'},{'D5'},{'D2'},{'D3'},{'D1'},{'D6'},{'D7'},{'R2'},{'R3'},{'R1'},&,1.0,&
{'D4'},{'D5'},{'D2'},{'D3'},{'D1'},{'D6'},{'D7'},{'R3'},{'R2'},{'R1'},&,3.0,&
{'D4'},{'D5'},{'D2'},{'D3'},{'D1'},{'D6'},{'D7'},{'R3'},{'R1'},{'R2'},&,1.0,&
{'D4'},{'D5'},{'D2'},{'D3'},{'D1'},{'D6'},{'R1'},{'D7'},{'R2'},{'R3'},&,1.0,&
{'D4'},{'D5'},{'D2'},{'D3'},{'D1'},{'D7'},{'D6'},{'R3'},{'R2'},{'R1'},&,1.0,&
{'D4'},{'D5'},{'D2'},{'D3'},{'D1'},{'R2'},{'D6'},{'D7'},{'R3'},{'R1'},&,1.0,&
{'D4'},{'D5'},{'D2'},{'D3'},{'D1'},{'R3'},{'D7'},{'D6'},{'R1'},{'R2'},&,1.0,&
{'D4'},{'D5'},{'D2'},{'D3'},{'D7'},{'D6'},{'R3'},{'R2'},{'D1'},{'R1'},&,1.0,&
{'D4'},{'D5'},{'D2'},{'D3'},{'D7'},{'D6'},{'R3'},{'D1'},{'R2'},{'R1'},&,1.0,&
{'D4'},{'D5'},{'D2'},{'D3'},{'D7'},{'D6'},{'D1'},{'R1'},{'R2'},{'R3'},&,1.0,&
{'D4'},{'D5'},{'D2'},{'D3'},{'D7'},{'D6'},{'D1'},{'R2'},{'R3'},{'R1'},&,1.0,&
{'D4'},{'D5'},{'D2'},{'D3'},{'D7'},{'D6'},{'D1'},{'R3'},{'R2'},{'R1'},&,1.0,&
{'D4'},{'D5'},{'D2'},{'D3'},{'D7'},{'D1'},{'R3'},{'D6'},{'R2'},{'R1'},&,1.0,&
{'D4'},{'D5'},{'D2'},{'D3'},{'D7'},{'D1'},{'D6'},{'R2'},{'R1'},{'R3'},&,1.0,&
{'D4'},{'D5'},{'D2'},{'D3'},{'D7'},{'D1'},{'D6'},{'R3'},{'R2'},{'R1'},&,2.0,&
{'D4'},{'D5'},{'D2'},{'D3'},{'D7'},{'D1'},{'D6'},{'R3'},{'R1'},{'R2'},&,2.0,&
{'D4'},{'D5'},{'D2'},{'D3'},{'D7'},{'R1'},{'D6'},{'D1'},{'R3'},{'R2'},&,1.0,&
{'D4'},{'D5'},{'D2'},{'D3'},{'D7'},{'R3'},{'D6'},{'D1'},{'R1'},{'R2'},&,1.0,&
{'D4'},{'D5'},{'D2'},{'D3'},{'D6'},{'D7'},{'D1'},{'R1'},{'R2'},{'R3'},&,1.0,&
{'D4'},{'D5'},{'D2'},{'D3'},{'D6'},{'D7'},{'D1'},{'R1'},{'R3'},{'R2'},&,1.0,&
{'D4'},{'D5'},{'D2'},{'D3'},{'D6'},{'D7'},{'D1'},{'R2'},{'R3'},{'R1'},&,2.0,&
{'D4'},{'D5'},{'D2'},{'D3'},{'D6'},{'D7'},{'D1'},{'R2'},{'R1'},{'R3'},&,1.0,&
{'D4'},{'D5'},{'D2'},{'D3'},{'D6'},{'D7'},{'D1'},{'R3'},{'R2'},{'R1'},&,1.0,&
{'D4'},{'D5'},{'D2'},{'D3'},{'D6'},{'D7'},{'D1'},{'R3'},{'R1'},{'R2'},&,6.0,&
{'D4'},{'D5'},{'D2'},{'D3'},{'D6'},{'D7'},{'R2'},{'D1'},{'R3'},{'R1'},&,1.0,&
{'D4'},{'D5'},{'D2'},{'D3'},{'D6'},{'D7'},{'R1'},{'R3'},{'D1'},{'R2'},&,1.0,&
{'D4'},{'D5'},{'D2'},{'D3'},{'D6'},{'D7'},{'R1'},{'D1'},{'R3'},{'R2'},&,1.0,&
{'D4'},{'D5'},{'D2'},{'D3'},{'D6'},{'D1'},{'R3'},{'R2'},{'D7'},{'R1'},&,1.0,&
{'D4'},{'D5'},{'D2'},{'D3'},{'D6'},{'D1'},{'R3'},{'D7'},{'R1'},{'R2'},&,1.0,&
{'D4'},{'D5'},{'D2'},{'D3'},{'D6'},{'D1'},{'D7'},{'R2'},{'R3'},{'R1'},&,1.0,&
{'D4'},{'D5'},{'D2'},{'D3'},{'D6'},{'D1'},{'D7'},{'R3'},{'R2'},{'R1'},&,2.0,&
{'D4'},{'D5'},{'D2'},{'D3'},{'D6'},{'D1'},{'D7'},{'R3'},{'R1'},{'R2'},&,1.0,&
{'D4'},{'D5'},{'D2'},{'D3'},{'D6'},{'R3'},{'D1'},{'D7'},{'R2'},{'R1'},&,1.0,&
{'D4'},{'D5'},{'D2'},{'D3'},{'D6'},{'R3'},{'D7'},{'D1'},{'R1'},{'R2'},&,1.0,&
{'D4'},{'D5'},{'D2'},{'D6'},{'D1'},{'D7'},{'D3'},{'R3'},{'R2'},{'R1'},&,1.0,&
{'D4'},{'D5'},{'D2'},{'D6'},{'D1'},{'D7'},{'D3'},{'R3'},{'R1'},{'R2'},&,1.0,&
{'D4'},{'D5'},{'D2'},{'D6'},{'D1'},{'D3'},{'R3'},{'R1'},{'D7'},{'R2'},&,1.0,&
{'D4'},{'D5'},{'D2'},{'D6'},{'D1'},{'D3'},{'D7'},{'R1'},{'R3'},{'R2'},&,1.0,&
{'D4'},{'D5'},{'D2'},{'D6'},{'D1'},{'D3'},{'D7'},{'R2'},{'R1'},{'R3'},&,1.0,&
{'D4'},{'D5'},{'D2'},{'D6'},{'D1'},{'D3'},{'D7'},{'R3'},{'R2'},{'R1'},&,1.0,&
{'D4'},{'D5'},{'D2'},{'D6'},{'D1'},{'D3'},{'D7'},{'R3'},{'R1'},{'R2'},&,1.0,&
{'D4'},{'D5'},{'D2'},{'D6'},{'D1'},{'D3'},{'R1'},{'D7'},{'R3'},{'R2'},&,1.0,&
{'D4'},{'D5'},{'D2'},{'D6'},{'D7'},{'D1'},{'D3'},{'R3'},{'R2'},{'R1'},&,1.0,&
{'D4'},{'D5'},{'D2'},{'D6'},{'D7'},{'D1'},{'D3'},{'R3'},{'R1'},{'R2'},&,2.0,&
{'D4'},{'D5'},{'D2'},{'D6'},{'D7'},{'D3'},{'D1'},{'R1'},{'R2'},{'R3'},&,1.0,&
{'D4'},{'D5'},{'D2'},{'D6'},{'D7'},{'D3'},{'D1'},{'R1'},{'R3'},{'R2'},&,3.0,&
{'D4'},{'D5'},{'D2'},{'D6'},{'D7'},{'D3'},{'D1'},{'R2'},{'R1'},{'R3'},&,1.0,&
{'D4'},{'D5'},{'D2'},{'D6'},{'D7'},{'D3'},{'D1'},{'R3'},{'R2'},{'R1'},&,2.0,&
{'D4'},{'D5'},{'D2'},{'D6'},{'D7'},{'D3'},{'D1'},{'R3'},{'R1'},{'R2'},&,1.0,&
{'D4'},{'D5'},{'D2'},{'D6'},{'D7'},{'D3'},{'R1'},{'D1'},{'R3'},{'R2'},&,1.0,&
{'D4'},{'D5'},{'D2'},{'D6'},{'D7'},{'R2'},{'D1'},{'R3'},{'D3'},{'R1'},&,1.0,&
{'D4'},{'D5'},{'D2'},{'D6'},{'D7'},{'R3'},{'D3'},{'R2'},{'D1'},{'R1'},&,1.0,&
{'D4'},{'D5'},{'D2'},{'D6'},{'D7'},{'R3'},{'D3'},{'D1'},{'R2'},{'R1'},&,1.0,&
{'D4'},{'D5'},{'D2'},{'D6'},{'D7'},{'R3'},{'R1'},{'D3'},{'R2'},{'D1'},&,1.0,&
{'D4'},{'D5'},{'D2'},{'D6'},{'D3'},{'D7'},{'R3'},{'D1'},{'R1'},{'R2'},&,2.0,&
{'D4'},{'D5'},{'D2'},{'D6'},{'D3'},{'D7'},{'D1'},{'R1'},{'R2'},{'R3'},&,1.0,&
{'D4'},{'D5'},{'D2'},{'D6'},{'D3'},{'D7'},{'D1'},{'R1'},{'R3'},{'R2'},&,5.0,&
{'D4'},{'D5'},{'D2'},{'D6'},{'D3'},{'D7'},{'D1'},{'R2'},{'R3'},{'R1'},&,6.0,&
{'D4'},{'D5'},{'D2'},{'D6'},{'D3'},{'D7'},{'D1'},{'R2'},{'R1'},{'R3'},&,1.0,&
{'D4'},{'D5'},{'D2'},{'D6'},{'D3'},{'D7'},{'D1'},{'R3'},{'R2'},{'R1'},&,6.0,&
{'D4'},{'D5'},{'D2'},{'D6'},{'D3'},{'D7'},{'D1'},{'R3'},{'R1'},{'R2'},&,5.0,&
{'D4'},{'D5'},{'D2'},{'D6'},{'D3'},{'D1'},{'D7'},{'R1'},{'R2'},{'R3'},&,1.0,&
{'D4'},{'D5'},{'D2'},{'D6'},{'D3'},{'D1'},{'D7'},{'R1'},{'R3'},{'R2'},&,4.0,&
{'D4'},{'D5'},{'D2'},{'D6'},{'D3'},{'D1'},{'D7'},{'R2'},{'R3'},{'R1'},&,2.0,&
{'D4'},{'D5'},{'D2'},{'D6'},{'D3'},{'D1'},{'D7'},{'R3'},{'R2'},{'R1'},&,3.0,&
{'D4'},{'D5'},{'D2'},{'D6'},{'D3'},{'D1'},{'D7'},{'R3'},{'R1'},{'R2'},&,4.0,&
{'D4'},{'D5'},{'D2'},{'D6'},{'D3'},{'D1'},{'R1'},{'D7'},{'R3'},{'R2'},&,1.0,&
{'D4'},{'D5'},{'D2'},{'D6'},{'D3'},{'R3'},{'D7'},{'D1'},{'R1'},{'R2'},&,1.0,&
{'D4'},{'D5'},{'D2'},{'R3'},{'D7'},{'D1'},{'D6'},{'R1'},{'D3'},{'R2'},&,1.0,&
{'D4'},{'D1'},{'D3'},{'D7'},{'D6'},{'D5'},{'R3'},{'R2'},{'D2'},{'R1'},&,1.0,&
{'D4'},{'D1'},{'D3'},{'D7'},{'D6'},{'D5'},{'D2'},{'R3'},{'R2'},{'R1'},&,1.0,&
{'D4'},{'D1'},{'D3'},{'D7'},{'D6'},{'D5'},{'D2'},{'R3'},{'R1'},{'R2'},&,1.0,&
{'D4'},{'D1'},{'D3'},{'D7'},{'D5'},{'D6'},{'D2'},{'R2'},{'R3'},{'R1'},&,1.0,&
{'D4'},{'D1'},{'D3'},{'D7'},{'D5'},{'D2'},{'R3'},{'R2'},{'D6'},{'R1'},&,1.0,&
{'D4'},{'D1'},{'D3'},{'D7'},{'D5'},{'D2'},{'D6'},{'R2'},{'R3'},{'R1'},&,1.0,&
{'D4'},{'D1'},{'D3'},{'D2'},{'D7'},{'D5'},{'D6'},{'R3'},{'R1'},{'R2'},&,1.0,&
{'D4'},{'D1'},{'D3'},{'D2'},{'D6'},{'D5'},{'R3'},{'D7'},{'R2'},{'R1'},&,1.0,&
{'D4'},{'D1'},{'D3'},{'D2'},{'D6'},{'D5'},{'D7'},{'R2'},{'R1'},{'R3'},&,1.0,&
{'D4'},{'D1'},{'D3'},{'D2'},{'D6'},{'D5'},{'D7'},{'R3'},{'R2'},{'R1'},&,1.0,&
{'D4'},{'D1'},{'D3'},{'D2'},{'D6'},{'D5'},{'D7'},{'R3'},{'R1'},{'R2'},&,1.0,&
{'D4'},{'D1'},{'D3'},{'D2'},{'D5'},{'D7'},{'D6'},{'R3'},{'R2'},{'R1'},&,1.0,&
{'D4'},{'D1'},{'D3'},{'D5'},{'D7'},{'D6'},{'D2'},{'R2'},{'R1'},{'R3'},&,1.0,&
{'D4'},{'D1'},{'D3'},{'D5'},{'D7'},{'D6'},{'D2'},{'R3'},{'R2'},{'R1'},&,1.0,&
{'D4'},{'D1'},{'D3'},{'D5'},{'D7'},{'D6'},{'R2'},{'D2'},{'R3'},{'R1'},&,2.0,&
{'D4'},{'D1'},{'D3'},{'D5'},{'D7'},{'D2'},{'R3'},{'D6'},{'R1'},{'R2'},&,1.0,&
{'D4'},{'D1'},{'D3'},{'D5'},{'D2'},{'D6'},{'D7'},{'R1'},{'R3'},{'R2'},&,1.0,&
{'D4'},{'D1'},{'D3'},{'D5'},{'D2'},{'D6'},{'D7'},{'R2'},{'R3'},{'R1'},&,1.0,&
{'D4'},{'D1'},{'D3'},{'D5'},{'D2'},{'D6'},{'D7'},{'R3'},{'R2'},{'R1'},&,1.0,&
{'D4'},{'D1'},{'D3'},{'D5'},{'D2'},{'D7'},{'D6'},{'R3'},{'R1'},{'R2'},&,1.0,&
{'D4'},{'D1'},{'D3'},{'D5'},{'D2'},{'D7'},{'R1'},{'R3'},{'D6'},{'R2'},&,1.0,&
{'D4'},{'D1'},{'D3'},{'D5'},{'D6'},{'D7'},{'R3'},{'D2'},{'R1'},{'R2'},&,1.0,&
{'D4'},{'D1'},{'D3'},{'D5'},{'D6'},{'D7'},{'D2'},{'R2'},{'R3'},{'R1'},&,1.0,&
{'D4'},{'D1'},{'D3'},{'D5'},{'D6'},{'D7'},{'D2'},{'R3'},{'R2'},{'R1'},&,4.0,&
{'D4'},{'D1'},{'D3'},{'D5'},{'D6'},{'D7'},{'D2'},{'R3'},{'R1'},{'R2'},&,3.0,&
{'D4'},{'D1'},{'D3'},{'D5'},{'D6'},{'D7'},{'R2'},{'D2'},{'R3'},{'R1'},&,1.0,&
{'D4'},{'D1'},{'D3'},{'D5'},{'D6'},{'D7'},{'R1'},{'D2'},{'R2'},{'R3'},&,1.0,&
{'D4'},{'D1'},{'D3'},{'D5'},{'D6'},{'D7'},{'R1'},{'D2'},{'R3'},{'R2'},&,1.0,&
{'D4'},{'D1'},{'D3'},{'D5'},{'D6'},{'D2'},{'R3'},{'D7'},{'R2'},{'R1'},&,2.0,&
{'D4'},{'D1'},{'D3'},{'D5'},{'D6'},{'D2'},{'D7'},{'R1'},{'R3'},{'R2'},&,4.0,&
{'D4'},{'D1'},{'D3'},{'D5'},{'D6'},{'D2'},{'D7'},{'R3'},{'R2'},{'R1'},&,1.0,&
{'D4'},{'D1'},{'D3'},{'D5'},{'D6'},{'D2'},{'D7'},{'R3'},{'R1'},{'R2'},&,1.0,&
{'D4'},{'D1'},{'D3'},{'D5'},{'D6'},{'R1'},{'D7'},{'R3'},{'D2'},{'R2'},&,1.0,&
{'D4'},{'D1'},{'D3'},{'D5'},{'D6'},{'R3'},{'D7'},{'R2'},{'R1'},{'D2'},&,1.0,&
{'D4'},{'D1'},{'D3'},{'D5'},{'R3'},{'D6'},{'D2'},{'R1'},{'R2'},{'D7'},&,1.0,&
{'D4'},{'D1'},{'D3'},{'D5'},{'R3'},{'D7'},{'D6'},{'D2'},{'R2'},{'R1'},&,1.0,&
{'D4'},{'D1'},{'D3'},{'D6'},{'D7'},{'D2'},{'D5'},{'R3'},{'R1'},{'R2'},&,1.0,&
{'D4'},{'D1'},{'D3'},{'D6'},{'D7'},{'R3'},{'R1'},{'D5'},{'D2'},{'R2'},&,1.0,&
{'D4'},{'D1'},{'D3'},{'D6'},{'D2'},{'D7'},{'D5'},{'R3'},{'R1'},{'R2'},&,1.0,&
{'D4'},{'D1'},{'D3'},{'D6'},{'D2'},{'D5'},{'D7'},{'R3'},{'R2'},{'R1'},&,2.0,&
{'D4'},{'D1'},{'D3'},{'D6'},{'D5'},{'D7'},{'D2'},{'R1'},{'R3'},{'R2'},&,3.0,&
{'D4'},{'D1'},{'D3'},{'D6'},{'D5'},{'D7'},{'D2'},{'R2'},{'R3'},{'R1'},&,1.0,&
{'D4'},{'D1'},{'D3'},{'D6'},{'D5'},{'D7'},{'D2'},{'R2'},{'R1'},{'R3'},&,1.0,&
{'D4'},{'D1'},{'D3'},{'D6'},{'D5'},{'D7'},{'D2'},{'R3'},{'R2'},{'R1'},&,1.0,&
{'D4'},{'D1'},{'D3'},{'D6'},{'D5'},{'D7'},{'D2'},{'R3'},{'R1'},{'R2'},&,1.0,&
{'D4'},{'D1'},{'D3'},{'D6'},{'D5'},{'D2'},{'R3'},{'D7'},{'R2'},{'R1'},&,1.0,&
{'D4'},{'D1'},{'D3'},{'D6'},{'D5'},{'D2'},{'R3'},{'D7'},{'R1'},{'R2'},&,1.0,&
{'D4'},{'D1'},{'D3'},{'D6'},{'D5'},{'D2'},{'D7'},{'R2'},{'R3'},{'R1'},&,1.0,&
{'D4'},{'D1'},{'D3'},{'D6'},{'D5'},{'D2'},{'D7'},{'R3'},{'R2'},{'R1'},&,1.0,&
{'D4'},{'D1'},{'D3'},{'D6'},{'D5'},{'D2'},{'D7'},{'R3'},{'R1'},{'R2'},&,3.0,&
{'D4'},{'D1'},{'D3'},{'D6'},{'D5'},{'R3'},{'D2'},{'D7'},{'R2'},{'R1'},&,1.0,&
{'D4'},{'D1'},{'D5'},{'D7'},{'D2'},{'D6'},{'D3'},{'R1'},{'R3'},{'R2'},&,1.0,&
{'D4'},{'D1'},{'D5'},{'D7'},{'D2'},{'D6'},{'R1'},{'D3'},{'R3'},{'R2'},&,1.0,&
{'D4'},{'D1'},{'D5'},{'D7'},{'D3'},{'D6'},{'R3'},{'D2'},{'R2'},{'R1'},&,1.0,&
{'D4'},{'D1'},{'D5'},{'D7'},{'D3'},{'D6'},{'D2'},{'R1'},{'R2'},{'R3'},&,1.0,&
{'D4'},{'D1'},{'D5'},{'D7'},{'D3'},{'D6'},{'D2'},{'R1'},{'R3'},{'R2'},&,2.0,&
{'D4'},{'D1'},{'D5'},{'D7'},{'D3'},{'D6'},{'D2'},{'R2'},{'R3'},{'R1'},&,1.0,&
{'D4'},{'D1'},{'D5'},{'D7'},{'D3'},{'D6'},{'D2'},{'R3'},{'R2'},{'R1'},&,1.0,&
{'D4'},{'D1'},{'D5'},{'D7'},{'D3'},{'D6'},{'D2'},{'R3'},{'R1'},{'R2'},&,2.0,&
{'D4'},{'D1'},{'D5'},{'D7'},{'D3'},{'D2'},{'D6'},{'R1'},{'R3'},{'R2'},&,2.0,&
{'D4'},{'D1'},{'D5'},{'D7'},{'D3'},{'R2'},{'D6'},{'D2'},{'R3'},{'R1'},&,1.0,&
{'D4'},{'D1'},{'D5'},{'D7'},{'D6'},{'D2'},{'D3'},{'R1'},{'R2'},{'R3'},&,1.0,&
{'D4'},{'D1'},{'D5'},{'D7'},{'D6'},{'D2'},{'D3'},{'R1'},{'R3'},{'R2'},&,2.0,&
{'D4'},{'D1'},{'D5'},{'D7'},{'D6'},{'D2'},{'D3'},{'R2'},{'R3'},{'R1'},&,1.0,&
{'D4'},{'D1'},{'D5'},{'D7'},{'D6'},{'D3'},{'D2'},{'R1'},{'R2'},{'R3'},&,1.0,&
{'D4'},{'D1'},{'D5'},{'D7'},{'D6'},{'D3'},{'D2'},{'R1'},{'R3'},{'R2'},&,3.0,&
{'D4'},{'D1'},{'D5'},{'D7'},{'D6'},{'D3'},{'D2'},{'R2'},{'R1'},{'R3'},&,1.0,&
{'D4'},{'D1'},{'D5'},{'D7'},{'D6'},{'D3'},{'D2'},{'R3'},{'R2'},{'R1'},&,2.0,&
{'D4'},{'D1'},{'D5'},{'D7'},{'D6'},{'D3'},{'D2'},{'R3'},{'R1'},{'R2'},&,2.0,&
{'D4'},{'D1'},{'D5'},{'D7'},{'R1'},{'D3'},{'D2'},{'R3'},{'D6'},{'R2'},&,1.0,&
{'D4'},{'D1'},{'D5'},{'D2'},{'D7'},{'D3'},{'D6'},{'R2'},{'R3'},{'R1'},&,1.0,&
{'D4'},{'D1'},{'D5'},{'D2'},{'D7'},{'D3'},{'R1'},{'R3'},{'D6'},{'R2'},&,1.0,&
{'D4'},{'D1'},{'D5'},{'D2'},{'D7'},{'D3'},{'R1'},{'D6'},{'R2'},{'R3'},&,1.0,&
{'D4'},{'D1'},{'D5'},{'D2'},{'D3'},{'D6'},{'R3'},{'D7'},{'R2'},{'R1'},&,1.0,&
{'D4'},{'D1'},{'D5'},{'D2'},{'D3'},{'D6'},{'R2'},{'D7'},{'R3'},{'R1'},&,1.0,&
{'D4'},{'D1'},{'D5'},{'D2'},{'D3'},{'D6'},{'D7'},{'R1'},{'R3'},{'R2'},&,1.0,&
{'D4'},{'D1'},{'D5'},{'D2'},{'D3'},{'D7'},{'R1'},{'D6'},{'R3'},{'R2'},&,1.0,&
{'D4'},{'D1'},{'D5'},{'D2'},{'D3'},{'R3'},{'D6'},{'D7'},{'R1'},{'R2'},&,1.0,&
{'D4'},{'D1'},{'D5'},{'D2'},{'D6'},{'D3'},{'R3'},{'D7'},{'R1'},{'R2'},&,1.0,&
{'D4'},{'D1'},{'D5'},{'D2'},{'D6'},{'D3'},{'D7'},{'R2'},{'R3'},{'R1'},&,1.0,&
{'D4'},{'D1'},{'D5'},{'D2'},{'D6'},{'D3'},{'D7'},{'R2'},{'R1'},{'R3'},&,1.0,&
{'D4'},{'D1'},{'D5'},{'D2'},{'D6'},{'D3'},{'D7'},{'R3'},{'R2'},{'R1'},&,1.0,&
{'D4'},{'D1'},{'D5'},{'D2'},{'D6'},{'R3'},{'D3'},{'D7'},{'R1'},{'R2'},&,1.0,&
{'D4'},{'D1'},{'D5'},{'D3'},{'D7'},{'D6'},{'R3'},{'D2'},{'R2'},{'R1'},&,3.0,&
{'D4'},{'D1'},{'D5'},{'D3'},{'D7'},{'D6'},{'R3'},{'D2'},{'R1'},{'R2'},&,1.0,&
{'D4'},{'D1'},{'D5'},{'D3'},{'D7'},{'D6'},{'D2'},{'R1'},{'R3'},{'R2'},&,1.0,&
{'D4'},{'D1'},{'D5'},{'D3'},{'D7'},{'D6'},{'D2'},{'R2'},{'R3'},{'R1'},&,1.0,&
{'D4'},{'D1'},{'D5'},{'D3'},{'D7'},{'D6'},{'D2'},{'R3'},{'R2'},{'R1'},&,1.0,&
{'D4'},{'D1'},{'D5'},{'D3'},{'D7'},{'D6'},{'D2'},{'R3'},{'R1'},{'R2'},&,1.0,&
{'D4'},{'D1'},{'D5'},{'D3'},{'D7'},{'D6'},{'R1'},{'D2'},{'R2'},{'R3'},&,1.0,&
{'D4'},{'D1'},{'D5'},{'D3'},{'D7'},{'D2'},{'D6'},{'R1'},{'R2'},{'R3'},&,1.0,&
{'D4'},{'D1'},{'D5'},{'D3'},{'D7'},{'D2'},{'D6'},{'R1'},{'R3'},{'R2'},&,1.0,&
{'D4'},{'D1'},{'D5'},{'D3'},{'D7'},{'D2'},{'D6'},{'R2'},{'R1'},{'R3'},&,1.0,&
{'D4'},{'D1'},{'D5'},{'D3'},{'D7'},{'R2'},{'D6'},{'D2'},{'R3'},{'R1'},&,2.0,&
{'D4'},{'D1'},{'D5'},{'D3'},{'D2'},{'D6'},{'R3'},{'D7'},{'R1'},{'R2'},&,1.0,&
{'D4'},{'D1'},{'D5'},{'D3'},{'D2'},{'D6'},{'D7'},{'R2'},{'R3'},{'R1'},&,3.0,&
{'D4'},{'D1'},{'D5'},{'D3'},{'D2'},{'D6'},{'D7'},{'R3'},{'R2'},{'R1'},&,1.0,&
{'D4'},{'D1'},{'D5'},{'D3'},{'D2'},{'D7'},{'D6'},{'R1'},{'R3'},{'R2'},&,1.0,&
{'D4'},{'D1'},{'D5'},{'D3'},{'D2'},{'D7'},{'D6'},{'R3'},{'R2'},{'R1'},&,1.0,&
{'D4'},{'D1'},{'D5'},{'D3'},{'D6'},{'D7'},{'R3'},{'D2'},{'R1'},{'R2'},&,1.0,&
{'D4'},{'D1'},{'D5'},{'D3'},{'D6'},{'D7'},{'R3'},{'R1'},{'R2'},{'D2'},&,1.0,&
{'D4'},{'D1'},{'D5'},{'D3'},{'D6'},{'D7'},{'R3'},{'R1'},{'D2'},{'R2'},&,1.0,&
{'D4'},{'D1'},{'D5'},{'D3'},{'D6'},{'D7'},{'R3'},{'R2'},{'D2'},{'R1'},&,1.0,&
{'D4'},{'D1'},{'D5'},{'D3'},{'D6'},{'D7'},{'D2'},{'R1'},{'R2'},{'R3'},&,3.0,&
{'D4'},{'D1'},{'D5'},{'D3'},{'D6'},{'D7'},{'D2'},{'R1'},{'R3'},{'R2'},&,3.0,&
{'D4'},{'D1'},{'D5'},{'D3'},{'D6'},{'D7'},{'D2'},{'R2'},{'R3'},{'R1'},&,2.0,&
{'D4'},{'D1'},{'D5'},{'D3'},{'D6'},{'D7'},{'D2'},{'R3'},{'R2'},{'R1'},&,4.0,&
{'D4'},{'D1'},{'D5'},{'D3'},{'D6'},{'D7'},{'D2'},{'R3'},{'R1'},{'R2'},&,3.0,&
{'D4'},{'D1'},{'D5'},{'D3'},{'D6'},{'D7'},{'R1'},{'D2'},{'R3'},{'R2'},&,1.0,&
{'D4'},{'D1'},{'D5'},{'D3'},{'D6'},{'D7'},{'R1'},{'R3'},{'D2'},{'R2'},&,1.0,&
{'D4'},{'D1'},{'D5'},{'D3'},{'D6'},{'D2'},{'R2'},{'D7'},{'R3'},{'R1'},&,1.0,&
{'D4'},{'D1'},{'D5'},{'D3'},{'D6'},{'D2'},{'D7'},{'R1'},{'R3'},{'R2'},&,1.0,&
{'D4'},{'D1'},{'D5'},{'D3'},{'D6'},{'D2'},{'D7'},{'R3'},{'R1'},{'R2'},&,1.0,&
{'D4'},{'D1'},{'D5'},{'D3'},{'D6'},{'R1'},{'D2'},{'R3'},{'D7'},{'R2'},&,1.0,&
{'D4'},{'D1'},{'D5'},{'D6'},{'D7'},{'D3'},{'D2'},{'R1'},{'R3'},{'R2'},&,1.0,&
{'D4'},{'D1'},{'D5'},{'D6'},{'D7'},{'D3'},{'D2'},{'R2'},{'R3'},{'R1'},&,3.0,&
{'D4'},{'D1'},{'D5'},{'D6'},{'D7'},{'D3'},{'D2'},{'R3'},{'R2'},{'R1'},&,1.0,&
{'D4'},{'D1'},{'D5'},{'D6'},{'D7'},{'D3'},{'D2'},{'R3'},{'R1'},{'R2'},&,2.0,&
{'D4'},{'D1'},{'D5'},{'D6'},{'D7'},{'R3'},{'D2'},{'D3'},{'R2'},{'R1'},&,1.0,&
{'D4'},{'D1'},{'D5'},{'D6'},{'D2'},{'D7'},{'D3'},{'R3'},{'R1'},{'R2'},&,1.0,&
{'D4'},{'D1'},{'D5'},{'D6'},{'D2'},{'D3'},{'R2'},{'D7'},{'R3'},{'R1'},&,1.0,&
{'D4'},{'D1'},{'D5'},{'D6'},{'D2'},{'D3'},{'D7'},{'R1'},{'R3'},{'R2'},&,1.0,&
{'D4'},{'D1'},{'D5'},{'D6'},{'D2'},{'D3'},{'D7'},{'R2'},{'R1'},{'R3'},&,1.0,&
{'D4'},{'D1'},{'D5'},{'D6'},{'D2'},{'D3'},{'D7'},{'R3'},{'R2'},{'R1'},&,3.0,&
{'D4'},{'D1'},{'D5'},{'D6'},{'D2'},{'D3'},{'R1'},{'D7'},{'R2'},{'R3'},&,1.0,&
{'D4'},{'D1'},{'D5'},{'D6'},{'D3'},{'D7'},{'R3'},{'D2'},{'R2'},{'R1'},&,2.0,&
{'D4'},{'D1'},{'D5'},{'D6'},{'D3'},{'D7'},{'R3'},{'D2'},{'R1'},{'R2'},&,2.0,&
{'D4'},{'D1'},{'D5'},{'D6'},{'D3'},{'D7'},{'D2'},{'R1'},{'R3'},{'R2'},&,4.0,&
{'D4'},{'D1'},{'D5'},{'D6'},{'D3'},{'D7'},{'D2'},{'R2'},{'R3'},{'R1'},&,1.0,&
{'D4'},{'D1'},{'D5'},{'D6'},{'D3'},{'D7'},{'D2'},{'R2'},{'R1'},{'R3'},&,1.0,&
{'D4'},{'D1'},{'D5'},{'D6'},{'D3'},{'D7'},{'D2'},{'R3'},{'R2'},{'R1'},&,6.0,&
{'D4'},{'D1'},{'D5'},{'D6'},{'D3'},{'D7'},{'D2'},{'R3'},{'R1'},{'R2'},&,2.0,&
{'D4'},{'D1'},{'D5'},{'D6'},{'D3'},{'D7'},{'R2'},{'D2'},{'R3'},{'R1'},&,1.0,&
{'D4'},{'D1'},{'D5'},{'D6'},{'D3'},{'D2'},{'R3'},{'D7'},{'R2'},{'R1'},&,1.0,&
{'D4'},{'D1'},{'D5'},{'D6'},{'D3'},{'D2'},{'D7'},{'R1'},{'R2'},{'R3'},&,1.0,&
{'D4'},{'D1'},{'D5'},{'D6'},{'D3'},{'D2'},{'D7'},{'R1'},{'R3'},{'R2'},&,1.0,&
{'D4'},{'D1'},{'D5'},{'D6'},{'D3'},{'D2'},{'D7'},{'R2'},{'R3'},{'R1'},&,2.0,&
{'D4'},{'D1'},{'D5'},{'D6'},{'D3'},{'D2'},{'D7'},{'R3'},{'R2'},{'R1'},&,1.0,&
{'D4'},{'D1'},{'D5'},{'D6'},{'D3'},{'D2'},{'D7'},{'R3'},{'R1'},{'R2'},&,1.0,&
{'D4'},{'D1'},{'D5'},{'D6'},{'D3'},{'R2'},{'D7'},{'D2'},{'R3'},{'R1'},&,1.0,&
{'D4'},{'D1'},{'D5'},{'D6'},{'D3'},{'R3'},{'D2'},{'D7'},{'R1'},{'R2'},&,1.0,&
{'D4'},{'D1'},{'D5'},{'D6'},{'D3'},{'R3'},{'D7'},{'R2'},{'D2'},{'R1'},&,1.0,&
{'D4'},{'D1'},{'D5'},{'D6'},{'R3'},{'D3'},{'D7'},{'D2'},{'R2'},{'R1'},&,1.0,&
{'D4'},{'D1'},{'D5'},{'R3'},{'D3'},{'D6'},{'D7'},{'R2'},{'D2'},{'R1'},&,1.0,&
{'D4'},{'D1'},{'D6'},{'D7'},{'D2'},{'D3'},{'R3'},{'D5'},{'R1'},{'R2'},&,1.0,&
{'D4'},{'D1'},{'D6'},{'D7'},{'D2'},{'D3'},{'R1'},{'D5'},{'R3'},{'R2'},&,1.0,&
{'D4'},{'D1'},{'D6'},{'D7'},{'D2'},{'D3'},{'D5'},{'R3'},{'R2'},{'R1'},&,1.0,&
{'D4'},{'D1'},{'D6'},{'D7'},{'D3'},{'D2'},{'D5'},{'R1'},{'R3'},{'R2'},&,1.0,&
{'D4'},{'D1'},{'D6'},{'D7'},{'D3'},{'D5'},{'R3'},{'D2'},{'R1'},{'R2'},&,1.0,&
{'D4'},{'D1'},{'D6'},{'D7'},{'D3'},{'D5'},{'D2'},{'R3'},{'R1'},{'R2'},&,1.0,&
{'D4'},{'D1'},{'D6'},{'D7'},{'D3'},{'D5'},{'R1'},{'D2'},{'R3'},{'R2'},&,1.0,&
{'D4'},{'D1'},{'D6'},{'D7'},{'D5'},{'D2'},{'R3'},{'D3'},{'R1'},{'R2'},&,1.0,&
{'D4'},{'D1'},{'D6'},{'D7'},{'D5'},{'D2'},{'D3'},{'R3'},{'R1'},{'R2'},&,1.0,&
{'D4'},{'D1'},{'D6'},{'D7'},{'D5'},{'D2'},{'R1'},{'D3'},{'R3'},{'R2'},&,1.0,&
{'D4'},{'D1'},{'D6'},{'D7'},{'D5'},{'D3'},{'D2'},{'R2'},{'R3'},{'R1'},&,1.0,&
{'D4'},{'D1'},{'D6'},{'D7'},{'D5'},{'D3'},{'D2'},{'R3'},{'R1'},{'R2'},&,1.0,&
{'D4'},{'D1'},{'D6'},{'D7'},{'D5'},{'R1'},{'D2'},{'D3'},{'R2'},{'R3'},&,1.0,&
{'D4'},{'D1'},{'D6'},{'D2'},{'D7'},{'D5'},{'R3'},{'D3'},{'R2'},{'R1'},&,1.0,&
{'D4'},{'D1'},{'D6'},{'D2'},{'D7'},{'D5'},{'D3'},{'R2'},{'R3'},{'R1'},&,1.0,&
{'D4'},{'D1'},{'D6'},{'D2'},{'D5'},{'D3'},{'R2'},{'D7'},{'R1'},{'R3'},&,1.0,&
{'D4'},{'D1'},{'D6'},{'D2'},{'D5'},{'D3'},{'D7'},{'R2'},{'R3'},{'R1'},&,1.0,&
{'D4'},{'D1'},{'D6'},{'D2'},{'D5'},{'D3'},{'D7'},{'R3'},{'R2'},{'R1'},&,1.0,&
{'D4'},{'D1'},{'D6'},{'D3'},{'D7'},{'D5'},{'R3'},{'D2'},{'R1'},{'R2'},&,1.0,&
{'D4'},{'D1'},{'D6'},{'D3'},{'D7'},{'D5'},{'D2'},{'R3'},{'R2'},{'R1'},&,1.0,&
{'D4'},{'D1'},{'D6'},{'D3'},{'D2'},{'D7'},{'D5'},{'R1'},{'R2'},{'R3'},&,1.0,&
{'D4'},{'D1'},{'D6'},{'D3'},{'D2'},{'D5'},{'R2'},{'D7'},{'R3'},{'R1'},&,1.0,&
{'D4'},{'D1'},{'D6'},{'D3'},{'D2'},{'D5'},{'D7'},{'R3'},{'R1'},{'R2'},&,1.0,&
{'D4'},{'D1'},{'D6'},{'D3'},{'D5'},{'D7'},{'R3'},{'D2'},{'R1'},{'R2'},&,1.0,&
{'D4'},{'D1'},{'D6'},{'D3'},{'D5'},{'D7'},{'D2'},{'R1'},{'R2'},{'R3'},&,1.0,&
{'D4'},{'D1'},{'D6'},{'D3'},{'D5'},{'D7'},{'D2'},{'R1'},{'R3'},{'R2'},&,1.0,&
{'D4'},{'D1'},{'D6'},{'D3'},{'D5'},{'D7'},{'D2'},{'R3'},{'R2'},{'R1'},&,2.0,&
{'D4'},{'D1'},{'D6'},{'D3'},{'D5'},{'D7'},{'D2'},{'R3'},{'R1'},{'R2'},&,2.0,&
{'D4'},{'D1'},{'D6'},{'D3'},{'D5'},{'D2'},{'R3'},{'D7'},{'R1'},{'R2'},&,1.0,&
{'D4'},{'D1'},{'D6'},{'D3'},{'D5'},{'R3'},{'D7'},{'D2'},{'R2'},{'R1'},&,1.0,&
{'D4'},{'D1'},{'D6'},{'D5'},{'D7'},{'D2'},{'R3'},{'D3'},{'R2'},{'R1'},&,1.0,&
{'D4'},{'D1'},{'D6'},{'D5'},{'D7'},{'D2'},{'D3'},{'R1'},{'R2'},{'R3'},&,1.0,&
{'D4'},{'D1'},{'D6'},{'D5'},{'D7'},{'D2'},{'D3'},{'R3'},{'R1'},{'R2'},&,1.0,&
{'D4'},{'D1'},{'D6'},{'D5'},{'D7'},{'D3'},{'D2'},{'R1'},{'R3'},{'R2'},&,1.0,&
{'D4'},{'D1'},{'D6'},{'D5'},{'D7'},{'D3'},{'D2'},{'R2'},{'R1'},{'R3'},&,1.0,&
{'D4'},{'D1'},{'D6'},{'D5'},{'D7'},{'D3'},{'D2'},{'R3'},{'R2'},{'R1'},&,3.0,&
{'D4'},{'D1'},{'D6'},{'D5'},{'D7'},{'R1'},{'R2'},{'D3'},{'D2'},{'R3'},&,1.0,&
{'D4'},{'D1'},{'D6'},{'D5'},{'D2'},{'D3'},{'D7'},{'R3'},{'R2'},{'R1'},&,1.0,&
{'D4'},{'D1'},{'D6'},{'D5'},{'D2'},{'D3'},{'D7'},{'R3'},{'R1'},{'R2'},&,1.0,&
{'D4'},{'D1'},{'D6'},{'D5'},{'D3'},{'D7'},{'R3'},{'D2'},{'R1'},{'R2'},&,2.0,&
{'D4'},{'D1'},{'D6'},{'D5'},{'D3'},{'D7'},{'R3'},{'R1'},{'D2'},{'R2'},&,1.0,&
{'D4'},{'D1'},{'D6'},{'D5'},{'D3'},{'D7'},{'D2'},{'R1'},{'R2'},{'R3'},&,1.0,&
{'D4'},{'D1'},{'D6'},{'D5'},{'D3'},{'D7'},{'D2'},{'R1'},{'R3'},{'R2'},&,3.0,&
{'D4'},{'D1'},{'D6'},{'D5'},{'D3'},{'D7'},{'D2'},{'R3'},{'R1'},{'R2'},&,2.0,&
{'D4'},{'D1'},{'D6'},{'D5'},{'D3'},{'D7'},{'R2'},{'D2'},{'R3'},{'R1'},&,1.0,&
{'D4'},{'D1'},{'D6'},{'D5'},{'D3'},{'D2'},{'R3'},{'R1'},{'R2'},{'D7'},&,1.0,&
{'D4'},{'D1'},{'D6'},{'D5'},{'D3'},{'D2'},{'D7'},{'R1'},{'R3'},{'R2'},&,2.0,&
{'D4'},{'D1'},{'D6'},{'D5'},{'D3'},{'D2'},{'D7'},{'R2'},{'R1'},{'R3'},&,1.0,&
{'D4'},{'D1'},{'D6'},{'D5'},{'D3'},{'D2'},{'D7'},{'R3'},{'R2'},{'R1'},&,1.0,&
{'D4'},{'D1'},{'D6'},{'D5'},{'D3'},{'R3'},{'D2'},{'D7'},{'R2'},{'R1'},&,1.0,&
{'D4'},{'D1'},{'D6'},{'D5'},{'R2'},{'D7'},{'D3'},{'D2'},{'R3'},{'R1'},&,1.0,&
{'D4'},{'D1'},{'D6'},{'R3'},{'D7'},{'D3'},{'D5'},{'D2'},{'R2'},{'R1'},&,1.0,&
{'D4'},{'D1'},{'D7'},{'D2'},{'D3'},{'D6'},{'D5'},{'R2'},{'R3'},{'R1'},&,1.0,&
{'D4'},{'D1'},{'D7'},{'D2'},{'D6'},{'D3'},{'D5'},{'R2'},{'R3'},{'R1'},&,1.0,&
{'D4'},{'D1'},{'D7'},{'D2'},{'D5'},{'D6'},{'D3'},{'R3'},{'R2'},{'R1'},&,1.0,&
{'D4'},{'D1'},{'D7'},{'D2'},{'D5'},{'D3'},{'R3'},{'D6'},{'R2'},{'R1'},&,1.0,&
{'D4'},{'D1'},{'D7'},{'D3'},{'D2'},{'D6'},{'D5'},{'R2'},{'R3'},{'R1'},&,1.0,&
{'D4'},{'D1'},{'D7'},{'D3'},{'D6'},{'D5'},{'D2'},{'R3'},{'R1'},{'R2'},&,1.0,&
{'D4'},{'D1'},{'D7'},{'D3'},{'D5'},{'D6'},{'D2'},{'R1'},{'R2'},{'R3'},&,1.0,&
{'D4'},{'D1'},{'D7'},{'D3'},{'D5'},{'D6'},{'D2'},{'R2'},{'R1'},{'R3'},&,1.0,&
{'D4'},{'D1'},{'D7'},{'D3'},{'D5'},{'D6'},{'D2'},{'R3'},{'R2'},{'R1'},&,1.0,&
{'D4'},{'D1'},{'D7'},{'D3'},{'D5'},{'D2'},{'R3'},{'D6'},{'R2'},{'R1'},&,2.0,&
{'D4'},{'D1'},{'D7'},{'D3'},{'D5'},{'D2'},{'D6'},{'R1'},{'R3'},{'R2'},&,1.0,&
{'D4'},{'D1'},{'D7'},{'D5'},{'D3'},{'D6'},{'R3'},{'D2'},{'R2'},{'R1'},&,1.0,&
{'D4'},{'D1'},{'D7'},{'D5'},{'D3'},{'D6'},{'D2'},{'R2'},{'R3'},{'R1'},&,1.0,&
{'D4'},{'D1'},{'D7'},{'D5'},{'D3'},{'D6'},{'D2'},{'R3'},{'R2'},{'R1'},&,3.0,&
{'D4'},{'D1'},{'D7'},{'D5'},{'D3'},{'D6'},{'D2'},{'R3'},{'R1'},{'R2'},&,1.0,&
{'D4'},{'D1'},{'D7'},{'D5'},{'D3'},{'D6'},{'R2'},{'D2'},{'R3'},{'R1'},&,1.0,&
{'D4'},{'D1'},{'D7'},{'D5'},{'D3'},{'D6'},{'R1'},{'R3'},{'D2'},{'R2'},&,1.0,&
{'D4'},{'D1'},{'D7'},{'D5'},{'D3'},{'D2'},{'R3'},{'D6'},{'R2'},{'R1'},&,1.0,&
{'D4'},{'D1'},{'D7'},{'D5'},{'D6'},{'D2'},{'D3'},{'R2'},{'R3'},{'R1'},&,1.0,&
{'D4'},{'D1'},{'D7'},{'D5'},{'D6'},{'D3'},{'D2'},{'R3'},{'R2'},{'R1'},&,1.0,&
{'D4'},{'D1'},{'D7'},{'D5'},{'D6'},{'D3'},{'D2'},{'R3'},{'R1'},{'R2'},&,2.0,&
{'D4'},{'D1'},{'D7'},{'D5'},{'D6'},{'D3'},{'R1'},{'D2'},{'R3'},{'R2'},&,1.0,&
{'D4'},{'D1'},{'D7'},{'D6'},{'D2'},{'D5'},{'D3'},{'R2'},{'R3'},{'R1'},&,1.0,&
{'D4'},{'D1'},{'D7'},{'D6'},{'D3'},{'D2'},{'R3'},{'R2'},{'D5'},{'R1'},&,1.0,&
{'D4'},{'D1'},{'D7'},{'D6'},{'D3'},{'D5'},{'R3'},{'D2'},{'R2'},{'R1'},&,1.0,&
{'D4'},{'D1'},{'D7'},{'D6'},{'D3'},{'D5'},{'D2'},{'R3'},{'R1'},{'R2'},&,1.0,&
{'D4'},{'D1'},{'D7'},{'D6'},{'D3'},{'R3'},{'R1'},{'D5'},{'D2'},{'R2'},&,1.0,&
{'D4'},{'D1'},{'D7'},{'D6'},{'D5'},{'D2'},{'D3'},{'R3'},{'R2'},{'R1'},&,1.0,&
{'D4'},{'D1'},{'D7'},{'D6'},{'D5'},{'D3'},{'D2'},{'R1'},{'R2'},{'R3'},&,1.0,&
{'D4'},{'D1'},{'D7'},{'D6'},{'D5'},{'D3'},{'D2'},{'R3'},{'R2'},{'R1'},&,2.0,&
{'D4'},{'D1'},{'D7'},{'D6'},{'D5'},{'D3'},{'D2'},{'R3'},{'R1'},{'R2'},&,1.0,&
{'D4'},{'D1'},{'D7'},{'D6'},{'D5'},{'D3'},{'R2'},{'D2'},{'R1'},{'R3'},&,1.0,&
{'D4'},{'D1'},{'D2'},{'D7'},{'D6'},{'D3'},{'D5'},{'R3'},{'R2'},{'R1'},&,1.0,&
{'D4'},{'D1'},{'D2'},{'D7'},{'D6'},{'D3'},{'D5'},{'R3'},{'R1'},{'R2'},&,1.0,&
{'D4'},{'D1'},{'D2'},{'D3'},{'D7'},{'D6'},{'R1'},{'R3'},{'D5'},{'R2'},&,1.0,&
{'D4'},{'D1'},{'D2'},{'D3'},{'D7'},{'D6'},{'D5'},{'R3'},{'R2'},{'R1'},&,1.0,&
{'D4'},{'D1'},{'D2'},{'D3'},{'D7'},{'D5'},{'D6'},{'R2'},{'R3'},{'R1'},&,1.0,&
{'D4'},{'D1'},{'D2'},{'D3'},{'D7'},{'D5'},{'D6'},{'R3'},{'R1'},{'R2'},&,1.0,&
{'D4'},{'D1'},{'D2'},{'D3'},{'D6'},{'D7'},{'D5'},{'R3'},{'R2'},{'R1'},&,1.0,&
{'D4'},{'D1'},{'D2'},{'D3'},{'D5'},{'D7'},{'D6'},{'R1'},{'R3'},{'R2'},&,2.0,&
{'D4'},{'D1'},{'D2'},{'D5'},{'D7'},{'D6'},{'D3'},{'R2'},{'R1'},{'R3'},&,1.0,&
{'D4'},{'D1'},{'D2'},{'D5'},{'D7'},{'D6'},{'D3'},{'R3'},{'R2'},{'R1'},&,1.0,&
{'D4'},{'D1'},{'D2'},{'D5'},{'D3'},{'D7'},{'D6'},{'R3'},{'R2'},{'R1'},&,1.0,&
{'D4'},{'D1'},{'D2'},{'D5'},{'D6'},{'D7'},{'R3'},{'D3'},{'R2'},{'R1'},&,1.0,&
{'D4'},{'D1'},{'D2'},{'D5'},{'D6'},{'D3'},{'D7'},{'R3'},{'R2'},{'R1'},&,1.0,&
{'D4'},{'D1'},{'D2'},{'D5'},{'D6'},{'R3'},{'D3'},{'D7'},{'R1'},{'R2'},&,1.0,&
{'D4'},{'D1'},{'D2'},{'D6'},{'D7'},{'D5'},{'D3'},{'R1'},{'R3'},{'R2'},&,1.0,&
{'D4'},{'D1'},{'D2'},{'D6'},{'D3'},{'D5'},{'D7'},{'R3'},{'R1'},{'R2'},&,1.0,&
{'D4'},{'D1'},{'D2'},{'D6'},{'D5'},{'D7'},{'D3'},{'R2'},{'R1'},{'R3'},&,1.0,&
{'D4'},{'D1'},{'D2'},{'D6'},{'D5'},{'D3'},{'D7'},{'R3'},{'R1'},{'R2'},&,1.0,&
{'D4'},{'D1'},{'D2'},{'R3'},{'D6'},{'D5'},{'D3'},{'D7'},{'R2'},{'R1'},&,1.0,&
{'D4'},{'D1'},{'R3'},{'R2'},{'D6'},{'R1'},{'D2'},{'D3'},{'D5'},{'D7'},&,1.0,&
{'D4'},{'D1'},{'R1'},{'R2'},{'R3'},{'D2'},{'D6'},{'D7'},{'D5'},{'D3'},&,1.0,&
{'D4'},{'D1'},{'R1'},{'R3'},{'R2'},{'D6'},{'D2'},{'D7'},{'D5'},{'D3'},&,1.0,&
{'D4'},{'D1'},{'R2'},{'D6'},{'R3'},{'D2'},{'R1'},{'D5'},{'D3'},{'D7'},&,1.0,&
{'D4'},{'D1'},{'R2'},{'R3'},{'R1'},{'D6'},{'D2'},{'D5'},{'D3'},{'D7'},&,1.0,&
{'D4'},{'D1'},{'R2'},{'R3'},{'R1'},{'D6'},{'D5'},{'D7'},{'D2'},{'D3'},&,1.0,&
{'D4'},{'D6'},{'D3'},{'D7'},{'D1'},{'D5'},{'D2'},{'R3'},{'R2'},{'R1'},&,3.0,&
{'D4'},{'D6'},{'D3'},{'D7'},{'D1'},{'D5'},{'D2'},{'R3'},{'R1'},{'R2'},&,4.0,&
{'D4'},{'D6'},{'D3'},{'D7'},{'D1'},{'D5'},{'R2'},{'D2'},{'R3'},{'R1'},&,1.0,&
{'D4'},{'D6'},{'D3'},{'D7'},{'D1'},{'R1'},{'D5'},{'D2'},{'R2'},{'R3'},&,1.0,&
{'D4'},{'D6'},{'D3'},{'D7'},{'D2'},{'D1'},{'D5'},{'R2'},{'R3'},{'R1'},&,1.0,&
{'D4'},{'D6'},{'D3'},{'D7'},{'D2'},{'D1'},{'D5'},{'R3'},{'R1'},{'R2'},&,1.0,&
{'D4'},{'D6'},{'D3'},{'D7'},{'D2'},{'D5'},{'D1'},{'R1'},{'R3'},{'R2'},&,1.0,&
{'D4'},{'D6'},{'D3'},{'D7'},{'D2'},{'D5'},{'D1'},{'R2'},{'R1'},{'R3'},&,1.0,&
{'D4'},{'D6'},{'D3'},{'D7'},{'D2'},{'D5'},{'D1'},{'R3'},{'R2'},{'R1'},&,3.0,&
{'D4'},{'D6'},{'D3'},{'D7'},{'D5'},{'D1'},{'R3'},{'D2'},{'R1'},{'R2'},&,1.0,&
{'D4'},{'D6'},{'D3'},{'D7'},{'D5'},{'D1'},{'D2'},{'R1'},{'R2'},{'R3'},&,1.0,&
{'D4'},{'D6'},{'D3'},{'D7'},{'D5'},{'D1'},{'D2'},{'R1'},{'R3'},{'R2'},&,1.0,&
{'D4'},{'D6'},{'D3'},{'D7'},{'D5'},{'D1'},{'D2'},{'R2'},{'R3'},{'R1'},&,3.0,&
{'D4'},{'D6'},{'D3'},{'D7'},{'D5'},{'D1'},{'D2'},{'R3'},{'R2'},{'R1'},&,1.0,&
{'D4'},{'D6'},{'D3'},{'D7'},{'D5'},{'D1'},{'D2'},{'R3'},{'R1'},{'R2'},&,2.0,&
{'D4'},{'D6'},{'D3'},{'D7'},{'D5'},{'D2'},{'R3'},{'D1'},{'R1'},{'R2'},&,2.0,&
{'D4'},{'D6'},{'D3'},{'D7'},{'D5'},{'D2'},{'D1'},{'R1'},{'R3'},{'R2'},&,3.0,&
{'D4'},{'D6'},{'D3'},{'D7'},{'D5'},{'D2'},{'D1'},{'R2'},{'R3'},{'R1'},&,1.0,&
{'D4'},{'D6'},{'D3'},{'D7'},{'D5'},{'D2'},{'D1'},{'R2'},{'R1'},{'R3'},&,2.0,&
{'D4'},{'D6'},{'D3'},{'D7'},{'D5'},{'D2'},{'D1'},{'R3'},{'R2'},{'R1'},&,3.0,&
{'D4'},{'D6'},{'D3'},{'D7'},{'D5'},{'D2'},{'D1'},{'R3'},{'R1'},{'R2'},&,1.0,&
{'D4'},{'D6'},{'D3'},{'D7'},{'D5'},{'D2'},{'R2'},{'D1'},{'R3'},{'R1'},&,1.0,&
{'D4'},{'D6'},{'D3'},{'D7'},{'D5'},{'D2'},{'R1'},{'R3'},{'D1'},{'R2'},&,1.0,&
{'D4'},{'D6'},{'D3'},{'D7'},{'D5'},{'R3'},{'D2'},{'D1'},{'R1'},{'R2'},&,1.0,&
{'D4'},{'D6'},{'D3'},{'D7'},{'D5'},{'R3'},{'D1'},{'D2'},{'R2'},{'R1'},&,1.0,&
{'D4'},{'D6'},{'D3'},{'D7'},{'R3'},{'D5'},{'D2'},{'D1'},{'R2'},{'R1'},&,1.0,&
{'D4'},{'D6'},{'D3'},{'D7'},{'R3'},{'D5'},{'D1'},{'D2'},{'R2'},{'R1'},&,1.0,&
{'D4'},{'D6'},{'D3'},{'D1'},{'D7'},{'D5'},{'R3'},{'R2'},{'D2'},{'R1'},&,1.0,&
{'D4'},{'D6'},{'D3'},{'D1'},{'D7'},{'D5'},{'D2'},{'R1'},{'R3'},{'R2'},&,1.0,&
{'D4'},{'D6'},{'D3'},{'D1'},{'D7'},{'D5'},{'D2'},{'R3'},{'R2'},{'R1'},&,1.0,&
{'D4'},{'D6'},{'D3'},{'D1'},{'D7'},{'D5'},{'D2'},{'R3'},{'R1'},{'R2'},&,2.0,&
{'D4'},{'D6'},{'D3'},{'D1'},{'D2'},{'D7'},{'D5'},{'R1'},{'R2'},{'R3'},&,1.0,&
{'D4'},{'D6'},{'D3'},{'D1'},{'D2'},{'D5'},{'R3'},{'R1'},{'R2'},{'D7'},&,1.0,&
{'D4'},{'D6'},{'D3'},{'D1'},{'D2'},{'D5'},{'D7'},{'R1'},{'R3'},{'R2'},&,1.0,&
{'D4'},{'D6'},{'D3'},{'D1'},{'D2'},{'D5'},{'D7'},{'R2'},{'R3'},{'R1'},&,1.0,&
{'D4'},{'D6'},{'D3'},{'D1'},{'D2'},{'D5'},{'D7'},{'R3'},{'R2'},{'R1'},&,1.0,&
{'D4'},{'D6'},{'D3'},{'D1'},{'D2'},{'D5'},{'D7'},{'R3'},{'R1'},{'R2'},&,1.0,&
{'D4'},{'D6'},{'D3'},{'D1'},{'D5'},{'D7'},{'R3'},{'D2'},{'R2'},{'R1'},&,2.0,&
{'D4'},{'D6'},{'D3'},{'D1'},{'D5'},{'D7'},{'D2'},{'R1'},{'R2'},{'R3'},&,1.0,&
{'D4'},{'D6'},{'D3'},{'D1'},{'D5'},{'D7'},{'D2'},{'R1'},{'R3'},{'R2'},&,1.0,&
{'D4'},{'D6'},{'D3'},{'D1'},{'D5'},{'D7'},{'D2'},{'R2'},{'R3'},{'R1'},&,2.0,&
{'D4'},{'D6'},{'D3'},{'D1'},{'D5'},{'D7'},{'D2'},{'R2'},{'R1'},{'R3'},&,1.0,&
{'D4'},{'D6'},{'D3'},{'D1'},{'D5'},{'D7'},{'D2'},{'R3'},{'R2'},{'R1'},&,1.0,&
{'D4'},{'D6'},{'D3'},{'D1'},{'D5'},{'D7'},{'D2'},{'R3'},{'R1'},{'R2'},&,2.0,&
{'D4'},{'D6'},{'D3'},{'D1'},{'D5'},{'D2'},{'R2'},{'D7'},{'R1'},{'R3'},&,1.0,&
{'D4'},{'D6'},{'D3'},{'D1'},{'D5'},{'D2'},{'D7'},{'R1'},{'R3'},{'R2'},&,1.0,&
{'D4'},{'D6'},{'D3'},{'D1'},{'D5'},{'D2'},{'R1'},{'D7'},{'R3'},{'R2'},&,1.0,&
{'D4'},{'D6'},{'D3'},{'D1'},{'D5'},{'R2'},{'D2'},{'D7'},{'R3'},{'R1'},&,1.0,&
{'D4'},{'D6'},{'D3'},{'D1'},{'D5'},{'R2'},{'D7'},{'R1'},{'D2'},{'R3'},&,1.0,&
{'D4'},{'D6'},{'D3'},{'D1'},{'D5'},{'R1'},{'D2'},{'D7'},{'R2'},{'R3'},&,1.0,&
{'D4'},{'D6'},{'D3'},{'D1'},{'D5'},{'R1'},{'D7'},{'D2'},{'R3'},{'R2'},&,1.0,&
{'D4'},{'D6'},{'D3'},{'D1'},{'R3'},{'D2'},{'D7'},{'D5'},{'R1'},{'R2'},&,1.0,&
{'D4'},{'D6'},{'D3'},{'D2'},{'D1'},{'D7'},{'D5'},{'R1'},{'R3'},{'R2'},&,1.0,&
{'D4'},{'D6'},{'D3'},{'D2'},{'D1'},{'D5'},{'R3'},{'D7'},{'R1'},{'R2'},&,1.0,&
{'D4'},{'D6'},{'D3'},{'D2'},{'D1'},{'D5'},{'D7'},{'R2'},{'R3'},{'R1'},&,1.0,&
{'D4'},{'D6'},{'D3'},{'D2'},{'D1'},{'D5'},{'D7'},{'R2'},{'R1'},{'R3'},&,1.0,&
{'D4'},{'D6'},{'D3'},{'D2'},{'D1'},{'D5'},{'D7'},{'R3'},{'R1'},{'R2'},&,1.0,&
{'D4'},{'D6'},{'D3'},{'D2'},{'D1'},{'D5'},{'R1'},{'D7'},{'R3'},{'R2'},&,1.0,&
{'D4'},{'D6'},{'D3'},{'D2'},{'D7'},{'D1'},{'R3'},{'D5'},{'R1'},{'R2'},&,1.0,&
{'D4'},{'D6'},{'D3'},{'D2'},{'D7'},{'D1'},{'R1'},{'D5'},{'R2'},{'R3'},&,1.0,&
{'D4'},{'D6'},{'D3'},{'D2'},{'D7'},{'D1'},{'D5'},{'R1'},{'R3'},{'R2'},&,1.0,&
{'D4'},{'D6'},{'D3'},{'D2'},{'D7'},{'D5'},{'R3'},{'D1'},{'R2'},{'R1'},&,1.0,&
{'D4'},{'D6'},{'D3'},{'D2'},{'D7'},{'D5'},{'D1'},{'R2'},{'R3'},{'R1'},&,2.0,&
{'D4'},{'D6'},{'D3'},{'D2'},{'D7'},{'D5'},{'D1'},{'R3'},{'R1'},{'R2'},&,1.0,&
{'D4'},{'D6'},{'D3'},{'D2'},{'D7'},{'D5'},{'R1'},{'R3'},{'D1'},{'R2'},&,1.0,&
{'D4'},{'D6'},{'D3'},{'D2'},{'D7'},{'D5'},{'R1'},{'D1'},{'R3'},{'R2'},&,1.0,&
{'D4'},{'D6'},{'D3'},{'D2'},{'D5'},{'D7'},{'R3'},{'D1'},{'R2'},{'R1'},&,1.0,&
{'D4'},{'D6'},{'D3'},{'D2'},{'D5'},{'D7'},{'R3'},{'D1'},{'R1'},{'R2'},&,1.0,&
{'D4'},{'D6'},{'D3'},{'D2'},{'D5'},{'D7'},{'D1'},{'R2'},{'R1'},{'R3'},&,1.0,&
{'D4'},{'D6'},{'D3'},{'D2'},{'D5'},{'D7'},{'D1'},{'R3'},{'R2'},{'R1'},&,1.0,&
{'D4'},{'D6'},{'D3'},{'D2'},{'D5'},{'D1'},{'D7'},{'R2'},{'R1'},{'R3'},&,2.0,&
{'D4'},{'D6'},{'D3'},{'D2'},{'D5'},{'D1'},{'D7'},{'R3'},{'R1'},{'R2'},&,1.0,&
{'D4'},{'D6'},{'D3'},{'D5'},{'D1'},{'D7'},{'R3'},{'D2'},{'R2'},{'R1'},&,2.0,&
{'D4'},{'D6'},{'D3'},{'D5'},{'D1'},{'D7'},{'D2'},{'R1'},{'R2'},{'R3'},&,1.0,&
{'D4'},{'D6'},{'D3'},{'D5'},{'D1'},{'D7'},{'D2'},{'R1'},{'R3'},{'R2'},&,5.0,&
{'D4'},{'D6'},{'D3'},{'D5'},{'D1'},{'D7'},{'D2'},{'R2'},{'R3'},{'R1'},&,2.0,&
{'D4'},{'D6'},{'D3'},{'D5'},{'D1'},{'D7'},{'D2'},{'R2'},{'R1'},{'R3'},&,1.0,&
{'D4'},{'D6'},{'D3'},{'D5'},{'D1'},{'D7'},{'D2'},{'R3'},{'R2'},{'R1'},&,5.0,&
{'D4'},{'D6'},{'D3'},{'D5'},{'D1'},{'D7'},{'D2'},{'R3'},{'R1'},{'R2'},&,6.0,&
{'D4'},{'D6'},{'D3'},{'D5'},{'D1'},{'D7'},{'R2'},{'D2'},{'R3'},{'R1'},&,1.0,&
{'D4'},{'D6'},{'D3'},{'D5'},{'D1'},{'D7'},{'R1'},{'D2'},{'R3'},{'R2'},&,2.0,&
{'D4'},{'D6'},{'D3'},{'D5'},{'D1'},{'D2'},{'R3'},{'R1'},{'D7'},{'R2'},&,1.0,&
{'D4'},{'D6'},{'D3'},{'D5'},{'D1'},{'D2'},{'R3'},{'R2'},{'R1'},{'D7'},&,1.0,&
{'D4'},{'D6'},{'D3'},{'D5'},{'D1'},{'D2'},{'R3'},{'D7'},{'R1'},{'R2'},&,1.0,&
{'D4'},{'D6'},{'D3'},{'D5'},{'D1'},{'D2'},{'D7'},{'R1'},{'R2'},{'R3'},&,1.0,&
{'D4'},{'D6'},{'D3'},{'D5'},{'D1'},{'D2'},{'D7'},{'R2'},{'R1'},{'R3'},&,1.0,&
{'D4'},{'D6'},{'D3'},{'D5'},{'D1'},{'D2'},{'D7'},{'R3'},{'R2'},{'R1'},&,1.0,&
{'D4'},{'D6'},{'D3'},{'D5'},{'D1'},{'D2'},{'D7'},{'R3'},{'R1'},{'R2'},&,2.0,&
{'D4'},{'D6'},{'D3'},{'D5'},{'D1'},{'D2'},{'R1'},{'D7'},{'R3'},{'R2'},&,1.0,&
{'D4'},{'D6'},{'D3'},{'D5'},{'D1'},{'R2'},{'D7'},{'D2'},{'R3'},{'R1'},&,1.0,&
{'D4'},{'D6'},{'D3'},{'D5'},{'D1'},{'R3'},{'D7'},{'D2'},{'R1'},{'R2'},&,1.0,&
{'D4'},{'D6'},{'D3'},{'D5'},{'D1'},{'R3'},{'D7'},{'R1'},{'R2'},{'D2'},&,1.0,&
{'D4'},{'D6'},{'D3'},{'D5'},{'D7'},{'D1'},{'R3'},{'D2'},{'R2'},{'R1'},&,2.0,&
{'D4'},{'D6'},{'D3'},{'D5'},{'D7'},{'D1'},{'R3'},{'D2'},{'R1'},{'R2'},&,7.0,&
{'D4'},{'D6'},{'D3'},{'D5'},{'D7'},{'D1'},{'R3'},{'R2'},{'R1'},{'D2'},&,1.0,&
{'D4'},{'D6'},{'D3'},{'D5'},{'D7'},{'D1'},{'R3'},{'R2'},{'D2'},{'R1'},&,1.0,&
{'D4'},{'D6'},{'D3'},{'D5'},{'D7'},{'D1'},{'D2'},{'R1'},{'R2'},{'R3'},&,1.0,&
{'D4'},{'D6'},{'D3'},{'D5'},{'D7'},{'D1'},{'D2'},{'R1'},{'R3'},{'R2'},&,9.0,&
{'D4'},{'D6'},{'D3'},{'D5'},{'D7'},{'D1'},{'D2'},{'R2'},{'R3'},{'R1'},&,5.0,&
{'D4'},{'D6'},{'D3'},{'D5'},{'D7'},{'D1'},{'D2'},{'R2'},{'R1'},{'R3'},&,1.0,&
{'D4'},{'D6'},{'D3'},{'D5'},{'D7'},{'D1'},{'D2'},{'R3'},{'R2'},{'R1'},&,5.0,&
{'D4'},{'D6'},{'D3'},{'D5'},{'D7'},{'D1'},{'D2'},{'R3'},{'R1'},{'R2'},&,6.0,&
{'D4'},{'D6'},{'D3'},{'D5'},{'D7'},{'D1'},{'R2'},{'D2'},{'R3'},{'R1'},&,5.0,&
{'D4'},{'D6'},{'D3'},{'D5'},{'D7'},{'D1'},{'R2'},{'D2'},{'R1'},{'R3'},&,1.0,&
{'D4'},{'D6'},{'D3'},{'D5'},{'D7'},{'D2'},{'R3'},{'D1'},{'R2'},{'R1'},&,4.0,&
{'D4'},{'D6'},{'D3'},{'D5'},{'D7'},{'D2'},{'R3'},{'D1'},{'R1'},{'R2'},&,2.0,&
{'D4'},{'D6'},{'D3'},{'D5'},{'D7'},{'D2'},{'D1'},{'R1'},{'R2'},{'R3'},&,2.0,&
{'D4'},{'D6'},{'D3'},{'D5'},{'D7'},{'D2'},{'D1'},{'R1'},{'R3'},{'R2'},&,3.0,&
{'D4'},{'D6'},{'D3'},{'D5'},{'D7'},{'D2'},{'D1'},{'R2'},{'R3'},{'R1'},&,2.0,&
{'D4'},{'D6'},{'D3'},{'D5'},{'D7'},{'D2'},{'D1'},{'R2'},{'R1'},{'R3'},&,1.0,&
{'D4'},{'D6'},{'D3'},{'D5'},{'D7'},{'D2'},{'D1'},{'R3'},{'R2'},{'R1'},&,7.0,&
{'D4'},{'D6'},{'D3'},{'D5'},{'D7'},{'D2'},{'D1'},{'R3'},{'R1'},{'R2'},&,3.0,&
{'D4'},{'D6'},{'D3'},{'D5'},{'D7'},{'D2'},{'R2'},{'D1'},{'R3'},{'R1'},&,1.0,&
{'D4'},{'D6'},{'D3'},{'D5'},{'D7'},{'D2'},{'R2'},{'D1'},{'R1'},{'R3'},&,1.0,&
{'D4'},{'D6'},{'D3'},{'D5'},{'D7'},{'D2'},{'R1'},{'R3'},{'D1'},{'R2'},&,1.0,&
{'D4'},{'D6'},{'D3'},{'D5'},{'D7'},{'R3'},{'D2'},{'D1'},{'R1'},{'R2'},&,2.0,&
{'D4'},{'D6'},{'D3'},{'D5'},{'D2'},{'D7'},{'R3'},{'R1'},{'D1'},{'R2'},&,1.0,&
{'D4'},{'D6'},{'D3'},{'D5'},{'D2'},{'D7'},{'R3'},{'R2'},{'D1'},{'R1'},&,1.0,&
{'D4'},{'D6'},{'D3'},{'D5'},{'D2'},{'D7'},{'R3'},{'D1'},{'R1'},{'R2'},&,3.0,&
{'D4'},{'D6'},{'D3'},{'D5'},{'D2'},{'D7'},{'D1'},{'R1'},{'R3'},{'R2'},&,5.0,&
{'D4'},{'D6'},{'D3'},{'D5'},{'D2'},{'D7'},{'D1'},{'R2'},{'R3'},{'R1'},&,4.0,&
{'D4'},{'D6'},{'D3'},{'D5'},{'D2'},{'D7'},{'D1'},{'R2'},{'R1'},{'R3'},&,1.0,&
{'D4'},{'D6'},{'D3'},{'D5'},{'D2'},{'D7'},{'D1'},{'R3'},{'R2'},{'R1'},&,5.0,&
{'D4'},{'D6'},{'D3'},{'D5'},{'D2'},{'D7'},{'D1'},{'R3'},{'R1'},{'R2'},&,3.0,&
{'D4'},{'D6'},{'D3'},{'D5'},{'D2'},{'D7'},{'R2'},{'R1'},{'D1'},{'R3'},&,1.0,&
{'D4'},{'D6'},{'D3'},{'D5'},{'D2'},{'D7'},{'R1'},{'D1'},{'R2'},{'R3'},&,1.0,&
{'D4'},{'D6'},{'D3'},{'D5'},{'D2'},{'D1'},{'R3'},{'R1'},{'R2'},{'D7'},&,1.0,&
{'D4'},{'D6'},{'D3'},{'D5'},{'D2'},{'D1'},{'R3'},{'R2'},{'D7'},{'R1'},&,1.0,&
{'D4'},{'D6'},{'D3'},{'D5'},{'D2'},{'D1'},{'R3'},{'D7'},{'R2'},{'R1'},&,1.0,&
{'D4'},{'D6'},{'D3'},{'D5'},{'D2'},{'D1'},{'R2'},{'D7'},{'R1'},{'R3'},&,1.0,&
{'D4'},{'D6'},{'D3'},{'D5'},{'D2'},{'D1'},{'D7'},{'R1'},{'R3'},{'R2'},&,6.0,&
{'D4'},{'D6'},{'D3'},{'D5'},{'D2'},{'D1'},{'D7'},{'R2'},{'R1'},{'R3'},&,1.0,&
{'D4'},{'D6'},{'D3'},{'D5'},{'D2'},{'D1'},{'D7'},{'R3'},{'R2'},{'R1'},&,1.0,&
{'D4'},{'D6'},{'D3'},{'D5'},{'D2'},{'D1'},{'R1'},{'D7'},{'R3'},{'R2'},&,1.0,&
{'D4'},{'D6'},{'D3'},{'D5'},{'D2'},{'R1'},{'D7'},{'R3'},{'D1'},{'R2'},&,1.0,&
{'D4'},{'D6'},{'D3'},{'D5'},{'D2'},{'R3'},{'D7'},{'D1'},{'R2'},{'R1'},&,1.0,&
{'D4'},{'D6'},{'D3'},{'D5'},{'R3'},{'D7'},{'D2'},{'D1'},{'R1'},{'R2'},&,1.0,&
{'D4'},{'D6'},{'D3'},{'D5'},{'R3'},{'D7'},{'D1'},{'D2'},{'R2'},{'R1'},&,1.0,&
{'D4'},{'D6'},{'D3'},{'R1'},{'D5'},{'D1'},{'D2'},{'D7'},{'R3'},{'R2'},&,1.0,&
{'D4'},{'D6'},{'D5'},{'D7'},{'D1'},{'D2'},{'R3'},{'D3'},{'R1'},{'R2'},&,1.0,&
{'D4'},{'D6'},{'D5'},{'D7'},{'D1'},{'D2'},{'D3'},{'R1'},{'R3'},{'R2'},&,3.0,&
{'D4'},{'D6'},{'D5'},{'D7'},{'D1'},{'D2'},{'D3'},{'R2'},{'R3'},{'R1'},&,2.0,&
{'D4'},{'D6'},{'D5'},{'D7'},{'D1'},{'D2'},{'R1'},{'D3'},{'R3'},{'R2'},&,1.0,&
{'D4'},{'D6'},{'D5'},{'D7'},{'D1'},{'D3'},{'R3'},{'D2'},{'R2'},{'R1'},&,1.0,&
{'D4'},{'D6'},{'D5'},{'D7'},{'D1'},{'D3'},{'D2'},{'R1'},{'R3'},{'R2'},&,4.0,&
{'D4'},{'D6'},{'D5'},{'D7'},{'D1'},{'D3'},{'D2'},{'R2'},{'R1'},{'R3'},&,1.0,&
{'D4'},{'D6'},{'D5'},{'D7'},{'D1'},{'D3'},{'D2'},{'R3'},{'R2'},{'R1'},&,9.0,&
{'D4'},{'D6'},{'D5'},{'D7'},{'D1'},{'D3'},{'D2'},{'R3'},{'R1'},{'R2'},&,5.0,&
{'D4'},{'D6'},{'D5'},{'D7'},{'D1'},{'D3'},{'R2'},{'D2'},{'R3'},{'R1'},&,1.0,&
{'D4'},{'D6'},{'D5'},{'D7'},{'D1'},{'D3'},{'R1'},{'D2'},{'R3'},{'R2'},&,2.0,&
{'D4'},{'D6'},{'D5'},{'D7'},{'D1'},{'D3'},{'R1'},{'R2'},{'D2'},{'R3'},&,2.0,&
{'D4'},{'D6'},{'D5'},{'D7'},{'D1'},{'D3'},{'R1'},{'R3'},{'D2'},{'R2'},&,1.0,&
{'D4'},{'D6'},{'D5'},{'D7'},{'D1'},{'R2'},{'D3'},{'D2'},{'R1'},{'R3'},&,1.0,&
{'D4'},{'D6'},{'D5'},{'D7'},{'D1'},{'R2'},{'D3'},{'R3'},{'D2'},{'R1'},&,1.0,&
{'D4'},{'D6'},{'D5'},{'D7'},{'D1'},{'R3'},{'D3'},{'D2'},{'R1'},{'R2'},&,1.0,&
{'D4'},{'D6'},{'D5'},{'D7'},{'D2'},{'D1'},{'D3'},{'R3'},{'R2'},{'R1'},&,2.0,&
{'D4'},{'D6'},{'D5'},{'D7'},{'D2'},{'D3'},{'D1'},{'R1'},{'R2'},{'R3'},&,1.0,&
{'D4'},{'D6'},{'D5'},{'D7'},{'D2'},{'D3'},{'D1'},{'R1'},{'R3'},{'R2'},&,2.0,&
{'D4'},{'D6'},{'D5'},{'D7'},{'D2'},{'D3'},{'D1'},{'R2'},{'R3'},{'R1'},&,1.0,&
{'D4'},{'D6'},{'D5'},{'D7'},{'D2'},{'D3'},{'D1'},{'R3'},{'R2'},{'R1'},&,2.0,&
{'D4'},{'D6'},{'D5'},{'D7'},{'D2'},{'D3'},{'D1'},{'R3'},{'R1'},{'R2'},&,5.0,&
{'D4'},{'D6'},{'D5'},{'D7'},{'D2'},{'D3'},{'R1'},{'R3'},{'D1'},{'R2'},&,1.0,&
{'D4'},{'D6'},{'D5'},{'D7'},{'D2'},{'D3'},{'R1'},{'D1'},{'R3'},{'R2'},&,1.0,&
{'D4'},{'D6'},{'D5'},{'D7'},{'D2'},{'R1'},{'D1'},{'D3'},{'R3'},{'R2'},&,1.0,&
{'D4'},{'D6'},{'D5'},{'D7'},{'D2'},{'R1'},{'D3'},{'R3'},{'D1'},{'R2'},&,1.0,&
{'D4'},{'D6'},{'D5'},{'D7'},{'D3'},{'D1'},{'R3'},{'D2'},{'R1'},{'R2'},&,4.0,&
{'D4'},{'D6'},{'D5'},{'D7'},{'D3'},{'D1'},{'R3'},{'R2'},{'D2'},{'R1'},&,1.0,&
{'D4'},{'D6'},{'D5'},{'D7'},{'D3'},{'D1'},{'D2'},{'R1'},{'R2'},{'R3'},&,2.0,&
{'D4'},{'D6'},{'D5'},{'D7'},{'D3'},{'D1'},{'D2'},{'R1'},{'R3'},{'R2'},&,6.0,&
{'D4'},{'D6'},{'D5'},{'D7'},{'D3'},{'D1'},{'D2'},{'R2'},{'R3'},{'R1'},&,4.0,&
{'D4'},{'D6'},{'D5'},{'D7'},{'D3'},{'D1'},{'D2'},{'R3'},{'R2'},{'R1'},&,12.0,&
{'D4'},{'D6'},{'D5'},{'D7'},{'D3'},{'D1'},{'D2'},{'R3'},{'R1'},{'R2'},&,13.0,&
{'D4'},{'D6'},{'D5'},{'D7'},{'D3'},{'D1'},{'R2'},{'D2'},{'R3'},{'R1'},&,3.0,&
{'D4'},{'D6'},{'D5'},{'D7'},{'D3'},{'D1'},{'R2'},{'R1'},{'D2'},{'R3'},&,1.0,&
{'D4'},{'D6'},{'D5'},{'D7'},{'D3'},{'D1'},{'R2'},{'R3'},{'R1'},{'D2'},&,1.0,&
{'D4'},{'D6'},{'D5'},{'D7'},{'D3'},{'D1'},{'R2'},{'R3'},{'D2'},{'R1'},&,1.0,&
{'D4'},{'D6'},{'D5'},{'D7'},{'D3'},{'D1'},{'R1'},{'D2'},{'R2'},{'R3'},&,1.0,&
{'D4'},{'D6'},{'D5'},{'D7'},{'D3'},{'D1'},{'R1'},{'D2'},{'R3'},{'R2'},&,2.0,&
{'D4'},{'D6'},{'D5'},{'D7'},{'D3'},{'D2'},{'R3'},{'D1'},{'R2'},{'R1'},&,3.0,&
{'D4'},{'D6'},{'D5'},{'D7'},{'D3'},{'D2'},{'R3'},{'D1'},{'R1'},{'R2'},&,1.0,&
{'D4'},{'D6'},{'D5'},{'D7'},{'D3'},{'D2'},{'D1'},{'R1'},{'R2'},{'R3'},&,1.0,&
{'D4'},{'D6'},{'D5'},{'D7'},{'D3'},{'D2'},{'D1'},{'R1'},{'R3'},{'R2'},&,6.0,&
{'D4'},{'D6'},{'D5'},{'D7'},{'D3'},{'D2'},{'D1'},{'R2'},{'R3'},{'R1'},&,2.0,&
{'D4'},{'D6'},{'D5'},{'D7'},{'D3'},{'D2'},{'D1'},{'R2'},{'R1'},{'R3'},&,1.0,&
{'D4'},{'D6'},{'D5'},{'D7'},{'D3'},{'D2'},{'D1'},{'R3'},{'R2'},{'R1'},&,5.0,&
{'D4'},{'D6'},{'D5'},{'D7'},{'D3'},{'D2'},{'D1'},{'R3'},{'R1'},{'R2'},&,10.0,&
{'D4'},{'D6'},{'D5'},{'D7'},{'D3'},{'D2'},{'R2'},{'D1'},{'R3'},{'R1'},&,2.0,&
{'D4'},{'D6'},{'D5'},{'D7'},{'D3'},{'D2'},{'R1'},{'R3'},{'D1'},{'R2'},&,1.0,&
{'D4'},{'D6'},{'D5'},{'D7'},{'D3'},{'R1'},{'D1'},{'R3'},{'D2'},{'R2'},&,1.0,&
{'D4'},{'D6'},{'D5'},{'D7'},{'D3'},{'R3'},{'D1'},{'D2'},{'R1'},{'R2'},&,1.0,&
{'D4'},{'D6'},{'D5'},{'D7'},{'R1'},{'D3'},{'D2'},{'D1'},{'R3'},{'R2'},&,1.0,&
{'D4'},{'D6'},{'D5'},{'D1'},{'D7'},{'D2'},{'R3'},{'D3'},{'R1'},{'R2'},&,1.0,&
{'D4'},{'D6'},{'D5'},{'D1'},{'D7'},{'D2'},{'R2'},{'R3'},{'D3'},{'R1'},&,1.0,&
{'D4'},{'D6'},{'D5'},{'D1'},{'D7'},{'D2'},{'D3'},{'R2'},{'R3'},{'R1'},&,2.0,&
{'D4'},{'D6'},{'D5'},{'D1'},{'D7'},{'D2'},{'D3'},{'R2'},{'R1'},{'R3'},&,2.0,&
{'D4'},{'D6'},{'D5'},{'D1'},{'D7'},{'D2'},{'D3'},{'R3'},{'R2'},{'R1'},&,1.0,&
{'D4'},{'D6'},{'D5'},{'D1'},{'D7'},{'D2'},{'D3'},{'R3'},{'R1'},{'R2'},&,2.0,&
{'D4'},{'D6'},{'D5'},{'D1'},{'D7'},{'D3'},{'D2'},{'R1'},{'R3'},{'R2'},&,1.0,&
{'D4'},{'D6'},{'D5'},{'D1'},{'D7'},{'D3'},{'D2'},{'R2'},{'R1'},{'R3'},&,1.0,&
{'D4'},{'D6'},{'D5'},{'D1'},{'D7'},{'D3'},{'D2'},{'R3'},{'R2'},{'R1'},&,3.0,&
{'D4'},{'D6'},{'D5'},{'D1'},{'D7'},{'D3'},{'D2'},{'R3'},{'R1'},{'R2'},&,2.0,&
{'D4'},{'D6'},{'D5'},{'D1'},{'D7'},{'D3'},{'R2'},{'D2'},{'R3'},{'R1'},&,1.0,&
{'D4'},{'D6'},{'D5'},{'D1'},{'D7'},{'D3'},{'R1'},{'D2'},{'R3'},{'R2'},&,1.0,&
{'D4'},{'D6'},{'D5'},{'D1'},{'D2'},{'D7'},{'D3'},{'R1'},{'R3'},{'R2'},&,2.0,&
{'D4'},{'D6'},{'D5'},{'D1'},{'D2'},{'D7'},{'D3'},{'R2'},{'R3'},{'R1'},&,1.0,&
{'D4'},{'D6'},{'D5'},{'D1'},{'D2'},{'D7'},{'D3'},{'R3'},{'R2'},{'R1'},&,2.0,&
{'D4'},{'D6'},{'D5'},{'D1'},{'D2'},{'D3'},{'R3'},{'D7'},{'R2'},{'R1'},&,1.0,&
{'D4'},{'D6'},{'D5'},{'D1'},{'D2'},{'D3'},{'R3'},{'D7'},{'R1'},{'R2'},&,1.0,&
{'D4'},{'D6'},{'D5'},{'D1'},{'D2'},{'D3'},{'D7'},{'R1'},{'R3'},{'R2'},&,1.0,&
{'D4'},{'D6'},{'D5'},{'D1'},{'D2'},{'D3'},{'D7'},{'R3'},{'R1'},{'R2'},&,3.0,&
{'D4'},{'D6'},{'D5'},{'D1'},{'D2'},{'D3'},{'R1'},{'D7'},{'R3'},{'R2'},&,1.0,&
{'D4'},{'D6'},{'D5'},{'D1'},{'D3'},{'D7'},{'R3'},{'D2'},{'R1'},{'R2'},&,4.0,&
{'D4'},{'D6'},{'D5'},{'D1'},{'D3'},{'D7'},{'D2'},{'R1'},{'R2'},{'R3'},&,1.0,&
{'D4'},{'D6'},{'D5'},{'D1'},{'D3'},{'D7'},{'D2'},{'R1'},{'R3'},{'R2'},&,5.0,&
{'D4'},{'D6'},{'D5'},{'D1'},{'D3'},{'D7'},{'D2'},{'R2'},{'R3'},{'R1'},&,3.0,&
{'D4'},{'D6'},{'D5'},{'D1'},{'D3'},{'D7'},{'D2'},{'R3'},{'R2'},{'R1'},&,3.0,&
{'D4'},{'D6'},{'D5'},{'D1'},{'D3'},{'D7'},{'D2'},{'R3'},{'R1'},{'R2'},&,6.0,&
{'D4'},{'D6'},{'D5'},{'D1'},{'D3'},{'D7'},{'R2'},{'D2'},{'R1'},{'R3'},&,1.0,&
{'D4'},{'D6'},{'D5'},{'D1'},{'D3'},{'D7'},{'R2'},{'R3'},{'R1'},{'D2'},&,1.0,&
{'D4'},{'D6'},{'D5'},{'D1'},{'D3'},{'D7'},{'R1'},{'R3'},{'D2'},{'R2'},&,1.0,&
{'D4'},{'D6'},{'D5'},{'D1'},{'D3'},{'D2'},{'R3'},{'D7'},{'R2'},{'R1'},&,2.0,&
{'D4'},{'D6'},{'D5'},{'D1'},{'D3'},{'D2'},{'R3'},{'D7'},{'R1'},{'R2'},&,1.0,&
{'D4'},{'D6'},{'D5'},{'D1'},{'D3'},{'D2'},{'R2'},{'R1'},{'D7'},{'R3'},&,1.0,&
{'D4'},{'D6'},{'D5'},{'D1'},{'D3'},{'D2'},{'R2'},{'D7'},{'R3'},{'R1'},&,1.0,&
{'D4'},{'D6'},{'D5'},{'D1'},{'D3'},{'D2'},{'D7'},{'R2'},{'R3'},{'R1'},&,1.0,&
{'D4'},{'D6'},{'D5'},{'D1'},{'D3'},{'D2'},{'D7'},{'R3'},{'R2'},{'R1'},&,4.0,&
{'D4'},{'D6'},{'D5'},{'D1'},{'D3'},{'D2'},{'D7'},{'R3'},{'R1'},{'R2'},&,3.0,&
{'D4'},{'D6'},{'D5'},{'D1'},{'D3'},{'D2'},{'R1'},{'D7'},{'R2'},{'R3'},&,1.0,&
{'D4'},{'D6'},{'D5'},{'D1'},{'D3'},{'R2'},{'D7'},{'R3'},{'D2'},{'R1'},&,1.0,&
{'D4'},{'D6'},{'D5'},{'D1'},{'D3'},{'R3'},{'D7'},{'D2'},{'R1'},{'R2'},&,1.0,&
{'D4'},{'D6'},{'D5'},{'D1'},{'R3'},{'D3'},{'D7'},{'D2'},{'R1'},{'R2'},&,1.0,&
{'D4'},{'D6'},{'D5'},{'D2'},{'D1'},{'D7'},{'R3'},{'D3'},{'R1'},{'R2'},&,1.0,&
{'D4'},{'D6'},{'D5'},{'D2'},{'D1'},{'D7'},{'D3'},{'R1'},{'R2'},{'R3'},&,1.0,&
{'D4'},{'D6'},{'D5'},{'D2'},{'D1'},{'D7'},{'D3'},{'R3'},{'R2'},{'R1'},&,2.0,&
{'D4'},{'D6'},{'D5'},{'D2'},{'D1'},{'D7'},{'R1'},{'D3'},{'R3'},{'R2'},&,1.0,&
{'D4'},{'D6'},{'D5'},{'D2'},{'D1'},{'D3'},{'R3'},{'D7'},{'R1'},{'R2'},&,1.0,&
{'D4'},{'D6'},{'D5'},{'D2'},{'D1'},{'D3'},{'D7'},{'R1'},{'R2'},{'R3'},&,1.0,&
{'D4'},{'D6'},{'D5'},{'D2'},{'D1'},{'D3'},{'D7'},{'R1'},{'R3'},{'R2'},&,2.0,&
{'D4'},{'D6'},{'D5'},{'D2'},{'D1'},{'D3'},{'D7'},{'R2'},{'R3'},{'R1'},&,1.0,&
{'D4'},{'D6'},{'D5'},{'D2'},{'D1'},{'D3'},{'D7'},{'R2'},{'R1'},{'R3'},&,1.0,&
{'D4'},{'D6'},{'D5'},{'D2'},{'D1'},{'D3'},{'D7'},{'R3'},{'R2'},{'R1'},&,1.0,&
{'D4'},{'D6'},{'D5'},{'D2'},{'D1'},{'D3'},{'D7'},{'R3'},{'R1'},{'R2'},&,5.0,&
{'D4'},{'D6'},{'D5'},{'D2'},{'D1'},{'D3'},{'R1'},{'R2'},{'D7'},{'R3'},&,1.0,&
{'D4'},{'D6'},{'D5'},{'D2'},{'D1'},{'D3'},{'R1'},{'D7'},{'R3'},{'R2'},&,2.0,&
{'D4'},{'D6'},{'D5'},{'D2'},{'D7'},{'D1'},{'D3'},{'R3'},{'R1'},{'R2'},&,1.0,&
{'D4'},{'D6'},{'D5'},{'D2'},{'D7'},{'D3'},{'R3'},{'D1'},{'R2'},{'R1'},&,2.0,&
{'D4'},{'D6'},{'D5'},{'D2'},{'D7'},{'D3'},{'R3'},{'D1'},{'R1'},{'R2'},&,1.0,&
{'D4'},{'D6'},{'D5'},{'D2'},{'D7'},{'D3'},{'D1'},{'R1'},{'R3'},{'R2'},&,3.0,&
{'D4'},{'D6'},{'D5'},{'D2'},{'D7'},{'D3'},{'D1'},{'R2'},{'R1'},{'R3'},&,1.0,&
{'D4'},{'D6'},{'D5'},{'D2'},{'D7'},{'D3'},{'D1'},{'R3'},{'R2'},{'R1'},&,1.0,&
{'D4'},{'D6'},{'D5'},{'D2'},{'D7'},{'D3'},{'D1'},{'R3'},{'R1'},{'R2'},&,4.0,&
{'D4'},{'D6'},{'D5'},{'D2'},{'D7'},{'D3'},{'R2'},{'R3'},{'D1'},{'R1'},&,1.0,&
{'D4'},{'D6'},{'D5'},{'D2'},{'D7'},{'D3'},{'R2'},{'D1'},{'R3'},{'R1'},&,1.0,&
{'D4'},{'D6'},{'D5'},{'D2'},{'D7'},{'D3'},{'R1'},{'R3'},{'D1'},{'R2'},&,1.0,&
{'D4'},{'D6'},{'D5'},{'D2'},{'D7'},{'D3'},{'R1'},{'D1'},{'R3'},{'R2'},&,1.0,&
{'D4'},{'D6'},{'D5'},{'D2'},{'D7'},{'R3'},{'D3'},{'D1'},{'R2'},{'R1'},&,1.0,&
{'D4'},{'D6'},{'D5'},{'D2'},{'D3'},{'D7'},{'R3'},{'R1'},{'D1'},{'R2'},&,1.0,&
{'D4'},{'D6'},{'D5'},{'D2'},{'D3'},{'D7'},{'R3'},{'D1'},{'R2'},{'R1'},&,2.0,&
{'D4'},{'D6'},{'D5'},{'D2'},{'D3'},{'D7'},{'D1'},{'R1'},{'R3'},{'R2'},&,2.0,&
{'D4'},{'D6'},{'D5'},{'D2'},{'D3'},{'D7'},{'D1'},{'R2'},{'R1'},{'R3'},&,2.0,&
{'D4'},{'D6'},{'D5'},{'D2'},{'D3'},{'D7'},{'D1'},{'R3'},{'R2'},{'R1'},&,9.0,&
{'D4'},{'D6'},{'D5'},{'D2'},{'D3'},{'D7'},{'D1'},{'R3'},{'R1'},{'R2'},&,8.0,&
{'D4'},{'D6'},{'D5'},{'D2'},{'D3'},{'D7'},{'R2'},{'D1'},{'R3'},{'R1'},&,1.0,&
{'D4'},{'D6'},{'D5'},{'D2'},{'D3'},{'D7'},{'R2'},{'D1'},{'R1'},{'R3'},&,1.0,&
{'D4'},{'D6'},{'D5'},{'D2'},{'D3'},{'D7'},{'R1'},{'D1'},{'R3'},{'R2'},&,1.0,&
{'D4'},{'D6'},{'D5'},{'D2'},{'D3'},{'D1'},{'R3'},{'D7'},{'R2'},{'R1'},&,2.0,&
{'D4'},{'D6'},{'D5'},{'D2'},{'D3'},{'D1'},{'R3'},{'D7'},{'R1'},{'R2'},&,1.0,&
{'D4'},{'D6'},{'D5'},{'D2'},{'D3'},{'D1'},{'D7'},{'R1'},{'R3'},{'R2'},&,1.0,&
{'D4'},{'D6'},{'D5'},{'D2'},{'D3'},{'D1'},{'D7'},{'R2'},{'R3'},{'R1'},&,1.0,&
{'D4'},{'D6'},{'D5'},{'D2'},{'D3'},{'D1'},{'D7'},{'R2'},{'R1'},{'R3'},&,2.0,&
{'D4'},{'D6'},{'D5'},{'D2'},{'D3'},{'D1'},{'D7'},{'R3'},{'R2'},{'R1'},&,4.0,&
{'D4'},{'D6'},{'D5'},{'D2'},{'D3'},{'D1'},{'D7'},{'R3'},{'R1'},{'R2'},&,2.0,&
{'D4'},{'D6'},{'D5'},{'D2'},{'D3'},{'R2'},{'R1'},{'D1'},{'R3'},{'D7'},&,1.0,&
{'D4'},{'D6'},{'D5'},{'D2'},{'D3'},{'R2'},{'R1'},{'D7'},{'D1'},{'R3'},&,1.0,&
{'D4'},{'D6'},{'D5'},{'D2'},{'D3'},{'R3'},{'D1'},{'D7'},{'R1'},{'R2'},&,1.0,&
{'D4'},{'D6'},{'D5'},{'D2'},{'D3'},{'R3'},{'D7'},{'R1'},{'D1'},{'R2'},&,1.0,&
{'D4'},{'D6'},{'D5'},{'D2'},{'D3'},{'R3'},{'D7'},{'D1'},{'R2'},{'R1'},&,1.0,&
{'D4'},{'D6'},{'D5'},{'D3'},{'D1'},{'D7'},{'R3'},{'D2'},{'R2'},{'R1'},&,2.0,&
{'D4'},{'D6'},{'D5'},{'D3'},{'D1'},{'D7'},{'R3'},{'D2'},{'R1'},{'R2'},&,2.0,&
{'D4'},{'D6'},{'D5'},{'D3'},{'D1'},{'D7'},{'R3'},{'R1'},{'D2'},{'R2'},&,1.0,&
{'D4'},{'D6'},{'D5'},{'D3'},{'D1'},{'D7'},{'D2'},{'R1'},{'R3'},{'R2'},&,5.0,&
{'D4'},{'D6'},{'D5'},{'D3'},{'D1'},{'D7'},{'D2'},{'R2'},{'R3'},{'R1'},&,2.0,&
{'D4'},{'D6'},{'D5'},{'D3'},{'D1'},{'D7'},{'D2'},{'R2'},{'R1'},{'R3'},&,2.0,&
{'D4'},{'D6'},{'D5'},{'D3'},{'D1'},{'D7'},{'D2'},{'R3'},{'R2'},{'R1'},&,7.0,&
{'D4'},{'D6'},{'D5'},{'D3'},{'D1'},{'D7'},{'D2'},{'R3'},{'R1'},{'R2'},&,7.0,&
{'D4'},{'D6'},{'D5'},{'D3'},{'D1'},{'D7'},{'R2'},{'D2'},{'R3'},{'R1'},&,1.0,&
{'D4'},{'D6'},{'D5'},{'D3'},{'D1'},{'D7'},{'R1'},{'D2'},{'R2'},{'R3'},&,2.0,&
{'D4'},{'D6'},{'D5'},{'D3'},{'D1'},{'D7'},{'R1'},{'D2'},{'R3'},{'R2'},&,2.0,&
{'D4'},{'D6'},{'D5'},{'D3'},{'D1'},{'D7'},{'R1'},{'R3'},{'D2'},{'R2'},&,1.0,&
{'D4'},{'D6'},{'D5'},{'D3'},{'D1'},{'D2'},{'R3'},{'R2'},{'D7'},{'R1'},&,1.0,&
{'D4'},{'D6'},{'D5'},{'D3'},{'D1'},{'D2'},{'R2'},{'D7'},{'R3'},{'R1'},&,1.0,&
{'D4'},{'D6'},{'D5'},{'D3'},{'D1'},{'D2'},{'D7'},{'R1'},{'R2'},{'R3'},&,1.0,&
{'D4'},{'D6'},{'D5'},{'D3'},{'D1'},{'D2'},{'D7'},{'R1'},{'R3'},{'R2'},&,4.0,&
{'D4'},{'D6'},{'D5'},{'D3'},{'D1'},{'D2'},{'D7'},{'R2'},{'R3'},{'R1'},&,1.0,&
{'D4'},{'D6'},{'D5'},{'D3'},{'D1'},{'D2'},{'D7'},{'R2'},{'R1'},{'R3'},&,2.0,&
{'D4'},{'D6'},{'D5'},{'D3'},{'D1'},{'D2'},{'D7'},{'R3'},{'R2'},{'R1'},&,2.0,&
{'D4'},{'D6'},{'D5'},{'D3'},{'D1'},{'D2'},{'D7'},{'R3'},{'R1'},{'R2'},&,2.0,&
{'D4'},{'D6'},{'D5'},{'D3'},{'D1'},{'D2'},{'R1'},{'R3'},{'R2'},{'D7'},&,1.0,&
{'D4'},{'D6'},{'D5'},{'D3'},{'D1'},{'D2'},{'R1'},{'D7'},{'R2'},{'R3'},&,1.0,&
{'D4'},{'D6'},{'D5'},{'D3'},{'D1'},{'D2'},{'R1'},{'D7'},{'R3'},{'R2'},&,2.0,&
{'D4'},{'D6'},{'D5'},{'D3'},{'D1'},{'R2'},{'D2'},{'D7'},{'R3'},{'R1'},&,1.0,&
{'D4'},{'D6'},{'D5'},{'D3'},{'D1'},{'R2'},{'D7'},{'D2'},{'R3'},{'R1'},&,2.0,&
{'D4'},{'D6'},{'D5'},{'D3'},{'D1'},{'R1'},{'R2'},{'D2'},{'D7'},{'R3'},&,1.0,&
{'D4'},{'D6'},{'D5'},{'D3'},{'D1'},{'R1'},{'D7'},{'D2'},{'R2'},{'R3'},&,1.0,&
{'D4'},{'D6'},{'D5'},{'D3'},{'D1'},{'R3'},{'D2'},{'R1'},{'D7'},{'R2'},&,1.0,&
{'D4'},{'D6'},{'D5'},{'D3'},{'D1'},{'R3'},{'D7'},{'D2'},{'R2'},{'R1'},&,1.0,&
{'D4'},{'D6'},{'D5'},{'D3'},{'D7'},{'D1'},{'R3'},{'D2'},{'R2'},{'R1'},&,1.0,&
{'D4'},{'D6'},{'D5'},{'D3'},{'D7'},{'D1'},{'R3'},{'D2'},{'R1'},{'R2'},&,6.0,&
{'D4'},{'D6'},{'D5'},{'D3'},{'D7'},{'D1'},{'R3'},{'R1'},{'D2'},{'R2'},&,2.0,&
{'D4'},{'D6'},{'D5'},{'D3'},{'D7'},{'D1'},{'D2'},{'R1'},{'R2'},{'R3'},&,2.0,&
{'D4'},{'D6'},{'D5'},{'D3'},{'D7'},{'D1'},{'D2'},{'R1'},{'R3'},{'R2'},&,3.0,&
{'D4'},{'D6'},{'D5'},{'D3'},{'D7'},{'D1'},{'D2'},{'R2'},{'R3'},{'R1'},&,3.0,&
{'D4'},{'D6'},{'D5'},{'D3'},{'D7'},{'D1'},{'D2'},{'R2'},{'R1'},{'R3'},&,2.0,&
{'D4'},{'D6'},{'D5'},{'D3'},{'D7'},{'D1'},{'D2'},{'R3'},{'R2'},{'R1'},&,9.0,&
{'D4'},{'D6'},{'D5'},{'D3'},{'D7'},{'D1'},{'D2'},{'R3'},{'R1'},{'R2'},&,8.0,&
{'D4'},{'D6'},{'D5'},{'D3'},{'D7'},{'D1'},{'R2'},{'D2'},{'R1'},{'R3'},&,2.0,&
{'D4'},{'D6'},{'D5'},{'D3'},{'D7'},{'D1'},{'R1'},{'D2'},{'R3'},{'R2'},&,1.0,&
{'D4'},{'D6'},{'D5'},{'D3'},{'D7'},{'D1'},{'R1'},{'R3'},{'D2'},{'R2'},&,1.0,&
{'D4'},{'D6'},{'D5'},{'D3'},{'D7'},{'D2'},{'R3'},{'D1'},{'R2'},{'R1'},&,2.0,&
{'D4'},{'D6'},{'D5'},{'D3'},{'D7'},{'D2'},{'R3'},{'D1'},{'R1'},{'R2'},&,4.0,&
{'D4'},{'D6'},{'D5'},{'D3'},{'D7'},{'D2'},{'D1'},{'R1'},{'R2'},{'R3'},&,1.0,&
{'D4'},{'D6'},{'D5'},{'D3'},{'D7'},{'D2'},{'D1'},{'R1'},{'R3'},{'R2'},&,3.0,&
{'D4'},{'D6'},{'D5'},{'D3'},{'D7'},{'D2'},{'D1'},{'R2'},{'R3'},{'R1'},&,7.0,&
{'D4'},{'D6'},{'D5'},{'D3'},{'D7'},{'D2'},{'D1'},{'R3'},{'R2'},{'R1'},&,14.0,&
{'D4'},{'D6'},{'D5'},{'D3'},{'D7'},{'D2'},{'D1'},{'R3'},{'R1'},{'R2'},&,10.0,&
{'D4'},{'D6'},{'D5'},{'D3'},{'D7'},{'D2'},{'R2'},{'D1'},{'R1'},{'R3'},&,1.0,&
{'D4'},{'D6'},{'D5'},{'D3'},{'D7'},{'D2'},{'R1'},{'D1'},{'R3'},{'R2'},&,1.0,&
{'D4'},{'D6'},{'D5'},{'D3'},{'D7'},{'R2'},{'R3'},{'D1'},{'D2'},{'R1'},&,1.0,&
{'D4'},{'D6'},{'D5'},{'D3'},{'D7'},{'R1'},{'D2'},{'D1'},{'R3'},{'R2'},&,1.0,&
{'D4'},{'D6'},{'D5'},{'D3'},{'D7'},{'R1'},{'D1'},{'D2'},{'R3'},{'R2'},&,1.0,&
{'D4'},{'D6'},{'D5'},{'D3'},{'D7'},{'R3'},{'D2'},{'D1'},{'R2'},{'R1'},&,2.0,&
{'D4'},{'D6'},{'D5'},{'D3'},{'D7'},{'R3'},{'R2'},{'D2'},{'D1'},{'R1'},&,1.0,&
{'D4'},{'D6'},{'D5'},{'D3'},{'D2'},{'D7'},{'R3'},{'D1'},{'R2'},{'R1'},&,2.0,&
{'D4'},{'D6'},{'D5'},{'D3'},{'D2'},{'D7'},{'R3'},{'D1'},{'R1'},{'R2'},&,2.0,&
{'D4'},{'D6'},{'D5'},{'D3'},{'D2'},{'D7'},{'D1'},{'R1'},{'R2'},{'R3'},&,2.0,&
{'D4'},{'D6'},{'D5'},{'D3'},{'D2'},{'D7'},{'D1'},{'R1'},{'R3'},{'R2'},&,3.0,&
{'D4'},{'D6'},{'D5'},{'D3'},{'D2'},{'D7'},{'D1'},{'R2'},{'R3'},{'R1'},&,5.0,&
{'D4'},{'D6'},{'D5'},{'D3'},{'D2'},{'D7'},{'D1'},{'R2'},{'R1'},{'R3'},&,4.0,&
{'D4'},{'D6'},{'D5'},{'D3'},{'D2'},{'D7'},{'D1'},{'R3'},{'R2'},{'R1'},&,2.0,&
{'D4'},{'D6'},{'D5'},{'D3'},{'D2'},{'D7'},{'D1'},{'R3'},{'R1'},{'R2'},&,9.0,&
{'D4'},{'D6'},{'D5'},{'D3'},{'D2'},{'D7'},{'R2'},{'D1'},{'R3'},{'R1'},&,1.0,&
{'D4'},{'D6'},{'D5'},{'D3'},{'D2'},{'D1'},{'R3'},{'R1'},{'D7'},{'R2'},&,1.0,&
{'D4'},{'D6'},{'D5'},{'D3'},{'D2'},{'D1'},{'R3'},{'D7'},{'R2'},{'R1'},&,4.0,&
{'D4'},{'D6'},{'D5'},{'D3'},{'D2'},{'D1'},{'R3'},{'D7'},{'R1'},{'R2'},&,2.0,&
{'D4'},{'D6'},{'D5'},{'D3'},{'D2'},{'D1'},{'R2'},{'R1'},{'R3'},{'D7'},&,1.0,&
{'D4'},{'D6'},{'D5'},{'D3'},{'D2'},{'D1'},{'D7'},{'R1'},{'R2'},{'R3'},&,1.0,&
{'D4'},{'D6'},{'D5'},{'D3'},{'D2'},{'D1'},{'D7'},{'R1'},{'R3'},{'R2'},&,2.0,&
{'D4'},{'D6'},{'D5'},{'D3'},{'D2'},{'D1'},{'D7'},{'R3'},{'R2'},{'R1'},&,2.0,&
{'D4'},{'D6'},{'D5'},{'D3'},{'D2'},{'D1'},{'D7'},{'R3'},{'R1'},{'R2'},&,1.0,&
{'D4'},{'D6'},{'D5'},{'D3'},{'D2'},{'D1'},{'R1'},{'D7'},{'R3'},{'R2'},&,2.0,&
{'D4'},{'D6'},{'D5'},{'D3'},{'D2'},{'R2'},{'D1'},{'D7'},{'R1'},{'R3'},&,1.0,&
{'D4'},{'D6'},{'D5'},{'D3'},{'D2'},{'R3'},{'D7'},{'D1'},{'R1'},{'R2'},&,1.0,&
{'D4'},{'D6'},{'D5'},{'D3'},{'R3'},{'D7'},{'D2'},{'D1'},{'R1'},{'R2'},&,1.0,&
{'D4'},{'D6'},{'D5'},{'D3'},{'R3'},{'D7'},{'D1'},{'D2'},{'R2'},{'R1'},&,1.0,&
{'D4'},{'D6'},{'D5'},{'D3'},{'R3'},{'D7'},{'D1'},{'D2'},{'R1'},{'R2'},&,2.0,&
{'D4'},{'D6'},{'D5'},{'D3'},{'R3'},{'D2'},{'D7'},{'D1'},{'R1'},{'R2'},&,1.0,&
{'D4'},{'D6'},{'D5'},{'D3'},{'R2'},{'D7'},{'D2'},{'R3'},{'D1'},{'R1'},&,1.0,&
{'D4'},{'D6'},{'D5'},{'D3'},{'R2'},{'D7'},{'D2'},{'D1'},{'R3'},{'R1'},&,1.0,&
{'D4'},{'D6'},{'D5'},{'D3'},{'R2'},{'D1'},{'D7'},{'R3'},{'R1'},{'D2'},&,1.0,&
{'D4'},{'D6'},{'D5'},{'D3'},{'R2'},{'R1'},{'D1'},{'D2'},{'D7'},{'R3'},&,1.0,&
{'D4'},{'D6'},{'D5'},{'D3'},{'R1'},{'D7'},{'D1'},{'D2'},{'R3'},{'R2'},&,1.0,&
{'D4'},{'D6'},{'D5'},{'R1'},{'D3'},{'D7'},{'D2'},{'D1'},{'R3'},{'R2'},&,1.0,&
{'D4'},{'D6'},{'D1'},{'D7'},{'D2'},{'D5'},{'D3'},{'R1'},{'R2'},{'R3'},&,1.0,&
{'D4'},{'D6'},{'D1'},{'D7'},{'D3'},{'D5'},{'D2'},{'R2'},{'R1'},{'R3'},&,1.0,&
{'D4'},{'D6'},{'D1'},{'D7'},{'D3'},{'D5'},{'R2'},{'R3'},{'D2'},{'R1'},&,1.0,&
{'D4'},{'D6'},{'D1'},{'D7'},{'D3'},{'R3'},{'D5'},{'D2'},{'R1'},{'R2'},&,1.0,&
{'D4'},{'D6'},{'D1'},{'D7'},{'D5'},{'D2'},{'D3'},{'R3'},{'R1'},{'R2'},&,1.0,&
{'D4'},{'D6'},{'D1'},{'D7'},{'D5'},{'D3'},{'D2'},{'R1'},{'R3'},{'R2'},&,4.0,&
{'D4'},{'D6'},{'D1'},{'D7'},{'D5'},{'D3'},{'D2'},{'R2'},{'R3'},{'R1'},&,1.0,&
{'D4'},{'D6'},{'D1'},{'D7'},{'D5'},{'D3'},{'D2'},{'R3'},{'R2'},{'R1'},&,1.0,&
{'D4'},{'D6'},{'D1'},{'D7'},{'D5'},{'D3'},{'D2'},{'R3'},{'R1'},{'R2'},&,1.0,&
{'D4'},{'D6'},{'D1'},{'D2'},{'D3'},{'D5'},{'D7'},{'R1'},{'R2'},{'R3'},&,1.0,&
{'D4'},{'D6'},{'D1'},{'D2'},{'D5'},{'D7'},{'D3'},{'R3'},{'R1'},{'R2'},&,1.0,&
{'D4'},{'D6'},{'D1'},{'D2'},{'D5'},{'D3'},{'D7'},{'R2'},{'R3'},{'R1'},&,1.0,&
{'D4'},{'D6'},{'D1'},{'D3'},{'D7'},{'D2'},{'D5'},{'R2'},{'R3'},{'R1'},&,1.0,&
{'D4'},{'D6'},{'D1'},{'D3'},{'D7'},{'D5'},{'D2'},{'R1'},{'R3'},{'R2'},&,1.0,&
{'D4'},{'D6'},{'D1'},{'D3'},{'D7'},{'D5'},{'D2'},{'R3'},{'R2'},{'R1'},&,1.0,&
{'D4'},{'D6'},{'D1'},{'D3'},{'D7'},{'R2'},{'D5'},{'D2'},{'R1'},{'R3'},&,1.0,&
{'D4'},{'D6'},{'D1'},{'D3'},{'D2'},{'D7'},{'D5'},{'R3'},{'R1'},{'R2'},&,1.0,&
{'D4'},{'D6'},{'D1'},{'D3'},{'D5'},{'D7'},{'R3'},{'D2'},{'R2'},{'R1'},&,2.0,&
{'D4'},{'D6'},{'D1'},{'D3'},{'D5'},{'D7'},{'R3'},{'R2'},{'D2'},{'R1'},&,1.0,&
{'D4'},{'D6'},{'D1'},{'D3'},{'D5'},{'D7'},{'D2'},{'R1'},{'R3'},{'R2'},&,2.0,&
{'D4'},{'D6'},{'D1'},{'D3'},{'D5'},{'D7'},{'D2'},{'R2'},{'R3'},{'R1'},&,2.0,&
{'D4'},{'D6'},{'D1'},{'D3'},{'D5'},{'D7'},{'D2'},{'R3'},{'R2'},{'R1'},&,3.0,&
{'D4'},{'D6'},{'D1'},{'D3'},{'D5'},{'D7'},{'R2'},{'D2'},{'R1'},{'R3'},&,1.0,&
{'D4'},{'D6'},{'D1'},{'D3'},{'D5'},{'D7'},{'R1'},{'D2'},{'R3'},{'R2'},&,2.0,&
{'D4'},{'D6'},{'D1'},{'D3'},{'D5'},{'D7'},{'R1'},{'R2'},{'D2'},{'R3'},&,1.0,&
{'D4'},{'D6'},{'D1'},{'D3'},{'D5'},{'D7'},{'R1'},{'R3'},{'D2'},{'R2'},&,1.0,&
{'D4'},{'D6'},{'D1'},{'D3'},{'D5'},{'D2'},{'R3'},{'R2'},{'D7'},{'R1'},&,1.0,&
{'D4'},{'D6'},{'D1'},{'D3'},{'D5'},{'D2'},{'D7'},{'R2'},{'R3'},{'R1'},&,3.0,&
{'D4'},{'D6'},{'D1'},{'D3'},{'D5'},{'D2'},{'D7'},{'R2'},{'R1'},{'R3'},&,1.0,&
{'D4'},{'D6'},{'D1'},{'D3'},{'D5'},{'D2'},{'D7'},{'R3'},{'R1'},{'R2'},&,1.0,&
{'D4'},{'D6'},{'D1'},{'D3'},{'D5'},{'D2'},{'R1'},{'D7'},{'R2'},{'R3'},&,1.0,&
{'D4'},{'D6'},{'D1'},{'D3'},{'D5'},{'D2'},{'R1'},{'D7'},{'R3'},{'R2'},&,1.0,&
{'D4'},{'D6'},{'D1'},{'D3'},{'D5'},{'R1'},{'D7'},{'D2'},{'R3'},{'R2'},&,1.0,&
{'D4'},{'D6'},{'D1'},{'D3'},{'D5'},{'R3'},{'D7'},{'R2'},{'D2'},{'R1'},&,1.0,&
{'D4'},{'D6'},{'D1'},{'D5'},{'D7'},{'D2'},{'R3'},{'D3'},{'R1'},{'R2'},&,1.0,&
{'D4'},{'D6'},{'D1'},{'D5'},{'D7'},{'D2'},{'D3'},{'R1'},{'R3'},{'R2'},&,1.0,&
{'D4'},{'D6'},{'D1'},{'D5'},{'D7'},{'D2'},{'D3'},{'R2'},{'R3'},{'R1'},&,2.0,&
{'D4'},{'D6'},{'D1'},{'D5'},{'D7'},{'D3'},{'R3'},{'D2'},{'R2'},{'R1'},&,1.0,&
{'D4'},{'D6'},{'D1'},{'D5'},{'D7'},{'D3'},{'R3'},{'D2'},{'R1'},{'R2'},&,1.0,&
{'D4'},{'D6'},{'D1'},{'D5'},{'D7'},{'D3'},{'D2'},{'R2'},{'R1'},{'R3'},&,1.0,&
{'D4'},{'D6'},{'D1'},{'D5'},{'D7'},{'D3'},{'D2'},{'R3'},{'R2'},{'R1'},&,1.0,&
{'D4'},{'D6'},{'D1'},{'D5'},{'D2'},{'D7'},{'R3'},{'D3'},{'R2'},{'R1'},&,1.0,&
{'D4'},{'D6'},{'D1'},{'D5'},{'D2'},{'D7'},{'R2'},{'D3'},{'R3'},{'R1'},&,1.0,&
{'D4'},{'D6'},{'D1'},{'D5'},{'D2'},{'D7'},{'D3'},{'R1'},{'R2'},{'R3'},&,1.0,&
{'D4'},{'D6'},{'D1'},{'D5'},{'D2'},{'D7'},{'D3'},{'R1'},{'R3'},{'R2'},&,1.0,&
{'D4'},{'D6'},{'D1'},{'D5'},{'D2'},{'D7'},{'D3'},{'R3'},{'R2'},{'R1'},&,1.0,&
{'D4'},{'D6'},{'D1'},{'D5'},{'D2'},{'D7'},{'D3'},{'R3'},{'R1'},{'R2'},&,1.0,&
{'D4'},{'D6'},{'D1'},{'D5'},{'D2'},{'D3'},{'R3'},{'D7'},{'R1'},{'R2'},&,1.0,&
{'D4'},{'D6'},{'D1'},{'D5'},{'D2'},{'D3'},{'D7'},{'R3'},{'R2'},{'R1'},&,3.0,&
{'D4'},{'D6'},{'D1'},{'D5'},{'D2'},{'D3'},{'D7'},{'R3'},{'R1'},{'R2'},&,2.0,&
{'D4'},{'D6'},{'D1'},{'D5'},{'D3'},{'D7'},{'R3'},{'D2'},{'R1'},{'R2'},&,1.0,&
{'D4'},{'D6'},{'D1'},{'D5'},{'D3'},{'D7'},{'D2'},{'R1'},{'R2'},{'R3'},&,1.0,&
{'D4'},{'D6'},{'D1'},{'D5'},{'D3'},{'D7'},{'D2'},{'R1'},{'R3'},{'R2'},&,3.0,&
{'D4'},{'D6'},{'D1'},{'D5'},{'D3'},{'D7'},{'D2'},{'R2'},{'R3'},{'R1'},&,3.0,&
{'D4'},{'D6'},{'D1'},{'D5'},{'D3'},{'D7'},{'D2'},{'R2'},{'R1'},{'R3'},&,1.0,&
{'D4'},{'D6'},{'D1'},{'D5'},{'D3'},{'D7'},{'D2'},{'R3'},{'R2'},{'R1'},&,1.0,&
{'D4'},{'D6'},{'D1'},{'D5'},{'D3'},{'D7'},{'D2'},{'R3'},{'R1'},{'R2'},&,3.0,&
{'D4'},{'D6'},{'D1'},{'D5'},{'D3'},{'D7'},{'R2'},{'R3'},{'R1'},{'D2'},&,1.0,&
{'D4'},{'D6'},{'D1'},{'D5'},{'D3'},{'D2'},{'R3'},{'R1'},{'D7'},{'R2'},&,1.0,&
{'D4'},{'D6'},{'D1'},{'D5'},{'D3'},{'D2'},{'D7'},{'R1'},{'R3'},{'R2'},&,1.0,&
{'D4'},{'D6'},{'D1'},{'D5'},{'D3'},{'D2'},{'D7'},{'R3'},{'R2'},{'R1'},&,1.0,&
{'D4'},{'D6'},{'D1'},{'D5'},{'D3'},{'D2'},{'D7'},{'R3'},{'R1'},{'R2'},&,2.0,&
{'D4'},{'D6'},{'D1'},{'D5'},{'D3'},{'R1'},{'D7'},{'D2'},{'R2'},{'R3'},&,2.0,&
{'D4'},{'D6'},{'D1'},{'R2'},{'D5'},{'D3'},{'D2'},{'D7'},{'R1'},{'R3'},&,1.0,&
{'D4'},{'D6'},{'D1'},{'R3'},{'D5'},{'D3'},{'D7'},{'R1'},{'D2'},{'R2'},&,1.0,&
{'D4'},{'D6'},{'D7'},{'D1'},{'D2'},{'D3'},{'D5'},{'R3'},{'R1'},{'R2'},&,1.0,&
{'D4'},{'D6'},{'D7'},{'D1'},{'D3'},{'D5'},{'D2'},{'R1'},{'R3'},{'R2'},&,1.0,&
{'D4'},{'D6'},{'D7'},{'D1'},{'D3'},{'D5'},{'D2'},{'R3'},{'R1'},{'R2'},&,2.0,&
{'D4'},{'D6'},{'D7'},{'D1'},{'D3'},{'D5'},{'R1'},{'D2'},{'R3'},{'R2'},&,1.0,&
{'D4'},{'D6'},{'D7'},{'D1'},{'D3'},{'R3'},{'D5'},{'R2'},{'D2'},{'R1'},&,1.0,&
{'D4'},{'D6'},{'D7'},{'D1'},{'D5'},{'D2'},{'D3'},{'R3'},{'R2'},{'R1'},&,1.0,&
{'D4'},{'D6'},{'D7'},{'D1'},{'D5'},{'D2'},{'D3'},{'R3'},{'R1'},{'R2'},&,1.0,&
{'D4'},{'D6'},{'D7'},{'D2'},{'D1'},{'D5'},{'D3'},{'R3'},{'R2'},{'R1'},&,1.0,&
{'D4'},{'D6'},{'D7'},{'D2'},{'D1'},{'D3'},{'D5'},{'R1'},{'R3'},{'R2'},&,1.0,&
{'D4'},{'D6'},{'D7'},{'D2'},{'D3'},{'D5'},{'D1'},{'R3'},{'R1'},{'R2'},&,2.0,&
{'D4'},{'D6'},{'D7'},{'D2'},{'D5'},{'D1'},{'D3'},{'R3'},{'R2'},{'R1'},&,1.0,&
{'D4'},{'D6'},{'D7'},{'D2'},{'D5'},{'D1'},{'D3'},{'R3'},{'R1'},{'R2'},&,1.0,&
{'D4'},{'D6'},{'D7'},{'D2'},{'D5'},{'D3'},{'D1'},{'R2'},{'R3'},{'R1'},&,1.0,&
{'D4'},{'D6'},{'D7'},{'D2'},{'D5'},{'D3'},{'D1'},{'R3'},{'R1'},{'R2'},&,2.0,&
{'D4'},{'D6'},{'D7'},{'D2'},{'D5'},{'D3'},{'R2'},{'R3'},{'D1'},{'R1'},&,1.0,&
{'D4'},{'D6'},{'D7'},{'D2'},{'D5'},{'D3'},{'R1'},{'D1'},{'R3'},{'R2'},&,1.0,&
{'D4'},{'D6'},{'D7'},{'D2'},{'R3'},{'D5'},{'D3'},{'D1'},{'R2'},{'R1'},&,1.0,&
{'D4'},{'D6'},{'D7'},{'D3'},{'D1'},{'D5'},{'R3'},{'D2'},{'R2'},{'R1'},&,1.0,&
{'D4'},{'D6'},{'D7'},{'D3'},{'D1'},{'D5'},{'D2'},{'R1'},{'R3'},{'R2'},&,1.0,&
{'D4'},{'D6'},{'D7'},{'D3'},{'D1'},{'D5'},{'D2'},{'R2'},{'R1'},{'R3'},&,1.0,&
{'D4'},{'D6'},{'D7'},{'D3'},{'D1'},{'D5'},{'D2'},{'R3'},{'R1'},{'R2'},&,1.0,&
{'D4'},{'D6'},{'D7'},{'D3'},{'D2'},{'D5'},{'R3'},{'D1'},{'R1'},{'R2'},&,1.0,&
{'D4'},{'D6'},{'D7'},{'D3'},{'D2'},{'D5'},{'D1'},{'R3'},{'R2'},{'R1'},&,1.0,&
{'D4'},{'D6'},{'D7'},{'D3'},{'D2'},{'D5'},{'D1'},{'R3'},{'R1'},{'R2'},&,1.0,&
{'D4'},{'D6'},{'D7'},{'D3'},{'D5'},{'D1'},{'D2'},{'R2'},{'R3'},{'R1'},&,1.0,&
{'D4'},{'D6'},{'D7'},{'D3'},{'D5'},{'D1'},{'D2'},{'R3'},{'R2'},{'R1'},&,1.0,&
{'D4'},{'D6'},{'D7'},{'D3'},{'D5'},{'D1'},{'D2'},{'R3'},{'R1'},{'R2'},&,2.0,&
{'D4'},{'D6'},{'D7'},{'D3'},{'D5'},{'D1'},{'R1'},{'D2'},{'R3'},{'R2'},&,1.0,&
{'D4'},{'D6'},{'D7'},{'D3'},{'D5'},{'D2'},{'D1'},{'R1'},{'R3'},{'R2'},&,4.0,&
{'D4'},{'D6'},{'D7'},{'D3'},{'D5'},{'D2'},{'D1'},{'R2'},{'R1'},{'R3'},&,2.0,&
{'D4'},{'D6'},{'D7'},{'D3'},{'D5'},{'D2'},{'D1'},{'R3'},{'R2'},{'R1'},&,2.0,&
{'D4'},{'D6'},{'D7'},{'D3'},{'D5'},{'D2'},{'D1'},{'R3'},{'R1'},{'R2'},&,2.0,&
{'D4'},{'D6'},{'D7'},{'D3'},{'D5'},{'D2'},{'R2'},{'D1'},{'R3'},{'R1'},&,1.0,&
{'D4'},{'D6'},{'D7'},{'D3'},{'D5'},{'R3'},{'D1'},{'D2'},{'R2'},{'R1'},&,1.0,&
{'D4'},{'D6'},{'D7'},{'D5'},{'D1'},{'D2'},{'R3'},{'R2'},{'D3'},{'R1'},&,1.0,&
{'D4'},{'D6'},{'D7'},{'D5'},{'D1'},{'D2'},{'D3'},{'R2'},{'R3'},{'R1'},&,1.0,&
{'D4'},{'D6'},{'D7'},{'D5'},{'D1'},{'D2'},{'D3'},{'R3'},{'R1'},{'R2'},&,1.0,&
{'D4'},{'D6'},{'D7'},{'D5'},{'D1'},{'D3'},{'D2'},{'R1'},{'R2'},{'R3'},&,1.0,&
{'D4'},{'D6'},{'D7'},{'D5'},{'D1'},{'D3'},{'D2'},{'R1'},{'R3'},{'R2'},&,1.0,&
{'D4'},{'D6'},{'D7'},{'D5'},{'D1'},{'D3'},{'D2'},{'R2'},{'R3'},{'R1'},&,2.0,&
{'D4'},{'D6'},{'D7'},{'D5'},{'D1'},{'D3'},{'D2'},{'R3'},{'R2'},{'R1'},&,1.0,&
{'D4'},{'D6'},{'D7'},{'D5'},{'D1'},{'D3'},{'D2'},{'R3'},{'R1'},{'R2'},&,4.0,&
{'D4'},{'D6'},{'D7'},{'D5'},{'D1'},{'R3'},{'D2'},{'R1'},{'D3'},{'R2'},&,1.0,&
{'D4'},{'D6'},{'D7'},{'D5'},{'D2'},{'D1'},{'D3'},{'R1'},{'R3'},{'R2'},&,1.0,&
{'D4'},{'D6'},{'D7'},{'D5'},{'D2'},{'D3'},{'D1'},{'R1'},{'R2'},{'R3'},&,2.0,&
{'D4'},{'D6'},{'D7'},{'D5'},{'D2'},{'D3'},{'D1'},{'R1'},{'R3'},{'R2'},&,2.0,&
{'D4'},{'D6'},{'D7'},{'D5'},{'D2'},{'D3'},{'D1'},{'R3'},{'R2'},{'R1'},&,2.0,&
{'D4'},{'D6'},{'D7'},{'D5'},{'D2'},{'R1'},{'D3'},{'R3'},{'D1'},{'R2'},&,1.0,&
{'D4'},{'D6'},{'D7'},{'D5'},{'D2'},{'R3'},{'D3'},{'D1'},{'R1'},{'R2'},&,1.0,&
{'D4'},{'D6'},{'D7'},{'D5'},{'D3'},{'D1'},{'R3'},{'D2'},{'R2'},{'R1'},&,1.0,&
{'D4'},{'D6'},{'D7'},{'D5'},{'D3'},{'D1'},{'R3'},{'D2'},{'R1'},{'R2'},&,1.0,&
{'D4'},{'D6'},{'D7'},{'D5'},{'D3'},{'D1'},{'R3'},{'R1'},{'D2'},{'R2'},&,2.0,&
{'D4'},{'D6'},{'D7'},{'D5'},{'D3'},{'D1'},{'R3'},{'R2'},{'R1'},{'D2'},&,1.0,&
{'D4'},{'D6'},{'D7'},{'D5'},{'D3'},{'D1'},{'D2'},{'R1'},{'R2'},{'R3'},&,1.0,&
{'D4'},{'D6'},{'D7'},{'D5'},{'D3'},{'D1'},{'D2'},{'R1'},{'R3'},{'R2'},&,3.0,&
{'D4'},{'D6'},{'D7'},{'D5'},{'D3'},{'D1'},{'D2'},{'R2'},{'R1'},{'R3'},&,1.0,&
{'D4'},{'D6'},{'D7'},{'D5'},{'D3'},{'D1'},{'D2'},{'R3'},{'R2'},{'R1'},&,3.0,&
{'D4'},{'D6'},{'D7'},{'D5'},{'D3'},{'D1'},{'D2'},{'R3'},{'R1'},{'R2'},&,4.0,&
{'D4'},{'D6'},{'D7'},{'D5'},{'D3'},{'D1'},{'R2'},{'D2'},{'R1'},{'R3'},&,1.0,&
{'D4'},{'D6'},{'D7'},{'D5'},{'D3'},{'D1'},{'R2'},{'R3'},{'D2'},{'R1'},&,1.0,&
{'D4'},{'D6'},{'D7'},{'D5'},{'D3'},{'D1'},{'R1'},{'D2'},{'R3'},{'R2'},&,1.0,&
{'D4'},{'D6'},{'D7'},{'D5'},{'D3'},{'D2'},{'R3'},{'D1'},{'R2'},{'R1'},&,2.0,&
{'D4'},{'D6'},{'D7'},{'D5'},{'D3'},{'D2'},{'D1'},{'R1'},{'R2'},{'R3'},&,1.0,&
{'D4'},{'D6'},{'D7'},{'D5'},{'D3'},{'D2'},{'D1'},{'R1'},{'R3'},{'R2'},&,5.0,&
{'D4'},{'D6'},{'D7'},{'D5'},{'D3'},{'D2'},{'D1'},{'R2'},{'R3'},{'R1'},&,1.0,&
{'D4'},{'D6'},{'D7'},{'D5'},{'D3'},{'D2'},{'D1'},{'R2'},{'R1'},{'R3'},&,2.0,&
{'D4'},{'D6'},{'D7'},{'D5'},{'D3'},{'D2'},{'D1'},{'R3'},{'R2'},{'R1'},&,5.0,&
{'D4'},{'D6'},{'D7'},{'D5'},{'D3'},{'D2'},{'D1'},{'R3'},{'R1'},{'R2'},&,5.0,&
{'D4'},{'D6'},{'D7'},{'D5'},{'D3'},{'D2'},{'R2'},{'R1'},{'D1'},{'R3'},&,1.0,&
{'D4'},{'D6'},{'D7'},{'D5'},{'D3'},{'D2'},{'R2'},{'D1'},{'R1'},{'R3'},&,1.0,&
{'D4'},{'D6'},{'D7'},{'D5'},{'D3'},{'R1'},{'D1'},{'R3'},{'D2'},{'R2'},&,1.0,&
{'D4'},{'D6'},{'D7'},{'D5'},{'D3'},{'R3'},{'D2'},{'D1'},{'R1'},{'R2'},&,1.0,&
{'D4'},{'D6'},{'D7'},{'D5'},{'D3'},{'R3'},{'D1'},{'D2'},{'R2'},{'R1'},&,2.0,&
{'D4'},{'D6'},{'D7'},{'D5'},{'D3'},{'R3'},{'D1'},{'D2'},{'R1'},{'R2'},&,1.0,&
{'D4'},{'D6'},{'D7'},{'D5'},{'D3'},{'R3'},{'D1'},{'R1'},{'D2'},{'R2'},&,1.0,&
{'D4'},{'D6'},{'D7'},{'R2'},{'D5'},{'D3'},{'D2'},{'R3'},{'D1'},{'R1'},&,1.0,&
{'D4'},{'D6'},{'D2'},{'D7'},{'D3'},{'D5'},{'D1'},{'R1'},{'R3'},{'R2'},&,1.0,&
{'D4'},{'D6'},{'D2'},{'D7'},{'D3'},{'D5'},{'D1'},{'R2'},{'R1'},{'R3'},&,1.0,&
{'D4'},{'D6'},{'D2'},{'D7'},{'D3'},{'D5'},{'D1'},{'R3'},{'R2'},{'R1'},&,1.0,&
{'D4'},{'D6'},{'D2'},{'D7'},{'D5'},{'D3'},{'R3'},{'D1'},{'R1'},{'R2'},&,1.0,&
{'D4'},{'D6'},{'D2'},{'D7'},{'D5'},{'D3'},{'D1'},{'R1'},{'R3'},{'R2'},&,1.0,&
{'D4'},{'D6'},{'D2'},{'D7'},{'D5'},{'D3'},{'D1'},{'R3'},{'R2'},{'R1'},&,2.0,&
{'D4'},{'D6'},{'D2'},{'D1'},{'D3'},{'D5'},{'D7'},{'R3'},{'R2'},{'R1'},&,2.0,&
{'D4'},{'D6'},{'D2'},{'D1'},{'D5'},{'D7'},{'D3'},{'R3'},{'R2'},{'R1'},&,1.0,&
{'D4'},{'D6'},{'D2'},{'D1'},{'D5'},{'D3'},{'D7'},{'R3'},{'R1'},{'R2'},&,2.0,&
{'D4'},{'D6'},{'D2'},{'D1'},{'D5'},{'R3'},{'D7'},{'D3'},{'R1'},{'R2'},&,1.0,&
{'D4'},{'D6'},{'D2'},{'D3'},{'D1'},{'D5'},{'D7'},{'R1'},{'R3'},{'R2'},&,1.0,&
{'D4'},{'D6'},{'D2'},{'D3'},{'D1'},{'D5'},{'D7'},{'R3'},{'R2'},{'R1'},&,1.0,&
{'D4'},{'D6'},{'D2'},{'D3'},{'D1'},{'R3'},{'D5'},{'D7'},{'R2'},{'R1'},&,1.0,&
{'D4'},{'D6'},{'D2'},{'D3'},{'D7'},{'D1'},{'R3'},{'D5'},{'R1'},{'R2'},&,1.0,&
{'D4'},{'D6'},{'D2'},{'D3'},{'D7'},{'D1'},{'R2'},{'D5'},{'R3'},{'R1'},&,1.0,&
{'D4'},{'D6'},{'D2'},{'D3'},{'D7'},{'D5'},{'D1'},{'R1'},{'R3'},{'R2'},&,1.0,&
{'D4'},{'D6'},{'D2'},{'D3'},{'D7'},{'D5'},{'D1'},{'R2'},{'R3'},{'R1'},&,1.0,&
{'D4'},{'D6'},{'D2'},{'D3'},{'D7'},{'D5'},{'D1'},{'R3'},{'R1'},{'R2'},&,1.0,&
{'D4'},{'D6'},{'D2'},{'D3'},{'D5'},{'D7'},{'R3'},{'D1'},{'R2'},{'R1'},&,1.0,&
{'D4'},{'D6'},{'D2'},{'D3'},{'D5'},{'D7'},{'R3'},{'D1'},{'R1'},{'R2'},&,1.0,&
{'D4'},{'D6'},{'D2'},{'D3'},{'D5'},{'D7'},{'D1'},{'R2'},{'R3'},{'R1'},&,1.0,&
{'D4'},{'D6'},{'D2'},{'D3'},{'D5'},{'D7'},{'D1'},{'R3'},{'R1'},{'R2'},&,1.0,&
{'D4'},{'D6'},{'D2'},{'D3'},{'D5'},{'D7'},{'R1'},{'D1'},{'R2'},{'R3'},&,1.0,&
{'D4'},{'D6'},{'D2'},{'D3'},{'D5'},{'D7'},{'R1'},{'D1'},{'R3'},{'R2'},&,2.0,&
{'D4'},{'D6'},{'D2'},{'D3'},{'D5'},{'D1'},{'D7'},{'R1'},{'R2'},{'R3'},&,1.0,&
{'D4'},{'D6'},{'D2'},{'D3'},{'D5'},{'D1'},{'D7'},{'R3'},{'R2'},{'R1'},&,1.0,&
{'D4'},{'D6'},{'D2'},{'D3'},{'D5'},{'R1'},{'D7'},{'D1'},{'R3'},{'R2'},&,1.0,&
{'D4'},{'D6'},{'D2'},{'D3'},{'D5'},{'R3'},{'R2'},{'D7'},{'D1'},{'R1'},&,1.0,&
{'D4'},{'D6'},{'D2'},{'D3'},{'D5'},{'R3'},{'D7'},{'D1'},{'R1'},{'R2'},&,1.0,&
{'D4'},{'D6'},{'D2'},{'D5'},{'D1'},{'D7'},{'R3'},{'D3'},{'R2'},{'R1'},&,1.0,&
{'D4'},{'D6'},{'D2'},{'D5'},{'D1'},{'D7'},{'R1'},{'R3'},{'D3'},{'R2'},&,1.0,&
{'D4'},{'D6'},{'D2'},{'D5'},{'D1'},{'D3'},{'R2'},{'R3'},{'D7'},{'R1'},&,1.0,&
{'D4'},{'D6'},{'D2'},{'D5'},{'D1'},{'D3'},{'D7'},{'R2'},{'R3'},{'R1'},&,2.0,&
{'D4'},{'D6'},{'D2'},{'D5'},{'D1'},{'D3'},{'D7'},{'R2'},{'R1'},{'R3'},&,1.0,&
{'D4'},{'D6'},{'D2'},{'D5'},{'D1'},{'D3'},{'D7'},{'R3'},{'R1'},{'R2'},&,2.0,&
{'D4'},{'D6'},{'D2'},{'D5'},{'D7'},{'D1'},{'R2'},{'D3'},{'R3'},{'R1'},&,1.0,&
{'D4'},{'D6'},{'D2'},{'D5'},{'D7'},{'D1'},{'D3'},{'R1'},{'R2'},{'R3'},&,1.0,&
{'D4'},{'D6'},{'D2'},{'D5'},{'D7'},{'D1'},{'D3'},{'R1'},{'R3'},{'R2'},&,1.0,&
{'D4'},{'D6'},{'D2'},{'D5'},{'D7'},{'D1'},{'D3'},{'R3'},{'R2'},{'R1'},&,2.0,&
{'D4'},{'D6'},{'D2'},{'D5'},{'D7'},{'D1'},{'D3'},{'R3'},{'R1'},{'R2'},&,1.0,&
{'D4'},{'D6'},{'D2'},{'D5'},{'D7'},{'D1'},{'R1'},{'D3'},{'R2'},{'R3'},&,1.0,&
{'D4'},{'D6'},{'D2'},{'D5'},{'D7'},{'D3'},{'D1'},{'R1'},{'R3'},{'R2'},&,1.0,&
{'D4'},{'D6'},{'D2'},{'D5'},{'D7'},{'D3'},{'D1'},{'R2'},{'R3'},{'R1'},&,1.0,&
{'D4'},{'D6'},{'D2'},{'D5'},{'D7'},{'D3'},{'D1'},{'R3'},{'R1'},{'R2'},&,2.0,&
{'D4'},{'D6'},{'D2'},{'D5'},{'D7'},{'R2'},{'D3'},{'R1'},{'R3'},{'D1'},&,1.0,&
{'D4'},{'D6'},{'D2'},{'D5'},{'D7'},{'R1'},{'R3'},{'D3'},{'D1'},{'R2'},&,1.0,&
{'D4'},{'D6'},{'D2'},{'D5'},{'D3'},{'D7'},{'R3'},{'D1'},{'R2'},{'R1'},&,1.0,&
{'D4'},{'D6'},{'D2'},{'D5'},{'D3'},{'D7'},{'R3'},{'D1'},{'R1'},{'R2'},&,1.0,&
{'D4'},{'D6'},{'D2'},{'D5'},{'D3'},{'D7'},{'D1'},{'R1'},{'R3'},{'R2'},&,3.0,&
{'D4'},{'D6'},{'D2'},{'D5'},{'D3'},{'D7'},{'D1'},{'R3'},{'R2'},{'R1'},&,3.0,&
{'D4'},{'D6'},{'D2'},{'D5'},{'D3'},{'D7'},{'D1'},{'R3'},{'R1'},{'R2'},&,2.0,&
{'D4'},{'D6'},{'D2'},{'D5'},{'D3'},{'D1'},{'R3'},{'D7'},{'R1'},{'R2'},&,2.0,&
{'D4'},{'D6'},{'D2'},{'D5'},{'D3'},{'D1'},{'D7'},{'R1'},{'R3'},{'R2'},&,1.0,&
{'D4'},{'D6'},{'D2'},{'D5'},{'D3'},{'D1'},{'D7'},{'R2'},{'R1'},{'R3'},&,2.0,&
{'D4'},{'D6'},{'D2'},{'D5'},{'D3'},{'D1'},{'D7'},{'R3'},{'R2'},{'R1'},&,1.0,&
{'D4'},{'D6'},{'D2'},{'D5'},{'D3'},{'D1'},{'D7'},{'R3'},{'R1'},{'R2'},&,5.0,&
{'D4'},{'D6'},{'D2'},{'D5'},{'D3'},{'D1'},{'R1'},{'R2'},{'D7'},{'R3'},&,1.0,&
{'D4'},{'D6'},{'D2'},{'D5'},{'D3'},{'D1'},{'R1'},{'R3'},{'D7'},{'R2'},&,1.0,&
{'D4'},{'D6'},{'D2'},{'D5'},{'D3'},{'R3'},{'D1'},{'R1'},{'D7'},{'R2'},&,1.0,&
{'D4'},{'D6'},{'R1'},{'D3'},{'D5'},{'D7'},{'D2'},{'R3'},{'D1'},{'R2'},&,1.0,&
{'D4'},{'D2'},{'D3'},{'D7'},{'D6'},{'D1'},{'R3'},{'D5'},{'R2'},{'R1'},&,1.0,&
{'D4'},{'D2'},{'D3'},{'D7'},{'D6'},{'D5'},{'R3'},{'R1'},{'D1'},{'R2'},&,1.0,&
{'D4'},{'D2'},{'D3'},{'D7'},{'D6'},{'D5'},{'D1'},{'R3'},{'R2'},{'R1'},&,1.0,&
{'D4'},{'D2'},{'D3'},{'D7'},{'D6'},{'D5'},{'R2'},{'D1'},{'R3'},{'R1'},&,1.0,&
{'D4'},{'D2'},{'D3'},{'D7'},{'D5'},{'R1'},{'D1'},{'D6'},{'R3'},{'R2'},&,1.0,&
{'D4'},{'D2'},{'D3'},{'D7'},{'D5'},{'R3'},{'D6'},{'D1'},{'R1'},{'R2'},&,1.0,&
{'D4'},{'D2'},{'D3'},{'D1'},{'D7'},{'D6'},{'D5'},{'R3'},{'R1'},{'R2'},&,1.0,&
{'D4'},{'D2'},{'D3'},{'D1'},{'D7'},{'D5'},{'D6'},{'R2'},{'R1'},{'R3'},&,1.0,&
{'D4'},{'D2'},{'D3'},{'D1'},{'D6'},{'D5'},{'D7'},{'R3'},{'R1'},{'R2'},&,1.0,&
{'D4'},{'D2'},{'D3'},{'D1'},{'D5'},{'D6'},{'D7'},{'R3'},{'R2'},{'R1'},&,1.0,&
{'D4'},{'D2'},{'D3'},{'D5'},{'D1'},{'D6'},{'D7'},{'R1'},{'R3'},{'R2'},&,5.0,&
{'D4'},{'D2'},{'D3'},{'D5'},{'D1'},{'D6'},{'D7'},{'R2'},{'R1'},{'R3'},&,1.0,&
{'D4'},{'D2'},{'D3'},{'D5'},{'D1'},{'D7'},{'D6'},{'R3'},{'R1'},{'R2'},&,2.0,&
{'D4'},{'D2'},{'D3'},{'D5'},{'D7'},{'D6'},{'R3'},{'D1'},{'R1'},{'R2'},&,1.0,&
{'D4'},{'D2'},{'D3'},{'D5'},{'D7'},{'D6'},{'D1'},{'R1'},{'R3'},{'R2'},&,1.0,&
{'D4'},{'D2'},{'D3'},{'D5'},{'D7'},{'D1'},{'R3'},{'D6'},{'R2'},{'R1'},&,1.0,&
{'D4'},{'D2'},{'D3'},{'D5'},{'D7'},{'D1'},{'D6'},{'R3'},{'R1'},{'R2'},&,1.0,&
{'D4'},{'D2'},{'D3'},{'D5'},{'D7'},{'R3'},{'D6'},{'R1'},{'D1'},{'R2'},&,1.0,&
{'D4'},{'D2'},{'D3'},{'D5'},{'D7'},{'R3'},{'D6'},{'D1'},{'R2'},{'R1'},&,1.0,&
{'D4'},{'D2'},{'D3'},{'D5'},{'D6'},{'D7'},{'R3'},{'D1'},{'R1'},{'R2'},&,1.0,&
{'D4'},{'D2'},{'D3'},{'D5'},{'D6'},{'D7'},{'D1'},{'R2'},{'R3'},{'R1'},&,2.0,&
{'D4'},{'D2'},{'D3'},{'D5'},{'D6'},{'D7'},{'D1'},{'R3'},{'R2'},{'R1'},&,1.0,&
{'D4'},{'D2'},{'D3'},{'D5'},{'D6'},{'D7'},{'D1'},{'R3'},{'R1'},{'R2'},&,3.0,&
{'D4'},{'D2'},{'D3'},{'D5'},{'D6'},{'D1'},{'R3'},{'R2'},{'D7'},{'R1'},&,1.0,&
{'D4'},{'D2'},{'D3'},{'D5'},{'D6'},{'D1'},{'R3'},{'D7'},{'R1'},{'R2'},&,1.0,&
{'D4'},{'D2'},{'D3'},{'D5'},{'D6'},{'D1'},{'R2'},{'D7'},{'R3'},{'R1'},&,1.0,&
{'D4'},{'D2'},{'D3'},{'D5'},{'D6'},{'D1'},{'D7'},{'R2'},{'R1'},{'R3'},&,1.0,&
{'D4'},{'D2'},{'D3'},{'D5'},{'D6'},{'D1'},{'D7'},{'R3'},{'R1'},{'R2'},&,1.0,&
{'D4'},{'D2'},{'D3'},{'D6'},{'D7'},{'D1'},{'D5'},{'R3'},{'R2'},{'R1'},&,1.0,&
{'D4'},{'D2'},{'D3'},{'D6'},{'D7'},{'D5'},{'R3'},{'R2'},{'D1'},{'R1'},&,1.0,&
{'D4'},{'D2'},{'D3'},{'D6'},{'D5'},{'D7'},{'D1'},{'R1'},{'R3'},{'R2'},&,1.0,&
{'D4'},{'D2'},{'D3'},{'D6'},{'D5'},{'D7'},{'D1'},{'R3'},{'R2'},{'R1'},&,2.0,&
{'D4'},{'D2'},{'D3'},{'D6'},{'D5'},{'D7'},{'D1'},{'R3'},{'R1'},{'R2'},&,3.0,&
{'D4'},{'D2'},{'D3'},{'D6'},{'D5'},{'D1'},{'D7'},{'R1'},{'R3'},{'R2'},&,1.0,&
{'D4'},{'D2'},{'D3'},{'D6'},{'D5'},{'D1'},{'D7'},{'R3'},{'R2'},{'R1'},&,1.0,&
{'D4'},{'D2'},{'D3'},{'D6'},{'D5'},{'D1'},{'D7'},{'R3'},{'R1'},{'R2'},&,2.0,&
{'D4'},{'D2'},{'D5'},{'D7'},{'D1'},{'D6'},{'D3'},{'R3'},{'R2'},{'R1'},&,1.0,&
{'D4'},{'D2'},{'D5'},{'D7'},{'D1'},{'D6'},{'D3'},{'R3'},{'R1'},{'R2'},&,2.0,&
{'D4'},{'D2'},{'D5'},{'D7'},{'D1'},{'D3'},{'R3'},{'D6'},{'R1'},{'R2'},&,2.0,&
{'D4'},{'D2'},{'D5'},{'D7'},{'D3'},{'D6'},{'R3'},{'R1'},{'R2'},{'D1'},&,1.0,&
{'D4'},{'D2'},{'D5'},{'D7'},{'D3'},{'D6'},{'D1'},{'R1'},{'R2'},{'R3'},&,1.0,&
{'D4'},{'D2'},{'D5'},{'D7'},{'D3'},{'D6'},{'D1'},{'R1'},{'R3'},{'R2'},&,1.0,&
{'D4'},{'D2'},{'D5'},{'D7'},{'D3'},{'D6'},{'D1'},{'R2'},{'R1'},{'R3'},&,1.0,&
{'D4'},{'D2'},{'D5'},{'D7'},{'D3'},{'D6'},{'D1'},{'R3'},{'R2'},{'R1'},&,2.0,&
{'D4'},{'D2'},{'D5'},{'D7'},{'D3'},{'D6'},{'D1'},{'R3'},{'R1'},{'R2'},&,2.0,&
{'D4'},{'D2'},{'D5'},{'D7'},{'D3'},{'D1'},{'D6'},{'R1'},{'R3'},{'R2'},&,1.0,&
{'D4'},{'D2'},{'D5'},{'D7'},{'D3'},{'R1'},{'D6'},{'R2'},{'R3'},{'D1'},&,1.0,&
{'D4'},{'D2'},{'D5'},{'D7'},{'D3'},{'R3'},{'D6'},{'R1'},{'D1'},{'R2'},&,1.0,&
{'D4'},{'D2'},{'D5'},{'D7'},{'D6'},{'D1'},{'D3'},{'R3'},{'R1'},{'R2'},&,2.0,&
{'D4'},{'D2'},{'D5'},{'D7'},{'D6'},{'D3'},{'D1'},{'R1'},{'R2'},{'R3'},&,1.0,&
{'D4'},{'D2'},{'D5'},{'D7'},{'D6'},{'D3'},{'D1'},{'R1'},{'R3'},{'R2'},&,3.0,&
{'D4'},{'D2'},{'D5'},{'D7'},{'D6'},{'D3'},{'D1'},{'R2'},{'R3'},{'R1'},&,1.0,&
{'D4'},{'D2'},{'D5'},{'D7'},{'D6'},{'D3'},{'D1'},{'R3'},{'R2'},{'R1'},&,1.0,&
{'D4'},{'D2'},{'D5'},{'D7'},{'D6'},{'D3'},{'D1'},{'R3'},{'R1'},{'R2'},&,1.0,&
{'D4'},{'D2'},{'D5'},{'D1'},{'D7'},{'D6'},{'D3'},{'R2'},{'R1'},{'R3'},&,1.0,&
{'D4'},{'D2'},{'D5'},{'D1'},{'D7'},{'D6'},{'D3'},{'R3'},{'R1'},{'R2'},&,2.0,&
{'D4'},{'D2'},{'D5'},{'D1'},{'D7'},{'D3'},{'D6'},{'R1'},{'R3'},{'R2'},&,1.0,&
{'D4'},{'D2'},{'D5'},{'D1'},{'D7'},{'D3'},{'D6'},{'R3'},{'R1'},{'R2'},&,2.0,&
{'D4'},{'D2'},{'D5'},{'D1'},{'D7'},{'D3'},{'R1'},{'D6'},{'R3'},{'R2'},&,1.0,&
{'D4'},{'D2'},{'D5'},{'D1'},{'D3'},{'D6'},{'D7'},{'R1'},{'R3'},{'R2'},&,1.0,&
{'D4'},{'D2'},{'D5'},{'D1'},{'D3'},{'D6'},{'D7'},{'R3'},{'R1'},{'R2'},&,1.0,&
{'D4'},{'D2'},{'D5'},{'D1'},{'D3'},{'D7'},{'R3'},{'D6'},{'R1'},{'R2'},&,1.0,&
{'D4'},{'D2'},{'D5'},{'D1'},{'D3'},{'D7'},{'D6'},{'R1'},{'R3'},{'R2'},&,2.0,&
{'D4'},{'D2'},{'D5'},{'D1'},{'D3'},{'R1'},{'D6'},{'D7'},{'R3'},{'R2'},&,1.0,&
{'D4'},{'D2'},{'D5'},{'D1'},{'D6'},{'D7'},{'D3'},{'R1'},{'R2'},{'R3'},&,1.0,&
{'D4'},{'D2'},{'D5'},{'D1'},{'D6'},{'D7'},{'D3'},{'R2'},{'R3'},{'R1'},&,1.0,&
{'D4'},{'D2'},{'D5'},{'D1'},{'D6'},{'D3'},{'D7'},{'R1'},{'R3'},{'R2'},&,1.0,&
{'D4'},{'D2'},{'D5'},{'D1'},{'D6'},{'D3'},{'D7'},{'R3'},{'R2'},{'R1'},&,1.0,&
{'D4'},{'D2'},{'D5'},{'D1'},{'D6'},{'R3'},{'D7'},{'D3'},{'R1'},{'R2'},&,1.0,&
{'D4'},{'D2'},{'D5'},{'D3'},{'D1'},{'D6'},{'D7'},{'R1'},{'R2'},{'R3'},&,1.0,&
{'D4'},{'D2'},{'D5'},{'D3'},{'D1'},{'D6'},{'D7'},{'R3'},{'R2'},{'R1'},&,1.0,&
{'D4'},{'D2'},{'D5'},{'D3'},{'D1'},{'D7'},{'D6'},{'R2'},{'R3'},{'R1'},&,1.0,&
{'D4'},{'D2'},{'D5'},{'D3'},{'D1'},{'D7'},{'D6'},{'R3'},{'R2'},{'R1'},&,1.0,&
{'D4'},{'D2'},{'D5'},{'D3'},{'D1'},{'D7'},{'D6'},{'R3'},{'R1'},{'R2'},&,1.0,&
{'D4'},{'D2'},{'D5'},{'D3'},{'D7'},{'D6'},{'D1'},{'R3'},{'R1'},{'R2'},&,3.0,&
{'D4'},{'D2'},{'D5'},{'D3'},{'D7'},{'D6'},{'R1'},{'D1'},{'R3'},{'R2'},&,1.0,&
{'D4'},{'D2'},{'D5'},{'D3'},{'D7'},{'D1'},{'R3'},{'D6'},{'R1'},{'R2'},&,1.0,&
{'D4'},{'D2'},{'D5'},{'D3'},{'D7'},{'D1'},{'D6'},{'R2'},{'R3'},{'R1'},&,1.0,&
{'D4'},{'D2'},{'D5'},{'D3'},{'D7'},{'D1'},{'D6'},{'R3'},{'R1'},{'R2'},&,1.0,&
{'D4'},{'D2'},{'D5'},{'D3'},{'D7'},{'R2'},{'D6'},{'D1'},{'R3'},{'R1'},&,1.0,&
{'D4'},{'D2'},{'D5'},{'D3'},{'D6'},{'D7'},{'R3'},{'R1'},{'D1'},{'R2'},&,1.0,&
{'D4'},{'D2'},{'D5'},{'D3'},{'D6'},{'D7'},{'R3'},{'D1'},{'R1'},{'R2'},&,1.0,&
{'D4'},{'D2'},{'D5'},{'D3'},{'D6'},{'D7'},{'D1'},{'R1'},{'R3'},{'R2'},&,1.0,&
{'D4'},{'D2'},{'D5'},{'D3'},{'D6'},{'D7'},{'D1'},{'R3'},{'R2'},{'R1'},&,3.0,&
{'D4'},{'D2'},{'D5'},{'D3'},{'D6'},{'D7'},{'D1'},{'R3'},{'R1'},{'R2'},&,3.0,&
{'D4'},{'D2'},{'D5'},{'D3'},{'D6'},{'D7'},{'R1'},{'D1'},{'R3'},{'R2'},&,1.0,&
{'D4'},{'D2'},{'D5'},{'D3'},{'D6'},{'D1'},{'R3'},{'D7'},{'R2'},{'R1'},&,1.0,&
{'D4'},{'D2'},{'D5'},{'D3'},{'D6'},{'D1'},{'D7'},{'R1'},{'R2'},{'R3'},&,1.0,&
{'D4'},{'D2'},{'D5'},{'D3'},{'D6'},{'D1'},{'D7'},{'R2'},{'R3'},{'R1'},&,2.0,&
{'D4'},{'D2'},{'D5'},{'D3'},{'D6'},{'D1'},{'D7'},{'R2'},{'R1'},{'R3'},&,1.0,&
{'D4'},{'D2'},{'D5'},{'D3'},{'D6'},{'D1'},{'D7'},{'R3'},{'R2'},{'R1'},&,1.0,&
{'D4'},{'D2'},{'D5'},{'D3'},{'D6'},{'D1'},{'D7'},{'R3'},{'R1'},{'R2'},&,1.0,&
{'D4'},{'D2'},{'D5'},{'D3'},{'D6'},{'R2'},{'D1'},{'D7'},{'R3'},{'R1'},&,1.0,&
{'D4'},{'D2'},{'D5'},{'D3'},{'D6'},{'R3'},{'D1'},{'D7'},{'R2'},{'R1'},&,1.0,&
{'D4'},{'D2'},{'D5'},{'D3'},{'D6'},{'R3'},{'D7'},{'R2'},{'D1'},{'R1'},&,1.0,&
{'D4'},{'D2'},{'D5'},{'D3'},{'R1'},{'D6'},{'D7'},{'D1'},{'R3'},{'R2'},&,1.0,&
{'D4'},{'D2'},{'D5'},{'D3'},{'R1'},{'D1'},{'D7'},{'D6'},{'R3'},{'R2'},&,1.0,&
{'D4'},{'D2'},{'D5'},{'D6'},{'D1'},{'D7'},{'D3'},{'R3'},{'R2'},{'R1'},&,2.0,&
{'D4'},{'D2'},{'D5'},{'D6'},{'D1'},{'D3'},{'D7'},{'R1'},{'R2'},{'R3'},&,1.0,&
{'D4'},{'D2'},{'D5'},{'D6'},{'D1'},{'D3'},{'D7'},{'R3'},{'R2'},{'R1'},&,1.0,&
{'D4'},{'D2'},{'D5'},{'D6'},{'D1'},{'D3'},{'D7'},{'R3'},{'R1'},{'R2'},&,1.0,&
{'D4'},{'D2'},{'D5'},{'D6'},{'D7'},{'D1'},{'D3'},{'R2'},{'R3'},{'R1'},&,1.0,&
{'D4'},{'D2'},{'D5'},{'D6'},{'D7'},{'D1'},{'D3'},{'R3'},{'R1'},{'R2'},&,1.0,&
{'D4'},{'D2'},{'D5'},{'D6'},{'D7'},{'D3'},{'D1'},{'R1'},{'R2'},{'R3'},&,1.0,&
{'D4'},{'D2'},{'D5'},{'D6'},{'D7'},{'D3'},{'D1'},{'R1'},{'R3'},{'R2'},&,3.0,&
{'D4'},{'D2'},{'D5'},{'D6'},{'D7'},{'D3'},{'D1'},{'R3'},{'R2'},{'R1'},&,1.0,&
{'D4'},{'D2'},{'D5'},{'D6'},{'D7'},{'D3'},{'R2'},{'D1'},{'R3'},{'R1'},&,2.0,&
{'D4'},{'D2'},{'D5'},{'D6'},{'D7'},{'D3'},{'R1'},{'D1'},{'R2'},{'R3'},&,1.0,&
{'D4'},{'D2'},{'D5'},{'D6'},{'D7'},{'R3'},{'D3'},{'R1'},{'D1'},{'R2'},&,1.0,&
{'D4'},{'D2'},{'D5'},{'D6'},{'D3'},{'D7'},{'R3'},{'R2'},{'D1'},{'R1'},&,3.0,&
{'D4'},{'D2'},{'D5'},{'D6'},{'D3'},{'D7'},{'D1'},{'R1'},{'R2'},{'R3'},&,2.0,&
{'D4'},{'D2'},{'D5'},{'D6'},{'D3'},{'D7'},{'D1'},{'R1'},{'R3'},{'R2'},&,4.0,&
{'D4'},{'D2'},{'D5'},{'D6'},{'D3'},{'D7'},{'D1'},{'R2'},{'R3'},{'R1'},&,1.0,&
{'D4'},{'D2'},{'D5'},{'D6'},{'D3'},{'D7'},{'D1'},{'R3'},{'R2'},{'R1'},&,4.0,&
{'D4'},{'D2'},{'D5'},{'D6'},{'D3'},{'D7'},{'D1'},{'R3'},{'R1'},{'R2'},&,1.0,&
{'D4'},{'D2'},{'D5'},{'D6'},{'D3'},{'D7'},{'R1'},{'D1'},{'R3'},{'R2'},&,1.0,&
{'D4'},{'D2'},{'D5'},{'D6'},{'D3'},{'D1'},{'D7'},{'R1'},{'R3'},{'R2'},&,2.0,&
{'D4'},{'D2'},{'D5'},{'D6'},{'D3'},{'D1'},{'D7'},{'R3'},{'R2'},{'R1'},&,2.0,&
{'D4'},{'D2'},{'D5'},{'D6'},{'D3'},{'D1'},{'D7'},{'R3'},{'R1'},{'R2'},&,2.0,&
{'D4'},{'D2'},{'D5'},{'D6'},{'D3'},{'D1'},{'R1'},{'D7'},{'R3'},{'R2'},&,1.0,&
{'D4'},{'D2'},{'D5'},{'D6'},{'D3'},{'R2'},{'D1'},{'D7'},{'R3'},{'R1'},&,1.0,&
{'D4'},{'D2'},{'D5'},{'D6'},{'D3'},{'R1'},{'D7'},{'R3'},{'D1'},{'R2'},&,1.0,&
{'D4'},{'D2'},{'D5'},{'D6'},{'R2'},{'D7'},{'D3'},{'D1'},{'R3'},{'R1'},&,2.0,&
{'D4'},{'D2'},{'D6'},{'D7'},{'D1'},{'D5'},{'D3'},{'R2'},{'R1'},{'R3'},&,1.0,&
{'D4'},{'D2'},{'D6'},{'D7'},{'D3'},{'D5'},{'D1'},{'R3'},{'R2'},{'R1'},&,2.0,&
{'D4'},{'D2'},{'D6'},{'D7'},{'D5'},{'D3'},{'R3'},{'D1'},{'R2'},{'R1'},&,2.0,&
{'D4'},{'D2'},{'D6'},{'D7'},{'D5'},{'D3'},{'D1'},{'R2'},{'R1'},{'R3'},&,1.0,&
{'D4'},{'D2'},{'D6'},{'D7'},{'D5'},{'D3'},{'D1'},{'R3'},{'R2'},{'R1'},&,1.0,&
{'D4'},{'D2'},{'D6'},{'D7'},{'D5'},{'D3'},{'D1'},{'R3'},{'R1'},{'R2'},&,1.0,&
{'D4'},{'D2'},{'D6'},{'D1'},{'D3'},{'D5'},{'R3'},{'D7'},{'R2'},{'R1'},&,1.0,&
{'D4'},{'D2'},{'D6'},{'D1'},{'D5'},{'D7'},{'D3'},{'R3'},{'R2'},{'R1'},&,1.0,&
{'D4'},{'D2'},{'D6'},{'D1'},{'D5'},{'D3'},{'R3'},{'R2'},{'D7'},{'R1'},&,1.0,&
{'D4'},{'D2'},{'D6'},{'D1'},{'D5'},{'D3'},{'D7'},{'R2'},{'R3'},{'R1'},&,1.0,&
{'D4'},{'D2'},{'D6'},{'D1'},{'D5'},{'D3'},{'D7'},{'R3'},{'R2'},{'R1'},&,1.0,&
{'D4'},{'D2'},{'D6'},{'D3'},{'D1'},{'D7'},{'D5'},{'R1'},{'R3'},{'R2'},&,1.0,&
{'D4'},{'D2'},{'D6'},{'D3'},{'D7'},{'D5'},{'D1'},{'R3'},{'R2'},{'R1'},&,1.0,&
{'D4'},{'D2'},{'D6'},{'D3'},{'D7'},{'D5'},{'D1'},{'R3'},{'R1'},{'R2'},&,1.0,&
{'D4'},{'D2'},{'D6'},{'D3'},{'D5'},{'D7'},{'D1'},{'R2'},{'R3'},{'R1'},&,1.0,&
{'D4'},{'D2'},{'D6'},{'D3'},{'D5'},{'D7'},{'D1'},{'R3'},{'R2'},{'R1'},&,2.0,&
{'D4'},{'D2'},{'D6'},{'D3'},{'D5'},{'D7'},{'D1'},{'R3'},{'R1'},{'R2'},&,2.0,&
{'D4'},{'D2'},{'D6'},{'D3'},{'D5'},{'D7'},{'R2'},{'D1'},{'R3'},{'R1'},&,1.0,&
{'D4'},{'D2'},{'D6'},{'D3'},{'D5'},{'D1'},{'D7'},{'R1'},{'R3'},{'R2'},&,1.0,&
{'D4'},{'D2'},{'D6'},{'D3'},{'D5'},{'D1'},{'D7'},{'R2'},{'R3'},{'R1'},&,1.0,&
{'D4'},{'D2'},{'D6'},{'D3'},{'D5'},{'D1'},{'D7'},{'R3'},{'R2'},{'R1'},&,1.0,&
{'D4'},{'D2'},{'D6'},{'D5'},{'D1'},{'D7'},{'D3'},{'R1'},{'R3'},{'R2'},&,1.0,&
{'D4'},{'D2'},{'D6'},{'D5'},{'D1'},{'D3'},{'D7'},{'R3'},{'R1'},{'R2'},&,1.0,&
{'D4'},{'D2'},{'D6'},{'D5'},{'D7'},{'D1'},{'D3'},{'R2'},{'R3'},{'R1'},&,1.0,&
{'D4'},{'D2'},{'D6'},{'D5'},{'D7'},{'D1'},{'R1'},{'R3'},{'D3'},{'R2'},&,1.0,&
{'D4'},{'D2'},{'D6'},{'D5'},{'D7'},{'D3'},{'D1'},{'R1'},{'R3'},{'R2'},&,1.0,&
{'D4'},{'D2'},{'D6'},{'D5'},{'D7'},{'D3'},{'D1'},{'R2'},{'R3'},{'R1'},&,1.0,&
{'D4'},{'D2'},{'D6'},{'D5'},{'D7'},{'D3'},{'D1'},{'R3'},{'R1'},{'R2'},&,2.0,&
{'D4'},{'D2'},{'D6'},{'D5'},{'D7'},{'D3'},{'R1'},{'R3'},{'D1'},{'R2'},&,1.0,&
{'D4'},{'D2'},{'D6'},{'D5'},{'D3'},{'D7'},{'R3'},{'D1'},{'R2'},{'R1'},&,1.0,&
{'D4'},{'D2'},{'D6'},{'D5'},{'D3'},{'D7'},{'D1'},{'R1'},{'R2'},{'R3'},&,1.0,&
{'D4'},{'D2'},{'D6'},{'D5'},{'D3'},{'D7'},{'D1'},{'R1'},{'R3'},{'R2'},&,2.0,&
{'D4'},{'D2'},{'D6'},{'D5'},{'D3'},{'D7'},{'D1'},{'R2'},{'R3'},{'R1'},&,3.0,&
{'D4'},{'D2'},{'D6'},{'D5'},{'D3'},{'D7'},{'D1'},{'R3'},{'R2'},{'R1'},&,4.0,&
{'D4'},{'D2'},{'D6'},{'D5'},{'D3'},{'D7'},{'D1'},{'R3'},{'R1'},{'R2'},&,5.0,&
{'D4'},{'D2'},{'D6'},{'D5'},{'D3'},{'D7'},{'R2'},{'D1'},{'R3'},{'R1'},&,2.0,&
{'D4'},{'D2'},{'D6'},{'D5'},{'D3'},{'D1'},{'D7'},{'R1'},{'R3'},{'R2'},&,1.0,&
{'D4'},{'D2'},{'D6'},{'D5'},{'D3'},{'D1'},{'D7'},{'R2'},{'R3'},{'R1'},&,2.0,&
{'D4'},{'D2'},{'D6'},{'D5'},{'D3'},{'D1'},{'D7'},{'R2'},{'R1'},{'R3'},&,1.0,&
{'D4'},{'D2'},{'D6'},{'D5'},{'D3'},{'D1'},{'D7'},{'R3'},{'R2'},{'R1'},&,1.0,&
{'D4'},{'D2'},{'D6'},{'D5'},{'D3'},{'D1'},{'D7'},{'R3'},{'R1'},{'R2'},&,3.0,&
{'D4'},{'D2'},{'D6'},{'D5'},{'D3'},{'R3'},{'D7'},{'D1'},{'R1'},{'R2'},&,1.0,&
{'D4'},{'D2'},{'D6'},{'R3'},{'D5'},{'D3'},{'D1'},{'D7'},{'R2'},{'R1'},&,1.0,&
{'D4'},{'D2'},{'D1'},{'D7'},{'D3'},{'D5'},{'R3'},{'D6'},{'R1'},{'R2'},&,1.0,&
{'D4'},{'D2'},{'D1'},{'D7'},{'D5'},{'D6'},{'D3'},{'R1'},{'R3'},{'R2'},&,1.0,&
{'D4'},{'D2'},{'D1'},{'D3'},{'D7'},{'D6'},{'D5'},{'R1'},{'R3'},{'R2'},&,1.0,&
{'D4'},{'D2'},{'D1'},{'D3'},{'D6'},{'D5'},{'D7'},{'R1'},{'R3'},{'R2'},&,1.0,&
{'D4'},{'D2'},{'D1'},{'D3'},{'D5'},{'D6'},{'D7'},{'R1'},{'R2'},{'R3'},&,1.0,&
{'D4'},{'D2'},{'D1'},{'D3'},{'D5'},{'D6'},{'D7'},{'R1'},{'R3'},{'R2'},&,1.0,&
{'D4'},{'D2'},{'D1'},{'D3'},{'D5'},{'D6'},{'D7'},{'R2'},{'R1'},{'R3'},&,1.0,&
{'D4'},{'D2'},{'D1'},{'D3'},{'D5'},{'D7'},{'D6'},{'R3'},{'R1'},{'R2'},&,1.0,&
{'D4'},{'D2'},{'D1'},{'D3'},{'R3'},{'D7'},{'D5'},{'D6'},{'R2'},{'R1'},&,1.0,&
{'D4'},{'D2'},{'D1'},{'D5'},{'D3'},{'D6'},{'D7'},{'R3'},{'R1'},{'R2'},&,1.0,&
{'D4'},{'D2'},{'D1'},{'D5'},{'D3'},{'D7'},{'D6'},{'R3'},{'R1'},{'R2'},&,1.0,&
{'D4'},{'D2'},{'D1'},{'D6'},{'D3'},{'D7'},{'D5'},{'R2'},{'R3'},{'R1'},&,1.0,&
{'D4'},{'D2'},{'D1'},{'D6'},{'D5'},{'D7'},{'R3'},{'D3'},{'R2'},{'R1'},&,1.0,&
{'D4'},{'D2'},{'D1'},{'D6'},{'D5'},{'D3'},{'D7'},{'R2'},{'R1'},{'R3'},&,1.0,&
{'D4'},{'D2'},{'D1'},{'D6'},{'D5'},{'D3'},{'D7'},{'R3'},{'R2'},{'R1'},&,1.0,&
{'D4'},{'D2'},{'D7'},{'D1'},{'D5'},{'D6'},{'D3'},{'R3'},{'R1'},{'R2'},&,1.0,&
{'D4'},{'D2'},{'D7'},{'D3'},{'D6'},{'D1'},{'R3'},{'D5'},{'R2'},{'R1'},&,1.0,&
{'D4'},{'D2'},{'D7'},{'D3'},{'D6'},{'D5'},{'D1'},{'R2'},{'R3'},{'R1'},&,1.0,&
{'D4'},{'D2'},{'D7'},{'D3'},{'D6'},{'D5'},{'D1'},{'R3'},{'R2'},{'R1'},&,1.0,&
{'D4'},{'D2'},{'D7'},{'D3'},{'D6'},{'D5'},{'D1'},{'R3'},{'R1'},{'R2'},&,1.0,&
{'D4'},{'D2'},{'D7'},{'D3'},{'D5'},{'D6'},{'D1'},{'R2'},{'R3'},{'R1'},&,1.0,&
{'D4'},{'D2'},{'D7'},{'D3'},{'D5'},{'D6'},{'D1'},{'R2'},{'R1'},{'R3'},&,1.0,&
{'D4'},{'D2'},{'D7'},{'D5'},{'D1'},{'D6'},{'R2'},{'R3'},{'D3'},{'R1'},&,1.0,&
{'D4'},{'D2'},{'D7'},{'D5'},{'D1'},{'D3'},{'R3'},{'D6'},{'R1'},{'R2'},&,1.0,&
{'D4'},{'D2'},{'D7'},{'D5'},{'D3'},{'D6'},{'D1'},{'R3'},{'R1'},{'R2'},&,1.0,&
{'D4'},{'D2'},{'D7'},{'D5'},{'D3'},{'D6'},{'R2'},{'D1'},{'R3'},{'R1'},&,1.0,&
{'D4'},{'D2'},{'D7'},{'D5'},{'D3'},{'D1'},{'D6'},{'R3'},{'R2'},{'R1'},&,1.0,&
{'D4'},{'D2'},{'D7'},{'D5'},{'D3'},{'R3'},{'D1'},{'D6'},{'R2'},{'R1'},&,1.0,&
{'D4'},{'D2'},{'D7'},{'D5'},{'D3'},{'R3'},{'D6'},{'D1'},{'R1'},{'R2'},&,1.0,&
{'D4'},{'D2'},{'D7'},{'D5'},{'D6'},{'D1'},{'D3'},{'R2'},{'R3'},{'R1'},&,1.0,&
{'D4'},{'D2'},{'D7'},{'D5'},{'D6'},{'D3'},{'D1'},{'R3'},{'R2'},{'R1'},&,1.0,&
{'D4'},{'D2'},{'D7'},{'D5'},{'D6'},{'D3'},{'D1'},{'R3'},{'R1'},{'R2'},&,2.0,&
{'D4'},{'D2'},{'D7'},{'D5'},{'D6'},{'D3'},{'R2'},{'D1'},{'R3'},{'R1'},&,1.0,&
{'D4'},{'D2'},{'D7'},{'D5'},{'D6'},{'D3'},{'R1'},{'D1'},{'R3'},{'R2'},&,1.0,&
{'D4'},{'D2'},{'D7'},{'D6'},{'D1'},{'D5'},{'R3'},{'D3'},{'R2'},{'R1'},&,1.0,&
{'D4'},{'D2'},{'D7'},{'D6'},{'D1'},{'D5'},{'D3'},{'R1'},{'R2'},{'R3'},&,1.0,&
{'D4'},{'D2'},{'D7'},{'D6'},{'D3'},{'D5'},{'D1'},{'R1'},{'R3'},{'R2'},&,1.0,&
{'D4'},{'D2'},{'D7'},{'D6'},{'D5'},{'D1'},{'D3'},{'R3'},{'R1'},{'R2'},&,1.0,&
{'D4'},{'D2'},{'D7'},{'D6'},{'D5'},{'D3'},{'R3'},{'R2'},{'D1'},{'R1'},&,1.0,&
{'D4'},{'D2'},{'D7'},{'D6'},{'D5'},{'D3'},{'D1'},{'R1'},{'R2'},{'R3'},&,1.0,&
{'D4'},{'D2'},{'D7'},{'D6'},{'D5'},{'D3'},{'D1'},{'R1'},{'R3'},{'R2'},&,1.0,&
{'D4'},{'D2'},{'D7'},{'D6'},{'D5'},{'D3'},{'D1'},{'R3'},{'R2'},{'R1'},&,1.0,&
{'D4'},{'D2'},{'D7'},{'D6'},{'D5'},{'R3'},{'D3'},{'D1'},{'R1'},{'R2'},&,1.0,&
{'D4'},{'D7'},{'D3'},{'D1'},{'D2'},{'D5'},{'D6'},{'R2'},{'R3'},{'R1'},&,1.0,&
{'D4'},{'D7'},{'D3'},{'D1'},{'D6'},{'D2'},{'D5'},{'R1'},{'R3'},{'R2'},&,1.0,&
{'D4'},{'D7'},{'D3'},{'D1'},{'D6'},{'D2'},{'D5'},{'R3'},{'R1'},{'R2'},&,1.0,&
{'D4'},{'D7'},{'D3'},{'D1'},{'D6'},{'D5'},{'D2'},{'R1'},{'R3'},{'R2'},&,1.0,&
{'D4'},{'D7'},{'D3'},{'D1'},{'D6'},{'D5'},{'D2'},{'R3'},{'R1'},{'R2'},&,1.0,&
{'D4'},{'D7'},{'D3'},{'D1'},{'D6'},{'R3'},{'D5'},{'D2'},{'R1'},{'R2'},&,1.0,&
{'D4'},{'D7'},{'D3'},{'D1'},{'D5'},{'D6'},{'D2'},{'R3'},{'R2'},{'R1'},&,1.0,&
{'D4'},{'D7'},{'D3'},{'D1'},{'D5'},{'D6'},{'D2'},{'R3'},{'R1'},{'R2'},&,2.0,&
{'D4'},{'D7'},{'D3'},{'D1'},{'D5'},{'D2'},{'D6'},{'R3'},{'R2'},{'R1'},&,1.0,&
{'D4'},{'D7'},{'D3'},{'D1'},{'D5'},{'R3'},{'D6'},{'D2'},{'R1'},{'R2'},&,1.0,&
{'D4'},{'D7'},{'D3'},{'D2'},{'D1'},{'D5'},{'D6'},{'R3'},{'R1'},{'R2'},&,1.0,&
{'D4'},{'D7'},{'D3'},{'D2'},{'D6'},{'D5'},{'D1'},{'R1'},{'R3'},{'R2'},&,1.0,&
{'D4'},{'D7'},{'D3'},{'D2'},{'D6'},{'D5'},{'R1'},{'D1'},{'R2'},{'R3'},&,1.0,&
{'D4'},{'D7'},{'D3'},{'D2'},{'D5'},{'D6'},{'D1'},{'R1'},{'R3'},{'R2'},&,1.0,&
{'D4'},{'D7'},{'D3'},{'D2'},{'D5'},{'D6'},{'D1'},{'R2'},{'R3'},{'R1'},&,1.0,&
{'D4'},{'D7'},{'D3'},{'D2'},{'D5'},{'D6'},{'D1'},{'R3'},{'R1'},{'R2'},&,1.0,&
{'D4'},{'D7'},{'D3'},{'D2'},{'D5'},{'D6'},{'R1'},{'D1'},{'R3'},{'R2'},&,1.0,&
{'D4'},{'D7'},{'D3'},{'D5'},{'D1'},{'D6'},{'R3'},{'R2'},{'D2'},{'R1'},&,1.0,&
{'D4'},{'D7'},{'D3'},{'D5'},{'D1'},{'D6'},{'D2'},{'R3'},{'R1'},{'R2'},&,2.0,&
{'D4'},{'D7'},{'D3'},{'D5'},{'D1'},{'D2'},{'D6'},{'R1'},{'R3'},{'R2'},&,1.0,&
{'D4'},{'D7'},{'D3'},{'D5'},{'D1'},{'D2'},{'D6'},{'R3'},{'R2'},{'R1'},&,1.0,&
{'D4'},{'D7'},{'D3'},{'D5'},{'D2'},{'D6'},{'R3'},{'R1'},{'D1'},{'R2'},&,1.0,&
{'D4'},{'D7'},{'D3'},{'D5'},{'D2'},{'D6'},{'D1'},{'R1'},{'R2'},{'R3'},&,1.0,&
{'D4'},{'D7'},{'D3'},{'D5'},{'D2'},{'D6'},{'D1'},{'R1'},{'R3'},{'R2'},&,3.0,&
{'D4'},{'D7'},{'D3'},{'D5'},{'D2'},{'D6'},{'D1'},{'R3'},{'R2'},{'R1'},&,3.0,&
{'D4'},{'D7'},{'D3'},{'D5'},{'D2'},{'D6'},{'D1'},{'R3'},{'R1'},{'R2'},&,2.0,&
{'D4'},{'D7'},{'D3'},{'D5'},{'D2'},{'D1'},{'R3'},{'D6'},{'R2'},{'R1'},&,1.0,&
{'D4'},{'D7'},{'D3'},{'D5'},{'D2'},{'D1'},{'D6'},{'R3'},{'R2'},{'R1'},&,1.0,&
{'D4'},{'D7'},{'D3'},{'D5'},{'D2'},{'D1'},{'D6'},{'R3'},{'R1'},{'R2'},&,4.0,&
{'D4'},{'D7'},{'D3'},{'D5'},{'D2'},{'R3'},{'D6'},{'R1'},{'D1'},{'R2'},&,1.0,&
{'D4'},{'D7'},{'D3'},{'D5'},{'D2'},{'R3'},{'D6'},{'D1'},{'R2'},{'R1'},&,1.0,&
{'D4'},{'D7'},{'D3'},{'D5'},{'D6'},{'D1'},{'R3'},{'D2'},{'R2'},{'R1'},&,1.0,&
{'D4'},{'D7'},{'D3'},{'D5'},{'D6'},{'D1'},{'R3'},{'D2'},{'R1'},{'R2'},&,1.0,&
{'D4'},{'D7'},{'D3'},{'D5'},{'D6'},{'D1'},{'D2'},{'R1'},{'R2'},{'R3'},&,1.0,&
{'D4'},{'D7'},{'D3'},{'D5'},{'D6'},{'D1'},{'D2'},{'R1'},{'R3'},{'R2'},&,2.0,&
{'D4'},{'D7'},{'D3'},{'D5'},{'D6'},{'D1'},{'D2'},{'R2'},{'R1'},{'R3'},&,1.0,&
{'D4'},{'D7'},{'D3'},{'D5'},{'D6'},{'D1'},{'D2'},{'R3'},{'R2'},{'R1'},&,5.0,&
{'D4'},{'D7'},{'D3'},{'D5'},{'D6'},{'D1'},{'D2'},{'R3'},{'R1'},{'R2'},&,4.0,&
{'D4'},{'D7'},{'D3'},{'D5'},{'D6'},{'D1'},{'R2'},{'D2'},{'R3'},{'R1'},&,1.0,&
{'D4'},{'D7'},{'D3'},{'D5'},{'D6'},{'D1'},{'R1'},{'D2'},{'R3'},{'R2'},&,1.0,&
{'D4'},{'D7'},{'D3'},{'D5'},{'D6'},{'D2'},{'R3'},{'D1'},{'R2'},{'R1'},&,1.0,&
{'D4'},{'D7'},{'D3'},{'D5'},{'D6'},{'D2'},{'R3'},{'D1'},{'R1'},{'R2'},&,1.0,&
{'D4'},{'D7'},{'D3'},{'D5'},{'D6'},{'D2'},{'D1'},{'R1'},{'R3'},{'R2'},&,1.0,&
{'D4'},{'D7'},{'D3'},{'D5'},{'D6'},{'D2'},{'D1'},{'R2'},{'R3'},{'R1'},&,1.0,&
{'D4'},{'D7'},{'D3'},{'D5'},{'D6'},{'D2'},{'D1'},{'R2'},{'R1'},{'R3'},&,1.0,&
{'D4'},{'D7'},{'D3'},{'D5'},{'D6'},{'D2'},{'D1'},{'R3'},{'R2'},{'R1'},&,5.0,&
{'D4'},{'D7'},{'D3'},{'D5'},{'D6'},{'D2'},{'D1'},{'R3'},{'R1'},{'R2'},&,6.0,&
{'D4'},{'D7'},{'D3'},{'D5'},{'D6'},{'R1'},{'D1'},{'D2'},{'R2'},{'R3'},&,1.0,&
{'D4'},{'D7'},{'D3'},{'D5'},{'D6'},{'R3'},{'D1'},{'R1'},{'D2'},{'R2'},&,1.0,&
{'D4'},{'D7'},{'D3'},{'D5'},{'R3'},{'D6'},{'D1'},{'R1'},{'D2'},{'R2'},&,1.0,&
{'D4'},{'D7'},{'D3'},{'D6'},{'D1'},{'D5'},{'R3'},{'D2'},{'R2'},{'R1'},&,1.0,&
{'D4'},{'D7'},{'D3'},{'D6'},{'D1'},{'D5'},{'D2'},{'R1'},{'R3'},{'R2'},&,1.0,&
{'D4'},{'D7'},{'D3'},{'D6'},{'D1'},{'D5'},{'D2'},{'R3'},{'R2'},{'R1'},&,2.0,&
{'D4'},{'D7'},{'D3'},{'D6'},{'D1'},{'R3'},{'D5'},{'D2'},{'R2'},{'R1'},&,1.0,&
{'D4'},{'D7'},{'D3'},{'D6'},{'D2'},{'D5'},{'R3'},{'D1'},{'R1'},{'R2'},&,1.0,&
{'D4'},{'D7'},{'D3'},{'D6'},{'D2'},{'D5'},{'D1'},{'R1'},{'R3'},{'R2'},&,2.0,&
{'D4'},{'D7'},{'D3'},{'D6'},{'D2'},{'D5'},{'D1'},{'R2'},{'R3'},{'R1'},&,1.0,&
{'D4'},{'D7'},{'D3'},{'D6'},{'D2'},{'D5'},{'D1'},{'R3'},{'R2'},{'R1'},&,1.0,&
{'D4'},{'D7'},{'D3'},{'D6'},{'D2'},{'D5'},{'D1'},{'R3'},{'R1'},{'R2'},&,2.0,&
{'D4'},{'D7'},{'D3'},{'D6'},{'D5'},{'D1'},{'R3'},{'D2'},{'R1'},{'R2'},&,1.0,&
{'D4'},{'D7'},{'D3'},{'D6'},{'D5'},{'D1'},{'D2'},{'R1'},{'R2'},{'R3'},&,1.0,&
{'D4'},{'D7'},{'D3'},{'D6'},{'D5'},{'D1'},{'D2'},{'R1'},{'R3'},{'R2'},&,2.0,&
{'D4'},{'D7'},{'D3'},{'D6'},{'D5'},{'D1'},{'D2'},{'R2'},{'R1'},{'R3'},&,1.0,&
{'D4'},{'D7'},{'D3'},{'D6'},{'D5'},{'D1'},{'D2'},{'R3'},{'R1'},{'R2'},&,3.0,&
{'D4'},{'D7'},{'D3'},{'D6'},{'D5'},{'D1'},{'R2'},{'D2'},{'R3'},{'R1'},&,1.0,&
{'D4'},{'D7'},{'D3'},{'D6'},{'D5'},{'D2'},{'R3'},{'D1'},{'R1'},{'R2'},&,1.0,&
{'D4'},{'D7'},{'D3'},{'D6'},{'D5'},{'D2'},{'D1'},{'R1'},{'R3'},{'R2'},&,3.0,&
{'D4'},{'D7'},{'D3'},{'D6'},{'D5'},{'D2'},{'D1'},{'R2'},{'R1'},{'R3'},&,1.0,&
{'D4'},{'D7'},{'D3'},{'D6'},{'D5'},{'D2'},{'D1'},{'R3'},{'R2'},{'R1'},&,6.0,&
{'D4'},{'D7'},{'D3'},{'D6'},{'D5'},{'D2'},{'D1'},{'R3'},{'R1'},{'R2'},&,4.0,&
{'D4'},{'D7'},{'D3'},{'D6'},{'D5'},{'D2'},{'R2'},{'D1'},{'R1'},{'R3'},&,1.0,&
{'D4'},{'D7'},{'D3'},{'D6'},{'D5'},{'D2'},{'R1'},{'D1'},{'R3'},{'R2'},&,1.0,&
{'D4'},{'D7'},{'D3'},{'D6'},{'D5'},{'R1'},{'D2'},{'D1'},{'R3'},{'R2'},&,1.0,&
{'D4'},{'D7'},{'D3'},{'D6'},{'D5'},{'R3'},{'D1'},{'D2'},{'R1'},{'R2'},&,3.0,&
{'D4'},{'D7'},{'D5'},{'D1'},{'D2'},{'D6'},{'D3'},{'R1'},{'R3'},{'R2'},&,1.0,&
{'D4'},{'D7'},{'D5'},{'D1'},{'D2'},{'D6'},{'D3'},{'R2'},{'R1'},{'R3'},&,1.0,&
{'D4'},{'D7'},{'D5'},{'D1'},{'D2'},{'D6'},{'D3'},{'R3'},{'R2'},{'R1'},&,3.0,&
{'D4'},{'D7'},{'D5'},{'D1'},{'D2'},{'D6'},{'D3'},{'R3'},{'R1'},{'R2'},&,1.0,&
{'D4'},{'D7'},{'D5'},{'D1'},{'D2'},{'D3'},{'D6'},{'R3'},{'R2'},{'R1'},&,1.0,&
{'D4'},{'D7'},{'D5'},{'D1'},{'D3'},{'D6'},{'R3'},{'D2'},{'R1'},{'R2'},&,2.0,&
{'D4'},{'D7'},{'D5'},{'D1'},{'D3'},{'D6'},{'D2'},{'R1'},{'R3'},{'R2'},&,1.0,&
{'D4'},{'D7'},{'D5'},{'D1'},{'D3'},{'D6'},{'D2'},{'R2'},{'R3'},{'R1'},&,2.0,&
{'D4'},{'D7'},{'D5'},{'D1'},{'D3'},{'D6'},{'D2'},{'R2'},{'R1'},{'R3'},&,1.0,&
{'D4'},{'D7'},{'D5'},{'D1'},{'D3'},{'D6'},{'D2'},{'R3'},{'R2'},{'R1'},&,1.0,&
{'D4'},{'D7'},{'D5'},{'D1'},{'D3'},{'D6'},{'D2'},{'R3'},{'R1'},{'R2'},&,3.0,&
{'D4'},{'D7'},{'D5'},{'D1'},{'D6'},{'D2'},{'D3'},{'R3'},{'R2'},{'R1'},&,1.0,&
{'D4'},{'D7'},{'D5'},{'D1'},{'D6'},{'D3'},{'R3'},{'D2'},{'R2'},{'R1'},&,1.0,&
{'D4'},{'D7'},{'D5'},{'D1'},{'D6'},{'D3'},{'R3'},{'D2'},{'R1'},{'R2'},&,1.0,&
{'D4'},{'D7'},{'D5'},{'D1'},{'D6'},{'D3'},{'D2'},{'R1'},{'R3'},{'R2'},&,2.0,&
{'D4'},{'D7'},{'D5'},{'D1'},{'D6'},{'D3'},{'D2'},{'R2'},{'R3'},{'R1'},&,5.0,&
{'D4'},{'D7'},{'D5'},{'D1'},{'D6'},{'D3'},{'D2'},{'R3'},{'R2'},{'R1'},&,2.0,&
{'D4'},{'D7'},{'D5'},{'D1'},{'D6'},{'D3'},{'D2'},{'R3'},{'R1'},{'R2'},&,1.0,&
{'D4'},{'D7'},{'D5'},{'D1'},{'D6'},{'R3'},{'D2'},{'D3'},{'R2'},{'R1'},&,1.0,&
{'D4'},{'D7'},{'D5'},{'D2'},{'D1'},{'D6'},{'R3'},{'R1'},{'D3'},{'R2'},&,1.0,&
{'D4'},{'D7'},{'D5'},{'D2'},{'D1'},{'R1'},{'D3'},{'D6'},{'R2'},{'R3'},&,1.0,&
{'D4'},{'D7'},{'D5'},{'D2'},{'D3'},{'D6'},{'R3'},{'R1'},{'D1'},{'R2'},&,1.0,&
{'D4'},{'D7'},{'D5'},{'D2'},{'D3'},{'D6'},{'R3'},{'D1'},{'R2'},{'R1'},&,1.0,&
{'D4'},{'D7'},{'D5'},{'D2'},{'D3'},{'D6'},{'R3'},{'D1'},{'R1'},{'R2'},&,1.0,&
{'D4'},{'D7'},{'D5'},{'D2'},{'D3'},{'D6'},{'D1'},{'R1'},{'R3'},{'R2'},&,2.0,&
{'D4'},{'D7'},{'D5'},{'D2'},{'D3'},{'D6'},{'D1'},{'R3'},{'R2'},{'R1'},&,2.0,&
{'D4'},{'D7'},{'D5'},{'D2'},{'D3'},{'D6'},{'D1'},{'R3'},{'R1'},{'R2'},&,3.0,&
{'D4'},{'D7'},{'D5'},{'D2'},{'D3'},{'D1'},{'D6'},{'R1'},{'R3'},{'R2'},&,1.0,&
{'D4'},{'D7'},{'D5'},{'D2'},{'D3'},{'D1'},{'D6'},{'R3'},{'R2'},{'R1'},&,1.0,&
{'D4'},{'D7'},{'D5'},{'D2'},{'D6'},{'D1'},{'D3'},{'R1'},{'R3'},{'R2'},&,1.0,&
{'D4'},{'D7'},{'D5'},{'D2'},{'D6'},{'D1'},{'D3'},{'R3'},{'R2'},{'R1'},&,1.0,&
{'D4'},{'D7'},{'D5'},{'D2'},{'D6'},{'D3'},{'R3'},{'D1'},{'R1'},{'R2'},&,1.0,&
{'D4'},{'D7'},{'D5'},{'D2'},{'D6'},{'D3'},{'D1'},{'R1'},{'R2'},{'R3'},&,1.0,&
{'D4'},{'D7'},{'D5'},{'D2'},{'D6'},{'D3'},{'D1'},{'R2'},{'R3'},{'R1'},&,2.0,&
{'D4'},{'D7'},{'D5'},{'D2'},{'D6'},{'D3'},{'D1'},{'R2'},{'R1'},{'R3'},&,2.0,&
{'D4'},{'D7'},{'D5'},{'D2'},{'D6'},{'D3'},{'D1'},{'R3'},{'R2'},{'R1'},&,1.0,&
{'D4'},{'D7'},{'D5'},{'D3'},{'D1'},{'D6'},{'R3'},{'R2'},{'D2'},{'R1'},&,1.0,&
{'D4'},{'D7'},{'D5'},{'D3'},{'D1'},{'D6'},{'D2'},{'R1'},{'R2'},{'R3'},&,2.0,&
{'D4'},{'D7'},{'D5'},{'D3'},{'D1'},{'D6'},{'D2'},{'R2'},{'R3'},{'R1'},&,2.0,&
{'D4'},{'D7'},{'D5'},{'D3'},{'D1'},{'D6'},{'D2'},{'R3'},{'R2'},{'R1'},&,2.0,&
{'D4'},{'D7'},{'D5'},{'D3'},{'D1'},{'D6'},{'D2'},{'R3'},{'R1'},{'R2'},&,4.0,&
{'D4'},{'D7'},{'D5'},{'D3'},{'D1'},{'D6'},{'R2'},{'D2'},{'R3'},{'R1'},&,1.0,&
{'D4'},{'D7'},{'D5'},{'D3'},{'D1'},{'D2'},{'R3'},{'D6'},{'R1'},{'R2'},&,1.0,&
{'D4'},{'D7'},{'D5'},{'D3'},{'D1'},{'D2'},{'D6'},{'R1'},{'R2'},{'R3'},&,1.0,&
{'D4'},{'D7'},{'D5'},{'D3'},{'D1'},{'R3'},{'D2'},{'D6'},{'R1'},{'R2'},&,1.0,&
{'D4'},{'D7'},{'D5'},{'D3'},{'D2'},{'D6'},{'D1'},{'R3'},{'R2'},{'R1'},&,2.0,&
{'D4'},{'D7'},{'D5'},{'D3'},{'D2'},{'D6'},{'D1'},{'R3'},{'R1'},{'R2'},&,1.0,&
{'D4'},{'D7'},{'D5'},{'D3'},{'D2'},{'D6'},{'R1'},{'R3'},{'D1'},{'R2'},&,1.0,&
{'D4'},{'D7'},{'D5'},{'D3'},{'D2'},{'D1'},{'R3'},{'D6'},{'R1'},{'R2'},&,1.0,&
{'D4'},{'D7'},{'D5'},{'D3'},{'D2'},{'D1'},{'D6'},{'R1'},{'R3'},{'R2'},&,2.0,&
{'D4'},{'D7'},{'D5'},{'D3'},{'D2'},{'R3'},{'D6'},{'R1'},{'D1'},{'R2'},&,1.0,&
{'D4'},{'D7'},{'D5'},{'D3'},{'D6'},{'D1'},{'R3'},{'D2'},{'R2'},{'R1'},&,3.0,&
{'D4'},{'D7'},{'D5'},{'D3'},{'D6'},{'D1'},{'R3'},{'D2'},{'R1'},{'R2'},&,1.0,&
{'D4'},{'D7'},{'D5'},{'D3'},{'D6'},{'D1'},{'R3'},{'R1'},{'R2'},{'D2'},&,1.0,&
{'D4'},{'D7'},{'D5'},{'D3'},{'D6'},{'D1'},{'D2'},{'R1'},{'R3'},{'R2'},&,3.0,&
{'D4'},{'D7'},{'D5'},{'D3'},{'D6'},{'D1'},{'D2'},{'R2'},{'R3'},{'R1'},&,2.0,&
{'D4'},{'D7'},{'D5'},{'D3'},{'D6'},{'D1'},{'D2'},{'R2'},{'R1'},{'R3'},&,1.0,&
{'D4'},{'D7'},{'D5'},{'D3'},{'D6'},{'D1'},{'D2'},{'R3'},{'R2'},{'R1'},&,4.0,&
{'D4'},{'D7'},{'D5'},{'D3'},{'D6'},{'D1'},{'D2'},{'R3'},{'R1'},{'R2'},&,5.0,&
{'D4'},{'D7'},{'D5'},{'D3'},{'D6'},{'D2'},{'R3'},{'D1'},{'R2'},{'R1'},&,1.0,&
{'D4'},{'D7'},{'D5'},{'D3'},{'D6'},{'D2'},{'D1'},{'R1'},{'R2'},{'R3'},&,1.0,&
{'D4'},{'D7'},{'D5'},{'D3'},{'D6'},{'D2'},{'D1'},{'R1'},{'R3'},{'R2'},&,3.0,&
{'D4'},{'D7'},{'D5'},{'D3'},{'D6'},{'D2'},{'D1'},{'R2'},{'R3'},{'R1'},&,2.0,&
{'D4'},{'D7'},{'D5'},{'D3'},{'D6'},{'D2'},{'D1'},{'R2'},{'R1'},{'R3'},&,1.0,&
{'D4'},{'D7'},{'D5'},{'D3'},{'D6'},{'D2'},{'D1'},{'R3'},{'R2'},{'R1'},&,6.0,&
{'D4'},{'D7'},{'D5'},{'D3'},{'D6'},{'D2'},{'D1'},{'R3'},{'R1'},{'R2'},&,3.0,&
{'D4'},{'D7'},{'D5'},{'D3'},{'D6'},{'D2'},{'R1'},{'D1'},{'R3'},{'R2'},&,2.0,&
{'D4'},{'D7'},{'D5'},{'D3'},{'D6'},{'R2'},{'D2'},{'D1'},{'R3'},{'R1'},&,1.0,&
{'D4'},{'D7'},{'D5'},{'D3'},{'D6'},{'R2'},{'R1'},{'D1'},{'D2'},{'R3'},&,1.0,&
{'D4'},{'D7'},{'D5'},{'D3'},{'D6'},{'R3'},{'D1'},{'D2'},{'R2'},{'R1'},&,1.0,&
{'D4'},{'D7'},{'D5'},{'D3'},{'R3'},{'D6'},{'D2'},{'D1'},{'R1'},{'R2'},&,1.0,&
{'D4'},{'D7'},{'D5'},{'D3'},{'R3'},{'D2'},{'D6'},{'D1'},{'R1'},{'R2'},&,1.0,&
{'D4'},{'D7'},{'D5'},{'R1'},{'D6'},{'D3'},{'D1'},{'D2'},{'R3'},{'R2'},&,1.0,&
{'D4'},{'D7'},{'D5'},{'D6'},{'D1'},{'D2'},{'R3'},{'R1'},{'D3'},{'R2'},&,1.0,&
{'D4'},{'D7'},{'D5'},{'D6'},{'D1'},{'D2'},{'R3'},{'D3'},{'R1'},{'R2'},&,1.0,&
{'D4'},{'D7'},{'D5'},{'D6'},{'D1'},{'D2'},{'D3'},{'R1'},{'R2'},{'R3'},&,1.0,&
{'D4'},{'D7'},{'D5'},{'D6'},{'D1'},{'D2'},{'D3'},{'R2'},{'R3'},{'R1'},&,2.0,&
{'D4'},{'D7'},{'D5'},{'D6'},{'D1'},{'D3'},{'R3'},{'D2'},{'R2'},{'R1'},&,1.0,&
{'D4'},{'D7'},{'D5'},{'D6'},{'D1'},{'D3'},{'R3'},{'D2'},{'R1'},{'R2'},&,2.0,&
{'D4'},{'D7'},{'D5'},{'D6'},{'D1'},{'D3'},{'D2'},{'R1'},{'R3'},{'R2'},&,1.0,&
{'D4'},{'D7'},{'D5'},{'D6'},{'D1'},{'D3'},{'D2'},{'R2'},{'R3'},{'R1'},&,1.0,&
{'D4'},{'D7'},{'D5'},{'D6'},{'D1'},{'D3'},{'D2'},{'R3'},{'R2'},{'R1'},&,1.0,&
{'D4'},{'D7'},{'D5'},{'D6'},{'D1'},{'D3'},{'D2'},{'R3'},{'R1'},{'R2'},&,2.0,&
{'D4'},{'D7'},{'D5'},{'D6'},{'D1'},{'D3'},{'R2'},{'D2'},{'R3'},{'R1'},&,1.0,&
{'D4'},{'D7'},{'D5'},{'D6'},{'D1'},{'D3'},{'R2'},{'R3'},{'D2'},{'R1'},&,1.0,&
{'D4'},{'D7'},{'D5'},{'D6'},{'D1'},{'R2'},{'D3'},{'D2'},{'R3'},{'R1'},&,1.0,&
{'D4'},{'D7'},{'D5'},{'D6'},{'D1'},{'R3'},{'D3'},{'D2'},{'R2'},{'R1'},&,1.0,&
{'D4'},{'D7'},{'D5'},{'D6'},{'D2'},{'D1'},{'R3'},{'D3'},{'R1'},{'R2'},&,2.0,&
{'D4'},{'D7'},{'D5'},{'D6'},{'D2'},{'D1'},{'D3'},{'R2'},{'R3'},{'R1'},&,1.0,&
{'D4'},{'D7'},{'D5'},{'D6'},{'D2'},{'D1'},{'D3'},{'R3'},{'R2'},{'R1'},&,1.0,&
{'D4'},{'D7'},{'D5'},{'D6'},{'D2'},{'D1'},{'D3'},{'R3'},{'R1'},{'R2'},&,1.0,&
{'D4'},{'D7'},{'D5'},{'D6'},{'D2'},{'D3'},{'R3'},{'R2'},{'R1'},{'D1'},&,1.0,&
{'D4'},{'D7'},{'D5'},{'D6'},{'D2'},{'D3'},{'R3'},{'D1'},{'R2'},{'R1'},&,1.0,&
{'D4'},{'D7'},{'D5'},{'D6'},{'D2'},{'D3'},{'R3'},{'D1'},{'R1'},{'R2'},&,2.0,&
{'D4'},{'D7'},{'D5'},{'D6'},{'D2'},{'D3'},{'D1'},{'R2'},{'R3'},{'R1'},&,2.0,&
{'D4'},{'D7'},{'D5'},{'D6'},{'D2'},{'D3'},{'D1'},{'R3'},{'R2'},{'R1'},&,2.0,&
{'D4'},{'D7'},{'D5'},{'D6'},{'D2'},{'D3'},{'D1'},{'R3'},{'R1'},{'R2'},&,3.0,&
{'D4'},{'D7'},{'D5'},{'D6'},{'D2'},{'D3'},{'R1'},{'D1'},{'R3'},{'R2'},&,1.0,&
{'D4'},{'D7'},{'D5'},{'D6'},{'D2'},{'R1'},{'D3'},{'R2'},{'D1'},{'R3'},&,1.0,&
{'D4'},{'D7'},{'D5'},{'D6'},{'D2'},{'R3'},{'D3'},{'R1'},{'R2'},{'D1'},&,1.0,&
{'D4'},{'D7'},{'D5'},{'D6'},{'D3'},{'D1'},{'R3'},{'D2'},{'R1'},{'R2'},&,2.0,&
{'D4'},{'D7'},{'D5'},{'D6'},{'D3'},{'D1'},{'D2'},{'R1'},{'R2'},{'R3'},&,1.0,&
{'D4'},{'D7'},{'D5'},{'D6'},{'D3'},{'D1'},{'D2'},{'R1'},{'R3'},{'R2'},&,6.0,&
{'D4'},{'D7'},{'D5'},{'D6'},{'D3'},{'D1'},{'D2'},{'R2'},{'R3'},{'R1'},&,4.0,&
{'D4'},{'D7'},{'D5'},{'D6'},{'D3'},{'D1'},{'D2'},{'R2'},{'R1'},{'R3'},&,1.0,&
{'D4'},{'D7'},{'D5'},{'D6'},{'D3'},{'D1'},{'D2'},{'R3'},{'R2'},{'R1'},&,5.0,&
{'D4'},{'D7'},{'D5'},{'D6'},{'D3'},{'D1'},{'D2'},{'R3'},{'R1'},{'R2'},&,7.0,&
{'D4'},{'D7'},{'D5'},{'D6'},{'D3'},{'D1'},{'R2'},{'D2'},{'R3'},{'R1'},&,1.0,&
{'D4'},{'D7'},{'D5'},{'D6'},{'D3'},{'D1'},{'R2'},{'D2'},{'R1'},{'R3'},&,1.0,&
{'D4'},{'D7'},{'D5'},{'D6'},{'D3'},{'D1'},{'R1'},{'D2'},{'R3'},{'R2'},&,2.0,&
{'D4'},{'D7'},{'D5'},{'D6'},{'D3'},{'D2'},{'R3'},{'D1'},{'R1'},{'R2'},&,1.0,&
{'D4'},{'D7'},{'D5'},{'D6'},{'D3'},{'D2'},{'D1'},{'R1'},{'R3'},{'R2'},&,6.0,&
{'D4'},{'D7'},{'D5'},{'D6'},{'D3'},{'D2'},{'D1'},{'R2'},{'R3'},{'R1'},&,2.0,&
{'D4'},{'D7'},{'D5'},{'D6'},{'D3'},{'D2'},{'D1'},{'R2'},{'R1'},{'R3'},&,1.0,&
{'D4'},{'D7'},{'D5'},{'D6'},{'D3'},{'D2'},{'D1'},{'R3'},{'R2'},{'R1'},&,1.0,&
{'D4'},{'D7'},{'D5'},{'D6'},{'D3'},{'D2'},{'D1'},{'R3'},{'R1'},{'R2'},&,3.0,&
{'D4'},{'D7'},{'D5'},{'D6'},{'D3'},{'D2'},{'R1'},{'D1'},{'R2'},{'R3'},&,2.0,&
{'D4'},{'D7'},{'D5'},{'D6'},{'D3'},{'D2'},{'R1'},{'D1'},{'R3'},{'R2'},&,2.0,&
{'D4'},{'D7'},{'D5'},{'D6'},{'R3'},{'D2'},{'D3'},{'D1'},{'R2'},{'R1'},&,1.0,&
{'D4'},{'D7'},{'D5'},{'R3'},{'D3'},{'D6'},{'D1'},{'D2'},{'R1'},{'R2'},&,1.0,&
{'D4'},{'D7'},{'D6'},{'D1'},{'D3'},{'D2'},{'R3'},{'D5'},{'R2'},{'R1'},&,1.0,&
{'D4'},{'D7'},{'D6'},{'D1'},{'D3'},{'D5'},{'R3'},{'D2'},{'R1'},{'R2'},&,1.0,&
{'D4'},{'D7'},{'D6'},{'D1'},{'D3'},{'D5'},{'D2'},{'R3'},{'R2'},{'R1'},&,2.0,&
{'D4'},{'D7'},{'D6'},{'D1'},{'D5'},{'D2'},{'D3'},{'R1'},{'R3'},{'R2'},&,1.0,&
{'D4'},{'D7'},{'D6'},{'D1'},{'D5'},{'D2'},{'D3'},{'R3'},{'R2'},{'R1'},&,1.0,&
{'D4'},{'D7'},{'D6'},{'D1'},{'D5'},{'D3'},{'D2'},{'R2'},{'R3'},{'R1'},&,1.0,&
{'D4'},{'D7'},{'D6'},{'D2'},{'D1'},{'D5'},{'D3'},{'R1'},{'R3'},{'R2'},&,1.0,&
{'D4'},{'D7'},{'D6'},{'D2'},{'D3'},{'D5'},{'R3'},{'D1'},{'R1'},{'R2'},&,1.0,&
{'D4'},{'D7'},{'D6'},{'D2'},{'D3'},{'D5'},{'D1'},{'R3'},{'R1'},{'R2'},&,1.0,&
{'D4'},{'D7'},{'D6'},{'D2'},{'D5'},{'D1'},{'R3'},{'R1'},{'D3'},{'R2'},&,1.0,&
{'D4'},{'D7'},{'D6'},{'D2'},{'D5'},{'D1'},{'D3'},{'R3'},{'R1'},{'R2'},&,2.0,&
{'D4'},{'D7'},{'D6'},{'D2'},{'D5'},{'D3'},{'D1'},{'R2'},{'R3'},{'R1'},&,1.0,&
{'D4'},{'D7'},{'D6'},{'D2'},{'D5'},{'D3'},{'D1'},{'R2'},{'R1'},{'R3'},&,2.0,&
{'D4'},{'D7'},{'D6'},{'D2'},{'D5'},{'D3'},{'D1'},{'R3'},{'R2'},{'R1'},&,1.0,&
{'D4'},{'D7'},{'D6'},{'D2'},{'D5'},{'D3'},{'R1'},{'D1'},{'R3'},{'R2'},&,1.0,&
{'D4'},{'D7'},{'D6'},{'D3'},{'D1'},{'D2'},{'D5'},{'R2'},{'R1'},{'R3'},&,1.0,&
{'D4'},{'D7'},{'D6'},{'D3'},{'D1'},{'D2'},{'D5'},{'R3'},{'R1'},{'R2'},&,2.0,&
{'D4'},{'D7'},{'D6'},{'D3'},{'D1'},{'D5'},{'D2'},{'R1'},{'R2'},{'R3'},&,1.0,&
{'D4'},{'D7'},{'D6'},{'D3'},{'D1'},{'D5'},{'D2'},{'R1'},{'R3'},{'R2'},&,1.0,&
{'D4'},{'D7'},{'D6'},{'D3'},{'D1'},{'D5'},{'D2'},{'R2'},{'R3'},{'R1'},&,1.0,&
{'D4'},{'D7'},{'D6'},{'D3'},{'D1'},{'D5'},{'D2'},{'R3'},{'R2'},{'R1'},&,1.0,&
{'D4'},{'D7'},{'D6'},{'D3'},{'D1'},{'D5'},{'D2'},{'R3'},{'R1'},{'R2'},&,2.0,&
{'D4'},{'D7'},{'D6'},{'D3'},{'D1'},{'D5'},{'R2'},{'D2'},{'R3'},{'R1'},&,1.0,&
{'D4'},{'D7'},{'D6'},{'D3'},{'D2'},{'D5'},{'D1'},{'R2'},{'R3'},{'R1'},&,2.0,&
{'D4'},{'D7'},{'D6'},{'D3'},{'D2'},{'D5'},{'D1'},{'R3'},{'R2'},{'R1'},&,2.0,&
{'D4'},{'D7'},{'D6'},{'D3'},{'D5'},{'D1'},{'R3'},{'D2'},{'R1'},{'R2'},&,1.0,&
{'D4'},{'D7'},{'D6'},{'D3'},{'D5'},{'D1'},{'D2'},{'R1'},{'R3'},{'R2'},&,1.0,&
{'D4'},{'D7'},{'D6'},{'D3'},{'D5'},{'D1'},{'D2'},{'R2'},{'R3'},{'R1'},&,1.0,&
{'D4'},{'D7'},{'D6'},{'D3'},{'D5'},{'D1'},{'D2'},{'R3'},{'R2'},{'R1'},&,2.0,&
{'D4'},{'D7'},{'D6'},{'D3'},{'D5'},{'D1'},{'D2'},{'R3'},{'R1'},{'R2'},&,6.0,&
{'D4'},{'D7'},{'D6'},{'D3'},{'D5'},{'D2'},{'R3'},{'D1'},{'R1'},{'R2'},&,2.0,&
{'D4'},{'D7'},{'D6'},{'D3'},{'D5'},{'D2'},{'D1'},{'R1'},{'R3'},{'R2'},&,1.0,&
{'D4'},{'D7'},{'D6'},{'D3'},{'D5'},{'D2'},{'D1'},{'R2'},{'R3'},{'R1'},&,1.0,&
{'D4'},{'D7'},{'D6'},{'D3'},{'D5'},{'D2'},{'D1'},{'R3'},{'R1'},{'R2'},&,4.0,&
{'D4'},{'D7'},{'D6'},{'D3'},{'D5'},{'D2'},{'R2'},{'D1'},{'R3'},{'R1'},&,1.0,&
{'D4'},{'D7'},{'D6'},{'D3'},{'D5'},{'D2'},{'R1'},{'D1'},{'R3'},{'R2'},&,1.0,&
{'D4'},{'D7'},{'D6'},{'D3'},{'R2'},{'D2'},{'D1'},{'D5'},{'R1'},{'R3'},&,1.0,&
{'D4'},{'D7'},{'D6'},{'D5'},{'D1'},{'D2'},{'D3'},{'R3'},{'R2'},{'R1'},&,2.0,&
{'D4'},{'D7'},{'D6'},{'D5'},{'D1'},{'D2'},{'D3'},{'R3'},{'R1'},{'R2'},&,2.0,&
{'D4'},{'D7'},{'D6'},{'D5'},{'D1'},{'D3'},{'R3'},{'D2'},{'R2'},{'R1'},&,2.0,&
{'D4'},{'D7'},{'D6'},{'D5'},{'D1'},{'D3'},{'R3'},{'D2'},{'R1'},{'R2'},&,2.0,&
{'D4'},{'D7'},{'D6'},{'D5'},{'D1'},{'D3'},{'D2'},{'R1'},{'R2'},{'R3'},&,2.0,&
{'D4'},{'D7'},{'D6'},{'D5'},{'D1'},{'D3'},{'D2'},{'R1'},{'R3'},{'R2'},&,1.0,&
{'D4'},{'D7'},{'D6'},{'D5'},{'D1'},{'D3'},{'D2'},{'R2'},{'R3'},{'R1'},&,1.0,&
{'D4'},{'D7'},{'D6'},{'D5'},{'D1'},{'D3'},{'D2'},{'R2'},{'R1'},{'R3'},&,1.0,&
{'D4'},{'D7'},{'D6'},{'D5'},{'D1'},{'D3'},{'D2'},{'R3'},{'R2'},{'R1'},&,1.0,&
{'D4'},{'D7'},{'D6'},{'D5'},{'D1'},{'D3'},{'D2'},{'R3'},{'R1'},{'R2'},&,3.0,&
{'D4'},{'D7'},{'D6'},{'D5'},{'D1'},{'D3'},{'R1'},{'R3'},{'R2'},{'D2'},&,1.0,&
{'D4'},{'D7'},{'D6'},{'D5'},{'D1'},{'R3'},{'D3'},{'R2'},{'D2'},{'R1'},&,1.0,&
{'D4'},{'D7'},{'D6'},{'D5'},{'D2'},{'D1'},{'D3'},{'R3'},{'R2'},{'R1'},&,1.0,&
{'D4'},{'D7'},{'D6'},{'D5'},{'D2'},{'D3'},{'R3'},{'D1'},{'R2'},{'R1'},&,1.0,&
{'D4'},{'D7'},{'D6'},{'D5'},{'D2'},{'D3'},{'R3'},{'D1'},{'R1'},{'R2'},&,2.0,&
{'D4'},{'D7'},{'D6'},{'D5'},{'D2'},{'D3'},{'D1'},{'R1'},{'R3'},{'R2'},&,1.0,&
{'D4'},{'D7'},{'D6'},{'D5'},{'D2'},{'D3'},{'D1'},{'R3'},{'R1'},{'R2'},&,2.0,&
{'D4'},{'D7'},{'D6'},{'D5'},{'D2'},{'D3'},{'R2'},{'D1'},{'R3'},{'R1'},&,1.0,&
{'D4'},{'D7'},{'D6'},{'D5'},{'D3'},{'D1'},{'R3'},{'D2'},{'R2'},{'R1'},&,1.0,&
{'D4'},{'D7'},{'D6'},{'D5'},{'D3'},{'D1'},{'R3'},{'R1'},{'R2'},{'D2'},&,1.0,&
{'D4'},{'D7'},{'D6'},{'D5'},{'D3'},{'D1'},{'D2'},{'R1'},{'R2'},{'R3'},&,5.0,&
{'D4'},{'D7'},{'D6'},{'D5'},{'D3'},{'D1'},{'D2'},{'R1'},{'R3'},{'R2'},&,5.0,&
{'D4'},{'D7'},{'D6'},{'D5'},{'D3'},{'D1'},{'D2'},{'R2'},{'R3'},{'R1'},&,2.0,&
{'D4'},{'D7'},{'D6'},{'D5'},{'D3'},{'D1'},{'D2'},{'R3'},{'R2'},{'R1'},&,5.0,&
{'D4'},{'D7'},{'D6'},{'D5'},{'D3'},{'D1'},{'D2'},{'R3'},{'R1'},{'R2'},&,6.0,&
{'D4'},{'D7'},{'D6'},{'D5'},{'D3'},{'D1'},{'R2'},{'R3'},{'D2'},{'R1'},&,1.0,&
{'D4'},{'D7'},{'D6'},{'D5'},{'D3'},{'D1'},{'R1'},{'R3'},{'D2'},{'R2'},&,1.0,&
{'D4'},{'D7'},{'D6'},{'D5'},{'D3'},{'D2'},{'R3'},{'R1'},{'D1'},{'R2'},&,1.0,&
{'D4'},{'D7'},{'D6'},{'D5'},{'D3'},{'D2'},{'R3'},{'D1'},{'R2'},{'R1'},&,1.0,&
{'D4'},{'D7'},{'D6'},{'D5'},{'D3'},{'D2'},{'R3'},{'D1'},{'R1'},{'R2'},&,1.0,&
{'D4'},{'D7'},{'D6'},{'D5'},{'D3'},{'D2'},{'D1'},{'R1'},{'R2'},{'R3'},&,1.0,&
{'D4'},{'D7'},{'D6'},{'D5'},{'D3'},{'D2'},{'D1'},{'R1'},{'R3'},{'R2'},&,3.0,&
{'D4'},{'D7'},{'D6'},{'D5'},{'D3'},{'D2'},{'D1'},{'R2'},{'R3'},{'R1'},&,2.0,&
{'D4'},{'D7'},{'D6'},{'D5'},{'D3'},{'D2'},{'D1'},{'R2'},{'R1'},{'R3'},&,1.0,&
{'D4'},{'D7'},{'D6'},{'D5'},{'D3'},{'D2'},{'D1'},{'R3'},{'R2'},{'R1'},&,4.0,&
{'D4'},{'D7'},{'D6'},{'D5'},{'D3'},{'D2'},{'D1'},{'R3'},{'R1'},{'R2'},&,3.0,&
{'D4'},{'D7'},{'D6'},{'D5'},{'D3'},{'D2'},{'R1'},{'R3'},{'D1'},{'R2'},&,1.0,&
{'D4'},{'D7'},{'D6'},{'D5'},{'D3'},{'D2'},{'R1'},{'D1'},{'R3'},{'R2'},&,1.0,&
{'D4'},{'D7'},{'D6'},{'D5'},{'D3'},{'R2'},{'D1'},{'R1'},{'D2'},{'R3'},&,1.0,&
{'D4'},{'D7'},{'D6'},{'D5'},{'D3'},{'R3'},{'D2'},{'D1'},{'R1'},{'R2'},&,2.0,&
{'D4'},{'D7'},{'D6'},{'D5'},{'R3'},{'D1'},{'D2'},{'D3'},{'R1'},{'R2'},&,1.0,&
{'D4'},{'D7'},{'D6'},{'D5'},{'R3'},{'D1'},{'D3'},{'D2'},{'R2'},{'R1'},&,1.0,&
{'D4'},{'D7'},{'D6'},{'D5'},{'R3'},{'D2'},{'D3'},{'R2'},{'D1'},{'R1'},&,1.0,&
{'D4'},{'D7'},{'D1'},{'D2'},{'D6'},{'D5'},{'D3'},{'R1'},{'R3'},{'R2'},&,1.0,&
{'D4'},{'D7'},{'D1'},{'D2'},{'D6'},{'D3'},{'D5'},{'R3'},{'R2'},{'R1'},&,1.0,&
{'D4'},{'D7'},{'D1'},{'D2'},{'D5'},{'D3'},{'D6'},{'R1'},{'R3'},{'R2'},&,1.0,&
{'D4'},{'D7'},{'D1'},{'D3'},{'D2'},{'D6'},{'D5'},{'R2'},{'R1'},{'R3'},&,1.0,&
{'D4'},{'D7'},{'D1'},{'D3'},{'D6'},{'D5'},{'D2'},{'R1'},{'R3'},{'R2'},&,1.0,&
{'D4'},{'D7'},{'D1'},{'D3'},{'D6'},{'D5'},{'D2'},{'R3'},{'R2'},{'R1'},&,1.0,&
{'D4'},{'D7'},{'D1'},{'D3'},{'D6'},{'D5'},{'D2'},{'R3'},{'R1'},{'R2'},&,1.0,&
{'D4'},{'D7'},{'D1'},{'D3'},{'D6'},{'D5'},{'R2'},{'D2'},{'R3'},{'R1'},&,1.0,&
{'D4'},{'D7'},{'D1'},{'D3'},{'D5'},{'D6'},{'D2'},{'R1'},{'R2'},{'R3'},&,1.0,&
{'D4'},{'D7'},{'D1'},{'D3'},{'D5'},{'D6'},{'D2'},{'R3'},{'R1'},{'R2'},&,1.0,&
{'D4'},{'D7'},{'D1'},{'D3'},{'D5'},{'D2'},{'R1'},{'D6'},{'R3'},{'R2'},&,2.0,&
{'D4'},{'D7'},{'D1'},{'D3'},{'D5'},{'R1'},{'D6'},{'D2'},{'R3'},{'R2'},&,2.0,&
{'D4'},{'D7'},{'D1'},{'D5'},{'D2'},{'D6'},{'D3'},{'R3'},{'R2'},{'R1'},&,1.0,&
{'D4'},{'D7'},{'D1'},{'D5'},{'D2'},{'D3'},{'D6'},{'R1'},{'R3'},{'R2'},&,1.0,&
{'D4'},{'D7'},{'D1'},{'D5'},{'D2'},{'D3'},{'D6'},{'R3'},{'R1'},{'R2'},&,1.0,&
{'D4'},{'D7'},{'D1'},{'D5'},{'D3'},{'D6'},{'R3'},{'D2'},{'R2'},{'R1'},&,1.0,&
{'D4'},{'D7'},{'D1'},{'D5'},{'D3'},{'D6'},{'D2'},{'R2'},{'R1'},{'R3'},&,1.0,&
{'D4'},{'D7'},{'D1'},{'D5'},{'D3'},{'D6'},{'R2'},{'R3'},{'R1'},{'D2'},&,1.0,&
{'D4'},{'D7'},{'D1'},{'D5'},{'D3'},{'D2'},{'D6'},{'R3'},{'R2'},{'R1'},&,1.0,&
{'D4'},{'D7'},{'D1'},{'D5'},{'D3'},{'R3'},{'D6'},{'R1'},{'D2'},{'R2'},&,1.0,&
{'D4'},{'D7'},{'D1'},{'D5'},{'D6'},{'D3'},{'R3'},{'D2'},{'R1'},{'R2'},&,1.0,&
{'D4'},{'D7'},{'D1'},{'D5'},{'D6'},{'D3'},{'D2'},{'R1'},{'R2'},{'R3'},&,1.0,&
{'D4'},{'D7'},{'D1'},{'D5'},{'D6'},{'D3'},{'D2'},{'R2'},{'R3'},{'R1'},&,1.0,&
{'D4'},{'D7'},{'D1'},{'D5'},{'D6'},{'D3'},{'D2'},{'R2'},{'R1'},{'R3'},&,1.0,&
{'D4'},{'D7'},{'D1'},{'D5'},{'D6'},{'D3'},{'D2'},{'R3'},{'R2'},{'R1'},&,1.0,&
{'D4'},{'D7'},{'D1'},{'D5'},{'D6'},{'R3'},{'D3'},{'D2'},{'R2'},{'R1'},&,1.0,&
{'D4'},{'D7'},{'D1'},{'D6'},{'D2'},{'D5'},{'D3'},{'R3'},{'R2'},{'R1'},&,1.0,&
{'D4'},{'D7'},{'D1'},{'D6'},{'D2'},{'D3'},{'R3'},{'D5'},{'R2'},{'R1'},&,1.0,&
{'D4'},{'D7'},{'D1'},{'D6'},{'D3'},{'D5'},{'R2'},{'R1'},{'D2'},{'R3'},&,1.0,&
{'D4'},{'D7'},{'D1'},{'D6'},{'D5'},{'D2'},{'D3'},{'R2'},{'R3'},{'R1'},&,1.0,&
{'D4'},{'D7'},{'D1'},{'D6'},{'D5'},{'D3'},{'D2'},{'R1'},{'R3'},{'R2'},&,2.0,&
{'D4'},{'D7'},{'D1'},{'D6'},{'D5'},{'D3'},{'D2'},{'R2'},{'R3'},{'R1'},&,1.0,&
{'D4'},{'D7'},{'D1'},{'D6'},{'D5'},{'D3'},{'D2'},{'R2'},{'R1'},{'R3'},&,2.0,&
{'D4'},{'D7'},{'D1'},{'D6'},{'D5'},{'D3'},{'D2'},{'R3'},{'R1'},{'R2'},&,4.0,&
{'D4'},{'D7'},{'D1'},{'D6'},{'D5'},{'R2'},{'D3'},{'D2'},{'R3'},{'R1'},&,1.0,&
{'D4'},{'D7'},{'D2'},{'D1'},{'D5'},{'D3'},{'R1'},{'D6'},{'R3'},{'R2'},&,1.0,&
{'D4'},{'D7'},{'D2'},{'D3'},{'D1'},{'D5'},{'R1'},{'D6'},{'R2'},{'R3'},&,1.0,&
{'D4'},{'D7'},{'D2'},{'D3'},{'D5'},{'D6'},{'D1'},{'R3'},{'R2'},{'R1'},&,1.0,&
{'D4'},{'D7'},{'D2'},{'D3'},{'D5'},{'R3'},{'D1'},{'D6'},{'R2'},{'R1'},&,1.0,&
{'D4'},{'D7'},{'D2'},{'D5'},{'D1'},{'D6'},{'D3'},{'R1'},{'R3'},{'R2'},&,1.0,&
{'D4'},{'D7'},{'D2'},{'D5'},{'D1'},{'D3'},{'R2'},{'D6'},{'R3'},{'R1'},&,1.0,&
{'D4'},{'D7'},{'D2'},{'D5'},{'D3'},{'D6'},{'D1'},{'R2'},{'R3'},{'R1'},&,1.0,&
{'D4'},{'D7'},{'D2'},{'D5'},{'D3'},{'D6'},{'D1'},{'R3'},{'R2'},{'R1'},&,1.0,&
{'D4'},{'D7'},{'D2'},{'D5'},{'D3'},{'D1'},{'R2'},{'D6'},{'R1'},{'R3'},&,1.0,&
{'D4'},{'D7'},{'D2'},{'D5'},{'D6'},{'D1'},{'R3'},{'D3'},{'R2'},{'R1'},&,1.0,&
{'D4'},{'D7'},{'D2'},{'D5'},{'D6'},{'D1'},{'D3'},{'R2'},{'R1'},{'R3'},&,1.0,&
{'D4'},{'D7'},{'D2'},{'D5'},{'D6'},{'D1'},{'D3'},{'R3'},{'R2'},{'R1'},&,1.0,&
{'D4'},{'D7'},{'D2'},{'D5'},{'D6'},{'D3'},{'R3'},{'D1'},{'R2'},{'R1'},&,1.0,&
{'D4'},{'D7'},{'D2'},{'D5'},{'D6'},{'D3'},{'D1'},{'R1'},{'R3'},{'R2'},&,1.0,&
{'D4'},{'D7'},{'D2'},{'D5'},{'D6'},{'D3'},{'D1'},{'R3'},{'R2'},{'R1'},&,2.0,&
{'D4'},{'D7'},{'D2'},{'D5'},{'D6'},{'D3'},{'D1'},{'R3'},{'R1'},{'R2'},&,1.0,&
{'D4'},{'D7'},{'D2'},{'D5'},{'D6'},{'R3'},{'D1'},{'R2'},{'D3'},{'R1'},&,1.0,&
{'D4'},{'D7'},{'D2'},{'D6'},{'D1'},{'D5'},{'D3'},{'R2'},{'R3'},{'R1'},&,1.0,&
{'D4'},{'D7'},{'D2'},{'D6'},{'D1'},{'D3'},{'D5'},{'R3'},{'R1'},{'R2'},&,1.0,&
{'D4'},{'D7'},{'D2'},{'D6'},{'D3'},{'D5'},{'D1'},{'R2'},{'R1'},{'R3'},&,1.0,&
{'D4'},{'D7'},{'D2'},{'D6'},{'D5'},{'D1'},{'D3'},{'R3'},{'R2'},{'R1'},&,1.0,&
{'D4'},{'D7'},{'D2'},{'D6'},{'D5'},{'D3'},{'D1'},{'R1'},{'R3'},{'R2'},&,1.0,&
{'D4'},{'D7'},{'R3'},{'D2'},{'D1'},{'D5'},{'D6'},{'D3'},{'R2'},{'R1'},&,1.0,&
{'D4'},{'R1'},{'D1'},{'R2'},{'R3'},{'D6'},{'D2'},{'D7'},{'D3'},{'D5'},&,1.0,&
{'D4'},{'R1'},{'R3'},{'D1'},{'D6'},{'R2'},{'D2'},{'D5'},{'D3'},{'D7'},&,1.0,&
{'D4'},{'R1'},{'R3'},{'R2'},{'D1'},{'D6'},{'D2'},{'D5'},{'D7'},{'D3'},&,1.0,&
{'D4'},{'R1'},{'R2'},{'D1'},{'D6'},{'R3'},{'D2'},{'D5'},{'D3'},{'D7'},&,1.0,&
{'D4'},{'R1'},{'R2'},{'D1'},{'R3'},{'D6'},{'D2'},{'D3'},{'D5'},{'D7'},&,1.0,&
{'D4'},{'R1'},{'R2'},{'D1'},{'R3'},{'D2'},{'D6'},{'D5'},{'D3'},{'D7'},&,1.0,&
{'D4'},{'R1'},{'R2'},{'R3'},{'D1'},{'D6'},{'D2'},{'D3'},{'D5'},{'D7'},&,2.0,&
{'D4'},{'R1'},{'R2'},{'R3'},{'D1'},{'D2'},{'D6'},{'D3'},{'D5'},{'D7'},&,1.0,&
{'D4'},{'R1'},{'R2'},{'R3'},{'D6'},{'D1'},{'D2'},{'D5'},{'D7'},{'D3'},&,1.0,&
{'D4'},{'R1'},{'R2'},{'R3'},{'D6'},{'D1'},{'D2'},{'D5'},{'D3'},{'D7'},&,1.0,&
{'D4'},{'R3'},{'D6'},{'R1'},{'R2'},{'D1'},{'D2'},{'D7'},{'D5'},{'D3'},&,1.0,&
{'D4'},{'R3'},{'D1'},{'R1'},{'R2'},{'D6'},{'D2'},{'D5'},{'D3'},{'D7'},&,1.0,&
{'D4'},{'R3'},{'D1'},{'R2'},{'D2'},{'R1'},{'D6'},{'D5'},{'D3'},{'D7'},&,1.0,&
{'D4'},{'R3'},{'D1'},{'R2'},{'R1'},{'D6'},{'D2'},{'D3'},{'D5'},{'D7'},&,1.0,&
{'D4'},{'R3'},{'D1'},{'R2'},{'R1'},{'D6'},{'D2'},{'D5'},{'D3'},{'D7'},&,1.0,&
{'D4'},{'R3'},{'R1'},{'R2'},{'D1'},{'D6'},{'D2'},{'D7'},{'D3'},{'D5'},&,1.0,&
{'D4'},{'R3'},{'R1'},{'R2'},{'D1'},{'D6'},{'D2'},{'D3'},{'D5'},{'D7'},&,1.0,&
{'D4'},{'R3'},{'R1'},{'R2'},{'D1'},{'D6'},{'D2'},{'D5'},{'D3'},{'D7'},&,1.0,&
{'D4'},{'R3'},{'R1'},{'R2'},{'D1'},{'D6'},{'D5'},{'D2'},{'D3'},{'D7'},&,1.0,&
{'D4'},{'R3'},{'R1'},{'R2'},{'D1'},{'D2'},{'D6'},{'D3'},{'D5'},{'D7'},&,1.0,&
{'D4'},{'R3'},{'R1'},{'R2'},{'D2'},{'D1'},{'D6'},{'D5'},{'D3'},{'D7'},&,1.0,&
{'D4'},{'R3'},{'R1'},{'R2'},{'D6'},{'D1'},{'D2'},{'D5'},{'D3'},{'D7'},&,1.0,&
{'D4'},{'R3'},{'R2'},{'D1'},{'D5'},{'R1'},{'D6'},{'D2'},{'D3'},{'D7'},&,2.0,&
{'D4'},{'R3'},{'R2'},{'D1'},{'R1'},{'D6'},{'D2'},{'D3'},{'D5'},{'D7'},&,2.0,&
{'D4'},{'R3'},{'R2'},{'D1'},{'R1'},{'D6'},{'D2'},{'D5'},{'D3'},{'D7'},&,2.0,&
{'D4'},{'R3'},{'R2'},{'D1'},{'R1'},{'D2'},{'D6'},{'D3'},{'D5'},{'D7'},&,3.0,&
{'D4'},{'R3'},{'R2'},{'D1'},{'R1'},{'D2'},{'D6'},{'D5'},{'D7'},{'D3'},&,2.0,&
{'D4'},{'R3'},{'R2'},{'D1'},{'R1'},{'D5'},{'D2'},{'D6'},{'D7'},{'D3'},&,1.0,&
{'D4'},{'R3'},{'R2'},{'D2'},{'R1'},{'D1'},{'D6'},{'D3'},{'D5'},{'D7'},&,1.0,&
{'D4'},{'R3'},{'R2'},{'R1'},{'D1'},{'D6'},{'D2'},{'D3'},{'D5'},{'D7'},&,5.0,&
{'D4'},{'R3'},{'R2'},{'R1'},{'D1'},{'D6'},{'D2'},{'D5'},{'D7'},{'D3'},&,1.0,&
{'D4'},{'R3'},{'R2'},{'R1'},{'D1'},{'D6'},{'D2'},{'D5'},{'D3'},{'D7'},&,8.0,&
{'D4'},{'R3'},{'R2'},{'R1'},{'D1'},{'D6'},{'D5'},{'D2'},{'D7'},{'D3'},&,1.0,&
{'D4'},{'R3'},{'R2'},{'R1'},{'D1'},{'D2'},{'D6'},{'D7'},{'D3'},{'D5'},&,1.0,&
{'D4'},{'R3'},{'R2'},{'R1'},{'D1'},{'D2'},{'D6'},{'D3'},{'D7'},{'D5'},&,1.0,&
{'D4'},{'R3'},{'R2'},{'R1'},{'D1'},{'D2'},{'D6'},{'D3'},{'D5'},{'D7'},&,8.0,&
{'D4'},{'R3'},{'R2'},{'R1'},{'D1'},{'D2'},{'D6'},{'D5'},{'D7'},{'D3'},&,1.0,&
{'D4'},{'R3'},{'R2'},{'R1'},{'D1'},{'D2'},{'D6'},{'D5'},{'D3'},{'D7'},&,11.0,&
{'D4'},{'R3'},{'R2'},{'R1'},{'D1'},{'D2'},{'D5'},{'D6'},{'D7'},{'D3'},&,1.0,&
{'D4'},{'R3'},{'R2'},{'R1'},{'D1'},{'D5'},{'D6'},{'D2'},{'D3'},{'D7'},&,2.0,&
{'D4'},{'R3'},{'R2'},{'R1'},{'D1'},{'D3'},{'D2'},{'D5'},{'D6'},{'D7'},&,1.0,&
{'D4'},{'R3'},{'R2'},{'R1'},{'D2'},{'D1'},{'D6'},{'D3'},{'D5'},{'D7'},&,1.0,&
{'D4'},{'R3'},{'R2'},{'R1'},{'D2'},{'D1'},{'D6'},{'D5'},{'D3'},{'D7'},&,1.0,&
{'D4'},{'R3'},{'R2'},{'R1'},{'D6'},{'D1'},{'D2'},{'D5'},{'D3'},{'D7'},&,1.0,&
{'D4'},{'R2'},{'D3'},{'D5'},{'D2'},{'D1'},{'D6'},{'D7'},{'R3'},{'R1'},&,1.0,&
{'D4'},{'R2'},{'D6'},{'R3'},{'R1'},{'D1'},{'D5'},{'D2'},{'D3'},{'D7'},&,1.0,&
{'D4'},{'R2'},{'D1'},{'R1'},{'D6'},{'R3'},{'D2'},{'D5'},{'D3'},{'D7'},&,1.0,&
{'D4'},{'R2'},{'D1'},{'R1'},{'R3'},{'D6'},{'D2'},{'D3'},{'D5'},{'D7'},&,1.0,&
{'D4'},{'R2'},{'D1'},{'R3'},{'D2'},{'D6'},{'R1'},{'D3'},{'D5'},{'D7'},&,1.0,&
{'D4'},{'R2'},{'D1'},{'R3'},{'R1'},{'D6'},{'D2'},{'D7'},{'D5'},{'D3'},&,1.0,&
{'D4'},{'R2'},{'D1'},{'R3'},{'R1'},{'D6'},{'D2'},{'D3'},{'D5'},{'D7'},&,1.0,&
{'D4'},{'R2'},{'D1'},{'R3'},{'R1'},{'D6'},{'D2'},{'D5'},{'D3'},{'D7'},&,3.0,&
{'D4'},{'R2'},{'D1'},{'R3'},{'R1'},{'D2'},{'D6'},{'D7'},{'D3'},{'D5'},&,1.0,&
{'D4'},{'R2'},{'D1'},{'R3'},{'R1'},{'D2'},{'D6'},{'D5'},{'D3'},{'D7'},&,1.0,&
{'D4'},{'R2'},{'D2'},{'R3'},{'R1'},{'D1'},{'D6'},{'D7'},{'D5'},{'D3'},&,1.0,&
{'D4'},{'R2'},{'R3'},{'D1'},{'D2'},{'R1'},{'D6'},{'D3'},{'D5'},{'D7'},&,1.0,&
{'D4'},{'R2'},{'R3'},{'D1'},{'D6'},{'D2'},{'R1'},{'D3'},{'D5'},{'D7'},&,1.0,&
{'D4'},{'R2'},{'R3'},{'D1'},{'D6'},{'D2'},{'R1'},{'D5'},{'D3'},{'D7'},&,1.0,&
{'D4'},{'R2'},{'R3'},{'D1'},{'D6'},{'R1'},{'D2'},{'D5'},{'D3'},{'D7'},&,1.0,&
{'D4'},{'R2'},{'R3'},{'D1'},{'R1'},{'D6'},{'D2'},{'D3'},{'D5'},{'D7'},&,2.0,&
{'D4'},{'R2'},{'R3'},{'D1'},{'R1'},{'D6'},{'D2'},{'D5'},{'D3'},{'D7'},&,4.0,&
{'D4'},{'R2'},{'R3'},{'D1'},{'R1'},{'D6'},{'D5'},{'D2'},{'D3'},{'D7'},&,1.0,&
{'D4'},{'R2'},{'R3'},{'D1'},{'R1'},{'D2'},{'D6'},{'D3'},{'D5'},{'D7'},&,2.0,&
{'D4'},{'R2'},{'R3'},{'D1'},{'R1'},{'D2'},{'D6'},{'D5'},{'D7'},{'D3'},&,1.0,&
{'D4'},{'R2'},{'R3'},{'D1'},{'R1'},{'D2'},{'D6'},{'D5'},{'D3'},{'D7'},&,3.0,&
{'D4'},{'R2'},{'R3'},{'D1'},{'R1'},{'D5'},{'D2'},{'D6'},{'D3'},{'D7'},&,1.0,&
{'D4'},{'R2'},{'R3'},{'D2'},{'R1'},{'D1'},{'D6'},{'D3'},{'D5'},{'D7'},&,1.0,&
{'D4'},{'R2'},{'R3'},{'D2'},{'R1'},{'D1'},{'D6'},{'D5'},{'D7'},{'D3'},&,1.0,&
{'D4'},{'R2'},{'R3'},{'R1'},{'D1'},{'D6'},{'D2'},{'D7'},{'D5'},{'D3'},&,4.0,&
{'D4'},{'R2'},{'R3'},{'R1'},{'D1'},{'D6'},{'D2'},{'D3'},{'D7'},{'D5'},&,3.0,&
{'D4'},{'R2'},{'R3'},{'R1'},{'D1'},{'D6'},{'D2'},{'D3'},{'D5'},{'D7'},&,10.0,&
{'D4'},{'R2'},{'R3'},{'R1'},{'D1'},{'D6'},{'D2'},{'D5'},{'D7'},{'D3'},&,2.0,&
{'D4'},{'R2'},{'R3'},{'R1'},{'D1'},{'D6'},{'D2'},{'D5'},{'D3'},{'D7'},&,13.0,&
{'D4'},{'R2'},{'R3'},{'R1'},{'D1'},{'D6'},{'D5'},{'D2'},{'D7'},{'D3'},&,1.0,&
{'D4'},{'R2'},{'R3'},{'R1'},{'D1'},{'D6'},{'D5'},{'D2'},{'D3'},{'D7'},&,1.0,&
{'D4'},{'R2'},{'R3'},{'R1'},{'D1'},{'D2'},{'D6'},{'D7'},{'D5'},{'D3'},&,2.0,&
{'D4'},{'R2'},{'R3'},{'R1'},{'D1'},{'D2'},{'D6'},{'D3'},{'D5'},{'D7'},&,11.0,&
{'D4'},{'R2'},{'R3'},{'R1'},{'D1'},{'D2'},{'D6'},{'D5'},{'D7'},{'D3'},&,1.0,&
{'D4'},{'R2'},{'R3'},{'R1'},{'D1'},{'D2'},{'D6'},{'D5'},{'D3'},{'D7'},&,7.0,&
{'D4'},{'R2'},{'R3'},{'R1'},{'D1'},{'D2'},{'D7'},{'D6'},{'D3'},{'D5'},&,1.0,&
{'D4'},{'R2'},{'R3'},{'R1'},{'D1'},{'D2'},{'D3'},{'D5'},{'D6'},{'D7'},&,1.0,&
{'D4'},{'R2'},{'R3'},{'R1'},{'D1'},{'D3'},{'D2'},{'D6'},{'D5'},{'D7'},&,1.0,&
{'D4'},{'R2'},{'R3'},{'R1'},{'D2'},{'D1'},{'D6'},{'D3'},{'D5'},{'D7'},&,2.0,&
{'D4'},{'R2'},{'R3'},{'R1'},{'D2'},{'D1'},{'D6'},{'D5'},{'D3'},{'D7'},&,3.0,&
{'D4'},{'R2'},{'R3'},{'R1'},{'D6'},{'D1'},{'D2'},{'D5'},{'D3'},{'D7'},&,1.0,&
{'D4'},{'R2'},{'R3'},{'D6'},{'R1'},{'D1'},{'D2'},{'D5'},{'D3'},{'D7'},&,1.0,&
{'D4'},{'R2'},{'R1'},{'R3'},{'D1'},{'D6'},{'D2'},{'D7'},{'D5'},{'D3'},&,1.0,&
{'D4'},{'R2'},{'R1'},{'R3'},{'D1'},{'D6'},{'D2'},{'D3'},{'D5'},{'D7'},&,4.0,&
{'D4'},{'R2'},{'R1'},{'R3'},{'D1'},{'D2'},{'D5'},{'D6'},{'D3'},{'D7'},&,2.0,&
{'D4'},{'R2'},{'R1'},{'R3'},{'D1'},{'D5'},{'D2'},{'D6'},{'D3'},{'D7'},&,1.0,&
{'D4'},{'R2'},{'R1'},{'R3'},{'D2'},{'D1'},{'D6'},{'D5'},{'D3'},{'D7'},&,1.0,&
{'D4'},{'R2'},{'R1'},{'R3'},{'D6'},{'D1'},{'D2'},{'D5'},{'D3'},{'D7'},&,2.0,&
{'D2'},{'D3'},{'D4'},{'D7'},{'D6'},{'D1'},{'R3'},{'R1'},{'R2'},{'D5'},&,1.0,&
{'D2'},{'D3'},{'D4'},{'D7'},{'D6'},{'D5'},{'D1'},{'R1'},{'R3'},{'R2'},&,1.0,&
{'D2'},{'D3'},{'D4'},{'D7'},{'D6'},{'R2'},{'D1'},{'R3'},{'D5'},{'R1'},&,1.0,&
{'D2'},{'D3'},{'D4'},{'D7'},{'D5'},{'D1'},{'D6'},{'R2'},{'R3'},{'R1'},&,1.0,&
{'D2'},{'D3'},{'D4'},{'D7'},{'D5'},{'D1'},{'D6'},{'R3'},{'R2'},{'R1'},&,1.0,&
{'D2'},{'D3'},{'D4'},{'D1'},{'D7'},{'D5'},{'D6'},{'R2'},{'R3'},{'R1'},&,1.0,&
{'D2'},{'D3'},{'D4'},{'D1'},{'D7'},{'D5'},{'D6'},{'R3'},{'R2'},{'R1'},&,1.0,&
{'D2'},{'D3'},{'D4'},{'D1'},{'D5'},{'D6'},{'R3'},{'D7'},{'R2'},{'R1'},&,1.0,&
{'D2'},{'D3'},{'D4'},{'D1'},{'D5'},{'D6'},{'D7'},{'R3'},{'R2'},{'R1'},&,1.0,&
{'D2'},{'D3'},{'D4'},{'D1'},{'D5'},{'D6'},{'R1'},{'D7'},{'R2'},{'R3'},&,1.0,&
{'D2'},{'D3'},{'D4'},{'D5'},{'D1'},{'D6'},{'D7'},{'R3'},{'R2'},{'R1'},&,2.0,&
{'D2'},{'D3'},{'D4'},{'D5'},{'D1'},{'D6'},{'D7'},{'R3'},{'R1'},{'R2'},&,1.0,&
{'D2'},{'D3'},{'D4'},{'D5'},{'D1'},{'D7'},{'D6'},{'R1'},{'R2'},{'R3'},&,1.0,&
{'D2'},{'D3'},{'D4'},{'D5'},{'D1'},{'D7'},{'D6'},{'R2'},{'R1'},{'R3'},&,1.0,&
{'D2'},{'D3'},{'D4'},{'D5'},{'D1'},{'R3'},{'D6'},{'D7'},{'R1'},{'R2'},&,1.0,&
{'D2'},{'D3'},{'D4'},{'D5'},{'D7'},{'D6'},{'D1'},{'R1'},{'R2'},{'R3'},&,1.0,&
{'D2'},{'D3'},{'D4'},{'D5'},{'D7'},{'D6'},{'D1'},{'R3'},{'R1'},{'R2'},&,2.0,&
{'D2'},{'D3'},{'D4'},{'D5'},{'D7'},{'D1'},{'D6'},{'R1'},{'R3'},{'R2'},&,1.0,&
{'D2'},{'D3'},{'D4'},{'D5'},{'D7'},{'D1'},{'D6'},{'R2'},{'R3'},{'R1'},&,1.0,&
{'D2'},{'D3'},{'D4'},{'D5'},{'D6'},{'D7'},{'R3'},{'D1'},{'R2'},{'R1'},&,2.0,&
{'D2'},{'D3'},{'D4'},{'D5'},{'D6'},{'D7'},{'D1'},{'R1'},{'R2'},{'R3'},&,1.0,&
{'D2'},{'D3'},{'D4'},{'D5'},{'D6'},{'D7'},{'D1'},{'R1'},{'R3'},{'R2'},&,1.0,&
{'D2'},{'D3'},{'D4'},{'D5'},{'D6'},{'D7'},{'D1'},{'R2'},{'R3'},{'R1'},&,2.0,&
{'D2'},{'D3'},{'D4'},{'D5'},{'D6'},{'D7'},{'D1'},{'R3'},{'R2'},{'R1'},&,2.0,&
{'D2'},{'D3'},{'D4'},{'D5'},{'D6'},{'D7'},{'D1'},{'R3'},{'R1'},{'R2'},&,3.0,&
{'D2'},{'D3'},{'D4'},{'D5'},{'D6'},{'D7'},{'R1'},{'D1'},{'R3'},{'R2'},&,1.0,&
{'D2'},{'D3'},{'D4'},{'D5'},{'D6'},{'D1'},{'D7'},{'R2'},{'R3'},{'R1'},&,1.0,&
{'D2'},{'D3'},{'D4'},{'D5'},{'D6'},{'D1'},{'D7'},{'R3'},{'R1'},{'R2'},&,1.0,&
{'D2'},{'D3'},{'D4'},{'D5'},{'D6'},{'R3'},{'D7'},{'D1'},{'R2'},{'R1'},&,1.0,&
{'D2'},{'D3'},{'D4'},{'D6'},{'D1'},{'D5'},{'R3'},{'D7'},{'R1'},{'R2'},&,1.0,&
{'D2'},{'D3'},{'D4'},{'D6'},{'D1'},{'D5'},{'D7'},{'R1'},{'R3'},{'R2'},&,1.0,&
{'D2'},{'D3'},{'D4'},{'D6'},{'D1'},{'D5'},{'D7'},{'R2'},{'R3'},{'R1'},&,1.0,&
{'D2'},{'D3'},{'D4'},{'D6'},{'D7'},{'D5'},{'D1'},{'R1'},{'R3'},{'R2'},&,1.0,&
{'D2'},{'D3'},{'D4'},{'D6'},{'D7'},{'D5'},{'D1'},{'R3'},{'R1'},{'R2'},&,1.0,&
{'D2'},{'D3'},{'D4'},{'D6'},{'D7'},{'D5'},{'R1'},{'R3'},{'D1'},{'R2'},&,1.0,&
{'D2'},{'D3'},{'D4'},{'D6'},{'D5'},{'D7'},{'R3'},{'D1'},{'R1'},{'R2'},&,2.0,&
{'D2'},{'D3'},{'D4'},{'D6'},{'D5'},{'D7'},{'D1'},{'R2'},{'R3'},{'R1'},&,2.0,&
{'D2'},{'D3'},{'D4'},{'D6'},{'D5'},{'D7'},{'D1'},{'R3'},{'R2'},{'R1'},&,1.0,&
{'D2'},{'D3'},{'D4'},{'D6'},{'D5'},{'D7'},{'R1'},{'D1'},{'R2'},{'R3'},&,1.0,&
{'D2'},{'D3'},{'D4'},{'D6'},{'D5'},{'D7'},{'R1'},{'D1'},{'R3'},{'R2'},&,1.0,&
{'D2'},{'D3'},{'D4'},{'D6'},{'D5'},{'D1'},{'R3'},{'D7'},{'R1'},{'R2'},&,1.0,&
{'D2'},{'D3'},{'D4'},{'D6'},{'D5'},{'D1'},{'D7'},{'R2'},{'R3'},{'R1'},&,1.0,&
{'D2'},{'D3'},{'D4'},{'D6'},{'D5'},{'D1'},{'D7'},{'R3'},{'R2'},{'R1'},&,1.0,&
{'D2'},{'D3'},{'D4'},{'D6'},{'D5'},{'D1'},{'D7'},{'R3'},{'R1'},{'R2'},&,3.0,&
{'D2'},{'D3'},{'D5'},{'D7'},{'D1'},{'D6'},{'D4'},{'R1'},{'R2'},{'R3'},&,1.0,&
{'D2'},{'D3'},{'D5'},{'D7'},{'D1'},{'D6'},{'D4'},{'R2'},{'R1'},{'R3'},&,1.0,&
{'D2'},{'D3'},{'D5'},{'D7'},{'D1'},{'D6'},{'D4'},{'R3'},{'R2'},{'R1'},&,1.0,&
{'D2'},{'D3'},{'D5'},{'D7'},{'D1'},{'D6'},{'D4'},{'R3'},{'R1'},{'R2'},&,1.0,&
{'D2'},{'D3'},{'D5'},{'D7'},{'D1'},{'D4'},{'R3'},{'R1'},{'D6'},{'R2'},&,1.0,&
{'D2'},{'D3'},{'D5'},{'D7'},{'D1'},{'D4'},{'D6'},{'R1'},{'R2'},{'R3'},&,1.0,&
{'D2'},{'D3'},{'D5'},{'D7'},{'D1'},{'D4'},{'D6'},{'R3'},{'R1'},{'R2'},&,1.0,&
{'D2'},{'D3'},{'D5'},{'D7'},{'D6'},{'D4'},{'R3'},{'R2'},{'R1'},{'D1'},&,1.0,&
{'D2'},{'D3'},{'D5'},{'D7'},{'D6'},{'D4'},{'R3'},{'R2'},{'D1'},{'R1'},&,1.0,&
{'D2'},{'D3'},{'D5'},{'D7'},{'D6'},{'D4'},{'D1'},{'R1'},{'R2'},{'R3'},&,1.0,&
{'D2'},{'D3'},{'D5'},{'D7'},{'D6'},{'D4'},{'D1'},{'R1'},{'R3'},{'R2'},&,1.0,&
{'D2'},{'D3'},{'D5'},{'D7'},{'D6'},{'D4'},{'D1'},{'R2'},{'R3'},{'R1'},&,1.0,&
{'D2'},{'D3'},{'D5'},{'D7'},{'D6'},{'D4'},{'D1'},{'R3'},{'R1'},{'R2'},&,5.0,&
{'D2'},{'D3'},{'D5'},{'D7'},{'D6'},{'D4'},{'R1'},{'D1'},{'R3'},{'R2'},&,1.0,&
{'D2'},{'D3'},{'D5'},{'D7'},{'D6'},{'D1'},{'R3'},{'D4'},{'R1'},{'R2'},&,1.0,&
{'D2'},{'D3'},{'D5'},{'D7'},{'D6'},{'D1'},{'D4'},{'R1'},{'R3'},{'R2'},&,2.0,&
{'D2'},{'D3'},{'D5'},{'D7'},{'D6'},{'D1'},{'D4'},{'R2'},{'R3'},{'R1'},&,1.0,&
{'D2'},{'D3'},{'D5'},{'D7'},{'D6'},{'D1'},{'D4'},{'R3'},{'R2'},{'R1'},&,1.0,&
{'D2'},{'D3'},{'D5'},{'D7'},{'D6'},{'D1'},{'D4'},{'R3'},{'R1'},{'R2'},&,1.0,&
{'D2'},{'D3'},{'D5'},{'D7'},{'D6'},{'D1'},{'R2'},{'R3'},{'D4'},{'R1'},&,1.0,&
{'D2'},{'D3'},{'D5'},{'D7'},{'D6'},{'R3'},{'D4'},{'D1'},{'R1'},{'R2'},&,2.0,&
{'D2'},{'D3'},{'D5'},{'D7'},{'D4'},{'D6'},{'R3'},{'R2'},{'R1'},{'D1'},&,1.0,&
{'D2'},{'D3'},{'D5'},{'D7'},{'D4'},{'D6'},{'R3'},{'R2'},{'D1'},{'R1'},&,1.0,&
{'D2'},{'D3'},{'D5'},{'D7'},{'D4'},{'D6'},{'R3'},{'D1'},{'R2'},{'R1'},&,1.0,&
{'D2'},{'D3'},{'D5'},{'D7'},{'D4'},{'D6'},{'D1'},{'R1'},{'R3'},{'R2'},&,4.0,&
{'D2'},{'D3'},{'D5'},{'D7'},{'D4'},{'D6'},{'D1'},{'R3'},{'R2'},{'R1'},&,2.0,&
{'D2'},{'D3'},{'D5'},{'D7'},{'D4'},{'D6'},{'D1'},{'R3'},{'R1'},{'R2'},&,1.0,&
{'D2'},{'D3'},{'D5'},{'D7'},{'D4'},{'D6'},{'R2'},{'D1'},{'R3'},{'R1'},&,1.0,&
{'D2'},{'D3'},{'D5'},{'D7'},{'D4'},{'D1'},{'R2'},{'D6'},{'R1'},{'R3'},&,1.0,&
{'D2'},{'D3'},{'D5'},{'D7'},{'D4'},{'D1'},{'D6'},{'R1'},{'R3'},{'R2'},&,1.0,&
{'D2'},{'D3'},{'D5'},{'D1'},{'D7'},{'D6'},{'D4'},{'R3'},{'R1'},{'R2'},&,1.0,&
{'D2'},{'D3'},{'D5'},{'D1'},{'D6'},{'D4'},{'R3'},{'R1'},{'R2'},{'D7'},&,1.0,&
{'D2'},{'D3'},{'D5'},{'D1'},{'D6'},{'D4'},{'R3'},{'D7'},{'R1'},{'R2'},&,1.0,&
{'D2'},{'D3'},{'D5'},{'D1'},{'D6'},{'D4'},{'D7'},{'R1'},{'R2'},{'R3'},&,1.0,&
{'D2'},{'D3'},{'D5'},{'D1'},{'D6'},{'D4'},{'D7'},{'R1'},{'R3'},{'R2'},&,1.0,&
{'D2'},{'D3'},{'D5'},{'D1'},{'D6'},{'D4'},{'D7'},{'R2'},{'R3'},{'R1'},&,1.0,&
{'D2'},{'D3'},{'D5'},{'D1'},{'D6'},{'D4'},{'D7'},{'R3'},{'R2'},{'R1'},&,3.0,&
{'D2'},{'D3'},{'D5'},{'D1'},{'D6'},{'D4'},{'D7'},{'R3'},{'R1'},{'R2'},&,2.0,&
{'D2'},{'D3'},{'D5'},{'D1'},{'D6'},{'D4'},{'R1'},{'D7'},{'R3'},{'R2'},&,2.0,&
{'D2'},{'D3'},{'D5'},{'D1'},{'D6'},{'D7'},{'R3'},{'D4'},{'R2'},{'R1'},&,1.0,&
{'D2'},{'D3'},{'D5'},{'D1'},{'D6'},{'D7'},{'D4'},{'R1'},{'R2'},{'R3'},&,1.0,&
{'D2'},{'D3'},{'D5'},{'D1'},{'D6'},{'D7'},{'D4'},{'R2'},{'R3'},{'R1'},&,1.0,&
{'D2'},{'D3'},{'D5'},{'D1'},{'D6'},{'D7'},{'D4'},{'R3'},{'R2'},{'R1'},&,1.0,&
{'D2'},{'D3'},{'D5'},{'D1'},{'D6'},{'D7'},{'D4'},{'R3'},{'R1'},{'R2'},&,2.0,&
{'D2'},{'D3'},{'D5'},{'D1'},{'D6'},{'D7'},{'R1'},{'D4'},{'R3'},{'R2'},&,2.0,&
{'D2'},{'D3'},{'D5'},{'D1'},{'D6'},{'R1'},{'D4'},{'D7'},{'R3'},{'R2'},&,1.0,&
{'D2'},{'D3'},{'D5'},{'D1'},{'D6'},{'R3'},{'D7'},{'D4'},{'R1'},{'R2'},&,1.0,&
{'D2'},{'D3'},{'D5'},{'D1'},{'D4'},{'D6'},{'R3'},{'R2'},{'D7'},{'R1'},&,1.0,&
{'D2'},{'D3'},{'D5'},{'D1'},{'D4'},{'D6'},{'R3'},{'D7'},{'R2'},{'R1'},&,2.0,&
{'D2'},{'D3'},{'D5'},{'D1'},{'D4'},{'D6'},{'R3'},{'D7'},{'R1'},{'R2'},&,1.0,&
{'D2'},{'D3'},{'D5'},{'D1'},{'D4'},{'D6'},{'R2'},{'D7'},{'R3'},{'R1'},&,1.0,&
{'D2'},{'D3'},{'D5'},{'D1'},{'D4'},{'D6'},{'D7'},{'R3'},{'R2'},{'R1'},&,1.0,&
{'D2'},{'D3'},{'D5'},{'D1'},{'D4'},{'D6'},{'D7'},{'R3'},{'R1'},{'R2'},&,2.0,&
{'D2'},{'D3'},{'D5'},{'D1'},{'D4'},{'D7'},{'R2'},{'D6'},{'R1'},{'R3'},&,1.0,&
{'D2'},{'D3'},{'D5'},{'D6'},{'D1'},{'D4'},{'D7'},{'R1'},{'R2'},{'R3'},&,1.0,&
{'D2'},{'D3'},{'D5'},{'D6'},{'D1'},{'D4'},{'D7'},{'R1'},{'R3'},{'R2'},&,3.0,&
{'D2'},{'D3'},{'D5'},{'D6'},{'D1'},{'D4'},{'D7'},{'R2'},{'R1'},{'R3'},&,1.0,&
{'D2'},{'D3'},{'D5'},{'D6'},{'D1'},{'D4'},{'D7'},{'R3'},{'R2'},{'R1'},&,2.0,&
{'D2'},{'D3'},{'D5'},{'D6'},{'D1'},{'D4'},{'D7'},{'R3'},{'R1'},{'R2'},&,3.0,&
{'D2'},{'D3'},{'D5'},{'D6'},{'D1'},{'D7'},{'R3'},{'R1'},{'R2'},{'D4'},&,1.0,&
{'D2'},{'D3'},{'D5'},{'D6'},{'D1'},{'D7'},{'D4'},{'R1'},{'R2'},{'R3'},&,2.0,&
{'D2'},{'D3'},{'D5'},{'D6'},{'D1'},{'D7'},{'D4'},{'R1'},{'R3'},{'R2'},&,4.0,&
{'D2'},{'D3'},{'D5'},{'D6'},{'D1'},{'D7'},{'D4'},{'R2'},{'R3'},{'R1'},&,1.0,&
{'D2'},{'D3'},{'D5'},{'D6'},{'D1'},{'D7'},{'D4'},{'R2'},{'R1'},{'R3'},&,1.0,&
{'D2'},{'D3'},{'D5'},{'D6'},{'D1'},{'D7'},{'D4'},{'R3'},{'R2'},{'R1'},&,2.0,&
{'D2'},{'D3'},{'D5'},{'D6'},{'D1'},{'D7'},{'D4'},{'R3'},{'R1'},{'R2'},&,4.0,&
{'D2'},{'D3'},{'D5'},{'D6'},{'D1'},{'D7'},{'R1'},{'R2'},{'D4'},{'R3'},&,1.0,&
{'D2'},{'D3'},{'D5'},{'D6'},{'D7'},{'D4'},{'R3'},{'D1'},{'R2'},{'R1'},&,1.0,&
{'D2'},{'D3'},{'D5'},{'D6'},{'D7'},{'D4'},{'D1'},{'R1'},{'R2'},{'R3'},&,3.0,&
{'D2'},{'D3'},{'D5'},{'D6'},{'D7'},{'D4'},{'D1'},{'R1'},{'R3'},{'R2'},&,3.0,&
{'D2'},{'D3'},{'D5'},{'D6'},{'D7'},{'D4'},{'D1'},{'R2'},{'R3'},{'R1'},&,4.0,&
{'D2'},{'D3'},{'D5'},{'D6'},{'D7'},{'D4'},{'D1'},{'R2'},{'R1'},{'R3'},&,2.0,&
{'D2'},{'D3'},{'D5'},{'D6'},{'D7'},{'D4'},{'D1'},{'R3'},{'R2'},{'R1'},&,2.0,&
{'D2'},{'D3'},{'D5'},{'D6'},{'D7'},{'D4'},{'D1'},{'R3'},{'R1'},{'R2'},&,6.0,&
{'D2'},{'D3'},{'D5'},{'D6'},{'D7'},{'D4'},{'R2'},{'D1'},{'R1'},{'R3'},&,1.0,&
{'D2'},{'D3'},{'D5'},{'D6'},{'D7'},{'D1'},{'R3'},{'D4'},{'R2'},{'R1'},&,2.0,&
{'D2'},{'D3'},{'D5'},{'D6'},{'D7'},{'D1'},{'D4'},{'R1'},{'R3'},{'R2'},&,4.0,&
{'D2'},{'D3'},{'D5'},{'D6'},{'D7'},{'D1'},{'D4'},{'R2'},{'R3'},{'R1'},&,1.0,&
{'D2'},{'D3'},{'D5'},{'D6'},{'D7'},{'D1'},{'D4'},{'R2'},{'R1'},{'R3'},&,1.0,&
{'D2'},{'D3'},{'D5'},{'D6'},{'D7'},{'D1'},{'D4'},{'R3'},{'R2'},{'R1'},&,4.0,&
{'D2'},{'D3'},{'D5'},{'D6'},{'D7'},{'D1'},{'D4'},{'R3'},{'R1'},{'R2'},&,2.0,&
{'D2'},{'D3'},{'D5'},{'D6'},{'D7'},{'D1'},{'R1'},{'R3'},{'D4'},{'R2'},&,1.0,&
{'D2'},{'D3'},{'D5'},{'D6'},{'D7'},{'D1'},{'R1'},{'D4'},{'R3'},{'R2'},&,1.0,&
{'D2'},{'D3'},{'D5'},{'D6'},{'D7'},{'R1'},{'D4'},{'R3'},{'R2'},{'D1'},&,1.0,&
{'D2'},{'D3'},{'D5'},{'D6'},{'D7'},{'R3'},{'D1'},{'D4'},{'R1'},{'R2'},&,1.0,&
{'D2'},{'D3'},{'D5'},{'D6'},{'D7'},{'R3'},{'D4'},{'R1'},{'D1'},{'R2'},&,1.0,&
{'D2'},{'D3'},{'D5'},{'D6'},{'D7'},{'R3'},{'D4'},{'D1'},{'R1'},{'R2'},&,1.0,&
{'D2'},{'D3'},{'D5'},{'D6'},{'D4'},{'D7'},{'R3'},{'D1'},{'R1'},{'R2'},&,1.0,&
{'D2'},{'D3'},{'D5'},{'D6'},{'D4'},{'D7'},{'D1'},{'R1'},{'R2'},{'R3'},&,2.0,&
{'D2'},{'D3'},{'D5'},{'D6'},{'D4'},{'D7'},{'D1'},{'R1'},{'R3'},{'R2'},&,5.0,&
{'D2'},{'D3'},{'D5'},{'D6'},{'D4'},{'D7'},{'D1'},{'R2'},{'R1'},{'R3'},&,1.0,&
{'D2'},{'D3'},{'D5'},{'D6'},{'D4'},{'D7'},{'D1'},{'R3'},{'R2'},{'R1'},&,4.0,&
{'D2'},{'D3'},{'D5'},{'D6'},{'D4'},{'D7'},{'D1'},{'R3'},{'R1'},{'R2'},&,4.0,&
{'D2'},{'D3'},{'D5'},{'D6'},{'D4'},{'D7'},{'R2'},{'D1'},{'R3'},{'R1'},&,1.0,&
{'D2'},{'D3'},{'D5'},{'D6'},{'D4'},{'D7'},{'R1'},{'D1'},{'R2'},{'R3'},&,1.0,&
{'D2'},{'D3'},{'D5'},{'D6'},{'D4'},{'D1'},{'R3'},{'D7'},{'R2'},{'R1'},&,1.0,&
{'D2'},{'D3'},{'D5'},{'D6'},{'D4'},{'D1'},{'R3'},{'D7'},{'R1'},{'R2'},&,2.0,&
{'D2'},{'D3'},{'D5'},{'D6'},{'D4'},{'D1'},{'D7'},{'R1'},{'R3'},{'R2'},&,2.0,&
{'D2'},{'D3'},{'D5'},{'D6'},{'D4'},{'D1'},{'D7'},{'R2'},{'R3'},{'R1'},&,2.0,&
{'D2'},{'D3'},{'D5'},{'D6'},{'D4'},{'D1'},{'D7'},{'R3'},{'R2'},{'R1'},&,2.0,&
{'D2'},{'D3'},{'D5'},{'D6'},{'D4'},{'D1'},{'D7'},{'R3'},{'R1'},{'R2'},&,2.0,&
{'D2'},{'D3'},{'D5'},{'D6'},{'D4'},{'D1'},{'R1'},{'D7'},{'R3'},{'R2'},&,1.0,&
{'D2'},{'D3'},{'D5'},{'D6'},{'D4'},{'R2'},{'D1'},{'D7'},{'R3'},{'R1'},&,1.0,&
{'D2'},{'D3'},{'D5'},{'D6'},{'D4'},{'R3'},{'D1'},{'D7'},{'R2'},{'R1'},&,1.0,&
{'D2'},{'D3'},{'D5'},{'D6'},{'D4'},{'R3'},{'D7'},{'D1'},{'R1'},{'R2'},&,1.0,&
{'D2'},{'D3'},{'D5'},{'D6'},{'R3'},{'D4'},{'D1'},{'D7'},{'R2'},{'R1'},&,1.0,&
{'D2'},{'D3'},{'D5'},{'D6'},{'R3'},{'D4'},{'D1'},{'D7'},{'R1'},{'R2'},&,1.0,&
{'D2'},{'D3'},{'D5'},{'D6'},{'R1'},{'D1'},{'R3'},{'D7'},{'D4'},{'R2'},&,1.0,&
{'D2'},{'D3'},{'D5'},{'D4'},{'D1'},{'D6'},{'R3'},{'D7'},{'R2'},{'R1'},&,1.0,&
{'D2'},{'D3'},{'D5'},{'D4'},{'D1'},{'D6'},{'D7'},{'R2'},{'R3'},{'R1'},&,2.0,&
{'D2'},{'D3'},{'D5'},{'D4'},{'D1'},{'D6'},{'D7'},{'R3'},{'R2'},{'R1'},&,3.0,&
{'D2'},{'D3'},{'D5'},{'D4'},{'D1'},{'D6'},{'D7'},{'R3'},{'R1'},{'R2'},&,2.0,&
{'D2'},{'D3'},{'D5'},{'D4'},{'D1'},{'R2'},{'D6'},{'D7'},{'R3'},{'R1'},&,1.0,&
{'D2'},{'D3'},{'D5'},{'D4'},{'D7'},{'D6'},{'R3'},{'D1'},{'R1'},{'R2'},&,2.0,&
{'D2'},{'D3'},{'D5'},{'D4'},{'D7'},{'D6'},{'D1'},{'R1'},{'R2'},{'R3'},&,1.0,&
{'D2'},{'D3'},{'D5'},{'D4'},{'D7'},{'D6'},{'D1'},{'R1'},{'R3'},{'R2'},&,1.0,&
{'D2'},{'D3'},{'D5'},{'D4'},{'D7'},{'D6'},{'D1'},{'R2'},{'R3'},{'R1'},&,2.0,&
{'D2'},{'D3'},{'D5'},{'D4'},{'D7'},{'D6'},{'D1'},{'R3'},{'R2'},{'R1'},&,2.0,&
{'D2'},{'D3'},{'D5'},{'D4'},{'D7'},{'D6'},{'D1'},{'R3'},{'R1'},{'R2'},&,3.0,&
{'D2'},{'D3'},{'D5'},{'D4'},{'D7'},{'D1'},{'D6'},{'R1'},{'R3'},{'R2'},&,1.0,&
{'D2'},{'D3'},{'D5'},{'D4'},{'D7'},{'R2'},{'D6'},{'D1'},{'R3'},{'R1'},&,1.0,&
{'D2'},{'D3'},{'D5'},{'D4'},{'D7'},{'R3'},{'D1'},{'R1'},{'D6'},{'R2'},&,1.0,&
{'D2'},{'D3'},{'D5'},{'D4'},{'D7'},{'R3'},{'D1'},{'D6'},{'R1'},{'R2'},&,1.0,&
{'D2'},{'D3'},{'D5'},{'D4'},{'D6'},{'D7'},{'R3'},{'D1'},{'R2'},{'R1'},&,2.0,&
{'D2'},{'D3'},{'D5'},{'D4'},{'D6'},{'D7'},{'D1'},{'R1'},{'R2'},{'R3'},&,1.0,&
{'D2'},{'D3'},{'D5'},{'D4'},{'D6'},{'D7'},{'D1'},{'R1'},{'R3'},{'R2'},&,2.0,&
{'D2'},{'D3'},{'D5'},{'D4'},{'D6'},{'D7'},{'D1'},{'R2'},{'R1'},{'R3'},&,1.0,&
{'D2'},{'D3'},{'D5'},{'D4'},{'D6'},{'D7'},{'D1'},{'R3'},{'R2'},{'R1'},&,2.0,&
{'D2'},{'D3'},{'D5'},{'D4'},{'D6'},{'D7'},{'D1'},{'R3'},{'R1'},{'R2'},&,5.0,&
{'D2'},{'D3'},{'D5'},{'D4'},{'D6'},{'D7'},{'R1'},{'R3'},{'D1'},{'R2'},&,1.0,&
{'D2'},{'D3'},{'D5'},{'D4'},{'D6'},{'D1'},{'R3'},{'R1'},{'D7'},{'R2'},&,1.0,&
{'D2'},{'D3'},{'D5'},{'D4'},{'D6'},{'D1'},{'D7'},{'R1'},{'R2'},{'R3'},&,3.0,&
{'D2'},{'D3'},{'D5'},{'D4'},{'D6'},{'D1'},{'D7'},{'R3'},{'R1'},{'R2'},&,3.0,&
{'D2'},{'D3'},{'D5'},{'D4'},{'D6'},{'D1'},{'R1'},{'D7'},{'R2'},{'R3'},&,1.0,&
{'D2'},{'D3'},{'D5'},{'D4'},{'D6'},{'R1'},{'D7'},{'D1'},{'R2'},{'R3'},&,1.0,&
{'D2'},{'D3'},{'D5'},{'D4'},{'D6'},{'R3'},{'D1'},{'D7'},{'R2'},{'R1'},&,1.0,&
{'D2'},{'D3'},{'D5'},{'D4'},{'D6'},{'R3'},{'D7'},{'D1'},{'R1'},{'R2'},&,1.0,&
{'D2'},{'D3'},{'D5'},{'R3'},{'D6'},{'D4'},{'D7'},{'D1'},{'R1'},{'R2'},&,1.0,&
{'D2'},{'D3'},{'D6'},{'D7'},{'D1'},{'D4'},{'R3'},{'D5'},{'R1'},{'R2'},&,1.0,&
{'D2'},{'D3'},{'D6'},{'D7'},{'D1'},{'D5'},{'D4'},{'R3'},{'R1'},{'R2'},&,1.0,&
{'D2'},{'D3'},{'D6'},{'D7'},{'D4'},{'D1'},{'D5'},{'R3'},{'R1'},{'R2'},&,1.0,&
{'D2'},{'D3'},{'D6'},{'D7'},{'D4'},{'D5'},{'D1'},{'R1'},{'R2'},{'R3'},&,1.0,&
{'D2'},{'D3'},{'D6'},{'D7'},{'D4'},{'D5'},{'D1'},{'R1'},{'R3'},{'R2'},&,1.0,&
{'D2'},{'D3'},{'D6'},{'D7'},{'D4'},{'D5'},{'D1'},{'R3'},{'R1'},{'R2'},&,1.0,&
{'D2'},{'D3'},{'D6'},{'D7'},{'D4'},{'D5'},{'R2'},{'D1'},{'R3'},{'R1'},&,1.0,&
{'D2'},{'D3'},{'D6'},{'D7'},{'D5'},{'D4'},{'R3'},{'D1'},{'R2'},{'R1'},&,2.0,&
{'D2'},{'D3'},{'D6'},{'D7'},{'D5'},{'D4'},{'D1'},{'R1'},{'R2'},{'R3'},&,1.0,&
{'D2'},{'D3'},{'D6'},{'D7'},{'D5'},{'D4'},{'D1'},{'R1'},{'R3'},{'R2'},&,1.0,&
{'D2'},{'D3'},{'D6'},{'D7'},{'D5'},{'D4'},{'R1'},{'D1'},{'R3'},{'R2'},&,1.0,&
{'D2'},{'D3'},{'D6'},{'D7'},{'D5'},{'D1'},{'R3'},{'D4'},{'R2'},{'R1'},&,1.0,&
{'D2'},{'D3'},{'D6'},{'D7'},{'D5'},{'D1'},{'D4'},{'R1'},{'R2'},{'R3'},&,1.0,&
{'D2'},{'D3'},{'D6'},{'D7'},{'D5'},{'D1'},{'D4'},{'R3'},{'R1'},{'R2'},&,3.0,&
{'D2'},{'D3'},{'D6'},{'D7'},{'D5'},{'D1'},{'R2'},{'D4'},{'R3'},{'R1'},&,1.0,&
{'D2'},{'D3'},{'D6'},{'D7'},{'D5'},{'D1'},{'R1'},{'D4'},{'R3'},{'R2'},&,1.0,&
{'D2'},{'D3'},{'D6'},{'D7'},{'D5'},{'R3'},{'D1'},{'R1'},{'D4'},{'R2'},&,1.0,&
{'D2'},{'D3'},{'D6'},{'D1'},{'D4'},{'D5'},{'D7'},{'R1'},{'R3'},{'R2'},&,1.0,&
{'D2'},{'D3'},{'D6'},{'D1'},{'D5'},{'D4'},{'D7'},{'R1'},{'R2'},{'R3'},&,1.0,&
{'D2'},{'D3'},{'D6'},{'D1'},{'D5'},{'D7'},{'R3'},{'D4'},{'R2'},{'R1'},&,1.0,&
{'D2'},{'D3'},{'D6'},{'D1'},{'D5'},{'D7'},{'D4'},{'R3'},{'R2'},{'R1'},&,2.0,&
{'D2'},{'D3'},{'D6'},{'D1'},{'D5'},{'D7'},{'D4'},{'R3'},{'R1'},{'R2'},&,1.0,&
{'D2'},{'D3'},{'D6'},{'D1'},{'D5'},{'R1'},{'D4'},{'D7'},{'R3'},{'R2'},&,1.0,&
{'D2'},{'D3'},{'D6'},{'D1'},{'D5'},{'R1'},{'D7'},{'D4'},{'R2'},{'R3'},&,1.0,&
{'D2'},{'D3'},{'D6'},{'D1'},{'D5'},{'R3'},{'D7'},{'D4'},{'R2'},{'R1'},&,1.0,&
{'D2'},{'D3'},{'D6'},{'D5'},{'D1'},{'D4'},{'R2'},{'D7'},{'R3'},{'R1'},&,2.0,&
{'D2'},{'D3'},{'D6'},{'D5'},{'D1'},{'D4'},{'D7'},{'R1'},{'R3'},{'R2'},&,1.0,&
{'D2'},{'D3'},{'D6'},{'D5'},{'D1'},{'D4'},{'D7'},{'R2'},{'R3'},{'R1'},&,3.0,&
{'D2'},{'D3'},{'D6'},{'D5'},{'D1'},{'D4'},{'D7'},{'R2'},{'R1'},{'R3'},&,1.0,&
{'D2'},{'D3'},{'D6'},{'D5'},{'D1'},{'D4'},{'D7'},{'R3'},{'R2'},{'R1'},&,1.0,&
{'D2'},{'D3'},{'D6'},{'D5'},{'D1'},{'D4'},{'D7'},{'R3'},{'R1'},{'R2'},&,1.0,&
{'D2'},{'D3'},{'D6'},{'D5'},{'D1'},{'D4'},{'R1'},{'D7'},{'R3'},{'R2'},&,1.0,&
{'D2'},{'D3'},{'D6'},{'D5'},{'D1'},{'D7'},{'D4'},{'R2'},{'R3'},{'R1'},&,1.0,&
{'D2'},{'D3'},{'D6'},{'D5'},{'D1'},{'D7'},{'D4'},{'R2'},{'R1'},{'R3'},&,2.0,&
{'D2'},{'D3'},{'D6'},{'D5'},{'D1'},{'D7'},{'D4'},{'R3'},{'R2'},{'R1'},&,2.0,&
{'D2'},{'D3'},{'D6'},{'D5'},{'D1'},{'D7'},{'D4'},{'R3'},{'R1'},{'R2'},&,2.0,&
{'D2'},{'D3'},{'D6'},{'D5'},{'D1'},{'D7'},{'R2'},{'R1'},{'D4'},{'R3'},&,1.0,&
{'D2'},{'D3'},{'D6'},{'D5'},{'D1'},{'R3'},{'D7'},{'D4'},{'R1'},{'R2'},&,1.0,&
{'D2'},{'D3'},{'D6'},{'D5'},{'D7'},{'D4'},{'R3'},{'R2'},{'D1'},{'R1'},&,1.0,&
{'D2'},{'D3'},{'D6'},{'D5'},{'D7'},{'D4'},{'R3'},{'D1'},{'R2'},{'R1'},&,1.0,&
{'D2'},{'D3'},{'D6'},{'D5'},{'D7'},{'D4'},{'D1'},{'R2'},{'R3'},{'R1'},&,1.0,&
{'D2'},{'D3'},{'D6'},{'D5'},{'D7'},{'D4'},{'D1'},{'R2'},{'R1'},{'R3'},&,2.0,&
{'D2'},{'D3'},{'D6'},{'D5'},{'D7'},{'D4'},{'D1'},{'R3'},{'R2'},{'R1'},&,5.0,&
{'D2'},{'D3'},{'D6'},{'D5'},{'D7'},{'D4'},{'D1'},{'R3'},{'R1'},{'R2'},&,5.0,&
{'D2'},{'D3'},{'D6'},{'D5'},{'D7'},{'D4'},{'R1'},{'D1'},{'R3'},{'R2'},&,1.0,&
{'D2'},{'D3'},{'D6'},{'D5'},{'D7'},{'D1'},{'R3'},{'R2'},{'D4'},{'R1'},&,1.0,&
{'D2'},{'D3'},{'D6'},{'D5'},{'D7'},{'D1'},{'R3'},{'D4'},{'R2'},{'R1'},&,1.0,&
{'D2'},{'D3'},{'D6'},{'D5'},{'D7'},{'D1'},{'D4'},{'R1'},{'R2'},{'R3'},&,1.0,&
{'D2'},{'D3'},{'D6'},{'D5'},{'D7'},{'D1'},{'D4'},{'R1'},{'R3'},{'R2'},&,1.0,&
{'D2'},{'D3'},{'D6'},{'D5'},{'D7'},{'D1'},{'D4'},{'R2'},{'R3'},{'R1'},&,1.0,&
{'D2'},{'D3'},{'D6'},{'D5'},{'D7'},{'D1'},{'D4'},{'R3'},{'R2'},{'R1'},&,2.0,&
{'D2'},{'D3'},{'D6'},{'D5'},{'D7'},{'D1'},{'D4'},{'R3'},{'R1'},{'R2'},&,3.0,&
{'D2'},{'D3'},{'D6'},{'D5'},{'D7'},{'D1'},{'R2'},{'R3'},{'R1'},{'D4'},&,1.0,&
{'D2'},{'D3'},{'D6'},{'D5'},{'D7'},{'D1'},{'R2'},{'D4'},{'R3'},{'R1'},&,1.0,&
{'D2'},{'D3'},{'D6'},{'D5'},{'D7'},{'D1'},{'R1'},{'D4'},{'R3'},{'R2'},&,1.0,&
{'D2'},{'D3'},{'D6'},{'D5'},{'D7'},{'R3'},{'D4'},{'D1'},{'R1'},{'R2'},&,1.0,&
{'D2'},{'D3'},{'D6'},{'D5'},{'D4'},{'D7'},{'D1'},{'R1'},{'R3'},{'R2'},&,1.0,&
{'D2'},{'D3'},{'D6'},{'D5'},{'D4'},{'D7'},{'D1'},{'R2'},{'R3'},{'R1'},&,1.0,&
{'D2'},{'D3'},{'D6'},{'D5'},{'D4'},{'D7'},{'D1'},{'R3'},{'R2'},{'R1'},&,1.0,&
{'D2'},{'D3'},{'D6'},{'D5'},{'D4'},{'D7'},{'D1'},{'R3'},{'R1'},{'R2'},&,3.0,&
{'D2'},{'D3'},{'D6'},{'D5'},{'D4'},{'D1'},{'R3'},{'D7'},{'R1'},{'R2'},&,2.0,&
{'D2'},{'D3'},{'D6'},{'D5'},{'D4'},{'D1'},{'D7'},{'R1'},{'R2'},{'R3'},&,1.0,&
{'D2'},{'D3'},{'D6'},{'D5'},{'D4'},{'D1'},{'D7'},{'R2'},{'R3'},{'R1'},&,1.0,&
{'D2'},{'D3'},{'D6'},{'D5'},{'D4'},{'D1'},{'D7'},{'R2'},{'R1'},{'R3'},&,1.0,&
{'D2'},{'D3'},{'D6'},{'D5'},{'D4'},{'D1'},{'D7'},{'R3'},{'R2'},{'R1'},&,2.0,&
{'D2'},{'D3'},{'D6'},{'D5'},{'D4'},{'D1'},{'D7'},{'R3'},{'R1'},{'R2'},&,1.0,&
{'D2'},{'D3'},{'D6'},{'D5'},{'R3'},{'D4'},{'D7'},{'R1'},{'D1'},{'R2'},&,1.0,&
{'D2'},{'D3'},{'D6'},{'D4'},{'D1'},{'D7'},{'D5'},{'R3'},{'R2'},{'R1'},&,2.0,&
{'D2'},{'D3'},{'D6'},{'D4'},{'D1'},{'D5'},{'D7'},{'R1'},{'R2'},{'R3'},&,1.0,&
{'D2'},{'D3'},{'D6'},{'D4'},{'D1'},{'R3'},{'D5'},{'D7'},{'R2'},{'R1'},&,1.0,&
{'D2'},{'D3'},{'D6'},{'D4'},{'D7'},{'D1'},{'D5'},{'R1'},{'R3'},{'R2'},&,1.0,&
{'D2'},{'D3'},{'D6'},{'D4'},{'D7'},{'D5'},{'D1'},{'R1'},{'R3'},{'R2'},&,2.0,&
{'D2'},{'D3'},{'D6'},{'D4'},{'D7'},{'D5'},{'D1'},{'R3'},{'R1'},{'R2'},&,1.0,&
{'D2'},{'D3'},{'D6'},{'D4'},{'D7'},{'R1'},{'D1'},{'D5'},{'R3'},{'R2'},&,1.0,&
{'D2'},{'D3'},{'D6'},{'D4'},{'D5'},{'D7'},{'D1'},{'R1'},{'R2'},{'R3'},&,1.0,&
{'D2'},{'D3'},{'D6'},{'D4'},{'D5'},{'D7'},{'D1'},{'R2'},{'R3'},{'R1'},&,2.0,&
{'D2'},{'D3'},{'D6'},{'D4'},{'D5'},{'D7'},{'D1'},{'R3'},{'R2'},{'R1'},&,2.0,&
{'D2'},{'D3'},{'D6'},{'D4'},{'D5'},{'D7'},{'D1'},{'R3'},{'R1'},{'R2'},&,2.0,&
{'D2'},{'D3'},{'D6'},{'D4'},{'D5'},{'D1'},{'R3'},{'D7'},{'R2'},{'R1'},&,2.0,&
{'D2'},{'D3'},{'D6'},{'D4'},{'D5'},{'D1'},{'R3'},{'D7'},{'R1'},{'R2'},&,1.0,&
{'D2'},{'D3'},{'D6'},{'D4'},{'D5'},{'D1'},{'D7'},{'R2'},{'R3'},{'R1'},&,1.0,&
{'D2'},{'D3'},{'D6'},{'D4'},{'D5'},{'D1'},{'D7'},{'R3'},{'R2'},{'R1'},&,1.0,&
{'D2'},{'D3'},{'D6'},{'D4'},{'D5'},{'D1'},{'D7'},{'R3'},{'R1'},{'R2'},&,1.0,&
{'D2'},{'D3'},{'D6'},{'D4'},{'D5'},{'R1'},{'D7'},{'D1'},{'R3'},{'R2'},&,1.0,&
{'D2'},{'D3'},{'D6'},{'D4'},{'D5'},{'R3'},{'D7'},{'D1'},{'R2'},{'R1'},&,1.0,&
{'D2'},{'D3'},{'D1'},{'D7'},{'D6'},{'D4'},{'D5'},{'R3'},{'R1'},{'R2'},&,1.0,&
{'D2'},{'D3'},{'D1'},{'D7'},{'D6'},{'D5'},{'R3'},{'D4'},{'R1'},{'R2'},&,1.0,&
{'D2'},{'D3'},{'D1'},{'D7'},{'D6'},{'D5'},{'D4'},{'R3'},{'R1'},{'R2'},&,1.0,&
{'D2'},{'D3'},{'D1'},{'D7'},{'D4'},{'D5'},{'R1'},{'R3'},{'D6'},{'R2'},&,1.0,&
{'D2'},{'D3'},{'D1'},{'D7'},{'D5'},{'D6'},{'R3'},{'D4'},{'R1'},{'R2'},&,1.0,&
{'D2'},{'D3'},{'D1'},{'D7'},{'D5'},{'D6'},{'D4'},{'R1'},{'R3'},{'R2'},&,1.0,&
{'D2'},{'D3'},{'D1'},{'D7'},{'D5'},{'D6'},{'D4'},{'R2'},{'R3'},{'R1'},&,1.0,&
{'D2'},{'D3'},{'D1'},{'D7'},{'D5'},{'D6'},{'D4'},{'R3'},{'R1'},{'R2'},&,1.0,&
{'D2'},{'D3'},{'D1'},{'D5'},{'D7'},{'D6'},{'D4'},{'R1'},{'R2'},{'R3'},&,1.0,&
{'D2'},{'D3'},{'D1'},{'D5'},{'D7'},{'D6'},{'D4'},{'R1'},{'R3'},{'R2'},&,1.0,&
{'D2'},{'D3'},{'D1'},{'D5'},{'D7'},{'D6'},{'D4'},{'R2'},{'R1'},{'R3'},&,2.0,&
{'D2'},{'D3'},{'D1'},{'D5'},{'D7'},{'D6'},{'D4'},{'R3'},{'R1'},{'R2'},&,1.0,&
{'D2'},{'D3'},{'D1'},{'D5'},{'D7'},{'D4'},{'R3'},{'D6'},{'R1'},{'R2'},&,1.0,&
{'D2'},{'D3'},{'D1'},{'D5'},{'D7'},{'D4'},{'D6'},{'R1'},{'R3'},{'R2'},&,1.0,&
{'D2'},{'D3'},{'D1'},{'D5'},{'D6'},{'D4'},{'D7'},{'R2'},{'R3'},{'R1'},&,2.0,&
{'D2'},{'D3'},{'D1'},{'D5'},{'D6'},{'D4'},{'D7'},{'R3'},{'R2'},{'R1'},&,1.0,&
{'D2'},{'D3'},{'D1'},{'D5'},{'D6'},{'D7'},{'R3'},{'D4'},{'R1'},{'R2'},&,1.0,&
{'D2'},{'D3'},{'D1'},{'D5'},{'D6'},{'D7'},{'D4'},{'R1'},{'R3'},{'R2'},&,1.0,&
{'D2'},{'D3'},{'D1'},{'D5'},{'D6'},{'D7'},{'D4'},{'R2'},{'R3'},{'R1'},&,2.0,&
{'D2'},{'D3'},{'D1'},{'D5'},{'D6'},{'D7'},{'D4'},{'R3'},{'R1'},{'R2'},&,3.0,&
{'D2'},{'D3'},{'D1'},{'D5'},{'D6'},{'R3'},{'D4'},{'D7'},{'R2'},{'R1'},&,1.0,&
{'D2'},{'D3'},{'D1'},{'D5'},{'D4'},{'D6'},{'D7'},{'R1'},{'R3'},{'R2'},&,1.0,&
{'D2'},{'D3'},{'D1'},{'D5'},{'D4'},{'D6'},{'D7'},{'R3'},{'R2'},{'R1'},&,1.0,&
{'D2'},{'D3'},{'D1'},{'D5'},{'D4'},{'D7'},{'D6'},{'R2'},{'R3'},{'R1'},&,1.0,&
{'D2'},{'D3'},{'D1'},{'D6'},{'D7'},{'D5'},{'R3'},{'R1'},{'R2'},{'D4'},&,1.0,&
{'D2'},{'D3'},{'D1'},{'D6'},{'D7'},{'D5'},{'D4'},{'R2'},{'R3'},{'R1'},&,1.0,&
{'D2'},{'D3'},{'D1'},{'D6'},{'D7'},{'D5'},{'D4'},{'R2'},{'R1'},{'R3'},&,2.0,&
{'D2'},{'D3'},{'D1'},{'D6'},{'D7'},{'D5'},{'D4'},{'R3'},{'R2'},{'R1'},&,1.0,&
{'D2'},{'D3'},{'D1'},{'D6'},{'D5'},{'D4'},{'D7'},{'R3'},{'R2'},{'R1'},&,2.0,&
{'D2'},{'D3'},{'D1'},{'D6'},{'D5'},{'D7'},{'D4'},{'R2'},{'R3'},{'R1'},&,1.0,&
{'D2'},{'D3'},{'D1'},{'D6'},{'D5'},{'D7'},{'D4'},{'R3'},{'R2'},{'R1'},&,1.0,&
{'D2'},{'D3'},{'D1'},{'D6'},{'R3'},{'D5'},{'R1'},{'D4'},{'R2'},{'D7'},&,1.0,&
{'D2'},{'D3'},{'D1'},{'D4'},{'D6'},{'D5'},{'D7'},{'R3'},{'R2'},{'R1'},&,1.0,&
{'D2'},{'D3'},{'D1'},{'D4'},{'D6'},{'R3'},{'D5'},{'R1'},{'D7'},{'R2'},&,1.0,&
{'D2'},{'D3'},{'D1'},{'D4'},{'D5'},{'D6'},{'D7'},{'R3'},{'R1'},{'R2'},&,1.0,&
{'D2'},{'D3'},{'D7'},{'D1'},{'D6'},{'D4'},{'D5'},{'R3'},{'R2'},{'R1'},&,1.0,&
{'D2'},{'D3'},{'D7'},{'D1'},{'D6'},{'D5'},{'D4'},{'R2'},{'R3'},{'R1'},&,1.0,&
{'D2'},{'D3'},{'D7'},{'D1'},{'D5'},{'D4'},{'D6'},{'R1'},{'R3'},{'R2'},&,1.0,&
{'D2'},{'D3'},{'D7'},{'D1'},{'D5'},{'D4'},{'D6'},{'R2'},{'R3'},{'R1'},&,1.0,&
{'D2'},{'D3'},{'D7'},{'D5'},{'D1'},{'D6'},{'D4'},{'R3'},{'R1'},{'R2'},&,2.0,&
{'D2'},{'D3'},{'D7'},{'D5'},{'D1'},{'D6'},{'R2'},{'D4'},{'R1'},{'R3'},&,1.0,&
{'D2'},{'D3'},{'D7'},{'D5'},{'D1'},{'D4'},{'D6'},{'R3'},{'R1'},{'R2'},&,1.0,&
{'D2'},{'D3'},{'D7'},{'D5'},{'D1'},{'R2'},{'D6'},{'D4'},{'R3'},{'R1'},&,1.0,&
{'D2'},{'D3'},{'D7'},{'D5'},{'D6'},{'D4'},{'D1'},{'R1'},{'R2'},{'R3'},&,1.0,&
{'D2'},{'D3'},{'D7'},{'D5'},{'D6'},{'D4'},{'D1'},{'R2'},{'R3'},{'R1'},&,2.0,&
{'D2'},{'D3'},{'D7'},{'D5'},{'D6'},{'D4'},{'D1'},{'R3'},{'R2'},{'R1'},&,2.0,&
{'D2'},{'D3'},{'D7'},{'D5'},{'D6'},{'D4'},{'D1'},{'R3'},{'R1'},{'R2'},&,3.0,&
{'D2'},{'D3'},{'D7'},{'D5'},{'D6'},{'D4'},{'R2'},{'D1'},{'R3'},{'R1'},&,2.0,&
{'D2'},{'D3'},{'D7'},{'D5'},{'D6'},{'D4'},{'R2'},{'D1'},{'R1'},{'R3'},&,1.0,&
{'D2'},{'D3'},{'D7'},{'D5'},{'D6'},{'D4'},{'R1'},{'D1'},{'R3'},{'R2'},&,2.0,&
{'D2'},{'D3'},{'D7'},{'D5'},{'D6'},{'D1'},{'D4'},{'R1'},{'R2'},{'R3'},&,1.0,&
{'D2'},{'D3'},{'D7'},{'D5'},{'D6'},{'D1'},{'D4'},{'R1'},{'R3'},{'R2'},&,1.0,&
{'D2'},{'D3'},{'D7'},{'D5'},{'D6'},{'D1'},{'D4'},{'R2'},{'R3'},{'R1'},&,3.0,&
{'D2'},{'D3'},{'D7'},{'D5'},{'D4'},{'D6'},{'R3'},{'R1'},{'D1'},{'R2'},&,1.0,&
{'D2'},{'D3'},{'D7'},{'D5'},{'D4'},{'D6'},{'R3'},{'R2'},{'R1'},{'D1'},&,1.0,&
{'D2'},{'D3'},{'D7'},{'D5'},{'D4'},{'D6'},{'D1'},{'R3'},{'R2'},{'R1'},&,1.0,&
{'D2'},{'D3'},{'D7'},{'D5'},{'D4'},{'D6'},{'D1'},{'R3'},{'R1'},{'R2'},&,2.0,&
{'D2'},{'D3'},{'D7'},{'D5'},{'D4'},{'D1'},{'R3'},{'R1'},{'D6'},{'R2'},&,1.0,&
{'D2'},{'D3'},{'D7'},{'D5'},{'D4'},{'D1'},{'D6'},{'R3'},{'R1'},{'R2'},&,1.0,&
{'D2'},{'D3'},{'D7'},{'D5'},{'R2'},{'D4'},{'D6'},{'R1'},{'D1'},{'R3'},&,1.0,&
{'D2'},{'D3'},{'D7'},{'D6'},{'D1'},{'D5'},{'D4'},{'R3'},{'R1'},{'R2'},&,1.0,&
{'D2'},{'D3'},{'D7'},{'D6'},{'D5'},{'D4'},{'D1'},{'R1'},{'R2'},{'R3'},&,1.0,&
{'D2'},{'D3'},{'D7'},{'D6'},{'D5'},{'D4'},{'D1'},{'R2'},{'R3'},{'R1'},&,1.0,&
{'D2'},{'D3'},{'D7'},{'D6'},{'D5'},{'D4'},{'D1'},{'R3'},{'R2'},{'R1'},&,2.0,&
{'D2'},{'D3'},{'D7'},{'D6'},{'D5'},{'D4'},{'D1'},{'R3'},{'R1'},{'R2'},&,3.0,&
{'D2'},{'D3'},{'D7'},{'D6'},{'D5'},{'D1'},{'R3'},{'D4'},{'R2'},{'R1'},&,1.0,&
{'D2'},{'D3'},{'D7'},{'D6'},{'D5'},{'D1'},{'D4'},{'R1'},{'R2'},{'R3'},&,1.0,&
{'D2'},{'D3'},{'D7'},{'D6'},{'D5'},{'D1'},{'D4'},{'R1'},{'R3'},{'R2'},&,1.0,&
{'D2'},{'D3'},{'D7'},{'D6'},{'D5'},{'D1'},{'D4'},{'R2'},{'R3'},{'R1'},&,1.0,&
{'D2'},{'D3'},{'D7'},{'D6'},{'D5'},{'D1'},{'D4'},{'R3'},{'R2'},{'R1'},&,3.0,&
{'D2'},{'D3'},{'D7'},{'D6'},{'D5'},{'D1'},{'D4'},{'R3'},{'R1'},{'R2'},&,2.0,&
{'D2'},{'D3'},{'D7'},{'D6'},{'D5'},{'R1'},{'D1'},{'D4'},{'R3'},{'R2'},&,1.0,&
{'D2'},{'D3'},{'D7'},{'D6'},{'D5'},{'R3'},{'D1'},{'D4'},{'R2'},{'R1'},&,1.0,&
{'D2'},{'D3'},{'D7'},{'D6'},{'R3'},{'D5'},{'D4'},{'D1'},{'R2'},{'R1'},&,2.0,&
{'D2'},{'D3'},{'D7'},{'D4'},{'D1'},{'D5'},{'R1'},{'R3'},{'D6'},{'R2'},&,1.0,&
{'D2'},{'D3'},{'D7'},{'D4'},{'D6'},{'D5'},{'D1'},{'R2'},{'R3'},{'R1'},&,1.0,&
{'D2'},{'D3'},{'D7'},{'D4'},{'D6'},{'D5'},{'D1'},{'R3'},{'R2'},{'R1'},&,1.0,&
{'D2'},{'D3'},{'D7'},{'D4'},{'D5'},{'D6'},{'D1'},{'R1'},{'R2'},{'R3'},&,2.0,&
{'D2'},{'D3'},{'D7'},{'D4'},{'D5'},{'D6'},{'D1'},{'R2'},{'R3'},{'R1'},&,1.0,&
{'D2'},{'D3'},{'D7'},{'D4'},{'D5'},{'D6'},{'D1'},{'R3'},{'R2'},{'R1'},&,1.0,&
{'D2'},{'D3'},{'D7'},{'D4'},{'D5'},{'D6'},{'R2'},{'D1'},{'R1'},{'R3'},&,1.0,&
{'D2'},{'D3'},{'D7'},{'D4'},{'D5'},{'D1'},{'R3'},{'D6'},{'R2'},{'R1'},&,1.0,&
{'D2'},{'D3'},{'D7'},{'D4'},{'D5'},{'D1'},{'D6'},{'R1'},{'R2'},{'R3'},&,1.0,&
{'D2'},{'D3'},{'D7'},{'D4'},{'D5'},{'D1'},{'D6'},{'R1'},{'R3'},{'R2'},&,1.0,&
{'D2'},{'D3'},{'D7'},{'D4'},{'D5'},{'D1'},{'D6'},{'R2'},{'R1'},{'R3'},&,1.0,&
{'D2'},{'D3'},{'D7'},{'D4'},{'R3'},{'D5'},{'D6'},{'D1'},{'R1'},{'R2'},&,1.0,&
{'D2'},{'D3'},{'R2'},{'D7'},{'D5'},{'D4'},{'D6'},{'D1'},{'R3'},{'R1'},&,1.0,&
{'D2'},{'D5'},{'D4'},{'D7'},{'D1'},{'D6'},{'D3'},{'R1'},{'R3'},{'R2'},&,1.0,&
{'D2'},{'D5'},{'D4'},{'D7'},{'D1'},{'D6'},{'D3'},{'R2'},{'R3'},{'R1'},&,1.0,&
{'D2'},{'D5'},{'D4'},{'D7'},{'D1'},{'D6'},{'D3'},{'R3'},{'R1'},{'R2'},&,2.0,&
{'D2'},{'D5'},{'D4'},{'D7'},{'D1'},{'D3'},{'D6'},{'R3'},{'R1'},{'R2'},&,1.0,&
{'D2'},{'D5'},{'D4'},{'D7'},{'D3'},{'D6'},{'R3'},{'D1'},{'R2'},{'R1'},&,2.0,&
{'D2'},{'D5'},{'D4'},{'D7'},{'D3'},{'D6'},{'D1'},{'R2'},{'R3'},{'R1'},&,1.0,&
{'D2'},{'D5'},{'D4'},{'D7'},{'D3'},{'D6'},{'D1'},{'R3'},{'R2'},{'R1'},&,1.0,&
{'D2'},{'D5'},{'D4'},{'D7'},{'D3'},{'D6'},{'R1'},{'D1'},{'R3'},{'R2'},&,2.0,&
{'D2'},{'D5'},{'D4'},{'D7'},{'D3'},{'D1'},{'D6'},{'R1'},{'R2'},{'R3'},&,1.0,&
{'D2'},{'D5'},{'D4'},{'D7'},{'D3'},{'D1'},{'D6'},{'R2'},{'R1'},{'R3'},&,1.0,&
{'D2'},{'D5'},{'D4'},{'D7'},{'D3'},{'D1'},{'D6'},{'R3'},{'R2'},{'R1'},&,1.0,&
{'D2'},{'D5'},{'D4'},{'D7'},{'D3'},{'D1'},{'R1'},{'D6'},{'R3'},{'R2'},&,1.0,&
{'D2'},{'D5'},{'D4'},{'D7'},{'D6'},{'D1'},{'R3'},{'R1'},{'D3'},{'R2'},&,1.0,&
{'D2'},{'D5'},{'D4'},{'D7'},{'D6'},{'D1'},{'D3'},{'R3'},{'R2'},{'R1'},&,1.0,&
{'D2'},{'D5'},{'D4'},{'D7'},{'D6'},{'D1'},{'R1'},{'R3'},{'D3'},{'R2'},&,1.0,&
{'D2'},{'D5'},{'D4'},{'D7'},{'D6'},{'D1'},{'R1'},{'D3'},{'R2'},{'R3'},&,1.0,&
{'D2'},{'D5'},{'D4'},{'D7'},{'D6'},{'D3'},{'R3'},{'R1'},{'D1'},{'R2'},&,1.0,&
{'D2'},{'D5'},{'D4'},{'D7'},{'D6'},{'D3'},{'D1'},{'R1'},{'R2'},{'R3'},&,2.0,&
{'D2'},{'D5'},{'D4'},{'D7'},{'D6'},{'D3'},{'D1'},{'R1'},{'R3'},{'R2'},&,2.0,&
{'D2'},{'D5'},{'D4'},{'D7'},{'D6'},{'D3'},{'D1'},{'R3'},{'R2'},{'R1'},&,2.0,&
{'D2'},{'D5'},{'D4'},{'D7'},{'D6'},{'D3'},{'D1'},{'R3'},{'R1'},{'R2'},&,1.0,&
{'D2'},{'D5'},{'D4'},{'D7'},{'D6'},{'D3'},{'R2'},{'R3'},{'R1'},{'D1'},&,1.0,&
{'D2'},{'D5'},{'D4'},{'D7'},{'D6'},{'D3'},{'R1'},{'R3'},{'D1'},{'R2'},&,1.0,&
{'D2'},{'D5'},{'D4'},{'D7'},{'D6'},{'D3'},{'R1'},{'D1'},{'R3'},{'R2'},&,1.0,&
{'D2'},{'D5'},{'D4'},{'D7'},{'D6'},{'R3'},{'D1'},{'D3'},{'R1'},{'R2'},&,1.0,&
{'D2'},{'D5'},{'D4'},{'D7'},{'R2'},{'D3'},{'D1'},{'R3'},{'D6'},{'R1'},&,1.0,&
{'D2'},{'D5'},{'D4'},{'D1'},{'D7'},{'D6'},{'D3'},{'R1'},{'R3'},{'R2'},&,1.0,&
{'D2'},{'D5'},{'D4'},{'D1'},{'D7'},{'D6'},{'D3'},{'R3'},{'R1'},{'R2'},&,1.0,&
{'D2'},{'D5'},{'D4'},{'D1'},{'D7'},{'D3'},{'D6'},{'R3'},{'R1'},{'R2'},&,1.0,&
{'D2'},{'D5'},{'D4'},{'D1'},{'D3'},{'D6'},{'D7'},{'R3'},{'R2'},{'R1'},&,1.0,&
{'D2'},{'D5'},{'D4'},{'D1'},{'D3'},{'D7'},{'D6'},{'R3'},{'R1'},{'R2'},&,1.0,&
{'D2'},{'D5'},{'D4'},{'D1'},{'D6'},{'D7'},{'D3'},{'R1'},{'R3'},{'R2'},&,1.0,&
{'D2'},{'D5'},{'D4'},{'D1'},{'D6'},{'D7'},{'D3'},{'R3'},{'R1'},{'R2'},&,1.0,&
{'D2'},{'D5'},{'D4'},{'D1'},{'D6'},{'D7'},{'R1'},{'D3'},{'R3'},{'R2'},&,2.0,&
{'D2'},{'D5'},{'D4'},{'D1'},{'D6'},{'D3'},{'D7'},{'R2'},{'R1'},{'R3'},&,1.0,&
{'D2'},{'D5'},{'D4'},{'D1'},{'D6'},{'D3'},{'D7'},{'R3'},{'R2'},{'R1'},&,1.0,&
{'D2'},{'D5'},{'D4'},{'D1'},{'D6'},{'D3'},{'D7'},{'R3'},{'R1'},{'R2'},&,1.0,&
{'D2'},{'D5'},{'D4'},{'D1'},{'D6'},{'R3'},{'D7'},{'D3'},{'R2'},{'R1'},&,1.0,&
{'D2'},{'D5'},{'D4'},{'D1'},{'R3'},{'D6'},{'D7'},{'R1'},{'D3'},{'R2'},&,1.0,&
{'D2'},{'D5'},{'D4'},{'D3'},{'D1'},{'D6'},{'R2'},{'D7'},{'R1'},{'R3'},&,1.0,&
{'D2'},{'D5'},{'D4'},{'D3'},{'D1'},{'D6'},{'D7'},{'R1'},{'R3'},{'R2'},&,3.0,&
{'D2'},{'D5'},{'D4'},{'D3'},{'D1'},{'D7'},{'D6'},{'R1'},{'R3'},{'R2'},&,1.0,&
{'D2'},{'D5'},{'D4'},{'D3'},{'D1'},{'D7'},{'D6'},{'R3'},{'R1'},{'R2'},&,2.0,&
{'D2'},{'D5'},{'D4'},{'D3'},{'D1'},{'R3'},{'D6'},{'D7'},{'R1'},{'R2'},&,1.0,&
{'D2'},{'D5'},{'D4'},{'D3'},{'D7'},{'D6'},{'D1'},{'R1'},{'R2'},{'R3'},&,1.0,&
{'D2'},{'D5'},{'D4'},{'D3'},{'D7'},{'D6'},{'D1'},{'R1'},{'R3'},{'R2'},&,1.0,&
{'D2'},{'D5'},{'D4'},{'D3'},{'D7'},{'D6'},{'D1'},{'R2'},{'R3'},{'R1'},&,1.0,&
{'D2'},{'D5'},{'D4'},{'D3'},{'D7'},{'D6'},{'D1'},{'R3'},{'R2'},{'R1'},&,2.0,&
{'D2'},{'D5'},{'D4'},{'D3'},{'D7'},{'D6'},{'D1'},{'R3'},{'R1'},{'R2'},&,1.0,&
{'D2'},{'D5'},{'D4'},{'D3'},{'D7'},{'D1'},{'D6'},{'R1'},{'R3'},{'R2'},&,1.0,&
{'D2'},{'D5'},{'D4'},{'D3'},{'D7'},{'D1'},{'D6'},{'R3'},{'R2'},{'R1'},&,1.0,&
{'D2'},{'D5'},{'D4'},{'D3'},{'D6'},{'D7'},{'R3'},{'D1'},{'R2'},{'R1'},&,1.0,&
{'D2'},{'D5'},{'D4'},{'D3'},{'D6'},{'D7'},{'R3'},{'D1'},{'R1'},{'R2'},&,1.0,&
{'D2'},{'D5'},{'D4'},{'D3'},{'D6'},{'D7'},{'D1'},{'R1'},{'R3'},{'R2'},&,2.0,&
{'D2'},{'D5'},{'D4'},{'D3'},{'D6'},{'D7'},{'D1'},{'R2'},{'R3'},{'R1'},&,3.0,&
{'D2'},{'D5'},{'D4'},{'D3'},{'D6'},{'D7'},{'D1'},{'R3'},{'R2'},{'R1'},&,2.0,&
{'D2'},{'D5'},{'D4'},{'D3'},{'D6'},{'D7'},{'D1'},{'R3'},{'R1'},{'R2'},&,2.0,&
{'D2'},{'D5'},{'D4'},{'D3'},{'D6'},{'D7'},{'R2'},{'R3'},{'D1'},{'R1'},&,1.0,&
{'D2'},{'D5'},{'D4'},{'D3'},{'D6'},{'D1'},{'R3'},{'D7'},{'R1'},{'R2'},&,1.0,&
{'D2'},{'D5'},{'D4'},{'D3'},{'D6'},{'D1'},{'D7'},{'R1'},{'R3'},{'R2'},&,3.0,&
{'D2'},{'D5'},{'D4'},{'D3'},{'D6'},{'D1'},{'D7'},{'R3'},{'R2'},{'R1'},&,4.0,&
{'D2'},{'D5'},{'D4'},{'D3'},{'D6'},{'D1'},{'D7'},{'R3'},{'R1'},{'R2'},&,2.0,&
{'D2'},{'D5'},{'D4'},{'D3'},{'D6'},{'D1'},{'R1'},{'D7'},{'R3'},{'R2'},&,1.0,&
{'D2'},{'D5'},{'D4'},{'D3'},{'D6'},{'R1'},{'D1'},{'D7'},{'R3'},{'R2'},&,3.0,&
{'D2'},{'D5'},{'D4'},{'D3'},{'D6'},{'R3'},{'D1'},{'D7'},{'R1'},{'R2'},&,1.0,&
{'D2'},{'D5'},{'D4'},{'D3'},{'R3'},{'D6'},{'D1'},{'D7'},{'R2'},{'R1'},&,1.0,&
{'D2'},{'D5'},{'D4'},{'R1'},{'D3'},{'D6'},{'R3'},{'D1'},{'D7'},{'R2'},&,1.0,&
{'D2'},{'D5'},{'D4'},{'D6'},{'D1'},{'D7'},{'D3'},{'R1'},{'R2'},{'R3'},&,1.0,&
{'D2'},{'D5'},{'D4'},{'D6'},{'D1'},{'D7'},{'D3'},{'R3'},{'R2'},{'R1'},&,1.0,&
{'D2'},{'D5'},{'D4'},{'D6'},{'D1'},{'D7'},{'D3'},{'R3'},{'R1'},{'R2'},&,3.0,&
{'D2'},{'D5'},{'D4'},{'D6'},{'D1'},{'D3'},{'R3'},{'D7'},{'R2'},{'R1'},&,1.0,&
{'D2'},{'D5'},{'D4'},{'D6'},{'D1'},{'D3'},{'D7'},{'R1'},{'R3'},{'R2'},&,1.0,&
{'D2'},{'D5'},{'D4'},{'D6'},{'D1'},{'D3'},{'D7'},{'R2'},{'R3'},{'R1'},&,1.0,&
{'D2'},{'D5'},{'D4'},{'D6'},{'D1'},{'D3'},{'D7'},{'R3'},{'R2'},{'R1'},&,1.0,&
{'D2'},{'D5'},{'D4'},{'D6'},{'D1'},{'D3'},{'D7'},{'R3'},{'R1'},{'R2'},&,2.0,&
{'D2'},{'D5'},{'D4'},{'D6'},{'D1'},{'D3'},{'R1'},{'D7'},{'R3'},{'R2'},&,1.0,&
{'D2'},{'D5'},{'D4'},{'D6'},{'D1'},{'R1'},{'D7'},{'D3'},{'R3'},{'R2'},&,1.0,&
{'D2'},{'D5'},{'D4'},{'D6'},{'D7'},{'D3'},{'R3'},{'D1'},{'R2'},{'R1'},&,1.0,&
{'D2'},{'D5'},{'D4'},{'D6'},{'D7'},{'D3'},{'D1'},{'R1'},{'R3'},{'R2'},&,2.0,&
{'D2'},{'D5'},{'D4'},{'D6'},{'D7'},{'D3'},{'D1'},{'R2'},{'R3'},{'R1'},&,1.0,&
{'D2'},{'D5'},{'D4'},{'D6'},{'D7'},{'D3'},{'D1'},{'R3'},{'R2'},{'R1'},&,1.0,&
{'D2'},{'D5'},{'D4'},{'D6'},{'D7'},{'D3'},{'D1'},{'R3'},{'R1'},{'R2'},&,3.0,&
{'D2'},{'D5'},{'D4'},{'D6'},{'D7'},{'D3'},{'R2'},{'D1'},{'R3'},{'R1'},&,2.0,&
{'D2'},{'D5'},{'D4'},{'D6'},{'D3'},{'D7'},{'R3'},{'R1'},{'D1'},{'R2'},&,1.0,&
{'D2'},{'D5'},{'D4'},{'D6'},{'D3'},{'D7'},{'R3'},{'R2'},{'R1'},{'D1'},&,2.0,&
{'D2'},{'D5'},{'D4'},{'D6'},{'D3'},{'D7'},{'R3'},{'D1'},{'R2'},{'R1'},&,1.0,&
{'D2'},{'D5'},{'D4'},{'D6'},{'D3'},{'D7'},{'D1'},{'R1'},{'R2'},{'R3'},&,1.0,&
{'D2'},{'D5'},{'D4'},{'D6'},{'D3'},{'D7'},{'D1'},{'R1'},{'R3'},{'R2'},&,1.0,&
{'D2'},{'D5'},{'D4'},{'D6'},{'D3'},{'D7'},{'D1'},{'R2'},{'R3'},{'R1'},&,1.0,&
{'D2'},{'D5'},{'D4'},{'D6'},{'D3'},{'D7'},{'D1'},{'R2'},{'R1'},{'R3'},&,1.0,&
{'D2'},{'D5'},{'D4'},{'D6'},{'D3'},{'D7'},{'D1'},{'R3'},{'R2'},{'R1'},&,3.0,&
{'D2'},{'D5'},{'D4'},{'D6'},{'D3'},{'D7'},{'D1'},{'R3'},{'R1'},{'R2'},&,3.0,&
{'D2'},{'D5'},{'D4'},{'D6'},{'D3'},{'D7'},{'R2'},{'D1'},{'R3'},{'R1'},&,1.0,&
{'D2'},{'D5'},{'D4'},{'D6'},{'D3'},{'D7'},{'R1'},{'D1'},{'R3'},{'R2'},&,1.0,&
{'D2'},{'D5'},{'D4'},{'D6'},{'D3'},{'D1'},{'R3'},{'D7'},{'R2'},{'R1'},&,1.0,&
{'D2'},{'D5'},{'D4'},{'D6'},{'D3'},{'D1'},{'D7'},{'R1'},{'R3'},{'R2'},&,3.0,&
{'D2'},{'D5'},{'D4'},{'D6'},{'D3'},{'D1'},{'D7'},{'R2'},{'R3'},{'R1'},&,1.0,&
{'D2'},{'D5'},{'D4'},{'D6'},{'D3'},{'D1'},{'D7'},{'R2'},{'R1'},{'R3'},&,1.0,&
{'D2'},{'D5'},{'D4'},{'D6'},{'D3'},{'D1'},{'D7'},{'R3'},{'R2'},{'R1'},&,1.0,&
{'D2'},{'D5'},{'D4'},{'D6'},{'D3'},{'R1'},{'D7'},{'D1'},{'R3'},{'R2'},&,1.0,&
{'D2'},{'D5'},{'D4'},{'D6'},{'R1'},{'D3'},{'D1'},{'R2'},{'D7'},{'R3'},&,1.0,&
{'D2'},{'D5'},{'D3'},{'D7'},{'D1'},{'D6'},{'D4'},{'R2'},{'R1'},{'R3'},&,1.0,&
{'D2'},{'D5'},{'D3'},{'D7'},{'D1'},{'D6'},{'D4'},{'R3'},{'R2'},{'R1'},&,2.0,&
{'D2'},{'D5'},{'D3'},{'D7'},{'D1'},{'D6'},{'D4'},{'R3'},{'R1'},{'R2'},&,4.0,&
{'D2'},{'D5'},{'D3'},{'D7'},{'D1'},{'D4'},{'R3'},{'D6'},{'R2'},{'R1'},&,1.0,&
{'D2'},{'D5'},{'D3'},{'D7'},{'D1'},{'D4'},{'R3'},{'D6'},{'R1'},{'R2'},&,1.0,&
{'D2'},{'D5'},{'D3'},{'D7'},{'D1'},{'D4'},{'D6'},{'R1'},{'R3'},{'R2'},&,2.0,&
{'D2'},{'D5'},{'D3'},{'D7'},{'D1'},{'D4'},{'D6'},{'R3'},{'R1'},{'R2'},&,1.0,&
{'D2'},{'D5'},{'D3'},{'D7'},{'D1'},{'R3'},{'D6'},{'R2'},{'D4'},{'R1'},&,1.0,&
{'D2'},{'D5'},{'D3'},{'D7'},{'D6'},{'D4'},{'R3'},{'R2'},{'D1'},{'R1'},&,1.0,&
{'D2'},{'D5'},{'D3'},{'D7'},{'D6'},{'D4'},{'D1'},{'R1'},{'R2'},{'R3'},&,1.0,&
{'D2'},{'D5'},{'D3'},{'D7'},{'D6'},{'D4'},{'D1'},{'R1'},{'R3'},{'R2'},&,2.0,&
{'D2'},{'D5'},{'D3'},{'D7'},{'D6'},{'D4'},{'D1'},{'R2'},{'R3'},{'R1'},&,1.0,&
{'D2'},{'D5'},{'D3'},{'D7'},{'D6'},{'D4'},{'D1'},{'R3'},{'R2'},{'R1'},&,5.0,&
{'D2'},{'D5'},{'D3'},{'D7'},{'D6'},{'D4'},{'D1'},{'R3'},{'R1'},{'R2'},&,4.0,&
{'D2'},{'D5'},{'D3'},{'D7'},{'D6'},{'D4'},{'R2'},{'D1'},{'R3'},{'R1'},&,1.0,&
{'D2'},{'D5'},{'D3'},{'D7'},{'D6'},{'D4'},{'R1'},{'R2'},{'D1'},{'R3'},&,1.0,&
{'D2'},{'D5'},{'D3'},{'D7'},{'D6'},{'D4'},{'R1'},{'D1'},{'R2'},{'R3'},&,1.0,&
{'D2'},{'D5'},{'D3'},{'D7'},{'D6'},{'D1'},{'R3'},{'D4'},{'R1'},{'R2'},&,2.0,&
{'D2'},{'D5'},{'D3'},{'D7'},{'D6'},{'D1'},{'D4'},{'R1'},{'R3'},{'R2'},&,1.0,&
{'D2'},{'D5'},{'D3'},{'D7'},{'D6'},{'D1'},{'D4'},{'R2'},{'R1'},{'R3'},&,1.0,&
{'D2'},{'D5'},{'D3'},{'D7'},{'D6'},{'D1'},{'D4'},{'R3'},{'R2'},{'R1'},&,2.0,&
{'D2'},{'D5'},{'D3'},{'D7'},{'D6'},{'D1'},{'D4'},{'R3'},{'R1'},{'R2'},&,2.0,&
{'D2'},{'D5'},{'D3'},{'D7'},{'D6'},{'D1'},{'R2'},{'R1'},{'D4'},{'R3'},&,1.0,&
{'D2'},{'D5'},{'D3'},{'D7'},{'D6'},{'D1'},{'R1'},{'R2'},{'D4'},{'R3'},&,1.0,&
{'D2'},{'D5'},{'D3'},{'D7'},{'D6'},{'D1'},{'R1'},{'D4'},{'R3'},{'R2'},&,1.0,&
{'D2'},{'D5'},{'D3'},{'D7'},{'D6'},{'R2'},{'D1'},{'D4'},{'R3'},{'R1'},&,1.0,&
{'D2'},{'D5'},{'D3'},{'D7'},{'D4'},{'D6'},{'D1'},{'R1'},{'R2'},{'R3'},&,1.0,&
{'D2'},{'D5'},{'D3'},{'D7'},{'D4'},{'D6'},{'D1'},{'R2'},{'R3'},{'R1'},&,2.0,&
{'D2'},{'D5'},{'D3'},{'D7'},{'D4'},{'D6'},{'D1'},{'R2'},{'R1'},{'R3'},&,1.0,&
{'D2'},{'D5'},{'D3'},{'D7'},{'D4'},{'D6'},{'D1'},{'R3'},{'R2'},{'R1'},&,3.0,&
{'D2'},{'D5'},{'D3'},{'D7'},{'D4'},{'D6'},{'D1'},{'R3'},{'R1'},{'R2'},&,1.0,&
{'D2'},{'D5'},{'D3'},{'D7'},{'D4'},{'D6'},{'R1'},{'R3'},{'R2'},{'D1'},&,1.0,&
{'D2'},{'D5'},{'D3'},{'D7'},{'D4'},{'D1'},{'R3'},{'D6'},{'R1'},{'R2'},&,1.0,&
{'D2'},{'D5'},{'D3'},{'D7'},{'D4'},{'D1'},{'D6'},{'R1'},{'R2'},{'R3'},&,1.0,&
{'D2'},{'D5'},{'D3'},{'D7'},{'D4'},{'D1'},{'D6'},{'R2'},{'R3'},{'R1'},&,1.0,&
{'D2'},{'D5'},{'D3'},{'D7'},{'D4'},{'D1'},{'D6'},{'R3'},{'R1'},{'R2'},&,1.0,&
{'D2'},{'D5'},{'D3'},{'D7'},{'R3'},{'D6'},{'D4'},{'D1'},{'R2'},{'R1'},&,1.0,&
{'D2'},{'D5'},{'D3'},{'D1'},{'D7'},{'D6'},{'D4'},{'R3'},{'R2'},{'R1'},&,2.0,&
{'D2'},{'D5'},{'D3'},{'D1'},{'D7'},{'D6'},{'D4'},{'R3'},{'R1'},{'R2'},&,2.0,&
{'D2'},{'D5'},{'D3'},{'D1'},{'D7'},{'D6'},{'R2'},{'D4'},{'R3'},{'R1'},&,1.0,&
{'D2'},{'D5'},{'D3'},{'D1'},{'D7'},{'D4'},{'R3'},{'D6'},{'R2'},{'R1'},&,1.0,&
{'D2'},{'D5'},{'D3'},{'D1'},{'D7'},{'D4'},{'D6'},{'R2'},{'R3'},{'R1'},&,1.0,&
{'D2'},{'D5'},{'D3'},{'D1'},{'D7'},{'D4'},{'D6'},{'R3'},{'R1'},{'R2'},&,1.0,&
{'D2'},{'D5'},{'D3'},{'D1'},{'D7'},{'R3'},{'D6'},{'R2'},{'R1'},{'D4'},&,1.0,&
{'D2'},{'D5'},{'D3'},{'D1'},{'D6'},{'D4'},{'R3'},{'D7'},{'R1'},{'R2'},&,2.0,&
{'D2'},{'D5'},{'D3'},{'D1'},{'D6'},{'D4'},{'D7'},{'R1'},{'R3'},{'R2'},&,2.0,&
{'D2'},{'D5'},{'D3'},{'D1'},{'D6'},{'D4'},{'D7'},{'R3'},{'R2'},{'R1'},&,2.0,&
{'D2'},{'D5'},{'D3'},{'D1'},{'D6'},{'D4'},{'D7'},{'R3'},{'R1'},{'R2'},&,3.0,&
{'D2'},{'D5'},{'D3'},{'D1'},{'D6'},{'D7'},{'R3'},{'D4'},{'R2'},{'R1'},&,2.0,&
{'D2'},{'D5'},{'D3'},{'D1'},{'D6'},{'D7'},{'R3'},{'D4'},{'R1'},{'R2'},&,1.0,&
{'D2'},{'D5'},{'D3'},{'D1'},{'D6'},{'D7'},{'D4'},{'R1'},{'R3'},{'R2'},&,1.0,&
{'D2'},{'D5'},{'D3'},{'D1'},{'D6'},{'D7'},{'D4'},{'R3'},{'R2'},{'R1'},&,3.0,&
{'D2'},{'D5'},{'D3'},{'D1'},{'D6'},{'D7'},{'D4'},{'R3'},{'R1'},{'R2'},&,1.0,&
{'D2'},{'D5'},{'D3'},{'D1'},{'D6'},{'D7'},{'R1'},{'R3'},{'D4'},{'R2'},&,1.0,&
{'D2'},{'D5'},{'D3'},{'D1'},{'D6'},{'R2'},{'D4'},{'D7'},{'R1'},{'R3'},&,1.0,&
{'D2'},{'D5'},{'D3'},{'D1'},{'D6'},{'R3'},{'D7'},{'D4'},{'R1'},{'R2'},&,1.0,&
{'D2'},{'D5'},{'D3'},{'D1'},{'D4'},{'D6'},{'R3'},{'R2'},{'D7'},{'R1'},&,1.0,&
{'D2'},{'D5'},{'D3'},{'D1'},{'D4'},{'D6'},{'R3'},{'D7'},{'R1'},{'R2'},&,1.0,&
{'D2'},{'D5'},{'D3'},{'D1'},{'D4'},{'D6'},{'D7'},{'R1'},{'R3'},{'R2'},&,1.0,&
{'D2'},{'D5'},{'D3'},{'D1'},{'D4'},{'D6'},{'D7'},{'R2'},{'R3'},{'R1'},&,1.0,&
{'D2'},{'D5'},{'D3'},{'D1'},{'D4'},{'D6'},{'D7'},{'R3'},{'R2'},{'R1'},&,1.0,&
{'D2'},{'D5'},{'D3'},{'D1'},{'D4'},{'D6'},{'D7'},{'R3'},{'R1'},{'R2'},&,2.0,&
{'D2'},{'D5'},{'D3'},{'D1'},{'D4'},{'D7'},{'R3'},{'D6'},{'R2'},{'R1'},&,1.0,&
{'D2'},{'D5'},{'D3'},{'D1'},{'D4'},{'D7'},{'D6'},{'R1'},{'R3'},{'R2'},&,2.0,&
{'D2'},{'D5'},{'D3'},{'D1'},{'D4'},{'D7'},{'D6'},{'R2'},{'R3'},{'R1'},&,1.0,&
{'D2'},{'D5'},{'D3'},{'D6'},{'D1'},{'D4'},{'R3'},{'R2'},{'D7'},{'R1'},&,1.0,&
{'D2'},{'D5'},{'D3'},{'D6'},{'D1'},{'D4'},{'R3'},{'D7'},{'R1'},{'R2'},&,1.0,&
{'D2'},{'D5'},{'D3'},{'D6'},{'D1'},{'D4'},{'R2'},{'D7'},{'R3'},{'R1'},&,2.0,&
{'D2'},{'D5'},{'D3'},{'D6'},{'D1'},{'D4'},{'D7'},{'R1'},{'R3'},{'R2'},&,3.0,&
{'D2'},{'D5'},{'D3'},{'D6'},{'D1'},{'D4'},{'D7'},{'R2'},{'R3'},{'R1'},&,3.0,&
{'D2'},{'D5'},{'D3'},{'D6'},{'D1'},{'D4'},{'D7'},{'R3'},{'R2'},{'R1'},&,5.0,&
{'D2'},{'D5'},{'D3'},{'D6'},{'D1'},{'D4'},{'D7'},{'R3'},{'R1'},{'R2'},&,2.0,&
{'D2'},{'D5'},{'D3'},{'D6'},{'D1'},{'D4'},{'R1'},{'D7'},{'R3'},{'R2'},&,1.0,&
{'D2'},{'D5'},{'D3'},{'D6'},{'D1'},{'D7'},{'R3'},{'D4'},{'R2'},{'R1'},&,1.0,&
{'D2'},{'D5'},{'D3'},{'D6'},{'D1'},{'D7'},{'D4'},{'R1'},{'R3'},{'R2'},&,3.0,&
{'D2'},{'D5'},{'D3'},{'D6'},{'D1'},{'D7'},{'D4'},{'R3'},{'R1'},{'R2'},&,6.0,&
{'D2'},{'D5'},{'D3'},{'D6'},{'D1'},{'R1'},{'D7'},{'D4'},{'R3'},{'R2'},&,1.0,&
{'D2'},{'D5'},{'D3'},{'D6'},{'D1'},{'R3'},{'D7'},{'D4'},{'R2'},{'R1'},&,1.0,&
{'D2'},{'D5'},{'D3'},{'D6'},{'D7'},{'D4'},{'R3'},{'R2'},{'D1'},{'R1'},&,2.0,&
{'D2'},{'D5'},{'D3'},{'D6'},{'D7'},{'D4'},{'R3'},{'D1'},{'R2'},{'R1'},&,2.0,&
{'D2'},{'D5'},{'D3'},{'D6'},{'D7'},{'D4'},{'R3'},{'D1'},{'R1'},{'R2'},&,2.0,&
{'D2'},{'D5'},{'D3'},{'D6'},{'D7'},{'D4'},{'D1'},{'R1'},{'R3'},{'R2'},&,7.0,&
{'D2'},{'D5'},{'D3'},{'D6'},{'D7'},{'D4'},{'D1'},{'R2'},{'R3'},{'R1'},&,3.0,&
{'D2'},{'D5'},{'D3'},{'D6'},{'D7'},{'D4'},{'D1'},{'R2'},{'R1'},{'R3'},&,1.0,&
{'D2'},{'D5'},{'D3'},{'D6'},{'D7'},{'D4'},{'D1'},{'R3'},{'R2'},{'R1'},&,9.0,&
{'D2'},{'D5'},{'D3'},{'D6'},{'D7'},{'D4'},{'D1'},{'R3'},{'R1'},{'R2'},&,5.0,&
{'D2'},{'D5'},{'D3'},{'D6'},{'D7'},{'D4'},{'R2'},{'D1'},{'R3'},{'R1'},&,2.0,&
{'D2'},{'D5'},{'D3'},{'D6'},{'D7'},{'D1'},{'R3'},{'R1'},{'D4'},{'R2'},&,1.0,&
{'D2'},{'D5'},{'D3'},{'D6'},{'D7'},{'D1'},{'D4'},{'R1'},{'R3'},{'R2'},&,5.0,&
{'D2'},{'D5'},{'D3'},{'D6'},{'D7'},{'D1'},{'D4'},{'R2'},{'R3'},{'R1'},&,1.0,&
{'D2'},{'D5'},{'D3'},{'D6'},{'D7'},{'D1'},{'D4'},{'R2'},{'R1'},{'R3'},&,1.0,&
{'D2'},{'D5'},{'D3'},{'D6'},{'D7'},{'D1'},{'D4'},{'R3'},{'R2'},{'R1'},&,4.0,&
{'D2'},{'D5'},{'D3'},{'D6'},{'D7'},{'D1'},{'D4'},{'R3'},{'R1'},{'R2'},&,10.0,&
{'D2'},{'D5'},{'D3'},{'D6'},{'D7'},{'D1'},{'R2'},{'D4'},{'R3'},{'R1'},&,1.0,&
{'D2'},{'D5'},{'D3'},{'D6'},{'D7'},{'D1'},{'R1'},{'R3'},{'D4'},{'R2'},&,1.0,&
{'D2'},{'D5'},{'D3'},{'D6'},{'D7'},{'D1'},{'R1'},{'D4'},{'R2'},{'R3'},&,1.0,&
{'D2'},{'D5'},{'D3'},{'D6'},{'D7'},{'R1'},{'D4'},{'D1'},{'R2'},{'R3'},&,1.0,&
{'D2'},{'D5'},{'D3'},{'D6'},{'D7'},{'R3'},{'R1'},{'D1'},{'D4'},{'R2'},&,1.0,&
{'D2'},{'D5'},{'D3'},{'D6'},{'D4'},{'D7'},{'R3'},{'R2'},{'D1'},{'R1'},&,1.0,&
{'D2'},{'D5'},{'D3'},{'D6'},{'D4'},{'D7'},{'R3'},{'D1'},{'R2'},{'R1'},&,4.0,&
{'D2'},{'D5'},{'D3'},{'D6'},{'D4'},{'D7'},{'R3'},{'D1'},{'R1'},{'R2'},&,5.0,&
{'D2'},{'D5'},{'D3'},{'D6'},{'D4'},{'D7'},{'D1'},{'R1'},{'R2'},{'R3'},&,1.0,&
{'D2'},{'D5'},{'D3'},{'D6'},{'D4'},{'D7'},{'D1'},{'R1'},{'R3'},{'R2'},&,1.0,&
{'D2'},{'D5'},{'D3'},{'D6'},{'D4'},{'D7'},{'D1'},{'R2'},{'R3'},{'R1'},&,2.0,&
{'D2'},{'D5'},{'D3'},{'D6'},{'D4'},{'D7'},{'D1'},{'R2'},{'R1'},{'R3'},&,4.0,&
{'D2'},{'D5'},{'D3'},{'D6'},{'D4'},{'D7'},{'D1'},{'R3'},{'R2'},{'R1'},&,4.0,&
{'D2'},{'D5'},{'D3'},{'D6'},{'D4'},{'D7'},{'D1'},{'R3'},{'R1'},{'R2'},&,11.0,&
{'D2'},{'D5'},{'D3'},{'D6'},{'D4'},{'D7'},{'R1'},{'R3'},{'D1'},{'R2'},&,1.0,&
{'D2'},{'D5'},{'D3'},{'D6'},{'D4'},{'D7'},{'R1'},{'D1'},{'R3'},{'R2'},&,1.0,&
{'D2'},{'D5'},{'D3'},{'D6'},{'D4'},{'D1'},{'R3'},{'D7'},{'R2'},{'R1'},&,1.0,&
{'D2'},{'D5'},{'D3'},{'D6'},{'D4'},{'D1'},{'R3'},{'D7'},{'R1'},{'R2'},&,2.0,&
{'D2'},{'D5'},{'D3'},{'D6'},{'D4'},{'D1'},{'D7'},{'R1'},{'R2'},{'R3'},&,1.0,&
{'D2'},{'D5'},{'D3'},{'D6'},{'D4'},{'D1'},{'D7'},{'R2'},{'R3'},{'R1'},&,1.0,&
{'D2'},{'D5'},{'D3'},{'D6'},{'D4'},{'D1'},{'D7'},{'R2'},{'R1'},{'R3'},&,2.0,&
{'D2'},{'D5'},{'D3'},{'D6'},{'D4'},{'D1'},{'D7'},{'R3'},{'R2'},{'R1'},&,3.0,&
{'D2'},{'D5'},{'D3'},{'D6'},{'D4'},{'D1'},{'D7'},{'R3'},{'R1'},{'R2'},&,9.0,&
{'D2'},{'D5'},{'D3'},{'D6'},{'D4'},{'D1'},{'R1'},{'D7'},{'R3'},{'R2'},&,2.0,&
{'D2'},{'D5'},{'D3'},{'D6'},{'D4'},{'R2'},{'D7'},{'D1'},{'R3'},{'R1'},&,1.0,&
{'D2'},{'D5'},{'D3'},{'D6'},{'D4'},{'R3'},{'D1'},{'R1'},{'D7'},{'R2'},&,1.0,&
{'D2'},{'D5'},{'D3'},{'D6'},{'D4'},{'R3'},{'D7'},{'D1'},{'R2'},{'R1'},&,1.0,&
{'D2'},{'D5'},{'D3'},{'D6'},{'D4'},{'R3'},{'R1'},{'D7'},{'R2'},{'D1'},&,1.0,&
{'D2'},{'D5'},{'D3'},{'D6'},{'R3'},{'D4'},{'D1'},{'D7'},{'R2'},{'R1'},&,1.0,&
{'D2'},{'D5'},{'D3'},{'D4'},{'D1'},{'D6'},{'R3'},{'D7'},{'R2'},{'R1'},&,1.0,&
{'D2'},{'D5'},{'D3'},{'D4'},{'D1'},{'D6'},{'D7'},{'R3'},{'R1'},{'R2'},&,3.0,&
{'D2'},{'D5'},{'D3'},{'D4'},{'D1'},{'D7'},{'R3'},{'R2'},{'R1'},{'D6'},&,1.0,&
{'D2'},{'D5'},{'D3'},{'D4'},{'D1'},{'D7'},{'D6'},{'R3'},{'R2'},{'R1'},&,1.0,&
{'D2'},{'D5'},{'D3'},{'D4'},{'D7'},{'D6'},{'R3'},{'D1'},{'R1'},{'R2'},&,2.0,&
{'D2'},{'D5'},{'D3'},{'D4'},{'D7'},{'D6'},{'D1'},{'R1'},{'R2'},{'R3'},&,1.0,&
{'D2'},{'D5'},{'D3'},{'D4'},{'D7'},{'D6'},{'D1'},{'R1'},{'R3'},{'R2'},&,2.0,&
{'D2'},{'D5'},{'D3'},{'D4'},{'D7'},{'D6'},{'D1'},{'R2'},{'R3'},{'R1'},&,2.0,&
{'D2'},{'D5'},{'D3'},{'D4'},{'D7'},{'D6'},{'D1'},{'R2'},{'R1'},{'R3'},&,1.0,&
{'D2'},{'D5'},{'D3'},{'D4'},{'D7'},{'D6'},{'D1'},{'R3'},{'R2'},{'R1'},&,1.0,&
{'D2'},{'D5'},{'D3'},{'D4'},{'D7'},{'D6'},{'D1'},{'R3'},{'R1'},{'R2'},&,3.0,&
{'D2'},{'D5'},{'D3'},{'D4'},{'D7'},{'D1'},{'D6'},{'R1'},{'R3'},{'R2'},&,1.0,&
{'D2'},{'D5'},{'D3'},{'D4'},{'D6'},{'D7'},{'R3'},{'R1'},{'D1'},{'R2'},&,1.0,&
{'D2'},{'D5'},{'D3'},{'D4'},{'D6'},{'D7'},{'R3'},{'D1'},{'R2'},{'R1'},&,1.0,&
{'D2'},{'D5'},{'D3'},{'D4'},{'D6'},{'D7'},{'D1'},{'R1'},{'R2'},{'R3'},&,2.0,&
{'D2'},{'D5'},{'D3'},{'D4'},{'D6'},{'D7'},{'D1'},{'R1'},{'R3'},{'R2'},&,1.0,&
{'D2'},{'D5'},{'D3'},{'D4'},{'D6'},{'D7'},{'D1'},{'R2'},{'R3'},{'R1'},&,2.0,&
{'D2'},{'D5'},{'D3'},{'D4'},{'D6'},{'D7'},{'D1'},{'R3'},{'R2'},{'R1'},&,1.0,&
{'D2'},{'D5'},{'D3'},{'D4'},{'D6'},{'D7'},{'D1'},{'R3'},{'R1'},{'R2'},&,7.0,&
{'D2'},{'D5'},{'D3'},{'D4'},{'D6'},{'D7'},{'R1'},{'D1'},{'R3'},{'R2'},&,1.0,&
{'D2'},{'D5'},{'D3'},{'D4'},{'D6'},{'D1'},{'R3'},{'D7'},{'R2'},{'R1'},&,1.0,&
{'D2'},{'D5'},{'D3'},{'D4'},{'D6'},{'D1'},{'R3'},{'D7'},{'R1'},{'R2'},&,1.0,&
{'D2'},{'D5'},{'D3'},{'D4'},{'D6'},{'D1'},{'D7'},{'R1'},{'R3'},{'R2'},&,3.0,&
{'D2'},{'D5'},{'D3'},{'D4'},{'D6'},{'D1'},{'D7'},{'R2'},{'R3'},{'R1'},&,2.0,&
{'D2'},{'D5'},{'D3'},{'D4'},{'D6'},{'D1'},{'D7'},{'R3'},{'R2'},{'R1'},&,4.0,&
{'D2'},{'D5'},{'D3'},{'D4'},{'D6'},{'D1'},{'D7'},{'R3'},{'R1'},{'R2'},&,1.0,&
{'D2'},{'D5'},{'D3'},{'D4'},{'D6'},{'D1'},{'R1'},{'D7'},{'R3'},{'R2'},&,1.0,&
{'D2'},{'D5'},{'D3'},{'D4'},{'D6'},{'R1'},{'D7'},{'D1'},{'R3'},{'R2'},&,1.0,&
{'D2'},{'D5'},{'D3'},{'D4'},{'D6'},{'R3'},{'D7'},{'D1'},{'R2'},{'R1'},&,1.0,&
{'D2'},{'D5'},{'D3'},{'D4'},{'R3'},{'D6'},{'R1'},{'D7'},{'R2'},{'D1'},&,1.0,&
{'D2'},{'D5'},{'D6'},{'D7'},{'D1'},{'D4'},{'R3'},{'D3'},{'R1'},{'R2'},&,2.0,&
{'D2'},{'D5'},{'D6'},{'D7'},{'D1'},{'D4'},{'D3'},{'R1'},{'R2'},{'R3'},&,1.0,&
{'D2'},{'D5'},{'D6'},{'D7'},{'D1'},{'D4'},{'D3'},{'R3'},{'R1'},{'R2'},&,2.0,&
{'D2'},{'D5'},{'D6'},{'D7'},{'D1'},{'D3'},{'R3'},{'R2'},{'R1'},{'D4'},&,1.0,&
{'D2'},{'D5'},{'D6'},{'D7'},{'D1'},{'D3'},{'R3'},{'D4'},{'R2'},{'R1'},&,1.0,&
{'D2'},{'D5'},{'D6'},{'D7'},{'D1'},{'D3'},{'R3'},{'D4'},{'R1'},{'R2'},&,2.0,&
{'D2'},{'D5'},{'D6'},{'D7'},{'D1'},{'D3'},{'D4'},{'R1'},{'R2'},{'R3'},&,1.0,&
{'D2'},{'D5'},{'D6'},{'D7'},{'D1'},{'D3'},{'D4'},{'R2'},{'R3'},{'R1'},&,2.0,&
{'D2'},{'D5'},{'D6'},{'D7'},{'D1'},{'D3'},{'D4'},{'R3'},{'R2'},{'R1'},&,1.0,&
{'D2'},{'D5'},{'D6'},{'D7'},{'D1'},{'D3'},{'D4'},{'R3'},{'R1'},{'R2'},&,2.0,&
{'D2'},{'D5'},{'D6'},{'D7'},{'D3'},{'D4'},{'R3'},{'R1'},{'D1'},{'R2'},&,1.0,&
{'D2'},{'D5'},{'D6'},{'D7'},{'D3'},{'D4'},{'R3'},{'D1'},{'R2'},{'R1'},&,1.0,&
{'D2'},{'D5'},{'D6'},{'D7'},{'D3'},{'D4'},{'R3'},{'D1'},{'R1'},{'R2'},&,1.0,&
{'D2'},{'D5'},{'D6'},{'D7'},{'D3'},{'D4'},{'D1'},{'R2'},{'R3'},{'R1'},&,2.0,&
{'D2'},{'D5'},{'D6'},{'D7'},{'D3'},{'D4'},{'D1'},{'R2'},{'R1'},{'R3'},&,2.0,&
{'D2'},{'D5'},{'D6'},{'D7'},{'D3'},{'D4'},{'D1'},{'R3'},{'R2'},{'R1'},&,2.0,&
{'D2'},{'D5'},{'D6'},{'D7'},{'D3'},{'D4'},{'D1'},{'R3'},{'R1'},{'R2'},&,5.0,&
{'D2'},{'D5'},{'D6'},{'D7'},{'D3'},{'D4'},{'R2'},{'D1'},{'R1'},{'R3'},&,1.0,&
{'D2'},{'D5'},{'D6'},{'D7'},{'D3'},{'D4'},{'R1'},{'R3'},{'R2'},{'D1'},&,1.0,&
{'D2'},{'D5'},{'D6'},{'D7'},{'D3'},{'D1'},{'R3'},{'D4'},{'R1'},{'R2'},&,1.0,&
{'D2'},{'D5'},{'D6'},{'D7'},{'D3'},{'D1'},{'D4'},{'R1'},{'R2'},{'R3'},&,1.0,&
{'D2'},{'D5'},{'D6'},{'D7'},{'D3'},{'D1'},{'D4'},{'R1'},{'R3'},{'R2'},&,5.0,&
{'D2'},{'D5'},{'D6'},{'D7'},{'D3'},{'D1'},{'D4'},{'R2'},{'R3'},{'R1'},&,2.0,&
{'D2'},{'D5'},{'D6'},{'D7'},{'D3'},{'D1'},{'D4'},{'R3'},{'R2'},{'R1'},&,3.0,&
{'D2'},{'D5'},{'D6'},{'D7'},{'D3'},{'D1'},{'D4'},{'R3'},{'R1'},{'R2'},&,4.0,&
{'D2'},{'D5'},{'D6'},{'D7'},{'D3'},{'D1'},{'R2'},{'D4'},{'R1'},{'R3'},&,3.0,&
{'D2'},{'D5'},{'D6'},{'D7'},{'D3'},{'D1'},{'R1'},{'D4'},{'R2'},{'R3'},&,1.0,&
{'D2'},{'D5'},{'D6'},{'D7'},{'D3'},{'R2'},{'D1'},{'D4'},{'R1'},{'R3'},&,1.0,&
{'D2'},{'D5'},{'D6'},{'D7'},{'D3'},{'R3'},{'D4'},{'D1'},{'R2'},{'R1'},&,1.0,&
{'D2'},{'D5'},{'D6'},{'D7'},{'D4'},{'D1'},{'D3'},{'R1'},{'R2'},{'R3'},&,1.0,&
{'D2'},{'D5'},{'D6'},{'D7'},{'D4'},{'D1'},{'D3'},{'R1'},{'R3'},{'R2'},&,1.0,&
{'D2'},{'D5'},{'D6'},{'D7'},{'D4'},{'D1'},{'D3'},{'R2'},{'R3'},{'R1'},&,1.0,&
{'D2'},{'D5'},{'D6'},{'D7'},{'D4'},{'D1'},{'D3'},{'R3'},{'R2'},{'R1'},&,2.0,&
{'D2'},{'D5'},{'D6'},{'D7'},{'D4'},{'D1'},{'R1'},{'D3'},{'R2'},{'R3'},&,1.0,&
{'D2'},{'D5'},{'D6'},{'D7'},{'D4'},{'D1'},{'R1'},{'D3'},{'R3'},{'R2'},&,1.0,&
{'D2'},{'D5'},{'D6'},{'D7'},{'D4'},{'D3'},{'R3'},{'D1'},{'R1'},{'R2'},&,2.0,&
{'D2'},{'D5'},{'D6'},{'D7'},{'D4'},{'D3'},{'D1'},{'R1'},{'R2'},{'R3'},&,1.0,&
{'D2'},{'D5'},{'D6'},{'D7'},{'D4'},{'D3'},{'D1'},{'R1'},{'R3'},{'R2'},&,4.0,&
{'D2'},{'D5'},{'D6'},{'D7'},{'D4'},{'D3'},{'D1'},{'R2'},{'R3'},{'R1'},&,1.0,&
{'D2'},{'D5'},{'D6'},{'D7'},{'D4'},{'D3'},{'D1'},{'R2'},{'R1'},{'R3'},&,2.0,&
{'D2'},{'D5'},{'D6'},{'D7'},{'D4'},{'D3'},{'D1'},{'R3'},{'R1'},{'R2'},&,7.0,&
{'D2'},{'D5'},{'D6'},{'D7'},{'D4'},{'D3'},{'R1'},{'D1'},{'R3'},{'R2'},&,4.0,&
{'D2'},{'D5'},{'D6'},{'D7'},{'D4'},{'R3'},{'D1'},{'D3'},{'R1'},{'R2'},&,1.0,&
{'D2'},{'D5'},{'D6'},{'D1'},{'D7'},{'D4'},{'R3'},{'D3'},{'R1'},{'R2'},&,1.0,&
{'D2'},{'D5'},{'D6'},{'D1'},{'D7'},{'D4'},{'R2'},{'D3'},{'R1'},{'R3'},&,1.0,&
{'D2'},{'D5'},{'D6'},{'D1'},{'D7'},{'D4'},{'D3'},{'R3'},{'R1'},{'R2'},&,3.0,&
{'D2'},{'D5'},{'D6'},{'D1'},{'D7'},{'D3'},{'R3'},{'D4'},{'R2'},{'R1'},&,1.0,&
{'D2'},{'D5'},{'D6'},{'D1'},{'D7'},{'D3'},{'D4'},{'R1'},{'R2'},{'R3'},&,1.0,&
{'D2'},{'D5'},{'D6'},{'D1'},{'D7'},{'D3'},{'D4'},{'R1'},{'R3'},{'R2'},&,1.0,&
{'D2'},{'D5'},{'D6'},{'D1'},{'D7'},{'D3'},{'D4'},{'R2'},{'R3'},{'R1'},&,1.0,&
{'D2'},{'D5'},{'D6'},{'D1'},{'D7'},{'D3'},{'D4'},{'R2'},{'R1'},{'R3'},&,1.0,&
{'D2'},{'D5'},{'D6'},{'D1'},{'D7'},{'D3'},{'D4'},{'R3'},{'R1'},{'R2'},&,2.0,&
{'D2'},{'D5'},{'D6'},{'D1'},{'D7'},{'R1'},{'D3'},{'D4'},{'R2'},{'R3'},&,1.0,&
{'D2'},{'D5'},{'D6'},{'D1'},{'D7'},{'R3'},{'D4'},{'D3'},{'R1'},{'R2'},&,1.0,&
{'D2'},{'D5'},{'D6'},{'D1'},{'D3'},{'D4'},{'R3'},{'D7'},{'R2'},{'R1'},&,1.0,&
{'D2'},{'D5'},{'D6'},{'D1'},{'D3'},{'D4'},{'R3'},{'D7'},{'R1'},{'R2'},&,1.0,&
{'D2'},{'D5'},{'D6'},{'D1'},{'D3'},{'D4'},{'D7'},{'R1'},{'R3'},{'R2'},&,2.0,&
{'D2'},{'D5'},{'D6'},{'D1'},{'D3'},{'D4'},{'D7'},{'R2'},{'R3'},{'R1'},&,2.0,&
{'D2'},{'D5'},{'D6'},{'D1'},{'D3'},{'D4'},{'D7'},{'R3'},{'R2'},{'R1'},&,2.0,&
{'D2'},{'D5'},{'D6'},{'D1'},{'D3'},{'D4'},{'D7'},{'R3'},{'R1'},{'R2'},&,1.0,&
{'D2'},{'D5'},{'D6'},{'D1'},{'D3'},{'D7'},{'R3'},{'D4'},{'R2'},{'R1'},&,1.0,&
{'D2'},{'D5'},{'D6'},{'D1'},{'D3'},{'D7'},{'R3'},{'D4'},{'R1'},{'R2'},&,1.0,&
{'D2'},{'D5'},{'D6'},{'D1'},{'D3'},{'D7'},{'D4'},{'R1'},{'R2'},{'R3'},&,1.0,&
{'D2'},{'D5'},{'D6'},{'D1'},{'D3'},{'D7'},{'D4'},{'R1'},{'R3'},{'R2'},&,1.0,&
{'D2'},{'D5'},{'D6'},{'D1'},{'D3'},{'D7'},{'D4'},{'R2'},{'R1'},{'R3'},&,2.0,&
{'D2'},{'D5'},{'D6'},{'D1'},{'D3'},{'D7'},{'D4'},{'R3'},{'R2'},{'R1'},&,2.0,&
{'D2'},{'D5'},{'D6'},{'D1'},{'D3'},{'D7'},{'D4'},{'R3'},{'R1'},{'R2'},&,4.0,&
{'D2'},{'D5'},{'D6'},{'D1'},{'D3'},{'D7'},{'R2'},{'D4'},{'R3'},{'R1'},&,1.0,&
{'D2'},{'D5'},{'D6'},{'D1'},{'D3'},{'R3'},{'D4'},{'D7'},{'R1'},{'R2'},&,1.0,&
{'D2'},{'D5'},{'D6'},{'D1'},{'D3'},{'R3'},{'R2'},{'D4'},{'R1'},{'D7'},&,1.0,&
{'D2'},{'D5'},{'D6'},{'D1'},{'D4'},{'D7'},{'R3'},{'D3'},{'R1'},{'R2'},&,1.0,&
{'D2'},{'D5'},{'D6'},{'D1'},{'D4'},{'D7'},{'D3'},{'R2'},{'R1'},{'R3'},&,1.0,&
{'D2'},{'D5'},{'D6'},{'D1'},{'D4'},{'D3'},{'D7'},{'R1'},{'R3'},{'R2'},&,1.0,&
{'D2'},{'D5'},{'D6'},{'D1'},{'D4'},{'D3'},{'D7'},{'R2'},{'R3'},{'R1'},&,1.0,&
{'D2'},{'D5'},{'D6'},{'D1'},{'D4'},{'D3'},{'D7'},{'R2'},{'R1'},{'R3'},&,1.0,&
{'D2'},{'D5'},{'D6'},{'D1'},{'D4'},{'D3'},{'D7'},{'R3'},{'R2'},{'R1'},&,1.0,&
{'D2'},{'D5'},{'D6'},{'D1'},{'D4'},{'D3'},{'D7'},{'R3'},{'R1'},{'R2'},&,2.0,&
{'D2'},{'D5'},{'D6'},{'D3'},{'D1'},{'D4'},{'R3'},{'R2'},{'D7'},{'R1'},&,1.0,&
{'D2'},{'D5'},{'D6'},{'D3'},{'D1'},{'D4'},{'R3'},{'D7'},{'R2'},{'R1'},&,2.0,&
{'D2'},{'D5'},{'D6'},{'D3'},{'D1'},{'D4'},{'R3'},{'D7'},{'R1'},{'R2'},&,1.0,&
{'D2'},{'D5'},{'D6'},{'D3'},{'D1'},{'D4'},{'R2'},{'R3'},{'D7'},{'R1'},&,1.0,&
{'D2'},{'D5'},{'D6'},{'D3'},{'D1'},{'D4'},{'D7'},{'R1'},{'R2'},{'R3'},&,1.0,&
{'D2'},{'D5'},{'D6'},{'D3'},{'D1'},{'D4'},{'D7'},{'R1'},{'R3'},{'R2'},&,1.0,&
{'D2'},{'D5'},{'D6'},{'D3'},{'D1'},{'D4'},{'D7'},{'R2'},{'R3'},{'R1'},&,2.0,&
{'D2'},{'D5'},{'D6'},{'D3'},{'D1'},{'D4'},{'D7'},{'R2'},{'R1'},{'R3'},&,1.0,&
{'D2'},{'D5'},{'D6'},{'D3'},{'D1'},{'D4'},{'D7'},{'R3'},{'R1'},{'R2'},&,8.0,&
{'D2'},{'D5'},{'D6'},{'D3'},{'D1'},{'D4'},{'R1'},{'D7'},{'R3'},{'R2'},&,1.0,&
{'D2'},{'D5'},{'D6'},{'D3'},{'D1'},{'D7'},{'R3'},{'R1'},{'D4'},{'R2'},&,1.0,&
{'D2'},{'D5'},{'D6'},{'D3'},{'D1'},{'D7'},{'R3'},{'R2'},{'D4'},{'R1'},&,1.0,&
{'D2'},{'D5'},{'D6'},{'D3'},{'D1'},{'D7'},{'R3'},{'D4'},{'R2'},{'R1'},&,1.0,&
{'D2'},{'D5'},{'D6'},{'D3'},{'D1'},{'D7'},{'D4'},{'R1'},{'R2'},{'R3'},&,1.0,&
{'D2'},{'D5'},{'D6'},{'D3'},{'D1'},{'D7'},{'D4'},{'R1'},{'R3'},{'R2'},&,5.0,&
{'D2'},{'D5'},{'D6'},{'D3'},{'D1'},{'D7'},{'D4'},{'R2'},{'R3'},{'R1'},&,3.0,&
{'D2'},{'D5'},{'D6'},{'D3'},{'D1'},{'D7'},{'D4'},{'R2'},{'R1'},{'R3'},&,1.0,&
{'D2'},{'D5'},{'D6'},{'D3'},{'D1'},{'D7'},{'D4'},{'R3'},{'R2'},{'R1'},&,2.0,&
{'D2'},{'D5'},{'D6'},{'D3'},{'D1'},{'D7'},{'D4'},{'R3'},{'R1'},{'R2'},&,4.0,&
{'D2'},{'D5'},{'D6'},{'D3'},{'D1'},{'D7'},{'R2'},{'D4'},{'R3'},{'R1'},&,1.0,&
{'D2'},{'D5'},{'D6'},{'D3'},{'D1'},{'D7'},{'R1'},{'D4'},{'R3'},{'R2'},&,1.0,&
{'D2'},{'D5'},{'D6'},{'D3'},{'D1'},{'R3'},{'D4'},{'R1'},{'D7'},{'R2'},&,1.0,&
{'D2'},{'D5'},{'D6'},{'D3'},{'D1'},{'R3'},{'D7'},{'D4'},{'R1'},{'R2'},&,1.0,&
{'D2'},{'D5'},{'D6'},{'D3'},{'D7'},{'D4'},{'R3'},{'D1'},{'R2'},{'R1'},&,1.0,&
{'D2'},{'D5'},{'D6'},{'D3'},{'D7'},{'D4'},{'D1'},{'R1'},{'R3'},{'R2'},&,3.0,&
{'D2'},{'D5'},{'D6'},{'D3'},{'D7'},{'D4'},{'D1'},{'R2'},{'R3'},{'R1'},&,2.0,&
{'D2'},{'D5'},{'D6'},{'D3'},{'D7'},{'D4'},{'D1'},{'R2'},{'R1'},{'R3'},&,1.0,&
{'D2'},{'D5'},{'D6'},{'D3'},{'D7'},{'D4'},{'D1'},{'R3'},{'R2'},{'R1'},&,6.0,&
{'D2'},{'D5'},{'D6'},{'D3'},{'D7'},{'D4'},{'D1'},{'R3'},{'R1'},{'R2'},&,9.0,&
{'D2'},{'D5'},{'D6'},{'D3'},{'D7'},{'D4'},{'R1'},{'R3'},{'D1'},{'R2'},&,1.0,&
{'D2'},{'D5'},{'D6'},{'D3'},{'D7'},{'D1'},{'R3'},{'D4'},{'R1'},{'R2'},&,1.0,&
{'D2'},{'D5'},{'D6'},{'D3'},{'D7'},{'D1'},{'D4'},{'R1'},{'R2'},{'R3'},&,3.0,&
{'D2'},{'D5'},{'D6'},{'D3'},{'D7'},{'D1'},{'D4'},{'R1'},{'R3'},{'R2'},&,2.0,&
{'D2'},{'D5'},{'D6'},{'D3'},{'D7'},{'D1'},{'D4'},{'R2'},{'R3'},{'R1'},&,3.0,&
{'D2'},{'D5'},{'D6'},{'D3'},{'D7'},{'D1'},{'D4'},{'R3'},{'R2'},{'R1'},&,4.0,&
{'D2'},{'D5'},{'D6'},{'D3'},{'D7'},{'D1'},{'D4'},{'R3'},{'R1'},{'R2'},&,1.0,&
{'D2'},{'D5'},{'D6'},{'D3'},{'D7'},{'D1'},{'R1'},{'R2'},{'D4'},{'R3'},&,1.0,&
{'D2'},{'D5'},{'D6'},{'D3'},{'D7'},{'R2'},{'D4'},{'D1'},{'R3'},{'R1'},&,1.0,&
{'D2'},{'D5'},{'D6'},{'D3'},{'D7'},{'R3'},{'D1'},{'D4'},{'R2'},{'R1'},&,1.0,&
{'D2'},{'D5'},{'D6'},{'D3'},{'D7'},{'R3'},{'D4'},{'R2'},{'D1'},{'R1'},&,2.0,&
{'D2'},{'D5'},{'D6'},{'D3'},{'D7'},{'R3'},{'D4'},{'D1'},{'R1'},{'R2'},&,1.0,&
{'D2'},{'D5'},{'D6'},{'D3'},{'D4'},{'D7'},{'R3'},{'D1'},{'R2'},{'R1'},&,1.0,&
{'D2'},{'D5'},{'D6'},{'D3'},{'D4'},{'D7'},{'R3'},{'D1'},{'R1'},{'R2'},&,4.0,&
{'D2'},{'D5'},{'D6'},{'D3'},{'D4'},{'D7'},{'D1'},{'R1'},{'R3'},{'R2'},&,4.0,&
{'D2'},{'D5'},{'D6'},{'D3'},{'D4'},{'D7'},{'D1'},{'R2'},{'R3'},{'R1'},&,3.0,&
{'D2'},{'D5'},{'D6'},{'D3'},{'D4'},{'D7'},{'D1'},{'R3'},{'R2'},{'R1'},&,5.0,&
{'D2'},{'D5'},{'D6'},{'D3'},{'D4'},{'D7'},{'D1'},{'R3'},{'R1'},{'R2'},&,3.0,&
{'D2'},{'D5'},{'D6'},{'D3'},{'D4'},{'D7'},{'R2'},{'R3'},{'D1'},{'R1'},&,1.0,&
{'D2'},{'D5'},{'D6'},{'D3'},{'D4'},{'D7'},{'R2'},{'D1'},{'R3'},{'R1'},&,1.0,&
{'D2'},{'D5'},{'D6'},{'D3'},{'D4'},{'D7'},{'R1'},{'R3'},{'D1'},{'R2'},&,1.0,&
{'D2'},{'D5'},{'D6'},{'D3'},{'D4'},{'D1'},{'R3'},{'D7'},{'R2'},{'R1'},&,3.0,&
{'D2'},{'D5'},{'D6'},{'D3'},{'D4'},{'D1'},{'R3'},{'D7'},{'R1'},{'R2'},&,2.0,&
{'D2'},{'D5'},{'D6'},{'D3'},{'D4'},{'D1'},{'R2'},{'D7'},{'R3'},{'R1'},&,1.0,&
{'D2'},{'D5'},{'D6'},{'D3'},{'D4'},{'D1'},{'D7'},{'R1'},{'R3'},{'R2'},&,2.0,&
{'D2'},{'D5'},{'D6'},{'D3'},{'D4'},{'D1'},{'D7'},{'R2'},{'R3'},{'R1'},&,3.0,&
{'D2'},{'D5'},{'D6'},{'D3'},{'D4'},{'D1'},{'D7'},{'R2'},{'R1'},{'R3'},&,1.0,&
{'D2'},{'D5'},{'D6'},{'D3'},{'D4'},{'D1'},{'D7'},{'R3'},{'R2'},{'R1'},&,2.0,&
{'D2'},{'D5'},{'D6'},{'D3'},{'D4'},{'D1'},{'D7'},{'R3'},{'R1'},{'R2'},&,6.0,&
{'D2'},{'D5'},{'D6'},{'D3'},{'R3'},{'D7'},{'D1'},{'D4'},{'R1'},{'R2'},&,1.0,&
{'D2'},{'D5'},{'D6'},{'D3'},{'R3'},{'D7'},{'D4'},{'R1'},{'D1'},{'R2'},&,1.0,&
{'D2'},{'D5'},{'D6'},{'R1'},{'D4'},{'D3'},{'D7'},{'D1'},{'R2'},{'R3'},&,1.0,&
{'D2'},{'D5'},{'D6'},{'D4'},{'D1'},{'D7'},{'R2'},{'D3'},{'R3'},{'R1'},&,1.0,&
{'D2'},{'D5'},{'D6'},{'D4'},{'D1'},{'D7'},{'D3'},{'R3'},{'R2'},{'R1'},&,1.0,&
{'D2'},{'D5'},{'D6'},{'D4'},{'D1'},{'D7'},{'D3'},{'R3'},{'R1'},{'R2'},&,4.0,&
{'D2'},{'D5'},{'D6'},{'D4'},{'D1'},{'D3'},{'R3'},{'D7'},{'R2'},{'R1'},&,1.0,&
{'D2'},{'D5'},{'D6'},{'D4'},{'D1'},{'D3'},{'R3'},{'D7'},{'R1'},{'R2'},&,1.0,&
{'D2'},{'D5'},{'D6'},{'D4'},{'D1'},{'D3'},{'D7'},{'R1'},{'R3'},{'R2'},&,1.0,&
{'D2'},{'D5'},{'D6'},{'D4'},{'D1'},{'D3'},{'D7'},{'R2'},{'R3'},{'R1'},&,1.0,&
{'D2'},{'D5'},{'D6'},{'D4'},{'D1'},{'D3'},{'D7'},{'R2'},{'R1'},{'R3'},&,1.0,&
{'D2'},{'D5'},{'D6'},{'D4'},{'D1'},{'D3'},{'D7'},{'R3'},{'R2'},{'R1'},&,1.0,&
{'D2'},{'D5'},{'D6'},{'D4'},{'D1'},{'D3'},{'D7'},{'R3'},{'R1'},{'R2'},&,2.0,&
{'D2'},{'D5'},{'D6'},{'D4'},{'D1'},{'R3'},{'D7'},{'D3'},{'R2'},{'R1'},&,1.0,&
{'D2'},{'D5'},{'D6'},{'D4'},{'D7'},{'D1'},{'R2'},{'D3'},{'R3'},{'R1'},&,1.0,&
{'D2'},{'D5'},{'D6'},{'D4'},{'D7'},{'D1'},{'D3'},{'R2'},{'R3'},{'R1'},&,1.0,&
{'D2'},{'D5'},{'D6'},{'D4'},{'D7'},{'D1'},{'D3'},{'R2'},{'R1'},{'R3'},&,1.0,&
{'D2'},{'D5'},{'D6'},{'D4'},{'D7'},{'D1'},{'D3'},{'R3'},{'R1'},{'R2'},&,1.0,&
{'D2'},{'D5'},{'D6'},{'D4'},{'D7'},{'D3'},{'R3'},{'R1'},{'R2'},{'D1'},&,1.0,&
{'D2'},{'D5'},{'D6'},{'D4'},{'D7'},{'D3'},{'R3'},{'D1'},{'R2'},{'R1'},&,2.0,&
{'D2'},{'D5'},{'D6'},{'D4'},{'D7'},{'D3'},{'R3'},{'D1'},{'R1'},{'R2'},&,1.0,&
{'D2'},{'D5'},{'D6'},{'D4'},{'D7'},{'D3'},{'D1'},{'R1'},{'R3'},{'R2'},&,1.0,&
{'D2'},{'D5'},{'D6'},{'D4'},{'D7'},{'D3'},{'D1'},{'R2'},{'R3'},{'R1'},&,1.0,&
{'D2'},{'D5'},{'D6'},{'D4'},{'D7'},{'D3'},{'D1'},{'R3'},{'R2'},{'R1'},&,2.0,&
{'D2'},{'D5'},{'D6'},{'D4'},{'D7'},{'D3'},{'D1'},{'R3'},{'R1'},{'R2'},&,3.0,&
{'D2'},{'D5'},{'D6'},{'D4'},{'D7'},{'R3'},{'R2'},{'D3'},{'D1'},{'R1'},&,1.0,&
{'D2'},{'D5'},{'D6'},{'D4'},{'D3'},{'D7'},{'R3'},{'R1'},{'D1'},{'R2'},&,1.0,&
{'D2'},{'D5'},{'D6'},{'D4'},{'D3'},{'D7'},{'R3'},{'R2'},{'D1'},{'R1'},&,1.0,&
{'D2'},{'D5'},{'D6'},{'D4'},{'D3'},{'D7'},{'R3'},{'D1'},{'R2'},{'R1'},&,2.0,&
{'D2'},{'D5'},{'D6'},{'D4'},{'D3'},{'D7'},{'R3'},{'D1'},{'R1'},{'R2'},&,1.0,&
{'D2'},{'D5'},{'D6'},{'D4'},{'D3'},{'D7'},{'D1'},{'R1'},{'R3'},{'R2'},&,3.0,&
{'D2'},{'D5'},{'D6'},{'D4'},{'D3'},{'D7'},{'D1'},{'R2'},{'R3'},{'R1'},&,1.0,&
{'D2'},{'D5'},{'D6'},{'D4'},{'D3'},{'D7'},{'D1'},{'R3'},{'R2'},{'R1'},&,3.0,&
{'D2'},{'D5'},{'D6'},{'D4'},{'D3'},{'D7'},{'D1'},{'R3'},{'R1'},{'R2'},&,7.0,&
{'D2'},{'D5'},{'D6'},{'D4'},{'D3'},{'D7'},{'R1'},{'D1'},{'R3'},{'R2'},&,1.0,&
{'D2'},{'D5'},{'D6'},{'D4'},{'D3'},{'D1'},{'R3'},{'D7'},{'R1'},{'R2'},&,1.0,&
{'D2'},{'D5'},{'D6'},{'D4'},{'D3'},{'D1'},{'D7'},{'R1'},{'R3'},{'R2'},&,2.0,&
{'D2'},{'D5'},{'D6'},{'D4'},{'D3'},{'D1'},{'D7'},{'R2'},{'R3'},{'R1'},&,2.0,&
{'D2'},{'D5'},{'D6'},{'D4'},{'D3'},{'D1'},{'D7'},{'R3'},{'R2'},{'R1'},&,5.0,&
{'D2'},{'D5'},{'D6'},{'D4'},{'D3'},{'D1'},{'D7'},{'R3'},{'R1'},{'R2'},&,3.0,&
{'D2'},{'D5'},{'D6'},{'D4'},{'D3'},{'D1'},{'R1'},{'D7'},{'R2'},{'R3'},&,1.0,&
{'D2'},{'D5'},{'D6'},{'D4'},{'D3'},{'R1'},{'D1'},{'R3'},{'D7'},{'R2'},&,1.0,&
{'D2'},{'D5'},{'D6'},{'D4'},{'D3'},{'R1'},{'D7'},{'R3'},{'D1'},{'R2'},&,1.0,&
{'D2'},{'D5'},{'D6'},{'D4'},{'D3'},{'R3'},{'R2'},{'D1'},{'R1'},{'D7'},&,1.0,&
{'D2'},{'D5'},{'D6'},{'D4'},{'D3'},{'R3'},{'D7'},{'R2'},{'D1'},{'R1'},&,1.0,&
{'D2'},{'D5'},{'D6'},{'D4'},{'R3'},{'D3'},{'D1'},{'D7'},{'R1'},{'R2'},&,1.0,&
{'D2'},{'D5'},{'D6'},{'R2'},{'D3'},{'D7'},{'D4'},{'D1'},{'R1'},{'R3'},&,1.0,&
{'D2'},{'D5'},{'D1'},{'D7'},{'D3'},{'D6'},{'R3'},{'D4'},{'R2'},{'R1'},&,1.0,&
{'D2'},{'D5'},{'D1'},{'D7'},{'D3'},{'D6'},{'D4'},{'R3'},{'R1'},{'R2'},&,2.0,&
{'D2'},{'D5'},{'D1'},{'D7'},{'D3'},{'D4'},{'D6'},{'R1'},{'R3'},{'R2'},&,1.0,&
{'D2'},{'D5'},{'D1'},{'D7'},{'D3'},{'D4'},{'D6'},{'R3'},{'R2'},{'R1'},&,3.0,&
{'D2'},{'D5'},{'D1'},{'D7'},{'D6'},{'D4'},{'D3'},{'R1'},{'R2'},{'R3'},&,1.0,&
{'D2'},{'D5'},{'D1'},{'D7'},{'D6'},{'D4'},{'D3'},{'R3'},{'R2'},{'R1'},&,1.0,&
{'D2'},{'D5'},{'D1'},{'D7'},{'D6'},{'D3'},{'R3'},{'D4'},{'R1'},{'R2'},&,2.0,&
{'D2'},{'D5'},{'D1'},{'D7'},{'D6'},{'D3'},{'D4'},{'R1'},{'R3'},{'R2'},&,1.0,&
{'D2'},{'D5'},{'D1'},{'D7'},{'D6'},{'D3'},{'D4'},{'R3'},{'R1'},{'R2'},&,1.0,&
{'D2'},{'D5'},{'D1'},{'D7'},{'D4'},{'D6'},{'R2'},{'R1'},{'D3'},{'R3'},&,1.0,&
{'D2'},{'D5'},{'D1'},{'D7'},{'D4'},{'D3'},{'R3'},{'D6'},{'R1'},{'R2'},&,1.0,&
{'D2'},{'D5'},{'D1'},{'D7'},{'D4'},{'D3'},{'D6'},{'R3'},{'R2'},{'R1'},&,1.0,&
{'D2'},{'D5'},{'D1'},{'D3'},{'D7'},{'D6'},{'R3'},{'R2'},{'D4'},{'R1'},&,1.0,&
{'D2'},{'D5'},{'D1'},{'D3'},{'D7'},{'D6'},{'D4'},{'R1'},{'R3'},{'R2'},&,3.0,&
{'D2'},{'D5'},{'D1'},{'D3'},{'D7'},{'D6'},{'D4'},{'R2'},{'R3'},{'R1'},&,1.0,&
{'D2'},{'D5'},{'D1'},{'D3'},{'D7'},{'D6'},{'D4'},{'R3'},{'R2'},{'R1'},&,1.0,&
{'D2'},{'D5'},{'D1'},{'D3'},{'D7'},{'D6'},{'D4'},{'R3'},{'R1'},{'R2'},&,3.0,&
{'D2'},{'D5'},{'D1'},{'D3'},{'D7'},{'D4'},{'D6'},{'R2'},{'R1'},{'R3'},&,1.0,&
{'D2'},{'D5'},{'D1'},{'D3'},{'D7'},{'D4'},{'D6'},{'R3'},{'R2'},{'R1'},&,1.0,&
{'D2'},{'D5'},{'D1'},{'D3'},{'D7'},{'D4'},{'R1'},{'R3'},{'D6'},{'R2'},&,1.0,&
{'D2'},{'D5'},{'D1'},{'D3'},{'D6'},{'D4'},{'R3'},{'D7'},{'R2'},{'R1'},&,3.0,&
{'D2'},{'D5'},{'D1'},{'D3'},{'D6'},{'D4'},{'R2'},{'D7'},{'R3'},{'R1'},&,1.0,&
{'D2'},{'D5'},{'D1'},{'D3'},{'D6'},{'D4'},{'D7'},{'R3'},{'R1'},{'R2'},&,2.0,&
{'D2'},{'D5'},{'D1'},{'D3'},{'D6'},{'D4'},{'R1'},{'D7'},{'R3'},{'R2'},&,2.0,&
{'D2'},{'D5'},{'D1'},{'D3'},{'D6'},{'D7'},{'D4'},{'R3'},{'R2'},{'R1'},&,1.0,&
{'D2'},{'D5'},{'D1'},{'D3'},{'D6'},{'R2'},{'D7'},{'D4'},{'R3'},{'R1'},&,1.0,&
{'D2'},{'D5'},{'D1'},{'D3'},{'D6'},{'R1'},{'D7'},{'R3'},{'D4'},{'R2'},&,1.0,&
{'D2'},{'D5'},{'D1'},{'D3'},{'D6'},{'R3'},{'D7'},{'D4'},{'R1'},{'R2'},&,1.0,&
{'D2'},{'D5'},{'D1'},{'D3'},{'D4'},{'D6'},{'R3'},{'R1'},{'D7'},{'R2'},&,1.0,&
{'D2'},{'D5'},{'D1'},{'D3'},{'D4'},{'D6'},{'R3'},{'R2'},{'D7'},{'R1'},&,1.0,&
{'D2'},{'D5'},{'D1'},{'D3'},{'D4'},{'D6'},{'D7'},{'R1'},{'R3'},{'R2'},&,2.0,&
{'D2'},{'D5'},{'D1'},{'D3'},{'D4'},{'D6'},{'D7'},{'R3'},{'R2'},{'R1'},&,1.0,&
{'D2'},{'D5'},{'D1'},{'D3'},{'R3'},{'D4'},{'D6'},{'D7'},{'R2'},{'R1'},&,1.0,&
{'D2'},{'D5'},{'D1'},{'D6'},{'D7'},{'D4'},{'R3'},{'D3'},{'R2'},{'R1'},&,1.0,&
{'D2'},{'D5'},{'D1'},{'D6'},{'D7'},{'D4'},{'R3'},{'D3'},{'R1'},{'R2'},&,1.0,&
{'D2'},{'D5'},{'D1'},{'D6'},{'D7'},{'D4'},{'D3'},{'R3'},{'R2'},{'R1'},&,2.0,&
{'D2'},{'D5'},{'D1'},{'D6'},{'D7'},{'D3'},{'D4'},{'R3'},{'R1'},{'R2'},&,1.0,&
{'D2'},{'D5'},{'D1'},{'D6'},{'D3'},{'D4'},{'R3'},{'D7'},{'R2'},{'R1'},&,2.0,&
{'D2'},{'D5'},{'D1'},{'D6'},{'D3'},{'D4'},{'R3'},{'D7'},{'R1'},{'R2'},&,2.0,&
{'D2'},{'D5'},{'D1'},{'D6'},{'D3'},{'D4'},{'D7'},{'R3'},{'R2'},{'R1'},&,1.0,&
{'D2'},{'D5'},{'D1'},{'D6'},{'D3'},{'D4'},{'D7'},{'R3'},{'R1'},{'R2'},&,1.0,&
{'D2'},{'D5'},{'D1'},{'D6'},{'D3'},{'D7'},{'R3'},{'D4'},{'R1'},{'R2'},&,1.0,&
{'D2'},{'D5'},{'D1'},{'D6'},{'D3'},{'D7'},{'D4'},{'R1'},{'R3'},{'R2'},&,1.0,&
{'D2'},{'D5'},{'D1'},{'D6'},{'D3'},{'D7'},{'D4'},{'R3'},{'R2'},{'R1'},&,2.0,&
{'D2'},{'D5'},{'D1'},{'D6'},{'D3'},{'D7'},{'D4'},{'R3'},{'R1'},{'R2'},&,3.0,&
{'D2'},{'D5'},{'D1'},{'D6'},{'D3'},{'D7'},{'R2'},{'D4'},{'R3'},{'R1'},&,1.0,&
{'D2'},{'D5'},{'D1'},{'D6'},{'D4'},{'D7'},{'D3'},{'R3'},{'R1'},{'R2'},&,1.0,&
{'D2'},{'D5'},{'D1'},{'D6'},{'D4'},{'D3'},{'R3'},{'D7'},{'R2'},{'R1'},&,1.0,&
{'D2'},{'D5'},{'D1'},{'D6'},{'D4'},{'D3'},{'D7'},{'R1'},{'R3'},{'R2'},&,2.0,&
{'D2'},{'D5'},{'D1'},{'D6'},{'D4'},{'D3'},{'D7'},{'R2'},{'R3'},{'R1'},&,1.0,&
{'D2'},{'D5'},{'D1'},{'D6'},{'D4'},{'D3'},{'D7'},{'R2'},{'R1'},{'R3'},&,1.0,&
{'D2'},{'D5'},{'D1'},{'D6'},{'D4'},{'D3'},{'D7'},{'R3'},{'R1'},{'R2'},&,2.0,&
{'D2'},{'D5'},{'D1'},{'D6'},{'D4'},{'R1'},{'D3'},{'D7'},{'R3'},{'R2'},&,1.0,&
{'D2'},{'D5'},{'D1'},{'D4'},{'D7'},{'D6'},{'D3'},{'R3'},{'R1'},{'R2'},&,1.0,&
{'D2'},{'D5'},{'D1'},{'D4'},{'D7'},{'D3'},{'D6'},{'R3'},{'R2'},{'R1'},&,1.0,&
{'D2'},{'D5'},{'D1'},{'D4'},{'D3'},{'D6'},{'R3'},{'R1'},{'D7'},{'R2'},&,1.0,&
{'D2'},{'D5'},{'D1'},{'D4'},{'D3'},{'D6'},{'D7'},{'R2'},{'R1'},{'R3'},&,2.0,&
{'D2'},{'D5'},{'D1'},{'D4'},{'D3'},{'D6'},{'D7'},{'R3'},{'R2'},{'R1'},&,1.0,&
{'D2'},{'D5'},{'D1'},{'D4'},{'D3'},{'D6'},{'D7'},{'R3'},{'R1'},{'R2'},&,1.0,&
{'D2'},{'D5'},{'D1'},{'D4'},{'D3'},{'D6'},{'R1'},{'D7'},{'R3'},{'R2'},&,1.0,&
{'D2'},{'D5'},{'D1'},{'D4'},{'D3'},{'D7'},{'D6'},{'R3'},{'R1'},{'R2'},&,2.0,&
{'D2'},{'D5'},{'D1'},{'D4'},{'D6'},{'D7'},{'D3'},{'R3'},{'R2'},{'R1'},&,1.0,&
{'D2'},{'D5'},{'D1'},{'D4'},{'D6'},{'D3'},{'R3'},{'R1'},{'D7'},{'R2'},&,1.0,&
{'D2'},{'D5'},{'D1'},{'D4'},{'D6'},{'D3'},{'D7'},{'R1'},{'R2'},{'R3'},&,1.0,&
{'D2'},{'D5'},{'D1'},{'D4'},{'D6'},{'D3'},{'D7'},{'R2'},{'R1'},{'R3'},&,1.0,&
{'D2'},{'D5'},{'D1'},{'D4'},{'D6'},{'D3'},{'D7'},{'R3'},{'R1'},{'R2'},&,2.0,&
{'D2'},{'D5'},{'D1'},{'D4'},{'D6'},{'D3'},{'R1'},{'R3'},{'D7'},{'R2'},&,1.0,&
{'D2'},{'D5'},{'D7'},{'D1'},{'D3'},{'D6'},{'D4'},{'R2'},{'R3'},{'R1'},&,2.0,&
{'D2'},{'D5'},{'D7'},{'D1'},{'D3'},{'D4'},{'D6'},{'R2'},{'R1'},{'R3'},&,1.0,&
{'D2'},{'D5'},{'D7'},{'D1'},{'D3'},{'D4'},{'D6'},{'R3'},{'R1'},{'R2'},&,1.0,&
{'D2'},{'D5'},{'D7'},{'D1'},{'D3'},{'R1'},{'D6'},{'D4'},{'R2'},{'R3'},&,1.0,&
{'D2'},{'D5'},{'D7'},{'D1'},{'D6'},{'D4'},{'D3'},{'R2'},{'R1'},{'R3'},&,1.0,&
{'D2'},{'D5'},{'D7'},{'D1'},{'D6'},{'D4'},{'D3'},{'R3'},{'R2'},{'R1'},&,1.0,&
{'D2'},{'D5'},{'D7'},{'D1'},{'D6'},{'D4'},{'D3'},{'R3'},{'R1'},{'R2'},&,1.0,&
{'D2'},{'D5'},{'D7'},{'D1'},{'D6'},{'D4'},{'R1'},{'D3'},{'R2'},{'R3'},&,1.0,&
{'D2'},{'D5'},{'D7'},{'D1'},{'D6'},{'D3'},{'D4'},{'R2'},{'R3'},{'R1'},&,1.0,&
{'D2'},{'D5'},{'D7'},{'D1'},{'D6'},{'D3'},{'D4'},{'R3'},{'R1'},{'R2'},&,1.0,&
{'D2'},{'D5'},{'D7'},{'D1'},{'D6'},{'R1'},{'D3'},{'D4'},{'R3'},{'R2'},&,1.0,&
{'D2'},{'D5'},{'D7'},{'D1'},{'D4'},{'D6'},{'D3'},{'R2'},{'R3'},{'R1'},&,1.0,&
{'D2'},{'D5'},{'D7'},{'D1'},{'D4'},{'D6'},{'D3'},{'R3'},{'R2'},{'R1'},&,1.0,&
{'D2'},{'D5'},{'D7'},{'D1'},{'D4'},{'D3'},{'D6'},{'R1'},{'R3'},{'R2'},&,1.0,&
{'D2'},{'D5'},{'D7'},{'D3'},{'D1'},{'D6'},{'R3'},{'R2'},{'R1'},{'D4'},&,1.0,&
{'D2'},{'D5'},{'D7'},{'D3'},{'D1'},{'D6'},{'R3'},{'D4'},{'R2'},{'R1'},&,1.0,&
{'D2'},{'D5'},{'D7'},{'D3'},{'D1'},{'D6'},{'D4'},{'R2'},{'R1'},{'R3'},&,3.0,&
{'D2'},{'D5'},{'D7'},{'D3'},{'D1'},{'D6'},{'D4'},{'R3'},{'R1'},{'R2'},&,2.0,&
{'D2'},{'D5'},{'D7'},{'D3'},{'D1'},{'D6'},{'R1'},{'D4'},{'R3'},{'R2'},&,1.0,&
{'D2'},{'D5'},{'D7'},{'D3'},{'D1'},{'D4'},{'D6'},{'R3'},{'R2'},{'R1'},&,1.0,&
{'D2'},{'D5'},{'D7'},{'D3'},{'D6'},{'D4'},{'D1'},{'R1'},{'R2'},{'R3'},&,2.0,&
{'D2'},{'D5'},{'D7'},{'D3'},{'D6'},{'D4'},{'D1'},{'R1'},{'R3'},{'R2'},&,4.0,&
{'D2'},{'D5'},{'D7'},{'D3'},{'D6'},{'D4'},{'D1'},{'R2'},{'R3'},{'R1'},&,2.0,&
{'D2'},{'D5'},{'D7'},{'D3'},{'D6'},{'D4'},{'D1'},{'R3'},{'R2'},{'R1'},&,4.0,&
{'D2'},{'D5'},{'D7'},{'D3'},{'D6'},{'D4'},{'D1'},{'R3'},{'R1'},{'R2'},&,2.0,&
{'D2'},{'D5'},{'D7'},{'D3'},{'D6'},{'D4'},{'R1'},{'D1'},{'R2'},{'R3'},&,1.0,&
{'D2'},{'D5'},{'D7'},{'D3'},{'D6'},{'D1'},{'D4'},{'R1'},{'R2'},{'R3'},&,1.0,&
{'D2'},{'D5'},{'D7'},{'D3'},{'D6'},{'D1'},{'D4'},{'R1'},{'R3'},{'R2'},&,1.0,&
{'D2'},{'D5'},{'D7'},{'D3'},{'D6'},{'D1'},{'D4'},{'R2'},{'R3'},{'R1'},&,1.0,&
{'D2'},{'D5'},{'D7'},{'D3'},{'D6'},{'D1'},{'D4'},{'R2'},{'R1'},{'R3'},&,1.0,&
{'D2'},{'D5'},{'D7'},{'D3'},{'D6'},{'D1'},{'D4'},{'R3'},{'R2'},{'R1'},&,4.0,&
{'D2'},{'D5'},{'D7'},{'D3'},{'D6'},{'D1'},{'D4'},{'R3'},{'R1'},{'R2'},&,1.0,&
{'D2'},{'D5'},{'D7'},{'D3'},{'D6'},{'D1'},{'R1'},{'D4'},{'R3'},{'R2'},&,1.0,&
{'D2'},{'D5'},{'D7'},{'D3'},{'D4'},{'D6'},{'D1'},{'R1'},{'R3'},{'R2'},&,2.0,&
{'D2'},{'D5'},{'D7'},{'D3'},{'D4'},{'D6'},{'D1'},{'R2'},{'R3'},{'R1'},&,3.0,&
{'D2'},{'D5'},{'D7'},{'D3'},{'D4'},{'D6'},{'D1'},{'R3'},{'R2'},{'R1'},&,3.0,&
{'D2'},{'D5'},{'D7'},{'D3'},{'D4'},{'D6'},{'D1'},{'R3'},{'R1'},{'R2'},&,3.0,&
{'D2'},{'D5'},{'D7'},{'D3'},{'D4'},{'D6'},{'R2'},{'D1'},{'R1'},{'R3'},&,1.0,&
{'D2'},{'D5'},{'D7'},{'D3'},{'D4'},{'D6'},{'R1'},{'D1'},{'R3'},{'R2'},&,2.0,&
{'D2'},{'D5'},{'D7'},{'D3'},{'D4'},{'D1'},{'R3'},{'D6'},{'R1'},{'R2'},&,1.0,&
{'D2'},{'D5'},{'D7'},{'D3'},{'D4'},{'D1'},{'D6'},{'R1'},{'R3'},{'R2'},&,1.0,&
{'D2'},{'D5'},{'D7'},{'D3'},{'D4'},{'D1'},{'D6'},{'R2'},{'R3'},{'R1'},&,1.0,&
{'D2'},{'D5'},{'D7'},{'D3'},{'D4'},{'D1'},{'D6'},{'R3'},{'R1'},{'R2'},&,3.0,&
{'D2'},{'D5'},{'D7'},{'D3'},{'D4'},{'R3'},{'D6'},{'D1'},{'R1'},{'R2'},&,1.0,&
{'D2'},{'D5'},{'D7'},{'D3'},{'R3'},{'D4'},{'R2'},{'D6'},{'D1'},{'R1'},&,1.0,&
{'D2'},{'D5'},{'D7'},{'D6'},{'D1'},{'D4'},{'D3'},{'R1'},{'R3'},{'R2'},&,1.0,&
{'D2'},{'D5'},{'D7'},{'D6'},{'D1'},{'D4'},{'D3'},{'R2'},{'R1'},{'R3'},&,1.0,&
{'D2'},{'D5'},{'D7'},{'D6'},{'D1'},{'D4'},{'D3'},{'R3'},{'R2'},{'R1'},&,1.0,&
{'D2'},{'D5'},{'D7'},{'D6'},{'D1'},{'D4'},{'D3'},{'R3'},{'R1'},{'R2'},&,1.0,&
{'D2'},{'D5'},{'D7'},{'D6'},{'D1'},{'D3'},{'R3'},{'R1'},{'R2'},{'D4'},&,1.0,&
{'D2'},{'D5'},{'D7'},{'D6'},{'D1'},{'D3'},{'R3'},{'R1'},{'D4'},{'R2'},&,1.0,&
{'D2'},{'D5'},{'D7'},{'D6'},{'D1'},{'D3'},{'R3'},{'D4'},{'R1'},{'R2'},&,1.0,&
{'D2'},{'D5'},{'D7'},{'D6'},{'D1'},{'D3'},{'D4'},{'R1'},{'R3'},{'R2'},&,2.0,&
{'D2'},{'D5'},{'D7'},{'D6'},{'D1'},{'D3'},{'D4'},{'R2'},{'R3'},{'R1'},&,1.0,&
{'D2'},{'D5'},{'D7'},{'D6'},{'D1'},{'D3'},{'D4'},{'R3'},{'R2'},{'R1'},&,3.0,&
{'D2'},{'D5'},{'D7'},{'D6'},{'D1'},{'D3'},{'D4'},{'R3'},{'R1'},{'R2'},&,1.0,&
{'D2'},{'D5'},{'D7'},{'D6'},{'D1'},{'D3'},{'R1'},{'D4'},{'R3'},{'R2'},&,1.0,&
{'D2'},{'D5'},{'D7'},{'D6'},{'D1'},{'R3'},{'D3'},{'R1'},{'D4'},{'R2'},&,1.0,&
{'D2'},{'D5'},{'D7'},{'D6'},{'D1'},{'R3'},{'D3'},{'D4'},{'R2'},{'R1'},&,1.0,&
{'D2'},{'D5'},{'D7'},{'D6'},{'D1'},{'R3'},{'D3'},{'D4'},{'R1'},{'R2'},&,1.0,&
{'D2'},{'D5'},{'D7'},{'D6'},{'D3'},{'D4'},{'R3'},{'D1'},{'R2'},{'R1'},&,1.0,&
{'D2'},{'D5'},{'D7'},{'D6'},{'D3'},{'D4'},{'D1'},{'R1'},{'R2'},{'R3'},&,2.0,&
{'D2'},{'D5'},{'D7'},{'D6'},{'D3'},{'D4'},{'D1'},{'R1'},{'R3'},{'R2'},&,1.0,&
{'D2'},{'D5'},{'D7'},{'D6'},{'D3'},{'D4'},{'D1'},{'R2'},{'R3'},{'R1'},&,2.0,&
{'D2'},{'D5'},{'D7'},{'D6'},{'D3'},{'D4'},{'D1'},{'R2'},{'R1'},{'R3'},&,1.0,&
{'D2'},{'D5'},{'D7'},{'D6'},{'D3'},{'D4'},{'D1'},{'R3'},{'R2'},{'R1'},&,8.0,&
{'D2'},{'D5'},{'D7'},{'D6'},{'D3'},{'D4'},{'D1'},{'R3'},{'R1'},{'R2'},&,3.0,&
{'D2'},{'D5'},{'D7'},{'D6'},{'D3'},{'D4'},{'R1'},{'D1'},{'R2'},{'R3'},&,1.0,&
{'D2'},{'D5'},{'D7'},{'D6'},{'D3'},{'D4'},{'R1'},{'D1'},{'R3'},{'R2'},&,1.0,&
{'D2'},{'D5'},{'D7'},{'D6'},{'D3'},{'D1'},{'R3'},{'D4'},{'R1'},{'R2'},&,2.0,&
{'D2'},{'D5'},{'D7'},{'D6'},{'D3'},{'D1'},{'D4'},{'R1'},{'R3'},{'R2'},&,2.0,&
{'D2'},{'D5'},{'D7'},{'D6'},{'D3'},{'D1'},{'D4'},{'R3'},{'R2'},{'R1'},&,3.0,&
{'D2'},{'D5'},{'D7'},{'D6'},{'D3'},{'D1'},{'D4'},{'R3'},{'R1'},{'R2'},&,6.0,&
{'D2'},{'D5'},{'D7'},{'D6'},{'D3'},{'D1'},{'R1'},{'R3'},{'D4'},{'R2'},&,1.0,&
{'D2'},{'D5'},{'D7'},{'D6'},{'D3'},{'R2'},{'D4'},{'R3'},{'R1'},{'D1'},&,1.0,&
{'D2'},{'D5'},{'D7'},{'D6'},{'D4'},{'D1'},{'D3'},{'R3'},{'R2'},{'R1'},&,1.0,&
{'D2'},{'D5'},{'D7'},{'D6'},{'D4'},{'D1'},{'D3'},{'R3'},{'R1'},{'R2'},&,5.0,&
{'D2'},{'D5'},{'D7'},{'D6'},{'D4'},{'D3'},{'R3'},{'R1'},{'D1'},{'R2'},&,1.0,&
{'D2'},{'D5'},{'D7'},{'D6'},{'D4'},{'D3'},{'D1'},{'R1'},{'R3'},{'R2'},&,2.0,&
{'D2'},{'D5'},{'D7'},{'D6'},{'D4'},{'D3'},{'D1'},{'R2'},{'R3'},{'R1'},&,1.0,&
{'D2'},{'D5'},{'D7'},{'D6'},{'D4'},{'D3'},{'D1'},{'R2'},{'R1'},{'R3'},&,1.0,&
{'D2'},{'D5'},{'D7'},{'D6'},{'D4'},{'D3'},{'D1'},{'R3'},{'R1'},{'R2'},&,3.0,&
{'D2'},{'D5'},{'D7'},{'D6'},{'D4'},{'D3'},{'R2'},{'R1'},{'D1'},{'R3'},&,1.0,&
{'D2'},{'D5'},{'D7'},{'D6'},{'D4'},{'R1'},{'D3'},{'R3'},{'R2'},{'D1'},&,1.0,&
{'D2'},{'D5'},{'D7'},{'D4'},{'D1'},{'D6'},{'R3'},{'R2'},{'D3'},{'R1'},&,1.0,&
{'D2'},{'D5'},{'D7'},{'D4'},{'D1'},{'D6'},{'D3'},{'R3'},{'R1'},{'R2'},&,1.0,&
{'D2'},{'D5'},{'D7'},{'D4'},{'D3'},{'D6'},{'R3'},{'D1'},{'R1'},{'R2'},&,1.0,&
{'D2'},{'D5'},{'D7'},{'D4'},{'D3'},{'D6'},{'D1'},{'R1'},{'R2'},{'R3'},&,1.0,&
{'D2'},{'D5'},{'D7'},{'D4'},{'D3'},{'D6'},{'D1'},{'R1'},{'R3'},{'R2'},&,1.0,&
{'D2'},{'D5'},{'D7'},{'D4'},{'D3'},{'D6'},{'D1'},{'R2'},{'R3'},{'R1'},&,2.0,&
{'D2'},{'D5'},{'D7'},{'D4'},{'D3'},{'D6'},{'D1'},{'R3'},{'R2'},{'R1'},&,1.0,&
{'D2'},{'D5'},{'D7'},{'D4'},{'D3'},{'D6'},{'D1'},{'R3'},{'R1'},{'R2'},&,2.0,&
{'D2'},{'D5'},{'D7'},{'D4'},{'D3'},{'D1'},{'D6'},{'R2'},{'R3'},{'R1'},&,1.0,&
{'D2'},{'D5'},{'D7'},{'D4'},{'D3'},{'D1'},{'D6'},{'R3'},{'R1'},{'R2'},&,1.0,&
{'D2'},{'D5'},{'D7'},{'D4'},{'D3'},{'R2'},{'D6'},{'R3'},{'D1'},{'R1'},&,1.0,&
{'D2'},{'D5'},{'D7'},{'D4'},{'D3'},{'R3'},{'D1'},{'D6'},{'R2'},{'R1'},&,1.0,&
{'D2'},{'D5'},{'D7'},{'D4'},{'D6'},{'D1'},{'R3'},{'D3'},{'R1'},{'R2'},&,1.0,&
{'D2'},{'D5'},{'D7'},{'D4'},{'D6'},{'D1'},{'D3'},{'R3'},{'R1'},{'R2'},&,1.0,&
{'D2'},{'D5'},{'D7'},{'D4'},{'D6'},{'D1'},{'R1'},{'D3'},{'R3'},{'R2'},&,1.0,&
{'D2'},{'D5'},{'D7'},{'D4'},{'D6'},{'D3'},{'D1'},{'R1'},{'R2'},{'R3'},&,1.0,&
{'D2'},{'D5'},{'D7'},{'D4'},{'D6'},{'D3'},{'D1'},{'R3'},{'R1'},{'R2'},&,1.0,&
{'D2'},{'D5'},{'D7'},{'D4'},{'D6'},{'D3'},{'R1'},{'D1'},{'R2'},{'R3'},&,1.0,&
{'D2'},{'D5'},{'R2'},{'D3'},{'D6'},{'D4'},{'D7'},{'D1'},{'R3'},{'R1'},&,1.0,&
{'D2'},{'D1'},{'D4'},{'D7'},{'D3'},{'D6'},{'D5'},{'R3'},{'R1'},{'R2'},&,1.0,&
{'D2'},{'D1'},{'D4'},{'D7'},{'D5'},{'D6'},{'D3'},{'R3'},{'R1'},{'R2'},&,1.0,&
{'D2'},{'D1'},{'D4'},{'D7'},{'D5'},{'D3'},{'R1'},{'D6'},{'R3'},{'R2'},&,1.0,&
{'D2'},{'D1'},{'D4'},{'D3'},{'D7'},{'D5'},{'R2'},{'D6'},{'R3'},{'R1'},&,1.0,&
{'D2'},{'D1'},{'D4'},{'D3'},{'D7'},{'D5'},{'D6'},{'R3'},{'R1'},{'R2'},&,1.0,&
{'D2'},{'D1'},{'D4'},{'D3'},{'D6'},{'R2'},{'D5'},{'D7'},{'R3'},{'R1'},&,1.0,&
{'D2'},{'D1'},{'D4'},{'D3'},{'D6'},{'R3'},{'D5'},{'D7'},{'R2'},{'R1'},&,1.0,&
{'D2'},{'D1'},{'D4'},{'D3'},{'D5'},{'D7'},{'D6'},{'R3'},{'R1'},{'R2'},&,1.0,&
{'D2'},{'D1'},{'D4'},{'D5'},{'D7'},{'D6'},{'R3'},{'D3'},{'R1'},{'R2'},&,1.0,&
{'D2'},{'D1'},{'D4'},{'D5'},{'D7'},{'D3'},{'D6'},{'R2'},{'R3'},{'R1'},&,1.0,&
{'D2'},{'D1'},{'D4'},{'D5'},{'D3'},{'D6'},{'R2'},{'D7'},{'R3'},{'R1'},&,1.0,&
{'D2'},{'D1'},{'D4'},{'D5'},{'D3'},{'D6'},{'D7'},{'R2'},{'R3'},{'R1'},&,2.0,&
{'D2'},{'D1'},{'D4'},{'D5'},{'D3'},{'D7'},{'D6'},{'R3'},{'R2'},{'R1'},&,1.0,&
{'D2'},{'D1'},{'D4'},{'D5'},{'D3'},{'R3'},{'D7'},{'R1'},{'R2'},{'D6'},&,1.0,&
{'D2'},{'D1'},{'D4'},{'D5'},{'D6'},{'D7'},{'D3'},{'R3'},{'R1'},{'R2'},&,1.0,&
{'D2'},{'D1'},{'D4'},{'D5'},{'D6'},{'D3'},{'D7'},{'R1'},{'R3'},{'R2'},&,1.0,&
{'D2'},{'D1'},{'D4'},{'D5'},{'D6'},{'D3'},{'D7'},{'R2'},{'R3'},{'R1'},&,1.0,&
{'D2'},{'D1'},{'D4'},{'D5'},{'D6'},{'D3'},{'D7'},{'R3'},{'R2'},{'R1'},&,1.0,&
{'D2'},{'D1'},{'D4'},{'D6'},{'D5'},{'D7'},{'D3'},{'R1'},{'R3'},{'R2'},&,1.0,&
{'D2'},{'D1'},{'D3'},{'D7'},{'D6'},{'D4'},{'D5'},{'R3'},{'R2'},{'R1'},&,1.0,&
{'D2'},{'D1'},{'D3'},{'D7'},{'D6'},{'D5'},{'R1'},{'D4'},{'R3'},{'R2'},&,1.0,&
{'D2'},{'D1'},{'D3'},{'D7'},{'D4'},{'D6'},{'D5'},{'R2'},{'R1'},{'R3'},&,1.0,&
{'D2'},{'D1'},{'D3'},{'D7'},{'D5'},{'D4'},{'D6'},{'R3'},{'R2'},{'R1'},&,1.0,&
{'D2'},{'D1'},{'D3'},{'D5'},{'D7'},{'D6'},{'D4'},{'R2'},{'R3'},{'R1'},&,1.0,&
{'D2'},{'D1'},{'D3'},{'D5'},{'D7'},{'D6'},{'D4'},{'R3'},{'R2'},{'R1'},&,1.0,&
{'D2'},{'D1'},{'D3'},{'D5'},{'D7'},{'D6'},{'D4'},{'R3'},{'R1'},{'R2'},&,1.0,&
{'D2'},{'D1'},{'D3'},{'D5'},{'D7'},{'D6'},{'R2'},{'R3'},{'D4'},{'R1'},&,1.0,&
{'D2'},{'D1'},{'D3'},{'D5'},{'D6'},{'D4'},{'R3'},{'D7'},{'R1'},{'R2'},&,1.0,&
{'D2'},{'D1'},{'D3'},{'D5'},{'D6'},{'D4'},{'D7'},{'R2'},{'R3'},{'R1'},&,1.0,&
{'D2'},{'D1'},{'D3'},{'D5'},{'D6'},{'D4'},{'D7'},{'R3'},{'R2'},{'R1'},&,2.0,&
{'D2'},{'D1'},{'D3'},{'D5'},{'D6'},{'D4'},{'D7'},{'R3'},{'R1'},{'R2'},&,1.0,&
{'D2'},{'D1'},{'D3'},{'D5'},{'D6'},{'D7'},{'D4'},{'R1'},{'R3'},{'R2'},&,1.0,&
{'D2'},{'D1'},{'D3'},{'D5'},{'D6'},{'D7'},{'D4'},{'R3'},{'R2'},{'R1'},&,2.0,&
{'D2'},{'D1'},{'D3'},{'D5'},{'D6'},{'D7'},{'R2'},{'D4'},{'R1'},{'R3'},&,1.0,&
{'D2'},{'D1'},{'D3'},{'D5'},{'D6'},{'D7'},{'R1'},{'D4'},{'R3'},{'R2'},&,1.0,&
{'D2'},{'D1'},{'D3'},{'D5'},{'D4'},{'D6'},{'R2'},{'D7'},{'R3'},{'R1'},&,1.0,&
{'D2'},{'D1'},{'D3'},{'D5'},{'D4'},{'D6'},{'D7'},{'R3'},{'R1'},{'R2'},&,1.0,&
{'D2'},{'D1'},{'D3'},{'D5'},{'D4'},{'D7'},{'D6'},{'R3'},{'R2'},{'R1'},&,1.0,&
{'D2'},{'D1'},{'D3'},{'D5'},{'D4'},{'D7'},{'D6'},{'R3'},{'R1'},{'R2'},&,1.0,&
{'D2'},{'D1'},{'D3'},{'D5'},{'D4'},{'R3'},{'D6'},{'D7'},{'R1'},{'R2'},&,1.0,&
{'D2'},{'D1'},{'D3'},{'D5'},{'R3'},{'D6'},{'D4'},{'R1'},{'D7'},{'R2'},&,1.0,&
{'D2'},{'D1'},{'D3'},{'D5'},{'R3'},{'D6'},{'D7'},{'D4'},{'R1'},{'R2'},&,1.0,&
{'D2'},{'D1'},{'D3'},{'D6'},{'D7'},{'D5'},{'D4'},{'R1'},{'R3'},{'R2'},&,1.0,&
{'D2'},{'D1'},{'D3'},{'D6'},{'D4'},{'D5'},{'D7'},{'R2'},{'R3'},{'R1'},&,1.0,&
{'D2'},{'D1'},{'D3'},{'D6'},{'D4'},{'D5'},{'D7'},{'R3'},{'R1'},{'R2'},&,1.0,&
{'D2'},{'D1'},{'D3'},{'D6'},{'D5'},{'D4'},{'D7'},{'R3'},{'R2'},{'R1'},&,1.0,&
{'D2'},{'D1'},{'D3'},{'D6'},{'D5'},{'D4'},{'D7'},{'R3'},{'R1'},{'R2'},&,1.0,&
{'D2'},{'D1'},{'D3'},{'D6'},{'D5'},{'D7'},{'D4'},{'R2'},{'R3'},{'R1'},&,1.0,&
{'D2'},{'D1'},{'D3'},{'D6'},{'D5'},{'D7'},{'D4'},{'R2'},{'R1'},{'R3'},&,1.0,&
{'D2'},{'D1'},{'D3'},{'D4'},{'D6'},{'D5'},{'R2'},{'D7'},{'R1'},{'R3'},&,1.0,&
{'D2'},{'D1'},{'D3'},{'R3'},{'D5'},{'D6'},{'D7'},{'D4'},{'R1'},{'R2'},&,1.0,&
{'D2'},{'D1'},{'D5'},{'D7'},{'D3'},{'D6'},{'D4'},{'R2'},{'R3'},{'R1'},&,1.0,&
{'D2'},{'D1'},{'D5'},{'D7'},{'D3'},{'D6'},{'D4'},{'R3'},{'R2'},{'R1'},&,3.0,&
{'D2'},{'D1'},{'D5'},{'D7'},{'D3'},{'D4'},{'R3'},{'R2'},{'D6'},{'R1'},&,1.0,&
{'D2'},{'D1'},{'D5'},{'D7'},{'D3'},{'D4'},{'D6'},{'R2'},{'R3'},{'R1'},&,1.0,&
{'D2'},{'D1'},{'D5'},{'D7'},{'D3'},{'D4'},{'R1'},{'D6'},{'R3'},{'R2'},&,1.0,&
{'D2'},{'D1'},{'D5'},{'D7'},{'D3'},{'R1'},{'D6'},{'D4'},{'R2'},{'R3'},&,1.0,&
{'D2'},{'D1'},{'D5'},{'D7'},{'D6'},{'D4'},{'D3'},{'R2'},{'R3'},{'R1'},&,1.0,&
{'D2'},{'D1'},{'D5'},{'D7'},{'D6'},{'D4'},{'D3'},{'R3'},{'R2'},{'R1'},&,2.0,&
{'D2'},{'D1'},{'D5'},{'D7'},{'D6'},{'D3'},{'D4'},{'R3'},{'R1'},{'R2'},&,1.0,&
{'D2'},{'D1'},{'D5'},{'D7'},{'D4'},{'D6'},{'D3'},{'R3'},{'R2'},{'R1'},&,1.0,&
{'D2'},{'D1'},{'D5'},{'D3'},{'D7'},{'D6'},{'R3'},{'R1'},{'D4'},{'R2'},&,1.0,&
{'D2'},{'D1'},{'D5'},{'D3'},{'D7'},{'D6'},{'R3'},{'D4'},{'R2'},{'R1'},&,1.0,&
{'D2'},{'D1'},{'D5'},{'D3'},{'D7'},{'D6'},{'D4'},{'R2'},{'R1'},{'R3'},&,1.0,&
{'D2'},{'D1'},{'D5'},{'D3'},{'D7'},{'D6'},{'D4'},{'R3'},{'R2'},{'R1'},&,2.0,&
{'D2'},{'D1'},{'D5'},{'D3'},{'D7'},{'D6'},{'D4'},{'R3'},{'R1'},{'R2'},&,1.0,&
{'D2'},{'D1'},{'D5'},{'D3'},{'D7'},{'D4'},{'D6'},{'R3'},{'R2'},{'R1'},&,1.0,&
{'D2'},{'D1'},{'D5'},{'D3'},{'D6'},{'D4'},{'D7'},{'R1'},{'R3'},{'R2'},&,2.0,&
{'D2'},{'D1'},{'D5'},{'D3'},{'D6'},{'D4'},{'D7'},{'R3'},{'R2'},{'R1'},&,1.0,&
{'D2'},{'D1'},{'D5'},{'D3'},{'D6'},{'D4'},{'D7'},{'R3'},{'R1'},{'R2'},&,1.0,&
{'D2'},{'D1'},{'D5'},{'D3'},{'D6'},{'D7'},{'R3'},{'D4'},{'R1'},{'R2'},&,1.0,&
{'D2'},{'D1'},{'D5'},{'D3'},{'D6'},{'D7'},{'D4'},{'R2'},{'R1'},{'R3'},&,1.0,&
{'D2'},{'D1'},{'D5'},{'D3'},{'D6'},{'D7'},{'D4'},{'R3'},{'R1'},{'R2'},&,3.0,&
{'D2'},{'D1'},{'D5'},{'D3'},{'D4'},{'D6'},{'R2'},{'D7'},{'R3'},{'R1'},&,1.0,&
{'D2'},{'D1'},{'D5'},{'D3'},{'D4'},{'D6'},{'D7'},{'R2'},{'R3'},{'R1'},&,1.0,&
{'D2'},{'D1'},{'D5'},{'D3'},{'D4'},{'D6'},{'R1'},{'D7'},{'R2'},{'R3'},&,1.0,&
{'D2'},{'D1'},{'D5'},{'D3'},{'D4'},{'D7'},{'D6'},{'R1'},{'R3'},{'R2'},&,1.0,&
{'D2'},{'D1'},{'D5'},{'D3'},{'D4'},{'D7'},{'D6'},{'R3'},{'R2'},{'R1'},&,1.0,&
{'D2'},{'D1'},{'D5'},{'D3'},{'D4'},{'R3'},{'D6'},{'D7'},{'R1'},{'R2'},&,1.0,&
{'D2'},{'D1'},{'D5'},{'D6'},{'D7'},{'D4'},{'D3'},{'R3'},{'R1'},{'R2'},&,1.0,&
{'D2'},{'D1'},{'D5'},{'D6'},{'D7'},{'D3'},{'R3'},{'D4'},{'R1'},{'R2'},&,3.0,&
{'D2'},{'D1'},{'D5'},{'D6'},{'D7'},{'D3'},{'D4'},{'R1'},{'R3'},{'R2'},&,2.0,&
{'D2'},{'D1'},{'D5'},{'D6'},{'D7'},{'R1'},{'D3'},{'D4'},{'R3'},{'R2'},&,1.0,&
{'D2'},{'D1'},{'D5'},{'D6'},{'D3'},{'D4'},{'R3'},{'D7'},{'R1'},{'R2'},&,1.0,&
{'D2'},{'D1'},{'D5'},{'D6'},{'D3'},{'D4'},{'D7'},{'R2'},{'R3'},{'R1'},&,1.0,&
{'D2'},{'D1'},{'D5'},{'D6'},{'D3'},{'D4'},{'D7'},{'R3'},{'R1'},{'R2'},&,2.0,&
{'D2'},{'D1'},{'D5'},{'D6'},{'D3'},{'D7'},{'R3'},{'D4'},{'R1'},{'R2'},&,1.0,&
{'D2'},{'D1'},{'D5'},{'D6'},{'D3'},{'D7'},{'D4'},{'R1'},{'R3'},{'R2'},&,1.0,&
{'D2'},{'D1'},{'D5'},{'D6'},{'D3'},{'D7'},{'D4'},{'R2'},{'R3'},{'R1'},&,1.0,&
{'D2'},{'D1'},{'D5'},{'D6'},{'D3'},{'D7'},{'D4'},{'R3'},{'R1'},{'R2'},&,1.0,&
{'D2'},{'D1'},{'D5'},{'D6'},{'D4'},{'D7'},{'D3'},{'R3'},{'R2'},{'R1'},&,1.0,&
{'D2'},{'D1'},{'D5'},{'D6'},{'D4'},{'D3'},{'D7'},{'R1'},{'R3'},{'R2'},&,1.0,&
{'D2'},{'D1'},{'D5'},{'D6'},{'D4'},{'D3'},{'R1'},{'D7'},{'R3'},{'R2'},&,2.0,&
{'D2'},{'D1'},{'D5'},{'D6'},{'D4'},{'R1'},{'D3'},{'R2'},{'D7'},{'R3'},&,1.0,&
{'D2'},{'D1'},{'D5'},{'D6'},{'D4'},{'R3'},{'D7'},{'D3'},{'R2'},{'R1'},&,1.0,&
{'D2'},{'D1'},{'D5'},{'D4'},{'D7'},{'D3'},{'D6'},{'R2'},{'R3'},{'R1'},&,1.0,&
{'D2'},{'D1'},{'D5'},{'D4'},{'D7'},{'D3'},{'D6'},{'R3'},{'R1'},{'R2'},&,1.0,&
{'D2'},{'D1'},{'D5'},{'D4'},{'D3'},{'D6'},{'D7'},{'R1'},{'R3'},{'R2'},&,1.0,&
{'D2'},{'D1'},{'D5'},{'D4'},{'D3'},{'D6'},{'D7'},{'R2'},{'R3'},{'R1'},&,1.0,&
{'D2'},{'D1'},{'D5'},{'D4'},{'D3'},{'D6'},{'D7'},{'R3'},{'R2'},{'R1'},&,2.0,&
{'D2'},{'D1'},{'D5'},{'D4'},{'D6'},{'D7'},{'D3'},{'R1'},{'R2'},{'R3'},&,1.0,&
{'D2'},{'D1'},{'D5'},{'D4'},{'D6'},{'D3'},{'R2'},{'R3'},{'R1'},{'D7'},&,1.0,&
{'D2'},{'D1'},{'D5'},{'D4'},{'D6'},{'D3'},{'D7'},{'R3'},{'R2'},{'R1'},&,1.0,&
{'D2'},{'D1'},{'D5'},{'D4'},{'D6'},{'D3'},{'D7'},{'R3'},{'R1'},{'R2'},&,1.0,&
{'D2'},{'D1'},{'D5'},{'D4'},{'D6'},{'R2'},{'D3'},{'D7'},{'R3'},{'R1'},&,1.0,&
{'D2'},{'D1'},{'D6'},{'D7'},{'D3'},{'D4'},{'D5'},{'R2'},{'R3'},{'R1'},&,1.0,&
{'D2'},{'D1'},{'D6'},{'D7'},{'D3'},{'D5'},{'D4'},{'R3'},{'R2'},{'R1'},&,1.0,&
{'D2'},{'D1'},{'D6'},{'D7'},{'D5'},{'D3'},{'D4'},{'R3'},{'R1'},{'R2'},&,1.0,&
{'D2'},{'D1'},{'D6'},{'D7'},{'D5'},{'D3'},{'R2'},{'R1'},{'D4'},{'R3'},&,1.0,&
{'D2'},{'D1'},{'D6'},{'D3'},{'D7'},{'D5'},{'D4'},{'R3'},{'R2'},{'R1'},&,1.0,&
{'D2'},{'D1'},{'D6'},{'D3'},{'D4'},{'D5'},{'D7'},{'R3'},{'R1'},{'R2'},&,1.0,&
{'D2'},{'D1'},{'D6'},{'D3'},{'D5'},{'D4'},{'D7'},{'R3'},{'R2'},{'R1'},&,1.0,&
{'D2'},{'D1'},{'D6'},{'D3'},{'D5'},{'D7'},{'D4'},{'R1'},{'R2'},{'R3'},&,1.0,&
{'D2'},{'D1'},{'D6'},{'D3'},{'D5'},{'D7'},{'D4'},{'R1'},{'R3'},{'R2'},&,1.0,&
{'D2'},{'D1'},{'D6'},{'D3'},{'D5'},{'R1'},{'D4'},{'D7'},{'R3'},{'R2'},&,1.0,&
{'D2'},{'D1'},{'D6'},{'D5'},{'D3'},{'D4'},{'D7'},{'R1'},{'R3'},{'R2'},&,1.0,&
{'D2'},{'D1'},{'D6'},{'D5'},{'D3'},{'D4'},{'D7'},{'R2'},{'R3'},{'R1'},&,2.0,&
{'D2'},{'D1'},{'D6'},{'D5'},{'D3'},{'D4'},{'D7'},{'R3'},{'R1'},{'R2'},&,2.0,&
{'D2'},{'D1'},{'D6'},{'D5'},{'D3'},{'D7'},{'R3'},{'R1'},{'D4'},{'R2'},&,1.0,&
{'D2'},{'D1'},{'D6'},{'D5'},{'D3'},{'D7'},{'R3'},{'R2'},{'R1'},{'D4'},&,1.0,&
{'D2'},{'D1'},{'D6'},{'D5'},{'D3'},{'D7'},{'R3'},{'D4'},{'R1'},{'R2'},&,2.0,&
{'D2'},{'D1'},{'D6'},{'D5'},{'D3'},{'D7'},{'D4'},{'R3'},{'R2'},{'R1'},&,3.0,&
{'D2'},{'D1'},{'D6'},{'D5'},{'D3'},{'R3'},{'D4'},{'D7'},{'R1'},{'R2'},&,1.0,&
{'D2'},{'D1'},{'D6'},{'D5'},{'D4'},{'D7'},{'R3'},{'R1'},{'R2'},{'D3'},&,1.0,&
{'D2'},{'D1'},{'D6'},{'D5'},{'D4'},{'D7'},{'R3'},{'D3'},{'R1'},{'R2'},&,1.0,&
{'D2'},{'D1'},{'D6'},{'D5'},{'D4'},{'D3'},{'R3'},{'R1'},{'D7'},{'R2'},&,1.0,&
{'D2'},{'D1'},{'D6'},{'D5'},{'D4'},{'D3'},{'D7'},{'R3'},{'R2'},{'R1'},&,1.0,&
{'D2'},{'D1'},{'D6'},{'D4'},{'D5'},{'D3'},{'D7'},{'R3'},{'R2'},{'R1'},&,1.0,&
{'D2'},{'D1'},{'D7'},{'D3'},{'D6'},{'D5'},{'D4'},{'R1'},{'R3'},{'R2'},&,2.0,&
{'D2'},{'D1'},{'D7'},{'D3'},{'D6'},{'D5'},{'D4'},{'R3'},{'R2'},{'R1'},&,1.0,&
{'D2'},{'D1'},{'D7'},{'D3'},{'D6'},{'R1'},{'D5'},{'D4'},{'R2'},{'R3'},&,1.0,&
{'D2'},{'D1'},{'D7'},{'D3'},{'D5'},{'D6'},{'D4'},{'R1'},{'R3'},{'R2'},&,1.0,&
{'D2'},{'D1'},{'D7'},{'D3'},{'D5'},{'D6'},{'D4'},{'R3'},{'R2'},{'R1'},&,1.0,&
{'D2'},{'D1'},{'D7'},{'D3'},{'D5'},{'D4'},{'D6'},{'R1'},{'R3'},{'R2'},&,1.0,&
{'D2'},{'D1'},{'D7'},{'D5'},{'D3'},{'D6'},{'D4'},{'R3'},{'R2'},{'R1'},&,2.0,&
{'D2'},{'D1'},{'D7'},{'D5'},{'D3'},{'D6'},{'R2'},{'D4'},{'R3'},{'R1'},&,1.0,&
{'D2'},{'D1'},{'D7'},{'D5'},{'D3'},{'D4'},{'R3'},{'D6'},{'R1'},{'R2'},&,1.0,&
{'D2'},{'D1'},{'D7'},{'D5'},{'D3'},{'D4'},{'D6'},{'R1'},{'R3'},{'R2'},&,1.0,&
{'D2'},{'D1'},{'D7'},{'D5'},{'D3'},{'D4'},{'D6'},{'R3'},{'R2'},{'R1'},&,1.0,&
{'D2'},{'D1'},{'D7'},{'D5'},{'D3'},{'R2'},{'D6'},{'D4'},{'R3'},{'R1'},&,1.0,&
{'D2'},{'D1'},{'D7'},{'D5'},{'D6'},{'D3'},{'D4'},{'R3'},{'R2'},{'R1'},&,1.0,&
{'D2'},{'D1'},{'D7'},{'D5'},{'D6'},{'R3'},{'D3'},{'R2'},{'R1'},{'D4'},&,1.0,&
{'D2'},{'D1'},{'D7'},{'D5'},{'D4'},{'D3'},{'R3'},{'D6'},{'R2'},{'R1'},&,1.0,&
{'D2'},{'D1'},{'D7'},{'D6'},{'D5'},{'D3'},{'R3'},{'D4'},{'R2'},{'R1'},&,1.0,&
{'D2'},{'D1'},{'D7'},{'D6'},{'D5'},{'D3'},{'D4'},{'R3'},{'R1'},{'R2'},&,1.0,&
{'D2'},{'D1'},{'D7'},{'D4'},{'D3'},{'D6'},{'D5'},{'R3'},{'R1'},{'R2'},&,1.0,&
{'D2'},{'D1'},{'D7'},{'D4'},{'D6'},{'D3'},{'D5'},{'R3'},{'R1'},{'R2'},&,1.0,&
{'D2'},{'D1'},{'R3'},{'D6'},{'D4'},{'D5'},{'D7'},{'D3'},{'R1'},{'R2'},&,1.0,&
{'D2'},{'D1'},{'R3'},{'R2'},{'D4'},{'D6'},{'R1'},{'D3'},{'D5'},{'D7'},&,1.0,&
{'D2'},{'D6'},{'D4'},{'D7'},{'D3'},{'D1'},{'D5'},{'R1'},{'R3'},{'R2'},&,1.0,&
{'D2'},{'D6'},{'D4'},{'D7'},{'D5'},{'D1'},{'R3'},{'R2'},{'R1'},{'D3'},&,1.0,&
{'D2'},{'D6'},{'D4'},{'D7'},{'D5'},{'D1'},{'R3'},{'D3'},{'R1'},{'R2'},&,1.0,&
{'D2'},{'D6'},{'D4'},{'D7'},{'D5'},{'D1'},{'D3'},{'R3'},{'R2'},{'R1'},&,1.0,&
{'D2'},{'D6'},{'D4'},{'D7'},{'D5'},{'D3'},{'D1'},{'R2'},{'R3'},{'R1'},&,2.0,&
{'D2'},{'D6'},{'D4'},{'D7'},{'D5'},{'D3'},{'D1'},{'R2'},{'R1'},{'R3'},&,1.0,&
{'D2'},{'D6'},{'D4'},{'D7'},{'D5'},{'D3'},{'D1'},{'R3'},{'R2'},{'R1'},&,1.0,&
{'D2'},{'D6'},{'D4'},{'D7'},{'D5'},{'R1'},{'R3'},{'D1'},{'D3'},{'R2'},&,1.0,&
{'D2'},{'D6'},{'D4'},{'D1'},{'D3'},{'D5'},{'D7'},{'R2'},{'R3'},{'R1'},&,1.0,&
{'D2'},{'D6'},{'D4'},{'D1'},{'D5'},{'D3'},{'R3'},{'D7'},{'R1'},{'R2'},&,1.0,&
{'D2'},{'D6'},{'D4'},{'D1'},{'D5'},{'D3'},{'D7'},{'R3'},{'R2'},{'R1'},&,1.0,&
{'D2'},{'D6'},{'D4'},{'D1'},{'D5'},{'D3'},{'D7'},{'R3'},{'R1'},{'R2'},&,1.0,&
{'D2'},{'D6'},{'D4'},{'D1'},{'D5'},{'R3'},{'D3'},{'R1'},{'R2'},{'D7'},&,1.0,&
{'D2'},{'D6'},{'D4'},{'D3'},{'D1'},{'D5'},{'D7'},{'R2'},{'R1'},{'R3'},&,1.0,&
{'D2'},{'D6'},{'D4'},{'D3'},{'D7'},{'D5'},{'R3'},{'D1'},{'R2'},{'R1'},&,1.0,&
{'D2'},{'D6'},{'D4'},{'D3'},{'D7'},{'D5'},{'R3'},{'D1'},{'R1'},{'R2'},&,1.0,&
{'D2'},{'D6'},{'D4'},{'D3'},{'D7'},{'D5'},{'D1'},{'R2'},{'R3'},{'R1'},&,1.0,&
{'D2'},{'D6'},{'D4'},{'D3'},{'D7'},{'D5'},{'R2'},{'D1'},{'R1'},{'R3'},&,1.0,&
{'D2'},{'D6'},{'D4'},{'D3'},{'D7'},{'D5'},{'R1'},{'D1'},{'R3'},{'R2'},&,1.0,&
{'D2'},{'D6'},{'D4'},{'D3'},{'D7'},{'R2'},{'D5'},{'D1'},{'R3'},{'R1'},&,1.0,&
{'D2'},{'D6'},{'D4'},{'D3'},{'D5'},{'D7'},{'R3'},{'D1'},{'R2'},{'R1'},&,1.0,&
{'D2'},{'D6'},{'D4'},{'D3'},{'D5'},{'D7'},{'D1'},{'R1'},{'R3'},{'R2'},&,1.0,&
{'D2'},{'D6'},{'D4'},{'D3'},{'D5'},{'D7'},{'D1'},{'R2'},{'R3'},{'R1'},&,1.0,&
{'D2'},{'D6'},{'D4'},{'D3'},{'D5'},{'D7'},{'D1'},{'R3'},{'R2'},{'R1'},&,4.0,&
{'D2'},{'D6'},{'D4'},{'D3'},{'D5'},{'D7'},{'D1'},{'R3'},{'R1'},{'R2'},&,2.0,&
{'D2'},{'D6'},{'D4'},{'D3'},{'D5'},{'D7'},{'R2'},{'R3'},{'D1'},{'R1'},&,1.0,&
{'D2'},{'D6'},{'D4'},{'D3'},{'D5'},{'D1'},{'R2'},{'D7'},{'R3'},{'R1'},&,1.0,&
{'D2'},{'D6'},{'D4'},{'D3'},{'D5'},{'D1'},{'D7'},{'R1'},{'R3'},{'R2'},&,3.0,&
{'D2'},{'D6'},{'D4'},{'D3'},{'D5'},{'R1'},{'R3'},{'D1'},{'D7'},{'R2'},&,1.0,&
{'D2'},{'D6'},{'D4'},{'D5'},{'D1'},{'D7'},{'R2'},{'D3'},{'R3'},{'R1'},&,1.0,&
{'D2'},{'D6'},{'D4'},{'D5'},{'D1'},{'D7'},{'D3'},{'R2'},{'R3'},{'R1'},&,1.0,&
{'D2'},{'D6'},{'D4'},{'D5'},{'D1'},{'D7'},{'D3'},{'R3'},{'R1'},{'R2'},&,3.0,&
{'D2'},{'D6'},{'D4'},{'D5'},{'D1'},{'D3'},{'D7'},{'R3'},{'R2'},{'R1'},&,1.0,&
{'D2'},{'D6'},{'D4'},{'D5'},{'D1'},{'D3'},{'D7'},{'R3'},{'R1'},{'R2'},&,2.0,&
{'D2'},{'D6'},{'D4'},{'D5'},{'D1'},{'R2'},{'D3'},{'D7'},{'R1'},{'R3'},&,1.0,&
{'D2'},{'D6'},{'D4'},{'D5'},{'D7'},{'D1'},{'D3'},{'R3'},{'R1'},{'R2'},&,1.0,&
{'D2'},{'D6'},{'D4'},{'D5'},{'D7'},{'D3'},{'R3'},{'R2'},{'R1'},{'D1'},&,1.0,&
{'D2'},{'D6'},{'D4'},{'D5'},{'D7'},{'D3'},{'D1'},{'R1'},{'R3'},{'R2'},&,1.0,&
{'D2'},{'D6'},{'D4'},{'D5'},{'D7'},{'D3'},{'D1'},{'R2'},{'R3'},{'R1'},&,1.0,&
{'D2'},{'D6'},{'D4'},{'D5'},{'D7'},{'D3'},{'D1'},{'R3'},{'R2'},{'R1'},&,4.0,&
{'D2'},{'D6'},{'D4'},{'D5'},{'D7'},{'D3'},{'R2'},{'D1'},{'R3'},{'R1'},&,1.0,&
{'D2'},{'D6'},{'D4'},{'D5'},{'D7'},{'R2'},{'D3'},{'D1'},{'R1'},{'R3'},&,1.0,&
{'D2'},{'D6'},{'D4'},{'D5'},{'D3'},{'D7'},{'R3'},{'D1'},{'R2'},{'R1'},&,1.0,&
{'D2'},{'D6'},{'D4'},{'D5'},{'D3'},{'D7'},{'R3'},{'D1'},{'R1'},{'R2'},&,1.0,&
{'D2'},{'D6'},{'D4'},{'D5'},{'D3'},{'D7'},{'D1'},{'R2'},{'R1'},{'R3'},&,1.0,&
{'D2'},{'D6'},{'D4'},{'D5'},{'D3'},{'D7'},{'D1'},{'R3'},{'R2'},{'R1'},&,1.0,&
{'D2'},{'D6'},{'D4'},{'D5'},{'D3'},{'D7'},{'D1'},{'R3'},{'R1'},{'R2'},&,1.0,&
{'D2'},{'D6'},{'D4'},{'D5'},{'D3'},{'D7'},{'R2'},{'D1'},{'R3'},{'R1'},&,1.0,&
{'D2'},{'D6'},{'D4'},{'D5'},{'D3'},{'D1'},{'R3'},{'D7'},{'R1'},{'R2'},&,1.0,&
{'D2'},{'D6'},{'D4'},{'D5'},{'D3'},{'D1'},{'D7'},{'R3'},{'R2'},{'R1'},&,1.0,&
{'D2'},{'D6'},{'D4'},{'D5'},{'D3'},{'D1'},{'D7'},{'R3'},{'R1'},{'R2'},&,1.0,&
{'D2'},{'D6'},{'D3'},{'D7'},{'D1'},{'D4'},{'D5'},{'R2'},{'R1'},{'R3'},&,1.0,&
{'D2'},{'D6'},{'D3'},{'D7'},{'D1'},{'D5'},{'R3'},{'D4'},{'R1'},{'R2'},&,1.0,&
{'D2'},{'D6'},{'D3'},{'D7'},{'D1'},{'D5'},{'D4'},{'R1'},{'R3'},{'R2'},&,2.0,&
{'D2'},{'D6'},{'D3'},{'D7'},{'D4'},{'R3'},{'D5'},{'R2'},{'D1'},{'R1'},&,1.0,&
{'D2'},{'D6'},{'D3'},{'D7'},{'D5'},{'D4'},{'R3'},{'D1'},{'R2'},{'R1'},&,1.0,&
{'D2'},{'D6'},{'D3'},{'D7'},{'D5'},{'D4'},{'D1'},{'R1'},{'R3'},{'R2'},&,1.0,&
{'D2'},{'D6'},{'D3'},{'D7'},{'D5'},{'D4'},{'D1'},{'R3'},{'R2'},{'R1'},&,1.0,&
{'D2'},{'D6'},{'D3'},{'D7'},{'D5'},{'D4'},{'D1'},{'R3'},{'R1'},{'R2'},&,1.0,&
{'D2'},{'D6'},{'D3'},{'D7'},{'D5'},{'D4'},{'R1'},{'D1'},{'R3'},{'R2'},&,1.0,&
{'D2'},{'D6'},{'D3'},{'D7'},{'D5'},{'D1'},{'D4'},{'R1'},{'R2'},{'R3'},&,1.0,&
{'D2'},{'D6'},{'D3'},{'D7'},{'D5'},{'D1'},{'D4'},{'R1'},{'R3'},{'R2'},&,1.0,&
{'D2'},{'D6'},{'D3'},{'D7'},{'D5'},{'D1'},{'D4'},{'R2'},{'R3'},{'R1'},&,1.0,&
{'D2'},{'D6'},{'D3'},{'D7'},{'D5'},{'D1'},{'D4'},{'R3'},{'R2'},{'R1'},&,1.0,&
{'D2'},{'D6'},{'D3'},{'D7'},{'D5'},{'D1'},{'R2'},{'D4'},{'R1'},{'R3'},&,1.0,&
{'D2'},{'D6'},{'D3'},{'D7'},{'D5'},{'D1'},{'R1'},{'R2'},{'D4'},{'R3'},&,1.0,&
{'D2'},{'D6'},{'D3'},{'D7'},{'D5'},{'R1'},{'D1'},{'D4'},{'R3'},{'R2'},&,2.0,&
{'D2'},{'D6'},{'D3'},{'D7'},{'D5'},{'R3'},{'R1'},{'D4'},{'D1'},{'R2'},&,1.0,&
{'D2'},{'D6'},{'D3'},{'D1'},{'D4'},{'D5'},{'D7'},{'R2'},{'R1'},{'R3'},&,1.0,&
{'D2'},{'D6'},{'D3'},{'D1'},{'D4'},{'D5'},{'D7'},{'R3'},{'R1'},{'R2'},&,1.0,&
{'D2'},{'D6'},{'D3'},{'D1'},{'D5'},{'D4'},{'D7'},{'R2'},{'R3'},{'R1'},&,1.0,&
{'D2'},{'D6'},{'D3'},{'D1'},{'D5'},{'D4'},{'D7'},{'R3'},{'R2'},{'R1'},&,1.0,&
{'D2'},{'D6'},{'D3'},{'D1'},{'D5'},{'D4'},{'D7'},{'R3'},{'R1'},{'R2'},&,1.0,&
{'D2'},{'D6'},{'D3'},{'D1'},{'D5'},{'D7'},{'D4'},{'R3'},{'R2'},{'R1'},&,3.0,&
{'D2'},{'D6'},{'D3'},{'D5'},{'D1'},{'D4'},{'R3'},{'R2'},{'D7'},{'R1'},&,1.0,&
{'D2'},{'D6'},{'D3'},{'D5'},{'D1'},{'D4'},{'R3'},{'D7'},{'R2'},{'R1'},&,1.0,&
{'D2'},{'D6'},{'D3'},{'D5'},{'D1'},{'D4'},{'R2'},{'R3'},{'D7'},{'R1'},&,1.0,&
{'D2'},{'D6'},{'D3'},{'D5'},{'D1'},{'D4'},{'D7'},{'R1'},{'R2'},{'R3'},&,1.0,&
{'D2'},{'D6'},{'D3'},{'D5'},{'D1'},{'D4'},{'D7'},{'R1'},{'R3'},{'R2'},&,3.0,&
{'D2'},{'D6'},{'D3'},{'D5'},{'D1'},{'D4'},{'D7'},{'R2'},{'R3'},{'R1'},&,1.0,&
{'D2'},{'D6'},{'D3'},{'D5'},{'D1'},{'D4'},{'D7'},{'R2'},{'R1'},{'R3'},&,1.0,&
{'D2'},{'D6'},{'D3'},{'D5'},{'D1'},{'D4'},{'D7'},{'R3'},{'R2'},{'R1'},&,2.0,&
{'D2'},{'D6'},{'D3'},{'D5'},{'D1'},{'D4'},{'D7'},{'R3'},{'R1'},{'R2'},&,2.0,&
{'D2'},{'D6'},{'D3'},{'D5'},{'D1'},{'D7'},{'R3'},{'R1'},{'R2'},{'D4'},&,1.0,&
{'D2'},{'D6'},{'D3'},{'D5'},{'D1'},{'D7'},{'R3'},{'D4'},{'R1'},{'R2'},&,1.0,&
{'D2'},{'D6'},{'D3'},{'D5'},{'D1'},{'D7'},{'D4'},{'R1'},{'R2'},{'R3'},&,1.0,&
{'D2'},{'D6'},{'D3'},{'D5'},{'D1'},{'D7'},{'D4'},{'R1'},{'R3'},{'R2'},&,1.0,&
{'D2'},{'D6'},{'D3'},{'D5'},{'D1'},{'D7'},{'D4'},{'R2'},{'R3'},{'R1'},&,2.0,&
{'D2'},{'D6'},{'D3'},{'D5'},{'D1'},{'D7'},{'D4'},{'R3'},{'R2'},{'R1'},&,2.0,&
{'D2'},{'D6'},{'D3'},{'D5'},{'D1'},{'D7'},{'R1'},{'D4'},{'R2'},{'R3'},&,1.0,&
{'D2'},{'D6'},{'D3'},{'D5'},{'D7'},{'D4'},{'R3'},{'R1'},{'R2'},{'D1'},&,1.0,&
{'D2'},{'D6'},{'D3'},{'D5'},{'D7'},{'D4'},{'R3'},{'D1'},{'R2'},{'R1'},&,1.0,&
{'D2'},{'D6'},{'D3'},{'D5'},{'D7'},{'D4'},{'R3'},{'D1'},{'R1'},{'R2'},&,1.0,&
{'D2'},{'D6'},{'D3'},{'D5'},{'D7'},{'D4'},{'D1'},{'R1'},{'R2'},{'R3'},&,1.0,&
{'D2'},{'D6'},{'D3'},{'D5'},{'D7'},{'D4'},{'D1'},{'R2'},{'R3'},{'R1'},&,1.0,&
{'D2'},{'D6'},{'D3'},{'D5'},{'D7'},{'D4'},{'D1'},{'R2'},{'R1'},{'R3'},&,3.0,&
{'D2'},{'D6'},{'D3'},{'D5'},{'D7'},{'D4'},{'D1'},{'R3'},{'R2'},{'R1'},&,3.0,&
{'D2'},{'D6'},{'D3'},{'D5'},{'D7'},{'D4'},{'D1'},{'R3'},{'R1'},{'R2'},&,2.0,&
{'D2'},{'D6'},{'D3'},{'D5'},{'D7'},{'D4'},{'R2'},{'R3'},{'D1'},{'R1'},&,1.0,&
{'D2'},{'D6'},{'D3'},{'D5'},{'D7'},{'D4'},{'R2'},{'D1'},{'R3'},{'R1'},&,1.0,&
{'D2'},{'D6'},{'D3'},{'D5'},{'D7'},{'D4'},{'R1'},{'D1'},{'R2'},{'R3'},&,1.0,&
{'D2'},{'D6'},{'D3'},{'D5'},{'D7'},{'D4'},{'R1'},{'D1'},{'R3'},{'R2'},&,1.0,&
{'D2'},{'D6'},{'D3'},{'D5'},{'D7'},{'D1'},{'R3'},{'D4'},{'R2'},{'R1'},&,4.0,&
{'D2'},{'D6'},{'D3'},{'D5'},{'D7'},{'D1'},{'R3'},{'D4'},{'R1'},{'R2'},&,1.0,&
{'D2'},{'D6'},{'D3'},{'D5'},{'D7'},{'D1'},{'D4'},{'R1'},{'R2'},{'R3'},&,1.0,&
{'D2'},{'D6'},{'D3'},{'D5'},{'D7'},{'D1'},{'D4'},{'R2'},{'R3'},{'R1'},&,1.0,&
{'D2'},{'D6'},{'D3'},{'D5'},{'D7'},{'D1'},{'D4'},{'R2'},{'R1'},{'R3'},&,1.0,&
{'D2'},{'D6'},{'D3'},{'D5'},{'D7'},{'D1'},{'D4'},{'R3'},{'R2'},{'R1'},&,1.0,&
{'D2'},{'D6'},{'D3'},{'D5'},{'D7'},{'D1'},{'D4'},{'R3'},{'R1'},{'R2'},&,2.0,&
{'D2'},{'D6'},{'D3'},{'D5'},{'D7'},{'R2'},{'D4'},{'D1'},{'R3'},{'R1'},&,1.0,&
{'D2'},{'D6'},{'D3'},{'D5'},{'D7'},{'R3'},{'D1'},{'R1'},{'D4'},{'R2'},&,1.0,&
{'D2'},{'D6'},{'D3'},{'D5'},{'D4'},{'D7'},{'R3'},{'D1'},{'R2'},{'R1'},&,1.0,&
{'D2'},{'D6'},{'D3'},{'D5'},{'D4'},{'D7'},{'R3'},{'D1'},{'R1'},{'R2'},&,3.0,&
{'D2'},{'D6'},{'D3'},{'D5'},{'D4'},{'D7'},{'D1'},{'R1'},{'R3'},{'R2'},&,1.0,&
{'D2'},{'D6'},{'D3'},{'D5'},{'D4'},{'D7'},{'D1'},{'R2'},{'R3'},{'R1'},&,2.0,&
{'D2'},{'D6'},{'D3'},{'D5'},{'D4'},{'D7'},{'D1'},{'R2'},{'R1'},{'R3'},&,1.0,&
{'D2'},{'D6'},{'D3'},{'D5'},{'D4'},{'D7'},{'D1'},{'R3'},{'R2'},{'R1'},&,2.0,&
{'D2'},{'D6'},{'D3'},{'D5'},{'D4'},{'D7'},{'D1'},{'R3'},{'R1'},{'R2'},&,5.0,&
{'D2'},{'D6'},{'D3'},{'D5'},{'D4'},{'D1'},{'R3'},{'D7'},{'R1'},{'R2'},&,1.0,&
{'D2'},{'D6'},{'D3'},{'D5'},{'D4'},{'D1'},{'D7'},{'R2'},{'R1'},{'R3'},&,1.0,&
{'D2'},{'D6'},{'D3'},{'D5'},{'D4'},{'D1'},{'D7'},{'R3'},{'R1'},{'R2'},&,4.0,&
{'D2'},{'D6'},{'D3'},{'D5'},{'D4'},{'R1'},{'D1'},{'D7'},{'R3'},{'R2'},&,1.0,&
{'D2'},{'D6'},{'D3'},{'D5'},{'R3'},{'D7'},{'D4'},{'D1'},{'R1'},{'R2'},&,1.0,&
{'D2'},{'D6'},{'D3'},{'D5'},{'R3'},{'D1'},{'D7'},{'D4'},{'R1'},{'R2'},&,1.0,&
{'D2'},{'D6'},{'D3'},{'D5'},{'R1'},{'D7'},{'D4'},{'D1'},{'R2'},{'R3'},&,1.0,&
{'D2'},{'D6'},{'D3'},{'R1'},{'D7'},{'D5'},{'D4'},{'D1'},{'R2'},{'R3'},&,1.0,&
{'D2'},{'D6'},{'D3'},{'D4'},{'D1'},{'D7'},{'D5'},{'R3'},{'R1'},{'R2'},&,1.0,&
{'D2'},{'D6'},{'D3'},{'D4'},{'D1'},{'D5'},{'D7'},{'R1'},{'R3'},{'R2'},&,1.0,&
{'D2'},{'D6'},{'D3'},{'D4'},{'D1'},{'D5'},{'D7'},{'R2'},{'R3'},{'R1'},&,1.0,&
{'D2'},{'D6'},{'D3'},{'D4'},{'D1'},{'D5'},{'D7'},{'R3'},{'R2'},{'R1'},&,1.0,&
{'D2'},{'D6'},{'D3'},{'D4'},{'D7'},{'D5'},{'D1'},{'R1'},{'R2'},{'R3'},&,1.0,&
{'D2'},{'D6'},{'D3'},{'D4'},{'D7'},{'D5'},{'D1'},{'R3'},{'R2'},{'R1'},&,1.0,&
{'D2'},{'D6'},{'D3'},{'D4'},{'D7'},{'D5'},{'D1'},{'R3'},{'R1'},{'R2'},&,1.0,&
{'D2'},{'D6'},{'D3'},{'D4'},{'D5'},{'D7'},{'D1'},{'R1'},{'R3'},{'R2'},&,1.0,&
{'D2'},{'D6'},{'D3'},{'D4'},{'D5'},{'D7'},{'D1'},{'R2'},{'R3'},{'R1'},&,2.0,&
{'D2'},{'D6'},{'D3'},{'D4'},{'D5'},{'D7'},{'D1'},{'R3'},{'R2'},{'R1'},&,2.0,&
{'D2'},{'D6'},{'D3'},{'D4'},{'D5'},{'D7'},{'D1'},{'R3'},{'R1'},{'R2'},&,1.0,&
{'D2'},{'D6'},{'D3'},{'D4'},{'D5'},{'D7'},{'R1'},{'D1'},{'R3'},{'R2'},&,1.0,&
{'D2'},{'D6'},{'D3'},{'D4'},{'D5'},{'D1'},{'R3'},{'D7'},{'R2'},{'R1'},&,1.0,&
{'D2'},{'D6'},{'D3'},{'D4'},{'D5'},{'D1'},{'D7'},{'R1'},{'R2'},{'R3'},&,1.0,&
{'D2'},{'D6'},{'D3'},{'D4'},{'D5'},{'D1'},{'D7'},{'R2'},{'R3'},{'R1'},&,1.0,&
{'D2'},{'D6'},{'D3'},{'D4'},{'D5'},{'D1'},{'D7'},{'R3'},{'R1'},{'R2'},&,2.0,&
{'D2'},{'D6'},{'D3'},{'D4'},{'D5'},{'R3'},{'D7'},{'R1'},{'R2'},{'D1'},&,1.0,&
{'D2'},{'D6'},{'D3'},{'D4'},{'R1'},{'D1'},{'D5'},{'D7'},{'R3'},{'R2'},&,1.0,&
{'D2'},{'D6'},{'D5'},{'D7'},{'D1'},{'D4'},{'D3'},{'R1'},{'R3'},{'R2'},&,1.0,&
{'D2'},{'D6'},{'D5'},{'D7'},{'D1'},{'D4'},{'D3'},{'R2'},{'R1'},{'R3'},&,1.0,&
{'D2'},{'D6'},{'D5'},{'D7'},{'D1'},{'D4'},{'D3'},{'R3'},{'R2'},{'R1'},&,1.0,&
{'D2'},{'D6'},{'D5'},{'D7'},{'D1'},{'D3'},{'R3'},{'D4'},{'R2'},{'R1'},&,1.0,&
{'D2'},{'D6'},{'D5'},{'D7'},{'D1'},{'D3'},{'D4'},{'R1'},{'R3'},{'R2'},&,5.0,&
{'D2'},{'D6'},{'D5'},{'D7'},{'D1'},{'D3'},{'D4'},{'R2'},{'R3'},{'R1'},&,1.0,&
{'D2'},{'D6'},{'D5'},{'D7'},{'D1'},{'D3'},{'D4'},{'R3'},{'R2'},{'R1'},&,5.0,&
{'D2'},{'D6'},{'D5'},{'D7'},{'D1'},{'D3'},{'D4'},{'R3'},{'R1'},{'R2'},&,2.0,&
{'D2'},{'D6'},{'D5'},{'D7'},{'D3'},{'D4'},{'R3'},{'R2'},{'D1'},{'R1'},&,1.0,&
{'D2'},{'D6'},{'D5'},{'D7'},{'D3'},{'D4'},{'D1'},{'R1'},{'R3'},{'R2'},&,1.0,&
{'D2'},{'D6'},{'D5'},{'D7'},{'D3'},{'D4'},{'D1'},{'R2'},{'R3'},{'R1'},&,3.0,&
{'D2'},{'D6'},{'D5'},{'D7'},{'D3'},{'D4'},{'D1'},{'R2'},{'R1'},{'R3'},&,1.0,&
{'D2'},{'D6'},{'D5'},{'D7'},{'D3'},{'D4'},{'D1'},{'R3'},{'R2'},{'R1'},&,3.0,&
{'D2'},{'D6'},{'D5'},{'D7'},{'D3'},{'D4'},{'D1'},{'R3'},{'R1'},{'R2'},&,2.0,&
{'D2'},{'D6'},{'D5'},{'D7'},{'D3'},{'D4'},{'R2'},{'D1'},{'R1'},{'R3'},&,3.0,&
{'D2'},{'D6'},{'D5'},{'D7'},{'D3'},{'D4'},{'R1'},{'R3'},{'D1'},{'R2'},&,1.0,&
{'D2'},{'D6'},{'D5'},{'D7'},{'D3'},{'D4'},{'R1'},{'D1'},{'R3'},{'R2'},&,1.0,&
{'D2'},{'D6'},{'D5'},{'D7'},{'D3'},{'D1'},{'R3'},{'D4'},{'R2'},{'R1'},&,1.0,&
{'D2'},{'D6'},{'D5'},{'D7'},{'D3'},{'D1'},{'D4'},{'R1'},{'R2'},{'R3'},&,1.0,&
{'D2'},{'D6'},{'D5'},{'D7'},{'D3'},{'D1'},{'D4'},{'R1'},{'R3'},{'R2'},&,3.0,&
{'D2'},{'D6'},{'D5'},{'D7'},{'D3'},{'D1'},{'D4'},{'R2'},{'R3'},{'R1'},&,2.0,&
{'D2'},{'D6'},{'D5'},{'D7'},{'D3'},{'D1'},{'D4'},{'R3'},{'R2'},{'R1'},&,1.0,&
{'D2'},{'D6'},{'D5'},{'D7'},{'D3'},{'D1'},{'D4'},{'R3'},{'R1'},{'R2'},&,2.0,&
{'D2'},{'D6'},{'D5'},{'D7'},{'D3'},{'D1'},{'R1'},{'R3'},{'D4'},{'R2'},&,1.0,&
{'D2'},{'D6'},{'D5'},{'D7'},{'D3'},{'R3'},{'D1'},{'D4'},{'R2'},{'R1'},&,1.0,&
{'D2'},{'D6'},{'D5'},{'D7'},{'D3'},{'R3'},{'R2'},{'D1'},{'D4'},{'R1'},&,1.0,&
{'D2'},{'D6'},{'D5'},{'D7'},{'D4'},{'D1'},{'D3'},{'R1'},{'R3'},{'R2'},&,1.0,&
{'D2'},{'D6'},{'D5'},{'D7'},{'D4'},{'D1'},{'D3'},{'R2'},{'R3'},{'R1'},&,1.0,&
{'D2'},{'D6'},{'D5'},{'D7'},{'D4'},{'D1'},{'D3'},{'R3'},{'R2'},{'R1'},&,1.0,&
{'D2'},{'D6'},{'D5'},{'D7'},{'D4'},{'D1'},{'D3'},{'R3'},{'R1'},{'R2'},&,2.0,&
{'D2'},{'D6'},{'D5'},{'D7'},{'D4'},{'D3'},{'R3'},{'D1'},{'R2'},{'R1'},&,3.0,&
{'D2'},{'D6'},{'D5'},{'D7'},{'D4'},{'D3'},{'D1'},{'R1'},{'R2'},{'R3'},&,2.0,&
{'D2'},{'D6'},{'D5'},{'D7'},{'D4'},{'D3'},{'D1'},{'R1'},{'R3'},{'R2'},&,2.0,&
{'D2'},{'D6'},{'D5'},{'D7'},{'D4'},{'D3'},{'D1'},{'R2'},{'R3'},{'R1'},&,2.0,&
{'D2'},{'D6'},{'D5'},{'D7'},{'D4'},{'D3'},{'D1'},{'R3'},{'R2'},{'R1'},&,7.0,&
{'D2'},{'D6'},{'D5'},{'D7'},{'D4'},{'R3'},{'D1'},{'D3'},{'R1'},{'R2'},&,1.0,&
{'D2'},{'D6'},{'D5'},{'D7'},{'R3'},{'D1'},{'D3'},{'D4'},{'R1'},{'R2'},&,1.0,&
{'D2'},{'D6'},{'D5'},{'D1'},{'D7'},{'D4'},{'D3'},{'R1'},{'R3'},{'R2'},&,1.0,&
{'D2'},{'D6'},{'D5'},{'D1'},{'D7'},{'D4'},{'D3'},{'R3'},{'R2'},{'R1'},&,1.0,&
{'D2'},{'D6'},{'D5'},{'D1'},{'D7'},{'D4'},{'D3'},{'R3'},{'R1'},{'R2'},&,1.0,&
{'D2'},{'D6'},{'D5'},{'D1'},{'D7'},{'D3'},{'R3'},{'D4'},{'R1'},{'R2'},&,1.0,&
{'D2'},{'D6'},{'D5'},{'D1'},{'D7'},{'D3'},{'D4'},{'R1'},{'R2'},{'R3'},&,1.0,&
{'D2'},{'D6'},{'D5'},{'D1'},{'D7'},{'D3'},{'D4'},{'R1'},{'R3'},{'R2'},&,1.0,&
{'D2'},{'D6'},{'D5'},{'D1'},{'D7'},{'D3'},{'D4'},{'R2'},{'R3'},{'R1'},&,1.0,&
{'D2'},{'D6'},{'D5'},{'D1'},{'D7'},{'D3'},{'D4'},{'R3'},{'R2'},{'R1'},&,2.0,&
{'D2'},{'D6'},{'D5'},{'D1'},{'D7'},{'D3'},{'D4'},{'R3'},{'R1'},{'R2'},&,1.0,&
{'D2'},{'D6'},{'D5'},{'D1'},{'D7'},{'D3'},{'R2'},{'R1'},{'D4'},{'R3'},&,1.0,&
{'D2'},{'D6'},{'D5'},{'D1'},{'D3'},{'D4'},{'R3'},{'R1'},{'D7'},{'R2'},&,1.0,&
{'D2'},{'D6'},{'D5'},{'D1'},{'D3'},{'D4'},{'R3'},{'D7'},{'R2'},{'R1'},&,1.0,&
{'D2'},{'D6'},{'D5'},{'D1'},{'D3'},{'D4'},{'D7'},{'R1'},{'R3'},{'R2'},&,2.0,&
{'D2'},{'D6'},{'D5'},{'D1'},{'D3'},{'D4'},{'D7'},{'R2'},{'R3'},{'R1'},&,1.0,&
{'D2'},{'D6'},{'D5'},{'D1'},{'D3'},{'D4'},{'D7'},{'R3'},{'R1'},{'R2'},&,2.0,&
{'D2'},{'D6'},{'D5'},{'D1'},{'D3'},{'D7'},{'R3'},{'D4'},{'R1'},{'R2'},&,1.0,&
{'D2'},{'D6'},{'D5'},{'D1'},{'D3'},{'D7'},{'D4'},{'R1'},{'R3'},{'R2'},&,2.0,&
{'D2'},{'D6'},{'D5'},{'D1'},{'D3'},{'D7'},{'D4'},{'R3'},{'R2'},{'R1'},&,1.0,&
{'D2'},{'D6'},{'D5'},{'D1'},{'D3'},{'D7'},{'D4'},{'R3'},{'R1'},{'R2'},&,1.0,&
{'D2'},{'D6'},{'D5'},{'D1'},{'D3'},{'D7'},{'R2'},{'R1'},{'D4'},{'R3'},&,1.0,&
{'D2'},{'D6'},{'D5'},{'D1'},{'D4'},{'D7'},{'R3'},{'D3'},{'R2'},{'R1'},&,1.0,&
{'D2'},{'D6'},{'D5'},{'D1'},{'D4'},{'D7'},{'D3'},{'R1'},{'R3'},{'R2'},&,1.0,&
{'D2'},{'D6'},{'D5'},{'D1'},{'D4'},{'D7'},{'D3'},{'R3'},{'R1'},{'R2'},&,1.0,&
{'D2'},{'D6'},{'D5'},{'D1'},{'D4'},{'D3'},{'D7'},{'R1'},{'R2'},{'R3'},&,1.0,&
{'D2'},{'D6'},{'D5'},{'D1'},{'D4'},{'D3'},{'D7'},{'R1'},{'R3'},{'R2'},&,1.0,&
{'D2'},{'D6'},{'D5'},{'D1'},{'D4'},{'D3'},{'D7'},{'R2'},{'R3'},{'R1'},&,1.0,&
{'D2'},{'D6'},{'D5'},{'D1'},{'D4'},{'D3'},{'D7'},{'R3'},{'R1'},{'R2'},&,2.0,&
{'D2'},{'D6'},{'D5'},{'D1'},{'D4'},{'D3'},{'R1'},{'D7'},{'R3'},{'R2'},&,1.0,&
{'D2'},{'D6'},{'D5'},{'D1'},{'R3'},{'D3'},{'D4'},{'R1'},{'R2'},{'D7'},&,1.0,&
{'D2'},{'D6'},{'D5'},{'D1'},{'R2'},{'D4'},{'D7'},{'D3'},{'R3'},{'R1'},&,1.0,&
{'D2'},{'D6'},{'D5'},{'D3'},{'D1'},{'D4'},{'D7'},{'R1'},{'R2'},{'R3'},&,2.0,&
{'D2'},{'D6'},{'D5'},{'D3'},{'D1'},{'D4'},{'D7'},{'R1'},{'R3'},{'R2'},&,1.0,&
{'D2'},{'D6'},{'D5'},{'D3'},{'D1'},{'D4'},{'D7'},{'R2'},{'R3'},{'R1'},&,3.0,&
{'D2'},{'D6'},{'D5'},{'D3'},{'D1'},{'D4'},{'D7'},{'R2'},{'R1'},{'R3'},&,1.0,&
{'D2'},{'D6'},{'D5'},{'D3'},{'D1'},{'D4'},{'D7'},{'R3'},{'R1'},{'R2'},&,3.0,&
{'D2'},{'D6'},{'D5'},{'D3'},{'D1'},{'D7'},{'R3'},{'R1'},{'R2'},{'D4'},&,1.0,&
{'D2'},{'D6'},{'D5'},{'D3'},{'D1'},{'D7'},{'R3'},{'R1'},{'D4'},{'R2'},&,2.0,&
{'D2'},{'D6'},{'D5'},{'D3'},{'D1'},{'D7'},{'D4'},{'R1'},{'R2'},{'R3'},&,2.0,&
{'D2'},{'D6'},{'D5'},{'D3'},{'D1'},{'D7'},{'D4'},{'R2'},{'R1'},{'R3'},&,1.0,&
{'D2'},{'D6'},{'D5'},{'D3'},{'D1'},{'D7'},{'D4'},{'R3'},{'R2'},{'R1'},&,1.0,&
{'D2'},{'D6'},{'D5'},{'D3'},{'D1'},{'D7'},{'D4'},{'R3'},{'R1'},{'R2'},&,2.0,&
{'D2'},{'D6'},{'D5'},{'D3'},{'D1'},{'D7'},{'R2'},{'D4'},{'R1'},{'R3'},&,1.0,&
{'D2'},{'D6'},{'D5'},{'D3'},{'D1'},{'D7'},{'R1'},{'R3'},{'D4'},{'R2'},&,1.0,&
{'D2'},{'D6'},{'D5'},{'D3'},{'D7'},{'D4'},{'R3'},{'D1'},{'R2'},{'R1'},&,2.0,&
{'D2'},{'D6'},{'D5'},{'D3'},{'D7'},{'D4'},{'R3'},{'D1'},{'R1'},{'R2'},&,3.0,&
{'D2'},{'D6'},{'D5'},{'D3'},{'D7'},{'D4'},{'D1'},{'R1'},{'R2'},{'R3'},&,1.0,&
{'D2'},{'D6'},{'D5'},{'D3'},{'D7'},{'D4'},{'D1'},{'R1'},{'R3'},{'R2'},&,6.0,&
{'D2'},{'D6'},{'D5'},{'D3'},{'D7'},{'D4'},{'D1'},{'R3'},{'R2'},{'R1'},&,5.0,&
{'D2'},{'D6'},{'D5'},{'D3'},{'D7'},{'D4'},{'D1'},{'R3'},{'R1'},{'R2'},&,7.0,&
{'D2'},{'D6'},{'D5'},{'D3'},{'D7'},{'D4'},{'R2'},{'D1'},{'R3'},{'R1'},&,1.0,&
{'D2'},{'D6'},{'D5'},{'D3'},{'D7'},{'D1'},{'R3'},{'R1'},{'D4'},{'R2'},&,1.0,&
{'D2'},{'D6'},{'D5'},{'D3'},{'D7'},{'D1'},{'D4'},{'R1'},{'R3'},{'R2'},&,1.0,&
{'D2'},{'D6'},{'D5'},{'D3'},{'D7'},{'D1'},{'D4'},{'R2'},{'R3'},{'R1'},&,1.0,&
{'D2'},{'D6'},{'D5'},{'D3'},{'D7'},{'D1'},{'D4'},{'R3'},{'R2'},{'R1'},&,1.0,&
{'D2'},{'D6'},{'D5'},{'D3'},{'D7'},{'D1'},{'D4'},{'R3'},{'R1'},{'R2'},&,4.0,&
{'D2'},{'D6'},{'D5'},{'D3'},{'D7'},{'D1'},{'R2'},{'D4'},{'R1'},{'R3'},&,1.0,&
{'D2'},{'D6'},{'D5'},{'D3'},{'D7'},{'R3'},{'D4'},{'R2'},{'D1'},{'R1'},&,1.0,&
{'D2'},{'D6'},{'D5'},{'D3'},{'D4'},{'D7'},{'R3'},{'R1'},{'D1'},{'R2'},&,1.0,&
{'D2'},{'D6'},{'D5'},{'D3'},{'D4'},{'D7'},{'R3'},{'D1'},{'R2'},{'R1'},&,1.0,&
{'D2'},{'D6'},{'D5'},{'D3'},{'D4'},{'D7'},{'R3'},{'D1'},{'R1'},{'R2'},&,2.0,&
{'D2'},{'D6'},{'D5'},{'D3'},{'D4'},{'D7'},{'D1'},{'R1'},{'R2'},{'R3'},&,1.0,&
{'D2'},{'D6'},{'D5'},{'D3'},{'D4'},{'D7'},{'D1'},{'R1'},{'R3'},{'R2'},&,2.0,&
{'D2'},{'D6'},{'D5'},{'D3'},{'D4'},{'D7'},{'D1'},{'R2'},{'R3'},{'R1'},&,3.0,&
{'D2'},{'D6'},{'D5'},{'D3'},{'D4'},{'D7'},{'D1'},{'R3'},{'R2'},{'R1'},&,2.0,&
{'D2'},{'D6'},{'D5'},{'D3'},{'D4'},{'D7'},{'D1'},{'R3'},{'R1'},{'R2'},&,7.0,&
{'D2'},{'D6'},{'D5'},{'D3'},{'D4'},{'D1'},{'R3'},{'R2'},{'D7'},{'R1'},&,1.0,&
{'D2'},{'D6'},{'D5'},{'D3'},{'D4'},{'D1'},{'R3'},{'D7'},{'R2'},{'R1'},&,1.0,&
{'D2'},{'D6'},{'D5'},{'D3'},{'D4'},{'D1'},{'D7'},{'R1'},{'R3'},{'R2'},&,1.0,&
{'D2'},{'D6'},{'D5'},{'D3'},{'D4'},{'D1'},{'D7'},{'R2'},{'R3'},{'R1'},&,3.0,&
{'D2'},{'D6'},{'D5'},{'D3'},{'D4'},{'D1'},{'D7'},{'R2'},{'R1'},{'R3'},&,1.0,&
{'D2'},{'D6'},{'D5'},{'D3'},{'D4'},{'D1'},{'D7'},{'R3'},{'R2'},{'R1'},&,5.0,&
{'D2'},{'D6'},{'D5'},{'D3'},{'D4'},{'D1'},{'D7'},{'R3'},{'R1'},{'R2'},&,3.0,&
{'D2'},{'D6'},{'D5'},{'D3'},{'D4'},{'D1'},{'R1'},{'D7'},{'R3'},{'R2'},&,1.0,&
{'D2'},{'D6'},{'D5'},{'D3'},{'D4'},{'R2'},{'R3'},{'D7'},{'D1'},{'R1'},&,1.0,&
{'D2'},{'D6'},{'D5'},{'D3'},{'R3'},{'D1'},{'D7'},{'D4'},{'R2'},{'R1'},&,1.0,&
{'D2'},{'D6'},{'D5'},{'D4'},{'D1'},{'D7'},{'R3'},{'D3'},{'R2'},{'R1'},&,1.0,&
{'D2'},{'D6'},{'D5'},{'D4'},{'D1'},{'D7'},{'D3'},{'R2'},{'R3'},{'R1'},&,1.0,&
{'D2'},{'D6'},{'D5'},{'D4'},{'D1'},{'D3'},{'R3'},{'D7'},{'R1'},{'R2'},&,1.0,&
{'D2'},{'D6'},{'D5'},{'D4'},{'D1'},{'D3'},{'D7'},{'R1'},{'R2'},{'R3'},&,2.0,&
{'D2'},{'D6'},{'D5'},{'D4'},{'D1'},{'D3'},{'D7'},{'R2'},{'R3'},{'R1'},&,2.0,&
{'D2'},{'D6'},{'D5'},{'D4'},{'D1'},{'D3'},{'D7'},{'R3'},{'R2'},{'R1'},&,3.0,&
{'D2'},{'D6'},{'D5'},{'D4'},{'D1'},{'D3'},{'R1'},{'R2'},{'R3'},{'D7'},&,1.0,&
{'D2'},{'D6'},{'D5'},{'D4'},{'D1'},{'R3'},{'D3'},{'D7'},{'R2'},{'R1'},&,1.0,&
{'D2'},{'D6'},{'D5'},{'D4'},{'D7'},{'D1'},{'R2'},{'R1'},{'D3'},{'R3'},&,1.0,&
{'D2'},{'D6'},{'D5'},{'D4'},{'D7'},{'D1'},{'D3'},{'R1'},{'R3'},{'R2'},&,1.0,&
{'D2'},{'D6'},{'D5'},{'D4'},{'D7'},{'D1'},{'D3'},{'R2'},{'R3'},{'R1'},&,1.0,&
{'D2'},{'D6'},{'D5'},{'D4'},{'D7'},{'D1'},{'D3'},{'R3'},{'R1'},{'R2'},&,1.0,&
{'D2'},{'D6'},{'D5'},{'D4'},{'D7'},{'D3'},{'R3'},{'D1'},{'R2'},{'R1'},&,1.0,&
{'D2'},{'D6'},{'D5'},{'D4'},{'D7'},{'D3'},{'R3'},{'D1'},{'R1'},{'R2'},&,1.0,&
{'D2'},{'D6'},{'D5'},{'D4'},{'D7'},{'D3'},{'D1'},{'R1'},{'R2'},{'R3'},&,3.0,&
{'D2'},{'D6'},{'D5'},{'D4'},{'D7'},{'D3'},{'D1'},{'R1'},{'R3'},{'R2'},&,3.0,&
{'D2'},{'D6'},{'D5'},{'D4'},{'D7'},{'D3'},{'D1'},{'R2'},{'R3'},{'R1'},&,2.0,&
{'D2'},{'D6'},{'D5'},{'D4'},{'D7'},{'D3'},{'D1'},{'R3'},{'R1'},{'R2'},&,1.0,&
{'D2'},{'D6'},{'D5'},{'D4'},{'D7'},{'D3'},{'R2'},{'D1'},{'R3'},{'R1'},&,2.0,&
{'D2'},{'D6'},{'D5'},{'D4'},{'D7'},{'D3'},{'R1'},{'R3'},{'D1'},{'R2'},&,1.0,&
{'D2'},{'D6'},{'D5'},{'D4'},{'D7'},{'D3'},{'R1'},{'D1'},{'R3'},{'R2'},&,1.0,&
{'D2'},{'D6'},{'D5'},{'D4'},{'D3'},{'D7'},{'R3'},{'R2'},{'D1'},{'R1'},&,1.0,&
{'D2'},{'D6'},{'D5'},{'D4'},{'D3'},{'D7'},{'R3'},{'D1'},{'R1'},{'R2'},&,1.0,&
{'D2'},{'D6'},{'D5'},{'D4'},{'D3'},{'D7'},{'D1'},{'R2'},{'R3'},{'R1'},&,1.0,&
{'D2'},{'D6'},{'D5'},{'D4'},{'D3'},{'D7'},{'D1'},{'R2'},{'R1'},{'R3'},&,2.0,&
{'D2'},{'D6'},{'D5'},{'D4'},{'D3'},{'D7'},{'D1'},{'R3'},{'R2'},{'R1'},&,2.0,&
{'D2'},{'D6'},{'D5'},{'D4'},{'D3'},{'D7'},{'D1'},{'R3'},{'R1'},{'R2'},&,2.0,&
{'D2'},{'D6'},{'D5'},{'D4'},{'D3'},{'D7'},{'R1'},{'D1'},{'R2'},{'R3'},&,1.0,&
{'D2'},{'D6'},{'D5'},{'D4'},{'D3'},{'D1'},{'R3'},{'D7'},{'R2'},{'R1'},&,1.0,&
{'D2'},{'D6'},{'D5'},{'D4'},{'D3'},{'D1'},{'R3'},{'D7'},{'R1'},{'R2'},&,3.0,&
{'D2'},{'D6'},{'D5'},{'D4'},{'D3'},{'D1'},{'R2'},{'R3'},{'R1'},{'D7'},&,1.0,&
{'D2'},{'D6'},{'D5'},{'D4'},{'D3'},{'D1'},{'R2'},{'D7'},{'R1'},{'R3'},&,1.0,&
{'D2'},{'D6'},{'D5'},{'D4'},{'D3'},{'D1'},{'D7'},{'R1'},{'R3'},{'R2'},&,2.0,&
{'D2'},{'D6'},{'D5'},{'D4'},{'D3'},{'D1'},{'D7'},{'R2'},{'R3'},{'R1'},&,3.0,&
{'D2'},{'D6'},{'D5'},{'D4'},{'D3'},{'D1'},{'D7'},{'R2'},{'R1'},{'R3'},&,1.0,&
{'D2'},{'D6'},{'D5'},{'D4'},{'D3'},{'D1'},{'D7'},{'R3'},{'R2'},{'R1'},&,3.0,&
{'D2'},{'D6'},{'D5'},{'D4'},{'D3'},{'D1'},{'D7'},{'R3'},{'R1'},{'R2'},&,5.0,&
{'D2'},{'D6'},{'D5'},{'D4'},{'R3'},{'D7'},{'D1'},{'D3'},{'R2'},{'R1'},&,1.0,&
{'D2'},{'D6'},{'D1'},{'D7'},{'D3'},{'D5'},{'D4'},{'R3'},{'R2'},{'R1'},&,1.0,&
{'D2'},{'D6'},{'D1'},{'D7'},{'D3'},{'D5'},{'D4'},{'R3'},{'R1'},{'R2'},&,2.0,&
{'D2'},{'D6'},{'D1'},{'D7'},{'D4'},{'D5'},{'D3'},{'R3'},{'R1'},{'R2'},&,1.0,&
{'D2'},{'D6'},{'D1'},{'D7'},{'D5'},{'D4'},{'D3'},{'R3'},{'R1'},{'R2'},&,1.0,&
{'D2'},{'D6'},{'D1'},{'D7'},{'D5'},{'D3'},{'D4'},{'R3'},{'R2'},{'R1'},&,1.0,&
{'D2'},{'D6'},{'D1'},{'D7'},{'D5'},{'D3'},{'D4'},{'R3'},{'R1'},{'R2'},&,1.0,&
{'D2'},{'D6'},{'D1'},{'D7'},{'D5'},{'D3'},{'R1'},{'D4'},{'R3'},{'R2'},&,1.0,&
{'D2'},{'D6'},{'D1'},{'D3'},{'D4'},{'D5'},{'R3'},{'D7'},{'R1'},{'R2'},&,1.0,&
{'D2'},{'D6'},{'D1'},{'D3'},{'D4'},{'R3'},{'D5'},{'D7'},{'R1'},{'R2'},&,1.0,&
{'D2'},{'D6'},{'D1'},{'D3'},{'D5'},{'D4'},{'D7'},{'R3'},{'R1'},{'R2'},&,1.0,&
{'D2'},{'D6'},{'D1'},{'D3'},{'D5'},{'D7'},{'D4'},{'R1'},{'R2'},{'R3'},&,1.0,&
{'D2'},{'D6'},{'D1'},{'D3'},{'D5'},{'D7'},{'D4'},{'R2'},{'R3'},{'R1'},&,1.0,&
{'D2'},{'D6'},{'D1'},{'D3'},{'D5'},{'D7'},{'D4'},{'R3'},{'R2'},{'R1'},&,1.0,&
{'D2'},{'D6'},{'D1'},{'D3'},{'D5'},{'R1'},{'D4'},{'D7'},{'R3'},{'R2'},&,1.0,&
{'D2'},{'D6'},{'D1'},{'D5'},{'D7'},{'D4'},{'D3'},{'R1'},{'R3'},{'R2'},&,1.0,&
{'D2'},{'D6'},{'D1'},{'D5'},{'D7'},{'D4'},{'D3'},{'R2'},{'R1'},{'R3'},&,1.0,&
{'D2'},{'D6'},{'D1'},{'D5'},{'D7'},{'D4'},{'D3'},{'R3'},{'R2'},{'R1'},&,1.0,&
{'D2'},{'D6'},{'D1'},{'D5'},{'D7'},{'D3'},{'D4'},{'R1'},{'R3'},{'R2'},&,1.0,&
{'D2'},{'D6'},{'D1'},{'D5'},{'D7'},{'D3'},{'D4'},{'R3'},{'R2'},{'R1'},&,2.0,&
{'D2'},{'D6'},{'D1'},{'D5'},{'D7'},{'D3'},{'D4'},{'R3'},{'R1'},{'R2'},&,1.0,&
{'D2'},{'D6'},{'D1'},{'D5'},{'D7'},{'D3'},{'R2'},{'D4'},{'R3'},{'R1'},&,1.0,&
{'D2'},{'D6'},{'D1'},{'D5'},{'D3'},{'D4'},{'R3'},{'R1'},{'D7'},{'R2'},&,1.0,&
{'D2'},{'D6'},{'D1'},{'D5'},{'D3'},{'D4'},{'R3'},{'D7'},{'R2'},{'R1'},&,1.0,&
{'D2'},{'D6'},{'D1'},{'D5'},{'D3'},{'D4'},{'R3'},{'D7'},{'R1'},{'R2'},&,1.0,&
{'D2'},{'D6'},{'D1'},{'D5'},{'D3'},{'D4'},{'R2'},{'D7'},{'R3'},{'R1'},&,1.0,&
{'D2'},{'D6'},{'D1'},{'D5'},{'D3'},{'D4'},{'R2'},{'D7'},{'R1'},{'R3'},&,1.0,&
{'D2'},{'D6'},{'D1'},{'D5'},{'D3'},{'D4'},{'D7'},{'R1'},{'R3'},{'R2'},&,2.0,&
{'D2'},{'D6'},{'D1'},{'D5'},{'D3'},{'D4'},{'D7'},{'R3'},{'R2'},{'R1'},&,2.0,&
{'D2'},{'D6'},{'D1'},{'D5'},{'D3'},{'D4'},{'D7'},{'R3'},{'R1'},{'R2'},&,1.0,&
{'D2'},{'D6'},{'D1'},{'D5'},{'D3'},{'D7'},{'D4'},{'R1'},{'R3'},{'R2'},&,1.0,&
{'D2'},{'D6'},{'D1'},{'D5'},{'D3'},{'D7'},{'D4'},{'R2'},{'R3'},{'R1'},&,1.0,&
{'D2'},{'D6'},{'D1'},{'D5'},{'D3'},{'D7'},{'D4'},{'R3'},{'R1'},{'R2'},&,1.0,&
{'D2'},{'D6'},{'D1'},{'D5'},{'D4'},{'D3'},{'D7'},{'R2'},{'R3'},{'R1'},&,1.0,&
{'D2'},{'D6'},{'D1'},{'D4'},{'D7'},{'D3'},{'R3'},{'D5'},{'R1'},{'R2'},&,1.0,&
{'D2'},{'D6'},{'D1'},{'D4'},{'D3'},{'D5'},{'D7'},{'R2'},{'R3'},{'R1'},&,1.0,&
{'D2'},{'D6'},{'D1'},{'D4'},{'D5'},{'D7'},{'D3'},{'R3'},{'R2'},{'R1'},&,1.0,&
{'D2'},{'D6'},{'D1'},{'D4'},{'D5'},{'D7'},{'D3'},{'R3'},{'R1'},{'R2'},&,1.0,&
{'D2'},{'D6'},{'D1'},{'D4'},{'D5'},{'D3'},{'R3'},{'D7'},{'R2'},{'R1'},&,1.0,&
{'D2'},{'D6'},{'D1'},{'D4'},{'D5'},{'D3'},{'D7'},{'R3'},{'R1'},{'R2'},&,2.0,&
{'D2'},{'D6'},{'D1'},{'D4'},{'D5'},{'R1'},{'D7'},{'D3'},{'R3'},{'R2'},&,1.0,&
{'D2'},{'D6'},{'D7'},{'D1'},{'D3'},{'D5'},{'D4'},{'R2'},{'R3'},{'R1'},&,1.0,&
{'D2'},{'D6'},{'D7'},{'D1'},{'D3'},{'D5'},{'D4'},{'R3'},{'R2'},{'R1'},&,1.0,&
{'D2'},{'D6'},{'D7'},{'D1'},{'D3'},{'R2'},{'D5'},{'D4'},{'R3'},{'R1'},&,1.0,&
{'D2'},{'D6'},{'D7'},{'D1'},{'D4'},{'D5'},{'D3'},{'R1'},{'R2'},{'R3'},&,1.0,&
{'D2'},{'D6'},{'D7'},{'D1'},{'D5'},{'D4'},{'R2'},{'D3'},{'R3'},{'R1'},&,1.0,&
{'D2'},{'D6'},{'D7'},{'D1'},{'D5'},{'D4'},{'D3'},{'R3'},{'R1'},{'R2'},&,1.0,&
{'D2'},{'D6'},{'D7'},{'D1'},{'D5'},{'D3'},{'D4'},{'R2'},{'R3'},{'R1'},&,1.0,&
{'D2'},{'D6'},{'D7'},{'D1'},{'D5'},{'R2'},{'R3'},{'D4'},{'D3'},{'R1'},&,1.0,&
{'D2'},{'D6'},{'D7'},{'D3'},{'D1'},{'D5'},{'R2'},{'D4'},{'R3'},{'R1'},&,1.0,&
{'D2'},{'D6'},{'D7'},{'D3'},{'D4'},{'D1'},{'D5'},{'R3'},{'R2'},{'R1'},&,1.0,&
{'D2'},{'D6'},{'D7'},{'D3'},{'D4'},{'D5'},{'D1'},{'R1'},{'R3'},{'R2'},&,1.0,&
{'D2'},{'D6'},{'D7'},{'D3'},{'D5'},{'D4'},{'R3'},{'R1'},{'R2'},{'D1'},&,1.0,&
{'D2'},{'D6'},{'D7'},{'D3'},{'D5'},{'D4'},{'D1'},{'R1'},{'R2'},{'R3'},&,1.0,&
{'D2'},{'D6'},{'D7'},{'D3'},{'D5'},{'D4'},{'D1'},{'R2'},{'R1'},{'R3'},&,1.0,&
{'D2'},{'D6'},{'D7'},{'D3'},{'D5'},{'D4'},{'D1'},{'R3'},{'R2'},{'R1'},&,1.0,&
{'D2'},{'D6'},{'D7'},{'D3'},{'D5'},{'D4'},{'R2'},{'D1'},{'R3'},{'R1'},&,1.0,&
{'D2'},{'D6'},{'D7'},{'D3'},{'D5'},{'D4'},{'R1'},{'D1'},{'R3'},{'R2'},&,1.0,&
{'D2'},{'D6'},{'D7'},{'D3'},{'D5'},{'D1'},{'R3'},{'D4'},{'R2'},{'R1'},&,1.0,&
{'D2'},{'D6'},{'D7'},{'D3'},{'D5'},{'D1'},{'D4'},{'R1'},{'R3'},{'R2'},&,1.0,&
{'D2'},{'D6'},{'D7'},{'D3'},{'D5'},{'D1'},{'D4'},{'R2'},{'R3'},{'R1'},&,3.0,&
{'D2'},{'D6'},{'D7'},{'D3'},{'D5'},{'D1'},{'D4'},{'R3'},{'R1'},{'R2'},&,1.0,&
{'D2'},{'D6'},{'D7'},{'D3'},{'D5'},{'D1'},{'R1'},{'D4'},{'R3'},{'R2'},&,1.0,&
{'D2'},{'D6'},{'D7'},{'D3'},{'D5'},{'R3'},{'R1'},{'D4'},{'D1'},{'R2'},&,1.0,&
{'D2'},{'D6'},{'D7'},{'D5'},{'D1'},{'D4'},{'D3'},{'R1'},{'R3'},{'R2'},&,1.0,&
{'D2'},{'D6'},{'D7'},{'D5'},{'D1'},{'D4'},{'D3'},{'R3'},{'R2'},{'R1'},&,1.0,&
{'D2'},{'D6'},{'D7'},{'D5'},{'D1'},{'D3'},{'D4'},{'R1'},{'R3'},{'R2'},&,1.0,&
{'D2'},{'D6'},{'D7'},{'D5'},{'D1'},{'D3'},{'D4'},{'R2'},{'R1'},{'R3'},&,1.0,&
{'D2'},{'D6'},{'D7'},{'D5'},{'D1'},{'D3'},{'D4'},{'R3'},{'R1'},{'R2'},&,1.0,&
{'D2'},{'D6'},{'D7'},{'D5'},{'D1'},{'D3'},{'R1'},{'R3'},{'D4'},{'R2'},&,1.0,&
{'D2'},{'D6'},{'D7'},{'D5'},{'D3'},{'D4'},{'D1'},{'R1'},{'R2'},{'R3'},&,1.0,&
{'D2'},{'D6'},{'D7'},{'D5'},{'D3'},{'D4'},{'D1'},{'R1'},{'R3'},{'R2'},&,2.0,&
{'D2'},{'D6'},{'D7'},{'D5'},{'D3'},{'D4'},{'D1'},{'R3'},{'R2'},{'R1'},&,1.0,&
{'D2'},{'D6'},{'D7'},{'D5'},{'D3'},{'D4'},{'D1'},{'R3'},{'R1'},{'R2'},&,2.0,&
{'D2'},{'D6'},{'D7'},{'D5'},{'D3'},{'D4'},{'R2'},{'D1'},{'R3'},{'R1'},&,1.0,&
{'D2'},{'D6'},{'D7'},{'D5'},{'D3'},{'D1'},{'D4'},{'R1'},{'R3'},{'R2'},&,1.0,&
{'D2'},{'D6'},{'D7'},{'D5'},{'D3'},{'D1'},{'D4'},{'R2'},{'R3'},{'R1'},&,2.0,&
{'D2'},{'D6'},{'D7'},{'D5'},{'D3'},{'D1'},{'D4'},{'R3'},{'R2'},{'R1'},&,2.0,&
{'D2'},{'D6'},{'D7'},{'D5'},{'D3'},{'D1'},{'D4'},{'R3'},{'R1'},{'R2'},&,1.0,&
{'D2'},{'D6'},{'D7'},{'D5'},{'D3'},{'R2'},{'D4'},{'D1'},{'R3'},{'R1'},&,1.0,&
{'D2'},{'D6'},{'D7'},{'D5'},{'D4'},{'D1'},{'D3'},{'R3'},{'R2'},{'R1'},&,1.0,&
{'D2'},{'D6'},{'D7'},{'D5'},{'D4'},{'D3'},{'R3'},{'D1'},{'R2'},{'R1'},&,2.0,&
{'D2'},{'D6'},{'D7'},{'D5'},{'D4'},{'D3'},{'D1'},{'R1'},{'R2'},{'R3'},&,1.0,&
{'D2'},{'D6'},{'D7'},{'D5'},{'D4'},{'D3'},{'D1'},{'R2'},{'R3'},{'R1'},&,1.0,&
{'D2'},{'D6'},{'D7'},{'D5'},{'D4'},{'D3'},{'D1'},{'R3'},{'R2'},{'R1'},&,2.0,&
{'D2'},{'D6'},{'D7'},{'D5'},{'D4'},{'D3'},{'D1'},{'R3'},{'R1'},{'R2'},&,3.0,&
{'D2'},{'D6'},{'D7'},{'D5'},{'D4'},{'R1'},{'D3'},{'D1'},{'R2'},{'R3'},&,1.0,&
{'D2'},{'D6'},{'D7'},{'D4'},{'D1'},{'D5'},{'D3'},{'R3'},{'R1'},{'R2'},&,1.0,&
{'D2'},{'D6'},{'D7'},{'D4'},{'D1'},{'D3'},{'R3'},{'D5'},{'R2'},{'R1'},&,1.0,&
{'D2'},{'D6'},{'D7'},{'D4'},{'D3'},{'D1'},{'D5'},{'R3'},{'R2'},{'R1'},&,1.0,&
{'D2'},{'D6'},{'D7'},{'D4'},{'D3'},{'D5'},{'R3'},{'D1'},{'R1'},{'R2'},&,1.0,&
{'D2'},{'D6'},{'D7'},{'D4'},{'D3'},{'D5'},{'D1'},{'R2'},{'R1'},{'R3'},&,1.0,&
{'D2'},{'D6'},{'D7'},{'D4'},{'D3'},{'D5'},{'D1'},{'R3'},{'R1'},{'R2'},&,1.0,&
{'D2'},{'D6'},{'D7'},{'D4'},{'D5'},{'D1'},{'D3'},{'R3'},{'R2'},{'R1'},&,1.0,&
{'D2'},{'D6'},{'D7'},{'D4'},{'D5'},{'D3'},{'D1'},{'R1'},{'R3'},{'R2'},&,1.0,&
{'D2'},{'D6'},{'D7'},{'D4'},{'D5'},{'D3'},{'D1'},{'R2'},{'R1'},{'R3'},&,1.0,&
{'D2'},{'D6'},{'D7'},{'D4'},{'D5'},{'D3'},{'D1'},{'R3'},{'R2'},{'R1'},&,5.0,&
{'D2'},{'D6'},{'D7'},{'D4'},{'D5'},{'D3'},{'D1'},{'R3'},{'R1'},{'R2'},&,1.0,&
{'D2'},{'D6'},{'D7'},{'D4'},{'D5'},{'D3'},{'R2'},{'D1'},{'R3'},{'R1'},&,1.0,&
{'D2'},{'D6'},{'R3'},{'D5'},{'D3'},{'D1'},{'D4'},{'R1'},{'R2'},{'D7'},&,1.0,&
{'D2'},{'D7'},{'D4'},{'D1'},{'D6'},{'D3'},{'R3'},{'D5'},{'R2'},{'R1'},&,1.0,&
{'D2'},{'D7'},{'D4'},{'D1'},{'D5'},{'D3'},{'D6'},{'R1'},{'R3'},{'R2'},&,1.0,&
{'D2'},{'D7'},{'D4'},{'D3'},{'D6'},{'D5'},{'D1'},{'R1'},{'R3'},{'R2'},&,1.0,&
{'D2'},{'D7'},{'D4'},{'D3'},{'D6'},{'D5'},{'D1'},{'R3'},{'R2'},{'R1'},&,1.0,&
{'D2'},{'D7'},{'D4'},{'D3'},{'D6'},{'D5'},{'D1'},{'R3'},{'R1'},{'R2'},&,1.0,&
{'D2'},{'D7'},{'D4'},{'D3'},{'D6'},{'D5'},{'R2'},{'D1'},{'R3'},{'R1'},&,1.0,&
{'D2'},{'D7'},{'D4'},{'D3'},{'D6'},{'R3'},{'D5'},{'D1'},{'R1'},{'R2'},&,1.0,&
{'D2'},{'D7'},{'D4'},{'D5'},{'D3'},{'D6'},{'R3'},{'D1'},{'R1'},{'R2'},&,1.0,&
{'D2'},{'D7'},{'D4'},{'D5'},{'D3'},{'D6'},{'D1'},{'R1'},{'R2'},{'R3'},&,1.0,&
{'D2'},{'D7'},{'D4'},{'D5'},{'D3'},{'D6'},{'D1'},{'R3'},{'R2'},{'R1'},&,1.0,&
{'D2'},{'D7'},{'D4'},{'D5'},{'D3'},{'D6'},{'R2'},{'D1'},{'R1'},{'R3'},&,1.0,&
{'D2'},{'D7'},{'D4'},{'D5'},{'D3'},{'R3'},{'D6'},{'D1'},{'R1'},{'R2'},&,1.0,&
{'D2'},{'D7'},{'D4'},{'D5'},{'D6'},{'D1'},{'R3'},{'D3'},{'R2'},{'R1'},&,1.0,&
{'D2'},{'D7'},{'D4'},{'D5'},{'D6'},{'D1'},{'D3'},{'R2'},{'R1'},{'R3'},&,1.0,&
{'D2'},{'D7'},{'D4'},{'D5'},{'D6'},{'D3'},{'D1'},{'R2'},{'R3'},{'R1'},&,1.0,&
{'D2'},{'D7'},{'D4'},{'D5'},{'D6'},{'D3'},{'D1'},{'R3'},{'R2'},{'R1'},&,1.0,&
{'D2'},{'D7'},{'D4'},{'D5'},{'D6'},{'D3'},{'D1'},{'R3'},{'R1'},{'R2'},&,1.0,&
{'D2'},{'D7'},{'D4'},{'D5'},{'D6'},{'R3'},{'D3'},{'D1'},{'R2'},{'R1'},&,1.0,&
{'D2'},{'D7'},{'D4'},{'D6'},{'D1'},{'D5'},{'D3'},{'R3'},{'R2'},{'R1'},&,1.0,&
{'D2'},{'D7'},{'D4'},{'D6'},{'D3'},{'D5'},{'D1'},{'R1'},{'R3'},{'R2'},&,1.0,&
{'D2'},{'D7'},{'D4'},{'D6'},{'D3'},{'D5'},{'R2'},{'D1'},{'R1'},{'R3'},&,1.0,&
{'D2'},{'D7'},{'D4'},{'D6'},{'D5'},{'D1'},{'R3'},{'D3'},{'R2'},{'R1'},&,1.0,&
{'D2'},{'D7'},{'D4'},{'D6'},{'D5'},{'D3'},{'D1'},{'R1'},{'R3'},{'R2'},&,1.0,&
{'D2'},{'D7'},{'D4'},{'D6'},{'D5'},{'D3'},{'D1'},{'R2'},{'R3'},{'R1'},&,1.0,&
{'D2'},{'D7'},{'D4'},{'D6'},{'D5'},{'D3'},{'D1'},{'R3'},{'R2'},{'R1'},&,2.0,&
{'D2'},{'D7'},{'D4'},{'D6'},{'D5'},{'D3'},{'D1'},{'R3'},{'R1'},{'R2'},&,1.0,&
{'D2'},{'D7'},{'D4'},{'D6'},{'D5'},{'R3'},{'D3'},{'D1'},{'R1'},{'R2'},&,1.0,&
{'D2'},{'D7'},{'D3'},{'D1'},{'D6'},{'D5'},{'R3'},{'D4'},{'R2'},{'R1'},&,1.0,&
{'D2'},{'D7'},{'D3'},{'D1'},{'D6'},{'D5'},{'R2'},{'R3'},{'D4'},{'R1'},&,1.0,&
{'D2'},{'D7'},{'D3'},{'D1'},{'D5'},{'D6'},{'R3'},{'R2'},{'D4'},{'R1'},&,1.0,&
{'D2'},{'D7'},{'D3'},{'D1'},{'D5'},{'D6'},{'D4'},{'R2'},{'R3'},{'R1'},&,1.0,&
{'D2'},{'D7'},{'D3'},{'D1'},{'D5'},{'D6'},{'D4'},{'R3'},{'R1'},{'R2'},&,1.0,&
{'D2'},{'D7'},{'D3'},{'D1'},{'D5'},{'D6'},{'R1'},{'D4'},{'R3'},{'R2'},&,1.0,&
{'D2'},{'D7'},{'D3'},{'D1'},{'D5'},{'D4'},{'R3'},{'R2'},{'D6'},{'R1'},&,1.0,&
{'D2'},{'D7'},{'D3'},{'D1'},{'D5'},{'D4'},{'R2'},{'D6'},{'R3'},{'R1'},&,1.0,&
{'D2'},{'D7'},{'D3'},{'D1'},{'D5'},{'D4'},{'D6'},{'R1'},{'R2'},{'R3'},&,1.0,&
{'D2'},{'D7'},{'D3'},{'D5'},{'D1'},{'D6'},{'R3'},{'R1'},{'R2'},{'D4'},&,1.0,&
{'D2'},{'D7'},{'D3'},{'D5'},{'D1'},{'D6'},{'D4'},{'R2'},{'R1'},{'R3'},&,1.0,&
{'D2'},{'D7'},{'D3'},{'D5'},{'D1'},{'D6'},{'D4'},{'R3'},{'R1'},{'R2'},&,1.0,&
{'D2'},{'D7'},{'D3'},{'D5'},{'D1'},{'D4'},{'D6'},{'R3'},{'R2'},{'R1'},&,1.0,&
{'D2'},{'D7'},{'D3'},{'D5'},{'D1'},{'D4'},{'D6'},{'R3'},{'R1'},{'R2'},&,1.0,&
{'D2'},{'D7'},{'D3'},{'D5'},{'D6'},{'D4'},{'D1'},{'R1'},{'R3'},{'R2'},&,1.0,&
{'D2'},{'D7'},{'D3'},{'D5'},{'D6'},{'D4'},{'D1'},{'R2'},{'R3'},{'R1'},&,1.0,&
{'D2'},{'D7'},{'D3'},{'D5'},{'D6'},{'D4'},{'D1'},{'R3'},{'R2'},{'R1'},&,2.0,&
{'D2'},{'D7'},{'D3'},{'D5'},{'D6'},{'D4'},{'D1'},{'R3'},{'R1'},{'R2'},&,3.0,&
{'D2'},{'D7'},{'D3'},{'D5'},{'D6'},{'D1'},{'D4'},{'R1'},{'R3'},{'R2'},&,1.0,&
{'D2'},{'D7'},{'D3'},{'D5'},{'D6'},{'D1'},{'D4'},{'R3'},{'R2'},{'R1'},&,1.0,&
{'D2'},{'D7'},{'D3'},{'D5'},{'D6'},{'D1'},{'D4'},{'R3'},{'R1'},{'R2'},&,2.0,&
{'D2'},{'D7'},{'D3'},{'D5'},{'D4'},{'D6'},{'R3'},{'D1'},{'R1'},{'R2'},&,2.0,&
{'D2'},{'D7'},{'D3'},{'D5'},{'D4'},{'D6'},{'D1'},{'R2'},{'R1'},{'R3'},&,1.0,&
{'D2'},{'D7'},{'D3'},{'D5'},{'D4'},{'D6'},{'D1'},{'R3'},{'R2'},{'R1'},&,1.0,&
{'D2'},{'D7'},{'D3'},{'D5'},{'D4'},{'D6'},{'D1'},{'R3'},{'R1'},{'R2'},&,2.0,&
{'D2'},{'D7'},{'D3'},{'D5'},{'D4'},{'D1'},{'D6'},{'R3'},{'R2'},{'R1'},&,1.0,&
{'D2'},{'D7'},{'D3'},{'D6'},{'D4'},{'D1'},{'D5'},{'R3'},{'R2'},{'R1'},&,1.0,&
{'D2'},{'D7'},{'D3'},{'D6'},{'D5'},{'D4'},{'R3'},{'R1'},{'D1'},{'R2'},&,1.0,&
{'D2'},{'D7'},{'D3'},{'D6'},{'D5'},{'D4'},{'R3'},{'D1'},{'R2'},{'R1'},&,1.0,&
{'D2'},{'D7'},{'D3'},{'D6'},{'D5'},{'D4'},{'R3'},{'D1'},{'R1'},{'R2'},&,1.0,&
{'D2'},{'D7'},{'D3'},{'D6'},{'D5'},{'D4'},{'D1'},{'R1'},{'R2'},{'R3'},&,1.0,&
{'D2'},{'D7'},{'D3'},{'D6'},{'D5'},{'D4'},{'D1'},{'R1'},{'R3'},{'R2'},&,2.0,&
{'D2'},{'D7'},{'D3'},{'D6'},{'D5'},{'D4'},{'D1'},{'R3'},{'R1'},{'R2'},&,2.0,&
{'D2'},{'D7'},{'D3'},{'D6'},{'D5'},{'D4'},{'R2'},{'D1'},{'R3'},{'R1'},&,1.0,&
{'D2'},{'D7'},{'D3'},{'D6'},{'D5'},{'D4'},{'R1'},{'D1'},{'R3'},{'R2'},&,1.0,&
{'D2'},{'D7'},{'D3'},{'D6'},{'D5'},{'D1'},{'R3'},{'D4'},{'R1'},{'R2'},&,1.0,&
{'D2'},{'D7'},{'D3'},{'D6'},{'D5'},{'D1'},{'D4'},{'R1'},{'R3'},{'R2'},&,1.0,&
{'D2'},{'D7'},{'D3'},{'D6'},{'D5'},{'D1'},{'D4'},{'R2'},{'R3'},{'R1'},&,1.0,&
{'D2'},{'D7'},{'D3'},{'D6'},{'D5'},{'D1'},{'D4'},{'R3'},{'R2'},{'R1'},&,2.0,&
{'D2'},{'D7'},{'D3'},{'D6'},{'D5'},{'D1'},{'D4'},{'R3'},{'R1'},{'R2'},&,1.0,&
{'D2'},{'D7'},{'D3'},{'D4'},{'D1'},{'D5'},{'R3'},{'D6'},{'R2'},{'R1'},&,1.0,&
{'D2'},{'D7'},{'D3'},{'D4'},{'D6'},{'D5'},{'D1'},{'R3'},{'R2'},{'R1'},&,1.0,&
{'D2'},{'D7'},{'D3'},{'D4'},{'D6'},{'D5'},{'D1'},{'R3'},{'R1'},{'R2'},&,1.0,&
{'D2'},{'D7'},{'D3'},{'D4'},{'D5'},{'D6'},{'D1'},{'R2'},{'R3'},{'R1'},&,1.0,&
{'D2'},{'D7'},{'D3'},{'D4'},{'D5'},{'D6'},{'D1'},{'R2'},{'R1'},{'R3'},&,1.0,&
{'D2'},{'D7'},{'D3'},{'D4'},{'D5'},{'D6'},{'D1'},{'R3'},{'R2'},{'R1'},&,1.0,&
{'D2'},{'D7'},{'D3'},{'D4'},{'D5'},{'R3'},{'D6'},{'R1'},{'D1'},{'R2'},&,1.0,&
{'D2'},{'D7'},{'D5'},{'D1'},{'D3'},{'D6'},{'R3'},{'R1'},{'D4'},{'R2'},&,1.0,&
{'D2'},{'D7'},{'D5'},{'D1'},{'D3'},{'D6'},{'R3'},{'D4'},{'R1'},{'R2'},&,1.0,&
{'D2'},{'D7'},{'D5'},{'D1'},{'D3'},{'D6'},{'D4'},{'R2'},{'R3'},{'R1'},&,2.0,&
{'D2'},{'D7'},{'D5'},{'D1'},{'D3'},{'D6'},{'R1'},{'R3'},{'D4'},{'R2'},&,1.0,&
{'D2'},{'D7'},{'D5'},{'D1'},{'D3'},{'D4'},{'D6'},{'R3'},{'R2'},{'R1'},&,1.0,&
{'D2'},{'D7'},{'D5'},{'D1'},{'D6'},{'D4'},{'D3'},{'R3'},{'R1'},{'R2'},&,1.0,&
{'D2'},{'D7'},{'D5'},{'D1'},{'D6'},{'D3'},{'D4'},{'R1'},{'R3'},{'R2'},&,1.0,&
{'D2'},{'D7'},{'D5'},{'D1'},{'D6'},{'D3'},{'D4'},{'R3'},{'R1'},{'R2'},&,1.0,&
{'D2'},{'D7'},{'D5'},{'D3'},{'D1'},{'D6'},{'R3'},{'D4'},{'R2'},{'R1'},&,1.0,&
{'D2'},{'D7'},{'D5'},{'D3'},{'D1'},{'D6'},{'D4'},{'R1'},{'R3'},{'R2'},&,1.0,&
{'D2'},{'D7'},{'D5'},{'D3'},{'D1'},{'D6'},{'D4'},{'R3'},{'R2'},{'R1'},&,1.0,&
{'D2'},{'D7'},{'D5'},{'D3'},{'D1'},{'D4'},{'D6'},{'R3'},{'R2'},{'R1'},&,1.0,&
{'D2'},{'D7'},{'D5'},{'D3'},{'D6'},{'D4'},{'R3'},{'D1'},{'R2'},{'R1'},&,1.0,&
{'D2'},{'D7'},{'D5'},{'D3'},{'D6'},{'D4'},{'D1'},{'R1'},{'R2'},{'R3'},&,1.0,&
{'D2'},{'D7'},{'D5'},{'D3'},{'D6'},{'D4'},{'D1'},{'R1'},{'R3'},{'R2'},&,2.0,&
{'D2'},{'D7'},{'D5'},{'D3'},{'D6'},{'D4'},{'D1'},{'R2'},{'R3'},{'R1'},&,1.0,&
{'D2'},{'D7'},{'D5'},{'D3'},{'D6'},{'D4'},{'D1'},{'R3'},{'R2'},{'R1'},&,2.0,&
{'D2'},{'D7'},{'D5'},{'D3'},{'D6'},{'D4'},{'D1'},{'R3'},{'R1'},{'R2'},&,4.0,&
{'D2'},{'D7'},{'D5'},{'D3'},{'D6'},{'D4'},{'R2'},{'D1'},{'R3'},{'R1'},&,2.0,&
{'D2'},{'D7'},{'D5'},{'D3'},{'D6'},{'D4'},{'R1'},{'D1'},{'R3'},{'R2'},&,1.0,&
{'D2'},{'D7'},{'D5'},{'D3'},{'D6'},{'D1'},{'D4'},{'R2'},{'R1'},{'R3'},&,1.0,&
{'D2'},{'D7'},{'D5'},{'D3'},{'D6'},{'D1'},{'D4'},{'R3'},{'R1'},{'R2'},&,4.0,&
{'D2'},{'D7'},{'D5'},{'D3'},{'D6'},{'R3'},{'D1'},{'D4'},{'R2'},{'R1'},&,1.0,&
{'D2'},{'D7'},{'D5'},{'D3'},{'D4'},{'D6'},{'D1'},{'R1'},{'R2'},{'R3'},&,1.0,&
{'D2'},{'D7'},{'D5'},{'D3'},{'D4'},{'D6'},{'D1'},{'R2'},{'R3'},{'R1'},&,1.0,&
{'D2'},{'D7'},{'D5'},{'D3'},{'D4'},{'D6'},{'D1'},{'R3'},{'R1'},{'R2'},&,2.0,&
{'D2'},{'D7'},{'D5'},{'D3'},{'D4'},{'D1'},{'D6'},{'R3'},{'R1'},{'R2'},&,1.0,&
{'D2'},{'D7'},{'D5'},{'D3'},{'D4'},{'R3'},{'D6'},{'D1'},{'R1'},{'R2'},&,1.0,&
{'D2'},{'D7'},{'D5'},{'D6'},{'D1'},{'D4'},{'D3'},{'R2'},{'R3'},{'R1'},&,2.0,&
{'D2'},{'D7'},{'D5'},{'D6'},{'D1'},{'D4'},{'D3'},{'R3'},{'R2'},{'R1'},&,1.0,&
{'D2'},{'D7'},{'D5'},{'D6'},{'D1'},{'D3'},{'R3'},{'D4'},{'R2'},{'R1'},&,1.0,&
{'D2'},{'D7'},{'D5'},{'D6'},{'D1'},{'D3'},{'D4'},{'R3'},{'R1'},{'R2'},&,2.0,&
{'D2'},{'D7'},{'D5'},{'D6'},{'D1'},{'D3'},{'R1'},{'D4'},{'R2'},{'R3'},&,1.0,&
{'D2'},{'D7'},{'D5'},{'D6'},{'D1'},{'R3'},{'D3'},{'R2'},{'D4'},{'R1'},&,1.0,&
{'D2'},{'D7'},{'D5'},{'D6'},{'D3'},{'D4'},{'R3'},{'R1'},{'R2'},{'D1'},&,1.0,&
{'D2'},{'D7'},{'D5'},{'D6'},{'D3'},{'D4'},{'D1'},{'R1'},{'R3'},{'R2'},&,2.0,&
{'D2'},{'D7'},{'D5'},{'D6'},{'D3'},{'D4'},{'D1'},{'R2'},{'R1'},{'R3'},&,1.0,&
{'D2'},{'D7'},{'D5'},{'D6'},{'D3'},{'D4'},{'D1'},{'R3'},{'R2'},{'R1'},&,2.0,&
{'D2'},{'D7'},{'D5'},{'D6'},{'D3'},{'D4'},{'D1'},{'R3'},{'R1'},{'R2'},&,1.0,&
{'D2'},{'D7'},{'D5'},{'D6'},{'D3'},{'D4'},{'R2'},{'R3'},{'R1'},{'D1'},&,1.0,&
{'D2'},{'D7'},{'D5'},{'D6'},{'D3'},{'D4'},{'R2'},{'D1'},{'R3'},{'R1'},&,1.0,&
{'D2'},{'D7'},{'D5'},{'D6'},{'D3'},{'D1'},{'R3'},{'D4'},{'R2'},{'R1'},&,1.0,&
{'D2'},{'D7'},{'D5'},{'D6'},{'D3'},{'D1'},{'D4'},{'R1'},{'R2'},{'R3'},&,1.0,&
{'D2'},{'D7'},{'D5'},{'D6'},{'D3'},{'D1'},{'D4'},{'R1'},{'R3'},{'R2'},&,1.0,&
{'D2'},{'D7'},{'D5'},{'D6'},{'D3'},{'D1'},{'D4'},{'R3'},{'R1'},{'R2'},&,1.0,&
{'D2'},{'D7'},{'D5'},{'D6'},{'D3'},{'D1'},{'R1'},{'D4'},{'R2'},{'R3'},&,1.0,&
{'D2'},{'D7'},{'D5'},{'D6'},{'D3'},{'R1'},{'D4'},{'R3'},{'D1'},{'R2'},&,1.0,&
{'D2'},{'D7'},{'D5'},{'D6'},{'D3'},{'R3'},{'D4'},{'R1'},{'R2'},{'D1'},&,1.0,&
{'D2'},{'D7'},{'D5'},{'D6'},{'D4'},{'D1'},{'D3'},{'R1'},{'R2'},{'R3'},&,1.0,&
{'D2'},{'D7'},{'D5'},{'D6'},{'D4'},{'D1'},{'D3'},{'R1'},{'R3'},{'R2'},&,2.0,&
{'D2'},{'D7'},{'D5'},{'D6'},{'D4'},{'D1'},{'D3'},{'R2'},{'R3'},{'R1'},&,1.0,&
{'D2'},{'D7'},{'D5'},{'D6'},{'D4'},{'D1'},{'D3'},{'R3'},{'R2'},{'R1'},&,1.0,&
{'D2'},{'D7'},{'D5'},{'D6'},{'D4'},{'D1'},{'D3'},{'R3'},{'R1'},{'R2'},&,2.0,&
{'D2'},{'D7'},{'D5'},{'D6'},{'D4'},{'D3'},{'R3'},{'D1'},{'R2'},{'R1'},&,1.0,&
{'D2'},{'D7'},{'D5'},{'D6'},{'D4'},{'D3'},{'D1'},{'R1'},{'R3'},{'R2'},&,1.0,&
{'D2'},{'D7'},{'D5'},{'D6'},{'D4'},{'D3'},{'D1'},{'R2'},{'R3'},{'R1'},&,1.0,&
{'D2'},{'D7'},{'D5'},{'D6'},{'D4'},{'D3'},{'D1'},{'R3'},{'R2'},{'R1'},&,2.0,&
{'D2'},{'D7'},{'D5'},{'D6'},{'D4'},{'D3'},{'D1'},{'R3'},{'R1'},{'R2'},&,2.0,&
{'D2'},{'D7'},{'D5'},{'D6'},{'D4'},{'D3'},{'R2'},{'D1'},{'R3'},{'R1'},&,1.0,&
{'D2'},{'D7'},{'D5'},{'D4'},{'D1'},{'R3'},{'D6'},{'D3'},{'R1'},{'R2'},&,1.0,&
{'D2'},{'D7'},{'D5'},{'D4'},{'D3'},{'D6'},{'R3'},{'R1'},{'R2'},{'D1'},&,1.0,&
{'D2'},{'D7'},{'D5'},{'D4'},{'D3'},{'D6'},{'R3'},{'R1'},{'D1'},{'R2'},&,1.0,&
{'D2'},{'D7'},{'D5'},{'D4'},{'D3'},{'D6'},{'D1'},{'R1'},{'R3'},{'R2'},&,2.0,&
{'D2'},{'D7'},{'D5'},{'D4'},{'D3'},{'D6'},{'D1'},{'R2'},{'R3'},{'R1'},&,1.0,&
{'D2'},{'D7'},{'D5'},{'D4'},{'D3'},{'D6'},{'D1'},{'R3'},{'R2'},{'R1'},&,3.0,&
{'D2'},{'D7'},{'D5'},{'D4'},{'D3'},{'D6'},{'R1'},{'D1'},{'R2'},{'R3'},&,1.0,&
{'D2'},{'D7'},{'D5'},{'D4'},{'D3'},{'D1'},{'R3'},{'D6'},{'R2'},{'R1'},&,1.0,&
{'D2'},{'D7'},{'D5'},{'D4'},{'D6'},{'D1'},{'D3'},{'R3'},{'R1'},{'R2'},&,1.0,&
{'D2'},{'D7'},{'D5'},{'D4'},{'D6'},{'R3'},{'D3'},{'R2'},{'D1'},{'R1'},&,1.0,&
{'D2'},{'D7'},{'D6'},{'D1'},{'D3'},{'D4'},{'D5'},{'R3'},{'R1'},{'R2'},&,1.0,&
{'D2'},{'D7'},{'D6'},{'D1'},{'D3'},{'D5'},{'D4'},{'R3'},{'R2'},{'R1'},&,1.0,&
{'D2'},{'D7'},{'D6'},{'D1'},{'D5'},{'D4'},{'D3'},{'R1'},{'R3'},{'R2'},&,1.0,&
{'D2'},{'D7'},{'D6'},{'D1'},{'D5'},{'D4'},{'D3'},{'R3'},{'R1'},{'R2'},&,1.0,&
{'D2'},{'D7'},{'D6'},{'D1'},{'D5'},{'D3'},{'D4'},{'R3'},{'R2'},{'R1'},&,1.0,&
{'D2'},{'D7'},{'D6'},{'D3'},{'D1'},{'D4'},{'R1'},{'D5'},{'R3'},{'R2'},&,1.0,&
{'D2'},{'D7'},{'D6'},{'D3'},{'D1'},{'D4'},{'D5'},{'R3'},{'R1'},{'R2'},&,1.0,&
{'D2'},{'D7'},{'D6'},{'D3'},{'D4'},{'D5'},{'D1'},{'R1'},{'R3'},{'R2'},&,1.0,&
{'D2'},{'D7'},{'D6'},{'D3'},{'D4'},{'D5'},{'D1'},{'R2'},{'R3'},{'R1'},&,1.0,&
{'D2'},{'D7'},{'D6'},{'D3'},{'D5'},{'D4'},{'R3'},{'D1'},{'R1'},{'R2'},&,1.0,&
{'D2'},{'D7'},{'D6'},{'D3'},{'D5'},{'D4'},{'D1'},{'R1'},{'R2'},{'R3'},&,1.0,&
{'D2'},{'D7'},{'D6'},{'D3'},{'D5'},{'D4'},{'D1'},{'R1'},{'R3'},{'R2'},&,1.0,&
{'D2'},{'D7'},{'D6'},{'D3'},{'D5'},{'D4'},{'D1'},{'R3'},{'R1'},{'R2'},&,1.0,&
{'D2'},{'D7'},{'D6'},{'D3'},{'D5'},{'D1'},{'R3'},{'D4'},{'R2'},{'R1'},&,1.0,&
{'D2'},{'D7'},{'D6'},{'D3'},{'D5'},{'D1'},{'D4'},{'R1'},{'R3'},{'R2'},&,2.0,&
{'D2'},{'D7'},{'D6'},{'D3'},{'D5'},{'D1'},{'D4'},{'R2'},{'R1'},{'R3'},&,1.0,&
{'D2'},{'D7'},{'D6'},{'D3'},{'D5'},{'D1'},{'D4'},{'R3'},{'R2'},{'R1'},&,1.0,&
{'D2'},{'D7'},{'D6'},{'D3'},{'D5'},{'D1'},{'D4'},{'R3'},{'R1'},{'R2'},&,1.0,&
{'D2'},{'D7'},{'D6'},{'D5'},{'D1'},{'D4'},{'D3'},{'R3'},{'R2'},{'R1'},&,2.0,&
{'D2'},{'D7'},{'D6'},{'D5'},{'D1'},{'D4'},{'R1'},{'R3'},{'R2'},{'D3'},&,1.0,&
{'D2'},{'D7'},{'D6'},{'D5'},{'D1'},{'D3'},{'R3'},{'D4'},{'R2'},{'R1'},&,1.0,&
{'D2'},{'D7'},{'D6'},{'D5'},{'D1'},{'D3'},{'D4'},{'R2'},{'R3'},{'R1'},&,1.0,&
{'D2'},{'D7'},{'D6'},{'D5'},{'D1'},{'D3'},{'D4'},{'R3'},{'R1'},{'R2'},&,1.0,&
{'D2'},{'D7'},{'D6'},{'D5'},{'D1'},{'D3'},{'R2'},{'R1'},{'D4'},{'R3'},&,1.0,&
{'D2'},{'D7'},{'D6'},{'D5'},{'D1'},{'R2'},{'D4'},{'D3'},{'R3'},{'R1'},&,1.0,&
{'D2'},{'D7'},{'D6'},{'D5'},{'D1'},{'R1'},{'D3'},{'D4'},{'R3'},{'R2'},&,1.0,&
{'D2'},{'D7'},{'D6'},{'D5'},{'D3'},{'D4'},{'R3'},{'D1'},{'R2'},{'R1'},&,1.0,&
{'D2'},{'D7'},{'D6'},{'D5'},{'D3'},{'D4'},{'D1'},{'R1'},{'R3'},{'R2'},&,2.0,&
{'D2'},{'D7'},{'D6'},{'D5'},{'D3'},{'D4'},{'D1'},{'R2'},{'R3'},{'R1'},&,1.0,&
{'D2'},{'D7'},{'D6'},{'D5'},{'D3'},{'D4'},{'D1'},{'R3'},{'R2'},{'R1'},&,1.0,&
{'D2'},{'D7'},{'D6'},{'D5'},{'D3'},{'D4'},{'D1'},{'R3'},{'R1'},{'R2'},&,2.0,&
{'D2'},{'D7'},{'D6'},{'D5'},{'D3'},{'D4'},{'R2'},{'D1'},{'R3'},{'R1'},&,2.0,&
{'D2'},{'D7'},{'D6'},{'D5'},{'D3'},{'D4'},{'R1'},{'R3'},{'R2'},{'D1'},&,1.0,&
{'D2'},{'D7'},{'D6'},{'D5'},{'D3'},{'D4'},{'R1'},{'D1'},{'R3'},{'R2'},&,1.0,&
{'D2'},{'D7'},{'D6'},{'D5'},{'D3'},{'D1'},{'D4'},{'R2'},{'R3'},{'R1'},&,1.0,&
{'D2'},{'D7'},{'D6'},{'D5'},{'D3'},{'D1'},{'D4'},{'R3'},{'R2'},{'R1'},&,3.0,&
{'D2'},{'D7'},{'D6'},{'D5'},{'D3'},{'D1'},{'D4'},{'R3'},{'R1'},{'R2'},&,3.0,&
{'D2'},{'D7'},{'D6'},{'D5'},{'D3'},{'D1'},{'R2'},{'D4'},{'R3'},{'R1'},&,1.0,&
{'D2'},{'D7'},{'D6'},{'D5'},{'D4'},{'D1'},{'R3'},{'D3'},{'R2'},{'R1'},&,1.0,&
{'D2'},{'D7'},{'D6'},{'D5'},{'D4'},{'D1'},{'R3'},{'D3'},{'R1'},{'R2'},&,1.0,&
{'D2'},{'D7'},{'D6'},{'D5'},{'D4'},{'D1'},{'D3'},{'R2'},{'R1'},{'R3'},&,1.0,&
{'D2'},{'D7'},{'D6'},{'D5'},{'D4'},{'D1'},{'D3'},{'R3'},{'R1'},{'R2'},&,1.0,&
{'D2'},{'D7'},{'D6'},{'D5'},{'D4'},{'D3'},{'R3'},{'D1'},{'R1'},{'R2'},&,1.0,&
{'D2'},{'D7'},{'D6'},{'D5'},{'D4'},{'D3'},{'D1'},{'R2'},{'R1'},{'R3'},&,1.0,&
{'D2'},{'D7'},{'D6'},{'D5'},{'D4'},{'D3'},{'D1'},{'R3'},{'R2'},{'R1'},&,1.0,&
{'D2'},{'D7'},{'D6'},{'D5'},{'D4'},{'D3'},{'R2'},{'D1'},{'R3'},{'R1'},&,2.0,&
{'D2'},{'D7'},{'D6'},{'D4'},{'D3'},{'D5'},{'D1'},{'R1'},{'R3'},{'R2'},&,1.0,&
{'D2'},{'D7'},{'D6'},{'D4'},{'D3'},{'D5'},{'D1'},{'R2'},{'R3'},{'R1'},&,1.0,&
{'D2'},{'D7'},{'D6'},{'D4'},{'D3'},{'D5'},{'D1'},{'R3'},{'R2'},{'R1'},&,1.0,&
{'D2'},{'D7'},{'D6'},{'D4'},{'D5'},{'D1'},{'D3'},{'R3'},{'R1'},{'R2'},&,1.0,&
{'D2'},{'D7'},{'D6'},{'D4'},{'D5'},{'D3'},{'D1'},{'R1'},{'R3'},{'R2'},&,1.0,&
{'D2'},{'D7'},{'D6'},{'D4'},{'D5'},{'D3'},{'D1'},{'R2'},{'R3'},{'R1'},&,3.0,&
{'D2'},{'D7'},{'D6'},{'D4'},{'D5'},{'R3'},{'R1'},{'D1'},{'D3'},{'R2'},&,1.0,&
{'D2'},{'D7'},{'D6'},{'R3'},{'D5'},{'D3'},{'D4'},{'D1'},{'R1'},{'R2'},&,1.0,&
{'D2'},{'D7'},{'D1'},{'D3'},{'D6'},{'D5'},{'D4'},{'R3'},{'R2'},{'R1'},&,1.0,&
{'D2'},{'D7'},{'D1'},{'D3'},{'D4'},{'D5'},{'D6'},{'R3'},{'R2'},{'R1'},&,1.0,&
{'D2'},{'D7'},{'D1'},{'D3'},{'D5'},{'D6'},{'D4'},{'R3'},{'R1'},{'R2'},&,1.0,&
{'D2'},{'D7'},{'D1'},{'D3'},{'D5'},{'D6'},{'R1'},{'D4'},{'R3'},{'R2'},&,1.0,&
{'D2'},{'D7'},{'D1'},{'D3'},{'D5'},{'D4'},{'R3'},{'R2'},{'D6'},{'R1'},&,1.0,&
{'D2'},{'D7'},{'D1'},{'D5'},{'D3'},{'D6'},{'D4'},{'R3'},{'R1'},{'R2'},&,1.0,&
{'D2'},{'D7'},{'D1'},{'D5'},{'D3'},{'D4'},{'D6'},{'R1'},{'R2'},{'R3'},&,1.0,&
{'D2'},{'D7'},{'D1'},{'D5'},{'D6'},{'D4'},{'R3'},{'D3'},{'R1'},{'R2'},&,1.0,&
{'D2'},{'D7'},{'D1'},{'D5'},{'D6'},{'D4'},{'D3'},{'R3'},{'R1'},{'R2'},&,1.0,&
{'D2'},{'D7'},{'D1'},{'D5'},{'D6'},{'D3'},{'D4'},{'R3'},{'R1'},{'R2'},&,1.0,&
{'D2'},{'D7'},{'D1'},{'D5'},{'D4'},{'D3'},{'D6'},{'R3'},{'R2'},{'R1'},&,1.0,&
{'D2'},{'D7'},{'D1'},{'D6'},{'D3'},{'D4'},{'R3'},{'D5'},{'R1'},{'R2'},&,1.0,&
{'D2'},{'D7'},{'D1'},{'D6'},{'D3'},{'D4'},{'D5'},{'R2'},{'R3'},{'R1'},&,1.0,&
{'D2'},{'D7'},{'D1'},{'D6'},{'D3'},{'R1'},{'D5'},{'D4'},{'R2'},{'R3'},&,1.0,&
{'D2'},{'D7'},{'D1'},{'D6'},{'D4'},{'D3'},{'D5'},{'R1'},{'R2'},{'R3'},&,1.0,&
{'D2'},{'D7'},{'D1'},{'D6'},{'D4'},{'R3'},{'D3'},{'D5'},{'R1'},{'R2'},&,1.0,&
{'D2'},{'D7'},{'D1'},{'D6'},{'D5'},{'D3'},{'D4'},{'R3'},{'R1'},{'R2'},&,1.0,&
{'D2'},{'D7'},{'D1'},{'D6'},{'D5'},{'D3'},{'R1'},{'R3'},{'D4'},{'R2'},&,1.0,&
{'D2'},{'D7'},{'D1'},{'D4'},{'D5'},{'D6'},{'D3'},{'R3'},{'R2'},{'R1'},&,1.0,&
{'D2'},{'D7'},{'D1'},{'D4'},{'D5'},{'D3'},{'D6'},{'R1'},{'R2'},{'R3'},&,1.0,&
{'D2'},{'D7'},{'D1'},{'D4'},{'D5'},{'D3'},{'D6'},{'R3'},{'R1'},{'R2'},&,1.0,&
{'D2'},{'D4'},{'D3'},{'D7'},{'D6'},{'D5'},{'D1'},{'R3'},{'R2'},{'R1'},&,1.0,&
{'D2'},{'D4'},{'D3'},{'D7'},{'D5'},{'D6'},{'D1'},{'R1'},{'R3'},{'R2'},&,1.0,&
{'D2'},{'D4'},{'D3'},{'D7'},{'D5'},{'D6'},{'D1'},{'R3'},{'R2'},{'R1'},&,1.0,&
{'D2'},{'D4'},{'D3'},{'D7'},{'D5'},{'D6'},{'D1'},{'R3'},{'R1'},{'R2'},&,1.0,&
{'D2'},{'D4'},{'D3'},{'D7'},{'D5'},{'R1'},{'D6'},{'D1'},{'R3'},{'R2'},&,1.0,&
{'D2'},{'D4'},{'D3'},{'D7'},{'D5'},{'R3'},{'D6'},{'D1'},{'R1'},{'R2'},&,1.0,&
{'D2'},{'D4'},{'D3'},{'D1'},{'D6'},{'D5'},{'D7'},{'R3'},{'R2'},{'R1'},&,1.0,&
{'D2'},{'D4'},{'D3'},{'D1'},{'D5'},{'D6'},{'D7'},{'R1'},{'R3'},{'R2'},&,1.0,&
{'D2'},{'D4'},{'D3'},{'D5'},{'D1'},{'D6'},{'R3'},{'D7'},{'R1'},{'R2'},&,1.0,&
{'D2'},{'D4'},{'D3'},{'D5'},{'D1'},{'D6'},{'D7'},{'R1'},{'R3'},{'R2'},&,1.0,&
{'D2'},{'D4'},{'D3'},{'D5'},{'D1'},{'D6'},{'D7'},{'R2'},{'R3'},{'R1'},&,1.0,&
{'D2'},{'D4'},{'D3'},{'D5'},{'D1'},{'D6'},{'D7'},{'R3'},{'R1'},{'R2'},&,1.0,&
{'D2'},{'D4'},{'D3'},{'D5'},{'D1'},{'D6'},{'R1'},{'D7'},{'R3'},{'R2'},&,1.0,&
{'D2'},{'D4'},{'D3'},{'D5'},{'D1'},{'D7'},{'D6'},{'R3'},{'R1'},{'R2'},&,1.0,&
{'D2'},{'D4'},{'D3'},{'D5'},{'D1'},{'R1'},{'D6'},{'D7'},{'R3'},{'R2'},&,1.0,&
{'D2'},{'D4'},{'D3'},{'D5'},{'D7'},{'D6'},{'R3'},{'D1'},{'R1'},{'R2'},&,1.0,&
{'D2'},{'D4'},{'D3'},{'D5'},{'D7'},{'D6'},{'D1'},{'R1'},{'R2'},{'R3'},&,1.0,&
{'D2'},{'D4'},{'D3'},{'D5'},{'D7'},{'D6'},{'D1'},{'R2'},{'R1'},{'R3'},&,1.0,&
{'D2'},{'D4'},{'D3'},{'D5'},{'D7'},{'D6'},{'D1'},{'R3'},{'R1'},{'R2'},&,1.0,&
{'D2'},{'D4'},{'D3'},{'D5'},{'D7'},{'R3'},{'D6'},{'R2'},{'D1'},{'R1'},&,1.0,&
{'D2'},{'D4'},{'D3'},{'D5'},{'D6'},{'D7'},{'R3'},{'D1'},{'R1'},{'R2'},&,1.0,&
{'D2'},{'D4'},{'D3'},{'D5'},{'D6'},{'D7'},{'D1'},{'R2'},{'R3'},{'R1'},&,1.0,&
{'D2'},{'D4'},{'D3'},{'D5'},{'D6'},{'D7'},{'D1'},{'R3'},{'R2'},{'R1'},&,3.0,&
{'D2'},{'D4'},{'D3'},{'D5'},{'D6'},{'D1'},{'R3'},{'R1'},{'D7'},{'R2'},&,1.0,&
{'D2'},{'D4'},{'D3'},{'D5'},{'D6'},{'D1'},{'R3'},{'D7'},{'R1'},{'R2'},&,1.0,&
{'D2'},{'D4'},{'D3'},{'D5'},{'D6'},{'D1'},{'D7'},{'R2'},{'R3'},{'R1'},&,1.0,&
{'D2'},{'D4'},{'D3'},{'D5'},{'D6'},{'D1'},{'R1'},{'R2'},{'R3'},{'D7'},&,1.0,&
{'D2'},{'D4'},{'D3'},{'D6'},{'D1'},{'D7'},{'D5'},{'R3'},{'R1'},{'R2'},&,1.0,&
{'D2'},{'D4'},{'D3'},{'D6'},{'D7'},{'D5'},{'R3'},{'D1'},{'R1'},{'R2'},&,1.0,&
{'D2'},{'D4'},{'D3'},{'D6'},{'D7'},{'D5'},{'D1'},{'R1'},{'R3'},{'R2'},&,1.0,&
{'D2'},{'D4'},{'D3'},{'D6'},{'D7'},{'D5'},{'D1'},{'R3'},{'R1'},{'R2'},&,1.0,&
{'D2'},{'D4'},{'D3'},{'D6'},{'D5'},{'D7'},{'D1'},{'R3'},{'R2'},{'R1'},&,5.0,&
{'D2'},{'D4'},{'D3'},{'D6'},{'D5'},{'D7'},{'D1'},{'R3'},{'R1'},{'R2'},&,2.0,&
{'D2'},{'D4'},{'D3'},{'D6'},{'D5'},{'D7'},{'R2'},{'D1'},{'R3'},{'R1'},&,1.0,&
{'D2'},{'D4'},{'D3'},{'D6'},{'D5'},{'D1'},{'R3'},{'R2'},{'R1'},{'D7'},&,1.0,&
{'D2'},{'D4'},{'D3'},{'D6'},{'D5'},{'D1'},{'D7'},{'R1'},{'R3'},{'R2'},&,1.0,&
{'D2'},{'D4'},{'D3'},{'D6'},{'D5'},{'D1'},{'D7'},{'R2'},{'R3'},{'R1'},&,1.0,&
{'D2'},{'D4'},{'D3'},{'D6'},{'D5'},{'D1'},{'D7'},{'R3'},{'R2'},{'R1'},&,3.0,&
{'D2'},{'D4'},{'D3'},{'D6'},{'D5'},{'D1'},{'D7'},{'R3'},{'R1'},{'R2'},&,1.0,&
{'D2'},{'D4'},{'D3'},{'D6'},{'D5'},{'R2'},{'D7'},{'R1'},{'D1'},{'R3'},&,1.0,&
{'D2'},{'D4'},{'D3'},{'D6'},{'D5'},{'R3'},{'D7'},{'D1'},{'R1'},{'R2'},&,1.0,&
{'D2'},{'D4'},{'D3'},{'D6'},{'R3'},{'D5'},{'D1'},{'D7'},{'R1'},{'R2'},&,1.0,&
{'D2'},{'D4'},{'D5'},{'D7'},{'D3'},{'D6'},{'R3'},{'R1'},{'D1'},{'R2'},&,1.0,&
{'D2'},{'D4'},{'D5'},{'D7'},{'D3'},{'D6'},{'D1'},{'R1'},{'R3'},{'R2'},&,1.0,&
{'D2'},{'D4'},{'D5'},{'D7'},{'D3'},{'D6'},{'D1'},{'R3'},{'R1'},{'R2'},&,2.0,&
{'D2'},{'D4'},{'D5'},{'D7'},{'D3'},{'D1'},{'D6'},{'R3'},{'R2'},{'R1'},&,1.0,&
{'D2'},{'D4'},{'D5'},{'D7'},{'D6'},{'D1'},{'D3'},{'R2'},{'R3'},{'R1'},&,1.0,&
{'D2'},{'D4'},{'D5'},{'D7'},{'D6'},{'D3'},{'R3'},{'D1'},{'R1'},{'R2'},&,2.0,&
{'D2'},{'D4'},{'D5'},{'D7'},{'D6'},{'D3'},{'D1'},{'R1'},{'R2'},{'R3'},&,1.0,&
{'D2'},{'D4'},{'D5'},{'D7'},{'D6'},{'D3'},{'D1'},{'R3'},{'R2'},{'R1'},&,3.0,&
{'D2'},{'D4'},{'D5'},{'D7'},{'D6'},{'D3'},{'R2'},{'D1'},{'R3'},{'R1'},&,1.0,&
{'D2'},{'D4'},{'D5'},{'D1'},{'D7'},{'D6'},{'D3'},{'R3'},{'R1'},{'R2'},&,1.0,&
{'D2'},{'D4'},{'D5'},{'D1'},{'D7'},{'D3'},{'D6'},{'R3'},{'R2'},{'R1'},&,1.0,&
{'D2'},{'D4'},{'D5'},{'D1'},{'D7'},{'R1'},{'D6'},{'D3'},{'R3'},{'R2'},&,1.0,&
{'D2'},{'D4'},{'D5'},{'D1'},{'D3'},{'D6'},{'D7'},{'R3'},{'R1'},{'R2'},&,3.0,&
{'D2'},{'D4'},{'D5'},{'D1'},{'D6'},{'D7'},{'D3'},{'R3'},{'R1'},{'R2'},&,2.0,&
{'D2'},{'D4'},{'D5'},{'D1'},{'D6'},{'D3'},{'R3'},{'D7'},{'R1'},{'R2'},&,1.0,&
{'D2'},{'D4'},{'D5'},{'D1'},{'D6'},{'D3'},{'D7'},{'R1'},{'R3'},{'R2'},&,1.0,&
{'D2'},{'D4'},{'D5'},{'D1'},{'D6'},{'D3'},{'D7'},{'R2'},{'R1'},{'R3'},&,1.0,&
{'D2'},{'D4'},{'D5'},{'D3'},{'D1'},{'D6'},{'R3'},{'D7'},{'R1'},{'R2'},&,1.0,&
{'D2'},{'D4'},{'D5'},{'D3'},{'D1'},{'D6'},{'D7'},{'R1'},{'R2'},{'R3'},&,1.0,&
{'D2'},{'D4'},{'D5'},{'D3'},{'D1'},{'D6'},{'D7'},{'R3'},{'R2'},{'R1'},&,2.0,&
{'D2'},{'D4'},{'D5'},{'D3'},{'D1'},{'D7'},{'D6'},{'R3'},{'R1'},{'R2'},&,1.0,&
{'D2'},{'D4'},{'D5'},{'D3'},{'D1'},{'D7'},{'R1'},{'D6'},{'R3'},{'R2'},&,1.0,&
{'D2'},{'D4'},{'D5'},{'D3'},{'D7'},{'D6'},{'R3'},{'D1'},{'R2'},{'R1'},&,1.0,&
{'D2'},{'D4'},{'D5'},{'D3'},{'D7'},{'D6'},{'D1'},{'R1'},{'R3'},{'R2'},&,1.0,&
{'D2'},{'D4'},{'D5'},{'D3'},{'D7'},{'D6'},{'D1'},{'R3'},{'R2'},{'R1'},&,3.0,&
{'D2'},{'D4'},{'D5'},{'D3'},{'D7'},{'D6'},{'D1'},{'R3'},{'R1'},{'R2'},&,2.0,&
{'D2'},{'D4'},{'D5'},{'D3'},{'D7'},{'D6'},{'R1'},{'D1'},{'R3'},{'R2'},&,1.0,&
{'D2'},{'D4'},{'D5'},{'D3'},{'D7'},{'D1'},{'D6'},{'R1'},{'R2'},{'R3'},&,1.0,&
{'D2'},{'D4'},{'D5'},{'D3'},{'D7'},{'D1'},{'D6'},{'R3'},{'R1'},{'R2'},&,1.0,&
{'D2'},{'D4'},{'D5'},{'D3'},{'D7'},{'R3'},{'D6'},{'D1'},{'R1'},{'R2'},&,1.0,&
{'D2'},{'D4'},{'D5'},{'D3'},{'D6'},{'D7'},{'R3'},{'R1'},{'D1'},{'R2'},&,1.0,&
{'D2'},{'D4'},{'D5'},{'D3'},{'D6'},{'D7'},{'R3'},{'D1'},{'R2'},{'R1'},&,3.0,&
{'D2'},{'D4'},{'D5'},{'D3'},{'D6'},{'D7'},{'R3'},{'D1'},{'R1'},{'R2'},&,1.0,&
{'D2'},{'D4'},{'D5'},{'D3'},{'D6'},{'D7'},{'D1'},{'R1'},{'R3'},{'R2'},&,2.0,&
{'D2'},{'D4'},{'D5'},{'D3'},{'D6'},{'D7'},{'D1'},{'R2'},{'R1'},{'R3'},&,1.0,&
{'D2'},{'D4'},{'D5'},{'D3'},{'D6'},{'D7'},{'D1'},{'R3'},{'R2'},{'R1'},&,1.0,&
{'D2'},{'D4'},{'D5'},{'D3'},{'D6'},{'D7'},{'D1'},{'R3'},{'R1'},{'R2'},&,2.0,&
{'D2'},{'D4'},{'D5'},{'D3'},{'D6'},{'D1'},{'R3'},{'D7'},{'R2'},{'R1'},&,1.0,&
{'D2'},{'D4'},{'D5'},{'D3'},{'D6'},{'D1'},{'D7'},{'R1'},{'R2'},{'R3'},&,1.0,&
{'D2'},{'D4'},{'D5'},{'D3'},{'D6'},{'D1'},{'D7'},{'R2'},{'R1'},{'R3'},&,1.0,&
{'D2'},{'D4'},{'D5'},{'D3'},{'D6'},{'D1'},{'D7'},{'R3'},{'R1'},{'R2'},&,1.0,&
{'D2'},{'D4'},{'D5'},{'D6'},{'D1'},{'D7'},{'R3'},{'D3'},{'R2'},{'R1'},&,1.0,&
{'D2'},{'D4'},{'D5'},{'D6'},{'D1'},{'D7'},{'R2'},{'R3'},{'D3'},{'R1'},&,1.0,&
{'D2'},{'D4'},{'D5'},{'D6'},{'D1'},{'D7'},{'R2'},{'D3'},{'R1'},{'R3'},&,1.0,&
{'D2'},{'D4'},{'D5'},{'D6'},{'D1'},{'D3'},{'R3'},{'R1'},{'D7'},{'R2'},&,1.0,&
{'D2'},{'D4'},{'D5'},{'D6'},{'D1'},{'D3'},{'R3'},{'D7'},{'R1'},{'R2'},&,1.0,&
{'D2'},{'D4'},{'D5'},{'D6'},{'D1'},{'D3'},{'D7'},{'R1'},{'R3'},{'R2'},&,1.0,&
{'D2'},{'D4'},{'D5'},{'D6'},{'D1'},{'D3'},{'D7'},{'R2'},{'R3'},{'R1'},&,2.0,&
{'D2'},{'D4'},{'D5'},{'D6'},{'D1'},{'D3'},{'D7'},{'R3'},{'R1'},{'R2'},&,1.0,&
{'D2'},{'D4'},{'D5'},{'D6'},{'D1'},{'D3'},{'R1'},{'R3'},{'D7'},{'R2'},&,1.0,&
{'D2'},{'D4'},{'D5'},{'D6'},{'D1'},{'R3'},{'D3'},{'D7'},{'R1'},{'R2'},&,1.0,&
{'D2'},{'D4'},{'D5'},{'D6'},{'D7'},{'D1'},{'D3'},{'R1'},{'R2'},{'R3'},&,1.0,&
{'D2'},{'D4'},{'D5'},{'D6'},{'D7'},{'D1'},{'D3'},{'R3'},{'R1'},{'R2'},&,1.0,&
{'D2'},{'D4'},{'D5'},{'D6'},{'D7'},{'D3'},{'R3'},{'D1'},{'R2'},{'R1'},&,1.0,&
{'D2'},{'D4'},{'D5'},{'D6'},{'D7'},{'D3'},{'R3'},{'D1'},{'R1'},{'R2'},&,1.0,&
{'D2'},{'D4'},{'D5'},{'D6'},{'D7'},{'D3'},{'D1'},{'R3'},{'R2'},{'R1'},&,2.0,&
{'D2'},{'D4'},{'D5'},{'D6'},{'D7'},{'D3'},{'D1'},{'R3'},{'R1'},{'R2'},&,2.0,&
{'D2'},{'D4'},{'D5'},{'D6'},{'D3'},{'D7'},{'R3'},{'R1'},{'R2'},{'D1'},&,1.0,&
{'D2'},{'D4'},{'D5'},{'D6'},{'D3'},{'D7'},{'R3'},{'D1'},{'R2'},{'R1'},&,1.0,&
{'D2'},{'D4'},{'D5'},{'D6'},{'D3'},{'D7'},{'D1'},{'R2'},{'R3'},{'R1'},&,2.0,&
{'D2'},{'D4'},{'D5'},{'D6'},{'D3'},{'D7'},{'D1'},{'R2'},{'R1'},{'R3'},&,3.0,&
{'D2'},{'D4'},{'D5'},{'D6'},{'D3'},{'D7'},{'D1'},{'R3'},{'R2'},{'R1'},&,1.0,&
{'D2'},{'D4'},{'D5'},{'D6'},{'D3'},{'D7'},{'D1'},{'R3'},{'R1'},{'R2'},&,4.0,&
{'D2'},{'D4'},{'D5'},{'D6'},{'D3'},{'D7'},{'R2'},{'D1'},{'R3'},{'R1'},&,2.0,&
{'D2'},{'D4'},{'D5'},{'D6'},{'D3'},{'D1'},{'R3'},{'D7'},{'R2'},{'R1'},&,1.0,&
{'D2'},{'D4'},{'D5'},{'D6'},{'D3'},{'D1'},{'R3'},{'D7'},{'R1'},{'R2'},&,2.0,&
{'D2'},{'D4'},{'D5'},{'D6'},{'D3'},{'D1'},{'R2'},{'R3'},{'D7'},{'R1'},&,1.0,&
{'D2'},{'D4'},{'D5'},{'D6'},{'D3'},{'D1'},{'R2'},{'D7'},{'R3'},{'R1'},&,1.0,&
{'D2'},{'D4'},{'D5'},{'D6'},{'D3'},{'D1'},{'D7'},{'R1'},{'R3'},{'R2'},&,1.0,&
{'D2'},{'D4'},{'D5'},{'D6'},{'D3'},{'D1'},{'D7'},{'R2'},{'R3'},{'R1'},&,1.0,&
{'D2'},{'D4'},{'D5'},{'D6'},{'D3'},{'D1'},{'D7'},{'R2'},{'R1'},{'R3'},&,1.0,&
{'D2'},{'D4'},{'D5'},{'D6'},{'D3'},{'D1'},{'D7'},{'R3'},{'R2'},{'R1'},&,2.0,&
{'D2'},{'D4'},{'D5'},{'D6'},{'D3'},{'D1'},{'D7'},{'R3'},{'R1'},{'R2'},&,2.0,&
{'D2'},{'D4'},{'D5'},{'D6'},{'D3'},{'D1'},{'R1'},{'D7'},{'R3'},{'R2'},&,1.0,&
{'D2'},{'D4'},{'D5'},{'R2'},{'D7'},{'D3'},{'D6'},{'D1'},{'R1'},{'R3'},&,1.0,&
{'D2'},{'D4'},{'D6'},{'D7'},{'D1'},{'D3'},{'R2'},{'D5'},{'R3'},{'R1'},&,1.0,&
{'D2'},{'D4'},{'D6'},{'D7'},{'D3'},{'D5'},{'D1'},{'R3'},{'R1'},{'R2'},&,1.0,&
{'D2'},{'D4'},{'D6'},{'D7'},{'D5'},{'D1'},{'R3'},{'R2'},{'D3'},{'R1'},&,1.0,&
{'D2'},{'D4'},{'D6'},{'D7'},{'D5'},{'D3'},{'D1'},{'R1'},{'R2'},{'R3'},&,1.0,&
{'D2'},{'D4'},{'D6'},{'D7'},{'D5'},{'D3'},{'D1'},{'R1'},{'R3'},{'R2'},&,1.0,&
{'D2'},{'D4'},{'D6'},{'D1'},{'D7'},{'D5'},{'R3'},{'D3'},{'R1'},{'R2'},&,1.0,&
{'D2'},{'D4'},{'D6'},{'D1'},{'D7'},{'D3'},{'R1'},{'R2'},{'D5'},{'R3'},&,1.0,&
{'D2'},{'D4'},{'D6'},{'D1'},{'D7'},{'D3'},{'D5'},{'R2'},{'R3'},{'R1'},&,1.0,&
{'D2'},{'D4'},{'D6'},{'D1'},{'D3'},{'D5'},{'D7'},{'R2'},{'R3'},{'R1'},&,1.0,&
{'D2'},{'D4'},{'D6'},{'D1'},{'D5'},{'D7'},{'D3'},{'R1'},{'R3'},{'R2'},&,1.0,&
{'D2'},{'D4'},{'D6'},{'D1'},{'D5'},{'D7'},{'D3'},{'R2'},{'R1'},{'R3'},&,1.0,&
{'D2'},{'D4'},{'D6'},{'D1'},{'D5'},{'D3'},{'D7'},{'R1'},{'R2'},{'R3'},&,1.0,&
{'D2'},{'D4'},{'D6'},{'D1'},{'D5'},{'D3'},{'D7'},{'R2'},{'R1'},{'R3'},&,1.0,&
{'D2'},{'D4'},{'D6'},{'D3'},{'D1'},{'D5'},{'R3'},{'D7'},{'R1'},{'R2'},&,1.0,&
{'D2'},{'D4'},{'D6'},{'D3'},{'D1'},{'D5'},{'D7'},{'R1'},{'R3'},{'R2'},&,1.0,&
{'D2'},{'D4'},{'D6'},{'D3'},{'D7'},{'D1'},{'R3'},{'R1'},{'D5'},{'R2'},&,1.0,&
{'D2'},{'D4'},{'D6'},{'D3'},{'D5'},{'D7'},{'R3'},{'D1'},{'R2'},{'R1'},&,1.0,&
{'D2'},{'D4'},{'D6'},{'D3'},{'D5'},{'D7'},{'R3'},{'D1'},{'R1'},{'R2'},&,1.0,&
{'D2'},{'D4'},{'D6'},{'D3'},{'D5'},{'D7'},{'D1'},{'R1'},{'R3'},{'R2'},&,1.0,&
{'D2'},{'D4'},{'D6'},{'D3'},{'D5'},{'D7'},{'D1'},{'R3'},{'R2'},{'R1'},&,1.0,&
{'D2'},{'D4'},{'D6'},{'D3'},{'D5'},{'D7'},{'D1'},{'R3'},{'R1'},{'R2'},&,2.0,&
{'D2'},{'D4'},{'D6'},{'D3'},{'D5'},{'D7'},{'R2'},{'D1'},{'R3'},{'R1'},&,1.0,&
{'D2'},{'D4'},{'D6'},{'D3'},{'D5'},{'D1'},{'D7'},{'R3'},{'R2'},{'R1'},&,1.0,&
{'D2'},{'D4'},{'D6'},{'D3'},{'D5'},{'D1'},{'R1'},{'D7'},{'R3'},{'R2'},&,1.0,&
{'D2'},{'D4'},{'D6'},{'D3'},{'D5'},{'R1'},{'D7'},{'D1'},{'R3'},{'R2'},&,1.0,&
{'D2'},{'D4'},{'D6'},{'D5'},{'D1'},{'D7'},{'D3'},{'R3'},{'R1'},{'R2'},&,1.0,&
{'D2'},{'D4'},{'D6'},{'D5'},{'D1'},{'D3'},{'R3'},{'D7'},{'R1'},{'R2'},&,1.0,&
{'D2'},{'D4'},{'D6'},{'D5'},{'D1'},{'D3'},{'D7'},{'R1'},{'R3'},{'R2'},&,1.0,&
{'D2'},{'D4'},{'D6'},{'D5'},{'D1'},{'D3'},{'D7'},{'R3'},{'R1'},{'R2'},&,1.0,&
{'D2'},{'D4'},{'D6'},{'D5'},{'D1'},{'D3'},{'R1'},{'D7'},{'R3'},{'R2'},&,1.0,&
{'D2'},{'D4'},{'D6'},{'D5'},{'D7'},{'D1'},{'D3'},{'R1'},{'R2'},{'R3'},&,1.0,&
{'D2'},{'D4'},{'D6'},{'D5'},{'D7'},{'D1'},{'D3'},{'R2'},{'R3'},{'R1'},&,2.0,&
{'D2'},{'D4'},{'D6'},{'D5'},{'D7'},{'D1'},{'D3'},{'R3'},{'R2'},{'R1'},&,1.0,&
{'D2'},{'D4'},{'D6'},{'D5'},{'D7'},{'D1'},{'D3'},{'R3'},{'R1'},{'R2'},&,1.0,&
{'D2'},{'D4'},{'D6'},{'D5'},{'D7'},{'D3'},{'R3'},{'D1'},{'R1'},{'R2'},&,1.0,&
{'D2'},{'D4'},{'D6'},{'D5'},{'D7'},{'D3'},{'D1'},{'R1'},{'R3'},{'R2'},&,1.0,&
{'D2'},{'D4'},{'D6'},{'D5'},{'D7'},{'D3'},{'D1'},{'R3'},{'R2'},{'R1'},&,1.0,&
{'D2'},{'D4'},{'D6'},{'D5'},{'D7'},{'D3'},{'D1'},{'R3'},{'R1'},{'R2'},&,1.0,&
{'D2'},{'D4'},{'D6'},{'D5'},{'D3'},{'D7'},{'D1'},{'R1'},{'R3'},{'R2'},&,1.0,&
{'D2'},{'D4'},{'D6'},{'D5'},{'D3'},{'D7'},{'D1'},{'R2'},{'R3'},{'R1'},&,2.0,&
{'D2'},{'D4'},{'D6'},{'D5'},{'D3'},{'D7'},{'D1'},{'R2'},{'R1'},{'R3'},&,1.0,&
{'D2'},{'D4'},{'D6'},{'D5'},{'D3'},{'D7'},{'D1'},{'R3'},{'R1'},{'R2'},&,5.0,&
{'D2'},{'D4'},{'D6'},{'D5'},{'D3'},{'D7'},{'R2'},{'D1'},{'R3'},{'R1'},&,1.0,&
{'D2'},{'D4'},{'D6'},{'D5'},{'D3'},{'D7'},{'R1'},{'R3'},{'R2'},{'D1'},&,1.0,&
{'D2'},{'D4'},{'D6'},{'D5'},{'D3'},{'D1'},{'R3'},{'R1'},{'R2'},{'D7'},&,1.0,&
{'D2'},{'D4'},{'D6'},{'D5'},{'D3'},{'D1'},{'D7'},{'R1'},{'R3'},{'R2'},&,1.0,&
{'D2'},{'D4'},{'D6'},{'D5'},{'D3'},{'D1'},{'D7'},{'R2'},{'R3'},{'R1'},&,1.0,&
{'D2'},{'D4'},{'D6'},{'D5'},{'D3'},{'D1'},{'D7'},{'R3'},{'R2'},{'R1'},&,2.0,&
{'D2'},{'D4'},{'D6'},{'D5'},{'D3'},{'R2'},{'D1'},{'R3'},{'D7'},{'R1'},&,1.0,&
{'D2'},{'D4'},{'D1'},{'D7'},{'D5'},{'D3'},{'R3'},{'D6'},{'R2'},{'R1'},&,1.0,&
{'D2'},{'D4'},{'D1'},{'D7'},{'D5'},{'D3'},{'R3'},{'D6'},{'R1'},{'R2'},&,1.0,&
{'D2'},{'D4'},{'D1'},{'D3'},{'D5'},{'D6'},{'D7'},{'R3'},{'R2'},{'R1'},&,1.0,&
{'D2'},{'D4'},{'D1'},{'D3'},{'D5'},{'D7'},{'D6'},{'R1'},{'R3'},{'R2'},&,1.0,&
{'D2'},{'D4'},{'D1'},{'D5'},{'D7'},{'D6'},{'D3'},{'R2'},{'R3'},{'R1'},&,1.0,&
{'D2'},{'D4'},{'D1'},{'D5'},{'D7'},{'D6'},{'D3'},{'R3'},{'R2'},{'R1'},&,1.0,&
{'D2'},{'D4'},{'D1'},{'D5'},{'D3'},{'D6'},{'D7'},{'R3'},{'R2'},{'R1'},&,1.0,&
{'D2'},{'D4'},{'D1'},{'D5'},{'D3'},{'D7'},{'D6'},{'R2'},{'R3'},{'R1'},&,1.0,&
{'D2'},{'D4'},{'D1'},{'D5'},{'D3'},{'D7'},{'D6'},{'R3'},{'R2'},{'R1'},&,1.0,&
{'D2'},{'D4'},{'D1'},{'D6'},{'D5'},{'D3'},{'D7'},{'R2'},{'R3'},{'R1'},&,1.0,&
{'D2'},{'D4'},{'D7'},{'D1'},{'D3'},{'D5'},{'D6'},{'R1'},{'R3'},{'R2'},&,1.0,&
{'D2'},{'D4'},{'D7'},{'D1'},{'D6'},{'D5'},{'D3'},{'R2'},{'R3'},{'R1'},&,1.0,&
{'D2'},{'D4'},{'D7'},{'D1'},{'D5'},{'D3'},{'D6'},{'R1'},{'R3'},{'R2'},&,1.0,&
{'D2'},{'D4'},{'D7'},{'D3'},{'D1'},{'D6'},{'R3'},{'R2'},{'D5'},{'R1'},&,1.0,&
{'D2'},{'D4'},{'D7'},{'D3'},{'D6'},{'D5'},{'D1'},{'R1'},{'R2'},{'R3'},&,1.0,&
{'D2'},{'D4'},{'D7'},{'D3'},{'D6'},{'D5'},{'D1'},{'R3'},{'R2'},{'R1'},&,1.0,&
{'D2'},{'D4'},{'D7'},{'D3'},{'D6'},{'D5'},{'R1'},{'D1'},{'R3'},{'R2'},&,1.0,&
{'D2'},{'D4'},{'D7'},{'D3'},{'D5'},{'D6'},{'R3'},{'D1'},{'R1'},{'R2'},&,1.0,&
{'D2'},{'D4'},{'D7'},{'D3'},{'D5'},{'D1'},{'D6'},{'R1'},{'R3'},{'R2'},&,1.0,&
{'D2'},{'D4'},{'D7'},{'D3'},{'D5'},{'D1'},{'D6'},{'R3'},{'R2'},{'R1'},&,1.0,&
{'D2'},{'D4'},{'D7'},{'D5'},{'D1'},{'D6'},{'R3'},{'D3'},{'R2'},{'R1'},&,1.0,&
{'D2'},{'D4'},{'D7'},{'D5'},{'D1'},{'D3'},{'R2'},{'D6'},{'R3'},{'R1'},&,1.0,&
{'D2'},{'D4'},{'D7'},{'D5'},{'D3'},{'D6'},{'D1'},{'R1'},{'R3'},{'R2'},&,1.0,&
{'D2'},{'D4'},{'D7'},{'D5'},{'D3'},{'D6'},{'D1'},{'R2'},{'R1'},{'R3'},&,1.0,&
{'D2'},{'D4'},{'D7'},{'D5'},{'D3'},{'D6'},{'D1'},{'R3'},{'R2'},{'R1'},&,1.0,&
{'D2'},{'D4'},{'D7'},{'D5'},{'D3'},{'D6'},{'D1'},{'R3'},{'R1'},{'R2'},&,2.0,&
{'D2'},{'D4'},{'D7'},{'D5'},{'D3'},{'D6'},{'R1'},{'D1'},{'R3'},{'R2'},&,1.0,&
{'D2'},{'D4'},{'D7'},{'D5'},{'D3'},{'R2'},{'D1'},{'D6'},{'R1'},{'R3'},&,1.0,&
{'D2'},{'D4'},{'D7'},{'D5'},{'D3'},{'R3'},{'D1'},{'R1'},{'D6'},{'R2'},&,1.0,&
{'D2'},{'D4'},{'D7'},{'D5'},{'D6'},{'D1'},{'D3'},{'R2'},{'R3'},{'R1'},&,1.0,&
{'D2'},{'D4'},{'D7'},{'D5'},{'D6'},{'D1'},{'D3'},{'R2'},{'R1'},{'R3'},&,1.0,&
{'D2'},{'D4'},{'D7'},{'D5'},{'D6'},{'D1'},{'D3'},{'R3'},{'R1'},{'R2'},&,1.0,&
{'D2'},{'D4'},{'D7'},{'D5'},{'D6'},{'D3'},{'D1'},{'R1'},{'R2'},{'R3'},&,1.0,&
{'D2'},{'D4'},{'D7'},{'D5'},{'D6'},{'D3'},{'D1'},{'R1'},{'R3'},{'R2'},&,1.0,&
{'D2'},{'D4'},{'D7'},{'D5'},{'D6'},{'D3'},{'D1'},{'R2'},{'R3'},{'R1'},&,1.0,&
{'D2'},{'D4'},{'D7'},{'D5'},{'D6'},{'D3'},{'D1'},{'R2'},{'R1'},{'R3'},&,1.0,&
{'D2'},{'D4'},{'D7'},{'D5'},{'D6'},{'D3'},{'D1'},{'R3'},{'R1'},{'R2'},&,2.0,&
{'D2'},{'D4'},{'D7'},{'D6'},{'D3'},{'D1'},{'D5'},{'R2'},{'R3'},{'R1'},&,1.0,&
{'D2'},{'D4'},{'D7'},{'D6'},{'D5'},{'D1'},{'D3'},{'R3'},{'R2'},{'R1'},&,1.0,&
{'D2'},{'D4'},{'D7'},{'D6'},{'D5'},{'D3'},{'D1'},{'R3'},{'R2'},{'R1'},&,2.0,&
{'D2'},{'D4'},{'D7'},{'D6'},{'D5'},{'D3'},{'D1'},{'R3'},{'R1'},{'R2'},&,1.0,&
{'D2'},{'R1'},{'D5'},{'D3'},{'D6'},{'D4'},{'D7'},{'R3'},{'R2'},{'D1'},&,1.0,&
{'D2'},{'R1'},{'R3'},{'D4'},{'R2'},{'D1'},{'D6'},{'D3'},{'D5'},{'D7'},&,1.0,&
{'D2'},{'R1'},{'R2'},{'R3'},{'D1'},{'D4'},{'D6'},{'D3'},{'D5'},{'D7'},&,1.0,&
{'D2'},{'R1'},{'R2'},{'R3'},{'D6'},{'D1'},{'D4'},{'D5'},{'D3'},{'D7'},&,1.0,&
{'D2'},{'R3'},{'R2'},{'D1'},{'R1'},{'D4'},{'D6'},{'D3'},{'D5'},{'D7'},&,1.0,&
{'D2'},{'R3'},{'R2'},{'R1'},{'D1'},{'D6'},{'D4'},{'D3'},{'D5'},{'D7'},&,1.0,&
{'D2'},{'R3'},{'R2'},{'R1'},{'D1'},{'D6'},{'D4'},{'D5'},{'D3'},{'D7'},&,2.0,&
{'D2'},{'R3'},{'R2'},{'R1'},{'D1'},{'D4'},{'D6'},{'D3'},{'D7'},{'D5'},&,2.0,&
{'D2'},{'R3'},{'R2'},{'R1'},{'D1'},{'D4'},{'D6'},{'D5'},{'D3'},{'D7'},&,3.0,&
{'D2'},{'R3'},{'R2'},{'R1'},{'D1'},{'D4'},{'D3'},{'D6'},{'D5'},{'D7'},&,1.0,&
{'D2'},{'R3'},{'R2'},{'R1'},{'D6'},{'D1'},{'D4'},{'D5'},{'D3'},{'D7'},&,1.0,&
{'D2'},{'R3'},{'R2'},{'D4'},{'R1'},{'D6'},{'D1'},{'D5'},{'D3'},{'D7'},&,1.0,&
{'D2'},{'R2'},{'D4'},{'R3'},{'D1'},{'R1'},{'D6'},{'D5'},{'D3'},{'D7'},&,1.0,&
{'D2'},{'R2'},{'R3'},{'R1'},{'D1'},{'D4'},{'D6'},{'D3'},{'D7'},{'D5'},&,1.0,&
{'D2'},{'R2'},{'R3'},{'R1'},{'D1'},{'D4'},{'D6'},{'D3'},{'D5'},{'D7'},&,2.0,&
{'D2'},{'R2'},{'R3'},{'R1'},{'D6'},{'D4'},{'D1'},{'D3'},{'D5'},{'D7'},&,1.0,&
{'D2'},{'R2'},{'R1'},{'R3'},{'D1'},{'D4'},{'D6'},{'D5'},{'D3'},{'D7'},&,1.0,&
{'D1'},{'D3'},{'D4'},{'D7'},{'D6'},{'D5'},{'D2'},{'R3'},{'R2'},{'R1'},&,1.0,&
{'D1'},{'D3'},{'D4'},{'D7'},{'D5'},{'D6'},{'D2'},{'R1'},{'R3'},{'R2'},&,1.0,&
{'D1'},{'D3'},{'D4'},{'D7'},{'D5'},{'D6'},{'D2'},{'R3'},{'R2'},{'R1'},&,1.0,&
{'D1'},{'D3'},{'D4'},{'D7'},{'D5'},{'D2'},{'D6'},{'R3'},{'R1'},{'R2'},&,1.0,&
{'D1'},{'D3'},{'D4'},{'D7'},{'D5'},{'D2'},{'R1'},{'D6'},{'R3'},{'R2'},&,1.0,&
{'D1'},{'D3'},{'D4'},{'D2'},{'D7'},{'D6'},{'D5'},{'R3'},{'R1'},{'R2'},&,1.0,&
{'D1'},{'D3'},{'D4'},{'D2'},{'D6'},{'D7'},{'D5'},{'R3'},{'R2'},{'R1'},&,1.0,&
{'D1'},{'D3'},{'D4'},{'D2'},{'D5'},{'D6'},{'D7'},{'R1'},{'R3'},{'R2'},&,2.0,&
{'D1'},{'D3'},{'D4'},{'D2'},{'D5'},{'D6'},{'D7'},{'R3'},{'R2'},{'R1'},&,1.0,&
{'D1'},{'D3'},{'D4'},{'D2'},{'D5'},{'R3'},{'D6'},{'D7'},{'R1'},{'R2'},&,1.0,&
{'D1'},{'D3'},{'D4'},{'D5'},{'D7'},{'D6'},{'R3'},{'D2'},{'R1'},{'R2'},&,1.0,&
{'D1'},{'D3'},{'D4'},{'D5'},{'D7'},{'D6'},{'D2'},{'R1'},{'R2'},{'R3'},&,1.0,&
{'D1'},{'D3'},{'D4'},{'D5'},{'D7'},{'D6'},{'D2'},{'R3'},{'R2'},{'R1'},&,2.0,&
{'D1'},{'D3'},{'D4'},{'D5'},{'D7'},{'D6'},{'D2'},{'R3'},{'R1'},{'R2'},&,3.0,&
{'D1'},{'D3'},{'D4'},{'D5'},{'D7'},{'D2'},{'D6'},{'R1'},{'R3'},{'R2'},&,1.0,&
{'D1'},{'D3'},{'D4'},{'D5'},{'D7'},{'D2'},{'D6'},{'R3'},{'R2'},{'R1'},&,1.0,&
{'D1'},{'D3'},{'D4'},{'D5'},{'D2'},{'D6'},{'D7'},{'R2'},{'R3'},{'R1'},&,1.0,&
{'D1'},{'D3'},{'D4'},{'D5'},{'D2'},{'D6'},{'D7'},{'R3'},{'R2'},{'R1'},&,1.0,&
{'D1'},{'D3'},{'D4'},{'D5'},{'D2'},{'D7'},{'D6'},{'R3'},{'R1'},{'R2'},&,1.0,&
{'D1'},{'D3'},{'D4'},{'D5'},{'D2'},{'R2'},{'D7'},{'D6'},{'R1'},{'R3'},&,1.0,&
{'D1'},{'D3'},{'D4'},{'D5'},{'D6'},{'D7'},{'R3'},{'D2'},{'R1'},{'R2'},&,1.0,&
{'D1'},{'D3'},{'D4'},{'D5'},{'D6'},{'D7'},{'D2'},{'R2'},{'R1'},{'R3'},&,1.0,&
{'D1'},{'D3'},{'D4'},{'D5'},{'D6'},{'D7'},{'D2'},{'R3'},{'R2'},{'R1'},&,2.0,&
{'D1'},{'D3'},{'D4'},{'D5'},{'D6'},{'D7'},{'D2'},{'R3'},{'R1'},{'R2'},&,1.0,&
{'D1'},{'D3'},{'D4'},{'D5'},{'D6'},{'D2'},{'R2'},{'D7'},{'R3'},{'R1'},&,1.0,&
{'D1'},{'D3'},{'D4'},{'D5'},{'D6'},{'D2'},{'D7'},{'R1'},{'R2'},{'R3'},&,2.0,&
{'D1'},{'D3'},{'D4'},{'D5'},{'D6'},{'D2'},{'D7'},{'R1'},{'R3'},{'R2'},&,1.0,&
{'D1'},{'D3'},{'D4'},{'D5'},{'D6'},{'D2'},{'D7'},{'R2'},{'R1'},{'R3'},&,1.0,&
{'D1'},{'D3'},{'D4'},{'D5'},{'D6'},{'D2'},{'D7'},{'R3'},{'R2'},{'R1'},&,2.0,&
{'D1'},{'D3'},{'D4'},{'D5'},{'D6'},{'D2'},{'D7'},{'R3'},{'R1'},{'R2'},&,2.0,&
{'D1'},{'D3'},{'D4'},{'R1'},{'D6'},{'D5'},{'D2'},{'D7'},{'R3'},{'R2'},&,1.0,&
{'D1'},{'D3'},{'D4'},{'D6'},{'D7'},{'D5'},{'R3'},{'D2'},{'R1'},{'R2'},&,1.0,&
{'D1'},{'D3'},{'D4'},{'D6'},{'D7'},{'D5'},{'D2'},{'R1'},{'R2'},{'R3'},&,1.0,&
{'D1'},{'D3'},{'D4'},{'D6'},{'D7'},{'D5'},{'D2'},{'R2'},{'R3'},{'R1'},&,1.0,&
{'D1'},{'D3'},{'D4'},{'D6'},{'D7'},{'D5'},{'D2'},{'R2'},{'R1'},{'R3'},&,1.0,&
{'D1'},{'D3'},{'D4'},{'D6'},{'D7'},{'D5'},{'D2'},{'R3'},{'R1'},{'R2'},&,1.0,&
{'D1'},{'D3'},{'D4'},{'D6'},{'D2'},{'D5'},{'D7'},{'R3'},{'R1'},{'R2'},&,2.0,&
{'D1'},{'D3'},{'D4'},{'D6'},{'D2'},{'R1'},{'D5'},{'D7'},{'R3'},{'R2'},&,1.0,&
{'D1'},{'D3'},{'D4'},{'D6'},{'D5'},{'D7'},{'R3'},{'R2'},{'D2'},{'R1'},&,1.0,&
{'D1'},{'D3'},{'D4'},{'D6'},{'D5'},{'D7'},{'D2'},{'R2'},{'R3'},{'R1'},&,1.0,&
{'D1'},{'D3'},{'D4'},{'D6'},{'D5'},{'D7'},{'D2'},{'R3'},{'R2'},{'R1'},&,2.0,&
{'D1'},{'D3'},{'D4'},{'D6'},{'D5'},{'D7'},{'D2'},{'R3'},{'R1'},{'R2'},&,1.0,&
{'D1'},{'D3'},{'D4'},{'D6'},{'D5'},{'D7'},{'R2'},{'D2'},{'R3'},{'R1'},&,1.0,&
{'D1'},{'D3'},{'D4'},{'D6'},{'D5'},{'D2'},{'D7'},{'R1'},{'R3'},{'R2'},&,1.0,&
{'D1'},{'D3'},{'D4'},{'D6'},{'D5'},{'R2'},{'D7'},{'D2'},{'R3'},{'R1'},&,1.0,&
{'D1'},{'D3'},{'D4'},{'D6'},{'D5'},{'R3'},{'D7'},{'D2'},{'R2'},{'R1'},&,1.0,&
{'D1'},{'D3'},{'D5'},{'D7'},{'D2'},{'D6'},{'R3'},{'D4'},{'R2'},{'R1'},&,1.0,&
{'D1'},{'D3'},{'D5'},{'D7'},{'D2'},{'D6'},{'D4'},{'R3'},{'R2'},{'R1'},&,1.0,&
{'D1'},{'D3'},{'D5'},{'D7'},{'D2'},{'D6'},{'D4'},{'R3'},{'R1'},{'R2'},&,2.0,&
{'D1'},{'D3'},{'D5'},{'D7'},{'D2'},{'R3'},{'D6'},{'D4'},{'R2'},{'R1'},&,1.0,&
{'D1'},{'D3'},{'D5'},{'D7'},{'D6'},{'D4'},{'R3'},{'D2'},{'R1'},{'R2'},&,3.0,&
{'D1'},{'D3'},{'D5'},{'D7'},{'D6'},{'D4'},{'R3'},{'R2'},{'R1'},{'D2'},&,1.0,&
{'D1'},{'D3'},{'D5'},{'D7'},{'D6'},{'D4'},{'D2'},{'R2'},{'R3'},{'R1'},&,1.0,&
{'D1'},{'D3'},{'D5'},{'D7'},{'D6'},{'D4'},{'D2'},{'R2'},{'R1'},{'R3'},&,1.0,&
{'D1'},{'D3'},{'D5'},{'D7'},{'D6'},{'D4'},{'D2'},{'R3'},{'R2'},{'R1'},&,4.0,&
{'D1'},{'D3'},{'D5'},{'D7'},{'D6'},{'D4'},{'D2'},{'R3'},{'R1'},{'R2'},&,4.0,&
{'D1'},{'D3'},{'D5'},{'D7'},{'D6'},{'D4'},{'R1'},{'D2'},{'R3'},{'R2'},&,3.0,&
{'D1'},{'D3'},{'D5'},{'D7'},{'D6'},{'D4'},{'R1'},{'R3'},{'D2'},{'R2'},&,1.0,&
{'D1'},{'D3'},{'D5'},{'D7'},{'D6'},{'D2'},{'R3'},{'R1'},{'D4'},{'R2'},&,1.0,&
{'D1'},{'D3'},{'D5'},{'D7'},{'D6'},{'D2'},{'R3'},{'D4'},{'R2'},{'R1'},&,1.0,&
{'D1'},{'D3'},{'D5'},{'D7'},{'D6'},{'D2'},{'D4'},{'R1'},{'R2'},{'R3'},&,2.0,&
{'D1'},{'D3'},{'D5'},{'D7'},{'D6'},{'D2'},{'D4'},{'R1'},{'R3'},{'R2'},&,3.0,&
{'D1'},{'D3'},{'D5'},{'D7'},{'D6'},{'D2'},{'D4'},{'R2'},{'R3'},{'R1'},&,1.0,&
{'D1'},{'D3'},{'D5'},{'D7'},{'D6'},{'D2'},{'D4'},{'R3'},{'R2'},{'R1'},&,3.0,&
{'D1'},{'D3'},{'D5'},{'D7'},{'D6'},{'D2'},{'D4'},{'R3'},{'R1'},{'R2'},&,3.0,&
{'D1'},{'D3'},{'D5'},{'D7'},{'D6'},{'D2'},{'R1'},{'D4'},{'R2'},{'R3'},&,1.0,&
{'D1'},{'D3'},{'D5'},{'D7'},{'D4'},{'D6'},{'R3'},{'D2'},{'R2'},{'R1'},&,1.0,&
{'D1'},{'D3'},{'D5'},{'D7'},{'D4'},{'D6'},{'D2'},{'R2'},{'R3'},{'R1'},&,1.0,&
{'D1'},{'D3'},{'D5'},{'D7'},{'D4'},{'D6'},{'D2'},{'R2'},{'R1'},{'R3'},&,1.0,&
{'D1'},{'D3'},{'D5'},{'D7'},{'D4'},{'D6'},{'D2'},{'R3'},{'R2'},{'R1'},&,3.0,&
{'D1'},{'D3'},{'D5'},{'D7'},{'D4'},{'D6'},{'D2'},{'R3'},{'R1'},{'R2'},&,2.0,&
{'D1'},{'D3'},{'D5'},{'D7'},{'D4'},{'D2'},{'R3'},{'R1'},{'R2'},{'D6'},&,1.0,&
{'D1'},{'D3'},{'D5'},{'D7'},{'D4'},{'D2'},{'R3'},{'D6'},{'R2'},{'R1'},&,2.0,&
{'D1'},{'D3'},{'D5'},{'D7'},{'D4'},{'D2'},{'R2'},{'R3'},{'D6'},{'R1'},&,1.0,&
{'D1'},{'D3'},{'D5'},{'D7'},{'D4'},{'D2'},{'D6'},{'R1'},{'R3'},{'R2'},&,1.0,&
{'D1'},{'D3'},{'D5'},{'D7'},{'D4'},{'D2'},{'D6'},{'R3'},{'R2'},{'R1'},&,1.0,&
{'D1'},{'D3'},{'D5'},{'D7'},{'D4'},{'D2'},{'D6'},{'R3'},{'R1'},{'R2'},&,1.0,&
{'D1'},{'D3'},{'D5'},{'D7'},{'D4'},{'D2'},{'R1'},{'D6'},{'R3'},{'R2'},&,1.0,&
{'D1'},{'D3'},{'D5'},{'D7'},{'D4'},{'R3'},{'R1'},{'D6'},{'D2'},{'R2'},&,1.0,&
{'D1'},{'D3'},{'D5'},{'D2'},{'D7'},{'D6'},{'R3'},{'D4'},{'R2'},{'R1'},&,1.0,&
{'D1'},{'D3'},{'D5'},{'D2'},{'D7'},{'D6'},{'D4'},{'R1'},{'R3'},{'R2'},&,1.0,&
{'D1'},{'D3'},{'D5'},{'D2'},{'D6'},{'D4'},{'R3'},{'R1'},{'D7'},{'R2'},&,1.0,&
{'D1'},{'D3'},{'D5'},{'D2'},{'D6'},{'D4'},{'R3'},{'D7'},{'R2'},{'R1'},&,1.0,&
{'D1'},{'D3'},{'D5'},{'D2'},{'D6'},{'D4'},{'R2'},{'D7'},{'R1'},{'R3'},&,1.0,&
{'D1'},{'D3'},{'D5'},{'D2'},{'D6'},{'D4'},{'D7'},{'R1'},{'R3'},{'R2'},&,1.0,&
{'D1'},{'D3'},{'D5'},{'D2'},{'D6'},{'D4'},{'D7'},{'R2'},{'R3'},{'R1'},&,1.0,&
{'D1'},{'D3'},{'D5'},{'D2'},{'D6'},{'D4'},{'D7'},{'R2'},{'R1'},{'R3'},&,1.0,&
{'D1'},{'D3'},{'D5'},{'D2'},{'D6'},{'D4'},{'D7'},{'R3'},{'R2'},{'R1'},&,4.0,&
{'D1'},{'D3'},{'D5'},{'D2'},{'D6'},{'D4'},{'D7'},{'R3'},{'R1'},{'R2'},&,1.0,&
{'D1'},{'D3'},{'D5'},{'D2'},{'D6'},{'D7'},{'R3'},{'R1'},{'D4'},{'R2'},&,1.0,&
{'D1'},{'D3'},{'D5'},{'D2'},{'D6'},{'D7'},{'R3'},{'D4'},{'R2'},{'R1'},&,2.0,&
{'D1'},{'D3'},{'D5'},{'D2'},{'D6'},{'D7'},{'D4'},{'R2'},{'R3'},{'R1'},&,1.0,&
{'D1'},{'D3'},{'D5'},{'D2'},{'D6'},{'D7'},{'D4'},{'R3'},{'R2'},{'R1'},&,2.0,&
{'D1'},{'D3'},{'D5'},{'D2'},{'D6'},{'D7'},{'D4'},{'R3'},{'R1'},{'R2'},&,2.0,&
{'D1'},{'D3'},{'D5'},{'D2'},{'D6'},{'R3'},{'D4'},{'D7'},{'R2'},{'R1'},&,1.0,&
{'D1'},{'D3'},{'D5'},{'D2'},{'D4'},{'D6'},{'R3'},{'R2'},{'D7'},{'R1'},&,1.0,&
{'D1'},{'D3'},{'D5'},{'D2'},{'D4'},{'D6'},{'D7'},{'R3'},{'R2'},{'R1'},&,3.0,&
{'D1'},{'D3'},{'D5'},{'D2'},{'D4'},{'D6'},{'D7'},{'R3'},{'R1'},{'R2'},&,3.0,&
{'D1'},{'D3'},{'D5'},{'D2'},{'D4'},{'D7'},{'D6'},{'R2'},{'R1'},{'R3'},&,1.0,&
{'D1'},{'D3'},{'D5'},{'D2'},{'R1'},{'D4'},{'D6'},{'D7'},{'R3'},{'R2'},&,1.0,&
{'D1'},{'D3'},{'D5'},{'D6'},{'D7'},{'D4'},{'R3'},{'D2'},{'R1'},{'R2'},&,4.0,&
{'D1'},{'D3'},{'D5'},{'D6'},{'D7'},{'D4'},{'D2'},{'R1'},{'R2'},{'R3'},&,1.0,&
{'D1'},{'D3'},{'D5'},{'D6'},{'D7'},{'D4'},{'D2'},{'R1'},{'R3'},{'R2'},&,3.0,&
{'D1'},{'D3'},{'D5'},{'D6'},{'D7'},{'D4'},{'D2'},{'R2'},{'R3'},{'R1'},&,2.0,&
{'D1'},{'D3'},{'D5'},{'D6'},{'D7'},{'D4'},{'D2'},{'R2'},{'R1'},{'R3'},&,2.0,&
{'D1'},{'D3'},{'D5'},{'D6'},{'D7'},{'D4'},{'D2'},{'R3'},{'R2'},{'R1'},&,9.0,&
{'D1'},{'D3'},{'D5'},{'D6'},{'D7'},{'D4'},{'D2'},{'R3'},{'R1'},{'R2'},&,9.0,&
{'D1'},{'D3'},{'D5'},{'D6'},{'D7'},{'D4'},{'R1'},{'D2'},{'R2'},{'R3'},&,1.0,&
{'D1'},{'D3'},{'D5'},{'D6'},{'D7'},{'D4'},{'R1'},{'R3'},{'D2'},{'R2'},&,1.0,&
{'D1'},{'D3'},{'D5'},{'D6'},{'D7'},{'D2'},{'R3'},{'D4'},{'R1'},{'R2'},&,3.0,&
{'D1'},{'D3'},{'D5'},{'D6'},{'D7'},{'D2'},{'D4'},{'R1'},{'R3'},{'R2'},&,1.0,&
{'D1'},{'D3'},{'D5'},{'D6'},{'D7'},{'D2'},{'D4'},{'R2'},{'R1'},{'R3'},&,2.0,&
{'D1'},{'D3'},{'D5'},{'D6'},{'D7'},{'D2'},{'D4'},{'R3'},{'R2'},{'R1'},&,5.0,&
{'D1'},{'D3'},{'D5'},{'D6'},{'D7'},{'D2'},{'D4'},{'R3'},{'R1'},{'R2'},&,3.0,&
{'D1'},{'D3'},{'D5'},{'D6'},{'D7'},{'D2'},{'R2'},{'D4'},{'R3'},{'R1'},&,1.0,&
{'D1'},{'D3'},{'D5'},{'D6'},{'D7'},{'D2'},{'R1'},{'D4'},{'R3'},{'R2'},&,1.0,&
{'D1'},{'D3'},{'D5'},{'D6'},{'D7'},{'R2'},{'D2'},{'D4'},{'R3'},{'R1'},&,1.0,&
{'D1'},{'D3'},{'D5'},{'D6'},{'D7'},{'R1'},{'D4'},{'D2'},{'R2'},{'R3'},&,1.0,&
{'D1'},{'D3'},{'D5'},{'D6'},{'D2'},{'D4'},{'R3'},{'D7'},{'R1'},{'R2'},&,2.0,&
{'D1'},{'D3'},{'D5'},{'D6'},{'D2'},{'D4'},{'D7'},{'R2'},{'R3'},{'R1'},&,3.0,&
{'D1'},{'D3'},{'D5'},{'D6'},{'D2'},{'D4'},{'D7'},{'R3'},{'R2'},{'R1'},&,4.0,&
{'D1'},{'D3'},{'D5'},{'D6'},{'D2'},{'D4'},{'D7'},{'R3'},{'R1'},{'R2'},&,3.0,&
{'D1'},{'D3'},{'D5'},{'D6'},{'D2'},{'D4'},{'R1'},{'R3'},{'D7'},{'R2'},&,2.0,&
{'D1'},{'D3'},{'D5'},{'D6'},{'D2'},{'D7'},{'R3'},{'D4'},{'R1'},{'R2'},&,2.0,&
{'D1'},{'D3'},{'D5'},{'D6'},{'D2'},{'D7'},{'D4'},{'R1'},{'R3'},{'R2'},&,5.0,&
{'D1'},{'D3'},{'D5'},{'D6'},{'D2'},{'D7'},{'D4'},{'R3'},{'R2'},{'R1'},&,1.0,&
{'D1'},{'D3'},{'D5'},{'D6'},{'D2'},{'D7'},{'D4'},{'R3'},{'R1'},{'R2'},&,3.0,&
{'D1'},{'D3'},{'D5'},{'D6'},{'D2'},{'D7'},{'R2'},{'D4'},{'R1'},{'R3'},&,1.0,&
{'D1'},{'D3'},{'D5'},{'D6'},{'D2'},{'R1'},{'D7'},{'D4'},{'R3'},{'R2'},&,1.0,&
{'D1'},{'D3'},{'D5'},{'D6'},{'D4'},{'D7'},{'R3'},{'D2'},{'R2'},{'R1'},&,1.0,&
{'D1'},{'D3'},{'D5'},{'D6'},{'D4'},{'D7'},{'R3'},{'D2'},{'R1'},{'R2'},&,2.0,&
{'D1'},{'D3'},{'D5'},{'D6'},{'D4'},{'D7'},{'D2'},{'R1'},{'R2'},{'R3'},&,1.0,&
{'D1'},{'D3'},{'D5'},{'D6'},{'D4'},{'D7'},{'D2'},{'R1'},{'R3'},{'R2'},&,5.0,&
{'D1'},{'D3'},{'D5'},{'D6'},{'D4'},{'D7'},{'D2'},{'R3'},{'R2'},{'R1'},&,4.0,&
{'D1'},{'D3'},{'D5'},{'D6'},{'D4'},{'D7'},{'D2'},{'R3'},{'R1'},{'R2'},&,6.0,&
{'D1'},{'D3'},{'D5'},{'D6'},{'D4'},{'D7'},{'R2'},{'D2'},{'R3'},{'R1'},&,1.0,&
{'D1'},{'D3'},{'D5'},{'D6'},{'D4'},{'D7'},{'R2'},{'D2'},{'R1'},{'R3'},&,1.0,&
{'D1'},{'D3'},{'D5'},{'D6'},{'D4'},{'D2'},{'R3'},{'R1'},{'R2'},{'D7'},&,1.0,&
{'D1'},{'D3'},{'D5'},{'D6'},{'D4'},{'D2'},{'R3'},{'D7'},{'R2'},{'R1'},&,1.0,&
{'D1'},{'D3'},{'D5'},{'D6'},{'D4'},{'D2'},{'R3'},{'D7'},{'R1'},{'R2'},&,2.0,&
{'D1'},{'D3'},{'D5'},{'D6'},{'D4'},{'D2'},{'R2'},{'R1'},{'R3'},{'D7'},&,1.0,&
{'D1'},{'D3'},{'D5'},{'D6'},{'D4'},{'D2'},{'D7'},{'R1'},{'R2'},{'R3'},&,1.0,&
{'D1'},{'D3'},{'D5'},{'D6'},{'D4'},{'D2'},{'D7'},{'R1'},{'R3'},{'R2'},&,3.0,&
{'D1'},{'D3'},{'D5'},{'D6'},{'D4'},{'D2'},{'D7'},{'R2'},{'R3'},{'R1'},&,2.0,&
{'D1'},{'D3'},{'D5'},{'D6'},{'D4'},{'D2'},{'D7'},{'R3'},{'R2'},{'R1'},&,3.0,&
{'D1'},{'D3'},{'D5'},{'D6'},{'D4'},{'D2'},{'D7'},{'R3'},{'R1'},{'R2'},&,4.0,&
{'D1'},{'D3'},{'D5'},{'D6'},{'D4'},{'D2'},{'R1'},{'R2'},{'D7'},{'R3'},&,1.0,&
{'D1'},{'D3'},{'D5'},{'D6'},{'D4'},{'D2'},{'R1'},{'D7'},{'R2'},{'R3'},&,1.0,&
{'D1'},{'D3'},{'D5'},{'D6'},{'D4'},{'R2'},{'D2'},{'D7'},{'R1'},{'R3'},&,1.0,&
{'D1'},{'D3'},{'D5'},{'D6'},{'R3'},{'D4'},{'D7'},{'D2'},{'R2'},{'R1'},&,1.0,&
{'D1'},{'D3'},{'D5'},{'D6'},{'R3'},{'D7'},{'D4'},{'D2'},{'R1'},{'R2'},&,1.0,&
{'D1'},{'D3'},{'D5'},{'D6'},{'R2'},{'D7'},{'D2'},{'D4'},{'R3'},{'R1'},&,1.0,&
{'D1'},{'D3'},{'D5'},{'D6'},{'R2'},{'D7'},{'D4'},{'D2'},{'R3'},{'R1'},&,1.0,&
{'D1'},{'D3'},{'D5'},{'D4'},{'D7'},{'D6'},{'R3'},{'D2'},{'R2'},{'R1'},&,1.0,&
{'D1'},{'D3'},{'D5'},{'D4'},{'D7'},{'D6'},{'R3'},{'D2'},{'R1'},{'R2'},&,2.0,&
{'D1'},{'D3'},{'D5'},{'D4'},{'D7'},{'D6'},{'D2'},{'R1'},{'R2'},{'R3'},&,1.0,&
{'D1'},{'D3'},{'D5'},{'D4'},{'D7'},{'D6'},{'D2'},{'R1'},{'R3'},{'R2'},&,3.0,&
{'D1'},{'D3'},{'D5'},{'D4'},{'D7'},{'D6'},{'D2'},{'R2'},{'R3'},{'R1'},&,1.0,&
{'D1'},{'D3'},{'D5'},{'D4'},{'D7'},{'D6'},{'D2'},{'R3'},{'R2'},{'R1'},&,2.0,&
{'D1'},{'D3'},{'D5'},{'D4'},{'D7'},{'D6'},{'R2'},{'R3'},{'D2'},{'R1'},&,1.0,&
{'D1'},{'D3'},{'D5'},{'D4'},{'D7'},{'D6'},{'R1'},{'D2'},{'R3'},{'R2'},&,1.0,&
{'D1'},{'D3'},{'D5'},{'D4'},{'D7'},{'D6'},{'R1'},{'R3'},{'D2'},{'R2'},&,1.0,&
{'D1'},{'D3'},{'D5'},{'D4'},{'D7'},{'D2'},{'D6'},{'R3'},{'R2'},{'R1'},&,4.0,&
{'D1'},{'D3'},{'D5'},{'D4'},{'D7'},{'D2'},{'D6'},{'R3'},{'R1'},{'R2'},&,1.0,&
{'D1'},{'D3'},{'D5'},{'D4'},{'D7'},{'R2'},{'R3'},{'D6'},{'D2'},{'R1'},&,1.0,&
{'D1'},{'D3'},{'D5'},{'D4'},{'D7'},{'R2'},{'D6'},{'D2'},{'R1'},{'R3'},&,1.0,&
{'D1'},{'D3'},{'D5'},{'D4'},{'D7'},{'R3'},{'D6'},{'D2'},{'R2'},{'R1'},&,1.0,&
{'D1'},{'D3'},{'D5'},{'D4'},{'D2'},{'D6'},{'R3'},{'D7'},{'R1'},{'R2'},&,2.0,&
{'D1'},{'D3'},{'D5'},{'D4'},{'D2'},{'D6'},{'D7'},{'R2'},{'R3'},{'R1'},&,1.0,&
{'D1'},{'D3'},{'D5'},{'D4'},{'D2'},{'D6'},{'D7'},{'R3'},{'R2'},{'R1'},&,1.0,&
{'D1'},{'D3'},{'D5'},{'D4'},{'D2'},{'D6'},{'R1'},{'D7'},{'R2'},{'R3'},&,1.0,&
{'D1'},{'D3'},{'D5'},{'D4'},{'D2'},{'D6'},{'R1'},{'D7'},{'R3'},{'R2'},&,1.0,&
{'D1'},{'D3'},{'D5'},{'D4'},{'D2'},{'D7'},{'D6'},{'R2'},{'R3'},{'R1'},&,1.0,&
{'D1'},{'D3'},{'D5'},{'D4'},{'D6'},{'D7'},{'R3'},{'D2'},{'R2'},{'R1'},&,1.0,&
{'D1'},{'D3'},{'D5'},{'D4'},{'D6'},{'D7'},{'R3'},{'D2'},{'R1'},{'R2'},&,2.0,&
{'D1'},{'D3'},{'D5'},{'D4'},{'D6'},{'D7'},{'R3'},{'R2'},{'D2'},{'R1'},&,1.0,&
{'D1'},{'D3'},{'D5'},{'D4'},{'D6'},{'D7'},{'D2'},{'R1'},{'R3'},{'R2'},&,2.0,&
{'D1'},{'D3'},{'D5'},{'D4'},{'D6'},{'D7'},{'D2'},{'R2'},{'R1'},{'R3'},&,1.0,&
{'D1'},{'D3'},{'D5'},{'D4'},{'D6'},{'D7'},{'D2'},{'R3'},{'R2'},{'R1'},&,9.0,&
{'D1'},{'D3'},{'D5'},{'D4'},{'D6'},{'D7'},{'D2'},{'R3'},{'R1'},{'R2'},&,3.0,&
{'D1'},{'D3'},{'D5'},{'D4'},{'D6'},{'D7'},{'R2'},{'D2'},{'R3'},{'R1'},&,1.0,&
{'D1'},{'D3'},{'D5'},{'D4'},{'D6'},{'D7'},{'R2'},{'R1'},{'R3'},{'D2'},&,1.0,&
{'D1'},{'D3'},{'D5'},{'D4'},{'D6'},{'D7'},{'R2'},{'R3'},{'D2'},{'R1'},&,1.0,&
{'D1'},{'D3'},{'D5'},{'D4'},{'D6'},{'D2'},{'R3'},{'R2'},{'R1'},{'D7'},&,1.0,&
{'D1'},{'D3'},{'D5'},{'D4'},{'D6'},{'D2'},{'R3'},{'D7'},{'R1'},{'R2'},&,2.0,&
{'D1'},{'D3'},{'D5'},{'D4'},{'D6'},{'D2'},{'R2'},{'R1'},{'R3'},{'D7'},&,1.0,&
{'D1'},{'D3'},{'D5'},{'D4'},{'D6'},{'D2'},{'R2'},{'D7'},{'R3'},{'R1'},&,1.0,&
{'D1'},{'D3'},{'D5'},{'D4'},{'D6'},{'D2'},{'D7'},{'R1'},{'R2'},{'R3'},&,1.0,&
{'D1'},{'D3'},{'D5'},{'D4'},{'D6'},{'D2'},{'D7'},{'R1'},{'R3'},{'R2'},&,1.0,&
{'D1'},{'D3'},{'D5'},{'D4'},{'D6'},{'D2'},{'D7'},{'R3'},{'R2'},{'R1'},&,1.0,&
{'D1'},{'D3'},{'D5'},{'D4'},{'D6'},{'D2'},{'D7'},{'R3'},{'R1'},{'R2'},&,2.0,&
{'D1'},{'D3'},{'D5'},{'D4'},{'D6'},{'D2'},{'R1'},{'R3'},{'R2'},{'D7'},&,1.0,&
{'D1'},{'D3'},{'D5'},{'D4'},{'D6'},{'D2'},{'R1'},{'D7'},{'R2'},{'R3'},&,1.0,&
{'D1'},{'D3'},{'D5'},{'D4'},{'D6'},{'R2'},{'D2'},{'R3'},{'D7'},{'R1'},&,1.0,&
{'D1'},{'D3'},{'D5'},{'D4'},{'D6'},{'R3'},{'D2'},{'D7'},{'R1'},{'R2'},&,1.0,&
{'D1'},{'D3'},{'D5'},{'D4'},{'D6'},{'R3'},{'D7'},{'D2'},{'R1'},{'R2'},&,1.0,&
{'D1'},{'D3'},{'D5'},{'D4'},{'R3'},{'D6'},{'D7'},{'D2'},{'R2'},{'R1'},&,1.0,&
{'D1'},{'D3'},{'D5'},{'D4'},{'R3'},{'D2'},{'D6'},{'D7'},{'R1'},{'R2'},&,1.0,&
{'D1'},{'D3'},{'D5'},{'D4'},{'R1'},{'D7'},{'D6'},{'R3'},{'R2'},{'D2'},&,1.0,&
{'D1'},{'D3'},{'D5'},{'R3'},{'D6'},{'D2'},{'D7'},{'D4'},{'R2'},{'R1'},&,1.0,&
{'D1'},{'D3'},{'D6'},{'D7'},{'D4'},{'D5'},{'D2'},{'R3'},{'R1'},{'R2'},&,1.0,&
{'D1'},{'D3'},{'D6'},{'D7'},{'D5'},{'D4'},{'R3'},{'D2'},{'R2'},{'R1'},&,3.0,&
{'D1'},{'D3'},{'D6'},{'D7'},{'D5'},{'D4'},{'D2'},{'R1'},{'R3'},{'R2'},&,2.0,&
{'D1'},{'D3'},{'D6'},{'D7'},{'D5'},{'D4'},{'D2'},{'R2'},{'R3'},{'R1'},&,1.0,&
{'D1'},{'D3'},{'D6'},{'D7'},{'D5'},{'D4'},{'D2'},{'R2'},{'R1'},{'R3'},&,1.0,&
{'D1'},{'D3'},{'D6'},{'D7'},{'D5'},{'D4'},{'D2'},{'R3'},{'R1'},{'R2'},&,3.0,&
{'D1'},{'D3'},{'D6'},{'D7'},{'D5'},{'D2'},{'D4'},{'R2'},{'R1'},{'R3'},&,1.0,&
{'D1'},{'D3'},{'D6'},{'D7'},{'D5'},{'D2'},{'D4'},{'R3'},{'R2'},{'R1'},&,2.0,&
{'D1'},{'D3'},{'D6'},{'D7'},{'D5'},{'R3'},{'D2'},{'D4'},{'R1'},{'R2'},&,1.0,&
{'D1'},{'D3'},{'D6'},{'D2'},{'D7'},{'D4'},{'D5'},{'R3'},{'R2'},{'R1'},&,1.0,&
{'D1'},{'D3'},{'D6'},{'D2'},{'D7'},{'D5'},{'R3'},{'D4'},{'R2'},{'R1'},&,1.0,&
{'D1'},{'D3'},{'D6'},{'D2'},{'D7'},{'D5'},{'D4'},{'R1'},{'R2'},{'R3'},&,1.0,&
{'D1'},{'D3'},{'D6'},{'D2'},{'D5'},{'D4'},{'D7'},{'R1'},{'R3'},{'R2'},&,1.0,&
{'D1'},{'D3'},{'D6'},{'D2'},{'D5'},{'D4'},{'D7'},{'R2'},{'R3'},{'R1'},&,1.0,&
{'D1'},{'D3'},{'D6'},{'D2'},{'D5'},{'D4'},{'R1'},{'D7'},{'R3'},{'R2'},&,1.0,&
{'D1'},{'D3'},{'D6'},{'D2'},{'D5'},{'D7'},{'D4'},{'R1'},{'R2'},{'R3'},&,1.0,&
{'D1'},{'D3'},{'D6'},{'D2'},{'D5'},{'D7'},{'D4'},{'R1'},{'R3'},{'R2'},&,2.0,&
{'D1'},{'D3'},{'D6'},{'D2'},{'D5'},{'D7'},{'D4'},{'R3'},{'R2'},{'R1'},&,1.0,&
{'D1'},{'D3'},{'D6'},{'D2'},{'D5'},{'D7'},{'D4'},{'R3'},{'R1'},{'R2'},&,2.0,&
{'D1'},{'D3'},{'D6'},{'D2'},{'D5'},{'D7'},{'R1'},{'D4'},{'R2'},{'R3'},&,1.0,&
{'D1'},{'D3'},{'D6'},{'D2'},{'R3'},{'D7'},{'D5'},{'D4'},{'R1'},{'R2'},&,1.0,&
{'D1'},{'D3'},{'D6'},{'D5'},{'D7'},{'D4'},{'R3'},{'D2'},{'R1'},{'R2'},&,2.0,&
{'D1'},{'D3'},{'D6'},{'D5'},{'D7'},{'D4'},{'R3'},{'R1'},{'R2'},{'D2'},&,1.0,&
{'D1'},{'D3'},{'D6'},{'D5'},{'D7'},{'D4'},{'D2'},{'R1'},{'R2'},{'R3'},&,3.0,&
{'D1'},{'D3'},{'D6'},{'D5'},{'D7'},{'D4'},{'D2'},{'R1'},{'R3'},{'R2'},&,2.0,&
{'D1'},{'D3'},{'D6'},{'D5'},{'D7'},{'D4'},{'D2'},{'R2'},{'R3'},{'R1'},&,1.0,&
{'D1'},{'D3'},{'D6'},{'D5'},{'D7'},{'D4'},{'D2'},{'R2'},{'R1'},{'R3'},&,1.0,&
{'D1'},{'D3'},{'D6'},{'D5'},{'D7'},{'D4'},{'D2'},{'R3'},{'R2'},{'R1'},&,3.0,&
{'D1'},{'D3'},{'D6'},{'D5'},{'D7'},{'D4'},{'D2'},{'R3'},{'R1'},{'R2'},&,4.0,&
{'D1'},{'D3'},{'D6'},{'D5'},{'D7'},{'D4'},{'R2'},{'D2'},{'R3'},{'R1'},&,3.0,&
{'D1'},{'D3'},{'D6'},{'D5'},{'D7'},{'D4'},{'R2'},{'D2'},{'R1'},{'R3'},&,1.0,&
{'D1'},{'D3'},{'D6'},{'D5'},{'D7'},{'D4'},{'R2'},{'R1'},{'D2'},{'R3'},&,1.0,&
{'D1'},{'D3'},{'D6'},{'D5'},{'D7'},{'D4'},{'R1'},{'D2'},{'R2'},{'R3'},&,1.0,&
{'D1'},{'D3'},{'D6'},{'D5'},{'D7'},{'D4'},{'R1'},{'R3'},{'D2'},{'R2'},&,1.0,&
{'D1'},{'D3'},{'D6'},{'D5'},{'D7'},{'D2'},{'R3'},{'D4'},{'R1'},{'R2'},&,1.0,&
{'D1'},{'D3'},{'D6'},{'D5'},{'D7'},{'D2'},{'D4'},{'R2'},{'R3'},{'R1'},&,3.0,&
{'D1'},{'D3'},{'D6'},{'D5'},{'D7'},{'D2'},{'D4'},{'R3'},{'R2'},{'R1'},&,1.0,&
{'D1'},{'D3'},{'D6'},{'D5'},{'D7'},{'D2'},{'D4'},{'R3'},{'R1'},{'R2'},&,2.0,&
{'D1'},{'D3'},{'D6'},{'D5'},{'D7'},{'R2'},{'D2'},{'D4'},{'R3'},{'R1'},&,1.0,&
{'D1'},{'D3'},{'D6'},{'D5'},{'D7'},{'R3'},{'D4'},{'D2'},{'R1'},{'R2'},&,1.0,&
{'D1'},{'D3'},{'D6'},{'D5'},{'D2'},{'D4'},{'R3'},{'D7'},{'R2'},{'R1'},&,1.0,&
{'D1'},{'D3'},{'D6'},{'D5'},{'D2'},{'D4'},{'R2'},{'D7'},{'R1'},{'R3'},&,1.0,&
{'D1'},{'D3'},{'D6'},{'D5'},{'D2'},{'D4'},{'D7'},{'R1'},{'R2'},{'R3'},&,1.0,&
{'D1'},{'D3'},{'D6'},{'D5'},{'D2'},{'D4'},{'D7'},{'R1'},{'R3'},{'R2'},&,1.0,&
{'D1'},{'D3'},{'D6'},{'D5'},{'D2'},{'D4'},{'D7'},{'R2'},{'R3'},{'R1'},&,1.0,&
{'D1'},{'D3'},{'D6'},{'D5'},{'D2'},{'D4'},{'D7'},{'R3'},{'R2'},{'R1'},&,1.0,&
{'D1'},{'D3'},{'D6'},{'D5'},{'D2'},{'D7'},{'R3'},{'R1'},{'D4'},{'R2'},&,1.0,&
{'D1'},{'D3'},{'D6'},{'D5'},{'D2'},{'D7'},{'D4'},{'R1'},{'R2'},{'R3'},&,1.0,&
{'D1'},{'D3'},{'D6'},{'D5'},{'D2'},{'D7'},{'D4'},{'R1'},{'R3'},{'R2'},&,1.0,&
{'D1'},{'D3'},{'D6'},{'D5'},{'D2'},{'D7'},{'D4'},{'R3'},{'R2'},{'R1'},&,2.0,&
{'D1'},{'D3'},{'D6'},{'D5'},{'D2'},{'D7'},{'D4'},{'R3'},{'R1'},{'R2'},&,5.0,&
{'D1'},{'D3'},{'D6'},{'D5'},{'D2'},{'D7'},{'R2'},{'D4'},{'R3'},{'R1'},&,1.0,&
{'D1'},{'D3'},{'D6'},{'D5'},{'D2'},{'R3'},{'D7'},{'D4'},{'R1'},{'R2'},&,1.0,&
{'D1'},{'D3'},{'D6'},{'D5'},{'D4'},{'D7'},{'R3'},{'D2'},{'R2'},{'R1'},&,1.0,&
{'D1'},{'D3'},{'D6'},{'D5'},{'D4'},{'D7'},{'R3'},{'D2'},{'R1'},{'R2'},&,1.0,&
{'D1'},{'D3'},{'D6'},{'D5'},{'D4'},{'D7'},{'D2'},{'R1'},{'R3'},{'R2'},&,1.0,&
{'D1'},{'D3'},{'D6'},{'D5'},{'D4'},{'D7'},{'D2'},{'R2'},{'R3'},{'R1'},&,1.0,&
{'D1'},{'D3'},{'D6'},{'D5'},{'D4'},{'D7'},{'D2'},{'R2'},{'R1'},{'R3'},&,2.0,&
{'D1'},{'D3'},{'D6'},{'D5'},{'D4'},{'D7'},{'D2'},{'R3'},{'R2'},{'R1'},&,6.0,&
{'D1'},{'D3'},{'D6'},{'D5'},{'D4'},{'D7'},{'D2'},{'R3'},{'R1'},{'R2'},&,9.0,&
{'D1'},{'D3'},{'D6'},{'D5'},{'D4'},{'D2'},{'D7'},{'R1'},{'R3'},{'R2'},&,2.0,&
{'D1'},{'D3'},{'D6'},{'D5'},{'D4'},{'D2'},{'D7'},{'R2'},{'R3'},{'R1'},&,2.0,&
{'D1'},{'D3'},{'D6'},{'D5'},{'D4'},{'D2'},{'D7'},{'R3'},{'R1'},{'R2'},&,5.0,&
{'D1'},{'D3'},{'D6'},{'D5'},{'D4'},{'R2'},{'R3'},{'D7'},{'D2'},{'R1'},&,1.0,&
{'D1'},{'D3'},{'D6'},{'D5'},{'D4'},{'R1'},{'D7'},{'D2'},{'R3'},{'R2'},&,1.0,&
{'D1'},{'D3'},{'D6'},{'D5'},{'D4'},{'R1'},{'D7'},{'R3'},{'R2'},{'D2'},&,1.0,&
{'D1'},{'D3'},{'D6'},{'D5'},{'D4'},{'R3'},{'D2'},{'R2'},{'D7'},{'R1'},&,1.0,&
{'D1'},{'D3'},{'D6'},{'D5'},{'R3'},{'D7'},{'D4'},{'D2'},{'R2'},{'R1'},&,1.0,&
{'D1'},{'D3'},{'D6'},{'D5'},{'R1'},{'D7'},{'D4'},{'D2'},{'R2'},{'R3'},&,1.0,&
{'D1'},{'D3'},{'D6'},{'D4'},{'D7'},{'D5'},{'D2'},{'R2'},{'R3'},{'R1'},&,1.0,&
{'D1'},{'D3'},{'D6'},{'D4'},{'D7'},{'D5'},{'D2'},{'R2'},{'R1'},{'R3'},&,1.0,&
{'D1'},{'D3'},{'D6'},{'D4'},{'D7'},{'D5'},{'D2'},{'R3'},{'R2'},{'R1'},&,2.0,&
{'D1'},{'D3'},{'D6'},{'D4'},{'D7'},{'R3'},{'D5'},{'D2'},{'R1'},{'R2'},&,1.0,&
{'D1'},{'D3'},{'D6'},{'D4'},{'D2'},{'D5'},{'D7'},{'R1'},{'R2'},{'R3'},&,1.0,&
{'D1'},{'D3'},{'D6'},{'D4'},{'D5'},{'D7'},{'R3'},{'D2'},{'R1'},{'R2'},&,1.0,&
{'D1'},{'D3'},{'D6'},{'D4'},{'D5'},{'D7'},{'D2'},{'R2'},{'R3'},{'R1'},&,2.0,&
{'D1'},{'D3'},{'D6'},{'D4'},{'D5'},{'D7'},{'D2'},{'R3'},{'R2'},{'R1'},&,1.0,&
{'D1'},{'D3'},{'D6'},{'D4'},{'D5'},{'D7'},{'D2'},{'R3'},{'R1'},{'R2'},&,4.0,&
{'D1'},{'D3'},{'D6'},{'D4'},{'D5'},{'D2'},{'D7'},{'R2'},{'R1'},{'R3'},&,1.0,&
{'D1'},{'D3'},{'D6'},{'D4'},{'D5'},{'D2'},{'D7'},{'R3'},{'R2'},{'R1'},&,1.0,&
{'D1'},{'D3'},{'D6'},{'D4'},{'D5'},{'D2'},{'D7'},{'R3'},{'R1'},{'R2'},&,1.0,&
{'D1'},{'D3'},{'D6'},{'D4'},{'R2'},{'D2'},{'D7'},{'D5'},{'R3'},{'R1'},&,1.0,&
{'D1'},{'D3'},{'D7'},{'D2'},{'D6'},{'D5'},{'D4'},{'R3'},{'R2'},{'R1'},&,2.0,&
{'D1'},{'D3'},{'D7'},{'D2'},{'D4'},{'D6'},{'R1'},{'D5'},{'R3'},{'R2'},&,1.0,&
{'D1'},{'D3'},{'D7'},{'D2'},{'D5'},{'D6'},{'D4'},{'R1'},{'R2'},{'R3'},&,1.0,&
{'D1'},{'D3'},{'D7'},{'D2'},{'D5'},{'D6'},{'D4'},{'R2'},{'R1'},{'R3'},&,1.0,&
{'D1'},{'D3'},{'D7'},{'D2'},{'D5'},{'D6'},{'R1'},{'R3'},{'R2'},{'D4'},&,1.0,&
{'D1'},{'D3'},{'D7'},{'D5'},{'D2'},{'D6'},{'D4'},{'R2'},{'R3'},{'R1'},&,1.0,&
{'D1'},{'D3'},{'D7'},{'D5'},{'D2'},{'D4'},{'R3'},{'R1'},{'R2'},{'D6'},&,1.0,&
{'D1'},{'D3'},{'D7'},{'D5'},{'D2'},{'D4'},{'D6'},{'R2'},{'R3'},{'R1'},&,1.0,&
{'D1'},{'D3'},{'D7'},{'D5'},{'D2'},{'R2'},{'D6'},{'R3'},{'D4'},{'R1'},&,1.0,&
{'D1'},{'D3'},{'D7'},{'D5'},{'D6'},{'D4'},{'R3'},{'D2'},{'R2'},{'R1'},&,1.0,&
{'D1'},{'D3'},{'D7'},{'D5'},{'D6'},{'D4'},{'R3'},{'R2'},{'R1'},{'D2'},&,1.0,&
{'D1'},{'D3'},{'D7'},{'D5'},{'D6'},{'D4'},{'D2'},{'R1'},{'R2'},{'R3'},&,1.0,&
{'D1'},{'D3'},{'D7'},{'D5'},{'D6'},{'D4'},{'D2'},{'R1'},{'R3'},{'R2'},&,1.0,&
{'D1'},{'D3'},{'D7'},{'D5'},{'D6'},{'D4'},{'D2'},{'R2'},{'R3'},{'R1'},&,1.0,&
{'D1'},{'D3'},{'D7'},{'D5'},{'D6'},{'D4'},{'D2'},{'R3'},{'R2'},{'R1'},&,2.0,&
{'D1'},{'D3'},{'D7'},{'D5'},{'D6'},{'D4'},{'D2'},{'R3'},{'R1'},{'R2'},&,2.0,&
{'D1'},{'D3'},{'D7'},{'D5'},{'D6'},{'D2'},{'D4'},{'R1'},{'R2'},{'R3'},&,1.0,&
{'D1'},{'D3'},{'D7'},{'D5'},{'D6'},{'D2'},{'D4'},{'R1'},{'R3'},{'R2'},&,1.0,&
{'D1'},{'D3'},{'D7'},{'D5'},{'D6'},{'D2'},{'D4'},{'R3'},{'R2'},{'R1'},&,1.0,&
{'D1'},{'D3'},{'D7'},{'D5'},{'D6'},{'D2'},{'D4'},{'R3'},{'R1'},{'R2'},&,1.0,&
{'D1'},{'D3'},{'D7'},{'D5'},{'D6'},{'R2'},{'D4'},{'D2'},{'R3'},{'R1'},&,1.0,&
{'D1'},{'D3'},{'D7'},{'D5'},{'D6'},{'R1'},{'D4'},{'R2'},{'D2'},{'R3'},&,1.0,&
{'D1'},{'D3'},{'D7'},{'D5'},{'D6'},{'R3'},{'D4'},{'D2'},{'R2'},{'R1'},&,1.0,&
{'D1'},{'D3'},{'D7'},{'D5'},{'D4'},{'D6'},{'R3'},{'D2'},{'R1'},{'R2'},&,1.0,&
{'D1'},{'D3'},{'D7'},{'D5'},{'D4'},{'D6'},{'R3'},{'R1'},{'D2'},{'R2'},&,1.0,&
{'D1'},{'D3'},{'D7'},{'D5'},{'D4'},{'D6'},{'R3'},{'R2'},{'D2'},{'R1'},&,1.0,&
{'D1'},{'D3'},{'D7'},{'D5'},{'D4'},{'D6'},{'D2'},{'R1'},{'R3'},{'R2'},&,2.0,&
{'D1'},{'D3'},{'D7'},{'D5'},{'D4'},{'D6'},{'D2'},{'R2'},{'R1'},{'R3'},&,1.0,&
{'D1'},{'D3'},{'D7'},{'D5'},{'D4'},{'D6'},{'D2'},{'R3'},{'R2'},{'R1'},&,2.0,&
{'D1'},{'D3'},{'D7'},{'D5'},{'D4'},{'D2'},{'D6'},{'R1'},{'R2'},{'R3'},&,1.0,&
{'D1'},{'D3'},{'D7'},{'D5'},{'D4'},{'D2'},{'D6'},{'R1'},{'R3'},{'R2'},&,1.0,&
{'D1'},{'D3'},{'D7'},{'D5'},{'D4'},{'D2'},{'D6'},{'R3'},{'R1'},{'R2'},&,1.0,&
{'D1'},{'D3'},{'D7'},{'D6'},{'D2'},{'D4'},{'D5'},{'R1'},{'R3'},{'R2'},&,1.0,&
{'D1'},{'D3'},{'D7'},{'D6'},{'D2'},{'D5'},{'D4'},{'R3'},{'R2'},{'R1'},&,2.0,&
{'D1'},{'D3'},{'D7'},{'D6'},{'D4'},{'D5'},{'R3'},{'D2'},{'R1'},{'R2'},&,1.0,&
{'D1'},{'D3'},{'D7'},{'D6'},{'D4'},{'D5'},{'D2'},{'R3'},{'R1'},{'R2'},&,1.0,&
{'D1'},{'D3'},{'D7'},{'D6'},{'D5'},{'D4'},{'D2'},{'R1'},{'R3'},{'R2'},&,1.0,&
{'D1'},{'D3'},{'D7'},{'D6'},{'D5'},{'D4'},{'D2'},{'R3'},{'R2'},{'R1'},&,2.0,&
{'D1'},{'D3'},{'D7'},{'D6'},{'D5'},{'D4'},{'R2'},{'D2'},{'R3'},{'R1'},&,2.0,&
{'D1'},{'D3'},{'D7'},{'D6'},{'D5'},{'D4'},{'R1'},{'D2'},{'R3'},{'R2'},&,1.0,&
{'D1'},{'D3'},{'D7'},{'D6'},{'D5'},{'D2'},{'D4'},{'R2'},{'R3'},{'R1'},&,1.0,&
{'D1'},{'D3'},{'D7'},{'D6'},{'D5'},{'D2'},{'D4'},{'R3'},{'R1'},{'R2'},&,1.0,&
{'D1'},{'D3'},{'D7'},{'D6'},{'D5'},{'R3'},{'D4'},{'D2'},{'R1'},{'R2'},&,1.0,&
{'D1'},{'D3'},{'D7'},{'D4'},{'D2'},{'D5'},{'R3'},{'D6'},{'R2'},{'R1'},&,1.0,&
{'D1'},{'D3'},{'D7'},{'D4'},{'D2'},{'D5'},{'D6'},{'R3'},{'R2'},{'R1'},&,1.0,&
{'D1'},{'D3'},{'D7'},{'D4'},{'D6'},{'D5'},{'D2'},{'R2'},{'R3'},{'R1'},&,2.0,&
{'D1'},{'D3'},{'D7'},{'D4'},{'D6'},{'D5'},{'D2'},{'R3'},{'R1'},{'R2'},&,1.0,&
{'D1'},{'D3'},{'D7'},{'D4'},{'D6'},{'D5'},{'R1'},{'D2'},{'R2'},{'R3'},&,1.0,&
{'D1'},{'D3'},{'D7'},{'D4'},{'D6'},{'D5'},{'R1'},{'D2'},{'R3'},{'R2'},&,1.0,&
{'D1'},{'D3'},{'D7'},{'D4'},{'D5'},{'D6'},{'R3'},{'R1'},{'D2'},{'R2'},&,1.0,&
{'D1'},{'D3'},{'D7'},{'D4'},{'D5'},{'D6'},{'R3'},{'R2'},{'D2'},{'R1'},&,1.0,&
{'D1'},{'D3'},{'D7'},{'D4'},{'D5'},{'D6'},{'D2'},{'R1'},{'R2'},{'R3'},&,1.0,&
{'D1'},{'D3'},{'D7'},{'D4'},{'D5'},{'D6'},{'D2'},{'R1'},{'R3'},{'R2'},&,2.0,&
{'D1'},{'D3'},{'D7'},{'D4'},{'D5'},{'D6'},{'D2'},{'R2'},{'R3'},{'R1'},&,2.0,&
{'D1'},{'D3'},{'D7'},{'D4'},{'D5'},{'D6'},{'D2'},{'R3'},{'R1'},{'R2'},&,1.0,&
{'D1'},{'D3'},{'D7'},{'D4'},{'D5'},{'D2'},{'D6'},{'R3'},{'R1'},{'R2'},&,2.0,&
{'D1'},{'D3'},{'D7'},{'D4'},{'R1'},{'D5'},{'D2'},{'D6'},{'R3'},{'R2'},&,1.0,&
{'D1'},{'D3'},{'D2'},{'D7'},{'D6'},{'D5'},{'R3'},{'D4'},{'R2'},{'R1'},&,1.0,&
{'D1'},{'D3'},{'D2'},{'D7'},{'D5'},{'D6'},{'D4'},{'R1'},{'R2'},{'R3'},&,1.0,&
{'D1'},{'D3'},{'D2'},{'D7'},{'D5'},{'D6'},{'D4'},{'R3'},{'R2'},{'R1'},&,2.0,&
{'D1'},{'D3'},{'D2'},{'D7'},{'D5'},{'D6'},{'D4'},{'R3'},{'R1'},{'R2'},&,1.0,&
{'D1'},{'D3'},{'D2'},{'D5'},{'D7'},{'D6'},{'R3'},{'D4'},{'R2'},{'R1'},&,1.0,&
{'D1'},{'D3'},{'D2'},{'D5'},{'D7'},{'D6'},{'D4'},{'R1'},{'R3'},{'R2'},&,1.0,&
{'D1'},{'D3'},{'D2'},{'D5'},{'D7'},{'D6'},{'D4'},{'R2'},{'R3'},{'R1'},&,1.0,&
{'D1'},{'D3'},{'D2'},{'D5'},{'D7'},{'D4'},{'D6'},{'R1'},{'R3'},{'R2'},&,1.0,&
{'D1'},{'D3'},{'D2'},{'D5'},{'D7'},{'D4'},{'D6'},{'R3'},{'R2'},{'R1'},&,1.0,&
{'D1'},{'D3'},{'D2'},{'D5'},{'D6'},{'D4'},{'R3'},{'R2'},{'D7'},{'R1'},&,1.0,&
{'D1'},{'D3'},{'D2'},{'D5'},{'D6'},{'D4'},{'R2'},{'D7'},{'R3'},{'R1'},&,1.0,&
{'D1'},{'D3'},{'D2'},{'D5'},{'D6'},{'D4'},{'D7'},{'R2'},{'R3'},{'R1'},&,2.0,&
{'D1'},{'D3'},{'D2'},{'D5'},{'D6'},{'D4'},{'D7'},{'R3'},{'R1'},{'R2'},&,1.0,&
{'D1'},{'D3'},{'D2'},{'D5'},{'D6'},{'D4'},{'R1'},{'D7'},{'R2'},{'R3'},&,1.0,&
{'D1'},{'D3'},{'D2'},{'D5'},{'D6'},{'D7'},{'D4'},{'R1'},{'R3'},{'R2'},&,1.0,&
{'D1'},{'D3'},{'D2'},{'D5'},{'D6'},{'D7'},{'D4'},{'R3'},{'R2'},{'R1'},&,2.0,&
{'D1'},{'D3'},{'D2'},{'D5'},{'D6'},{'D7'},{'D4'},{'R3'},{'R1'},{'R2'},&,1.0,&
{'D1'},{'D3'},{'D2'},{'D5'},{'D6'},{'R3'},{'D7'},{'D4'},{'R1'},{'R2'},&,1.0,&
{'D1'},{'D3'},{'D2'},{'D5'},{'D4'},{'D6'},{'R3'},{'D7'},{'R1'},{'R2'},&,1.0,&
{'D1'},{'D3'},{'D2'},{'D5'},{'D4'},{'D6'},{'D7'},{'R1'},{'R2'},{'R3'},&,1.0,&
{'D1'},{'D3'},{'D2'},{'D5'},{'D4'},{'D7'},{'D6'},{'R3'},{'R2'},{'R1'},&,1.0,&
{'D1'},{'D3'},{'D2'},{'D5'},{'R2'},{'D7'},{'D6'},{'D4'},{'R3'},{'R1'},&,1.0,&
{'D1'},{'D3'},{'D2'},{'D5'},{'R1'},{'D4'},{'D7'},{'D6'},{'R3'},{'R2'},&,1.0,&
{'D1'},{'D3'},{'D2'},{'D6'},{'D7'},{'D4'},{'D5'},{'R2'},{'R3'},{'R1'},&,1.0,&
{'D1'},{'D3'},{'D2'},{'D6'},{'D4'},{'D5'},{'R2'},{'R3'},{'R1'},{'D7'},&,1.0,&
{'D1'},{'D3'},{'D2'},{'D6'},{'D5'},{'D4'},{'D7'},{'R1'},{'R2'},{'R3'},&,1.0,&
{'D1'},{'D3'},{'D2'},{'D6'},{'D5'},{'D4'},{'D7'},{'R1'},{'R3'},{'R2'},&,1.0,&
{'D1'},{'D3'},{'D2'},{'D6'},{'D5'},{'D7'},{'R3'},{'R2'},{'D4'},{'R1'},&,1.0,&
{'D1'},{'D3'},{'D2'},{'D6'},{'D5'},{'D7'},{'D4'},{'R3'},{'R1'},{'R2'},&,1.0,&
{'D1'},{'D3'},{'D2'},{'D4'},{'D7'},{'D6'},{'R3'},{'R1'},{'D5'},{'R2'},&,1.0,&
{'D1'},{'D3'},{'D2'},{'D4'},{'D7'},{'D5'},{'D6'},{'R3'},{'R1'},{'R2'},&,1.0,&
{'D1'},{'D3'},{'D2'},{'D4'},{'D5'},{'D6'},{'R3'},{'D7'},{'R1'},{'R2'},&,1.0,&
{'D1'},{'D3'},{'D2'},{'D4'},{'D5'},{'D7'},{'D6'},{'R1'},{'R2'},{'R3'},&,1.0,&
{'D1'},{'D3'},{'D2'},{'D4'},{'D5'},{'D7'},{'D6'},{'R3'},{'R2'},{'R1'},&,1.0,&
{'D1'},{'D3'},{'D2'},{'D4'},{'D5'},{'D7'},{'D6'},{'R3'},{'R1'},{'R2'},&,1.0,&
{'D1'},{'D3'},{'D2'},{'R3'},{'D6'},{'D5'},{'D4'},{'D7'},{'R2'},{'R1'},&,1.0,&
{'D1'},{'D5'},{'D4'},{'D7'},{'D2'},{'D6'},{'R3'},{'D3'},{'R2'},{'R1'},&,1.0,&
{'D1'},{'D5'},{'D4'},{'D7'},{'D2'},{'D3'},{'D6'},{'R3'},{'R1'},{'R2'},&,1.0,&
{'D1'},{'D5'},{'D4'},{'D7'},{'D3'},{'D6'},{'R3'},{'D2'},{'R1'},{'R2'},&,1.0,&
{'D1'},{'D5'},{'D4'},{'D7'},{'D3'},{'D6'},{'R3'},{'R1'},{'D2'},{'R2'},&,1.0,&
{'D1'},{'D5'},{'D4'},{'D7'},{'D3'},{'D6'},{'R3'},{'R2'},{'D2'},{'R1'},&,1.0,&
{'D1'},{'D5'},{'D4'},{'D7'},{'D3'},{'D6'},{'D2'},{'R1'},{'R2'},{'R3'},&,2.0,&
{'D1'},{'D5'},{'D4'},{'D7'},{'D3'},{'D6'},{'D2'},{'R3'},{'R2'},{'R1'},&,3.0,&
{'D1'},{'D5'},{'D4'},{'D7'},{'D3'},{'D6'},{'R2'},{'D2'},{'R3'},{'R1'},&,2.0,&
{'D1'},{'D5'},{'D4'},{'D7'},{'D3'},{'D2'},{'D6'},{'R2'},{'R3'},{'R1'},&,1.0,&
{'D1'},{'D5'},{'D4'},{'D7'},{'D3'},{'D2'},{'D6'},{'R3'},{'R1'},{'R2'},&,1.0,&
{'D1'},{'D5'},{'D4'},{'D7'},{'D6'},{'D2'},{'R3'},{'D3'},{'R1'},{'R2'},&,1.0,&
{'D1'},{'D5'},{'D4'},{'D7'},{'D6'},{'D2'},{'R2'},{'D3'},{'R3'},{'R1'},&,1.0,&
{'D1'},{'D5'},{'D4'},{'D7'},{'D6'},{'D2'},{'D3'},{'R1'},{'R2'},{'R3'},&,1.0,&
{'D1'},{'D5'},{'D4'},{'D7'},{'D6'},{'D2'},{'D3'},{'R3'},{'R2'},{'R1'},&,1.0,&
{'D1'},{'D5'},{'D4'},{'D7'},{'D6'},{'D3'},{'R3'},{'D2'},{'R1'},{'R2'},&,1.0,&
{'D1'},{'D5'},{'D4'},{'D7'},{'D6'},{'D3'},{'D2'},{'R2'},{'R3'},{'R1'},&,2.0,&
{'D1'},{'D5'},{'D4'},{'D7'},{'D6'},{'D3'},{'D2'},{'R2'},{'R1'},{'R3'},&,2.0,&
{'D1'},{'D5'},{'D4'},{'D7'},{'D6'},{'D3'},{'D2'},{'R3'},{'R2'},{'R1'},&,1.0,&
{'D1'},{'D5'},{'D4'},{'D7'},{'D6'},{'D3'},{'D2'},{'R3'},{'R1'},{'R2'},&,5.0,&
{'D1'},{'D5'},{'D4'},{'D7'},{'D6'},{'D3'},{'R2'},{'D2'},{'R3'},{'R1'},&,1.0,&
{'D1'},{'D5'},{'D4'},{'D7'},{'D6'},{'R2'},{'D3'},{'R3'},{'D2'},{'R1'},&,1.0,&
{'D1'},{'D5'},{'D4'},{'D2'},{'D7'},{'D6'},{'D3'},{'R3'},{'R1'},{'R2'},&,1.0,&
{'D1'},{'D5'},{'D4'},{'D2'},{'D7'},{'D3'},{'D6'},{'R1'},{'R2'},{'R3'},&,1.0,&
{'D1'},{'D5'},{'D4'},{'D2'},{'D3'},{'D6'},{'D7'},{'R3'},{'R2'},{'R1'},&,1.0,&
{'D1'},{'D5'},{'D4'},{'D2'},{'D3'},{'D6'},{'D7'},{'R3'},{'R1'},{'R2'},&,3.0,&
{'D1'},{'D5'},{'D4'},{'D2'},{'D3'},{'D7'},{'R3'},{'D6'},{'R1'},{'R2'},&,1.0,&
{'D1'},{'D5'},{'D4'},{'D2'},{'D6'},{'D7'},{'D3'},{'R1'},{'R2'},{'R3'},&,1.0,&
{'D1'},{'D5'},{'D4'},{'D2'},{'D6'},{'D3'},{'R3'},{'D7'},{'R1'},{'R2'},&,1.0,&
{'D1'},{'D5'},{'D4'},{'D2'},{'D6'},{'D3'},{'R2'},{'R3'},{'D7'},{'R1'},&,1.0,&
{'D1'},{'D5'},{'D4'},{'D2'},{'D6'},{'D3'},{'D7'},{'R2'},{'R1'},{'R3'},&,1.0,&
{'D1'},{'D5'},{'D4'},{'D2'},{'D6'},{'D3'},{'D7'},{'R3'},{'R2'},{'R1'},&,1.0,&
{'D1'},{'D5'},{'D4'},{'D3'},{'D7'},{'D6'},{'R3'},{'D2'},{'R1'},{'R2'},&,1.0,&
{'D1'},{'D5'},{'D4'},{'D3'},{'D7'},{'D6'},{'D2'},{'R1'},{'R3'},{'R2'},&,1.0,&
{'D1'},{'D5'},{'D4'},{'D3'},{'D7'},{'D6'},{'D2'},{'R2'},{'R3'},{'R1'},&,2.0,&
{'D1'},{'D5'},{'D4'},{'D3'},{'D7'},{'D6'},{'D2'},{'R3'},{'R2'},{'R1'},&,2.0,&
{'D1'},{'D5'},{'D4'},{'D3'},{'D7'},{'D6'},{'R2'},{'D2'},{'R3'},{'R1'},&,1.0,&
{'D1'},{'D5'},{'D4'},{'D3'},{'D7'},{'D2'},{'R3'},{'D6'},{'R1'},{'R2'},&,2.0,&
{'D1'},{'D5'},{'D4'},{'D3'},{'D7'},{'D2'},{'D6'},{'R1'},{'R2'},{'R3'},&,1.0,&
{'D1'},{'D5'},{'D4'},{'D3'},{'D7'},{'D2'},{'D6'},{'R1'},{'R3'},{'R2'},&,2.0,&
{'D1'},{'D5'},{'D4'},{'D3'},{'D7'},{'D2'},{'D6'},{'R2'},{'R3'},{'R1'},&,1.0,&
{'D1'},{'D5'},{'D4'},{'D3'},{'D7'},{'D2'},{'D6'},{'R3'},{'R2'},{'R1'},&,1.0,&
{'D1'},{'D5'},{'D4'},{'D3'},{'D7'},{'D2'},{'D6'},{'R3'},{'R1'},{'R2'},&,1.0,&
{'D1'},{'D5'},{'D4'},{'D3'},{'D2'},{'D6'},{'D7'},{'R1'},{'R2'},{'R3'},&,2.0,&
{'D1'},{'D5'},{'D4'},{'D3'},{'D2'},{'D6'},{'D7'},{'R2'},{'R3'},{'R1'},&,2.0,&
{'D1'},{'D5'},{'D4'},{'D3'},{'D2'},{'D6'},{'D7'},{'R2'},{'R1'},{'R3'},&,1.0,&
{'D1'},{'D5'},{'D4'},{'D3'},{'D2'},{'R2'},{'D6'},{'D7'},{'R3'},{'R1'},&,1.0,&
{'D1'},{'D5'},{'D4'},{'D3'},{'D2'},{'R3'},{'D6'},{'D7'},{'R1'},{'R2'},&,1.0,&
{'D1'},{'D5'},{'D4'},{'D3'},{'D6'},{'D7'},{'R3'},{'D2'},{'R2'},{'R1'},&,3.0,&
{'D1'},{'D5'},{'D4'},{'D3'},{'D6'},{'D7'},{'R3'},{'D2'},{'R1'},{'R2'},&,3.0,&
{'D1'},{'D5'},{'D4'},{'D3'},{'D6'},{'D7'},{'D2'},{'R1'},{'R3'},{'R2'},&,1.0,&
{'D1'},{'D5'},{'D4'},{'D3'},{'D6'},{'D7'},{'D2'},{'R3'},{'R2'},{'R1'},&,4.0,&
{'D1'},{'D5'},{'D4'},{'D3'},{'D6'},{'D7'},{'D2'},{'R3'},{'R1'},{'R2'},&,4.0,&
{'D1'},{'D5'},{'D4'},{'D3'},{'D6'},{'D7'},{'R2'},{'D2'},{'R3'},{'R1'},&,2.0,&
{'D1'},{'D5'},{'D4'},{'D3'},{'D6'},{'D7'},{'R1'},{'D2'},{'R3'},{'R2'},&,1.0,&
{'D1'},{'D5'},{'D4'},{'D3'},{'D6'},{'D2'},{'D7'},{'R1'},{'R3'},{'R2'},&,3.0,&
{'D1'},{'D5'},{'D4'},{'D3'},{'D6'},{'D2'},{'D7'},{'R2'},{'R3'},{'R1'},&,1.0,&
{'D1'},{'D5'},{'D4'},{'D3'},{'D6'},{'D2'},{'D7'},{'R2'},{'R1'},{'R3'},&,1.0,&
{'D1'},{'D5'},{'D4'},{'D3'},{'D6'},{'D2'},{'D7'},{'R3'},{'R2'},{'R1'},&,1.0,&
{'D1'},{'D5'},{'D4'},{'D3'},{'D6'},{'D2'},{'D7'},{'R3'},{'R1'},{'R2'},&,3.0,&
{'D1'},{'D5'},{'D4'},{'D3'},{'D6'},{'D2'},{'R1'},{'D7'},{'R3'},{'R2'},&,1.0,&
{'D1'},{'D5'},{'D4'},{'D6'},{'D7'},{'D2'},{'D3'},{'R3'},{'R2'},{'R1'},&,1.0,&
{'D1'},{'D5'},{'D4'},{'D6'},{'D7'},{'D2'},{'D3'},{'R3'},{'R1'},{'R2'},&,1.0,&
{'D1'},{'D5'},{'D4'},{'D6'},{'D7'},{'D3'},{'R3'},{'D2'},{'R2'},{'R1'},&,1.0,&
{'D1'},{'D5'},{'D4'},{'D6'},{'D7'},{'D3'},{'D2'},{'R1'},{'R2'},{'R3'},&,1.0,&
{'D1'},{'D5'},{'D4'},{'D6'},{'D7'},{'D3'},{'D2'},{'R2'},{'R1'},{'R3'},&,1.0,&
{'D1'},{'D5'},{'D4'},{'D6'},{'D7'},{'D3'},{'D2'},{'R3'},{'R2'},{'R1'},&,6.0,&
{'D1'},{'D5'},{'D4'},{'D6'},{'D7'},{'D3'},{'D2'},{'R3'},{'R1'},{'R2'},&,3.0,&
{'D1'},{'D5'},{'D4'},{'D6'},{'D2'},{'D7'},{'R2'},{'R3'},{'D3'},{'R1'},&,1.0,&
{'D1'},{'D5'},{'D4'},{'D6'},{'D2'},{'D7'},{'D3'},{'R3'},{'R2'},{'R1'},&,1.0,&
{'D1'},{'D5'},{'D4'},{'D6'},{'D2'},{'D7'},{'D3'},{'R3'},{'R1'},{'R2'},&,2.0,&
{'D1'},{'D5'},{'D4'},{'D6'},{'D2'},{'D3'},{'R3'},{'D7'},{'R1'},{'R2'},&,1.0,&
{'D1'},{'D5'},{'D4'},{'D6'},{'D2'},{'D3'},{'R2'},{'D7'},{'R3'},{'R1'},&,3.0,&
{'D1'},{'D5'},{'D4'},{'D6'},{'D2'},{'D3'},{'D7'},{'R1'},{'R2'},{'R3'},&,1.0,&
{'D1'},{'D5'},{'D4'},{'D6'},{'D2'},{'D3'},{'D7'},{'R1'},{'R3'},{'R2'},&,1.0,&
{'D1'},{'D5'},{'D4'},{'D6'},{'D2'},{'D3'},{'D7'},{'R2'},{'R3'},{'R1'},&,1.0,&
{'D1'},{'D5'},{'D4'},{'D6'},{'D2'},{'D3'},{'D7'},{'R3'},{'R2'},{'R1'},&,2.0,&
{'D1'},{'D5'},{'D4'},{'D6'},{'D2'},{'D3'},{'D7'},{'R3'},{'R1'},{'R2'},&,2.0,&
{'D1'},{'D5'},{'D4'},{'D6'},{'D2'},{'R3'},{'D3'},{'D7'},{'R1'},{'R2'},&,1.0,&
{'D1'},{'D5'},{'D4'},{'D6'},{'D3'},{'D7'},{'R3'},{'D2'},{'R1'},{'R2'},&,1.0,&
{'D1'},{'D5'},{'D4'},{'D6'},{'D3'},{'D7'},{'D2'},{'R1'},{'R2'},{'R3'},&,1.0,&
{'D1'},{'D5'},{'D4'},{'D6'},{'D3'},{'D7'},{'D2'},{'R1'},{'R3'},{'R2'},&,2.0,&
{'D1'},{'D5'},{'D4'},{'D6'},{'D3'},{'D7'},{'D2'},{'R2'},{'R3'},{'R1'},&,1.0,&
{'D1'},{'D5'},{'D4'},{'D6'},{'D3'},{'D7'},{'D2'},{'R2'},{'R1'},{'R3'},&,2.0,&
{'D1'},{'D5'},{'D4'},{'D6'},{'D3'},{'D7'},{'D2'},{'R3'},{'R2'},{'R1'},&,4.0,&
{'D1'},{'D5'},{'D4'},{'D6'},{'D3'},{'D7'},{'D2'},{'R3'},{'R1'},{'R2'},&,5.0,&
{'D1'},{'D5'},{'D4'},{'D6'},{'D3'},{'D7'},{'R2'},{'D2'},{'R1'},{'R3'},&,1.0,&
{'D1'},{'D5'},{'D4'},{'D6'},{'D3'},{'D7'},{'R1'},{'D2'},{'R3'},{'R2'},&,1.0,&
{'D1'},{'D5'},{'D4'},{'D6'},{'D3'},{'D2'},{'D7'},{'R1'},{'R3'},{'R2'},&,3.0,&
{'D1'},{'D5'},{'D4'},{'D6'},{'D3'},{'D2'},{'D7'},{'R2'},{'R1'},{'R3'},&,1.0,&
{'D1'},{'D5'},{'D4'},{'D6'},{'D3'},{'D2'},{'D7'},{'R3'},{'R2'},{'R1'},&,3.0,&
{'D1'},{'D5'},{'D4'},{'D6'},{'D3'},{'D2'},{'D7'},{'R3'},{'R1'},{'R2'},&,7.0,&
{'D1'},{'D5'},{'D4'},{'D6'},{'D3'},{'R2'},{'D7'},{'D2'},{'R3'},{'R1'},&,1.0,&
{'D1'},{'D5'},{'D4'},{'D6'},{'D3'},{'R1'},{'D7'},{'D2'},{'R2'},{'R3'},&,1.0,&
{'D1'},{'D5'},{'D4'},{'D6'},{'D3'},{'R3'},{'D2'},{'D7'},{'R1'},{'R2'},&,1.0,&
{'D1'},{'D5'},{'D4'},{'R3'},{'D7'},{'D6'},{'D3'},{'D2'},{'R2'},{'R1'},&,1.0,&
{'D1'},{'D5'},{'D3'},{'D7'},{'D2'},{'D6'},{'R3'},{'D4'},{'R2'},{'R1'},&,1.0,&
{'D1'},{'D5'},{'D3'},{'D7'},{'D2'},{'D6'},{'D4'},{'R1'},{'R3'},{'R2'},&,1.0,&
{'D1'},{'D5'},{'D3'},{'D7'},{'D2'},{'D6'},{'D4'},{'R2'},{'R3'},{'R1'},&,1.0,&
{'D1'},{'D5'},{'D3'},{'D7'},{'D2'},{'D6'},{'D4'},{'R2'},{'R1'},{'R3'},&,1.0,&
{'D1'},{'D5'},{'D3'},{'D7'},{'D2'},{'D6'},{'D4'},{'R3'},{'R2'},{'R1'},&,1.0,&
{'D1'},{'D5'},{'D3'},{'D7'},{'D2'},{'D6'},{'D4'},{'R3'},{'R1'},{'R2'},&,1.0,&
{'D1'},{'D5'},{'D3'},{'D7'},{'D2'},{'D4'},{'D6'},{'R1'},{'R2'},{'R3'},&,1.0,&
{'D1'},{'D5'},{'D3'},{'D7'},{'D2'},{'D4'},{'D6'},{'R3'},{'R1'},{'R2'},&,1.0,&
{'D1'},{'D5'},{'D3'},{'D7'},{'D6'},{'D4'},{'R3'},{'D2'},{'R2'},{'R1'},&,2.0,&
{'D1'},{'D5'},{'D3'},{'D7'},{'D6'},{'D4'},{'R3'},{'D2'},{'R1'},{'R2'},&,3.0,&
{'D1'},{'D5'},{'D3'},{'D7'},{'D6'},{'D4'},{'D2'},{'R1'},{'R2'},{'R3'},&,1.0,&
{'D1'},{'D5'},{'D3'},{'D7'},{'D6'},{'D4'},{'D2'},{'R1'},{'R3'},{'R2'},&,3.0,&
{'D1'},{'D5'},{'D3'},{'D7'},{'D6'},{'D4'},{'D2'},{'R2'},{'R3'},{'R1'},&,5.0,&
{'D1'},{'D5'},{'D3'},{'D7'},{'D6'},{'D4'},{'D2'},{'R3'},{'R2'},{'R1'},&,5.0,&
{'D1'},{'D5'},{'D3'},{'D7'},{'D6'},{'D4'},{'D2'},{'R3'},{'R1'},{'R2'},&,6.0,&
{'D1'},{'D5'},{'D3'},{'D7'},{'D6'},{'D4'},{'R1'},{'D2'},{'R3'},{'R2'},&,3.0,&
{'D1'},{'D5'},{'D3'},{'D7'},{'D6'},{'D4'},{'R1'},{'R2'},{'D2'},{'R3'},&,1.0,&
{'D1'},{'D5'},{'D3'},{'D7'},{'D6'},{'D2'},{'R3'},{'D4'},{'R1'},{'R2'},&,3.0,&
{'D1'},{'D5'},{'D3'},{'D7'},{'D6'},{'D2'},{'D4'},{'R1'},{'R2'},{'R3'},&,1.0,&
{'D1'},{'D5'},{'D3'},{'D7'},{'D6'},{'D2'},{'D4'},{'R2'},{'R1'},{'R3'},&,1.0,&
{'D1'},{'D5'},{'D3'},{'D7'},{'D6'},{'D2'},{'D4'},{'R3'},{'R2'},{'R1'},&,3.0,&
{'D1'},{'D5'},{'D3'},{'D7'},{'D6'},{'D2'},{'D4'},{'R3'},{'R1'},{'R2'},&,5.0,&
{'D1'},{'D5'},{'D3'},{'D7'},{'D6'},{'D2'},{'R1'},{'D4'},{'R2'},{'R3'},&,1.0,&
{'D1'},{'D5'},{'D3'},{'D7'},{'D6'},{'R1'},{'D4'},{'D2'},{'R3'},{'R2'},&,1.0,&
{'D1'},{'D5'},{'D3'},{'D7'},{'D6'},{'R3'},{'D4'},{'D2'},{'R1'},{'R2'},&,2.0,&
{'D1'},{'D5'},{'D3'},{'D7'},{'D4'},{'D6'},{'R3'},{'D2'},{'R1'},{'R2'},&,1.0,&
{'D1'},{'D5'},{'D3'},{'D7'},{'D4'},{'D6'},{'D2'},{'R1'},{'R2'},{'R3'},&,1.0,&
{'D1'},{'D5'},{'D3'},{'D7'},{'D4'},{'D6'},{'D2'},{'R1'},{'R3'},{'R2'},&,1.0,&
{'D1'},{'D5'},{'D3'},{'D7'},{'D4'},{'D6'},{'D2'},{'R2'},{'R3'},{'R1'},&,1.0,&
{'D1'},{'D5'},{'D3'},{'D7'},{'D4'},{'D6'},{'D2'},{'R3'},{'R2'},{'R1'},&,1.0,&
{'D1'},{'D5'},{'D3'},{'D7'},{'D4'},{'D6'},{'D2'},{'R3'},{'R1'},{'R2'},&,4.0,&
{'D1'},{'D5'},{'D3'},{'D7'},{'D4'},{'D6'},{'R1'},{'R2'},{'D2'},{'R3'},&,1.0,&
{'D1'},{'D5'},{'D3'},{'D7'},{'D4'},{'D2'},{'D6'},{'R2'},{'R3'},{'R1'},&,1.0,&
{'D1'},{'D5'},{'D3'},{'D7'},{'D4'},{'D2'},{'D6'},{'R3'},{'R1'},{'R2'},&,2.0,&
{'D1'},{'D5'},{'D3'},{'D7'},{'D4'},{'R1'},{'D6'},{'R2'},{'D2'},{'R3'},&,1.0,&
{'D1'},{'D5'},{'D3'},{'D7'},{'D4'},{'R3'},{'D2'},{'D6'},{'R2'},{'R1'},&,1.0,&
{'D1'},{'D5'},{'D3'},{'D7'},{'R3'},{'D4'},{'D6'},{'D2'},{'R1'},{'R2'},&,1.0,&
{'D1'},{'D5'},{'D3'},{'D2'},{'D7'},{'D6'},{'R3'},{'D4'},{'R1'},{'R2'},&,1.0,&
{'D1'},{'D5'},{'D3'},{'D2'},{'D7'},{'D6'},{'D4'},{'R1'},{'R3'},{'R2'},&,3.0,&
{'D1'},{'D5'},{'D3'},{'D2'},{'D7'},{'D6'},{'D4'},{'R2'},{'R3'},{'R1'},&,1.0,&
{'D1'},{'D5'},{'D3'},{'D2'},{'D7'},{'D6'},{'D4'},{'R3'},{'R2'},{'R1'},&,1.0,&
{'D1'},{'D5'},{'D3'},{'D2'},{'D7'},{'D6'},{'D4'},{'R3'},{'R1'},{'R2'},&,2.0,&
{'D1'},{'D5'},{'D3'},{'D2'},{'D7'},{'D6'},{'R1'},{'D4'},{'R3'},{'R2'},&,1.0,&
{'D1'},{'D5'},{'D3'},{'D2'},{'D7'},{'D4'},{'R3'},{'D6'},{'R1'},{'R2'},&,1.0,&
{'D1'},{'D5'},{'D3'},{'D2'},{'D7'},{'D4'},{'R2'},{'D6'},{'R3'},{'R1'},&,1.0,&
{'D1'},{'D5'},{'D3'},{'D2'},{'D7'},{'D4'},{'D6'},{'R2'},{'R1'},{'R3'},&,1.0,&
{'D1'},{'D5'},{'D3'},{'D2'},{'D6'},{'D4'},{'R3'},{'R2'},{'D7'},{'R1'},&,1.0,&
{'D1'},{'D5'},{'D3'},{'D2'},{'D6'},{'D4'},{'D7'},{'R2'},{'R3'},{'R1'},&,1.0,&
{'D1'},{'D5'},{'D3'},{'D2'},{'D6'},{'D4'},{'D7'},{'R2'},{'R1'},{'R3'},&,1.0,&
{'D1'},{'D5'},{'D3'},{'D2'},{'D6'},{'D4'},{'D7'},{'R3'},{'R2'},{'R1'},&,3.0,&
{'D1'},{'D5'},{'D3'},{'D2'},{'D6'},{'D4'},{'D7'},{'R3'},{'R1'},{'R2'},&,2.0,&
{'D1'},{'D5'},{'D3'},{'D2'},{'D6'},{'D4'},{'R1'},{'D7'},{'R3'},{'R2'},&,1.0,&
{'D1'},{'D5'},{'D3'},{'D2'},{'D6'},{'D7'},{'D4'},{'R1'},{'R3'},{'R2'},&,5.0,&
{'D1'},{'D5'},{'D3'},{'D2'},{'D6'},{'D7'},{'D4'},{'R2'},{'R1'},{'R3'},&,1.0,&
{'D1'},{'D5'},{'D3'},{'D2'},{'D6'},{'D7'},{'D4'},{'R3'},{'R2'},{'R1'},&,3.0,&
{'D1'},{'D5'},{'D3'},{'D2'},{'D6'},{'D7'},{'D4'},{'R3'},{'R1'},{'R2'},&,3.0,&
{'D1'},{'D5'},{'D3'},{'D2'},{'D6'},{'D7'},{'R1'},{'R3'},{'D4'},{'R2'},&,2.0,&
{'D1'},{'D5'},{'D3'},{'D2'},{'D4'},{'D6'},{'D7'},{'R1'},{'R2'},{'R3'},&,1.0,&
{'D1'},{'D5'},{'D3'},{'D2'},{'D4'},{'D6'},{'D7'},{'R1'},{'R3'},{'R2'},&,1.0,&
{'D1'},{'D5'},{'D3'},{'D2'},{'D4'},{'D6'},{'D7'},{'R2'},{'R1'},{'R3'},&,2.0,&
{'D1'},{'D5'},{'D3'},{'D2'},{'D4'},{'D6'},{'D7'},{'R3'},{'R2'},{'R1'},&,1.0,&
{'D1'},{'D5'},{'D3'},{'D2'},{'D4'},{'D6'},{'D7'},{'R3'},{'R1'},{'R2'},&,1.0,&
{'D1'},{'D5'},{'D3'},{'D2'},{'D4'},{'D6'},{'R1'},{'D7'},{'R3'},{'R2'},&,2.0,&
{'D1'},{'D5'},{'D3'},{'D2'},{'D4'},{'D7'},{'D6'},{'R3'},{'R2'},{'R1'},&,1.0,&
{'D1'},{'D5'},{'D3'},{'D2'},{'D4'},{'D7'},{'D6'},{'R3'},{'R1'},{'R2'},&,1.0,&
{'D1'},{'D5'},{'D3'},{'D2'},{'D4'},{'R3'},{'D6'},{'D7'},{'R2'},{'R1'},&,1.0,&
{'D1'},{'D5'},{'D3'},{'D2'},{'R1'},{'D4'},{'D6'},{'R2'},{'D7'},{'R3'},&,1.0,&
{'D1'},{'D5'},{'D3'},{'D6'},{'D7'},{'D4'},{'R3'},{'D2'},{'R2'},{'R1'},&,1.0,&
{'D1'},{'D5'},{'D3'},{'D6'},{'D7'},{'D4'},{'R3'},{'D2'},{'R1'},{'R2'},&,2.0,&
{'D1'},{'D5'},{'D3'},{'D6'},{'D7'},{'D4'},{'R3'},{'R1'},{'D2'},{'R2'},&,2.0,&
{'D1'},{'D5'},{'D3'},{'D6'},{'D7'},{'D4'},{'D2'},{'R1'},{'R2'},{'R3'},&,1.0,&
{'D1'},{'D5'},{'D3'},{'D6'},{'D7'},{'D4'},{'D2'},{'R1'},{'R3'},{'R2'},&,2.0,&
{'D1'},{'D5'},{'D3'},{'D6'},{'D7'},{'D4'},{'D2'},{'R2'},{'R3'},{'R1'},&,3.0,&
{'D1'},{'D5'},{'D3'},{'D6'},{'D7'},{'D4'},{'D2'},{'R2'},{'R1'},{'R3'},&,3.0,&
{'D1'},{'D5'},{'D3'},{'D6'},{'D7'},{'D4'},{'D2'},{'R3'},{'R2'},{'R1'},&,3.0,&
{'D1'},{'D5'},{'D3'},{'D6'},{'D7'},{'D4'},{'D2'},{'R3'},{'R1'},{'R2'},&,9.0,&
{'D1'},{'D5'},{'D3'},{'D6'},{'D7'},{'D4'},{'R2'},{'D2'},{'R3'},{'R1'},&,4.0,&
{'D1'},{'D5'},{'D3'},{'D6'},{'D7'},{'D4'},{'R1'},{'D2'},{'R2'},{'R3'},&,3.0,&
{'D1'},{'D5'},{'D3'},{'D6'},{'D7'},{'D4'},{'R1'},{'D2'},{'R3'},{'R2'},&,1.0,&
{'D1'},{'D5'},{'D3'},{'D6'},{'D7'},{'D2'},{'R3'},{'D4'},{'R2'},{'R1'},&,2.0,&
{'D1'},{'D5'},{'D3'},{'D6'},{'D7'},{'D2'},{'D4'},{'R1'},{'R3'},{'R2'},&,1.0,&
{'D1'},{'D5'},{'D3'},{'D6'},{'D7'},{'D2'},{'D4'},{'R2'},{'R3'},{'R1'},&,4.0,&
{'D1'},{'D5'},{'D3'},{'D6'},{'D7'},{'D2'},{'D4'},{'R3'},{'R2'},{'R1'},&,8.0,&
{'D1'},{'D5'},{'D3'},{'D6'},{'D7'},{'D2'},{'D4'},{'R3'},{'R1'},{'R2'},&,2.0,&
{'D1'},{'D5'},{'D3'},{'D6'},{'D7'},{'D2'},{'R2'},{'D4'},{'R1'},{'R3'},&,1.0,&
{'D1'},{'D5'},{'D3'},{'D6'},{'D7'},{'D2'},{'R1'},{'D4'},{'R2'},{'R3'},&,1.0,&
{'D1'},{'D5'},{'D3'},{'D6'},{'D7'},{'R2'},{'D2'},{'R3'},{'D4'},{'R1'},&,1.0,&
{'D1'},{'D5'},{'D3'},{'D6'},{'D7'},{'R2'},{'D2'},{'D4'},{'R3'},{'R1'},&,1.0,&
{'D1'},{'D5'},{'D3'},{'D6'},{'D7'},{'R1'},{'D4'},{'D2'},{'R3'},{'R2'},&,1.0,&
{'D1'},{'D5'},{'D3'},{'D6'},{'D7'},{'R3'},{'D2'},{'R1'},{'D4'},{'R2'},&,1.0,&
{'D1'},{'D5'},{'D3'},{'D6'},{'D2'},{'D4'},{'R3'},{'R1'},{'R2'},{'D7'},&,1.0,&
{'D1'},{'D5'},{'D3'},{'D6'},{'D2'},{'D4'},{'R3'},{'D7'},{'R2'},{'R1'},&,1.0,&
{'D1'},{'D5'},{'D3'},{'D6'},{'D2'},{'D4'},{'R3'},{'D7'},{'R1'},{'R2'},&,3.0,&
{'D1'},{'D5'},{'D3'},{'D6'},{'D2'},{'D4'},{'R2'},{'D7'},{'R3'},{'R1'},&,1.0,&
{'D1'},{'D5'},{'D3'},{'D6'},{'D2'},{'D4'},{'D7'},{'R1'},{'R2'},{'R3'},&,2.0,&
{'D1'},{'D5'},{'D3'},{'D6'},{'D2'},{'D4'},{'D7'},{'R1'},{'R3'},{'R2'},&,2.0,&
{'D1'},{'D5'},{'D3'},{'D6'},{'D2'},{'D4'},{'D7'},{'R2'},{'R3'},{'R1'},&,2.0,&
{'D1'},{'D5'},{'D3'},{'D6'},{'D2'},{'D4'},{'D7'},{'R2'},{'R1'},{'R3'},&,1.0,&
{'D1'},{'D5'},{'D3'},{'D6'},{'D2'},{'D4'},{'D7'},{'R3'},{'R2'},{'R1'},&,7.0,&
{'D1'},{'D5'},{'D3'},{'D6'},{'D2'},{'D4'},{'D7'},{'R3'},{'R1'},{'R2'},&,5.0,&
{'D1'},{'D5'},{'D3'},{'D6'},{'D2'},{'D7'},{'R3'},{'R1'},{'D4'},{'R2'},&,2.0,&
{'D1'},{'D5'},{'D3'},{'D6'},{'D2'},{'D7'},{'R3'},{'D4'},{'R1'},{'R2'},&,2.0,&
{'D1'},{'D5'},{'D3'},{'D6'},{'D2'},{'D7'},{'D4'},{'R1'},{'R2'},{'R3'},&,2.0,&
{'D1'},{'D5'},{'D3'},{'D6'},{'D2'},{'D7'},{'D4'},{'R1'},{'R3'},{'R2'},&,1.0,&
{'D1'},{'D5'},{'D3'},{'D6'},{'D2'},{'D7'},{'D4'},{'R2'},{'R3'},{'R1'},&,1.0,&
{'D1'},{'D5'},{'D3'},{'D6'},{'D2'},{'D7'},{'D4'},{'R3'},{'R2'},{'R1'},&,2.0,&
{'D1'},{'D5'},{'D3'},{'D6'},{'D2'},{'D7'},{'D4'},{'R3'},{'R1'},{'R2'},&,3.0,&
{'D1'},{'D5'},{'D3'},{'D6'},{'D2'},{'D7'},{'R2'},{'D4'},{'R3'},{'R1'},&,2.0,&
{'D1'},{'D5'},{'D3'},{'D6'},{'D2'},{'R1'},{'D4'},{'R3'},{'D7'},{'R2'},&,1.0,&
{'D1'},{'D5'},{'D3'},{'D6'},{'D2'},{'R1'},{'D7'},{'D4'},{'R3'},{'R2'},&,1.0,&
{'D1'},{'D5'},{'D3'},{'D6'},{'D2'},{'R3'},{'D4'},{'D7'},{'R2'},{'R1'},&,1.0,&
{'D1'},{'D5'},{'D3'},{'D6'},{'D4'},{'D7'},{'R3'},{'D2'},{'R2'},{'R1'},&,1.0,&
{'D1'},{'D5'},{'D3'},{'D6'},{'D4'},{'D7'},{'R3'},{'D2'},{'R1'},{'R2'},&,1.0,&
{'D1'},{'D5'},{'D3'},{'D6'},{'D4'},{'D7'},{'D2'},{'R1'},{'R2'},{'R3'},&,4.0,&
{'D1'},{'D5'},{'D3'},{'D6'},{'D4'},{'D7'},{'D2'},{'R1'},{'R3'},{'R2'},&,5.0,&
{'D1'},{'D5'},{'D3'},{'D6'},{'D4'},{'D7'},{'D2'},{'R2'},{'R3'},{'R1'},&,2.0,&
{'D1'},{'D5'},{'D3'},{'D6'},{'D4'},{'D7'},{'D2'},{'R2'},{'R1'},{'R3'},&,4.0,&
{'D1'},{'D5'},{'D3'},{'D6'},{'D4'},{'D7'},{'D2'},{'R3'},{'R2'},{'R1'},&,7.0,&
{'D1'},{'D5'},{'D3'},{'D6'},{'D4'},{'D7'},{'D2'},{'R3'},{'R1'},{'R2'},&,6.0,&
{'D1'},{'D5'},{'D3'},{'D6'},{'D4'},{'D7'},{'R2'},{'D2'},{'R3'},{'R1'},&,1.0,&
{'D1'},{'D5'},{'D3'},{'D6'},{'D4'},{'D7'},{'R1'},{'D2'},{'R3'},{'R2'},&,3.0,&
{'D1'},{'D5'},{'D3'},{'D6'},{'D4'},{'D2'},{'D7'},{'R1'},{'R2'},{'R3'},&,1.0,&
{'D1'},{'D5'},{'D3'},{'D6'},{'D4'},{'D2'},{'D7'},{'R1'},{'R3'},{'R2'},&,1.0,&
{'D1'},{'D5'},{'D3'},{'D6'},{'D4'},{'D2'},{'D7'},{'R2'},{'R3'},{'R1'},&,4.0,&
{'D1'},{'D5'},{'D3'},{'D6'},{'D4'},{'D2'},{'D7'},{'R3'},{'R2'},{'R1'},&,7.0,&
{'D1'},{'D5'},{'D3'},{'D6'},{'D4'},{'D2'},{'D7'},{'R3'},{'R1'},{'R2'},&,5.0,&
{'D1'},{'D5'},{'D3'},{'D6'},{'D4'},{'R2'},{'D2'},{'D7'},{'R3'},{'R1'},&,1.0,&
{'D1'},{'D5'},{'D3'},{'D6'},{'D4'},{'R1'},{'D7'},{'D2'},{'R3'},{'R2'},&,1.0,&
{'D1'},{'D5'},{'D3'},{'D6'},{'D4'},{'R3'},{'D7'},{'D2'},{'R2'},{'R1'},&,2.0,&
{'D1'},{'D5'},{'D3'},{'D6'},{'R3'},{'D4'},{'D7'},{'D2'},{'R1'},{'R2'},&,1.0,&
{'D1'},{'D5'},{'D3'},{'D6'},{'R2'},{'D7'},{'D2'},{'D4'},{'R3'},{'R1'},&,1.0,&
{'D1'},{'D5'},{'D3'},{'D4'},{'D7'},{'D6'},{'R3'},{'D2'},{'R1'},{'R2'},&,2.0,&
{'D1'},{'D5'},{'D3'},{'D4'},{'D7'},{'D6'},{'D2'},{'R1'},{'R2'},{'R3'},&,1.0,&
{'D1'},{'D5'},{'D3'},{'D4'},{'D7'},{'D6'},{'D2'},{'R1'},{'R3'},{'R2'},&,1.0,&
{'D1'},{'D5'},{'D3'},{'D4'},{'D7'},{'D6'},{'D2'},{'R2'},{'R3'},{'R1'},&,3.0,&
{'D1'},{'D5'},{'D3'},{'D4'},{'D7'},{'D6'},{'D2'},{'R3'},{'R2'},{'R1'},&,4.0,&
{'D1'},{'D5'},{'D3'},{'D4'},{'D7'},{'D6'},{'D2'},{'R3'},{'R1'},{'R2'},&,5.0,&
{'D1'},{'D5'},{'D3'},{'D4'},{'D7'},{'D6'},{'R2'},{'D2'},{'R3'},{'R1'},&,1.0,&
{'D1'},{'D5'},{'D3'},{'D4'},{'D7'},{'D2'},{'D6'},{'R1'},{'R3'},{'R2'},&,2.0,&
{'D1'},{'D5'},{'D3'},{'D4'},{'D7'},{'R2'},{'D6'},{'D2'},{'R3'},{'R1'},&,2.0,&
{'D1'},{'D5'},{'D3'},{'D4'},{'D7'},{'R2'},{'D6'},{'R3'},{'R1'},{'D2'},&,1.0,&
{'D1'},{'D5'},{'D3'},{'D4'},{'D7'},{'R3'},{'D2'},{'D6'},{'R1'},{'R2'},&,1.0,&
{'D1'},{'D5'},{'D3'},{'D4'},{'D7'},{'R3'},{'R2'},{'D6'},{'D2'},{'R1'},&,1.0,&
{'D1'},{'D5'},{'D3'},{'D4'},{'D7'},{'R3'},{'R1'},{'D6'},{'D2'},{'R2'},&,1.0,&
{'D1'},{'D5'},{'D3'},{'D4'},{'D2'},{'D6'},{'R3'},{'R1'},{'R2'},{'D7'},&,1.0,&
{'D1'},{'D5'},{'D3'},{'D4'},{'D2'},{'D6'},{'R3'},{'R2'},{'R1'},{'D7'},&,1.0,&
{'D1'},{'D5'},{'D3'},{'D4'},{'D2'},{'D6'},{'R3'},{'D7'},{'R1'},{'R2'},&,1.0,&
{'D1'},{'D5'},{'D3'},{'D4'},{'D2'},{'D6'},{'D7'},{'R1'},{'R2'},{'R3'},&,1.0,&
{'D1'},{'D5'},{'D3'},{'D4'},{'D2'},{'D6'},{'D7'},{'R1'},{'R3'},{'R2'},&,1.0,&
{'D1'},{'D5'},{'D3'},{'D4'},{'D2'},{'D6'},{'D7'},{'R3'},{'R1'},{'R2'},&,1.0,&
{'D1'},{'D5'},{'D3'},{'D4'},{'D2'},{'D7'},{'D6'},{'R2'},{'R3'},{'R1'},&,1.0,&
{'D1'},{'D5'},{'D3'},{'D4'},{'D2'},{'D7'},{'D6'},{'R3'},{'R2'},{'R1'},&,2.0,&
{'D1'},{'D5'},{'D3'},{'D4'},{'D2'},{'D7'},{'D6'},{'R3'},{'R1'},{'R2'},&,1.0,&
{'D1'},{'D5'},{'D3'},{'D4'},{'D6'},{'D7'},{'R3'},{'D2'},{'R1'},{'R2'},&,1.0,&
{'D1'},{'D5'},{'D3'},{'D4'},{'D6'},{'D7'},{'R3'},{'R1'},{'D2'},{'R2'},&,1.0,&
{'D1'},{'D5'},{'D3'},{'D4'},{'D6'},{'D7'},{'D2'},{'R1'},{'R2'},{'R3'},&,2.0,&
{'D1'},{'D5'},{'D3'},{'D4'},{'D6'},{'D7'},{'D2'},{'R1'},{'R3'},{'R2'},&,4.0,&
{'D1'},{'D5'},{'D3'},{'D4'},{'D6'},{'D7'},{'D2'},{'R2'},{'R3'},{'R1'},&,4.0,&
{'D1'},{'D5'},{'D3'},{'D4'},{'D6'},{'D7'},{'D2'},{'R2'},{'R1'},{'R3'},&,1.0,&
{'D1'},{'D5'},{'D3'},{'D4'},{'D6'},{'D7'},{'D2'},{'R3'},{'R2'},{'R1'},&,3.0,&
{'D1'},{'D5'},{'D3'},{'D4'},{'D6'},{'D7'},{'D2'},{'R3'},{'R1'},{'R2'},&,5.0,&
{'D1'},{'D5'},{'D3'},{'D4'},{'D6'},{'D7'},{'R2'},{'D2'},{'R3'},{'R1'},&,2.0,&
{'D1'},{'D5'},{'D3'},{'D4'},{'D6'},{'D7'},{'R2'},{'D2'},{'R1'},{'R3'},&,1.0,&
{'D1'},{'D5'},{'D3'},{'D4'},{'D6'},{'D7'},{'R1'},{'D2'},{'R3'},{'R2'},&,1.0,&
{'D1'},{'D5'},{'D3'},{'D4'},{'D6'},{'D7'},{'R1'},{'R3'},{'D2'},{'R2'},&,1.0,&
{'D1'},{'D5'},{'D3'},{'D4'},{'D6'},{'D2'},{'R3'},{'D7'},{'R2'},{'R1'},&,1.0,&
{'D1'},{'D5'},{'D3'},{'D4'},{'D6'},{'D2'},{'D7'},{'R1'},{'R2'},{'R3'},&,1.0,&
{'D1'},{'D5'},{'D3'},{'D4'},{'D6'},{'D2'},{'D7'},{'R1'},{'R3'},{'R2'},&,5.0,&
{'D1'},{'D5'},{'D3'},{'D4'},{'D6'},{'D2'},{'D7'},{'R2'},{'R3'},{'R1'},&,3.0,&
{'D1'},{'D5'},{'D3'},{'D4'},{'D6'},{'D2'},{'D7'},{'R3'},{'R2'},{'R1'},&,4.0,&
{'D1'},{'D5'},{'D3'},{'D4'},{'D6'},{'D2'},{'D7'},{'R3'},{'R1'},{'R2'},&,2.0,&
{'D1'},{'D5'},{'D3'},{'D4'},{'D6'},{'D2'},{'R1'},{'D7'},{'R3'},{'R2'},&,1.0,&
{'D1'},{'D5'},{'D3'},{'D4'},{'D6'},{'R1'},{'D7'},{'R3'},{'D2'},{'R2'},&,1.0,&
{'D1'},{'D5'},{'D3'},{'D4'},{'D6'},{'R3'},{'D7'},{'D2'},{'R2'},{'R1'},&,1.0,&
{'D1'},{'D5'},{'D3'},{'D4'},{'R3'},{'D6'},{'D7'},{'D2'},{'R1'},{'R2'},&,1.0,&
{'D1'},{'D5'},{'D3'},{'D4'},{'R3'},{'D7'},{'D2'},{'D6'},{'R1'},{'R2'},&,1.0,&
{'D1'},{'D5'},{'D6'},{'D7'},{'D2'},{'D4'},{'D3'},{'R1'},{'R3'},{'R2'},&,1.0,&
{'D1'},{'D5'},{'D6'},{'D7'},{'D2'},{'D4'},{'D3'},{'R2'},{'R1'},{'R3'},&,1.0,&
{'D1'},{'D5'},{'D6'},{'D7'},{'D2'},{'D4'},{'D3'},{'R3'},{'R1'},{'R2'},&,2.0,&
{'D1'},{'D5'},{'D6'},{'D7'},{'D2'},{'D3'},{'D4'},{'R3'},{'R2'},{'R1'},&,2.0,&
{'D1'},{'D5'},{'D6'},{'D7'},{'D2'},{'D3'},{'D4'},{'R3'},{'R1'},{'R2'},&,7.0,&
{'D1'},{'D5'},{'D6'},{'D7'},{'D2'},{'D3'},{'R2'},{'D4'},{'R3'},{'R1'},&,1.0,&
{'D1'},{'D5'},{'D6'},{'D7'},{'D3'},{'D4'},{'R3'},{'D2'},{'R1'},{'R2'},&,4.0,&
{'D1'},{'D5'},{'D6'},{'D7'},{'D3'},{'D4'},{'D2'},{'R1'},{'R2'},{'R3'},&,3.0,&
{'D1'},{'D5'},{'D6'},{'D7'},{'D3'},{'D4'},{'D2'},{'R1'},{'R3'},{'R2'},&,3.0,&
{'D1'},{'D5'},{'D6'},{'D7'},{'D3'},{'D4'},{'D2'},{'R2'},{'R3'},{'R1'},&,3.0,&
{'D1'},{'D5'},{'D6'},{'D7'},{'D3'},{'D4'},{'D2'},{'R3'},{'R2'},{'R1'},&,4.0,&
{'D1'},{'D5'},{'D6'},{'D7'},{'D3'},{'D4'},{'D2'},{'R3'},{'R1'},{'R2'},&,6.0,&
{'D1'},{'D5'},{'D6'},{'D7'},{'D3'},{'D4'},{'R2'},{'D2'},{'R3'},{'R1'},&,2.0,&
{'D1'},{'D5'},{'D6'},{'D7'},{'D3'},{'D4'},{'R2'},{'D2'},{'R1'},{'R3'},&,2.0,&
{'D1'},{'D5'},{'D6'},{'D7'},{'D3'},{'D4'},{'R2'},{'R1'},{'D2'},{'R3'},&,1.0,&
{'D1'},{'D5'},{'D6'},{'D7'},{'D3'},{'D2'},{'R3'},{'R1'},{'D4'},{'R2'},&,1.0,&
{'D1'},{'D5'},{'D6'},{'D7'},{'D3'},{'D2'},{'D4'},{'R1'},{'R2'},{'R3'},&,1.0,&
{'D1'},{'D5'},{'D6'},{'D7'},{'D3'},{'D2'},{'D4'},{'R1'},{'R3'},{'R2'},&,1.0,&
{'D1'},{'D5'},{'D6'},{'D7'},{'D3'},{'D2'},{'D4'},{'R2'},{'R3'},{'R1'},&,1.0,&
{'D1'},{'D5'},{'D6'},{'D7'},{'D3'},{'D2'},{'D4'},{'R3'},{'R2'},{'R1'},&,3.0,&
{'D1'},{'D5'},{'D6'},{'D7'},{'D3'},{'D2'},{'R2'},{'D4'},{'R3'},{'R1'},&,1.0,&
{'D1'},{'D5'},{'D6'},{'D7'},{'D3'},{'D2'},{'R1'},{'D4'},{'R2'},{'R3'},&,2.0,&
{'D1'},{'D5'},{'D6'},{'D7'},{'D3'},{'R2'},{'D4'},{'D2'},{'R3'},{'R1'},&,1.0,&
{'D1'},{'D5'},{'D6'},{'D7'},{'D3'},{'R2'},{'D4'},{'R3'},{'D2'},{'R1'},&,1.0,&
{'D1'},{'D5'},{'D6'},{'D7'},{'D3'},{'R3'},{'D2'},{'D4'},{'R1'},{'R2'},&,1.0,&
{'D1'},{'D5'},{'D6'},{'D7'},{'D3'},{'R3'},{'D4'},{'D2'},{'R2'},{'R1'},&,2.0,&
{'D1'},{'D5'},{'D6'},{'D7'},{'D4'},{'D2'},{'R3'},{'R2'},{'D3'},{'R1'},&,1.0,&
{'D1'},{'D5'},{'D6'},{'D7'},{'D4'},{'D2'},{'R2'},{'D3'},{'R3'},{'R1'},&,1.0,&
{'D1'},{'D5'},{'D6'},{'D7'},{'D4'},{'D2'},{'D3'},{'R1'},{'R2'},{'R3'},&,2.0,&
{'D1'},{'D5'},{'D6'},{'D7'},{'D4'},{'D2'},{'D3'},{'R2'},{'R1'},{'R3'},&,1.0,&
{'D1'},{'D5'},{'D6'},{'D7'},{'D4'},{'D2'},{'D3'},{'R3'},{'R2'},{'R1'},&,1.0,&
{'D1'},{'D5'},{'D6'},{'D7'},{'D4'},{'D2'},{'D3'},{'R3'},{'R1'},{'R2'},&,2.0,&
{'D1'},{'D5'},{'D6'},{'D7'},{'D4'},{'D2'},{'R1'},{'D3'},{'R3'},{'R2'},&,1.0,&
{'D1'},{'D5'},{'D6'},{'D7'},{'D4'},{'D3'},{'R3'},{'D2'},{'R2'},{'R1'},&,1.0,&
{'D1'},{'D5'},{'D6'},{'D7'},{'D4'},{'D3'},{'R3'},{'D2'},{'R1'},{'R2'},&,1.0,&
{'D1'},{'D5'},{'D6'},{'D7'},{'D4'},{'D3'},{'D2'},{'R1'},{'R3'},{'R2'},&,1.0,&
{'D1'},{'D5'},{'D6'},{'D7'},{'D4'},{'D3'},{'D2'},{'R2'},{'R3'},{'R1'},&,2.0,&
{'D1'},{'D5'},{'D6'},{'D7'},{'D4'},{'D3'},{'D2'},{'R3'},{'R2'},{'R1'},&,3.0,&
{'D1'},{'D5'},{'D6'},{'D7'},{'D4'},{'D3'},{'D2'},{'R3'},{'R1'},{'R2'},&,1.0,&
{'D1'},{'D5'},{'D6'},{'D7'},{'D4'},{'D3'},{'R2'},{'D2'},{'R1'},{'R3'},&,2.0,&
{'D1'},{'D5'},{'D6'},{'D7'},{'D4'},{'D3'},{'R2'},{'R1'},{'D2'},{'R3'},&,1.0,&
{'D1'},{'D5'},{'D6'},{'D7'},{'D4'},{'D3'},{'R1'},{'D2'},{'R3'},{'R2'},&,1.0,&
{'D1'},{'D5'},{'D6'},{'D7'},{'D4'},{'R3'},{'D3'},{'D2'},{'R1'},{'R2'},&,1.0,&
{'D1'},{'D5'},{'D6'},{'D7'},{'R3'},{'D4'},{'D3'},{'D2'},{'R1'},{'R2'},&,1.0,&
{'D1'},{'D5'},{'D6'},{'D7'},{'R3'},{'D2'},{'R2'},{'D3'},{'D4'},{'R1'},&,1.0,&
{'D1'},{'D5'},{'D6'},{'D7'},{'R1'},{'D3'},{'D2'},{'D4'},{'R3'},{'R2'},&,1.0,&
{'D1'},{'D5'},{'D6'},{'D2'},{'D7'},{'D4'},{'R3'},{'D3'},{'R2'},{'R1'},&,1.0,&
{'D1'},{'D5'},{'D6'},{'D2'},{'D7'},{'D4'},{'D3'},{'R1'},{'R3'},{'R2'},&,2.0,&
{'D1'},{'D5'},{'D6'},{'D2'},{'D7'},{'D4'},{'D3'},{'R2'},{'R3'},{'R1'},&,1.0,&
{'D1'},{'D5'},{'D6'},{'D2'},{'D7'},{'D4'},{'D3'},{'R3'},{'R1'},{'R2'},&,1.0,&
{'D1'},{'D5'},{'D6'},{'D2'},{'D7'},{'D3'},{'R3'},{'R1'},{'D4'},{'R2'},&,1.0,&
{'D1'},{'D5'},{'D6'},{'D2'},{'D7'},{'D3'},{'R3'},{'D4'},{'R2'},{'R1'},&,1.0,&
{'D1'},{'D5'},{'D6'},{'D2'},{'D7'},{'D3'},{'D4'},{'R1'},{'R3'},{'R2'},&,1.0,&
{'D1'},{'D5'},{'D6'},{'D2'},{'D7'},{'D3'},{'D4'},{'R3'},{'R2'},{'R1'},&,2.0,&
{'D1'},{'D5'},{'D6'},{'D2'},{'D7'},{'D3'},{'D4'},{'R3'},{'R1'},{'R2'},&,3.0,&
{'D1'},{'D5'},{'D6'},{'D2'},{'D7'},{'D3'},{'R2'},{'D4'},{'R1'},{'R3'},&,1.0,&
{'D1'},{'D5'},{'D6'},{'D2'},{'D7'},{'D3'},{'R1'},{'D4'},{'R2'},{'R3'},&,1.0,&
{'D1'},{'D5'},{'D6'},{'D2'},{'D7'},{'D3'},{'R1'},{'D4'},{'R3'},{'R2'},&,2.0,&
{'D1'},{'D5'},{'D6'},{'D2'},{'D3'},{'D4'},{'D7'},{'R1'},{'R2'},{'R3'},&,2.0,&
{'D1'},{'D5'},{'D6'},{'D2'},{'D3'},{'D4'},{'D7'},{'R1'},{'R3'},{'R2'},&,1.0,&
{'D1'},{'D5'},{'D6'},{'D2'},{'D3'},{'D4'},{'D7'},{'R2'},{'R3'},{'R1'},&,2.0,&
{'D1'},{'D5'},{'D6'},{'D2'},{'D3'},{'D4'},{'D7'},{'R3'},{'R2'},{'R1'},&,2.0,&
{'D1'},{'D5'},{'D6'},{'D2'},{'D3'},{'D4'},{'D7'},{'R3'},{'R1'},{'R2'},&,5.0,&
{'D1'},{'D5'},{'D6'},{'D2'},{'D3'},{'D4'},{'R1'},{'D7'},{'R3'},{'R2'},&,1.0,&
{'D1'},{'D5'},{'D6'},{'D2'},{'D3'},{'D7'},{'D4'},{'R1'},{'R3'},{'R2'},&,3.0,&
{'D1'},{'D5'},{'D6'},{'D2'},{'D3'},{'D7'},{'D4'},{'R2'},{'R3'},{'R1'},&,1.0,&
{'D1'},{'D5'},{'D6'},{'D2'},{'D3'},{'D7'},{'D4'},{'R2'},{'R1'},{'R3'},&,1.0,&
{'D1'},{'D5'},{'D6'},{'D2'},{'D3'},{'D7'},{'D4'},{'R3'},{'R2'},{'R1'},&,1.0,&
{'D1'},{'D5'},{'D6'},{'D2'},{'D3'},{'D7'},{'D4'},{'R3'},{'R1'},{'R2'},&,5.0,&
{'D1'},{'D5'},{'D6'},{'D2'},{'D3'},{'D7'},{'R1'},{'D4'},{'R2'},{'R3'},&,1.0,&
{'D1'},{'D5'},{'D6'},{'D2'},{'D3'},{'D7'},{'R1'},{'D4'},{'R3'},{'R2'},&,1.0,&
{'D1'},{'D5'},{'D6'},{'D2'},{'D3'},{'R1'},{'D4'},{'D7'},{'R2'},{'R3'},&,1.0,&
{'D1'},{'D5'},{'D6'},{'D2'},{'D3'},{'R3'},{'D4'},{'R1'},{'R2'},{'D7'},&,1.0,&
{'D1'},{'D5'},{'D6'},{'D2'},{'D3'},{'R3'},{'D7'},{'D4'},{'R1'},{'R2'},&,1.0,&
{'D1'},{'D5'},{'D6'},{'D2'},{'D4'},{'D3'},{'R3'},{'D7'},{'R2'},{'R1'},&,1.0,&
{'D1'},{'D5'},{'D6'},{'D2'},{'D4'},{'D3'},{'D7'},{'R1'},{'R3'},{'R2'},&,1.0,&
{'D1'},{'D5'},{'D6'},{'D2'},{'D4'},{'D3'},{'D7'},{'R2'},{'R1'},{'R3'},&,1.0,&
{'D1'},{'D5'},{'D6'},{'D2'},{'D4'},{'D3'},{'D7'},{'R3'},{'R2'},{'R1'},&,2.0,&
{'D1'},{'D5'},{'D6'},{'D2'},{'D4'},{'D3'},{'D7'},{'R3'},{'R1'},{'R2'},&,2.0,&
{'D1'},{'D5'},{'D6'},{'D2'},{'R3'},{'D7'},{'D3'},{'R1'},{'D4'},{'R2'},&,1.0,&
{'D1'},{'D5'},{'D6'},{'D3'},{'D7'},{'D4'},{'R3'},{'D2'},{'R2'},{'R1'},&,1.0,&
{'D1'},{'D5'},{'D6'},{'D3'},{'D7'},{'D4'},{'R3'},{'D2'},{'R1'},{'R2'},&,3.0,&
{'D1'},{'D5'},{'D6'},{'D3'},{'D7'},{'D4'},{'R3'},{'R2'},{'R1'},{'D2'},&,1.0,&
{'D1'},{'D5'},{'D6'},{'D3'},{'D7'},{'D4'},{'D2'},{'R1'},{'R2'},{'R3'},&,4.0,&
{'D1'},{'D5'},{'D6'},{'D3'},{'D7'},{'D4'},{'D2'},{'R1'},{'R3'},{'R2'},&,4.0,&
{'D1'},{'D5'},{'D6'},{'D3'},{'D7'},{'D4'},{'D2'},{'R2'},{'R3'},{'R1'},&,5.0,&
{'D1'},{'D5'},{'D6'},{'D3'},{'D7'},{'D4'},{'D2'},{'R2'},{'R1'},{'R3'},&,1.0,&
{'D1'},{'D5'},{'D6'},{'D3'},{'D7'},{'D4'},{'D2'},{'R3'},{'R2'},{'R1'},&,7.0,&
{'D1'},{'D5'},{'D6'},{'D3'},{'D7'},{'D4'},{'D2'},{'R3'},{'R1'},{'R2'},&,6.0,&
{'D1'},{'D5'},{'D6'},{'D3'},{'D7'},{'D4'},{'R2'},{'D2'},{'R3'},{'R1'},&,1.0,&
{'D1'},{'D5'},{'D6'},{'D3'},{'D7'},{'D4'},{'R2'},{'D2'},{'R1'},{'R3'},&,2.0,&
{'D1'},{'D5'},{'D6'},{'D3'},{'D7'},{'D4'},{'R1'},{'D2'},{'R3'},{'R2'},&,1.0,&
{'D1'},{'D5'},{'D6'},{'D3'},{'D7'},{'D4'},{'R1'},{'R2'},{'D2'},{'R3'},&,1.0,&
{'D1'},{'D5'},{'D6'},{'D3'},{'D7'},{'D2'},{'R3'},{'D4'},{'R2'},{'R1'},&,2.0,&
{'D1'},{'D5'},{'D6'},{'D3'},{'D7'},{'D2'},{'D4'},{'R1'},{'R2'},{'R3'},&,2.0,&
{'D1'},{'D5'},{'D6'},{'D3'},{'D7'},{'D2'},{'D4'},{'R1'},{'R3'},{'R2'},&,3.0,&
{'D1'},{'D5'},{'D6'},{'D3'},{'D7'},{'D2'},{'D4'},{'R2'},{'R3'},{'R1'},&,2.0,&
{'D1'},{'D5'},{'D6'},{'D3'},{'D7'},{'D2'},{'D4'},{'R2'},{'R1'},{'R3'},&,1.0,&
{'D1'},{'D5'},{'D6'},{'D3'},{'D7'},{'D2'},{'D4'},{'R3'},{'R2'},{'R1'},&,5.0,&
{'D1'},{'D5'},{'D6'},{'D3'},{'D7'},{'D2'},{'D4'},{'R3'},{'R1'},{'R2'},&,6.0,&
{'D1'},{'D5'},{'D6'},{'D3'},{'D7'},{'R2'},{'D4'},{'D2'},{'R3'},{'R1'},&,1.0,&
{'D1'},{'D5'},{'D6'},{'D3'},{'D7'},{'R3'},{'D2'},{'D4'},{'R2'},{'R1'},&,1.0,&
{'D1'},{'D5'},{'D6'},{'D3'},{'D7'},{'R3'},{'D2'},{'D4'},{'R1'},{'R2'},&,1.0,&
{'D1'},{'D5'},{'D6'},{'D3'},{'D7'},{'R3'},{'D4'},{'D2'},{'R2'},{'R1'},&,1.0,&
{'D1'},{'D5'},{'D6'},{'D3'},{'D7'},{'R3'},{'R1'},{'D4'},{'R2'},{'D2'},&,1.0,&
{'D1'},{'D5'},{'D6'},{'D3'},{'D2'},{'D4'},{'R3'},{'D7'},{'R1'},{'R2'},&,2.0,&
{'D1'},{'D5'},{'D6'},{'D3'},{'D2'},{'D4'},{'R2'},{'R3'},{'D7'},{'R1'},&,1.0,&
{'D1'},{'D5'},{'D6'},{'D3'},{'D2'},{'D4'},{'D7'},{'R1'},{'R3'},{'R2'},&,2.0,&
{'D1'},{'D5'},{'D6'},{'D3'},{'D2'},{'D4'},{'D7'},{'R2'},{'R3'},{'R1'},&,2.0,&
{'D1'},{'D5'},{'D6'},{'D3'},{'D2'},{'D4'},{'D7'},{'R3'},{'R1'},{'R2'},&,3.0,&
{'D1'},{'D5'},{'D6'},{'D3'},{'D2'},{'D7'},{'R3'},{'D4'},{'R2'},{'R1'},&,1.0,&
{'D1'},{'D5'},{'D6'},{'D3'},{'D2'},{'D7'},{'R3'},{'D4'},{'R1'},{'R2'},&,1.0,&
{'D1'},{'D5'},{'D6'},{'D3'},{'D2'},{'D7'},{'D4'},{'R1'},{'R3'},{'R2'},&,2.0,&
{'D1'},{'D5'},{'D6'},{'D3'},{'D2'},{'D7'},{'D4'},{'R2'},{'R3'},{'R1'},&,3.0,&
{'D1'},{'D5'},{'D6'},{'D3'},{'D2'},{'D7'},{'D4'},{'R2'},{'R1'},{'R3'},&,2.0,&
{'D1'},{'D5'},{'D6'},{'D3'},{'D2'},{'D7'},{'D4'},{'R3'},{'R2'},{'R1'},&,1.0,&
{'D1'},{'D5'},{'D6'},{'D3'},{'D2'},{'D7'},{'D4'},{'R3'},{'R1'},{'R2'},&,4.0,&
{'D1'},{'D5'},{'D6'},{'D3'},{'D2'},{'R2'},{'D7'},{'D4'},{'R3'},{'R1'},&,1.0,&
{'D1'},{'D5'},{'D6'},{'D3'},{'D2'},{'R3'},{'R2'},{'D4'},{'D7'},{'R1'},&,1.0,&
{'D1'},{'D5'},{'D6'},{'D3'},{'D2'},{'R3'},{'R2'},{'D7'},{'D4'},{'R1'},&,1.0,&
{'D1'},{'D5'},{'D6'},{'D3'},{'D2'},{'R3'},{'D7'},{'D4'},{'R2'},{'R1'},&,1.0,&
{'D1'},{'D5'},{'D6'},{'D3'},{'D4'},{'D7'},{'R3'},{'D2'},{'R2'},{'R1'},&,4.0,&
{'D1'},{'D5'},{'D6'},{'D3'},{'D4'},{'D7'},{'R3'},{'D2'},{'R1'},{'R2'},&,2.0,&
{'D1'},{'D5'},{'D6'},{'D3'},{'D4'},{'D7'},{'D2'},{'R1'},{'R2'},{'R3'},&,1.0,&
{'D1'},{'D5'},{'D6'},{'D3'},{'D4'},{'D7'},{'D2'},{'R1'},{'R3'},{'R2'},&,4.0,&
{'D1'},{'D5'},{'D6'},{'D3'},{'D4'},{'D7'},{'D2'},{'R2'},{'R3'},{'R1'},&,5.0,&
{'D1'},{'D5'},{'D6'},{'D3'},{'D4'},{'D7'},{'D2'},{'R2'},{'R1'},{'R3'},&,1.0,&
{'D1'},{'D5'},{'D6'},{'D3'},{'D4'},{'D7'},{'D2'},{'R3'},{'R2'},{'R1'},&,7.0,&
{'D1'},{'D5'},{'D6'},{'D3'},{'D4'},{'D7'},{'D2'},{'R3'},{'R1'},{'R2'},&,5.0,&
{'D1'},{'D5'},{'D6'},{'D3'},{'D4'},{'D7'},{'R2'},{'D2'},{'R3'},{'R1'},&,2.0,&
{'D1'},{'D5'},{'D6'},{'D3'},{'D4'},{'D7'},{'R1'},{'R3'},{'D2'},{'R2'},&,1.0,&
{'D1'},{'D5'},{'D6'},{'D3'},{'D4'},{'D2'},{'R3'},{'R2'},{'D7'},{'R1'},&,1.0,&
{'D1'},{'D5'},{'D6'},{'D3'},{'D4'},{'D2'},{'R3'},{'D7'},{'R2'},{'R1'},&,1.0,&
{'D1'},{'D5'},{'D6'},{'D3'},{'D4'},{'D2'},{'R3'},{'D7'},{'R1'},{'R2'},&,1.0,&
{'D1'},{'D5'},{'D6'},{'D3'},{'D4'},{'D2'},{'R2'},{'D7'},{'R3'},{'R1'},&,1.0,&
{'D1'},{'D5'},{'D6'},{'D3'},{'D4'},{'D2'},{'D7'},{'R1'},{'R3'},{'R2'},&,3.0,&
{'D1'},{'D5'},{'D6'},{'D3'},{'D4'},{'D2'},{'D7'},{'R3'},{'R2'},{'R1'},&,5.0,&
{'D1'},{'D5'},{'D6'},{'D3'},{'D4'},{'D2'},{'D7'},{'R3'},{'R1'},{'R2'},&,1.0,&
{'D1'},{'D5'},{'D6'},{'D3'},{'D4'},{'R2'},{'D7'},{'R1'},{'D2'},{'R3'},&,1.0,&
{'D1'},{'D5'},{'D6'},{'D3'},{'D4'},{'R2'},{'R1'},{'D7'},{'D2'},{'R3'},&,1.0,&
{'D1'},{'D5'},{'D6'},{'D3'},{'D4'},{'R1'},{'D2'},{'D7'},{'R3'},{'R2'},&,1.0,&
{'D1'},{'D5'},{'D6'},{'D3'},{'D4'},{'R3'},{'D7'},{'D2'},{'R2'},{'R1'},&,1.0,&
{'D1'},{'D5'},{'D6'},{'D3'},{'D4'},{'R3'},{'D7'},{'D2'},{'R1'},{'R2'},&,2.0,&
{'D1'},{'D5'},{'D6'},{'D4'},{'D7'},{'D2'},{'R3'},{'D3'},{'R2'},{'R1'},&,1.0,&
{'D1'},{'D5'},{'D6'},{'D4'},{'D7'},{'D2'},{'R3'},{'D3'},{'R1'},{'R2'},&,1.0,&
{'D1'},{'D5'},{'D6'},{'D4'},{'D7'},{'D2'},{'D3'},{'R2'},{'R3'},{'R1'},&,1.0,&
{'D1'},{'D5'},{'D6'},{'D4'},{'D7'},{'D2'},{'D3'},{'R3'},{'R1'},{'R2'},&,1.0,&
{'D1'},{'D5'},{'D6'},{'D4'},{'D7'},{'D2'},{'R1'},{'D3'},{'R2'},{'R3'},&,1.0,&
{'D1'},{'D5'},{'D6'},{'D4'},{'D7'},{'D3'},{'R3'},{'D2'},{'R2'},{'R1'},&,1.0,&
{'D1'},{'D5'},{'D6'},{'D4'},{'D7'},{'D3'},{'R3'},{'D2'},{'R1'},{'R2'},&,1.0,&
{'D1'},{'D5'},{'D6'},{'D4'},{'D7'},{'D3'},{'R3'},{'R1'},{'D2'},{'R2'},&,1.0,&
{'D1'},{'D5'},{'D6'},{'D4'},{'D7'},{'D3'},{'D2'},{'R1'},{'R2'},{'R3'},&,1.0,&
{'D1'},{'D5'},{'D6'},{'D4'},{'D7'},{'D3'},{'D2'},{'R1'},{'R3'},{'R2'},&,4.0,&
{'D1'},{'D5'},{'D6'},{'D4'},{'D7'},{'D3'},{'D2'},{'R2'},{'R3'},{'R1'},&,1.0,&
{'D1'},{'D5'},{'D6'},{'D4'},{'D7'},{'D3'},{'D2'},{'R3'},{'R2'},{'R1'},&,6.0,&
{'D1'},{'D5'},{'D6'},{'D4'},{'D7'},{'D3'},{'D2'},{'R3'},{'R1'},{'R2'},&,1.0,&
{'D1'},{'D5'},{'D6'},{'D4'},{'D7'},{'D3'},{'R2'},{'R3'},{'D2'},{'R1'},&,1.0,&
{'D1'},{'D5'},{'D6'},{'D4'},{'D7'},{'D3'},{'R1'},{'D2'},{'R3'},{'R2'},&,1.0,&
{'D1'},{'D5'},{'D6'},{'D4'},{'D7'},{'R1'},{'D2'},{'D3'},{'R3'},{'R2'},&,1.0,&
{'D1'},{'D5'},{'D6'},{'D4'},{'D7'},{'R1'},{'D3'},{'D2'},{'R3'},{'R2'},&,1.0,&
{'D1'},{'D5'},{'D6'},{'D4'},{'D7'},{'R3'},{'D3'},{'D2'},{'R2'},{'R1'},&,1.0,&
{'D1'},{'D5'},{'D6'},{'D4'},{'D7'},{'R3'},{'D3'},{'D2'},{'R1'},{'R2'},&,1.0,&
{'D1'},{'D5'},{'D6'},{'D4'},{'D2'},{'D7'},{'R2'},{'R1'},{'D3'},{'R3'},&,1.0,&
{'D1'},{'D5'},{'D6'},{'D4'},{'D2'},{'D7'},{'D3'},{'R2'},{'R3'},{'R1'},&,1.0,&
{'D1'},{'D5'},{'D6'},{'D4'},{'D2'},{'D7'},{'D3'},{'R3'},{'R2'},{'R1'},&,2.0,&
{'D1'},{'D5'},{'D6'},{'D4'},{'D2'},{'D3'},{'R3'},{'D7'},{'R2'},{'R1'},&,1.0,&
{'D1'},{'D5'},{'D6'},{'D4'},{'D2'},{'D3'},{'R3'},{'D7'},{'R1'},{'R2'},&,2.0,&
{'D1'},{'D5'},{'D6'},{'D4'},{'D2'},{'D3'},{'D7'},{'R1'},{'R2'},{'R3'},&,1.0,&
{'D1'},{'D5'},{'D6'},{'D4'},{'D2'},{'D3'},{'D7'},{'R1'},{'R3'},{'R2'},&,1.0,&
{'D1'},{'D5'},{'D6'},{'D4'},{'D2'},{'D3'},{'D7'},{'R3'},{'R1'},{'R2'},&,5.0,&
{'D1'},{'D5'},{'D6'},{'D4'},{'D2'},{'R3'},{'D7'},{'D3'},{'R2'},{'R1'},&,1.0,&
{'D1'},{'D5'},{'D6'},{'D4'},{'D3'},{'D7'},{'R3'},{'D2'},{'R2'},{'R1'},&,1.0,&
{'D1'},{'D5'},{'D6'},{'D4'},{'D3'},{'D7'},{'R3'},{'D2'},{'R1'},{'R2'},&,3.0,&
{'D1'},{'D5'},{'D6'},{'D4'},{'D3'},{'D7'},{'D2'},{'R1'},{'R2'},{'R3'},&,1.0,&
{'D1'},{'D5'},{'D6'},{'D4'},{'D3'},{'D7'},{'D2'},{'R1'},{'R3'},{'R2'},&,8.0,&
{'D1'},{'D5'},{'D6'},{'D4'},{'D3'},{'D7'},{'D2'},{'R2'},{'R3'},{'R1'},&,1.0,&
{'D1'},{'D5'},{'D6'},{'D4'},{'D3'},{'D7'},{'D2'},{'R2'},{'R1'},{'R3'},&,1.0,&
{'D1'},{'D5'},{'D6'},{'D4'},{'D3'},{'D7'},{'D2'},{'R3'},{'R2'},{'R1'},&,3.0,&
{'D1'},{'D5'},{'D6'},{'D4'},{'D3'},{'D7'},{'D2'},{'R3'},{'R1'},{'R2'},&,8.0,&
{'D1'},{'D5'},{'D6'},{'D4'},{'D3'},{'D7'},{'R2'},{'D2'},{'R3'},{'R1'},&,1.0,&
{'D1'},{'D5'},{'D6'},{'D4'},{'D3'},{'D2'},{'D7'},{'R1'},{'R2'},{'R3'},&,1.0,&
{'D1'},{'D5'},{'D6'},{'D4'},{'D3'},{'D2'},{'D7'},{'R1'},{'R3'},{'R2'},&,2.0,&
{'D1'},{'D5'},{'D6'},{'D4'},{'D3'},{'D2'},{'D7'},{'R2'},{'R3'},{'R1'},&,3.0,&
{'D1'},{'D5'},{'D6'},{'D4'},{'D3'},{'D2'},{'D7'},{'R3'},{'R2'},{'R1'},&,4.0,&
{'D1'},{'D5'},{'D6'},{'D4'},{'D3'},{'D2'},{'D7'},{'R3'},{'R1'},{'R2'},&,1.0,&
{'D1'},{'D5'},{'D6'},{'D4'},{'D3'},{'D2'},{'R1'},{'D7'},{'R3'},{'R2'},&,1.0,&
{'D1'},{'D5'},{'D6'},{'D4'},{'D3'},{'R3'},{'D2'},{'R2'},{'D7'},{'R1'},&,1.0,&
{'D1'},{'D5'},{'D6'},{'D4'},{'R3'},{'D3'},{'D2'},{'D7'},{'R1'},{'R2'},&,1.0,&
{'D1'},{'D5'},{'D6'},{'R3'},{'D7'},{'D3'},{'D2'},{'D4'},{'R2'},{'R1'},&,1.0,&
{'D1'},{'D5'},{'D7'},{'D2'},{'D3'},{'D6'},{'D4'},{'R2'},{'R3'},{'R1'},&,1.0,&
{'D1'},{'D5'},{'D7'},{'D2'},{'D3'},{'D6'},{'D4'},{'R3'},{'R2'},{'R1'},&,1.0,&
{'D1'},{'D5'},{'D7'},{'D2'},{'D3'},{'D6'},{'D4'},{'R3'},{'R1'},{'R2'},&,1.0,&
{'D1'},{'D5'},{'D7'},{'D2'},{'D3'},{'D4'},{'D6'},{'R1'},{'R3'},{'R2'},&,1.0,&
{'D1'},{'D5'},{'D7'},{'D2'},{'D3'},{'D4'},{'D6'},{'R2'},{'R3'},{'R1'},&,1.0,&
{'D1'},{'D5'},{'D7'},{'D2'},{'D3'},{'D4'},{'D6'},{'R2'},{'R1'},{'R3'},&,1.0,&
{'D1'},{'D5'},{'D7'},{'D2'},{'D3'},{'D4'},{'D6'},{'R3'},{'R1'},{'R2'},&,2.0,&
{'D1'},{'D5'},{'D7'},{'D2'},{'D6'},{'D4'},{'D3'},{'R1'},{'R2'},{'R3'},&,1.0,&
{'D1'},{'D5'},{'D7'},{'D2'},{'D6'},{'D4'},{'D3'},{'R2'},{'R3'},{'R1'},&,1.0,&
{'D1'},{'D5'},{'D7'},{'D2'},{'D6'},{'D4'},{'D3'},{'R3'},{'R1'},{'R2'},&,1.0,&
{'D1'},{'D5'},{'D7'},{'D2'},{'D6'},{'D3'},{'R3'},{'D4'},{'R1'},{'R2'},&,1.0,&
{'D1'},{'D5'},{'D7'},{'D2'},{'D6'},{'D3'},{'D4'},{'R1'},{'R2'},{'R3'},&,1.0,&
{'D1'},{'D5'},{'D7'},{'D2'},{'D6'},{'D3'},{'D4'},{'R3'},{'R2'},{'R1'},&,1.0,&
{'D1'},{'D5'},{'D7'},{'D2'},{'D6'},{'R1'},{'D4'},{'D3'},{'R3'},{'R2'},&,1.0,&
{'D1'},{'D5'},{'D7'},{'D2'},{'D4'},{'D6'},{'D3'},{'R1'},{'R3'},{'R2'},&,2.0,&
{'D1'},{'D5'},{'D7'},{'D2'},{'R3'},{'D3'},{'D6'},{'D4'},{'R2'},{'R1'},&,1.0,&
{'D1'},{'D5'},{'D7'},{'D3'},{'D2'},{'D6'},{'R3'},{'D4'},{'R1'},{'R2'},&,1.0,&
{'D1'},{'D5'},{'D7'},{'D3'},{'D2'},{'D6'},{'D4'},{'R1'},{'R2'},{'R3'},&,2.0,&
{'D1'},{'D5'},{'D7'},{'D3'},{'D2'},{'D6'},{'D4'},{'R2'},{'R1'},{'R3'},&,2.0,&
{'D1'},{'D5'},{'D7'},{'D3'},{'D2'},{'D6'},{'D4'},{'R3'},{'R1'},{'R2'},&,1.0,&
{'D1'},{'D5'},{'D7'},{'D3'},{'D2'},{'D6'},{'R1'},{'R2'},{'D4'},{'R3'},&,1.0,&
{'D1'},{'D5'},{'D7'},{'D3'},{'D2'},{'D4'},{'R3'},{'D6'},{'R2'},{'R1'},&,1.0,&
{'D1'},{'D5'},{'D7'},{'D3'},{'D2'},{'D4'},{'R3'},{'D6'},{'R1'},{'R2'},&,1.0,&
{'D1'},{'D5'},{'D7'},{'D3'},{'D2'},{'D4'},{'D6'},{'R1'},{'R2'},{'R3'},&,1.0,&
{'D1'},{'D5'},{'D7'},{'D3'},{'D2'},{'D4'},{'D6'},{'R1'},{'R3'},{'R2'},&,1.0,&
{'D1'},{'D5'},{'D7'},{'D3'},{'D6'},{'D4'},{'R3'},{'D2'},{'R1'},{'R2'},&,3.0,&
{'D1'},{'D5'},{'D7'},{'D3'},{'D6'},{'D4'},{'D2'},{'R1'},{'R3'},{'R2'},&,1.0,&
{'D1'},{'D5'},{'D7'},{'D3'},{'D6'},{'D4'},{'D2'},{'R2'},{'R3'},{'R1'},&,1.0,&
{'D1'},{'D5'},{'D7'},{'D3'},{'D6'},{'D4'},{'D2'},{'R2'},{'R1'},{'R3'},&,1.0,&
{'D1'},{'D5'},{'D7'},{'D3'},{'D6'},{'D4'},{'D2'},{'R3'},{'R2'},{'R1'},&,7.0,&
{'D1'},{'D5'},{'D7'},{'D3'},{'D6'},{'D4'},{'D2'},{'R3'},{'R1'},{'R2'},&,4.0,&
{'D1'},{'D5'},{'D7'},{'D3'},{'D6'},{'D4'},{'R2'},{'D2'},{'R3'},{'R1'},&,1.0,&
{'D1'},{'D5'},{'D7'},{'D3'},{'D6'},{'D4'},{'R2'},{'D2'},{'R1'},{'R3'},&,1.0,&
{'D1'},{'D5'},{'D7'},{'D3'},{'D6'},{'D4'},{'R2'},{'R1'},{'D2'},{'R3'},&,1.0,&
{'D1'},{'D5'},{'D7'},{'D3'},{'D6'},{'D4'},{'R1'},{'D2'},{'R2'},{'R3'},&,1.0,&
{'D1'},{'D5'},{'D7'},{'D3'},{'D6'},{'D4'},{'R1'},{'D2'},{'R3'},{'R2'},&,2.0,&
{'D1'},{'D5'},{'D7'},{'D3'},{'D6'},{'D2'},{'R3'},{'R1'},{'D4'},{'R2'},&,1.0,&
{'D1'},{'D5'},{'D7'},{'D3'},{'D6'},{'D2'},{'R3'},{'D4'},{'R2'},{'R1'},&,1.0,&
{'D1'},{'D5'},{'D7'},{'D3'},{'D6'},{'D2'},{'R3'},{'D4'},{'R1'},{'R2'},&,2.0,&
{'D1'},{'D5'},{'D7'},{'D3'},{'D6'},{'D2'},{'D4'},{'R1'},{'R2'},{'R3'},&,2.0,&
{'D1'},{'D5'},{'D7'},{'D3'},{'D6'},{'D2'},{'D4'},{'R1'},{'R3'},{'R2'},&,1.0,&
{'D1'},{'D5'},{'D7'},{'D3'},{'D6'},{'D2'},{'D4'},{'R2'},{'R3'},{'R1'},&,1.0,&
{'D1'},{'D5'},{'D7'},{'D3'},{'D6'},{'D2'},{'D4'},{'R3'},{'R2'},{'R1'},&,3.0,&
{'D1'},{'D5'},{'D7'},{'D3'},{'D6'},{'D2'},{'D4'},{'R3'},{'R1'},{'R2'},&,3.0,&
{'D1'},{'D5'},{'D7'},{'D3'},{'D6'},{'D2'},{'R1'},{'R3'},{'D4'},{'R2'},&,1.0,&
{'D1'},{'D5'},{'D7'},{'D3'},{'D6'},{'D2'},{'R1'},{'D4'},{'R3'},{'R2'},&,2.0,&
{'D1'},{'D5'},{'D7'},{'D3'},{'D6'},{'R1'},{'D2'},{'D4'},{'R3'},{'R2'},&,1.0,&
{'D1'},{'D5'},{'D7'},{'D3'},{'D6'},{'R1'},{'D4'},{'D2'},{'R2'},{'R3'},&,1.0,&
{'D1'},{'D5'},{'D7'},{'D3'},{'D6'},{'R3'},{'D2'},{'D4'},{'R1'},{'R2'},&,1.0,&
{'D1'},{'D5'},{'D7'},{'D3'},{'D6'},{'R3'},{'D4'},{'D2'},{'R2'},{'R1'},&,1.0,&
{'D1'},{'D5'},{'D7'},{'D3'},{'D4'},{'D6'},{'D2'},{'R1'},{'R3'},{'R2'},&,1.0,&
{'D1'},{'D5'},{'D7'},{'D3'},{'D4'},{'D6'},{'D2'},{'R2'},{'R3'},{'R1'},&,3.0,&
{'D1'},{'D5'},{'D7'},{'D3'},{'D4'},{'D6'},{'D2'},{'R3'},{'R2'},{'R1'},&,4.0,&
{'D1'},{'D5'},{'D7'},{'D3'},{'D4'},{'D6'},{'D2'},{'R3'},{'R1'},{'R2'},&,2.0,&
{'D1'},{'D5'},{'D7'},{'D3'},{'D4'},{'D6'},{'R1'},{'D2'},{'R3'},{'R2'},&,1.0,&
{'D1'},{'D5'},{'D7'},{'D3'},{'D4'},{'D2'},{'D6'},{'R3'},{'R1'},{'R2'},&,1.0,&
{'D1'},{'D5'},{'D7'},{'D3'},{'R3'},{'D6'},{'D2'},{'D4'},{'R1'},{'R2'},&,1.0,&
{'D1'},{'D5'},{'D7'},{'D6'},{'D2'},{'D4'},{'D3'},{'R1'},{'R3'},{'R2'},&,1.0,&
{'D1'},{'D5'},{'D7'},{'D6'},{'D2'},{'D4'},{'D3'},{'R2'},{'R1'},{'R3'},&,1.0,&
{'D1'},{'D5'},{'D7'},{'D6'},{'D2'},{'D4'},{'D3'},{'R3'},{'R2'},{'R1'},&,2.0,&
{'D1'},{'D5'},{'D7'},{'D6'},{'D2'},{'D3'},{'R3'},{'R1'},{'D4'},{'R2'},&,1.0,&
{'D1'},{'D5'},{'D7'},{'D6'},{'D2'},{'D3'},{'D4'},{'R1'},{'R2'},{'R3'},&,1.0,&
{'D1'},{'D5'},{'D7'},{'D6'},{'D2'},{'D3'},{'D4'},{'R1'},{'R3'},{'R2'},&,1.0,&
{'D1'},{'D5'},{'D7'},{'D6'},{'D2'},{'D3'},{'D4'},{'R2'},{'R3'},{'R1'},&,1.0,&
{'D1'},{'D5'},{'D7'},{'D6'},{'D2'},{'D3'},{'D4'},{'R3'},{'R2'},{'R1'},&,2.0,&
{'D1'},{'D5'},{'D7'},{'D6'},{'D2'},{'D3'},{'R2'},{'D4'},{'R3'},{'R1'},&,1.0,&
{'D1'},{'D5'},{'D7'},{'D6'},{'D2'},{'D3'},{'R1'},{'D4'},{'R3'},{'R2'},&,1.0,&
{'D1'},{'D5'},{'D7'},{'D6'},{'D3'},{'D4'},{'R3'},{'D2'},{'R2'},{'R1'},&,1.0,&
{'D1'},{'D5'},{'D7'},{'D6'},{'D3'},{'D4'},{'R3'},{'D2'},{'R1'},{'R2'},&,1.0,&
{'D1'},{'D5'},{'D7'},{'D6'},{'D3'},{'D4'},{'D2'},{'R1'},{'R2'},{'R3'},&,1.0,&
{'D1'},{'D5'},{'D7'},{'D6'},{'D3'},{'D4'},{'D2'},{'R1'},{'R3'},{'R2'},&,4.0,&
{'D1'},{'D5'},{'D7'},{'D6'},{'D3'},{'D4'},{'D2'},{'R3'},{'R2'},{'R1'},&,5.0,&
{'D1'},{'D5'},{'D7'},{'D6'},{'D3'},{'D4'},{'D2'},{'R3'},{'R1'},{'R2'},&,2.0,&
{'D1'},{'D5'},{'D7'},{'D6'},{'D3'},{'D4'},{'R2'},{'D2'},{'R3'},{'R1'},&,1.0,&
{'D1'},{'D5'},{'D7'},{'D6'},{'D3'},{'D4'},{'R2'},{'R1'},{'D2'},{'R3'},&,1.0,&
{'D1'},{'D5'},{'D7'},{'D6'},{'D3'},{'D2'},{'D4'},{'R1'},{'R2'},{'R3'},&,1.0,&
{'D1'},{'D5'},{'D7'},{'D6'},{'D3'},{'D2'},{'D4'},{'R1'},{'R3'},{'R2'},&,3.0,&
{'D1'},{'D5'},{'D7'},{'D6'},{'D3'},{'D2'},{'D4'},{'R2'},{'R3'},{'R1'},&,3.0,&
{'D1'},{'D5'},{'D7'},{'D6'},{'D3'},{'D2'},{'D4'},{'R3'},{'R2'},{'R1'},&,6.0,&
{'D1'},{'D5'},{'D7'},{'D6'},{'D3'},{'D2'},{'D4'},{'R3'},{'R1'},{'R2'},&,8.0,&
{'D1'},{'D5'},{'D7'},{'D6'},{'D3'},{'D2'},{'R2'},{'R3'},{'R1'},{'D4'},&,1.0,&
{'D1'},{'D5'},{'D7'},{'D6'},{'D3'},{'D2'},{'R2'},{'R3'},{'D4'},{'R1'},&,1.0,&
{'D1'},{'D5'},{'D7'},{'D6'},{'D3'},{'D2'},{'R2'},{'D4'},{'R3'},{'R1'},&,1.0,&
{'D1'},{'D5'},{'D7'},{'D6'},{'D3'},{'R2'},{'D4'},{'D2'},{'R3'},{'R1'},&,1.0,&
{'D1'},{'D5'},{'D7'},{'D6'},{'D3'},{'R3'},{'D2'},{'D4'},{'R1'},{'R2'},&,1.0,&
{'D1'},{'D5'},{'D7'},{'D6'},{'D4'},{'D2'},{'R3'},{'D3'},{'R1'},{'R2'},&,1.0,&
{'D1'},{'D5'},{'D7'},{'D6'},{'D4'},{'D2'},{'R2'},{'D3'},{'R3'},{'R1'},&,1.0,&
{'D1'},{'D5'},{'D7'},{'D6'},{'D4'},{'D3'},{'R3'},{'D2'},{'R1'},{'R2'},&,1.0,&
{'D1'},{'D5'},{'D7'},{'D6'},{'D4'},{'D3'},{'R3'},{'R2'},{'D2'},{'R1'},&,1.0,&
{'D1'},{'D5'},{'D7'},{'D6'},{'D4'},{'D3'},{'D2'},{'R1'},{'R3'},{'R2'},&,6.0,&
{'D1'},{'D5'},{'D7'},{'D6'},{'D4'},{'D3'},{'D2'},{'R2'},{'R3'},{'R1'},&,1.0,&
{'D1'},{'D5'},{'D7'},{'D6'},{'D4'},{'D3'},{'D2'},{'R3'},{'R2'},{'R1'},&,3.0,&
{'D1'},{'D5'},{'D7'},{'D6'},{'D4'},{'D3'},{'D2'},{'R3'},{'R1'},{'R2'},&,1.0,&
{'D1'},{'D5'},{'D7'},{'D6'},{'D4'},{'D3'},{'R1'},{'D2'},{'R3'},{'R2'},&,1.0,&
{'D1'},{'D5'},{'D7'},{'D6'},{'D4'},{'R1'},{'D2'},{'D3'},{'R3'},{'R2'},&,1.0,&
{'D1'},{'D5'},{'D7'},{'D6'},{'D4'},{'R1'},{'D3'},{'D2'},{'R2'},{'R3'},&,1.0,&
{'D1'},{'D5'},{'D7'},{'D6'},{'R1'},{'D3'},{'D4'},{'R2'},{'D2'},{'R3'},&,1.0,&
{'D1'},{'D5'},{'D7'},{'D4'},{'D2'},{'D6'},{'R1'},{'D3'},{'R3'},{'R2'},&,1.0,&
{'D1'},{'D5'},{'D7'},{'D4'},{'D2'},{'D3'},{'D6'},{'R3'},{'R2'},{'R1'},&,1.0,&
{'D1'},{'D5'},{'D7'},{'D4'},{'D2'},{'R1'},{'D6'},{'R2'},{'D3'},{'R3'},&,1.0,&
{'D1'},{'D5'},{'D7'},{'D4'},{'D3'},{'D6'},{'R3'},{'D2'},{'R1'},{'R2'},&,1.0,&
{'D1'},{'D5'},{'D7'},{'D4'},{'D3'},{'D6'},{'D2'},{'R1'},{'R2'},{'R3'},&,1.0,&
{'D1'},{'D5'},{'D7'},{'D4'},{'D3'},{'D6'},{'D2'},{'R1'},{'R3'},{'R2'},&,1.0,&
{'D1'},{'D5'},{'D7'},{'D4'},{'D3'},{'D6'},{'D2'},{'R3'},{'R2'},{'R1'},&,2.0,&
{'D1'},{'D5'},{'D7'},{'D4'},{'D3'},{'D6'},{'D2'},{'R3'},{'R1'},{'R2'},&,1.0,&
{'D1'},{'D5'},{'D7'},{'D4'},{'D3'},{'D6'},{'R2'},{'D2'},{'R3'},{'R1'},&,1.0,&
{'D1'},{'D5'},{'D7'},{'D4'},{'D3'},{'D6'},{'R1'},{'D2'},{'R3'},{'R2'},&,1.0,&
{'D1'},{'D5'},{'D7'},{'D4'},{'D3'},{'D2'},{'D6'},{'R2'},{'R3'},{'R1'},&,1.0,&
{'D1'},{'D5'},{'D7'},{'D4'},{'D3'},{'D2'},{'D6'},{'R3'},{'R2'},{'R1'},&,3.0,&
{'D1'},{'D5'},{'D7'},{'D4'},{'D6'},{'D2'},{'R3'},{'D3'},{'R2'},{'R1'},&,1.0,&
{'D1'},{'D5'},{'D7'},{'D4'},{'D6'},{'D2'},{'D3'},{'R1'},{'R3'},{'R2'},&,1.0,&
{'D1'},{'D5'},{'D7'},{'D4'},{'D6'},{'D2'},{'D3'},{'R3'},{'R2'},{'R1'},&,1.0,&
{'D1'},{'D5'},{'D7'},{'D4'},{'D6'},{'D2'},{'D3'},{'R3'},{'R1'},{'R2'},&,1.0,&
{'D1'},{'D5'},{'D7'},{'D4'},{'D6'},{'D3'},{'D2'},{'R1'},{'R3'},{'R2'},&,2.0,&
{'D1'},{'D5'},{'D7'},{'D4'},{'D6'},{'D3'},{'D2'},{'R2'},{'R3'},{'R1'},&,2.0,&
{'D1'},{'D5'},{'D7'},{'D4'},{'D6'},{'D3'},{'D2'},{'R2'},{'R1'},{'R3'},&,1.0,&
{'D1'},{'D5'},{'D7'},{'D4'},{'D6'},{'D3'},{'D2'},{'R3'},{'R1'},{'R2'},&,2.0,&
{'D1'},{'D5'},{'D7'},{'D4'},{'D6'},{'D3'},{'R2'},{'D2'},{'R3'},{'R1'},&,1.0,&
{'D1'},{'D5'},{'D7'},{'D4'},{'D6'},{'D3'},{'R1'},{'D2'},{'R3'},{'R2'},&,1.0,&
{'D1'},{'D5'},{'D7'},{'R3'},{'D4'},{'D6'},{'D3'},{'D2'},{'R1'},{'R2'},&,1.0,&
{'D1'},{'D5'},{'D2'},{'D7'},{'D3'},{'D6'},{'R3'},{'D4'},{'R1'},{'R2'},&,1.0,&
{'D1'},{'D5'},{'D2'},{'D7'},{'D3'},{'D6'},{'D4'},{'R2'},{'R3'},{'R1'},&,2.0,&
{'D1'},{'D5'},{'D2'},{'D7'},{'D3'},{'D6'},{'D4'},{'R2'},{'R1'},{'R3'},&,1.0,&
{'D1'},{'D5'},{'D2'},{'D7'},{'D3'},{'D6'},{'R1'},{'R3'},{'D4'},{'R2'},&,1.0,&
{'D1'},{'D5'},{'D2'},{'D7'},{'D3'},{'D4'},{'D6'},{'R1'},{'R2'},{'R3'},&,1.0,&
{'D1'},{'D5'},{'D2'},{'D7'},{'D6'},{'D4'},{'D3'},{'R1'},{'R3'},{'R2'},&,2.0,&
{'D1'},{'D5'},{'D2'},{'D7'},{'D6'},{'D3'},{'R3'},{'D4'},{'R2'},{'R1'},&,1.0,&
{'D1'},{'D5'},{'D2'},{'D7'},{'D6'},{'D3'},{'R3'},{'D4'},{'R1'},{'R2'},&,1.0,&
{'D1'},{'D5'},{'D2'},{'D7'},{'D6'},{'D3'},{'R2'},{'D4'},{'R3'},{'R1'},&,1.0,&
{'D1'},{'D5'},{'D2'},{'D7'},{'D6'},{'R2'},{'D3'},{'D4'},{'R3'},{'R1'},&,1.0,&
{'D1'},{'D5'},{'D2'},{'D7'},{'D4'},{'D6'},{'D3'},{'R1'},{'R3'},{'R2'},&,1.0,&
{'D1'},{'D5'},{'D2'},{'D7'},{'D4'},{'D6'},{'D3'},{'R3'},{'R1'},{'R2'},&,1.0,&
{'D1'},{'D5'},{'D2'},{'D7'},{'D4'},{'D3'},{'D6'},{'R2'},{'R3'},{'R1'},&,1.0,&
{'D1'},{'D5'},{'D2'},{'D7'},{'D4'},{'D3'},{'D6'},{'R2'},{'R1'},{'R3'},&,1.0,&
{'D1'},{'D5'},{'D2'},{'D3'},{'D7'},{'D6'},{'D4'},{'R3'},{'R2'},{'R1'},&,1.0,&
{'D1'},{'D5'},{'D2'},{'D3'},{'D7'},{'D6'},{'D4'},{'R3'},{'R1'},{'R2'},&,1.0,&
{'D1'},{'D5'},{'D2'},{'D3'},{'D7'},{'D4'},{'R2'},{'D6'},{'R1'},{'R3'},&,1.0,&
{'D1'},{'D5'},{'D2'},{'D3'},{'D7'},{'D4'},{'D6'},{'R1'},{'R3'},{'R2'},&,2.0,&
{'D1'},{'D5'},{'D2'},{'D3'},{'D7'},{'D4'},{'D6'},{'R3'},{'R1'},{'R2'},&,1.0,&
{'D1'},{'D5'},{'D2'},{'D3'},{'D7'},{'R3'},{'D6'},{'D4'},{'R2'},{'R1'},&,1.0,&
{'D1'},{'D5'},{'D2'},{'D3'},{'D6'},{'D4'},{'D7'},{'R1'},{'R2'},{'R3'},&,1.0,&
{'D1'},{'D5'},{'D2'},{'D3'},{'D6'},{'D4'},{'D7'},{'R2'},{'R3'},{'R1'},&,1.0,&
{'D1'},{'D5'},{'D2'},{'D3'},{'D6'},{'D4'},{'D7'},{'R3'},{'R2'},{'R1'},&,1.0,&
{'D1'},{'D5'},{'D2'},{'D3'},{'D6'},{'D4'},{'D7'},{'R3'},{'R1'},{'R2'},&,3.0,&
{'D1'},{'D5'},{'D2'},{'D3'},{'D6'},{'D4'},{'R1'},{'D7'},{'R3'},{'R2'},&,1.0,&
{'D1'},{'D5'},{'D2'},{'D3'},{'D6'},{'D7'},{'R3'},{'R1'},{'D4'},{'R2'},&,1.0,&
{'D1'},{'D5'},{'D2'},{'D3'},{'D6'},{'D7'},{'R3'},{'D4'},{'R1'},{'R2'},&,2.0,&
{'D1'},{'D5'},{'D2'},{'D3'},{'D6'},{'D7'},{'D4'},{'R1'},{'R2'},{'R3'},&,1.0,&
{'D1'},{'D5'},{'D2'},{'D3'},{'D6'},{'D7'},{'D4'},{'R1'},{'R3'},{'R2'},&,2.0,&
{'D1'},{'D5'},{'D2'},{'D3'},{'D6'},{'D7'},{'D4'},{'R3'},{'R1'},{'R2'},&,1.0,&
{'D1'},{'D5'},{'D2'},{'D3'},{'D6'},{'D7'},{'R1'},{'R2'},{'D4'},{'R3'},&,1.0,&
{'D1'},{'D5'},{'D2'},{'D3'},{'D6'},{'R3'},{'D4'},{'D7'},{'R1'},{'R2'},&,1.0,&
{'D1'},{'D5'},{'D2'},{'D3'},{'D4'},{'D6'},{'R3'},{'D7'},{'R1'},{'R2'},&,1.0,&
{'D1'},{'D5'},{'D2'},{'D3'},{'D4'},{'D6'},{'D7'},{'R1'},{'R2'},{'R3'},&,1.0,&
{'D1'},{'D5'},{'D2'},{'D3'},{'D4'},{'D6'},{'D7'},{'R2'},{'R3'},{'R1'},&,2.0,&
{'D1'},{'D5'},{'D2'},{'D3'},{'D4'},{'D6'},{'D7'},{'R3'},{'R2'},{'R1'},&,1.0,&
{'D1'},{'D5'},{'D2'},{'D3'},{'D4'},{'D6'},{'D7'},{'R3'},{'R1'},{'R2'},&,2.0,&
{'D1'},{'D5'},{'D2'},{'D3'},{'D4'},{'D7'},{'D6'},{'R3'},{'R2'},{'R1'},&,1.0,&
{'D1'},{'D5'},{'D2'},{'D3'},{'D4'},{'D7'},{'D6'},{'R3'},{'R1'},{'R2'},&,1.0,&
{'D1'},{'D5'},{'D2'},{'D3'},{'R2'},{'D6'},{'D7'},{'D4'},{'R1'},{'R3'},&,1.0,&
{'D1'},{'D5'},{'D2'},{'D6'},{'D7'},{'D4'},{'D3'},{'R3'},{'R1'},{'R2'},&,1.0,&
{'D1'},{'D5'},{'D2'},{'D6'},{'D7'},{'D3'},{'R3'},{'R1'},{'D4'},{'R2'},&,1.0,&
{'D1'},{'D5'},{'D2'},{'D6'},{'D7'},{'D3'},{'D4'},{'R1'},{'R3'},{'R2'},&,1.0,&
{'D1'},{'D5'},{'D2'},{'D6'},{'D7'},{'D3'},{'D4'},{'R2'},{'R3'},{'R1'},&,1.0,&
{'D1'},{'D5'},{'D2'},{'D6'},{'D7'},{'D3'},{'D4'},{'R2'},{'R1'},{'R3'},&,1.0,&
{'D1'},{'D5'},{'D2'},{'D6'},{'D7'},{'D3'},{'D4'},{'R3'},{'R1'},{'R2'},&,3.0,&
{'D1'},{'D5'},{'D2'},{'D6'},{'D3'},{'D4'},{'D7'},{'R1'},{'R3'},{'R2'},&,3.0,&
{'D1'},{'D5'},{'D2'},{'D6'},{'D3'},{'D4'},{'D7'},{'R2'},{'R3'},{'R1'},&,1.0,&
{'D1'},{'D5'},{'D2'},{'D6'},{'D3'},{'D4'},{'D7'},{'R3'},{'R2'},{'R1'},&,1.0,&
{'D1'},{'D5'},{'D2'},{'D6'},{'D3'},{'D4'},{'D7'},{'R3'},{'R1'},{'R2'},&,2.0,&
{'D1'},{'D5'},{'D2'},{'D6'},{'D3'},{'D7'},{'D4'},{'R1'},{'R2'},{'R3'},&,1.0,&
{'D1'},{'D5'},{'D2'},{'D6'},{'D3'},{'D7'},{'D4'},{'R1'},{'R3'},{'R2'},&,1.0,&
{'D1'},{'D5'},{'D2'},{'D6'},{'D3'},{'D7'},{'D4'},{'R3'},{'R2'},{'R1'},&,3.0,&
{'D1'},{'D5'},{'D2'},{'D6'},{'D3'},{'D7'},{'D4'},{'R3'},{'R1'},{'R2'},&,2.0,&
{'D1'},{'D5'},{'D2'},{'D6'},{'D4'},{'D7'},{'D3'},{'R2'},{'R1'},{'R3'},&,1.0,&
{'D1'},{'D5'},{'D2'},{'D6'},{'D4'},{'D7'},{'D3'},{'R3'},{'R2'},{'R1'},&,3.0,&
{'D1'},{'D5'},{'D2'},{'D6'},{'D4'},{'D7'},{'D3'},{'R3'},{'R1'},{'R2'},&,1.0,&
{'D1'},{'D5'},{'D2'},{'D6'},{'D4'},{'D7'},{'R1'},{'D3'},{'R3'},{'R2'},&,1.0,&
{'D1'},{'D5'},{'D2'},{'D6'},{'D4'},{'D3'},{'D7'},{'R1'},{'R3'},{'R2'},&,1.0,&
{'D1'},{'D5'},{'D2'},{'D6'},{'D4'},{'D3'},{'D7'},{'R2'},{'R3'},{'R1'},&,1.0,&
{'D1'},{'D5'},{'D2'},{'D6'},{'D4'},{'D3'},{'D7'},{'R3'},{'R1'},{'R2'},&,2.0,&
{'D1'},{'D5'},{'D2'},{'D4'},{'D7'},{'D6'},{'D3'},{'R3'},{'R1'},{'R2'},&,1.0,&
{'D1'},{'D5'},{'D2'},{'D4'},{'D7'},{'D3'},{'D6'},{'R3'},{'R1'},{'R2'},&,1.0,&
{'D1'},{'D5'},{'D2'},{'D4'},{'D3'},{'D6'},{'R3'},{'D7'},{'R1'},{'R2'},&,1.0,&
{'D1'},{'D5'},{'D2'},{'D4'},{'D3'},{'D6'},{'D7'},{'R2'},{'R1'},{'R3'},&,1.0,&
{'D1'},{'D5'},{'D2'},{'D4'},{'D3'},{'D6'},{'D7'},{'R3'},{'R2'},{'R1'},&,1.0,&
{'D1'},{'D5'},{'D2'},{'D4'},{'D3'},{'D7'},{'D6'},{'R3'},{'R2'},{'R1'},&,2.0,&
{'D1'},{'D5'},{'D2'},{'D4'},{'D3'},{'D7'},{'D6'},{'R3'},{'R1'},{'R2'},&,1.0,&
{'D1'},{'D5'},{'D2'},{'D4'},{'D6'},{'D7'},{'R2'},{'D3'},{'R1'},{'R3'},&,1.0,&
{'D1'},{'D5'},{'D2'},{'D4'},{'D6'},{'D7'},{'D3'},{'R3'},{'R1'},{'R2'},&,1.0,&
{'D1'},{'D5'},{'D2'},{'D4'},{'D6'},{'D3'},{'R3'},{'D7'},{'R1'},{'R2'},&,1.0,&
{'D1'},{'D5'},{'D2'},{'D4'},{'D6'},{'D3'},{'R2'},{'R1'},{'D7'},{'R3'},&,1.0,&
{'D1'},{'D5'},{'D2'},{'D4'},{'D6'},{'D3'},{'D7'},{'R2'},{'R3'},{'R1'},&,1.0,&
{'D1'},{'D6'},{'D4'},{'D7'},{'D2'},{'D3'},{'D5'},{'R3'},{'R2'},{'R1'},&,1.0,&
{'D1'},{'D6'},{'D4'},{'D7'},{'D3'},{'D5'},{'R3'},{'D2'},{'R1'},{'R2'},&,1.0,&
{'D1'},{'D6'},{'D4'},{'D7'},{'D3'},{'D5'},{'D2'},{'R1'},{'R3'},{'R2'},&,3.0,&
{'D1'},{'D6'},{'D4'},{'D7'},{'D3'},{'D5'},{'D2'},{'R2'},{'R3'},{'R1'},&,1.0,&
{'D1'},{'D6'},{'D4'},{'D7'},{'D3'},{'D5'},{'D2'},{'R3'},{'R2'},{'R1'},&,1.0,&
{'D1'},{'D6'},{'D4'},{'D7'},{'D3'},{'D5'},{'R2'},{'R3'},{'D2'},{'R1'},&,1.0,&
{'D1'},{'D6'},{'D4'},{'D7'},{'D5'},{'D2'},{'D3'},{'R3'},{'R1'},{'R2'},&,1.0,&
{'D1'},{'D6'},{'D4'},{'D7'},{'D5'},{'D3'},{'D2'},{'R3'},{'R2'},{'R1'},&,1.0,&
{'D1'},{'D6'},{'D4'},{'D7'},{'D5'},{'D3'},{'D2'},{'R3'},{'R1'},{'R2'},&,1.0,&
{'D1'},{'D6'},{'D4'},{'D7'},{'D5'},{'D3'},{'R2'},{'D2'},{'R3'},{'R1'},&,1.0,&
{'D1'},{'D6'},{'D4'},{'D7'},{'D5'},{'D3'},{'R2'},{'R3'},{'D2'},{'R1'},&,1.0,&
{'D1'},{'D6'},{'D4'},{'D7'},{'D5'},{'D3'},{'R1'},{'R3'},{'R2'},{'D2'},&,1.0,&
{'D1'},{'D6'},{'D4'},{'D2'},{'D3'},{'D5'},{'D7'},{'R2'},{'R3'},{'R1'},&,1.0,&
{'D1'},{'D6'},{'D4'},{'D2'},{'D5'},{'D7'},{'R2'},{'D3'},{'R3'},{'R1'},&,1.0,&
{'D1'},{'D6'},{'D4'},{'D2'},{'D5'},{'D7'},{'D3'},{'R3'},{'R1'},{'R2'},&,1.0,&
{'D1'},{'D6'},{'D4'},{'D2'},{'D5'},{'D3'},{'D7'},{'R2'},{'R1'},{'R3'},&,1.0,&
{'D1'},{'D6'},{'D4'},{'D2'},{'D5'},{'D3'},{'D7'},{'R3'},{'R2'},{'R1'},&,1.0,&
{'D1'},{'D6'},{'D4'},{'D2'},{'D5'},{'D3'},{'D7'},{'R3'},{'R1'},{'R2'},&,3.0,&
{'D1'},{'D6'},{'D4'},{'D2'},{'D5'},{'D3'},{'R1'},{'D7'},{'R3'},{'R2'},&,1.0,&
{'D1'},{'D6'},{'D4'},{'D3'},{'D7'},{'D2'},{'R3'},{'D5'},{'R1'},{'R2'},&,1.0,&
{'D1'},{'D6'},{'D4'},{'D3'},{'D7'},{'D5'},{'D2'},{'R1'},{'R2'},{'R3'},&,1.0,&
{'D1'},{'D6'},{'D4'},{'D3'},{'D7'},{'D5'},{'D2'},{'R1'},{'R3'},{'R2'},&,1.0,&
{'D1'},{'D6'},{'D4'},{'D3'},{'D7'},{'D5'},{'D2'},{'R2'},{'R3'},{'R1'},&,1.0,&
{'D1'},{'D6'},{'D4'},{'D3'},{'D7'},{'D5'},{'D2'},{'R3'},{'R2'},{'R1'},&,3.0,&
{'D1'},{'D6'},{'D4'},{'D3'},{'D2'},{'D7'},{'R3'},{'R1'},{'R2'},{'D5'},&,1.0,&
{'D1'},{'D6'},{'D4'},{'D3'},{'D2'},{'D7'},{'D5'},{'R1'},{'R2'},{'R3'},&,1.0,&
{'D1'},{'D6'},{'D4'},{'D3'},{'D5'},{'D7'},{'R3'},{'D2'},{'R2'},{'R1'},&,3.0,&
{'D1'},{'D6'},{'D4'},{'D3'},{'D5'},{'D7'},{'D2'},{'R3'},{'R2'},{'R1'},&,4.0,&
{'D1'},{'D6'},{'D4'},{'D3'},{'D5'},{'R3'},{'D2'},{'D7'},{'R1'},{'R2'},&,1.0,&
{'D1'},{'D6'},{'D4'},{'D5'},{'D7'},{'D2'},{'D3'},{'R2'},{'R1'},{'R3'},&,1.0,&
{'D1'},{'D6'},{'D4'},{'D5'},{'D7'},{'D2'},{'D3'},{'R3'},{'R1'},{'R2'},&,1.0,&
{'D1'},{'D6'},{'D4'},{'D5'},{'D7'},{'D3'},{'R3'},{'D2'},{'R1'},{'R2'},&,1.0,&
{'D1'},{'D6'},{'D4'},{'D5'},{'D7'},{'D3'},{'D2'},{'R1'},{'R3'},{'R2'},&,4.0,&
{'D1'},{'D6'},{'D4'},{'D5'},{'D7'},{'D3'},{'D2'},{'R2'},{'R3'},{'R1'},&,3.0,&
{'D1'},{'D6'},{'D4'},{'D5'},{'D7'},{'D3'},{'D2'},{'R3'},{'R1'},{'R2'},&,2.0,&
{'D1'},{'D6'},{'D4'},{'D5'},{'D7'},{'D3'},{'R2'},{'R1'},{'D2'},{'R3'},&,1.0,&
{'D1'},{'D6'},{'D4'},{'D5'},{'D7'},{'R1'},{'D2'},{'D3'},{'R3'},{'R2'},&,1.0,&
{'D1'},{'D6'},{'D4'},{'D5'},{'D2'},{'D7'},{'D3'},{'R3'},{'R1'},{'R2'},&,1.0,&
{'D1'},{'D6'},{'D4'},{'D5'},{'D2'},{'D3'},{'R3'},{'D7'},{'R1'},{'R2'},&,1.0,&
{'D1'},{'D6'},{'D4'},{'D5'},{'D2'},{'D3'},{'D7'},{'R3'},{'R2'},{'R1'},&,1.0,&
{'D1'},{'D6'},{'D4'},{'D5'},{'D2'},{'D3'},{'D7'},{'R3'},{'R1'},{'R2'},&,3.0,&
{'D1'},{'D6'},{'D4'},{'D5'},{'D2'},{'D3'},{'R1'},{'D7'},{'R3'},{'R2'},&,1.0,&
{'D1'},{'D6'},{'D4'},{'D5'},{'D3'},{'D7'},{'R3'},{'D2'},{'R2'},{'R1'},&,1.0,&
{'D1'},{'D6'},{'D4'},{'D5'},{'D3'},{'D7'},{'R3'},{'R1'},{'D2'},{'R2'},&,1.0,&
{'D1'},{'D6'},{'D4'},{'D5'},{'D3'},{'D7'},{'D2'},{'R1'},{'R3'},{'R2'},&,1.0,&
{'D1'},{'D6'},{'D4'},{'D5'},{'D3'},{'D7'},{'D2'},{'R2'},{'R3'},{'R1'},&,2.0,&
{'D1'},{'D6'},{'D4'},{'D5'},{'D3'},{'D7'},{'D2'},{'R3'},{'R2'},{'R1'},&,5.0,&
{'D1'},{'D6'},{'D4'},{'D5'},{'D3'},{'D7'},{'D2'},{'R3'},{'R1'},{'R2'},&,1.0,&
{'D1'},{'D6'},{'D4'},{'D5'},{'D3'},{'D7'},{'R1'},{'D2'},{'R3'},{'R2'},&,1.0,&
{'D1'},{'D6'},{'D4'},{'D5'},{'D3'},{'D2'},{'R3'},{'D7'},{'R2'},{'R1'},&,1.0,&
{'D1'},{'D6'},{'D4'},{'D5'},{'D3'},{'D2'},{'D7'},{'R1'},{'R2'},{'R3'},&,1.0,&
{'D1'},{'D6'},{'D4'},{'D5'},{'D3'},{'D2'},{'D7'},{'R3'},{'R2'},{'R1'},&,1.0,&
{'D1'},{'D6'},{'D4'},{'D5'},{'D3'},{'D2'},{'D7'},{'R3'},{'R1'},{'R2'},&,1.0,&
{'D1'},{'D6'},{'D4'},{'D5'},{'D3'},{'R2'},{'D7'},{'R1'},{'D2'},{'R3'},&,1.0,&
{'D1'},{'D6'},{'D4'},{'D5'},{'D3'},{'R3'},{'D7'},{'R1'},{'D2'},{'R2'},&,1.0,&
{'D1'},{'D6'},{'D4'},{'D5'},{'D3'},{'R3'},{'D7'},{'R2'},{'D2'},{'R1'},&,1.0,&
{'D1'},{'D6'},{'D3'},{'D7'},{'D2'},{'D4'},{'D5'},{'R2'},{'R3'},{'R1'},&,1.0,&
{'D1'},{'D6'},{'D3'},{'D7'},{'D2'},{'D5'},{'D4'},{'R1'},{'R3'},{'R2'},&,2.0,&
{'D1'},{'D6'},{'D3'},{'D7'},{'D2'},{'D5'},{'D4'},{'R2'},{'R1'},{'R3'},&,1.0,&
{'D1'},{'D6'},{'D3'},{'D7'},{'D2'},{'D5'},{'D4'},{'R3'},{'R2'},{'R1'},&,1.0,&
{'D1'},{'D6'},{'D3'},{'D7'},{'D2'},{'D5'},{'D4'},{'R3'},{'R1'},{'R2'},&,1.0,&
{'D1'},{'D6'},{'D3'},{'D7'},{'D4'},{'D5'},{'D2'},{'R1'},{'R3'},{'R2'},&,1.0,&
{'D1'},{'D6'},{'D3'},{'D7'},{'D4'},{'D5'},{'D2'},{'R2'},{'R3'},{'R1'},&,1.0,&
{'D1'},{'D6'},{'D3'},{'D7'},{'D4'},{'D5'},{'D2'},{'R3'},{'R2'},{'R1'},&,1.0,&
{'D1'},{'D6'},{'D3'},{'D7'},{'D4'},{'D5'},{'D2'},{'R3'},{'R1'},{'R2'},&,1.0,&
{'D1'},{'D6'},{'D3'},{'D7'},{'D5'},{'D4'},{'R3'},{'R1'},{'D2'},{'R2'},&,1.0,&
{'D1'},{'D6'},{'D3'},{'D7'},{'D5'},{'D4'},{'D2'},{'R1'},{'R3'},{'R2'},&,2.0,&
{'D1'},{'D6'},{'D3'},{'D7'},{'D5'},{'D4'},{'D2'},{'R2'},{'R3'},{'R1'},&,1.0,&
{'D1'},{'D6'},{'D3'},{'D7'},{'D5'},{'D4'},{'D2'},{'R3'},{'R2'},{'R1'},&,1.0,&
{'D1'},{'D6'},{'D3'},{'D7'},{'D5'},{'D4'},{'R2'},{'D2'},{'R3'},{'R1'},&,1.0,&
{'D1'},{'D6'},{'D3'},{'D7'},{'D5'},{'D4'},{'R1'},{'D2'},{'R3'},{'R2'},&,1.0,&
{'D1'},{'D6'},{'D3'},{'D7'},{'D5'},{'D4'},{'R1'},{'R3'},{'R2'},{'D2'},&,1.0,&
{'D1'},{'D6'},{'D3'},{'D7'},{'D5'},{'D2'},{'D4'},{'R1'},{'R3'},{'R2'},&,1.0,&
{'D1'},{'D6'},{'D3'},{'D7'},{'D5'},{'D2'},{'D4'},{'R3'},{'R2'},{'R1'},&,2.0,&
{'D1'},{'D6'},{'D3'},{'D7'},{'D5'},{'D2'},{'D4'},{'R3'},{'R1'},{'R2'},&,1.0,&
{'D1'},{'D6'},{'D3'},{'D7'},{'D5'},{'R3'},{'D4'},{'D2'},{'R1'},{'R2'},&,2.0,&
{'D1'},{'D6'},{'D3'},{'D7'},{'R3'},{'D5'},{'D4'},{'D2'},{'R2'},{'R1'},&,1.0,&
{'D1'},{'D6'},{'D3'},{'D2'},{'D7'},{'R3'},{'D5'},{'D4'},{'R2'},{'R1'},&,1.0,&
{'D1'},{'D6'},{'D3'},{'D2'},{'D4'},{'D5'},{'D7'},{'R3'},{'R1'},{'R2'},&,1.0,&
{'D1'},{'D6'},{'D3'},{'D2'},{'D5'},{'D4'},{'R3'},{'D7'},{'R1'},{'R2'},&,1.0,&
{'D1'},{'D6'},{'D3'},{'D2'},{'D5'},{'D4'},{'D7'},{'R1'},{'R3'},{'R2'},&,1.0,&
{'D1'},{'D6'},{'D3'},{'D2'},{'D5'},{'D4'},{'D7'},{'R2'},{'R3'},{'R1'},&,2.0,&
{'D1'},{'D6'},{'D3'},{'D2'},{'D5'},{'D7'},{'R3'},{'R1'},{'D4'},{'R2'},&,1.0,&
{'D1'},{'D6'},{'D3'},{'D2'},{'D5'},{'D7'},{'R3'},{'D4'},{'R1'},{'R2'},&,1.0,&
{'D1'},{'D6'},{'D3'},{'D2'},{'D5'},{'D7'},{'D4'},{'R1'},{'R3'},{'R2'},&,2.0,&
{'D1'},{'D6'},{'D3'},{'D2'},{'D5'},{'R3'},{'D4'},{'R2'},{'D7'},{'R1'},&,1.0,&
{'D1'},{'D6'},{'D3'},{'D2'},{'R1'},{'D5'},{'D7'},{'D4'},{'R3'},{'R2'},&,1.0,&
{'D1'},{'D6'},{'D3'},{'D5'},{'D7'},{'D4'},{'R3'},{'D2'},{'R2'},{'R1'},&,1.0,&
{'D1'},{'D6'},{'D3'},{'D5'},{'D7'},{'D4'},{'R3'},{'D2'},{'R1'},{'R2'},&,1.0,&
{'D1'},{'D6'},{'D3'},{'D5'},{'D7'},{'D4'},{'D2'},{'R1'},{'R2'},{'R3'},&,1.0,&
{'D1'},{'D6'},{'D3'},{'D5'},{'D7'},{'D4'},{'D2'},{'R1'},{'R3'},{'R2'},&,4.0,&
{'D1'},{'D6'},{'D3'},{'D5'},{'D7'},{'D4'},{'D2'},{'R2'},{'R3'},{'R1'},&,2.0,&
{'D1'},{'D6'},{'D3'},{'D5'},{'D7'},{'D4'},{'D2'},{'R2'},{'R1'},{'R3'},&,2.0,&
{'D1'},{'D6'},{'D3'},{'D5'},{'D7'},{'D4'},{'D2'},{'R3'},{'R2'},{'R1'},&,2.0,&
{'D1'},{'D6'},{'D3'},{'D5'},{'D7'},{'D4'},{'D2'},{'R3'},{'R1'},{'R2'},&,3.0,&
{'D1'},{'D6'},{'D3'},{'D5'},{'D7'},{'D4'},{'R2'},{'D2'},{'R3'},{'R1'},&,2.0,&
{'D1'},{'D6'},{'D3'},{'D5'},{'D7'},{'D4'},{'R2'},{'D2'},{'R1'},{'R3'},&,1.0,&
{'D1'},{'D6'},{'D3'},{'D5'},{'D7'},{'D4'},{'R1'},{'D2'},{'R3'},{'R2'},&,1.0,&
{'D1'},{'D6'},{'D3'},{'D5'},{'D7'},{'D2'},{'R3'},{'D4'},{'R1'},{'R2'},&,1.0,&
{'D1'},{'D6'},{'D3'},{'D5'},{'D7'},{'D2'},{'D4'},{'R1'},{'R2'},{'R3'},&,1.0,&
{'D1'},{'D6'},{'D3'},{'D5'},{'D7'},{'D2'},{'D4'},{'R1'},{'R3'},{'R2'},&,1.0,&
{'D1'},{'D6'},{'D3'},{'D5'},{'D7'},{'D2'},{'D4'},{'R2'},{'R3'},{'R1'},&,2.0,&
{'D1'},{'D6'},{'D3'},{'D5'},{'D7'},{'D2'},{'D4'},{'R3'},{'R2'},{'R1'},&,3.0,&
{'D1'},{'D6'},{'D3'},{'D5'},{'D7'},{'D2'},{'D4'},{'R3'},{'R1'},{'R2'},&,4.0,&
{'D1'},{'D6'},{'D3'},{'D5'},{'D7'},{'D2'},{'R1'},{'R3'},{'D4'},{'R2'},&,1.0,&
{'D1'},{'D6'},{'D3'},{'D5'},{'D7'},{'R2'},{'D2'},{'D4'},{'R3'},{'R1'},&,1.0,&
{'D1'},{'D6'},{'D3'},{'D5'},{'D7'},{'R1'},{'D4'},{'D2'},{'R3'},{'R2'},&,1.0,&
{'D1'},{'D6'},{'D3'},{'D5'},{'D7'},{'R3'},{'D4'},{'R1'},{'D2'},{'R2'},&,1.0,&
{'D1'},{'D6'},{'D3'},{'D5'},{'D2'},{'D4'},{'R3'},{'D7'},{'R1'},{'R2'},&,1.0,&
{'D1'},{'D6'},{'D3'},{'D5'},{'D2'},{'D4'},{'R2'},{'R1'},{'D7'},{'R3'},&,1.0,&
{'D1'},{'D6'},{'D3'},{'D5'},{'D2'},{'D4'},{'R2'},{'D7'},{'R1'},{'R3'},&,1.0,&
{'D1'},{'D6'},{'D3'},{'D5'},{'D2'},{'D4'},{'D7'},{'R1'},{'R3'},{'R2'},&,6.0,&
{'D1'},{'D6'},{'D3'},{'D5'},{'D2'},{'D4'},{'D7'},{'R2'},{'R3'},{'R1'},&,2.0,&
{'D1'},{'D6'},{'D3'},{'D5'},{'D2'},{'D4'},{'D7'},{'R3'},{'R2'},{'R1'},&,3.0,&
{'D1'},{'D6'},{'D3'},{'D5'},{'D2'},{'D4'},{'D7'},{'R3'},{'R1'},{'R2'},&,4.0,&
{'D1'},{'D6'},{'D3'},{'D5'},{'D2'},{'D7'},{'D4'},{'R1'},{'R3'},{'R2'},&,2.0,&
{'D1'},{'D6'},{'D3'},{'D5'},{'D2'},{'D7'},{'D4'},{'R2'},{'R3'},{'R1'},&,1.0,&
{'D1'},{'D6'},{'D3'},{'D5'},{'D2'},{'D7'},{'D4'},{'R3'},{'R1'},{'R2'},&,5.0,&
{'D1'},{'D6'},{'D3'},{'D5'},{'D4'},{'D7'},{'R3'},{'D2'},{'R1'},{'R2'},&,1.0,&
{'D1'},{'D6'},{'D3'},{'D5'},{'D4'},{'D7'},{'D2'},{'R1'},{'R3'},{'R2'},&,1.0,&
{'D1'},{'D6'},{'D3'},{'D5'},{'D4'},{'D7'},{'D2'},{'R2'},{'R3'},{'R1'},&,1.0,&
{'D1'},{'D6'},{'D3'},{'D5'},{'D4'},{'D7'},{'D2'},{'R3'},{'R2'},{'R1'},&,6.0,&
{'D1'},{'D6'},{'D3'},{'D5'},{'D4'},{'D7'},{'D2'},{'R3'},{'R1'},{'R2'},&,5.0,&
{'D1'},{'D6'},{'D3'},{'D5'},{'D4'},{'D7'},{'R2'},{'D2'},{'R3'},{'R1'},&,1.0,&
{'D1'},{'D6'},{'D3'},{'D5'},{'D4'},{'D7'},{'R1'},{'D2'},{'R2'},{'R3'},&,2.0,&
{'D1'},{'D6'},{'D3'},{'D5'},{'D4'},{'D7'},{'R1'},{'D2'},{'R3'},{'R2'},&,2.0,&
{'D1'},{'D6'},{'D3'},{'D5'},{'D4'},{'D2'},{'R3'},{'D7'},{'R2'},{'R1'},&,3.0,&
{'D1'},{'D6'},{'D3'},{'D5'},{'D4'},{'D2'},{'R3'},{'D7'},{'R1'},{'R2'},&,1.0,&
{'D1'},{'D6'},{'D3'},{'D5'},{'D4'},{'D2'},{'D7'},{'R1'},{'R3'},{'R2'},&,2.0,&
{'D1'},{'D6'},{'D3'},{'D5'},{'D4'},{'D2'},{'D7'},{'R2'},{'R1'},{'R3'},&,1.0,&
{'D1'},{'D6'},{'D3'},{'D5'},{'D4'},{'D2'},{'D7'},{'R3'},{'R2'},{'R1'},&,5.0,&
{'D1'},{'D6'},{'D3'},{'D5'},{'D4'},{'D2'},{'D7'},{'R3'},{'R1'},{'R2'},&,3.0,&
{'D1'},{'D6'},{'D3'},{'D5'},{'D4'},{'D2'},{'R1'},{'D7'},{'R3'},{'R2'},&,2.0,&
{'D1'},{'D6'},{'D3'},{'D5'},{'R3'},{'D4'},{'D7'},{'D2'},{'R2'},{'R1'},&,1.0,&
{'D1'},{'D6'},{'D3'},{'D5'},{'R2'},{'D2'},{'D4'},{'R1'},{'R3'},{'D7'},&,1.0,&
{'D1'},{'D6'},{'D3'},{'D4'},{'D7'},{'D5'},{'D2'},{'R2'},{'R1'},{'R3'},&,1.0,&
{'D1'},{'D6'},{'D3'},{'D4'},{'D7'},{'D5'},{'D2'},{'R3'},{'R1'},{'R2'},&,1.0,&
{'D1'},{'D6'},{'D3'},{'D4'},{'D2'},{'D7'},{'D5'},{'R3'},{'R1'},{'R2'},&,1.0,&
{'D1'},{'D6'},{'D3'},{'D4'},{'D2'},{'D5'},{'R2'},{'D7'},{'R1'},{'R3'},&,1.0,&
{'D1'},{'D6'},{'D3'},{'D4'},{'D2'},{'D5'},{'D7'},{'R3'},{'R2'},{'R1'},&,1.0,&
{'D1'},{'D6'},{'D3'},{'D4'},{'D5'},{'D7'},{'R3'},{'D2'},{'R1'},{'R2'},&,1.0,&
{'D1'},{'D6'},{'D3'},{'D4'},{'D5'},{'D7'},{'D2'},{'R1'},{'R2'},{'R3'},&,1.0,&
{'D1'},{'D6'},{'D3'},{'D4'},{'D5'},{'D7'},{'D2'},{'R1'},{'R3'},{'R2'},&,1.0,&
{'D1'},{'D6'},{'D3'},{'D4'},{'D5'},{'D7'},{'D2'},{'R3'},{'R2'},{'R1'},&,4.0,&
{'D1'},{'D6'},{'D3'},{'D4'},{'D5'},{'D7'},{'D2'},{'R3'},{'R1'},{'R2'},&,3.0,&
{'D1'},{'D6'},{'D3'},{'D4'},{'D5'},{'D7'},{'R2'},{'D2'},{'R3'},{'R1'},&,1.0,&
{'D1'},{'D6'},{'D3'},{'D4'},{'D5'},{'D7'},{'R1'},{'D2'},{'R3'},{'R2'},&,1.0,&
{'D1'},{'D6'},{'D3'},{'D4'},{'D5'},{'D2'},{'R2'},{'R1'},{'D7'},{'R3'},&,1.0,&
{'D1'},{'D6'},{'D3'},{'D4'},{'D5'},{'D2'},{'D7'},{'R1'},{'R3'},{'R2'},&,1.0,&
{'D1'},{'D6'},{'D3'},{'D4'},{'D5'},{'D2'},{'D7'},{'R3'},{'R1'},{'R2'},&,3.0,&
{'D1'},{'D6'},{'D3'},{'D4'},{'D5'},{'R1'},{'D7'},{'D2'},{'R3'},{'R2'},&,1.0,&
{'D1'},{'D6'},{'D5'},{'D7'},{'D2'},{'D4'},{'D3'},{'R2'},{'R1'},{'R3'},&,1.0,&
{'D1'},{'D6'},{'D5'},{'D7'},{'D2'},{'D4'},{'D3'},{'R3'},{'R2'},{'R1'},&,1.0,&
{'D1'},{'D6'},{'D5'},{'D7'},{'D2'},{'D4'},{'D3'},{'R3'},{'R1'},{'R2'},&,1.0,&
{'D1'},{'D6'},{'D5'},{'D7'},{'D2'},{'D3'},{'R3'},{'R1'},{'D4'},{'R2'},&,1.0,&
{'D1'},{'D6'},{'D5'},{'D7'},{'D2'},{'D3'},{'D4'},{'R2'},{'R3'},{'R1'},&,1.0,&
{'D1'},{'D6'},{'D5'},{'D7'},{'D2'},{'D3'},{'D4'},{'R3'},{'R2'},{'R1'},&,1.0,&
{'D1'},{'D6'},{'D5'},{'D7'},{'D2'},{'D3'},{'R2'},{'R3'},{'D4'},{'R1'},&,1.0,&
{'D1'},{'D6'},{'D5'},{'D7'},{'D2'},{'R3'},{'D3'},{'D4'},{'R1'},{'R2'},&,1.0,&
{'D1'},{'D6'},{'D5'},{'D7'},{'D3'},{'D4'},{'R3'},{'D2'},{'R2'},{'R1'},&,5.0,&
{'D1'},{'D6'},{'D5'},{'D7'},{'D3'},{'D4'},{'D2'},{'R1'},{'R3'},{'R2'},&,5.0,&
{'D1'},{'D6'},{'D5'},{'D7'},{'D3'},{'D4'},{'D2'},{'R2'},{'R3'},{'R1'},&,3.0,&
{'D1'},{'D6'},{'D5'},{'D7'},{'D3'},{'D4'},{'D2'},{'R2'},{'R1'},{'R3'},&,2.0,&
{'D1'},{'D6'},{'D5'},{'D7'},{'D3'},{'D4'},{'D2'},{'R3'},{'R2'},{'R1'},&,4.0,&
{'D1'},{'D6'},{'D5'},{'D7'},{'D3'},{'D4'},{'D2'},{'R3'},{'R1'},{'R2'},&,6.0,&
{'D1'},{'D6'},{'D5'},{'D7'},{'D3'},{'D4'},{'R2'},{'D2'},{'R3'},{'R1'},&,1.0,&
{'D1'},{'D6'},{'D5'},{'D7'},{'D3'},{'D4'},{'R2'},{'D2'},{'R1'},{'R3'},&,1.0,&
{'D1'},{'D6'},{'D5'},{'D7'},{'D3'},{'D4'},{'R2'},{'R3'},{'R1'},{'D2'},&,1.0,&
{'D1'},{'D6'},{'D5'},{'D7'},{'D3'},{'D4'},{'R2'},{'R3'},{'D2'},{'R1'},&,1.0,&
{'D1'},{'D6'},{'D5'},{'D7'},{'D3'},{'D4'},{'R1'},{'D2'},{'R3'},{'R2'},&,1.0,&
{'D1'},{'D6'},{'D5'},{'D7'},{'D3'},{'D2'},{'R3'},{'D4'},{'R1'},{'R2'},&,1.0,&
{'D1'},{'D6'},{'D5'},{'D7'},{'D3'},{'D2'},{'D4'},{'R1'},{'R3'},{'R2'},&,1.0,&
{'D1'},{'D6'},{'D5'},{'D7'},{'D3'},{'D2'},{'D4'},{'R2'},{'R3'},{'R1'},&,2.0,&
{'D1'},{'D6'},{'D5'},{'D7'},{'D3'},{'D2'},{'D4'},{'R2'},{'R1'},{'R3'},&,2.0,&
{'D1'},{'D6'},{'D5'},{'D7'},{'D3'},{'D2'},{'D4'},{'R3'},{'R2'},{'R1'},&,1.0,&
{'D1'},{'D6'},{'D5'},{'D7'},{'D3'},{'D2'},{'D4'},{'R3'},{'R1'},{'R2'},&,4.0,&
{'D1'},{'D6'},{'D5'},{'D7'},{'D3'},{'D2'},{'R1'},{'D4'},{'R2'},{'R3'},&,1.0,&
{'D1'},{'D6'},{'D5'},{'D7'},{'D3'},{'D2'},{'R1'},{'D4'},{'R3'},{'R2'},&,1.0,&
{'D1'},{'D6'},{'D5'},{'D7'},{'D3'},{'R1'},{'D4'},{'D2'},{'R3'},{'R2'},&,1.0,&
{'D1'},{'D6'},{'D5'},{'D7'},{'D4'},{'D2'},{'D3'},{'R1'},{'R3'},{'R2'},&,1.0,&
{'D1'},{'D6'},{'D5'},{'D7'},{'D4'},{'D2'},{'D3'},{'R2'},{'R3'},{'R1'},&,3.0,&
{'D1'},{'D6'},{'D5'},{'D7'},{'D4'},{'D2'},{'R1'},{'D3'},{'R2'},{'R3'},&,1.0,&
{'D1'},{'D6'},{'D5'},{'D7'},{'D4'},{'D3'},{'R3'},{'D2'},{'R1'},{'R2'},&,1.0,&
{'D1'},{'D6'},{'D5'},{'D7'},{'D4'},{'D3'},{'R3'},{'R1'},{'D2'},{'R2'},&,1.0,&
{'D1'},{'D6'},{'D5'},{'D7'},{'D4'},{'D3'},{'D2'},{'R1'},{'R3'},{'R2'},&,1.0,&
{'D1'},{'D6'},{'D5'},{'D7'},{'D4'},{'D3'},{'D2'},{'R2'},{'R3'},{'R1'},&,1.0,&
{'D1'},{'D6'},{'D5'},{'D7'},{'D4'},{'D3'},{'D2'},{'R2'},{'R1'},{'R3'},&,1.0,&
{'D1'},{'D6'},{'D5'},{'D7'},{'D4'},{'D3'},{'D2'},{'R3'},{'R2'},{'R1'},&,4.0,&
{'D1'},{'D6'},{'D5'},{'D7'},{'D4'},{'D3'},{'D2'},{'R3'},{'R1'},{'R2'},&,5.0,&
{'D1'},{'D6'},{'D5'},{'D7'},{'D4'},{'R3'},{'D3'},{'D2'},{'R1'},{'R2'},&,1.0,&
{'D1'},{'D6'},{'D5'},{'D7'},{'R2'},{'D4'},{'D2'},{'R3'},{'D3'},{'R1'},&,1.0,&
{'D1'},{'D6'},{'D5'},{'D2'},{'D7'},{'D4'},{'D3'},{'R2'},{'R3'},{'R1'},&,1.0,&
{'D1'},{'D6'},{'D5'},{'D2'},{'D7'},{'D4'},{'D3'},{'R2'},{'R1'},{'R3'},&,1.0,&
{'D1'},{'D6'},{'D5'},{'D2'},{'D7'},{'D4'},{'D3'},{'R3'},{'R1'},{'R2'},&,1.0,&
{'D1'},{'D6'},{'D5'},{'D2'},{'D7'},{'D3'},{'R3'},{'D4'},{'R2'},{'R1'},&,1.0,&
{'D1'},{'D6'},{'D5'},{'D2'},{'D7'},{'D3'},{'D4'},{'R1'},{'R3'},{'R2'},&,1.0,&
{'D1'},{'D6'},{'D5'},{'D2'},{'D7'},{'D3'},{'D4'},{'R2'},{'R3'},{'R1'},&,1.0,&
{'D1'},{'D6'},{'D5'},{'D2'},{'D7'},{'D3'},{'D4'},{'R3'},{'R2'},{'R1'},&,1.0,&
{'D1'},{'D6'},{'D5'},{'D2'},{'D7'},{'D3'},{'D4'},{'R3'},{'R1'},{'R2'},&,2.0,&
{'D1'},{'D6'},{'D5'},{'D2'},{'D7'},{'D3'},{'R2'},{'D4'},{'R3'},{'R1'},&,1.0,&
{'D1'},{'D6'},{'D5'},{'D2'},{'D7'},{'D3'},{'R1'},{'R2'},{'D4'},{'R3'},&,1.0,&
{'D1'},{'D6'},{'D5'},{'D2'},{'D7'},{'D3'},{'R1'},{'R3'},{'D4'},{'R2'},&,1.0,&
{'D1'},{'D6'},{'D5'},{'D2'},{'D3'},{'D4'},{'R3'},{'D7'},{'R1'},{'R2'},&,1.0,&
{'D1'},{'D6'},{'D5'},{'D2'},{'D3'},{'D4'},{'D7'},{'R2'},{'R3'},{'R1'},&,3.0,&
{'D1'},{'D6'},{'D5'},{'D2'},{'D3'},{'D4'},{'D7'},{'R3'},{'R2'},{'R1'},&,2.0,&
{'D1'},{'D6'},{'D5'},{'D2'},{'D3'},{'D4'},{'D7'},{'R3'},{'R1'},{'R2'},&,3.0,&
{'D1'},{'D6'},{'D5'},{'D2'},{'D3'},{'D7'},{'R3'},{'D4'},{'R2'},{'R1'},&,1.0,&
{'D1'},{'D6'},{'D5'},{'D2'},{'D3'},{'D7'},{'R3'},{'D4'},{'R1'},{'R2'},&,1.0,&
{'D1'},{'D6'},{'D5'},{'D2'},{'D3'},{'D7'},{'D4'},{'R1'},{'R2'},{'R3'},&,1.0,&
{'D1'},{'D6'},{'D5'},{'D2'},{'D3'},{'D7'},{'D4'},{'R3'},{'R2'},{'R1'},&,1.0,&
{'D1'},{'D6'},{'D5'},{'D2'},{'D3'},{'D7'},{'D4'},{'R3'},{'R1'},{'R2'},&,4.0,&
{'D1'},{'D6'},{'D5'},{'D2'},{'D4'},{'D7'},{'R3'},{'D3'},{'R1'},{'R2'},&,1.0,&
{'D1'},{'D6'},{'D5'},{'D2'},{'D4'},{'D7'},{'D3'},{'R1'},{'R3'},{'R2'},&,1.0,&
{'D1'},{'D6'},{'D5'},{'D2'},{'D4'},{'D7'},{'D3'},{'R2'},{'R3'},{'R1'},&,1.0,&
{'D1'},{'D6'},{'D5'},{'D2'},{'D4'},{'D7'},{'D3'},{'R3'},{'R2'},{'R1'},&,3.0,&
{'D1'},{'D6'},{'D5'},{'D2'},{'D4'},{'D7'},{'D3'},{'R3'},{'R1'},{'R2'},&,1.0,&
{'D1'},{'D6'},{'D5'},{'D2'},{'D4'},{'D3'},{'R3'},{'D7'},{'R1'},{'R2'},&,1.0,&
{'D1'},{'D6'},{'D5'},{'D2'},{'D4'},{'D3'},{'D7'},{'R1'},{'R2'},{'R3'},&,1.0,&
{'D1'},{'D6'},{'D5'},{'D2'},{'D4'},{'D3'},{'D7'},{'R1'},{'R3'},{'R2'},&,1.0,&
{'D1'},{'D6'},{'D5'},{'D2'},{'D4'},{'D3'},{'D7'},{'R3'},{'R1'},{'R2'},&,1.0,&
{'D1'},{'D6'},{'D5'},{'D3'},{'D7'},{'D4'},{'R3'},{'D2'},{'R1'},{'R2'},&,3.0,&
{'D1'},{'D6'},{'D5'},{'D3'},{'D7'},{'D4'},{'R3'},{'R1'},{'D2'},{'R2'},&,1.0,&
{'D1'},{'D6'},{'D5'},{'D3'},{'D7'},{'D4'},{'D2'},{'R1'},{'R2'},{'R3'},&,2.0,&
{'D1'},{'D6'},{'D5'},{'D3'},{'D7'},{'D4'},{'D2'},{'R1'},{'R3'},{'R2'},&,4.0,&
{'D1'},{'D6'},{'D5'},{'D3'},{'D7'},{'D4'},{'D2'},{'R2'},{'R3'},{'R1'},&,3.0,&
{'D1'},{'D6'},{'D5'},{'D3'},{'D7'},{'D4'},{'D2'},{'R2'},{'R1'},{'R3'},&,4.0,&
{'D1'},{'D6'},{'D5'},{'D3'},{'D7'},{'D4'},{'D2'},{'R3'},{'R2'},{'R1'},&,11.0,&
{'D1'},{'D6'},{'D5'},{'D3'},{'D7'},{'D4'},{'D2'},{'R3'},{'R1'},{'R2'},&,9.0,&
{'D1'},{'D6'},{'D5'},{'D3'},{'D7'},{'D4'},{'R2'},{'D2'},{'R1'},{'R3'},&,2.0,&
{'D1'},{'D6'},{'D5'},{'D3'},{'D7'},{'D4'},{'R1'},{'D2'},{'R2'},{'R3'},&,2.0,&
{'D1'},{'D6'},{'D5'},{'D3'},{'D7'},{'D4'},{'R1'},{'D2'},{'R3'},{'R2'},&,1.0,&
{'D1'},{'D6'},{'D5'},{'D3'},{'D7'},{'D2'},{'R3'},{'D4'},{'R1'},{'R2'},&,1.0,&
{'D1'},{'D6'},{'D5'},{'D3'},{'D7'},{'D2'},{'D4'},{'R1'},{'R2'},{'R3'},&,1.0,&
{'D1'},{'D6'},{'D5'},{'D3'},{'D7'},{'D2'},{'D4'},{'R1'},{'R3'},{'R2'},&,2.0,&
{'D1'},{'D6'},{'D5'},{'D3'},{'D7'},{'D2'},{'D4'},{'R2'},{'R3'},{'R1'},&,1.0,&
{'D1'},{'D6'},{'D5'},{'D3'},{'D7'},{'D2'},{'D4'},{'R2'},{'R1'},{'R3'},&,2.0,&
{'D1'},{'D6'},{'D5'},{'D3'},{'D7'},{'D2'},{'D4'},{'R3'},{'R2'},{'R1'},&,1.0,&
{'D1'},{'D6'},{'D5'},{'D3'},{'D7'},{'D2'},{'D4'},{'R3'},{'R1'},{'R2'},&,5.0,&
{'D1'},{'D6'},{'D5'},{'D3'},{'D7'},{'D2'},{'R1'},{'D4'},{'R3'},{'R2'},&,1.0,&
{'D1'},{'D6'},{'D5'},{'D3'},{'D7'},{'R2'},{'D2'},{'R3'},{'D4'},{'R1'},&,1.0,&
{'D1'},{'D6'},{'D5'},{'D3'},{'D7'},{'R3'},{'D4'},{'D2'},{'R2'},{'R1'},&,1.0,&
{'D1'},{'D6'},{'D5'},{'D3'},{'D7'},{'R3'},{'D4'},{'D2'},{'R1'},{'R2'},&,1.0,&
{'D1'},{'D6'},{'D5'},{'D3'},{'D2'},{'D4'},{'R3'},{'D7'},{'R2'},{'R1'},&,1.0,&
{'D1'},{'D6'},{'D5'},{'D3'},{'D2'},{'D4'},{'R3'},{'D7'},{'R1'},{'R2'},&,1.0,&
{'D1'},{'D6'},{'D5'},{'D3'},{'D2'},{'D4'},{'R2'},{'D7'},{'R3'},{'R1'},&,1.0,&
{'D1'},{'D6'},{'D5'},{'D3'},{'D2'},{'D4'},{'D7'},{'R1'},{'R3'},{'R2'},&,1.0,&
{'D1'},{'D6'},{'D5'},{'D3'},{'D2'},{'D4'},{'D7'},{'R2'},{'R3'},{'R1'},&,2.0,&
{'D1'},{'D6'},{'D5'},{'D3'},{'D2'},{'D4'},{'D7'},{'R3'},{'R2'},{'R1'},&,5.0,&
{'D1'},{'D6'},{'D5'},{'D3'},{'D2'},{'D4'},{'D7'},{'R3'},{'R1'},{'R2'},&,2.0,&
{'D1'},{'D6'},{'D5'},{'D3'},{'D2'},{'D7'},{'R3'},{'R1'},{'D4'},{'R2'},&,1.0,&
{'D1'},{'D6'},{'D5'},{'D3'},{'D2'},{'D7'},{'R3'},{'D4'},{'R2'},{'R1'},&,1.0,&
{'D1'},{'D6'},{'D5'},{'D3'},{'D2'},{'D7'},{'D4'},{'R1'},{'R3'},{'R2'},&,4.0,&
{'D1'},{'D6'},{'D5'},{'D3'},{'D2'},{'D7'},{'D4'},{'R2'},{'R3'},{'R1'},&,1.0,&
{'D1'},{'D6'},{'D5'},{'D3'},{'D2'},{'D7'},{'D4'},{'R2'},{'R1'},{'R3'},&,1.0,&
{'D1'},{'D6'},{'D5'},{'D3'},{'D2'},{'D7'},{'D4'},{'R3'},{'R2'},{'R1'},&,2.0,&
{'D1'},{'D6'},{'D5'},{'D3'},{'D2'},{'D7'},{'D4'},{'R3'},{'R1'},{'R2'},&,3.0,&
{'D1'},{'D6'},{'D5'},{'D3'},{'D2'},{'D7'},{'R2'},{'R3'},{'D4'},{'R1'},&,2.0,&
{'D1'},{'D6'},{'D5'},{'D3'},{'D2'},{'D7'},{'R2'},{'D4'},{'R3'},{'R1'},&,1.0,&
{'D1'},{'D6'},{'D5'},{'D3'},{'D2'},{'D7'},{'R2'},{'D4'},{'R1'},{'R3'},&,1.0,&
{'D1'},{'D6'},{'D5'},{'D3'},{'D2'},{'D7'},{'R1'},{'D4'},{'R3'},{'R2'},&,1.0,&
{'D1'},{'D6'},{'D5'},{'D3'},{'D2'},{'R3'},{'D4'},{'D7'},{'R2'},{'R1'},&,1.0,&
{'D1'},{'D6'},{'D5'},{'D3'},{'D2'},{'R3'},{'D7'},{'R2'},{'D4'},{'R1'},&,1.0,&
{'D1'},{'D6'},{'D5'},{'D3'},{'D4'},{'D7'},{'R3'},{'D2'},{'R2'},{'R1'},&,2.0,&
{'D1'},{'D6'},{'D5'},{'D3'},{'D4'},{'D7'},{'R3'},{'D2'},{'R1'},{'R2'},&,3.0,&
{'D1'},{'D6'},{'D5'},{'D3'},{'D4'},{'D7'},{'D2'},{'R1'},{'R2'},{'R3'},&,2.0,&
{'D1'},{'D6'},{'D5'},{'D3'},{'D4'},{'D7'},{'D2'},{'R1'},{'R3'},{'R2'},&,7.0,&
{'D1'},{'D6'},{'D5'},{'D3'},{'D4'},{'D7'},{'D2'},{'R2'},{'R3'},{'R1'},&,3.0,&
{'D1'},{'D6'},{'D5'},{'D3'},{'D4'},{'D7'},{'D2'},{'R2'},{'R1'},{'R3'},&,2.0,&
{'D1'},{'D6'},{'D5'},{'D3'},{'D4'},{'D7'},{'D2'},{'R3'},{'R2'},{'R1'},&,4.0,&
{'D1'},{'D6'},{'D5'},{'D3'},{'D4'},{'D7'},{'D2'},{'R3'},{'R1'},{'R2'},&,7.0,&
{'D1'},{'D6'},{'D5'},{'D3'},{'D4'},{'D7'},{'R1'},{'R3'},{'R2'},{'D2'},&,1.0,&
{'D1'},{'D6'},{'D5'},{'D3'},{'D4'},{'D2'},{'D7'},{'R1'},{'R2'},{'R3'},&,1.0,&
{'D1'},{'D6'},{'D5'},{'D3'},{'D4'},{'D2'},{'D7'},{'R1'},{'R3'},{'R2'},&,1.0,&
{'D1'},{'D6'},{'D5'},{'D3'},{'D4'},{'D2'},{'D7'},{'R2'},{'R3'},{'R1'},&,1.0,&
{'D1'},{'D6'},{'D5'},{'D3'},{'D4'},{'D2'},{'D7'},{'R3'},{'R2'},{'R1'},&,1.0,&
{'D1'},{'D6'},{'D5'},{'D3'},{'D4'},{'D2'},{'D7'},{'R3'},{'R1'},{'R2'},&,3.0,&
{'D1'},{'D6'},{'D5'},{'D3'},{'D4'},{'R2'},{'D7'},{'D2'},{'R3'},{'R1'},&,1.0,&
{'D1'},{'D6'},{'D5'},{'D3'},{'D4'},{'R3'},{'D2'},{'D7'},{'R2'},{'R1'},&,1.0,&
{'D1'},{'D6'},{'D5'},{'D3'},{'R1'},{'D4'},{'D7'},{'D2'},{'R2'},{'R3'},&,1.0,&
{'D1'},{'D6'},{'D5'},{'D4'},{'D7'},{'D2'},{'D3'},{'R3'},{'R2'},{'R1'},&,3.0,&
{'D1'},{'D6'},{'D5'},{'D4'},{'D7'},{'D3'},{'R3'},{'D2'},{'R1'},{'R2'},&,1.0,&
{'D1'},{'D6'},{'D5'},{'D4'},{'D7'},{'D3'},{'D2'},{'R1'},{'R3'},{'R2'},&,1.0,&
{'D1'},{'D6'},{'D5'},{'D4'},{'D7'},{'D3'},{'D2'},{'R2'},{'R3'},{'R1'},&,3.0,&
{'D1'},{'D6'},{'D5'},{'D4'},{'D7'},{'D3'},{'D2'},{'R3'},{'R2'},{'R1'},&,1.0,&
{'D1'},{'D6'},{'D5'},{'D4'},{'D7'},{'D3'},{'D2'},{'R3'},{'R1'},{'R2'},&,5.0,&
{'D1'},{'D6'},{'D5'},{'D4'},{'D7'},{'D3'},{'R1'},{'D2'},{'R3'},{'R2'},&,2.0,&
{'D1'},{'D6'},{'D5'},{'D4'},{'D7'},{'R3'},{'D3'},{'D2'},{'R2'},{'R1'},&,1.0,&
{'D1'},{'D6'},{'D5'},{'D4'},{'D2'},{'D7'},{'D3'},{'R1'},{'R3'},{'R2'},&,1.0,&
{'D1'},{'D6'},{'D5'},{'D4'},{'D2'},{'D7'},{'D3'},{'R2'},{'R3'},{'R1'},&,1.0,&
{'D1'},{'D6'},{'D5'},{'D4'},{'D2'},{'D7'},{'D3'},{'R3'},{'R1'},{'R2'},&,2.0,&
{'D1'},{'D6'},{'D5'},{'D4'},{'D2'},{'D3'},{'R3'},{'D7'},{'R2'},{'R1'},&,1.0,&
{'D1'},{'D6'},{'D5'},{'D4'},{'D2'},{'D3'},{'D7'},{'R2'},{'R3'},{'R1'},&,1.0,&
{'D1'},{'D6'},{'D5'},{'D4'},{'D2'},{'D3'},{'D7'},{'R3'},{'R2'},{'R1'},&,1.0,&
{'D1'},{'D6'},{'D5'},{'D4'},{'D2'},{'D3'},{'D7'},{'R3'},{'R1'},{'R2'},&,1.0,&
{'D1'},{'D6'},{'D5'},{'D4'},{'D2'},{'R3'},{'D3'},{'D7'},{'R2'},{'R1'},&,1.0,&
{'D1'},{'D6'},{'D5'},{'D4'},{'D3'},{'D7'},{'R3'},{'D2'},{'R2'},{'R1'},&,1.0,&
{'D1'},{'D6'},{'D5'},{'D4'},{'D3'},{'D7'},{'D2'},{'R1'},{'R2'},{'R3'},&,3.0,&
{'D1'},{'D6'},{'D5'},{'D4'},{'D3'},{'D7'},{'D2'},{'R2'},{'R3'},{'R1'},&,2.0,&
{'D1'},{'D6'},{'D5'},{'D4'},{'D3'},{'D7'},{'D2'},{'R2'},{'R1'},{'R3'},&,2.0,&
{'D1'},{'D6'},{'D5'},{'D4'},{'D3'},{'D7'},{'D2'},{'R3'},{'R2'},{'R1'},&,3.0,&
{'D1'},{'D6'},{'D5'},{'D4'},{'D3'},{'D7'},{'D2'},{'R3'},{'R1'},{'R2'},&,3.0,&
{'D1'},{'D6'},{'D5'},{'D4'},{'D3'},{'D7'},{'R2'},{'D2'},{'R3'},{'R1'},&,1.0,&
{'D1'},{'D6'},{'D5'},{'D4'},{'D3'},{'D2'},{'R3'},{'D7'},{'R1'},{'R2'},&,1.0,&
{'D1'},{'D6'},{'D5'},{'D4'},{'D3'},{'D2'},{'D7'},{'R1'},{'R3'},{'R2'},&,1.0,&
{'D1'},{'D6'},{'D5'},{'D4'},{'D3'},{'D2'},{'D7'},{'R2'},{'R1'},{'R3'},&,1.0,&
{'D1'},{'D6'},{'D5'},{'D4'},{'D3'},{'D2'},{'D7'},{'R3'},{'R2'},{'R1'},&,2.0,&
{'D1'},{'D6'},{'D5'},{'D4'},{'D3'},{'D2'},{'D7'},{'R3'},{'R1'},{'R2'},&,2.0,&
{'D1'},{'D6'},{'D5'},{'D4'},{'D3'},{'R3'},{'D2'},{'D7'},{'R2'},{'R1'},&,1.0,&
{'D1'},{'D6'},{'D7'},{'D2'},{'D3'},{'D4'},{'D5'},{'R3'},{'R2'},{'R1'},&,1.0,&
{'D1'},{'D6'},{'D7'},{'D2'},{'D3'},{'D5'},{'R3'},{'D4'},{'R2'},{'R1'},&,1.0,&
{'D1'},{'D6'},{'D7'},{'D2'},{'D4'},{'D3'},{'D5'},{'R3'},{'R1'},{'R2'},&,1.0,&
{'D1'},{'D6'},{'D7'},{'D2'},{'D5'},{'D3'},{'D4'},{'R2'},{'R3'},{'R1'},&,1.0,&
{'D1'},{'D6'},{'D7'},{'D2'},{'D5'},{'D3'},{'D4'},{'R3'},{'R1'},{'R2'},&,1.0,&
{'D1'},{'D6'},{'D7'},{'D2'},{'D5'},{'D3'},{'R2'},{'D4'},{'R3'},{'R1'},&,2.0,&
{'D1'},{'D6'},{'D7'},{'D3'},{'D2'},{'D5'},{'D4'},{'R3'},{'R2'},{'R1'},&,1.0,&
{'D1'},{'D6'},{'D7'},{'D3'},{'D4'},{'D5'},{'D2'},{'R3'},{'R1'},{'R2'},&,1.0,&
{'D1'},{'D6'},{'D7'},{'D3'},{'D5'},{'D4'},{'R3'},{'D2'},{'R1'},{'R2'},&,1.0,&
{'D1'},{'D6'},{'D7'},{'D3'},{'D5'},{'D4'},{'R3'},{'R2'},{'D2'},{'R1'},&,1.0,&
{'D1'},{'D6'},{'D7'},{'D3'},{'D5'},{'D4'},{'D2'},{'R1'},{'R3'},{'R2'},&,2.0,&
{'D1'},{'D6'},{'D7'},{'D3'},{'D5'},{'D4'},{'D2'},{'R2'},{'R3'},{'R1'},&,1.0,&
{'D1'},{'D6'},{'D7'},{'D3'},{'D5'},{'D4'},{'D2'},{'R3'},{'R1'},{'R2'},&,2.0,&
{'D1'},{'D6'},{'D7'},{'D3'},{'D5'},{'D4'},{'R2'},{'D2'},{'R1'},{'R3'},&,1.0,&
{'D1'},{'D6'},{'D7'},{'D3'},{'D5'},{'D2'},{'D4'},{'R1'},{'R2'},{'R3'},&,1.0,&
{'D1'},{'D6'},{'D7'},{'D3'},{'D5'},{'D2'},{'D4'},{'R1'},{'R3'},{'R2'},&,1.0,&
{'D1'},{'D6'},{'D7'},{'D3'},{'D5'},{'D2'},{'D4'},{'R2'},{'R3'},{'R1'},&,1.0,&
{'D1'},{'D6'},{'D7'},{'D3'},{'D5'},{'D2'},{'D4'},{'R3'},{'R2'},{'R1'},&,2.0,&
{'D1'},{'D6'},{'D7'},{'D3'},{'D5'},{'D2'},{'D4'},{'R3'},{'R1'},{'R2'},&,1.0,&
{'D1'},{'D6'},{'D7'},{'D3'},{'D5'},{'R1'},{'D2'},{'R2'},{'D4'},{'R3'},&,1.0,&
{'D1'},{'D6'},{'D7'},{'D3'},{'R3'},{'D4'},{'D5'},{'D2'},{'R2'},{'R1'},&,1.0,&
{'D1'},{'D6'},{'D7'},{'D5'},{'D2'},{'D4'},{'D3'},{'R3'},{'R2'},{'R1'},&,1.0,&
{'D1'},{'D6'},{'D7'},{'D5'},{'D2'},{'D3'},{'D4'},{'R1'},{'R3'},{'R2'},&,2.0,&
{'D1'},{'D6'},{'D7'},{'D5'},{'D2'},{'D3'},{'D4'},{'R2'},{'R3'},{'R1'},&,1.0,&
{'D1'},{'D6'},{'D7'},{'D5'},{'D2'},{'D3'},{'D4'},{'R3'},{'R2'},{'R1'},&,1.0,&
{'D1'},{'D6'},{'D7'},{'D5'},{'D2'},{'D3'},{'R1'},{'R2'},{'D4'},{'R3'},&,1.0,&
{'D1'},{'D6'},{'D7'},{'D5'},{'D3'},{'D4'},{'R3'},{'D2'},{'R2'},{'R1'},&,1.0,&
{'D1'},{'D6'},{'D7'},{'D5'},{'D3'},{'D4'},{'R3'},{'D2'},{'R1'},{'R2'},&,1.0,&
{'D1'},{'D6'},{'D7'},{'D5'},{'D3'},{'D4'},{'D2'},{'R1'},{'R3'},{'R2'},&,1.0,&
{'D1'},{'D6'},{'D7'},{'D5'},{'D3'},{'D4'},{'D2'},{'R3'},{'R2'},{'R1'},&,3.0,&
{'D1'},{'D6'},{'D7'},{'D5'},{'D3'},{'D4'},{'D2'},{'R3'},{'R1'},{'R2'},&,1.0,&
{'D1'},{'D6'},{'D7'},{'D5'},{'D3'},{'D4'},{'R2'},{'D2'},{'R3'},{'R1'},&,1.0,&
{'D1'},{'D6'},{'D7'},{'D5'},{'D3'},{'D2'},{'R3'},{'D4'},{'R2'},{'R1'},&,1.0,&
{'D1'},{'D6'},{'D7'},{'D5'},{'D3'},{'D2'},{'R3'},{'D4'},{'R1'},{'R2'},&,1.0,&
{'D1'},{'D6'},{'D7'},{'D5'},{'D3'},{'D2'},{'D4'},{'R1'},{'R3'},{'R2'},&,1.0,&
{'D1'},{'D6'},{'D7'},{'D5'},{'D3'},{'D2'},{'D4'},{'R2'},{'R3'},{'R1'},&,1.0,&
{'D1'},{'D6'},{'D7'},{'D5'},{'D3'},{'D2'},{'D4'},{'R3'},{'R2'},{'R1'},&,1.0,&
{'D1'},{'D6'},{'D7'},{'D5'},{'D3'},{'D2'},{'D4'},{'R3'},{'R1'},{'R2'},&,1.0,&
{'D1'},{'D6'},{'D7'},{'D5'},{'D3'},{'R3'},{'D4'},{'D2'},{'R1'},{'R2'},&,1.0,&
{'D1'},{'D6'},{'D7'},{'D5'},{'D4'},{'D2'},{'D3'},{'R2'},{'R3'},{'R1'},&,1.0,&
{'D1'},{'D6'},{'D7'},{'D5'},{'D4'},{'D2'},{'D3'},{'R3'},{'R2'},{'R1'},&,4.0,&
{'D1'},{'D6'},{'D7'},{'D5'},{'D4'},{'D2'},{'R1'},{'D3'},{'R3'},{'R2'},&,1.0,&
{'D1'},{'D6'},{'D7'},{'D5'},{'D4'},{'D3'},{'R3'},{'D2'},{'R1'},{'R2'},&,1.0,&
{'D1'},{'D6'},{'D7'},{'D5'},{'D4'},{'D3'},{'D2'},{'R1'},{'R2'},{'R3'},&,1.0,&
{'D1'},{'D6'},{'D7'},{'D5'},{'D4'},{'D3'},{'D2'},{'R1'},{'R3'},{'R2'},&,2.0,&
{'D1'},{'D6'},{'D7'},{'D5'},{'D4'},{'D3'},{'D2'},{'R3'},{'R2'},{'R1'},&,1.0,&
{'D1'},{'D6'},{'D7'},{'D5'},{'D4'},{'D3'},{'D2'},{'R3'},{'R1'},{'R2'},&,2.0,&
{'D1'},{'D6'},{'D7'},{'D5'},{'D4'},{'R3'},{'D3'},{'D2'},{'R2'},{'R1'},&,1.0,&
{'D1'},{'D6'},{'D7'},{'D5'},{'R3'},{'D3'},{'D4'},{'R1'},{'R2'},{'D2'},&,1.0,&
{'D1'},{'D6'},{'D7'},{'D4'},{'D3'},{'D5'},{'D2'},{'R3'},{'R1'},{'R2'},&,1.0,&
{'D1'},{'D6'},{'D7'},{'D4'},{'D5'},{'D2'},{'R3'},{'D3'},{'R2'},{'R1'},&,1.0,&
{'D1'},{'D6'},{'D7'},{'D4'},{'D5'},{'D3'},{'D2'},{'R1'},{'R3'},{'R2'},&,1.0,&
{'D1'},{'D6'},{'D7'},{'D4'},{'D5'},{'D3'},{'D2'},{'R3'},{'R2'},{'R1'},&,1.0,&
{'D1'},{'D6'},{'D7'},{'D4'},{'D5'},{'D3'},{'D2'},{'R3'},{'R1'},{'R2'},&,1.0,&
{'D1'},{'D6'},{'D7'},{'D4'},{'R1'},{'D5'},{'D3'},{'D2'},{'R3'},{'R2'},&,1.0,&
{'D1'},{'D6'},{'D2'},{'D7'},{'D3'},{'D5'},{'D4'},{'R1'},{'R3'},{'R2'},&,1.0,&
{'D1'},{'D6'},{'D2'},{'D7'},{'D4'},{'D5'},{'D3'},{'R2'},{'R3'},{'R1'},&,2.0,&
{'D1'},{'D6'},{'D2'},{'D7'},{'D5'},{'D4'},{'D3'},{'R1'},{'R3'},{'R2'},&,1.0,&
{'D1'},{'D6'},{'D2'},{'D7'},{'D5'},{'D3'},{'D4'},{'R3'},{'R1'},{'R2'},&,1.0,&
{'D1'},{'D6'},{'D2'},{'D7'},{'D5'},{'D3'},{'R1'},{'R3'},{'D4'},{'R2'},&,1.0,&
{'D1'},{'D6'},{'D2'},{'D7'},{'D5'},{'R3'},{'D4'},{'R1'},{'D3'},{'R2'},&,1.0,&
{'D1'},{'D6'},{'D2'},{'D7'},{'D5'},{'R3'},{'D3'},{'D4'},{'R2'},{'R1'},&,1.0,&
{'D1'},{'D6'},{'D2'},{'D3'},{'D4'},{'D5'},{'D7'},{'R2'},{'R3'},{'R1'},&,1.0,&
{'D1'},{'D6'},{'D2'},{'D3'},{'D5'},{'D4'},{'R2'},{'D7'},{'R3'},{'R1'},&,1.0,&
{'D1'},{'D6'},{'D2'},{'D3'},{'D5'},{'D4'},{'D7'},{'R1'},{'R3'},{'R2'},&,1.0,&
{'D1'},{'D6'},{'D2'},{'D3'},{'D5'},{'D4'},{'D7'},{'R3'},{'R2'},{'R1'},&,1.0,&
{'D1'},{'D6'},{'D2'},{'D3'},{'D5'},{'D7'},{'R3'},{'D4'},{'R2'},{'R1'},&,1.0,&
{'D1'},{'D6'},{'D2'},{'D3'},{'D5'},{'D7'},{'D4'},{'R3'},{'R2'},{'R1'},&,2.0,&
{'D1'},{'D6'},{'D2'},{'D3'},{'R1'},{'D7'},{'D5'},{'D4'},{'R2'},{'R3'},&,1.0,&
{'D1'},{'D6'},{'D2'},{'D5'},{'D7'},{'D3'},{'D4'},{'R1'},{'R3'},{'R2'},&,1.0,&
{'D1'},{'D6'},{'D2'},{'D5'},{'D7'},{'D3'},{'R1'},{'D4'},{'R3'},{'R2'},&,1.0,&
{'D1'},{'D6'},{'D2'},{'D5'},{'D3'},{'D4'},{'D7'},{'R2'},{'R3'},{'R1'},&,2.0,&
{'D1'},{'D6'},{'D2'},{'D5'},{'D3'},{'D4'},{'D7'},{'R3'},{'R2'},{'R1'},&,2.0,&
{'D1'},{'D6'},{'D2'},{'D5'},{'D3'},{'D4'},{'D7'},{'R3'},{'R1'},{'R2'},&,1.0,&
{'D1'},{'D6'},{'D2'},{'D5'},{'D3'},{'D7'},{'R3'},{'D4'},{'R2'},{'R1'},&,1.0,&
{'D1'},{'D6'},{'D2'},{'D5'},{'D3'},{'D7'},{'D4'},{'R2'},{'R3'},{'R1'},&,1.0,&
{'D1'},{'D6'},{'D2'},{'D5'},{'D3'},{'D7'},{'D4'},{'R3'},{'R2'},{'R1'},&,3.0,&
{'D1'},{'D6'},{'D2'},{'D5'},{'D3'},{'D7'},{'D4'},{'R3'},{'R1'},{'R2'},&,2.0,&
{'D1'},{'D6'},{'D2'},{'D5'},{'D3'},{'D7'},{'R2'},{'D4'},{'R3'},{'R1'},&,1.0,&
{'D1'},{'D6'},{'D2'},{'D5'},{'D3'},{'D7'},{'R1'},{'D4'},{'R3'},{'R2'},&,1.0,&
{'D1'},{'D6'},{'D2'},{'D5'},{'D3'},{'R3'},{'D4'},{'D7'},{'R1'},{'R2'},&,1.0,&
{'D1'},{'D6'},{'D2'},{'D5'},{'D4'},{'R1'},{'D3'},{'D7'},{'R3'},{'R2'},&,1.0,&
{'D1'},{'D6'},{'D2'},{'D4'},{'D7'},{'D3'},{'D5'},{'R3'},{'R2'},{'R1'},&,1.0,&
{'D1'},{'D6'},{'D2'},{'D4'},{'D3'},{'D7'},{'D5'},{'R2'},{'R3'},{'R1'},&,1.0,&
{'D1'},{'D6'},{'D2'},{'D4'},{'D3'},{'D5'},{'D7'},{'R1'},{'R3'},{'R2'},&,1.0,&
{'D1'},{'D6'},{'D2'},{'D4'},{'D3'},{'D5'},{'D7'},{'R2'},{'R1'},{'R3'},&,1.0,&
{'D1'},{'D6'},{'D2'},{'D4'},{'D5'},{'D7'},{'D3'},{'R3'},{'R2'},{'R1'},&,1.0,&
{'D1'},{'D6'},{'D2'},{'D4'},{'D5'},{'D3'},{'R3'},{'D7'},{'R1'},{'R2'},&,1.0,&
{'D1'},{'D6'},{'D2'},{'D4'},{'D5'},{'D3'},{'D7'},{'R3'},{'R2'},{'R1'},&,2.0,&
{'D1'},{'D6'},{'D2'},{'D4'},{'D5'},{'D3'},{'D7'},{'R3'},{'R1'},{'R2'},&,1.0,&
{'D1'},{'D6'},{'D2'},{'D4'},{'D5'},{'D3'},{'R1'},{'D7'},{'R3'},{'R2'},&,1.0,&
{'D1'},{'D2'},{'D4'},{'D7'},{'D3'},{'D6'},{'D5'},{'R2'},{'R1'},{'R3'},&,1.0,&
{'D1'},{'D2'},{'D4'},{'D7'},{'D3'},{'D5'},{'D6'},{'R3'},{'R2'},{'R1'},&,1.0,&
{'D1'},{'D2'},{'D4'},{'D7'},{'D5'},{'D6'},{'R3'},{'D3'},{'R1'},{'R2'},&,1.0,&
{'D1'},{'D2'},{'D4'},{'D7'},{'D5'},{'D6'},{'D3'},{'R2'},{'R3'},{'R1'},&,1.0,&
{'D1'},{'D2'},{'D4'},{'D3'},{'D5'},{'D6'},{'D7'},{'R1'},{'R3'},{'R2'},&,1.0,&
{'D1'},{'D2'},{'D4'},{'D5'},{'D7'},{'D6'},{'D3'},{'R2'},{'R3'},{'R1'},&,1.0,&
{'D1'},{'D2'},{'D4'},{'D5'},{'D3'},{'D7'},{'D6'},{'R2'},{'R3'},{'R1'},&,1.0,&
{'D1'},{'D2'},{'D4'},{'D5'},{'D6'},{'D7'},{'D3'},{'R3'},{'R2'},{'R1'},&,1.0,&
{'D1'},{'D2'},{'D4'},{'D5'},{'D6'},{'D3'},{'R2'},{'D7'},{'R3'},{'R1'},&,1.0,&
{'D1'},{'D2'},{'D4'},{'D5'},{'D6'},{'D3'},{'D7'},{'R1'},{'R3'},{'R2'},&,1.0,&
{'D1'},{'D2'},{'D4'},{'D5'},{'D6'},{'D3'},{'D7'},{'R2'},{'R3'},{'R1'},&,1.0,&
{'D1'},{'D2'},{'D4'},{'D5'},{'D6'},{'D3'},{'D7'},{'R3'},{'R2'},{'R1'},&,1.0,&
{'D1'},{'D2'},{'D4'},{'D5'},{'D6'},{'D3'},{'R1'},{'D7'},{'R3'},{'R2'},&,1.0,&
{'D1'},{'D2'},{'D4'},{'D6'},{'D3'},{'D7'},{'R2'},{'D5'},{'R1'},{'R3'},&,1.0,&
{'D1'},{'D2'},{'D4'},{'D6'},{'D3'},{'D5'},{'D7'},{'R3'},{'R2'},{'R1'},&,1.0,&
{'D1'},{'D2'},{'D4'},{'D6'},{'D5'},{'D7'},{'D3'},{'R3'},{'R2'},{'R1'},&,1.0,&
{'D1'},{'D2'},{'D4'},{'D6'},{'D5'},{'D3'},{'D7'},{'R3'},{'R1'},{'R2'},&,2.0,&
{'D1'},{'D2'},{'D3'},{'D7'},{'D4'},{'D6'},{'D5'},{'R3'},{'R2'},{'R1'},&,1.0,&
{'D1'},{'D2'},{'D3'},{'D7'},{'D4'},{'D5'},{'D6'},{'R3'},{'R2'},{'R1'},&,1.0,&
{'D1'},{'D2'},{'D3'},{'D7'},{'D4'},{'D5'},{'D6'},{'R3'},{'R1'},{'R2'},&,1.0,&
{'D1'},{'D2'},{'D3'},{'D7'},{'D5'},{'D6'},{'D4'},{'R2'},{'R3'},{'R1'},&,1.0,&
{'D1'},{'D2'},{'D3'},{'D7'},{'D5'},{'D6'},{'R2'},{'D4'},{'R3'},{'R1'},&,1.0,&
{'D1'},{'D2'},{'D3'},{'D5'},{'D7'},{'D6'},{'R3'},{'D4'},{'R1'},{'R2'},&,1.0,&
{'D1'},{'D2'},{'D3'},{'D5'},{'D7'},{'D6'},{'D4'},{'R1'},{'R2'},{'R3'},&,1.0,&
{'D1'},{'D2'},{'D3'},{'D5'},{'D7'},{'D6'},{'D4'},{'R1'},{'R3'},{'R2'},&,1.0,&
{'D1'},{'D2'},{'D3'},{'D5'},{'D7'},{'D6'},{'D4'},{'R2'},{'R3'},{'R1'},&,1.0,&
{'D1'},{'D2'},{'D3'},{'D5'},{'D7'},{'D6'},{'D4'},{'R3'},{'R1'},{'R2'},&,1.0,&
{'D1'},{'D2'},{'D3'},{'D5'},{'D6'},{'D4'},{'D7'},{'R1'},{'R2'},{'R3'},&,1.0,&
{'D1'},{'D2'},{'D3'},{'D5'},{'D6'},{'D4'},{'D7'},{'R1'},{'R3'},{'R2'},&,1.0,&
{'D1'},{'D2'},{'D3'},{'D5'},{'D6'},{'D4'},{'D7'},{'R3'},{'R2'},{'R1'},&,1.0,&
{'D1'},{'D2'},{'D3'},{'D5'},{'D6'},{'D7'},{'R3'},{'D4'},{'R1'},{'R2'},&,1.0,&
{'D1'},{'D2'},{'D3'},{'D5'},{'D4'},{'D6'},{'D7'},{'R2'},{'R1'},{'R3'},&,1.0,&
{'D1'},{'D2'},{'D3'},{'D5'},{'D4'},{'D6'},{'D7'},{'R3'},{'R2'},{'R1'},&,1.0,&
{'D1'},{'D2'},{'D3'},{'D5'},{'D4'},{'D6'},{'R1'},{'R2'},{'D7'},{'R3'},&,1.0,&
{'D1'},{'D2'},{'D3'},{'D5'},{'R3'},{'D6'},{'R2'},{'D7'},{'D4'},{'R1'},&,1.0,&
{'D1'},{'D2'},{'D3'},{'D5'},{'R3'},{'D4'},{'D6'},{'D7'},{'R2'},{'R1'},&,1.0,&
{'D1'},{'D2'},{'D3'},{'D6'},{'D4'},{'D5'},{'D7'},{'R2'},{'R3'},{'R1'},&,1.0,&
{'D1'},{'D2'},{'D3'},{'D6'},{'D5'},{'D4'},{'R3'},{'R1'},{'D7'},{'R2'},&,1.0,&
{'D1'},{'D2'},{'D3'},{'D6'},{'D5'},{'D4'},{'D7'},{'R3'},{'R1'},{'R2'},&,3.0,&
{'D1'},{'D2'},{'D3'},{'D6'},{'D5'},{'D7'},{'D4'},{'R3'},{'R2'},{'R1'},&,1.0,&
{'D1'},{'D2'},{'D3'},{'D4'},{'D6'},{'D5'},{'R3'},{'D7'},{'R1'},{'R2'},&,1.0,&
{'D1'},{'D2'},{'D3'},{'D4'},{'D6'},{'D5'},{'D7'},{'R1'},{'R3'},{'R2'},&,1.0,&
{'D1'},{'D2'},{'D3'},{'D4'},{'D6'},{'D5'},{'D7'},{'R3'},{'R2'},{'R1'},&,1.0,&
{'D1'},{'D2'},{'D3'},{'D4'},{'D6'},{'D5'},{'R1'},{'D7'},{'R2'},{'R3'},&,1.0,&
{'D1'},{'D2'},{'D3'},{'D4'},{'D5'},{'D6'},{'D7'},{'R3'},{'R2'},{'R1'},&,1.0,&
{'D1'},{'D2'},{'D3'},{'D4'},{'R1'},{'D5'},{'D6'},{'D7'},{'R3'},{'R2'},&,1.0,&
{'D1'},{'D2'},{'D5'},{'D7'},{'D3'},{'D4'},{'R2'},{'R1'},{'D6'},{'R3'},&,1.0,&
{'D1'},{'D2'},{'D5'},{'D7'},{'D6'},{'D4'},{'R3'},{'D3'},{'R1'},{'R2'},&,1.0,&
{'D1'},{'D2'},{'D5'},{'D7'},{'D6'},{'D4'},{'D3'},{'R3'},{'R1'},{'R2'},&,1.0,&
{'D1'},{'D2'},{'D5'},{'D7'},{'D6'},{'D3'},{'R3'},{'D4'},{'R2'},{'R1'},&,1.0,&
{'D1'},{'D2'},{'D5'},{'D7'},{'D6'},{'D3'},{'R3'},{'D4'},{'R1'},{'R2'},&,1.0,&
{'D1'},{'D2'},{'D5'},{'D7'},{'D6'},{'D3'},{'D4'},{'R1'},{'R3'},{'R2'},&,1.0,&
{'D1'},{'D2'},{'D5'},{'D7'},{'D6'},{'D3'},{'D4'},{'R3'},{'R2'},{'R1'},&,1.0,&
{'D1'},{'D2'},{'D5'},{'D7'},{'D6'},{'D3'},{'D4'},{'R3'},{'R1'},{'R2'},&,1.0,&
{'D1'},{'D2'},{'D5'},{'D7'},{'D6'},{'D3'},{'R2'},{'R1'},{'D4'},{'R3'},&,1.0,&
{'D1'},{'D2'},{'D5'},{'D7'},{'D6'},{'D3'},{'R1'},{'D4'},{'R2'},{'R3'},&,1.0,&
{'D1'},{'D2'},{'D5'},{'D7'},{'D4'},{'D6'},{'D3'},{'R1'},{'R3'},{'R2'},&,1.0,&
{'D1'},{'D2'},{'D5'},{'D7'},{'D4'},{'D6'},{'D3'},{'R3'},{'R2'},{'R1'},&,1.0,&
{'D1'},{'D2'},{'D5'},{'D7'},{'D4'},{'D6'},{'D3'},{'R3'},{'R1'},{'R2'},&,1.0,&
{'D1'},{'D2'},{'D5'},{'D7'},{'D4'},{'D3'},{'D6'},{'R3'},{'R2'},{'R1'},&,1.0,&
{'D1'},{'D2'},{'D5'},{'D3'},{'D7'},{'D6'},{'D4'},{'R2'},{'R3'},{'R1'},&,1.0,&
{'D1'},{'D2'},{'D5'},{'D3'},{'D7'},{'D6'},{'D4'},{'R3'},{'R1'},{'R2'},&,1.0,&
{'D1'},{'D2'},{'D5'},{'D3'},{'D7'},{'D6'},{'R1'},{'D4'},{'R3'},{'R2'},&,1.0,&
{'D1'},{'D2'},{'D5'},{'D3'},{'D7'},{'D4'},{'D6'},{'R1'},{'R3'},{'R2'},&,1.0,&
{'D1'},{'D2'},{'D5'},{'D3'},{'D7'},{'D4'},{'D6'},{'R3'},{'R2'},{'R1'},&,1.0,&
{'D1'},{'D2'},{'D5'},{'D3'},{'D7'},{'R3'},{'D4'},{'D6'},{'R2'},{'R1'},&,1.0,&
{'D1'},{'D2'},{'D5'},{'D3'},{'D6'},{'D4'},{'D7'},{'R2'},{'R3'},{'R1'},&,1.0,&
{'D1'},{'D2'},{'D5'},{'D3'},{'D6'},{'D4'},{'D7'},{'R3'},{'R2'},{'R1'},&,1.0,&
{'D1'},{'D2'},{'D5'},{'D3'},{'D6'},{'D4'},{'D7'},{'R3'},{'R1'},{'R2'},&,1.0,&
{'D1'},{'D2'},{'D5'},{'D3'},{'D6'},{'D7'},{'R3'},{'D4'},{'R1'},{'R2'},&,1.0,&
{'D1'},{'D2'},{'D5'},{'D3'},{'D6'},{'D7'},{'D4'},{'R3'},{'R1'},{'R2'},&,1.0,&
{'D1'},{'D2'},{'D5'},{'D3'},{'D6'},{'D7'},{'R1'},{'D4'},{'R3'},{'R2'},&,1.0,&
{'D1'},{'D2'},{'D5'},{'D3'},{'D6'},{'R2'},{'D7'},{'D4'},{'R3'},{'R1'},&,1.0,&
{'D1'},{'D2'},{'D5'},{'D3'},{'D4'},{'D6'},{'R2'},{'R1'},{'R3'},{'D7'},&,1.0,&
{'D1'},{'D2'},{'D5'},{'D3'},{'D4'},{'D6'},{'D7'},{'R2'},{'R1'},{'R3'},&,2.0,&
{'D1'},{'D2'},{'D5'},{'D3'},{'D4'},{'D6'},{'D7'},{'R3'},{'R2'},{'R1'},&,1.0,&
{'D1'},{'D2'},{'D5'},{'D3'},{'D4'},{'D6'},{'D7'},{'R3'},{'R1'},{'R2'},&,1.0,&
{'D1'},{'D2'},{'D5'},{'D3'},{'D4'},{'D7'},{'D6'},{'R1'},{'R3'},{'R2'},&,1.0,&
{'D1'},{'D2'},{'D5'},{'D6'},{'D7'},{'D4'},{'D3'},{'R3'},{'R1'},{'R2'},&,1.0,&
{'D1'},{'D2'},{'D5'},{'D6'},{'D7'},{'D3'},{'R3'},{'R2'},{'D4'},{'R1'},&,1.0,&
{'D1'},{'D2'},{'D5'},{'D6'},{'D7'},{'D3'},{'R3'},{'D4'},{'R2'},{'R1'},&,1.0,&
{'D1'},{'D2'},{'D5'},{'D6'},{'D3'},{'D4'},{'D7'},{'R1'},{'R3'},{'R2'},&,1.0,&
{'D1'},{'D2'},{'D5'},{'D6'},{'D3'},{'D4'},{'D7'},{'R2'},{'R1'},{'R3'},&,2.0,&
{'D1'},{'D2'},{'D5'},{'D6'},{'D3'},{'D4'},{'D7'},{'R3'},{'R2'},{'R1'},&,1.0,&
{'D1'},{'D2'},{'D5'},{'D6'},{'D3'},{'D4'},{'D7'},{'R3'},{'R1'},{'R2'},&,1.0,&
{'D1'},{'D2'},{'D5'},{'D6'},{'D3'},{'D4'},{'R1'},{'D7'},{'R3'},{'R2'},&,1.0,&
{'D1'},{'D2'},{'D5'},{'D6'},{'D3'},{'D7'},{'R3'},{'D4'},{'R2'},{'R1'},&,1.0,&
{'D1'},{'D2'},{'D5'},{'D6'},{'D3'},{'D7'},{'D4'},{'R3'},{'R2'},{'R1'},&,1.0,&
{'D1'},{'D2'},{'D5'},{'D6'},{'D3'},{'D7'},{'D4'},{'R3'},{'R1'},{'R2'},&,2.0,&
{'D1'},{'D2'},{'D5'},{'D6'},{'D3'},{'D7'},{'R2'},{'D4'},{'R3'},{'R1'},&,1.0,&
{'D1'},{'D2'},{'D5'},{'D6'},{'D3'},{'R3'},{'D4'},{'D7'},{'R2'},{'R1'},&,1.0,&
{'D1'},{'D2'},{'D5'},{'D6'},{'D4'},{'D3'},{'R3'},{'R2'},{'R1'},{'D7'},&,1.0,&
{'D1'},{'D2'},{'D5'},{'D6'},{'D4'},{'D3'},{'D7'},{'R1'},{'R3'},{'R2'},&,1.0,&
{'D1'},{'D2'},{'D5'},{'D6'},{'R3'},{'D7'},{'R2'},{'D3'},{'D4'},{'R1'},&,1.0,&
{'D1'},{'D2'},{'D5'},{'D4'},{'D7'},{'D3'},{'D6'},{'R3'},{'R1'},{'R2'},&,1.0,&
{'D1'},{'D2'},{'D5'},{'D4'},{'D3'},{'D6'},{'R3'},{'D7'},{'R1'},{'R2'},&,1.0,&
{'D1'},{'D2'},{'D5'},{'D4'},{'D3'},{'D6'},{'D7'},{'R3'},{'R1'},{'R2'},&,1.0,&
{'D1'},{'D2'},{'D5'},{'D4'},{'D3'},{'D7'},{'D6'},{'R2'},{'R3'},{'R1'},&,1.0,&
{'D1'},{'D2'},{'D5'},{'D4'},{'D3'},{'D7'},{'D6'},{'R3'},{'R2'},{'R1'},&,1.0,&
{'D1'},{'D2'},{'D5'},{'D4'},{'D3'},{'D7'},{'D6'},{'R3'},{'R1'},{'R2'},&,1.0,&
{'D1'},{'D2'},{'D5'},{'D4'},{'D6'},{'D7'},{'D3'},{'R3'},{'R1'},{'R2'},&,1.0,&
{'D1'},{'D2'},{'D5'},{'D4'},{'D6'},{'D7'},{'R1'},{'D3'},{'R3'},{'R2'},&,1.0,&
{'D1'},{'D2'},{'D5'},{'D4'},{'D6'},{'D3'},{'R3'},{'D7'},{'R2'},{'R1'},&,1.0,&
{'D1'},{'D2'},{'D6'},{'D7'},{'D5'},{'D3'},{'R3'},{'D4'},{'R1'},{'R2'},&,1.0,&
{'D1'},{'D2'},{'D6'},{'D7'},{'D5'},{'D3'},{'D4'},{'R2'},{'R1'},{'R3'},&,1.0,&
{'D1'},{'D2'},{'D6'},{'D3'},{'D7'},{'D5'},{'D4'},{'R3'},{'R2'},{'R1'},&,1.0,&
{'D1'},{'D2'},{'D6'},{'D3'},{'D4'},{'D5'},{'D7'},{'R3'},{'R2'},{'R1'},&,1.0,&
{'D1'},{'D2'},{'D6'},{'D3'},{'D5'},{'D4'},{'D7'},{'R1'},{'R3'},{'R2'},&,1.0,&
{'D1'},{'D2'},{'D6'},{'D3'},{'D5'},{'D4'},{'D7'},{'R3'},{'R2'},{'R1'},&,1.0,&
{'D1'},{'D2'},{'D6'},{'D3'},{'D5'},{'D7'},{'D4'},{'R1'},{'R3'},{'R2'},&,1.0,&
{'D1'},{'D2'},{'D6'},{'D5'},{'D7'},{'D3'},{'R3'},{'D4'},{'R2'},{'R1'},&,1.0,&
{'D1'},{'D2'},{'D6'},{'D5'},{'D7'},{'D3'},{'D4'},{'R1'},{'R3'},{'R2'},&,1.0,&
{'D1'},{'D2'},{'D6'},{'D5'},{'D7'},{'D3'},{'D4'},{'R3'},{'R2'},{'R1'},&,3.0,&
{'D1'},{'D2'},{'D6'},{'D5'},{'D3'},{'D4'},{'R3'},{'R1'},{'D7'},{'R2'},&,1.0,&
{'D1'},{'D2'},{'D6'},{'D5'},{'D3'},{'D4'},{'D7'},{'R1'},{'R3'},{'R2'},&,1.0,&
{'D1'},{'D2'},{'D6'},{'D5'},{'D3'},{'D4'},{'D7'},{'R3'},{'R1'},{'R2'},&,1.0,&
{'D1'},{'D2'},{'D6'},{'D5'},{'D3'},{'D7'},{'D4'},{'R1'},{'R3'},{'R2'},&,2.0,&
{'D1'},{'D2'},{'D6'},{'D5'},{'D3'},{'D7'},{'D4'},{'R3'},{'R2'},{'R1'},&,2.0,&
{'D1'},{'D2'},{'D6'},{'D5'},{'D3'},{'D7'},{'D4'},{'R3'},{'R1'},{'R2'},&,1.0,&
{'D1'},{'D2'},{'D6'},{'D5'},{'D4'},{'D3'},{'D7'},{'R2'},{'R3'},{'R1'},&,1.0,&
{'D1'},{'D2'},{'D6'},{'D5'},{'D4'},{'D3'},{'D7'},{'R3'},{'R2'},{'R1'},&,1.0,&
{'D1'},{'D2'},{'D6'},{'D5'},{'D4'},{'D3'},{'D7'},{'R3'},{'R1'},{'R2'},&,1.0,&
{'D1'},{'D2'},{'D6'},{'D4'},{'D7'},{'D5'},{'D3'},{'R3'},{'R1'},{'R2'},&,1.0,&
{'D1'},{'D2'},{'D6'},{'D4'},{'D3'},{'D5'},{'D7'},{'R3'},{'R1'},{'R2'},&,1.0,&
{'D1'},{'D2'},{'D6'},{'D4'},{'D3'},{'D5'},{'R1'},{'D7'},{'R3'},{'R2'},&,1.0,&
{'D1'},{'D2'},{'D6'},{'D4'},{'D5'},{'D3'},{'D7'},{'R1'},{'R3'},{'R2'},&,1.0,&
{'D1'},{'D2'},{'D7'},{'D3'},{'D4'},{'D6'},{'D5'},{'R3'},{'R1'},{'R2'},&,1.0,&
{'D1'},{'D2'},{'D7'},{'D3'},{'D5'},{'D6'},{'R3'},{'D4'},{'R2'},{'R1'},&,1.0,&
{'D1'},{'D2'},{'D7'},{'D3'},{'D5'},{'D6'},{'R1'},{'D4'},{'R3'},{'R2'},&,1.0,&
{'D1'},{'D2'},{'D7'},{'D5'},{'D3'},{'D6'},{'D4'},{'R1'},{'R3'},{'R2'},&,1.0,&
{'D1'},{'D2'},{'D7'},{'D5'},{'D3'},{'D6'},{'D4'},{'R3'},{'R1'},{'R2'},&,1.0,&
{'D1'},{'D2'},{'D7'},{'D5'},{'D3'},{'D4'},{'D6'},{'R2'},{'R3'},{'R1'},&,1.0,&
{'D1'},{'D2'},{'D7'},{'D5'},{'D6'},{'D4'},{'D3'},{'R2'},{'R3'},{'R1'},&,1.0,&
{'D1'},{'D2'},{'D7'},{'D5'},{'D6'},{'D4'},{'D3'},{'R3'},{'R2'},{'R1'},&,1.0,&
{'D1'},{'D2'},{'D7'},{'D5'},{'D6'},{'D4'},{'D3'},{'R3'},{'R1'},{'R2'},&,1.0,&
{'D1'},{'D2'},{'D7'},{'D5'},{'D6'},{'D3'},{'D4'},{'R2'},{'R3'},{'R1'},&,1.0,&
{'D1'},{'D2'},{'D7'},{'D5'},{'D6'},{'D3'},{'D4'},{'R3'},{'R1'},{'R2'},&,2.0,&
{'D1'},{'D2'},{'D7'},{'D5'},{'D4'},{'D6'},{'D3'},{'R3'},{'R1'},{'R2'},&,1.0,&
{'D1'},{'D2'},{'D7'},{'D5'},{'D4'},{'D3'},{'R1'},{'D6'},{'R3'},{'R2'},&,1.0,&
{'D1'},{'D2'},{'D7'},{'D6'},{'D3'},{'D4'},{'R1'},{'R3'},{'R2'},{'D5'},&,1.0,&
{'D1'},{'D2'},{'D7'},{'D6'},{'D3'},{'D5'},{'R3'},{'R2'},{'D4'},{'R1'},&,1.0,&
{'D1'},{'D2'},{'D7'},{'D6'},{'D3'},{'D5'},{'R3'},{'D4'},{'R2'},{'R1'},&,1.0,&
{'D1'},{'D2'},{'D7'},{'D6'},{'D3'},{'D5'},{'D4'},{'R1'},{'R3'},{'R2'},&,1.0,&
{'D1'},{'D2'},{'D7'},{'D6'},{'D5'},{'R1'},{'R2'},{'R3'},{'D3'},{'D4'},&,1.0,&
{'D1'},{'D2'},{'D7'},{'D4'},{'D5'},{'D3'},{'D6'},{'R2'},{'R3'},{'R1'},&,1.0,&
{'D1'},{'D2'},{'R3'},{'R2'},{'D4'},{'R1'},{'D6'},{'D3'},{'D5'},{'D7'},&,1.0,&
{'D1'},{'D2'},{'R3'},{'R2'},{'R1'},{'D4'},{'D6'},{'D7'},{'D3'},{'D5'},&,1.0,&
{'D1'},{'D7'},{'D4'},{'D2'},{'D3'},{'D5'},{'D6'},{'R3'},{'R1'},{'R2'},&,1.0,&
{'D1'},{'D7'},{'D4'},{'D2'},{'D6'},{'D3'},{'D5'},{'R2'},{'R3'},{'R1'},&,1.0,&
{'D1'},{'D7'},{'D4'},{'D2'},{'D5'},{'D6'},{'R3'},{'D3'},{'R1'},{'R2'},&,1.0,&
{'D1'},{'D7'},{'D4'},{'D3'},{'D6'},{'D5'},{'D2'},{'R3'},{'R1'},{'R2'},&,1.0,&
{'D1'},{'D7'},{'D4'},{'D3'},{'D6'},{'R1'},{'D5'},{'D2'},{'R2'},{'R3'},&,1.0,&
{'D1'},{'D7'},{'D4'},{'D3'},{'D5'},{'D6'},{'R3'},{'D2'},{'R2'},{'R1'},&,1.0,&
{'D1'},{'D7'},{'D4'},{'D3'},{'D5'},{'D6'},{'D2'},{'R1'},{'R2'},{'R3'},&,1.0,&
{'D1'},{'D7'},{'D4'},{'D3'},{'D5'},{'D6'},{'D2'},{'R2'},{'R1'},{'R3'},&,1.0,&
{'D1'},{'D7'},{'D4'},{'D3'},{'D5'},{'D6'},{'D2'},{'R3'},{'R2'},{'R1'},&,2.0,&
{'D1'},{'D7'},{'D4'},{'D3'},{'D5'},{'D6'},{'D2'},{'R3'},{'R1'},{'R2'},&,2.0,&
{'D1'},{'D7'},{'D4'},{'D3'},{'D5'},{'D6'},{'R2'},{'R3'},{'D2'},{'R1'},&,1.0,&
{'D1'},{'D7'},{'D4'},{'D5'},{'D2'},{'D6'},{'D3'},{'R1'},{'R3'},{'R2'},&,1.0,&
{'D1'},{'D7'},{'D4'},{'D5'},{'D2'},{'D3'},{'D6'},{'R1'},{'R3'},{'R2'},&,1.0,&
{'D1'},{'D7'},{'D4'},{'D5'},{'D2'},{'R1'},{'D3'},{'D6'},{'R3'},{'R2'},&,1.0,&
{'D1'},{'D7'},{'D4'},{'D5'},{'D3'},{'D6'},{'D2'},{'R3'},{'R2'},{'R1'},&,3.0,&
{'D1'},{'D7'},{'D4'},{'D5'},{'D3'},{'D6'},{'R1'},{'D2'},{'R3'},{'R2'},&,1.0,&
{'D1'},{'D7'},{'D4'},{'D5'},{'D3'},{'D6'},{'R1'},{'R2'},{'R3'},{'D2'},&,1.0,&
{'D1'},{'D7'},{'D4'},{'D5'},{'D3'},{'D2'},{'D6'},{'R1'},{'R3'},{'R2'},&,1.0,&
{'D1'},{'D7'},{'D4'},{'D5'},{'D6'},{'D2'},{'R1'},{'D3'},{'R3'},{'R2'},&,1.0,&
{'D1'},{'D7'},{'D4'},{'D5'},{'D6'},{'D3'},{'D2'},{'R1'},{'R2'},{'R3'},&,1.0,&
{'D1'},{'D7'},{'D4'},{'D5'},{'D6'},{'D3'},{'D2'},{'R2'},{'R3'},{'R1'},&,2.0,&
{'D1'},{'D7'},{'D4'},{'D5'},{'D6'},{'D3'},{'R2'},{'D2'},{'R1'},{'R3'},&,1.0,&
{'D1'},{'D7'},{'D4'},{'D5'},{'D6'},{'D3'},{'R1'},{'D2'},{'R3'},{'R2'},&,1.0,&
{'D1'},{'D7'},{'D4'},{'D5'},{'D6'},{'R3'},{'D3'},{'D2'},{'R1'},{'R2'},&,1.0,&
{'D1'},{'D7'},{'D4'},{'D6'},{'D2'},{'D5'},{'D3'},{'R3'},{'R1'},{'R2'},&,1.0,&
{'D1'},{'D7'},{'D4'},{'D6'},{'D2'},{'D3'},{'D5'},{'R1'},{'R3'},{'R2'},&,1.0,&
{'D1'},{'D7'},{'D4'},{'D6'},{'D2'},{'D3'},{'D5'},{'R3'},{'R2'},{'R1'},&,1.0,&
{'D1'},{'D7'},{'D4'},{'D6'},{'D3'},{'D2'},{'D5'},{'R3'},{'R1'},{'R2'},&,1.0,&
{'D1'},{'D7'},{'D4'},{'D6'},{'D3'},{'D5'},{'D2'},{'R1'},{'R2'},{'R3'},&,1.0,&
{'D1'},{'D7'},{'D4'},{'D6'},{'D3'},{'D5'},{'D2'},{'R1'},{'R3'},{'R2'},&,1.0,&
{'D1'},{'D7'},{'D4'},{'D6'},{'D3'},{'D5'},{'D2'},{'R2'},{'R3'},{'R1'},&,1.0,&
{'D1'},{'D7'},{'D4'},{'D6'},{'D3'},{'D5'},{'R2'},{'D2'},{'R1'},{'R3'},&,1.0,&
{'D1'},{'D7'},{'D4'},{'D6'},{'D5'},{'D2'},{'R2'},{'D3'},{'R1'},{'R3'},&,1.0,&
{'D1'},{'D7'},{'D4'},{'D6'},{'D5'},{'D2'},{'D3'},{'R1'},{'R3'},{'R2'},&,1.0,&
{'D1'},{'D7'},{'D4'},{'D6'},{'D5'},{'D3'},{'D2'},{'R1'},{'R2'},{'R3'},&,2.0,&
{'D1'},{'D7'},{'D4'},{'D6'},{'D5'},{'D3'},{'D2'},{'R3'},{'R2'},{'R1'},&,1.0,&
{'D1'},{'D7'},{'D4'},{'D6'},{'D5'},{'R3'},{'D2'},{'D3'},{'R1'},{'R2'},&,1.0,&
{'D1'},{'D7'},{'D3'},{'D2'},{'D6'},{'D5'},{'D4'},{'R3'},{'R2'},{'R1'},&,1.0,&
{'D1'},{'D7'},{'D3'},{'D2'},{'D4'},{'D6'},{'R3'},{'R1'},{'R2'},{'D5'},&,1.0,&
{'D1'},{'D7'},{'D3'},{'D2'},{'D5'},{'D6'},{'D4'},{'R2'},{'R3'},{'R1'},&,1.0,&
{'D1'},{'D7'},{'D3'},{'D2'},{'D5'},{'R3'},{'D4'},{'D6'},{'R1'},{'R2'},&,1.0,&
{'D1'},{'D7'},{'D3'},{'D5'},{'D2'},{'D6'},{'R3'},{'D4'},{'R1'},{'R2'},&,1.0,&
{'D1'},{'D7'},{'D3'},{'D5'},{'D2'},{'D6'},{'D4'},{'R2'},{'R1'},{'R3'},&,1.0,&
{'D1'},{'D7'},{'D3'},{'D5'},{'D2'},{'D6'},{'D4'},{'R3'},{'R2'},{'R1'},&,1.0,&
{'D1'},{'D7'},{'D3'},{'D5'},{'D2'},{'D6'},{'D4'},{'R3'},{'R1'},{'R2'},&,1.0,&
{'D1'},{'D7'},{'D3'},{'D5'},{'D2'},{'D4'},{'R2'},{'R1'},{'D6'},{'R3'},&,1.0,&
{'D1'},{'D7'},{'D3'},{'D5'},{'D2'},{'D4'},{'D6'},{'R1'},{'R2'},{'R3'},&,1.0,&
{'D1'},{'D7'},{'D3'},{'D5'},{'D2'},{'D4'},{'D6'},{'R2'},{'R3'},{'R1'},&,2.0,&
{'D1'},{'D7'},{'D3'},{'D5'},{'D6'},{'D4'},{'R3'},{'D2'},{'R2'},{'R1'},&,1.0,&
{'D1'},{'D7'},{'D3'},{'D5'},{'D6'},{'D4'},{'R3'},{'D2'},{'R1'},{'R2'},&,2.0,&
{'D1'},{'D7'},{'D3'},{'D5'},{'D6'},{'D4'},{'R3'},{'R1'},{'D2'},{'R2'},&,1.0,&
{'D1'},{'D7'},{'D3'},{'D5'},{'D6'},{'D4'},{'D2'},{'R1'},{'R2'},{'R3'},&,1.0,&
{'D1'},{'D7'},{'D3'},{'D5'},{'D6'},{'D4'},{'D2'},{'R1'},{'R3'},{'R2'},&,1.0,&
{'D1'},{'D7'},{'D3'},{'D5'},{'D6'},{'D4'},{'D2'},{'R2'},{'R3'},{'R1'},&,2.0,&
{'D1'},{'D7'},{'D3'},{'D5'},{'D6'},{'D4'},{'D2'},{'R3'},{'R1'},{'R2'},&,7.0,&
{'D1'},{'D7'},{'D3'},{'D5'},{'D6'},{'D4'},{'R2'},{'D2'},{'R1'},{'R3'},&,1.0,&
{'D1'},{'D7'},{'D3'},{'D5'},{'D6'},{'D2'},{'R3'},{'D4'},{'R2'},{'R1'},&,1.0,&
{'D1'},{'D7'},{'D3'},{'D5'},{'D6'},{'D2'},{'R3'},{'D4'},{'R1'},{'R2'},&,1.0,&
{'D1'},{'D7'},{'D3'},{'D5'},{'D6'},{'D2'},{'D4'},{'R1'},{'R3'},{'R2'},&,1.0,&
{'D1'},{'D7'},{'D3'},{'D5'},{'D6'},{'D2'},{'D4'},{'R2'},{'R3'},{'R1'},&,1.0,&
{'D1'},{'D7'},{'D3'},{'D5'},{'D6'},{'D2'},{'D4'},{'R2'},{'R1'},{'R3'},&,2.0,&
{'D1'},{'D7'},{'D3'},{'D5'},{'D6'},{'D2'},{'D4'},{'R3'},{'R2'},{'R1'},&,2.0,&
{'D1'},{'D7'},{'D3'},{'D5'},{'D6'},{'D2'},{'D4'},{'R3'},{'R1'},{'R2'},&,1.0,&
{'D1'},{'D7'},{'D3'},{'D5'},{'D6'},{'D2'},{'R1'},{'D4'},{'R3'},{'R2'},&,1.0,&
{'D1'},{'D7'},{'D3'},{'D5'},{'D6'},{'R1'},{'D2'},{'D4'},{'R2'},{'R3'},&,1.0,&
{'D1'},{'D7'},{'D3'},{'D5'},{'D4'},{'D6'},{'D2'},{'R1'},{'R3'},{'R2'},&,1.0,&
{'D1'},{'D7'},{'D3'},{'D5'},{'D4'},{'D6'},{'D2'},{'R2'},{'R3'},{'R1'},&,2.0,&
{'D1'},{'D7'},{'D3'},{'D5'},{'D4'},{'D6'},{'D2'},{'R3'},{'R2'},{'R1'},&,1.0,&
{'D1'},{'D7'},{'D3'},{'D5'},{'D4'},{'D6'},{'R1'},{'D2'},{'R3'},{'R2'},&,1.0,&
{'D1'},{'D7'},{'D3'},{'D5'},{'D4'},{'D2'},{'D6'},{'R1'},{'R3'},{'R2'},&,1.0,&
{'D1'},{'D7'},{'D3'},{'D5'},{'D4'},{'D2'},{'D6'},{'R3'},{'R2'},{'R1'},&,2.0,&
{'D1'},{'D7'},{'D3'},{'D6'},{'D2'},{'D5'},{'D4'},{'R1'},{'R2'},{'R3'},&,1.0,&
{'D1'},{'D7'},{'D3'},{'D6'},{'D2'},{'D5'},{'D4'},{'R1'},{'R3'},{'R2'},&,1.0,&
{'D1'},{'D7'},{'D3'},{'D6'},{'D2'},{'D5'},{'D4'},{'R3'},{'R1'},{'R2'},&,1.0,&
{'D1'},{'D7'},{'D3'},{'D6'},{'D4'},{'D5'},{'D2'},{'R2'},{'R3'},{'R1'},&,1.0,&
{'D1'},{'D7'},{'D3'},{'D6'},{'D4'},{'D5'},{'D2'},{'R3'},{'R1'},{'R2'},&,1.0,&
{'D1'},{'D7'},{'D3'},{'D6'},{'D4'},{'R3'},{'D5'},{'D2'},{'R1'},{'R2'},&,1.0,&
{'D1'},{'D7'},{'D3'},{'D6'},{'D5'},{'D4'},{'R3'},{'D2'},{'R2'},{'R1'},&,1.0,&
{'D1'},{'D7'},{'D3'},{'D6'},{'D5'},{'D4'},{'D2'},{'R1'},{'R2'},{'R3'},&,2.0,&
{'D1'},{'D7'},{'D3'},{'D6'},{'D5'},{'D4'},{'D2'},{'R1'},{'R3'},{'R2'},&,2.0,&
{'D1'},{'D7'},{'D3'},{'D6'},{'D5'},{'D4'},{'D2'},{'R2'},{'R3'},{'R1'},&,1.0,&
{'D1'},{'D7'},{'D3'},{'D6'},{'D5'},{'D4'},{'D2'},{'R2'},{'R1'},{'R3'},&,1.0,&
{'D1'},{'D7'},{'D3'},{'D6'},{'D5'},{'D4'},{'D2'},{'R3'},{'R1'},{'R2'},&,2.0,&
{'D1'},{'D7'},{'D3'},{'D6'},{'D5'},{'D2'},{'D4'},{'R1'},{'R3'},{'R2'},&,1.0,&
{'D1'},{'D7'},{'D3'},{'D6'},{'D5'},{'D2'},{'D4'},{'R3'},{'R1'},{'R2'},&,1.0,&
{'D1'},{'D7'},{'D3'},{'D6'},{'D5'},{'R3'},{'D4'},{'R1'},{'D2'},{'R2'},&,1.0,&
{'D1'},{'D7'},{'D3'},{'D6'},{'R3'},{'D4'},{'D5'},{'D2'},{'R2'},{'R1'},&,1.0,&
{'D1'},{'D7'},{'D3'},{'D4'},{'D2'},{'D5'},{'D6'},{'R2'},{'R1'},{'R3'},&,1.0,&
{'D1'},{'D7'},{'D3'},{'D4'},{'D6'},{'D5'},{'D2'},{'R3'},{'R1'},{'R2'},&,1.0,&
{'D1'},{'D7'},{'D3'},{'D4'},{'D5'},{'D6'},{'R3'},{'D2'},{'R2'},{'R1'},&,1.0,&
{'D1'},{'D7'},{'D3'},{'D4'},{'D5'},{'D6'},{'D2'},{'R3'},{'R1'},{'R2'},&,2.0,&
{'D1'},{'D7'},{'D3'},{'D4'},{'D5'},{'D2'},{'D6'},{'R3'},{'R1'},{'R2'},&,1.0,&
{'D1'},{'D7'},{'D3'},{'R2'},{'D5'},{'D4'},{'D6'},{'R3'},{'D2'},{'R1'},&,1.0,&
{'D1'},{'D7'},{'D3'},{'R3'},{'D5'},{'D6'},{'D2'},{'D4'},{'R2'},{'R1'},&,1.0,&
{'D1'},{'D7'},{'D5'},{'D2'},{'D3'},{'D6'},{'D4'},{'R1'},{'R2'},{'R3'},&,1.0,&
{'D1'},{'D7'},{'D5'},{'D2'},{'D3'},{'D6'},{'D4'},{'R2'},{'R3'},{'R1'},&,1.0,&
{'D1'},{'D7'},{'D5'},{'D2'},{'D3'},{'D4'},{'D6'},{'R2'},{'R3'},{'R1'},&,1.0,&
{'D1'},{'D7'},{'D5'},{'D2'},{'D3'},{'D4'},{'D6'},{'R3'},{'R2'},{'R1'},&,1.0,&
{'D1'},{'D7'},{'D5'},{'D2'},{'D3'},{'R1'},{'D6'},{'D4'},{'R3'},{'R2'},&,1.0,&
{'D1'},{'D7'},{'D5'},{'D2'},{'D3'},{'R3'},{'D4'},{'D6'},{'R1'},{'R2'},&,1.0,&
{'D1'},{'D7'},{'D5'},{'D2'},{'D4'},{'D6'},{'R1'},{'D3'},{'R3'},{'R2'},&,1.0,&
{'D1'},{'D7'},{'D5'},{'D2'},{'D4'},{'D3'},{'D6'},{'R1'},{'R3'},{'R2'},&,1.0,&
{'D1'},{'D7'},{'D5'},{'D2'},{'D4'},{'R2'},{'D6'},{'R1'},{'D3'},{'R3'},&,1.0,&
{'D1'},{'D7'},{'D5'},{'D3'},{'D2'},{'D6'},{'D4'},{'R1'},{'R3'},{'R2'},&,1.0,&
{'D1'},{'D7'},{'D5'},{'D3'},{'D2'},{'D6'},{'D4'},{'R2'},{'R3'},{'R1'},&,2.0,&
{'D1'},{'D7'},{'D5'},{'D3'},{'D2'},{'D4'},{'R3'},{'D6'},{'R2'},{'R1'},&,2.0,&
{'D1'},{'D7'},{'D5'},{'D3'},{'D2'},{'D4'},{'R2'},{'D6'},{'R3'},{'R1'},&,1.0,&
{'D1'},{'D7'},{'D5'},{'D3'},{'D2'},{'D4'},{'R1'},{'D6'},{'R3'},{'R2'},&,1.0,&
{'D1'},{'D7'},{'D5'},{'D3'},{'D2'},{'R3'},{'D6'},{'R2'},{'R1'},{'D4'},&,1.0,&
{'D1'},{'D7'},{'D5'},{'D3'},{'D6'},{'D4'},{'R3'},{'D2'},{'R2'},{'R1'},&,1.0,&
{'D1'},{'D7'},{'D5'},{'D3'},{'D6'},{'D4'},{'R3'},{'D2'},{'R1'},{'R2'},&,3.0,&
{'D1'},{'D7'},{'D5'},{'D3'},{'D6'},{'D4'},{'D2'},{'R1'},{'R2'},{'R3'},&,1.0,&
{'D1'},{'D7'},{'D5'},{'D3'},{'D6'},{'D4'},{'D2'},{'R1'},{'R3'},{'R2'},&,2.0,&
{'D1'},{'D7'},{'D5'},{'D3'},{'D6'},{'D4'},{'D2'},{'R3'},{'R2'},{'R1'},&,2.0,&
{'D1'},{'D7'},{'D5'},{'D3'},{'D6'},{'D4'},{'D2'},{'R3'},{'R1'},{'R2'},&,5.0,&
{'D1'},{'D7'},{'D5'},{'D3'},{'D6'},{'D4'},{'R2'},{'D2'},{'R3'},{'R1'},&,1.0,&
{'D1'},{'D7'},{'D5'},{'D3'},{'D6'},{'D2'},{'R3'},{'R2'},{'D4'},{'R1'},&,1.0,&
{'D1'},{'D7'},{'D5'},{'D3'},{'D6'},{'D2'},{'D4'},{'R3'},{'R2'},{'R1'},&,2.0,&
{'D1'},{'D7'},{'D5'},{'D3'},{'D6'},{'R2'},{'D2'},{'D4'},{'R3'},{'R1'},&,1.0,&
{'D1'},{'D7'},{'D5'},{'D3'},{'D6'},{'R1'},{'D2'},{'D4'},{'R3'},{'R2'},&,1.0,&
{'D1'},{'D7'},{'D5'},{'D3'},{'D6'},{'R1'},{'D4'},{'R3'},{'D2'},{'R2'},&,1.0,&
{'D1'},{'D7'},{'D5'},{'D3'},{'D4'},{'D6'},{'D2'},{'R1'},{'R2'},{'R3'},&,1.0,&
{'D1'},{'D7'},{'D5'},{'D3'},{'D4'},{'D6'},{'D2'},{'R1'},{'R3'},{'R2'},&,2.0,&
{'D1'},{'D7'},{'D5'},{'D3'},{'D4'},{'D6'},{'D2'},{'R3'},{'R2'},{'R1'},&,3.0,&
{'D1'},{'D7'},{'D5'},{'D3'},{'D4'},{'D6'},{'R1'},{'D2'},{'R3'},{'R2'},&,2.0,&
{'D1'},{'D7'},{'D5'},{'D3'},{'D4'},{'D2'},{'D6'},{'R3'},{'R2'},{'R1'},&,1.0,&
{'D1'},{'D7'},{'D5'},{'D3'},{'D4'},{'R3'},{'D6'},{'D2'},{'R1'},{'R2'},&,1.0,&
{'D1'},{'D7'},{'D5'},{'D3'},{'R3'},{'D6'},{'D2'},{'D4'},{'R2'},{'R1'},&,1.0,&
{'D1'},{'D7'},{'D5'},{'D6'},{'D2'},{'D4'},{'D3'},{'R2'},{'R3'},{'R1'},&,1.0,&
{'D1'},{'D7'},{'D5'},{'D6'},{'D2'},{'D4'},{'D3'},{'R3'},{'R2'},{'R1'},&,1.0,&
{'D1'},{'D7'},{'D5'},{'D6'},{'D2'},{'D4'},{'D3'},{'R3'},{'R1'},{'R2'},&,2.0,&
{'D1'},{'D7'},{'D5'},{'D6'},{'D2'},{'D3'},{'R3'},{'R2'},{'D4'},{'R1'},&,1.0,&
{'D1'},{'D7'},{'D5'},{'D6'},{'D2'},{'D3'},{'R3'},{'D4'},{'R1'},{'R2'},&,2.0,&
{'D1'},{'D7'},{'D5'},{'D6'},{'D2'},{'D3'},{'D4'},{'R1'},{'R3'},{'R2'},&,1.0,&
{'D1'},{'D7'},{'D5'},{'D6'},{'D2'},{'D3'},{'D4'},{'R2'},{'R3'},{'R1'},&,1.0,&
{'D1'},{'D7'},{'D5'},{'D6'},{'D2'},{'D3'},{'D4'},{'R3'},{'R1'},{'R2'},&,2.0,&
{'D1'},{'D7'},{'D5'},{'D6'},{'D2'},{'D3'},{'R1'},{'D4'},{'R2'},{'R3'},&,1.0,&
{'D1'},{'D7'},{'D5'},{'D6'},{'D3'},{'D4'},{'R3'},{'D2'},{'R2'},{'R1'},&,1.0,&
{'D1'},{'D7'},{'D5'},{'D6'},{'D3'},{'D4'},{'R3'},{'D2'},{'R1'},{'R2'},&,1.0,&
{'D1'},{'D7'},{'D5'},{'D6'},{'D3'},{'D4'},{'R3'},{'R1'},{'D2'},{'R2'},&,1.0,&
{'D1'},{'D7'},{'D5'},{'D6'},{'D3'},{'D4'},{'R3'},{'R2'},{'R1'},{'D2'},&,1.0,&
{'D1'},{'D7'},{'D5'},{'D6'},{'D3'},{'D4'},{'D2'},{'R1'},{'R2'},{'R3'},&,3.0,&
{'D1'},{'D7'},{'D5'},{'D6'},{'D3'},{'D4'},{'D2'},{'R1'},{'R3'},{'R2'},&,1.0,&
{'D1'},{'D7'},{'D5'},{'D6'},{'D3'},{'D4'},{'D2'},{'R2'},{'R3'},{'R1'},&,2.0,&
{'D1'},{'D7'},{'D5'},{'D6'},{'D3'},{'D4'},{'D2'},{'R3'},{'R2'},{'R1'},&,6.0,&
{'D1'},{'D7'},{'D5'},{'D6'},{'D3'},{'D4'},{'D2'},{'R3'},{'R1'},{'R2'},&,2.0,&
{'D1'},{'D7'},{'D5'},{'D6'},{'D3'},{'D4'},{'R2'},{'D2'},{'R3'},{'R1'},&,2.0,&
{'D1'},{'D7'},{'D5'},{'D6'},{'D3'},{'D4'},{'R2'},{'R3'},{'D2'},{'R1'},&,1.0,&
{'D1'},{'D7'},{'D5'},{'D6'},{'D3'},{'D2'},{'D4'},{'R1'},{'R3'},{'R2'},&,1.0,&
{'D1'},{'D7'},{'D5'},{'D6'},{'D3'},{'D2'},{'D4'},{'R2'},{'R3'},{'R1'},&,3.0,&
{'D1'},{'D7'},{'D5'},{'D6'},{'D3'},{'D2'},{'D4'},{'R3'},{'R2'},{'R1'},&,1.0,&
{'D1'},{'D7'},{'D5'},{'D6'},{'D3'},{'D2'},{'D4'},{'R3'},{'R1'},{'R2'},&,2.0,&
{'D1'},{'D7'},{'D5'},{'D6'},{'D3'},{'R3'},{'D4'},{'D2'},{'R2'},{'R1'},&,1.0,&
{'D1'},{'D7'},{'D5'},{'D6'},{'D4'},{'D2'},{'D3'},{'R3'},{'R2'},{'R1'},&,1.0,&
{'D1'},{'D7'},{'D5'},{'D6'},{'D4'},{'D2'},{'D3'},{'R3'},{'R1'},{'R2'},&,1.0,&
{'D1'},{'D7'},{'D5'},{'D6'},{'D4'},{'D2'},{'R1'},{'D3'},{'R3'},{'R2'},&,1.0,&
{'D1'},{'D7'},{'D5'},{'D6'},{'D4'},{'D3'},{'R3'},{'D2'},{'R1'},{'R2'},&,1.0,&
{'D1'},{'D7'},{'D5'},{'D6'},{'D4'},{'D3'},{'D2'},{'R2'},{'R3'},{'R1'},&,1.0,&
{'D1'},{'D7'},{'D5'},{'D6'},{'D4'},{'D3'},{'D2'},{'R3'},{'R1'},{'R2'},&,2.0,&
{'D1'},{'D7'},{'D5'},{'D6'},{'D4'},{'D3'},{'R2'},{'R3'},{'D2'},{'R1'},&,1.0,&
{'D1'},{'D7'},{'D5'},{'D6'},{'D4'},{'R3'},{'D3'},{'D2'},{'R2'},{'R1'},&,1.0,&
{'D1'},{'D7'},{'D5'},{'D6'},{'R3'},{'D3'},{'R2'},{'D4'},{'D2'},{'R1'},&,1.0,&
{'D1'},{'D7'},{'D5'},{'D4'},{'D2'},{'D6'},{'D3'},{'R1'},{'R3'},{'R2'},&,1.0,&
{'D1'},{'D7'},{'D5'},{'D4'},{'D2'},{'D3'},{'D6'},{'R3'},{'R1'},{'R2'},&,2.0,&
{'D1'},{'D7'},{'D5'},{'D4'},{'D3'},{'D6'},{'R3'},{'R2'},{'D2'},{'R1'},&,1.0,&
{'D1'},{'D7'},{'D5'},{'D4'},{'D3'},{'D6'},{'D2'},{'R1'},{'R3'},{'R2'},&,1.0,&
{'D1'},{'D7'},{'D5'},{'D4'},{'D3'},{'D6'},{'D2'},{'R3'},{'R1'},{'R2'},&,4.0,&
{'D1'},{'D7'},{'D5'},{'D4'},{'D3'},{'D6'},{'R1'},{'R3'},{'R2'},{'D2'},&,1.0,&
{'D1'},{'D7'},{'D5'},{'D4'},{'D3'},{'D2'},{'D6'},{'R1'},{'R3'},{'R2'},&,1.0,&
{'D1'},{'D7'},{'D5'},{'D4'},{'D3'},{'D2'},{'D6'},{'R2'},{'R3'},{'R1'},&,2.0,&
{'D1'},{'D7'},{'D5'},{'D4'},{'D3'},{'R1'},{'D6'},{'D2'},{'R2'},{'R3'},&,1.0,&
{'D1'},{'D7'},{'D5'},{'D4'},{'D6'},{'D3'},{'R3'},{'D2'},{'R2'},{'R1'},&,1.0,&
{'D1'},{'D7'},{'D5'},{'D4'},{'D6'},{'D3'},{'R3'},{'D2'},{'R1'},{'R2'},&,1.0,&
{'D1'},{'D7'},{'D5'},{'D4'},{'D6'},{'D3'},{'D2'},{'R1'},{'R2'},{'R3'},&,2.0,&
{'D1'},{'D7'},{'D5'},{'D4'},{'D6'},{'D3'},{'D2'},{'R2'},{'R3'},{'R1'},&,1.0,&
{'D1'},{'D7'},{'D5'},{'D4'},{'D6'},{'D3'},{'R1'},{'D2'},{'R3'},{'R2'},&,1.0,&
{'D1'},{'D7'},{'D5'},{'R2'},{'D6'},{'D3'},{'D4'},{'R3'},{'D2'},{'R1'},&,1.0,&
{'D1'},{'D7'},{'D5'},{'R3'},{'D2'},{'D4'},{'D6'},{'D3'},{'R2'},{'R1'},&,1.0,&
{'D1'},{'D7'},{'D5'},{'R3'},{'D2'},{'D3'},{'D6'},{'D4'},{'R1'},{'R2'},&,1.0,&
{'D1'},{'D7'},{'D6'},{'D2'},{'D3'},{'D4'},{'D5'},{'R2'},{'R3'},{'R1'},&,1.0,&
{'D1'},{'D7'},{'D6'},{'D2'},{'D3'},{'D5'},{'D4'},{'R3'},{'R2'},{'R1'},&,1.0,&
{'D1'},{'D7'},{'D6'},{'D2'},{'D5'},{'D3'},{'R3'},{'D4'},{'R2'},{'R1'},&,2.0,&
{'D1'},{'D7'},{'D6'},{'D2'},{'D5'},{'D3'},{'D4'},{'R3'},{'R2'},{'R1'},&,1.0,&
{'D1'},{'D7'},{'D6'},{'D2'},{'D5'},{'D3'},{'D4'},{'R3'},{'R1'},{'R2'},&,1.0,&
{'D1'},{'D7'},{'D6'},{'D3'},{'D2'},{'D5'},{'R3'},{'D4'},{'R2'},{'R1'},&,2.0,&
{'D1'},{'D7'},{'D6'},{'D3'},{'D2'},{'D5'},{'D4'},{'R3'},{'R1'},{'R2'},&,1.0,&
{'D1'},{'D7'},{'D6'},{'D3'},{'D4'},{'D5'},{'R1'},{'D2'},{'R3'},{'R2'},&,1.0,&
{'D1'},{'D7'},{'D6'},{'D3'},{'D4'},{'R2'},{'D5'},{'D2'},{'R3'},{'R1'},&,1.0,&
{'D1'},{'D7'},{'D6'},{'D3'},{'D5'},{'D4'},{'R3'},{'D2'},{'R2'},{'R1'},&,2.0,&
{'D1'},{'D7'},{'D6'},{'D3'},{'D5'},{'D4'},{'R3'},{'D2'},{'R1'},{'R2'},&,1.0,&
{'D1'},{'D7'},{'D6'},{'D3'},{'D5'},{'D4'},{'D2'},{'R1'},{'R3'},{'R2'},&,2.0,&
{'D1'},{'D7'},{'D6'},{'D3'},{'D5'},{'D4'},{'D2'},{'R2'},{'R3'},{'R1'},&,1.0,&
{'D1'},{'D7'},{'D6'},{'D3'},{'D5'},{'D4'},{'D2'},{'R3'},{'R2'},{'R1'},&,4.0,&
{'D1'},{'D7'},{'D6'},{'D3'},{'D5'},{'D4'},{'D2'},{'R3'},{'R1'},{'R2'},&,1.0,&
{'D1'},{'D7'},{'D6'},{'D3'},{'D5'},{'D4'},{'R2'},{'D2'},{'R3'},{'R1'},&,2.0,&
{'D1'},{'D7'},{'D6'},{'D3'},{'D5'},{'D2'},{'D4'},{'R1'},{'R2'},{'R3'},&,1.0,&
{'D1'},{'D7'},{'D6'},{'D3'},{'D5'},{'D2'},{'D4'},{'R2'},{'R3'},{'R1'},&,3.0,&
{'D1'},{'D7'},{'D6'},{'D3'},{'D5'},{'D2'},{'D4'},{'R3'},{'R1'},{'R2'},&,1.0,&
{'D1'},{'D7'},{'D6'},{'D3'},{'D5'},{'D2'},{'R2'},{'R1'},{'R3'},{'D4'},&,1.0,&
{'D1'},{'D7'},{'D6'},{'D3'},{'D5'},{'R3'},{'D2'},{'D4'},{'R2'},{'R1'},&,1.0,&
{'D1'},{'D7'},{'D6'},{'D3'},{'D5'},{'R3'},{'D4'},{'D2'},{'R2'},{'R1'},&,1.0,&
{'D1'},{'D7'},{'D6'},{'D5'},{'D2'},{'D4'},{'R3'},{'D3'},{'R2'},{'R1'},&,1.0,&
{'D1'},{'D7'},{'D6'},{'D5'},{'D2'},{'D4'},{'D3'},{'R1'},{'R3'},{'R2'},&,1.0,&
{'D1'},{'D7'},{'D6'},{'D5'},{'D2'},{'D3'},{'D4'},{'R2'},{'R1'},{'R3'},&,1.0,&
{'D1'},{'D7'},{'D6'},{'D5'},{'D2'},{'D3'},{'R2'},{'R1'},{'D4'},{'R3'},&,1.0,&
{'D1'},{'D7'},{'D6'},{'D5'},{'D3'},{'D4'},{'R3'},{'D2'},{'R2'},{'R1'},&,1.0,&
{'D1'},{'D7'},{'D6'},{'D5'},{'D3'},{'D4'},{'D2'},{'R1'},{'R2'},{'R3'},&,2.0,&
{'D1'},{'D7'},{'D6'},{'D5'},{'D3'},{'D4'},{'D2'},{'R1'},{'R3'},{'R2'},&,4.0,&
{'D1'},{'D7'},{'D6'},{'D5'},{'D3'},{'D4'},{'D2'},{'R2'},{'R3'},{'R1'},&,1.0,&
{'D1'},{'D7'},{'D6'},{'D5'},{'D3'},{'D4'},{'D2'},{'R3'},{'R2'},{'R1'},&,4.0,&
{'D1'},{'D7'},{'D6'},{'D5'},{'D3'},{'D4'},{'D2'},{'R3'},{'R1'},{'R2'},&,2.0,&
{'D1'},{'D7'},{'D6'},{'D5'},{'D3'},{'D4'},{'R2'},{'D2'},{'R1'},{'R3'},&,1.0,&
{'D1'},{'D7'},{'D6'},{'D5'},{'D3'},{'D4'},{'R1'},{'D2'},{'R3'},{'R2'},&,1.0,&
{'D1'},{'D7'},{'D6'},{'D5'},{'D3'},{'D2'},{'R3'},{'R2'},{'D4'},{'R1'},&,1.0,&
{'D1'},{'D7'},{'D6'},{'D5'},{'D3'},{'D2'},{'R3'},{'D4'},{'R1'},{'R2'},&,2.0,&
{'D1'},{'D7'},{'D6'},{'D5'},{'D3'},{'D2'},{'D4'},{'R1'},{'R3'},{'R2'},&,3.0,&
{'D1'},{'D7'},{'D6'},{'D5'},{'D3'},{'D2'},{'D4'},{'R2'},{'R3'},{'R1'},&,2.0,&
{'D1'},{'D7'},{'D6'},{'D5'},{'D3'},{'D2'},{'D4'},{'R3'},{'R2'},{'R1'},&,1.0,&
{'D1'},{'D7'},{'D6'},{'D5'},{'D3'},{'D2'},{'D4'},{'R3'},{'R1'},{'R2'},&,4.0,&
{'D1'},{'D7'},{'D6'},{'D5'},{'D3'},{'D2'},{'R2'},{'D4'},{'R3'},{'R1'},&,1.0,&
{'D1'},{'D7'},{'D6'},{'D5'},{'D3'},{'R3'},{'R1'},{'D2'},{'D4'},{'R2'},&,1.0,&
{'D1'},{'D7'},{'D6'},{'D5'},{'D4'},{'D2'},{'R3'},{'D3'},{'R1'},{'R2'},&,1.0,&
{'D1'},{'D7'},{'D6'},{'D5'},{'D4'},{'D2'},{'R2'},{'D3'},{'R3'},{'R1'},&,1.0,&
{'D1'},{'D7'},{'D6'},{'D5'},{'D4'},{'D2'},{'D3'},{'R3'},{'R1'},{'R2'},&,1.0,&
{'D1'},{'D7'},{'D6'},{'D5'},{'D4'},{'D3'},{'R3'},{'R2'},{'D2'},{'R1'},&,1.0,&
{'D1'},{'D7'},{'D6'},{'D5'},{'D4'},{'D3'},{'D2'},{'R1'},{'R2'},{'R3'},&,1.0,&
{'D1'},{'D7'},{'D6'},{'D5'},{'D4'},{'D3'},{'D2'},{'R2'},{'R3'},{'R1'},&,3.0,&
{'D1'},{'D7'},{'D6'},{'D5'},{'D4'},{'D3'},{'D2'},{'R3'},{'R2'},{'R1'},&,1.0,&
{'D1'},{'D7'},{'D6'},{'D5'},{'D4'},{'D3'},{'D2'},{'R3'},{'R1'},{'R2'},&,1.0,&
{'D1'},{'D7'},{'D6'},{'D5'},{'D4'},{'R3'},{'D3'},{'D2'},{'R2'},{'R1'},&,1.0,&
{'D1'},{'D7'},{'D6'},{'D5'},{'D4'},{'R3'},{'D3'},{'D2'},{'R1'},{'R2'},&,1.0,&
{'D1'},{'D7'},{'D6'},{'D5'},{'R3'},{'D3'},{'R2'},{'D2'},{'D4'},{'R1'},&,1.0,&
{'D1'},{'D7'},{'D6'},{'D4'},{'D3'},{'D5'},{'R3'},{'D2'},{'R2'},{'R1'},&,1.0,&
{'D1'},{'D7'},{'D6'},{'D4'},{'D3'},{'D5'},{'D2'},{'R1'},{'R3'},{'R2'},&,1.0,&
{'D1'},{'D7'},{'D6'},{'D4'},{'D3'},{'R2'},{'D5'},{'D2'},{'R1'},{'R3'},&,1.0,&
{'D1'},{'D7'},{'D6'},{'D4'},{'D5'},{'D2'},{'R3'},{'D3'},{'R1'},{'R2'},&,1.0,&
{'D1'},{'D7'},{'D6'},{'D4'},{'D5'},{'D2'},{'D3'},{'R1'},{'R2'},{'R3'},&,1.0,&
{'D1'},{'D7'},{'D6'},{'D4'},{'D5'},{'D3'},{'D2'},{'R3'},{'R2'},{'R1'},&,2.0,&
{'D1'},{'D7'},{'D6'},{'D4'},{'D5'},{'D3'},{'D2'},{'R3'},{'R1'},{'R2'},&,2.0,&
{'D1'},{'D7'},{'D2'},{'D3'},{'D6'},{'D5'},{'D4'},{'R1'},{'R3'},{'R2'},&,1.0,&
{'D1'},{'D7'},{'D2'},{'D3'},{'D5'},{'D6'},{'D4'},{'R2'},{'R3'},{'R1'},&,3.0,&
{'D1'},{'D7'},{'D2'},{'D3'},{'D5'},{'R3'},{'D6'},{'D4'},{'R1'},{'R2'},&,1.0,&
{'D1'},{'D7'},{'D2'},{'D5'},{'D3'},{'D6'},{'R1'},{'D4'},{'R3'},{'R2'},&,1.0,&
{'D1'},{'D7'},{'D2'},{'D5'},{'D6'},{'D4'},{'R1'},{'D3'},{'R2'},{'R3'},&,1.0,&
{'D1'},{'D7'},{'D2'},{'D5'},{'D6'},{'D3'},{'D4'},{'R1'},{'R2'},{'R3'},&,1.0,&
{'D1'},{'D7'},{'D2'},{'D5'},{'D6'},{'D3'},{'D4'},{'R2'},{'R3'},{'R1'},&,1.0,&
{'D1'},{'D7'},{'D2'},{'D5'},{'D6'},{'D3'},{'R2'},{'D4'},{'R3'},{'R1'},&,1.0,&
{'D1'},{'D7'},{'D2'},{'D5'},{'D6'},{'R1'},{'D4'},{'D3'},{'R3'},{'R2'},&,1.0,&
{'D1'},{'D7'},{'D2'},{'D6'},{'D4'},{'D3'},{'D5'},{'R1'},{'R3'},{'R2'},&,1.0,&
{'D1'},{'D7'},{'D2'},{'D6'},{'D5'},{'D4'},{'R3'},{'D3'},{'R1'},{'R2'},&,1.0,&
{'D1'},{'D7'},{'D2'},{'D6'},{'D5'},{'D4'},{'D3'},{'R3'},{'R1'},{'R2'},&,1.0,&
{'D1'},{'D7'},{'D2'},{'D6'},{'D5'},{'D3'},{'D4'},{'R2'},{'R3'},{'R1'},&,1.0,&
{'D1'},{'D7'},{'D2'},{'D6'},{'D5'},{'R3'},{'D4'},{'D3'},{'R1'},{'R2'},&,1.0,&
{'D1'},{'D7'},{'D2'},{'D4'},{'D5'},{'D6'},{'D3'},{'R1'},{'R3'},{'R2'},&,1.0,&
{'D1'},{'D7'},{'D2'},{'D4'},{'D5'},{'D6'},{'D3'},{'R2'},{'R3'},{'R1'},&,1.0,&
{'D1'},{'D7'},{'D2'},{'D4'},{'D5'},{'D3'},{'D6'},{'R3'},{'R2'},{'R1'},&,1.0,&
{'D1'},{'D7'},{'R3'},{'D5'},{'D4'},{'D3'},{'R1'},{'D2'},{'D6'},{'R2'},&,1.0,&
{'D1'},{'D4'},{'D3'},{'D7'},{'D6'},{'D2'},{'D5'},{'R1'},{'R3'},{'R2'},&,1.0,&
{'D1'},{'D4'},{'D3'},{'D7'},{'D6'},{'D5'},{'D2'},{'R2'},{'R3'},{'R1'},&,2.0,&
{'D1'},{'D4'},{'D3'},{'D7'},{'D6'},{'D5'},{'D2'},{'R3'},{'R1'},{'R2'},&,1.0,&
{'D1'},{'D4'},{'D3'},{'D7'},{'D6'},{'D5'},{'R2'},{'D2'},{'R3'},{'R1'},&,1.0,&
{'D1'},{'D4'},{'D3'},{'D7'},{'D5'},{'D6'},{'R3'},{'D2'},{'R1'},{'R2'},&,2.0,&
{'D1'},{'D4'},{'D3'},{'D7'},{'D5'},{'D2'},{'D6'},{'R3'},{'R2'},{'R1'},&,1.0,&
{'D1'},{'D4'},{'D3'},{'D7'},{'D5'},{'R3'},{'D2'},{'D6'},{'R2'},{'R1'},&,1.0,&
{'D1'},{'D4'},{'D3'},{'D2'},{'D7'},{'D6'},{'D5'},{'R2'},{'R3'},{'R1'},&,1.0,&
{'D1'},{'D4'},{'D3'},{'D2'},{'D5'},{'D6'},{'R3'},{'D7'},{'R2'},{'R1'},&,1.0,&
{'D1'},{'D4'},{'D3'},{'D2'},{'D5'},{'D6'},{'R3'},{'D7'},{'R1'},{'R2'},&,2.0,&
{'D1'},{'D4'},{'D3'},{'D5'},{'D7'},{'D6'},{'R3'},{'D2'},{'R1'},{'R2'},&,1.0,&
{'D1'},{'D4'},{'D3'},{'D5'},{'D7'},{'D6'},{'D2'},{'R1'},{'R2'},{'R3'},&,1.0,&
{'D1'},{'D4'},{'D3'},{'D5'},{'D7'},{'D6'},{'D2'},{'R2'},{'R1'},{'R3'},&,2.0,&
{'D1'},{'D4'},{'D3'},{'D5'},{'D7'},{'D6'},{'D2'},{'R3'},{'R2'},{'R1'},&,2.0,&
{'D1'},{'D4'},{'D3'},{'D5'},{'D7'},{'D6'},{'D2'},{'R3'},{'R1'},{'R2'},&,1.0,&
{'D1'},{'D4'},{'D3'},{'D5'},{'D7'},{'D2'},{'R3'},{'R1'},{'D6'},{'R2'},&,1.0,&
{'D1'},{'D4'},{'D3'},{'D5'},{'D7'},{'D2'},{'D6'},{'R1'},{'R3'},{'R2'},&,1.0,&
{'D1'},{'D4'},{'D3'},{'D5'},{'D7'},{'D2'},{'D6'},{'R2'},{'R3'},{'R1'},&,1.0,&
{'D1'},{'D4'},{'D3'},{'D5'},{'D7'},{'D2'},{'D6'},{'R2'},{'R1'},{'R3'},&,1.0,&
{'D1'},{'D4'},{'D3'},{'D5'},{'D7'},{'R2'},{'D6'},{'D2'},{'R3'},{'R1'},&,1.0,&
{'D1'},{'D4'},{'D3'},{'D5'},{'D7'},{'R3'},{'D6'},{'D2'},{'R1'},{'R2'},&,1.0,&
{'D1'},{'D4'},{'D3'},{'D5'},{'D2'},{'D6'},{'R3'},{'D7'},{'R1'},{'R2'},&,1.0,&
{'D1'},{'D4'},{'D3'},{'D5'},{'D2'},{'D6'},{'D7'},{'R3'},{'R2'},{'R1'},&,1.0,&
{'D1'},{'D4'},{'D3'},{'D5'},{'D2'},{'D6'},{'D7'},{'R3'},{'R1'},{'R2'},&,1.0,&
{'D1'},{'D4'},{'D3'},{'D5'},{'D2'},{'D7'},{'D6'},{'R3'},{'R1'},{'R2'},&,1.0,&
{'D1'},{'D4'},{'D3'},{'D5'},{'D6'},{'D7'},{'R3'},{'D2'},{'R2'},{'R1'},&,1.0,&
{'D1'},{'D4'},{'D3'},{'D5'},{'D6'},{'D7'},{'R3'},{'D2'},{'R1'},{'R2'},&,1.0,&
{'D1'},{'D4'},{'D3'},{'D5'},{'D6'},{'D7'},{'D2'},{'R1'},{'R2'},{'R3'},&,2.0,&
{'D1'},{'D4'},{'D3'},{'D5'},{'D6'},{'D7'},{'D2'},{'R1'},{'R3'},{'R2'},&,2.0,&
{'D1'},{'D4'},{'D3'},{'D5'},{'D6'},{'D7'},{'D2'},{'R2'},{'R3'},{'R1'},&,1.0,&
{'D1'},{'D4'},{'D3'},{'D5'},{'D6'},{'D7'},{'D2'},{'R2'},{'R1'},{'R3'},&,1.0,&
{'D1'},{'D4'},{'D3'},{'D5'},{'D6'},{'D7'},{'D2'},{'R3'},{'R1'},{'R2'},&,1.0,&
{'D1'},{'D4'},{'D3'},{'D5'},{'D6'},{'D7'},{'R1'},{'D2'},{'R3'},{'R2'},&,1.0,&
{'D1'},{'D4'},{'D3'},{'D5'},{'D6'},{'D2'},{'D7'},{'R3'},{'R1'},{'R2'},&,2.0,&
{'D1'},{'D4'},{'D3'},{'D5'},{'D6'},{'R1'},{'D7'},{'D2'},{'R2'},{'R3'},&,2.0,&
{'D1'},{'D4'},{'D3'},{'D6'},{'D7'},{'D2'},{'D5'},{'R3'},{'R2'},{'R1'},&,1.0,&
{'D1'},{'D4'},{'D3'},{'D6'},{'D7'},{'D5'},{'D2'},{'R1'},{'R3'},{'R2'},&,1.0,&
{'D1'},{'D4'},{'D3'},{'D6'},{'D7'},{'D5'},{'D2'},{'R2'},{'R3'},{'R1'},&,2.0,&
{'D1'},{'D4'},{'D3'},{'D6'},{'D7'},{'D5'},{'D2'},{'R3'},{'R2'},{'R1'},&,2.0,&
{'D1'},{'D4'},{'D3'},{'D6'},{'D7'},{'D5'},{'D2'},{'R3'},{'R1'},{'R2'},&,1.0,&
{'D1'},{'D4'},{'D3'},{'D6'},{'D7'},{'D5'},{'R1'},{'R3'},{'D2'},{'R2'},&,1.0,&
{'D1'},{'D4'},{'D3'},{'D6'},{'D2'},{'D7'},{'R1'},{'D5'},{'R3'},{'R2'},&,1.0,&
{'D1'},{'D4'},{'D3'},{'D6'},{'D5'},{'D7'},{'R3'},{'D2'},{'R1'},{'R2'},&,1.0,&
{'D1'},{'D4'},{'D3'},{'D6'},{'D5'},{'D7'},{'D2'},{'R1'},{'R3'},{'R2'},&,2.0,&
{'D1'},{'D4'},{'D3'},{'D6'},{'D5'},{'D7'},{'D2'},{'R3'},{'R2'},{'R1'},&,2.0,&
{'D1'},{'D4'},{'D3'},{'D6'},{'D5'},{'D7'},{'D2'},{'R3'},{'R1'},{'R2'},&,2.0,&
{'D1'},{'D4'},{'D3'},{'D6'},{'D5'},{'D2'},{'D7'},{'R1'},{'R2'},{'R3'},&,1.0,&
{'D1'},{'D4'},{'D3'},{'D6'},{'D5'},{'D2'},{'D7'},{'R3'},{'R2'},{'R1'},&,1.0,&
{'D1'},{'D4'},{'D3'},{'D6'},{'D5'},{'D2'},{'D7'},{'R3'},{'R1'},{'R2'},&,2.0,&
{'D1'},{'D4'},{'D3'},{'D6'},{'D5'},{'D2'},{'R1'},{'R3'},{'D7'},{'R2'},&,1.0,&
{'D1'},{'D4'},{'D5'},{'D7'},{'D2'},{'D6'},{'D3'},{'R1'},{'R3'},{'R2'},&,1.0,&
{'D1'},{'D4'},{'D5'},{'D7'},{'D3'},{'D6'},{'R3'},{'D2'},{'R1'},{'R2'},&,1.0,&
{'D1'},{'D4'},{'D5'},{'D7'},{'D3'},{'D6'},{'R3'},{'R1'},{'D2'},{'R2'},&,1.0,&
{'D1'},{'D4'},{'D5'},{'D7'},{'D3'},{'D6'},{'D2'},{'R1'},{'R3'},{'R2'},&,2.0,&
{'D1'},{'D4'},{'D5'},{'D7'},{'D3'},{'D6'},{'D2'},{'R2'},{'R3'},{'R1'},&,2.0,&
{'D1'},{'D4'},{'D5'},{'D7'},{'D3'},{'D6'},{'D2'},{'R2'},{'R1'},{'R3'},&,1.0,&
{'D1'},{'D4'},{'D5'},{'D7'},{'D3'},{'D6'},{'D2'},{'R3'},{'R2'},{'R1'},&,1.0,&
{'D1'},{'D4'},{'D5'},{'D7'},{'D3'},{'D6'},{'R1'},{'D2'},{'R3'},{'R2'},&,1.0,&
{'D1'},{'D4'},{'D5'},{'D7'},{'D3'},{'D2'},{'R3'},{'R1'},{'R2'},{'D6'},&,1.0,&
{'D1'},{'D4'},{'D5'},{'D7'},{'D3'},{'D2'},{'R3'},{'R2'},{'D6'},{'R1'},&,1.0,&
{'D1'},{'D4'},{'D5'},{'D7'},{'D3'},{'D2'},{'R3'},{'D6'},{'R1'},{'R2'},&,1.0,&
{'D1'},{'D4'},{'D5'},{'D7'},{'D3'},{'D2'},{'D6'},{'R1'},{'R3'},{'R2'},&,1.0,&
{'D1'},{'D4'},{'D5'},{'D7'},{'D6'},{'D2'},{'D3'},{'R3'},{'R2'},{'R1'},&,1.0,&
{'D1'},{'D4'},{'D5'},{'D7'},{'D6'},{'D3'},{'R3'},{'D2'},{'R2'},{'R1'},&,1.0,&
{'D1'},{'D4'},{'D5'},{'D7'},{'D6'},{'D3'},{'R3'},{'D2'},{'R1'},{'R2'},&,1.0,&
{'D1'},{'D4'},{'D5'},{'D7'},{'D6'},{'D3'},{'D2'},{'R1'},{'R3'},{'R2'},&,2.0,&
{'D1'},{'D4'},{'D5'},{'D7'},{'D6'},{'D3'},{'D2'},{'R2'},{'R1'},{'R3'},&,1.0,&
{'D1'},{'D4'},{'D5'},{'D7'},{'D6'},{'D3'},{'D2'},{'R3'},{'R2'},{'R1'},&,4.0,&
{'D1'},{'D4'},{'D5'},{'D7'},{'D6'},{'R3'},{'D3'},{'R1'},{'D2'},{'R2'},&,1.0,&
{'D1'},{'D4'},{'D5'},{'D2'},{'D7'},{'D6'},{'D3'},{'R1'},{'R2'},{'R3'},&,1.0,&
{'D1'},{'D4'},{'D5'},{'D2'},{'D7'},{'R1'},{'D3'},{'D6'},{'R3'},{'R2'},&,1.0,&
{'D1'},{'D4'},{'D5'},{'D2'},{'D3'},{'D6'},{'D7'},{'R2'},{'R1'},{'R3'},&,1.0,&
{'D1'},{'D4'},{'D5'},{'D2'},{'D3'},{'D6'},{'D7'},{'R3'},{'R1'},{'R2'},&,2.0,&
{'D1'},{'D4'},{'D5'},{'D2'},{'D6'},{'D3'},{'R3'},{'R2'},{'D7'},{'R1'},&,1.0,&
{'D1'},{'D4'},{'D5'},{'D2'},{'R3'},{'D6'},{'D3'},{'D7'},{'R1'},{'R2'},&,1.0,&
{'D1'},{'D4'},{'D5'},{'D3'},{'D7'},{'D6'},{'D2'},{'R1'},{'R3'},{'R2'},&,1.0,&
{'D1'},{'D4'},{'D5'},{'D3'},{'D7'},{'D6'},{'D2'},{'R2'},{'R3'},{'R1'},&,2.0,&
{'D1'},{'D4'},{'D5'},{'D3'},{'D7'},{'D6'},{'D2'},{'R2'},{'R1'},{'R3'},&,1.0,&
{'D1'},{'D4'},{'D5'},{'D3'},{'D7'},{'D6'},{'D2'},{'R3'},{'R1'},{'R2'},&,1.0,&
{'D1'},{'D4'},{'D5'},{'D3'},{'D7'},{'D2'},{'D6'},{'R3'},{'R1'},{'R2'},&,1.0,&
{'D1'},{'D4'},{'D5'},{'D3'},{'D7'},{'D2'},{'R1'},{'D6'},{'R3'},{'R2'},&,1.0,&
{'D1'},{'D4'},{'D5'},{'D3'},{'D2'},{'D6'},{'R2'},{'R3'},{'D7'},{'R1'},&,1.0,&
{'D1'},{'D4'},{'D5'},{'D3'},{'D2'},{'D6'},{'D7'},{'R2'},{'R3'},{'R1'},&,1.0,&
{'D1'},{'D4'},{'D5'},{'D3'},{'D2'},{'D6'},{'D7'},{'R3'},{'R2'},{'R1'},&,2.0,&
{'D1'},{'D4'},{'D5'},{'D3'},{'D2'},{'D6'},{'D7'},{'R3'},{'R1'},{'R2'},&,2.0,&
{'D1'},{'D4'},{'D5'},{'D3'},{'D2'},{'D7'},{'D6'},{'R3'},{'R1'},{'R2'},&,1.0,&
{'D1'},{'D4'},{'D5'},{'D3'},{'D6'},{'D7'},{'R3'},{'D2'},{'R1'},{'R2'},&,1.0,&
{'D1'},{'D4'},{'D5'},{'D3'},{'D6'},{'D7'},{'D2'},{'R1'},{'R3'},{'R2'},&,3.0,&
{'D1'},{'D4'},{'D5'},{'D3'},{'D6'},{'D7'},{'D2'},{'R2'},{'R3'},{'R1'},&,2.0,&
{'D1'},{'D4'},{'D5'},{'D3'},{'D6'},{'D7'},{'D2'},{'R3'},{'R2'},{'R1'},&,5.0,&
{'D1'},{'D4'},{'D5'},{'D3'},{'D6'},{'D7'},{'D2'},{'R3'},{'R1'},{'R2'},&,1.0,&
{'D1'},{'D4'},{'D5'},{'D3'},{'D6'},{'D7'},{'R2'},{'R3'},{'D2'},{'R1'},&,1.0,&
{'D1'},{'D4'},{'D5'},{'D3'},{'D6'},{'D7'},{'R1'},{'D2'},{'R2'},{'R3'},&,1.0,&
{'D1'},{'D4'},{'D5'},{'D3'},{'D6'},{'D7'},{'R1'},{'R2'},{'D2'},{'R3'},&,1.0,&
{'D1'},{'D4'},{'D5'},{'D3'},{'D6'},{'D2'},{'D7'},{'R1'},{'R3'},{'R2'},&,3.0,&
{'D1'},{'D4'},{'D5'},{'D3'},{'D6'},{'D2'},{'D7'},{'R3'},{'R2'},{'R1'},&,1.0,&
{'D1'},{'D4'},{'D5'},{'D3'},{'D6'},{'R1'},{'D7'},{'D2'},{'R2'},{'R3'},&,1.0,&
{'D1'},{'D4'},{'D5'},{'D3'},{'D6'},{'R3'},{'D2'},{'D7'},{'R2'},{'R1'},&,1.0,&
{'D1'},{'D4'},{'D5'},{'D6'},{'D7'},{'D2'},{'D3'},{'R1'},{'R2'},{'R3'},&,1.0,&
{'D1'},{'D4'},{'D5'},{'D6'},{'D7'},{'D2'},{'D3'},{'R2'},{'R1'},{'R3'},&,1.0,&
{'D1'},{'D4'},{'D5'},{'D6'},{'D7'},{'D2'},{'D3'},{'R3'},{'R1'},{'R2'},&,1.0,&
{'D1'},{'D4'},{'D5'},{'D6'},{'D7'},{'D2'},{'R1'},{'R2'},{'D3'},{'R3'},&,1.0,&
{'D1'},{'D4'},{'D5'},{'D6'},{'D7'},{'D3'},{'R3'},{'D2'},{'R2'},{'R1'},&,1.0,&
{'D1'},{'D4'},{'D5'},{'D6'},{'D7'},{'D3'},{'R3'},{'R2'},{'R1'},{'D2'},&,1.0,&
{'D1'},{'D4'},{'D5'},{'D6'},{'D7'},{'D3'},{'D2'},{'R2'},{'R3'},{'R1'},&,3.0,&
{'D1'},{'D4'},{'D5'},{'D6'},{'D7'},{'D3'},{'D2'},{'R3'},{'R2'},{'R1'},&,3.0,&
{'D1'},{'D4'},{'D5'},{'D6'},{'D7'},{'R2'},{'D3'},{'D2'},{'R3'},{'R1'},&,1.0,&
{'D1'},{'D4'},{'D5'},{'D6'},{'D2'},{'D7'},{'D3'},{'R3'},{'R2'},{'R1'},&,1.0,&
{'D1'},{'D4'},{'D5'},{'D6'},{'D2'},{'D7'},{'D3'},{'R3'},{'R1'},{'R2'},&,1.0,&
{'D1'},{'D4'},{'D5'},{'D6'},{'D2'},{'D3'},{'R3'},{'D7'},{'R2'},{'R1'},&,1.0,&
{'D1'},{'D4'},{'D5'},{'D6'},{'D2'},{'D3'},{'D7'},{'R1'},{'R3'},{'R2'},&,1.0,&
{'D1'},{'D4'},{'D5'},{'D6'},{'D2'},{'D3'},{'D7'},{'R3'},{'R2'},{'R1'},&,1.0,&
{'D1'},{'D4'},{'D5'},{'D6'},{'D2'},{'R3'},{'D7'},{'R2'},{'D3'},{'R1'},&,1.0,&
{'D1'},{'D4'},{'D5'},{'D6'},{'D3'},{'D7'},{'R3'},{'D2'},{'R1'},{'R2'},&,1.0,&
{'D1'},{'D4'},{'D5'},{'D6'},{'D3'},{'D7'},{'D2'},{'R1'},{'R2'},{'R3'},&,1.0,&
{'D1'},{'D4'},{'D5'},{'D6'},{'D3'},{'D7'},{'D2'},{'R1'},{'R3'},{'R2'},&,2.0,&
{'D1'},{'D4'},{'D5'},{'D6'},{'D3'},{'D7'},{'D2'},{'R2'},{'R3'},{'R1'},&,3.0,&
{'D1'},{'D4'},{'D5'},{'D6'},{'D3'},{'D7'},{'D2'},{'R3'},{'R2'},{'R1'},&,1.0,&
{'D1'},{'D4'},{'D5'},{'D6'},{'D3'},{'D7'},{'D2'},{'R3'},{'R1'},{'R2'},&,5.0,&
{'D1'},{'D4'},{'D5'},{'D6'},{'D3'},{'D7'},{'R2'},{'D2'},{'R3'},{'R1'},&,1.0,&
{'D1'},{'D4'},{'D5'},{'D6'},{'D3'},{'D2'},{'R3'},{'D7'},{'R1'},{'R2'},&,1.0,&
{'D1'},{'D4'},{'D5'},{'D6'},{'D3'},{'D2'},{'D7'},{'R3'},{'R2'},{'R1'},&,2.0,&
{'D1'},{'D4'},{'D5'},{'D6'},{'D3'},{'D2'},{'D7'},{'R3'},{'R1'},{'R2'},&,3.0,&
{'D1'},{'D4'},{'D5'},{'D6'},{'D3'},{'D2'},{'R1'},{'D7'},{'R2'},{'R3'},&,1.0,&
{'D1'},{'D4'},{'D5'},{'D6'},{'D3'},{'R1'},{'D2'},{'R3'},{'D7'},{'R2'},&,1.0,&
{'D1'},{'D4'},{'D5'},{'D6'},{'D3'},{'R3'},{'D2'},{'D7'},{'R1'},{'R2'},&,1.0,&
{'D1'},{'D4'},{'D6'},{'D7'},{'D2'},{'D5'},{'D3'},{'R2'},{'R3'},{'R1'},&,1.0,&
{'D1'},{'D4'},{'D6'},{'D7'},{'D2'},{'D5'},{'D3'},{'R3'},{'R2'},{'R1'},&,1.0,&
{'D1'},{'D4'},{'D6'},{'D7'},{'D3'},{'D5'},{'D2'},{'R2'},{'R1'},{'R3'},&,1.0,&
{'D1'},{'D4'},{'D6'},{'D7'},{'D3'},{'D5'},{'D2'},{'R3'},{'R2'},{'R1'},&,2.0,&
{'D1'},{'D4'},{'D6'},{'D7'},{'D3'},{'D5'},{'D2'},{'R3'},{'R1'},{'R2'},&,2.0,&
{'D1'},{'D4'},{'D6'},{'D7'},{'D5'},{'D2'},{'D3'},{'R3'},{'R1'},{'R2'},&,1.0,&
{'D1'},{'D4'},{'D6'},{'D7'},{'D5'},{'D3'},{'D2'},{'R1'},{'R3'},{'R2'},&,3.0,&
{'D1'},{'D4'},{'D6'},{'D7'},{'D5'},{'D3'},{'D2'},{'R2'},{'R3'},{'R1'},&,1.0,&
{'D1'},{'D4'},{'D6'},{'D7'},{'D5'},{'D3'},{'D2'},{'R2'},{'R1'},{'R3'},&,1.0,&
{'D1'},{'D4'},{'D6'},{'D7'},{'D5'},{'D3'},{'D2'},{'R3'},{'R1'},{'R2'},&,1.0,&
{'D1'},{'D4'},{'D6'},{'D7'},{'D5'},{'D3'},{'R2'},{'D2'},{'R3'},{'R1'},&,1.0,&
{'D1'},{'D4'},{'D6'},{'D7'},{'D5'},{'R3'},{'D3'},{'D2'},{'R1'},{'R2'},&,1.0,&
{'D1'},{'D4'},{'D6'},{'D2'},{'D7'},{'R2'},{'D5'},{'D3'},{'R1'},{'R3'},&,1.0,&
{'D1'},{'D4'},{'D6'},{'D2'},{'D5'},{'D7'},{'R3'},{'D3'},{'R1'},{'R2'},&,1.0,&
{'D1'},{'D4'},{'D6'},{'D2'},{'D5'},{'D7'},{'D3'},{'R2'},{'R1'},{'R3'},&,1.0,&
{'D1'},{'D4'},{'D6'},{'D2'},{'D5'},{'D3'},{'D7'},{'R2'},{'R3'},{'R1'},&,1.0,&
{'D1'},{'D4'},{'D6'},{'D3'},{'D7'},{'D5'},{'D2'},{'R3'},{'R2'},{'R1'},&,1.0,&
{'D1'},{'D4'},{'D6'},{'D3'},{'D7'},{'D5'},{'D2'},{'R3'},{'R1'},{'R2'},&,2.0,&
{'D1'},{'D4'},{'D6'},{'D3'},{'D7'},{'R1'},{'D5'},{'D2'},{'R2'},{'R3'},&,1.0,&
{'D1'},{'D4'},{'D6'},{'D3'},{'D2'},{'D5'},{'R3'},{'D7'},{'R1'},{'R2'},&,1.0,&
{'D1'},{'D4'},{'D6'},{'D3'},{'D2'},{'D5'},{'D7'},{'R3'},{'R2'},{'R1'},&,2.0,&
{'D1'},{'D4'},{'D6'},{'D3'},{'D5'},{'D7'},{'R3'},{'D2'},{'R1'},{'R2'},&,1.0,&
{'D1'},{'D4'},{'D6'},{'D3'},{'D5'},{'D7'},{'R3'},{'R1'},{'D2'},{'R2'},&,2.0,&
{'D1'},{'D4'},{'D6'},{'D3'},{'D5'},{'D7'},{'D2'},{'R1'},{'R2'},{'R3'},&,1.0,&
{'D1'},{'D4'},{'D6'},{'D3'},{'D5'},{'D7'},{'D2'},{'R1'},{'R3'},{'R2'},&,1.0,&
{'D1'},{'D4'},{'D6'},{'D3'},{'D5'},{'D7'},{'D2'},{'R3'},{'R2'},{'R1'},&,2.0,&
{'D1'},{'D4'},{'D6'},{'D3'},{'D5'},{'D7'},{'D2'},{'R3'},{'R1'},{'R2'},&,2.0,&
{'D1'},{'D4'},{'D6'},{'D3'},{'D5'},{'D7'},{'R1'},{'D2'},{'R3'},{'R2'},&,1.0,&
{'D1'},{'D4'},{'D6'},{'D3'},{'D5'},{'D2'},{'D7'},{'R1'},{'R2'},{'R3'},&,1.0,&
{'D1'},{'D4'},{'D6'},{'D3'},{'D5'},{'D2'},{'D7'},{'R3'},{'R2'},{'R1'},&,1.0,&
{'D1'},{'D4'},{'D6'},{'D3'},{'D5'},{'D2'},{'R1'},{'R3'},{'D7'},{'R2'},&,1.0,&
{'D1'},{'D4'},{'D6'},{'D5'},{'D7'},{'D2'},{'D3'},{'R1'},{'R3'},{'R2'},&,1.0,&
{'D1'},{'D4'},{'D6'},{'D5'},{'D7'},{'D2'},{'D3'},{'R3'},{'R1'},{'R2'},&,1.0,&
{'D1'},{'D4'},{'D6'},{'D5'},{'D7'},{'D3'},{'D2'},{'R2'},{'R1'},{'R3'},&,1.0,&
{'D1'},{'D4'},{'D6'},{'D5'},{'D7'},{'D3'},{'D2'},{'R3'},{'R2'},{'R1'},&,2.0,&
{'D1'},{'D4'},{'D6'},{'D5'},{'D7'},{'D3'},{'D2'},{'R3'},{'R1'},{'R2'},&,2.0,&
{'D1'},{'D4'},{'D6'},{'D5'},{'D2'},{'D7'},{'R3'},{'R1'},{'D3'},{'R2'},&,1.0,&
{'D1'},{'D4'},{'D6'},{'D5'},{'D2'},{'D7'},{'D3'},{'R3'},{'R1'},{'R2'},&,1.0,&
{'D1'},{'D4'},{'D6'},{'D5'},{'D2'},{'D3'},{'D7'},{'R1'},{'R3'},{'R2'},&,3.0,&
{'D1'},{'D4'},{'D6'},{'D5'},{'D2'},{'D3'},{'D7'},{'R2'},{'R3'},{'R1'},&,1.0,&
{'D1'},{'D4'},{'D6'},{'D5'},{'D2'},{'D3'},{'D7'},{'R3'},{'R1'},{'R2'},&,1.0,&
{'D1'},{'D4'},{'D6'},{'D5'},{'D3'},{'D7'},{'R3'},{'D2'},{'R2'},{'R1'},&,1.0,&
{'D1'},{'D4'},{'D6'},{'D5'},{'D3'},{'D7'},{'D2'},{'R1'},{'R3'},{'R2'},&,1.0,&
{'D1'},{'D4'},{'D6'},{'D5'},{'D3'},{'D7'},{'D2'},{'R2'},{'R3'},{'R1'},&,2.0,&
{'D1'},{'D4'},{'D6'},{'D5'},{'D3'},{'D7'},{'D2'},{'R2'},{'R1'},{'R3'},&,2.0,&
{'D1'},{'D4'},{'D6'},{'D5'},{'D3'},{'D7'},{'D2'},{'R3'},{'R2'},{'R1'},&,2.0,&
{'D1'},{'D4'},{'D6'},{'D5'},{'D3'},{'D7'},{'D2'},{'R3'},{'R1'},{'R2'},&,1.0,&
{'D1'},{'D4'},{'D6'},{'D5'},{'D3'},{'D7'},{'R2'},{'D2'},{'R1'},{'R3'},&,1.0,&
{'D1'},{'D4'},{'D6'},{'D5'},{'D3'},{'D2'},{'R3'},{'R1'},{'D7'},{'R2'},&,1.0,&
{'D1'},{'D4'},{'D6'},{'D5'},{'D3'},{'D2'},{'D7'},{'R1'},{'R3'},{'R2'},&,1.0,&
{'D1'},{'D4'},{'D6'},{'D5'},{'D3'},{'D2'},{'D7'},{'R3'},{'R2'},{'R1'},&,1.0,&
{'D1'},{'D4'},{'D6'},{'D5'},{'D3'},{'D2'},{'D7'},{'R3'},{'R1'},{'R2'},&,1.0,&
{'D1'},{'D4'},{'D6'},{'D5'},{'D3'},{'D2'},{'R1'},{'D7'},{'R3'},{'R2'},&,1.0,&
{'D1'},{'D4'},{'D6'},{'D5'},{'D3'},{'R1'},{'D7'},{'D2'},{'R3'},{'R2'},&,1.0,&
{'D1'},{'D4'},{'D6'},{'D5'},{'R1'},{'D3'},{'D2'},{'D7'},{'R3'},{'R2'},&,1.0,&
{'D1'},{'D4'},{'D6'},{'R1'},{'D2'},{'D3'},{'D7'},{'D5'},{'R3'},{'R2'},&,1.0,&
{'D1'},{'D4'},{'D7'},{'D3'},{'D2'},{'D5'},{'R1'},{'D6'},{'R3'},{'R2'},&,1.0,&
{'D1'},{'D4'},{'D7'},{'D3'},{'D6'},{'D5'},{'D2'},{'R1'},{'R2'},{'R3'},&,1.0,&
{'D1'},{'D4'},{'D7'},{'D3'},{'D6'},{'D5'},{'R1'},{'D2'},{'R2'},{'R3'},&,1.0,&
{'D1'},{'D4'},{'D7'},{'D3'},{'D5'},{'D6'},{'R3'},{'R2'},{'D2'},{'R1'},&,1.0,&
{'D1'},{'D4'},{'D7'},{'D3'},{'D5'},{'D6'},{'D2'},{'R1'},{'R2'},{'R3'},&,1.0,&
{'D1'},{'D4'},{'D7'},{'D3'},{'D5'},{'D6'},{'D2'},{'R2'},{'R3'},{'R1'},&,1.0,&
{'D1'},{'D4'},{'D7'},{'D3'},{'D5'},{'D6'},{'D2'},{'R3'},{'R1'},{'R2'},&,2.0,&
{'D1'},{'D4'},{'D7'},{'D5'},{'D3'},{'D6'},{'R3'},{'D2'},{'R1'},{'R2'},&,1.0,&
{'D1'},{'D4'},{'D7'},{'D5'},{'D3'},{'D6'},{'D2'},{'R1'},{'R2'},{'R3'},&,1.0,&
{'D1'},{'D4'},{'D7'},{'D5'},{'D3'},{'D6'},{'D2'},{'R1'},{'R3'},{'R2'},&,1.0,&
{'D1'},{'D4'},{'D7'},{'D5'},{'D3'},{'D6'},{'D2'},{'R2'},{'R3'},{'R1'},&,1.0,&
{'D1'},{'D4'},{'D7'},{'D5'},{'D3'},{'D6'},{'D2'},{'R3'},{'R2'},{'R1'},&,1.0,&
{'D1'},{'D4'},{'D7'},{'D5'},{'D3'},{'D6'},{'D2'},{'R3'},{'R1'},{'R2'},&,1.0,&
{'D1'},{'D4'},{'D7'},{'D5'},{'D3'},{'D2'},{'D6'},{'R3'},{'R2'},{'R1'},&,1.0,&
{'D1'},{'D4'},{'D7'},{'D5'},{'D6'},{'D2'},{'D3'},{'R2'},{'R3'},{'R1'},&,1.0,&
{'D1'},{'D4'},{'D7'},{'D5'},{'D6'},{'D3'},{'D2'},{'R2'},{'R3'},{'R1'},&,2.0,&
{'D1'},{'D4'},{'D7'},{'D5'},{'D6'},{'R3'},{'D3'},{'D2'},{'R1'},{'R2'},&,1.0,&
{'D1'},{'D4'},{'D7'},{'D5'},{'R1'},{'D6'},{'D2'},{'D3'},{'R3'},{'R2'},&,1.0,&
{'D1'},{'D4'},{'D7'},{'D6'},{'D3'},{'D2'},{'R1'},{'R3'},{'D5'},{'R2'},&,1.0,&
{'D1'},{'D4'},{'D7'},{'D6'},{'D3'},{'D5'},{'D2'},{'R1'},{'R2'},{'R3'},&,1.0,&
{'D1'},{'D4'},{'D7'},{'D6'},{'D3'},{'D5'},{'D2'},{'R2'},{'R3'},{'R1'},&,1.0,&
{'D1'},{'D4'},{'D7'},{'D6'},{'D3'},{'D5'},{'D2'},{'R3'},{'R2'},{'R1'},&,1.0,&
{'D1'},{'D4'},{'D7'},{'D6'},{'D3'},{'D5'},{'D2'},{'R3'},{'R1'},{'R2'},&,2.0,&
{'D1'},{'D4'},{'D7'},{'D6'},{'D3'},{'D5'},{'R2'},{'D2'},{'R1'},{'R3'},&,1.0,&
{'D1'},{'D4'},{'D7'},{'D6'},{'D5'},{'D3'},{'D2'},{'R2'},{'R3'},{'R1'},&,2.0,&
{'D1'},{'D4'},{'D7'},{'D6'},{'D5'},{'D3'},{'D2'},{'R2'},{'R1'},{'R3'},&,1.0,&
{'D1'},{'D4'},{'D7'},{'D6'},{'D5'},{'D3'},{'D2'},{'R3'},{'R2'},{'R1'},&,2.0,&
{'D1'},{'D4'},{'D2'},{'D7'},{'D5'},{'D3'},{'D6'},{'R3'},{'R1'},{'R2'},&,1.0,&
{'D1'},{'D4'},{'D2'},{'D3'},{'D7'},{'D6'},{'D5'},{'R3'},{'R2'},{'R1'},&,2.0,&
{'D1'},{'D4'},{'D2'},{'D3'},{'D7'},{'D5'},{'R3'},{'R1'},{'D6'},{'R2'},&,1.0,&
{'D1'},{'D4'},{'D2'},{'D3'},{'D5'},{'D6'},{'R1'},{'R2'},{'D7'},{'R3'},&,1.0,&
{'D1'},{'D4'},{'D2'},{'D3'},{'D5'},{'D7'},{'D6'},{'R3'},{'R1'},{'R2'},&,1.0,&
{'D1'},{'D4'},{'D2'},{'D5'},{'D3'},{'D6'},{'R2'},{'D7'},{'R1'},{'R3'},&,1.0,&
{'D1'},{'D4'},{'D2'},{'D5'},{'D3'},{'D7'},{'R3'},{'D6'},{'R2'},{'R1'},&,1.0,&
{'D1'},{'D4'},{'D2'},{'D5'},{'D3'},{'D7'},{'D6'},{'R2'},{'R3'},{'R1'},&,1.0,&
{'D1'},{'D4'},{'D2'},{'D5'},{'D6'},{'D7'},{'D3'},{'R1'},{'R3'},{'R2'},&,1.0,&
{'D1'},{'D4'},{'D2'},{'D5'},{'D6'},{'D7'},{'D3'},{'R3'},{'R2'},{'R1'},&,4.0,&
{'D1'},{'D4'},{'D2'},{'D5'},{'D6'},{'D3'},{'R3'},{'D7'},{'R2'},{'R1'},&,1.0,&
{'D1'},{'D4'},{'D2'},{'D5'},{'D6'},{'D3'},{'D7'},{'R3'},{'R1'},{'R2'},&,1.0,&
{'D1'},{'D4'},{'D2'},{'D5'},{'D6'},{'D3'},{'R1'},{'D7'},{'R2'},{'R3'},&,1.0,&
{'D1'},{'D4'},{'D2'},{'D6'},{'D5'},{'D3'},{'D7'},{'R3'},{'R1'},{'R2'},&,1.0,&
{'D1'},{'D4'},{'R3'},{'R1'},{'R2'},{'D2'},{'D6'},{'D5'},{'D7'},{'D3'},&,1.0,&
{'D1'},{'D4'},{'R3'},{'R2'},{'D6'},{'R1'},{'D2'},{'D3'},{'D5'},{'D7'},&,1.0,&
{'D1'},{'D4'},{'R2'},{'R3'},{'R1'},{'D2'},{'D6'},{'D3'},{'D5'},{'D7'},&,1.0,&
{'D1'},{'R1'},{'D4'},{'R2'},{'D2'},{'R3'},{'D6'},{'D5'},{'D3'},{'D7'},&,1.0,&
{'D1'},{'R1'},{'D4'},{'R2'},{'R3'},{'D2'},{'D6'},{'D3'},{'D5'},{'D7'},&,1.0,&
{'D1'},{'R1'},{'D4'},{'R3'},{'D6'},{'R2'},{'D2'},{'D5'},{'D3'},{'D7'},&,1.0,&
{'D1'},{'R1'},{'D6'},{'D2'},{'D4'},{'D5'},{'D7'},{'D3'},{'R2'},{'R3'},&,1.0,&
{'D1'},{'R1'},{'R3'},{'D4'},{'D2'},{'R2'},{'D6'},{'D3'},{'D5'},{'D7'},&,2.0,&
{'D1'},{'R1'},{'R3'},{'D4'},{'R2'},{'D6'},{'D2'},{'D3'},{'D5'},{'D7'},&,1.0,&
{'D1'},{'R1'},{'R3'},{'D4'},{'R2'},{'D6'},{'D2'},{'D5'},{'D3'},{'D7'},&,1.0,&
{'D1'},{'R1'},{'R3'},{'D4'},{'R2'},{'D2'},{'D6'},{'D3'},{'D5'},{'D7'},&,1.0,&
{'D1'},{'R1'},{'R3'},{'D4'},{'R2'},{'D2'},{'D6'},{'D5'},{'D3'},{'D7'},&,1.0,&
{'D1'},{'R1'},{'R3'},{'R2'},{'D2'},{'D4'},{'D6'},{'D3'},{'D5'},{'D7'},&,1.0,&
{'D1'},{'R1'},{'R3'},{'R2'},{'D6'},{'D4'},{'D2'},{'D5'},{'D3'},{'D7'},&,1.0,&
{'D1'},{'R1'},{'R3'},{'R2'},{'D6'},{'D2'},{'D4'},{'D5'},{'D3'},{'D7'},&,1.0,&
{'D1'},{'R1'},{'R3'},{'R2'},{'D4'},{'D6'},{'D2'},{'D3'},{'D5'},{'D7'},&,1.0,&
{'D1'},{'R1'},{'R3'},{'R2'},{'D4'},{'D6'},{'D2'},{'D5'},{'D3'},{'D7'},&,1.0,&
{'D1'},{'R1'},{'R3'},{'R2'},{'D4'},{'D2'},{'D6'},{'D3'},{'D5'},{'D7'},&,2.0,&
{'D1'},{'R1'},{'R3'},{'R2'},{'D4'},{'D2'},{'D6'},{'D5'},{'D3'},{'D7'},&,2.0,&
{'D1'},{'R1'},{'R3'},{'R2'},{'D5'},{'D4'},{'D2'},{'D6'},{'D3'},{'D7'},&,1.0,&
{'D1'},{'R1'},{'R2'},{'D4'},{'R3'},{'D2'},{'D6'},{'D3'},{'D5'},{'D7'},&,1.0,&
{'D1'},{'R1'},{'R2'},{'D4'},{'R3'},{'D5'},{'D2'},{'D6'},{'D3'},{'D7'},&,1.0,&
{'D1'},{'R1'},{'R2'},{'R3'},{'D2'},{'D4'},{'D6'},{'D5'},{'D7'},{'D3'},&,1.0,&
{'D1'},{'R1'},{'R2'},{'R3'},{'D4'},{'D6'},{'D2'},{'D3'},{'D7'},{'D5'},&,1.0,&
{'D1'},{'R1'},{'R2'},{'R3'},{'D4'},{'D2'},{'D6'},{'D3'},{'D5'},{'D7'},&,3.0,&
{'D1'},{'R1'},{'R2'},{'R3'},{'D4'},{'D5'},{'D2'},{'D6'},{'D3'},{'D7'},&,1.0,&
{'D1'},{'R3'},{'D4'},{'D6'},{'R2'},{'R1'},{'D2'},{'D3'},{'D5'},{'D7'},&,1.0,&
{'D1'},{'R3'},{'D4'},{'R2'},{'D6'},{'R1'},{'D2'},{'D3'},{'D5'},{'D7'},&,1.0,&
{'D1'},{'R3'},{'D4'},{'R2'},{'R1'},{'D6'},{'D2'},{'D3'},{'D5'},{'D7'},&,3.0,&
{'D1'},{'R3'},{'D4'},{'R2'},{'R1'},{'D6'},{'D2'},{'D5'},{'D7'},{'D3'},&,1.0,&
{'D1'},{'R3'},{'D4'},{'R2'},{'R1'},{'D2'},{'D6'},{'D7'},{'D3'},{'D5'},&,1.0,&
{'D1'},{'R3'},{'D4'},{'R2'},{'R1'},{'D2'},{'D6'},{'D3'},{'D5'},{'D7'},&,2.0,&
{'D1'},{'R3'},{'D4'},{'R2'},{'R1'},{'D2'},{'D6'},{'D5'},{'D3'},{'D7'},&,1.0,&
{'D1'},{'R3'},{'D3'},{'D4'},{'D5'},{'D7'},{'D6'},{'D2'},{'R1'},{'R2'},&,1.0,&
{'D1'},{'R3'},{'D6'},{'R2'},{'D4'},{'D2'},{'D3'},{'D5'},{'D7'},{'R1'},&,1.0,&
{'D1'},{'R3'},{'D6'},{'R2'},{'R1'},{'D4'},{'D2'},{'D3'},{'D5'},{'D7'},&,2.0,&
{'D1'},{'R3'},{'D6'},{'R2'},{'R1'},{'D4'},{'D2'},{'D5'},{'D3'},{'D7'},&,1.0,&
{'D1'},{'R3'},{'D2'},{'R1'},{'R2'},{'D4'},{'D6'},{'D3'},{'D5'},{'D7'},&,1.0,&
{'D1'},{'R3'},{'D2'},{'R2'},{'R1'},{'D4'},{'D6'},{'D5'},{'D3'},{'D7'},&,1.0,&
{'D1'},{'R3'},{'D2'},{'R2'},{'R1'},{'D3'},{'D4'},{'D6'},{'D5'},{'D7'},&,1.0,&
{'D1'},{'R3'},{'R1'},{'D2'},{'R2'},{'D4'},{'D6'},{'D5'},{'D3'},{'D7'},&,1.0,&
{'D1'},{'R3'},{'R1'},{'D6'},{'R2'},{'D2'},{'D4'},{'D5'},{'D3'},{'D7'},&,1.0,&
{'D1'},{'R3'},{'R1'},{'D4'},{'R2'},{'D6'},{'D2'},{'D5'},{'D3'},{'D7'},&,1.0,&
{'D1'},{'R3'},{'R1'},{'D4'},{'R2'},{'D2'},{'D6'},{'D3'},{'D5'},{'D7'},&,2.0,&
{'D1'},{'R3'},{'R1'},{'D4'},{'R2'},{'D2'},{'D6'},{'D5'},{'D7'},{'D3'},&,1.0,&
{'D1'},{'R3'},{'R1'},{'R2'},{'D2'},{'D4'},{'D6'},{'D5'},{'D3'},{'D7'},&,1.0,&
{'D1'},{'R3'},{'R1'},{'R2'},{'D6'},{'D4'},{'D2'},{'D3'},{'D7'},{'D5'},&,1.0,&
{'D1'},{'R3'},{'R1'},{'R2'},{'D6'},{'D4'},{'D2'},{'D3'},{'D5'},{'D7'},&,2.0,&
{'D1'},{'R3'},{'R1'},{'R2'},{'D6'},{'D4'},{'D2'},{'D5'},{'D3'},{'D7'},&,1.0,&
{'D1'},{'R3'},{'R1'},{'R2'},{'D4'},{'D6'},{'D2'},{'D3'},{'D7'},{'D5'},&,1.0,&
{'D1'},{'R3'},{'R1'},{'R2'},{'D4'},{'D6'},{'D2'},{'D3'},{'D5'},{'D7'},&,4.0,&
{'D1'},{'R3'},{'R1'},{'R2'},{'D4'},{'D6'},{'D2'},{'D5'},{'D3'},{'D7'},&,3.0,&
{'D1'},{'R3'},{'R1'},{'R2'},{'D4'},{'D2'},{'D6'},{'D3'},{'D5'},{'D7'},&,1.0,&
{'D1'},{'R3'},{'R1'},{'R2'},{'D4'},{'D2'},{'D6'},{'D5'},{'D3'},{'D7'},&,3.0,&
{'D1'},{'R3'},{'R1'},{'R2'},{'D4'},{'D2'},{'D3'},{'D6'},{'D5'},{'D7'},&,1.0,&
{'D1'},{'R3'},{'R1'},{'R2'},{'D5'},{'D6'},{'D4'},{'D2'},{'D7'},{'D3'},&,1.0,&
{'D1'},{'R3'},{'R2'},{'D2'},{'D4'},{'R1'},{'D6'},{'D5'},{'D3'},{'D7'},&,1.0,&
{'D1'},{'R3'},{'R2'},{'D2'},{'R1'},{'D4'},{'D6'},{'D7'},{'D5'},{'D3'},&,1.0,&
{'D1'},{'R3'},{'R2'},{'D2'},{'R1'},{'D4'},{'D6'},{'D3'},{'D5'},{'D7'},&,1.0,&
{'D1'},{'R3'},{'R2'},{'R1'},{'D2'},{'D6'},{'D4'},{'D3'},{'D5'},{'D7'},&,1.0,&
{'D1'},{'R3'},{'R2'},{'R1'},{'D2'},{'D6'},{'D4'},{'D5'},{'D3'},{'D7'},&,1.0,&
{'D1'},{'R3'},{'R2'},{'R1'},{'D2'},{'D4'},{'D6'},{'D3'},{'D5'},{'D7'},&,3.0,&
{'D1'},{'R3'},{'R2'},{'R1'},{'D2'},{'D4'},{'D6'},{'D5'},{'D7'},{'D3'},&,1.0,&
{'D1'},{'R3'},{'R2'},{'R1'},{'D2'},{'D4'},{'D6'},{'D5'},{'D3'},{'D7'},&,5.0,&
{'D1'},{'R3'},{'R2'},{'R1'},{'D6'},{'D4'},{'D2'},{'D7'},{'D3'},{'D5'},&,2.0,&
{'D1'},{'R3'},{'R2'},{'R1'},{'D6'},{'D4'},{'D2'},{'D7'},{'D5'},{'D3'},&,1.0,&
{'D1'},{'R3'},{'R2'},{'R1'},{'D6'},{'D4'},{'D2'},{'D3'},{'D5'},{'D7'},&,7.0,&
{'D1'},{'R3'},{'R2'},{'R1'},{'D6'},{'D4'},{'D2'},{'D5'},{'D3'},{'D7'},&,1.0,&
{'D1'},{'R3'},{'R2'},{'R1'},{'D6'},{'D4'},{'D3'},{'D2'},{'D5'},{'D7'},&,1.0,&
{'D1'},{'R3'},{'R2'},{'R1'},{'D6'},{'D2'},{'D4'},{'D7'},{'D3'},{'D5'},&,1.0,&
{'D1'},{'R3'},{'R2'},{'R1'},{'D4'},{'D6'},{'D2'},{'D7'},{'D5'},{'D3'},&,2.0,&
{'D1'},{'R3'},{'R2'},{'R1'},{'D4'},{'D6'},{'D2'},{'D3'},{'D5'},{'D7'},&,15.0,&
{'D1'},{'R3'},{'R2'},{'R1'},{'D4'},{'D6'},{'D2'},{'D5'},{'D7'},{'D3'},&,4.0,&
{'D1'},{'R3'},{'R2'},{'R1'},{'D4'},{'D6'},{'D2'},{'D5'},{'D3'},{'D7'},&,22.0,&
{'D1'},{'R3'},{'R2'},{'R1'},{'D4'},{'D6'},{'D3'},{'D2'},{'D5'},{'D7'},&,2.0,&
{'D1'},{'R3'},{'R2'},{'R1'},{'D4'},{'D6'},{'D5'},{'D2'},{'D3'},{'D7'},&,1.0,&
{'D1'},{'R3'},{'R2'},{'R1'},{'D4'},{'D7'},{'D6'},{'D2'},{'D3'},{'D5'},&,1.0,&
{'D1'},{'R3'},{'R2'},{'R1'},{'D4'},{'D2'},{'D6'},{'D7'},{'D3'},{'D5'},&,4.0,&
{'D1'},{'R3'},{'R2'},{'R1'},{'D4'},{'D2'},{'D6'},{'D3'},{'D7'},{'D5'},&,1.0,&
{'D1'},{'R3'},{'R2'},{'R1'},{'D4'},{'D2'},{'D6'},{'D3'},{'D5'},{'D7'},&,17.0,&
{'D1'},{'R3'},{'R2'},{'R1'},{'D4'},{'D2'},{'D6'},{'D5'},{'D7'},{'D3'},&,1.0,&
{'D1'},{'R3'},{'R2'},{'R1'},{'D4'},{'D2'},{'D6'},{'D5'},{'D3'},{'D7'},&,20.0,&
{'D1'},{'R3'},{'R2'},{'R1'},{'D4'},{'D2'},{'D5'},{'D6'},{'D7'},{'D3'},&,1.0,&
{'D1'},{'R3'},{'R2'},{'R1'},{'D4'},{'D2'},{'D5'},{'D6'},{'D3'},{'D7'},&,1.0,&
{'D1'},{'R3'},{'R2'},{'R1'},{'D4'},{'D5'},{'D6'},{'D2'},{'D3'},{'D7'},&,1.0,&
{'D1'},{'R3'},{'R2'},{'R1'},{'D4'},{'D3'},{'D6'},{'D2'},{'D5'},{'D7'},&,3.0,&
{'D1'},{'R3'},{'R2'},{'D6'},{'D4'},{'R1'},{'D2'},{'D5'},{'D3'},{'D7'},&,1.0,&
{'D1'},{'R3'},{'R2'},{'D6'},{'R1'},{'D4'},{'D2'},{'D3'},{'D5'},{'D7'},&,1.0,&
{'D1'},{'R3'},{'R2'},{'D6'},{'R1'},{'D4'},{'D2'},{'D5'},{'D3'},{'D7'},&,2.0,&
{'D1'},{'R3'},{'R2'},{'D4'},{'D2'},{'R1'},{'D6'},{'D5'},{'D3'},{'D7'},&,1.0,&
{'D1'},{'R3'},{'R2'},{'D4'},{'D2'},{'R1'},{'D5'},{'D6'},{'D3'},{'D7'},&,1.0,&
{'D1'},{'R3'},{'R2'},{'D4'},{'D6'},{'D2'},{'R1'},{'D3'},{'D5'},{'D7'},&,1.0,&
{'D1'},{'R3'},{'R2'},{'D4'},{'D6'},{'D2'},{'R1'},{'D5'},{'D7'},{'D3'},&,1.0,&
{'D1'},{'R3'},{'R2'},{'D4'},{'D6'},{'R1'},{'D2'},{'D3'},{'D5'},{'D7'},&,2.0,&
{'D1'},{'R3'},{'R2'},{'D4'},{'D6'},{'R1'},{'D2'},{'D5'},{'D3'},{'D7'},&,1.0,&
{'D1'},{'R3'},{'R2'},{'D4'},{'R1'},{'D6'},{'D2'},{'D3'},{'D5'},{'D7'},&,9.0,&
{'D1'},{'R3'},{'R2'},{'D4'},{'R1'},{'D6'},{'D2'},{'D5'},{'D3'},{'D7'},&,8.0,&
{'D1'},{'R3'},{'R2'},{'D4'},{'R1'},{'D2'},{'D6'},{'D3'},{'D5'},{'D7'},&,5.0,&
{'D1'},{'R3'},{'R2'},{'D4'},{'R1'},{'D2'},{'D6'},{'D5'},{'D3'},{'D7'},&,4.0,&
{'D1'},{'R3'},{'R2'},{'D4'},{'R1'},{'D2'},{'D5'},{'D6'},{'D3'},{'D7'},&,1.0,&
{'D1'},{'R2'},{'D4'},{'R1'},{'R3'},{'D6'},{'D2'},{'D5'},{'D3'},{'D7'},&,1.0,&
{'D1'},{'R2'},{'D4'},{'R1'},{'R3'},{'D2'},{'D6'},{'D5'},{'D3'},{'D7'},&,1.0,&
{'D1'},{'R2'},{'D4'},{'R3'},{'D2'},{'D6'},{'R1'},{'D5'},{'D3'},{'D7'},&,1.0,&
{'D1'},{'R2'},{'D4'},{'R3'},{'D2'},{'R1'},{'D6'},{'D5'},{'D7'},{'D3'},&,1.0,&
{'D1'},{'R2'},{'D4'},{'R3'},{'R1'},{'D6'},{'D2'},{'D3'},{'D7'},{'D5'},&,1.0,&
{'D1'},{'R2'},{'D4'},{'R3'},{'R1'},{'D6'},{'D2'},{'D3'},{'D5'},{'D7'},&,2.0,&
{'D1'},{'R2'},{'D4'},{'R3'},{'R1'},{'D6'},{'D2'},{'D5'},{'D3'},{'D7'},&,2.0,&
{'D1'},{'R2'},{'D4'},{'R3'},{'R1'},{'D2'},{'D6'},{'D5'},{'D3'},{'D7'},&,1.0,&
{'D1'},{'R2'},{'R3'},{'D2'},{'R1'},{'D6'},{'D4'},{'D5'},{'D3'},{'D7'},&,1.0,&
{'D1'},{'R2'},{'R3'},{'D2'},{'R1'},{'D4'},{'D6'},{'D5'},{'D3'},{'D7'},&,1.0,&
{'D1'},{'R2'},{'R3'},{'D2'},{'R1'},{'D4'},{'D3'},{'D6'},{'D5'},{'D7'},&,2.0,&
{'D1'},{'R2'},{'R3'},{'R1'},{'D2'},{'D6'},{'D4'},{'D5'},{'D7'},{'D3'},&,1.0,&
{'D1'},{'R2'},{'R3'},{'R1'},{'D2'},{'D6'},{'D4'},{'D5'},{'D3'},{'D7'},&,1.0,&
{'D1'},{'R2'},{'R3'},{'R1'},{'D2'},{'D4'},{'D6'},{'D3'},{'D5'},{'D7'},&,4.0,&
{'D1'},{'R2'},{'R3'},{'R1'},{'D2'},{'D4'},{'D6'},{'D5'},{'D3'},{'D7'},&,12.0,&
{'D1'},{'R2'},{'R3'},{'R1'},{'D6'},{'D4'},{'D2'},{'D7'},{'D5'},{'D3'},&,1.0,&
{'D1'},{'R2'},{'R3'},{'R1'},{'D6'},{'D4'},{'D2'},{'D3'},{'D7'},{'D5'},&,1.0,&
{'D1'},{'R2'},{'R3'},{'R1'},{'D6'},{'D4'},{'D2'},{'D3'},{'D5'},{'D7'},&,5.0,&
{'D1'},{'R2'},{'R3'},{'R1'},{'D6'},{'D4'},{'D2'},{'D5'},{'D3'},{'D7'},&,5.0,&
{'D1'},{'R2'},{'R3'},{'R1'},{'D6'},{'D4'},{'D5'},{'D2'},{'D3'},{'D7'},&,1.0,&
{'D1'},{'R2'},{'R3'},{'R1'},{'D6'},{'D2'},{'D4'},{'D3'},{'D5'},{'D7'},&,1.0,&
{'D1'},{'R2'},{'R3'},{'R1'},{'D6'},{'D5'},{'D4'},{'D2'},{'D3'},{'D7'},&,1.0,&
{'D1'},{'R2'},{'R3'},{'R1'},{'D4'},{'D6'},{'D2'},{'D7'},{'D3'},{'D5'},&,1.0,&
{'D1'},{'R2'},{'R3'},{'R1'},{'D4'},{'D6'},{'D2'},{'D3'},{'D7'},{'D5'},&,2.0,&
{'D1'},{'R2'},{'R3'},{'R1'},{'D4'},{'D6'},{'D2'},{'D3'},{'D5'},{'D7'},&,16.0,&
{'D1'},{'R2'},{'R3'},{'R1'},{'D4'},{'D6'},{'D2'},{'D5'},{'D7'},{'D3'},&,3.0,&
{'D1'},{'R2'},{'R3'},{'R1'},{'D4'},{'D6'},{'D2'},{'D5'},{'D3'},{'D7'},&,35.0,&
{'D1'},{'R2'},{'R3'},{'R1'},{'D4'},{'D6'},{'D3'},{'D2'},{'D5'},{'D7'},&,1.0,&
{'D1'},{'R2'},{'R3'},{'R1'},{'D4'},{'D7'},{'D6'},{'D2'},{'D5'},{'D3'},&,1.0,&
{'D1'},{'R2'},{'R3'},{'R1'},{'D4'},{'D2'},{'D6'},{'D7'},{'D5'},{'D3'},&,1.0,&
{'D1'},{'R2'},{'R3'},{'R1'},{'D4'},{'D2'},{'D6'},{'D3'},{'D5'},{'D7'},&,15.0,&
{'D1'},{'R2'},{'R3'},{'R1'},{'D4'},{'D2'},{'D6'},{'D5'},{'D7'},{'D3'},&,8.0,&
{'D1'},{'R2'},{'R3'},{'R1'},{'D4'},{'D2'},{'D6'},{'D5'},{'D3'},{'D7'},&,20.0,&
{'D1'},{'R2'},{'R3'},{'R1'},{'D4'},{'D2'},{'D5'},{'D6'},{'D3'},{'D7'},&,2.0,&
{'D1'},{'R2'},{'R3'},{'R1'},{'D4'},{'D5'},{'D2'},{'D6'},{'D7'},{'D3'},&,1.0,&
{'D1'},{'R2'},{'R3'},{'R1'},{'D4'},{'D5'},{'D2'},{'D6'},{'D3'},{'D7'},&,1.0,&
{'D1'},{'R2'},{'R3'},{'R1'},{'D4'},{'D5'},{'D6'},{'D2'},{'D3'},{'D7'},&,2.0,&
{'D1'},{'R2'},{'R3'},{'R1'},{'D4'},{'D3'},{'D2'},{'D6'},{'D5'},{'D7'},&,1.0,&
{'D1'},{'R2'},{'R3'},{'D6'},{'R1'},{'D4'},{'D2'},{'D5'},{'D3'},{'D7'},&,2.0,&
{'D1'},{'R2'},{'R3'},{'D6'},{'R1'},{'D4'},{'D5'},{'D2'},{'D3'},{'D7'},&,1.0,&
{'D1'},{'R2'},{'R3'},{'D4'},{'D2'},{'D6'},{'R1'},{'D3'},{'D5'},{'D7'},&,1.0,&
{'D1'},{'R2'},{'R3'},{'D4'},{'D2'},{'D5'},{'D6'},{'R1'},{'D3'},{'D7'},&,1.0,&
{'D1'},{'R2'},{'R3'},{'D4'},{'D2'},{'R1'},{'D6'},{'D3'},{'D5'},{'D7'},&,1.0,&
{'D1'},{'R2'},{'R3'},{'D4'},{'D2'},{'R1'},{'D6'},{'D5'},{'D3'},{'D7'},&,3.0,&
{'D1'},{'R2'},{'R3'},{'D4'},{'D6'},{'D2'},{'R1'},{'D5'},{'D3'},{'D7'},&,1.0,&
{'D1'},{'R2'},{'R3'},{'D4'},{'D6'},{'R1'},{'D2'},{'D7'},{'D3'},{'D5'},&,1.0,&
{'D1'},{'R2'},{'R3'},{'D4'},{'D6'},{'R1'},{'D2'},{'D3'},{'D5'},{'D7'},&,3.0,&
{'D1'},{'R2'},{'R3'},{'D4'},{'R1'},{'D6'},{'D2'},{'D7'},{'D5'},{'D3'},&,1.0,&
{'D1'},{'R2'},{'R3'},{'D4'},{'R1'},{'D6'},{'D2'},{'D3'},{'D7'},{'D5'},&,1.0,&
{'D1'},{'R2'},{'R3'},{'D4'},{'R1'},{'D6'},{'D2'},{'D3'},{'D5'},{'D7'},&,3.0,&
{'D1'},{'R2'},{'R3'},{'D4'},{'R1'},{'D6'},{'D2'},{'D5'},{'D7'},{'D3'},&,1.0,&
{'D1'},{'R2'},{'R3'},{'D4'},{'R1'},{'D6'},{'D2'},{'D5'},{'D3'},{'D7'},&,9.0,&
{'D1'},{'R2'},{'R3'},{'D4'},{'R1'},{'D2'},{'D6'},{'D7'},{'D5'},{'D3'},&,1.0,&
{'D1'},{'R2'},{'R3'},{'D4'},{'R1'},{'D2'},{'D6'},{'D3'},{'D5'},{'D7'},&,7.0,&
{'D1'},{'R2'},{'R3'},{'D4'},{'R1'},{'D2'},{'D6'},{'D5'},{'D3'},{'D7'},&,10.0,&
{'D1'},{'R2'},{'R3'},{'D4'},{'R1'},{'D2'},{'D5'},{'D6'},{'D3'},{'D7'},&,1.0,&
{'D1'},{'R2'},{'R3'},{'D4'},{'R1'},{'D3'},{'D2'},{'D6'},{'D5'},{'D7'},&,1.0,&
{'D1'},{'R2'},{'R1'},{'D6'},{'D4'},{'D2'},{'R3'},{'D5'},{'D3'},{'D7'},&,1.0,&
{'D1'},{'R2'},{'R1'},{'D4'},{'D2'},{'R3'},{'D6'},{'D5'},{'D3'},{'D7'},&,1.0,&
{'D1'},{'R2'},{'R1'},{'D4'},{'R3'},{'D6'},{'D2'},{'D3'},{'D5'},{'D7'},&,2.0,&
{'D1'},{'R2'},{'R1'},{'D4'},{'R3'},{'D6'},{'D2'},{'D5'},{'D3'},{'D7'},&,1.0,&
{'D1'},{'R2'},{'R1'},{'D4'},{'R3'},{'D2'},{'D6'},{'D5'},{'D3'},{'D7'},&,3.0,&
{'D1'},{'R2'},{'R1'},{'D4'},{'R3'},{'D2'},{'D5'},{'D6'},{'D3'},{'D7'},&,2.0,&
{'D1'},{'R2'},{'R1'},{'R3'},{'D2'},{'D4'},{'D6'},{'D5'},{'D3'},{'D7'},&,3.0,&
{'D1'},{'R2'},{'R1'},{'R3'},{'D6'},{'D4'},{'D2'},{'D5'},{'D3'},{'D7'},&,1.0,&
{'D1'},{'R2'},{'R1'},{'R3'},{'D6'},{'D2'},{'D4'},{'D3'},{'D5'},{'D7'},&,1.0,&
{'D1'},{'R2'},{'R1'},{'R3'},{'D4'},{'D6'},{'D2'},{'D7'},{'D3'},{'D5'},&,1.0,&
{'D1'},{'R2'},{'R1'},{'R3'},{'D4'},{'D6'},{'D2'},{'D3'},{'D5'},{'D7'},&,3.0,&
{'D1'},{'R2'},{'R1'},{'R3'},{'D4'},{'D6'},{'D2'},{'D5'},{'D3'},{'D7'},&,4.0,&
{'D1'},{'R2'},{'R1'},{'R3'},{'D4'},{'D6'},{'D5'},{'D2'},{'D3'},{'D7'},&,2.0,&
{'D1'},{'R2'},{'R1'},{'R3'},{'D4'},{'D2'},{'D6'},{'D7'},{'D3'},{'D5'},&,1.0,&
{'D1'},{'R2'},{'R1'},{'R3'},{'D4'},{'D2'},{'D6'},{'D3'},{'D7'},{'D5'},&,1.0,&
{'D1'},{'R2'},{'R1'},{'R3'},{'D4'},{'D2'},{'D6'},{'D3'},{'D5'},{'D7'},&,3.0,&
{'D1'},{'R2'},{'R1'},{'R3'},{'D4'},{'D2'},{'D6'},{'D5'},{'D3'},{'D7'},&,5.0,&
{'D1'},{'R2'},{'R1'},{'R3'},{'D4'},{'D3'},{'D6'},{'D2'},{'D5'},{'D7'},&,1.0,&
{'R3'},{'D3'},{'R2'},{'R1'},{'D1'},{'D4'},{'D6'},{'D2'},{'D5'},{'D7'},&,1.0,&
{'R3'},{'D5'},{'D4'},{'D6'},{'D3'},{'D7'},{'D2'},{'R2'},{'D1'},{'R1'},&,1.0,&
{'R3'},{'D5'},{'D6'},{'D3'},{'D1'},{'D7'},{'D4'},{'D2'},{'R1'},{'R2'},&,1.0,&
{'R3'},{'D5'},{'R2'},{'D1'},{'D4'},{'R1'},{'D6'},{'D2'},{'D3'},{'D7'},&,1.0,&
{'R3'},{'D5'},{'R2'},{'R1'},{'D1'},{'D4'},{'D2'},{'D6'},{'D3'},{'D7'},&,1.0,&
{'R3'},{'D1'},{'D4'},{'D2'},{'R2'},{'D6'},{'R1'},{'D3'},{'D5'},{'D7'},&,1.0,&
{'R3'},{'D1'},{'D4'},{'R1'},{'D2'},{'D6'},{'R2'},{'D7'},{'D3'},{'D5'},&,1.0,&
{'R3'},{'D1'},{'D4'},{'R1'},{'D2'},{'D6'},{'R2'},{'D3'},{'D5'},{'D7'},&,1.0,&
{'R3'},{'D1'},{'D4'},{'R1'},{'D2'},{'D6'},{'R2'},{'D5'},{'D3'},{'D7'},&,1.0,&
{'R3'},{'D1'},{'D4'},{'R1'},{'D6'},{'D2'},{'R2'},{'D5'},{'D7'},{'D3'},&,1.0,&
{'R3'},{'D1'},{'D4'},{'R1'},{'R2'},{'D6'},{'D2'},{'D5'},{'D3'},{'D7'},&,1.0,&
{'R3'},{'D1'},{'D4'},{'R1'},{'R2'},{'D2'},{'D6'},{'D3'},{'D5'},{'D7'},&,1.0,&
{'R3'},{'D1'},{'D4'},{'R1'},{'R2'},{'D2'},{'D6'},{'D5'},{'D3'},{'D7'},&,1.0,&
{'R3'},{'D1'},{'D4'},{'R2'},{'D2'},{'D6'},{'R1'},{'D3'},{'D5'},{'D7'},&,1.0,&
{'R3'},{'D1'},{'D4'},{'R2'},{'D2'},{'R1'},{'D6'},{'D7'},{'D5'},{'D3'},&,1.0,&
{'R3'},{'D1'},{'D4'},{'R2'},{'D2'},{'R1'},{'D6'},{'D3'},{'D5'},{'D7'},&,1.0,&
{'R3'},{'D1'},{'D4'},{'R2'},{'D2'},{'R1'},{'D6'},{'D5'},{'D3'},{'D7'},&,2.0,&
{'R3'},{'D1'},{'D4'},{'R2'},{'D2'},{'R1'},{'D5'},{'D6'},{'D3'},{'D7'},&,1.0,&
{'R3'},{'D1'},{'D4'},{'R2'},{'D6'},{'R1'},{'D2'},{'D3'},{'D5'},{'D7'},&,1.0,&
{'R3'},{'D1'},{'D4'},{'R2'},{'R1'},{'D6'},{'D2'},{'D3'},{'D5'},{'D7'},&,5.0,&
{'R3'},{'D1'},{'D4'},{'R2'},{'R1'},{'D6'},{'D2'},{'D5'},{'D7'},{'D3'},&,1.0,&
{'R3'},{'D1'},{'D4'},{'R2'},{'R1'},{'D6'},{'D2'},{'D5'},{'D3'},{'D7'},&,5.0,&
{'R3'},{'D1'},{'D4'},{'R2'},{'R1'},{'D2'},{'D6'},{'D7'},{'D3'},{'D5'},&,1.0,&
{'R3'},{'D1'},{'D4'},{'R2'},{'R1'},{'D2'},{'D6'},{'D3'},{'D7'},{'D5'},&,1.0,&
{'R3'},{'D1'},{'D4'},{'R2'},{'R1'},{'D2'},{'D6'},{'D3'},{'D5'},{'D7'},&,2.0,&
{'R3'},{'D1'},{'D4'},{'R2'},{'R1'},{'D2'},{'D6'},{'D5'},{'D3'},{'D7'},&,3.0,&
{'R3'},{'D1'},{'D4'},{'R2'},{'R1'},{'D2'},{'D5'},{'D6'},{'D3'},{'D7'},&,1.0,&
{'R3'},{'D1'},{'D6'},{'R2'},{'R1'},{'D3'},{'D4'},{'D2'},{'D5'},{'D7'},&,1.0,&
{'R3'},{'D1'},{'D2'},{'R2'},{'D4'},{'R1'},{'D6'},{'D3'},{'D5'},{'D7'},&,1.0,&
{'R3'},{'D1'},{'D2'},{'R2'},{'R1'},{'D6'},{'D4'},{'D3'},{'D5'},{'D7'},&,1.0,&
{'R3'},{'D1'},{'D2'},{'R2'},{'R1'},{'D4'},{'D6'},{'D3'},{'D5'},{'D7'},&,1.0,&
{'R3'},{'D1'},{'D2'},{'R2'},{'R1'},{'D4'},{'D6'},{'D5'},{'D3'},{'D7'},&,1.0,&
{'R3'},{'D1'},{'R1'},{'D2'},{'D6'},{'R2'},{'D4'},{'D5'},{'D3'},{'D7'},&,1.0,&
{'R3'},{'D1'},{'R1'},{'D2'},{'R2'},{'D4'},{'D6'},{'D3'},{'D5'},{'D7'},&,1.0,&
{'R3'},{'D1'},{'R1'},{'D2'},{'R2'},{'D4'},{'D6'},{'D5'},{'D3'},{'D7'},&,1.0,&
{'R3'},{'D1'},{'R1'},{'D6'},{'D4'},{'R2'},{'D2'},{'D3'},{'D5'},{'D7'},&,1.0,&
{'R3'},{'D1'},{'R1'},{'D4'},{'D6'},{'R2'},{'D2'},{'D7'},{'D3'},{'D5'},&,1.0,&
{'R3'},{'D1'},{'R1'},{'D4'},{'D6'},{'R2'},{'D3'},{'D2'},{'D5'},{'D7'},&,1.0,&
{'R3'},{'D1'},{'R1'},{'D4'},{'R2'},{'D6'},{'D2'},{'D3'},{'D5'},{'D7'},&,3.0,&
{'R3'},{'D1'},{'R1'},{'D4'},{'R2'},{'D6'},{'D2'},{'D5'},{'D3'},{'D7'},&,2.0,&
{'R3'},{'D1'},{'R1'},{'D4'},{'R2'},{'D6'},{'D3'},{'D2'},{'D5'},{'D7'},&,1.0,&
{'R3'},{'D1'},{'R1'},{'D4'},{'R2'},{'D2'},{'D6'},{'D3'},{'D5'},{'D7'},&,3.0,&
{'R3'},{'D1'},{'R1'},{'D4'},{'R2'},{'D2'},{'D6'},{'D5'},{'D3'},{'D7'},&,3.0,&
{'R3'},{'D1'},{'R1'},{'D4'},{'R2'},{'D2'},{'D3'},{'D6'},{'D7'},{'D5'},&,1.0,&
{'R3'},{'D1'},{'R1'},{'R2'},{'D2'},{'D6'},{'D4'},{'D3'},{'D5'},{'D7'},&,1.0,&
{'R3'},{'D1'},{'R1'},{'R2'},{'D2'},{'D4'},{'D6'},{'D3'},{'D7'},{'D5'},&,1.0,&
{'R3'},{'D1'},{'R1'},{'R2'},{'D2'},{'D4'},{'D6'},{'D3'},{'D5'},{'D7'},&,1.0,&
{'R3'},{'D1'},{'R1'},{'R2'},{'D2'},{'D4'},{'D6'},{'D5'},{'D3'},{'D7'},&,4.0,&
{'R3'},{'D1'},{'R1'},{'R2'},{'D6'},{'D4'},{'D2'},{'D3'},{'D5'},{'D7'},&,5.0,&
{'R3'},{'D1'},{'R1'},{'R2'},{'D6'},{'D4'},{'D2'},{'D5'},{'D3'},{'D7'},&,5.0,&
{'R3'},{'D1'},{'R1'},{'R2'},{'D6'},{'D3'},{'D4'},{'D2'},{'D5'},{'D7'},&,1.0,&
{'R3'},{'D1'},{'R1'},{'R2'},{'D4'},{'D6'},{'D2'},{'D7'},{'D5'},{'D3'},&,4.0,&
{'R3'},{'D1'},{'R1'},{'R2'},{'D4'},{'D6'},{'D2'},{'D3'},{'D7'},{'D5'},&,1.0,&
{'R3'},{'D1'},{'R1'},{'R2'},{'D4'},{'D6'},{'D2'},{'D3'},{'D5'},{'D7'},&,6.0,&
{'R3'},{'D1'},{'R1'},{'R2'},{'D4'},{'D6'},{'D2'},{'D5'},{'D7'},{'D3'},&,1.0,&
{'R3'},{'D1'},{'R1'},{'R2'},{'D4'},{'D6'},{'D2'},{'D5'},{'D3'},{'D7'},&,10.0,&
{'R3'},{'D1'},{'R1'},{'R2'},{'D4'},{'D6'},{'D3'},{'D2'},{'D7'},{'D5'},&,1.0,&
{'R3'},{'D1'},{'R1'},{'R2'},{'D4'},{'D6'},{'D3'},{'D2'},{'D5'},{'D7'},&,1.0,&
{'R3'},{'D1'},{'R1'},{'R2'},{'D4'},{'D6'},{'D5'},{'D2'},{'D7'},{'D3'},&,1.0,&
{'R3'},{'D1'},{'R1'},{'R2'},{'D4'},{'D6'},{'D5'},{'D2'},{'D3'},{'D7'},&,1.0,&
{'R3'},{'D1'},{'R1'},{'R2'},{'D4'},{'D2'},{'D6'},{'D3'},{'D5'},{'D7'},&,9.0,&
{'R3'},{'D1'},{'R1'},{'R2'},{'D4'},{'D2'},{'D6'},{'D5'},{'D7'},{'D3'},&,2.0,&
{'R3'},{'D1'},{'R1'},{'R2'},{'D4'},{'D2'},{'D6'},{'D5'},{'D3'},{'D7'},&,5.0,&
{'R3'},{'D1'},{'R1'},{'R2'},{'D4'},{'D2'},{'D3'},{'D6'},{'D7'},{'D5'},&,1.0,&
{'R3'},{'D1'},{'R1'},{'R2'},{'D4'},{'D2'},{'D5'},{'D6'},{'D3'},{'D7'},&,1.0,&
{'R3'},{'D1'},{'R2'},{'D2'},{'D6'},{'D4'},{'R1'},{'D5'},{'D7'},{'D3'},&,1.0,&
{'R3'},{'D1'},{'R2'},{'D2'},{'D6'},{'R1'},{'D4'},{'D5'},{'D7'},{'D3'},&,1.0,&
{'R3'},{'D1'},{'R2'},{'D2'},{'D6'},{'R1'},{'D4'},{'D5'},{'D3'},{'D7'},&,1.0,&
{'R3'},{'D1'},{'R2'},{'D2'},{'D4'},{'D6'},{'R1'},{'D3'},{'D5'},{'D7'},&,1.0,&
{'R3'},{'D1'},{'R2'},{'D2'},{'D4'},{'D5'},{'R1'},{'D6'},{'D3'},{'D7'},&,1.0,&
{'R3'},{'D1'},{'R2'},{'D2'},{'D4'},{'R1'},{'D6'},{'D3'},{'D7'},{'D5'},&,1.0,&
{'R3'},{'D1'},{'R2'},{'D2'},{'D4'},{'R1'},{'D6'},{'D3'},{'D5'},{'D7'},&,1.0,&
{'R3'},{'D1'},{'R2'},{'D2'},{'D4'},{'R1'},{'D6'},{'D5'},{'D3'},{'D7'},&,1.0,&
{'R3'},{'D1'},{'R2'},{'D2'},{'R1'},{'D6'},{'D4'},{'D7'},{'D5'},{'D3'},&,1.0,&
{'R3'},{'D1'},{'R2'},{'D2'},{'R1'},{'D4'},{'D6'},{'D3'},{'D5'},{'D7'},&,6.0,&
{'R3'},{'D1'},{'R2'},{'D2'},{'R1'},{'D4'},{'D6'},{'D5'},{'D3'},{'D7'},&,4.0,&
{'R3'},{'D1'},{'R2'},{'D3'},{'R1'},{'D6'},{'D4'},{'D2'},{'D5'},{'D7'},&,1.0,&
{'R3'},{'D1'},{'R2'},{'R1'},{'D2'},{'D6'},{'D4'},{'D7'},{'D3'},{'D5'},&,1.0,&
{'R3'},{'D1'},{'R2'},{'R1'},{'D2'},{'D6'},{'D4'},{'D3'},{'D5'},{'D7'},&,2.0,&
{'R3'},{'D1'},{'R2'},{'R1'},{'D2'},{'D6'},{'D4'},{'D5'},{'D7'},{'D3'},&,1.0,&
{'R3'},{'D1'},{'R2'},{'R1'},{'D2'},{'D6'},{'D4'},{'D5'},{'D3'},{'D7'},&,6.0,&
{'R3'},{'D1'},{'R2'},{'R1'},{'D2'},{'D4'},{'D6'},{'D7'},{'D3'},{'D5'},&,1.0,&
{'R3'},{'D1'},{'R2'},{'R1'},{'D2'},{'D4'},{'D6'},{'D7'},{'D5'},{'D3'},&,2.0,&
{'R3'},{'D1'},{'R2'},{'R1'},{'D2'},{'D4'},{'D6'},{'D3'},{'D7'},{'D5'},&,1.0,&
{'R3'},{'D1'},{'R2'},{'R1'},{'D2'},{'D4'},{'D6'},{'D3'},{'D5'},{'D7'},&,21.0,&
{'R3'},{'D1'},{'R2'},{'R1'},{'D2'},{'D4'},{'D6'},{'D5'},{'D7'},{'D3'},&,2.0,&
{'R3'},{'D1'},{'R2'},{'R1'},{'D2'},{'D4'},{'D6'},{'D5'},{'D3'},{'D7'},&,17.0,&
{'R3'},{'D1'},{'R2'},{'R1'},{'D2'},{'D4'},{'D3'},{'D6'},{'D5'},{'D7'},&,3.0,&
{'R3'},{'D1'},{'R2'},{'R1'},{'D3'},{'D4'},{'D6'},{'D2'},{'D5'},{'D7'},&,1.0,&
{'R3'},{'D1'},{'R2'},{'R1'},{'D3'},{'D2'},{'D4'},{'D6'},{'D5'},{'D7'},&,1.0,&
{'R3'},{'D1'},{'R2'},{'R1'},{'D6'},{'D4'},{'D2'},{'D7'},{'D5'},{'D3'},&,1.0,&
{'R3'},{'D1'},{'R2'},{'R1'},{'D6'},{'D4'},{'D2'},{'D3'},{'D7'},{'D5'},&,4.0,&
{'R3'},{'D1'},{'R2'},{'R1'},{'D6'},{'D4'},{'D2'},{'D3'},{'D5'},{'D7'},&,15.0,&
{'R3'},{'D1'},{'R2'},{'R1'},{'D6'},{'D4'},{'D2'},{'D5'},{'D7'},{'D3'},&,1.0,&
{'R3'},{'D1'},{'R2'},{'R1'},{'D6'},{'D4'},{'D2'},{'D5'},{'D3'},{'D7'},&,21.0,&
{'R3'},{'D1'},{'R2'},{'R1'},{'D6'},{'D4'},{'D3'},{'D2'},{'D5'},{'D7'},&,1.0,&
{'R3'},{'D1'},{'R2'},{'R1'},{'D6'},{'D4'},{'D5'},{'D2'},{'D3'},{'D7'},&,1.0,&
{'R3'},{'D1'},{'R2'},{'R1'},{'D6'},{'D2'},{'D4'},{'D7'},{'D3'},{'D5'},&,1.0,&
{'R3'},{'D1'},{'R2'},{'R1'},{'D6'},{'D2'},{'D4'},{'D3'},{'D5'},{'D7'},&,1.0,&
{'R3'},{'D1'},{'R2'},{'R1'},{'D6'},{'D2'},{'D4'},{'D5'},{'D7'},{'D3'},&,1.0,&
{'R3'},{'D1'},{'R2'},{'R1'},{'D6'},{'D2'},{'D4'},{'D5'},{'D3'},{'D7'},&,5.0,&
{'R3'},{'D1'},{'R2'},{'R1'},{'D4'},{'D6'},{'D2'},{'D7'},{'D3'},{'D5'},&,4.0,&
{'R3'},{'D1'},{'R2'},{'R1'},{'D4'},{'D6'},{'D2'},{'D7'},{'D5'},{'D3'},&,3.0,&
{'R3'},{'D1'},{'R2'},{'R1'},{'D4'},{'D6'},{'D2'},{'D3'},{'D7'},{'D5'},&,7.0,&
{'R3'},{'D1'},{'R2'},{'R1'},{'D4'},{'D6'},{'D2'},{'D3'},{'D5'},{'D7'},&,77.0,&
{'R3'},{'D1'},{'R2'},{'R1'},{'D4'},{'D6'},{'D2'},{'D5'},{'D7'},{'D3'},&,9.0,&
{'R3'},{'D1'},{'R2'},{'R1'},{'D4'},{'D6'},{'D2'},{'D5'},{'D3'},{'D7'},&,75.0,&
{'R3'},{'D1'},{'R2'},{'R1'},{'D4'},{'D6'},{'D7'},{'D2'},{'D3'},{'D5'},&,1.0,&
{'R3'},{'D1'},{'R2'},{'R1'},{'D4'},{'D6'},{'D3'},{'D2'},{'D5'},{'D7'},&,3.0,&
{'R3'},{'D1'},{'R2'},{'R1'},{'D4'},{'D6'},{'D5'},{'D2'},{'D3'},{'D7'},&,4.0,&
{'R3'},{'D1'},{'R2'},{'R1'},{'D4'},{'D7'},{'D2'},{'D6'},{'D5'},{'D3'},&,1.0,&
{'R3'},{'D1'},{'R2'},{'R1'},{'D4'},{'D7'},{'D6'},{'D2'},{'D5'},{'D3'},&,1.0,&
{'R3'},{'D1'},{'R2'},{'R1'},{'D4'},{'D2'},{'D6'},{'D7'},{'D3'},{'D5'},&,9.0,&
{'R3'},{'D1'},{'R2'},{'R1'},{'D4'},{'D2'},{'D6'},{'D7'},{'D5'},{'D3'},&,6.0,&
{'R3'},{'D1'},{'R2'},{'R1'},{'D4'},{'D2'},{'D6'},{'D3'},{'D7'},{'D5'},&,8.0,&
{'R3'},{'D1'},{'R2'},{'R1'},{'D4'},{'D2'},{'D6'},{'D3'},{'D5'},{'D7'},&,70.0,&
{'R3'},{'D1'},{'R2'},{'R1'},{'D4'},{'D2'},{'D6'},{'D5'},{'D7'},{'D3'},&,8.0,&
{'R3'},{'D1'},{'R2'},{'R1'},{'D4'},{'D2'},{'D6'},{'D5'},{'D3'},{'D7'},&,70.0,&
{'R3'},{'D1'},{'R2'},{'R1'},{'D4'},{'D2'},{'D3'},{'D6'},{'D5'},{'D7'},&,6.0,&
{'R3'},{'D1'},{'R2'},{'R1'},{'D4'},{'D2'},{'D3'},{'D5'},{'D6'},{'D7'},&,2.0,&
{'R3'},{'D1'},{'R2'},{'R1'},{'D4'},{'D2'},{'D5'},{'D3'},{'D6'},{'D7'},&,1.0,&
{'R3'},{'D1'},{'R2'},{'R1'},{'D4'},{'D2'},{'D5'},{'D6'},{'D3'},{'D7'},&,4.0,&
{'R3'},{'D1'},{'R2'},{'R1'},{'D4'},{'D5'},{'D2'},{'D6'},{'D3'},{'D7'},&,4.0,&
{'R3'},{'D1'},{'R2'},{'R1'},{'D4'},{'D5'},{'D6'},{'D2'},{'D3'},{'D7'},&,5.0,&
{'R3'},{'D1'},{'R2'},{'R1'},{'D4'},{'D3'},{'D2'},{'D6'},{'D5'},{'D7'},&,4.0,&
{'R3'},{'D1'},{'R2'},{'R1'},{'D4'},{'D3'},{'D6'},{'D2'},{'D7'},{'D5'},&,1.0,&
{'R3'},{'D1'},{'R2'},{'R1'},{'D4'},{'D3'},{'D6'},{'D2'},{'D5'},{'D7'},&,1.0,&
{'R3'},{'D1'},{'R2'},{'R1'},{'D5'},{'D6'},{'D4'},{'D2'},{'D3'},{'D7'},&,1.0,&
{'R3'},{'D1'},{'R2'},{'R1'},{'D5'},{'D4'},{'D2'},{'D6'},{'D3'},{'D7'},&,1.0,&
{'R3'},{'D1'},{'R2'},{'R1'},{'D5'},{'D4'},{'D3'},{'D6'},{'D2'},{'D7'},&,1.0,&
{'R3'},{'D1'},{'R2'},{'D6'},{'D2'},{'R1'},{'D4'},{'D5'},{'D3'},{'D7'},&,1.0,&
{'R3'},{'D1'},{'R2'},{'D6'},{'D4'},{'D2'},{'R1'},{'D3'},{'D5'},{'D7'},&,1.0,&
{'R3'},{'D1'},{'R2'},{'D6'},{'D4'},{'R1'},{'D2'},{'D7'},{'D3'},{'D5'},&,2.0,&
{'R3'},{'D1'},{'R2'},{'D6'},{'D4'},{'R1'},{'D2'},{'D3'},{'D5'},{'D7'},&,2.0,&
{'R3'},{'D1'},{'R2'},{'D6'},{'D4'},{'R1'},{'D2'},{'D5'},{'D3'},{'D7'},&,1.0,&
{'R3'},{'D1'},{'R2'},{'D6'},{'D4'},{'R1'},{'D5'},{'D2'},{'D3'},{'D7'},&,1.0,&
{'R3'},{'D1'},{'R2'},{'D6'},{'R1'},{'D4'},{'D2'},{'D3'},{'D5'},{'D7'},&,4.0,&
{'R3'},{'D1'},{'R2'},{'D6'},{'R1'},{'D4'},{'D2'},{'D5'},{'D7'},{'D3'},&,1.0,&
{'R3'},{'D1'},{'R2'},{'D6'},{'R1'},{'D4'},{'D2'},{'D5'},{'D3'},{'D7'},&,5.0,&
{'R3'},{'D1'},{'R2'},{'D6'},{'R1'},{'D4'},{'D3'},{'D2'},{'D5'},{'D7'},&,1.0,&
{'R3'},{'D1'},{'R2'},{'D6'},{'R1'},{'D2'},{'D4'},{'D3'},{'D7'},{'D5'},&,1.0,&
{'R3'},{'D1'},{'R2'},{'D6'},{'R1'},{'D2'},{'D4'},{'D3'},{'D5'},{'D7'},&,1.0,&
{'R3'},{'D1'},{'R2'},{'D6'},{'R1'},{'D2'},{'D4'},{'D5'},{'D3'},{'D7'},&,2.0,&
{'R3'},{'D1'},{'R2'},{'D4'},{'D2'},{'D6'},{'R1'},{'D3'},{'D5'},{'D7'},&,1.0,&
{'R3'},{'D1'},{'R2'},{'D4'},{'D2'},{'D6'},{'R1'},{'D5'},{'D3'},{'D7'},&,4.0,&
{'R3'},{'D1'},{'R2'},{'D4'},{'D2'},{'D6'},{'D5'},{'R1'},{'D3'},{'D7'},&,1.0,&
{'R3'},{'D1'},{'R2'},{'D4'},{'D2'},{'R1'},{'D6'},{'D7'},{'D3'},{'D5'},&,1.0,&
{'R3'},{'D1'},{'R2'},{'D4'},{'D2'},{'R1'},{'D6'},{'D3'},{'D7'},{'D5'},&,1.0,&
{'R3'},{'D1'},{'R2'},{'D4'},{'D2'},{'R1'},{'D6'},{'D3'},{'D5'},{'D7'},&,4.0,&
{'R3'},{'D1'},{'R2'},{'D4'},{'D2'},{'R1'},{'D6'},{'D5'},{'D7'},{'D3'},&,1.0,&
{'R3'},{'D1'},{'R2'},{'D4'},{'D2'},{'R1'},{'D6'},{'D5'},{'D3'},{'D7'},&,3.0,&
{'R3'},{'D1'},{'R2'},{'D4'},{'D6'},{'D2'},{'D3'},{'R1'},{'D7'},{'D5'},&,1.0,&
{'R3'},{'D1'},{'R2'},{'D4'},{'D6'},{'D2'},{'R1'},{'D3'},{'D5'},{'D7'},&,1.0,&
{'R3'},{'D1'},{'R2'},{'D4'},{'D6'},{'R1'},{'D2'},{'D3'},{'D7'},{'D5'},&,1.0,&
{'R3'},{'D1'},{'R2'},{'D4'},{'D6'},{'R1'},{'D2'},{'D3'},{'D5'},{'D7'},&,2.0,&
{'R3'},{'D1'},{'R2'},{'D4'},{'D6'},{'R1'},{'D2'},{'D5'},{'D3'},{'D7'},&,4.0,&
{'R3'},{'D1'},{'R2'},{'D4'},{'D6'},{'R1'},{'D5'},{'D2'},{'D3'},{'D7'},&,1.0,&
{'R3'},{'D1'},{'R2'},{'D4'},{'R1'},{'D6'},{'D2'},{'D7'},{'D5'},{'D3'},&,1.0,&
{'R3'},{'D1'},{'R2'},{'D4'},{'R1'},{'D6'},{'D2'},{'D3'},{'D5'},{'D7'},&,10.0,&
{'R3'},{'D1'},{'R2'},{'D4'},{'R1'},{'D6'},{'D2'},{'D5'},{'D7'},{'D3'},&,3.0,&
{'R3'},{'D1'},{'R2'},{'D4'},{'R1'},{'D6'},{'D2'},{'D5'},{'D3'},{'D7'},&,24.0,&
{'R3'},{'D1'},{'R2'},{'D4'},{'R1'},{'D6'},{'D5'},{'D2'},{'D3'},{'D7'},&,1.0,&
{'R3'},{'D1'},{'R2'},{'D4'},{'R1'},{'D2'},{'D6'},{'D7'},{'D3'},{'D5'},&,1.0,&
{'R3'},{'D1'},{'R2'},{'D4'},{'R1'},{'D2'},{'D6'},{'D3'},{'D7'},{'D5'},&,1.0,&
{'R3'},{'D1'},{'R2'},{'D4'},{'R1'},{'D2'},{'D6'},{'D3'},{'D5'},{'D7'},&,14.0,&
{'R3'},{'D1'},{'R2'},{'D4'},{'R1'},{'D2'},{'D6'},{'D5'},{'D7'},{'D3'},&,4.0,&
{'R3'},{'D1'},{'R2'},{'D4'},{'R1'},{'D2'},{'D6'},{'D5'},{'D3'},{'D7'},&,13.0,&
{'R3'},{'D1'},{'R2'},{'D4'},{'R1'},{'D2'},{'D3'},{'D7'},{'D6'},{'D5'},&,1.0,&
{'R3'},{'D1'},{'R2'},{'D4'},{'R1'},{'D2'},{'D3'},{'D6'},{'D5'},{'D7'},&,2.0,&
{'R3'},{'D1'},{'R2'},{'D4'},{'R1'},{'D2'},{'D5'},{'D6'},{'D7'},{'D3'},&,1.0,&
{'R3'},{'D1'},{'R2'},{'D4'},{'R1'},{'D2'},{'D5'},{'D6'},{'D3'},{'D7'},&,3.0,&
{'R3'},{'D1'},{'R2'},{'D4'},{'R1'},{'D5'},{'D2'},{'D6'},{'D3'},{'D7'},&,1.0,&
{'R3'},{'D1'},{'R2'},{'D4'},{'R1'},{'D3'},{'D2'},{'D6'},{'D5'},{'D7'},&,2.0,&
{'R3'},{'D6'},{'D4'},{'R2'},{'R1'},{'D1'},{'D2'},{'D5'},{'D3'},{'D7'},&,2.0,&
{'R3'},{'D6'},{'D4'},{'R2'},{'R1'},{'D2'},{'D1'},{'D3'},{'D5'},{'D7'},&,1.0,&
{'R3'},{'D6'},{'D1'},{'R2'},{'R1'},{'D4'},{'D2'},{'D7'},{'D5'},{'D3'},&,1.0,&
{'R3'},{'D6'},{'R1'},{'D1'},{'R2'},{'D4'},{'D2'},{'D3'},{'D5'},{'D7'},&,1.0,&
{'R3'},{'D6'},{'R1'},{'D4'},{'R2'},{'D1'},{'D2'},{'D3'},{'D5'},{'D7'},&,1.0,&
{'R3'},{'D6'},{'R1'},{'R2'},{'D1'},{'D4'},{'D2'},{'D3'},{'D5'},{'D7'},&,1.0,&
{'R3'},{'D6'},{'R1'},{'R2'},{'D1'},{'D4'},{'D2'},{'D5'},{'D7'},{'D3'},&,1.0,&
{'R3'},{'D6'},{'R1'},{'R2'},{'D1'},{'D2'},{'D4'},{'D5'},{'D7'},{'D3'},&,1.0,&
{'R3'},{'D6'},{'R2'},{'D1'},{'D4'},{'D2'},{'R1'},{'D5'},{'D3'},{'D7'},&,1.0,&
{'R3'},{'D6'},{'R2'},{'D1'},{'R1'},{'D4'},{'D2'},{'D5'},{'D3'},{'D7'},&,3.0,&
{'R3'},{'D6'},{'R2'},{'R1'},{'D1'},{'D4'},{'D2'},{'D3'},{'D7'},{'D5'},&,1.0,&
{'R3'},{'D6'},{'R2'},{'R1'},{'D1'},{'D4'},{'D2'},{'D3'},{'D5'},{'D7'},&,4.0,&
{'R3'},{'D6'},{'R2'},{'R1'},{'D1'},{'D4'},{'D2'},{'D5'},{'D7'},{'D3'},&,2.0,&
{'R3'},{'D6'},{'R2'},{'R1'},{'D1'},{'D4'},{'D2'},{'D5'},{'D3'},{'D7'},&,6.0,&
{'R3'},{'D6'},{'R2'},{'R1'},{'D1'},{'D4'},{'D3'},{'D2'},{'D5'},{'D7'},&,1.0,&
{'R3'},{'D6'},{'R2'},{'R1'},{'D1'},{'D4'},{'D5'},{'D2'},{'D3'},{'D7'},&,2.0,&
{'R3'},{'D6'},{'R2'},{'R1'},{'D1'},{'D2'},{'D4'},{'D3'},{'D5'},{'D7'},&,1.0,&
{'R3'},{'D6'},{'R2'},{'R1'},{'D1'},{'D2'},{'D4'},{'D5'},{'D3'},{'D7'},&,2.0,&
{'R3'},{'D6'},{'R2'},{'R1'},{'D2'},{'D1'},{'D4'},{'D7'},{'D3'},{'D5'},&,1.0,&
{'R3'},{'D6'},{'R2'},{'R1'},{'D4'},{'D1'},{'D2'},{'D3'},{'D7'},{'D5'},&,1.0,&
{'R3'},{'D6'},{'R2'},{'R1'},{'D4'},{'D1'},{'D2'},{'D3'},{'D5'},{'D7'},&,5.0,&
{'R3'},{'D6'},{'R2'},{'R1'},{'D4'},{'D1'},{'D2'},{'D5'},{'D3'},{'D7'},&,1.0,&
{'R3'},{'D6'},{'R2'},{'D4'},{'R1'},{'D1'},{'D2'},{'D3'},{'D5'},{'D7'},&,1.0,&
{'R3'},{'D6'},{'R2'},{'D4'},{'R1'},{'D1'},{'D2'},{'D5'},{'D3'},{'D7'},&,1.0,&
{'R3'},{'D2'},{'D4'},{'D1'},{'R2'},{'R1'},{'D6'},{'D3'},{'D5'},{'D7'},&,1.0,&
{'R3'},{'D2'},{'D5'},{'D3'},{'D6'},{'D4'},{'D1'},{'D7'},{'R1'},{'R2'},&,1.0,&
{'R3'},{'D2'},{'D1'},{'R2'},{'R1'},{'D6'},{'D4'},{'D5'},{'D7'},{'D3'},&,1.0,&
{'R3'},{'D2'},{'R1'},{'R2'},{'D1'},{'D4'},{'D6'},{'D3'},{'D5'},{'D7'},&,1.0,&
{'R3'},{'D2'},{'R1'},{'R2'},{'D1'},{'D4'},{'D6'},{'D5'},{'D3'},{'D7'},&,1.0,&
{'R3'},{'D2'},{'R1'},{'R2'},{'D4'},{'D1'},{'D6'},{'D3'},{'D5'},{'D7'},&,1.0,&
{'R3'},{'D2'},{'R1'},{'R2'},{'D4'},{'D1'},{'D6'},{'D5'},{'D7'},{'D3'},&,1.0,&
{'R3'},{'D2'},{'R2'},{'D1'},{'D4'},{'R1'},{'D6'},{'D3'},{'D7'},{'D5'},&,1.0,&
{'R3'},{'D2'},{'R2'},{'D1'},{'R1'},{'D6'},{'D4'},{'D3'},{'D5'},{'D7'},&,1.0,&
{'R3'},{'D2'},{'R2'},{'D1'},{'R1'},{'D4'},{'D6'},{'D3'},{'D7'},{'D5'},&,2.0,&
{'R3'},{'D2'},{'R2'},{'D1'},{'R1'},{'D4'},{'D6'},{'D3'},{'D5'},{'D7'},&,4.0,&
{'R3'},{'D2'},{'R2'},{'D1'},{'R1'},{'D4'},{'D6'},{'D5'},{'D3'},{'D7'},&,3.0,&
{'R3'},{'D2'},{'R2'},{'R1'},{'D1'},{'D6'},{'D4'},{'D5'},{'D3'},{'D7'},&,1.0,&
{'R3'},{'D2'},{'R2'},{'R1'},{'D1'},{'D4'},{'D6'},{'D7'},{'D5'},{'D3'},&,1.0,&
{'R3'},{'D2'},{'R2'},{'R1'},{'D1'},{'D4'},{'D6'},{'D3'},{'D7'},{'D5'},&,1.0,&
{'R3'},{'D2'},{'R2'},{'R1'},{'D1'},{'D4'},{'D6'},{'D3'},{'D5'},{'D7'},&,8.0,&
{'R3'},{'D2'},{'R2'},{'R1'},{'D1'},{'D4'},{'D6'},{'D5'},{'D3'},{'D7'},&,6.0,&
{'R3'},{'D2'},{'R2'},{'R1'},{'D1'},{'D4'},{'D3'},{'D6'},{'D7'},{'D5'},&,1.0,&
{'R3'},{'D2'},{'R2'},{'R1'},{'D6'},{'D4'},{'D1'},{'D3'},{'D7'},{'D5'},&,1.0,&
{'R3'},{'D2'},{'R2'},{'R1'},{'D4'},{'D1'},{'D6'},{'D3'},{'D5'},{'D7'},&,1.0,&
{'R3'},{'D2'},{'R2'},{'R1'},{'D4'},{'D1'},{'D6'},{'D5'},{'D7'},{'D3'},&,1.0,&
{'R3'},{'D2'},{'R2'},{'R1'},{'D4'},{'D1'},{'D6'},{'D5'},{'D3'},{'D7'},&,2.0,&
{'R3'},{'D7'},{'R2'},{'R1'},{'D1'},{'D2'},{'D4'},{'D6'},{'D3'},{'D5'},&,1.0,&
{'R3'},{'D4'},{'D6'},{'R2'},{'R1'},{'D1'},{'D2'},{'D5'},{'D3'},{'D7'},&,1.0,&
{'R3'},{'D4'},{'D1'},{'D2'},{'R2'},{'D6'},{'R1'},{'D5'},{'D3'},{'D7'},&,1.0,&
{'R3'},{'D4'},{'D1'},{'D6'},{'R2'},{'D2'},{'R1'},{'D5'},{'D7'},{'D3'},&,1.0,&
{'R3'},{'D4'},{'D1'},{'D6'},{'R2'},{'R1'},{'D2'},{'D5'},{'D3'},{'D7'},&,1.0,&
{'R3'},{'D4'},{'D1'},{'R2'},{'D2'},{'D6'},{'R1'},{'D3'},{'D5'},{'D7'},&,1.0,&
{'R3'},{'D4'},{'D1'},{'R2'},{'D2'},{'R1'},{'D6'},{'D7'},{'D5'},{'D3'},&,1.0,&
{'R3'},{'D4'},{'D1'},{'R2'},{'D2'},{'R1'},{'D6'},{'D3'},{'D5'},{'D7'},&,1.0,&
{'R3'},{'D4'},{'D1'},{'R2'},{'D6'},{'D2'},{'R1'},{'D3'},{'D5'},{'D7'},&,1.0,&
{'R3'},{'D4'},{'D1'},{'R2'},{'D6'},{'R1'},{'D2'},{'D5'},{'D3'},{'D7'},&,1.0,&
{'R3'},{'D4'},{'D1'},{'R2'},{'R1'},{'D6'},{'D2'},{'D3'},{'D7'},{'D5'},&,1.0,&
{'R3'},{'D4'},{'D1'},{'R2'},{'R1'},{'D6'},{'D2'},{'D3'},{'D5'},{'D7'},&,2.0,&
{'R3'},{'D4'},{'D1'},{'R2'},{'R1'},{'D6'},{'D2'},{'D5'},{'D3'},{'D7'},&,1.0,&
{'R3'},{'D4'},{'D1'},{'R2'},{'R1'},{'D2'},{'D6'},{'D7'},{'D5'},{'D3'},&,1.0,&
{'R3'},{'D4'},{'D1'},{'R2'},{'R1'},{'D2'},{'D6'},{'D3'},{'D5'},{'D7'},&,1.0,&
{'R3'},{'D4'},{'D1'},{'R2'},{'R1'},{'D2'},{'D6'},{'D5'},{'D7'},{'D3'},&,1.0,&
{'R3'},{'D4'},{'D1'},{'R2'},{'R1'},{'D2'},{'D5'},{'D6'},{'D3'},{'D7'},&,1.0,&
{'R3'},{'D4'},{'D1'},{'R2'},{'R1'},{'D5'},{'D6'},{'D2'},{'D3'},{'D7'},&,1.0,&
{'R3'},{'D4'},{'D2'},{'R2'},{'R1'},{'D1'},{'D6'},{'D7'},{'D3'},{'D5'},&,1.0,&
{'R3'},{'D4'},{'R1'},{'D1'},{'R2'},{'D6'},{'D2'},{'D5'},{'D7'},{'D3'},&,1.0,&
{'R3'},{'D4'},{'R1'},{'D1'},{'R2'},{'D6'},{'D2'},{'D5'},{'D3'},{'D7'},&,1.0,&
{'R3'},{'D4'},{'R1'},{'D1'},{'R2'},{'D2'},{'D6'},{'D3'},{'D5'},{'D7'},&,1.0,&
{'R3'},{'D4'},{'R1'},{'D1'},{'R2'},{'D2'},{'D6'},{'D5'},{'D7'},{'D3'},&,1.0,&
{'R3'},{'D4'},{'R1'},{'D6'},{'D1'},{'R2'},{'D2'},{'D3'},{'D5'},{'D7'},&,1.0,&
{'R3'},{'D4'},{'R1'},{'R2'},{'D1'},{'D6'},{'D2'},{'D7'},{'D3'},{'D5'},&,1.0,&
{'R3'},{'D4'},{'R1'},{'R2'},{'D1'},{'D6'},{'D2'},{'D7'},{'D5'},{'D3'},&,1.0,&
{'R3'},{'D4'},{'R1'},{'R2'},{'D1'},{'D6'},{'D2'},{'D3'},{'D5'},{'D7'},&,3.0,&
{'R3'},{'D4'},{'R1'},{'R2'},{'D1'},{'D6'},{'D2'},{'D5'},{'D7'},{'D3'},&,4.0,&
{'R3'},{'D4'},{'R1'},{'R2'},{'D1'},{'D6'},{'D2'},{'D5'},{'D3'},{'D7'},&,5.0,&
{'R3'},{'D4'},{'R1'},{'R2'},{'D1'},{'D6'},{'D5'},{'D2'},{'D3'},{'D7'},&,1.0,&
{'R3'},{'D4'},{'R1'},{'R2'},{'D1'},{'D2'},{'D6'},{'D7'},{'D5'},{'D3'},&,2.0,&
{'R3'},{'D4'},{'R1'},{'R2'},{'D1'},{'D2'},{'D6'},{'D3'},{'D5'},{'D7'},&,6.0,&
{'R3'},{'D4'},{'R1'},{'R2'},{'D1'},{'D2'},{'D6'},{'D5'},{'D7'},{'D3'},&,2.0,&
{'R3'},{'D4'},{'R1'},{'R2'},{'D1'},{'D2'},{'D6'},{'D5'},{'D3'},{'D7'},&,6.0,&
{'R3'},{'D4'},{'R1'},{'R2'},{'D1'},{'D5'},{'D2'},{'D6'},{'D3'},{'D7'},&,1.0,&
{'R3'},{'D4'},{'R1'},{'R2'},{'D2'},{'D1'},{'D6'},{'D3'},{'D5'},{'D7'},&,1.0,&
{'R3'},{'D4'},{'R1'},{'R2'},{'D6'},{'D1'},{'D2'},{'D3'},{'D5'},{'D7'},&,1.0,&
{'R3'},{'D4'},{'R2'},{'D1'},{'D2'},{'D6'},{'R1'},{'D3'},{'D5'},{'D7'},&,1.0,&
{'R3'},{'D4'},{'R2'},{'D1'},{'D2'},{'R1'},{'D6'},{'D3'},{'D5'},{'D7'},&,1.0,&
{'R3'},{'D4'},{'R2'},{'D1'},{'D2'},{'R1'},{'D6'},{'D5'},{'D7'},{'D3'},&,1.0,&
{'R3'},{'D4'},{'R2'},{'D1'},{'D2'},{'R1'},{'D6'},{'D5'},{'D3'},{'D7'},&,2.0,&
{'R3'},{'D4'},{'R2'},{'D1'},{'D6'},{'D2'},{'R1'},{'D5'},{'D3'},{'D7'},&,1.0,&
{'R3'},{'D4'},{'R2'},{'D1'},{'D6'},{'R1'},{'D2'},{'D3'},{'D5'},{'D7'},&,5.0,&
{'R3'},{'D4'},{'R2'},{'D1'},{'D6'},{'R1'},{'D2'},{'D5'},{'D3'},{'D7'},&,1.0,&
{'R3'},{'D4'},{'R2'},{'D1'},{'R1'},{'D6'},{'D2'},{'D7'},{'D3'},{'D5'},&,1.0,&
{'R3'},{'D4'},{'R2'},{'D1'},{'R1'},{'D6'},{'D2'},{'D3'},{'D7'},{'D5'},&,1.0,&
{'R3'},{'D4'},{'R2'},{'D1'},{'R1'},{'D6'},{'D2'},{'D3'},{'D5'},{'D7'},&,5.0,&
{'R3'},{'D4'},{'R2'},{'D1'},{'R1'},{'D6'},{'D2'},{'D5'},{'D7'},{'D3'},&,4.0,&
{'R3'},{'D4'},{'R2'},{'D1'},{'R1'},{'D6'},{'D2'},{'D5'},{'D3'},{'D7'},&,6.0,&
{'R3'},{'D4'},{'R2'},{'D1'},{'R1'},{'D6'},{'D5'},{'D2'},{'D3'},{'D7'},&,2.0,&
{'R3'},{'D4'},{'R2'},{'D1'},{'R1'},{'D2'},{'D6'},{'D3'},{'D7'},{'D5'},&,1.0,&
{'R3'},{'D4'},{'R2'},{'D1'},{'R1'},{'D2'},{'D6'},{'D3'},{'D5'},{'D7'},&,8.0,&
{'R3'},{'D4'},{'R2'},{'D1'},{'R1'},{'D2'},{'D6'},{'D5'},{'D3'},{'D7'},&,6.0,&
{'R3'},{'D4'},{'R2'},{'D1'},{'R1'},{'D2'},{'D5'},{'D6'},{'D3'},{'D7'},&,1.0,&
{'R3'},{'D4'},{'R2'},{'D1'},{'R1'},{'D5'},{'D6'},{'D2'},{'D3'},{'D7'},&,1.0,&
{'R3'},{'D4'},{'R2'},{'D2'},{'D1'},{'R1'},{'D6'},{'D3'},{'D5'},{'D7'},&,1.0,&
{'R3'},{'D4'},{'R2'},{'D2'},{'R1'},{'D1'},{'D6'},{'D3'},{'D7'},{'D5'},&,1.0,&
{'R3'},{'D4'},{'R2'},{'D2'},{'R1'},{'D1'},{'D6'},{'D3'},{'D5'},{'D7'},&,2.0,&
{'R3'},{'D4'},{'R2'},{'D2'},{'R1'},{'D1'},{'D6'},{'D5'},{'D3'},{'D7'},&,4.0,&
{'R3'},{'D4'},{'R2'},{'D5'},{'R1'},{'D1'},{'D2'},{'D6'},{'D3'},{'D7'},&,1.0,&
{'R3'},{'D4'},{'R2'},{'R1'},{'D1'},{'D6'},{'D2'},{'D7'},{'D3'},{'D5'},&,2.0,&
{'R3'},{'D4'},{'R2'},{'R1'},{'D1'},{'D6'},{'D2'},{'D7'},{'D5'},{'D3'},&,3.0,&
{'R3'},{'D4'},{'R2'},{'R1'},{'D1'},{'D6'},{'D2'},{'D3'},{'D7'},{'D5'},&,4.0,&
{'R3'},{'D4'},{'R2'},{'R1'},{'D1'},{'D6'},{'D2'},{'D3'},{'D5'},{'D7'},&,30.0,&
{'R3'},{'D4'},{'R2'},{'R1'},{'D1'},{'D6'},{'D2'},{'D5'},{'D7'},{'D3'},&,2.0,&
{'R3'},{'D4'},{'R2'},{'R1'},{'D1'},{'D6'},{'D2'},{'D5'},{'D3'},{'D7'},&,34.0,&
{'R3'},{'D4'},{'R2'},{'R1'},{'D1'},{'D6'},{'D3'},{'D2'},{'D5'},{'D7'},&,3.0,&
{'R3'},{'D4'},{'R2'},{'R1'},{'D1'},{'D6'},{'D5'},{'D2'},{'D3'},{'D7'},&,1.0,&
{'R3'},{'D4'},{'R2'},{'R1'},{'D1'},{'D2'},{'D6'},{'D7'},{'D5'},{'D3'},&,2.0,&
{'R3'},{'D4'},{'R2'},{'R1'},{'D1'},{'D2'},{'D6'},{'D3'},{'D7'},{'D5'},&,6.0,&
{'R3'},{'D4'},{'R2'},{'R1'},{'D1'},{'D2'},{'D6'},{'D3'},{'D5'},{'D7'},&,38.0,&
{'R3'},{'D4'},{'R2'},{'R1'},{'D1'},{'D2'},{'D6'},{'D5'},{'D7'},{'D3'},&,4.0,&
{'R3'},{'D4'},{'R2'},{'R1'},{'D1'},{'D2'},{'D6'},{'D5'},{'D3'},{'D7'},&,43.0,&
{'R3'},{'D4'},{'R2'},{'R1'},{'D1'},{'D2'},{'D3'},{'D6'},{'D7'},{'D5'},&,1.0,&
{'R3'},{'D4'},{'R2'},{'R1'},{'D1'},{'D2'},{'D3'},{'D6'},{'D5'},{'D7'},&,3.0,&
{'R3'},{'D4'},{'R2'},{'R1'},{'D1'},{'D5'},{'D2'},{'D6'},{'D3'},{'D7'},&,1.0,&
{'R3'},{'D4'},{'R2'},{'R1'},{'D1'},{'D5'},{'D6'},{'D2'},{'D3'},{'D7'},&,1.0,&
{'R3'},{'D4'},{'R2'},{'R1'},{'D1'},{'D3'},{'D2'},{'D6'},{'D5'},{'D7'},&,1.0,&
{'R3'},{'D4'},{'R2'},{'R1'},{'D2'},{'D6'},{'D1'},{'D3'},{'D5'},{'D7'},&,1.0,&
{'R3'},{'D4'},{'R2'},{'R1'},{'D2'},{'D1'},{'D6'},{'D7'},{'D5'},{'D3'},&,1.0,&
{'R3'},{'D4'},{'R2'},{'R1'},{'D2'},{'D1'},{'D6'},{'D3'},{'D5'},{'D7'},&,3.0,&
{'R3'},{'D4'},{'R2'},{'R1'},{'D2'},{'D1'},{'D6'},{'D5'},{'D7'},{'D3'},&,1.0,&
{'R3'},{'D4'},{'R2'},{'R1'},{'D2'},{'D1'},{'D6'},{'D5'},{'D3'},{'D7'},&,3.0,&
{'R3'},{'D4'},{'R2'},{'R1'},{'D6'},{'D1'},{'D2'},{'D7'},{'D3'},{'D5'},&,1.0,&
{'R3'},{'D4'},{'R2'},{'R1'},{'D6'},{'D1'},{'D2'},{'D7'},{'D5'},{'D3'},&,2.0,&
{'R3'},{'D4'},{'R2'},{'R1'},{'D6'},{'D1'},{'D2'},{'D3'},{'D5'},{'D7'},&,2.0,&
{'R3'},{'D4'},{'R2'},{'R1'},{'D6'},{'D1'},{'D2'},{'D5'},{'D7'},{'D3'},&,1.0,&
{'R3'},{'D4'},{'R2'},{'R1'},{'D6'},{'D1'},{'D2'},{'D5'},{'D3'},{'D7'},&,6.0,&
{'R3'},{'D4'},{'R2'},{'R1'},{'D6'},{'D1'},{'D5'},{'D2'},{'D3'},{'D7'},&,2.0,&
{'R3'},{'D4'},{'R2'},{'D6'},{'D1'},{'D2'},{'R1'},{'D3'},{'D5'},{'D7'},&,1.0,&
{'R3'},{'D4'},{'R2'},{'D6'},{'D1'},{'R1'},{'D2'},{'D5'},{'D3'},{'D7'},&,1.0,&
{'R3'},{'D4'},{'R2'},{'D6'},{'D7'},{'R1'},{'D1'},{'D2'},{'D5'},{'D3'},&,1.0,&
{'R3'},{'D4'},{'R2'},{'D6'},{'D3'},{'D1'},{'D2'},{'R1'},{'D5'},{'D7'},&,1.0,&
{'R3'},{'D4'},{'R2'},{'D6'},{'R1'},{'D1'},{'D2'},{'D5'},{'D3'},{'D7'},&,1.0,&
{'R3'},{'R1'},{'D4'},{'D1'},{'D2'},{'R2'},{'D6'},{'D3'},{'D5'},{'D7'},&,1.0,&
{'R3'},{'R1'},{'D4'},{'D1'},{'D2'},{'R2'},{'D6'},{'D5'},{'D7'},{'D3'},&,1.0,&
{'R3'},{'R1'},{'D4'},{'D1'},{'D6'},{'D2'},{'R2'},{'D3'},{'D5'},{'D7'},&,1.0,&
{'R3'},{'R1'},{'D4'},{'D1'},{'D6'},{'R2'},{'D2'},{'D3'},{'D5'},{'D7'},&,3.0,&
{'R3'},{'R1'},{'D4'},{'D1'},{'R2'},{'D6'},{'D2'},{'D3'},{'D7'},{'D5'},&,1.0,&
{'R3'},{'R1'},{'D4'},{'D1'},{'R2'},{'D6'},{'D2'},{'D3'},{'D5'},{'D7'},&,2.0,&
{'R3'},{'R1'},{'D4'},{'D1'},{'R2'},{'D6'},{'D2'},{'D5'},{'D7'},{'D3'},&,1.0,&
{'R3'},{'R1'},{'D4'},{'D1'},{'R2'},{'D6'},{'D2'},{'D5'},{'D3'},{'D7'},&,3.0,&
{'R3'},{'R1'},{'D4'},{'D1'},{'R2'},{'D2'},{'D6'},{'D7'},{'D3'},{'D5'},&,1.0,&
{'R3'},{'R1'},{'D4'},{'D1'},{'R2'},{'D2'},{'D6'},{'D3'},{'D7'},{'D5'},&,2.0,&
{'R3'},{'R1'},{'D4'},{'D1'},{'R2'},{'D2'},{'D6'},{'D3'},{'D5'},{'D7'},&,3.0,&
{'R3'},{'R1'},{'D4'},{'D1'},{'R2'},{'D2'},{'D6'},{'D5'},{'D7'},{'D3'},&,1.0,&
{'R3'},{'R1'},{'D4'},{'D1'},{'R2'},{'D2'},{'D6'},{'D5'},{'D3'},{'D7'},&,4.0,&
{'R3'},{'R1'},{'D4'},{'D1'},{'R2'},{'D3'},{'D6'},{'D2'},{'D5'},{'D7'},&,1.0,&
{'R3'},{'R1'},{'D4'},{'R2'},{'D1'},{'D6'},{'D2'},{'D7'},{'D3'},{'D5'},&,1.0,&
{'R3'},{'R1'},{'D4'},{'R2'},{'D1'},{'D6'},{'D2'},{'D7'},{'D5'},{'D3'},&,1.0,&
{'R3'},{'R1'},{'D4'},{'R2'},{'D1'},{'D6'},{'D2'},{'D3'},{'D5'},{'D7'},&,11.0,&
{'R3'},{'R1'},{'D4'},{'R2'},{'D1'},{'D6'},{'D2'},{'D5'},{'D7'},{'D3'},&,2.0,&
{'R3'},{'R1'},{'D4'},{'R2'},{'D1'},{'D6'},{'D2'},{'D5'},{'D3'},{'D7'},&,12.0,&
{'R3'},{'R1'},{'D4'},{'R2'},{'D1'},{'D6'},{'D3'},{'D2'},{'D5'},{'D7'},&,1.0,&
{'R3'},{'R1'},{'D4'},{'R2'},{'D1'},{'D6'},{'D5'},{'D2'},{'D7'},{'D3'},&,2.0,&
{'R3'},{'R1'},{'D4'},{'R2'},{'D1'},{'D2'},{'D6'},{'D7'},{'D3'},{'D5'},&,1.0,&
{'R3'},{'R1'},{'D4'},{'R2'},{'D1'},{'D2'},{'D6'},{'D7'},{'D5'},{'D3'},&,5.0,&
{'R3'},{'R1'},{'D4'},{'R2'},{'D1'},{'D2'},{'D6'},{'D3'},{'D5'},{'D7'},&,11.0,&
{'R3'},{'R1'},{'D4'},{'R2'},{'D1'},{'D2'},{'D6'},{'D5'},{'D3'},{'D7'},&,12.0,&
{'R3'},{'R1'},{'D4'},{'R2'},{'D1'},{'D2'},{'D7'},{'D6'},{'D5'},{'D3'},&,1.0,&
{'R3'},{'R1'},{'D4'},{'R2'},{'D1'},{'D2'},{'D3'},{'D6'},{'D5'},{'D7'},&,1.0,&
{'R3'},{'R1'},{'D4'},{'R2'},{'D1'},{'D2'},{'D5'},{'D6'},{'D3'},{'D7'},&,4.0,&
{'R3'},{'R1'},{'D4'},{'R2'},{'D1'},{'D5'},{'D2'},{'D6'},{'D3'},{'D7'},&,1.0,&
{'R3'},{'R1'},{'D4'},{'R2'},{'D1'},{'D5'},{'D6'},{'D2'},{'D3'},{'D7'},&,1.0,&
{'R3'},{'R1'},{'D4'},{'R2'},{'D1'},{'D3'},{'D2'},{'D6'},{'D7'},{'D5'},&,1.0,&
{'R3'},{'R1'},{'D4'},{'R2'},{'D1'},{'D3'},{'D6'},{'D2'},{'D5'},{'D7'},&,1.0,&
{'R3'},{'R1'},{'D4'},{'R2'},{'D2'},{'D1'},{'D6'},{'D3'},{'D7'},{'D5'},&,1.0,&
{'R3'},{'R1'},{'D4'},{'R2'},{'D2'},{'D1'},{'D6'},{'D3'},{'D5'},{'D7'},&,1.0,&
{'R3'},{'R1'},{'D4'},{'R2'},{'D3'},{'D1'},{'D2'},{'D6'},{'D5'},{'D7'},&,1.0,&
{'R3'},{'R1'},{'D4'},{'R2'},{'D6'},{'D1'},{'D2'},{'D7'},{'D5'},{'D3'},&,1.0,&
{'R3'},{'R1'},{'D4'},{'R2'},{'D6'},{'D1'},{'D2'},{'D3'},{'D5'},{'D7'},&,3.0,&
{'R3'},{'R1'},{'D4'},{'R2'},{'D6'},{'D1'},{'D2'},{'D5'},{'D3'},{'D7'},&,3.0,&
{'R3'},{'R1'},{'D3'},{'R2'},{'D1'},{'D4'},{'D6'},{'D2'},{'D5'},{'D7'},&,1.0,&
{'R3'},{'R1'},{'D6'},{'D1'},{'R2'},{'D4'},{'D2'},{'D3'},{'D5'},{'D7'},&,1.0,&
{'R3'},{'R1'},{'D6'},{'D4'},{'D1'},{'R2'},{'D2'},{'D3'},{'D5'},{'D7'},&,1.0,&
{'R3'},{'R1'},{'D6'},{'R2'},{'D1'},{'D4'},{'D2'},{'D7'},{'D5'},{'D3'},&,1.0,&
{'R3'},{'R1'},{'D6'},{'R2'},{'D1'},{'D4'},{'D2'},{'D3'},{'D5'},{'D7'},&,1.0,&
{'R3'},{'R1'},{'D6'},{'R2'},{'D1'},{'D4'},{'D2'},{'D5'},{'D3'},{'D7'},&,3.0,&
{'R3'},{'R1'},{'D6'},{'R2'},{'D4'},{'D1'},{'D2'},{'D3'},{'D5'},{'D7'},&,2.0,&
{'R3'},{'R1'},{'D6'},{'R2'},{'D4'},{'D1'},{'D2'},{'D5'},{'D3'},{'D7'},&,1.0,&
{'R3'},{'R1'},{'D1'},{'D2'},{'D4'},{'D6'},{'R2'},{'D7'},{'D5'},{'D3'},&,1.0,&
{'R3'},{'R1'},{'D1'},{'D2'},{'D4'},{'R2'},{'D6'},{'D3'},{'D5'},{'D7'},&,1.0,&
{'R3'},{'R1'},{'D1'},{'D2'},{'D4'},{'R2'},{'D6'},{'D5'},{'D3'},{'D7'},&,1.0,&
{'R3'},{'R1'},{'D1'},{'D2'},{'R2'},{'D6'},{'D4'},{'D3'},{'D5'},{'D7'},&,3.0,&
{'R3'},{'R1'},{'D1'},{'D2'},{'R2'},{'D4'},{'D6'},{'D3'},{'D5'},{'D7'},&,2.0,&
{'R3'},{'R1'},{'D1'},{'D2'},{'R2'},{'D4'},{'D6'},{'D5'},{'D7'},{'D3'},&,2.0,&
{'R3'},{'R1'},{'D1'},{'D2'},{'R2'},{'D4'},{'D6'},{'D5'},{'D3'},{'D7'},&,3.0,&
{'R3'},{'R1'},{'D1'},{'D3'},{'R2'},{'D2'},{'D4'},{'D5'},{'D6'},{'D7'},&,1.0,&
{'R3'},{'R1'},{'D1'},{'D6'},{'D4'},{'R2'},{'D2'},{'D3'},{'D5'},{'D7'},&,1.0,&
{'R3'},{'R1'},{'D1'},{'D6'},{'D4'},{'R2'},{'D2'},{'D5'},{'D3'},{'D7'},&,1.0,&
{'R3'},{'R1'},{'D1'},{'D6'},{'R2'},{'D4'},{'D2'},{'D7'},{'D3'},{'D5'},&,1.0,&
{'R3'},{'R1'},{'D1'},{'D6'},{'R2'},{'D4'},{'D2'},{'D3'},{'D7'},{'D5'},&,1.0,&
{'R3'},{'R1'},{'D1'},{'D6'},{'R2'},{'D4'},{'D2'},{'D3'},{'D5'},{'D7'},&,1.0,&
{'R3'},{'R1'},{'D1'},{'D6'},{'R2'},{'D4'},{'D2'},{'D5'},{'D7'},{'D3'},&,1.0,&
{'R3'},{'R1'},{'D1'},{'D6'},{'R2'},{'D4'},{'D2'},{'D5'},{'D3'},{'D7'},&,3.0,&
{'R3'},{'R1'},{'D1'},{'D6'},{'R2'},{'D2'},{'D4'},{'D5'},{'D3'},{'D7'},&,1.0,&
{'R3'},{'R1'},{'D1'},{'D4'},{'D2'},{'D6'},{'R2'},{'D3'},{'D5'},{'D7'},&,1.0,&
{'R3'},{'R1'},{'D1'},{'D4'},{'D2'},{'R2'},{'D6'},{'D3'},{'D5'},{'D7'},&,2.0,&
{'R3'},{'R1'},{'D1'},{'D4'},{'D2'},{'R2'},{'D6'},{'D5'},{'D3'},{'D7'},&,1.0,&
{'R3'},{'R1'},{'D1'},{'D4'},{'D6'},{'D2'},{'R2'},{'D3'},{'D5'},{'D7'},&,1.0,&
{'R3'},{'R1'},{'D1'},{'D4'},{'D6'},{'R2'},{'D2'},{'D3'},{'D5'},{'D7'},&,5.0,&
{'R3'},{'R1'},{'D1'},{'D4'},{'D6'},{'R2'},{'D2'},{'D5'},{'D3'},{'D7'},&,1.0,&
{'R3'},{'R1'},{'D1'},{'D4'},{'R2'},{'D6'},{'D2'},{'D7'},{'D3'},{'D5'},&,2.0,&
{'R3'},{'R1'},{'D1'},{'D4'},{'R2'},{'D6'},{'D2'},{'D3'},{'D5'},{'D7'},&,8.0,&
{'R3'},{'R1'},{'D1'},{'D4'},{'R2'},{'D6'},{'D2'},{'D5'},{'D3'},{'D7'},&,9.0,&
{'R3'},{'R1'},{'D1'},{'D4'},{'R2'},{'D6'},{'D5'},{'D2'},{'D3'},{'D7'},&,1.0,&
{'R3'},{'R1'},{'D1'},{'D4'},{'R2'},{'D2'},{'D6'},{'D7'},{'D5'},{'D3'},&,1.0,&
{'R3'},{'R1'},{'D1'},{'D4'},{'R2'},{'D2'},{'D6'},{'D3'},{'D7'},{'D5'},&,1.0,&
{'R3'},{'R1'},{'D1'},{'D4'},{'R2'},{'D2'},{'D6'},{'D3'},{'D5'},{'D7'},&,8.0,&
{'R3'},{'R1'},{'D1'},{'D4'},{'R2'},{'D2'},{'D6'},{'D5'},{'D7'},{'D3'},&,1.0,&
{'R3'},{'R1'},{'D1'},{'D4'},{'R2'},{'D2'},{'D6'},{'D5'},{'D3'},{'D7'},&,6.0,&
{'R3'},{'R1'},{'D1'},{'D4'},{'R2'},{'D2'},{'D3'},{'D6'},{'D5'},{'D7'},&,1.0,&
{'R3'},{'R1'},{'D1'},{'R2'},{'D2'},{'D6'},{'D4'},{'D3'},{'D5'},{'D7'},&,1.0,&
{'R3'},{'R1'},{'D1'},{'R2'},{'D2'},{'D6'},{'D4'},{'D5'},{'D3'},{'D7'},&,1.0,&
{'R3'},{'R1'},{'D1'},{'R2'},{'D2'},{'D4'},{'D6'},{'D3'},{'D5'},{'D7'},&,12.0,&
{'R3'},{'R1'},{'D1'},{'R2'},{'D2'},{'D4'},{'D6'},{'D5'},{'D7'},{'D3'},&,1.0,&
{'R3'},{'R1'},{'D1'},{'R2'},{'D2'},{'D4'},{'D6'},{'D5'},{'D3'},{'D7'},&,6.0,&
{'R3'},{'R1'},{'D1'},{'R2'},{'D6'},{'D4'},{'D2'},{'D7'},{'D5'},{'D3'},&,2.0,&
{'R3'},{'R1'},{'D1'},{'R2'},{'D6'},{'D4'},{'D2'},{'D3'},{'D7'},{'D5'},&,1.0,&
{'R3'},{'R1'},{'D1'},{'R2'},{'D6'},{'D4'},{'D2'},{'D3'},{'D5'},{'D7'},&,5.0,&
{'R3'},{'R1'},{'D1'},{'R2'},{'D6'},{'D4'},{'D2'},{'D5'},{'D7'},{'D3'},&,1.0,&
{'R3'},{'R1'},{'D1'},{'R2'},{'D6'},{'D4'},{'D2'},{'D5'},{'D3'},{'D7'},&,6.0,&
{'R3'},{'R1'},{'D1'},{'R2'},{'D6'},{'D4'},{'D5'},{'D2'},{'D3'},{'D7'},&,1.0,&
{'R3'},{'R1'},{'D1'},{'R2'},{'D6'},{'D2'},{'D4'},{'D3'},{'D5'},{'D7'},&,1.0,&
{'R3'},{'R1'},{'D1'},{'R2'},{'D6'},{'D2'},{'D4'},{'D5'},{'D7'},{'D3'},&,1.0,&
{'R3'},{'R1'},{'D1'},{'R2'},{'D4'},{'D6'},{'D2'},{'D7'},{'D3'},{'D5'},&,5.0,&
{'R3'},{'R1'},{'D1'},{'R2'},{'D4'},{'D6'},{'D2'},{'D7'},{'D5'},{'D3'},&,2.0,&
{'R3'},{'R1'},{'D1'},{'R2'},{'D4'},{'D6'},{'D2'},{'D3'},{'D7'},{'D5'},&,3.0,&
{'R3'},{'R1'},{'D1'},{'R2'},{'D4'},{'D6'},{'D2'},{'D3'},{'D5'},{'D7'},&,24.0,&
{'R3'},{'R1'},{'D1'},{'R2'},{'D4'},{'D6'},{'D2'},{'D5'},{'D7'},{'D3'},&,8.0,&
{'R3'},{'R1'},{'D1'},{'R2'},{'D4'},{'D6'},{'D2'},{'D5'},{'D3'},{'D7'},&,40.0,&
{'R3'},{'R1'},{'D1'},{'R2'},{'D4'},{'D6'},{'D3'},{'D2'},{'D7'},{'D5'},&,1.0,&
{'R3'},{'R1'},{'D1'},{'R2'},{'D4'},{'D6'},{'D3'},{'D2'},{'D5'},{'D7'},&,7.0,&
{'R3'},{'R1'},{'D1'},{'R2'},{'D4'},{'D6'},{'D5'},{'D2'},{'D3'},{'D7'},&,2.0,&
{'R3'},{'R1'},{'D1'},{'R2'},{'D4'},{'D7'},{'D6'},{'D2'},{'D5'},{'D3'},&,1.0,&
{'R3'},{'R1'},{'D1'},{'R2'},{'D4'},{'D2'},{'D6'},{'D7'},{'D3'},{'D5'},&,1.0,&
{'R3'},{'R1'},{'D1'},{'R2'},{'D4'},{'D2'},{'D6'},{'D7'},{'D5'},{'D3'},&,2.0,&
{'R3'},{'R1'},{'D1'},{'R2'},{'D4'},{'D2'},{'D6'},{'D3'},{'D7'},{'D5'},&,2.0,&
{'R3'},{'R1'},{'D1'},{'R2'},{'D4'},{'D2'},{'D6'},{'D3'},{'D5'},{'D7'},&,18.0,&
{'R3'},{'R1'},{'D1'},{'R2'},{'D4'},{'D2'},{'D6'},{'D5'},{'D7'},{'D3'},&,7.0,&
{'R3'},{'R1'},{'D1'},{'R2'},{'D4'},{'D2'},{'D6'},{'D5'},{'D3'},{'D7'},&,32.0,&
{'R3'},{'R1'},{'D1'},{'R2'},{'D4'},{'D2'},{'D3'},{'D6'},{'D5'},{'D7'},&,1.0,&
{'R3'},{'R1'},{'D1'},{'R2'},{'D4'},{'D2'},{'D5'},{'D3'},{'D6'},{'D7'},&,1.0,&
{'R3'},{'R1'},{'D1'},{'R2'},{'D4'},{'D2'},{'D5'},{'D6'},{'D7'},{'D3'},&,2.0,&
{'R3'},{'R1'},{'D1'},{'R2'},{'D4'},{'D2'},{'D5'},{'D6'},{'D3'},{'D7'},&,2.0,&
{'R3'},{'R1'},{'D1'},{'R2'},{'D4'},{'D5'},{'D2'},{'D3'},{'D6'},{'D7'},&,1.0,&
{'R3'},{'R1'},{'D1'},{'R2'},{'D4'},{'D5'},{'D2'},{'D6'},{'D7'},{'D3'},&,1.0,&
{'R3'},{'R1'},{'D1'},{'R2'},{'D4'},{'D5'},{'D2'},{'D6'},{'D3'},{'D7'},&,3.0,&
{'R3'},{'R1'},{'D1'},{'R2'},{'D4'},{'D5'},{'D6'},{'D2'},{'D3'},{'D7'},&,3.0,&
{'R3'},{'R1'},{'D1'},{'R2'},{'D4'},{'D3'},{'D2'},{'D6'},{'D5'},{'D7'},&,1.0,&
{'R3'},{'R1'},{'D2'},{'D1'},{'D4'},{'R2'},{'D6'},{'D3'},{'D5'},{'D7'},&,1.0,&
{'R3'},{'R1'},{'D2'},{'D1'},{'R2'},{'D4'},{'D6'},{'D5'},{'D7'},{'D3'},&,1.0,&
{'R3'},{'R1'},{'D2'},{'D4'},{'R2'},{'D1'},{'D6'},{'D3'},{'D5'},{'D7'},&,1.0,&
{'R3'},{'R1'},{'D2'},{'R2'},{'D1'},{'D4'},{'D6'},{'D3'},{'D5'},{'D7'},&,1.0,&
{'R3'},{'R1'},{'D2'},{'R2'},{'D1'},{'D4'},{'D6'},{'D5'},{'D3'},{'D7'},&,2.0,&
{'R3'},{'R1'},{'D2'},{'R2'},{'D1'},{'D4'},{'D3'},{'D6'},{'D5'},{'D7'},&,2.0,&
{'R3'},{'R1'},{'D2'},{'R2'},{'D4'},{'D1'},{'D6'},{'D3'},{'D5'},{'D7'},&,3.0,&
{'R3'},{'R1'},{'D2'},{'R2'},{'D4'},{'D1'},{'D6'},{'D5'},{'D3'},{'D7'},&,1.0,&
{'R3'},{'R1'},{'R2'},{'D1'},{'D2'},{'D6'},{'D4'},{'D3'},{'D5'},{'D7'},&,7.0,&
{'R3'},{'R1'},{'R2'},{'D1'},{'D2'},{'D6'},{'D4'},{'D5'},{'D7'},{'D3'},&,1.0,&
{'R3'},{'R1'},{'R2'},{'D1'},{'D2'},{'D6'},{'D4'},{'D5'},{'D3'},{'D7'},&,5.0,&
{'R3'},{'R1'},{'R2'},{'D1'},{'D2'},{'D4'},{'D6'},{'D7'},{'D3'},{'D5'},&,2.0,&
{'R3'},{'R1'},{'R2'},{'D1'},{'D2'},{'D4'},{'D6'},{'D7'},{'D5'},{'D3'},&,3.0,&
{'R3'},{'R1'},{'R2'},{'D1'},{'D2'},{'D4'},{'D6'},{'D3'},{'D7'},{'D5'},&,2.0,&
{'R3'},{'R1'},{'R2'},{'D1'},{'D2'},{'D4'},{'D6'},{'D3'},{'D5'},{'D7'},&,25.0,&
{'R3'},{'R1'},{'R2'},{'D1'},{'D2'},{'D4'},{'D6'},{'D5'},{'D7'},{'D3'},&,5.0,&
{'R3'},{'R1'},{'R2'},{'D1'},{'D2'},{'D4'},{'D6'},{'D5'},{'D3'},{'D7'},&,25.0,&
{'R3'},{'R1'},{'R2'},{'D1'},{'D2'},{'D4'},{'D3'},{'D6'},{'D7'},{'D5'},&,2.0,&
{'R3'},{'R1'},{'R2'},{'D1'},{'D2'},{'D4'},{'D3'},{'D6'},{'D5'},{'D7'},&,1.0,&
{'R3'},{'R1'},{'R2'},{'D1'},{'D2'},{'D5'},{'D4'},{'D6'},{'D7'},{'D3'},&,1.0,&
{'R3'},{'R1'},{'R2'},{'D1'},{'D3'},{'D4'},{'D2'},{'D6'},{'D5'},{'D7'},&,1.0,&
{'R3'},{'R1'},{'R2'},{'D1'},{'D3'},{'D4'},{'D6'},{'D2'},{'D5'},{'D7'},&,1.0,&
{'R3'},{'R1'},{'R2'},{'D1'},{'D6'},{'D4'},{'D2'},{'D7'},{'D3'},{'D5'},&,2.0,&
{'R3'},{'R1'},{'R2'},{'D1'},{'D6'},{'D4'},{'D2'},{'D7'},{'D5'},{'D3'},&,1.0,&
{'R3'},{'R1'},{'R2'},{'D1'},{'D6'},{'D4'},{'D2'},{'D3'},{'D7'},{'D5'},&,6.0,&
{'R3'},{'R1'},{'R2'},{'D1'},{'D6'},{'D4'},{'D2'},{'D3'},{'D5'},{'D7'},&,44.0,&
{'R3'},{'R1'},{'R2'},{'D1'},{'D6'},{'D4'},{'D2'},{'D5'},{'D7'},{'D3'},&,4.0,&
{'R3'},{'R1'},{'R2'},{'D1'},{'D6'},{'D4'},{'D2'},{'D5'},{'D3'},{'D7'},&,24.0,&
{'R3'},{'R1'},{'R2'},{'D1'},{'D6'},{'D4'},{'D7'},{'D2'},{'D5'},{'D3'},&,1.0,&
{'R3'},{'R1'},{'R2'},{'D1'},{'D6'},{'D4'},{'D3'},{'D2'},{'D5'},{'D7'},&,1.0,&
{'R3'},{'R1'},{'R2'},{'D1'},{'D6'},{'D4'},{'D5'},{'D2'},{'D3'},{'D7'},&,1.0,&
{'R3'},{'R1'},{'R2'},{'D1'},{'D6'},{'D2'},{'D4'},{'D3'},{'D7'},{'D5'},&,1.0,&
{'R3'},{'R1'},{'R2'},{'D1'},{'D6'},{'D2'},{'D4'},{'D3'},{'D5'},{'D7'},&,7.0,&
{'R3'},{'R1'},{'R2'},{'D1'},{'D6'},{'D2'},{'D4'},{'D5'},{'D3'},{'D7'},&,4.0,&
{'R3'},{'R1'},{'R2'},{'D1'},{'D6'},{'D3'},{'D4'},{'D2'},{'D5'},{'D7'},&,1.0,&
{'R3'},{'R1'},{'R2'},{'D1'},{'D4'},{'D6'},{'D2'},{'D7'},{'D3'},{'D5'},&,9.0,&
{'R3'},{'R1'},{'R2'},{'D1'},{'D4'},{'D6'},{'D2'},{'D7'},{'D5'},{'D3'},&,15.0,&
{'R3'},{'R1'},{'R2'},{'D1'},{'D4'},{'D6'},{'D2'},{'D3'},{'D7'},{'D5'},&,19.0,&
{'R3'},{'R1'},{'R2'},{'D1'},{'D4'},{'D6'},{'D2'},{'D3'},{'D5'},{'D7'},&,109.0,&
{'R3'},{'R1'},{'R2'},{'D1'},{'D4'},{'D6'},{'D2'},{'D5'},{'D7'},{'D3'},&,20.0,&
{'R3'},{'R1'},{'R2'},{'D1'},{'D4'},{'D6'},{'D2'},{'D5'},{'D3'},{'D7'},&,160.0,&
{'R3'},{'R1'},{'R2'},{'D1'},{'D4'},{'D6'},{'D3'},{'D2'},{'D7'},{'D5'},&,1.0,&
{'R3'},{'R1'},{'R2'},{'D1'},{'D4'},{'D6'},{'D3'},{'D2'},{'D5'},{'D7'},&,11.0,&
{'R3'},{'R1'},{'R2'},{'D1'},{'D4'},{'D6'},{'D5'},{'D2'},{'D3'},{'D7'},&,12.0,&
{'R3'},{'R1'},{'R2'},{'D1'},{'D4'},{'D6'},{'D5'},{'D3'},{'D2'},{'D7'},&,1.0,&
{'R3'},{'R1'},{'R2'},{'D1'},{'D4'},{'D2'},{'D6'},{'D7'},{'D3'},{'D5'},&,6.0,&
{'R3'},{'R1'},{'R2'},{'D1'},{'D4'},{'D2'},{'D6'},{'D7'},{'D5'},{'D3'},&,12.0,&
{'R3'},{'R1'},{'R2'},{'D1'},{'D4'},{'D2'},{'D6'},{'D3'},{'D7'},{'D5'},&,9.0,&
{'R3'},{'R1'},{'R2'},{'D1'},{'D4'},{'D2'},{'D6'},{'D3'},{'D5'},{'D7'},&,102.0,&
{'R3'},{'R1'},{'R2'},{'D1'},{'D4'},{'D2'},{'D6'},{'D5'},{'D7'},{'D3'},&,23.0,&
{'R3'},{'R1'},{'R2'},{'D1'},{'D4'},{'D2'},{'D6'},{'D5'},{'D3'},{'D7'},&,134.0,&
{'R3'},{'R1'},{'R2'},{'D1'},{'D4'},{'D2'},{'D7'},{'D6'},{'D5'},{'D3'},&,2.0,&
{'R3'},{'R1'},{'R2'},{'D1'},{'D4'},{'D2'},{'D3'},{'D6'},{'D7'},{'D5'},&,1.0,&
{'R3'},{'R1'},{'R2'},{'D1'},{'D4'},{'D2'},{'D3'},{'D6'},{'D5'},{'D7'},&,9.0,&
{'R3'},{'R1'},{'R2'},{'D1'},{'D4'},{'D2'},{'D5'},{'D7'},{'D6'},{'D3'},&,1.0,&
{'R3'},{'R1'},{'R2'},{'D1'},{'D4'},{'D2'},{'D5'},{'D6'},{'D7'},{'D3'},&,1.0,&
{'R3'},{'R1'},{'R2'},{'D1'},{'D4'},{'D2'},{'D5'},{'D6'},{'D3'},{'D7'},&,7.0,&
{'R3'},{'R1'},{'R2'},{'D1'},{'D4'},{'D5'},{'D2'},{'D6'},{'D7'},{'D3'},&,1.0,&
{'R3'},{'R1'},{'R2'},{'D1'},{'D4'},{'D5'},{'D2'},{'D6'},{'D3'},{'D7'},&,8.0,&
{'R3'},{'R1'},{'R2'},{'D1'},{'D4'},{'D5'},{'D6'},{'D2'},{'D3'},{'D7'},&,8.0,&
{'R3'},{'R1'},{'R2'},{'D1'},{'D4'},{'D3'},{'D2'},{'D6'},{'D5'},{'D7'},&,4.0,&
{'R3'},{'R1'},{'R2'},{'D1'},{'D4'},{'D3'},{'D6'},{'D2'},{'D7'},{'D5'},&,1.0,&
{'R3'},{'R1'},{'R2'},{'D1'},{'D4'},{'D3'},{'D6'},{'D2'},{'D5'},{'D7'},&,5.0,&
{'R3'},{'R1'},{'R2'},{'D1'},{'D5'},{'D4'},{'D2'},{'D6'},{'D3'},{'D7'},&,2.0,&
{'R3'},{'R1'},{'R2'},{'D2'},{'D1'},{'D6'},{'D4'},{'D3'},{'D7'},{'D5'},&,1.0,&
{'R3'},{'R1'},{'R2'},{'D2'},{'D1'},{'D6'},{'D4'},{'D3'},{'D5'},{'D7'},&,3.0,&
{'R3'},{'R1'},{'R2'},{'D2'},{'D1'},{'D4'},{'D6'},{'D3'},{'D7'},{'D5'},&,1.0,&
{'R3'},{'R1'},{'R2'},{'D2'},{'D1'},{'D4'},{'D6'},{'D3'},{'D5'},{'D7'},&,6.0,&
{'R3'},{'R1'},{'R2'},{'D2'},{'D1'},{'D4'},{'D6'},{'D5'},{'D7'},{'D3'},&,1.0,&
{'R3'},{'R1'},{'R2'},{'D2'},{'D1'},{'D4'},{'D6'},{'D5'},{'D3'},{'D7'},&,16.0,&
{'R3'},{'R1'},{'R2'},{'D2'},{'D1'},{'D4'},{'D5'},{'D6'},{'D7'},{'D3'},&,1.0,&
{'R3'},{'R1'},{'R2'},{'D2'},{'D4'},{'D6'},{'D1'},{'D7'},{'D5'},{'D3'},&,1.0,&
{'R3'},{'R1'},{'R2'},{'D2'},{'D4'},{'D6'},{'D1'},{'D3'},{'D5'},{'D7'},&,1.0,&
{'R3'},{'R1'},{'R2'},{'D2'},{'D4'},{'D6'},{'D1'},{'D5'},{'D3'},{'D7'},&,1.0,&
{'R3'},{'R1'},{'R2'},{'D2'},{'D4'},{'D1'},{'D6'},{'D7'},{'D3'},{'D5'},&,2.0,&
{'R3'},{'R1'},{'R2'},{'D2'},{'D4'},{'D1'},{'D6'},{'D7'},{'D5'},{'D3'},&,1.0,&
{'R3'},{'R1'},{'R2'},{'D2'},{'D4'},{'D1'},{'D6'},{'D3'},{'D5'},{'D7'},&,5.0,&
{'R3'},{'R1'},{'R2'},{'D2'},{'D4'},{'D1'},{'D6'},{'D5'},{'D7'},{'D3'},&,2.0,&
{'R3'},{'R1'},{'R2'},{'D2'},{'D4'},{'D1'},{'D6'},{'D5'},{'D3'},{'D7'},&,9.0,&
{'R3'},{'R1'},{'R2'},{'D2'},{'D4'},{'D1'},{'D3'},{'D6'},{'D5'},{'D7'},&,1.0,&
{'R3'},{'R1'},{'R2'},{'D2'},{'D4'},{'D1'},{'D5'},{'D6'},{'D3'},{'D7'},&,1.0,&
{'R3'},{'R1'},{'R2'},{'D3'},{'D4'},{'D1'},{'D6'},{'D2'},{'D5'},{'D7'},&,2.0,&
{'R3'},{'R1'},{'R2'},{'D6'},{'D1'},{'D4'},{'D2'},{'D7'},{'D3'},{'D5'},&,1.0,&
{'R3'},{'R1'},{'R2'},{'D6'},{'D1'},{'D4'},{'D2'},{'D3'},{'D7'},{'D5'},&,3.0,&
{'R3'},{'R1'},{'R2'},{'D6'},{'D1'},{'D4'},{'D2'},{'D3'},{'D5'},{'D7'},&,10.0,&
{'R3'},{'R1'},{'R2'},{'D6'},{'D1'},{'D4'},{'D2'},{'D5'},{'D7'},{'D3'},&,5.0,&
{'R3'},{'R1'},{'R2'},{'D6'},{'D1'},{'D4'},{'D2'},{'D5'},{'D3'},{'D7'},&,15.0,&
{'R3'},{'R1'},{'R2'},{'D6'},{'D1'},{'D4'},{'D3'},{'D5'},{'D2'},{'D7'},&,1.0,&
{'R3'},{'R1'},{'R2'},{'D6'},{'D1'},{'D2'},{'D4'},{'D3'},{'D5'},{'D7'},&,1.0,&
{'R3'},{'R1'},{'R2'},{'D6'},{'D2'},{'D1'},{'D4'},{'D5'},{'D7'},{'D3'},&,1.0,&
{'R3'},{'R1'},{'R2'},{'D6'},{'D2'},{'D1'},{'D4'},{'D5'},{'D3'},{'D7'},&,1.0,&
{'R3'},{'R1'},{'R2'},{'D6'},{'D4'},{'D1'},{'D2'},{'D3'},{'D7'},{'D5'},&,4.0,&
{'R3'},{'R1'},{'R2'},{'D6'},{'D4'},{'D1'},{'D2'},{'D3'},{'D5'},{'D7'},&,5.0,&
{'R3'},{'R1'},{'R2'},{'D6'},{'D4'},{'D1'},{'D2'},{'D5'},{'D7'},{'D3'},&,2.0,&
{'R3'},{'R1'},{'R2'},{'D6'},{'D4'},{'D1'},{'D2'},{'D5'},{'D3'},{'D7'},&,6.0,&
{'R3'},{'R1'},{'R2'},{'D6'},{'D4'},{'D2'},{'D1'},{'D3'},{'D5'},{'D7'},&,1.0,&
{'R3'},{'R1'},{'R2'},{'D4'},{'D1'},{'D6'},{'D2'},{'D7'},{'D3'},{'D5'},&,7.0,&
{'R3'},{'R1'},{'R2'},{'D4'},{'D1'},{'D6'},{'D2'},{'D7'},{'D5'},{'D3'},&,6.0,&
{'R3'},{'R1'},{'R2'},{'D4'},{'D1'},{'D6'},{'D2'},{'D3'},{'D7'},{'D5'},&,9.0,&
{'R3'},{'R1'},{'R2'},{'D4'},{'D1'},{'D6'},{'D2'},{'D3'},{'D5'},{'D7'},&,62.0,&
{'R3'},{'R1'},{'R2'},{'D4'},{'D1'},{'D6'},{'D2'},{'D5'},{'D7'},{'D3'},&,11.0,&
{'R3'},{'R1'},{'R2'},{'D4'},{'D1'},{'D6'},{'D2'},{'D5'},{'D3'},{'D7'},&,63.0,&
{'R3'},{'R1'},{'R2'},{'D4'},{'D1'},{'D6'},{'D7'},{'D2'},{'D3'},{'D5'},&,1.0,&
{'R3'},{'R1'},{'R2'},{'D4'},{'D1'},{'D6'},{'D3'},{'D2'},{'D7'},{'D5'},&,1.0,&
{'R3'},{'R1'},{'R2'},{'D4'},{'D1'},{'D6'},{'D3'},{'D2'},{'D5'},{'D7'},&,3.0,&
{'R3'},{'R1'},{'R2'},{'D4'},{'D1'},{'D6'},{'D5'},{'D2'},{'D7'},{'D3'},&,1.0,&
{'R3'},{'R1'},{'R2'},{'D4'},{'D1'},{'D6'},{'D5'},{'D2'},{'D3'},{'D7'},&,4.0,&
{'R3'},{'R1'},{'R2'},{'D4'},{'D1'},{'D7'},{'D2'},{'D6'},{'D3'},{'D5'},&,1.0,&
{'R3'},{'R1'},{'R2'},{'D4'},{'D1'},{'D2'},{'D6'},{'D7'},{'D3'},{'D5'},&,6.0,&
{'R3'},{'R1'},{'R2'},{'D4'},{'D1'},{'D2'},{'D6'},{'D7'},{'D5'},{'D3'},&,5.0,&
{'R3'},{'R1'},{'R2'},{'D4'},{'D1'},{'D2'},{'D6'},{'D3'},{'D7'},{'D5'},&,8.0,&
{'R3'},{'R1'},{'R2'},{'D4'},{'D1'},{'D2'},{'D6'},{'D3'},{'D5'},{'D7'},&,58.0,&
{'R3'},{'R1'},{'R2'},{'D4'},{'D1'},{'D2'},{'D6'},{'D5'},{'D7'},{'D3'},&,11.0,&
{'R3'},{'R1'},{'R2'},{'D4'},{'D1'},{'D2'},{'D6'},{'D5'},{'D3'},{'D7'},&,59.0,&
{'R3'},{'R1'},{'R2'},{'D4'},{'D1'},{'D2'},{'D7'},{'D6'},{'D5'},{'D3'},&,1.0,&
{'R3'},{'R1'},{'R2'},{'D4'},{'D1'},{'D2'},{'D3'},{'D6'},{'D5'},{'D7'},&,1.0,&
{'R3'},{'R1'},{'R2'},{'D4'},{'D1'},{'D2'},{'D3'},{'D5'},{'D6'},{'D7'},&,1.0,&
{'R3'},{'R1'},{'R2'},{'D4'},{'D1'},{'D2'},{'D5'},{'D6'},{'D3'},{'D7'},&,6.0,&
{'R3'},{'R1'},{'R2'},{'D4'},{'D1'},{'D5'},{'D2'},{'D3'},{'D6'},{'D7'},&,1.0,&
{'R3'},{'R1'},{'R2'},{'D4'},{'D1'},{'D5'},{'D2'},{'D6'},{'D3'},{'D7'},&,2.0,&
{'R3'},{'R1'},{'R2'},{'D4'},{'D1'},{'D5'},{'D6'},{'D2'},{'D7'},{'D3'},&,1.0,&
{'R3'},{'R1'},{'R2'},{'D4'},{'D1'},{'D5'},{'D6'},{'D2'},{'D3'},{'D7'},&,2.0,&
{'R3'},{'R1'},{'R2'},{'D4'},{'D1'},{'D3'},{'D6'},{'D2'},{'D5'},{'D7'},&,1.0,&
{'R3'},{'R1'},{'R2'},{'D4'},{'D2'},{'D6'},{'D1'},{'D5'},{'D3'},{'D7'},&,1.0,&
{'R3'},{'R1'},{'R2'},{'D4'},{'D2'},{'D1'},{'D6'},{'D3'},{'D5'},{'D7'},&,6.0,&
{'R3'},{'R1'},{'R2'},{'D4'},{'D2'},{'D1'},{'D6'},{'D5'},{'D7'},{'D3'},&,1.0,&
{'R3'},{'R1'},{'R2'},{'D4'},{'D2'},{'D1'},{'D6'},{'D5'},{'D3'},{'D7'},&,8.0,&
{'R3'},{'R1'},{'R2'},{'D4'},{'D2'},{'D1'},{'D3'},{'D6'},{'D5'},{'D7'},&,2.0,&
{'R3'},{'R1'},{'R2'},{'D4'},{'D2'},{'D1'},{'D5'},{'D6'},{'D3'},{'D7'},&,1.0,&
{'R3'},{'R1'},{'R2'},{'D4'},{'D6'},{'D1'},{'D2'},{'D7'},{'D3'},{'D5'},&,2.0,&
{'R3'},{'R1'},{'R2'},{'D4'},{'D6'},{'D1'},{'D2'},{'D3'},{'D5'},{'D7'},&,10.0,&
{'R3'},{'R1'},{'R2'},{'D4'},{'D6'},{'D1'},{'D2'},{'D5'},{'D7'},{'D3'},&,1.0,&
{'R3'},{'R1'},{'R2'},{'D4'},{'D6'},{'D1'},{'D2'},{'D5'},{'D3'},{'D7'},&,4.0,&
{'R3'},{'R2'},{'D4'},{'D1'},{'D2'},{'D6'},{'D3'},{'R1'},{'D5'},{'D7'},&,1.0,&
{'R3'},{'R2'},{'D4'},{'D1'},{'D2'},{'D6'},{'R1'},{'D5'},{'D3'},{'D7'},&,3.0,&
{'R3'},{'R2'},{'D4'},{'D1'},{'D2'},{'D3'},{'R1'},{'D6'},{'D5'},{'D7'},&,1.0,&
{'R3'},{'R2'},{'D4'},{'D1'},{'D2'},{'R1'},{'D6'},{'D7'},{'D3'},{'D5'},&,1.0,&
{'R3'},{'R2'},{'D4'},{'D1'},{'D2'},{'R1'},{'D6'},{'D3'},{'D7'},{'D5'},&,1.0,&
{'R3'},{'R2'},{'D4'},{'D1'},{'D2'},{'R1'},{'D6'},{'D3'},{'D5'},{'D7'},&,7.0,&
{'R3'},{'R2'},{'D4'},{'D1'},{'D2'},{'R1'},{'D6'},{'D5'},{'D3'},{'D7'},&,10.0,&
{'R3'},{'R2'},{'D4'},{'D1'},{'D2'},{'R1'},{'D3'},{'D6'},{'D5'},{'D7'},&,1.0,&
{'R3'},{'R2'},{'D4'},{'D1'},{'D3'},{'R1'},{'D2'},{'D6'},{'D5'},{'D7'},&,1.0,&
{'R3'},{'R2'},{'D4'},{'D1'},{'D6'},{'D2'},{'R1'},{'D7'},{'D5'},{'D3'},&,1.0,&
{'R3'},{'R2'},{'D4'},{'D1'},{'D6'},{'D2'},{'R1'},{'D5'},{'D3'},{'D7'},&,1.0,&
{'R3'},{'R2'},{'D4'},{'D1'},{'D6'},{'D2'},{'D5'},{'R1'},{'D3'},{'D7'},&,1.0,&
{'R3'},{'R2'},{'D4'},{'D1'},{'D6'},{'R1'},{'D2'},{'D7'},{'D3'},{'D5'},&,1.0,&
{'R3'},{'R2'},{'D4'},{'D1'},{'D6'},{'R1'},{'D2'},{'D3'},{'D7'},{'D5'},&,1.0,&
{'R3'},{'R2'},{'D4'},{'D1'},{'D6'},{'R1'},{'D2'},{'D3'},{'D5'},{'D7'},&,4.0,&
{'R3'},{'R2'},{'D4'},{'D1'},{'D6'},{'R1'},{'D2'},{'D5'},{'D7'},{'D3'},&,2.0,&
{'R3'},{'R2'},{'D4'},{'D1'},{'D6'},{'R1'},{'D2'},{'D5'},{'D3'},{'D7'},&,7.0,&
{'R3'},{'R2'},{'D4'},{'D1'},{'D5'},{'D2'},{'D6'},{'D3'},{'R1'},{'D7'},&,1.0,&
{'R3'},{'R2'},{'D4'},{'D1'},{'D5'},{'R1'},{'D2'},{'D6'},{'D3'},{'D7'},&,1.0,&
{'R3'},{'R2'},{'D4'},{'D1'},{'R1'},{'D6'},{'D2'},{'D7'},{'D3'},{'D5'},&,1.0,&
{'R3'},{'R2'},{'D4'},{'D1'},{'R1'},{'D6'},{'D2'},{'D7'},{'D5'},{'D3'},&,2.0,&
{'R3'},{'R2'},{'D4'},{'D1'},{'R1'},{'D6'},{'D2'},{'D3'},{'D7'},{'D5'},&,5.0,&
{'R3'},{'R2'},{'D4'},{'D1'},{'R1'},{'D6'},{'D2'},{'D3'},{'D5'},{'D7'},&,24.0,&
{'R3'},{'R2'},{'D4'},{'D1'},{'R1'},{'D6'},{'D2'},{'D5'},{'D7'},{'D3'},&,5.0,&
{'R3'},{'R2'},{'D4'},{'D1'},{'R1'},{'D6'},{'D2'},{'D5'},{'D3'},{'D7'},&,35.0,&
{'R3'},{'R2'},{'D4'},{'D1'},{'R1'},{'D6'},{'D3'},{'D2'},{'D7'},{'D5'},&,1.0,&
{'R3'},{'R2'},{'D4'},{'D1'},{'R1'},{'D6'},{'D3'},{'D2'},{'D5'},{'D7'},&,3.0,&
{'R3'},{'R2'},{'D4'},{'D1'},{'R1'},{'D6'},{'D5'},{'D2'},{'D7'},{'D3'},&,2.0,&
{'R3'},{'R2'},{'D4'},{'D1'},{'R1'},{'D6'},{'D5'},{'D2'},{'D3'},{'D7'},&,2.0,&
{'R3'},{'R2'},{'D4'},{'D1'},{'R1'},{'D6'},{'D5'},{'D3'},{'D2'},{'D7'},&,1.0,&
{'R3'},{'R2'},{'D4'},{'D1'},{'R1'},{'D7'},{'D6'},{'D3'},{'D2'},{'D5'},&,1.0,&
{'R3'},{'R2'},{'D4'},{'D1'},{'R1'},{'D2'},{'D6'},{'D7'},{'D3'},{'D5'},&,1.0,&
{'R3'},{'R2'},{'D4'},{'D1'},{'R1'},{'D2'},{'D6'},{'D7'},{'D5'},{'D3'},&,2.0,&
{'R3'},{'R2'},{'D4'},{'D1'},{'R1'},{'D2'},{'D6'},{'D3'},{'D7'},{'D5'},&,5.0,&
{'R3'},{'R2'},{'D4'},{'D1'},{'R1'},{'D2'},{'D6'},{'D3'},{'D5'},{'D7'},&,35.0,&
{'R3'},{'R2'},{'D4'},{'D1'},{'R1'},{'D2'},{'D6'},{'D5'},{'D7'},{'D3'},&,4.0,&
{'R3'},{'R2'},{'D4'},{'D1'},{'R1'},{'D2'},{'D6'},{'D5'},{'D3'},{'D7'},&,30.0,&
{'R3'},{'R2'},{'D4'},{'D1'},{'R1'},{'D2'},{'D3'},{'D6'},{'D5'},{'D7'},&,3.0,&
{'R3'},{'R2'},{'D4'},{'D1'},{'R1'},{'D2'},{'D5'},{'D6'},{'D3'},{'D7'},&,2.0,&
{'R3'},{'R2'},{'D4'},{'D1'},{'R1'},{'D5'},{'D2'},{'D6'},{'D7'},{'D3'},&,1.0,&
{'R3'},{'R2'},{'D4'},{'D1'},{'R1'},{'D5'},{'D2'},{'D6'},{'D3'},{'D7'},&,1.0,&
{'R3'},{'R2'},{'D4'},{'D1'},{'R1'},{'D5'},{'D6'},{'D2'},{'D3'},{'D7'},&,2.0,&
{'R3'},{'R2'},{'D4'},{'D1'},{'R1'},{'D3'},{'D2'},{'D6'},{'D5'},{'D7'},&,1.0,&
{'R3'},{'R2'},{'D4'},{'D1'},{'R1'},{'D3'},{'D2'},{'D5'},{'D6'},{'D7'},&,1.0,&
{'R3'},{'R2'},{'D4'},{'D1'},{'R1'},{'D3'},{'D6'},{'D2'},{'D5'},{'D7'},&,1.0,&
{'R3'},{'R2'},{'D4'},{'D2'},{'D1'},{'D5'},{'R1'},{'D6'},{'D3'},{'D7'},&,1.0,&
{'R3'},{'R2'},{'D4'},{'D2'},{'D1'},{'R1'},{'D6'},{'D3'},{'D5'},{'D7'},&,3.0,&
{'R3'},{'R2'},{'D4'},{'D2'},{'D6'},{'R1'},{'D1'},{'D5'},{'D7'},{'D3'},&,1.0,&
{'R3'},{'R2'},{'D4'},{'D2'},{'R1'},{'D7'},{'D1'},{'D6'},{'D5'},{'D3'},&,1.0,&
{'R3'},{'R2'},{'D4'},{'D2'},{'R1'},{'D1'},{'D6'},{'D7'},{'D3'},{'D5'},&,1.0,&
{'R3'},{'R2'},{'D4'},{'D2'},{'R1'},{'D1'},{'D6'},{'D3'},{'D5'},{'D7'},&,1.0,&
{'R3'},{'R2'},{'D4'},{'D2'},{'R1'},{'D1'},{'D6'},{'D5'},{'D7'},{'D3'},&,2.0,&
{'R3'},{'R2'},{'D4'},{'D2'},{'R1'},{'D1'},{'D6'},{'D5'},{'D3'},{'D7'},&,2.0,&
{'R3'},{'R2'},{'D4'},{'R1'},{'D1'},{'D6'},{'D2'},{'D7'},{'D3'},{'D5'},&,12.0,&
{'R3'},{'R2'},{'D4'},{'R1'},{'D1'},{'D6'},{'D2'},{'D7'},{'D5'},{'D3'},&,6.0,&
{'R3'},{'R2'},{'D4'},{'R1'},{'D1'},{'D6'},{'D2'},{'D3'},{'D7'},{'D5'},&,13.0,&
{'R3'},{'R2'},{'D4'},{'R1'},{'D1'},{'D6'},{'D2'},{'D3'},{'D5'},{'D7'},&,129.0,&
{'R3'},{'R2'},{'D4'},{'R1'},{'D1'},{'D6'},{'D2'},{'D5'},{'D7'},{'D3'},&,14.0,&
{'R3'},{'R2'},{'D4'},{'R1'},{'D1'},{'D6'},{'D2'},{'D5'},{'D3'},{'D7'},&,152.0,&
{'R3'},{'R2'},{'D4'},{'R1'},{'D1'},{'D6'},{'D7'},{'D2'},{'D5'},{'D3'},&,1.0,&
{'R3'},{'R2'},{'D4'},{'R1'},{'D1'},{'D6'},{'D3'},{'D2'},{'D5'},{'D7'},&,7.0,&
{'R3'},{'R2'},{'D4'},{'R1'},{'D1'},{'D6'},{'D5'},{'D2'},{'D3'},{'D7'},&,15.0,&
{'R3'},{'R2'},{'D4'},{'R1'},{'D1'},{'D2'},{'D6'},{'D7'},{'D3'},{'D5'},&,15.0,&
{'R3'},{'R2'},{'D4'},{'R1'},{'D1'},{'D2'},{'D6'},{'D7'},{'D5'},{'D3'},&,15.0,&
{'R3'},{'R2'},{'D4'},{'R1'},{'D1'},{'D2'},{'D6'},{'D3'},{'D7'},{'D5'},&,14.0,&
{'R3'},{'R2'},{'D4'},{'R1'},{'D1'},{'D2'},{'D6'},{'D3'},{'D5'},{'D7'},&,148.0,&
{'R3'},{'R2'},{'D4'},{'R1'},{'D1'},{'D2'},{'D6'},{'D5'},{'D7'},{'D3'},&,20.0,&
{'R3'},{'R2'},{'D4'},{'R1'},{'D1'},{'D2'},{'D6'},{'D5'},{'D3'},{'D7'},&,136.0,&
{'R3'},{'R2'},{'D4'},{'R1'},{'D1'},{'D2'},{'D7'},{'D6'},{'D5'},{'D3'},&,1.0,&
{'R3'},{'R2'},{'D4'},{'R1'},{'D1'},{'D2'},{'D3'},{'D6'},{'D5'},{'D7'},&,7.0,&
{'R3'},{'R2'},{'D4'},{'R1'},{'D1'},{'D2'},{'D3'},{'D5'},{'D6'},{'D7'},&,1.0,&
{'R3'},{'R2'},{'D4'},{'R1'},{'D1'},{'D2'},{'D5'},{'D6'},{'D7'},{'D3'},&,3.0,&
{'R3'},{'R2'},{'D4'},{'R1'},{'D1'},{'D2'},{'D5'},{'D6'},{'D3'},{'D7'},&,10.0,&
{'R3'},{'R2'},{'D4'},{'R1'},{'D1'},{'D5'},{'D2'},{'D6'},{'D7'},{'D3'},&,1.0,&
{'R3'},{'R2'},{'D4'},{'R1'},{'D1'},{'D5'},{'D2'},{'D6'},{'D3'},{'D7'},&,4.0,&
{'R3'},{'R2'},{'D4'},{'R1'},{'D1'},{'D5'},{'D6'},{'D2'},{'D3'},{'D7'},&,5.0,&
{'R3'},{'R2'},{'D4'},{'R1'},{'D1'},{'D3'},{'D2'},{'D6'},{'D7'},{'D5'},&,1.0,&
{'R3'},{'R2'},{'D4'},{'R1'},{'D1'},{'D3'},{'D2'},{'D6'},{'D5'},{'D7'},&,5.0,&
{'R3'},{'R2'},{'D4'},{'R1'},{'D1'},{'D3'},{'D6'},{'D2'},{'D5'},{'D7'},&,8.0,&
{'R3'},{'R2'},{'D4'},{'R1'},{'D2'},{'D6'},{'D1'},{'D3'},{'D5'},{'D7'},&,1.0,&
{'R3'},{'R2'},{'D4'},{'R1'},{'D2'},{'D1'},{'D6'},{'D7'},{'D3'},{'D5'},&,1.0,&
{'R3'},{'R2'},{'D4'},{'R1'},{'D2'},{'D1'},{'D6'},{'D7'},{'D5'},{'D3'},&,1.0,&
{'R3'},{'R2'},{'D4'},{'R1'},{'D2'},{'D1'},{'D6'},{'D3'},{'D7'},{'D5'},&,1.0,&
{'R3'},{'R2'},{'D4'},{'R1'},{'D2'},{'D1'},{'D6'},{'D3'},{'D5'},{'D7'},&,11.0,&
{'R3'},{'R2'},{'D4'},{'R1'},{'D2'},{'D1'},{'D6'},{'D5'},{'D7'},{'D3'},&,4.0,&
{'R3'},{'R2'},{'D4'},{'R1'},{'D2'},{'D1'},{'D6'},{'D5'},{'D3'},{'D7'},&,18.0,&
{'R3'},{'R2'},{'D4'},{'R1'},{'D2'},{'D1'},{'D5'},{'D6'},{'D3'},{'D7'},&,2.0,&
{'R3'},{'R2'},{'D4'},{'R1'},{'D3'},{'D2'},{'D1'},{'D6'},{'D5'},{'D7'},&,1.0,&
{'R3'},{'R2'},{'D4'},{'R1'},{'D6'},{'D1'},{'D2'},{'D7'},{'D3'},{'D5'},&,1.0,&
{'R3'},{'R2'},{'D4'},{'R1'},{'D6'},{'D1'},{'D2'},{'D7'},{'D5'},{'D3'},&,1.0,&
{'R3'},{'R2'},{'D4'},{'R1'},{'D6'},{'D1'},{'D2'},{'D3'},{'D7'},{'D5'},&,1.0,&
{'R3'},{'R2'},{'D4'},{'R1'},{'D6'},{'D1'},{'D2'},{'D3'},{'D5'},{'D7'},&,13.0,&
{'R3'},{'R2'},{'D4'},{'R1'},{'D6'},{'D1'},{'D2'},{'D5'},{'D7'},{'D3'},&,1.0,&
{'R3'},{'R2'},{'D4'},{'R1'},{'D6'},{'D1'},{'D2'},{'D5'},{'D3'},{'D7'},&,11.0,&
{'R3'},{'R2'},{'D4'},{'R1'},{'D6'},{'D1'},{'D5'},{'D2'},{'D3'},{'D7'},&,1.0,&
{'R3'},{'R2'},{'D4'},{'R1'},{'D6'},{'D2'},{'D1'},{'D5'},{'D3'},{'D7'},&,2.0,&
{'R3'},{'R2'},{'D4'},{'R1'},{'D5'},{'D1'},{'D6'},{'D2'},{'D3'},{'D7'},&,1.0,&
{'R3'},{'R2'},{'D4'},{'D6'},{'D1'},{'R1'},{'D2'},{'D5'},{'D3'},{'D7'},&,1.0,&
{'R3'},{'R2'},{'D4'},{'D6'},{'R1'},{'D1'},{'D2'},{'D7'},{'D5'},{'D3'},&,1.0,&
{'R3'},{'R2'},{'D4'},{'D6'},{'R1'},{'D1'},{'D2'},{'D3'},{'D5'},{'D7'},&,1.0,&
{'R3'},{'R2'},{'D4'},{'D6'},{'R1'},{'D1'},{'D2'},{'D5'},{'D3'},{'D7'},&,5.0,&
{'R3'},{'R2'},{'D3'},{'R1'},{'D1'},{'D4'},{'D2'},{'D6'},{'D5'},{'D7'},&,2.0,&
{'R3'},{'R2'},{'D3'},{'R1'},{'D1'},{'D4'},{'D6'},{'D2'},{'D5'},{'D7'},&,1.0,&
{'R3'},{'R2'},{'D5'},{'D1'},{'R1'},{'D6'},{'D2'},{'D4'},{'D3'},{'D7'},&,1.0,&
{'R3'},{'R2'},{'D5'},{'R1'},{'D1'},{'D6'},{'D4'},{'D2'},{'D3'},{'D7'},&,1.0,&
{'R3'},{'R2'},{'D5'},{'R1'},{'D1'},{'D4'},{'D2'},{'D6'},{'D3'},{'D7'},&,1.0,&
{'R3'},{'R2'},{'D5'},{'R1'},{'D1'},{'D4'},{'D6'},{'D2'},{'D3'},{'D7'},&,1.0,&
{'R3'},{'R2'},{'D5'},{'R1'},{'D1'},{'D2'},{'D6'},{'D4'},{'D3'},{'D7'},&,1.0,&
{'R3'},{'R2'},{'D5'},{'R1'},{'D4'},{'D1'},{'D2'},{'D6'},{'D3'},{'D7'},&,1.0,&
{'R3'},{'R2'},{'D5'},{'R1'},{'D4'},{'D1'},{'D6'},{'D2'},{'D3'},{'D7'},&,1.0,&
{'R3'},{'R2'},{'D6'},{'D1'},{'D2'},{'R1'},{'D4'},{'D5'},{'D3'},{'D7'},&,1.0,&
{'R3'},{'R2'},{'D6'},{'D1'},{'D4'},{'D7'},{'D2'},{'D5'},{'R1'},{'D3'},&,1.0,&
{'R3'},{'R2'},{'D6'},{'D1'},{'D4'},{'D2'},{'R1'},{'D5'},{'D3'},{'D7'},&,2.0,&
{'R3'},{'R2'},{'D6'},{'D1'},{'D4'},{'R1'},{'D2'},{'D3'},{'D5'},{'D7'},&,3.0,&
{'R3'},{'R2'},{'D6'},{'D1'},{'D4'},{'R1'},{'D2'},{'D5'},{'D3'},{'D7'},&,4.0,&
{'R3'},{'R2'},{'D6'},{'D1'},{'R1'},{'D4'},{'D2'},{'D3'},{'D5'},{'D7'},&,2.0,&
{'R3'},{'R2'},{'D6'},{'D1'},{'R1'},{'D4'},{'D2'},{'D5'},{'D7'},{'D3'},&,1.0,&
{'R3'},{'R2'},{'D6'},{'D1'},{'R1'},{'D4'},{'D2'},{'D5'},{'D3'},{'D7'},&,10.0,&
{'R3'},{'R2'},{'D6'},{'D1'},{'R1'},{'D2'},{'D4'},{'D3'},{'D7'},{'D5'},&,1.0,&
{'R3'},{'R2'},{'D6'},{'D1'},{'R1'},{'D2'},{'D4'},{'D3'},{'D5'},{'D7'},&,1.0,&
{'R3'},{'R2'},{'D6'},{'D1'},{'R1'},{'D3'},{'D4'},{'D2'},{'D5'},{'D7'},&,1.0,&
{'R3'},{'R2'},{'D6'},{'D2'},{'D1'},{'D4'},{'R1'},{'D5'},{'D7'},{'D3'},&,1.0,&
{'R3'},{'R2'},{'D6'},{'D2'},{'D1'},{'D4'},{'R1'},{'D5'},{'D3'},{'D7'},&,1.0,&
{'R3'},{'R2'},{'D6'},{'D2'},{'D4'},{'R1'},{'D1'},{'D3'},{'D5'},{'D7'},&,1.0,&
{'R3'},{'R2'},{'D6'},{'D2'},{'R1'},{'D1'},{'D4'},{'D5'},{'D3'},{'D7'},&,1.0,&
{'R3'},{'R2'},{'D6'},{'R1'},{'D1'},{'D4'},{'D2'},{'D7'},{'D3'},{'D5'},&,1.0,&
{'R3'},{'R2'},{'D6'},{'R1'},{'D1'},{'D4'},{'D2'},{'D7'},{'D5'},{'D3'},&,3.0,&
{'R3'},{'R2'},{'D6'},{'R1'},{'D1'},{'D4'},{'D2'},{'D3'},{'D7'},{'D5'},&,3.0,&
{'R3'},{'R2'},{'D6'},{'R1'},{'D1'},{'D4'},{'D2'},{'D3'},{'D5'},{'D7'},&,19.0,&
{'R3'},{'R2'},{'D6'},{'R1'},{'D1'},{'D4'},{'D2'},{'D5'},{'D7'},{'D3'},&,5.0,&
{'R3'},{'R2'},{'D6'},{'R1'},{'D1'},{'D4'},{'D2'},{'D5'},{'D3'},{'D7'},&,18.0,&
{'R3'},{'R2'},{'D6'},{'R1'},{'D1'},{'D4'},{'D3'},{'D2'},{'D5'},{'D7'},&,4.0,&
{'R3'},{'R2'},{'D6'},{'R1'},{'D1'},{'D4'},{'D5'},{'D2'},{'D7'},{'D3'},&,1.0,&
{'R3'},{'R2'},{'D6'},{'R1'},{'D1'},{'D4'},{'D5'},{'D2'},{'D3'},{'D7'},&,3.0,&
{'R3'},{'R2'},{'D6'},{'R1'},{'D1'},{'D2'},{'D4'},{'D3'},{'D5'},{'D7'},&,7.0,&
{'R3'},{'R2'},{'D6'},{'R1'},{'D1'},{'D2'},{'D4'},{'D5'},{'D3'},{'D7'},&,5.0,&
{'R3'},{'R2'},{'D6'},{'R1'},{'D1'},{'D2'},{'D5'},{'D4'},{'D3'},{'D7'},&,1.0,&
{'R3'},{'R2'},{'D6'},{'R1'},{'D1'},{'D3'},{'D2'},{'D4'},{'D7'},{'D5'},&,1.0,&
{'R3'},{'R2'},{'D6'},{'R1'},{'D2'},{'D4'},{'D1'},{'D3'},{'D5'},{'D7'},&,1.0,&
{'R3'},{'R2'},{'D6'},{'R1'},{'D2'},{'D4'},{'D1'},{'D5'},{'D3'},{'D7'},&,1.0,&
{'R3'},{'R2'},{'D6'},{'R1'},{'D2'},{'D1'},{'D4'},{'D7'},{'D5'},{'D3'},&,1.0,&
{'R3'},{'R2'},{'D6'},{'R1'},{'D2'},{'D1'},{'D4'},{'D3'},{'D7'},{'D5'},&,1.0,&
{'R3'},{'R2'},{'D6'},{'R1'},{'D2'},{'D1'},{'D4'},{'D3'},{'D5'},{'D7'},&,1.0,&
{'R3'},{'R2'},{'D6'},{'R1'},{'D2'},{'D1'},{'D4'},{'D5'},{'D3'},{'D7'},&,1.0,&
{'R3'},{'R2'},{'D6'},{'R1'},{'D3'},{'D4'},{'D1'},{'D2'},{'D5'},{'D7'},&,1.0,&
{'R3'},{'R2'},{'D6'},{'R1'},{'D4'},{'D1'},{'D2'},{'D7'},{'D3'},{'D5'},&,2.0,&
{'R3'},{'R2'},{'D6'},{'R1'},{'D4'},{'D1'},{'D2'},{'D3'},{'D5'},{'D7'},&,13.0,&
{'R3'},{'R2'},{'D6'},{'R1'},{'D4'},{'D1'},{'D2'},{'D5'},{'D3'},{'D7'},&,8.0,&
{'R3'},{'R2'},{'D6'},{'R1'},{'D4'},{'D1'},{'D3'},{'D2'},{'D5'},{'D7'},&,1.0,&
{'R3'},{'R2'},{'D6'},{'D4'},{'R1'},{'D1'},{'D2'},{'D3'},{'D5'},{'D7'},&,6.0,&
{'R3'},{'R2'},{'D6'},{'D4'},{'R1'},{'D1'},{'D2'},{'D5'},{'D3'},{'D7'},&,5.0,&
{'R3'},{'R2'},{'D1'},{'D2'},{'D6'},{'R1'},{'D4'},{'D3'},{'D5'},{'D7'},&,1.0,&
{'R3'},{'R2'},{'D1'},{'D2'},{'D6'},{'R1'},{'D4'},{'D5'},{'D3'},{'D7'},&,1.0,&
{'R3'},{'R2'},{'D1'},{'D2'},{'D4'},{'D6'},{'D3'},{'R1'},{'D5'},{'D7'},&,1.0,&
{'R3'},{'R2'},{'D1'},{'D2'},{'D4'},{'D6'},{'R1'},{'D3'},{'D5'},{'D7'},&,1.0,&
{'R3'},{'R2'},{'D1'},{'D2'},{'D4'},{'D6'},{'R1'},{'D5'},{'D3'},{'D7'},&,2.0,&
{'R3'},{'R2'},{'D1'},{'D2'},{'D4'},{'D5'},{'R1'},{'D6'},{'D3'},{'D7'},&,1.0,&
{'R3'},{'R2'},{'D1'},{'D2'},{'D4'},{'R1'},{'D6'},{'D3'},{'D5'},{'D7'},&,4.0,&
{'R3'},{'R2'},{'D1'},{'D2'},{'D4'},{'R1'},{'D6'},{'D5'},{'D3'},{'D7'},&,3.0,&
{'R3'},{'R2'},{'D1'},{'D2'},{'D4'},{'R1'},{'D3'},{'D6'},{'D5'},{'D7'},&,1.0,&
{'R3'},{'R2'},{'D1'},{'D2'},{'R1'},{'D6'},{'D4'},{'D3'},{'D7'},{'D5'},&,1.0,&
{'R3'},{'R2'},{'D1'},{'D2'},{'R1'},{'D6'},{'D4'},{'D3'},{'D5'},{'D7'},&,4.0,&
{'R3'},{'R2'},{'D1'},{'D2'},{'R1'},{'D6'},{'D4'},{'D5'},{'D3'},{'D7'},&,4.0,&
{'R3'},{'R2'},{'D1'},{'D2'},{'R1'},{'D6'},{'D3'},{'D4'},{'D5'},{'D7'},&,1.0,&
{'R3'},{'R2'},{'D1'},{'D2'},{'R1'},{'D4'},{'D6'},{'D7'},{'D3'},{'D5'},&,1.0,&
{'R3'},{'R2'},{'D1'},{'D2'},{'R1'},{'D4'},{'D6'},{'D3'},{'D5'},{'D7'},&,16.0,&
{'R3'},{'R2'},{'D1'},{'D2'},{'R1'},{'D4'},{'D6'},{'D5'},{'D7'},{'D3'},&,4.0,&
{'R3'},{'R2'},{'D1'},{'D2'},{'R1'},{'D4'},{'D6'},{'D5'},{'D3'},{'D7'},&,15.0,&
{'R3'},{'R2'},{'D1'},{'D2'},{'R1'},{'D4'},{'D5'},{'D6'},{'D3'},{'D7'},&,2.0,&
{'R3'},{'R2'},{'D1'},{'D3'},{'R1'},{'D4'},{'D2'},{'D6'},{'D5'},{'D7'},&,2.0,&
{'R3'},{'R2'},{'D1'},{'D3'},{'R1'},{'D4'},{'D6'},{'D2'},{'D5'},{'D7'},&,1.0,&
{'R3'},{'R2'},{'D1'},{'D5'},{'R1'},{'D4'},{'D2'},{'D6'},{'D3'},{'D7'},&,1.0,&
{'R3'},{'R2'},{'D1'},{'D5'},{'R1'},{'D2'},{'D4'},{'D6'},{'D3'},{'D7'},&,1.0,&
{'R3'},{'R2'},{'D1'},{'R1'},{'D7'},{'D4'},{'D6'},{'D2'},{'D5'},{'D3'},&,1.0,&
{'R3'},{'R2'},{'D1'},{'R1'},{'D2'},{'D6'},{'D4'},{'D7'},{'D5'},{'D3'},&,2.0,&
{'R3'},{'R2'},{'D1'},{'R1'},{'D2'},{'D6'},{'D4'},{'D3'},{'D7'},{'D5'},&,1.0,&
{'R3'},{'R2'},{'D1'},{'R1'},{'D2'},{'D6'},{'D4'},{'D3'},{'D5'},{'D7'},&,9.0,&
{'R3'},{'R2'},{'D1'},{'R1'},{'D2'},{'D6'},{'D4'},{'D5'},{'D3'},{'D7'},&,14.0,&
{'R3'},{'R2'},{'D1'},{'R1'},{'D2'},{'D4'},{'D6'},{'D7'},{'D3'},{'D5'},&,6.0,&
{'R3'},{'R2'},{'D1'},{'R1'},{'D2'},{'D4'},{'D6'},{'D7'},{'D5'},{'D3'},&,4.0,&
{'R3'},{'R2'},{'D1'},{'R1'},{'D2'},{'D4'},{'D6'},{'D3'},{'D7'},{'D5'},&,11.0,&
{'R3'},{'R2'},{'D1'},{'R1'},{'D2'},{'D4'},{'D6'},{'D3'},{'D5'},{'D7'},&,80.0,&
{'R3'},{'R2'},{'D1'},{'R1'},{'D2'},{'D4'},{'D6'},{'D5'},{'D7'},{'D3'},&,10.0,&
{'R3'},{'R2'},{'D1'},{'R1'},{'D2'},{'D4'},{'D6'},{'D5'},{'D3'},{'D7'},&,69.0,&
{'R3'},{'R2'},{'D1'},{'R1'},{'D2'},{'D4'},{'D7'},{'D6'},{'D5'},{'D3'},&,2.0,&
{'R3'},{'R2'},{'D1'},{'R1'},{'D2'},{'D4'},{'D3'},{'D6'},{'D5'},{'D7'},&,3.0,&
{'R3'},{'R2'},{'D1'},{'R1'},{'D2'},{'D4'},{'D5'},{'D6'},{'D3'},{'D7'},&,3.0,&
{'R3'},{'R2'},{'D1'},{'R1'},{'D2'},{'D5'},{'D6'},{'D4'},{'D3'},{'D7'},&,1.0,&
{'R3'},{'R2'},{'D1'},{'R1'},{'D3'},{'D4'},{'D2'},{'D6'},{'D5'},{'D7'},&,3.0,&
{'R3'},{'R2'},{'D1'},{'R1'},{'D3'},{'D4'},{'D6'},{'D2'},{'D5'},{'D7'},&,3.0,&
{'R3'},{'R2'},{'D1'},{'R1'},{'D3'},{'D2'},{'D4'},{'D6'},{'D5'},{'D7'},&,1.0,&
{'R3'},{'R2'},{'D1'},{'R1'},{'D6'},{'D4'},{'D2'},{'D7'},{'D3'},{'D5'},&,3.0,&
{'R3'},{'R2'},{'D1'},{'R1'},{'D6'},{'D4'},{'D2'},{'D7'},{'D5'},{'D3'},&,4.0,&
{'R3'},{'R2'},{'D1'},{'R1'},{'D6'},{'D4'},{'D2'},{'D3'},{'D7'},{'D5'},&,10.0,&
{'R3'},{'R2'},{'D1'},{'R1'},{'D6'},{'D4'},{'D2'},{'D3'},{'D5'},{'D7'},&,57.0,&
{'R3'},{'R2'},{'D1'},{'R1'},{'D6'},{'D4'},{'D2'},{'D5'},{'D7'},{'D3'},&,9.0,&
{'R3'},{'R2'},{'D1'},{'R1'},{'D6'},{'D4'},{'D2'},{'D5'},{'D3'},{'D7'},&,83.0,&
{'R3'},{'R2'},{'D1'},{'R1'},{'D6'},{'D4'},{'D3'},{'D2'},{'D5'},{'D7'},&,6.0,&
{'R3'},{'R2'},{'D1'},{'R1'},{'D6'},{'D4'},{'D5'},{'D2'},{'D3'},{'D7'},&,5.0,&
{'R3'},{'R2'},{'D1'},{'R1'},{'D6'},{'D4'},{'D5'},{'D3'},{'D2'},{'D7'},&,2.0,&
{'R3'},{'R2'},{'D1'},{'R1'},{'D6'},{'D2'},{'D4'},{'D3'},{'D7'},{'D5'},&,1.0,&
{'R3'},{'R2'},{'D1'},{'R1'},{'D6'},{'D2'},{'D4'},{'D3'},{'D5'},{'D7'},&,4.0,&
{'R3'},{'R2'},{'D1'},{'R1'},{'D6'},{'D2'},{'D4'},{'D5'},{'D7'},{'D3'},&,2.0,&
{'R3'},{'R2'},{'D1'},{'R1'},{'D6'},{'D2'},{'D4'},{'D5'},{'D3'},{'D7'},&,10.0,&
{'R3'},{'R2'},{'D1'},{'R1'},{'D6'},{'D5'},{'D4'},{'D2'},{'D3'},{'D7'},&,3.0,&
{'R3'},{'R2'},{'D1'},{'R1'},{'D6'},{'D3'},{'D4'},{'D2'},{'D5'},{'D7'},&,2.0,&
{'R3'},{'R2'},{'D1'},{'R1'},{'D4'},{'D6'},{'D2'},{'D7'},{'D3'},{'D5'},&,16.0,&
{'R3'},{'R2'},{'D1'},{'R1'},{'D4'},{'D6'},{'D2'},{'D7'},{'D5'},{'D3'},&,19.0,&
{'R3'},{'R2'},{'D1'},{'R1'},{'D4'},{'D6'},{'D2'},{'D3'},{'D7'},{'D5'},&,39.0,&
{'R3'},{'R2'},{'D1'},{'R1'},{'D4'},{'D6'},{'D2'},{'D3'},{'D5'},{'D7'},&,275.0,&
{'R3'},{'R2'},{'D1'},{'R1'},{'D4'},{'D6'},{'D2'},{'D5'},{'D7'},{'D3'},&,43.0,&
{'R3'},{'R2'},{'D1'},{'R1'},{'D4'},{'D6'},{'D2'},{'D5'},{'D3'},{'D7'},&,307.0,&
{'R3'},{'R2'},{'D1'},{'R1'},{'D4'},{'D6'},{'D7'},{'D2'},{'D5'},{'D3'},&,6.0,&
{'R3'},{'R2'},{'D1'},{'R1'},{'D4'},{'D6'},{'D3'},{'D2'},{'D7'},{'D5'},&,1.0,&
{'R3'},{'R2'},{'D1'},{'R1'},{'D4'},{'D6'},{'D3'},{'D2'},{'D5'},{'D7'},&,19.0,&
{'R3'},{'R2'},{'D1'},{'R1'},{'D4'},{'D6'},{'D5'},{'D2'},{'D7'},{'D3'},&,2.0,&
{'R3'},{'R2'},{'D1'},{'R1'},{'D4'},{'D6'},{'D5'},{'D2'},{'D3'},{'D7'},&,12.0,&
{'R3'},{'R2'},{'D1'},{'R1'},{'D4'},{'D7'},{'D2'},{'D6'},{'D3'},{'D5'},&,1.0,&
{'R3'},{'R2'},{'D1'},{'R1'},{'D4'},{'D7'},{'D2'},{'D5'},{'D6'},{'D3'},&,1.0,&
{'R3'},{'R2'},{'D1'},{'R1'},{'D4'},{'D2'},{'D6'},{'D7'},{'D3'},{'D5'},&,27.0,&
{'R3'},{'R2'},{'D1'},{'R1'},{'D4'},{'D2'},{'D6'},{'D7'},{'D5'},{'D3'},&,18.0,&
{'R3'},{'R2'},{'D1'},{'R1'},{'D4'},{'D2'},{'D6'},{'D3'},{'D7'},{'D5'},&,31.0,&
{'R3'},{'R2'},{'D1'},{'R1'},{'D4'},{'D2'},{'D6'},{'D3'},{'D5'},{'D7'},&,234.0,&
{'R3'},{'R2'},{'D1'},{'R1'},{'D4'},{'D2'},{'D6'},{'D5'},{'D7'},{'D3'},&,42.0,&
{'R3'},{'R2'},{'D1'},{'R1'},{'D4'},{'D2'},{'D6'},{'D5'},{'D3'},{'D7'},&,286.0,&
{'R3'},{'R2'},{'D1'},{'R1'},{'D4'},{'D2'},{'D7'},{'D6'},{'D3'},{'D5'},&,2.0,&
{'R3'},{'R2'},{'D1'},{'R1'},{'D4'},{'D2'},{'D7'},{'D6'},{'D5'},{'D3'},&,1.0,&
{'R3'},{'R2'},{'D1'},{'R1'},{'D4'},{'D2'},{'D3'},{'D6'},{'D7'},{'D5'},&,3.0,&
{'R3'},{'R2'},{'D1'},{'R1'},{'D4'},{'D2'},{'D3'},{'D6'},{'D5'},{'D7'},&,17.0,&
{'R3'},{'R2'},{'D1'},{'R1'},{'D4'},{'D2'},{'D3'},{'D5'},{'D6'},{'D7'},&,1.0,&
{'R3'},{'R2'},{'D1'},{'R1'},{'D4'},{'D2'},{'D5'},{'D6'},{'D7'},{'D3'},&,3.0,&
{'R3'},{'R2'},{'D1'},{'R1'},{'D4'},{'D2'},{'D5'},{'D6'},{'D3'},{'D7'},&,21.0,&
{'R3'},{'R2'},{'D1'},{'R1'},{'D4'},{'D5'},{'D2'},{'D3'},{'D6'},{'D7'},&,1.0,&
{'R3'},{'R2'},{'D1'},{'R1'},{'D4'},{'D5'},{'D2'},{'D6'},{'D7'},{'D3'},&,3.0,&
{'R3'},{'R2'},{'D1'},{'R1'},{'D4'},{'D5'},{'D2'},{'D6'},{'D3'},{'D7'},&,9.0,&
{'R3'},{'R2'},{'D1'},{'R1'},{'D4'},{'D5'},{'D6'},{'D2'},{'D7'},{'D3'},&,1.0,&
{'R3'},{'R2'},{'D1'},{'R1'},{'D4'},{'D5'},{'D6'},{'D2'},{'D3'},{'D7'},&,6.0,&
{'R3'},{'R2'},{'D1'},{'R1'},{'D4'},{'D5'},{'D6'},{'D7'},{'D2'},{'D3'},&,1.0,&
{'R3'},{'R2'},{'D1'},{'R1'},{'D4'},{'D5'},{'D6'},{'D3'},{'D2'},{'D7'},&,1.0,&
{'R3'},{'R2'},{'D1'},{'R1'},{'D4'},{'D3'},{'D2'},{'D6'},{'D5'},{'D7'},&,5.0,&
{'R3'},{'R2'},{'D1'},{'R1'},{'D4'},{'D3'},{'D2'},{'D5'},{'D6'},{'D7'},&,1.0,&
{'R3'},{'R2'},{'D1'},{'R1'},{'D4'},{'D3'},{'D6'},{'D2'},{'D7'},{'D5'},&,2.0,&
{'R3'},{'R2'},{'D1'},{'R1'},{'D4'},{'D3'},{'D6'},{'D2'},{'D5'},{'D7'},&,8.0,&
{'R3'},{'R2'},{'D1'},{'R1'},{'D5'},{'D4'},{'D2'},{'D6'},{'D3'},{'D7'},&,2.0,&
{'R3'},{'R2'},{'D1'},{'R1'},{'D5'},{'D4'},{'D6'},{'D2'},{'D3'},{'D7'},&,3.0,&
{'R3'},{'R2'},{'D1'},{'R1'},{'D5'},{'D4'},{'D6'},{'D3'},{'D2'},{'D7'},&,1.0,&
{'R3'},{'R2'},{'D1'},{'D6'},{'D2'},{'D4'},{'D5'},{'R1'},{'D3'},{'D7'},&,1.0,&
{'R3'},{'R2'},{'D1'},{'D6'},{'D2'},{'R1'},{'D4'},{'D3'},{'D5'},{'D7'},&,1.0,&
{'R3'},{'R2'},{'D1'},{'D6'},{'D2'},{'R1'},{'D4'},{'D5'},{'D3'},{'D7'},&,1.0,&
{'R3'},{'R2'},{'D1'},{'D6'},{'D4'},{'D2'},{'R1'},{'D3'},{'D5'},{'D7'},&,2.0,&
{'R3'},{'R2'},{'D1'},{'D6'},{'D4'},{'D2'},{'R1'},{'D5'},{'D7'},{'D3'},&,1.0,&
{'R3'},{'R2'},{'D1'},{'D6'},{'D4'},{'R1'},{'D2'},{'D3'},{'D5'},{'D7'},&,4.0,&
{'R3'},{'R2'},{'D1'},{'D6'},{'D4'},{'R1'},{'D2'},{'D5'},{'D3'},{'D7'},&,7.0,&
{'R3'},{'R2'},{'D1'},{'D6'},{'D4'},{'R1'},{'D3'},{'D2'},{'D5'},{'D7'},&,1.0,&
{'R3'},{'R2'},{'D1'},{'D6'},{'R1'},{'D4'},{'D2'},{'D7'},{'D3'},{'D5'},&,2.0,&
{'R3'},{'R2'},{'D1'},{'D6'},{'R1'},{'D4'},{'D2'},{'D7'},{'D5'},{'D3'},&,1.0,&
{'R3'},{'R2'},{'D1'},{'D6'},{'R1'},{'D4'},{'D2'},{'D3'},{'D5'},{'D7'},&,10.0,&
{'R3'},{'R2'},{'D1'},{'D6'},{'R1'},{'D4'},{'D2'},{'D5'},{'D7'},{'D3'},&,3.0,&
{'R3'},{'R2'},{'D1'},{'D6'},{'R1'},{'D4'},{'D2'},{'D5'},{'D3'},{'D7'},&,15.0,&
{'R3'},{'R2'},{'D1'},{'D6'},{'R1'},{'D4'},{'D5'},{'D2'},{'D7'},{'D3'},&,1.0,&
{'R3'},{'R2'},{'D1'},{'D6'},{'R1'},{'D4'},{'D5'},{'D2'},{'D3'},{'D7'},&,1.0,&
{'R3'},{'R2'},{'D1'},{'D6'},{'R1'},{'D4'},{'D5'},{'D3'},{'D2'},{'D7'},&,1.0,&
{'R3'},{'R2'},{'D1'},{'D6'},{'R1'},{'D2'},{'D4'},{'D3'},{'D5'},{'D7'},&,3.0,&
{'R3'},{'R2'},{'D1'},{'D6'},{'R1'},{'D2'},{'D4'},{'D5'},{'D3'},{'D7'},&,2.0,&
{'R3'},{'R2'},{'D1'},{'D4'},{'D2'},{'D6'},{'D3'},{'R1'},{'D7'},{'D5'},&,1.0,&
{'R3'},{'R2'},{'D1'},{'D4'},{'D2'},{'D6'},{'R1'},{'D3'},{'D5'},{'D7'},&,3.0,&
{'R3'},{'R2'},{'D1'},{'D4'},{'D2'},{'D6'},{'R1'},{'D5'},{'D3'},{'D7'},&,2.0,&
{'R3'},{'R2'},{'D1'},{'D4'},{'D2'},{'D6'},{'D5'},{'R1'},{'D3'},{'D7'},&,2.0,&
{'R3'},{'R2'},{'D1'},{'D4'},{'D2'},{'D6'},{'D5'},{'D3'},{'R1'},{'D7'},&,1.0,&
{'R3'},{'R2'},{'D1'},{'D4'},{'D2'},{'D7'},{'R1'},{'D6'},{'D5'},{'D3'},&,1.0,&
{'R3'},{'R2'},{'D1'},{'D4'},{'D2'},{'D5'},{'D6'},{'D3'},{'R1'},{'D7'},&,1.0,&
{'R3'},{'R2'},{'D1'},{'D4'},{'D2'},{'D3'},{'R1'},{'D6'},{'D7'},{'D5'},&,1.0,&
{'R3'},{'R2'},{'D1'},{'D4'},{'D2'},{'D3'},{'R1'},{'D6'},{'D5'},{'D7'},&,1.0,&
{'R3'},{'R2'},{'D1'},{'D4'},{'D2'},{'R1'},{'D6'},{'D7'},{'D3'},{'D5'},&,1.0,&
{'R3'},{'R2'},{'D1'},{'D4'},{'D2'},{'R1'},{'D6'},{'D7'},{'D5'},{'D3'},&,3.0,&
{'R3'},{'R2'},{'D1'},{'D4'},{'D2'},{'R1'},{'D6'},{'D3'},{'D7'},{'D5'},&,1.0,&
{'R3'},{'R2'},{'D1'},{'D4'},{'D2'},{'R1'},{'D6'},{'D3'},{'D5'},{'D7'},&,16.0,&
{'R3'},{'R2'},{'D1'},{'D4'},{'D2'},{'R1'},{'D6'},{'D5'},{'D7'},{'D3'},&,2.0,&
{'R3'},{'R2'},{'D1'},{'D4'},{'D2'},{'R1'},{'D6'},{'D5'},{'D3'},{'D7'},&,11.0,&
{'R3'},{'R2'},{'D1'},{'D4'},{'D2'},{'R1'},{'D3'},{'D6'},{'D5'},{'D7'},&,1.0,&
{'R3'},{'R2'},{'D1'},{'D4'},{'D3'},{'R1'},{'D6'},{'D2'},{'D5'},{'D7'},&,1.0,&
{'R3'},{'R2'},{'D1'},{'D4'},{'D6'},{'D2'},{'D7'},{'R1'},{'D3'},{'D5'},&,1.0,&
{'R3'},{'R2'},{'D1'},{'D4'},{'D6'},{'D2'},{'R1'},{'D7'},{'D3'},{'D5'},&,2.0,&
{'R3'},{'R2'},{'D1'},{'D4'},{'D6'},{'D2'},{'R1'},{'D3'},{'D5'},{'D7'},&,5.0,&
{'R3'},{'R2'},{'D1'},{'D4'},{'D6'},{'D2'},{'R1'},{'D5'},{'D7'},{'D3'},&,1.0,&
{'R3'},{'R2'},{'D1'},{'D4'},{'D6'},{'D2'},{'R1'},{'D5'},{'D3'},{'D7'},&,5.0,&
{'R3'},{'R2'},{'D1'},{'D4'},{'D6'},{'D2'},{'D5'},{'R1'},{'D3'},{'D7'},&,1.0,&
{'R3'},{'R2'},{'D1'},{'D4'},{'D6'},{'D2'},{'D5'},{'D7'},{'R1'},{'D3'},&,1.0,&
{'R3'},{'R2'},{'D1'},{'D4'},{'D6'},{'D3'},{'R1'},{'D2'},{'D5'},{'D7'},&,1.0,&
{'R3'},{'R2'},{'D1'},{'D4'},{'D6'},{'R1'},{'D2'},{'D7'},{'D3'},{'D5'},&,1.0,&
{'R3'},{'R2'},{'D1'},{'D4'},{'D6'},{'R1'},{'D2'},{'D7'},{'D5'},{'D3'},&,4.0,&
{'R3'},{'R2'},{'D1'},{'D4'},{'D6'},{'R1'},{'D2'},{'D3'},{'D7'},{'D5'},&,2.0,&
{'R3'},{'R2'},{'D1'},{'D4'},{'D6'},{'R1'},{'D2'},{'D3'},{'D5'},{'D7'},&,15.0,&
{'R3'},{'R2'},{'D1'},{'D4'},{'D6'},{'R1'},{'D2'},{'D5'},{'D7'},{'D3'},&,1.0,&
{'R3'},{'R2'},{'D1'},{'D4'},{'D6'},{'R1'},{'D2'},{'D5'},{'D3'},{'D7'},&,16.0,&
{'R3'},{'R2'},{'D1'},{'D4'},{'D6'},{'R1'},{'D3'},{'D2'},{'D7'},{'D5'},&,1.0,&
{'R3'},{'R2'},{'D1'},{'D4'},{'D6'},{'R1'},{'D3'},{'D2'},{'D5'},{'D7'},&,2.0,&
{'R3'},{'R2'},{'D1'},{'D4'},{'D6'},{'R1'},{'D5'},{'D2'},{'D3'},{'D7'},&,1.0,&
{'R3'},{'R2'},{'D1'},{'D4'},{'D5'},{'R1'},{'D2'},{'D6'},{'D3'},{'D7'},&,2.0,&
{'R3'},{'R2'},{'D1'},{'D4'},{'R1'},{'D6'},{'D2'},{'D7'},{'D3'},{'D5'},&,2.0,&
{'R3'},{'R2'},{'D1'},{'D4'},{'R1'},{'D6'},{'D2'},{'D7'},{'D5'},{'D3'},&,8.0,&
{'R3'},{'R2'},{'D1'},{'D4'},{'R1'},{'D6'},{'D2'},{'D3'},{'D7'},{'D5'},&,9.0,&
{'R3'},{'R2'},{'D1'},{'D4'},{'R1'},{'D6'},{'D2'},{'D3'},{'D5'},{'D7'},&,66.0,&
{'R3'},{'R2'},{'D1'},{'D4'},{'R1'},{'D6'},{'D2'},{'D5'},{'D7'},{'D3'},&,5.0,&
{'R3'},{'R2'},{'D1'},{'D4'},{'R1'},{'D6'},{'D2'},{'D5'},{'D3'},{'D7'},&,77.0,&
{'R3'},{'R2'},{'D1'},{'D4'},{'R1'},{'D6'},{'D7'},{'D2'},{'D5'},{'D3'},&,1.0,&
{'R3'},{'R2'},{'D1'},{'D4'},{'R1'},{'D6'},{'D3'},{'D2'},{'D7'},{'D5'},&,1.0,&
{'R3'},{'R2'},{'D1'},{'D4'},{'R1'},{'D6'},{'D3'},{'D2'},{'D5'},{'D7'},&,4.0,&
{'R3'},{'R2'},{'D1'},{'D4'},{'R1'},{'D6'},{'D5'},{'D2'},{'D3'},{'D7'},&,3.0,&
{'R3'},{'R2'},{'D1'},{'D4'},{'R1'},{'D6'},{'D5'},{'D3'},{'D2'},{'D7'},&,1.0,&
{'R3'},{'R2'},{'D1'},{'D4'},{'R1'},{'D2'},{'D6'},{'D7'},{'D3'},{'D5'},&,9.0,&
{'R3'},{'R2'},{'D1'},{'D4'},{'R1'},{'D2'},{'D6'},{'D7'},{'D5'},{'D3'},&,6.0,&
{'R3'},{'R2'},{'D1'},{'D4'},{'R1'},{'D2'},{'D6'},{'D3'},{'D7'},{'D5'},&,6.0,&
{'R3'},{'R2'},{'D1'},{'D4'},{'R1'},{'D2'},{'D6'},{'D3'},{'D5'},{'D7'},&,67.0,&
{'R3'},{'R2'},{'D1'},{'D4'},{'R1'},{'D2'},{'D6'},{'D5'},{'D7'},{'D3'},&,10.0,&
{'R3'},{'R2'},{'D1'},{'D4'},{'R1'},{'D2'},{'D6'},{'D5'},{'D3'},{'D7'},&,71.0,&
{'R3'},{'R2'},{'D1'},{'D4'},{'R1'},{'D2'},{'D3'},{'D6'},{'D7'},{'D5'},&,1.0,&
{'R3'},{'R2'},{'D1'},{'D4'},{'R1'},{'D2'},{'D3'},{'D6'},{'D5'},{'D7'},&,4.0,&
{'R3'},{'R2'},{'D1'},{'D4'},{'R1'},{'D2'},{'D5'},{'D6'},{'D7'},{'D3'},&,2.0,&
{'R3'},{'R2'},{'D1'},{'D4'},{'R1'},{'D2'},{'D5'},{'D6'},{'D3'},{'D7'},&,1.0,&
{'R3'},{'R2'},{'D1'},{'D4'},{'R1'},{'D5'},{'D2'},{'D6'},{'D3'},{'D7'},&,5.0,&
{'R3'},{'R2'},{'D1'},{'D4'},{'R1'},{'D5'},{'D6'},{'D2'},{'D7'},{'D3'},&,1.0,&
{'R3'},{'R2'},{'D1'},{'D4'},{'R1'},{'D5'},{'D6'},{'D2'},{'D3'},{'D7'},&,2.0,&
{'R3'},{'R2'},{'D1'},{'D4'},{'R1'},{'D3'},{'D2'},{'D6'},{'D5'},{'D7'},&,1.0,&
{'R3'},{'R2'},{'D1'},{'D4'},{'R1'},{'D3'},{'D6'},{'D2'},{'D5'},{'D7'},&,3.0,&
{'R3'},{'R2'},{'D7'},{'R1'},{'D4'},{'D1'},{'D2'},{'D6'},{'D5'},{'D3'},&,1.0,&
{'R3'},{'R2'},{'D2'},{'D1'},{'D4'},{'D6'},{'D3'},{'R1'},{'D5'},{'D7'},&,1.0,&
{'R3'},{'R2'},{'D2'},{'D1'},{'D4'},{'D3'},{'R1'},{'D6'},{'D5'},{'D7'},&,1.0,&
{'R3'},{'R2'},{'D2'},{'D1'},{'D4'},{'R1'},{'D6'},{'D3'},{'D5'},{'D7'},&,1.0,&
{'R3'},{'R2'},{'D2'},{'D1'},{'D4'},{'R1'},{'D6'},{'D5'},{'D7'},{'D3'},&,1.0,&
{'R3'},{'R2'},{'D2'},{'D1'},{'D4'},{'R1'},{'D6'},{'D5'},{'D3'},{'D7'},&,2.0,&
{'R3'},{'R2'},{'D2'},{'D1'},{'R1'},{'D6'},{'D4'},{'D3'},{'D5'},{'D7'},&,2.0,&
{'R3'},{'R2'},{'D2'},{'D1'},{'R1'},{'D6'},{'D4'},{'D5'},{'D3'},{'D7'},&,4.0,&
{'R3'},{'R2'},{'D2'},{'D1'},{'R1'},{'D4'},{'D6'},{'D7'},{'D5'},{'D3'},&,1.0,&
{'R3'},{'R2'},{'D2'},{'D1'},{'R1'},{'D4'},{'D6'},{'D3'},{'D7'},{'D5'},&,1.0,&
{'R3'},{'R2'},{'D2'},{'D1'},{'R1'},{'D4'},{'D6'},{'D3'},{'D5'},{'D7'},&,4.0,&
{'R3'},{'R2'},{'D2'},{'D1'},{'R1'},{'D4'},{'D6'},{'D5'},{'D7'},{'D3'},&,2.0,&
{'R3'},{'R2'},{'D2'},{'D1'},{'R1'},{'D4'},{'D6'},{'D5'},{'D3'},{'D7'},&,4.0,&
{'R3'},{'R2'},{'D2'},{'R1'},{'D1'},{'D6'},{'D4'},{'D3'},{'D5'},{'D7'},&,5.0,&
{'R3'},{'R2'},{'D2'},{'R1'},{'D1'},{'D6'},{'D4'},{'D5'},{'D7'},{'D3'},&,1.0,&
{'R3'},{'R2'},{'D2'},{'R1'},{'D1'},{'D6'},{'D4'},{'D5'},{'D3'},{'D7'},&,4.0,&
{'R3'},{'R2'},{'D2'},{'R1'},{'D1'},{'D4'},{'D6'},{'D7'},{'D3'},{'D5'},&,1.0,&
{'R3'},{'R2'},{'D2'},{'R1'},{'D1'},{'D4'},{'D6'},{'D7'},{'D5'},{'D3'},&,2.0,&
{'R3'},{'R2'},{'D2'},{'R1'},{'D1'},{'D4'},{'D6'},{'D3'},{'D7'},{'D5'},&,3.0,&
{'R3'},{'R2'},{'D2'},{'R1'},{'D1'},{'D4'},{'D6'},{'D3'},{'D5'},{'D7'},&,24.0,&
{'R3'},{'R2'},{'D2'},{'R1'},{'D1'},{'D4'},{'D6'},{'D5'},{'D7'},{'D3'},&,6.0,&
{'R3'},{'R2'},{'D2'},{'R1'},{'D1'},{'D4'},{'D6'},{'D5'},{'D3'},{'D7'},&,28.0,&
{'R3'},{'R2'},{'D2'},{'R1'},{'D1'},{'D4'},{'D3'},{'D6'},{'D5'},{'D7'},&,1.0,&
{'R3'},{'R2'},{'D2'},{'R1'},{'D6'},{'D1'},{'D4'},{'D7'},{'D3'},{'D5'},&,1.0,&
{'R3'},{'R2'},{'D2'},{'R1'},{'D6'},{'D1'},{'D4'},{'D3'},{'D5'},{'D7'},&,2.0,&
{'R3'},{'R2'},{'D2'},{'R1'},{'D6'},{'D1'},{'D4'},{'D5'},{'D3'},{'D7'},&,1.0,&
{'R3'},{'R2'},{'D2'},{'R1'},{'D4'},{'D6'},{'D1'},{'D3'},{'D5'},{'D7'},&,1.0,&
{'R3'},{'R2'},{'D2'},{'R1'},{'D4'},{'D1'},{'D6'},{'D3'},{'D7'},{'D5'},&,3.0,&
{'R3'},{'R2'},{'D2'},{'R1'},{'D4'},{'D1'},{'D6'},{'D3'},{'D5'},{'D7'},&,10.0,&
{'R3'},{'R2'},{'D2'},{'R1'},{'D4'},{'D1'},{'D6'},{'D5'},{'D7'},{'D3'},&,2.0,&
{'R3'},{'R2'},{'D2'},{'R1'},{'D4'},{'D1'},{'D6'},{'D5'},{'D3'},{'D7'},&,6.0,&
{'R3'},{'R2'},{'D2'},{'R1'},{'D4'},{'D1'},{'D5'},{'D6'},{'D7'},{'D3'},&,1.0,&
{'R3'},{'R2'},{'D2'},{'D6'},{'R1'},{'D1'},{'D4'},{'D5'},{'D3'},{'D7'},&,1.0,&
{'R3'},{'R2'},{'D2'},{'D4'},{'D1'},{'D3'},{'R1'},{'D6'},{'D5'},{'D7'},&,1.0,&
{'R3'},{'R2'},{'D2'},{'D4'},{'D1'},{'R1'},{'D6'},{'D3'},{'D5'},{'D7'},&,2.0,&
{'R3'},{'R2'},{'D2'},{'D4'},{'D6'},{'D1'},{'R1'},{'D5'},{'D3'},{'D7'},&,1.0,&
{'R3'},{'R2'},{'D2'},{'D4'},{'R1'},{'D6'},{'D1'},{'D3'},{'D7'},{'D5'},&,1.0,&
{'R3'},{'R2'},{'D2'},{'D4'},{'R1'},{'D6'},{'D1'},{'D3'},{'D5'},{'D7'},&,1.0,&
{'R3'},{'R2'},{'D2'},{'D4'},{'R1'},{'D1'},{'D6'},{'D3'},{'D7'},{'D5'},&,1.0,&
{'R3'},{'R2'},{'D2'},{'D4'},{'R1'},{'D1'},{'D6'},{'D3'},{'D5'},{'D7'},&,1.0,&
{'R3'},{'R2'},{'D2'},{'D4'},{'R1'},{'D1'},{'D6'},{'D5'},{'D7'},{'D3'},&,1.0,&
{'R3'},{'R2'},{'D2'},{'D4'},{'R1'},{'D1'},{'D6'},{'D5'},{'D3'},{'D7'},&,7.0,&
{'R3'},{'R2'},{'D2'},{'D4'},{'R1'},{'D1'},{'D3'},{'D6'},{'D5'},{'D7'},&,1.0,&
{'R3'},{'R2'},{'R1'},{'D7'},{'D1'},{'D4'},{'D6'},{'D2'},{'D5'},{'D3'},&,1.0,&
{'R3'},{'R2'},{'R1'},{'D1'},{'D7'},{'D6'},{'D4'},{'D2'},{'D5'},{'D3'},&,1.0,&
{'R3'},{'R2'},{'R1'},{'D1'},{'D7'},{'D4'},{'D2'},{'D6'},{'D3'},{'D5'},&,1.0,&
{'R3'},{'R2'},{'R1'},{'D1'},{'D7'},{'D4'},{'D6'},{'D2'},{'D5'},{'D3'},&,3.0,&
{'R3'},{'R2'},{'R1'},{'D1'},{'D7'},{'D2'},{'D6'},{'D4'},{'D5'},{'D3'},&,1.0,&
{'R3'},{'R2'},{'R1'},{'D1'},{'D2'},{'D6'},{'D4'},{'D7'},{'D3'},{'D5'},&,4.0,&
{'R3'},{'R2'},{'R1'},{'D1'},{'D2'},{'D6'},{'D4'},{'D7'},{'D5'},{'D3'},&,2.0,&
{'R3'},{'R2'},{'R1'},{'D1'},{'D2'},{'D6'},{'D4'},{'D3'},{'D7'},{'D5'},&,3.0,&
{'R3'},{'R2'},{'R1'},{'D1'},{'D2'},{'D6'},{'D4'},{'D3'},{'D5'},{'D7'},&,36.0,&
{'R3'},{'R2'},{'R1'},{'D1'},{'D2'},{'D6'},{'D4'},{'D5'},{'D7'},{'D3'},&,2.0,&
{'R3'},{'R2'},{'R1'},{'D1'},{'D2'},{'D6'},{'D4'},{'D5'},{'D3'},{'D7'},&,53.0,&
{'R3'},{'R2'},{'R1'},{'D1'},{'D2'},{'D4'},{'D6'},{'D7'},{'D3'},{'D5'},&,20.0,&
{'R3'},{'R2'},{'R1'},{'D1'},{'D2'},{'D4'},{'D6'},{'D7'},{'D5'},{'D3'},&,20.0,&
{'R3'},{'R2'},{'R1'},{'D1'},{'D2'},{'D4'},{'D6'},{'D3'},{'D7'},{'D5'},&,27.0,&
{'R3'},{'R2'},{'R1'},{'D1'},{'D2'},{'D4'},{'D6'},{'D3'},{'D5'},{'D7'},&,264.0,&
{'R3'},{'R2'},{'R1'},{'D1'},{'D2'},{'D4'},{'D6'},{'D5'},{'D7'},{'D3'},&,50.0,&
{'R3'},{'R2'},{'R1'},{'D1'},{'D2'},{'D4'},{'D6'},{'D5'},{'D3'},{'D7'},&,322.0,&
{'R3'},{'R2'},{'R1'},{'D1'},{'D2'},{'D4'},{'D7'},{'D6'},{'D3'},{'D5'},&,1.0,&
{'R3'},{'R2'},{'R1'},{'D1'},{'D2'},{'D4'},{'D3'},{'D6'},{'D7'},{'D5'},&,2.0,&
{'R3'},{'R2'},{'R1'},{'D1'},{'D2'},{'D4'},{'D3'},{'D6'},{'D5'},{'D7'},&,18.0,&
{'R3'},{'R2'},{'R1'},{'D1'},{'D2'},{'D4'},{'D5'},{'D3'},{'D6'},{'D7'},&,2.0,&
{'R3'},{'R2'},{'R1'},{'D1'},{'D2'},{'D4'},{'D5'},{'D6'},{'D7'},{'D3'},&,2.0,&
{'R3'},{'R2'},{'R1'},{'D1'},{'D2'},{'D4'},{'D5'},{'D6'},{'D3'},{'D7'},&,20.0,&
{'R3'},{'R2'},{'R1'},{'D1'},{'D2'},{'D7'},{'D4'},{'D6'},{'D3'},{'D5'},&,1.0,&
{'R3'},{'R2'},{'R1'},{'D1'},{'D2'},{'D5'},{'D4'},{'D6'},{'D3'},{'D7'},&,5.0,&
{'R3'},{'R2'},{'R1'},{'D1'},{'D2'},{'D3'},{'D4'},{'D6'},{'D5'},{'D7'},&,1.0,&
{'R3'},{'R2'},{'R1'},{'D1'},{'D3'},{'D4'},{'D2'},{'D6'},{'D7'},{'D5'},&,2.0,&
{'R3'},{'R2'},{'R1'},{'D1'},{'D3'},{'D4'},{'D2'},{'D6'},{'D5'},{'D7'},&,5.0,&
{'R3'},{'R2'},{'R1'},{'D1'},{'D3'},{'D4'},{'D6'},{'D2'},{'D7'},{'D5'},&,1.0,&
{'R3'},{'R2'},{'R1'},{'D1'},{'D3'},{'D4'},{'D6'},{'D2'},{'D5'},{'D7'},&,3.0,&
{'R3'},{'R2'},{'R1'},{'D1'},{'D3'},{'D4'},{'D5'},{'D6'},{'D2'},{'D7'},&,1.0,&
{'R3'},{'R2'},{'R1'},{'D1'},{'D6'},{'D4'},{'D2'},{'D7'},{'D3'},{'D5'},&,18.0,&
{'R3'},{'R2'},{'R1'},{'D1'},{'D6'},{'D4'},{'D2'},{'D7'},{'D5'},{'D3'},&,24.0,&
{'R3'},{'R2'},{'R1'},{'D1'},{'D6'},{'D4'},{'D2'},{'D3'},{'D7'},{'D5'},&,28.0,&
{'R3'},{'R2'},{'R1'},{'D1'},{'D6'},{'D4'},{'D2'},{'D3'},{'D5'},{'D7'},&,277.0,&
{'R3'},{'R2'},{'R1'},{'D1'},{'D6'},{'D4'},{'D2'},{'D5'},{'D7'},{'D3'},&,36.0,&
{'R3'},{'R2'},{'R1'},{'D1'},{'D6'},{'D4'},{'D2'},{'D5'},{'D3'},{'D7'},&,274.0,&
{'R3'},{'R2'},{'R1'},{'D1'},{'D6'},{'D4'},{'D7'},{'D2'},{'D3'},{'D5'},&,1.0,&
{'R3'},{'R2'},{'R1'},{'D1'},{'D6'},{'D4'},{'D7'},{'D2'},{'D5'},{'D3'},&,2.0,&
{'R3'},{'R2'},{'R1'},{'D1'},{'D6'},{'D4'},{'D3'},{'D2'},{'D7'},{'D5'},&,3.0,&
{'R3'},{'R2'},{'R1'},{'D1'},{'D6'},{'D4'},{'D3'},{'D2'},{'D5'},{'D7'},&,13.0,&
{'R3'},{'R2'},{'R1'},{'D1'},{'D6'},{'D4'},{'D3'},{'D5'},{'D2'},{'D7'},&,1.0,&
{'R3'},{'R2'},{'R1'},{'D1'},{'D6'},{'D4'},{'D5'},{'D2'},{'D7'},{'D3'},&,4.0,&
{'R3'},{'R2'},{'R1'},{'D1'},{'D6'},{'D4'},{'D5'},{'D2'},{'D3'},{'D7'},&,23.0,&
{'R3'},{'R2'},{'R1'},{'D1'},{'D6'},{'D4'},{'D5'},{'D3'},{'D2'},{'D7'},&,1.0,&
{'R3'},{'R2'},{'R1'},{'D1'},{'D6'},{'D2'},{'D4'},{'D7'},{'D3'},{'D5'},&,3.0,&
{'R3'},{'R2'},{'R1'},{'D1'},{'D6'},{'D2'},{'D4'},{'D3'},{'D7'},{'D5'},&,6.0,&
{'R3'},{'R2'},{'R1'},{'D1'},{'D6'},{'D2'},{'D4'},{'D3'},{'D5'},{'D7'},&,49.0,&
{'R3'},{'R2'},{'R1'},{'D1'},{'D6'},{'D2'},{'D4'},{'D5'},{'D7'},{'D3'},&,13.0,&
{'R3'},{'R2'},{'R1'},{'D1'},{'D6'},{'D2'},{'D4'},{'D5'},{'D3'},{'D7'},&,45.0,&
{'R3'},{'R2'},{'R1'},{'D1'},{'D6'},{'D2'},{'D7'},{'D4'},{'D3'},{'D5'},&,2.0,&
{'R3'},{'R2'},{'R1'},{'D1'},{'D6'},{'D2'},{'D3'},{'D4'},{'D5'},{'D7'},&,1.0,&
{'R3'},{'R2'},{'R1'},{'D1'},{'D6'},{'D2'},{'D5'},{'D4'},{'D3'},{'D7'},&,1.0,&
{'R3'},{'R2'},{'R1'},{'D1'},{'D6'},{'D5'},{'D4'},{'D2'},{'D3'},{'D7'},&,3.0,&
{'R3'},{'R2'},{'R1'},{'D1'},{'D6'},{'D3'},{'D4'},{'D2'},{'D5'},{'D7'},&,4.0,&
{'R3'},{'R2'},{'R1'},{'D1'},{'D4'},{'D6'},{'D2'},{'D7'},{'D3'},{'D5'},&,75.0,&
{'R3'},{'R2'},{'R1'},{'D1'},{'D4'},{'D6'},{'D2'},{'D7'},{'D5'},{'D3'},&,87.0,&
{'R3'},{'R2'},{'R1'},{'D1'},{'D4'},{'D6'},{'D2'},{'D3'},{'D7'},{'D5'},&,128.0,&
{'R3'},{'R2'},{'R1'},{'D1'},{'D4'},{'D6'},{'D2'},{'D3'},{'D5'},{'D7'},&,987.0,&
{'R3'},{'R2'},{'R1'},{'D1'},{'D4'},{'D6'},{'D2'},{'D5'},{'D7'},{'D3'},&,172.0,&
{'R3'},{'R2'},{'R1'},{'D1'},{'D4'},{'D6'},{'D2'},{'D5'},{'D3'},{'D7'},&,1149.0,&
{'R3'},{'R2'},{'R1'},{'D1'},{'D4'},{'D6'},{'D7'},{'D2'},{'D3'},{'D5'},&,7.0,&
{'R3'},{'R2'},{'R1'},{'D1'},{'D4'},{'D6'},{'D7'},{'D2'},{'D5'},{'D3'},&,9.0,&
{'R3'},{'R2'},{'R1'},{'D1'},{'D4'},{'D6'},{'D7'},{'D3'},{'D2'},{'D5'},&,1.0,&
{'R3'},{'R2'},{'R1'},{'D1'},{'D4'},{'D6'},{'D7'},{'D5'},{'D2'},{'D3'},&,1.0,&
{'R3'},{'R2'},{'R1'},{'D1'},{'D4'},{'D6'},{'D3'},{'D2'},{'D7'},{'D5'},&,12.0,&
{'R3'},{'R2'},{'R1'},{'D1'},{'D4'},{'D6'},{'D3'},{'D2'},{'D5'},{'D7'},&,62.0,&
{'R3'},{'R2'},{'R1'},{'D1'},{'D4'},{'D6'},{'D3'},{'D5'},{'D2'},{'D7'},&,2.0,&
{'R3'},{'R2'},{'R1'},{'D1'},{'D4'},{'D6'},{'D5'},{'D2'},{'D7'},{'D3'},&,13.0,&
{'R3'},{'R2'},{'R1'},{'D1'},{'D4'},{'D6'},{'D5'},{'D2'},{'D3'},{'D7'},&,76.0,&
{'R3'},{'R2'},{'R1'},{'D1'},{'D4'},{'D6'},{'D5'},{'D3'},{'D2'},{'D7'},&,5.0,&
{'R3'},{'R2'},{'R1'},{'D1'},{'D4'},{'D7'},{'D2'},{'D6'},{'D3'},{'D5'},&,2.0,&
{'R3'},{'R2'},{'R1'},{'D1'},{'D4'},{'D7'},{'D2'},{'D6'},{'D5'},{'D3'},&,5.0,&
{'R3'},{'R2'},{'R1'},{'D1'},{'D4'},{'D7'},{'D6'},{'D2'},{'D3'},{'D5'},&,2.0,&
{'R3'},{'R2'},{'R1'},{'D1'},{'D4'},{'D7'},{'D6'},{'D2'},{'D5'},{'D3'},&,3.0,&
{'R3'},{'R2'},{'R1'},{'D1'},{'D4'},{'D7'},{'D6'},{'D3'},{'D2'},{'D5'},&,1.0,&
{'R3'},{'R2'},{'R1'},{'D1'},{'D4'},{'D2'},{'D6'},{'D7'},{'D3'},{'D5'},&,72.0,&
{'R3'},{'R2'},{'R1'},{'D1'},{'D4'},{'D2'},{'D6'},{'D7'},{'D5'},{'D3'},&,98.0,&
{'R3'},{'R2'},{'R1'},{'D1'},{'D4'},{'D2'},{'D6'},{'D3'},{'D7'},{'D5'},&,114.0,&
{'R3'},{'R2'},{'R1'},{'D1'},{'D4'},{'D2'},{'D6'},{'D3'},{'D5'},{'D7'},&,947.0,&
{'R3'},{'R2'},{'R1'},{'D1'},{'D4'},{'D2'},{'D6'},{'D5'},{'D7'},{'D3'},&,159.0,&
{'R3'},{'R2'},{'R1'},{'D1'},{'D4'},{'D2'},{'D6'},{'D5'},{'D3'},{'D7'},&,1173.0,&
{'R3'},{'R2'},{'R1'},{'D1'},{'D4'},{'D2'},{'D7'},{'D6'},{'D3'},{'D5'},&,4.0,&
{'R3'},{'R2'},{'R1'},{'D1'},{'D4'},{'D2'},{'D7'},{'D6'},{'D5'},{'D3'},&,5.0,&
{'R3'},{'R2'},{'R1'},{'D1'},{'D4'},{'D2'},{'D3'},{'D6'},{'D7'},{'D5'},&,8.0,&
{'R3'},{'R2'},{'R1'},{'D1'},{'D4'},{'D2'},{'D3'},{'D6'},{'D5'},{'D7'},&,56.0,&
{'R3'},{'R2'},{'R1'},{'D1'},{'D4'},{'D2'},{'D3'},{'D5'},{'D6'},{'D7'},&,1.0,&
{'R3'},{'R2'},{'R1'},{'D1'},{'D4'},{'D2'},{'D5'},{'D3'},{'D6'},{'D7'},&,1.0,&
{'R3'},{'R2'},{'R1'},{'D1'},{'D4'},{'D2'},{'D5'},{'D6'},{'D7'},{'D3'},&,8.0,&
{'R3'},{'R2'},{'R1'},{'D1'},{'D4'},{'D2'},{'D5'},{'D6'},{'D3'},{'D7'},&,76.0,&
{'R3'},{'R2'},{'R1'},{'D1'},{'D4'},{'D5'},{'D2'},{'D3'},{'D6'},{'D7'},&,3.0,&
{'R3'},{'R2'},{'R1'},{'D1'},{'D4'},{'D5'},{'D2'},{'D6'},{'D7'},{'D3'},&,6.0,&
{'R3'},{'R2'},{'R1'},{'D1'},{'D4'},{'D5'},{'D2'},{'D6'},{'D3'},{'D7'},&,35.0,&
{'R3'},{'R2'},{'R1'},{'D1'},{'D4'},{'D5'},{'D6'},{'D2'},{'D7'},{'D3'},&,7.0,&
{'R3'},{'R2'},{'R1'},{'D1'},{'D4'},{'D5'},{'D6'},{'D2'},{'D3'},{'D7'},&,45.0,&
{'R3'},{'R2'},{'R1'},{'D1'},{'D4'},{'D5'},{'D6'},{'D3'},{'D2'},{'D7'},&,2.0,&
{'R3'},{'R2'},{'R1'},{'D1'},{'D4'},{'D5'},{'D3'},{'D2'},{'D6'},{'D7'},&,1.0,&
{'R3'},{'R2'},{'R1'},{'D1'},{'D4'},{'D5'},{'D3'},{'D6'},{'D2'},{'D7'},&,2.0,&
{'R3'},{'R2'},{'R1'},{'D1'},{'D4'},{'D3'},{'D2'},{'D7'},{'D6'},{'D5'},&,1.0,&
{'R3'},{'R2'},{'R1'},{'D1'},{'D4'},{'D3'},{'D2'},{'D6'},{'D7'},{'D5'},&,5.0,&
{'R3'},{'R2'},{'R1'},{'D1'},{'D4'},{'D3'},{'D2'},{'D6'},{'D5'},{'D7'},&,36.0,&
{'R3'},{'R2'},{'R1'},{'D1'},{'D4'},{'D3'},{'D6'},{'D2'},{'D7'},{'D5'},&,5.0,&
{'R3'},{'R2'},{'R1'},{'D1'},{'D4'},{'D3'},{'D6'},{'D2'},{'D5'},{'D7'},&,26.0,&
{'R3'},{'R2'},{'R1'},{'D1'},{'D4'},{'D3'},{'D6'},{'D5'},{'D2'},{'D7'},&,4.0,&
{'R3'},{'R2'},{'R1'},{'D1'},{'D4'},{'D3'},{'D5'},{'D2'},{'D6'},{'D7'},&,1.0,&
{'R3'},{'R2'},{'R1'},{'D1'},{'D4'},{'D3'},{'D5'},{'D6'},{'D2'},{'D7'},&,1.0,&
{'R3'},{'R2'},{'R1'},{'D1'},{'D5'},{'D4'},{'D2'},{'D6'},{'D7'},{'D3'},&,2.0,&
{'R3'},{'R2'},{'R1'},{'D1'},{'D5'},{'D4'},{'D2'},{'D6'},{'D3'},{'D7'},&,9.0,&
{'R3'},{'R2'},{'R1'},{'D1'},{'D5'},{'D4'},{'D6'},{'D2'},{'D3'},{'D7'},&,12.0,&
{'R3'},{'R2'},{'R1'},{'D1'},{'D5'},{'D2'},{'D4'},{'D6'},{'D7'},{'D3'},&,1.0,&
{'R3'},{'R2'},{'R1'},{'D1'},{'D5'},{'D2'},{'D4'},{'D6'},{'D3'},{'D7'},&,1.0,&
{'R3'},{'R2'},{'R1'},{'D2'},{'D1'},{'D6'},{'D4'},{'D7'},{'D3'},{'D5'},&,2.0,&
{'R3'},{'R2'},{'R1'},{'D2'},{'D1'},{'D6'},{'D4'},{'D3'},{'D7'},{'D5'},&,2.0,&
{'R3'},{'R2'},{'R1'},{'D2'},{'D1'},{'D6'},{'D4'},{'D3'},{'D5'},{'D7'},&,18.0,&
{'R3'},{'R2'},{'R1'},{'D2'},{'D1'},{'D6'},{'D4'},{'D5'},{'D7'},{'D3'},&,1.0,&
{'R3'},{'R2'},{'R1'},{'D2'},{'D1'},{'D6'},{'D4'},{'D5'},{'D3'},{'D7'},&,18.0,&
{'R3'},{'R2'},{'R1'},{'D2'},{'D1'},{'D4'},{'D6'},{'D7'},{'D3'},{'D5'},&,4.0,&
{'R3'},{'R2'},{'R1'},{'D2'},{'D1'},{'D4'},{'D6'},{'D7'},{'D5'},{'D3'},&,9.0,&
{'R3'},{'R2'},{'R1'},{'D2'},{'D1'},{'D4'},{'D6'},{'D3'},{'D7'},{'D5'},&,10.0,&
{'R3'},{'R2'},{'R1'},{'D2'},{'D1'},{'D4'},{'D6'},{'D3'},{'D5'},{'D7'},&,98.0,&
{'R3'},{'R2'},{'R1'},{'D2'},{'D1'},{'D4'},{'D6'},{'D5'},{'D7'},{'D3'},&,10.0,&
{'R3'},{'R2'},{'R1'},{'D2'},{'D1'},{'D4'},{'D6'},{'D5'},{'D3'},{'D7'},&,103.0,&
{'R3'},{'R2'},{'R1'},{'D2'},{'D1'},{'D4'},{'D7'},{'D6'},{'D5'},{'D3'},&,1.0,&
{'R3'},{'R2'},{'R1'},{'D2'},{'D1'},{'D4'},{'D3'},{'D6'},{'D7'},{'D5'},&,3.0,&
{'R3'},{'R2'},{'R1'},{'D2'},{'D1'},{'D4'},{'D3'},{'D6'},{'D5'},{'D7'},&,10.0,&
{'R3'},{'R2'},{'R1'},{'D2'},{'D1'},{'D4'},{'D5'},{'D6'},{'D3'},{'D7'},&,3.0,&
{'R3'},{'R2'},{'R1'},{'D2'},{'D1'},{'D5'},{'D6'},{'D4'},{'D7'},{'D3'},&,1.0,&
{'R3'},{'R2'},{'R1'},{'D2'},{'D1'},{'D3'},{'D4'},{'D6'},{'D5'},{'D7'},&,1.0,&
{'R3'},{'R2'},{'R1'},{'D2'},{'D3'},{'D1'},{'D4'},{'D5'},{'D6'},{'D7'},&,1.0,&
{'R3'},{'R2'},{'R1'},{'D2'},{'D6'},{'D4'},{'D1'},{'D3'},{'D5'},{'D7'},&,1.0,&
{'R3'},{'R2'},{'R1'},{'D2'},{'D6'},{'D4'},{'D1'},{'D5'},{'D3'},{'D7'},&,2.0,&
{'R3'},{'R2'},{'R1'},{'D2'},{'D6'},{'D1'},{'D4'},{'D7'},{'D5'},{'D3'},&,1.0,&
{'R3'},{'R2'},{'R1'},{'D2'},{'D6'},{'D1'},{'D4'},{'D3'},{'D5'},{'D7'},&,5.0,&
{'R3'},{'R2'},{'R1'},{'D2'},{'D6'},{'D1'},{'D4'},{'D5'},{'D3'},{'D7'},&,7.0,&
{'R3'},{'R2'},{'R1'},{'D2'},{'D4'},{'D6'},{'D1'},{'D3'},{'D5'},{'D7'},&,3.0,&
{'R3'},{'R2'},{'R1'},{'D2'},{'D4'},{'D6'},{'D1'},{'D5'},{'D3'},{'D7'},&,3.0,&
{'R3'},{'R2'},{'R1'},{'D2'},{'D4'},{'D1'},{'D6'},{'D7'},{'D3'},{'D5'},&,6.0,&
{'R3'},{'R2'},{'R1'},{'D2'},{'D4'},{'D1'},{'D6'},{'D7'},{'D5'},{'D3'},&,4.0,&
{'R3'},{'R2'},{'R1'},{'D2'},{'D4'},{'D1'},{'D6'},{'D3'},{'D7'},{'D5'},&,3.0,&
{'R3'},{'R2'},{'R1'},{'D2'},{'D4'},{'D1'},{'D6'},{'D3'},{'D5'},{'D7'},&,38.0,&
{'R3'},{'R2'},{'R1'},{'D2'},{'D4'},{'D1'},{'D6'},{'D5'},{'D7'},{'D3'},&,6.0,&
{'R3'},{'R2'},{'R1'},{'D2'},{'D4'},{'D1'},{'D6'},{'D5'},{'D3'},{'D7'},&,54.0,&
{'R3'},{'R2'},{'R1'},{'D2'},{'D4'},{'D1'},{'D3'},{'D6'},{'D7'},{'D5'},&,1.0,&
{'R3'},{'R2'},{'R1'},{'D2'},{'D4'},{'D1'},{'D3'},{'D6'},{'D5'},{'D7'},&,3.0,&
{'R3'},{'R2'},{'R1'},{'D2'},{'D4'},{'D1'},{'D5'},{'D6'},{'D3'},{'D7'},&,2.0,&
{'R3'},{'R2'},{'R1'},{'D2'},{'D4'},{'D5'},{'D1'},{'D6'},{'D3'},{'D7'},&,1.0,&
{'R3'},{'R2'},{'R1'},{'D3'},{'D1'},{'D6'},{'D4'},{'D2'},{'D5'},{'D7'},&,1.0,&
{'R3'},{'R2'},{'R1'},{'D3'},{'D1'},{'D4'},{'D2'},{'D6'},{'D7'},{'D5'},&,1.0,&
{'R3'},{'R2'},{'R1'},{'D3'},{'D1'},{'D4'},{'D2'},{'D6'},{'D5'},{'D7'},&,4.0,&
{'R3'},{'R2'},{'R1'},{'D3'},{'D1'},{'D4'},{'D6'},{'D2'},{'D5'},{'D7'},&,5.0,&
{'R3'},{'R2'},{'R1'},{'D3'},{'D1'},{'D4'},{'D7'},{'D2'},{'D6'},{'D5'},&,1.0,&
{'R3'},{'R2'},{'R1'},{'D3'},{'D1'},{'D2'},{'D4'},{'D6'},{'D5'},{'D7'},&,2.0,&
{'R3'},{'R2'},{'R1'},{'D3'},{'D4'},{'D1'},{'D2'},{'D6'},{'D5'},{'D7'},&,1.0,&
{'R3'},{'R2'},{'R1'},{'D3'},{'D4'},{'D1'},{'D6'},{'D2'},{'D5'},{'D7'},&,1.0,&
{'R3'},{'R2'},{'R1'},{'D5'},{'D1'},{'D6'},{'D4'},{'D2'},{'D3'},{'D7'},&,2.0,&
{'R3'},{'R2'},{'R1'},{'D5'},{'D1'},{'D4'},{'D2'},{'D6'},{'D3'},{'D7'},&,5.0,&
{'R3'},{'R2'},{'R1'},{'D5'},{'D1'},{'D4'},{'D6'},{'D2'},{'D7'},{'D3'},&,1.0,&
{'R3'},{'R2'},{'R1'},{'D5'},{'D1'},{'D4'},{'D6'},{'D2'},{'D3'},{'D7'},&,3.0,&
{'R3'},{'R2'},{'R1'},{'D5'},{'D1'},{'D2'},{'D4'},{'D6'},{'D3'},{'D7'},&,3.0,&
{'R3'},{'R2'},{'R1'},{'D5'},{'D2'},{'D4'},{'D1'},{'D6'},{'D3'},{'D7'},&,1.0,&
{'R3'},{'R2'},{'R1'},{'D5'},{'D2'},{'D1'},{'D4'},{'D6'},{'D3'},{'D7'},&,1.0,&
{'R3'},{'R2'},{'R1'},{'D5'},{'D6'},{'D1'},{'D4'},{'D2'},{'D3'},{'D7'},&,1.0,&
{'R3'},{'R2'},{'R1'},{'D5'},{'D4'},{'D2'},{'D1'},{'D6'},{'D3'},{'D7'},&,1.0,&
{'R3'},{'R2'},{'R1'},{'D6'},{'D1'},{'D4'},{'D2'},{'D7'},{'D3'},{'D5'},&,5.0,&
{'R3'},{'R2'},{'R1'},{'D6'},{'D1'},{'D4'},{'D2'},{'D7'},{'D5'},{'D3'},&,11.0,&
{'R3'},{'R2'},{'R1'},{'D6'},{'D1'},{'D4'},{'D2'},{'D3'},{'D7'},{'D5'},&,8.0,&
{'R3'},{'R2'},{'R1'},{'D6'},{'D1'},{'D4'},{'D2'},{'D3'},{'D5'},{'D7'},&,90.0,&
{'R3'},{'R2'},{'R1'},{'D6'},{'D1'},{'D4'},{'D2'},{'D5'},{'D7'},{'D3'},&,20.0,&
{'R3'},{'R2'},{'R1'},{'D6'},{'D1'},{'D4'},{'D2'},{'D5'},{'D3'},{'D7'},&,102.0,&
{'R3'},{'R2'},{'R1'},{'D6'},{'D1'},{'D4'},{'D3'},{'D2'},{'D7'},{'D5'},&,2.0,&
{'R3'},{'R2'},{'R1'},{'D6'},{'D1'},{'D4'},{'D3'},{'D2'},{'D5'},{'D7'},&,6.0,&
{'R3'},{'R2'},{'R1'},{'D6'},{'D1'},{'D4'},{'D5'},{'D2'},{'D7'},{'D3'},&,1.0,&
{'R3'},{'R2'},{'R1'},{'D6'},{'D1'},{'D4'},{'D5'},{'D2'},{'D3'},{'D7'},&,8.0,&
{'R3'},{'R2'},{'R1'},{'D6'},{'D1'},{'D2'},{'D4'},{'D7'},{'D3'},{'D5'},&,1.0,&
{'R3'},{'R2'},{'R1'},{'D6'},{'D1'},{'D2'},{'D4'},{'D7'},{'D5'},{'D3'},&,4.0,&
{'R3'},{'R2'},{'R1'},{'D6'},{'D1'},{'D2'},{'D4'},{'D3'},{'D7'},{'D5'},&,2.0,&
{'R3'},{'R2'},{'R1'},{'D6'},{'D1'},{'D2'},{'D4'},{'D3'},{'D5'},{'D7'},&,10.0,&
{'R3'},{'R2'},{'R1'},{'D6'},{'D1'},{'D2'},{'D4'},{'D5'},{'D3'},{'D7'},&,17.0,&
{'R3'},{'R2'},{'R1'},{'D6'},{'D1'},{'D5'},{'D4'},{'D2'},{'D3'},{'D7'},&,2.0,&
{'R3'},{'R2'},{'R1'},{'D6'},{'D1'},{'D3'},{'D4'},{'D2'},{'D5'},{'D7'},&,2.0,&
{'R3'},{'R2'},{'R1'},{'D6'},{'D2'},{'D4'},{'D1'},{'D3'},{'D7'},{'D5'},&,1.0,&
{'R3'},{'R2'},{'R1'},{'D6'},{'D2'},{'D4'},{'D1'},{'D3'},{'D5'},{'D7'},&,2.0,&
{'R3'},{'R2'},{'R1'},{'D6'},{'D2'},{'D4'},{'D1'},{'D5'},{'D7'},{'D3'},&,1.0,&
{'R3'},{'R2'},{'R1'},{'D6'},{'D2'},{'D4'},{'D1'},{'D5'},{'D3'},{'D7'},&,2.0,&
{'R3'},{'R2'},{'R1'},{'D6'},{'D2'},{'D1'},{'D4'},{'D7'},{'D3'},{'D5'},&,1.0,&
{'R3'},{'R2'},{'R1'},{'D6'},{'D2'},{'D1'},{'D4'},{'D3'},{'D5'},{'D7'},&,5.0,&
{'R3'},{'R2'},{'R1'},{'D6'},{'D2'},{'D1'},{'D4'},{'D5'},{'D7'},{'D3'},&,1.0,&
{'R3'},{'R2'},{'R1'},{'D6'},{'D2'},{'D1'},{'D4'},{'D5'},{'D3'},{'D7'},&,5.0,&
{'R3'},{'R2'},{'R1'},{'D6'},{'D4'},{'D1'},{'D2'},{'D7'},{'D3'},{'D5'},&,3.0,&
{'R3'},{'R2'},{'R1'},{'D6'},{'D4'},{'D1'},{'D2'},{'D7'},{'D5'},{'D3'},&,3.0,&
{'R3'},{'R2'},{'R1'},{'D6'},{'D4'},{'D1'},{'D2'},{'D3'},{'D7'},{'D5'},&,7.0,&
{'R3'},{'R2'},{'R1'},{'D6'},{'D4'},{'D1'},{'D2'},{'D3'},{'D5'},{'D7'},&,31.0,&
{'R3'},{'R2'},{'R1'},{'D6'},{'D4'},{'D1'},{'D2'},{'D5'},{'D7'},{'D3'},&,14.0,&
{'R3'},{'R2'},{'R1'},{'D6'},{'D4'},{'D1'},{'D2'},{'D5'},{'D3'},{'D7'},&,47.0,&
{'R3'},{'R2'},{'R1'},{'D6'},{'D4'},{'D1'},{'D3'},{'D2'},{'D5'},{'D7'},&,3.0,&
{'R3'},{'R2'},{'R1'},{'D6'},{'D4'},{'D1'},{'D5'},{'D2'},{'D3'},{'D7'},&,2.0,&
{'R3'},{'R2'},{'R1'},{'D6'},{'D4'},{'D2'},{'D1'},{'D3'},{'D5'},{'D7'},&,2.0,&
{'R3'},{'R2'},{'R1'},{'D6'},{'D4'},{'D2'},{'D1'},{'D5'},{'D3'},{'D7'},&,4.0,&
{'R3'},{'R2'},{'R1'},{'D6'},{'D5'},{'D1'},{'D4'},{'D2'},{'D3'},{'D7'},&,1.0,&
{'R3'},{'R2'},{'R1'},{'D4'},{'D1'},{'D6'},{'D2'},{'D7'},{'D3'},{'D5'},&,36.0,&
{'R3'},{'R2'},{'R1'},{'D4'},{'D1'},{'D6'},{'D2'},{'D7'},{'D5'},{'D3'},&,50.0,&
{'R3'},{'R2'},{'R1'},{'D4'},{'D1'},{'D6'},{'D2'},{'D3'},{'D7'},{'D5'},&,47.0,&
{'R3'},{'R2'},{'R1'},{'D4'},{'D1'},{'D6'},{'D2'},{'D3'},{'D5'},{'D7'},&,469.0,&
{'R3'},{'R2'},{'R1'},{'D4'},{'D1'},{'D6'},{'D2'},{'D5'},{'D7'},{'D3'},&,75.0,&
{'R3'},{'R2'},{'R1'},{'D4'},{'D1'},{'D6'},{'D2'},{'D5'},{'D3'},{'D7'},&,585.0,&
{'R3'},{'R2'},{'R1'},{'D4'},{'D1'},{'D6'},{'D7'},{'D2'},{'D3'},{'D5'},&,4.0,&
{'R3'},{'R2'},{'R1'},{'D4'},{'D1'},{'D6'},{'D7'},{'D2'},{'D5'},{'D3'},&,3.0,&
{'R3'},{'R2'},{'R1'},{'D4'},{'D1'},{'D6'},{'D3'},{'D2'},{'D7'},{'D5'},&,5.0,&
{'R3'},{'R2'},{'R1'},{'D4'},{'D1'},{'D6'},{'D3'},{'D2'},{'D5'},{'D7'},&,32.0,&
{'R3'},{'R2'},{'R1'},{'D4'},{'D1'},{'D6'},{'D3'},{'D5'},{'D2'},{'D7'},&,2.0,&
{'R3'},{'R2'},{'R1'},{'D4'},{'D1'},{'D6'},{'D5'},{'D2'},{'D7'},{'D3'},&,3.0,&
{'R3'},{'R2'},{'R1'},{'D4'},{'D1'},{'D6'},{'D5'},{'D2'},{'D3'},{'D7'},&,21.0,&
{'R3'},{'R2'},{'R1'},{'D4'},{'D1'},{'D7'},{'D2'},{'D6'},{'D5'},{'D3'},&,1.0,&
{'R3'},{'R2'},{'R1'},{'D4'},{'D1'},{'D7'},{'D6'},{'D2'},{'D3'},{'D5'},&,1.0,&
{'R3'},{'R2'},{'R1'},{'D4'},{'D1'},{'D7'},{'D6'},{'D2'},{'D5'},{'D3'},&,3.0,&
{'R3'},{'R2'},{'R1'},{'D4'},{'D1'},{'D2'},{'D6'},{'D7'},{'D3'},{'D5'},&,36.0,&
{'R3'},{'R2'},{'R1'},{'D4'},{'D1'},{'D2'},{'D6'},{'D7'},{'D5'},{'D3'},&,44.0,&
{'R3'},{'R2'},{'R1'},{'D4'},{'D1'},{'D2'},{'D6'},{'D3'},{'D7'},{'D5'},&,56.0,&
{'R3'},{'R2'},{'R1'},{'D4'},{'D1'},{'D2'},{'D6'},{'D3'},{'D5'},{'D7'},&,498.0,&
{'R3'},{'R2'},{'R1'},{'D4'},{'D1'},{'D2'},{'D6'},{'D5'},{'D7'},{'D3'},&,73.0,&
{'R3'},{'R2'},{'R1'},{'D4'},{'D1'},{'D2'},{'D6'},{'D5'},{'D3'},{'D7'},&,517.0,&
{'R3'},{'R2'},{'R1'},{'D4'},{'D1'},{'D2'},{'D7'},{'D6'},{'D3'},{'D5'},&,3.0,&
{'R3'},{'R2'},{'R1'},{'D4'},{'D1'},{'D2'},{'D7'},{'D6'},{'D5'},{'D3'},&,2.0,&
{'R3'},{'R2'},{'R1'},{'D4'},{'D1'},{'D2'},{'D3'},{'D6'},{'D7'},{'D5'},&,5.0,&
{'R3'},{'R2'},{'R1'},{'D4'},{'D1'},{'D2'},{'D3'},{'D6'},{'D5'},{'D7'},&,22.0,&
{'R3'},{'R2'},{'R1'},{'D4'},{'D1'},{'D2'},{'D3'},{'D5'},{'D6'},{'D7'},&,1.0,&
{'R3'},{'R2'},{'R1'},{'D4'},{'D1'},{'D2'},{'D5'},{'D3'},{'D6'},{'D7'},&,3.0,&
{'R3'},{'R2'},{'R1'},{'D4'},{'D1'},{'D2'},{'D5'},{'D6'},{'D7'},{'D3'},&,9.0,&
{'R3'},{'R2'},{'R1'},{'D4'},{'D1'},{'D2'},{'D5'},{'D6'},{'D3'},{'D7'},&,41.0,&
{'R3'},{'R2'},{'R1'},{'D4'},{'D1'},{'D5'},{'D2'},{'D3'},{'D6'},{'D7'},&,1.0,&
{'R3'},{'R2'},{'R1'},{'D4'},{'D1'},{'D5'},{'D2'},{'D6'},{'D7'},{'D3'},&,2.0,&
{'R3'},{'R2'},{'R1'},{'D4'},{'D1'},{'D5'},{'D2'},{'D6'},{'D3'},{'D7'},&,28.0,&
{'R3'},{'R2'},{'R1'},{'D4'},{'D1'},{'D5'},{'D6'},{'D2'},{'D7'},{'D3'},&,2.0,&
{'R3'},{'R2'},{'R1'},{'D4'},{'D1'},{'D5'},{'D6'},{'D2'},{'D3'},{'D7'},&,20.0,&
{'R3'},{'R2'},{'R1'},{'D4'},{'D1'},{'D5'},{'D3'},{'D2'},{'D6'},{'D7'},&,1.0,&
{'R3'},{'R2'},{'R1'},{'D4'},{'D1'},{'D5'},{'D3'},{'D6'},{'D2'},{'D7'},&,1.0,&
{'R3'},{'R2'},{'R1'},{'D4'},{'D1'},{'D3'},{'D2'},{'D6'},{'D7'},{'D5'},&,3.0,&
{'R3'},{'R2'},{'R1'},{'D4'},{'D1'},{'D3'},{'D2'},{'D6'},{'D5'},{'D7'},&,14.0,&
{'R3'},{'R2'},{'R1'},{'D4'},{'D1'},{'D3'},{'D6'},{'D2'},{'D7'},{'D5'},&,2.0,&
{'R3'},{'R2'},{'R1'},{'D4'},{'D1'},{'D3'},{'D6'},{'D2'},{'D5'},{'D7'},&,24.0,&
{'R3'},{'R2'},{'R1'},{'D4'},{'D1'},{'D3'},{'D5'},{'D2'},{'D6'},{'D7'},&,1.0,&
{'R3'},{'R2'},{'R1'},{'D4'},{'D7'},{'D1'},{'D6'},{'D2'},{'D5'},{'D3'},&,2.0,&
{'R3'},{'R2'},{'R1'},{'D4'},{'D2'},{'D6'},{'D1'},{'D7'},{'D3'},{'D5'},&,1.0,&
{'R3'},{'R2'},{'R1'},{'D4'},{'D2'},{'D6'},{'D1'},{'D3'},{'D5'},{'D7'},&,1.0,&
{'R3'},{'R2'},{'R1'},{'D4'},{'D2'},{'D6'},{'D1'},{'D5'},{'D7'},{'D3'},&,1.0,&
{'R3'},{'R2'},{'R1'},{'D4'},{'D2'},{'D6'},{'D1'},{'D5'},{'D3'},{'D7'},&,4.0,&
{'R3'},{'R2'},{'R1'},{'D4'},{'D2'},{'D7'},{'D1'},{'D6'},{'D3'},{'D5'},&,1.0,&
{'R3'},{'R2'},{'R1'},{'D4'},{'D2'},{'D1'},{'D6'},{'D7'},{'D3'},{'D5'},&,5.0,&
{'R3'},{'R2'},{'R1'},{'D4'},{'D2'},{'D1'},{'D6'},{'D7'},{'D5'},{'D3'},&,3.0,&
{'R3'},{'R2'},{'R1'},{'D4'},{'D2'},{'D1'},{'D6'},{'D3'},{'D7'},{'D5'},&,7.0,&
{'R3'},{'R2'},{'R1'},{'D4'},{'D2'},{'D1'},{'D6'},{'D3'},{'D5'},{'D7'},&,39.0,&
{'R3'},{'R2'},{'R1'},{'D4'},{'D2'},{'D1'},{'D6'},{'D5'},{'D7'},{'D3'},&,18.0,&
{'R3'},{'R2'},{'R1'},{'D4'},{'D2'},{'D1'},{'D6'},{'D5'},{'D3'},{'D7'},&,52.0,&
{'R3'},{'R2'},{'R1'},{'D4'},{'D2'},{'D1'},{'D7'},{'D6'},{'D3'},{'D5'},&,1.0,&
{'R3'},{'R2'},{'R1'},{'D4'},{'D2'},{'D1'},{'D7'},{'D6'},{'D5'},{'D3'},&,1.0,&
{'R3'},{'R2'},{'R1'},{'D4'},{'D2'},{'D1'},{'D3'},{'D6'},{'D5'},{'D7'},&,3.0,&
{'R3'},{'R2'},{'R1'},{'D4'},{'D2'},{'D1'},{'D5'},{'D6'},{'D7'},{'D3'},&,1.0,&
{'R3'},{'R2'},{'R1'},{'D4'},{'D2'},{'D1'},{'D5'},{'D6'},{'D3'},{'D7'},&,4.0,&
{'R3'},{'R2'},{'R1'},{'D4'},{'D3'},{'D1'},{'D2'},{'D6'},{'D5'},{'D7'},&,1.0,&
{'R3'},{'R2'},{'R1'},{'D4'},{'D3'},{'D1'},{'D6'},{'D2'},{'D7'},{'D5'},&,1.0,&
{'R3'},{'R2'},{'R1'},{'D4'},{'D3'},{'D1'},{'D6'},{'D2'},{'D5'},{'D7'},&,2.0,&
{'R3'},{'R2'},{'R1'},{'D4'},{'D6'},{'D1'},{'D2'},{'D7'},{'D3'},{'D5'},&,12.0,&
{'R3'},{'R2'},{'R1'},{'D4'},{'D6'},{'D1'},{'D2'},{'D7'},{'D5'},{'D3'},&,6.0,&
{'R3'},{'R2'},{'R1'},{'D4'},{'D6'},{'D1'},{'D2'},{'D3'},{'D7'},{'D5'},&,3.0,&
{'R3'},{'R2'},{'R1'},{'D4'},{'D6'},{'D1'},{'D2'},{'D3'},{'D5'},{'D7'},&,63.0,&
{'R3'},{'R2'},{'R1'},{'D4'},{'D6'},{'D1'},{'D2'},{'D5'},{'D7'},{'D3'},&,7.0,&
{'R3'},{'R2'},{'R1'},{'D4'},{'D6'},{'D1'},{'D2'},{'D5'},{'D3'},{'D7'},&,58.0,&
{'R3'},{'R2'},{'R1'},{'D4'},{'D6'},{'D1'},{'D7'},{'D2'},{'D3'},{'D5'},&,1.0,&
{'R3'},{'R2'},{'R1'},{'D4'},{'D6'},{'D1'},{'D7'},{'D2'},{'D5'},{'D3'},&,1.0,&
{'R3'},{'R2'},{'R1'},{'D4'},{'D6'},{'D1'},{'D3'},{'D2'},{'D5'},{'D7'},&,6.0,&
{'R3'},{'R2'},{'R1'},{'D4'},{'D6'},{'D1'},{'D5'},{'D2'},{'D7'},{'D3'},&,1.0,&
{'R3'},{'R2'},{'R1'},{'D4'},{'D6'},{'D1'},{'D5'},{'D2'},{'D3'},{'D7'},&,1.0,&
{'R3'},{'R2'},{'R1'},{'D4'},{'D6'},{'D2'},{'D1'},{'D3'},{'D5'},{'D7'},&,5.0,&
{'R3'},{'R2'},{'R1'},{'D4'},{'D6'},{'D2'},{'D1'},{'D5'},{'D7'},{'D3'},&,1.0,&
{'R3'},{'R2'},{'R1'},{'D4'},{'D6'},{'D2'},{'D1'},{'D5'},{'D3'},{'D7'},&,4.0,&
{'R3'},{'R2'},{'R1'},{'D4'},{'D5'},{'D1'},{'D2'},{'D6'},{'D7'},{'D3'},&,1.0,&
{'R3'},{'R2'},{'R1'},{'D4'},{'D5'},{'D1'},{'D2'},{'D6'},{'D3'},{'D7'},&,2.0,&
{'R3'},{'R2'},{'R1'},{'D4'},{'D5'},{'D1'},{'D6'},{'D2'},{'D3'},{'D7'},&,6.0,&
{'R3'},{'R2'},{'R1'},{'D4'},{'D5'},{'D1'},{'D6'},{'D3'},{'D2'},{'D7'},&,1.0,&
{'R1'},{'D5'},{'R3'},{'R2'},{'D1'},{'D4'},{'D2'},{'D6'},{'D3'},{'D7'},&,1.0,&
{'R1'},{'D1'},{'D4'},{'D2'},{'R3'},{'R2'},{'D6'},{'D5'},{'D3'},{'D7'},&,1.0,&
{'R1'},{'D1'},{'D4'},{'R3'},{'D2'},{'R2'},{'D6'},{'D3'},{'D5'},{'D7'},&,1.0,&
{'R1'},{'D1'},{'D4'},{'R3'},{'R2'},{'D6'},{'D2'},{'D5'},{'D3'},{'D7'},&,1.0,&
{'R1'},{'D1'},{'D4'},{'R3'},{'R2'},{'D2'},{'D6'},{'D3'},{'D5'},{'D7'},&,1.0,&
{'R1'},{'D1'},{'D4'},{'R3'},{'R2'},{'D2'},{'D6'},{'D5'},{'D3'},{'D7'},&,1.0,&
{'R1'},{'D1'},{'D2'},{'R3'},{'R2'},{'D4'},{'D6'},{'D5'},{'D3'},{'D7'},&,1.0,&
{'R1'},{'D1'},{'R3'},{'D6'},{'R2'},{'D4'},{'D2'},{'D3'},{'D5'},{'D7'},&,1.0,&
{'R1'},{'D1'},{'R3'},{'D6'},{'R2'},{'D4'},{'D2'},{'D5'},{'D3'},{'D7'},&,2.0,&
{'R1'},{'D1'},{'R3'},{'D6'},{'R2'},{'D4'},{'D5'},{'D2'},{'D3'},{'D7'},&,1.0,&
{'R1'},{'D1'},{'R3'},{'D4'},{'D6'},{'R2'},{'D2'},{'D3'},{'D5'},{'D7'},&,1.0,&
{'R1'},{'D1'},{'R3'},{'D4'},{'R2'},{'D6'},{'D2'},{'D5'},{'D3'},{'D7'},&,1.0,&
{'R1'},{'D1'},{'R3'},{'D4'},{'R2'},{'D2'},{'D6'},{'D3'},{'D5'},{'D7'},&,3.0,&
{'R1'},{'D1'},{'R3'},{'D4'},{'R2'},{'D2'},{'D6'},{'D5'},{'D3'},{'D7'},&,1.0,&
{'R1'},{'D1'},{'R3'},{'D4'},{'R2'},{'D2'},{'D3'},{'D6'},{'D5'},{'D7'},&,1.0,&
{'R1'},{'D1'},{'R3'},{'R2'},{'D2'},{'D6'},{'D4'},{'D5'},{'D3'},{'D7'},&,1.0,&
{'R1'},{'D1'},{'R3'},{'R2'},{'D2'},{'D4'},{'D6'},{'D3'},{'D5'},{'D7'},&,3.0,&
{'R1'},{'D1'},{'R3'},{'R2'},{'D4'},{'D6'},{'D2'},{'D7'},{'D3'},{'D5'},&,1.0,&
{'R1'},{'D1'},{'R3'},{'R2'},{'D4'},{'D6'},{'D2'},{'D3'},{'D7'},{'D5'},&,2.0,&
{'R1'},{'D1'},{'R3'},{'R2'},{'D4'},{'D6'},{'D2'},{'D3'},{'D5'},{'D7'},&,1.0,&
{'R1'},{'D1'},{'R3'},{'R2'},{'D4'},{'D6'},{'D2'},{'D5'},{'D7'},{'D3'},&,1.0,&
{'R1'},{'D1'},{'R3'},{'R2'},{'D4'},{'D6'},{'D2'},{'D5'},{'D3'},{'D7'},&,4.0,&
{'R1'},{'D1'},{'R3'},{'R2'},{'D4'},{'D6'},{'D3'},{'D2'},{'D5'},{'D7'},&,2.0,&
{'R1'},{'D1'},{'R3'},{'R2'},{'D4'},{'D2'},{'D6'},{'D3'},{'D7'},{'D5'},&,2.0,&
{'R1'},{'D1'},{'R3'},{'R2'},{'D4'},{'D2'},{'D6'},{'D3'},{'D5'},{'D7'},&,5.0,&
{'R1'},{'D1'},{'R3'},{'R2'},{'D4'},{'D2'},{'D6'},{'D5'},{'D3'},{'D7'},&,5.0,&
{'R1'},{'D1'},{'R3'},{'R2'},{'D4'},{'D2'},{'D3'},{'D6'},{'D5'},{'D7'},&,1.0,&
{'R1'},{'D1'},{'R3'},{'R2'},{'D4'},{'D2'},{'D5'},{'D6'},{'D3'},{'D7'},&,1.0,&
{'R1'},{'D1'},{'R2'},{'D6'},{'D2'},{'R3'},{'D4'},{'D5'},{'D7'},{'D3'},&,1.0,&
{'R1'},{'D1'},{'R2'},{'D6'},{'R3'},{'D4'},{'D2'},{'D3'},{'D5'},{'D7'},&,1.0,&
{'R1'},{'D1'},{'R2'},{'D4'},{'D2'},{'R3'},{'D6'},{'D3'},{'D5'},{'D7'},&,1.0,&
{'R1'},{'D1'},{'R2'},{'D4'},{'R3'},{'D6'},{'D2'},{'D5'},{'D3'},{'D7'},&,1.0,&
{'R1'},{'D1'},{'R2'},{'D4'},{'R3'},{'D2'},{'D6'},{'D7'},{'D5'},{'D3'},&,1.0,&
{'R1'},{'D1'},{'R2'},{'D4'},{'R3'},{'D2'},{'D6'},{'D3'},{'D5'},{'D7'},&,1.0,&
{'R1'},{'D1'},{'R2'},{'D4'},{'R3'},{'D2'},{'D6'},{'D5'},{'D7'},{'D3'},&,1.0,&
{'R1'},{'D1'},{'R2'},{'D4'},{'R3'},{'D2'},{'D6'},{'D5'},{'D3'},{'D7'},&,2.0,&
{'R1'},{'D1'},{'R2'},{'R3'},{'D2'},{'D6'},{'D4'},{'D5'},{'D7'},{'D3'},&,1.0,&
{'R1'},{'D1'},{'R2'},{'R3'},{'D2'},{'D6'},{'D4'},{'D5'},{'D3'},{'D7'},&,1.0,&
{'R1'},{'D1'},{'R2'},{'R3'},{'D2'},{'D4'},{'D6'},{'D3'},{'D5'},{'D7'},&,1.0,&
{'R1'},{'D1'},{'R2'},{'R3'},{'D2'},{'D4'},{'D6'},{'D5'},{'D3'},{'D7'},&,2.0,&
{'R1'},{'D1'},{'R2'},{'R3'},{'D6'},{'D4'},{'D2'},{'D3'},{'D5'},{'D7'},&,3.0,&
{'R1'},{'D1'},{'R2'},{'R3'},{'D6'},{'D4'},{'D2'},{'D5'},{'D3'},{'D7'},&,4.0,&
{'R1'},{'D1'},{'R2'},{'R3'},{'D4'},{'D6'},{'D2'},{'D7'},{'D3'},{'D5'},&,1.0,&
{'R1'},{'D1'},{'R2'},{'R3'},{'D4'},{'D6'},{'D2'},{'D7'},{'D5'},{'D3'},&,2.0,&
{'R1'},{'D1'},{'R2'},{'R3'},{'D4'},{'D6'},{'D2'},{'D3'},{'D7'},{'D5'},&,2.0,&
{'R1'},{'D1'},{'R2'},{'R3'},{'D4'},{'D6'},{'D2'},{'D3'},{'D5'},{'D7'},&,10.0,&
{'R1'},{'D1'},{'R2'},{'R3'},{'D4'},{'D6'},{'D2'},{'D5'},{'D7'},{'D3'},&,1.0,&
{'R1'},{'D1'},{'R2'},{'R3'},{'D4'},{'D6'},{'D2'},{'D5'},{'D3'},{'D7'},&,8.0,&
{'R1'},{'D1'},{'R2'},{'R3'},{'D4'},{'D6'},{'D3'},{'D2'},{'D5'},{'D7'},&,1.0,&
{'R1'},{'D1'},{'R2'},{'R3'},{'D4'},{'D6'},{'D5'},{'D2'},{'D3'},{'D7'},&,3.0,&
{'R1'},{'D1'},{'R2'},{'R3'},{'D4'},{'D2'},{'D6'},{'D3'},{'D5'},{'D7'},&,4.0,&
{'R1'},{'D1'},{'R2'},{'R3'},{'D4'},{'D2'},{'D6'},{'D5'},{'D3'},{'D7'},&,11.0,&
{'R1'},{'D1'},{'R2'},{'R3'},{'D4'},{'D5'},{'D2'},{'D6'},{'D3'},{'D7'},&,2.0,&
{'R1'},{'D1'},{'R2'},{'R3'},{'D4'},{'D5'},{'D6'},{'D2'},{'D3'},{'D7'},&,1.0,&
{'R1'},{'D1'},{'R2'},{'R3'},{'D5'},{'D4'},{'D2'},{'D6'},{'D3'},{'D7'},&,1.0,&
{'R1'},{'D6'},{'D5'},{'D2'},{'D3'},{'D7'},{'D4'},{'D1'},{'R3'},{'R2'},&,1.0,&
{'R1'},{'D6'},{'R3'},{'D4'},{'R2'},{'D1'},{'D2'},{'D5'},{'D3'},{'D7'},&,1.0,&
{'R1'},{'D6'},{'R3'},{'R2'},{'D1'},{'D4'},{'D2'},{'D5'},{'D3'},{'D7'},&,1.0,&
{'R1'},{'D6'},{'R2'},{'D1'},{'R3'},{'D4'},{'D2'},{'D3'},{'D5'},{'D7'},&,1.0,&
{'R1'},{'D6'},{'R2'},{'D1'},{'R3'},{'D4'},{'D2'},{'D5'},{'D3'},{'D7'},&,1.0,&
{'R1'},{'D6'},{'R2'},{'D4'},{'R3'},{'D1'},{'D2'},{'D3'},{'D5'},{'D7'},&,1.0,&
{'R1'},{'D6'},{'R2'},{'R3'},{'D4'},{'D1'},{'D2'},{'D3'},{'D5'},{'D7'},&,1.0,&
{'R1'},{'D2'},{'R3'},{'R2'},{'D1'},{'D4'},{'D6'},{'D5'},{'D3'},{'D7'},&,1.0,&
{'R1'},{'D2'},{'R3'},{'R2'},{'D1'},{'D4'},{'D3'},{'D6'},{'D7'},{'D5'},&,1.0,&
{'R1'},{'D2'},{'R3'},{'R2'},{'D4'},{'D1'},{'D6'},{'D3'},{'D5'},{'D7'},&,1.0,&
{'R1'},{'D2'},{'R2'},{'D1'},{'R3'},{'D4'},{'D6'},{'D3'},{'D5'},{'D7'},&,1.0,&
{'R1'},{'D4'},{'D6'},{'R3'},{'D1'},{'R2'},{'D2'},{'D3'},{'D5'},{'D7'},&,1.0,&
{'R1'},{'D4'},{'D1'},{'R2'},{'R3'},{'D2'},{'D6'},{'D7'},{'D5'},{'D3'},&,1.0,&
{'R1'},{'D4'},{'D1'},{'R3'},{'D6'},{'R2'},{'D2'},{'D3'},{'D5'},{'D7'},&,1.0,&
{'R1'},{'D4'},{'R3'},{'D1'},{'D2'},{'D6'},{'D3'},{'R2'},{'D5'},{'D7'},&,1.0,&
{'R1'},{'D4'},{'R3'},{'D1'},{'R2'},{'D2'},{'D6'},{'D5'},{'D3'},{'D7'},&,1.0,&
{'R1'},{'D4'},{'R3'},{'D6'},{'R2'},{'D1'},{'D2'},{'D5'},{'D3'},{'D7'},&,1.0,&
{'R1'},{'D4'},{'R3'},{'R2'},{'D1'},{'D6'},{'D2'},{'D7'},{'D5'},{'D3'},&,1.0,&
{'R1'},{'D4'},{'R3'},{'R2'},{'D1'},{'D6'},{'D2'},{'D3'},{'D5'},{'D7'},&,3.0,&
{'R1'},{'D4'},{'R3'},{'R2'},{'D1'},{'D6'},{'D2'},{'D5'},{'D3'},{'D7'},&,1.0,&
{'R1'},{'D4'},{'R3'},{'R2'},{'D1'},{'D2'},{'D6'},{'D7'},{'D3'},{'D5'},&,1.0,&
{'R1'},{'D4'},{'R3'},{'R2'},{'D1'},{'D2'},{'D6'},{'D3'},{'D5'},{'D7'},&,3.0,&
{'R1'},{'D4'},{'R3'},{'R2'},{'D1'},{'D2'},{'D3'},{'D6'},{'D5'},{'D7'},&,1.0,&
{'R1'},{'D4'},{'R3'},{'R2'},{'D1'},{'D2'},{'D3'},{'D5'},{'D6'},{'D7'},&,1.0,&
{'R1'},{'D4'},{'R3'},{'R2'},{'D2'},{'D1'},{'D6'},{'D5'},{'D3'},{'D7'},&,1.0,&
{'R1'},{'D4'},{'R2'},{'D1'},{'R3'},{'D6'},{'D2'},{'D3'},{'D5'},{'D7'},&,1.0,&
{'R1'},{'D4'},{'R2'},{'D1'},{'R3'},{'D2'},{'D6'},{'D5'},{'D3'},{'D7'},&,1.0,&
{'R1'},{'D4'},{'R2'},{'D1'},{'R3'},{'D2'},{'D3'},{'D6'},{'D5'},{'D7'},&,1.0,&
{'R1'},{'D4'},{'R2'},{'D6'},{'R3'},{'D1'},{'D2'},{'D3'},{'D5'},{'D7'},&,2.0,&
{'R1'},{'D4'},{'R2'},{'R3'},{'D1'},{'D6'},{'D2'},{'D3'},{'D5'},{'D7'},&,1.0,&
{'R1'},{'D4'},{'R2'},{'R3'},{'D1'},{'D6'},{'D2'},{'D5'},{'D7'},{'D3'},&,1.0,&
{'R1'},{'D4'},{'R2'},{'R3'},{'D1'},{'D6'},{'D2'},{'D5'},{'D3'},{'D7'},&,1.0,&
{'R1'},{'D4'},{'R2'},{'R3'},{'D1'},{'D2'},{'D6'},{'D3'},{'D7'},{'D5'},&,1.0,&
{'R1'},{'D4'},{'R2'},{'R3'},{'D1'},{'D2'},{'D6'},{'D3'},{'D5'},{'D7'},&,5.0,&
{'R1'},{'D4'},{'R2'},{'R3'},{'D1'},{'D2'},{'D6'},{'D5'},{'D7'},{'D3'},&,1.0,&
{'R1'},{'D4'},{'R2'},{'R3'},{'D1'},{'D2'},{'D6'},{'D5'},{'D3'},{'D7'},&,1.0,&
{'R1'},{'D4'},{'R2'},{'R3'},{'D1'},{'D2'},{'D5'},{'D6'},{'D3'},{'D7'},&,1.0,&
{'R1'},{'D4'},{'R2'},{'R3'},{'D1'},{'D3'},{'D6'},{'D2'},{'D5'},{'D7'},&,1.0,&
{'R1'},{'D4'},{'R2'},{'R3'},{'D2'},{'D1'},{'D6'},{'D3'},{'D5'},{'D7'},&,1.0,&
{'R1'},{'R3'},{'D4'},{'D1'},{'D2'},{'R2'},{'D6'},{'D3'},{'D5'},{'D7'},&,1.0,&
{'R1'},{'R3'},{'D4'},{'D1'},{'D2'},{'R2'},{'D6'},{'D5'},{'D3'},{'D7'},&,1.0,&
{'R1'},{'R3'},{'D4'},{'D1'},{'D6'},{'D2'},{'R2'},{'D3'},{'D5'},{'D7'},&,1.0,&
{'R1'},{'R3'},{'D4'},{'D1'},{'D5'},{'D6'},{'D2'},{'R2'},{'D3'},{'D7'},&,1.0,&
{'R1'},{'R3'},{'D4'},{'D1'},{'R2'},{'D6'},{'D2'},{'D7'},{'D5'},{'D3'},&,2.0,&
{'R1'},{'R3'},{'D4'},{'D1'},{'R2'},{'D6'},{'D2'},{'D3'},{'D5'},{'D7'},&,1.0,&
{'R1'},{'R3'},{'D4'},{'D1'},{'R2'},{'D6'},{'D2'},{'D5'},{'D3'},{'D7'},&,2.0,&
{'R1'},{'R3'},{'D4'},{'D1'},{'R2'},{'D2'},{'D6'},{'D7'},{'D5'},{'D3'},&,1.0,&
{'R1'},{'R3'},{'D4'},{'D1'},{'R2'},{'D2'},{'D6'},{'D3'},{'D5'},{'D7'},&,1.0,&
{'R1'},{'R3'},{'D4'},{'D1'},{'R2'},{'D2'},{'D6'},{'D5'},{'D3'},{'D7'},&,4.0,&
{'R1'},{'R3'},{'D4'},{'D2'},{'R2'},{'D1'},{'D3'},{'D6'},{'D5'},{'D7'},&,1.0,&
{'R1'},{'R3'},{'D4'},{'R2'},{'D1'},{'D6'},{'D2'},{'D3'},{'D7'},{'D5'},&,3.0,&
{'R1'},{'R3'},{'D4'},{'R2'},{'D1'},{'D6'},{'D2'},{'D3'},{'D5'},{'D7'},&,10.0,&
{'R1'},{'R3'},{'D4'},{'R2'},{'D1'},{'D6'},{'D2'},{'D5'},{'D7'},{'D3'},&,2.0,&
{'R1'},{'R3'},{'D4'},{'R2'},{'D1'},{'D6'},{'D2'},{'D5'},{'D3'},{'D7'},&,7.0,&
{'R1'},{'R3'},{'D4'},{'R2'},{'D1'},{'D6'},{'D7'},{'D2'},{'D3'},{'D5'},&,1.0,&
{'R1'},{'R3'},{'D4'},{'R2'},{'D1'},{'D6'},{'D3'},{'D2'},{'D7'},{'D5'},&,1.0,&
{'R1'},{'R3'},{'D4'},{'R2'},{'D1'},{'D6'},{'D3'},{'D2'},{'D5'},{'D7'},&,2.0,&
{'R1'},{'R3'},{'D4'},{'R2'},{'D1'},{'D6'},{'D5'},{'D2'},{'D3'},{'D7'},&,2.0,&
{'R1'},{'R3'},{'D4'},{'R2'},{'D1'},{'D2'},{'D6'},{'D7'},{'D3'},{'D5'},&,2.0,&
{'R1'},{'R3'},{'D4'},{'R2'},{'D1'},{'D2'},{'D6'},{'D7'},{'D5'},{'D3'},&,2.0,&
{'R1'},{'R3'},{'D4'},{'R2'},{'D1'},{'D2'},{'D6'},{'D3'},{'D7'},{'D5'},&,2.0,&
{'R1'},{'R3'},{'D4'},{'R2'},{'D1'},{'D2'},{'D6'},{'D3'},{'D5'},{'D7'},&,9.0,&
{'R1'},{'R3'},{'D4'},{'R2'},{'D1'},{'D2'},{'D6'},{'D5'},{'D7'},{'D3'},&,2.0,&
{'R1'},{'R3'},{'D4'},{'R2'},{'D1'},{'D2'},{'D6'},{'D5'},{'D3'},{'D7'},&,14.0,&
{'R1'},{'R3'},{'D4'},{'R2'},{'D2'},{'D1'},{'D6'},{'D3'},{'D5'},{'D7'},&,1.0,&
{'R1'},{'R3'},{'D4'},{'R2'},{'D2'},{'D1'},{'D6'},{'D5'},{'D3'},{'D7'},&,2.0,&
{'R1'},{'R3'},{'D4'},{'R2'},{'D6'},{'D1'},{'D2'},{'D3'},{'D5'},{'D7'},&,1.0,&
{'R1'},{'R3'},{'D4'},{'R2'},{'D6'},{'D1'},{'D2'},{'D5'},{'D3'},{'D7'},&,2.0,&
{'R1'},{'R3'},{'D6'},{'D1'},{'R2'},{'D4'},{'D2'},{'D5'},{'D3'},{'D7'},&,1.0,&
{'R1'},{'R3'},{'D6'},{'D4'},{'R2'},{'D1'},{'D2'},{'D5'},{'D3'},{'D7'},&,2.0,&
{'R1'},{'R3'},{'D6'},{'R2'},{'D1'},{'D4'},{'D2'},{'D3'},{'D5'},{'D7'},&,1.0,&
{'R1'},{'R3'},{'D6'},{'R2'},{'D1'},{'D4'},{'D2'},{'D5'},{'D7'},{'D3'},&,1.0,&
{'R1'},{'R3'},{'D6'},{'R2'},{'D1'},{'D4'},{'D2'},{'D5'},{'D3'},{'D7'},&,1.0,&
{'R1'},{'R3'},{'D6'},{'R2'},{'D1'},{'D4'},{'D3'},{'D2'},{'D5'},{'D7'},&,1.0,&
{'R1'},{'R3'},{'D6'},{'R2'},{'D1'},{'D2'},{'D4'},{'D5'},{'D3'},{'D7'},&,1.0,&
{'R1'},{'R3'},{'D6'},{'R2'},{'D2'},{'D1'},{'D4'},{'D3'},{'D5'},{'D7'},&,1.0,&
{'R1'},{'R3'},{'D6'},{'R2'},{'D4'},{'D1'},{'D2'},{'D3'},{'D5'},{'D7'},&,1.0,&
{'R1'},{'R3'},{'D6'},{'R2'},{'D4'},{'D1'},{'D2'},{'D5'},{'D3'},{'D7'},&,2.0,&
{'R1'},{'R3'},{'D6'},{'R2'},{'D4'},{'D1'},{'D3'},{'D2'},{'D7'},{'D5'},&,1.0,&
{'R1'},{'R3'},{'D1'},{'D2'},{'D4'},{'R2'},{'D6'},{'D7'},{'D3'},{'D5'},&,1.0,&
{'R1'},{'R3'},{'D1'},{'D2'},{'R2'},{'D6'},{'D4'},{'D3'},{'D5'},{'D7'},&,1.0,&
{'R1'},{'R3'},{'D1'},{'D2'},{'R2'},{'D6'},{'D4'},{'D5'},{'D3'},{'D7'},&,1.0,&
{'R1'},{'R3'},{'D1'},{'D2'},{'R2'},{'D4'},{'D6'},{'D3'},{'D5'},{'D7'},&,1.0,&
{'R1'},{'R3'},{'D1'},{'D6'},{'R2'},{'D4'},{'D2'},{'D5'},{'D7'},{'D3'},&,1.0,&
{'R1'},{'R3'},{'D1'},{'D6'},{'R2'},{'D4'},{'D2'},{'D5'},{'D3'},{'D7'},&,4.0,&
{'R1'},{'R3'},{'D1'},{'D4'},{'D2'},{'D6'},{'R2'},{'D3'},{'D5'},{'D7'},&,1.0,&
{'R1'},{'R3'},{'D1'},{'D4'},{'D2'},{'R2'},{'D6'},{'D3'},{'D5'},{'D7'},&,2.0,&
{'R1'},{'R3'},{'D1'},{'D4'},{'D2'},{'R2'},{'D6'},{'D5'},{'D3'},{'D7'},&,3.0,&
{'R1'},{'R3'},{'D1'},{'D4'},{'D6'},{'D2'},{'R2'},{'D5'},{'D3'},{'D7'},&,1.0,&
{'R1'},{'R3'},{'D1'},{'D4'},{'D6'},{'D2'},{'D3'},{'R2'},{'D5'},{'D7'},&,1.0,&
{'R1'},{'R3'},{'D1'},{'D4'},{'D6'},{'D2'},{'D5'},{'R2'},{'D3'},{'D7'},&,1.0,&
{'R1'},{'R3'},{'D1'},{'D4'},{'D6'},{'R2'},{'D2'},{'D3'},{'D5'},{'D7'},&,2.0,&
{'R1'},{'R3'},{'D1'},{'D4'},{'D6'},{'R2'},{'D2'},{'D5'},{'D3'},{'D7'},&,1.0,&
{'R1'},{'R3'},{'D1'},{'D4'},{'D6'},{'R2'},{'D3'},{'D5'},{'D2'},{'D7'},&,1.0,&
{'R1'},{'R3'},{'D1'},{'D4'},{'R2'},{'D6'},{'D2'},{'D7'},{'D3'},{'D5'},&,1.0,&
{'R1'},{'R3'},{'D1'},{'D4'},{'R2'},{'D6'},{'D2'},{'D3'},{'D5'},{'D7'},&,2.0,&
{'R1'},{'R3'},{'D1'},{'D4'},{'R2'},{'D6'},{'D2'},{'D5'},{'D3'},{'D7'},&,5.0,&
{'R1'},{'R3'},{'D1'},{'D4'},{'R2'},{'D6'},{'D3'},{'D2'},{'D7'},{'D5'},&,1.0,&
{'R1'},{'R3'},{'D1'},{'D4'},{'R2'},{'D2'},{'D6'},{'D7'},{'D5'},{'D3'},&,1.0,&
{'R1'},{'R3'},{'D1'},{'D4'},{'R2'},{'D2'},{'D6'},{'D3'},{'D7'},{'D5'},&,1.0,&
{'R1'},{'R3'},{'D1'},{'D4'},{'R2'},{'D2'},{'D6'},{'D3'},{'D5'},{'D7'},&,6.0,&
{'R1'},{'R3'},{'D1'},{'D4'},{'R2'},{'D2'},{'D6'},{'D5'},{'D7'},{'D3'},&,1.0,&
{'R1'},{'R3'},{'D1'},{'D4'},{'R2'},{'D2'},{'D6'},{'D5'},{'D3'},{'D7'},&,7.0,&
{'R1'},{'R3'},{'D1'},{'D4'},{'R2'},{'D2'},{'D3'},{'D6'},{'D5'},{'D7'},&,1.0,&
{'R1'},{'R3'},{'D1'},{'R2'},{'D2'},{'D6'},{'D4'},{'D3'},{'D5'},{'D7'},&,1.0,&
{'R1'},{'R3'},{'D1'},{'R2'},{'D2'},{'D6'},{'D4'},{'D5'},{'D7'},{'D3'},&,1.0,&
{'R1'},{'R3'},{'D1'},{'R2'},{'D2'},{'D4'},{'D6'},{'D7'},{'D5'},{'D3'},&,1.0,&
{'R1'},{'R3'},{'D1'},{'R2'},{'D2'},{'D4'},{'D6'},{'D3'},{'D5'},{'D7'},&,2.0,&
{'R1'},{'R3'},{'D1'},{'R2'},{'D2'},{'D4'},{'D6'},{'D5'},{'D7'},{'D3'},&,1.0,&
{'R1'},{'R3'},{'D1'},{'R2'},{'D2'},{'D4'},{'D6'},{'D5'},{'D3'},{'D7'},&,4.0,&
{'R1'},{'R3'},{'D1'},{'R2'},{'D6'},{'D4'},{'D2'},{'D7'},{'D5'},{'D3'},&,1.0,&
{'R1'},{'R3'},{'D1'},{'R2'},{'D6'},{'D4'},{'D2'},{'D3'},{'D5'},{'D7'},&,7.0,&
{'R1'},{'R3'},{'D1'},{'R2'},{'D6'},{'D4'},{'D2'},{'D5'},{'D3'},{'D7'},&,4.0,&
{'R1'},{'R3'},{'D1'},{'R2'},{'D6'},{'D2'},{'D4'},{'D3'},{'D5'},{'D7'},&,1.0,&
{'R1'},{'R3'},{'D1'},{'R2'},{'D6'},{'D2'},{'D4'},{'D5'},{'D3'},{'D7'},&,1.0,&
{'R1'},{'R3'},{'D1'},{'R2'},{'D4'},{'D6'},{'D2'},{'D7'},{'D3'},{'D5'},&,2.0,&
{'R1'},{'R3'},{'D1'},{'R2'},{'D4'},{'D6'},{'D2'},{'D7'},{'D5'},{'D3'},&,1.0,&
{'R1'},{'R3'},{'D1'},{'R2'},{'D4'},{'D6'},{'D2'},{'D3'},{'D5'},{'D7'},&,9.0,&
{'R1'},{'R3'},{'D1'},{'R2'},{'D4'},{'D6'},{'D2'},{'D5'},{'D7'},{'D3'},&,2.0,&
{'R1'},{'R3'},{'D1'},{'R2'},{'D4'},{'D6'},{'D2'},{'D5'},{'D3'},{'D7'},&,23.0,&
{'R1'},{'R3'},{'D1'},{'R2'},{'D4'},{'D6'},{'D3'},{'D2'},{'D5'},{'D7'},&,1.0,&
{'R1'},{'R3'},{'D1'},{'R2'},{'D4'},{'D6'},{'D5'},{'D2'},{'D3'},{'D7'},&,1.0,&
{'R1'},{'R3'},{'D1'},{'R2'},{'D4'},{'D7'},{'D2'},{'D6'},{'D5'},{'D3'},&,1.0,&
{'R1'},{'R3'},{'D1'},{'R2'},{'D4'},{'D2'},{'D6'},{'D7'},{'D3'},{'D5'},&,1.0,&
{'R1'},{'R3'},{'D1'},{'R2'},{'D4'},{'D2'},{'D6'},{'D7'},{'D5'},{'D3'},&,1.0,&
{'R1'},{'R3'},{'D1'},{'R2'},{'D4'},{'D2'},{'D6'},{'D3'},{'D7'},{'D5'},&,4.0,&
{'R1'},{'R3'},{'D1'},{'R2'},{'D4'},{'D2'},{'D6'},{'D3'},{'D5'},{'D7'},&,19.0,&
{'R1'},{'R3'},{'D1'},{'R2'},{'D4'},{'D2'},{'D6'},{'D5'},{'D7'},{'D3'},&,4.0,&
{'R1'},{'R3'},{'D1'},{'R2'},{'D4'},{'D2'},{'D6'},{'D5'},{'D3'},{'D7'},&,21.0,&
{'R1'},{'R3'},{'D1'},{'R2'},{'D4'},{'D2'},{'D5'},{'D6'},{'D3'},{'D7'},&,1.0,&
{'R1'},{'R3'},{'D1'},{'R2'},{'D4'},{'D5'},{'D2'},{'D6'},{'D3'},{'D7'},&,2.0,&
{'R1'},{'R3'},{'D1'},{'R2'},{'D4'},{'D5'},{'D6'},{'D2'},{'D3'},{'D7'},&,1.0,&
{'R1'},{'R3'},{'D1'},{'R2'},{'D4'},{'D3'},{'D2'},{'D6'},{'D5'},{'D7'},&,1.0,&
{'R1'},{'R3'},{'D1'},{'R2'},{'D4'},{'D3'},{'D6'},{'D2'},{'D5'},{'D7'},&,3.0,&
{'R1'},{'R3'},{'D2'},{'D1'},{'D4'},{'R2'},{'D6'},{'D5'},{'D3'},{'D7'},&,2.0,&
{'R1'},{'R3'},{'D2'},{'D1'},{'R2'},{'D4'},{'D6'},{'D3'},{'D5'},{'D7'},&,2.0,&
{'R1'},{'R3'},{'D2'},{'D1'},{'R2'},{'D4'},{'D6'},{'D5'},{'D3'},{'D7'},&,1.0,&
{'R1'},{'R3'},{'D2'},{'D1'},{'R2'},{'D4'},{'D5'},{'D6'},{'D7'},{'D3'},&,1.0,&
{'R1'},{'R3'},{'D2'},{'D4'},{'R2'},{'D1'},{'D6'},{'D7'},{'D5'},{'D3'},&,1.0,&
{'R1'},{'R3'},{'D2'},{'R2'},{'D1'},{'D6'},{'D4'},{'D3'},{'D5'},{'D7'},&,1.0,&
{'R1'},{'R3'},{'D2'},{'R2'},{'D1'},{'D4'},{'D6'},{'D7'},{'D5'},{'D3'},&,1.0,&
{'R1'},{'R3'},{'D2'},{'R2'},{'D1'},{'D4'},{'D6'},{'D3'},{'D5'},{'D7'},&,2.0,&
{'R1'},{'R3'},{'D2'},{'R2'},{'D1'},{'D4'},{'D6'},{'D5'},{'D7'},{'D3'},&,1.0,&
{'R1'},{'R3'},{'D2'},{'R2'},{'D1'},{'D4'},{'D6'},{'D5'},{'D3'},{'D7'},&,3.0,&
{'R1'},{'R3'},{'D2'},{'R2'},{'D4'},{'D1'},{'D6'},{'D7'},{'D3'},{'D5'},&,1.0,&
{'R1'},{'R3'},{'D2'},{'R2'},{'D4'},{'D1'},{'D6'},{'D5'},{'D3'},{'D7'},&,1.0,&
{'R1'},{'R3'},{'R2'},{'D1'},{'D2'},{'D6'},{'D4'},{'D3'},{'D7'},{'D5'},&,2.0,&
{'R1'},{'R3'},{'R2'},{'D1'},{'D2'},{'D6'},{'D4'},{'D3'},{'D5'},{'D7'},&,5.0,&
{'R1'},{'R3'},{'R2'},{'D1'},{'D2'},{'D6'},{'D4'},{'D5'},{'D7'},{'D3'},&,1.0,&
{'R1'},{'R3'},{'R2'},{'D1'},{'D2'},{'D6'},{'D4'},{'D5'},{'D3'},{'D7'},&,4.0,&
{'R1'},{'R3'},{'R2'},{'D1'},{'D2'},{'D4'},{'D6'},{'D7'},{'D5'},{'D3'},&,2.0,&
{'R1'},{'R3'},{'R2'},{'D1'},{'D2'},{'D4'},{'D6'},{'D3'},{'D7'},{'D5'},&,5.0,&
{'R1'},{'R3'},{'R2'},{'D1'},{'D2'},{'D4'},{'D6'},{'D3'},{'D5'},{'D7'},&,25.0,&
{'R1'},{'R3'},{'R2'},{'D1'},{'D2'},{'D4'},{'D6'},{'D5'},{'D3'},{'D7'},&,24.0,&
{'R1'},{'R3'},{'R2'},{'D1'},{'D2'},{'D4'},{'D3'},{'D6'},{'D7'},{'D5'},&,1.0,&
{'R1'},{'R3'},{'R2'},{'D1'},{'D2'},{'D4'},{'D5'},{'D3'},{'D6'},{'D7'},&,1.0,&
{'R1'},{'R3'},{'R2'},{'D1'},{'D2'},{'D4'},{'D5'},{'D6'},{'D3'},{'D7'},&,4.0,&
{'R1'},{'R3'},{'R2'},{'D1'},{'D3'},{'D4'},{'D2'},{'D6'},{'D5'},{'D7'},&,1.0,&
{'R1'},{'R3'},{'R2'},{'D1'},{'D3'},{'D4'},{'D6'},{'D2'},{'D5'},{'D7'},&,2.0,&
{'R1'},{'R3'},{'R2'},{'D1'},{'D6'},{'D4'},{'D2'},{'D7'},{'D5'},{'D3'},&,1.0,&
{'R1'},{'R3'},{'R2'},{'D1'},{'D6'},{'D4'},{'D2'},{'D3'},{'D7'},{'D5'},&,3.0,&
{'R1'},{'R3'},{'R2'},{'D1'},{'D6'},{'D4'},{'D2'},{'D3'},{'D5'},{'D7'},&,19.0,&
{'R1'},{'R3'},{'R2'},{'D1'},{'D6'},{'D4'},{'D2'},{'D5'},{'D7'},{'D3'},&,4.0,&
{'R1'},{'R3'},{'R2'},{'D1'},{'D6'},{'D4'},{'D2'},{'D5'},{'D3'},{'D7'},&,25.0,&
{'R1'},{'R3'},{'R2'},{'D1'},{'D6'},{'D4'},{'D3'},{'D2'},{'D5'},{'D7'},&,2.0,&
{'R1'},{'R3'},{'R2'},{'D1'},{'D6'},{'D4'},{'D5'},{'D2'},{'D3'},{'D7'},&,1.0,&
{'R1'},{'R3'},{'R2'},{'D1'},{'D6'},{'D2'},{'D4'},{'D7'},{'D5'},{'D3'},&,1.0,&
{'R1'},{'R3'},{'R2'},{'D1'},{'D6'},{'D2'},{'D4'},{'D3'},{'D5'},{'D7'},&,3.0,&
{'R1'},{'R3'},{'R2'},{'D1'},{'D6'},{'D2'},{'D4'},{'D5'},{'D7'},{'D3'},&,1.0,&
{'R1'},{'R3'},{'R2'},{'D1'},{'D6'},{'D2'},{'D4'},{'D5'},{'D3'},{'D7'},&,3.0,&
{'R1'},{'R3'},{'R2'},{'D1'},{'D4'},{'D6'},{'D2'},{'D7'},{'D3'},{'D5'},&,5.0,&
{'R1'},{'R3'},{'R2'},{'D1'},{'D4'},{'D6'},{'D2'},{'D7'},{'D5'},{'D3'},&,4.0,&
{'R1'},{'R3'},{'R2'},{'D1'},{'D4'},{'D6'},{'D2'},{'D3'},{'D7'},{'D5'},&,10.0,&
{'R1'},{'R3'},{'R2'},{'D1'},{'D4'},{'D6'},{'D2'},{'D3'},{'D5'},{'D7'},&,78.0,&
{'R1'},{'R3'},{'R2'},{'D1'},{'D4'},{'D6'},{'D2'},{'D5'},{'D7'},{'D3'},&,13.0,&
{'R1'},{'R3'},{'R2'},{'D1'},{'D4'},{'D6'},{'D2'},{'D5'},{'D3'},{'D7'},&,89.0,&
{'R1'},{'R3'},{'R2'},{'D1'},{'D4'},{'D6'},{'D7'},{'D3'},{'D2'},{'D5'},&,1.0,&
{'R1'},{'R3'},{'R2'},{'D1'},{'D4'},{'D6'},{'D3'},{'D2'},{'D5'},{'D7'},&,5.0,&
{'R1'},{'R3'},{'R2'},{'D1'},{'D4'},{'D6'},{'D5'},{'D2'},{'D7'},{'D3'},&,1.0,&
{'R1'},{'R3'},{'R2'},{'D1'},{'D4'},{'D6'},{'D5'},{'D2'},{'D3'},{'D7'},&,5.0,&
{'R1'},{'R3'},{'R2'},{'D1'},{'D4'},{'D7'},{'D2'},{'D6'},{'D3'},{'D5'},&,1.0,&
{'R1'},{'R3'},{'R2'},{'D1'},{'D4'},{'D7'},{'D5'},{'D6'},{'D2'},{'D3'},&,1.0,&
{'R1'},{'R3'},{'R2'},{'D1'},{'D4'},{'D2'},{'D6'},{'D7'},{'D3'},{'D5'},&,7.0,&
{'R1'},{'R3'},{'R2'},{'D1'},{'D4'},{'D2'},{'D6'},{'D7'},{'D5'},{'D3'},&,2.0,&
{'R1'},{'R3'},{'R2'},{'D1'},{'D4'},{'D2'},{'D6'},{'D3'},{'D7'},{'D5'},&,6.0,&
{'R1'},{'R3'},{'R2'},{'D1'},{'D4'},{'D2'},{'D6'},{'D3'},{'D5'},{'D7'},&,74.0,&
{'R1'},{'R3'},{'R2'},{'D1'},{'D4'},{'D2'},{'D6'},{'D5'},{'D7'},{'D3'},&,5.0,&
{'R1'},{'R3'},{'R2'},{'D1'},{'D4'},{'D2'},{'D6'},{'D5'},{'D3'},{'D7'},&,85.0,&
{'R1'},{'R3'},{'R2'},{'D1'},{'D4'},{'D2'},{'D3'},{'D6'},{'D5'},{'D7'},&,5.0,&
{'R1'},{'R3'},{'R2'},{'D1'},{'D4'},{'D2'},{'D5'},{'D6'},{'D3'},{'D7'},&,6.0,&
{'R1'},{'R3'},{'R2'},{'D1'},{'D4'},{'D5'},{'D2'},{'D6'},{'D7'},{'D3'},&,1.0,&
{'R1'},{'R3'},{'R2'},{'D1'},{'D4'},{'D5'},{'D2'},{'D6'},{'D3'},{'D7'},&,4.0,&
{'R1'},{'R3'},{'R2'},{'D1'},{'D4'},{'D5'},{'D6'},{'D2'},{'D3'},{'D7'},&,2.0,&
{'R1'},{'R3'},{'R2'},{'D1'},{'D4'},{'D3'},{'D2'},{'D6'},{'D5'},{'D7'},&,3.0,&
{'R1'},{'R3'},{'R2'},{'D1'},{'D4'},{'D3'},{'D6'},{'D2'},{'D5'},{'D7'},&,2.0,&
{'R1'},{'R3'},{'R2'},{'D1'},{'D5'},{'D6'},{'D4'},{'D3'},{'D2'},{'D7'},&,1.0,&
{'R1'},{'R3'},{'R2'},{'D1'},{'D5'},{'D4'},{'D2'},{'D6'},{'D3'},{'D7'},&,3.0,&
{'R1'},{'R3'},{'R2'},{'D2'},{'D1'},{'D6'},{'D4'},{'D3'},{'D5'},{'D7'},&,1.0,&
{'R1'},{'R3'},{'R2'},{'D2'},{'D1'},{'D6'},{'D4'},{'D5'},{'D3'},{'D7'},&,1.0,&
{'R1'},{'R3'},{'R2'},{'D2'},{'D1'},{'D4'},{'D6'},{'D3'},{'D5'},{'D7'},&,5.0,&
{'R1'},{'R3'},{'R2'},{'D2'},{'D1'},{'D4'},{'D6'},{'D5'},{'D3'},{'D7'},&,11.0,&
{'R1'},{'R3'},{'R2'},{'D2'},{'D1'},{'D4'},{'D3'},{'D6'},{'D5'},{'D7'},&,1.0,&
{'R1'},{'R3'},{'R2'},{'D2'},{'D6'},{'D1'},{'D4'},{'D3'},{'D5'},{'D7'},&,1.0,&
{'R1'},{'R3'},{'R2'},{'D2'},{'D6'},{'D1'},{'D4'},{'D5'},{'D3'},{'D7'},&,1.0,&
{'R1'},{'R3'},{'R2'},{'D2'},{'D4'},{'D1'},{'D6'},{'D3'},{'D5'},{'D7'},&,2.0,&
{'R1'},{'R3'},{'R2'},{'D2'},{'D4'},{'D1'},{'D6'},{'D5'},{'D3'},{'D7'},&,4.0,&
{'R1'},{'R3'},{'R2'},{'D2'},{'D4'},{'D1'},{'D5'},{'D6'},{'D3'},{'D7'},&,1.0,&
{'R1'},{'R3'},{'R2'},{'D5'},{'D1'},{'D4'},{'D2'},{'D6'},{'D3'},{'D7'},&,1.0,&
{'R1'},{'R3'},{'R2'},{'D6'},{'D1'},{'D4'},{'D2'},{'D7'},{'D3'},{'D5'},&,1.0,&
{'R1'},{'R3'},{'R2'},{'D6'},{'D1'},{'D4'},{'D2'},{'D7'},{'D5'},{'D3'},&,1.0,&
{'R1'},{'R3'},{'R2'},{'D6'},{'D1'},{'D4'},{'D2'},{'D3'},{'D7'},{'D5'},&,1.0,&
{'R1'},{'R3'},{'R2'},{'D6'},{'D1'},{'D4'},{'D2'},{'D3'},{'D5'},{'D7'},&,10.0,&
{'R1'},{'R3'},{'R2'},{'D6'},{'D1'},{'D4'},{'D2'},{'D5'},{'D7'},{'D3'},&,3.0,&
{'R1'},{'R3'},{'R2'},{'D6'},{'D1'},{'D4'},{'D2'},{'D5'},{'D3'},{'D7'},&,5.0,&
{'R1'},{'R3'},{'R2'},{'D6'},{'D1'},{'D4'},{'D5'},{'D2'},{'D3'},{'D7'},&,1.0,&
{'R1'},{'R3'},{'R2'},{'D6'},{'D1'},{'D2'},{'D4'},{'D3'},{'D5'},{'D7'},&,1.0,&
{'R1'},{'R3'},{'R2'},{'D6'},{'D2'},{'D1'},{'D4'},{'D5'},{'D3'},{'D7'},&,1.0,&
{'R1'},{'R3'},{'R2'},{'D6'},{'D4'},{'D1'},{'D2'},{'D3'},{'D7'},{'D5'},&,1.0,&
{'R1'},{'R3'},{'R2'},{'D6'},{'D4'},{'D1'},{'D2'},{'D5'},{'D7'},{'D3'},&,1.0,&
{'R1'},{'R3'},{'R2'},{'D6'},{'D4'},{'D1'},{'D2'},{'D5'},{'D3'},{'D7'},&,4.0,&
{'R1'},{'R3'},{'R2'},{'D4'},{'D1'},{'D6'},{'D2'},{'D7'},{'D3'},{'D5'},&,2.0,&
{'R1'},{'R3'},{'R2'},{'D4'},{'D1'},{'D6'},{'D2'},{'D7'},{'D5'},{'D3'},&,4.0,&
{'R1'},{'R3'},{'R2'},{'D4'},{'D1'},{'D6'},{'D2'},{'D3'},{'D7'},{'D5'},&,3.0,&
{'R1'},{'R3'},{'R2'},{'D4'},{'D1'},{'D6'},{'D2'},{'D3'},{'D5'},{'D7'},&,40.0,&
{'R1'},{'R3'},{'R2'},{'D4'},{'D1'},{'D6'},{'D2'},{'D5'},{'D7'},{'D3'},&,5.0,&
{'R1'},{'R3'},{'R2'},{'D4'},{'D1'},{'D6'},{'D2'},{'D5'},{'D3'},{'D7'},&,34.0,&
{'R1'},{'R3'},{'R2'},{'D4'},{'D1'},{'D6'},{'D7'},{'D2'},{'D5'},{'D3'},&,1.0,&
{'R1'},{'R3'},{'R2'},{'D4'},{'D1'},{'D6'},{'D3'},{'D2'},{'D7'},{'D5'},&,1.0,&
{'R1'},{'R3'},{'R2'},{'D4'},{'D1'},{'D6'},{'D3'},{'D2'},{'D5'},{'D7'},&,3.0,&
{'R1'},{'R3'},{'R2'},{'D4'},{'D1'},{'D6'},{'D3'},{'D5'},{'D2'},{'D7'},&,1.0,&
{'R1'},{'R3'},{'R2'},{'D4'},{'D1'},{'D6'},{'D5'},{'D2'},{'D3'},{'D7'},&,1.0,&
{'R1'},{'R3'},{'R2'},{'D4'},{'D1'},{'D2'},{'D6'},{'D7'},{'D3'},{'D5'},&,2.0,&
{'R1'},{'R3'},{'R2'},{'D4'},{'D1'},{'D2'},{'D6'},{'D3'},{'D7'},{'D5'},&,2.0,&
{'R1'},{'R3'},{'R2'},{'D4'},{'D1'},{'D2'},{'D6'},{'D3'},{'D5'},{'D7'},&,23.0,&
{'R1'},{'R3'},{'R2'},{'D4'},{'D1'},{'D2'},{'D6'},{'D5'},{'D7'},{'D3'},&,4.0,&
{'R1'},{'R3'},{'R2'},{'D4'},{'D1'},{'D2'},{'D6'},{'D5'},{'D3'},{'D7'},&,42.0,&
{'R1'},{'R3'},{'R2'},{'D4'},{'D1'},{'D2'},{'D3'},{'D6'},{'D5'},{'D7'},&,1.0,&
{'R1'},{'R3'},{'R2'},{'D4'},{'D1'},{'D2'},{'D5'},{'D6'},{'D3'},{'D7'},&,3.0,&
{'R1'},{'R3'},{'R2'},{'D4'},{'D1'},{'D5'},{'D2'},{'D3'},{'D6'},{'D7'},&,1.0,&
{'R1'},{'R3'},{'R2'},{'D4'},{'D1'},{'D5'},{'D2'},{'D6'},{'D3'},{'D7'},&,1.0,&
{'R1'},{'R3'},{'R2'},{'D4'},{'D1'},{'D5'},{'D6'},{'D2'},{'D7'},{'D3'},&,1.0,&
{'R1'},{'R3'},{'R2'},{'D4'},{'D1'},{'D5'},{'D6'},{'D2'},{'D3'},{'D7'},&,1.0,&
{'R1'},{'R3'},{'R2'},{'D4'},{'D1'},{'D3'},{'D6'},{'D2'},{'D5'},{'D7'},&,2.0,&
{'R1'},{'R3'},{'R2'},{'D4'},{'D2'},{'D1'},{'D6'},{'D7'},{'D3'},{'D5'},&,2.0,&
{'R1'},{'R3'},{'R2'},{'D4'},{'D2'},{'D1'},{'D6'},{'D3'},{'D5'},{'D7'},&,4.0,&
{'R1'},{'R3'},{'R2'},{'D4'},{'D2'},{'D1'},{'D6'},{'D5'},{'D3'},{'D7'},&,4.0,&
{'R1'},{'R3'},{'R2'},{'D4'},{'D2'},{'D1'},{'D5'},{'D6'},{'D3'},{'D7'},&,1.0,&
{'R1'},{'R3'},{'R2'},{'D4'},{'D3'},{'D1'},{'D6'},{'D2'},{'D5'},{'D7'},&,1.0,&
{'R1'},{'R3'},{'R2'},{'D4'},{'D6'},{'D1'},{'D2'},{'D7'},{'D3'},{'D5'},&,1.0,&
{'R1'},{'R3'},{'R2'},{'D4'},{'D6'},{'D1'},{'D2'},{'D3'},{'D5'},{'D7'},&,2.0,&
{'R1'},{'R3'},{'R2'},{'D4'},{'D6'},{'D1'},{'D2'},{'D5'},{'D3'},{'D7'},&,4.0,&
{'R1'},{'R3'},{'R2'},{'D4'},{'D6'},{'D2'},{'D1'},{'D5'},{'D3'},{'D7'},&,1.0,&
{'R1'},{'R3'},{'R2'},{'D4'},{'D5'},{'D1'},{'D6'},{'D2'},{'D3'},{'D7'},&,1.0,&
{'R1'},{'R2'},{'D4'},{'D1'},{'D2'},{'D6'},{'R3'},{'D3'},{'D5'},{'D7'},&,1.0,&
{'R1'},{'R2'},{'D4'},{'D1'},{'D6'},{'D2'},{'R3'},{'D3'},{'D5'},{'D7'},&,1.0,&
{'R1'},{'R2'},{'D4'},{'D1'},{'D6'},{'R3'},{'D2'},{'D5'},{'D3'},{'D7'},&,2.0,&
{'R1'},{'R2'},{'D4'},{'D1'},{'R3'},{'D6'},{'D2'},{'D3'},{'D7'},{'D5'},&,1.0,&
{'R1'},{'R2'},{'D4'},{'D1'},{'R3'},{'D6'},{'D2'},{'D3'},{'D5'},{'D7'},&,2.0,&
{'R1'},{'R2'},{'D4'},{'D1'},{'R3'},{'D6'},{'D2'},{'D5'},{'D3'},{'D7'},&,5.0,&
{'R1'},{'R2'},{'D4'},{'D1'},{'R3'},{'D2'},{'D6'},{'D3'},{'D7'},{'D5'},&,2.0,&
{'R1'},{'R2'},{'D4'},{'D1'},{'R3'},{'D2'},{'D6'},{'D3'},{'D5'},{'D7'},&,1.0,&
{'R1'},{'R2'},{'D4'},{'D1'},{'R3'},{'D2'},{'D6'},{'D5'},{'D3'},{'D7'},&,4.0,&
{'R1'},{'R2'},{'D4'},{'D1'},{'R3'},{'D5'},{'D2'},{'D6'},{'D3'},{'D7'},&,1.0,&
{'R1'},{'R2'},{'D4'},{'D1'},{'R3'},{'D3'},{'D2'},{'D6'},{'D5'},{'D7'},&,1.0,&
{'R1'},{'R2'},{'D4'},{'D6'},{'R3'},{'D1'},{'D5'},{'D2'},{'D7'},{'D3'},&,1.0,&
{'R1'},{'R2'},{'D4'},{'R3'},{'D1'},{'D6'},{'D2'},{'D7'},{'D3'},{'D5'},&,1.0,&
{'R1'},{'R2'},{'D4'},{'R3'},{'D1'},{'D6'},{'D2'},{'D3'},{'D7'},{'D5'},&,2.0,&
{'R1'},{'R2'},{'D4'},{'R3'},{'D1'},{'D6'},{'D2'},{'D3'},{'D5'},{'D7'},&,14.0,&
{'R1'},{'R2'},{'D4'},{'R3'},{'D1'},{'D6'},{'D2'},{'D5'},{'D7'},{'D3'},&,4.0,&
{'R1'},{'R2'},{'D4'},{'R3'},{'D1'},{'D6'},{'D2'},{'D5'},{'D3'},{'D7'},&,16.0,&
{'R1'},{'R2'},{'D4'},{'R3'},{'D1'},{'D2'},{'D6'},{'D7'},{'D3'},{'D5'},&,1.0,&
{'R1'},{'R2'},{'D4'},{'R3'},{'D1'},{'D2'},{'D6'},{'D7'},{'D5'},{'D3'},&,1.0,&
{'R1'},{'R2'},{'D4'},{'R3'},{'D1'},{'D2'},{'D6'},{'D3'},{'D7'},{'D5'},&,3.0,&
{'R1'},{'R2'},{'D4'},{'R3'},{'D1'},{'D2'},{'D6'},{'D3'},{'D5'},{'D7'},&,8.0,&
{'R1'},{'R2'},{'D4'},{'R3'},{'D1'},{'D2'},{'D6'},{'D5'},{'D3'},{'D7'},&,10.0,&
{'R1'},{'R2'},{'D4'},{'R3'},{'D1'},{'D2'},{'D7'},{'D6'},{'D3'},{'D5'},&,1.0,&
{'R1'},{'R2'},{'D4'},{'R3'},{'D1'},{'D2'},{'D5'},{'D6'},{'D3'},{'D7'},&,1.0,&
{'R1'},{'R2'},{'D4'},{'R3'},{'D1'},{'D3'},{'D2'},{'D6'},{'D5'},{'D7'},&,1.0,&
{'R1'},{'R2'},{'D4'},{'R3'},{'D1'},{'D3'},{'D6'},{'D2'},{'D5'},{'D7'},&,1.0,&
{'R1'},{'R2'},{'D4'},{'R3'},{'D2'},{'D1'},{'D6'},{'D3'},{'D5'},{'D7'},&,2.0,&
{'R1'},{'R2'},{'D4'},{'R3'},{'D2'},{'D1'},{'D6'},{'D5'},{'D3'},{'D7'},&,1.0,&
{'R1'},{'R2'},{'D4'},{'R3'},{'D6'},{'D1'},{'D2'},{'D3'},{'D5'},{'D7'},&,2.0,&
{'R1'},{'R2'},{'D4'},{'R3'},{'D6'},{'D1'},{'D2'},{'D5'},{'D3'},{'D7'},&,1.0,&
{'R1'},{'R2'},{'D6'},{'D1'},{'D4'},{'R3'},{'D2'},{'D3'},{'D7'},{'D5'},&,1.0,&
{'R1'},{'R2'},{'D6'},{'D1'},{'R3'},{'D4'},{'D2'},{'D7'},{'D3'},{'D5'},&,1.0,&
{'R1'},{'R2'},{'D6'},{'D1'},{'R3'},{'D4'},{'D2'},{'D3'},{'D5'},{'D7'},&,2.0,&
{'R1'},{'R2'},{'D6'},{'D1'},{'R3'},{'D4'},{'D2'},{'D5'},{'D3'},{'D7'},&,2.0,&
{'R1'},{'R2'},{'D6'},{'D4'},{'R3'},{'D1'},{'D2'},{'D5'},{'D3'},{'D7'},&,1.0,&
{'R1'},{'R2'},{'D6'},{'R3'},{'D1'},{'D4'},{'D2'},{'D3'},{'D5'},{'D7'},&,2.0,&
{'R1'},{'R2'},{'D6'},{'R3'},{'D1'},{'D4'},{'D2'},{'D5'},{'D3'},{'D7'},&,2.0,&
{'R1'},{'R2'},{'D6'},{'R3'},{'D1'},{'D2'},{'D4'},{'D5'},{'D7'},{'D3'},&,1.0,&
{'R1'},{'R2'},{'D6'},{'R3'},{'D1'},{'D2'},{'D4'},{'D5'},{'D3'},{'D7'},&,1.0,&
{'R1'},{'R2'},{'D6'},{'R3'},{'D4'},{'D1'},{'D2'},{'D3'},{'D5'},{'D7'},&,2.0,&
{'R1'},{'R2'},{'D1'},{'D2'},{'D6'},{'R3'},{'D4'},{'D3'},{'D5'},{'D7'},&,1.0,&
{'R1'},{'R2'},{'D1'},{'D2'},{'R3'},{'D6'},{'D4'},{'D3'},{'D5'},{'D7'},&,1.0,&
{'R1'},{'R2'},{'D1'},{'D2'},{'R3'},{'D4'},{'D6'},{'D7'},{'D5'},{'D3'},&,1.0,&
{'R1'},{'R2'},{'D1'},{'D2'},{'R3'},{'D4'},{'D6'},{'D3'},{'D5'},{'D7'},&,1.0,&
{'R1'},{'R2'},{'D1'},{'D2'},{'R3'},{'D4'},{'D6'},{'D5'},{'D3'},{'D7'},&,2.0,&
{'R1'},{'R2'},{'D1'},{'D6'},{'D4'},{'R3'},{'D2'},{'D3'},{'D5'},{'D7'},&,1.0,&
{'R1'},{'R2'},{'D1'},{'D6'},{'R3'},{'D4'},{'D2'},{'D7'},{'D5'},{'D3'},&,1.0,&
{'R1'},{'R2'},{'D1'},{'D6'},{'R3'},{'D4'},{'D2'},{'D3'},{'D7'},{'D5'},&,3.0,&
{'R1'},{'R2'},{'D1'},{'D6'},{'R3'},{'D4'},{'D2'},{'D3'},{'D5'},{'D7'},&,1.0,&
{'R1'},{'R2'},{'D1'},{'D6'},{'R3'},{'D4'},{'D2'},{'D5'},{'D3'},{'D7'},&,3.0,&
{'R1'},{'R2'},{'D1'},{'D6'},{'R3'},{'D4'},{'D5'},{'D2'},{'D7'},{'D3'},&,1.0,&
{'R1'},{'R2'},{'D1'},{'D4'},{'D2'},{'D6'},{'R3'},{'D5'},{'D3'},{'D7'},&,1.0,&
{'R1'},{'R2'},{'D1'},{'D4'},{'D2'},{'R3'},{'D6'},{'D7'},{'D5'},{'D3'},&,1.0,&
{'R1'},{'R2'},{'D1'},{'D4'},{'D2'},{'R3'},{'D6'},{'D3'},{'D5'},{'D7'},&,2.0,&
{'R1'},{'R2'},{'D1'},{'D4'},{'D2'},{'R3'},{'D6'},{'D5'},{'D3'},{'D7'},&,1.0,&
{'R1'},{'R2'},{'D1'},{'D4'},{'D3'},{'R3'},{'D6'},{'D2'},{'D5'},{'D7'},&,1.0,&
{'R1'},{'R2'},{'D1'},{'D4'},{'D6'},{'D2'},{'R3'},{'D5'},{'D3'},{'D7'},&,1.0,&
{'R1'},{'R2'},{'D1'},{'D4'},{'D6'},{'R3'},{'D2'},{'D3'},{'D5'},{'D7'},&,1.0,&
{'R1'},{'R2'},{'D1'},{'D4'},{'D6'},{'R3'},{'D2'},{'D5'},{'D3'},{'D7'},&,4.0,&
{'R1'},{'R2'},{'D1'},{'D4'},{'R3'},{'D6'},{'D2'},{'D7'},{'D3'},{'D5'},&,1.0,&
{'R1'},{'R2'},{'D1'},{'D4'},{'R3'},{'D6'},{'D2'},{'D7'},{'D5'},{'D3'},&,1.0,&
{'R1'},{'R2'},{'D1'},{'D4'},{'R3'},{'D6'},{'D2'},{'D3'},{'D5'},{'D7'},&,6.0,&
{'R1'},{'R2'},{'D1'},{'D4'},{'R3'},{'D6'},{'D2'},{'D5'},{'D3'},{'D7'},&,3.0,&
{'R1'},{'R2'},{'D1'},{'D4'},{'R3'},{'D6'},{'D3'},{'D2'},{'D7'},{'D5'},&,1.0,&
{'R1'},{'R2'},{'D1'},{'D4'},{'R3'},{'D6'},{'D3'},{'D2'},{'D5'},{'D7'},&,2.0,&
{'R1'},{'R2'},{'D1'},{'D4'},{'R3'},{'D2'},{'D6'},{'D7'},{'D3'},{'D5'},&,1.0,&
{'R1'},{'R2'},{'D1'},{'D4'},{'R3'},{'D2'},{'D6'},{'D7'},{'D5'},{'D3'},&,1.0,&
{'R1'},{'R2'},{'D1'},{'D4'},{'R3'},{'D2'},{'D6'},{'D3'},{'D7'},{'D5'},&,1.0,&
{'R1'},{'R2'},{'D1'},{'D4'},{'R3'},{'D2'},{'D6'},{'D3'},{'D5'},{'D7'},&,4.0,&
{'R1'},{'R2'},{'D1'},{'D4'},{'R3'},{'D2'},{'D6'},{'D5'},{'D7'},{'D3'},&,1.0,&
{'R1'},{'R2'},{'D1'},{'D4'},{'R3'},{'D2'},{'D6'},{'D5'},{'D3'},{'D7'},&,8.0,&
{'R1'},{'R2'},{'D1'},{'D4'},{'R3'},{'D2'},{'D3'},{'D6'},{'D5'},{'D7'},&,1.0,&
{'R1'},{'R2'},{'D1'},{'R3'},{'D2'},{'D6'},{'D4'},{'D3'},{'D5'},{'D7'},&,1.0,&
{'R1'},{'R2'},{'D1'},{'R3'},{'D2'},{'D6'},{'D4'},{'D5'},{'D7'},{'D3'},&,1.0,&
{'R1'},{'R2'},{'D1'},{'R3'},{'D2'},{'D6'},{'D4'},{'D5'},{'D3'},{'D7'},&,2.0,&
{'R1'},{'R2'},{'D1'},{'R3'},{'D2'},{'D4'},{'D6'},{'D7'},{'D3'},{'D5'},&,1.0,&
{'R1'},{'R2'},{'D1'},{'R3'},{'D2'},{'D4'},{'D6'},{'D3'},{'D7'},{'D5'},&,1.0,&
{'R1'},{'R2'},{'D1'},{'R3'},{'D2'},{'D4'},{'D6'},{'D3'},{'D5'},{'D7'},&,8.0,&
{'R1'},{'R2'},{'D1'},{'R3'},{'D2'},{'D4'},{'D6'},{'D5'},{'D3'},{'D7'},&,6.0,&
{'R1'},{'R2'},{'D1'},{'R3'},{'D2'},{'D4'},{'D5'},{'D6'},{'D3'},{'D7'},&,2.0,&
{'R1'},{'R2'},{'D1'},{'R3'},{'D6'},{'D4'},{'D2'},{'D7'},{'D3'},{'D5'},&,1.0,&
{'R1'},{'R2'},{'D1'},{'R3'},{'D6'},{'D4'},{'D2'},{'D7'},{'D5'},{'D3'},&,1.0,&
{'R1'},{'R2'},{'D1'},{'R3'},{'D6'},{'D4'},{'D2'},{'D3'},{'D7'},{'D5'},&,1.0,&
{'R1'},{'R2'},{'D1'},{'R3'},{'D6'},{'D4'},{'D2'},{'D3'},{'D5'},{'D7'},&,3.0,&
{'R1'},{'R2'},{'D1'},{'R3'},{'D6'},{'D4'},{'D2'},{'D5'},{'D3'},{'D7'},&,7.0,&
{'R1'},{'R2'},{'D1'},{'R3'},{'D6'},{'D4'},{'D7'},{'D2'},{'D3'},{'D5'},&,1.0,&
{'R1'},{'R2'},{'D1'},{'R3'},{'D6'},{'D2'},{'D4'},{'D7'},{'D3'},{'D5'},&,2.0,&
{'R1'},{'R2'},{'D1'},{'R3'},{'D4'},{'D6'},{'D2'},{'D7'},{'D3'},{'D5'},&,2.0,&
{'R1'},{'R2'},{'D1'},{'R3'},{'D4'},{'D6'},{'D2'},{'D7'},{'D5'},{'D3'},&,2.0,&
{'R1'},{'R2'},{'D1'},{'R3'},{'D4'},{'D6'},{'D2'},{'D3'},{'D7'},{'D5'},&,5.0,&
{'R1'},{'R2'},{'D1'},{'R3'},{'D4'},{'D6'},{'D2'},{'D3'},{'D5'},{'D7'},&,31.0,&
{'R1'},{'R2'},{'D1'},{'R3'},{'D4'},{'D6'},{'D2'},{'D5'},{'D7'},{'D3'},&,5.0,&
{'R1'},{'R2'},{'D1'},{'R3'},{'D4'},{'D6'},{'D2'},{'D5'},{'D3'},{'D7'},&,28.0,&
{'R1'},{'R2'},{'D1'},{'R3'},{'D4'},{'D6'},{'D3'},{'D2'},{'D5'},{'D7'},&,1.0,&
{'R1'},{'R2'},{'D1'},{'R3'},{'D4'},{'D6'},{'D5'},{'D2'},{'D3'},{'D7'},&,3.0,&
{'R1'},{'R2'},{'D1'},{'R3'},{'D4'},{'D2'},{'D6'},{'D7'},{'D3'},{'D5'},&,4.0,&
{'R1'},{'R2'},{'D1'},{'R3'},{'D4'},{'D2'},{'D6'},{'D7'},{'D5'},{'D3'},&,2.0,&
{'R1'},{'R2'},{'D1'},{'R3'},{'D4'},{'D2'},{'D6'},{'D3'},{'D7'},{'D5'},&,2.0,&
{'R1'},{'R2'},{'D1'},{'R3'},{'D4'},{'D2'},{'D6'},{'D3'},{'D5'},{'D7'},&,23.0,&
{'R1'},{'R2'},{'D1'},{'R3'},{'D4'},{'D2'},{'D6'},{'D5'},{'D7'},{'D3'},&,6.0,&
{'R1'},{'R2'},{'D1'},{'R3'},{'D4'},{'D2'},{'D6'},{'D5'},{'D3'},{'D7'},&,31.0,&
{'R1'},{'R2'},{'D1'},{'R3'},{'D4'},{'D2'},{'D3'},{'D6'},{'D5'},{'D7'},&,2.0,&
{'R1'},{'R2'},{'D1'},{'R3'},{'D4'},{'D2'},{'D5'},{'D6'},{'D3'},{'D7'},&,1.0,&
{'R1'},{'R2'},{'D1'},{'R3'},{'D4'},{'D3'},{'D2'},{'D6'},{'D5'},{'D7'},&,2.0,&
{'R1'},{'R2'},{'D1'},{'R3'},{'D4'},{'D3'},{'D6'},{'D2'},{'D5'},{'D7'},&,1.0,&
{'R1'},{'R2'},{'D1'},{'R3'},{'D5'},{'D4'},{'D2'},{'D6'},{'D3'},{'D7'},&,1.0,&
{'R1'},{'R2'},{'D7'},{'R3'},{'D2'},{'D1'},{'D4'},{'D6'},{'D3'},{'D5'},&,1.0,&
{'R1'},{'R2'},{'D7'},{'R3'},{'D4'},{'D1'},{'D6'},{'D2'},{'D3'},{'D5'},&,1.0,&
{'R1'},{'R2'},{'D2'},{'D1'},{'R3'},{'D4'},{'D6'},{'D3'},{'D5'},{'D7'},&,1.0,&
{'R1'},{'R2'},{'D2'},{'D1'},{'R3'},{'D4'},{'D6'},{'D5'},{'D3'},{'D7'},&,1.0,&
{'R1'},{'R2'},{'D2'},{'R3'},{'D1'},{'D6'},{'D4'},{'D5'},{'D3'},{'D7'},&,1.0,&
{'R1'},{'R2'},{'D2'},{'R3'},{'D1'},{'D4'},{'D6'},{'D7'},{'D3'},{'D5'},&,1.0,&
{'R1'},{'R2'},{'D2'},{'R3'},{'D1'},{'D4'},{'D6'},{'D3'},{'D7'},{'D5'},&,1.0,&
{'R1'},{'R2'},{'D2'},{'R3'},{'D1'},{'D4'},{'D6'},{'D3'},{'D5'},{'D7'},&,4.0,&
{'R1'},{'R2'},{'D2'},{'R3'},{'D1'},{'D4'},{'D6'},{'D5'},{'D3'},{'D7'},&,3.0,&
{'R1'},{'R2'},{'D2'},{'R3'},{'D4'},{'D1'},{'D6'},{'D5'},{'D7'},{'D3'},&,1.0,&
{'R1'},{'R2'},{'D2'},{'R3'},{'D4'},{'D1'},{'D6'},{'D5'},{'D3'},{'D7'},&,4.0,&
{'R1'},{'R2'},{'D2'},{'R3'},{'D4'},{'D1'},{'D3'},{'D6'},{'D5'},{'D7'},&,1.0,&
{'R1'},{'R2'},{'R3'},{'D1'},{'D2'},{'D6'},{'D4'},{'D7'},{'D3'},{'D5'},&,1.0,&
{'R1'},{'R2'},{'R3'},{'D1'},{'D2'},{'D6'},{'D4'},{'D7'},{'D5'},{'D3'},&,1.0,&
{'R1'},{'R2'},{'R3'},{'D1'},{'D2'},{'D6'},{'D4'},{'D3'},{'D5'},{'D7'},&,6.0,&
{'R1'},{'R2'},{'R3'},{'D1'},{'D2'},{'D6'},{'D4'},{'D5'},{'D3'},{'D7'},&,1.0,&
{'R1'},{'R2'},{'R3'},{'D1'},{'D2'},{'D4'},{'D6'},{'D7'},{'D3'},{'D5'},&,2.0,&
{'R1'},{'R2'},{'R3'},{'D1'},{'D2'},{'D4'},{'D6'},{'D7'},{'D5'},{'D3'},&,5.0,&
{'R1'},{'R2'},{'R3'},{'D1'},{'D2'},{'D4'},{'D6'},{'D3'},{'D7'},{'D5'},&,1.0,&
{'R1'},{'R2'},{'R3'},{'D1'},{'D2'},{'D4'},{'D6'},{'D3'},{'D5'},{'D7'},&,29.0,&
{'R1'},{'R2'},{'R3'},{'D1'},{'D2'},{'D4'},{'D6'},{'D5'},{'D7'},{'D3'},&,3.0,&
{'R1'},{'R2'},{'R3'},{'D1'},{'D2'},{'D4'},{'D6'},{'D5'},{'D3'},{'D7'},&,30.0,&
{'R1'},{'R2'},{'R3'},{'D1'},{'D2'},{'D4'},{'D3'},{'D6'},{'D5'},{'D7'},&,2.0,&
{'R1'},{'R2'},{'R3'},{'D1'},{'D2'},{'D4'},{'D5'},{'D6'},{'D3'},{'D7'},&,1.0,&
{'R1'},{'R2'},{'R3'},{'D1'},{'D3'},{'D4'},{'D6'},{'D2'},{'D5'},{'D7'},&,1.0,&
{'R1'},{'R2'},{'R3'},{'D1'},{'D6'},{'D4'},{'D2'},{'D7'},{'D3'},{'D5'},&,2.0,&
{'R1'},{'R2'},{'R3'},{'D1'},{'D6'},{'D4'},{'D2'},{'D7'},{'D5'},{'D3'},&,2.0,&
{'R1'},{'R2'},{'R3'},{'D1'},{'D6'},{'D4'},{'D2'},{'D3'},{'D7'},{'D5'},&,3.0,&
{'R1'},{'R2'},{'R3'},{'D1'},{'D6'},{'D4'},{'D2'},{'D3'},{'D5'},{'D7'},&,25.0,&
{'R1'},{'R2'},{'R3'},{'D1'},{'D6'},{'D4'},{'D2'},{'D5'},{'D7'},{'D3'},&,6.0,&
{'R1'},{'R2'},{'R3'},{'D1'},{'D6'},{'D4'},{'D2'},{'D5'},{'D3'},{'D7'},&,30.0,&
{'R1'},{'R2'},{'R3'},{'D1'},{'D6'},{'D4'},{'D3'},{'D2'},{'D5'},{'D7'},&,2.0,&
{'R1'},{'R2'},{'R3'},{'D1'},{'D6'},{'D2'},{'D4'},{'D3'},{'D5'},{'D7'},&,2.0,&
{'R1'},{'R2'},{'R3'},{'D1'},{'D6'},{'D2'},{'D4'},{'D5'},{'D7'},{'D3'},&,4.0,&
{'R1'},{'R2'},{'R3'},{'D1'},{'D6'},{'D2'},{'D4'},{'D5'},{'D3'},{'D7'},&,2.0,&
{'R1'},{'R2'},{'R3'},{'D1'},{'D6'},{'D5'},{'D4'},{'D2'},{'D3'},{'D7'},&,1.0,&
{'R1'},{'R2'},{'R3'},{'D1'},{'D6'},{'D3'},{'D4'},{'D2'},{'D5'},{'D7'},&,1.0,&
{'R1'},{'R2'},{'R3'},{'D1'},{'D4'},{'D6'},{'D2'},{'D7'},{'D3'},{'D5'},&,11.0,&
{'R1'},{'R2'},{'R3'},{'D1'},{'D4'},{'D6'},{'D2'},{'D7'},{'D5'},{'D3'},&,10.0,&
{'R1'},{'R2'},{'R3'},{'D1'},{'D4'},{'D6'},{'D2'},{'D3'},{'D7'},{'D5'},&,9.0,&
{'R1'},{'R2'},{'R3'},{'D1'},{'D4'},{'D6'},{'D2'},{'D3'},{'D5'},{'D7'},&,94.0,&
{'R1'},{'R2'},{'R3'},{'D1'},{'D4'},{'D6'},{'D2'},{'D5'},{'D7'},{'D3'},&,15.0,&
{'R1'},{'R2'},{'R3'},{'D1'},{'D4'},{'D6'},{'D2'},{'D5'},{'D3'},{'D7'},&,120.0,&
{'R1'},{'R2'},{'R3'},{'D1'},{'D4'},{'D6'},{'D7'},{'D2'},{'D3'},{'D5'},&,1.0,&
{'R1'},{'R2'},{'R3'},{'D1'},{'D4'},{'D6'},{'D3'},{'D2'},{'D7'},{'D5'},&,1.0,&
{'R1'},{'R2'},{'R3'},{'D1'},{'D4'},{'D6'},{'D3'},{'D2'},{'D5'},{'D7'},&,7.0,&
{'R1'},{'R2'},{'R3'},{'D1'},{'D4'},{'D6'},{'D5'},{'D2'},{'D3'},{'D7'},&,7.0,&
{'R1'},{'R2'},{'R3'},{'D1'},{'D4'},{'D7'},{'D2'},{'D6'},{'D5'},{'D3'},&,1.0,&
{'R1'},{'R2'},{'R3'},{'D1'},{'D4'},{'D7'},{'D6'},{'D2'},{'D3'},{'D5'},&,1.0,&
{'R1'},{'R2'},{'R3'},{'D1'},{'D4'},{'D2'},{'D6'},{'D7'},{'D3'},{'D5'},&,7.0,&
{'R1'},{'R2'},{'R3'},{'D1'},{'D4'},{'D2'},{'D6'},{'D7'},{'D5'},{'D3'},&,3.0,&
{'R1'},{'R2'},{'R3'},{'D1'},{'D4'},{'D2'},{'D6'},{'D3'},{'D7'},{'D5'},&,10.0,&
{'R1'},{'R2'},{'R3'},{'D1'},{'D4'},{'D2'},{'D6'},{'D3'},{'D5'},{'D7'},&,90.0,&
{'R1'},{'R2'},{'R3'},{'D1'},{'D4'},{'D2'},{'D6'},{'D5'},{'D7'},{'D3'},&,21.0,&
{'R1'},{'R2'},{'R3'},{'D1'},{'D4'},{'D2'},{'D6'},{'D5'},{'D3'},{'D7'},&,115.0,&
{'R1'},{'R2'},{'R3'},{'D1'},{'D4'},{'D2'},{'D3'},{'D6'},{'D7'},{'D5'},&,2.0,&
{'R1'},{'R2'},{'R3'},{'D1'},{'D4'},{'D2'},{'D3'},{'D6'},{'D5'},{'D7'},&,11.0,&
{'R1'},{'R2'},{'R3'},{'D1'},{'D4'},{'D2'},{'D5'},{'D6'},{'D7'},{'D3'},&,1.0,&
{'R1'},{'R2'},{'R3'},{'D1'},{'D4'},{'D2'},{'D5'},{'D6'},{'D3'},{'D7'},&,6.0,&
{'R1'},{'R2'},{'R3'},{'D1'},{'D4'},{'D5'},{'D2'},{'D6'},{'D7'},{'D3'},&,2.0,&
{'R1'},{'R2'},{'R3'},{'D1'},{'D4'},{'D5'},{'D2'},{'D6'},{'D3'},{'D7'},&,4.0,&
{'R1'},{'R2'},{'R3'},{'D1'},{'D4'},{'D3'},{'D2'},{'D6'},{'D5'},{'D7'},&,3.0,&
{'R1'},{'R2'},{'R3'},{'D1'},{'D4'},{'D3'},{'D6'},{'D2'},{'D7'},{'D5'},&,1.0,&
{'R1'},{'R2'},{'R3'},{'D1'},{'D4'},{'D3'},{'D6'},{'D2'},{'D5'},{'D7'},&,2.0,&
{'R1'},{'R2'},{'R3'},{'D1'},{'D4'},{'D3'},{'D6'},{'D5'},{'D2'},{'D7'},&,1.0,&
{'R1'},{'R2'},{'R3'},{'D1'},{'D5'},{'D6'},{'D4'},{'D2'},{'D3'},{'D7'},&,1.0,&
{'R1'},{'R2'},{'R3'},{'D1'},{'D5'},{'D4'},{'D2'},{'D3'},{'D6'},{'D7'},&,1.0,&
{'R1'},{'R2'},{'R3'},{'D1'},{'D5'},{'D4'},{'D6'},{'D2'},{'D3'},{'D7'},&,2.0,&
{'R1'},{'R2'},{'R3'},{'D2'},{'D1'},{'D6'},{'D4'},{'D3'},{'D5'},{'D7'},&,1.0,&
{'R1'},{'R2'},{'R3'},{'D2'},{'D1'},{'D6'},{'D4'},{'D5'},{'D7'},{'D3'},&,1.0,&
{'R1'},{'R2'},{'R3'},{'D2'},{'D1'},{'D6'},{'D4'},{'D5'},{'D3'},{'D7'},&,4.0,&
{'R1'},{'R2'},{'R3'},{'D2'},{'D1'},{'D4'},{'D6'},{'D3'},{'D7'},{'D5'},&,1.0,&
{'R1'},{'R2'},{'R3'},{'D2'},{'D1'},{'D4'},{'D6'},{'D3'},{'D5'},{'D7'},&,9.0,&
{'R1'},{'R2'},{'R3'},{'D2'},{'D1'},{'D4'},{'D6'},{'D5'},{'D7'},{'D3'},&,1.0,&
{'R1'},{'R2'},{'R3'},{'D2'},{'D1'},{'D4'},{'D6'},{'D5'},{'D3'},{'D7'},&,10.0,&
{'R1'},{'R2'},{'R3'},{'D2'},{'D6'},{'D1'},{'D4'},{'D3'},{'D5'},{'D7'},&,1.0,&
{'R1'},{'R2'},{'R3'},{'D2'},{'D6'},{'D1'},{'D4'},{'D5'},{'D7'},{'D3'},&,1.0,&
{'R1'},{'R2'},{'R3'},{'D2'},{'D4'},{'D6'},{'D1'},{'D3'},{'D5'},{'D7'},&,1.0,&
{'R1'},{'R2'},{'R3'},{'D2'},{'D4'},{'D6'},{'D1'},{'D5'},{'D3'},{'D7'},&,1.0,&
{'R1'},{'R2'},{'R3'},{'D2'},{'D4'},{'D1'},{'D6'},{'D7'},{'D5'},{'D3'},&,1.0,&
{'R1'},{'R2'},{'R3'},{'D2'},{'D4'},{'D1'},{'D6'},{'D3'},{'D7'},{'D5'},&,1.0,&
{'R1'},{'R2'},{'R3'},{'D2'},{'D4'},{'D1'},{'D6'},{'D3'},{'D5'},{'D7'},&,3.0,&
{'R1'},{'R2'},{'R3'},{'D2'},{'D4'},{'D1'},{'D6'},{'D5'},{'D3'},{'D7'},&,5.0,&
{'R1'},{'R2'},{'R3'},{'D3'},{'D1'},{'D4'},{'D6'},{'D2'},{'D5'},{'D7'},&,1.0,&
{'R1'},{'R2'},{'R3'},{'D3'},{'D4'},{'D6'},{'D5'},{'D1'},{'D2'},{'D7'},&,1.0,&
{'R1'},{'R2'},{'R3'},{'D5'},{'D1'},{'D4'},{'D6'},{'D2'},{'D3'},{'D7'},&,1.0,&
{'R1'},{'R2'},{'R3'},{'D5'},{'D4'},{'D6'},{'D1'},{'D2'},{'D3'},{'D7'},&,1.0,&
{'R1'},{'R2'},{'R3'},{'D5'},{'D4'},{'D2'},{'D1'},{'D6'},{'D3'},{'D7'},&,1.0,&
{'R1'},{'R2'},{'R3'},{'D6'},{'D1'},{'D4'},{'D2'},{'D3'},{'D7'},{'D5'},&,1.0,&
{'R1'},{'R2'},{'R3'},{'D6'},{'D1'},{'D4'},{'D2'},{'D3'},{'D5'},{'D7'},&,12.0,&
{'R1'},{'R2'},{'R3'},{'D6'},{'D1'},{'D4'},{'D2'},{'D5'},{'D3'},{'D7'},&,12.0,&
{'R1'},{'R2'},{'R3'},{'D6'},{'D1'},{'D2'},{'D4'},{'D3'},{'D5'},{'D7'},&,4.0,&
{'R1'},{'R2'},{'R3'},{'D6'},{'D1'},{'D2'},{'D4'},{'D5'},{'D3'},{'D7'},&,2.0,&
{'R1'},{'R2'},{'R3'},{'D6'},{'D2'},{'D1'},{'D4'},{'D5'},{'D3'},{'D7'},&,1.0,&
{'R1'},{'R2'},{'R3'},{'D6'},{'D3'},{'D1'},{'D4'},{'D2'},{'D5'},{'D7'},&,1.0,&
{'R1'},{'R2'},{'R3'},{'D6'},{'D4'},{'D1'},{'D2'},{'D3'},{'D7'},{'D5'},&,1.0,&
{'R1'},{'R2'},{'R3'},{'D6'},{'D4'},{'D1'},{'D2'},{'D3'},{'D5'},{'D7'},&,3.0,&
{'R1'},{'R2'},{'R3'},{'D6'},{'D4'},{'D1'},{'D2'},{'D5'},{'D7'},{'D3'},&,4.0,&
{'R1'},{'R2'},{'R3'},{'D6'},{'D4'},{'D1'},{'D2'},{'D5'},{'D3'},{'D7'},&,6.0,&
{'R1'},{'R2'},{'R3'},{'D6'},{'D4'},{'D2'},{'D1'},{'D3'},{'D5'},{'D7'},&,1.0,&
{'R1'},{'R2'},{'R3'},{'D4'},{'D1'},{'D6'},{'D2'},{'D7'},{'D3'},{'D5'},&,2.0,&
{'R1'},{'R2'},{'R3'},{'D4'},{'D1'},{'D6'},{'D2'},{'D7'},{'D5'},{'D3'},&,7.0,&
{'R1'},{'R2'},{'R3'},{'D4'},{'D1'},{'D6'},{'D2'},{'D3'},{'D7'},{'D5'},&,8.0,&
{'R1'},{'R2'},{'R3'},{'D4'},{'D1'},{'D6'},{'D2'},{'D3'},{'D5'},{'D7'},&,56.0,&
{'R1'},{'R2'},{'R3'},{'D4'},{'D1'},{'D6'},{'D2'},{'D5'},{'D7'},{'D3'},&,10.0,&
{'R1'},{'R2'},{'R3'},{'D4'},{'D1'},{'D6'},{'D2'},{'D5'},{'D3'},{'D7'},&,60.0,&
{'R1'},{'R2'},{'R3'},{'D4'},{'D1'},{'D6'},{'D7'},{'D2'},{'D3'},{'D5'},&,1.0,&
{'R1'},{'R2'},{'R3'},{'D4'},{'D1'},{'D6'},{'D3'},{'D2'},{'D7'},{'D5'},&,1.0,&
{'R1'},{'R2'},{'R3'},{'D4'},{'D1'},{'D6'},{'D3'},{'D2'},{'D5'},{'D7'},&,2.0,&
{'R1'},{'R2'},{'R3'},{'D4'},{'D1'},{'D6'},{'D5'},{'D2'},{'D3'},{'D7'},&,4.0,&
{'R1'},{'R2'},{'R3'},{'D4'},{'D1'},{'D6'},{'D5'},{'D3'},{'D2'},{'D7'},&,1.0,&
{'R1'},{'R2'},{'R3'},{'D4'},{'D1'},{'D7'},{'D6'},{'D2'},{'D3'},{'D5'},&,1.0,&
{'R1'},{'R2'},{'R3'},{'D4'},{'D1'},{'D7'},{'D6'},{'D2'},{'D5'},{'D3'},&,1.0,&
{'R1'},{'R2'},{'R3'},{'D4'},{'D1'},{'D2'},{'D6'},{'D7'},{'D3'},{'D5'},&,4.0,&
{'R1'},{'R2'},{'R3'},{'D4'},{'D1'},{'D2'},{'D6'},{'D7'},{'D5'},{'D3'},&,7.0,&
{'R1'},{'R2'},{'R3'},{'D4'},{'D1'},{'D2'},{'D6'},{'D3'},{'D7'},{'D5'},&,2.0,&
{'R1'},{'R2'},{'R3'},{'D4'},{'D1'},{'D2'},{'D6'},{'D3'},{'D5'},{'D7'},&,41.0,&
{'R1'},{'R2'},{'R3'},{'D4'},{'D1'},{'D2'},{'D6'},{'D5'},{'D7'},{'D3'},&,6.0,&
{'R1'},{'R2'},{'R3'},{'D4'},{'D1'},{'D2'},{'D6'},{'D5'},{'D3'},{'D7'},&,51.0,&
{'R1'},{'R2'},{'R3'},{'D4'},{'D1'},{'D2'},{'D3'},{'D6'},{'D7'},{'D5'},&,1.0,&
{'R1'},{'R2'},{'R3'},{'D4'},{'D1'},{'D2'},{'D3'},{'D6'},{'D5'},{'D7'},&,4.0,&
{'R1'},{'R2'},{'R3'},{'D4'},{'D1'},{'D2'},{'D5'},{'D6'},{'D7'},{'D3'},&,1.0,&
{'R1'},{'R2'},{'R3'},{'D4'},{'D1'},{'D2'},{'D5'},{'D6'},{'D3'},{'D7'},&,3.0,&
{'R1'},{'R2'},{'R3'},{'D4'},{'D1'},{'D5'},{'D2'},{'D3'},{'D6'},{'D7'},&,1.0,&
{'R1'},{'R2'},{'R3'},{'D4'},{'D1'},{'D5'},{'D2'},{'D6'},{'D3'},{'D7'},&,1.0,&
{'R1'},{'R2'},{'R3'},{'D4'},{'D1'},{'D5'},{'D6'},{'D2'},{'D7'},{'D3'},&,1.0,&
{'R1'},{'R2'},{'R3'},{'D4'},{'D1'},{'D5'},{'D6'},{'D3'},{'D2'},{'D7'},&,1.0,&
{'R1'},{'R2'},{'R3'},{'D4'},{'D1'},{'D3'},{'D6'},{'D2'},{'D5'},{'D7'},&,2.0,&
{'R1'},{'R2'},{'R3'},{'D4'},{'D2'},{'D1'},{'D6'},{'D7'},{'D3'},{'D5'},&,1.0,&
{'R1'},{'R2'},{'R3'},{'D4'},{'D2'},{'D1'},{'D6'},{'D7'},{'D5'},{'D3'},&,1.0,&
{'R1'},{'R2'},{'R3'},{'D4'},{'D2'},{'D1'},{'D6'},{'D3'},{'D5'},{'D7'},&,7.0,&
{'R1'},{'R2'},{'R3'},{'D4'},{'D2'},{'D1'},{'D6'},{'D5'},{'D3'},{'D7'},&,9.0,&
{'R1'},{'R2'},{'R3'},{'D4'},{'D2'},{'D1'},{'D3'},{'D6'},{'D5'},{'D7'},&,2.0,&
{'R1'},{'R2'},{'R3'},{'D4'},{'D3'},{'D1'},{'D2'},{'D6'},{'D5'},{'D7'},&,1.0,&
{'R1'},{'R2'},{'R3'},{'D4'},{'D6'},{'D1'},{'D2'},{'D7'},{'D5'},{'D3'},&,1.0,&
{'R1'},{'R2'},{'R3'},{'D4'},{'D6'},{'D1'},{'D2'},{'D3'},{'D5'},{'D7'},&,10.0,&
{'R1'},{'R2'},{'R3'},{'D4'},{'D6'},{'D1'},{'D2'},{'D5'},{'D3'},{'D7'},&,3.0,&
{'R1'},{'R2'},{'R3'},{'D4'},{'D6'},{'D2'},{'D1'},{'D5'},{'D3'},{'D7'},&,2.0,&
{'R2'},{'D3'},{'R3'},{'R1'},{'D1'},{'D4'},{'D2'},{'D6'},{'D5'},{'D7'},&,1.0,&
{'R2'},{'D5'},{'D1'},{'R3'},{'D4'},{'D6'},{'D2'},{'R1'},{'D3'},{'D7'},&,1.0,&
{'R2'},{'D5'},{'R3'},{'R1'},{'D1'},{'D4'},{'D2'},{'D6'},{'D3'},{'D7'},&,1.0,&
{'R2'},{'D5'},{'R3'},{'R1'},{'D4'},{'D1'},{'D6'},{'D2'},{'D3'},{'D7'},&,1.0,&
{'R2'},{'D1'},{'D4'},{'D2'},{'R3'},{'R1'},{'D6'},{'D3'},{'D5'},{'D7'},&,1.0,&
{'R2'},{'D1'},{'D4'},{'D2'},{'R3'},{'R1'},{'D6'},{'D5'},{'D3'},{'D7'},&,1.0,&
{'R2'},{'D1'},{'D4'},{'D2'},{'R1'},{'R3'},{'D6'},{'D3'},{'D7'},{'D5'},&,1.0,&
{'R2'},{'D1'},{'D4'},{'R1'},{'D6'},{'D2'},{'R3'},{'D3'},{'D5'},{'D7'},&,2.0,&
{'R2'},{'D1'},{'D4'},{'R1'},{'D6'},{'R3'},{'D2'},{'D5'},{'D3'},{'D7'},&,1.0,&
{'R2'},{'D1'},{'D4'},{'R1'},{'R3'},{'D6'},{'D2'},{'D5'},{'D7'},{'D3'},&,2.0,&
{'R2'},{'D1'},{'D4'},{'R1'},{'R3'},{'D6'},{'D2'},{'D5'},{'D3'},{'D7'},&,2.0,&
{'R2'},{'D1'},{'D4'},{'R1'},{'R3'},{'D2'},{'D6'},{'D5'},{'D3'},{'D7'},&,1.0,&
{'R2'},{'D1'},{'D4'},{'D6'},{'R1'},{'R3'},{'D5'},{'D2'},{'D3'},{'D7'},&,1.0,&
{'R2'},{'D1'},{'D4'},{'R3'},{'D2'},{'R1'},{'D6'},{'D5'},{'D3'},{'D7'},&,1.0,&
{'R2'},{'D1'},{'D4'},{'R3'},{'D6'},{'D2'},{'R1'},{'D7'},{'D5'},{'D3'},&,1.0,&
{'R2'},{'D1'},{'D4'},{'R3'},{'D6'},{'D2'},{'R1'},{'D5'},{'D7'},{'D3'},&,1.0,&
{'R2'},{'D1'},{'D4'},{'R3'},{'D6'},{'D2'},{'D5'},{'R1'},{'D3'},{'D7'},&,1.0,&
{'R2'},{'D1'},{'D4'},{'R3'},{'D6'},{'R1'},{'D2'},{'D5'},{'D3'},{'D7'},&,4.0,&
{'R2'},{'D1'},{'D4'},{'R3'},{'R1'},{'D6'},{'D2'},{'D3'},{'D5'},{'D7'},&,5.0,&
{'R2'},{'D1'},{'D4'},{'R3'},{'R1'},{'D6'},{'D2'},{'D5'},{'D7'},{'D3'},&,1.0,&
{'R2'},{'D1'},{'D4'},{'R3'},{'R1'},{'D6'},{'D2'},{'D5'},{'D3'},{'D7'},&,9.0,&
{'R2'},{'D1'},{'D4'},{'R3'},{'R1'},{'D2'},{'D6'},{'D7'},{'D3'},{'D5'},&,1.0,&
{'R2'},{'D1'},{'D4'},{'R3'},{'R1'},{'D2'},{'D6'},{'D3'},{'D5'},{'D7'},&,5.0,&
{'R2'},{'D1'},{'D4'},{'R3'},{'R1'},{'D2'},{'D6'},{'D5'},{'D7'},{'D3'},&,2.0,&
{'R2'},{'D1'},{'D4'},{'R3'},{'R1'},{'D2'},{'D6'},{'D5'},{'D3'},{'D7'},&,9.0,&
{'R2'},{'D1'},{'D4'},{'R3'},{'R1'},{'D2'},{'D3'},{'D6'},{'D5'},{'D7'},&,2.0,&
{'R2'},{'D1'},{'D4'},{'R3'},{'R1'},{'D3'},{'D2'},{'D6'},{'D7'},{'D5'},&,1.0,&
{'R2'},{'D1'},{'D6'},{'R1'},{'R3'},{'D2'},{'D4'},{'D5'},{'D3'},{'D7'},&,1.0,&
{'R2'},{'D1'},{'D6'},{'D4'},{'R1'},{'D2'},{'R3'},{'D5'},{'D3'},{'D7'},&,1.0,&
{'R2'},{'D1'},{'D6'},{'R3'},{'D4'},{'R1'},{'D2'},{'D3'},{'D5'},{'D7'},&,2.0,&
{'R2'},{'D1'},{'D6'},{'R3'},{'R1'},{'D4'},{'D2'},{'D3'},{'D5'},{'D7'},&,1.0,&
{'R2'},{'D1'},{'D6'},{'R3'},{'R1'},{'D4'},{'D2'},{'D5'},{'D3'},{'D7'},&,1.0,&
{'R2'},{'D1'},{'D2'},{'D4'},{'R1'},{'R3'},{'D6'},{'D3'},{'D5'},{'D7'},&,1.0,&
{'R2'},{'D1'},{'D2'},{'R3'},{'D4'},{'D6'},{'D5'},{'R1'},{'D3'},{'D7'},&,1.0,&
{'R2'},{'D1'},{'D2'},{'R3'},{'R1'},{'D4'},{'D6'},{'D3'},{'D5'},{'D7'},&,1.0,&
{'R2'},{'D1'},{'D2'},{'R3'},{'R1'},{'D4'},{'D6'},{'D5'},{'D7'},{'D3'},&,1.0,&
{'R2'},{'D1'},{'D2'},{'R3'},{'R1'},{'D4'},{'D6'},{'D5'},{'D3'},{'D7'},&,1.0,&
{'R2'},{'D1'},{'R3'},{'D2'},{'D4'},{'D6'},{'R1'},{'D5'},{'D7'},{'D3'},&,1.0,&
{'R2'},{'D1'},{'R3'},{'D2'},{'D4'},{'R1'},{'D6'},{'D3'},{'D7'},{'D5'},&,1.0,&
{'R2'},{'D1'},{'R3'},{'D2'},{'D4'},{'R1'},{'D6'},{'D3'},{'D5'},{'D7'},&,2.0,&
{'R2'},{'D1'},{'R3'},{'D2'},{'D4'},{'R1'},{'D6'},{'D5'},{'D3'},{'D7'},&,1.0,&
{'R2'},{'D1'},{'R3'},{'D2'},{'R1'},{'D6'},{'D4'},{'D5'},{'D3'},{'D7'},&,1.0,&
{'R2'},{'D1'},{'R3'},{'D2'},{'R1'},{'D4'},{'D6'},{'D7'},{'D5'},{'D3'},&,1.0,&
{'R2'},{'D1'},{'R3'},{'D2'},{'R1'},{'D4'},{'D6'},{'D3'},{'D5'},{'D7'},&,4.0,&
{'R2'},{'D1'},{'R3'},{'D2'},{'R1'},{'D4'},{'D6'},{'D5'},{'D7'},{'D3'},&,2.0,&
{'R2'},{'D1'},{'R3'},{'D2'},{'R1'},{'D4'},{'D6'},{'D5'},{'D3'},{'D7'},&,7.0,&
{'R2'},{'D1'},{'R3'},{'D5'},{'R1'},{'D2'},{'D4'},{'D3'},{'D6'},{'D7'},&,1.0,&
{'R2'},{'D1'},{'R3'},{'R1'},{'D7'},{'D4'},{'D6'},{'D2'},{'D5'},{'D3'},&,1.0,&
{'R2'},{'D1'},{'R3'},{'R1'},{'D2'},{'D6'},{'D4'},{'D3'},{'D5'},{'D7'},&,6.0,&
{'R2'},{'D1'},{'R3'},{'R1'},{'D2'},{'D6'},{'D4'},{'D5'},{'D7'},{'D3'},&,1.0,&
{'R2'},{'D1'},{'R3'},{'R1'},{'D2'},{'D6'},{'D4'},{'D5'},{'D3'},{'D7'},&,6.0,&
{'R2'},{'D1'},{'R3'},{'R1'},{'D2'},{'D4'},{'D6'},{'D7'},{'D3'},{'D5'},&,2.0,&
{'R2'},{'D1'},{'R3'},{'R1'},{'D2'},{'D4'},{'D6'},{'D7'},{'D5'},{'D3'},&,3.0,&
{'R2'},{'D1'},{'R3'},{'R1'},{'D2'},{'D4'},{'D6'},{'D3'},{'D7'},{'D5'},&,1.0,&
{'R2'},{'D1'},{'R3'},{'R1'},{'D2'},{'D4'},{'D6'},{'D3'},{'D5'},{'D7'},&,17.0,&
{'R2'},{'D1'},{'R3'},{'R1'},{'D2'},{'D4'},{'D6'},{'D5'},{'D7'},{'D3'},&,1.0,&
{'R2'},{'D1'},{'R3'},{'R1'},{'D2'},{'D4'},{'D6'},{'D5'},{'D3'},{'D7'},&,33.0,&
{'R2'},{'D1'},{'R3'},{'R1'},{'D2'},{'D4'},{'D3'},{'D6'},{'D5'},{'D7'},&,1.0,&
{'R2'},{'D1'},{'R3'},{'R1'},{'D2'},{'D4'},{'D5'},{'D6'},{'D3'},{'D7'},&,1.0,&
{'R2'},{'D1'},{'R3'},{'R1'},{'D3'},{'D4'},{'D2'},{'D6'},{'D7'},{'D5'},&,1.0,&
{'R2'},{'D1'},{'R3'},{'R1'},{'D3'},{'D4'},{'D6'},{'D2'},{'D5'},{'D7'},&,2.0,&
{'R2'},{'D1'},{'R3'},{'R1'},{'D6'},{'D4'},{'D2'},{'D7'},{'D3'},{'D5'},&,1.0,&
{'R2'},{'D1'},{'R3'},{'R1'},{'D6'},{'D4'},{'D2'},{'D7'},{'D5'},{'D3'},&,3.0,&
{'R2'},{'D1'},{'R3'},{'R1'},{'D6'},{'D4'},{'D2'},{'D3'},{'D7'},{'D5'},&,2.0,&
{'R2'},{'D1'},{'R3'},{'R1'},{'D6'},{'D4'},{'D2'},{'D3'},{'D5'},{'D7'},&,16.0,&
{'R2'},{'D1'},{'R3'},{'R1'},{'D6'},{'D4'},{'D2'},{'D5'},{'D7'},{'D3'},&,1.0,&
{'R2'},{'D1'},{'R3'},{'R1'},{'D6'},{'D4'},{'D2'},{'D5'},{'D3'},{'D7'},&,26.0,&
{'R2'},{'D1'},{'R3'},{'R1'},{'D6'},{'D4'},{'D5'},{'D2'},{'D3'},{'D7'},&,2.0,&
{'R2'},{'D1'},{'R3'},{'R1'},{'D6'},{'D2'},{'D4'},{'D7'},{'D3'},{'D5'},&,1.0,&
{'R2'},{'D1'},{'R3'},{'R1'},{'D6'},{'D2'},{'D4'},{'D7'},{'D5'},{'D3'},&,1.0,&
{'R2'},{'D1'},{'R3'},{'R1'},{'D6'},{'D2'},{'D4'},{'D3'},{'D5'},{'D7'},&,1.0,&
{'R2'},{'D1'},{'R3'},{'R1'},{'D6'},{'D2'},{'D4'},{'D5'},{'D3'},{'D7'},&,5.0,&
{'R2'},{'D1'},{'R3'},{'R1'},{'D4'},{'D6'},{'D2'},{'D7'},{'D3'},{'D5'},&,7.0,&
{'R2'},{'D1'},{'R3'},{'R1'},{'D4'},{'D6'},{'D2'},{'D7'},{'D5'},{'D3'},&,5.0,&
{'R2'},{'D1'},{'R3'},{'R1'},{'D4'},{'D6'},{'D2'},{'D3'},{'D7'},{'D5'},&,7.0,&
{'R2'},{'D1'},{'R3'},{'R1'},{'D4'},{'D6'},{'D2'},{'D3'},{'D5'},{'D7'},&,78.0,&
{'R2'},{'D1'},{'R3'},{'R1'},{'D4'},{'D6'},{'D2'},{'D5'},{'D7'},{'D3'},&,11.0,&
{'R2'},{'D1'},{'R3'},{'R1'},{'D4'},{'D6'},{'D2'},{'D5'},{'D3'},{'D7'},&,102.0,&
{'R2'},{'D1'},{'R3'},{'R1'},{'D4'},{'D6'},{'D7'},{'D2'},{'D3'},{'D5'},&,1.0,&
{'R2'},{'D1'},{'R3'},{'R1'},{'D4'},{'D6'},{'D3'},{'D2'},{'D7'},{'D5'},&,1.0,&
{'R2'},{'D1'},{'R3'},{'R1'},{'D4'},{'D6'},{'D3'},{'D2'},{'D5'},{'D7'},&,5.0,&
{'R2'},{'D1'},{'R3'},{'R1'},{'D4'},{'D6'},{'D3'},{'D5'},{'D2'},{'D7'},&,1.0,&
{'R2'},{'D1'},{'R3'},{'R1'},{'D4'},{'D6'},{'D5'},{'D2'},{'D3'},{'D7'},&,6.0,&
{'R2'},{'D1'},{'R3'},{'R1'},{'D4'},{'D7'},{'D6'},{'D2'},{'D5'},{'D3'},&,1.0,&
{'R2'},{'D1'},{'R3'},{'R1'},{'D4'},{'D2'},{'D6'},{'D7'},{'D3'},{'D5'},&,7.0,&
{'R2'},{'D1'},{'R3'},{'R1'},{'D4'},{'D2'},{'D6'},{'D7'},{'D5'},{'D3'},&,8.0,&
{'R2'},{'D1'},{'R3'},{'R1'},{'D4'},{'D2'},{'D6'},{'D3'},{'D7'},{'D5'},&,11.0,&
{'R2'},{'D1'},{'R3'},{'R1'},{'D4'},{'D2'},{'D6'},{'D3'},{'D5'},{'D7'},&,62.0,&
{'R2'},{'D1'},{'R3'},{'R1'},{'D4'},{'D2'},{'D6'},{'D5'},{'D7'},{'D3'},&,18.0,&
{'R2'},{'D1'},{'R3'},{'R1'},{'D4'},{'D2'},{'D6'},{'D5'},{'D3'},{'D7'},&,107.0,&
{'R2'},{'D1'},{'R3'},{'R1'},{'D4'},{'D2'},{'D3'},{'D6'},{'D7'},{'D5'},&,1.0,&
{'R2'},{'D1'},{'R3'},{'R1'},{'D4'},{'D2'},{'D3'},{'D6'},{'D5'},{'D7'},&,8.0,&
{'R2'},{'D1'},{'R3'},{'R1'},{'D4'},{'D2'},{'D5'},{'D6'},{'D7'},{'D3'},&,3.0,&
{'R2'},{'D1'},{'R3'},{'R1'},{'D4'},{'D2'},{'D5'},{'D6'},{'D3'},{'D7'},&,3.0,&
{'R2'},{'D1'},{'R3'},{'R1'},{'D4'},{'D5'},{'D2'},{'D7'},{'D6'},{'D3'},&,1.0,&
{'R2'},{'D1'},{'R3'},{'R1'},{'D4'},{'D5'},{'D2'},{'D6'},{'D3'},{'D7'},&,2.0,&
{'R2'},{'D1'},{'R3'},{'R1'},{'D4'},{'D5'},{'D6'},{'D2'},{'D3'},{'D7'},&,4.0,&
{'R2'},{'D1'},{'R3'},{'R1'},{'D4'},{'D5'},{'D6'},{'D3'},{'D2'},{'D7'},&,1.0,&
{'R2'},{'D1'},{'R3'},{'R1'},{'D4'},{'D3'},{'D2'},{'D6'},{'D7'},{'D5'},&,1.0,&
{'R2'},{'D1'},{'R3'},{'R1'},{'D4'},{'D3'},{'D2'},{'D6'},{'D5'},{'D7'},&,3.0,&
{'R2'},{'D1'},{'R3'},{'R1'},{'D4'},{'D3'},{'D6'},{'D2'},{'D5'},{'D7'},&,4.0,&
{'R2'},{'D1'},{'R3'},{'R1'},{'D5'},{'D4'},{'D6'},{'D2'},{'D7'},{'D3'},&,1.0,&
{'R2'},{'D1'},{'R3'},{'D6'},{'D4'},{'R1'},{'D2'},{'D3'},{'D5'},{'D7'},&,1.0,&
{'R2'},{'D1'},{'R3'},{'D6'},{'D4'},{'R1'},{'D2'},{'D5'},{'D3'},{'D7'},&,2.0,&
{'R2'},{'D1'},{'R3'},{'D6'},{'R1'},{'D4'},{'D2'},{'D7'},{'D3'},{'D5'},&,1.0,&
{'R2'},{'D1'},{'R3'},{'D6'},{'R1'},{'D4'},{'D2'},{'D3'},{'D5'},{'D7'},&,4.0,&
{'R2'},{'D1'},{'R3'},{'D6'},{'R1'},{'D4'},{'D2'},{'D5'},{'D7'},{'D3'},&,3.0,&
{'R2'},{'D1'},{'R3'},{'D6'},{'R1'},{'D4'},{'D2'},{'D5'},{'D3'},{'D7'},&,6.0,&
{'R2'},{'D1'},{'R3'},{'D6'},{'R1'},{'D4'},{'D3'},{'D2'},{'D5'},{'D7'},&,1.0,&
{'R2'},{'D1'},{'R3'},{'D6'},{'R1'},{'D4'},{'D5'},{'D2'},{'D3'},{'D7'},&,1.0,&
{'R2'},{'D1'},{'R3'},{'D4'},{'D2'},{'D6'},{'R1'},{'D3'},{'D5'},{'D7'},&,1.0,&
{'R2'},{'D1'},{'R3'},{'D4'},{'D2'},{'R1'},{'D6'},{'D3'},{'D7'},{'D5'},&,1.0,&
{'R2'},{'D1'},{'R3'},{'D4'},{'D2'},{'R1'},{'D6'},{'D3'},{'D5'},{'D7'},&,3.0,&
{'R2'},{'D1'},{'R3'},{'D4'},{'D2'},{'R1'},{'D6'},{'D5'},{'D7'},{'D3'},&,2.0,&
{'R2'},{'D1'},{'R3'},{'D4'},{'D2'},{'R1'},{'D6'},{'D5'},{'D3'},{'D7'},&,6.0,&
{'R2'},{'D1'},{'R3'},{'D4'},{'D6'},{'D2'},{'R1'},{'D5'},{'D7'},{'D3'},&,1.0,&
{'R2'},{'D1'},{'R3'},{'D4'},{'D6'},{'D2'},{'R1'},{'D5'},{'D3'},{'D7'},&,1.0,&
{'R2'},{'D1'},{'R3'},{'D4'},{'D6'},{'D3'},{'R1'},{'D2'},{'D5'},{'D7'},&,1.0,&
{'R2'},{'D1'},{'R3'},{'D4'},{'D6'},{'R1'},{'D2'},{'D7'},{'D3'},{'D5'},&,1.0,&
{'R2'},{'D1'},{'R3'},{'D4'},{'D6'},{'R1'},{'D2'},{'D3'},{'D7'},{'D5'},&,3.0,&
{'R2'},{'D1'},{'R3'},{'D4'},{'D6'},{'R1'},{'D2'},{'D3'},{'D5'},{'D7'},&,2.0,&
{'R2'},{'D1'},{'R3'},{'D4'},{'D6'},{'R1'},{'D2'},{'D5'},{'D3'},{'D7'},&,6.0,&
{'R2'},{'D1'},{'R3'},{'D4'},{'R1'},{'D6'},{'D2'},{'D7'},{'D3'},{'D5'},&,2.0,&
{'R2'},{'D1'},{'R3'},{'D4'},{'R1'},{'D6'},{'D2'},{'D7'},{'D5'},{'D3'},&,4.0,&
{'R2'},{'D1'},{'R3'},{'D4'},{'R1'},{'D6'},{'D2'},{'D3'},{'D7'},{'D5'},&,1.0,&
{'R2'},{'D1'},{'R3'},{'D4'},{'R1'},{'D6'},{'D2'},{'D3'},{'D5'},{'D7'},&,19.0,&
{'R2'},{'D1'},{'R3'},{'D4'},{'R1'},{'D6'},{'D2'},{'D5'},{'D7'},{'D3'},&,7.0,&
{'R2'},{'D1'},{'R3'},{'D4'},{'R1'},{'D6'},{'D2'},{'D5'},{'D3'},{'D7'},&,17.0,&
{'R2'},{'D1'},{'R3'},{'D4'},{'R1'},{'D6'},{'D7'},{'D2'},{'D3'},{'D5'},&,1.0,&
{'R2'},{'D1'},{'R3'},{'D4'},{'R1'},{'D6'},{'D3'},{'D2'},{'D5'},{'D7'},&,2.0,&
{'R2'},{'D1'},{'R3'},{'D4'},{'R1'},{'D2'},{'D6'},{'D7'},{'D5'},{'D3'},&,1.0,&
{'R2'},{'D1'},{'R3'},{'D4'},{'R1'},{'D2'},{'D6'},{'D3'},{'D5'},{'D7'},&,16.0,&
{'R2'},{'D1'},{'R3'},{'D4'},{'R1'},{'D2'},{'D6'},{'D5'},{'D3'},{'D7'},&,23.0,&
{'R2'},{'D1'},{'R3'},{'D4'},{'R1'},{'D2'},{'D3'},{'D6'},{'D7'},{'D5'},&,1.0,&
{'R2'},{'D1'},{'R3'},{'D4'},{'R1'},{'D2'},{'D3'},{'D6'},{'D5'},{'D7'},&,1.0,&
{'R2'},{'D1'},{'R3'},{'D4'},{'R1'},{'D2'},{'D3'},{'D5'},{'D6'},{'D7'},&,1.0,&
{'R2'},{'D1'},{'R3'},{'D4'},{'R1'},{'D5'},{'D6'},{'D2'},{'D3'},{'D7'},&,2.0,&
{'R2'},{'D1'},{'R3'},{'D4'},{'R1'},{'D3'},{'D2'},{'D6'},{'D5'},{'D7'},&,1.0,&
{'R2'},{'D1'},{'R1'},{'D2'},{'D6'},{'R3'},{'D4'},{'D3'},{'D5'},{'D7'},&,1.0,&
{'R2'},{'D1'},{'R1'},{'D2'},{'D4'},{'R3'},{'D6'},{'D7'},{'D5'},{'D3'},&,1.0,&
{'R2'},{'D1'},{'R1'},{'D2'},{'R3'},{'D4'},{'D6'},{'D3'},{'D5'},{'D7'},&,1.0,&
{'R2'},{'D1'},{'R1'},{'D2'},{'R3'},{'D4'},{'D6'},{'D5'},{'D3'},{'D7'},&,1.0,&
{'R2'},{'D1'},{'R1'},{'D3'},{'R3'},{'D4'},{'D2'},{'D6'},{'D5'},{'D7'},&,1.0,&
{'R2'},{'D1'},{'R1'},{'D6'},{'D2'},{'D4'},{'R3'},{'D3'},{'D5'},{'D7'},&,1.0,&
{'R2'},{'D1'},{'R1'},{'D6'},{'D4'},{'R3'},{'D2'},{'D5'},{'D3'},{'D7'},&,1.0,&
{'R2'},{'D1'},{'R1'},{'D6'},{'R3'},{'D4'},{'D2'},{'D3'},{'D5'},{'D7'},&,1.0,&
{'R2'},{'D1'},{'R1'},{'D6'},{'R3'},{'D4'},{'D2'},{'D5'},{'D3'},{'D7'},&,2.0,&
{'R2'},{'D1'},{'R1'},{'D6'},{'R3'},{'D2'},{'D4'},{'D5'},{'D3'},{'D7'},&,1.0,&
{'R2'},{'D1'},{'R1'},{'D4'},{'D2'},{'R3'},{'D6'},{'D3'},{'D5'},{'D7'},&,1.0,&
{'R2'},{'D1'},{'R1'},{'D4'},{'D2'},{'R3'},{'D6'},{'D5'},{'D3'},{'D7'},&,1.0,&
{'R2'},{'D1'},{'R1'},{'D4'},{'D6'},{'R3'},{'D2'},{'D7'},{'D5'},{'D3'},&,1.0,&
{'R2'},{'D1'},{'R1'},{'D4'},{'D6'},{'R3'},{'D2'},{'D3'},{'D5'},{'D7'},&,2.0,&
{'R2'},{'D1'},{'R1'},{'D4'},{'D6'},{'R3'},{'D2'},{'D5'},{'D3'},{'D7'},&,1.0,&
{'R2'},{'D1'},{'R1'},{'D4'},{'R3'},{'D6'},{'D2'},{'D3'},{'D5'},{'D7'},&,4.0,&
{'R2'},{'D1'},{'R1'},{'D4'},{'R3'},{'D6'},{'D2'},{'D5'},{'D3'},{'D7'},&,2.0,&
{'R2'},{'D1'},{'R1'},{'D4'},{'R3'},{'D6'},{'D3'},{'D2'},{'D5'},{'D7'},&,1.0,&
{'R2'},{'D1'},{'R1'},{'D4'},{'R3'},{'D6'},{'D5'},{'D2'},{'D7'},{'D3'},&,1.0,&
{'R2'},{'D1'},{'R1'},{'D4'},{'R3'},{'D2'},{'D6'},{'D3'},{'D5'},{'D7'},&,2.0,&
{'R2'},{'D1'},{'R1'},{'D4'},{'R3'},{'D2'},{'D6'},{'D5'},{'D3'},{'D7'},&,3.0,&
{'R2'},{'D1'},{'R1'},{'D4'},{'R3'},{'D5'},{'D2'},{'D6'},{'D3'},{'D7'},&,1.0,&
{'R2'},{'D1'},{'R1'},{'R3'},{'D7'},{'D4'},{'D2'},{'D6'},{'D3'},{'D5'},&,1.0,&
{'R2'},{'D1'},{'R1'},{'R3'},{'D2'},{'D6'},{'D4'},{'D5'},{'D7'},{'D3'},&,1.0,&
{'R2'},{'D1'},{'R1'},{'R3'},{'D2'},{'D4'},{'D6'},{'D3'},{'D5'},{'D7'},&,3.0,&
{'R2'},{'D1'},{'R1'},{'R3'},{'D2'},{'D4'},{'D6'},{'D5'},{'D7'},{'D3'},&,1.0,&
{'R2'},{'D1'},{'R1'},{'R3'},{'D2'},{'D4'},{'D6'},{'D5'},{'D3'},{'D7'},&,1.0,&
{'R2'},{'D1'},{'R1'},{'R3'},{'D6'},{'D4'},{'D2'},{'D3'},{'D5'},{'D7'},&,2.0,&
{'R2'},{'D1'},{'R1'},{'R3'},{'D6'},{'D4'},{'D2'},{'D5'},{'D7'},{'D3'},&,1.0,&
{'R2'},{'D1'},{'R1'},{'R3'},{'D6'},{'D4'},{'D2'},{'D5'},{'D3'},{'D7'},&,3.0,&
{'R2'},{'D1'},{'R1'},{'R3'},{'D6'},{'D4'},{'D3'},{'D2'},{'D5'},{'D7'},&,1.0,&
{'R2'},{'D1'},{'R1'},{'R3'},{'D6'},{'D2'},{'D4'},{'D3'},{'D7'},{'D5'},&,1.0,&
{'R2'},{'D1'},{'R1'},{'R3'},{'D6'},{'D2'},{'D4'},{'D5'},{'D7'},{'D3'},&,2.0,&
{'R2'},{'D1'},{'R1'},{'R3'},{'D4'},{'D6'},{'D2'},{'D7'},{'D3'},{'D5'},&,1.0,&
{'R2'},{'D1'},{'R1'},{'R3'},{'D4'},{'D6'},{'D2'},{'D7'},{'D5'},{'D3'},&,2.0,&
{'R2'},{'D1'},{'R1'},{'R3'},{'D4'},{'D6'},{'D2'},{'D3'},{'D5'},{'D7'},&,13.0,&
{'R2'},{'D1'},{'R1'},{'R3'},{'D4'},{'D6'},{'D2'},{'D5'},{'D7'},{'D3'},&,1.0,&
{'R2'},{'D1'},{'R1'},{'R3'},{'D4'},{'D6'},{'D2'},{'D5'},{'D3'},{'D7'},&,10.0,&
{'R2'},{'D1'},{'R1'},{'R3'},{'D4'},{'D6'},{'D5'},{'D2'},{'D3'},{'D7'},&,2.0,&
{'R2'},{'D1'},{'R1'},{'R3'},{'D4'},{'D2'},{'D6'},{'D7'},{'D3'},{'D5'},&,2.0,&
{'R2'},{'D1'},{'R1'},{'R3'},{'D4'},{'D2'},{'D6'},{'D7'},{'D5'},{'D3'},&,2.0,&
{'R2'},{'D1'},{'R1'},{'R3'},{'D4'},{'D2'},{'D6'},{'D3'},{'D7'},{'D5'},&,2.0,&
{'R2'},{'D1'},{'R1'},{'R3'},{'D4'},{'D2'},{'D6'},{'D3'},{'D5'},{'D7'},&,21.0,&
{'R2'},{'D1'},{'R1'},{'R3'},{'D4'},{'D2'},{'D6'},{'D5'},{'D7'},{'D3'},&,1.0,&
{'R2'},{'D1'},{'R1'},{'R3'},{'D4'},{'D2'},{'D6'},{'D5'},{'D3'},{'D7'},&,15.0,&
{'R2'},{'D1'},{'R1'},{'R3'},{'D4'},{'D2'},{'D3'},{'D6'},{'D5'},{'D7'},&,1.0,&
{'R2'},{'D1'},{'R1'},{'R3'},{'D4'},{'D5'},{'D6'},{'D2'},{'D3'},{'D7'},&,1.0,&
{'R2'},{'D1'},{'R1'},{'R3'},{'D4'},{'D3'},{'D2'},{'D6'},{'D7'},{'D5'},&,1.0,&
{'R2'},{'D6'},{'D1'},{'R3'},{'R1'},{'D4'},{'D3'},{'D2'},{'D5'},{'D7'},&,1.0,&
{'R2'},{'D6'},{'D2'},{'R3'},{'R1'},{'D4'},{'D1'},{'D5'},{'D3'},{'D7'},&,1.0,&
{'R2'},{'D6'},{'R3'},{'D1'},{'D4'},{'R1'},{'D2'},{'D5'},{'D3'},{'D7'},&,1.0,&
{'R2'},{'D6'},{'R3'},{'D1'},{'R1'},{'D4'},{'D2'},{'D7'},{'D3'},{'D5'},&,1.0,&
{'R2'},{'D6'},{'R3'},{'D1'},{'R1'},{'D4'},{'D2'},{'D7'},{'D5'},{'D3'},&,1.0,&
{'R2'},{'D6'},{'R3'},{'D1'},{'R1'},{'D4'},{'D2'},{'D3'},{'D5'},{'D7'},&,4.0,&
{'R2'},{'D6'},{'R3'},{'D1'},{'R1'},{'D4'},{'D2'},{'D5'},{'D3'},{'D7'},&,1.0,&
{'R2'},{'D6'},{'R3'},{'D1'},{'R1'},{'D2'},{'D4'},{'D7'},{'D3'},{'D5'},&,1.0,&
{'R2'},{'D6'},{'R3'},{'D2'},{'D1'},{'D4'},{'D3'},{'D5'},{'R1'},{'D7'},&,1.0,&
{'R2'},{'D6'},{'R3'},{'D2'},{'R1'},{'D4'},{'D1'},{'D3'},{'D5'},{'D7'},&,1.0,&
{'R2'},{'D6'},{'R3'},{'R1'},{'D1'},{'D4'},{'D2'},{'D7'},{'D5'},{'D3'},&,1.0,&
{'R2'},{'D6'},{'R3'},{'R1'},{'D1'},{'D4'},{'D2'},{'D3'},{'D7'},{'D5'},&,2.0,&
{'R2'},{'D6'},{'R3'},{'R1'},{'D1'},{'D4'},{'D2'},{'D3'},{'D5'},{'D7'},&,13.0,&
{'R2'},{'D6'},{'R3'},{'R1'},{'D1'},{'D4'},{'D2'},{'D5'},{'D7'},{'D3'},&,1.0,&
{'R2'},{'D6'},{'R3'},{'R1'},{'D1'},{'D4'},{'D2'},{'D5'},{'D3'},{'D7'},&,6.0,&
{'R2'},{'D6'},{'R3'},{'R1'},{'D1'},{'D2'},{'D4'},{'D5'},{'D3'},{'D7'},&,1.0,&
{'R2'},{'D6'},{'R3'},{'R1'},{'D2'},{'D4'},{'D1'},{'D5'},{'D3'},{'D7'},&,1.0,&
{'R2'},{'D6'},{'R3'},{'R1'},{'D2'},{'D1'},{'D4'},{'D7'},{'D3'},{'D5'},&,1.0,&
{'R2'},{'D6'},{'R3'},{'R1'},{'D2'},{'D1'},{'D4'},{'D5'},{'D3'},{'D7'},&,1.0,&
{'R2'},{'D6'},{'R3'},{'R1'},{'D4'},{'D1'},{'D2'},{'D7'},{'D5'},{'D3'},&,1.0,&
{'R2'},{'D6'},{'R3'},{'R1'},{'D4'},{'D1'},{'D2'},{'D3'},{'D7'},{'D5'},&,1.0,&
{'R2'},{'D6'},{'R3'},{'R1'},{'D4'},{'D1'},{'D2'},{'D3'},{'D5'},{'D7'},&,4.0,&
{'R2'},{'D6'},{'R3'},{'R1'},{'D4'},{'D1'},{'D2'},{'D5'},{'D3'},{'D7'},&,3.0,&
{'R2'},{'D6'},{'R3'},{'R1'},{'D4'},{'D1'},{'D3'},{'D2'},{'D5'},{'D7'},&,1.0,&
{'R2'},{'D6'},{'R3'},{'D4'},{'R1'},{'D1'},{'D2'},{'D3'},{'D5'},{'D7'},&,1.0,&
{'R2'},{'D6'},{'R1'},{'D1'},{'R3'},{'D4'},{'D2'},{'D3'},{'D5'},{'D7'},&,1.0,&
{'R2'},{'D6'},{'R1'},{'R3'},{'D1'},{'D4'},{'D2'},{'D3'},{'D5'},{'D7'},&,3.0,&
{'R2'},{'D6'},{'R1'},{'R3'},{'D1'},{'D4'},{'D2'},{'D5'},{'D7'},{'D3'},&,1.0,&
{'R2'},{'D6'},{'R1'},{'R3'},{'D4'},{'D1'},{'D2'},{'D3'},{'D5'},{'D7'},&,1.0,&
{'R2'},{'D6'},{'R1'},{'R3'},{'D4'},{'D1'},{'D2'},{'D5'},{'D3'},{'D7'},&,1.0,&
{'R2'},{'D2'},{'D1'},{'R3'},{'D4'},{'R1'},{'D6'},{'D3'},{'D5'},{'D7'},&,1.0,&
{'R2'},{'D2'},{'D1'},{'R3'},{'R1'},{'D4'},{'D6'},{'D3'},{'D5'},{'D7'},&,1.0,&
{'R2'},{'D2'},{'D1'},{'R3'},{'R1'},{'D4'},{'D6'},{'D5'},{'D3'},{'D7'},&,1.0,&
{'R2'},{'D2'},{'R3'},{'D1'},{'D4'},{'R1'},{'D6'},{'D5'},{'D3'},{'D7'},&,1.0,&
{'R2'},{'D2'},{'R3'},{'D1'},{'R1'},{'D6'},{'D4'},{'D5'},{'D3'},{'D7'},&,1.0,&
{'R2'},{'D2'},{'R3'},{'D1'},{'R1'},{'D4'},{'D6'},{'D3'},{'D7'},{'D5'},&,1.0,&
{'R2'},{'D2'},{'R3'},{'D1'},{'R1'},{'D4'},{'D6'},{'D3'},{'D5'},{'D7'},&,2.0,&
{'R2'},{'D2'},{'R3'},{'R1'},{'D1'},{'D6'},{'D4'},{'D7'},{'D5'},{'D3'},&,1.0,&
{'R2'},{'D2'},{'R3'},{'R1'},{'D1'},{'D6'},{'D4'},{'D3'},{'D5'},{'D7'},&,1.0,&
{'R2'},{'D2'},{'R3'},{'R1'},{'D1'},{'D6'},{'D4'},{'D5'},{'D3'},{'D7'},&,2.0,&
{'R2'},{'D2'},{'R3'},{'R1'},{'D1'},{'D4'},{'D6'},{'D7'},{'D3'},{'D5'},&,2.0,&
{'R2'},{'D2'},{'R3'},{'R1'},{'D1'},{'D4'},{'D6'},{'D7'},{'D5'},{'D3'},&,2.0,&
{'R2'},{'D2'},{'R3'},{'R1'},{'D1'},{'D4'},{'D6'},{'D3'},{'D7'},{'D5'},&,1.0,&
{'R2'},{'D2'},{'R3'},{'R1'},{'D1'},{'D4'},{'D6'},{'D3'},{'D5'},{'D7'},&,6.0,&
{'R2'},{'D2'},{'R3'},{'R1'},{'D1'},{'D4'},{'D6'},{'D5'},{'D7'},{'D3'},&,4.0,&
{'R2'},{'D2'},{'R3'},{'R1'},{'D1'},{'D4'},{'D6'},{'D5'},{'D3'},{'D7'},&,8.0,&
{'R2'},{'D2'},{'R3'},{'R1'},{'D1'},{'D4'},{'D7'},{'D6'},{'D5'},{'D3'},&,1.0,&
{'R2'},{'D2'},{'R3'},{'R1'},{'D6'},{'D1'},{'D4'},{'D3'},{'D5'},{'D7'},&,1.0,&
{'R2'},{'D2'},{'R3'},{'R1'},{'D4'},{'D1'},{'D6'},{'D3'},{'D7'},{'D5'},&,1.0,&
{'R2'},{'D2'},{'R3'},{'R1'},{'D4'},{'D1'},{'D6'},{'D3'},{'D5'},{'D7'},&,2.0,&
{'R2'},{'D2'},{'R3'},{'R1'},{'D4'},{'D1'},{'D6'},{'D5'},{'D3'},{'D7'},&,4.0,&
{'R2'},{'D2'},{'R3'},{'R1'},{'D4'},{'D1'},{'D7'},{'D6'},{'D3'},{'D5'},&,1.0,&
{'R2'},{'D2'},{'R1'},{'D4'},{'D1'},{'D6'},{'R3'},{'D3'},{'D5'},{'D7'},&,1.0,&
{'R2'},{'D2'},{'R1'},{'D4'},{'R3'},{'D6'},{'D1'},{'D5'},{'D7'},{'D3'},&,1.0,&
{'R2'},{'D2'},{'R1'},{'R3'},{'D4'},{'D1'},{'D6'},{'D5'},{'D3'},{'D7'},&,1.0,&
{'R2'},{'D4'},{'D6'},{'R3'},{'R1'},{'D1'},{'D2'},{'D5'},{'D3'},{'D7'},&,1.0,&
{'R2'},{'D4'},{'D1'},{'R1'},{'D2'},{'D6'},{'R3'},{'D3'},{'D5'},{'D7'},&,1.0,&
{'R2'},{'D4'},{'D1'},{'R1'},{'D2'},{'R3'},{'D6'},{'D3'},{'D5'},{'D7'},&,1.0,&
{'R2'},{'D4'},{'D1'},{'R1'},{'R3'},{'D6'},{'D2'},{'D7'},{'D3'},{'D5'},&,2.0,&
{'R2'},{'D4'},{'D1'},{'R1'},{'R3'},{'D6'},{'D2'},{'D5'},{'D3'},{'D7'},&,1.0,&
{'R2'},{'D4'},{'D1'},{'R1'},{'R3'},{'D2'},{'D6'},{'D3'},{'D5'},{'D7'},&,1.0,&
{'R2'},{'D4'},{'D1'},{'R1'},{'R3'},{'D2'},{'D6'},{'D5'},{'D3'},{'D7'},&,1.0,&
{'R2'},{'D4'},{'D1'},{'R3'},{'D2'},{'D6'},{'R1'},{'D5'},{'D3'},{'D7'},&,1.0,&
{'R2'},{'D4'},{'D1'},{'R3'},{'D6'},{'D2'},{'R1'},{'D5'},{'D3'},{'D7'},&,1.0,&
{'R2'},{'D4'},{'D1'},{'R3'},{'D6'},{'R1'},{'D2'},{'D5'},{'D3'},{'D7'},&,4.0,&
{'R2'},{'D4'},{'D1'},{'R3'},{'D6'},{'R1'},{'D5'},{'D2'},{'D7'},{'D3'},&,1.0,&
{'R2'},{'D4'},{'D1'},{'R3'},{'R1'},{'D6'},{'D2'},{'D5'},{'D7'},{'D3'},&,3.0,&
{'R2'},{'D4'},{'D1'},{'R3'},{'R1'},{'D6'},{'D2'},{'D5'},{'D3'},{'D7'},&,1.0,&
{'R2'},{'D4'},{'D1'},{'R3'},{'R1'},{'D6'},{'D7'},{'D2'},{'D5'},{'D3'},&,1.0,&
{'R2'},{'D4'},{'D1'},{'R3'},{'R1'},{'D6'},{'D3'},{'D2'},{'D5'},{'D7'},&,1.0,&
{'R2'},{'D4'},{'D1'},{'R3'},{'R1'},{'D2'},{'D6'},{'D3'},{'D7'},{'D5'},&,1.0,&
{'R2'},{'D4'},{'D1'},{'R3'},{'R1'},{'D2'},{'D6'},{'D3'},{'D5'},{'D7'},&,2.0,&
{'R2'},{'D4'},{'D1'},{'R3'},{'R1'},{'D2'},{'D6'},{'D5'},{'D3'},{'D7'},&,4.0,&
{'R2'},{'D4'},{'D2'},{'R3'},{'R1'},{'D1'},{'D6'},{'D3'},{'D5'},{'D7'},&,1.0,&
{'R2'},{'D4'},{'D2'},{'R3'},{'R1'},{'D1'},{'D6'},{'D5'},{'D3'},{'D7'},&,2.0,&
{'R2'},{'D4'},{'R3'},{'D1'},{'D2'},{'D3'},{'R1'},{'D6'},{'D5'},{'D7'},&,1.0,&
{'R2'},{'D4'},{'R3'},{'D1'},{'D2'},{'R1'},{'D6'},{'D3'},{'D5'},{'D7'},&,1.0,&
{'R2'},{'D4'},{'R3'},{'D1'},{'D2'},{'R1'},{'D6'},{'D5'},{'D7'},{'D3'},&,1.0,&
{'R2'},{'D4'},{'R3'},{'D1'},{'D2'},{'R1'},{'D6'},{'D5'},{'D3'},{'D7'},&,2.0,&
{'R2'},{'D4'},{'R3'},{'D1'},{'D6'},{'D2'},{'D3'},{'R1'},{'D5'},{'D7'},&,1.0,&
{'R2'},{'D4'},{'R3'},{'D1'},{'D6'},{'D2'},{'R1'},{'D7'},{'D3'},{'D5'},&,1.0,&
{'R2'},{'D4'},{'R3'},{'D1'},{'D6'},{'D2'},{'R1'},{'D5'},{'D7'},{'D3'},&,1.0,&
{'R2'},{'D4'},{'R3'},{'D1'},{'D6'},{'D2'},{'R1'},{'D5'},{'D3'},{'D7'},&,1.0,&
{'R2'},{'D4'},{'R3'},{'D1'},{'D6'},{'R1'},{'D2'},{'D3'},{'D5'},{'D7'},&,2.0,&
{'R2'},{'D4'},{'R3'},{'D1'},{'D6'},{'R1'},{'D2'},{'D5'},{'D3'},{'D7'},&,2.0,&
{'R2'},{'D4'},{'R3'},{'D1'},{'D6'},{'R1'},{'D3'},{'D2'},{'D5'},{'D7'},&,1.0,&
{'R2'},{'D4'},{'R3'},{'D1'},{'R1'},{'D6'},{'D2'},{'D7'},{'D3'},{'D5'},&,3.0,&
{'R2'},{'D4'},{'R3'},{'D1'},{'R1'},{'D6'},{'D2'},{'D7'},{'D5'},{'D3'},&,1.0,&
{'R2'},{'D4'},{'R3'},{'D1'},{'R1'},{'D6'},{'D2'},{'D3'},{'D7'},{'D5'},&,1.0,&
{'R2'},{'D4'},{'R3'},{'D1'},{'R1'},{'D6'},{'D2'},{'D3'},{'D5'},{'D7'},&,10.0,&
{'R2'},{'D4'},{'R3'},{'D1'},{'R1'},{'D6'},{'D2'},{'D5'},{'D7'},{'D3'},&,2.0,&
{'R2'},{'D4'},{'R3'},{'D1'},{'R1'},{'D6'},{'D2'},{'D5'},{'D3'},{'D7'},&,14.0,&
{'R2'},{'D4'},{'R3'},{'D1'},{'R1'},{'D6'},{'D3'},{'D5'},{'D2'},{'D7'},&,1.0,&
{'R2'},{'D4'},{'R3'},{'D1'},{'R1'},{'D2'},{'D6'},{'D7'},{'D3'},{'D5'},&,1.0,&
{'R2'},{'D4'},{'R3'},{'D1'},{'R1'},{'D2'},{'D6'},{'D3'},{'D7'},{'D5'},&,1.0,&
{'R2'},{'D4'},{'R3'},{'D1'},{'R1'},{'D2'},{'D6'},{'D3'},{'D5'},{'D7'},&,5.0,&
{'R2'},{'D4'},{'R3'},{'D1'},{'R1'},{'D2'},{'D6'},{'D5'},{'D7'},{'D3'},&,1.0,&
{'R2'},{'D4'},{'R3'},{'D1'},{'R1'},{'D2'},{'D6'},{'D5'},{'D3'},{'D7'},&,7.0,&
{'R2'},{'D4'},{'R3'},{'D1'},{'R1'},{'D5'},{'D6'},{'D2'},{'D3'},{'D7'},&,2.0,&
{'R2'},{'D4'},{'R3'},{'D2'},{'D1'},{'R1'},{'D6'},{'D5'},{'D3'},{'D7'},&,1.0,&
{'R2'},{'D4'},{'R3'},{'D2'},{'R1'},{'D1'},{'D6'},{'D3'},{'D5'},{'D7'},&,4.0,&
{'R2'},{'D4'},{'R3'},{'D2'},{'R1'},{'D1'},{'D6'},{'D5'},{'D7'},{'D3'},&,1.0,&
{'R2'},{'D4'},{'R3'},{'D2'},{'R1'},{'D1'},{'D6'},{'D5'},{'D3'},{'D7'},&,1.0,&
{'R2'},{'D4'},{'R3'},{'R1'},{'D1'},{'D6'},{'D2'},{'D7'},{'D3'},{'D5'},&,1.0,&
{'R2'},{'D4'},{'R3'},{'R1'},{'D1'},{'D6'},{'D2'},{'D3'},{'D7'},{'D5'},&,7.0,&
{'R2'},{'D4'},{'R3'},{'R1'},{'D1'},{'D6'},{'D2'},{'D3'},{'D5'},{'D7'},&,41.0,&
{'R2'},{'D4'},{'R3'},{'R1'},{'D1'},{'D6'},{'D2'},{'D5'},{'D7'},{'D3'},&,14.0,&
{'R2'},{'D4'},{'R3'},{'R1'},{'D1'},{'D6'},{'D2'},{'D5'},{'D3'},{'D7'},&,34.0,&
{'R2'},{'D4'},{'R3'},{'R1'},{'D1'},{'D6'},{'D7'},{'D2'},{'D3'},{'D5'},&,2.0,&
{'R2'},{'D4'},{'R3'},{'R1'},{'D1'},{'D6'},{'D7'},{'D2'},{'D5'},{'D3'},&,1.0,&
{'R2'},{'D4'},{'R3'},{'R1'},{'D1'},{'D6'},{'D3'},{'D2'},{'D5'},{'D7'},&,6.0,&
{'R2'},{'D4'},{'R3'},{'R1'},{'D1'},{'D6'},{'D3'},{'D5'},{'D2'},{'D7'},&,1.0,&
{'R2'},{'D4'},{'R3'},{'R1'},{'D1'},{'D6'},{'D5'},{'D2'},{'D3'},{'D7'},&,4.0,&
{'R2'},{'D4'},{'R3'},{'R1'},{'D1'},{'D2'},{'D6'},{'D7'},{'D3'},{'D5'},&,3.0,&
{'R2'},{'D4'},{'R3'},{'R1'},{'D1'},{'D2'},{'D6'},{'D7'},{'D5'},{'D3'},&,3.0,&
{'R2'},{'D4'},{'R3'},{'R1'},{'D1'},{'D2'},{'D6'},{'D3'},{'D7'},{'D5'},&,8.0,&
{'R2'},{'D4'},{'R3'},{'R1'},{'D1'},{'D2'},{'D6'},{'D3'},{'D5'},{'D7'},&,36.0,&
{'R2'},{'D4'},{'R3'},{'R1'},{'D1'},{'D2'},{'D6'},{'D5'},{'D7'},{'D3'},&,7.0,&
{'R2'},{'D4'},{'R3'},{'R1'},{'D1'},{'D2'},{'D6'},{'D5'},{'D3'},{'D7'},&,45.0,&
{'R2'},{'D4'},{'R3'},{'R1'},{'D1'},{'D2'},{'D7'},{'D6'},{'D3'},{'D5'},&,1.0,&
{'R2'},{'D4'},{'R3'},{'R1'},{'D1'},{'D2'},{'D3'},{'D6'},{'D5'},{'D7'},&,1.0,&
{'R2'},{'D4'},{'R3'},{'R1'},{'D1'},{'D5'},{'D6'},{'D2'},{'D7'},{'D3'},&,1.0,&
{'R2'},{'D4'},{'R3'},{'R1'},{'D1'},{'D5'},{'D6'},{'D2'},{'D3'},{'D7'},&,1.0,&
{'R2'},{'D4'},{'R3'},{'R1'},{'D1'},{'D3'},{'D6'},{'D2'},{'D5'},{'D7'},&,2.0,&
{'R2'},{'D4'},{'R3'},{'R1'},{'D2'},{'D6'},{'D1'},{'D3'},{'D5'},{'D7'},&,1.0,&
{'R2'},{'D4'},{'R3'},{'R1'},{'D2'},{'D1'},{'D6'},{'D7'},{'D5'},{'D3'},&,1.0,&
{'R2'},{'D4'},{'R3'},{'R1'},{'D2'},{'D1'},{'D6'},{'D3'},{'D5'},{'D7'},&,7.0,&
{'R2'},{'D4'},{'R3'},{'R1'},{'D2'},{'D1'},{'D6'},{'D5'},{'D3'},{'D7'},&,2.0,&
{'R2'},{'D4'},{'R3'},{'R1'},{'D6'},{'D1'},{'D2'},{'D3'},{'D5'},{'D7'},&,3.0,&
{'R2'},{'D4'},{'R3'},{'R1'},{'D6'},{'D1'},{'D2'},{'D5'},{'D7'},{'D3'},&,1.0,&
{'R2'},{'D4'},{'R3'},{'R1'},{'D6'},{'D1'},{'D2'},{'D5'},{'D3'},{'D7'},&,2.0,&
{'R2'},{'D4'},{'R3'},{'R1'},{'D5'},{'D1'},{'D6'},{'D2'},{'D3'},{'D7'},&,1.0,&
{'R2'},{'D4'},{'R3'},{'D6'},{'D1'},{'D2'},{'R1'},{'D5'},{'D3'},{'D7'},&,1.0,&
{'R2'},{'D4'},{'R3'},{'D6'},{'D1'},{'D5'},{'R1'},{'D2'},{'D3'},{'D7'},&,1.0,&
{'R2'},{'D4'},{'R3'},{'D6'},{'D1'},{'R1'},{'D2'},{'D3'},{'D5'},{'D7'},&,2.0,&
{'R2'},{'D4'},{'R3'},{'D6'},{'D1'},{'R1'},{'D2'},{'D5'},{'D3'},{'D7'},&,1.0,&
{'R2'},{'D4'},{'R1'},{'D1'},{'D2'},{'R3'},{'D6'},{'D3'},{'D5'},{'D7'},&,1.0,&
{'R2'},{'D4'},{'R1'},{'D1'},{'R3'},{'D6'},{'D2'},{'D7'},{'D5'},{'D3'},&,1.0,&
{'R2'},{'D4'},{'R1'},{'D1'},{'R3'},{'D2'},{'D6'},{'D3'},{'D5'},{'D7'},&,1.0,&
{'R2'},{'D4'},{'R1'},{'D1'},{'R3'},{'D2'},{'D6'},{'D5'},{'D3'},{'D7'},&,2.0,&
{'R2'},{'D4'},{'R1'},{'D6'},{'R3'},{'D1'},{'D2'},{'D7'},{'D3'},{'D5'},&,1.0,&
{'R2'},{'D4'},{'R1'},{'D6'},{'R3'},{'D2'},{'D1'},{'D5'},{'D7'},{'D3'},&,1.0,&
{'R2'},{'D4'},{'R1'},{'R3'},{'D1'},{'D6'},{'D2'},{'D3'},{'D7'},{'D5'},&,2.0,&
{'R2'},{'D4'},{'R1'},{'R3'},{'D1'},{'D6'},{'D2'},{'D3'},{'D5'},{'D7'},&,4.0,&
{'R2'},{'D4'},{'R1'},{'R3'},{'D1'},{'D6'},{'D2'},{'D5'},{'D3'},{'D7'},&,7.0,&
{'R2'},{'D4'},{'R1'},{'R3'},{'D1'},{'D2'},{'D6'},{'D7'},{'D3'},{'D5'},&,2.0,&
{'R2'},{'D4'},{'R1'},{'R3'},{'D1'},{'D2'},{'D6'},{'D7'},{'D5'},{'D3'},&,1.0,&
{'R2'},{'D4'},{'R1'},{'R3'},{'D1'},{'D2'},{'D6'},{'D3'},{'D5'},{'D7'},&,6.0,&
{'R2'},{'D4'},{'R1'},{'R3'},{'D1'},{'D2'},{'D6'},{'D5'},{'D7'},{'D3'},&,4.0,&
{'R2'},{'D4'},{'R1'},{'R3'},{'D1'},{'D2'},{'D6'},{'D5'},{'D3'},{'D7'},&,8.0,&
{'R2'},{'D4'},{'R1'},{'R3'},{'D1'},{'D5'},{'D6'},{'D2'},{'D7'},{'D3'},&,1.0,&
{'R2'},{'D4'},{'R1'},{'R3'},{'D1'},{'D5'},{'D6'},{'D2'},{'D3'},{'D7'},&,1.0,&
{'R2'},{'D4'},{'R1'},{'R3'},{'D1'},{'D3'},{'D2'},{'D6'},{'D5'},{'D7'},&,1.0,&
{'R2'},{'D4'},{'R1'},{'R3'},{'D2'},{'D1'},{'D6'},{'D7'},{'D5'},{'D3'},&,1.0,&
{'R2'},{'D4'},{'R1'},{'R3'},{'D2'},{'D1'},{'D3'},{'D6'},{'D5'},{'D7'},&,1.0,&
{'R2'},{'R1'},{'D4'},{'D1'},{'D2'},{'D6'},{'D3'},{'D5'},{'R3'},{'D7'},&,1.0,&
{'R2'},{'R1'},{'D4'},{'D1'},{'D2'},{'D6'},{'D5'},{'R3'},{'D7'},{'D3'},&,1.0,&
{'R2'},{'R1'},{'D4'},{'D1'},{'D2'},{'R3'},{'D6'},{'D3'},{'D5'},{'D7'},&,3.0,&
{'R2'},{'R1'},{'D4'},{'D1'},{'D2'},{'R3'},{'D6'},{'D5'},{'D3'},{'D7'},&,1.0,&
{'R2'},{'R1'},{'D4'},{'D1'},{'D6'},{'D2'},{'D3'},{'R3'},{'D7'},{'D5'},&,1.0,&
{'R2'},{'R1'},{'D4'},{'D1'},{'D6'},{'R3'},{'D2'},{'D3'},{'D5'},{'D7'},&,2.0,&
{'R2'},{'R1'},{'D4'},{'D1'},{'D6'},{'R3'},{'D2'},{'D5'},{'D3'},{'D7'},&,1.0,&
{'R2'},{'R1'},{'D4'},{'D1'},{'R3'},{'D6'},{'D2'},{'D7'},{'D3'},{'D5'},&,2.0,&
{'R2'},{'R1'},{'D4'},{'D1'},{'R3'},{'D6'},{'D2'},{'D7'},{'D5'},{'D3'},&,1.0,&
{'R2'},{'R1'},{'D4'},{'D1'},{'R3'},{'D6'},{'D2'},{'D3'},{'D7'},{'D5'},&,1.0,&
{'R2'},{'R1'},{'D4'},{'D1'},{'R3'},{'D6'},{'D2'},{'D3'},{'D5'},{'D7'},&,7.0,&
{'R2'},{'R1'},{'D4'},{'D1'},{'R3'},{'D6'},{'D2'},{'D5'},{'D7'},{'D3'},&,1.0,&
{'R2'},{'R1'},{'D4'},{'D1'},{'R3'},{'D6'},{'D2'},{'D5'},{'D3'},{'D7'},&,3.0,&
{'R2'},{'R1'},{'D4'},{'D1'},{'R3'},{'D6'},{'D3'},{'D2'},{'D5'},{'D7'},&,1.0,&
{'R2'},{'R1'},{'D4'},{'D1'},{'R3'},{'D6'},{'D5'},{'D2'},{'D3'},{'D7'},&,1.0,&
{'R2'},{'R1'},{'D4'},{'D1'},{'R3'},{'D2'},{'D6'},{'D7'},{'D3'},{'D5'},&,1.0,&
{'R2'},{'R1'},{'D4'},{'D1'},{'R3'},{'D2'},{'D6'},{'D3'},{'D7'},{'D5'},&,1.0,&
{'R2'},{'R1'},{'D4'},{'D1'},{'R3'},{'D2'},{'D6'},{'D3'},{'D5'},{'D7'},&,10.0,&
{'R2'},{'R1'},{'D4'},{'D1'},{'R3'},{'D2'},{'D6'},{'D5'},{'D7'},{'D3'},&,1.0,&
{'R2'},{'R1'},{'D4'},{'D1'},{'R3'},{'D2'},{'D6'},{'D5'},{'D3'},{'D7'},&,11.0,&
{'R2'},{'R1'},{'D4'},{'D1'},{'R3'},{'D2'},{'D5'},{'D6'},{'D3'},{'D7'},&,1.0,&
{'R2'},{'R1'},{'D4'},{'D2'},{'R3'},{'D1'},{'D6'},{'D5'},{'D7'},{'D3'},&,1.0,&
{'R2'},{'R1'},{'D4'},{'D2'},{'R3'},{'D1'},{'D6'},{'D5'},{'D3'},{'D7'},&,1.0,&
{'R2'},{'R1'},{'D4'},{'D6'},{'D1'},{'D2'},{'R3'},{'D3'},{'D5'},{'D7'},&,1.0,&
{'R2'},{'R1'},{'D4'},{'D6'},{'D2'},{'D1'},{'D3'},{'R3'},{'D5'},{'D7'},&,1.0,&
{'R2'},{'R1'},{'D4'},{'D6'},{'R3'},{'D1'},{'D2'},{'D3'},{'D5'},{'D7'},&,3.0,&
{'R2'},{'R1'},{'D4'},{'D6'},{'R3'},{'D1'},{'D2'},{'D5'},{'D7'},{'D3'},&,1.0,&
{'R2'},{'R1'},{'D4'},{'D6'},{'R3'},{'D1'},{'D2'},{'D5'},{'D3'},{'D7'},&,1.0,&
{'R2'},{'R1'},{'D4'},{'R3'},{'D1'},{'D6'},{'D2'},{'D7'},{'D3'},{'D5'},&,1.0,&
{'R2'},{'R1'},{'D4'},{'R3'},{'D1'},{'D6'},{'D2'},{'D7'},{'D5'},{'D3'},&,1.0,&
{'R2'},{'R1'},{'D4'},{'R3'},{'D1'},{'D6'},{'D2'},{'D3'},{'D7'},{'D5'},&,3.0,&
{'R2'},{'R1'},{'D4'},{'R3'},{'D1'},{'D6'},{'D2'},{'D3'},{'D5'},{'D7'},&,24.0,&
{'R2'},{'R1'},{'D4'},{'R3'},{'D1'},{'D6'},{'D2'},{'D5'},{'D7'},{'D3'},&,4.0,&
{'R2'},{'R1'},{'D4'},{'R3'},{'D1'},{'D6'},{'D2'},{'D5'},{'D3'},{'D7'},&,27.0,&
{'R2'},{'R1'},{'D4'},{'R3'},{'D1'},{'D6'},{'D3'},{'D2'},{'D7'},{'D5'},&,2.0,&
{'R2'},{'R1'},{'D4'},{'R3'},{'D1'},{'D6'},{'D3'},{'D2'},{'D5'},{'D7'},&,1.0,&
{'R2'},{'R1'},{'D4'},{'R3'},{'D1'},{'D6'},{'D5'},{'D2'},{'D3'},{'D7'},&,3.0,&
{'R2'},{'R1'},{'D4'},{'R3'},{'D1'},{'D2'},{'D6'},{'D7'},{'D3'},{'D5'},&,4.0,&
{'R2'},{'R1'},{'D4'},{'R3'},{'D1'},{'D2'},{'D6'},{'D3'},{'D7'},{'D5'},&,5.0,&
{'R2'},{'R1'},{'D4'},{'R3'},{'D1'},{'D2'},{'D6'},{'D3'},{'D5'},{'D7'},&,22.0,&
{'R2'},{'R1'},{'D4'},{'R3'},{'D1'},{'D2'},{'D6'},{'D5'},{'D7'},{'D3'},&,6.0,&
{'R2'},{'R1'},{'D4'},{'R3'},{'D1'},{'D2'},{'D6'},{'D5'},{'D3'},{'D7'},&,25.0,&
{'R2'},{'R1'},{'D4'},{'R3'},{'D1'},{'D2'},{'D5'},{'D6'},{'D3'},{'D7'},&,2.0,&
{'R2'},{'R1'},{'D4'},{'R3'},{'D1'},{'D5'},{'D2'},{'D6'},{'D3'},{'D7'},&,1.0,&
{'R2'},{'R1'},{'D4'},{'R3'},{'D1'},{'D5'},{'D6'},{'D2'},{'D3'},{'D7'},&,1.0,&
{'R2'},{'R1'},{'D4'},{'R3'},{'D1'},{'D3'},{'D2'},{'D6'},{'D5'},{'D7'},&,1.0,&
{'R2'},{'R1'},{'D4'},{'R3'},{'D1'},{'D3'},{'D6'},{'D2'},{'D7'},{'D5'},&,1.0,&
{'R2'},{'R1'},{'D4'},{'R3'},{'D1'},{'D3'},{'D6'},{'D2'},{'D5'},{'D7'},&,1.0,&
{'R2'},{'R1'},{'D4'},{'R3'},{'D2'},{'D1'},{'D6'},{'D3'},{'D5'},{'D7'},&,4.0,&
{'R2'},{'R1'},{'D4'},{'R3'},{'D2'},{'D1'},{'D6'},{'D5'},{'D7'},{'D3'},&,1.0,&
{'R2'},{'R1'},{'D4'},{'R3'},{'D2'},{'D1'},{'D6'},{'D5'},{'D3'},{'D7'},&,1.0,&
{'R2'},{'R1'},{'D4'},{'R3'},{'D6'},{'D1'},{'D2'},{'D3'},{'D5'},{'D7'},&,4.0,&
{'R2'},{'R1'},{'D4'},{'R3'},{'D6'},{'D1'},{'D2'},{'D5'},{'D3'},{'D7'},&,3.0,&
{'R2'},{'R1'},{'D5'},{'R3'},{'D1'},{'D6'},{'D4'},{'D2'},{'D3'},{'D7'},&,1.0,&
{'R2'},{'R1'},{'D5'},{'R3'},{'D4'},{'D1'},{'D6'},{'D2'},{'D7'},{'D3'},&,1.0,&
{'R2'},{'R1'},{'D6'},{'D1'},{'D4'},{'R3'},{'D2'},{'D3'},{'D7'},{'D5'},&,1.0,&
{'R2'},{'R1'},{'D6'},{'D1'},{'R3'},{'D4'},{'D2'},{'D3'},{'D5'},{'D7'},&,1.0,&
{'R2'},{'R1'},{'D6'},{'D1'},{'R3'},{'D4'},{'D5'},{'D2'},{'D3'},{'D7'},&,1.0,&
{'R2'},{'R1'},{'D6'},{'D1'},{'R3'},{'D2'},{'D4'},{'D3'},{'D7'},{'D5'},&,1.0,&
{'R2'},{'R1'},{'D6'},{'D4'},{'D1'},{'R3'},{'D2'},{'D3'},{'D5'},{'D7'},&,1.0,&
{'R2'},{'R1'},{'D6'},{'D4'},{'R3'},{'D1'},{'D2'},{'D3'},{'D7'},{'D5'},&,1.0,&
{'R2'},{'R1'},{'D6'},{'D4'},{'R3'},{'D1'},{'D2'},{'D5'},{'D3'},{'D7'},&,1.0,&
{'R2'},{'R1'},{'D6'},{'D4'},{'R3'},{'D1'},{'D7'},{'D2'},{'D5'},{'D3'},&,1.0,&
{'R2'},{'R1'},{'D6'},{'R3'},{'D1'},{'D4'},{'D2'},{'D3'},{'D5'},{'D7'},&,2.0,&
{'R2'},{'R1'},{'D6'},{'R3'},{'D1'},{'D4'},{'D2'},{'D5'},{'D3'},{'D7'},&,9.0,&
{'R2'},{'R1'},{'D6'},{'R3'},{'D1'},{'D4'},{'D5'},{'D2'},{'D3'},{'D7'},&,1.0,&
{'R2'},{'R1'},{'D6'},{'R3'},{'D1'},{'D2'},{'D4'},{'D5'},{'D3'},{'D7'},&,2.0,&
{'R2'},{'R1'},{'D6'},{'R3'},{'D1'},{'D5'},{'D4'},{'D2'},{'D3'},{'D7'},&,1.0,&
{'R2'},{'R1'},{'D6'},{'R3'},{'D2'},{'D1'},{'D4'},{'D5'},{'D7'},{'D3'},&,1.0,&
{'R2'},{'R1'},{'D6'},{'R3'},{'D4'},{'D1'},{'D2'},{'D3'},{'D7'},{'D5'},&,1.0,&
{'R2'},{'R1'},{'D6'},{'R3'},{'D4'},{'D1'},{'D2'},{'D3'},{'D5'},{'D7'},&,6.0,&
{'R2'},{'R1'},{'D6'},{'R3'},{'D4'},{'D1'},{'D2'},{'D5'},{'D3'},{'D7'},&,2.0,&
{'R2'},{'R1'},{'D1'},{'D2'},{'D4'},{'D6'},{'R3'},{'D3'},{'D5'},{'D7'},&,1.0,&
{'R2'},{'R1'},{'D1'},{'D2'},{'D4'},{'R3'},{'D6'},{'D3'},{'D5'},{'D7'},&,3.0,&
{'R2'},{'R1'},{'D1'},{'D2'},{'R3'},{'D6'},{'D4'},{'D7'},{'D5'},{'D3'},&,1.0,&
{'R2'},{'R1'},{'D1'},{'D2'},{'R3'},{'D6'},{'D4'},{'D3'},{'D7'},{'D5'},&,1.0,&
{'R2'},{'R1'},{'D1'},{'D2'},{'R3'},{'D6'},{'D4'},{'D3'},{'D5'},{'D7'},&,4.0,&
{'R2'},{'R1'},{'D1'},{'D2'},{'R3'},{'D6'},{'D4'},{'D5'},{'D3'},{'D7'},&,1.0,&
{'R2'},{'R1'},{'D1'},{'D2'},{'R3'},{'D4'},{'D6'},{'D3'},{'D5'},{'D7'},&,3.0,&
{'R2'},{'R1'},{'D1'},{'D2'},{'R3'},{'D4'},{'D6'},{'D5'},{'D3'},{'D7'},&,6.0,&
{'R2'},{'R1'},{'D1'},{'D2'},{'R3'},{'D4'},{'D5'},{'D6'},{'D3'},{'D7'},&,1.0,&
{'R2'},{'R1'},{'D1'},{'D3'},{'R3'},{'D4'},{'D2'},{'D6'},{'D5'},{'D7'},&,1.0,&
{'R2'},{'R1'},{'D1'},{'D6'},{'D2'},{'D4'},{'R3'},{'D7'},{'D5'},{'D3'},&,1.0,&
{'R2'},{'R1'},{'D1'},{'D6'},{'D4'},{'R3'},{'D2'},{'D3'},{'D5'},{'D7'},&,1.0,&
{'R2'},{'R1'},{'D1'},{'D6'},{'D4'},{'R3'},{'D2'},{'D5'},{'D7'},{'D3'},&,1.0,&
{'R2'},{'R1'},{'D1'},{'D6'},{'R3'},{'D4'},{'D2'},{'D7'},{'D5'},{'D3'},&,1.0,&
{'R2'},{'R1'},{'D1'},{'D6'},{'R3'},{'D4'},{'D2'},{'D3'},{'D7'},{'D5'},&,2.0,&
{'R2'},{'R1'},{'D1'},{'D6'},{'R3'},{'D4'},{'D2'},{'D3'},{'D5'},{'D7'},&,6.0,&
{'R2'},{'R1'},{'D1'},{'D6'},{'R3'},{'D4'},{'D2'},{'D5'},{'D7'},{'D3'},&,1.0,&
{'R2'},{'R1'},{'D1'},{'D6'},{'R3'},{'D4'},{'D2'},{'D5'},{'D3'},{'D7'},&,10.0,&
{'R2'},{'R1'},{'D1'},{'D6'},{'R3'},{'D2'},{'D4'},{'D5'},{'D7'},{'D3'},&,1.0,&
{'R2'},{'R1'},{'D1'},{'D4'},{'D2'},{'D6'},{'D5'},{'R3'},{'D3'},{'D7'},&,1.0,&
{'R2'},{'R1'},{'D1'},{'D4'},{'D2'},{'R3'},{'D6'},{'D3'},{'D7'},{'D5'},&,1.0,&
{'R2'},{'R1'},{'D1'},{'D4'},{'D2'},{'R3'},{'D6'},{'D3'},{'D5'},{'D7'},&,4.0,&
{'R2'},{'R1'},{'D1'},{'D4'},{'D2'},{'R3'},{'D6'},{'D5'},{'D3'},{'D7'},&,3.0,&
{'R2'},{'R1'},{'D1'},{'D4'},{'D3'},{'R3'},{'D2'},{'D6'},{'D5'},{'D7'},&,2.0,&
{'R2'},{'R1'},{'D1'},{'D4'},{'D6'},{'D2'},{'R3'},{'D3'},{'D5'},{'D7'},&,3.0,&
{'R2'},{'R1'},{'D1'},{'D4'},{'D6'},{'D2'},{'R3'},{'D5'},{'D3'},{'D7'},&,2.0,&
{'R2'},{'R1'},{'D1'},{'D4'},{'D6'},{'D5'},{'D2'},{'R3'},{'D3'},{'D7'},&,1.0,&
{'R2'},{'R1'},{'D1'},{'D4'},{'D6'},{'R3'},{'D2'},{'D3'},{'D5'},{'D7'},&,5.0,&
{'R2'},{'R1'},{'D1'},{'D4'},{'D6'},{'R3'},{'D2'},{'D5'},{'D3'},{'D7'},&,4.0,&
{'R2'},{'R1'},{'D1'},{'D4'},{'D6'},{'R3'},{'D3'},{'D2'},{'D5'},{'D7'},&,1.0,&
{'R2'},{'R1'},{'D1'},{'D4'},{'D6'},{'R3'},{'D5'},{'D2'},{'D3'},{'D7'},&,2.0,&
{'R2'},{'R1'},{'D1'},{'D4'},{'R3'},{'D6'},{'D2'},{'D7'},{'D3'},{'D5'},&,2.0,&
{'R2'},{'R1'},{'D1'},{'D4'},{'R3'},{'D6'},{'D2'},{'D7'},{'D5'},{'D3'},&,1.0,&
{'R2'},{'R1'},{'D1'},{'D4'},{'R3'},{'D6'},{'D2'},{'D3'},{'D7'},{'D5'},&,1.0,&
{'R2'},{'R1'},{'D1'},{'D4'},{'R3'},{'D6'},{'D2'},{'D3'},{'D5'},{'D7'},&,14.0,&
{'R2'},{'R1'},{'D1'},{'D4'},{'R3'},{'D6'},{'D2'},{'D5'},{'D7'},{'D3'},&,3.0,&
{'R2'},{'R1'},{'D1'},{'D4'},{'R3'},{'D6'},{'D2'},{'D5'},{'D3'},{'D7'},&,16.0,&
{'R2'},{'R1'},{'D1'},{'D4'},{'R3'},{'D6'},{'D3'},{'D2'},{'D5'},{'D7'},&,3.0,&
{'R2'},{'R1'},{'D1'},{'D4'},{'R3'},{'D6'},{'D5'},{'D2'},{'D3'},{'D7'},&,2.0,&
{'R2'},{'R1'},{'D1'},{'D4'},{'R3'},{'D2'},{'D6'},{'D7'},{'D3'},{'D5'},&,1.0,&
{'R2'},{'R1'},{'D1'},{'D4'},{'R3'},{'D2'},{'D6'},{'D7'},{'D5'},{'D3'},&,3.0,&
{'R2'},{'R1'},{'D1'},{'D4'},{'R3'},{'D2'},{'D6'},{'D3'},{'D7'},{'D5'},&,1.0,&
{'R2'},{'R1'},{'D1'},{'D4'},{'R3'},{'D2'},{'D6'},{'D3'},{'D5'},{'D7'},&,7.0,&
{'R2'},{'R1'},{'D1'},{'D4'},{'R3'},{'D2'},{'D6'},{'D5'},{'D7'},{'D3'},&,2.0,&
{'R2'},{'R1'},{'D1'},{'D4'},{'R3'},{'D2'},{'D6'},{'D5'},{'D3'},{'D7'},&,17.0,&
{'R2'},{'R1'},{'D1'},{'D4'},{'R3'},{'D2'},{'D7'},{'D6'},{'D3'},{'D5'},&,1.0,&
{'R2'},{'R1'},{'D1'},{'D4'},{'R3'},{'D2'},{'D3'},{'D6'},{'D5'},{'D7'},&,4.0,&
{'R2'},{'R1'},{'D1'},{'D4'},{'R3'},{'D2'},{'D5'},{'D6'},{'D3'},{'D7'},&,1.0,&
{'R2'},{'R1'},{'D1'},{'D4'},{'R3'},{'D3'},{'D6'},{'D2'},{'D5'},{'D7'},&,1.0,&
{'R2'},{'R1'},{'D1'},{'R3'},{'D2'},{'D6'},{'D4'},{'D3'},{'D5'},{'D7'},&,1.0,&
{'R2'},{'R1'},{'D1'},{'R3'},{'D2'},{'D6'},{'D4'},{'D5'},{'D7'},{'D3'},&,1.0,&
{'R2'},{'R1'},{'D1'},{'R3'},{'D2'},{'D6'},{'D4'},{'D5'},{'D3'},{'D7'},&,2.0,&
{'R2'},{'R1'},{'D1'},{'R3'},{'D2'},{'D4'},{'D6'},{'D3'},{'D5'},{'D7'},&,13.0,&
{'R2'},{'R1'},{'D1'},{'R3'},{'D2'},{'D4'},{'D6'},{'D5'},{'D7'},{'D3'},&,2.0,&
{'R2'},{'R1'},{'D1'},{'R3'},{'D2'},{'D4'},{'D6'},{'D5'},{'D3'},{'D7'},&,16.0,&
{'R2'},{'R1'},{'D1'},{'R3'},{'D2'},{'D4'},{'D5'},{'D6'},{'D3'},{'D7'},&,1.0,&
{'R2'},{'R1'},{'D1'},{'R3'},{'D6'},{'D4'},{'D2'},{'D7'},{'D5'},{'D3'},&,1.0,&
{'R2'},{'R1'},{'D1'},{'R3'},{'D6'},{'D4'},{'D2'},{'D3'},{'D5'},{'D7'},&,13.0,&
{'R2'},{'R1'},{'D1'},{'R3'},{'D6'},{'D4'},{'D2'},{'D5'},{'D7'},{'D3'},&,3.0,&
{'R2'},{'R1'},{'D1'},{'R3'},{'D6'},{'D4'},{'D2'},{'D5'},{'D3'},{'D7'},&,20.0,&
{'R2'},{'R1'},{'D1'},{'R3'},{'D6'},{'D4'},{'D5'},{'D2'},{'D3'},{'D7'},&,2.0,&
{'R2'},{'R1'},{'D1'},{'R3'},{'D6'},{'D2'},{'D4'},{'D7'},{'D5'},{'D3'},&,1.0,&
{'R2'},{'R1'},{'D1'},{'R3'},{'D4'},{'D6'},{'D2'},{'D7'},{'D3'},{'D5'},&,3.0,&
{'R2'},{'R1'},{'D1'},{'R3'},{'D4'},{'D6'},{'D2'},{'D7'},{'D5'},{'D3'},&,8.0,&
{'R2'},{'R1'},{'D1'},{'R3'},{'D4'},{'D6'},{'D2'},{'D3'},{'D7'},{'D5'},&,7.0,&
{'R2'},{'R1'},{'D1'},{'R3'},{'D4'},{'D6'},{'D2'},{'D3'},{'D5'},{'D7'},&,56.0,&
{'R2'},{'R1'},{'D1'},{'R3'},{'D4'},{'D6'},{'D2'},{'D5'},{'D7'},{'D3'},&,9.0,&
{'R2'},{'R1'},{'D1'},{'R3'},{'D4'},{'D6'},{'D2'},{'D5'},{'D3'},{'D7'},&,67.0,&
{'R2'},{'R1'},{'D1'},{'R3'},{'D4'},{'D6'},{'D3'},{'D2'},{'D5'},{'D7'},&,7.0,&
{'R2'},{'R1'},{'D1'},{'R3'},{'D4'},{'D6'},{'D5'},{'D2'},{'D7'},{'D3'},&,1.0,&
{'R2'},{'R1'},{'D1'},{'R3'},{'D4'},{'D6'},{'D5'},{'D2'},{'D3'},{'D7'},&,3.0,&
{'R2'},{'R1'},{'D1'},{'R3'},{'D4'},{'D7'},{'D2'},{'D6'},{'D5'},{'D3'},&,2.0,&
{'R2'},{'R1'},{'D1'},{'R3'},{'D4'},{'D7'},{'D6'},{'D2'},{'D3'},{'D5'},&,1.0,&
{'R2'},{'R1'},{'D1'},{'R3'},{'D4'},{'D7'},{'D6'},{'D2'},{'D5'},{'D3'},&,1.0,&
{'R2'},{'R1'},{'D1'},{'R3'},{'D4'},{'D2'},{'D6'},{'D7'},{'D5'},{'D3'},&,2.0,&
{'R2'},{'R1'},{'D1'},{'R3'},{'D4'},{'D2'},{'D6'},{'D3'},{'D7'},{'D5'},&,6.0,&
{'R2'},{'R1'},{'D1'},{'R3'},{'D4'},{'D2'},{'D6'},{'D3'},{'D5'},{'D7'},&,48.0,&
{'R2'},{'R1'},{'D1'},{'R3'},{'D4'},{'D2'},{'D6'},{'D5'},{'D7'},{'D3'},&,13.0,&
{'R2'},{'R1'},{'D1'},{'R3'},{'D4'},{'D2'},{'D6'},{'D5'},{'D3'},{'D7'},&,53.0,&
{'R2'},{'R1'},{'D1'},{'R3'},{'D4'},{'D2'},{'D3'},{'D6'},{'D7'},{'D5'},&,1.0,&
{'R2'},{'R1'},{'D1'},{'R3'},{'D4'},{'D2'},{'D3'},{'D6'},{'D5'},{'D7'},&,5.0,&
{'R2'},{'R1'},{'D1'},{'R3'},{'D4'},{'D2'},{'D5'},{'D3'},{'D6'},{'D7'},&,1.0,&
{'R2'},{'R1'},{'D1'},{'R3'},{'D4'},{'D2'},{'D5'},{'D6'},{'D3'},{'D7'},&,3.0,&
{'R2'},{'R1'},{'D1'},{'R3'},{'D4'},{'D5'},{'D2'},{'D6'},{'D3'},{'D7'},&,3.0,&
{'R2'},{'R1'},{'D1'},{'R3'},{'D4'},{'D5'},{'D6'},{'D2'},{'D3'},{'D7'},&,4.0,&
{'R2'},{'R1'},{'D1'},{'R3'},{'D4'},{'D5'},{'D6'},{'D3'},{'D2'},{'D7'},&,1.0,&
{'R2'},{'R1'},{'D1'},{'R3'},{'D4'},{'D3'},{'D2'},{'D6'},{'D5'},{'D7'},&,2.0,&
{'R2'},{'R1'},{'D1'},{'R3'},{'D4'},{'D3'},{'D6'},{'D2'},{'D5'},{'D7'},&,2.0,&
{'R2'},{'R1'},{'D7'},{'R3'},{'D4'},{'D2'},{'D1'},{'D6'},{'D3'},{'D5'},&,1.0,&
{'R2'},{'R1'},{'D2'},{'D1'},{'D6'},{'R3'},{'D4'},{'D5'},{'D3'},{'D7'},&,1.0,&
{'R2'},{'R1'},{'D2'},{'D1'},{'D4'},{'R3'},{'D6'},{'D3'},{'D5'},{'D7'},&,1.0,&
{'R2'},{'R1'},{'D2'},{'D1'},{'R3'},{'D4'},{'D6'},{'D3'},{'D5'},{'D7'},&,1.0,&
{'R2'},{'R1'},{'D2'},{'D1'},{'R3'},{'D4'},{'D6'},{'D5'},{'D7'},{'D3'},&,1.0,&
{'R2'},{'R1'},{'D2'},{'D1'},{'R3'},{'D4'},{'D6'},{'D5'},{'D3'},{'D7'},&,3.0,&
{'R2'},{'R1'},{'D2'},{'D1'},{'R3'},{'D4'},{'D3'},{'D6'},{'D7'},{'D5'},&,1.0,&
{'R2'},{'R1'},{'D2'},{'D6'},{'R3'},{'D4'},{'D1'},{'D3'},{'D5'},{'D7'},&,1.0,&
{'R2'},{'R1'},{'D2'},{'D6'},{'R3'},{'D1'},{'D4'},{'D5'},{'D3'},{'D7'},&,1.0,&
{'R2'},{'R1'},{'D2'},{'D4'},{'R3'},{'D1'},{'D6'},{'D3'},{'D7'},{'D5'},&,1.0,&
{'R2'},{'R1'},{'D2'},{'R3'},{'D1'},{'D6'},{'D4'},{'D3'},{'D5'},{'D7'},&,2.0,&
{'R2'},{'R1'},{'D2'},{'R3'},{'D1'},{'D4'},{'D6'},{'D7'},{'D3'},{'D5'},&,2.0,&
{'R2'},{'R1'},{'D2'},{'R3'},{'D1'},{'D4'},{'D6'},{'D7'},{'D5'},{'D3'},&,1.0,&
{'R2'},{'R1'},{'D2'},{'R3'},{'D1'},{'D4'},{'D6'},{'D3'},{'D5'},{'D7'},&,5.0,&
{'R2'},{'R1'},{'D2'},{'R3'},{'D1'},{'D4'},{'D6'},{'D5'},{'D3'},{'D7'},&,7.0,&
{'R2'},{'R1'},{'D2'},{'R3'},{'D1'},{'D4'},{'D3'},{'D6'},{'D5'},{'D7'},&,1.0,&
{'R2'},{'R1'},{'D2'},{'R3'},{'D4'},{'D1'},{'D6'},{'D3'},{'D5'},{'D7'},&,4.0,&
{'R2'},{'R1'},{'D2'},{'R3'},{'D4'},{'D1'},{'D6'},{'D5'},{'D3'},{'D7'},&,2.0,&
{'R2'},{'R1'},{'R3'},{'D1'},{'D2'},{'D6'},{'D4'},{'D7'},{'D5'},{'D3'},&,1.0,&
{'R2'},{'R1'},{'R3'},{'D1'},{'D2'},{'D6'},{'D4'},{'D3'},{'D5'},{'D7'},&,7.0,&
{'R2'},{'R1'},{'R3'},{'D1'},{'D2'},{'D6'},{'D4'},{'D5'},{'D7'},{'D3'},&,3.0,&
{'R2'},{'R1'},{'R3'},{'D1'},{'D2'},{'D6'},{'D4'},{'D5'},{'D3'},{'D7'},&,7.0,&
{'R2'},{'R1'},{'R3'},{'D1'},{'D2'},{'D4'},{'D6'},{'D7'},{'D3'},{'D5'},&,3.0,&
{'R2'},{'R1'},{'R3'},{'D1'},{'D2'},{'D4'},{'D6'},{'D7'},{'D5'},{'D3'},&,7.0,&
{'R2'},{'R1'},{'R3'},{'D1'},{'D2'},{'D4'},{'D6'},{'D3'},{'D7'},{'D5'},&,8.0,&
{'R2'},{'R1'},{'R3'},{'D1'},{'D2'},{'D4'},{'D6'},{'D3'},{'D5'},{'D7'},&,65.0,&
{'R2'},{'R1'},{'R3'},{'D1'},{'D2'},{'D4'},{'D6'},{'D5'},{'D7'},{'D3'},&,7.0,&
{'R2'},{'R1'},{'R3'},{'D1'},{'D2'},{'D4'},{'D6'},{'D5'},{'D3'},{'D7'},&,48.0,&
{'R2'},{'R1'},{'R3'},{'D1'},{'D2'},{'D4'},{'D3'},{'D6'},{'D7'},{'D5'},&,1.0,&
{'R2'},{'R1'},{'R3'},{'D1'},{'D2'},{'D4'},{'D3'},{'D6'},{'D5'},{'D7'},&,7.0,&
{'R2'},{'R1'},{'R3'},{'D1'},{'D2'},{'D4'},{'D5'},{'D3'},{'D6'},{'D7'},&,1.0,&
{'R2'},{'R1'},{'R3'},{'D1'},{'D2'},{'D4'},{'D5'},{'D6'},{'D3'},{'D7'},&,3.0,&
{'R2'},{'R1'},{'R3'},{'D1'},{'D2'},{'D3'},{'D4'},{'D6'},{'D7'},{'D5'},&,1.0,&
{'R2'},{'R1'},{'R3'},{'D1'},{'D3'},{'D4'},{'D2'},{'D6'},{'D7'},{'D5'},&,2.0,&
{'R2'},{'R1'},{'R3'},{'D1'},{'D3'},{'D4'},{'D2'},{'D6'},{'D5'},{'D7'},&,2.0,&
{'R2'},{'R1'},{'R3'},{'D1'},{'D3'},{'D2'},{'D6'},{'D4'},{'D5'},{'D7'},&,1.0,&
{'R2'},{'R1'},{'R3'},{'D1'},{'D6'},{'D4'},{'D2'},{'D7'},{'D3'},{'D5'},&,3.0,&
{'R2'},{'R1'},{'R3'},{'D1'},{'D6'},{'D4'},{'D2'},{'D7'},{'D5'},{'D3'},&,7.0,&
{'R2'},{'R1'},{'R3'},{'D1'},{'D6'},{'D4'},{'D2'},{'D3'},{'D7'},{'D5'},&,6.0,&
{'R2'},{'R1'},{'R3'},{'D1'},{'D6'},{'D4'},{'D2'},{'D3'},{'D5'},{'D7'},&,56.0,&
{'R2'},{'R1'},{'R3'},{'D1'},{'D6'},{'D4'},{'D2'},{'D5'},{'D7'},{'D3'},&,7.0,&
{'R2'},{'R1'},{'R3'},{'D1'},{'D6'},{'D4'},{'D2'},{'D5'},{'D3'},{'D7'},&,66.0,&
{'R2'},{'R1'},{'R3'},{'D1'},{'D6'},{'D4'},{'D3'},{'D2'},{'D5'},{'D7'},&,4.0,&
{'R2'},{'R1'},{'R3'},{'D1'},{'D6'},{'D4'},{'D5'},{'D2'},{'D3'},{'D7'},&,3.0,&
{'R2'},{'R1'},{'R3'},{'D1'},{'D6'},{'D2'},{'D4'},{'D3'},{'D7'},{'D5'},&,2.0,&
{'R2'},{'R1'},{'R3'},{'D1'},{'D6'},{'D2'},{'D4'},{'D3'},{'D5'},{'D7'},&,7.0,&
{'R2'},{'R1'},{'R3'},{'D1'},{'D6'},{'D2'},{'D4'},{'D5'},{'D7'},{'D3'},&,2.0,&
{'R2'},{'R1'},{'R3'},{'D1'},{'D6'},{'D2'},{'D4'},{'D5'},{'D3'},{'D7'},&,7.0,&
{'R2'},{'R1'},{'R3'},{'D1'},{'D6'},{'D3'},{'D4'},{'D2'},{'D5'},{'D7'},&,1.0,&
{'R2'},{'R1'},{'R3'},{'D1'},{'D4'},{'D6'},{'D2'},{'D7'},{'D3'},{'D5'},&,19.0,&
{'R2'},{'R1'},{'R3'},{'D1'},{'D4'},{'D6'},{'D2'},{'D7'},{'D5'},{'D3'},&,22.0,&
{'R2'},{'R1'},{'R3'},{'D1'},{'D4'},{'D6'},{'D2'},{'D3'},{'D7'},{'D5'},&,27.0,&
{'R2'},{'R1'},{'R3'},{'D1'},{'D4'},{'D6'},{'D2'},{'D3'},{'D5'},{'D7'},&,187.0,&
{'R2'},{'R1'},{'R3'},{'D1'},{'D4'},{'D6'},{'D2'},{'D5'},{'D7'},{'D3'},&,38.0,&
{'R2'},{'R1'},{'R3'},{'D1'},{'D4'},{'D6'},{'D2'},{'D5'},{'D3'},{'D7'},&,226.0,&
{'R2'},{'R1'},{'R3'},{'D1'},{'D4'},{'D6'},{'D7'},{'D2'},{'D3'},{'D5'},&,1.0,&
{'R2'},{'R1'},{'R3'},{'D1'},{'D4'},{'D6'},{'D7'},{'D2'},{'D5'},{'D3'},&,1.0,&
{'R2'},{'R1'},{'R3'},{'D1'},{'D4'},{'D6'},{'D3'},{'D2'},{'D5'},{'D7'},&,13.0,&
{'R2'},{'R1'},{'R3'},{'D1'},{'D4'},{'D6'},{'D5'},{'D2'},{'D7'},{'D3'},&,1.0,&
{'R2'},{'R1'},{'R3'},{'D1'},{'D4'},{'D6'},{'D5'},{'D2'},{'D3'},{'D7'},&,12.0,&
{'R2'},{'R1'},{'R3'},{'D1'},{'D4'},{'D7'},{'D2'},{'D6'},{'D5'},{'D3'},&,1.0,&
{'R2'},{'R1'},{'R3'},{'D1'},{'D4'},{'D7'},{'D6'},{'D2'},{'D3'},{'D5'},&,1.0,&
{'R2'},{'R1'},{'R3'},{'D1'},{'D4'},{'D7'},{'D6'},{'D2'},{'D5'},{'D3'},&,1.0,&
{'R2'},{'R1'},{'R3'},{'D1'},{'D4'},{'D7'},{'D6'},{'D3'},{'D2'},{'D5'},&,1.0,&
{'R2'},{'R1'},{'R3'},{'D1'},{'D4'},{'D2'},{'D6'},{'D7'},{'D3'},{'D5'},&,15.0,&
{'R2'},{'R1'},{'R3'},{'D1'},{'D4'},{'D2'},{'D6'},{'D7'},{'D5'},{'D3'},&,17.0,&
{'R2'},{'R1'},{'R3'},{'D1'},{'D4'},{'D2'},{'D6'},{'D3'},{'D7'},{'D5'},&,19.0,&
{'R2'},{'R1'},{'R3'},{'D1'},{'D4'},{'D2'},{'D6'},{'D3'},{'D5'},{'D7'},&,183.0,&
{'R2'},{'R1'},{'R3'},{'D1'},{'D4'},{'D2'},{'D6'},{'D5'},{'D7'},{'D3'},&,28.0,&
{'R2'},{'R1'},{'R3'},{'D1'},{'D4'},{'D2'},{'D6'},{'D5'},{'D3'},{'D7'},&,218.0,&
{'R2'},{'R1'},{'R3'},{'D1'},{'D4'},{'D2'},{'D7'},{'D6'},{'D3'},{'D5'},&,2.0,&
{'R2'},{'R1'},{'R3'},{'D1'},{'D4'},{'D2'},{'D7'},{'D6'},{'D5'},{'D3'},&,1.0,&
{'R2'},{'R1'},{'R3'},{'D1'},{'D4'},{'D2'},{'D3'},{'D7'},{'D6'},{'D5'},&,1.0,&
{'R2'},{'R1'},{'R3'},{'D1'},{'D4'},{'D2'},{'D3'},{'D6'},{'D7'},{'D5'},&,1.0,&
{'R2'},{'R1'},{'R3'},{'D1'},{'D4'},{'D2'},{'D3'},{'D6'},{'D5'},{'D7'},&,11.0,&
{'R2'},{'R1'},{'R3'},{'D1'},{'D4'},{'D2'},{'D5'},{'D7'},{'D3'},{'D6'},&,1.0,&
{'R2'},{'R1'},{'R3'},{'D1'},{'D4'},{'D2'},{'D5'},{'D6'},{'D7'},{'D3'},&,3.0,&
{'R2'},{'R1'},{'R3'},{'D1'},{'D4'},{'D2'},{'D5'},{'D6'},{'D3'},{'D7'},&,18.0,&
{'R2'},{'R1'},{'R3'},{'D1'},{'D4'},{'D5'},{'D2'},{'D6'},{'D7'},{'D3'},&,3.0,&
{'R2'},{'R1'},{'R3'},{'D1'},{'D4'},{'D5'},{'D2'},{'D6'},{'D3'},{'D7'},&,8.0,&
{'R2'},{'R1'},{'R3'},{'D1'},{'D4'},{'D5'},{'D6'},{'D2'},{'D7'},{'D3'},&,1.0,&
{'R2'},{'R1'},{'R3'},{'D1'},{'D4'},{'D5'},{'D6'},{'D2'},{'D3'},{'D7'},&,8.0,&
{'R2'},{'R1'},{'R3'},{'D1'},{'D4'},{'D3'},{'D2'},{'D6'},{'D7'},{'D5'},&,1.0,&
{'R2'},{'R1'},{'R3'},{'D1'},{'D4'},{'D3'},{'D2'},{'D6'},{'D5'},{'D7'},&,4.0,&
{'R2'},{'R1'},{'R3'},{'D1'},{'D4'},{'D3'},{'D6'},{'D2'},{'D5'},{'D7'},&,5.0,&
{'R2'},{'R1'},{'R3'},{'D1'},{'D4'},{'D3'},{'D6'},{'D5'},{'D2'},{'D7'},&,1.0,&
{'R2'},{'R1'},{'R3'},{'D1'},{'D4'},{'D3'},{'D7'},{'D2'},{'D6'},{'D5'},&,1.0,&
{'R2'},{'R1'},{'R3'},{'D1'},{'D5'},{'D4'},{'D2'},{'D3'},{'D6'},{'D7'},&,1.0,&
{'R2'},{'R1'},{'R3'},{'D1'},{'D5'},{'D4'},{'D2'},{'D6'},{'D7'},{'D3'},&,1.0,&
{'R2'},{'R1'},{'R3'},{'D1'},{'D5'},{'D4'},{'D2'},{'D6'},{'D3'},{'D7'},&,1.0,&
{'R2'},{'R1'},{'R3'},{'D1'},{'D5'},{'D4'},{'D6'},{'D2'},{'D3'},{'D7'},&,1.0,&
{'R2'},{'R1'},{'R3'},{'D1'},{'D5'},{'D2'},{'D4'},{'D6'},{'D3'},{'D7'},&,1.0,&
{'R2'},{'R1'},{'R3'},{'D1'},{'D5'},{'D2'},{'D6'},{'D4'},{'D3'},{'D7'},&,2.0,&
{'R2'},{'R1'},{'R3'},{'D2'},{'D1'},{'D6'},{'D4'},{'D3'},{'D7'},{'D5'},&,1.0,&
{'R2'},{'R1'},{'R3'},{'D2'},{'D1'},{'D6'},{'D4'},{'D3'},{'D5'},{'D7'},&,5.0,&
{'R2'},{'R1'},{'R3'},{'D2'},{'D1'},{'D6'},{'D4'},{'D5'},{'D7'},{'D3'},&,1.0,&
{'R2'},{'R1'},{'R3'},{'D2'},{'D1'},{'D6'},{'D4'},{'D5'},{'D3'},{'D7'},&,3.0,&
{'R2'},{'R1'},{'R3'},{'D2'},{'D1'},{'D4'},{'D6'},{'D7'},{'D3'},{'D5'},&,2.0,&
{'R2'},{'R1'},{'R3'},{'D2'},{'D1'},{'D4'},{'D6'},{'D7'},{'D5'},{'D3'},&,2.0,&
{'R2'},{'R1'},{'R3'},{'D2'},{'D1'},{'D4'},{'D6'},{'D3'},{'D7'},{'D5'},&,3.0,&
{'R2'},{'R1'},{'R3'},{'D2'},{'D1'},{'D4'},{'D6'},{'D3'},{'D5'},{'D7'},&,24.0,&
{'R2'},{'R1'},{'R3'},{'D2'},{'D1'},{'D4'},{'D6'},{'D5'},{'D7'},{'D3'},&,3.0,&
{'R2'},{'R1'},{'R3'},{'D2'},{'D1'},{'D4'},{'D6'},{'D5'},{'D3'},{'D7'},&,28.0,&
{'R2'},{'R1'},{'R3'},{'D2'},{'D1'},{'D4'},{'D5'},{'D6'},{'D3'},{'D7'},&,1.0,&
{'R2'},{'R1'},{'R3'},{'D2'},{'D6'},{'D4'},{'D1'},{'D5'},{'D3'},{'D7'},&,3.0,&
{'R2'},{'R1'},{'R3'},{'D2'},{'D6'},{'D1'},{'D4'},{'D7'},{'D3'},{'D5'},&,1.0,&
{'R2'},{'R1'},{'R3'},{'D2'},{'D6'},{'D1'},{'D4'},{'D5'},{'D3'},{'D7'},&,1.0,&
{'R2'},{'R1'},{'R3'},{'D2'},{'D4'},{'D1'},{'D6'},{'D7'},{'D5'},{'D3'},&,1.0,&
{'R2'},{'R1'},{'R3'},{'D2'},{'D4'},{'D1'},{'D6'},{'D3'},{'D7'},{'D5'},&,2.0,&
{'R2'},{'R1'},{'R3'},{'D2'},{'D4'},{'D1'},{'D6'},{'D3'},{'D5'},{'D7'},&,8.0,&
{'R2'},{'R1'},{'R3'},{'D2'},{'D4'},{'D1'},{'D6'},{'D5'},{'D3'},{'D7'},&,11.0,&
{'R2'},{'R1'},{'R3'},{'D2'},{'D4'},{'D5'},{'D1'},{'D6'},{'D3'},{'D7'},&,1.0,&
{'R2'},{'R1'},{'R3'},{'D3'},{'D1'},{'D4'},{'D2'},{'D6'},{'D5'},{'D7'},&,1.0,&
{'R2'},{'R1'},{'R3'},{'D3'},{'D1'},{'D2'},{'D6'},{'D4'},{'D7'},{'D5'},&,1.0,&
{'R2'},{'R1'},{'R3'},{'D5'},{'D1'},{'D4'},{'D6'},{'D2'},{'D7'},{'D3'},&,1.0,&
{'R2'},{'R1'},{'R3'},{'D5'},{'D1'},{'D4'},{'D6'},{'D2'},{'D3'},{'D7'},&,1.0,&
{'R2'},{'R1'},{'R3'},{'D6'},{'D1'},{'D4'},{'D2'},{'D7'},{'D3'},{'D5'},&,1.0,&
{'R2'},{'R1'},{'R3'},{'D6'},{'D1'},{'D4'},{'D2'},{'D7'},{'D5'},{'D3'},&,4.0,&
{'R2'},{'R1'},{'R3'},{'D6'},{'D1'},{'D4'},{'D2'},{'D3'},{'D7'},{'D5'},&,2.0,&
{'R2'},{'R1'},{'R3'},{'D6'},{'D1'},{'D4'},{'D2'},{'D3'},{'D5'},{'D7'},&,17.0,&
{'R2'},{'R1'},{'R3'},{'D6'},{'D1'},{'D4'},{'D2'},{'D5'},{'D7'},{'D3'},&,1.0,&
{'R2'},{'R1'},{'R3'},{'D6'},{'D1'},{'D4'},{'D2'},{'D5'},{'D3'},{'D7'},&,21.0,&
{'R2'},{'R1'},{'R3'},{'D6'},{'D1'},{'D4'},{'D3'},{'D2'},{'D5'},{'D7'},&,1.0,&
{'R2'},{'R1'},{'R3'},{'D6'},{'D1'},{'D4'},{'D5'},{'D2'},{'D3'},{'D7'},&,1.0,&
{'R2'},{'R1'},{'R3'},{'D6'},{'D1'},{'D4'},{'D5'},{'D3'},{'D2'},{'D7'},&,1.0,&
{'R2'},{'R1'},{'R3'},{'D6'},{'D1'},{'D2'},{'D4'},{'D7'},{'D5'},{'D3'},&,1.0,&
{'R2'},{'R1'},{'R3'},{'D6'},{'D1'},{'D2'},{'D4'},{'D3'},{'D5'},{'D7'},&,3.0,&
{'R2'},{'R1'},{'R3'},{'D6'},{'D1'},{'D2'},{'D4'},{'D5'},{'D3'},{'D7'},&,4.0,&
{'R2'},{'R1'},{'R3'},{'D6'},{'D2'},{'D1'},{'D4'},{'D5'},{'D3'},{'D7'},&,3.0,&
{'R2'},{'R1'},{'R3'},{'D6'},{'D2'},{'D3'},{'D1'},{'D4'},{'D5'},{'D7'},&,1.0,&
{'R2'},{'R1'},{'R3'},{'D6'},{'D4'},{'D1'},{'D2'},{'D3'},{'D7'},{'D5'},&,1.0,&
{'R2'},{'R1'},{'R3'},{'D6'},{'D4'},{'D1'},{'D2'},{'D3'},{'D5'},{'D7'},&,9.0,&
{'R2'},{'R1'},{'R3'},{'D6'},{'D4'},{'D1'},{'D2'},{'D5'},{'D7'},{'D3'},&,1.0,&
{'R2'},{'R1'},{'R3'},{'D6'},{'D4'},{'D1'},{'D2'},{'D5'},{'D3'},{'D7'},&,12.0,&
{'R2'},{'R1'},{'R3'},{'D6'},{'D4'},{'D1'},{'D3'},{'D2'},{'D5'},{'D7'},&,1.0,&
{'R2'},{'R1'},{'R3'},{'D6'},{'D4'},{'D1'},{'D5'},{'D2'},{'D7'},{'D3'},&,1.0,&
{'R2'},{'R1'},{'R3'},{'D6'},{'D4'},{'D2'},{'D1'},{'D3'},{'D5'},{'D7'},&,1.0,&
{'R2'},{'R1'},{'R3'},{'D4'},{'D1'},{'D6'},{'D2'},{'D7'},{'D3'},{'D5'},&,8.0,&
{'R2'},{'R1'},{'R3'},{'D4'},{'D1'},{'D6'},{'D2'},{'D7'},{'D5'},{'D3'},&,6.0,&
{'R2'},{'R1'},{'R3'},{'D4'},{'D1'},{'D6'},{'D2'},{'D3'},{'D7'},{'D5'},&,15.0,&
{'R2'},{'R1'},{'R3'},{'D4'},{'D1'},{'D6'},{'D2'},{'D3'},{'D5'},{'D7'},&,104.0,&
{'R2'},{'R1'},{'R3'},{'D4'},{'D1'},{'D6'},{'D2'},{'D5'},{'D7'},{'D3'},&,14.0,&
{'R2'},{'R1'},{'R3'},{'D4'},{'D1'},{'D6'},{'D2'},{'D5'},{'D3'},{'D7'},&,97.0,&
{'R2'},{'R1'},{'R3'},{'D4'},{'D1'},{'D6'},{'D7'},{'D2'},{'D5'},{'D3'},&,2.0,&
{'R2'},{'R1'},{'R3'},{'D4'},{'D1'},{'D6'},{'D3'},{'D2'},{'D5'},{'D7'},&,6.0,&
{'R2'},{'R1'},{'R3'},{'D4'},{'D1'},{'D6'},{'D5'},{'D2'},{'D3'},{'D7'},&,3.0,&
{'R2'},{'R1'},{'R3'},{'D4'},{'D1'},{'D7'},{'D6'},{'D2'},{'D3'},{'D5'},&,1.0,&
{'R2'},{'R1'},{'R3'},{'D4'},{'D1'},{'D2'},{'D6'},{'D7'},{'D3'},{'D5'},&,6.0,&
{'R2'},{'R1'},{'R3'},{'D4'},{'D1'},{'D2'},{'D6'},{'D7'},{'D5'},{'D3'},&,11.0,&
{'R2'},{'R1'},{'R3'},{'D4'},{'D1'},{'D2'},{'D6'},{'D3'},{'D7'},{'D5'},&,12.0,&
{'R2'},{'R1'},{'R3'},{'D4'},{'D1'},{'D2'},{'D6'},{'D3'},{'D5'},{'D7'},&,112.0,&
{'R2'},{'R1'},{'R3'},{'D4'},{'D1'},{'D2'},{'D6'},{'D5'},{'D7'},{'D3'},&,20.0,&
{'R2'},{'R1'},{'R3'},{'D4'},{'D1'},{'D2'},{'D6'},{'D5'},{'D3'},{'D7'},&,113.0,&
{'R2'},{'R1'},{'R3'},{'D4'},{'D1'},{'D2'},{'D3'},{'D6'},{'D7'},{'D5'},&,1.0,&
{'R2'},{'R1'},{'R3'},{'D4'},{'D1'},{'D2'},{'D3'},{'D6'},{'D5'},{'D7'},&,9.0,&
{'R2'},{'R1'},{'R3'},{'D4'},{'D1'},{'D2'},{'D5'},{'D6'},{'D7'},{'D3'},&,2.0,&
{'R2'},{'R1'},{'R3'},{'D4'},{'D1'},{'D2'},{'D5'},{'D6'},{'D3'},{'D7'},&,2.0,&
{'R2'},{'R1'},{'R3'},{'D4'},{'D1'},{'D5'},{'D2'},{'D6'},{'D3'},{'D7'},&,5.0,&
{'R2'},{'R1'},{'R3'},{'D4'},{'D1'},{'D5'},{'D6'},{'D2'},{'D7'},{'D3'},&,1.0,&
{'R2'},{'R1'},{'R3'},{'D4'},{'D1'},{'D5'},{'D6'},{'D2'},{'D3'},{'D7'},&,9.0,&
{'R2'},{'R1'},{'R3'},{'D4'},{'D1'},{'D3'},{'D2'},{'D6'},{'D7'},{'D5'},&,1.0,&
{'R2'},{'R1'},{'R3'},{'D4'},{'D1'},{'D3'},{'D2'},{'D6'},{'D5'},{'D7'},&,4.0,&
{'R2'},{'R1'},{'R3'},{'D4'},{'D1'},{'D3'},{'D6'},{'D2'},{'D5'},{'D7'},&,1.0,&
{'R2'},{'R1'},{'R3'},{'D4'},{'D2'},{'D6'},{'D1'},{'D5'},{'D3'},{'D7'},&,1.0,&
{'R2'},{'R1'},{'R3'},{'D4'},{'D2'},{'D1'},{'D6'},{'D7'},{'D3'},{'D5'},&,2.0,&
{'R2'},{'R1'},{'R3'},{'D4'},{'D2'},{'D1'},{'D6'},{'D3'},{'D5'},{'D7'},&,7.0,&
{'R2'},{'R1'},{'R3'},{'D4'},{'D2'},{'D1'},{'D6'},{'D5'},{'D7'},{'D3'},&,1.0,&
{'R2'},{'R1'},{'R3'},{'D4'},{'D2'},{'D1'},{'D6'},{'D5'},{'D3'},{'D7'},&,14.0,&
{'R2'},{'R1'},{'R3'},{'D4'},{'D2'},{'D1'},{'D7'},{'D6'},{'D5'},{'D3'},&,1.0,&
{'R2'},{'R1'},{'R3'},{'D4'},{'D2'},{'D1'},{'D3'},{'D6'},{'D5'},{'D7'},&,1.0,&
{'R2'},{'R1'},{'R3'},{'D4'},{'D2'},{'D1'},{'D5'},{'D6'},{'D3'},{'D7'},&,1.0,&
{'R2'},{'R1'},{'R3'},{'D4'},{'D3'},{'D1'},{'D2'},{'D6'},{'D5'},{'D7'},&,1.0,&
{'R2'},{'R1'},{'R3'},{'D4'},{'D6'},{'D1'},{'D2'},{'D3'},{'D7'},{'D5'},&,2.0,&
{'R2'},{'R1'},{'R3'},{'D4'},{'D6'},{'D1'},{'D2'},{'D3'},{'D5'},{'D7'},&,9.0,&
{'R2'},{'R1'},{'R3'},{'D4'},{'D6'},{'D1'},{'D2'},{'D5'},{'D7'},{'D3'},&,2.0,&
{'R2'},{'R1'},{'R3'},{'D4'},{'D6'},{'D1'},{'D2'},{'D5'},{'D3'},{'D7'},&,14.0,&
{'R2'},{'R1'},{'R3'},{'D4'},{'D6'},{'D1'},{'D3'},{'D2'},{'D7'},{'D5'},&,1.0,&
{'R2'},{'R1'},{'R3'},{'D4'},{'D6'},{'D1'},{'D3'},{'D2'},{'D5'},{'D7'},&,1.0,&
{'R2'},{'R1'},{'R3'},{'D4'},{'D6'},{'D2'},{'D1'},{'D3'},{'D5'},{'D7'},&,1.0,&
{'R2'},{'R1'},{'R3'},{'D4'},{'D6'},{'D2'},{'D1'},{'D5'},{'D7'},{'D3'},&,1.0,&
{'R2'},{'R1'},{'R3'},{'D4'},{'D5'},{'D1'},{'D3'},{'D6'},{'D2'},{'D7'},&,1.0,&
{'R2'},{'R3'},{'D4'},{'D1'},{'D2'},{'D6'},{'R1'},{'D7'},{'D5'},{'D3'},&,1.0,&
{'R2'},{'R3'},{'D4'},{'D1'},{'D2'},{'D6'},{'R1'},{'D3'},{'D7'},{'D5'},&,1.0,&
{'R2'},{'R3'},{'D4'},{'D1'},{'D2'},{'D6'},{'R1'},{'D3'},{'D5'},{'D7'},&,2.0,&
{'R2'},{'R3'},{'D4'},{'D1'},{'D2'},{'D6'},{'R1'},{'D5'},{'D3'},{'D7'},&,2.0,&
{'R2'},{'R3'},{'D4'},{'D1'},{'D2'},{'R1'},{'D6'},{'D3'},{'D5'},{'D7'},&,9.0,&
{'R2'},{'R3'},{'D4'},{'D1'},{'D2'},{'R1'},{'D6'},{'D5'},{'D7'},{'D3'},&,1.0,&
{'R2'},{'R3'},{'D4'},{'D1'},{'D2'},{'R1'},{'D6'},{'D5'},{'D3'},{'D7'},&,10.0,&
{'R2'},{'R3'},{'D4'},{'D1'},{'D2'},{'R1'},{'D3'},{'D6'},{'D5'},{'D7'},&,1.0,&
{'R2'},{'R3'},{'D4'},{'D1'},{'D2'},{'R1'},{'D5'},{'D6'},{'D3'},{'D7'},&,1.0,&
{'R2'},{'R3'},{'D4'},{'D1'},{'D3'},{'R1'},{'D6'},{'D2'},{'D5'},{'D7'},&,1.0,&
{'R2'},{'R3'},{'D4'},{'D1'},{'D6'},{'D2'},{'R1'},{'D3'},{'D7'},{'D5'},&,1.0,&
{'R2'},{'R3'},{'D4'},{'D1'},{'D6'},{'D2'},{'R1'},{'D3'},{'D5'},{'D7'},&,2.0,&
{'R2'},{'R3'},{'D4'},{'D1'},{'D6'},{'D2'},{'R1'},{'D5'},{'D7'},{'D3'},&,1.0,&
{'R2'},{'R3'},{'D4'},{'D1'},{'D6'},{'D2'},{'R1'},{'D5'},{'D3'},{'D7'},&,1.0,&
{'R2'},{'R3'},{'D4'},{'D1'},{'D6'},{'D2'},{'D5'},{'R1'},{'D3'},{'D7'},&,1.0,&
{'R2'},{'R3'},{'D4'},{'D1'},{'D6'},{'D5'},{'R1'},{'D2'},{'D3'},{'D7'},&,1.0,&
{'R2'},{'R3'},{'D4'},{'D1'},{'D6'},{'R1'},{'D2'},{'D7'},{'D5'},{'D3'},&,1.0,&
{'R2'},{'R3'},{'D4'},{'D1'},{'D6'},{'R1'},{'D2'},{'D3'},{'D7'},{'D5'},&,2.0,&
{'R2'},{'R3'},{'D4'},{'D1'},{'D6'},{'R1'},{'D2'},{'D3'},{'D5'},{'D7'},&,9.0,&
{'R2'},{'R3'},{'D4'},{'D1'},{'D6'},{'R1'},{'D2'},{'D5'},{'D7'},{'D3'},&,2.0,&
{'R2'},{'R3'},{'D4'},{'D1'},{'D6'},{'R1'},{'D2'},{'D5'},{'D3'},{'D7'},&,11.0,&
{'R2'},{'R3'},{'D4'},{'D1'},{'D6'},{'R1'},{'D7'},{'D2'},{'D3'},{'D5'},&,1.0,&
{'R2'},{'R3'},{'D4'},{'D1'},{'D6'},{'R1'},{'D5'},{'D2'},{'D3'},{'D7'},&,3.0,&
{'R2'},{'R3'},{'D4'},{'D1'},{'D5'},{'R1'},{'D6'},{'D2'},{'D7'},{'D3'},&,1.0,&
{'R2'},{'R3'},{'D4'},{'D1'},{'D5'},{'R1'},{'D6'},{'D2'},{'D3'},{'D7'},&,1.0,&
{'R2'},{'R3'},{'D4'},{'D1'},{'R1'},{'D6'},{'D2'},{'D7'},{'D3'},{'D5'},&,5.0,&
{'R2'},{'R3'},{'D4'},{'D1'},{'R1'},{'D6'},{'D2'},{'D7'},{'D5'},{'D3'},&,3.0,&
{'R2'},{'R3'},{'D4'},{'D1'},{'R1'},{'D6'},{'D2'},{'D3'},{'D7'},{'D5'},&,8.0,&
{'R2'},{'R3'},{'D4'},{'D1'},{'R1'},{'D6'},{'D2'},{'D3'},{'D5'},{'D7'},&,31.0,&
{'R2'},{'R3'},{'D4'},{'D1'},{'R1'},{'D6'},{'D2'},{'D5'},{'D7'},{'D3'},&,10.0,&
{'R2'},{'R3'},{'D4'},{'D1'},{'R1'},{'D6'},{'D2'},{'D5'},{'D3'},{'D7'},&,49.0,&
{'R2'},{'R3'},{'D4'},{'D1'},{'R1'},{'D6'},{'D3'},{'D2'},{'D5'},{'D7'},&,3.0,&
{'R2'},{'R3'},{'D4'},{'D1'},{'R1'},{'D6'},{'D5'},{'D2'},{'D7'},{'D3'},&,1.0,&
{'R2'},{'R3'},{'D4'},{'D1'},{'R1'},{'D6'},{'D5'},{'D2'},{'D3'},{'D7'},&,5.0,&
{'R2'},{'R3'},{'D4'},{'D1'},{'R1'},{'D6'},{'D5'},{'D7'},{'D2'},{'D3'},&,1.0,&
{'R2'},{'R3'},{'D4'},{'D1'},{'R1'},{'D6'},{'D5'},{'D3'},{'D2'},{'D7'},&,1.0,&
{'R2'},{'R3'},{'D4'},{'D1'},{'R1'},{'D2'},{'D6'},{'D7'},{'D3'},{'D5'},&,4.0,&
{'R2'},{'R3'},{'D4'},{'D1'},{'R1'},{'D2'},{'D6'},{'D7'},{'D5'},{'D3'},&,3.0,&
{'R2'},{'R3'},{'D4'},{'D1'},{'R1'},{'D2'},{'D6'},{'D3'},{'D7'},{'D5'},&,7.0,&
{'R2'},{'R3'},{'D4'},{'D1'},{'R1'},{'D2'},{'D6'},{'D3'},{'D5'},{'D7'},&,38.0,&
{'R2'},{'R3'},{'D4'},{'D1'},{'R1'},{'D2'},{'D6'},{'D5'},{'D7'},{'D3'},&,6.0,&
{'R2'},{'R3'},{'D4'},{'D1'},{'R1'},{'D2'},{'D6'},{'D5'},{'D3'},{'D7'},&,41.0,&
{'R2'},{'R3'},{'D4'},{'D1'},{'R1'},{'D2'},{'D3'},{'D6'},{'D5'},{'D7'},&,1.0,&
{'R2'},{'R3'},{'D4'},{'D1'},{'R1'},{'D2'},{'D5'},{'D6'},{'D3'},{'D7'},&,4.0,&
{'R2'},{'R3'},{'D4'},{'D1'},{'R1'},{'D5'},{'D2'},{'D6'},{'D3'},{'D7'},&,1.0,&
{'R2'},{'R3'},{'D4'},{'D1'},{'R1'},{'D5'},{'D6'},{'D2'},{'D7'},{'D3'},&,1.0,&
{'R2'},{'R3'},{'D4'},{'D1'},{'R1'},{'D5'},{'D6'},{'D2'},{'D3'},{'D7'},&,1.0,&
{'R2'},{'R3'},{'D4'},{'D1'},{'R1'},{'D3'},{'D2'},{'D6'},{'D5'},{'D7'},&,3.0,&
{'R2'},{'R3'},{'D4'},{'D2'},{'D1'},{'D6'},{'R1'},{'D3'},{'D7'},{'D5'},&,1.0,&
{'R2'},{'R3'},{'D4'},{'D2'},{'D1'},{'D6'},{'R1'},{'D3'},{'D5'},{'D7'},&,1.0,&
{'R2'},{'R3'},{'D4'},{'D2'},{'D1'},{'R1'},{'D6'},{'D5'},{'D3'},{'D7'},&,1.0,&
{'R2'},{'R3'},{'D4'},{'D2'},{'R1'},{'D6'},{'D1'},{'D3'},{'D5'},{'D7'},&,1.0,&
{'R2'},{'R3'},{'D4'},{'D2'},{'R1'},{'D1'},{'D6'},{'D7'},{'D3'},{'D5'},&,1.0,&
{'R2'},{'R3'},{'D4'},{'D2'},{'R1'},{'D1'},{'D6'},{'D3'},{'D7'},{'D5'},&,1.0,&
{'R2'},{'R3'},{'D4'},{'D2'},{'R1'},{'D1'},{'D6'},{'D3'},{'D5'},{'D7'},&,4.0,&
{'R2'},{'R3'},{'D4'},{'D2'},{'R1'},{'D1'},{'D6'},{'D5'},{'D7'},{'D3'},&,1.0,&
{'R2'},{'R3'},{'D4'},{'D2'},{'R1'},{'D1'},{'D6'},{'D5'},{'D3'},{'D7'},&,3.0,&
{'R2'},{'R3'},{'D4'},{'D2'},{'R1'},{'D1'},{'D3'},{'D6'},{'D5'},{'D7'},&,2.0,&
{'R2'},{'R3'},{'D4'},{'D3'},{'R1'},{'D1'},{'D2'},{'D6'},{'D5'},{'D7'},&,2.0,&
{'R2'},{'R3'},{'D4'},{'D5'},{'D1'},{'R1'},{'D6'},{'D2'},{'D3'},{'D7'},&,1.0,&
{'R2'},{'R3'},{'D4'},{'R1'},{'D1'},{'D6'},{'D2'},{'D7'},{'D3'},{'D5'},&,24.0,&
{'R2'},{'R3'},{'D4'},{'R1'},{'D1'},{'D6'},{'D2'},{'D7'},{'D5'},{'D3'},&,11.0,&
{'R2'},{'R3'},{'D4'},{'R1'},{'D1'},{'D6'},{'D2'},{'D3'},{'D7'},{'D5'},&,23.0,&
{'R2'},{'R3'},{'D4'},{'R1'},{'D1'},{'D6'},{'D2'},{'D3'},{'D5'},{'D7'},&,155.0,&
{'R2'},{'R3'},{'D4'},{'R1'},{'D1'},{'D6'},{'D2'},{'D5'},{'D7'},{'D3'},&,30.0,&
{'R2'},{'R3'},{'D4'},{'R1'},{'D1'},{'D6'},{'D2'},{'D5'},{'D3'},{'D7'},&,176.0,&
{'R2'},{'R3'},{'D4'},{'R1'},{'D1'},{'D6'},{'D7'},{'D2'},{'D3'},{'D5'},&,1.0,&
{'R2'},{'R3'},{'D4'},{'R1'},{'D1'},{'D6'},{'D7'},{'D2'},{'D5'},{'D3'},&,2.0,&
{'R2'},{'R3'},{'D4'},{'R1'},{'D1'},{'D6'},{'D3'},{'D2'},{'D7'},{'D5'},&,3.0,&
{'R2'},{'R3'},{'D4'},{'R1'},{'D1'},{'D6'},{'D3'},{'D2'},{'D5'},{'D7'},&,14.0,&
{'R2'},{'R3'},{'D4'},{'R1'},{'D1'},{'D6'},{'D5'},{'D2'},{'D7'},{'D3'},&,2.0,&
{'R2'},{'R3'},{'D4'},{'R1'},{'D1'},{'D6'},{'D5'},{'D2'},{'D3'},{'D7'},&,11.0,&
{'R2'},{'R3'},{'D4'},{'R1'},{'D1'},{'D6'},{'D5'},{'D7'},{'D2'},{'D3'},&,1.0,&
{'R2'},{'R3'},{'D4'},{'R1'},{'D1'},{'D7'},{'D6'},{'D2'},{'D5'},{'D3'},&,2.0,&
{'R2'},{'R3'},{'D4'},{'R1'},{'D1'},{'D2'},{'D6'},{'D7'},{'D3'},{'D5'},&,15.0,&
{'R2'},{'R3'},{'D4'},{'R1'},{'D1'},{'D2'},{'D6'},{'D7'},{'D5'},{'D3'},&,13.0,&
{'R2'},{'R3'},{'D4'},{'R1'},{'D1'},{'D2'},{'D6'},{'D3'},{'D7'},{'D5'},&,10.0,&
{'R2'},{'R3'},{'D4'},{'R1'},{'D1'},{'D2'},{'D6'},{'D3'},{'D5'},{'D7'},&,146.0,&
{'R2'},{'R3'},{'D4'},{'R1'},{'D1'},{'D2'},{'D6'},{'D5'},{'D7'},{'D3'},&,23.0,&
{'R2'},{'R3'},{'D4'},{'R1'},{'D1'},{'D2'},{'D6'},{'D5'},{'D3'},{'D7'},&,182.0,&
{'R2'},{'R3'},{'D4'},{'R1'},{'D1'},{'D2'},{'D7'},{'D6'},{'D3'},{'D5'},&,2.0,&
{'R2'},{'R3'},{'D4'},{'R1'},{'D1'},{'D2'},{'D7'},{'D6'},{'D5'},{'D3'},&,2.0,&
{'R2'},{'R3'},{'D4'},{'R1'},{'D1'},{'D2'},{'D3'},{'D6'},{'D7'},{'D5'},&,1.0,&
{'R2'},{'R3'},{'D4'},{'R1'},{'D1'},{'D2'},{'D3'},{'D6'},{'D5'},{'D7'},&,15.0,&
{'R2'},{'R3'},{'D4'},{'R1'},{'D1'},{'D2'},{'D5'},{'D3'},{'D6'},{'D7'},&,1.0,&
{'R2'},{'R3'},{'D4'},{'R1'},{'D1'},{'D2'},{'D5'},{'D6'},{'D7'},{'D3'},&,2.0,&
{'R2'},{'R3'},{'D4'},{'R1'},{'D1'},{'D2'},{'D5'},{'D6'},{'D3'},{'D7'},&,7.0,&
{'R2'},{'R3'},{'D4'},{'R1'},{'D1'},{'D5'},{'D2'},{'D3'},{'D6'},{'D7'},&,1.0,&
{'R2'},{'R3'},{'D4'},{'R1'},{'D1'},{'D5'},{'D2'},{'D6'},{'D3'},{'D7'},&,7.0,&
{'R2'},{'R3'},{'D4'},{'R1'},{'D1'},{'D5'},{'D6'},{'D2'},{'D3'},{'D7'},&,5.0,&
{'R2'},{'R3'},{'D4'},{'R1'},{'D1'},{'D3'},{'D2'},{'D6'},{'D7'},{'D5'},&,1.0,&
{'R2'},{'R3'},{'D4'},{'R1'},{'D1'},{'D3'},{'D2'},{'D6'},{'D5'},{'D7'},&,7.0,&
{'R2'},{'R3'},{'D4'},{'R1'},{'D1'},{'D3'},{'D6'},{'D2'},{'D7'},{'D5'},&,1.0,&
{'R2'},{'R3'},{'D4'},{'R1'},{'D1'},{'D3'},{'D6'},{'D2'},{'D5'},{'D7'},&,3.0,&
{'R2'},{'R3'},{'D4'},{'R1'},{'D1'},{'D3'},{'D6'},{'D5'},{'D2'},{'D7'},&,1.0,&
{'R2'},{'R3'},{'D4'},{'R1'},{'D7'},{'D1'},{'D6'},{'D2'},{'D5'},{'D3'},&,1.0,&
{'R2'},{'R3'},{'D4'},{'R1'},{'D2'},{'D1'},{'D6'},{'D3'},{'D7'},{'D5'},&,2.0,&
{'R2'},{'R3'},{'D4'},{'R1'},{'D2'},{'D1'},{'D6'},{'D3'},{'D5'},{'D7'},&,17.0,&
{'R2'},{'R3'},{'D4'},{'R1'},{'D2'},{'D1'},{'D6'},{'D5'},{'D7'},{'D3'},&,6.0,&
{'R2'},{'R3'},{'D4'},{'R1'},{'D2'},{'D1'},{'D6'},{'D5'},{'D3'},{'D7'},&,17.0,&
{'R2'},{'R3'},{'D4'},{'R1'},{'D2'},{'D1'},{'D7'},{'D6'},{'D5'},{'D3'},&,1.0,&
{'R2'},{'R3'},{'D4'},{'R1'},{'D2'},{'D1'},{'D5'},{'D6'},{'D3'},{'D7'},&,2.0,&
{'R2'},{'R3'},{'D4'},{'R1'},{'D6'},{'D1'},{'D2'},{'D7'},{'D3'},{'D5'},&,1.0,&
{'R2'},{'R3'},{'D4'},{'R1'},{'D6'},{'D1'},{'D2'},{'D7'},{'D5'},{'D3'},&,1.0,&
{'R2'},{'R3'},{'D4'},{'R1'},{'D6'},{'D1'},{'D2'},{'D3'},{'D7'},{'D5'},&,2.0,&
{'R2'},{'R3'},{'D4'},{'R1'},{'D6'},{'D1'},{'D2'},{'D3'},{'D5'},{'D7'},&,23.0,&
{'R2'},{'R3'},{'D4'},{'R1'},{'D6'},{'D1'},{'D2'},{'D5'},{'D7'},{'D3'},&,3.0,&
{'R2'},{'R3'},{'D4'},{'R1'},{'D6'},{'D1'},{'D2'},{'D5'},{'D3'},{'D7'},&,24.0,&
{'R2'},{'R3'},{'D4'},{'R1'},{'D6'},{'D1'},{'D5'},{'D2'},{'D7'},{'D3'},&,1.0,&
{'R2'},{'R3'},{'D4'},{'R1'},{'D6'},{'D1'},{'D5'},{'D2'},{'D3'},{'D7'},&,3.0,&
{'R2'},{'R3'},{'D4'},{'R1'},{'D6'},{'D2'},{'D1'},{'D7'},{'D5'},{'D3'},&,1.0,&
{'R2'},{'R3'},{'D4'},{'R1'},{'D6'},{'D2'},{'D1'},{'D3'},{'D5'},{'D7'},&,1.0,&
{'R2'},{'R3'},{'D4'},{'R1'},{'D6'},{'D2'},{'D1'},{'D5'},{'D7'},{'D3'},&,1.0,&
{'R2'},{'R3'},{'D4'},{'R1'},{'D6'},{'D2'},{'D1'},{'D5'},{'D3'},{'D7'},&,1.0,&
{'R2'},{'R3'},{'D4'},{'R1'},{'D5'},{'D1'},{'D6'},{'D2'},{'D3'},{'D7'},&,1.0,&
{'R2'},{'R3'},{'D4'},{'D6'},{'D1'},{'D2'},{'D3'},{'R1'},{'D5'},{'D7'},&,1.0,&
{'R2'},{'R3'},{'D4'},{'D6'},{'D1'},{'D2'},{'D5'},{'D3'},{'D7'},{'R1'},&,1.0,&
{'R2'},{'R3'},{'D4'},{'D6'},{'D1'},{'R1'},{'D2'},{'D5'},{'D3'},{'D7'},&,1.0,&
{'R2'},{'R3'},{'D4'},{'D6'},{'D1'},{'R1'},{'D3'},{'D2'},{'D5'},{'D7'},&,1.0,&
{'R2'},{'R3'},{'D4'},{'D6'},{'R1'},{'D1'},{'D2'},{'D7'},{'D3'},{'D5'},&,3.0,&
{'R2'},{'R3'},{'D4'},{'D6'},{'R1'},{'D1'},{'D2'},{'D7'},{'D5'},{'D3'},&,1.0,&
{'R2'},{'R3'},{'D4'},{'D6'},{'R1'},{'D1'},{'D2'},{'D3'},{'D5'},{'D7'},&,3.0,&
{'R2'},{'R3'},{'D4'},{'D6'},{'R1'},{'D1'},{'D2'},{'D5'},{'D7'},{'D3'},&,2.0,&
{'R2'},{'R3'},{'D4'},{'D6'},{'R1'},{'D1'},{'D2'},{'D5'},{'D3'},{'D7'},&,3.0,&
{'R2'},{'R3'},{'D4'},{'D6'},{'R1'},{'D1'},{'D3'},{'D2'},{'D5'},{'D7'},&,1.0,&
{'R2'},{'R3'},{'D4'},{'D6'},{'R1'},{'D2'},{'D1'},{'D7'},{'D5'},{'D3'},&,1.0,&
{'R2'},{'R3'},{'D3'},{'R1'},{'D1'},{'D4'},{'D2'},{'D6'},{'D5'},{'D7'},&,1.0,&
{'R2'},{'R3'},{'D3'},{'R1'},{'D1'},{'D4'},{'D6'},{'D2'},{'D7'},{'D5'},&,1.0,&
{'R2'},{'R3'},{'D3'},{'R1'},{'D1'},{'D4'},{'D6'},{'D2'},{'D5'},{'D7'},&,1.0,&
{'R2'},{'R3'},{'D3'},{'R1'},{'D4'},{'D6'},{'D1'},{'D2'},{'D5'},{'D7'},&,1.0,&
{'R2'},{'R3'},{'D3'},{'R1'},{'D4'},{'D1'},{'D6'},{'D2'},{'D5'},{'D7'},&,1.0,&
{'R2'},{'R3'},{'D5'},{'D1'},{'R1'},{'D4'},{'D2'},{'D6'},{'D7'},{'D3'},&,1.0,&
{'R2'},{'R3'},{'D5'},{'D1'},{'R1'},{'D4'},{'D6'},{'D2'},{'D3'},{'D7'},&,1.0,&
{'R2'},{'R3'},{'D5'},{'D1'},{'R1'},{'D2'},{'D4'},{'D6'},{'D3'},{'D7'},&,1.0,&
{'R2'},{'R3'},{'D5'},{'R1'},{'D1'},{'D2'},{'D4'},{'D6'},{'D3'},{'D7'},&,1.0,&
{'R2'},{'R3'},{'D5'},{'R1'},{'D4'},{'D1'},{'D2'},{'D6'},{'D3'},{'D7'},&,1.0,&
{'R2'},{'R3'},{'D6'},{'D1'},{'D2'},{'D4'},{'R1'},{'D3'},{'D5'},{'D7'},&,1.0,&
{'R2'},{'R3'},{'D6'},{'D1'},{'D4'},{'D2'},{'R1'},{'D3'},{'D5'},{'D7'},&,1.0,&
{'R2'},{'R3'},{'D6'},{'D1'},{'D4'},{'D2'},{'R1'},{'D5'},{'D3'},{'D7'},&,1.0,&
{'R2'},{'R3'},{'D6'},{'D1'},{'D4'},{'D2'},{'D5'},{'D3'},{'D7'},{'R1'},&,1.0,&
{'R2'},{'R3'},{'D6'},{'D1'},{'D4'},{'R1'},{'D2'},{'D3'},{'D5'},{'D7'},&,1.0,&
{'R2'},{'R3'},{'D6'},{'D1'},{'D4'},{'R1'},{'D2'},{'D5'},{'D7'},{'D3'},&,1.0,&
{'R2'},{'R3'},{'D6'},{'D1'},{'R1'},{'D4'},{'D2'},{'D7'},{'D5'},{'D3'},&,1.0,&
{'R2'},{'R3'},{'D6'},{'D1'},{'R1'},{'D4'},{'D2'},{'D3'},{'D5'},{'D7'},&,8.0,&
{'R2'},{'R3'},{'D6'},{'D1'},{'R1'},{'D4'},{'D2'},{'D5'},{'D3'},{'D7'},&,3.0,&
{'R2'},{'R3'},{'D6'},{'D1'},{'R1'},{'D4'},{'D3'},{'D5'},{'D2'},{'D7'},&,1.0,&
{'R2'},{'R3'},{'D6'},{'D1'},{'R1'},{'D2'},{'D4'},{'D3'},{'D7'},{'D5'},&,1.0,&
{'R2'},{'R3'},{'D6'},{'D2'},{'D1'},{'R1'},{'D4'},{'D5'},{'D3'},{'D7'},&,1.0,&
{'R2'},{'R3'},{'D6'},{'D2'},{'R1'},{'D1'},{'D4'},{'D5'},{'D3'},{'D7'},&,1.0,&
{'R2'},{'R3'},{'D6'},{'R1'},{'D1'},{'D4'},{'D2'},{'D7'},{'D3'},{'D5'},&,2.0,&
{'R2'},{'R3'},{'D6'},{'R1'},{'D1'},{'D4'},{'D2'},{'D7'},{'D5'},{'D3'},&,2.0,&
{'R2'},{'R3'},{'D6'},{'R1'},{'D1'},{'D4'},{'D2'},{'D3'},{'D7'},{'D5'},&,2.0,&
{'R2'},{'R3'},{'D6'},{'R1'},{'D1'},{'D4'},{'D2'},{'D3'},{'D5'},{'D7'},&,32.0,&
{'R2'},{'R3'},{'D6'},{'R1'},{'D1'},{'D4'},{'D2'},{'D5'},{'D7'},{'D3'},&,4.0,&
{'R2'},{'R3'},{'D6'},{'R1'},{'D1'},{'D4'},{'D2'},{'D5'},{'D3'},{'D7'},&,36.0,&
{'R2'},{'R3'},{'D6'},{'R1'},{'D1'},{'D4'},{'D3'},{'D2'},{'D5'},{'D7'},&,3.0,&
{'R2'},{'R3'},{'D6'},{'R1'},{'D1'},{'D4'},{'D5'},{'D2'},{'D3'},{'D7'},&,8.0,&
{'R2'},{'R3'},{'D6'},{'R1'},{'D1'},{'D2'},{'D4'},{'D7'},{'D3'},{'D5'},&,1.0,&
{'R2'},{'R3'},{'D6'},{'R1'},{'D1'},{'D2'},{'D4'},{'D3'},{'D7'},{'D5'},&,1.0,&
{'R2'},{'R3'},{'D6'},{'R1'},{'D1'},{'D2'},{'D4'},{'D3'},{'D5'},{'D7'},&,1.0,&
{'R2'},{'R3'},{'D6'},{'R1'},{'D1'},{'D2'},{'D4'},{'D5'},{'D7'},{'D3'},&,1.0,&
{'R2'},{'R3'},{'D6'},{'R1'},{'D1'},{'D2'},{'D4'},{'D5'},{'D3'},{'D7'},&,5.0,&
{'R2'},{'R3'},{'D6'},{'R1'},{'D1'},{'D2'},{'D3'},{'D4'},{'D7'},{'D5'},&,1.0,&
{'R2'},{'R3'},{'D6'},{'R1'},{'D2'},{'D4'},{'D1'},{'D3'},{'D5'},{'D7'},&,1.0,&
{'R2'},{'R3'},{'D6'},{'R1'},{'D2'},{'D1'},{'D4'},{'D3'},{'D5'},{'D7'},&,2.0,&
{'R2'},{'R3'},{'D6'},{'R1'},{'D2'},{'D1'},{'D4'},{'D5'},{'D3'},{'D7'},&,2.0,&
{'R2'},{'R3'},{'D6'},{'R1'},{'D4'},{'D1'},{'D2'},{'D7'},{'D3'},{'D5'},&,1.0,&
{'R2'},{'R3'},{'D6'},{'R1'},{'D4'},{'D1'},{'D2'},{'D7'},{'D5'},{'D3'},&,2.0,&
{'R2'},{'R3'},{'D6'},{'R1'},{'D4'},{'D1'},{'D2'},{'D3'},{'D7'},{'D5'},&,3.0,&
{'R2'},{'R3'},{'D6'},{'R1'},{'D4'},{'D1'},{'D2'},{'D3'},{'D5'},{'D7'},&,8.0,&
{'R2'},{'R3'},{'D6'},{'R1'},{'D4'},{'D1'},{'D2'},{'D5'},{'D7'},{'D3'},&,2.0,&
{'R2'},{'R3'},{'D6'},{'R1'},{'D4'},{'D1'},{'D2'},{'D5'},{'D3'},{'D7'},&,18.0,&
{'R2'},{'R3'},{'D6'},{'R1'},{'D4'},{'D1'},{'D5'},{'D2'},{'D7'},{'D3'},&,1.0,&
{'R2'},{'R3'},{'D6'},{'R1'},{'D4'},{'D1'},{'D5'},{'D2'},{'D3'},{'D7'},&,1.0,&
{'R2'},{'R3'},{'D6'},{'R1'},{'D4'},{'D2'},{'D1'},{'D3'},{'D7'},{'D5'},&,1.0,&
{'R2'},{'R3'},{'D6'},{'R1'},{'D4'},{'D2'},{'D1'},{'D5'},{'D3'},{'D7'},&,1.0,&
{'R2'},{'R3'},{'D6'},{'D4'},{'D1'},{'D2'},{'R1'},{'D3'},{'D5'},{'D7'},&,1.0,&
{'R2'},{'R3'},{'D6'},{'D4'},{'D1'},{'D2'},{'R1'},{'D5'},{'D7'},{'D3'},&,1.0,&
{'R2'},{'R3'},{'D6'},{'D4'},{'D1'},{'D2'},{'R1'},{'D5'},{'D3'},{'D7'},&,1.0,&
{'R2'},{'R3'},{'D6'},{'D4'},{'D1'},{'R1'},{'D2'},{'D3'},{'D5'},{'D7'},&,1.0,&
{'R2'},{'R3'},{'D6'},{'D4'},{'D1'},{'R1'},{'D2'},{'D5'},{'D3'},{'D7'},&,1.0,&
{'R2'},{'R3'},{'D6'},{'D4'},{'R1'},{'D1'},{'D2'},{'D3'},{'D5'},{'D7'},&,4.0,&
{'R2'},{'R3'},{'D6'},{'D4'},{'R1'},{'D1'},{'D2'},{'D5'},{'D3'},{'D7'},&,8.0,&
{'R2'},{'R3'},{'D6'},{'D4'},{'R1'},{'D1'},{'D3'},{'D2'},{'D5'},{'D7'},&,1.0,&
{'R2'},{'R3'},{'D6'},{'D4'},{'R1'},{'D1'},{'D5'},{'D2'},{'D3'},{'D7'},&,1.0,&
{'R2'},{'R3'},{'D6'},{'D4'},{'R1'},{'D2'},{'D1'},{'D3'},{'D5'},{'D7'},&,1.0,&
{'R2'},{'R3'},{'D6'},{'D4'},{'R1'},{'D2'},{'D1'},{'D5'},{'D3'},{'D7'},&,1.0,&
{'R2'},{'R3'},{'D1'},{'D7'},{'D6'},{'R1'},{'D4'},{'D2'},{'D3'},{'D5'},&,1.0,&
{'R2'},{'R3'},{'D1'},{'D2'},{'D6'},{'R1'},{'D4'},{'D3'},{'D7'},{'D5'},&,1.0,&
{'R2'},{'R3'},{'D1'},{'D2'},{'D6'},{'R1'},{'D4'},{'D3'},{'D5'},{'D7'},&,1.0,&
{'R2'},{'R3'},{'D1'},{'D2'},{'D4'},{'D6'},{'R1'},{'D7'},{'D3'},{'D5'},&,1.0,&
{'R2'},{'R3'},{'D1'},{'D2'},{'D4'},{'D6'},{'R1'},{'D3'},{'D5'},{'D7'},&,1.0,&
{'R2'},{'R3'},{'D1'},{'D2'},{'D4'},{'D6'},{'R1'},{'D5'},{'D3'},{'D7'},&,1.0,&
{'R2'},{'R3'},{'D1'},{'D2'},{'D4'},{'R1'},{'D6'},{'D7'},{'D3'},{'D5'},&,1.0,&
{'R2'},{'R3'},{'D1'},{'D2'},{'D4'},{'R1'},{'D6'},{'D3'},{'D7'},{'D5'},&,1.0,&
{'R2'},{'R3'},{'D1'},{'D2'},{'D4'},{'R1'},{'D6'},{'D3'},{'D5'},{'D7'},&,6.0,&
{'R2'},{'R3'},{'D1'},{'D2'},{'D4'},{'R1'},{'D6'},{'D5'},{'D7'},{'D3'},&,1.0,&
{'R2'},{'R3'},{'D1'},{'D2'},{'D4'},{'R1'},{'D6'},{'D5'},{'D3'},{'D7'},&,4.0,&
{'R2'},{'R3'},{'D1'},{'D2'},{'D4'},{'R1'},{'D5'},{'D6'},{'D3'},{'D7'},&,1.0,&
{'R2'},{'R3'},{'D1'},{'D2'},{'R1'},{'D6'},{'D4'},{'D7'},{'D5'},{'D3'},&,1.0,&
{'R2'},{'R3'},{'D1'},{'D2'},{'R1'},{'D6'},{'D4'},{'D3'},{'D7'},{'D5'},&,1.0,&
{'R2'},{'R3'},{'D1'},{'D2'},{'R1'},{'D6'},{'D4'},{'D3'},{'D5'},{'D7'},&,1.0,&
{'R2'},{'R3'},{'D1'},{'D2'},{'R1'},{'D6'},{'D4'},{'D5'},{'D7'},{'D3'},&,1.0,&
{'R2'},{'R3'},{'D1'},{'D2'},{'R1'},{'D6'},{'D4'},{'D5'},{'D3'},{'D7'},&,6.0,&
{'R2'},{'R3'},{'D1'},{'D2'},{'R1'},{'D4'},{'D6'},{'D7'},{'D3'},{'D5'},&,1.0,&
{'R2'},{'R3'},{'D1'},{'D2'},{'R1'},{'D4'},{'D6'},{'D7'},{'D5'},{'D3'},&,1.0,&
{'R2'},{'R3'},{'D1'},{'D2'},{'R1'},{'D4'},{'D6'},{'D3'},{'D5'},{'D7'},&,16.0,&
{'R2'},{'R3'},{'D1'},{'D2'},{'R1'},{'D4'},{'D6'},{'D5'},{'D7'},{'D3'},&,4.0,&
{'R2'},{'R3'},{'D1'},{'D2'},{'R1'},{'D4'},{'D6'},{'D5'},{'D3'},{'D7'},&,29.0,&
{'R2'},{'R3'},{'D1'},{'D2'},{'R1'},{'D4'},{'D5'},{'D3'},{'D6'},{'D7'},&,1.0,&
{'R2'},{'R3'},{'D1'},{'D2'},{'R1'},{'D4'},{'D5'},{'D6'},{'D3'},{'D7'},&,3.0,&
{'R2'},{'R3'},{'D1'},{'D2'},{'R1'},{'D5'},{'D4'},{'D6'},{'D3'},{'D7'},&,1.0,&
{'R2'},{'R3'},{'D1'},{'D2'},{'R1'},{'D3'},{'D4'},{'D6'},{'D5'},{'D7'},&,1.0,&
{'R2'},{'R3'},{'D1'},{'D3'},{'D4'},{'R1'},{'D2'},{'D6'},{'D5'},{'D7'},&,1.0,&
{'R2'},{'R3'},{'D1'},{'D3'},{'R1'},{'D2'},{'D4'},{'D6'},{'D5'},{'D7'},&,2.0,&
{'R2'},{'R3'},{'D1'},{'D5'},{'R1'},{'D2'},{'D4'},{'D6'},{'D3'},{'D7'},&,1.0,&
{'R2'},{'R3'},{'D1'},{'R1'},{'D7'},{'D2'},{'D4'},{'D6'},{'D3'},{'D5'},&,1.0,&
{'R2'},{'R3'},{'D1'},{'R1'},{'D2'},{'D6'},{'D4'},{'D7'},{'D3'},{'D5'},&,1.0,&
{'R2'},{'R3'},{'D1'},{'R1'},{'D2'},{'D6'},{'D4'},{'D3'},{'D7'},{'D5'},&,2.0,&
{'R2'},{'R3'},{'D1'},{'R1'},{'D2'},{'D6'},{'D4'},{'D3'},{'D5'},{'D7'},&,22.0,&
{'R2'},{'R3'},{'D1'},{'R1'},{'D2'},{'D6'},{'D4'},{'D5'},{'D7'},{'D3'},&,2.0,&
{'R2'},{'R3'},{'D1'},{'R1'},{'D2'},{'D6'},{'D4'},{'D5'},{'D3'},{'D7'},&,17.0,&
{'R2'},{'R3'},{'D1'},{'R1'},{'D2'},{'D4'},{'D6'},{'D7'},{'D3'},{'D5'},&,6.0,&
{'R2'},{'R3'},{'D1'},{'R1'},{'D2'},{'D4'},{'D6'},{'D7'},{'D5'},{'D3'},&,4.0,&
{'R2'},{'R3'},{'D1'},{'R1'},{'D2'},{'D4'},{'D6'},{'D3'},{'D7'},{'D5'},&,9.0,&
{'R2'},{'R3'},{'D1'},{'R1'},{'D2'},{'D4'},{'D6'},{'D3'},{'D5'},{'D7'},&,95.0,&
{'R2'},{'R3'},{'D1'},{'R1'},{'D2'},{'D4'},{'D6'},{'D5'},{'D7'},{'D3'},&,17.0,&
{'R2'},{'R3'},{'D1'},{'R1'},{'D2'},{'D4'},{'D6'},{'D5'},{'D3'},{'D7'},&,93.0,&
{'R2'},{'R3'},{'D1'},{'R1'},{'D2'},{'D4'},{'D3'},{'D6'},{'D5'},{'D7'},&,5.0,&
{'R2'},{'R3'},{'D1'},{'R1'},{'D2'},{'D4'},{'D5'},{'D6'},{'D3'},{'D7'},&,7.0,&
{'R2'},{'R3'},{'D1'},{'R1'},{'D3'},{'D6'},{'D4'},{'D2'},{'D5'},{'D7'},&,1.0,&
{'R2'},{'R3'},{'D1'},{'R1'},{'D3'},{'D4'},{'D2'},{'D6'},{'D5'},{'D7'},&,4.0,&
{'R2'},{'R3'},{'D1'},{'R1'},{'D3'},{'D4'},{'D6'},{'D2'},{'D5'},{'D7'},&,1.0,&
{'R2'},{'R3'},{'D1'},{'R1'},{'D3'},{'D4'},{'D5'},{'D2'},{'D6'},{'D7'},&,1.0,&
{'R2'},{'R3'},{'D1'},{'R1'},{'D3'},{'D2'},{'D4'},{'D6'},{'D5'},{'D7'},&,1.0,&
{'R2'},{'R3'},{'D1'},{'R1'},{'D6'},{'D4'},{'D2'},{'D7'},{'D3'},{'D5'},&,5.0,&
{'R2'},{'R3'},{'D1'},{'R1'},{'D6'},{'D4'},{'D2'},{'D7'},{'D5'},{'D3'},&,8.0,&
{'R2'},{'R3'},{'D1'},{'R1'},{'D6'},{'D4'},{'D2'},{'D3'},{'D7'},{'D5'},&,11.0,&
{'R2'},{'R3'},{'D1'},{'R1'},{'D6'},{'D4'},{'D2'},{'D3'},{'D5'},{'D7'},&,81.0,&
{'R2'},{'R3'},{'D1'},{'R1'},{'D6'},{'D4'},{'D2'},{'D5'},{'D7'},{'D3'},&,12.0,&
{'R2'},{'R3'},{'D1'},{'R1'},{'D6'},{'D4'},{'D2'},{'D5'},{'D3'},{'D7'},&,91.0,&
{'R2'},{'R3'},{'D1'},{'R1'},{'D6'},{'D4'},{'D7'},{'D2'},{'D3'},{'D5'},&,1.0,&
{'R2'},{'R3'},{'D1'},{'R1'},{'D6'},{'D4'},{'D7'},{'D2'},{'D5'},{'D3'},&,2.0,&
{'R2'},{'R3'},{'D1'},{'R1'},{'D6'},{'D4'},{'D3'},{'D2'},{'D7'},{'D5'},&,2.0,&
{'R2'},{'R3'},{'D1'},{'R1'},{'D6'},{'D4'},{'D3'},{'D2'},{'D5'},{'D7'},&,2.0,&
{'R2'},{'R3'},{'D1'},{'R1'},{'D6'},{'D4'},{'D3'},{'D5'},{'D2'},{'D7'},&,1.0,&
{'R2'},{'R3'},{'D1'},{'R1'},{'D6'},{'D4'},{'D5'},{'D2'},{'D3'},{'D7'},&,5.0,&
{'R2'},{'R3'},{'D1'},{'R1'},{'D6'},{'D2'},{'D4'},{'D7'},{'D5'},{'D3'},&,3.0,&
{'R2'},{'R3'},{'D1'},{'R1'},{'D6'},{'D2'},{'D4'},{'D3'},{'D5'},{'D7'},&,10.0,&
{'R2'},{'R3'},{'D1'},{'R1'},{'D6'},{'D2'},{'D4'},{'D5'},{'D7'},{'D3'},&,8.0,&
{'R2'},{'R3'},{'D1'},{'R1'},{'D6'},{'D2'},{'D4'},{'D5'},{'D3'},{'D7'},&,13.0,&
{'R2'},{'R3'},{'D1'},{'R1'},{'D6'},{'D3'},{'D4'},{'D2'},{'D5'},{'D7'},&,1.0,&
{'R2'},{'R3'},{'D1'},{'R1'},{'D4'},{'D6'},{'D2'},{'D7'},{'D3'},{'D5'},&,11.0,&
{'R2'},{'R3'},{'D1'},{'R1'},{'D4'},{'D6'},{'D2'},{'D7'},{'D5'},{'D3'},&,25.0,&
{'R2'},{'R3'},{'D1'},{'R1'},{'D4'},{'D6'},{'D2'},{'D3'},{'D7'},{'D5'},&,40.0,&
{'R2'},{'R3'},{'D1'},{'R1'},{'D4'},{'D6'},{'D2'},{'D3'},{'D5'},{'D7'},&,330.0,&
{'R2'},{'R3'},{'D1'},{'R1'},{'D4'},{'D6'},{'D2'},{'D5'},{'D7'},{'D3'},&,55.0,&
{'R2'},{'R3'},{'D1'},{'R1'},{'D4'},{'D6'},{'D2'},{'D5'},{'D3'},{'D7'},&,428.0,&
{'R2'},{'R3'},{'D1'},{'R1'},{'D4'},{'D6'},{'D7'},{'D2'},{'D5'},{'D3'},&,3.0,&
{'R2'},{'R3'},{'D1'},{'R1'},{'D4'},{'D6'},{'D3'},{'D2'},{'D7'},{'D5'},&,1.0,&
{'R2'},{'R3'},{'D1'},{'R1'},{'D4'},{'D6'},{'D3'},{'D2'},{'D5'},{'D7'},&,17.0,&
{'R2'},{'R3'},{'D1'},{'R1'},{'D4'},{'D6'},{'D5'},{'D2'},{'D7'},{'D3'},&,2.0,&
{'R2'},{'R3'},{'D1'},{'R1'},{'D4'},{'D6'},{'D5'},{'D2'},{'D3'},{'D7'},&,22.0,&
{'R2'},{'R3'},{'D1'},{'R1'},{'D4'},{'D6'},{'D5'},{'D3'},{'D2'},{'D7'},&,1.0,&
{'R2'},{'R3'},{'D1'},{'R1'},{'D4'},{'D7'},{'D2'},{'D6'},{'D5'},{'D3'},&,4.0,&
{'R2'},{'R3'},{'D1'},{'R1'},{'D4'},{'D7'},{'D6'},{'D2'},{'D3'},{'D5'},&,1.0,&
{'R2'},{'R3'},{'D1'},{'R1'},{'D4'},{'D2'},{'D6'},{'D7'},{'D3'},{'D5'},&,25.0,&
{'R2'},{'R3'},{'D1'},{'R1'},{'D4'},{'D2'},{'D6'},{'D7'},{'D5'},{'D3'},&,32.0,&
{'R2'},{'R3'},{'D1'},{'R1'},{'D4'},{'D2'},{'D6'},{'D3'},{'D7'},{'D5'},&,42.0,&
{'R2'},{'R3'},{'D1'},{'R1'},{'D4'},{'D2'},{'D6'},{'D3'},{'D5'},{'D7'},&,314.0,&
{'R2'},{'R3'},{'D1'},{'R1'},{'D4'},{'D2'},{'D6'},{'D5'},{'D7'},{'D3'},&,53.0,&
{'R2'},{'R3'},{'D1'},{'R1'},{'D4'},{'D2'},{'D6'},{'D5'},{'D3'},{'D7'},&,378.0,&
{'R2'},{'R3'},{'D1'},{'R1'},{'D4'},{'D2'},{'D7'},{'D6'},{'D3'},{'D5'},&,4.0,&
{'R2'},{'R3'},{'D1'},{'R1'},{'D4'},{'D2'},{'D3'},{'D6'},{'D7'},{'D5'},&,2.0,&
{'R2'},{'R3'},{'D1'},{'R1'},{'D4'},{'D2'},{'D3'},{'D6'},{'D5'},{'D7'},&,23.0,&
{'R2'},{'R3'},{'D1'},{'R1'},{'D4'},{'D2'},{'D3'},{'D5'},{'D6'},{'D7'},&,1.0,&
{'R2'},{'R3'},{'D1'},{'R1'},{'D4'},{'D2'},{'D5'},{'D6'},{'D7'},{'D3'},&,2.0,&
{'R2'},{'R3'},{'D1'},{'R1'},{'D4'},{'D2'},{'D5'},{'D6'},{'D3'},{'D7'},&,21.0,&
{'R2'},{'R3'},{'D1'},{'R1'},{'D4'},{'D5'},{'D2'},{'D6'},{'D7'},{'D3'},&,3.0,&
{'R2'},{'R3'},{'D1'},{'R1'},{'D4'},{'D5'},{'D2'},{'D6'},{'D3'},{'D7'},&,16.0,&
{'R2'},{'R3'},{'D1'},{'R1'},{'D4'},{'D5'},{'D6'},{'D2'},{'D7'},{'D3'},&,3.0,&
{'R2'},{'R3'},{'D1'},{'R1'},{'D4'},{'D5'},{'D6'},{'D2'},{'D3'},{'D7'},&,19.0,&
{'R2'},{'R3'},{'D1'},{'R1'},{'D4'},{'D5'},{'D6'},{'D3'},{'D2'},{'D7'},&,2.0,&
{'R2'},{'R3'},{'D1'},{'R1'},{'D4'},{'D5'},{'D3'},{'D6'},{'D2'},{'D7'},&,1.0,&
{'R2'},{'R3'},{'D1'},{'R1'},{'D4'},{'D3'},{'D2'},{'D6'},{'D7'},{'D5'},&,3.0,&
{'R2'},{'R3'},{'D1'},{'R1'},{'D4'},{'D3'},{'D2'},{'D6'},{'D5'},{'D7'},&,11.0,&
{'R2'},{'R3'},{'D1'},{'R1'},{'D4'},{'D3'},{'D6'},{'D2'},{'D5'},{'D7'},&,10.0,&
{'R2'},{'R3'},{'D1'},{'R1'},{'D4'},{'D3'},{'D6'},{'D5'},{'D2'},{'D7'},&,1.0,&
{'R2'},{'R3'},{'D1'},{'R1'},{'D5'},{'D6'},{'D4'},{'D2'},{'D3'},{'D7'},&,2.0,&
{'R2'},{'R3'},{'D1'},{'R1'},{'D5'},{'D4'},{'D2'},{'D6'},{'D3'},{'D7'},&,1.0,&
{'R2'},{'R3'},{'D1'},{'R1'},{'D5'},{'D4'},{'D6'},{'D2'},{'D3'},{'D7'},&,3.0,&
{'R2'},{'R3'},{'D1'},{'R1'},{'D5'},{'D4'},{'D7'},{'D6'},{'D2'},{'D3'},&,1.0,&
{'R2'},{'R3'},{'D1'},{'R1'},{'D5'},{'D2'},{'D6'},{'D4'},{'D3'},{'D7'},&,1.0,&
{'R2'},{'R3'},{'D1'},{'D6'},{'D2'},{'D4'},{'R1'},{'D5'},{'D3'},{'D7'},&,1.0,&
{'R2'},{'R3'},{'D1'},{'D6'},{'D3'},{'R1'},{'D4'},{'D2'},{'D5'},{'D7'},&,1.0,&
{'R2'},{'R3'},{'D1'},{'D6'},{'D4'},{'D2'},{'D3'},{'R1'},{'D5'},{'D7'},&,1.0,&
{'R2'},{'R3'},{'D1'},{'D6'},{'D4'},{'D2'},{'R1'},{'D7'},{'D3'},{'D5'},&,1.0,&
{'R2'},{'R3'},{'D1'},{'D6'},{'D4'},{'D2'},{'R1'},{'D7'},{'D5'},{'D3'},&,1.0,&
{'R2'},{'R3'},{'D1'},{'D6'},{'D4'},{'D2'},{'R1'},{'D3'},{'D7'},{'D5'},&,2.0,&
{'R2'},{'R3'},{'D1'},{'D6'},{'D4'},{'D2'},{'R1'},{'D5'},{'D3'},{'D7'},&,3.0,&
{'R2'},{'R3'},{'D1'},{'D6'},{'D4'},{'R1'},{'D2'},{'D3'},{'D5'},{'D7'},&,8.0,&
{'R2'},{'R3'},{'D1'},{'D6'},{'D4'},{'R1'},{'D2'},{'D5'},{'D7'},{'D3'},&,2.0,&
{'R2'},{'R3'},{'D1'},{'D6'},{'D4'},{'R1'},{'D2'},{'D5'},{'D3'},{'D7'},&,5.0,&
{'R2'},{'R3'},{'D1'},{'D6'},{'D4'},{'R1'},{'D3'},{'D2'},{'D5'},{'D7'},&,1.0,&
{'R2'},{'R3'},{'D1'},{'D6'},{'R1'},{'D4'},{'D2'},{'D7'},{'D3'},{'D5'},&,4.0,&
{'R2'},{'R3'},{'D1'},{'D6'},{'R1'},{'D4'},{'D2'},{'D7'},{'D5'},{'D3'},&,2.0,&
{'R2'},{'R3'},{'D1'},{'D6'},{'R1'},{'D4'},{'D2'},{'D3'},{'D7'},{'D5'},&,1.0,&
{'R2'},{'R3'},{'D1'},{'D6'},{'R1'},{'D4'},{'D2'},{'D3'},{'D5'},{'D7'},&,21.0,&
{'R2'},{'R3'},{'D1'},{'D6'},{'R1'},{'D4'},{'D2'},{'D5'},{'D3'},{'D7'},&,37.0,&
{'R2'},{'R3'},{'D1'},{'D6'},{'R1'},{'D4'},{'D7'},{'D2'},{'D3'},{'D5'},&,1.0,&
{'R2'},{'R3'},{'D1'},{'D6'},{'R1'},{'D4'},{'D3'},{'D2'},{'D5'},{'D7'},&,2.0,&
{'R2'},{'R3'},{'D1'},{'D6'},{'R1'},{'D4'},{'D5'},{'D2'},{'D3'},{'D7'},&,3.0,&
{'R2'},{'R3'},{'D1'},{'D6'},{'R1'},{'D2'},{'D4'},{'D7'},{'D5'},{'D3'},&,1.0,&
{'R2'},{'R3'},{'D1'},{'D6'},{'R1'},{'D2'},{'D4'},{'D3'},{'D7'},{'D5'},&,1.0,&
{'R2'},{'R3'},{'D1'},{'D6'},{'R1'},{'D2'},{'D4'},{'D3'},{'D5'},{'D7'},&,3.0,&
{'R2'},{'R3'},{'D1'},{'D6'},{'R1'},{'D2'},{'D4'},{'D5'},{'D3'},{'D7'},&,5.0,&
{'R2'},{'R3'},{'D1'},{'D4'},{'D2'},{'D6'},{'D7'},{'R1'},{'D3'},{'D5'},&,1.0,&
{'R2'},{'R3'},{'D1'},{'D4'},{'D2'},{'D6'},{'D7'},{'D3'},{'R1'},{'D5'},&,1.0,&
{'R2'},{'R3'},{'D1'},{'D4'},{'D2'},{'D6'},{'D3'},{'R1'},{'D5'},{'D7'},&,1.0,&
{'R2'},{'R3'},{'D1'},{'D4'},{'D2'},{'D6'},{'R1'},{'D3'},{'D5'},{'D7'},&,3.0,&
{'R2'},{'R3'},{'D1'},{'D4'},{'D2'},{'D6'},{'R1'},{'D5'},{'D7'},{'D3'},&,2.0,&
{'R2'},{'R3'},{'D1'},{'D4'},{'D2'},{'D6'},{'R1'},{'D5'},{'D3'},{'D7'},&,6.0,&
{'R2'},{'R3'},{'D1'},{'D4'},{'D2'},{'D6'},{'D5'},{'R1'},{'D7'},{'D3'},&,1.0,&
{'R2'},{'R3'},{'D1'},{'D4'},{'D2'},{'D6'},{'D5'},{'R1'},{'D3'},{'D7'},&,1.0,&
{'R2'},{'R3'},{'D1'},{'D4'},{'D2'},{'D5'},{'D6'},{'D3'},{'D7'},{'R1'},&,1.0,&
{'R2'},{'R3'},{'D1'},{'D4'},{'D2'},{'D5'},{'R1'},{'D6'},{'D7'},{'D3'},&,1.0,&
{'R2'},{'R3'},{'D1'},{'D4'},{'D2'},{'R1'},{'D6'},{'D7'},{'D3'},{'D5'},&,1.0,&
{'R2'},{'R3'},{'D1'},{'D4'},{'D2'},{'R1'},{'D6'},{'D7'},{'D5'},{'D3'},&,2.0,&
{'R2'},{'R3'},{'D1'},{'D4'},{'D2'},{'R1'},{'D6'},{'D3'},{'D7'},{'D5'},&,2.0,&
{'R2'},{'R3'},{'D1'},{'D4'},{'D2'},{'R1'},{'D6'},{'D3'},{'D5'},{'D7'},&,26.0,&
{'R2'},{'R3'},{'D1'},{'D4'},{'D2'},{'R1'},{'D6'},{'D5'},{'D7'},{'D3'},&,4.0,&
{'R2'},{'R3'},{'D1'},{'D4'},{'D2'},{'R1'},{'D6'},{'D5'},{'D3'},{'D7'},&,31.0,&
{'R2'},{'R3'},{'D1'},{'D4'},{'D2'},{'R1'},{'D3'},{'D6'},{'D5'},{'D7'},&,1.0,&
{'R2'},{'R3'},{'D1'},{'D4'},{'D2'},{'R1'},{'D5'},{'D6'},{'D3'},{'D7'},&,3.0,&
{'R2'},{'R3'},{'D1'},{'D4'},{'D3'},{'D2'},{'R1'},{'D6'},{'D5'},{'D7'},&,1.0,&
{'R2'},{'R3'},{'D1'},{'D4'},{'D3'},{'R1'},{'D6'},{'D2'},{'D5'},{'D7'},&,1.0,&
{'R2'},{'R3'},{'D1'},{'D4'},{'D6'},{'D2'},{'R1'},{'D3'},{'D7'},{'D5'},&,2.0,&
{'R2'},{'R3'},{'D1'},{'D4'},{'D6'},{'D2'},{'R1'},{'D3'},{'D5'},{'D7'},&,5.0,&
{'R2'},{'R3'},{'D1'},{'D4'},{'D6'},{'D2'},{'R1'},{'D5'},{'D3'},{'D7'},&,6.0,&
{'R2'},{'R3'},{'D1'},{'D4'},{'D6'},{'D2'},{'D5'},{'R1'},{'D3'},{'D7'},&,1.0,&
{'R2'},{'R3'},{'D1'},{'D4'},{'D6'},{'D3'},{'R1'},{'D2'},{'D5'},{'D7'},&,1.0,&
{'R2'},{'R3'},{'D1'},{'D4'},{'D6'},{'R1'},{'D2'},{'D7'},{'D5'},{'D3'},&,5.0,&
{'R2'},{'R3'},{'D1'},{'D4'},{'D6'},{'R1'},{'D2'},{'D3'},{'D7'},{'D5'},&,2.0,&
{'R2'},{'R3'},{'D1'},{'D4'},{'D6'},{'R1'},{'D2'},{'D3'},{'D5'},{'D7'},&,20.0,&
{'R2'},{'R3'},{'D1'},{'D4'},{'D6'},{'R1'},{'D2'},{'D5'},{'D7'},{'D3'},&,2.0,&
{'R2'},{'R3'},{'D1'},{'D4'},{'D6'},{'R1'},{'D2'},{'D5'},{'D3'},{'D7'},&,32.0,&
{'R2'},{'R3'},{'D1'},{'D4'},{'D6'},{'R1'},{'D3'},{'D2'},{'D5'},{'D7'},&,1.0,&
{'R2'},{'R3'},{'D1'},{'D4'},{'D6'},{'R1'},{'D5'},{'D2'},{'D7'},{'D3'},&,1.0,&
{'R2'},{'R3'},{'D1'},{'D4'},{'D6'},{'R1'},{'D5'},{'D2'},{'D3'},{'D7'},&,3.0,&
{'R2'},{'R3'},{'D1'},{'D4'},{'D5'},{'D2'},{'D6'},{'R1'},{'D3'},{'D7'},&,1.0,&
{'R2'},{'R3'},{'D1'},{'D4'},{'D5'},{'R1'},{'D2'},{'D6'},{'D3'},{'D7'},&,1.0,&
{'R2'},{'R3'},{'D1'},{'D4'},{'D5'},{'R1'},{'D6'},{'D2'},{'D3'},{'D7'},&,2.0,&
{'R2'},{'R3'},{'D1'},{'D4'},{'D5'},{'R1'},{'D6'},{'D3'},{'D2'},{'D7'},&,1.0,&
{'R2'},{'R3'},{'D1'},{'D4'},{'R1'},{'D6'},{'D2'},{'D7'},{'D3'},{'D5'},&,6.0,&
{'R2'},{'R3'},{'D1'},{'D4'},{'R1'},{'D6'},{'D2'},{'D7'},{'D5'},{'D3'},&,6.0,&
{'R2'},{'R3'},{'D1'},{'D4'},{'R1'},{'D6'},{'D2'},{'D3'},{'D7'},{'D5'},&,8.0,&
{'R2'},{'R3'},{'D1'},{'D4'},{'R1'},{'D6'},{'D2'},{'D3'},{'D5'},{'D7'},&,81.0,&
{'R2'},{'R3'},{'D1'},{'D4'},{'R1'},{'D6'},{'D2'},{'D5'},{'D7'},{'D3'},&,10.0,&
{'R2'},{'R3'},{'D1'},{'D4'},{'R1'},{'D6'},{'D2'},{'D5'},{'D3'},{'D7'},&,96.0,&
{'R2'},{'R3'},{'D1'},{'D4'},{'R1'},{'D6'},{'D3'},{'D2'},{'D5'},{'D7'},&,6.0,&
{'R2'},{'R3'},{'D1'},{'D4'},{'R1'},{'D6'},{'D5'},{'D2'},{'D3'},{'D7'},&,3.0,&
{'R2'},{'R3'},{'D1'},{'D4'},{'R1'},{'D7'},{'D6'},{'D2'},{'D5'},{'D3'},&,1.0,&
{'R2'},{'R3'},{'D1'},{'D4'},{'R1'},{'D2'},{'D6'},{'D7'},{'D3'},{'D5'},&,5.0,&
{'R2'},{'R3'},{'D1'},{'D4'},{'R1'},{'D2'},{'D6'},{'D7'},{'D5'},{'D3'},&,8.0,&
{'R2'},{'R3'},{'D1'},{'D4'},{'R1'},{'D2'},{'D6'},{'D3'},{'D7'},{'D5'},&,4.0,&
{'R2'},{'R3'},{'D1'},{'D4'},{'R1'},{'D2'},{'D6'},{'D3'},{'D5'},{'D7'},&,71.0,&
{'R2'},{'R3'},{'D1'},{'D4'},{'R1'},{'D2'},{'D6'},{'D5'},{'D7'},{'D3'},&,17.0,&
{'R2'},{'R3'},{'D1'},{'D4'},{'R1'},{'D2'},{'D6'},{'D5'},{'D3'},{'D7'},&,88.0,&
{'R2'},{'R3'},{'D1'},{'D4'},{'R1'},{'D2'},{'D3'},{'D6'},{'D5'},{'D7'},&,3.0,&
{'R2'},{'R3'},{'D1'},{'D4'},{'R1'},{'D2'},{'D5'},{'D3'},{'D6'},{'D7'},&,2.0,&
{'R2'},{'R3'},{'D1'},{'D4'},{'R1'},{'D2'},{'D5'},{'D6'},{'D7'},{'D3'},&,3.0,&
{'R2'},{'R3'},{'D1'},{'D4'},{'R1'},{'D2'},{'D5'},{'D6'},{'D3'},{'D7'},&,6.0,&
{'R2'},{'R3'},{'D1'},{'D4'},{'R1'},{'D5'},{'D2'},{'D6'},{'D3'},{'D7'},&,4.0,&
{'R2'},{'R3'},{'D1'},{'D4'},{'R1'},{'D5'},{'D6'},{'D2'},{'D7'},{'D3'},&,1.0,&
{'R2'},{'R3'},{'D1'},{'D4'},{'R1'},{'D5'},{'D6'},{'D2'},{'D3'},{'D7'},&,3.0,&
{'R2'},{'R3'},{'D1'},{'D4'},{'R1'},{'D5'},{'D3'},{'D6'},{'D2'},{'D7'},&,1.0,&
{'R2'},{'R3'},{'D1'},{'D4'},{'R1'},{'D3'},{'D2'},{'D6'},{'D5'},{'D7'},&,1.0,&
{'R2'},{'R3'},{'D1'},{'D4'},{'R1'},{'D3'},{'D6'},{'D2'},{'D5'},{'D7'},&,5.0,&
{'R2'},{'R3'},{'D1'},{'D4'},{'R1'},{'D3'},{'D6'},{'D5'},{'D2'},{'D7'},&,1.0,&
{'R2'},{'R3'},{'D1'},{'D4'},{'R1'},{'D3'},{'D5'},{'D2'},{'D6'},{'D7'},&,1.0,&
{'R2'},{'R3'},{'D7'},{'D1'},{'R1'},{'D4'},{'D2'},{'D6'},{'D3'},{'D5'},&,1.0,&
{'R2'},{'R3'},{'D2'},{'D1'},{'D4'},{'D6'},{'D5'},{'D3'},{'R1'},{'D7'},&,1.0,&
{'R2'},{'R3'},{'D2'},{'D1'},{'D4'},{'R1'},{'D6'},{'D3'},{'D7'},{'D5'},&,1.0,&
{'R2'},{'R3'},{'D2'},{'D1'},{'D4'},{'R1'},{'D6'},{'D3'},{'D5'},{'D7'},&,2.0,&
{'R2'},{'R3'},{'D2'},{'D1'},{'D4'},{'R1'},{'D6'},{'D5'},{'D3'},{'D7'},&,1.0,&
{'R2'},{'R3'},{'D2'},{'D1'},{'D4'},{'R1'},{'D5'},{'D6'},{'D3'},{'D7'},&,1.0,&
{'R2'},{'R3'},{'D2'},{'D1'},{'R1'},{'D6'},{'D4'},{'D3'},{'D5'},{'D7'},&,1.0,&
{'R2'},{'R3'},{'D2'},{'D1'},{'R1'},{'D6'},{'D4'},{'D5'},{'D3'},{'D7'},&,1.0,&
{'R2'},{'R3'},{'D2'},{'D1'},{'R1'},{'D4'},{'D6'},{'D7'},{'D5'},{'D3'},&,1.0,&
{'R2'},{'R3'},{'D2'},{'D1'},{'R1'},{'D4'},{'D6'},{'D3'},{'D7'},{'D5'},&,1.0,&
{'R2'},{'R3'},{'D2'},{'D1'},{'R1'},{'D4'},{'D6'},{'D3'},{'D5'},{'D7'},&,8.0,&
{'R2'},{'R3'},{'D2'},{'D1'},{'R1'},{'D4'},{'D6'},{'D5'},{'D7'},{'D3'},&,1.0,&
{'R2'},{'R3'},{'D2'},{'D1'},{'R1'},{'D4'},{'D6'},{'D5'},{'D3'},{'D7'},&,8.0,&
{'R2'},{'R3'},{'D2'},{'R1'},{'D1'},{'D6'},{'D4'},{'D3'},{'D5'},{'D7'},&,2.0,&
{'R2'},{'R3'},{'D2'},{'R1'},{'D1'},{'D6'},{'D4'},{'D5'},{'D7'},{'D3'},&,1.0,&
{'R2'},{'R3'},{'D2'},{'R1'},{'D1'},{'D6'},{'D4'},{'D5'},{'D3'},{'D7'},&,6.0,&
{'R2'},{'R3'},{'D2'},{'R1'},{'D1'},{'D4'},{'D6'},{'D7'},{'D3'},{'D5'},&,7.0,&
{'R2'},{'R3'},{'D2'},{'R1'},{'D1'},{'D4'},{'D6'},{'D7'},{'D5'},{'D3'},&,3.0,&
{'R2'},{'R3'},{'D2'},{'R1'},{'D1'},{'D4'},{'D6'},{'D3'},{'D7'},{'D5'},&,1.0,&
{'R2'},{'R3'},{'D2'},{'R1'},{'D1'},{'D4'},{'D6'},{'D3'},{'D5'},{'D7'},&,31.0,&
{'R2'},{'R3'},{'D2'},{'R1'},{'D1'},{'D4'},{'D6'},{'D5'},{'D7'},{'D3'},&,4.0,&
{'R2'},{'R3'},{'D2'},{'R1'},{'D1'},{'D4'},{'D6'},{'D5'},{'D3'},{'D7'},&,36.0,&
{'R2'},{'R3'},{'D2'},{'R1'},{'D1'},{'D4'},{'D3'},{'D6'},{'D5'},{'D7'},&,2.0,&
{'R2'},{'R3'},{'D2'},{'R1'},{'D1'},{'D4'},{'D5'},{'D6'},{'D3'},{'D7'},&,5.0,&
{'R2'},{'R3'},{'D2'},{'R1'},{'D6'},{'D4'},{'D1'},{'D3'},{'D5'},{'D7'},&,1.0,&
{'R2'},{'R3'},{'D2'},{'R1'},{'D6'},{'D1'},{'D4'},{'D3'},{'D5'},{'D7'},&,1.0,&
{'R2'},{'R3'},{'D2'},{'R1'},{'D6'},{'D1'},{'D4'},{'D5'},{'D3'},{'D7'},&,2.0,&
{'R2'},{'R3'},{'D2'},{'R1'},{'D4'},{'D6'},{'D1'},{'D5'},{'D3'},{'D7'},&,1.0,&
{'R2'},{'R3'},{'D2'},{'R1'},{'D4'},{'D1'},{'D6'},{'D7'},{'D3'},{'D5'},&,2.0,&
{'R2'},{'R3'},{'D2'},{'R1'},{'D4'},{'D1'},{'D6'},{'D7'},{'D5'},{'D3'},&,1.0,&
{'R2'},{'R3'},{'D2'},{'R1'},{'D4'},{'D1'},{'D6'},{'D3'},{'D5'},{'D7'},&,17.0,&
{'R2'},{'R3'},{'D2'},{'R1'},{'D4'},{'D1'},{'D6'},{'D5'},{'D7'},{'D3'},&,1.0,&
{'R2'},{'R3'},{'D2'},{'R1'},{'D4'},{'D1'},{'D6'},{'D5'},{'D3'},{'D7'},&,23.0,&
{'R2'},{'R3'},{'D2'},{'R1'},{'D4'},{'D1'},{'D3'},{'D6'},{'D5'},{'D7'},&,2.0,&
{'R2'},{'R3'},{'D2'},{'R1'},{'D4'},{'D3'},{'D6'},{'D1'},{'D5'},{'D7'},&,1.0,&
{'R2'},{'R3'},{'D2'},{'D6'},{'R1'},{'D1'},{'D4'},{'D5'},{'D7'},{'D3'},&,1.0,&
{'R2'},{'R3'},{'D2'},{'D6'},{'R1'},{'D1'},{'D4'},{'D5'},{'D3'},{'D7'},&,1.0,&
{'R2'},{'R3'},{'D2'},{'D4'},{'D1'},{'R1'},{'D6'},{'D3'},{'D5'},{'D7'},&,2.0,&
{'R2'},{'R3'},{'D2'},{'D4'},{'D1'},{'R1'},{'D6'},{'D5'},{'D3'},{'D7'},&,2.0,&
{'R2'},{'R3'},{'D2'},{'D4'},{'R1'},{'D1'},{'D6'},{'D7'},{'D3'},{'D5'},&,2.0,&
{'R2'},{'R3'},{'D2'},{'D4'},{'R1'},{'D1'},{'D6'},{'D7'},{'D5'},{'D3'},&,1.0,&
{'R2'},{'R3'},{'D2'},{'D4'},{'R1'},{'D1'},{'D6'},{'D3'},{'D5'},{'D7'},&,2.0,&
{'R2'},{'R3'},{'D2'},{'D4'},{'R1'},{'D1'},{'D6'},{'D5'},{'D3'},{'D7'},&,3.0,&
{'R2'},{'R3'},{'D2'},{'D4'},{'R1'},{'D1'},{'D3'},{'D6'},{'D7'},{'D5'},&,1.0,&
{'R2'},{'R3'},{'R1'},{'D7'},{'D1'},{'D6'},{'D4'},{'D2'},{'D3'},{'D5'},&,1.0,&
{'R2'},{'R3'},{'R1'},{'D7'},{'D1'},{'D4'},{'D2'},{'D6'},{'D3'},{'D5'},&,1.0,&
{'R2'},{'R3'},{'R1'},{'D7'},{'D1'},{'D4'},{'D2'},{'D6'},{'D5'},{'D3'},&,1.0,&
{'R2'},{'R3'},{'R1'},{'D1'},{'D7'},{'D6'},{'D4'},{'D2'},{'D5'},{'D3'},&,1.0,&
{'R2'},{'R3'},{'R1'},{'D1'},{'D7'},{'D4'},{'D2'},{'D6'},{'D3'},{'D5'},&,2.0,&
{'R2'},{'R3'},{'R1'},{'D1'},{'D7'},{'D4'},{'D2'},{'D6'},{'D5'},{'D3'},&,2.0,&
{'R2'},{'R3'},{'R1'},{'D1'},{'D7'},{'D4'},{'D6'},{'D2'},{'D3'},{'D5'},&,1.0,&
{'R2'},{'R3'},{'R1'},{'D1'},{'D2'},{'D6'},{'D4'},{'D7'},{'D3'},{'D5'},&,6.0,&
{'R2'},{'R3'},{'R1'},{'D1'},{'D2'},{'D6'},{'D4'},{'D7'},{'D5'},{'D3'},&,6.0,&
{'R2'},{'R3'},{'R1'},{'D1'},{'D2'},{'D6'},{'D4'},{'D3'},{'D7'},{'D5'},&,5.0,&
{'R2'},{'R3'},{'R1'},{'D1'},{'D2'},{'D6'},{'D4'},{'D3'},{'D5'},{'D7'},&,61.0,&
{'R2'},{'R3'},{'R1'},{'D1'},{'D2'},{'D6'},{'D4'},{'D5'},{'D7'},{'D3'},&,7.0,&
{'R2'},{'R3'},{'R1'},{'D1'},{'D2'},{'D6'},{'D4'},{'D5'},{'D3'},{'D7'},&,53.0,&
{'R2'},{'R3'},{'R1'},{'D1'},{'D2'},{'D6'},{'D3'},{'D4'},{'D7'},{'D5'},&,1.0,&
{'R2'},{'R3'},{'R1'},{'D1'},{'D2'},{'D6'},{'D5'},{'D4'},{'D3'},{'D7'},&,1.0,&
{'R2'},{'R3'},{'R1'},{'D1'},{'D2'},{'D4'},{'D6'},{'D7'},{'D3'},{'D5'},&,22.0,&
{'R2'},{'R3'},{'R1'},{'D1'},{'D2'},{'D4'},{'D6'},{'D7'},{'D5'},{'D3'},&,28.0,&
{'R2'},{'R3'},{'R1'},{'D1'},{'D2'},{'D4'},{'D6'},{'D3'},{'D7'},{'D5'},&,44.0,&
{'R2'},{'R3'},{'R1'},{'D1'},{'D2'},{'D4'},{'D6'},{'D3'},{'D5'},{'D7'},&,320.0,&
{'R2'},{'R3'},{'R1'},{'D1'},{'D2'},{'D4'},{'D6'},{'D5'},{'D7'},{'D3'},&,58.0,&
{'R2'},{'R3'},{'R1'},{'D1'},{'D2'},{'D4'},{'D6'},{'D5'},{'D3'},{'D7'},&,414.0,&
{'R2'},{'R3'},{'R1'},{'D1'},{'D2'},{'D4'},{'D7'},{'D6'},{'D3'},{'D5'},&,2.0,&
{'R2'},{'R3'},{'R1'},{'D1'},{'D2'},{'D4'},{'D7'},{'D6'},{'D5'},{'D3'},&,2.0,&
{'R2'},{'R3'},{'R1'},{'D1'},{'D2'},{'D4'},{'D3'},{'D6'},{'D7'},{'D5'},&,4.0,&
{'R2'},{'R3'},{'R1'},{'D1'},{'D2'},{'D4'},{'D3'},{'D6'},{'D5'},{'D7'},&,12.0,&
{'R2'},{'R3'},{'R1'},{'D1'},{'D2'},{'D4'},{'D3'},{'D5'},{'D6'},{'D7'},&,1.0,&
{'R2'},{'R3'},{'R1'},{'D1'},{'D2'},{'D4'},{'D5'},{'D7'},{'D6'},{'D3'},&,1.0,&
{'R2'},{'R3'},{'R1'},{'D1'},{'D2'},{'D4'},{'D5'},{'D6'},{'D7'},{'D3'},&,2.0,&
{'R2'},{'R3'},{'R1'},{'D1'},{'D2'},{'D4'},{'D5'},{'D6'},{'D3'},{'D7'},&,32.0,&
{'R2'},{'R3'},{'R1'},{'D1'},{'D2'},{'D7'},{'D4'},{'D6'},{'D5'},{'D3'},&,1.0,&
{'R2'},{'R3'},{'R1'},{'D1'},{'D2'},{'D5'},{'D4'},{'D6'},{'D7'},{'D3'},&,2.0,&
{'R2'},{'R3'},{'R1'},{'D1'},{'D2'},{'D5'},{'D4'},{'D6'},{'D3'},{'D7'},&,3.0,&
{'R2'},{'R3'},{'R1'},{'D1'},{'D2'},{'D3'},{'D4'},{'D6'},{'D5'},{'D7'},&,1.0,&
{'R2'},{'R3'},{'R1'},{'D1'},{'D3'},{'D6'},{'D2'},{'D4'},{'D5'},{'D7'},&,1.0,&
{'R2'},{'R3'},{'R1'},{'D1'},{'D3'},{'D6'},{'D4'},{'D2'},{'D5'},{'D7'},&,2.0,&
{'R2'},{'R3'},{'R1'},{'D1'},{'D3'},{'D4'},{'D2'},{'D6'},{'D7'},{'D5'},&,2.0,&
{'R2'},{'R3'},{'R1'},{'D1'},{'D3'},{'D4'},{'D2'},{'D6'},{'D5'},{'D7'},&,13.0,&
{'R2'},{'R3'},{'R1'},{'D1'},{'D3'},{'D4'},{'D2'},{'D5'},{'D6'},{'D7'},&,1.0,&
{'R2'},{'R3'},{'R1'},{'D1'},{'D3'},{'D4'},{'D6'},{'D2'},{'D7'},{'D5'},&,2.0,&
{'R2'},{'R3'},{'R1'},{'D1'},{'D3'},{'D4'},{'D6'},{'D2'},{'D5'},{'D7'},&,7.0,&
{'R2'},{'R3'},{'R1'},{'D1'},{'D3'},{'D4'},{'D6'},{'D5'},{'D2'},{'D7'},&,2.0,&
{'R2'},{'R3'},{'R1'},{'D1'},{'D3'},{'D2'},{'D4'},{'D6'},{'D5'},{'D7'},&,2.0,&
{'R2'},{'R3'},{'R1'},{'D1'},{'D3'},{'D2'},{'D6'},{'D4'},{'D5'},{'D7'},&,1.0,&
{'R2'},{'R3'},{'R1'},{'D1'},{'D6'},{'D4'},{'D2'},{'D7'},{'D3'},{'D5'},&,23.0,&
{'R2'},{'R3'},{'R1'},{'D1'},{'D6'},{'D4'},{'D2'},{'D7'},{'D5'},{'D3'},&,31.0,&
{'R2'},{'R3'},{'R1'},{'D1'},{'D6'},{'D4'},{'D2'},{'D3'},{'D7'},{'D5'},&,39.0,&
{'R2'},{'R3'},{'R1'},{'D1'},{'D6'},{'D4'},{'D2'},{'D3'},{'D5'},{'D7'},&,317.0,&
{'R2'},{'R3'},{'R1'},{'D1'},{'D6'},{'D4'},{'D2'},{'D5'},{'D7'},{'D3'},&,61.0,&
{'R2'},{'R3'},{'R1'},{'D1'},{'D6'},{'D4'},{'D2'},{'D5'},{'D3'},{'D7'},&,378.0,&
{'R2'},{'R3'},{'R1'},{'D1'},{'D6'},{'D4'},{'D7'},{'D2'},{'D3'},{'D5'},&,1.0,&
{'R2'},{'R3'},{'R1'},{'D1'},{'D6'},{'D4'},{'D7'},{'D2'},{'D5'},{'D3'},&,4.0,&
{'R2'},{'R3'},{'R1'},{'D1'},{'D6'},{'D4'},{'D3'},{'D2'},{'D7'},{'D5'},&,1.0,&
{'R2'},{'R3'},{'R1'},{'D1'},{'D6'},{'D4'},{'D3'},{'D2'},{'D5'},{'D7'},&,19.0,&
{'R2'},{'R3'},{'R1'},{'D1'},{'D6'},{'D4'},{'D3'},{'D7'},{'D2'},{'D5'},&,1.0,&
{'R2'},{'R3'},{'R1'},{'D1'},{'D6'},{'D4'},{'D5'},{'D2'},{'D7'},{'D3'},&,2.0,&
{'R2'},{'R3'},{'R1'},{'D1'},{'D6'},{'D4'},{'D5'},{'D2'},{'D3'},{'D7'},&,28.0,&
{'R2'},{'R3'},{'R1'},{'D1'},{'D6'},{'D4'},{'D5'},{'D3'},{'D2'},{'D7'},&,1.0,&
{'R2'},{'R3'},{'R1'},{'D1'},{'D6'},{'D7'},{'D4'},{'D2'},{'D3'},{'D5'},&,1.0,&
{'R2'},{'R3'},{'R1'},{'D1'},{'D6'},{'D2'},{'D4'},{'D7'},{'D3'},{'D5'},&,3.0,&
{'R2'},{'R3'},{'R1'},{'D1'},{'D6'},{'D2'},{'D4'},{'D7'},{'D5'},{'D3'},&,3.0,&
{'R2'},{'R3'},{'R1'},{'D1'},{'D6'},{'D2'},{'D4'},{'D3'},{'D7'},{'D5'},&,4.0,&
{'R2'},{'R3'},{'R1'},{'D1'},{'D6'},{'D2'},{'D4'},{'D3'},{'D5'},{'D7'},&,47.0,&
{'R2'},{'R3'},{'R1'},{'D1'},{'D6'},{'D2'},{'D4'},{'D5'},{'D7'},{'D3'},&,9.0,&
{'R2'},{'R3'},{'R1'},{'D1'},{'D6'},{'D2'},{'D4'},{'D5'},{'D3'},{'D7'},&,47.0,&
{'R2'},{'R3'},{'R1'},{'D1'},{'D6'},{'D5'},{'D4'},{'D2'},{'D7'},{'D3'},&,1.0,&
{'R2'},{'R3'},{'R1'},{'D1'},{'D6'},{'D5'},{'D4'},{'D2'},{'D3'},{'D7'},&,6.0,&
{'R2'},{'R3'},{'R1'},{'D1'},{'D6'},{'D3'},{'D2'},{'D4'},{'D5'},{'D7'},&,1.0,&
{'R2'},{'R3'},{'R1'},{'D1'},{'D6'},{'D3'},{'D4'},{'D2'},{'D7'},{'D5'},&,1.0,&
{'R2'},{'R3'},{'R1'},{'D1'},{'D6'},{'D3'},{'D4'},{'D2'},{'D5'},{'D7'},&,3.0,&
{'R2'},{'R3'},{'R1'},{'D1'},{'D6'},{'D3'},{'D4'},{'D5'},{'D2'},{'D7'},&,1.0,&
{'R2'},{'R3'},{'R1'},{'D1'},{'D4'},{'D6'},{'D2'},{'D7'},{'D3'},{'D5'},&,106.0,&
{'R2'},{'R3'},{'R1'},{'D1'},{'D4'},{'D6'},{'D2'},{'D7'},{'D5'},{'D3'},&,118.0,&
{'R2'},{'R3'},{'R1'},{'D1'},{'D4'},{'D6'},{'D2'},{'D3'},{'D7'},{'D5'},&,171.0,&
{'R2'},{'R3'},{'R1'},{'D1'},{'D4'},{'D6'},{'D2'},{'D3'},{'D5'},{'D7'},&,1321.0,&
{'R2'},{'R3'},{'R1'},{'D1'},{'D4'},{'D6'},{'D2'},{'D5'},{'D7'},{'D3'},&,207.0,&
{'R2'},{'R3'},{'R1'},{'D1'},{'D4'},{'D6'},{'D2'},{'D5'},{'D3'},{'D7'},&,1589.0,&
{'R2'},{'R3'},{'R1'},{'D1'},{'D4'},{'D6'},{'D7'},{'D2'},{'D3'},{'D5'},&,6.0,&
{'R2'},{'R3'},{'R1'},{'D1'},{'D4'},{'D6'},{'D7'},{'D2'},{'D5'},{'D3'},&,5.0,&
{'R2'},{'R3'},{'R1'},{'D1'},{'D4'},{'D6'},{'D3'},{'D2'},{'D7'},{'D5'},&,12.0,&
{'R2'},{'R3'},{'R1'},{'D1'},{'D4'},{'D6'},{'D3'},{'D2'},{'D5'},{'D7'},&,89.0,&
{'R2'},{'R3'},{'R1'},{'D1'},{'D4'},{'D6'},{'D3'},{'D7'},{'D2'},{'D5'},&,1.0,&
{'R2'},{'R3'},{'R1'},{'D1'},{'D4'},{'D6'},{'D3'},{'D5'},{'D2'},{'D7'},&,1.0,&
{'R2'},{'R3'},{'R1'},{'D1'},{'D4'},{'D6'},{'D5'},{'D2'},{'D7'},{'D3'},&,15.0,&
{'R2'},{'R3'},{'R1'},{'D1'},{'D4'},{'D6'},{'D5'},{'D2'},{'D3'},{'D7'},&,93.0,&
{'R2'},{'R3'},{'R1'},{'D1'},{'D4'},{'D6'},{'D5'},{'D3'},{'D2'},{'D7'},&,5.0,&
{'R2'},{'R3'},{'R1'},{'D1'},{'D4'},{'D7'},{'D2'},{'D3'},{'D6'},{'D5'},&,1.0,&
{'R2'},{'R3'},{'R1'},{'D1'},{'D4'},{'D7'},{'D2'},{'D6'},{'D3'},{'D5'},&,2.0,&
{'R2'},{'R3'},{'R1'},{'D1'},{'D4'},{'D7'},{'D2'},{'D6'},{'D5'},{'D3'},&,3.0,&
{'R2'},{'R3'},{'R1'},{'D1'},{'D4'},{'D7'},{'D6'},{'D2'},{'D3'},{'D5'},&,4.0,&
{'R2'},{'R3'},{'R1'},{'D1'},{'D4'},{'D7'},{'D6'},{'D2'},{'D5'},{'D3'},&,4.0,&
{'R2'},{'R3'},{'R1'},{'D1'},{'D4'},{'D7'},{'D6'},{'D3'},{'D2'},{'D5'},&,1.0,&
{'R2'},{'R3'},{'R1'},{'D1'},{'D4'},{'D2'},{'D6'},{'D7'},{'D3'},{'D5'},&,91.0,&
{'R2'},{'R3'},{'R1'},{'D1'},{'D4'},{'D2'},{'D6'},{'D7'},{'D5'},{'D3'},&,118.0,&
{'R2'},{'R3'},{'R1'},{'D1'},{'D4'},{'D2'},{'D6'},{'D3'},{'D7'},{'D5'},&,131.0,&
{'R2'},{'R3'},{'R1'},{'D1'},{'D4'},{'D2'},{'D6'},{'D3'},{'D5'},{'D7'},&,1296.0,&
{'R2'},{'R3'},{'R1'},{'D1'},{'D4'},{'D2'},{'D6'},{'D5'},{'D7'},{'D3'},&,221.0,&
{'R2'},{'R3'},{'R1'},{'D1'},{'D4'},{'D2'},{'D6'},{'D5'},{'D3'},{'D7'},&,1472.0,&
{'R2'},{'R3'},{'R1'},{'D1'},{'D4'},{'D2'},{'D7'},{'D6'},{'D3'},{'D5'},&,7.0,&
{'R2'},{'R3'},{'R1'},{'D1'},{'D4'},{'D2'},{'D7'},{'D6'},{'D5'},{'D3'},&,8.0,&
{'R2'},{'R3'},{'R1'},{'D1'},{'D4'},{'D2'},{'D7'},{'D5'},{'D6'},{'D3'},&,2.0,&
{'R2'},{'R3'},{'R1'},{'D1'},{'D4'},{'D2'},{'D3'},{'D6'},{'D7'},{'D5'},&,13.0,&
{'R2'},{'R3'},{'R1'},{'D1'},{'D4'},{'D2'},{'D3'},{'D6'},{'D5'},{'D7'},&,68.0,&
{'R2'},{'R3'},{'R1'},{'D1'},{'D4'},{'D2'},{'D3'},{'D5'},{'D6'},{'D7'},&,3.0,&
{'R2'},{'R3'},{'R1'},{'D1'},{'D4'},{'D2'},{'D5'},{'D3'},{'D6'},{'D7'},&,2.0,&
{'R2'},{'R3'},{'R1'},{'D1'},{'D4'},{'D2'},{'D5'},{'D6'},{'D7'},{'D3'},&,13.0,&
{'R2'},{'R3'},{'R1'},{'D1'},{'D4'},{'D2'},{'D5'},{'D6'},{'D3'},{'D7'},&,96.0,&
{'R2'},{'R3'},{'R1'},{'D1'},{'D4'},{'D5'},{'D2'},{'D3'},{'D7'},{'D6'},&,1.0,&
{'R2'},{'R3'},{'R1'},{'D1'},{'D4'},{'D5'},{'D2'},{'D3'},{'D6'},{'D7'},&,4.0,&
{'R2'},{'R3'},{'R1'},{'D1'},{'D4'},{'D5'},{'D2'},{'D6'},{'D7'},{'D3'},&,5.0,&
{'R2'},{'R3'},{'R1'},{'D1'},{'D4'},{'D5'},{'D2'},{'D6'},{'D3'},{'D7'},&,60.0,&
{'R2'},{'R3'},{'R1'},{'D1'},{'D4'},{'D5'},{'D6'},{'D2'},{'D7'},{'D3'},&,8.0,&
{'R2'},{'R3'},{'R1'},{'D1'},{'D4'},{'D5'},{'D6'},{'D2'},{'D3'},{'D7'},&,54.0,&
{'R2'},{'R3'},{'R1'},{'D1'},{'D4'},{'D5'},{'D6'},{'D3'},{'D2'},{'D7'},&,5.0,&
{'R2'},{'R3'},{'R1'},{'D1'},{'D4'},{'D5'},{'D3'},{'D6'},{'D2'},{'D7'},&,1.0,&
{'R2'},{'R3'},{'R1'},{'D1'},{'D4'},{'D3'},{'D2'},{'D6'},{'D7'},{'D5'},&,2.0,&
{'R2'},{'R3'},{'R1'},{'D1'},{'D4'},{'D3'},{'D2'},{'D6'},{'D5'},{'D7'},&,42.0,&
{'R2'},{'R3'},{'R1'},{'D1'},{'D4'},{'D3'},{'D2'},{'D5'},{'D6'},{'D7'},&,2.0,&
{'R2'},{'R3'},{'R1'},{'D1'},{'D4'},{'D3'},{'D6'},{'D2'},{'D7'},{'D5'},&,6.0,&
{'R2'},{'R3'},{'R1'},{'D1'},{'D4'},{'D3'},{'D6'},{'D2'},{'D5'},{'D7'},&,47.0,&
{'R2'},{'R3'},{'R1'},{'D1'},{'D4'},{'D3'},{'D6'},{'D7'},{'D2'},{'D5'},&,1.0,&
{'R2'},{'R3'},{'R1'},{'D1'},{'D4'},{'D3'},{'D5'},{'D2'},{'D6'},{'D7'},&,1.0,&
{'R2'},{'R3'},{'R1'},{'D1'},{'D4'},{'D3'},{'D5'},{'D6'},{'D2'},{'D7'},&,2.0,&
{'R2'},{'R3'},{'R1'},{'D1'},{'D5'},{'D6'},{'D2'},{'D4'},{'D3'},{'D7'},&,1.0,&
{'R2'},{'R3'},{'R1'},{'D1'},{'D5'},{'D6'},{'D4'},{'D2'},{'D7'},{'D3'},&,1.0,&
{'R2'},{'R3'},{'R1'},{'D1'},{'D5'},{'D6'},{'D4'},{'D2'},{'D3'},{'D7'},&,2.0,&
{'R2'},{'R3'},{'R1'},{'D1'},{'D5'},{'D4'},{'D2'},{'D6'},{'D7'},{'D3'},&,1.0,&
{'R2'},{'R3'},{'R1'},{'D1'},{'D5'},{'D4'},{'D2'},{'D6'},{'D3'},{'D7'},&,12.0,&
{'R2'},{'R3'},{'R1'},{'D1'},{'D5'},{'D4'},{'D6'},{'D2'},{'D7'},{'D3'},&,2.0,&
{'R2'},{'R3'},{'R1'},{'D1'},{'D5'},{'D4'},{'D6'},{'D2'},{'D3'},{'D7'},&,10.0,&
{'R2'},{'R3'},{'R1'},{'D1'},{'D5'},{'D2'},{'D4'},{'D6'},{'D3'},{'D7'},&,2.0,&
{'R2'},{'R3'},{'R1'},{'D1'},{'D5'},{'D2'},{'D6'},{'D4'},{'D3'},{'D7'},&,1.0,&
{'R2'},{'R3'},{'R1'},{'D2'},{'D1'},{'D6'},{'D4'},{'D3'},{'D7'},{'D5'},&,1.0,&
{'R2'},{'R3'},{'R1'},{'D2'},{'D1'},{'D6'},{'D4'},{'D3'},{'D5'},{'D7'},&,16.0,&
{'R2'},{'R3'},{'R1'},{'D2'},{'D1'},{'D6'},{'D4'},{'D5'},{'D7'},{'D3'},&,3.0,&
{'R2'},{'R3'},{'R1'},{'D2'},{'D1'},{'D6'},{'D4'},{'D5'},{'D3'},{'D7'},&,13.0,&
{'R2'},{'R3'},{'R1'},{'D2'},{'D1'},{'D6'},{'D3'},{'D4'},{'D5'},{'D7'},&,1.0,&
{'R2'},{'R3'},{'R1'},{'D2'},{'D1'},{'D4'},{'D6'},{'D7'},{'D3'},{'D5'},&,5.0,&
{'R2'},{'R3'},{'R1'},{'D2'},{'D1'},{'D4'},{'D6'},{'D7'},{'D5'},{'D3'},&,7.0,&
{'R2'},{'R3'},{'R1'},{'D2'},{'D1'},{'D4'},{'D6'},{'D3'},{'D7'},{'D5'},&,10.0,&
{'R2'},{'R3'},{'R1'},{'D2'},{'D1'},{'D4'},{'D6'},{'D3'},{'D5'},{'D7'},&,134.0,&
{'R2'},{'R3'},{'R1'},{'D2'},{'D1'},{'D4'},{'D6'},{'D5'},{'D7'},{'D3'},&,17.0,&
{'R2'},{'R3'},{'R1'},{'D2'},{'D1'},{'D4'},{'D6'},{'D5'},{'D3'},{'D7'},&,133.0,&
{'R2'},{'R3'},{'R1'},{'D2'},{'D1'},{'D4'},{'D7'},{'D5'},{'D6'},{'D3'},&,1.0,&
{'R2'},{'R3'},{'R1'},{'D2'},{'D1'},{'D4'},{'D3'},{'D6'},{'D5'},{'D7'},&,12.0,&
{'R2'},{'R3'},{'R1'},{'D2'},{'D1'},{'D4'},{'D5'},{'D6'},{'D3'},{'D7'},&,11.0,&
{'R2'},{'R3'},{'R1'},{'D2'},{'D1'},{'D5'},{'D4'},{'D6'},{'D3'},{'D7'},&,4.0,&
{'R2'},{'R3'},{'R1'},{'D2'},{'D1'},{'D3'},{'D4'},{'D6'},{'D5'},{'D7'},&,1.0,&
{'R2'},{'R3'},{'R1'},{'D2'},{'D7'},{'D1'},{'D4'},{'D6'},{'D3'},{'D5'},&,1.0,&
{'R2'},{'R3'},{'R1'},{'D2'},{'D3'},{'D4'},{'D1'},{'D6'},{'D5'},{'D7'},&,1.0,&
{'R2'},{'R3'},{'R1'},{'D2'},{'D3'},{'D1'},{'D4'},{'D6'},{'D7'},{'D5'},&,1.0,&
{'R2'},{'R3'},{'R1'},{'D2'},{'D3'},{'D1'},{'D4'},{'D6'},{'D5'},{'D7'},&,1.0,&
{'R2'},{'R3'},{'R1'},{'D2'},{'D6'},{'D4'},{'D1'},{'D3'},{'D7'},{'D5'},&,1.0,&
{'R2'},{'R3'},{'R1'},{'D2'},{'D6'},{'D4'},{'D1'},{'D3'},{'D5'},{'D7'},&,3.0,&
{'R2'},{'R3'},{'R1'},{'D2'},{'D6'},{'D4'},{'D1'},{'D5'},{'D3'},{'D7'},&,2.0,&
{'R2'},{'R3'},{'R1'},{'D2'},{'D6'},{'D1'},{'D4'},{'D7'},{'D3'},{'D5'},&,1.0,&
{'R2'},{'R3'},{'R1'},{'D2'},{'D6'},{'D1'},{'D4'},{'D3'},{'D5'},{'D7'},&,5.0,&
{'R2'},{'R3'},{'R1'},{'D2'},{'D6'},{'D1'},{'D4'},{'D5'},{'D7'},{'D3'},&,1.0,&
{'R2'},{'R3'},{'R1'},{'D2'},{'D6'},{'D1'},{'D4'},{'D5'},{'D3'},{'D7'},&,6.0,&
{'R2'},{'R3'},{'R1'},{'D2'},{'D4'},{'D6'},{'D1'},{'D3'},{'D5'},{'D7'},&,2.0,&
{'R2'},{'R3'},{'R1'},{'D2'},{'D4'},{'D6'},{'D1'},{'D5'},{'D7'},{'D3'},&,4.0,&
{'R2'},{'R3'},{'R1'},{'D2'},{'D4'},{'D6'},{'D1'},{'D5'},{'D3'},{'D7'},&,6.0,&
{'R2'},{'R3'},{'R1'},{'D2'},{'D4'},{'D1'},{'D6'},{'D7'},{'D3'},{'D5'},&,4.0,&
{'R2'},{'R3'},{'R1'},{'D2'},{'D4'},{'D1'},{'D6'},{'D7'},{'D5'},{'D3'},&,5.0,&
{'R2'},{'R3'},{'R1'},{'D2'},{'D4'},{'D1'},{'D6'},{'D3'},{'D7'},{'D5'},&,8.0,&
{'R2'},{'R3'},{'R1'},{'D2'},{'D4'},{'D1'},{'D6'},{'D3'},{'D5'},{'D7'},&,58.0,&
{'R2'},{'R3'},{'R1'},{'D2'},{'D4'},{'D1'},{'D6'},{'D5'},{'D7'},{'D3'},&,10.0,&
{'R2'},{'R3'},{'R1'},{'D2'},{'D4'},{'D1'},{'D6'},{'D5'},{'D3'},{'D7'},&,80.0,&
{'R2'},{'R3'},{'R1'},{'D2'},{'D4'},{'D1'},{'D3'},{'D6'},{'D5'},{'D7'},&,4.0,&
{'R2'},{'R3'},{'R1'},{'D2'},{'D4'},{'D1'},{'D5'},{'D6'},{'D7'},{'D3'},&,1.0,&
{'R2'},{'R3'},{'R1'},{'D2'},{'D4'},{'D1'},{'D5'},{'D6'},{'D3'},{'D7'},&,2.0,&
{'R2'},{'R3'},{'R1'},{'D2'},{'D4'},{'D3'},{'D1'},{'D6'},{'D5'},{'D7'},&,1.0,&
{'R2'},{'R3'},{'R1'},{'D3'},{'D1'},{'D6'},{'D4'},{'D2'},{'D5'},{'D7'},&,2.0,&
{'R2'},{'R3'},{'R1'},{'D3'},{'D1'},{'D4'},{'D2'},{'D6'},{'D5'},{'D7'},&,3.0,&
{'R2'},{'R3'},{'R1'},{'D3'},{'D1'},{'D4'},{'D6'},{'D2'},{'D5'},{'D7'},&,3.0,&
{'R2'},{'R3'},{'R1'},{'D3'},{'D2'},{'D1'},{'D4'},{'D6'},{'D5'},{'D7'},&,1.0,&
{'R2'},{'R3'},{'R1'},{'D3'},{'D4'},{'D6'},{'D1'},{'D2'},{'D5'},{'D7'},&,1.0,&
{'R2'},{'R3'},{'R1'},{'D3'},{'D4'},{'D1'},{'D2'},{'D6'},{'D5'},{'D7'},&,2.0,&
{'R2'},{'R3'},{'R1'},{'D3'},{'D4'},{'D1'},{'D6'},{'D2'},{'D5'},{'D7'},&,2.0,&
{'R2'},{'R3'},{'R1'},{'D5'},{'D1'},{'D6'},{'D4'},{'D2'},{'D7'},{'D3'},&,1.0,&
{'R2'},{'R3'},{'R1'},{'D5'},{'D1'},{'D6'},{'D4'},{'D2'},{'D3'},{'D7'},&,1.0,&
{'R2'},{'R3'},{'R1'},{'D5'},{'D1'},{'D4'},{'D2'},{'D6'},{'D3'},{'D7'},&,1.0,&
{'R2'},{'R3'},{'R1'},{'D5'},{'D1'},{'D4'},{'D6'},{'D2'},{'D3'},{'D7'},&,4.0,&
{'R2'},{'R3'},{'R1'},{'D5'},{'D1'},{'D4'},{'D6'},{'D3'},{'D2'},{'D7'},&,1.0,&
{'R2'},{'R3'},{'R1'},{'D5'},{'D4'},{'D1'},{'D2'},{'D6'},{'D3'},{'D7'},&,1.0,&
{'R2'},{'R3'},{'R1'},{'D5'},{'D4'},{'D1'},{'D6'},{'D2'},{'D7'},{'D3'},&,2.0,&
{'R2'},{'R3'},{'R1'},{'D6'},{'D1'},{'D4'},{'D2'},{'D7'},{'D3'},{'D5'},&,7.0,&
{'R2'},{'R3'},{'R1'},{'D6'},{'D1'},{'D4'},{'D2'},{'D7'},{'D5'},{'D3'},&,6.0,&
{'R2'},{'R3'},{'R1'},{'D6'},{'D1'},{'D4'},{'D2'},{'D3'},{'D7'},{'D5'},&,12.0,&
{'R2'},{'R3'},{'R1'},{'D6'},{'D1'},{'D4'},{'D2'},{'D3'},{'D5'},{'D7'},&,134.0,&
{'R2'},{'R3'},{'R1'},{'D6'},{'D1'},{'D4'},{'D2'},{'D5'},{'D7'},{'D3'},&,27.0,&
{'R2'},{'R3'},{'R1'},{'D6'},{'D1'},{'D4'},{'D2'},{'D5'},{'D3'},{'D7'},&,150.0,&
{'R2'},{'R3'},{'R1'},{'D6'},{'D1'},{'D4'},{'D7'},{'D2'},{'D3'},{'D5'},&,1.0,&
{'R2'},{'R3'},{'R1'},{'D6'},{'D1'},{'D4'},{'D7'},{'D2'},{'D5'},{'D3'},&,2.0,&
{'R2'},{'R3'},{'R1'},{'D6'},{'D1'},{'D4'},{'D3'},{'D2'},{'D5'},{'D7'},&,3.0,&
{'R2'},{'R3'},{'R1'},{'D6'},{'D1'},{'D4'},{'D5'},{'D2'},{'D7'},{'D3'},&,3.0,&
{'R2'},{'R3'},{'R1'},{'D6'},{'D1'},{'D4'},{'D5'},{'D2'},{'D3'},{'D7'},&,8.0,&
{'R2'},{'R3'},{'R1'},{'D6'},{'D1'},{'D2'},{'D4'},{'D7'},{'D5'},{'D3'},&,2.0,&
{'R2'},{'R3'},{'R1'},{'D6'},{'D1'},{'D2'},{'D4'},{'D3'},{'D7'},{'D5'},&,1.0,&
{'R2'},{'R3'},{'R1'},{'D6'},{'D1'},{'D2'},{'D4'},{'D3'},{'D5'},{'D7'},&,26.0,&
{'R2'},{'R3'},{'R1'},{'D6'},{'D1'},{'D2'},{'D4'},{'D5'},{'D7'},{'D3'},&,3.0,&
{'R2'},{'R3'},{'R1'},{'D6'},{'D1'},{'D2'},{'D4'},{'D5'},{'D3'},{'D7'},&,16.0,&
{'R2'},{'R3'},{'R1'},{'D6'},{'D1'},{'D5'},{'D4'},{'D2'},{'D7'},{'D3'},&,1.0,&
{'R2'},{'R3'},{'R1'},{'D6'},{'D1'},{'D5'},{'D4'},{'D2'},{'D3'},{'D7'},&,3.0,&
{'R2'},{'R3'},{'R1'},{'D6'},{'D2'},{'D4'},{'D1'},{'D3'},{'D7'},{'D5'},&,1.0,&
{'R2'},{'R3'},{'R1'},{'D6'},{'D2'},{'D4'},{'D1'},{'D3'},{'D5'},{'D7'},&,4.0,&
{'R2'},{'R3'},{'R1'},{'D6'},{'D2'},{'D4'},{'D1'},{'D5'},{'D3'},{'D7'},&,1.0,&
{'R2'},{'R3'},{'R1'},{'D6'},{'D2'},{'D1'},{'D4'},{'D3'},{'D7'},{'D5'},&,1.0,&
{'R2'},{'R3'},{'R1'},{'D6'},{'D2'},{'D1'},{'D4'},{'D3'},{'D5'},{'D7'},&,7.0,&
{'R2'},{'R3'},{'R1'},{'D6'},{'D2'},{'D1'},{'D4'},{'D5'},{'D7'},{'D3'},&,2.0,&
{'R2'},{'R3'},{'R1'},{'D6'},{'D2'},{'D1'},{'D4'},{'D5'},{'D3'},{'D7'},&,6.0,&
{'R2'},{'R3'},{'R1'},{'D6'},{'D4'},{'D1'},{'D2'},{'D7'},{'D3'},{'D5'},&,1.0,&
{'R2'},{'R3'},{'R1'},{'D6'},{'D4'},{'D1'},{'D2'},{'D7'},{'D5'},{'D3'},&,8.0,&
{'R2'},{'R3'},{'R1'},{'D6'},{'D4'},{'D1'},{'D2'},{'D3'},{'D7'},{'D5'},&,6.0,&
{'R2'},{'R3'},{'R1'},{'D6'},{'D4'},{'D1'},{'D2'},{'D3'},{'D5'},{'D7'},&,51.0,&
{'R2'},{'R3'},{'R1'},{'D6'},{'D4'},{'D1'},{'D2'},{'D5'},{'D7'},{'D3'},&,5.0,&
{'R2'},{'R3'},{'R1'},{'D6'},{'D4'},{'D1'},{'D2'},{'D5'},{'D3'},{'D7'},&,73.0,&
{'R2'},{'R3'},{'R1'},{'D6'},{'D4'},{'D1'},{'D7'},{'D2'},{'D3'},{'D5'},&,1.0,&
{'R2'},{'R3'},{'R1'},{'D6'},{'D4'},{'D1'},{'D3'},{'D2'},{'D5'},{'D7'},&,3.0,&
{'R2'},{'R3'},{'R1'},{'D6'},{'D4'},{'D1'},{'D5'},{'D2'},{'D7'},{'D3'},&,2.0,&
{'R2'},{'R3'},{'R1'},{'D6'},{'D4'},{'D1'},{'D5'},{'D2'},{'D3'},{'D7'},&,7.0,&
{'R2'},{'R3'},{'R1'},{'D6'},{'D4'},{'D1'},{'D5'},{'D3'},{'D2'},{'D7'},&,1.0,&
{'R2'},{'R3'},{'R1'},{'D6'},{'D4'},{'D2'},{'D1'},{'D7'},{'D5'},{'D3'},&,1.0,&
{'R2'},{'R3'},{'R1'},{'D6'},{'D4'},{'D2'},{'D1'},{'D3'},{'D5'},{'D7'},&,2.0,&
{'R2'},{'R3'},{'R1'},{'D6'},{'D4'},{'D2'},{'D1'},{'D5'},{'D3'},{'D7'},&,7.0,&
{'R2'},{'R3'},{'R1'},{'D6'},{'D4'},{'D5'},{'D1'},{'D2'},{'D7'},{'D3'},&,1.0,&
{'R2'},{'R3'},{'R1'},{'D4'},{'D1'},{'D6'},{'D2'},{'D7'},{'D3'},{'D5'},&,43.0,&
{'R2'},{'R3'},{'R1'},{'D4'},{'D1'},{'D6'},{'D2'},{'D7'},{'D5'},{'D3'},&,39.0,&
{'R2'},{'R3'},{'R1'},{'D4'},{'D1'},{'D6'},{'D2'},{'D3'},{'D7'},{'D5'},&,68.0,&
{'R2'},{'R3'},{'R1'},{'D4'},{'D1'},{'D6'},{'D2'},{'D3'},{'D5'},{'D7'},&,602.0,&
{'R2'},{'R3'},{'R1'},{'D4'},{'D1'},{'D6'},{'D2'},{'D5'},{'D7'},{'D3'},&,112.0,&
{'R2'},{'R3'},{'R1'},{'D4'},{'D1'},{'D6'},{'D2'},{'D5'},{'D3'},{'D7'},&,713.0,&
{'R2'},{'R3'},{'R1'},{'D4'},{'D1'},{'D6'},{'D7'},{'D2'},{'D3'},{'D5'},&,8.0,&
{'R2'},{'R3'},{'R1'},{'D4'},{'D1'},{'D6'},{'D7'},{'D2'},{'D5'},{'D3'},&,5.0,&
{'R2'},{'R3'},{'R1'},{'D4'},{'D1'},{'D6'},{'D7'},{'D5'},{'D2'},{'D3'},&,2.0,&
{'R2'},{'R3'},{'R1'},{'D4'},{'D1'},{'D6'},{'D3'},{'D2'},{'D7'},{'D5'},&,3.0,&
{'R2'},{'R3'},{'R1'},{'D4'},{'D1'},{'D6'},{'D3'},{'D2'},{'D5'},{'D7'},&,39.0,&
{'R2'},{'R3'},{'R1'},{'D4'},{'D1'},{'D6'},{'D3'},{'D5'},{'D2'},{'D7'},&,1.0,&
{'R2'},{'R3'},{'R1'},{'D4'},{'D1'},{'D6'},{'D5'},{'D2'},{'D7'},{'D3'},&,7.0,&
{'R2'},{'R3'},{'R1'},{'D4'},{'D1'},{'D6'},{'D5'},{'D2'},{'D3'},{'D7'},&,44.0,&
{'R2'},{'R3'},{'R1'},{'D4'},{'D1'},{'D6'},{'D5'},{'D7'},{'D2'},{'D3'},&,1.0,&
{'R2'},{'R3'},{'R1'},{'D4'},{'D1'},{'D6'},{'D5'},{'D3'},{'D2'},{'D7'},&,1.0,&
{'R2'},{'R3'},{'R1'},{'D4'},{'D1'},{'D7'},{'D2'},{'D6'},{'D3'},{'D5'},&,3.0,&
{'R2'},{'R3'},{'R1'},{'D4'},{'D1'},{'D7'},{'D2'},{'D6'},{'D5'},{'D3'},&,1.0,&
{'R2'},{'R3'},{'R1'},{'D4'},{'D1'},{'D7'},{'D6'},{'D2'},{'D3'},{'D5'},&,2.0,&
{'R2'},{'R3'},{'R1'},{'D4'},{'D1'},{'D7'},{'D6'},{'D2'},{'D5'},{'D3'},&,1.0,&
{'R2'},{'R3'},{'R1'},{'D4'},{'D1'},{'D2'},{'D6'},{'D7'},{'D3'},{'D5'},&,34.0,&
{'R2'},{'R3'},{'R1'},{'D4'},{'D1'},{'D2'},{'D6'},{'D7'},{'D5'},{'D3'},&,54.0,&
{'R2'},{'R3'},{'R1'},{'D4'},{'D1'},{'D2'},{'D6'},{'D3'},{'D7'},{'D5'},&,85.0,&
{'R2'},{'R3'},{'R1'},{'D4'},{'D1'},{'D2'},{'D6'},{'D3'},{'D5'},{'D7'},&,630.0,&
{'R2'},{'R3'},{'R1'},{'D4'},{'D1'},{'D2'},{'D6'},{'D5'},{'D7'},{'D3'},&,85.0,&
{'R2'},{'R3'},{'R1'},{'D4'},{'D1'},{'D2'},{'D6'},{'D5'},{'D3'},{'D7'},&,699.0,&
{'R2'},{'R3'},{'R1'},{'D4'},{'D1'},{'D2'},{'D7'},{'D6'},{'D3'},{'D5'},&,3.0,&
{'R2'},{'R3'},{'R1'},{'D4'},{'D1'},{'D2'},{'D7'},{'D6'},{'D5'},{'D3'},&,2.0,&
{'R2'},{'R3'},{'R1'},{'D4'},{'D1'},{'D2'},{'D3'},{'D6'},{'D7'},{'D5'},&,5.0,&
{'R2'},{'R3'},{'R1'},{'D4'},{'D1'},{'D2'},{'D3'},{'D6'},{'D5'},{'D7'},&,28.0,&
{'R2'},{'R3'},{'R1'},{'D4'},{'D1'},{'D2'},{'D3'},{'D5'},{'D6'},{'D7'},&,4.0,&
{'R2'},{'R3'},{'R1'},{'D4'},{'D1'},{'D2'},{'D5'},{'D3'},{'D6'},{'D7'},&,1.0,&
{'R2'},{'R3'},{'R1'},{'D4'},{'D1'},{'D2'},{'D5'},{'D6'},{'D7'},{'D3'},&,9.0,&
{'R2'},{'R3'},{'R1'},{'D4'},{'D1'},{'D2'},{'D5'},{'D6'},{'D3'},{'D7'},&,43.0,&
{'R2'},{'R3'},{'R1'},{'D4'},{'D1'},{'D5'},{'D2'},{'D7'},{'D6'},{'D3'},&,1.0,&
{'R2'},{'R3'},{'R1'},{'D4'},{'D1'},{'D5'},{'D2'},{'D3'},{'D6'},{'D7'},&,1.0,&
{'R2'},{'R3'},{'R1'},{'D4'},{'D1'},{'D5'},{'D2'},{'D6'},{'D7'},{'D3'},&,7.0,&
{'R2'},{'R3'},{'R1'},{'D4'},{'D1'},{'D5'},{'D2'},{'D6'},{'D3'},{'D7'},&,20.0,&
{'R2'},{'R3'},{'R1'},{'D4'},{'D1'},{'D5'},{'D6'},{'D2'},{'D7'},{'D3'},&,5.0,&
{'R2'},{'R3'},{'R1'},{'D4'},{'D1'},{'D5'},{'D6'},{'D2'},{'D3'},{'D7'},&,21.0,&
{'R2'},{'R3'},{'R1'},{'D4'},{'D1'},{'D5'},{'D6'},{'D3'},{'D2'},{'D7'},&,1.0,&
{'R2'},{'R3'},{'R1'},{'D4'},{'D1'},{'D3'},{'D2'},{'D6'},{'D5'},{'D7'},&,18.0,&
{'R2'},{'R3'},{'R1'},{'D4'},{'D1'},{'D3'},{'D6'},{'D2'},{'D7'},{'D5'},&,3.0,&
{'R2'},{'R3'},{'R1'},{'D4'},{'D1'},{'D3'},{'D6'},{'D2'},{'D5'},{'D7'},&,25.0,&
{'R2'},{'R3'},{'R1'},{'D4'},{'D1'},{'D3'},{'D6'},{'D5'},{'D2'},{'D7'},&,1.0,&
{'R2'},{'R3'},{'R1'},{'D4'},{'D1'},{'D3'},{'D5'},{'D6'},{'D2'},{'D7'},&,2.0,&
{'R2'},{'R3'},{'R1'},{'D4'},{'D7'},{'D1'},{'D6'},{'D2'},{'D3'},{'D5'},&,1.0,&
{'R2'},{'R3'},{'R1'},{'D4'},{'D7'},{'D2'},{'D6'},{'D1'},{'D5'},{'D3'},&,1.0,&
{'R2'},{'R3'},{'R1'},{'D4'},{'D2'},{'D6'},{'D1'},{'D3'},{'D7'},{'D5'},&,1.0,&
{'R2'},{'R3'},{'R1'},{'D4'},{'D2'},{'D6'},{'D1'},{'D3'},{'D5'},{'D7'},&,3.0,&
{'R2'},{'R3'},{'R1'},{'D4'},{'D2'},{'D6'},{'D1'},{'D5'},{'D7'},{'D3'},&,1.0,&
{'R2'},{'R3'},{'R1'},{'D4'},{'D2'},{'D6'},{'D1'},{'D5'},{'D3'},{'D7'},&,5.0,&
{'R2'},{'R3'},{'R1'},{'D4'},{'D2'},{'D1'},{'D6'},{'D7'},{'D3'},{'D5'},&,7.0,&
{'R2'},{'R3'},{'R1'},{'D4'},{'D2'},{'D1'},{'D6'},{'D7'},{'D5'},{'D3'},&,9.0,&
{'R2'},{'R3'},{'R1'},{'D4'},{'D2'},{'D1'},{'D6'},{'D3'},{'D7'},{'D5'},&,4.0,&
{'R2'},{'R3'},{'R1'},{'D4'},{'D2'},{'D1'},{'D6'},{'D3'},{'D5'},{'D7'},&,76.0,&
{'R2'},{'R3'},{'R1'},{'D4'},{'D2'},{'D1'},{'D6'},{'D5'},{'D7'},{'D3'},&,10.0,&
{'R2'},{'R3'},{'R1'},{'D4'},{'D2'},{'D1'},{'D6'},{'D5'},{'D3'},{'D7'},&,84.0,&
{'R2'},{'R3'},{'R1'},{'D4'},{'D2'},{'D1'},{'D7'},{'D6'},{'D3'},{'D5'},&,1.0,&
{'R2'},{'R3'},{'R1'},{'D4'},{'D2'},{'D1'},{'D3'},{'D6'},{'D7'},{'D5'},&,2.0,&
{'R2'},{'R3'},{'R1'},{'D4'},{'D2'},{'D1'},{'D3'},{'D6'},{'D5'},{'D7'},&,5.0,&
{'R2'},{'R3'},{'R1'},{'D4'},{'D2'},{'D1'},{'D5'},{'D6'},{'D7'},{'D3'},&,1.0,&
{'R2'},{'R3'},{'R1'},{'D4'},{'D2'},{'D1'},{'D5'},{'D6'},{'D3'},{'D7'},&,2.0,&
{'R2'},{'R3'},{'R1'},{'D4'},{'D2'},{'D3'},{'D1'},{'D6'},{'D5'},{'D7'},&,1.0,&
{'R2'},{'R3'},{'R1'},{'D4'},{'D3'},{'D1'},{'D2'},{'D6'},{'D7'},{'D5'},&,1.0,&
{'R2'},{'R3'},{'R1'},{'D4'},{'D3'},{'D1'},{'D2'},{'D6'},{'D5'},{'D7'},&,2.0,&
{'R2'},{'R3'},{'R1'},{'D4'},{'D3'},{'D1'},{'D6'},{'D2'},{'D5'},{'D7'},&,1.0,&
{'R2'},{'R3'},{'R1'},{'D4'},{'D3'},{'D1'},{'D6'},{'D5'},{'D2'},{'D7'},&,1.0,&
{'R2'},{'R3'},{'R1'},{'D4'},{'D6'},{'D1'},{'D2'},{'D7'},{'D3'},{'D5'},&,8.0,&
{'R2'},{'R3'},{'R1'},{'D4'},{'D6'},{'D1'},{'D2'},{'D7'},{'D5'},{'D3'},&,6.0,&
{'R2'},{'R3'},{'R1'},{'D4'},{'D6'},{'D1'},{'D2'},{'D3'},{'D7'},{'D5'},&,5.0,&
{'R2'},{'R3'},{'R1'},{'D4'},{'D6'},{'D1'},{'D2'},{'D3'},{'D5'},{'D7'},&,93.0,&
{'R2'},{'R3'},{'R1'},{'D4'},{'D6'},{'D1'},{'D2'},{'D5'},{'D7'},{'D3'},&,13.0,&
{'R2'},{'R3'},{'R1'},{'D4'},{'D6'},{'D1'},{'D2'},{'D5'},{'D3'},{'D7'},&,75.0,&
{'R2'},{'R3'},{'R1'},{'D4'},{'D6'},{'D1'},{'D7'},{'D2'},{'D3'},{'D5'},&,1.0,&
{'R2'},{'R3'},{'R1'},{'D4'},{'D6'},{'D1'},{'D7'},{'D2'},{'D5'},{'D3'},&,1.0,&
{'R2'},{'R3'},{'R1'},{'D4'},{'D6'},{'D1'},{'D3'},{'D2'},{'D7'},{'D5'},&,1.0,&
{'R2'},{'R3'},{'R1'},{'D4'},{'D6'},{'D1'},{'D3'},{'D2'},{'D5'},{'D7'},&,9.0,&
{'R2'},{'R3'},{'R1'},{'D4'},{'D6'},{'D1'},{'D3'},{'D5'},{'D2'},{'D7'},&,1.0,&
{'R2'},{'R3'},{'R1'},{'D4'},{'D6'},{'D1'},{'D5'},{'D2'},{'D3'},{'D7'},&,8.0,&
{'R2'},{'R3'},{'R1'},{'D4'},{'D6'},{'D2'},{'D1'},{'D7'},{'D5'},{'D3'},&,1.0,&
{'R2'},{'R3'},{'R1'},{'D4'},{'D6'},{'D2'},{'D1'},{'D3'},{'D5'},{'D7'},&,4.0,&
{'R2'},{'R3'},{'R1'},{'D4'},{'D6'},{'D2'},{'D1'},{'D5'},{'D7'},{'D3'},&,2.0,&
{'R2'},{'R3'},{'R1'},{'D4'},{'D6'},{'D2'},{'D1'},{'D5'},{'D3'},{'D7'},&,5.0,&
{'R2'},{'R3'},{'R1'},{'D4'},{'D6'},{'D5'},{'D1'},{'D2'},{'D7'},{'D3'},&,1.0,&
{'R2'},{'R3'},{'R1'},{'D4'},{'D6'},{'D5'},{'D1'},{'D2'},{'D3'},{'D7'},&,1.0,&
{'R2'},{'R3'},{'R1'},{'D4'},{'D5'},{'D1'},{'D2'},{'D6'},{'D7'},{'D3'},&,1.0,&
{'R2'},{'R3'},{'R1'},{'D4'},{'D5'},{'D1'},{'D2'},{'D6'},{'D3'},{'D7'},&,2.0,&
{'R2'},{'R3'},{'R1'},{'D4'},{'D5'},{'D1'},{'D6'},{'D2'},{'D3'},{'D7'},&,2.0,&
