VoteKit RankProfile
Candidates
(D6:D6),(R3:R3),(R2:R2),(R1:R1),(D1:D1),(D3:D3),(D7:D7),(D5:D5),(D2:D2),(D4:D4)
Max Ranking Length
10
Includes Voter Set
False
=,=,=,=,=,=,=,=,=,=
Ranking_1,Ranking_2,Ranking_3,Ranking_4,Ranking_5,Ranking_6,Ranking_7,Ranking_8,Ranking_9,Ranking_10,&,Weight,&
{'D6'},,,,,,,,,,&,208.0,&
{'D6'},{'D1'},,,,,,,,,&,38.0,&
{'D6'},{'D1'},{'R1'},,,,,,,,&,4.0,&
{'D6'},{'D1'},{'R1'},{'R2'},{'R3'},{'D3'},{'D2'},,,,&,1.0,&
{'D6'},{'D1'},{'R1'},{'D3'},{'D2'},,,,,,&,1.0,&
{'D6'},{'D1'},{'R1'},{'D3'},{'D7'},,,,,,&,1.0,&
{'D6'},{'D1'},{'R1'},{'D3'},{'R2'},{'D2'},{'R3'},{'D5'},,,&,1.0,&
{'D6'},{'D1'},{'R1'},{'D7'},{'R3'},{'R2'},{'D3'},{'D2'},,,&,1.0,&
{'D6'},{'D1'},{'R1'},{'D2'},,,,,,,&,1.0,&
{'D6'},{'D1'},{'R1'},{'D2'},{'D3'},{'R2'},,,,,&,1.0,&
{'D6'},{'D1'},{'D3'},,,,,,,,&,11.0,&
{'D6'},{'D1'},{'D3'},{'R2'},,,,,,,&,6.0,&
{'D6'},{'D1'},{'D3'},{'R2'},{'D2'},,,,,,&,2.0,&
{'D6'},{'D1'},{'D3'},{'R2'},{'D2'},{'D7'},,,,,&,1.0,&
{'D6'},{'D1'},{'D3'},{'R2'},{'D2'},{'D5'},{'R3'},{'D7'},,,&,1.0,&
{'D6'},{'D1'},{'D3'},{'R2'},{'D2'},{'R3'},{'D5'},{'R1'},{'D4'},,&,1.0,&
{'D6'},{'D1'},{'D3'},{'R2'},{'R3'},{'D7'},{'D2'},{'D5'},{'D4'},{'R1'},&,1.0,&
{'D6'},{'D1'},{'D3'},{'R2'},{'R3'},{'D2'},{'D5'},{'R1'},{'D7'},{'D4'},&,1.0,&
{'D6'},{'D1'},{'D3'},{'R2'},{'R3'},{'D4'},{'R1'},{'D2'},,,&,1.0,&
{'D6'},{'D1'},{'D3'},{'D5'},{'D2'},{'D4'},{'R3'},{'R2'},{'R1'},{'D7'},&,1.0,&
{'D6'},{'D1'},{'D3'},{'D5'},{'R2'},{'D7'},{'D4'},{'D2'},,,&,1.0,&
{'D6'},{'D1'},{'D3'},{'D7'},{'D2'},{'R3'},{'D4'},{'D5'},{'R2'},{'R1'},&,1.0,&
{'D6'},{'D1'},{'D3'},{'D7'},{'R3'},{'R2'},{'R1'},,,,&,1.0,&
{'D6'},{'D1'},{'D3'},{'R1'},,,,,,,&,1.0,&
{'D6'},{'D1'},{'D3'},{'R3'},,,,,,,&,2.0,&
{'D6'},{'D1'},{'D3'},{'R3'},{'D2'},,,,,,&,1.0,&
{'D6'},{'D1'},{'D3'},{'R3'},{'D2'},{'R2'},{'D7'},{'D4'},{'R1'},,&,1.0,&
{'D6'},{'D1'},{'D3'},{'R3'},{'D7'},,,,,,&,1.0,&
{'D6'},{'D1'},{'D3'},{'R3'},{'D5'},,,,,,&,1.0,&
{'D6'},{'D1'},{'D3'},{'R3'},{'R2'},{'D2'},{'D7'},,,,&,1.0,&
{'D6'},{'D1'},{'D3'},{'R3'},{'R2'},{'D2'},{'D7'},{'D5'},{'R1'},,&,1.0,&
{'D6'},{'D1'},{'D3'},{'R3'},{'R2'},{'D2'},{'R1'},{'D7'},{'D4'},{'D5'},&,1.0,&
{'D6'},{'D1'},{'D3'},{'D2'},,,,,,,&,6.0,&
{'D6'},{'D1'},{'D3'},{'D2'},{'D7'},{'R2'},{'D4'},{'R3'},{'D5'},{'R1'},&,1.0,&
{'D6'},{'D1'},{'D3'},{'D2'},{'R1'},{'R2'},{'D5'},{'D7'},{'D4'},,&,1.0,&
{'D6'},{'D1'},{'D3'},{'D2'},{'D5'},,,,,,&,1.0,&
{'D6'},{'D1'},{'D3'},{'D2'},{'D5'},{'R3'},,,,,&,1.0,&
{'D6'},{'D1'},{'D3'},{'D2'},{'D5'},{'R3'},{'D7'},{'R2'},{'R1'},{'D4'},&,1.0,&
{'D6'},{'D1'},{'D3'},{'D2'},{'D5'},{'D4'},{'D7'},,,,&,1.0,&
{'D6'},{'D1'},{'D3'},{'D2'},{'R3'},,,,,,&,1.0,&
{'D6'},{'D1'},{'D3'},{'D2'},{'R3'},{'R2'},{'D5'},,,,&,1.0,&
{'D6'},{'D1'},{'D3'},{'D2'},{'R3'},{'R2'},{'D5'},{'R1'},{'D7'},,&,1.0,&
{'D6'},{'D1'},{'D3'},{'D2'},{'R3'},{'R2'},{'R1'},,,,&,1.0,&
{'D6'},{'D1'},{'D3'},{'D2'},{'R2'},,,,,,&,3.0,&
{'D6'},{'D1'},{'D3'},{'D2'},{'R2'},{'D7'},,,,,&,1.0,&
{'D6'},{'D1'},{'D3'},{'D2'},{'R2'},{'D5'},{'D7'},,,,&,1.0,&
{'D6'},{'D1'},{'D3'},{'D2'},{'R2'},{'R3'},{'R1'},{'D7'},,,&,1.0,&
{'D6'},{'D1'},{'D3'},{'D2'},{'R2'},{'R3'},{'R1'},{'D5'},{'D7'},,&,1.0,&
{'D6'},{'D1'},{'D3'},{'D2'},{'R2'},{'D4'},{'R3'},{'D7'},{'D5'},{'R1'},&,1.0,&
{'D6'},{'D1'},{'D3'},{'D2'},{'D4'},{'R2'},{'D5'},{'R1'},,,&,1.0,&
{'D6'},{'D1'},{'D5'},,,,,,,,&,3.0,&
{'D6'},{'D1'},{'D5'},{'D7'},{'R3'},{'R2'},{'D2'},{'D3'},{'D4'},{'R1'},&,1.0,&
{'D6'},{'D1'},{'D5'},{'R1'},{'R2'},{'R3'},{'D3'},{'D2'},,,&,1.0,&
{'D6'},{'D1'},{'D5'},{'R3'},{'R2'},{'D3'},{'D2'},{'D7'},{'R1'},{'D4'},&,1.0,&
{'D6'},{'D1'},{'D5'},{'D2'},,,,,,,&,1.0,&
{'D6'},{'D1'},{'D5'},{'D2'},{'R1'},{'D3'},{'D4'},{'D7'},,,&,1.0,&
{'D6'},{'D1'},{'D7'},,,,,,,,&,2.0,&
{'D6'},{'D1'},{'D7'},{'D3'},,,,,,,&,1.0,&
{'D6'},{'D1'},{'D7'},{'D3'},{'D2'},{'D5'},{'D4'},{'R2'},,,&,1.0,&
{'D6'},{'D1'},{'D7'},{'D3'},{'R1'},{'D2'},{'R2'},{'R3'},,,&,1.0,&
{'D6'},{'D1'},{'D7'},{'D3'},{'D5'},{'R2'},{'R3'},{'R1'},{'D2'},{'D4'},&,1.0,&
{'D6'},{'D1'},{'D7'},{'R3'},{'R2'},{'R1'},,,,,&,1.0,&
{'D6'},{'D1'},{'D7'},{'D2'},,,,,,,&,1.0,&
{'D6'},{'D1'},{'D7'},{'D2'},{'D3'},,,,,,&,1.0,&
{'D6'},{'D1'},{'D7'},{'D2'},{'D3'},{'D4'},{'R2'},{'R3'},,,&,1.0,&
{'D6'},{'D1'},{'D7'},{'D2'},{'D5'},{'D3'},{'D4'},,,,&,1.0,&
{'D6'},{'D1'},{'D7'},{'D2'},{'R3'},,,,,,&,1.0,&
{'D6'},{'D1'},{'R3'},,,,,,,,&,5.0,&
{'D6'},{'D1'},{'R3'},{'R2'},,,,,,,&,5.0,&
{'D6'},{'D1'},{'R3'},{'R2'},{'D2'},,,,,,&,1.0,&
{'D6'},{'D1'},{'R3'},{'R2'},{'D2'},{'D3'},{'D7'},{'D5'},{'R1'},,&,1.0,&
{'D6'},{'D1'},{'R3'},{'R2'},{'D2'},{'D3'},{'R1'},{'D5'},{'D7'},,&,1.0,&
{'D6'},{'D1'},{'R3'},{'R2'},{'D3'},,,,,,&,1.0,&
{'D6'},{'D1'},{'R3'},{'R2'},{'D3'},{'D5'},{'D4'},{'D2'},{'D7'},,&,1.0,&
{'D6'},{'D1'},{'R3'},{'R2'},{'D3'},{'D2'},{'D7'},,,,&,1.0,&
{'D6'},{'D1'},{'R3'},{'R2'},{'R1'},,,,,,&,1.0,&
{'D6'},{'D1'},{'R3'},{'R2'},{'R1'},{'D2'},,,,,&,1.0,&
{'D6'},{'D1'},{'R3'},{'R2'},{'R1'},{'D2'},{'D3'},{'D7'},,,&,1.0,&
{'D6'},{'D1'},{'R3'},{'R2'},{'R1'},{'D2'},{'D3'},{'D5'},,,&,1.0,&
{'D6'},{'D1'},{'R3'},{'R2'},{'R1'},{'D2'},{'D3'},{'D5'},{'D7'},,&,1.0,&
{'D6'},{'D1'},{'R3'},{'R2'},{'R1'},{'D2'},{'D3'},{'D5'},{'D4'},,&,1.0,&
{'D6'},{'D1'},{'R3'},{'R2'},{'R1'},{'D3'},{'D2'},{'D4'},,,&,1.0,&
{'D6'},{'D1'},{'R3'},{'R2'},{'D5'},{'D2'},,,,,&,1.0,&
{'D6'},{'D1'},{'R3'},{'R2'},{'D4'},{'R1'},{'D3'},{'D2'},,,&,1.0,&
{'D6'},{'D1'},{'R3'},{'D5'},,,,,,,&,2.0,&
{'D6'},{'D1'},{'R3'},{'D3'},,,,,,,&,4.0,&
{'D6'},{'D1'},{'R3'},{'D3'},{'D2'},{'D5'},{'R1'},{'D7'},{'D4'},{'R2'},&,1.0,&
{'D6'},{'D1'},{'R3'},{'D3'},{'D2'},{'R2'},{'D5'},{'R1'},{'D7'},{'D4'},&,1.0,&
{'D6'},{'D1'},{'R3'},{'D3'},{'D2'},{'R1'},,,,,&,1.0,&
{'D6'},{'D1'},{'R3'},{'D3'},{'D2'},{'R1'},{'R2'},{'D5'},{'D7'},{'D4'},&,1.0,&
{'D6'},{'D1'},{'R3'},{'D3'},{'R2'},{'D2'},{'D7'},{'R1'},,,&,1.0,&
{'D6'},{'D1'},{'R3'},{'D3'},{'R2'},{'D2'},{'R1'},,,,&,1.0,&
{'D6'},{'D1'},{'R3'},{'D3'},{'R2'},{'R1'},{'D5'},{'D7'},,,&,1.0,&
{'D6'},{'D1'},{'R3'},{'R1'},,,,,,,&,4.0,&
{'D6'},{'D1'},{'R3'},{'R1'},{'D7'},{'R2'},,,,,&,1.0,&
{'D6'},{'D1'},{'R3'},{'D2'},{'D3'},,,,,,&,1.0,&
{'D6'},{'D1'},{'R3'},{'D2'},{'R2'},{'D5'},,,,,&,1.0,&
{'D6'},{'D1'},{'R3'},{'D2'},{'R2'},{'D5'},{'D7'},{'R1'},{'D3'},,&,1.0,&
{'D6'},{'D1'},{'R3'},{'D2'},{'R2'},{'R1'},{'D3'},{'D7'},,,&,1.0,&
{'D6'},{'D1'},{'R2'},,,,,,,,&,12.0,&
{'D6'},{'D1'},{'R2'},{'D5'},{'D3'},{'R3'},,,,,&,1.0,&
{'D6'},{'D1'},{'R2'},{'D5'},{'R1'},{'D2'},,,,,&,1.0,&
{'D6'},{'D1'},{'R2'},{'D5'},{'R3'},{'D3'},,,,,&,1.0,&
{'D6'},{'D1'},{'R2'},{'D3'},,,,,,,&,2.0,&
{'D6'},{'D1'},{'R2'},{'D3'},{'D2'},{'D7'},,,,,&,1.0,&
{'D6'},{'D1'},{'R2'},{'D3'},{'D2'},{'D7'},{'D4'},{'R3'},{'R1'},,&,1.0,&
{'D6'},{'D1'},{'R2'},{'D3'},{'D2'},{'D5'},,,,,&,1.0,&
{'D6'},{'D1'},{'R2'},{'D3'},{'D2'},{'D5'},{'D4'},{'R3'},{'D7'},{'R1'},&,1.0,&
{'D6'},{'D1'},{'R2'},{'D3'},{'R3'},{'D2'},{'D5'},{'R1'},{'D7'},,&,1.0,&
{'D6'},{'D1'},{'R2'},{'D3'},{'R3'},{'R1'},,,,,&,1.0,&
{'D6'},{'D1'},{'R2'},{'D3'},{'D4'},{'R3'},{'D2'},{'R1'},,,&,1.0,&
{'D6'},{'D1'},{'R2'},{'D7'},{'D2'},{'D5'},,,,,&,1.0,&
{'D6'},{'D1'},{'R2'},{'D7'},{'D2'},{'D3'},,,,,&,1.0,&
{'D6'},{'D1'},{'R2'},{'D7'},{'R3'},{'R1'},,,,,&,1.0,&
{'D6'},{'D1'},{'R2'},{'R1'},,,,,,,&,1.0,&
{'D6'},{'D1'},{'R2'},{'R1'},{'D2'},{'R3'},,,,,&,1.0,&
{'D6'},{'D1'},{'R2'},{'R1'},{'D3'},{'R3'},{'D4'},{'D5'},{'D2'},,&,1.0,&
{'D6'},{'D1'},{'R2'},{'R1'},{'R3'},{'D2'},{'D7'},,,,&,1.0,&
{'D6'},{'D1'},{'R2'},{'R3'},,,,,,,&,3.0,&
{'D6'},{'D1'},{'R2'},{'R3'},{'D2'},,,,,,&,1.0,&
{'D6'},{'D1'},{'R2'},{'R3'},{'D2'},{'D3'},{'R1'},,,,&,1.0,&
{'D6'},{'D1'},{'R2'},{'R3'},{'D2'},{'D3'},{'D4'},,,,&,1.0,&
{'D6'},{'D1'},{'R2'},{'R3'},{'D2'},{'D3'},{'D4'},{'R1'},{'D7'},{'D5'},&,1.0,&
{'D6'},{'D1'},{'R2'},{'R3'},{'D3'},{'R1'},,,,,&,1.0,&
{'D6'},{'D1'},{'R2'},{'R3'},{'D3'},{'R1'},{'D5'},,,,&,1.0,&
{'D6'},{'D1'},{'R2'},{'R3'},{'R1'},,,,,,&,3.0,&
{'D6'},{'D1'},{'R2'},{'R3'},{'R1'},{'D2'},,,,,&,1.0,&
{'D6'},{'D1'},{'R2'},{'R3'},{'R1'},{'D3'},,,,,&,1.0,&
{'D6'},{'D1'},{'R2'},{'R3'},{'R1'},{'D3'},{'D2'},,,,&,1.0,&
{'D6'},{'D1'},{'R2'},{'D2'},,,,,,,&,2.0,&
{'D6'},{'D1'},{'R2'},{'D2'},{'D3'},{'D7'},{'D5'},,,,&,1.0,&
{'D6'},{'D1'},{'R2'},{'D2'},{'D3'},{'D5'},,,,,&,2.0,&
{'D6'},{'D1'},{'R2'},{'D2'},{'D3'},{'D5'},{'R3'},{'D7'},,,&,1.0,&
{'D6'},{'D1'},{'R2'},{'D2'},{'R1'},{'R3'},{'D5'},{'D3'},,,&,1.0,&
{'D6'},{'D1'},{'R2'},{'D2'},{'R1'},{'D3'},{'D5'},{'D7'},{'D4'},{'R3'},&,1.0,&
{'D6'},{'D1'},{'R2'},{'D2'},{'D5'},{'D3'},,,,,&,1.0,&
{'D6'},{'D1'},{'R2'},{'D2'},{'R3'},{'D3'},{'R1'},{'D7'},,,&,1.0,&
{'D6'},{'D1'},{'R2'},{'D2'},{'R3'},{'R1'},,,,,&,2.0,&
{'D6'},{'D1'},{'D2'},,,,,,,,&,30.0,&
{'D6'},{'D1'},{'D2'},{'R2'},,,,,,,&,7.0,&
{'D6'},{'D1'},{'D2'},{'R2'},{'D7'},{'D3'},,,,,&,1.0,&
{'D6'},{'D1'},{'D2'},{'R2'},{'D3'},,,,,,&,1.0,&
{'D6'},{'D1'},{'D2'},{'R2'},{'D3'},{'D7'},{'R3'},{'D5'},,,&,1.0,&
{'D6'},{'D1'},{'D2'},{'R2'},{'D3'},{'D7'},{'R3'},{'D5'},{'D4'},{'R1'},&,1.0,&
{'D6'},{'D1'},{'D2'},{'R2'},{'D3'},{'D7'},{'R1'},{'R3'},,,&,1.0,&
{'D6'},{'D1'},{'D2'},{'R2'},{'D3'},{'D5'},,,,,&,1.0,&
{'D6'},{'D1'},{'D2'},{'R2'},{'D3'},{'R3'},{'D7'},,,,&,1.0,&
{'D6'},{'D1'},{'D2'},{'R2'},{'R3'},,,,,,&,1.0,&
{'D6'},{'D1'},{'D2'},{'R2'},{'R3'},{'D7'},{'R1'},{'D3'},{'D4'},{'D5'},&,1.0,&
{'D6'},{'D1'},{'D2'},{'R2'},{'R3'},{'D5'},,,,,&,1.0,&
{'D6'},{'D1'},{'D2'},{'R2'},{'R3'},{'D3'},{'D7'},{'D5'},,,&,1.0,&
{'D6'},{'D1'},{'D2'},{'R2'},{'R3'},{'R1'},{'D5'},,,,&,1.0,&
{'D6'},{'D1'},{'D2'},{'R2'},{'R3'},{'R1'},{'D3'},{'D7'},{'D5'},,&,1.0,&
{'D6'},{'D1'},{'D2'},{'D5'},,,,,,,&,2.0,&
{'D6'},{'D1'},{'D2'},{'D5'},{'R3'},{'R2'},{'D3'},{'D4'},,,&,1.0,&
{'D6'},{'D1'},{'D2'},{'D5'},{'R2'},,,,,,&,1.0,&
{'D6'},{'D1'},{'D2'},{'D3'},,,,,,,&,4.0,&
{'D6'},{'D1'},{'D2'},{'D3'},{'D7'},,,,,,&,3.0,&
{'D6'},{'D1'},{'D2'},{'D3'},{'D7'},{'D5'},,,,,&,1.0,&
{'D6'},{'D1'},{'D2'},{'D3'},{'D7'},{'R2'},{'R3'},,,,&,1.0,&
{'D6'},{'D1'},{'D2'},{'D3'},{'D7'},{'R3'},,,,,&,1.0,&
{'D6'},{'D1'},{'D2'},{'D3'},{'R1'},{'D5'},{'D7'},{'R2'},,,&,1.0,&
{'D6'},{'D1'},{'D2'},{'D3'},{'R1'},{'R2'},{'R3'},,,,&,1.0,&
{'D6'},{'D1'},{'D2'},{'D3'},{'R1'},{'R2'},{'R3'},{'D7'},,,&,1.0,&
{'D6'},{'D1'},{'D2'},{'D3'},{'D5'},,,,,,&,1.0,&
{'D6'},{'D1'},{'D2'},{'D3'},{'D5'},{'D7'},{'D4'},{'R3'},,,&,1.0,&
{'D6'},{'D1'},{'D2'},{'D3'},{'D5'},{'R2'},,,,,&,1.0,&
{'D6'},{'D1'},{'D2'},{'D3'},{'D5'},{'R1'},{'D7'},{'D4'},,,&,1.0,&
{'D6'},{'D1'},{'D2'},{'D3'},{'R3'},,,,,,&,2.0,&
{'D6'},{'D1'},{'D2'},{'D3'},{'R3'},{'R2'},,,,,&,1.0,&
{'D6'},{'D1'},{'D2'},{'D3'},{'R2'},,,,,,&,3.0,&
{'D6'},{'D1'},{'D2'},{'D3'},{'R2'},{'D7'},,,,,&,1.0,&
{'D6'},{'D1'},{'D2'},{'D3'},{'R2'},{'R3'},{'D5'},{'D7'},{'R1'},{'D4'},&,1.0,&
{'D6'},{'D1'},{'D2'},{'D3'},{'R2'},{'R3'},{'R1'},{'D7'},{'D4'},{'D5'},&,1.0,&
{'D6'},{'D1'},{'D2'},{'D3'},{'R2'},{'R1'},,,,,&,1.0,&
{'D6'},{'D1'},{'D2'},{'D3'},{'D4'},,,,,,&,1.0,&
{'D6'},{'D1'},{'D2'},{'D4'},,,,,,,&,1.0,&
{'D6'},{'D1'},{'D2'},{'D4'},{'D3'},{'R3'},{'R2'},{'R1'},,,&,1.0,&
{'D6'},{'D1'},{'D2'},{'D4'},{'R3'},{'R2'},{'D5'},{'D3'},{'R1'},{'D7'},&,1.0,&
{'D6'},{'D1'},{'D2'},{'D7'},,,,,,,&,1.0,&
{'D6'},{'D1'},{'D2'},{'D7'},{'D3'},,,,,,&,1.0,&
{'D6'},{'D1'},{'D2'},{'D7'},{'D3'},{'R2'},,,,,&,1.0,&
{'D6'},{'D1'},{'D2'},{'D7'},{'R1'},{'D5'},{'D3'},{'D4'},,,&,1.0,&
{'D6'},{'D1'},{'D2'},{'D7'},{'R3'},,,,,,&,1.0,&
{'D6'},{'D1'},{'D2'},{'D7'},{'R3'},{'R2'},{'D3'},{'D5'},{'R1'},,&,1.0,&
{'D6'},{'D1'},{'D2'},{'D7'},{'R2'},,,,,,&,1.0,&
{'D6'},{'D1'},{'D2'},{'R1'},{'D3'},,,,,,&,1.0,&
{'D6'},{'D1'},{'D2'},{'R1'},{'D5'},{'R3'},{'D3'},{'R2'},{'D4'},{'D7'},&,1.0,&
{'D6'},{'D1'},{'D2'},{'R1'},{'R3'},{'D3'},{'R2'},{'D5'},,,&,2.0,&
{'D6'},{'D1'},{'D2'},{'R1'},{'R2'},{'R3'},{'D3'},{'D5'},,,&,1.0,&
{'D6'},{'D1'},{'D2'},{'R3'},,,,,,,&,3.0,&
{'D6'},{'D1'},{'D2'},{'R3'},{'D7'},,,,,,&,1.0,&
{'D6'},{'D1'},{'D2'},{'R3'},{'D3'},{'D7'},,,,,&,1.0,&
{'D6'},{'D1'},{'D2'},{'R3'},{'D3'},{'D5'},{'R2'},{'D7'},{'D4'},,&,1.0,&
{'D6'},{'D1'},{'D2'},{'R3'},{'D3'},{'R2'},,,,,&,1.0,&
{'D6'},{'D1'},{'D2'},{'R3'},{'R1'},{'D3'},{'R2'},,,,&,1.0,&
{'D6'},{'D1'},{'D2'},{'R3'},{'D5'},{'D3'},{'R2'},{'R1'},,,&,1.0,&
{'D6'},{'D1'},{'D2'},{'R3'},{'R2'},,,,,,&,1.0,&
{'D6'},{'D1'},{'D2'},{'R3'},{'R2'},{'D7'},{'D3'},{'R1'},,,&,1.0,&
{'D6'},{'D1'},{'D2'},{'R3'},{'R2'},{'D5'},{'D3'},{'D7'},{'D4'},,&,1.0,&
{'D6'},{'D1'},{'D2'},{'R3'},{'R2'},{'D3'},{'D7'},{'R1'},,,&,1.0,&
{'D6'},{'D1'},{'D2'},{'R3'},{'R2'},{'D3'},{'R1'},,,,&,1.0,&
{'D6'},{'D1'},{'D2'},{'R3'},{'R2'},{'D3'},{'R1'},{'D5'},,,&,1.0,&
{'D6'},{'D1'},{'D2'},{'R3'},{'R2'},{'R1'},,,,,&,1.0,&
{'D6'},{'D1'},{'D2'},{'R3'},{'R2'},{'R1'},{'D3'},,,,&,1.0,&
{'D6'},{'D1'},{'D4'},,,,,,,,&,1.0,&
{'D6'},{'D1'},{'D4'},{'D3'},{'D2'},{'D5'},{'D7'},{'R2'},{'R1'},{'R3'},&,1.0,&
{'D6'},{'D1'},{'D4'},{'R3'},{'D2'},{'R2'},{'R1'},{'D3'},{'D5'},{'D7'},&,1.0,&
{'D6'},{'D1'},{'D4'},{'D2'},,,,,,,&,1.0,&
{'D6'},{'D1'},{'D4'},{'D2'},{'R1'},,,,,,&,1.0,&
{'D6'},{'R3'},,,,,,,,,&,35.0,&
{'D6'},{'R3'},{'R1'},,,,,,,,&,3.0,&
{'D6'},{'R3'},{'R1'},{'R2'},,,,,,,&,1.0,&
{'D6'},{'R3'},{'R1'},{'R2'},{'D2'},,,,,,&,1.0,&
{'D6'},{'R3'},{'R1'},{'R2'},{'D2'},{'D1'},{'D7'},{'D3'},,,&,1.0,&
{'D6'},{'R3'},{'R1'},{'R2'},{'D3'},,,,,,&,1.0,&
{'D6'},{'R3'},{'R1'},{'R2'},{'D3'},{'D2'},{'D5'},{'D1'},,,&,1.0,&
{'D6'},{'R3'},{'R1'},{'R2'},{'D1'},,,,,,&,1.0,&
{'D6'},{'R3'},{'R1'},{'D1'},{'D3'},{'D2'},,,,,&,1.0,&
{'D6'},{'R3'},{'R1'},{'D5'},{'D3'},{'R2'},{'D1'},{'D2'},{'D4'},{'D7'},&,1.0,&
{'D6'},{'R3'},{'R1'},{'D3'},{'D2'},{'D1'},,,,,&,1.0,&
{'D6'},{'R3'},{'R1'},{'D3'},{'D1'},{'R2'},{'D2'},{'D7'},,,&,1.0,&
{'D6'},{'R3'},{'R1'},{'D3'},{'R2'},{'D2'},,,,,&,1.0,&
{'D6'},{'R3'},{'R1'},{'D7'},{'D2'},,,,,,&,1.0,&
{'D6'},{'R3'},{'R1'},{'D2'},{'D3'},{'D1'},{'D5'},{'R2'},,,&,1.0,&
{'D6'},{'R3'},{'R1'},{'D2'},{'D1'},{'R2'},{'D3'},{'D5'},,,&,2.0,&
{'D6'},{'R3'},{'R1'},{'D2'},{'R2'},,,,,,&,1.0,&
{'D6'},{'R3'},{'D3'},,,,,,,,&,13.0,&
{'D6'},{'R3'},{'D3'},{'R2'},,,,,,,&,5.0,&
{'D6'},{'R3'},{'D3'},{'R2'},{'D2'},,,,,,&,1.0,&
{'D6'},{'R3'},{'D3'},{'R2'},{'D2'},{'D1'},{'D7'},{'D5'},,,&,1.0,&
{'D6'},{'R3'},{'D3'},{'R2'},{'D2'},{'R1'},{'D1'},,,,&,1.0,&
{'D6'},{'R3'},{'D3'},{'R2'},{'R1'},,,,,,&,1.0,&
{'D6'},{'R3'},{'D3'},{'R2'},{'R1'},{'D1'},,,,,&,1.0,&
{'D6'},{'R3'},{'D3'},{'R2'},{'R1'},{'D1'},{'D2'},,,,&,1.0,&
{'D6'},{'R3'},{'D3'},{'R2'},{'R1'},{'D1'},{'D2'},{'D5'},,,&,1.0,&
{'D6'},{'R3'},{'D3'},{'R2'},{'R1'},{'D5'},,,,,&,1.0,&
{'D6'},{'R3'},{'D3'},{'R2'},{'R1'},{'D4'},,,,,&,1.0,&
{'D6'},{'R3'},{'D3'},{'R2'},{'D5'},,,,,,&,1.0,&
{'D6'},{'R3'},{'D3'},{'R2'},{'D1'},{'D7'},{'D2'},,,,&,1.0,&
{'D6'},{'R3'},{'D3'},{'D1'},{'R1'},{'D4'},{'D7'},,,,&,1.0,&
{'D6'},{'R3'},{'D3'},{'D1'},{'R2'},{'D2'},{'D7'},{'R1'},{'D5'},,&,1.0,&
{'D6'},{'R3'},{'D3'},{'D1'},{'R2'},{'D2'},{'D5'},{'R1'},,,&,1.0,&
{'D6'},{'R3'},{'D3'},{'D1'},{'R2'},{'D2'},{'D4'},{'D5'},{'D7'},{'R1'},&,1.0,&
{'D6'},{'R3'},{'D3'},{'D1'},{'R2'},{'R1'},,,,,&,1.0,&
{'D6'},{'R3'},{'D3'},{'D1'},{'R2'},{'R1'},{'D2'},{'D5'},,,&,1.0,&
{'D6'},{'R3'},{'D3'},{'R1'},,,,,,,&,2.0,&
{'D6'},{'R3'},{'D3'},{'D2'},,,,,,,&,2.0,&
{'D6'},{'R3'},{'D3'},{'D2'},{'D1'},{'D7'},,,,,&,1.0,&
{'D6'},{'R3'},{'D3'},{'D2'},{'D1'},{'D7'},{'D5'},{'D4'},,,&,1.0,&
{'D6'},{'R3'},{'D3'},{'D2'},{'D1'},{'D5'},{'D7'},,,,&,1.0,&
{'D6'},{'R3'},{'D3'},{'D2'},{'D1'},{'D5'},{'R2'},,,,&,3.0,&
{'D6'},{'R3'},{'D3'},{'D2'},{'D1'},{'R2'},{'D5'},,,,&,1.0,&
{'D6'},{'R3'},{'D3'},{'D2'},{'R2'},,,,,,&,2.0,&
{'D6'},{'R3'},{'D3'},{'D2'},{'R2'},{'D1'},,,,,&,1.0,&
{'D6'},{'R3'},{'D3'},{'D2'},{'R2'},{'D1'},{'D5'},,,,&,1.0,&
{'D6'},{'R3'},{'D3'},{'D2'},{'R2'},{'D1'},{'R1'},{'D4'},{'D7'},{'D5'},&,1.0,&
{'D6'},{'R3'},{'D3'},{'D2'},{'R2'},{'R1'},,,,,&,1.0,&
{'D6'},{'R3'},{'D3'},{'D2'},{'R2'},{'R1'},{'D1'},{'D7'},{'D5'},{'D4'},&,1.0,&
{'D6'},{'R3'},{'D3'},{'D2'},{'R2'},{'D4'},{'D1'},{'R1'},{'D7'},,&,1.0,&
{'D6'},{'R3'},{'D5'},{'R2'},{'D2'},{'D1'},{'D3'},{'D4'},{'D7'},,&,1.0,&
{'D6'},{'R3'},{'D5'},{'R2'},{'R1'},,,,,,&,1.0,&
{'D6'},{'R3'},{'D5'},{'D3'},,,,,,,&,2.0,&
{'D6'},{'R3'},{'D5'},{'R1'},{'R2'},{'D3'},{'D2'},,,,&,1.0,&
{'D6'},{'R3'},{'D1'},,,,,,,,&,5.0,&
{'D6'},{'R3'},{'D1'},{'R2'},,,,,,,&,4.0,&
{'D6'},{'R3'},{'D1'},{'R2'},{'D2'},,,,,,&,1.0,&
{'D6'},{'R3'},{'D1'},{'R2'},{'D2'},{'D3'},,,,,&,1.0,&
{'D6'},{'R3'},{'D1'},{'R2'},{'D2'},{'D3'},{'D5'},,,,&,1.0,&
{'D6'},{'R3'},{'D1'},{'R2'},{'D3'},{'D2'},{'R1'},{'D5'},,,&,1.0,&
{'D6'},{'R3'},{'D1'},{'R2'},{'D3'},{'R1'},{'D2'},,,,&,1.0,&
{'D6'},{'R3'},{'D1'},{'R2'},{'R1'},,,,,,&,2.0,&
{'D6'},{'R3'},{'D1'},{'R2'},{'R1'},{'D5'},,,,,&,1.0,&
{'D6'},{'R3'},{'D1'},{'R2'},{'R1'},{'D5'},{'D7'},{'D2'},,,&,1.0,&
{'D6'},{'R3'},{'D1'},{'R2'},{'R1'},{'D3'},,,,,&,1.0,&
{'D6'},{'R3'},{'D1'},{'R2'},{'D4'},{'R1'},{'D7'},{'D2'},,,&,1.0,&
{'D6'},{'R3'},{'D1'},{'D5'},{'R2'},{'D3'},{'R1'},{'D2'},,,&,1.0,&
{'D6'},{'R3'},{'D1'},{'D3'},,,,,,,&,5.0,&
{'D6'},{'R3'},{'D1'},{'D3'},{'D2'},,,,,,&,1.0,&
{'D6'},{'R3'},{'D1'},{'D3'},{'D2'},{'D5'},{'D7'},,,,&,1.0,&
{'D6'},{'R3'},{'D1'},{'D3'},{'D2'},{'D5'},{'R2'},{'D4'},{'R1'},,&,1.0,&
{'D6'},{'R3'},{'D1'},{'D3'},{'D2'},{'D4'},,,,,&,1.0,&
{'D6'},{'R3'},{'D1'},{'D3'},{'D7'},{'R2'},{'D2'},{'D5'},,,&,1.0,&
{'D6'},{'R3'},{'D1'},{'D3'},{'R1'},,,,,,&,1.0,&
{'D6'},{'R3'},{'D1'},{'D3'},{'R2'},{'D5'},{'R1'},{'D2'},,,&,1.0,&
{'D6'},{'R3'},{'D1'},{'D3'},{'R2'},{'D2'},{'D5'},,,,&,1.0,&
{'D6'},{'R3'},{'D1'},{'D4'},{'R1'},{'D3'},,,,,&,1.0,&
{'D6'},{'R3'},{'D1'},{'R1'},{'D2'},,,,,,&,1.0,&
{'D6'},{'R3'},{'D1'},{'R1'},{'D3'},,,,,,&,1.0,&
{'D6'},{'R3'},{'D1'},{'R1'},{'D3'},{'R2'},{'D2'},{'D4'},{'D7'},,&,1.0,&
{'D6'},{'R3'},{'D1'},{'R1'},{'R2'},,,,,,&,1.0,&
{'D6'},{'R3'},{'D1'},{'D2'},,,,,,,&,4.0,&
{'D6'},{'R3'},{'D1'},{'D2'},{'D7'},{'D5'},{'D3'},{'D4'},{'R2'},{'R1'},&,1.0,&
{'D6'},{'R3'},{'D1'},{'D2'},{'D3'},{'D5'},,,,,&,1.0,&
{'D6'},{'R3'},{'D1'},{'D2'},{'D3'},{'D5'},{'R2'},{'R1'},{'D7'},{'D4'},&,1.0,&
{'D6'},{'R3'},{'D1'},{'D2'},{'D3'},{'D5'},{'D4'},{'D7'},,,&,1.0,&
{'D6'},{'R3'},{'D1'},{'D2'},{'R1'},,,,,,&,1.0,&
{'D6'},{'R3'},{'D1'},{'D2'},{'R1'},{'D3'},{'R2'},,,,&,1.0,&
{'D6'},{'R3'},{'D1'},{'D2'},{'D5'},,,,,,&,1.0,&
{'D6'},{'R3'},{'D1'},{'D2'},{'R2'},{'D5'},{'D3'},{'D4'},{'D7'},{'R1'},&,1.0,&
{'D6'},{'R3'},{'D1'},{'D2'},{'R2'},{'R1'},,,,,&,1.0,&
{'D6'},{'R3'},{'D7'},,,,,,,,&,2.0,&
{'D6'},{'R3'},{'D7'},{'R2'},,,,,,,&,1.0,&
{'D6'},{'R3'},{'D7'},{'D3'},,,,,,,&,1.0,&
{'D6'},{'R3'},{'R2'},,,,,,,,&,16.0,&
{'D6'},{'R3'},{'R2'},{'D1'},,,,,,,&,3.0,&
{'D6'},{'R3'},{'R2'},{'D1'},{'D2'},{'D5'},{'D3'},{'D7'},{'R1'},,&,1.0,&
{'D6'},{'R3'},{'R2'},{'D1'},{'D2'},{'D3'},,,,,&,1.0,&
{'D6'},{'R3'},{'R2'},{'D1'},{'D2'},{'R1'},{'D5'},,,,&,1.0,&
{'D6'},{'R3'},{'R2'},{'D1'},{'D2'},{'R1'},{'D3'},{'D4'},{'D5'},{'D7'},&,1.0,&
{'D6'},{'R3'},{'R2'},{'D1'},{'D3'},{'R1'},{'D2'},,,,&,1.0,&
{'D6'},{'R3'},{'R2'},{'D1'},{'R1'},{'D5'},,,,,&,1.0,&
{'D6'},{'R3'},{'R2'},{'D1'},{'R1'},{'D5'},{'D2'},,,,&,1.0,&
{'D6'},{'R3'},{'R2'},{'D1'},{'R1'},{'D2'},{'D3'},{'D7'},,,&,1.0,&
{'D6'},{'R3'},{'R2'},{'D1'},{'R1'},{'D2'},{'D3'},{'D7'},{'D5'},{'D4'},&,1.0,&
{'D6'},{'R3'},{'R2'},{'D5'},,,,,,,&,1.0,&
{'D6'},{'R3'},{'R2'},{'D5'},{'R1'},{'D1'},{'D2'},{'D3'},{'D7'},{'D4'},&,1.0,&
{'D6'},{'R3'},{'R2'},{'D5'},{'R1'},{'D3'},{'D2'},{'D1'},{'D4'},{'D7'},&,1.0,&
{'D6'},{'R3'},{'R2'},{'D3'},,,,,,,&,3.0,&
{'D6'},{'R3'},{'R2'},{'D3'},{'D2'},{'D1'},,,,,&,1.0,&
{'D6'},{'R3'},{'R2'},{'D3'},{'D2'},{'D1'},{'R1'},{'D7'},{'D4'},,&,1.0,&
{'D6'},{'R3'},{'R2'},{'D3'},{'D2'},{'D5'},{'D1'},,,,&,1.0,&
{'D6'},{'R3'},{'R2'},{'D3'},{'D2'},{'R1'},{'D1'},,,,&,1.0,&
{'D6'},{'R3'},{'R2'},{'D3'},{'D2'},{'R1'},{'D1'},{'D5'},{'D7'},{'D4'},&,1.0,&
{'D6'},{'R3'},{'R2'},{'D3'},{'R1'},,,,,,&,1.0,&
{'D6'},{'R3'},{'R2'},{'D3'},{'R1'},{'D2'},,,,,&,1.0,&
{'D6'},{'R3'},{'R2'},{'D3'},{'R1'},{'D2'},{'D1'},,,,&,1.0,&
{'D6'},{'R3'},{'R2'},{'D3'},{'R1'},{'D2'},{'D1'},{'D7'},{'D5'},,&,1.0,&
{'D6'},{'R3'},{'R2'},{'D3'},{'D1'},,,,,,&,1.0,&
{'D6'},{'R3'},{'R2'},{'D3'},{'D1'},{'D2'},{'R1'},{'D4'},,,&,1.0,&
{'D6'},{'R3'},{'R2'},{'D4'},{'D2'},{'D1'},{'R1'},{'D7'},{'D5'},{'D3'},&,1.0,&
{'D6'},{'R3'},{'R2'},{'D7'},{'D3'},{'R1'},,,,,&,1.0,&
{'D6'},{'R3'},{'R2'},{'D7'},{'R1'},{'D1'},{'D3'},,,,&,1.0,&
{'D6'},{'R3'},{'R2'},{'D7'},{'D1'},{'D2'},,,,,&,1.0,&
{'D6'},{'R3'},{'R2'},{'R1'},,,,,,,&,6.0,&
{'D6'},{'R3'},{'R2'},{'R1'},{'D2'},{'D1'},,,,,&,1.0,&
{'D6'},{'R3'},{'R2'},{'R1'},{'D2'},{'D1'},{'D3'},,,,&,1.0,&
{'D6'},{'R3'},{'R2'},{'R1'},{'D2'},{'D1'},{'D3'},{'D7'},,,&,1.0,&
{'D6'},{'R3'},{'R2'},{'R1'},{'D2'},{'D5'},,,,,&,1.0,&
{'D6'},{'R3'},{'R2'},{'R1'},{'D2'},{'D3'},,,,,&,1.0,&
{'D6'},{'R3'},{'R2'},{'R1'},{'D2'},{'D4'},{'D3'},{'D1'},,,&,1.0,&
{'D6'},{'R3'},{'R2'},{'R1'},{'D7'},{'D2'},,,,,&,1.0,&
{'D6'},{'R3'},{'R2'},{'R1'},{'D7'},{'D2'},{'D1'},{'D3'},,,&,1.0,&
{'D6'},{'R3'},{'R2'},{'R1'},{'D7'},{'D2'},{'D1'},{'D3'},{'D4'},{'D5'},&,1.0,&
{'D6'},{'R3'},{'R2'},{'R1'},{'D3'},,,,,,&,1.0,&
{'D6'},{'R3'},{'R2'},{'R1'},{'D3'},{'D1'},,,,,&,1.0,&
{'D6'},{'R3'},{'R2'},{'R1'},{'D3'},{'D1'},{'D2'},{'D5'},,,&,2.0,&
{'D6'},{'R3'},{'R2'},{'R1'},{'D3'},{'D2'},,,,,&,2.0,&
{'D6'},{'R3'},{'R2'},{'R1'},{'D3'},{'D2'},{'D1'},{'D7'},{'D5'},,&,1.0,&
{'D6'},{'R3'},{'R2'},{'R1'},{'D3'},{'D2'},{'D1'},{'D5'},{'D7'},,&,1.0,&
{'D6'},{'R3'},{'R2'},{'R1'},{'D5'},,,,,,&,1.0,&
{'D6'},{'R3'},{'R2'},{'R1'},{'D5'},{'D2'},,,,,&,1.0,&
{'D6'},{'R3'},{'R2'},{'R1'},{'D1'},{'D2'},,,,,&,1.0,&
{'D6'},{'R3'},{'R2'},{'R1'},{'D1'},{'D3'},,,,,&,1.0,&
{'D6'},{'R3'},{'R2'},{'D2'},,,,,,,&,2.0,&
{'D6'},{'R3'},{'R2'},{'D2'},{'D3'},{'D1'},{'R1'},{'D7'},{'D5'},,&,1.0,&
{'D6'},{'R3'},{'R2'},{'D2'},{'D3'},{'D7'},{'D1'},{'R1'},{'D5'},,&,1.0,&
{'D6'},{'R3'},{'R2'},{'D2'},{'D3'},{'R1'},,,,,&,2.0,&
{'D6'},{'R3'},{'R2'},{'D2'},{'R1'},,,,,,&,4.0,&
{'D6'},{'R3'},{'R2'},{'D2'},{'R1'},{'D1'},{'D4'},{'D3'},,,&,1.0,&
{'D6'},{'R3'},{'R2'},{'D2'},{'R1'},{'D1'},{'D3'},{'D7'},,,&,1.0,&
{'D6'},{'R3'},{'R2'},{'D2'},{'R1'},{'D5'},{'D1'},,,,&,1.0,&
{'D6'},{'R3'},{'R2'},{'D2'},{'R1'},{'D3'},,,,,&,1.0,&
{'D6'},{'R3'},{'R2'},{'D2'},{'R1'},{'D3'},{'D7'},{'D5'},{'D1'},,&,1.0,&
{'D6'},{'R3'},{'R2'},{'D2'},{'R1'},{'D3'},{'D1'},{'D4'},,,&,1.0,&
{'D6'},{'R3'},{'R2'},{'D2'},{'R1'},{'D3'},{'D1'},{'D5'},,,&,1.0,&
{'D6'},{'R3'},{'R2'},{'D2'},{'D5'},{'D1'},{'D7'},{'R1'},{'D3'},{'D4'},&,1.0,&
{'D6'},{'R3'},{'R2'},{'D2'},{'D1'},,,,,,&,2.0,&
{'D6'},{'R3'},{'R2'},{'D2'},{'D1'},{'D3'},{'D7'},{'R1'},,,&,1.0,&
{'D6'},{'R3'},{'R2'},{'D2'},{'D1'},{'D3'},{'D5'},,,,&,1.0,&
{'D6'},{'R3'},{'R2'},{'D2'},{'D1'},{'D3'},{'D5'},{'D7'},{'D4'},{'R1'},&,1.0,&
{'D6'},{'R3'},{'R2'},{'D2'},{'D1'},{'R1'},,,,,&,1.0,&
{'D6'},{'R3'},{'D2'},,,,,,,,&,14.0,&
{'D6'},{'R3'},{'D2'},{'R2'},,,,,,,&,3.0,&
{'D6'},{'R3'},{'D2'},{'R2'},{'D7'},{'R1'},{'D1'},{'D4'},,,&,1.0,&
{'D6'},{'R3'},{'D2'},{'R2'},{'D3'},,,,,,&,1.0,&
{'D6'},{'R3'},{'D2'},{'R2'},{'D3'},{'D1'},{'D4'},{'D5'},{'R1'},{'D7'},&,1.0,&
{'D6'},{'R3'},{'D2'},{'R2'},{'R1'},,,,,,&,3.0,&
{'D6'},{'R3'},{'D2'},{'R2'},{'R1'},{'D1'},{'D5'},,,,&,1.0,&
{'D6'},{'R3'},{'D2'},{'R2'},{'R1'},{'D1'},{'D3'},{'D5'},{'D7'},{'D4'},&,1.0,&
{'D6'},{'R3'},{'D2'},{'R2'},{'R1'},{'D3'},,,,,&,2.0,&
{'D6'},{'R3'},{'D2'},{'R2'},{'D1'},{'D7'},,,,,&,1.0,&
{'D6'},{'R3'},{'D2'},{'R2'},{'D1'},{'D3'},{'D5'},,,,&,1.0,&
{'D6'},{'R3'},{'D2'},{'R2'},{'D1'},{'D3'},{'D5'},{'D4'},{'D7'},,&,1.0,&
{'D6'},{'R3'},{'D2'},{'R2'},{'D1'},{'D3'},{'R1'},,,,&,1.0,&
{'D6'},{'R3'},{'D2'},{'R2'},{'D1'},{'R1'},{'D3'},{'D5'},,,&,1.0,&
{'D6'},{'R3'},{'D2'},{'D1'},,,,,,,&,2.0,&
{'D6'},{'R3'},{'D2'},{'D1'},{'D7'},{'R2'},{'R1'},{'D3'},{'D5'},,&,1.0,&
{'D6'},{'R3'},{'D2'},{'D1'},{'D7'},{'R2'},{'D3'},{'D4'},{'D5'},{'R1'},&,1.0,&
{'D6'},{'R3'},{'D2'},{'D1'},{'D7'},{'D3'},,,,,&,1.0,&
{'D6'},{'R3'},{'D2'},{'D1'},{'D3'},,,,,,&,1.0,&
{'D6'},{'R3'},{'D2'},{'D1'},{'D3'},{'D7'},{'R2'},{'D4'},{'D5'},{'R1'},&,1.0,&
{'D6'},{'R3'},{'D2'},{'D1'},{'D3'},{'D7'},{'D4'},{'R2'},{'D5'},,&,1.0,&
{'D6'},{'R3'},{'D2'},{'D1'},{'D3'},{'R2'},,,,,&,1.0,&
{'D6'},{'R3'},{'D2'},{'D1'},{'D3'},{'R2'},{'R1'},,,,&,1.0,&
{'D6'},{'R3'},{'D2'},{'D1'},{'R2'},{'D3'},,,,,&,1.0,&
{'D6'},{'R3'},{'D2'},{'D1'},{'R2'},{'D3'},{'R1'},,,,&,1.0,&
{'D6'},{'R3'},{'D2'},{'D1'},{'R2'},{'R1'},,,,,&,1.0,&
{'D6'},{'R3'},{'D2'},{'D1'},{'R2'},{'R1'},{'D3'},,,,&,1.0,&
{'D6'},{'R3'},{'D2'},{'D1'},{'R2'},{'R1'},{'D3'},{'D7'},,,&,1.0,&
{'D6'},{'R3'},{'D2'},{'D1'},{'D4'},,,,,,&,1.0,&
{'D6'},{'R3'},{'D2'},{'D5'},{'D3'},{'R1'},{'R2'},{'D1'},{'D7'},{'D4'},&,1.0,&
{'D6'},{'R3'},{'D2'},{'D5'},{'D1'},{'R2'},,,,,&,1.0,&
{'D6'},{'R3'},{'D2'},{'D5'},{'R2'},{'R1'},{'D1'},{'D3'},{'D7'},{'D4'},&,1.0,&
{'D6'},{'R3'},{'D2'},{'D3'},,,,,,,&,3.0,&
{'D6'},{'R3'},{'D2'},{'D3'},{'D7'},{'D1'},,,,,&,1.0,&
{'D6'},{'R3'},{'D2'},{'D3'},{'D7'},{'R2'},{'D1'},{'D4'},,,&,1.0,&
{'D6'},{'R3'},{'D2'},{'D3'},{'D7'},{'R1'},,,,,&,1.0,&
{'D6'},{'R3'},{'D2'},{'D3'},{'D5'},{'R2'},{'R1'},{'D1'},{'D7'},,&,1.0,&
{'D6'},{'R3'},{'D2'},{'D3'},{'D1'},,,,,,&,2.0,&
{'D6'},{'R3'},{'D2'},{'D3'},{'D1'},{'D7'},,,,,&,1.0,&
{'D6'},{'R3'},{'D2'},{'D3'},{'D1'},{'D7'},{'R2'},{'R1'},,,&,1.0,&
{'D6'},{'R3'},{'D2'},{'D3'},{'D1'},{'D5'},{'R1'},,,,&,1.0,&
{'D6'},{'R3'},{'D2'},{'D3'},{'D1'},{'R2'},,,,,&,2.0,&
{'D6'},{'R3'},{'D2'},{'D3'},{'D1'},{'R1'},{'D5'},,,,&,1.0,&
{'D6'},{'R3'},{'D2'},{'D3'},{'R2'},,,,,,&,2.0,&
{'D6'},{'R3'},{'D2'},{'D3'},{'R2'},{'D1'},,,,,&,1.0,&
{'D6'},{'R3'},{'D2'},{'D3'},{'R2'},{'D1'},{'D4'},{'D5'},{'D7'},{'R1'},&,1.0,&
{'D6'},{'R3'},{'D2'},{'D4'},{'R1'},{'D5'},{'R2'},{'D1'},{'D3'},{'D7'},&,1.0,&
{'D6'},{'R3'},{'D2'},{'D4'},{'D1'},,,,,,&,1.0,&
{'D6'},{'R3'},{'D2'},{'D4'},{'R2'},{'D1'},{'D7'},,,,&,1.0,&
{'D6'},{'R3'},{'D2'},{'D7'},,,,,,,&,1.0,&
{'D6'},{'R3'},{'D2'},{'D7'},{'R2'},{'R1'},{'D3'},{'D1'},,,&,1.0,&
{'D6'},{'R3'},{'D2'},{'R1'},{'D3'},{'D7'},{'D5'},{'D1'},{'D4'},,&,1.0,&
{'D6'},{'R3'},{'D2'},{'R1'},{'D1'},{'D3'},{'D5'},{'R2'},{'D7'},,&,1.0,&
{'D6'},{'R3'},{'D2'},{'R1'},{'D4'},{'D1'},,,,,&,1.0,&
{'D6'},{'R3'},{'D2'},{'R1'},{'D4'},{'R2'},{'D1'},,,,&,1.0,&
{'D6'},{'R3'},{'D4'},,,,,,,,&,2.0,&
{'D6'},{'R3'},{'D4'},{'D1'},{'R1'},{'D3'},{'D2'},{'R2'},{'D7'},,&,1.0,&
{'D6'},{'R3'},{'D4'},{'D1'},{'R2'},{'D2'},{'D3'},{'D7'},{'D5'},{'R1'},&,1.0,&
{'D6'},{'D2'},,,,,,,,,&,42.0,&
{'D6'},{'D2'},{'R1'},,,,,,,,&,3.0,&
{'D6'},{'D2'},{'R1'},{'R2'},{'R3'},,,,,,&,1.0,&
{'D6'},{'D2'},{'R1'},{'R2'},{'D1'},{'D3'},{'D4'},{'D5'},{'D7'},{'R3'},&,1.0,&
{'D6'},{'D2'},{'R1'},{'D1'},,,,,,,&,2.0,&
{'D6'},{'D2'},{'R1'},{'D1'},{'R2'},{'D5'},{'R3'},{'D3'},,,&,1.0,&
{'D6'},{'D2'},{'R1'},{'D5'},{'D1'},,,,,,&,1.0,&
{'D6'},{'D2'},{'R1'},{'D3'},{'R3'},{'D1'},,,,,&,2.0,&
{'D6'},{'D2'},{'R1'},{'D3'},{'D1'},{'D7'},,,,,&,1.0,&
{'D6'},{'D2'},{'R1'},{'R3'},,,,,,,&,1.0,&
{'D6'},{'D2'},{'D3'},,,,,,,,&,19.0,&
{'D6'},{'D2'},{'D3'},{'R2'},,,,,,,&,1.0,&
{'D6'},{'D2'},{'D3'},{'R2'},{'R3'},,,,,,&,1.0,&
{'D6'},{'D2'},{'D3'},{'R2'},{'R3'},{'D1'},,,,,&,2.0,&
{'D6'},{'D2'},{'D3'},{'R2'},{'R3'},{'D1'},{'D5'},{'D7'},{'R1'},{'D4'},&,1.0,&
{'D6'},{'D2'},{'D3'},{'R2'},{'R3'},{'D1'},{'D5'},{'R1'},{'D7'},{'D4'},&,1.0,&
{'D6'},{'D2'},{'D3'},{'R2'},{'R3'},{'D1'},{'R1'},{'D7'},,,&,1.0,&
{'D6'},{'D2'},{'D3'},{'R2'},{'R3'},{'D7'},{'R1'},,,,&,1.0,&
{'D6'},{'D2'},{'D3'},{'R2'},{'R3'},{'R1'},{'D1'},,,,&,1.0,&
{'D6'},{'D2'},{'D3'},{'R2'},{'D1'},{'D7'},{'D5'},{'D4'},,,&,1.0,&
{'D6'},{'D2'},{'D3'},{'R2'},{'D1'},{'D5'},{'D7'},,,,&,1.0,&
{'D6'},{'D2'},{'D3'},{'R2'},{'D1'},{'R3'},,,,,&,1.0,&
{'D6'},{'D2'},{'D3'},{'R2'},{'D1'},{'R3'},{'D5'},{'R1'},{'D4'},,&,1.0,&
{'D6'},{'D2'},{'D3'},{'R2'},{'D1'},{'R3'},{'R1'},{'D7'},,,&,1.0,&
{'D6'},{'D2'},{'D3'},{'R2'},{'D1'},{'R1'},{'D4'},{'R3'},,,&,1.0,&
{'D6'},{'D2'},{'D3'},{'R2'},{'D1'},{'D4'},{'R3'},{'D5'},{'D7'},,&,1.0,&
{'D6'},{'D2'},{'D3'},{'D1'},,,,,,,&,6.0,&
{'D6'},{'D2'},{'D3'},{'D1'},{'D7'},,,,,,&,1.0,&
{'D6'},{'D2'},{'D3'},{'D1'},{'D7'},{'D5'},{'R1'},,,,&,1.0,&
{'D6'},{'D2'},{'D3'},{'D1'},{'D7'},{'R2'},{'R3'},,,,&,1.0,&
{'D6'},{'D2'},{'D3'},{'D1'},{'R1'},{'R3'},{'D7'},{'D5'},{'D4'},,&,1.0,&
{'D6'},{'D2'},{'D3'},{'D1'},{'R1'},{'R3'},{'R2'},{'D7'},{'D5'},{'D4'},&,1.0,&
{'D6'},{'D2'},{'D3'},{'D1'},{'D5'},,,,,,&,3.0,&
{'D6'},{'D2'},{'D3'},{'D1'},{'D5'},{'D7'},{'D4'},,,,&,1.0,&
{'D6'},{'D2'},{'D3'},{'D1'},{'D5'},{'D7'},{'D4'},{'R3'},,,&,1.0,&
{'D6'},{'D2'},{'D3'},{'D1'},{'D5'},{'R2'},,,,,&,1.0,&
{'D6'},{'D2'},{'D3'},{'D1'},{'D5'},{'R2'},{'R3'},,,,&,1.0,&
{'D6'},{'D2'},{'D3'},{'D1'},{'D5'},{'R2'},{'R3'},{'D7'},{'D4'},{'R1'},&,1.0,&
{'D6'},{'D2'},{'D3'},{'D1'},{'R3'},,,,,,&,2.0,&
{'D6'},{'D2'},{'D3'},{'D1'},{'R3'},{'D5'},{'D7'},{'R2'},{'D4'},{'R1'},&,1.0,&
{'D6'},{'D2'},{'D3'},{'D1'},{'R3'},{'R2'},{'D7'},{'D5'},{'R1'},{'D4'},&,1.0,&
{'D6'},{'D2'},{'D3'},{'D1'},{'R3'},{'R2'},{'D7'},{'R1'},{'D5'},,&,1.0,&
{'D6'},{'D2'},{'D3'},{'D1'},{'R3'},{'R2'},{'R1'},,,,&,1.0,&
{'D6'},{'D2'},{'D3'},{'D1'},{'R2'},{'D7'},{'R1'},{'D5'},{'D4'},,&,1.0,&
{'D6'},{'D2'},{'D3'},{'D1'},{'R2'},{'D5'},{'D4'},{'R3'},,,&,1.0,&
{'D6'},{'D2'},{'D3'},{'D1'},{'R2'},{'R3'},{'D5'},{'D4'},,,&,1.0,&
{'D6'},{'D2'},{'D3'},{'D1'},{'R2'},{'R3'},{'R1'},,,,&,1.0,&
{'D6'},{'D2'},{'D3'},{'D1'},{'D4'},,,,,,&,1.0,&
{'D6'},{'D2'},{'D3'},{'D1'},{'D4'},{'D5'},{'R3'},{'R2'},{'R1'},{'D7'},&,1.0,&
{'D6'},{'D2'},{'D3'},{'D1'},{'D4'},{'D5'},{'R2'},{'R3'},{'R1'},{'D7'},&,1.0,&
{'D6'},{'D2'},{'D3'},{'D5'},,,,,,,&,1.0,&
{'D6'},{'D2'},{'D3'},{'D5'},{'R3'},{'R2'},,,,,&,1.0,&
{'D6'},{'D2'},{'D3'},{'D5'},{'D1'},{'D7'},{'D4'},,,,&,1.0,&
{'D6'},{'D2'},{'D3'},{'D4'},{'D1'},,,,,,&,1.0,&
{'D6'},{'D2'},{'D3'},{'D4'},{'D1'},{'R3'},{'R2'},{'D5'},{'R1'},{'D7'},&,1.0,&
{'D6'},{'D2'},{'D3'},{'D7'},,,,,,,&,1.0,&
{'D6'},{'D2'},{'D3'},{'D7'},{'D5'},{'D1'},{'D4'},{'R3'},,,&,1.0,&
{'D6'},{'D2'},{'D3'},{'D7'},{'R3'},{'R2'},{'D1'},{'R1'},,,&,1.0,&
{'D6'},{'D2'},{'D3'},{'D7'},{'D1'},{'R2'},{'R1'},{'R3'},,,&,1.0,&
{'D6'},{'D2'},{'D3'},{'D7'},{'R2'},{'D5'},,,,,&,1.0,&
{'D6'},{'D2'},{'D3'},{'R1'},{'R2'},{'R3'},{'D5'},{'D1'},{'D7'},{'D4'},&,1.0,&
{'D6'},{'D2'},{'D3'},{'R3'},,,,,,,&,6.0,&
{'D6'},{'D2'},{'D3'},{'R3'},{'D7'},{'R2'},{'D1'},{'D5'},{'R1'},,&,1.0,&
{'D6'},{'D2'},{'D3'},{'R3'},{'D1'},,,,,,&,4.0,&
{'D6'},{'D2'},{'D3'},{'R3'},{'D1'},{'D7'},{'R1'},{'D5'},{'D4'},,&,1.0,&
{'D6'},{'D2'},{'D3'},{'R3'},{'D1'},{'D5'},{'R2'},,,,&,1.0,&
{'D6'},{'D2'},{'D3'},{'R3'},{'R2'},,,,,,&,1.0,&
{'D6'},{'D2'},{'D3'},{'R3'},{'R2'},{'D1'},,,,,&,2.0,&
{'D6'},{'D2'},{'D3'},{'R3'},{'D4'},{'D1'},{'D7'},{'R2'},{'R1'},,&,1.0,&
{'D6'},{'D2'},{'D5'},,,,,,,,&,5.0,&
{'D6'},{'D2'},{'D5'},{'R2'},,,,,,,&,1.0,&
{'D6'},{'D2'},{'D5'},{'R2'},{'D7'},,,,,,&,1.0,&
{'D6'},{'D2'},{'D5'},{'R2'},{'D3'},{'R3'},{'R1'},{'D7'},,,&,1.0,&
{'D6'},{'D2'},{'D5'},{'R2'},{'R3'},{'D3'},,,,,&,1.0,&
{'D6'},{'D2'},{'D5'},{'R2'},{'R3'},{'R1'},{'D1'},,,,&,1.0,&
{'D6'},{'D2'},{'D5'},{'R2'},{'D1'},,,,,,&,1.0,&
{'D6'},{'D2'},{'D5'},{'D1'},,,,,,,&,1.0,&
{'D6'},{'D2'},{'D5'},{'D1'},{'D3'},{'D7'},{'R2'},{'R3'},{'R1'},,&,1.0,&
{'D6'},{'D2'},{'D5'},{'D1'},{'D3'},{'R2'},,,,,&,1.0,&
{'D6'},{'D2'},{'D5'},{'D1'},{'R2'},{'R3'},{'R1'},,,,&,1.0,&
{'D6'},{'D2'},{'D5'},{'D3'},{'R1'},{'D1'},,,,,&,1.0,&
{'D6'},{'D2'},{'D5'},{'D3'},{'R3'},{'D1'},{'R2'},,,,&,1.0,&
{'D6'},{'D2'},{'D5'},{'D3'},{'D1'},{'D4'},{'R3'},{'D7'},,,&,1.0,&
{'D6'},{'D2'},{'D5'},{'D3'},{'D1'},{'D4'},{'R3'},{'D7'},{'R2'},,&,1.0,&
{'D6'},{'D2'},{'D5'},{'R1'},{'D3'},,,,,,&,1.0,&
{'D6'},{'D2'},{'D5'},{'R1'},{'R3'},{'D3'},,,,,&,1.0,&
{'D6'},{'D2'},{'D5'},{'R1'},{'D1'},,,,,,&,1.0,&
{'D6'},{'D2'},{'D5'},{'R3'},{'D7'},{'D1'},{'R2'},{'D4'},{'R1'},{'D3'},&,1.0,&
{'D6'},{'D2'},{'D5'},{'R3'},{'D3'},{'R1'},{'D1'},{'R2'},,,&,1.0,&
{'D6'},{'D2'},{'D1'},,,,,,,,&,32.0,&
{'D6'},{'D2'},{'D1'},{'R2'},,,,,,,&,5.0,&
{'D6'},{'D2'},{'D1'},{'R2'},{'D7'},{'D3'},{'R3'},{'D4'},,,&,1.0,&
{'D6'},{'D2'},{'D1'},{'R2'},{'D3'},{'D7'},{'R3'},{'R1'},{'D4'},,&,1.0,&
{'D6'},{'D2'},{'D1'},{'R2'},{'D3'},{'D7'},{'R1'},{'R3'},{'D4'},{'D5'},&,1.0,&
{'D6'},{'D2'},{'D1'},{'R2'},{'D3'},{'D7'},{'D4'},{'R3'},{'D5'},,&,1.0,&
{'D6'},{'D2'},{'D1'},{'R2'},{'D3'},{'D5'},,,,,&,1.0,&
{'D6'},{'D2'},{'D1'},{'R2'},{'D3'},{'R3'},,,,,&,1.0,&
{'D6'},{'D2'},{'D1'},{'R2'},{'D3'},{'R3'},{'D7'},{'R1'},{'D5'},,&,1.0,&
{'D6'},{'D2'},{'D1'},{'R2'},{'D3'},{'R3'},{'R1'},{'D4'},,,&,1.0,&
{'D6'},{'D2'},{'D1'},{'R2'},{'D3'},{'R1'},,,,,&,1.0,&
{'D6'},{'D2'},{'D1'},{'R2'},{'D3'},{'R1'},{'R3'},{'D7'},,,&,1.0,&
{'D6'},{'D2'},{'D1'},{'R2'},{'D3'},{'D4'},{'D5'},{'D7'},{'R3'},{'R1'},&,1.0,&
{'D6'},{'D2'},{'D1'},{'R2'},{'R1'},,,,,,&,1.0,&
{'D6'},{'D2'},{'D1'},{'R2'},{'R3'},{'D5'},,,,,&,2.0,&
{'D6'},{'D2'},{'D1'},{'R2'},{'R3'},{'D5'},{'D7'},{'D3'},{'D4'},,&,1.0,&
{'D6'},{'D2'},{'D1'},{'R2'},{'R3'},{'D3'},{'D7'},{'D5'},{'D4'},{'R1'},&,1.0,&
{'D6'},{'D2'},{'D1'},{'R2'},{'R3'},{'D3'},{'D5'},,,,&,1.0,&
{'D6'},{'D2'},{'D1'},{'R2'},{'R3'},{'D3'},{'R1'},{'D4'},{'D5'},{'D7'},&,1.0,&
{'D6'},{'D2'},{'D1'},{'R2'},{'R3'},{'D3'},{'R1'},{'D7'},{'D5'},{'D4'},&,1.0,&
{'D6'},{'D2'},{'D1'},{'R2'},{'R3'},{'D3'},{'R1'},{'D5'},{'D7'},,&,1.0,&
{'D6'},{'D2'},{'D1'},{'R2'},{'R3'},{'R1'},{'D7'},,,,&,1.0,&
{'D6'},{'D2'},{'D1'},{'D5'},,,,,,,&,2.0,&
{'D6'},{'D2'},{'D1'},{'D5'},{'D7'},{'D3'},{'R2'},{'D4'},{'R3'},{'R1'},&,1.0,&
{'D6'},{'D2'},{'D1'},{'D5'},{'D3'},{'D7'},{'R3'},{'R2'},{'R1'},{'D4'},&,1.0,&
{'D6'},{'D2'},{'D1'},{'D5'},{'D3'},{'D7'},{'D4'},,,,&,1.0,&
{'D6'},{'D2'},{'D1'},{'D5'},{'R3'},{'R2'},,,,,&,1.0,&
{'D6'},{'D2'},{'D1'},{'D3'},,,,,,,&,10.0,&
{'D6'},{'D2'},{'D1'},{'D3'},{'D7'},{'D5'},,,,,&,1.0,&
{'D6'},{'D2'},{'D1'},{'D3'},{'D7'},{'D5'},{'R3'},{'R2'},{'D4'},{'R1'},&,1.0,&
{'D6'},{'D2'},{'D1'},{'D3'},{'D7'},{'R2'},{'D5'},{'D4'},{'R3'},{'R1'},&,1.0,&
{'D6'},{'D2'},{'D1'},{'D3'},{'D7'},{'R2'},{'R1'},{'R3'},,,&,1.0,&
{'D6'},{'D2'},{'D1'},{'D3'},{'D7'},{'R3'},{'R2'},{'R1'},{'D5'},,&,1.0,&
{'D6'},{'D2'},{'D1'},{'D3'},{'D7'},{'R1'},{'D5'},{'D4'},{'R2'},,&,1.0,&
{'D6'},{'D2'},{'D1'},{'D3'},{'R1'},,,,,,&,1.0,&
{'D6'},{'D2'},{'D1'},{'D3'},{'D5'},,,,,,&,2.0,&
{'D6'},{'D2'},{'D1'},{'D3'},{'D5'},{'D7'},{'R2'},{'D4'},,,&,1.0,&
{'D6'},{'D2'},{'D1'},{'D3'},{'D5'},{'D7'},{'D4'},,,,&,1.0,&
{'D6'},{'D2'},{'D1'},{'D3'},{'D5'},{'D7'},{'D4'},{'R2'},{'R3'},{'R1'},&,1.0,&
{'D6'},{'D2'},{'D1'},{'D3'},{'D5'},{'D7'},{'D4'},{'R3'},{'R1'},{'R2'},&,1.0,&
{'D6'},{'D2'},{'D1'},{'D3'},{'D5'},{'R3'},{'R2'},{'D7'},{'D4'},{'R1'},&,1.0,&
{'D6'},{'D2'},{'D1'},{'D3'},{'D5'},{'D4'},{'R2'},{'D7'},,,&,1.0,&
{'D6'},{'D2'},{'D1'},{'D3'},{'R3'},{'D7'},{'D5'},{'D4'},{'R2'},{'R1'},&,1.0,&
{'D6'},{'D2'},{'D1'},{'D3'},{'R3'},{'D5'},{'R2'},,,,&,1.0,&
{'D6'},{'D2'},{'D1'},{'D3'},{'R3'},{'R2'},{'D7'},,,,&,1.0,&
{'D6'},{'D2'},{'D1'},{'D3'},{'R3'},{'D4'},,,,,&,1.0,&
{'D6'},{'D2'},{'D1'},{'D3'},{'R2'},,,,,,&,1.0,&
{'D6'},{'D2'},{'D1'},{'D3'},{'R2'},{'D7'},,,,,&,1.0,&
{'D6'},{'D2'},{'D1'},{'D3'},{'R2'},{'D5'},{'D7'},{'D4'},{'R3'},,&,1.0,&
{'D6'},{'D2'},{'D1'},{'D3'},{'R2'},{'D5'},{'D7'},{'R3'},,,&,1.0,&
{'D6'},{'D2'},{'D1'},{'D3'},{'R2'},{'R3'},,,,,&,1.0,&
{'D6'},{'D2'},{'D1'},{'D3'},{'D4'},{'D5'},{'R3'},{'D7'},,,&,1.0,&
{'D6'},{'D2'},{'D1'},{'D3'},{'D4'},{'R2'},{'R3'},{'D5'},,,&,1.0,&
{'D6'},{'D2'},{'D1'},{'D4'},{'D3'},{'D7'},{'D5'},,,,&,1.0,&
{'D6'},{'D2'},{'D1'},{'D4'},{'R1'},{'D3'},{'D5'},{'R2'},{'D7'},,&,1.0,&
{'D6'},{'D2'},{'D1'},{'D7'},,,,,,,&,3.0,&
{'D6'},{'D2'},{'D1'},{'D7'},{'D3'},{'R1'},{'R3'},{'D4'},{'D5'},{'R2'},&,1.0,&
{'D6'},{'D2'},{'D1'},{'D7'},{'D5'},{'D3'},{'R3'},{'R2'},,,&,1.0,&
{'D6'},{'D2'},{'D1'},{'R1'},,,,,,,&,1.0,&
{'D6'},{'D2'},{'D1'},{'R1'},{'R3'},,,,,,&,1.0,&
{'D6'},{'D2'},{'D1'},{'R1'},{'R3'},{'D3'},{'R2'},,,,&,1.0,&
{'D6'},{'D2'},{'D1'},{'R3'},,,,,,,&,3.0,&
{'D6'},{'D2'},{'D1'},{'R3'},{'D7'},,,,,,&,1.0,&
{'D6'},{'D2'},{'D1'},{'R3'},{'D7'},{'R2'},{'R1'},,,,&,1.0,&
{'D6'},{'D2'},{'D1'},{'R3'},{'D3'},{'D7'},{'D5'},{'D4'},{'R2'},{'R1'},&,1.0,&
{'D6'},{'D2'},{'D1'},{'R3'},{'D3'},{'D7'},{'R2'},{'D5'},{'D4'},{'R1'},&,1.0,&
{'D6'},{'D2'},{'D1'},{'R3'},{'D3'},{'R2'},{'D5'},,,,&,1.0,&
{'D6'},{'D2'},{'D1'},{'R3'},{'D3'},{'R1'},{'D5'},{'D7'},{'R2'},,&,1.0,&
{'D6'},{'D2'},{'D1'},{'R3'},{'D5'},,,,,,&,1.0,&
{'D6'},{'D2'},{'D1'},{'R3'},{'D5'},{'D3'},{'D7'},,,,&,1.0,&
{'D6'},{'D2'},{'D1'},{'R3'},{'R2'},,,,,,&,1.0,&
{'D6'},{'D2'},{'D1'},{'R3'},{'R2'},{'D3'},,,,,&,1.0,&
{'D6'},{'D2'},{'D1'},{'R3'},{'R2'},{'D3'},{'R1'},{'D7'},{'D5'},{'D4'},&,1.0,&
{'D6'},{'D2'},{'D1'},{'R3'},{'R2'},{'R1'},{'D3'},{'D7'},{'D5'},{'D4'},&,2.0,&
{'D6'},{'D2'},{'D1'},{'R3'},{'R2'},{'R1'},{'D3'},{'D5'},,,&,1.0,&
{'D6'},{'D2'},{'D1'},{'R3'},{'D4'},,,,,,&,1.0,&
{'D6'},{'D2'},{'D7'},,,,,,,,&,5.0,&
{'D6'},{'D2'},{'D7'},{'R2'},,,,,,,&,1.0,&
{'D6'},{'D2'},{'D7'},{'R2'},{'R3'},{'D3'},{'D1'},{'R1'},{'D5'},,&,1.0,&
{'D6'},{'D2'},{'D7'},{'D1'},{'R1'},{'R2'},{'R3'},,,,&,1.0,&
{'D6'},{'D2'},{'D7'},{'D1'},{'D5'},{'D3'},{'R2'},{'D4'},{'R3'},{'R1'},&,1.0,&
{'D6'},{'D2'},{'D7'},{'D1'},{'R3'},{'R2'},{'R1'},{'D3'},{'D5'},,&,1.0,&
{'D6'},{'D2'},{'D7'},{'D5'},{'R2'},{'D3'},{'R3'},{'D1'},{'D4'},{'R1'},&,1.0,&
{'D6'},{'D2'},{'D7'},{'D3'},{'R2'},{'D1'},{'R1'},,,,&,1.0,&
{'D6'},{'D2'},{'D7'},{'D3'},{'R2'},{'R3'},{'D1'},{'D5'},{'R1'},{'D4'},&,1.0,&
{'D6'},{'D2'},{'D7'},{'D3'},{'R2'},{'R3'},{'R1'},{'D4'},{'D1'},{'D5'},&,1.0,&
{'D6'},{'D2'},{'D7'},{'R3'},{'D1'},{'R2'},{'D5'},{'R1'},{'D3'},{'D4'},&,1.0,&
{'D6'},{'D2'},{'R3'},,,,,,,,&,19.0,&
{'D6'},{'D2'},{'R3'},{'R2'},,,,,,,&,4.0,&
{'D6'},{'D2'},{'R3'},{'R2'},{'D7'},{'D3'},{'D1'},{'D5'},{'D4'},,&,1.0,&
{'D6'},{'D2'},{'R3'},{'R2'},{'D7'},{'D3'},{'R1'},{'D5'},{'D1'},{'D4'},&,1.0,&
{'D6'},{'D2'},{'R3'},{'R2'},{'D3'},,,,,,&,1.0,&
{'D6'},{'D2'},{'R3'},{'R2'},{'D3'},{'D1'},,,,,&,1.0,&
{'D6'},{'D2'},{'R3'},{'R2'},{'D3'},{'R1'},,,,,&,1.0,&
{'D6'},{'D2'},{'R3'},{'R2'},{'D3'},{'R1'},{'D1'},{'D5'},,,&,1.0,&
{'D6'},{'D2'},{'R3'},{'R2'},{'R1'},,,,,,&,4.0,&
{'D6'},{'D2'},{'R3'},{'R2'},{'R1'},{'D1'},{'D5'},{'D3'},,,&,1.0,&
{'D6'},{'D2'},{'R3'},{'R2'},{'R1'},{'D1'},{'D3'},,,,&,1.0,&
{'D6'},{'D2'},{'R3'},{'R2'},{'R1'},{'D1'},{'D3'},{'D7'},,,&,1.0,&
{'D6'},{'D2'},{'R3'},{'R2'},{'R1'},{'D1'},{'D3'},{'D7'},{'D5'},{'D4'},&,1.0,&
{'D6'},{'D2'},{'R3'},{'R2'},{'R1'},{'D7'},,,,,&,1.0,&
{'D6'},{'D2'},{'R3'},{'R2'},{'R1'},{'D5'},{'D3'},{'D7'},,,&,1.0,&
{'D6'},{'D2'},{'R3'},{'R2'},{'R1'},{'D3'},{'D1'},{'D7'},{'D5'},{'D4'},&,2.0,&
{'D6'},{'D2'},{'R3'},{'R2'},{'D5'},{'D1'},{'R1'},{'D3'},,,&,1.0,&
{'D6'},{'D2'},{'R3'},{'R2'},{'D5'},{'R1'},,,,,&,1.0,&
{'D6'},{'D2'},{'R3'},{'R2'},{'D5'},{'R1'},{'D1'},{'D3'},{'D7'},,&,1.0,&
{'D6'},{'D2'},{'R3'},{'R2'},{'D1'},,,,,,&,1.0,&
{'D6'},{'D2'},{'R3'},{'R2'},{'D1'},{'D5'},{'R1'},{'D3'},{'D7'},,&,1.0,&
{'D6'},{'D2'},{'R3'},{'R2'},{'D1'},{'D3'},{'D5'},{'R1'},,,&,1.0,&
{'D6'},{'D2'},{'R3'},{'D1'},,,,,,,&,3.0,&
{'D6'},{'D2'},{'R3'},{'D1'},{'D7'},,,,,,&,1.0,&
{'D6'},{'D2'},{'R3'},{'D1'},{'D7'},{'D5'},{'R2'},{'R1'},{'D3'},{'D4'},&,1.0,&
{'D6'},{'D2'},{'R3'},{'D1'},{'D3'},,,,,,&,1.0,&
{'D6'},{'D2'},{'R3'},{'D1'},{'D3'},{'D7'},,,,,&,2.0,&
{'D6'},{'D2'},{'R3'},{'D1'},{'D3'},{'D7'},{'D5'},{'R1'},{'D4'},,&,1.0,&
{'D6'},{'D2'},{'R3'},{'D1'},{'D3'},{'D7'},{'R2'},{'D4'},{'D5'},,&,1.0,&
{'D6'},{'D2'},{'R3'},{'D1'},{'D3'},{'R2'},{'R1'},,,,&,2.0,&
{'D6'},{'D2'},{'R3'},{'D1'},{'D5'},{'D7'},,,,,&,1.0,&
{'D6'},{'D2'},{'R3'},{'D5'},{'D7'},{'R2'},{'D1'},{'R1'},{'D3'},{'D4'},&,1.0,&
{'D6'},{'D2'},{'R3'},{'D5'},{'R2'},{'D1'},{'D4'},,,,&,1.0,&
{'D6'},{'D2'},{'R3'},{'D5'},{'R2'},{'R1'},{'D1'},{'D7'},,,&,1.0,&
{'D6'},{'D2'},{'R3'},{'D3'},,,,,,,&,5.0,&
{'D6'},{'D2'},{'R3'},{'D3'},{'D7'},,,,,,&,1.0,&
{'D6'},{'D2'},{'R3'},{'D3'},{'D7'},{'R2'},{'R1'},{'D4'},{'D1'},{'D5'},&,1.0,&
{'D6'},{'D2'},{'R3'},{'D3'},{'D1'},,,,,,&,3.0,&
{'D6'},{'D2'},{'R3'},{'D3'},{'D1'},{'D4'},,,,,&,1.0,&
{'D6'},{'D2'},{'R3'},{'D3'},{'R2'},{'D1'},,,,,&,1.0,&
{'D6'},{'D2'},{'R3'},{'D4'},,,,,,,&,1.0,&
{'D6'},{'D2'},{'R3'},{'D4'},{'R2'},{'D1'},{'D7'},,,,&,1.0,&
{'D6'},{'D2'},{'R3'},{'D7'},{'D1'},{'R2'},{'R1'},,,,&,1.0,&
{'D6'},{'D2'},{'R3'},{'D7'},{'R2'},,,,,,&,1.0,&
{'D6'},{'D2'},{'R3'},{'D7'},{'R2'},{'D1'},{'D3'},{'R1'},{'D5'},,&,1.0,&
{'D6'},{'D2'},{'R3'},{'R1'},{'D7'},{'D3'},{'R2'},{'D1'},{'D5'},{'D4'},&,1.0,&
{'D6'},{'D2'},{'R3'},{'R1'},{'D1'},{'D3'},{'D5'},,,,&,1.0,&
{'D6'},{'D2'},{'R3'},{'R1'},{'R2'},{'D1'},,,,,&,1.0,&
{'D6'},{'D2'},{'R3'},{'R1'},{'R2'},{'D5'},{'D3'},{'D1'},{'D7'},,&,1.0,&
{'D6'},{'D2'},{'R2'},,,,,,,,&,20.0,&
{'D6'},{'D2'},{'R2'},{'D1'},,,,,,,&,2.0,&
{'D6'},{'D2'},{'R2'},{'D1'},{'D7'},{'R3'},,,,,&,1.0,&
{'D6'},{'D2'},{'R2'},{'D1'},{'D7'},{'D3'},{'R3'},{'D5'},{'D4'},,&,1.0,&
{'D6'},{'D2'},{'R2'},{'D1'},{'D3'},,,,,,&,1.0,&
{'D6'},{'D2'},{'R2'},{'D1'},{'D3'},{'D7'},{'R1'},{'D5'},,,&,1.0,&
{'D6'},{'D2'},{'R2'},{'D1'},{'D3'},{'D5'},,,,,&,1.0,&
{'D6'},{'D2'},{'R2'},{'D1'},{'D3'},{'D5'},{'R3'},{'R1'},,,&,1.0,&
{'D6'},{'D2'},{'R2'},{'D1'},{'D3'},{'R3'},{'D5'},{'D4'},{'R1'},,&,1.0,&
{'D6'},{'D2'},{'R2'},{'D1'},{'D3'},{'R3'},{'R1'},{'D5'},,,&,1.0,&
{'D6'},{'D2'},{'R2'},{'D1'},{'D3'},{'R1'},,,,,&,1.0,&
{'D6'},{'D2'},{'R2'},{'D1'},{'R3'},,,,,,&,1.0,&
{'D6'},{'D2'},{'R2'},{'D1'},{'R3'},{'R1'},{'D5'},,,,&,1.0,&
{'D6'},{'D2'},{'R2'},{'D1'},{'R3'},{'R1'},{'D3'},{'D5'},{'D4'},,&,1.0,&
{'D6'},{'D2'},{'R2'},{'D1'},{'R3'},{'D4'},{'R1'},{'D3'},,,&,1.0,&
{'D6'},{'D2'},{'R2'},{'D5'},{'D3'},{'D1'},,,,,&,1.0,&
{'D6'},{'D2'},{'R2'},{'D5'},{'R1'},,,,,,&,1.0,&
{'D6'},{'D2'},{'R2'},{'D5'},{'R3'},,,,,,&,1.0,&
{'D6'},{'D2'},{'R2'},{'D5'},{'R3'},{'D3'},,,,,&,1.0,&
{'D6'},{'D2'},{'R2'},{'D5'},{'D1'},,,,,,&,1.0,&
{'D6'},{'D2'},{'R2'},{'D5'},{'D1'},{'D3'},{'R1'},,,,&,1.0,&
{'D6'},{'D2'},{'R2'},{'D3'},,,,,,,&,4.0,&
{'D6'},{'D2'},{'R2'},{'D3'},{'D7'},{'R3'},{'D1'},{'D5'},{'R1'},,&,1.0,&
{'D6'},{'D2'},{'R2'},{'D3'},{'R1'},,,,,,&,1.0,&
{'D6'},{'D2'},{'R2'},{'D3'},{'R1'},{'D1'},{'R3'},{'D5'},,,&,1.0,&
{'D6'},{'D2'},{'R2'},{'D3'},{'R1'},{'D1'},{'D5'},{'D7'},{'D4'},{'R3'},&,1.0,&
{'D6'},{'D2'},{'R2'},{'D3'},{'D5'},{'R1'},{'R3'},{'D1'},{'D7'},,&,1.0,&
{'D6'},{'D2'},{'R2'},{'D3'},{'R3'},,,,,,&,1.0,&
{'D6'},{'D2'},{'R2'},{'D3'},{'R3'},{'R1'},{'D1'},,,,&,1.0,&
{'D6'},{'D2'},{'R2'},{'D3'},{'D1'},,,,,,&,1.0,&
{'D6'},{'D2'},{'R2'},{'D3'},{'D1'},{'D7'},{'R3'},{'D5'},{'R1'},,&,1.0,&
{'D6'},{'D2'},{'R2'},{'D3'},{'D1'},{'D7'},{'R3'},{'D5'},{'D4'},{'R1'},&,1.0,&
{'D6'},{'D2'},{'R2'},{'D3'},{'D1'},{'D5'},{'D7'},{'D4'},{'R3'},,&,1.0,&
{'D6'},{'D2'},{'R2'},{'D3'},{'D1'},{'D5'},{'D7'},{'D4'},{'R3'},{'R1'},&,1.0,&
{'D6'},{'D2'},{'R2'},{'D3'},{'D1'},{'D5'},{'D4'},{'R3'},{'D7'},,&,1.0,&
{'D6'},{'D2'},{'R2'},{'D3'},{'D1'},{'R3'},{'D5'},{'D7'},{'D4'},,&,1.0,&
{'D6'},{'D2'},{'R2'},{'D3'},{'D1'},{'R1'},,,,,&,1.0,&
{'D6'},{'D2'},{'R2'},{'D3'},{'D1'},{'R1'},{'D5'},{'R3'},{'D7'},,&,1.0,&
{'D6'},{'D2'},{'R2'},{'D7'},{'R3'},{'D1'},{'D3'},{'R1'},,,&,1.0,&
{'D6'},{'D2'},{'R2'},{'D7'},{'R3'},{'R1'},{'D1'},{'D3'},{'D5'},{'D4'},&,1.0,&
{'D6'},{'D2'},{'R2'},{'R1'},,,,,,,&,1.0,&
{'D6'},{'D2'},{'R2'},{'R1'},{'D1'},{'D3'},,,,,&,1.0,&
{'D6'},{'D2'},{'R2'},{'R3'},,,,,,,&,7.0,&
{'D6'},{'D2'},{'R2'},{'R3'},{'D7'},{'D3'},{'D5'},,,,&,1.0,&
{'D6'},{'D2'},{'R2'},{'R3'},{'D3'},,,,,,&,3.0,&
{'D6'},{'D2'},{'R2'},{'R3'},{'D3'},{'R1'},{'D1'},,,,&,1.0,&
{'D6'},{'D2'},{'R2'},{'R3'},{'D3'},{'R1'},{'D4'},,,,&,1.0,&
{'D6'},{'D2'},{'R2'},{'R3'},{'R1'},,,,,,&,3.0,&
{'D6'},{'D2'},{'R2'},{'R3'},{'R1'},{'D1'},{'D7'},,,,&,1.0,&
{'D6'},{'D2'},{'R2'},{'R3'},{'R1'},{'D1'},{'D3'},,,,&,1.0,&
{'D6'},{'D2'},{'R2'},{'R3'},{'R1'},{'D1'},{'D3'},{'D7'},,,&,1.0,&
{'D6'},{'D2'},{'R2'},{'R3'},{'R1'},{'D3'},{'D1'},{'D7'},{'D4'},,&,1.0,&
{'D6'},{'D2'},{'R2'},{'R3'},{'R1'},{'D3'},{'D1'},{'D5'},{'D7'},,&,1.0,&
{'D6'},{'D2'},{'R2'},{'R3'},{'D1'},{'D5'},,,,,&,1.0,&
{'D6'},{'D2'},{'R2'},{'R3'},{'D1'},{'D3'},,,,,&,2.0,&
{'D6'},{'D2'},{'R2'},{'R3'},{'D1'},{'D3'},{'R1'},,,,&,1.0,&
{'D6'},{'D2'},{'R2'},{'R3'},{'D1'},{'D3'},{'R1'},{'D5'},{'D7'},,&,1.0,&
{'D6'},{'D2'},{'R2'},{'R3'},{'D1'},{'R1'},{'D7'},{'D3'},{'D5'},{'D4'},&,1.0,&
{'D6'},{'D2'},{'R2'},{'R3'},{'D1'},{'R1'},{'D3'},{'D5'},{'D7'},,&,1.0,&
{'D6'},{'D2'},{'D4'},,,,,,,,&,1.0,&
{'D6'},{'D2'},{'D4'},{'R2'},{'D3'},,,,,,&,1.0,&
{'D6'},{'D2'},{'D4'},{'D1'},{'D3'},{'R2'},{'D5'},{'R3'},,,&,1.0,&
{'D6'},{'D2'},{'D4'},{'D5'},,,,,,,&,1.0,&
{'D6'},{'D2'},{'D4'},{'D3'},,,,,,,&,1.0,&
{'D6'},{'D2'},{'D4'},{'D3'},{'D7'},{'R3'},{'R2'},,,,&,1.0,&
{'D6'},{'D2'},{'D4'},{'D3'},{'R3'},{'D1'},,,,,&,1.0,&
{'D6'},{'D2'},{'D4'},{'D3'},{'D1'},{'D5'},{'R3'},{'R1'},{'D7'},{'R2'},&,1.0,&
{'D6'},{'D2'},{'D4'},{'D3'},{'R2'},,,,,,&,1.0,&
{'D6'},{'D2'},{'D4'},{'D3'},{'R2'},{'R1'},{'R3'},,,,&,1.0,&
{'D6'},{'R2'},,,,,,,,,&,31.0,&
{'D6'},{'R2'},{'R1'},,,,,,,,&,2.0,&
{'D6'},{'R2'},{'R1'},{'D1'},{'D7'},{'R3'},{'D2'},{'D3'},,,&,1.0,&
{'D6'},{'R2'},{'R1'},{'D1'},{'D7'},{'D3'},{'D2'},{'R3'},{'D5'},,&,1.0,&
{'D6'},{'R2'},{'R1'},{'D1'},{'D3'},{'D2'},{'D7'},{'D5'},,,&,1.0,&
{'D6'},{'R2'},{'R1'},{'D1'},{'D3'},{'D2'},{'D5'},{'D7'},,,&,1.0,&
{'D6'},{'R2'},{'R1'},{'D3'},,,,,,,&,1.0,&
{'D6'},{'R2'},{'R1'},{'D3'},{'D1'},{'D7'},{'D5'},{'D2'},{'D4'},,&,1.0,&
{'D6'},{'R2'},{'R1'},{'D3'},{'D1'},{'R3'},{'D5'},{'D2'},,,&,1.0,&
{'D6'},{'R2'},{'R1'},{'D7'},{'D5'},{'R3'},,,,,&,1.0,&
{'D6'},{'R2'},{'R1'},{'R3'},,,,,,,&,2.0,&
{'D6'},{'R2'},{'R1'},{'R3'},{'D2'},,,,,,&,1.0,&
{'D6'},{'R2'},{'R1'},{'R3'},{'D2'},{'D3'},,,,,&,1.0,&
{'D6'},{'R2'},{'R1'},{'R3'},{'D2'},{'D3'},{'D1'},,,,&,1.0,&
{'D6'},{'R2'},{'R1'},{'R3'},{'D5'},{'D2'},{'D3'},,,,&,1.0,&
{'D6'},{'R2'},{'R1'},{'R3'},{'D1'},{'D3'},,,,,&,1.0,&
{'D6'},{'R2'},{'R1'},{'R3'},{'D1'},{'D4'},{'D3'},,,,&,1.0,&
{'D6'},{'R2'},{'R1'},{'D2'},{'D7'},,,,,,&,1.0,&
{'D6'},{'R2'},{'R1'},{'D2'},{'D3'},{'R3'},,,,,&,1.0,&
{'D6'},{'R2'},{'R1'},{'D2'},{'R3'},,,,,,&,2.0,&
{'D6'},{'R2'},{'R1'},{'D2'},{'D1'},{'R3'},{'D3'},,,,&,1.0,&
{'D6'},{'R2'},{'D3'},,,,,,,,&,10.0,&
{'D6'},{'R2'},{'D3'},{'D1'},{'D2'},,,,,,&,1.0,&
{'D6'},{'R2'},{'D3'},{'D1'},{'D2'},{'R3'},,,,,&,1.0,&
{'D6'},{'R2'},{'D3'},{'D1'},{'D2'},{'R3'},{'R1'},{'D5'},{'D4'},{'D7'},&,1.0,&
{'D6'},{'R2'},{'D3'},{'D1'},{'D7'},,,,,,&,2.0,&
{'D6'},{'R2'},{'D3'},{'D1'},{'D5'},{'D7'},,,,,&,1.0,&
{'D6'},{'R2'},{'D3'},{'D1'},{'D5'},{'D2'},,,,,&,1.0,&
{'D6'},{'R2'},{'D3'},{'D1'},{'D5'},{'D2'},{'R3'},,,,&,1.0,&
{'D6'},{'R2'},{'D3'},{'D1'},{'R3'},,,,,,&,1.0,&
{'D6'},{'R2'},{'D3'},{'D1'},{'R3'},{'R1'},,,,,&,1.0,&
{'D6'},{'R2'},{'D3'},{'D5'},{'R3'},{'D7'},{'D4'},{'D2'},{'D1'},{'R1'},&,1.0,&
{'D6'},{'R2'},{'D3'},{'D7'},{'R1'},{'D2'},,,,,&,1.0,&
{'D6'},{'R2'},{'D3'},{'D7'},{'D5'},{'R3'},,,,,&,1.0,&
{'D6'},{'R2'},{'D3'},{'R1'},,,,,,,&,1.0,&
{'D6'},{'R2'},{'D3'},{'R3'},,,,,,,&,3.0,&
{'D6'},{'R2'},{'D3'},{'R3'},{'D2'},,,,,,&,3.0,&
{'D6'},{'R2'},{'D3'},{'R3'},{'D2'},{'D1'},{'D7'},{'D5'},{'R1'},{'D4'},&,1.0,&
{'D6'},{'R2'},{'D3'},{'R3'},{'D2'},{'D7'},{'R1'},,,,&,1.0,&
{'D6'},{'R2'},{'D3'},{'R3'},{'R1'},,,,,,&,2.0,&
{'D6'},{'R2'},{'D3'},{'R3'},{'R1'},{'D1'},{'D2'},{'D5'},{'D7'},,&,1.0,&
{'D6'},{'R2'},{'D3'},{'R3'},{'R1'},{'D5'},,,,,&,1.0,&
{'D6'},{'R2'},{'D3'},{'R3'},{'R1'},{'D2'},{'D1'},,,,&,1.0,&
{'D6'},{'R2'},{'D3'},{'D2'},,,,,,,&,6.0,&
{'D6'},{'R2'},{'D3'},{'D2'},{'D7'},{'D1'},{'D5'},,,,&,1.0,&
{'D6'},{'R2'},{'D3'},{'D2'},{'D7'},{'D5'},{'R3'},,,,&,1.0,&
{'D6'},{'R2'},{'D3'},{'D2'},{'D5'},{'R3'},{'D1'},,,,&,1.0,&
{'D6'},{'R2'},{'D3'},{'D2'},{'R3'},,,,,,&,1.0,&
{'D6'},{'R2'},{'D3'},{'D2'},{'R3'},{'D1'},,,,,&,2.0,&
{'D6'},{'R2'},{'D3'},{'D2'},{'R3'},{'D1'},{'R1'},,,,&,1.0,&
{'D6'},{'R2'},{'D3'},{'D2'},{'R3'},{'R1'},{'D1'},{'D7'},,,&,1.0,&
{'D6'},{'R2'},{'D3'},{'D2'},{'D1'},,,,,,&,1.0,&
{'D6'},{'R2'},{'D3'},{'D2'},{'D1'},{'D7'},{'R3'},{'D4'},{'R1'},{'D5'},&,1.0,&
{'D6'},{'R2'},{'D3'},{'D2'},{'D1'},{'D7'},{'D5'},,,,&,1.0,&
{'D6'},{'R2'},{'D3'},{'D2'},{'D1'},{'D5'},{'R1'},{'D7'},{'D4'},{'R3'},&,1.0,&
{'D6'},{'R2'},{'D3'},{'D2'},{'D1'},{'D4'},{'R1'},,,,&,1.0,&
{'D6'},{'R2'},{'D5'},,,,,,,,&,2.0,&
{'D6'},{'R2'},{'D5'},{'D1'},{'D3'},{'R3'},,,,,&,1.0,&
{'D6'},{'R2'},{'D5'},{'D3'},{'D2'},,,,,,&,1.0,&
{'D6'},{'R2'},{'D5'},{'D3'},{'R3'},{'D2'},{'D1'},{'R1'},,,&,1.0,&
{'D6'},{'R2'},{'D5'},{'R3'},{'D3'},{'D2'},,,,,&,1.0,&
{'D6'},{'R2'},{'D5'},{'R3'},{'R1'},{'D2'},{'D3'},{'D1'},,,&,1.0,&
{'D6'},{'R2'},{'D5'},{'D2'},{'R3'},,,,,,&,1.0,&
{'D6'},{'R2'},{'D5'},{'D2'},{'R3'},{'R1'},{'D1'},{'D3'},,,&,1.0,&
{'D6'},{'R2'},{'D1'},,,,,,,,&,7.0,&
{'D6'},{'R2'},{'D1'},{'D5'},,,,,,,&,1.0,&
{'D6'},{'R2'},{'D1'},{'D5'},{'D2'},{'D3'},{'D7'},{'D4'},{'R3'},{'R1'},&,1.0,&
{'D6'},{'R2'},{'D1'},{'D5'},{'D2'},{'D3'},{'R3'},,,,&,1.0,&
{'D6'},{'R2'},{'D1'},{'D5'},{'D3'},,,,,,&,1.0,&
{'D6'},{'R2'},{'D1'},{'D5'},{'R3'},{'R1'},{'D2'},,,,&,1.0,&
{'D6'},{'R2'},{'D1'},{'D3'},,,,,,,&,4.0,&
{'D6'},{'R2'},{'D1'},{'D3'},{'D2'},{'D7'},{'R3'},{'R1'},{'D5'},{'D4'},&,1.0,&
{'D6'},{'R2'},{'D1'},{'D3'},{'D2'},{'D7'},{'D4'},{'R3'},{'R1'},,&,1.0,&
{'D6'},{'R2'},{'D1'},{'D3'},{'D2'},{'D5'},,,,,&,1.0,&
{'D6'},{'R2'},{'D1'},{'D3'},{'D2'},{'D5'},{'R3'},{'R1'},{'D7'},{'D4'},&,1.0,&
{'D6'},{'R2'},{'D1'},{'D3'},{'D2'},{'D4'},{'R3'},,,,&,1.0,&
{'D6'},{'R2'},{'D1'},{'D3'},{'D2'},{'D4'},{'R3'},{'R1'},,,&,1.0,&
{'D6'},{'R2'},{'D1'},{'D3'},{'D5'},{'R3'},{'D2'},{'R1'},{'D7'},{'D4'},&,1.0,&
{'D6'},{'R2'},{'D1'},{'D3'},{'R3'},{'D5'},{'D2'},,,,&,1.0,&
{'D6'},{'R2'},{'D1'},{'D3'},{'R3'},{'D2'},{'R1'},{'D5'},,,&,1.0,&
{'D6'},{'R2'},{'D1'},{'D7'},{'D5'},{'R3'},,,,,&,1.0,&
{'D6'},{'R2'},{'D1'},{'D7'},{'R3'},,,,,,&,1.0,&
{'D6'},{'R2'},{'D1'},{'D7'},{'R3'},{'D3'},{'D2'},{'R1'},,,&,1.0,&
{'D6'},{'R2'},{'D1'},{'D7'},{'R3'},{'R1'},,,,,&,1.0,&
{'D6'},{'R2'},{'D1'},{'R1'},{'D2'},{'R3'},{'D3'},{'D7'},{'D5'},,&,1.0,&
{'D6'},{'R2'},{'D1'},{'R3'},,,,,,,&,1.0,&
{'D6'},{'R2'},{'D1'},{'R3'},{'D2'},{'D7'},{'D3'},{'D5'},{'D4'},,&,1.0,&
{'D6'},{'R2'},{'D1'},{'R3'},{'D2'},{'R1'},{'D3'},{'D5'},{'D4'},,&,1.0,&
{'D6'},{'R2'},{'D1'},{'R3'},{'D7'},{'R1'},,,,,&,1.0,&
{'D6'},{'R2'},{'D1'},{'R3'},{'D3'},,,,,,&,1.0,&
{'D6'},{'R2'},{'D1'},{'R3'},{'D3'},{'D5'},{'R1'},,,,&,1.0,&
{'D6'},{'R2'},{'D1'},{'R3'},{'D3'},{'D2'},{'D5'},{'D4'},,,&,1.0,&
{'D6'},{'R2'},{'D1'},{'R3'},{'D3'},{'R1'},{'D2'},{'D5'},{'D4'},,&,1.0,&
{'D6'},{'R2'},{'D1'},{'R3'},{'R1'},,,,,,&,3.0,&
{'D6'},{'R2'},{'D1'},{'R3'},{'R1'},{'D2'},,,,,&,1.0,&
{'D6'},{'R2'},{'D1'},{'R3'},{'R1'},{'D2'},{'D3'},{'D5'},,,&,1.0,&
{'D6'},{'R2'},{'D1'},{'R3'},{'R1'},{'D3'},{'D4'},{'D2'},,,&,1.0,&
{'D6'},{'R2'},{'D1'},{'D2'},,,,,,,&,4.0,&
{'D6'},{'R2'},{'D1'},{'D2'},{'D7'},{'R3'},{'R1'},{'D3'},{'D5'},{'D4'},&,1.0,&
{'D6'},{'R2'},{'D1'},{'D2'},{'D3'},{'D7'},,,,,&,1.0,&
{'D6'},{'R2'},{'D1'},{'D2'},{'D3'},{'D7'},{'D4'},{'R1'},{'D5'},{'R3'},&,1.0,&
{'D6'},{'R2'},{'D1'},{'D2'},{'D3'},{'R3'},{'D4'},{'R1'},,,&,1.0,&
{'D6'},{'R2'},{'D1'},{'D2'},{'R1'},,,,,,&,1.0,&
{'D6'},{'R2'},{'D1'},{'D2'},{'R1'},{'R3'},{'D3'},,,,&,1.0,&
{'D6'},{'R2'},{'D1'},{'D2'},{'R1'},{'D3'},{'D5'},{'R3'},,,&,1.0,&
{'D6'},{'R2'},{'D1'},{'D2'},{'D5'},,,,,,&,2.0,&
{'D6'},{'R2'},{'D1'},{'D2'},{'D5'},{'R1'},{'D7'},,,,&,1.0,&
{'D6'},{'R2'},{'D1'},{'D2'},{'R3'},,,,,,&,2.0,&
{'D6'},{'R2'},{'D1'},{'D2'},{'R3'},{'D3'},{'D5'},{'D7'},,,&,1.0,&
{'D6'},{'R2'},{'D1'},{'D2'},{'R3'},{'D3'},{'R1'},{'D7'},,,&,1.0,&
{'D6'},{'R2'},{'D1'},{'D2'},{'R3'},{'D3'},{'R1'},{'D7'},{'D5'},{'D4'},&,1.0,&
{'D6'},{'R2'},{'D1'},{'D2'},{'R3'},{'R1'},{'D5'},{'D3'},{'D7'},,&,1.0,&
{'D6'},{'R2'},{'D1'},{'D2'},{'R3'},{'R1'},{'D3'},,,,&,2.0,&
{'D6'},{'R2'},{'D1'},{'D2'},{'D4'},{'R3'},{'D3'},{'D5'},{'D7'},{'R1'},&,1.0,&
{'D6'},{'R2'},{'D7'},{'D1'},{'D2'},{'R3'},{'D3'},,,,&,1.0,&
{'D6'},{'R2'},{'D7'},{'R3'},,,,,,,&,1.0,&
{'D6'},{'R2'},{'D7'},{'R3'},{'R1'},{'D1'},{'D2'},,,,&,1.0,&
{'D6'},{'R2'},{'D7'},{'R3'},{'D1'},{'D2'},{'D3'},{'D5'},{'D4'},,&,1.0,&
{'D6'},{'R2'},{'D7'},{'R3'},{'D1'},{'D3'},{'R1'},{'D5'},,,&,1.0,&
{'D6'},{'R2'},{'D7'},{'D2'},{'R3'},{'D3'},{'R1'},{'D5'},{'D1'},{'D4'},&,1.0,&
{'D6'},{'R2'},{'D7'},{'D2'},{'D1'},{'R3'},{'D3'},,,,&,1.0,&
{'D6'},{'R2'},{'R3'},,,,,,,,&,20.0,&
{'D6'},{'R2'},{'R3'},{'D1'},,,,,,,&,1.0,&
{'D6'},{'R2'},{'R3'},{'D1'},{'D2'},,,,,,&,2.0,&
{'D6'},{'R2'},{'R3'},{'D1'},{'D2'},{'D5'},{'D3'},{'R1'},,,&,1.0,&
{'D6'},{'R2'},{'R3'},{'D1'},{'D2'},{'D3'},{'D7'},{'D5'},{'R1'},,&,1.0,&
{'D6'},{'R2'},{'R3'},{'D1'},{'D2'},{'R1'},,,,,&,2.0,&
{'D6'},{'R2'},{'R3'},{'D1'},{'D2'},{'R1'},{'D3'},,,,&,1.0,&
{'D6'},{'R2'},{'R3'},{'D1'},{'D2'},{'R1'},{'D3'},{'D5'},{'D7'},,&,1.0,&
{'D6'},{'R2'},{'R3'},{'D1'},{'D7'},{'D5'},,,,,&,1.0,&
{'D6'},{'R2'},{'R3'},{'D1'},{'D3'},,,,,,&,2.0,&
{'D6'},{'R2'},{'R3'},{'D1'},{'D3'},{'D7'},,,,,&,1.0,&
{'D6'},{'R2'},{'R3'},{'D1'},{'D3'},{'R1'},,,,,&,1.0,&
{'D6'},{'R2'},{'R3'},{'D1'},{'R1'},{'D2'},,,,,&,1.0,&
{'D6'},{'R2'},{'R3'},{'D1'},{'R1'},{'D3'},,,,,&,2.0,&
{'D6'},{'R2'},{'R3'},{'D1'},{'D4'},{'R1'},{'D3'},,,,&,1.0,&
{'D6'},{'R2'},{'R3'},{'D5'},,,,,,,&,1.0,&
{'D6'},{'R2'},{'R3'},{'D5'},{'D2'},,,,,,&,1.0,&
{'D6'},{'R2'},{'R3'},{'D3'},,,,,,,&,2.0,&
{'D6'},{'R2'},{'R3'},{'D3'},{'D2'},,,,,,&,2.0,&
{'D6'},{'R2'},{'R3'},{'D3'},{'D2'},{'D1'},{'D7'},,,,&,1.0,&
{'D6'},{'R2'},{'R3'},{'D3'},{'D2'},{'R1'},{'D1'},,,,&,2.0,&
{'D6'},{'R2'},{'R3'},{'D3'},{'R1'},,,,,,&,3.0,&
{'D6'},{'R2'},{'R3'},{'D3'},{'R1'},{'D1'},,,,,&,1.0,&
{'D6'},{'R2'},{'R3'},{'D3'},{'R1'},{'D4'},{'D2'},,,,&,1.0,&
{'D6'},{'R2'},{'R3'},{'D3'},{'D1'},{'D5'},{'R1'},{'D2'},{'D7'},{'D4'},&,1.0,&
{'D6'},{'R2'},{'R3'},{'D3'},{'D1'},{'D2'},{'D7'},{'D5'},{'R1'},,&,1.0,&
{'D6'},{'R2'},{'R3'},{'D3'},{'D1'},{'D2'},{'D5'},,,,&,1.0,&
{'D6'},{'R2'},{'R3'},{'D3'},{'D1'},{'R1'},,,,,&,1.0,&
{'D6'},{'R2'},{'R3'},{'D7'},,,,,,,&,1.0,&
{'D6'},{'R2'},{'R3'},{'D7'},{'D2'},,,,,,&,1.0,&
{'D6'},{'R2'},{'R3'},{'D7'},{'D2'},{'D1'},{'R1'},,,,&,1.0,&
{'D6'},{'R2'},{'R3'},{'D7'},{'R1'},{'D3'},{'D2'},,,,&,1.0,&
{'D6'},{'R2'},{'R3'},{'D7'},{'D1'},{'R1'},,,,,&,1.0,&
{'D6'},{'R2'},{'R3'},{'R1'},,,,,,,&,15.0,&
{'D6'},{'R2'},{'R3'},{'R1'},{'D2'},,,,,,&,3.0,&
{'D6'},{'R2'},{'R3'},{'R1'},{'D2'},{'D1'},,,,,&,2.0,&
{'D6'},{'R2'},{'R3'},{'R1'},{'D2'},{'D1'},{'D3'},,,,&,1.0,&
{'D6'},{'R2'},{'R3'},{'R1'},{'D2'},{'D1'},{'D3'},{'D7'},{'D5'},{'D4'},&,1.0,&
{'D6'},{'R2'},{'R3'},{'R1'},{'D2'},{'D7'},{'D3'},{'D1'},,,&,1.0,&
{'D6'},{'R2'},{'R3'},{'R1'},{'D2'},{'D5'},,,,,&,2.0,&
{'D6'},{'R2'},{'R3'},{'R1'},{'D2'},{'D5'},{'D1'},{'D3'},{'D4'},{'D7'},&,1.0,&
{'D6'},{'R2'},{'R3'},{'R1'},{'D2'},{'D3'},,,,,&,2.0,&
{'D6'},{'R2'},{'R3'},{'R1'},{'D2'},{'D3'},{'D1'},,,,&,2.0,&
{'D6'},{'R2'},{'R3'},{'R1'},{'D2'},{'D3'},{'D1'},{'D4'},,,&,1.0,&
{'D6'},{'R2'},{'R3'},{'R1'},{'D2'},{'D3'},{'D1'},{'D5'},,,&,1.0,&
{'D6'},{'R2'},{'R3'},{'R1'},{'D2'},{'D3'},{'D1'},{'D5'},{'D7'},,&,1.0,&
{'D6'},{'R2'},{'R3'},{'R1'},{'D2'},{'D3'},{'D1'},{'D5'},{'D7'},{'D4'},&,2.0,&
{'D6'},{'R2'},{'R3'},{'R1'},{'D3'},,,,,,&,3.0,&
{'D6'},{'R2'},{'R3'},{'R1'},{'D3'},{'D1'},{'D7'},,,,&,1.0,&
{'D6'},{'R2'},{'R3'},{'R1'},{'D3'},{'D2'},{'D7'},{'D4'},{'D5'},,&,1.0,&
{'D6'},{'R2'},{'R3'},{'R1'},{'D3'},{'D2'},{'D1'},{'D7'},,,&,1.0,&
{'D6'},{'R2'},{'R3'},{'R1'},{'D3'},{'D2'},{'D1'},{'D5'},,,&,1.0,&
{'D6'},{'R2'},{'R3'},{'R1'},{'D3'},{'D2'},{'D1'},{'D5'},{'D7'},{'D4'},&,1.0,&
{'D6'},{'R2'},{'R3'},{'R1'},{'D5'},{'D3'},,,,,&,1.0,&
{'D6'},{'R2'},{'R3'},{'R1'},{'D1'},,,,,,&,1.0,&
{'D6'},{'R2'},{'R3'},{'R1'},{'D1'},{'D5'},{'D3'},,,,&,1.0,&
{'D6'},{'R2'},{'R3'},{'R1'},{'D1'},{'D2'},{'D4'},{'D3'},{'D5'},{'D7'},&,1.0,&
{'D6'},{'R2'},{'R3'},{'R1'},{'D1'},{'D2'},{'D3'},,,,&,2.0,&
{'D6'},{'R2'},{'R3'},{'R1'},{'D1'},{'D2'},{'D3'},{'D4'},{'D5'},,&,1.0,&
{'D6'},{'R2'},{'R3'},{'R1'},{'D1'},{'D3'},,,,,&,4.0,&
{'D6'},{'R2'},{'R3'},{'R1'},{'D1'},{'D3'},{'D2'},,,,&,1.0,&
{'D6'},{'R2'},{'R3'},{'R1'},{'D1'},{'D3'},{'D2'},{'D7'},{'D5'},,&,1.0,&
{'D6'},{'R2'},{'R3'},{'R1'},{'D1'},{'D3'},{'D2'},{'D7'},{'D5'},{'D4'},&,1.0,&
{'D6'},{'R2'},{'R3'},{'D2'},,,,,,,&,7.0,&
{'D6'},{'R2'},{'R3'},{'D2'},{'D3'},,,,,,&,3.0,&
{'D6'},{'R2'},{'R3'},{'D2'},{'D3'},{'D1'},,,,,&,1.0,&
{'D6'},{'R2'},{'R3'},{'D2'},{'D3'},{'D1'},{'D5'},,,,&,1.0,&
{'D6'},{'R2'},{'R3'},{'D2'},{'D3'},{'D1'},{'R1'},,,,&,1.0,&
{'D6'},{'R2'},{'R3'},{'D2'},{'D3'},{'D5'},{'D1'},{'R1'},{'D7'},,&,1.0,&
{'D6'},{'R2'},{'R3'},{'D2'},{'D3'},{'R1'},{'D7'},{'D1'},{'D5'},,&,1.0,&
{'D6'},{'R2'},{'R3'},{'D2'},{'D3'},{'R1'},{'D1'},{'D5'},{'D7'},{'D4'},&,1.0,&
{'D6'},{'R2'},{'R3'},{'D2'},{'R1'},{'D1'},,,,,&,2.0,&
{'D6'},{'R2'},{'R3'},{'D2'},{'R1'},{'D1'},{'D3'},{'D4'},,,&,1.0,&
{'D6'},{'R2'},{'R3'},{'D2'},{'R1'},{'D3'},,,,,&,1.0,&
{'D6'},{'R2'},{'R3'},{'D2'},{'R1'},{'D3'},{'D5'},,,,&,1.0,&
{'D6'},{'R2'},{'R3'},{'D2'},{'R1'},{'D4'},{'D1'},,,,&,1.0,&
{'D6'},{'R2'},{'R3'},{'D2'},{'D5'},,,,,,&,1.0,&
{'D6'},{'R2'},{'R3'},{'D2'},{'D5'},{'D7'},,,,,&,1.0,&
{'D6'},{'R2'},{'R3'},{'D2'},{'D1'},,,,,,&,2.0,&
{'D6'},{'R2'},{'R3'},{'D2'},{'D1'},{'D3'},{'D5'},,,,&,1.0,&
{'D6'},{'R2'},{'R3'},{'D2'},{'D1'},{'D3'},{'D5'},{'D7'},{'D4'},,&,1.0,&
{'D6'},{'R2'},{'R3'},{'D2'},{'D1'},{'D3'},{'D5'},{'R1'},,,&,1.0,&
{'D6'},{'R2'},{'R3'},{'D2'},{'D1'},{'R1'},{'D4'},{'D5'},,,&,1.0,&
{'D6'},{'R2'},{'R3'},{'D2'},{'D4'},{'R1'},{'D1'},,,,&,1.0,&
{'D6'},{'R2'},{'D2'},,,,,,,,&,18.0,&
{'D6'},{'R2'},{'D2'},{'D1'},,,,,,,&,3.0,&
{'D6'},{'R2'},{'D2'},{'D1'},{'D7'},,,,,,&,1.0,&
{'D6'},{'R2'},{'D2'},{'D1'},{'D7'},{'R3'},{'D3'},{'R1'},{'D5'},{'D4'},&,1.0,&
{'D6'},{'R2'},{'D2'},{'D1'},{'D3'},,,,,,&,1.0,&
{'D6'},{'R2'},{'D2'},{'D1'},{'D3'},{'D7'},{'D4'},,,,&,1.0,&
{'D6'},{'R2'},{'D2'},{'D1'},{'D3'},{'D5'},,,,,&,1.0,&
{'D6'},{'R2'},{'D2'},{'D1'},{'D3'},{'D5'},{'R3'},{'R1'},,,&,1.0,&
{'D6'},{'R2'},{'D2'},{'D1'},{'D5'},{'D3'},,,,,&,1.0,&
{'D6'},{'R2'},{'D2'},{'D1'},{'R3'},{'D3'},{'R1'},{'D5'},{'D4'},,&,1.0,&
{'D6'},{'R2'},{'D2'},{'D1'},{'R3'},{'R1'},,,,,&,1.0,&
{'D6'},{'R2'},{'D2'},{'D1'},{'R3'},{'R1'},{'D4'},,,,&,1.0,&
{'D6'},{'R2'},{'D2'},{'D5'},{'R3'},,,,,,&,1.0,&
{'D6'},{'R2'},{'D2'},{'D5'},{'R3'},{'R1'},{'D1'},{'D3'},{'D7'},,&,1.0,&
{'D6'},{'R2'},{'D2'},{'D5'},{'R3'},{'R1'},{'D1'},{'D3'},{'D4'},{'D7'},&,1.0,&
{'D6'},{'R2'},{'D2'},{'D5'},{'D1'},{'R3'},{'R1'},,,,&,1.0,&
{'D6'},{'R2'},{'D2'},{'D5'},{'D4'},{'D3'},,,,,&,1.0,&
{'D6'},{'R2'},{'D2'},{'D3'},,,,,,,&,2.0,&
{'D6'},{'R2'},{'D2'},{'D3'},{'R1'},{'R3'},{'D1'},{'D7'},,,&,1.0,&
{'D6'},{'R2'},{'D2'},{'D3'},{'R1'},{'D4'},,,,,&,1.0,&
{'D6'},{'R2'},{'D2'},{'D3'},{'D5'},{'D1'},{'R3'},,,,&,1.0,&
{'D6'},{'R2'},{'D2'},{'D3'},{'D5'},{'R3'},,,,,&,1.0,&
{'D6'},{'R2'},{'D2'},{'D3'},{'R3'},{'D1'},{'R1'},{'D4'},{'D5'},{'D7'},&,1.0,&
{'D6'},{'R2'},{'D2'},{'D3'},{'R3'},{'R1'},,,,,&,1.0,&
{'D6'},{'R2'},{'D2'},{'D3'},{'R3'},{'R1'},{'D1'},{'D7'},{'D5'},,&,1.0,&
{'D6'},{'R2'},{'D2'},{'D3'},{'R3'},{'R1'},{'D1'},{'D5'},{'D7'},{'D4'},&,1.0,&
{'D6'},{'R2'},{'D2'},{'D3'},{'D1'},,,,,,&,1.0,&
{'D6'},{'R2'},{'D2'},{'D3'},{'D1'},{'D5'},{'D7'},{'D4'},{'R1'},{'R3'},&,1.0,&
{'D6'},{'R2'},{'D2'},{'D3'},{'D1'},{'D5'},{'D7'},{'R1'},,,&,1.0,&
{'D6'},{'R2'},{'D2'},{'D3'},{'D1'},{'D5'},{'R3'},{'D7'},{'R1'},,&,1.0,&
{'D6'},{'R2'},{'D2'},{'D3'},{'D1'},{'R3'},{'D5'},{'D7'},{'D4'},{'R1'},&,1.0,&
{'D6'},{'R2'},{'D2'},{'D3'},{'D1'},{'R1'},{'D4'},{'D5'},{'R3'},{'D7'},&,1.0,&
{'D6'},{'R2'},{'D2'},{'D3'},{'D1'},{'D4'},{'R3'},{'R1'},{'D7'},,&,1.0,&
{'D6'},{'R2'},{'D2'},{'D3'},{'D4'},{'D1'},{'D5'},{'D7'},{'R1'},,&,1.0,&
{'D6'},{'R2'},{'D2'},{'R1'},,,,,,,&,2.0,&
{'D6'},{'R2'},{'D2'},{'R1'},{'D3'},{'R3'},{'D1'},,,,&,1.0,&
{'D6'},{'R2'},{'D2'},{'R1'},{'D1'},{'R3'},,,,,&,1.0,&
{'D6'},{'R2'},{'D2'},{'R3'},,,,,,,&,1.0,&
{'D6'},{'R2'},{'D2'},{'R3'},{'D7'},,,,,,&,1.0,&
{'D6'},{'R2'},{'D2'},{'R3'},{'D3'},,,,,,&,1.0,&
{'D6'},{'R2'},{'D2'},{'R3'},{'D3'},{'D1'},,,,,&,1.0,&
{'D6'},{'R2'},{'D2'},{'R3'},{'D3'},{'D1'},{'D4'},,,,&,1.0,&
{'D6'},{'R2'},{'D2'},{'R3'},{'D3'},{'R1'},,,,,&,1.0,&
{'D6'},{'R2'},{'D2'},{'R3'},{'R1'},,,,,,&,3.0,&
{'D6'},{'R2'},{'D2'},{'R3'},{'R1'},{'D1'},{'D3'},{'D7'},,,&,1.0,&
{'D6'},{'R2'},{'D2'},{'R3'},{'R1'},{'D1'},{'D3'},{'D5'},,,&,1.0,&
{'D6'},{'R2'},{'D2'},{'R3'},{'R1'},{'D5'},{'D1'},{'D3'},{'D7'},,&,1.0,&
{'D6'},{'R2'},{'D2'},{'R3'},{'R1'},{'D3'},{'D1'},{'D7'},{'D5'},,&,1.0,&
{'D6'},{'R2'},{'D2'},{'R3'},{'D1'},,,,,,&,1.0,&
{'D6'},{'R2'},{'D2'},{'R3'},{'D1'},{'D3'},{'R1'},{'D7'},{'D4'},,&,1.0,&
{'D6'},{'R2'},{'D2'},{'R3'},{'D1'},{'R1'},,,,,&,1.0,&
{'D6'},{'R2'},{'D2'},{'R3'},{'D1'},{'R1'},{'D3'},,,,&,1.0,&
{'D6'},{'R2'},{'D2'},{'R3'},{'D1'},{'R1'},{'D3'},{'D5'},{'D7'},,&,1.0,&
{'D6'},{'R2'},{'D2'},{'R3'},{'D4'},{'D7'},{'R1'},{'D5'},{'D3'},{'D1'},&,1.0,&
{'D6'},{'R2'},{'D4'},{'D1'},{'R3'},{'D2'},{'D3'},,,,&,1.0,&
{'D6'},{'R2'},{'D4'},{'R3'},{'D3'},,,,,,&,1.0,&
{'D6'},{'R2'},{'D4'},{'R3'},{'R1'},{'D3'},,,,,&,1.0,&
{'D6'},{'R2'},{'D4'},{'R3'},{'D5'},,,,,,&,1.0,&
{'D6'},{'R2'},{'D4'},{'D2'},{'D3'},{'R3'},{'R1'},{'D1'},{'D5'},{'D7'},&,1.0,&
{'D6'},{'R2'},{'D4'},{'D2'},{'D1'},{'R3'},{'D5'},{'D3'},{'R1'},{'D7'},&,1.0,&
{'D6'},{'D5'},,,,,,,,,&,8.0,&
{'D6'},{'D5'},{'R1'},{'R2'},,,,,,,&,1.0,&
{'D6'},{'D5'},{'R1'},{'R2'},{'D1'},{'D3'},,,,,&,1.0,&
{'D6'},{'D5'},{'R1'},{'D1'},{'R3'},{'D2'},{'R2'},,,,&,1.0,&
{'D6'},{'D5'},{'R1'},{'D2'},{'R3'},{'R2'},,,,,&,1.0,&
{'D6'},{'D5'},{'D3'},{'R2'},,,,,,,&,1.0,&
{'D6'},{'D5'},{'D3'},{'D1'},{'D2'},,,,,,&,1.0,&
{'D6'},{'D5'},{'D3'},{'R3'},{'R2'},,,,,,&,1.0,&
{'D6'},{'D5'},{'D3'},{'D2'},,,,,,,&,1.0,&
{'D6'},{'D5'},{'D3'},{'D2'},{'R3'},{'D1'},{'R2'},{'D7'},{'R1'},,&,1.0,&
{'D6'},{'D5'},{'D3'},{'D2'},{'D1'},,,,,,&,1.0,&
{'D6'},{'D5'},{'D3'},{'D2'},{'D1'},{'R2'},{'D7'},,,,&,1.0,&
{'D6'},{'D5'},{'D3'},{'D2'},{'D1'},{'R3'},{'R1'},{'R2'},,,&,1.0,&
{'D6'},{'D5'},{'D1'},,,,,,,,&,1.0,&
{'D6'},{'D5'},{'D1'},{'R2'},{'R3'},{'D2'},{'D3'},,,,&,1.0,&
{'D6'},{'D5'},{'D1'},{'D3'},,,,,,,&,1.0,&
{'D6'},{'D5'},{'D1'},{'D3'},{'D2'},{'D7'},{'R2'},,,,&,1.0,&
{'D6'},{'D5'},{'D1'},{'D3'},{'R1'},{'D2'},,,,,&,1.0,&
{'D6'},{'D5'},{'D1'},{'D3'},{'R3'},{'R1'},{'D2'},{'R2'},{'D7'},{'D4'},&,1.0,&
{'D6'},{'D5'},{'D1'},{'D7'},{'D2'},,,,,,&,1.0,&
{'D6'},{'D5'},{'D1'},{'R1'},{'D2'},{'D7'},{'D3'},,,,&,1.0,&
{'D6'},{'D5'},{'D1'},{'R3'},{'R1'},,,,,,&,1.0,&
{'D6'},{'D5'},{'D1'},{'R3'},{'R2'},{'D2'},{'R1'},,,,&,1.0,&
{'D6'},{'D5'},{'D1'},{'R3'},{'R2'},{'D2'},{'R1'},{'D4'},{'D3'},{'D7'},&,1.0,&
{'D6'},{'D5'},{'D1'},{'D2'},,,,,,,&,1.0,&
{'D6'},{'D5'},{'D7'},,,,,,,,&,1.0,&
{'D6'},{'D5'},{'D7'},{'D3'},{'R2'},{'R3'},{'R1'},{'D2'},{'D1'},{'D4'},&,1.0,&
{'D6'},{'D5'},{'D7'},{'R3'},{'D3'},{'R2'},,,,,&,1.0,&
{'D6'},{'D5'},{'R3'},,,,,,,,&,2.0,&
{'D6'},{'D5'},{'R3'},{'R2'},{'D2'},{'D3'},,,,,&,1.0,&
{'D6'},{'D5'},{'R3'},{'R2'},{'D3'},{'R1'},,,,,&,1.0,&
{'D6'},{'D5'},{'R3'},{'R2'},{'D3'},{'R1'},{'D2'},,,,&,1.0,&
{'D6'},{'D5'},{'R3'},{'R2'},{'D1'},{'D2'},{'R1'},{'D3'},,,&,1.0,&
{'D6'},{'D5'},{'R3'},{'R2'},{'D1'},{'D2'},{'D3'},{'D7'},,,&,1.0,&
{'D6'},{'D5'},{'R3'},{'D3'},{'R2'},{'R1'},{'D2'},,,,&,1.0,&
{'D6'},{'D5'},{'R3'},{'D4'},{'D2'},{'R2'},{'D3'},{'D7'},{'R1'},,&,1.0,&
{'D6'},{'D5'},{'R3'},{'D2'},{'D7'},{'D1'},{'R2'},{'D3'},{'R1'},{'D4'},&,1.0,&
{'D6'},{'D5'},{'R3'},{'D2'},{'D3'},,,,,,&,1.0,&
{'D6'},{'D5'},{'R3'},{'D2'},{'D1'},{'D4'},{'R2'},{'D3'},{'D7'},{'R1'},&,1.0,&
{'D6'},{'D5'},{'R3'},{'D2'},{'R2'},{'D1'},{'D3'},{'D7'},{'D4'},,&,1.0,&
{'D6'},{'D5'},{'R2'},,,,,,,,&,3.0,&
{'D6'},{'D5'},{'R2'},{'D3'},{'D2'},,,,,,&,1.0,&
{'D6'},{'D5'},{'R2'},{'R3'},{'D7'},{'R1'},,,,,&,1.0,&
{'D6'},{'D5'},{'R2'},{'R3'},{'D3'},{'D1'},{'D2'},{'R1'},,,&,1.0,&
{'D6'},{'D5'},{'R2'},{'R3'},{'D3'},{'D2'},{'D1'},{'D4'},{'R1'},,&,1.0,&
{'D6'},{'D5'},{'R2'},{'R3'},{'R1'},{'D1'},{'D2'},{'D3'},{'D7'},,&,1.0,&
{'D6'},{'D5'},{'R2'},{'R3'},{'R1'},{'D2'},{'D1'},,,,&,1.0,&
{'D6'},{'D5'},{'R2'},{'D2'},{'R1'},{'D7'},{'R3'},,,,&,1.0,&
{'D6'},{'D5'},{'R2'},{'D2'},{'D1'},{'D4'},,,,,&,1.0,&
{'D6'},{'D5'},{'D2'},,,,,,,,&,2.0,&
{'D6'},{'D5'},{'D2'},{'D1'},{'D3'},,,,,,&,1.0,&
{'D6'},{'D5'},{'D2'},{'D3'},{'D7'},{'R2'},{'R3'},{'D1'},{'D4'},,&,1.0,&
{'D6'},{'D5'},{'D2'},{'D3'},{'R1'},{'R3'},{'R2'},{'D1'},{'D4'},{'D7'},&,1.0,&
{'D6'},{'D5'},{'D2'},{'D3'},{'D1'},{'R2'},{'R3'},,,,&,1.0,&
{'D6'},{'D5'},{'D2'},{'D7'},{'R2'},{'D3'},{'D1'},{'R3'},{'R1'},,&,1.0,&
{'D6'},{'D5'},{'D2'},{'R3'},,,,,,,&,1.0,&
{'D6'},{'D5'},{'D2'},{'R3'},{'R2'},{'D3'},,,,,&,1.0,&
{'D6'},{'D5'},{'D2'},{'R3'},{'R2'},{'R1'},{'D1'},{'D4'},,,&,1.0,&
{'D6'},{'D5'},{'D4'},{'D2'},{'R2'},{'R3'},{'D1'},,,,&,1.0,&
{'D6'},{'R1'},,,,,,,,,&,9.0,&
{'D6'},{'R1'},{'D3'},,,,,,,,&,2.0,&
{'D6'},{'R1'},{'D3'},{'R2'},{'D2'},{'D1'},{'R3'},{'D7'},,,&,1.0,&
{'D6'},{'R1'},{'D3'},{'R2'},{'D1'},{'D2'},{'R3'},{'D5'},,,&,1.0,&
{'D6'},{'R1'},{'D3'},{'D1'},,,,,,,&,2.0,&
{'D6'},{'R1'},{'D3'},{'D1'},{'D2'},{'R3'},{'D5'},{'D4'},{'R2'},{'D7'},&,1.0,&
{'D6'},{'R1'},{'D3'},{'D1'},{'R2'},{'R3'},,,,,&,1.0,&
{'D6'},{'R1'},{'D3'},{'D1'},{'R2'},{'R3'},{'D5'},{'D2'},{'D7'},{'D4'},&,1.0,&
{'D6'},{'R1'},{'D3'},{'D5'},{'R2'},{'D1'},,,,,&,1.0,&
{'D6'},{'R1'},{'D3'},{'R3'},{'R2'},{'D1'},{'D7'},{'D5'},,,&,1.0,&
{'D6'},{'R1'},{'D3'},{'D2'},,,,,,,&,1.0,&
{'D6'},{'R1'},{'D5'},{'D2'},{'R2'},{'R3'},{'D3'},,,,&,1.0,&
{'D6'},{'R1'},{'D1'},,,,,,,,&,3.0,&
{'D6'},{'R1'},{'D1'},{'R2'},,,,,,,&,1.0,&
{'D6'},{'R1'},{'D1'},{'D5'},{'D2'},,,,,,&,1.0,&
{'D6'},{'R1'},{'D1'},{'D5'},{'D2'},{'D3'},,,,,&,1.0,&
{'D6'},{'R1'},{'D1'},{'D3'},{'R2'},{'D5'},,,,,&,1.0,&
{'D6'},{'R1'},{'D1'},{'D7'},{'D2'},{'D3'},{'R2'},{'D5'},{'R3'},{'D4'},&,1.0,&
{'D6'},{'R1'},{'D1'},{'R3'},{'D2'},{'R2'},{'D3'},{'D7'},,,&,1.0,&
{'D6'},{'R1'},{'D1'},{'R3'},{'D2'},{'D3'},{'D5'},{'R2'},{'D4'},{'D7'},&,1.0,&
{'D6'},{'R1'},{'D1'},{'R3'},{'R2'},{'D5'},{'D2'},,,,&,1.0,&
{'D6'},{'R1'},{'D1'},{'D2'},{'D3'},{'D7'},,,,,&,1.0,&
{'D6'},{'R1'},{'D1'},{'D2'},{'D3'},{'D4'},{'D5'},{'D7'},,,&,1.0,&
{'D6'},{'R1'},{'D1'},{'D2'},{'R3'},,,,,,&,1.0,&
{'D6'},{'R1'},{'D1'},{'D2'},{'R2'},,,,,,&,1.0,&
{'D6'},{'R1'},{'D7'},{'R2'},,,,,,,&,1.0,&
{'D6'},{'R1'},{'D7'},{'R3'},{'D1'},{'R2'},,,,,&,1.0,&
{'D6'},{'R1'},{'R3'},{'R2'},{'D2'},{'D7'},{'D1'},{'D3'},{'D5'},{'D4'},&,1.0,&
{'D6'},{'R1'},{'R3'},{'R2'},{'D3'},,,,,,&,2.0,&
{'D6'},{'R1'},{'R3'},{'R2'},{'D1'},,,,,,&,3.0,&
{'D6'},{'R1'},{'R3'},{'D1'},{'D2'},,,,,,&,1.0,&
{'D6'},{'R1'},{'R3'},{'D1'},{'D3'},{'D2'},{'R2'},{'D4'},{'D7'},{'D5'},&,1.0,&
{'D6'},{'R1'},{'R3'},{'D1'},{'R2'},,,,,,&,1.0,&
{'D6'},{'R1'},{'R3'},{'D3'},{'R2'},{'D1'},,,,,&,1.0,&
{'D6'},{'R1'},{'R3'},{'D7'},{'D2'},{'D1'},,,,,&,1.0,&
{'D6'},{'R1'},{'R3'},{'D2'},{'D1'},{'D5'},,,,,&,1.0,&
{'D6'},{'R1'},{'R3'},{'D2'},{'R2'},{'D3'},{'D4'},,,,&,1.0,&
{'D6'},{'R1'},{'R2'},,,,,,,,&,1.0,&
{'D6'},{'R1'},{'R2'},{'D1'},{'D2'},{'R3'},,,,,&,1.0,&
{'D6'},{'R1'},{'R2'},{'D1'},{'D2'},{'R3'},{'D3'},,,,&,1.0,&
{'D6'},{'R1'},{'R2'},{'D1'},{'D2'},{'D3'},{'D5'},,,,&,1.0,&
{'D6'},{'R1'},{'R2'},{'D1'},{'R3'},,,,,,&,1.0,&
{'D6'},{'R1'},{'R2'},{'D1'},{'R3'},{'D2'},,,,,&,1.0,&
{'D6'},{'R1'},{'R2'},{'D3'},{'D2'},{'D1'},{'R3'},,,,&,1.0,&
{'D6'},{'R1'},{'R2'},{'R3'},{'D2'},{'D1'},,,,,&,1.0,&
{'D6'},{'R1'},{'R2'},{'R3'},{'D2'},{'D3'},,,,,&,1.0,&
{'D6'},{'R1'},{'R2'},{'R3'},{'D3'},{'D2'},{'D1'},,,,&,1.0,&
{'D6'},{'R1'},{'R2'},{'R3'},{'D1'},,,,,,&,1.0,&
{'D6'},{'R1'},{'R2'},{'D2'},{'D3'},{'D5'},{'R3'},{'D1'},,,&,1.0,&
{'D6'},{'R1'},{'R2'},{'D2'},{'D3'},{'R3'},{'D1'},,,,&,1.0,&
{'D6'},{'R1'},{'R2'},{'D2'},{'R3'},,,,,,&,1.0,&
{'D6'},{'R1'},{'R2'},{'D2'},{'R3'},{'D7'},{'D1'},,,,&,1.0,&
{'D6'},{'R1'},{'R2'},{'D2'},{'D1'},{'R3'},{'D3'},{'D7'},{'D5'},{'D4'},&,1.0,&
{'D6'},{'R1'},{'D2'},,,,,,,,&,2.0,&
{'D6'},{'R1'},{'D2'},{'R2'},{'R3'},{'D3'},{'D1'},{'D7'},{'D5'},{'D4'},&,1.0,&
{'D6'},{'R1'},{'D2'},{'D1'},{'D7'},{'D3'},{'D4'},,,,&,1.0,&
{'D6'},{'R1'},{'D2'},{'D1'},{'D3'},{'R3'},{'D7'},,,,&,1.0,&
{'D6'},{'R1'},{'D2'},{'D3'},,,,,,,&,2.0,&
{'D6'},{'R1'},{'D2'},{'D3'},{'R3'},{'D1'},,,,,&,1.0,&
{'D6'},{'R1'},{'D2'},{'D3'},{'D1'},{'D5'},{'D7'},{'R2'},{'R3'},,&,1.0,&
{'D6'},{'R1'},{'D2'},{'D3'},{'D1'},{'R3'},{'D5'},{'D7'},{'R2'},{'D4'},&,1.0,&
{'D6'},{'R1'},{'D2'},{'D3'},{'R2'},{'D1'},{'D7'},{'R3'},{'D5'},,&,1.0,&
{'D6'},{'R1'},{'D2'},{'D3'},{'R2'},{'R3'},{'D1'},{'D5'},{'D7'},,&,1.0,&
{'D6'},{'R1'},{'D2'},{'D4'},{'R3'},{'D3'},{'D1'},{'R2'},{'D5'},,&,1.0,&
{'D6'},{'R1'},{'D2'},{'D7'},,,,,,,&,1.0,&
{'D6'},{'R1'},{'D2'},{'R3'},{'D3'},,,,,,&,1.0,&
{'D6'},{'R1'},{'D2'},{'R3'},{'D3'},{'D1'},{'D5'},{'D7'},{'R2'},,&,1.0,&
{'D6'},{'D4'},,,,,,,,,&,2.0,&
{'D6'},{'D4'},{'R1'},{'R2'},{'D3'},{'D2'},,,,,&,1.0,&
{'D6'},{'D4'},{'D1'},{'R2'},{'D3'},{'R3'},{'D5'},{'R1'},{'D2'},{'D7'},&,1.0,&
{'D6'},{'D4'},{'D1'},{'R2'},{'R3'},{'R1'},{'D3'},{'D7'},{'D2'},,&,1.0,&
{'D6'},{'D4'},{'D1'},{'D2'},,,,,,,&,1.0,&
{'D6'},{'D4'},{'R3'},{'D7'},{'R2'},{'D1'},,,,,&,1.0,&
{'D6'},{'D4'},{'R3'},{'R1'},{'D3'},,,,,,&,1.0,&
{'D6'},{'D4'},{'R2'},,,,,,,,&,2.0,&
{'D6'},{'D4'},{'R2'},{'R3'},,,,,,,&,1.0,&
{'D6'},{'D4'},{'R2'},{'R3'},{'D2'},{'D3'},{'R1'},{'D1'},,,&,1.0,&
{'D6'},{'D4'},{'R2'},{'R3'},{'R1'},{'D1'},{'D5'},{'D2'},,,&,1.0,&
{'D6'},{'D4'},{'R2'},{'D2'},{'D7'},{'R3'},{'D3'},{'D1'},{'D5'},,&,1.0,&
{'D6'},{'D4'},{'R2'},{'D2'},{'R3'},{'R1'},{'D7'},,,,&,1.0,&
{'D6'},{'D4'},{'D2'},,,,,,,,&,4.0,&
{'D6'},{'D4'},{'D2'},{'R2'},,,,,,,&,1.0,&
{'D6'},{'D4'},{'D2'},{'R2'},{'D1'},,,,,,&,1.0,&
{'D6'},{'D4'},{'D2'},{'D1'},{'R2'},{'D3'},{'D5'},{'R3'},,,&,1.0,&
{'D6'},{'D3'},,,,,,,,,&,34.0,&
{'D6'},{'D3'},{'R1'},,,,,,,,&,2.0,&
{'D6'},{'D3'},{'R1'},{'R2'},,,,,,,&,1.0,&
{'D6'},{'D3'},{'R1'},{'D1'},{'D2'},{'R2'},{'R3'},,,,&,1.0,&
{'D6'},{'D3'},{'R1'},{'R3'},{'D2'},{'D7'},{'D1'},,,,&,1.0,&
{'D6'},{'D3'},{'R1'},{'R3'},{'D7'},,,,,,&,1.0,&
{'D6'},{'D3'},{'R1'},{'D2'},,,,,,,&,1.0,&
{'D6'},{'D3'},{'R1'},{'D2'},{'D1'},{'D7'},{'R2'},,,,&,1.0,&
{'D6'},{'D3'},{'R1'},{'D2'},{'D1'},{'D4'},,,,,&,1.0,&
{'D6'},{'D3'},{'R1'},{'D2'},{'R2'},{'R3'},{'D1'},,,,&,1.0,&
{'D6'},{'D3'},{'D5'},,,,,,,,&,2.0,&
{'D6'},{'D3'},{'D5'},{'R2'},{'R3'},{'D1'},{'D2'},{'R1'},{'D7'},,&,1.0,&
{'D6'},{'D3'},{'D5'},{'R2'},{'D1'},{'D2'},{'R3'},{'D4'},{'D7'},,&,1.0,&
{'D6'},{'D3'},{'D5'},{'R3'},{'D7'},{'R2'},,,,,&,1.0,&
{'D6'},{'D3'},{'D5'},{'R3'},{'R2'},,,,,,&,1.0,&
{'D6'},{'D3'},{'D5'},{'R3'},{'R2'},{'D2'},{'R1'},,,,&,1.0,&
{'D6'},{'D3'},{'D5'},{'D2'},{'D1'},{'D7'},,,,,&,1.0,&
{'D6'},{'D3'},{'D5'},{'D2'},{'D1'},{'D4'},{'D7'},{'R2'},,,&,1.0,&
{'D6'},{'D3'},{'D5'},{'D2'},{'R2'},{'D1'},{'R3'},{'R1'},,,&,1.0,&
{'D6'},{'D3'},{'D1'},,,,,,,,&,12.0,&
{'D6'},{'D3'},{'D1'},{'R2'},,,,,,,&,2.0,&
{'D6'},{'D3'},{'D1'},{'R2'},{'D2'},,,,,,&,1.0,&
{'D6'},{'D3'},{'D1'},{'R2'},{'D2'},{'D5'},,,,,&,1.0,&
{'D6'},{'D3'},{'D1'},{'R2'},{'D2'},{'D5'},{'R3'},{'R1'},{'D7'},{'D4'},&,1.0,&
{'D6'},{'D3'},{'D1'},{'R2'},{'D2'},{'R3'},{'D5'},{'R1'},{'D4'},,&,1.0,&
{'D6'},{'D3'},{'D1'},{'R2'},{'D7'},{'D2'},{'D5'},{'R3'},{'R1'},{'D4'},&,1.0,&
{'D6'},{'D3'},{'D1'},{'R2'},{'R3'},,,,,,&,4.0,&
{'D6'},{'D3'},{'D1'},{'R2'},{'R3'},{'D5'},{'D2'},,,,&,1.0,&
{'D6'},{'D3'},{'D1'},{'R2'},{'R3'},{'R1'},{'D2'},{'D5'},{'D7'},{'D4'},&,1.0,&
{'D6'},{'D3'},{'D1'},{'D5'},{'D2'},{'R3'},,,,,&,1.0,&
{'D6'},{'D3'},{'D1'},{'R1'},{'R2'},{'D5'},{'D7'},,,,&,1.0,&
{'D6'},{'D3'},{'D1'},{'R3'},,,,,,,&,1.0,&
{'D6'},{'D3'},{'D1'},{'R3'},{'D2'},,,,,,&,1.0,&
{'D6'},{'D3'},{'D1'},{'R3'},{'D2'},{'R2'},{'D5'},,,,&,1.0,&
{'D6'},{'D3'},{'D1'},{'R3'},{'D2'},{'D4'},{'D5'},{'D7'},{'R2'},,&,1.0,&
{'D6'},{'D3'},{'D1'},{'R3'},{'D2'},{'D4'},{'R2'},,,,&,1.0,&
{'D6'},{'D3'},{'D1'},{'R3'},{'D2'},{'D4'},{'R2'},{'R1'},{'D5'},{'D7'},&,1.0,&
{'D6'},{'D3'},{'D1'},{'R3'},{'R1'},{'R2'},{'D2'},{'D7'},{'D5'},{'D4'},&,1.0,&
{'D6'},{'D3'},{'D1'},{'R3'},{'R1'},{'D2'},{'R2'},{'D5'},,,&,1.0,&
{'D6'},{'D3'},{'D1'},{'R3'},{'R2'},,,,,,&,1.0,&
{'D6'},{'D3'},{'D1'},{'R3'},{'R2'},{'D2'},,,,,&,1.0,&
{'D6'},{'D3'},{'D1'},{'R3'},{'R2'},{'D2'},{'D5'},{'D4'},{'D7'},{'R1'},&,1.0,&
{'D6'},{'D3'},{'D1'},{'R3'},{'R2'},{'D2'},{'D5'},{'D7'},{'R1'},,&,1.0,&
{'D6'},{'D3'},{'D1'},{'R3'},{'R2'},{'D2'},{'D5'},{'D7'},{'R1'},{'D4'},&,1.0,&
{'D6'},{'D3'},{'D1'},{'D2'},,,,,,,&,2.0,&
{'D6'},{'D3'},{'D1'},{'D2'},{'R1'},{'D7'},{'R2'},{'D5'},{'R3'},{'D4'},&,1.0,&
{'D6'},{'D3'},{'D1'},{'D2'},{'D5'},,,,,,&,1.0,&
{'D6'},{'D3'},{'D1'},{'D2'},{'D5'},{'D7'},,,,,&,1.0,&
{'D6'},{'D3'},{'D1'},{'D2'},{'D5'},{'D7'},{'D4'},{'R2'},{'R3'},{'R1'},&,1.0,&
{'D6'},{'D3'},{'D1'},{'D2'},{'D5'},{'R2'},,,,,&,1.0,&
{'D6'},{'D3'},{'D1'},{'D2'},{'D5'},{'R2'},{'D7'},{'D4'},,,&,1.0,&
{'D6'},{'D3'},{'D1'},{'D2'},{'D5'},{'R3'},{'D7'},{'R2'},,,&,1.0,&
{'D6'},{'D3'},{'D1'},{'D2'},{'D5'},{'D4'},{'D7'},{'R2'},{'R1'},{'R3'},&,1.0,&
{'D6'},{'D3'},{'D1'},{'D2'},{'R3'},,,,,,&,2.0,&
{'D6'},{'D3'},{'D1'},{'D2'},{'R2'},,,,,,&,1.0,&
{'D6'},{'D3'},{'D1'},{'D2'},{'R2'},{'R3'},,,,,&,1.0,&
{'D6'},{'D3'},{'D1'},{'D2'},{'R2'},{'R3'},{'D7'},{'D5'},{'R1'},,&,1.0,&
{'D6'},{'D3'},{'D1'},{'D2'},{'R2'},{'R3'},{'D7'},{'R1'},,,&,1.0,&
{'D6'},{'D3'},{'D7'},,,,,,,,&,1.0,&
{'D6'},{'D3'},{'D7'},{'R2'},,,,,,,&,2.0,&
{'D6'},{'D3'},{'D7'},{'D1'},,,,,,,&,1.0,&
{'D6'},{'D3'},{'D7'},{'D1'},{'R1'},,,,,,&,1.0,&
{'D6'},{'D3'},{'D7'},{'D1'},{'R1'},{'R2'},{'D2'},,,,&,1.0,&
{'D6'},{'D3'},{'D7'},{'D1'},{'R2'},{'D2'},{'D5'},{'R3'},{'D4'},,&,1.0,&
{'D6'},{'D3'},{'D7'},{'R1'},{'D1'},,,,,,&,1.0,&
{'D6'},{'D3'},{'D7'},{'R3'},{'D2'},,,,,,&,1.0,&
{'D6'},{'D3'},{'D7'},{'R3'},{'D1'},{'D2'},{'D5'},{'R2'},{'R1'},,&,1.0,&
{'D6'},{'D3'},{'D7'},{'R3'},{'R2'},{'D5'},,,,,&,1.0,&
{'D6'},{'D3'},{'D7'},{'R3'},{'R2'},{'D2'},,,,,&,1.0,&
{'D6'},{'D3'},{'D7'},{'R3'},{'R2'},{'D2'},{'R1'},{'D1'},,,&,1.0,&
{'D6'},{'D3'},{'D7'},{'D2'},{'D1'},{'R2'},{'R3'},{'D5'},{'D4'},{'R1'},&,1.0,&
{'D6'},{'D3'},{'D7'},{'D2'},{'R2'},{'R1'},,,,,&,1.0,&
{'D6'},{'D3'},{'R3'},,,,,,,,&,10.0,&
{'D6'},{'D3'},{'R3'},{'R2'},,,,,,,&,1.0,&
{'D6'},{'D3'},{'R3'},{'R2'},{'D2'},,,,,,&,1.0,&
{'D6'},{'D3'},{'R3'},{'R2'},{'D2'},{'D1'},{'R1'},{'D5'},{'D7'},,&,1.0,&
{'D6'},{'D3'},{'R3'},{'R2'},{'D2'},{'D7'},,,,,&,1.0,&
{'D6'},{'D3'},{'R3'},{'R2'},{'D2'},{'D7'},{'D5'},{'R1'},{'D1'},,&,1.0,&
{'D6'},{'D3'},{'R3'},{'R2'},{'D2'},{'R1'},{'D7'},{'D1'},{'D5'},{'D4'},&,1.0,&
{'D6'},{'D3'},{'R3'},{'R2'},{'R1'},,,,,,&,1.0,&
{'D6'},{'D3'},{'R3'},{'R2'},{'R1'},{'D1'},,,,,&,1.0,&
{'D6'},{'D3'},{'R3'},{'R2'},{'R1'},{'D7'},{'D1'},{'D2'},{'D5'},,&,1.0,&
{'D6'},{'D3'},{'R3'},{'R2'},{'R1'},{'D2'},{'D1'},{'D7'},{'D5'},{'D4'},&,1.0,&
{'D6'},{'D3'},{'R3'},{'R2'},{'D1'},,,,,,&,1.0,&
{'D6'},{'D3'},{'R3'},{'R2'},{'D1'},{'D2'},{'R1'},{'D7'},{'D4'},{'D5'},&,1.0,&
{'D6'},{'D3'},{'R3'},{'R2'},{'D1'},{'R1'},{'D2'},,,,&,1.0,&
{'D6'},{'D3'},{'R3'},{'R2'},{'D1'},{'R1'},{'D2'},{'D7'},,,&,1.0,&
{'D6'},{'D3'},{'R3'},{'R2'},{'D1'},{'R1'},{'D2'},{'D7'},{'D5'},{'D4'},&,1.0,&
{'D6'},{'D3'},{'R3'},{'R2'},{'D1'},{'D4'},,,,,&,1.0,&
{'D6'},{'D3'},{'R3'},{'R2'},{'D4'},{'D2'},,,,,&,1.0,&
{'D6'},{'D3'},{'R3'},{'D1'},,,,,,,&,1.0,&
{'D6'},{'D3'},{'R3'},{'D1'},{'D2'},,,,,,&,1.0,&
{'D6'},{'D3'},{'R3'},{'D1'},{'D2'},{'D7'},,,,,&,1.0,&
{'D6'},{'D3'},{'R3'},{'D1'},{'D2'},{'D7'},{'D5'},{'D4'},,,&,1.0,&
{'D6'},{'D3'},{'R3'},{'D1'},{'D2'},{'D5'},,,,,&,1.0,&
{'D6'},{'D3'},{'R3'},{'D1'},{'D2'},{'D5'},{'R2'},,,,&,1.0,&
{'D6'},{'D3'},{'R3'},{'D1'},{'D2'},{'D5'},{'R2'},{'R1'},{'D7'},{'D4'},&,1.0,&
{'D6'},{'D3'},{'R3'},{'D1'},{'D2'},{'R2'},{'D5'},{'R1'},{'D4'},,&,1.0,&
{'D6'},{'D3'},{'R3'},{'D1'},{'R1'},{'R2'},{'D5'},,,,&,1.0,&
{'D6'},{'D3'},{'R3'},{'D1'},{'R1'},{'D2'},{'D7'},{'D4'},{'D5'},,&,1.0,&
{'D6'},{'D3'},{'R3'},{'D1'},{'R2'},{'D2'},,,,,&,1.0,&
{'D6'},{'D3'},{'R3'},{'D1'},{'R2'},{'D2'},{'R1'},{'D7'},,,&,1.0,&
{'D6'},{'D3'},{'R3'},{'D7'},{'D2'},{'R2'},{'D1'},{'D5'},{'D4'},{'R1'},&,1.0,&
{'D6'},{'D3'},{'R3'},{'D2'},,,,,,,&,4.0,&
{'D6'},{'D3'},{'R3'},{'D2'},{'R1'},{'D1'},{'R2'},{'D7'},,,&,1.0,&
{'D6'},{'D3'},{'R3'},{'D2'},{'R1'},{'D7'},,,,,&,1.0,&
{'D6'},{'D3'},{'R3'},{'D2'},{'D1'},{'D7'},,,,,&,1.0,&
{'D6'},{'D3'},{'R3'},{'D2'},{'D1'},{'D7'},{'R2'},{'R1'},{'D5'},{'D4'},&,1.0,&
{'D6'},{'D3'},{'R3'},{'D2'},{'D1'},{'D7'},{'D4'},{'D5'},{'R2'},{'R1'},&,1.0,&
{'D6'},{'D3'},{'R3'},{'D2'},{'D1'},{'R2'},{'D5'},{'R1'},,,&,1.0,&
{'D6'},{'D3'},{'R3'},{'D2'},{'R2'},,,,,,&,2.0,&
{'D6'},{'D3'},{'R3'},{'D2'},{'R2'},{'D1'},,,,,&,1.0,&
{'D6'},{'D3'},{'R3'},{'D2'},{'R2'},{'R1'},{'D7'},,,,&,1.0,&
{'D6'},{'D3'},{'R2'},,,,,,,,&,9.0,&
{'D6'},{'D3'},{'R2'},{'D1'},,,,,,,&,2.0,&
{'D6'},{'D3'},{'R2'},{'D1'},{'D2'},{'D7'},{'R3'},,,,&,1.0,&
{'D6'},{'D3'},{'R2'},{'D1'},{'D2'},{'D7'},{'D5'},{'R3'},{'D4'},{'R1'},&,1.0,&
{'D6'},{'D3'},{'R2'},{'D1'},{'D2'},{'D5'},,,,,&,1.0,&
{'D6'},{'D3'},{'R2'},{'D1'},{'D2'},{'D4'},{'R3'},{'R1'},{'D5'},,&,1.0,&
{'D6'},{'D3'},{'R2'},{'D1'},{'R1'},,,,,,&,1.0,&
{'D6'},{'D3'},{'R2'},{'D1'},{'R1'},{'D2'},,,,,&,1.0,&
{'D6'},{'D3'},{'R2'},{'D1'},{'R1'},{'D2'},{'R3'},{'D7'},,,&,1.0,&
{'D6'},{'D3'},{'R2'},{'D1'},{'R1'},{'R3'},{'D2'},{'D5'},{'D7'},{'D4'},&,1.0,&
{'D6'},{'D3'},{'R2'},{'D1'},{'R3'},,,,,,&,1.0,&
{'D6'},{'D3'},{'R2'},{'D1'},{'R3'},{'D2'},,,,,&,2.0,&
{'D6'},{'D3'},{'R2'},{'D5'},,,,,,,&,1.0,&
{'D6'},{'D3'},{'R2'},{'D5'},{'D2'},{'D1'},{'R3'},,,,&,1.0,&
{'D6'},{'D3'},{'R2'},{'D4'},{'D2'},,,,,,&,1.0,&
{'D6'},{'D3'},{'R2'},{'D7'},{'R3'},{'R1'},{'D1'},,,,&,1.0,&
{'D6'},{'D3'},{'R2'},{'D7'},{'R3'},{'R1'},{'D2'},,,,&,1.0,&
{'D6'},{'D3'},{'R2'},{'R1'},,,,,,,&,1.0,&
{'D6'},{'D3'},{'R2'},{'R1'},{'D2'},{'R3'},,,,,&,1.0,&
{'D6'},{'D3'},{'R2'},{'R1'},{'D5'},{'D2'},{'R3'},{'D1'},,,&,1.0,&
{'D6'},{'D3'},{'R2'},{'R1'},{'D5'},{'R3'},{'D1'},{'D2'},{'D4'},{'D7'},&,1.0,&
{'D6'},{'D3'},{'R2'},{'R3'},,,,,,,&,1.0,&
{'D6'},{'D3'},{'R2'},{'R3'},{'D2'},,,,,,&,2.0,&
{'D6'},{'D3'},{'R2'},{'R3'},{'D2'},{'D1'},{'D7'},{'D5'},{'D4'},{'R1'},&,1.0,&
{'D6'},{'D3'},{'R2'},{'R3'},{'D2'},{'D1'},{'R1'},{'D5'},{'D7'},,&,1.0,&
{'D6'},{'D3'},{'R2'},{'R3'},{'D2'},{'D5'},{'D1'},{'D7'},,,&,1.0,&
{'D6'},{'D3'},{'R2'},{'R3'},{'D2'},{'R1'},,,,,&,1.0,&
{'D6'},{'D3'},{'R2'},{'R3'},{'D2'},{'R1'},{'D1'},,,,&,1.0,&
{'D6'},{'D3'},{'R2'},{'R3'},{'D2'},{'R1'},{'D1'},{'D4'},,,&,1.0,&
{'D6'},{'D3'},{'R2'},{'R3'},{'R1'},{'D1'},{'D7'},{'D2'},{'D5'},{'D4'},&,1.0,&
{'D6'},{'D3'},{'R2'},{'R3'},{'R1'},{'D7'},{'D2'},{'D1'},{'D4'},{'D5'},&,1.0,&
{'D6'},{'D3'},{'R2'},{'R3'},{'R1'},{'D2'},{'D1'},{'D7'},,,&,1.0,&
{'D6'},{'D3'},{'R2'},{'R3'},{'R1'},{'D2'},{'D1'},{'D5'},,,&,1.0,&
{'D6'},{'D3'},{'R2'},{'R3'},{'R1'},{'D2'},{'D1'},{'D5'},{'D4'},{'D7'},&,1.0,&
{'D6'},{'D3'},{'R2'},{'R3'},{'D1'},{'D2'},,,,,&,1.0,&
{'D6'},{'D3'},{'R2'},{'D2'},,,,,,,&,1.0,&
{'D6'},{'D3'},{'R2'},{'D2'},{'R1'},{'R3'},{'D1'},{'D5'},,,&,1.0,&
{'D6'},{'D3'},{'R2'},{'D2'},{'R3'},{'D1'},{'R1'},{'D5'},,,&,1.0,&
{'D6'},{'D3'},{'R2'},{'D2'},{'R3'},{'D4'},{'D5'},{'D7'},{'D1'},,&,1.0,&
{'D6'},{'D3'},{'R2'},{'D2'},{'R3'},{'D4'},{'R1'},,,,&,1.0,&
{'D6'},{'D3'},{'R2'},{'D2'},{'D1'},{'D5'},{'R3'},{'D4'},{'D7'},{'R1'},&,1.0,&
{'D6'},{'D3'},{'R2'},{'D2'},{'D1'},{'R3'},{'D7'},,,,&,1.0,&
{'D6'},{'D3'},{'R2'},{'D2'},{'D4'},,,,,,&,1.0,&
{'D6'},{'D3'},{'D2'},,,,,,,,&,21.0,&
{'D6'},{'D3'},{'D2'},{'R2'},,,,,,,&,5.0,&
{'D6'},{'D3'},{'D2'},{'R2'},{'D7'},{'D1'},{'D5'},{'R3'},,,&,1.0,&
{'D6'},{'D3'},{'D2'},{'R2'},{'D7'},{'R3'},{'R1'},{'D1'},{'D4'},{'D5'},&,1.0,&
{'D6'},{'D3'},{'D2'},{'R2'},{'R1'},,,,,,&,1.0,&
{'D6'},{'D3'},{'D2'},{'R2'},{'R3'},,,,,,&,2.0,&
{'D6'},{'D3'},{'D2'},{'R2'},{'R3'},{'R1'},,,,,&,1.0,&
{'D6'},{'D3'},{'D2'},{'R2'},{'R3'},{'R1'},{'D1'},,,,&,1.0,&
{'D6'},{'D3'},{'D2'},{'R2'},{'D1'},,,,,,&,3.0,&
{'D6'},{'D3'},{'D2'},{'R2'},{'D1'},{'D7'},{'D5'},{'R3'},{'R1'},,&,1.0,&
{'D6'},{'D3'},{'D2'},{'R2'},{'D1'},{'D5'},{'D7'},{'R3'},{'D4'},,&,1.0,&
{'D6'},{'D3'},{'D2'},{'R2'},{'D1'},{'R3'},,,,,&,1.0,&
{'D6'},{'D3'},{'D2'},{'R2'},{'D1'},{'R3'},{'D5'},{'R1'},,,&,1.0,&
{'D6'},{'D3'},{'D2'},{'R2'},{'D1'},{'R3'},{'D4'},{'D5'},{'D7'},{'R1'},&,1.0,&
{'D6'},{'D3'},{'D2'},{'D1'},,,,,,,&,3.0,&
{'D6'},{'D3'},{'D2'},{'D1'},{'D7'},{'D5'},{'D4'},,,,&,1.0,&
{'D6'},{'D3'},{'D2'},{'D1'},{'D7'},{'R1'},{'D4'},{'R3'},{'D5'},,&,1.0,&
{'D6'},{'D3'},{'D2'},{'D1'},{'D5'},,,,,,&,1.0,&
{'D6'},{'D3'},{'D2'},{'D1'},{'D5'},{'D7'},{'D4'},{'R3'},{'R2'},{'R1'},&,1.0,&
{'D6'},{'D3'},{'D2'},{'D1'},{'D5'},{'R2'},{'R3'},,,,&,1.0,&
{'D6'},{'D3'},{'D2'},{'D1'},{'R3'},,,,,,&,1.0,&
{'D6'},{'D3'},{'D2'},{'D1'},{'R3'},{'R2'},,,,,&,2.0,&
{'D6'},{'D3'},{'D2'},{'D1'},{'R3'},{'R2'},{'D7'},{'D5'},{'R1'},{'D4'},&,1.0,&
{'D6'},{'D3'},{'D2'},{'D1'},{'R3'},{'R1'},{'D7'},,,,&,1.0,&
{'D6'},{'D3'},{'D2'},{'D1'},{'R2'},{'D7'},{'D5'},{'D4'},{'R3'},,&,1.0,&
{'D6'},{'D3'},{'D2'},{'D1'},{'R2'},{'D5'},,,,,&,1.0,&
{'D6'},{'D3'},{'D2'},{'D1'},{'R2'},{'D5'},{'R3'},{'D4'},{'D7'},,&,1.0,&
{'D6'},{'D3'},{'D2'},{'D1'},{'R2'},{'R3'},,,,,&,1.0,&
{'D6'},{'D3'},{'D2'},{'D1'},{'R2'},{'R3'},{'D7'},{'R1'},,,&,1.0,&
{'D6'},{'D3'},{'D2'},{'D1'},{'D4'},,,,,,&,1.0,&
{'D6'},{'D3'},{'D2'},{'D1'},{'D4'},{'D5'},{'D7'},{'R3'},{'R2'},{'R1'},&,1.0,&
{'D6'},{'D3'},{'D2'},{'D5'},,,,,,,&,1.0,&
{'D6'},{'D3'},{'D2'},{'D5'},{'R3'},,,,,,&,1.0,&
{'D6'},{'D3'},{'D2'},{'D5'},{'D1'},,,,,,&,1.0,&
{'D6'},{'D3'},{'D2'},{'D5'},{'D1'},{'D7'},{'D4'},{'R2'},{'R1'},,&,1.0,&
{'D6'},{'D3'},{'D2'},{'D5'},{'R2'},{'R3'},{'R1'},{'D1'},,,&,1.0,&
{'D6'},{'D3'},{'D2'},{'D4'},,,,,,,&,1.0,&
{'D6'},{'D3'},{'D2'},{'D4'},{'D1'},,,,,,&,1.0,&
{'D6'},{'D3'},{'D2'},{'D4'},{'D1'},{'R2'},{'R3'},,,,&,1.0,&
{'D6'},{'D3'},{'D2'},{'D4'},{'R2'},{'D1'},{'R3'},{'R1'},{'D5'},,&,1.0,&
{'D6'},{'D3'},{'D2'},{'D7'},{'D1'},,,,,,&,1.0,&
{'D6'},{'D3'},{'D2'},{'D7'},{'D1'},{'D5'},,,,,&,1.0,&
{'D6'},{'D3'},{'D2'},{'D7'},{'D1'},{'D5'},{'R2'},,,,&,1.0,&
{'D6'},{'D3'},{'D2'},{'R1'},{'D5'},{'D1'},{'D7'},{'D4'},{'R3'},,&,1.0,&
{'D6'},{'D3'},{'D2'},{'R1'},{'D1'},{'D7'},{'D5'},{'D4'},{'R2'},{'R3'},&,1.0,&
{'D6'},{'D3'},{'D2'},{'R3'},{'D1'},,,,,,&,1.0,&
{'D6'},{'D3'},{'D2'},{'R3'},{'D1'},{'D5'},{'D7'},{'D4'},,,&,1.0,&
{'D6'},{'D3'},{'D2'},{'R3'},{'D1'},{'D5'},{'D7'},{'R2'},{'R1'},,&,1.0,&
{'D6'},{'D3'},{'D2'},{'R3'},{'D1'},{'D5'},{'D4'},,,,&,1.0,&
{'D6'},{'D3'},{'D2'},{'R3'},{'D1'},{'D4'},,,,,&,1.0,&
{'D6'},{'D3'},{'D2'},{'R3'},{'R2'},,,,,,&,1.0,&
{'D6'},{'D3'},{'D2'},{'R3'},{'R2'},{'D1'},{'R1'},,,,&,1.0,&
{'D6'},{'D3'},{'D2'},{'R3'},{'R2'},{'D1'},{'R1'},{'D7'},,,&,1.0,&
{'D6'},{'D3'},{'D2'},{'R3'},{'R2'},{'R1'},,,,,&,2.0,&
{'D6'},{'D3'},{'D4'},,,,,,,,&,1.0,&
{'D6'},{'D3'},{'D4'},{'R2'},{'D2'},{'R3'},{'D1'},,,,&,1.0,&
{'D6'},{'D3'},{'D4'},{'D1'},{'D5'},{'D2'},,,,,&,1.0,&
{'D6'},{'D7'},,,,,,,,,&,3.0,&
{'D6'},{'D7'},{'R1'},{'D2'},{'D1'},{'R2'},{'R3'},{'D4'},{'D3'},,&,1.0,&
{'D6'},{'D7'},{'D3'},{'R2'},{'D1'},,,,,,&,1.0,&
{'D6'},{'D7'},{'D3'},{'R1'},{'D1'},{'D2'},,,,,&,1.0,&
{'D6'},{'D7'},{'D3'},{'R3'},{'R1'},{'R2'},{'D1'},{'D2'},,,&,1.0,&
{'D6'},{'D7'},{'D3'},{'D2'},,,,,,,&,1.0,&
{'D6'},{'D7'},{'D3'},{'D2'},{'D4'},{'R3'},,,,,&,1.0,&
{'D6'},{'D7'},{'D5'},{'R2'},,,,,,,&,1.0,&
{'D6'},{'D7'},{'D1'},,,,,,,,&,4.0,&
{'D6'},{'D7'},{'D1'},{'D2'},{'R3'},,,,,,&,1.0,&
{'D6'},{'D7'},{'R3'},,,,,,,,&,3.0,&
{'D6'},{'D7'},{'R3'},{'R2'},{'D2'},{'R1'},,,,,&,1.0,&
{'D6'},{'D7'},{'R3'},{'R2'},{'D3'},{'R1'},{'D1'},{'D2'},,,&,1.0,&
{'D6'},{'D7'},{'R3'},{'R2'},{'R1'},{'D2'},{'D5'},{'D3'},{'D1'},,&,1.0,&
{'D6'},{'D7'},{'R3'},{'D1'},{'D3'},{'D2'},,,,,&,1.0,&
{'D6'},{'D7'},{'R3'},{'D5'},{'D2'},{'D3'},,,,,&,1.0,&
{'D6'},{'D7'},{'R3'},{'D3'},{'R2'},,,,,,&,1.0,&
{'D6'},{'D7'},{'R3'},{'D2'},{'D1'},{'D3'},,,,,&,1.0,&
{'D6'},{'D7'},{'R3'},{'D2'},{'R2'},{'R1'},{'D3'},,,,&,1.0,&
{'D6'},{'D7'},{'R2'},{'D1'},{'D3'},{'D2'},,,,,&,1.0,&
{'D6'},{'D7'},{'R2'},{'D4'},{'D2'},,,,,,&,1.0,&
{'D6'},{'D7'},{'R2'},{'R3'},{'D2'},{'D1'},,,,,&,1.0,&
{'D6'},{'D7'},{'R2'},{'R3'},{'R1'},{'D2'},{'D3'},,,,&,1.0,&
{'D6'},{'D7'},{'R2'},{'R3'},{'R1'},{'D3'},{'D2'},{'D1'},{'D5'},{'D4'},&,1.0,&
{'D6'},{'D7'},{'R2'},{'R3'},{'D1'},{'R1'},{'D2'},,,,&,1.0,&
{'D6'},{'D7'},{'R2'},{'D2'},{'R1'},{'R3'},{'D3'},{'D1'},,,&,1.0,&
{'D6'},{'D7'},{'R2'},{'D2'},{'R3'},,,,,,&,1.0,&
{'D6'},{'D7'},{'D2'},,,,,,,,&,4.0,&
{'D6'},{'D7'},{'D2'},{'R2'},{'D1'},{'D5'},,,,,&,1.0,&
{'D6'},{'D7'},{'D2'},{'D1'},{'D3'},{'R2'},{'D4'},,,,&,1.0,&
{'D6'},{'D7'},{'D2'},{'R3'},{'D1'},,,,,,&,1.0,&
{'D6'},{'D7'},{'D2'},{'R3'},{'D1'},{'R2'},,,,,&,1.0,&
{'D2'},,,,,,,,,,&,1209.0,&
{'D2'},{'D1'},,,,,,,,,&,299.0,&
{'D2'},{'D1'},{'R1'},,,,,,,,&,19.0,&
{'D2'},{'D1'},{'R1'},{'R2'},,,,,,,&,6.0,&
{'D2'},{'D1'},{'R1'},{'R2'},{'D7'},,,,,,&,1.0,&
{'D2'},{'D1'},{'R1'},{'R2'},{'D7'},{'D3'},{'D5'},,,,&,1.0,&
{'D2'},{'D1'},{'R1'},{'R2'},{'D3'},,,,,,&,2.0,&
{'D2'},{'D1'},{'R1'},{'R2'},{'D3'},{'D6'},{'D5'},{'R3'},{'D7'},,&,1.0,&
{'D2'},{'D1'},{'R1'},{'R2'},{'D5'},{'R3'},,,,,&,1.0,&
{'D2'},{'D1'},{'R1'},{'R2'},{'D5'},{'R3'},{'D3'},{'D7'},{'D6'},{'D4'},&,2.0,&
{'D2'},{'D1'},{'R1'},{'R2'},{'D5'},{'D3'},{'R3'},,,,&,1.0,&
{'D2'},{'D1'},{'R1'},{'R2'},{'D5'},{'D4'},{'D3'},{'D6'},{'D7'},{'R3'},&,1.0,&
{'D2'},{'D1'},{'R1'},{'R2'},{'R3'},,,,,,&,2.0,&
{'D2'},{'D1'},{'R1'},{'R2'},{'R3'},{'D7'},{'D5'},{'D3'},{'D6'},,&,1.0,&
{'D2'},{'D1'},{'R1'},{'R2'},{'R3'},{'D6'},,,,,&,1.0,&
{'D2'},{'D1'},{'R1'},{'R2'},{'R3'},{'D6'},{'D3'},,,,&,1.0,&
{'D2'},{'D1'},{'R1'},{'R2'},{'R3'},{'D3'},,,,,&,3.0,&
{'D2'},{'D1'},{'R1'},{'R2'},{'R3'},{'D3'},{'D6'},{'D4'},{'D5'},{'D7'},&,1.0,&
{'D2'},{'D1'},{'R1'},{'R2'},{'R3'},{'D3'},{'D6'},{'D5'},{'D7'},,&,1.0,&
{'D2'},{'D1'},{'R1'},{'R2'},{'R3'},{'D3'},{'D4'},{'D5'},{'D7'},{'D6'},&,1.0,&
{'D2'},{'D1'},{'R1'},{'R2'},{'R3'},{'D4'},,,,,&,1.0,&
{'D2'},{'D1'},{'R1'},{'R2'},{'D4'},{'D3'},{'R3'},{'D6'},,,&,1.0,&
{'D2'},{'D1'},{'R1'},{'D5'},,,,,,,&,2.0,&
{'D2'},{'D1'},{'R1'},{'D5'},{'D3'},{'D7'},{'D6'},{'R3'},{'D4'},,&,1.0,&
{'D2'},{'D1'},{'R1'},{'D5'},{'D3'},{'R2'},{'R3'},{'D6'},,,&,1.0,&
{'D2'},{'D1'},{'R1'},{'D5'},{'D3'},{'D6'},{'D4'},{'D7'},,,&,1.0,&
{'D2'},{'D1'},{'R1'},{'D5'},{'R3'},,,,,,&,1.0,&
{'D2'},{'D1'},{'R1'},{'D5'},{'R3'},{'D3'},{'R2'},{'D6'},{'D7'},{'D4'},&,1.0,&
{'D2'},{'D1'},{'R1'},{'D5'},{'R2'},{'R3'},,,,,&,1.0,&
{'D2'},{'D1'},{'R1'},{'D5'},{'D4'},{'R2'},{'R3'},{'D3'},{'D7'},{'D6'},&,1.0,&
{'D2'},{'D1'},{'R1'},{'D5'},{'D4'},{'D3'},{'R2'},,,,&,1.0,&
{'D2'},{'D1'},{'R1'},{'D3'},,,,,,,&,9.0,&
{'D2'},{'D1'},{'R1'},{'D3'},{'D6'},{'D5'},,,,,&,2.0,&
{'D2'},{'D1'},{'R1'},{'D3'},{'D6'},{'D5'},{'D7'},{'D4'},{'R3'},{'R2'},&,1.0,&
{'D2'},{'D1'},{'R1'},{'D3'},{'D6'},{'D5'},{'R2'},{'R3'},{'D4'},,&,1.0,&
{'D2'},{'D1'},{'R1'},{'D3'},{'D6'},{'R2'},{'D7'},{'R3'},{'D5'},{'D4'},&,1.0,&
{'D2'},{'D1'},{'R1'},{'D3'},{'D6'},{'R2'},{'D5'},{'R3'},{'D4'},,&,1.0,&
{'D2'},{'D1'},{'R1'},{'D3'},{'D7'},{'D5'},{'D6'},{'R3'},{'D4'},,&,1.0,&
{'D2'},{'D1'},{'R1'},{'D3'},{'D7'},{'D6'},{'R3'},{'D5'},{'R2'},,&,1.0,&
{'D2'},{'D1'},{'R1'},{'D3'},{'D7'},{'D6'},{'R2'},{'D5'},{'R3'},,&,1.0,&
{'D2'},{'D1'},{'R1'},{'D3'},{'D5'},{'D7'},{'R3'},,,,&,1.0,&
{'D2'},{'D1'},{'R1'},{'D3'},{'D5'},{'R2'},{'R3'},,,,&,1.0,&
{'D2'},{'D1'},{'R1'},{'D3'},{'D5'},{'D6'},{'R3'},{'R2'},,,&,1.0,&
{'D2'},{'D1'},{'R1'},{'D3'},{'D5'},{'D6'},{'R2'},{'D7'},{'D4'},{'R3'},&,1.0,&
{'D2'},{'D1'},{'R1'},{'D3'},{'D5'},{'R3'},,,,,&,1.0,&
{'D2'},{'D1'},{'R1'},{'D3'},{'D5'},{'R3'},{'D6'},{'R2'},{'D7'},,&,1.0,&
{'D2'},{'D1'},{'R1'},{'D3'},{'R3'},,,,,,&,1.0,&
{'D2'},{'D1'},{'R1'},{'D3'},{'R3'},{'D7'},{'D6'},{'D4'},{'R2'},{'D5'},&,1.0,&
{'D2'},{'D1'},{'R1'},{'D3'},{'R3'},{'D5'},,,,,&,1.0,&
{'D2'},{'D1'},{'R1'},{'D3'},{'R3'},{'R2'},{'D6'},,,,&,1.0,&
{'D2'},{'D1'},{'R1'},{'D3'},{'R2'},{'D7'},,,,,&,3.0,&
{'D2'},{'D1'},{'R1'},{'D3'},{'R2'},{'D7'},{'D6'},,,,&,1.0,&
{'D2'},{'D1'},{'R1'},{'D3'},{'R2'},{'D5'},,,,,&,1.0,&
{'D2'},{'D1'},{'R1'},{'D3'},{'R2'},{'R3'},,,,,&,1.0,&
{'D2'},{'D1'},{'R1'},{'D3'},{'R2'},{'D4'},{'R3'},{'D7'},,,&,1.0,&
{'D2'},{'D1'},{'R1'},{'D3'},{'D4'},,,,,,&,1.0,&
{'D2'},{'D1'},{'R1'},{'D4'},{'D3'},{'D6'},,,,,&,1.0,&
{'D2'},{'D1'},{'R1'},{'D4'},{'R2'},,,,,,&,1.0,&
{'D2'},{'D1'},{'R1'},{'D7'},{'D6'},{'D3'},{'D5'},{'R2'},{'R3'},,&,1.0,&
{'D2'},{'D1'},{'R1'},{'D7'},{'D3'},,,,,,&,1.0,&
{'D2'},{'D1'},{'R1'},{'D7'},{'D3'},{'R3'},{'D6'},,,,&,1.0,&
{'D2'},{'D1'},{'R1'},{'D7'},{'D3'},{'D4'},{'R2'},,,,&,1.0,&
{'D2'},{'D1'},{'R1'},{'D7'},{'D5'},{'D6'},{'D3'},{'R3'},,,&,1.0,&
{'D2'},{'D1'},{'R1'},{'D7'},{'R3'},,,,,,&,1.0,&
{'D2'},{'D1'},{'R1'},{'D7'},{'R3'},{'R2'},,,,,&,1.0,&
{'D2'},{'D1'},{'R1'},{'D7'},{'R2'},{'D3'},{'D5'},,,,&,1.0,&
{'D2'},{'D1'},{'R1'},{'R3'},,,,,,,&,3.0,&
{'D2'},{'D1'},{'R1'},{'R3'},{'D6'},,,,,,&,1.0,&
{'D2'},{'D1'},{'R1'},{'R3'},{'D3'},{'R2'},,,,,&,1.0,&
{'D2'},{'D1'},{'R1'},{'R3'},{'D3'},{'R2'},{'D5'},,,,&,1.0,&
{'D2'},{'D1'},{'R1'},{'R3'},{'D3'},{'D6'},{'D7'},{'R2'},,,&,1.0,&
{'D2'},{'D1'},{'R1'},{'R3'},{'D3'},{'D6'},{'R2'},{'D5'},,,&,1.0,&
{'D2'},{'D1'},{'R1'},{'R3'},{'D5'},{'D3'},{'R2'},{'D7'},,,&,1.0,&
{'D2'},{'D1'},{'R1'},{'R3'},{'R2'},,,,,,&,2.0,&
{'D2'},{'D1'},{'R1'},{'R3'},{'R2'},{'D6'},,,,,&,2.0,&
{'D2'},{'D1'},{'R1'},{'R3'},{'R2'},{'D6'},{'D5'},{'D3'},,,&,1.0,&
{'D2'},{'D1'},{'R1'},{'R3'},{'R2'},{'D3'},,,,,&,1.0,&
{'D2'},{'D1'},{'R1'},{'R3'},{'R2'},{'D3'},{'D6'},,,,&,1.0,&
{'D2'},{'D1'},{'R1'},{'D6'},,,,,,,&,5.0,&
{'D2'},{'D1'},{'R1'},{'D6'},{'D3'},{'R2'},{'D4'},,,,&,1.0,&
{'D2'},{'D1'},{'R1'},{'D6'},{'D5'},{'D3'},{'R2'},{'R3'},{'D7'},,&,1.0,&
{'D2'},{'D1'},{'R1'},{'D6'},{'R3'},{'R2'},,,,,&,1.0,&
{'D2'},{'D1'},{'R1'},{'D6'},{'R3'},{'D3'},,,,,&,1.0,&
{'D2'},{'D1'},{'R1'},{'D6'},{'R2'},,,,,,&,1.0,&
{'D2'},{'D1'},{'R1'},{'D6'},{'R2'},{'D7'},{'D3'},{'R3'},,,&,1.0,&
{'D2'},{'D1'},{'R1'},{'D6'},{'R2'},{'R3'},,,,,&,1.0,&
{'D2'},{'D1'},{'R1'},{'D6'},{'R2'},{'D3'},{'R3'},{'D5'},,,&,1.0,&
{'D2'},{'D1'},{'R1'},{'D6'},{'R2'},{'D3'},{'D5'},,,,&,1.0,&
{'D2'},{'D1'},{'D6'},,,,,,,,&,35.0,&
{'D2'},{'D1'},{'D6'},{'R2'},,,,,,,&,7.0,&
{'D2'},{'D1'},{'D6'},{'R2'},{'D3'},,,,,,&,9.0,&
{'D2'},{'D1'},{'D6'},{'R2'},{'D3'},{'D7'},,,,,&,1.0,&
{'D2'},{'D1'},{'D6'},{'R2'},{'D3'},{'D7'},{'D5'},,,,&,1.0,&
{'D2'},{'D1'},{'D6'},{'R2'},{'D3'},{'D7'},{'R1'},{'R3'},,,&,1.0,&
{'D2'},{'D1'},{'D6'},{'R2'},{'D3'},{'D5'},{'D4'},{'R3'},{'R1'},{'D7'},&,1.0,&
{'D2'},{'D1'},{'D6'},{'R2'},{'D3'},{'R3'},,,,,&,2.0,&
{'D2'},{'D1'},{'D6'},{'R2'},{'D3'},{'R3'},{'D7'},{'D5'},{'R1'},,&,1.0,&
{'D2'},{'D1'},{'D6'},{'R2'},{'D3'},{'R3'},{'R1'},,,,&,1.0,&
{'D2'},{'D1'},{'D6'},{'R2'},{'D3'},{'R1'},{'D5'},{'D4'},{'R3'},{'D7'},&,1.0,&
{'D2'},{'D1'},{'D6'},{'R2'},{'D3'},{'D4'},{'D5'},{'R1'},{'R3'},,&,1.0,&
{'D2'},{'D1'},{'D6'},{'R2'},{'R1'},,,,,,&,1.0,&
{'D2'},{'D1'},{'D6'},{'R2'},{'R1'},{'D7'},{'D3'},{'R3'},{'D5'},,&,1.0,&
{'D2'},{'D1'},{'D6'},{'R2'},{'R1'},{'D3'},,,,,&,1.0,&
{'D2'},{'D1'},{'D6'},{'R2'},{'R1'},{'D3'},{'D7'},{'D5'},{'D4'},,&,1.0,&
{'D2'},{'D1'},{'D6'},{'R2'},{'D5'},,,,,,&,2.0,&
{'D2'},{'D1'},{'D6'},{'R2'},{'D5'},{'R3'},{'D7'},{'R1'},{'D3'},{'D4'},&,1.0,&
{'D2'},{'D1'},{'D6'},{'R2'},{'D5'},{'R3'},{'D3'},{'R1'},{'D7'},,&,1.0,&
{'D2'},{'D1'},{'D6'},{'R2'},{'R3'},,,,,,&,4.0,&
{'D2'},{'D1'},{'D6'},{'R2'},{'R3'},{'D3'},,,,,&,1.0,&
{'D2'},{'D1'},{'D6'},{'R2'},{'R3'},{'D3'},{'D5'},,,,&,1.0,&
{'D2'},{'D1'},{'D6'},{'R2'},{'R3'},{'D3'},{'R1'},,,,&,2.0,&
{'D2'},{'D1'},{'D6'},{'R2'},{'R3'},{'D3'},{'R1'},{'D7'},{'D5'},{'D4'},&,1.0,&
{'D2'},{'D1'},{'D6'},{'R2'},{'R3'},{'D3'},{'R1'},{'D5'},{'D7'},,&,1.0,&
{'D2'},{'D1'},{'D6'},{'R2'},{'R3'},{'R1'},{'D3'},{'D7'},,,&,1.0,&
{'D2'},{'D1'},{'D6'},{'R2'},{'D4'},{'R3'},,,,,&,1.0,&
{'D2'},{'D1'},{'D6'},{'D5'},,,,,,,&,3.0,&
{'D2'},{'D1'},{'D6'},{'D5'},{'D3'},,,,,,&,1.0,&
{'D2'},{'D1'},{'D6'},{'D5'},{'D3'},{'R2'},{'R3'},{'R1'},{'D7'},{'D4'},&,1.0,&
{'D2'},{'D1'},{'D6'},{'D5'},{'R3'},,,,,,&,1.0,&
{'D2'},{'D1'},{'D6'},{'D5'},{'R3'},{'R2'},{'R1'},,,,&,1.0,&
{'D2'},{'D1'},{'D6'},{'D5'},{'R3'},{'D3'},,,,,&,1.0,&
{'D2'},{'D1'},{'D6'},{'D5'},{'R3'},{'D3'},{'R2'},{'D4'},{'D7'},,&,1.0,&
{'D2'},{'D1'},{'D6'},{'D5'},{'R2'},,,,,,&,1.0,&
{'D2'},{'D1'},{'D6'},{'D5'},{'R2'},{'D3'},{'D7'},{'D4'},{'R3'},{'R1'},&,1.0,&
{'D2'},{'D1'},{'D6'},{'D5'},{'R2'},{'R1'},{'D7'},{'D3'},{'D4'},{'R3'},&,1.0,&
{'D2'},{'D1'},{'D6'},{'D3'},,,,,,,&,16.0,&
{'D2'},{'D1'},{'D6'},{'D3'},{'D7'},,,,,,&,6.0,&
{'D2'},{'D1'},{'D6'},{'D3'},{'D7'},{'D5'},,,,,&,1.0,&
{'D2'},{'D1'},{'D6'},{'D3'},{'D7'},{'D5'},{'D4'},{'R3'},{'R2'},{'R1'},&,1.0,&
{'D2'},{'D1'},{'D6'},{'D3'},{'D7'},{'R2'},{'R3'},{'R1'},,,&,1.0,&
{'D2'},{'D1'},{'D6'},{'D3'},{'D7'},{'R3'},,,,,&,1.0,&
{'D2'},{'D1'},{'D6'},{'D3'},{'R1'},,,,,,&,2.0,&
{'D2'},{'D1'},{'D6'},{'D3'},{'R1'},{'D5'},,,,,&,1.0,&
{'D2'},{'D1'},{'D6'},{'D3'},{'R1'},{'D5'},{'R2'},{'R3'},,,&,1.0,&
{'D2'},{'D1'},{'D6'},{'D3'},{'R1'},{'R3'},{'D4'},{'R2'},{'D5'},,&,1.0,&
{'D2'},{'D1'},{'D6'},{'D3'},{'R1'},{'D4'},,,,,&,1.0,&
{'D2'},{'D1'},{'D6'},{'D3'},{'D5'},,,,,,&,3.0,&
{'D2'},{'D1'},{'D6'},{'D3'},{'D5'},{'D7'},,,,,&,1.0,&
{'D2'},{'D1'},{'D6'},{'D3'},{'D5'},{'D7'},{'R1'},{'R3'},{'R2'},,&,1.0,&
{'D2'},{'D1'},{'D6'},{'D3'},{'D5'},{'R2'},,,,,&,2.0,&
{'D2'},{'D1'},{'D6'},{'D3'},{'D5'},{'R2'},{'D7'},{'D4'},{'R3'},{'R1'},&,1.0,&
{'D2'},{'D1'},{'D6'},{'D3'},{'D5'},{'R2'},{'D7'},{'R1'},{'D4'},,&,1.0,&
{'D2'},{'D1'},{'D6'},{'D3'},{'D5'},{'R3'},,,,,&,1.0,&
{'D2'},{'D1'},{'D6'},{'D3'},{'R3'},{'D7'},{'R2'},{'D5'},{'R1'},{'D4'},&,1.0,&
{'D2'},{'D1'},{'D6'},{'D3'},{'R3'},{'D5'},,,,,&,1.0,&
{'D2'},{'D1'},{'D6'},{'D3'},{'R3'},{'D5'},{'D7'},{'D4'},,,&,1.0,&
{'D2'},{'D1'},{'D6'},{'D3'},{'R3'},{'R2'},{'D5'},,,,&,1.0,&
{'D2'},{'D1'},{'D6'},{'D3'},{'R3'},{'R2'},{'R1'},,,,&,2.0,&
{'D2'},{'D1'},{'D6'},{'D3'},{'R3'},{'R2'},{'R1'},{'D5'},{'D7'},{'D4'},&,1.0,&
{'D2'},{'D1'},{'D6'},{'D3'},{'R3'},{'R2'},{'D4'},,,,&,1.0,&
{'D2'},{'D1'},{'D6'},{'D3'},{'R3'},{'D4'},{'R2'},,,,&,1.0,&
{'D2'},{'D1'},{'D6'},{'D3'},{'R2'},{'D5'},{'D7'},,,,&,1.0,&
{'D2'},{'D1'},{'D6'},{'D3'},{'R2'},{'D5'},{'D7'},{'D4'},{'R1'},{'R3'},&,1.0,&
{'D2'},{'D1'},{'D6'},{'D3'},{'R2'},{'R3'},,,,,&,1.0,&
{'D2'},{'D1'},{'D6'},{'D3'},{'R2'},{'R3'},{'D5'},{'D7'},{'R1'},,&,1.0,&
{'D2'},{'D1'},{'D6'},{'D3'},{'R2'},{'R3'},{'R1'},{'D5'},{'D7'},{'D4'},&,1.0,&
{'D2'},{'D1'},{'D6'},{'D3'},{'R2'},{'D4'},,,,,&,1.0,&
{'D2'},{'D1'},{'D6'},{'D3'},{'R2'},{'D4'},{'D5'},{'R3'},{'D7'},{'R1'},&,1.0,&
{'D2'},{'D1'},{'D6'},{'D3'},{'D4'},{'D5'},{'R3'},{'D7'},,,&,1.0,&
{'D2'},{'D1'},{'D6'},{'D4'},{'D3'},{'D7'},{'R1'},,,,&,1.0,&
{'D2'},{'D1'},{'D6'},{'D4'},{'D3'},{'R2'},{'D5'},,,,&,1.0,&
{'D2'},{'D1'},{'D6'},{'D4'},{'R2'},,,,,,&,1.0,&
{'D2'},{'D1'},{'D6'},{'D7'},,,,,,,&,3.0,&
{'D2'},{'D1'},{'D6'},{'D7'},{'D3'},{'D5'},{'R2'},,,,&,1.0,&
{'D2'},{'D1'},{'D6'},{'D7'},{'D3'},{'D5'},{'R2'},{'R3'},{'D4'},,&,1.0,&
{'D2'},{'D1'},{'D6'},{'D7'},{'D3'},{'R2'},,,,,&,1.0,&
{'D2'},{'D1'},{'D6'},{'D7'},{'R2'},,,,,,&,1.0,&
{'D2'},{'D1'},{'D6'},{'D7'},{'R2'},{'D3'},{'D5'},{'R3'},,,&,1.0,&
{'D2'},{'D1'},{'D6'},{'R1'},,,,,,,&,3.0,&
{'D2'},{'D1'},{'D6'},{'R1'},{'D3'},,,,,,&,1.0,&
{'D2'},{'D1'},{'D6'},{'R1'},{'D3'},{'D5'},,,,,&,1.0,&
{'D2'},{'D1'},{'D6'},{'R1'},{'D3'},{'R2'},,,,,&,1.0,&
{'D2'},{'D1'},{'D6'},{'R1'},{'D3'},{'R3'},{'D7'},{'D4'},{'R2'},,&,1.0,&
{'D2'},{'D1'},{'D6'},{'R1'},{'R2'},{'D3'},{'D5'},,,,&,1.0,&
{'D2'},{'D1'},{'D6'},{'R3'},,,,,,,&,6.0,&
{'D2'},{'D1'},{'D6'},{'R3'},{'D3'},,,,,,&,3.0,&
{'D2'},{'D1'},{'D6'},{'R3'},{'D3'},{'D7'},,,,,&,1.0,&
{'D2'},{'D1'},{'D6'},{'R3'},{'D3'},{'D7'},{'D5'},{'D4'},,,&,1.0,&
{'D2'},{'D1'},{'D6'},{'R3'},{'D3'},{'D7'},{'D4'},{'D5'},{'R1'},{'R2'},&,1.0,&
{'D2'},{'D1'},{'D6'},{'R3'},{'D3'},{'D5'},,,,,&,1.0,&
{'D2'},{'D1'},{'D6'},{'R3'},{'D3'},{'D5'},{'R2'},{'D7'},,,&,1.0,&
{'D2'},{'D1'},{'D6'},{'R3'},{'D3'},{'D5'},{'D4'},{'R2'},,,&,1.0,&
{'D2'},{'D1'},{'D6'},{'R3'},{'D3'},{'R2'},,,,,&,1.0,&
{'D2'},{'D1'},{'D6'},{'R3'},{'D3'},{'R1'},,,,,&,1.0,&
{'D2'},{'D1'},{'D6'},{'R3'},{'D3'},{'D4'},,,,,&,1.0,&
{'D2'},{'D1'},{'D6'},{'R3'},{'R1'},{'D7'},{'R2'},{'D3'},,,&,1.0,&
{'D2'},{'D1'},{'D6'},{'R3'},{'R1'},{'R2'},{'D5'},,,,&,1.0,&
{'D2'},{'D1'},{'D6'},{'R3'},{'D5'},{'D3'},,,,,&,1.0,&
{'D2'},{'D1'},{'D6'},{'R3'},{'D5'},{'R1'},,,,,&,1.0,&
{'D2'},{'D1'},{'D6'},{'R3'},{'R2'},{'D7'},{'D3'},,,,&,1.0,&
{'D2'},{'D1'},{'D6'},{'R3'},{'R2'},{'D5'},{'D3'},,,,&,1.0,&
{'D2'},{'D1'},{'D6'},{'R3'},{'R2'},{'D3'},{'R1'},,,,&,1.0,&
{'D2'},{'D1'},{'D6'},{'R3'},{'R2'},{'D3'},{'R1'},{'D7'},{'D5'},{'D4'},&,1.0,&
{'D2'},{'D1'},{'D6'},{'R3'},{'R2'},{'R1'},{'D7'},,,,&,1.0,&
{'D2'},{'D1'},{'D6'},{'R3'},{'R2'},{'R1'},{'D3'},{'D7'},{'D5'},{'D4'},&,1.0,&
{'D2'},{'D1'},{'D6'},{'R3'},{'D4'},{'R2'},{'R1'},,,,&,1.0,&
{'D2'},{'D1'},{'D3'},,,,,,,,&,211.0,&
{'D2'},{'D1'},{'D3'},{'R2'},,,,,,,&,29.0,&
{'D2'},{'D1'},{'D3'},{'R2'},{'D6'},,,,,,&,9.0,&
{'D2'},{'D1'},{'D3'},{'R2'},{'D6'},{'D7'},,,,,&,2.0,&
{'D2'},{'D1'},{'D3'},{'R2'},{'D6'},{'D7'},{'R3'},,,,&,1.0,&
{'D2'},{'D1'},{'D3'},{'R2'},{'D6'},{'D7'},{'R3'},{'D4'},{'D5'},,&,1.0,&
{'D2'},{'D1'},{'D3'},{'R2'},{'D6'},{'D7'},{'R3'},{'D5'},{'D4'},{'R1'},&,1.0,&
{'D2'},{'D1'},{'D3'},{'R2'},{'D6'},{'D7'},{'R3'},{'R1'},{'D4'},,&,1.0,&
{'D2'},{'D1'},{'D3'},{'R2'},{'D6'},{'D7'},{'D5'},{'D4'},{'R1'},,&,1.0,&
{'D2'},{'D1'},{'D3'},{'R2'},{'D6'},{'D7'},{'D4'},{'D5'},{'R3'},,&,1.0,&
{'D2'},{'D1'},{'D3'},{'R2'},{'D6'},{'D5'},,,,,&,2.0,&
{'D2'},{'D1'},{'D3'},{'R2'},{'D6'},{'D5'},{'D7'},{'D4'},{'R1'},,&,1.0,&
{'D2'},{'D1'},{'D3'},{'R2'},{'D6'},{'D5'},{'D7'},{'R1'},{'R3'},{'D4'},&,1.0,&
{'D2'},{'D1'},{'D3'},{'R2'},{'D6'},{'D5'},{'R3'},{'D4'},{'D7'},{'R1'},&,1.0,&
{'D2'},{'D1'},{'D3'},{'R2'},{'D6'},{'D5'},{'R1'},{'R3'},{'D7'},{'D4'},&,1.0,&
{'D2'},{'D1'},{'D3'},{'R2'},{'D6'},{'R3'},,,,,&,1.0,&
{'D2'},{'D1'},{'D3'},{'R2'},{'D6'},{'R3'},{'D7'},{'D5'},{'D4'},,&,1.0,&
{'D2'},{'D1'},{'D3'},{'R2'},{'D6'},{'R3'},{'D7'},{'D5'},{'D4'},{'R1'},&,1.0,&
{'D2'},{'D1'},{'D3'},{'R2'},{'D6'},{'R3'},{'D5'},{'D4'},{'R1'},,&,1.0,&
{'D2'},{'D1'},{'D3'},{'R2'},{'D6'},{'R3'},{'D5'},{'D7'},{'R1'},,&,1.0,&
{'D2'},{'D1'},{'D3'},{'R2'},{'D6'},{'R3'},{'D5'},{'D7'},{'D4'},,&,1.0,&
{'D2'},{'D1'},{'D3'},{'R2'},{'D6'},{'R3'},{'R1'},,,,&,3.0,&
{'D2'},{'D1'},{'D3'},{'R2'},{'D6'},{'R3'},{'R1'},{'D5'},{'D7'},,&,1.0,&
{'D2'},{'D1'},{'D3'},{'R2'},{'D6'},{'R3'},{'D4'},{'D5'},{'R1'},,&,1.0,&
{'D2'},{'D1'},{'D3'},{'R2'},{'D6'},{'R1'},,,,,&,1.0,&
{'D2'},{'D1'},{'D3'},{'R2'},{'D6'},{'R1'},{'R3'},{'D7'},{'D5'},{'D4'},&,1.0,&
{'D2'},{'D1'},{'D3'},{'R2'},{'D6'},{'R1'},{'D5'},,,,&,1.0,&
{'D2'},{'D1'},{'D3'},{'R2'},{'D7'},,,,,,&,2.0,&
{'D2'},{'D1'},{'D3'},{'R2'},{'D7'},{'D5'},{'R3'},{'D6'},{'R1'},,&,1.0,&
{'D2'},{'D1'},{'D3'},{'R2'},{'D7'},{'D5'},{'D6'},{'R3'},,,&,1.0,&
{'D2'},{'D1'},{'D3'},{'R2'},{'D7'},{'D5'},{'D6'},{'R1'},{'D4'},,&,1.0,&
{'D2'},{'D1'},{'D3'},{'R2'},{'D7'},{'D6'},,,,,&,2.0,&
{'D2'},{'D1'},{'D3'},{'R2'},{'D7'},{'D6'},{'R3'},,,,&,1.0,&
{'D2'},{'D1'},{'D3'},{'R2'},{'D7'},{'D6'},{'R3'},{'D4'},,,&,1.0,&
{'D2'},{'D1'},{'D3'},{'R2'},{'D7'},{'D6'},{'D5'},{'D4'},{'R3'},,&,1.0,&
{'D2'},{'D1'},{'D3'},{'R2'},{'D7'},{'D6'},{'D5'},{'R3'},,,&,1.0,&
{'D2'},{'D1'},{'D3'},{'R2'},{'D7'},{'D6'},{'D5'},{'R3'},{'R1'},,&,1.0,&
{'D2'},{'D1'},{'D3'},{'R2'},{'D7'},{'D6'},{'R1'},{'D5'},{'R3'},,&,1.0,&
{'D2'},{'D1'},{'D3'},{'R2'},{'D7'},{'D6'},{'R1'},{'D5'},{'R3'},{'D4'},&,1.0,&
{'D2'},{'D1'},{'D3'},{'R2'},{'D7'},{'R3'},,,,,&,2.0,&
{'D2'},{'D1'},{'D3'},{'R2'},{'D7'},{'R3'},{'D5'},{'R1'},{'D6'},{'D4'},&,1.0,&
{'D2'},{'D1'},{'D3'},{'R2'},{'D7'},{'R3'},{'R1'},,,,&,1.0,&
{'D2'},{'D1'},{'D3'},{'R2'},{'D7'},{'R3'},{'R1'},{'D5'},{'D6'},{'D4'},&,1.0,&
{'D2'},{'D1'},{'D3'},{'R2'},{'D7'},{'R3'},{'D6'},{'D5'},{'D4'},{'R1'},&,1.0,&
{'D2'},{'D1'},{'D3'},{'R2'},{'D7'},{'R1'},{'D5'},{'D6'},,,&,2.0,&
{'D2'},{'D1'},{'D3'},{'R2'},{'D7'},{'D4'},{'D6'},,,,&,1.0,&
{'D2'},{'D1'},{'D3'},{'R2'},{'R1'},{'D7'},,,,,&,1.0,&
{'D2'},{'D1'},{'D3'},{'R2'},{'R1'},{'D7'},{'D4'},{'D6'},{'D5'},{'R3'},&,1.0,&
{'D2'},{'D1'},{'D3'},{'R2'},{'R1'},{'D5'},,,,,&,1.0,&
{'D2'},{'D1'},{'D3'},{'R2'},{'R1'},{'D5'},{'R3'},{'D7'},,,&,1.0,&
{'D2'},{'D1'},{'D3'},{'R2'},{'R1'},{'D5'},{'D6'},,,,&,1.0,&
{'D2'},{'D1'},{'D3'},{'R2'},{'R1'},{'D6'},{'D7'},{'D4'},{'D5'},{'R3'},&,1.0,&
{'D2'},{'D1'},{'D3'},{'R2'},{'R1'},{'D6'},{'D7'},{'D5'},{'D4'},,&,1.0,&
{'D2'},{'D1'},{'D3'},{'R2'},{'R1'},{'R3'},,,,,&,1.0,&
{'D2'},{'D1'},{'D3'},{'R2'},{'R1'},{'R3'},{'D7'},{'D6'},{'D5'},,&,1.0,&
{'D2'},{'D1'},{'D3'},{'R2'},{'R1'},{'R3'},{'D7'},{'D4'},,,&,1.0,&
{'D2'},{'D1'},{'D3'},{'R2'},{'R1'},{'R3'},{'D6'},{'D7'},{'D4'},{'D5'},&,1.0,&
{'D2'},{'D1'},{'D3'},{'R2'},{'D5'},,,,,,&,5.0,&
{'D2'},{'D1'},{'D3'},{'R2'},{'D5'},{'D7'},{'D6'},{'R3'},{'D4'},{'R1'},&,1.0,&
{'D2'},{'D1'},{'D3'},{'R2'},{'D5'},{'D6'},{'R3'},,,,&,1.0,&
{'D2'},{'D1'},{'D3'},{'R2'},{'D5'},{'D6'},{'R3'},{'D7'},,,&,1.0,&
{'D2'},{'D1'},{'D3'},{'R2'},{'D5'},{'R3'},{'R1'},,,,&,1.0,&
{'D2'},{'D1'},{'D3'},{'R2'},{'D5'},{'R3'},{'D6'},{'D7'},,,&,1.0,&
{'D2'},{'D1'},{'D3'},{'R2'},{'D5'},{'R3'},{'D6'},{'R1'},,,&,1.0,&
{'D2'},{'D1'},{'D3'},{'R2'},{'D5'},{'R3'},{'D4'},{'D6'},{'R1'},{'D7'},&,1.0,&
{'D2'},{'D1'},{'D3'},{'R2'},{'D5'},{'R3'},{'D4'},{'R1'},{'D7'},,&,1.0,&
{'D2'},{'D1'},{'D3'},{'R2'},{'D5'},{'R1'},{'D7'},,,,&,1.0,&
{'D2'},{'D1'},{'D3'},{'R2'},{'D5'},{'R1'},{'R3'},{'D7'},,,&,1.0,&
{'D2'},{'D1'},{'D3'},{'R2'},{'D5'},{'D4'},,,,,&,1.0,&
{'D2'},{'D1'},{'D3'},{'R2'},{'D5'},{'D4'},{'R3'},,,,&,1.0,&
{'D2'},{'D1'},{'D3'},{'R2'},{'R3'},,,,,,&,9.0,&
{'D2'},{'D1'},{'D3'},{'R2'},{'R3'},{'D7'},,,,,&,2.0,&
{'D2'},{'D1'},{'D3'},{'R2'},{'R3'},{'D7'},{'D5'},{'D6'},{'D4'},,&,1.0,&
{'D2'},{'D1'},{'D3'},{'R2'},{'R3'},{'D7'},{'R1'},{'D6'},{'D5'},,&,1.0,&
{'D2'},{'D1'},{'D3'},{'R2'},{'R3'},{'D7'},{'R1'},{'D6'},{'D4'},,&,1.0,&
{'D2'},{'D1'},{'D3'},{'R2'},{'R3'},{'D7'},{'R1'},{'D5'},,,&,1.0,&
{'D2'},{'D1'},{'D3'},{'R2'},{'R3'},{'D7'},{'D6'},,,,&,1.0,&
{'D2'},{'D1'},{'D3'},{'R2'},{'R3'},{'D7'},{'D4'},{'D6'},{'R1'},{'D5'},&,1.0,&
{'D2'},{'D1'},{'D3'},{'R2'},{'R3'},{'D5'},,,,,&,3.0,&
{'D2'},{'D1'},{'D3'},{'R2'},{'R3'},{'D5'},{'D7'},{'R1'},{'D6'},{'D4'},&,1.0,&
{'D2'},{'D1'},{'D3'},{'R2'},{'R3'},{'D6'},,,,,&,3.0,&
{'D2'},{'D1'},{'D3'},{'R2'},{'R3'},{'D6'},{'D7'},{'D5'},{'D4'},,&,1.0,&
{'D2'},{'D1'},{'D3'},{'R2'},{'R3'},{'D6'},{'D7'},{'R1'},{'D5'},{'D4'},&,2.0,&
{'D2'},{'D1'},{'D3'},{'R2'},{'R3'},{'D6'},{'R1'},,,,&,1.0,&
{'D2'},{'D1'},{'D3'},{'R2'},{'R3'},{'D6'},{'R1'},{'D7'},,,&,1.0,&
{'D2'},{'D1'},{'D3'},{'R2'},{'R3'},{'D6'},{'R1'},{'D7'},{'D4'},{'D5'},&,1.0,&
{'D2'},{'D1'},{'D3'},{'R2'},{'R3'},{'D6'},{'R1'},{'D5'},,,&,1.0,&
{'D2'},{'D1'},{'D3'},{'R2'},{'R3'},{'D6'},{'R1'},{'D5'},{'D7'},{'D4'},&,1.0,&
{'D2'},{'D1'},{'D3'},{'R2'},{'R3'},{'R1'},,,,,&,5.0,&
{'D2'},{'D1'},{'D3'},{'R2'},{'R3'},{'R1'},{'D7'},,,,&,1.0,&
{'D2'},{'D1'},{'D3'},{'R2'},{'R3'},{'R1'},{'D7'},{'D6'},,,&,2.0,&
{'D2'},{'D1'},{'D3'},{'R2'},{'R3'},{'R1'},{'D7'},{'D6'},{'D5'},{'D4'},&,1.0,&
{'D2'},{'D1'},{'D3'},{'R2'},{'R3'},{'R1'},{'D7'},{'D5'},,,&,1.0,&
{'D2'},{'D1'},{'D3'},{'R2'},{'R3'},{'R1'},{'D5'},,,,&,2.0,&
{'D2'},{'D1'},{'D3'},{'R2'},{'R3'},{'R1'},{'D5'},{'D6'},,,&,1.0,&
{'D2'},{'D1'},{'D3'},{'R2'},{'R3'},{'R1'},{'D5'},{'D6'},{'D4'},,&,1.0,&
{'D2'},{'D1'},{'D3'},{'R2'},{'R3'},{'R1'},{'D6'},,,,&,3.0,&
{'D2'},{'D1'},{'D3'},{'R2'},{'R3'},{'D4'},{'R1'},,,,&,1.0,&
{'D2'},{'D1'},{'D3'},{'R2'},{'R3'},{'D4'},{'R1'},{'D5'},{'D6'},{'D7'},&,1.0,&
{'D2'},{'D1'},{'D3'},{'R2'},{'D4'},,,,,,&,2.0,&
{'D2'},{'D1'},{'D3'},{'R2'},{'D4'},{'D7'},{'D5'},{'D6'},,,&,1.0,&
{'D2'},{'D1'},{'D3'},{'R2'},{'D4'},{'D5'},{'D7'},{'R3'},{'D6'},,&,1.0,&
{'D2'},{'D1'},{'D3'},{'R2'},{'D4'},{'R3'},{'D7'},{'D5'},{'D6'},,&,1.0,&
{'D2'},{'D1'},{'D3'},{'R2'},{'D4'},{'R3'},{'D5'},{'D6'},{'R1'},{'D7'},&,1.0,&
{'D2'},{'D1'},{'D3'},{'R2'},{'D4'},{'R3'},{'D5'},{'D7'},{'R1'},,&,1.0,&
{'D2'},{'D1'},{'D3'},{'D5'},,,,,,,&,33.0,&
{'D2'},{'D1'},{'D3'},{'D5'},{'D6'},,,,,,&,7.0,&
{'D2'},{'D1'},{'D3'},{'D5'},{'D6'},{'D7'},{'R2'},{'D4'},{'R3'},{'R1'},&,1.0,&
{'D2'},{'D1'},{'D3'},{'D5'},{'D6'},{'D7'},{'D4'},,,,&,1.0,&
{'D2'},{'D1'},{'D3'},{'D5'},{'D6'},{'D7'},{'D4'},{'R3'},,,&,1.0,&
{'D2'},{'D1'},{'D3'},{'D5'},{'D6'},{'R2'},,,,,&,1.0,&
{'D2'},{'D1'},{'D3'},{'D5'},{'D6'},{'R2'},{'D7'},{'D4'},,,&,1.0,&
{'D2'},{'D1'},{'D3'},{'D5'},{'D6'},{'R3'},{'D7'},{'D4'},,,&,1.0,&
{'D2'},{'D1'},{'D3'},{'D5'},{'D6'},{'R3'},{'D7'},{'D4'},{'R2'},{'R1'},&,1.0,&
{'D2'},{'D1'},{'D3'},{'D5'},{'D6'},{'R3'},{'D7'},{'R2'},{'R1'},{'D4'},&,1.0,&
{'D2'},{'D1'},{'D3'},{'D5'},{'D6'},{'R3'},{'R2'},{'R1'},{'D4'},,&,1.0,&
{'D2'},{'D1'},{'D3'},{'D5'},{'D6'},{'R1'},{'R3'},,,,&,1.0,&
{'D2'},{'D1'},{'D3'},{'D5'},{'D6'},{'D4'},,,,,&,2.0,&
{'D2'},{'D1'},{'D3'},{'D5'},{'D6'},{'D4'},{'R3'},,,,&,1.0,&
{'D2'},{'D1'},{'D3'},{'D5'},{'D6'},{'D4'},{'R2'},,,,&,1.0,&
{'D2'},{'D1'},{'D3'},{'D5'},{'D7'},,,,,,&,4.0,&
{'D2'},{'D1'},{'D3'},{'D5'},{'D7'},{'R2'},,,,,&,1.0,&
{'D2'},{'D1'},{'D3'},{'D5'},{'D7'},{'R2'},{'R3'},,,,&,1.0,&
{'D2'},{'D1'},{'D3'},{'D5'},{'D7'},{'R2'},{'R3'},{'R1'},,,&,1.0,&
{'D2'},{'D1'},{'D3'},{'D5'},{'D7'},{'R2'},{'D6'},{'D4'},{'R3'},,&,1.0,&
{'D2'},{'D1'},{'D3'},{'D5'},{'D7'},{'R2'},{'D4'},{'R3'},{'R1'},{'D6'},&,1.0,&
{'D2'},{'D1'},{'D3'},{'D5'},{'D7'},{'D6'},,,,,&,3.0,&
{'D2'},{'D1'},{'D3'},{'D5'},{'D7'},{'D6'},{'R3'},{'R2'},{'D4'},,&,1.0,&
{'D2'},{'D1'},{'D3'},{'D5'},{'D7'},{'D6'},{'D4'},,,,&,1.0,&
{'D2'},{'D1'},{'D3'},{'D5'},{'D7'},{'D6'},{'D4'},{'R3'},,,&,1.0,&
{'D2'},{'D1'},{'D3'},{'D5'},{'D7'},{'D6'},{'D4'},{'R3'},{'R2'},,&,1.0,&
{'D2'},{'D1'},{'D3'},{'D5'},{'D7'},{'R3'},,,,,&,1.0,&
{'D2'},{'D1'},{'D3'},{'D5'},{'D7'},{'R3'},{'D6'},{'R2'},{'D4'},,&,1.0,&
{'D2'},{'D1'},{'D3'},{'D5'},{'D7'},{'R1'},,,,,&,1.0,&
{'D2'},{'D1'},{'D3'},{'D5'},{'D7'},{'R1'},{'R3'},{'D6'},{'R2'},,&,1.0,&
{'D2'},{'D1'},{'D3'},{'D5'},{'D7'},{'D4'},{'D6'},,,,&,1.0,&
{'D2'},{'D1'},{'D3'},{'D5'},{'R1'},,,,,,&,1.0,&
{'D2'},{'D1'},{'D3'},{'D5'},{'R1'},{'D7'},{'D6'},{'R3'},,,&,1.0,&
{'D2'},{'D1'},{'D3'},{'D5'},{'R1'},{'R2'},,,,,&,1.0,&
{'D2'},{'D1'},{'D3'},{'D5'},{'R3'},,,,,,&,5.0,&
{'D2'},{'D1'},{'D3'},{'D5'},{'R3'},{'D7'},{'R2'},{'D6'},,,&,1.0,&
{'D2'},{'D1'},{'D3'},{'D5'},{'R3'},{'D7'},{'R2'},{'R1'},,,&,1.0,&
{'D2'},{'D1'},{'D3'},{'D5'},{'R3'},{'D7'},{'D6'},{'D4'},,,&,1.0,&
{'D2'},{'D1'},{'D3'},{'D5'},{'R3'},{'D7'},{'D4'},{'R2'},,,&,1.0,&
{'D2'},{'D1'},{'D3'},{'D5'},{'R3'},{'D7'},{'D4'},{'R2'},{'D6'},{'R1'},&,1.0,&
{'D2'},{'D1'},{'D3'},{'D5'},{'R3'},{'R2'},,,,,&,1.0,&
{'D2'},{'D1'},{'D3'},{'D5'},{'R3'},{'R2'},{'D7'},{'D6'},,,&,1.0,&
{'D2'},{'D1'},{'D3'},{'D5'},{'R3'},{'R2'},{'R1'},,,,&,1.0,&
{'D2'},{'D1'},{'D3'},{'D5'},{'R3'},{'R2'},{'R1'},{'D6'},,,&,2.0,&
{'D2'},{'D1'},{'D3'},{'D5'},{'R3'},{'R2'},{'D6'},{'D7'},{'R1'},,&,1.0,&
{'D2'},{'D1'},{'D3'},{'D5'},{'R3'},{'R2'},{'D6'},{'R1'},{'D7'},{'D4'},&,1.0,&
{'D2'},{'D1'},{'D3'},{'D5'},{'R3'},{'D6'},,,,,&,1.0,&
{'D2'},{'D1'},{'D3'},{'D5'},{'R3'},{'D6'},{'R2'},{'D7'},,,&,1.0,&
{'D2'},{'D1'},{'D3'},{'D5'},{'R3'},{'D6'},{'D4'},{'D7'},{'R2'},{'R1'},&,1.0,&
{'D2'},{'D1'},{'D3'},{'D5'},{'R3'},{'R1'},{'D7'},{'R2'},{'D6'},,&,1.0,&
{'D2'},{'D1'},{'D3'},{'D5'},{'R2'},,,,,,&,3.0,&
{'D2'},{'D1'},{'D3'},{'D5'},{'R2'},{'D7'},,,,,&,2.0,&
{'D2'},{'D1'},{'D3'},{'D5'},{'R2'},{'D7'},{'R1'},{'D6'},{'D4'},,&,1.0,&
{'D2'},{'D1'},{'D3'},{'D5'},{'R2'},{'D7'},{'D6'},{'D4'},{'R3'},,&,1.0,&
{'D2'},{'D1'},{'D3'},{'D5'},{'R2'},{'D7'},{'D6'},{'D4'},{'R3'},{'R1'},&,1.0,&
{'D2'},{'D1'},{'D3'},{'D5'},{'R2'},{'D7'},{'D6'},{'R3'},,,&,1.0,&
{'D2'},{'D1'},{'D3'},{'D5'},{'R2'},{'D7'},{'D6'},{'R3'},{'R1'},,&,1.0,&
{'D2'},{'D1'},{'D3'},{'D5'},{'R2'},{'D6'},,,,,&,1.0,&
{'D2'},{'D1'},{'D3'},{'D5'},{'R2'},{'D6'},{'D7'},,,,&,1.0,&
{'D2'},{'D1'},{'D3'},{'D5'},{'R2'},{'D6'},{'D7'},{'D4'},,,&,2.0,&
{'D2'},{'D1'},{'D3'},{'D5'},{'R2'},{'D6'},{'R3'},{'D7'},{'D4'},,&,1.0,&
{'D2'},{'D1'},{'D3'},{'D5'},{'R2'},{'D6'},{'R3'},{'D7'},{'D4'},{'R1'},&,1.0,&
{'D2'},{'D1'},{'D3'},{'D5'},{'R2'},{'D6'},{'R3'},{'R1'},{'D7'},,&,2.0,&
{'D2'},{'D1'},{'D3'},{'D5'},{'R2'},{'R3'},{'D7'},{'D6'},{'D4'},,&,1.0,&
{'D2'},{'D1'},{'D3'},{'D5'},{'R2'},{'R3'},{'R1'},,,,&,1.0,&
{'D2'},{'D1'},{'D3'},{'D5'},{'R2'},{'R3'},{'R1'},{'D6'},{'D7'},{'D4'},&,1.0,&
{'D2'},{'D1'},{'D3'},{'D5'},{'R2'},{'R3'},{'R1'},{'D7'},{'D6'},{'D4'},&,1.0,&
{'D2'},{'D1'},{'D3'},{'D5'},{'R2'},{'R3'},{'D6'},,,,&,1.0,&
{'D2'},{'D1'},{'D3'},{'D5'},{'D4'},{'D7'},{'R2'},{'D6'},{'R3'},{'R1'},&,1.0,&
{'D2'},{'D1'},{'D3'},{'D5'},{'D4'},{'D7'},{'D6'},{'R3'},{'R1'},,&,1.0,&
{'D2'},{'D1'},{'D3'},{'D5'},{'D4'},{'R2'},{'R3'},{'D6'},{'R1'},,&,1.0,&
{'D2'},{'D1'},{'D3'},{'D5'},{'D4'},{'R2'},{'R3'},{'D6'},{'D7'},{'R1'},&,1.0,&
{'D2'},{'D1'},{'D3'},{'D5'},{'D4'},{'D6'},{'D7'},,,,&,1.0,&
{'D2'},{'D1'},{'D3'},{'D5'},{'D4'},{'D6'},{'D7'},{'R2'},,,&,1.0,&
{'D2'},{'D1'},{'D3'},{'D5'},{'D4'},{'D6'},{'D7'},{'R2'},{'R3'},{'R1'},&,1.0,&
{'D2'},{'D1'},{'D3'},{'D5'},{'D4'},{'D6'},{'D7'},{'R3'},{'R1'},{'R2'},&,1.0,&
{'D2'},{'D1'},{'D3'},{'D5'},{'D4'},{'R3'},{'D7'},{'R2'},,,&,1.0,&
{'D2'},{'D1'},{'D3'},{'D4'},,,,,,,&,13.0,&
{'D2'},{'D1'},{'D3'},{'D4'},{'D6'},,,,,,&,5.0,&
{'D2'},{'D1'},{'D3'},{'D4'},{'D6'},{'R2'},,,,,&,1.0,&
{'D2'},{'D1'},{'D3'},{'D4'},{'D6'},{'R2'},{'D7'},,,,&,1.0,&
{'D2'},{'D1'},{'D3'},{'D4'},{'D6'},{'R1'},{'D5'},{'D7'},{'R2'},{'R3'},&,1.0,&
{'D2'},{'D1'},{'D3'},{'D4'},{'D7'},,,,,,&,2.0,&
{'D2'},{'D1'},{'D3'},{'D4'},{'D7'},{'D5'},{'D6'},,,,&,1.0,&
{'D2'},{'D1'},{'D3'},{'D4'},{'D7'},{'R2'},,,,,&,1.0,&
{'D2'},{'D1'},{'D3'},{'D4'},{'D7'},{'D6'},{'R3'},{'D5'},{'R2'},,&,1.0,&
{'D2'},{'D1'},{'D3'},{'D4'},{'D7'},{'D6'},{'D5'},{'R2'},{'R3'},{'R1'},&,1.0,&
{'D2'},{'D1'},{'D3'},{'D4'},{'D7'},{'R3'},{'D5'},{'R2'},{'R1'},,&,1.0,&
{'D2'},{'D1'},{'D3'},{'D4'},{'D7'},{'R1'},,,,,&,1.0,&
{'D2'},{'D1'},{'D3'},{'D4'},{'R1'},,,,,,&,1.0,&
{'D2'},{'D1'},{'D3'},{'D4'},{'R1'},{'D5'},{'R2'},{'D6'},,,&,1.0,&
{'D2'},{'D1'},{'D3'},{'D4'},{'R1'},{'R2'},{'D7'},{'R3'},,,&,1.0,&
{'D2'},{'D1'},{'D3'},{'D4'},{'D5'},,,,,,&,2.0,&
{'D2'},{'D1'},{'D3'},{'D4'},{'D5'},{'D7'},,,,,&,2.0,&
{'D2'},{'D1'},{'D3'},{'D4'},{'D5'},{'D7'},{'D6'},{'R2'},{'R3'},{'R1'},&,1.0,&
{'D2'},{'D1'},{'D3'},{'D4'},{'D5'},{'R2'},{'D6'},{'D7'},,,&,1.0,&
{'D2'},{'D1'},{'D3'},{'D4'},{'R3'},,,,,,&,1.0,&
{'D2'},{'D1'},{'D3'},{'D4'},{'R3'},{'D7'},{'D6'},{'R2'},{'D5'},{'R1'},&,1.0,&
{'D2'},{'D1'},{'D3'},{'D4'},{'R3'},{'R2'},{'D7'},{'D5'},{'R1'},{'D6'},&,1.0,&
{'D2'},{'D1'},{'D3'},{'D4'},{'R3'},{'R2'},{'R1'},{'D6'},{'D7'},{'D5'},&,1.0,&
{'D2'},{'D1'},{'D3'},{'D4'},{'R2'},,,,,,&,2.0,&
{'D2'},{'D1'},{'D3'},{'D4'},{'R2'},{'D7'},{'D5'},{'R3'},{'D6'},{'R1'},&,2.0,&
{'D2'},{'D1'},{'D3'},{'D4'},{'R2'},{'D5'},,,,,&,1.0,&
{'D2'},{'D1'},{'D3'},{'D4'},{'R2'},{'D5'},{'D7'},{'D6'},,,&,1.0,&
{'D2'},{'D1'},{'D3'},{'D4'},{'R2'},{'D6'},{'R3'},{'D5'},{'R1'},,&,1.0,&
{'D2'},{'D1'},{'D3'},{'D4'},{'R2'},{'D6'},{'D5'},,,,&,1.0,&
{'D2'},{'D1'},{'D3'},{'D4'},{'R2'},{'D6'},{'D5'},{'D7'},,,&,1.0,&
{'D2'},{'D1'},{'D3'},{'D4'},{'R2'},{'R3'},,,,,&,2.0,&
{'D2'},{'D1'},{'D3'},{'D4'},{'R2'},{'R3'},{'D7'},,,,&,1.0,&
{'D2'},{'D1'},{'D3'},{'D4'},{'R2'},{'R3'},{'D7'},{'R1'},{'D5'},,&,1.0,&
{'D2'},{'D1'},{'D3'},{'D4'},{'R2'},{'R3'},{'D5'},,,,&,1.0,&
{'D2'},{'D1'},{'D3'},{'D4'},{'R2'},{'R3'},{'D5'},{'D7'},{'D6'},,&,1.0,&
{'D2'},{'D1'},{'D3'},{'D4'},{'R2'},{'R3'},{'R1'},{'D5'},{'D6'},{'D7'},&,1.0,&
{'D2'},{'D1'},{'D3'},{'D4'},{'R2'},{'R1'},{'D5'},,,,&,1.0,&
{'D2'},{'D1'},{'D3'},{'D7'},,,,,,,&,24.0,&
{'D2'},{'D1'},{'D3'},{'D7'},{'D6'},,,,,,&,3.0,&
{'D2'},{'D1'},{'D3'},{'D7'},{'D6'},{'R2'},,,,,&,1.0,&
{'D2'},{'D1'},{'D3'},{'D7'},{'D6'},{'R2'},{'D5'},{'D4'},{'R3'},,&,1.0,&
{'D2'},{'D1'},{'D3'},{'D7'},{'D6'},{'R3'},,,,,&,1.0,&
{'D2'},{'D1'},{'D3'},{'D7'},{'D6'},{'R3'},{'D5'},{'D4'},{'R2'},{'R1'},&,1.0,&
{'D2'},{'D1'},{'D3'},{'D7'},{'D6'},{'R3'},{'R2'},,,,&,1.0,&
{'D2'},{'D1'},{'D3'},{'D7'},{'D6'},{'R3'},{'R1'},{'R2'},{'D4'},{'D5'},&,1.0,&
{'D2'},{'D1'},{'D3'},{'D7'},{'D6'},{'D4'},,,,,&,1.0,&
{'D2'},{'D1'},{'D3'},{'D7'},{'R1'},{'D5'},{'R3'},,,,&,1.0,&
{'D2'},{'D1'},{'D3'},{'D7'},{'D5'},,,,,,&,6.0,&
{'D2'},{'D1'},{'D3'},{'D7'},{'D5'},{'R2'},,,,,&,1.0,&
{'D2'},{'D1'},{'D3'},{'D7'},{'D5'},{'R2'},{'D4'},{'D6'},{'R3'},,&,1.0,&
{'D2'},{'D1'},{'D3'},{'D7'},{'D5'},{'D6'},,,,,&,1.0,&
{'D2'},{'D1'},{'D3'},{'D7'},{'D5'},{'D6'},{'R3'},,,,&,1.0,&
{'D2'},{'D1'},{'D3'},{'D7'},{'D5'},{'D6'},{'R2'},{'R3'},{'R1'},,&,1.0,&
{'D2'},{'D1'},{'D3'},{'D7'},{'D5'},{'D6'},{'D4'},,,,&,1.0,&
{'D2'},{'D1'},{'D3'},{'D7'},{'D5'},{'R3'},,,,,&,1.0,&
{'D2'},{'D1'},{'D3'},{'D7'},{'D5'},{'R3'},{'R2'},{'D6'},{'R1'},{'D4'},&,1.0,&
{'D2'},{'D1'},{'D3'},{'D7'},{'D5'},{'R3'},{'D6'},{'D4'},{'R2'},,&,1.0,&
{'D2'},{'D1'},{'D3'},{'D7'},{'R3'},,,,,,&,6.0,&
{'D2'},{'D1'},{'D3'},{'D7'},{'R3'},{'D5'},{'R2'},,,,&,1.0,&
{'D2'},{'D1'},{'D3'},{'D7'},{'R3'},{'D5'},{'R2'},{'D6'},{'D4'},,&,1.0,&
{'D2'},{'D1'},{'D3'},{'D7'},{'R3'},{'D5'},{'R2'},{'R1'},,,&,1.0,&
{'D2'},{'D1'},{'D3'},{'D7'},{'R3'},{'D5'},{'D6'},{'R2'},,,&,1.0,&
{'D2'},{'D1'},{'D3'},{'D7'},{'R3'},{'R2'},,,,,&,1.0,&
{'D2'},{'D1'},{'D3'},{'D7'},{'R3'},{'R2'},{'D5'},{'D6'},{'R1'},{'D4'},&,1.0,&
{'D2'},{'D1'},{'D3'},{'D7'},{'R3'},{'R2'},{'D5'},{'R1'},,,&,1.0,&
{'D2'},{'D1'},{'D3'},{'D7'},{'R3'},{'D6'},,,,,&,1.0,&
{'D2'},{'D1'},{'D3'},{'D7'},{'R3'},{'D6'},{'R2'},{'R1'},{'D4'},{'D5'},&,1.0,&
{'D2'},{'D1'},{'D3'},{'D7'},{'R3'},{'R1'},{'D4'},{'R2'},{'D5'},,&,1.0,&
{'D2'},{'D1'},{'D3'},{'D7'},{'R3'},{'D4'},{'R2'},{'D5'},{'D6'},,&,1.0,&
{'D2'},{'D1'},{'D3'},{'D7'},{'R3'},{'D4'},{'D6'},{'D5'},{'R2'},{'R1'},&,1.0,&
{'D2'},{'D1'},{'D3'},{'D7'},{'R2'},,,,,,&,3.0,&
{'D2'},{'D1'},{'D3'},{'D7'},{'R2'},{'D5'},,,,,&,1.0,&
{'D2'},{'D1'},{'D3'},{'D7'},{'R2'},{'D5'},{'D6'},,,,&,1.0,&
{'D2'},{'D1'},{'D3'},{'D7'},{'R2'},{'D6'},,,,,&,1.0,&
{'D2'},{'D1'},{'D3'},{'D7'},{'R2'},{'D6'},{'R3'},,,,&,2.0,&
{'D2'},{'D1'},{'D3'},{'D7'},{'R2'},{'D6'},{'R3'},{'D5'},{'R1'},,&,1.0,&
{'D2'},{'D1'},{'D3'},{'D7'},{'R2'},{'D6'},{'D5'},{'D4'},,,&,1.0,&
{'D2'},{'D1'},{'D3'},{'D7'},{'R2'},{'D6'},{'D5'},{'R3'},{'R1'},,&,1.0,&
{'D2'},{'D1'},{'D3'},{'D7'},{'R2'},{'R3'},{'D5'},{'D6'},{'R1'},,&,1.0,&
{'D2'},{'D1'},{'D3'},{'D7'},{'R2'},{'R3'},{'R1'},{'D6'},{'D5'},{'D4'},&,1.0,&
{'D2'},{'D1'},{'D3'},{'D7'},{'R2'},{'R3'},{'D6'},{'D5'},,,&,1.0,&
{'D2'},{'D1'},{'D3'},{'D7'},{'R2'},{'R3'},{'D6'},{'R1'},,,&,1.0,&
{'D2'},{'D1'},{'D3'},{'D7'},{'R2'},{'R3'},{'D4'},{'D5'},{'R1'},,&,1.0,&
{'D2'},{'D1'},{'D3'},{'D7'},{'R2'},{'R1'},{'R3'},{'D5'},{'D6'},{'D4'},&,1.0,&
{'D2'},{'D1'},{'D3'},{'D7'},{'D4'},,,,,,&,1.0,&
{'D2'},{'D1'},{'D3'},{'D7'},{'D4'},{'R2'},{'D5'},{'D6'},{'R1'},,&,1.0,&
{'D2'},{'D1'},{'D3'},{'D7'},{'D4'},{'R3'},{'D5'},{'R2'},{'D6'},{'R1'},&,1.0,&
{'D2'},{'D1'},{'D3'},{'D7'},{'D4'},{'R3'},{'R2'},,,,&,2.0,&
{'D2'},{'D1'},{'D3'},{'D7'},{'D4'},{'R3'},{'D6'},{'D5'},,,&,1.0,&
{'D2'},{'D1'},{'D3'},{'R1'},,,,,,,&,6.0,&
{'D2'},{'D1'},{'D3'},{'R1'},{'D6'},,,,,,&,4.0,&
{'D2'},{'D1'},{'D3'},{'R1'},{'D6'},{'D7'},,,,,&,1.0,&
{'D2'},{'D1'},{'D3'},{'R1'},{'D6'},{'D5'},{'R2'},{'D4'},{'D7'},{'R3'},&,1.0,&
{'D2'},{'D1'},{'D3'},{'R1'},{'D6'},{'D5'},{'D4'},{'R3'},{'R2'},{'D7'},&,1.0,&
{'D2'},{'D1'},{'D3'},{'R1'},{'D6'},{'R2'},{'D5'},,,,&,1.0,&
{'D2'},{'D1'},{'D3'},{'R1'},{'D6'},{'R3'},,,,,&,2.0,&
{'D2'},{'D1'},{'D3'},{'R1'},{'D7'},,,,,,&,2.0,&
{'D2'},{'D1'},{'D3'},{'R1'},{'D7'},{'R2'},{'D5'},{'D4'},{'R3'},{'D6'},&,1.0,&
{'D2'},{'D1'},{'D3'},{'R1'},{'D7'},{'R2'},{'D6'},{'D4'},,,&,1.0,&
{'D2'},{'D1'},{'D3'},{'R1'},{'D7'},{'D6'},{'D4'},{'D5'},{'R2'},{'R3'},&,1.0,&
{'D2'},{'D1'},{'D3'},{'R1'},{'D5'},,,,,,&,1.0,&
{'D2'},{'D1'},{'D3'},{'R1'},{'D5'},{'R2'},{'D6'},{'R3'},,,&,1.0,&
{'D2'},{'D1'},{'D3'},{'R1'},{'R3'},,,,,,&,1.0,&
{'D2'},{'D1'},{'D3'},{'R1'},{'R3'},{'D7'},{'R2'},,,,&,1.0,&
{'D2'},{'D1'},{'D3'},{'R1'},{'R3'},{'D5'},{'R2'},,,,&,1.0,&
{'D2'},{'D1'},{'D3'},{'R1'},{'R3'},{'D5'},{'D6'},{'D7'},{'D4'},,&,1.0,&
{'D2'},{'D1'},{'D3'},{'R1'},{'R3'},{'R2'},{'D6'},,,,&,1.0,&
{'D2'},{'D1'},{'D3'},{'R1'},{'R3'},{'R2'},{'D4'},,,,&,1.0,&
{'D2'},{'D1'},{'D3'},{'R1'},{'R2'},,,,,,&,5.0,&
{'D2'},{'D1'},{'D3'},{'R1'},{'R2'},{'D7'},{'R3'},{'D5'},{'D6'},,&,1.0,&
{'D2'},{'D1'},{'D3'},{'R1'},{'R2'},{'R3'},,,,,&,2.0,&
{'D2'},{'D1'},{'D3'},{'R1'},{'R2'},{'R3'},{'D5'},{'D6'},,,&,1.0,&
{'D2'},{'D1'},{'D3'},{'R1'},{'D4'},,,,,,&,1.0,&
{'D2'},{'D1'},{'D3'},{'R1'},{'D4'},{'D5'},,,,,&,1.0,&
{'D2'},{'D1'},{'D3'},{'R3'},,,,,,,&,30.0,&
{'D2'},{'D1'},{'D3'},{'R3'},{'D6'},,,,,,&,2.0,&
{'D2'},{'D1'},{'D3'},{'R3'},{'D6'},{'D7'},,,,,&,2.0,&
{'D2'},{'D1'},{'D3'},{'R3'},{'D6'},{'D7'},{'D5'},{'D4'},{'R2'},{'R1'},&,1.0,&
{'D2'},{'D1'},{'D3'},{'R3'},{'D6'},{'D7'},{'R2'},{'R1'},{'D5'},{'D4'},&,1.0,&
{'D2'},{'D1'},{'D3'},{'R3'},{'D6'},{'D5'},,,,,&,2.0,&
{'D2'},{'D1'},{'D3'},{'R3'},{'D6'},{'D5'},{'D7'},{'D4'},,,&,1.0,&
{'D2'},{'D1'},{'D3'},{'R3'},{'D6'},{'D5'},{'D7'},{'D4'},{'R2'},{'R1'},&,1.0,&
{'D2'},{'D1'},{'D3'},{'R3'},{'D6'},{'D5'},{'D7'},{'R2'},,,&,1.0,&
{'D2'},{'D1'},{'D3'},{'R3'},{'D6'},{'D5'},{'D7'},{'R2'},{'D4'},,&,1.0,&
{'D2'},{'D1'},{'D3'},{'R3'},{'D6'},{'D5'},{'R2'},{'D7'},{'R1'},{'D4'},&,1.0,&
{'D2'},{'D1'},{'D3'},{'R3'},{'D6'},{'D5'},{'R2'},{'R1'},{'D7'},{'D4'},&,1.0,&
{'D2'},{'D1'},{'D3'},{'R3'},{'D6'},{'D5'},{'R1'},,,,&,1.0,&
{'D2'},{'D1'},{'D3'},{'R3'},{'D6'},{'D5'},{'D4'},,,,&,3.0,&
{'D2'},{'D1'},{'D3'},{'R3'},{'D6'},{'R2'},,,,,&,7.0,&
{'D2'},{'D1'},{'D3'},{'R3'},{'D6'},{'R2'},{'D7'},{'D5'},,,&,1.0,&
{'D2'},{'D1'},{'D3'},{'R3'},{'D6'},{'R2'},{'R1'},,,,&,3.0,&
{'D2'},{'D1'},{'D3'},{'R3'},{'D6'},{'R2'},{'R1'},{'D4'},,,&,1.0,&
{'D2'},{'D1'},{'D3'},{'R3'},{'D6'},{'R2'},{'R1'},{'D5'},{'D7'},{'D4'},&,1.0,&
{'D2'},{'D1'},{'D3'},{'R3'},{'D7'},,,,,,&,5.0,&
{'D2'},{'D1'},{'D3'},{'R3'},{'D7'},{'D5'},,,,,&,1.0,&
{'D2'},{'D1'},{'D3'},{'R3'},{'D7'},{'D5'},{'R2'},,,,&,1.0,&
{'D2'},{'D1'},{'D3'},{'R3'},{'D7'},{'R2'},,,,,&,1.0,&
{'D2'},{'D1'},{'D3'},{'R3'},{'D7'},{'R2'},{'D5'},,,,&,1.0,&
{'D2'},{'D1'},{'D3'},{'R3'},{'D7'},{'R2'},{'D5'},{'D6'},{'R1'},,&,1.0,&
{'D2'},{'D1'},{'D3'},{'R3'},{'D7'},{'R2'},{'R1'},,,,&,1.0,&
{'D2'},{'D1'},{'D3'},{'R3'},{'D7'},{'R2'},{'R1'},{'D5'},{'D6'},,&,1.0,&
{'D2'},{'D1'},{'D3'},{'R3'},{'D7'},{'R2'},{'D6'},{'D5'},{'R1'},{'D4'},&,1.0,&
{'D2'},{'D1'},{'D3'},{'R3'},{'R1'},,,,,,&,2.0,&
{'D2'},{'D1'},{'D3'},{'R3'},{'R1'},{'D5'},{'D4'},{'D6'},{'R2'},{'D7'},&,1.0,&
{'D2'},{'D1'},{'D3'},{'R3'},{'R1'},{'R2'},{'D7'},{'D5'},{'D6'},{'D4'},&,1.0,&
{'D2'},{'D1'},{'D3'},{'R3'},{'R1'},{'R2'},{'D5'},,,,&,1.0,&
{'D2'},{'D1'},{'D3'},{'R3'},{'R1'},{'D6'},,,,,&,1.0,&
{'D2'},{'D1'},{'D3'},{'R3'},{'R1'},{'D6'},{'R2'},{'D5'},{'D7'},{'D4'},&,1.0,&
{'D2'},{'D1'},{'D3'},{'R3'},{'D5'},,,,,,&,4.0,&
{'D2'},{'D1'},{'D3'},{'R3'},{'D5'},{'D7'},,,,,&,2.0,&
{'D2'},{'D1'},{'D3'},{'R3'},{'D5'},{'D7'},{'R1'},{'R2'},{'D6'},{'D4'},&,1.0,&
{'D2'},{'D1'},{'D3'},{'R3'},{'D5'},{'R2'},,,,,&,1.0,&
{'D2'},{'D1'},{'D3'},{'R3'},{'D5'},{'R2'},{'D7'},,,,&,1.0,&
{'D2'},{'D1'},{'D3'},{'R3'},{'D5'},{'R2'},{'R1'},{'D6'},{'D7'},{'D4'},&,2.0,&
{'D2'},{'D1'},{'D3'},{'R3'},{'D5'},{'R2'},{'D6'},{'D7'},{'D4'},,&,1.0,&
{'D2'},{'D1'},{'D3'},{'R3'},{'D5'},{'R2'},{'D4'},{'D7'},,,&,1.0,&
{'D2'},{'D1'},{'D3'},{'R3'},{'D5'},{'D6'},{'D7'},{'D4'},,,&,1.0,&
{'D2'},{'D1'},{'D3'},{'R3'},{'D5'},{'D6'},{'D7'},{'R2'},{'D4'},,&,1.0,&
{'D2'},{'D1'},{'D3'},{'R3'},{'D5'},{'D6'},{'R2'},,,,&,2.0,&
{'D2'},{'D1'},{'D3'},{'R3'},{'D5'},{'D6'},{'R2'},{'D7'},{'D4'},,&,1.0,&
{'D2'},{'D1'},{'D3'},{'R3'},{'D5'},{'D6'},{'D4'},,,,&,1.0,&
{'D2'},{'D1'},{'D3'},{'R3'},{'D5'},{'D4'},,,,,&,1.0,&
{'D2'},{'D1'},{'D3'},{'R3'},{'D5'},{'D4'},{'D7'},,,,&,1.0,&
{'D2'},{'D1'},{'D3'},{'R3'},{'D5'},{'D4'},{'D7'},{'R2'},,,&,1.0,&
{'D2'},{'D1'},{'D3'},{'R3'},{'R2'},,,,,,&,11.0,&
{'D2'},{'D1'},{'D3'},{'R3'},{'R2'},{'D7'},,,,,&,1.0,&
{'D2'},{'D1'},{'D3'},{'R3'},{'R2'},{'D7'},{'D5'},{'D6'},{'R1'},{'D4'},&,1.0,&
{'D2'},{'D1'},{'D3'},{'R3'},{'R2'},{'D7'},{'D5'},{'R1'},{'D6'},{'D4'},&,1.0,&
{'D2'},{'D1'},{'D3'},{'R3'},{'R2'},{'D7'},{'R1'},{'D6'},,,&,1.0,&
{'D2'},{'D1'},{'D3'},{'R3'},{'R2'},{'D7'},{'D6'},,,,&,1.0,&
{'D2'},{'D1'},{'D3'},{'R3'},{'R2'},{'D7'},{'D6'},{'D5'},{'D4'},,&,1.0,&
{'D2'},{'D1'},{'D3'},{'R3'},{'R2'},{'D5'},,,,,&,2.0,&
{'D2'},{'D1'},{'D3'},{'R3'},{'R2'},{'D5'},{'D7'},,,,&,2.0,&
{'D2'},{'D1'},{'D3'},{'R3'},{'R2'},{'D5'},{'R1'},{'D6'},{'D7'},{'D4'},&,1.0,&
{'D2'},{'D1'},{'D3'},{'R3'},{'R2'},{'D5'},{'D6'},,,,&,1.0,&
{'D2'},{'D1'},{'D3'},{'R3'},{'R2'},{'D5'},{'D6'},{'D7'},{'D4'},,&,1.0,&
{'D2'},{'D1'},{'D3'},{'R3'},{'R2'},{'D5'},{'D4'},{'D7'},{'R1'},{'D6'},&,1.0,&
{'D2'},{'D1'},{'D3'},{'R3'},{'R2'},{'D6'},,,,,&,2.0,&
{'D2'},{'D1'},{'D3'},{'R3'},{'R2'},{'D6'},{'D7'},,,,&,2.0,&
{'D2'},{'D1'},{'D3'},{'R3'},{'R2'},{'D6'},{'D7'},{'D5'},{'D4'},,&,1.0,&
{'D2'},{'D1'},{'D3'},{'R3'},{'R2'},{'D6'},{'D7'},{'R1'},,,&,1.0,&
{'D2'},{'D1'},{'D3'},{'R3'},{'R2'},{'D6'},{'R1'},{'D7'},{'D5'},,&,1.0,&
{'D2'},{'D1'},{'D3'},{'R3'},{'R2'},{'D6'},{'R1'},{'D5'},,,&,1.0,&
{'D2'},{'D1'},{'D3'},{'R3'},{'R2'},{'D6'},{'R1'},{'D5'},{'D7'},,&,1.0,&
{'D2'},{'D1'},{'D3'},{'R3'},{'R2'},{'R1'},,,,,&,7.0,&
{'D2'},{'D1'},{'D3'},{'R3'},{'R2'},{'R1'},{'D7'},{'D6'},,,&,1.0,&
{'D2'},{'D1'},{'D3'},{'R3'},{'R2'},{'R1'},{'D5'},,,,&,2.0,&
{'D2'},{'D1'},{'D3'},{'R3'},{'R2'},{'R1'},{'D5'},{'D6'},{'D7'},{'D4'},&,1.0,&
{'D2'},{'D1'},{'D3'},{'R3'},{'R2'},{'R1'},{'D5'},{'D4'},{'D6'},,&,1.0,&
{'D2'},{'D1'},{'D3'},{'R3'},{'R2'},{'R1'},{'D6'},,,,&,3.0,&
{'D2'},{'D1'},{'D3'},{'R3'},{'R2'},{'R1'},{'D6'},{'D4'},{'D5'},{'D7'},&,1.0,&
{'D2'},{'D1'},{'D3'},{'R3'},{'R2'},{'R1'},{'D6'},{'D7'},,,&,1.0,&
{'D2'},{'D1'},{'D3'},{'R3'},{'R2'},{'R1'},{'D6'},{'D5'},{'D4'},,&,1.0,&
{'D2'},{'D1'},{'D3'},{'R3'},{'D4'},,,,,,&,1.0,&
{'D2'},{'D1'},{'D3'},{'R3'},{'D4'},{'R2'},{'D5'},{'R1'},{'D6'},{'D7'},&,1.0,&
{'D2'},{'D1'},{'D3'},{'D6'},,,,,,,&,31.0,&
{'D2'},{'D1'},{'D3'},{'D6'},{'D7'},,,,,,&,9.0,&
{'D2'},{'D1'},{'D3'},{'D6'},{'D7'},{'D5'},,,,,&,2.0,&
{'D2'},{'D1'},{'D3'},{'D6'},{'D7'},{'D5'},{'R3'},{'D4'},{'R2'},{'R1'},&,1.0,&
{'D2'},{'D1'},{'D3'},{'D6'},{'D7'},{'D5'},{'R3'},{'R2'},{'R1'},{'D4'},&,1.0,&
{'D2'},{'D1'},{'D3'},{'D6'},{'D7'},{'D5'},{'R2'},{'R3'},{'D4'},,&,1.0,&
{'D2'},{'D1'},{'D3'},{'D6'},{'D7'},{'D5'},{'R1'},{'D4'},{'R2'},,&,1.0,&
{'D2'},{'D1'},{'D3'},{'D6'},{'D7'},{'D5'},{'D4'},{'R2'},{'R3'},{'R1'},&,1.0,&
{'D2'},{'D1'},{'D3'},{'D6'},{'D7'},{'R2'},,,,,&,1.0,&
{'D2'},{'D1'},{'D3'},{'D6'},{'D7'},{'R2'},{'D5'},{'D4'},{'R3'},,&,1.0,&
{'D2'},{'D1'},{'D3'},{'D6'},{'D7'},{'R3'},{'D5'},{'D4'},{'R2'},{'R1'},&,1.0,&
{'D2'},{'D1'},{'D3'},{'D6'},{'D7'},{'R3'},{'R2'},{'D5'},{'D4'},,&,1.0,&
{'D2'},{'D1'},{'D3'},{'D6'},{'D7'},{'R3'},{'D4'},{'R2'},{'R1'},{'D5'},&,1.0,&
{'D2'},{'D1'},{'D3'},{'D6'},{'D7'},{'D4'},{'D5'},{'R2'},{'R1'},,&,1.0,&
{'D2'},{'D1'},{'D3'},{'D6'},{'R1'},,,,,,&,3.0,&
{'D2'},{'D1'},{'D3'},{'D6'},{'R1'},{'D5'},{'D7'},{'D4'},{'R2'},{'R3'},&,1.0,&
{'D2'},{'D1'},{'D3'},{'D6'},{'R1'},{'D5'},{'D4'},{'R2'},{'D7'},{'R3'},&,1.0,&
{'D2'},{'D1'},{'D3'},{'D6'},{'R1'},{'R3'},{'R2'},{'D7'},{'D4'},{'D5'},&,1.0,&
{'D2'},{'D1'},{'D3'},{'D6'},{'D5'},,,,,,&,5.0,&
{'D2'},{'D1'},{'D3'},{'D6'},{'D5'},{'D7'},,,,,&,1.0,&
{'D2'},{'D1'},{'D3'},{'D6'},{'D5'},{'D7'},{'R3'},{'R2'},{'D4'},,&,1.0,&
{'D2'},{'D1'},{'D3'},{'D6'},{'D5'},{'D7'},{'R2'},{'R3'},{'R1'},,&,1.0,&
{'D2'},{'D1'},{'D3'},{'D6'},{'D5'},{'D7'},{'R2'},{'R3'},{'D4'},{'R1'},&,1.0,&
{'D2'},{'D1'},{'D3'},{'D6'},{'D5'},{'D7'},{'D4'},,,,&,1.0,&
{'D2'},{'D1'},{'D3'},{'D6'},{'D5'},{'D7'},{'D4'},{'R3'},,,&,1.0,&
{'D2'},{'D1'},{'D3'},{'D6'},{'D5'},{'D7'},{'D4'},{'R3'},{'R2'},,&,1.0,&
{'D2'},{'D1'},{'D3'},{'D6'},{'D5'},{'R2'},{'D7'},{'D4'},{'R3'},{'R1'},&,1.0,&
{'D2'},{'D1'},{'D3'},{'D6'},{'D5'},{'R2'},{'D7'},{'R3'},{'D4'},,&,1.0,&
{'D2'},{'D1'},{'D3'},{'D6'},{'D5'},{'R2'},{'R3'},,,,&,1.0,&
{'D2'},{'D1'},{'D3'},{'D6'},{'D5'},{'R2'},{'R3'},{'R1'},,,&,1.0,&
{'D2'},{'D1'},{'D3'},{'D6'},{'D5'},{'R2'},{'R3'},{'R1'},{'D7'},,&,1.0,&
{'D2'},{'D1'},{'D3'},{'D6'},{'D5'},{'R3'},,,,,&,4.0,&
{'D2'},{'D1'},{'D3'},{'D6'},{'D5'},{'R3'},{'D7'},{'R2'},,,&,1.0,&
{'D2'},{'D1'},{'D3'},{'D6'},{'D5'},{'R3'},{'D7'},{'R2'},{'R1'},{'D4'},&,1.0,&
{'D2'},{'D1'},{'D3'},{'D6'},{'D5'},{'R3'},{'R2'},{'D7'},,,&,1.0,&
{'D2'},{'D1'},{'D3'},{'D6'},{'D5'},{'R3'},{'R2'},{'D7'},{'D4'},{'R1'},&,1.0,&
{'D2'},{'D1'},{'D3'},{'D6'},{'D5'},{'R3'},{'D4'},{'D7'},{'R1'},,&,1.0,&
{'D2'},{'D1'},{'D3'},{'D6'},{'D5'},{'D4'},{'D7'},,,,&,1.0,&
{'D2'},{'D1'},{'D3'},{'D6'},{'R3'},,,,,,&,5.0,&
{'D2'},{'D1'},{'D3'},{'D6'},{'R3'},{'D7'},{'D5'},,,,&,1.0,&
{'D2'},{'D1'},{'D3'},{'D6'},{'R3'},{'D7'},{'D5'},{'R1'},{'R2'},{'D4'},&,1.0,&
{'D2'},{'D1'},{'D3'},{'D6'},{'R3'},{'D7'},{'R2'},{'D5'},,,&,1.0,&
{'D2'},{'D1'},{'D3'},{'D6'},{'R3'},{'D7'},{'R2'},{'D5'},{'R1'},,&,1.0,&
{'D2'},{'D1'},{'D3'},{'D6'},{'R3'},{'D7'},{'R1'},{'R2'},{'D5'},{'D4'},&,1.0,&
{'D2'},{'D1'},{'D3'},{'D6'},{'R3'},{'D5'},,,,,&,1.0,&
{'D2'},{'D1'},{'D3'},{'D6'},{'R3'},{'D5'},{'R2'},{'D4'},{'R1'},,&,1.0,&
{'D2'},{'D1'},{'D3'},{'D6'},{'R3'},{'R2'},,,,,&,1.0,&
{'D2'},{'D1'},{'D3'},{'D6'},{'R3'},{'R2'},{'D7'},{'R1'},,,&,2.0,&
{'D2'},{'D1'},{'D3'},{'D6'},{'R3'},{'R2'},{'D5'},{'D7'},{'R1'},{'D4'},&,1.0,&
{'D2'},{'D1'},{'D3'},{'D6'},{'R3'},{'R2'},{'D5'},{'R1'},{'D7'},,&,1.0,&
{'D2'},{'D1'},{'D3'},{'D6'},{'R3'},{'R2'},{'R1'},,,,&,2.0,&
{'D2'},{'D1'},{'D3'},{'D6'},{'R3'},{'R2'},{'R1'},{'D7'},{'D4'},{'D5'},&,1.0,&
{'D2'},{'D1'},{'D3'},{'D6'},{'R3'},{'R2'},{'R1'},{'D5'},{'D7'},{'D4'},&,1.0,&
{'D2'},{'D1'},{'D3'},{'D6'},{'R3'},{'R2'},{'D4'},{'R1'},,,&,1.0,&
{'D2'},{'D1'},{'D3'},{'D6'},{'R3'},{'R1'},{'D7'},,,,&,1.0,&
{'D2'},{'D1'},{'D3'},{'D6'},{'R3'},{'R1'},{'D7'},{'D5'},,,&,1.0,&
{'D2'},{'D1'},{'D3'},{'D6'},{'R2'},,,,,,&,5.0,&
{'D2'},{'D1'},{'D3'},{'D6'},{'R2'},{'D7'},{'D5'},,,,&,1.0,&
{'D2'},{'D1'},{'D3'},{'D6'},{'R2'},{'D7'},{'D5'},{'R3'},,,&,1.0,&
{'D2'},{'D1'},{'D3'},{'D6'},{'R2'},{'D7'},{'D4'},,,,&,1.0,&
{'D2'},{'D1'},{'D3'},{'D6'},{'R2'},{'D5'},,,,,&,2.0,&
{'D2'},{'D1'},{'D3'},{'D6'},{'R2'},{'D5'},{'D7'},,,,&,1.0,&
{'D2'},{'D1'},{'D3'},{'D6'},{'R2'},{'D5'},{'D7'},{'D4'},{'R3'},,&,1.0,&
{'D2'},{'D1'},{'D3'},{'D6'},{'R2'},{'D5'},{'D7'},{'R3'},,,&,1.0,&
{'D2'},{'D1'},{'D3'},{'D6'},{'R2'},{'D5'},{'R3'},,,,&,2.0,&
{'D2'},{'D1'},{'D3'},{'D6'},{'R2'},{'D5'},{'R3'},{'D7'},{'R1'},,&,1.0,&
{'D2'},{'D1'},{'D3'},{'D6'},{'R2'},{'D5'},{'R3'},{'D7'},{'D4'},{'R1'},&,2.0,&
{'D2'},{'D1'},{'D3'},{'D6'},{'R2'},{'D5'},{'R3'},{'R1'},{'D7'},,&,1.0,&
{'D2'},{'D1'},{'D3'},{'D6'},{'R2'},{'D5'},{'D4'},,,,&,2.0,&
{'D2'},{'D1'},{'D3'},{'D6'},{'R2'},{'R3'},,,,,&,2.0,&
{'D2'},{'D1'},{'D3'},{'D6'},{'R2'},{'R3'},{'D5'},{'R1'},{'D7'},,&,1.0,&
{'D2'},{'D1'},{'D3'},{'D6'},{'R2'},{'R3'},{'D5'},{'R1'},{'D7'},{'D4'},&,1.0,&
{'D2'},{'D1'},{'D3'},{'D6'},{'R2'},{'R3'},{'R1'},{'D7'},,,&,1.0,&
{'D2'},{'D1'},{'D3'},{'D6'},{'R2'},{'R3'},{'R1'},{'D7'},{'D4'},{'D5'},&,1.0,&
{'D2'},{'D1'},{'D3'},{'D6'},{'R2'},{'R3'},{'R1'},{'D5'},{'D7'},,&,1.0,&
{'D2'},{'D1'},{'D3'},{'D6'},{'R2'},{'R1'},{'D7'},{'D4'},,,&,1.0,&
{'D2'},{'D1'},{'D3'},{'D6'},{'R2'},{'R1'},{'R3'},{'D7'},,,&,1.0,&
{'D2'},{'D1'},{'D3'},{'D6'},{'R2'},{'D4'},,,,,&,1.0,&
{'D2'},{'D1'},{'D3'},{'D6'},{'R2'},{'D4'},{'D7'},{'D5'},{'R3'},,&,1.0,&
{'D2'},{'D1'},{'D3'},{'D6'},{'R2'},{'D4'},{'R3'},{'D5'},,,&,1.0,&
{'D2'},{'D1'},{'D3'},{'D6'},{'D4'},,,,,,&,2.0,&
{'D2'},{'D1'},{'D3'},{'D6'},{'D4'},{'D7'},{'D5'},{'R2'},{'R3'},{'R1'},&,1.0,&
{'D2'},{'D1'},{'D3'},{'D6'},{'D4'},{'D7'},{'R2'},{'R3'},{'R1'},{'D5'},&,1.0,&
{'D2'},{'D1'},{'D3'},{'D6'},{'D4'},{'D5'},{'R2'},,,,&,1.0,&
{'D2'},{'D1'},{'D3'},{'D6'},{'D4'},{'R3'},,,,,&,1.0,&
{'D2'},{'D1'},{'D3'},{'D6'},{'D4'},{'R3'},{'D5'},{'D7'},,,&,1.0,&
{'D2'},{'D1'},{'D5'},,,,,,,,&,46.0,&
{'D2'},{'D1'},{'D5'},{'R2'},,,,,,,&,8.0,&
{'D2'},{'D1'},{'D5'},{'R2'},{'D6'},,,,,,&,1.0,&
{'D2'},{'D1'},{'D5'},{'R2'},{'D6'},{'D7'},{'D3'},{'D4'},{'R3'},{'R1'},&,1.0,&
{'D2'},{'D1'},{'D5'},{'R2'},{'D6'},{'D3'},{'D4'},{'D7'},{'R3'},,&,1.0,&
{'D2'},{'D1'},{'D5'},{'R2'},{'D7'},,,,,,&,2.0,&
{'D2'},{'D1'},{'D5'},{'R2'},{'D7'},{'D3'},{'R3'},{'D4'},,,&,1.0,&
{'D2'},{'D1'},{'D5'},{'R2'},{'D3'},,,,,,&,1.0,&
{'D2'},{'D1'},{'D5'},{'R2'},{'D3'},{'D7'},,,,,&,2.0,&
{'D2'},{'D1'},{'D5'},{'R2'},{'D3'},{'D7'},{'R3'},{'D4'},{'R1'},,&,1.0,&
{'D2'},{'D1'},{'D5'},{'R2'},{'D3'},{'D7'},{'R3'},{'R1'},,,&,1.0,&
{'D2'},{'D1'},{'D5'},{'R2'},{'D3'},{'D7'},{'D6'},{'R3'},{'R1'},{'D4'},&,1.0,&
{'D2'},{'D1'},{'D5'},{'R2'},{'D3'},{'D6'},{'D7'},{'R3'},{'D4'},,&,1.0,&
{'D2'},{'D1'},{'D5'},{'R2'},{'D3'},{'R3'},,,,,&,1.0,&
{'D2'},{'D1'},{'D5'},{'R2'},{'D3'},{'R3'},{'D7'},,,,&,1.0,&
{'D2'},{'D1'},{'D5'},{'R2'},{'D3'},{'R3'},{'R1'},{'D6'},{'D7'},,&,1.0,&
{'D2'},{'D1'},{'D5'},{'R2'},{'D3'},{'R3'},{'D6'},{'R1'},{'D4'},,&,1.0,&
{'D2'},{'D1'},{'D5'},{'R2'},{'R1'},,,,,,&,1.0,&
{'D2'},{'D1'},{'D5'},{'R2'},{'R1'},{'D6'},{'D3'},{'D7'},{'D4'},{'R3'},&,1.0,&
{'D2'},{'D1'},{'D5'},{'R2'},{'R1'},{'D4'},{'R3'},{'D3'},{'D6'},{'D7'},&,1.0,&
{'D2'},{'D1'},{'D5'},{'R2'},{'R3'},,,,,,&,1.0,&
{'D2'},{'D1'},{'D5'},{'R2'},{'R3'},{'D7'},{'R1'},{'D3'},,,&,1.0,&
{'D2'},{'D1'},{'D5'},{'R2'},{'R3'},{'D3'},{'D7'},{'D6'},{'R1'},,&,1.0,&
{'D2'},{'D1'},{'D5'},{'R2'},{'R3'},{'D3'},{'R1'},,,,&,1.0,&
{'D2'},{'D1'},{'D5'},{'R2'},{'R3'},{'D3'},{'R1'},{'D6'},,,&,1.0,&
{'D2'},{'D1'},{'D5'},{'R2'},{'R3'},{'R1'},{'D4'},{'D3'},{'D6'},,&,1.0,&
{'D2'},{'D1'},{'D5'},{'R2'},{'R3'},{'D4'},{'D3'},{'D7'},,,&,1.0,&
{'D2'},{'D1'},{'D5'},{'D3'},,,,,,,&,20.0,&
{'D2'},{'D1'},{'D5'},{'D3'},{'D6'},,,,,,&,2.0,&
{'D2'},{'D1'},{'D5'},{'D3'},{'D6'},{'D7'},,,,,&,1.0,&
{'D2'},{'D1'},{'D5'},{'D3'},{'D6'},{'D7'},{'R3'},{'R2'},{'D4'},,&,1.0,&
{'D2'},{'D1'},{'D5'},{'D3'},{'D6'},{'D7'},{'R2'},{'D4'},,,&,1.0,&
{'D2'},{'D1'},{'D5'},{'D3'},{'D6'},{'D7'},{'D4'},{'R2'},{'R3'},{'R1'},&,1.0,&
{'D2'},{'D1'},{'D5'},{'D3'},{'D6'},{'R2'},,,,,&,1.0,&
{'D2'},{'D1'},{'D5'},{'D3'},{'D6'},{'R2'},{'D7'},{'D4'},,,&,1.0,&
{'D2'},{'D1'},{'D5'},{'D3'},{'D6'},{'R2'},{'D7'},{'D4'},{'R3'},{'R1'},&,1.0,&
{'D2'},{'D1'},{'D5'},{'D3'},{'D6'},{'R2'},{'D7'},{'R3'},{'R1'},,&,1.0,&
{'D2'},{'D1'},{'D5'},{'D3'},{'D6'},{'R2'},{'R3'},{'D4'},{'R1'},,&,1.0,&
{'D2'},{'D1'},{'D5'},{'D3'},{'D6'},{'R2'},{'R3'},{'D7'},{'D4'},,&,1.0,&
{'D2'},{'D1'},{'D5'},{'D3'},{'D6'},{'R2'},{'R1'},{'D7'},,,&,1.0,&
{'D2'},{'D1'},{'D5'},{'D3'},{'D6'},{'R3'},{'D7'},{'R2'},{'R1'},,&,1.0,&
{'D2'},{'D1'},{'D5'},{'D3'},{'D6'},{'R1'},{'D7'},{'R2'},{'D4'},,&,1.0,&
{'D2'},{'D1'},{'D5'},{'D3'},{'D6'},{'D4'},{'D7'},{'R3'},,,&,1.0,&
{'D2'},{'D1'},{'D5'},{'D3'},{'D6'},{'D4'},{'R3'},{'D7'},{'R2'},{'R1'},&,1.0,&
{'D2'},{'D1'},{'D5'},{'D3'},{'D6'},{'D4'},{'R2'},,,,&,1.0,&
{'D2'},{'D1'},{'D5'},{'D3'},{'D7'},{'R2'},,,,,&,1.0,&
{'D2'},{'D1'},{'D5'},{'D3'},{'D7'},{'D6'},{'R2'},,,,&,1.0,&
{'D2'},{'D1'},{'D5'},{'D3'},{'R1'},,,,,,&,1.0,&
{'D2'},{'D1'},{'D5'},{'D3'},{'R3'},,,,,,&,1.0,&
{'D2'},{'D1'},{'D5'},{'D3'},{'R3'},{'D7'},{'D6'},{'R1'},{'D4'},{'R2'},&,1.0,&
{'D2'},{'D1'},{'D5'},{'D3'},{'R3'},{'R2'},,,,,&,1.0,&
{'D2'},{'D1'},{'D5'},{'D3'},{'R3'},{'R2'},{'R1'},{'D6'},{'D7'},,&,1.0,&
{'D2'},{'D1'},{'D5'},{'D3'},{'R3'},{'R2'},{'R1'},{'D6'},{'D7'},{'D4'},&,1.0,&
{'D2'},{'D1'},{'D5'},{'D3'},{'R3'},{'D6'},{'D7'},{'D4'},{'R2'},{'R1'},&,1.0,&
{'D2'},{'D1'},{'D5'},{'D3'},{'R3'},{'D6'},{'D7'},{'R2'},{'R1'},{'D4'},&,1.0,&
{'D2'},{'D1'},{'D5'},{'D3'},{'R3'},{'D6'},{'R2'},{'D7'},{'D4'},,&,1.0,&
{'D2'},{'D1'},{'D5'},{'D3'},{'R3'},{'D6'},{'R1'},{'D7'},{'D4'},,&,1.0,&
{'D2'},{'D1'},{'D5'},{'D3'},{'R3'},{'D4'},{'D7'},{'D6'},,,&,1.0,&
{'D2'},{'D1'},{'D5'},{'D3'},{'R3'},{'D4'},{'R1'},,,,&,1.0,&
{'D2'},{'D1'},{'D5'},{'D3'},{'R2'},,,,,,&,5.0,&
{'D2'},{'D1'},{'D5'},{'D3'},{'R2'},{'D7'},,,,,&,2.0,&
{'D2'},{'D1'},{'D5'},{'D3'},{'R2'},{'D7'},{'R3'},{'D6'},{'D4'},{'R1'},&,1.0,&
{'D2'},{'D1'},{'D5'},{'D3'},{'R2'},{'D7'},{'R3'},{'R1'},,,&,1.0,&
{'D2'},{'D1'},{'D5'},{'D3'},{'R2'},{'D7'},{'D6'},{'D4'},,,&,1.0,&
{'D2'},{'D1'},{'D5'},{'D3'},{'R2'},{'D6'},{'R3'},{'D4'},{'R1'},,&,1.0,&
{'D2'},{'D1'},{'D5'},{'D3'},{'R2'},{'D6'},{'R3'},{'R1'},{'D7'},,&,1.0,&
{'D2'},{'D1'},{'D5'},{'D3'},{'R2'},{'R3'},,,,,&,1.0,&
{'D2'},{'D1'},{'D5'},{'D3'},{'R2'},{'R3'},{'D7'},{'D6'},{'D4'},{'R1'},&,1.0,&
{'D2'},{'D1'},{'D5'},{'D3'},{'R2'},{'R3'},{'R1'},,,,&,2.0,&
{'D2'},{'D1'},{'D5'},{'D3'},{'R2'},{'R3'},{'D4'},{'R1'},{'D7'},{'D6'},&,1.0,&
{'D2'},{'D1'},{'D5'},{'D3'},{'D4'},{'R2'},{'D6'},{'D7'},,,&,1.0,&
{'D2'},{'D1'},{'D5'},{'D3'},{'D4'},{'R1'},,,,,&,1.0,&
{'D2'},{'D1'},{'D5'},{'D4'},{'D3'},{'D7'},{'D6'},,,,&,1.0,&
{'D2'},{'D1'},{'D5'},{'D7'},,,,,,,&,1.0,&
{'D2'},{'D1'},{'D5'},{'D7'},{'D6'},{'D3'},{'D4'},,,,&,1.0,&
{'D2'},{'D1'},{'D5'},{'D7'},{'D3'},,,,,,&,1.0,&
{'D2'},{'D1'},{'D5'},{'D7'},{'D3'},{'R2'},{'R3'},,,,&,1.0,&
{'D2'},{'D1'},{'D5'},{'D7'},{'D3'},{'R2'},{'R3'},{'R1'},{'D4'},{'D6'},&,1.0,&
{'D2'},{'D1'},{'D5'},{'D7'},{'D3'},{'R2'},{'D6'},{'R3'},,,&,1.0,&
{'D2'},{'D1'},{'D5'},{'D7'},{'D3'},{'D6'},,,,,&,1.0,&
{'D2'},{'D1'},{'D5'},{'D7'},{'D3'},{'R3'},,,,,&,1.0,&
{'D2'},{'D1'},{'D5'},{'D7'},{'R1'},,,,,,&,1.0,&
{'D2'},{'D1'},{'D5'},{'D7'},{'R3'},{'R2'},,,,,&,1.0,&
{'D2'},{'D1'},{'D5'},{'D7'},{'R3'},{'R2'},{'D3'},{'D4'},{'D6'},{'R1'},&,1.0,&
{'D2'},{'D1'},{'D5'},{'D7'},{'R3'},{'D3'},,,,,&,1.0,&
{'D2'},{'D1'},{'D5'},{'D7'},{'R3'},{'D3'},{'R1'},{'D6'},{'R2'},,&,1.0,&
{'D2'},{'D1'},{'D5'},{'D7'},{'R3'},{'D3'},{'D4'},{'R2'},{'D6'},,&,1.0,&
{'D2'},{'D1'},{'D5'},{'R1'},,,,,,,&,1.0,&
{'D2'},{'D1'},{'D5'},{'R1'},{'D6'},{'D3'},{'D7'},{'R3'},{'R2'},,&,1.0,&
{'D2'},{'D1'},{'D5'},{'R1'},{'D7'},{'R3'},,,,,&,1.0,&
{'D2'},{'D1'},{'D5'},{'R1'},{'D3'},{'D7'},{'D6'},{'D4'},,,&,1.0,&
{'D2'},{'D1'},{'D5'},{'R1'},{'D3'},{'R2'},{'D7'},{'R3'},{'D6'},,&,1.0,&
{'D2'},{'D1'},{'D5'},{'R1'},{'R2'},,,,,,&,2.0,&
{'D2'},{'D1'},{'D5'},{'R1'},{'R2'},{'D6'},{'D3'},{'D4'},{'R3'},{'D7'},&,1.0,&
{'D2'},{'D1'},{'D5'},{'R3'},,,,,,,&,7.0,&
{'D2'},{'D1'},{'D5'},{'R3'},{'D6'},{'R2'},{'R1'},,,,&,1.0,&
{'D2'},{'D1'},{'D5'},{'R3'},{'D6'},{'D3'},{'D7'},{'D4'},,,&,1.0,&
{'D2'},{'D1'},{'D5'},{'R3'},{'D7'},{'D3'},,,,,&,1.0,&
{'D2'},{'D1'},{'D5'},{'R3'},{'D7'},{'D3'},{'R2'},{'D6'},,,&,1.0,&
{'D2'},{'D1'},{'D5'},{'R3'},{'D7'},{'D3'},{'D6'},,,,&,1.0,&
{'D2'},{'D1'},{'D5'},{'R3'},{'D3'},,,,,,&,2.0,&
{'D2'},{'D1'},{'D5'},{'R3'},{'D3'},{'D7'},{'R2'},{'D6'},{'R1'},{'D4'},&,1.0,&
{'D2'},{'D1'},{'D5'},{'R3'},{'D3'},{'D7'},{'R2'},{'R1'},,,&,1.0,&
{'D2'},{'D1'},{'D5'},{'R3'},{'D3'},{'D7'},{'R1'},{'D6'},{'D4'},,&,1.0,&
{'D2'},{'D1'},{'D5'},{'R3'},{'D3'},{'R2'},{'R1'},,,,&,1.0,&
{'D2'},{'D1'},{'D5'},{'R3'},{'D3'},{'R2'},{'R1'},{'D6'},,,&,1.0,&
{'D2'},{'D1'},{'D5'},{'R3'},{'D3'},{'R2'},{'R1'},{'D7'},,,&,1.0,&
{'D2'},{'D1'},{'D5'},{'R3'},{'D3'},{'R2'},{'D6'},{'R1'},{'D7'},{'D4'},&,1.0,&
{'D2'},{'D1'},{'D5'},{'R3'},{'D3'},{'D6'},,,,,&,1.0,&
{'D2'},{'D1'},{'D5'},{'R3'},{'D3'},{'D6'},{'D7'},{'R2'},{'D4'},,&,1.0,&
{'D2'},{'D1'},{'D5'},{'R3'},{'D3'},{'D6'},{'R2'},{'D7'},{'D4'},{'R1'},&,1.0,&
{'D2'},{'D1'},{'D5'},{'R3'},{'D3'},{'R1'},{'D7'},{'D4'},{'R2'},,&,1.0,&
{'D2'},{'D1'},{'D5'},{'R3'},{'R2'},,,,,,&,1.0,&
{'D2'},{'D1'},{'D5'},{'R3'},{'R2'},{'D6'},{'D7'},{'D3'},{'D4'},,&,1.0,&
{'D2'},{'D1'},{'D5'},{'R3'},{'R2'},{'D3'},,,,,&,1.0,&
{'D2'},{'D1'},{'D5'},{'R3'},{'R2'},{'D3'},{'D6'},{'D7'},{'R1'},,&,1.0,&
{'D2'},{'D1'},{'D5'},{'R3'},{'R2'},{'R1'},,,,,&,1.0,&
{'D2'},{'D1'},{'D5'},{'R3'},{'R2'},{'R1'},{'D3'},,,,&,1.0,&
{'D2'},{'D1'},{'D5'},{'R3'},{'R2'},{'R1'},{'D3'},{'D6'},,,&,1.0,&
{'D2'},{'D1'},{'D5'},{'R3'},{'R2'},{'R1'},{'D3'},{'D7'},,,&,1.0,&
{'D2'},{'D1'},{'D5'},{'R3'},{'R2'},{'D4'},{'D6'},{'R1'},{'D3'},,&,1.0,&
{'D2'},{'D1'},{'D5'},{'D6'},,,,,,,&,2.0,&
{'D2'},{'D1'},{'D5'},{'D6'},{'D3'},,,,,,&,1.0,&
{'D2'},{'D1'},{'D5'},{'D6'},{'D3'},{'D7'},,,,,&,3.0,&
{'D2'},{'D1'},{'D5'},{'D6'},{'D3'},{'D7'},{'R2'},{'D4'},{'R3'},{'R1'},&,1.0,&
{'D2'},{'D1'},{'D5'},{'D6'},{'D3'},{'D4'},,,,,&,1.0,&
{'D2'},{'D1'},{'D5'},{'D6'},{'R1'},{'D4'},{'D7'},{'D3'},{'R2'},{'R3'},&,1.0,&
{'D2'},{'D1'},{'D5'},{'D6'},{'R2'},,,,,,&,2.0,&
{'D2'},{'D1'},{'D5'},{'D6'},{'R2'},{'R3'},{'R1'},{'D3'},{'D7'},{'D4'},&,1.0,&
{'D2'},{'D1'},{'D5'},{'D6'},{'R2'},{'R3'},{'D3'},{'R1'},{'D4'},,&,1.0,&
{'D2'},{'D1'},{'D5'},{'D6'},{'D4'},{'D3'},{'R2'},{'D7'},{'R3'},{'R1'},&,1.0,&
{'D2'},{'D1'},{'D7'},,,,,,,,&,49.0,&
{'D2'},{'D1'},{'D7'},{'R2'},,,,,,,&,4.0,&
{'D2'},{'D1'},{'D7'},{'R2'},{'D6'},,,,,,&,1.0,&
{'D2'},{'D1'},{'D7'},{'R2'},{'D6'},{'D3'},{'D5'},{'D4'},{'R1'},,&,1.0,&
{'D2'},{'D1'},{'D7'},{'R2'},{'D3'},,,,,,&,6.0,&
{'D2'},{'D1'},{'D7'},{'R2'},{'D3'},{'D5'},{'R3'},{'D4'},{'D6'},,&,1.0,&
{'D2'},{'D1'},{'D7'},{'R2'},{'D3'},{'D6'},,,,,&,1.0,&
{'D2'},{'D1'},{'D7'},{'R2'},{'D3'},{'D6'},{'D5'},{'D4'},{'R3'},,&,1.0,&
{'D2'},{'D1'},{'D7'},{'R2'},{'D3'},{'R3'},{'D6'},{'D5'},{'D4'},{'R1'},&,1.0,&
{'D2'},{'D1'},{'D7'},{'R2'},{'R1'},{'D3'},{'D5'},{'D4'},{'D6'},,&,1.0,&
{'D2'},{'D1'},{'D7'},{'R2'},{'D5'},,,,,,&,1.0,&
{'D2'},{'D1'},{'D7'},{'R2'},{'D5'},{'D3'},{'R3'},{'R1'},,,&,1.0,&
{'D2'},{'D1'},{'D7'},{'R2'},{'R3'},,,,,,&,2.0,&
{'D2'},{'D1'},{'D7'},{'R2'},{'R3'},{'D6'},{'R1'},{'D3'},{'D5'},{'D4'},&,1.0,&
{'D2'},{'D1'},{'D7'},{'R2'},{'R3'},{'D3'},{'D4'},{'D6'},{'R1'},,&,1.0,&
{'D2'},{'D1'},{'D7'},{'R2'},{'R3'},{'R1'},,,,,&,1.0,&
{'D2'},{'D1'},{'D7'},{'R2'},{'R3'},{'R1'},{'D5'},,,,&,1.0,&
{'D2'},{'D1'},{'D7'},{'R2'},{'R3'},{'R1'},{'D3'},,,,&,1.0,&
{'D2'},{'D1'},{'D7'},{'R2'},{'D4'},{'D3'},{'R3'},,,,&,1.0,&
{'D2'},{'D1'},{'D7'},{'D5'},{'D6'},{'R2'},,,,,&,1.0,&
{'D2'},{'D1'},{'D7'},{'D5'},{'D6'},{'D3'},{'D4'},{'R2'},{'R3'},{'R1'},&,1.0,&
{'D2'},{'D1'},{'D7'},{'D5'},{'D6'},{'D3'},{'D4'},{'R3'},{'R2'},{'R1'},&,1.0,&
{'D2'},{'D1'},{'D7'},{'D5'},{'D3'},{'D6'},{'D4'},,,,&,1.0,&
{'D2'},{'D1'},{'D7'},{'D5'},{'D3'},{'R3'},{'R2'},,,,&,1.0,&
{'D2'},{'D1'},{'D7'},{'D5'},{'D3'},{'D4'},{'D6'},{'R3'},{'R1'},,&,1.0,&
{'D2'},{'D1'},{'D7'},{'D5'},{'R3'},{'R1'},{'D3'},{'D6'},,,&,1.0,&
{'D2'},{'D1'},{'D7'},{'D5'},{'R2'},,,,,,&,1.0,&
{'D2'},{'D1'},{'D7'},{'D5'},{'R2'},{'D6'},,,,,&,1.0,&
{'D2'},{'D1'},{'D7'},{'D5'},{'R2'},{'D6'},{'D3'},{'R3'},{'D4'},{'R1'},&,1.0,&
{'D2'},{'D1'},{'D7'},{'D3'},,,,,,,&,11.0,&
{'D2'},{'D1'},{'D7'},{'D3'},{'D6'},{'D5'},{'R3'},{'D4'},{'R2'},{'R1'},&,1.0,&
{'D2'},{'D1'},{'D7'},{'D3'},{'D6'},{'D5'},{'R2'},{'R3'},{'D4'},{'R1'},&,1.0,&
{'D2'},{'D1'},{'D7'},{'D3'},{'D6'},{'D5'},{'D4'},{'R3'},{'R2'},{'R1'},&,1.0,&
{'D2'},{'D1'},{'D7'},{'D3'},{'D6'},{'D4'},{'D5'},{'R3'},{'R2'},{'R1'},&,1.0,&
{'D2'},{'D1'},{'D7'},{'D3'},{'R1'},{'D6'},{'D4'},{'D5'},,,&,1.0,&
{'D2'},{'D1'},{'D7'},{'D3'},{'R1'},{'R3'},{'D5'},{'D6'},,,&,1.0,&
{'D2'},{'D1'},{'D7'},{'D3'},{'D5'},,,,,,&,4.0,&
{'D2'},{'D1'},{'D7'},{'D3'},{'D5'},{'D6'},{'D4'},{'R2'},{'R3'},{'R1'},&,1.0,&
{'D2'},{'D1'},{'D7'},{'D3'},{'D5'},{'D4'},{'D6'},,,,&,1.0,&
{'D2'},{'D1'},{'D7'},{'D3'},{'R3'},,,,,,&,5.0,&
{'D2'},{'D1'},{'D7'},{'D3'},{'R3'},{'D5'},{'R2'},{'R1'},{'D4'},{'D6'},&,1.0,&
{'D2'},{'D1'},{'D7'},{'D3'},{'R3'},{'D6'},{'R1'},{'D5'},{'D4'},,&,1.0,&
{'D2'},{'D1'},{'D7'},{'D3'},{'R2'},,,,,,&,2.0,&
{'D2'},{'D1'},{'D7'},{'D3'},{'R2'},{'D5'},{'R3'},{'R1'},,,&,1.0,&
{'D2'},{'D1'},{'D7'},{'D3'},{'R2'},{'D6'},{'R3'},{'D5'},{'D4'},{'R1'},&,1.0,&
{'D2'},{'D1'},{'D7'},{'D3'},{'R2'},{'R3'},{'R1'},{'D5'},{'D4'},{'D6'},&,1.0,&
{'D2'},{'D1'},{'D7'},{'D3'},{'R2'},{'R3'},{'D6'},{'R1'},,,&,1.0,&
{'D2'},{'D1'},{'D7'},{'D3'},{'R2'},{'R1'},{'R3'},,,,&,1.0,&
{'D2'},{'D1'},{'D7'},{'D3'},{'R2'},{'D4'},,,,,&,1.0,&
{'D2'},{'D1'},{'D7'},{'D3'},{'D4'},{'D5'},{'D6'},,,,&,1.0,&
{'D2'},{'D1'},{'D7'},{'D3'},{'D4'},{'R2'},{'D5'},{'D6'},,,&,1.0,&
{'D2'},{'D1'},{'D7'},{'D3'},{'D4'},{'R3'},,,,,&,1.0,&
{'D2'},{'D1'},{'D7'},{'D3'},{'D4'},{'R1'},{'R3'},{'D6'},{'R2'},,&,1.0,&
{'D2'},{'D1'},{'D7'},{'D4'},{'D3'},{'D5'},{'D6'},{'R3'},{'R2'},{'R1'},&,1.0,&
{'D2'},{'D1'},{'D7'},{'D4'},{'R3'},{'R2'},{'D3'},{'R1'},,,&,1.0,&
{'D2'},{'D1'},{'D7'},{'D4'},{'R3'},{'D6'},{'D5'},{'D3'},{'R2'},,&,1.0,&
{'D2'},{'D1'},{'D7'},{'R1'},{'D3'},,,,,,&,1.0,&
{'D2'},{'D1'},{'D7'},{'R1'},{'D5'},{'R3'},,,,,&,1.0,&
{'D2'},{'D1'},{'D7'},{'R1'},{'R2'},{'D6'},{'D3'},{'R3'},,,&,1.0,&
{'D2'},{'D1'},{'D7'},{'R3'},,,,,,,&,3.0,&
{'D2'},{'D1'},{'D7'},{'R3'},{'D3'},,,,,,&,3.0,&
{'D2'},{'D1'},{'D7'},{'R3'},{'D3'},{'D5'},{'R2'},{'D6'},,,&,1.0,&
{'D2'},{'D1'},{'D7'},{'R3'},{'D3'},{'D5'},{'D6'},{'D4'},,,&,1.0,&
{'D2'},{'D1'},{'D7'},{'R3'},{'D3'},{'R2'},{'D6'},{'D5'},{'D4'},,&,1.0,&
{'D2'},{'D1'},{'D7'},{'R3'},{'R1'},,,,,,&,1.0,&
{'D2'},{'D1'},{'D7'},{'R3'},{'D5'},{'D3'},{'D6'},{'D4'},,,&,1.0,&
{'D2'},{'D1'},{'D7'},{'R3'},{'D5'},{'D4'},{'D6'},{'D3'},,,&,1.0,&
{'D2'},{'D1'},{'D7'},{'R3'},{'R2'},,,,,,&,1.0,&
{'D2'},{'D1'},{'D7'},{'R3'},{'R2'},{'D3'},,,,,&,1.0,&
{'D2'},{'D1'},{'D7'},{'R3'},{'R2'},{'D3'},{'R1'},{'D4'},{'D5'},{'D6'},&,1.0,&
{'D2'},{'D1'},{'D7'},{'R3'},{'R2'},{'D3'},{'R1'},{'D5'},,,&,1.0,&
{'D2'},{'D1'},{'D7'},{'R3'},{'R2'},{'R1'},,,,,&,2.0,&
{'D2'},{'D1'},{'D7'},{'R3'},{'R2'},{'R1'},{'D5'},,,,&,1.0,&
{'D2'},{'D1'},{'D7'},{'R3'},{'R2'},{'R1'},{'D3'},,,,&,2.0,&
{'D2'},{'D1'},{'D7'},{'D6'},,,,,,,&,3.0,&
{'D2'},{'D1'},{'D7'},{'D6'},{'D3'},,,,,,&,1.0,&
{'D2'},{'D1'},{'D7'},{'D6'},{'D3'},{'D5'},,,,,&,1.0,&
{'D2'},{'D1'},{'D7'},{'D6'},{'R3'},,,,,,&,1.0,&
{'D2'},{'D1'},{'D7'},{'D6'},{'R3'},{'R2'},{'D3'},{'D5'},{'D4'},{'R1'},&,1.0,&
{'D2'},{'D1'},{'D7'},{'D6'},{'R2'},{'D5'},,,,,&,1.0,&
{'D2'},{'D1'},{'D7'},{'D6'},{'R2'},{'R3'},,,,,&,2.0,&
{'D2'},{'D1'},{'D7'},{'D6'},{'R2'},{'R3'},{'R1'},,,,&,1.0,&
{'D2'},{'D1'},{'R3'},,,,,,,,&,98.0,&
{'D2'},{'D1'},{'R3'},{'R2'},,,,,,,&,15.0,&
{'D2'},{'D1'},{'R3'},{'R2'},{'D6'},,,,,,&,2.0,&
{'D2'},{'D1'},{'R3'},{'R2'},{'D6'},{'D7'},{'R1'},{'D3'},,,&,1.0,&
{'D2'},{'D1'},{'R3'},{'R2'},{'D6'},{'D7'},{'D3'},{'D5'},{'R1'},{'D4'},&,1.0,&
{'D2'},{'D1'},{'R3'},{'R2'},{'D6'},{'D3'},{'R1'},{'D5'},,,&,2.0,&
{'D2'},{'D1'},{'R3'},{'R2'},{'D6'},{'D3'},{'R1'},{'D5'},{'D7'},{'D4'},&,1.0,&
{'D2'},{'D1'},{'R3'},{'R2'},{'D6'},{'R1'},,,,,&,2.0,&
{'D2'},{'D1'},{'R3'},{'R2'},{'D6'},{'R1'},{'D3'},,,,&,1.0,&
{'D2'},{'D1'},{'R3'},{'R2'},{'D6'},{'R1'},{'D3'},{'D7'},,,&,1.0,&
{'D2'},{'D1'},{'R3'},{'R2'},{'D6'},{'R1'},{'D3'},{'D7'},{'D4'},,&,1.0,&
{'D2'},{'D1'},{'R3'},{'R2'},{'D6'},{'R1'},{'D3'},{'D5'},{'D7'},{'D4'},&,1.0,&
{'D2'},{'D1'},{'R3'},{'R2'},{'D7'},,,,,,&,1.0,&
{'D2'},{'D1'},{'R3'},{'R2'},{'D7'},{'D6'},,,,,&,1.0,&
{'D2'},{'D1'},{'R3'},{'R2'},{'D7'},{'D3'},,,,,&,1.0,&
{'D2'},{'D1'},{'R3'},{'R2'},{'D7'},{'D3'},{'D5'},{'D6'},,,&,1.0,&
{'D2'},{'D1'},{'R3'},{'R2'},{'D7'},{'R1'},,,,,&,2.0,&
{'D2'},{'D1'},{'R3'},{'R2'},{'D7'},{'R1'},{'D3'},,,,&,1.0,&
{'D2'},{'D1'},{'R3'},{'R2'},{'D3'},,,,,,&,11.0,&
{'D2'},{'D1'},{'R3'},{'R2'},{'D3'},{'D7'},,,,,&,1.0,&
{'D2'},{'D1'},{'R3'},{'R2'},{'D3'},{'D7'},{'R1'},{'D4'},,,&,1.0,&
{'D2'},{'D1'},{'R3'},{'R2'},{'D3'},{'D7'},{'D6'},{'D5'},,,&,1.0,&
{'D2'},{'D1'},{'R3'},{'R2'},{'D3'},{'D7'},{'D6'},{'D5'},{'R1'},,&,1.0,&
{'D2'},{'D1'},{'R3'},{'R2'},{'D3'},{'D5'},,,,,&,3.0,&
{'D2'},{'D1'},{'R3'},{'R2'},{'D3'},{'D5'},{'D7'},{'R1'},{'D4'},,&,1.0,&
{'D2'},{'D1'},{'R3'},{'R2'},{'D3'},{'D5'},{'R1'},,,,&,1.0,&
{'D2'},{'D1'},{'R3'},{'R2'},{'D3'},{'D6'},,,,,&,2.0,&
{'D2'},{'D1'},{'R3'},{'R2'},{'D3'},{'D6'},{'D5'},{'D4'},{'D7'},{'R1'},&,1.0,&
{'D2'},{'D1'},{'R3'},{'R2'},{'D3'},{'D6'},{'R1'},,,,&,2.0,&
{'D2'},{'D1'},{'R3'},{'R2'},{'D3'},{'D6'},{'R1'},{'D7'},{'D5'},,&,1.0,&
{'D2'},{'D1'},{'R3'},{'R2'},{'D3'},{'D6'},{'R1'},{'D5'},,,&,1.0,&
{'D2'},{'D1'},{'R3'},{'R2'},{'D3'},{'D6'},{'D4'},,,,&,1.0,&
{'D2'},{'D1'},{'R3'},{'R2'},{'D3'},{'R1'},,,,,&,3.0,&
{'D2'},{'D1'},{'R3'},{'R2'},{'D3'},{'R1'},{'D7'},{'D6'},,,&,1.0,&
{'D2'},{'D1'},{'R3'},{'R2'},{'D3'},{'R1'},{'D7'},{'D4'},{'D5'},,&,1.0,&
{'D2'},{'D1'},{'R3'},{'R2'},{'D3'},{'R1'},{'D5'},{'D6'},,,&,1.0,&
{'D2'},{'D1'},{'R3'},{'R2'},{'D3'},{'R1'},{'D5'},{'D7'},,,&,1.0,&
{'D2'},{'D1'},{'R3'},{'R2'},{'D3'},{'R1'},{'D6'},{'D7'},{'D4'},{'D5'},&,1.0,&
{'D2'},{'D1'},{'R3'},{'R2'},{'D3'},{'R1'},{'D4'},,,,&,1.0,&
{'D2'},{'D1'},{'R3'},{'R2'},{'R1'},,,,,,&,11.0,&
{'D2'},{'D1'},{'R3'},{'R2'},{'R1'},{'D7'},,,,,&,2.0,&
{'D2'},{'D1'},{'R3'},{'R2'},{'R1'},{'D5'},{'D7'},{'D3'},{'D6'},{'D4'},&,1.0,&
{'D2'},{'D1'},{'R3'},{'R2'},{'R1'},{'D5'},{'D3'},,,,&,1.0,&
{'D2'},{'D1'},{'R3'},{'R2'},{'R1'},{'D6'},,,,,&,1.0,&
{'D2'},{'D1'},{'R3'},{'R2'},{'R1'},{'D6'},{'D3'},{'D4'},{'D7'},{'D5'},&,1.0,&
{'D2'},{'D1'},{'R3'},{'R2'},{'R1'},{'D6'},{'D3'},{'D5'},{'D7'},{'D4'},&,1.0,&
{'D2'},{'D1'},{'R3'},{'R2'},{'R1'},{'D3'},,,,,&,9.0,&
{'D2'},{'D1'},{'R3'},{'R2'},{'R1'},{'D3'},{'D7'},,,,&,2.0,&
{'D2'},{'D1'},{'R3'},{'R2'},{'R1'},{'D3'},{'D7'},{'D6'},{'D5'},,&,1.0,&
{'D2'},{'D1'},{'R3'},{'R2'},{'R1'},{'D3'},{'D7'},{'D5'},{'D6'},,&,2.0,&
{'D2'},{'D1'},{'R3'},{'R2'},{'R1'},{'D3'},{'D5'},,,,&,2.0,&
{'D2'},{'D1'},{'R3'},{'R2'},{'R1'},{'D3'},{'D5'},{'D6'},{'D7'},,&,1.0,&
{'D2'},{'D1'},{'R3'},{'R2'},{'R1'},{'D3'},{'D5'},{'D6'},{'D4'},{'D7'},&,1.0,&
{'D2'},{'D1'},{'R3'},{'R2'},{'R1'},{'D3'},{'D6'},,,,&,5.0,&
{'D2'},{'D1'},{'R3'},{'R2'},{'R1'},{'D3'},{'D6'},{'D7'},,,&,1.0,&
{'D2'},{'D1'},{'R3'},{'R2'},{'R1'},{'D3'},{'D6'},{'D7'},{'D4'},,&,1.0,&
{'D2'},{'D1'},{'R3'},{'R2'},{'R1'},{'D3'},{'D6'},{'D5'},,,&,3.0,&
{'D2'},{'D1'},{'R3'},{'R2'},{'R1'},{'D3'},{'D4'},{'D6'},,,&,1.0,&
{'D2'},{'D1'},{'R3'},{'R2'},{'R1'},{'D3'},{'D4'},{'D5'},{'D6'},,&,1.0,&
{'D2'},{'D1'},{'R3'},{'R2'},{'R1'},{'D4'},,,,,&,1.0,&
{'D2'},{'D1'},{'R3'},{'R2'},{'R1'},{'D4'},{'D3'},{'D7'},{'D5'},{'D6'},&,1.0,&
{'D2'},{'D1'},{'R3'},{'R2'},{'D5'},,,,,,&,1.0,&
{'D2'},{'D1'},{'R3'},{'R2'},{'D5'},{'D7'},,,,,&,1.0,&
{'D2'},{'D1'},{'R3'},{'R2'},{'D5'},{'D3'},{'R1'},,,,&,1.0,&
{'D2'},{'D1'},{'R3'},{'R2'},{'D5'},{'D3'},{'R1'},{'D6'},{'D4'},,&,1.0,&
{'D2'},{'D1'},{'R3'},{'R2'},{'D5'},{'D3'},{'R1'},{'D4'},,,&,1.0,&
{'D2'},{'D1'},{'R3'},{'R2'},{'D5'},{'D3'},{'D6'},,,,&,1.0,&
{'D2'},{'D1'},{'R3'},{'R2'},{'D5'},{'D3'},{'D6'},{'D7'},{'R1'},,&,1.0,&
{'D2'},{'D1'},{'R3'},{'R2'},{'D5'},{'D4'},{'D3'},{'D6'},{'R1'},,&,1.0,&
{'D2'},{'D1'},{'R3'},{'R2'},{'D4'},,,,,,&,3.0,&
{'D2'},{'D1'},{'R3'},{'R2'},{'D4'},{'D7'},,,,,&,1.0,&
{'D2'},{'D1'},{'R3'},{'R2'},{'D4'},{'D7'},{'R1'},{'D3'},,,&,1.0,&
{'D2'},{'D1'},{'R3'},{'R2'},{'D4'},{'D3'},{'D6'},{'D5'},,,&,1.0,&
{'D2'},{'D1'},{'R3'},{'D5'},,,,,,,&,6.0,&
{'D2'},{'D1'},{'R3'},{'D5'},{'D7'},{'R2'},{'R1'},,,,&,1.0,&
{'D2'},{'D1'},{'R3'},{'D5'},{'D3'},,,,,,&,2.0,&
{'D2'},{'D1'},{'R3'},{'D5'},{'D3'},{'D7'},{'R2'},{'D4'},{'D6'},,&,1.0,&
{'D2'},{'D1'},{'R3'},{'D5'},{'D3'},{'R2'},,,,,&,2.0,&
{'D2'},{'D1'},{'R3'},{'D5'},{'D3'},{'R2'},{'R1'},{'D6'},{'D4'},,&,1.0,&
{'D2'},{'D1'},{'R3'},{'D5'},{'D3'},{'D6'},{'D7'},{'D4'},,,&,1.0,&
{'D2'},{'D1'},{'R3'},{'D5'},{'D3'},{'D4'},{'D6'},{'D7'},{'R2'},{'R1'},&,1.0,&
{'D2'},{'D1'},{'R3'},{'D5'},{'R1'},{'D6'},{'R2'},{'D7'},{'D3'},,&,1.0,&
{'D2'},{'D1'},{'R3'},{'D5'},{'R1'},{'D3'},{'R2'},,,,&,1.0,&
{'D2'},{'D1'},{'R3'},{'D5'},{'R2'},,,,,,&,2.0,&
{'D2'},{'D1'},{'R3'},{'D5'},{'R2'},{'D3'},,,,,&,1.0,&
{'D2'},{'D1'},{'R3'},{'D5'},{'R2'},{'D3'},{'D7'},{'R1'},{'D6'},{'D4'},&,1.0,&
{'D2'},{'D1'},{'R3'},{'D5'},{'R2'},{'D3'},{'R1'},{'D6'},{'D7'},,&,1.0,&
{'D2'},{'D1'},{'R3'},{'D5'},{'R2'},{'D3'},{'D6'},{'D7'},{'R1'},,&,1.0,&
{'D2'},{'D1'},{'R3'},{'D5'},{'R2'},{'R1'},,,,,&,1.0,&
{'D2'},{'D1'},{'R3'},{'D5'},{'R2'},{'R1'},{'D6'},,,,&,1.0,&
{'D2'},{'D1'},{'R3'},{'D5'},{'R2'},{'R1'},{'D6'},{'D7'},{'D3'},,&,1.0,&
{'D2'},{'D1'},{'R3'},{'D5'},{'R2'},{'R1'},{'D3'},{'D6'},{'D4'},{'D7'},&,1.0,&
{'D2'},{'D1'},{'R3'},{'D3'},,,,,,,&,31.0,&
{'D2'},{'D1'},{'R3'},{'D3'},{'D6'},,,,,,&,4.0,&
{'D2'},{'D1'},{'R3'},{'D3'},{'D6'},{'D7'},{'D5'},,,,&,1.0,&
{'D2'},{'D1'},{'R3'},{'D3'},{'D6'},{'D7'},{'R2'},{'D4'},{'R1'},,&,1.0,&
{'D2'},{'D1'},{'R3'},{'D3'},{'D6'},{'D7'},{'R2'},{'D5'},{'R1'},,&,1.0,&
{'D2'},{'D1'},{'R3'},{'D3'},{'D6'},{'D7'},{'R2'},{'R1'},{'D5'},,&,1.0,&
{'D2'},{'D1'},{'R3'},{'D3'},{'D6'},{'D5'},,,,,&,2.0,&
{'D2'},{'D1'},{'R3'},{'D3'},{'D6'},{'D5'},{'D7'},,,,&,1.0,&
{'D2'},{'D1'},{'R3'},{'D3'},{'D6'},{'D5'},{'D7'},{'D4'},,,&,1.0,&
{'D2'},{'D1'},{'R3'},{'D3'},{'D6'},{'D5'},{'D7'},{'R1'},{'D4'},,&,1.0,&
{'D2'},{'D1'},{'R3'},{'D3'},{'D6'},{'D5'},{'R2'},{'D7'},{'R1'},{'D4'},&,1.0,&
{'D2'},{'D1'},{'R3'},{'D3'},{'D6'},{'D5'},{'R2'},{'D7'},{'D4'},{'R1'},&,1.0,&
{'D2'},{'D1'},{'R3'},{'D3'},{'D6'},{'R2'},,,,,&,2.0,&
{'D2'},{'D1'},{'R3'},{'D3'},{'D6'},{'R2'},{'D7'},{'D5'},,,&,2.0,&
{'D2'},{'D1'},{'R3'},{'D3'},{'D6'},{'R2'},{'D5'},{'D4'},{'R1'},,&,1.0,&
{'D2'},{'D1'},{'R3'},{'D3'},{'D6'},{'R2'},{'D5'},{'D7'},{'D4'},{'R1'},&,1.0,&
{'D2'},{'D1'},{'R3'},{'D3'},{'D6'},{'R2'},{'R1'},{'D5'},,,&,1.0,&
{'D2'},{'D1'},{'R3'},{'D3'},{'D6'},{'R1'},,,,,&,1.0,&
{'D2'},{'D1'},{'R3'},{'D3'},{'D6'},{'R1'},{'D7'},{'R2'},{'D4'},{'D5'},&,1.0,&
{'D2'},{'D1'},{'R3'},{'D3'},{'D6'},{'R1'},{'R2'},{'D4'},,,&,1.0,&
{'D2'},{'D1'},{'R3'},{'D3'},{'D6'},{'R1'},{'R2'},{'D5'},,,&,1.0,&
{'D2'},{'D1'},{'R3'},{'D3'},{'D6'},{'R1'},{'R2'},{'D5'},{'D7'},,&,1.0,&
{'D2'},{'D1'},{'R3'},{'D3'},{'D7'},,,,,,&,1.0,&
{'D2'},{'D1'},{'R3'},{'D3'},{'D7'},{'D5'},,,,,&,1.0,&
{'D2'},{'D1'},{'R3'},{'D3'},{'D7'},{'D5'},{'R2'},{'R1'},,,&,1.0,&
{'D2'},{'D1'},{'R3'},{'D3'},{'D7'},{'R2'},{'D5'},{'D6'},{'R1'},,&,1.0,&
{'D2'},{'D1'},{'R3'},{'D3'},{'D7'},{'R1'},{'D4'},{'R2'},,,&,1.0,&
{'D2'},{'D1'},{'R3'},{'D3'},{'D7'},{'D4'},{'R2'},{'D6'},{'R1'},,&,1.0,&
{'D2'},{'D1'},{'R3'},{'D3'},{'R1'},,,,,,&,4.0,&
{'D2'},{'D1'},{'R3'},{'D3'},{'R1'},{'D7'},,,,,&,1.0,&
{'D2'},{'D1'},{'R3'},{'D3'},{'R1'},{'D7'},{'R2'},{'D6'},{'D5'},,&,1.0,&
{'D2'},{'D1'},{'R3'},{'D3'},{'R1'},{'D5'},{'D7'},{'D6'},{'D4'},,&,1.0,&
{'D2'},{'D1'},{'R3'},{'D3'},{'R1'},{'D5'},{'R2'},{'D6'},{'D7'},,&,1.0,&
{'D2'},{'D1'},{'R3'},{'D3'},{'R1'},{'D5'},{'D4'},,,,&,1.0,&
{'D2'},{'D1'},{'R3'},{'D3'},{'R1'},{'R2'},,,,,&,1.0,&
{'D2'},{'D1'},{'R3'},{'D3'},{'R1'},{'R2'},{'D7'},,,,&,1.0,&
{'D2'},{'D1'},{'R3'},{'D3'},{'R1'},{'R2'},{'D5'},,,,&,1.0,&
{'D2'},{'D1'},{'R3'},{'D3'},{'R1'},{'R2'},{'D6'},{'D7'},,,&,1.0,&
{'D2'},{'D1'},{'R3'},{'D3'},{'R1'},{'R2'},{'D6'},{'D7'},{'D5'},,&,1.0,&
{'D2'},{'D1'},{'R3'},{'D3'},{'R1'},{'R2'},{'D6'},{'D5'},{'D7'},,&,1.0,&
{'D2'},{'D1'},{'R3'},{'D3'},{'D5'},,,,,,&,6.0,&
{'D2'},{'D1'},{'R3'},{'D3'},{'D5'},{'D7'},,,,,&,1.0,&
{'D2'},{'D1'},{'R3'},{'D3'},{'D5'},{'D7'},{'R2'},,,,&,1.0,&
{'D2'},{'D1'},{'R3'},{'D3'},{'D5'},{'D7'},{'D6'},{'R2'},{'D4'},{'R1'},&,1.0,&
{'D2'},{'D1'},{'R3'},{'D3'},{'D5'},{'R2'},,,,,&,1.0,&
{'D2'},{'D1'},{'R3'},{'D3'},{'D5'},{'R2'},{'D7'},,,,&,1.0,&
{'D2'},{'D1'},{'R3'},{'D3'},{'D5'},{'R2'},{'R1'},,,,&,2.0,&
{'D2'},{'D1'},{'R3'},{'D3'},{'D5'},{'R2'},{'R1'},{'D6'},,,&,1.0,&
{'D2'},{'D1'},{'R3'},{'D3'},{'D5'},{'R2'},{'R1'},{'D7'},,,&,1.0,&
{'D2'},{'D1'},{'R3'},{'D3'},{'D5'},{'R2'},{'D6'},,,,&,2.0,&
{'D2'},{'D1'},{'R3'},{'D3'},{'D5'},{'D6'},,,,,&,1.0,&
{'D2'},{'D1'},{'R3'},{'D3'},{'D5'},{'D6'},{'D7'},,,,&,1.0,&
{'D2'},{'D1'},{'R3'},{'D3'},{'D5'},{'D6'},{'R1'},,,,&,1.0,&
{'D2'},{'D1'},{'R3'},{'D3'},{'D5'},{'R1'},{'D7'},{'D6'},{'D4'},,&,1.0,&
{'D2'},{'D1'},{'R3'},{'D3'},{'D5'},{'D4'},,,,,&,1.0,&
{'D2'},{'D1'},{'R3'},{'D3'},{'D5'},{'D4'},{'D7'},,,,&,1.0,&
{'D2'},{'D1'},{'R3'},{'D3'},{'D5'},{'D4'},{'R2'},,,,&,1.0,&
{'D2'},{'D1'},{'R3'},{'D3'},{'R2'},,,,,,&,9.0,&
{'D2'},{'D1'},{'R3'},{'D3'},{'R2'},{'D7'},,,,,&,3.0,&
{'D2'},{'D1'},{'R3'},{'D3'},{'R2'},{'D7'},{'D5'},,,,&,1.0,&
{'D2'},{'D1'},{'R3'},{'D3'},{'R2'},{'D7'},{'D5'},{'D6'},,,&,1.0,&
{'D2'},{'D1'},{'R3'},{'D3'},{'R2'},{'D7'},{'R1'},{'D6'},,,&,1.0,&
{'D2'},{'D1'},{'R3'},{'D3'},{'R2'},{'D7'},{'R1'},{'D6'},{'D5'},{'D4'},&,1.0,&
{'D2'},{'D1'},{'R3'},{'D3'},{'R2'},{'D7'},{'R1'},{'D5'},,,&,1.0,&
{'D2'},{'D1'},{'R3'},{'D3'},{'R2'},{'D5'},{'D6'},,,,&,1.0,&
{'D2'},{'D1'},{'R3'},{'D3'},{'R2'},{'D5'},{'D6'},{'D7'},,,&,1.0,&
{'D2'},{'D1'},{'R3'},{'D3'},{'R2'},{'D5'},{'D4'},{'D7'},{'R1'},,&,1.0,&
{'D2'},{'D1'},{'R3'},{'D3'},{'R2'},{'D6'},,,,,&,2.0,&
{'D2'},{'D1'},{'R3'},{'D3'},{'R2'},{'D6'},{'D7'},{'D5'},{'D4'},{'R1'},&,1.0,&
{'D2'},{'D1'},{'R3'},{'D3'},{'R2'},{'D6'},{'D5'},{'D7'},,,&,1.0,&
{'D2'},{'D1'},{'R3'},{'D3'},{'R2'},{'D6'},{'D5'},{'R1'},{'D4'},,&,1.0,&
{'D2'},{'D1'},{'R3'},{'D3'},{'R2'},{'D6'},{'R1'},{'D7'},,,&,1.0,&
{'D2'},{'D1'},{'R3'},{'D3'},{'R2'},{'R1'},{'D7'},{'D6'},,,&,1.0,&
{'D2'},{'D1'},{'R3'},{'D3'},{'R2'},{'R1'},{'D7'},{'D5'},{'D6'},,&,1.0,&
{'D2'},{'D1'},{'R3'},{'D3'},{'R2'},{'R1'},{'D5'},,,,&,1.0,&
{'D2'},{'D1'},{'R3'},{'D3'},{'R2'},{'R1'},{'D5'},{'D7'},,,&,1.0,&
{'D2'},{'D1'},{'R3'},{'D3'},{'R2'},{'R1'},{'D5'},{'D7'},{'D4'},,&,1.0,&
{'D2'},{'D1'},{'R3'},{'D3'},{'R2'},{'R1'},{'D6'},{'D4'},,,&,1.0,&
{'D2'},{'D1'},{'R3'},{'D3'},{'R2'},{'R1'},{'D6'},{'D5'},{'D7'},,&,1.0,&
{'D2'},{'D1'},{'R3'},{'D3'},{'R2'},{'R1'},{'D4'},{'D7'},{'D6'},{'D5'},&,1.0,&
{'D2'},{'D1'},{'R3'},{'D3'},{'D4'},,,,,,&,1.0,&
{'D2'},{'D1'},{'R3'},{'D3'},{'D4'},{'R2'},{'R1'},{'D6'},{'D7'},,&,1.0,&
{'D2'},{'D1'},{'R3'},{'D3'},{'D4'},{'D6'},{'R2'},,,,&,1.0,&
{'D2'},{'D1'},{'R3'},{'D3'},{'D4'},{'R1'},{'D6'},{'D7'},{'R2'},,&,1.0,&
{'D2'},{'D1'},{'R3'},{'D4'},,,,,,,&,6.0,&
{'D2'},{'D1'},{'R3'},{'D4'},{'D6'},{'R2'},{'R1'},{'D7'},,,&,1.0,&
{'D2'},{'D1'},{'R3'},{'D4'},{'D3'},{'R2'},{'D5'},{'R1'},{'D6'},,&,1.0,&
{'D2'},{'D1'},{'R3'},{'D4'},{'D3'},{'R2'},{'R1'},{'D6'},,,&,1.0,&
{'D2'},{'D1'},{'R3'},{'D4'},{'D3'},{'R2'},{'D6'},{'D5'},{'D7'},{'R1'},&,1.0,&
{'D2'},{'D1'},{'R3'},{'D4'},{'R2'},{'D5'},{'R1'},,,,&,1.0,&
{'D2'},{'D1'},{'R3'},{'D4'},{'R2'},{'D3'},,,,,&,1.0,&
{'D2'},{'D1'},{'R3'},{'D4'},{'R2'},{'R1'},{'D3'},{'D7'},,,&,1.0,&
{'D2'},{'D1'},{'R3'},{'D7'},,,,,,,&,8.0,&
{'D2'},{'D1'},{'R3'},{'D7'},{'D6'},,,,,,&,1.0,&
{'D2'},{'D1'},{'R3'},{'D7'},{'D3'},{'D5'},,,,,&,1.0,&
{'D2'},{'D1'},{'R3'},{'D7'},{'D3'},{'D5'},{'R2'},,,,&,2.0,&
{'D2'},{'D1'},{'R3'},{'D7'},{'D3'},{'D5'},{'R2'},{'D6'},{'D4'},{'R1'},&,1.0,&
{'D2'},{'D1'},{'R3'},{'D7'},{'D3'},{'D5'},{'D6'},{'R2'},{'D4'},,&,1.0,&
{'D2'},{'D1'},{'R3'},{'D7'},{'D3'},{'R2'},{'D6'},,,,&,1.0,&
{'D2'},{'D1'},{'R3'},{'D7'},{'D3'},{'D6'},,,,,&,1.0,&
{'D2'},{'D1'},{'R3'},{'D7'},{'R1'},{'R2'},{'D3'},{'D6'},,,&,1.0,&
{'D2'},{'D1'},{'R3'},{'D7'},{'R1'},{'D3'},{'R2'},{'D5'},{'D6'},{'D4'},&,1.0,&
{'D2'},{'D1'},{'R3'},{'D7'},{'D5'},{'D6'},{'D3'},,,,&,1.0,&
{'D2'},{'D1'},{'R3'},{'D7'},{'R2'},,,,,,&,2.0,&
{'D2'},{'D1'},{'R3'},{'D7'},{'R2'},{'D5'},{'R1'},,,,&,1.0,&
{'D2'},{'D1'},{'R3'},{'D7'},{'R2'},{'D6'},,,,,&,1.0,&
{'D2'},{'D1'},{'R3'},{'D7'},{'R2'},{'D3'},{'D5'},{'D6'},,,&,1.0,&
{'D2'},{'D1'},{'R3'},{'D7'},{'R2'},{'R1'},{'D3'},{'D6'},,,&,1.0,&
{'D2'},{'D1'},{'R3'},{'D7'},{'R2'},{'R1'},{'D3'},{'D6'},{'D5'},,&,1.0,&
{'D2'},{'D1'},{'R3'},{'R1'},,,,,,,&,5.0,&
{'D2'},{'D1'},{'R3'},{'R1'},{'D6'},,,,,,&,1.0,&
{'D2'},{'D1'},{'R3'},{'R1'},{'D7'},,,,,,&,1.0,&
{'D2'},{'D1'},{'R3'},{'R1'},{'D3'},,,,,,&,2.0,&
{'D2'},{'D1'},{'R3'},{'R1'},{'D3'},{'D7'},,,,,&,1.0,&
{'D2'},{'D1'},{'R3'},{'R1'},{'D3'},{'R2'},,,,,&,2.0,&
{'D2'},{'D1'},{'R3'},{'R1'},{'D3'},{'R2'},{'D5'},{'D6'},{'D4'},{'D7'},&,1.0,&
{'D2'},{'D1'},{'R3'},{'R1'},{'R2'},{'D7'},{'D6'},,,,&,1.0,&
{'D2'},{'D1'},{'R3'},{'R1'},{'R2'},{'D3'},{'D7'},,,,&,1.0,&
{'D2'},{'D1'},{'R3'},{'R1'},{'R2'},{'D3'},{'D6'},,,,&,2.0,&
{'D2'},{'D1'},{'R3'},{'R1'},{'R2'},{'D3'},{'D4'},,,,&,2.0,&
{'D2'},{'D1'},{'R3'},{'D6'},,,,,,,&,3.0,&
{'D2'},{'D1'},{'R3'},{'D6'},{'D3'},,,,,,&,1.0,&
{'D2'},{'D1'},{'R3'},{'D6'},{'D3'},{'R2'},,,,,&,4.0,&
{'D2'},{'D1'},{'R3'},{'D6'},{'D3'},{'D4'},{'D5'},{'R2'},{'D7'},,&,1.0,&
{'D2'},{'D1'},{'R3'},{'D6'},{'R1'},{'R2'},{'D5'},,,,&,1.0,&
{'D2'},{'D1'},{'R3'},{'D6'},{'R1'},{'R2'},{'D3'},{'D4'},,,&,1.0,&
{'D2'},{'D1'},{'R3'},{'D6'},{'R1'},{'D4'},,,,,&,1.0,&
{'D2'},{'D1'},{'R3'},{'D6'},{'D5'},{'R2'},{'R1'},,,,&,1.0,&
{'D2'},{'D1'},{'R3'},{'D6'},{'D5'},{'R2'},{'R1'},{'D7'},{'D3'},{'D4'},&,1.0,&
{'D2'},{'D1'},{'R3'},{'D6'},{'D5'},{'D3'},{'D7'},,,,&,1.0,&
{'D2'},{'D1'},{'R3'},{'D6'},{'R2'},,,,,,&,8.0,&
{'D2'},{'D1'},{'R3'},{'D6'},{'R2'},{'D3'},{'R1'},{'D4'},,,&,1.0,&
{'D2'},{'D1'},{'R3'},{'D6'},{'R2'},{'D3'},{'R1'},{'D5'},,,&,1.0,&
{'D2'},{'D1'},{'R3'},{'D6'},{'R2'},{'R1'},,,,,&,1.0,&
{'D2'},{'D1'},{'R3'},{'D6'},{'R2'},{'R1'},{'D3'},{'D7'},{'D5'},,&,1.0,&
{'D2'},{'D1'},{'R3'},{'D6'},{'R2'},{'R1'},{'D3'},{'D7'},{'D5'},{'D4'},&,1.0,&
{'D2'},{'D1'},{'R3'},{'D6'},{'D4'},{'D3'},{'R2'},{'D5'},,,&,1.0,&
{'D2'},{'D1'},{'R2'},,,,,,,,&,117.0,&
{'D2'},{'D1'},{'R2'},{'D5'},,,,,,,&,4.0,&
{'D2'},{'D1'},{'R2'},{'D5'},{'D6'},,,,,,&,1.0,&
{'D2'},{'D1'},{'R2'},{'D5'},{'D6'},{'D7'},{'D3'},,,,&,1.0,&
{'D2'},{'D1'},{'R2'},{'D5'},{'D6'},{'D3'},{'D7'},{'R3'},,,&,1.0,&
{'D2'},{'D1'},{'R2'},{'D5'},{'D7'},{'R3'},,,,,&,1.0,&
{'D2'},{'D1'},{'R2'},{'D5'},{'D7'},{'R1'},{'D3'},{'R3'},{'D6'},{'D4'},&,1.0,&
{'D2'},{'D1'},{'R2'},{'D5'},{'D3'},,,,,,&,3.0,&
{'D2'},{'D1'},{'R2'},{'D5'},{'D3'},{'D7'},{'R3'},{'D6'},{'R1'},{'D4'},&,1.0,&
{'D2'},{'D1'},{'R2'},{'D5'},{'D3'},{'D7'},{'D6'},{'D4'},{'R1'},,&,1.0,&
{'D2'},{'D1'},{'R2'},{'D5'},{'D3'},{'D7'},{'D6'},{'R3'},{'D4'},,&,1.0,&
{'D2'},{'D1'},{'R2'},{'D5'},{'D3'},{'D6'},{'D7'},,,,&,1.0,&
{'D2'},{'D1'},{'R2'},{'D5'},{'D3'},{'R3'},,,,,&,1.0,&
{'D2'},{'D1'},{'R2'},{'D5'},{'D3'},{'R3'},{'R1'},,,,&,1.0,&
{'D2'},{'D1'},{'R2'},{'D5'},{'D3'},{'D4'},,,,,&,1.0,&
{'D2'},{'D1'},{'R2'},{'D5'},{'D3'},{'D4'},{'R3'},{'R1'},{'D7'},{'D6'},&,1.0,&
{'D2'},{'D1'},{'R2'},{'D5'},{'R1'},{'R3'},,,,,&,1.0,&
{'D2'},{'D1'},{'R2'},{'D5'},{'R1'},{'D3'},{'D6'},,,,&,1.0,&
{'D2'},{'D1'},{'R2'},{'D5'},{'R3'},,,,,,&,1.0,&
{'D2'},{'D1'},{'R2'},{'D5'},{'R3'},{'D7'},{'D3'},{'R1'},{'D6'},,&,1.0,&
{'D2'},{'D1'},{'R2'},{'D5'},{'R3'},{'D3'},{'D7'},{'D6'},{'R1'},{'D4'},&,1.0,&
{'D2'},{'D1'},{'R2'},{'D5'},{'R3'},{'D3'},{'R1'},,,,&,1.0,&
{'D2'},{'D1'},{'R2'},{'D5'},{'R3'},{'D3'},{'R1'},{'D6'},,,&,1.0,&
{'D2'},{'D1'},{'R2'},{'D5'},{'R3'},{'D3'},{'D6'},{'D7'},{'R1'},,&,1.0,&
{'D2'},{'D1'},{'R2'},{'D5'},{'R3'},{'R1'},,,,,&,1.0,&
{'D2'},{'D1'},{'R2'},{'D5'},{'R3'},{'R1'},{'D7'},{'D3'},,,&,1.0,&
{'D2'},{'D1'},{'R2'},{'D5'},{'R3'},{'R1'},{'D3'},,,,&,2.0,&
{'D2'},{'D1'},{'R2'},{'D5'},{'R3'},{'R1'},{'D3'},{'D6'},,,&,1.0,&
{'D2'},{'D1'},{'R2'},{'D3'},,,,,,,&,24.0,&
{'D2'},{'D1'},{'R2'},{'D3'},{'D6'},,,,,,&,8.0,&
{'D2'},{'D1'},{'R2'},{'D3'},{'D6'},{'D7'},,,,,&,2.0,&
{'D2'},{'D1'},{'R2'},{'D3'},{'D6'},{'D7'},{'R3'},,,,&,1.0,&
{'D2'},{'D1'},{'R2'},{'D3'},{'D6'},{'D7'},{'R3'},{'R1'},,,&,1.0,&
{'D2'},{'D1'},{'R2'},{'D3'},{'D6'},{'D7'},{'D5'},,,,&,1.0,&
{'D2'},{'D1'},{'R2'},{'D3'},{'D6'},{'D7'},{'D5'},{'R3'},{'D4'},{'R1'},&,1.0,&
{'D2'},{'D1'},{'R2'},{'D3'},{'D6'},{'D7'},{'D4'},,,,&,1.0,&
{'D2'},{'D1'},{'R2'},{'D3'},{'D6'},{'D5'},,,,,&,2.0,&
{'D2'},{'D1'},{'R2'},{'D3'},{'D6'},{'D5'},{'R3'},{'D4'},{'D7'},{'R1'},&,1.0,&
{'D2'},{'D1'},{'R2'},{'D3'},{'D6'},{'D5'},{'R3'},{'D7'},{'D4'},{'R1'},&,1.0,&
{'D2'},{'D1'},{'R2'},{'D3'},{'D6'},{'R3'},,,,,&,3.0,&
{'D2'},{'D1'},{'R2'},{'D3'},{'D6'},{'R3'},{'D7'},{'D5'},{'D4'},,&,1.0,&
{'D2'},{'D1'},{'R2'},{'D3'},{'D6'},{'R3'},{'D7'},{'R1'},{'D5'},{'D4'},&,1.0,&
{'D2'},{'D1'},{'R2'},{'D3'},{'D6'},{'R3'},{'R1'},,,,&,1.0,&
{'D2'},{'D1'},{'R2'},{'D3'},{'D6'},{'R3'},{'R1'},{'D7'},{'D5'},{'D4'},&,1.0,&
{'D2'},{'D1'},{'R2'},{'D3'},{'D6'},{'R3'},{'R1'},{'D5'},{'D7'},,&,1.0,&
{'D2'},{'D1'},{'R2'},{'D3'},{'D6'},{'R1'},,,,,&,1.0,&
{'D2'},{'D1'},{'R2'},{'D3'},{'D6'},{'R1'},{'D7'},{'D5'},{'R3'},,&,1.0,&
{'D2'},{'D1'},{'R2'},{'D3'},{'D6'},{'D4'},{'R3'},,,,&,1.0,&
{'D2'},{'D1'},{'R2'},{'D3'},{'D6'},{'D4'},{'D5'},{'R3'},{'D7'},,&,1.0,&
{'D2'},{'D1'},{'R2'},{'D3'},{'D6'},{'D4'},{'R1'},{'D7'},{'R3'},{'D5'},&,1.0,&
{'D2'},{'D1'},{'R2'},{'D3'},{'D7'},,,,,,&,6.0,&
{'D2'},{'D1'},{'R2'},{'D3'},{'D7'},{'D5'},{'R3'},{'D6'},{'R1'},,&,1.0,&
{'D2'},{'D1'},{'R2'},{'D3'},{'D7'},{'D5'},{'R3'},{'D6'},{'R1'},{'D4'},&,1.0,&
{'D2'},{'D1'},{'R2'},{'D3'},{'D7'},{'D5'},{'D6'},,,,&,1.0,&
{'D2'},{'D1'},{'R2'},{'D3'},{'D7'},{'D5'},{'D6'},{'R1'},,,&,1.0,&
{'D2'},{'D1'},{'R2'},{'D3'},{'D7'},{'D6'},,,,,&,2.0,&
{'D2'},{'D1'},{'R2'},{'D3'},{'D7'},{'D6'},{'D5'},{'D4'},,,&,1.0,&
{'D2'},{'D1'},{'R2'},{'D3'},{'D7'},{'D6'},{'D5'},{'R3'},{'R1'},,&,1.0,&
{'D2'},{'D1'},{'R2'},{'D3'},{'D7'},{'R3'},,,,,&,1.0,&
{'D2'},{'D1'},{'R2'},{'D3'},{'D7'},{'R3'},{'D5'},,,,&,2.0,&
{'D2'},{'D1'},{'R2'},{'D3'},{'D7'},{'R3'},{'D5'},{'D6'},{'R1'},,&,1.0,&
{'D2'},{'D1'},{'R2'},{'D3'},{'D7'},{'R3'},{'D5'},{'D6'},{'R1'},{'D4'},&,1.0,&
{'D2'},{'D1'},{'R2'},{'D3'},{'D7'},{'R3'},{'D5'},{'R1'},,,&,1.0,&
{'D2'},{'D1'},{'R2'},{'D3'},{'D7'},{'R3'},{'R1'},{'D6'},,,&,1.0,&
{'D2'},{'D1'},{'R2'},{'D3'},{'D7'},{'R3'},{'D6'},,,,&,2.0,&
{'D2'},{'D1'},{'R2'},{'D3'},{'D7'},{'R3'},{'D6'},{'D5'},{'R1'},{'D4'},&,1.0,&
{'D2'},{'D1'},{'R2'},{'D3'},{'D7'},{'R3'},{'D6'},{'D5'},{'D4'},{'R1'},&,1.0,&
{'D2'},{'D1'},{'R2'},{'D3'},{'D7'},{'R3'},{'D6'},{'R1'},{'D5'},{'D4'},&,1.0,&
{'D2'},{'D1'},{'R2'},{'D3'},{'D7'},{'R3'},{'D4'},{'D5'},{'D6'},,&,1.0,&
{'D2'},{'D1'},{'R2'},{'D3'},{'D7'},{'R3'},{'D4'},{'R1'},,,&,1.0,&
{'D2'},{'D1'},{'R2'},{'D3'},{'D7'},{'R1'},,,,,&,1.0,&
{'D2'},{'D1'},{'R2'},{'D3'},{'D7'},{'D4'},{'D6'},{'R3'},{'D5'},,&,1.0,&
{'D2'},{'D1'},{'R2'},{'D3'},{'R1'},,,,,,&,4.0,&
{'D2'},{'D1'},{'R2'},{'D3'},{'R1'},{'D7'},{'R3'},,,,&,2.0,&
{'D2'},{'D1'},{'R2'},{'D3'},{'R1'},{'D7'},{'D5'},,,,&,1.0,&
{'D2'},{'D1'},{'R2'},{'D3'},{'R1'},{'D7'},{'D5'},{'D6'},,,&,1.0,&
{'D2'},{'D1'},{'R2'},{'D3'},{'R1'},{'D7'},{'D5'},{'D4'},{'D6'},,&,1.0,&
{'D2'},{'D1'},{'R2'},{'D3'},{'R1'},{'D7'},{'D6'},{'D4'},{'D5'},{'R3'},&,1.0,&
{'D2'},{'D1'},{'R2'},{'D3'},{'R1'},{'D7'},{'D6'},{'R3'},{'D5'},,&,1.0,&
{'D2'},{'D1'},{'R2'},{'D3'},{'R1'},{'D5'},,,,,&,1.0,&
{'D2'},{'D1'},{'R2'},{'D3'},{'R1'},{'D5'},{'R3'},{'D6'},,,&,1.0,&
{'D2'},{'D1'},{'R2'},{'D3'},{'R1'},{'D5'},{'D6'},{'D4'},{'D7'},,&,1.0,&
{'D2'},{'D1'},{'R2'},{'D3'},{'R1'},{'D5'},{'D6'},{'D4'},{'D7'},{'R3'},&,1.0,&
{'D2'},{'D1'},{'R2'},{'D3'},{'R1'},{'D6'},,,,,&,1.0,&
{'D2'},{'D1'},{'R2'},{'D3'},{'R1'},{'D6'},{'R3'},,,,&,1.0,&
{'D2'},{'D1'},{'R2'},{'D3'},{'R1'},{'R3'},{'D7'},,,,&,1.0,&
{'D2'},{'D1'},{'R2'},{'D3'},{'R1'},{'R3'},{'D6'},{'D7'},{'D5'},{'D4'},&,1.0,&
{'D2'},{'D1'},{'R2'},{'D3'},{'R1'},{'R3'},{'D4'},{'D5'},{'D6'},,&,1.0,&
{'D2'},{'D1'},{'R2'},{'D3'},{'D5'},,,,,,&,7.0,&
{'D2'},{'D1'},{'R2'},{'D3'},{'D5'},{'D7'},,,,,&,3.0,&
{'D2'},{'D1'},{'R2'},{'D3'},{'D5'},{'D7'},{'R3'},,,,&,1.0,&
{'D2'},{'D1'},{'R2'},{'D3'},{'D5'},{'D7'},{'D6'},{'D4'},{'R3'},,&,1.0,&
{'D2'},{'D1'},{'R2'},{'D3'},{'D5'},{'D7'},{'D6'},{'R3'},,,&,1.0,&
{'D2'},{'D1'},{'R2'},{'D3'},{'D5'},{'D7'},{'D6'},{'R3'},{'D4'},{'R1'},&,1.0,&
{'D2'},{'D1'},{'R2'},{'D3'},{'D5'},{'D6'},,,,,&,1.0,&
{'D2'},{'D1'},{'R2'},{'D3'},{'D5'},{'D6'},{'R3'},,,,&,2.0,&
{'D2'},{'D1'},{'R2'},{'D3'},{'D5'},{'D6'},{'R3'},{'R1'},,,&,1.0,&
{'D2'},{'D1'},{'R2'},{'D3'},{'D5'},{'D6'},{'R1'},{'R3'},,,&,1.0,&
{'D2'},{'D1'},{'R2'},{'D3'},{'D5'},{'R3'},,,,,&,2.0,&
{'D2'},{'D1'},{'R2'},{'D3'},{'D5'},{'R3'},{'D7'},,,,&,1.0,&
{'D2'},{'D1'},{'R2'},{'D3'},{'D5'},{'R3'},{'D7'},{'D6'},{'D4'},,&,1.0,&
{'D2'},{'D1'},{'R2'},{'D3'},{'D5'},{'R3'},{'D7'},{'D4'},{'R1'},,&,1.0,&
{'D2'},{'D1'},{'R2'},{'D3'},{'D5'},{'R3'},{'R1'},{'D6'},{'D7'},,&,1.0,&
{'D2'},{'D1'},{'R2'},{'D3'},{'D5'},{'R3'},{'R1'},{'D6'},{'D7'},{'D4'},&,1.0,&
{'D2'},{'D1'},{'R2'},{'D3'},{'D5'},{'R3'},{'R1'},{'D7'},,,&,1.0,&
{'D2'},{'D1'},{'R2'},{'D3'},{'D5'},{'R3'},{'D6'},{'D7'},{'D4'},{'R1'},&,1.0,&
{'D2'},{'D1'},{'R2'},{'D3'},{'D5'},{'R3'},{'D6'},{'R1'},{'D7'},{'D4'},&,1.0,&
{'D2'},{'D1'},{'R2'},{'D3'},{'D5'},{'R1'},,,,,&,1.0,&
{'D2'},{'D1'},{'R2'},{'D3'},{'D5'},{'R1'},{'D6'},,,,&,1.0,&
{'D2'},{'D1'},{'R2'},{'D3'},{'D5'},{'D4'},{'D6'},,,,&,1.0,&
{'D2'},{'D1'},{'R2'},{'D3'},{'R3'},,,,,,&,10.0,&
{'D2'},{'D1'},{'R2'},{'D3'},{'R3'},{'D7'},,,,,&,1.0,&
{'D2'},{'D1'},{'R2'},{'D3'},{'R3'},{'D7'},{'R1'},,,,&,1.0,&
{'D2'},{'D1'},{'R2'},{'D3'},{'R3'},{'D7'},{'R1'},{'D6'},{'D5'},{'D4'},&,1.0,&
{'D2'},{'D1'},{'R2'},{'D3'},{'R3'},{'D7'},{'D6'},,,,&,1.0,&
{'D2'},{'D1'},{'R2'},{'D3'},{'R3'},{'D7'},{'D4'},{'R1'},{'D6'},,&,1.0,&
{'D2'},{'D1'},{'R2'},{'D3'},{'R3'},{'D5'},,,,,&,1.0,&
{'D2'},{'D1'},{'R2'},{'D3'},{'R3'},{'D5'},{'D7'},,,,&,1.0,&
{'D2'},{'D1'},{'R2'},{'D3'},{'R3'},{'D5'},{'D7'},{'R1'},,,&,1.0,&
{'D2'},{'D1'},{'R2'},{'D3'},{'R3'},{'D5'},{'R1'},,,,&,1.0,&
{'D2'},{'D1'},{'R2'},{'D3'},{'R3'},{'D5'},{'R1'},{'D6'},,,&,1.0,&
{'D2'},{'D1'},{'R2'},{'D3'},{'R3'},{'D5'},{'R1'},{'D6'},{'D4'},,&,1.0,&
{'D2'},{'D1'},{'R2'},{'D3'},{'R3'},{'D5'},{'R1'},{'D4'},{'D7'},{'D6'},&,1.0,&
{'D2'},{'D1'},{'R2'},{'D3'},{'R3'},{'D5'},{'D6'},,,,&,1.0,&
{'D2'},{'D1'},{'R2'},{'D3'},{'R3'},{'D5'},{'D6'},{'D7'},{'D4'},,&,1.0,&
{'D2'},{'D1'},{'R2'},{'D3'},{'R3'},{'D6'},,,,,&,3.0,&
{'D2'},{'D1'},{'R2'},{'D3'},{'R3'},{'D6'},{'D7'},,,,&,1.0,&
{'D2'},{'D1'},{'R2'},{'D3'},{'R3'},{'D6'},{'D7'},{'D5'},{'R1'},,&,1.0,&
{'D2'},{'D1'},{'R2'},{'D3'},{'R3'},{'D6'},{'D5'},{'R1'},{'D4'},{'D7'},&,1.0,&
{'D2'},{'D1'},{'R2'},{'D3'},{'R3'},{'D6'},{'R1'},{'D4'},{'D5'},,&,1.0,&
{'D2'},{'D1'},{'R2'},{'D3'},{'R3'},{'D6'},{'R1'},{'D4'},{'D5'},{'D7'},&,1.0,&
{'D2'},{'D1'},{'R2'},{'D3'},{'R3'},{'D6'},{'R1'},{'D7'},,,&,1.0,&
{'D2'},{'D1'},{'R2'},{'D3'},{'R3'},{'D6'},{'R1'},{'D7'},{'D5'},,&,1.0,&
{'D2'},{'D1'},{'R2'},{'D3'},{'R3'},{'R1'},,,,,&,5.0,&
{'D2'},{'D1'},{'R2'},{'D3'},{'R3'},{'R1'},{'D7'},,,,&,2.0,&
{'D2'},{'D1'},{'R2'},{'D3'},{'R3'},{'R1'},{'D7'},{'D6'},,,&,1.0,&
{'D2'},{'D1'},{'R2'},{'D3'},{'R3'},{'R1'},{'D5'},,,,&,5.0,&
{'D2'},{'D1'},{'R2'},{'D3'},{'R3'},{'R1'},{'D5'},{'D6'},,,&,1.0,&
{'D2'},{'D1'},{'R2'},{'D3'},{'R3'},{'R1'},{'D5'},{'D6'},{'D7'},,&,1.0,&
{'D2'},{'D1'},{'R2'},{'D3'},{'R3'},{'R1'},{'D6'},,,,&,2.0,&
{'D2'},{'D1'},{'R2'},{'D3'},{'R3'},{'R1'},{'D6'},{'D4'},,,&,1.0,&
{'D2'},{'D1'},{'R2'},{'D3'},{'R3'},{'R1'},{'D6'},{'D5'},{'D7'},{'D4'},&,1.0,&
{'D2'},{'D1'},{'R2'},{'D3'},{'R3'},{'D4'},,,,,&,1.0,&
{'D2'},{'D1'},{'R2'},{'D3'},{'R3'},{'D4'},{'D6'},{'D5'},{'D7'},,&,1.0,&
{'D2'},{'D1'},{'R2'},{'D3'},{'D4'},,,,,,&,1.0,&
{'D2'},{'D1'},{'R2'},{'D3'},{'D4'},{'D5'},,,,,&,1.0,&
{'D2'},{'D1'},{'R2'},{'D3'},{'D4'},{'D6'},{'D5'},{'R3'},{'D7'},,&,1.0,&
{'D2'},{'D1'},{'R2'},{'D3'},{'D4'},{'R3'},{'R1'},,,,&,1.0,&
{'D2'},{'D1'},{'R2'},{'D3'},{'D4'},{'R1'},,,,,&,1.0,&
{'D2'},{'D1'},{'R2'},{'D4'},,,,,,,&,3.0,&
{'D2'},{'D1'},{'R2'},{'D4'},{'D3'},{'D6'},,,,,&,1.0,&
{'D2'},{'D1'},{'R2'},{'D4'},{'R3'},,,,,,&,1.0,&
{'D2'},{'D1'},{'R2'},{'D4'},{'R3'},{'D3'},{'R1'},{'D7'},{'D5'},,&,1.0,&
{'D2'},{'D1'},{'R2'},{'D4'},{'R3'},{'R1'},,,,,&,1.0,&
{'D2'},{'D1'},{'R2'},{'D7'},,,,,,,&,4.0,&
{'D2'},{'D1'},{'R2'},{'D7'},{'D6'},{'R3'},{'D3'},,,,&,1.0,&
{'D2'},{'D1'},{'R2'},{'D7'},{'D3'},,,,,,&,1.0,&
{'D2'},{'D1'},{'R2'},{'D7'},{'D3'},{'D5'},{'D6'},{'D4'},,,&,1.0,&
{'D2'},{'D1'},{'R2'},{'D7'},{'D3'},{'D5'},{'D4'},{'D6'},{'R3'},,&,1.0,&
{'D2'},{'D1'},{'R2'},{'D7'},{'D3'},{'R3'},,,,,&,2.0,&
{'D2'},{'D1'},{'R2'},{'D7'},{'D3'},{'R3'},{'D5'},{'D6'},{'D4'},,&,1.0,&
{'D2'},{'D1'},{'R2'},{'D7'},{'D3'},{'R1'},,,,,&,1.0,&
{'D2'},{'D1'},{'R2'},{'D7'},{'R1'},{'R3'},{'D3'},{'D6'},,,&,1.0,&
{'D2'},{'D1'},{'R2'},{'D7'},{'R1'},{'D3'},{'R3'},{'D6'},,,&,1.0,&
{'D2'},{'D1'},{'R2'},{'D7'},{'R1'},{'D3'},{'R3'},{'D6'},{'D5'},{'D4'},&,1.0,&
{'D2'},{'D1'},{'R2'},{'D7'},{'D5'},,,,,,&,1.0,&
{'D2'},{'D1'},{'R2'},{'D7'},{'D5'},{'D3'},{'D6'},{'D4'},{'R3'},,&,1.0,&
{'D2'},{'D1'},{'R2'},{'D7'},{'D5'},{'D3'},{'D6'},{'R3'},{'R1'},{'D4'},&,1.0,&
{'D2'},{'D1'},{'R2'},{'D7'},{'R3'},,,,,,&,6.0,&
{'D2'},{'D1'},{'R2'},{'D7'},{'R3'},{'D6'},,,,,&,1.0,&
{'D2'},{'D1'},{'R2'},{'D7'},{'R3'},{'D3'},,,,,&,1.0,&
{'D2'},{'D1'},{'R2'},{'D7'},{'R3'},{'D3'},{'R1'},{'D6'},{'D4'},{'D5'},&,1.0,&
{'D2'},{'D1'},{'R2'},{'D7'},{'R3'},{'D3'},{'R1'},{'D5'},{'D6'},{'D4'},&,1.0,&
{'D2'},{'D1'},{'R2'},{'D7'},{'R3'},{'D3'},{'D6'},,,,&,1.0,&
{'D2'},{'D1'},{'R2'},{'D7'},{'R3'},{'R1'},,,,,&,1.0,&
{'D2'},{'D1'},{'R2'},{'D7'},{'R3'},{'R1'},{'D5'},{'D3'},{'D4'},{'D6'},&,1.0,&
{'D2'},{'D1'},{'R2'},{'D7'},{'R3'},{'R1'},{'D3'},,,,&,1.0,&
{'D2'},{'D1'},{'R2'},{'D7'},{'R3'},{'R1'},{'D3'},{'D5'},{'D6'},{'D4'},&,1.0,&
{'D2'},{'D1'},{'R2'},{'R1'},,,,,,,&,9.0,&
{'D2'},{'D1'},{'R2'},{'R1'},{'D6'},,,,,,&,1.0,&
{'D2'},{'D1'},{'R2'},{'R1'},{'D6'},{'D3'},{'R3'},{'D5'},,,&,1.0,&
{'D2'},{'D1'},{'R2'},{'R1'},{'D7'},,,,,,&,1.0,&
{'D2'},{'D1'},{'R2'},{'R1'},{'D7'},{'R3'},,,,,&,1.0,&
{'D2'},{'D1'},{'R2'},{'R1'},{'D3'},,,,,,&,1.0,&
{'D2'},{'D1'},{'R2'},{'R1'},{'D3'},{'D5'},,,,,&,1.0,&
{'D2'},{'D1'},{'R2'},{'R1'},{'D3'},{'D6'},{'D7'},,,,&,1.0,&
{'D2'},{'D1'},{'R2'},{'R1'},{'D3'},{'D6'},{'R3'},{'D5'},,,&,1.0,&
{'D2'},{'D1'},{'R2'},{'R1'},{'D3'},{'R3'},{'D5'},{'D6'},{'D4'},,&,1.0,&
{'D2'},{'D1'},{'R2'},{'R1'},{'D5'},{'D6'},,,,,&,1.0,&
{'D2'},{'D1'},{'R2'},{'R1'},{'D5'},{'R3'},{'D6'},{'D3'},,,&,1.0,&
{'D2'},{'D1'},{'R2'},{'R1'},{'R3'},,,,,,&,1.0,&
{'D2'},{'D1'},{'R2'},{'R1'},{'R3'},{'D5'},,,,,&,1.0,&
{'D2'},{'D1'},{'R2'},{'R1'},{'R3'},{'D5'},{'D3'},{'D4'},{'D6'},{'D7'},&,1.0,&
{'D2'},{'D1'},{'R2'},{'R1'},{'R3'},{'D6'},{'D7'},{'D5'},,,&,1.0,&
{'D2'},{'D1'},{'R2'},{'R1'},{'R3'},{'D6'},{'D5'},,,,&,1.0,&
{'D2'},{'D1'},{'R2'},{'R1'},{'R3'},{'D3'},,,,,&,2.0,&
{'D2'},{'D1'},{'R2'},{'R1'},{'R3'},{'D3'},{'D7'},,,,&,2.0,&
{'D2'},{'D1'},{'R2'},{'R1'},{'R3'},{'D3'},{'D5'},{'D7'},{'D6'},{'D4'},&,1.0,&
{'D2'},{'D1'},{'R2'},{'R1'},{'R3'},{'D3'},{'D6'},{'D5'},,,&,2.0,&
{'D2'},{'D1'},{'R2'},{'R3'},,,,,,,&,33.0,&
{'D2'},{'D1'},{'R2'},{'R3'},{'D6'},,,,,,&,7.0,&
{'D2'},{'D1'},{'R2'},{'R3'},{'D6'},{'D3'},{'D7'},{'D5'},{'D4'},,&,2.0,&
{'D2'},{'D1'},{'R2'},{'R3'},{'D6'},{'D3'},{'D5'},{'D7'},{'D4'},{'R1'},&,1.0,&
{'D2'},{'D1'},{'R2'},{'R3'},{'D6'},{'D3'},{'D5'},{'R1'},,,&,1.0,&
{'D2'},{'D1'},{'R2'},{'R3'},{'D6'},{'R1'},{'D5'},,,,&,1.0,&
{'D2'},{'D1'},{'R2'},{'R3'},{'D6'},{'R1'},{'D3'},,,,&,1.0,&
{'D2'},{'D1'},{'R2'},{'R3'},{'D6'},{'R1'},{'D3'},{'D7'},{'D5'},{'D4'},&,1.0,&
{'D2'},{'D1'},{'R2'},{'R3'},{'D6'},{'R1'},{'D3'},{'D5'},,,&,1.0,&
{'D2'},{'D1'},{'R2'},{'R3'},{'D7'},{'D3'},,,,,&,1.0,&
{'D2'},{'D1'},{'R2'},{'R3'},{'D7'},{'R1'},,,,,&,1.0,&
{'D2'},{'D1'},{'R2'},{'R3'},{'D7'},{'R1'},{'D3'},{'D5'},,,&,1.0,&
{'D2'},{'D1'},{'R2'},{'R3'},{'D3'},,,,,,&,12.0,&
{'D2'},{'D1'},{'R2'},{'R3'},{'D3'},{'D7'},,,,,&,3.0,&
{'D2'},{'D1'},{'R2'},{'R3'},{'D3'},{'D7'},{'D5'},{'D6'},,,&,1.0,&
{'D2'},{'D1'},{'R2'},{'R3'},{'D3'},{'D7'},{'D5'},{'D6'},{'R1'},,&,1.0,&
{'D2'},{'D1'},{'R2'},{'R3'},{'D3'},{'D7'},{'D5'},{'D6'},{'D4'},{'R1'},&,1.0,&
{'D2'},{'D1'},{'R2'},{'R3'},{'D3'},{'D7'},{'D5'},{'R1'},{'D6'},,&,1.0,&
{'D2'},{'D1'},{'R2'},{'R3'},{'D3'},{'D7'},{'R1'},,,,&,1.0,&
{'D2'},{'D1'},{'R2'},{'R3'},{'D3'},{'D7'},{'R1'},{'D6'},{'D4'},{'D5'},&,1.0,&
{'D2'},{'D1'},{'R2'},{'R3'},{'D3'},{'D7'},{'D6'},,,,&,1.0,&
{'D2'},{'D1'},{'R2'},{'R3'},{'D3'},{'D7'},{'D6'},{'D5'},{'D4'},{'R1'},&,1.0,&
{'D2'},{'D1'},{'R2'},{'R3'},{'D3'},{'D5'},,,,,&,2.0,&
{'D2'},{'D1'},{'R2'},{'R3'},{'D3'},{'D5'},{'D7'},{'D6'},{'R1'},,&,1.0,&
{'D2'},{'D1'},{'R2'},{'R3'},{'D3'},{'D5'},{'D7'},{'R1'},{'D4'},,&,1.0,&
{'D2'},{'D1'},{'R2'},{'R3'},{'D3'},{'D5'},{'R1'},,,,&,1.0,&
{'D2'},{'D1'},{'R2'},{'R3'},{'D3'},{'D5'},{'R1'},{'D6'},{'D7'},,&,1.0,&
{'D2'},{'D1'},{'R2'},{'R3'},{'D3'},{'D5'},{'R1'},{'D6'},{'D4'},,&,1.0,&
{'D2'},{'D1'},{'R2'},{'R3'},{'D3'},{'D5'},{'D6'},,,,&,1.0,&
{'D2'},{'D1'},{'R2'},{'R3'},{'D3'},{'D5'},{'D6'},{'D7'},,,&,1.0,&
{'D2'},{'D1'},{'R2'},{'R3'},{'D3'},{'D6'},,,,,&,2.0,&
{'D2'},{'D1'},{'R2'},{'R3'},{'D3'},{'D6'},{'D7'},{'D5'},{'D4'},,&,1.0,&
{'D2'},{'D1'},{'R2'},{'R3'},{'D3'},{'D6'},{'D7'},{'D5'},{'D4'},{'R1'},&,1.0,&
{'D2'},{'D1'},{'R2'},{'R3'},{'D3'},{'D6'},{'D5'},{'R1'},{'D7'},,&,1.0,&
{'D2'},{'D1'},{'R2'},{'R3'},{'D3'},{'D6'},{'R1'},{'D7'},,,&,2.0,&
{'D2'},{'D1'},{'R2'},{'R3'},{'D3'},{'D6'},{'R1'},{'D7'},{'D4'},{'D5'},&,1.0,&
{'D2'},{'D1'},{'R2'},{'R3'},{'D3'},{'D6'},{'R1'},{'D5'},{'D7'},,&,1.0,&
{'D2'},{'D1'},{'R2'},{'R3'},{'D3'},{'D6'},{'D4'},,,,&,2.0,&
{'D2'},{'D1'},{'R2'},{'R3'},{'D3'},{'R1'},,,,,&,5.0,&
{'D2'},{'D1'},{'R2'},{'R3'},{'D3'},{'R1'},{'D7'},,,,&,2.0,&
{'D2'},{'D1'},{'R2'},{'R3'},{'D3'},{'R1'},{'D7'},{'D5'},,,&,1.0,&
{'D2'},{'D1'},{'R2'},{'R3'},{'D3'},{'R1'},{'D5'},,,,&,1.0,&
{'D2'},{'D1'},{'R2'},{'R3'},{'D3'},{'R1'},{'D5'},{'D6'},,,&,1.0,&
{'D2'},{'D1'},{'R2'},{'R3'},{'D3'},{'R1'},{'D5'},{'D7'},{'D6'},,&,1.0,&
{'D2'},{'D1'},{'R2'},{'R3'},{'D3'},{'R1'},{'D6'},,,,&,1.0,&
{'D2'},{'D1'},{'R2'},{'R3'},{'D3'},{'R1'},{'D6'},{'D4'},{'D5'},{'D7'},&,1.0,&
{'D2'},{'D1'},{'R2'},{'R3'},{'D3'},{'R1'},{'D6'},{'D7'},{'D4'},{'D5'},&,1.0,&
{'D2'},{'D1'},{'R2'},{'R3'},{'D3'},{'R1'},{'D6'},{'D5'},{'D4'},,&,1.0,&
{'D2'},{'D1'},{'R2'},{'R3'},{'D3'},{'D4'},{'D7'},,,,&,1.0,&
{'D2'},{'D1'},{'R2'},{'R3'},{'D3'},{'D4'},{'D7'},{'D5'},{'D6'},,&,1.0,&
{'D2'},{'D1'},{'R2'},{'R3'},{'R1'},,,,,,&,14.0,&
{'D2'},{'D1'},{'R2'},{'R3'},{'R1'},{'D7'},,,,,&,1.0,&
{'D2'},{'D1'},{'R2'},{'R3'},{'R1'},{'D7'},{'D6'},{'D3'},,,&,1.0,&
{'D2'},{'D1'},{'R2'},{'R3'},{'R1'},{'D7'},{'D3'},,,,&,1.0,&
{'D2'},{'D1'},{'R2'},{'R3'},{'R1'},{'D7'},{'D3'},{'D4'},{'D6'},,&,1.0,&
{'D2'},{'D1'},{'R2'},{'R3'},{'R1'},{'D5'},,,,,&,1.0,&
{'D2'},{'D1'},{'R2'},{'R3'},{'R1'},{'D5'},{'D7'},{'D3'},,,&,1.0,&
{'D2'},{'D1'},{'R2'},{'R3'},{'R1'},{'D5'},{'D6'},{'D3'},{'D4'},{'D7'},&,1.0,&
{'D2'},{'D1'},{'R2'},{'R3'},{'R1'},{'D6'},,,,,&,1.0,&
{'D2'},{'D1'},{'R2'},{'R3'},{'R1'},{'D6'},{'D5'},,,,&,1.0,&
{'D2'},{'D1'},{'R2'},{'R3'},{'R1'},{'D6'},{'D3'},,,,&,1.0,&
{'D2'},{'D1'},{'R2'},{'R3'},{'R1'},{'D3'},,,,,&,6.0,&
{'D2'},{'D1'},{'R2'},{'R3'},{'R1'},{'D3'},{'D7'},,,,&,2.0,&
{'D2'},{'D1'},{'R2'},{'R3'},{'R1'},{'D3'},{'D7'},{'D6'},{'D5'},,&,1.0,&
{'D2'},{'D1'},{'R2'},{'R3'},{'R1'},{'D3'},{'D7'},{'D5'},{'D6'},,&,1.0,&
{'D2'},{'D1'},{'R2'},{'R3'},{'R1'},{'D3'},{'D5'},,,,&,3.0,&
{'D2'},{'D1'},{'R2'},{'R3'},{'R1'},{'D3'},{'D5'},{'D6'},,,&,1.0,&
{'D2'},{'D1'},{'R2'},{'R3'},{'R1'},{'D3'},{'D6'},,,,&,2.0,&
{'D2'},{'D1'},{'R2'},{'R3'},{'R1'},{'D3'},{'D6'},{'D7'},,,&,1.0,&
{'D2'},{'D1'},{'R2'},{'R3'},{'R1'},{'D3'},{'D6'},{'D7'},{'D5'},,&,1.0,&
{'D2'},{'D1'},{'R2'},{'R3'},{'R1'},{'D3'},{'D6'},{'D5'},,,&,1.0,&
{'D2'},{'D1'},{'R2'},{'R3'},{'R1'},{'D4'},{'D6'},{'D3'},{'D5'},,&,1.0,&
{'D2'},{'D1'},{'R2'},{'R3'},{'R1'},{'D4'},{'D3'},{'D7'},,,&,1.0,&
{'D2'},{'D1'},{'R2'},{'R3'},{'D5'},,,,,,&,3.0,&
{'D2'},{'D1'},{'R2'},{'R3'},{'D5'},{'D3'},{'R1'},,,,&,2.0,&
{'D2'},{'D1'},{'R2'},{'R3'},{'D5'},{'D3'},{'R1'},{'D6'},{'D7'},{'D4'},&,1.0,&
{'D2'},{'D1'},{'R2'},{'R3'},{'D5'},{'D3'},{'R1'},{'D4'},,,&,1.0,&
{'D2'},{'D1'},{'R2'},{'R3'},{'D5'},{'D3'},{'D6'},{'D7'},{'D4'},,&,1.0,&
{'D2'},{'D1'},{'R2'},{'R3'},{'D5'},{'R1'},{'D3'},{'D6'},,,&,1.0,&
{'D2'},{'D1'},{'R2'},{'R3'},{'D5'},{'R1'},{'D3'},{'D6'},{'D7'},{'D4'},&,1.0,&
{'D2'},{'D1'},{'R2'},{'R3'},{'D4'},,,,,,&,1.0,&
{'D2'},{'D1'},{'R2'},{'R3'},{'D4'},{'R1'},{'D5'},,,,&,1.0,&
{'D2'},{'D1'},{'R2'},{'D6'},,,,,,,&,11.0,&
{'D2'},{'D1'},{'R2'},{'D6'},{'D7'},,,,,,&,1.0,&
{'D2'},{'D1'},{'R2'},{'D6'},{'D7'},{'R3'},{'R1'},,,,&,1.0,&
{'D2'},{'D1'},{'R2'},{'D6'},{'D7'},{'R3'},{'D3'},{'R1'},,,&,1.0,&
{'D2'},{'D1'},{'R2'},{'D6'},{'D3'},,,,,,&,2.0,&
{'D2'},{'D1'},{'R2'},{'D6'},{'D3'},{'D7'},{'R3'},,,,&,1.0,&
{'D2'},{'D1'},{'R2'},{'D6'},{'D3'},{'D7'},{'R3'},{'D5'},{'D4'},,&,2.0,&
{'D2'},{'D1'},{'R2'},{'D6'},{'D3'},{'R3'},,,,,&,2.0,&
{'D2'},{'D1'},{'R2'},{'D6'},{'D3'},{'R3'},{'D7'},{'D5'},,,&,1.0,&
{'D2'},{'D1'},{'R2'},{'D6'},{'D3'},{'R3'},{'D7'},{'R1'},{'D4'},{'D5'},&,1.0,&
{'D2'},{'D1'},{'R2'},{'D6'},{'D3'},{'R3'},{'D5'},{'R1'},{'D7'},,&,1.0,&
{'D2'},{'D1'},{'R2'},{'D6'},{'D3'},{'R3'},{'R1'},{'D4'},,,&,1.0,&
{'D2'},{'D1'},{'R2'},{'D6'},{'D3'},{'R3'},{'R1'},{'D7'},{'D5'},,&,1.0,&
{'D2'},{'D1'},{'R2'},{'D6'},{'D3'},{'R3'},{'R1'},{'D5'},,,&,2.0,&
{'D2'},{'D1'},{'R2'},{'D6'},{'D3'},{'R3'},{'R1'},{'D5'},{'D7'},,&,1.0,&
{'D2'},{'D1'},{'R2'},{'D6'},{'D3'},{'D4'},{'R3'},,,,&,1.0,&
{'D2'},{'D1'},{'R2'},{'D6'},{'R1'},{'D3'},{'R3'},{'D7'},,,&,1.0,&
{'D2'},{'D1'},{'R2'},{'D6'},{'D5'},,,,,,&,1.0,&
{'D2'},{'D1'},{'R2'},{'D6'},{'D5'},{'R3'},{'D3'},{'D7'},{'D4'},{'R1'},&,1.0,&
{'D2'},{'D1'},{'R2'},{'D6'},{'R3'},,,,,,&,2.0,&
{'D2'},{'D1'},{'R2'},{'D6'},{'R3'},{'D5'},,,,,&,1.0,&
{'D2'},{'D1'},{'R2'},{'D6'},{'R3'},{'D5'},{'R1'},,,,&,1.0,&
{'D2'},{'D1'},{'R2'},{'D6'},{'R3'},{'D3'},,,,,&,3.0,&
{'D2'},{'D1'},{'R2'},{'D6'},{'R3'},{'D3'},{'D7'},{'D4'},{'D5'},,&,1.0,&
{'D2'},{'D1'},{'R2'},{'D6'},{'R3'},{'D3'},{'D7'},{'D5'},{'D4'},{'R1'},&,1.0,&
{'D2'},{'D1'},{'R2'},{'D6'},{'R3'},{'D3'},{'D7'},{'R1'},,,&,1.0,&
{'D2'},{'D1'},{'R2'},{'D6'},{'R3'},{'D3'},{'D5'},{'R1'},,,&,1.0,&
{'D2'},{'D1'},{'R2'},{'D6'},{'R3'},{'D3'},{'R1'},{'D7'},,,&,1.0,&
{'D2'},{'D1'},{'R2'},{'D6'},{'R3'},{'D3'},{'R1'},{'D5'},{'D7'},{'D4'},&,1.0,&
{'D2'},{'D1'},{'R2'},{'D6'},{'R3'},{'R1'},,,,,&,1.0,&
{'D2'},{'D1'},{'R2'},{'D6'},{'R3'},{'R1'},{'D7'},,,,&,1.0,&
{'D2'},{'D1'},{'R2'},{'D6'},{'R3'},{'R1'},{'D7'},{'D3'},{'D4'},,&,1.0,&
{'D2'},{'D1'},{'R2'},{'D6'},{'R3'},{'D4'},{'R1'},,,,&,1.0,&
{'D2'},{'D1'},{'R2'},{'D6'},{'R3'},{'D4'},{'R1'},{'D3'},{'D7'},{'D5'},&,1.0,&
{'D2'},{'D1'},{'R2'},{'D6'},{'D4'},{'R1'},{'D3'},,,,&,1.0,&
{'D2'},{'D1'},{'D4'},,,,,,,,&,7.0,&
{'D2'},{'D1'},{'D4'},{'R2'},,,,,,,&,3.0,&
{'D2'},{'D1'},{'D4'},{'R2'},{'D3'},,,,,,&,1.0,&
{'D2'},{'D1'},{'D4'},{'R2'},{'D3'},{'D7'},{'R3'},{'R1'},,,&,1.0,&
{'D2'},{'D1'},{'D4'},{'R2'},{'D3'},{'D5'},{'R3'},{'D6'},,,&,1.0,&
{'D2'},{'D1'},{'D4'},{'R2'},{'D3'},{'D6'},,,,,&,1.0,&
{'D2'},{'D1'},{'D4'},{'R2'},{'D3'},{'D6'},{'D7'},,,,&,1.0,&
{'D2'},{'D1'},{'D4'},{'R2'},{'R1'},{'D3'},,,,,&,2.0,&
{'D2'},{'D1'},{'D4'},{'R2'},{'R1'},{'D3'},{'R3'},{'D6'},,,&,1.0,&
{'D2'},{'D1'},{'D4'},{'R2'},{'D5'},,,,,,&,1.0,&
{'D2'},{'D1'},{'D4'},{'R2'},{'R3'},{'D7'},{'R1'},{'D5'},,,&,1.0,&
{'D2'},{'D1'},{'D4'},{'R2'},{'R3'},{'D7'},{'D3'},,,,&,1.0,&
{'D2'},{'D1'},{'D4'},{'R2'},{'R3'},{'D5'},{'R1'},,,,&,1.0,&
{'D2'},{'D1'},{'D4'},{'R2'},{'R3'},{'D3'},{'R1'},{'D6'},,,&,1.0,&
{'D2'},{'D1'},{'D4'},{'R2'},{'R3'},{'R1'},{'D3'},,,,&,1.0,&
{'D2'},{'D1'},{'D4'},{'D5'},,,,,,,&,1.0,&
{'D2'},{'D1'},{'D4'},{'D3'},,,,,,,&,4.0,&
{'D2'},{'D1'},{'D4'},{'D3'},{'D6'},,,,,,&,2.0,&
{'D2'},{'D1'},{'D4'},{'D3'},{'D6'},{'R3'},,,,,&,1.0,&
{'D2'},{'D1'},{'D4'},{'D3'},{'D6'},{'R1'},{'D7'},{'D5'},{'R2'},{'R3'},&,1.0,&
{'D2'},{'D1'},{'D4'},{'D3'},{'D7'},{'R3'},,,,,&,1.0,&
{'D2'},{'D1'},{'D4'},{'D3'},{'D7'},{'R3'},{'R2'},{'R1'},{'D6'},{'D5'},&,1.0,&
{'D2'},{'D1'},{'D4'},{'D3'},{'R1'},,,,,,&,1.0,&
{'D2'},{'D1'},{'D4'},{'D3'},{'D5'},{'R3'},{'R2'},{'D6'},{'R1'},{'D7'},&,1.0,&
{'D2'},{'D1'},{'D4'},{'D3'},{'R3'},{'D6'},,,,,&,1.0,&
{'D2'},{'D1'},{'D4'},{'D3'},{'R2'},{'D5'},{'R3'},{'R1'},{'D7'},,&,1.0,&
{'D2'},{'D1'},{'D4'},{'D3'},{'R2'},{'R3'},{'R1'},{'D6'},{'D7'},{'D5'},&,1.0,&
{'D2'},{'D1'},{'D4'},{'D7'},{'D6'},{'R1'},{'D5'},{'D3'},,,&,1.0,&
{'D2'},{'D1'},{'D4'},{'R1'},{'D3'},,,,,,&,1.0,&
{'D2'},{'D1'},{'D4'},{'R3'},,,,,,,&,1.0,&
{'D2'},{'D1'},{'D4'},{'R3'},{'D6'},{'R2'},,,,,&,1.0,&
{'D2'},{'D1'},{'D4'},{'R3'},{'D5'},,,,,,&,1.0,&
{'D2'},{'D1'},{'D4'},{'R3'},{'R2'},,,,,,&,2.0,&
{'D2'},{'D1'},{'D4'},{'R3'},{'R2'},{'D3'},{'D7'},,,,&,1.0,&
{'D2'},{'D1'},{'D4'},{'R3'},{'R2'},{'R1'},{'D3'},,,,&,1.0,&
{'D2'},{'D1'},{'D4'},{'D6'},{'R2'},{'R3'},{'R1'},,,,&,1.0,&
{'D2'},{'R3'},,,,,,,,,&,156.0,&
{'D2'},{'R3'},{'R1'},,,,,,,,&,24.0,&
{'D2'},{'R3'},{'R1'},{'R2'},,,,,,,&,9.0,&
{'D2'},{'R3'},{'R1'},{'R2'},{'D6'},{'D1'},{'D4'},{'D3'},{'D7'},,&,1.0,&
{'D2'},{'R3'},{'R1'},{'R2'},{'D7'},{'D1'},{'D4'},,,,&,1.0,&
{'D2'},{'R3'},{'R1'},{'R2'},{'D7'},{'D3'},,,,,&,1.0,&
{'D2'},{'R3'},{'R1'},{'R2'},{'D3'},,,,,,&,5.0,&
{'D2'},{'R3'},{'R1'},{'R2'},{'D3'},{'D1'},,,,,&,2.0,&
{'D2'},{'R3'},{'R1'},{'R2'},{'D3'},{'D1'},{'D7'},,,,&,1.0,&
{'D2'},{'R3'},{'R1'},{'R2'},{'D3'},{'D1'},{'D5'},,,,&,2.0,&
{'D2'},{'R3'},{'R1'},{'R2'},{'D3'},{'D1'},{'D5'},{'D6'},,,&,1.0,&
{'D2'},{'R3'},{'R1'},{'R2'},{'D3'},{'D1'},{'D4'},{'D7'},{'D6'},{'D5'},&,1.0,&
{'D2'},{'R3'},{'R1'},{'R2'},{'D3'},{'D5'},{'D1'},,,,&,1.0,&
{'D2'},{'R3'},{'R1'},{'R2'},{'D5'},{'D3'},,,,,&,1.0,&
{'D2'},{'R3'},{'R1'},{'R2'},{'D1'},,,,,,&,4.0,&
{'D2'},{'R3'},{'R1'},{'R2'},{'D1'},{'D6'},{'D3'},{'D4'},{'D5'},{'D7'},&,1.0,&
{'D2'},{'R3'},{'R1'},{'R2'},{'D1'},{'D3'},{'D7'},,,,&,1.0,&
{'D2'},{'R3'},{'R1'},{'R2'},{'D1'},{'D3'},{'D7'},{'D4'},,,&,1.0,&
{'D2'},{'R3'},{'R1'},{'R2'},{'D1'},{'D3'},{'D5'},,,,&,1.0,&
{'D2'},{'R3'},{'R1'},{'R2'},{'D1'},{'D3'},{'D4'},,,,&,1.0,&
{'D2'},{'R3'},{'R1'},{'D1'},,,,,,,&,4.0,&
{'D2'},{'R3'},{'R1'},{'D1'},{'D6'},{'R2'},{'D3'},{'D5'},,,&,1.0,&
{'D2'},{'R3'},{'R1'},{'D1'},{'D7'},,,,,,&,1.0,&
{'D2'},{'R3'},{'R1'},{'D1'},{'D7'},{'R2'},{'D3'},{'D6'},,,&,1.0,&
{'D2'},{'R3'},{'R1'},{'D1'},{'D7'},{'D6'},{'R2'},{'D3'},,,&,1.0,&
{'D2'},{'R3'},{'R1'},{'D1'},{'D3'},,,,,,&,1.0,&
{'D2'},{'R3'},{'R1'},{'D1'},{'D3'},{'D7'},{'D5'},,,,&,1.0,&
{'D2'},{'R3'},{'R1'},{'D1'},{'D3'},{'D7'},{'D6'},{'D5'},{'D4'},{'R2'},&,1.0,&
{'D2'},{'R3'},{'R1'},{'D1'},{'D3'},{'D5'},{'D7'},{'R2'},,,&,1.0,&
{'D2'},{'R3'},{'R1'},{'D1'},{'D3'},{'D5'},{'R2'},,,,&,1.0,&
{'D2'},{'R3'},{'R1'},{'D1'},{'D3'},{'D5'},{'D4'},{'D7'},,,&,1.0,&
{'D2'},{'R3'},{'R1'},{'D1'},{'D3'},{'R2'},,,,,&,3.0,&
{'D2'},{'R3'},{'R1'},{'D1'},{'D3'},{'R2'},{'D6'},,,,&,1.0,&
{'D2'},{'R3'},{'R1'},{'D1'},{'D3'},{'R2'},{'D4'},{'D5'},{'D6'},,&,1.0,&
{'D2'},{'R3'},{'R1'},{'D1'},{'D3'},{'D6'},{'R2'},{'D7'},{'D5'},,&,1.0,&
{'D2'},{'R3'},{'R1'},{'D1'},{'R2'},,,,,,&,1.0,&
{'D2'},{'R3'},{'R1'},{'D1'},{'R2'},{'D5'},{'D3'},,,,&,1.0,&
{'D2'},{'R3'},{'R1'},{'D1'},{'R2'},{'D5'},{'D3'},{'D6'},{'D7'},{'D4'},&,1.0,&
{'D2'},{'R3'},{'R1'},{'D1'},{'R2'},{'D6'},,,,,&,1.0,&
{'D2'},{'R3'},{'R1'},{'D5'},{'D3'},{'D1'},{'D6'},{'D4'},{'R2'},,&,1.0,&
{'D2'},{'R3'},{'R1'},{'D5'},{'D3'},{'D1'},{'D4'},{'D6'},{'R2'},,&,1.0,&
{'D2'},{'R3'},{'R1'},{'D5'},{'D3'},{'R2'},,,,,&,1.0,&
{'D2'},{'R3'},{'R1'},{'D5'},{'D1'},{'D6'},,,,,&,1.0,&
{'D2'},{'R3'},{'R1'},{'D5'},{'R2'},,,,,,&,1.0,&
{'D2'},{'R3'},{'R1'},{'D5'},{'R2'},{'D1'},{'D3'},{'D4'},,,&,1.0,&
{'D2'},{'R3'},{'R1'},{'D5'},{'R2'},{'D7'},{'D1'},,,,&,1.0,&
{'D2'},{'R3'},{'R1'},{'D5'},{'D4'},{'R2'},,,,,&,1.0,&
{'D2'},{'R3'},{'R1'},{'D3'},,,,,,,&,4.0,&
{'D2'},{'R3'},{'R1'},{'D3'},{'D6'},,,,,,&,1.0,&
{'D2'},{'R3'},{'R1'},{'D3'},{'D6'},{'D1'},{'R2'},,,,&,1.0,&
{'D2'},{'R3'},{'R1'},{'D3'},{'D5'},{'D7'},{'D1'},{'R2'},{'D6'},,&,1.0,&
{'D2'},{'R3'},{'R1'},{'D3'},{'D1'},,,,,,&,2.0,&
{'D2'},{'R3'},{'R1'},{'D3'},{'D1'},{'D7'},,,,,&,1.0,&
{'D2'},{'R3'},{'R1'},{'D3'},{'D1'},{'D7'},{'R2'},{'D6'},,,&,2.0,&
{'D2'},{'R3'},{'R1'},{'D3'},{'D1'},{'R2'},,,,,&,2.0,&
{'D2'},{'R3'},{'R1'},{'D3'},{'D1'},{'D6'},{'D7'},{'R2'},{'D5'},{'D4'},&,1.0,&
{'D2'},{'R3'},{'R1'},{'D3'},{'D1'},{'D6'},{'R2'},{'D5'},{'D7'},,&,1.0,&
{'D2'},{'R3'},{'R1'},{'D3'},{'R2'},,,,,,&,3.0,&
{'D2'},{'R3'},{'R1'},{'D3'},{'R2'},{'D1'},,,,,&,3.0,&
{'D2'},{'R3'},{'R1'},{'D3'},{'R2'},{'D1'},{'D7'},,,,&,1.0,&
{'D2'},{'R3'},{'R1'},{'D3'},{'R2'},{'D1'},{'D6'},{'D7'},,,&,1.0,&
{'D2'},{'R3'},{'R1'},{'D3'},{'R2'},{'D4'},{'D1'},,,,&,1.0,&
{'D2'},{'R3'},{'R1'},{'D7'},{'D3'},,,,,,&,1.0,&
{'D2'},{'R3'},{'R1'},{'D7'},{'D1'},{'R2'},,,,,&,1.0,&
{'D2'},{'R3'},{'R1'},{'D7'},{'D1'},{'D6'},{'D3'},{'D5'},{'D4'},{'R2'},&,1.0,&
{'D2'},{'R3'},{'R1'},{'D7'},{'R2'},,,,,,&,1.0,&
{'D2'},{'R3'},{'R1'},{'D7'},{'R2'},{'D4'},{'D1'},{'D3'},{'D6'},{'D5'},&,1.0,&
{'D2'},{'R3'},{'R1'},{'D6'},,,,,,,&,1.0,&
{'D2'},{'R3'},{'R1'},{'D6'},{'D3'},{'D1'},{'D5'},{'R2'},{'D7'},,&,1.0,&
{'D2'},{'R3'},{'R1'},{'D6'},{'D3'},{'D1'},{'R2'},,,,&,1.0,&
{'D2'},{'R3'},{'R1'},{'D6'},{'D3'},{'D5'},,,,,&,1.0,&
{'D2'},{'R3'},{'R1'},{'D6'},{'D1'},,,,,,&,2.0,&
{'D2'},{'R3'},{'R1'},{'D6'},{'D1'},{'D4'},,,,,&,1.0,&
{'D2'},{'R3'},{'R1'},{'D6'},{'R2'},,,,,,&,2.0,&
{'D2'},{'R3'},{'R1'},{'D6'},{'R2'},{'D7'},{'D1'},{'D3'},{'D5'},{'D4'},&,1.0,&
{'D2'},{'R3'},{'R1'},{'D6'},{'R2'},{'D5'},{'D1'},,,,&,1.0,&
{'D2'},{'R3'},{'D6'},,,,,,,,&,28.0,&
{'D2'},{'R3'},{'D6'},{'R2'},,,,,,,&,5.0,&
{'D2'},{'R3'},{'D6'},{'R2'},{'D7'},{'D1'},{'R1'},{'D3'},,,&,2.0,&
{'D2'},{'R3'},{'D6'},{'R2'},{'D7'},{'R1'},{'D3'},{'D1'},{'D5'},,&,1.0,&
{'D2'},{'R3'},{'D6'},{'R2'},{'D3'},,,,,,&,1.0,&
{'D2'},{'R3'},{'D6'},{'R2'},{'D3'},{'D1'},,,,,&,1.0,&
{'D2'},{'R3'},{'D6'},{'R2'},{'D3'},{'D1'},{'D5'},{'R1'},{'D7'},,&,1.0,&
{'D2'},{'R3'},{'D6'},{'R2'},{'D3'},{'D1'},{'R1'},,,,&,1.0,&
{'D2'},{'R3'},{'D6'},{'R2'},{'D3'},{'R1'},,,,,&,2.0,&
{'D2'},{'R3'},{'D6'},{'R2'},{'D3'},{'R1'},{'D5'},{'D1'},{'D7'},,&,1.0,&
{'D2'},{'R3'},{'D6'},{'R2'},{'R1'},,,,,,&,2.0,&
{'D2'},{'R3'},{'D6'},{'R2'},{'R1'},{'D3'},,,,,&,3.0,&
{'D2'},{'R3'},{'D6'},{'R2'},{'R1'},{'D3'},{'D1'},,,,&,1.0,&
{'D2'},{'R3'},{'D6'},{'R2'},{'D5'},,,,,,&,1.0,&
{'D2'},{'R3'},{'D6'},{'R2'},{'D5'},{'R1'},{'D3'},{'D1'},{'D7'},{'D4'},&,1.0,&
{'D2'},{'R3'},{'D6'},{'R2'},{'D1'},,,,,,&,1.0,&
{'D2'},{'R3'},{'D6'},{'R2'},{'D1'},{'D5'},{'R1'},{'D3'},{'D7'},{'D4'},&,1.0,&
{'D2'},{'R3'},{'D6'},{'R2'},{'D1'},{'D3'},,,,,&,2.0,&
{'D2'},{'R3'},{'D6'},{'R2'},{'D1'},{'D3'},{'D5'},{'D7'},{'R1'},{'D4'},&,1.0,&
{'D2'},{'R3'},{'D6'},{'R2'},{'D1'},{'D3'},{'D5'},{'R1'},,,&,1.0,&
{'D2'},{'R3'},{'D6'},{'R2'},{'D1'},{'D3'},{'R1'},{'D5'},,,&,1.0,&
{'D2'},{'R3'},{'D6'},{'R2'},{'D1'},{'R1'},{'D3'},,,,&,1.0,&
{'D2'},{'R3'},{'D6'},{'R2'},{'D1'},{'R1'},{'D3'},{'D5'},{'D7'},{'D4'},&,1.0,&
{'D2'},{'R3'},{'D6'},{'R2'},{'D4'},{'R1'},{'D5'},{'D1'},{'D3'},{'D7'},&,1.0,&
{'D2'},{'R3'},{'D6'},{'D1'},,,,,,,&,5.0,&
{'D2'},{'R3'},{'D6'},{'D1'},{'D7'},{'R1'},{'R2'},{'D3'},{'D5'},{'D4'},&,1.0,&
{'D2'},{'R3'},{'D6'},{'D1'},{'D3'},,,,,,&,2.0,&
{'D2'},{'R3'},{'D6'},{'D1'},{'D3'},{'D7'},{'D5'},,,,&,1.0,&
{'D2'},{'R3'},{'D6'},{'D1'},{'D3'},{'D7'},{'R2'},,,,&,1.0,&
{'D2'},{'R3'},{'D6'},{'D1'},{'D3'},{'D5'},{'R1'},,,,&,1.0,&
{'D2'},{'R3'},{'D6'},{'D1'},{'D3'},{'R2'},,,,,&,2.0,&
{'D2'},{'R3'},{'D6'},{'D1'},{'D3'},{'R2'},{'D7'},{'R1'},,,&,1.0,&
{'D2'},{'R3'},{'D6'},{'D1'},{'D3'},{'R2'},{'R1'},{'D5'},{'D7'},,&,1.0,&
{'D2'},{'R3'},{'D6'},{'D1'},{'R2'},,,,,,&,1.0,&
{'D2'},{'R3'},{'D6'},{'D1'},{'R2'},{'D5'},{'D3'},,,,&,1.0,&
{'D2'},{'R3'},{'D6'},{'D1'},{'R2'},{'D3'},,,,,&,1.0,&
{'D2'},{'R3'},{'D6'},{'D1'},{'R2'},{'R1'},,,,,&,1.0,&
{'D2'},{'R3'},{'D6'},{'D1'},{'R2'},{'R1'},{'D3'},,,,&,1.0,&
{'D2'},{'R3'},{'D6'},{'D5'},{'D3'},{'D1'},{'R1'},{'R2'},{'D4'},{'D7'},&,1.0,&
{'D2'},{'R3'},{'D6'},{'D5'},{'D3'},{'R2'},{'D7'},{'R1'},,,&,1.0,&
{'D2'},{'R3'},{'D6'},{'D5'},{'D1'},{'D4'},{'R2'},{'D7'},{'D3'},,&,1.0,&
{'D2'},{'R3'},{'D6'},{'D3'},,,,,,,&,5.0,&
{'D2'},{'R3'},{'D6'},{'D3'},{'D5'},{'D1'},{'R2'},{'D4'},{'R1'},{'D7'},&,1.0,&
{'D2'},{'R3'},{'D6'},{'D3'},{'D5'},{'R2'},{'R1'},{'D1'},,,&,1.0,&
{'D2'},{'R3'},{'D6'},{'D3'},{'D1'},{'D7'},{'D5'},{'R2'},{'D4'},{'R1'},&,1.0,&
{'D2'},{'R3'},{'D6'},{'D3'},{'D1'},{'D5'},{'D7'},{'D4'},,,&,1.0,&
{'D2'},{'R3'},{'D6'},{'D3'},{'R2'},{'D1'},{'D5'},{'R1'},{'D7'},,&,1.0,&
{'D2'},{'R3'},{'D6'},{'D3'},{'R2'},{'D1'},{'R1'},{'D7'},{'D5'},{'D4'},&,1.0,&
{'D2'},{'R3'},{'D6'},{'D3'},{'R2'},{'D1'},{'D4'},{'D7'},{'D5'},{'R1'},&,1.0,&
{'D2'},{'R3'},{'D6'},{'D3'},{'R2'},{'R1'},{'D1'},{'D7'},{'D4'},{'D5'},&,1.0,&
{'D2'},{'R3'},{'D6'},{'D3'},{'R2'},{'R1'},{'D1'},{'D5'},{'D7'},,&,1.0,&
{'D2'},{'R3'},{'D6'},{'D7'},{'D3'},{'D1'},{'D5'},{'D4'},{'R2'},,&,1.0,&
{'D2'},{'R3'},{'D6'},{'R1'},,,,,,,&,2.0,&
{'D2'},{'R3'},{'D6'},{'R1'},{'D3'},{'R2'},,,,,&,1.0,&
{'D2'},{'R3'},{'D6'},{'R1'},{'R2'},{'D3'},{'D1'},,,,&,2.0,&
{'D2'},{'R3'},{'D6'},{'R1'},{'R2'},{'D3'},{'D1'},{'D5'},{'D4'},,&,1.0,&
{'D2'},{'R3'},{'D3'},,,,,,,,&,82.0,&
{'D2'},{'R3'},{'D3'},{'R2'},,,,,,,&,15.0,&
{'D2'},{'R3'},{'D3'},{'R2'},{'D6'},{'D5'},{'D1'},,,,&,1.0,&
{'D2'},{'R3'},{'D3'},{'R2'},{'D7'},,,,,,&,1.0,&
{'D2'},{'R3'},{'D3'},{'R2'},{'D7'},{'D1'},{'D5'},{'D6'},,,&,1.0,&
{'D2'},{'R3'},{'D3'},{'R2'},{'D7'},{'D1'},{'D5'},{'D6'},{'R1'},,&,1.0,&
{'D2'},{'R3'},{'D3'},{'R2'},{'D7'},{'R1'},{'D1'},{'D5'},{'D6'},{'D4'},&,1.0,&
{'D2'},{'R3'},{'D3'},{'R2'},{'R1'},,,,,,&,6.0,&
{'D2'},{'R3'},{'D3'},{'R2'},{'R1'},{'D1'},,,,,&,4.0,&
{'D2'},{'R3'},{'D3'},{'R2'},{'R1'},{'D1'},{'D7'},,,,&,1.0,&
{'D2'},{'R3'},{'D3'},{'R2'},{'R1'},{'D1'},{'D5'},,,,&,3.0,&
{'D2'},{'R3'},{'D3'},{'R2'},{'R1'},{'D1'},{'D5'},{'D4'},,,&,1.0,&
{'D2'},{'R3'},{'D3'},{'R2'},{'R1'},{'D1'},{'D5'},{'D7'},{'D6'},{'D4'},&,1.0,&
{'D2'},{'R3'},{'D3'},{'R2'},{'R1'},{'D1'},{'D6'},,,,&,2.0,&
{'D2'},{'R3'},{'D3'},{'R2'},{'R1'},{'D1'},{'D6'},{'D7'},,,&,1.0,&
{'D2'},{'R3'},{'D3'},{'R2'},{'R1'},{'D1'},{'D6'},{'D5'},,,&,1.0,&
{'D2'},{'R3'},{'D3'},{'R2'},{'R1'},{'D1'},{'D6'},{'D5'},{'D7'},{'D4'},&,2.0,&
{'D2'},{'R3'},{'D3'},{'R2'},{'R1'},{'D7'},{'D1'},,,,&,1.0,&
{'D2'},{'R3'},{'D3'},{'R2'},{'R1'},{'D7'},{'D1'},{'D6'},{'D5'},,&,1.0,&
{'D2'},{'R3'},{'D3'},{'R2'},{'R1'},{'D5'},{'D1'},,,,&,1.0,&
{'D2'},{'R3'},{'D3'},{'R2'},{'R1'},{'D5'},{'D1'},{'D7'},,,&,1.0,&
{'D2'},{'R3'},{'D3'},{'R2'},{'R1'},{'D5'},{'D1'},{'D7'},{'D6'},{'D4'},&,2.0,&
{'D2'},{'R3'},{'D3'},{'R2'},{'R1'},{'D6'},{'D7'},,,,&,1.0,&
{'D2'},{'R3'},{'D3'},{'R2'},{'R1'},{'D6'},{'D7'},{'D1'},{'D5'},{'D4'},&,1.0,&
{'D2'},{'R3'},{'D3'},{'R2'},{'R1'},{'D6'},{'D1'},{'D4'},{'D5'},{'D7'},&,1.0,&
{'D2'},{'R3'},{'D3'},{'R2'},{'R1'},{'D6'},{'D1'},{'D5'},{'D4'},{'D7'},&,1.0,&
{'D2'},{'R3'},{'D3'},{'R2'},{'R1'},{'D4'},{'D1'},,,,&,1.0,&
{'D2'},{'R3'},{'D3'},{'R2'},{'D5'},,,,,,&,1.0,&
{'D2'},{'R3'},{'D3'},{'R2'},{'D5'},{'D1'},,,,,&,1.0,&
{'D2'},{'R3'},{'D3'},{'R2'},{'D5'},{'D1'},{'R1'},{'D6'},,,&,1.0,&
{'D2'},{'R3'},{'D3'},{'R2'},{'D5'},{'R1'},,,,,&,1.0,&
{'D2'},{'R3'},{'D3'},{'R2'},{'D5'},{'R1'},{'D1'},,,,&,2.0,&
{'D2'},{'R3'},{'D3'},{'R2'},{'D5'},{'R1'},{'D1'},{'D7'},,,&,1.0,&
{'D2'},{'R3'},{'D3'},{'R2'},{'D1'},,,,,,&,8.0,&
{'D2'},{'R3'},{'D3'},{'R2'},{'D1'},{'D7'},,,,,&,2.0,&
{'D2'},{'R3'},{'D3'},{'R2'},{'D1'},{'D7'},{'D5'},,,,&,1.0,&
{'D2'},{'R3'},{'D3'},{'R2'},{'D1'},{'D7'},{'R1'},{'D5'},,,&,1.0,&
{'D2'},{'R3'},{'D3'},{'R2'},{'D1'},{'D5'},,,,,&,3.0,&
{'D2'},{'R3'},{'D3'},{'R2'},{'D1'},{'D5'},{'D6'},{'R1'},,,&,1.0,&
{'D2'},{'R3'},{'D3'},{'R2'},{'D1'},{'D5'},{'D6'},{'R1'},{'D4'},,&,1.0,&
{'D2'},{'R3'},{'D3'},{'R2'},{'D1'},{'D6'},{'D7'},,,,&,1.0,&
{'D2'},{'R3'},{'D3'},{'R2'},{'D1'},{'D6'},{'D5'},,,,&,2.0,&
{'D2'},{'R3'},{'D3'},{'R2'},{'D1'},{'D6'},{'D5'},{'D7'},{'D4'},,&,1.0,&
{'D2'},{'R3'},{'D3'},{'R2'},{'D1'},{'D6'},{'D5'},{'D7'},{'D4'},{'R1'},&,1.0,&
{'D2'},{'R3'},{'D3'},{'R2'},{'D1'},{'D6'},{'D5'},{'R1'},,,&,1.0,&
{'D2'},{'R3'},{'D3'},{'R2'},{'D1'},{'D6'},{'R1'},{'D4'},,,&,1.0,&
{'D2'},{'R3'},{'D3'},{'R2'},{'D1'},{'R1'},,,,,&,4.0,&
{'D2'},{'R3'},{'D3'},{'R2'},{'D1'},{'R1'},{'D5'},,,,&,1.0,&
{'D2'},{'R3'},{'D3'},{'R2'},{'D1'},{'R1'},{'D5'},{'D6'},,,&,3.0,&
{'D2'},{'R3'},{'D3'},{'R2'},{'D1'},{'R1'},{'D5'},{'D7'},,,&,1.0,&
{'D2'},{'R3'},{'D3'},{'R2'},{'D1'},{'R1'},{'D6'},,,,&,2.0,&
{'D2'},{'R3'},{'D3'},{'R2'},{'D1'},{'R1'},{'D6'},{'D4'},,,&,1.0,&
{'D2'},{'R3'},{'D3'},{'R2'},{'D1'},{'R1'},{'D6'},{'D7'},{'D5'},,&,1.0,&
{'D2'},{'R3'},{'D3'},{'R2'},{'D4'},,,,,,&,1.0,&
{'D2'},{'R3'},{'D3'},{'R2'},{'D4'},{'D1'},{'R1'},{'D5'},{'D6'},{'D7'},&,1.0,&
{'D2'},{'R3'},{'D3'},{'D1'},,,,,,,&,20.0,&
{'D2'},{'R3'},{'D3'},{'D1'},{'D6'},,,,,,&,5.0,&
{'D2'},{'R3'},{'D3'},{'D1'},{'D6'},{'D7'},{'R2'},{'R1'},{'D5'},{'D4'},&,1.0,&
{'D2'},{'R3'},{'D3'},{'D1'},{'D6'},{'D5'},,,,,&,1.0,&
{'D2'},{'R3'},{'D3'},{'D1'},{'D6'},{'D5'},{'D7'},{'D4'},{'R1'},,&,1.0,&
{'D2'},{'R3'},{'D3'},{'D1'},{'D6'},{'R2'},,,,,&,3.0,&
{'D2'},{'R3'},{'D3'},{'D1'},{'D6'},{'R2'},{'D7'},{'D5'},{'D4'},{'R1'},&,1.0,&
{'D2'},{'R3'},{'D3'},{'D1'},{'D6'},{'R2'},{'D5'},{'D7'},,,&,1.0,&
{'D2'},{'R3'},{'D3'},{'D1'},{'D6'},{'R2'},{'R1'},{'D4'},{'D7'},,&,1.0,&
{'D2'},{'R3'},{'D3'},{'D1'},{'D6'},{'R2'},{'R1'},{'D7'},{'D4'},{'D5'},&,1.0,&
{'D2'},{'R3'},{'D3'},{'D1'},{'D6'},{'R2'},{'R1'},{'D5'},,,&,1.0,&
{'D2'},{'R3'},{'D3'},{'D1'},{'D6'},{'R2'},{'D4'},{'D5'},{'D7'},{'R1'},&,1.0,&
{'D2'},{'R3'},{'D3'},{'D1'},{'D6'},{'D4'},{'R2'},{'D7'},{'R1'},{'D5'},&,1.0,&
{'D2'},{'R3'},{'D3'},{'D1'},{'D6'},{'D4'},{'R1'},{'R2'},{'D7'},{'D5'},&,1.0,&
{'D2'},{'R3'},{'D3'},{'D1'},{'D7'},,,,,,&,3.0,&
{'D2'},{'R3'},{'D3'},{'D1'},{'D7'},{'D5'},{'R2'},{'R1'},{'D6'},{'D4'},&,1.0,&
{'D2'},{'R3'},{'D3'},{'D1'},{'D7'},{'D5'},{'D6'},,,,&,1.0,&
{'D2'},{'R3'},{'D3'},{'D1'},{'D7'},{'R2'},,,,,&,1.0,&
{'D2'},{'R3'},{'D3'},{'D1'},{'D7'},{'R2'},{'R1'},{'D6'},{'D4'},{'D5'},&,1.0,&
{'D2'},{'R3'},{'D3'},{'D1'},{'D7'},{'R2'},{'R1'},{'D5'},{'D6'},,&,1.0,&
{'D2'},{'R3'},{'D3'},{'D1'},{'D7'},{'R2'},{'D6'},{'R1'},{'D5'},{'D4'},&,1.0,&
{'D2'},{'R3'},{'D3'},{'D1'},{'D7'},{'D6'},{'D5'},{'R2'},,,&,1.0,&
{'D2'},{'R3'},{'D3'},{'D1'},{'D7'},{'D6'},{'R2'},{'D4'},{'D5'},{'R1'},&,1.0,&
{'D2'},{'R3'},{'D3'},{'D1'},{'D7'},{'D6'},{'R2'},{'R1'},,,&,1.0,&
{'D2'},{'R3'},{'D3'},{'D1'},{'D7'},{'D4'},{'R2'},{'R1'},{'D5'},{'D6'},&,1.0,&
{'D2'},{'R3'},{'D3'},{'D1'},{'R1'},,,,,,&,1.0,&
{'D2'},{'R3'},{'D3'},{'D1'},{'R1'},{'D7'},{'R2'},{'D4'},,,&,1.0,&
{'D2'},{'R3'},{'D3'},{'D1'},{'D5'},,,,,,&,2.0,&
{'D2'},{'R3'},{'D3'},{'D1'},{'D5'},{'D7'},,,,,&,1.0,&
{'D2'},{'R3'},{'D3'},{'D1'},{'D5'},{'D7'},{'R2'},,,,&,1.0,&
{'D2'},{'R3'},{'D3'},{'D1'},{'D5'},{'D7'},{'D6'},,,,&,1.0,&
{'D2'},{'R3'},{'D3'},{'D1'},{'D5'},{'D7'},{'D6'},{'R2'},,,&,1.0,&
{'D2'},{'R3'},{'D3'},{'D1'},{'D5'},{'R2'},,,,,&,3.0,&
{'D2'},{'R3'},{'D3'},{'D1'},{'D5'},{'R2'},{'D6'},{'D7'},{'R1'},,&,1.0,&
{'D2'},{'R3'},{'D3'},{'D1'},{'D5'},{'R2'},{'D6'},{'D7'},{'D4'},,&,2.0,&
{'D2'},{'R3'},{'D3'},{'D1'},{'D5'},{'R2'},{'D6'},{'R1'},,,&,1.0,&
{'D2'},{'R3'},{'D3'},{'D1'},{'D5'},{'R2'},{'D4'},,,,&,1.0,&
{'D2'},{'R3'},{'D3'},{'D1'},{'D5'},{'D6'},,,,,&,1.0,&
{'D2'},{'R3'},{'D3'},{'D1'},{'D5'},{'D6'},{'R1'},{'D7'},{'D4'},{'R2'},&,1.0,&
{'D2'},{'R3'},{'D3'},{'D1'},{'D5'},{'R1'},{'D7'},{'D6'},{'R2'},,&,1.0,&
{'D2'},{'R3'},{'D3'},{'D1'},{'D5'},{'R1'},{'R2'},,,,&,1.0,&
{'D2'},{'R3'},{'D3'},{'D1'},{'D5'},{'R1'},{'R2'},{'D4'},,,&,1.0,&
{'D2'},{'R3'},{'D3'},{'D1'},{'D5'},{'R1'},{'D6'},{'R2'},,,&,1.0,&
{'D2'},{'R3'},{'D3'},{'D1'},{'R2'},,,,,,&,10.0,&
{'D2'},{'R3'},{'D3'},{'D1'},{'R2'},{'D7'},,,,,&,2.0,&
{'D2'},{'R3'},{'D3'},{'D1'},{'R2'},{'D7'},{'D5'},{'R1'},,,&,1.0,&
{'D2'},{'R3'},{'D3'},{'D1'},{'R2'},{'D7'},{'R1'},,,,&,1.0,&
{'D2'},{'R3'},{'D3'},{'D1'},{'R2'},{'D7'},{'R1'},{'D6'},,,&,1.0,&
{'D2'},{'R3'},{'D3'},{'D1'},{'R2'},{'D7'},{'D6'},,,,&,2.0,&
{'D2'},{'R3'},{'D3'},{'D1'},{'R2'},{'D7'},{'D6'},{'R1'},,,&,1.0,&
{'D2'},{'R3'},{'D3'},{'D1'},{'R2'},{'D5'},,,,,&,4.0,&
{'D2'},{'R3'},{'D3'},{'D1'},{'R2'},{'D5'},{'R1'},,,,&,1.0,&
{'D2'},{'R3'},{'D3'},{'D1'},{'R2'},{'D5'},{'D6'},,,,&,1.0,&
{'D2'},{'R3'},{'D3'},{'D1'},{'R2'},{'D5'},{'D6'},{'R1'},,,&,1.0,&
{'D2'},{'R3'},{'D3'},{'D1'},{'R2'},{'D5'},{'D6'},{'R1'},{'D4'},{'D7'},&,1.0,&
{'D2'},{'R3'},{'D3'},{'D1'},{'R2'},{'D5'},{'D4'},{'D6'},,,&,1.0,&
{'D2'},{'R3'},{'D3'},{'D1'},{'R2'},{'D5'},{'D4'},{'R1'},{'D6'},{'D7'},&,1.0,&
{'D2'},{'R3'},{'D3'},{'D1'},{'R2'},{'D6'},,,,,&,1.0,&
{'D2'},{'R3'},{'D3'},{'D1'},{'R2'},{'D6'},{'D7'},,,,&,1.0,&
{'D2'},{'R3'},{'D3'},{'D1'},{'R2'},{'D6'},{'D7'},{'D5'},{'R1'},,&,1.0,&
{'D2'},{'R3'},{'D3'},{'D1'},{'R2'},{'D6'},{'R1'},,,,&,1.0,&
{'D2'},{'R3'},{'D3'},{'D1'},{'R2'},{'D6'},{'R1'},{'D7'},{'D5'},{'D4'},&,1.0,&
{'D2'},{'R3'},{'D3'},{'D1'},{'R2'},{'D6'},{'D4'},,,,&,1.0,&
{'D2'},{'R3'},{'D3'},{'D1'},{'R2'},{'R1'},,,,,&,3.0,&
{'D2'},{'R3'},{'D3'},{'D1'},{'R2'},{'R1'},{'D7'},,,,&,1.0,&
{'D2'},{'R3'},{'D3'},{'D1'},{'R2'},{'R1'},{'D5'},{'D6'},{'D7'},{'D4'},&,1.0,&
{'D2'},{'R3'},{'D3'},{'D1'},{'R2'},{'R1'},{'D6'},,,,&,1.0,&
{'D2'},{'R3'},{'D3'},{'D1'},{'R2'},{'R1'},{'D6'},{'D7'},,,&,1.0,&
{'D2'},{'R3'},{'D3'},{'D1'},{'R2'},{'R1'},{'D6'},{'D5'},,,&,1.0,&
{'D2'},{'R3'},{'D3'},{'D1'},{'R2'},{'R1'},{'D6'},{'D5'},{'D7'},{'D4'},&,1.0,&
{'D2'},{'R3'},{'D3'},{'D1'},{'R2'},{'R1'},{'D4'},,,,&,1.0,&
{'D2'},{'R3'},{'D3'},{'D1'},{'R2'},{'R1'},{'D4'},{'D7'},{'D5'},,&,1.0,&
{'D2'},{'R3'},{'D3'},{'D1'},{'R2'},{'D4'},{'D6'},,,,&,1.0,&
{'D2'},{'R3'},{'D3'},{'D1'},{'D4'},,,,,,&,1.0,&
{'D2'},{'R3'},{'D3'},{'D1'},{'D4'},{'D5'},{'R2'},{'D7'},{'R1'},,&,1.0,&
{'D2'},{'R3'},{'D3'},{'D1'},{'D4'},{'D5'},{'R1'},{'R2'},{'D6'},,&,1.0,&
{'D2'},{'R3'},{'D3'},{'D1'},{'D4'},{'R2'},,,,,&,2.0,&
{'D2'},{'R3'},{'D3'},{'D1'},{'D4'},{'R2'},{'D6'},{'R1'},,,&,2.0,&
{'D2'},{'R3'},{'D3'},{'D1'},{'D4'},{'R1'},{'R2'},{'D5'},,,&,1.0,&
{'D2'},{'R3'},{'D3'},{'D5'},,,,,,,&,5.0,&
{'D2'},{'R3'},{'D3'},{'D5'},{'D6'},{'R2'},{'D1'},{'D7'},{'R1'},,&,1.0,&
{'D2'},{'R3'},{'D3'},{'D5'},{'D7'},{'R2'},{'D1'},{'R1'},{'D6'},{'D4'},&,1.0,&
{'D2'},{'R3'},{'D3'},{'D5'},{'D7'},{'R2'},{'R1'},{'D1'},{'D6'},{'D4'},&,1.0,&
{'D2'},{'R3'},{'D3'},{'D5'},{'R1'},{'R2'},{'D1'},{'D7'},,,&,1.0,&
{'D2'},{'R3'},{'D3'},{'D5'},{'D1'},,,,,,&,2.0,&
{'D2'},{'R3'},{'D3'},{'D5'},{'D1'},{'D7'},,,,,&,1.0,&
{'D2'},{'R3'},{'D3'},{'D5'},{'D1'},{'D7'},{'R2'},,,,&,1.0,&
{'D2'},{'R3'},{'D3'},{'D5'},{'D1'},{'D7'},{'R2'},{'D6'},{'D4'},,&,1.0,&
{'D2'},{'R3'},{'D3'},{'D5'},{'D1'},{'R2'},,,,,&,1.0,&
{'D2'},{'R3'},{'D3'},{'D5'},{'D1'},{'R2'},{'R1'},,,,&,1.0,&
{'D2'},{'R3'},{'D3'},{'D5'},{'D1'},{'R2'},{'D6'},{'R1'},{'D7'},,&,1.0,&
{'D2'},{'R3'},{'D3'},{'D5'},{'D1'},{'D6'},{'D7'},{'R1'},{'R2'},,&,1.0,&
{'D2'},{'R3'},{'D3'},{'D5'},{'R2'},{'D1'},{'R1'},{'D6'},,,&,1.0,&
{'D2'},{'R3'},{'D3'},{'D5'},{'R2'},{'D6'},,,,,&,1.0,&
{'D2'},{'R3'},{'D3'},{'D5'},{'R2'},{'D6'},{'D7'},{'R1'},{'D1'},{'D4'},&,1.0,&
{'D2'},{'R3'},{'D3'},{'D5'},{'R2'},{'D6'},{'R1'},{'D4'},,,&,1.0,&
{'D2'},{'R3'},{'D3'},{'D5'},{'R2'},{'R1'},,,,,&,1.0,&
{'D2'},{'R3'},{'D3'},{'D5'},{'R2'},{'R1'},{'D1'},{'D4'},{'D6'},{'D7'},&,1.0,&
{'D2'},{'R3'},{'D3'},{'D5'},{'R2'},{'R1'},{'D6'},,,,&,1.0,&
{'D2'},{'R3'},{'D3'},{'D4'},{'D7'},{'D1'},{'R2'},{'R1'},{'D6'},,&,1.0,&
{'D2'},{'R3'},{'D3'},{'D4'},{'D1'},{'D6'},{'D5'},{'D7'},{'R2'},{'R1'},&,1.0,&
{'D2'},{'R3'},{'D3'},{'D4'},{'R2'},{'D1'},{'R1'},{'D6'},,,&,1.0,&
{'D2'},{'R3'},{'D3'},{'D4'},{'R2'},{'R1'},{'D7'},{'D6'},,,&,1.0,&
{'D2'},{'R3'},{'D3'},{'D7'},,,,,,,&,3.0,&
{'D2'},{'R3'},{'D3'},{'D7'},{'D6'},,,,,,&,1.0,&
{'D2'},{'R3'},{'D3'},{'D7'},{'R1'},{'D1'},,,,,&,1.0,&
{'D2'},{'R3'},{'D3'},{'D7'},{'R1'},{'D1'},{'D6'},,,,&,1.0,&
{'D2'},{'R3'},{'D3'},{'D7'},{'D5'},{'D1'},{'D4'},{'R2'},,,&,1.0,&
{'D2'},{'R3'},{'D3'},{'D7'},{'D5'},{'R2'},,,,,&,1.0,&
{'D2'},{'R3'},{'D3'},{'D7'},{'D5'},{'R2'},{'R1'},,,,&,1.0,&
{'D2'},{'R3'},{'D3'},{'D7'},{'D5'},{'R1'},,,,,&,1.0,&
{'D2'},{'R3'},{'D3'},{'D7'},{'D1'},,,,,,&,3.0,&
{'D2'},{'R3'},{'D3'},{'D7'},{'D1'},{'D5'},,,,,&,1.0,&
{'D2'},{'R3'},{'D3'},{'D7'},{'D1'},{'D5'},{'R2'},,,,&,1.0,&
{'D2'},{'R3'},{'D3'},{'D7'},{'D1'},{'D5'},{'R1'},{'D6'},{'D4'},,&,1.0,&
{'D2'},{'R3'},{'D3'},{'D7'},{'D1'},{'R2'},{'D4'},{'R1'},{'D6'},,&,1.0,&
{'D2'},{'R3'},{'D3'},{'D7'},{'D1'},{'D6'},{'D5'},{'D4'},{'R1'},{'R2'},&,1.0,&
{'D2'},{'R3'},{'D3'},{'D7'},{'D1'},{'D4'},,,,,&,1.0,&
{'D2'},{'R3'},{'D3'},{'D7'},{'R2'},,,,,,&,2.0,&
{'D2'},{'R3'},{'D3'},{'D7'},{'R2'},{'D1'},{'R1'},,,,&,1.0,&
{'D2'},{'R3'},{'D3'},{'D7'},{'R2'},{'D1'},{'D6'},{'D4'},,,&,1.0,&
{'D2'},{'R3'},{'D3'},{'D7'},{'R2'},{'D6'},{'D1'},{'D5'},,,&,1.0,&
{'D2'},{'R3'},{'D3'},{'D7'},{'R2'},{'R1'},,,,,&,2.0,&
{'D2'},{'R3'},{'D3'},{'D7'},{'R2'},{'R1'},{'D5'},,,,&,1.0,&
{'D2'},{'R3'},{'D3'},{'D7'},{'R2'},{'R1'},{'D1'},,,,&,1.0,&
{'D2'},{'R3'},{'D3'},{'D7'},{'R2'},{'R1'},{'D1'},{'D6'},{'D4'},,&,1.0,&
{'D2'},{'R3'},{'D3'},{'D7'},{'D4'},{'R2'},{'D1'},{'D5'},,,&,1.0,&
{'D2'},{'R3'},{'D3'},{'R1'},,,,,,,&,4.0,&
{'D2'},{'R3'},{'D3'},{'R1'},{'D6'},{'D1'},{'D5'},{'R2'},,,&,1.0,&
{'D2'},{'R3'},{'D3'},{'R1'},{'D7'},{'D6'},,,,,&,1.0,&
{'D2'},{'R3'},{'D3'},{'R1'},{'D5'},{'R2'},{'D1'},{'D6'},,,&,1.0,&
{'D2'},{'R3'},{'D3'},{'R1'},{'D1'},,,,,,&,1.0,&
{'D2'},{'R3'},{'D3'},{'R1'},{'D1'},{'D5'},{'R2'},{'D7'},{'D4'},{'D6'},&,1.0,&
{'D2'},{'R3'},{'D3'},{'R1'},{'D1'},{'D5'},{'D4'},{'R2'},{'D6'},,&,1.0,&
{'D2'},{'R3'},{'D3'},{'R1'},{'D1'},{'R2'},{'D5'},{'D6'},{'D7'},{'D4'},&,1.0,&
{'D2'},{'R3'},{'D3'},{'R1'},{'D1'},{'R2'},{'D6'},{'D7'},{'D5'},,&,1.0,&
{'D2'},{'R3'},{'D3'},{'R1'},{'D1'},{'D6'},,,,,&,1.0,&
{'D2'},{'R3'},{'D3'},{'R1'},{'D1'},{'D4'},{'D7'},{'D6'},{'D5'},,&,1.0,&
{'D2'},{'R3'},{'D3'},{'R1'},{'R2'},,,,,,&,1.0,&
{'D2'},{'R3'},{'D3'},{'R1'},{'R2'},{'D1'},{'D5'},,,,&,1.0,&
{'D2'},{'R3'},{'D3'},{'R1'},{'R2'},{'D1'},{'D6'},,,,&,1.0,&
{'D2'},{'R3'},{'D3'},{'R1'},{'R2'},{'D1'},{'D6'},{'D7'},{'D5'},,&,1.0,&
{'D2'},{'R3'},{'D3'},{'R1'},{'R2'},{'D5'},{'D6'},{'D7'},{'D1'},{'D4'},&,1.0,&
{'D2'},{'R3'},{'D3'},{'R1'},{'R2'},{'D6'},,,,,&,1.0,&
{'D2'},{'R3'},{'D3'},{'D6'},,,,,,,&,7.0,&
{'D2'},{'R3'},{'D3'},{'D6'},{'D7'},{'R2'},{'R1'},{'D1'},{'D5'},,&,1.0,&
{'D2'},{'R3'},{'D3'},{'D6'},{'D7'},{'R2'},{'R1'},{'D1'},{'D5'},{'D4'},&,1.0,&
{'D2'},{'R3'},{'D3'},{'D6'},{'R1'},{'R2'},{'D1'},{'D7'},{'D5'},{'D4'},&,1.0,&
{'D2'},{'R3'},{'D3'},{'D6'},{'D5'},{'D1'},{'D7'},,,,&,1.0,&
{'D2'},{'R3'},{'D3'},{'D6'},{'D1'},,,,,,&,1.0,&
{'D2'},{'R3'},{'D3'},{'D6'},{'D1'},{'D7'},{'D5'},{'D4'},{'R1'},{'R2'},&,1.0,&
{'D2'},{'R3'},{'D3'},{'D6'},{'D1'},{'D7'},{'R2'},{'R1'},{'D4'},,&,1.0,&
{'D2'},{'R3'},{'D3'},{'D6'},{'D1'},{'R2'},,,,,&,1.0,&
{'D2'},{'R3'},{'D3'},{'D6'},{'D1'},{'R1'},,,,,&,1.0,&
{'D2'},{'R3'},{'D3'},{'D6'},{'D1'},{'R1'},{'D7'},{'R2'},{'D4'},{'D5'},&,1.0,&
{'D2'},{'R3'},{'D3'},{'D6'},{'D1'},{'D4'},{'R2'},{'D5'},,,&,1.0,&
{'D2'},{'R3'},{'D3'},{'D6'},{'R2'},,,,,,&,2.0,&
{'D2'},{'R3'},{'D3'},{'D6'},{'R2'},{'D1'},{'D7'},,,,&,1.0,&
{'D2'},{'R3'},{'D3'},{'D6'},{'R2'},{'D1'},{'D7'},{'D5'},,,&,1.0,&
{'D2'},{'R3'},{'D3'},{'D6'},{'R2'},{'D1'},{'D5'},,,,&,1.0,&
{'D2'},{'R3'},{'D3'},{'D6'},{'R2'},{'D1'},{'R1'},,,,&,1.0,&
{'D2'},{'R3'},{'D3'},{'D6'},{'R2'},{'R1'},{'D1'},{'D4'},{'D7'},{'D5'},&,1.0,&
{'D2'},{'R3'},{'D5'},,,,,,,,&,11.0,&
{'D2'},{'R3'},{'D5'},{'R2'},,,,,,,&,4.0,&
{'D2'},{'R3'},{'D5'},{'R2'},{'D6'},{'R1'},,,,,&,1.0,&
{'D2'},{'R3'},{'D5'},{'R2'},{'D3'},,,,,,&,2.0,&
{'D2'},{'R3'},{'D5'},{'R2'},{'D3'},{'D1'},,,,,&,1.0,&
{'D2'},{'R3'},{'D5'},{'R2'},{'D3'},{'D1'},{'D7'},{'D6'},,,&,1.0,&
{'D2'},{'R3'},{'D5'},{'R2'},{'D3'},{'D1'},{'D6'},,,,&,2.0,&
{'D2'},{'R3'},{'D5'},{'R2'},{'D3'},{'R1'},,,,,&,1.0,&
{'D2'},{'R3'},{'D5'},{'R2'},{'D3'},{'R1'},{'D7'},{'D6'},,,&,1.0,&
{'D2'},{'R3'},{'D5'},{'R2'},{'D3'},{'R1'},{'D1'},{'D4'},{'D7'},,&,1.0,&
{'D2'},{'R3'},{'D5'},{'R2'},{'D3'},{'R1'},{'D6'},{'D1'},{'D4'},{'D7'},&,1.0,&
{'D2'},{'R3'},{'D5'},{'R2'},{'D3'},{'R1'},{'D4'},,,,&,1.0,&
{'D2'},{'R3'},{'D5'},{'R2'},{'R1'},,,,,,&,2.0,&
{'D2'},{'R3'},{'D5'},{'R2'},{'R1'},{'D3'},,,,,&,1.0,&
{'D2'},{'R3'},{'D5'},{'R2'},{'R1'},{'D3'},{'D1'},{'D7'},{'D6'},,&,1.0,&
{'D2'},{'R3'},{'D5'},{'R2'},{'R1'},{'D3'},{'D1'},{'D7'},{'D4'},,&,1.0,&
{'D2'},{'R3'},{'D5'},{'R2'},{'R1'},{'D3'},{'D6'},,,,&,1.0,&
{'D2'},{'R3'},{'D5'},{'R2'},{'D1'},,,,,,&,1.0,&
{'D2'},{'R3'},{'D5'},{'R2'},{'D4'},{'R1'},{'D1'},,,,&,1.0,&
{'D2'},{'R3'},{'D5'},{'R2'},{'D4'},{'R1'},{'D1'},{'D3'},{'D6'},,&,1.0,&
{'D2'},{'R3'},{'D5'},{'D1'},,,,,,,&,2.0,&
{'D2'},{'R3'},{'D5'},{'D1'},{'D6'},,,,,,&,1.0,&
{'D2'},{'R3'},{'D5'},{'D1'},{'D7'},,,,,,&,1.0,&
{'D2'},{'R3'},{'D5'},{'D1'},{'D7'},{'R2'},{'R1'},,,,&,1.0,&
{'D2'},{'R3'},{'D5'},{'D1'},{'D7'},{'D3'},,,,,&,1.0,&
{'D2'},{'R3'},{'D5'},{'D1'},{'D3'},{'D7'},{'R2'},{'D6'},{'D4'},,&,1.0,&
{'D2'},{'R3'},{'D5'},{'D1'},{'D3'},{'D6'},{'R2'},{'D7'},{'D4'},,&,1.0,&
{'D2'},{'R3'},{'D5'},{'D1'},{'D3'},{'D6'},{'R1'},,,,&,1.0,&
{'D2'},{'R3'},{'D5'},{'D1'},{'D3'},{'D4'},,,,,&,1.0,&
{'D2'},{'R3'},{'D5'},{'D1'},{'R1'},{'R2'},{'D3'},{'D6'},{'D7'},{'D4'},&,1.0,&
{'D2'},{'R3'},{'D5'},{'D1'},{'R1'},{'D6'},,,,,&,1.0,&
{'D2'},{'R3'},{'D5'},{'D1'},{'R2'},,,,,,&,1.0,&
{'D2'},{'R3'},{'D5'},{'D1'},{'R2'},{'D7'},,,,,&,1.0,&
{'D2'},{'R3'},{'D5'},{'D1'},{'R2'},{'D3'},{'D7'},{'R1'},{'D6'},{'D4'},&,1.0,&
{'D2'},{'R3'},{'D5'},{'D1'},{'R2'},{'D3'},{'R1'},{'D7'},{'D6'},,&,1.0,&
{'D2'},{'R3'},{'D5'},{'D1'},{'R2'},{'R1'},,,,,&,3.0,&
{'D2'},{'R3'},{'D5'},{'D1'},{'R2'},{'R1'},{'D3'},{'D7'},,,&,1.0,&
{'D2'},{'R3'},{'D5'},{'D3'},,,,,,,&,3.0,&
{'D2'},{'R3'},{'D5'},{'D3'},{'D1'},{'D7'},,,,,&,1.0,&
{'D2'},{'R3'},{'D5'},{'D3'},{'D1'},{'D7'},{'R1'},{'D6'},{'D4'},,&,1.0,&
{'D2'},{'R3'},{'D5'},{'D3'},{'D1'},{'R2'},,,,,&,1.0,&
{'D2'},{'R3'},{'D5'},{'D3'},{'D1'},{'R2'},{'D7'},{'D6'},{'D4'},{'R1'},&,1.0,&
{'D2'},{'R3'},{'D5'},{'D3'},{'D1'},{'R2'},{'R1'},{'D7'},{'D6'},{'D4'},&,1.0,&
{'D2'},{'R3'},{'D5'},{'D3'},{'D1'},{'R2'},{'D4'},,,,&,1.0,&
{'D2'},{'R3'},{'D5'},{'D3'},{'D1'},{'D6'},,,,,&,1.0,&
{'D2'},{'R3'},{'D5'},{'D3'},{'D1'},{'D6'},{'D7'},,,,&,1.0,&
{'D2'},{'R3'},{'D5'},{'D3'},{'D1'},{'D6'},{'D7'},{'D4'},{'R2'},,&,1.0,&
{'D2'},{'R3'},{'D5'},{'D3'},{'D1'},{'D6'},{'D7'},{'R2'},,,&,1.0,&
{'D2'},{'R3'},{'D5'},{'D3'},{'D1'},{'D6'},{'R2'},{'D4'},{'R1'},{'D7'},&,1.0,&
{'D2'},{'R3'},{'D5'},{'D3'},{'R2'},,,,,,&,2.0,&
{'D2'},{'R3'},{'D5'},{'D3'},{'R2'},{'D1'},,,,,&,1.0,&
{'D2'},{'R3'},{'D5'},{'D3'},{'R2'},{'D1'},{'R1'},{'D7'},,,&,1.0,&
{'D2'},{'R3'},{'D5'},{'D3'},{'R2'},{'D1'},{'D6'},,,,&,1.0,&
{'D2'},{'R3'},{'D5'},{'D3'},{'R2'},{'D1'},{'D6'},{'D7'},{'D4'},,&,1.0,&
{'D2'},{'R3'},{'D5'},{'D3'},{'R2'},{'D7'},{'R1'},{'D1'},,,&,1.0,&
{'D2'},{'R3'},{'D5'},{'D3'},{'R2'},{'D6'},{'R1'},{'D7'},{'D1'},,&,1.0,&
{'D2'},{'R3'},{'D5'},{'D3'},{'R2'},{'R1'},{'D1'},{'D6'},{'D7'},,&,1.0,&
{'D2'},{'R3'},{'D5'},{'D3'},{'R2'},{'R1'},{'D6'},,,,&,1.0,&
{'D2'},{'R3'},{'D5'},{'D3'},{'R2'},{'R1'},{'D6'},{'D1'},,,&,1.0,&
{'D2'},{'R3'},{'D5'},{'D7'},{'D3'},,,,,,&,2.0,&
{'D2'},{'R3'},{'D5'},{'D7'},{'D3'},{'D6'},{'D1'},,,,&,1.0,&
{'D2'},{'R3'},{'D5'},{'D7'},{'D1'},,,,,,&,1.0,&
{'D2'},{'R3'},{'D5'},{'D7'},{'D1'},{'D3'},{'R2'},{'R1'},{'D6'},{'D4'},&,1.0,&
{'D2'},{'R3'},{'D5'},{'D7'},{'R2'},,,,,,&,1.0,&
{'D2'},{'R3'},{'D5'},{'D7'},{'R2'},{'D1'},{'D6'},{'D3'},{'R1'},{'D4'},&,1.0,&
{'D2'},{'R3'},{'D5'},{'R1'},,,,,,,&,1.0,&
{'D2'},{'R3'},{'D5'},{'R1'},{'D3'},{'D1'},{'D7'},{'D4'},{'R2'},,&,1.0,&
{'D2'},{'R3'},{'D5'},{'R1'},{'D1'},{'R2'},{'D3'},{'D4'},{'D6'},,&,1.0,&
{'D2'},{'R3'},{'D5'},{'R1'},{'D1'},{'D3'},{'D4'},{'R2'},,,&,1.0,&
{'D2'},{'R3'},{'D5'},{'D6'},,,,,,,&,2.0,&
{'D2'},{'R3'},{'D5'},{'D6'},{'D3'},{'D1'},{'R2'},{'D7'},{'D4'},{'R1'},&,1.0,&
{'D2'},{'R3'},{'D5'},{'D6'},{'D3'},{'D1'},{'R1'},{'R2'},{'D7'},{'D4'},&,1.0,&
{'D2'},{'R3'},{'D5'},{'D6'},{'D1'},{'D7'},{'R2'},,,,&,1.0,&
{'D2'},{'R3'},{'D5'},{'D6'},{'R2'},{'R1'},,,,,&,1.0,&
{'D2'},{'R3'},{'D5'},{'D6'},{'R2'},{'R1'},{'D1'},{'D3'},{'D4'},{'D7'},&,1.0,&
{'D2'},{'R3'},{'D1'},,,,,,,,&,78.0,&
{'D2'},{'R3'},{'D1'},{'R2'},,,,,,,&,18.0,&
{'D2'},{'R3'},{'D1'},{'R2'},{'D6'},,,,,,&,6.0,&
{'D2'},{'R3'},{'D1'},{'R2'},{'D6'},{'R1'},,,,,&,1.0,&
{'D2'},{'R3'},{'D1'},{'R2'},{'D6'},{'R1'},{'D7'},{'D3'},{'D5'},{'D4'},&,1.0,&
{'D2'},{'R3'},{'D1'},{'R2'},{'D6'},{'R1'},{'D4'},{'D3'},{'D7'},{'D5'},&,1.0,&
{'D2'},{'R3'},{'D1'},{'R2'},{'D6'},{'R1'},{'D3'},{'D4'},{'D7'},,&,1.0,&
{'D2'},{'R3'},{'D1'},{'R2'},{'D6'},{'R1'},{'D3'},{'D7'},,,&,1.0,&
{'D2'},{'R3'},{'D1'},{'R2'},{'D7'},,,,,,&,1.0,&
{'D2'},{'R3'},{'D1'},{'R2'},{'D7'},{'D5'},{'D3'},{'R1'},,,&,1.0,&
{'D2'},{'R3'},{'D1'},{'R2'},{'D7'},{'D6'},{'D3'},{'R1'},{'D5'},,&,1.0,&
{'D2'},{'R3'},{'D1'},{'R2'},{'D7'},{'D3'},{'R1'},{'D6'},,,&,1.0,&
{'D2'},{'R3'},{'D1'},{'R2'},{'D7'},{'R1'},{'D3'},{'D5'},{'D6'},,&,1.0,&
{'D2'},{'R3'},{'D1'},{'R2'},{'D7'},{'D4'},{'D3'},,,,&,1.0,&
{'D2'},{'R3'},{'D1'},{'R2'},{'D3'},,,,,,&,6.0,&
{'D2'},{'R3'},{'D1'},{'R2'},{'D3'},{'D7'},{'D5'},{'R1'},,,&,1.0,&
{'D2'},{'R3'},{'D1'},{'R2'},{'D3'},{'D7'},{'D5'},{'R1'},{'D6'},,&,1.0,&
{'D2'},{'R3'},{'D1'},{'R2'},{'D3'},{'D7'},{'R1'},,,,&,2.0,&
{'D2'},{'R3'},{'D1'},{'R2'},{'D3'},{'D7'},{'R1'},{'D4'},,,&,1.0,&
{'D2'},{'R3'},{'D1'},{'R2'},{'D3'},{'D5'},,,,,&,1.0,&
{'D2'},{'R3'},{'D1'},{'R2'},{'D3'},{'D5'},{'R1'},,,,&,1.0,&
{'D2'},{'R3'},{'D1'},{'R2'},{'D3'},{'D5'},{'R1'},{'D7'},{'D6'},{'D4'},&,1.0,&
{'D2'},{'R3'},{'D1'},{'R2'},{'D3'},{'D5'},{'R1'},{'D7'},{'D4'},{'D6'},&,1.0,&
{'D2'},{'R3'},{'D1'},{'R2'},{'D3'},{'D5'},{'D6'},{'D7'},{'D4'},,&,1.0,&
{'D2'},{'R3'},{'D1'},{'R2'},{'D3'},{'D5'},{'D6'},{'D7'},{'D4'},{'R1'},&,2.0,&
{'D2'},{'R3'},{'D1'},{'R2'},{'D3'},{'D5'},{'D6'},{'R1'},,,&,1.0,&
{'D2'},{'R3'},{'D1'},{'R2'},{'D3'},{'D5'},{'D4'},{'R1'},{'D6'},,&,1.0,&
{'D2'},{'R3'},{'D1'},{'R2'},{'D3'},{'D6'},,,,,&,2.0,&
{'D2'},{'R3'},{'D1'},{'R2'},{'D3'},{'D6'},{'D7'},{'D4'},{'R1'},,&,1.0,&
{'D2'},{'R3'},{'D1'},{'R2'},{'D3'},{'D6'},{'D7'},{'D5'},{'D4'},,&,1.0,&
{'D2'},{'R3'},{'D1'},{'R2'},{'D3'},{'D6'},{'D7'},{'R1'},,,&,1.0,&
{'D2'},{'R3'},{'D1'},{'R2'},{'D3'},{'D6'},{'D5'},,,,&,1.0,&
{'D2'},{'R3'},{'D1'},{'R2'},{'D3'},{'D6'},{'D5'},{'D4'},{'R1'},,&,1.0,&
{'D2'},{'R3'},{'D1'},{'R2'},{'D3'},{'D6'},{'R1'},,,,&,1.0,&
{'D2'},{'R3'},{'D1'},{'R2'},{'D3'},{'D6'},{'R1'},{'D4'},{'D5'},{'D7'},&,1.0,&
{'D2'},{'R3'},{'D1'},{'R2'},{'D3'},{'D6'},{'R1'},{'D5'},{'D7'},,&,1.0,&
{'D2'},{'R3'},{'D1'},{'R2'},{'D3'},{'D6'},{'R1'},{'D5'},{'D7'},{'D4'},&,3.0,&
{'D2'},{'R3'},{'D1'},{'R2'},{'D3'},{'R1'},,,,,&,2.0,&
{'D2'},{'R3'},{'D1'},{'R2'},{'D3'},{'R1'},{'D5'},{'D6'},,,&,1.0,&
{'D2'},{'R3'},{'D1'},{'R2'},{'D3'},{'R1'},{'D6'},,,,&,1.0,&
{'D2'},{'R3'},{'D1'},{'R2'},{'D3'},{'R1'},{'D6'},{'D7'},{'D5'},{'D4'},&,1.0,&
{'D2'},{'R3'},{'D1'},{'R2'},{'D3'},{'R1'},{'D4'},{'D5'},,,&,1.0,&
{'D2'},{'R3'},{'D1'},{'R2'},{'D3'},{'R1'},{'D4'},{'D5'},{'D7'},{'D6'},&,1.0,&
{'D2'},{'R3'},{'D1'},{'R2'},{'R1'},,,,,,&,13.0,&
{'D2'},{'R3'},{'D1'},{'R2'},{'R1'},{'D7'},,,,,&,1.0,&
{'D2'},{'R3'},{'D1'},{'R2'},{'R1'},{'D7'},{'D6'},{'D4'},{'D3'},{'D5'},&,1.0,&
{'D2'},{'R3'},{'D1'},{'R2'},{'R1'},{'D7'},{'D3'},,,,&,2.0,&
{'D2'},{'R3'},{'D1'},{'R2'},{'R1'},{'D7'},{'D3'},{'D6'},,,&,1.0,&
{'D2'},{'R3'},{'D1'},{'R2'},{'R1'},{'D5'},,,,,&,1.0,&
{'D2'},{'R3'},{'D1'},{'R2'},{'R1'},{'D5'},{'D7'},{'D3'},,,&,1.0,&
{'D2'},{'R3'},{'D1'},{'R2'},{'R1'},{'D5'},{'D3'},,,,&,1.0,&
{'D2'},{'R3'},{'D1'},{'R2'},{'R1'},{'D5'},{'D3'},{'D7'},,,&,2.0,&
{'D2'},{'R3'},{'D1'},{'R2'},{'R1'},{'D5'},{'D3'},{'D7'},{'D6'},{'D4'},&,1.0,&
{'D2'},{'R3'},{'D1'},{'R2'},{'R1'},{'D6'},{'D5'},{'D3'},{'D4'},{'D7'},&,2.0,&
{'D2'},{'R3'},{'D1'},{'R2'},{'R1'},{'D3'},,,,,&,2.0,&
{'D2'},{'R3'},{'D1'},{'R2'},{'R1'},{'D3'},{'D7'},,,,&,1.0,&
{'D2'},{'R3'},{'D1'},{'R2'},{'R1'},{'D3'},{'D7'},{'D6'},{'D5'},,&,1.0,&
{'D2'},{'R3'},{'D1'},{'R2'},{'R1'},{'D3'},{'D5'},,,,&,1.0,&
{'D2'},{'R3'},{'D1'},{'R2'},{'R1'},{'D3'},{'D5'},{'D6'},{'D7'},{'D4'},&,1.0,&
{'D2'},{'R3'},{'D1'},{'R2'},{'R1'},{'D3'},{'D5'},{'D7'},,,&,1.0,&
{'D2'},{'R3'},{'D1'},{'R2'},{'R1'},{'D3'},{'D6'},,,,&,3.0,&
{'D2'},{'R3'},{'D1'},{'R2'},{'R1'},{'D3'},{'D6'},{'D4'},,,&,1.0,&
{'D2'},{'R3'},{'D1'},{'R2'},{'R1'},{'D3'},{'D6'},{'D5'},,,&,2.0,&
{'D2'},{'R3'},{'D1'},{'R2'},{'R1'},{'D4'},{'D3'},,,,&,1.0,&
{'D2'},{'R3'},{'D1'},{'R2'},{'R1'},{'D4'},{'D3'},{'D5'},,,&,1.0,&
{'D2'},{'R3'},{'D1'},{'R2'},{'D5'},,,,,,&,2.0,&
{'D2'},{'R3'},{'D1'},{'R2'},{'D5'},{'D7'},,,,,&,1.0,&
{'D2'},{'R3'},{'D1'},{'R2'},{'D5'},{'D6'},,,,,&,1.0,&
{'D2'},{'R3'},{'D1'},{'R2'},{'D5'},{'D6'},{'R1'},,,,&,1.0,&
{'D2'},{'R3'},{'D1'},{'R2'},{'D5'},{'D3'},{'R1'},{'D7'},,,&,1.0,&
{'D2'},{'R3'},{'D1'},{'R2'},{'D5'},{'R1'},{'D4'},{'D3'},,,&,1.0,&
{'D2'},{'R3'},{'D1'},{'R2'},{'D5'},{'D4'},{'R1'},{'D3'},{'D6'},{'D7'},&,1.0,&
{'D2'},{'R3'},{'D1'},{'R2'},{'D4'},{'D5'},,,,,&,1.0,&
{'D2'},{'R3'},{'D1'},{'D5'},,,,,,,&,5.0,&
{'D2'},{'R3'},{'D1'},{'D5'},{'D6'},{'D7'},{'D3'},{'D4'},{'R1'},,&,2.0,&
{'D2'},{'R3'},{'D1'},{'D5'},{'D6'},{'D3'},{'D4'},{'D7'},{'R2'},,&,1.0,&
{'D2'},{'R3'},{'D1'},{'D5'},{'D7'},{'R2'},{'R1'},{'D6'},,,&,1.0,&
{'D2'},{'R3'},{'D1'},{'D5'},{'D7'},{'D3'},{'D6'},{'D4'},,,&,1.0,&
{'D2'},{'R3'},{'D1'},{'D5'},{'D3'},,,,,,&,4.0,&
{'D2'},{'R3'},{'D1'},{'D5'},{'D3'},{'D7'},{'D6'},{'R2'},{'R1'},{'D4'},&,1.0,&
{'D2'},{'R3'},{'D1'},{'D5'},{'D3'},{'D7'},{'D4'},,,,&,1.0,&
{'D2'},{'R3'},{'D1'},{'D5'},{'D3'},{'R2'},{'D7'},,,,&,1.0,&
{'D2'},{'R3'},{'D1'},{'D5'},{'D3'},{'R2'},{'D6'},{'D7'},,,&,1.0,&
{'D2'},{'R3'},{'D1'},{'D5'},{'D3'},{'D6'},{'D7'},{'D4'},,,&,1.0,&
{'D2'},{'R3'},{'D1'},{'D5'},{'D3'},{'D6'},{'D7'},{'D4'},{'R2'},,&,1.0,&
{'D2'},{'R3'},{'D1'},{'D5'},{'R1'},,,,,,&,1.0,&
{'D2'},{'R3'},{'D1'},{'D5'},{'R1'},{'D3'},{'D6'},{'D4'},,,&,1.0,&
{'D2'},{'R3'},{'D1'},{'D5'},{'R2'},,,,,,&,3.0,&
{'D2'},{'R3'},{'D1'},{'D5'},{'R2'},{'D7'},,,,,&,1.0,&
{'D2'},{'R3'},{'D1'},{'D5'},{'R2'},{'D7'},{'R1'},{'D3'},{'D4'},,&,1.0,&
{'D2'},{'R3'},{'D1'},{'D5'},{'R2'},{'D6'},,,,,&,1.0,&
{'D2'},{'R3'},{'D1'},{'D5'},{'R2'},{'D3'},,,,,&,1.0,&
{'D2'},{'R3'},{'D1'},{'D5'},{'R2'},{'D3'},{'D7'},{'D6'},{'D4'},{'R1'},&,1.0,&
{'D2'},{'R3'},{'D1'},{'D5'},{'R2'},{'D3'},{'R1'},{'D6'},{'D7'},{'D4'},&,1.0,&
{'D2'},{'R3'},{'D1'},{'D5'},{'R2'},{'D3'},{'R1'},{'D7'},{'D6'},{'D4'},&,1.0,&
{'D2'},{'R3'},{'D1'},{'D5'},{'R2'},{'D3'},{'D6'},{'D4'},,,&,1.0,&
{'D2'},{'R3'},{'D1'},{'D5'},{'R2'},{'R1'},,,,,&,2.0,&
{'D2'},{'R3'},{'D1'},{'D5'},{'R2'},{'R1'},{'D3'},,,,&,1.0,&
{'D2'},{'R3'},{'D1'},{'D5'},{'R2'},{'R1'},{'D3'},{'D6'},{'D7'},{'D4'},&,1.0,&
{'D2'},{'R3'},{'D1'},{'D5'},{'R2'},{'R1'},{'D3'},{'D4'},,,&,1.0,&
{'D2'},{'R3'},{'D1'},{'D5'},{'R2'},{'R1'},{'D3'},{'D7'},{'D6'},,&,1.0,&
{'D2'},{'R3'},{'D1'},{'D5'},{'D4'},,,,,,&,1.0,&
{'D2'},{'R3'},{'D1'},{'D3'},,,,,,,&,21.0,&
{'D2'},{'R3'},{'D1'},{'D3'},{'D6'},,,,,,&,5.0,&
{'D2'},{'R3'},{'D1'},{'D3'},{'D6'},{'D7'},{'D5'},{'D4'},{'R2'},,&,1.0,&
{'D2'},{'R3'},{'D1'},{'D3'},{'D6'},{'D7'},{'R2'},,,,&,1.0,&
{'D2'},{'R3'},{'D1'},{'D3'},{'D6'},{'D7'},{'R2'},{'D5'},{'R1'},,&,1.0,&
{'D2'},{'R3'},{'D1'},{'D3'},{'D6'},{'D7'},{'R2'},{'D5'},{'D4'},{'R1'},&,1.0,&
{'D2'},{'R3'},{'D1'},{'D3'},{'D6'},{'D5'},,,,,&,1.0,&
{'D2'},{'R3'},{'D1'},{'D3'},{'D6'},{'D5'},{'D7'},{'D4'},{'R2'},{'R1'},&,1.0,&
{'D2'},{'R3'},{'D1'},{'D3'},{'D6'},{'D5'},{'R2'},{'D4'},{'R1'},,&,1.0,&
{'D2'},{'R3'},{'D1'},{'D3'},{'D6'},{'R2'},,,,,&,6.0,&
{'D2'},{'R3'},{'D1'},{'D3'},{'D6'},{'R2'},{'D7'},,,,&,2.0,&
{'D2'},{'R3'},{'D1'},{'D3'},{'D6'},{'R2'},{'D7'},{'R1'},,,&,1.0,&
{'D2'},{'R3'},{'D1'},{'D3'},{'D6'},{'R2'},{'D5'},{'D7'},{'R1'},{'D4'},&,2.0,&
{'D2'},{'R3'},{'D1'},{'D3'},{'D6'},{'R2'},{'D5'},{'R1'},,,&,1.0,&
{'D2'},{'R3'},{'D1'},{'D3'},{'D6'},{'R2'},{'R1'},{'D5'},{'D7'},,&,1.0,&
{'D2'},{'R3'},{'D1'},{'D3'},{'D6'},{'R1'},,,,,&,2.0,&
{'D2'},{'R3'},{'D1'},{'D3'},{'D6'},{'R1'},{'D5'},,,,&,1.0,&
{'D2'},{'R3'},{'D1'},{'D3'},{'D6'},{'R1'},{'D5'},{'D7'},{'R2'},,&,1.0,&
{'D2'},{'R3'},{'D1'},{'D3'},{'D6'},{'R1'},{'R2'},{'D7'},,,&,1.0,&
{'D2'},{'R3'},{'D1'},{'D3'},{'D6'},{'D4'},,,,,&,2.0,&
{'D2'},{'R3'},{'D1'},{'D3'},{'D6'},{'D4'},{'D5'},{'D7'},{'R2'},,&,1.0,&
{'D2'},{'R3'},{'D1'},{'D3'},{'D7'},,,,,,&,4.0,&
{'D2'},{'R3'},{'D1'},{'D3'},{'D7'},{'D5'},{'D4'},{'D6'},{'R2'},,&,1.0,&
{'D2'},{'R3'},{'D1'},{'D3'},{'D7'},{'R2'},,,,,&,1.0,&
{'D2'},{'R3'},{'D1'},{'D3'},{'D7'},{'R2'},{'D6'},{'R1'},{'D5'},{'D4'},&,2.0,&
{'D2'},{'R3'},{'D1'},{'D3'},{'D7'},{'D6'},,,,,&,1.0,&
{'D2'},{'R3'},{'D1'},{'D3'},{'D7'},{'D6'},{'D5'},,,,&,1.0,&
{'D2'},{'R3'},{'D1'},{'D3'},{'D7'},{'D6'},{'R2'},{'R1'},{'D5'},{'D4'},&,1.0,&
{'D2'},{'R3'},{'D1'},{'D3'},{'D7'},{'R1'},,,,,&,1.0,&
{'D2'},{'R3'},{'D1'},{'D3'},{'D7'},{'R1'},{'R2'},{'D6'},{'D5'},,&,1.0,&
{'D2'},{'R3'},{'D1'},{'D3'},{'D7'},{'R1'},{'R2'},{'D5'},,,&,1.0,&
{'D2'},{'R3'},{'D1'},{'D3'},{'D7'},{'R1'},{'D6'},{'D5'},{'R2'},{'D4'},&,1.0,&
{'D2'},{'R3'},{'D1'},{'D3'},{'D7'},{'D4'},{'R2'},{'D6'},{'D5'},,&,1.0,&
{'D2'},{'R3'},{'D1'},{'D3'},{'R1'},,,,,,&,1.0,&
{'D2'},{'R3'},{'D1'},{'D3'},{'R1'},{'D7'},,,,,&,1.0,&
{'D2'},{'R3'},{'D1'},{'D3'},{'R1'},{'D7'},{'R2'},,,,&,1.0,&
{'D2'},{'R3'},{'D1'},{'D3'},{'R1'},{'D5'},{'R2'},{'D4'},{'D6'},,&,1.0,&
{'D2'},{'R3'},{'D1'},{'D3'},{'R1'},{'R2'},{'D5'},{'D4'},,,&,1.0,&
{'D2'},{'R3'},{'D1'},{'D3'},{'R1'},{'R2'},{'D6'},{'D4'},,,&,1.0,&
{'D2'},{'R3'},{'D1'},{'D3'},{'R1'},{'D6'},,,,,&,1.0,&
{'D2'},{'R3'},{'D1'},{'D3'},{'R1'},{'D6'},{'R2'},{'D5'},,,&,1.0,&
{'D2'},{'R3'},{'D1'},{'D3'},{'D5'},,,,,,&,1.0,&
{'D2'},{'R3'},{'D1'},{'D3'},{'D5'},{'D7'},,,,,&,1.0,&
{'D2'},{'R3'},{'D1'},{'D3'},{'D5'},{'D7'},{'D4'},,,,&,1.0,&
{'D2'},{'R3'},{'D1'},{'D3'},{'D5'},{'R2'},,,,,&,1.0,&
{'D2'},{'R3'},{'D1'},{'D3'},{'D5'},{'R2'},{'D7'},{'R1'},,,&,1.0,&
{'D2'},{'R3'},{'D1'},{'D3'},{'D5'},{'R2'},{'R1'},,,,&,1.0,&
{'D2'},{'R3'},{'D1'},{'D3'},{'D5'},{'R2'},{'R1'},{'D6'},,,&,1.0,&
{'D2'},{'R3'},{'D1'},{'D3'},{'D5'},{'R2'},{'R1'},{'D7'},,,&,1.0,&
{'D2'},{'R3'},{'D1'},{'D3'},{'D5'},{'R2'},{'R1'},{'D7'},{'D6'},{'D4'},&,1.0,&
{'D2'},{'R3'},{'D1'},{'D3'},{'D5'},{'R2'},{'D6'},{'D7'},{'R1'},,&,2.0,&
{'D2'},{'R3'},{'D1'},{'D3'},{'D5'},{'R2'},{'D6'},{'D7'},{'D4'},{'R1'},&,1.0,&
{'D2'},{'R3'},{'D1'},{'D3'},{'D5'},{'D6'},{'D7'},{'R1'},{'R2'},{'D4'},&,1.0,&
{'D2'},{'R3'},{'D1'},{'D3'},{'D5'},{'R1'},{'R2'},,,,&,1.0,&
{'D2'},{'R3'},{'D1'},{'D3'},{'D5'},{'D4'},,,,,&,2.0,&
{'D2'},{'R3'},{'D1'},{'D3'},{'D5'},{'D4'},{'R2'},{'D6'},,,&,1.0,&
{'D2'},{'R3'},{'D1'},{'D3'},{'D5'},{'D4'},{'R2'},{'D6'},{'D7'},,&,1.0,&
{'D2'},{'R3'},{'D1'},{'D3'},{'R2'},,,,,,&,12.0,&
{'D2'},{'R3'},{'D1'},{'D3'},{'R2'},{'D7'},,,,,&,2.0,&
{'D2'},{'R3'},{'D1'},{'D3'},{'R2'},{'D7'},{'R1'},,,,&,3.0,&
{'D2'},{'R3'},{'D1'},{'D3'},{'R2'},{'D7'},{'D6'},,,,&,1.0,&
{'D2'},{'R3'},{'D1'},{'D3'},{'R2'},{'D7'},{'D6'},{'D5'},{'R1'},{'D4'},&,1.0,&
{'D2'},{'R3'},{'D1'},{'D3'},{'R2'},{'D7'},{'D6'},{'R1'},{'D5'},,&,1.0,&
{'D2'},{'R3'},{'D1'},{'D3'},{'R2'},{'D5'},,,,,&,2.0,&
{'D2'},{'R3'},{'D1'},{'D3'},{'R2'},{'D5'},{'R1'},{'D6'},{'D7'},,&,1.0,&
{'D2'},{'R3'},{'D1'},{'D3'},{'R2'},{'D5'},{'D6'},,,,&,2.0,&
{'D2'},{'R3'},{'D1'},{'D3'},{'R2'},{'D6'},,,,,&,2.0,&
{'D2'},{'R3'},{'D1'},{'D3'},{'R2'},{'D6'},{'D7'},{'D5'},,,&,1.0,&
{'D2'},{'R3'},{'D1'},{'D3'},{'R2'},{'D6'},{'R1'},,,,&,2.0,&
{'D2'},{'R3'},{'D1'},{'D3'},{'R2'},{'D6'},{'R1'},{'D7'},{'D4'},,&,1.0,&
{'D2'},{'R3'},{'D1'},{'D3'},{'R2'},{'R1'},,,,,&,1.0,&
{'D2'},{'R3'},{'D1'},{'D3'},{'R2'},{'R1'},{'D7'},,,,&,3.0,&
{'D2'},{'R3'},{'D1'},{'D3'},{'R2'},{'R1'},{'D7'},{'D6'},{'D4'},,&,1.0,&
{'D2'},{'R3'},{'D1'},{'D3'},{'R2'},{'R1'},{'D5'},{'D6'},{'D7'},{'D4'},&,1.0,&
{'D2'},{'R3'},{'D1'},{'D3'},{'R2'},{'R1'},{'D6'},,,,&,2.0,&
{'D2'},{'R3'},{'D1'},{'D3'},{'R2'},{'R1'},{'D6'},{'D4'},,,&,1.0,&
{'D2'},{'R3'},{'D1'},{'D3'},{'R2'},{'R1'},{'D6'},{'D7'},,,&,2.0,&
{'D2'},{'R3'},{'D1'},{'D3'},{'R2'},{'R1'},{'D6'},{'D7'},{'D5'},{'D4'},&,1.0,&
{'D2'},{'R3'},{'D1'},{'D3'},{'R2'},{'R1'},{'D6'},{'D5'},,,&,1.0,&
{'D2'},{'R3'},{'D1'},{'D3'},{'R2'},{'R1'},{'D6'},{'D5'},{'D7'},,&,1.0,&
{'D2'},{'R3'},{'D1'},{'D3'},{'R2'},{'R1'},{'D4'},,,,&,1.0,&
{'D2'},{'R3'},{'D1'},{'D3'},{'R2'},{'R1'},{'D4'},{'D5'},{'D6'},,&,1.0,&
{'D2'},{'R3'},{'D1'},{'D3'},{'D4'},,,,,,&,1.0,&
{'D2'},{'R3'},{'D1'},{'D3'},{'D4'},{'D7'},{'D5'},{'R2'},{'R1'},{'D6'},&,1.0,&
{'D2'},{'R3'},{'D1'},{'D3'},{'D4'},{'D5'},,,,,&,1.0,&
{'D2'},{'R3'},{'D1'},{'D3'},{'D4'},{'D5'},{'D7'},{'R2'},{'D6'},,&,1.0,&
{'D2'},{'R3'},{'D1'},{'D3'},{'D4'},{'R2'},,,,,&,1.0,&
{'D2'},{'R3'},{'D1'},{'D3'},{'D4'},{'R2'},{'D6'},{'R1'},,,&,1.0,&
{'D2'},{'R3'},{'D1'},{'D3'},{'D4'},{'R1'},{'R2'},{'D5'},,,&,1.0,&
{'D2'},{'R3'},{'D1'},{'D4'},,,,,,,&,1.0,&
{'D2'},{'R3'},{'D1'},{'D4'},{'D7'},{'R2'},,,,,&,1.0,&
{'D2'},{'R3'},{'D1'},{'D4'},{'D3'},{'R2'},{'D7'},{'R1'},,,&,1.0,&
{'D2'},{'R3'},{'D1'},{'D4'},{'D3'},{'R2'},{'R1'},{'D7'},{'D6'},{'D5'},&,1.0,&
{'D2'},{'R3'},{'D1'},{'D4'},{'D5'},{'D7'},{'D3'},{'R2'},{'D6'},,&,1.0,&
{'D2'},{'R3'},{'D1'},{'D7'},,,,,,,&,3.0,&
{'D2'},{'R3'},{'D1'},{'D7'},{'D6'},,,,,,&,1.0,&
{'D2'},{'R3'},{'D1'},{'D7'},{'D6'},{'D3'},{'R1'},{'D4'},{'D5'},,&,1.0,&
{'D2'},{'R3'},{'D1'},{'D7'},{'D3'},,,,,,&,1.0,&
{'D2'},{'R3'},{'D1'},{'D7'},{'D3'},{'D5'},{'D6'},{'R2'},{'R1'},{'D4'},&,1.0,&
{'D2'},{'R3'},{'D1'},{'D7'},{'D3'},{'R2'},{'R1'},,,,&,1.0,&
{'D2'},{'R3'},{'D1'},{'D7'},{'D3'},{'R2'},{'D6'},{'D5'},{'R1'},{'D4'},&,1.0,&
{'D2'},{'R3'},{'D1'},{'D7'},{'D3'},{'D6'},,,,,&,2.0,&
{'D2'},{'R3'},{'D1'},{'D7'},{'D3'},{'D6'},{'D5'},{'R2'},,,&,1.0,&
{'D2'},{'R3'},{'D1'},{'D7'},{'D5'},{'R2'},{'D3'},{'D6'},{'R1'},{'D4'},&,1.0,&
{'D2'},{'R3'},{'D1'},{'D7'},{'D5'},{'D3'},{'R2'},{'R1'},{'D6'},{'D4'},&,1.0,&
{'D2'},{'R3'},{'D1'},{'D7'},{'D5'},{'D3'},{'R1'},{'R2'},,,&,1.0,&
{'D2'},{'R3'},{'D1'},{'D7'},{'R2'},,,,,,&,2.0,&
{'D2'},{'R3'},{'D1'},{'D7'},{'R2'},{'D3'},{'R1'},,,,&,1.0,&
{'D2'},{'R3'},{'D1'},{'D7'},{'R2'},{'D3'},{'R1'},{'D5'},{'D6'},,&,1.0,&
{'D2'},{'R3'},{'D1'},{'D7'},{'R2'},{'R1'},{'D5'},,,,&,1.0,&
{'D2'},{'R3'},{'D1'},{'D7'},{'R2'},{'R1'},{'D3'},{'D6'},,,&,1.0,&
{'D2'},{'R3'},{'D1'},{'D7'},{'R2'},{'R1'},{'D3'},{'D6'},{'D5'},{'D4'},&,1.0,&
{'D2'},{'R3'},{'D1'},{'D7'},{'R2'},{'R1'},{'D3'},{'D5'},{'D6'},{'D4'},&,1.0,&
{'D2'},{'R3'},{'D1'},{'R1'},,,,,,,&,6.0,&
{'D2'},{'R3'},{'D1'},{'R1'},{'D6'},,,,,,&,1.0,&
{'D2'},{'R3'},{'D1'},{'R1'},{'D3'},,,,,,&,3.0,&
{'D2'},{'R3'},{'D1'},{'R1'},{'D3'},{'D7'},{'D5'},,,,&,1.0,&
{'D2'},{'R3'},{'D1'},{'R1'},{'D3'},{'D7'},{'R2'},{'D5'},{'D4'},{'D6'},&,1.0,&
{'D2'},{'R3'},{'D1'},{'R1'},{'D3'},{'D5'},{'R2'},,,,&,1.0,&
{'D2'},{'R3'},{'D1'},{'R1'},{'D3'},{'D5'},{'R2'},{'D7'},{'D4'},,&,1.0,&
{'D2'},{'R3'},{'D1'},{'R1'},{'D3'},{'D5'},{'D6'},{'D7'},{'D4'},{'R2'},&,1.0,&
{'D2'},{'R3'},{'D1'},{'R1'},{'D3'},{'R2'},,,,,&,1.0,&
{'D2'},{'R3'},{'D1'},{'R1'},{'D3'},{'R2'},{'D7'},{'D6'},,,&,1.0,&
{'D2'},{'R3'},{'D1'},{'R1'},{'D5'},{'D3'},{'D6'},{'D4'},{'R2'},{'D7'},&,1.0,&
{'D2'},{'R3'},{'D1'},{'R1'},{'R2'},,,,,,&,4.0,&
{'D2'},{'R3'},{'D1'},{'R1'},{'R2'},{'D3'},,,,,&,1.0,&
{'D2'},{'R3'},{'D1'},{'R1'},{'R2'},{'D3'},{'D5'},,,,&,1.0,&
{'D2'},{'R3'},{'D1'},{'R1'},{'R2'},{'D3'},{'D5'},{'D6'},{'D7'},,&,1.0,&
{'D2'},{'R3'},{'D1'},{'R1'},{'R2'},{'D3'},{'D4'},{'D6'},{'D5'},,&,1.0,&
{'D2'},{'R3'},{'D1'},{'R1'},{'D4'},{'D5'},{'D3'},{'D6'},{'R2'},{'D7'},&,1.0,&
{'D2'},{'R3'},{'D1'},{'D6'},,,,,,,&,9.0,&
{'D2'},{'R3'},{'D1'},{'D6'},{'D7'},{'D3'},{'R2'},{'D4'},{'D5'},{'R1'},&,1.0,&
{'D2'},{'R3'},{'D1'},{'D6'},{'D7'},{'R1'},,,,,&,1.0,&
{'D2'},{'R3'},{'D1'},{'D6'},{'D3'},,,,,,&,1.0,&
{'D2'},{'R3'},{'D1'},{'D6'},{'D3'},{'D7'},{'R2'},{'R1'},{'D5'},{'D4'},&,1.0,&
{'D2'},{'R3'},{'D1'},{'D6'},{'D3'},{'D5'},,,,,&,1.0,&
{'D2'},{'R3'},{'D1'},{'D6'},{'D3'},{'D5'},{'R2'},,,,&,1.0,&
{'D2'},{'R3'},{'D1'},{'D6'},{'D3'},{'D5'},{'D4'},{'R2'},{'R1'},{'D7'},&,1.0,&
{'D2'},{'R3'},{'D1'},{'D6'},{'D5'},{'D3'},,,,,&,1.0,&
{'D2'},{'R3'},{'D1'},{'D6'},{'D5'},{'D3'},{'R1'},{'D7'},{'R2'},{'D4'},&,1.0,&
{'D2'},{'R3'},{'D1'},{'D6'},{'R2'},,,,,,&,3.0,&
{'D2'},{'R3'},{'D1'},{'D6'},{'R2'},{'D5'},{'D7'},{'R1'},,,&,1.0,&
{'D2'},{'R3'},{'D1'},{'D6'},{'R2'},{'D3'},,,,,&,1.0,&
{'D2'},{'R3'},{'D1'},{'D6'},{'R2'},{'D3'},{'D7'},,,,&,1.0,&
{'D2'},{'R3'},{'D1'},{'D6'},{'R2'},{'D3'},{'D7'},{'D5'},{'D4'},{'R1'},&,1.0,&
{'D2'},{'R3'},{'D1'},{'D6'},{'R2'},{'D3'},{'D5'},{'R1'},{'D7'},,&,1.0,&
{'D2'},{'R3'},{'D1'},{'D6'},{'R2'},{'R1'},,,,,&,1.0,&
{'D2'},{'R3'},{'D1'},{'D6'},{'R2'},{'R1'},{'D5'},,,,&,1.0,&
{'D2'},{'R3'},{'D1'},{'D6'},{'R2'},{'R1'},{'D5'},{'D3'},,,&,1.0,&
{'D2'},{'R3'},{'D1'},{'D6'},{'R2'},{'R1'},{'D3'},,,,&,1.0,&
{'D2'},{'R3'},{'D1'},{'D6'},{'R2'},{'R1'},{'D3'},{'D5'},,,&,1.0,&
{'D2'},{'R3'},{'D1'},{'D6'},{'R2'},{'R1'},{'D3'},{'D5'},{'D7'},,&,1.0,&
{'D2'},{'R3'},{'D1'},{'D6'},{'D4'},{'D3'},{'D5'},,,,&,1.0,&
{'D2'},{'R3'},{'D7'},,,,,,,,&,11.0,&
{'D2'},{'R3'},{'D7'},{'R2'},,,,,,,&,8.0,&
{'D2'},{'R3'},{'D7'},{'R2'},{'D3'},,,,,,&,2.0,&
{'D2'},{'R3'},{'D7'},{'R2'},{'D3'},{'D1'},{'D6'},{'D5'},{'R1'},,&,1.0,&
{'D2'},{'R3'},{'D7'},{'R2'},{'D3'},{'D5'},{'D1'},,,,&,1.0,&
{'D2'},{'R3'},{'D7'},{'R2'},{'D3'},{'D5'},{'D1'},{'D6'},{'D4'},{'R1'},&,1.0,&
{'D2'},{'R3'},{'D7'},{'R2'},{'D3'},{'R1'},,,,,&,1.0,&
{'D2'},{'R3'},{'D7'},{'R2'},{'R1'},{'D1'},{'D3'},{'D6'},{'D5'},{'D4'},&,1.0,&
{'D2'},{'R3'},{'D7'},{'R2'},{'R1'},{'D5'},{'D4'},,,,&,1.0,&
{'D2'},{'R3'},{'D7'},{'R2'},{'D5'},{'R1'},{'D3'},{'D6'},,,&,1.0,&
{'D2'},{'R3'},{'D7'},{'R2'},{'D1'},{'D6'},{'D5'},,,,&,1.0,&
{'D2'},{'R3'},{'D7'},{'R2'},{'D1'},{'D3'},{'R1'},{'D6'},{'D5'},,&,1.0,&
{'D2'},{'R3'},{'D7'},{'R2'},{'D1'},{'D3'},{'D4'},{'D5'},{'D6'},{'R1'},&,1.0,&
{'D2'},{'R3'},{'D7'},{'R2'},{'D1'},{'R1'},{'D5'},{'D3'},,,&,1.0,&
{'D2'},{'R3'},{'D7'},{'D1'},,,,,,,&,1.0,&
{'D2'},{'R3'},{'D7'},{'D1'},{'D3'},,,,,,&,2.0,&
{'D2'},{'R3'},{'D7'},{'D1'},{'D3'},{'D5'},{'D6'},{'D4'},,,&,1.0,&
{'D2'},{'R3'},{'D7'},{'D1'},{'D3'},{'R1'},{'D6'},{'R2'},{'D5'},{'D4'},&,1.0,&
{'D2'},{'R3'},{'D7'},{'D1'},{'D3'},{'D4'},,,,,&,1.0,&
{'D2'},{'R3'},{'D7'},{'D1'},{'R1'},{'R2'},{'D3'},{'D6'},,,&,1.0,&
{'D2'},{'R3'},{'D7'},{'D1'},{'D5'},,,,,,&,1.0,&
{'D2'},{'R3'},{'D7'},{'D1'},{'R2'},,,,,,&,1.0,&
{'D2'},{'R3'},{'D7'},{'D1'},{'R2'},{'D3'},,,,,&,1.0,&
{'D2'},{'R3'},{'D7'},{'D1'},{'R2'},{'D3'},{'D6'},{'R1'},{'D5'},{'D4'},&,1.0,&
{'D2'},{'R3'},{'D7'},{'D1'},{'R2'},{'R1'},,,,,&,1.0,&
{'D2'},{'R3'},{'D7'},{'D1'},{'R2'},{'R1'},{'D3'},{'D5'},{'D6'},{'D4'},&,1.0,&
{'D2'},{'R3'},{'D7'},{'D5'},,,,,,,&,1.0,&
{'D2'},{'R3'},{'D7'},{'D5'},{'R1'},{'D4'},{'R2'},,,,&,1.0,&
{'D2'},{'R3'},{'D7'},{'D5'},{'D1'},{'D3'},{'R2'},{'R1'},{'D6'},{'D4'},&,1.0,&
{'D2'},{'R3'},{'D7'},{'D5'},{'R2'},,,,,,&,1.0,&
{'D2'},{'R3'},{'D7'},{'D5'},{'R2'},{'D3'},,,,,&,1.0,&
{'D2'},{'R3'},{'D7'},{'D5'},{'R2'},{'R1'},,,,,&,1.0,&
{'D2'},{'R3'},{'D7'},{'D3'},,,,,,,&,3.0,&
{'D2'},{'R3'},{'D7'},{'D3'},{'D6'},{'D1'},{'R1'},{'D5'},{'D4'},,&,1.0,&
{'D2'},{'R3'},{'D7'},{'D3'},{'D6'},{'R2'},{'D5'},{'R1'},,,&,1.0,&
{'D2'},{'R3'},{'D7'},{'D3'},{'D5'},{'D1'},{'R2'},{'D6'},{'D4'},{'R1'},&,1.0,&
{'D2'},{'R3'},{'D7'},{'D3'},{'D1'},,,,,,&,2.0,&
{'D2'},{'R3'},{'D7'},{'D3'},{'D1'},{'D5'},{'R2'},{'D6'},{'D4'},{'R1'},&,1.0,&
{'D2'},{'R3'},{'D7'},{'D3'},{'D1'},{'D6'},{'R2'},{'D5'},{'R1'},{'D4'},&,1.0,&
{'D2'},{'R3'},{'D7'},{'D3'},{'D1'},{'D6'},{'R2'},{'R1'},{'D5'},,&,1.0,&
{'D2'},{'R3'},{'D7'},{'D3'},{'D1'},{'D6'},{'R2'},{'R1'},{'D5'},{'D4'},&,1.0,&
{'D2'},{'R3'},{'D7'},{'D3'},{'R2'},{'D1'},{'D5'},{'D4'},{'D6'},,&,1.0,&
{'D2'},{'R3'},{'D7'},{'D3'},{'R2'},{'R1'},{'D1'},,,,&,1.0,&
{'D2'},{'R3'},{'D7'},{'D3'},{'R2'},{'R1'},{'D1'},{'D6'},{'D5'},,&,1.0,&
{'D2'},{'R3'},{'D7'},{'D3'},{'R2'},{'R1'},{'D1'},{'D5'},,,&,1.0,&
{'D2'},{'R3'},{'D7'},{'D3'},{'R2'},{'R1'},{'D6'},,,,&,1.0,&
{'D2'},{'R3'},{'D7'},{'R1'},{'D6'},{'D3'},{'D1'},{'D5'},,,&,1.0,&
{'D2'},{'R3'},{'D7'},{'R1'},{'D1'},{'D4'},,,,,&,1.0,&
{'D2'},{'R3'},{'D7'},{'D6'},{'D1'},{'D3'},{'R2'},{'R1'},{'D4'},,&,1.0,&
{'D2'},{'R3'},{'D7'},{'D6'},{'R2'},{'R1'},,,,,&,1.0,&
{'D2'},{'R3'},{'D7'},{'D6'},{'R2'},{'R1'},{'D3'},{'D1'},,,&,1.0,&
{'D2'},{'R3'},{'R2'},,,,,,,,&,123.0,&
{'D2'},{'R3'},{'R2'},{'D1'},,,,,,,&,26.0,&
{'D2'},{'R3'},{'R2'},{'D1'},{'D6'},,,,,,&,1.0,&
{'D2'},{'R3'},{'R2'},{'D1'},{'D6'},{'D5'},{'D7'},,,,&,1.0,&
{'D2'},{'R3'},{'R2'},{'D1'},{'D6'},{'D5'},{'D3'},{'D7'},{'R1'},{'D4'},&,1.0,&
{'D2'},{'R3'},{'R2'},{'D1'},{'D6'},{'D3'},{'D7'},{'D5'},{'D4'},{'R1'},&,1.0,&
{'D2'},{'R3'},{'R2'},{'D1'},{'D6'},{'D3'},{'D5'},{'R1'},,,&,1.0,&
{'D2'},{'R3'},{'R2'},{'D1'},{'D6'},{'D3'},{'D5'},{'R1'},{'D7'},{'D4'},&,1.0,&
{'D2'},{'R3'},{'R2'},{'D1'},{'D6'},{'D3'},{'R1'},{'D7'},,,&,1.0,&
{'D2'},{'R3'},{'R2'},{'D1'},{'D6'},{'R1'},{'D7'},{'D3'},{'D5'},,&,1.0,&
{'D2'},{'R3'},{'R2'},{'D1'},{'D6'},{'R1'},{'D3'},{'D7'},{'D5'},{'D4'},&,1.0,&
{'D2'},{'R3'},{'R2'},{'D1'},{'D7'},,,,,,&,1.0,&
{'D2'},{'R3'},{'R2'},{'D1'},{'D7'},{'R1'},{'D3'},{'D6'},{'D5'},{'D4'},&,1.0,&
{'D2'},{'R3'},{'R2'},{'D1'},{'D3'},,,,,,&,13.0,&
{'D2'},{'R3'},{'R2'},{'D1'},{'D3'},{'D7'},,,,,&,1.0,&
{'D2'},{'R3'},{'R2'},{'D1'},{'D3'},{'D7'},{'R1'},{'D6'},{'D5'},{'D4'},&,1.0,&
{'D2'},{'R3'},{'R2'},{'D1'},{'D3'},{'D7'},{'D6'},{'R1'},{'D5'},,&,1.0,&
{'D2'},{'R3'},{'R2'},{'D1'},{'D3'},{'D7'},{'D6'},{'R1'},{'D5'},{'D4'},&,1.0,&
{'D2'},{'R3'},{'R2'},{'D1'},{'D3'},{'D5'},,,,,&,2.0,&
{'D2'},{'R3'},{'R2'},{'D1'},{'D3'},{'D5'},{'R1'},,,,&,1.0,&
{'D2'},{'R3'},{'R2'},{'D1'},{'D3'},{'D5'},{'D6'},{'D4'},{'R1'},{'D7'},&,1.0,&
{'D2'},{'R3'},{'R2'},{'D1'},{'D3'},{'D5'},{'D6'},{'D4'},{'D7'},,&,1.0,&
{'D2'},{'R3'},{'R2'},{'D1'},{'D3'},{'D5'},{'D6'},{'D7'},,,&,1.0,&
{'D2'},{'R3'},{'R2'},{'D1'},{'D3'},{'D5'},{'D6'},{'R1'},,,&,2.0,&
{'D2'},{'R3'},{'R2'},{'D1'},{'D3'},{'D6'},,,,,&,2.0,&
{'D2'},{'R3'},{'R2'},{'D1'},{'D3'},{'D6'},{'D7'},{'D5'},{'D4'},{'R1'},&,1.0,&
{'D2'},{'R3'},{'R2'},{'D1'},{'D3'},{'D6'},{'D7'},{'R1'},{'D5'},{'D4'},&,1.0,&
{'D2'},{'R3'},{'R2'},{'D1'},{'D3'},{'D6'},{'D5'},{'D4'},{'D7'},{'R1'},&,1.0,&
{'D2'},{'R3'},{'R2'},{'D1'},{'D3'},{'D6'},{'D5'},{'D7'},{'D4'},{'R1'},&,1.0,&
{'D2'},{'R3'},{'R2'},{'D1'},{'D3'},{'D6'},{'D5'},{'R1'},,,&,1.0,&
{'D2'},{'R3'},{'R2'},{'D1'},{'D3'},{'D6'},{'R1'},,,,&,4.0,&
{'D2'},{'R3'},{'R2'},{'D1'},{'D3'},{'D6'},{'R1'},{'D4'},,,&,1.0,&
{'D2'},{'R3'},{'R2'},{'D1'},{'D3'},{'D6'},{'R1'},{'D7'},,,&,1.0,&
{'D2'},{'R3'},{'R2'},{'D1'},{'D3'},{'D6'},{'R1'},{'D5'},{'D7'},{'D4'},&,1.0,&
{'D2'},{'R3'},{'R2'},{'D1'},{'D3'},{'R1'},,,,,&,3.0,&
{'D2'},{'R3'},{'R2'},{'D1'},{'D3'},{'R1'},{'D7'},{'D6'},,,&,1.0,&
{'D2'},{'R3'},{'R2'},{'D1'},{'D3'},{'R1'},{'D7'},{'D6'},{'D5'},{'D4'},&,1.0,&
{'D2'},{'R3'},{'R2'},{'D1'},{'D3'},{'R1'},{'D7'},{'D6'},{'D4'},,&,1.0,&
{'D2'},{'R3'},{'R2'},{'D1'},{'D3'},{'R1'},{'D6'},,,,&,2.0,&
{'D2'},{'R3'},{'R2'},{'D1'},{'D3'},{'R1'},{'D6'},{'D7'},,,&,1.0,&
{'D2'},{'R3'},{'R2'},{'D1'},{'D3'},{'R1'},{'D6'},{'D5'},{'D7'},,&,1.0,&
{'D2'},{'R3'},{'R2'},{'D1'},{'D3'},{'R1'},{'D4'},{'D6'},{'D5'},{'D7'},&,1.0,&
{'D2'},{'R3'},{'R2'},{'D1'},{'R1'},,,,,,&,13.0,&
{'D2'},{'R3'},{'R2'},{'D1'},{'R1'},{'D7'},,,,,&,1.0,&
{'D2'},{'R3'},{'R2'},{'D1'},{'R1'},{'D7'},{'D6'},{'D3'},{'D5'},{'D4'},&,1.0,&
{'D2'},{'R3'},{'R2'},{'D1'},{'R1'},{'D7'},{'D3'},,,,&,1.0,&
{'D2'},{'R3'},{'R2'},{'D1'},{'R1'},{'D7'},{'D3'},{'D6'},,,&,1.0,&
{'D2'},{'R3'},{'R2'},{'D1'},{'R1'},{'D7'},{'D3'},{'D5'},{'D6'},{'D4'},&,1.0,&
{'D2'},{'R3'},{'R2'},{'D1'},{'R1'},{'D5'},,,,,&,3.0,&
{'D2'},{'R3'},{'R2'},{'D1'},{'R1'},{'D5'},{'D4'},{'D3'},{'D7'},,&,1.0,&
{'D2'},{'R3'},{'R2'},{'D1'},{'R1'},{'D5'},{'D3'},{'D4'},,,&,1.0,&
{'D2'},{'R3'},{'R2'},{'D1'},{'R1'},{'D3'},,,,,&,9.0,&
{'D2'},{'R3'},{'R2'},{'D1'},{'R1'},{'D3'},{'D7'},,,,&,1.0,&
{'D2'},{'R3'},{'R2'},{'D1'},{'R1'},{'D3'},{'D7'},{'D6'},,,&,1.0,&
{'D2'},{'R3'},{'R2'},{'D1'},{'R1'},{'D3'},{'D7'},{'D5'},,,&,1.0,&
{'D2'},{'R3'},{'R2'},{'D1'},{'R1'},{'D3'},{'D5'},,,,&,1.0,&
{'D2'},{'R3'},{'R2'},{'D1'},{'R1'},{'D3'},{'D5'},{'D6'},{'D7'},{'D4'},&,1.0,&
{'D2'},{'R3'},{'R2'},{'D1'},{'R1'},{'D3'},{'D6'},,,,&,2.0,&
{'D2'},{'R3'},{'R2'},{'D1'},{'R1'},{'D3'},{'D6'},{'D5'},{'D7'},{'D4'},&,1.0,&
{'D2'},{'R3'},{'R2'},{'D1'},{'R1'},{'D3'},{'D4'},{'D6'},,,&,1.0,&
{'D2'},{'R3'},{'R2'},{'D1'},{'R1'},{'D3'},{'D4'},{'D6'},{'D5'},{'D7'},&,1.0,&
{'D2'},{'R3'},{'R2'},{'D1'},{'R1'},{'D4'},,,,,&,1.0,&
{'D2'},{'R3'},{'R2'},{'D1'},{'D5'},,,,,,&,1.0,&
{'D2'},{'R3'},{'R2'},{'D1'},{'D5'},{'D7'},,,,,&,1.0,&
{'D2'},{'R3'},{'R2'},{'D1'},{'D5'},{'D6'},,,,,&,1.0,&
{'D2'},{'R3'},{'R2'},{'D1'},{'D5'},{'D6'},{'D3'},{'R1'},{'D7'},{'D4'},&,1.0,&
{'D2'},{'R3'},{'R2'},{'D1'},{'D5'},{'R1'},,,,,&,1.0,&
{'D2'},{'R3'},{'R2'},{'D1'},{'D5'},{'R1'},{'D6'},{'D3'},{'D7'},,&,1.0,&
{'D2'},{'R3'},{'R2'},{'D1'},{'D4'},{'D5'},{'D3'},,,,&,1.0,&
{'D2'},{'R3'},{'R2'},{'D1'},{'D4'},{'D3'},{'D5'},{'R1'},{'D6'},,&,1.0,&
{'D2'},{'R3'},{'R2'},{'D1'},{'D4'},{'R1'},,,,,&,1.0,&
{'D2'},{'R3'},{'R2'},{'D5'},,,,,,,&,4.0,&
{'D2'},{'R3'},{'R2'},{'D5'},{'D3'},{'D1'},,,,,&,2.0,&
{'D2'},{'R3'},{'R2'},{'D5'},{'D3'},{'D1'},{'D6'},{'R1'},,,&,1.0,&
{'D2'},{'R3'},{'R2'},{'D5'},{'D3'},{'R1'},{'D1'},{'D7'},,,&,1.0,&
{'D2'},{'R3'},{'R2'},{'D5'},{'D3'},{'D4'},{'D1'},,,,&,1.0,&
{'D2'},{'R3'},{'R2'},{'D5'},{'R1'},,,,,,&,1.0,&
{'D2'},{'R3'},{'R2'},{'D5'},{'R1'},{'D1'},{'D6'},,,,&,1.0,&
{'D2'},{'R3'},{'R2'},{'D5'},{'R1'},{'D1'},{'D6'},{'D3'},,,&,1.0,&
{'D2'},{'R3'},{'R2'},{'D5'},{'R1'},{'D1'},{'D3'},{'D6'},{'D4'},{'D7'},&,1.0,&
{'D2'},{'R3'},{'R2'},{'D5'},{'R1'},{'D7'},{'D1'},{'D3'},{'D6'},{'D4'},&,1.0,&
{'D2'},{'R3'},{'R2'},{'D5'},{'R1'},{'D6'},,,,,&,1.0,&
{'D2'},{'R3'},{'R2'},{'D5'},{'R1'},{'D3'},{'D1'},{'D6'},,,&,1.0,&
{'D2'},{'R3'},{'R2'},{'D5'},{'R1'},{'D3'},{'D1'},{'D7'},{'D6'},,&,1.0,&
{'D2'},{'R3'},{'R2'},{'D5'},{'R1'},{'D4'},{'D3'},{'D1'},{'D6'},{'D7'},&,1.0,&
{'D2'},{'R3'},{'R2'},{'D5'},{'D1'},,,,,,&,1.0,&
{'D2'},{'R3'},{'R2'},{'D5'},{'D1'},{'D3'},{'R1'},{'D6'},{'D7'},{'D4'},&,1.0,&
{'D2'},{'R3'},{'R2'},{'D5'},{'D1'},{'D3'},{'R1'},{'D6'},{'D4'},{'D7'},&,1.0,&
{'D2'},{'R3'},{'R2'},{'D5'},{'D1'},{'D3'},{'D6'},{'R1'},{'D4'},{'D7'},&,1.0,&
{'D2'},{'R3'},{'R2'},{'D3'},,,,,,,&,21.0,&
{'D2'},{'R3'},{'R2'},{'D3'},{'D6'},{'D1'},{'D5'},,,,&,1.0,&
{'D2'},{'R3'},{'R2'},{'D3'},{'D6'},{'D1'},{'D5'},{'D4'},{'R1'},,&,1.0,&
{'D2'},{'R3'},{'R2'},{'D3'},{'D6'},{'D7'},{'D1'},{'R1'},{'D5'},{'D4'},&,1.0,&
{'D2'},{'R3'},{'R2'},{'D3'},{'D6'},{'D5'},{'R1'},{'D1'},{'D4'},,&,1.0,&
{'D2'},{'R3'},{'R2'},{'D3'},{'D6'},{'R1'},{'D5'},{'D1'},{'D4'},{'D7'},&,1.0,&
{'D2'},{'R3'},{'R2'},{'D3'},{'D6'},{'R1'},{'D1'},{'D5'},{'D7'},{'D4'},&,1.0,&
{'D2'},{'R3'},{'R2'},{'D3'},{'D7'},,,,,,&,3.0,&
{'D2'},{'R3'},{'R2'},{'D3'},{'D7'},{'D1'},{'D4'},{'D5'},,,&,1.0,&
{'D2'},{'R3'},{'R2'},{'D3'},{'D7'},{'D5'},,,,,&,1.0,&
{'D2'},{'R3'},{'R2'},{'D3'},{'D7'},{'R1'},,,,,&,1.0,&
{'D2'},{'R3'},{'R2'},{'D3'},{'D7'},{'R1'},{'D1'},{'D6'},{'D5'},{'D4'},&,1.0,&
{'D2'},{'R3'},{'R2'},{'D3'},{'R1'},,,,,,&,8.0,&
{'D2'},{'R3'},{'R2'},{'D3'},{'R1'},{'D1'},,,,,&,5.0,&
{'D2'},{'R3'},{'R2'},{'D3'},{'R1'},{'D1'},{'D7'},,,,&,2.0,&
{'D2'},{'R3'},{'R2'},{'D3'},{'R1'},{'D1'},{'D7'},{'D6'},{'D4'},{'D5'},&,1.0,&
{'D2'},{'R3'},{'R2'},{'D3'},{'R1'},{'D1'},{'D7'},{'D5'},{'D6'},{'D4'},&,1.0,&
{'D2'},{'R3'},{'R2'},{'D3'},{'R1'},{'D1'},{'D5'},{'D6'},,,&,2.0,&
{'D2'},{'R3'},{'R2'},{'D3'},{'R1'},{'D1'},{'D5'},{'D6'},{'D7'},{'D4'},&,1.0,&
{'D2'},{'R3'},{'R2'},{'D3'},{'R1'},{'D1'},{'D5'},{'D4'},{'D6'},{'D7'},&,1.0,&
{'D2'},{'R3'},{'R2'},{'D3'},{'R1'},{'D1'},{'D5'},{'D7'},,,&,2.0,&
{'D2'},{'R3'},{'R2'},{'D3'},{'R1'},{'D1'},{'D6'},,,,&,3.0,&
{'D2'},{'R3'},{'R2'},{'D3'},{'R1'},{'D1'},{'D6'},{'D5'},,,&,2.0,&
{'D2'},{'R3'},{'R2'},{'D3'},{'R1'},{'D1'},{'D6'},{'D5'},{'D7'},{'D4'},&,1.0,&
{'D2'},{'R3'},{'R2'},{'D3'},{'R1'},{'D7'},,,,,&,2.0,&
{'D2'},{'R3'},{'R2'},{'D3'},{'R1'},{'D5'},,,,,&,1.0,&
{'D2'},{'R3'},{'R2'},{'D3'},{'R1'},{'D5'},{'D1'},{'D6'},{'D7'},{'D4'},&,1.0,&
{'D2'},{'R3'},{'R2'},{'D3'},{'R1'},{'D5'},{'D6'},{'D1'},{'D7'},{'D4'},&,1.0,&
{'D2'},{'R3'},{'R2'},{'D3'},{'R1'},{'D6'},,,,,&,3.0,&
{'D2'},{'R3'},{'R2'},{'D3'},{'R1'},{'D6'},{'D5'},{'D1'},{'D7'},{'D4'},&,1.0,&
{'D2'},{'R3'},{'R2'},{'D3'},{'R1'},{'D6'},{'D1'},,,,&,1.0,&
{'D2'},{'R3'},{'R2'},{'D3'},{'R1'},{'D6'},{'D1'},{'D7'},{'D5'},{'D4'},&,1.0,&
{'D2'},{'R3'},{'R2'},{'D3'},{'D5'},,,,,,&,2.0,&
{'D2'},{'R3'},{'R2'},{'D3'},{'D5'},{'D1'},{'D6'},{'R1'},,,&,1.0,&
{'D2'},{'R3'},{'R2'},{'D3'},{'D5'},{'D6'},{'D1'},{'R1'},,,&,1.0,&
{'D2'},{'R3'},{'R2'},{'D3'},{'D5'},{'R1'},,,,,&,1.0,&
{'D2'},{'R3'},{'R2'},{'D3'},{'D5'},{'R1'},{'D1'},{'D4'},{'D6'},,&,1.0,&
{'D2'},{'R3'},{'R2'},{'D3'},{'D5'},{'D4'},{'D1'},{'D7'},{'D6'},{'R1'},&,1.0,&
{'D2'},{'R3'},{'R2'},{'D3'},{'D1'},,,,,,&,11.0,&
{'D2'},{'R3'},{'R2'},{'D3'},{'D1'},{'D7'},,,,,&,1.0,&
{'D2'},{'R3'},{'R2'},{'D3'},{'D1'},{'D7'},{'D5'},{'D6'},{'D4'},{'R1'},&,1.0,&
{'D2'},{'R3'},{'R2'},{'D3'},{'D1'},{'D7'},{'D5'},{'R1'},{'D6'},,&,1.0,&
{'D2'},{'R3'},{'R2'},{'D3'},{'D1'},{'D7'},{'R1'},{'D6'},,,&,1.0,&
{'D2'},{'R3'},{'R2'},{'D3'},{'D1'},{'D7'},{'R1'},{'D4'},,,&,1.0,&
{'D2'},{'R3'},{'R2'},{'D3'},{'D1'},{'D5'},{'D7'},{'D6'},{'R1'},{'D4'},&,1.0,&
{'D2'},{'R3'},{'R2'},{'D3'},{'D1'},{'D5'},{'R1'},,,,&,2.0,&
{'D2'},{'R3'},{'R2'},{'D3'},{'D1'},{'D5'},{'R1'},{'D7'},{'D6'},,&,1.0,&
{'D2'},{'R3'},{'R2'},{'D3'},{'D1'},{'D6'},,,,,&,1.0,&
{'D2'},{'R3'},{'R2'},{'D3'},{'D1'},{'D6'},{'D7'},{'D5'},,,&,1.0,&
{'D2'},{'R3'},{'R2'},{'D3'},{'D1'},{'D6'},{'D7'},{'D5'},{'D4'},,&,1.0,&
{'D2'},{'R3'},{'R2'},{'D3'},{'D1'},{'D6'},{'D7'},{'D5'},{'D4'},{'R1'},&,1.0,&
{'D2'},{'R3'},{'R2'},{'D3'},{'D1'},{'D6'},{'D5'},{'D7'},{'D4'},,&,1.0,&
{'D2'},{'R3'},{'R2'},{'D3'},{'D1'},{'D6'},{'R1'},{'D7'},{'D5'},{'D4'},&,1.0,&
{'D2'},{'R3'},{'R2'},{'D3'},{'D1'},{'R1'},,,,,&,3.0,&
{'D2'},{'R3'},{'R2'},{'D3'},{'D1'},{'R1'},{'D7'},,,,&,1.0,&
{'D2'},{'R3'},{'R2'},{'D3'},{'D1'},{'R1'},{'D5'},,,,&,1.0,&
{'D2'},{'R3'},{'R2'},{'D3'},{'D1'},{'R1'},{'D5'},{'D7'},{'D6'},{'D4'},&,1.0,&
{'D2'},{'R3'},{'R2'},{'D3'},{'D1'},{'R1'},{'D6'},,,,&,1.0,&
{'D2'},{'R3'},{'R2'},{'D3'},{'D1'},{'R1'},{'D6'},{'D4'},{'D5'},,&,1.0,&
{'D2'},{'R3'},{'R2'},{'D3'},{'D4'},{'D1'},{'D5'},{'R1'},,,&,1.0,&
{'D2'},{'R3'},{'R2'},{'D3'},{'D4'},{'D1'},{'R1'},,,,&,1.0,&
{'D2'},{'R3'},{'R2'},{'D3'},{'D4'},{'R1'},,,,,&,2.0,&
{'D2'},{'R3'},{'R2'},{'D3'},{'D4'},{'R1'},{'D1'},{'D5'},{'D7'},{'D6'},&,1.0,&
{'D2'},{'R3'},{'R2'},{'D4'},,,,,,,&,3.0,&
{'D2'},{'R3'},{'R2'},{'D4'},{'D6'},{'D1'},{'R1'},{'D3'},,,&,1.0,&
{'D2'},{'R3'},{'R2'},{'D4'},{'D7'},{'D6'},{'R1'},{'D1'},{'D3'},,&,1.0,&
{'D2'},{'R3'},{'R2'},{'D4'},{'D3'},,,,,,&,1.0,&
{'D2'},{'R3'},{'R2'},{'D4'},{'D3'},{'R1'},{'D1'},,,,&,1.0,&
{'D2'},{'R3'},{'R2'},{'D4'},{'R1'},,,,,,&,3.0,&
{'D2'},{'R3'},{'R2'},{'D4'},{'R1'},{'D5'},{'D1'},{'D3'},{'D7'},{'D6'},&,1.0,&
{'D2'},{'R3'},{'R2'},{'D4'},{'R1'},{'D3'},{'D1'},{'D6'},{'D5'},,&,1.0,&
{'D2'},{'R3'},{'R2'},{'D4'},{'D1'},{'R1'},,,,,&,1.0,&
{'D2'},{'R3'},{'R2'},{'D7'},,,,,,,&,4.0,&
{'D2'},{'R3'},{'R2'},{'D7'},{'D3'},,,,,,&,1.0,&
{'D2'},{'R3'},{'R2'},{'D7'},{'D3'},{'D1'},{'D5'},{'D6'},,,&,1.0,&
{'D2'},{'R3'},{'R2'},{'D7'},{'D3'},{'D1'},{'D4'},{'R1'},{'D6'},{'D5'},&,1.0,&
{'D2'},{'R3'},{'R2'},{'D7'},{'D3'},{'D6'},{'D5'},{'D4'},{'D1'},,&,1.0,&
{'D2'},{'R3'},{'R2'},{'D7'},{'D3'},{'R1'},,,,,&,1.0,&
{'D2'},{'R3'},{'R2'},{'D7'},{'D3'},{'R1'},{'D1'},,,,&,2.0,&
{'D2'},{'R3'},{'R2'},{'D7'},{'R1'},,,,,,&,2.0,&
{'D2'},{'R3'},{'R2'},{'D7'},{'R1'},{'D1'},{'D5'},,,,&,1.0,&
{'D2'},{'R3'},{'R2'},{'D7'},{'R1'},{'D1'},{'D6'},{'D3'},{'D5'},{'D4'},&,1.0,&
{'D2'},{'R3'},{'R2'},{'D7'},{'R1'},{'D5'},{'D1'},,,,&,1.0,&
{'D2'},{'R3'},{'R2'},{'D7'},{'R1'},{'D3'},,,,,&,2.0,&
{'D2'},{'R3'},{'R2'},{'D7'},{'R1'},{'D3'},{'D1'},{'D6'},{'D5'},,&,1.0,&
{'D2'},{'R3'},{'R2'},{'D7'},{'R1'},{'D3'},{'D6'},,,,&,1.0,&
{'D2'},{'R3'},{'R2'},{'D7'},{'D5'},,,,,,&,1.0,&
{'D2'},{'R3'},{'R2'},{'D7'},{'D1'},{'D3'},{'D6'},{'D5'},,,&,1.0,&
{'D2'},{'R3'},{'R2'},{'D7'},{'D1'},{'D3'},{'D6'},{'D5'},{'D4'},{'R1'},&,1.0,&
{'D2'},{'R3'},{'R2'},{'D7'},{'D1'},{'R1'},{'D3'},{'D4'},,,&,1.0,&
{'D2'},{'R3'},{'R2'},{'D7'},{'D1'},{'D4'},,,,,&,1.0,&
{'D2'},{'R3'},{'R2'},{'D7'},{'D4'},{'D5'},{'D3'},,,,&,1.0,&
{'D2'},{'R3'},{'R2'},{'R1'},,,,,,,&,40.0,&
{'D2'},{'R3'},{'R2'},{'R1'},{'D6'},,,,,,&,3.0,&
{'D2'},{'R3'},{'R2'},{'R1'},{'D6'},{'D1'},,,,,&,1.0,&
{'D2'},{'R3'},{'R2'},{'R1'},{'D6'},{'D1'},{'D3'},,,,&,1.0,&
{'D2'},{'R3'},{'R2'},{'R1'},{'D6'},{'D1'},{'D3'},{'D5'},,,&,1.0,&
{'D2'},{'R3'},{'R2'},{'R1'},{'D6'},{'D7'},{'D1'},,,,&,1.0,&
{'D2'},{'R3'},{'R2'},{'R1'},{'D6'},{'D5'},,,,,&,1.0,&
{'D2'},{'R3'},{'R2'},{'R1'},{'D6'},{'D3'},,,,,&,2.0,&
{'D2'},{'R3'},{'R2'},{'R1'},{'D6'},{'D3'},{'D7'},,,,&,1.0,&
{'D2'},{'R3'},{'R2'},{'R1'},{'D7'},,,,,,&,6.0,&
{'D2'},{'R3'},{'R2'},{'R1'},{'D7'},{'D1'},{'D3'},{'D6'},,,&,1.0,&
{'D2'},{'R3'},{'R2'},{'R1'},{'D7'},{'D3'},,,,,&,2.0,&
{'D2'},{'R3'},{'R2'},{'R1'},{'D7'},{'D3'},{'D1'},{'D6'},{'D5'},{'D4'},&,1.0,&
{'D2'},{'R3'},{'R2'},{'R1'},{'D7'},{'D4'},{'D6'},{'D3'},,,&,1.0,&
{'D2'},{'R3'},{'R2'},{'R1'},{'D3'},,,,,,&,17.0,&
{'D2'},{'R3'},{'R2'},{'R1'},{'D3'},{'D1'},,,,,&,6.0,&
{'D2'},{'R3'},{'R2'},{'R1'},{'D3'},{'D1'},{'D7'},,,,&,2.0,&
{'D2'},{'R3'},{'R2'},{'R1'},{'D3'},{'D1'},{'D7'},{'D6'},,,&,1.0,&
{'D2'},{'R3'},{'R2'},{'R1'},{'D3'},{'D1'},{'D7'},{'D4'},,,&,1.0,&
{'D2'},{'R3'},{'R2'},{'R1'},{'D3'},{'D1'},{'D5'},,,,&,1.0,&
{'D2'},{'R3'},{'R2'},{'R1'},{'D3'},{'D1'},{'D5'},{'D6'},,,&,2.0,&
{'D2'},{'R3'},{'R2'},{'R1'},{'D3'},{'D1'},{'D5'},{'D6'},{'D7'},{'D4'},&,1.0,&
{'D2'},{'R3'},{'R2'},{'R1'},{'D3'},{'D1'},{'D6'},{'D7'},,,&,1.0,&
{'D2'},{'R3'},{'R2'},{'R1'},{'D3'},{'D1'},{'D6'},{'D7'},{'D5'},{'D4'},&,1.0,&
{'D2'},{'R3'},{'R2'},{'R1'},{'D3'},{'D1'},{'D6'},{'D5'},,,&,2.0,&
{'D2'},{'R3'},{'R2'},{'R1'},{'D3'},{'D1'},{'D6'},{'D5'},{'D7'},{'D4'},&,1.0,&
{'D2'},{'R3'},{'R2'},{'R1'},{'D3'},{'D1'},{'D4'},{'D6'},{'D7'},,&,1.0,&
{'D2'},{'R3'},{'R2'},{'R1'},{'D3'},{'D1'},{'D4'},{'D7'},,,&,1.0,&
{'D2'},{'R3'},{'R2'},{'R1'},{'D3'},{'D7'},,,,,&,1.0,&
{'D2'},{'R3'},{'R2'},{'R1'},{'D3'},{'D7'},{'D5'},{'D1'},,,&,1.0,&
{'D2'},{'R3'},{'R2'},{'R1'},{'D3'},{'D7'},{'D1'},,,,&,1.0,&
{'D2'},{'R3'},{'R2'},{'R1'},{'D3'},{'D7'},{'D6'},{'D1'},{'D5'},,&,1.0,&
{'D2'},{'R3'},{'R2'},{'R1'},{'D3'},{'D5'},,,,,&,1.0,&
{'D2'},{'R3'},{'R2'},{'R1'},{'D3'},{'D5'},{'D1'},,,,&,3.0,&
{'D2'},{'R3'},{'R2'},{'R1'},{'D3'},{'D5'},{'D1'},{'D7'},{'D4'},{'D6'},&,1.0,&
{'D2'},{'R3'},{'R2'},{'R1'},{'D3'},{'D5'},{'D4'},{'D1'},{'D7'},,&,1.0,&
{'D2'},{'R3'},{'R2'},{'R1'},{'D3'},{'D6'},,,,,&,3.0,&
{'D2'},{'R3'},{'R2'},{'R1'},{'D3'},{'D6'},{'D1'},,,,&,1.0,&
{'D2'},{'R3'},{'R2'},{'R1'},{'D3'},{'D6'},{'D1'},{'D7'},,,&,1.0,&
{'D2'},{'R3'},{'R2'},{'R1'},{'D3'},{'D6'},{'D1'},{'D7'},{'D5'},,&,1.0,&
{'D2'},{'R3'},{'R2'},{'R1'},{'D3'},{'D6'},{'D1'},{'D5'},,,&,1.0,&
{'D2'},{'R3'},{'R2'},{'R1'},{'D3'},{'D4'},,,,,&,1.0,&
{'D2'},{'R3'},{'R2'},{'R1'},{'D5'},,,,,,&,4.0,&
{'D2'},{'R3'},{'R2'},{'R1'},{'D5'},{'D1'},{'D3'},{'D7'},{'D4'},{'D6'},&,1.0,&
{'D2'},{'R3'},{'R2'},{'R1'},{'D5'},{'D3'},,,,,&,1.0,&
{'D2'},{'R3'},{'R2'},{'R1'},{'D5'},{'D3'},{'D1'},,,,&,1.0,&
{'D2'},{'R3'},{'R2'},{'R1'},{'D5'},{'D3'},{'D1'},{'D6'},,,&,1.0,&
{'D2'},{'R3'},{'R2'},{'R1'},{'D5'},{'D3'},{'D1'},{'D4'},,,&,1.0,&
{'D2'},{'R3'},{'R2'},{'R1'},{'D5'},{'D3'},{'D1'},{'D7'},,,&,1.0,&
{'D2'},{'R3'},{'R2'},{'R1'},{'D5'},{'D3'},{'D1'},{'D7'},{'D6'},{'D4'},&,1.0,&
{'D2'},{'R3'},{'R2'},{'R1'},{'D1'},,,,,,&,14.0,&
{'D2'},{'R3'},{'R2'},{'R1'},{'D1'},{'D7'},{'D6'},{'D3'},{'D5'},{'D4'},&,1.0,&
{'D2'},{'R3'},{'R2'},{'R1'},{'D1'},{'D5'},,,,,&,4.0,&
{'D2'},{'R3'},{'R2'},{'R1'},{'D1'},{'D5'},{'D6'},{'D7'},,,&,1.0,&
{'D2'},{'R3'},{'R2'},{'R1'},{'D1'},{'D6'},,,,,&,3.0,&
{'D2'},{'R3'},{'R2'},{'R1'},{'D1'},{'D6'},{'D3'},{'D4'},{'D5'},,&,1.0,&
{'D2'},{'R3'},{'R2'},{'R1'},{'D1'},{'D6'},{'D3'},{'D5'},{'D4'},{'D7'},&,1.0,&
{'D2'},{'R3'},{'R2'},{'R1'},{'D1'},{'D3'},,,,,&,8.0,&
{'D2'},{'R3'},{'R2'},{'R1'},{'D1'},{'D3'},{'D7'},,,,&,1.0,&
{'D2'},{'R3'},{'R2'},{'R1'},{'D1'},{'D3'},{'D7'},{'D4'},{'D6'},,&,1.0,&
{'D2'},{'R3'},{'R2'},{'R1'},{'D1'},{'D3'},{'D7'},{'D5'},{'D6'},,&,1.0,&
{'D2'},{'R3'},{'R2'},{'R1'},{'D1'},{'D3'},{'D7'},{'D5'},{'D6'},{'D4'},&,1.0,&
{'D2'},{'R3'},{'R2'},{'R1'},{'D1'},{'D3'},{'D5'},,,,&,3.0,&
{'D2'},{'R3'},{'R2'},{'R1'},{'D1'},{'D3'},{'D5'},{'D6'},,,&,3.0,&
{'D2'},{'R3'},{'R2'},{'R1'},{'D1'},{'D3'},{'D5'},{'D6'},{'D7'},{'D4'},&,1.0,&
{'D2'},{'R3'},{'R2'},{'R1'},{'D1'},{'D3'},{'D5'},{'D6'},{'D4'},{'D7'},&,2.0,&
{'D2'},{'R3'},{'R2'},{'R1'},{'D1'},{'D3'},{'D5'},{'D4'},{'D6'},{'D7'},&,1.0,&
{'D2'},{'R3'},{'R2'},{'R1'},{'D1'},{'D3'},{'D6'},,,,&,4.0,&
{'D2'},{'R3'},{'R2'},{'R1'},{'D1'},{'D3'},{'D6'},{'D7'},,,&,2.0,&
{'D2'},{'R3'},{'R2'},{'R1'},{'D1'},{'D3'},{'D6'},{'D7'},{'D5'},{'D4'},&,2.0,&
{'D2'},{'R3'},{'R2'},{'R1'},{'D1'},{'D3'},{'D6'},{'D5'},,,&,1.0,&
{'D2'},{'R3'},{'R2'},{'R1'},{'D1'},{'D3'},{'D6'},{'D5'},{'D7'},,&,1.0,&
{'D2'},{'R3'},{'R2'},{'R1'},{'D1'},{'D3'},{'D4'},{'D7'},,,&,1.0,&
{'D2'},{'R3'},{'R2'},{'R1'},{'D4'},,,,,,&,1.0,&
{'D2'},{'R3'},{'R2'},{'R1'},{'D4'},{'D1'},{'D3'},{'D6'},,,&,1.0,&
{'D2'},{'R3'},{'R2'},{'R1'},{'D4'},{'D5'},{'D3'},,,,&,1.0,&
{'D2'},{'R3'},{'R2'},{'D6'},,,,,,,&,7.0,&
{'D2'},{'R3'},{'R2'},{'D6'},{'D3'},{'D1'},{'D5'},{'D4'},{'R1'},{'D7'},&,1.0,&
{'D2'},{'R3'},{'R2'},{'D6'},{'R1'},,,,,,&,1.0,&
{'D2'},{'R3'},{'R2'},{'D6'},{'R1'},{'D1'},{'D3'},,,,&,2.0,&
{'D2'},{'R3'},{'R2'},{'D6'},{'R1'},{'D7'},{'D3'},{'D1'},{'D5'},{'D4'},&,1.0,&
{'D2'},{'R3'},{'R2'},{'D6'},{'R1'},{'D5'},,,,,&,1.0,&
{'D2'},{'R3'},{'R2'},{'D6'},{'R1'},{'D3'},,,,,&,1.0,&
{'D2'},{'R3'},{'R2'},{'D6'},{'R1'},{'D3'},{'D7'},{'D1'},,,&,1.0,&
{'D2'},{'R3'},{'R2'},{'D6'},{'R1'},{'D3'},{'D1'},{'D7'},,,&,1.0,&
{'D2'},{'R3'},{'R2'},{'D6'},{'R1'},{'D3'},{'D1'},{'D7'},{'D5'},{'D4'},&,1.0,&
{'D2'},{'R3'},{'R2'},{'D6'},{'D5'},{'D1'},,,,,&,1.0,&
{'D2'},{'R3'},{'R2'},{'D6'},{'D5'},{'D7'},{'R1'},{'D3'},{'D1'},,&,1.0,&
{'D2'},{'R3'},{'R2'},{'D6'},{'D5'},{'R1'},,,,,&,1.0,&
{'D2'},{'R3'},{'R2'},{'D6'},{'D1'},,,,,,&,2.0,&
{'D2'},{'R3'},{'R2'},{'D6'},{'D1'},{'D5'},{'R1'},,,,&,1.0,&
{'D2'},{'R3'},{'R2'},{'D6'},{'D1'},{'D3'},,,,,&,1.0,&
{'D2'},{'R3'},{'R2'},{'D6'},{'D1'},{'D3'},{'D7'},{'D5'},{'D4'},{'R1'},&,1.0,&
{'D2'},{'R3'},{'R2'},{'D6'},{'D1'},{'D3'},{'D5'},{'R1'},,,&,1.0,&
{'D2'},{'R3'},{'R2'},{'D6'},{'D1'},{'D3'},{'D5'},{'R1'},{'D4'},,&,1.0,&
{'D2'},{'R3'},{'R2'},{'D6'},{'D1'},{'R1'},{'D3'},,,,&,1.0,&
{'D2'},{'R3'},{'R2'},{'D6'},{'D1'},{'D4'},,,,,&,1.0,&
{'D2'},{'R3'},{'R2'},{'D6'},{'D4'},{'R1'},{'D1'},{'D7'},{'D3'},{'D5'},&,1.0,&
{'D2'},{'R3'},{'D4'},,,,,,,,&,8.0,&
{'D2'},{'R3'},{'D4'},{'R2'},{'D3'},,,,,,&,1.0,&
{'D2'},{'R3'},{'D4'},{'R2'},{'D3'},{'D1'},{'D5'},{'R1'},{'D7'},,&,1.0,&
{'D2'},{'R3'},{'D4'},{'R2'},{'R1'},,,,,,&,3.0,&
{'D2'},{'R3'},{'D4'},{'R2'},{'R1'},{'D1'},,,,,&,2.0,&
{'D2'},{'R3'},{'D4'},{'R2'},{'R1'},{'D1'},{'D3'},{'D7'},{'D5'},{'D6'},&,1.0,&
{'D2'},{'R3'},{'D4'},{'R2'},{'R1'},{'D3'},{'D1'},{'D5'},{'D6'},,&,1.0,&
{'D2'},{'R3'},{'D4'},{'D1'},,,,,,,&,3.0,&
{'D2'},{'R3'},{'D4'},{'D1'},{'D3'},{'D6'},{'D7'},{'D5'},{'R2'},{'R1'},&,1.0,&
{'D2'},{'R3'},{'D4'},{'D1'},{'R1'},{'R2'},{'D3'},{'D7'},{'D6'},,&,1.0,&
{'D2'},{'R3'},{'D4'},{'D1'},{'R1'},{'D6'},{'D3'},,,,&,1.0,&
{'D2'},{'R3'},{'D4'},{'D1'},{'D5'},{'D3'},,,,,&,1.0,&
{'D2'},{'R3'},{'D4'},{'D1'},{'R2'},{'D7'},{'D3'},{'D5'},{'D6'},{'R1'},&,1.0,&
{'D2'},{'R3'},{'D4'},{'D1'},{'R2'},{'R1'},{'D3'},,,,&,1.0,&
{'D2'},{'R3'},{'D4'},{'D5'},{'D1'},{'D3'},,,,,&,1.0,&
{'D2'},{'R3'},{'D4'},{'D3'},,,,,,,&,1.0,&
{'D2'},{'R3'},{'D4'},{'D3'},{'D5'},{'D1'},,,,,&,1.0,&
{'D2'},{'R3'},{'D4'},{'D3'},{'R2'},{'R1'},,,,,&,1.0,&
{'D2'},{'R3'},{'D4'},{'R1'},{'R2'},{'D1'},{'D3'},,,,&,1.0,&
{'D2'},{'R3'},{'D4'},{'D6'},,,,,,,&,2.0,&
{'D2'},{'R3'},{'D4'},{'D6'},{'R1'},,,,,,&,1.0,&
{'D2'},{'R2'},,,,,,,,,&,193.0,&
{'D2'},{'R2'},{'R1'},,,,,,,,&,34.0,&
{'D2'},{'R2'},{'R1'},{'D1'},,,,,,,&,6.0,&
{'D2'},{'R2'},{'R1'},{'D1'},{'D3'},,,,,,&,3.0,&
{'D2'},{'R2'},{'R1'},{'D1'},{'D3'},{'D7'},{'R3'},{'D6'},{'D5'},,&,1.0,&
{'D2'},{'R2'},{'R1'},{'D1'},{'D3'},{'D5'},,,,,&,1.0,&
{'D2'},{'R2'},{'R1'},{'D1'},{'D3'},{'D6'},{'R3'},,,,&,1.0,&
{'D2'},{'R2'},{'R1'},{'D1'},{'D3'},{'D6'},{'D4'},{'D7'},{'R3'},{'D5'},&,1.0,&
{'D2'},{'R2'},{'R1'},{'D1'},{'D3'},{'R3'},,,,,&,1.0,&
{'D2'},{'R2'},{'R1'},{'D1'},{'D5'},{'D6'},,,,,&,1.0,&
{'D2'},{'R2'},{'R1'},{'D1'},{'D5'},{'R3'},{'D6'},{'D3'},{'D7'},{'D4'},&,1.0,&
{'D2'},{'R2'},{'R1'},{'D1'},{'D5'},{'D3'},{'R3'},{'D6'},,,&,1.0,&
{'D2'},{'R2'},{'R1'},{'D1'},{'R3'},,,,,,&,4.0,&
{'D2'},{'R2'},{'R1'},{'D1'},{'R3'},{'D7'},{'D5'},{'D6'},{'D3'},,&,1.0,&
{'D2'},{'R2'},{'R1'},{'D1'},{'R3'},{'D5'},,,,,&,1.0,&
{'D2'},{'R2'},{'R1'},{'D1'},{'R3'},{'D5'},{'D6'},,,,&,1.0,&
{'D2'},{'R2'},{'R1'},{'D1'},{'R3'},{'D6'},{'D3'},{'D5'},,,&,1.0,&
{'D2'},{'R2'},{'R1'},{'D1'},{'R3'},{'D3'},{'D5'},{'D6'},{'D7'},{'D4'},&,1.0,&
{'D2'},{'R2'},{'R1'},{'D1'},{'R3'},{'D3'},{'D5'},{'D6'},{'D4'},,&,1.0,&
{'D2'},{'R2'},{'R1'},{'D1'},{'R3'},{'D3'},{'D5'},{'D4'},,,&,1.0,&
{'D2'},{'R2'},{'R1'},{'D1'},{'R3'},{'D3'},{'D5'},{'D7'},{'D4'},,&,1.0,&
{'D2'},{'R2'},{'R1'},{'D1'},{'R3'},{'D3'},{'D6'},,,,&,2.0,&
{'D2'},{'R2'},{'R1'},{'D1'},{'R3'},{'D3'},{'D6'},{'D7'},,,&,1.0,&
{'D2'},{'R2'},{'R1'},{'D1'},{'R3'},{'D3'},{'D6'},{'D5'},,,&,1.0,&
{'D2'},{'R2'},{'R1'},{'D1'},{'R3'},{'D3'},{'D4'},,,,&,1.0,&
{'D2'},{'R2'},{'R1'},{'D1'},{'R3'},{'D4'},{'D6'},,,,&,1.0,&
{'D2'},{'R2'},{'R1'},{'D5'},,,,,,,&,1.0,&
{'D2'},{'R2'},{'R1'},{'D5'},{'D3'},{'D1'},,,,,&,1.0,&
{'D2'},{'R2'},{'R1'},{'D5'},{'R3'},{'D1'},,,,,&,1.0,&
{'D2'},{'R2'},{'R1'},{'D3'},,,,,,,&,7.0,&
{'D2'},{'R2'},{'R1'},{'D3'},{'D6'},{'D1'},{'R3'},,,,&,1.0,&
{'D2'},{'R2'},{'R1'},{'D3'},{'D6'},{'D1'},{'D5'},,,,&,1.0,&
{'D2'},{'R2'},{'R1'},{'D3'},{'D7'},{'D1'},{'R3'},{'D5'},{'D6'},,&,1.0,&
{'D2'},{'R2'},{'R1'},{'D3'},{'D7'},{'D1'},{'D5'},{'D6'},{'D4'},,&,1.0,&
{'D2'},{'R2'},{'R1'},{'D3'},{'D7'},{'D6'},,,,,&,1.0,&
{'D2'},{'R2'},{'R1'},{'D3'},{'D5'},{'R3'},{'D6'},{'D1'},{'D4'},,&,1.0,&
{'D2'},{'R2'},{'R1'},{'D3'},{'R3'},,,,,,&,5.0,&
{'D2'},{'R2'},{'R1'},{'D3'},{'R3'},{'D1'},,,,,&,1.0,&
{'D2'},{'R2'},{'R1'},{'D3'},{'R3'},{'D1'},{'D7'},{'D6'},{'D4'},,&,1.0,&
{'D2'},{'R2'},{'R1'},{'D3'},{'R3'},{'D1'},{'D6'},{'D5'},,,&,1.0,&
{'D2'},{'R2'},{'R1'},{'D3'},{'R3'},{'D7'},{'D1'},{'D5'},{'D6'},,&,1.0,&
{'D2'},{'R2'},{'R1'},{'D3'},{'D1'},,,,,,&,2.0,&
{'D2'},{'R2'},{'R1'},{'D3'},{'D1'},{'D5'},,,,,&,1.0,&
{'D2'},{'R2'},{'R1'},{'D3'},{'D1'},{'D5'},{'D6'},,,,&,1.0,&
{'D2'},{'R2'},{'R1'},{'D3'},{'D1'},{'R3'},{'D7'},{'D6'},,,&,1.0,&
{'D2'},{'R2'},{'R1'},{'D3'},{'D1'},{'R3'},{'D6'},{'D7'},{'D5'},,&,1.0,&
{'D2'},{'R2'},{'R1'},{'D3'},{'D1'},{'R3'},{'D6'},{'D7'},{'D5'},{'D4'},&,1.0,&
{'D2'},{'R2'},{'R1'},{'D3'},{'D4'},{'D1'},{'R3'},{'D5'},{'D6'},{'D7'},&,1.0,&
{'D2'},{'R2'},{'R1'},{'D4'},{'D7'},{'R3'},{'D3'},,,,&,1.0,&
{'D2'},{'R2'},{'R1'},{'D4'},{'D5'},{'D1'},{'R3'},{'D3'},,,&,1.0,&
{'D2'},{'R2'},{'R1'},{'D7'},,,,,,,&,1.0,&
{'D2'},{'R2'},{'R1'},{'D7'},{'D3'},{'D1'},{'D5'},,,,&,1.0,&
{'D2'},{'R2'},{'R1'},{'D7'},{'D1'},,,,,,&,1.0,&
{'D2'},{'R2'},{'R1'},{'D7'},{'D1'},{'D6'},{'R3'},{'D3'},,,&,1.0,&
{'D2'},{'R2'},{'R1'},{'R3'},,,,,,,&,14.0,&
{'D2'},{'R2'},{'R1'},{'R3'},{'D6'},{'D4'},{'D5'},{'D3'},,,&,1.0,&
{'D2'},{'R2'},{'R1'},{'R3'},{'D7'},{'D3'},{'D6'},,,,&,1.0,&
{'D2'},{'R2'},{'R1'},{'R3'},{'D3'},{'D1'},,,,,&,4.0,&
{'D2'},{'R2'},{'R1'},{'R3'},{'D3'},{'D1'},{'D5'},,,,&,1.0,&
{'D2'},{'R2'},{'R1'},{'R3'},{'D3'},{'D1'},{'D6'},{'D4'},,,&,1.0,&
{'D2'},{'R2'},{'R1'},{'R3'},{'D3'},{'D7'},{'D1'},{'D6'},{'D5'},{'D4'},&,1.0,&
{'D2'},{'R2'},{'R1'},{'R3'},{'D3'},{'D5'},,,,,&,1.0,&
{'D2'},{'R2'},{'R1'},{'R3'},{'D3'},{'D5'},{'D1'},{'D6'},,,&,1.0,&
{'D2'},{'R2'},{'R1'},{'R3'},{'D3'},{'D5'},{'D1'},{'D6'},{'D7'},,&,1.0,&
{'D2'},{'R2'},{'R1'},{'R3'},{'D5'},{'D1'},,,,,&,2.0,&
{'D2'},{'R2'},{'R1'},{'R3'},{'D5'},{'D1'},{'D3'},{'D6'},,,&,1.0,&
{'D2'},{'R2'},{'R1'},{'R3'},{'D5'},{'D1'},{'D3'},{'D6'},{'D7'},,&,1.0,&
{'D2'},{'R2'},{'R1'},{'R3'},{'D5'},{'D1'},{'D3'},{'D6'},{'D4'},{'D7'},&,1.0,&
{'D2'},{'R2'},{'R1'},{'R3'},{'D1'},,,,,,&,5.0,&
{'D2'},{'R2'},{'R1'},{'R3'},{'D1'},{'D7'},{'D3'},{'D4'},,,&,1.0,&
{'D2'},{'R2'},{'R1'},{'R3'},{'D1'},{'D5'},,,,,&,1.0,&
{'D2'},{'R2'},{'R1'},{'R3'},{'D1'},{'D5'},{'D3'},{'D6'},,,&,1.0,&
{'D2'},{'R2'},{'R1'},{'R3'},{'D1'},{'D5'},{'D3'},{'D4'},,,&,1.0,&
{'D2'},{'R2'},{'R1'},{'R3'},{'D1'},{'D3'},,,,,&,3.0,&
{'D2'},{'R2'},{'R1'},{'R3'},{'D1'},{'D3'},{'D7'},{'D6'},{'D5'},,&,1.0,&
{'D2'},{'R2'},{'R1'},{'R3'},{'D1'},{'D3'},{'D5'},,,,&,1.0,&
{'D2'},{'R2'},{'R1'},{'R3'},{'D1'},{'D3'},{'D5'},{'D7'},,,&,1.0,&
{'D2'},{'R2'},{'R1'},{'R3'},{'D1'},{'D3'},{'D6'},{'D5'},,,&,1.0,&
{'D2'},{'R2'},{'R1'},{'R3'},{'D1'},{'D3'},{'D4'},,,,&,1.0,&
{'D2'},{'R2'},{'R1'},{'R3'},{'D4'},{'D5'},{'D3'},,,,&,1.0,&
{'D2'},{'R2'},{'R1'},{'D6'},{'D3'},{'D1'},{'D7'},{'D5'},,,&,1.0,&
{'D2'},{'R2'},{'R1'},{'D6'},{'D3'},{'D1'},{'D5'},{'D4'},{'R3'},,&,1.0,&
{'D2'},{'R2'},{'R1'},{'D6'},{'R3'},,,,,,&,2.0,&
{'D2'},{'R2'},{'R1'},{'D6'},{'R3'},{'D7'},{'D3'},{'D1'},{'D5'},{'D4'},&,1.0,&
{'D2'},{'R2'},{'R1'},{'D6'},{'D1'},{'R3'},{'D7'},{'D5'},,,&,1.0,&
{'D2'},{'R2'},{'D6'},,,,,,,,&,22.0,&
{'D2'},{'R2'},{'D6'},{'D1'},,,,,,,&,5.0,&
{'D2'},{'R2'},{'D6'},{'D1'},{'D7'},,,,,,&,1.0,&
{'D2'},{'R2'},{'D6'},{'D1'},{'D7'},{'R3'},,,,,&,1.0,&
{'D2'},{'R2'},{'D6'},{'D1'},{'D7'},{'R3'},{'R1'},{'D3'},,,&,1.0,&
{'D2'},{'R2'},{'D6'},{'D1'},{'D3'},,,,,,&,4.0,&
{'D2'},{'R2'},{'D6'},{'D1'},{'D3'},{'D7'},,,,,&,2.0,&
{'D2'},{'R2'},{'D6'},{'D1'},{'D3'},{'D7'},{'D5'},{'R3'},,,&,1.0,&
{'D2'},{'R2'},{'D6'},{'D1'},{'D3'},{'D5'},{'D4'},{'R3'},{'D7'},,&,1.0,&
{'D2'},{'R2'},{'D6'},{'D1'},{'D3'},{'R3'},{'D7'},,,,&,1.0,&
{'D2'},{'R2'},{'D6'},{'D1'},{'D3'},{'R3'},{'R1'},,,,&,1.0,&
{'D2'},{'R2'},{'D6'},{'D1'},{'R1'},,,,,,&,1.0,&
{'D2'},{'R2'},{'D6'},{'D1'},{'R1'},{'R3'},,,,,&,1.0,&
{'D2'},{'R2'},{'D6'},{'D1'},{'R1'},{'R3'},{'D5'},{'D3'},,,&,1.0,&
{'D2'},{'R2'},{'D6'},{'D1'},{'R1'},{'D3'},{'R3'},{'D4'},,,&,1.0,&
{'D2'},{'R2'},{'D6'},{'D1'},{'R3'},,,,,,&,3.0,&
{'D2'},{'R2'},{'D6'},{'D1'},{'R3'},{'D7'},{'D3'},{'R1'},{'D5'},{'D4'},&,1.0,&
{'D2'},{'R2'},{'D6'},{'D1'},{'R3'},{'D3'},,,,,&,1.0,&
{'D2'},{'R2'},{'D6'},{'D1'},{'R3'},{'D3'},{'R1'},,,,&,1.0,&
{'D2'},{'R2'},{'D6'},{'D1'},{'R3'},{'D3'},{'D4'},{'R1'},{'D7'},{'D5'},&,1.0,&
{'D2'},{'R2'},{'D6'},{'D5'},,,,,,,&,1.0,&
{'D2'},{'R2'},{'D6'},{'D5'},{'D3'},,,,,,&,1.0,&
{'D2'},{'R2'},{'D6'},{'D5'},{'R3'},,,,,,&,1.0,&
{'D2'},{'R2'},{'D6'},{'D5'},{'R3'},{'D1'},{'R1'},,,,&,1.0,&
{'D2'},{'R2'},{'D6'},{'D5'},{'D1'},{'D3'},{'D4'},,,,&,1.0,&
{'D2'},{'R2'},{'D6'},{'D3'},,,,,,,&,1.0,&
{'D2'},{'R2'},{'D6'},{'D3'},{'D7'},{'D1'},{'D4'},{'D5'},{'R3'},,&,1.0,&
{'D2'},{'R2'},{'D6'},{'D3'},{'D5'},{'D1'},,,,,&,1.0,&
{'D2'},{'R2'},{'D6'},{'D3'},{'D5'},{'D1'},{'D4'},{'R1'},{'R3'},,&,1.0,&
{'D2'},{'R2'},{'D6'},{'D3'},{'R3'},,,,,,&,2.0,&
{'D2'},{'R2'},{'D6'},{'D3'},{'R3'},{'D1'},,,,,&,3.0,&
{'D2'},{'R2'},{'D6'},{'D3'},{'R3'},{'D1'},{'D7'},{'D5'},{'D4'},{'R1'},&,1.0,&
{'D2'},{'R2'},{'D6'},{'D3'},{'R3'},{'D1'},{'D5'},{'R1'},{'D7'},{'D4'},&,1.0,&
{'D2'},{'R2'},{'D6'},{'D3'},{'R3'},{'D1'},{'R1'},{'D5'},{'D4'},{'D7'},&,1.0,&
{'D2'},{'R2'},{'D6'},{'D3'},{'R3'},{'D1'},{'D4'},{'D7'},,,&,1.0,&
{'D2'},{'R2'},{'D6'},{'D3'},{'R3'},{'D7'},,,,,&,1.0,&
{'D2'},{'R2'},{'D6'},{'D3'},{'R3'},{'R1'},,,,,&,1.0,&
{'D2'},{'R2'},{'D6'},{'D3'},{'R3'},{'R1'},{'D5'},{'D1'},{'D7'},{'D4'},&,1.0,&
{'D2'},{'R2'},{'D6'},{'D3'},{'R3'},{'R1'},{'D1'},{'D5'},,,&,1.0,&
{'D2'},{'R2'},{'D6'},{'D3'},{'D1'},,,,,,&,4.0,&
{'D2'},{'R2'},{'D6'},{'D3'},{'D1'},{'D7'},{'D4'},,,,&,1.0,&
{'D2'},{'R2'},{'D6'},{'D3'},{'D1'},{'D5'},,,,,&,1.0,&
{'D2'},{'R2'},{'D6'},{'D3'},{'D1'},{'D5'},{'D4'},{'D7'},{'R3'},{'R1'},&,1.0,&
{'D2'},{'R2'},{'D6'},{'D3'},{'D1'},{'R3'},{'D7'},,,,&,1.0,&
{'D2'},{'R2'},{'D6'},{'D3'},{'D1'},{'R3'},{'D7'},{'R1'},{'D4'},{'D5'},&,1.0,&
{'D2'},{'R2'},{'D6'},{'D3'},{'D1'},{'R3'},{'R1'},,,,&,1.0,&
{'D2'},{'R2'},{'D6'},{'D3'},{'D1'},{'R3'},{'D4'},{'R1'},,,&,1.0,&
{'D2'},{'R2'},{'D6'},{'D3'},{'D4'},{'D5'},{'R3'},{'R1'},,,&,1.0,&
{'D2'},{'R2'},{'D6'},{'D4'},{'D3'},{'D1'},{'D7'},{'R3'},{'D5'},,&,1.0,&
{'D2'},{'R2'},{'D6'},{'D4'},{'R3'},{'R1'},{'D5'},,,,&,1.0,&
{'D2'},{'R2'},{'D6'},{'D4'},{'D1'},{'D3'},{'D7'},{'R1'},,,&,1.0,&
{'D2'},{'R2'},{'D6'},{'D7'},{'D3'},{'D1'},{'D4'},,,,&,1.0,&
{'D2'},{'R2'},{'D6'},{'D7'},{'R3'},{'D3'},{'R1'},{'D1'},{'D4'},{'D5'},&,1.0,&
{'D2'},{'R2'},{'D6'},{'D7'},{'R3'},{'R1'},{'D1'},{'D3'},,,&,1.0,&
{'D2'},{'R2'},{'D6'},{'D7'},{'D1'},{'D3'},,,,,&,1.0,&
{'D2'},{'R2'},{'D6'},{'R1'},{'D3'},{'D7'},{'R3'},{'D1'},{'D5'},,&,1.0,&
{'D2'},{'R2'},{'D6'},{'R1'},{'R3'},,,,,,&,2.0,&
{'D2'},{'R2'},{'D6'},{'R1'},{'R3'},{'D1'},{'D3'},,,,&,1.0,&
{'D2'},{'R2'},{'D6'},{'R1'},{'R3'},{'D4'},,,,,&,1.0,&
{'D2'},{'R2'},{'D6'},{'R3'},,,,,,,&,5.0,&
{'D2'},{'R2'},{'D6'},{'R3'},{'D7'},{'D3'},{'D1'},,,,&,1.0,&
{'D2'},{'R2'},{'D6'},{'R3'},{'D3'},,,,,,&,4.0,&
{'D2'},{'R2'},{'D6'},{'R3'},{'D3'},{'D1'},{'D7'},,,,&,1.0,&
{'D2'},{'R2'},{'D6'},{'R3'},{'D3'},{'D1'},{'D5'},,,,&,1.0,&
{'D2'},{'R2'},{'D6'},{'R3'},{'D3'},{'D1'},{'D5'},{'D4'},{'D7'},{'R1'},&,1.0,&
{'D2'},{'R2'},{'D6'},{'R3'},{'D3'},{'R1'},{'D1'},{'D5'},{'D7'},{'D4'},&,1.0,&
{'D2'},{'R2'},{'D6'},{'R3'},{'R1'},,,,,,&,2.0,&
{'D2'},{'R2'},{'D6'},{'R3'},{'R1'},{'D1'},,,,,&,1.0,&
{'D2'},{'R2'},{'D6'},{'R3'},{'R1'},{'D1'},{'D3'},{'D7'},,,&,1.0,&
{'D2'},{'R2'},{'D6'},{'R3'},{'R1'},{'D5'},{'D4'},{'D1'},,,&,1.0,&
{'D2'},{'R2'},{'D6'},{'R3'},{'R1'},{'D3'},,,,,&,1.0,&
{'D2'},{'R2'},{'D6'},{'R3'},{'R1'},{'D3'},{'D7'},,,,&,1.0,&
{'D2'},{'R2'},{'D6'},{'R3'},{'R1'},{'D3'},{'D4'},,,,&,1.0,&
{'D2'},{'R2'},{'D6'},{'R3'},{'D1'},,,,,,&,3.0,&
{'D2'},{'R2'},{'D6'},{'R3'},{'D1'},{'D7'},{'D3'},{'R1'},,,&,1.0,&
{'D2'},{'R2'},{'D6'},{'R3'},{'D1'},{'D3'},{'D5'},{'R1'},{'D7'},,&,1.0,&
{'D2'},{'R2'},{'D6'},{'R3'},{'D1'},{'D3'},{'R1'},,,,&,1.0,&
{'D2'},{'R2'},{'D6'},{'R3'},{'D1'},{'D3'},{'R1'},{'D7'},{'D4'},{'D5'},&,1.0,&
{'D2'},{'R2'},{'D3'},,,,,,,,&,100.0,&
{'D2'},{'R2'},{'D3'},{'D1'},,,,,,,&,25.0,&
{'D2'},{'R2'},{'D3'},{'D1'},{'D6'},,,,,,&,10.0,&
{'D2'},{'R2'},{'D3'},{'D1'},{'D6'},{'D7'},,,,,&,4.0,&
{'D2'},{'R2'},{'D3'},{'D1'},{'D6'},{'D7'},{'R3'},{'D4'},{'D5'},{'R1'},&,1.0,&
{'D2'},{'R2'},{'D3'},{'D1'},{'D6'},{'D5'},,,,,&,2.0,&
{'D2'},{'R2'},{'D3'},{'D1'},{'D6'},{'D5'},{'D7'},{'D4'},,,&,1.0,&
{'D2'},{'R2'},{'D3'},{'D1'},{'D6'},{'D5'},{'D7'},{'D4'},{'R1'},,&,1.0,&
{'D2'},{'R2'},{'D3'},{'D1'},{'D6'},{'D5'},{'D7'},{'R3'},{'D4'},{'R1'},&,1.0,&
{'D2'},{'R2'},{'D3'},{'D1'},{'D6'},{'D5'},{'R3'},{'D4'},{'D7'},{'R1'},&,1.0,&
{'D2'},{'R2'},{'D3'},{'D1'},{'D6'},{'D5'},{'R3'},{'D7'},{'R1'},,&,1.0,&
{'D2'},{'R2'},{'D3'},{'D1'},{'D6'},{'D5'},{'R3'},{'D7'},{'D4'},,&,1.0,&
{'D2'},{'R2'},{'D3'},{'D1'},{'D6'},{'D5'},{'R3'},{'R1'},{'D4'},{'D7'},&,1.0,&
{'D2'},{'R2'},{'D3'},{'D1'},{'D6'},{'D5'},{'R1'},{'D7'},,,&,1.0,&
{'D2'},{'R2'},{'D3'},{'D1'},{'D6'},{'R3'},,,,,&,2.0,&
{'D2'},{'R2'},{'D3'},{'D1'},{'D6'},{'R3'},{'D5'},{'D7'},{'D4'},,&,1.0,&
{'D2'},{'R2'},{'D3'},{'D1'},{'D6'},{'R3'},{'D5'},{'R1'},,,&,1.0,&
{'D2'},{'R2'},{'D3'},{'D1'},{'D6'},{'R3'},{'D4'},{'D7'},,,&,1.0,&
{'D2'},{'R2'},{'D3'},{'D1'},{'D6'},{'R1'},{'R3'},{'D5'},,,&,1.0,&
{'D2'},{'R2'},{'D3'},{'D1'},{'D6'},{'D4'},,,,,&,1.0,&
{'D2'},{'R2'},{'D3'},{'D1'},{'D6'},{'D4'},{'D7'},,,,&,1.0,&
{'D2'},{'R2'},{'D3'},{'D1'},{'D6'},{'D4'},{'D5'},{'R3'},{'R1'},{'D7'},&,1.0,&
{'D2'},{'R2'},{'D3'},{'D1'},{'D7'},,,,,,&,1.0,&
{'D2'},{'R2'},{'D3'},{'D1'},{'D7'},{'D5'},,,,,&,1.0,&
{'D2'},{'R2'},{'D3'},{'D1'},{'D7'},{'D5'},{'D4'},{'D6'},{'R3'},{'R1'},&,1.0,&
{'D2'},{'R2'},{'D3'},{'D1'},{'D7'},{'D5'},{'D4'},{'R3'},,,&,1.0,&
{'D2'},{'R2'},{'D3'},{'D1'},{'D7'},{'D6'},{'R3'},{'D5'},{'R1'},,&,1.0,&
{'D2'},{'R2'},{'D3'},{'D1'},{'D7'},{'D6'},{'D4'},{'D5'},{'R3'},,&,1.0,&
{'D2'},{'R2'},{'D3'},{'D1'},{'D7'},{'R3'},,,,,&,1.0,&
{'D2'},{'R2'},{'D3'},{'D1'},{'D7'},{'R3'},{'D5'},{'D6'},{'D4'},{'R1'},&,1.0,&
{'D2'},{'R2'},{'D3'},{'D1'},{'D7'},{'R3'},{'R1'},,,,&,1.0,&
{'D2'},{'R2'},{'D3'},{'D1'},{'D7'},{'R1'},{'D6'},{'R3'},{'D4'},,&,1.0,&
{'D2'},{'R2'},{'D3'},{'D1'},{'D7'},{'D4'},{'R3'},{'R1'},,,&,1.0,&
{'D2'},{'R2'},{'D3'},{'D1'},{'R1'},,,,,,&,5.0,&
{'D2'},{'R2'},{'D3'},{'D1'},{'R1'},{'D7'},,,,,&,1.0,&
{'D2'},{'R2'},{'D3'},{'D1'},{'R1'},{'D7'},{'D5'},,,,&,1.0,&
{'D2'},{'R2'},{'D3'},{'D1'},{'R1'},{'D7'},{'D6'},{'R3'},,,&,1.0,&
{'D2'},{'R2'},{'D3'},{'D1'},{'R1'},{'D5'},{'D6'},{'D4'},{'D7'},,&,1.0,&
{'D2'},{'R2'},{'D3'},{'D1'},{'R1'},{'D6'},{'D5'},{'R3'},{'D7'},{'D4'},&,1.0,&
{'D2'},{'R2'},{'D3'},{'D1'},{'R1'},{'R3'},,,,,&,1.0,&
{'D2'},{'R2'},{'D3'},{'D1'},{'R1'},{'R3'},{'D7'},{'D5'},{'D6'},{'D4'},&,1.0,&
{'D2'},{'R2'},{'D3'},{'D1'},{'R1'},{'R3'},{'D6'},,,,&,1.0,&
{'D2'},{'R2'},{'D3'},{'D1'},{'R1'},{'R3'},{'D4'},{'D6'},,,&,1.0,&
{'D2'},{'R2'},{'D3'},{'D1'},{'R1'},{'D4'},{'R3'},,,,&,1.0,&
{'D2'},{'R2'},{'D3'},{'D1'},{'D5'},,,,,,&,8.0,&
{'D2'},{'R2'},{'D3'},{'D1'},{'D5'},{'D7'},{'R3'},,,,&,1.0,&
{'D2'},{'R2'},{'D3'},{'D1'},{'D5'},{'D7'},{'R3'},{'R1'},{'D4'},,&,1.0,&
{'D2'},{'R2'},{'D3'},{'D1'},{'D5'},{'D7'},{'D6'},{'D4'},{'R3'},{'R1'},&,1.0,&
{'D2'},{'R2'},{'D3'},{'D1'},{'D5'},{'D7'},{'D6'},{'R3'},{'R1'},{'D4'},&,1.0,&
{'D2'},{'R2'},{'D3'},{'D1'},{'D5'},{'D6'},{'D7'},,,,&,1.0,&
{'D2'},{'R2'},{'D3'},{'D1'},{'D5'},{'D6'},{'D7'},{'D4'},{'R3'},{'R1'},&,1.0,&
{'D2'},{'R2'},{'D3'},{'D1'},{'D5'},{'D6'},{'R3'},{'D4'},{'R1'},,&,1.0,&
{'D2'},{'R2'},{'D3'},{'D1'},{'D5'},{'D6'},{'R3'},{'D7'},{'D4'},{'R1'},&,1.0,&
{'D2'},{'R2'},{'D3'},{'D1'},{'D5'},{'D6'},{'D4'},{'D7'},{'R3'},,&,1.0,&
{'D2'},{'R2'},{'D3'},{'D1'},{'D5'},{'D6'},{'D4'},{'R3'},,,&,1.0,&
{'D2'},{'R2'},{'D3'},{'D1'},{'D5'},{'R3'},,,,,&,1.0,&
{'D2'},{'R2'},{'D3'},{'D1'},{'D5'},{'R3'},{'D7'},{'D6'},{'D4'},{'R1'},&,1.0,&
{'D2'},{'R2'},{'D3'},{'D1'},{'D5'},{'R3'},{'R1'},{'D7'},{'D6'},{'D4'},&,1.0,&
{'D2'},{'R2'},{'D3'},{'D1'},{'D5'},{'R3'},{'D6'},{'D7'},{'R1'},,&,1.0,&
{'D2'},{'R2'},{'D3'},{'D1'},{'D5'},{'R3'},{'D6'},{'R1'},,,&,1.0,&
{'D2'},{'R2'},{'D3'},{'D1'},{'D5'},{'R3'},{'D6'},{'R1'},{'D7'},,&,1.0,&
{'D2'},{'R2'},{'D3'},{'D1'},{'D5'},{'R3'},{'D6'},{'R1'},{'D7'},{'D4'},&,1.0,&
{'D2'},{'R2'},{'D3'},{'D1'},{'D5'},{'R1'},,,,,&,1.0,&
{'D2'},{'R2'},{'D3'},{'D1'},{'D5'},{'R1'},{'R3'},{'D7'},{'D6'},{'D4'},&,1.0,&
{'D2'},{'R2'},{'D3'},{'D1'},{'D5'},{'R1'},{'D4'},,,,&,1.0,&
{'D2'},{'R2'},{'D3'},{'D1'},{'D5'},{'D4'},{'D7'},{'D6'},{'R3'},{'R1'},&,1.0,&
{'D2'},{'R2'},{'D3'},{'D1'},{'D5'},{'D4'},{'D6'},,,,&,1.0,&
{'D2'},{'R2'},{'D3'},{'D1'},{'R3'},,,,,,&,13.0,&
{'D2'},{'R2'},{'D3'},{'D1'},{'R3'},{'D7'},,,,,&,2.0,&
{'D2'},{'R2'},{'D3'},{'D1'},{'R3'},{'D7'},{'R1'},{'D6'},{'D4'},,&,1.0,&
{'D2'},{'R2'},{'D3'},{'D1'},{'R3'},{'D7'},{'R1'},{'D5'},{'D6'},{'D4'},&,1.0,&
{'D2'},{'R2'},{'D3'},{'D1'},{'R3'},{'D7'},{'D6'},,,,&,1.0,&
{'D2'},{'R2'},{'D3'},{'D1'},{'R3'},{'D7'},{'D6'},{'D5'},{'D4'},{'R1'},&,1.0,&
{'D2'},{'R2'},{'D3'},{'D1'},{'R3'},{'D7'},{'D4'},{'R1'},{'D5'},,&,1.0,&
{'D2'},{'R2'},{'D3'},{'D1'},{'R3'},{'D7'},{'D4'},{'R1'},{'D6'},{'D5'},&,1.0,&
{'D2'},{'R2'},{'D3'},{'D1'},{'R3'},{'D5'},,,,,&,2.0,&
{'D2'},{'R2'},{'D3'},{'D1'},{'R3'},{'D5'},{'D7'},{'R1'},{'D6'},{'D4'},&,1.0,&
{'D2'},{'R2'},{'D3'},{'D1'},{'R3'},{'D5'},{'R1'},,,,&,2.0,&
{'D2'},{'R2'},{'D3'},{'D1'},{'R3'},{'D5'},{'R1'},{'D6'},{'D7'},,&,1.0,&
{'D2'},{'R2'},{'D3'},{'D1'},{'R3'},{'D5'},{'R1'},{'D6'},{'D4'},,&,1.0,&
{'D2'},{'R2'},{'D3'},{'D1'},{'R3'},{'D5'},{'R1'},{'D7'},,,&,1.0,&
{'D2'},{'R2'},{'D3'},{'D1'},{'R3'},{'D5'},{'D6'},,,,&,1.0,&
{'D2'},{'R2'},{'D3'},{'D1'},{'R3'},{'D5'},{'D6'},{'D4'},,,&,1.0,&
{'D2'},{'R2'},{'D3'},{'D1'},{'R3'},{'D5'},{'D6'},{'R1'},{'D7'},,&,1.0,&
{'D2'},{'R2'},{'D3'},{'D1'},{'R3'},{'D5'},{'D4'},{'D6'},{'D7'},,&,1.0,&
{'D2'},{'R2'},{'D3'},{'D1'},{'R3'},{'D6'},,,,,&,2.0,&
{'D2'},{'R2'},{'D3'},{'D1'},{'R3'},{'D6'},{'R1'},{'D4'},{'D5'},{'D7'},&,1.0,&
{'D2'},{'R2'},{'D3'},{'D1'},{'R3'},{'D6'},{'R1'},{'D4'},{'D7'},{'D5'},&,1.0,&
{'D2'},{'R2'},{'D3'},{'D1'},{'R3'},{'D6'},{'R1'},{'D7'},{'D5'},{'D4'},&,2.0,&
{'D2'},{'R2'},{'D3'},{'D1'},{'R3'},{'D6'},{'R1'},{'D5'},,,&,1.0,&
{'D2'},{'R2'},{'D3'},{'D1'},{'R3'},{'R1'},,,,,&,7.0,&
{'D2'},{'R2'},{'D3'},{'D1'},{'R3'},{'R1'},{'D5'},,,,&,1.0,&
{'D2'},{'R2'},{'D3'},{'D1'},{'R3'},{'R1'},{'D5'},{'D6'},,,&,1.0,&
{'D2'},{'R2'},{'D3'},{'D1'},{'R3'},{'R1'},{'D5'},{'D6'},{'D7'},{'D4'},&,1.0,&
{'D2'},{'R2'},{'D3'},{'D1'},{'R3'},{'R1'},{'D5'},{'D7'},{'D6'},,&,1.0,&
{'D2'},{'R2'},{'D3'},{'D1'},{'R3'},{'R1'},{'D6'},,,,&,2.0,&
{'D2'},{'R2'},{'D3'},{'D1'},{'R3'},{'R1'},{'D6'},{'D7'},,,&,2.0,&
{'D2'},{'R2'},{'D3'},{'D1'},{'R3'},{'R1'},{'D4'},{'D5'},,,&,1.0,&
{'D2'},{'R2'},{'D3'},{'D1'},{'R3'},{'D4'},{'D7'},{'D6'},{'R1'},{'D5'},&,1.0,&
{'D2'},{'R2'},{'D3'},{'D1'},{'D4'},,,,,,&,2.0,&
{'D2'},{'R2'},{'D3'},{'D1'},{'D4'},{'D7'},,,,,&,1.0,&
{'D2'},{'R2'},{'D3'},{'D1'},{'D4'},{'D7'},{'R3'},{'D6'},,,&,1.0,&
{'D2'},{'R2'},{'D3'},{'D1'},{'D4'},{'D5'},{'R1'},{'D7'},{'D6'},{'R3'},&,1.0,&
{'D2'},{'R2'},{'D3'},{'D1'},{'D4'},{'D5'},{'D6'},{'D7'},,,&,1.0,&
{'D2'},{'R2'},{'D3'},{'D1'},{'D4'},{'D6'},,,,,&,1.0,&
{'D2'},{'R2'},{'D3'},{'D1'},{'D4'},{'R3'},,,,,&,1.0,&
{'D2'},{'R2'},{'D3'},{'D1'},{'D4'},{'R3'},{'D7'},,,,&,1.0,&
{'D2'},{'R2'},{'D3'},{'D1'},{'D4'},{'R1'},,,,,&,1.0,&
{'D2'},{'R2'},{'D3'},{'D5'},,,,,,,&,13.0,&
{'D2'},{'R2'},{'D3'},{'D5'},{'D6'},{'R3'},{'D1'},{'D7'},{'D4'},{'R1'},&,1.0,&
{'D2'},{'R2'},{'D3'},{'D5'},{'D7'},{'D1'},{'R3'},{'R1'},,,&,1.0,&
{'D2'},{'R2'},{'D3'},{'D5'},{'D7'},{'D1'},{'D6'},{'D4'},,,&,1.0,&
{'D2'},{'R2'},{'D3'},{'D5'},{'D7'},{'R3'},{'R1'},{'D1'},{'D6'},{'D4'},&,1.0,&
{'D2'},{'R2'},{'D3'},{'D5'},{'R1'},{'D7'},{'R3'},{'D1'},{'D6'},{'D4'},&,1.0,&
{'D2'},{'R2'},{'D3'},{'D5'},{'R1'},{'D6'},{'D7'},{'D1'},{'R3'},{'D4'},&,1.0,&
{'D2'},{'R2'},{'D3'},{'D5'},{'R3'},,,,,,&,2.0,&
{'D2'},{'R2'},{'D3'},{'D5'},{'R3'},{'D1'},,,,,&,2.0,&
{'D2'},{'R2'},{'D3'},{'D5'},{'R3'},{'D1'},{'R1'},{'D6'},{'D7'},{'D4'},&,1.0,&
{'D2'},{'R2'},{'D3'},{'D5'},{'R3'},{'D7'},{'D6'},,,,&,1.0,&
{'D2'},{'R2'},{'D3'},{'D5'},{'R3'},{'D6'},{'D7'},,,,&,1.0,&
{'D2'},{'R2'},{'D3'},{'D5'},{'R3'},{'R1'},,,,,&,1.0,&
{'D2'},{'R2'},{'D3'},{'D5'},{'R3'},{'D4'},{'D1'},,,,&,1.0,&
{'D2'},{'R2'},{'D3'},{'D5'},{'D1'},,,,,,&,4.0,&
{'D2'},{'R2'},{'D3'},{'D5'},{'D1'},{'D6'},,,,,&,1.0,&
{'D2'},{'R2'},{'D3'},{'D5'},{'D1'},{'R3'},,,,,&,1.0,&
{'D2'},{'R2'},{'D3'},{'D5'},{'D1'},{'R3'},{'D7'},{'D6'},,,&,1.0,&
{'D2'},{'R2'},{'D3'},{'D5'},{'D1'},{'R3'},{'D7'},{'D4'},{'R1'},{'D6'},&,1.0,&
{'D2'},{'R2'},{'D3'},{'D5'},{'D1'},{'R1'},{'D6'},{'R3'},,,&,1.0,&
{'D2'},{'R2'},{'D3'},{'D4'},,,,,,,&,2.0,&
{'D2'},{'R2'},{'D3'},{'D4'},{'D6'},,,,,,&,1.0,&
{'D2'},{'R2'},{'D3'},{'D4'},{'D6'},{'D7'},{'D1'},{'D5'},{'R3'},{'R1'},&,1.0,&
{'D2'},{'R2'},{'D3'},{'D4'},{'D7'},{'D1'},,,,,&,1.0,&
{'D2'},{'R2'},{'D3'},{'D4'},{'R3'},{'D1'},{'D6'},,,,&,1.0,&
{'D2'},{'R2'},{'D3'},{'D4'},{'R3'},{'R1'},{'D5'},,,,&,1.0,&
{'D2'},{'R2'},{'D3'},{'D4'},{'D1'},,,,,,&,1.0,&
{'D2'},{'R2'},{'D3'},{'D4'},{'D1'},{'D7'},{'D5'},{'R3'},{'R1'},{'D6'},&,1.0,&
{'D2'},{'R2'},{'D3'},{'D4'},{'D1'},{'D5'},{'R1'},{'R3'},{'D6'},{'D7'},&,1.0,&
{'D2'},{'R2'},{'D3'},{'D4'},{'D1'},{'D6'},{'R1'},{'D7'},{'R3'},{'D5'},&,1.0,&
{'D2'},{'R2'},{'D3'},{'D4'},{'D1'},{'R3'},{'D5'},{'D7'},{'D6'},,&,1.0,&
{'D2'},{'R2'},{'D3'},{'D4'},{'D1'},{'R1'},{'D5'},{'D6'},{'R3'},,&,1.0,&
{'D2'},{'R2'},{'D3'},{'D7'},{'D6'},{'D1'},{'D5'},{'R3'},{'D4'},,&,1.0,&
{'D2'},{'R2'},{'D3'},{'D7'},{'R1'},{'D6'},{'R3'},{'D5'},{'D1'},{'D4'},&,1.0,&
{'D2'},{'R2'},{'D3'},{'D7'},{'D5'},,,,,,&,1.0,&
{'D2'},{'R2'},{'D3'},{'D7'},{'D5'},{'R3'},{'R1'},,,,&,1.0,&
{'D2'},{'R2'},{'D3'},{'D7'},{'D5'},{'R3'},{'D6'},{'D1'},{'D4'},{'R1'},&,1.0,&
{'D2'},{'R2'},{'D3'},{'D7'},{'R3'},,,,,,&,1.0,&
{'D2'},{'R2'},{'D3'},{'D7'},{'R3'},{'D1'},,,,,&,1.0,&
{'D2'},{'R2'},{'D3'},{'D7'},{'R3'},{'D1'},{'R1'},{'D5'},{'D6'},,&,1.0,&
{'D2'},{'R2'},{'D3'},{'D7'},{'R3'},{'D1'},{'D6'},{'D5'},,,&,1.0,&
{'D2'},{'R2'},{'D3'},{'D7'},{'R3'},{'R1'},,,,,&,1.0,&
{'D2'},{'R2'},{'D3'},{'D7'},{'R3'},{'R1'},{'D5'},{'D1'},{'D6'},{'D4'},&,1.0,&
{'D2'},{'R2'},{'D3'},{'D7'},{'R3'},{'R1'},{'D1'},,,,&,1.0,&
{'D2'},{'R2'},{'D3'},{'D7'},{'R3'},{'R1'},{'D1'},{'D6'},{'D4'},{'D5'},&,1.0,&
{'D2'},{'R2'},{'D3'},{'D7'},{'R3'},{'R1'},{'D1'},{'D5'},,,&,1.0,&
{'D2'},{'R2'},{'D3'},{'D7'},{'D1'},{'D5'},{'R3'},{'D6'},{'D4'},{'R1'},&,1.0,&
{'D2'},{'R2'},{'D3'},{'D7'},{'D1'},{'D5'},{'R3'},{'R1'},{'D6'},{'D4'},&,1.0,&
{'D2'},{'R2'},{'D3'},{'D7'},{'D1'},{'D5'},{'R1'},{'R3'},{'D6'},{'D4'},&,1.0,&
{'D2'},{'R2'},{'D3'},{'D7'},{'D1'},{'D6'},{'D5'},,,,&,1.0,&
{'D2'},{'R2'},{'D3'},{'D7'},{'D1'},{'R3'},,,,,&,1.0,&
{'D2'},{'R2'},{'D3'},{'D7'},{'D4'},{'D1'},,,,,&,1.0,&
{'D2'},{'R2'},{'D3'},{'R1'},,,,,,,&,10.0,&
{'D2'},{'R2'},{'D3'},{'R1'},{'D6'},,,,,,&,4.0,&
{'D2'},{'R2'},{'D3'},{'R1'},{'D6'},{'D1'},{'D7'},{'D5'},,,&,1.0,&
{'D2'},{'R2'},{'D3'},{'R1'},{'D6'},{'D7'},{'D1'},{'D5'},{'R3'},,&,1.0,&
{'D2'},{'R2'},{'D3'},{'R1'},{'D5'},{'D1'},{'D6'},{'D7'},{'R3'},,&,1.0,&
{'D2'},{'R2'},{'D3'},{'R1'},{'D5'},{'D6'},{'D1'},{'R3'},{'D4'},,&,1.0,&
{'D2'},{'R2'},{'D3'},{'R1'},{'D5'},{'R3'},{'D1'},{'D7'},{'D6'},{'D4'},&,1.0,&
{'D2'},{'R2'},{'D3'},{'R1'},{'R3'},,,,,,&,1.0,&
{'D2'},{'R2'},{'D3'},{'R1'},{'R3'},{'D1'},{'D5'},,,,&,1.0,&
{'D2'},{'R2'},{'D3'},{'R1'},{'R3'},{'D1'},{'D6'},{'D5'},,,&,1.0,&
{'D2'},{'R2'},{'D3'},{'R1'},{'R3'},{'D5'},{'D1'},{'D6'},{'D7'},{'D4'},&,1.0,&
{'D2'},{'R2'},{'D3'},{'R1'},{'D1'},,,,,,&,3.0,&
{'D2'},{'R2'},{'D3'},{'R1'},{'D1'},{'D7'},{'D5'},{'D6'},{'R3'},,&,1.0,&
{'D2'},{'R2'},{'D3'},{'R1'},{'D1'},{'D5'},{'R3'},,,,&,1.0,&
{'D2'},{'R2'},{'D3'},{'R1'},{'D1'},{'D6'},,,,,&,1.0,&
{'D2'},{'R2'},{'D3'},{'R1'},{'D1'},{'D6'},{'R3'},,,,&,1.0,&
{'D2'},{'R2'},{'D3'},{'R1'},{'D1'},{'R3'},,,,,&,2.0,&
{'D2'},{'R2'},{'D3'},{'R1'},{'D4'},,,,,,&,1.0,&
{'D2'},{'R2'},{'D3'},{'R1'},{'D4'},{'D1'},{'R3'},{'D5'},{'D6'},{'D7'},&,1.0,&
{'D2'},{'R2'},{'D3'},{'R3'},,,,,,,&,25.0,&
{'D2'},{'R2'},{'D3'},{'R3'},{'D6'},,,,,,&,1.0,&
{'D2'},{'R2'},{'D3'},{'R3'},{'D6'},{'D1'},,,,,&,1.0,&
{'D2'},{'R2'},{'D3'},{'R3'},{'D6'},{'D1'},{'D7'},{'R1'},{'D5'},,&,1.0,&
{'D2'},{'R2'},{'D3'},{'R3'},{'D6'},{'D1'},{'R1'},{'D4'},{'D7'},{'D5'},&,1.0,&
{'D2'},{'R2'},{'D3'},{'R3'},{'D6'},{'D5'},,,,,&,1.0,&
{'D2'},{'R2'},{'D3'},{'R3'},{'D6'},{'D5'},{'D7'},,,,&,1.0,&
{'D2'},{'R2'},{'D3'},{'R3'},{'D6'},{'D5'},{'D7'},{'D1'},{'R1'},{'D4'},&,1.0,&
{'D2'},{'R2'},{'D3'},{'R3'},{'D6'},{'R1'},,,,,&,2.0,&
{'D2'},{'R2'},{'D3'},{'R3'},{'D6'},{'R1'},{'D5'},{'D1'},,,&,1.0,&
{'D2'},{'R2'},{'D3'},{'R3'},{'D7'},,,,,,&,4.0,&
{'D2'},{'R2'},{'D3'},{'R3'},{'D7'},{'D1'},,,,,&,1.0,&
{'D2'},{'R2'},{'D3'},{'R3'},{'D7'},{'D1'},{'R1'},{'D5'},,,&,1.0,&
{'D2'},{'R2'},{'D3'},{'R3'},{'D7'},{'D1'},{'D6'},,,,&,1.0,&
{'D2'},{'R2'},{'D3'},{'R3'},{'D7'},{'D1'},{'D6'},{'D5'},{'D4'},,&,1.0,&
{'D2'},{'R2'},{'D3'},{'R3'},{'D7'},{'D5'},{'R1'},{'D1'},,,&,1.0,&
{'D2'},{'R2'},{'D3'},{'R3'},{'D7'},{'R1'},{'D1'},{'D6'},,,&,1.0,&
{'D2'},{'R2'},{'D3'},{'R3'},{'D7'},{'R1'},{'D1'},{'D5'},,,&,1.0,&
{'D2'},{'R2'},{'D3'},{'R3'},{'D7'},{'R1'},{'D1'},{'D5'},{'D6'},,&,1.0,&
{'D2'},{'R2'},{'D3'},{'R3'},{'R1'},,,,,,&,7.0,&
{'D2'},{'R2'},{'D3'},{'R3'},{'R1'},{'D1'},,,,,&,1.0,&
{'D2'},{'R2'},{'D3'},{'R3'},{'R1'},{'D1'},{'D7'},,,,&,1.0,&
{'D2'},{'R2'},{'D3'},{'R3'},{'R1'},{'D1'},{'D7'},{'D6'},,,&,1.0,&
{'D2'},{'R2'},{'D3'},{'R3'},{'R1'},{'D1'},{'D5'},,,,&,2.0,&
{'D2'},{'R2'},{'D3'},{'R3'},{'R1'},{'D1'},{'D5'},{'D6'},,,&,1.0,&
{'D2'},{'R2'},{'D3'},{'R3'},{'R1'},{'D1'},{'D5'},{'D7'},,,&,2.0,&
{'D2'},{'R2'},{'D3'},{'R3'},{'R1'},{'D1'},{'D6'},,,,&,3.0,&
{'D2'},{'R2'},{'D3'},{'R3'},{'R1'},{'D1'},{'D4'},{'D6'},{'D7'},{'D5'},&,1.0,&
{'D2'},{'R2'},{'D3'},{'R3'},{'R1'},{'D7'},{'D1'},{'D6'},{'D5'},{'D4'},&,1.0,&
{'D2'},{'R2'},{'D3'},{'R3'},{'R1'},{'D5'},{'D1'},,,,&,1.0,&
{'D2'},{'R2'},{'D3'},{'R3'},{'R1'},{'D5'},{'D1'},{'D6'},{'D4'},,&,1.0,&
{'D2'},{'R2'},{'D3'},{'R3'},{'R1'},{'D6'},,,,,&,1.0,&
{'D2'},{'R2'},{'D3'},{'R3'},{'R1'},{'D6'},{'D7'},{'D1'},,,&,1.0,&
{'D2'},{'R2'},{'D3'},{'R3'},{'R1'},{'D6'},{'D1'},,,,&,1.0,&
{'D2'},{'R2'},{'D3'},{'R3'},{'R1'},{'D6'},{'D1'},{'D7'},{'D5'},{'D4'},&,1.0,&
{'D2'},{'R2'},{'D3'},{'R3'},{'R1'},{'D4'},,,,,&,1.0,&
{'D2'},{'R2'},{'D3'},{'R3'},{'D5'},,,,,,&,2.0,&
{'D2'},{'R2'},{'D3'},{'R3'},{'D5'},{'D1'},,,,,&,2.0,&
{'D2'},{'R2'},{'D3'},{'R3'},{'D5'},{'D1'},{'D7'},{'R1'},{'D6'},{'D4'},&,1.0,&
{'D2'},{'R2'},{'D3'},{'R3'},{'D5'},{'D1'},{'D6'},{'D7'},{'D4'},{'R1'},&,1.0,&
{'D2'},{'R2'},{'D3'},{'R3'},{'D5'},{'D7'},{'D1'},{'R1'},{'D6'},,&,1.0,&
{'D2'},{'R2'},{'D3'},{'R3'},{'D5'},{'D6'},{'D1'},,,,&,1.0,&
{'D2'},{'R2'},{'D3'},{'R3'},{'D5'},{'R1'},,,,,&,1.0,&
{'D2'},{'R2'},{'D3'},{'R3'},{'D5'},{'R1'},{'D1'},,,,&,1.0,&
{'D2'},{'R2'},{'D3'},{'R3'},{'D1'},,,,,,&,7.0,&
{'D2'},{'R2'},{'D3'},{'R3'},{'D1'},{'D7'},,,,,&,1.0,&
{'D2'},{'R2'},{'D3'},{'R3'},{'D1'},{'D7'},{'D5'},,,,&,1.0,&
{'D2'},{'R2'},{'D3'},{'R3'},{'D1'},{'D7'},{'R1'},,,,&,1.0,&
{'D2'},{'R2'},{'D3'},{'R3'},{'D1'},{'D7'},{'R1'},{'D4'},{'D5'},{'D6'},&,1.0,&
{'D2'},{'R2'},{'D3'},{'R3'},{'D1'},{'D7'},{'R1'},{'D5'},,,&,1.0,&
{'D2'},{'R2'},{'D3'},{'R3'},{'D1'},{'D7'},{'D6'},{'D5'},{'D4'},,&,1.0,&
{'D2'},{'R2'},{'D3'},{'R3'},{'D1'},{'D7'},{'D6'},{'R1'},{'D4'},{'D5'},&,1.0,&
{'D2'},{'R2'},{'D3'},{'R3'},{'D1'},{'D5'},,,,,&,4.0,&
{'D2'},{'R2'},{'D3'},{'R3'},{'D1'},{'D5'},{'R1'},,,,&,1.0,&
{'D2'},{'R2'},{'D3'},{'R3'},{'D1'},{'D5'},{'R1'},{'D4'},{'D7'},{'D6'},&,1.0,&
{'D2'},{'R2'},{'D3'},{'R3'},{'D1'},{'D5'},{'D6'},,,,&,1.0,&
{'D2'},{'R2'},{'D3'},{'R3'},{'D1'},{'D6'},,,,,&,4.0,&
{'D2'},{'R2'},{'D3'},{'R3'},{'D1'},{'D6'},{'D5'},,,,&,1.0,&
{'D2'},{'R2'},{'D3'},{'R3'},{'D1'},{'D6'},{'D5'},{'R1'},,,&,1.0,&
{'D2'},{'R2'},{'D3'},{'R3'},{'D1'},{'D6'},{'D5'},{'R1'},{'D7'},,&,2.0,&
{'D2'},{'R2'},{'D3'},{'R3'},{'D1'},{'D6'},{'R1'},{'D7'},,,&,1.0,&
{'D2'},{'R2'},{'D3'},{'R3'},{'D1'},{'R1'},,,,,&,4.0,&
{'D2'},{'R2'},{'D3'},{'R3'},{'D1'},{'R1'},{'D7'},{'D6'},{'D5'},,&,1.0,&
{'D2'},{'R2'},{'D3'},{'R3'},{'D1'},{'R1'},{'D7'},{'D5'},,,&,1.0,&
{'D2'},{'R2'},{'D3'},{'R3'},{'D1'},{'R1'},{'D5'},,,,&,1.0,&
{'D2'},{'R2'},{'D3'},{'R3'},{'D1'},{'R1'},{'D5'},{'D7'},{'D6'},,&,1.0,&
{'D2'},{'R2'},{'D3'},{'R3'},{'D1'},{'R1'},{'D6'},,,,&,2.0,&
{'D2'},{'R2'},{'D3'},{'R3'},{'D1'},{'R1'},{'D6'},{'D7'},,,&,1.0,&
{'D2'},{'R2'},{'D3'},{'R3'},{'D1'},{'R1'},{'D6'},{'D7'},{'D5'},{'D4'},&,1.0,&
{'D2'},{'R2'},{'D3'},{'R3'},{'D1'},{'R1'},{'D6'},{'D7'},{'D4'},{'D5'},&,1.0,&
{'D2'},{'R2'},{'D3'},{'R3'},{'D1'},{'R1'},{'D6'},{'D5'},{'D7'},,&,1.0,&
{'D2'},{'R2'},{'D3'},{'R3'},{'D1'},{'R1'},{'D4'},{'D5'},{'D7'},{'D6'},&,1.0,&
{'D2'},{'R2'},{'D3'},{'R3'},{'D1'},{'D4'},,,,,&,1.0,&
{'D2'},{'R2'},{'D3'},{'R3'},{'D1'},{'D4'},{'R1'},,,,&,1.0,&
{'D2'},{'R2'},{'D3'},{'R3'},{'D1'},{'D4'},{'R1'},{'D6'},{'D5'},{'D7'},&,1.0,&
{'D2'},{'R2'},{'D3'},{'R3'},{'D4'},{'R1'},,,,,&,1.0,&
{'D2'},{'R2'},{'D3'},{'R3'},{'D4'},{'R1'},{'D1'},,,,&,1.0,&
{'D2'},{'R2'},{'D3'},{'R3'},{'D4'},{'R1'},{'D6'},,,,&,1.0,&
{'D2'},{'R2'},{'D3'},{'D6'},,,,,,,&,3.0,&
{'D2'},{'R2'},{'D3'},{'D6'},{'R1'},,,,,,&,2.0,&
{'D2'},{'R2'},{'D3'},{'D6'},{'R1'},{'D1'},{'R3'},{'D7'},,,&,1.0,&
{'D2'},{'R2'},{'D3'},{'D6'},{'R1'},{'R3'},{'D1'},{'D5'},{'D7'},{'D4'},&,1.0,&
{'D2'},{'R2'},{'D3'},{'D6'},{'R3'},,,,,,&,4.0,&
{'D2'},{'R2'},{'D3'},{'D6'},{'R3'},{'D1'},,,,,&,1.0,&
{'D2'},{'R2'},{'D3'},{'D6'},{'R3'},{'D1'},{'D7'},,,,&,1.0,&
{'D2'},{'R2'},{'D3'},{'D6'},{'R3'},{'D1'},{'D5'},{'D7'},{'R1'},,&,1.0,&
{'D2'},{'R2'},{'D3'},{'D6'},{'R3'},{'D1'},{'D5'},{'D7'},{'D4'},,&,1.0,&
{'D2'},{'R2'},{'D3'},{'D6'},{'R3'},{'D1'},{'R1'},,,,&,1.0,&
{'D2'},{'R2'},{'D3'},{'D6'},{'R3'},{'D1'},{'R1'},{'D7'},{'D5'},{'D4'},&,1.0,&
{'D2'},{'R2'},{'D3'},{'D6'},{'D1'},,,,,,&,3.0,&
{'D2'},{'R2'},{'D3'},{'D6'},{'D1'},{'D7'},{'R3'},{'D4'},,,&,1.0,&
{'D2'},{'R2'},{'D3'},{'D6'},{'D1'},{'D7'},{'R3'},{'D5'},{'R1'},{'D4'},&,1.0,&
{'D2'},{'R2'},{'D3'},{'D6'},{'D1'},{'D5'},,,,,&,1.0,&
{'D2'},{'R2'},{'D3'},{'D6'},{'D1'},{'D5'},{'R3'},,,,&,1.0,&
{'D2'},{'R2'},{'D3'},{'D6'},{'D1'},{'R3'},,,,,&,1.0,&
{'D2'},{'R2'},{'D3'},{'D6'},{'D1'},{'R3'},{'D7'},{'R1'},{'D4'},,&,1.0,&
{'D2'},{'R2'},{'D3'},{'D6'},{'D1'},{'R3'},{'D5'},{'R1'},{'D7'},{'D4'},&,1.0,&
{'D2'},{'R2'},{'D3'},{'D6'},{'D1'},{'R1'},,,,,&,2.0,&
{'D2'},{'R2'},{'D3'},{'D6'},{'D1'},{'R1'},{'D4'},{'R3'},{'D5'},{'D7'},&,1.0,&
{'D2'},{'R2'},{'D3'},{'D6'},{'D1'},{'D4'},{'R3'},{'R1'},{'D5'},{'D7'},&,1.0,&
{'D2'},{'R2'},{'D3'},{'D6'},{'D1'},{'D4'},{'D5'},,,,&,1.0,&
{'D2'},{'R2'},{'D5'},,,,,,,,&,24.0,&
{'D2'},{'R2'},{'D5'},{'D1'},,,,,,,&,7.0,&
{'D2'},{'R2'},{'D5'},{'D1'},{'D7'},,,,,,&,1.0,&
{'D2'},{'R2'},{'D5'},{'D1'},{'D7'},{'D3'},{'R1'},{'D4'},{'D6'},{'R3'},&,1.0,&
{'D2'},{'R2'},{'D5'},{'D1'},{'D3'},,,,,,&,2.0,&
{'D2'},{'R2'},{'D5'},{'D1'},{'D3'},{'D7'},,,,,&,1.0,&
{'D2'},{'R2'},{'D5'},{'D1'},{'D3'},{'D7'},{'R3'},{'R1'},,,&,1.0,&
{'D2'},{'R2'},{'D5'},{'D1'},{'D3'},{'D7'},{'R3'},{'R1'},{'D6'},{'D4'},&,1.0,&
{'D2'},{'R2'},{'D5'},{'D1'},{'D3'},{'D6'},,,,,&,1.0,&
{'D2'},{'R2'},{'D5'},{'D1'},{'D3'},{'D6'},{'R3'},{'D7'},,,&,1.0,&
{'D2'},{'R2'},{'D5'},{'D1'},{'D3'},{'D6'},{'R1'},{'R3'},,,&,1.0,&
{'D2'},{'R2'},{'D5'},{'D1'},{'D3'},{'R3'},{'D4'},{'D7'},{'R1'},{'D6'},&,1.0,&
{'D2'},{'R2'},{'D5'},{'D1'},{'D3'},{'R1'},{'D4'},{'R3'},{'D6'},{'D7'},&,1.0,&
{'D2'},{'R2'},{'D5'},{'D1'},{'R3'},,,,,,&,1.0,&
{'D2'},{'R2'},{'D5'},{'D1'},{'R3'},{'D3'},{'D6'},{'R1'},{'D7'},{'D4'},&,1.0,&
{'D2'},{'R2'},{'D5'},{'D1'},{'D4'},{'R3'},{'R1'},{'D3'},{'D7'},{'D6'},&,1.0,&
{'D2'},{'R2'},{'D5'},{'D3'},,,,,,,&,5.0,&
{'D2'},{'R2'},{'D5'},{'D3'},{'D6'},{'D1'},{'D7'},,,,&,1.0,&
{'D2'},{'R2'},{'D5'},{'D3'},{'D6'},{'R1'},{'R3'},{'D1'},,,&,1.0,&
{'D2'},{'R2'},{'D5'},{'D3'},{'D7'},,,,,,&,1.0,&
{'D2'},{'R2'},{'D5'},{'D3'},{'D7'},{'R3'},{'R1'},{'D1'},,,&,1.0,&
{'D2'},{'R2'},{'D5'},{'D3'},{'R1'},{'D1'},{'D6'},{'R3'},,,&,1.0,&
{'D2'},{'R2'},{'D5'},{'D3'},{'R3'},,,,,,&,2.0,&
{'D2'},{'R2'},{'D5'},{'D3'},{'R3'},{'D1'},,,,,&,1.0,&
{'D2'},{'R2'},{'D5'},{'D3'},{'R3'},{'D1'},{'D7'},{'R1'},{'D6'},,&,1.0,&
{'D2'},{'R2'},{'D5'},{'D3'},{'R3'},{'R1'},,,,,&,1.0,&
{'D2'},{'R2'},{'D5'},{'D3'},{'R3'},{'R1'},{'D1'},,,,&,1.0,&
{'D2'},{'R2'},{'D5'},{'D3'},{'R3'},{'R1'},{'D1'},{'D6'},{'D7'},,&,1.0,&
{'D2'},{'R2'},{'D5'},{'D3'},{'R3'},{'R1'},{'D1'},{'D7'},{'D6'},{'D4'},&,1.0,&
{'D2'},{'R2'},{'D5'},{'D3'},{'D1'},{'D7'},{'D6'},,,,&,1.0,&
{'D2'},{'R2'},{'D5'},{'D3'},{'D1'},{'D7'},{'D6'},{'D4'},,,&,1.0,&
{'D2'},{'R2'},{'D5'},{'D3'},{'D1'},{'D6'},,,,,&,1.0,&
{'D2'},{'R2'},{'D5'},{'D3'},{'D1'},{'R3'},,,,,&,1.0,&
{'D2'},{'R2'},{'D5'},{'D3'},{'D1'},{'R3'},{'R1'},,,,&,1.0,&
{'D2'},{'R2'},{'D5'},{'D3'},{'D1'},{'R3'},{'R1'},{'D4'},{'D6'},,&,1.0,&
{'D2'},{'R2'},{'D5'},{'D3'},{'D1'},{'R3'},{'D6'},{'D4'},{'D7'},{'R1'},&,1.0,&
{'D2'},{'R2'},{'D5'},{'D3'},{'D1'},{'R3'},{'D6'},{'R1'},{'D7'},,&,1.0,&
{'D2'},{'R2'},{'D5'},{'D3'},{'D1'},{'R3'},{'D4'},{'D7'},{'R1'},,&,1.0,&
{'D2'},{'R2'},{'D5'},{'D3'},{'D1'},{'D4'},,,,,&,1.0,&
{'D2'},{'R2'},{'D5'},{'D3'},{'D1'},{'D4'},{'D6'},{'R3'},{'D7'},,&,1.0,&
{'D2'},{'R2'},{'D5'},{'D4'},{'R3'},{'D1'},{'D3'},{'R1'},{'D6'},{'D7'},&,1.0,&
{'D2'},{'R2'},{'D5'},{'D4'},{'R3'},{'R1'},,,,,&,1.0,&
{'D2'},{'R2'},{'D5'},{'D7'},,,,,,,&,3.0,&
{'D2'},{'R2'},{'D5'},{'D7'},{'R3'},,,,,,&,1.0,&
{'D2'},{'R2'},{'D5'},{'D7'},{'R3'},{'R1'},{'D1'},{'D3'},{'D6'},{'D4'},&,1.0,&
{'D2'},{'R2'},{'D5'},{'D7'},{'D1'},{'R3'},,,,,&,1.0,&
{'D2'},{'R2'},{'D5'},{'R1'},,,,,,,&,2.0,&
{'D2'},{'R2'},{'D5'},{'R1'},{'D3'},{'D1'},,,,,&,1.0,&
{'D2'},{'R2'},{'D5'},{'R1'},{'D3'},{'D1'},{'R3'},,,,&,1.0,&
{'D2'},{'R2'},{'D5'},{'R1'},{'R3'},{'D1'},{'D3'},{'D6'},,,&,1.0,&
{'D2'},{'R2'},{'D5'},{'R1'},{'R3'},{'D3'},,,,,&,1.0,&
{'D2'},{'R2'},{'D5'},{'R3'},,,,,,,&,7.0,&
{'D2'},{'R2'},{'D5'},{'R3'},{'D6'},{'R1'},{'D3'},,,,&,1.0,&
{'D2'},{'R2'},{'D5'},{'R3'},{'D7'},{'D1'},,,,,&,1.0,&
{'D2'},{'R2'},{'D5'},{'R3'},{'D7'},{'D1'},{'R1'},{'D3'},,,&,1.0,&
{'D2'},{'R2'},{'D5'},{'R3'},{'D3'},,,,,,&,3.0,&
{'D2'},{'R2'},{'D5'},{'R3'},{'D3'},{'D1'},,,,,&,1.0,&
{'D2'},{'R2'},{'D5'},{'R3'},{'D3'},{'D1'},{'R1'},{'D4'},{'D7'},{'D6'},&,1.0,&
{'D2'},{'R2'},{'D5'},{'R3'},{'D3'},{'D1'},{'D6'},{'D4'},{'R1'},,&,1.0,&
{'D2'},{'R2'},{'D5'},{'R3'},{'D3'},{'D1'},{'D6'},{'R1'},,,&,1.0,&
{'D2'},{'R2'},{'D5'},{'R3'},{'D3'},{'D6'},{'R1'},{'D1'},{'D7'},{'D4'},&,1.0,&
{'D2'},{'R2'},{'D5'},{'R3'},{'D3'},{'R1'},,,,,&,1.0,&
{'D2'},{'R2'},{'D5'},{'R3'},{'R1'},,,,,,&,2.0,&
{'D2'},{'R2'},{'D5'},{'R3'},{'R1'},{'D1'},,,,,&,1.0,&
{'D2'},{'R2'},{'D5'},{'R3'},{'R1'},{'D1'},{'D3'},{'D6'},{'D4'},,&,1.0,&
{'D2'},{'R2'},{'D5'},{'R3'},{'R1'},{'D1'},{'D3'},{'D7'},{'D4'},,&,1.0,&
{'D2'},{'R2'},{'D5'},{'R3'},{'R1'},{'D3'},{'D1'},{'D4'},,,&,1.0,&
{'D2'},{'R2'},{'D5'},{'R3'},{'D1'},,,,,,&,3.0,&
{'D2'},{'R2'},{'D5'},{'R3'},{'D1'},{'D3'},,,,,&,1.0,&
{'D2'},{'R2'},{'D5'},{'R3'},{'D1'},{'D3'},{'D6'},,,,&,1.0,&
{'D2'},{'R2'},{'D5'},{'R3'},{'D1'},{'R1'},,,,,&,1.0,&
{'D2'},{'R2'},{'D5'},{'R3'},{'D1'},{'R1'},{'D6'},{'D3'},{'D7'},{'D4'},&,1.0,&
{'D2'},{'R2'},{'D5'},{'R3'},{'D1'},{'R1'},{'D3'},{'D7'},,,&,1.0,&
{'D2'},{'R2'},{'D5'},{'D6'},{'R3'},{'D3'},{'R1'},{'D1'},{'D7'},,&,1.0,&
{'D2'},{'R2'},{'D5'},{'D6'},{'R3'},{'R1'},{'D1'},{'D3'},,,&,1.0,&
{'D2'},{'R2'},{'D1'},,,,,,,,&,111.0,&
{'D2'},{'R2'},{'D1'},{'D5'},,,,,,,&,8.0,&
{'D2'},{'R2'},{'D1'},{'D5'},{'D6'},,,,,,&,1.0,&
{'D2'},{'R2'},{'D1'},{'D5'},{'D6'},{'D7'},{'R3'},{'R1'},,,&,1.0,&
{'D2'},{'R2'},{'D1'},{'D5'},{'D6'},{'R1'},,,,,&,1.0,&
{'D2'},{'R2'},{'D1'},{'D5'},{'D7'},{'R3'},,,,,&,1.0,&
{'D2'},{'R2'},{'D1'},{'D5'},{'D7'},{'R3'},{'R1'},{'D3'},,,&,1.0,&
{'D2'},{'R2'},{'D1'},{'D5'},{'D3'},,,,,,&,1.0,&
{'D2'},{'R2'},{'D1'},{'D5'},{'D3'},{'D7'},,,,,&,1.0,&
{'D2'},{'R2'},{'D1'},{'D5'},{'D3'},{'D7'},{'R3'},{'D6'},{'D4'},{'R1'},&,1.0,&
{'D2'},{'R2'},{'D1'},{'D5'},{'D3'},{'D7'},{'D6'},{'D4'},,,&,1.0,&
{'D2'},{'R2'},{'D1'},{'D5'},{'D3'},{'D7'},{'D4'},{'R3'},,,&,1.0,&
{'D2'},{'R2'},{'D1'},{'D5'},{'D3'},{'D6'},{'D7'},{'D4'},,,&,1.0,&
{'D2'},{'R2'},{'D1'},{'D5'},{'D3'},{'D6'},{'D4'},{'R3'},{'R1'},,&,1.0,&
{'D2'},{'R2'},{'D1'},{'D5'},{'D3'},{'D6'},{'D4'},{'R3'},{'D7'},,&,1.0,&
{'D2'},{'R2'},{'D1'},{'D5'},{'D3'},{'R3'},,,,,&,2.0,&
{'D2'},{'R2'},{'D1'},{'D5'},{'D3'},{'R3'},{'R1'},{'D6'},,,&,1.0,&
{'D2'},{'R2'},{'D1'},{'D5'},{'D3'},{'R3'},{'R1'},{'D7'},,,&,1.0,&
{'D2'},{'R2'},{'D1'},{'D5'},{'D3'},{'R3'},{'D6'},{'D7'},{'R1'},,&,1.0,&
{'D2'},{'R2'},{'D1'},{'D5'},{'R1'},,,,,,&,1.0,&
{'D2'},{'R2'},{'D1'},{'D5'},{'R1'},{'R3'},{'D7'},{'D3'},{'D4'},{'D6'},&,1.0,&
{'D2'},{'R2'},{'D1'},{'D5'},{'R1'},{'D3'},{'D6'},,,,&,1.0,&
{'D2'},{'R2'},{'D1'},{'D5'},{'R1'},{'D3'},{'D4'},{'D7'},{'R3'},{'D6'},&,1.0,&
{'D2'},{'R2'},{'D1'},{'D5'},{'R3'},,,,,,&,1.0,&
{'D2'},{'R2'},{'D1'},{'D5'},{'R3'},{'D6'},{'D3'},{'R1'},{'D4'},{'D7'},&,2.0,&
{'D2'},{'R2'},{'D1'},{'D5'},{'R3'},{'D3'},{'R1'},{'D6'},{'D7'},{'D4'},&,1.0,&
{'D2'},{'R2'},{'D1'},{'D5'},{'R3'},{'D3'},{'R1'},{'D7'},{'D6'},{'D4'},&,1.0,&
{'D2'},{'R2'},{'D1'},{'D5'},{'R3'},{'R1'},{'D3'},{'D6'},,,&,1.0,&
{'D2'},{'R2'},{'D1'},{'D5'},{'R3'},{'D4'},{'D3'},{'D7'},,,&,1.0,&
{'D2'},{'R2'},{'D1'},{'D3'},,,,,,,&,22.0,&
{'D2'},{'R2'},{'D1'},{'D3'},{'D6'},,,,,,&,9.0,&
{'D2'},{'R2'},{'D1'},{'D3'},{'D6'},{'D7'},,,,,&,2.0,&
{'D2'},{'R2'},{'D1'},{'D3'},{'D6'},{'D7'},{'D5'},{'D4'},,,&,1.0,&
{'D2'},{'R2'},{'D1'},{'D3'},{'D6'},{'D7'},{'D5'},{'R3'},{'R1'},{'D4'},&,1.0,&
{'D2'},{'R2'},{'D1'},{'D3'},{'D6'},{'D7'},{'D5'},{'R1'},,,&,1.0,&
{'D2'},{'R2'},{'D1'},{'D3'},{'D6'},{'D7'},{'D4'},{'R3'},{'D5'},,&,1.0,&
{'D2'},{'R2'},{'D1'},{'D3'},{'D6'},{'D5'},,,,,&,1.0,&
{'D2'},{'R2'},{'D1'},{'D3'},{'D6'},{'D5'},{'D7'},,,,&,1.0,&
{'D2'},{'R2'},{'D1'},{'D3'},{'D6'},{'D5'},{'D7'},{'D4'},,,&,1.0,&
{'D2'},{'R2'},{'D1'},{'D3'},{'D6'},{'D5'},{'R3'},{'D4'},{'R1'},,&,1.0,&
{'D2'},{'R2'},{'D1'},{'D3'},{'D6'},{'D5'},{'R3'},{'D7'},{'D4'},,&,1.0,&
{'D2'},{'R2'},{'D1'},{'D3'},{'D6'},{'D5'},{'D4'},{'R3'},{'R1'},,&,1.0,&
{'D2'},{'R2'},{'D1'},{'D3'},{'D6'},{'R3'},,,,,&,2.0,&
{'D2'},{'R2'},{'D1'},{'D3'},{'D6'},{'R3'},{'D7'},{'D5'},{'R1'},{'D4'},&,1.0,&
{'D2'},{'R2'},{'D1'},{'D3'},{'D6'},{'R3'},{'R1'},,,,&,1.0,&
{'D2'},{'R2'},{'D1'},{'D3'},{'D6'},{'R1'},,,,,&,1.0,&
{'D2'},{'R2'},{'D1'},{'D3'},{'D6'},{'D4'},{'D5'},{'R3'},{'D7'},{'R1'},&,1.0,&
{'D2'},{'R2'},{'D1'},{'D3'},{'D7'},,,,,,&,5.0,&
{'D2'},{'R2'},{'D1'},{'D3'},{'D7'},{'D5'},,,,,&,2.0,&
{'D2'},{'R2'},{'D1'},{'D3'},{'D7'},{'D5'},{'D6'},,,,&,1.0,&
{'D2'},{'R2'},{'D1'},{'D3'},{'D7'},{'D5'},{'D6'},{'D4'},{'R3'},,&,1.0,&
{'D2'},{'R2'},{'D1'},{'D3'},{'D7'},{'D5'},{'D6'},{'D4'},{'R3'},{'R1'},&,1.0,&
{'D2'},{'R2'},{'D1'},{'D3'},{'D7'},{'D5'},{'D6'},{'R1'},{'R3'},,&,1.0,&
{'D2'},{'R2'},{'D1'},{'D3'},{'D7'},{'D6'},,,,,&,2.0,&
{'D2'},{'R2'},{'D1'},{'D3'},{'D7'},{'D6'},{'R3'},,,,&,1.0,&
{'D2'},{'R2'},{'D1'},{'D3'},{'D7'},{'D6'},{'R3'},{'D4'},,,&,1.0,&
{'D2'},{'R2'},{'D1'},{'D3'},{'D7'},{'D6'},{'R3'},{'R1'},{'D5'},,&,1.0,&
{'D2'},{'R2'},{'D1'},{'D3'},{'D7'},{'D6'},{'D5'},{'R3'},,,&,1.0,&
{'D2'},{'R2'},{'D1'},{'D3'},{'D7'},{'D6'},{'R1'},{'R3'},{'D5'},{'D4'},&,1.0,&
{'D2'},{'R2'},{'D1'},{'D3'},{'D7'},{'D6'},{'D4'},{'R1'},{'D5'},,&,1.0,&
{'D2'},{'R2'},{'D1'},{'D3'},{'D7'},{'R3'},{'D5'},{'D6'},,,&,1.0,&
{'D2'},{'R2'},{'D1'},{'D3'},{'D7'},{'R3'},{'D5'},{'D6'},{'D4'},{'R1'},&,1.0,&
{'D2'},{'R2'},{'D1'},{'D3'},{'D7'},{'R3'},{'D5'},{'R1'},,,&,1.0,&
{'D2'},{'R2'},{'D1'},{'D3'},{'D7'},{'R3'},{'R1'},{'D6'},{'D5'},,&,1.0,&
{'D2'},{'R2'},{'D1'},{'D3'},{'D7'},{'R3'},{'R1'},{'D6'},{'D5'},{'D4'},&,1.0,&
{'D2'},{'R2'},{'D1'},{'D3'},{'D7'},{'R3'},{'D6'},{'D5'},{'R1'},,&,1.0,&
{'D2'},{'R2'},{'D1'},{'D3'},{'D7'},{'R3'},{'D6'},{'R1'},{'D5'},,&,1.0,&
{'D2'},{'R2'},{'D1'},{'D3'},{'D7'},{'D4'},,,,,&,1.0,&
{'D2'},{'R2'},{'D1'},{'D3'},{'D7'},{'D4'},{'D5'},,,,&,1.0,&
{'D2'},{'R2'},{'D1'},{'D3'},{'R1'},,,,,,&,3.0,&
{'D2'},{'R2'},{'D1'},{'D3'},{'R1'},{'D7'},{'R3'},{'D5'},,,&,1.0,&
{'D2'},{'R2'},{'D1'},{'D3'},{'R1'},{'D6'},{'D7'},{'D5'},{'D4'},{'R3'},&,1.0,&
{'D2'},{'R2'},{'D1'},{'D3'},{'R1'},{'R3'},{'D7'},{'D6'},{'D5'},,&,1.0,&
{'D2'},{'R2'},{'D1'},{'D3'},{'R1'},{'D4'},{'R3'},{'D7'},{'D6'},,&,1.0,&
{'D2'},{'R2'},{'D1'},{'D3'},{'R1'},{'D4'},{'D6'},{'R3'},,,&,1.0,&
{'D2'},{'R2'},{'D1'},{'D3'},{'D5'},,,,,,&,8.0,&
{'D2'},{'R2'},{'D1'},{'D3'},{'D5'},{'D7'},{'R3'},{'D4'},,,&,1.0,&
{'D2'},{'R2'},{'D1'},{'D3'},{'D5'},{'D7'},{'R3'},{'R1'},{'D6'},,&,1.0,&
{'D2'},{'R2'},{'D1'},{'D3'},{'D5'},{'D6'},,,,,&,1.0,&
{'D2'},{'R2'},{'D1'},{'D3'},{'D5'},{'D6'},{'D7'},,,,&,1.0,&
{'D2'},{'R2'},{'D1'},{'D3'},{'D5'},{'D6'},{'D7'},{'D4'},{'R1'},{'R3'},&,1.0,&
{'D2'},{'R2'},{'D1'},{'D3'},{'D5'},{'D6'},{'D7'},{'R3'},{'R1'},,&,2.0,&
{'D2'},{'R2'},{'D1'},{'D3'},{'D5'},{'D6'},{'R3'},,,,&,1.0,&
{'D2'},{'R2'},{'D1'},{'D3'},{'D5'},{'D6'},{'R3'},{'D7'},{'D4'},{'R1'},&,1.0,&
{'D2'},{'R2'},{'D1'},{'D3'},{'D5'},{'D6'},{'D4'},,,,&,1.0,&
{'D2'},{'R2'},{'D1'},{'D3'},{'D5'},{'D6'},{'D4'},{'R3'},{'D7'},,&,1.0,&
{'D2'},{'R2'},{'D1'},{'D3'},{'D5'},{'R3'},,,,,&,3.0,&
{'D2'},{'R2'},{'D1'},{'D3'},{'D5'},{'R3'},{'R1'},,,,&,2.0,&
{'D2'},{'R2'},{'D1'},{'D3'},{'D5'},{'R3'},{'R1'},{'D6'},{'D7'},,&,1.0,&
{'D2'},{'R2'},{'D1'},{'D3'},{'D5'},{'R3'},{'R1'},{'D6'},{'D4'},,&,1.0,&
{'D2'},{'R2'},{'D1'},{'D3'},{'D5'},{'R3'},{'D6'},{'D4'},{'R1'},,&,1.0,&
{'D2'},{'R2'},{'D1'},{'D3'},{'D5'},{'R3'},{'D6'},{'R1'},,,&,1.0,&
{'D2'},{'R2'},{'D1'},{'D3'},{'D5'},{'R3'},{'D6'},{'R1'},{'D7'},{'D4'},&,1.0,&
{'D2'},{'R2'},{'D1'},{'D3'},{'D5'},{'R3'},{'D4'},{'R1'},{'D7'},{'D6'},&,1.0,&
{'D2'},{'R2'},{'D1'},{'D3'},{'D5'},{'R1'},{'D7'},{'D6'},{'D4'},{'R3'},&,1.0,&
{'D2'},{'R2'},{'D1'},{'D3'},{'D5'},{'R1'},{'D7'},{'R3'},,,&,1.0,&
{'D2'},{'R2'},{'D1'},{'D3'},{'D5'},{'R1'},{'D6'},,,,&,1.0,&
{'D2'},{'R2'},{'D1'},{'D3'},{'D5'},{'R1'},{'D6'},{'R3'},{'D7'},,&,1.0,&
{'D2'},{'R2'},{'D1'},{'D3'},{'R3'},,,,,,&,6.0,&
{'D2'},{'R2'},{'D1'},{'D3'},{'R3'},{'D7'},,,,,&,3.0,&
{'D2'},{'R2'},{'D1'},{'D3'},{'R3'},{'D7'},{'D5'},{'R1'},,,&,1.0,&
{'D2'},{'R2'},{'D1'},{'D3'},{'R3'},{'D7'},{'R1'},{'D5'},{'D6'},{'D4'},&,1.0,&
{'D2'},{'R2'},{'D1'},{'D3'},{'R3'},{'D7'},{'D6'},{'D5'},,,&,1.0,&
{'D2'},{'R2'},{'D1'},{'D3'},{'R3'},{'D5'},,,,,&,2.0,&
{'D2'},{'R2'},{'D1'},{'D3'},{'R3'},{'D5'},{'D7'},{'R1'},{'D6'},,&,1.0,&
{'D2'},{'R2'},{'D1'},{'D3'},{'R3'},{'D5'},{'R1'},{'D7'},,,&,1.0,&
{'D2'},{'R2'},{'D1'},{'D3'},{'R3'},{'D5'},{'R1'},{'D7'},{'D6'},{'D4'},&,1.0,&
{'D2'},{'R2'},{'D1'},{'D3'},{'R3'},{'D5'},{'D4'},{'D6'},{'D7'},,&,1.0,&
{'D2'},{'R2'},{'D1'},{'D3'},{'R3'},{'D6'},{'D5'},{'D7'},,,&,1.0,&
{'D2'},{'R2'},{'D1'},{'D3'},{'R3'},{'D6'},{'D5'},{'R1'},{'D4'},,&,1.0,&
{'D2'},{'R2'},{'D1'},{'D3'},{'R3'},{'D6'},{'R1'},,,,&,1.0,&
{'D2'},{'R2'},{'D1'},{'D3'},{'R3'},{'D6'},{'D4'},,,,&,1.0,&
{'D2'},{'R2'},{'D1'},{'D3'},{'R3'},{'D6'},{'D4'},{'D7'},{'R1'},,&,1.0,&
{'D2'},{'R2'},{'D1'},{'D3'},{'R3'},{'R1'},,,,,&,5.0,&
{'D2'},{'R2'},{'D1'},{'D3'},{'R3'},{'R1'},{'D5'},,,,&,4.0,&
{'D2'},{'R2'},{'D1'},{'D3'},{'R3'},{'R1'},{'D5'},{'D6'},,,&,1.0,&
{'D2'},{'R2'},{'D1'},{'D3'},{'R3'},{'R1'},{'D5'},{'D6'},{'D7'},{'D4'},&,1.0,&
{'D2'},{'R2'},{'D1'},{'D3'},{'R3'},{'R1'},{'D5'},{'D4'},{'D6'},{'D7'},&,1.0,&
{'D2'},{'R2'},{'D1'},{'D3'},{'R3'},{'R1'},{'D6'},,,,&,1.0,&
{'D2'},{'R2'},{'D1'},{'D3'},{'R3'},{'R1'},{'D6'},{'D5'},{'D7'},{'D4'},&,1.0,&
{'D2'},{'R2'},{'D1'},{'D3'},{'R3'},{'R1'},{'D4'},{'D6'},{'D5'},,&,1.0,&
{'D2'},{'R2'},{'D1'},{'D3'},{'R3'},{'R1'},{'D4'},{'D7'},,,&,1.0,&
{'D2'},{'R2'},{'D1'},{'D3'},{'R3'},{'D4'},,,,,&,3.0,&
{'D2'},{'R2'},{'D1'},{'D3'},{'R3'},{'D4'},{'D7'},{'D6'},{'D5'},{'R1'},&,1.0,&
{'D2'},{'R2'},{'D1'},{'D3'},{'R3'},{'D4'},{'R1'},{'D6'},{'D5'},{'D7'},&,1.0,&
{'D2'},{'R2'},{'D1'},{'D3'},{'R3'},{'D4'},{'D6'},{'R1'},,,&,1.0,&
{'D2'},{'R2'},{'D1'},{'D3'},{'R3'},{'D4'},{'D6'},{'R1'},{'D5'},,&,1.0,&
{'D2'},{'R2'},{'D1'},{'D3'},{'D4'},,,,,,&,3.0,&
{'D2'},{'R2'},{'D1'},{'D3'},{'D4'},{'D5'},{'D6'},,,,&,1.0,&
{'D2'},{'R2'},{'D1'},{'D3'},{'D4'},{'R3'},,,,,&,1.0,&
{'D2'},{'R2'},{'D1'},{'D3'},{'D4'},{'R3'},{'R1'},{'D6'},,,&,1.0,&
{'D2'},{'R2'},{'D1'},{'D4'},,,,,,,&,2.0,&
{'D2'},{'R2'},{'D1'},{'D4'},{'D7'},{'D3'},{'R3'},,,,&,1.0,&
{'D2'},{'R2'},{'D1'},{'D4'},{'D3'},{'D7'},,,,,&,1.0,&
{'D2'},{'R2'},{'D1'},{'D4'},{'D3'},{'D7'},{'D5'},{'D6'},{'R3'},{'R1'},&,1.0,&
{'D2'},{'R2'},{'D1'},{'D4'},{'D3'},{'R3'},,,,,&,1.0,&
{'D2'},{'R2'},{'D1'},{'D4'},{'D3'},{'R1'},{'D7'},{'D5'},{'D6'},{'R3'},&,1.0,&
{'D2'},{'R2'},{'D1'},{'D4'},{'D3'},{'R1'},{'D5'},{'D7'},{'D6'},{'R3'},&,1.0,&
{'D2'},{'R2'},{'D1'},{'D4'},{'R3'},{'R1'},,,,,&,1.0,&
{'D2'},{'R2'},{'D1'},{'D4'},{'R3'},{'R1'},{'D3'},,,,&,1.0,&
{'D2'},{'R2'},{'D1'},{'D7'},,,,,,,&,6.0,&
{'D2'},{'R2'},{'D1'},{'D7'},{'D3'},,,,,,&,2.0,&
{'D2'},{'R2'},{'D1'},{'D7'},{'D3'},{'D5'},,,,,&,1.0,&
{'D2'},{'R2'},{'D1'},{'D7'},{'D3'},{'D5'},{'R3'},{'D6'},{'R1'},,&,1.0,&
{'D2'},{'R2'},{'D1'},{'D7'},{'D3'},{'D6'},{'D4'},{'R3'},{'D5'},,&,1.0,&
{'D2'},{'R2'},{'D1'},{'D7'},{'D3'},{'R3'},,,,,&,1.0,&
{'D2'},{'R2'},{'D1'},{'D7'},{'D3'},{'R3'},{'D5'},{'D6'},{'R1'},{'D4'},&,1.0,&
{'D2'},{'R2'},{'D1'},{'D7'},{'D3'},{'R3'},{'D4'},{'R1'},{'D5'},{'D6'},&,1.0,&
{'D2'},{'R2'},{'D1'},{'D7'},{'D3'},{'D4'},,,,,&,1.0,&
{'D2'},{'R2'},{'D1'},{'D7'},{'R1'},,,,,,&,1.0,&
{'D2'},{'R2'},{'D1'},{'D7'},{'R3'},,,,,,&,1.0,&
{'D2'},{'R2'},{'D1'},{'D7'},{'R3'},{'R1'},,,,,&,2.0,&
{'D2'},{'R2'},{'D1'},{'D7'},{'R3'},{'R1'},{'D3'},,,,&,2.0,&
{'D2'},{'R2'},{'D1'},{'D7'},{'R3'},{'R1'},{'D3'},{'D6'},,,&,1.0,&
{'D2'},{'R2'},{'D1'},{'R1'},,,,,,,&,5.0,&
{'D2'},{'R2'},{'D1'},{'R1'},{'D6'},{'R3'},{'D3'},{'D5'},,,&,1.0,&
{'D2'},{'R2'},{'D1'},{'R1'},{'D6'},{'D3'},{'D7'},{'D4'},{'R3'},{'D5'},&,1.0,&
{'D2'},{'R2'},{'D1'},{'R1'},{'D6'},{'D3'},{'R3'},{'D4'},,,&,1.0,&
{'D2'},{'R2'},{'D1'},{'R1'},{'D7'},{'R3'},,,,,&,1.0,&
{'D2'},{'R2'},{'D1'},{'R1'},{'D7'},{'D3'},{'D6'},{'R3'},{'D5'},,&,2.0,&
{'D2'},{'R2'},{'D1'},{'R1'},{'D3'},,,,,,&,2.0,&
{'D2'},{'R2'},{'D1'},{'R1'},{'D3'},{'D5'},{'R3'},,,,&,1.0,&
{'D2'},{'R2'},{'D1'},{'R1'},{'D3'},{'D5'},{'R3'},{'D7'},{'D6'},{'D4'},&,1.0,&
{'D2'},{'R2'},{'D1'},{'R1'},{'D3'},{'R3'},,,,,&,1.0,&
{'D2'},{'R2'},{'D1'},{'R1'},{'D3'},{'R3'},{'D6'},{'D5'},,,&,1.0,&
{'D2'},{'R2'},{'D1'},{'R1'},{'D5'},,,,,,&,1.0,&
{'D2'},{'R2'},{'D1'},{'R1'},{'D5'},{'D3'},{'D6'},{'D7'},{'D4'},,&,1.0,&
{'D2'},{'R2'},{'D1'},{'R1'},{'D5'},{'D3'},{'D6'},{'D7'},{'R3'},{'D4'},&,1.0,&
{'D2'},{'R2'},{'D1'},{'R1'},{'R3'},,,,,,&,5.0,&
{'D2'},{'R2'},{'D1'},{'R1'},{'R3'},{'D3'},{'D7'},,,,&,1.0,&
{'D2'},{'R2'},{'D1'},{'R1'},{'R3'},{'D3'},{'D7'},{'D5'},{'D6'},,&,1.0,&
{'D2'},{'R2'},{'D1'},{'R1'},{'R3'},{'D3'},{'D5'},,,,&,1.0,&
{'D2'},{'R2'},{'D1'},{'R1'},{'R3'},{'D3'},{'D6'},{'D4'},{'D5'},{'D7'},&,1.0,&
{'D2'},{'R2'},{'D1'},{'R1'},{'D4'},{'D6'},{'D3'},{'R3'},,,&,1.0,&
{'D2'},{'R2'},{'D1'},{'R1'},{'D4'},{'D3'},{'D7'},{'D6'},{'D5'},,&,1.0,&
{'D2'},{'R2'},{'D1'},{'R3'},,,,,,,&,22.0,&
{'D2'},{'R2'},{'D1'},{'R3'},{'D6'},,,,,,&,3.0,&
{'D2'},{'R2'},{'D1'},{'R3'},{'D6'},{'D7'},{'D5'},,,,&,1.0,&
{'D2'},{'R2'},{'D1'},{'R3'},{'D6'},{'D7'},{'D3'},{'D4'},{'D5'},{'R1'},&,1.0,&
{'D2'},{'R2'},{'D1'},{'R3'},{'D6'},{'D3'},,,,,&,2.0,&
{'D2'},{'R2'},{'D1'},{'R3'},{'D6'},{'D3'},{'D7'},{'D5'},{'R1'},,&,1.0,&
{'D2'},{'R2'},{'D1'},{'R3'},{'D6'},{'D3'},{'D5'},{'D7'},{'D4'},,&,1.0,&
{'D2'},{'R2'},{'D1'},{'R3'},{'D6'},{'D3'},{'D5'},{'D7'},{'D4'},{'R1'},&,1.0,&
{'D2'},{'R2'},{'D1'},{'R3'},{'D6'},{'D3'},{'D4'},,,,&,1.0,&
{'D2'},{'R2'},{'D1'},{'R3'},{'D6'},{'R1'},,,,,&,2.0,&
{'D2'},{'R2'},{'D1'},{'R3'},{'D6'},{'R1'},{'D5'},{'D3'},,,&,1.0,&
{'D2'},{'R2'},{'D1'},{'R3'},{'D6'},{'R1'},{'D3'},{'D4'},{'D7'},{'D5'},&,1.0,&
{'D2'},{'R2'},{'D1'},{'R3'},{'D6'},{'R1'},{'D3'},{'D7'},{'D5'},,&,2.0,&
{'D2'},{'R2'},{'D1'},{'R3'},{'D7'},,,,,,&,2.0,&
{'D2'},{'R2'},{'D1'},{'R3'},{'D7'},{'D5'},{'D3'},,,,&,1.0,&
{'D2'},{'R2'},{'D1'},{'R3'},{'D7'},{'D3'},,,,,&,1.0,&
{'D2'},{'R2'},{'D1'},{'R3'},{'D7'},{'D3'},{'R1'},{'D5'},,,&,1.0,&
{'D2'},{'R2'},{'D1'},{'R3'},{'D7'},{'D3'},{'D6'},{'D4'},{'D5'},,&,1.0,&
{'D2'},{'R2'},{'D1'},{'R3'},{'D7'},{'D3'},{'D6'},{'D5'},{'R1'},{'D4'},&,1.0,&
{'D2'},{'R2'},{'D1'},{'R3'},{'D7'},{'R1'},,,,,&,1.0,&
{'D2'},{'R2'},{'D1'},{'R3'},{'D7'},{'R1'},{'D3'},{'D6'},,,&,2.0,&
{'D2'},{'R2'},{'D1'},{'R3'},{'D7'},{'R1'},{'D3'},{'D6'},{'D4'},{'D5'},&,1.0,&
{'D2'},{'R2'},{'D1'},{'R3'},{'D7'},{'R1'},{'D3'},{'D4'},,,&,1.0,&
{'D2'},{'R2'},{'D1'},{'R3'},{'D3'},,,,,,&,13.0,&
{'D2'},{'R2'},{'D1'},{'R3'},{'D3'},{'D7'},{'D5'},{'R1'},{'D6'},,&,1.0,&
{'D2'},{'R2'},{'D1'},{'R3'},{'D3'},{'D5'},,,,,&,1.0,&
{'D2'},{'R2'},{'D1'},{'R3'},{'D3'},{'D5'},{'D7'},,,,&,1.0,&
{'D2'},{'R2'},{'D1'},{'R3'},{'D3'},{'D5'},{'R1'},,,,&,1.0,&
{'D2'},{'R2'},{'D1'},{'R3'},{'D3'},{'D5'},{'D6'},,,,&,1.0,&
{'D2'},{'R2'},{'D1'},{'R3'},{'D3'},{'D6'},{'D7'},{'D5'},{'R1'},,&,1.0,&
{'D2'},{'R2'},{'D1'},{'R3'},{'D3'},{'D6'},{'D5'},{'R1'},{'D7'},{'D4'},&,1.0,&
{'D2'},{'R2'},{'D1'},{'R3'},{'D3'},{'D6'},{'R1'},{'D7'},,,&,1.0,&
{'D2'},{'R2'},{'D1'},{'R3'},{'D3'},{'D6'},{'R1'},{'D5'},,,&,2.0,&
{'D2'},{'R2'},{'D1'},{'R3'},{'D3'},{'R1'},{'D7'},,,,&,2.0,&
{'D2'},{'R2'},{'D1'},{'R3'},{'D3'},{'R1'},{'D5'},,,,&,1.0,&
{'D2'},{'R2'},{'D1'},{'R3'},{'D3'},{'R1'},{'D5'},{'D6'},,,&,1.0,&
{'D2'},{'R2'},{'D1'},{'R3'},{'D3'},{'R1'},{'D5'},{'D4'},{'D7'},{'D6'},&,1.0,&
{'D2'},{'R2'},{'D1'},{'R3'},{'D3'},{'R1'},{'D5'},{'D7'},,,&,1.0,&
{'D2'},{'R2'},{'D1'},{'R3'},{'D3'},{'R1'},{'D6'},{'D7'},,,&,1.0,&
{'D2'},{'R2'},{'D1'},{'R3'},{'D3'},{'R1'},{'D6'},{'D5'},,,&,1.0,&
{'D2'},{'R2'},{'D1'},{'R3'},{'D3'},{'R1'},{'D6'},{'D5'},{'D7'},{'D4'},&,1.0,&
{'D2'},{'R2'},{'D1'},{'R3'},{'D3'},{'R1'},{'D4'},{'D6'},{'D5'},{'D7'},&,1.0,&
{'D2'},{'R2'},{'D1'},{'R3'},{'D3'},{'R1'},{'D4'},{'D7'},{'D6'},{'D5'},&,1.0,&
{'D2'},{'R2'},{'D1'},{'R3'},{'D3'},{'D4'},{'D5'},,,,&,1.0,&
{'D2'},{'R2'},{'D1'},{'R3'},{'D3'},{'D4'},{'D5'},{'D6'},{'R1'},{'D7'},&,1.0,&
{'D2'},{'R2'},{'D1'},{'R3'},{'D3'},{'D4'},{'R1'},,,,&,1.0,&
{'D2'},{'R2'},{'D1'},{'R3'},{'D3'},{'D4'},{'D6'},{'D7'},{'R1'},,&,1.0,&
{'D2'},{'R2'},{'D1'},{'R3'},{'R1'},,,,,,&,5.0,&
{'D2'},{'R2'},{'D1'},{'R3'},{'R1'},{'D7'},{'D3'},{'D6'},{'D5'},{'D4'},&,1.0,&
{'D2'},{'R2'},{'D1'},{'R3'},{'R1'},{'D7'},{'D3'},{'D4'},{'D6'},{'D5'},&,1.0,&
{'D2'},{'R2'},{'D1'},{'R3'},{'R1'},{'D5'},,,,,&,3.0,&
{'D2'},{'R2'},{'D1'},{'R3'},{'R1'},{'D6'},,,,,&,4.0,&
{'D2'},{'R2'},{'D1'},{'R3'},{'R1'},{'D6'},{'D7'},{'D3'},,,&,1.0,&
{'D2'},{'R2'},{'D1'},{'R3'},{'R1'},{'D6'},{'D3'},,,,&,3.0,&
{'D2'},{'R2'},{'D1'},{'R3'},{'R1'},{'D6'},{'D3'},{'D7'},{'D5'},{'D4'},&,1.0,&
{'D2'},{'R2'},{'D1'},{'R3'},{'R1'},{'D6'},{'D3'},{'D5'},{'D7'},{'D4'},&,2.0,&
{'D2'},{'R2'},{'D1'},{'R3'},{'R1'},{'D3'},,,,,&,10.0,&
{'D2'},{'R2'},{'D1'},{'R3'},{'R1'},{'D3'},{'D7'},,,,&,1.0,&
{'D2'},{'R2'},{'D1'},{'R3'},{'R1'},{'D3'},{'D5'},,,,&,1.0,&
{'D2'},{'R2'},{'D1'},{'R3'},{'R1'},{'D3'},{'D5'},{'D6'},,,&,2.0,&
{'D2'},{'R2'},{'D1'},{'R3'},{'R1'},{'D3'},{'D5'},{'D6'},{'D7'},{'D4'},&,1.0,&
{'D2'},{'R2'},{'D1'},{'R3'},{'R1'},{'D3'},{'D5'},{'D4'},,,&,1.0,&
{'D2'},{'R2'},{'D1'},{'R3'},{'R1'},{'D3'},{'D5'},{'D7'},,,&,1.0,&
{'D2'},{'R2'},{'D1'},{'R3'},{'R1'},{'D3'},{'D6'},,,,&,1.0,&
{'D2'},{'R2'},{'D1'},{'R3'},{'R1'},{'D3'},{'D6'},{'D4'},{'D7'},{'D5'},&,1.0,&
{'D2'},{'R2'},{'D1'},{'R3'},{'R1'},{'D3'},{'D6'},{'D7'},,,&,1.0,&
{'D2'},{'R2'},{'D1'},{'R3'},{'D5'},,,,,,&,2.0,&
{'D2'},{'R2'},{'D1'},{'R3'},{'D5'},{'D7'},{'R1'},,,,&,1.0,&
{'D2'},{'R2'},{'D1'},{'R3'},{'D5'},{'D6'},{'D3'},,,,&,1.0,&
{'D2'},{'R2'},{'D1'},{'R3'},{'D5'},{'D3'},,,,,&,1.0,&
{'D2'},{'R2'},{'D1'},{'R3'},{'D5'},{'D3'},{'D6'},{'D7'},{'R1'},,&,1.0,&
{'D2'},{'R2'},{'D1'},{'R3'},{'D4'},{'D3'},,,,,&,1.0,&
{'D2'},{'R2'},{'D1'},{'R3'},{'D4'},{'D3'},{'D6'},{'D5'},{'D7'},{'R1'},&,1.0,&
{'D2'},{'R2'},{'D1'},{'R3'},{'D4'},{'R1'},{'D7'},{'D3'},,,&,1.0,&
{'D2'},{'R2'},{'D1'},{'R3'},{'D4'},{'R1'},{'D6'},{'D3'},{'D5'},{'D7'},&,1.0,&
{'D2'},{'R2'},{'D1'},{'D6'},,,,,,,&,5.0,&
{'D2'},{'R2'},{'D1'},{'D6'},{'D7'},{'D5'},{'R3'},{'D3'},{'D4'},{'R1'},&,1.0,&
{'D2'},{'R2'},{'D1'},{'D6'},{'D7'},{'R3'},{'R1'},,,,&,1.0,&
{'D2'},{'R2'},{'D1'},{'D6'},{'D3'},,,,,,&,2.0,&
{'D2'},{'R2'},{'D1'},{'D6'},{'D3'},{'D7'},{'D5'},{'D4'},,,&,1.0,&
{'D2'},{'R2'},{'D1'},{'D6'},{'D3'},{'D7'},{'D5'},{'D4'},{'R3'},{'R1'},&,1.0,&
{'D2'},{'R2'},{'D1'},{'D6'},{'D3'},{'R3'},{'D5'},{'R1'},{'D4'},{'D7'},&,1.0,&
{'D2'},{'R2'},{'D1'},{'D6'},{'D3'},{'R3'},{'R1'},,,,&,1.0,&
{'D2'},{'R2'},{'D1'},{'D6'},{'D3'},{'R1'},{'R3'},{'D4'},,,&,1.0,&
{'D2'},{'R2'},{'D1'},{'D6'},{'R1'},{'D3'},,,,,&,1.0,&
{'D2'},{'R2'},{'D1'},{'D6'},{'D5'},,,,,,&,2.0,&
{'D2'},{'R2'},{'D1'},{'D6'},{'D5'},{'D3'},,,,,&,1.0,&
{'D2'},{'R2'},{'D1'},{'D6'},{'R3'},,,,,,&,4.0,&
{'D2'},{'R2'},{'D1'},{'D6'},{'R3'},{'D5'},{'R1'},,,,&,1.0,&
{'D2'},{'R2'},{'D1'},{'D6'},{'R3'},{'D3'},{'D5'},,,,&,1.0,&
{'D2'},{'R2'},{'D1'},{'D6'},{'R3'},{'D3'},{'D5'},{'D7'},{'R1'},{'D4'},&,2.0,&
{'D2'},{'R2'},{'D1'},{'D6'},{'R3'},{'D3'},{'D4'},{'R1'},{'D5'},{'D7'},&,1.0,&
{'D2'},{'R2'},{'D1'},{'D6'},{'R3'},{'R1'},{'D3'},,,,&,2.0,&
{'D2'},{'R2'},{'D1'},{'D6'},{'R3'},{'R1'},{'D3'},{'D7'},{'D5'},{'D4'},&,1.0,&
{'D2'},{'R2'},{'D7'},,,,,,,,&,11.0,&
{'D2'},{'R2'},{'D7'},{'D1'},,,,,,,&,2.0,&
{'D2'},{'R2'},{'D7'},{'D1'},{'D6'},{'R3'},{'D3'},{'R1'},{'D5'},{'D4'},&,1.0,&
{'D2'},{'R2'},{'D7'},{'D1'},{'D3'},{'D6'},{'D4'},{'D5'},{'R3'},{'R1'},&,1.0,&
{'D2'},{'R2'},{'D7'},{'D1'},{'D3'},{'R3'},{'D5'},{'D6'},{'D4'},,&,1.0,&
{'D2'},{'R2'},{'D7'},{'D1'},{'R1'},{'R3'},,,,,&,1.0,&
{'D2'},{'R2'},{'D7'},{'D1'},{'R1'},{'D3'},{'R3'},{'D5'},,,&,1.0,&
{'D2'},{'R2'},{'D7'},{'D1'},{'R1'},{'D3'},{'D5'},{'D4'},{'D6'},,&,1.0,&
{'D2'},{'R2'},{'D7'},{'D1'},{'D5'},,,,,,&,1.0,&
{'D2'},{'R2'},{'D7'},{'D1'},{'D5'},{'D6'},,,,,&,1.0,&
{'D2'},{'R2'},{'D7'},{'D1'},{'R3'},,,,,,&,3.0,&
{'D2'},{'R2'},{'D7'},{'D1'},{'R3'},{'D5'},{'D3'},{'R1'},,,&,1.0,&
{'D2'},{'R2'},{'D7'},{'D1'},{'R3'},{'D3'},{'R1'},{'D6'},{'D5'},{'D4'},&,1.0,&
{'D2'},{'R2'},{'D7'},{'D1'},{'R3'},{'D3'},{'R1'},{'D6'},{'D4'},{'D5'},&,1.0,&
{'D2'},{'R2'},{'D7'},{'D1'},{'R3'},{'D3'},{'R1'},{'D5'},,,&,1.0,&
{'D2'},{'R2'},{'D7'},{'D1'},{'R3'},{'D4'},{'D3'},,,,&,1.0,&
{'D2'},{'R2'},{'D7'},{'D5'},{'D3'},{'D1'},,,,,&,1.0,&
{'D2'},{'R2'},{'D7'},{'D5'},{'D3'},{'D1'},{'R1'},{'R3'},{'D6'},{'D4'},&,1.0,&
{'D2'},{'R2'},{'D7'},{'D5'},{'D3'},{'D6'},{'R3'},{'R1'},{'D1'},{'D4'},&,1.0,&
{'D2'},{'R2'},{'D7'},{'D5'},{'D3'},{'R3'},,,,,&,1.0,&
{'D2'},{'R2'},{'D7'},{'D5'},{'R3'},,,,,,&,1.0,&
{'D2'},{'R2'},{'D7'},{'D5'},{'D1'},{'D3'},{'D6'},{'D4'},{'R3'},{'R1'},&,1.0,&
{'D2'},{'R2'},{'D7'},{'D3'},,,,,,,&,2.0,&
{'D2'},{'R2'},{'D7'},{'D3'},{'R1'},{'R3'},{'D6'},{'D1'},,,&,1.0,&
{'D2'},{'R2'},{'D7'},{'D3'},{'D5'},,,,,,&,1.0,&
{'D2'},{'R2'},{'D7'},{'D3'},{'R3'},{'D1'},{'D5'},{'D6'},{'R1'},{'D4'},&,1.0,&
{'D2'},{'R2'},{'D7'},{'D3'},{'R3'},{'D1'},{'D5'},{'R1'},,,&,1.0,&
{'D2'},{'R2'},{'D7'},{'D3'},{'R3'},{'R1'},,,,,&,2.0,&
{'D2'},{'R2'},{'D7'},{'D3'},{'R3'},{'R1'},{'D1'},{'D6'},,,&,1.0,&
{'D2'},{'R2'},{'D7'},{'D3'},{'D1'},,,,,,&,2.0,&
{'D2'},{'R2'},{'D7'},{'D3'},{'D1'},{'D5'},{'D6'},{'R3'},{'D4'},,&,1.0,&
{'D2'},{'R2'},{'D7'},{'D3'},{'D1'},{'D6'},{'R3'},{'R1'},{'D5'},,&,1.0,&
{'D2'},{'R2'},{'D7'},{'D3'},{'D1'},{'R3'},{'R1'},{'D5'},{'D6'},{'D4'},&,1.0,&
{'D2'},{'R2'},{'D7'},{'D3'},{'D1'},{'R1'},{'R3'},{'D5'},,,&,1.0,&
{'D2'},{'R2'},{'D7'},{'D3'},{'D4'},,,,,,&,1.0,&
{'D2'},{'R2'},{'D7'},{'R1'},{'D3'},,,,,,&,2.0,&
{'D2'},{'R2'},{'D7'},{'R1'},{'D3'},{'D1'},{'R3'},{'D6'},,,&,1.0,&
{'D2'},{'R2'},{'D7'},{'R1'},{'D3'},{'R3'},{'D6'},{'D1'},,,&,1.0,&
{'D2'},{'R2'},{'D7'},{'R3'},,,,,,,&,4.0,&
{'D2'},{'R2'},{'D7'},{'R3'},{'D6'},{'D1'},{'D3'},{'D5'},{'R1'},,&,1.0,&
{'D2'},{'R2'},{'D7'},{'R3'},{'D6'},{'R1'},{'D5'},{'D3'},{'D1'},{'D4'},&,1.0,&
{'D2'},{'R2'},{'D7'},{'R3'},{'D3'},,,,,,&,3.0,&
{'D2'},{'R2'},{'D7'},{'R3'},{'D3'},{'D1'},,,,,&,1.0,&
{'D2'},{'R2'},{'D7'},{'R3'},{'D3'},{'R1'},,,,,&,2.0,&
{'D2'},{'R2'},{'D7'},{'R3'},{'D3'},{'R1'},{'D1'},{'D6'},,,&,1.0,&
{'D2'},{'R2'},{'D7'},{'R3'},{'R1'},,,,,,&,3.0,&
{'D2'},{'R2'},{'D7'},{'R3'},{'R1'},{'D1'},,,,,&,1.0,&
{'D2'},{'R2'},{'D7'},{'R3'},{'R1'},{'D1'},{'D3'},{'D4'},{'D6'},,&,1.0,&
{'D2'},{'R2'},{'D7'},{'R3'},{'R1'},{'D1'},{'D3'},{'D5'},{'D6'},,&,1.0,&
{'D2'},{'R2'},{'D7'},{'R3'},{'R1'},{'D3'},{'D1'},,,,&,1.0,&
{'D2'},{'R2'},{'D7'},{'R3'},{'R1'},{'D3'},{'D6'},,,,&,1.0,&
{'D2'},{'R2'},{'D7'},{'R3'},{'D5'},{'D3'},{'D1'},{'R1'},,,&,1.0,&
{'D2'},{'R2'},{'D7'},{'R3'},{'D1'},,,,,,&,2.0,&
{'D2'},{'R2'},{'D7'},{'R3'},{'D1'},{'D3'},{'R1'},{'D6'},,,&,1.0,&
{'D2'},{'R2'},{'D7'},{'R3'},{'D1'},{'R1'},{'D3'},,,,&,1.0,&
{'D2'},{'R2'},{'D7'},{'D6'},,,,,,,&,1.0,&
{'D2'},{'R2'},{'D7'},{'D6'},{'D3'},{'R3'},{'D1'},{'R1'},{'D5'},{'D4'},&,1.0,&
{'D2'},{'R2'},{'D7'},{'D6'},{'R3'},{'D1'},{'R1'},,,,&,1.0,&
{'D2'},{'R2'},{'D7'},{'D6'},{'R3'},{'D3'},{'D5'},{'D1'},{'D4'},,&,1.0,&
{'D2'},{'R2'},{'D7'},{'D6'},{'D1'},{'D5'},{'D3'},{'R3'},{'D4'},,&,1.0,&
{'D2'},{'R2'},{'R3'},,,,,,,,&,116.0,&
{'D2'},{'R2'},{'R3'},{'D1'},,,,,,,&,20.0,&
{'D2'},{'R2'},{'R3'},{'D1'},{'D6'},,,,,,&,3.0,&
{'D2'},{'R2'},{'R3'},{'D1'},{'D6'},{'D3'},,,,,&,1.0,&
{'D2'},{'R2'},{'R3'},{'D1'},{'D6'},{'D3'},{'D5'},{'R1'},{'D4'},{'D7'},&,1.0,&
{'D2'},{'R2'},{'R3'},{'D1'},{'D6'},{'R1'},{'D5'},,,,&,1.0,&
{'D2'},{'R2'},{'R3'},{'D1'},{'D6'},{'R1'},{'D5'},{'D3'},,,&,1.0,&
{'D2'},{'R2'},{'R3'},{'D1'},{'D6'},{'R1'},{'D3'},,,,&,1.0,&
{'D2'},{'R2'},{'R3'},{'D1'},{'D7'},,,,,,&,5.0,&
{'D2'},{'R2'},{'R3'},{'D1'},{'D7'},{'D5'},{'D6'},{'D3'},{'D4'},{'R1'},&,1.0,&
{'D2'},{'R2'},{'R3'},{'D1'},{'D7'},{'D5'},{'D4'},{'D3'},{'D6'},{'R1'},&,1.0,&
{'D2'},{'R2'},{'R3'},{'D1'},{'D7'},{'D6'},{'R1'},{'D3'},{'D5'},{'D4'},&,1.0,&
{'D2'},{'R2'},{'R3'},{'D1'},{'D7'},{'D3'},{'D5'},,,,&,1.0,&
{'D2'},{'R2'},{'R3'},{'D1'},{'D7'},{'D3'},{'D5'},{'D6'},{'D4'},{'R1'},&,1.0,&
{'D2'},{'R2'},{'R3'},{'D1'},{'D7'},{'D3'},{'R1'},,,,&,1.0,&
{'D2'},{'R2'},{'R3'},{'D1'},{'D7'},{'R1'},{'D3'},,,,&,1.0,&
{'D2'},{'R2'},{'R3'},{'D1'},{'D3'},,,,,,&,9.0,&
{'D2'},{'R2'},{'R3'},{'D1'},{'D3'},{'D7'},,,,,&,2.0,&
{'D2'},{'R2'},{'R3'},{'D1'},{'D3'},{'D7'},{'D6'},{'R1'},,,&,1.0,&
{'D2'},{'R2'},{'R3'},{'D1'},{'D3'},{'D7'},{'D4'},{'R1'},{'D5'},{'D6'},&,1.0,&
{'D2'},{'R2'},{'R3'},{'D1'},{'D3'},{'D5'},,,,,&,3.0,&
{'D2'},{'R2'},{'R3'},{'D1'},{'D3'},{'D5'},{'R1'},{'D7'},{'D6'},,&,1.0,&
{'D2'},{'R2'},{'R3'},{'D1'},{'D3'},{'D5'},{'D4'},{'D7'},,,&,1.0,&
{'D2'},{'R2'},{'R3'},{'D1'},{'D3'},{'D5'},{'D4'},{'R1'},{'D6'},,&,1.0,&
{'D2'},{'R2'},{'R3'},{'D1'},{'D3'},{'D6'},,,,,&,2.0,&
{'D2'},{'R2'},{'R3'},{'D1'},{'D3'},{'D6'},{'D7'},{'D5'},,,&,1.0,&
{'D2'},{'R2'},{'R3'},{'D1'},{'D3'},{'D6'},{'D5'},{'R1'},,,&,2.0,&
{'D2'},{'R2'},{'R3'},{'D1'},{'D3'},{'D6'},{'R1'},,,,&,2.0,&
{'D2'},{'R2'},{'R3'},{'D1'},{'D3'},{'D6'},{'R1'},{'D7'},{'D5'},{'D4'},&,1.0,&
{'D2'},{'R2'},{'R3'},{'D1'},{'D3'},{'D6'},{'R1'},{'D5'},,,&,1.0,&
{'D2'},{'R2'},{'R3'},{'D1'},{'D3'},{'D6'},{'D4'},{'R1'},,,&,1.0,&
{'D2'},{'R2'},{'R3'},{'D1'},{'D3'},{'D6'},{'D4'},{'R1'},{'D5'},{'D7'},&,1.0,&
{'D2'},{'R2'},{'R3'},{'D1'},{'D3'},{'R1'},,,,,&,8.0,&
{'D2'},{'R2'},{'R3'},{'D1'},{'D3'},{'R1'},{'D7'},{'D5'},,,&,1.0,&
{'D2'},{'R2'},{'R3'},{'D1'},{'D3'},{'R1'},{'D5'},{'D6'},,,&,1.0,&
{'D2'},{'R2'},{'R3'},{'D1'},{'D3'},{'R1'},{'D5'},{'D6'},{'D7'},{'D4'},&,1.0,&
{'D2'},{'R2'},{'R3'},{'D1'},{'D3'},{'R1'},{'D5'},{'D6'},{'D4'},,&,1.0,&
{'D2'},{'R2'},{'R3'},{'D1'},{'D3'},{'R1'},{'D5'},{'D4'},{'D7'},{'D6'},&,1.0,&
{'D2'},{'R2'},{'R3'},{'D1'},{'D3'},{'R1'},{'D5'},{'D4'},{'D6'},{'D7'},&,1.0,&
{'D2'},{'R2'},{'R3'},{'D1'},{'D3'},{'R1'},{'D6'},,,,&,1.0,&
{'D2'},{'R2'},{'R3'},{'D1'},{'D3'},{'R1'},{'D6'},{'D5'},,,&,1.0,&
{'D2'},{'R2'},{'R3'},{'D1'},{'D3'},{'R1'},{'D4'},,,,&,1.0,&
{'D2'},{'R2'},{'R3'},{'D1'},{'D3'},{'R1'},{'D4'},{'D7'},,,&,1.0,&
{'D2'},{'R2'},{'R3'},{'D1'},{'D3'},{'D4'},{'D7'},{'D5'},,,&,1.0,&
{'D2'},{'R2'},{'R3'},{'D1'},{'D3'},{'D4'},{'D5'},{'D7'},,,&,1.0,&
{'D2'},{'R2'},{'R3'},{'D1'},{'R1'},,,,,,&,15.0,&
{'D2'},{'R2'},{'R3'},{'D1'},{'R1'},{'D7'},,,,,&,1.0,&
{'D2'},{'R2'},{'R3'},{'D1'},{'R1'},{'D7'},{'D6'},{'D3'},,,&,1.0,&
{'D2'},{'R2'},{'R3'},{'D1'},{'R1'},{'D7'},{'D6'},{'D3'},{'D5'},{'D4'},&,1.0,&
{'D2'},{'R2'},{'R3'},{'D1'},{'R1'},{'D7'},{'D3'},,,,&,1.0,&
{'D2'},{'R2'},{'R3'},{'D1'},{'R1'},{'D5'},{'D3'},{'D6'},,,&,2.0,&
{'D2'},{'R2'},{'R3'},{'D1'},{'R1'},{'D6'},,,,,&,3.0,&
{'D2'},{'R2'},{'R3'},{'D1'},{'R1'},{'D6'},{'D3'},,,,&,1.0,&
{'D2'},{'R2'},{'R3'},{'D1'},{'R1'},{'D6'},{'D3'},{'D4'},,,&,1.0,&
{'D2'},{'R2'},{'R3'},{'D1'},{'R1'},{'D6'},{'D3'},{'D7'},,,&,2.0,&
{'D2'},{'R2'},{'R3'},{'D1'},{'R1'},{'D3'},,,,,&,5.0,&
{'D2'},{'R2'},{'R3'},{'D1'},{'R1'},{'D3'},{'D7'},,,,&,1.0,&
{'D2'},{'R2'},{'R3'},{'D1'},{'R1'},{'D3'},{'D7'},{'D6'},,,&,1.0,&
{'D2'},{'R2'},{'R3'},{'D1'},{'R1'},{'D3'},{'D7'},{'D6'},{'D4'},{'D5'},&,1.0,&
{'D2'},{'R2'},{'R3'},{'D1'},{'R1'},{'D3'},{'D5'},,,,&,1.0,&
{'D2'},{'R2'},{'R3'},{'D1'},{'R1'},{'D3'},{'D5'},{'D6'},{'D7'},{'D4'},&,2.0,&
{'D2'},{'R2'},{'R3'},{'D1'},{'R1'},{'D3'},{'D5'},{'D7'},,,&,1.0,&
{'D2'},{'R2'},{'R3'},{'D1'},{'R1'},{'D3'},{'D5'},{'D7'},{'D6'},,&,1.0,&
{'D2'},{'R2'},{'R3'},{'D1'},{'R1'},{'D3'},{'D5'},{'D7'},{'D4'},,&,1.0,&
{'D2'},{'R2'},{'R3'},{'D1'},{'R1'},{'D3'},{'D6'},,,,&,2.0,&
{'D2'},{'R2'},{'R3'},{'D1'},{'R1'},{'D3'},{'D6'},{'D7'},{'D5'},,&,1.0,&
{'D2'},{'R2'},{'R3'},{'D1'},{'R1'},{'D3'},{'D6'},{'D7'},{'D4'},{'D5'},&,2.0,&
{'D2'},{'R2'},{'R3'},{'D1'},{'R1'},{'D3'},{'D6'},{'D5'},,,&,1.0,&
{'D2'},{'R2'},{'R3'},{'D1'},{'D5'},{'D7'},{'D3'},,,,&,1.0,&
{'D2'},{'R2'},{'R3'},{'D1'},{'D5'},{'D3'},{'R1'},{'D6'},{'D7'},,&,1.0,&
{'D2'},{'R2'},{'R3'},{'D1'},{'D5'},{'D3'},{'D6'},{'D7'},{'D4'},{'R1'},&,1.0,&
{'D2'},{'R2'},{'R3'},{'D1'},{'D5'},{'R1'},,,,,&,1.0,&
{'D2'},{'R2'},{'R3'},{'D1'},{'D5'},{'R1'},{'D3'},{'D7'},{'D6'},,&,1.0,&
{'D2'},{'R2'},{'R3'},{'D1'},{'D4'},,,,,,&,2.0,&
{'D2'},{'R2'},{'R3'},{'D5'},,,,,,,&,6.0,&
{'D2'},{'R2'},{'R3'},{'D5'},{'D7'},{'D1'},{'D3'},{'D6'},{'D4'},,&,1.0,&
{'D2'},{'R2'},{'R3'},{'D5'},{'D3'},,,,,,&,1.0,&
{'D2'},{'R2'},{'R3'},{'D5'},{'D3'},{'D1'},{'D6'},{'D4'},{'D7'},{'R1'},&,1.0,&
{'D2'},{'R2'},{'R3'},{'D5'},{'D3'},{'R1'},,,,,&,1.0,&
{'D2'},{'R2'},{'R3'},{'D5'},{'D3'},{'R1'},{'D1'},,,,&,1.0,&
{'D2'},{'R2'},{'R3'},{'D5'},{'R1'},,,,,,&,1.0,&
{'D2'},{'R2'},{'R3'},{'D5'},{'R1'},{'D1'},,,,,&,1.0,&
{'D2'},{'R2'},{'R3'},{'D5'},{'R1'},{'D1'},{'D3'},{'D6'},,,&,2.0,&
{'D2'},{'R2'},{'R3'},{'D5'},{'R1'},{'D1'},{'D3'},{'D7'},{'D6'},{'D4'},&,1.0,&
{'D2'},{'R2'},{'R3'},{'D5'},{'R1'},{'D6'},,,,,&,1.0,&
{'D2'},{'R2'},{'R3'},{'D5'},{'R1'},{'D3'},,,,,&,1.0,&
{'D2'},{'R2'},{'R3'},{'D5'},{'D1'},{'D7'},{'D3'},,,,&,1.0,&
{'D2'},{'R2'},{'R3'},{'D5'},{'D1'},{'D3'},{'D4'},,,,&,1.0,&
{'D2'},{'R2'},{'R3'},{'D5'},{'D1'},{'R1'},{'D6'},{'D3'},{'D7'},,&,1.0,&
{'D2'},{'R2'},{'R3'},{'D5'},{'D1'},{'D4'},{'D6'},,,,&,1.0,&
{'D2'},{'R2'},{'R3'},{'D5'},{'D1'},{'D4'},{'D3'},{'D7'},{'D6'},,&,1.0,&
{'D2'},{'R2'},{'R3'},{'D3'},,,,,,,&,22.0,&
{'D2'},{'R2'},{'R3'},{'D3'},{'D6'},,,,,,&,2.0,&
{'D2'},{'R2'},{'R3'},{'D3'},{'D6'},{'D1'},{'D5'},,,,&,1.0,&
{'D2'},{'R2'},{'R3'},{'D3'},{'D6'},{'D1'},{'D5'},{'R1'},,,&,2.0,&
{'D2'},{'R2'},{'R3'},{'D3'},{'D6'},{'D1'},{'R1'},{'D5'},{'D7'},,&,1.0,&
{'D2'},{'R2'},{'R3'},{'D3'},{'D6'},{'D1'},{'D4'},,,,&,1.0,&
{'D2'},{'R2'},{'R3'},{'D3'},{'D6'},{'D5'},{'D1'},{'D7'},{'D4'},,&,1.0,&
{'D2'},{'R2'},{'R3'},{'D3'},{'D6'},{'D5'},{'R1'},{'D1'},{'D7'},{'D4'},&,1.0,&
{'D2'},{'R2'},{'R3'},{'D3'},{'D6'},{'R1'},,,,,&,1.0,&
{'D2'},{'R2'},{'R3'},{'D3'},{'D6'},{'R1'},{'D5'},{'D1'},{'D4'},,&,1.0,&
{'D2'},{'R2'},{'R3'},{'D3'},{'D7'},{'D1'},,,,,&,1.0,&
{'D2'},{'R2'},{'R3'},{'D3'},{'D7'},{'D1'},{'D5'},,,,&,1.0,&
{'D2'},{'R2'},{'R3'},{'D3'},{'D7'},{'D1'},{'R1'},,,,&,1.0,&
{'D2'},{'R2'},{'R3'},{'D3'},{'D7'},{'D6'},{'D1'},{'D4'},{'D5'},,&,1.0,&
{'D2'},{'R2'},{'R3'},{'D3'},{'D7'},{'D6'},{'D1'},{'D4'},{'D5'},{'R1'},&,1.0,&
{'D2'},{'R2'},{'R3'},{'D3'},{'D7'},{'R1'},{'D1'},{'D6'},{'D4'},{'D5'},&,1.0,&
{'D2'},{'R2'},{'R3'},{'D3'},{'R1'},,,,,,&,11.0,&
{'D2'},{'R2'},{'R3'},{'D3'},{'R1'},{'D1'},,,,,&,8.0,&
{'D2'},{'R2'},{'R3'},{'D3'},{'R1'},{'D1'},{'D7'},,,,&,2.0,&
{'D2'},{'R2'},{'R3'},{'D3'},{'R1'},{'D1'},{'D7'},{'D6'},,,&,2.0,&
{'D2'},{'R2'},{'R3'},{'D3'},{'R1'},{'D1'},{'D7'},{'D6'},{'D5'},{'D4'},&,1.0,&
{'D2'},{'R2'},{'R3'},{'D3'},{'R1'},{'D1'},{'D7'},{'D5'},{'D6'},,&,1.0,&
{'D2'},{'R2'},{'R3'},{'D3'},{'R1'},{'D1'},{'D5'},,,,&,2.0,&
{'D2'},{'R2'},{'R3'},{'D3'},{'R1'},{'D1'},{'D5'},{'D6'},{'D7'},{'D4'},&,2.0,&
{'D2'},{'R2'},{'R3'},{'D3'},{'R1'},{'D1'},{'D5'},{'D6'},{'D4'},,&,1.0,&
{'D2'},{'R2'},{'R3'},{'D3'},{'R1'},{'D1'},{'D5'},{'D7'},,,&,1.0,&
{'D2'},{'R2'},{'R3'},{'D3'},{'R1'},{'D1'},{'D5'},{'D7'},{'D6'},,&,1.0,&
{'D2'},{'R2'},{'R3'},{'D3'},{'R1'},{'D1'},{'D5'},{'D7'},{'D6'},{'D4'},&,1.0,&
{'D2'},{'R2'},{'R3'},{'D3'},{'R1'},{'D1'},{'D6'},,,,&,2.0,&
{'D2'},{'R2'},{'R3'},{'D3'},{'R1'},{'D1'},{'D6'},{'D4'},{'D5'},,&,1.0,&
{'D2'},{'R2'},{'R3'},{'D3'},{'R1'},{'D1'},{'D4'},,,,&,1.0,&
{'D2'},{'R2'},{'R3'},{'D3'},{'R1'},{'D1'},{'D4'},{'D6'},{'D7'},{'D5'},&,1.0,&
{'D2'},{'R2'},{'R3'},{'D3'},{'R1'},{'D1'},{'D4'},{'D7'},,,&,1.0,&
{'D2'},{'R2'},{'R3'},{'D3'},{'R1'},{'D7'},{'D1'},,,,&,1.0,&
{'D2'},{'R2'},{'R3'},{'D3'},{'R1'},{'D7'},{'D1'},{'D5'},,,&,1.0,&
{'D2'},{'R2'},{'R3'},{'D3'},{'R1'},{'D7'},{'D1'},{'D5'},{'D6'},{'D4'},&,1.0,&
{'D2'},{'R2'},{'R3'},{'D3'},{'R1'},{'D7'},{'D1'},{'D5'},{'D4'},,&,1.0,&
{'D2'},{'R2'},{'R3'},{'D3'},{'R1'},{'D5'},,,,,&,1.0,&
{'D2'},{'R2'},{'R3'},{'D3'},{'R1'},{'D5'},{'D1'},{'D6'},,,&,1.0,&
{'D2'},{'R2'},{'R3'},{'D3'},{'R1'},{'D5'},{'D1'},{'D6'},{'D7'},,&,1.0,&
{'D2'},{'R2'},{'R3'},{'D3'},{'R1'},{'D6'},,,,,&,2.0,&
{'D2'},{'R2'},{'R3'},{'D3'},{'R1'},{'D6'},{'D5'},,,,&,1.0,&
{'D2'},{'R2'},{'R3'},{'D3'},{'R1'},{'D6'},{'D1'},,,,&,1.0,&
{'D2'},{'R2'},{'R3'},{'D3'},{'R1'},{'D6'},{'D1'},{'D7'},{'D5'},{'D4'},&,1.0,&
{'D2'},{'R2'},{'R3'},{'D3'},{'D5'},,,,,,&,1.0,&
{'D2'},{'R2'},{'R3'},{'D3'},{'D5'},{'R1'},,,,,&,1.0,&
{'D2'},{'R2'},{'R3'},{'D3'},{'D5'},{'R1'},{'D1'},,,,&,2.0,&
{'D2'},{'R2'},{'R3'},{'D3'},{'D5'},{'R1'},{'D1'},{'D6'},{'D7'},,&,1.0,&
{'D2'},{'R2'},{'R3'},{'D3'},{'D5'},{'R1'},{'D1'},{'D7'},,,&,1.0,&
{'D2'},{'R2'},{'R3'},{'D3'},{'D5'},{'R1'},{'D6'},{'D1'},,,&,1.0,&
{'D2'},{'R2'},{'R3'},{'D3'},{'D1'},,,,,,&,12.0,&
{'D2'},{'R2'},{'R3'},{'D3'},{'D1'},{'D7'},,,,,&,1.0,&
{'D2'},{'R2'},{'R3'},{'D3'},{'D1'},{'D7'},{'D5'},,,,&,1.0,&
{'D2'},{'R2'},{'R3'},{'D3'},{'D1'},{'D7'},{'D5'},{'D6'},{'D4'},,&,1.0,&
{'D2'},{'R2'},{'R3'},{'D3'},{'D1'},{'D7'},{'R1'},,,,&,1.0,&
{'D2'},{'R2'},{'R3'},{'D3'},{'D1'},{'D7'},{'D6'},{'D5'},{'R1'},,&,1.0,&
{'D2'},{'R2'},{'R3'},{'D3'},{'D1'},{'D5'},,,,,&,2.0,&
{'D2'},{'R2'},{'R3'},{'D3'},{'D1'},{'D5'},{'D7'},,,,&,1.0,&
{'D2'},{'R2'},{'R3'},{'D3'},{'D1'},{'D5'},{'D7'},{'R1'},,,&,1.0,&
{'D2'},{'R2'},{'R3'},{'D3'},{'D1'},{'D5'},{'R1'},,,,&,1.0,&
{'D2'},{'R2'},{'R3'},{'D3'},{'D1'},{'D5'},{'R1'},{'D7'},,,&,1.0,&
{'D2'},{'R2'},{'R3'},{'D3'},{'D1'},{'D5'},{'D4'},{'R1'},{'D7'},{'D6'},&,1.0,&
{'D2'},{'R2'},{'R3'},{'D3'},{'D1'},{'D6'},,,,,&,3.0,&
{'D2'},{'R2'},{'R3'},{'D3'},{'D1'},{'D6'},{'D5'},{'D7'},{'R1'},{'D4'},&,1.0,&
{'D2'},{'R2'},{'R3'},{'D3'},{'D1'},{'D6'},{'D5'},{'R1'},{'D7'},,&,1.0,&
{'D2'},{'R2'},{'R3'},{'D3'},{'D1'},{'D6'},{'D5'},{'R1'},{'D7'},{'D4'},&,1.0,&
{'D2'},{'R2'},{'R3'},{'D3'},{'D1'},{'D6'},{'R1'},,,,&,2.0,&
{'D2'},{'R2'},{'R3'},{'D3'},{'D1'},{'D6'},{'D4'},{'D5'},,,&,1.0,&
{'D2'},{'R2'},{'R3'},{'D3'},{'D1'},{'R1'},{'D7'},,,,&,2.0,&
{'D2'},{'R2'},{'R3'},{'D3'},{'D1'},{'R1'},{'D7'},{'D6'},,,&,1.0,&
{'D2'},{'R2'},{'R3'},{'D3'},{'D1'},{'R1'},{'D7'},{'D4'},{'D5'},{'D6'},&,1.0,&
{'D2'},{'R2'},{'R3'},{'D3'},{'D1'},{'R1'},{'D7'},{'D5'},,,&,1.0,&
{'D2'},{'R2'},{'R3'},{'D3'},{'D1'},{'R1'},{'D5'},,,,&,3.0,&
{'D2'},{'R2'},{'R3'},{'D3'},{'D1'},{'R1'},{'D5'},{'D6'},{'D4'},{'D7'},&,1.0,&
{'D2'},{'R2'},{'R3'},{'D3'},{'D1'},{'R1'},{'D6'},,,,&,4.0,&
{'D2'},{'R2'},{'R3'},{'D3'},{'D1'},{'R1'},{'D6'},{'D4'},,,&,1.0,&
{'D2'},{'R2'},{'R3'},{'D3'},{'D1'},{'R1'},{'D6'},{'D7'},{'D5'},,&,1.0,&
{'D2'},{'R2'},{'R3'},{'D3'},{'D1'},{'R1'},{'D4'},{'D5'},{'D7'},{'D6'},&,1.0,&
{'D2'},{'R2'},{'R3'},{'D3'},{'D1'},{'D4'},{'D7'},,,,&,1.0,&
{'D2'},{'R2'},{'R3'},{'D3'},{'D1'},{'D4'},{'D7'},{'D5'},,,&,1.0,&
{'D2'},{'R2'},{'R3'},{'D3'},{'D1'},{'D4'},{'R1'},,,,&,1.0,&
{'D2'},{'R2'},{'R3'},{'D3'},{'D1'},{'D4'},{'D6'},{'D7'},{'D5'},,&,1.0,&
{'D2'},{'R2'},{'R3'},{'D3'},{'D4'},,,,,,&,2.0,&
{'D2'},{'R2'},{'R3'},{'D3'},{'D4'},{'D1'},{'D6'},{'D7'},,,&,1.0,&
{'D2'},{'R2'},{'R3'},{'D4'},,,,,,,&,3.0,&
{'D2'},{'R2'},{'R3'},{'D4'},{'D6'},{'D7'},{'R1'},,,,&,1.0,&
{'D2'},{'R2'},{'R3'},{'D4'},{'D6'},{'R1'},,,,,&,2.0,&
{'D2'},{'R2'},{'R3'},{'D4'},{'D3'},,,,,,&,1.0,&
{'D2'},{'R2'},{'R3'},{'D4'},{'D3'},{'R1'},{'D7'},{'D1'},{'D6'},,&,1.0,&
{'D2'},{'R2'},{'R3'},{'D4'},{'D3'},{'R1'},{'D1'},,,,&,1.0,&
{'D2'},{'R2'},{'R3'},{'D4'},{'R1'},{'D6'},{'D3'},,,,&,1.0,&
{'D2'},{'R2'},{'R3'},{'D4'},{'R1'},{'D3'},{'D5'},{'D1'},,,&,1.0,&
{'D2'},{'R2'},{'R3'},{'D4'},{'R1'},{'D3'},{'D1'},,,,&,1.0,&
{'D2'},{'R2'},{'R3'},{'D4'},{'D1'},,,,,,&,1.0,&
{'D2'},{'R2'},{'R3'},{'D4'},{'D1'},{'D3'},,,,,&,1.0,&
{'D2'},{'R2'},{'R3'},{'D7'},,,,,,,&,1.0,&
{'D2'},{'R2'},{'R3'},{'D7'},{'D3'},,,,,,&,1.0,&
{'D2'},{'R2'},{'R3'},{'D7'},{'D3'},{'D1'},{'D6'},{'D5'},{'D4'},,&,1.0,&
{'D2'},{'R2'},{'R3'},{'D7'},{'D3'},{'R1'},,,,,&,1.0,&
{'D2'},{'R2'},{'R3'},{'D7'},{'R1'},,,,,,&,3.0,&
{'D2'},{'R2'},{'R3'},{'D7'},{'R1'},{'D1'},,,,,&,1.0,&
{'D2'},{'R2'},{'R3'},{'D7'},{'R1'},{'D1'},{'D3'},{'D5'},{'D6'},{'D4'},&,1.0,&
{'D2'},{'R2'},{'R3'},{'D7'},{'R1'},{'D5'},{'D3'},{'D1'},,,&,1.0,&
{'D2'},{'R2'},{'R3'},{'D7'},{'R1'},{'D6'},{'D3'},,,,&,1.0,&
{'D2'},{'R2'},{'R3'},{'D7'},{'R1'},{'D6'},{'D3'},{'D4'},{'D1'},{'D5'},&,1.0,&
{'D2'},{'R2'},{'R3'},{'D7'},{'R1'},{'D3'},{'D5'},,,,&,1.0,&
{'D2'},{'R2'},{'R3'},{'D7'},{'R1'},{'D3'},{'D1'},,,,&,1.0,&
{'D2'},{'R2'},{'R3'},{'D7'},{'D5'},{'D3'},{'R1'},{'D6'},,,&,1.0,&
{'D2'},{'R2'},{'R3'},{'D7'},{'D1'},{'D6'},{'R1'},{'D3'},{'D5'},{'D4'},&,1.0,&
{'D2'},{'R2'},{'R3'},{'D7'},{'D1'},{'D3'},{'R1'},{'D5'},{'D6'},,&,1.0,&
{'D2'},{'R2'},{'R3'},{'D7'},{'D1'},{'R1'},,,,,&,1.0,&
{'D2'},{'R2'},{'R3'},{'D7'},{'D1'},{'R1'},{'D3'},,,,&,1.0,&
{'D2'},{'R2'},{'R3'},{'D7'},{'D1'},{'R1'},{'D3'},{'D4'},,,&,1.0,&
{'D2'},{'R2'},{'R3'},{'R1'},,,,,,,&,36.0,&
{'D2'},{'R2'},{'R3'},{'R1'},{'D6'},,,,,,&,4.0,&
{'D2'},{'R2'},{'R3'},{'R1'},{'D6'},{'D1'},,,,,&,1.0,&
{'D2'},{'R2'},{'R3'},{'R1'},{'D6'},{'D1'},{'D5'},,,,&,1.0,&
{'D2'},{'R2'},{'R3'},{'R1'},{'D6'},{'D1'},{'D3'},{'D5'},,,&,1.0,&
{'D2'},{'R2'},{'R3'},{'R1'},{'D6'},{'D5'},{'D1'},{'D3'},{'D7'},{'D4'},&,1.0,&
{'D2'},{'R2'},{'R3'},{'R1'},{'D6'},{'D3'},,,,,&,1.0,&
{'D2'},{'R2'},{'R3'},{'R1'},{'D7'},,,,,,&,2.0,&
{'D2'},{'R2'},{'R3'},{'R1'},{'D7'},{'D1'},,,,,&,2.0,&
{'D2'},{'R2'},{'R3'},{'R1'},{'D7'},{'D5'},{'D1'},{'D3'},{'D6'},{'D4'},&,1.0,&
{'D2'},{'R2'},{'R3'},{'R1'},{'D7'},{'D3'},{'D1'},,,,&,1.0,&
{'D2'},{'R2'},{'R3'},{'R1'},{'D7'},{'D3'},{'D6'},{'D1'},,,&,1.0,&
{'D2'},{'R2'},{'R3'},{'R1'},{'D3'},,,,,,&,13.0,&
{'D2'},{'R2'},{'R3'},{'R1'},{'D3'},{'D1'},,,,,&,12.0,&
{'D2'},{'R2'},{'R3'},{'R1'},{'D3'},{'D1'},{'D7'},,,,&,1.0,&
{'D2'},{'R2'},{'R3'},{'R1'},{'D3'},{'D1'},{'D7'},{'D6'},,,&,2.0,&
{'D2'},{'R2'},{'R3'},{'R1'},{'D3'},{'D1'},{'D7'},{'D6'},{'D5'},,&,1.0,&
{'D2'},{'R2'},{'R3'},{'R1'},{'D3'},{'D1'},{'D7'},{'D5'},,,&,2.0,&
{'D2'},{'R2'},{'R3'},{'R1'},{'D3'},{'D1'},{'D7'},{'D5'},{'D6'},,&,1.0,&
{'D2'},{'R2'},{'R3'},{'R1'},{'D3'},{'D1'},{'D7'},{'D5'},{'D4'},,&,1.0,&
{'D2'},{'R2'},{'R3'},{'R1'},{'D3'},{'D1'},{'D5'},,,,&,2.0,&
{'D2'},{'R2'},{'R3'},{'R1'},{'D3'},{'D1'},{'D5'},{'D6'},,,&,1.0,&
{'D2'},{'R2'},{'R3'},{'R1'},{'D3'},{'D1'},{'D5'},{'D7'},,,&,1.0,&
{'D2'},{'R2'},{'R3'},{'R1'},{'D3'},{'D1'},{'D6'},,,,&,1.0,&
{'D2'},{'R2'},{'R3'},{'R1'},{'D3'},{'D1'},{'D4'},,,,&,2.0,&
{'D2'},{'R2'},{'R3'},{'R1'},{'D3'},{'D1'},{'D4'},{'D7'},{'D6'},{'D5'},&,1.0,&
{'D2'},{'R2'},{'R3'},{'R1'},{'D3'},{'D7'},,,,,&,2.0,&
{'D2'},{'R2'},{'R3'},{'R1'},{'D3'},{'D7'},{'D1'},{'D4'},,,&,1.0,&
{'D2'},{'R2'},{'R3'},{'R1'},{'D3'},{'D7'},{'D1'},{'D5'},{'D6'},,&,1.0,&
{'D2'},{'R2'},{'R3'},{'R1'},{'D3'},{'D7'},{'D1'},{'D5'},{'D6'},{'D4'},&,1.0,&
{'D2'},{'R2'},{'R3'},{'R1'},{'D3'},{'D7'},{'D4'},{'D1'},,,&,1.0,&
{'D2'},{'R2'},{'R3'},{'R1'},{'D3'},{'D5'},,,,,&,1.0,&
{'D2'},{'R2'},{'R3'},{'R1'},{'D3'},{'D6'},{'D7'},{'D1'},{'D5'},{'D4'},&,1.0,&
{'D2'},{'R2'},{'R3'},{'R1'},{'D3'},{'D6'},{'D5'},{'D1'},{'D4'},{'D7'},&,1.0,&
{'D2'},{'R2'},{'R3'},{'R1'},{'D3'},{'D6'},{'D1'},,,,&,1.0,&
{'D2'},{'R2'},{'R3'},{'R1'},{'D3'},{'D6'},{'D1'},{'D7'},{'D4'},,&,1.0,&
{'D2'},{'R2'},{'R3'},{'R1'},{'D3'},{'D6'},{'D1'},{'D5'},,,&,1.0,&
{'D2'},{'R2'},{'R3'},{'R1'},{'D3'},{'D4'},,,,,&,1.0,&
{'D2'},{'R2'},{'R3'},{'R1'},{'D5'},,,,,,&,2.0,&
{'D2'},{'R2'},{'R3'},{'R1'},{'D5'},{'D1'},,,,,&,2.0,&
{'D2'},{'R2'},{'R3'},{'R1'},{'D5'},{'D1'},{'D3'},,,,&,1.0,&
{'D2'},{'R2'},{'R3'},{'R1'},{'D5'},{'D1'},{'D3'},{'D6'},{'D7'},,&,1.0,&
{'D2'},{'R2'},{'R3'},{'R1'},{'D5'},{'D1'},{'D3'},{'D7'},{'D6'},{'D4'},&,1.0,&
{'D2'},{'R2'},{'R3'},{'R1'},{'D5'},{'D6'},,,,,&,1.0,&
{'D2'},{'R2'},{'R3'},{'R1'},{'D5'},{'D3'},,,,,&,1.0,&
{'D2'},{'R2'},{'R3'},{'R1'},{'D5'},{'D3'},{'D1'},,,,&,1.0,&
{'D2'},{'R2'},{'R3'},{'R1'},{'D5'},{'D3'},{'D1'},{'D7'},{'D6'},,&,1.0,&
{'D2'},{'R2'},{'R3'},{'R1'},{'D5'},{'D4'},{'D1'},{'D7'},{'D3'},{'D6'},&,1.0,&
{'D2'},{'R2'},{'R3'},{'R1'},{'D1'},,,,,,&,13.0,&
{'D2'},{'R2'},{'R3'},{'R1'},{'D1'},{'D7'},,,,,&,1.0,&
{'D2'},{'R2'},{'R3'},{'R1'},{'D1'},{'D7'},{'D5'},{'D3'},{'D4'},{'D6'},&,1.0,&
{'D2'},{'R2'},{'R3'},{'R1'},{'D1'},{'D7'},{'D6'},,,,&,1.0,&
{'D2'},{'R2'},{'R3'},{'R1'},{'D1'},{'D7'},{'D3'},,,,&,3.0,&
{'D2'},{'R2'},{'R3'},{'R1'},{'D1'},{'D5'},{'D7'},,,,&,1.0,&
{'D2'},{'R2'},{'R3'},{'R1'},{'D1'},{'D5'},{'D7'},{'D3'},{'D6'},,&,1.0,&
{'D2'},{'R2'},{'R3'},{'R1'},{'D1'},{'D5'},{'D3'},,,,&,2.0,&
{'D2'},{'R2'},{'R3'},{'R1'},{'D1'},{'D5'},{'D3'},{'D6'},,,&,1.0,&
{'D2'},{'R2'},{'R3'},{'R1'},{'D1'},{'D5'},{'D3'},{'D4'},{'D7'},,&,1.0,&
{'D2'},{'R2'},{'R3'},{'R1'},{'D1'},{'D5'},{'D3'},{'D7'},,,&,2.0,&
{'D2'},{'R2'},{'R3'},{'R1'},{'D1'},{'D5'},{'D3'},{'D7'},{'D6'},{'D4'},&,1.0,&
{'D2'},{'R2'},{'R3'},{'R1'},{'D1'},{'D6'},,,,,&,6.0,&
{'D2'},{'R2'},{'R3'},{'R1'},{'D1'},{'D6'},{'D5'},{'D7'},{'D3'},{'D4'},&,1.0,&
{'D2'},{'R2'},{'R3'},{'R1'},{'D1'},{'D6'},{'D3'},{'D7'},{'D5'},,&,1.0,&
{'D2'},{'R2'},{'R3'},{'R1'},{'D1'},{'D6'},{'D3'},{'D5'},,,&,1.0,&
{'D2'},{'R2'},{'R3'},{'R1'},{'D1'},{'D6'},{'D3'},{'D5'},{'D7'},,&,1.0,&
{'D2'},{'R2'},{'R3'},{'R1'},{'D1'},{'D3'},,,,,&,11.0,&
{'D2'},{'R2'},{'R3'},{'R1'},{'D1'},{'D3'},{'D7'},,,,&,2.0,&
{'D2'},{'R2'},{'R3'},{'R1'},{'D1'},{'D3'},{'D7'},{'D5'},,,&,1.0,&
{'D2'},{'R2'},{'R3'},{'R1'},{'D1'},{'D3'},{'D7'},{'D5'},{'D6'},,&,1.0,&
{'D2'},{'R2'},{'R3'},{'R1'},{'D1'},{'D3'},{'D7'},{'D5'},{'D6'},{'D4'},&,1.0,&
{'D2'},{'R2'},{'R3'},{'R1'},{'D1'},{'D3'},{'D5'},,,,&,4.0,&
{'D2'},{'R2'},{'R3'},{'R1'},{'D1'},{'D3'},{'D5'},{'D6'},{'D7'},{'D4'},&,1.0,&
{'D2'},{'R2'},{'R3'},{'R1'},{'D1'},{'D3'},{'D5'},{'D7'},,,&,1.0,&
{'D2'},{'R2'},{'R3'},{'R1'},{'D1'},{'D3'},{'D6'},,,,&,3.0,&
{'D2'},{'R2'},{'R3'},{'R1'},{'D1'},{'D3'},{'D6'},{'D4'},,,&,1.0,&
{'D2'},{'R2'},{'R3'},{'R1'},{'D1'},{'D3'},{'D6'},{'D5'},,,&,1.0,&
{'D2'},{'R2'},{'R3'},{'R1'},{'D1'},{'D3'},{'D6'},{'D5'},{'D7'},,&,1.0,&
{'D2'},{'R2'},{'R3'},{'R1'},{'D1'},{'D3'},{'D6'},{'D5'},{'D4'},{'D7'},&,2.0,&
{'D2'},{'R2'},{'R3'},{'R1'},{'D1'},{'D3'},{'D4'},{'D6'},,,&,1.0,&
{'D2'},{'R2'},{'R3'},{'R1'},{'D1'},{'D4'},,,,,&,2.0,&
{'D2'},{'R2'},{'R3'},{'R1'},{'D4'},,,,,,&,1.0,&
{'D2'},{'R2'},{'R3'},{'R1'},{'D4'},{'D5'},,,,,&,1.0,&
{'D2'},{'R2'},{'R3'},{'R1'},{'D4'},{'D6'},{'D5'},{'D3'},,,&,1.0,&
{'D2'},{'R2'},{'R3'},{'R1'},{'D4'},{'D3'},{'D1'},,,,&,1.0,&
{'D2'},{'R2'},{'R3'},{'D6'},,,,,,,&,7.0,&
{'D2'},{'R2'},{'R3'},{'D6'},{'D3'},{'D1'},,,,,&,1.0,&
{'D2'},{'R2'},{'R3'},{'D6'},{'D3'},{'D1'},{'D5'},,,,&,1.0,&
{'D2'},{'R2'},{'R3'},{'D6'},{'D3'},{'D1'},{'R1'},,,,&,1.0,&
{'D2'},{'R2'},{'R3'},{'D6'},{'D3'},{'D5'},{'D7'},{'D1'},{'R1'},,&,1.0,&
{'D2'},{'R2'},{'R3'},{'D6'},{'D3'},{'R1'},,,,,&,1.0,&
{'D2'},{'R2'},{'R3'},{'D6'},{'D3'},{'R1'},{'D1'},{'D7'},,,&,1.0,&
{'D2'},{'R2'},{'R3'},{'D6'},{'D3'},{'R1'},{'D1'},{'D5'},{'D4'},{'D7'},&,1.0,&
{'D2'},{'R2'},{'R3'},{'D6'},{'R1'},,,,,,&,6.0,&
{'D2'},{'R2'},{'R3'},{'D6'},{'R1'},{'D1'},{'D5'},{'D7'},,,&,1.0,&
{'D2'},{'R2'},{'R3'},{'D6'},{'R1'},{'D1'},{'D3'},,,,&,1.0,&
{'D2'},{'R2'},{'R3'},{'D6'},{'R1'},{'D3'},{'D5'},,,,&,1.0,&
{'D2'},{'R2'},{'R3'},{'D6'},{'R1'},{'D3'},{'D1'},{'D5'},{'D7'},,&,2.0,&
{'D2'},{'R2'},{'R3'},{'D6'},{'D1'},,,,,,&,1.0,&
{'D2'},{'R2'},{'R3'},{'D6'},{'D1'},{'D7'},{'D3'},{'D5'},,,&,1.0,&
{'D2'},{'R2'},{'R3'},{'D6'},{'D1'},{'D5'},{'D3'},{'D7'},{'D4'},{'R1'},&,1.0,&
{'D2'},{'R2'},{'R3'},{'D6'},{'D1'},{'R1'},{'D7'},{'D4'},{'D3'},{'D5'},&,1.0,&
{'D2'},{'R2'},{'R3'},{'D6'},{'D1'},{'R1'},{'D3'},{'D5'},{'D7'},{'D4'},&,1.0,&
{'D2'},{'R2'},{'R3'},{'D6'},{'D1'},{'R1'},{'D3'},{'D5'},{'D4'},,&,1.0,&
{'D2'},{'R2'},{'D4'},,,,,,,,&,1.0,&
{'D2'},{'R2'},{'D4'},{'D1'},{'D3'},{'R3'},{'R1'},,,,&,1.0,&
{'D2'},{'R2'},{'D4'},{'D1'},{'R3'},,,,,,&,1.0,&
{'D2'},{'R2'},{'D4'},{'D5'},{'D6'},,,,,,&,1.0,&
{'D2'},{'R2'},{'D4'},{'D5'},{'D3'},{'D1'},{'D7'},,,,&,1.0,&
{'D2'},{'R2'},{'D4'},{'D5'},{'D3'},{'D1'},{'R3'},{'R1'},{'D6'},,&,1.0,&
{'D2'},{'R2'},{'D4'},{'D5'},{'D3'},{'R3'},,,,,&,1.0,&
{'D2'},{'R2'},{'D4'},{'D3'},,,,,,,&,1.0,&
{'D2'},{'R2'},{'D4'},{'D3'},{'D6'},{'D1'},{'D7'},{'D5'},,,&,1.0,&
{'D2'},{'R2'},{'D4'},{'D3'},{'R3'},{'D1'},{'D5'},{'R1'},,,&,1.0,&
{'D2'},{'R2'},{'D4'},{'D3'},{'R3'},{'R1'},,,,,&,1.0,&
{'D2'},{'R2'},{'D4'},{'D3'},{'R3'},{'R1'},{'D1'},,,,&,1.0,&
{'D2'},{'R2'},{'D4'},{'D7'},,,,,,,&,2.0,&
{'D2'},{'R2'},{'D4'},{'R1'},{'D5'},{'R3'},{'D3'},{'D1'},{'D7'},{'D6'},&,1.0,&
{'D2'},{'R2'},{'D4'},{'R1'},{'D5'},{'D3'},{'D6'},{'R3'},{'D1'},,&,1.0,&
{'D2'},{'R2'},{'D4'},{'R1'},{'D1'},,,,,,&,1.0,&
{'D2'},{'R2'},{'D4'},{'R3'},,,,,,,&,2.0,&
{'D2'},{'R2'},{'D4'},{'R3'},{'D3'},,,,,,&,1.0,&
{'D2'},{'R2'},{'D4'},{'R3'},{'D3'},{'D1'},{'D5'},,,,&,1.0,&
{'D2'},{'R2'},{'D4'},{'R3'},{'R1'},,,,,,&,2.0,&
{'D2'},{'R2'},{'D4'},{'R3'},{'R1'},{'D1'},{'D7'},{'D3'},{'D6'},{'D5'},&,1.0,&
{'D2'},{'R2'},{'D4'},{'R3'},{'R1'},{'D3'},{'D1'},{'D5'},,,&,1.0,&
{'D2'},{'R2'},{'D4'},{'R3'},{'D1'},{'R1'},{'D3'},,,,&,1.0,&
{'D2'},{'R2'},{'D4'},{'R3'},{'D1'},{'R1'},{'D3'},{'D5'},,,&,1.0,&
{'D2'},{'R2'},{'D4'},{'D6'},{'R3'},{'D3'},{'D1'},{'R1'},{'D5'},,&,1.0,&
{'D2'},{'D6'},,,,,,,,,&,75.0,&
{'D2'},{'D6'},{'R1'},,,,,,,,&,5.0,&
{'D2'},{'D6'},{'R1'},{'R2'},,,,,,,&,1.0,&
{'D2'},{'D6'},{'R1'},{'R2'},{'D1'},{'D3'},,,,,&,1.0,&
{'D2'},{'D6'},{'R1'},{'D1'},,,,,,,&,1.0,&
{'D2'},{'D6'},{'R1'},{'D1'},{'D7'},{'R3'},,,,,&,1.0,&
{'D2'},{'D6'},{'R1'},{'D1'},{'D3'},{'R2'},{'R3'},,,,&,1.0,&
{'D2'},{'D6'},{'R1'},{'D1'},{'D3'},{'R3'},,,,,&,1.0,&
{'D2'},{'D6'},{'R1'},{'D1'},{'D5'},{'R3'},,,,,&,1.0,&
{'D2'},{'D6'},{'R1'},{'D1'},{'R3'},{'D5'},{'R2'},{'D3'},,,&,1.0,&
{'D2'},{'D6'},{'R1'},{'D1'},{'R3'},{'R2'},,,,,&,1.0,&
{'D2'},{'D6'},{'R1'},{'D1'},{'R2'},{'R3'},{'D3'},,,,&,1.0,&
{'D2'},{'D6'},{'R1'},{'D1'},{'R2'},{'R3'},{'D3'},{'D7'},{'D5'},{'D4'},&,1.0,&
{'D2'},{'D6'},{'R1'},{'D5'},,,,,,,&,1.0,&
{'D2'},{'D6'},{'R1'},{'D3'},,,,,,,&,1.0,&
{'D2'},{'D6'},{'R1'},{'D3'},{'D5'},{'R2'},{'R3'},{'D1'},{'D7'},{'D4'},&,1.0,&
{'D2'},{'D6'},{'R1'},{'D3'},{'R3'},,,,,,&,1.0,&
{'D2'},{'D6'},{'R1'},{'D3'},{'R3'},{'D1'},,,,,&,1.0,&
{'D2'},{'D6'},{'R1'},{'D3'},{'R3'},{'D1'},{'D5'},{'R2'},,,&,1.0,&
{'D2'},{'D6'},{'R1'},{'D3'},{'R2'},,,,,,&,1.0,&
{'D2'},{'D6'},{'R1'},{'D3'},{'R2'},{'R3'},{'D7'},{'D5'},,,&,1.0,&
{'D2'},{'D6'},{'R1'},{'D4'},{'D1'},{'R2'},{'D3'},{'D5'},{'R3'},,&,1.0,&
{'D2'},{'D6'},{'R1'},{'D4'},{'D1'},{'R3'},{'R2'},{'D3'},,,&,1.0,&
{'D2'},{'D6'},{'R1'},{'D7'},,,,,,,&,1.0,&
{'D2'},{'D6'},{'R1'},{'R3'},{'D3'},{'D1'},,,,,&,1.0,&
{'D2'},{'D6'},{'R1'},{'R3'},{'D1'},,,,,,&,1.0,&
{'D2'},{'D6'},{'R1'},{'R3'},{'D1'},{'D3'},{'D5'},{'D7'},,,&,1.0,&
{'D2'},{'D6'},{'R1'},{'R3'},{'R2'},,,,,,&,1.0,&
{'D2'},{'D6'},{'R1'},{'R3'},{'R2'},{'D3'},,,,,&,1.0,&
{'D2'},{'D6'},{'D3'},,,,,,,,&,31.0,&
{'D2'},{'D6'},{'D3'},{'R2'},,,,,,,&,4.0,&
{'D2'},{'D6'},{'D3'},{'R2'},{'D7'},{'R3'},,,,,&,1.0,&
{'D2'},{'D6'},{'D3'},{'R2'},{'D7'},{'R3'},{'D1'},{'R1'},{'D5'},{'D4'},&,1.0,&
{'D2'},{'D6'},{'D3'},{'R2'},{'D7'},{'R3'},{'R1'},,,,&,1.0,&
{'D2'},{'D6'},{'D3'},{'R2'},{'R1'},,,,,,&,1.0,&
{'D2'},{'D6'},{'D3'},{'R2'},{'R1'},{'D1'},{'D7'},,,,&,1.0,&
{'D2'},{'D6'},{'D3'},{'R2'},{'R1'},{'D1'},{'R3'},{'D5'},{'D4'},{'D7'},&,1.0,&
{'D2'},{'D6'},{'D3'},{'R2'},{'R1'},{'D7'},{'D5'},{'R3'},{'D1'},,&,1.0,&
{'D2'},{'D6'},{'D3'},{'R2'},{'D5'},{'D1'},{'R3'},{'R1'},,,&,1.0,&
{'D2'},{'D6'},{'D3'},{'R2'},{'D5'},{'D1'},{'D4'},{'D7'},,,&,1.0,&
{'D2'},{'D6'},{'D3'},{'R2'},{'D5'},{'R1'},{'R3'},{'D1'},{'D7'},{'D4'},&,1.0,&
{'D2'},{'D6'},{'D3'},{'R2'},{'R3'},{'R1'},,,,,&,1.0,&
{'D2'},{'D6'},{'D3'},{'R2'},{'R3'},{'R1'},{'D7'},{'D5'},{'D1'},,&,1.0,&
{'D2'},{'D6'},{'D3'},{'R2'},{'R3'},{'R1'},{'D1'},{'D5'},,,&,1.0,&
{'D2'},{'D6'},{'D3'},{'R2'},{'R3'},{'D4'},{'D1'},,,,&,1.0,&
{'D2'},{'D6'},{'D3'},{'R2'},{'D1'},,,,,,&,1.0,&
{'D2'},{'D6'},{'D3'},{'R2'},{'D1'},{'D7'},{'R3'},,,,&,1.0,&
{'D2'},{'D6'},{'D3'},{'R2'},{'D1'},{'D7'},{'R3'},{'R1'},,,&,1.0,&
{'D2'},{'D6'},{'D3'},{'R2'},{'D1'},{'D7'},{'D5'},{'D4'},{'R3'},,&,1.0,&
{'D2'},{'D6'},{'D3'},{'R2'},{'D1'},{'D7'},{'D5'},{'R3'},{'D4'},{'R1'},&,1.0,&
{'D2'},{'D6'},{'D3'},{'R2'},{'D1'},{'D5'},,,,,&,1.0,&
{'D2'},{'D6'},{'D3'},{'R2'},{'D1'},{'D5'},{'D7'},,,,&,1.0,&
{'D2'},{'D6'},{'D3'},{'R2'},{'D1'},{'D5'},{'D7'},{'D4'},,,&,1.0,&
{'D2'},{'D6'},{'D3'},{'R2'},{'D1'},{'D5'},{'R3'},{'D4'},,,&,1.0,&
{'D2'},{'D6'},{'D3'},{'R2'},{'D1'},{'D5'},{'D4'},{'D7'},,,&,1.0,&
{'D2'},{'D6'},{'D3'},{'R2'},{'D1'},{'R3'},,,,,&,1.0,&
{'D2'},{'D6'},{'D3'},{'R2'},{'D1'},{'R1'},{'D4'},{'D7'},,,&,1.0,&
{'D2'},{'D6'},{'D3'},{'R2'},{'D1'},{'D4'},,,,,&,1.0,&
{'D2'},{'D6'},{'D3'},{'R2'},{'D4'},{'D1'},{'R3'},{'D7'},{'D5'},,&,1.0,&
{'D2'},{'D6'},{'D3'},{'R2'},{'D4'},{'R3'},{'D1'},,,,&,1.0,&
{'D2'},{'D6'},{'D3'},{'D1'},,,,,,,&,15.0,&
{'D2'},{'D6'},{'D3'},{'D1'},{'D7'},,,,,,&,1.0,&
{'D2'},{'D6'},{'D3'},{'D1'},{'D7'},{'D5'},{'R3'},,,,&,1.0,&
{'D2'},{'D6'},{'D3'},{'D1'},{'D7'},{'R2'},,,,,&,1.0,&
{'D2'},{'D6'},{'D3'},{'D1'},{'D7'},{'R2'},{'R3'},{'D4'},{'D5'},,&,1.0,&
{'D2'},{'D6'},{'D3'},{'D1'},{'D7'},{'R1'},,,,,&,1.0,&
{'D2'},{'D6'},{'D3'},{'D1'},{'D7'},{'D4'},,,,,&,1.0,&
{'D2'},{'D6'},{'D3'},{'D1'},{'D7'},{'D4'},{'D5'},{'R3'},{'R2'},,&,1.0,&
{'D2'},{'D6'},{'D3'},{'D1'},{'R1'},{'R3'},{'D5'},{'D7'},,,&,1.0,&
{'D2'},{'D6'},{'D3'},{'D1'},{'D5'},,,,,,&,1.0,&
{'D2'},{'D6'},{'D3'},{'D1'},{'D5'},{'D7'},,,,,&,1.0,&
{'D2'},{'D6'},{'D3'},{'D1'},{'D5'},{'D7'},{'R1'},{'R2'},{'R3'},{'D4'},&,1.0,&
{'D2'},{'D6'},{'D3'},{'D1'},{'D5'},{'D7'},{'D4'},{'R2'},,,&,1.0,&
{'D2'},{'D6'},{'D3'},{'D1'},{'D5'},{'R2'},,,,,&,1.0,&
{'D2'},{'D6'},{'D3'},{'D1'},{'D5'},{'R2'},{'R3'},{'R1'},,,&,1.0,&
{'D2'},{'D6'},{'D3'},{'D1'},{'D5'},{'R2'},{'R3'},{'R1'},{'D7'},,&,1.0,&
{'D2'},{'D6'},{'D3'},{'D1'},{'D5'},{'R2'},{'R1'},{'D7'},{'R3'},,&,1.0,&
{'D2'},{'D6'},{'D3'},{'D1'},{'D5'},{'R2'},{'R1'},{'R3'},{'D7'},{'D4'},&,1.0,&
{'D2'},{'D6'},{'D3'},{'D1'},{'D5'},{'R3'},,,,,&,1.0,&
{'D2'},{'D6'},{'D3'},{'D1'},{'D5'},{'R3'},{'D4'},,,,&,1.0,&
{'D2'},{'D6'},{'D3'},{'D1'},{'D5'},{'D4'},{'R3'},{'R2'},{'D7'},{'R1'},&,1.0,&
{'D2'},{'D6'},{'D3'},{'D1'},{'R3'},,,,,,&,1.0,&
{'D2'},{'D6'},{'D3'},{'D1'},{'R3'},{'D5'},,,,,&,2.0,&
{'D2'},{'D6'},{'D3'},{'D1'},{'R3'},{'D5'},{'D7'},{'D4'},{'R2'},{'R1'},&,1.0,&
{'D2'},{'D6'},{'D3'},{'D1'},{'R3'},{'R2'},{'D5'},{'D4'},{'R1'},{'D7'},&,1.0,&
{'D2'},{'D6'},{'D3'},{'D1'},{'R3'},{'R2'},{'D5'},{'D7'},{'R1'},,&,1.0,&
{'D2'},{'D6'},{'D3'},{'D1'},{'R3'},{'R2'},{'D5'},{'R1'},{'D7'},,&,1.0,&
{'D2'},{'D6'},{'D3'},{'D1'},{'R3'},{'D4'},{'D5'},{'D7'},,,&,1.0,&
{'D2'},{'D6'},{'D3'},{'D1'},{'R2'},,,,,,&,2.0,&
{'D2'},{'D6'},{'D3'},{'D1'},{'R2'},{'D7'},{'R3'},{'R1'},{'D5'},,&,1.0,&
{'D2'},{'D6'},{'D3'},{'D1'},{'R2'},{'D5'},,,,,&,2.0,&
{'D2'},{'D6'},{'D3'},{'D1'},{'R2'},{'D5'},{'D7'},,,,&,1.0,&
{'D2'},{'D6'},{'D3'},{'D1'},{'R2'},{'D5'},{'D4'},{'D7'},,,&,1.0,&
{'D2'},{'D6'},{'D3'},{'D1'},{'R2'},{'R1'},{'D7'},{'R3'},{'D5'},{'D4'},&,1.0,&
{'D2'},{'D6'},{'D3'},{'D1'},{'D4'},{'R2'},{'R3'},{'R1'},,,&,1.0,&
{'D2'},{'D6'},{'D3'},{'D5'},,,,,,,&,1.0,&
{'D2'},{'D6'},{'D3'},{'D5'},{'D7'},{'R3'},,,,,&,1.0,&
{'D2'},{'D6'},{'D3'},{'D5'},{'R1'},{'R2'},{'D1'},,,,&,1.0,&
{'D2'},{'D6'},{'D3'},{'D5'},{'D1'},,,,,,&,1.0,&
{'D2'},{'D6'},{'D3'},{'D5'},{'D1'},{'D7'},{'R3'},{'D4'},{'R2'},{'R1'},&,1.0,&
{'D2'},{'D6'},{'D3'},{'D5'},{'D1'},{'R2'},{'R1'},{'D4'},{'D7'},,&,1.0,&
{'D2'},{'D6'},{'D3'},{'D5'},{'D1'},{'R3'},,,,,&,1.0,&
{'D2'},{'D6'},{'D3'},{'D5'},{'D1'},{'R3'},{'D7'},{'D4'},,,&,1.0,&
{'D2'},{'D6'},{'D3'},{'D5'},{'D1'},{'R3'},{'D4'},{'D7'},{'R2'},{'R1'},&,1.0,&
{'D2'},{'D6'},{'D3'},{'D5'},{'D1'},{'D4'},{'R2'},{'R3'},{'D7'},{'R1'},&,1.0,&
{'D2'},{'D6'},{'D3'},{'D5'},{'R2'},{'D1'},{'D7'},{'D4'},,,&,1.0,&
{'D2'},{'D6'},{'D3'},{'D4'},,,,,,,&,2.0,&
{'D2'},{'D6'},{'D3'},{'D4'},{'D1'},{'R3'},{'D5'},{'R2'},,,&,1.0,&
{'D2'},{'D6'},{'D3'},{'D7'},,,,,,,&,2.0,&
{'D2'},{'D6'},{'D3'},{'D7'},{'R3'},,,,,,&,1.0,&
{'D2'},{'D6'},{'D3'},{'D7'},{'R3'},{'R2'},{'D1'},,,,&,1.0,&
{'D2'},{'D6'},{'D3'},{'D7'},{'D1'},,,,,,&,1.0,&
{'D2'},{'D6'},{'D3'},{'D7'},{'D1'},{'R3'},,,,,&,1.0,&
{'D2'},{'D6'},{'D3'},{'D7'},{'R2'},{'D1'},{'R3'},{'D4'},{'D5'},,&,1.0,&
{'D2'},{'D6'},{'D3'},{'D7'},{'R2'},{'D1'},{'R3'},{'D4'},{'D5'},{'R1'},&,1.0,&
{'D2'},{'D6'},{'D3'},{'D7'},{'R2'},{'D1'},{'R1'},{'R3'},{'D5'},,&,1.0,&
{'D2'},{'D6'},{'D3'},{'D7'},{'R2'},{'D4'},{'D1'},{'D5'},{'R3'},{'R1'},&,1.0,&
{'D2'},{'D6'},{'D3'},{'R1'},{'R2'},{'R3'},{'D1'},{'D7'},{'D5'},{'D4'},&,1.0,&
{'D2'},{'D6'},{'D3'},{'R3'},,,,,,,&,4.0,&
{'D2'},{'D6'},{'D3'},{'R3'},{'D7'},{'D1'},{'D5'},{'D4'},,,&,1.0,&
{'D2'},{'D6'},{'D3'},{'R3'},{'D7'},{'R2'},{'D1'},{'R1'},{'D4'},{'D5'},&,1.0,&
{'D2'},{'D6'},{'D3'},{'R3'},{'R1'},{'D1'},{'D5'},{'D7'},{'D4'},{'R2'},&,1.0,&
{'D2'},{'D6'},{'D3'},{'R3'},{'D5'},{'D1'},,,,,&,1.0,&
{'D2'},{'D6'},{'D3'},{'R3'},{'D5'},{'R2'},{'D1'},,,,&,1.0,&
{'D2'},{'D6'},{'D3'},{'R3'},{'D5'},{'R2'},{'R1'},{'D1'},{'D7'},,&,1.0,&
{'D2'},{'D6'},{'D3'},{'R3'},{'D1'},,,,,,&,2.0,&
{'D2'},{'D6'},{'D3'},{'R3'},{'D1'},{'D7'},{'D5'},,,,&,2.0,&
{'D2'},{'D6'},{'D3'},{'R3'},{'D1'},{'D7'},{'D5'},{'D4'},{'R2'},{'R1'},&,1.0,&
{'D2'},{'D6'},{'D3'},{'R3'},{'D1'},{'D7'},{'R2'},{'R1'},,,&,1.0,&
{'D2'},{'D6'},{'D3'},{'R3'},{'D1'},{'D5'},,,,,&,1.0,&
{'D2'},{'D6'},{'D3'},{'R3'},{'D1'},{'D5'},{'R2'},{'D7'},{'D4'},{'R1'},&,1.0,&
{'D2'},{'D6'},{'D3'},{'R3'},{'D1'},{'R2'},,,,,&,1.0,&
{'D2'},{'D6'},{'D3'},{'R3'},{'D1'},{'R2'},{'R1'},,,,&,1.0,&
{'D2'},{'D6'},{'D3'},{'R3'},{'D1'},{'D4'},{'D7'},{'D5'},,,&,1.0,&
{'D2'},{'D6'},{'D3'},{'R3'},{'R2'},,,,,,&,1.0,&
{'D2'},{'D6'},{'D3'},{'R3'},{'R2'},{'D1'},{'D5'},{'R1'},{'D7'},{'D4'},&,1.0,&
{'D2'},{'D6'},{'D3'},{'R3'},{'R2'},{'D1'},{'D4'},{'R1'},{'D5'},,&,1.0,&
{'D2'},{'D6'},{'D3'},{'R3'},{'R2'},{'R1'},,,,,&,1.0,&
{'D2'},{'D6'},{'D5'},,,,,,,,&,4.0,&
{'D2'},{'D6'},{'D5'},{'R2'},,,,,,,&,1.0,&
{'D2'},{'D6'},{'D5'},{'R2'},{'D3'},,,,,,&,1.0,&
{'D2'},{'D6'},{'D5'},{'R2'},{'D3'},{'R3'},{'D1'},{'R1'},{'D7'},,&,1.0,&
{'D2'},{'D6'},{'D5'},{'R2'},{'D1'},{'D3'},,,,,&,1.0,&
{'D2'},{'D6'},{'D5'},{'D1'},,,,,,,&,3.0,&
{'D2'},{'D6'},{'D5'},{'D3'},,,,,,,&,2.0,&
{'D2'},{'D6'},{'D5'},{'D3'},{'D1'},,,,,,&,1.0,&
{'D2'},{'D6'},{'D5'},{'D3'},{'D1'},{'R2'},{'R3'},{'R1'},{'D4'},,&,1.0,&
{'D2'},{'D6'},{'D5'},{'D3'},{'R2'},,,,,,&,2.0,&
{'D2'},{'D6'},{'D5'},{'D3'},{'R2'},{'R3'},{'R1'},{'D1'},,,&,1.0,&
{'D2'},{'D6'},{'D5'},{'D3'},{'D4'},{'D1'},,,,,&,1.0,&
{'D2'},{'D6'},{'D5'},{'D7'},{'R1'},{'R2'},,,,,&,1.0,&
{'D2'},{'D6'},{'D5'},{'R1'},,,,,,,&,1.0,&
{'D2'},{'D6'},{'D5'},{'R1'},{'D3'},{'D1'},{'R3'},,,,&,1.0,&
{'D2'},{'D6'},{'D5'},{'R3'},,,,,,,&,1.0,&
{'D2'},{'D6'},{'D5'},{'R3'},{'D1'},{'D3'},{'R2'},{'D7'},{'D4'},,&,1.0,&
{'D2'},{'D6'},{'D5'},{'R3'},{'D1'},{'D3'},{'D4'},{'D7'},,,&,1.0,&
{'D2'},{'D6'},{'D5'},{'R3'},{'R2'},,,,,,&,1.0,&
{'D2'},{'D6'},{'D1'},,,,,,,,&,35.0,&
{'D2'},{'D6'},{'D1'},{'R2'},,,,,,,&,7.0,&
{'D2'},{'D6'},{'D1'},{'R2'},{'D7'},{'R3'},,,,,&,1.0,&
{'D2'},{'D6'},{'D1'},{'R2'},{'D7'},{'D3'},,,,,&,1.0,&
{'D2'},{'D6'},{'D1'},{'R2'},{'D7'},{'D3'},{'R3'},{'R1'},,,&,1.0,&
{'D2'},{'D6'},{'D1'},{'R2'},{'D3'},,,,,,&,3.0,&
{'D2'},{'D6'},{'D1'},{'R2'},{'D3'},{'D7'},{'D4'},{'D5'},,,&,1.0,&
{'D2'},{'D6'},{'D1'},{'R2'},{'D3'},{'D5'},{'R3'},,,,&,1.0,&
{'D2'},{'D6'},{'D1'},{'R2'},{'D3'},{'R3'},,,,,&,1.0,&
{'D2'},{'D6'},{'D1'},{'R2'},{'D3'},{'R3'},{'R1'},,,,&,1.0,&
{'D2'},{'D6'},{'D1'},{'R2'},{'D5'},{'R3'},{'R1'},{'D7'},{'D3'},{'D4'},&,1.0,&
{'D2'},{'D6'},{'D1'},{'R2'},{'R3'},,,,,,&,4.0,&
{'D2'},{'D6'},{'D1'},{'R2'},{'R3'},{'D7'},{'D3'},,,,&,1.0,&
{'D2'},{'D6'},{'D1'},{'R2'},{'R3'},{'D3'},{'D7'},{'D4'},,,&,1.0,&
{'D2'},{'D6'},{'D1'},{'R2'},{'R3'},{'D3'},{'D7'},{'R1'},{'D5'},,&,1.0,&
{'D2'},{'D6'},{'D1'},{'R2'},{'R3'},{'D3'},{'D5'},{'D7'},{'D4'},,&,1.0,&
{'D2'},{'D6'},{'D1'},{'R2'},{'R3'},{'D3'},{'D5'},{'R1'},{'D7'},{'D4'},&,1.0,&
{'D2'},{'D6'},{'D1'},{'R2'},{'R3'},{'D3'},{'R1'},{'D7'},,,&,1.0,&
{'D2'},{'D6'},{'D1'},{'R2'},{'R3'},{'R1'},,,,,&,3.0,&
{'D2'},{'D6'},{'D1'},{'R2'},{'R3'},{'D4'},,,,,&,1.0,&
{'D2'},{'D6'},{'D1'},{'D5'},,,,,,,&,2.0,&
{'D2'},{'D6'},{'D1'},{'D5'},{'D3'},,,,,,&,2.0,&
{'D2'},{'D6'},{'D1'},{'D5'},{'D3'},{'D7'},{'R3'},{'D4'},{'R1'},{'R2'},&,1.0,&
{'D2'},{'D6'},{'D1'},{'D5'},{'D3'},{'R2'},,,,,&,1.0,&
{'D2'},{'D6'},{'D1'},{'D5'},{'R3'},{'D3'},,,,,&,1.0,&
{'D2'},{'D6'},{'D1'},{'D5'},{'R2'},{'D7'},,,,,&,1.0,&
{'D2'},{'D6'},{'D1'},{'D3'},,,,,,,&,11.0,&
{'D2'},{'D6'},{'D1'},{'D3'},{'D7'},,,,,,&,2.0,&
{'D2'},{'D6'},{'D1'},{'D3'},{'D7'},{'D5'},,,,,&,1.0,&
{'D2'},{'D6'},{'D1'},{'D3'},{'D7'},{'D5'},{'R3'},{'R2'},{'R1'},,&,1.0,&
{'D2'},{'D6'},{'D1'},{'D3'},{'D7'},{'D5'},{'D4'},,,,&,1.0,&
{'D2'},{'D6'},{'D1'},{'D3'},{'D7'},{'R3'},{'R2'},{'D5'},{'D4'},{'R1'},&,1.0,&
{'D2'},{'D6'},{'D1'},{'D3'},{'D7'},{'R3'},{'R1'},{'D5'},{'D4'},,&,1.0,&
{'D2'},{'D6'},{'D1'},{'D3'},{'D7'},{'D4'},,,,,&,1.0,&
{'D2'},{'D6'},{'D1'},{'D3'},{'R1'},{'R2'},,,,,&,1.0,&
{'D2'},{'D6'},{'D1'},{'D3'},{'D5'},,,,,,&,1.0,&
{'D2'},{'D6'},{'D1'},{'D3'},{'D5'},{'D7'},,,,,&,1.0,&
{'D2'},{'D6'},{'D1'},{'D3'},{'D5'},{'R2'},,,,,&,1.0,&
{'D2'},{'D6'},{'D1'},{'D3'},{'D5'},{'R2'},{'D7'},{'D4'},{'R3'},,&,1.0,&
{'D2'},{'D6'},{'D1'},{'D3'},{'D5'},{'R3'},{'D7'},{'D4'},{'R2'},,&,1.0,&
{'D2'},{'D6'},{'D1'},{'D3'},{'D5'},{'R3'},{'R2'},{'D7'},{'R1'},{'D4'},&,1.0,&
{'D2'},{'D6'},{'D1'},{'D3'},{'D5'},{'D4'},,,,,&,1.0,&
{'D2'},{'D6'},{'D1'},{'D3'},{'D5'},{'D4'},{'R2'},{'R3'},{'D7'},{'R1'},&,1.0,&
{'D2'},{'D6'},{'D1'},{'D3'},{'R3'},,,,,,&,2.0,&
{'D2'},{'D6'},{'D1'},{'D3'},{'R3'},{'D7'},,,,,&,1.0,&
{'D2'},{'D6'},{'D1'},{'D3'},{'R3'},{'D5'},,,,,&,2.0,&
{'D2'},{'D6'},{'D1'},{'D3'},{'R3'},{'R2'},,,,,&,1.0,&
{'D2'},{'D6'},{'D1'},{'D3'},{'R2'},,,,,,&,1.0,&
{'D2'},{'D6'},{'D1'},{'D3'},{'R2'},{'D7'},{'R3'},{'R1'},{'D5'},{'D4'},&,1.0,&
{'D2'},{'D6'},{'D1'},{'D3'},{'R2'},{'D5'},,,,,&,1.0,&
{'D2'},{'D6'},{'D1'},{'D3'},{'R2'},{'D5'},{'D7'},,,,&,1.0,&
{'D2'},{'D6'},{'D1'},{'D3'},{'R2'},{'D5'},{'R3'},{'R1'},{'D7'},{'D4'},&,1.0,&
{'D2'},{'D6'},{'D1'},{'D3'},{'R2'},{'D5'},{'D4'},,,,&,2.0,&
{'D2'},{'D6'},{'D1'},{'D3'},{'R2'},{'R3'},,,,,&,2.0,&
{'D2'},{'D6'},{'D1'},{'D3'},{'R2'},{'R3'},{'D5'},{'D7'},{'D4'},{'R1'},&,1.0,&
{'D2'},{'D6'},{'D1'},{'D3'},{'R2'},{'R1'},{'D7'},{'R3'},{'D5'},{'D4'},&,1.0,&
{'D2'},{'D6'},{'D1'},{'D4'},,,,,,,&,2.0,&
{'D2'},{'D6'},{'D1'},{'D4'},{'R2'},{'R1'},{'R3'},{'D7'},,,&,1.0,&
{'D2'},{'D6'},{'D1'},{'D7'},,,,,,,&,2.0,&
{'D2'},{'D6'},{'D1'},{'D7'},{'D3'},{'R3'},,,,,&,1.0,&
{'D2'},{'D6'},{'D1'},{'D7'},{'D3'},{'D4'},,,,,&,1.0,&
{'D2'},{'D6'},{'D1'},{'D7'},{'D3'},{'D4'},{'R2'},,,,&,1.0,&
{'D2'},{'D6'},{'D1'},{'D7'},{'R3'},,,,,,&,1.0,&
{'D2'},{'D6'},{'D1'},{'D7'},{'R2'},{'D3'},{'R3'},{'R1'},{'D5'},,&,1.0,&
{'D2'},{'D6'},{'D1'},{'D7'},{'R2'},{'D3'},{'D4'},{'D5'},{'R3'},{'R1'},&,1.0,&
{'D2'},{'D6'},{'D1'},{'R1'},{'D3'},{'D7'},,,,,&,1.0,&
{'D2'},{'D6'},{'D1'},{'R1'},{'D3'},{'D7'},{'D5'},{'R3'},{'D4'},,&,1.0,&
{'D2'},{'D6'},{'D1'},{'R1'},{'D3'},{'R2'},{'R3'},,,,&,1.0,&
{'D2'},{'D6'},{'D1'},{'R1'},{'D3'},{'R2'},{'R3'},{'D7'},{'D4'},,&,1.0,&
{'D2'},{'D6'},{'D1'},{'R1'},{'R3'},{'D3'},{'R2'},,,,&,1.0,&
{'D2'},{'D6'},{'D1'},{'R3'},,,,,,,&,3.0,&
{'D2'},{'D6'},{'D1'},{'R3'},{'D3'},,,,,,&,3.0,&
{'D2'},{'D6'},{'D1'},{'R3'},{'D3'},{'D7'},{'R2'},{'R1'},,,&,2.0,&
{'D2'},{'D6'},{'D1'},{'R3'},{'D3'},{'D5'},{'D7'},{'D4'},{'R1'},{'R2'},&,1.0,&
{'D2'},{'D6'},{'D1'},{'R3'},{'D3'},{'R2'},{'R1'},,,,&,1.0,&
{'D2'},{'D6'},{'D1'},{'R3'},{'D3'},{'R2'},{'R1'},{'D7'},{'D4'},{'D5'},&,1.0,&
{'D2'},{'D6'},{'D1'},{'R3'},{'D3'},{'R1'},{'D4'},{'R2'},,,&,1.0,&
{'D2'},{'D6'},{'D1'},{'R3'},{'D5'},,,,,,&,1.0,&
{'D2'},{'D6'},{'D1'},{'R3'},{'D5'},{'R2'},,,,,&,1.0,&
{'D2'},{'D6'},{'D1'},{'R3'},{'R2'},,,,,,&,3.0,&
{'D2'},{'D6'},{'D1'},{'R3'},{'R2'},{'D7'},{'R1'},{'D3'},{'D4'},{'D5'},&,1.0,&
{'D2'},{'D6'},{'D1'},{'R3'},{'R2'},{'D5'},{'D3'},{'R1'},,,&,1.0,&
{'D2'},{'D6'},{'D1'},{'R3'},{'R2'},{'D3'},,,,,&,1.0,&
{'D2'},{'D6'},{'D1'},{'R3'},{'R2'},{'R1'},,,,,&,2.0,&
{'D2'},{'D6'},{'D1'},{'R3'},{'R2'},{'R1'},{'D7'},{'D3'},,,&,1.0,&
{'D2'},{'D6'},{'D1'},{'R3'},{'R2'},{'R1'},{'D3'},,,,&,2.0,&
{'D2'},{'D6'},{'D1'},{'R3'},{'R2'},{'D4'},{'D3'},,,,&,1.0,&
{'D2'},{'D6'},{'D7'},,,,,,,,&,9.0,&
{'D2'},{'D6'},{'D7'},{'R2'},,,,,,,&,1.0,&
{'D2'},{'D6'},{'D7'},{'R2'},{'R3'},,,,,,&,1.0,&
{'D2'},{'D6'},{'D7'},{'R2'},{'R3'},{'D3'},,,,,&,1.0,&
{'D2'},{'D6'},{'D7'},{'R2'},{'R3'},{'R1'},,,,,&,1.0,&
{'D2'},{'D6'},{'D7'},{'R2'},{'R3'},{'R1'},{'D5'},{'D1'},{'D3'},{'D4'},&,1.0,&
{'D2'},{'D6'},{'D7'},{'R2'},{'D1'},,,,,,&,1.0,&
{'D2'},{'D6'},{'D7'},{'D1'},,,,,,,&,1.0,&
{'D2'},{'D6'},{'D7'},{'D1'},{'D3'},{'D5'},{'R3'},,,,&,1.0,&
{'D2'},{'D6'},{'D7'},{'D1'},{'D3'},{'D5'},{'R3'},{'R2'},{'R1'},,&,1.0,&
{'D2'},{'D6'},{'D7'},{'D1'},{'D5'},{'R3'},,,,,&,1.0,&
{'D2'},{'D6'},{'D7'},{'D1'},{'R3'},{'R2'},,,,,&,1.0,&
{'D2'},{'D6'},{'D7'},{'D1'},{'R2'},,,,,,&,1.0,&
{'D2'},{'D6'},{'D7'},{'D1'},{'R2'},{'R3'},,,,,&,1.0,&
{'D2'},{'D6'},{'D7'},{'D5'},{'D3'},{'R3'},,,,,&,1.0,&
{'D2'},{'D6'},{'D7'},{'D3'},,,,,,,&,1.0,&
{'D2'},{'D6'},{'D7'},{'D3'},{'D5'},{'R2'},,,,,&,1.0,&
{'D2'},{'D6'},{'D7'},{'D3'},{'D1'},{'R2'},{'D5'},{'D4'},,,&,1.0,&
{'D2'},{'D6'},{'D7'},{'D3'},{'D1'},{'R3'},{'R2'},{'D4'},{'D5'},,&,1.0,&
{'D2'},{'D6'},{'D7'},{'R3'},{'D1'},{'D5'},{'D3'},{'D4'},,,&,1.0,&
{'D2'},{'D6'},{'D7'},{'R3'},{'D1'},{'D3'},,,,,&,1.0,&
{'D2'},{'D6'},{'D7'},{'R3'},{'R2'},,,,,,&,1.0,&
{'D2'},{'D6'},{'D7'},{'R3'},{'R2'},{'R1'},{'D1'},{'D3'},{'D5'},,&,1.0,&
{'D2'},{'D6'},{'R3'},,,,,,,,&,15.0,&
{'D2'},{'D6'},{'R3'},{'R2'},,,,,,,&,10.0,&
{'D2'},{'D6'},{'R3'},{'R2'},{'D3'},,,,,,&,1.0,&
{'D2'},{'D6'},{'R3'},{'R2'},{'D3'},{'D1'},,,,,&,2.0,&
{'D2'},{'D6'},{'R3'},{'R2'},{'D3'},{'D1'},{'R1'},{'D7'},,,&,1.0,&
{'D2'},{'D6'},{'R3'},{'R2'},{'D3'},{'D1'},{'R1'},{'D7'},{'D5'},{'D4'},&,1.0,&
{'D2'},{'D6'},{'R3'},{'R2'},{'D3'},{'D5'},{'D1'},{'R1'},,,&,1.0,&
{'D2'},{'D6'},{'R3'},{'R2'},{'D3'},{'R1'},,,,,&,2.0,&
{'D2'},{'D6'},{'R3'},{'R2'},{'D3'},{'R1'},{'D5'},,,,&,1.0,&
{'D2'},{'D6'},{'R3'},{'R2'},{'D3'},{'R1'},{'D1'},,,,&,1.0,&
{'D2'},{'D6'},{'R3'},{'R2'},{'D3'},{'R1'},{'D1'},{'D7'},,,&,1.0,&
{'D2'},{'D6'},{'R3'},{'R2'},{'R1'},,,,,,&,2.0,&
{'D2'},{'D6'},{'R3'},{'R2'},{'R1'},{'D1'},,,,,&,1.0,&
{'D2'},{'D6'},{'R3'},{'R2'},{'R1'},{'D5'},,,,,&,1.0,&
{'D2'},{'D6'},{'R3'},{'R2'},{'R1'},{'D3'},{'D1'},,,,&,3.0,&
{'D2'},{'D6'},{'R3'},{'R2'},{'D5'},,,,,,&,2.0,&
{'D2'},{'D6'},{'R3'},{'R2'},{'D5'},{'R1'},,,,,&,1.0,&
{'D2'},{'D6'},{'R3'},{'R2'},{'D1'},,,,,,&,1.0,&
{'D2'},{'D6'},{'R3'},{'R2'},{'D1'},{'D3'},{'D7'},{'R1'},,,&,1.0,&
{'D2'},{'D6'},{'R3'},{'R2'},{'D1'},{'D3'},{'D5'},{'D4'},{'D7'},,&,1.0,&
{'D2'},{'D6'},{'R3'},{'R2'},{'D1'},{'D3'},{'R1'},{'D5'},{'D7'},{'D4'},&,1.0,&
{'D2'},{'D6'},{'R3'},{'R2'},{'D1'},{'R1'},,,,,&,2.0,&
{'D2'},{'D6'},{'R3'},{'R2'},{'D1'},{'R1'},{'D3'},,,,&,1.0,&
{'D2'},{'D6'},{'R3'},{'R2'},{'D1'},{'D4'},,,,,&,1.0,&
{'D2'},{'D6'},{'R3'},{'D1'},,,,,,,&,5.0,&
{'D2'},{'D6'},{'R3'},{'D1'},{'D7'},{'R2'},{'D3'},{'D5'},,,&,1.0,&
{'D2'},{'D6'},{'R3'},{'D1'},{'D3'},,,,,,&,2.0,&
{'D2'},{'D6'},{'R3'},{'D1'},{'D3'},{'D7'},{'D5'},{'D4'},,,&,1.0,&
{'D2'},{'D6'},{'R3'},{'D1'},{'D3'},{'D7'},{'R2'},,,,&,1.0,&
{'D2'},{'D6'},{'R3'},{'D1'},{'D3'},{'D7'},{'R2'},{'R1'},,,&,1.0,&
{'D2'},{'D6'},{'R3'},{'D1'},{'D3'},{'D5'},,,,,&,1.0,&
{'D2'},{'D6'},{'R3'},{'D1'},{'D3'},{'R2'},{'D5'},{'D4'},{'D7'},{'R1'},&,1.0,&
{'D2'},{'D6'},{'R3'},{'D1'},{'D3'},{'R2'},{'D5'},{'R1'},{'D4'},{'D7'},&,1.0,&
{'D2'},{'D6'},{'R3'},{'D1'},{'D3'},{'R2'},{'D4'},{'D7'},,,&,1.0,&
{'D2'},{'D6'},{'R3'},{'D1'},{'D5'},{'D3'},,,,,&,1.0,&
{'D2'},{'D6'},{'R3'},{'D1'},{'D5'},{'D3'},{'D7'},{'R1'},,,&,1.0,&
{'D2'},{'D6'},{'R3'},{'D1'},{'R2'},,,,,,&,1.0,&
{'D2'},{'D6'},{'R3'},{'D1'},{'R2'},{'D7'},{'D3'},{'D5'},{'D4'},,&,1.0,&
{'D2'},{'D6'},{'R3'},{'D1'},{'R2'},{'D5'},{'R1'},{'D7'},,,&,1.0,&
{'D2'},{'D6'},{'R3'},{'D1'},{'R2'},{'D3'},,,,,&,1.0,&
{'D2'},{'D6'},{'R3'},{'D1'},{'R2'},{'D3'},{'R1'},,,,&,1.0,&
{'D2'},{'D6'},{'R3'},{'D1'},{'R2'},{'R1'},,,,,&,2.0,&
{'D2'},{'D6'},{'R3'},{'D1'},{'R2'},{'R1'},{'D7'},{'D3'},{'D4'},{'D5'},&,1.0,&
{'D2'},{'D6'},{'R3'},{'D1'},{'R2'},{'R1'},{'D3'},,,,&,1.0,&
{'D2'},{'D6'},{'R3'},{'D1'},{'D4'},,,,,,&,1.0,&
{'D2'},{'D6'},{'R3'},{'D5'},{'D3'},{'D1'},{'R2'},{'D7'},{'R1'},,&,1.0,&
{'D2'},{'D6'},{'R3'},{'D5'},{'R1'},{'D1'},{'D3'},{'R2'},{'D4'},{'D7'},&,1.0,&
{'D2'},{'D6'},{'R3'},{'D3'},,,,,,,&,1.0,&
{'D2'},{'D6'},{'R3'},{'D3'},{'D7'},,,,,,&,1.0,&
{'D2'},{'D6'},{'R3'},{'D3'},{'D7'},{'D1'},,,,,&,1.0,&
{'D2'},{'D6'},{'R3'},{'D3'},{'D1'},,,,,,&,2.0,&
{'D2'},{'D6'},{'R3'},{'D3'},{'D1'},{'D5'},{'D7'},{'D4'},,,&,1.0,&
{'D2'},{'D6'},{'R3'},{'D3'},{'D1'},{'D5'},{'D4'},{'R2'},{'D7'},,&,1.0,&
{'D2'},{'D6'},{'R3'},{'D3'},{'D1'},{'R2'},,,,,&,2.0,&
{'D2'},{'D6'},{'R3'},{'D3'},{'D1'},{'R2'},{'R1'},{'D4'},,,&,1.0,&
{'D2'},{'D6'},{'R3'},{'D3'},{'D1'},{'R2'},{'R1'},{'D7'},,,&,1.0,&
{'D2'},{'D6'},{'R3'},{'D3'},{'D1'},{'R2'},{'R1'},{'D5'},,,&,1.0,&
{'D2'},{'D6'},{'R3'},{'D3'},{'R2'},,,,,,&,3.0,&
{'D2'},{'D6'},{'R3'},{'D3'},{'R2'},{'R1'},{'D1'},{'D7'},{'D5'},{'D4'},&,1.0,&
{'D2'},{'D6'},{'R3'},{'D4'},{'D1'},{'R2'},,,,,&,1.0,&
{'D2'},{'D6'},{'R3'},{'D4'},{'R2'},{'D1'},{'D3'},{'D7'},{'D5'},{'R1'},&,1.0,&
{'D2'},{'D6'},{'R3'},{'D7'},{'R2'},{'D3'},{'R1'},,,,&,1.0,&
{'D2'},{'D6'},{'R3'},{'R1'},,,,,,,&,2.0,&
{'D2'},{'D6'},{'R3'},{'R1'},{'D3'},{'D1'},,,,,&,1.0,&
{'D2'},{'D6'},{'R3'},{'R1'},{'D3'},{'D1'},{'R2'},{'D7'},,,&,1.0,&
{'D2'},{'D6'},{'R3'},{'R1'},{'D1'},{'D3'},,,,,&,1.0,&
{'D2'},{'D6'},{'R3'},{'R1'},{'D1'},{'D3'},{'D7'},,,,&,1.0,&
{'D2'},{'D6'},{'R2'},,,,,,,,&,27.0,&
{'D2'},{'D6'},{'R2'},{'D1'},,,,,,,&,6.0,&
{'D2'},{'D6'},{'R2'},{'D1'},{'D7'},{'R3'},,,,,&,1.0,&
{'D2'},{'D6'},{'R2'},{'D1'},{'D7'},{'R3'},{'R1'},{'D5'},,,&,1.0,&
{'D2'},{'D6'},{'R2'},{'D1'},{'D7'},{'R3'},{'R1'},{'D3'},{'D4'},,&,1.0,&
{'D2'},{'D6'},{'R2'},{'D1'},{'D7'},{'R3'},{'D3'},{'R1'},{'D5'},{'D4'},&,1.0,&
{'D2'},{'D6'},{'R2'},{'D1'},{'D7'},{'D3'},{'R3'},{'D5'},,,&,1.0,&
{'D2'},{'D6'},{'R2'},{'D1'},{'D3'},,,,,,&,2.0,&
{'D2'},{'D6'},{'R2'},{'D1'},{'D3'},{'D7'},,,,,&,2.0,&
{'D2'},{'D6'},{'R2'},{'D1'},{'D3'},{'D7'},{'D5'},{'D4'},{'R3'},,&,1.0,&
{'D2'},{'D6'},{'R2'},{'D1'},{'D3'},{'D5'},,,,,&,1.0,&
{'D2'},{'D6'},{'R2'},{'D1'},{'D3'},{'D5'},{'D7'},{'D4'},{'R3'},,&,1.0,&
{'D2'},{'D6'},{'R2'},{'D1'},{'D3'},{'D5'},{'R3'},{'D4'},{'D7'},,&,1.0,&
{'D2'},{'D6'},{'R2'},{'D1'},{'D3'},{'R3'},,,,,&,1.0,&
{'D2'},{'D6'},{'R2'},{'D1'},{'D3'},{'R3'},{'R1'},{'D4'},{'D7'},,&,1.0,&
{'D2'},{'D6'},{'R2'},{'D1'},{'D3'},{'R1'},,,,,&,1.0,&
{'D2'},{'D6'},{'R2'},{'D1'},{'R1'},,,,,,&,1.0,&
{'D2'},{'D6'},{'R2'},{'D1'},{'R1'},{'R3'},,,,,&,1.0,&
{'D2'},{'D6'},{'R2'},{'D1'},{'R1'},{'D3'},{'R3'},{'D5'},{'D7'},{'D4'},&,1.0,&
{'D2'},{'D6'},{'R2'},{'D1'},{'R1'},{'D3'},{'D4'},{'D7'},{'R3'},,&,1.0,&
{'D2'},{'D6'},{'R2'},{'D1'},{'D5'},,,,,,&,1.0,&
{'D2'},{'D6'},{'R2'},{'D1'},{'D5'},{'R3'},{'R1'},,,,&,1.0,&
{'D2'},{'D6'},{'R2'},{'D1'},{'D5'},{'D3'},{'R3'},{'D7'},,,&,1.0,&
{'D2'},{'D6'},{'R2'},{'D1'},{'D5'},{'D3'},{'D4'},{'R3'},{'D7'},,&,1.0,&
{'D2'},{'D6'},{'R2'},{'D1'},{'R3'},,,,,,&,2.0,&
{'D2'},{'D6'},{'R2'},{'D1'},{'R3'},{'D3'},{'D7'},,,,&,1.0,&
{'D2'},{'D6'},{'R2'},{'D1'},{'R3'},{'D3'},{'D5'},{'R1'},,,&,1.0,&
{'D2'},{'D6'},{'R2'},{'D1'},{'R3'},{'D3'},{'R1'},{'D7'},,,&,1.0,&
{'D2'},{'D6'},{'R2'},{'D1'},{'R3'},{'D3'},{'R1'},{'D5'},,,&,1.0,&
{'D2'},{'D6'},{'R2'},{'D1'},{'R3'},{'D3'},{'R1'},{'D5'},{'D7'},{'D4'},&,1.0,&
{'D2'},{'D6'},{'R2'},{'D1'},{'R3'},{'D3'},{'D4'},{'R1'},,,&,1.0,&
{'D2'},{'D6'},{'R2'},{'D1'},{'R3'},{'R1'},,,,,&,1.0,&
{'D2'},{'D6'},{'R2'},{'D1'},{'R3'},{'R1'},{'D7'},,,,&,1.0,&
{'D2'},{'D6'},{'R2'},{'D1'},{'D4'},,,,,,&,1.0,&
{'D2'},{'D6'},{'R2'},{'D5'},,,,,,,&,1.0,&
{'D2'},{'D6'},{'R2'},{'D5'},{'R1'},{'D7'},,,,,&,1.0,&
{'D2'},{'D6'},{'R2'},{'D5'},{'R3'},,,,,,&,1.0,&
{'D2'},{'D6'},{'R2'},{'D5'},{'R3'},{'D7'},,,,,&,1.0,&
{'D2'},{'D6'},{'R2'},{'D5'},{'R3'},{'R1'},{'D1'},{'D4'},{'D3'},{'D7'},&,1.0,&
{'D2'},{'D6'},{'R2'},{'D5'},{'D1'},,,,,,&,1.0,&
{'D2'},{'D6'},{'R2'},{'D3'},,,,,,,&,4.0,&
{'D2'},{'D6'},{'R2'},{'D3'},{'R1'},{'D1'},{'D7'},{'D5'},{'D4'},,&,1.0,&
{'D2'},{'D6'},{'R2'},{'D3'},{'D5'},,,,,,&,2.0,&
{'D2'},{'D6'},{'R2'},{'D3'},{'D5'},{'D1'},{'D7'},{'R3'},{'D4'},{'R1'},&,1.0,&
{'D2'},{'D6'},{'R2'},{'D3'},{'D5'},{'D1'},{'D4'},{'R3'},{'D7'},,&,1.0,&
{'D2'},{'D6'},{'R2'},{'D3'},{'R3'},{'D1'},,,,,&,1.0,&
{'D2'},{'D6'},{'R2'},{'D3'},{'R3'},{'D1'},{'D7'},{'D5'},,,&,1.0,&
{'D2'},{'D6'},{'R2'},{'D3'},{'R3'},{'D1'},{'D5'},{'R1'},{'D7'},{'D4'},&,1.0,&
{'D2'},{'D6'},{'R2'},{'D3'},{'R3'},{'D5'},{'R1'},{'D1'},,,&,1.0,&
{'D2'},{'D6'},{'R2'},{'D3'},{'R3'},{'R1'},{'D5'},{'D1'},{'D7'},{'D4'},&,1.0,&
{'D2'},{'D6'},{'R2'},{'D3'},{'R3'},{'R1'},{'D1'},,,,&,2.0,&
{'D2'},{'D6'},{'R2'},{'D3'},{'R3'},{'R1'},{'D1'},{'D5'},,,&,1.0,&
{'D2'},{'D6'},{'R2'},{'D3'},{'D1'},,,,,,&,2.0,&
{'D2'},{'D6'},{'R2'},{'D3'},{'D1'},{'D7'},{'D5'},{'D4'},{'R3'},{'R1'},&,1.0,&
{'D2'},{'D6'},{'R2'},{'D3'},{'D1'},{'D7'},{'D5'},{'R3'},{'R1'},{'D4'},&,1.0,&
{'D2'},{'D6'},{'R2'},{'D3'},{'D1'},{'D5'},{'D7'},{'R1'},{'R3'},,&,1.0,&
{'D2'},{'D6'},{'R2'},{'D3'},{'D1'},{'D5'},{'R3'},,,,&,1.0,&
{'D2'},{'D6'},{'R2'},{'D3'},{'D1'},{'R3'},,,,,&,1.0,&
{'D2'},{'D6'},{'R2'},{'D3'},{'D1'},{'R3'},{'D5'},{'D7'},{'R1'},{'D4'},&,1.0,&
{'D2'},{'D6'},{'R2'},{'D4'},{'R3'},{'R1'},{'D3'},,,,&,1.0,&
{'D2'},{'D6'},{'R2'},{'D7'},,,,,,,&,1.0,&
{'D2'},{'D6'},{'R2'},{'D7'},{'D3'},{'D1'},,,,,&,1.0,&
{'D2'},{'D6'},{'R2'},{'D7'},{'R1'},{'D1'},,,,,&,1.0,&
{'D2'},{'D6'},{'R2'},{'D7'},{'R1'},{'D3'},,,,,&,1.0,&
{'D2'},{'D6'},{'R2'},{'D7'},{'R3'},{'R1'},,,,,&,1.0,&
{'D2'},{'D6'},{'R2'},{'R1'},{'D7'},{'D1'},{'R3'},{'D3'},{'D5'},,&,1.0,&
{'D2'},{'D6'},{'R2'},{'R1'},{'D3'},{'D5'},,,,,&,1.0,&
{'D2'},{'D6'},{'R2'},{'R1'},{'D3'},{'R3'},{'D7'},,,,&,1.0,&
{'D2'},{'D6'},{'R2'},{'R1'},{'D3'},{'R3'},{'D1'},{'D4'},{'D7'},,&,1.0,&
{'D2'},{'D6'},{'R2'},{'R1'},{'R3'},,,,,,&,1.0,&
{'D2'},{'D6'},{'R2'},{'R1'},{'R3'},{'D1'},{'D3'},,,,&,1.0,&
{'D2'},{'D6'},{'R2'},{'R1'},{'R3'},{'D7'},{'D1'},{'D5'},{'D3'},{'D4'},&,1.0,&
{'D2'},{'D6'},{'R2'},{'R1'},{'R3'},{'D5'},,,,,&,1.0,&
{'D2'},{'D6'},{'R2'},{'R1'},{'R3'},{'D3'},,,,,&,1.0,&
{'D2'},{'D6'},{'R2'},{'R1'},{'D1'},{'R3'},{'D3'},{'D5'},,,&,1.0,&
{'D2'},{'D6'},{'R2'},{'R1'},{'D1'},{'D3'},{'D7'},{'R3'},,,&,1.0,&
{'D2'},{'D6'},{'R2'},{'R3'},,,,,,,&,4.0,&
{'D2'},{'D6'},{'R2'},{'R3'},{'D7'},{'R1'},,,,,&,1.0,&
{'D2'},{'D6'},{'R2'},{'R3'},{'D7'},{'R1'},{'D1'},,,,&,1.0,&
{'D2'},{'D6'},{'R2'},{'R3'},{'D3'},,,,,,&,1.0,&
{'D2'},{'D6'},{'R2'},{'R3'},{'D3'},{'D1'},,,,,&,1.0,&
{'D2'},{'D6'},{'R2'},{'R3'},{'D3'},{'D1'},{'D7'},{'D4'},{'D5'},{'R1'},&,1.0,&
{'D2'},{'D6'},{'R2'},{'R3'},{'D3'},{'D1'},{'R1'},{'D7'},{'D5'},,&,1.0,&
{'D2'},{'D6'},{'R2'},{'R3'},{'D3'},{'D1'},{'R1'},{'D5'},{'D4'},{'D7'},&,1.0,&
{'D2'},{'D6'},{'R2'},{'R3'},{'D3'},{'R1'},,,,,&,2.0,&
{'D2'},{'D6'},{'R2'},{'R3'},{'R1'},,,,,,&,4.0,&
{'D2'},{'D6'},{'R2'},{'R3'},{'R1'},{'D1'},{'D5'},,,,&,1.0,&
{'D2'},{'D6'},{'R2'},{'R3'},{'R1'},{'D1'},{'D5'},{'D3'},{'D7'},{'D4'},&,1.0,&
{'D2'},{'D6'},{'R2'},{'R3'},{'R1'},{'D1'},{'D3'},,,,&,2.0,&
{'D2'},{'D6'},{'R2'},{'R3'},{'R1'},{'D1'},{'D3'},{'D7'},{'D4'},{'D5'},&,1.0,&
{'D2'},{'D6'},{'R2'},{'R3'},{'R1'},{'D3'},,,,,&,2.0,&
{'D2'},{'D6'},{'R2'},{'R3'},{'R1'},{'D3'},{'D7'},,,,&,1.0,&
{'D2'},{'D6'},{'R2'},{'R3'},{'R1'},{'D3'},{'D5'},,,,&,2.0,&
{'D2'},{'D6'},{'R2'},{'R3'},{'R1'},{'D3'},{'D1'},,,,&,1.0,&
{'D2'},{'D6'},{'R2'},{'R3'},{'R1'},{'D3'},{'D1'},{'D4'},,,&,1.0,&
{'D2'},{'D6'},{'R2'},{'R3'},{'R1'},{'D3'},{'D1'},{'D7'},,,&,2.0,&
{'D2'},{'D6'},{'R2'},{'R3'},{'R1'},{'D3'},{'D1'},{'D5'},{'D7'},{'D4'},&,1.0,&
{'D2'},{'D6'},{'R2'},{'R3'},{'R1'},{'D3'},{'D4'},,,,&,1.0,&
{'D2'},{'D6'},{'R2'},{'R3'},{'D1'},{'D3'},{'R1'},,,,&,1.0,&
{'D2'},{'D6'},{'R2'},{'R3'},{'D1'},{'D3'},{'R1'},{'D4'},,,&,1.0,&
{'D2'},{'D6'},{'R2'},{'R3'},{'D1'},{'R1'},,,,,&,2.0,&
{'D2'},{'D6'},{'D4'},,,,,,,,&,2.0,&
{'D2'},{'D6'},{'D4'},{'R2'},{'D3'},{'D7'},{'R1'},{'D1'},,,&,1.0,&
{'D2'},{'D6'},{'D4'},{'R2'},{'R3'},{'D3'},{'D1'},,,,&,1.0,&
{'D2'},{'D6'},{'D4'},{'R2'},{'D1'},{'R3'},{'D5'},{'R1'},{'D3'},,&,1.0,&
{'D2'},{'D6'},{'D4'},{'R2'},{'D1'},{'R1'},{'R3'},{'D3'},,,&,1.0,&
{'D2'},{'D6'},{'D4'},{'D1'},{'R1'},{'D5'},,,,,&,1.0,&
{'D2'},{'D6'},{'D4'},{'D3'},,,,,,,&,1.0,&
{'D2'},{'D6'},{'D4'},{'D3'},{'R1'},,,,,,&,1.0,&
{'D2'},{'D6'},{'D4'},{'D3'},{'R1'},{'D1'},,,,,&,1.0,&
{'D2'},{'D6'},{'D4'},{'R3'},{'D3'},{'D1'},,,,,&,1.0,&
{'D2'},{'D5'},,,,,,,,,&,57.0,&
{'D2'},{'D5'},{'R1'},,,,,,,,&,5.0,&
{'D2'},{'D5'},{'R1'},{'R2'},,,,,,,&,2.0,&
{'D2'},{'D5'},{'R1'},{'R2'},{'D6'},{'D1'},{'D7'},{'R3'},{'D3'},,&,1.0,&
{'D2'},{'D5'},{'R1'},{'R2'},{'D3'},{'R3'},,,,,&,1.0,&
{'D2'},{'D5'},{'R1'},{'R2'},{'R3'},,,,,,&,2.0,&
{'D2'},{'D5'},{'R1'},{'R2'},{'R3'},{'D3'},,,,,&,1.0,&
{'D2'},{'D5'},{'R1'},{'R2'},{'R3'},{'D3'},{'D4'},,,,&,1.0,&
{'D2'},{'D5'},{'R1'},{'R2'},{'D1'},{'D7'},{'R3'},,,,&,1.0,&
{'D2'},{'D5'},{'R1'},{'D1'},{'D3'},,,,,,&,1.0,&
{'D2'},{'D5'},{'R1'},{'D1'},{'R2'},{'D4'},,,,,&,1.0,&
{'D2'},{'D5'},{'R1'},{'D3'},,,,,,,&,1.0,&
{'D2'},{'D5'},{'R1'},{'D3'},{'D1'},{'R3'},,,,,&,1.0,&
{'D2'},{'D5'},{'R1'},{'D3'},{'R2'},{'D1'},{'D6'},{'D7'},{'D4'},,&,1.0,&
{'D2'},{'D5'},{'R1'},{'D4'},{'D6'},{'R2'},{'D1'},,,,&,1.0,&
{'D2'},{'D5'},{'R1'},{'R3'},{'D6'},{'R2'},{'D1'},,,,&,1.0,&
{'D2'},{'D5'},{'R1'},{'R3'},{'R2'},{'D1'},{'D3'},,,,&,1.0,&
{'D2'},{'D5'},{'R1'},{'R3'},{'R2'},{'D1'},{'D3'},{'D6'},{'D4'},,&,1.0,&
{'D2'},{'D5'},{'R1'},{'R3'},{'D4'},{'D6'},,,,,&,1.0,&
{'D2'},{'D5'},{'R1'},{'D6'},{'R3'},,,,,,&,1.0,&
{'D2'},{'D5'},{'D6'},,,,,,,,&,4.0,&
{'D2'},{'D5'},{'D6'},{'R2'},{'D3'},{'D1'},,,,,&,1.0,&
{'D2'},{'D5'},{'D6'},{'R2'},{'D3'},{'D1'},{'D7'},{'D4'},{'R1'},,&,1.0,&
{'D2'},{'D5'},{'D6'},{'R2'},{'D3'},{'R3'},{'D7'},,,,&,1.0,&
{'D2'},{'D5'},{'D6'},{'R2'},{'D3'},{'R1'},{'D7'},,,,&,1.0,&
{'D2'},{'D5'},{'D6'},{'R2'},{'D3'},{'R1'},{'D1'},{'D7'},{'D4'},{'R3'},&,1.0,&
{'D2'},{'D5'},{'D6'},{'R2'},{'R3'},,,,,,&,1.0,&
{'D2'},{'D5'},{'D6'},{'R2'},{'R3'},{'D1'},{'R1'},,,,&,1.0,&
{'D2'},{'D5'},{'D6'},{'R2'},{'R3'},{'D1'},{'D3'},{'D7'},{'D4'},,&,1.0,&
{'D2'},{'D5'},{'D6'},{'R2'},{'R3'},{'R1'},,,,,&,1.0,&
{'D2'},{'D5'},{'D6'},{'R2'},{'D4'},{'R3'},{'R1'},{'D1'},,,&,1.0,&
{'D2'},{'D5'},{'D6'},{'D1'},,,,,,,&,1.0,&
{'D2'},{'D5'},{'D6'},{'D1'},{'D7'},,,,,,&,1.0,&
{'D2'},{'D5'},{'D6'},{'D1'},{'D3'},{'D7'},{'R2'},{'R1'},{'R3'},,&,1.0,&
{'D2'},{'D5'},{'D6'},{'D1'},{'R1'},,,,,,&,1.0,&
{'D2'},{'D5'},{'D6'},{'D1'},{'R2'},,,,,,&,1.0,&
{'D2'},{'D5'},{'D6'},{'D1'},{'R2'},{'D3'},{'D7'},{'D4'},,,&,1.0,&
{'D2'},{'D5'},{'D6'},{'D1'},{'R2'},{'D3'},{'R3'},{'D7'},{'R1'},{'D4'},&,1.0,&
{'D2'},{'D5'},{'D6'},{'D3'},,,,,,,&,4.0,&
{'D2'},{'D5'},{'D6'},{'D3'},{'D7'},{'D1'},{'R3'},{'R1'},{'R2'},{'D4'},&,1.0,&
{'D2'},{'D5'},{'D6'},{'D3'},{'R3'},{'D1'},{'R2'},,,,&,1.0,&
{'D2'},{'D5'},{'D6'},{'D3'},{'R3'},{'R2'},{'D1'},,,,&,1.0,&
{'D2'},{'D5'},{'D6'},{'D3'},{'R3'},{'D4'},{'R2'},{'R1'},{'D7'},{'D1'},&,1.0,&
{'D2'},{'D5'},{'D6'},{'D3'},{'D1'},{'D4'},{'D7'},{'R2'},{'R3'},,&,1.0,&
{'D2'},{'D5'},{'D6'},{'D3'},{'R2'},{'D1'},{'D4'},,,,&,1.0,&
{'D2'},{'D5'},{'D6'},{'D4'},{'R3'},{'R2'},{'R1'},,,,&,1.0,&
{'D2'},{'D5'},{'D6'},{'D7'},,,,,,,&,1.0,&
{'D2'},{'D5'},{'D6'},{'R1'},{'R2'},{'D1'},{'D3'},,,,&,1.0,&
{'D2'},{'D5'},{'D6'},{'R3'},,,,,,,&,1.0,&
{'D2'},{'D5'},{'D6'},{'R3'},{'D7'},{'D3'},{'D1'},{'R1'},{'D4'},,&,1.0,&
{'D2'},{'D5'},{'D6'},{'R3'},{'R1'},,,,,,&,1.0,&
{'D2'},{'D5'},{'D6'},{'R3'},{'D1'},,,,,,&,1.0,&
{'D2'},{'D5'},{'D6'},{'R3'},{'D1'},{'D3'},{'R2'},{'D7'},,,&,1.0,&
{'D2'},{'D5'},{'D6'},{'R3'},{'D1'},{'D3'},{'R1'},,,,&,1.0,&
{'D2'},{'D5'},{'D6'},{'R3'},{'D1'},{'D3'},{'D4'},{'D7'},{'R2'},{'R1'},&,1.0,&
{'D2'},{'D5'},{'D6'},{'R3'},{'R2'},,,,,,&,1.0,&
{'D2'},{'D5'},{'D6'},{'R3'},{'R2'},{'D1'},,,,,&,1.0,&
{'D2'},{'D5'},{'D6'},{'R3'},{'R2'},{'D3'},{'D1'},,,,&,1.0,&
{'D2'},{'D5'},{'D3'},,,,,,,,&,29.0,&
{'D2'},{'D5'},{'D3'},{'R2'},,,,,,,&,5.0,&
{'D2'},{'D5'},{'D3'},{'R2'},{'D6'},,,,,,&,1.0,&
{'D2'},{'D5'},{'D3'},{'R2'},{'D6'},{'R3'},{'R1'},{'D1'},{'D7'},,&,1.0,&
{'D2'},{'D5'},{'D3'},{'R2'},{'D6'},{'D4'},,,,,&,1.0,&
{'D2'},{'D5'},{'D3'},{'R2'},{'R1'},{'D1'},{'R3'},{'D6'},{'D7'},,&,1.0,&
{'D2'},{'D5'},{'D3'},{'R2'},{'R3'},,,,,,&,1.0,&
{'D2'},{'D5'},{'D3'},{'R2'},{'R3'},{'D1'},,,,,&,2.0,&
{'D2'},{'D5'},{'D3'},{'R2'},{'R3'},{'D1'},{'D6'},,,,&,1.0,&
{'D2'},{'D5'},{'D3'},{'R2'},{'R3'},{'R1'},,,,,&,1.0,&
{'D2'},{'D5'},{'D3'},{'R2'},{'R3'},{'R1'},{'D7'},,,,&,1.0,&
{'D2'},{'D5'},{'D3'},{'R2'},{'R3'},{'D4'},{'D1'},,,,&,1.0,&
{'D2'},{'D5'},{'D3'},{'R2'},{'D1'},,,,,,&,2.0,&
{'D2'},{'D5'},{'D3'},{'R2'},{'D1'},{'D6'},,,,,&,1.0,&
{'D2'},{'D5'},{'D3'},{'R2'},{'D1'},{'D6'},{'D7'},{'R3'},,,&,1.0,&
{'D2'},{'D5'},{'D3'},{'R2'},{'D1'},{'R3'},,,,,&,1.0,&
{'D2'},{'D5'},{'D3'},{'R2'},{'D1'},{'R3'},{'D6'},{'D7'},,,&,1.0,&
{'D2'},{'D5'},{'D3'},{'D1'},,,,,,,&,7.0,&
{'D2'},{'D5'},{'D3'},{'D1'},{'D6'},,,,,,&,3.0,&
{'D2'},{'D5'},{'D3'},{'D1'},{'D6'},{'R2'},{'D4'},{'R3'},{'R1'},{'D7'},&,1.0,&
{'D2'},{'D5'},{'D3'},{'D1'},{'D6'},{'R3'},{'D7'},{'R2'},{'D4'},{'R1'},&,1.0,&
{'D2'},{'D5'},{'D3'},{'D1'},{'D6'},{'R1'},,,,,&,1.0,&
{'D2'},{'D5'},{'D3'},{'D1'},{'D6'},{'D4'},{'R2'},{'R3'},,,&,1.0,&
{'D2'},{'D5'},{'D3'},{'D1'},{'D6'},{'D4'},{'R2'},{'R3'},{'R1'},,&,1.0,&
{'D2'},{'D5'},{'D3'},{'D1'},{'D7'},,,,,,&,1.0,&
{'D2'},{'D5'},{'D3'},{'D1'},{'D7'},{'R2'},,,,,&,1.0,&
{'D2'},{'D5'},{'D3'},{'D1'},{'D7'},{'D6'},,,,,&,1.0,&
{'D2'},{'D5'},{'D3'},{'D1'},{'D7'},{'R3'},{'R1'},{'D4'},{'D6'},{'R2'},&,1.0,&
{'D2'},{'D5'},{'D3'},{'D1'},{'D7'},{'R1'},,,,,&,1.0,&
{'D2'},{'D5'},{'D3'},{'D1'},{'R3'},,,,,,&,1.0,&
{'D2'},{'D5'},{'D3'},{'D1'},{'R3'},{'D7'},{'R2'},{'R1'},{'D6'},,&,1.0,&
{'D2'},{'D5'},{'D3'},{'D1'},{'R3'},{'R2'},,,,,&,1.0,&
{'D2'},{'D5'},{'D3'},{'D1'},{'R3'},{'R2'},{'R1'},,,,&,1.0,&
{'D2'},{'D5'},{'D3'},{'D1'},{'R3'},{'R2'},{'R1'},{'D6'},{'D7'},{'D4'},&,1.0,&
{'D2'},{'D5'},{'D3'},{'D1'},{'R3'},{'D6'},,,,,&,1.0,&
{'D2'},{'D5'},{'D3'},{'D1'},{'R3'},{'D6'},{'R2'},,,,&,1.0,&
{'D2'},{'D5'},{'D3'},{'D1'},{'R3'},{'D6'},{'R2'},{'D7'},{'R1'},{'D4'},&,1.0,&
{'D2'},{'D5'},{'D3'},{'D1'},{'R3'},{'R1'},{'D7'},{'D6'},{'D4'},,&,1.0,&
{'D2'},{'D5'},{'D3'},{'D1'},{'R2'},{'D7'},{'D4'},{'D6'},,,&,1.0,&
{'D2'},{'D5'},{'D3'},{'D1'},{'R2'},{'D7'},{'D4'},{'R3'},{'D6'},{'R1'},&,1.0,&
{'D2'},{'D5'},{'D3'},{'D1'},{'R2'},{'D6'},{'D7'},{'R3'},,,&,1.0,&
{'D2'},{'D5'},{'D3'},{'D1'},{'R2'},{'D6'},{'R3'},,,,&,1.0,&
{'D2'},{'D5'},{'D3'},{'D1'},{'R2'},{'D6'},{'R1'},{'D7'},{'D4'},,&,1.0,&
{'D2'},{'D5'},{'D3'},{'D1'},{'R2'},{'D6'},{'R1'},{'D7'},{'R3'},{'D4'},&,1.0,&
{'D2'},{'D5'},{'D3'},{'D1'},{'R2'},{'R3'},{'D6'},{'R1'},,,&,1.0,&
{'D2'},{'D5'},{'D3'},{'D1'},{'D4'},,,,,,&,2.0,&
{'D2'},{'D5'},{'D3'},{'D1'},{'D4'},{'D7'},{'R2'},{'D6'},{'R3'},{'R1'},&,1.0,&
{'D2'},{'D5'},{'D3'},{'D4'},{'D7'},{'D1'},{'R2'},{'D6'},{'R3'},,&,1.0,&
{'D2'},{'D5'},{'D3'},{'D4'},{'R3'},,,,,,&,1.0,&
{'D2'},{'D5'},{'D3'},{'D4'},{'D1'},{'D6'},{'R1'},{'D7'},{'R3'},,&,1.0,&
{'D2'},{'D5'},{'D3'},{'D4'},{'D1'},{'R1'},{'D6'},{'R3'},{'D7'},,&,1.0,&
{'D2'},{'D5'},{'D3'},{'D7'},,,,,,,&,1.0,&
{'D2'},{'D5'},{'D3'},{'D7'},{'D6'},{'D1'},,,,,&,1.0,&
{'D2'},{'D5'},{'D3'},{'D7'},{'R3'},{'D1'},{'D6'},{'R2'},{'D4'},,&,1.0,&
{'D2'},{'D5'},{'D3'},{'D7'},{'D1'},,,,,,&,1.0,&
{'D2'},{'D5'},{'D3'},{'D7'},{'D1'},{'D6'},{'R3'},,,,&,1.0,&
{'D2'},{'D5'},{'D3'},{'D7'},{'D1'},{'R3'},{'R2'},{'D6'},{'R1'},,&,1.0,&
{'D2'},{'D5'},{'D3'},{'D7'},{'R2'},{'D1'},{'D4'},{'R1'},{'R3'},,&,1.0,&
{'D2'},{'D5'},{'D3'},{'R1'},,,,,,,&,1.0,&
{'D2'},{'D5'},{'D3'},{'R1'},{'D1'},,,,,,&,1.0,&
{'D2'},{'D5'},{'D3'},{'R1'},{'D1'},{'D7'},{'R3'},{'D4'},{'D6'},{'R2'},&,1.0,&
{'D2'},{'D5'},{'D3'},{'R1'},{'D1'},{'D4'},{'D6'},{'D7'},,,&,1.0,&
{'D2'},{'D5'},{'D3'},{'R3'},,,,,,,&,4.0,&
{'D2'},{'D5'},{'D3'},{'R3'},{'D6'},{'R2'},{'R1'},,,,&,1.0,&
{'D2'},{'D5'},{'D3'},{'R3'},{'D6'},{'R1'},{'D1'},,,,&,1.0,&
{'D2'},{'D5'},{'D3'},{'R3'},{'D1'},,,,,,&,3.0,&
{'D2'},{'D5'},{'D3'},{'R3'},{'D1'},{'D7'},,,,,&,1.0,&
{'D2'},{'D5'},{'D3'},{'R3'},{'D1'},{'R2'},,,,,&,1.0,&
{'D2'},{'D5'},{'D3'},{'R3'},{'D1'},{'R2'},{'D7'},{'D6'},{'R1'},,&,1.0,&
{'D2'},{'D5'},{'D3'},{'R3'},{'D1'},{'R2'},{'R1'},,,,&,2.0,&
{'D2'},{'D5'},{'D3'},{'R3'},{'D1'},{'D6'},,,,,&,2.0,&
{'D2'},{'D5'},{'D3'},{'R3'},{'D1'},{'D6'},{'D7'},,,,&,1.0,&
{'D2'},{'D5'},{'D3'},{'R3'},{'D1'},{'D6'},{'D4'},{'D7'},{'R2'},,&,1.0,&
{'D2'},{'D5'},{'D3'},{'R3'},{'D1'},{'D4'},{'D6'},,,,&,1.0,&
{'D2'},{'D5'},{'D3'},{'R3'},{'R2'},,,,,,&,2.0,&
{'D2'},{'D5'},{'D3'},{'R3'},{'R2'},{'D1'},{'R1'},{'D4'},,,&,1.0,&
{'D2'},{'D5'},{'D3'},{'R3'},{'R2'},{'D1'},{'R1'},{'D4'},{'D6'},{'D7'},&,1.0,&
{'D2'},{'D5'},{'D3'},{'R3'},{'R2'},{'D6'},{'D1'},{'D7'},{'R1'},{'D4'},&,1.0,&
{'D2'},{'D5'},{'D3'},{'R3'},{'R2'},{'R1'},{'D1'},,,,&,1.0,&
{'D2'},{'D5'},{'D3'},{'R3'},{'R2'},{'R1'},{'D1'},{'D6'},,,&,1.0,&
{'D2'},{'D5'},{'D3'},{'R3'},{'R2'},{'R1'},{'D1'},{'D7'},,,&,1.0,&
{'D2'},{'D5'},{'D3'},{'D6'},,,,,,,&,2.0,&
{'D2'},{'D5'},{'D3'},{'D6'},{'R1'},,,,,,&,1.0,&
{'D2'},{'D5'},{'D3'},{'D6'},{'R3'},{'D1'},,,,,&,1.0,&
{'D2'},{'D5'},{'D1'},,,,,,,,&,29.0,&
{'D2'},{'D5'},{'D1'},{'R2'},,,,,,,&,4.0,&
{'D2'},{'D5'},{'D1'},{'R2'},{'D6'},,,,,,&,1.0,&
{'D2'},{'D5'},{'D1'},{'R2'},{'D7'},{'R3'},{'R1'},,,,&,1.0,&
{'D2'},{'D5'},{'D1'},{'R2'},{'D3'},,,,,,&,2.0,&
{'D2'},{'D5'},{'D1'},{'R2'},{'D3'},{'D6'},{'R3'},{'R1'},{'D7'},{'D4'},&,1.0,&
{'D2'},{'D5'},{'D1'},{'R2'},{'D3'},{'D6'},{'D4'},{'D7'},{'R3'},,&,1.0,&
{'D2'},{'D5'},{'D1'},{'R2'},{'D3'},{'R3'},{'R1'},{'D7'},,,&,1.0,&
{'D2'},{'D5'},{'D1'},{'R2'},{'D3'},{'R1'},{'D7'},{'D6'},{'R3'},{'D4'},&,1.0,&
{'D2'},{'D5'},{'D1'},{'R2'},{'D3'},{'R1'},{'R3'},,,,&,1.0,&
{'D2'},{'D5'},{'D1'},{'R2'},{'R1'},{'D6'},{'R3'},,,,&,1.0,&
{'D2'},{'D5'},{'D1'},{'R2'},{'R3'},,,,,,&,1.0,&
{'D2'},{'D5'},{'D1'},{'R2'},{'R3'},{'D7'},{'R1'},{'D6'},,,&,1.0,&
{'D2'},{'D5'},{'D1'},{'R2'},{'R3'},{'D6'},{'R1'},{'D3'},{'D4'},,&,1.0,&
{'D2'},{'D5'},{'D1'},{'R2'},{'R3'},{'D6'},{'D3'},,,,&,1.0,&
{'D2'},{'D5'},{'D1'},{'R2'},{'R3'},{'R1'},{'D3'},,,,&,1.0,&
{'D2'},{'D5'},{'D1'},{'R2'},{'R3'},{'R1'},{'D3'},{'D6'},,,&,1.0,&
{'D2'},{'D5'},{'D1'},{'D3'},,,,,,,&,8.0,&
{'D2'},{'D5'},{'D1'},{'D3'},{'D6'},,,,,,&,1.0,&
{'D2'},{'D5'},{'D1'},{'D3'},{'D6'},{'R2'},{'R1'},{'D7'},{'R3'},,&,1.0,&
{'D2'},{'D5'},{'D1'},{'D3'},{'D6'},{'R3'},{'D7'},{'D4'},{'R2'},{'R1'},&,1.0,&
{'D2'},{'D5'},{'D1'},{'D3'},{'D6'},{'R3'},{'R2'},{'D4'},{'R1'},{'D7'},&,1.0,&
{'D2'},{'D5'},{'D1'},{'D3'},{'D6'},{'D4'},{'D7'},,,,&,1.0,&
{'D2'},{'D5'},{'D1'},{'D3'},{'D6'},{'D4'},{'R3'},,,,&,1.0,&
{'D2'},{'D5'},{'D1'},{'D3'},{'D7'},,,,,,&,4.0,&
{'D2'},{'D5'},{'D1'},{'D3'},{'D7'},{'R2'},{'R1'},{'D6'},{'D4'},{'R3'},&,1.0,&
{'D2'},{'D5'},{'D1'},{'D3'},{'D7'},{'R2'},{'R1'},{'R3'},,,&,1.0,&
{'D2'},{'D5'},{'D1'},{'D3'},{'D7'},{'D6'},,,,,&,1.0,&
{'D2'},{'D5'},{'D1'},{'D3'},{'D7'},{'D6'},{'R2'},{'D4'},{'R1'},{'R3'},&,1.0,&
{'D2'},{'D5'},{'D1'},{'D3'},{'D7'},{'D6'},{'D4'},,,,&,3.0,&
{'D2'},{'D5'},{'D1'},{'D3'},{'D7'},{'D6'},{'D4'},{'R2'},{'R3'},{'R1'},&,1.0,&
{'D2'},{'D5'},{'D1'},{'D3'},{'D7'},{'R3'},{'R2'},{'R1'},,,&,1.0,&
{'D2'},{'D5'},{'D1'},{'D3'},{'R1'},{'R2'},,,,,&,1.0,&
{'D2'},{'D5'},{'D1'},{'D3'},{'R3'},,,,,,&,1.0,&
{'D2'},{'D5'},{'D1'},{'D3'},{'R3'},{'R2'},,,,,&,1.0,&
{'D2'},{'D5'},{'D1'},{'D3'},{'R3'},{'R2'},{'D7'},,,,&,1.0,&
{'D2'},{'D5'},{'D1'},{'D3'},{'R3'},{'R2'},{'D7'},{'D4'},,,&,1.0,&
{'D2'},{'D5'},{'D1'},{'D3'},{'R3'},{'D6'},,,,,&,1.0,&
{'D2'},{'D5'},{'D1'},{'D3'},{'R3'},{'D6'},{'D4'},{'R2'},{'D7'},,&,1.0,&
{'D2'},{'D5'},{'D1'},{'D3'},{'R2'},,,,,,&,2.0,&
{'D2'},{'D5'},{'D1'},{'D3'},{'R2'},{'D6'},{'D7'},{'D4'},{'R3'},{'R1'},&,1.0,&
{'D2'},{'D5'},{'D1'},{'D3'},{'R2'},{'D6'},{'R3'},{'R1'},,,&,1.0,&
{'D2'},{'D5'},{'D1'},{'D3'},{'R2'},{'D6'},{'D4'},,,,&,1.0,&
{'D2'},{'D5'},{'D1'},{'D3'},{'R2'},{'R3'},{'R1'},{'D6'},{'D7'},{'D4'},&,1.0,&
{'D2'},{'D5'},{'D1'},{'D3'},{'R2'},{'R3'},{'R1'},{'D7'},,,&,1.0,&
{'D2'},{'D5'},{'D1'},{'D3'},{'R2'},{'R3'},{'D6'},,,,&,1.0,&
{'D2'},{'D5'},{'D1'},{'D3'},{'R2'},{'R1'},{'D7'},,,,&,1.0,&
{'D2'},{'D5'},{'D1'},{'D3'},{'R2'},{'D4'},{'D7'},{'D6'},{'R3'},{'R1'},&,1.0,&
{'D2'},{'D5'},{'D1'},{'D4'},{'D3'},{'R1'},,,,,&,1.0,&
{'D2'},{'D5'},{'D1'},{'D7'},,,,,,,&,1.0,&
{'D2'},{'D5'},{'D1'},{'D7'},{'D3'},,,,,,&,1.0,&
{'D2'},{'D5'},{'D1'},{'D7'},{'D3'},{'R2'},{'R1'},{'D6'},{'D4'},,&,1.0,&
{'D2'},{'D5'},{'D1'},{'D7'},{'D3'},{'R3'},{'R2'},{'R1'},{'D6'},{'D4'},&,2.0,&
{'D2'},{'D5'},{'D1'},{'D7'},{'D3'},{'R3'},{'D4'},,,,&,1.0,&
{'D2'},{'D5'},{'D1'},{'D7'},{'R1'},{'D3'},{'R3'},{'D6'},{'R2'},,&,1.0,&
{'D2'},{'D5'},{'D1'},{'D7'},{'R3'},,,,,,&,1.0,&
{'D2'},{'D5'},{'D1'},{'R1'},{'D6'},{'D3'},{'R2'},{'D4'},{'R3'},{'D7'},&,1.0,&
{'D2'},{'D5'},{'D1'},{'R1'},{'D3'},,,,,,&,2.0,&
{'D2'},{'D5'},{'D1'},{'R1'},{'D3'},{'D7'},{'R2'},{'D4'},{'R3'},,&,1.0,&
{'D2'},{'D5'},{'D1'},{'R1'},{'D3'},{'D7'},{'D6'},{'R2'},{'R3'},,&,1.0,&
{'D2'},{'D5'},{'D1'},{'R1'},{'D3'},{'R2'},{'D7'},{'R3'},,,&,1.0,&
{'D2'},{'D5'},{'D1'},{'R1'},{'D3'},{'R3'},{'R2'},,,,&,2.0,&
{'D2'},{'D5'},{'D1'},{'R1'},{'R3'},,,,,,&,1.0,&
{'D2'},{'D5'},{'D1'},{'R1'},{'R3'},{'D3'},,,,,&,1.0,&
{'D2'},{'D5'},{'D1'},{'R1'},{'R2'},{'D6'},{'D7'},{'D3'},,,&,1.0,&
{'D2'},{'D5'},{'D1'},{'R3'},,,,,,,&,8.0,&
{'D2'},{'D5'},{'D1'},{'R3'},{'D6'},{'R2'},,,,,&,1.0,&
{'D2'},{'D5'},{'D1'},{'R3'},{'D6'},{'R2'},{'D3'},{'D4'},,,&,1.0,&
{'D2'},{'D5'},{'D1'},{'R3'},{'D6'},{'D3'},{'D7'},,,,&,1.0,&
{'D2'},{'D5'},{'D1'},{'R3'},{'D6'},{'R1'},{'D3'},{'R2'},{'D7'},{'D4'},&,1.0,&
{'D2'},{'D5'},{'D1'},{'R3'},{'D3'},,,,,,&,5.0,&
{'D2'},{'D5'},{'D1'},{'R3'},{'D3'},{'R2'},,,,,&,2.0,&
{'D2'},{'D5'},{'D1'},{'R3'},{'D3'},{'R2'},{'R1'},,,,&,1.0,&
{'D2'},{'D5'},{'D1'},{'R3'},{'D3'},{'R2'},{'D6'},{'D7'},,,&,1.0,&
{'D2'},{'D5'},{'D1'},{'R3'},{'D3'},{'D6'},,,,,&,1.0,&
{'D2'},{'D5'},{'D1'},{'R3'},{'D3'},{'R1'},{'D6'},{'R2'},{'D7'},,&,1.0,&
{'D2'},{'D5'},{'D1'},{'R3'},{'R1'},{'R2'},{'D6'},{'D3'},,,&,1.0,&
{'D2'},{'D5'},{'D1'},{'R3'},{'R1'},{'D3'},,,,,&,1.0,&
{'D2'},{'D5'},{'D1'},{'R3'},{'R2'},{'D7'},,,,,&,1.0,&
{'D2'},{'D5'},{'D1'},{'R3'},{'R2'},{'D6'},{'R1'},{'D3'},{'D7'},{'D4'},&,1.0,&
{'D2'},{'D5'},{'D1'},{'R3'},{'R2'},{'R1'},{'D6'},{'D3'},,,&,1.0,&
{'D2'},{'D5'},{'D1'},{'R3'},{'R2'},{'R1'},{'D4'},,,,&,1.0,&
{'D2'},{'D5'},{'D1'},{'R3'},{'R2'},{'R1'},{'D3'},{'D7'},{'D4'},,&,1.0,&
{'D2'},{'D5'},{'D1'},{'D6'},,,,,,,&,1.0,&
{'D2'},{'D5'},{'D1'},{'D6'},{'D3'},{'D7'},{'R2'},,,,&,1.0,&
{'D2'},{'D5'},{'D1'},{'D6'},{'D3'},{'R2'},{'D7'},{'R3'},,,&,1.0,&
{'D2'},{'D5'},{'D1'},{'D6'},{'R3'},{'R2'},{'D7'},{'R1'},{'D3'},,&,1.0,&
{'D2'},{'D5'},{'D1'},{'D6'},{'R3'},{'R2'},{'R1'},{'D3'},{'D4'},,&,1.0,&
{'D2'},{'D5'},{'D1'},{'D6'},{'R3'},{'D3'},{'D7'},,,,&,1.0,&
{'D2'},{'D5'},{'D1'},{'D6'},{'R2'},{'D3'},{'R1'},{'D7'},{'D4'},,&,1.0,&
{'D2'},{'D5'},{'D7'},,,,,,,,&,5.0,&
{'D2'},{'D5'},{'D7'},{'R2'},{'D3'},{'D1'},{'D6'},,,,&,1.0,&
{'D2'},{'D5'},{'D7'},{'R2'},{'R1'},{'D3'},{'D1'},,,,&,1.0,&
{'D2'},{'D5'},{'D7'},{'R2'},{'D1'},{'D3'},{'R3'},{'D6'},,,&,1.0,&
{'D2'},{'D5'},{'D7'},{'D1'},{'D6'},{'R2'},,,,,&,1.0,&
{'D2'},{'D5'},{'D7'},{'D1'},{'D6'},{'D3'},,,,,&,1.0,&
{'D2'},{'D5'},{'D7'},{'D1'},{'R1'},{'R2'},{'D6'},{'D3'},{'D4'},{'R3'},&,1.0,&
{'D2'},{'D5'},{'D7'},{'D3'},,,,,,,&,1.0,&
{'D2'},{'D5'},{'D7'},{'D3'},{'R1'},{'D1'},{'R2'},{'D4'},{'R3'},{'D6'},&,1.0,&
{'D2'},{'D5'},{'D7'},{'R1'},{'R3'},{'R2'},{'D3'},,,,&,1.0,&
{'D2'},{'D5'},{'D7'},{'R3'},,,,,,,&,2.0,&
{'D2'},{'D5'},{'D7'},{'R3'},{'D6'},{'D1'},{'D3'},{'D4'},,,&,1.0,&
{'D2'},{'D5'},{'D7'},{'R3'},{'D3'},{'R1'},,,,,&,1.0,&
{'D2'},{'D5'},{'D7'},{'R3'},{'R2'},{'D1'},{'D3'},{'D6'},{'R1'},,&,1.0,&
{'D2'},{'D5'},{'D7'},{'D6'},{'D3'},{'D1'},,,,,&,1.0,&
{'D2'},{'D5'},{'D7'},{'D6'},{'D3'},{'R1'},{'R3'},{'D1'},{'D4'},{'R2'},&,1.0,&
{'D2'},{'D5'},{'R3'},,,,,,,,&,22.0,&
{'D2'},{'D5'},{'R3'},{'R2'},,,,,,,&,7.0,&
{'D2'},{'D5'},{'R3'},{'R2'},{'D6'},,,,,,&,1.0,&
{'D2'},{'D5'},{'R3'},{'R2'},{'D3'},,,,,,&,1.0,&
{'D2'},{'D5'},{'R3'},{'R2'},{'D3'},{'D1'},{'R1'},,,,&,1.0,&
{'D2'},{'D5'},{'R3'},{'R2'},{'D3'},{'D1'},{'R1'},{'D6'},{'D4'},{'D7'},&,1.0,&
{'D2'},{'D5'},{'R3'},{'R2'},{'D3'},{'R1'},,,,,&,1.0,&
{'D2'},{'D5'},{'R3'},{'R2'},{'D3'},{'R1'},{'D1'},,,,&,2.0,&
{'D2'},{'D5'},{'R3'},{'R2'},{'R1'},,,,,,&,2.0,&
{'D2'},{'D5'},{'R3'},{'R2'},{'R1'},{'D1'},{'D7'},{'D3'},{'D4'},{'D6'},&,1.0,&
{'D2'},{'D5'},{'R3'},{'R2'},{'R1'},{'D1'},{'D3'},{'D4'},{'D7'},,&,1.0,&
{'D2'},{'D5'},{'R3'},{'R2'},{'R1'},{'D1'},{'D3'},{'D7'},,,&,1.0,&
{'D2'},{'D5'},{'R3'},{'R2'},{'R1'},{'D3'},,,,,&,2.0,&
{'D2'},{'D5'},{'R3'},{'R2'},{'R1'},{'D3'},{'D1'},{'D6'},{'D7'},,&,1.0,&
{'D2'},{'D5'},{'R3'},{'R2'},{'R1'},{'D3'},{'D6'},{'D1'},{'D7'},,&,1.0,&
{'D2'},{'D5'},{'R3'},{'R2'},{'D1'},{'D3'},{'D6'},,,,&,1.0,&
{'D2'},{'D5'},{'R3'},{'R2'},{'D1'},{'R1'},{'D7'},{'D4'},{'D3'},,&,1.0,&
{'D2'},{'D5'},{'R3'},{'R2'},{'D1'},{'R1'},{'D3'},{'D6'},{'D7'},{'D4'},&,1.0,&
{'D2'},{'D5'},{'R3'},{'D1'},,,,,,,&,3.0,&
{'D2'},{'D5'},{'R3'},{'D1'},{'D6'},,,,,,&,3.0,&
{'D2'},{'D5'},{'R3'},{'D1'},{'D6'},{'D3'},{'R2'},,,,&,1.0,&
{'D2'},{'D5'},{'R3'},{'D1'},{'D6'},{'D3'},{'R2'},{'D7'},{'D4'},,&,1.0,&
{'D2'},{'D5'},{'R3'},{'D1'},{'D7'},,,,,,&,1.0,&
{'D2'},{'D5'},{'R3'},{'D1'},{'D7'},{'D4'},{'R2'},{'D3'},{'D6'},,&,1.0,&
{'D2'},{'D5'},{'R3'},{'D1'},{'D3'},,,,,,&,3.0,&
{'D2'},{'D5'},{'R3'},{'D1'},{'D3'},{'D7'},,,,,&,1.0,&
{'D2'},{'D5'},{'R3'},{'D1'},{'D3'},{'D7'},{'R2'},,,,&,1.0,&
{'D2'},{'D5'},{'R3'},{'D1'},{'D3'},{'R2'},{'R1'},{'D7'},,,&,1.0,&
{'D2'},{'D5'},{'R3'},{'D1'},{'D3'},{'R2'},{'D6'},,,,&,1.0,&
{'D2'},{'D5'},{'R3'},{'D1'},{'R1'},,,,,,&,1.0,&
{'D2'},{'D5'},{'R3'},{'D1'},{'R1'},{'D7'},{'R2'},{'D3'},{'D6'},,&,1.0,&
{'D2'},{'D5'},{'R3'},{'D1'},{'R1'},{'R2'},{'D3'},,,,&,1.0,&
{'D2'},{'D5'},{'R3'},{'D1'},{'R2'},,,,,,&,2.0,&
{'D2'},{'D5'},{'R3'},{'D1'},{'R2'},{'D6'},,,,,&,1.0,&
{'D2'},{'D5'},{'R3'},{'D1'},{'R2'},{'D6'},{'D3'},{'D7'},{'R1'},{'D4'},&,1.0,&
{'D2'},{'D5'},{'R3'},{'D1'},{'R2'},{'D3'},{'D7'},,,,&,1.0,&
{'D2'},{'D5'},{'R3'},{'D1'},{'R2'},{'D3'},{'D7'},{'D6'},{'D4'},{'R1'},&,1.0,&
{'D2'},{'D5'},{'R3'},{'D1'},{'R2'},{'D3'},{'D4'},{'D7'},{'D6'},{'R1'},&,1.0,&
{'D2'},{'D5'},{'R3'},{'D3'},,,,,,,&,6.0,&
{'D2'},{'D5'},{'R3'},{'D3'},{'D6'},,,,,,&,2.0,&
{'D2'},{'D5'},{'R3'},{'D3'},{'D6'},{'R2'},{'D1'},{'D7'},{'D4'},,&,1.0,&
{'D2'},{'D5'},{'R3'},{'D3'},{'D6'},{'R1'},{'D7'},{'R2'},{'D1'},{'D4'},&,1.0,&
{'D2'},{'D5'},{'R3'},{'D3'},{'R1'},{'D1'},,,,,&,1.0,&
{'D2'},{'D5'},{'R3'},{'D3'},{'R1'},{'R2'},{'D1'},{'D7'},{'D6'},{'D4'},&,1.0,&
{'D2'},{'D5'},{'R3'},{'D3'},{'D1'},,,,,,&,1.0,&
{'D2'},{'D5'},{'R3'},{'D3'},{'D1'},{'D7'},{'R2'},{'D6'},{'D4'},,&,1.0,&
{'D2'},{'D5'},{'R3'},{'D3'},{'D1'},{'R2'},{'D7'},{'R1'},{'D6'},,&,1.0,&
{'D2'},{'D5'},{'R3'},{'D3'},{'D1'},{'R2'},{'R1'},{'D6'},{'D7'},{'D4'},&,1.0,&
{'D2'},{'D5'},{'R3'},{'D3'},{'D1'},{'R2'},{'R1'},{'D7'},,,&,1.0,&
{'D2'},{'D5'},{'R3'},{'D3'},{'D1'},{'R1'},,,,,&,1.0,&
{'D2'},{'D5'},{'R3'},{'D3'},{'R2'},,,,,,&,2.0,&
{'D2'},{'D5'},{'R3'},{'D3'},{'R2'},{'D6'},{'R1'},{'D1'},{'D4'},{'D7'},&,1.0,&
{'D2'},{'D5'},{'R3'},{'D3'},{'R2'},{'R1'},,,,,&,1.0,&
{'D2'},{'D5'},{'R3'},{'D3'},{'R2'},{'R1'},{'D1'},{'D6'},{'D7'},{'D4'},&,1.0,&
{'D2'},{'D5'},{'R3'},{'D3'},{'R2'},{'R1'},{'D1'},{'D7'},{'D6'},,&,1.0,&
{'D2'},{'D5'},{'R3'},{'D3'},{'R2'},{'D4'},{'R1'},{'D1'},{'D6'},,&,1.0,&
{'D2'},{'D5'},{'R3'},{'D7'},,,,,,,&,2.0,&
{'D2'},{'D5'},{'R3'},{'D7'},{'D3'},{'D6'},{'D1'},{'R1'},{'R2'},{'D4'},&,1.0,&
{'D2'},{'D5'},{'R3'},{'D7'},{'R2'},{'D1'},{'D3'},{'D6'},{'D4'},,&,1.0,&
{'D2'},{'D5'},{'R3'},{'R1'},{'D6'},,,,,,&,1.0,&
{'D2'},{'D5'},{'R3'},{'R1'},{'D3'},{'D1'},{'R2'},{'D4'},{'D6'},,&,1.0,&
{'D2'},{'D5'},{'R3'},{'R1'},{'D1'},{'R2'},{'D3'},,,,&,1.0,&
{'D2'},{'D5'},{'R3'},{'R1'},{'R2'},{'D1'},{'D6'},{'D3'},,,&,1.0,&
{'D2'},{'D5'},{'R3'},{'D6'},{'D1'},,,,,,&,1.0,&
{'D2'},{'D5'},{'R3'},{'D6'},{'D1'},{'D3'},{'D4'},{'D7'},,,&,1.0,&
{'D2'},{'D5'},{'R3'},{'D6'},{'R2'},{'D1'},{'R1'},{'D3'},{'D7'},,&,1.0,&
{'D2'},{'D5'},{'R3'},{'D6'},{'R2'},{'D3'},{'D1'},{'D7'},{'D4'},{'R1'},&,1.0,&
{'D2'},{'D5'},{'R2'},,,,,,,,&,24.0,&
{'D2'},{'D5'},{'R2'},{'D1'},,,,,,,&,4.0,&
{'D2'},{'D5'},{'R2'},{'D1'},{'D6'},{'D3'},,,,,&,1.0,&
{'D2'},{'D5'},{'R2'},{'D1'},{'D6'},{'D3'},{'D7'},{'D4'},{'R3'},,&,1.0,&
{'D2'},{'D5'},{'R2'},{'D1'},{'D6'},{'D3'},{'R3'},,,,&,1.0,&
{'D2'},{'D5'},{'R2'},{'D1'},{'D7'},{'D3'},{'D6'},{'R3'},,,&,1.0,&
{'D2'},{'D5'},{'R2'},{'D1'},{'D3'},,,,,,&,1.0,&
{'D2'},{'D5'},{'R2'},{'D1'},{'D3'},{'D6'},{'R3'},{'D7'},{'D4'},,&,1.0,&
{'D2'},{'D5'},{'R2'},{'D1'},{'D3'},{'D6'},{'D4'},{'R3'},{'D7'},{'R1'},&,1.0,&
{'D2'},{'D5'},{'R2'},{'D1'},{'D3'},{'R3'},{'R1'},,,,&,1.0,&
{'D2'},{'D5'},{'R2'},{'D1'},{'R1'},{'D6'},{'R3'},{'D3'},{'D4'},,&,1.0,&
{'D2'},{'D5'},{'R2'},{'D1'},{'R3'},,,,,,&,1.0,&
{'D2'},{'D5'},{'R2'},{'D1'},{'R3'},{'D6'},{'D3'},,,,&,1.0,&
{'D2'},{'D5'},{'R2'},{'D1'},{'R3'},{'D3'},{'D7'},{'D6'},{'R1'},,&,2.0,&
{'D2'},{'D5'},{'R2'},{'D1'},{'R3'},{'D3'},{'R1'},{'D6'},,,&,1.0,&
{'D2'},{'D5'},{'R2'},{'D1'},{'R3'},{'R1'},,,,,&,1.0,&
{'D2'},{'D5'},{'R2'},{'D1'},{'R3'},{'R1'},{'D3'},{'D6'},{'D7'},,&,1.0,&
{'D2'},{'D5'},{'R2'},{'D1'},{'R3'},{'R1'},{'D3'},{'D4'},{'D7'},,&,1.0,&
{'D2'},{'D5'},{'R2'},{'D1'},{'R3'},{'R1'},{'D3'},{'D7'},{'D6'},{'D4'},&,1.0,&
{'D2'},{'D5'},{'R2'},{'D1'},{'D4'},{'D3'},{'D7'},{'D6'},,,&,1.0,&
{'D2'},{'D5'},{'R2'},{'D1'},{'D4'},{'D3'},{'R3'},,,,&,1.0,&
{'D2'},{'D5'},{'R2'},{'D3'},,,,,,,&,2.0,&
{'D2'},{'D5'},{'R2'},{'D3'},{'D6'},{'D1'},{'R3'},{'D7'},{'D4'},,&,1.0,&
{'D2'},{'D5'},{'R2'},{'D3'},{'R1'},{'R3'},{'D6'},{'D1'},,,&,1.0,&
{'D2'},{'D5'},{'R2'},{'D3'},{'R3'},,,,,,&,1.0,&
{'D2'},{'D5'},{'R2'},{'D3'},{'R3'},{'D1'},,,,,&,1.0,&
{'D2'},{'D5'},{'R2'},{'D3'},{'R3'},{'D1'},{'D7'},{'R1'},,,&,1.0,&
{'D2'},{'D5'},{'R2'},{'D3'},{'R3'},{'R1'},{'D1'},,,,&,2.0,&
{'D2'},{'D5'},{'R2'},{'D3'},{'R3'},{'R1'},{'D1'},{'D6'},{'D7'},,&,1.0,&
{'D2'},{'D5'},{'R2'},{'D3'},{'R3'},{'R1'},{'D1'},{'D6'},{'D7'},{'D4'},&,1.0,&
{'D2'},{'D5'},{'R2'},{'D3'},{'D1'},,,,,,&,1.0,&
{'D2'},{'D5'},{'R2'},{'D3'},{'D1'},{'D7'},{'D6'},{'D4'},,,&,1.0,&
{'D2'},{'D5'},{'R2'},{'D3'},{'D1'},{'R1'},{'R3'},{'D6'},{'D7'},,&,1.0,&
{'D2'},{'D5'},{'R2'},{'D7'},{'D3'},{'R3'},,,,,&,1.0,&
{'D2'},{'D5'},{'R2'},{'D7'},{'R1'},,,,,,&,1.0,&
{'D2'},{'D5'},{'R2'},{'D7'},{'R3'},,,,,,&,1.0,&
{'D2'},{'D5'},{'R2'},{'D7'},{'R3'},{'D1'},,,,,&,1.0,&
{'D2'},{'D5'},{'R2'},{'D7'},{'R3'},{'D1'},{'D3'},{'D6'},{'D4'},,&,1.0,&
{'D2'},{'D5'},{'R2'},{'R1'},,,,,,,&,1.0,&
{'D2'},{'D5'},{'R2'},{'R1'},{'D3'},{'D1'},{'D6'},{'R3'},,,&,1.0,&
{'D2'},{'D5'},{'R2'},{'R1'},{'R3'},{'D1'},,,,,&,1.0,&
{'D2'},{'D5'},{'R2'},{'R1'},{'R3'},{'D3'},{'D1'},{'D6'},{'D7'},{'D4'},&,1.0,&
{'D2'},{'D5'},{'R2'},{'R1'},{'D1'},{'R3'},{'D4'},,,,&,1.0,&
{'D2'},{'D5'},{'R2'},{'R1'},{'D1'},{'D3'},{'D7'},,,,&,1.0,&
{'D2'},{'D5'},{'R2'},{'R3'},,,,,,,&,7.0,&
{'D2'},{'D5'},{'R2'},{'R3'},{'D6'},{'D3'},{'D7'},,,,&,1.0,&
{'D2'},{'D5'},{'R2'},{'R3'},{'D3'},,,,,,&,2.0,&
{'D2'},{'D5'},{'R2'},{'R3'},{'D3'},{'D1'},{'D6'},{'R1'},,,&,1.0,&
{'D2'},{'D5'},{'R2'},{'R3'},{'D3'},{'D1'},{'D6'},{'R1'},{'D7'},,&,1.0,&
{'D2'},{'D5'},{'R2'},{'R3'},{'D3'},{'D7'},{'D1'},{'D4'},{'D6'},{'R1'},&,1.0,&
{'D2'},{'D5'},{'R2'},{'R3'},{'D3'},{'D6'},{'D1'},{'D7'},{'R1'},{'D4'},&,1.0,&
{'D2'},{'D5'},{'R2'},{'R3'},{'D3'},{'R1'},,,,,&,2.0,&
{'D2'},{'D5'},{'R2'},{'R3'},{'R1'},,,,,,&,3.0,&
{'D2'},{'D5'},{'R2'},{'R3'},{'R1'},{'D1'},,,,,&,3.0,&
{'D2'},{'D5'},{'R2'},{'R3'},{'R1'},{'D1'},{'D3'},,,,&,1.0,&
{'D2'},{'D5'},{'R2'},{'R3'},{'R1'},{'D1'},{'D3'},{'D7'},{'D6'},,&,1.0,&
{'D2'},{'D5'},{'R2'},{'R3'},{'R1'},{'D7'},{'D1'},,,,&,1.0,&
{'D2'},{'D5'},{'R2'},{'R3'},{'R1'},{'D6'},,,,,&,1.0,&
{'D2'},{'D5'},{'R2'},{'R3'},{'R1'},{'D6'},{'D1'},{'D3'},{'D4'},{'D7'},&,1.0,&
{'D2'},{'D5'},{'R2'},{'R3'},{'R1'},{'D6'},{'D4'},,,,&,1.0,&
{'D2'},{'D5'},{'R2'},{'R3'},{'R1'},{'D6'},{'D3'},,,,&,2.0,&
{'D2'},{'D5'},{'R2'},{'R3'},{'R1'},{'D3'},,,,,&,1.0,&
{'D2'},{'D5'},{'R2'},{'R3'},{'R1'},{'D3'},{'D7'},,,,&,1.0,&
{'D2'},{'D5'},{'R2'},{'R3'},{'D1'},,,,,,&,2.0,&
{'D2'},{'D5'},{'R2'},{'R3'},{'D1'},{'D6'},{'D3'},{'D7'},{'D4'},{'R1'},&,1.0,&
{'D2'},{'D5'},{'R2'},{'R3'},{'D1'},{'R1'},{'D3'},{'D7'},,,&,1.0,&
{'D2'},{'D5'},{'R2'},{'D6'},,,,,,,&,1.0,&
{'D2'},{'D5'},{'R2'},{'D6'},{'D3'},,,,,,&,1.0,&
{'D2'},{'D5'},{'R2'},{'D6'},{'D3'},{'R1'},,,,,&,1.0,&
{'D2'},{'D5'},{'R2'},{'D6'},{'R1'},,,,,,&,1.0,&
{'D2'},{'D5'},{'R2'},{'D6'},{'R3'},{'D3'},{'R1'},,,,&,1.0,&
{'D2'},{'D5'},{'R2'},{'D6'},{'R3'},{'D3'},{'R1'},{'D1'},,,&,1.0,&
{'D2'},{'D5'},{'R2'},{'D6'},{'D1'},{'D3'},,,,,&,1.0,&
{'D2'},{'D5'},{'D4'},{'R2'},{'D3'},,,,,,&,1.0,&
{'D2'},{'D5'},{'D4'},{'D1'},{'R3'},,,,,,&,1.0,&
{'D2'},{'D5'},{'D4'},{'D1'},{'R2'},,,,,,&,1.0,&
{'D2'},{'D5'},{'D4'},{'D7'},,,,,,,&,1.0,&
{'D2'},{'D5'},{'D4'},{'R1'},{'R3'},{'D3'},{'R2'},{'D1'},{'D7'},{'D6'},&,1.0,&
{'D2'},{'D5'},{'D4'},{'R3'},,,,,,,&,1.0,&
{'D2'},{'R1'},,,,,,,,,&,44.0,&
{'D2'},{'R1'},{'D6'},,,,,,,,&,3.0,&
{'D2'},{'R1'},{'D6'},{'R2'},,,,,,,&,1.0,&
{'D2'},{'R1'},{'D6'},{'R2'},{'D3'},{'D1'},{'D5'},{'R3'},{'D4'},{'D7'},&,1.0,&
{'D2'},{'R1'},{'D6'},{'R2'},{'R3'},{'D1'},,,,,&,1.0,&
{'D2'},{'R1'},{'D6'},{'R2'},{'R3'},{'D3'},{'D5'},{'D1'},{'D7'},,&,1.0,&
{'D2'},{'R1'},{'D6'},{'R2'},{'D1'},,,,,,&,1.0,&
{'D2'},{'R1'},{'D6'},{'D1'},,,,,,,&,1.0,&
{'D2'},{'R1'},{'D6'},{'D1'},{'D7'},{'D3'},{'D5'},{'D4'},{'R2'},,&,1.0,&
{'D2'},{'R1'},{'D6'},{'D1'},{'D3'},{'D5'},,,,,&,1.0,&
{'D2'},{'R1'},{'D6'},{'D1'},{'D3'},{'R2'},{'D5'},{'D7'},{'R3'},,&,1.0,&
{'D2'},{'R1'},{'D6'},{'D1'},{'R3'},{'R2'},{'D3'},,,,&,1.0,&
{'D2'},{'R1'},{'D6'},{'D1'},{'R3'},{'D3'},{'R2'},{'D7'},,,&,1.0,&
{'D2'},{'R1'},{'D6'},{'D1'},{'R2'},{'D3'},{'D4'},{'D5'},{'D7'},,&,1.0,&
{'D2'},{'R1'},{'D6'},{'D3'},,,,,,,&,2.0,&
{'D2'},{'R1'},{'D6'},{'D3'},{'D5'},,,,,,&,1.0,&
{'D2'},{'R1'},{'D6'},{'D3'},{'R3'},{'R2'},{'D1'},{'D5'},{'D4'},{'D7'},&,1.0,&
{'D2'},{'R1'},{'D6'},{'D3'},{'D1'},{'D7'},,,,,&,1.0,&
{'D2'},{'R1'},{'D6'},{'D3'},{'R2'},,,,,,&,1.0,&
{'D2'},{'R1'},{'D6'},{'D3'},{'R2'},{'D1'},{'R3'},{'D5'},{'D7'},{'D4'},&,1.0,&
{'D2'},{'R1'},{'D6'},{'D3'},{'R2'},{'R3'},,,,,&,1.0,&
{'D2'},{'R1'},{'D6'},{'D7'},{'D1'},{'R2'},{'D3'},{'D4'},{'R3'},,&,1.0,&
{'D2'},{'R1'},{'D6'},{'R3'},{'D3'},,,,,,&,1.0,&
{'D2'},{'R1'},{'D6'},{'R3'},{'D1'},,,,,,&,1.0,&
{'D2'},{'R1'},{'D6'},{'R3'},{'R2'},{'D3'},{'D1'},{'D5'},,,&,1.0,&
{'D2'},{'R1'},{'D3'},,,,,,,,&,16.0,&
{'D2'},{'R1'},{'D3'},{'R2'},,,,,,,&,3.0,&
{'D2'},{'R1'},{'D3'},{'R2'},{'D6'},{'D1'},{'R3'},,,,&,1.0,&
{'D2'},{'R1'},{'D3'},{'R2'},{'D6'},{'D1'},{'D5'},{'D7'},,,&,1.0,&
{'D2'},{'R1'},{'D3'},{'R2'},{'D6'},{'R3'},{'D1'},,,,&,1.0,&
{'D2'},{'R1'},{'D3'},{'R2'},{'D5'},,,,,,&,1.0,&
{'D2'},{'R1'},{'D3'},{'R2'},{'R3'},,,,,,&,1.0,&
{'D2'},{'R1'},{'D3'},{'R2'},{'R3'},{'D1'},,,,,&,1.0,&
{'D2'},{'R1'},{'D3'},{'R2'},{'R3'},{'D1'},{'D7'},{'D6'},,,&,1.0,&
{'D2'},{'R1'},{'D3'},{'R2'},{'R3'},{'D4'},,,,,&,1.0,&
{'D2'},{'R1'},{'D3'},{'R2'},{'D1'},{'D7'},,,,,&,1.0,&
{'D2'},{'R1'},{'D3'},{'R2'},{'D1'},{'D5'},{'R3'},,,,&,1.0,&
{'D2'},{'R1'},{'D3'},{'R2'},{'D1'},{'D5'},{'D6'},{'D7'},{'D4'},,&,1.0,&
{'D2'},{'R1'},{'D3'},{'R2'},{'D1'},{'D6'},{'R3'},,,,&,1.0,&
{'D2'},{'R1'},{'D3'},{'R2'},{'D1'},{'R3'},{'D5'},{'D6'},{'D4'},{'D7'},&,1.0,&
{'D2'},{'R1'},{'D3'},{'D1'},,,,,,,&,5.0,&
{'D2'},{'R1'},{'D3'},{'D1'},{'D6'},{'R2'},{'R3'},{'D5'},{'D7'},{'D4'},&,1.0,&
{'D2'},{'R1'},{'D3'},{'D1'},{'D6'},{'R3'},{'R2'},{'D5'},,,&,1.0,&
{'D2'},{'R1'},{'D3'},{'D1'},{'D7'},{'D6'},,,,,&,1.0,&
{'D2'},{'R1'},{'D3'},{'D1'},{'D7'},{'R3'},{'R2'},{'D5'},{'D6'},{'D4'},&,1.0,&
{'D2'},{'R1'},{'D3'},{'D1'},{'D5'},,,,,,&,2.0,&
{'D2'},{'R1'},{'D3'},{'D1'},{'D5'},{'R2'},{'R3'},{'D6'},,,&,1.0,&
{'D2'},{'R1'},{'D3'},{'D1'},{'D5'},{'R2'},{'R3'},{'D6'},{'D7'},,&,1.0,&
{'D2'},{'R1'},{'D3'},{'D1'},{'D5'},{'R2'},{'R3'},{'D7'},{'D4'},{'D6'},&,1.0,&
{'D2'},{'R1'},{'D3'},{'D1'},{'R3'},,,,,,&,3.0,&
{'D2'},{'R1'},{'D3'},{'D1'},{'R3'},{'R2'},,,,,&,1.0,&
{'D2'},{'R1'},{'D3'},{'D1'},{'R3'},{'D6'},{'D7'},{'D4'},{'D5'},,&,1.0,&
{'D2'},{'R1'},{'D3'},{'D1'},{'R3'},{'D6'},{'D7'},{'D5'},{'R2'},,&,1.0,&
{'D2'},{'R1'},{'D3'},{'D1'},{'R3'},{'D6'},{'D5'},{'R2'},,,&,1.0,&
{'D2'},{'R1'},{'D3'},{'D1'},{'R2'},,,,,,&,3.0,&
{'D2'},{'R1'},{'D3'},{'D1'},{'R2'},{'D7'},{'R3'},{'D6'},{'D5'},{'D4'},&,1.0,&
{'D2'},{'R1'},{'D3'},{'D1'},{'R2'},{'D5'},,,,,&,1.0,&
{'D2'},{'R1'},{'D3'},{'D1'},{'R2'},{'D5'},{'D7'},{'D6'},{'R3'},{'D4'},&,1.0,&
{'D2'},{'R1'},{'D3'},{'D1'},{'R2'},{'D5'},{'R3'},,,,&,1.0,&
{'D2'},{'R1'},{'D3'},{'D1'},{'R2'},{'D5'},{'R3'},{'D6'},{'D7'},,&,1.0,&
{'D2'},{'R1'},{'D3'},{'D1'},{'R2'},{'D5'},{'D6'},,,,&,1.0,&
{'D2'},{'R1'},{'D3'},{'D1'},{'R2'},{'D6'},{'D4'},{'R3'},{'D5'},{'D7'},&,1.0,&
{'D2'},{'R1'},{'D3'},{'D1'},{'R2'},{'R3'},,,,,&,1.0,&
{'D2'},{'R1'},{'D3'},{'D1'},{'R2'},{'R3'},{'D5'},{'D6'},{'D7'},,&,1.0,&
{'D2'},{'R1'},{'D3'},{'D1'},{'R2'},{'R3'},{'D6'},{'D5'},{'D4'},,&,1.0,&
{'D2'},{'R1'},{'D3'},{'D1'},{'D4'},,,,,,&,1.0,&
{'D2'},{'R1'},{'D3'},{'D5'},,,,,,,&,3.0,&
{'D2'},{'R1'},{'D3'},{'D5'},{'R3'},,,,,,&,1.0,&
{'D2'},{'R1'},{'D3'},{'D5'},{'R3'},{'D1'},{'R2'},{'D6'},{'D4'},{'D7'},&,1.0,&
{'D2'},{'R1'},{'D3'},{'D5'},{'R3'},{'R2'},{'D1'},{'D6'},{'D7'},{'D4'},&,1.0,&
{'D2'},{'R1'},{'D3'},{'D5'},{'D1'},,,,,,&,2.0,&
{'D2'},{'R1'},{'D3'},{'D5'},{'D1'},{'D6'},{'R2'},,,,&,1.0,&
{'D2'},{'R1'},{'D3'},{'D5'},{'D1'},{'R3'},,,,,&,1.0,&
{'D2'},{'R1'},{'D3'},{'D5'},{'D1'},{'D4'},,,,,&,1.0,&
{'D2'},{'R1'},{'D3'},{'D5'},{'R2'},,,,,,&,1.0,&
{'D2'},{'R1'},{'D3'},{'D7'},,,,,,,&,1.0,&
{'D2'},{'R1'},{'D3'},{'D7'},{'R3'},{'R2'},,,,,&,1.0,&
{'D2'},{'R1'},{'D3'},{'D7'},{'D1'},{'R2'},,,,,&,1.0,&
{'D2'},{'R1'},{'D3'},{'D7'},{'R2'},{'D1'},,,,,&,1.0,&
{'D2'},{'R1'},{'D3'},{'R3'},,,,,,,&,2.0,&
{'D2'},{'R1'},{'D3'},{'R3'},{'D6'},{'D1'},{'D7'},,,,&,1.0,&
{'D2'},{'R1'},{'D3'},{'R3'},{'D6'},{'R2'},,,,,&,1.0,&
{'D2'},{'R1'},{'D3'},{'R3'},{'D6'},{'R2'},{'D1'},{'D5'},{'D7'},,&,1.0,&
{'D2'},{'R1'},{'D3'},{'R3'},{'D1'},{'D7'},{'R2'},,,,&,1.0,&
{'D2'},{'R1'},{'D3'},{'R3'},{'D1'},{'R2'},{'D7'},,,,&,1.0,&
{'D2'},{'R1'},{'D3'},{'R3'},{'D1'},{'R2'},{'D5'},{'D6'},,,&,1.0,&
{'D2'},{'R1'},{'D3'},{'R3'},{'R2'},{'D1'},,,,,&,2.0,&
{'D2'},{'R1'},{'D3'},{'R3'},{'R2'},{'D1'},{'D5'},,,,&,1.0,&
{'D2'},{'R1'},{'D3'},{'R3'},{'R2'},{'D1'},{'D5'},{'D4'},{'D6'},,&,1.0,&
{'D2'},{'R1'},{'D3'},{'R3'},{'R2'},{'D1'},{'D6'},{'D4'},{'D7'},{'D5'},&,1.0,&
{'D2'},{'R1'},{'D3'},{'R3'},{'R2'},{'D1'},{'D6'},{'D7'},{'D4'},{'D5'},&,1.0,&
{'D2'},{'R1'},{'D3'},{'R3'},{'R2'},{'D1'},{'D6'},{'D5'},{'D7'},,&,1.0,&
{'D2'},{'R1'},{'D3'},{'R3'},{'R2'},{'D6'},,,,,&,1.0,&
{'D2'},{'R1'},{'D3'},{'R3'},{'R2'},{'D4'},,,,,&,1.0,&
{'D2'},{'R1'},{'D3'},{'D6'},{'D7'},{'D1'},{'R3'},{'D5'},{'D4'},{'R2'},&,1.0,&
{'D2'},{'R1'},{'D3'},{'D6'},{'D7'},{'D4'},{'D5'},{'D1'},,,&,1.0,&
{'D2'},{'R1'},{'D3'},{'D6'},{'R3'},{'D1'},,,,,&,1.0,&
{'D2'},{'R1'},{'D3'},{'D6'},{'R3'},{'D7'},{'D1'},{'D5'},,,&,1.0,&
{'D2'},{'R1'},{'D3'},{'D6'},{'R3'},{'R2'},{'D7'},{'D1'},,,&,1.0,&
{'D2'},{'R1'},{'D3'},{'D6'},{'D1'},{'R3'},{'D5'},{'R2'},{'D7'},{'D4'},&,1.0,&
{'D2'},{'R1'},{'D3'},{'D6'},{'R2'},,,,,,&,1.0,&
{'D2'},{'R1'},{'D3'},{'D6'},{'R2'},{'D1'},,,,,&,1.0,&
{'D2'},{'R1'},{'D3'},{'D6'},{'R2'},{'D1'},{'R3'},{'D4'},,,&,1.0,&
{'D2'},{'R1'},{'D3'},{'D6'},{'R2'},{'D1'},{'D5'},{'D7'},,,&,1.0,&
{'D2'},{'R1'},{'D5'},,,,,,,,&,2.0,&
{'D2'},{'R1'},{'D5'},{'R2'},,,,,,,&,1.0,&
{'D2'},{'R1'},{'D5'},{'R2'},{'D3'},{'R3'},{'D1'},{'D7'},,,&,1.0,&
{'D2'},{'R1'},{'D5'},{'R2'},{'D1'},,,,,,&,2.0,&
{'D2'},{'R1'},{'D5'},{'D1'},,,,,,,&,2.0,&
{'D2'},{'R1'},{'D5'},{'D1'},{'R3'},,,,,,&,1.0,&
{'D2'},{'R1'},{'D5'},{'D1'},{'R2'},{'R3'},{'D7'},{'D3'},,,&,1.0,&
{'D2'},{'R1'},{'D5'},{'D1'},{'D4'},{'D6'},,,,,&,1.0,&
{'D2'},{'R1'},{'D5'},{'D3'},{'R3'},{'D1'},{'R2'},,,,&,1.0,&
{'D2'},{'R1'},{'D5'},{'D3'},{'R3'},{'R2'},{'D6'},{'D1'},{'D7'},{'D4'},&,1.0,&
{'D2'},{'R1'},{'D5'},{'D3'},{'D1'},{'R3'},{'D6'},{'D7'},{'D4'},{'R2'},&,1.0,&
{'D2'},{'R1'},{'D5'},{'D3'},{'R2'},{'D7'},,,,,&,1.0,&
{'D2'},{'R1'},{'D5'},{'D3'},{'R2'},{'R3'},,,,,&,1.0,&
{'D2'},{'R1'},{'D5'},{'D7'},{'D3'},{'D6'},,,,,&,1.0,&
{'D2'},{'R1'},{'D5'},{'D7'},{'D1'},{'R2'},,,,,&,1.0,&
{'D2'},{'R1'},{'D5'},{'R3'},{'D1'},{'R2'},{'D7'},{'D3'},,,&,1.0,&
{'D2'},{'R1'},{'D5'},{'R3'},{'D1'},{'D3'},{'R2'},{'D4'},{'D6'},{'D7'},&,1.0,&
{'D2'},{'R1'},{'D5'},{'R3'},{'R2'},{'D3'},,,,,&,1.0,&
{'D2'},{'R1'},{'D5'},{'R3'},{'D4'},{'D3'},{'D1'},,,,&,1.0,&
{'D2'},{'R1'},{'D5'},{'D6'},,,,,,,&,1.0,&
{'D2'},{'R1'},{'D5'},{'D6'},{'D3'},{'R3'},,,,,&,1.0,&
{'D2'},{'R1'},{'D1'},,,,,,,,&,22.0,&
{'D2'},{'R1'},{'D1'},{'R2'},,,,,,,&,4.0,&
{'D2'},{'R1'},{'D1'},{'R2'},{'D6'},,,,,,&,1.0,&
{'D2'},{'R1'},{'D1'},{'R2'},{'D6'},{'R3'},,,,,&,1.0,&
{'D2'},{'R1'},{'D1'},{'R2'},{'D6'},{'D3'},,,,,&,1.0,&
{'D2'},{'R1'},{'D1'},{'R2'},{'D3'},{'D5'},{'D7'},{'R3'},{'D6'},,&,1.0,&
{'D2'},{'R1'},{'D1'},{'R2'},{'D3'},{'R3'},,,,,&,1.0,&
{'D2'},{'R1'},{'D1'},{'R2'},{'D5'},{'D6'},,,,,&,1.0,&
{'D2'},{'R1'},{'D1'},{'R2'},{'R3'},,,,,,&,2.0,&
{'D2'},{'R1'},{'D1'},{'R2'},{'R3'},{'D7'},{'D6'},{'D3'},,,&,1.0,&
{'D2'},{'R1'},{'D1'},{'R2'},{'R3'},{'D3'},,,,,&,2.0,&
{'D2'},{'R1'},{'D1'},{'D5'},,,,,,,&,1.0,&
{'D2'},{'R1'},{'D1'},{'D5'},{'D3'},,,,,,&,1.0,&
{'D2'},{'R1'},{'D1'},{'D5'},{'D3'},{'R3'},{'R2'},{'D7'},,,&,1.0,&
{'D2'},{'R1'},{'D1'},{'D5'},{'R3'},{'R2'},{'D3'},{'D7'},,,&,1.0,&
{'D2'},{'R1'},{'D1'},{'D5'},{'R2'},{'D3'},,,,,&,1.0,&
{'D2'},{'R1'},{'D1'},{'D3'},,,,,,,&,5.0,&
{'D2'},{'R1'},{'D1'},{'D3'},{'D6'},,,,,,&,3.0,&
{'D2'},{'R1'},{'D1'},{'D3'},{'D6'},{'D7'},{'D5'},{'D4'},{'R2'},{'R3'},&,1.0,&
{'D2'},{'R1'},{'D1'},{'D3'},{'D6'},{'D7'},{'R2'},{'D5'},{'R3'},,&,1.0,&
{'D2'},{'R1'},{'D1'},{'D3'},{'D6'},{'D5'},{'D7'},{'R3'},,,&,1.0,&
{'D2'},{'R1'},{'D1'},{'D3'},{'D6'},{'R2'},{'D7'},{'D5'},{'R3'},{'D4'},&,1.0,&
{'D2'},{'R1'},{'D1'},{'D3'},{'D6'},{'R3'},{'D7'},{'D5'},{'D4'},{'R2'},&,1.0,&
{'D2'},{'R1'},{'D1'},{'D3'},{'D7'},{'D5'},,,,,&,1.0,&
{'D2'},{'R1'},{'D1'},{'D3'},{'D7'},{'D5'},{'D6'},,,,&,1.0,&
{'D2'},{'R1'},{'D1'},{'D3'},{'D7'},{'R3'},{'R2'},{'D5'},{'D6'},,&,1.0,&
{'D2'},{'R1'},{'D1'},{'D3'},{'D7'},{'D4'},{'R2'},{'D6'},{'R3'},{'D5'},&,1.0,&
{'D2'},{'R1'},{'D1'},{'D3'},{'D5'},{'R2'},{'D7'},,,,&,1.0,&
{'D2'},{'R1'},{'D1'},{'D3'},{'D5'},{'R3'},,,,,&,1.0,&
{'D2'},{'R1'},{'D1'},{'D3'},{'D5'},{'R3'},{'D7'},{'D6'},{'R2'},,&,1.0,&
{'D2'},{'R1'},{'D1'},{'D3'},{'R3'},,,,,,&,1.0,&
{'D2'},{'R1'},{'D1'},{'D3'},{'R3'},{'R2'},,,,,&,1.0,&
{'D2'},{'R1'},{'D1'},{'D3'},{'R3'},{'R2'},{'D4'},{'D5'},{'D7'},{'D6'},&,1.0,&
{'D2'},{'R1'},{'D1'},{'D3'},{'R2'},{'D7'},,,,,&,1.0,&
{'D2'},{'R1'},{'D1'},{'D3'},{'R2'},{'D6'},{'D4'},{'D7'},{'D5'},,&,1.0,&
{'D2'},{'R1'},{'D1'},{'D3'},{'R2'},{'R3'},,,,,&,2.0,&
{'D2'},{'R1'},{'D1'},{'D3'},{'R2'},{'R3'},{'D7'},{'D6'},,,&,2.0,&
{'D2'},{'R1'},{'D1'},{'D3'},{'R2'},{'R3'},{'D7'},{'D6'},{'D5'},{'D4'},&,1.0,&
{'D2'},{'R1'},{'D1'},{'D7'},{'D6'},{'D5'},{'D3'},{'R3'},{'D4'},{'R2'},&,1.0,&
{'D2'},{'R1'},{'D1'},{'D7'},{'D3'},{'R2'},{'D6'},{'R3'},,,&,1.0,&
{'D2'},{'R1'},{'D1'},{'D7'},{'D3'},{'D6'},{'D5'},,,,&,1.0,&
{'D2'},{'R1'},{'D1'},{'D7'},{'D3'},{'R3'},{'D5'},{'D4'},,,&,1.0,&
{'D2'},{'R1'},{'D1'},{'D7'},{'D3'},{'D4'},,,,,&,1.0,&
{'D2'},{'R1'},{'D1'},{'D7'},{'R3'},{'R2'},{'D6'},{'D3'},,,&,1.0,&
{'D2'},{'R1'},{'D1'},{'D7'},{'R2'},,,,,,&,1.0,&
{'D2'},{'R1'},{'D1'},{'D7'},{'R2'},{'R3'},{'D5'},{'D3'},,,&,1.0,&
{'D2'},{'R1'},{'D1'},{'R3'},,,,,,,&,6.0,&
{'D2'},{'R1'},{'D1'},{'R3'},{'D6'},,,,,,&,1.0,&
{'D2'},{'R1'},{'D1'},{'R3'},{'D7'},{'R2'},{'D6'},{'D3'},,,&,1.0,&
{'D2'},{'R1'},{'D1'},{'R3'},{'D3'},{'D5'},{'D7'},{'D6'},{'R2'},{'D4'},&,1.0,&
{'D2'},{'R1'},{'D1'},{'R3'},{'D3'},{'D4'},{'D6'},{'R2'},{'D5'},,&,1.0,&
{'D2'},{'R1'},{'D1'},{'R3'},{'D5'},{'D7'},{'D3'},{'D6'},{'D4'},,&,1.0,&
{'D2'},{'R1'},{'D1'},{'R3'},{'D5'},{'R2'},,,,,&,1.0,&
{'D2'},{'R1'},{'D1'},{'R3'},{'R2'},{'D5'},{'D7'},{'D3'},,,&,1.0,&
{'D2'},{'R1'},{'D1'},{'R3'},{'R2'},{'D3'},{'D6'},,,,&,2.0,&
{'D2'},{'R1'},{'D1'},{'D6'},{'D7'},,,,,,&,1.0,&
{'D2'},{'R1'},{'D1'},{'D6'},{'D3'},,,,,,&,1.0,&
{'D2'},{'R1'},{'D1'},{'D6'},{'D3'},{'R3'},{'R2'},{'D7'},{'D5'},{'D4'},&,1.0,&
{'D2'},{'R1'},{'D1'},{'D6'},{'R3'},{'D3'},{'R2'},,,,&,1.0,&
{'D2'},{'R1'},{'D1'},{'D6'},{'R2'},{'D3'},,,,,&,1.0,&
{'D2'},{'R1'},{'D7'},,,,,,,,&,4.0,&
{'D2'},{'R1'},{'D7'},{'R2'},{'D3'},{'D6'},{'D1'},{'D5'},{'R3'},,&,1.0,&
{'D2'},{'R1'},{'D7'},{'R2'},{'R3'},{'D3'},{'D6'},{'D5'},{'D1'},{'D4'},&,1.0,&
{'D2'},{'R1'},{'D7'},{'R2'},{'D1'},,,,,,&,1.0,&
{'D2'},{'R1'},{'D7'},{'R2'},{'D1'},{'D3'},{'R3'},{'D5'},,,&,1.0,&
{'D2'},{'R1'},{'D7'},{'D1'},{'D3'},{'R2'},{'D6'},{'D5'},{'R3'},,&,1.0,&
{'D2'},{'R1'},{'D7'},{'D3'},{'D1'},,,,,,&,1.0,&
{'D2'},{'R1'},{'D7'},{'D3'},{'D1'},{'D6'},{'D5'},{'R3'},{'D4'},,&,1.0,&
{'D2'},{'R1'},{'D7'},{'R3'},{'D3'},{'D1'},,,,,&,1.0,&
{'D2'},{'R1'},{'R3'},,,,,,,,&,14.0,&
{'D2'},{'R1'},{'R3'},{'R2'},,,,,,,&,3.0,&
{'D2'},{'R1'},{'R3'},{'R2'},{'D6'},,,,,,&,1.0,&
{'D2'},{'R1'},{'R3'},{'R2'},{'D6'},{'D1'},{'D5'},,,,&,1.0,&
{'D2'},{'R1'},{'R3'},{'R2'},{'D7'},,,,,,&,1.0,&
{'D2'},{'R1'},{'R3'},{'R2'},{'D3'},,,,,,&,1.0,&
{'D2'},{'R1'},{'R3'},{'R2'},{'D3'},{'D1'},{'D5'},,,,&,1.0,&
{'D2'},{'R1'},{'R3'},{'R2'},{'D3'},{'D1'},{'D6'},{'D7'},{'D5'},{'D4'},&,1.0,&
{'D2'},{'R1'},{'R3'},{'R2'},{'D1'},,,,,,&,3.0,&
{'D2'},{'R1'},{'R3'},{'R2'},{'D1'},{'D5'},{'D3'},,,,&,1.0,&
{'D2'},{'R1'},{'R3'},{'R2'},{'D1'},{'D5'},{'D3'},{'D6'},{'D4'},{'D7'},&,1.0,&
{'D2'},{'R1'},{'R3'},{'R2'},{'D1'},{'D3'},,,,,&,1.0,&
{'D2'},{'R1'},{'R3'},{'R2'},{'D1'},{'D3'},{'D5'},,,,&,2.0,&
{'D2'},{'R1'},{'R3'},{'R2'},{'D1'},{'D3'},{'D5'},{'D7'},{'D6'},{'D4'},&,1.0,&
{'D2'},{'R1'},{'R3'},{'D1'},,,,,,,&,4.0,&
{'D2'},{'R1'},{'R3'},{'D1'},{'D7'},{'D3'},{'R2'},,,,&,1.0,&
{'D2'},{'R1'},{'R3'},{'D1'},{'D3'},,,,,,&,2.0,&
{'D2'},{'R1'},{'R3'},{'D1'},{'D3'},{'D7'},{'D6'},{'D5'},{'D4'},{'R2'},&,1.0,&
{'D2'},{'R1'},{'R3'},{'D1'},{'D3'},{'D7'},{'D4'},{'D6'},{'D5'},{'R2'},&,1.0,&
{'D2'},{'R1'},{'R3'},{'D1'},{'D3'},{'D5'},{'D7'},{'D6'},{'D4'},{'R2'},&,1.0,&
{'D2'},{'R1'},{'R3'},{'D1'},{'D3'},{'D5'},{'R2'},{'D7'},{'D4'},,&,1.0,&
{'D2'},{'R1'},{'R3'},{'D1'},{'D3'},{'R2'},{'D7'},,,,&,1.0,&
{'D2'},{'R1'},{'R3'},{'D1'},{'D3'},{'R2'},{'D6'},,,,&,1.0,&
{'D2'},{'R1'},{'R3'},{'D1'},{'D3'},{'R2'},{'D6'},{'D7'},{'D5'},{'D4'},&,1.0,&
{'D2'},{'R1'},{'R3'},{'D1'},{'D5'},{'R2'},,,,,&,2.0,&
{'D2'},{'R1'},{'R3'},{'D1'},{'R2'},,,,,,&,3.0,&
{'D2'},{'R1'},{'R3'},{'D1'},{'R2'},{'D3'},{'D5'},,,,&,1.0,&
{'D2'},{'R1'},{'R3'},{'D1'},{'R2'},{'D3'},{'D5'},{'D6'},,,&,1.0,&
{'D2'},{'R1'},{'R3'},{'D5'},,,,,,,&,1.0,&
{'D2'},{'R1'},{'R3'},{'D5'},{'D7'},{'R2'},,,,,&,1.0,&
{'D2'},{'R1'},{'R3'},{'D3'},,,,,,,&,5.0,&
{'D2'},{'R1'},{'R3'},{'D3'},{'D6'},{'R2'},{'D5'},,,,&,1.0,&
{'D2'},{'R1'},{'R3'},{'D3'},{'D1'},{'D7'},{'R2'},{'D5'},{'D4'},,&,1.0,&
{'D2'},{'R1'},{'R3'},{'D3'},{'D1'},{'R2'},{'D5'},,,,&,1.0,&
{'D2'},{'R1'},{'R3'},{'D3'},{'R2'},,,,,,&,1.0,&
{'D2'},{'R1'},{'R3'},{'D3'},{'R2'},{'D1'},,,,,&,2.0,&
{'D2'},{'R1'},{'R3'},{'D3'},{'R2'},{'D1'},{'D6'},,,,&,1.0,&
{'D2'},{'R1'},{'R3'},{'D3'},{'R2'},{'D1'},{'D4'},,,,&,1.0,&
{'D2'},{'R1'},{'R3'},{'D3'},{'R2'},{'D7'},,,,,&,1.0,&
{'D2'},{'R1'},{'R3'},{'D3'},{'R2'},{'D6'},,,,,&,1.0,&
{'D2'},{'R1'},{'R3'},{'D3'},{'D4'},{'D1'},{'D5'},{'D7'},,,&,1.0,&
{'D2'},{'R1'},{'R3'},{'D4'},,,,,,,&,1.0,&
{'D2'},{'R1'},{'R3'},{'D4'},{'R2'},{'D5'},{'D6'},{'D1'},,,&,1.0,&
{'D2'},{'R1'},{'R3'},{'D4'},{'R2'},{'D3'},{'D6'},{'D5'},,,&,1.0,&
{'D2'},{'R1'},{'R3'},{'D7'},,,,,,,&,1.0,&
{'D2'},{'R1'},{'R3'},{'D7'},{'D3'},{'R2'},{'D6'},,,,&,1.0,&
{'D2'},{'R1'},{'R3'},{'D6'},,,,,,,&,2.0,&
{'D2'},{'R1'},{'R3'},{'D6'},{'D7'},{'D3'},{'D1'},{'R2'},{'D5'},{'D4'},&,1.0,&
{'D2'},{'R1'},{'R3'},{'D6'},{'D3'},{'D1'},{'D7'},{'R2'},{'D4'},,&,1.0,&
{'D2'},{'R1'},{'R3'},{'D6'},{'D3'},{'D1'},{'R2'},,,,&,1.0,&
{'D2'},{'R1'},{'R3'},{'D6'},{'D1'},,,,,,&,1.0,&
{'D2'},{'R1'},{'R3'},{'D6'},{'D1'},{'R2'},,,,,&,1.0,&
{'D2'},{'R1'},{'R2'},,,,,,,,&,15.0,&
{'D2'},{'R1'},{'R2'},{'D1'},,,,,,,&,4.0,&
{'D2'},{'R1'},{'R2'},{'D1'},{'D6'},,,,,,&,1.0,&
{'D2'},{'R1'},{'R2'},{'D1'},{'D7'},,,,,,&,1.0,&
{'D2'},{'R1'},{'R2'},{'D1'},{'D7'},{'D5'},{'D3'},,,,&,1.0,&
{'D2'},{'R1'},{'R2'},{'D1'},{'D7'},{'D3'},{'D5'},,,,&,1.0,&
{'D2'},{'R1'},{'R2'},{'D1'},{'D3'},,,,,,&,2.0,&
{'D2'},{'R1'},{'R2'},{'D1'},{'D3'},{'D5'},,,,,&,1.0,&
{'D2'},{'R1'},{'R2'},{'D1'},{'D3'},{'D5'},{'R3'},{'D6'},{'D7'},,&,1.0,&
{'D2'},{'R1'},{'R2'},{'D1'},{'D3'},{'D6'},{'R3'},,,,&,1.0,&
{'D2'},{'R1'},{'R2'},{'D1'},{'D3'},{'D6'},{'D5'},{'D4'},{'D7'},,&,1.0,&
{'D2'},{'R1'},{'R2'},{'D1'},{'D3'},{'R3'},{'D5'},{'D6'},{'D7'},{'D4'},&,1.0,&
{'D2'},{'R1'},{'R2'},{'D1'},{'D3'},{'R3'},{'D6'},{'D7'},,,&,1.0,&
{'D2'},{'R1'},{'R2'},{'D1'},{'R3'},,,,,,&,2.0,&
{'D2'},{'R1'},{'R2'},{'D1'},{'R3'},{'D7'},{'D5'},{'D6'},,,&,1.0,&
{'D2'},{'R1'},{'R2'},{'D1'},{'R3'},{'D5'},,,,,&,1.0,&
{'D2'},{'R1'},{'R2'},{'D1'},{'R3'},{'D5'},{'D4'},{'D6'},,,&,1.0,&
{'D2'},{'R1'},{'R2'},{'D1'},{'R3'},{'D3'},{'D7'},{'D6'},,,&,1.0,&
{'D2'},{'R1'},{'R2'},{'D1'},{'R3'},{'D3'},{'D5'},{'D6'},{'D7'},,&,1.0,&
{'D2'},{'R1'},{'R2'},{'D1'},{'D4'},{'D5'},{'D3'},{'R3'},{'D7'},,&,1.0,&
{'D2'},{'R1'},{'R2'},{'D5'},,,,,,,&,1.0,&
{'D2'},{'R1'},{'R2'},{'D5'},{'D3'},{'R3'},,,,,&,1.0,&
{'D2'},{'R1'},{'R2'},{'D5'},{'R3'},{'D3'},,,,,&,1.0,&
{'D2'},{'R1'},{'R2'},{'D5'},{'D1'},{'R3'},{'D6'},,,,&,1.0,&
{'D2'},{'R1'},{'R2'},{'D3'},,,,,,,&,3.0,&
{'D2'},{'R1'},{'R2'},{'D3'},{'D6'},,,,,,&,1.0,&
{'D2'},{'R1'},{'R2'},{'D3'},{'D6'},{'D1'},{'R3'},,,,&,1.0,&
{'D2'},{'R1'},{'R2'},{'D3'},{'D6'},{'R3'},{'D1'},{'D7'},{'D5'},,&,1.0,&
{'D2'},{'R1'},{'R2'},{'D3'},{'D5'},,,,,,&,1.0,&
{'D2'},{'R1'},{'R2'},{'D3'},{'R3'},,,,,,&,1.0,&
{'D2'},{'R1'},{'R2'},{'D3'},{'R3'},{'D1'},{'D4'},,,,&,1.0,&
{'D2'},{'R1'},{'R2'},{'D3'},{'R3'},{'D7'},,,,,&,1.0,&
{'D2'},{'R1'},{'R2'},{'D3'},{'D1'},,,,,,&,4.0,&
{'D2'},{'R1'},{'R2'},{'D3'},{'D1'},{'D5'},,,,,&,1.0,&
{'D2'},{'R1'},{'R2'},{'D3'},{'D1'},{'D6'},{'R3'},{'D7'},{'D5'},{'D4'},&,1.0,&
{'D2'},{'R1'},{'R2'},{'D3'},{'D1'},{'D6'},{'D5'},,,,&,1.0,&
{'D2'},{'R1'},{'R2'},{'D3'},{'D1'},{'R3'},,,,,&,1.0,&
{'D2'},{'R1'},{'R2'},{'D3'},{'D1'},{'R3'},{'D5'},{'D6'},{'D7'},{'D4'},&,1.0,&
{'D2'},{'R1'},{'R2'},{'D4'},{'D3'},{'D5'},{'R3'},,,,&,1.0,&
{'D2'},{'R1'},{'R2'},{'D4'},{'R3'},,,,,,&,1.0,&
{'D2'},{'R1'},{'R2'},{'D4'},{'R3'},{'D6'},,,,,&,1.0,&
{'D2'},{'R1'},{'R2'},{'D7'},,,,,,,&,1.0,&
{'D2'},{'R1'},{'R2'},{'D7'},{'R3'},{'D1'},{'D6'},{'D5'},,,&,1.0,&
{'D2'},{'R1'},{'R2'},{'D7'},{'D1'},{'D6'},{'D3'},{'R3'},,,&,1.0,&
{'D2'},{'R1'},{'R2'},{'R3'},,,,,,,&,4.0,&
{'D2'},{'R1'},{'R2'},{'R3'},{'D6'},{'D1'},{'D5'},{'D3'},,,&,1.0,&
{'D2'},{'R1'},{'R2'},{'R3'},{'D6'},{'D7'},{'D3'},{'D1'},,,&,1.0,&
{'D2'},{'R1'},{'R2'},{'R3'},{'D6'},{'D3'},{'D1'},,,,&,1.0,&
{'D2'},{'R1'},{'R2'},{'R3'},{'D7'},{'D3'},{'D1'},,,,&,1.0,&
{'D2'},{'R1'},{'R2'},{'R3'},{'D3'},,,,,,&,1.0,&
{'D2'},{'R1'},{'R2'},{'R3'},{'D3'},{'D1'},{'D6'},{'D7'},,,&,1.0,&
{'D2'},{'R1'},{'R2'},{'R3'},{'D3'},{'D1'},{'D6'},{'D7'},{'D5'},{'D4'},&,1.0,&
{'D2'},{'R1'},{'R2'},{'R3'},{'D3'},{'D5'},{'D1'},,,,&,1.0,&
{'D2'},{'R1'},{'R2'},{'R3'},{'D3'},{'D6'},,,,,&,1.0,&
{'D2'},{'R1'},{'R2'},{'R3'},{'D3'},{'D6'},{'D1'},{'D5'},{'D7'},,&,1.0,&
{'D2'},{'R1'},{'R2'},{'R3'},{'D5'},{'D6'},{'D3'},{'D1'},{'D7'},{'D4'},&,1.0,&
{'D2'},{'R1'},{'R2'},{'R3'},{'D5'},{'D3'},{'D1'},,,,&,1.0,&
{'D2'},{'R1'},{'R2'},{'R3'},{'D1'},,,,,,&,2.0,&
{'D2'},{'R1'},{'R2'},{'R3'},{'D1'},{'D3'},{'D7'},{'D6'},{'D5'},{'D4'},&,1.0,&
{'D2'},{'R1'},{'R2'},{'R3'},{'D1'},{'D3'},{'D7'},{'D5'},,,&,1.0,&
{'D2'},{'R1'},{'R2'},{'R3'},{'D1'},{'D3'},{'D7'},{'D5'},{'D6'},{'D4'},&,1.0,&
{'D2'},{'R1'},{'R2'},{'D6'},,,,,,,&,1.0,&
{'D2'},{'R1'},{'R2'},{'D6'},{'D3'},{'R3'},,,,,&,1.0,&
{'D2'},{'R1'},{'R2'},{'D6'},{'R3'},,,,,,&,1.0,&
{'D2'},{'R1'},{'R2'},{'D6'},{'R3'},{'D5'},{'D1'},,,,&,1.0,&
{'D2'},{'R1'},{'R2'},{'D6'},{'D1'},{'D7'},,,,,&,1.0,&
{'D2'},{'R1'},{'R2'},{'D6'},{'D1'},{'D3'},{'R3'},{'D5'},{'D7'},{'D4'},&,1.0,&
{'D2'},{'R1'},{'R2'},{'D6'},{'D4'},,,,,,&,1.0,&
{'D2'},{'R1'},{'D4'},,,,,,,,&,2.0,&
{'D2'},{'R1'},{'D4'},{'R2'},{'R3'},{'D1'},{'D3'},,,,&,1.0,&
{'D2'},{'R1'},{'D4'},{'R3'},{'R2'},,,,,,&,1.0,&
{'D2'},{'D4'},,,,,,,,,&,18.0,&
{'D2'},{'D4'},{'R1'},{'R2'},{'R3'},,,,,,&,1.0,&
{'D2'},{'D4'},{'R1'},{'D1'},{'R3'},{'D3'},{'R2'},,,,&,1.0,&
{'D2'},{'D4'},{'R1'},{'D7'},{'R3'},{'D1'},{'D3'},{'R2'},,,&,1.0,&
{'D2'},{'D4'},{'R1'},{'R3'},{'D7'},{'R2'},{'D6'},,,,&,1.0,&
{'D2'},{'D4'},{'R1'},{'D6'},{'D1'},{'R3'},{'D5'},{'R2'},,,&,1.0,&
{'D2'},{'D4'},{'D6'},,,,,,,,&,1.0,&
{'D2'},{'D4'},{'D6'},{'R2'},{'R3'},{'D1'},{'R1'},{'D3'},{'D7'},,&,1.0,&
{'D2'},{'D4'},{'D6'},{'D1'},{'R3'},{'D3'},{'D7'},{'D5'},{'R2'},,&,1.0,&
{'D2'},{'D4'},{'D6'},{'D3'},{'R2'},{'D1'},{'R3'},{'D5'},{'R1'},,&,1.0,&
{'D2'},{'D4'},{'D6'},{'R1'},,,,,,,&,1.0,&
{'D2'},{'D4'},{'D3'},,,,,,,,&,6.0,&
{'D2'},{'D4'},{'D3'},{'R2'},,,,,,,&,3.0,&
{'D2'},{'D4'},{'D3'},{'R2'},{'D7'},,,,,,&,1.0,&
{'D2'},{'D4'},{'D3'},{'R2'},{'R1'},,,,,,&,1.0,&
{'D2'},{'D4'},{'D3'},{'R2'},{'R3'},{'D1'},{'D5'},{'R1'},{'D7'},{'D6'},&,1.0,&
{'D2'},{'D4'},{'D3'},{'R2'},{'D1'},,,,,,&,2.0,&
{'D2'},{'D4'},{'D3'},{'R2'},{'D1'},{'D6'},{'R3'},{'R1'},,,&,1.0,&
{'D2'},{'D4'},{'D3'},{'D1'},,,,,,,&,2.0,&
{'D2'},{'D4'},{'D3'},{'D1'},{'D6'},{'R2'},{'D7'},{'R3'},{'R1'},,&,1.0,&
{'D2'},{'D4'},{'D3'},{'D1'},{'R1'},,,,,,&,1.0,&
{'D2'},{'D4'},{'D3'},{'D1'},{'D5'},{'R3'},,,,,&,1.0,&
{'D2'},{'D4'},{'D3'},{'D1'},{'D5'},{'R3'},{'D6'},,,,&,1.0,&
{'D2'},{'D4'},{'D3'},{'D1'},{'R3'},{'D6'},{'D5'},{'D7'},{'R2'},{'R1'},&,1.0,&
{'D2'},{'D4'},{'D3'},{'D1'},{'R2'},{'D7'},,,,,&,1.0,&
{'D2'},{'D4'},{'D3'},{'D1'},{'R2'},{'R3'},,,,,&,1.0,&
{'D2'},{'D4'},{'D3'},{'D1'},{'R2'},{'R3'},{'D6'},{'D7'},,,&,1.0,&
{'D2'},{'D4'},{'D3'},{'D7'},{'R1'},{'D1'},,,,,&,1.0,&
{'D2'},{'D4'},{'D3'},{'R1'},,,,,,,&,2.0,&
{'D2'},{'D4'},{'D3'},{'R3'},,,,,,,&,2.0,&
{'D2'},{'D4'},{'D3'},{'R3'},{'D1'},{'R2'},{'D6'},{'R1'},,,&,1.0,&
{'D2'},{'D4'},{'D3'},{'R3'},{'R2'},{'D1'},,,,,&,1.0,&
{'D2'},{'D4'},{'D3'},{'R3'},{'R2'},{'D1'},{'R1'},{'D6'},{'D7'},,&,1.0,&
{'D2'},{'D4'},{'D5'},,,,,,,,&,1.0,&
{'D2'},{'D4'},{'D5'},{'D1'},,,,,,,&,1.0,&
{'D2'},{'D4'},{'D5'},{'D1'},{'D7'},{'D3'},{'R2'},,,,&,1.0,&
{'D2'},{'D4'},{'D5'},{'D1'},{'R3'},,,,,,&,1.0,&
{'D2'},{'D4'},{'D5'},{'D3'},{'D1'},{'D6'},{'D7'},{'R1'},{'R2'},{'R3'},&,1.0,&
{'D2'},{'D4'},{'D5'},{'D3'},{'R2'},{'R3'},,,,,&,1.0,&
{'D2'},{'D4'},{'D5'},{'R3'},{'D3'},,,,,,&,1.0,&
{'D2'},{'D4'},{'D1'},,,,,,,,&,6.0,&
{'D2'},{'D4'},{'D1'},{'R2'},,,,,,,&,2.0,&
{'D2'},{'D4'},{'D1'},{'R2'},{'D3'},{'D7'},{'R3'},{'R1'},{'D6'},,&,1.0,&
{'D2'},{'D4'},{'D1'},{'R2'},{'D3'},{'D7'},{'R1'},{'D6'},{'R3'},,&,1.0,&
{'D2'},{'D4'},{'D1'},{'R2'},{'D5'},{'R3'},{'D3'},{'R1'},,,&,1.0,&
{'D2'},{'D4'},{'D1'},{'R2'},{'R3'},,,,,,&,1.0,&
{'D2'},{'D4'},{'D1'},{'D5'},,,,,,,&,1.0,&
{'D2'},{'D4'},{'D1'},{'D5'},{'R2'},{'D3'},{'R3'},,,,&,1.0,&
{'D2'},{'D4'},{'D1'},{'D3'},{'D6'},,,,,,&,1.0,&
{'D2'},{'D4'},{'D1'},{'D3'},{'D6'},{'D5'},{'R3'},{'D7'},{'R2'},{'R1'},&,1.0,&
{'D2'},{'D4'},{'D1'},{'D3'},{'D6'},{'R3'},{'D7'},{'D5'},,,&,1.0,&
{'D2'},{'D4'},{'D1'},{'D3'},{'D7'},,,,,,&,1.0,&
{'D2'},{'D4'},{'D1'},{'D3'},{'D5'},{'R3'},{'R2'},{'R1'},{'D7'},{'D6'},&,1.0,&
{'D2'},{'D4'},{'D1'},{'D3'},{'R3'},,,,,,&,1.0,&
{'D2'},{'D4'},{'D1'},{'D3'},{'R3'},{'D7'},,,,,&,1.0,&
{'D2'},{'D4'},{'D1'},{'D3'},{'R3'},{'D5'},{'R2'},,,,&,1.0,&
{'D2'},{'D4'},{'D1'},{'D3'},{'R2'},,,,,,&,1.0,&
{'D2'},{'D4'},{'D1'},{'D3'},{'R2'},{'D5'},{'R3'},,,,&,1.0,&
{'D2'},{'D4'},{'D1'},{'D7'},,,,,,,&,1.0,&
{'D2'},{'D4'},{'D1'},{'R3'},,,,,,,&,1.0,&
{'D2'},{'D4'},{'D1'},{'R3'},{'D3'},,,,,,&,1.0,&
{'D2'},{'D4'},{'D1'},{'R3'},{'D3'},{'D7'},{'D6'},{'R2'},{'D5'},{'R1'},&,1.0,&
{'D2'},{'D4'},{'D1'},{'R3'},{'D3'},{'R2'},{'D6'},{'R1'},,,&,1.0,&
{'D2'},{'D4'},{'D1'},{'R3'},{'D3'},{'D6'},,,,,&,1.0,&
{'D2'},{'D4'},{'D1'},{'R3'},{'R2'},,,,,,&,1.0,&
{'D2'},{'D4'},{'D1'},{'D6'},{'D3'},{'D5'},,,,,&,1.0,&
{'D2'},{'D4'},{'D1'},{'D6'},{'R2'},{'D5'},{'R3'},,,,&,1.0,&
{'D2'},{'D4'},{'D1'},{'D6'},{'R2'},{'R3'},{'D3'},{'D5'},{'D7'},,&,1.0,&
{'D2'},{'D4'},{'D1'},{'D6'},{'R2'},{'D3'},{'D7'},{'R3'},,,&,1.0,&
{'D2'},{'D4'},{'D7'},{'R2'},,,,,,,&,1.0,&
{'D2'},{'D4'},{'D7'},{'R2'},{'R1'},{'D3'},{'D1'},{'D5'},{'D6'},{'R3'},&,1.0,&
{'D2'},{'D4'},{'D7'},{'D1'},,,,,,,&,1.0,&
{'D2'},{'D4'},{'D7'},{'R3'},{'R2'},{'R1'},,,,,&,1.0,&
{'D2'},{'D4'},{'R3'},,,,,,,,&,7.0,&
{'D2'},{'D4'},{'R3'},{'R2'},{'D6'},{'R1'},,,,,&,1.0,&
{'D2'},{'D4'},{'R3'},{'R2'},{'D7'},{'D3'},{'D1'},{'D6'},{'R1'},{'D5'},&,1.0,&
{'D2'},{'D4'},{'R3'},{'R2'},{'D3'},,,,,,&,1.0,&
{'D2'},{'D4'},{'R3'},{'R2'},{'D3'},{'D1'},{'R1'},{'D5'},,,&,1.0,&
{'D2'},{'D4'},{'R3'},{'R2'},{'D3'},{'D5'},,,,,&,1.0,&
{'D2'},{'D4'},{'R3'},{'R2'},{'D3'},{'R1'},{'D5'},{'D1'},{'D7'},,&,1.0,&
{'D2'},{'D4'},{'R3'},{'R2'},{'R1'},{'D1'},{'D3'},{'D5'},,,&,1.0,&
{'D2'},{'D4'},{'R3'},{'R2'},{'R1'},{'D3'},,,,,&,1.0,&
{'D2'},{'D4'},{'R3'},{'R2'},{'D1'},,,,,,&,1.0,&
{'D2'},{'D4'},{'R3'},{'R2'},{'D1'},{'D7'},{'D3'},{'D5'},{'D6'},{'R1'},&,1.0,&
{'D2'},{'D4'},{'R3'},{'R2'},{'D1'},{'D3'},{'D5'},,,,&,1.0,&
{'D2'},{'D4'},{'R3'},{'D1'},,,,,,,&,2.0,&
{'D2'},{'D4'},{'R3'},{'D1'},{'D6'},{'R2'},{'D7'},{'D3'},{'D5'},{'R1'},&,1.0,&
{'D2'},{'D4'},{'R3'},{'D1'},{'D3'},,,,,,&,1.0,&
{'D2'},{'D4'},{'R3'},{'D1'},{'D3'},{'D5'},{'D7'},{'R2'},,,&,1.0,&
{'D2'},{'D4'},{'R3'},{'D1'},{'D3'},{'R2'},{'D6'},{'D7'},{'D5'},,&,1.0,&
{'D2'},{'D4'},{'R3'},{'D1'},{'R1'},,,,,,&,1.0,&
{'D2'},{'D4'},{'R3'},{'D1'},{'R2'},,,,,,&,1.0,&
{'D2'},{'D4'},{'R3'},{'D1'},{'R2'},{'D3'},{'R1'},,,,&,1.0,&
{'D2'},{'D4'},{'R3'},{'D1'},{'R2'},{'D3'},{'R1'},{'D5'},,,&,1.0,&
{'D2'},{'D4'},{'R3'},{'D1'},{'R2'},{'R1'},{'D3'},{'D5'},{'D6'},{'D7'},&,1.0,&
{'D2'},{'D4'},{'R3'},{'D5'},,,,,,,&,1.0,&
{'D2'},{'D4'},{'R3'},{'D3'},{'D1'},{'R2'},{'D7'},{'R1'},,,&,1.0,&
{'D2'},{'D4'},{'R3'},{'D3'},{'D1'},{'D6'},,,,,&,2.0,&
{'D2'},{'D4'},{'R3'},{'D3'},{'R2'},,,,,,&,1.0,&
{'D2'},{'D4'},{'R3'},{'D7'},{'R2'},{'R1'},,,,,&,1.0,&
{'D2'},{'D4'},{'R2'},,,,,,,,&,7.0,&
{'D2'},{'D4'},{'R2'},{'D1'},,,,,,,&,1.0,&
{'D2'},{'D4'},{'R2'},{'D1'},{'D3'},{'R3'},{'D7'},{'R1'},,,&,1.0,&
{'D2'},{'D4'},{'R2'},{'D1'},{'D3'},{'R1'},{'D5'},{'R3'},,,&,1.0,&
{'D2'},{'D4'},{'R2'},{'D1'},{'R1'},{'D3'},,,,,&,1.0,&
{'D2'},{'D4'},{'R2'},{'D1'},{'R3'},{'D6'},,,,,&,1.0,&
{'D2'},{'D4'},{'R2'},{'D1'},{'R3'},{'R1'},{'D3'},,,,&,1.0,&
{'D2'},{'D4'},{'R2'},{'D5'},{'D7'},{'R1'},,,,,&,1.0,&
{'D2'},{'D4'},{'R2'},{'D3'},,,,,,,&,2.0,&
{'D2'},{'D4'},{'R2'},{'D3'},{'R1'},{'D5'},{'D1'},,,,&,1.0,&
{'D2'},{'D4'},{'R2'},{'D3'},{'R3'},{'D1'},,,,,&,1.0,&
{'D2'},{'D4'},{'R2'},{'D3'},{'R3'},{'D1'},{'R1'},,,,&,1.0,&
{'D2'},{'D4'},{'R2'},{'D3'},{'R3'},{'D1'},{'D6'},{'D5'},{'D7'},,&,1.0,&
{'D2'},{'D4'},{'R2'},{'D3'},{'R3'},{'R1'},{'D1'},,,,&,1.0,&
{'D2'},{'D4'},{'R2'},{'D3'},{'D1'},{'D7'},{'D5'},{'R3'},,,&,1.0,&
{'D2'},{'D4'},{'R2'},{'D3'},{'D1'},{'R3'},{'D6'},{'R1'},{'D5'},,&,1.0,&
{'D2'},{'D4'},{'R2'},{'D3'},{'D1'},{'R1'},,,,,&,1.0,&
{'D2'},{'D4'},{'R2'},{'D7'},{'R3'},{'D3'},{'R1'},,,,&,1.0,&
{'D2'},{'D4'},{'R2'},{'R1'},{'D3'},,,,,,&,1.0,&
{'D2'},{'D4'},{'R2'},{'R3'},,,,,,,&,1.0,&
{'D2'},{'D4'},{'R2'},{'R3'},{'D3'},,,,,,&,1.0,&
{'D2'},{'D4'},{'R2'},{'R3'},{'R1'},,,,,,&,1.0,&
{'D2'},{'D4'},{'R2'},{'R3'},{'R1'},{'D7'},{'D5'},{'D1'},{'D3'},{'D6'},&,1.0,&
{'D2'},{'D4'},{'R2'},{'R3'},{'R1'},{'D3'},{'D1'},{'D7'},,,&,1.0,&
{'D2'},{'D4'},{'R2'},{'R3'},{'D5'},{'D1'},{'R1'},{'D3'},,,&,1.0,&
{'D2'},{'D4'},{'R2'},{'R3'},{'D5'},{'D3'},{'R1'},{'D1'},{'D6'},,&,1.0,&
{'D2'},{'D4'},{'R2'},{'R3'},{'D1'},{'D3'},{'D7'},{'D6'},{'D5'},{'R1'},&,1.0,&
{'D2'},{'D3'},,,,,,,,,&,289.0,&
{'D2'},{'D3'},{'R1'},,,,,,,,&,17.0,&
{'D2'},{'D3'},{'R1'},{'R2'},,,,,,,&,1.0,&
{'D2'},{'D3'},{'R1'},{'R2'},{'D6'},{'D1'},{'R3'},,,,&,1.0,&
{'D2'},{'D3'},{'R1'},{'R2'},{'D7'},{'D1'},{'D5'},{'D6'},{'D4'},{'R3'},&,1.0,&
{'D2'},{'D3'},{'R1'},{'R2'},{'D5'},{'D1'},,,,,&,1.0,&
{'D2'},{'D3'},{'R1'},{'R2'},{'R3'},,,,,,&,1.0,&
{'D2'},{'D3'},{'R1'},{'R2'},{'R3'},{'D1'},,,,,&,2.0,&
{'D2'},{'D3'},{'R1'},{'R2'},{'R3'},{'D1'},{'D6'},,,,&,1.0,&
{'D2'},{'D3'},{'R1'},{'R2'},{'R3'},{'D7'},{'D1'},{'D5'},{'D4'},,&,1.0,&
{'D2'},{'D3'},{'R1'},{'R2'},{'D1'},{'D7'},,,,,&,1.0,&
{'D2'},{'D3'},{'R1'},{'R2'},{'D1'},{'D5'},,,,,&,1.0,&
{'D2'},{'D3'},{'R1'},{'R2'},{'D1'},{'D6'},{'D4'},{'D5'},{'R3'},,&,1.0,&
{'D2'},{'D3'},{'R1'},{'R2'},{'D4'},,,,,,&,1.0,&
{'D2'},{'D3'},{'R1'},{'D1'},,,,,,,&,8.0,&
{'D2'},{'D3'},{'R1'},{'D1'},{'D6'},,,,,,&,3.0,&
{'D2'},{'D3'},{'R1'},{'D1'},{'D6'},{'D5'},{'D7'},{'R3'},,,&,1.0,&
{'D2'},{'D3'},{'R1'},{'D1'},{'D6'},{'R2'},,,,,&,1.0,&
{'D2'},{'D3'},{'R1'},{'D1'},{'D6'},{'R2'},{'D7'},,,,&,1.0,&
{'D2'},{'D3'},{'R1'},{'D1'},{'D6'},{'R3'},{'D7'},{'D5'},{'R2'},{'D4'},&,1.0,&
{'D2'},{'D3'},{'R1'},{'D1'},{'D6'},{'D4'},{'R3'},{'R2'},{'D5'},,&,1.0,&
{'D2'},{'D3'},{'R1'},{'D1'},{'D6'},{'D4'},{'R2'},{'D5'},,,&,1.0,&
{'D2'},{'D3'},{'R1'},{'D1'},{'D7'},{'R2'},{'R3'},{'D6'},{'D4'},{'D5'},&,1.0,&
{'D2'},{'D3'},{'R1'},{'D1'},{'D7'},{'D6'},{'R3'},{'D5'},,,&,1.0,&
{'D2'},{'D3'},{'R1'},{'D1'},{'D7'},{'D6'},{'R2'},,,,&,1.0,&
{'D2'},{'D3'},{'R1'},{'D1'},{'D7'},{'R3'},{'R2'},{'D6'},,,&,1.0,&
{'D2'},{'D3'},{'R1'},{'D1'},{'D5'},{'R2'},{'R3'},,,,&,1.0,&
{'D2'},{'D3'},{'R1'},{'D1'},{'D5'},{'D6'},,,,,&,1.0,&
{'D2'},{'D3'},{'R1'},{'D1'},{'D5'},{'D6'},{'D4'},{'R3'},{'D7'},{'R2'},&,1.0,&
{'D2'},{'D3'},{'R1'},{'D1'},{'R3'},,,,,,&,2.0,&
{'D2'},{'D3'},{'R1'},{'D1'},{'R3'},{'R2'},,,,,&,1.0,&
{'D2'},{'D3'},{'R1'},{'D1'},{'R3'},{'D6'},{'D7'},,,,&,1.0,&
{'D2'},{'D3'},{'R1'},{'D1'},{'R3'},{'D6'},{'D7'},{'D5'},{'R2'},,&,1.0,&
{'D2'},{'D3'},{'R1'},{'D1'},{'R2'},,,,,,&,2.0,&
{'D2'},{'D3'},{'R1'},{'D1'},{'R2'},{'D7'},{'D6'},{'D4'},,,&,1.0,&
{'D2'},{'D3'},{'R1'},{'D1'},{'R2'},{'D4'},{'D6'},{'R3'},,,&,1.0,&
{'D2'},{'D3'},{'R1'},{'D1'},{'D4'},{'D6'},,,,,&,1.0,&
{'D2'},{'D3'},{'R1'},{'D5'},{'D1'},,,,,,&,1.0,&
{'D2'},{'D3'},{'R1'},{'D5'},{'D1'},{'R2'},{'R3'},{'D6'},{'D4'},,&,1.0,&
{'D2'},{'D3'},{'R1'},{'D5'},{'D1'},{'R2'},{'D6'},{'D4'},,,&,1.0,&
{'D2'},{'D3'},{'R1'},{'D5'},{'D1'},{'R3'},,,,,&,2.0,&
{'D2'},{'D3'},{'R1'},{'D5'},{'D1'},{'R3'},{'R2'},{'D6'},{'D7'},,&,1.0,&
{'D2'},{'D3'},{'R1'},{'D5'},{'D1'},{'R3'},{'D4'},{'R2'},{'D6'},{'D7'},&,1.0,&
{'D2'},{'D3'},{'R1'},{'D5'},{'R2'},{'D1'},{'D4'},,,,&,1.0,&
{'D2'},{'D3'},{'R1'},{'D5'},{'R2'},{'D7'},{'R3'},,,,&,1.0,&
{'D2'},{'D3'},{'R1'},{'D4'},{'R3'},{'D1'},{'D7'},,,,&,1.0,&
{'D2'},{'D3'},{'R1'},{'D7'},,,,,,,&,1.0,&
{'D2'},{'D3'},{'R1'},{'D7'},{'R3'},,,,,,&,1.0,&
{'D2'},{'D3'},{'R1'},{'D7'},{'R3'},{'D1'},{'D5'},{'R2'},{'D6'},{'D4'},&,1.0,&
{'D2'},{'D3'},{'R1'},{'D7'},{'R3'},{'R2'},{'D6'},{'D5'},,,&,1.0,&
{'D2'},{'D3'},{'R1'},{'D7'},{'R2'},{'D1'},,,,,&,1.0,&
{'D2'},{'D3'},{'R1'},{'D7'},{'R2'},{'R3'},{'D6'},,,,&,1.0,&
{'D2'},{'D3'},{'R1'},{'R3'},,,,,,,&,3.0,&
{'D2'},{'D3'},{'R1'},{'R3'},{'D1'},,,,,,&,2.0,&
{'D2'},{'D3'},{'R1'},{'R3'},{'D1'},{'D7'},{'R2'},{'D6'},{'D5'},,&,1.0,&
{'D2'},{'D3'},{'R1'},{'R3'},{'D1'},{'D5'},{'D4'},,,,&,1.0,&
{'D2'},{'D3'},{'R1'},{'R3'},{'D1'},{'R2'},,,,,&,1.0,&
{'D2'},{'D3'},{'R1'},{'R3'},{'D1'},{'R2'},{'D5'},{'D7'},{'D6'},,&,1.0,&
{'D2'},{'D3'},{'R1'},{'R3'},{'D1'},{'R2'},{'D4'},{'D7'},{'D5'},{'D6'},&,1.0,&
{'D2'},{'D3'},{'R1'},{'R3'},{'R2'},,,,,,&,2.0,&
{'D2'},{'D3'},{'R1'},{'R3'},{'R2'},{'D1'},,,,,&,2.0,&
{'D2'},{'D3'},{'R1'},{'R3'},{'R2'},{'D1'},{'D5'},,,,&,1.0,&
{'D2'},{'D3'},{'R1'},{'R3'},{'R2'},{'D6'},{'D1'},{'D5'},{'D4'},,&,1.0,&
{'D2'},{'D3'},{'R1'},{'R3'},{'D4'},{'D1'},{'R2'},{'D5'},,,&,1.0,&
{'D2'},{'D3'},{'R1'},{'D6'},,,,,,,&,1.0,&
{'D2'},{'D3'},{'R1'},{'D6'},{'D7'},{'R3'},{'R2'},{'D5'},{'D1'},{'D4'},&,1.0,&
{'D2'},{'D3'},{'R1'},{'D6'},{'R3'},{'D1'},{'D5'},,,,&,1.0,&
{'D2'},{'D3'},{'R1'},{'D6'},{'R3'},{'D5'},{'R2'},{'D1'},{'D7'},,&,1.0,&
{'D2'},{'D3'},{'R1'},{'D6'},{'R3'},{'R2'},{'D7'},{'D1'},{'D5'},,&,1.0,&
{'D2'},{'D3'},{'R1'},{'D6'},{'D1'},,,,,,&,2.0,&
{'D2'},{'D3'},{'R1'},{'D6'},{'D1'},{'R3'},,,,,&,2.0,&
{'D2'},{'D3'},{'D6'},,,,,,,,&,45.0,&
{'D2'},{'D3'},{'D6'},{'R2'},,,,,,,&,5.0,&
{'D2'},{'D3'},{'D6'},{'R2'},{'D7'},,,,,,&,1.0,&
{'D2'},{'D3'},{'D6'},{'R2'},{'D7'},{'D1'},{'R3'},{'D5'},{'D4'},{'R1'},&,1.0,&
{'D2'},{'D3'},{'D6'},{'R2'},{'D7'},{'D1'},{'D5'},,,,&,1.0,&
{'D2'},{'D3'},{'D6'},{'R2'},{'R1'},,,,,,&,1.0,&
{'D2'},{'D3'},{'D6'},{'R2'},{'R1'},{'D1'},{'D5'},{'D7'},{'R3'},,&,1.0,&
{'D2'},{'D3'},{'D6'},{'R2'},{'D5'},,,,,,&,1.0,&
{'D2'},{'D3'},{'D6'},{'R2'},{'D5'},{'R1'},,,,,&,1.0,&
{'D2'},{'D3'},{'D6'},{'R2'},{'R3'},,,,,,&,5.0,&
{'D2'},{'D3'},{'D6'},{'R2'},{'R3'},{'D1'},{'D7'},{'D5'},{'R1'},,&,1.0,&
{'D2'},{'D3'},{'D6'},{'R2'},{'R3'},{'D1'},{'D7'},{'R1'},{'D4'},{'D5'},&,1.0,&
{'D2'},{'D3'},{'D6'},{'R2'},{'R3'},{'D1'},{'R1'},,,,&,1.0,&
{'D2'},{'D3'},{'D6'},{'R2'},{'R3'},{'D1'},{'R1'},{'D5'},,,&,1.0,&
{'D2'},{'D3'},{'D6'},{'R2'},{'R3'},{'D7'},{'R1'},{'D1'},{'D4'},{'D5'},&,1.0,&
{'D2'},{'D3'},{'D6'},{'R2'},{'R3'},{'R1'},,,,,&,1.0,&
{'D2'},{'D3'},{'D6'},{'R2'},{'R3'},{'R1'},{'D5'},,,,&,1.0,&
{'D2'},{'D3'},{'D6'},{'R2'},{'R3'},{'R1'},{'D1'},,,,&,2.0,&
{'D2'},{'D3'},{'D6'},{'R2'},{'R3'},{'R1'},{'D1'},{'D4'},{'D7'},,&,1.0,&
{'D2'},{'D3'},{'D6'},{'R2'},{'D1'},,,,,,&,5.0,&
{'D2'},{'D3'},{'D6'},{'R2'},{'D1'},{'D7'},,,,,&,1.0,&
{'D2'},{'D3'},{'D6'},{'R2'},{'D1'},{'D5'},{'D7'},{'D4'},{'R3'},,&,1.0,&
{'D2'},{'D3'},{'D6'},{'R2'},{'D1'},{'D5'},{'D7'},{'R3'},{'R1'},,&,1.0,&
{'D2'},{'D3'},{'D6'},{'R2'},{'D1'},{'D5'},{'R1'},{'R3'},{'D7'},{'D4'},&,1.0,&
{'D2'},{'D3'},{'D6'},{'R2'},{'D1'},{'R3'},,,,,&,2.0,&
{'D2'},{'D3'},{'D6'},{'R2'},{'D1'},{'R3'},{'D7'},{'D5'},{'R1'},,&,1.0,&
{'D2'},{'D3'},{'D6'},{'R2'},{'D1'},{'R3'},{'D5'},{'R1'},,,&,1.0,&
{'D2'},{'D3'},{'D6'},{'R2'},{'D1'},{'R3'},{'D5'},{'R1'},{'D7'},{'D4'},&,1.0,&
{'D2'},{'D3'},{'D6'},{'R2'},{'D1'},{'R3'},{'R1'},,,,&,1.0,&
{'D2'},{'D3'},{'D6'},{'R2'},{'D4'},{'R3'},{'D1'},{'D5'},{'R1'},,&,1.0,&
{'D2'},{'D3'},{'D6'},{'D1'},,,,,,,&,12.0,&
{'D2'},{'D3'},{'D6'},{'D1'},{'D7'},{'D5'},,,,,&,1.0,&
{'D2'},{'D3'},{'D6'},{'D1'},{'D7'},{'D5'},{'R3'},,,,&,1.0,&
{'D2'},{'D3'},{'D6'},{'D1'},{'D7'},{'D5'},{'R3'},{'R2'},{'D4'},,&,1.0,&
{'D2'},{'D3'},{'D6'},{'D1'},{'D7'},{'D5'},{'R2'},{'R3'},,,&,1.0,&
{'D2'},{'D3'},{'D6'},{'D1'},{'D7'},{'D5'},{'D4'},{'R2'},,,&,1.0,&
{'D2'},{'D3'},{'D6'},{'D1'},{'D7'},{'D5'},{'D4'},{'R2'},{'R1'},{'R3'},&,1.0,&
{'D2'},{'D3'},{'D6'},{'D1'},{'D7'},{'R3'},,,,,&,1.0,&
{'D2'},{'D3'},{'D6'},{'D1'},{'D7'},{'R3'},{'D5'},{'D4'},,,&,1.0,&
{'D2'},{'D3'},{'D6'},{'D1'},{'D7'},{'R3'},{'D4'},{'D5'},,,&,1.0,&
{'D2'},{'D3'},{'D6'},{'D1'},{'D7'},{'R1'},{'R3'},{'D5'},{'D4'},,&,1.0,&
{'D2'},{'D3'},{'D6'},{'D1'},{'D7'},{'D4'},,,,,&,2.0,&
{'D2'},{'D3'},{'D6'},{'D1'},{'D7'},{'D4'},{'R3'},{'R2'},{'R1'},{'D5'},&,1.0,&
{'D2'},{'D3'},{'D6'},{'D1'},{'R1'},{'D7'},{'R2'},{'D5'},{'R3'},{'D4'},&,1.0,&
{'D2'},{'D3'},{'D6'},{'D1'},{'R1'},{'R2'},{'D4'},{'D5'},{'R3'},,&,1.0,&
{'D2'},{'D3'},{'D6'},{'D1'},{'R1'},{'R3'},{'R2'},{'D7'},{'D5'},{'D4'},&,1.0,&
{'D2'},{'D3'},{'D6'},{'D1'},{'D5'},,,,,,&,3.0,&
{'D2'},{'D3'},{'D6'},{'D1'},{'D5'},{'D7'},,,,,&,1.0,&
{'D2'},{'D3'},{'D6'},{'D1'},{'D5'},{'D7'},{'D4'},{'R2'},,,&,1.0,&
{'D2'},{'D3'},{'D6'},{'D1'},{'D5'},{'D7'},{'D4'},{'R3'},{'R2'},,&,1.0,&
{'D2'},{'D3'},{'D6'},{'D1'},{'D5'},{'R2'},{'R3'},{'D7'},{'D4'},,&,1.0,&
{'D2'},{'D3'},{'D6'},{'D1'},{'D5'},{'R2'},{'R1'},{'R3'},{'D7'},{'D4'},&,1.0,&
{'D2'},{'D3'},{'D6'},{'D1'},{'D5'},{'D4'},{'D7'},{'R2'},,,&,1.0,&
{'D2'},{'D3'},{'D6'},{'D1'},{'R3'},,,,,,&,2.0,&
{'D2'},{'D3'},{'D6'},{'D1'},{'R3'},{'D7'},{'R2'},{'D5'},{'D4'},{'R1'},&,1.0,&
{'D2'},{'D3'},{'D6'},{'D1'},{'R3'},{'D5'},{'D7'},,,,&,1.0,&
{'D2'},{'D3'},{'D6'},{'D1'},{'R3'},{'D5'},{'R1'},{'D7'},{'R2'},,&,1.0,&
{'D2'},{'D3'},{'D6'},{'D1'},{'R3'},{'R2'},,,,,&,1.0,&
{'D2'},{'D3'},{'D6'},{'D1'},{'R3'},{'R2'},{'D7'},{'R1'},,,&,1.0,&
{'D2'},{'D3'},{'D6'},{'D1'},{'R3'},{'R2'},{'D5'},{'R1'},,,&,1.0,&
{'D2'},{'D3'},{'D6'},{'D1'},{'R3'},{'R2'},{'R1'},,,,&,1.0,&
{'D2'},{'D3'},{'D6'},{'D1'},{'R3'},{'R2'},{'R1'},{'D7'},{'D5'},{'D4'},&,1.0,&
{'D2'},{'D3'},{'D6'},{'D1'},{'R3'},{'R2'},{'D4'},{'D5'},{'R1'},,&,1.0,&
{'D2'},{'D3'},{'D6'},{'D1'},{'R2'},,,,,,&,3.0,&
{'D2'},{'D3'},{'D6'},{'D1'},{'R2'},{'D7'},{'R3'},{'R1'},{'D4'},,&,1.0,&
{'D2'},{'D3'},{'D6'},{'D1'},{'R2'},{'D7'},{'D5'},{'D4'},{'R3'},{'R1'},&,2.0,&
{'D2'},{'D3'},{'D6'},{'D1'},{'R2'},{'D7'},{'D4'},{'R3'},,,&,1.0,&
{'D2'},{'D3'},{'D6'},{'D1'},{'R2'},{'D5'},,,,,&,2.0,&
{'D2'},{'D3'},{'D6'},{'D1'},{'R2'},{'D5'},{'D7'},{'D4'},,,&,1.0,&
{'D2'},{'D3'},{'D6'},{'D1'},{'R2'},{'D5'},{'R3'},,,,&,1.0,&
{'D2'},{'D3'},{'D6'},{'D1'},{'R2'},{'D5'},{'R3'},{'D4'},,,&,1.0,&
{'D2'},{'D3'},{'D6'},{'D1'},{'R2'},{'D5'},{'R1'},{'D4'},,,&,1.0,&
{'D2'},{'D3'},{'D6'},{'D1'},{'R2'},{'R3'},,,,,&,1.0,&
{'D2'},{'D3'},{'D6'},{'D1'},{'R2'},{'R3'},{'D5'},{'D7'},{'D4'},,&,1.0,&
{'D2'},{'D3'},{'D6'},{'D1'},{'R2'},{'R3'},{'R1'},,,,&,2.0,&
{'D2'},{'D3'},{'D6'},{'D1'},{'R2'},{'R3'},{'R1'},{'D5'},{'D7'},{'D4'},&,1.0,&
{'D2'},{'D3'},{'D6'},{'D1'},{'D4'},,,,,,&,1.0,&
{'D2'},{'D3'},{'D6'},{'D1'},{'D4'},{'D7'},,,,,&,1.0,&
{'D2'},{'D3'},{'D6'},{'D1'},{'D4'},{'D5'},,,,,&,1.0,&
{'D2'},{'D3'},{'D6'},{'D1'},{'D4'},{'D5'},{'D7'},{'R2'},{'R3'},{'R1'},&,2.0,&
{'D2'},{'D3'},{'D6'},{'D1'},{'D4'},{'D5'},{'R3'},,,,&,1.0,&
{'D2'},{'D3'},{'D6'},{'D1'},{'D4'},{'R1'},,,,,&,1.0,&
{'D2'},{'D3'},{'D6'},{'D5'},,,,,,,&,2.0,&
{'D2'},{'D3'},{'D6'},{'D5'},{'R3'},{'R2'},{'D1'},{'R1'},{'D4'},,&,1.0,&
{'D2'},{'D3'},{'D6'},{'D5'},{'D1'},{'D7'},{'R2'},{'D4'},,,&,1.0,&
{'D2'},{'D3'},{'D6'},{'D5'},{'D1'},{'R2'},,,,,&,1.0,&
{'D2'},{'D3'},{'D6'},{'D5'},{'D1'},{'R3'},,,,,&,1.0,&
{'D2'},{'D3'},{'D6'},{'D5'},{'D1'},{'D4'},{'D7'},{'R3'},{'R1'},{'R2'},&,1.0,&
{'D2'},{'D3'},{'D6'},{'D5'},{'R2'},{'D1'},{'D7'},{'D4'},,,&,1.0,&
{'D2'},{'D3'},{'D6'},{'D4'},{'D5'},,,,,,&,1.0,&
{'D2'},{'D3'},{'D6'},{'D4'},{'R3'},{'D1'},{'D5'},{'R2'},{'D7'},,&,1.0,&
{'D2'},{'D3'},{'D6'},{'D4'},{'R3'},{'R2'},{'D5'},{'D1'},{'R1'},,&,1.0,&
{'D2'},{'D3'},{'D6'},{'D4'},{'R3'},{'R1'},{'D1'},{'R2'},{'D7'},{'D5'},&,1.0,&
{'D2'},{'D3'},{'D6'},{'D4'},{'D1'},{'D7'},{'D5'},{'R3'},{'R2'},{'R1'},&,1.0,&
{'D2'},{'D3'},{'D6'},{'D4'},{'D1'},{'R2'},{'R3'},{'D5'},{'R1'},,&,1.0,&
{'D2'},{'D3'},{'D6'},{'D7'},,,,,,,&,3.0,&
{'D2'},{'D3'},{'D6'},{'D7'},{'R1'},,,,,,&,1.0,&
{'D2'},{'D3'},{'D6'},{'D7'},{'D5'},{'D1'},{'D4'},,,,&,1.0,&
{'D2'},{'D3'},{'D6'},{'D7'},{'R3'},{'D1'},{'R2'},{'D5'},{'D4'},,&,1.0,&
{'D2'},{'D3'},{'D6'},{'D7'},{'D1'},,,,,,&,1.0,&
{'D2'},{'D3'},{'D6'},{'D7'},{'D1'},{'R3'},{'R2'},{'D5'},{'D4'},,&,2.0,&
{'D2'},{'D3'},{'D6'},{'D7'},{'R2'},{'D1'},,,,,&,1.0,&
{'D2'},{'D3'},{'D6'},{'D7'},{'R2'},{'D1'},{'R3'},{'D5'},{'D4'},{'R1'},&,1.0,&
{'D2'},{'D3'},{'D6'},{'D7'},{'R2'},{'R3'},{'D1'},{'D5'},{'R1'},,&,1.0,&
{'D2'},{'D3'},{'D6'},{'R1'},,,,,,,&,1.0,&
{'D2'},{'D3'},{'D6'},{'R1'},{'D7'},{'D1'},{'R2'},,,,&,1.0,&
{'D2'},{'D3'},{'D6'},{'R1'},{'D1'},{'R2'},{'R3'},{'D5'},{'D7'},,&,1.0,&
{'D2'},{'D3'},{'D6'},{'R1'},{'R2'},,,,,,&,1.0,&
{'D2'},{'D3'},{'D6'},{'R1'},{'R2'},{'D1'},{'D5'},{'D7'},{'D4'},,&,1.0,&
{'D2'},{'D3'},{'D6'},{'R3'},,,,,,,&,8.0,&
{'D2'},{'D3'},{'D6'},{'R3'},{'D5'},,,,,,&,1.0,&
{'D2'},{'D3'},{'D6'},{'R3'},{'D5'},{'D1'},{'R2'},{'R1'},{'D7'},,&,1.0,&
{'D2'},{'D3'},{'D6'},{'R3'},{'D5'},{'R2'},,,,,&,1.0,&
{'D2'},{'D3'},{'D6'},{'R3'},{'D5'},{'R2'},{'R1'},{'D1'},{'D7'},{'D4'},&,1.0,&
{'D2'},{'D3'},{'D6'},{'R3'},{'D1'},{'D7'},,,,,&,1.0,&
{'D2'},{'D3'},{'D6'},{'R3'},{'D1'},{'D7'},{'D5'},,,,&,1.0,&
{'D2'},{'D3'},{'D6'},{'R3'},{'D1'},{'D5'},,,,,&,2.0,&
{'D2'},{'D3'},{'D6'},{'R3'},{'D1'},{'D5'},{'R2'},{'D7'},{'R1'},{'D4'},&,1.0,&
{'D2'},{'D3'},{'D6'},{'R3'},{'D1'},{'D5'},{'R2'},{'R1'},{'D7'},{'D4'},&,1.0,&
{'D2'},{'D3'},{'D6'},{'R3'},{'D1'},{'D5'},{'R1'},,,,&,1.0,&
{'D2'},{'D3'},{'D6'},{'R3'},{'D1'},{'R2'},{'D7'},{'R1'},,,&,1.0,&
{'D2'},{'D3'},{'D6'},{'R3'},{'D1'},{'D4'},{'R2'},{'D5'},,,&,1.0,&
{'D2'},{'D3'},{'D6'},{'R3'},{'R2'},,,,,,&,4.0,&
{'D2'},{'D3'},{'D6'},{'R3'},{'R2'},{'D5'},,,,,&,1.0,&
{'D2'},{'D3'},{'D6'},{'R3'},{'R2'},{'D5'},{'R1'},,,,&,1.0,&
{'D2'},{'D3'},{'D6'},{'R3'},{'R2'},{'D5'},{'R1'},{'D1'},,,&,1.0,&
{'D2'},{'D3'},{'D6'},{'R3'},{'R2'},{'R1'},{'D1'},{'D7'},{'D5'},,&,1.0,&
{'D2'},{'D3'},{'D5'},,,,,,,,&,40.0,&
{'D2'},{'D3'},{'D5'},{'R2'},,,,,,,&,4.0,&
{'D2'},{'D3'},{'D5'},{'R2'},{'D6'},,,,,,&,2.0,&
{'D2'},{'D3'},{'D5'},{'R2'},{'D6'},{'D1'},{'R3'},{'R1'},{'D7'},{'D4'},&,1.0,&
{'D2'},{'D3'},{'D5'},{'R2'},{'D6'},{'D1'},{'R3'},{'R1'},{'D4'},{'D7'},&,1.0,&
{'D2'},{'D3'},{'D5'},{'R2'},{'D6'},{'R3'},,,,,&,1.0,&
{'D2'},{'D3'},{'D5'},{'R2'},{'D6'},{'R3'},{'D7'},,,,&,1.0,&
{'D2'},{'D3'},{'D5'},{'R2'},{'D6'},{'R3'},{'D1'},,,,&,1.0,&
{'D2'},{'D3'},{'D5'},{'R2'},{'D7'},,,,,,&,1.0,&
{'D2'},{'D3'},{'D5'},{'R2'},{'D7'},{'D6'},{'R3'},,,,&,1.0,&
{'D2'},{'D3'},{'D5'},{'R2'},{'R1'},,,,,,&,1.0,&
{'D2'},{'D3'},{'D5'},{'R2'},{'R1'},{'D6'},{'R3'},{'D1'},{'D7'},,&,1.0,&
{'D2'},{'D3'},{'D5'},{'R2'},{'R1'},{'D6'},{'D4'},{'R3'},,,&,1.0,&
{'D2'},{'D3'},{'D5'},{'R2'},{'R1'},{'R3'},,,,,&,1.0,&
{'D2'},{'D3'},{'D5'},{'R2'},{'R1'},{'R3'},{'D6'},{'D1'},,,&,1.0,&
{'D2'},{'D3'},{'D5'},{'R2'},{'R3'},,,,,,&,2.0,&
{'D2'},{'D3'},{'D5'},{'R2'},{'R3'},{'D1'},,,,,&,1.0,&
{'D2'},{'D3'},{'D5'},{'R2'},{'R3'},{'D1'},{'R1'},{'D6'},{'D7'},{'D4'},&,1.0,&
{'D2'},{'D3'},{'D5'},{'R2'},{'R3'},{'R1'},,,,,&,1.0,&
{'D2'},{'D3'},{'D5'},{'R2'},{'R3'},{'R1'},{'D1'},,,,&,1.0,&
{'D2'},{'D3'},{'D5'},{'R2'},{'R3'},{'R1'},{'D6'},{'D1'},,,&,1.0,&
{'D2'},{'D3'},{'D5'},{'R2'},{'D1'},,,,,,&,1.0,&
{'D2'},{'D3'},{'D5'},{'R2'},{'D1'},{'D6'},,,,,&,1.0,&
{'D2'},{'D3'},{'D5'},{'R2'},{'D1'},{'D6'},{'D7'},{'R1'},{'R3'},{'D4'},&,1.0,&
{'D2'},{'D3'},{'D5'},{'R2'},{'D1'},{'R3'},,,,,&,4.0,&
{'D2'},{'D3'},{'D5'},{'R2'},{'D1'},{'R3'},{'D7'},,,,&,1.0,&
{'D2'},{'D3'},{'D5'},{'R2'},{'D1'},{'R3'},{'D7'},{'R1'},{'D6'},,&,1.0,&
{'D2'},{'D3'},{'D5'},{'R2'},{'D1'},{'R3'},{'R1'},,,,&,1.0,&
{'D2'},{'D3'},{'D5'},{'R2'},{'D1'},{'R3'},{'D6'},{'D7'},{'R1'},,&,1.0,&
{'D2'},{'D3'},{'D5'},{'R2'},{'D1'},{'R1'},,,,,&,1.0,&
{'D2'},{'D3'},{'D5'},{'R2'},{'D1'},{'R1'},{'R3'},,,,&,1.0,&
{'D2'},{'D3'},{'D5'},{'R2'},{'D1'},{'D4'},{'R1'},{'D6'},{'R3'},{'D7'},&,1.0,&
{'D2'},{'D3'},{'D5'},{'R2'},{'D1'},{'D4'},{'D6'},{'R1'},{'D7'},{'R3'},&,1.0,&
{'D2'},{'D3'},{'D5'},{'D1'},,,,,,,&,13.0,&
{'D2'},{'D3'},{'D5'},{'D1'},{'D6'},,,,,,&,4.0,&
{'D2'},{'D3'},{'D5'},{'D1'},{'D6'},{'R2'},,,,,&,3.0,&
{'D2'},{'D3'},{'D5'},{'D1'},{'D6'},{'R2'},{'D7'},{'D4'},,,&,1.0,&
{'D2'},{'D3'},{'D5'},{'D1'},{'D6'},{'R2'},{'D7'},{'D4'},{'R3'},,&,1.0,&
{'D2'},{'D3'},{'D5'},{'D1'},{'D6'},{'R3'},{'R2'},{'R1'},,,&,1.0,&
{'D2'},{'D3'},{'D5'},{'D1'},{'D6'},{'R1'},{'R2'},{'D4'},{'D7'},{'R3'},&,1.0,&
{'D2'},{'D3'},{'D5'},{'D1'},{'D6'},{'D4'},{'R3'},{'D7'},{'R2'},,&,1.0,&
{'D2'},{'D3'},{'D5'},{'D1'},{'D7'},{'D6'},,,,,&,1.0,&
{'D2'},{'D3'},{'D5'},{'D1'},{'D7'},{'D6'},{'D4'},{'R2'},{'R1'},,&,1.0,&
{'D2'},{'D3'},{'D5'},{'D1'},{'D7'},{'D6'},{'D4'},{'R2'},{'R1'},{'R3'},&,1.0,&
{'D2'},{'D3'},{'D5'},{'D1'},{'D7'},{'R3'},{'D6'},{'D4'},,,&,1.0,&
{'D2'},{'D3'},{'D5'},{'D1'},{'D7'},{'R1'},{'R2'},{'D6'},{'D4'},,&,2.0,&
{'D2'},{'D3'},{'D5'},{'D1'},{'R1'},{'D7'},{'D4'},,,,&,1.0,&
{'D2'},{'D3'},{'D5'},{'D1'},{'R1'},{'R2'},{'R3'},{'D6'},{'D7'},{'D4'},&,1.0,&
{'D2'},{'D3'},{'D5'},{'D1'},{'R1'},{'D6'},,,,,&,2.0,&
{'D2'},{'D3'},{'D5'},{'D1'},{'R3'},,,,,,&,1.0,&
{'D2'},{'D3'},{'D5'},{'D1'},{'R3'},{'D7'},{'D6'},,,,&,1.0,&
{'D2'},{'D3'},{'D5'},{'D1'},{'R3'},{'D7'},{'D6'},{'R2'},,,&,1.0,&
{'D2'},{'D3'},{'D5'},{'D1'},{'R3'},{'R2'},,,,,&,3.0,&
{'D2'},{'D3'},{'D5'},{'D1'},{'R3'},{'R2'},{'D7'},{'D6'},,,&,1.0,&
{'D2'},{'D3'},{'D5'},{'D1'},{'R3'},{'R2'},{'D7'},{'R1'},,,&,1.0,&
{'D2'},{'D3'},{'D5'},{'D1'},{'R3'},{'R2'},{'R1'},{'D6'},,,&,1.0,&
{'D2'},{'D3'},{'D5'},{'D1'},{'R3'},{'D6'},,,,,&,1.0,&
{'D2'},{'D3'},{'D5'},{'D1'},{'R3'},{'D6'},{'D7'},{'D4'},{'R1'},{'R2'},&,1.0,&
{'D2'},{'D3'},{'D5'},{'D1'},{'R3'},{'D6'},{'R2'},{'R1'},,,&,1.0,&
{'D2'},{'D3'},{'D5'},{'D1'},{'R3'},{'D6'},{'D4'},{'D7'},{'R2'},,&,1.0,&
{'D2'},{'D3'},{'D5'},{'D1'},{'R3'},{'D4'},{'D7'},{'D6'},{'R2'},{'R1'},&,1.0,&
{'D2'},{'D3'},{'D5'},{'D1'},{'R3'},{'D4'},{'R2'},{'D6'},{'R1'},{'D7'},&,1.0,&
{'D2'},{'D3'},{'D5'},{'D1'},{'R3'},{'D4'},{'R2'},{'D7'},{'D6'},{'R1'},&,1.0,&
{'D2'},{'D3'},{'D5'},{'D1'},{'R2'},{'D7'},,,,,&,1.0,&
{'D2'},{'D3'},{'D5'},{'D1'},{'R2'},{'D7'},{'D6'},,,,&,1.0,&
{'D2'},{'D3'},{'D5'},{'D1'},{'R2'},{'D6'},{'R3'},{'D4'},,,&,1.0,&
{'D2'},{'D3'},{'D5'},{'D1'},{'R2'},{'D6'},{'R3'},{'R1'},{'D4'},{'D7'},&,1.0,&
{'D2'},{'D3'},{'D5'},{'D1'},{'D4'},{'D7'},{'D6'},,,,&,1.0,&
{'D2'},{'D3'},{'D5'},{'D1'},{'D4'},{'R2'},{'D6'},{'R3'},,,&,1.0,&
{'D2'},{'D3'},{'D5'},{'D4'},{'R2'},{'D1'},{'R3'},{'D6'},{'R1'},,&,1.0,&
{'D2'},{'D3'},{'D5'},{'D4'},{'R2'},{'D1'},{'D6'},{'D7'},,,&,1.0,&
{'D2'},{'D3'},{'D5'},{'D4'},{'R2'},{'R3'},,,,,&,1.0,&
{'D2'},{'D3'},{'D5'},{'D4'},{'R2'},{'R3'},{'D7'},{'D1'},{'D6'},,&,1.0,&
{'D2'},{'D3'},{'D5'},{'D7'},,,,,,,&,2.0,&
{'D2'},{'D3'},{'D5'},{'D7'},{'D6'},{'D1'},{'R2'},{'D4'},,,&,1.0,&
{'D2'},{'D3'},{'D5'},{'D7'},{'D1'},,,,,,&,2.0,&
{'D2'},{'D3'},{'D5'},{'D7'},{'D1'},{'D6'},{'D4'},,,,&,1.0,&
{'D2'},{'D3'},{'D5'},{'D7'},{'R2'},{'D1'},{'D6'},{'D4'},,,&,1.0,&
{'D2'},{'D3'},{'D5'},{'R1'},,,,,,,&,2.0,&
{'D2'},{'D3'},{'D5'},{'R1'},{'R3'},{'D1'},,,,,&,1.0,&
{'D2'},{'D3'},{'D5'},{'R1'},{'R3'},{'D1'},{'R2'},{'D4'},,,&,1.0,&
{'D2'},{'D3'},{'D5'},{'R1'},{'R3'},{'R2'},,,,,&,1.0,&
{'D2'},{'D3'},{'D5'},{'R1'},{'D1'},,,,,,&,1.0,&
{'D2'},{'D3'},{'D5'},{'R1'},{'D1'},{'D7'},{'D4'},,,,&,1.0,&
{'D2'},{'D3'},{'D5'},{'R1'},{'D1'},{'D6'},{'R2'},{'R3'},{'D4'},,&,1.0,&
{'D2'},{'D3'},{'D5'},{'R1'},{'D1'},{'R3'},{'D6'},{'D4'},{'D7'},,&,1.0,&
{'D2'},{'D3'},{'D5'},{'R3'},,,,,,,&,6.0,&
{'D2'},{'D3'},{'D5'},{'R3'},{'D6'},{'D1'},,,,,&,1.0,&
{'D2'},{'D3'},{'D5'},{'R3'},{'D6'},{'D7'},{'D1'},{'D4'},{'R2'},,&,1.0,&
{'D2'},{'D3'},{'D5'},{'R3'},{'D6'},{'R2'},{'D1'},{'D7'},{'R1'},{'D4'},&,1.0,&
{'D2'},{'D3'},{'D5'},{'R3'},{'D7'},,,,,,&,1.0,&
{'D2'},{'D3'},{'D5'},{'R3'},{'D7'},{'D6'},{'D1'},,,,&,1.0,&
{'D2'},{'D3'},{'D5'},{'R3'},{'R1'},,,,,,&,1.0,&
{'D2'},{'D3'},{'D5'},{'R3'},{'R1'},{'D1'},,,,,&,1.0,&
{'D2'},{'D3'},{'D5'},{'R3'},{'D1'},,,,,,&,1.0,&
{'D2'},{'D3'},{'D5'},{'R3'},{'D1'},{'D7'},{'R2'},{'D6'},,,&,1.0,&
{'D2'},{'D3'},{'D5'},{'R3'},{'D1'},{'D7'},{'R2'},{'D6'},{'D4'},,&,1.0,&
{'D2'},{'D3'},{'D5'},{'R3'},{'D1'},{'R2'},,,,,&,2.0,&
{'D2'},{'D3'},{'D5'},{'R3'},{'D1'},{'R2'},{'R1'},{'D6'},,,&,1.0,&
{'D2'},{'D3'},{'D5'},{'R3'},{'D1'},{'R2'},{'D4'},,,,&,1.0,&
{'D2'},{'D3'},{'D5'},{'R3'},{'D1'},{'D6'},,,,,&,1.0,&
{'D2'},{'D3'},{'D5'},{'R3'},{'D1'},{'D6'},{'D7'},{'R2'},{'D4'},,&,1.0,&
{'D2'},{'D3'},{'D5'},{'R3'},{'D1'},{'D6'},{'R2'},{'R1'},,,&,1.0,&
{'D2'},{'D3'},{'D5'},{'R3'},{'D1'},{'R1'},{'R2'},{'D6'},,,&,1.0,&
{'D2'},{'D3'},{'D5'},{'R3'},{'D1'},{'R1'},{'R2'},{'D7'},{'D4'},{'D6'},&,1.0,&
{'D2'},{'D3'},{'D5'},{'R3'},{'D1'},{'D4'},,,,,&,1.0,&
{'D2'},{'D3'},{'D5'},{'R3'},{'R2'},,,,,,&,1.0,&
{'D2'},{'D3'},{'D5'},{'R3'},{'R2'},{'D1'},,,,,&,1.0,&
{'D2'},{'D3'},{'D5'},{'R3'},{'R2'},{'D1'},{'R1'},{'D6'},,,&,1.0,&
{'D2'},{'D3'},{'D5'},{'R3'},{'R2'},{'D1'},{'D6'},{'D7'},{'D4'},{'R1'},&,1.0,&
{'D2'},{'D3'},{'D5'},{'R3'},{'R2'},{'D6'},,,,,&,2.0,&
{'D2'},{'D3'},{'D5'},{'R3'},{'R2'},{'R1'},{'D1'},{'D4'},{'D6'},{'D7'},&,1.0,&
{'D2'},{'D3'},{'D5'},{'R3'},{'R2'},{'R1'},{'D6'},,,,&,1.0,&
{'D2'},{'D3'},{'D5'},{'R3'},{'R2'},{'D4'},,,,,&,1.0,&
{'D2'},{'D3'},{'D5'},{'R3'},{'D4'},{'D1'},,,,,&,1.0,&
{'D2'},{'D3'},{'D5'},{'D6'},,,,,,,&,1.0,&
{'D2'},{'D3'},{'D5'},{'D6'},{'R3'},{'D1'},,,,,&,1.0,&
{'D2'},{'D3'},{'D5'},{'D6'},{'D1'},,,,,,&,3.0,&
{'D2'},{'D3'},{'D5'},{'D6'},{'D1'},{'R2'},{'D7'},,,,&,1.0,&
{'D2'},{'D3'},{'D5'},{'D6'},{'D1'},{'R2'},{'R3'},,,,&,1.0,&
{'D2'},{'D3'},{'D5'},{'D6'},{'D1'},{'R2'},{'R3'},{'D4'},{'D7'},,&,1.0,&
{'D2'},{'D3'},{'D5'},{'D6'},{'D1'},{'R2'},{'R3'},{'D7'},,,&,1.0,&
{'D2'},{'D3'},{'D5'},{'D6'},{'R2'},,,,,,&,1.0,&
{'D2'},{'D3'},{'D5'},{'D6'},{'R2'},{'D1'},{'D4'},,,,&,1.0,&
{'D2'},{'D3'},{'D5'},{'D6'},{'D4'},{'D1'},{'D7'},,,,&,1.0,&
{'D2'},{'D3'},{'D1'},,,,,,,,&,175.0,&
{'D2'},{'D3'},{'D1'},{'R2'},,,,,,,&,34.0,&
{'D2'},{'D3'},{'D1'},{'R2'},{'D6'},,,,,,&,5.0,&
{'D2'},{'D3'},{'D1'},{'R2'},{'D6'},{'D7'},{'R3'},,,,&,1.0,&
{'D2'},{'D3'},{'D1'},{'R2'},{'D6'},{'D7'},{'D5'},{'R3'},,,&,1.0,&
{'D2'},{'D3'},{'D1'},{'R2'},{'D6'},{'D7'},{'D4'},{'D5'},,,&,1.0,&
{'D2'},{'D3'},{'D1'},{'R2'},{'D6'},{'D5'},{'D7'},,,,&,1.0,&
{'D2'},{'D3'},{'D1'},{'R2'},{'D6'},{'D5'},{'D7'},{'R1'},{'R3'},{'D4'},&,1.0,&
{'D2'},{'D3'},{'D1'},{'R2'},{'D6'},{'D5'},{'R3'},{'D7'},,,&,1.0,&
{'D2'},{'D3'},{'D1'},{'R2'},{'D6'},{'D5'},{'D4'},,,,&,1.0,&
{'D2'},{'D3'},{'D1'},{'R2'},{'D6'},{'R3'},,,,,&,1.0,&
{'D2'},{'D3'},{'D1'},{'R2'},{'D6'},{'R3'},{'D7'},{'D5'},{'R1'},,&,1.0,&
{'D2'},{'D3'},{'D1'},{'R2'},{'D6'},{'R3'},{'D7'},{'D5'},{'D4'},,&,1.0,&
{'D2'},{'D3'},{'D1'},{'R2'},{'D6'},{'R3'},{'R1'},{'D7'},,,&,1.0,&
{'D2'},{'D3'},{'D1'},{'R2'},{'D6'},{'R3'},{'R1'},{'D5'},{'D7'},{'D4'},&,1.0,&
{'D2'},{'D3'},{'D1'},{'R2'},{'D6'},{'R3'},{'D4'},{'R1'},,,&,1.0,&
{'D2'},{'D3'},{'D1'},{'R2'},{'D6'},{'R1'},{'R3'},{'D7'},{'D5'},,&,1.0,&
{'D2'},{'D3'},{'D1'},{'R2'},{'D7'},,,,,,&,5.0,&
{'D2'},{'D3'},{'D1'},{'R2'},{'D7'},{'D5'},{'D6'},,,,&,2.0,&
{'D2'},{'D3'},{'D1'},{'R2'},{'D7'},{'D6'},,,,,&,1.0,&
{'D2'},{'D3'},{'D1'},{'R2'},{'D7'},{'D6'},{'D5'},{'D4'},{'R3'},,&,1.0,&
{'D2'},{'D3'},{'D1'},{'R2'},{'D7'},{'D6'},{'D5'},{'D4'},{'R3'},{'R1'},&,1.0,&
{'D2'},{'D3'},{'D1'},{'R2'},{'D7'},{'D6'},{'D4'},{'D5'},{'R3'},,&,1.0,&
{'D2'},{'D3'},{'D1'},{'R2'},{'D7'},{'R3'},{'D5'},{'D6'},{'R1'},{'D4'},&,1.0,&
{'D2'},{'D3'},{'D1'},{'R2'},{'D7'},{'R3'},{'D5'},{'D6'},{'D4'},,&,1.0,&
{'D2'},{'D3'},{'D1'},{'R2'},{'D7'},{'R3'},{'R1'},{'D6'},{'D5'},{'D4'},&,1.0,&
{'D2'},{'D3'},{'D1'},{'R2'},{'D7'},{'R3'},{'D6'},{'D5'},{'R1'},,&,1.0,&
{'D2'},{'D3'},{'D1'},{'R2'},{'R1'},,,,,,&,1.0,&
{'D2'},{'D3'},{'D1'},{'R2'},{'R1'},{'D5'},{'D6'},{'D4'},{'D7'},,&,1.0,&
{'D2'},{'D3'},{'D1'},{'R2'},{'R1'},{'D5'},{'D6'},{'D7'},{'D4'},,&,1.0,&
{'D2'},{'D3'},{'D1'},{'R2'},{'R1'},{'D5'},{'D6'},{'R3'},{'D7'},,&,1.0,&
{'D2'},{'D3'},{'D1'},{'R2'},{'R1'},{'D6'},,,,,&,2.0,&
{'D2'},{'D3'},{'D1'},{'R2'},{'R1'},{'D6'},{'D4'},,,,&,1.0,&
{'D2'},{'D3'},{'D1'},{'R2'},{'R1'},{'R3'},,,,,&,1.0,&
{'D2'},{'D3'},{'D1'},{'R2'},{'R1'},{'R3'},{'D6'},,,,&,1.0,&
{'D2'},{'D3'},{'D1'},{'R2'},{'D5'},,,,,,&,7.0,&
{'D2'},{'D3'},{'D1'},{'R2'},{'D5'},{'D7'},{'R3'},{'R1'},,,&,1.0,&
{'D2'},{'D3'},{'D1'},{'R2'},{'D5'},{'D6'},,,,,&,1.0,&
{'D2'},{'D3'},{'D1'},{'R2'},{'D5'},{'D6'},{'D7'},{'D4'},,,&,1.0,&
{'D2'},{'D3'},{'D1'},{'R2'},{'D5'},{'D6'},{'D7'},{'R3'},{'D4'},,&,1.0,&
{'D2'},{'D3'},{'D1'},{'R2'},{'D5'},{'D6'},{'D7'},{'R1'},{'D4'},{'R3'},&,1.0,&
{'D2'},{'D3'},{'D1'},{'R2'},{'D5'},{'D6'},{'R3'},{'D4'},,,&,1.0,&
{'D2'},{'D3'},{'D1'},{'R2'},{'D5'},{'D6'},{'R3'},{'R1'},{'D7'},,&,2.0,&
{'D2'},{'D3'},{'D1'},{'R2'},{'D5'},{'D6'},{'D4'},,,,&,1.0,&
{'D2'},{'D3'},{'D1'},{'R2'},{'D5'},{'R3'},,,,,&,2.0,&
{'D2'},{'D3'},{'D1'},{'R2'},{'D5'},{'R3'},{'D7'},{'R1'},,,&,1.0,&
{'D2'},{'D3'},{'D1'},{'R2'},{'D5'},{'R3'},{'R1'},,,,&,1.0,&
{'D2'},{'D3'},{'D1'},{'R2'},{'D5'},{'R1'},,,,,&,1.0,&
{'D2'},{'D3'},{'D1'},{'R2'},{'R3'},,,,,,&,11.0,&
{'D2'},{'D3'},{'D1'},{'R2'},{'R3'},{'D7'},,,,,&,2.0,&
{'D2'},{'D3'},{'D1'},{'R2'},{'R3'},{'D7'},{'R1'},{'D6'},,,&,1.0,&
{'D2'},{'D3'},{'D1'},{'R2'},{'R3'},{'D7'},{'R1'},{'D6'},{'D5'},{'D4'},&,1.0,&
{'D2'},{'D3'},{'D1'},{'R2'},{'R3'},{'D7'},{'R1'},{'D4'},,,&,1.0,&
{'D2'},{'D3'},{'D1'},{'R2'},{'R3'},{'D7'},{'D6'},,,,&,1.0,&
{'D2'},{'D3'},{'D1'},{'R2'},{'R3'},{'D7'},{'D6'},{'D5'},{'R1'},,&,1.0,&
{'D2'},{'D3'},{'D1'},{'R2'},{'R3'},{'D5'},,,,,&,2.0,&
{'D2'},{'D3'},{'D1'},{'R2'},{'R3'},{'D5'},{'D7'},,,,&,1.0,&
{'D2'},{'D3'},{'D1'},{'R2'},{'R3'},{'D5'},{'D7'},{'R1'},{'D6'},{'D4'},&,2.0,&
{'D2'},{'D3'},{'D1'},{'R2'},{'R3'},{'D5'},{'R1'},{'D7'},{'D6'},{'D4'},&,1.0,&
{'D2'},{'D3'},{'D1'},{'R2'},{'R3'},{'D5'},{'D6'},{'R1'},,,&,1.0,&
{'D2'},{'D3'},{'D1'},{'R2'},{'R3'},{'D6'},,,,,&,3.0,&
{'D2'},{'D3'},{'D1'},{'R2'},{'R3'},{'D6'},{'D7'},{'D5'},{'R1'},{'D4'},&,1.0,&
{'D2'},{'D3'},{'D1'},{'R2'},{'R3'},{'D6'},{'D5'},{'D7'},{'R1'},{'D4'},&,1.0,&
{'D2'},{'D3'},{'D1'},{'R2'},{'R3'},{'D6'},{'R1'},,,,&,2.0,&
{'D2'},{'D3'},{'D1'},{'R2'},{'R3'},{'D6'},{'R1'},{'D7'},,,&,2.0,&
{'D2'},{'D3'},{'D1'},{'R2'},{'R3'},{'D6'},{'R1'},{'D5'},,,&,1.0,&
{'D2'},{'D3'},{'D1'},{'R2'},{'R3'},{'D6'},{'R1'},{'D5'},{'D7'},{'D4'},&,1.0,&
{'D2'},{'D3'},{'D1'},{'R2'},{'R3'},{'D6'},{'R1'},{'D5'},{'D4'},{'D7'},&,1.0,&
{'D2'},{'D3'},{'D1'},{'R2'},{'R3'},{'R1'},,,,,&,5.0,&
{'D2'},{'D3'},{'D1'},{'R2'},{'R3'},{'R1'},{'D7'},,,,&,1.0,&
{'D2'},{'D3'},{'D1'},{'R2'},{'R3'},{'R1'},{'D7'},{'D6'},,,&,1.0,&
{'D2'},{'D3'},{'D1'},{'R2'},{'R3'},{'R1'},{'D5'},,,,&,1.0,&
{'D2'},{'D3'},{'D1'},{'R2'},{'R3'},{'R1'},{'D5'},{'D6'},{'D4'},{'D7'},&,1.0,&
{'D2'},{'D3'},{'D1'},{'R2'},{'R3'},{'R1'},{'D6'},,,,&,2.0,&
{'D2'},{'D3'},{'D1'},{'R2'},{'R3'},{'R1'},{'D6'},{'D4'},{'D7'},{'D5'},&,1.0,&
{'D2'},{'D3'},{'D1'},{'R2'},{'R3'},{'R1'},{'D6'},{'D5'},{'D7'},,&,1.0,&
{'D2'},{'D3'},{'D1'},{'R2'},{'R3'},{'D4'},{'R1'},{'D6'},,,&,1.0,&
{'D2'},{'D3'},{'D1'},{'R2'},{'R3'},{'D4'},{'R1'},{'D5'},{'D6'},{'D7'},&,1.0,&
{'D2'},{'D3'},{'D1'},{'R2'},{'D4'},{'D7'},{'R3'},,,,&,1.0,&
{'D2'},{'D3'},{'D1'},{'R2'},{'D4'},{'D7'},{'D6'},{'R3'},{'R1'},,&,1.0,&
{'D2'},{'D3'},{'D1'},{'R2'},{'D4'},{'D5'},{'D7'},{'D6'},{'R3'},,&,1.0,&
{'D2'},{'D3'},{'D1'},{'R2'},{'D4'},{'D5'},{'R3'},{'D7'},{'D6'},{'R1'},&,1.0,&
{'D2'},{'D3'},{'D1'},{'R2'},{'D4'},{'D6'},{'R3'},{'D7'},,,&,1.0,&
{'D2'},{'D3'},{'D1'},{'R2'},{'D4'},{'R3'},{'D5'},{'D7'},{'R1'},{'D6'},&,1.0,&
{'D2'},{'D3'},{'D1'},{'D5'},,,,,,,&,18.0,&
{'D2'},{'D3'},{'D1'},{'D5'},{'D6'},,,,,,&,4.0,&
{'D2'},{'D3'},{'D1'},{'D5'},{'D6'},{'D7'},{'R3'},{'D4'},,,&,1.0,&
{'D2'},{'D3'},{'D1'},{'D5'},{'D6'},{'D7'},{'R3'},{'D4'},{'R2'},,&,1.0,&
{'D2'},{'D3'},{'D1'},{'D5'},{'D6'},{'D7'},{'D4'},{'R2'},{'R3'},{'R1'},&,1.0,&
{'D2'},{'D3'},{'D1'},{'D5'},{'D6'},{'R2'},{'D7'},{'D4'},,,&,1.0,&
{'D2'},{'D3'},{'D1'},{'D5'},{'D6'},{'R2'},{'D7'},{'D4'},{'R3'},{'R1'},&,1.0,&
{'D2'},{'D3'},{'D1'},{'D5'},{'D6'},{'R2'},{'D7'},{'R3'},,,&,1.0,&
{'D2'},{'D3'},{'D1'},{'D5'},{'D6'},{'R2'},{'R3'},,,,&,1.0,&
{'D2'},{'D3'},{'D1'},{'D5'},{'D6'},{'R3'},{'R2'},{'D4'},{'D7'},,&,1.0,&
{'D2'},{'D3'},{'D1'},{'D5'},{'D6'},{'R3'},{'R2'},{'R1'},,,&,1.0,&
{'D2'},{'D3'},{'D1'},{'D5'},{'D6'},{'R3'},{'R2'},{'R1'},{'D7'},{'D4'},&,1.0,&
{'D2'},{'D3'},{'D1'},{'D5'},{'D6'},{'R3'},{'D4'},,,,&,1.0,&
{'D2'},{'D3'},{'D1'},{'D5'},{'D6'},{'R1'},{'R3'},,,,&,1.0,&
{'D2'},{'D3'},{'D1'},{'D5'},{'D6'},{'D4'},,,,,&,1.0,&
{'D2'},{'D3'},{'D1'},{'D5'},{'D6'},{'D4'},{'D7'},{'R2'},{'R3'},{'R1'},&,1.0,&
{'D2'},{'D3'},{'D1'},{'D5'},{'D6'},{'D4'},{'R3'},{'R2'},,,&,1.0,&
{'D2'},{'D3'},{'D1'},{'D5'},{'D7'},,,,,,&,4.0,&
{'D2'},{'D3'},{'D1'},{'D5'},{'D7'},{'R2'},,,,,&,1.0,&
{'D2'},{'D3'},{'D1'},{'D5'},{'D7'},{'R2'},{'R3'},{'D4'},{'R1'},{'D6'},&,1.0,&
{'D2'},{'D3'},{'D1'},{'D5'},{'D7'},{'R2'},{'R3'},{'R1'},{'D6'},{'D4'},&,1.0,&
{'D2'},{'D3'},{'D1'},{'D5'},{'D7'},{'R2'},{'D6'},,,,&,1.0,&
{'D2'},{'D3'},{'D1'},{'D5'},{'D7'},{'R2'},{'D6'},{'D4'},{'R3'},{'R1'},&,1.0,&
{'D2'},{'D3'},{'D1'},{'D5'},{'D7'},{'D6'},{'R2'},{'D4'},{'R1'},{'R3'},&,1.0,&
{'D2'},{'D3'},{'D1'},{'D5'},{'D7'},{'D6'},{'R2'},{'R3'},{'R1'},{'D4'},&,1.0,&
{'D2'},{'D3'},{'D1'},{'D5'},{'D7'},{'D6'},{'D4'},,,,&,1.0,&
{'D2'},{'D3'},{'D1'},{'D5'},{'D7'},{'D6'},{'D4'},{'R3'},,,&,1.0,&
{'D2'},{'D3'},{'D1'},{'D5'},{'D7'},{'R3'},,,,,&,1.0,&
{'D2'},{'D3'},{'D1'},{'D5'},{'D7'},{'R3'},{'D6'},{'D4'},{'R1'},{'R2'},&,1.0,&
{'D2'},{'D3'},{'D1'},{'D5'},{'R1'},{'R2'},{'D4'},,,,&,1.0,&
{'D2'},{'D3'},{'D1'},{'D5'},{'R3'},,,,,,&,5.0,&
{'D2'},{'D3'},{'D1'},{'D5'},{'R3'},{'D7'},{'R2'},{'R1'},,,&,1.0,&
{'D2'},{'D3'},{'D1'},{'D5'},{'R3'},{'R2'},,,,,&,2.0,&
{'D2'},{'D3'},{'D1'},{'D5'},{'R3'},{'R2'},{'R1'},{'D6'},,,&,1.0,&
{'D2'},{'D3'},{'D1'},{'D5'},{'R3'},{'R2'},{'R1'},{'D6'},{'D7'},{'D4'},&,1.0,&
{'D2'},{'D3'},{'D1'},{'D5'},{'R3'},{'R2'},{'R1'},{'D6'},{'D4'},{'D7'},&,1.0,&
{'D2'},{'D3'},{'D1'},{'D5'},{'R3'},{'R2'},{'D6'},{'D7'},{'R1'},{'D4'},&,2.0,&
{'D2'},{'D3'},{'D1'},{'D5'},{'R3'},{'D6'},,,,,&,2.0,&
{'D2'},{'D3'},{'D1'},{'D5'},{'R3'},{'D6'},{'D7'},{'R2'},{'R1'},,&,1.0,&
{'D2'},{'D3'},{'D1'},{'D5'},{'R3'},{'D6'},{'R2'},{'R1'},{'D4'},{'D7'},&,1.0,&
{'D2'},{'D3'},{'D1'},{'D5'},{'R3'},{'D6'},{'D4'},{'R2'},,,&,1.0,&
{'D2'},{'D3'},{'D1'},{'D5'},{'R3'},{'D4'},{'R2'},{'R1'},{'D7'},{'D6'},&,1.0,&
{'D2'},{'D3'},{'D1'},{'D5'},{'R2'},,,,,,&,1.0,&
{'D2'},{'D3'},{'D1'},{'D5'},{'R2'},{'D7'},{'R3'},{'D4'},{'R1'},,&,1.0,&
{'D2'},{'D3'},{'D1'},{'D5'},{'R2'},{'D7'},{'R3'},{'D4'},{'D6'},{'R1'},&,1.0,&
{'D2'},{'D3'},{'D1'},{'D5'},{'R2'},{'D7'},{'R3'},{'R1'},{'D6'},{'D4'},&,1.0,&
{'D2'},{'D3'},{'D1'},{'D5'},{'R2'},{'D6'},,,,,&,1.0,&
{'D2'},{'D3'},{'D1'},{'D5'},{'R2'},{'D6'},{'D7'},{'D4'},,,&,1.0,&
{'D2'},{'D3'},{'D1'},{'D5'},{'R2'},{'D6'},{'D7'},{'R3'},{'D4'},{'R1'},&,1.0,&
{'D2'},{'D3'},{'D1'},{'D5'},{'R2'},{'D6'},{'R3'},{'D7'},{'R1'},{'D4'},&,1.0,&
{'D2'},{'D3'},{'D1'},{'D5'},{'R2'},{'R3'},{'D7'},{'D4'},{'R1'},{'D6'},&,1.0,&
{'D2'},{'D3'},{'D1'},{'D5'},{'R2'},{'R3'},{'R1'},{'D6'},{'D7'},{'D4'},&,1.0,&
{'D2'},{'D3'},{'D1'},{'D5'},{'R2'},{'R3'},{'R1'},{'D7'},{'D6'},{'D4'},&,1.0,&
{'D2'},{'D3'},{'D1'},{'D5'},{'R2'},{'R3'},{'D6'},{'D7'},,,&,2.0,&
{'D2'},{'D3'},{'D1'},{'D5'},{'R2'},{'R3'},{'D6'},{'R1'},{'D7'},{'D4'},&,1.0,&
{'D2'},{'D3'},{'D1'},{'D5'},{'R2'},{'R1'},{'D6'},{'R3'},{'D7'},{'D4'},&,2.0,&
{'D2'},{'D3'},{'D1'},{'D5'},{'R2'},{'D4'},,,,,&,2.0,&
{'D2'},{'D3'},{'D1'},{'D5'},{'R2'},{'D4'},{'D6'},{'D7'},{'R3'},{'R1'},&,1.0,&
{'D2'},{'D3'},{'D1'},{'D5'},{'D4'},{'D7'},{'D6'},,,,&,1.0,&
{'D2'},{'D3'},{'D1'},{'D5'},{'D4'},{'R2'},{'R3'},{'R1'},,,&,1.0,&
{'D2'},{'D3'},{'D1'},{'D5'},{'D4'},{'D6'},{'R3'},,,,&,1.0,&
{'D2'},{'D3'},{'D1'},{'D5'},{'D4'},{'D6'},{'R2'},,,,&,1.0,&
{'D2'},{'D3'},{'D1'},{'D4'},,,,,,,&,6.0,&
{'D2'},{'D3'},{'D1'},{'D4'},{'D6'},,,,,,&,2.0,&
{'D2'},{'D3'},{'D1'},{'D4'},{'D6'},{'D7'},{'D5'},{'R3'},,,&,1.0,&
{'D2'},{'D3'},{'D1'},{'D4'},{'D6'},{'R2'},{'D5'},{'D7'},{'R3'},{'R1'},&,1.0,&
{'D2'},{'D3'},{'D1'},{'D4'},{'D6'},{'R2'},{'D5'},{'R1'},{'D7'},{'R3'},&,1.0,&
{'D2'},{'D3'},{'D1'},{'D4'},{'D7'},,,,,,&,1.0,&
{'D2'},{'D3'},{'D1'},{'D4'},{'D7'},{'R3'},{'D5'},,,,&,1.0,&
{'D2'},{'D3'},{'D1'},{'D4'},{'D7'},{'R1'},,,,,&,1.0,&
{'D2'},{'D3'},{'D1'},{'D4'},{'R1'},{'R2'},{'R3'},,,,&,1.0,&
{'D2'},{'D3'},{'D1'},{'D4'},{'D5'},,,,,,&,1.0,&
{'D2'},{'D3'},{'D1'},{'D4'},{'D5'},{'R2'},,,,,&,1.0,&
{'D2'},{'D3'},{'D1'},{'D4'},{'D5'},{'D6'},,,,,&,1.0,&
{'D2'},{'D3'},{'D1'},{'D4'},{'R3'},{'R2'},,,,,&,1.0,&
{'D2'},{'D3'},{'D1'},{'D4'},{'R3'},{'R2'},{'R1'},{'D5'},{'D7'},,&,1.0,&
{'D2'},{'D3'},{'D1'},{'D4'},{'R3'},{'R2'},{'D6'},{'D5'},{'R1'},{'D7'},&,1.0,&
{'D2'},{'D3'},{'D1'},{'D4'},{'R3'},{'D6'},{'D5'},{'R2'},{'D7'},{'R1'},&,1.0,&
{'D2'},{'D3'},{'D1'},{'D4'},{'R2'},,,,,,&,1.0,&
{'D2'},{'D3'},{'D1'},{'D4'},{'R2'},{'D5'},{'R3'},,,,&,1.0,&
{'D2'},{'D3'},{'D1'},{'D4'},{'R2'},{'D6'},{'R1'},{'D7'},{'D5'},{'R3'},&,1.0,&
{'D2'},{'D3'},{'D1'},{'D4'},{'R2'},{'R3'},{'D6'},{'D5'},{'D7'},,&,1.0,&
{'D2'},{'D3'},{'D1'},{'D4'},{'R2'},{'R1'},{'D5'},{'R3'},{'D6'},{'D7'},&,1.0,&
{'D2'},{'D3'},{'D1'},{'D7'},,,,,,,&,21.0,&
{'D2'},{'D3'},{'D1'},{'D7'},{'D6'},,,,,,&,5.0,&
{'D2'},{'D3'},{'D1'},{'D7'},{'D6'},{'D5'},,,,,&,2.0,&
{'D2'},{'D3'},{'D1'},{'D7'},{'D6'},{'D5'},{'R3'},,,,&,1.0,&
{'D2'},{'D3'},{'D1'},{'D7'},{'D6'},{'D5'},{'D4'},{'R2'},{'R1'},{'R3'},&,1.0,&
{'D2'},{'D3'},{'D1'},{'D7'},{'D6'},{'D5'},{'D4'},{'R3'},,,&,1.0,&
{'D2'},{'D3'},{'D1'},{'D7'},{'D6'},{'R2'},,,,,&,2.0,&
{'D2'},{'D3'},{'D1'},{'D7'},{'D6'},{'R2'},{'D5'},{'D4'},{'R1'},,&,1.0,&
{'D2'},{'D3'},{'D1'},{'D7'},{'D6'},{'R3'},{'D5'},{'R2'},,,&,1.0,&
{'D2'},{'D3'},{'D1'},{'D7'},{'D6'},{'R3'},{'R2'},,,,&,1.0,&
{'D2'},{'D3'},{'D1'},{'D7'},{'D6'},{'D4'},{'D5'},{'R2'},,,&,1.0,&
{'D2'},{'D3'},{'D1'},{'D7'},{'D6'},{'D4'},{'D5'},{'R2'},{'R3'},,&,1.0,&
{'D2'},{'D3'},{'D1'},{'D7'},{'D6'},{'D4'},{'D5'},{'R3'},{'R1'},{'R2'},&,1.0,&
{'D2'},{'D3'},{'D1'},{'D7'},{'D6'},{'D4'},{'D5'},{'R3'},{'R2'},{'R1'},&,1.0,&
{'D2'},{'D3'},{'D1'},{'D7'},{'D6'},{'D4'},{'R2'},,,,&,1.0,&
{'D2'},{'D3'},{'D1'},{'D7'},{'R1'},,,,,,&,2.0,&
{'D2'},{'D3'},{'D1'},{'D7'},{'R1'},{'D5'},,,,,&,1.0,&
{'D2'},{'D3'},{'D1'},{'D7'},{'R1'},{'D6'},{'D5'},{'D4'},,,&,1.0,&
{'D2'},{'D3'},{'D1'},{'D7'},{'D5'},,,,,,&,2.0,&
{'D2'},{'D3'},{'D1'},{'D7'},{'D5'},{'R2'},,,,,&,1.0,&
{'D2'},{'D3'},{'D1'},{'D7'},{'D5'},{'R2'},{'R3'},,,,&,1.0,&
{'D2'},{'D3'},{'D1'},{'D7'},{'D5'},{'R2'},{'R3'},{'D6'},{'D4'},,&,1.0,&
{'D2'},{'D3'},{'D1'},{'D7'},{'D5'},{'R2'},{'R3'},{'D6'},{'D4'},{'R1'},&,1.0,&
{'D2'},{'D3'},{'D1'},{'D7'},{'D5'},{'R2'},{'D6'},{'R1'},{'D4'},{'R3'},&,1.0,&
{'D2'},{'D3'},{'D1'},{'D7'},{'D5'},{'D6'},{'R3'},,,,&,1.0,&
{'D2'},{'D3'},{'D1'},{'D7'},{'D5'},{'D6'},{'R2'},{'R3'},{'R1'},,&,1.0,&
{'D2'},{'D3'},{'D1'},{'D7'},{'D5'},{'D6'},{'D4'},{'R2'},{'R3'},,&,1.0,&
{'D2'},{'D3'},{'D1'},{'D7'},{'D5'},{'D6'},{'D4'},{'R3'},,,&,2.0,&
{'D2'},{'D3'},{'D1'},{'D7'},{'D5'},{'R3'},{'R2'},,,,&,1.0,&
{'D2'},{'D3'},{'D1'},{'D7'},{'D5'},{'R1'},{'D6'},{'R3'},{'R2'},{'D4'},&,1.0,&
{'D2'},{'D3'},{'D1'},{'D7'},{'D5'},{'D4'},{'D6'},{'R3'},,,&,1.0,&
{'D2'},{'D3'},{'D1'},{'D7'},{'D5'},{'D4'},{'D6'},{'R3'},{'R2'},{'R1'},&,1.0,&
{'D2'},{'D3'},{'D1'},{'D7'},{'R3'},,,,,,&,3.0,&
{'D2'},{'D3'},{'D1'},{'D7'},{'R3'},{'D5'},{'D6'},{'D4'},{'R2'},,&,1.0,&
{'D2'},{'D3'},{'D1'},{'D7'},{'R3'},{'D5'},{'D6'},{'R2'},{'R1'},,&,1.0,&
{'D2'},{'D3'},{'D1'},{'D7'},{'R3'},{'R2'},,,,,&,3.0,&
{'D2'},{'D3'},{'D1'},{'D7'},{'R3'},{'R2'},{'D5'},{'D6'},{'D4'},{'R1'},&,1.0,&
{'D2'},{'D3'},{'D1'},{'D7'},{'R3'},{'D6'},,,,,&,1.0,&
{'D2'},{'D3'},{'D1'},{'D7'},{'R3'},{'D6'},{'D5'},{'R2'},{'R1'},,&,1.0,&
{'D2'},{'D3'},{'D1'},{'D7'},{'R3'},{'D6'},{'R2'},{'D5'},{'R1'},{'D4'},&,2.0,&
{'D2'},{'D3'},{'D1'},{'D7'},{'R3'},{'D6'},{'R2'},{'D5'},{'D4'},{'R1'},&,1.0,&
{'D2'},{'D3'},{'D1'},{'D7'},{'R3'},{'R1'},{'D5'},{'D6'},{'D4'},{'R2'},&,1.0,&
{'D2'},{'D3'},{'D1'},{'D7'},{'R3'},{'R1'},{'R2'},,,,&,1.0,&
{'D2'},{'D3'},{'D1'},{'D7'},{'R3'},{'D4'},{'R1'},{'D6'},{'D5'},{'R2'},&,1.0,&
{'D2'},{'D3'},{'D1'},{'D7'},{'R2'},,,,,,&,1.0,&
{'D2'},{'D3'},{'D1'},{'D7'},{'R2'},{'D5'},{'R3'},{'D6'},{'D4'},,&,1.0,&
{'D2'},{'D3'},{'D1'},{'D7'},{'R2'},{'D5'},{'R3'},{'D6'},{'D4'},{'R1'},&,1.0,&
{'D2'},{'D3'},{'D1'},{'D7'},{'R2'},{'D5'},{'D6'},,,,&,1.0,&
{'D2'},{'D3'},{'D1'},{'D7'},{'R2'},{'D6'},,,,,&,2.0,&
{'D2'},{'D3'},{'D1'},{'D7'},{'R2'},{'D6'},{'D4'},{'R1'},{'D5'},{'R3'},&,1.0,&
{'D2'},{'D3'},{'D1'},{'D7'},{'R2'},{'R3'},,,,,&,1.0,&
{'D2'},{'D3'},{'D1'},{'D7'},{'R2'},{'R3'},{'D5'},{'D6'},{'R1'},{'D4'},&,1.0,&
{'D2'},{'D3'},{'D1'},{'D7'},{'R2'},{'R3'},{'R1'},,,,&,1.0,&
{'D2'},{'D3'},{'D1'},{'D7'},{'R2'},{'R3'},{'R1'},{'D6'},,,&,1.0,&
{'D2'},{'D3'},{'D1'},{'D7'},{'R2'},{'R3'},{'R1'},{'D4'},{'D5'},{'D6'},&,1.0,&
{'D2'},{'D3'},{'D1'},{'D7'},{'R2'},{'R3'},{'D6'},{'D5'},{'R1'},,&,1.0,&
{'D2'},{'D3'},{'D1'},{'D7'},{'R2'},{'R3'},{'D6'},{'D5'},{'D4'},,&,1.0,&
{'D2'},{'D3'},{'D1'},{'D7'},{'R2'},{'R3'},{'D4'},{'D6'},{'D5'},{'R1'},&,1.0,&
{'D2'},{'D3'},{'D1'},{'D7'},{'R2'},{'R1'},{'R3'},,,,&,1.0,&
{'D2'},{'D3'},{'D1'},{'D7'},{'R2'},{'R1'},{'R3'},{'D6'},,,&,1.0,&
{'D2'},{'D3'},{'D1'},{'D7'},{'R2'},{'D4'},{'D6'},,,,&,1.0,&
{'D2'},{'D3'},{'D1'},{'D7'},{'R2'},{'D4'},{'D6'},{'D5'},{'R3'},,&,1.0,&
{'D2'},{'D3'},{'D1'},{'D7'},{'D4'},,,,,,&,1.0,&
{'D2'},{'D3'},{'D1'},{'R1'},,,,,,,&,8.0,&
{'D2'},{'D3'},{'D1'},{'R1'},{'D6'},,,,,,&,1.0,&
{'D2'},{'D3'},{'D1'},{'R1'},{'D6'},{'D7'},{'R3'},,,,&,1.0,&
{'D2'},{'D3'},{'D1'},{'R1'},{'D6'},{'D5'},{'D7'},{'R3'},{'D4'},{'R2'},&,1.0,&
{'D2'},{'D3'},{'D1'},{'R1'},{'D6'},{'D5'},{'D4'},{'R3'},{'R2'},{'D7'},&,1.0,&
{'D2'},{'D3'},{'D1'},{'R1'},{'D6'},{'R2'},{'D7'},,,,&,1.0,&
{'D2'},{'D3'},{'D1'},{'R1'},{'D6'},{'R2'},{'D7'},{'R3'},{'D4'},,&,1.0,&
{'D2'},{'D3'},{'D1'},{'R1'},{'D6'},{'R2'},{'R3'},{'D7'},{'D5'},,&,1.0,&
{'D2'},{'D3'},{'D1'},{'R1'},{'D6'},{'R3'},{'D7'},{'D4'},,,&,1.0,&
{'D2'},{'D3'},{'D1'},{'R1'},{'D6'},{'R3'},{'D5'},{'D7'},,,&,1.0,&
{'D2'},{'D3'},{'D1'},{'R1'},{'D6'},{'R3'},{'R2'},,,,&,1.0,&
{'D2'},{'D3'},{'D1'},{'R1'},{'D6'},{'D4'},{'D7'},{'D5'},,,&,1.0,&
{'D2'},{'D3'},{'D1'},{'R1'},{'D6'},{'D4'},{'R2'},{'D7'},{'R3'},{'D5'},&,1.0,&
{'D2'},{'D3'},{'D1'},{'R1'},{'D7'},,,,,,&,1.0,&
{'D2'},{'D3'},{'D1'},{'R1'},{'D7'},{'D5'},,,,,&,1.0,&
{'D2'},{'D3'},{'D1'},{'R1'},{'D7'},{'R2'},{'D6'},,,,&,1.0,&
{'D2'},{'D3'},{'D1'},{'R1'},{'D7'},{'D6'},{'R3'},{'R2'},{'D5'},,&,1.0,&
{'D2'},{'D3'},{'D1'},{'R1'},{'D7'},{'R3'},{'D6'},,,,&,1.0,&
{'D2'},{'D3'},{'D1'},{'R1'},{'D5'},,,,,,&,3.0,&
{'D2'},{'D3'},{'D1'},{'R1'},{'D5'},{'R2'},,,,,&,1.0,&
{'D2'},{'D3'},{'D1'},{'R1'},{'D5'},{'R3'},{'R2'},,,,&,1.0,&
{'D2'},{'D3'},{'D1'},{'R1'},{'R3'},{'D7'},{'R2'},,,,&,1.0,&
{'D2'},{'D3'},{'D1'},{'R1'},{'R3'},{'D7'},{'R2'},{'D6'},,,&,1.0,&
{'D2'},{'D3'},{'D1'},{'R1'},{'R3'},{'R2'},,,,,&,2.0,&
{'D2'},{'D3'},{'D1'},{'R1'},{'R3'},{'R2'},{'D5'},,,,&,1.0,&
{'D2'},{'D3'},{'D1'},{'R1'},{'R3'},{'R2'},{'D4'},,,,&,1.0,&
{'D2'},{'D3'},{'D1'},{'R1'},{'R3'},{'D6'},{'D7'},{'R2'},{'D5'},{'D4'},&,1.0,&
{'D2'},{'D3'},{'D1'},{'R1'},{'R3'},{'D4'},{'D6'},{'D5'},{'R2'},,&,1.0,&
{'D2'},{'D3'},{'D1'},{'R1'},{'R2'},,,,,,&,2.0,&
{'D2'},{'D3'},{'D1'},{'R1'},{'R2'},{'D6'},{'D7'},{'D5'},{'D4'},{'R3'},&,1.0,&
{'D2'},{'D3'},{'D1'},{'R3'},,,,,,,&,23.0,&
{'D2'},{'D3'},{'D1'},{'R3'},{'D6'},,,,,,&,9.0,&
{'D2'},{'D3'},{'D1'},{'R3'},{'D6'},{'D7'},{'D5'},{'D4'},,,&,2.0,&
{'D2'},{'D3'},{'D1'},{'R3'},{'D6'},{'D7'},{'R2'},{'R1'},{'D5'},,&,1.0,&
{'D2'},{'D3'},{'D1'},{'R3'},{'D6'},{'D7'},{'D4'},{'R1'},,,&,1.0,&
{'D2'},{'D3'},{'D1'},{'R3'},{'D6'},{'D5'},,,,,&,4.0,&
{'D2'},{'D3'},{'D1'},{'R3'},{'D6'},{'D5'},{'D7'},,,,&,1.0,&
{'D2'},{'D3'},{'D1'},{'R3'},{'D6'},{'D5'},{'D7'},{'D4'},{'R1'},,&,1.0,&
{'D2'},{'D3'},{'D1'},{'R3'},{'D6'},{'D5'},{'D4'},,,,&,2.0,&
{'D2'},{'D3'},{'D1'},{'R3'},{'D6'},{'D5'},{'D4'},{'D7'},,,&,1.0,&
{'D2'},{'D3'},{'D1'},{'R3'},{'D6'},{'R2'},,,,,&,1.0,&
{'D2'},{'D3'},{'D1'},{'R3'},{'D6'},{'R2'},{'D7'},{'R1'},{'D5'},{'D4'},&,1.0,&
{'D2'},{'D3'},{'D1'},{'R3'},{'D6'},{'R2'},{'D5'},{'D7'},{'R1'},{'D4'},&,1.0,&
{'D2'},{'D3'},{'D1'},{'R3'},{'D6'},{'R2'},{'R1'},{'D7'},{'D5'},,&,1.0,&
{'D2'},{'D3'},{'D1'},{'R3'},{'D6'},{'R1'},{'D5'},{'R2'},{'D7'},,&,1.0,&
{'D2'},{'D3'},{'D1'},{'R3'},{'D6'},{'R1'},{'R2'},,,,&,1.0,&
{'D2'},{'D3'},{'D1'},{'R3'},{'D6'},{'R1'},{'R2'},{'D5'},{'D7'},{'D4'},&,1.0,&
{'D2'},{'D3'},{'D1'},{'R3'},{'D6'},{'D4'},,,,,&,1.0,&
{'D2'},{'D3'},{'D1'},{'R3'},{'D6'},{'D4'},{'R1'},{'R2'},{'D5'},{'D7'},&,1.0,&
{'D2'},{'D3'},{'D1'},{'R3'},{'D7'},,,,,,&,2.0,&
{'D2'},{'D3'},{'D1'},{'R3'},{'D7'},{'R2'},,,,,&,1.0,&
{'D2'},{'D3'},{'D1'},{'R3'},{'D7'},{'R2'},{'R1'},{'D5'},{'D4'},,&,1.0,&
{'D2'},{'D3'},{'D1'},{'R3'},{'D7'},{'R2'},{'D6'},{'D5'},{'D4'},{'R1'},&,1.0,&
{'D2'},{'D3'},{'D1'},{'R3'},{'D7'},{'D6'},,,,,&,2.0,&
{'D2'},{'D3'},{'D1'},{'R3'},{'D7'},{'R1'},{'R2'},{'D6'},,,&,1.0,&
{'D2'},{'D3'},{'D1'},{'R3'},{'D7'},{'D4'},,,,,&,1.0,&
{'D2'},{'D3'},{'D1'},{'R3'},{'D7'},{'D4'},{'R1'},{'R2'},{'D6'},,&,1.0,&
{'D2'},{'D3'},{'D1'},{'R3'},{'D7'},{'D4'},{'D6'},{'R2'},{'D5'},,&,1.0,&
{'D2'},{'D3'},{'D1'},{'R3'},{'R1'},,,,,,&,2.0,&
{'D2'},{'D3'},{'D1'},{'R3'},{'R1'},{'R2'},{'D5'},,,,&,1.0,&
{'D2'},{'D3'},{'D1'},{'R3'},{'R1'},{'D6'},,,,,&,1.0,&
{'D2'},{'D3'},{'D1'},{'R3'},{'R1'},{'D6'},{'D7'},{'D5'},,,&,1.0,&
{'D2'},{'D3'},{'D1'},{'R3'},{'R1'},{'D6'},{'R2'},{'D5'},{'D4'},{'D7'},&,1.0,&
{'D2'},{'D3'},{'D1'},{'R3'},{'D5'},,,,,,&,3.0,&
{'D2'},{'D3'},{'D1'},{'R3'},{'D5'},{'D7'},,,,,&,2.0,&
{'D2'},{'D3'},{'D1'},{'R3'},{'D5'},{'D7'},{'D6'},{'D4'},,,&,1.0,&
{'D2'},{'D3'},{'D1'},{'R3'},{'D5'},{'D7'},{'D6'},{'D4'},{'R2'},{'R1'},&,1.0,&
{'D2'},{'D3'},{'D1'},{'R3'},{'D5'},{'D7'},{'D4'},,,,&,1.0,&
{'D2'},{'D3'},{'D1'},{'R3'},{'D5'},{'R2'},,,,,&,1.0,&
{'D2'},{'D3'},{'D1'},{'R3'},{'D5'},{'R2'},{'D7'},{'D6'},,,&,1.0,&
{'D2'},{'D3'},{'D1'},{'R3'},{'D5'},{'R2'},{'D7'},{'D6'},{'R1'},,&,1.0,&
{'D2'},{'D3'},{'D1'},{'R3'},{'D5'},{'R2'},{'R1'},,,,&,1.0,&
{'D2'},{'D3'},{'D1'},{'R3'},{'D5'},{'R2'},{'R1'},{'D6'},{'D7'},{'D4'},&,1.0,&
{'D2'},{'D3'},{'D1'},{'R3'},{'D5'},{'R2'},{'R1'},{'D6'},{'D4'},,&,1.0,&
{'D2'},{'D3'},{'D1'},{'R3'},{'D5'},{'R2'},{'R1'},{'D7'},{'D6'},{'D4'},&,1.0,&
{'D2'},{'D3'},{'D1'},{'R3'},{'D5'},{'R2'},{'D6'},{'R1'},,,&,1.0,&
{'D2'},{'D3'},{'D1'},{'R3'},{'D5'},{'R2'},{'D6'},{'R1'},{'D4'},,&,1.0,&
{'D2'},{'D3'},{'D1'},{'R3'},{'D5'},{'R2'},{'D4'},{'R1'},,,&,1.0,&
{'D2'},{'D3'},{'D1'},{'R3'},{'D5'},{'D6'},,,,,&,3.0,&
{'D2'},{'D3'},{'D1'},{'R3'},{'D5'},{'D6'},{'D7'},,,,&,1.0,&
{'D2'},{'D3'},{'D1'},{'R3'},{'D5'},{'D6'},{'D7'},{'D4'},,,&,1.0,&
{'D2'},{'D3'},{'D1'},{'R3'},{'D5'},{'D6'},{'R2'},,,,&,1.0,&
{'D2'},{'D3'},{'D1'},{'R3'},{'D5'},{'R1'},,,,,&,1.0,&
{'D2'},{'D3'},{'D1'},{'R3'},{'R2'},,,,,,&,11.0,&
{'D2'},{'D3'},{'D1'},{'R3'},{'R2'},{'D7'},,,,,&,1.0,&
{'D2'},{'D3'},{'D1'},{'R3'},{'R2'},{'D7'},{'R1'},,,,&,1.0,&
{'D2'},{'D3'},{'D1'},{'R3'},{'R2'},{'D7'},{'R1'},{'D6'},,,&,1.0,&
{'D2'},{'D3'},{'D1'},{'R3'},{'R2'},{'D5'},,,,,&,2.0,&
{'D2'},{'D3'},{'D1'},{'R3'},{'R2'},{'D5'},{'D7'},{'R1'},{'D6'},,&,1.0,&
{'D2'},{'D3'},{'D1'},{'R3'},{'R2'},{'D5'},{'R1'},{'D6'},,,&,1.0,&
{'D2'},{'D3'},{'D1'},{'R3'},{'R2'},{'D5'},{'R1'},{'D7'},,,&,1.0,&
{'D2'},{'D3'},{'D1'},{'R3'},{'R2'},{'D5'},{'D6'},,,,&,1.0,&
{'D2'},{'D3'},{'D1'},{'R3'},{'R2'},{'D6'},,,,,&,2.0,&
{'D2'},{'D3'},{'D1'},{'R3'},{'R2'},{'D6'},{'D5'},,,,&,1.0,&
{'D2'},{'D3'},{'D1'},{'R3'},{'R2'},{'D6'},{'R1'},,,,&,1.0,&
{'D2'},{'D3'},{'D1'},{'R3'},{'R2'},{'D6'},{'R1'},{'D7'},{'D5'},{'D4'},&,1.0,&
{'D2'},{'D3'},{'D1'},{'R3'},{'R2'},{'D6'},{'D4'},{'D7'},{'D5'},,&,1.0,&
{'D2'},{'D3'},{'D1'},{'R3'},{'R2'},{'D6'},{'D4'},{'D5'},{'R1'},,&,1.0,&
{'D2'},{'D3'},{'D1'},{'R3'},{'R2'},{'D6'},{'D4'},{'R1'},{'D7'},{'D5'},&,1.0,&
{'D2'},{'D3'},{'D1'},{'R3'},{'R2'},{'R1'},,,,,&,5.0,&
{'D2'},{'D3'},{'D1'},{'R3'},{'R2'},{'R1'},{'D7'},,,,&,1.0,&
{'D2'},{'D3'},{'D1'},{'R3'},{'R2'},{'R1'},{'D7'},{'D6'},,,&,1.0,&
{'D2'},{'D3'},{'D1'},{'R3'},{'R2'},{'R1'},{'D7'},{'D6'},{'D5'},{'D4'},&,1.0,&
{'D2'},{'D3'},{'D1'},{'R3'},{'R2'},{'R1'},{'D5'},,,,&,4.0,&
{'D2'},{'D3'},{'D1'},{'R3'},{'R2'},{'R1'},{'D5'},{'D6'},{'D7'},{'D4'},&,1.0,&
{'D2'},{'D3'},{'D1'},{'R3'},{'R2'},{'R1'},{'D5'},{'D4'},{'D7'},,&,1.0,&
{'D2'},{'D3'},{'D1'},{'R3'},{'R2'},{'R1'},{'D6'},,,,&,1.0,&
{'D2'},{'D3'},{'D1'},{'R3'},{'R2'},{'R1'},{'D6'},{'D5'},{'D7'},{'D4'},&,1.0,&
{'D2'},{'D3'},{'D1'},{'R3'},{'R2'},{'D4'},{'D5'},{'R1'},{'D6'},{'D7'},&,1.0,&
{'D2'},{'D3'},{'D1'},{'R3'},{'R2'},{'D4'},{'R1'},{'D5'},{'D7'},{'D6'},&,1.0,&
{'D2'},{'D3'},{'D1'},{'R3'},{'D4'},,,,,,&,2.0,&
{'D2'},{'D3'},{'D1'},{'R3'},{'D4'},{'D7'},{'R2'},,,,&,1.0,&
{'D2'},{'D3'},{'D1'},{'R3'},{'D4'},{'R2'},,,,,&,2.0,&
{'D2'},{'D3'},{'D1'},{'R3'},{'D4'},{'R2'},{'R1'},{'D7'},{'D5'},,&,1.0,&
{'D2'},{'D3'},{'D1'},{'R3'},{'D4'},{'R2'},{'D6'},{'D7'},{'R1'},,&,1.0,&
{'D2'},{'D3'},{'D1'},{'D6'},,,,,,,&,22.0,&
{'D2'},{'D3'},{'D1'},{'D6'},{'D7'},,,,,,&,8.0,&
{'D2'},{'D3'},{'D1'},{'D6'},{'D7'},{'D5'},,,,,&,5.0,&
{'D2'},{'D3'},{'D1'},{'D6'},{'D7'},{'D5'},{'R2'},{'R1'},,,&,1.0,&
{'D2'},{'D3'},{'D1'},{'D6'},{'D7'},{'D5'},{'D4'},,,,&,1.0,&
{'D2'},{'D3'},{'D1'},{'D6'},{'D7'},{'D5'},{'D4'},{'R2'},,,&,1.0,&
{'D2'},{'D3'},{'D1'},{'D6'},{'D7'},{'D5'},{'D4'},{'R2'},{'R1'},{'R3'},&,1.0,&
{'D2'},{'D3'},{'D1'},{'D6'},{'D7'},{'D5'},{'D4'},{'R3'},{'R2'},{'R1'},&,1.0,&
{'D2'},{'D3'},{'D1'},{'D6'},{'D7'},{'R2'},{'R3'},{'D4'},{'D5'},,&,1.0,&
{'D2'},{'D3'},{'D1'},{'D6'},{'D7'},{'R2'},{'D5'},{'D4'},,,&,1.0,&
{'D2'},{'D3'},{'D1'},{'D6'},{'D7'},{'R2'},{'D4'},{'R3'},,,&,1.0,&
{'D2'},{'D3'},{'D1'},{'D6'},{'D7'},{'R2'},{'D4'},{'R3'},{'D5'},{'R1'},&,1.0,&
{'D2'},{'D3'},{'D1'},{'D6'},{'D7'},{'R3'},,,,,&,2.0,&
{'D2'},{'D3'},{'D1'},{'D6'},{'D7'},{'R3'},{'D5'},,,,&,1.0,&
{'D2'},{'D3'},{'D1'},{'D6'},{'D7'},{'R3'},{'D5'},{'D4'},{'R2'},{'R1'},&,1.0,&
{'D2'},{'D3'},{'D1'},{'D6'},{'D7'},{'R3'},{'R2'},{'R1'},{'D4'},{'D5'},&,1.0,&
{'D2'},{'D3'},{'D1'},{'D6'},{'R1'},,,,,,&,1.0,&
{'D2'},{'D3'},{'D1'},{'D6'},{'R1'},{'D7'},{'D5'},,,,&,1.0,&
{'D2'},{'D3'},{'D1'},{'D6'},{'R1'},{'D5'},{'R2'},,,,&,1.0,&
{'D2'},{'D3'},{'D1'},{'D6'},{'R1'},{'R2'},,,,,&,1.0,&
{'D2'},{'D3'},{'D1'},{'D6'},{'D5'},,,,,,&,8.0,&
{'D2'},{'D3'},{'D1'},{'D6'},{'D5'},{'D7'},,,,,&,1.0,&
{'D2'},{'D3'},{'D1'},{'D6'},{'D5'},{'D7'},{'R3'},,,,&,1.0,&
{'D2'},{'D3'},{'D1'},{'D6'},{'D5'},{'D7'},{'R3'},{'R2'},{'D4'},,&,1.0,&
{'D2'},{'D3'},{'D1'},{'D6'},{'D5'},{'D7'},{'R2'},{'R3'},{'D4'},,&,2.0,&
{'D2'},{'D3'},{'D1'},{'D6'},{'D5'},{'D7'},{'R2'},{'R3'},{'D4'},{'R1'},&,1.0,&
{'D2'},{'D3'},{'D1'},{'D6'},{'D5'},{'D7'},{'R2'},{'R1'},,,&,1.0,&
{'D2'},{'D3'},{'D1'},{'D6'},{'D5'},{'D7'},{'R2'},{'R1'},{'R3'},{'D4'},&,1.0,&
{'D2'},{'D3'},{'D1'},{'D6'},{'D5'},{'D7'},{'D4'},,,,&,1.0,&
{'D2'},{'D3'},{'D1'},{'D6'},{'D5'},{'D7'},{'D4'},{'R2'},{'R3'},{'R1'},&,1.0,&
{'D2'},{'D3'},{'D1'},{'D6'},{'D5'},{'D7'},{'D4'},{'R3'},,,&,1.0,&
{'D2'},{'D3'},{'D1'},{'D6'},{'D5'},{'R2'},,,,,&,4.0,&
{'D2'},{'D3'},{'D1'},{'D6'},{'D5'},{'R2'},{'D7'},{'D4'},{'R3'},{'R1'},&,1.0,&
{'D2'},{'D3'},{'D1'},{'D6'},{'D5'},{'R2'},{'D7'},{'R3'},{'R1'},,&,1.0,&
{'D2'},{'D3'},{'D1'},{'D6'},{'D5'},{'R2'},{'D7'},{'R3'},{'D4'},,&,2.0,&
{'D2'},{'D3'},{'D1'},{'D6'},{'D5'},{'R2'},{'R3'},,,,&,1.0,&
{'D2'},{'D3'},{'D1'},{'D6'},{'D5'},{'R3'},,,,,&,1.0,&
{'D2'},{'D3'},{'D1'},{'D6'},{'D5'},{'R3'},{'D7'},,,,&,1.0,&
{'D2'},{'D3'},{'D1'},{'D6'},{'D5'},{'R3'},{'D7'},{'D4'},{'R2'},{'R1'},&,1.0,&
{'D2'},{'D3'},{'D1'},{'D6'},{'D5'},{'R1'},,,,,&,1.0,&
{'D2'},{'D3'},{'D1'},{'D6'},{'D5'},{'D4'},{'D7'},,,,&,1.0,&
{'D2'},{'D3'},{'D1'},{'D6'},{'D5'},{'D4'},{'D7'},{'R3'},{'R2'},{'R1'},&,1.0,&
{'D2'},{'D3'},{'D1'},{'D6'},{'D5'},{'D4'},{'R1'},{'D7'},,,&,1.0,&
{'D2'},{'D3'},{'D1'},{'D6'},{'R3'},,,,,,&,3.0,&
{'D2'},{'D3'},{'D1'},{'D6'},{'R3'},{'D7'},{'R2'},,,,&,1.0,&
{'D2'},{'D3'},{'D1'},{'D6'},{'R3'},{'D7'},{'R2'},{'D5'},,,&,1.0,&
{'D2'},{'D3'},{'D1'},{'D6'},{'R3'},{'D7'},{'D4'},{'D5'},{'R2'},{'R1'},&,1.0,&
{'D2'},{'D3'},{'D1'},{'D6'},{'R3'},{'D5'},,,,,&,1.0,&
{'D2'},{'D3'},{'D1'},{'D6'},{'R3'},{'D5'},{'D7'},,,,&,1.0,&
{'D2'},{'D3'},{'D1'},{'D6'},{'R3'},{'D5'},{'D7'},{'D4'},,,&,1.0,&
{'D2'},{'D3'},{'D1'},{'D6'},{'R3'},{'D5'},{'R2'},{'D7'},{'D4'},{'R1'},&,1.0,&
{'D2'},{'D3'},{'D1'},{'D6'},{'R3'},{'D5'},{'R1'},,,,&,1.0,&
{'D2'},{'D3'},{'D1'},{'D6'},{'R3'},{'R2'},,,,,&,1.0,&
{'D2'},{'D3'},{'D1'},{'D6'},{'R3'},{'R2'},{'D7'},{'D4'},{'R1'},{'D5'},&,1.0,&
{'D2'},{'D3'},{'D1'},{'D6'},{'R3'},{'R2'},{'D5'},,,,&,1.0,&
{'D2'},{'D3'},{'D1'},{'D6'},{'R3'},{'R2'},{'D5'},{'D4'},{'D7'},{'R1'},&,1.0,&
{'D2'},{'D3'},{'D1'},{'D6'},{'R3'},{'R2'},{'D5'},{'D7'},{'R1'},,&,1.0,&
{'D2'},{'D3'},{'D1'},{'D6'},{'R3'},{'R2'},{'R1'},,,,&,1.0,&
{'D2'},{'D3'},{'D1'},{'D6'},{'R3'},{'R2'},{'R1'},{'D7'},{'D4'},{'D5'},&,1.0,&
{'D2'},{'D3'},{'D1'},{'D6'},{'R3'},{'R2'},{'R1'},{'D5'},{'D7'},,&,1.0,&
{'D2'},{'D3'},{'D1'},{'D6'},{'R3'},{'R2'},{'D4'},{'D5'},{'R1'},,&,1.0,&
{'D2'},{'D3'},{'D1'},{'D6'},{'R3'},{'D4'},{'D5'},{'R2'},{'D7'},{'R1'},&,1.0,&
{'D2'},{'D3'},{'D1'},{'D6'},{'R2'},,,,,,&,2.0,&
{'D2'},{'D3'},{'D1'},{'D6'},{'R2'},{'D7'},,,,,&,1.0,&
{'D2'},{'D3'},{'D1'},{'D6'},{'R2'},{'D7'},{'R3'},,,,&,1.0,&
{'D2'},{'D3'},{'D1'},{'D6'},{'R2'},{'D7'},{'R3'},{'R1'},,,&,1.0,&
{'D2'},{'D3'},{'D1'},{'D6'},{'R2'},{'D7'},{'R3'},{'R1'},{'D5'},{'D4'},&,2.0,&
{'D2'},{'D3'},{'D1'},{'D6'},{'R2'},{'D7'},{'D5'},{'D4'},,,&,1.0,&
{'D2'},{'D3'},{'D1'},{'D6'},{'R2'},{'D7'},{'D5'},{'D4'},{'R3'},,&,1.0,&
{'D2'},{'D3'},{'D1'},{'D6'},{'R2'},{'D7'},{'D5'},{'R3'},,,&,1.0,&
{'D2'},{'D3'},{'D1'},{'D6'},{'R2'},{'D5'},,,,,&,4.0,&
{'D2'},{'D3'},{'D1'},{'D6'},{'R2'},{'D5'},{'D7'},{'D4'},,,&,1.0,&
{'D2'},{'D3'},{'D1'},{'D6'},{'R2'},{'D5'},{'D7'},{'R3'},{'R1'},{'D4'},&,1.0,&
{'D2'},{'D3'},{'D1'},{'D6'},{'R2'},{'D5'},{'R1'},,,,&,1.0,&
{'D2'},{'D3'},{'D1'},{'D6'},{'R2'},{'R3'},,,,,&,2.0,&
{'D2'},{'D3'},{'D1'},{'D6'},{'R2'},{'R3'},{'D7'},{'R1'},,,&,1.0,&
{'D2'},{'D3'},{'D1'},{'D6'},{'R2'},{'R3'},{'D7'},{'R1'},{'D5'},{'D4'},&,1.0,&
{'D2'},{'D3'},{'D1'},{'D6'},{'R2'},{'R3'},{'D5'},,,,&,1.0,&
{'D2'},{'D3'},{'D1'},{'D6'},{'R2'},{'R3'},{'D5'},{'D7'},,,&,1.0,&
{'D2'},{'D3'},{'D1'},{'D6'},{'R2'},{'R3'},{'D5'},{'D7'},{'R1'},{'D4'},&,1.0,&
{'D2'},{'D3'},{'D1'},{'D6'},{'R2'},{'R3'},{'D5'},{'D7'},{'D4'},,&,1.0,&
{'D2'},{'D3'},{'D1'},{'D6'},{'R2'},{'R1'},,,,,&,1.0,&
{'D2'},{'D3'},{'D1'},{'D6'},{'R2'},{'R1'},{'D7'},{'R3'},,,&,1.0,&
{'D2'},{'D3'},{'D1'},{'D6'},{'R2'},{'R1'},{'R3'},{'D7'},{'D5'},,&,1.0,&
{'D2'},{'D3'},{'D1'},{'D6'},{'R2'},{'R1'},{'D5'},{'R3'},,,&,1.0,&
{'D2'},{'D3'},{'D1'},{'D6'},{'R2'},{'R1'},{'D4'},{'R3'},{'D7'},{'D5'},&,1.0,&
{'D2'},{'D3'},{'D1'},{'D6'},{'R2'},{'D4'},{'R1'},{'D7'},{'D5'},,&,1.0,&
{'D2'},{'D3'},{'D1'},{'D6'},{'D4'},,,,,,&,1.0,&
{'D2'},{'D3'},{'D1'},{'D6'},{'D4'},{'D7'},{'R2'},{'D5'},{'R3'},{'R1'},&,1.0,&
{'D2'},{'D3'},{'D1'},{'D6'},{'D4'},{'D7'},{'R2'},{'R3'},{'D5'},{'R1'},&,1.0,&
{'D2'},{'D3'},{'D1'},{'D6'},{'D4'},{'R2'},{'D5'},{'D7'},{'R3'},,&,1.0,&
{'D2'},{'D3'},{'D1'},{'D6'},{'D4'},{'R3'},,,,,&,1.0,&
{'D2'},{'D3'},{'D1'},{'D6'},{'D4'},{'R3'},{'D5'},{'D7'},{'R2'},,&,1.0,&
{'D2'},{'D3'},{'D7'},,,,,,,,&,28.0,&
{'D2'},{'D3'},{'D7'},{'R2'},,,,,,,&,6.0,&
{'D2'},{'D3'},{'D7'},{'R2'},{'D6'},{'D1'},{'D5'},{'R1'},,,&,1.0,&
{'D2'},{'D3'},{'D7'},{'R2'},{'D6'},{'R3'},,,,,&,1.0,&
{'D2'},{'D3'},{'D7'},{'R2'},{'R1'},{'D6'},,,,,&,1.0,&
{'D2'},{'D3'},{'D7'},{'R2'},{'R1'},{'R3'},{'D1'},{'D6'},,,&,1.0,&
{'D2'},{'D3'},{'D7'},{'R2'},{'R1'},{'R3'},{'D1'},{'D6'},{'D4'},,&,1.0,&
{'D2'},{'D3'},{'D7'},{'R2'},{'D5'},{'R1'},{'R3'},,,,&,1.0,&
{'D2'},{'D3'},{'D7'},{'R2'},{'R3'},,,,,,&,1.0,&
{'D2'},{'D3'},{'D7'},{'R2'},{'R3'},{'D1'},{'D5'},{'R1'},{'D6'},{'D4'},&,1.0,&
{'D2'},{'D3'},{'D7'},{'R2'},{'R3'},{'D1'},{'R1'},{'D6'},,,&,3.0,&
{'D2'},{'D3'},{'D7'},{'R2'},{'R3'},{'D1'},{'R1'},{'D5'},{'D6'},{'D4'},&,1.0,&
{'D2'},{'D3'},{'D7'},{'R2'},{'R3'},{'D6'},{'D1'},{'R1'},{'D4'},,&,1.0,&
{'D2'},{'D3'},{'D7'},{'R2'},{'R3'},{'R1'},{'D1'},{'D6'},,,&,1.0,&
{'D2'},{'D3'},{'D7'},{'R2'},{'R3'},{'R1'},{'D1'},{'D5'},{'D6'},,&,1.0,&
{'D2'},{'D3'},{'D7'},{'R2'},{'R3'},{'R1'},{'D6'},{'D5'},,,&,1.0,&
{'D2'},{'D3'},{'D7'},{'R2'},{'D1'},,,,,,&,3.0,&
{'D2'},{'D3'},{'D7'},{'R2'},{'D1'},{'D5'},,,,,&,1.0,&
{'D2'},{'D3'},{'D7'},{'R2'},{'D1'},{'D5'},{'R1'},{'D6'},{'R3'},{'D4'},&,1.0,&
{'D2'},{'D3'},{'D7'},{'R2'},{'D1'},{'D5'},{'D6'},,,,&,1.0,&
{'D2'},{'D3'},{'D7'},{'R2'},{'D1'},{'D6'},,,,,&,1.0,&
{'D2'},{'D3'},{'D7'},{'R2'},{'D1'},{'D6'},{'D5'},{'R3'},{'D4'},,&,1.0,&
{'D2'},{'D3'},{'D7'},{'R2'},{'D1'},{'D6'},{'D5'},{'R1'},{'D4'},,&,1.0,&
{'D2'},{'D3'},{'D7'},{'R2'},{'D1'},{'R3'},,,,,&,2.0,&
{'D2'},{'D3'},{'D7'},{'R2'},{'D1'},{'R3'},{'R1'},{'D4'},{'D5'},{'D6'},&,1.0,&
{'D2'},{'D3'},{'D7'},{'R2'},{'D1'},{'R3'},{'D6'},{'R1'},{'D5'},,&,1.0,&
{'D2'},{'D3'},{'D7'},{'R2'},{'D4'},,,,,,&,1.0,&
{'D2'},{'D3'},{'D7'},{'D1'},,,,,,,&,6.0,&
{'D2'},{'D3'},{'D7'},{'D1'},{'D6'},,,,,,&,2.0,&
{'D2'},{'D3'},{'D7'},{'D1'},{'D6'},{'D5'},,,,,&,1.0,&
{'D2'},{'D3'},{'D7'},{'D1'},{'D6'},{'D5'},{'R3'},,,,&,1.0,&
{'D2'},{'D3'},{'D7'},{'D1'},{'D6'},{'D5'},{'R3'},{'R2'},{'R1'},,&,1.0,&
{'D2'},{'D3'},{'D7'},{'D1'},{'D6'},{'D5'},{'R1'},{'R2'},{'D4'},{'R3'},&,1.0,&
{'D2'},{'D3'},{'D7'},{'D1'},{'D6'},{'R2'},,,,,&,1.0,&
{'D2'},{'D3'},{'D7'},{'D1'},{'D6'},{'R2'},{'R3'},,,,&,1.0,&
{'D2'},{'D3'},{'D7'},{'D1'},{'D6'},{'R3'},{'R2'},,,,&,1.0,&
{'D2'},{'D3'},{'D7'},{'D1'},{'D6'},{'R3'},{'R2'},{'D5'},{'R1'},{'D4'},&,1.0,&
{'D2'},{'D3'},{'D7'},{'D1'},{'R1'},{'R2'},{'D6'},{'D5'},{'R3'},{'D4'},&,1.0,&
{'D2'},{'D3'},{'D7'},{'D1'},{'R1'},{'D6'},{'R3'},{'R2'},{'D5'},{'D4'},&,1.0,&
{'D2'},{'D3'},{'D7'},{'D1'},{'D5'},,,,,,&,1.0,&
{'D2'},{'D3'},{'D7'},{'D1'},{'D5'},{'R2'},{'R3'},{'D6'},,,&,1.0,&
{'D2'},{'D3'},{'D7'},{'D1'},{'D5'},{'R2'},{'D6'},{'D4'},{'R3'},,&,1.0,&
{'D2'},{'D3'},{'D7'},{'D1'},{'D5'},{'D6'},,,,,&,1.0,&
{'D2'},{'D3'},{'D7'},{'D1'},{'D5'},{'D6'},{'D4'},,,,&,2.0,&
{'D2'},{'D3'},{'D7'},{'D1'},{'D5'},{'R3'},{'D6'},{'R2'},{'D4'},,&,1.0,&
{'D2'},{'D3'},{'D7'},{'D1'},{'D5'},{'D4'},,,,,&,1.0,&
{'D2'},{'D3'},{'D7'},{'D1'},{'R3'},,,,,,&,2.0,&
{'D2'},{'D3'},{'D7'},{'D1'},{'R3'},{'R2'},{'D5'},{'D6'},{'D4'},,&,1.0,&
{'D2'},{'D3'},{'D7'},{'D1'},{'R3'},{'D6'},{'R2'},{'D5'},{'D4'},{'R1'},&,1.0,&
{'D2'},{'D3'},{'D7'},{'D1'},{'R2'},,,,,,&,1.0,&
{'D2'},{'D3'},{'D7'},{'D1'},{'R2'},{'D5'},{'R3'},{'D6'},{'D4'},{'R1'},&,1.0,&
{'D2'},{'D3'},{'D7'},{'D1'},{'R2'},{'D5'},{'D6'},,,,&,1.0,&
{'D2'},{'D3'},{'D7'},{'D1'},{'R2'},{'D6'},{'D5'},,,,&,1.0,&
{'D2'},{'D3'},{'D7'},{'D1'},{'R2'},{'D6'},{'D4'},{'R3'},{'D5'},,&,1.0,&
{'D2'},{'D3'},{'D7'},{'D1'},{'R2'},{'R3'},,,,,&,1.0,&
{'D2'},{'D3'},{'D7'},{'D1'},{'R2'},{'R1'},,,,,&,1.0,&
{'D2'},{'D3'},{'D7'},{'D1'},{'R2'},{'D4'},{'R3'},{'D5'},{'D6'},,&,1.0,&
{'D2'},{'D3'},{'D7'},{'D1'},{'R2'},{'D4'},{'R3'},{'R1'},{'D5'},{'D6'},&,1.0,&
{'D2'},{'D3'},{'D7'},{'D1'},{'D4'},{'R2'},{'R3'},,,,&,1.0,&
{'D2'},{'D3'},{'D7'},{'D5'},,,,,,,&,1.0,&
{'D2'},{'D3'},{'D7'},{'D5'},{'D6'},,,,,,&,1.0,&
{'D2'},{'D3'},{'D7'},{'D5'},{'D6'},{'D1'},{'R2'},{'D4'},{'R3'},,&,1.0,&
{'D2'},{'D3'},{'D7'},{'D5'},{'R1'},{'D1'},{'R2'},,,,&,1.0,&
{'D2'},{'D3'},{'D7'},{'D5'},{'D1'},,,,,,&,1.0,&
{'D2'},{'D3'},{'D7'},{'D5'},{'D1'},{'R2'},{'R3'},,,,&,1.0,&
{'D2'},{'D3'},{'D7'},{'D5'},{'R2'},,,,,,&,1.0,&
{'D2'},{'D3'},{'D7'},{'D5'},{'R2'},{'D1'},{'R3'},{'D6'},{'R1'},{'D4'},&,1.0,&
{'D2'},{'D3'},{'D7'},{'D5'},{'D4'},{'D1'},{'R2'},{'D6'},{'R3'},,&,1.0,&
{'D2'},{'D3'},{'D7'},{'D4'},,,,,,,&,1.0,&
{'D2'},{'D3'},{'D7'},{'D4'},{'R3'},{'D5'},{'D1'},{'R2'},{'R1'},,&,1.0,&
{'D2'},{'D3'},{'D7'},{'D4'},{'D1'},{'R2'},{'R3'},,,,&,1.0,&
{'D2'},{'D3'},{'D7'},{'D4'},{'R2'},,,,,,&,1.0,&
{'D2'},{'D3'},{'D7'},{'R1'},,,,,,,&,1.0,&
{'D2'},{'D3'},{'D7'},{'R1'},{'D5'},{'R2'},,,,,&,1.0,&
{'D2'},{'D3'},{'D7'},{'R1'},{'R3'},{'D5'},{'R2'},{'D1'},{'D6'},{'D4'},&,1.0,&
{'D2'},{'D3'},{'D7'},{'R1'},{'D1'},,,,,,&,1.0,&
{'D2'},{'D3'},{'D7'},{'R1'},{'D1'},{'R2'},{'R3'},,,,&,1.0,&
{'D2'},{'D3'},{'D7'},{'R1'},{'D1'},{'D6'},{'R2'},{'R3'},{'D5'},{'D4'},&,1.0,&
{'D2'},{'D3'},{'D7'},{'R1'},{'R2'},,,,,,&,1.0,&
{'D2'},{'D3'},{'D7'},{'R1'},{'R2'},{'D1'},{'D6'},{'R3'},{'D5'},{'D4'},&,1.0,&
{'D2'},{'D3'},{'D7'},{'R3'},,,,,,,&,5.0,&
{'D2'},{'D3'},{'D7'},{'R3'},{'D5'},{'D1'},,,,,&,1.0,&
{'D2'},{'D3'},{'D7'},{'R3'},{'D5'},{'D1'},{'R2'},{'R1'},,,&,1.0,&
{'D2'},{'D3'},{'D7'},{'R3'},{'D1'},,,,,,&,2.0,&
{'D2'},{'D3'},{'D7'},{'R3'},{'D1'},{'D5'},{'D6'},{'R2'},{'D4'},,&,1.0,&
{'D2'},{'D3'},{'D7'},{'R3'},{'D1'},{'D5'},{'D4'},{'D6'},{'R2'},{'R1'},&,1.0,&
{'D2'},{'D3'},{'D7'},{'R3'},{'D1'},{'R2'},{'D6'},,,,&,1.0,&
{'D2'},{'D3'},{'D7'},{'R3'},{'D1'},{'R2'},{'D4'},{'D5'},{'D6'},{'R1'},&,1.0,&
{'D2'},{'D3'},{'D7'},{'R3'},{'D1'},{'D6'},{'R1'},{'R2'},,,&,1.0,&
{'D2'},{'D3'},{'D7'},{'R3'},{'D1'},{'R1'},{'R2'},{'D5'},{'D6'},{'D4'},&,1.0,&
{'D2'},{'D3'},{'D7'},{'R3'},{'R2'},,,,,,&,2.0,&
{'D2'},{'D3'},{'D7'},{'R3'},{'R2'},{'D1'},{'D6'},,,,&,2.0,&
{'D2'},{'D3'},{'D7'},{'R3'},{'R2'},{'D1'},{'D6'},{'R1'},{'D5'},,&,1.0,&
{'D2'},{'D3'},{'D7'},{'R3'},{'R2'},{'D1'},{'D4'},{'R1'},,,&,1.0,&
{'D2'},{'D3'},{'D7'},{'R3'},{'R2'},{'D6'},{'R1'},{'D1'},,,&,1.0,&
{'D2'},{'D3'},{'D7'},{'D6'},,,,,,,&,1.0,&
{'D2'},{'D3'},{'D7'},{'D6'},{'R3'},{'R2'},{'D1'},,,,&,1.0,&
{'D2'},{'D3'},{'D7'},{'D6'},{'R2'},{'D1'},{'D5'},,,,&,1.0,&
{'D2'},{'D3'},{'D7'},{'D6'},{'R2'},{'D1'},{'D5'},{'R3'},{'R1'},,&,1.0,&
{'D2'},{'D3'},{'D7'},{'D6'},{'R2'},{'R3'},{'R1'},{'D5'},{'D1'},,&,1.0,&
{'D2'},{'D3'},{'R3'},,,,,,,,&,77.0,&
{'D2'},{'D3'},{'R3'},{'R2'},,,,,,,&,22.0,&
{'D2'},{'D3'},{'R3'},{'R2'},{'D6'},{'D1'},{'D5'},{'R1'},,,&,1.0,&
{'D2'},{'D3'},{'R3'},{'R2'},{'D6'},{'D1'},{'R1'},,,,&,1.0,&
{'D2'},{'D3'},{'R3'},{'R2'},{'D6'},{'D5'},{'D1'},{'D7'},{'D4'},,&,1.0,&
{'D2'},{'D3'},{'R3'},{'R2'},{'D6'},{'R1'},,,,,&,1.0,&
{'D2'},{'D3'},{'R3'},{'R2'},{'D6'},{'R1'},{'D7'},,,,&,1.0,&
{'D2'},{'D3'},{'R3'},{'R2'},{'D7'},,,,,,&,2.0,&
{'D2'},{'D3'},{'R3'},{'R2'},{'D7'},{'D1'},{'D5'},{'D4'},{'D6'},{'R1'},&,1.0,&
{'D2'},{'D3'},{'R3'},{'R2'},{'D7'},{'D1'},{'D4'},{'R1'},{'D6'},,&,1.0,&
{'D2'},{'D3'},{'R3'},{'R2'},{'D7'},{'R1'},,,,,&,1.0,&
{'D2'},{'D3'},{'R3'},{'R2'},{'D7'},{'R1'},{'D1'},{'D5'},,,&,1.0,&
{'D2'},{'D3'},{'R3'},{'R2'},{'R1'},,,,,,&,10.0,&
{'D2'},{'D3'},{'R3'},{'R2'},{'R1'},{'D1'},,,,,&,7.0,&
{'D2'},{'D3'},{'R3'},{'R2'},{'R1'},{'D1'},{'D7'},{'D6'},,,&,1.0,&
{'D2'},{'D3'},{'R3'},{'R2'},{'R1'},{'D1'},{'D7'},{'D6'},{'D4'},{'D5'},&,1.0,&
{'D2'},{'D3'},{'R3'},{'R2'},{'R1'},{'D1'},{'D5'},,,,&,2.0,&
{'D2'},{'D3'},{'R3'},{'R2'},{'R1'},{'D1'},{'D6'},,,,&,3.0,&
{'D2'},{'D3'},{'R3'},{'R2'},{'R1'},{'D1'},{'D4'},,,,&,2.0,&
{'D2'},{'D3'},{'R3'},{'R2'},{'R1'},{'D7'},,,,,&,1.0,&
{'D2'},{'D3'},{'R3'},{'R2'},{'R1'},{'D7'},{'D5'},,,,&,1.0,&
{'D2'},{'D3'},{'R3'},{'R2'},{'R1'},{'D7'},{'D1'},,,,&,1.0,&
{'D2'},{'D3'},{'R3'},{'R2'},{'R1'},{'D7'},{'D1'},{'D6'},{'D5'},{'D4'},&,2.0,&
{'D2'},{'D3'},{'R3'},{'R2'},{'R1'},{'D5'},,,,,&,2.0,&
{'D2'},{'D3'},{'R3'},{'R2'},{'R1'},{'D5'},{'D1'},{'D6'},{'D4'},{'D7'},&,1.0,&
{'D2'},{'D3'},{'R3'},{'R2'},{'R1'},{'D5'},{'D6'},{'D1'},{'D7'},,&,1.0,&
{'D2'},{'D3'},{'R3'},{'R2'},{'R1'},{'D6'},{'D7'},,,,&,1.0,&
{'D2'},{'D3'},{'R3'},{'R2'},{'R1'},{'D6'},{'D1'},,,,&,2.0,&
{'D2'},{'D3'},{'R3'},{'R2'},{'R1'},{'D6'},{'D1'},{'D4'},{'D7'},,&,1.0,&
{'D2'},{'D3'},{'R3'},{'R2'},{'R1'},{'D6'},{'D1'},{'D5'},,,&,1.0,&
{'D2'},{'D3'},{'R3'},{'R2'},{'R1'},{'D6'},{'D1'},{'D5'},{'D4'},{'D7'},&,1.0,&
{'D2'},{'D3'},{'R3'},{'R2'},{'R1'},{'D4'},{'D5'},,,,&,1.0,&
{'D2'},{'D3'},{'R3'},{'R2'},{'D5'},,,,,,&,2.0,&
{'D2'},{'D3'},{'R3'},{'R2'},{'D5'},{'D1'},{'R1'},,,,&,2.0,&
{'D2'},{'D3'},{'R3'},{'R2'},{'D5'},{'R1'},{'D1'},,,,&,1.0,&
{'D2'},{'D3'},{'R3'},{'R2'},{'D1'},,,,,,&,4.0,&
{'D2'},{'D3'},{'R3'},{'R2'},{'D1'},{'D7'},,,,,&,1.0,&
{'D2'},{'D3'},{'R3'},{'R2'},{'D1'},{'D7'},{'D5'},{'D6'},,,&,1.0,&
{'D2'},{'D3'},{'R3'},{'R2'},{'D1'},{'D7'},{'D5'},{'D6'},{'R1'},{'D4'},&,1.0,&
{'D2'},{'D3'},{'R3'},{'R2'},{'D1'},{'D7'},{'D6'},{'D4'},{'D5'},,&,1.0,&
{'D2'},{'D3'},{'R3'},{'R2'},{'D1'},{'D7'},{'D6'},{'D5'},,,&,1.0,&
{'D2'},{'D3'},{'R3'},{'R2'},{'D1'},{'D7'},{'D6'},{'D5'},{'R1'},{'D4'},&,1.0,&
{'D2'},{'D3'},{'R3'},{'R2'},{'D1'},{'D5'},,,,,&,1.0,&
{'D2'},{'D3'},{'R3'},{'R2'},{'D1'},{'D5'},{'R1'},{'D6'},,,&,1.0,&
{'D2'},{'D3'},{'R3'},{'R2'},{'D1'},{'D5'},{'R1'},{'D7'},,,&,1.0,&
{'D2'},{'D3'},{'R3'},{'R2'},{'D1'},{'D5'},{'D6'},{'R1'},,,&,1.0,&
{'D2'},{'D3'},{'R3'},{'R2'},{'D1'},{'D5'},{'D6'},{'R1'},{'D7'},,&,1.0,&
{'D2'},{'D3'},{'R3'},{'R2'},{'D1'},{'D6'},,,,,&,1.0,&
{'D2'},{'D3'},{'R3'},{'R2'},{'D1'},{'D6'},{'D5'},,,,&,1.0,&
{'D2'},{'D3'},{'R3'},{'R2'},{'D1'},{'D6'},{'D5'},{'D7'},{'D4'},,&,1.0,&
{'D2'},{'D3'},{'R3'},{'R2'},{'D1'},{'D6'},{'D5'},{'R1'},{'D7'},{'D4'},&,1.0,&
{'D2'},{'D3'},{'R3'},{'R2'},{'D1'},{'D6'},{'R1'},{'D5'},,,&,1.0,&
{'D2'},{'D3'},{'R3'},{'R2'},{'D1'},{'R1'},,,,,&,9.0,&
{'D2'},{'D3'},{'R3'},{'R2'},{'D1'},{'R1'},{'D7'},{'D4'},,,&,1.0,&
{'D2'},{'D3'},{'R3'},{'R2'},{'D1'},{'R1'},{'D7'},{'D5'},{'D6'},,&,1.0,&
{'D2'},{'D3'},{'R3'},{'R2'},{'D1'},{'R1'},{'D5'},{'D6'},,,&,1.0,&
{'D2'},{'D3'},{'R3'},{'R2'},{'D1'},{'R1'},{'D5'},{'D6'},{'D7'},{'D4'},&,1.0,&
{'D2'},{'D3'},{'R3'},{'R2'},{'D1'},{'R1'},{'D6'},,,,&,3.0,&
{'D2'},{'D3'},{'R3'},{'R2'},{'D1'},{'R1'},{'D6'},{'D7'},,,&,1.0,&
{'D2'},{'D3'},{'R3'},{'R2'},{'D1'},{'R1'},{'D6'},{'D5'},,,&,1.0,&
{'D2'},{'D3'},{'R3'},{'R2'},{'D1'},{'R1'},{'D6'},{'D5'},{'D4'},{'D7'},&,1.0,&
{'D2'},{'D3'},{'R3'},{'R2'},{'D1'},{'D4'},{'D5'},,,,&,1.0,&
{'D2'},{'D3'},{'R3'},{'R2'},{'D4'},{'D1'},{'D6'},{'D7'},{'R1'},{'D5'},&,1.0,&
{'D2'},{'D3'},{'R3'},{'R2'},{'D4'},{'D5'},{'R1'},,,,&,1.0,&
{'D2'},{'D3'},{'R3'},{'R2'},{'D4'},{'R1'},{'D6'},,,,&,1.0,&
{'D2'},{'D3'},{'R3'},{'D1'},,,,,,,&,26.0,&
{'D2'},{'D3'},{'R3'},{'D1'},{'D6'},,,,,,&,5.0,&
{'D2'},{'D3'},{'R3'},{'D1'},{'D6'},{'D7'},,,,,&,2.0,&
{'D2'},{'D3'},{'R3'},{'D1'},{'D6'},{'D7'},{'D5'},,,,&,1.0,&
{'D2'},{'D3'},{'R3'},{'D1'},{'D6'},{'D7'},{'D5'},{'D4'},,,&,1.0,&
{'D2'},{'D3'},{'R3'},{'D1'},{'D6'},{'D7'},{'R2'},,,,&,1.0,&
{'D2'},{'D3'},{'R3'},{'D1'},{'D6'},{'D7'},{'D4'},,,,&,1.0,&
{'D2'},{'D3'},{'R3'},{'D1'},{'D6'},{'D5'},,,,,&,1.0,&
{'D2'},{'D3'},{'R3'},{'D1'},{'D6'},{'D5'},{'D7'},,,,&,1.0,&
{'D2'},{'D3'},{'R3'},{'D1'},{'D6'},{'D5'},{'R2'},{'D7'},{'D4'},{'R1'},&,1.0,&
{'D2'},{'D3'},{'R3'},{'D1'},{'D6'},{'D5'},{'R2'},{'R1'},,,&,1.0,&
{'D2'},{'D3'},{'R3'},{'D1'},{'D6'},{'D5'},{'R2'},{'R1'},{'D4'},{'D7'},&,1.0,&
{'D2'},{'D3'},{'R3'},{'D1'},{'D6'},{'D5'},{'R1'},{'D4'},{'R2'},,&,1.0,&
{'D2'},{'D3'},{'R3'},{'D1'},{'D6'},{'R2'},,,,,&,4.0,&
{'D2'},{'D3'},{'R3'},{'D1'},{'D6'},{'R2'},{'D7'},{'D4'},{'R1'},,&,1.0,&
{'D2'},{'D3'},{'R3'},{'D1'},{'D6'},{'R2'},{'D7'},{'D5'},,,&,1.0,&
{'D2'},{'D3'},{'R3'},{'D1'},{'D6'},{'R2'},{'D5'},{'R1'},,,&,1.0,&
{'D2'},{'D3'},{'R3'},{'D1'},{'D6'},{'R2'},{'D5'},{'R1'},{'D7'},{'D4'},&,1.0,&
{'D2'},{'D3'},{'R3'},{'D1'},{'D6'},{'R2'},{'R1'},,,,&,3.0,&
{'D2'},{'D3'},{'R3'},{'D1'},{'D6'},{'R2'},{'R1'},{'D7'},,,&,1.0,&
{'D2'},{'D3'},{'R3'},{'D1'},{'D6'},{'R2'},{'D4'},,,,&,1.0,&
{'D2'},{'D3'},{'R3'},{'D1'},{'D6'},{'R2'},{'D4'},{'D5'},{'D7'},{'R1'},&,1.0,&
{'D2'},{'D3'},{'R3'},{'D1'},{'D6'},{'R1'},,,,,&,1.0,&
{'D2'},{'D3'},{'R3'},{'D1'},{'D6'},{'R1'},{'D5'},{'R2'},{'D7'},{'D4'},&,1.0,&
{'D2'},{'D3'},{'R3'},{'D1'},{'D6'},{'R1'},{'R2'},{'D7'},{'D5'},,&,1.0,&
{'D2'},{'D3'},{'R3'},{'D1'},{'D6'},{'D4'},{'D5'},{'D7'},{'R2'},,&,1.0,&
{'D2'},{'D3'},{'R3'},{'D1'},{'D7'},,,,,,&,3.0,&
{'D2'},{'D3'},{'R3'},{'D1'},{'D7'},{'D5'},{'R2'},{'D4'},{'D6'},{'R1'},&,1.0,&
{'D2'},{'D3'},{'R3'},{'D1'},{'D7'},{'D5'},{'D6'},{'D4'},{'R2'},,&,1.0,&
{'D2'},{'D3'},{'R3'},{'D1'},{'D7'},{'R2'},{'D5'},{'D6'},{'R1'},,&,1.0,&
{'D2'},{'D3'},{'R3'},{'D1'},{'D7'},{'R2'},{'D5'},{'R1'},,,&,2.0,&
{'D2'},{'D3'},{'R3'},{'D1'},{'D7'},{'R2'},{'R1'},{'D6'},,,&,1.0,&
{'D2'},{'D3'},{'R3'},{'D1'},{'D7'},{'R2'},{'R1'},{'D6'},{'D4'},,&,1.0,&
{'D2'},{'D3'},{'R3'},{'D1'},{'D7'},{'D6'},,,,,&,2.0,&
{'D2'},{'D3'},{'R3'},{'D1'},{'D7'},{'R1'},,,,,&,1.0,&
{'D2'},{'D3'},{'R3'},{'D1'},{'D7'},{'R1'},{'R2'},{'D6'},{'D5'},,&,1.0,&
{'D2'},{'D3'},{'R3'},{'D1'},{'D7'},{'D4'},{'D6'},{'D5'},{'R2'},{'R1'},&,1.0,&
{'D2'},{'D3'},{'R3'},{'D1'},{'R1'},,,,,,&,3.0,&
{'D2'},{'D3'},{'R3'},{'D1'},{'R1'},{'R2'},,,,,&,1.0,&
{'D2'},{'D3'},{'R3'},{'D1'},{'R1'},{'R2'},{'D6'},,,,&,1.0,&
{'D2'},{'D3'},{'R3'},{'D1'},{'R1'},{'D6'},{'D5'},{'R2'},{'D7'},,&,1.0,&
{'D2'},{'D3'},{'R3'},{'D1'},{'D5'},,,,,,&,3.0,&
{'D2'},{'D3'},{'R3'},{'D1'},{'D5'},{'D7'},{'R2'},{'D4'},,,&,1.0,&
{'D2'},{'D3'},{'R3'},{'D1'},{'D5'},{'D7'},{'R2'},{'D4'},{'D6'},{'R1'},&,1.0,&
{'D2'},{'D3'},{'R3'},{'D1'},{'D5'},{'D7'},{'D4'},,,,&,1.0,&
{'D2'},{'D3'},{'R3'},{'D1'},{'D5'},{'R2'},{'D7'},{'R1'},{'D6'},,&,1.0,&
{'D2'},{'D3'},{'R3'},{'D1'},{'D5'},{'R2'},{'R1'},{'D7'},{'D6'},{'D4'},&,1.0,&
{'D2'},{'D3'},{'R3'},{'D1'},{'D5'},{'R2'},{'D6'},{'D7'},{'R1'},,&,1.0,&
{'D2'},{'D3'},{'R3'},{'D1'},{'D5'},{'D6'},,,,,&,2.0,&
{'D2'},{'D3'},{'R3'},{'D1'},{'D5'},{'D6'},{'D7'},,,,&,1.0,&
{'D2'},{'D3'},{'R3'},{'D1'},{'D5'},{'D6'},{'D7'},{'D4'},{'R2'},{'R1'},&,2.0,&
{'D2'},{'D3'},{'R3'},{'D1'},{'D5'},{'D6'},{'D4'},{'R2'},,,&,1.0,&
{'D2'},{'D3'},{'R3'},{'D1'},{'D5'},{'R1'},{'R2'},,,,&,1.0,&
{'D2'},{'D3'},{'R3'},{'D1'},{'R2'},,,,,,&,9.0,&
{'D2'},{'D3'},{'R3'},{'D1'},{'R2'},{'D7'},{'D5'},,,,&,1.0,&
{'D2'},{'D3'},{'R3'},{'D1'},{'R2'},{'D7'},{'R1'},{'D5'},{'D6'},,&,1.0,&
{'D2'},{'D3'},{'R3'},{'D1'},{'R2'},{'D5'},,,,,&,1.0,&
{'D2'},{'D3'},{'R3'},{'D1'},{'R2'},{'D5'},{'R1'},,,,&,1.0,&
{'D2'},{'D3'},{'R3'},{'D1'},{'R2'},{'D5'},{'R1'},{'D7'},,,&,1.0,&
{'D2'},{'D3'},{'R3'},{'D1'},{'R2'},{'D5'},{'R1'},{'D7'},{'D4'},,&,1.0,&
{'D2'},{'D3'},{'R3'},{'D1'},{'R2'},{'D5'},{'D6'},,,,&,1.0,&
{'D2'},{'D3'},{'R3'},{'D1'},{'R2'},{'D5'},{'D6'},{'R1'},{'D4'},,&,1.0,&
{'D2'},{'D3'},{'R3'},{'D1'},{'R2'},{'D6'},{'D7'},{'D5'},,,&,1.0,&
{'D2'},{'D3'},{'R3'},{'D1'},{'R2'},{'D6'},{'D5'},,,,&,1.0,&
{'D2'},{'D3'},{'R3'},{'D1'},{'R2'},{'D6'},{'R1'},,,,&,4.0,&
{'D2'},{'D3'},{'R3'},{'D1'},{'R2'},{'D6'},{'R1'},{'D4'},{'D5'},,&,1.0,&
{'D2'},{'D3'},{'R3'},{'D1'},{'R2'},{'D6'},{'R1'},{'D7'},{'D5'},,&,1.0,&
{'D2'},{'D3'},{'R3'},{'D1'},{'R2'},{'D6'},{'R1'},{'D5'},,,&,1.0,&
{'D2'},{'D3'},{'R3'},{'D1'},{'R2'},{'D6'},{'D4'},,,,&,1.0,&
{'D2'},{'D3'},{'R3'},{'D1'},{'R2'},{'R1'},,,,,&,3.0,&
{'D2'},{'D3'},{'R3'},{'D1'},{'R2'},{'R1'},{'D7'},,,,&,1.0,&
{'D2'},{'D3'},{'R3'},{'D1'},{'R2'},{'R1'},{'D7'},{'D5'},,,&,1.0,&
{'D2'},{'D3'},{'R3'},{'D1'},{'R2'},{'R1'},{'D5'},,,,&,1.0,&
{'D2'},{'D3'},{'R3'},{'D1'},{'R2'},{'R1'},{'D5'},{'D6'},,,&,2.0,&
{'D2'},{'D3'},{'R3'},{'D1'},{'R2'},{'R1'},{'D5'},{'D6'},{'D7'},{'D4'},&,1.0,&
{'D2'},{'D3'},{'R3'},{'D1'},{'R2'},{'R1'},{'D6'},,,,&,1.0,&
{'D2'},{'D3'},{'R3'},{'D1'},{'R2'},{'R1'},{'D4'},{'D7'},,,&,1.0,&
{'D2'},{'D3'},{'R3'},{'D1'},{'R2'},{'D4'},{'D5'},{'D6'},{'D7'},{'R1'},&,1.0,&
{'D2'},{'D3'},{'R3'},{'D1'},{'R2'},{'D4'},{'R1'},{'D6'},{'D5'},{'D7'},&,1.0,&
{'D2'},{'D3'},{'R3'},{'D1'},{'D4'},{'D7'},{'D5'},{'R2'},{'R1'},,&,1.0,&
{'D2'},{'D3'},{'R3'},{'D1'},{'D4'},{'D5'},{'R1'},{'R2'},,,&,1.0,&
{'D2'},{'D3'},{'R3'},{'D1'},{'D4'},{'R2'},,,,,&,1.0,&
{'D2'},{'D3'},{'R3'},{'D1'},{'D4'},{'D6'},,,,,&,1.0,&
{'D2'},{'D3'},{'R3'},{'D1'},{'D4'},{'D6'},{'D5'},{'D7'},{'R2'},{'R1'},&,1.0,&
{'D2'},{'D3'},{'R3'},{'D5'},,,,,,,&,4.0,&
{'D2'},{'D3'},{'R3'},{'D5'},{'D6'},,,,,,&,2.0,&
{'D2'},{'D3'},{'R3'},{'D5'},{'D6'},{'R2'},,,,,&,1.0,&
{'D2'},{'D3'},{'R3'},{'D5'},{'D6'},{'D4'},{'R2'},{'R1'},{'D1'},{'D7'},&,1.0,&
{'D2'},{'D3'},{'R3'},{'D5'},{'D7'},{'D1'},{'R2'},{'D6'},{'R1'},{'D4'},&,1.0,&
{'D2'},{'D3'},{'R3'},{'D5'},{'R1'},,,,,,&,1.0,&
{'D2'},{'D3'},{'R3'},{'D5'},{'R1'},{'D1'},,,,,&,1.0,&
{'D2'},{'D3'},{'R3'},{'D5'},{'R1'},{'R2'},,,,,&,1.0,&
{'D2'},{'D3'},{'R3'},{'D5'},{'D1'},{'D7'},,,,,&,1.0,&
{'D2'},{'D3'},{'R3'},{'D5'},{'D1'},{'D7'},{'D6'},,,,&,1.0,&
{'D2'},{'D3'},{'R3'},{'D5'},{'D1'},{'R2'},,,,,&,1.0,&
{'D2'},{'D3'},{'R3'},{'D5'},{'D1'},{'R2'},{'R1'},{'D7'},{'D6'},{'D4'},&,1.0,&
{'D2'},{'D3'},{'R3'},{'D5'},{'D1'},{'R2'},{'D4'},,,,&,1.0,&
{'D2'},{'D3'},{'R3'},{'D5'},{'D1'},{'D6'},{'D4'},{'D7'},{'R2'},{'R1'},&,1.0,&
{'D2'},{'D3'},{'R3'},{'D5'},{'D1'},{'R1'},,,,,&,1.0,&
{'D2'},{'D3'},{'R3'},{'D5'},{'D1'},{'D4'},{'D6'},{'R2'},{'D7'},{'R1'},&,1.0,&
{'D2'},{'D3'},{'R3'},{'D5'},{'R2'},,,,,,&,2.0,&
{'D2'},{'D3'},{'R3'},{'D5'},{'R2'},{'D1'},,,,,&,1.0,&
{'D2'},{'D3'},{'R3'},{'D5'},{'R2'},{'D1'},{'R1'},,,,&,2.0,&
{'D2'},{'D3'},{'R3'},{'D5'},{'R2'},{'D1'},{'R1'},{'D6'},,,&,1.0,&
{'D2'},{'D3'},{'R3'},{'D5'},{'R2'},{'D6'},{'D7'},{'D1'},{'R1'},{'D4'},&,1.0,&
{'D2'},{'D3'},{'R3'},{'D5'},{'R2'},{'D6'},{'D1'},{'D7'},,,&,1.0,&
{'D2'},{'D3'},{'R3'},{'D5'},{'R2'},{'D6'},{'D1'},{'D7'},{'D4'},{'R1'},&,1.0,&
{'D2'},{'D3'},{'R3'},{'D5'},{'R2'},{'R1'},,,,,&,1.0,&
{'D2'},{'D3'},{'R3'},{'D4'},,,,,,,&,1.0,&
{'D2'},{'D3'},{'R3'},{'D4'},{'D1'},,,,,,&,1.0,&
{'D2'},{'D3'},{'R3'},{'D4'},{'D1'},{'D5'},,,,,&,1.0,&
{'D2'},{'D3'},{'R3'},{'D4'},{'R2'},{'D7'},{'R1'},{'D1'},{'D6'},{'D5'},&,1.0,&
{'D2'},{'D3'},{'R3'},{'D7'},,,,,,,&,2.0,&
{'D2'},{'D3'},{'R3'},{'D7'},{'D6'},{'D1'},{'R2'},{'D4'},{'D5'},{'R1'},&,1.0,&
{'D2'},{'D3'},{'R3'},{'D7'},{'D5'},{'R2'},{'D1'},{'D6'},{'D4'},,&,1.0,&
{'D2'},{'D3'},{'R3'},{'D7'},{'D5'},{'R2'},{'R1'},,,,&,1.0,&
{'D2'},{'D3'},{'R3'},{'D7'},{'D1'},{'R2'},{'D6'},{'R1'},{'D5'},,&,1.0,&
{'D2'},{'D3'},{'R3'},{'D7'},{'D1'},{'D6'},{'R2'},{'R1'},,,&,1.0,&
{'D2'},{'D3'},{'R3'},{'D7'},{'D1'},{'R1'},{'R2'},{'D6'},,,&,1.0,&
{'D2'},{'D3'},{'R3'},{'D7'},{'R2'},,,,,,&,2.0,&
{'D2'},{'D3'},{'R3'},{'D7'},{'R2'},{'D1'},,,,,&,1.0,&
{'D2'},{'D3'},{'R3'},{'D7'},{'R2'},{'D1'},{'D5'},{'R1'},{'D6'},{'D4'},&,1.0,&
{'D2'},{'D3'},{'R3'},{'D7'},{'R2'},{'D1'},{'R1'},,,,&,2.0,&
{'D2'},{'D3'},{'R3'},{'D7'},{'R2'},{'D1'},{'R1'},{'D6'},,,&,1.0,&
{'D2'},{'D3'},{'R3'},{'D7'},{'R2'},{'D1'},{'D6'},{'D5'},{'R1'},{'D4'},&,1.0,&
{'D2'},{'D3'},{'R3'},{'D7'},{'R2'},{'D1'},{'D6'},{'R1'},{'D5'},,&,1.0,&
{'D2'},{'D3'},{'R3'},{'D7'},{'R2'},{'D6'},{'R1'},{'D1'},{'D5'},{'D4'},&,1.0,&
{'D2'},{'D3'},{'R3'},{'D7'},{'R2'},{'R1'},{'D5'},{'D1'},{'D4'},{'D6'},&,1.0,&
{'D2'},{'D3'},{'R3'},{'D7'},{'R2'},{'R1'},{'D1'},,,,&,2.0,&
{'D2'},{'D3'},{'R3'},{'D7'},{'R2'},{'R1'},{'D1'},{'D6'},{'D5'},{'D4'},&,1.0,&
{'D2'},{'D3'},{'R3'},{'R1'},,,,,,,&,4.0,&
{'D2'},{'D3'},{'R3'},{'R1'},{'D6'},{'D5'},{'R2'},,,,&,1.0,&
{'D2'},{'D3'},{'R3'},{'R1'},{'D6'},{'R2'},,,,,&,1.0,&
{'D2'},{'D3'},{'R3'},{'R1'},{'D1'},,,,,,&,2.0,&
{'D2'},{'D3'},{'R3'},{'R1'},{'D1'},{'D6'},,,,,&,1.0,&
{'D2'},{'D3'},{'R3'},{'R1'},{'R2'},,,,,,&,3.0,&
{'D2'},{'D3'},{'R3'},{'R1'},{'R2'},{'D1'},{'D7'},,,,&,1.0,&
{'D2'},{'D3'},{'R3'},{'R1'},{'R2'},{'D1'},{'D4'},{'D6'},,,&,1.0,&
{'D2'},{'D3'},{'R3'},{'R1'},{'R2'},{'D7'},,,,,&,1.0,&
{'D2'},{'D3'},{'R3'},{'R1'},{'R2'},{'D7'},{'D1'},,,,&,1.0,&
{'D2'},{'D3'},{'R3'},{'R1'},{'D4'},{'D6'},{'R2'},,,,&,1.0,&
{'D2'},{'D3'},{'R3'},{'D6'},,,,,,,&,1.0,&
{'D2'},{'D3'},{'R3'},{'D6'},{'D7'},,,,,,&,1.0,&
{'D2'},{'D3'},{'R3'},{'D6'},{'D7'},{'D1'},{'R2'},{'R1'},{'D4'},{'D5'},&,1.0,&
{'D2'},{'D3'},{'R3'},{'D6'},{'D7'},{'R2'},{'D1'},{'D5'},{'R1'},{'D4'},&,1.0,&
{'D2'},{'D3'},{'R3'},{'D6'},{'R1'},{'D5'},{'D1'},{'D7'},{'D4'},{'R2'},&,1.0,&
{'D2'},{'D3'},{'R3'},{'D6'},{'D5'},{'D1'},{'D7'},,,,&,1.0,&
{'D2'},{'D3'},{'R3'},{'D6'},{'D5'},{'D1'},{'D7'},{'R1'},{'R2'},,&,1.0,&
{'D2'},{'D3'},{'R3'},{'D6'},{'D1'},,,,,,&,1.0,&
{'D2'},{'D3'},{'R3'},{'D6'},{'D1'},{'D7'},,,,,&,1.0,&
{'D2'},{'D3'},{'R3'},{'D6'},{'D1'},{'D7'},{'R2'},{'R1'},,,&,1.0,&
{'D2'},{'D3'},{'R3'},{'D6'},{'D1'},{'D5'},{'D7'},{'D4'},{'R2'},{'R1'},&,1.0,&
{'D2'},{'D3'},{'R3'},{'D6'},{'D1'},{'D5'},{'D7'},{'R2'},{'D4'},{'R1'},&,1.0,&
{'D2'},{'D3'},{'R3'},{'D6'},{'D1'},{'R2'},,,,,&,1.0,&
{'D2'},{'D3'},{'R3'},{'D6'},{'D1'},{'R2'},{'D5'},{'R1'},,,&,1.0,&
{'D2'},{'D3'},{'R3'},{'D6'},{'D1'},{'R2'},{'R1'},{'D7'},,,&,1.0,&
{'D2'},{'D3'},{'R3'},{'D6'},{'D1'},{'D4'},{'D7'},,,,&,1.0,&
{'D2'},{'D3'},{'R3'},{'D6'},{'D1'},{'D4'},{'D5'},{'D7'},,,&,1.0,&
{'D2'},{'D3'},{'R3'},{'D6'},{'R2'},,,,,,&,5.0,&
{'D2'},{'D3'},{'R3'},{'D6'},{'R2'},{'D1'},{'D5'},{'R1'},{'D7'},,&,1.0,&
{'D2'},{'D3'},{'R3'},{'D6'},{'R2'},{'D1'},{'R1'},{'D4'},,,&,2.0,&
{'D2'},{'D3'},{'R3'},{'D6'},{'R2'},{'D1'},{'R1'},{'D7'},,,&,1.0,&
{'D2'},{'D3'},{'R3'},{'D6'},{'R2'},{'D1'},{'D4'},{'R1'},,,&,1.0,&
{'D2'},{'D3'},{'R3'},{'D6'},{'R2'},{'D7'},{'R1'},,,,&,1.0,&
{'D2'},{'D3'},{'R3'},{'D6'},{'R2'},{'D5'},{'R1'},{'D1'},,,&,1.0,&
{'D2'},{'D3'},{'R3'},{'D6'},{'R2'},{'R1'},{'D5'},{'D1'},{'D7'},{'D4'},&,1.0,&
{'D2'},{'D3'},{'R3'},{'D6'},{'R2'},{'R1'},{'D1'},,,,&,2.0,&
{'D2'},{'D3'},{'R2'},,,,,,,,&,96.0,&
{'D2'},{'D3'},{'R2'},{'D1'},,,,,,,&,54.0,&
{'D2'},{'D3'},{'R2'},{'D1'},{'D6'},,,,,,&,5.0,&
{'D2'},{'D3'},{'R2'},{'D1'},{'D6'},{'D7'},,,,,&,3.0,&
{'D2'},{'D3'},{'R2'},{'D1'},{'D6'},{'D7'},{'R3'},{'D4'},{'D5'},{'R1'},&,1.0,&
{'D2'},{'D3'},{'R2'},{'D1'},{'D6'},{'D7'},{'R3'},{'R1'},,,&,1.0,&
{'D2'},{'D3'},{'R2'},{'D1'},{'D6'},{'D7'},{'D5'},,,,&,1.0,&
{'D2'},{'D3'},{'R2'},{'D1'},{'D6'},{'D7'},{'D5'},{'R3'},{'R1'},{'D4'},&,1.0,&
{'D2'},{'D3'},{'R2'},{'D1'},{'D6'},{'D5'},,,,,&,1.0,&
{'D2'},{'D3'},{'R2'},{'D1'},{'D6'},{'R3'},,,,,&,1.0,&
{'D2'},{'D3'},{'R2'},{'D1'},{'D6'},{'R3'},{'D7'},,,,&,1.0,&
{'D2'},{'D3'},{'R2'},{'D1'},{'D6'},{'R3'},{'R1'},,,,&,1.0,&
{'D2'},{'D3'},{'R2'},{'D1'},{'D6'},{'R3'},{'R1'},{'D7'},,,&,1.0,&
{'D2'},{'D3'},{'R2'},{'D1'},{'D6'},{'R3'},{'R1'},{'D5'},,,&,1.0,&
{'D2'},{'D3'},{'R2'},{'D1'},{'D6'},{'R1'},,,,,&,1.0,&
{'D2'},{'D3'},{'R2'},{'D1'},{'D6'},{'R1'},{'D7'},{'R3'},,,&,1.0,&
{'D2'},{'D3'},{'R2'},{'D1'},{'D6'},{'R1'},{'D5'},,,,&,2.0,&
{'D2'},{'D3'},{'R2'},{'D1'},{'D6'},{'D4'},{'D7'},{'R3'},{'R1'},{'D5'},&,1.0,&
{'D2'},{'D3'},{'R2'},{'D1'},{'D6'},{'D4'},{'R3'},,,,&,1.0,&
{'D2'},{'D3'},{'R2'},{'D1'},{'D6'},{'D4'},{'D5'},{'R3'},{'R1'},{'D7'},&,1.0,&
{'D2'},{'D3'},{'R2'},{'D1'},{'D6'},{'D4'},{'D5'},{'R1'},,,&,1.0,&
{'D2'},{'D3'},{'R2'},{'D1'},{'D7'},,,,,,&,6.0,&
{'D2'},{'D3'},{'R2'},{'D1'},{'D7'},{'D5'},,,,,&,1.0,&
{'D2'},{'D3'},{'R2'},{'D1'},{'D7'},{'D5'},{'R3'},{'R1'},{'D6'},,&,2.0,&
{'D2'},{'D3'},{'R2'},{'D1'},{'D7'},{'D5'},{'R1'},{'R3'},{'D6'},,&,1.0,&
{'D2'},{'D3'},{'R2'},{'D1'},{'D7'},{'D5'},{'D6'},{'R3'},{'R1'},,&,1.0,&
{'D2'},{'D3'},{'R2'},{'D1'},{'D7'},{'D6'},{'R3'},,,,&,1.0,&
{'D2'},{'D3'},{'R2'},{'D1'},{'D7'},{'R3'},,,,,&,1.0,&
{'D2'},{'D3'},{'R2'},{'D1'},{'D7'},{'R3'},{'D6'},{'D5'},{'D4'},,&,1.0,&
{'D2'},{'D3'},{'R2'},{'D1'},{'D7'},{'R3'},{'D6'},{'R1'},{'D5'},,&,1.0,&
{'D2'},{'D3'},{'R2'},{'D1'},{'R1'},,,,,,&,4.0,&
{'D2'},{'D3'},{'R2'},{'D1'},{'R1'},{'D5'},,,,,&,1.0,&
{'D2'},{'D3'},{'R2'},{'D1'},{'R1'},{'D5'},{'D7'},{'D6'},{'D4'},,&,1.0,&
{'D2'},{'D3'},{'R2'},{'D1'},{'R1'},{'D5'},{'D6'},{'R3'},{'D7'},,&,1.0,&
{'D2'},{'D3'},{'R2'},{'D1'},{'R1'},{'D6'},{'D7'},{'R3'},{'D5'},,&,1.0,&
{'D2'},{'D3'},{'R2'},{'D1'},{'R1'},{'D6'},{'R3'},,,,&,1.0,&
{'D2'},{'D3'},{'R2'},{'D1'},{'R1'},{'D6'},{'R3'},{'D7'},{'D5'},,&,1.0,&
{'D2'},{'D3'},{'R2'},{'D1'},{'R1'},{'D6'},{'R3'},{'D5'},{'D7'},,&,1.0,&
{'D2'},{'D3'},{'R2'},{'D1'},{'R1'},{'D6'},{'D5'},{'D4'},,,&,1.0,&
{'D2'},{'D3'},{'R2'},{'D1'},{'R1'},{'R3'},,,,,&,2.0,&
{'D2'},{'D3'},{'R2'},{'D1'},{'R1'},{'R3'},{'D7'},,,,&,1.0,&
{'D2'},{'D3'},{'R2'},{'D1'},{'R1'},{'R3'},{'D5'},{'D7'},{'D4'},,&,1.0,&
{'D2'},{'D3'},{'R2'},{'D1'},{'D5'},,,,,,&,5.0,&
{'D2'},{'D3'},{'R2'},{'D1'},{'D5'},{'D7'},{'D6'},{'D4'},,,&,1.0,&
{'D2'},{'D3'},{'R2'},{'D1'},{'D5'},{'D7'},{'D6'},{'D4'},{'R3'},{'R1'},&,1.0,&
{'D2'},{'D3'},{'R2'},{'D1'},{'D5'},{'D6'},{'D7'},{'R3'},{'R1'},{'D4'},&,1.0,&
{'D2'},{'D3'},{'R2'},{'D1'},{'D5'},{'D6'},{'D7'},{'R3'},{'D4'},{'R1'},&,1.0,&
{'D2'},{'D3'},{'R2'},{'D1'},{'D5'},{'D6'},{'R3'},{'D4'},,,&,1.0,&
{'D2'},{'D3'},{'R2'},{'D1'},{'D5'},{'D6'},{'R3'},{'R1'},{'D7'},{'D4'},&,1.0,&
{'D2'},{'D3'},{'R2'},{'D1'},{'D5'},{'R3'},,,,,&,4.0,&
{'D2'},{'D3'},{'R2'},{'D1'},{'D5'},{'R3'},{'D7'},,,,&,1.0,&
{'D2'},{'D3'},{'R2'},{'D1'},{'D5'},{'R3'},{'R1'},,,,&,1.0,&
{'D2'},{'D3'},{'R2'},{'D1'},{'D5'},{'R1'},{'R3'},{'D7'},{'D6'},{'D4'},&,1.0,&
{'D2'},{'D3'},{'R2'},{'D1'},{'D5'},{'R1'},{'D6'},{'R3'},,,&,1.0,&
{'D2'},{'D3'},{'R2'},{'D1'},{'D5'},{'D4'},{'R3'},,,,&,1.0,&
{'D2'},{'D3'},{'R2'},{'D1'},{'R3'},,,,,,&,18.0,&
{'D2'},{'D3'},{'R2'},{'D1'},{'R3'},{'D7'},,,,,&,1.0,&
{'D2'},{'D3'},{'R2'},{'D1'},{'R3'},{'D7'},{'D5'},,,,&,1.0,&
{'D2'},{'D3'},{'R2'},{'D1'},{'R3'},{'D7'},{'R1'},,,,&,1.0,&
{'D2'},{'D3'},{'R2'},{'D1'},{'R3'},{'D7'},{'R1'},{'D6'},{'D5'},,&,1.0,&
{'D2'},{'D3'},{'R2'},{'D1'},{'R3'},{'D5'},,,,,&,1.0,&
{'D2'},{'D3'},{'R2'},{'D1'},{'R3'},{'D5'},{'D7'},,,,&,1.0,&
{'D2'},{'D3'},{'R2'},{'D1'},{'R3'},{'D5'},{'R1'},,,,&,1.0,&
{'D2'},{'D3'},{'R2'},{'D1'},{'R3'},{'D5'},{'R1'},{'D6'},,,&,1.0,&
{'D2'},{'D3'},{'R2'},{'D1'},{'R3'},{'D5'},{'R1'},{'D6'},{'D7'},,&,1.0,&
{'D2'},{'D3'},{'R2'},{'D1'},{'R3'},{'D5'},{'D6'},{'D4'},{'D7'},,&,1.0,&
{'D2'},{'D3'},{'R2'},{'D1'},{'R3'},{'D6'},,,,,&,1.0,&
{'D2'},{'D3'},{'R2'},{'D1'},{'R3'},{'D6'},{'D7'},{'D4'},,,&,1.0,&
{'D2'},{'D3'},{'R2'},{'D1'},{'R3'},{'D6'},{'D5'},,,,&,1.0,&
{'D2'},{'D3'},{'R2'},{'D1'},{'R3'},{'D6'},{'D5'},{'R1'},{'D7'},{'D4'},&,1.0,&
{'D2'},{'D3'},{'R2'},{'D1'},{'R3'},{'D6'},{'R1'},,,,&,3.0,&
{'D2'},{'D3'},{'R2'},{'D1'},{'R3'},{'D6'},{'R1'},{'D7'},{'D5'},{'D4'},&,1.0,&
{'D2'},{'D3'},{'R2'},{'D1'},{'R3'},{'R1'},,,,,&,2.0,&
{'D2'},{'D3'},{'R2'},{'D1'},{'R3'},{'R1'},{'D7'},{'D5'},{'D6'},{'D4'},&,1.0,&
{'D2'},{'D3'},{'R2'},{'D1'},{'R3'},{'R1'},{'D5'},,,,&,2.0,&
{'D2'},{'D3'},{'R2'},{'D1'},{'R3'},{'R1'},{'D6'},{'D4'},{'D7'},{'D5'},&,1.0,&
{'D2'},{'D3'},{'R2'},{'D1'},{'R3'},{'R1'},{'D6'},{'D5'},,,&,1.0,&
{'D2'},{'D3'},{'R2'},{'D1'},{'R3'},{'R1'},{'D6'},{'D5'},{'D4'},,&,1.0,&
{'D2'},{'D3'},{'R2'},{'D1'},{'R3'},{'D4'},{'D6'},{'R1'},{'D7'},,&,1.0,&
{'D2'},{'D3'},{'R2'},{'D1'},{'D4'},,,,,,&,3.0,&
{'D2'},{'D3'},{'R2'},{'D1'},{'D4'},{'D7'},{'D6'},{'R3'},,,&,1.0,&
{'D2'},{'D3'},{'R2'},{'D1'},{'D4'},{'D5'},,,,,&,1.0,&
{'D2'},{'D3'},{'R2'},{'D1'},{'D4'},{'D5'},{'D7'},{'D6'},,,&,1.0,&
{'D2'},{'D3'},{'R2'},{'D1'},{'D4'},{'D5'},{'R3'},,,,&,1.0,&
{'D2'},{'D3'},{'R2'},{'D1'},{'D4'},{'D5'},{'R1'},{'D7'},{'D6'},{'R3'},&,1.0,&
{'D2'},{'D3'},{'R2'},{'D1'},{'D4'},{'D6'},,,,,&,1.0,&
{'D2'},{'D3'},{'R2'},{'D1'},{'D4'},{'D6'},{'D5'},,,,&,1.0,&
{'D2'},{'D3'},{'R2'},{'D1'},{'D4'},{'D6'},{'R1'},{'R3'},{'D7'},,&,1.0,&
{'D2'},{'D3'},{'R2'},{'D1'},{'D4'},{'R3'},,,,,&,1.0,&
{'D2'},{'D3'},{'R2'},{'D1'},{'D4'},{'R3'},{'D7'},,,,&,1.0,&
{'D2'},{'D3'},{'R2'},{'D1'},{'D4'},{'R3'},{'R1'},{'D7'},{'D5'},,&,1.0,&
{'D2'},{'D3'},{'R2'},{'D1'},{'D4'},{'R3'},{'D6'},{'R1'},,,&,1.0,&
{'D2'},{'D3'},{'R2'},{'D5'},,,,,,,&,1.0,&
{'D2'},{'D3'},{'R2'},{'D5'},{'D6'},,,,,,&,1.0,&
{'D2'},{'D3'},{'R2'},{'D5'},{'D6'},{'R3'},{'D7'},{'R1'},{'D1'},{'D4'},&,1.0,&
{'D2'},{'D3'},{'R2'},{'D5'},{'D7'},{'D1'},,,,,&,1.0,&
{'D2'},{'D3'},{'R2'},{'D5'},{'R1'},{'D1'},,,,,&,1.0,&
{'D2'},{'D3'},{'R2'},{'D5'},{'R1'},{'D4'},,,,,&,1.0,&
{'D2'},{'D3'},{'R2'},{'D5'},{'R3'},,,,,,&,5.0,&
{'D2'},{'D3'},{'R2'},{'D5'},{'R3'},{'D1'},,,,,&,1.0,&
{'D2'},{'D3'},{'R2'},{'D5'},{'R3'},{'D1'},{'R1'},{'D6'},,,&,1.0,&
{'D2'},{'D3'},{'R2'},{'D5'},{'R3'},{'D1'},{'R1'},{'D7'},{'D6'},{'D4'},&,1.0,&
{'D2'},{'D3'},{'R2'},{'D5'},{'R3'},{'D1'},{'D4'},,,,&,1.0,&
{'D2'},{'D3'},{'R2'},{'D5'},{'R3'},{'D6'},,,,,&,1.0,&
{'D2'},{'D3'},{'R2'},{'D5'},{'R3'},{'D6'},{'D1'},{'R1'},,,&,1.0,&
{'D2'},{'D3'},{'R2'},{'D5'},{'R3'},{'R1'},,,,,&,1.0,&
{'D2'},{'D3'},{'R2'},{'D5'},{'R3'},{'R1'},{'D1'},,,,&,1.0,&
{'D2'},{'D3'},{'R2'},{'D5'},{'D1'},{'D7'},,,,,&,1.0,&
{'D2'},{'D3'},{'R2'},{'D5'},{'D1'},{'D7'},{'D6'},{'D4'},,,&,1.0,&
{'D2'},{'D3'},{'R2'},{'D5'},{'D1'},{'D6'},,,,,&,1.0,&
{'D2'},{'D3'},{'R2'},{'D5'},{'D1'},{'D6'},{'D7'},{'D4'},,,&,1.0,&
{'D2'},{'D3'},{'R2'},{'D5'},{'D1'},{'D6'},{'R1'},{'R3'},,,&,1.0,&
{'D2'},{'D3'},{'R2'},{'D5'},{'D1'},{'R3'},,,,,&,1.0,&
{'D2'},{'D3'},{'R2'},{'D5'},{'D1'},{'R3'},{'D6'},{'R1'},,,&,1.0,&
{'D2'},{'D3'},{'R2'},{'D5'},{'D1'},{'R1'},,,,,&,1.0,&
{'D2'},{'D3'},{'R2'},{'D5'},{'D4'},{'D1'},{'D6'},,,,&,1.0,&
{'D2'},{'D3'},{'R2'},{'D4'},,,,,,,&,1.0,&
{'D2'},{'D3'},{'R2'},{'D4'},{'D6'},{'D1'},{'D7'},{'D5'},{'R3'},,&,1.0,&
{'D2'},{'D3'},{'R2'},{'D4'},{'R1'},{'D1'},{'R3'},{'D7'},{'D6'},{'D5'},&,1.0,&
{'D2'},{'D3'},{'R2'},{'D4'},{'R1'},{'D5'},{'R3'},{'D1'},,,&,1.0,&
{'D2'},{'D3'},{'R2'},{'D4'},{'R3'},{'D6'},{'R1'},,,,&,1.0,&
{'D2'},{'D3'},{'R2'},{'D4'},{'D1'},{'D5'},{'D6'},{'D7'},,,&,1.0,&
{'D2'},{'D3'},{'R2'},{'D4'},{'D1'},{'D6'},{'D5'},{'D7'},{'R3'},{'R1'},&,1.0,&
{'D2'},{'D3'},{'R2'},{'D4'},{'D1'},{'R3'},{'D6'},,,,&,1.0,&
{'D2'},{'D3'},{'R2'},{'D4'},{'D1'},{'R3'},{'D6'},{'D5'},{'R1'},{'D7'},&,1.0,&
{'D2'},{'D3'},{'R2'},{'D7'},,,,,,,&,5.0,&
{'D2'},{'D3'},{'R2'},{'D7'},{'D6'},,,,,,&,1.0,&
{'D2'},{'D3'},{'R2'},{'D7'},{'D6'},{'D1'},{'R3'},{'R1'},{'D4'},,&,1.0,&
{'D2'},{'D3'},{'R2'},{'D7'},{'D6'},{'D1'},{'D5'},{'D4'},{'R3'},{'R1'},&,1.0,&
{'D2'},{'D3'},{'R2'},{'D7'},{'D6'},{'R3'},{'R1'},{'D1'},,,&,1.0,&
{'D2'},{'D3'},{'R2'},{'D7'},{'R1'},{'R3'},{'D5'},{'D6'},{'D1'},,&,1.0,&
{'D2'},{'D3'},{'R2'},{'D7'},{'R3'},,,,,,&,2.0,&
{'D2'},{'D3'},{'R2'},{'D7'},{'R3'},{'D1'},{'R1'},{'D5'},,,&,1.0,&
{'D2'},{'D3'},{'R2'},{'D7'},{'R3'},{'D1'},{'R1'},{'D5'},{'D6'},,&,1.0,&
{'D2'},{'D3'},{'R2'},{'D7'},{'R3'},{'R1'},{'D5'},{'D6'},,,&,1.0,&
{'D2'},{'D3'},{'R2'},{'D7'},{'D1'},,,,,,&,1.0,&
{'D2'},{'D3'},{'R2'},{'D7'},{'D1'},{'D5'},,,,,&,1.0,&
{'D2'},{'D3'},{'R2'},{'D7'},{'D1'},{'D5'},{'D6'},,,,&,1.0,&
{'D2'},{'D3'},{'R2'},{'D7'},{'D1'},{'D5'},{'D6'},{'D4'},{'R3'},,&,2.0,&
{'D2'},{'D3'},{'R2'},{'D7'},{'D1'},{'D5'},{'D6'},{'R3'},{'D4'},{'R1'},&,1.0,&
{'D2'},{'D3'},{'R2'},{'D7'},{'D1'},{'R3'},,,,,&,1.0,&
{'D2'},{'D3'},{'R2'},{'D7'},{'D1'},{'R3'},{'R1'},{'D6'},{'D5'},{'D4'},&,1.0,&
{'D2'},{'D3'},{'R2'},{'D7'},{'D1'},{'R3'},{'D4'},,,,&,1.0,&
{'D2'},{'D3'},{'R2'},{'D7'},{'D1'},{'D4'},{'R3'},,,,&,1.0,&
{'D2'},{'D3'},{'R2'},{'D7'},{'D1'},{'D4'},{'R1'},{'D6'},{'D5'},,&,1.0,&
{'D2'},{'D3'},{'R2'},{'D7'},{'D4'},{'D6'},{'R1'},,,,&,1.0,&
{'D2'},{'D3'},{'R2'},{'R1'},,,,,,,&,5.0,&
{'D2'},{'D3'},{'R2'},{'R1'},{'D6'},,,,,,&,1.0,&
{'D2'},{'D3'},{'R2'},{'R1'},{'D6'},{'R3'},{'D1'},,,,&,1.0,&
{'D2'},{'D3'},{'R2'},{'R1'},{'D6'},{'R3'},{'D1'},{'D7'},,,&,1.0,&
{'D2'},{'D3'},{'R2'},{'R1'},{'D6'},{'R3'},{'D1'},{'D7'},{'D5'},{'D4'},&,1.0,&
{'D2'},{'D3'},{'R2'},{'R1'},{'D7'},{'D1'},{'R3'},,,,&,1.0,&
{'D2'},{'D3'},{'R2'},{'R1'},{'D7'},{'D1'},{'D5'},,,,&,1.0,&
{'D2'},{'D3'},{'R2'},{'R1'},{'D7'},{'R3'},{'D1'},{'D5'},{'D6'},{'D4'},&,1.0,&
{'D2'},{'D3'},{'R2'},{'R1'},{'D5'},{'D6'},,,,,&,1.0,&
{'D2'},{'D3'},{'R2'},{'R1'},{'D5'},{'D6'},{'D1'},{'R3'},,,&,1.0,&
{'D2'},{'D3'},{'R2'},{'R1'},{'R3'},{'D1'},,,,,&,2.0,&
{'D2'},{'D3'},{'R2'},{'R1'},{'R3'},{'D1'},{'D7'},,,,&,1.0,&
{'D2'},{'D3'},{'R2'},{'R1'},{'R3'},{'D1'},{'D7'},{'D6'},,,&,1.0,&
{'D2'},{'D3'},{'R2'},{'R1'},{'R3'},{'D1'},{'D7'},{'D6'},{'D5'},,&,1.0,&
{'D2'},{'D3'},{'R2'},{'R1'},{'R3'},{'D1'},{'D5'},,,,&,1.0,&
{'D2'},{'D3'},{'R2'},{'R1'},{'R3'},{'D1'},{'D5'},{'D6'},,,&,1.0,&
{'D2'},{'D3'},{'R2'},{'R1'},{'R3'},{'D1'},{'D5'},{'D4'},,,&,2.0,&
{'D2'},{'D3'},{'R2'},{'R1'},{'R3'},{'D1'},{'D6'},{'D7'},,,&,1.0,&
{'D2'},{'D3'},{'R2'},{'R1'},{'R3'},{'D1'},{'D6'},{'D5'},{'D7'},{'D4'},&,1.0,&
{'D2'},{'D3'},{'R2'},{'R1'},{'D1'},{'D5'},,,,,&,1.0,&
{'D2'},{'D3'},{'R2'},{'R1'},{'D1'},{'D5'},{'R3'},,,,&,1.0,&
{'D2'},{'D3'},{'R2'},{'R1'},{'D1'},{'D6'},{'D7'},,,,&,1.0,&
{'D2'},{'D3'},{'R2'},{'R1'},{'D1'},{'D6'},{'D4'},{'D5'},,,&,1.0,&
{'D2'},{'D3'},{'R2'},{'R1'},{'D1'},{'R3'},,,,,&,1.0,&
{'D2'},{'D3'},{'R2'},{'R1'},{'D1'},{'R3'},{'D7'},,,,&,1.0,&
{'D2'},{'D3'},{'R2'},{'R1'},{'D1'},{'R3'},{'D7'},{'D6'},{'D4'},{'D5'},&,1.0,&
{'D2'},{'D3'},{'R2'},{'R1'},{'D1'},{'R3'},{'D5'},{'D6'},{'D4'},,&,1.0,&
{'D2'},{'D3'},{'R2'},{'R1'},{'D1'},{'D4'},{'D6'},{'R3'},{'D5'},{'D7'},&,1.0,&
{'D2'},{'D3'},{'R2'},{'R3'},,,,,,,&,25.0,&
{'D2'},{'D3'},{'R2'},{'R3'},{'D6'},,,,,,&,2.0,&
{'D2'},{'D3'},{'R2'},{'R3'},{'D6'},{'D1'},,,,,&,5.0,&
{'D2'},{'D3'},{'R2'},{'R3'},{'D6'},{'D1'},{'D5'},,,,&,1.0,&
{'D2'},{'D3'},{'R2'},{'R3'},{'D6'},{'D1'},{'D5'},{'D7'},,,&,1.0,&
{'D2'},{'D3'},{'R2'},{'R3'},{'D6'},{'D1'},{'R1'},{'D5'},{'D7'},,&,1.0,&
{'D2'},{'D3'},{'R2'},{'R3'},{'D6'},{'D1'},{'R1'},{'D5'},{'D7'},{'D4'},&,1.0,&
{'D2'},{'D3'},{'R2'},{'R3'},{'D6'},{'D7'},,,,,&,1.0,&
{'D2'},{'D3'},{'R2'},{'R3'},{'D6'},{'D7'},{'D1'},{'D4'},{'D5'},,&,1.0,&
{'D2'},{'D3'},{'R2'},{'R3'},{'D6'},{'D7'},{'R1'},,,,&,1.0,&
{'D2'},{'D3'},{'R2'},{'R3'},{'D6'},{'R1'},,,,,&,1.0,&
{'D2'},{'D3'},{'R2'},{'R3'},{'D6'},{'R1'},{'D7'},{'D1'},,,&,1.0,&
{'D2'},{'D3'},{'R2'},{'R3'},{'D6'},{'R1'},{'D1'},,,,&,2.0,&
{'D2'},{'D3'},{'R2'},{'R3'},{'D7'},,,,,,&,2.0,&
{'D2'},{'D3'},{'R2'},{'R3'},{'D7'},{'R1'},,,,,&,1.0,&
{'D2'},{'D3'},{'R2'},{'R3'},{'D7'},{'R1'},{'D1'},{'D5'},{'D6'},{'D4'},&,1.0,&
{'D2'},{'D3'},{'R2'},{'R3'},{'R1'},,,,,,&,8.0,&
{'D2'},{'D3'},{'R2'},{'R3'},{'R1'},{'D1'},,,,,&,3.0,&
{'D2'},{'D3'},{'R2'},{'R3'},{'R1'},{'D1'},{'D7'},,,,&,2.0,&
{'D2'},{'D3'},{'R2'},{'R3'},{'R1'},{'D1'},{'D5'},,,,&,6.0,&
{'D2'},{'D3'},{'R2'},{'R3'},{'R1'},{'D1'},{'D6'},,,,&,3.0,&
{'D2'},{'D3'},{'R2'},{'R3'},{'R1'},{'D1'},{'D6'},{'D7'},{'D5'},{'D4'},&,1.0,&
{'D2'},{'D3'},{'R2'},{'R3'},{'R1'},{'D1'},{'D6'},{'D5'},,,&,1.0,&
{'D2'},{'D3'},{'R2'},{'R3'},{'R1'},{'D7'},,,,,&,1.0,&
{'D2'},{'D3'},{'R2'},{'R3'},{'R1'},{'D7'},{'D5'},,,,&,1.0,&
{'D2'},{'D3'},{'R2'},{'R3'},{'R1'},{'D7'},{'D1'},,,,&,1.0,&
{'D2'},{'D3'},{'R2'},{'R3'},{'R1'},{'D7'},{'D1'},{'D6'},,,&,1.0,&
{'D2'},{'D3'},{'R2'},{'R3'},{'R1'},{'D5'},,,,,&,1.0,&
{'D2'},{'D3'},{'R2'},{'R3'},{'R1'},{'D5'},{'D7'},{'D1'},,,&,1.0,&
{'D2'},{'D3'},{'R2'},{'R3'},{'R1'},{'D5'},{'D1'},{'D6'},{'D7'},,&,1.0,&
{'D2'},{'D3'},{'R2'},{'R3'},{'R1'},{'D5'},{'D6'},,,,&,1.0,&
{'D2'},{'D3'},{'R2'},{'R3'},{'R1'},{'D6'},,,,,&,1.0,&
{'D2'},{'D3'},{'R2'},{'R3'},{'R1'},{'D6'},{'D1'},,,,&,1.0,&
{'D2'},{'D3'},{'R2'},{'R3'},{'R1'},{'D4'},{'D1'},{'D6'},{'D7'},{'D5'},&,1.0,&
{'D2'},{'D3'},{'R2'},{'R3'},{'R1'},{'D4'},{'D1'},{'D5'},,,&,1.0,&
{'D2'},{'D3'},{'R2'},{'R3'},{'D5'},,,,,,&,1.0,&
{'D2'},{'D3'},{'R2'},{'R3'},{'D5'},{'D1'},,,,,&,2.0,&
{'D2'},{'D3'},{'R2'},{'R3'},{'D5'},{'D1'},{'R1'},,,,&,1.0,&
{'D2'},{'D3'},{'R2'},{'R3'},{'D5'},{'D1'},{'R1'},{'D6'},,,&,1.0,&
{'D2'},{'D3'},{'R2'},{'R3'},{'D5'},{'D6'},{'R1'},{'D7'},{'D1'},{'D4'},&,1.0,&
{'D2'},{'D3'},{'R2'},{'R3'},{'D5'},{'R1'},{'D1'},{'D6'},,,&,1.0,&
{'D2'},{'D3'},{'R2'},{'R3'},{'D5'},{'R1'},{'D6'},{'D1'},{'D7'},,&,1.0,&
{'D2'},{'D3'},{'R2'},{'R3'},{'D1'},,,,,,&,11.0,&
{'D2'},{'D3'},{'R2'},{'R3'},{'D1'},{'D7'},{'D5'},{'D6'},{'D4'},,&,1.0,&
{'D2'},{'D3'},{'R2'},{'R3'},{'D1'},{'D7'},{'R1'},,,,&,1.0,&
{'D2'},{'D3'},{'R2'},{'R3'},{'D1'},{'D7'},{'R1'},{'D6'},,,&,1.0,&
{'D2'},{'D3'},{'R2'},{'R3'},{'D1'},{'D7'},{'R1'},{'D6'},{'D5'},,&,1.0,&
{'D2'},{'D3'},{'R2'},{'R3'},{'D1'},{'D7'},{'D6'},{'D5'},{'R1'},,&,1.0,&
{'D2'},{'D3'},{'R2'},{'R3'},{'D1'},{'D7'},{'D6'},{'R1'},{'D5'},,&,1.0,&
{'D2'},{'D3'},{'R2'},{'R3'},{'D1'},{'D5'},,,,,&,1.0,&
{'D2'},{'D3'},{'R2'},{'R3'},{'D1'},{'D5'},{'D7'},{'D6'},{'R1'},{'D4'},&,1.0,&
{'D2'},{'D3'},{'R2'},{'R3'},{'D1'},{'D5'},{'R1'},{'D6'},{'D4'},{'D7'},&,1.0,&
{'D2'},{'D3'},{'R2'},{'R3'},{'D1'},{'D5'},{'D6'},,,,&,1.0,&
{'D2'},{'D3'},{'R2'},{'R3'},{'D1'},{'D5'},{'D6'},{'D4'},{'D7'},,&,2.0,&
{'D2'},{'D3'},{'R2'},{'R3'},{'D1'},{'D6'},,,,,&,4.0,&
{'D2'},{'D3'},{'R2'},{'R3'},{'D1'},{'D6'},{'D7'},{'R1'},,,&,1.0,&
{'D2'},{'D3'},{'R2'},{'R3'},{'D1'},{'D6'},{'D5'},{'D7'},{'D4'},{'R1'},&,1.0,&
{'D2'},{'D3'},{'R2'},{'R3'},{'D1'},{'D6'},{'D5'},{'R1'},{'D7'},,&,1.0,&
{'D2'},{'D3'},{'R2'},{'R3'},{'D1'},{'D6'},{'R1'},{'D7'},{'D5'},,&,1.0,&
{'D2'},{'D3'},{'R2'},{'R3'},{'D1'},{'D6'},{'R1'},{'D5'},{'D4'},,&,1.0,&
{'D2'},{'D3'},{'R2'},{'R3'},{'D1'},{'D6'},{'D4'},{'D5'},{'R1'},,&,1.0,&
{'D2'},{'D3'},{'R2'},{'R3'},{'D1'},{'R1'},,,,,&,4.0,&
{'D2'},{'D3'},{'R2'},{'R3'},{'D1'},{'R1'},{'D5'},{'D6'},{'D7'},{'D4'},&,2.0,&
{'D2'},{'D3'},{'R2'},{'R3'},{'D1'},{'R1'},{'D5'},{'D7'},{'D6'},{'D4'},&,1.0,&
{'D2'},{'D3'},{'R2'},{'R3'},{'D1'},{'R1'},{'D6'},,,,&,1.0,&
{'D2'},{'D3'},{'R2'},{'R3'},{'D1'},{'R1'},{'D6'},{'D7'},{'D4'},{'D5'},&,1.0,&
{'D2'},{'D3'},{'R2'},{'R3'},{'D1'},{'R1'},{'D4'},,,,&,1.0,&
{'D2'},{'D3'},{'R2'},{'R3'},{'D4'},{'D1'},,,,,&,1.0,&
{'D2'},{'D3'},{'R2'},{'D6'},,,,,,,&,9.0,&
{'D2'},{'D3'},{'R2'},{'D6'},{'D7'},{'D1'},,,,,&,1.0,&
{'D2'},{'D3'},{'R2'},{'D6'},{'D7'},{'R1'},{'D1'},{'R3'},{'D5'},,&,1.0,&
{'D2'},{'D3'},{'R2'},{'D6'},{'R1'},{'D1'},,,,,&,1.0,&
{'D2'},{'D3'},{'R2'},{'D6'},{'R1'},{'D5'},,,,,&,1.0,&
{'D2'},{'D3'},{'R2'},{'D6'},{'R1'},{'R3'},{'D1'},,,,&,1.0,&
{'D2'},{'D3'},{'R2'},{'D6'},{'D5'},{'D1'},{'R3'},{'R1'},{'D7'},,&,1.0,&
{'D2'},{'D3'},{'R2'},{'D6'},{'D5'},{'D7'},{'R3'},{'D1'},{'D4'},,&,1.0,&
{'D2'},{'D3'},{'R2'},{'D6'},{'D5'},{'D7'},{'D1'},{'D4'},{'R1'},{'R3'},&,1.0,&
{'D2'},{'D3'},{'R2'},{'D6'},{'R3'},,,,,,&,3.0,&
{'D2'},{'D3'},{'R2'},{'D6'},{'R3'},{'D1'},,,,,&,1.0,&
{'D2'},{'D3'},{'R2'},{'D6'},{'R3'},{'D1'},{'R1'},{'D7'},,,&,1.0,&
{'D2'},{'D3'},{'R2'},{'D6'},{'R3'},{'D1'},{'R1'},{'D5'},{'D7'},{'D4'},&,1.0,&
{'D2'},{'D3'},{'R2'},{'D6'},{'R3'},{'D7'},{'R1'},,,,&,1.0,&
{'D2'},{'D3'},{'R2'},{'D6'},{'R3'},{'D5'},{'R1'},,,,&,1.0,&
{'D2'},{'D3'},{'R2'},{'D6'},{'R3'},{'R1'},{'D5'},,,,&,1.0,&
{'D2'},{'D3'},{'R2'},{'D6'},{'R3'},{'R1'},{'D1'},{'D7'},{'D5'},{'D4'},&,1.0,&
{'D2'},{'D3'},{'R2'},{'D6'},{'D1'},{'D7'},{'R3'},{'R1'},{'D5'},{'D4'},&,1.0,&
{'D2'},{'D3'},{'R2'},{'D6'},{'D1'},{'D7'},{'D5'},{'R3'},{'R1'},{'D4'},&,1.0,&
{'D2'},{'D3'},{'R2'},{'D6'},{'D1'},{'D5'},,,,,&,1.0,&
{'D2'},{'D3'},{'R2'},{'D6'},{'D1'},{'D5'},{'D7'},{'D4'},{'R3'},,&,1.0,&
{'D2'},{'D3'},{'R2'},{'D6'},{'D1'},{'D5'},{'D7'},{'R3'},,,&,1.0,&
{'D2'},{'D3'},{'R2'},{'D6'},{'D1'},{'R3'},{'D7'},{'D5'},,,&,1.0,&
{'D2'},{'D3'},{'R2'},{'D6'},{'D1'},{'R3'},{'D5'},{'D7'},{'D4'},{'R1'},&,1.0,&
{'D2'},{'D3'},{'R2'},{'D6'},{'D1'},{'R3'},{'D5'},{'R1'},{'D7'},,&,1.0,&
{'D2'},{'D3'},{'R2'},{'D6'},{'D1'},{'D4'},{'D7'},{'D5'},{'R3'},{'R1'},&,1.0,&
{'D2'},{'D3'},{'D4'},,,,,,,,&,9.0,&
{'D2'},{'D3'},{'D4'},{'R2'},,,,,,,&,1.0,&
{'D2'},{'D3'},{'D4'},{'R2'},{'D7'},{'D1'},,,,,&,1.0,&
{'D2'},{'D3'},{'D4'},{'R2'},{'D5'},,,,,,&,1.0,&
{'D2'},{'D3'},{'D4'},{'R2'},{'R3'},,,,,,&,1.0,&
{'D2'},{'D3'},{'D4'},{'R2'},{'R3'},{'D1'},{'D6'},{'D7'},{'D5'},{'R1'},&,1.0,&
{'D2'},{'D3'},{'D4'},{'R2'},{'R3'},{'R1'},{'D1'},{'D6'},{'D5'},{'D7'},&,1.0,&
{'D2'},{'D3'},{'D4'},{'R2'},{'D1'},{'D6'},,,,,&,1.0,&
{'D2'},{'D3'},{'D4'},{'R2'},{'D1'},{'R3'},{'R1'},,,,&,1.0,&
{'D2'},{'D3'},{'D4'},{'D1'},,,,,,,&,3.0,&
{'D2'},{'D3'},{'D4'},{'D1'},{'D6'},,,,,,&,1.0,&
{'D2'},{'D3'},{'D4'},{'D1'},{'D6'},{'D7'},{'R2'},{'D5'},,,&,1.0,&
{'D2'},{'D3'},{'D4'},{'D1'},{'D6'},{'R3'},,,,,&,1.0,&
{'D2'},{'D3'},{'D4'},{'D1'},{'D7'},,,,,,&,1.0,&
{'D2'},{'D3'},{'D4'},{'D1'},{'D5'},{'R2'},{'R3'},{'D7'},{'D6'},,&,1.0,&
{'D2'},{'D3'},{'D4'},{'D1'},{'D5'},{'R2'},{'R1'},,,,&,1.0,&
{'D2'},{'D3'},{'D4'},{'D1'},{'R3'},,,,,,&,1.0,&
{'D2'},{'D3'},{'D4'},{'D1'},{'R3'},{'D5'},{'R1'},{'D6'},{'D7'},{'R2'},&,1.0,&
{'D2'},{'D3'},{'D4'},{'D1'},{'R3'},{'R2'},{'D6'},{'D5'},,,&,1.0,&
{'D2'},{'D3'},{'D4'},{'D1'},{'R2'},,,,,,&,1.0,&
{'D2'},{'D3'},{'D4'},{'D1'},{'R2'},{'D7'},,,,,&,1.0,&
{'D2'},{'D3'},{'D4'},{'D1'},{'R2'},{'D5'},{'D6'},{'D7'},,,&,1.0,&
{'D2'},{'D3'},{'D4'},{'D1'},{'R2'},{'R3'},,,,,&,1.0,&
{'D2'},{'D3'},{'D4'},{'D7'},,,,,,,&,2.0,&
{'D2'},{'D3'},{'D4'},{'D7'},{'R3'},{'D6'},,,,,&,1.0,&
{'D2'},{'D3'},{'D4'},{'R1'},{'D7'},{'D1'},{'R3'},,,,&,1.0,&
{'D2'},{'D3'},{'D4'},{'R1'},{'R3'},{'D1'},{'D5'},{'D6'},,,&,1.0,&
{'D2'},{'D3'},{'D4'},{'R1'},{'D1'},,,,,,&,1.0,&
{'D2'},{'D3'},{'D4'},{'R1'},{'R2'},{'D5'},{'D1'},{'D6'},,,&,1.0,&
{'D2'},{'D3'},{'D4'},{'R1'},{'R2'},{'R3'},,,,,&,1.0,&
{'D2'},{'D3'},{'D4'},{'R3'},,,,,,,&,1.0,&
{'D2'},{'D3'},{'D4'},{'R3'},{'D6'},{'D7'},{'R2'},,,,&,1.0,&
{'D2'},{'D3'},{'D4'},{'R3'},{'D1'},,,,,,&,1.0,&
{'D2'},{'D3'},{'D4'},{'R3'},{'D1'},{'D6'},{'D7'},{'R2'},,,&,1.0,&
{'D2'},{'D3'},{'D4'},{'R3'},{'R2'},{'D5'},,,,,&,1.0,&
{'D2'},{'D3'},{'D4'},{'R3'},{'R2'},{'R1'},,,,,&,1.0,&
{'D2'},{'D3'},{'D4'},{'D6'},,,,,,,&,1.0,&
{'D2'},{'D3'},{'D4'},{'D6'},{'D1'},{'R2'},,,,,&,1.0,&
{'D2'},{'D3'},{'D4'},{'D6'},{'R2'},{'D1'},{'D7'},,,,&,1.0,&
{'D2'},{'D3'},{'D4'},{'D6'},{'R2'},{'R3'},{'D5'},,,,&,1.0,&
{'D2'},{'D7'},,,,,,,,,&,41.0,&
{'D2'},{'D7'},{'R1'},,,,,,,,&,1.0,&
{'D2'},{'D7'},{'R1'},{'R2'},{'R3'},{'D1'},,,,,&,1.0,&
{'D2'},{'D7'},{'R1'},{'D1'},{'D3'},,,,,,&,1.0,&
{'D2'},{'D7'},{'R1'},{'D1'},{'R3'},,,,,,&,1.0,&
{'D2'},{'D7'},{'R1'},{'D1'},{'R3'},{'D3'},{'R2'},,,,&,1.0,&
{'D2'},{'D7'},{'R1'},{'D1'},{'R2'},,,,,,&,1.0,&
{'D2'},{'D7'},{'R1'},{'D5'},,,,,,,&,1.0,&
{'D2'},{'D7'},{'R1'},{'D4'},{'R3'},{'D3'},{'R2'},,,,&,1.0,&
{'D2'},{'D7'},{'R1'},{'R3'},,,,,,,&,1.0,&
{'D2'},{'D7'},{'R1'},{'R3'},{'D3'},,,,,,&,1.0,&
{'D2'},{'D7'},{'R1'},{'R3'},{'D1'},{'D6'},,,,,&,1.0,&
{'D2'},{'D7'},{'R1'},{'R3'},{'R2'},{'D1'},,,,,&,1.0,&
{'D2'},{'D7'},{'R1'},{'R3'},{'R2'},{'D3'},,,,,&,1.0,&
{'D2'},{'D7'},{'R1'},{'D6'},{'D3'},{'D1'},{'D5'},{'R2'},{'R3'},,&,1.0,&
{'D2'},{'D7'},{'D6'},,,,,,,,&,7.0,&
{'D2'},{'D7'},{'D6'},{'R2'},,,,,,,&,1.0,&
{'D2'},{'D7'},{'D6'},{'R2'},{'D3'},,,,,,&,2.0,&
{'D2'},{'D7'},{'D6'},{'R2'},{'D3'},{'R3'},{'D1'},,,,&,1.0,&
{'D2'},{'D7'},{'D6'},{'R2'},{'R3'},,,,,,&,1.0,&
{'D2'},{'D7'},{'D6'},{'R2'},{'R3'},{'D3'},{'D1'},{'R1'},{'D5'},{'D4'},&,1.0,&
{'D2'},{'D7'},{'D6'},{'R2'},{'R3'},{'R1'},,,,,&,1.0,&
{'D2'},{'D7'},{'D6'},{'R2'},{'R3'},{'R1'},{'D3'},{'D1'},{'D4'},,&,1.0,&
{'D2'},{'D7'},{'D6'},{'D1'},,,,,,,&,1.0,&
{'D2'},{'D7'},{'D6'},{'D1'},{'D3'},,,,,,&,3.0,&
{'D2'},{'D7'},{'D6'},{'D1'},{'D3'},{'R2'},,,,,&,1.0,&
{'D2'},{'D7'},{'D6'},{'D1'},{'D4'},{'R3'},,,,,&,1.0,&
{'D2'},{'D7'},{'D6'},{'D5'},{'D1'},{'R2'},{'D3'},,,,&,1.0,&
{'D2'},{'D7'},{'D6'},{'D5'},{'R2'},,,,,,&,1.0,&
{'D2'},{'D7'},{'D6'},{'D3'},,,,,,,&,1.0,&
{'D2'},{'D7'},{'D6'},{'D3'},{'D1'},,,,,,&,1.0,&
{'D2'},{'D7'},{'D6'},{'D3'},{'D1'},{'R2'},,,,,&,1.0,&
{'D2'},{'D7'},{'D6'},{'D3'},{'D1'},{'R3'},{'D5'},{'D4'},,,&,1.0,&
{'D2'},{'D7'},{'D6'},{'D4'},,,,,,,&,1.0,&
{'D2'},{'D7'},{'D6'},{'R1'},{'R2'},{'R3'},{'D1'},,,,&,1.0,&
{'D2'},{'D7'},{'D6'},{'R3'},,,,,,,&,1.0,&
{'D2'},{'D7'},{'D6'},{'R3'},{'D3'},,,,,,&,1.0,&
{'D2'},{'D7'},{'D6'},{'R3'},{'D1'},,,,,,&,1.0,&
{'D2'},{'D7'},{'D6'},{'R3'},{'D1'},{'R2'},{'R1'},{'D4'},,,&,1.0,&
{'D2'},{'D7'},{'D6'},{'R3'},{'R2'},{'R1'},{'D1'},,,,&,1.0,&
{'D2'},{'D7'},{'D3'},,,,,,,,&,16.0,&
{'D2'},{'D7'},{'D3'},{'R2'},,,,,,,&,1.0,&
{'D2'},{'D7'},{'D3'},{'R2'},{'D6'},,,,,,&,1.0,&
{'D2'},{'D7'},{'D3'},{'R2'},{'D6'},{'D1'},{'D5'},{'R3'},{'R1'},,&,1.0,&
{'D2'},{'D7'},{'D3'},{'R2'},{'D6'},{'R3'},{'D1'},{'R1'},,,&,1.0,&
{'D2'},{'D7'},{'D3'},{'R2'},{'R1'},{'D1'},{'R3'},,,,&,1.0,&
{'D2'},{'D7'},{'D3'},{'R2'},{'R3'},{'D1'},{'R1'},{'D4'},{'D6'},{'D5'},&,1.0,&
{'D2'},{'D7'},{'D3'},{'R2'},{'R3'},{'D1'},{'D6'},{'D4'},{'D5'},,&,1.0,&
{'D2'},{'D7'},{'D3'},{'R2'},{'R3'},{'D6'},{'D5'},,,,&,1.0,&
{'D2'},{'D7'},{'D3'},{'R2'},{'D1'},{'D5'},{'D6'},{'D4'},{'R3'},{'R1'},&,1.0,&
{'D2'},{'D7'},{'D3'},{'R2'},{'D1'},{'D6'},{'D5'},{'D4'},{'R3'},,&,1.0,&
{'D2'},{'D7'},{'D3'},{'R2'},{'D1'},{'D4'},,,,,&,1.0,&
{'D2'},{'D7'},{'D3'},{'D1'},,,,,,,&,3.0,&
{'D2'},{'D7'},{'D3'},{'D1'},{'D6'},{'D5'},{'D4'},{'R3'},{'R2'},{'R1'},&,1.0,&
{'D2'},{'D7'},{'D3'},{'D1'},{'D6'},{'R2'},{'R3'},{'D5'},{'D4'},{'R1'},&,1.0,&
{'D2'},{'D7'},{'D3'},{'D1'},{'D6'},{'R1'},,,,,&,1.0,&
{'D2'},{'D7'},{'D3'},{'D1'},{'D6'},{'D4'},{'R2'},,,,&,1.0,&
{'D2'},{'D7'},{'D3'},{'D1'},{'R1'},,,,,,&,1.0,&
{'D2'},{'D7'},{'D3'},{'D1'},{'R1'},{'D5'},,,,,&,1.0,&
{'D2'},{'D7'},{'D3'},{'D1'},{'R1'},{'R2'},,,,,&,1.0,&
{'D2'},{'D7'},{'D3'},{'D1'},{'D5'},,,,,,&,2.0,&
{'D2'},{'D7'},{'D3'},{'D1'},{'D5'},{'D6'},{'R3'},,,,&,1.0,&
{'D2'},{'D7'},{'D3'},{'D1'},{'R3'},{'R2'},,,,,&,1.0,&
{'D2'},{'D7'},{'D3'},{'D1'},{'R3'},{'R2'},{'D5'},{'R1'},{'D4'},{'D6'},&,1.0,&
{'D2'},{'D7'},{'D3'},{'D1'},{'R3'},{'R2'},{'D6'},,,,&,1.0,&
{'D2'},{'D7'},{'D3'},{'D1'},{'R3'},{'D6'},{'D5'},,,,&,1.0,&
{'D2'},{'D7'},{'D3'},{'D1'},{'R2'},,,,,,&,2.0,&
{'D2'},{'D7'},{'D3'},{'D1'},{'R2'},{'R3'},{'R1'},{'D6'},,,&,1.0,&
{'D2'},{'D7'},{'D3'},{'D1'},{'R2'},{'R3'},{'D6'},{'D5'},{'R1'},,&,1.0,&
{'D2'},{'D7'},{'D3'},{'D5'},,,,,,,&,1.0,&
{'D2'},{'D7'},{'D3'},{'D5'},{'R1'},{'R2'},{'D1'},{'R3'},{'D6'},,&,1.0,&
{'D2'},{'D7'},{'D3'},{'D4'},{'D1'},{'R2'},{'R3'},{'D6'},{'D5'},{'R1'},&,1.0,&
{'D2'},{'D7'},{'D3'},{'R1'},{'R3'},{'D1'},{'D5'},{'R2'},{'D6'},{'D4'},&,1.0,&
{'D2'},{'D7'},{'D3'},{'R1'},{'R3'},{'R2'},,,,,&,1.0,&
{'D2'},{'D7'},{'D3'},{'R1'},{'D1'},{'D5'},{'D6'},{'D4'},,,&,1.0,&
{'D2'},{'D7'},{'D3'},{'R1'},{'D1'},{'D6'},{'D5'},{'D4'},{'R3'},,&,1.0,&
{'D2'},{'D7'},{'D3'},{'R1'},{'R2'},{'R3'},{'D1'},{'D6'},,,&,1.0,&
{'D2'},{'D7'},{'D3'},{'R3'},,,,,,,&,1.0,&
{'D2'},{'D7'},{'D3'},{'R3'},{'D6'},{'D1'},{'D5'},{'D4'},,,&,1.0,&
{'D2'},{'D7'},{'D3'},{'R3'},{'D6'},{'D1'},{'R2'},{'D5'},{'D4'},,&,1.0,&
{'D2'},{'D7'},{'D3'},{'R3'},{'D6'},{'D1'},{'R2'},{'R1'},,,&,1.0,&
{'D2'},{'D7'},{'D3'},{'R3'},{'D5'},{'D6'},,,,,&,1.0,&
{'D2'},{'D7'},{'D3'},{'R3'},{'D1'},,,,,,&,1.0,&
{'D2'},{'D7'},{'D3'},{'R3'},{'D1'},{'D5'},{'D6'},,,,&,1.0,&
{'D2'},{'D7'},{'D3'},{'R3'},{'D1'},{'R2'},,,,,&,1.0,&
{'D2'},{'D7'},{'D3'},{'R3'},{'D1'},{'D6'},,,,,&,1.0,&
{'D2'},{'D7'},{'D3'},{'R3'},{'D1'},{'D6'},{'D5'},{'R1'},{'R2'},,&,1.0,&
{'D2'},{'D7'},{'D3'},{'R3'},{'R2'},{'D1'},{'R1'},,,,&,1.0,&
{'D2'},{'D7'},{'D3'},{'R3'},{'R2'},{'D1'},{'R1'},{'D6'},,,&,1.0,&
{'D2'},{'D7'},{'D3'},{'R3'},{'R2'},{'D1'},{'R1'},{'D6'},{'D4'},{'D5'},&,1.0,&
{'D2'},{'D7'},{'D3'},{'R3'},{'R2'},{'D5'},{'D4'},,,,&,1.0,&
{'D2'},{'D7'},{'D3'},{'R3'},{'R2'},{'R1'},,,,,&,1.0,&
{'D2'},{'D7'},{'D3'},{'D6'},,,,,,,&,2.0,&
{'D2'},{'D7'},{'D3'},{'D6'},{'D1'},{'D5'},{'R2'},{'D4'},{'R3'},{'R1'},&,1.0,&
{'D2'},{'D7'},{'D3'},{'D6'},{'D1'},{'D5'},{'D4'},{'R2'},{'R3'},,&,1.0,&
{'D2'},{'D7'},{'D3'},{'D6'},{'D1'},{'R2'},{'R1'},{'D5'},{'D4'},,&,1.0,&
{'D2'},{'D7'},{'D3'},{'D6'},{'R2'},,,,,,&,1.0,&
{'D2'},{'D7'},{'D5'},,,,,,,,&,3.0,&
{'D2'},{'D7'},{'D5'},{'R2'},,,,,,,&,1.0,&
{'D2'},{'D7'},{'D5'},{'R2'},{'R3'},{'D6'},{'D1'},{'D3'},{'D4'},,&,1.0,&
{'D2'},{'D7'},{'D5'},{'R2'},{'R3'},{'D3'},{'R1'},,,,&,1.0,&
{'D2'},{'D7'},{'D5'},{'D1'},,,,,,,&,1.0,&
{'D2'},{'D7'},{'D5'},{'D1'},{'D3'},,,,,,&,1.0,&
{'D2'},{'D7'},{'D5'},{'D1'},{'R2'},{'D3'},,,,,&,1.0,&
{'D2'},{'D7'},{'D5'},{'D3'},{'D1'},{'R2'},{'R3'},,,,&,1.0,&
{'D2'},{'D7'},{'D5'},{'D3'},{'D1'},{'D6'},{'D4'},{'R2'},{'R3'},,&,1.0,&
{'D2'},{'D7'},{'D5'},{'D3'},{'R2'},{'R3'},{'R1'},{'D1'},{'D6'},{'D4'},&,1.0,&
{'D2'},{'D7'},{'D5'},{'D4'},{'R3'},{'R2'},{'D3'},{'D1'},{'R1'},{'D6'},&,1.0,&
{'D2'},{'D7'},{'D5'},{'R3'},{'D3'},{'R2'},{'D1'},{'R1'},,,&,1.0,&
{'D2'},{'D7'},{'D5'},{'R3'},{'R1'},{'R2'},,,,,&,1.0,&
{'D2'},{'D7'},{'D5'},{'R3'},{'D1'},{'R2'},,,,,&,1.0,&
{'D2'},{'D7'},{'D5'},{'R3'},{'D1'},{'R2'},{'D3'},{'D6'},{'D4'},{'R1'},&,1.0,&
{'D2'},{'D7'},{'D5'},{'R3'},{'R2'},{'R1'},,,,,&,1.0,&
{'D2'},{'D7'},{'D1'},,,,,,,,&,22.0,&
{'D2'},{'D7'},{'D1'},{'R2'},,,,,,,&,3.0,&
{'D2'},{'D7'},{'D1'},{'R2'},{'D6'},,,,,,&,2.0,&
{'D2'},{'D7'},{'D1'},{'R2'},{'D6'},{'R3'},{'D3'},{'R1'},,,&,1.0,&
{'D2'},{'D7'},{'D1'},{'R2'},{'D6'},{'R3'},{'D3'},{'R1'},{'D5'},,&,1.0,&
{'D2'},{'D7'},{'D1'},{'R2'},{'D3'},,,,,,&,3.0,&
{'D2'},{'D7'},{'D1'},{'R2'},{'D3'},{'D6'},,,,,&,1.0,&
{'D2'},{'D7'},{'D1'},{'R2'},{'D3'},{'D6'},{'D5'},{'D4'},,,&,1.0,&
{'D2'},{'D7'},{'D1'},{'R2'},{'D3'},{'R3'},,,,,&,1.0,&
{'D2'},{'D7'},{'D1'},{'R2'},{'R1'},,,,,,&,1.0,&
{'D2'},{'D7'},{'D1'},{'R2'},{'R1'},{'R3'},{'D3'},,,,&,1.0,&
{'D2'},{'D7'},{'D1'},{'R2'},{'D5'},{'D3'},{'D6'},,,,&,1.0,&
{'D2'},{'D7'},{'D1'},{'R2'},{'R3'},,,,,,&,1.0,&
{'D2'},{'D7'},{'D1'},{'R2'},{'R3'},{'D6'},{'D3'},{'R1'},{'D4'},,&,1.0,&
{'D2'},{'D7'},{'D1'},{'R2'},{'R3'},{'D3'},{'D6'},,,,&,1.0,&
{'D2'},{'D7'},{'D1'},{'R2'},{'R3'},{'R1'},,,,,&,1.0,&
{'D2'},{'D7'},{'D1'},{'R2'},{'D4'},,,,,,&,1.0,&
{'D2'},{'D7'},{'D1'},{'R2'},{'D4'},{'D6'},{'D5'},{'D3'},,,&,1.0,&
{'D2'},{'D7'},{'D1'},{'D5'},{'D3'},,,,,,&,1.0,&
{'D2'},{'D7'},{'D1'},{'D5'},{'R3'},{'D3'},{'D6'},{'R2'},{'R1'},,&,1.0,&
{'D2'},{'D7'},{'D1'},{'D5'},{'R2'},,,,,,&,1.0,&
{'D2'},{'D7'},{'D1'},{'D3'},,,,,,,&,3.0,&
{'D2'},{'D7'},{'D1'},{'D3'},{'D6'},,,,,,&,1.0,&
{'D2'},{'D7'},{'D1'},{'D3'},{'D6'},{'D5'},{'R3'},{'D4'},,,&,1.0,&
{'D2'},{'D7'},{'D1'},{'D3'},{'D6'},{'R2'},{'D5'},{'R3'},{'D4'},{'R1'},&,1.0,&
{'D2'},{'D7'},{'D1'},{'D3'},{'D6'},{'R3'},{'R2'},{'D5'},{'D4'},,&,1.0,&
{'D2'},{'D7'},{'D1'},{'D3'},{'D5'},{'R2'},{'R3'},{'R1'},{'D6'},{'D4'},&,1.0,&
{'D2'},{'D7'},{'D1'},{'D3'},{'D5'},{'D6'},,,,,&,1.0,&
{'D2'},{'D7'},{'D1'},{'D3'},{'D5'},{'D6'},{'R2'},{'D4'},{'R3'},{'R1'},&,1.0,&
{'D2'},{'D7'},{'D1'},{'D3'},{'D5'},{'D6'},{'D4'},{'R2'},{'R3'},{'R1'},&,1.0,&
{'D2'},{'D7'},{'D1'},{'D3'},{'R3'},{'D5'},{'R2'},{'D4'},{'D6'},{'R1'},&,1.0,&
{'D2'},{'D7'},{'D1'},{'D3'},{'R3'},{'R2'},{'D5'},{'D6'},{'D4'},,&,1.0,&
{'D2'},{'D7'},{'D1'},{'D3'},{'R3'},{'R2'},{'R1'},,,,&,1.0,&
{'D2'},{'D7'},{'D1'},{'D3'},{'R3'},{'R2'},{'R1'},{'D6'},{'D5'},,&,1.0,&
{'D2'},{'D7'},{'D1'},{'D3'},{'R2'},,,,,,&,1.0,&
{'D2'},{'D7'},{'D1'},{'D3'},{'R2'},{'D6'},{'R3'},{'D5'},{'R1'},{'D4'},&,1.0,&
{'D2'},{'D7'},{'D1'},{'D3'},{'R2'},{'D6'},{'D5'},{'R1'},{'D4'},{'R3'},&,1.0,&
{'D2'},{'D7'},{'D1'},{'D3'},{'R2'},{'R3'},,,,,&,1.0,&
{'D2'},{'D7'},{'D1'},{'D4'},{'R2'},{'R3'},,,,,&,1.0,&
{'D2'},{'D7'},{'D1'},{'R1'},,,,,,,&,2.0,&
{'D2'},{'D7'},{'D1'},{'R1'},{'D6'},{'R3'},,,,,&,1.0,&
{'D2'},{'D7'},{'D1'},{'R1'},{'R2'},{'D3'},,,,,&,1.0,&
{'D2'},{'D7'},{'D1'},{'R1'},{'R2'},{'D3'},{'R3'},{'D5'},{'D6'},{'D4'},&,1.0,&
{'D2'},{'D7'},{'D1'},{'R3'},,,,,,,&,2.0,&
{'D2'},{'D7'},{'D1'},{'R3'},{'D3'},,,,,,&,2.0,&
{'D2'},{'D7'},{'D1'},{'R3'},{'D3'},{'D5'},{'R2'},{'D6'},{'R1'},,&,1.0,&
{'D2'},{'D7'},{'D1'},{'R3'},{'R1'},{'D3'},{'R2'},{'D5'},{'D4'},{'D6'},&,1.0,&
{'D2'},{'D7'},{'D1'},{'R3'},{'R2'},,,,,,&,1.0,&
{'D2'},{'D7'},{'D1'},{'R3'},{'R2'},{'D3'},{'R1'},,,,&,1.0,&
{'D2'},{'D7'},{'D1'},{'R3'},{'R2'},{'D3'},{'R1'},{'D5'},{'D6'},,&,1.0,&
{'D2'},{'D7'},{'D1'},{'R3'},{'R2'},{'R1'},,,,,&,1.0,&
{'D2'},{'D7'},{'D1'},{'R3'},{'R2'},{'R1'},{'D3'},{'D6'},{'D5'},{'D4'},&,1.0,&
{'D2'},{'D7'},{'D1'},{'D6'},,,,,,,&,2.0,&
{'D2'},{'D7'},{'D1'},{'D6'},{'D3'},,,,,,&,1.0,&
{'D2'},{'D7'},{'D1'},{'D6'},{'D5'},{'D3'},,,,,&,1.0,&
{'D2'},{'D7'},{'D1'},{'D6'},{'R2'},,,,,,&,1.0,&
{'D2'},{'D7'},{'D1'},{'D6'},{'R2'},{'R3'},,,,,&,1.0,&
{'D2'},{'D7'},{'D1'},{'D6'},{'R2'},{'D3'},{'D5'},{'D4'},{'R1'},{'R3'},&,1.0,&
{'D2'},{'D7'},{'D1'},{'D6'},{'R2'},{'D3'},{'R1'},{'R3'},{'D5'},{'D4'},&,1.0,&
{'D2'},{'D7'},{'R3'},,,,,,,,&,13.0,&
{'D2'},{'D7'},{'R3'},{'R2'},,,,,,,&,1.0,&
{'D2'},{'D7'},{'R3'},{'R2'},{'D6'},{'D1'},{'D3'},{'D5'},{'D4'},,&,1.0,&
{'D2'},{'D7'},{'R3'},{'R2'},{'D3'},,,,,,&,1.0,&
{'D2'},{'D7'},{'R3'},{'R2'},{'D3'},{'D1'},{'R1'},,,,&,3.0,&
{'D2'},{'D7'},{'R3'},{'R2'},{'R1'},,,,,,&,2.0,&
{'D2'},{'D7'},{'R3'},{'R2'},{'R1'},{'D1'},,,,,&,1.0,&
{'D2'},{'D7'},{'R3'},{'R2'},{'R1'},{'D1'},{'D4'},{'D3'},,,&,1.0,&
{'D2'},{'D7'},{'R3'},{'R2'},{'R1'},{'D1'},{'D3'},,,,&,1.0,&
{'D2'},{'D7'},{'R3'},{'R2'},{'R1'},{'D1'},{'D3'},{'D6'},{'D5'},{'D4'},&,1.0,&
{'D2'},{'D7'},{'R3'},{'R2'},{'R1'},{'D5'},{'D6'},,,,&,1.0,&
{'D2'},{'D7'},{'R3'},{'R2'},{'R1'},{'D5'},{'D3'},,,,&,1.0,&
{'D2'},{'D7'},{'R3'},{'R2'},{'R1'},{'D3'},{'D1'},{'D5'},{'D6'},{'D4'},&,1.0,&
{'D2'},{'D7'},{'R3'},{'R2'},{'D1'},,,,,,&,3.0,&
{'D2'},{'D7'},{'R3'},{'R2'},{'D1'},{'R1'},{'D3'},{'D5'},,,&,1.0,&
{'D2'},{'D7'},{'R3'},{'R2'},{'D1'},{'D4'},{'D5'},{'R1'},{'D3'},{'D6'},&,1.0,&
{'D2'},{'D7'},{'R3'},{'D1'},,,,,,,&,5.0,&
{'D2'},{'D7'},{'R3'},{'D1'},{'D6'},{'D5'},{'R2'},{'R1'},,,&,1.0,&
{'D2'},{'D7'},{'R3'},{'D1'},{'D6'},{'R2'},{'R1'},{'D3'},{'D5'},{'D4'},&,1.0,&
{'D2'},{'D7'},{'R3'},{'D1'},{'D3'},,,,,,&,2.0,&
{'D2'},{'D7'},{'R3'},{'D1'},{'D3'},{'D5'},,,,,&,1.0,&
{'D2'},{'D7'},{'R3'},{'D1'},{'D3'},{'D5'},{'D6'},{'D4'},,,&,1.0,&
{'D2'},{'D7'},{'R3'},{'D1'},{'D3'},{'R2'},{'R1'},{'D6'},{'D5'},,&,1.0,&
{'D2'},{'D7'},{'R3'},{'D1'},{'D3'},{'D6'},,,,,&,1.0,&
{'D2'},{'D7'},{'R3'},{'D1'},{'D3'},{'D4'},{'D6'},{'D5'},{'R2'},{'R1'},&,1.0,&
{'D2'},{'D7'},{'R3'},{'D1'},{'R1'},{'R2'},{'D3'},{'D6'},{'D4'},,&,1.0,&
{'D2'},{'D7'},{'R3'},{'D1'},{'R1'},{'D3'},,,,,&,1.0,&
{'D2'},{'D7'},{'R3'},{'D1'},{'R1'},{'D3'},{'R2'},{'D5'},,,&,1.0,&
{'D2'},{'D7'},{'R3'},{'D1'},{'R2'},,,,,,&,1.0,&
{'D2'},{'D7'},{'R3'},{'D1'},{'R2'},{'D3'},{'D6'},{'R1'},{'D4'},{'D5'},&,1.0,&
{'D2'},{'D7'},{'R3'},{'D1'},{'R2'},{'R1'},,,,,&,1.0,&
{'D2'},{'D7'},{'R3'},{'D1'},{'R2'},{'R1'},{'D5'},,,,&,1.0,&
{'D2'},{'D7'},{'R3'},{'D5'},{'D3'},,,,,,&,1.0,&
{'D2'},{'D7'},{'R3'},{'D5'},{'D3'},{'R2'},,,,,&,1.0,&
{'D2'},{'D7'},{'R3'},{'D5'},{'D1'},{'D3'},,,,,&,1.0,&
{'D2'},{'D7'},{'R3'},{'D5'},{'R2'},{'D6'},{'D1'},,,,&,1.0,&
{'D2'},{'D7'},{'R3'},{'D3'},,,,,,,&,6.0,&
{'D2'},{'D7'},{'R3'},{'D3'},{'D6'},{'D5'},,,,,&,1.0,&
{'D2'},{'D7'},{'R3'},{'D3'},{'R1'},{'R2'},,,,,&,1.0,&
{'D2'},{'D7'},{'R3'},{'D3'},{'D5'},{'D1'},{'D6'},{'R1'},,,&,1.0,&
{'D2'},{'D7'},{'R3'},{'D3'},{'D5'},{'R1'},{'R2'},{'D1'},{'D6'},,&,1.0,&
{'D2'},{'D7'},{'R3'},{'D3'},{'D1'},{'D5'},{'D6'},{'R2'},,,&,1.0,&
{'D2'},{'D7'},{'R3'},{'D3'},{'D1'},{'R2'},{'D6'},{'D5'},,,&,1.0,&
{'D2'},{'D7'},{'R3'},{'D3'},{'R2'},{'R1'},,,,,&,1.0,&
{'D2'},{'D7'},{'R3'},{'D3'},{'R2'},{'R1'},{'D1'},{'D6'},{'D5'},{'D4'},&,1.0,&
{'D2'},{'D7'},{'R3'},{'D4'},,,,,,,&,1.0,&
{'D2'},{'D7'},{'R3'},{'R1'},,,,,,,&,3.0,&
{'D2'},{'D7'},{'R3'},{'D6'},{'D3'},{'D5'},{'R2'},{'D1'},,,&,1.0,&
{'D2'},{'D7'},{'R2'},,,,,,,,&,19.0,&
{'D2'},{'D7'},{'R2'},{'D1'},{'D6'},{'R3'},,,,,&,1.0,&
{'D2'},{'D7'},{'R2'},{'D1'},{'D6'},{'R3'},{'R1'},{'D5'},{'D3'},,&,1.0,&
{'D2'},{'D7'},{'R2'},{'D1'},{'D3'},{'D5'},{'R3'},{'R1'},{'D4'},{'D6'},&,1.0,&
{'D2'},{'D7'},{'R2'},{'D1'},{'D3'},{'D5'},{'D6'},{'D4'},,,&,1.0,&
{'D2'},{'D7'},{'R2'},{'D1'},{'D3'},{'R3'},{'D5'},{'D6'},{'D4'},{'R1'},&,1.0,&
{'D2'},{'D7'},{'R2'},{'D1'},{'D3'},{'R3'},{'D6'},,,,&,1.0,&
{'D2'},{'D7'},{'R2'},{'D1'},{'R1'},{'D3'},,,,,&,1.0,&
{'D2'},{'D7'},{'R2'},{'D1'},{'D5'},{'D3'},,,,,&,2.0,&
{'D2'},{'D7'},{'R2'},{'D1'},{'D5'},{'D3'},{'R3'},{'D4'},,,&,1.0,&
{'D2'},{'D7'},{'R2'},{'D1'},{'R3'},{'D5'},{'D3'},{'R1'},{'D6'},,&,1.0,&
{'D2'},{'D7'},{'R2'},{'D1'},{'R3'},{'D6'},{'D3'},{'D5'},{'D4'},{'R1'},&,1.0,&
{'D2'},{'D7'},{'R2'},{'D1'},{'R3'},{'D3'},{'R1'},{'D6'},,,&,1.0,&
{'D2'},{'D7'},{'R2'},{'D1'},{'R3'},{'R1'},,,,,&,1.0,&
{'D2'},{'D7'},{'R2'},{'D1'},{'D4'},{'R1'},,,,,&,1.0,&
{'D2'},{'D7'},{'R2'},{'D5'},,,,,,,&,1.0,&
{'D2'},{'D7'},{'R2'},{'D5'},{'D6'},,,,,,&,1.0,&
{'D2'},{'D7'},{'R2'},{'D5'},{'R3'},{'D3'},{'D1'},{'D6'},{'D4'},,&,1.0,&
{'D2'},{'D7'},{'R2'},{'D5'},{'D1'},{'D3'},{'D6'},{'D4'},,,&,1.0,&
{'D2'},{'D7'},{'R2'},{'D3'},,,,,,,&,2.0,&
{'D2'},{'D7'},{'R2'},{'D3'},{'D6'},,,,,,&,1.0,&
{'D2'},{'D7'},{'R2'},{'D3'},{'D6'},{'R3'},,,,,&,1.0,&
{'D2'},{'D7'},{'R2'},{'D3'},{'R1'},,,,,,&,1.0,&
{'D2'},{'D7'},{'R2'},{'D3'},{'R1'},{'D6'},{'D1'},{'D4'},{'D5'},{'R3'},&,1.0,&
{'D2'},{'D7'},{'R2'},{'D3'},{'D5'},,,,,,&,1.0,&
{'D2'},{'D7'},{'R2'},{'D3'},{'R3'},,,,,,&,1.0,&
{'D2'},{'D7'},{'R2'},{'D3'},{'R3'},{'D1'},,,,,&,1.0,&
{'D2'},{'D7'},{'R2'},{'D3'},{'R3'},{'D1'},{'R1'},{'D6'},{'D4'},,&,1.0,&
{'D2'},{'D7'},{'R2'},{'D3'},{'R3'},{'R1'},{'D5'},{'D1'},,,&,1.0,&
{'D2'},{'D7'},{'R2'},{'D3'},{'R3'},{'R1'},{'D1'},,,,&,1.0,&
{'D2'},{'D7'},{'R2'},{'D3'},{'R3'},{'R1'},{'D6'},{'D1'},{'D5'},{'D4'},&,1.0,&
{'D2'},{'D7'},{'R2'},{'D3'},{'D1'},{'D5'},{'R3'},,,,&,1.0,&
{'D2'},{'D7'},{'R2'},{'D3'},{'D1'},{'D5'},{'R3'},{'D6'},{'D4'},,&,1.0,&
{'D2'},{'D7'},{'R2'},{'D3'},{'D1'},{'D5'},{'D6'},{'D4'},,,&,1.0,&
{'D2'},{'D7'},{'R2'},{'D3'},{'D1'},{'D6'},,,,,&,1.0,&
{'D2'},{'D7'},{'R2'},{'D3'},{'D1'},{'D6'},{'R3'},{'D5'},{'R1'},{'D4'},&,1.0,&
{'D2'},{'D7'},{'R2'},{'D3'},{'D1'},{'D6'},{'D5'},{'D4'},{'R3'},,&,1.0,&
{'D2'},{'D7'},{'R2'},{'D3'},{'D1'},{'D6'},{'D4'},,,,&,1.0,&
{'D2'},{'D7'},{'R2'},{'D3'},{'D1'},{'R3'},{'D6'},,,,&,1.0,&
{'D2'},{'D7'},{'R2'},{'D3'},{'D1'},{'R1'},{'D6'},{'D4'},{'D5'},,&,1.0,&
{'D2'},{'D7'},{'R2'},{'D3'},{'D4'},{'D1'},{'R1'},{'D5'},{'D6'},,&,1.0,&
{'D2'},{'D7'},{'R2'},{'R1'},,,,,,,&,1.0,&
{'D2'},{'D7'},{'R2'},{'R1'},{'D6'},{'D5'},{'R3'},,,,&,1.0,&
{'D2'},{'D7'},{'R2'},{'R1'},{'R3'},,,,,,&,2.0,&
{'D2'},{'D7'},{'R2'},{'R1'},{'R3'},{'D3'},,,,,&,1.0,&
{'D2'},{'D7'},{'R2'},{'R1'},{'R3'},{'D3'},{'D1'},,,,&,1.0,&
{'D2'},{'D7'},{'R2'},{'R3'},,,,,,,&,4.0,&
{'D2'},{'D7'},{'R2'},{'R3'},{'D3'},,,,,,&,2.0,&
{'D2'},{'D7'},{'R2'},{'R3'},{'D3'},{'D1'},{'D5'},{'D6'},,,&,1.0,&
{'D2'},{'D7'},{'R2'},{'R3'},{'D3'},{'R1'},{'D6'},,,,&,1.0,&
{'D2'},{'D7'},{'R2'},{'R3'},{'R1'},,,,,,&,1.0,&
{'D2'},{'D7'},{'R2'},{'R3'},{'R1'},{'D1'},,,,,&,1.0,&
{'D2'},{'D7'},{'R2'},{'R3'},{'R1'},{'D1'},{'D5'},{'D3'},,,&,1.0,&
{'D2'},{'D7'},{'R2'},{'R3'},{'R1'},{'D1'},{'D3'},,,,&,1.0,&
{'D2'},{'D7'},{'R2'},{'R3'},{'R1'},{'D5'},{'D3'},,,,&,1.0,&
{'D2'},{'D7'},{'R2'},{'R3'},{'R1'},{'D3'},{'D1'},,,,&,1.0,&
{'D2'},{'D7'},{'R2'},{'R3'},{'D5'},{'R1'},{'D3'},{'D1'},,,&,1.0,&
{'D2'},{'D7'},{'R2'},{'R3'},{'D5'},{'R1'},{'D3'},{'D1'},{'D6'},,&,1.0,&
{'D2'},{'D7'},{'R2'},{'R3'},{'D1'},,,,,,&,1.0,&
{'D2'},{'D7'},{'R2'},{'R3'},{'D1'},{'D3'},,,,,&,1.0,&
{'D2'},{'D7'},{'R2'},{'R3'},{'D1'},{'D3'},{'D6'},{'R1'},{'D5'},,&,1.0,&
{'D2'},{'D7'},{'R2'},{'R3'},{'D1'},{'R1'},,,,,&,1.0,&
{'D2'},{'D7'},{'R2'},{'R3'},{'D1'},{'R1'},{'D6'},{'D4'},{'D3'},{'D5'},&,1.0,&
{'D2'},{'D7'},{'R2'},{'D6'},,,,,,,&,1.0,&
{'D2'},{'D7'},{'R2'},{'D6'},{'R3'},{'D3'},{'D1'},{'D5'},{'D4'},{'R1'},&,1.0,&
{'D2'},{'D7'},{'R2'},{'D6'},{'R3'},{'R1'},,,,,&,1.0,&
{'D2'},{'D7'},{'R2'},{'D6'},{'D1'},,,,,,&,1.0,&
{'D2'},{'D7'},{'D4'},,,,,,,,&,1.0,&
{'D2'},{'D7'},{'D4'},{'R2'},,,,,,,&,1.0,&
{'D2'},{'D7'},{'D4'},{'R2'},{'R3'},{'D1'},{'D3'},{'R1'},{'D6'},{'D5'},&,1.0,&
{'D2'},{'D7'},{'D4'},{'D1'},{'D6'},{'D5'},{'D3'},{'R2'},{'R3'},{'R1'},&,1.0,&
{'D2'},{'D7'},{'D4'},{'D1'},{'R3'},{'R2'},{'D3'},{'R1'},,,&,1.0,&
{'D3'},,,,,,,,,,&,831.0,&
{'D3'},{'D1'},,,,,,,,,&,159.0,&
{'D3'},{'D1'},{'R1'},,,,,,,,&,15.0,&
{'D3'},{'D1'},{'R1'},{'R2'},,,,,,,&,2.0,&
{'D3'},{'D1'},{'R1'},{'R2'},{'D2'},,,,,,&,2.0,&
{'D3'},{'D1'},{'R1'},{'R2'},{'D2'},{'R3'},{'D5'},,,,&,1.0,&
{'D3'},{'D1'},{'R1'},{'R2'},{'D2'},{'R3'},{'D6'},{'D7'},,,&,1.0,&
{'D3'},{'D1'},{'R1'},{'R2'},{'D6'},{'D2'},,,,,&,1.0,&
{'D3'},{'D1'},{'R1'},{'R2'},{'R3'},,,,,,&,1.0,&
{'D3'},{'D1'},{'R1'},{'R2'},{'R3'},{'D6'},{'D2'},,,,&,2.0,&
{'D3'},{'D1'},{'R1'},{'R2'},{'R3'},{'D2'},{'D7'},{'D5'},{'D6'},{'D4'},&,1.0,&
{'D3'},{'D1'},{'R1'},{'R2'},{'R3'},{'D2'},{'D5'},{'D6'},{'D7'},,&,1.0,&
{'D3'},{'D1'},{'R1'},{'R2'},{'R3'},{'D2'},{'D6'},{'D5'},,,&,1.0,&
{'D3'},{'D1'},{'R1'},{'D5'},{'R3'},,,,,,&,1.0,&
{'D3'},{'D1'},{'R1'},{'D5'},{'R3'},{'D2'},{'D6'},{'D7'},{'R2'},,&,1.0,&
{'D3'},{'D1'},{'R1'},{'D5'},{'R2'},,,,,,&,1.0,&
{'D3'},{'D1'},{'R1'},{'D4'},{'R2'},{'R3'},{'D2'},,,,&,1.0,&
{'D3'},{'D1'},{'R1'},{'D7'},{'D2'},{'D6'},,,,,&,1.0,&
{'D3'},{'D1'},{'R1'},{'D7'},{'R2'},,,,,,&,1.0,&
{'D3'},{'D1'},{'R1'},{'R3'},,,,,,,&,3.0,&
{'D3'},{'D1'},{'R1'},{'R3'},{'D2'},{'R2'},{'D7'},,,,&,1.0,&
{'D3'},{'D1'},{'R1'},{'R3'},{'D6'},{'R2'},,,,,&,1.0,&
{'D3'},{'D1'},{'R1'},{'R3'},{'R2'},,,,,,&,2.0,&
{'D3'},{'D1'},{'R1'},{'R3'},{'R2'},{'D5'},{'D2'},{'D6'},{'D7'},{'D4'},&,1.0,&
{'D3'},{'D1'},{'R1'},{'R3'},{'R2'},{'D2'},,,,,&,1.0,&
{'D3'},{'D1'},{'R1'},{'R3'},{'R2'},{'D2'},{'D5'},,,,&,1.0,&
{'D3'},{'D1'},{'R1'},{'D6'},{'D2'},,,,,,&,1.0,&
{'D3'},{'D1'},{'R1'},{'D6'},{'D2'},{'D5'},,,,,&,1.0,&
{'D3'},{'D1'},{'R1'},{'D6'},{'D2'},{'R2'},,,,,&,1.0,&
{'D3'},{'D1'},{'R1'},{'D6'},{'R3'},{'D7'},{'D2'},{'R2'},{'D5'},{'D4'},&,1.0,&
{'D3'},{'D1'},{'R1'},{'D6'},{'R3'},{'R2'},,,,,&,1.0,&
{'D3'},{'D1'},{'R1'},{'D2'},,,,,,,&,4.0,&
{'D3'},{'D1'},{'R1'},{'D2'},{'D6'},{'D5'},{'R3'},{'R2'},{'D7'},,&,1.0,&
{'D3'},{'D1'},{'R1'},{'D2'},{'D6'},{'D5'},{'R2'},{'D7'},{'R3'},{'D4'},&,1.0,&
{'D3'},{'D1'},{'R1'},{'D2'},{'D6'},{'D5'},{'D4'},{'D7'},,,&,1.0,&
{'D3'},{'D1'},{'R1'},{'D2'},{'D6'},{'R2'},{'D4'},,,,&,1.0,&
{'D3'},{'D1'},{'R1'},{'D2'},{'D6'},{'R3'},,,,,&,1.0,&
{'D3'},{'D1'},{'R1'},{'D2'},{'D6'},{'R3'},{'R2'},,,,&,1.0,&
{'D3'},{'D1'},{'R1'},{'D2'},{'D7'},,,,,,&,1.0,&
{'D3'},{'D1'},{'R1'},{'D2'},{'D7'},{'R2'},{'D5'},{'D6'},{'D4'},,&,1.0,&
{'D3'},{'D1'},{'R1'},{'D2'},{'D5'},,,,,,&,1.0,&
{'D3'},{'D1'},{'R1'},{'D2'},{'D5'},{'D6'},{'R2'},{'D4'},{'R3'},,&,1.0,&
{'D3'},{'D1'},{'R1'},{'D2'},{'R3'},,,,,,&,1.0,&
{'D3'},{'D1'},{'R1'},{'D2'},{'R3'},{'R2'},{'D7'},{'D6'},,,&,1.0,&
{'D3'},{'D1'},{'R1'},{'D2'},{'R3'},{'D6'},,,,,&,1.0,&
{'D3'},{'D1'},{'R1'},{'D2'},{'R2'},,,,,,&,2.0,&
{'D3'},{'D1'},{'R1'},{'D2'},{'R2'},{'D7'},{'R3'},{'D5'},{'D6'},{'D4'},&,1.0,&
{'D3'},{'D1'},{'R1'},{'D2'},{'R2'},{'D5'},,,,,&,1.0,&
{'D3'},{'D1'},{'D6'},,,,,,,,&,21.0,&
{'D3'},{'D1'},{'D6'},{'R2'},,,,,,,&,1.0,&
{'D3'},{'D1'},{'D6'},{'R2'},{'D2'},,,,,,&,1.0,&
{'D3'},{'D1'},{'D6'},{'R2'},{'D2'},{'D5'},{'R3'},{'D7'},,,&,1.0,&
{'D3'},{'D1'},{'D6'},{'R2'},{'D2'},{'D5'},{'R3'},{'D7'},{'R1'},,&,1.0,&
{'D3'},{'D1'},{'D6'},{'R2'},{'D2'},{'R3'},{'D5'},{'D7'},,,&,1.0,&
{'D3'},{'D1'},{'D6'},{'R2'},{'D2'},{'R1'},{'D7'},{'D5'},{'R3'},{'D4'},&,1.0,&
{'D3'},{'D1'},{'D6'},{'R2'},{'D7'},{'D2'},{'D5'},,,,&,1.0,&
{'D3'},{'D1'},{'D6'},{'R2'},{'D5'},{'D4'},{'D2'},{'R1'},{'D7'},,&,1.0,&
{'D3'},{'D1'},{'D6'},{'R2'},{'R3'},,,,,,&,2.0,&
{'D3'},{'D1'},{'D6'},{'R2'},{'R3'},{'D2'},,,,,&,1.0,&
{'D3'},{'D1'},{'D6'},{'R2'},{'R3'},{'D2'},{'D7'},,,,&,1.0,&
{'D3'},{'D1'},{'D6'},{'R2'},{'R3'},{'R1'},,,,,&,1.0,&
{'D3'},{'D1'},{'D6'},{'R2'},{'R3'},{'R1'},{'D2'},{'D5'},{'D7'},{'D4'},&,1.0,&
{'D3'},{'D1'},{'D6'},{'D5'},{'D2'},{'R2'},{'D7'},{'D4'},{'R3'},{'R1'},&,1.0,&
{'D3'},{'D1'},{'D6'},{'D5'},{'D2'},{'D4'},{'D7'},{'R2'},,,&,1.0,&
{'D3'},{'D1'},{'D6'},{'D5'},{'R2'},{'D2'},,,,,&,1.0,&
{'D3'},{'D1'},{'D6'},{'D4'},{'D2'},{'D7'},{'D5'},,,,&,1.0,&
{'D3'},{'D1'},{'D6'},{'D7'},{'D2'},{'R3'},,,,,&,1.0,&
{'D3'},{'D1'},{'D6'},{'D7'},{'R3'},{'D5'},{'D2'},{'D4'},,,&,1.0,&
{'D3'},{'D1'},{'D6'},{'D7'},{'R3'},{'R2'},{'D2'},{'R1'},{'D5'},{'D4'},&,1.0,&
{'D3'},{'D1'},{'D6'},{'D7'},{'R2'},{'R3'},{'D2'},{'D4'},,,&,1.0,&
{'D3'},{'D1'},{'D6'},{'R1'},{'R3'},{'R2'},,,,,&,1.0,&
{'D3'},{'D1'},{'D6'},{'R3'},,,,,,,&,2.0,&
{'D3'},{'D1'},{'D6'},{'R3'},{'D2'},,,,,,&,1.0,&
{'D3'},{'D1'},{'D6'},{'R3'},{'D2'},{'D7'},,,,,&,1.0,&
{'D3'},{'D1'},{'D6'},{'R3'},{'D2'},{'D5'},,,,,&,1.0,&
{'D3'},{'D1'},{'D6'},{'R3'},{'D2'},{'D5'},{'R2'},{'D7'},{'R1'},{'D4'},&,1.0,&
{'D3'},{'D1'},{'D6'},{'R3'},{'D2'},{'R2'},{'D5'},{'D7'},{'R1'},{'D4'},&,1.0,&
{'D3'},{'D1'},{'D6'},{'R3'},{'D2'},{'D4'},,,,,&,1.0,&
{'D3'},{'D1'},{'D6'},{'R3'},{'R1'},,,,,,&,1.0,&
{'D3'},{'D1'},{'D6'},{'R3'},{'D5'},,,,,,&,1.0,&
{'D3'},{'D1'},{'D6'},{'R3'},{'D5'},{'D2'},,,,,&,1.0,&
{'D3'},{'D1'},{'D6'},{'R3'},{'R2'},,,,,,&,1.0,&
{'D3'},{'D1'},{'D6'},{'R3'},{'R2'},{'R1'},,,,,&,1.0,&
{'D3'},{'D1'},{'D6'},{'D2'},,,,,,,&,9.0,&
{'D3'},{'D1'},{'D6'},{'D2'},{'D7'},,,,,,&,1.0,&
{'D3'},{'D1'},{'D6'},{'D2'},{'D7'},{'D5'},{'R1'},{'D4'},,,&,1.0,&
{'D3'},{'D1'},{'D6'},{'D2'},{'D7'},{'D5'},{'D4'},,,,&,1.0,&
{'D3'},{'D1'},{'D6'},{'D2'},{'D7'},{'D4'},{'R2'},{'R3'},{'D5'},{'R1'},&,1.0,&
{'D3'},{'D1'},{'D6'},{'D2'},{'R1'},,,,,,&,1.0,&
{'D3'},{'D1'},{'D6'},{'D2'},{'R1'},{'D7'},{'R2'},{'D5'},{'R3'},,&,1.0,&
{'D3'},{'D1'},{'D6'},{'D2'},{'R1'},{'R2'},{'D5'},{'R3'},{'D7'},,&,1.0,&
{'D3'},{'D1'},{'D6'},{'D2'},{'D5'},,,,,,&,2.0,&
{'D3'},{'D1'},{'D6'},{'D2'},{'D5'},{'D4'},,,,,&,1.0,&
{'D3'},{'D1'},{'D6'},{'D2'},{'D5'},{'D4'},{'R2'},{'D7'},,,&,1.0,&
{'D3'},{'D1'},{'D6'},{'D2'},{'R3'},,,,,,&,4.0,&
{'D3'},{'D1'},{'D6'},{'D2'},{'R3'},{'D5'},{'D7'},,,,&,1.0,&
{'D3'},{'D1'},{'D6'},{'D2'},{'R3'},{'D5'},{'D7'},{'D4'},{'R1'},,&,1.0,&
{'D3'},{'D1'},{'D6'},{'D2'},{'R3'},{'R1'},{'R2'},,,,&,1.0,&
{'D3'},{'D1'},{'D6'},{'D2'},{'R3'},{'D4'},,,,,&,1.0,&
{'D3'},{'D1'},{'D6'},{'D2'},{'R2'},,,,,,&,4.0,&
{'D3'},{'D1'},{'D6'},{'D2'},{'R2'},{'D7'},{'R3'},,,,&,1.0,&
{'D3'},{'D1'},{'D6'},{'D2'},{'R2'},{'D7'},{'D5'},{'R3'},,,&,1.0,&
{'D3'},{'D1'},{'D6'},{'D2'},{'R2'},{'R3'},,,,,&,2.0,&
{'D3'},{'D1'},{'D6'},{'D2'},{'R2'},{'R3'},{'D4'},{'D5'},{'R1'},{'D7'},&,1.0,&
{'D3'},{'D1'},{'D6'},{'D2'},{'D4'},{'D5'},{'D7'},,,,&,1.0,&
{'D3'},{'D1'},{'D6'},{'D2'},{'D4'},{'D5'},{'D7'},{'R3'},,,&,1.0,&
{'D3'},{'D1'},{'D6'},{'D2'},{'D4'},{'R2'},{'R3'},{'D7'},,,&,1.0,&
{'D3'},{'D1'},{'D6'},{'D2'},{'D4'},{'R3'},{'D5'},{'D7'},{'R2'},{'R1'},&,1.0,&
{'D3'},{'D1'},{'D5'},,,,,,,,&,15.0,&
{'D3'},{'D1'},{'D5'},{'R2'},,,,,,,&,3.0,&
{'D3'},{'D1'},{'D5'},{'R2'},{'D2'},,,,,,&,2.0,&
{'D3'},{'D1'},{'D5'},{'R2'},{'D2'},{'D6'},,,,,&,1.0,&
{'D3'},{'D1'},{'D5'},{'R2'},{'D2'},{'R3'},{'D6'},{'D7'},,,&,1.0,&
{'D3'},{'D1'},{'D5'},{'R2'},{'D2'},{'R3'},{'D4'},{'R1'},{'D6'},,&,1.0,&
{'D3'},{'D1'},{'D5'},{'R2'},{'D2'},{'D4'},{'R3'},,,,&,1.0,&
{'D3'},{'D1'},{'D5'},{'R2'},{'D6'},,,,,,&,1.0,&
{'D3'},{'D1'},{'D5'},{'R2'},{'R1'},{'D7'},{'D2'},{'R3'},{'D6'},,&,1.0,&
{'D3'},{'D1'},{'D5'},{'R2'},{'R1'},{'R3'},{'D4'},{'D2'},,,&,1.0,&
{'D3'},{'D1'},{'D5'},{'R2'},{'R3'},,,,,,&,2.0,&
{'D3'},{'D1'},{'D5'},{'R2'},{'R3'},{'D7'},{'D2'},{'D4'},{'D6'},,&,1.0,&
{'D3'},{'D1'},{'D5'},{'R2'},{'R3'},{'D2'},,,,,&,1.0,&
{'D3'},{'D1'},{'D5'},{'R2'},{'R3'},{'D2'},{'D7'},,,,&,1.0,&
{'D3'},{'D1'},{'D5'},{'R2'},{'R3'},{'D2'},{'R1'},{'D6'},{'D4'},{'D7'},&,1.0,&
{'D3'},{'D1'},{'D5'},{'R2'},{'R3'},{'D2'},{'D6'},{'R1'},,,&,1.0,&
{'D3'},{'D1'},{'D5'},{'R2'},{'R3'},{'D2'},{'D6'},{'R1'},{'D4'},,&,1.0,&
{'D3'},{'D1'},{'D5'},{'R2'},{'R3'},{'R1'},,,,,&,2.0,&
{'D3'},{'D1'},{'D5'},{'R2'},{'R3'},{'R1'},{'D2'},,,,&,1.0,&
{'D3'},{'D1'},{'D5'},{'R2'},{'R3'},{'R1'},{'D2'},{'D6'},,,&,2.0,&
{'D3'},{'D1'},{'D5'},{'D7'},,,,,,,&,1.0,&
{'D3'},{'D1'},{'D5'},{'D7'},{'D2'},,,,,,&,1.0,&
{'D3'},{'D1'},{'D5'},{'D7'},{'D2'},{'R2'},{'D6'},{'D4'},{'R3'},{'R1'},&,1.0,&
{'D3'},{'D1'},{'D5'},{'D7'},{'R3'},{'R2'},{'D2'},{'R1'},{'D4'},{'D6'},&,1.0,&
{'D3'},{'D1'},{'D5'},{'R1'},{'D2'},{'D7'},,,,,&,1.0,&
{'D3'},{'D1'},{'D5'},{'R1'},{'D2'},{'R2'},{'R3'},{'D6'},{'D4'},,&,1.0,&
{'D3'},{'D1'},{'D5'},{'R1'},{'D2'},{'R3'},{'R2'},{'D6'},,,&,1.0,&
{'D3'},{'D1'},{'D5'},{'R1'},{'R2'},,,,,,&,1.0,&
{'D3'},{'D1'},{'D5'},{'R3'},,,,,,,&,4.0,&
{'D3'},{'D1'},{'D5'},{'R3'},{'D2'},{'R2'},{'D7'},,,,&,1.0,&
{'D3'},{'D1'},{'D5'},{'R3'},{'D2'},{'R2'},{'R1'},,,,&,1.0,&
{'D3'},{'D1'},{'D5'},{'R3'},{'D2'},{'R2'},{'R1'},{'D7'},,,&,1.0,&
{'D3'},{'D1'},{'D5'},{'R3'},{'D7'},,,,,,&,1.0,&
{'D3'},{'D1'},{'D5'},{'R3'},{'R1'},,,,,,&,1.0,&
{'D3'},{'D1'},{'D5'},{'R3'},{'R2'},{'D2'},,,,,&,1.0,&
{'D3'},{'D1'},{'D5'},{'R3'},{'R2'},{'R1'},{'D7'},{'D2'},{'D4'},,&,1.0,&
{'D3'},{'D1'},{'D5'},{'R3'},{'R2'},{'R1'},{'D2'},{'D6'},{'D7'},,&,1.0,&
{'D3'},{'D1'},{'D5'},{'R3'},{'D4'},{'R2'},{'D6'},{'D2'},{'R1'},,&,1.0,&
{'D3'},{'D1'},{'D5'},{'D6'},{'D7'},,,,,,&,1.0,&
{'D3'},{'D1'},{'D5'},{'D6'},{'R3'},{'R1'},{'R2'},,,,&,1.0,&
{'D3'},{'D1'},{'D5'},{'D2'},,,,,,,&,1.0,&
{'D3'},{'D1'},{'D5'},{'D2'},{'D6'},{'D7'},{'R3'},,,,&,1.0,&
{'D3'},{'D1'},{'D5'},{'D2'},{'D6'},{'D7'},{'R2'},{'R3'},,,&,1.0,&
{'D3'},{'D1'},{'D5'},{'D2'},{'D6'},{'D7'},{'D4'},{'R3'},,,&,1.0,&
{'D3'},{'D1'},{'D5'},{'D2'},{'D6'},{'R2'},{'D7'},{'D4'},{'R3'},{'R1'},&,1.0,&
{'D3'},{'D1'},{'D5'},{'D2'},{'D6'},{'R2'},{'D7'},{'R3'},{'D4'},{'R1'},&,1.0,&
{'D3'},{'D1'},{'D5'},{'D2'},{'D6'},{'D4'},{'R3'},,,,&,1.0,&
{'D3'},{'D1'},{'D5'},{'D2'},{'D7'},,,,,,&,4.0,&
{'D3'},{'D1'},{'D5'},{'D2'},{'D7'},{'D6'},{'D4'},{'R2'},{'R3'},,&,1.0,&
{'D3'},{'D1'},{'D5'},{'D2'},{'D7'},{'R3'},{'D6'},{'D4'},,,&,1.0,&
{'D3'},{'D1'},{'D5'},{'D2'},{'D7'},{'R1'},{'R3'},,,,&,1.0,&
{'D3'},{'D1'},{'D5'},{'D2'},{'R3'},{'D7'},{'R2'},{'R1'},{'D6'},{'D4'},&,1.0,&
{'D3'},{'D1'},{'D5'},{'D2'},{'R3'},{'R2'},{'R1'},{'D4'},{'D7'},{'D6'},&,1.0,&
{'D3'},{'D1'},{'D5'},{'D2'},{'R3'},{'D6'},{'D7'},{'R2'},{'D4'},,&,1.0,&
{'D3'},{'D1'},{'D5'},{'D2'},{'R2'},{'D7'},{'R3'},{'R1'},,,&,1.0,&
{'D3'},{'D1'},{'D5'},{'D2'},{'R2'},{'D6'},{'D7'},,,,&,1.0,&
{'D3'},{'D1'},{'D5'},{'D2'},{'R2'},{'D6'},{'D4'},{'D7'},,,&,1.0,&
{'D3'},{'D1'},{'D5'},{'D2'},{'D4'},,,,,,&,1.0,&
{'D3'},{'D1'},{'D5'},{'D2'},{'D4'},{'R2'},{'D6'},{'D7'},,,&,1.0,&
{'D3'},{'D1'},{'D5'},{'D2'},{'D4'},{'D6'},{'R3'},,,,&,1.0,&
{'D3'},{'D1'},{'D7'},,,,,,,,&,14.0,&
{'D3'},{'D1'},{'D7'},{'R2'},,,,,,,&,4.0,&
{'D3'},{'D1'},{'D7'},{'R2'},{'D2'},{'D5'},{'D4'},{'D6'},{'R3'},{'R1'},&,1.0,&
{'D3'},{'D1'},{'D7'},{'R2'},{'D2'},{'D6'},,,,,&,1.0,&
{'D3'},{'D1'},{'D7'},{'R2'},{'D2'},{'R3'},{'D5'},{'R1'},{'D6'},,&,1.0,&
{'D3'},{'D1'},{'D7'},{'R2'},{'D2'},{'R3'},{'R1'},,,,&,1.0,&
{'D3'},{'D1'},{'D7'},{'R2'},{'D2'},{'D4'},{'R3'},,,,&,1.0,&
{'D3'},{'D1'},{'D7'},{'R2'},{'R1'},{'R3'},,,,,&,1.0,&
{'D3'},{'D1'},{'D7'},{'R2'},{'R3'},{'R1'},,,,,&,1.0,&
{'D3'},{'D1'},{'D7'},{'R2'},{'R3'},{'R1'},{'D2'},{'D5'},,,&,1.0,&
{'D3'},{'D1'},{'D7'},{'D5'},,,,,,,&,1.0,&
{'D3'},{'D1'},{'D7'},{'D5'},{'R2'},,,,,,&,1.0,&
{'D3'},{'D1'},{'D7'},{'D4'},{'D2'},{'D6'},{'D5'},{'R2'},,,&,1.0,&
{'D3'},{'D1'},{'D7'},{'R1'},,,,,,,&,1.0,&
{'D3'},{'D1'},{'D7'},{'R1'},{'R3'},{'R2'},,,,,&,1.0,&
{'D3'},{'D1'},{'D7'},{'R1'},{'R2'},{'R3'},{'D2'},,,,&,1.0,&
{'D3'},{'D1'},{'D7'},{'R3'},,,,,,,&,2.0,&
{'D3'},{'D1'},{'D7'},{'R3'},{'D2'},,,,,,&,1.0,&
{'D3'},{'D1'},{'D7'},{'R3'},{'D2'},{'R2'},{'R1'},,,,&,1.0,&
{'D3'},{'D1'},{'D7'},{'R3'},{'D2'},{'D6'},,,,,&,1.0,&
{'D3'},{'D1'},{'D7'},{'R3'},{'D6'},{'R2'},{'D5'},{'D2'},,,&,1.0,&
{'D3'},{'D1'},{'D7'},{'R3'},{'D6'},{'D2'},{'R1'},{'R2'},{'D5'},,&,1.0,&
{'D3'},{'D1'},{'D7'},{'R3'},{'R1'},{'D5'},,,,,&,1.0,&
{'D3'},{'D1'},{'D7'},{'R3'},{'R2'},,,,,,&,1.0,&
{'D3'},{'D1'},{'D7'},{'R3'},{'R2'},{'R1'},{'D2'},{'D6'},{'D5'},{'D4'},&,1.0,&
{'D3'},{'D1'},{'D7'},{'D6'},,,,,,,&,2.0,&
{'D3'},{'D1'},{'D7'},{'D6'},{'R3'},,,,,,&,1.0,&
{'D3'},{'D1'},{'D7'},{'D2'},,,,,,,&,3.0,&
{'D3'},{'D1'},{'D7'},{'D2'},{'D6'},,,,,,&,1.0,&
{'D3'},{'D1'},{'D7'},{'D2'},{'D6'},{'R3'},,,,,&,2.0,&
{'D3'},{'D1'},{'D7'},{'D2'},{'D6'},{'R1'},{'D5'},,,,&,1.0,&
{'D3'},{'D1'},{'D7'},{'D2'},{'D6'},{'R1'},{'D5'},{'R3'},{'D4'},{'R2'},&,1.0,&
{'D3'},{'D1'},{'D7'},{'D2'},{'R1'},{'D6'},,,,,&,1.0,&
{'D3'},{'D1'},{'D7'},{'D2'},{'R1'},{'R3'},{'D6'},{'R2'},{'D5'},{'D4'},&,1.0,&
{'D3'},{'D1'},{'D7'},{'D2'},{'D5'},,,,,,&,1.0,&
{'D3'},{'D1'},{'D7'},{'D2'},{'D5'},{'R2'},,,,,&,1.0,&
{'D3'},{'D1'},{'D7'},{'D2'},{'D5'},{'R2'},{'R3'},{'R1'},{'D4'},{'D6'},&,1.0,&
{'D3'},{'D1'},{'D7'},{'D2'},{'D5'},{'D6'},{'D4'},{'R2'},{'R3'},{'R1'},&,1.0,&
{'D3'},{'D1'},{'D7'},{'D2'},{'D5'},{'D6'},{'D4'},{'R3'},{'R2'},{'R1'},&,1.0,&
{'D3'},{'D1'},{'D7'},{'D2'},{'D5'},{'D4'},{'D6'},,,,&,1.0,&
{'D3'},{'D1'},{'D7'},{'D2'},{'R3'},,,,,,&,1.0,&
{'D3'},{'D1'},{'D7'},{'D2'},{'R3'},{'R2'},{'D5'},,,,&,1.0,&
{'D3'},{'D1'},{'D7'},{'D2'},{'R3'},{'D6'},,,,,&,1.0,&
{'D3'},{'D1'},{'D7'},{'D2'},{'R2'},{'D5'},,,,,&,1.0,&
{'D3'},{'D1'},{'D7'},{'D2'},{'R2'},{'D6'},,,,,&,2.0,&
{'D3'},{'D1'},{'D7'},{'D2'},{'R2'},{'D6'},{'R1'},,,,&,1.0,&
{'D3'},{'D1'},{'D7'},{'D2'},{'R2'},{'R3'},{'D5'},,,,&,1.0,&
{'D3'},{'D1'},{'D7'},{'D2'},{'R2'},{'R1'},{'D5'},{'D6'},{'R3'},{'D4'},&,1.0,&
{'D3'},{'D1'},{'R3'},,,,,,,,&,55.0,&
{'D3'},{'D1'},{'R3'},{'R2'},,,,,,,&,17.0,&
{'D3'},{'D1'},{'R3'},{'R2'},{'D2'},,,,,,&,8.0,&
{'D3'},{'D1'},{'R3'},{'R2'},{'D2'},{'D7'},,,,,&,2.0,&
{'D3'},{'D1'},{'R3'},{'R2'},{'D2'},{'D7'},{'D6'},,,,&,2.0,&
{'D3'},{'D1'},{'R3'},{'R2'},{'D2'},{'D7'},{'D4'},{'D6'},{'D5'},{'R1'},&,1.0,&
{'D3'},{'D1'},{'R3'},{'R2'},{'D2'},{'D5'},,,,,&,3.0,&
{'D3'},{'D1'},{'R3'},{'R2'},{'D2'},{'D6'},,,,,&,1.0,&
{'D3'},{'D1'},{'R3'},{'R2'},{'D2'},{'D6'},{'D7'},,,,&,1.0,&
{'D3'},{'D1'},{'R3'},{'R2'},{'D2'},{'D6'},{'D5'},{'D4'},{'D7'},,&,1.0,&
{'D3'},{'D1'},{'R3'},{'R2'},{'D2'},{'D6'},{'D5'},{'D7'},{'D4'},,&,1.0,&
{'D3'},{'D1'},{'R3'},{'R2'},{'D2'},{'D6'},{'D5'},{'R1'},{'D7'},{'D4'},&,1.0,&
{'D3'},{'D1'},{'R3'},{'R2'},{'D2'},{'R1'},,,,,&,3.0,&
{'D3'},{'D1'},{'R3'},{'R2'},{'D2'},{'R1'},{'D7'},{'D5'},,,&,1.0,&
{'D3'},{'D1'},{'R3'},{'R2'},{'D2'},{'R1'},{'D5'},{'D6'},{'D7'},{'D4'},&,1.0,&
{'D3'},{'D1'},{'R3'},{'R2'},{'D2'},{'R1'},{'D5'},{'D4'},{'D6'},,&,1.0,&
{'D3'},{'D1'},{'R3'},{'R2'},{'D2'},{'R1'},{'D6'},,,,&,2.0,&
{'D3'},{'D1'},{'R3'},{'R2'},{'D2'},{'R1'},{'D6'},{'D7'},{'D5'},{'D4'},&,1.0,&
{'D3'},{'D1'},{'R3'},{'R2'},{'D6'},,,,,,&,1.0,&
{'D3'},{'D1'},{'R3'},{'R2'},{'D6'},{'D2'},,,,,&,1.0,&
{'D3'},{'D1'},{'R3'},{'R2'},{'D6'},{'D2'},{'D7'},{'D4'},,,&,1.0,&
{'D3'},{'D1'},{'R3'},{'R2'},{'D6'},{'D2'},{'D4'},{'R1'},{'D7'},,&,1.0,&
{'D3'},{'D1'},{'R3'},{'R2'},{'D6'},{'R1'},,,,,&,1.0,&
{'D3'},{'D1'},{'R3'},{'R2'},{'D7'},,,,,,&,1.0,&
{'D3'},{'D1'},{'R3'},{'R2'},{'R1'},,,,,,&,5.0,&
{'D3'},{'D1'},{'R3'},{'R2'},{'R1'},{'D7'},,,,,&,1.0,&
{'D3'},{'D1'},{'R3'},{'R2'},{'R1'},{'D5'},,,,,&,1.0,&
{'D3'},{'D1'},{'R3'},{'R2'},{'R1'},{'D5'},{'D2'},,,,&,1.0,&
{'D3'},{'D1'},{'R3'},{'R2'},{'R1'},{'D5'},{'D2'},{'D7'},,,&,1.0,&
{'D3'},{'D1'},{'R3'},{'R2'},{'R1'},{'D2'},,,,,&,2.0,&
{'D3'},{'D1'},{'R3'},{'R2'},{'R1'},{'D2'},{'D7'},,,,&,1.0,&
{'D3'},{'D1'},{'R3'},{'R2'},{'R1'},{'D2'},{'D7'},{'D5'},{'D6'},{'D4'},&,1.0,&
{'D3'},{'D1'},{'R3'},{'R2'},{'R1'},{'D2'},{'D5'},,,,&,2.0,&
{'D3'},{'D1'},{'R3'},{'R2'},{'R1'},{'D2'},{'D5'},{'D6'},,,&,1.0,&
{'D3'},{'D1'},{'R3'},{'R2'},{'R1'},{'D2'},{'D5'},{'D4'},,,&,1.0,&
{'D3'},{'D1'},{'R3'},{'R2'},{'R1'},{'D2'},{'D6'},{'D5'},,,&,2.0,&
{'D3'},{'D1'},{'R3'},{'R2'},{'R1'},{'D2'},{'D6'},{'D5'},{'D7'},,&,1.0,&
{'D3'},{'D1'},{'R3'},{'R2'},{'D5'},{'D6'},{'D2'},{'D7'},{'D4'},{'R1'},&,1.0,&
{'D3'},{'D1'},{'R3'},{'R2'},{'D5'},{'D2'},{'R1'},,,,&,1.0,&
{'D3'},{'D1'},{'R3'},{'R2'},{'D5'},{'D2'},{'D6'},,,,&,1.0,&
{'D3'},{'D1'},{'R3'},{'R2'},{'D5'},{'D2'},{'D6'},{'D7'},{'R1'},{'D4'},&,1.0,&
{'D3'},{'D1'},{'R3'},{'R2'},{'D5'},{'R1'},,,,,&,1.0,&
{'D3'},{'D1'},{'R3'},{'R2'},{'D4'},{'D2'},{'R1'},{'D6'},{'D7'},{'D5'},&,1.0,&
{'D3'},{'D1'},{'R3'},{'D5'},{'D2'},,,,,,&,1.0,&
{'D3'},{'D1'},{'R3'},{'D5'},{'D2'},{'D7'},{'R2'},{'D6'},{'D4'},,&,1.0,&
{'D3'},{'D1'},{'R3'},{'D5'},{'D2'},{'D6'},,,,,&,1.0,&
{'D3'},{'D1'},{'R3'},{'D5'},{'D2'},{'D6'},{'R2'},{'D7'},{'D4'},,&,1.0,&
{'D3'},{'D1'},{'R3'},{'D5'},{'D2'},{'D4'},{'R2'},{'D7'},,,&,1.0,&
{'D3'},{'D1'},{'R3'},{'D5'},{'D6'},{'D2'},{'D7'},,,,&,1.0,&
{'D3'},{'D1'},{'R3'},{'D5'},{'R2'},{'D2'},{'D6'},,,,&,1.0,&
{'D3'},{'D1'},{'R3'},{'D5'},{'R2'},{'R1'},,,,,&,2.0,&
{'D3'},{'D1'},{'R3'},{'D4'},{'D2'},{'D6'},{'R2'},{'R1'},{'D7'},,&,1.0,&
{'D3'},{'D1'},{'R3'},{'D7'},,,,,,,&,2.0,&
{'D3'},{'D1'},{'R3'},{'D7'},{'D2'},,,,,,&,1.0,&
{'D3'},{'D1'},{'R3'},{'D7'},{'D2'},{'R2'},{'R1'},{'D6'},,,&,1.0,&
{'D3'},{'D1'},{'R3'},{'D7'},{'D2'},{'D6'},,,,,&,1.0,&
{'D3'},{'D1'},{'R3'},{'D7'},{'D2'},{'D6'},{'R1'},,,,&,1.0,&
{'D3'},{'D1'},{'R3'},{'D7'},{'R1'},{'R2'},{'D5'},,,,&,1.0,&
{'D3'},{'D1'},{'R3'},{'D7'},{'D5'},{'D2'},{'D6'},,,,&,1.0,&
{'D3'},{'D1'},{'R3'},{'D7'},{'R2'},,,,,,&,2.0,&
{'D3'},{'D1'},{'R3'},{'D7'},{'R2'},{'R1'},,,,,&,2.0,&
{'D3'},{'D1'},{'R3'},{'R1'},,,,,,,&,2.0,&
{'D3'},{'D1'},{'R3'},{'R1'},{'D2'},,,,,,&,1.0,&
{'D3'},{'D1'},{'R3'},{'R1'},{'D2'},{'D7'},{'R2'},{'D6'},{'D5'},,&,1.0,&
{'D3'},{'D1'},{'R3'},{'R1'},{'D2'},{'R2'},{'D5'},{'D7'},{'D6'},{'D4'},&,1.0,&
{'D3'},{'D1'},{'R3'},{'R1'},{'D2'},{'R2'},{'D6'},,,,&,1.0,&
{'D3'},{'D1'},{'R3'},{'R1'},{'D7'},{'R2'},{'D2'},{'D6'},{'D4'},,&,1.0,&
{'D3'},{'D1'},{'R3'},{'R1'},{'D5'},{'D2'},{'R2'},{'D4'},{'D7'},,&,1.0,&
{'D3'},{'D1'},{'R3'},{'R1'},{'R2'},,,,,,&,2.0,&
{'D3'},{'D1'},{'R3'},{'R1'},{'R2'},{'D2'},,,,,&,1.0,&
{'D3'},{'D1'},{'R3'},{'D6'},,,,,,,&,1.0,&
{'D3'},{'D1'},{'R3'},{'D6'},{'D5'},{'R2'},{'R1'},{'D7'},,,&,1.0,&
{'D3'},{'D1'},{'R3'},{'D6'},{'D5'},{'R2'},{'D2'},,,,&,1.0,&
{'D3'},{'D1'},{'R3'},{'D6'},{'R2'},{'D5'},,,,,&,1.0,&
{'D3'},{'D1'},{'R3'},{'D6'},{'R2'},{'D2'},{'R1'},,,,&,1.0,&
{'D3'},{'D1'},{'R3'},{'D6'},{'R2'},{'D4'},{'R1'},,,,&,1.0,&
{'D3'},{'D1'},{'R3'},{'D2'},,,,,,,&,17.0,&
{'D3'},{'D1'},{'R3'},{'D2'},{'D6'},,,,,,&,1.0,&
{'D3'},{'D1'},{'R3'},{'D2'},{'D6'},{'D7'},,,,,&,1.0,&
{'D3'},{'D1'},{'R3'},{'D2'},{'D6'},{'D7'},{'D5'},{'D4'},{'R2'},{'R1'},&,1.0,&
{'D3'},{'D1'},{'R3'},{'D2'},{'D6'},{'D7'},{'R2'},{'R1'},,,&,1.0,&
{'D3'},{'D1'},{'R3'},{'D2'},{'D6'},{'D7'},{'R1'},{'D5'},,,&,1.0,&
{'D3'},{'D1'},{'R3'},{'D2'},{'D6'},{'D7'},{'D4'},,,,&,1.0,&
{'D3'},{'D1'},{'R3'},{'D2'},{'D6'},{'D5'},,,,,&,1.0,&
{'D3'},{'D1'},{'R3'},{'D2'},{'D6'},{'D5'},{'D7'},{'R2'},,,&,2.0,&
{'D3'},{'D1'},{'R3'},{'D2'},{'D6'},{'D5'},{'D7'},{'R2'},{'R1'},,&,1.0,&
{'D3'},{'D1'},{'R3'},{'D2'},{'D6'},{'D5'},{'R2'},,,,&,1.0,&
{'D3'},{'D1'},{'R3'},{'D2'},{'D6'},{'D5'},{'R1'},,,,&,1.0,&
{'D3'},{'D1'},{'R3'},{'D2'},{'D6'},{'R2'},,,,,&,3.0,&
{'D3'},{'D1'},{'R3'},{'D2'},{'D6'},{'R2'},{'D7'},{'R1'},{'D5'},,&,1.0,&
{'D3'},{'D1'},{'R3'},{'D2'},{'D6'},{'R2'},{'D5'},,,,&,1.0,&
{'D3'},{'D1'},{'R3'},{'D2'},{'D6'},{'R2'},{'D5'},{'D7'},{'D4'},{'R1'},&,1.0,&
{'D3'},{'D1'},{'R3'},{'D2'},{'D6'},{'R2'},{'R1'},{'D7'},{'D5'},{'D4'},&,1.0,&
{'D3'},{'D1'},{'R3'},{'D2'},{'D6'},{'R2'},{'R1'},{'D5'},,,&,1.0,&
{'D3'},{'D1'},{'R3'},{'D2'},{'D6'},{'R2'},{'R1'},{'D5'},{'D7'},{'D4'},&,2.0,&
{'D3'},{'D1'},{'R3'},{'D2'},{'D6'},{'D4'},{'D5'},{'R2'},,,&,1.0,&
{'D3'},{'D1'},{'R3'},{'D2'},{'D7'},,,,,,&,1.0,&
{'D3'},{'D1'},{'R3'},{'D2'},{'D7'},{'R2'},,,,,&,2.0,&
{'D3'},{'D1'},{'R3'},{'D2'},{'D7'},{'R2'},{'R1'},,,,&,1.0,&
{'D3'},{'D1'},{'R3'},{'D2'},{'D7'},{'R2'},{'D6'},{'D5'},{'R1'},,&,1.0,&
{'D3'},{'D1'},{'R3'},{'D2'},{'D7'},{'R2'},{'D6'},{'D5'},{'D4'},,&,1.0,&
{'D3'},{'D1'},{'R3'},{'D2'},{'D7'},{'D6'},{'D5'},{'D4'},{'R2'},,&,1.0,&
{'D3'},{'D1'},{'R3'},{'D2'},{'D7'},{'D6'},{'D5'},{'R2'},,,&,1.0,&
{'D3'},{'D1'},{'R3'},{'D2'},{'D7'},{'D6'},{'R2'},{'R1'},,,&,1.0,&
{'D3'},{'D1'},{'R3'},{'D2'},{'D7'},{'D6'},{'R2'},{'R1'},{'D4'},,&,1.0,&
{'D3'},{'D1'},{'R3'},{'D2'},{'D7'},{'D4'},{'D6'},{'R2'},{'R1'},,&,1.0,&
{'D3'},{'D1'},{'R3'},{'D2'},{'R1'},{'D7'},{'D4'},{'R2'},{'D6'},{'D5'},&,1.0,&
{'D3'},{'D1'},{'R3'},{'D2'},{'R1'},{'R2'},{'D6'},{'D4'},{'D7'},,&,1.0,&
{'D3'},{'D1'},{'R3'},{'D2'},{'R1'},{'D6'},{'R2'},{'D4'},,,&,1.0,&
{'D3'},{'D1'},{'R3'},{'D2'},{'D5'},,,,,,&,2.0,&
{'D3'},{'D1'},{'R3'},{'D2'},{'D5'},{'D7'},,,,,&,1.0,&
{'D3'},{'D1'},{'R3'},{'D2'},{'D5'},{'R2'},,,,,&,1.0,&
{'D3'},{'D1'},{'R3'},{'D2'},{'D5'},{'R2'},{'D7'},{'R1'},,,&,1.0,&
{'D3'},{'D1'},{'R3'},{'D2'},{'D5'},{'R2'},{'R1'},,,,&,1.0,&
{'D3'},{'D1'},{'R3'},{'D2'},{'D5'},{'R2'},{'D6'},{'R1'},,,&,2.0,&
{'D3'},{'D1'},{'R3'},{'D2'},{'D5'},{'R2'},{'D6'},{'R1'},{'D4'},{'D7'},&,1.0,&
{'D3'},{'D1'},{'R3'},{'D2'},{'D5'},{'R1'},{'R2'},{'D6'},{'D7'},{'D4'},&,1.0,&
{'D3'},{'D1'},{'R3'},{'D2'},{'R2'},,,,,,&,10.0,&
{'D3'},{'D1'},{'R3'},{'D2'},{'R2'},{'D7'},,,,,&,1.0,&
{'D3'},{'D1'},{'R3'},{'D2'},{'R2'},{'D5'},{'D7'},{'D6'},{'R1'},{'D4'},&,1.0,&
{'D3'},{'D1'},{'R3'},{'D2'},{'R2'},{'D5'},{'D6'},{'R1'},{'D7'},,&,1.0,&
{'D3'},{'D1'},{'R3'},{'D2'},{'R2'},{'D5'},{'D4'},{'R1'},{'D6'},{'D7'},&,1.0,&
{'D3'},{'D1'},{'R3'},{'D2'},{'R2'},{'D6'},,,,,&,2.0,&
{'D3'},{'D1'},{'R3'},{'D2'},{'R2'},{'D6'},{'R1'},,,,&,1.0,&
{'D3'},{'D1'},{'R3'},{'D2'},{'R2'},{'D6'},{'R1'},{'D5'},{'D7'},{'D4'},&,1.0,&
{'D3'},{'D1'},{'R3'},{'D2'},{'R2'},{'R1'},,,,,&,2.0,&
{'D3'},{'D1'},{'R3'},{'D2'},{'R2'},{'R1'},{'D7'},,,,&,1.0,&
{'D3'},{'D1'},{'R3'},{'D2'},{'R2'},{'R1'},{'D7'},{'D6'},{'D5'},,&,1.0,&
{'D3'},{'D1'},{'R3'},{'D2'},{'R2'},{'R1'},{'D5'},,,,&,3.0,&
{'D3'},{'D1'},{'R3'},{'D2'},{'R2'},{'R1'},{'D6'},{'D7'},,,&,1.0,&
{'D3'},{'D1'},{'R3'},{'D2'},{'R2'},{'R1'},{'D6'},{'D7'},{'D5'},,&,1.0,&
{'D3'},{'D1'},{'R3'},{'D2'},{'R2'},{'R1'},{'D4'},{'D7'},{'D6'},{'D5'},&,1.0,&
{'D3'},{'D1'},{'R3'},{'D2'},{'R2'},{'D4'},{'D6'},{'D7'},,,&,1.0,&
{'D3'},{'D1'},{'R3'},{'D2'},{'D4'},,,,,,&,2.0,&
{'D3'},{'D1'},{'R3'},{'D2'},{'D4'},{'R2'},{'R1'},{'D7'},{'D5'},{'D6'},&,1.0,&
{'D3'},{'D1'},{'R3'},{'D2'},{'D4'},{'D6'},{'D7'},,,,&,1.0,&
{'D3'},{'D1'},{'R2'},,,,,,,,&,66.0,&
{'D3'},{'D1'},{'R2'},{'D5'},,,,,,,&,3.0,&
{'D3'},{'D1'},{'R2'},{'D5'},{'D2'},{'R3'},{'D6'},{'R1'},{'D7'},,&,1.0,&
{'D3'},{'D1'},{'R2'},{'D5'},{'D2'},{'R3'},{'D4'},{'D6'},{'R1'},,&,1.0,&
{'D3'},{'D1'},{'R2'},{'D5'},{'D7'},,,,,,&,1.0,&
{'D3'},{'D1'},{'R2'},{'D5'},{'D7'},{'D6'},,,,,&,1.0,&
{'D3'},{'D1'},{'R2'},{'D5'},{'D7'},{'D2'},{'R3'},{'D4'},{'R1'},,&,1.0,&
{'D3'},{'D1'},{'R2'},{'D5'},{'R1'},{'D7'},{'R3'},{'D6'},,,&,1.0,&
{'D3'},{'D1'},{'R2'},{'D5'},{'R1'},{'D2'},{'D4'},,,,&,1.0,&
{'D3'},{'D1'},{'R2'},{'D5'},{'R1'},{'R3'},{'D2'},,,,&,2.0,&
{'D3'},{'D1'},{'R2'},{'D5'},{'R3'},{'D6'},{'D7'},{'R1'},{'D2'},{'D4'},&,1.0,&
{'D3'},{'D1'},{'R2'},{'D5'},{'R3'},{'D2'},{'D7'},,,,&,1.0,&
{'D3'},{'D1'},{'R2'},{'D5'},{'R3'},{'R1'},,,,,&,1.0,&
{'D3'},{'D1'},{'R2'},{'D5'},{'R3'},{'R1'},{'D2'},,,,&,1.0,&
{'D3'},{'D1'},{'R2'},{'D5'},{'R3'},{'R1'},{'D2'},{'D7'},{'D6'},,&,1.0,&
{'D3'},{'D1'},{'R2'},{'D4'},{'D2'},,,,,,&,1.0,&
{'D3'},{'D1'},{'R2'},{'D4'},{'D2'},{'D7'},{'D5'},{'D6'},,,&,1.0,&
{'D3'},{'D1'},{'R2'},{'D7'},,,,,,,&,1.0,&
{'D3'},{'D1'},{'R2'},{'D7'},{'D2'},,,,,,&,2.0,&
{'D3'},{'D1'},{'R2'},{'D7'},{'D2'},{'D5'},{'R3'},{'R1'},{'D6'},{'D4'},&,1.0,&
{'D3'},{'D1'},{'R2'},{'D7'},{'D2'},{'R3'},,,,,&,3.0,&
{'D3'},{'D1'},{'R2'},{'D7'},{'D2'},{'R3'},{'D5'},{'D6'},{'R1'},,&,1.0,&
{'D3'},{'D1'},{'R2'},{'D7'},{'D2'},{'R3'},{'R1'},,,,&,1.0,&
{'D3'},{'D1'},{'R2'},{'D7'},{'D2'},{'R3'},{'R1'},{'D6'},{'D5'},{'D4'},&,1.0,&
{'D3'},{'D1'},{'R2'},{'D7'},{'D6'},,,,,,&,1.0,&
{'D3'},{'D1'},{'R2'},{'D7'},{'R1'},{'R3'},{'D2'},,,,&,1.0,&
{'D3'},{'D1'},{'R2'},{'D7'},{'R3'},{'D2'},{'R1'},,,,&,1.0,&
{'D3'},{'D1'},{'R2'},{'D7'},{'R3'},{'R1'},{'D2'},{'D6'},{'D5'},{'D4'},&,1.0,&
{'D3'},{'D1'},{'R2'},{'R1'},,,,,,,&,3.0,&
{'D3'},{'D1'},{'R2'},{'R1'},{'D2'},,,,,,&,2.0,&
{'D3'},{'D1'},{'R2'},{'R1'},{'D2'},{'D6'},,,,,&,1.0,&
{'D3'},{'D1'},{'R2'},{'R1'},{'D2'},{'R3'},{'D5'},{'D7'},{'D6'},,&,1.0,&
{'D3'},{'D1'},{'R2'},{'R1'},{'D2'},{'D4'},{'D5'},,,,&,1.0,&
{'D3'},{'D1'},{'R2'},{'R1'},{'D6'},{'D2'},{'D5'},{'R3'},{'D4'},{'D7'},&,1.0,&
{'D3'},{'D1'},{'R2'},{'R1'},{'D5'},,,,,,&,1.0,&
{'D3'},{'D1'},{'R2'},{'R1'},{'R3'},,,,,,&,5.0,&
{'D3'},{'D1'},{'R2'},{'R1'},{'R3'},{'D7'},{'D6'},,,,&,1.0,&
{'D3'},{'D1'},{'R2'},{'R1'},{'R3'},{'D7'},{'D2'},,,,&,1.0,&
{'D3'},{'D1'},{'R2'},{'R1'},{'R3'},{'D6'},{'D2'},{'D5'},,,&,1.0,&
{'D3'},{'D1'},{'R2'},{'R1'},{'R3'},{'D2'},{'D5'},,,,&,1.0,&
{'D3'},{'D1'},{'R2'},{'R1'},{'R3'},{'D2'},{'D6'},{'D7'},,,&,1.0,&
{'D3'},{'D1'},{'R2'},{'R3'},,,,,,,&,17.0,&
{'D3'},{'D1'},{'R2'},{'R3'},{'D2'},,,,,,&,14.0,&
{'D3'},{'D1'},{'R2'},{'R3'},{'D2'},{'D7'},,,,,&,1.0,&
{'D3'},{'D1'},{'R2'},{'R3'},{'D2'},{'D7'},{'R1'},,,,&,2.0,&
{'D3'},{'D1'},{'R2'},{'R3'},{'D2'},{'D7'},{'D6'},{'D5'},{'D4'},{'R1'},&,1.0,&
{'D3'},{'D1'},{'R2'},{'R3'},{'D2'},{'D5'},,,,,&,1.0,&
{'D3'},{'D1'},{'R2'},{'R3'},{'D2'},{'D5'},{'D7'},,,,&,1.0,&
{'D3'},{'D1'},{'R2'},{'R3'},{'D2'},{'D5'},{'R1'},,,,&,1.0,&
{'D3'},{'D1'},{'R2'},{'R3'},{'D2'},{'D5'},{'D6'},,,,&,1.0,&
{'D3'},{'D1'},{'R2'},{'R3'},{'D2'},{'D6'},{'D7'},,,,&,1.0,&
{'D3'},{'D1'},{'R2'},{'R3'},{'D2'},{'D6'},{'D7'},{'D5'},,,&,1.0,&
{'D3'},{'D1'},{'R2'},{'R3'},{'D2'},{'D6'},{'D7'},{'D5'},{'D4'},{'R1'},&,1.0,&
{'D3'},{'D1'},{'R2'},{'R3'},{'D2'},{'D6'},{'D7'},{'R1'},{'D4'},{'D5'},&,1.0,&
{'D3'},{'D1'},{'R2'},{'R3'},{'D2'},{'D6'},{'D5'},{'R1'},{'D7'},,&,1.0,&
{'D3'},{'D1'},{'R2'},{'R3'},{'D2'},{'D6'},{'R1'},,,,&,2.0,&
{'D3'},{'D1'},{'R2'},{'R3'},{'D2'},{'D6'},{'R1'},{'D5'},,,&,1.0,&
{'D3'},{'D1'},{'R2'},{'R3'},{'D2'},{'R1'},,,,,&,4.0,&
{'D3'},{'D1'},{'R2'},{'R3'},{'D2'},{'R1'},{'D7'},{'D5'},,,&,1.0,&
{'D3'},{'D1'},{'R2'},{'R3'},{'D2'},{'R1'},{'D5'},,,,&,1.0,&
{'D3'},{'D1'},{'R2'},{'R3'},{'D2'},{'R1'},{'D6'},,,,&,2.0,&
{'D3'},{'D1'},{'R2'},{'R3'},{'D2'},{'R1'},{'D6'},{'D4'},{'D5'},,&,1.0,&
{'D3'},{'D1'},{'R2'},{'R3'},{'D2'},{'R1'},{'D6'},{'D5'},{'D7'},,&,1.0,&
{'D3'},{'D1'},{'R2'},{'R3'},{'D2'},{'D4'},{'D6'},,,,&,1.0,&
{'D3'},{'D1'},{'R2'},{'R3'},{'D6'},,,,,,&,2.0,&
{'D3'},{'D1'},{'R2'},{'R3'},{'D6'},{'D7'},,,,,&,1.0,&
{'D3'},{'D1'},{'R2'},{'R3'},{'D6'},{'D5'},{'D2'},{'D4'},{'D7'},,&,1.0,&
{'D3'},{'D1'},{'R2'},{'R3'},{'D6'},{'R1'},{'D2'},{'D7'},{'D5'},,&,1.0,&
{'D3'},{'D1'},{'R2'},{'R3'},{'D7'},,,,,,&,1.0,&
{'D3'},{'D1'},{'R2'},{'R3'},{'D7'},{'D6'},{'D2'},{'D5'},{'D4'},,&,1.0,&
{'D3'},{'D1'},{'R2'},{'R3'},{'D7'},{'D2'},,,,,&,1.0,&
{'D3'},{'D1'},{'R2'},{'R3'},{'D7'},{'R1'},,,,,&,1.0,&
{'D3'},{'D1'},{'R2'},{'R3'},{'R1'},,,,,,&,7.0,&
{'D3'},{'D1'},{'R2'},{'R3'},{'R1'},{'D7'},,,,,&,1.0,&
{'D3'},{'D1'},{'R2'},{'R3'},{'R1'},{'D5'},,,,,&,1.0,&
{'D3'},{'D1'},{'R2'},{'R3'},{'R1'},{'D5'},{'D2'},{'D6'},{'D7'},,&,1.0,&
{'D3'},{'D1'},{'R2'},{'R3'},{'R1'},{'D6'},,,,,&,1.0,&
{'D3'},{'D1'},{'R2'},{'R3'},{'R1'},{'D6'},{'D2'},{'D5'},{'D7'},,&,1.0,&
{'D3'},{'D1'},{'R2'},{'R3'},{'R1'},{'D2'},,,,,&,6.0,&
{'D3'},{'D1'},{'R2'},{'R3'},{'R1'},{'D2'},{'D7'},,,,&,1.0,&
{'D3'},{'D1'},{'R2'},{'R3'},{'R1'},{'D2'},{'D7'},{'D6'},{'D5'},{'D4'},&,2.0,&
{'D3'},{'D1'},{'R2'},{'R3'},{'R1'},{'D2'},{'D7'},{'D5'},{'D4'},{'D6'},&,1.0,&
{'D3'},{'D1'},{'R2'},{'R3'},{'R1'},{'D2'},{'D5'},,,,&,1.0,&
{'D3'},{'D1'},{'R2'},{'R3'},{'R1'},{'D2'},{'D5'},{'D6'},,,&,3.0,&
{'D3'},{'D1'},{'R2'},{'R3'},{'R1'},{'D2'},{'D5'},{'D4'},,,&,1.0,&
{'D3'},{'D1'},{'R2'},{'R3'},{'R1'},{'D2'},{'D5'},{'D7'},,,&,1.0,&
{'D3'},{'D1'},{'R2'},{'R3'},{'R1'},{'D2'},{'D6'},,,,&,2.0,&
{'D3'},{'D1'},{'R2'},{'R3'},{'R1'},{'D2'},{'D6'},{'D7'},{'D5'},,&,1.0,&
{'D3'},{'D1'},{'R2'},{'R3'},{'R1'},{'D2'},{'D6'},{'D7'},{'D4'},{'D5'},&,1.0,&
{'D3'},{'D1'},{'R2'},{'R3'},{'D5'},,,,,,&,1.0,&
{'D3'},{'D1'},{'R2'},{'R3'},{'D5'},{'D2'},{'D4'},,,,&,1.0,&
{'D3'},{'D1'},{'R2'},{'R3'},{'D4'},,,,,,&,1.0,&
{'D3'},{'D1'},{'R2'},{'D6'},,,,,,,&,2.0,&
{'D3'},{'D1'},{'R2'},{'D6'},{'D2'},{'D7'},,,,,&,1.0,&
{'D3'},{'D1'},{'R2'},{'D6'},{'D2'},{'D7'},{'D5'},{'R3'},{'R1'},{'D4'},&,1.0,&
{'D3'},{'D1'},{'R2'},{'D6'},{'D2'},{'R3'},,,,,&,1.0,&
{'D3'},{'D1'},{'R2'},{'D6'},{'D2'},{'R3'},{'R1'},{'D5'},,,&,1.0,&
{'D3'},{'D1'},{'R2'},{'D6'},{'D7'},{'R3'},{'D2'},{'R1'},,,&,1.0,&
{'D3'},{'D1'},{'R2'},{'D6'},{'R3'},{'D2'},,,,,&,1.0,&
{'D3'},{'D1'},{'R2'},{'D6'},{'R3'},{'D2'},{'D7'},{'D5'},{'D4'},{'R1'},&,1.0,&
{'D3'},{'D1'},{'R2'},{'D6'},{'R3'},{'D2'},{'D5'},{'D7'},{'R1'},,&,1.0,&
{'D3'},{'D1'},{'R2'},{'D6'},{'R3'},{'D2'},{'R1'},,,,&,1.0,&
{'D3'},{'D1'},{'R2'},{'D6'},{'R3'},{'D2'},{'R1'},{'D5'},{'D7'},{'D4'},&,1.0,&
{'D3'},{'D1'},{'R2'},{'D6'},{'R3'},{'R1'},,,,,&,1.0,&
{'D3'},{'D1'},{'R2'},{'D2'},,,,,,,&,15.0,&
{'D3'},{'D1'},{'R2'},{'D2'},{'D6'},,,,,,&,5.0,&
{'D3'},{'D1'},{'R2'},{'D2'},{'D6'},{'D7'},,,,,&,3.0,&
{'D3'},{'D1'},{'R2'},{'D2'},{'D6'},{'D7'},{'D5'},{'R3'},,,&,1.0,&
{'D3'},{'D1'},{'R2'},{'D2'},{'D6'},{'D5'},,,,,&,2.0,&
{'D3'},{'D1'},{'R2'},{'D2'},{'D6'},{'D5'},{'R3'},{'D4'},,,&,1.0,&
{'D3'},{'D1'},{'R2'},{'D2'},{'D6'},{'D5'},{'R3'},{'D4'},{'D7'},,&,1.0,&
{'D3'},{'D1'},{'R2'},{'D2'},{'D6'},{'D5'},{'D4'},{'R1'},{'D7'},{'R3'},&,1.0,&
{'D3'},{'D1'},{'R2'},{'D2'},{'D6'},{'R3'},,,,,&,2.0,&
{'D3'},{'D1'},{'R2'},{'D2'},{'D6'},{'R3'},{'D5'},,,,&,1.0,&
{'D3'},{'D1'},{'R2'},{'D2'},{'D6'},{'R3'},{'R1'},,,,&,2.0,&
{'D3'},{'D1'},{'R2'},{'D2'},{'D6'},{'R3'},{'R1'},{'D4'},,,&,1.0,&
{'D3'},{'D1'},{'R2'},{'D2'},{'D6'},{'R3'},{'R1'},{'D5'},{'D7'},{'D4'},&,1.0,&
{'D3'},{'D1'},{'R2'},{'D2'},{'D6'},{'R1'},{'R3'},{'D7'},,,&,1.0,&
{'D3'},{'D1'},{'R2'},{'D2'},{'D6'},{'D4'},{'D7'},{'D5'},{'R3'},{'R1'},&,1.0,&
{'D3'},{'D1'},{'R2'},{'D2'},{'D7'},,,,,,&,3.0,&
{'D3'},{'D1'},{'R2'},{'D2'},{'D7'},{'D6'},,,,,&,2.0,&
{'D3'},{'D1'},{'R2'},{'D2'},{'D7'},{'D6'},{'R3'},{'R1'},,,&,1.0,&
{'D3'},{'D1'},{'R2'},{'D2'},{'D7'},{'D6'},{'R1'},{'D5'},{'R3'},{'D4'},&,1.0,&
{'D3'},{'D1'},{'R2'},{'D2'},{'D7'},{'R3'},,,,,&,1.0,&
{'D3'},{'D1'},{'R2'},{'D2'},{'D7'},{'R3'},{'D5'},,,,&,1.0,&
{'D3'},{'D1'},{'R2'},{'D2'},{'D7'},{'R3'},{'D5'},{'R1'},{'D6'},{'D4'},&,1.0,&
{'D3'},{'D1'},{'R2'},{'D2'},{'D7'},{'R3'},{'R1'},,,,&,1.0,&
{'D3'},{'D1'},{'R2'},{'D2'},{'D7'},{'R3'},{'R1'},{'D6'},{'D5'},,&,1.0,&
{'D3'},{'D1'},{'R2'},{'D2'},{'D7'},{'R1'},{'D5'},{'R3'},{'D4'},,&,1.0,&
{'D3'},{'D1'},{'R2'},{'D2'},{'R1'},{'R3'},{'D6'},,,,&,2.0,&
{'D3'},{'D1'},{'R2'},{'D2'},{'R1'},{'R3'},{'D6'},{'D5'},{'D7'},,&,1.0,&
{'D3'},{'D1'},{'R2'},{'D2'},{'R1'},{'D4'},{'D6'},{'D5'},,,&,1.0,&
{'D3'},{'D1'},{'R2'},{'D2'},{'D5'},,,,,,&,4.0,&
{'D3'},{'D1'},{'R2'},{'D2'},{'D5'},{'D7'},,,,,&,1.0,&
{'D3'},{'D1'},{'R2'},{'D2'},{'D5'},{'D7'},{'R3'},{'D6'},{'D4'},,&,1.0,&
{'D3'},{'D1'},{'R2'},{'D2'},{'D5'},{'D7'},{'R3'},{'R1'},{'D6'},{'D4'},&,1.0,&
{'D3'},{'D1'},{'R2'},{'D2'},{'D5'},{'D7'},{'D6'},{'D4'},{'R3'},,&,1.0,&
{'D3'},{'D1'},{'R2'},{'D2'},{'D5'},{'D7'},{'D6'},{'R3'},{'D4'},,&,1.0,&
{'D3'},{'D1'},{'R2'},{'D2'},{'D5'},{'D6'},,,,,&,2.0,&
{'D3'},{'D1'},{'R2'},{'D2'},{'D5'},{'D6'},{'R3'},{'R1'},{'D7'},,&,1.0,&
{'D3'},{'D1'},{'R2'},{'D2'},{'D5'},{'D6'},{'R1'},{'R3'},{'D7'},,&,1.0,&
{'D3'},{'D1'},{'R2'},{'D2'},{'D5'},{'R3'},,,,,&,1.0,&
{'D3'},{'D1'},{'R2'},{'D2'},{'D5'},{'R3'},{'R1'},{'D6'},,,&,1.0,&
{'D3'},{'D1'},{'R2'},{'D2'},{'D5'},{'R3'},{'R1'},{'D6'},{'D4'},{'D7'},&,1.0,&
{'D3'},{'D1'},{'R2'},{'D2'},{'D5'},{'R3'},{'D4'},{'D7'},{'R1'},,&,1.0,&
{'D3'},{'D1'},{'R2'},{'D2'},{'R3'},,,,,,&,5.0,&
{'D3'},{'D1'},{'R2'},{'D2'},{'R3'},{'D7'},{'D5'},,,,&,1.0,&
{'D3'},{'D1'},{'R2'},{'D2'},{'R3'},{'D7'},{'R1'},,,,&,1.0,&
{'D3'},{'D1'},{'R2'},{'D2'},{'R3'},{'D5'},,,,,&,2.0,&
{'D3'},{'D1'},{'R2'},{'D2'},{'R3'},{'D5'},{'D4'},{'R1'},,,&,1.0,&
{'D3'},{'D1'},{'R2'},{'D2'},{'R3'},{'D6'},,,,,&,1.0,&
{'D3'},{'D1'},{'R2'},{'D2'},{'R3'},{'D6'},{'D7'},{'D5'},{'R1'},,&,1.0,&
{'D3'},{'D1'},{'R2'},{'D2'},{'R3'},{'D6'},{'D7'},{'D5'},{'R1'},{'D4'},&,1.0,&
{'D3'},{'D1'},{'R2'},{'D2'},{'R3'},{'D6'},{'D5'},{'R1'},{'D7'},{'D4'},&,1.0,&
{'D3'},{'D1'},{'R2'},{'D2'},{'R3'},{'R1'},,,,,&,3.0,&
{'D3'},{'D1'},{'R2'},{'D2'},{'R3'},{'R1'},{'D7'},{'D6'},,,&,1.0,&
{'D3'},{'D1'},{'R2'},{'D2'},{'R3'},{'R1'},{'D7'},{'D5'},{'D6'},{'D4'},&,1.0,&
{'D3'},{'D1'},{'R2'},{'D2'},{'R3'},{'R1'},{'D7'},{'D5'},{'D4'},{'D6'},&,1.0,&
{'D3'},{'D1'},{'R2'},{'D2'},{'R3'},{'R1'},{'D5'},,,,&,1.0,&
{'D3'},{'D1'},{'R2'},{'D2'},{'R3'},{'R1'},{'D5'},{'D6'},{'D4'},,&,1.0,&
{'D3'},{'D1'},{'R2'},{'D2'},{'R3'},{'R1'},{'D5'},{'D6'},{'D4'},{'D7'},&,1.0,&
{'D3'},{'D1'},{'R2'},{'D2'},{'R3'},{'R1'},{'D6'},,,,&,2.0,&
{'D3'},{'D1'},{'R2'},{'D2'},{'R3'},{'R1'},{'D6'},{'D7'},{'D5'},{'D4'},&,1.0,&
{'D3'},{'D1'},{'R2'},{'D2'},{'R3'},{'R1'},{'D6'},{'D5'},{'D4'},,&,1.0,&
{'D3'},{'D1'},{'R2'},{'D2'},{'R3'},{'R1'},{'D4'},{'D6'},{'D5'},,&,1.0,&
{'D3'},{'D1'},{'R2'},{'D2'},{'R3'},{'R1'},{'D4'},{'D6'},{'D5'},{'D7'},&,1.0,&
{'D3'},{'D1'},{'R2'},{'D2'},{'R3'},{'R1'},{'D4'},{'D5'},{'D6'},{'D7'},&,1.0,&
{'D3'},{'D1'},{'R2'},{'D2'},{'R3'},{'D4'},{'D5'},{'D6'},{'D7'},,&,1.0,&
{'D3'},{'D1'},{'R2'},{'D2'},{'R3'},{'D4'},{'R1'},{'D6'},,,&,1.0,&
{'D3'},{'D1'},{'R2'},{'D2'},{'D4'},{'R3'},,,,,&,1.0,&
{'D3'},{'D1'},{'D2'},,,,,,,,&,143.0,&
{'D3'},{'D1'},{'D2'},{'R2'},,,,,,,&,14.0,&
{'D3'},{'D1'},{'D2'},{'R2'},{'D6'},,,,,,&,3.0,&
{'D3'},{'D1'},{'D2'},{'R2'},{'D6'},{'D7'},{'R3'},,,,&,1.0,&
{'D3'},{'D1'},{'D2'},{'R2'},{'D6'},{'D7'},{'D5'},{'D4'},{'R3'},,&,1.0,&
{'D3'},{'D1'},{'D2'},{'R2'},{'D6'},{'D7'},{'D5'},{'R3'},{'D4'},{'R1'},&,1.0,&
{'D3'},{'D1'},{'D2'},{'R2'},{'D6'},{'D5'},,,,,&,1.0,&
{'D3'},{'D1'},{'D2'},{'R2'},{'D6'},{'D5'},{'D4'},{'D7'},,,&,1.0,&
{'D3'},{'D1'},{'D2'},{'R2'},{'D6'},{'R3'},,,,,&,2.0,&
{'D3'},{'D1'},{'D2'},{'R2'},{'D6'},{'R3'},{'D7'},{'R1'},{'D5'},,&,1.0,&
{'D3'},{'D1'},{'D2'},{'R2'},{'D6'},{'R3'},{'D5'},{'D7'},{'D4'},,&,1.0,&
{'D3'},{'D1'},{'D2'},{'R2'},{'D6'},{'R3'},{'D5'},{'R1'},{'D4'},,&,1.0,&
{'D3'},{'D1'},{'D2'},{'R2'},{'D6'},{'R3'},{'R1'},{'D7'},{'D5'},,&,1.0,&
{'D3'},{'D1'},{'D2'},{'R2'},{'D6'},{'R3'},{'R1'},{'D7'},{'D5'},{'D4'},&,1.0,&
{'D3'},{'D1'},{'D2'},{'R2'},{'D6'},{'R1'},,,,,&,1.0,&
{'D3'},{'D1'},{'D2'},{'R2'},{'D6'},{'R1'},{'R3'},{'D5'},{'D7'},{'D4'},&,1.0,&
{'D3'},{'D1'},{'D2'},{'R2'},{'D6'},{'D4'},,,,,&,1.0,&
{'D3'},{'D1'},{'D2'},{'R2'},{'D7'},,,,,,&,6.0,&
{'D3'},{'D1'},{'D2'},{'R2'},{'D7'},{'D5'},,,,,&,1.0,&
{'D3'},{'D1'},{'D2'},{'R2'},{'D7'},{'D5'},{'R3'},{'D6'},{'D4'},,&,1.0,&
{'D3'},{'D1'},{'D2'},{'R2'},{'D7'},{'D5'},{'R3'},{'R1'},{'D6'},,&,1.0,&
{'D3'},{'D1'},{'D2'},{'R2'},{'D7'},{'D6'},{'R3'},{'D5'},{'D4'},,&,1.0,&
{'D3'},{'D1'},{'D2'},{'R2'},{'D7'},{'D6'},{'D5'},{'D4'},{'R1'},,&,1.0,&
{'D3'},{'D1'},{'D2'},{'R2'},{'D7'},{'D6'},{'D5'},{'R3'},{'R1'},,&,1.0,&
{'D3'},{'D1'},{'D2'},{'R2'},{'D7'},{'R3'},{'D5'},{'D6'},{'R1'},{'D4'},&,1.0,&
{'D3'},{'D1'},{'D2'},{'R2'},{'D7'},{'R3'},{'R1'},,,,&,1.0,&
{'D3'},{'D1'},{'D2'},{'R2'},{'D7'},{'R1'},{'D4'},{'D6'},{'D5'},,&,1.0,&
{'D3'},{'D1'},{'D2'},{'R2'},{'R1'},,,,,,&,2.0,&
{'D3'},{'D1'},{'D2'},{'R2'},{'R1'},{'D5'},{'D6'},{'D7'},{'D4'},{'R3'},&,1.0,&
{'D3'},{'D1'},{'D2'},{'R2'},{'R1'},{'D6'},,,,,&,1.0,&
{'D3'},{'D1'},{'D2'},{'R2'},{'R1'},{'D6'},{'D7'},{'D5'},{'R3'},,&,1.0,&
{'D3'},{'D1'},{'D2'},{'R2'},{'R1'},{'D6'},{'D4'},,,,&,1.0,&
{'D3'},{'D1'},{'D2'},{'R2'},{'R1'},{'R3'},,,,,&,2.0,&
{'D3'},{'D1'},{'D2'},{'R2'},{'R1'},{'R3'},{'D7'},{'D6'},{'D5'},,&,1.0,&
{'D3'},{'D1'},{'D2'},{'R2'},{'R1'},{'R3'},{'D5'},{'D6'},{'D7'},{'D4'},&,1.0,&
{'D3'},{'D1'},{'D2'},{'R2'},{'R1'},{'R3'},{'D6'},{'D5'},{'D4'},{'D7'},&,1.0,&
{'D3'},{'D1'},{'D2'},{'R2'},{'R1'},{'R3'},{'D4'},{'D7'},,,&,1.0,&
{'D3'},{'D1'},{'D2'},{'R2'},{'D5'},,,,,,&,3.0,&
{'D3'},{'D1'},{'D2'},{'R2'},{'D5'},{'D7'},{'D6'},{'D4'},{'R3'},{'R1'},&,1.0,&
{'D3'},{'D1'},{'D2'},{'R2'},{'D5'},{'D6'},,,,,&,2.0,&
{'D3'},{'D1'},{'D2'},{'R2'},{'D5'},{'D6'},{'D4'},{'R3'},{'R1'},{'D7'},&,1.0,&
{'D3'},{'D1'},{'D2'},{'R2'},{'D5'},{'D6'},{'D4'},{'R3'},{'D7'},{'R1'},&,1.0,&
{'D3'},{'D1'},{'D2'},{'R2'},{'D5'},{'R3'},,,,,&,1.0,&
{'D3'},{'D1'},{'D2'},{'R2'},{'D5'},{'R3'},{'R1'},{'D7'},{'D6'},{'D4'},&,1.0,&
{'D3'},{'D1'},{'D2'},{'R2'},{'R3'},,,,,,&,15.0,&
{'D3'},{'D1'},{'D2'},{'R2'},{'R3'},{'D7'},,,,,&,1.0,&
{'D3'},{'D1'},{'D2'},{'R2'},{'R3'},{'D7'},{'R1'},{'D6'},{'D5'},,&,1.0,&
{'D3'},{'D1'},{'D2'},{'R2'},{'R3'},{'D7'},{'D6'},{'D5'},,,&,1.0,&
{'D3'},{'D1'},{'D2'},{'R2'},{'R3'},{'D7'},{'D6'},{'D5'},{'R1'},,&,1.0,&
{'D3'},{'D1'},{'D2'},{'R2'},{'R3'},{'D7'},{'D6'},{'R1'},,,&,1.0,&
{'D3'},{'D1'},{'D2'},{'R2'},{'R3'},{'D5'},{'R1'},,,,&,1.0,&
{'D3'},{'D1'},{'D2'},{'R2'},{'R3'},{'D5'},{'R1'},{'D7'},,,&,1.0,&
{'D3'},{'D1'},{'D2'},{'R2'},{'R3'},{'D5'},{'R1'},{'D7'},{'D6'},{'D4'},&,1.0,&
{'D3'},{'D1'},{'D2'},{'R2'},{'R3'},{'D5'},{'D6'},{'R1'},{'D7'},{'D4'},&,1.0,&
{'D3'},{'D1'},{'D2'},{'R2'},{'R3'},{'D6'},,,,,&,2.0,&
{'D3'},{'D1'},{'D2'},{'R2'},{'R3'},{'D6'},{'D7'},{'R1'},,,&,1.0,&
{'D3'},{'D1'},{'D2'},{'R2'},{'R3'},{'D6'},{'D7'},{'R1'},{'D5'},,&,1.0,&
{'D3'},{'D1'},{'D2'},{'R2'},{'R3'},{'D6'},{'D7'},{'R1'},{'D5'},{'D4'},&,1.0,&
{'D3'},{'D1'},{'D2'},{'R2'},{'R3'},{'D6'},{'D5'},{'R1'},{'D4'},,&,1.0,&
{'D3'},{'D1'},{'D2'},{'R2'},{'R3'},{'D6'},{'R1'},{'D5'},,,&,1.0,&
{'D3'},{'D1'},{'D2'},{'R2'},{'R3'},{'D6'},{'D4'},{'D7'},{'R1'},,&,1.0,&
{'D3'},{'D1'},{'D2'},{'R2'},{'R3'},{'R1'},,,,,&,5.0,&
{'D3'},{'D1'},{'D2'},{'R2'},{'R3'},{'R1'},{'D7'},{'D6'},,,&,1.0,&
{'D3'},{'D1'},{'D2'},{'R2'},{'R3'},{'R1'},{'D5'},{'D6'},{'D7'},,&,1.0,&
{'D3'},{'D1'},{'D2'},{'R2'},{'R3'},{'R1'},{'D5'},{'D7'},{'D6'},{'D4'},&,2.0,&
{'D3'},{'D1'},{'D2'},{'R2'},{'R3'},{'D4'},{'R1'},{'D6'},,,&,1.0,&
{'D3'},{'D1'},{'D2'},{'R2'},{'D4'},{'D5'},{'D6'},{'D7'},{'R3'},{'R1'},&,1.0,&
{'D3'},{'D1'},{'D2'},{'R2'},{'D4'},{'D6'},,,,,&,1.0,&
{'D3'},{'D1'},{'D2'},{'R2'},{'D4'},{'D6'},{'D5'},{'D7'},,,&,1.0,&
{'D3'},{'D1'},{'D2'},{'D5'},,,,,,,&,20.0,&
{'D3'},{'D1'},{'D2'},{'D5'},{'D6'},,,,,,&,3.0,&
{'D3'},{'D1'},{'D2'},{'D5'},{'D6'},{'D7'},,,,,&,2.0,&
{'D3'},{'D1'},{'D2'},{'D5'},{'D6'},{'D7'},{'R3'},,,,&,4.0,&
{'D3'},{'D1'},{'D2'},{'D5'},{'D6'},{'D7'},{'D4'},{'R2'},{'R3'},{'R1'},&,1.0,&
{'D3'},{'D1'},{'D2'},{'D5'},{'D6'},{'D7'},{'D4'},{'R3'},,,&,1.0,&
{'D3'},{'D1'},{'D2'},{'D5'},{'D6'},{'R2'},,,,,&,2.0,&
{'D3'},{'D1'},{'D2'},{'D5'},{'D6'},{'R2'},{'D7'},,,,&,1.0,&
{'D3'},{'D1'},{'D2'},{'D5'},{'D6'},{'R2'},{'D7'},{'R3'},{'R1'},,&,1.0,&
{'D3'},{'D1'},{'D2'},{'D5'},{'D6'},{'R2'},{'D4'},{'R3'},{'R1'},{'D7'},&,1.0,&
{'D3'},{'D1'},{'D2'},{'D5'},{'D6'},{'R3'},{'R2'},{'D7'},,,&,1.0,&
{'D3'},{'D1'},{'D2'},{'D5'},{'D6'},{'R3'},{'R2'},{'D7'},{'D4'},{'R1'},&,1.0,&
{'D3'},{'D1'},{'D2'},{'D5'},{'D6'},{'R3'},{'D4'},{'D7'},,,&,1.0,&
{'D3'},{'D1'},{'D2'},{'D5'},{'D7'},,,,,,&,2.0,&
{'D3'},{'D1'},{'D2'},{'D5'},{'D7'},{'D6'},,,,,&,1.0,&
{'D3'},{'D1'},{'D2'},{'D5'},{'D7'},{'D6'},{'R3'},{'D4'},{'R1'},{'R2'},&,1.0,&
{'D3'},{'D1'},{'D2'},{'D5'},{'D7'},{'D6'},{'R3'},{'R2'},{'R1'},{'D4'},&,1.0,&
{'D3'},{'D1'},{'D2'},{'D5'},{'D7'},{'D6'},{'R1'},{'R3'},,,&,1.0,&
{'D3'},{'D1'},{'D2'},{'D5'},{'D7'},{'D6'},{'D4'},{'R2'},,,&,1.0,&
{'D3'},{'D1'},{'D2'},{'D5'},{'D7'},{'D6'},{'D4'},{'R2'},{'R3'},,&,1.0,&
{'D3'},{'D1'},{'D2'},{'D5'},{'D7'},{'D6'},{'D4'},{'R3'},{'R2'},{'R1'},&,1.0,&
{'D3'},{'D1'},{'D2'},{'D5'},{'D7'},{'R3'},{'R2'},{'R1'},,,&,1.0,&
{'D3'},{'D1'},{'D2'},{'D5'},{'R1'},{'D7'},{'R2'},{'D6'},{'R3'},{'D4'},&,1.0,&
{'D3'},{'D1'},{'D2'},{'D5'},{'R1'},{'R2'},{'R3'},{'D7'},{'D6'},{'D4'},&,1.0,&
{'D3'},{'D1'},{'D2'},{'D5'},{'R1'},{'D6'},{'D7'},{'D4'},{'R3'},{'R2'},&,1.0,&
{'D3'},{'D1'},{'D2'},{'D5'},{'R1'},{'R3'},{'D7'},,,,&,1.0,&
{'D3'},{'D1'},{'D2'},{'D5'},{'R3'},{'D7'},{'R1'},,,,&,1.0,&
{'D3'},{'D1'},{'D2'},{'D5'},{'R3'},{'D7'},{'R1'},{'D6'},{'D4'},,&,1.0,&
{'D3'},{'D1'},{'D2'},{'D5'},{'R3'},{'R2'},{'R1'},,,,&,1.0,&
{'D3'},{'D1'},{'D2'},{'D5'},{'R3'},{'R2'},{'R1'},{'D6'},{'D7'},{'D4'},&,1.0,&
{'D3'},{'D1'},{'D2'},{'D5'},{'R3'},{'D6'},{'D7'},{'R2'},,,&,1.0,&
{'D3'},{'D1'},{'D2'},{'D5'},{'R3'},{'D6'},{'D7'},{'R2'},{'D4'},{'R1'},&,1.0,&
{'D3'},{'D1'},{'D2'},{'D5'},{'R3'},{'R1'},,,,,&,1.0,&
{'D3'},{'D1'},{'D2'},{'D5'},{'R3'},{'R1'},{'R2'},{'D7'},,,&,1.0,&
{'D3'},{'D1'},{'D2'},{'D5'},{'R3'},{'R1'},{'D6'},{'R2'},,,&,1.0,&
{'D3'},{'D1'},{'D2'},{'D5'},{'R3'},{'D4'},{'D7'},,,,&,1.0,&
{'D3'},{'D1'},{'D2'},{'D5'},{'R3'},{'D4'},{'D6'},{'R2'},,,&,1.0,&
{'D3'},{'D1'},{'D2'},{'D5'},{'R2'},,,,,,&,2.0,&
{'D3'},{'D1'},{'D2'},{'D5'},{'R2'},{'D7'},,,,,&,1.0,&
{'D3'},{'D1'},{'D2'},{'D5'},{'R2'},{'D6'},{'D7'},,,,&,1.0,&
{'D3'},{'D1'},{'D2'},{'D5'},{'R2'},{'D6'},{'D7'},{'D4'},{'R1'},,&,1.0,&
{'D3'},{'D1'},{'D2'},{'D5'},{'R2'},{'D6'},{'R3'},,,,&,2.0,&
{'D3'},{'D1'},{'D2'},{'D5'},{'R2'},{'D6'},{'R3'},{'D4'},{'D7'},,&,1.0,&
{'D3'},{'D1'},{'D2'},{'D5'},{'R2'},{'D6'},{'R3'},{'D7'},{'D4'},{'R1'},&,1.0,&
{'D3'},{'D1'},{'D2'},{'D5'},{'R2'},{'D6'},{'R1'},{'D7'},{'D4'},{'R3'},&,1.0,&
{'D3'},{'D1'},{'D2'},{'D5'},{'R2'},{'R3'},,,,,&,1.0,&
{'D3'},{'D1'},{'D2'},{'D5'},{'R2'},{'R3'},{'D7'},{'D6'},{'R1'},,&,1.0,&
{'D3'},{'D1'},{'D2'},{'D5'},{'R2'},{'R3'},{'R1'},{'D4'},{'D7'},,&,1.0,&
{'D3'},{'D1'},{'D2'},{'D5'},{'R2'},{'R3'},{'R1'},{'D4'},{'D7'},{'D6'},&,1.0,&
{'D3'},{'D1'},{'D2'},{'D5'},{'R2'},{'R3'},{'D6'},{'D7'},,,&,1.0,&
{'D3'},{'D1'},{'D2'},{'D5'},{'R2'},{'R3'},{'D4'},{'D7'},{'R1'},{'D6'},&,1.0,&
{'D3'},{'D1'},{'D2'},{'D5'},{'D4'},,,,,,&,3.0,&
{'D3'},{'D1'},{'D2'},{'D5'},{'D4'},{'R2'},{'D7'},{'R3'},{'D6'},{'R1'},&,1.0,&
{'D3'},{'D1'},{'D2'},{'D5'},{'D4'},{'D6'},{'R2'},,,,&,1.0,&
{'D3'},{'D1'},{'D2'},{'D5'},{'D4'},{'R1'},,,,,&,1.0,&
{'D3'},{'D1'},{'D2'},{'D4'},,,,,,,&,3.0,&
{'D3'},{'D1'},{'D2'},{'D4'},{'D6'},,,,,,&,1.0,&
{'D3'},{'D1'},{'D2'},{'D4'},{'D6'},{'R2'},,,,,&,1.0,&
{'D3'},{'D1'},{'D2'},{'D4'},{'D6'},{'R3'},{'D5'},{'D7'},{'R2'},{'R1'},&,1.0,&
{'D3'},{'D1'},{'D2'},{'D4'},{'D6'},{'R3'},{'R2'},,,,&,1.0,&
{'D3'},{'D1'},{'D2'},{'D4'},{'D7'},{'D6'},{'D5'},{'R3'},{'R2'},{'R1'},&,1.0,&
{'D3'},{'D1'},{'D2'},{'D4'},{'D7'},{'D6'},{'R2'},,,,&,1.0,&
{'D3'},{'D1'},{'D2'},{'D4'},{'R1'},{'R2'},{'D7'},,,,&,1.0,&
{'D3'},{'D1'},{'D2'},{'D4'},{'R1'},{'R3'},{'D7'},{'D5'},{'R2'},{'D6'},&,1.0,&
{'D3'},{'D1'},{'D2'},{'D4'},{'D5'},{'D7'},{'D6'},,,,&,1.0,&
{'D3'},{'D1'},{'D2'},{'D4'},{'D5'},{'D6'},{'D7'},{'R2'},{'R3'},{'R1'},&,1.0,&
{'D3'},{'D1'},{'D2'},{'D4'},{'D5'},{'R1'},,,,,&,1.0,&
{'D3'},{'D1'},{'D2'},{'D4'},{'R3'},,,,,,&,1.0,&
{'D3'},{'D1'},{'D2'},{'D4'},{'R3'},{'D7'},{'R2'},{'D5'},{'D6'},,&,1.0,&
{'D3'},{'D1'},{'D2'},{'D4'},{'R3'},{'D5'},,,,,&,1.0,&
{'D3'},{'D1'},{'D2'},{'D4'},{'R3'},{'R1'},{'D6'},{'D7'},{'R2'},,&,1.0,&
{'D3'},{'D1'},{'D2'},{'D4'},{'R2'},{'D7'},,,,,&,1.0,&
{'D3'},{'D1'},{'D2'},{'D4'},{'R2'},{'D5'},{'R3'},{'D7'},{'R1'},{'D6'},&,1.0,&
{'D3'},{'D1'},{'D2'},{'D4'},{'R2'},{'D6'},,,,,&,1.0,&
{'D3'},{'D1'},{'D2'},{'D7'},,,,,,,&,10.0,&
{'D3'},{'D1'},{'D2'},{'D7'},{'D6'},,,,,,&,3.0,&
{'D3'},{'D1'},{'D2'},{'D7'},{'D6'},{'D5'},,,,,&,1.0,&
{'D3'},{'D1'},{'D2'},{'D7'},{'D6'},{'D5'},{'R2'},{'R1'},,,&,1.0,&
{'D3'},{'D1'},{'D2'},{'D7'},{'D6'},{'D5'},{'D4'},{'R3'},,,&,1.0,&
{'D3'},{'D1'},{'D2'},{'D7'},{'D6'},{'R2'},{'R1'},{'D5'},{'R3'},{'D4'},&,1.0,&
{'D3'},{'D1'},{'D2'},{'D7'},{'D6'},{'R2'},{'D4'},{'D5'},,,&,1.0,&
{'D3'},{'D1'},{'D2'},{'D7'},{'D6'},{'R2'},{'D4'},{'D5'},{'R3'},,&,1.0,&
{'D3'},{'D1'},{'D2'},{'D7'},{'D6'},{'R3'},,,,,&,1.0,&
{'D3'},{'D1'},{'D2'},{'D7'},{'D6'},{'R3'},{'R2'},{'D5'},{'D4'},,&,1.0,&
{'D3'},{'D1'},{'D2'},{'D7'},{'D6'},{'R1'},{'D5'},,,,&,1.0,&
{'D3'},{'D1'},{'D2'},{'D7'},{'D6'},{'D4'},{'D5'},,,,&,1.0,&
{'D3'},{'D1'},{'D2'},{'D7'},{'D6'},{'D4'},{'R2'},{'R3'},{'R1'},,&,1.0,&
{'D3'},{'D1'},{'D2'},{'D7'},{'R1'},{'D5'},{'R3'},{'R2'},,,&,1.0,&
{'D3'},{'D1'},{'D2'},{'D7'},{'R1'},{'R2'},{'D6'},,,,&,1.0,&
{'D3'},{'D1'},{'D2'},{'D7'},{'R1'},{'D6'},{'R2'},{'D4'},{'D5'},{'R3'},&,1.0,&
{'D3'},{'D1'},{'D2'},{'D7'},{'D5'},,,,,,&,3.0,&
{'D3'},{'D1'},{'D2'},{'D7'},{'D5'},{'R2'},,,,,&,1.0,&
{'D3'},{'D1'},{'D2'},{'D7'},{'D5'},{'D6'},{'D4'},{'R3'},{'R2'},{'R1'},&,1.0,&
{'D3'},{'D1'},{'D2'},{'D7'},{'D5'},{'R3'},{'R2'},{'D6'},,,&,1.0,&
{'D3'},{'D1'},{'D2'},{'D7'},{'D5'},{'R1'},{'D6'},{'R2'},{'R3'},{'D4'},&,1.0,&
{'D3'},{'D1'},{'D2'},{'D7'},{'R3'},,,,,,&,4.0,&
{'D3'},{'D1'},{'D2'},{'D7'},{'R3'},{'D5'},{'D6'},{'D4'},{'R2'},{'R1'},&,1.0,&
{'D3'},{'D1'},{'D2'},{'D7'},{'R3'},{'R2'},{'D5'},{'D6'},{'R1'},{'D4'},&,1.0,&
{'D3'},{'D1'},{'D2'},{'D7'},{'R3'},{'D6'},,,,,&,1.0,&
{'D3'},{'D1'},{'D2'},{'D7'},{'R3'},{'D6'},{'D5'},{'R2'},{'D4'},,&,1.0,&
{'D3'},{'D1'},{'D2'},{'D7'},{'R3'},{'D6'},{'D4'},,,,&,1.0,&
{'D3'},{'D1'},{'D2'},{'D7'},{'R3'},{'R1'},{'D5'},{'D6'},,,&,1.0,&
{'D3'},{'D1'},{'D2'},{'D7'},{'R3'},{'D4'},,,,,&,1.0,&
{'D3'},{'D1'},{'D2'},{'D7'},{'R2'},,,,,,&,3.0,&
{'D3'},{'D1'},{'D2'},{'D7'},{'R2'},{'D5'},,,,,&,1.0,&
{'D3'},{'D1'},{'D2'},{'D7'},{'R2'},{'D5'},{'R3'},{'D6'},{'D4'},{'R1'},&,1.0,&
{'D3'},{'D1'},{'D2'},{'D7'},{'R2'},{'D5'},{'D6'},,,,&,1.0,&
{'D3'},{'D1'},{'D2'},{'D7'},{'R2'},{'D5'},{'D6'},{'R3'},{'D4'},{'R1'},&,1.0,&
{'D3'},{'D1'},{'D2'},{'D7'},{'R2'},{'D5'},{'D4'},,,,&,1.0,&
{'D3'},{'D1'},{'D2'},{'D7'},{'R2'},{'D6'},{'D5'},{'R3'},,,&,1.0,&
{'D3'},{'D1'},{'D2'},{'D7'},{'R2'},{'R3'},{'R1'},,,,&,1.0,&
{'D3'},{'D1'},{'D2'},{'D7'},{'R2'},{'D4'},{'D5'},{'R3'},{'R1'},{'D6'},&,1.0,&
{'D3'},{'D1'},{'D2'},{'D7'},{'D4'},{'R2'},{'D5'},{'D6'},{'R3'},{'R1'},&,1.0,&
{'D3'},{'D1'},{'D2'},{'D7'},{'D4'},{'R3'},,,,,&,1.0,&
{'D3'},{'D1'},{'D2'},{'R1'},,,,,,,&,5.0,&
{'D3'},{'D1'},{'D2'},{'R1'},{'D6'},,,,,,&,1.0,&
{'D3'},{'D1'},{'D2'},{'R1'},{'D6'},{'D7'},,,,,&,1.0,&
{'D3'},{'D1'},{'D2'},{'R1'},{'D6'},{'R2'},{'D7'},{'D4'},{'R3'},{'D5'},&,1.0,&
{'D3'},{'D1'},{'D2'},{'R1'},{'D7'},,,,,,&,1.0,&
{'D3'},{'D1'},{'D2'},{'R1'},{'D7'},{'D4'},,,,,&,1.0,&
{'D3'},{'D1'},{'D2'},{'R1'},{'D5'},,,,,,&,1.0,&
{'D3'},{'D1'},{'D2'},{'R1'},{'D5'},{'R3'},{'D4'},{'R2'},,,&,1.0,&
{'D3'},{'D1'},{'D2'},{'R1'},{'R3'},,,,,,&,3.0,&
{'D3'},{'D1'},{'D2'},{'R1'},{'R3'},{'R2'},,,,,&,1.0,&
{'D3'},{'D1'},{'D2'},{'R1'},{'R3'},{'R2'},{'D6'},{'D5'},,,&,1.0,&
{'D3'},{'D1'},{'D2'},{'R1'},{'R3'},{'R2'},{'D6'},{'D5'},{'D7'},,&,1.0,&
{'D3'},{'D1'},{'D2'},{'R1'},{'R3'},{'D6'},{'D5'},{'D7'},{'D4'},,&,1.0,&
{'D3'},{'D1'},{'D2'},{'R1'},{'R2'},{'D5'},{'D6'},{'D4'},{'D7'},,&,1.0,&
{'D3'},{'D1'},{'D2'},{'R1'},{'R2'},{'D6'},{'D5'},,,,&,1.0,&
{'D3'},{'D1'},{'D2'},{'R1'},{'R2'},{'R3'},,,,,&,2.0,&
{'D3'},{'D1'},{'D2'},{'R1'},{'D4'},{'D5'},{'D6'},{'D7'},,,&,1.0,&
{'D3'},{'D1'},{'D2'},{'R1'},{'D4'},{'R2'},{'D7'},{'D6'},{'D5'},,&,1.0,&
{'D3'},{'D1'},{'D2'},{'R3'},,,,,,,&,22.0,&
{'D3'},{'D1'},{'D2'},{'R3'},{'D6'},,,,,,&,7.0,&
{'D3'},{'D1'},{'D2'},{'R3'},{'D6'},{'D7'},{'D5'},{'R2'},,,&,1.0,&
{'D3'},{'D1'},{'D2'},{'R3'},{'D6'},{'D7'},{'D5'},{'R2'},{'R1'},,&,1.0,&
{'D3'},{'D1'},{'D2'},{'R3'},{'D6'},{'D7'},{'R2'},{'D5'},,,&,1.0,&
{'D3'},{'D1'},{'D2'},{'R3'},{'D6'},{'D7'},{'R2'},{'R1'},{'D5'},,&,1.0,&
{'D3'},{'D1'},{'D2'},{'R3'},{'D6'},{'D5'},,,,,&,2.0,&
{'D3'},{'D1'},{'D2'},{'R3'},{'D6'},{'D5'},{'R2'},,,,&,1.0,&
{'D3'},{'D1'},{'D2'},{'R3'},{'D6'},{'D5'},{'R2'},{'R1'},,,&,1.0,&
{'D3'},{'D1'},{'D2'},{'R3'},{'D6'},{'R2'},{'D7'},,,,&,1.0,&
{'D3'},{'D1'},{'D2'},{'R3'},{'D6'},{'R2'},{'R1'},,,,&,2.0,&
{'D3'},{'D1'},{'D2'},{'R3'},{'D6'},{'R2'},{'R1'},{'D4'},,,&,1.0,&
{'D3'},{'D1'},{'D2'},{'R3'},{'D6'},{'R2'},{'D4'},{'D5'},{'R1'},{'D7'},&,1.0,&
{'D3'},{'D1'},{'D2'},{'R3'},{'D6'},{'R1'},,,,,&,2.0,&
{'D3'},{'D1'},{'D2'},{'R3'},{'D6'},{'R1'},{'R2'},{'D5'},{'D7'},{'D4'},&,1.0,&
{'D3'},{'D1'},{'D2'},{'R3'},{'D6'},{'D4'},{'D7'},{'R2'},{'D5'},{'R1'},&,1.0,&
{'D3'},{'D1'},{'D2'},{'R3'},{'D7'},,,,,,&,6.0,&
{'D3'},{'D1'},{'D2'},{'R3'},{'D7'},{'D5'},{'R2'},{'R1'},{'D4'},,&,1.0,&
{'D3'},{'D1'},{'D2'},{'R3'},{'D7'},{'D5'},{'D6'},{'D4'},{'R2'},,&,1.0,&
{'D3'},{'D1'},{'D2'},{'R3'},{'D7'},{'D5'},{'D6'},{'R2'},{'D4'},,&,1.0,&
{'D3'},{'D1'},{'D2'},{'R3'},{'D7'},{'R2'},{'D5'},,,,&,1.0,&
{'D3'},{'D1'},{'D2'},{'R3'},{'D7'},{'R2'},{'R1'},{'D6'},,,&,1.0,&
{'D3'},{'D1'},{'D2'},{'R3'},{'R1'},,,,,,&,1.0,&
{'D3'},{'D1'},{'D2'},{'R3'},{'R1'},{'D5'},{'D6'},{'R2'},,,&,1.0,&
{'D3'},{'D1'},{'D2'},{'R3'},{'D5'},,,,,,&,2.0,&
{'D3'},{'D1'},{'D2'},{'R3'},{'D5'},{'D7'},{'R2'},{'D6'},{'D4'},{'R1'},&,1.0,&
{'D3'},{'D1'},{'D2'},{'R3'},{'D5'},{'R2'},,,,,&,3.0,&
{'D3'},{'D1'},{'D2'},{'R3'},{'D5'},{'R2'},{'R1'},,,,&,1.0,&
{'D3'},{'D1'},{'D2'},{'R3'},{'D5'},{'R2'},{'R1'},{'D6'},,,&,1.0,&
{'D3'},{'D1'},{'D2'},{'R3'},{'D5'},{'R2'},{'R1'},{'D6'},{'D7'},,&,1.0,&
{'D3'},{'D1'},{'D2'},{'R3'},{'D5'},{'R2'},{'D4'},,,,&,1.0,&
{'D3'},{'D1'},{'D2'},{'R3'},{'D5'},{'D6'},,,,,&,3.0,&
{'D3'},{'D1'},{'D2'},{'R3'},{'D5'},{'D6'},{'D7'},{'D4'},,,&,2.0,&
{'D3'},{'D1'},{'D2'},{'R3'},{'D5'},{'D4'},,,,,&,1.0,&
{'D3'},{'D1'},{'D2'},{'R3'},{'D5'},{'D4'},{'R1'},{'D6'},{'D7'},,&,1.0,&
{'D3'},{'D1'},{'D2'},{'R3'},{'D5'},{'D4'},{'D6'},{'R2'},{'D7'},,&,1.0,&
{'D3'},{'D1'},{'D2'},{'R3'},{'R2'},,,,,,&,7.0,&
{'D3'},{'D1'},{'D2'},{'R3'},{'R2'},{'D7'},,,,,&,4.0,&
{'D3'},{'D1'},{'D2'},{'R3'},{'R2'},{'D5'},{'R1'},{'D6'},,,&,1.0,&
{'D3'},{'D1'},{'D2'},{'R3'},{'R2'},{'D5'},{'R1'},{'D4'},{'D7'},{'D6'},&,1.0,&
{'D3'},{'D1'},{'D2'},{'R3'},{'R2'},{'D5'},{'D6'},{'R1'},{'D4'},,&,1.0,&
{'D3'},{'D1'},{'D2'},{'R3'},{'R2'},{'D5'},{'D6'},{'R1'},{'D4'},{'D7'},&,1.0,&
{'D3'},{'D1'},{'D2'},{'R3'},{'R2'},{'D6'},,,,,&,1.0,&
{'D3'},{'D1'},{'D2'},{'R3'},{'R2'},{'D6'},{'D7'},{'D5'},,,&,1.0,&
{'D3'},{'D1'},{'D2'},{'R3'},{'R2'},{'D6'},{'D5'},,,,&,1.0,&
{'D3'},{'D1'},{'D2'},{'R3'},{'R2'},{'D6'},{'R1'},{'D7'},,,&,1.0,&
{'D3'},{'D1'},{'D2'},{'R3'},{'R2'},{'D6'},{'R1'},{'D5'},,,&,1.0,&
{'D3'},{'D1'},{'D2'},{'R3'},{'R2'},{'R1'},,,,,&,2.0,&
{'D3'},{'D1'},{'D2'},{'R3'},{'R2'},{'R1'},{'D7'},,,,&,2.0,&
{'D3'},{'D1'},{'D2'},{'R3'},{'R2'},{'R1'},{'D7'},{'D6'},{'D4'},,&,1.0,&
{'D3'},{'D1'},{'D2'},{'R3'},{'R2'},{'R1'},{'D5'},,,,&,1.0,&
{'D3'},{'D1'},{'D2'},{'R3'},{'R2'},{'R1'},{'D5'},{'D6'},,,&,1.0,&
{'D3'},{'D1'},{'D2'},{'R3'},{'R2'},{'R1'},{'D6'},,,,&,2.0,&
{'D3'},{'D1'},{'D2'},{'R3'},{'R2'},{'R1'},{'D6'},{'D7'},,,&,1.0,&
{'D3'},{'D1'},{'D2'},{'R3'},{'R2'},{'R1'},{'D6'},{'D7'},{'D5'},{'D4'},&,1.0,&
{'D3'},{'D1'},{'D2'},{'R3'},{'R2'},{'R1'},{'D6'},{'D5'},{'D4'},,&,1.0,&
{'D3'},{'D1'},{'D2'},{'R3'},{'R2'},{'R1'},{'D6'},{'D5'},{'D4'},{'D7'},&,1.0,&
{'D3'},{'D1'},{'D2'},{'D6'},,,,,,,&,24.0,&
{'D3'},{'D1'},{'D2'},{'D6'},{'D7'},,,,,,&,3.0,&
{'D3'},{'D1'},{'D2'},{'D6'},{'D7'},{'D5'},{'R3'},,,,&,1.0,&
{'D3'},{'D1'},{'D2'},{'D6'},{'D7'},{'D5'},{'R2'},,,,&,1.0,&
{'D3'},{'D1'},{'D2'},{'D6'},{'D7'},{'D5'},{'D4'},{'R2'},{'R3'},{'R1'},&,1.0,&
{'D3'},{'D1'},{'D2'},{'D6'},{'D7'},{'D5'},{'D4'},{'R3'},{'R2'},{'R1'},&,2.0,&
{'D3'},{'D1'},{'D2'},{'D6'},{'D7'},{'R2'},{'D5'},{'D4'},{'R3'},,&,1.0,&
{'D3'},{'D1'},{'D2'},{'D6'},{'D7'},{'R2'},{'D4'},{'D5'},{'R3'},{'R1'},&,1.0,&
{'D3'},{'D1'},{'D2'},{'D6'},{'D7'},{'R2'},{'D4'},{'R1'},,,&,1.0,&
{'D3'},{'D1'},{'D2'},{'D6'},{'D7'},{'R3'},{'D5'},{'D4'},{'R2'},,&,1.0,&
{'D3'},{'D1'},{'D2'},{'D6'},{'D7'},{'R1'},{'D4'},{'R2'},,,&,1.0,&
{'D3'},{'D1'},{'D2'},{'D6'},{'D7'},{'D4'},{'R2'},{'D5'},,,&,1.0,&
{'D3'},{'D1'},{'D2'},{'D6'},{'R1'},,,,,,&,1.0,&
{'D3'},{'D1'},{'D2'},{'D6'},{'R1'},{'D7'},,,,,&,1.0,&
{'D3'},{'D1'},{'D2'},{'D6'},{'R1'},{'R3'},{'D7'},{'R2'},{'D5'},{'D4'},&,1.0,&
{'D3'},{'D1'},{'D2'},{'D6'},{'R1'},{'R3'},{'D5'},{'D7'},{'R2'},,&,1.0,&
{'D3'},{'D1'},{'D2'},{'D6'},{'D5'},,,,,,&,2.0,&
{'D3'},{'D1'},{'D2'},{'D6'},{'D5'},{'D7'},,,,,&,2.0,&
{'D3'},{'D1'},{'D2'},{'D6'},{'D5'},{'D7'},{'R1'},,,,&,1.0,&
{'D3'},{'D1'},{'D2'},{'D6'},{'D5'},{'D7'},{'R1'},{'D4'},{'R3'},,&,1.0,&
{'D3'},{'D1'},{'D2'},{'D6'},{'D5'},{'D7'},{'D4'},,,,&,1.0,&
{'D3'},{'D1'},{'D2'},{'D6'},{'D5'},{'D7'},{'D4'},{'R2'},{'R3'},,&,1.0,&
{'D3'},{'D1'},{'D2'},{'D6'},{'D5'},{'D7'},{'D4'},{'R2'},{'R3'},{'R1'},&,1.0,&
{'D3'},{'D1'},{'D2'},{'D6'},{'D5'},{'D7'},{'D4'},{'R3'},{'R2'},{'R1'},&,1.0,&
{'D3'},{'D1'},{'D2'},{'D6'},{'D5'},{'D7'},{'D4'},{'R1'},{'R2'},{'R3'},&,1.0,&
{'D3'},{'D1'},{'D2'},{'D6'},{'D5'},{'R2'},,,,,&,1.0,&
{'D3'},{'D1'},{'D2'},{'D6'},{'D5'},{'R2'},{'D7'},,,,&,1.0,&
{'D3'},{'D1'},{'D2'},{'D6'},{'D5'},{'R2'},{'D7'},{'D4'},{'R3'},,&,1.0,&
{'D3'},{'D1'},{'D2'},{'D6'},{'D5'},{'R2'},{'D7'},{'R1'},{'D4'},{'R3'},&,1.0,&
{'D3'},{'D1'},{'D2'},{'D6'},{'D5'},{'R2'},{'R3'},{'R1'},{'D7'},{'D4'},&,1.0,&
{'D3'},{'D1'},{'D2'},{'D6'},{'D5'},{'R3'},{'D7'},{'R2'},{'R1'},{'D4'},&,1.0,&
{'D3'},{'D1'},{'D2'},{'D6'},{'D5'},{'R3'},{'D7'},{'R2'},{'D4'},,&,1.0,&
{'D3'},{'D1'},{'D2'},{'D6'},{'D5'},{'R3'},{'R2'},,,,&,2.0,&
{'D3'},{'D1'},{'D2'},{'D6'},{'D5'},{'R1'},,,,,&,1.0,&
{'D3'},{'D1'},{'D2'},{'D6'},{'D5'},{'R1'},{'D7'},,,,&,1.0,&
{'D3'},{'D1'},{'D2'},{'D6'},{'D5'},{'D4'},,,,,&,1.0,&
{'D3'},{'D1'},{'D2'},{'D6'},{'D5'},{'D4'},{'D7'},,,,&,1.0,&
{'D3'},{'D1'},{'D2'},{'D6'},{'D5'},{'D4'},{'D7'},{'R2'},,,&,2.0,&
{'D3'},{'D1'},{'D2'},{'D6'},{'D5'},{'D4'},{'D7'},{'R3'},,,&,1.0,&
{'D3'},{'D1'},{'D2'},{'D6'},{'R3'},,,,,,&,4.0,&
{'D3'},{'D1'},{'D2'},{'D6'},{'R3'},{'D7'},,,,,&,2.0,&
{'D3'},{'D1'},{'D2'},{'D6'},{'R3'},{'D7'},{'D4'},{'R2'},{'R1'},{'D5'},&,1.0,&
{'D3'},{'D1'},{'D2'},{'D6'},{'R3'},{'D5'},{'D7'},,,,&,2.0,&
{'D3'},{'D1'},{'D2'},{'D6'},{'R3'},{'D5'},{'D7'},{'D4'},,,&,1.0,&
{'D3'},{'D1'},{'D2'},{'D6'},{'R3'},{'D5'},{'D7'},{'D4'},{'R2'},{'R1'},&,1.0,&
{'D3'},{'D1'},{'D2'},{'D6'},{'R3'},{'D5'},{'D7'},{'R2'},{'R1'},,&,1.0,&
{'D3'},{'D1'},{'D2'},{'D6'},{'R3'},{'D5'},{'R2'},{'D4'},{'R1'},,&,1.0,&
{'D3'},{'D1'},{'D2'},{'D6'},{'R3'},{'D5'},{'R2'},{'D7'},{'R1'},,&,1.0,&
{'D3'},{'D1'},{'D2'},{'D6'},{'R3'},{'R2'},,,,,&,3.0,&
{'D3'},{'D1'},{'D2'},{'D6'},{'R3'},{'R2'},{'D7'},,,,&,1.0,&
{'D3'},{'D1'},{'D2'},{'D6'},{'R3'},{'R2'},{'D7'},{'R1'},{'D5'},{'D4'},&,1.0,&
{'D3'},{'D1'},{'D2'},{'D6'},{'R3'},{'R2'},{'D5'},{'D4'},{'D7'},{'R1'},&,1.0,&
{'D3'},{'D1'},{'D2'},{'D6'},{'R3'},{'R2'},{'R1'},{'D5'},,,&,1.0,&
{'D3'},{'D1'},{'D2'},{'D6'},{'R3'},{'R2'},{'R1'},{'D5'},{'D7'},{'D4'},&,1.0,&
{'D3'},{'D1'},{'D2'},{'D6'},{'R3'},{'D4'},{'R2'},{'R1'},{'D5'},{'D7'},&,1.0,&
{'D3'},{'D1'},{'D2'},{'D6'},{'R2'},,,,,,&,6.0,&
{'D3'},{'D1'},{'D2'},{'D6'},{'R2'},{'D7'},,,,,&,2.0,&
{'D3'},{'D1'},{'D2'},{'D6'},{'R2'},{'D7'},{'R3'},{'D5'},{'R1'},,&,1.0,&
{'D3'},{'D1'},{'D2'},{'D6'},{'R2'},{'D7'},{'R3'},{'D5'},{'D4'},{'R1'},&,1.0,&
{'D3'},{'D1'},{'D2'},{'D6'},{'R2'},{'D7'},{'D5'},{'D4'},,,&,1.0,&
{'D3'},{'D1'},{'D2'},{'D6'},{'R2'},{'D7'},{'D5'},{'R3'},{'D4'},{'R1'},&,1.0,&
{'D3'},{'D1'},{'D2'},{'D6'},{'R2'},{'D5'},{'D7'},{'D4'},{'R1'},{'R3'},&,1.0,&
{'D3'},{'D1'},{'D2'},{'D6'},{'R2'},{'D5'},{'R3'},{'D7'},,,&,1.0,&
{'D3'},{'D1'},{'D2'},{'D6'},{'R2'},{'R3'},,,,,&,1.0,&
{'D3'},{'D1'},{'D2'},{'D6'},{'R2'},{'R3'},{'D7'},{'R1'},,,&,1.0,&
{'D3'},{'D1'},{'D2'},{'D6'},{'R2'},{'R3'},{'D5'},{'D4'},{'R1'},{'D7'},&,1.0,&
{'D3'},{'D1'},{'D2'},{'D6'},{'R2'},{'R3'},{'D5'},{'R1'},,,&,1.0,&
{'D3'},{'D1'},{'D2'},{'D6'},{'R2'},{'R3'},{'D4'},,,,&,1.0,&
{'D3'},{'D1'},{'D2'},{'D6'},{'R2'},{'R1'},{'D5'},{'R3'},,,&,1.0,&
{'D3'},{'D1'},{'D2'},{'D6'},{'R2'},{'D4'},{'R1'},{'D5'},{'R3'},,&,1.0,&
{'D3'},{'D1'},{'D2'},{'D6'},{'D4'},,,,,,&,1.0,&
{'D3'},{'D1'},{'D2'},{'D6'},{'D4'},{'D7'},{'D5'},{'R2'},,,&,1.0,&
{'D3'},{'D1'},{'D2'},{'D6'},{'D4'},{'R2'},{'R3'},{'R1'},{'D5'},,&,1.0,&
{'D3'},{'D1'},{'D2'},{'D6'},{'D4'},{'R2'},{'R3'},{'R1'},{'D7'},{'D5'},&,1.0,&
{'D3'},{'D1'},{'D2'},{'D6'},{'D4'},{'R2'},{'R1'},{'D5'},{'D7'},{'R3'},&,1.0,&
{'D3'},{'D1'},{'D4'},,,,,,,,&,3.0,&
{'D3'},{'D1'},{'D4'},{'R2'},{'D2'},{'D7'},{'R3'},{'D6'},,,&,1.0,&
{'D3'},{'D1'},{'D4'},{'R2'},{'D2'},{'D5'},{'D7'},{'R3'},{'D6'},,&,1.0,&
{'D3'},{'D1'},{'D4'},{'R2'},{'R3'},{'D2'},{'R1'},{'D5'},,,&,1.0,&
{'D3'},{'D1'},{'D4'},{'D5'},,,,,,,&,4.0,&
{'D3'},{'D1'},{'D4'},{'D5'},{'R3'},{'D2'},,,,,&,1.0,&
{'D3'},{'D1'},{'D4'},{'D5'},{'R2'},{'R3'},{'D2'},,,,&,1.0,&
{'D3'},{'D1'},{'D4'},{'D7'},,,,,,,&,1.0,&
{'D3'},{'D1'},{'D4'},{'D7'},{'R2'},{'D2'},,,,,&,1.0,&
{'D3'},{'D1'},{'D4'},{'R1'},{'R3'},,,,,,&,1.0,&
{'D3'},{'D1'},{'D4'},{'R3'},,,,,,,&,1.0,&
{'D3'},{'D1'},{'D4'},{'D6'},,,,,,,&,2.0,&
{'D3'},{'D1'},{'D4'},{'D6'},{'R3'},{'D2'},{'R2'},{'D7'},,,&,1.0,&
{'D3'},{'D1'},{'D4'},{'D2'},,,,,,,&,2.0,&
{'D3'},{'D1'},{'D4'},{'D2'},{'D5'},{'D6'},{'R3'},{'D7'},,,&,1.0,&
{'D3'},{'D1'},{'D4'},{'D2'},{'R3'},,,,,,&,1.0,&
{'D3'},{'D1'},{'D4'},{'D2'},{'R3'},{'D5'},{'D6'},{'R2'},{'R1'},{'D7'},&,1.0,&
{'D3'},{'D1'},{'D4'},{'D2'},{'R2'},{'D6'},,,,,&,1.0,&
{'D3'},{'D1'},{'D4'},{'D2'},{'R2'},{'R3'},{'D7'},{'D6'},{'R1'},,&,1.0,&
{'D3'},{'R3'},,,,,,,,,&,117.0,&
{'D3'},{'R3'},{'R1'},,,,,,,,&,14.0,&
{'D3'},{'R3'},{'R1'},{'R2'},,,,,,,&,5.0,&
{'D3'},{'R3'},{'R1'},{'R2'},{'D2'},,,,,,&,1.0,&
{'D3'},{'R3'},{'R1'},{'R2'},{'D2'},{'D1'},,,,,&,1.0,&
{'D3'},{'R3'},{'R1'},{'R2'},{'D2'},{'D1'},{'D7'},{'D6'},{'D5'},{'D4'},&,1.0,&
{'D3'},{'R3'},{'R1'},{'R2'},{'D2'},{'D1'},{'D5'},{'D6'},{'D4'},{'D7'},&,1.0,&
{'D3'},{'R3'},{'R1'},{'R2'},{'D2'},{'D1'},{'D5'},{'D7'},{'D6'},,&,1.0,&
{'D3'},{'R3'},{'R1'},{'R2'},{'D2'},{'D1'},{'D4'},{'D6'},,,&,1.0,&
{'D3'},{'R3'},{'R1'},{'R2'},{'D2'},{'D5'},{'D1'},{'D6'},,,&,1.0,&
{'D3'},{'R3'},{'R1'},{'R2'},{'D7'},{'D1'},,,,,&,1.0,&
{'D3'},{'R3'},{'R1'},{'R2'},{'D7'},{'D5'},{'D6'},,,,&,1.0,&
{'D3'},{'R3'},{'R1'},{'R2'},{'D5'},{'D6'},{'D2'},,,,&,1.0,&
{'D3'},{'R3'},{'R1'},{'R2'},{'D1'},,,,,,&,1.0,&
{'D3'},{'R3'},{'R1'},{'R2'},{'D1'},{'D7'},{'D2'},{'D6'},,,&,1.0,&
{'D3'},{'R3'},{'R1'},{'R2'},{'D1'},{'D6'},,,,,&,1.0,&
{'D3'},{'R3'},{'R1'},{'R2'},{'D1'},{'D2'},,,,,&,1.0,&
{'D3'},{'R3'},{'R1'},{'R2'},{'D1'},{'D2'},{'D5'},{'D4'},{'D7'},{'D6'},&,1.0,&
{'D3'},{'R3'},{'R1'},{'R2'},{'D1'},{'D2'},{'D5'},{'D7'},{'D6'},{'D4'},&,1.0,&
{'D3'},{'R3'},{'R1'},{'R2'},{'D1'},{'D2'},{'D6'},,,,&,1.0,&
{'D3'},{'R3'},{'R1'},{'R2'},{'D1'},{'D2'},{'D6'},{'D5'},,,&,1.0,&
{'D3'},{'R3'},{'R1'},{'R2'},{'D4'},{'D6'},,,,,&,1.0,&
{'D3'},{'R3'},{'R1'},{'D1'},,,,,,,&,8.0,&
{'D3'},{'R3'},{'R1'},{'D1'},{'D2'},{'D7'},,,,,&,1.0,&
{'D3'},{'R3'},{'R1'},{'D1'},{'D2'},{'D5'},,,,,&,1.0,&
{'D3'},{'R3'},{'R1'},{'D1'},{'D2'},{'D5'},{'R2'},{'D7'},,,&,1.0,&
{'D3'},{'R3'},{'R1'},{'D1'},{'D2'},{'D5'},{'D6'},{'D7'},{'D4'},{'R2'},&,1.0,&
{'D3'},{'R3'},{'R1'},{'D1'},{'D2'},{'R2'},{'D6'},,,,&,1.0,&
{'D3'},{'R3'},{'R1'},{'D1'},{'R2'},{'D6'},{'D2'},,,,&,1.0,&
{'D3'},{'R3'},{'R1'},{'D1'},{'R2'},{'D2'},,,,,&,1.0,&
{'D3'},{'R3'},{'R1'},{'D5'},{'D2'},,,,,,&,1.0,&
{'D3'},{'R3'},{'R1'},{'D5'},{'D2'},{'D1'},{'D4'},,,,&,1.0,&
{'D3'},{'R3'},{'R1'},{'D5'},{'D2'},{'R2'},{'D7'},,,,&,1.0,&
{'D3'},{'R3'},{'R1'},{'D5'},{'R2'},,,,,,&,1.0,&
{'D3'},{'R3'},{'R1'},{'D5'},{'R2'},{'D1'},{'D2'},{'D6'},,,&,1.0,&
{'D3'},{'R3'},{'R1'},{'D4'},,,,,,,&,1.0,&
{'D3'},{'R3'},{'R1'},{'D4'},{'R2'},{'D2'},{'D1'},{'D6'},{'D5'},,&,1.0,&
{'D3'},{'R3'},{'R1'},{'D7'},,,,,,,&,1.0,&
{'D3'},{'R3'},{'R1'},{'D7'},{'R2'},{'D2'},{'D6'},,,,&,1.0,&
{'D3'},{'R3'},{'R1'},{'D6'},,,,,,,&,1.0,&
{'D3'},{'R3'},{'R1'},{'D6'},{'D2'},{'D4'},{'R2'},{'D1'},{'D7'},,&,1.0,&
{'D3'},{'R3'},{'R1'},{'D6'},{'R2'},,,,,,&,1.0,&
{'D3'},{'R3'},{'R1'},{'D2'},,,,,,,&,3.0,&
{'D3'},{'R3'},{'R1'},{'D2'},{'D6'},{'D1'},{'D7'},,,,&,1.0,&
{'D3'},{'R3'},{'R1'},{'D2'},{'D6'},{'D5'},,,,,&,1.0,&
{'D3'},{'R3'},{'R1'},{'D2'},{'D6'},{'R2'},{'D1'},{'D7'},{'D5'},{'D4'},&,1.0,&
{'D3'},{'R3'},{'R1'},{'D2'},{'D7'},{'R2'},,,,,&,1.0,&
{'D3'},{'R3'},{'R1'},{'D2'},{'D1'},,,,,,&,1.0,&
{'D3'},{'R3'},{'R1'},{'D2'},{'D1'},{'D5'},{'D6'},{'D7'},{'D4'},,&,1.0,&
{'D3'},{'R3'},{'R1'},{'D2'},{'D1'},{'R2'},{'D6'},{'D5'},{'D7'},{'D4'},&,1.0,&
{'D3'},{'R3'},{'R1'},{'D2'},{'D1'},{'D6'},,,,,&,1.0,&
{'D3'},{'R3'},{'R1'},{'D2'},{'D1'},{'D6'},{'D7'},,,,&,1.0,&
{'D3'},{'R3'},{'R1'},{'D2'},{'D1'},{'D6'},{'D5'},,,,&,1.0,&
{'D3'},{'R3'},{'R1'},{'D2'},{'D1'},{'D6'},{'R2'},,,,&,1.0,&
{'D3'},{'R3'},{'R1'},{'D2'},{'R2'},,,,,,&,3.0,&
{'D3'},{'R3'},{'R1'},{'D2'},{'R2'},{'D1'},,,,,&,2.0,&
{'D3'},{'R3'},{'R1'},{'D2'},{'R2'},{'D1'},{'D6'},{'D7'},{'D4'},,&,1.0,&
{'D3'},{'R3'},{'R1'},{'D2'},{'D4'},,,,,,&,1.0,&
{'D3'},{'R3'},{'R1'},{'D2'},{'D4'},{'D1'},{'D7'},,,,&,1.0,&
{'D3'},{'R3'},{'D6'},,,,,,,,&,15.0,&
{'D3'},{'R3'},{'D6'},{'R2'},,,,,,,&,4.0,&
{'D3'},{'R3'},{'D6'},{'R2'},{'D2'},,,,,,&,1.0,&
{'D3'},{'R3'},{'D6'},{'R2'},{'D2'},{'D1'},{'D7'},{'R1'},,,&,1.0,&
{'D3'},{'R3'},{'D6'},{'R2'},{'D2'},{'D1'},{'D5'},{'D4'},{'D7'},,&,1.0,&
{'D3'},{'R3'},{'D6'},{'R2'},{'D2'},{'R1'},,,,,&,1.0,&
{'D3'},{'R3'},{'D6'},{'R2'},{'R1'},,,,,,&,4.0,&
{'D3'},{'R3'},{'D6'},{'R2'},{'R1'},{'D1'},{'D2'},{'D5'},{'D4'},{'D7'},&,1.0,&
{'D3'},{'R3'},{'D6'},{'R2'},{'R1'},{'D2'},{'D5'},,,,&,1.0,&
{'D3'},{'R3'},{'D6'},{'R2'},{'D1'},{'D2'},{'D5'},{'D7'},{'D4'},{'R1'},&,1.0,&
{'D3'},{'R3'},{'D6'},{'R2'},{'D1'},{'R1'},{'D2'},{'D5'},,,&,1.0,&
{'D3'},{'R3'},{'D6'},{'D1'},,,,,,,&,1.0,&
{'D3'},{'R3'},{'D6'},{'D1'},{'D2'},{'D5'},{'R2'},{'R1'},{'D7'},{'D4'},&,2.0,&
{'D3'},{'R3'},{'D6'},{'D1'},{'D7'},,,,,,&,1.0,&
{'D3'},{'R3'},{'D6'},{'D1'},{'D5'},{'R2'},{'D2'},,,,&,1.0,&
{'D3'},{'R3'},{'D6'},{'D1'},{'R2'},,,,,,&,1.0,&
{'D3'},{'R3'},{'D6'},{'D1'},{'R2'},{'D5'},{'R1'},,,,&,1.0,&
{'D3'},{'R3'},{'D6'},{'D5'},,,,,,,&,1.0,&
{'D3'},{'R3'},{'D6'},{'D5'},{'D2'},{'D7'},{'R1'},,,,&,1.0,&
{'D3'},{'R3'},{'D6'},{'D5'},{'R2'},{'D7'},{'D2'},,,,&,1.0,&
{'D3'},{'R3'},{'D6'},{'D5'},{'R2'},{'R1'},{'D1'},{'D2'},,,&,1.0,&
{'D3'},{'R3'},{'D6'},{'D5'},{'R2'},{'R1'},{'D2'},{'D1'},{'D7'},{'D4'},&,1.0,&
{'D3'},{'R3'},{'D6'},{'D4'},,,,,,,&,1.0,&
{'D3'},{'R3'},{'D6'},{'D7'},,,,,,,&,1.0,&
{'D3'},{'R3'},{'D6'},{'D7'},{'D2'},{'D1'},,,,,&,1.0,&
{'D3'},{'R3'},{'D6'},{'R1'},{'D2'},{'D1'},{'D5'},{'R2'},{'D7'},{'D4'},&,1.0,&
{'D3'},{'R3'},{'D6'},{'R1'},{'D1'},,,,,,&,1.0,&
{'D3'},{'R3'},{'D6'},{'R1'},{'R2'},{'D2'},,,,,&,1.0,&
{'D3'},{'R3'},{'D6'},{'R1'},{'R2'},{'D2'},{'D5'},,,,&,1.0,&
{'D3'},{'R3'},{'D6'},{'D2'},,,,,,,&,4.0,&
{'D3'},{'R3'},{'D6'},{'D2'},{'R1'},{'R2'},{'D1'},{'D5'},{'D4'},,&,1.0,&
{'D3'},{'R3'},{'D6'},{'D2'},{'D5'},{'D1'},{'R2'},{'D7'},{'D4'},{'R1'},&,1.0,&
{'D3'},{'R3'},{'D6'},{'D2'},{'D1'},,,,,,&,1.0,&
{'D3'},{'R3'},{'D6'},{'D2'},{'D1'},{'D5'},,,,,&,1.0,&
{'D3'},{'R3'},{'D6'},{'D2'},{'D1'},{'D5'},{'D4'},{'D7'},{'R2'},{'R1'},&,1.0,&
{'D3'},{'R3'},{'D6'},{'D2'},{'R2'},,,,,,&,1.0,&
{'D3'},{'R3'},{'D6'},{'D2'},{'R2'},{'R1'},,,,,&,1.0,&
{'D3'},{'R3'},{'D6'},{'D2'},{'R2'},{'R1'},{'D1'},{'D7'},{'D5'},{'D4'},&,1.0,&
{'D3'},{'R3'},{'D5'},,,,,,,,&,10.0,&
{'D3'},{'R3'},{'D5'},{'R2'},,,,,,,&,1.0,&
{'D3'},{'R3'},{'D5'},{'R2'},{'D2'},{'D1'},{'D7'},{'D6'},{'R1'},{'D4'},&,1.0,&
{'D3'},{'R3'},{'D5'},{'R2'},{'D2'},{'R1'},,,,,&,1.0,&
{'D3'},{'R3'},{'D5'},{'R2'},{'D2'},{'R1'},{'D1'},,,,&,1.0,&
{'D3'},{'R3'},{'D5'},{'R2'},{'R1'},,,,,,&,1.0,&
{'D3'},{'R3'},{'D5'},{'R2'},{'R1'},{'D2'},{'D7'},,,,&,1.0,&
{'D3'},{'R3'},{'D5'},{'R2'},{'R1'},{'D2'},{'D1'},{'D6'},{'D7'},,&,1.0,&
{'D3'},{'R3'},{'D5'},{'D1'},,,,,,,&,2.0,&
{'D3'},{'R3'},{'D5'},{'D1'},{'D2'},,,,,,&,1.0,&
{'D3'},{'R3'},{'D5'},{'D1'},{'D2'},{'D7'},{'D6'},,,,&,1.0,&
{'D3'},{'R3'},{'D5'},{'D1'},{'D2'},{'R2'},{'R1'},{'D6'},,,&,1.0,&
{'D3'},{'R3'},{'D5'},{'D1'},{'D2'},{'R2'},{'D6'},{'D4'},{'R1'},{'D7'},&,1.0,&
{'D3'},{'R3'},{'D5'},{'D1'},{'D7'},,,,,,&,1.0,&
{'D3'},{'R3'},{'D5'},{'D1'},{'R1'},{'R2'},,,,,&,1.0,&
{'D3'},{'R3'},{'D5'},{'D1'},{'R2'},,,,,,&,1.0,&
{'D3'},{'R3'},{'D5'},{'D1'},{'R2'},{'D2'},,,,,&,1.0,&
{'D3'},{'R3'},{'D5'},{'D7'},{'R2'},{'D6'},,,,,&,1.0,&
{'D3'},{'R3'},{'D5'},{'R1'},,,,,,,&,1.0,&
{'D3'},{'R3'},{'D5'},{'D6'},,,,,,,&,1.0,&
{'D3'},{'R3'},{'D5'},{'D2'},,,,,,,&,3.0,&
{'D3'},{'R3'},{'D5'},{'D2'},{'D6'},,,,,,&,1.0,&
{'D3'},{'R3'},{'D5'},{'D2'},{'D7'},{'R2'},{'D1'},{'D6'},{'D4'},{'R1'},&,1.0,&
{'D3'},{'R3'},{'D5'},{'D2'},{'D1'},,,,,,&,1.0,&
{'D3'},{'R3'},{'D5'},{'D2'},{'D1'},{'D6'},{'D4'},{'D7'},{'R2'},{'R1'},&,1.0,&
{'D3'},{'R3'},{'D5'},{'D2'},{'D1'},{'D4'},,,,,&,1.0,&
{'D3'},{'R3'},{'D5'},{'D2'},{'R2'},,,,,,&,1.0,&
{'D3'},{'R3'},{'D5'},{'D2'},{'R2'},{'D1'},{'R1'},,,,&,2.0,&
{'D3'},{'R3'},{'D5'},{'D2'},{'R2'},{'D1'},{'R1'},{'D6'},,,&,1.0,&
{'D3'},{'R3'},{'D5'},{'D2'},{'R2'},{'R1'},,,,,&,1.0,&
{'D3'},{'R3'},{'D5'},{'D2'},{'D4'},,,,,,&,1.0,&
{'D3'},{'R3'},{'D1'},,,,,,,,&,45.0,&
{'D3'},{'R3'},{'D1'},{'R2'},,,,,,,&,13.0,&
{'D3'},{'R3'},{'D1'},{'R2'},{'D2'},,,,,,&,7.0,&
{'D3'},{'R3'},{'D1'},{'R2'},{'D2'},{'D7'},{'D5'},{'D6'},{'D4'},{'R1'},&,1.0,&
{'D3'},{'R3'},{'D1'},{'R2'},{'D2'},{'D7'},{'D5'},{'D4'},{'R1'},{'D6'},&,1.0,&
{'D3'},{'R3'},{'D1'},{'R2'},{'D2'},{'D7'},{'R1'},,,,&,1.0,&
{'D3'},{'R3'},{'D1'},{'R2'},{'D2'},{'D5'},{'D6'},{'R1'},{'D4'},{'D7'},&,1.0,&
{'D3'},{'R3'},{'D1'},{'R2'},{'D2'},{'D6'},{'D7'},{'R1'},{'D4'},,&,1.0,&
{'D3'},{'R3'},{'D1'},{'R2'},{'D2'},{'D6'},{'D5'},{'D7'},,,&,1.0,&
{'D3'},{'R3'},{'D1'},{'R2'},{'D2'},{'D6'},{'R1'},{'D5'},,,&,1.0,&
{'D3'},{'R3'},{'D1'},{'R2'},{'D2'},{'D6'},{'R1'},{'D5'},{'D7'},{'D4'},&,1.0,&
{'D3'},{'R3'},{'D1'},{'R2'},{'D2'},{'R1'},{'D7'},,,,&,1.0,&
{'D3'},{'R3'},{'D1'},{'R2'},{'D2'},{'R1'},{'D5'},,,,&,1.0,&
{'D3'},{'R3'},{'D1'},{'R2'},{'D2'},{'R1'},{'D5'},{'D6'},,,&,1.0,&
{'D3'},{'R3'},{'D1'},{'R2'},{'D2'},{'R1'},{'D5'},{'D6'},{'D7'},{'D4'},&,1.0,&
{'D3'},{'R3'},{'D1'},{'R2'},{'D2'},{'R1'},{'D6'},{'D7'},,,&,1.0,&
{'D3'},{'R3'},{'D1'},{'R2'},{'D2'},{'R1'},{'D6'},{'D5'},,,&,1.0,&
{'D3'},{'R3'},{'D1'},{'R2'},{'D2'},{'R1'},{'D4'},,,,&,1.0,&
{'D3'},{'R3'},{'D1'},{'R2'},{'D2'},{'D4'},{'D6'},{'R1'},,,&,1.0,&
{'D3'},{'R3'},{'D1'},{'R2'},{'D6'},,,,,,&,2.0,&
{'D3'},{'R3'},{'D1'},{'R2'},{'D6'},{'D2'},,,,,&,1.0,&
{'D3'},{'R3'},{'D1'},{'R2'},{'D6'},{'D2'},{'D5'},{'D4'},{'D7'},,&,1.0,&
{'D3'},{'R3'},{'D1'},{'R2'},{'D6'},{'R1'},{'D2'},{'D4'},{'D5'},,&,1.0,&
{'D3'},{'R3'},{'D1'},{'R2'},{'D6'},{'R1'},{'D2'},{'D5'},{'D7'},{'D4'},&,1.0,&
{'D3'},{'R3'},{'D1'},{'R2'},{'D7'},,,,,,&,2.0,&
{'D3'},{'R3'},{'D1'},{'R2'},{'R1'},,,,,,&,6.0,&
{'D3'},{'R3'},{'D1'},{'R2'},{'R1'},{'D7'},{'D2'},{'D5'},,,&,1.0,&
{'D3'},{'R3'},{'D1'},{'R2'},{'R1'},{'D5'},,,,,&,1.0,&
{'D3'},{'R3'},{'D1'},{'R2'},{'R1'},{'D5'},{'D2'},{'D6'},,,&,1.0,&
{'D3'},{'R3'},{'D1'},{'R2'},{'R1'},{'D6'},{'D2'},,,,&,2.0,&
{'D3'},{'R3'},{'D1'},{'R2'},{'R1'},{'D2'},,,,,&,2.0,&
{'D3'},{'R3'},{'D1'},{'R2'},{'R1'},{'D2'},{'D7'},,,,&,1.0,&
{'D3'},{'R3'},{'D1'},{'R2'},{'R1'},{'D2'},{'D7'},{'D5'},{'D6'},{'D4'},&,1.0,&
{'D3'},{'R3'},{'D1'},{'R2'},{'R1'},{'D2'},{'D5'},,,,&,1.0,&
{'D3'},{'R3'},{'D1'},{'R2'},{'R1'},{'D2'},{'D6'},,,,&,1.0,&
{'D3'},{'R3'},{'D1'},{'R2'},{'R1'},{'D2'},{'D6'},{'D4'},,,&,2.0,&
{'D3'},{'R3'},{'D1'},{'R2'},{'R1'},{'D2'},{'D6'},{'D7'},{'D5'},{'D4'},&,1.0,&
{'D3'},{'R3'},{'D1'},{'R2'},{'R1'},{'D2'},{'D6'},{'D5'},{'D4'},,&,1.0,&
{'D3'},{'R3'},{'D1'},{'R2'},{'R1'},{'D4'},,,,,&,1.0,&
{'D3'},{'R3'},{'D1'},{'R2'},{'D5'},,,,,,&,1.0,&
{'D3'},{'R3'},{'D1'},{'R2'},{'D5'},{'D2'},,,,,&,1.0,&
{'D3'},{'R3'},{'D1'},{'R2'},{'D5'},{'R1'},{'D2'},,,,&,1.0,&
{'D3'},{'R3'},{'D1'},{'R2'},{'D4'},{'D2'},{'R1'},{'D5'},{'D6'},,&,1.0,&
{'D3'},{'R3'},{'D1'},{'D5'},,,,,,,&,2.0,&
{'D3'},{'R3'},{'D1'},{'D5'},{'D2'},{'R2'},{'D7'},{'D6'},,,&,1.0,&
{'D3'},{'R3'},{'D1'},{'D5'},{'D2'},{'D6'},{'D7'},{'D4'},{'R1'},{'R2'},&,1.0,&
{'D3'},{'R3'},{'D1'},{'D5'},{'D2'},{'D6'},{'R1'},{'D4'},{'R2'},,&,1.0,&
{'D3'},{'R3'},{'D1'},{'D5'},{'D2'},{'D6'},{'R1'},{'D7'},{'R2'},,&,1.0,&
{'D3'},{'R3'},{'D1'},{'D5'},{'D6'},{'R2'},{'D2'},{'R1'},,,&,1.0,&
{'D3'},{'R3'},{'D1'},{'D5'},{'R1'},{'R2'},{'D2'},{'D7'},{'D6'},{'D4'},&,1.0,&
{'D3'},{'R3'},{'D1'},{'D5'},{'R2'},{'D2'},{'D6'},{'R1'},,,&,1.0,&
{'D3'},{'R3'},{'D1'},{'D4'},{'R1'},,,,,,&,2.0,&
{'D3'},{'R3'},{'D1'},{'D4'},{'R1'},{'D2'},{'D5'},,,,&,1.0,&
{'D3'},{'R3'},{'D1'},{'D7'},,,,,,,&,2.0,&
{'D3'},{'R3'},{'D1'},{'D7'},{'D2'},,,,,,&,2.0,&
{'D3'},{'R3'},{'D1'},{'D7'},{'D2'},{'R2'},,,,,&,1.0,&
{'D3'},{'R3'},{'D1'},{'D7'},{'D2'},{'R2'},{'D5'},{'D6'},{'D4'},{'R1'},&,1.0,&
{'D3'},{'R3'},{'D1'},{'D7'},{'D2'},{'D6'},{'D5'},{'R2'},{'R1'},,&,1.0,&
{'D3'},{'R3'},{'D1'},{'D7'},{'D2'},{'D4'},,,,,&,1.0,&
{'D3'},{'R3'},{'D1'},{'D7'},{'R2'},{'R1'},{'D2'},{'D5'},{'D6'},{'D4'},&,1.0,&
{'D3'},{'R3'},{'D1'},{'R1'},,,,,,,&,1.0,&
{'D3'},{'R3'},{'D1'},{'R1'},{'D2'},{'D7'},{'D5'},,,,&,1.0,&
{'D3'},{'R3'},{'D1'},{'R1'},{'D2'},{'D5'},{'D6'},,,,&,1.0,&
{'D3'},{'R3'},{'D1'},{'R1'},{'D2'},{'R2'},{'D6'},{'D5'},,,&,1.0,&
{'D3'},{'R3'},{'D1'},{'R1'},{'D2'},{'D6'},,,,,&,1.0,&
{'D3'},{'R3'},{'D1'},{'R1'},{'D2'},{'D4'},{'D6'},{'D7'},{'D5'},,&,1.0,&
{'D3'},{'R3'},{'D1'},{'R1'},{'D6'},,,,,,&,1.0,&
{'D3'},{'R3'},{'D1'},{'R1'},{'D6'},{'D2'},{'D7'},{'R2'},,,&,1.0,&
{'D3'},{'R3'},{'D1'},{'R1'},{'D5'},{'R2'},{'D2'},,,,&,1.0,&
{'D3'},{'R3'},{'D1'},{'R1'},{'R2'},,,,,,&,1.0,&
{'D3'},{'R3'},{'D1'},{'R1'},{'R2'},{'D2'},{'D5'},{'D7'},{'D4'},,&,1.0,&
{'D3'},{'R3'},{'D1'},{'R1'},{'D4'},{'R2'},{'D6'},{'D2'},{'D5'},,&,1.0,&
{'D3'},{'R3'},{'D1'},{'D6'},,,,,,,&,2.0,&
{'D3'},{'R3'},{'D1'},{'D6'},{'D2'},,,,,,&,1.0,&
{'D3'},{'R3'},{'D1'},{'D6'},{'D2'},{'D5'},,,,,&,1.0,&
{'D3'},{'R3'},{'D1'},{'D6'},{'D2'},{'D5'},{'R2'},{'D4'},,,&,1.0,&
{'D3'},{'R3'},{'D1'},{'D6'},{'D2'},{'R2'},{'D7'},{'R1'},{'D5'},{'D4'},&,1.0,&
{'D3'},{'R3'},{'D1'},{'D6'},{'D7'},{'R2'},{'D2'},,,,&,1.0,&
{'D3'},{'R3'},{'D1'},{'D6'},{'D7'},{'R2'},{'D2'},{'R1'},,,&,1.0,&
{'D3'},{'R3'},{'D1'},{'D6'},{'D5'},{'D2'},{'D7'},,,,&,1.0,&
{'D3'},{'R3'},{'D1'},{'D6'},{'D5'},{'D2'},{'D7'},{'D4'},{'R2'},{'R1'},&,1.0,&
{'D3'},{'R3'},{'D1'},{'D6'},{'R2'},,,,,,&,5.0,&
{'D3'},{'R3'},{'D1'},{'D6'},{'R2'},{'D2'},,,,,&,1.0,&
{'D3'},{'R3'},{'D1'},{'D6'},{'R2'},{'D2'},{'D7'},{'R1'},,,&,1.0,&
{'D3'},{'R3'},{'D1'},{'D6'},{'R2'},{'D2'},{'D7'},{'R1'},{'D5'},{'D4'},&,1.0,&
{'D3'},{'R3'},{'D1'},{'D6'},{'R2'},{'D2'},{'R1'},{'D4'},,,&,1.0,&
{'D3'},{'R3'},{'D1'},{'D6'},{'R2'},{'R1'},{'D2'},,,,&,1.0,&
{'D3'},{'R3'},{'D1'},{'D2'},,,,,,,&,12.0,&
{'D3'},{'R3'},{'D1'},{'D2'},{'D6'},,,,,,&,3.0,&
{'D3'},{'R3'},{'D1'},{'D2'},{'D6'},{'D7'},,,,,&,1.0,&
{'D3'},{'R3'},{'D1'},{'D2'},{'D6'},{'D7'},{'D5'},,,,&,1.0,&
{'D3'},{'R3'},{'D1'},{'D2'},{'D6'},{'D7'},{'D5'},{'R2'},,,&,1.0,&
{'D3'},{'R3'},{'D1'},{'D2'},{'D6'},{'D7'},{'R2'},{'R1'},{'D5'},{'D4'},&,2.0,&
{'D3'},{'R3'},{'D1'},{'D2'},{'D6'},{'D5'},{'D7'},{'R2'},{'R1'},,&,1.0,&
{'D3'},{'R3'},{'D1'},{'D2'},{'D6'},{'R2'},,,,,&,1.0,&
{'D3'},{'R3'},{'D1'},{'D2'},{'D6'},{'R2'},{'D7'},{'D4'},{'R1'},,&,1.0,&
{'D3'},{'R3'},{'D1'},{'D2'},{'D6'},{'R2'},{'D7'},{'D5'},{'D4'},{'R1'},&,1.0,&
{'D3'},{'R3'},{'D1'},{'D2'},{'D6'},{'R2'},{'D5'},,,,&,1.0,&
{'D3'},{'R3'},{'D1'},{'D2'},{'D6'},{'R2'},{'R1'},{'D7'},{'D4'},{'D5'},&,1.0,&
{'D3'},{'R3'},{'D1'},{'D2'},{'D6'},{'D4'},,,,,&,1.0,&
{'D3'},{'R3'},{'D1'},{'D2'},{'D6'},{'D4'},{'R2'},{'R1'},{'D5'},,&,1.0,&
{'D3'},{'R3'},{'D1'},{'D2'},{'D7'},,,,,,&,1.0,&
{'D3'},{'R3'},{'D1'},{'D2'},{'D7'},{'D5'},,,,,&,1.0,&
{'D3'},{'R3'},{'D1'},{'D2'},{'D7'},{'R2'},{'D5'},{'D4'},{'R1'},,&,1.0,&
{'D3'},{'R3'},{'D1'},{'D2'},{'D7'},{'R2'},{'D6'},{'D5'},,,&,1.0,&
{'D3'},{'R3'},{'D1'},{'D2'},{'D7'},{'R2'},{'D6'},{'R1'},,,&,1.0,&
{'D3'},{'R3'},{'D1'},{'D2'},{'D7'},{'D6'},{'D5'},,,,&,1.0,&
{'D3'},{'R3'},{'D1'},{'D2'},{'D7'},{'R1'},{'R2'},{'D5'},,,&,1.0,&
{'D3'},{'R3'},{'D1'},{'D2'},{'D7'},{'D4'},,,,,&,1.0,&
{'D3'},{'R3'},{'D1'},{'D2'},{'R1'},{'D5'},,,,,&,1.0,&
{'D3'},{'R3'},{'D1'},{'D2'},{'R1'},{'R2'},,,,,&,1.0,&
{'D3'},{'R3'},{'D1'},{'D2'},{'R1'},{'R2'},{'D5'},,,,&,1.0,&
{'D3'},{'R3'},{'D1'},{'D2'},{'R1'},{'D6'},{'D7'},,,,&,1.0,&
{'D3'},{'R3'},{'D1'},{'D2'},{'D5'},,,,,,&,5.0,&
{'D3'},{'R3'},{'D1'},{'D2'},{'D5'},{'D7'},,,,,&,1.0,&
{'D3'},{'R3'},{'D1'},{'D2'},{'D5'},{'D7'},{'D6'},{'D4'},{'R1'},,&,1.0,&
{'D3'},{'R3'},{'D1'},{'D2'},{'D5'},{'D7'},{'D6'},{'R2'},,,&,1.0,&
{'D3'},{'R3'},{'D1'},{'D2'},{'D5'},{'D7'},{'D6'},{'R2'},{'R1'},,&,1.0,&
{'D3'},{'R3'},{'D1'},{'D2'},{'D5'},{'R2'},,,,,&,2.0,&
{'D3'},{'R3'},{'D1'},{'D2'},{'D5'},{'R2'},{'R1'},,,,&,2.0,&
{'D3'},{'R3'},{'D1'},{'D2'},{'D5'},{'R2'},{'R1'},{'D7'},{'D6'},,&,1.0,&
{'D3'},{'R3'},{'D1'},{'D2'},{'D5'},{'R2'},{'D6'},{'D7'},{'D4'},,&,1.0,&
{'D3'},{'R3'},{'D1'},{'D2'},{'D5'},{'D6'},,,,,&,2.0,&
{'D3'},{'R3'},{'D1'},{'D2'},{'D5'},{'D6'},{'D7'},{'R2'},{'R1'},,&,1.0,&
{'D3'},{'R3'},{'D1'},{'D2'},{'D5'},{'D6'},{'R2'},{'D7'},{'R1'},,&,1.0,&
{'D3'},{'R3'},{'D1'},{'D2'},{'D5'},{'D6'},{'D4'},{'D7'},{'R2'},{'R1'},&,1.0,&
{'D3'},{'R3'},{'D1'},{'D2'},{'D5'},{'D4'},{'R1'},{'D6'},{'R2'},,&,1.0,&
{'D3'},{'R3'},{'D1'},{'D2'},{'R2'},,,,,,&,4.0,&
{'D3'},{'R3'},{'D1'},{'D2'},{'R2'},{'D7'},{'R1'},{'D6'},{'D5'},{'D4'},&,1.0,&
{'D3'},{'R3'},{'D1'},{'D2'},{'R2'},{'D7'},{'R1'},{'D4'},,,&,1.0,&
{'D3'},{'R3'},{'D1'},{'D2'},{'R2'},{'D7'},{'R1'},{'D5'},{'D6'},{'D4'},&,1.0,&
{'D3'},{'R3'},{'D1'},{'D2'},{'R2'},{'D7'},{'D6'},,,,&,1.0,&
{'D3'},{'R3'},{'D1'},{'D2'},{'R2'},{'D7'},{'D6'},{'D5'},{'D4'},,&,1.0,&
{'D3'},{'R3'},{'D1'},{'D2'},{'R2'},{'D7'},{'D6'},{'R1'},{'D5'},{'D4'},&,1.0,&
{'D3'},{'R3'},{'D1'},{'D2'},{'R2'},{'D5'},{'D7'},{'D4'},{'D6'},,&,1.0,&
{'D3'},{'R3'},{'D1'},{'D2'},{'R2'},{'D5'},{'R1'},{'D7'},{'D6'},{'D4'},&,1.0,&
{'D3'},{'R3'},{'D1'},{'D2'},{'R2'},{'D5'},{'D6'},,,,&,1.0,&
{'D3'},{'R3'},{'D1'},{'D2'},{'R2'},{'D5'},{'D6'},{'D7'},{'R1'},{'D4'},&,1.0,&
{'D3'},{'R3'},{'D1'},{'D2'},{'R2'},{'D5'},{'D6'},{'R1'},{'D7'},{'D4'},&,1.0,&
{'D3'},{'R3'},{'D1'},{'D2'},{'R2'},{'D6'},,,,,&,3.0,&
{'D3'},{'R3'},{'D1'},{'D2'},{'R2'},{'D6'},{'R1'},,,,&,2.0,&
{'D3'},{'R3'},{'D1'},{'D2'},{'R2'},{'D6'},{'R1'},{'D5'},{'D4'},,&,1.0,&
{'D3'},{'R3'},{'D1'},{'D2'},{'R2'},{'R1'},,,,,&,2.0,&
{'D3'},{'R3'},{'D1'},{'D2'},{'R2'},{'R1'},{'D7'},{'D6'},,,&,1.0,&
{'D3'},{'R3'},{'D1'},{'D2'},{'R2'},{'R1'},{'D5'},,,,&,1.0,&
{'D3'},{'R3'},{'D1'},{'D2'},{'R2'},{'R1'},{'D6'},{'D7'},{'D4'},{'D5'},&,1.0,&
{'D3'},{'R3'},{'D1'},{'D2'},{'D4'},,,,,,&,4.0,&
{'D3'},{'R3'},{'D1'},{'D2'},{'D4'},{'D5'},,,,,&,1.0,&
{'D3'},{'R3'},{'D7'},,,,,,,,&,3.0,&
{'D3'},{'R3'},{'D7'},{'R2'},,,,,,,&,3.0,&
{'D3'},{'R3'},{'D7'},{'R2'},{'D2'},,,,,,&,1.0,&
{'D3'},{'R3'},{'D7'},{'R2'},{'D2'},{'D1'},{'R1'},{'D6'},,,&,1.0,&
{'D3'},{'R3'},{'D7'},{'R2'},{'D2'},{'D1'},{'R1'},{'D4'},,,&,1.0,&
{'D3'},{'R3'},{'D7'},{'R2'},{'D6'},,,,,,&,2.0,&
{'D3'},{'R3'},{'D7'},{'R2'},{'D6'},{'R1'},,,,,&,1.0,&
{'D3'},{'R3'},{'D7'},{'R2'},{'R1'},{'D1'},{'D6'},,,,&,1.0,&
{'D3'},{'R3'},{'D7'},{'R2'},{'R1'},{'D2'},{'D1'},,,,&,1.0,&
{'D3'},{'R3'},{'D7'},{'R2'},{'D1'},{'R1'},{'D2'},{'D4'},,,&,1.0,&
{'D3'},{'R3'},{'D7'},{'D1'},,,,,,,&,1.0,&
{'D3'},{'R3'},{'D7'},{'D1'},{'D2'},{'D5'},,,,,&,1.0,&
{'D3'},{'R3'},{'D7'},{'D1'},{'D2'},{'D5'},{'D6'},{'R2'},,,&,1.0,&
{'D3'},{'R3'},{'D7'},{'D1'},{'D2'},{'D6'},{'D5'},{'R2'},{'D4'},,&,1.0,&
{'D3'},{'R3'},{'D7'},{'D1'},{'D2'},{'D6'},{'R1'},{'R2'},{'D5'},{'D4'},&,1.0,&
{'D3'},{'R3'},{'D7'},{'D1'},{'D2'},{'R1'},{'R2'},{'D5'},{'D6'},{'D4'},&,1.0,&
{'D3'},{'R3'},{'D7'},{'D1'},{'D2'},{'D4'},{'R1'},{'D5'},,,&,1.0,&
{'D3'},{'R3'},{'D7'},{'D1'},{'D6'},{'R2'},{'D2'},{'R1'},,,&,1.0,&
{'D3'},{'R3'},{'D7'},{'D1'},{'R1'},,,,,,&,1.0,&
{'D3'},{'R3'},{'D7'},{'D1'},{'R2'},{'D2'},,,,,&,1.0,&
{'D3'},{'R3'},{'D7'},{'D1'},{'R2'},{'D2'},{'D6'},,,,&,1.0,&
{'D3'},{'R3'},{'D7'},{'D5'},{'D2'},{'D1'},{'R2'},,,,&,1.0,&
{'D3'},{'R3'},{'D7'},{'R1'},{'D1'},{'D2'},{'D5'},{'D6'},{'R2'},{'D4'},&,1.0,&
{'D3'},{'R3'},{'D7'},{'D6'},{'R2'},{'R1'},,,,,&,1.0,&
{'D3'},{'R3'},{'D7'},{'D2'},,,,,,,&,3.0,&
{'D3'},{'R3'},{'D7'},{'D2'},{'D6'},{'D1'},{'R2'},,,,&,1.0,&
{'D3'},{'R3'},{'D7'},{'D2'},{'D6'},{'D5'},{'R1'},{'D1'},{'R2'},,&,1.0,&
{'D3'},{'R3'},{'D7'},{'D2'},{'R1'},{'D1'},{'D5'},,,,&,1.0,&
{'D3'},{'R3'},{'D7'},{'D2'},{'D1'},{'R2'},{'D6'},{'D4'},{'R1'},{'D5'},&,1.0,&
{'D3'},{'R3'},{'D7'},{'D2'},{'D1'},{'D6'},{'D5'},{'R2'},{'D4'},{'R1'},&,1.0,&
{'D3'},{'R3'},{'D7'},{'D2'},{'R2'},{'R1'},{'D6'},,,,&,1.0,&
{'D3'},{'R3'},{'R2'},,,,,,,,&,62.0,&
{'D3'},{'R3'},{'R2'},{'D1'},,,,,,,&,7.0,&
{'D3'},{'R3'},{'R2'},{'D1'},{'D2'},,,,,,&,8.0,&
{'D3'},{'R3'},{'R2'},{'D1'},{'D2'},{'D7'},{'D5'},{'D4'},{'D6'},,&,1.0,&
{'D3'},{'R3'},{'R2'},{'D1'},{'D2'},{'D7'},{'R1'},{'D6'},{'D5'},,&,1.0,&
{'D3'},{'R3'},{'R2'},{'D1'},{'D2'},{'D7'},{'D6'},{'D5'},,,&,1.0,&
{'D3'},{'R3'},{'R2'},{'D1'},{'D2'},{'D7'},{'D6'},{'R1'},,,&,1.0,&
{'D3'},{'R3'},{'R2'},{'D1'},{'D2'},{'D7'},{'D4'},{'D6'},{'D5'},{'R1'},&,1.0,&
{'D3'},{'R3'},{'R2'},{'D1'},{'D2'},{'D5'},,,,,&,1.0,&
{'D3'},{'R3'},{'R2'},{'D1'},{'D2'},{'D5'},{'R1'},{'D7'},,,&,1.0,&
{'D3'},{'R3'},{'R2'},{'D1'},{'D2'},{'D5'},{'D4'},,,,&,1.0,&
{'D3'},{'R3'},{'R2'},{'D1'},{'D2'},{'D6'},,,,,&,3.0,&
{'D3'},{'R3'},{'R2'},{'D1'},{'D2'},{'D6'},{'D7'},{'D5'},{'D4'},{'R1'},&,1.0,&
{'D3'},{'R3'},{'R2'},{'D1'},{'D2'},{'D6'},{'D5'},{'D7'},,,&,1.0,&
{'D3'},{'R3'},{'R2'},{'D1'},{'D2'},{'R1'},,,,,&,1.0,&
{'D3'},{'R3'},{'R2'},{'D1'},{'D2'},{'R1'},{'D7'},,,,&,1.0,&
{'D3'},{'R3'},{'R2'},{'D1'},{'D2'},{'R1'},{'D6'},{'D7'},{'D5'},{'D4'},&,1.0,&
{'D3'},{'R3'},{'R2'},{'D1'},{'D2'},{'R1'},{'D6'},{'D7'},{'D4'},{'D5'},&,1.0,&
{'D3'},{'R3'},{'R2'},{'D1'},{'D2'},{'D4'},,,,,&,1.0,&
{'D3'},{'R3'},{'R2'},{'D1'},{'D2'},{'D4'},{'D5'},{'R1'},{'D6'},{'D7'},&,1.0,&
{'D3'},{'R3'},{'R2'},{'D1'},{'D6'},{'D2'},{'D7'},{'D5'},{'R1'},,&,1.0,&
{'D3'},{'R3'},{'R2'},{'D1'},{'D6'},{'D2'},{'R1'},,,,&,1.0,&
{'D3'},{'R3'},{'R2'},{'D1'},{'D6'},{'R1'},{'D7'},{'D2'},,,&,1.0,&
{'D3'},{'R3'},{'R2'},{'D1'},{'D6'},{'R1'},{'D2'},{'D5'},{'D7'},{'D4'},&,1.0,&
{'D3'},{'R3'},{'R2'},{'D1'},{'D7'},{'D2'},{'D5'},{'D6'},{'D4'},{'R1'},&,1.0,&
{'D3'},{'R3'},{'R2'},{'D1'},{'D7'},{'D2'},{'R1'},{'D6'},,,&,1.0,&
{'D3'},{'R3'},{'R2'},{'D1'},{'D7'},{'R1'},,,,,&,1.0,&
{'D3'},{'R3'},{'R2'},{'D1'},{'D7'},{'R1'},{'D6'},{'D4'},{'D2'},,&,1.0,&
{'D3'},{'R3'},{'R2'},{'D1'},{'D7'},{'R1'},{'D2'},{'D6'},{'D5'},{'D4'},&,1.0,&
{'D3'},{'R3'},{'R2'},{'D1'},{'R1'},,,,,,&,11.0,&
{'D3'},{'R3'},{'R2'},{'D1'},{'R1'},{'D7'},{'D2'},,,,&,2.0,&
{'D3'},{'R3'},{'R2'},{'D1'},{'R1'},{'D5'},{'D6'},{'D7'},{'D2'},{'D4'},&,1.0,&
{'D3'},{'R3'},{'R2'},{'D1'},{'R1'},{'D6'},,,,,&,1.0,&
{'D3'},{'R3'},{'R2'},{'D1'},{'R1'},{'D2'},,,,,&,3.0,&
{'D3'},{'R3'},{'R2'},{'D1'},{'R1'},{'D2'},{'D5'},,,,&,2.0,&
{'D3'},{'R3'},{'R2'},{'D1'},{'R1'},{'D2'},{'D6'},,,,&,3.0,&
{'D3'},{'R3'},{'R2'},{'D1'},{'R1'},{'D4'},{'D6'},,,,&,1.0,&
{'D3'},{'R3'},{'R2'},{'D1'},{'R1'},{'D4'},{'D2'},{'D6'},{'D7'},,&,1.0,&
{'D3'},{'R3'},{'R2'},{'D1'},{'D5'},,,,,,&,1.0,&
{'D3'},{'R3'},{'R2'},{'D1'},{'D5'},{'D2'},,,,,&,1.0,&
{'D3'},{'R3'},{'R2'},{'D1'},{'D5'},{'D2'},{'R1'},{'D7'},,,&,1.0,&
{'D3'},{'R3'},{'R2'},{'D5'},,,,,,,&,4.0,&
{'D3'},{'R3'},{'R2'},{'D5'},{'D2'},,,,,,&,2.0,&
{'D3'},{'R3'},{'R2'},{'D5'},{'D6'},{'D2'},{'D1'},{'D7'},{'R1'},,&,1.0,&
{'D3'},{'R3'},{'R2'},{'D5'},{'D1'},,,,,,&,1.0,&
{'D3'},{'R3'},{'R2'},{'D5'},{'D1'},{'D7'},{'R1'},{'D2'},{'D6'},,&,1.0,&
{'D3'},{'R3'},{'R2'},{'D5'},{'D1'},{'D2'},{'D6'},{'D7'},{'D4'},,&,1.0,&
{'D3'},{'R3'},{'R2'},{'D5'},{'D1'},{'R1'},{'D2'},{'D6'},{'D7'},{'D4'},&,1.0,&
{'D3'},{'R3'},{'R2'},{'D4'},,,,,,,&,1.0,&
{'D3'},{'R3'},{'R2'},{'D4'},{'D2'},,,,,,&,1.0,&
{'D3'},{'R3'},{'R2'},{'D4'},{'D2'},{'D1'},,,,,&,1.0,&
{'D3'},{'R3'},{'R2'},{'D4'},{'D2'},{'D1'},{'D5'},{'R1'},{'D6'},{'D7'},&,1.0,&
{'D3'},{'R3'},{'R2'},{'D4'},{'R1'},,,,,,&,1.0,&
{'D3'},{'R3'},{'R2'},{'D4'},{'D1'},{'R1'},{'D2'},,,,&,1.0,&
{'D3'},{'R3'},{'R2'},{'D7'},,,,,,,&,3.0,&
{'D3'},{'R3'},{'R2'},{'D7'},{'D2'},{'D1'},{'D6'},{'D5'},,,&,1.0,&
{'D3'},{'R3'},{'R2'},{'D7'},{'D2'},{'D1'},{'D6'},{'R1'},,,&,1.0,&
{'D3'},{'R3'},{'R2'},{'D7'},{'R1'},,,,,,&,1.0,&
{'D3'},{'R3'},{'R2'},{'D7'},{'R1'},{'D6'},,,,,&,1.0,&
{'D3'},{'R3'},{'R2'},{'D7'},{'R1'},{'D2'},{'D1'},{'D6'},,,&,1.0,&
{'D3'},{'R3'},{'R2'},{'D7'},{'D5'},{'D2'},,,,,&,1.0,&
{'D3'},{'R3'},{'R2'},{'D7'},{'D5'},{'R1'},{'D2'},,,,&,1.0,&
{'D3'},{'R3'},{'R2'},{'D7'},{'D1'},{'D6'},{'D2'},,,,&,1.0,&
{'D3'},{'R3'},{'R2'},{'D7'},{'D1'},{'D2'},,,,,&,2.0,&
{'D3'},{'R3'},{'R2'},{'D7'},{'D1'},{'R1'},,,,,&,1.0,&
{'D3'},{'R3'},{'R2'},{'D7'},{'D1'},{'R1'},{'D2'},{'D5'},{'D4'},{'D6'},&,1.0,&
{'D3'},{'R3'},{'R2'},{'R1'},,,,,,,&,29.0,&
{'D3'},{'R3'},{'R2'},{'R1'},{'D2'},,,,,,&,10.0,&
{'D3'},{'R3'},{'R2'},{'R1'},{'D2'},{'D1'},,,,,&,3.0,&
{'D3'},{'R3'},{'R2'},{'R1'},{'D2'},{'D1'},{'D7'},,,,&,3.0,&
{'D3'},{'R3'},{'R2'},{'R1'},{'D2'},{'D1'},{'D7'},{'D6'},,,&,1.0,&
{'D3'},{'R3'},{'R2'},{'R1'},{'D2'},{'D1'},{'D7'},{'D4'},{'D6'},,&,1.0,&
{'D3'},{'R3'},{'R2'},{'R1'},{'D2'},{'D1'},{'D7'},{'D5'},{'D6'},{'D4'},&,2.0,&
{'D3'},{'R3'},{'R2'},{'R1'},{'D2'},{'D1'},{'D7'},{'D5'},{'D4'},{'D6'},&,1.0,&
{'D3'},{'R3'},{'R2'},{'R1'},{'D2'},{'D1'},{'D5'},,,,&,2.0,&
{'D3'},{'R3'},{'R2'},{'R1'},{'D2'},{'D1'},{'D5'},{'D6'},,,&,2.0,&
{'D3'},{'R3'},{'R2'},{'R1'},{'D2'},{'D1'},{'D5'},{'D6'},{'D7'},,&,1.0,&
{'D3'},{'R3'},{'R2'},{'R1'},{'D2'},{'D1'},{'D5'},{'D6'},{'D4'},,&,1.0,&
{'D3'},{'R3'},{'R2'},{'R1'},{'D2'},{'D1'},{'D6'},,,,&,1.0,&
{'D3'},{'R3'},{'R2'},{'R1'},{'D2'},{'D1'},{'D6'},{'D7'},{'D4'},,&,1.0,&
{'D3'},{'R3'},{'R2'},{'R1'},{'D2'},{'D1'},{'D6'},{'D5'},,,&,1.0,&
{'D3'},{'R3'},{'R2'},{'R1'},{'D2'},{'D1'},{'D6'},{'D5'},{'D4'},{'D7'},&,1.0,&
{'D3'},{'R3'},{'R2'},{'R1'},{'D2'},{'D1'},{'D4'},,,,&,1.0,&
{'D3'},{'R3'},{'R2'},{'R1'},{'D2'},{'D7'},{'D1'},{'D5'},,,&,1.0,&
{'D3'},{'R3'},{'R2'},{'R1'},{'D2'},{'D7'},{'D6'},{'D1'},,,&,1.0,&
{'D3'},{'R3'},{'R2'},{'R1'},{'D2'},{'D5'},{'D1'},{'D6'},{'D7'},{'D4'},&,1.0,&
{'D3'},{'R3'},{'R2'},{'R1'},{'D2'},{'D5'},{'D1'},{'D4'},{'D7'},{'D6'},&,1.0,&
{'D3'},{'R3'},{'R2'},{'R1'},{'D2'},{'D5'},{'D1'},{'D7'},,,&,1.0,&
{'D3'},{'R3'},{'R2'},{'R1'},{'D2'},{'D6'},,,,,&,1.0,&
{'D3'},{'R3'},{'R2'},{'R1'},{'D2'},{'D6'},{'D7'},{'D5'},{'D1'},{'D4'},&,1.0,&
{'D3'},{'R3'},{'R2'},{'R1'},{'D2'},{'D6'},{'D7'},{'D1'},{'D5'},,&,1.0,&
{'D3'},{'R3'},{'R2'},{'R1'},{'D2'},{'D6'},{'D7'},{'D1'},{'D5'},{'D4'},&,1.0,&
{'D3'},{'R3'},{'R2'},{'R1'},{'D2'},{'D6'},{'D1'},,,,&,2.0,&
{'D3'},{'R3'},{'R2'},{'R1'},{'D2'},{'D6'},{'D1'},{'D7'},{'D5'},{'D4'},&,1.0,&
{'D3'},{'R3'},{'R2'},{'R1'},{'D2'},{'D6'},{'D1'},{'D5'},,,&,1.0,&
{'D3'},{'R3'},{'R2'},{'R1'},{'D2'},{'D6'},{'D1'},{'D5'},{'D7'},{'D4'},&,1.0,&
{'D3'},{'R3'},{'R2'},{'R1'},{'D6'},,,,,,&,1.0,&
{'D3'},{'R3'},{'R2'},{'R1'},{'D6'},{'D1'},,,,,&,1.0,&
{'D3'},{'R3'},{'R2'},{'R1'},{'D6'},{'D2'},{'D1'},{'D4'},{'D5'},,&,2.0,&
{'D3'},{'R3'},{'R2'},{'R1'},{'D7'},{'D1'},{'D2'},,,,&,1.0,&
{'D3'},{'R3'},{'R2'},{'R1'},{'D7'},{'D1'},{'D2'},{'D6'},{'D5'},,&,1.0,&
{'D3'},{'R3'},{'R2'},{'R1'},{'D7'},{'D1'},{'D2'},{'D5'},,,&,1.0,&
{'D3'},{'R3'},{'R2'},{'R1'},{'D7'},{'D2'},,,,,&,1.0,&
{'D3'},{'R3'},{'R2'},{'R1'},{'D7'},{'D2'},{'D1'},,,,&,1.0,&
{'D3'},{'R3'},{'R2'},{'R1'},{'D5'},{'D2'},,,,,&,1.0,&
{'D3'},{'R3'},{'R2'},{'R1'},{'D5'},{'D2'},{'D1'},{'D6'},,,&,1.0,&
{'D3'},{'R3'},{'R2'},{'R1'},{'D5'},{'D2'},{'D1'},{'D7'},{'D6'},,&,1.0,&
{'D3'},{'R3'},{'R2'},{'R1'},{'D1'},,,,,,&,8.0,&
{'D3'},{'R3'},{'R2'},{'R1'},{'D1'},{'D7'},,,,,&,1.0,&
{'D3'},{'R3'},{'R2'},{'R1'},{'D1'},{'D7'},{'D2'},,,,&,1.0,&
{'D3'},{'R3'},{'R2'},{'R1'},{'D1'},{'D7'},{'D2'},{'D6'},,,&,1.0,&
{'D3'},{'R3'},{'R2'},{'R1'},{'D1'},{'D7'},{'D2'},{'D5'},{'D6'},,&,1.0,&
{'D3'},{'R3'},{'R2'},{'R1'},{'D1'},{'D7'},{'D2'},{'D5'},{'D6'},{'D4'},&,1.0,&
{'D3'},{'R3'},{'R2'},{'R1'},{'D1'},{'D5'},,,,,&,1.0,&
{'D3'},{'R3'},{'R2'},{'R1'},{'D1'},{'D5'},{'D2'},{'D6'},{'D4'},,&,1.0,&
{'D3'},{'R3'},{'R2'},{'R1'},{'D1'},{'D6'},,,,,&,1.0,&
{'D3'},{'R3'},{'R2'},{'R1'},{'D1'},{'D6'},{'D7'},,,,&,1.0,&
{'D3'},{'R3'},{'R2'},{'R1'},{'D1'},{'D6'},{'D2'},{'D5'},,,&,1.0,&
{'D3'},{'R3'},{'R2'},{'R1'},{'D1'},{'D2'},,,,,&,2.0,&
{'D3'},{'R3'},{'R2'},{'R1'},{'D1'},{'D2'},{'D7'},,,,&,1.0,&
{'D3'},{'R3'},{'R2'},{'R1'},{'D1'},{'D2'},{'D7'},{'D6'},,,&,1.0,&
{'D3'},{'R3'},{'R2'},{'R1'},{'D1'},{'D2'},{'D7'},{'D6'},{'D5'},{'D4'},&,1.0,&
{'D3'},{'R3'},{'R2'},{'R1'},{'D1'},{'D2'},{'D7'},{'D5'},{'D6'},,&,1.0,&
{'D3'},{'R3'},{'R2'},{'R1'},{'D1'},{'D2'},{'D5'},{'D7'},{'D6'},{'D4'},&,1.0,&
{'D3'},{'R3'},{'R2'},{'R1'},{'D1'},{'D2'},{'D6'},,,,&,1.0,&
{'D3'},{'R3'},{'R2'},{'R1'},{'D1'},{'D2'},{'D6'},{'D7'},,,&,1.0,&
{'D3'},{'R3'},{'R2'},{'R1'},{'D1'},{'D4'},{'D2'},,,,&,2.0,&
{'D3'},{'R3'},{'R2'},{'R1'},{'D4'},{'D2'},,,,,&,1.0,&
{'D3'},{'R3'},{'R2'},{'R1'},{'D4'},{'D2'},{'D1'},,,,&,1.0,&
{'D3'},{'R3'},{'R2'},{'D6'},,,,,,,&,6.0,&
{'D3'},{'R3'},{'R2'},{'D6'},{'D2'},,,,,,&,3.0,&
{'D3'},{'R3'},{'R2'},{'D6'},{'D2'},{'D1'},{'D7'},{'D5'},{'D4'},{'R1'},&,1.0,&
{'D3'},{'R3'},{'R2'},{'D6'},{'D2'},{'D1'},{'R1'},{'D5'},{'D4'},,&,1.0,&
{'D3'},{'R3'},{'R2'},{'D6'},{'D2'},{'D7'},{'D1'},,,,&,1.0,&
{'D3'},{'R3'},{'R2'},{'D6'},{'D7'},{'R1'},{'D1'},,,,&,1.0,&
{'D3'},{'R3'},{'R2'},{'D6'},{'R1'},,,,,,&,2.0,&
{'D3'},{'R3'},{'R2'},{'D6'},{'R1'},{'D1'},{'D5'},{'D2'},{'D7'},,&,1.0,&
{'D3'},{'R3'},{'R2'},{'D6'},{'R1'},{'D5'},{'D2'},{'D1'},,,&,1.0,&
{'D3'},{'R3'},{'R2'},{'D6'},{'D1'},,,,,,&,1.0,&
{'D3'},{'R3'},{'R2'},{'D2'},,,,,,,&,11.0,&
{'D3'},{'R3'},{'R2'},{'D2'},{'D6'},{'D1'},{'D7'},{'R1'},{'D5'},,&,1.0,&
{'D3'},{'R3'},{'R2'},{'D2'},{'D6'},{'D1'},{'D5'},{'D4'},{'D7'},{'R1'},&,1.0,&
{'D3'},{'R3'},{'R2'},{'D2'},{'D6'},{'D7'},{'D1'},{'R1'},,,&,1.0,&
{'D3'},{'R3'},{'R2'},{'D2'},{'D6'},{'D5'},,,,,&,1.0,&
{'D3'},{'R3'},{'R2'},{'D2'},{'D6'},{'D5'},{'D1'},{'D7'},{'R1'},{'D4'},&,1.0,&
{'D3'},{'R3'},{'R2'},{'D2'},{'D6'},{'D5'},{'D1'},{'R1'},{'D7'},,&,1.0,&
{'D3'},{'R3'},{'R2'},{'D2'},{'D7'},,,,,,&,1.0,&
{'D3'},{'R3'},{'R2'},{'D2'},{'D7'},{'D1'},{'D5'},{'D6'},{'D4'},,&,1.0,&
{'D3'},{'R3'},{'R2'},{'D2'},{'D7'},{'D1'},{'D6'},,,,&,1.0,&
{'D3'},{'R3'},{'R2'},{'D2'},{'D7'},{'R1'},,,,,&,1.0,&
{'D3'},{'R3'},{'R2'},{'D2'},{'R1'},,,,,,&,4.0,&
{'D3'},{'R3'},{'R2'},{'D2'},{'R1'},{'D1'},,,,,&,6.0,&
{'D3'},{'R3'},{'R2'},{'D2'},{'R1'},{'D1'},{'D7'},{'D5'},{'D6'},{'D4'},&,1.0,&
{'D3'},{'R3'},{'R2'},{'D2'},{'R1'},{'D1'},{'D5'},,,,&,1.0,&
{'D3'},{'R3'},{'R2'},{'D2'},{'R1'},{'D1'},{'D5'},{'D7'},,,&,1.0,&
{'D3'},{'R3'},{'R2'},{'D2'},{'R1'},{'D1'},{'D6'},,,,&,1.0,&
{'D3'},{'R3'},{'R2'},{'D2'},{'R1'},{'D1'},{'D6'},{'D7'},{'D5'},{'D4'},&,1.0,&
{'D3'},{'R3'},{'R2'},{'D2'},{'R1'},{'D1'},{'D6'},{'D7'},{'D4'},{'D5'},&,1.0,&
{'D3'},{'R3'},{'R2'},{'D2'},{'R1'},{'D1'},{'D6'},{'D5'},,,&,1.0,&
{'D3'},{'R3'},{'R2'},{'D2'},{'R1'},{'D7'},{'D1'},{'D4'},{'D6'},,&,1.0,&
{'D3'},{'R3'},{'R2'},{'D2'},{'R1'},{'D7'},{'D6'},,,,&,1.0,&
{'D3'},{'R3'},{'R2'},{'D2'},{'R1'},{'D5'},{'D1'},{'D7'},{'D6'},{'D4'},&,1.0,&
{'D3'},{'R3'},{'R2'},{'D2'},{'R1'},{'D6'},,,,,&,1.0,&
{'D3'},{'R3'},{'R2'},{'D2'},{'R1'},{'D6'},{'D7'},{'D1'},,,&,1.0,&
{'D3'},{'R3'},{'R2'},{'D2'},{'R1'},{'D6'},{'D1'},{'D7'},{'D5'},,&,1.0,&
{'D3'},{'R3'},{'R2'},{'D2'},{'R1'},{'D6'},{'D1'},{'D5'},,,&,2.0,&
{'D3'},{'R3'},{'R2'},{'D2'},{'R1'},{'D6'},{'D1'},{'D5'},{'D7'},{'D4'},&,1.0,&
{'D3'},{'R3'},{'R2'},{'D2'},{'D5'},{'D1'},,,,,&,1.0,&
{'D3'},{'R3'},{'R2'},{'D2'},{'D5'},{'D1'},{'D7'},{'D4'},,,&,1.0,&
{'D3'},{'R3'},{'R2'},{'D2'},{'D5'},{'D1'},{'D6'},{'D7'},,,&,1.0,&
{'D3'},{'R3'},{'R2'},{'D2'},{'D5'},{'D7'},,,,,&,1.0,&
{'D3'},{'R3'},{'R2'},{'D2'},{'D5'},{'D6'},{'D1'},{'R1'},{'D7'},,&,1.0,&
{'D3'},{'R3'},{'R2'},{'D2'},{'D5'},{'R1'},,,,,&,1.0,&
{'D3'},{'R3'},{'R2'},{'D2'},{'D5'},{'R1'},{'D6'},{'D1'},{'D7'},{'D4'},&,1.0,&
{'D3'},{'R3'},{'R2'},{'D2'},{'D1'},,,,,,&,5.0,&
{'D3'},{'R3'},{'R2'},{'D2'},{'D1'},{'D7'},{'D5'},,,,&,2.0,&
{'D3'},{'R3'},{'R2'},{'D2'},{'D1'},{'D7'},{'D6'},{'D4'},,,&,1.0,&
{'D3'},{'R3'},{'R2'},{'D2'},{'D1'},{'D7'},{'D6'},{'D4'},{'D5'},{'R1'},&,1.0,&
{'D3'},{'R3'},{'R2'},{'D2'},{'D1'},{'D7'},{'D4'},{'R1'},{'D6'},{'D5'},&,1.0,&
{'D3'},{'R3'},{'R2'},{'D2'},{'D1'},{'D5'},,,,,&,3.0,&
{'D3'},{'R3'},{'R2'},{'D2'},{'D1'},{'D5'},{'R1'},,,,&,1.0,&
{'D3'},{'R3'},{'R2'},{'D2'},{'D1'},{'D5'},{'D6'},{'D7'},,,&,1.0,&
{'D3'},{'R3'},{'R2'},{'D2'},{'D1'},{'D6'},,,,,&,2.0,&
{'D3'},{'R3'},{'R2'},{'D2'},{'D1'},{'D6'},{'D7'},{'D5'},{'D4'},,&,1.0,&
{'D3'},{'R3'},{'R2'},{'D2'},{'D1'},{'D6'},{'R1'},,,,&,1.0,&
{'D3'},{'R3'},{'R2'},{'D2'},{'D1'},{'D6'},{'R1'},{'D5'},,,&,1.0,&
{'D3'},{'R3'},{'R2'},{'D2'},{'D1'},{'D6'},{'D4'},{'D7'},{'R1'},{'D5'},&,1.0,&
{'D3'},{'R3'},{'R2'},{'D2'},{'D1'},{'R1'},,,,,&,6.0,&
{'D3'},{'R3'},{'R2'},{'D2'},{'D1'},{'R1'},{'D5'},,,,&,1.0,&
{'D3'},{'R3'},{'R2'},{'D2'},{'D1'},{'R1'},{'D5'},{'D7'},,,&,1.0,&
{'D3'},{'R3'},{'R2'},{'D2'},{'D1'},{'R1'},{'D6'},,,,&,1.0,&
{'D3'},{'R3'},{'R2'},{'D2'},{'D1'},{'R1'},{'D6'},{'D4'},{'D5'},{'D7'},&,1.0,&
{'D3'},{'R3'},{'R2'},{'D2'},{'D1'},{'R1'},{'D6'},{'D7'},{'D5'},,&,1.0,&
{'D3'},{'R3'},{'R2'},{'D2'},{'D1'},{'R1'},{'D4'},,,,&,1.0,&
{'D3'},{'R3'},{'R2'},{'D2'},{'D1'},{'D4'},{'D5'},{'D7'},{'R1'},,&,1.0,&
{'D3'},{'R3'},{'R2'},{'D2'},{'D1'},{'D4'},{'D5'},{'R1'},{'D7'},{'D6'},&,1.0,&
{'D3'},{'R3'},{'R2'},{'D2'},{'D1'},{'D4'},{'R1'},{'D7'},,,&,1.0,&
{'D3'},{'R3'},{'R2'},{'D2'},{'D4'},,,,,,&,1.0,&
{'D3'},{'R3'},{'D2'},,,,,,,,&,79.0,&
{'D3'},{'R3'},{'D2'},{'R2'},,,,,,,&,17.0,&
{'D3'},{'R3'},{'D2'},{'R2'},{'D6'},,,,,,&,3.0,&
{'D3'},{'R3'},{'D2'},{'R2'},{'D6'},{'D1'},{'D7'},{'R1'},{'D5'},,&,1.0,&
{'D3'},{'R3'},{'D2'},{'R2'},{'D6'},{'D1'},{'R1'},,,,&,1.0,&
{'D3'},{'R3'},{'D2'},{'R2'},{'D6'},{'D1'},{'R1'},{'D4'},,,&,1.0,&
{'D3'},{'R3'},{'D2'},{'R2'},{'D6'},{'D1'},{'R1'},{'D7'},{'D5'},{'D4'},&,1.0,&
{'D3'},{'R3'},{'D2'},{'R2'},{'D6'},{'D1'},{'R1'},{'D5'},{'D7'},{'D4'},&,1.0,&
{'D3'},{'R3'},{'D2'},{'R2'},{'D6'},{'D1'},{'D4'},,,,&,1.0,&
{'D3'},{'R3'},{'D2'},{'R2'},{'D6'},{'D5'},,,,,&,1.0,&
{'D3'},{'R3'},{'D2'},{'R2'},{'D7'},,,,,,&,1.0,&
{'D3'},{'R3'},{'D2'},{'R2'},{'D7'},{'R1'},{'D1'},{'D6'},{'D5'},,&,1.0,&
{'D3'},{'R3'},{'D2'},{'R2'},{'R1'},,,,,,&,10.0,&
{'D3'},{'R3'},{'D2'},{'R2'},{'R1'},{'D1'},,,,,&,3.0,&
{'D3'},{'R3'},{'D2'},{'R2'},{'R1'},{'D1'},{'D7'},,,,&,1.0,&
{'D3'},{'R3'},{'D2'},{'R2'},{'R1'},{'D1'},{'D5'},{'D6'},,,&,1.0,&
{'D3'},{'R3'},{'D2'},{'R2'},{'R1'},{'D1'},{'D4'},,,,&,2.0,&
{'D3'},{'R3'},{'D2'},{'R2'},{'R1'},{'D7'},,,,,&,1.0,&
{'D3'},{'R3'},{'D2'},{'R2'},{'R1'},{'D7'},{'D1'},{'D5'},{'D6'},{'D4'},&,1.0,&
{'D3'},{'R3'},{'D2'},{'R2'},{'R1'},{'D7'},{'D1'},{'D5'},{'D4'},,&,1.0,&
{'D3'},{'R3'},{'D2'},{'R2'},{'R1'},{'D5'},{'D1'},{'D7'},{'D6'},,&,1.0,&
{'D3'},{'R3'},{'D2'},{'R2'},{'R1'},{'D5'},{'D6'},,,,&,1.0,&
{'D3'},{'R3'},{'D2'},{'R2'},{'R1'},{'D6'},{'D5'},{'D1'},{'D7'},,&,1.0,&
{'D3'},{'R3'},{'D2'},{'R2'},{'R1'},{'D6'},{'D1'},,,,&,1.0,&
{'D3'},{'R3'},{'D2'},{'R2'},{'R1'},{'D6'},{'D1'},{'D7'},,,&,1.0,&
{'D3'},{'R3'},{'D2'},{'R2'},{'R1'},{'D6'},{'D1'},{'D5'},,,&,1.0,&
{'D3'},{'R3'},{'D2'},{'R2'},{'R1'},{'D4'},{'D1'},{'D5'},,,&,1.0,&
{'D3'},{'R3'},{'D2'},{'R2'},{'D5'},,,,,,&,1.0,&
{'D3'},{'R3'},{'D2'},{'R2'},{'D5'},{'D1'},,,,,&,1.0,&
{'D3'},{'R3'},{'D2'},{'R2'},{'D5'},{'D1'},{'D6'},,,,&,1.0,&
{'D3'},{'R3'},{'D2'},{'R2'},{'D5'},{'D1'},{'D6'},{'D4'},{'R1'},{'D7'},&,1.0,&
{'D3'},{'R3'},{'D2'},{'R2'},{'D5'},{'D1'},{'D6'},{'D7'},{'D4'},{'R1'},&,1.0,&
{'D3'},{'R3'},{'D2'},{'R2'},{'D5'},{'R1'},{'D1'},{'D6'},{'D7'},{'D4'},&,1.0,&
{'D3'},{'R3'},{'D2'},{'R2'},{'D1'},,,,,,&,9.0,&
{'D3'},{'R3'},{'D2'},{'R2'},{'D1'},{'D7'},,,,,&,1.0,&
{'D3'},{'R3'},{'D2'},{'R2'},{'D1'},{'D7'},{'D6'},{'D5'},{'R1'},{'D4'},&,1.0,&
{'D3'},{'R3'},{'D2'},{'R2'},{'D1'},{'D5'},{'D7'},{'D6'},,,&,1.0,&
{'D3'},{'R3'},{'D2'},{'R2'},{'D1'},{'D5'},{'R1'},,,,&,1.0,&
{'D3'},{'R3'},{'D2'},{'R2'},{'D1'},{'D5'},{'R1'},{'D6'},,,&,1.0,&
{'D3'},{'R3'},{'D2'},{'R2'},{'D1'},{'D5'},{'D6'},,,,&,1.0,&
{'D3'},{'R3'},{'D2'},{'R2'},{'D1'},{'D5'},{'D6'},{'D7'},{'R1'},{'D4'},&,1.0,&
{'D3'},{'R3'},{'D2'},{'R2'},{'D1'},{'D6'},,,,,&,1.0,&
{'D3'},{'R3'},{'D2'},{'R2'},{'D1'},{'D6'},{'D5'},{'D7'},{'R1'},{'D4'},&,1.0,&
{'D3'},{'R3'},{'D2'},{'R2'},{'D1'},{'D6'},{'D5'},{'R1'},,,&,1.0,&
{'D3'},{'R3'},{'D2'},{'R2'},{'D1'},{'D6'},{'R1'},,,,&,1.0,&
{'D3'},{'R3'},{'D2'},{'R2'},{'D1'},{'D6'},{'R1'},{'D5'},{'D7'},,&,1.0,&
{'D3'},{'R3'},{'D2'},{'R2'},{'D1'},{'D6'},{'D4'},{'R1'},{'D5'},,&,1.0,&
{'D3'},{'R3'},{'D2'},{'R2'},{'D1'},{'R1'},,,,,&,3.0,&
{'D3'},{'R3'},{'D2'},{'R2'},{'D1'},{'R1'},{'D7'},{'D6'},{'D5'},{'D4'},&,1.0,&
{'D3'},{'R3'},{'D2'},{'R2'},{'D1'},{'R1'},{'D5'},{'D6'},{'D7'},{'D4'},&,2.0,&
{'D3'},{'R3'},{'D2'},{'R2'},{'D1'},{'R1'},{'D5'},{'D7'},{'D6'},,&,1.0,&
{'D3'},{'R3'},{'D2'},{'R2'},{'D1'},{'R1'},{'D6'},,,,&,1.0,&
{'D3'},{'R3'},{'D2'},{'R2'},{'D1'},{'R1'},{'D6'},{'D7'},,,&,1.0,&
{'D3'},{'R3'},{'D2'},{'R2'},{'D1'},{'R1'},{'D4'},,,,&,1.0,&
{'D3'},{'R3'},{'D2'},{'R2'},{'D1'},{'R1'},{'D4'},{'D6'},,,&,1.0,&
{'D3'},{'R3'},{'D2'},{'R2'},{'D1'},{'R1'},{'D4'},{'D7'},,,&,1.0,&
{'D3'},{'R3'},{'D2'},{'R2'},{'D1'},{'D4'},{'D6'},{'D7'},{'D5'},{'R1'},&,1.0,&
{'D3'},{'R3'},{'D2'},{'R2'},{'D4'},{'D1'},{'R1'},,,,&,1.0,&
{'D3'},{'R3'},{'D2'},{'R2'},{'D4'},{'D1'},{'D6'},{'R1'},,,&,1.0,&
{'D3'},{'R3'},{'D2'},{'R2'},{'D4'},{'R1'},{'D1'},{'D7'},{'D6'},{'D5'},&,1.0,&
{'D3'},{'R3'},{'D2'},{'D1'},,,,,,,&,16.0,&
{'D3'},{'R3'},{'D2'},{'D1'},{'D6'},,,,,,&,6.0,&
{'D3'},{'R3'},{'D2'},{'D1'},{'D6'},{'D7'},,,,,&,1.0,&
{'D3'},{'R3'},{'D2'},{'D1'},{'D6'},{'D7'},{'D5'},{'D4'},,,&,1.0,&
{'D3'},{'R3'},{'D2'},{'D1'},{'D6'},{'D7'},{'D5'},{'R2'},{'D4'},,&,1.0,&
{'D3'},{'R3'},{'D2'},{'D1'},{'D6'},{'D7'},{'R2'},{'R1'},{'D5'},,&,1.0,&
{'D3'},{'R3'},{'D2'},{'D1'},{'D6'},{'D7'},{'D4'},{'R1'},{'D5'},,&,1.0,&
{'D3'},{'R3'},{'D2'},{'D1'},{'D6'},{'D5'},,,,,&,2.0,&
{'D3'},{'R3'},{'D2'},{'D1'},{'D6'},{'D5'},{'D7'},{'D4'},{'R2'},{'R1'},&,1.0,&
{'D3'},{'R3'},{'D2'},{'D1'},{'D6'},{'D5'},{'R1'},{'R2'},{'D4'},{'D7'},&,1.0,&
{'D3'},{'R3'},{'D2'},{'D1'},{'D6'},{'D5'},{'R1'},{'D7'},{'R2'},{'D4'},&,1.0,&
{'D3'},{'R3'},{'D2'},{'D1'},{'D6'},{'D5'},{'D4'},,,,&,1.0,&
{'D3'},{'R3'},{'D2'},{'D1'},{'D6'},{'R2'},,,,,&,1.0,&
{'D3'},{'R3'},{'D2'},{'D1'},{'D6'},{'R2'},{'D5'},{'R1'},{'D7'},{'D4'},&,1.0,&
{'D3'},{'R3'},{'D2'},{'D1'},{'D6'},{'R2'},{'R1'},{'D5'},{'D7'},,&,1.0,&
{'D3'},{'R3'},{'D2'},{'D1'},{'D6'},{'R2'},{'D4'},{'D7'},,,&,1.0,&
{'D3'},{'R3'},{'D2'},{'D1'},{'D6'},{'R1'},{'D7'},{'D5'},,,&,1.0,&
{'D3'},{'R3'},{'D2'},{'D1'},{'D6'},{'D4'},,,,,&,2.0,&
{'D3'},{'R3'},{'D2'},{'D1'},{'D6'},{'D4'},{'D5'},,,,&,1.0,&
{'D3'},{'R3'},{'D2'},{'D1'},{'D6'},{'D4'},{'R2'},{'R1'},,,&,1.0,&
{'D3'},{'R3'},{'D2'},{'D1'},{'D7'},,,,,,&,4.0,&
{'D3'},{'R3'},{'D2'},{'D1'},{'D7'},{'D5'},{'D6'},{'D4'},{'R1'},{'R2'},&,1.0,&
{'D3'},{'R3'},{'D2'},{'D1'},{'D7'},{'R2'},{'D5'},{'R1'},{'D6'},{'D4'},&,1.0,&
{'D3'},{'R3'},{'D2'},{'D1'},{'D7'},{'R2'},{'R1'},,,,&,1.0,&
{'D3'},{'R3'},{'D2'},{'D1'},{'D7'},{'R2'},{'R1'},{'D6'},,,&,1.0,&
{'D3'},{'R3'},{'D2'},{'D1'},{'D7'},{'R2'},{'R1'},{'D6'},{'D5'},,&,1.0,&
{'D3'},{'R3'},{'D2'},{'D1'},{'D7'},{'R2'},{'R1'},{'D5'},{'D6'},{'D4'},&,1.0,&
{'D3'},{'R3'},{'D2'},{'D1'},{'D7'},{'R2'},{'D6'},,,,&,1.0,&
{'D3'},{'R3'},{'D2'},{'D1'},{'D7'},{'R2'},{'D6'},{'R1'},{'D5'},{'D4'},&,1.0,&
{'D3'},{'R3'},{'D2'},{'D1'},{'D7'},{'R1'},,,,,&,1.0,&
{'D3'},{'R3'},{'D2'},{'D1'},{'R1'},{'D7'},,,,,&,1.0,&
{'D3'},{'R3'},{'D2'},{'D1'},{'R1'},{'D7'},{'D5'},{'D4'},{'R2'},{'D6'},&,1.0,&
{'D3'},{'R3'},{'D2'},{'D1'},{'R1'},{'D7'},{'R2'},{'D6'},{'D5'},{'D4'},&,1.0,&
{'D3'},{'R3'},{'D2'},{'D1'},{'R1'},{'D5'},{'D7'},,,,&,1.0,&
{'D3'},{'R3'},{'D2'},{'D1'},{'R1'},{'D5'},{'R2'},,,,&,1.0,&
{'D3'},{'R3'},{'D2'},{'D1'},{'R1'},{'R2'},,,,,&,1.0,&
{'D3'},{'R3'},{'D2'},{'D1'},{'R1'},{'R2'},{'D7'},{'D6'},,,&,1.0,&
{'D3'},{'R3'},{'D2'},{'D1'},{'R1'},{'R2'},{'D5'},{'D6'},{'D7'},{'D4'},&,1.0,&
{'D3'},{'R3'},{'D2'},{'D1'},{'R1'},{'R2'},{'D6'},{'D7'},,,&,1.0,&
{'D3'},{'R3'},{'D2'},{'D1'},{'D5'},,,,,,&,5.0,&
{'D3'},{'R3'},{'D2'},{'D1'},{'D5'},{'D7'},,,,,&,1.0,&
{'D3'},{'R3'},{'D2'},{'D1'},{'D5'},{'D7'},{'D6'},,,,&,1.0,&
{'D3'},{'R3'},{'D2'},{'D1'},{'D5'},{'D7'},{'D6'},{'R1'},{'D4'},,&,1.0,&
{'D3'},{'R3'},{'D2'},{'D1'},{'D5'},{'R2'},,,,,&,2.0,&
{'D3'},{'R3'},{'D2'},{'D1'},{'D5'},{'R2'},{'D6'},,,,&,1.0,&
{'D3'},{'R3'},{'D2'},{'D1'},{'D5'},{'R2'},{'D6'},{'R1'},,,&,1.0,&
{'D3'},{'R3'},{'D2'},{'D1'},{'D5'},{'R2'},{'D4'},{'D6'},{'D7'},{'R1'},&,1.0,&
{'D3'},{'R3'},{'D2'},{'D1'},{'D5'},{'D6'},,,,,&,1.0,&
{'D3'},{'R3'},{'D2'},{'D1'},{'D5'},{'D6'},{'D7'},{'R2'},,,&,1.0,&
{'D3'},{'R3'},{'D2'},{'D1'},{'D5'},{'D6'},{'R2'},,,,&,1.0,&
{'D3'},{'R3'},{'D2'},{'D1'},{'D5'},{'D6'},{'D4'},{'D7'},{'R2'},,&,1.0,&
{'D3'},{'R3'},{'D2'},{'D1'},{'D5'},{'R1'},{'D6'},{'D7'},,,&,1.0,&
{'D3'},{'R3'},{'D2'},{'D1'},{'R2'},,,,,,&,5.0,&
{'D3'},{'R3'},{'D2'},{'D1'},{'R2'},{'D7'},{'D5'},,,,&,1.0,&
{'D3'},{'R3'},{'D2'},{'D1'},{'R2'},{'D7'},{'R1'},,,,&,2.0,&
{'D3'},{'R3'},{'D2'},{'D1'},{'R2'},{'D7'},{'R1'},{'D6'},{'D5'},{'D4'},&,1.0,&
{'D3'},{'R3'},{'D2'},{'D1'},{'R2'},{'D5'},,,,,&,1.0,&
{'D3'},{'R3'},{'D2'},{'D1'},{'R2'},{'D5'},{'R1'},,,,&,1.0,&
{'D3'},{'R3'},{'D2'},{'D1'},{'R2'},{'D5'},{'R1'},{'D6'},,,&,1.0,&
{'D3'},{'R3'},{'D2'},{'D1'},{'R2'},{'D5'},{'R1'},{'D4'},,,&,1.0,&
{'D3'},{'R3'},{'D2'},{'D1'},{'R2'},{'D6'},,,,,&,2.0,&
{'D3'},{'R3'},{'D2'},{'D1'},{'R2'},{'D6'},{'D7'},{'D4'},{'R1'},{'D5'},&,1.0,&
{'D3'},{'R3'},{'D2'},{'D1'},{'R2'},{'D6'},{'D7'},{'R1'},,,&,1.0,&
{'D3'},{'R3'},{'D2'},{'D1'},{'R2'},{'D6'},{'R1'},{'D4'},{'D7'},{'D5'},&,1.0,&
{'D3'},{'R3'},{'D2'},{'D1'},{'R2'},{'D6'},{'R1'},{'D5'},{'D7'},{'D4'},&,1.0,&
{'D3'},{'R3'},{'D2'},{'D1'},{'R2'},{'R1'},,,,,&,1.0,&
{'D3'},{'R3'},{'D2'},{'D1'},{'R2'},{'R1'},{'D7'},,,,&,1.0,&
{'D3'},{'R3'},{'D2'},{'D1'},{'R2'},{'R1'},{'D7'},{'D6'},,,&,1.0,&
{'D3'},{'R3'},{'D2'},{'D1'},{'R2'},{'R1'},{'D7'},{'D4'},,,&,1.0,&
{'D3'},{'R3'},{'D2'},{'D1'},{'R2'},{'R1'},{'D7'},{'D5'},{'D6'},{'D4'},&,1.0,&
{'D3'},{'R3'},{'D2'},{'D1'},{'R2'},{'R1'},{'D5'},{'D6'},,,&,2.0,&
{'D3'},{'R3'},{'D2'},{'D1'},{'R2'},{'R1'},{'D5'},{'D7'},{'D6'},{'D4'},&,1.0,&
{'D3'},{'R3'},{'D2'},{'D1'},{'R2'},{'R1'},{'D6'},{'D5'},{'D7'},,&,1.0,&
{'D3'},{'R3'},{'D2'},{'D1'},{'R2'},{'R1'},{'D4'},,,,&,1.0,&
{'D3'},{'R3'},{'D2'},{'D1'},{'R2'},{'D4'},{'D5'},{'D7'},{'R1'},{'D6'},&,1.0,&
{'D3'},{'R3'},{'D2'},{'D1'},{'D4'},{'R2'},,,,,&,1.0,&
{'D3'},{'R3'},{'D2'},{'D1'},{'D4'},{'R2'},{'D7'},{'D5'},{'R1'},,&,1.0,&
{'D3'},{'R3'},{'D2'},{'D1'},{'D4'},{'R2'},{'D5'},,,,&,1.0,&
{'D3'},{'R3'},{'D2'},{'D1'},{'D4'},{'D6'},{'R2'},{'D5'},{'R1'},,&,1.0,&
{'D3'},{'R3'},{'D2'},{'D5'},,,,,,,&,3.0,&
{'D3'},{'R3'},{'D2'},{'D5'},{'D6'},{'D1'},,,,,&,1.0,&
{'D3'},{'R3'},{'D2'},{'D5'},{'D6'},{'R2'},,,,,&,1.0,&
{'D3'},{'R3'},{'D2'},{'D5'},{'D6'},{'D4'},{'R2'},{'R1'},{'D7'},{'D1'},&,1.0,&
{'D3'},{'R3'},{'D2'},{'D5'},{'D7'},,,,,,&,1.0,&
{'D3'},{'R3'},{'D2'},{'D5'},{'R1'},,,,,,&,1.0,&
{'D3'},{'R3'},{'D2'},{'D5'},{'D1'},,,,,,&,1.0,&
{'D3'},{'R3'},{'D2'},{'D5'},{'D1'},{'D7'},{'D6'},{'D4'},{'R2'},,&,1.0,&
{'D3'},{'R3'},{'D2'},{'D5'},{'D1'},{'D7'},{'D6'},{'R2'},{'R1'},{'D4'},&,1.0,&
{'D3'},{'R3'},{'D2'},{'D5'},{'D1'},{'R2'},{'D7'},{'R1'},{'D6'},,&,1.0,&
{'D3'},{'R3'},{'D2'},{'D5'},{'D1'},{'R2'},{'D4'},{'R1'},,,&,1.0,&
{'D3'},{'R3'},{'D2'},{'D5'},{'D1'},{'D6'},{'R2'},{'R1'},{'D7'},{'D4'},&,1.0,&
{'D3'},{'R3'},{'D2'},{'D5'},{'R2'},,,,,,&,1.0,&
{'D3'},{'R3'},{'D2'},{'D5'},{'R2'},{'D1'},{'D6'},,,,&,1.0,&
{'D3'},{'R3'},{'D2'},{'D5'},{'R2'},{'R1'},{'D1'},{'D6'},,,&,1.0,&
{'D3'},{'R3'},{'D2'},{'D5'},{'R2'},{'R1'},{'D1'},{'D6'},{'D7'},,&,1.0,&
{'D3'},{'R3'},{'D2'},{'D4'},,,,,,,&,1.0,&
{'D3'},{'R3'},{'D2'},{'D4'},{'D7'},{'R1'},,,,,&,1.0,&
{'D3'},{'R3'},{'D2'},{'D4'},{'D1'},,,,,,&,1.0,&
{'D3'},{'R3'},{'D2'},{'D4'},{'D1'},{'R2'},,,,,&,1.0,&
{'D3'},{'R3'},{'D2'},{'D4'},{'R2'},,,,,,&,2.0,&
{'D3'},{'R3'},{'D2'},{'D4'},{'R2'},{'D1'},,,,,&,1.0,&
{'D3'},{'R3'},{'D2'},{'D7'},,,,,,,&,1.0,&
{'D3'},{'R3'},{'D2'},{'D7'},{'D6'},{'D1'},{'R2'},{'R1'},,,&,1.0,&
{'D3'},{'R3'},{'D2'},{'D7'},{'D6'},{'R2'},{'D1'},,,,&,1.0,&
{'D3'},{'R3'},{'D2'},{'D7'},{'R1'},{'D1'},{'D5'},{'D6'},,,&,1.0,&
{'D3'},{'R3'},{'D2'},{'D7'},{'D5'},{'D1'},{'D6'},,,,&,1.0,&
{'D3'},{'R3'},{'D2'},{'D7'},{'D1'},,,,,,&,2.0,&
{'D3'},{'R3'},{'D2'},{'D7'},{'D1'},{'D5'},{'D6'},{'D4'},{'R2'},,&,1.0,&
{'D3'},{'R3'},{'D2'},{'D7'},{'D1'},{'D5'},{'D4'},,,,&,1.0,&
{'D3'},{'R3'},{'D2'},{'D7'},{'D1'},{'R2'},{'R1'},{'D6'},,,&,1.0,&
{'D3'},{'R3'},{'D2'},{'D7'},{'D1'},{'R2'},{'R1'},{'D6'},{'D5'},{'D4'},&,1.0,&
{'D3'},{'R3'},{'D2'},{'D7'},{'D1'},{'R2'},{'R1'},{'D5'},,,&,1.0,&
{'D3'},{'R3'},{'D2'},{'D7'},{'D1'},{'R2'},{'R1'},{'D5'},{'D6'},,&,1.0,&
{'D3'},{'R3'},{'D2'},{'D7'},{'R2'},,,,,,&,1.0,&
{'D3'},{'R3'},{'D2'},{'D7'},{'R2'},{'D1'},{'D4'},{'R1'},{'D5'},,&,1.0,&
{'D3'},{'R3'},{'D2'},{'D7'},{'R2'},{'R1'},{'D1'},{'D5'},,,&,1.0,&
{'D3'},{'R3'},{'D2'},{'D7'},{'R2'},{'R1'},{'D6'},{'D1'},,,&,1.0,&
{'D3'},{'R3'},{'D2'},{'R1'},,,,,,,&,4.0,&
{'D3'},{'R3'},{'D2'},{'R1'},{'D7'},{'D6'},{'D1'},{'D5'},,,&,1.0,&
{'D3'},{'R3'},{'D2'},{'R1'},{'D5'},{'D1'},{'D6'},,,,&,1.0,&
{'D3'},{'R3'},{'D2'},{'R1'},{'D5'},{'R2'},,,,,&,1.0,&
{'D3'},{'R3'},{'D2'},{'R1'},{'D1'},,,,,,&,1.0,&
{'D3'},{'R3'},{'D2'},{'R1'},{'D1'},{'D5'},{'D6'},,,,&,1.0,&
{'D3'},{'R3'},{'D2'},{'R1'},{'D1'},{'R2'},{'D6'},{'D5'},{'D7'},{'D4'},&,1.0,&
{'D3'},{'R3'},{'D2'},{'R1'},{'D1'},{'D6'},{'D4'},,,,&,1.0,&
{'D3'},{'R3'},{'D2'},{'R1'},{'R2'},{'D1'},{'D6'},{'D5'},{'D7'},{'D4'},&,1.0,&
{'D3'},{'R3'},{'D2'},{'D6'},,,,,,,&,3.0,&
{'D3'},{'R3'},{'D2'},{'D6'},{'R1'},{'R2'},{'D1'},{'D7'},{'D5'},{'D4'},&,1.0,&
{'D3'},{'R3'},{'D2'},{'D6'},{'D1'},,,,,,&,2.0,&
{'D3'},{'R3'},{'D2'},{'D6'},{'D1'},{'D7'},{'D5'},{'D4'},{'R2'},,&,1.0,&
{'D3'},{'R3'},{'D2'},{'D6'},{'D1'},{'D7'},{'R2'},{'R1'},,,&,1.0,&
{'D3'},{'R3'},{'D2'},{'D6'},{'D1'},{'D5'},{'R2'},{'D4'},{'D7'},,&,1.0,&
{'D3'},{'R3'},{'D2'},{'D6'},{'D1'},{'R2'},,,,,&,1.0,&
{'D3'},{'R3'},{'D2'},{'D6'},{'D1'},{'R2'},{'D7'},{'R1'},,,&,1.0,&
{'D3'},{'R3'},{'D2'},{'D6'},{'D1'},{'R2'},{'D7'},{'R1'},{'D5'},{'D4'},&,1.0,&
{'D3'},{'R3'},{'D2'},{'D6'},{'D1'},{'R2'},{'D5'},,,,&,1.0,&
{'D3'},{'R3'},{'D2'},{'D6'},{'D1'},{'R2'},{'R1'},,,,&,1.0,&
{'D3'},{'R3'},{'D2'},{'D6'},{'D1'},{'D4'},{'D7'},,,,&,1.0,&
{'D3'},{'R3'},{'D2'},{'D6'},{'D1'},{'D4'},{'R2'},,,,&,1.0,&
{'D3'},{'R3'},{'D2'},{'D6'},{'R2'},,,,,,&,4.0,&
{'D3'},{'R3'},{'D2'},{'D6'},{'R2'},{'D1'},{'R1'},{'D5'},{'D7'},,&,1.0,&
{'D3'},{'R3'},{'D2'},{'D6'},{'R2'},{'D7'},{'R1'},,,,&,1.0,&
{'D3'},{'R3'},{'D2'},{'D6'},{'R2'},{'D5'},{'D1'},{'R1'},,,&,1.0,&
{'D3'},{'R3'},{'D2'},{'D6'},{'R2'},{'R1'},,,,,&,1.0,&
{'D3'},{'R3'},{'D2'},{'D6'},{'R2'},{'R1'},{'D7'},{'D1'},{'D4'},,&,1.0,&
{'D3'},{'R3'},{'D2'},{'D6'},{'R2'},{'R1'},{'D1'},{'D7'},{'D5'},,&,1.0,&
{'D3'},{'R3'},{'D4'},,,,,,,,&,2.0,&
{'D3'},{'R3'},{'D4'},{'R2'},{'D7'},{'D1'},{'R1'},{'D2'},{'D6'},{'D5'},&,1.0,&
{'D3'},{'R3'},{'D4'},{'D1'},{'D2'},,,,,,&,1.0,&
{'D3'},{'R3'},{'D4'},{'D1'},{'R2'},,,,,,&,2.0,&
{'D3'},{'R3'},{'D4'},{'D2'},{'D6'},{'R2'},,,,,&,1.0,&
{'D3'},{'R3'},{'D4'},{'D2'},{'D6'},{'R2'},{'D1'},{'R1'},{'D7'},{'D5'},&,1.0,&
{'D3'},{'R3'},{'D4'},{'D2'},{'D5'},,,,,,&,1.0,&
{'D3'},{'R3'},{'D4'},{'D2'},{'D5'},{'D1'},{'D6'},{'R2'},,,&,1.0,&
{'D3'},{'R3'},{'D4'},{'D2'},{'D1'},{'D7'},{'D6'},{'D5'},,,&,1.0,&
{'D3'},{'R3'},{'D4'},{'D2'},{'R2'},{'D1'},,,,,&,1.0,&
{'D3'},{'D2'},,,,,,,,,&,255.0,&
{'D3'},{'D2'},{'R1'},,,,,,,,&,13.0,&
{'D3'},{'D2'},{'R1'},{'R2'},,,,,,,&,3.0,&
{'D3'},{'D2'},{'R1'},{'R2'},{'D6'},{'D1'},,,,,&,1.0,&
{'D3'},{'D2'},{'R1'},{'R2'},{'D5'},{'D1'},,,,,&,1.0,&
{'D3'},{'D2'},{'R1'},{'R2'},{'D5'},{'D6'},,,,,&,1.0,&
{'D3'},{'D2'},{'R1'},{'R2'},{'D5'},{'R3'},,,,,&,1.0,&
{'D3'},{'D2'},{'R1'},{'R2'},{'R3'},,,,,,&,1.0,&
{'D3'},{'D2'},{'R1'},{'R2'},{'R3'},{'D6'},{'D4'},,,,&,1.0,&
{'D3'},{'D2'},{'R1'},{'R2'},{'D1'},{'D5'},,,,,&,1.0,&
{'D3'},{'D2'},{'R1'},{'R2'},{'D1'},{'D6'},{'R3'},{'D7'},,,&,1.0,&
{'D3'},{'D2'},{'R1'},{'R2'},{'D1'},{'R3'},,,,,&,1.0,&
{'D3'},{'D2'},{'R1'},{'R2'},{'D1'},{'D4'},{'R3'},{'D7'},{'D6'},,&,1.0,&
{'D3'},{'D2'},{'R1'},{'D1'},,,,,,,&,3.0,&
{'D3'},{'D2'},{'R1'},{'D1'},{'D6'},,,,,,&,1.0,&
{'D3'},{'D2'},{'R1'},{'D1'},{'D6'},{'D7'},{'R3'},{'R2'},,,&,1.0,&
{'D3'},{'D2'},{'R1'},{'D1'},{'D6'},{'D5'},{'D4'},{'D7'},{'R3'},{'R2'},&,1.0,&
{'D3'},{'D2'},{'R1'},{'D1'},{'D6'},{'R3'},{'D7'},,,,&,1.0,&
{'D3'},{'D2'},{'R1'},{'D1'},{'D7'},,,,,,&,1.0,&
{'D3'},{'D2'},{'R1'},{'D1'},{'D7'},{'D6'},,,,,&,1.0,&
{'D3'},{'D2'},{'R1'},{'D1'},{'D7'},{'D6'},{'D5'},{'R2'},{'R3'},{'D4'},&,1.0,&
{'D3'},{'D2'},{'R1'},{'D1'},{'D7'},{'D4'},{'D5'},{'D6'},{'R2'},{'R3'},&,1.0,&
{'D3'},{'D2'},{'R1'},{'D1'},{'D5'},,,,,,&,3.0,&
{'D3'},{'D2'},{'R1'},{'D1'},{'D5'},{'R2'},{'D7'},,,,&,1.0,&
{'D3'},{'D2'},{'R1'},{'D1'},{'D5'},{'D6'},{'D4'},,,,&,1.0,&
{'D3'},{'D2'},{'R1'},{'D1'},{'R3'},,,,,,&,1.0,&
{'D3'},{'D2'},{'R1'},{'D1'},{'R3'},{'R2'},{'D7'},{'D6'},,,&,1.0,&
{'D3'},{'D2'},{'R1'},{'D1'},{'R2'},,,,,,&,1.0,&
{'D3'},{'D2'},{'R1'},{'D1'},{'R2'},{'D5'},{'R3'},,,,&,1.0,&
{'D3'},{'D2'},{'R1'},{'D1'},{'R2'},{'R3'},,,,,&,1.0,&
{'D3'},{'D2'},{'R1'},{'D5'},,,,,,,&,1.0,&
{'D3'},{'D2'},{'R1'},{'D5'},{'D6'},{'D1'},{'D4'},,,,&,1.0,&
{'D3'},{'D2'},{'R1'},{'D5'},{'D1'},{'R2'},,,,,&,1.0,&
{'D3'},{'D2'},{'R1'},{'D5'},{'R2'},,,,,,&,2.0,&
{'D3'},{'D2'},{'R1'},{'D5'},{'R2'},{'R3'},{'D1'},{'D7'},,,&,1.0,&
{'D3'},{'D2'},{'R1'},{'D7'},{'D1'},,,,,,&,1.0,&
{'D3'},{'D2'},{'R1'},{'D7'},{'R2'},{'D1'},,,,,&,1.0,&
{'D3'},{'D2'},{'R1'},{'R3'},,,,,,,&,4.0,&
{'D3'},{'D2'},{'R1'},{'R3'},{'D7'},{'D1'},,,,,&,1.0,&
{'D3'},{'D2'},{'R1'},{'R3'},{'D1'},{'D7'},{'R2'},{'D5'},,,&,1.0,&
{'D3'},{'D2'},{'R1'},{'R3'},{'D1'},{'D5'},{'D7'},{'D6'},{'D4'},,&,1.0,&
{'D3'},{'D2'},{'R1'},{'R3'},{'D1'},{'D5'},{'D7'},{'R2'},{'D6'},,&,1.0,&
{'D3'},{'D2'},{'R1'},{'R3'},{'D1'},{'R2'},,,,,&,1.0,&
{'D3'},{'D2'},{'R1'},{'R3'},{'D1'},{'D6'},,,,,&,1.0,&
{'D3'},{'D2'},{'R1'},{'R3'},{'R2'},{'D1'},,,,,&,1.0,&
{'D3'},{'D2'},{'R1'},{'R3'},{'R2'},{'D5'},{'D7'},,,,&,1.0,&
{'D3'},{'D2'},{'R1'},{'R3'},{'R2'},{'D6'},{'D1'},{'D7'},,,&,1.0,&
{'D3'},{'D2'},{'R1'},{'R3'},{'D4'},{'R2'},,,,,&,1.0,&
{'D3'},{'D2'},{'R1'},{'D6'},{'D7'},{'R2'},{'R3'},{'D1'},{'D5'},{'D4'},&,1.0,&
{'D3'},{'D2'},{'R1'},{'D6'},{'D1'},{'D7'},{'R3'},,,,&,1.0,&
{'D3'},{'D2'},{'R1'},{'D6'},{'D1'},{'D5'},{'D7'},{'D4'},{'R3'},,&,1.0,&
{'D3'},{'D2'},{'D6'},,,,,,,,&,41.0,&
{'D3'},{'D2'},{'D6'},{'R2'},,,,,,,&,5.0,&
{'D3'},{'D2'},{'D6'},{'R2'},{'R1'},,,,,,&,1.0,&
{'D3'},{'D2'},{'D6'},{'R2'},{'R1'},{'R3'},,,,,&,1.0,&
{'D3'},{'D2'},{'D6'},{'R2'},{'D5'},,,,,,&,2.0,&
{'D3'},{'D2'},{'D6'},{'R2'},{'D5'},{'D1'},{'D4'},{'R3'},{'R1'},,&,1.0,&
{'D3'},{'D2'},{'D6'},{'R2'},{'D5'},{'D7'},{'R3'},{'D1'},,,&,1.0,&
{'D3'},{'D2'},{'D6'},{'R2'},{'R3'},,,,,,&,2.0,&
{'D3'},{'D2'},{'D6'},{'R2'},{'R3'},{'D1'},,,,,&,1.0,&
{'D3'},{'D2'},{'D6'},{'R2'},{'R3'},{'D1'},{'D5'},,,,&,1.0,&
{'D3'},{'D2'},{'D6'},{'R2'},{'R3'},{'D1'},{'R1'},{'D5'},,,&,1.0,&
{'D3'},{'D2'},{'D6'},{'R2'},{'R3'},{'D1'},{'D4'},{'R1'},,,&,1.0,&
{'D3'},{'D2'},{'D6'},{'R2'},{'R3'},{'R1'},{'D5'},,,,&,1.0,&
{'D3'},{'D2'},{'D6'},{'R2'},{'R3'},{'R1'},{'D1'},,,,&,1.0,&
{'D3'},{'D2'},{'D6'},{'R2'},{'D1'},,,,,,&,3.0,&
{'D3'},{'D2'},{'D6'},{'R2'},{'D1'},{'D7'},,,,,&,2.0,&
{'D3'},{'D2'},{'D6'},{'R2'},{'D1'},{'D5'},,,,,&,1.0,&
{'D3'},{'D2'},{'D6'},{'R2'},{'D1'},{'D5'},{'D7'},{'D4'},,,&,1.0,&
{'D3'},{'D2'},{'D6'},{'R2'},{'D1'},{'D5'},{'D4'},{'D7'},,,&,1.0,&
{'D3'},{'D2'},{'D6'},{'R2'},{'D1'},{'R3'},{'D7'},,,,&,1.0,&
{'D3'},{'D2'},{'D6'},{'R2'},{'D1'},{'R3'},{'D7'},{'R1'},{'D4'},{'D5'},&,1.0,&
{'D3'},{'D2'},{'D6'},{'R2'},{'D1'},{'D4'},{'D5'},{'D7'},{'R3'},{'R1'},&,1.0,&
{'D3'},{'D2'},{'D6'},{'D1'},,,,,,,&,6.0,&
{'D3'},{'D2'},{'D6'},{'D1'},{'D7'},,,,,,&,2.0,&
{'D3'},{'D2'},{'D6'},{'D1'},{'D7'},{'D5'},{'R3'},,,,&,1.0,&
{'D3'},{'D2'},{'D6'},{'D1'},{'D7'},{'R3'},{'R1'},{'D5'},{'R2'},{'D4'},&,1.0,&
{'D3'},{'D2'},{'D6'},{'D1'},{'R1'},{'R2'},{'R3'},{'D5'},{'D4'},,&,1.0,&
{'D3'},{'D2'},{'D6'},{'D1'},{'R1'},{'R3'},,,,,&,1.0,&
{'D3'},{'D2'},{'D6'},{'D1'},{'R1'},{'R3'},{'D7'},{'D5'},{'D4'},{'R2'},&,1.0,&
{'D3'},{'D2'},{'D6'},{'D1'},{'R1'},{'D4'},{'R3'},{'D7'},{'R2'},,&,1.0,&
{'D3'},{'D2'},{'D6'},{'D1'},{'D5'},,,,,,&,2.0,&
{'D3'},{'D2'},{'D6'},{'D1'},{'D5'},{'D7'},{'R2'},{'D4'},{'R3'},{'R1'},&,1.0,&
{'D3'},{'D2'},{'D6'},{'D1'},{'D5'},{'D7'},{'D4'},{'R3'},,,&,1.0,&
{'D3'},{'D2'},{'D6'},{'D1'},{'D5'},{'R3'},{'D7'},{'R2'},{'D4'},,&,1.0,&
{'D3'},{'D2'},{'D6'},{'D1'},{'D5'},{'R3'},{'R2'},{'D7'},{'D4'},,&,1.0,&
{'D3'},{'D2'},{'D6'},{'D1'},{'D5'},{'R3'},{'D4'},,,,&,1.0,&
{'D3'},{'D2'},{'D6'},{'D1'},{'D5'},{'R1'},{'D4'},{'D7'},{'R3'},{'R2'},&,1.0,&
{'D3'},{'D2'},{'D6'},{'D1'},{'R3'},,,,,,&,1.0,&
{'D3'},{'D2'},{'D6'},{'D1'},{'R3'},{'D7'},,,,,&,2.0,&
{'D3'},{'D2'},{'D6'},{'D1'},{'R3'},{'D7'},{'R2'},{'R1'},,,&,1.0,&
{'D3'},{'D2'},{'D6'},{'D1'},{'R3'},{'D5'},{'D7'},{'R2'},{'D4'},{'R1'},&,1.0,&
{'D3'},{'D2'},{'D6'},{'D1'},{'R3'},{'D5'},{'R2'},{'D7'},{'R1'},,&,1.0,&
{'D3'},{'D2'},{'D6'},{'D1'},{'R3'},{'R2'},{'D7'},,,,&,1.0,&
{'D3'},{'D2'},{'D6'},{'D1'},{'R3'},{'R2'},{'R1'},{'D5'},,,&,1.0,&
{'D3'},{'D2'},{'D6'},{'D1'},{'R2'},,,,,,&,2.0,&
{'D3'},{'D2'},{'D6'},{'D1'},{'R2'},{'D7'},{'D5'},{'D4'},{'R1'},{'R3'},&,1.0,&
{'D3'},{'D2'},{'D6'},{'D1'},{'R2'},{'D7'},{'D5'},{'D4'},{'R3'},{'R1'},&,1.0,&
{'D3'},{'D2'},{'D6'},{'D1'},{'R2'},{'D5'},{'D7'},{'D4'},{'R3'},{'R1'},&,1.0,&
{'D3'},{'D2'},{'D6'},{'D1'},{'R2'},{'R3'},{'R1'},,,,&,1.0,&
{'D3'},{'D2'},{'D6'},{'D1'},{'R2'},{'R3'},{'D4'},,,,&,1.0,&
{'D3'},{'D2'},{'D6'},{'D1'},{'R2'},{'R3'},{'D4'},{'R1'},{'D5'},{'D7'},&,1.0,&
{'D3'},{'D2'},{'D6'},{'D1'},{'R2'},{'R1'},{'D4'},{'D5'},,,&,1.0,&
{'D3'},{'D2'},{'D6'},{'D1'},{'R2'},{'D4'},{'R3'},,,,&,1.0,&
{'D3'},{'D2'},{'D6'},{'D1'},{'D4'},,,,,,&,2.0,&
{'D3'},{'D2'},{'D6'},{'D1'},{'D4'},{'D5'},{'D7'},,,,&,1.0,&
{'D3'},{'D2'},{'D6'},{'D1'},{'D4'},{'D5'},{'R1'},{'R2'},{'D7'},{'R3'},&,1.0,&
{'D3'},{'D2'},{'D6'},{'D5'},,,,,,,&,2.0,&
{'D3'},{'D2'},{'D6'},{'D5'},{'D7'},,,,,,&,1.0,&
{'D3'},{'D2'},{'D6'},{'D5'},{'D7'},{'D1'},,,,,&,1.0,&
{'D3'},{'D2'},{'D6'},{'D5'},{'R3'},{'D1'},,,,,&,1.0,&
{'D3'},{'D2'},{'D6'},{'D5'},{'D1'},,,,,,&,1.0,&
{'D3'},{'D2'},{'D6'},{'D5'},{'D1'},{'D7'},{'R2'},{'R3'},{'R1'},,&,1.0,&
{'D3'},{'D2'},{'D6'},{'D5'},{'D1'},{'D7'},{'D4'},{'R3'},{'R2'},{'R1'},&,1.0,&
{'D3'},{'D2'},{'D6'},{'D5'},{'D1'},{'R2'},{'R3'},{'R1'},{'D7'},,&,1.0,&
{'D3'},{'D2'},{'D6'},{'D5'},{'R2'},{'D1'},{'D7'},{'R3'},,,&,1.0,&
{'D3'},{'D2'},{'D6'},{'D4'},,,,,,,&,1.0,&
{'D3'},{'D2'},{'D6'},{'D4'},{'D5'},{'R1'},{'R2'},{'D1'},{'D7'},{'R3'},&,1.0,&
{'D3'},{'D2'},{'D6'},{'D4'},{'D1'},{'D7'},{'R2'},{'D5'},,,&,1.0,&
{'D3'},{'D2'},{'D6'},{'D7'},{'D1'},,,,,,&,1.0,&
{'D3'},{'D2'},{'D6'},{'D7'},{'D1'},{'D5'},{'R3'},,,,&,1.0,&
{'D3'},{'D2'},{'D6'},{'D7'},{'D1'},{'R3'},{'R2'},,,,&,1.0,&
{'D3'},{'D2'},{'D6'},{'D7'},{'D1'},{'R1'},,,,,&,1.0,&
{'D3'},{'D2'},{'D6'},{'D7'},{'R2'},{'R3'},{'D1'},{'D5'},{'D4'},,&,1.0,&
{'D3'},{'D2'},{'D6'},{'D7'},{'D4'},{'D1'},{'D5'},{'R2'},{'R3'},,&,1.0,&
{'D3'},{'D2'},{'D6'},{'R1'},,,,,,,&,1.0,&
{'D3'},{'D2'},{'D6'},{'R1'},{'D1'},{'R3'},{'D5'},{'R2'},,,&,1.0,&
{'D3'},{'D2'},{'D6'},{'R1'},{'R2'},,,,,,&,1.0,&
{'D3'},{'D2'},{'D6'},{'R1'},{'R2'},{'D1'},{'D7'},{'R3'},{'D5'},,&,1.0,&
{'D3'},{'D2'},{'D6'},{'R3'},,,,,,,&,10.0,&
{'D3'},{'D2'},{'D6'},{'R3'},{'R1'},,,,,,&,1.0,&
{'D3'},{'D2'},{'D6'},{'R3'},{'R1'},{'D1'},{'R2'},,,,&,1.0,&
{'D3'},{'D2'},{'D6'},{'R3'},{'R1'},{'R2'},{'D1'},{'D7'},{'D5'},{'D4'},&,1.0,&
{'D3'},{'D2'},{'D6'},{'R3'},{'D1'},,,,,,&,3.0,&
{'D3'},{'D2'},{'D6'},{'R3'},{'D1'},{'D7'},,,,,&,1.0,&
{'D3'},{'D2'},{'D6'},{'R3'},{'D1'},{'D7'},{'R2'},{'R1'},{'D5'},,&,1.0,&
{'D3'},{'D2'},{'D6'},{'R3'},{'D1'},{'D7'},{'D4'},{'D5'},,,&,1.0,&
{'D3'},{'D2'},{'D6'},{'R3'},{'D1'},{'D5'},{'D7'},{'R2'},{'D4'},,&,1.0,&
{'D3'},{'D2'},{'D6'},{'R3'},{'D1'},{'R2'},{'D7'},{'D5'},,,&,1.0,&
{'D3'},{'D2'},{'D6'},{'R3'},{'D1'},{'R2'},{'R1'},,,,&,1.0,&
{'D3'},{'D2'},{'D6'},{'R3'},{'D1'},{'R1'},{'R2'},{'D5'},,,&,1.0,&
{'D3'},{'D2'},{'D6'},{'R3'},{'D1'},{'D4'},{'D5'},{'R1'},{'D7'},,&,1.0,&
{'D3'},{'D2'},{'D6'},{'R3'},{'R2'},{'D1'},,,,,&,2.0,&
{'D3'},{'D2'},{'D6'},{'R3'},{'R2'},{'D1'},{'D7'},{'R1'},{'D5'},{'D4'},&,1.0,&
{'D3'},{'D2'},{'D6'},{'R3'},{'R2'},{'D7'},{'R1'},,,,&,1.0,&
{'D3'},{'D2'},{'D6'},{'R3'},{'R2'},{'R1'},,,,,&,2.0,&
{'D3'},{'D2'},{'D5'},,,,,,,,&,31.0,&
{'D3'},{'D2'},{'D5'},{'R2'},,,,,,,&,9.0,&
{'D3'},{'D2'},{'D5'},{'R2'},{'D6'},{'D1'},{'R1'},{'D7'},{'R3'},{'D4'},&,1.0,&
{'D3'},{'D2'},{'D5'},{'R2'},{'D6'},{'D7'},{'D1'},{'D4'},{'R3'},,&,1.0,&
{'D3'},{'D2'},{'D5'},{'R2'},{'D6'},{'R3'},,,,,&,1.0,&
{'D3'},{'D2'},{'D5'},{'R2'},{'D6'},{'R3'},{'D1'},{'D7'},{'D4'},,&,1.0,&
{'D3'},{'D2'},{'D5'},{'R2'},{'R1'},,,,,,&,1.0,&
{'D3'},{'D2'},{'D5'},{'R2'},{'R3'},,,,,,&,1.0,&
{'D3'},{'D2'},{'D5'},{'R2'},{'R3'},{'D1'},,,,,&,1.0,&
{'D3'},{'D2'},{'D5'},{'R2'},{'R3'},{'D1'},{'D7'},{'R1'},{'D6'},{'D4'},&,1.0,&
{'D3'},{'D2'},{'D5'},{'R2'},{'R3'},{'D1'},{'R1'},{'D7'},{'D6'},,&,1.0,&
{'D3'},{'D2'},{'D5'},{'R2'},{'R3'},{'D1'},{'D6'},,,,&,1.0,&
{'D3'},{'D2'},{'D5'},{'R2'},{'R3'},{'D6'},,,,,&,1.0,&
{'D3'},{'D2'},{'D5'},{'R2'},{'R3'},{'D6'},{'D1'},{'D4'},{'D7'},{'R1'},&,1.0,&
{'D3'},{'D2'},{'D5'},{'R2'},{'R3'},{'R1'},,,,,&,2.0,&
{'D3'},{'D2'},{'D5'},{'R2'},{'R3'},{'R1'},{'D1'},,,,&,1.0,&
{'D3'},{'D2'},{'D5'},{'R2'},{'R3'},{'D4'},{'D1'},{'R1'},{'D7'},,&,1.0,&
{'D3'},{'D2'},{'D5'},{'R2'},{'R3'},{'D4'},{'R1'},{'D7'},{'D1'},{'D6'},&,1.0,&
{'D3'},{'D2'},{'D5'},{'R2'},{'D1'},,,,,,&,1.0,&
{'D3'},{'D2'},{'D5'},{'R2'},{'D1'},{'D7'},{'R3'},{'D6'},,,&,1.0,&
{'D3'},{'D2'},{'D5'},{'R2'},{'D1'},{'D7'},{'R3'},{'D6'},{'R1'},{'D4'},&,1.0,&
{'D3'},{'D2'},{'D5'},{'R2'},{'D1'},{'D7'},{'D4'},{'R3'},,,&,1.0,&
{'D3'},{'D2'},{'D5'},{'R2'},{'D1'},{'D6'},{'D7'},{'D4'},{'R3'},{'R1'},&,1.0,&
{'D3'},{'D2'},{'D5'},{'R2'},{'D1'},{'D6'},{'D7'},{'R3'},{'D4'},,&,1.0,&
{'D3'},{'D2'},{'D5'},{'R2'},{'D1'},{'D6'},{'R3'},{'R1'},,,&,1.0,&
{'D3'},{'D2'},{'D5'},{'R2'},{'D1'},{'R3'},,,,,&,1.0,&
{'D3'},{'D2'},{'D5'},{'R2'},{'D1'},{'R3'},{'D7'},{'R1'},{'D6'},{'D4'},&,1.0,&
{'D3'},{'D2'},{'D5'},{'R2'},{'D1'},{'R1'},,,,,&,1.0,&
{'D3'},{'D2'},{'D5'},{'R2'},{'D1'},{'R1'},{'R3'},,,,&,1.0,&
{'D3'},{'D2'},{'D5'},{'D1'},,,,,,,&,13.0,&
{'D3'},{'D2'},{'D5'},{'D1'},{'D6'},{'D7'},,,,,&,1.0,&
{'D3'},{'D2'},{'D5'},{'D1'},{'D6'},{'R2'},{'R1'},,,,&,1.0,&
{'D3'},{'D2'},{'D5'},{'D1'},{'D6'},{'R2'},{'D4'},,,,&,1.0,&
{'D3'},{'D2'},{'D5'},{'D1'},{'D6'},{'R3'},,,,,&,1.0,&
{'D3'},{'D2'},{'D5'},{'D1'},{'D6'},{'R3'},{'D7'},{'D4'},{'R2'},,&,1.0,&
{'D3'},{'D2'},{'D5'},{'D1'},{'D6'},{'R3'},{'D7'},{'D4'},{'R2'},{'R1'},&,1.0,&
{'D3'},{'D2'},{'D5'},{'D1'},{'D7'},{'R2'},{'D4'},{'D6'},,,&,1.0,&
{'D3'},{'D2'},{'D5'},{'D1'},{'D7'},{'R2'},{'D4'},{'D6'},{'R3'},{'R1'},&,1.0,&
{'D3'},{'D2'},{'D5'},{'D1'},{'D7'},{'D6'},{'R3'},,,,&,1.0,&
{'D3'},{'D2'},{'D5'},{'D1'},{'D7'},{'D6'},{'R2'},{'R1'},,,&,1.0,&
{'D3'},{'D2'},{'D5'},{'D1'},{'D7'},{'D6'},{'D4'},{'R2'},{'R3'},,&,1.0,&
{'D3'},{'D2'},{'D5'},{'D1'},{'D7'},{'D6'},{'D4'},{'R1'},{'R3'},{'R2'},&,1.0,&
{'D3'},{'D2'},{'D5'},{'D1'},{'D7'},{'R3'},,,,,&,1.0,&
{'D3'},{'D2'},{'D5'},{'D1'},{'D7'},{'R3'},{'R2'},{'D6'},{'D4'},,&,1.0,&
{'D3'},{'D2'},{'D5'},{'D1'},{'D7'},{'D4'},,,,,&,1.0,&
{'D3'},{'D2'},{'D5'},{'D1'},{'R1'},{'D7'},{'D6'},,,,&,1.0,&
{'D3'},{'D2'},{'D5'},{'D1'},{'R1'},{'D7'},{'D6'},{'D4'},{'R2'},{'R3'},&,1.0,&
{'D3'},{'D2'},{'D5'},{'D1'},{'R3'},,,,,,&,2.0,&
{'D3'},{'D2'},{'D5'},{'D1'},{'R3'},{'D7'},,,,,&,1.0,&
{'D3'},{'D2'},{'D5'},{'D1'},{'R3'},{'D7'},{'D4'},,,,&,1.0,&
{'D3'},{'D2'},{'D5'},{'D1'},{'R3'},{'R2'},{'D7'},,,,&,1.0,&
{'D3'},{'D2'},{'D5'},{'D1'},{'R3'},{'R2'},{'D7'},{'R1'},,,&,1.0,&
{'D3'},{'D2'},{'D5'},{'D1'},{'R3'},{'R2'},{'D4'},{'D7'},,,&,1.0,&
{'D3'},{'D2'},{'D5'},{'D1'},{'R3'},{'D6'},{'D7'},{'D4'},{'R2'},,&,1.0,&
{'D3'},{'D2'},{'D5'},{'D1'},{'R3'},{'D6'},{'D7'},{'D4'},{'R2'},{'R1'},&,1.0,&
{'D3'},{'D2'},{'D5'},{'D1'},{'R2'},,,,,,&,1.0,&
{'D3'},{'D2'},{'D5'},{'D1'},{'R2'},{'D7'},,,,,&,1.0,&
{'D3'},{'D2'},{'D5'},{'D1'},{'R2'},{'D7'},{'D6'},{'R3'},,,&,1.0,&
{'D3'},{'D2'},{'D5'},{'D1'},{'R2'},{'D6'},,,,,&,4.0,&
{'D3'},{'D2'},{'D5'},{'D1'},{'R2'},{'D6'},{'D7'},{'D4'},{'R3'},,&,1.0,&
{'D3'},{'D2'},{'D5'},{'D1'},{'R2'},{'R3'},,,,,&,2.0,&
{'D3'},{'D2'},{'D5'},{'D1'},{'D4'},,,,,,&,1.0,&
{'D3'},{'D2'},{'D5'},{'D1'},{'D4'},{'D7'},{'R3'},{'D6'},,,&,1.0,&
{'D3'},{'D2'},{'D5'},{'D4'},{'R3'},{'R2'},{'D1'},{'R1'},,,&,1.0,&
{'D3'},{'D2'},{'D5'},{'D7'},,,,,,,&,1.0,&
{'D3'},{'D2'},{'D5'},{'D7'},{'R1'},{'R2'},{'D1'},,,,&,1.0,&
{'D3'},{'D2'},{'D5'},{'D7'},{'R3'},{'D1'},{'R2'},{'D6'},{'D4'},,&,1.0,&
{'D3'},{'D2'},{'D5'},{'D7'},{'D1'},,,,,,&,1.0,&
{'D3'},{'D2'},{'D5'},{'D7'},{'D1'},{'D6'},{'R3'},{'D4'},{'R2'},{'R1'},&,1.0,&
{'D3'},{'D2'},{'D5'},{'D7'},{'D1'},{'D6'},{'R2'},{'R3'},{'R1'},{'D4'},&,1.0,&
{'D3'},{'D2'},{'D5'},{'D7'},{'R2'},{'R3'},{'D1'},{'R1'},,,&,1.0,&
{'D3'},{'D2'},{'D5'},{'D7'},{'R2'},{'R1'},{'R3'},{'D6'},{'D1'},,&,1.0,&
{'D3'},{'D2'},{'D5'},{'D7'},{'D4'},{'D1'},{'D6'},{'R3'},{'R2'},,&,1.0,&
{'D3'},{'D2'},{'D5'},{'R1'},,,,,,,&,1.0,&
{'D3'},{'D2'},{'D5'},{'R1'},{'D7'},{'D1'},,,,,&,1.0,&
{'D3'},{'D2'},{'D5'},{'R1'},{'R3'},,,,,,&,1.0,&
{'D3'},{'D2'},{'D5'},{'R1'},{'D1'},,,,,,&,1.0,&
{'D3'},{'D2'},{'D5'},{'R1'},{'D1'},{'D7'},{'R2'},{'D6'},,,&,1.0,&
{'D3'},{'D2'},{'D5'},{'R3'},,,,,,,&,3.0,&
{'D3'},{'D2'},{'D5'},{'R3'},{'D6'},,,,,,&,1.0,&
{'D3'},{'D2'},{'D5'},{'R3'},{'R1'},{'R2'},,,,,&,1.0,&
{'D3'},{'D2'},{'D5'},{'R3'},{'D1'},,,,,,&,1.0,&
{'D3'},{'D2'},{'D5'},{'R3'},{'D1'},{'D7'},{'R2'},{'R1'},{'D6'},,&,1.0,&
{'D3'},{'D2'},{'D5'},{'R3'},{'D1'},{'D7'},{'D6'},{'D4'},,,&,1.0,&
{'D3'},{'D2'},{'D5'},{'R3'},{'D1'},{'D7'},{'D6'},{'D4'},{'R2'},,&,1.0,&
{'D3'},{'D2'},{'D5'},{'R3'},{'D1'},{'D7'},{'D6'},{'R2'},,,&,1.0,&
{'D3'},{'D2'},{'D5'},{'R3'},{'D1'},{'D6'},{'D7'},,,,&,1.0,&
{'D3'},{'D2'},{'D5'},{'R3'},{'D1'},{'D6'},{'D4'},{'D7'},{'R2'},{'R1'},&,1.0,&
{'D3'},{'D2'},{'D5'},{'R3'},{'D1'},{'R1'},,,,,&,1.0,&
{'D3'},{'D2'},{'D5'},{'R3'},{'R2'},{'D1'},{'D6'},{'D4'},,,&,1.0,&
{'D3'},{'D2'},{'D5'},{'D6'},,,,,,,&,2.0,&
{'D3'},{'D2'},{'D5'},{'D6'},{'R3'},{'R2'},{'D1'},{'D7'},{'D4'},{'R1'},&,1.0,&
{'D3'},{'D2'},{'D5'},{'D6'},{'D1'},{'D7'},,,,,&,1.0,&
{'D3'},{'D2'},{'D5'},{'D6'},{'D1'},{'R2'},{'R3'},{'D4'},{'R1'},{'D7'},&,1.0,&
{'D3'},{'D2'},{'D5'},{'D6'},{'D1'},{'R2'},{'D4'},{'R3'},{'D7'},{'R1'},&,1.0,&
{'D3'},{'D2'},{'D5'},{'D6'},{'R2'},{'D1'},{'D7'},{'D4'},,,&,1.0,&
{'D3'},{'D2'},{'D1'},,,,,,,,&,138.0,&
{'D3'},{'D2'},{'D1'},{'R2'},,,,,,,&,31.0,&
{'D3'},{'D2'},{'D1'},{'R2'},{'D6'},,,,,,&,7.0,&
{'D3'},{'D2'},{'D1'},{'R2'},{'D6'},{'D7'},,,,,&,2.0,&
{'D3'},{'D2'},{'D1'},{'R2'},{'D6'},{'D7'},{'R3'},{'R1'},,,&,1.0,&
{'D3'},{'D2'},{'D1'},{'R2'},{'D6'},{'D7'},{'D5'},,,,&,1.0,&
{'D3'},{'D2'},{'D1'},{'R2'},{'D6'},{'D7'},{'D5'},{'D4'},{'R1'},,&,1.0,&
{'D3'},{'D2'},{'D1'},{'R2'},{'D6'},{'D7'},{'D5'},{'R3'},,,&,1.0,&
{'D3'},{'D2'},{'D1'},{'R2'},{'D6'},{'D5'},,,,,&,1.0,&
{'D3'},{'D2'},{'D1'},{'R2'},{'D6'},{'D5'},{'R3'},{'D7'},,,&,1.0,&
{'D3'},{'D2'},{'D1'},{'R2'},{'D6'},{'R3'},,,,,&,1.0,&
{'D3'},{'D2'},{'D1'},{'R2'},{'D6'},{'R3'},{'D7'},{'D4'},{'R1'},{'D5'},&,1.0,&
{'D3'},{'D2'},{'D1'},{'R2'},{'D6'},{'R3'},{'D7'},{'D5'},{'D4'},,&,1.0,&
{'D3'},{'D2'},{'D1'},{'R2'},{'D6'},{'R3'},{'D7'},{'D5'},{'D4'},{'R1'},&,1.0,&
{'D3'},{'D2'},{'D1'},{'R2'},{'D6'},{'R3'},{'D5'},{'D4'},{'R1'},{'D7'},&,1.0,&
{'D3'},{'D2'},{'D1'},{'R2'},{'D6'},{'R3'},{'D5'},{'R1'},,,&,1.0,&
{'D3'},{'D2'},{'D1'},{'R2'},{'D6'},{'R3'},{'D5'},{'R1'},{'D7'},,&,1.0,&
{'D3'},{'D2'},{'D1'},{'R2'},{'D6'},{'R3'},{'R1'},,,,&,1.0,&
{'D3'},{'D2'},{'D1'},{'R2'},{'D6'},{'R1'},,,,,&,1.0,&
{'D3'},{'D2'},{'D1'},{'R2'},{'D6'},{'R1'},{'D7'},{'D5'},{'R3'},,&,1.0,&
{'D3'},{'D2'},{'D1'},{'R2'},{'D7'},,,,,,&,3.0,&
{'D3'},{'D2'},{'D1'},{'R2'},{'D7'},{'D5'},,,,,&,1.0,&
{'D3'},{'D2'},{'D1'},{'R2'},{'D7'},{'D5'},{'D6'},,,,&,1.0,&
{'D3'},{'D2'},{'D1'},{'R2'},{'D7'},{'D6'},{'R3'},{'D5'},{'R1'},,&,1.0,&
{'D3'},{'D2'},{'D1'},{'R2'},{'D7'},{'D6'},{'D5'},,,,&,1.0,&
{'D3'},{'D2'},{'D1'},{'R2'},{'D7'},{'D6'},{'R1'},,,,&,1.0,&
{'D3'},{'D2'},{'D1'},{'R2'},{'D7'},{'R3'},,,,,&,2.0,&
{'D3'},{'D2'},{'D1'},{'R2'},{'D7'},{'R3'},{'R1'},,,,&,1.0,&
{'D3'},{'D2'},{'D1'},{'R2'},{'D7'},{'R3'},{'D6'},{'D4'},{'R1'},,&,1.0,&
{'D3'},{'D2'},{'D1'},{'R2'},{'D7'},{'R3'},{'D6'},{'R1'},{'D5'},{'D4'},&,1.0,&
{'D3'},{'D2'},{'D1'},{'R2'},{'D7'},{'R3'},{'D6'},{'R1'},{'D4'},,&,1.0,&
{'D3'},{'D2'},{'D1'},{'R2'},{'D7'},{'R1'},{'D6'},{'R3'},{'D5'},,&,1.0,&
{'D3'},{'D2'},{'D1'},{'R2'},{'D7'},{'D4'},,,,,&,1.0,&
{'D3'},{'D2'},{'D1'},{'R2'},{'R1'},,,,,,&,4.0,&
{'D3'},{'D2'},{'D1'},{'R2'},{'R1'},{'D7'},,,,,&,1.0,&
{'D3'},{'D2'},{'D1'},{'R2'},{'R1'},{'D5'},{'R3'},{'D6'},,,&,1.0,&
{'D3'},{'D2'},{'D1'},{'R2'},{'R1'},{'D5'},{'D6'},,,,&,1.0,&
{'D3'},{'D2'},{'D1'},{'R2'},{'R1'},{'R3'},,,,,&,1.0,&
{'D3'},{'D2'},{'D1'},{'R2'},{'R1'},{'R3'},{'D7'},,,,&,1.0,&
{'D3'},{'D2'},{'D1'},{'R2'},{'R1'},{'R3'},{'D7'},{'D5'},,,&,1.0,&
{'D3'},{'D2'},{'D1'},{'R2'},{'R1'},{'R3'},{'D6'},{'D5'},,,&,1.0,&
{'D3'},{'D2'},{'D1'},{'R2'},{'R1'},{'R3'},{'D4'},,,,&,1.0,&
{'D3'},{'D2'},{'D1'},{'R2'},{'R1'},{'D4'},{'R3'},,,,&,1.0,&
{'D3'},{'D2'},{'D1'},{'R2'},{'R1'},{'D4'},{'R3'},{'D6'},{'D5'},{'D7'},&,1.0,&
{'D3'},{'D2'},{'D1'},{'R2'},{'D5'},,,,,,&,3.0,&
{'D3'},{'D2'},{'D1'},{'R2'},{'D5'},{'D7'},,,,,&,1.0,&
{'D3'},{'D2'},{'D1'},{'R2'},{'D5'},{'D7'},{'D6'},{'D4'},,,&,1.0,&
{'D3'},{'D2'},{'D1'},{'R2'},{'D5'},{'D7'},{'D6'},{'D4'},{'R3'},{'R1'},&,1.0,&
{'D3'},{'D2'},{'D1'},{'R2'},{'D5'},{'D7'},{'D6'},{'R3'},{'R1'},,&,1.0,&
{'D3'},{'D2'},{'D1'},{'R2'},{'D5'},{'D6'},{'R3'},{'R1'},{'D7'},{'D4'},&,1.0,&
{'D3'},{'D2'},{'D1'},{'R2'},{'D5'},{'D6'},{'R1'},{'R3'},{'D4'},{'D7'},&,1.0,&
{'D3'},{'D2'},{'D1'},{'R2'},{'D5'},{'R3'},,,,,&,2.0,&
{'D3'},{'D2'},{'D1'},{'R2'},{'D5'},{'R3'},{'D7'},{'R1'},{'D6'},{'D4'},&,1.0,&
{'D3'},{'D2'},{'D1'},{'R2'},{'D5'},{'R3'},{'R1'},,,,&,1.0,&
{'D3'},{'D2'},{'D1'},{'R2'},{'D5'},{'R3'},{'R1'},{'D6'},{'D7'},{'D4'},&,2.0,&
{'D3'},{'D2'},{'D1'},{'R2'},{'D5'},{'R3'},{'D6'},{'R1'},{'D7'},{'D4'},&,1.0,&
{'D3'},{'D2'},{'D1'},{'R2'},{'D5'},{'R3'},{'D4'},{'D6'},{'R1'},{'D7'},&,1.0,&
{'D3'},{'D2'},{'D1'},{'R2'},{'D5'},{'R1'},,,,,&,1.0,&
{'D3'},{'D2'},{'D1'},{'R2'},{'D5'},{'R1'},{'D6'},,,,&,1.0,&
{'D3'},{'D2'},{'D1'},{'R2'},{'D5'},{'D4'},,,,,&,1.0,&
{'D3'},{'D2'},{'D1'},{'R2'},{'D5'},{'D4'},{'D7'},{'R3'},{'R1'},,&,1.0,&
{'D3'},{'D2'},{'D1'},{'R2'},{'D5'},{'D4'},{'D6'},{'D7'},{'R3'},{'R1'},&,1.0,&
{'D3'},{'D2'},{'D1'},{'R2'},{'R3'},,,,,,&,5.0,&
{'D3'},{'D2'},{'D1'},{'R2'},{'R3'},{'D7'},,,,,&,1.0,&
{'D3'},{'D2'},{'D1'},{'R2'},{'R3'},{'D7'},{'R1'},,,,&,2.0,&
{'D3'},{'D2'},{'D1'},{'R2'},{'R3'},{'D7'},{'R1'},{'D6'},{'D5'},{'D4'},&,1.0,&
{'D3'},{'D2'},{'D1'},{'R2'},{'R3'},{'D7'},{'D6'},{'D5'},{'D4'},,&,1.0,&
{'D3'},{'D2'},{'D1'},{'R2'},{'R3'},{'D7'},{'D6'},{'R1'},{'D5'},{'D4'},&,1.0,&
{'D3'},{'D2'},{'D1'},{'R2'},{'R3'},{'D7'},{'D4'},{'R1'},,,&,1.0,&
{'D3'},{'D2'},{'D1'},{'R2'},{'R3'},{'D5'},,,,,&,2.0,&
{'D3'},{'D2'},{'D1'},{'R2'},{'R3'},{'D5'},{'D7'},{'R1'},,,&,1.0,&
{'D3'},{'D2'},{'D1'},{'R2'},{'R3'},{'D5'},{'R1'},{'D6'},,,&,1.0,&
{'D3'},{'D2'},{'D1'},{'R2'},{'R3'},{'D5'},{'D6'},,,,&,1.0,&
{'D3'},{'D2'},{'D1'},{'R2'},{'R3'},{'D5'},{'D6'},{'D4'},{'D7'},{'R1'},&,1.0,&
{'D3'},{'D2'},{'D1'},{'R2'},{'R3'},{'D5'},{'D6'},{'D7'},,,&,1.0,&
{'D3'},{'D2'},{'D1'},{'R2'},{'R3'},{'D6'},,,,,&,1.0,&
{'D3'},{'D2'},{'D1'},{'R2'},{'R3'},{'D6'},{'D7'},{'R1'},{'D4'},,&,1.0,&
{'D3'},{'D2'},{'D1'},{'R2'},{'R3'},{'D6'},{'R1'},,,,&,1.0,&
{'D3'},{'D2'},{'D1'},{'R2'},{'R3'},{'D6'},{'R1'},{'D4'},{'D7'},,&,1.0,&
{'D3'},{'D2'},{'D1'},{'R2'},{'R3'},{'D6'},{'R1'},{'D7'},{'D5'},{'D4'},&,1.0,&
{'D3'},{'D2'},{'D1'},{'R2'},{'R3'},{'D6'},{'R1'},{'D7'},{'D4'},{'D5'},&,1.0,&
{'D3'},{'D2'},{'D1'},{'R2'},{'R3'},{'D6'},{'R1'},{'D5'},{'D7'},{'D4'},&,1.0,&
{'D3'},{'D2'},{'D1'},{'R2'},{'R3'},{'D6'},{'D4'},{'D5'},,,&,1.0,&
{'D3'},{'D2'},{'D1'},{'R2'},{'R3'},{'R1'},,,,,&,7.0,&
{'D3'},{'D2'},{'D1'},{'R2'},{'R3'},{'R1'},{'D7'},{'D6'},,,&,1.0,&
{'D3'},{'D2'},{'D1'},{'R2'},{'R3'},{'R1'},{'D7'},{'D6'},{'D4'},{'D5'},&,1.0,&
{'D3'},{'D2'},{'D1'},{'R2'},{'R3'},{'R1'},{'D5'},,,,&,1.0,&
{'D3'},{'D2'},{'D1'},{'R2'},{'R3'},{'R1'},{'D6'},,,,&,2.0,&
{'D3'},{'D2'},{'D1'},{'R2'},{'R3'},{'R1'},{'D6'},{'D5'},,,&,1.0,&
{'D3'},{'D2'},{'D1'},{'R2'},{'R3'},{'R1'},{'D4'},{'D6'},{'D5'},{'D7'},&,1.0,&
{'D3'},{'D2'},{'D1'},{'R2'},{'R3'},{'D4'},{'D6'},{'D5'},{'R1'},{'D7'},&,1.0,&
{'D3'},{'D2'},{'D1'},{'R2'},{'D4'},,,,,,&,4.0,&
{'D3'},{'D2'},{'D1'},{'R2'},{'D4'},{'D7'},,,,,&,1.0,&
{'D3'},{'D2'},{'D1'},{'D5'},,,,,,,&,17.0,&
{'D3'},{'D2'},{'D1'},{'D5'},{'D6'},,,,,,&,3.0,&
{'D3'},{'D2'},{'D1'},{'D5'},{'D6'},{'D7'},{'R3'},,,,&,1.0,&
{'D3'},{'D2'},{'D1'},{'D5'},{'D6'},{'D7'},{'R2'},,,,&,1.0,&
{'D3'},{'D2'},{'D1'},{'D5'},{'D6'},{'D7'},{'R2'},{'D4'},,,&,1.0,&
{'D3'},{'D2'},{'D1'},{'D5'},{'D6'},{'D7'},{'R2'},{'R3'},,,&,1.0,&
{'D3'},{'D2'},{'D1'},{'D5'},{'D6'},{'D7'},{'D4'},{'R2'},{'R3'},{'R1'},&,1.0,&
{'D3'},{'D2'},{'D1'},{'D5'},{'D6'},{'D7'},{'D4'},{'R3'},,,&,1.0,&
{'D3'},{'D2'},{'D1'},{'D5'},{'D6'},{'R2'},,,,,&,1.0,&
{'D3'},{'D2'},{'D1'},{'D5'},{'D6'},{'R2'},{'D7'},{'D4'},,,&,1.0,&
{'D3'},{'D2'},{'D1'},{'D5'},{'D6'},{'R2'},{'R3'},{'D7'},,,&,1.0,&
{'D3'},{'D2'},{'D1'},{'D5'},{'D6'},{'R3'},,,,,&,1.0,&
{'D3'},{'D2'},{'D1'},{'D5'},{'D6'},{'R3'},{'D7'},,,,&,1.0,&
{'D3'},{'D2'},{'D1'},{'D5'},{'D6'},{'R3'},{'R2'},,,,&,1.0,&
{'D3'},{'D2'},{'D1'},{'D5'},{'D6'},{'R3'},{'R2'},{'D7'},{'R1'},{'D4'},&,1.0,&
{'D3'},{'D2'},{'D1'},{'D5'},{'D6'},{'R3'},{'D4'},{'D7'},,,&,1.0,&
{'D3'},{'D2'},{'D1'},{'D5'},{'D6'},{'R1'},{'D7'},,,,&,1.0,&
{'D3'},{'D2'},{'D1'},{'D5'},{'D6'},{'R1'},{'D7'},{'D4'},{'R3'},{'R2'},&,1.0,&
{'D3'},{'D2'},{'D1'},{'D5'},{'D6'},{'R1'},{'D7'},{'R3'},,,&,1.0,&
{'D3'},{'D2'},{'D1'},{'D5'},{'D6'},{'D4'},,,,,&,1.0,&
{'D3'},{'D2'},{'D1'},{'D5'},{'D6'},{'D4'},{'D7'},{'R3'},,,&,1.0,&
{'D3'},{'D2'},{'D1'},{'D5'},{'D7'},,,,,,&,7.0,&
{'D3'},{'D2'},{'D1'},{'D5'},{'D7'},{'R2'},,,,,&,2.0,&
{'D3'},{'D2'},{'D1'},{'D5'},{'D7'},{'R2'},{'R3'},,,,&,1.0,&
{'D3'},{'D2'},{'D1'},{'D5'},{'D7'},{'R2'},{'D6'},{'R3'},{'R1'},,&,1.0,&
{'D3'},{'D2'},{'D1'},{'D5'},{'D7'},{'D6'},{'R3'},,,,&,1.0,&
{'D3'},{'D2'},{'D1'},{'D5'},{'D7'},{'D6'},{'R2'},{'D4'},,,&,1.0,&
{'D3'},{'D2'},{'D1'},{'D5'},{'D7'},{'D6'},{'R2'},{'R3'},,,&,1.0,&
{'D3'},{'D2'},{'D1'},{'D5'},{'D7'},{'D6'},{'R1'},,,,&,1.0,&
{'D3'},{'D2'},{'D1'},{'D5'},{'D7'},{'R3'},,,,,&,1.0,&
{'D3'},{'D2'},{'D1'},{'D5'},{'D7'},{'R3'},{'R2'},{'D6'},{'D4'},{'R1'},&,1.0,&
{'D3'},{'D2'},{'D1'},{'D5'},{'D7'},{'R3'},{'R2'},{'R1'},{'D6'},{'D4'},&,1.0,&
{'D3'},{'D2'},{'D1'},{'D5'},{'D7'},{'R3'},{'D6'},{'D4'},{'R2'},,&,1.0,&
{'D3'},{'D2'},{'D1'},{'D5'},{'D7'},{'R3'},{'D6'},{'R2'},{'R1'},{'D4'},&,1.0,&
{'D3'},{'D2'},{'D1'},{'D5'},{'D7'},{'R3'},{'D6'},{'R2'},{'D4'},,&,1.0,&
{'D3'},{'D2'},{'D1'},{'D5'},{'D7'},{'R1'},,,,,&,1.0,&
{'D3'},{'D2'},{'D1'},{'D5'},{'D7'},{'D4'},{'D6'},{'R1'},{'R3'},,&,1.0,&
{'D3'},{'D2'},{'D1'},{'D5'},{'R1'},,,,,,&,1.0,&
{'D3'},{'D2'},{'D1'},{'D5'},{'R1'},{'D7'},{'D6'},{'D4'},{'R2'},{'R3'},&,1.0,&
{'D3'},{'D2'},{'D1'},{'D5'},{'R1'},{'D6'},{'D4'},{'R2'},{'D7'},{'R3'},&,1.0,&
{'D3'},{'D2'},{'D1'},{'D5'},{'R1'},{'R3'},{'R2'},,,,&,1.0,&
{'D3'},{'D2'},{'D1'},{'D5'},{'R1'},{'D4'},,,,,&,1.0,&
{'D3'},{'D2'},{'D1'},{'D5'},{'R3'},,,,,,&,5.0,&
{'D3'},{'D2'},{'D1'},{'D5'},{'R3'},{'D7'},{'R2'},{'D6'},{'R1'},{'D4'},&,2.0,&
{'D3'},{'D2'},{'D1'},{'D5'},{'R3'},{'D7'},{'R2'},{'D6'},{'D4'},,&,1.0,&
{'D3'},{'D2'},{'D1'},{'D5'},{'R3'},{'D7'},{'R2'},{'D4'},,,&,1.0,&
{'D3'},{'D2'},{'D1'},{'D5'},{'R3'},{'D7'},{'D6'},{'D4'},,,&,1.0,&
{'D3'},{'D2'},{'D1'},{'D5'},{'R3'},{'R2'},,,,,&,3.0,&
{'D3'},{'D2'},{'D1'},{'D5'},{'R3'},{'R2'},{'D7'},,,,&,1.0,&
{'D3'},{'D2'},{'D1'},{'D5'},{'R3'},{'R2'},{'D7'},{'D6'},,,&,1.0,&
{'D3'},{'D2'},{'D1'},{'D5'},{'R3'},{'R2'},{'D7'},{'R1'},{'D6'},,&,1.0,&
{'D3'},{'D2'},{'D1'},{'D5'},{'R3'},{'R2'},{'R1'},,,,&,2.0,&
{'D3'},{'D2'},{'D1'},{'D5'},{'R3'},{'D6'},,,,,&,2.0,&
{'D3'},{'D2'},{'D1'},{'D5'},{'R3'},{'D6'},{'D7'},{'D4'},,,&,1.0,&
{'D3'},{'D2'},{'D1'},{'D5'},{'R3'},{'D6'},{'R2'},{'D7'},{'D4'},,&,1.0,&
{'D3'},{'D2'},{'D1'},{'D5'},{'R3'},{'D6'},{'D4'},{'D7'},,,&,1.0,&
{'D3'},{'D2'},{'D1'},{'D5'},{'R2'},,,,,,&,5.0,&
{'D3'},{'D2'},{'D1'},{'D5'},{'R2'},{'D7'},,,,,&,3.0,&
{'D3'},{'D2'},{'D1'},{'D5'},{'R2'},{'D7'},{'D6'},,,,&,1.0,&
{'D3'},{'D2'},{'D1'},{'D5'},{'R2'},{'D7'},{'D6'},{'D4'},{'R3'},{'R1'},&,2.0,&
{'D3'},{'D2'},{'D1'},{'D5'},{'R2'},{'D7'},{'D4'},,,,&,1.0,&
{'D3'},{'D2'},{'D1'},{'D5'},{'R2'},{'D6'},{'D7'},{'R1'},,,&,1.0,&
{'D3'},{'D2'},{'D1'},{'D5'},{'R2'},{'D6'},{'R3'},{'D4'},{'R1'},,&,1.0,&
{'D3'},{'D2'},{'D1'},{'D5'},{'R2'},{'D6'},{'R3'},{'D4'},{'D7'},,&,1.0,&
{'D3'},{'D2'},{'D1'},{'D5'},{'R2'},{'D6'},{'R3'},{'D7'},,,&,1.0,&
{'D3'},{'D2'},{'D1'},{'D5'},{'R2'},{'D6'},{'R3'},{'D7'},{'R1'},{'D4'},&,1.0,&
{'D3'},{'D2'},{'D1'},{'D5'},{'R2'},{'D6'},{'D4'},,,,&,1.0,&
{'D3'},{'D2'},{'D1'},{'D5'},{'R2'},{'R3'},,,,,&,1.0,&
{'D3'},{'D2'},{'D1'},{'D5'},{'R2'},{'R3'},{'D7'},{'D6'},,,&,1.0,&
{'D3'},{'D2'},{'D1'},{'D5'},{'R2'},{'R3'},{'D7'},{'D6'},{'D4'},,&,1.0,&
{'D3'},{'D2'},{'D1'},{'D5'},{'R2'},{'R3'},{'D7'},{'R1'},{'D4'},{'D6'},&,1.0,&
{'D3'},{'D2'},{'D1'},{'D5'},{'R2'},{'R3'},{'R1'},,,,&,1.0,&
{'D3'},{'D2'},{'D1'},{'D5'},{'R2'},{'R3'},{'R1'},{'D6'},,,&,1.0,&
{'D3'},{'D2'},{'D1'},{'D5'},{'R2'},{'R3'},{'R1'},{'D7'},{'D6'},{'D4'},&,2.0,&
{'D3'},{'D2'},{'D1'},{'D5'},{'R2'},{'R3'},{'D6'},,,,&,1.0,&
{'D3'},{'D2'},{'D1'},{'D5'},{'R2'},{'R3'},{'D6'},{'D7'},,,&,1.0,&
{'D3'},{'D2'},{'D1'},{'D5'},{'R2'},{'R1'},,,,,&,1.0,&
{'D3'},{'D2'},{'D1'},{'D5'},{'R2'},{'R1'},{'D7'},{'D6'},{'R3'},{'D4'},&,1.0,&
{'D3'},{'D2'},{'D1'},{'D5'},{'R2'},{'R1'},{'D6'},,,,&,1.0,&
{'D3'},{'D2'},{'D1'},{'D5'},{'R2'},{'R1'},{'D6'},{'R3'},{'D4'},,&,1.0,&
{'D3'},{'D2'},{'D1'},{'D5'},{'R2'},{'D4'},,,,,&,1.0,&
{'D3'},{'D2'},{'D1'},{'D5'},{'R2'},{'D4'},{'R3'},,,,&,1.0,&
{'D3'},{'D2'},{'D1'},{'D5'},{'R2'},{'D4'},{'R3'},{'D7'},{'R1'},,&,1.0,&
{'D3'},{'D2'},{'D1'},{'D5'},{'R2'},{'D4'},{'D6'},{'D7'},,,&,1.0,&
{'D3'},{'D2'},{'D1'},{'D5'},{'D4'},,,,,,&,1.0,&
{'D3'},{'D2'},{'D1'},{'D5'},{'D4'},{'R2'},,,,,&,1.0,&
{'D3'},{'D2'},{'D1'},{'D5'},{'D4'},{'R2'},{'D6'},{'D7'},{'R3'},{'R1'},&,1.0,&
{'D3'},{'D2'},{'D1'},{'D5'},{'D4'},{'D6'},{'D7'},,,,&,1.0,&
{'D3'},{'D2'},{'D1'},{'D4'},,,,,,,&,11.0,&
{'D3'},{'D2'},{'D1'},{'D4'},{'D6'},,,,,,&,1.0,&
{'D3'},{'D2'},{'D1'},{'D4'},{'D6'},{'D7'},{'D5'},{'R1'},{'R3'},{'R2'},&,1.0,&
{'D3'},{'D2'},{'D1'},{'D4'},{'D6'},{'D5'},,,,,&,1.0,&
{'D3'},{'D2'},{'D1'},{'D4'},{'D6'},{'R2'},,,,,&,1.0,&
{'D3'},{'D2'},{'D1'},{'D4'},{'D7'},,,,,,&,1.0,&
{'D3'},{'D2'},{'D1'},{'D4'},{'D7'},{'D5'},{'D6'},,,,&,1.0,&
{'D3'},{'D2'},{'D1'},{'D4'},{'D7'},{'R2'},{'R3'},{'D6'},{'R1'},{'D5'},&,1.0,&
{'D3'},{'D2'},{'D1'},{'D4'},{'D7'},{'D6'},{'D5'},{'R2'},{'R3'},,&,1.0,&
{'D3'},{'D2'},{'D1'},{'D4'},{'D7'},{'R3'},{'D6'},,,,&,1.0,&
{'D3'},{'D2'},{'D1'},{'D4'},{'D5'},,,,,,&,1.0,&
{'D3'},{'D2'},{'D1'},{'D4'},{'D5'},{'R2'},{'R3'},,,,&,1.0,&
{'D3'},{'D2'},{'D1'},{'D4'},{'D5'},{'D6'},{'R2'},,,,&,1.0,&
{'D3'},{'D2'},{'D1'},{'D4'},{'D5'},{'R3'},{'R2'},{'D6'},{'D7'},,&,1.0,&
{'D3'},{'D2'},{'D1'},{'D4'},{'R3'},{'D5'},{'D7'},{'D6'},{'R2'},{'R1'},&,1.0,&
{'D3'},{'D2'},{'D1'},{'D4'},{'R3'},{'R2'},,,,,&,1.0,&
{'D3'},{'D2'},{'D1'},{'D4'},{'R3'},{'D6'},{'D7'},{'R1'},{'R2'},{'D5'},&,1.0,&
{'D3'},{'D2'},{'D1'},{'D4'},{'R3'},{'D6'},{'R2'},,,,&,1.0,&
{'D3'},{'D2'},{'D1'},{'D4'},{'R2'},{'D7'},{'D5'},{'D6'},{'R3'},{'R1'},&,1.0,&
{'D3'},{'D2'},{'D1'},{'D4'},{'R2'},{'D5'},{'D7'},{'R3'},{'D6'},,&,1.0,&
{'D3'},{'D2'},{'D1'},{'D4'},{'R2'},{'D6'},{'R3'},{'D5'},{'D7'},{'R1'},&,1.0,&
{'D3'},{'D2'},{'D1'},{'D4'},{'R2'},{'R3'},{'R1'},{'D6'},{'D5'},{'D7'},&,2.0,&
{'D3'},{'D2'},{'D1'},{'D7'},,,,,,,&,12.0,&
{'D3'},{'D2'},{'D1'},{'D7'},{'D6'},,,,,,&,2.0,&
{'D3'},{'D2'},{'D1'},{'D7'},{'D6'},{'D5'},,,,,&,2.0,&
{'D3'},{'D2'},{'D1'},{'D7'},{'D6'},{'D5'},{'R2'},{'D4'},{'R3'},{'R1'},&,1.0,&
{'D3'},{'D2'},{'D1'},{'D7'},{'D6'},{'D5'},{'D4'},,,,&,3.0,&
{'D3'},{'D2'},{'D1'},{'D7'},{'D6'},{'R2'},{'D5'},{'R3'},{'D4'},,&,1.0,&
{'D3'},{'D2'},{'D1'},{'D7'},{'D6'},{'R3'},,,,,&,1.0,&
{'D3'},{'D2'},{'D1'},{'D7'},{'D6'},{'R3'},{'R2'},,,,&,1.0,&
{'D3'},{'D2'},{'D1'},{'D7'},{'D6'},{'D4'},,,,,&,1.0,&
{'D3'},{'D2'},{'D1'},{'D7'},{'D6'},{'D4'},{'D5'},{'R2'},{'R3'},,&,1.0,&
{'D3'},{'D2'},{'D1'},{'D7'},{'R1'},{'D6'},,,,,&,1.0,&
{'D3'},{'D2'},{'D1'},{'D7'},{'D5'},,,,,,&,3.0,&
{'D3'},{'D2'},{'D1'},{'D7'},{'D5'},{'R2'},,,,,&,2.0,&
{'D3'},{'D2'},{'D1'},{'D7'},{'D5'},{'R2'},{'R3'},{'D4'},{'R1'},{'D6'},&,1.0,&
{'D3'},{'D2'},{'D1'},{'D7'},{'D5'},{'R2'},{'R1'},{'R3'},{'D4'},{'D6'},&,1.0,&
{'D3'},{'D2'},{'D1'},{'D7'},{'D5'},{'R2'},{'D4'},{'R3'},{'D6'},,&,1.0,&
{'D3'},{'D2'},{'D1'},{'D7'},{'D5'},{'D6'},,,,,&,1.0,&
{'D3'},{'D2'},{'D1'},{'D7'},{'D5'},{'D6'},{'D4'},,,,&,1.0,&
{'D3'},{'D2'},{'D1'},{'D7'},{'D5'},{'R3'},{'R1'},{'D4'},{'D6'},{'R2'},&,1.0,&
{'D3'},{'D2'},{'D1'},{'D7'},{'D5'},{'R1'},,,,,&,1.0,&
{'D3'},{'D2'},{'D1'},{'D7'},{'D5'},{'D4'},{'R2'},{'D6'},,,&,1.0,&
{'D3'},{'D2'},{'D1'},{'D7'},{'R3'},,,,,,&,4.0,&
{'D3'},{'D2'},{'D1'},{'D7'},{'R3'},{'D5'},,,,,&,1.0,&
{'D3'},{'D2'},{'D1'},{'D7'},{'R3'},{'R2'},{'D5'},,,,&,1.0,&
{'D3'},{'D2'},{'D1'},{'D7'},{'R3'},{'R2'},{'R1'},,,,&,1.0,&
{'D3'},{'D2'},{'D1'},{'D7'},{'R3'},{'R2'},{'R1'},{'D4'},{'D6'},{'D5'},&,1.0,&
{'D3'},{'D2'},{'D1'},{'D7'},{'R3'},{'R2'},{'R1'},{'D5'},,,&,1.0,&
{'D3'},{'D2'},{'D1'},{'D7'},{'R3'},{'R2'},{'D6'},{'D4'},{'D5'},,&,1.0,&
{'D3'},{'D2'},{'D1'},{'D7'},{'R3'},{'D6'},{'D5'},{'D4'},{'R2'},,&,1.0,&
{'D3'},{'D2'},{'D1'},{'D7'},{'R3'},{'D6'},{'R2'},{'D5'},,,&,1.0,&
{'D3'},{'D2'},{'D1'},{'D7'},{'R3'},{'D6'},{'R2'},{'D5'},{'R1'},,&,1.0,&
{'D3'},{'D2'},{'D1'},{'D7'},{'R3'},{'R1'},,,,,&,1.0,&
{'D3'},{'D2'},{'D1'},{'D7'},{'R3'},{'D4'},{'R2'},{'D5'},{'R1'},{'D6'},&,1.0,&
{'D3'},{'D2'},{'D1'},{'D7'},{'R2'},,,,,,&,4.0,&
{'D3'},{'D2'},{'D1'},{'D7'},{'R2'},{'D5'},{'D6'},{'D4'},{'R3'},{'R1'},&,2.0,&
{'D3'},{'D2'},{'D1'},{'D7'},{'R2'},{'D5'},{'D6'},{'R3'},{'D4'},{'R1'},&,1.0,&
{'D3'},{'D2'},{'D1'},{'D7'},{'R2'},{'D6'},,,,,&,1.0,&
{'D3'},{'D2'},{'D1'},{'D7'},{'R2'},{'D6'},{'R3'},{'D4'},{'D5'},{'R1'},&,1.0,&
{'D3'},{'D2'},{'D1'},{'D7'},{'R2'},{'D6'},{'R3'},{'D5'},,,&,1.0,&
{'D3'},{'D2'},{'D1'},{'D7'},{'R2'},{'D6'},{'D5'},{'D4'},{'R3'},{'R1'},&,1.0,&
{'D3'},{'D2'},{'D1'},{'D7'},{'R2'},{'D6'},{'D5'},{'R3'},{'R1'},,&,1.0,&
{'D3'},{'D2'},{'D1'},{'D7'},{'R2'},{'R3'},{'D5'},{'R1'},{'D6'},{'D4'},&,1.0,&
{'D3'},{'D2'},{'D1'},{'D7'},{'R2'},{'R3'},{'D6'},{'D4'},{'D5'},{'R1'},&,1.0,&
{'D3'},{'D2'},{'D1'},{'D7'},{'R2'},{'R3'},{'D6'},{'D5'},{'R1'},,&,1.0,&
{'D3'},{'D2'},{'D1'},{'D7'},{'D4'},,,,,,&,1.0,&
{'D3'},{'D2'},{'D1'},{'D7'},{'D4'},{'D5'},{'D6'},{'R3'},{'R2'},{'R1'},&,1.0,&
{'D3'},{'D2'},{'D1'},{'D7'},{'D4'},{'R2'},{'D6'},{'D5'},{'R3'},{'R1'},&,1.0,&
{'D3'},{'D2'},{'D1'},{'D7'},{'D4'},{'D6'},,,,,&,1.0,&
{'D3'},{'D2'},{'D1'},{'D7'},{'D4'},{'D6'},{'R3'},,,,&,1.0,&
{'D3'},{'D2'},{'D1'},{'D7'},{'D4'},{'D6'},{'D5'},{'R3'},,,&,1.0,&
{'D3'},{'D2'},{'D1'},{'R1'},,,,,,,&,6.0,&
{'D3'},{'D2'},{'D1'},{'R1'},{'D6'},,,,,,&,1.0,&
{'D3'},{'D2'},{'D1'},{'R1'},{'D6'},{'D7'},{'R2'},,,,&,1.0,&
{'D3'},{'D2'},{'D1'},{'R1'},{'D6'},{'R2'},{'R3'},{'D5'},{'D7'},{'D4'},&,1.0,&
{'D3'},{'D2'},{'D1'},{'R1'},{'D7'},{'D4'},{'R2'},{'D6'},{'D5'},,&,1.0,&
{'D3'},{'D2'},{'D1'},{'R1'},{'D5'},,,,,,&,1.0,&
{'D3'},{'D2'},{'D1'},{'R1'},{'D5'},{'R3'},{'R2'},{'D6'},{'D7'},{'D4'},&,1.0,&
{'D3'},{'D2'},{'D1'},{'R1'},{'R3'},,,,,,&,1.0,&
{'D3'},{'D2'},{'D1'},{'R1'},{'R3'},{'R2'},,,,,&,1.0,&
{'D3'},{'D2'},{'D1'},{'R1'},{'R3'},{'R2'},{'D7'},{'D6'},,,&,1.0,&
{'D3'},{'D2'},{'D1'},{'R1'},{'R2'},,,,,,&,1.0,&
{'D3'},{'D2'},{'D1'},{'R1'},{'R2'},{'D5'},{'D6'},{'D7'},,,&,1.0,&
{'D3'},{'D2'},{'D1'},{'R1'},{'R2'},{'R3'},{'D5'},,,,&,1.0,&
{'D3'},{'D2'},{'D1'},{'R1'},{'D4'},{'R2'},{'D6'},,,,&,1.0,&
{'D3'},{'D2'},{'D1'},{'R1'},{'D4'},{'R3'},,,,,&,1.0,&
{'D3'},{'D2'},{'D1'},{'R3'},,,,,,,&,34.0,&
{'D3'},{'D2'},{'D1'},{'R3'},{'D6'},,,,,,&,8.0,&
{'D3'},{'D2'},{'D1'},{'R3'},{'D6'},{'D7'},,,,,&,2.0,&
{'D3'},{'D2'},{'D1'},{'R3'},{'D6'},{'D7'},{'D5'},,,,&,1.0,&
{'D3'},{'D2'},{'D1'},{'R3'},{'D6'},{'D7'},{'D5'},{'D4'},,,&,1.0,&
{'D3'},{'D2'},{'D1'},{'R3'},{'D6'},{'D7'},{'D5'},{'D4'},{'R2'},,&,1.0,&
{'D3'},{'D2'},{'D1'},{'R3'},{'D6'},{'D7'},{'R2'},{'D4'},,,&,1.0,&
{'D3'},{'D2'},{'D1'},{'R3'},{'D6'},{'D5'},,,,,&,2.0,&
{'D3'},{'D2'},{'D1'},{'R3'},{'D6'},{'D5'},{'R2'},,,,&,1.0,&
{'D3'},{'D2'},{'D1'},{'R3'},{'D6'},{'D5'},{'R2'},{'D4'},{'R1'},,&,1.0,&
{'D3'},{'D2'},{'D1'},{'R3'},{'D6'},{'D5'},{'R1'},{'D7'},{'D4'},,&,1.0,&
{'D3'},{'D2'},{'D1'},{'R3'},{'D6'},{'R2'},,,,,&,1.0,&
{'D3'},{'D2'},{'D1'},{'R3'},{'D6'},{'R2'},{'D7'},{'R1'},{'D5'},{'D4'},&,1.0,&
{'D3'},{'D2'},{'D1'},{'R3'},{'D6'},{'R2'},{'D5'},{'D7'},{'R1'},,&,2.0,&
{'D3'},{'D2'},{'D1'},{'R3'},{'D6'},{'R2'},{'D5'},{'R1'},{'D7'},,&,1.0,&
{'D3'},{'D2'},{'D1'},{'R3'},{'D6'},{'R2'},{'R1'},{'D7'},{'D5'},{'D4'},&,1.0,&
{'D3'},{'D2'},{'D1'},{'R3'},{'D6'},{'D4'},,,,,&,1.0,&
{'D3'},{'D2'},{'D1'},{'R3'},{'D6'},{'D4'},{'D7'},,,,&,1.0,&
{'D3'},{'D2'},{'D1'},{'R3'},{'D6'},{'D4'},{'D7'},{'D5'},,,&,1.0,&
{'D3'},{'D2'},{'D1'},{'R3'},{'D6'},{'D4'},{'D7'},{'D5'},{'R2'},{'R1'},&,1.0,&
{'D3'},{'D2'},{'D1'},{'R3'},{'D7'},,,,,,&,1.0,&
{'D3'},{'D2'},{'D1'},{'R3'},{'D7'},{'D5'},,,,,&,1.0,&
{'D3'},{'D2'},{'D1'},{'R3'},{'D7'},{'R2'},{'D5'},,,,&,1.0,&
{'D3'},{'D2'},{'D1'},{'R3'},{'D7'},{'R2'},{'D5'},{'D4'},{'D6'},{'R1'},&,1.0,&
{'D3'},{'D2'},{'D1'},{'R3'},{'D7'},{'R2'},{'R1'},{'D5'},,,&,1.0,&
{'D3'},{'D2'},{'D1'},{'R3'},{'D7'},{'R2'},{'D6'},{'R1'},,,&,1.0,&
{'D3'},{'D2'},{'D1'},{'R3'},{'D7'},{'D6'},{'D5'},{'R2'},{'D4'},{'R1'},&,1.0,&
{'D3'},{'D2'},{'D1'},{'R3'},{'D7'},{'D6'},{'R2'},{'R1'},{'D5'},{'D4'},&,1.0,&
{'D3'},{'D2'},{'D1'},{'R3'},{'D7'},{'D4'},,,,,&,1.0,&
{'D3'},{'D2'},{'D1'},{'R3'},{'D7'},{'D4'},{'D6'},{'R2'},,,&,1.0,&
{'D3'},{'D2'},{'D1'},{'R3'},{'R1'},,,,,,&,2.0,&
{'D3'},{'D2'},{'D1'},{'R3'},{'R1'},{'D7'},{'D5'},{'D6'},{'D4'},{'R2'},&,1.0,&
{'D3'},{'D2'},{'D1'},{'R3'},{'R1'},{'D7'},{'R2'},{'D5'},,,&,1.0,&
{'D3'},{'D2'},{'D1'},{'R3'},{'R1'},{'D5'},,,,,&,1.0,&
{'D3'},{'D2'},{'D1'},{'R3'},{'R1'},{'R2'},{'D5'},,,,&,1.0,&
{'D3'},{'D2'},{'D1'},{'R3'},{'R1'},{'R2'},{'D5'},{'D6'},{'D4'},{'D7'},&,1.0,&
{'D3'},{'D2'},{'D1'},{'R3'},{'R1'},{'R2'},{'D6'},{'D5'},,,&,1.0,&
{'D3'},{'D2'},{'D1'},{'R3'},{'D5'},,,,,,&,6.0,&
{'D3'},{'D2'},{'D1'},{'R3'},{'D5'},{'D7'},,,,,&,1.0,&
{'D3'},{'D2'},{'D1'},{'R3'},{'D5'},{'D7'},{'R2'},,,,&,1.0,&
{'D3'},{'D2'},{'D1'},{'R3'},{'D5'},{'D7'},{'R2'},{'D6'},{'D4'},{'R1'},&,1.0,&
{'D3'},{'D2'},{'D1'},{'R3'},{'D5'},{'R2'},,,,,&,4.0,&
{'D3'},{'D2'},{'D1'},{'R3'},{'D5'},{'R2'},{'R1'},,,,&,1.0,&
{'D3'},{'D2'},{'D1'},{'R3'},{'D5'},{'R2'},{'R1'},{'D7'},{'D6'},{'D4'},&,2.0,&
{'D3'},{'D2'},{'D1'},{'R3'},{'D5'},{'R2'},{'D6'},{'D7'},{'R1'},{'D4'},&,1.0,&
{'D3'},{'D2'},{'D1'},{'R3'},{'D5'},{'R2'},{'D6'},{'R1'},,,&,1.0,&
{'D3'},{'D2'},{'D1'},{'R3'},{'D5'},{'D6'},,,,,&,1.0,&
{'D3'},{'D2'},{'D1'},{'R3'},{'D5'},{'D6'},{'D4'},{'R2'},{'D7'},,&,1.0,&
{'D3'},{'D2'},{'D1'},{'R3'},{'D5'},{'R1'},{'R2'},{'D6'},{'D7'},{'D4'},&,2.0,&
{'D3'},{'D2'},{'D1'},{'R3'},{'R2'},,,,,,&,10.0,&
{'D3'},{'D2'},{'D1'},{'R3'},{'R2'},{'D7'},,,,,&,2.0,&
{'D3'},{'D2'},{'D1'},{'R3'},{'R2'},{'D7'},{'R1'},,,,&,1.0,&
{'D3'},{'D2'},{'D1'},{'R3'},{'R2'},{'D7'},{'D6'},,,,&,1.0,&
{'D3'},{'D2'},{'D1'},{'R3'},{'R2'},{'D5'},,,,,&,1.0,&
{'D3'},{'D2'},{'D1'},{'R3'},{'R2'},{'D5'},{'R1'},{'D6'},{'D7'},,&,1.0,&
{'D3'},{'D2'},{'D1'},{'R3'},{'R2'},{'D5'},{'D6'},,,,&,1.0,&
{'D3'},{'D2'},{'D1'},{'R3'},{'R2'},{'D6'},,,,,&,4.0,&
{'D3'},{'D2'},{'D1'},{'R3'},{'R2'},{'D6'},{'D7'},{'D4'},{'R1'},,&,1.0,&
{'D3'},{'D2'},{'D1'},{'R3'},{'R2'},{'D6'},{'D7'},{'D5'},{'R1'},{'D4'},&,1.0,&
{'D3'},{'D2'},{'D1'},{'R3'},{'R2'},{'D6'},{'D7'},{'R1'},,,&,1.0,&
{'D3'},{'D2'},{'D1'},{'R3'},{'R2'},{'D6'},{'D5'},,,,&,1.0,&
{'D3'},{'D2'},{'D1'},{'R3'},{'R2'},{'D6'},{'D5'},{'R1'},{'D7'},{'D4'},&,1.0,&
{'D3'},{'D2'},{'D1'},{'R3'},{'R2'},{'D6'},{'R1'},,,,&,2.0,&
{'D3'},{'D2'},{'D1'},{'R3'},{'R2'},{'D6'},{'R1'},{'D5'},,,&,1.0,&
{'D3'},{'D2'},{'D1'},{'R3'},{'R2'},{'R1'},,,,,&,4.0,&
{'D3'},{'D2'},{'D1'},{'R3'},{'R2'},{'R1'},{'D7'},{'D4'},,,&,1.0,&
{'D3'},{'D2'},{'D1'},{'R3'},{'R2'},{'R1'},{'D5'},{'D6'},,,&,1.0,&
{'D3'},{'D2'},{'D1'},{'R3'},{'R2'},{'R1'},{'D6'},{'D5'},{'D7'},{'D4'},&,1.0,&
{'D3'},{'D2'},{'D1'},{'R3'},{'R2'},{'R1'},{'D4'},{'D5'},,,&,1.0,&
{'D3'},{'D2'},{'D1'},{'R3'},{'R2'},{'D4'},,,,,&,2.0,&
{'D3'},{'D2'},{'D1'},{'R3'},{'R2'},{'D4'},{'D7'},{'R1'},{'D6'},,&,1.0,&
{'D3'},{'D2'},{'D1'},{'R3'},{'R2'},{'D4'},{'D5'},,,,&,1.0,&
{'D3'},{'D2'},{'D1'},{'R3'},{'D4'},,,,,,&,2.0,&
{'D3'},{'D2'},{'D1'},{'R3'},{'D4'},{'D7'},{'D6'},{'R2'},{'D5'},,&,1.0,&
{'D3'},{'D2'},{'D1'},{'R3'},{'D4'},{'R2'},{'D5'},{'R1'},{'D6'},,&,1.0,&
{'D3'},{'D2'},{'D1'},{'R3'},{'D4'},{'D6'},,,,,&,1.0,&
{'D3'},{'D2'},{'D1'},{'R3'},{'D4'},{'D6'},{'R2'},{'R1'},,,&,1.0,&
{'D3'},{'D2'},{'D1'},{'D6'},,,,,,,&,27.0,&
{'D3'},{'D2'},{'D1'},{'D6'},{'D7'},,,,,,&,6.0,&
{'D3'},{'D2'},{'D1'},{'D6'},{'D7'},{'D5'},,,,,&,2.0,&
{'D3'},{'D2'},{'D1'},{'D6'},{'D7'},{'R2'},,,,,&,2.0,&
{'D3'},{'D2'},{'D1'},{'D6'},{'D7'},{'R2'},{'R3'},,,,&,1.0,&
{'D3'},{'D2'},{'D1'},{'D6'},{'D7'},{'R2'},{'R3'},{'D5'},{'R1'},,&,1.0,&
{'D3'},{'D2'},{'D1'},{'D6'},{'D7'},{'R2'},{'R3'},{'R1'},{'D5'},,&,1.0,&
{'D3'},{'D2'},{'D1'},{'D6'},{'D7'},{'R2'},{'R1'},{'R3'},{'D5'},{'D4'},&,2.0,&
{'D3'},{'D2'},{'D1'},{'D6'},{'D7'},{'R3'},{'D5'},,,,&,1.0,&
{'D3'},{'D2'},{'D1'},{'D6'},{'D7'},{'R3'},{'D4'},{'D5'},{'R2'},{'R1'},&,1.0,&
{'D3'},{'D2'},{'D1'},{'D6'},{'D7'},{'D4'},,,,,&,1.0,&
{'D3'},{'D2'},{'D1'},{'D6'},{'D7'},{'D4'},{'R1'},{'D5'},{'R2'},{'R3'},&,1.0,&
{'D3'},{'D2'},{'D1'},{'D6'},{'R1'},{'D7'},{'R3'},{'D5'},,,&,1.0,&
{'D3'},{'D2'},{'D1'},{'D6'},{'R1'},{'D5'},{'R2'},{'R3'},,,&,1.0,&
{'D3'},{'D2'},{'D1'},{'D6'},{'R1'},{'R2'},{'D7'},{'R3'},{'D5'},{'D4'},&,1.0,&
{'D3'},{'D2'},{'D1'},{'D6'},{'R1'},{'R3'},{'D4'},{'R2'},{'D5'},{'D7'},&,1.0,&
{'D3'},{'D2'},{'D1'},{'D6'},{'R1'},{'D4'},,,,,&,1.0,&
{'D3'},{'D2'},{'D1'},{'D6'},{'D5'},,,,,,&,7.0,&
{'D3'},{'D2'},{'D1'},{'D6'},{'D5'},{'D7'},,,,,&,2.0,&
{'D3'},{'D2'},{'D1'},{'D6'},{'D5'},{'D7'},{'R3'},{'D4'},{'R2'},{'R1'},&,1.0,&
{'D3'},{'D2'},{'D1'},{'D6'},{'D5'},{'D7'},{'R3'},{'R2'},{'R1'},,&,1.0,&
{'D3'},{'D2'},{'D1'},{'D6'},{'D5'},{'D7'},{'R3'},{'R2'},{'D4'},{'R1'},&,1.0,&
{'D3'},{'D2'},{'D1'},{'D6'},{'D5'},{'D7'},{'R2'},{'R3'},,,&,1.0,&
{'D3'},{'D2'},{'D1'},{'D6'},{'D5'},{'D7'},{'R2'},{'R3'},{'R1'},,&,1.0,&
{'D3'},{'D2'},{'D1'},{'D6'},{'D5'},{'D7'},{'D4'},,,,&,1.0,&
{'D3'},{'D2'},{'D1'},{'D6'},{'D5'},{'D7'},{'D4'},{'R3'},{'R2'},{'R1'},&,1.0,&
{'D3'},{'D2'},{'D1'},{'D6'},{'D5'},{'R2'},{'D7'},{'D4'},{'R3'},,&,1.0,&
{'D3'},{'D2'},{'D1'},{'D6'},{'D5'},{'R2'},{'D7'},{'R3'},,,&,1.0,&
{'D3'},{'D2'},{'D1'},{'D6'},{'D5'},{'R2'},{'D7'},{'R3'},{'D4'},,&,1.0,&
{'D3'},{'D2'},{'D1'},{'D6'},{'D5'},{'R2'},{'D7'},{'R1'},{'D4'},{'R3'},&,1.0,&
{'D3'},{'D2'},{'D1'},{'D6'},{'D5'},{'R2'},{'R3'},,,,&,2.0,&
{'D3'},{'D2'},{'D1'},{'D6'},{'D5'},{'R3'},{'D7'},{'D4'},{'R1'},,&,1.0,&
{'D3'},{'D2'},{'D1'},{'D6'},{'D5'},{'R3'},{'D7'},{'D4'},{'R2'},,&,2.0,&
{'D3'},{'D2'},{'D1'},{'D6'},{'D5'},{'R3'},{'D7'},{'R2'},{'R1'},{'D4'},&,1.0,&
{'D3'},{'D2'},{'D1'},{'D6'},{'D5'},{'R3'},{'D7'},{'R2'},{'D4'},,&,1.0,&
{'D3'},{'D2'},{'D1'},{'D6'},{'D5'},{'D4'},{'R2'},{'D7'},{'R1'},{'R3'},&,1.0,&
{'D3'},{'D2'},{'D1'},{'D6'},{'R3'},,,,,,&,6.0,&
{'D3'},{'D2'},{'D1'},{'D6'},{'R3'},{'D7'},{'D5'},{'D4'},,,&,1.0,&
{'D3'},{'D2'},{'D1'},{'D6'},{'R3'},{'D7'},{'D5'},{'R2'},{'D4'},{'R1'},&,1.0,&
{'D3'},{'D2'},{'D1'},{'D6'},{'R3'},{'D7'},{'R2'},{'D5'},,,&,1.0,&
{'D3'},{'D2'},{'D1'},{'D6'},{'R3'},{'D7'},{'R2'},{'R1'},,,&,1.0,&
{'D3'},{'D2'},{'D1'},{'D6'},{'R3'},{'D5'},,,,,&,1.0,&
{'D3'},{'D2'},{'D1'},{'D6'},{'R3'},{'D5'},{'D7'},{'D4'},,,&,1.0,&
{'D3'},{'D2'},{'D1'},{'D6'},{'R3'},{'D5'},{'R2'},{'D7'},{'D4'},,&,1.0,&
{'D3'},{'D2'},{'D1'},{'D6'},{'R3'},{'D5'},{'R2'},{'D7'},{'D4'},{'R1'},&,1.0,&
{'D3'},{'D2'},{'D1'},{'D6'},{'R3'},{'R2'},{'D7'},{'R1'},{'D4'},,&,1.0,&
{'D3'},{'D2'},{'D1'},{'D6'},{'R3'},{'R2'},{'R1'},{'D7'},,,&,1.0,&
{'D3'},{'D2'},{'D1'},{'D6'},{'R3'},{'R2'},{'R1'},{'D7'},{'D5'},,&,1.0,&
{'D3'},{'D2'},{'D1'},{'D6'},{'R3'},{'R1'},{'R2'},{'D7'},{'D5'},,&,1.0,&
{'D3'},{'D2'},{'D1'},{'D6'},{'R2'},,,,,,&,3.0,&
{'D3'},{'D2'},{'D1'},{'D6'},{'R2'},{'D7'},{'R3'},,,,&,1.0,&
{'D3'},{'D2'},{'D1'},{'D6'},{'R2'},{'D7'},{'R3'},{'R1'},,,&,2.0,&
{'D3'},{'D2'},{'D1'},{'D6'},{'R2'},{'D7'},{'D5'},{'R3'},,,&,1.0,&
{'D3'},{'D2'},{'D1'},{'D6'},{'R2'},{'D7'},{'R1'},,,,&,1.0,&
{'D3'},{'D2'},{'D1'},{'D6'},{'R2'},{'D5'},{'R3'},{'D7'},{'R1'},,&,1.0,&
{'D3'},{'D2'},{'D1'},{'D6'},{'R2'},{'D5'},{'R3'},{'D7'},{'D4'},{'R1'},&,1.0,&
{'D3'},{'D2'},{'D1'},{'D6'},{'R2'},{'D5'},{'D4'},,,,&,1.0,&
{'D3'},{'D2'},{'D1'},{'D6'},{'R2'},{'D5'},{'D4'},{'R1'},{'R3'},{'D7'},&,1.0,&
{'D3'},{'D2'},{'D1'},{'D6'},{'R2'},{'R3'},,,,,&,2.0,&
{'D3'},{'D2'},{'D1'},{'D6'},{'R2'},{'R3'},{'D7'},,,,&,1.0,&
{'D3'},{'D2'},{'D1'},{'D6'},{'R2'},{'R3'},{'D7'},{'D4'},{'D5'},,&,1.0,&
{'D3'},{'D2'},{'D1'},{'D6'},{'R2'},{'R3'},{'D7'},{'D4'},{'R1'},{'D5'},&,1.0,&
{'D3'},{'D2'},{'D1'},{'D6'},{'R2'},{'R3'},{'D5'},,,,&,1.0,&
{'D3'},{'D2'},{'D1'},{'D6'},{'R2'},{'R3'},{'D5'},{'D7'},{'D4'},,&,1.0,&
{'D3'},{'D2'},{'D1'},{'D6'},{'R2'},{'R3'},{'R1'},,,,&,2.0,&
{'D3'},{'D2'},{'D1'},{'D6'},{'R2'},{'R3'},{'R1'},{'D4'},{'D5'},,&,1.0,&
{'D3'},{'D2'},{'D1'},{'D6'},{'R2'},{'R3'},{'R1'},{'D7'},{'D5'},,&,2.0,&
{'D3'},{'D2'},{'D1'},{'D6'},{'R2'},{'R3'},{'D4'},,,,&,1.0,&
{'D3'},{'D2'},{'D1'},{'D6'},{'R2'},{'R3'},{'D4'},{'R1'},{'D5'},,&,1.0,&
{'D3'},{'D2'},{'D1'},{'D6'},{'R2'},{'R1'},{'R3'},,,,&,1.0,&
{'D3'},{'D2'},{'D1'},{'D6'},{'R2'},{'D4'},{'D7'},,,,&,1.0,&
{'D3'},{'D2'},{'D1'},{'D6'},{'D4'},,,,,,&,2.0,&
{'D3'},{'D2'},{'D1'},{'D6'},{'D4'},{'D5'},,,,,&,1.0,&
{'D3'},{'D2'},{'D1'},{'D6'},{'D4'},{'R3'},,,,,&,1.0,&
{'D3'},{'D2'},{'D7'},,,,,,,,&,21.0,&
{'D3'},{'D2'},{'D7'},{'R2'},,,,,,,&,3.0,&
{'D3'},{'D2'},{'D7'},{'R2'},{'D6'},,,,,,&,2.0,&
{'D3'},{'D2'},{'D7'},{'R2'},{'R1'},,,,,,&,1.0,&
{'D3'},{'D2'},{'D7'},{'R2'},{'R1'},{'D1'},{'D5'},{'R3'},{'D6'},{'D4'},&,1.0,&
{'D3'},{'D2'},{'D7'},{'R2'},{'R1'},{'R3'},{'D1'},{'D6'},{'D5'},{'D4'},&,1.0,&
{'D3'},{'D2'},{'D7'},{'R2'},{'D5'},{'R3'},{'D1'},{'D6'},{'D4'},,&,1.0,&
{'D3'},{'D2'},{'D7'},{'R2'},{'D5'},{'R3'},{'D1'},{'D6'},{'D4'},{'R1'},&,1.0,&
{'D3'},{'D2'},{'D7'},{'R2'},{'R3'},,,,,,&,3.0,&
{'D3'},{'D2'},{'D7'},{'R2'},{'R3'},{'D1'},,,,,&,1.0,&
{'D3'},{'D2'},{'D7'},{'R2'},{'R3'},{'D6'},{'R1'},,,,&,1.0,&
{'D3'},{'D2'},{'D7'},{'R2'},{'R3'},{'R1'},{'D1'},,,,&,1.0,&
{'D3'},{'D2'},{'D7'},{'R2'},{'R3'},{'R1'},{'D1'},{'D6'},{'D5'},{'D4'},&,1.0,&
{'D3'},{'D2'},{'D7'},{'R2'},{'R3'},{'R1'},{'D1'},{'D5'},,,&,1.0,&
{'D3'},{'D2'},{'D7'},{'R2'},{'D1'},,,,,,&,2.0,&
{'D3'},{'D2'},{'D7'},{'R2'},{'D1'},{'D5'},,,,,&,2.0,&
{'D3'},{'D2'},{'D7'},{'R2'},{'D1'},{'D5'},{'R3'},{'D6'},{'R1'},,&,1.0,&
{'D3'},{'D2'},{'D7'},{'R2'},{'D1'},{'D5'},{'R1'},{'R3'},,,&,1.0,&
{'D3'},{'D2'},{'D7'},{'R2'},{'D1'},{'D6'},{'D5'},{'D4'},,,&,1.0,&
{'D3'},{'D2'},{'D7'},{'R2'},{'D1'},{'D6'},{'D5'},{'R3'},{'D4'},,&,1.0,&
{'D3'},{'D2'},{'D7'},{'R2'},{'D1'},{'R3'},{'D5'},{'R1'},{'D6'},{'D4'},&,1.0,&
{'D3'},{'D2'},{'D7'},{'R2'},{'D1'},{'R1'},{'D6'},{'D5'},{'D4'},,&,1.0,&
{'D3'},{'D2'},{'D7'},{'R2'},{'D1'},{'D4'},{'D5'},{'R3'},{'R1'},,&,1.0,&
{'D3'},{'D2'},{'D7'},{'D1'},,,,,,,&,7.0,&
{'D3'},{'D2'},{'D7'},{'D1'},{'D6'},{'D5'},{'R2'},{'R3'},,,&,1.0,&
{'D3'},{'D2'},{'D7'},{'D1'},{'D6'},{'D5'},{'D4'},{'R3'},{'R2'},{'R1'},&,1.0,&
{'D3'},{'D2'},{'D7'},{'D1'},{'D6'},{'R2'},{'D5'},{'D4'},{'R3'},{'R1'},&,1.0,&
{'D3'},{'D2'},{'D7'},{'D1'},{'D6'},{'R2'},{'D5'},{'R3'},,,&,1.0,&
{'D3'},{'D2'},{'D7'},{'D1'},{'R1'},{'D6'},{'R2'},{'D5'},,,&,1.0,&
{'D3'},{'D2'},{'D7'},{'D1'},{'D5'},,,,,,&,1.0,&
{'D3'},{'D2'},{'D7'},{'D1'},{'D5'},{'R2'},{'R3'},{'R1'},,,&,1.0,&
{'D3'},{'D2'},{'D7'},{'D1'},{'D5'},{'R2'},{'R3'},{'R1'},{'D4'},{'D6'},&,1.0,&
{'D3'},{'D2'},{'D7'},{'D1'},{'D5'},{'D6'},{'R3'},{'D4'},,,&,1.0,&
{'D3'},{'D2'},{'D7'},{'D1'},{'D5'},{'D6'},{'R3'},{'D4'},{'R2'},{'R1'},&,1.0,&
{'D3'},{'D2'},{'D7'},{'D1'},{'D5'},{'R3'},,,,,&,1.0,&
{'D3'},{'D2'},{'D7'},{'D1'},{'D5'},{'R1'},{'D6'},{'R3'},{'D4'},,&,1.0,&
{'D3'},{'D2'},{'D7'},{'D1'},{'R3'},,,,,,&,1.0,&
{'D3'},{'D2'},{'D7'},{'D1'},{'R3'},{'R2'},,,,,&,1.0,&
{'D3'},{'D2'},{'D7'},{'D1'},{'R3'},{'R2'},{'D5'},{'D4'},{'D6'},,&,1.0,&
{'D3'},{'D2'},{'D7'},{'D1'},{'R3'},{'R2'},{'D5'},{'R1'},{'D6'},,&,1.0,&
{'D3'},{'D2'},{'D7'},{'D1'},{'R3'},{'R2'},{'D6'},{'R1'},{'D4'},,&,1.0,&
{'D3'},{'D2'},{'D7'},{'D1'},{'R3'},{'D6'},,,,,&,1.0,&
{'D3'},{'D2'},{'D7'},{'D1'},{'R3'},{'D6'},{'R2'},,,,&,1.0,&
{'D3'},{'D2'},{'D7'},{'D1'},{'R2'},,,,,,&,1.0,&
{'D3'},{'D2'},{'D7'},{'D1'},{'R2'},{'D5'},{'R3'},{'D6'},{'R1'},,&,1.0,&
{'D3'},{'D2'},{'D7'},{'D1'},{'R2'},{'D5'},{'R3'},{'D6'},{'R1'},{'D4'},&,1.0,&
{'D3'},{'D2'},{'D7'},{'D1'},{'R2'},{'R3'},{'R1'},{'D4'},{'D5'},{'D6'},&,1.0,&
{'D3'},{'D2'},{'D7'},{'D1'},{'R2'},{'R3'},{'D6'},{'D5'},,,&,1.0,&
{'D3'},{'D2'},{'D7'},{'D1'},{'R2'},{'R1'},{'R3'},,,,&,1.0,&
{'D3'},{'D2'},{'D7'},{'D1'},{'D4'},,,,,,&,2.0,&
{'D3'},{'D2'},{'D7'},{'D1'},{'D4'},{'R2'},,,,,&,1.0,&
{'D3'},{'D2'},{'D7'},{'D5'},{'R1'},,,,,,&,1.0,&
{'D3'},{'D2'},{'D7'},{'D5'},{'D1'},{'R2'},,,,,&,1.0,&
{'D3'},{'D2'},{'D7'},{'D5'},{'D1'},{'D6'},,,,,&,1.0,&
{'D3'},{'D2'},{'D7'},{'D4'},,,,,,,&,1.0,&
{'D3'},{'D2'},{'D7'},{'D4'},{'D1'},{'D5'},{'D6'},,,,&,1.0,&
{'D3'},{'D2'},{'D7'},{'R1'},{'D6'},{'R3'},{'R2'},{'D5'},,,&,1.0,&
{'D3'},{'D2'},{'D7'},{'R1'},{'R3'},{'D1'},{'D5'},{'R2'},{'D6'},{'D4'},&,1.0,&
{'D3'},{'D2'},{'D7'},{'R1'},{'D1'},{'D6'},{'R2'},,,,&,1.0,&
{'D3'},{'D2'},{'D7'},{'R3'},,,,,,,&,2.0,&
{'D3'},{'D2'},{'D7'},{'R3'},{'R1'},{'D1'},{'R2'},{'D5'},{'D6'},{'D4'},&,1.0,&
{'D3'},{'D2'},{'D7'},{'R3'},{'R1'},{'R2'},,,,,&,1.0,&
{'D3'},{'D2'},{'D7'},{'R3'},{'D1'},{'D6'},,,,,&,1.0,&
{'D3'},{'D2'},{'D7'},{'R3'},{'D1'},{'D4'},{'R2'},,,,&,1.0,&
{'D3'},{'D2'},{'D7'},{'R3'},{'R2'},,,,,,&,2.0,&
{'D3'},{'D2'},{'D7'},{'R3'},{'R2'},{'D1'},{'R1'},{'D5'},,,&,1.0,&
{'D3'},{'D2'},{'D7'},{'R3'},{'R2'},{'D6'},,,,,&,1.0,&
{'D3'},{'D2'},{'D7'},{'R3'},{'R2'},{'R1'},,,,,&,1.0,&
{'D3'},{'D2'},{'D7'},{'R3'},{'D4'},{'R1'},{'D1'},,,,&,1.0,&
{'D3'},{'D2'},{'D7'},{'D6'},{'D5'},{'R3'},{'D1'},{'D4'},{'R2'},{'R1'},&,1.0,&
{'D3'},{'D2'},{'D7'},{'D6'},{'D1'},,,,,,&,1.0,&
{'D3'},{'D2'},{'D7'},{'D6'},{'D1'},{'R3'},{'R2'},,,,&,1.0,&
{'D3'},{'D2'},{'R3'},,,,,,,,&,77.0,&
{'D3'},{'D2'},{'R3'},{'R2'},,,,,,,&,28.0,&
{'D3'},{'D2'},{'R3'},{'R2'},{'D6'},,,,,,&,1.0,&
{'D3'},{'D2'},{'R3'},{'R2'},{'D6'},{'D1'},{'D7'},{'R1'},{'D5'},,&,1.0,&
{'D3'},{'D2'},{'R3'},{'R2'},{'D6'},{'D1'},{'R1'},{'D7'},,,&,1.0,&
{'D3'},{'D2'},{'R3'},{'R2'},{'D6'},{'D1'},{'R1'},{'D5'},{'D7'},,&,1.0,&
{'D3'},{'D2'},{'R3'},{'R2'},{'D6'},{'D7'},{'D1'},,,,&,1.0,&
{'D3'},{'D2'},{'R3'},{'R2'},{'D6'},{'R1'},,,,,&,1.0,&
{'D3'},{'D2'},{'R3'},{'R2'},{'D6'},{'R1'},{'D1'},,,,&,1.0,&
{'D3'},{'D2'},{'R3'},{'R2'},{'D6'},{'R1'},{'D1'},{'D5'},{'D4'},,&,1.0,&
{'D3'},{'D2'},{'R3'},{'R2'},{'D6'},{'D4'},{'D7'},{'D1'},{'D5'},{'R1'},&,1.0,&
{'D3'},{'D2'},{'R3'},{'R2'},{'D7'},,,,,,&,1.0,&
{'D3'},{'D2'},{'R3'},{'R2'},{'D7'},{'D1'},{'D5'},{'D6'},{'D4'},{'R1'},&,1.0,&
{'D3'},{'D2'},{'R3'},{'R2'},{'D7'},{'D1'},{'D5'},{'R1'},{'D6'},,&,1.0,&
{'D3'},{'D2'},{'R3'},{'R2'},{'D7'},{'D1'},{'D4'},{'D5'},{'D6'},{'R1'},&,1.0,&
{'D3'},{'D2'},{'R3'},{'R2'},{'D7'},{'D4'},{'R1'},{'D1'},{'D6'},,&,1.0,&
{'D3'},{'D2'},{'R3'},{'R2'},{'R1'},,,,,,&,14.0,&
{'D3'},{'D2'},{'R3'},{'R2'},{'R1'},{'D1'},,,,,&,3.0,&
{'D3'},{'D2'},{'R3'},{'R2'},{'R1'},{'D1'},{'D7'},,,,&,1.0,&
{'D3'},{'D2'},{'R3'},{'R2'},{'R1'},{'D1'},{'D7'},{'D6'},,,&,1.0,&
{'D3'},{'D2'},{'R3'},{'R2'},{'R1'},{'D1'},{'D7'},{'D6'},{'D5'},,&,1.0,&
{'D3'},{'D2'},{'R3'},{'R2'},{'R1'},{'D1'},{'D7'},{'D4'},{'D6'},,&,1.0,&
{'D3'},{'D2'},{'R3'},{'R2'},{'R1'},{'D1'},{'D7'},{'D5'},{'D6'},{'D4'},&,1.0,&
{'D3'},{'D2'},{'R3'},{'R2'},{'R1'},{'D1'},{'D5'},{'D7'},{'D6'},{'D4'},&,1.0,&
{'D3'},{'D2'},{'R3'},{'R2'},{'R1'},{'D1'},{'D5'},{'D7'},{'D4'},,&,1.0,&
{'D3'},{'D2'},{'R3'},{'R2'},{'R1'},{'D1'},{'D5'},{'D7'},{'D4'},{'D6'},&,1.0,&
{'D3'},{'D2'},{'R3'},{'R2'},{'R1'},{'D1'},{'D6'},,,,&,2.0,&
{'D3'},{'D2'},{'R3'},{'R2'},{'R1'},{'D1'},{'D6'},{'D4'},,,&,1.0,&
{'D3'},{'D2'},{'R3'},{'R2'},{'R1'},{'D7'},{'D1'},,,,&,1.0,&
{'D3'},{'D2'},{'R3'},{'R2'},{'R1'},{'D7'},{'D6'},{'D1'},{'D5'},,&,1.0,&
{'D3'},{'D2'},{'R3'},{'R2'},{'R1'},{'D5'},{'D7'},{'D1'},{'D6'},,&,1.0,&
{'D3'},{'D2'},{'R3'},{'R2'},{'R1'},{'D6'},{'D1'},{'D5'},,,&,1.0,&
{'D3'},{'D2'},{'R3'},{'R2'},{'R1'},{'D6'},{'D1'},{'D5'},{'D7'},{'D4'},&,1.0,&
{'D3'},{'D2'},{'R3'},{'R2'},{'R1'},{'D4'},{'D6'},{'D1'},{'D5'},,&,1.0,&
{'D3'},{'D2'},{'R3'},{'R2'},{'D5'},,,,,,&,1.0,&
{'D3'},{'D2'},{'R3'},{'R2'},{'D5'},{'D1'},{'D7'},,,,&,1.0,&
{'D3'},{'D2'},{'R3'},{'R2'},{'D5'},{'R1'},,,,,&,1.0,&
{'D3'},{'D2'},{'R3'},{'R2'},{'D5'},{'R1'},{'D7'},{'D6'},{'D1'},,&,1.0,&
{'D3'},{'D2'},{'R3'},{'R2'},{'D1'},,,,,,&,8.0,&
{'D3'},{'D2'},{'R3'},{'R2'},{'D1'},{'D7'},,,,,&,2.0,&
{'D3'},{'D2'},{'R3'},{'R2'},{'D1'},{'D7'},{'R1'},{'D5'},,,&,1.0,&
{'D3'},{'D2'},{'R3'},{'R2'},{'D1'},{'D7'},{'D6'},{'D5'},{'R1'},,&,1.0,&
{'D3'},{'D2'},{'R3'},{'R2'},{'D1'},{'D7'},{'D6'},{'D5'},{'R1'},{'D4'},&,1.0,&
{'D3'},{'D2'},{'R3'},{'R2'},{'D1'},{'D5'},,,,,&,3.0,&
{'D3'},{'D2'},{'R3'},{'R2'},{'D1'},{'D5'},{'R1'},,,,&,1.0,&
{'D3'},{'D2'},{'R3'},{'R2'},{'D1'},{'D5'},{'R1'},{'D4'},,,&,1.0,&
{'D3'},{'D2'},{'R3'},{'R2'},{'D1'},{'D5'},{'D6'},,,,&,1.0,&
{'D3'},{'D2'},{'R3'},{'R2'},{'D1'},{'D6'},,,,,&,2.0,&
{'D3'},{'D2'},{'R3'},{'R2'},{'D1'},{'D6'},{'D5'},{'D7'},,,&,1.0,&
{'D3'},{'D2'},{'R3'},{'R2'},{'D1'},{'D6'},{'R1'},,,,&,2.0,&
{'D3'},{'D2'},{'R3'},{'R2'},{'D1'},{'D6'},{'R1'},{'D4'},{'D7'},{'D5'},&,1.0,&
{'D3'},{'D2'},{'R3'},{'R2'},{'D1'},{'D6'},{'R1'},{'D7'},{'D4'},{'D5'},&,1.0,&
{'D3'},{'D2'},{'R3'},{'R2'},{'D1'},{'D6'},{'R1'},{'D5'},,,&,1.0,&
{'D3'},{'D2'},{'R3'},{'R2'},{'D1'},{'R1'},,,,,&,5.0,&
{'D3'},{'D2'},{'R3'},{'R2'},{'D1'},{'R1'},{'D7'},{'D6'},{'D5'},{'D4'},&,1.0,&
{'D3'},{'D2'},{'R3'},{'R2'},{'D1'},{'R1'},{'D7'},{'D5'},,,&,1.0,&
{'D3'},{'D2'},{'R3'},{'R2'},{'D1'},{'R1'},{'D5'},{'D6'},{'D7'},{'D4'},&,2.0,&
{'D3'},{'D2'},{'R3'},{'R2'},{'D1'},{'R1'},{'D6'},,,,&,3.0,&
{'D3'},{'D2'},{'R3'},{'R2'},{'D1'},{'R1'},{'D6'},{'D7'},{'D5'},,&,1.0,&
{'D3'},{'D2'},{'R3'},{'R2'},{'D1'},{'R1'},{'D6'},{'D5'},,,&,1.0,&
{'D3'},{'D2'},{'R3'},{'R2'},{'D1'},{'R1'},{'D4'},,,,&,1.0,&
{'D3'},{'D2'},{'R3'},{'R2'},{'D1'},{'D4'},{'R1'},,,,&,1.0,&
{'D3'},{'D2'},{'R3'},{'R2'},{'D4'},{'D1'},{'D6'},{'R1'},{'D5'},{'D7'},&,1.0,&
{'D3'},{'D2'},{'R3'},{'R2'},{'D4'},{'R1'},,,,,&,1.0,&
{'D3'},{'D2'},{'R3'},{'D1'},,,,,,,&,24.0,&
{'D3'},{'D2'},{'R3'},{'D1'},{'D6'},,,,,,&,2.0,&
{'D3'},{'D2'},{'R3'},{'D1'},{'D6'},{'D7'},{'D5'},{'D4'},,,&,1.0,&
{'D3'},{'D2'},{'R3'},{'D1'},{'D6'},{'D7'},{'R2'},{'D4'},,,&,1.0,&
{'D3'},{'D2'},{'R3'},{'D1'},{'D6'},{'D7'},{'R2'},{'R1'},,,&,1.0,&
{'D3'},{'D2'},{'R3'},{'D1'},{'D6'},{'D5'},{'D7'},,,,&,1.0,&
{'D3'},{'D2'},{'R3'},{'D1'},{'D6'},{'D5'},{'R2'},,,,&,2.0,&
{'D3'},{'D2'},{'R3'},{'D1'},{'D6'},{'D5'},{'R2'},{'D7'},{'R1'},{'D4'},&,1.0,&
{'D3'},{'D2'},{'R3'},{'D1'},{'D6'},{'D5'},{'R2'},{'R1'},{'D7'},{'D4'},&,1.0,&
{'D3'},{'D2'},{'R3'},{'D1'},{'D6'},{'R2'},,,,,&,1.0,&
{'D3'},{'D2'},{'R3'},{'D1'},{'D6'},{'R2'},{'D5'},,,,&,1.0,&
{'D3'},{'D2'},{'R3'},{'D1'},{'D6'},{'R2'},{'D5'},{'R1'},,,&,1.0,&
{'D3'},{'D2'},{'R3'},{'D1'},{'D6'},{'R2'},{'R1'},,,,&,2.0,&
{'D3'},{'D2'},{'R3'},{'D1'},{'D6'},{'R2'},{'R1'},{'D5'},,,&,1.0,&
{'D3'},{'D2'},{'R3'},{'D1'},{'D6'},{'D4'},{'D7'},{'D5'},,,&,1.0,&
{'D3'},{'D2'},{'R3'},{'D1'},{'D6'},{'D4'},{'R1'},{'R2'},,,&,1.0,&
{'D3'},{'D2'},{'R3'},{'D1'},{'D7'},,,,,,&,3.0,&
{'D3'},{'D2'},{'R3'},{'D1'},{'D7'},{'D5'},{'D6'},,,,&,1.0,&
{'D3'},{'D2'},{'R3'},{'D1'},{'D7'},{'R2'},,,,,&,6.0,&
{'D3'},{'D2'},{'R3'},{'D1'},{'D7'},{'R2'},{'R1'},{'D6'},{'D5'},{'D4'},&,1.0,&
{'D3'},{'D2'},{'R3'},{'D1'},{'D7'},{'R2'},{'R1'},{'D5'},,,&,1.0,&
{'D3'},{'D2'},{'R3'},{'D1'},{'D7'},{'D6'},{'D5'},{'R1'},{'R2'},,&,1.0,&
{'D3'},{'D2'},{'R3'},{'D1'},{'R1'},,,,,,&,2.0,&
{'D3'},{'D2'},{'R3'},{'D1'},{'R1'},{'R2'},,,,,&,3.0,&
{'D3'},{'D2'},{'R3'},{'D1'},{'R1'},{'D6'},{'D4'},{'D5'},{'D7'},{'R2'},&,1.0,&
{'D3'},{'D2'},{'R3'},{'D1'},{'R1'},{'D4'},{'R2'},,,,&,1.0,&
{'D3'},{'D2'},{'R3'},{'D1'},{'R1'},{'D4'},{'R2'},{'D6'},{'D5'},{'D7'},&,1.0,&
{'D3'},{'D2'},{'R3'},{'D1'},{'D5'},,,,,,&,1.0,&
{'D3'},{'D2'},{'R3'},{'D1'},{'D5'},{'D7'},{'R2'},{'R1'},{'D6'},{'D4'},&,1.0,&
{'D3'},{'D2'},{'R3'},{'D1'},{'D5'},{'R2'},{'D7'},,,,&,1.0,&
{'D3'},{'D2'},{'R3'},{'D1'},{'D5'},{'R2'},{'R1'},{'D6'},,,&,1.0,&
{'D3'},{'D2'},{'R3'},{'D1'},{'D5'},{'R2'},{'D6'},{'D7'},{'D4'},,&,1.0,&
{'D3'},{'D2'},{'R3'},{'D1'},{'D5'},{'R2'},{'D6'},{'R1'},,,&,1.0,&
{'D3'},{'D2'},{'R3'},{'D1'},{'D5'},{'D6'},{'R2'},,,,&,1.0,&
{'D3'},{'D2'},{'R3'},{'D1'},{'D5'},{'D6'},{'R2'},{'R1'},{'D7'},,&,1.0,&
{'D3'},{'D2'},{'R3'},{'D1'},{'D5'},{'R1'},{'R2'},{'D4'},,,&,1.0,&
{'D3'},{'D2'},{'R3'},{'D1'},{'R2'},,,,,,&,8.0,&
{'D3'},{'D2'},{'R3'},{'D1'},{'R2'},{'D7'},,,,,&,3.0,&
{'D3'},{'D2'},{'R3'},{'D1'},{'R2'},{'D7'},{'D6'},{'D4'},{'D5'},,&,1.0,&
{'D3'},{'D2'},{'R3'},{'D1'},{'R2'},{'D7'},{'D6'},{'D5'},{'R1'},,&,1.0,&
{'D3'},{'D2'},{'R3'},{'D1'},{'R2'},{'D5'},,,,,&,1.0,&
{'D3'},{'D2'},{'R3'},{'D1'},{'R2'},{'D5'},{'R1'},{'D6'},{'D7'},{'D4'},&,1.0,&
{'D3'},{'D2'},{'R3'},{'D1'},{'R2'},{'D5'},{'D6'},{'D4'},{'R1'},,&,1.0,&
{'D3'},{'D2'},{'R3'},{'D1'},{'R2'},{'D5'},{'D4'},{'R1'},{'D6'},,&,1.0,&
{'D3'},{'D2'},{'R3'},{'D1'},{'R2'},{'D6'},,,,,&,1.0,&
{'D3'},{'D2'},{'R3'},{'D1'},{'R2'},{'D6'},{'D5'},{'D7'},,,&,1.0,&
{'D3'},{'D2'},{'R3'},{'D1'},{'R2'},{'D6'},{'R1'},{'D5'},,,&,1.0,&
{'D3'},{'D2'},{'R3'},{'D1'},{'R2'},{'D6'},{'R1'},{'D5'},{'D7'},,&,1.0,&
{'D3'},{'D2'},{'R3'},{'D1'},{'R2'},{'R1'},,,,,&,1.0,&
{'D3'},{'D2'},{'R3'},{'D1'},{'R2'},{'R1'},{'D5'},,,,&,1.0,&
{'D3'},{'D2'},{'R3'},{'D1'},{'R2'},{'R1'},{'D6'},,,,&,1.0,&
{'D3'},{'D2'},{'R3'},{'D1'},{'R2'},{'R1'},{'D6'},{'D5'},,,&,1.0,&
{'D3'},{'D2'},{'R3'},{'D1'},{'R2'},{'D4'},,,,,&,1.0,&
{'D3'},{'D2'},{'R3'},{'D1'},{'D4'},,,,,,&,2.0,&
{'D3'},{'D2'},{'R3'},{'D1'},{'D4'},{'R2'},{'D6'},,,,&,1.0,&
{'D3'},{'D2'},{'R3'},{'D1'},{'D4'},{'D6'},{'D5'},{'D7'},{'R1'},{'R2'},&,1.0,&
{'D3'},{'D2'},{'R3'},{'D5'},{'D6'},,,,,,&,2.0,&
{'D3'},{'D2'},{'R3'},{'D5'},{'D6'},{'D1'},{'R2'},,,,&,1.0,&
{'D3'},{'D2'},{'R3'},{'D5'},{'D7'},{'D1'},,,,,&,1.0,&
{'D3'},{'D2'},{'R3'},{'D5'},{'D7'},{'R2'},,,,,&,1.0,&
{'D3'},{'D2'},{'R3'},{'D5'},{'D7'},{'R1'},,,,,&,1.0,&
{'D3'},{'D2'},{'R3'},{'D5'},{'R1'},{'D7'},,,,,&,1.0,&
{'D3'},{'D2'},{'R3'},{'D5'},{'D1'},,,,,,&,1.0,&
{'D3'},{'D2'},{'R3'},{'D5'},{'D1'},{'D7'},{'R2'},{'D6'},{'D4'},{'R1'},&,1.0,&
{'D3'},{'D2'},{'R3'},{'D5'},{'D1'},{'R2'},,,,,&,1.0,&
{'D3'},{'D2'},{'R3'},{'D5'},{'D1'},{'R2'},{'R1'},{'D4'},{'D6'},{'D7'},&,1.0,&
{'D3'},{'D2'},{'R3'},{'D5'},{'D1'},{'D6'},,,,,&,1.0,&
{'D3'},{'D2'},{'R3'},{'D5'},{'D1'},{'R1'},{'D6'},{'D7'},{'D4'},,&,1.0,&
{'D3'},{'D2'},{'R3'},{'D5'},{'R2'},,,,,,&,1.0,&
{'D3'},{'D2'},{'R3'},{'D5'},{'R2'},{'D1'},{'R1'},{'D7'},,,&,1.0,&
{'D3'},{'D2'},{'R3'},{'D5'},{'R2'},{'D1'},{'D6'},{'D7'},{'D4'},{'R1'},&,1.0,&
{'D3'},{'D2'},{'R3'},{'D5'},{'R2'},{'D6'},{'D4'},,,,&,1.0,&
{'D3'},{'D2'},{'R3'},{'D5'},{'R2'},{'R1'},{'D1'},,,,&,1.0,&
{'D3'},{'D2'},{'R3'},{'D5'},{'R2'},{'R1'},{'D1'},{'D6'},{'D7'},,&,1.0,&
{'D3'},{'D2'},{'R3'},{'D4'},,,,,,,&,1.0,&
{'D3'},{'D2'},{'R3'},{'D4'},{'D6'},,,,,,&,2.0,&
{'D3'},{'D2'},{'R3'},{'D4'},{'D1'},{'R2'},{'R1'},,,,&,1.0,&
{'D3'},{'D2'},{'R3'},{'D4'},{'R2'},{'D1'},{'R1'},{'D6'},,,&,1.0,&
{'D3'},{'D2'},{'R3'},{'D7'},,,,,,,&,2.0,&
{'D3'},{'D2'},{'R3'},{'D7'},{'D6'},{'D1'},,,,,&,1.0,&
{'D3'},{'D2'},{'R3'},{'D7'},{'R1'},,,,,,&,1.0,&
{'D3'},{'D2'},{'R3'},{'D7'},{'R1'},{'D1'},,,,,&,1.0,&
{'D3'},{'D2'},{'R3'},{'D7'},{'D1'},,,,,,&,2.0,&
{'D3'},{'D2'},{'R3'},{'D7'},{'D1'},{'D5'},{'R2'},{'D6'},{'D4'},{'R1'},&,1.0,&
{'D3'},{'D2'},{'R3'},{'D7'},{'D1'},{'R2'},{'R1'},,,,&,1.0,&
{'D3'},{'D2'},{'R3'},{'D7'},{'D1'},{'D6'},{'R2'},,,,&,1.0,&
{'D3'},{'D2'},{'R3'},{'D7'},{'D1'},{'D6'},{'R1'},{'D5'},{'D4'},,&,1.0,&
{'D3'},{'D2'},{'R3'},{'D7'},{'R2'},,,,,,&,1.0,&
{'D3'},{'D2'},{'R3'},{'D7'},{'R2'},{'D1'},,,,,&,1.0,&
{'D3'},{'D2'},{'R3'},{'D7'},{'R2'},{'D1'},{'R1'},,,,&,1.0,&
{'D3'},{'D2'},{'R3'},{'D7'},{'R2'},{'D1'},{'R1'},{'D6'},,,&,1.0,&
{'D3'},{'D2'},{'R3'},{'D7'},{'R2'},{'R1'},{'D1'},{'D5'},,,&,1.0,&
{'D3'},{'D2'},{'R3'},{'R1'},,,,,,,&,7.0,&
{'D3'},{'D2'},{'R3'},{'R1'},{'D7'},{'R2'},{'D1'},{'D5'},{'D4'},{'D6'},&,1.0,&
{'D3'},{'D2'},{'R3'},{'R1'},{'D5'},{'D1'},{'D6'},,,,&,1.0,&
{'D3'},{'D2'},{'R3'},{'R1'},{'D1'},,,,,,&,2.0,&
{'D3'},{'D2'},{'R3'},{'R1'},{'D1'},{'D5'},,,,,&,2.0,&
{'D3'},{'D2'},{'R3'},{'R1'},{'D1'},{'R2'},,,,,&,1.0,&
{'D3'},{'D2'},{'R3'},{'R1'},{'D1'},{'R2'},{'D7'},,,,&,1.0,&
{'D3'},{'D2'},{'R3'},{'R1'},{'D1'},{'D6'},{'R2'},{'D7'},{'D4'},,&,1.0,&
{'D3'},{'D2'},{'R3'},{'R1'},{'R2'},,,,,,&,3.0,&
{'D3'},{'D2'},{'R3'},{'R1'},{'R2'},{'D5'},{'D1'},{'D7'},,,&,1.0,&
{'D3'},{'D2'},{'R3'},{'D6'},,,,,,,&,6.0,&
{'D3'},{'D2'},{'R3'},{'D6'},{'R1'},{'R2'},,,,,&,1.0,&
{'D3'},{'D2'},{'R3'},{'D6'},{'D5'},{'D1'},{'R2'},{'D4'},,,&,1.0,&
{'D3'},{'D2'},{'R3'},{'D6'},{'D5'},{'R2'},{'D1'},{'D7'},{'D4'},{'R1'},&,1.0,&
{'D3'},{'D2'},{'R3'},{'D6'},{'D5'},{'R2'},{'R1'},{'D1'},,,&,1.0,&
{'D3'},{'D2'},{'R3'},{'D6'},{'D1'},,,,,,&,1.0,&
{'D3'},{'D2'},{'R3'},{'D6'},{'D1'},{'D7'},,,,,&,1.0,&
{'D3'},{'D2'},{'R3'},{'D6'},{'D1'},{'D7'},{'R2'},{'D4'},{'R1'},,&,1.0,&
{'D3'},{'D2'},{'R3'},{'D6'},{'D1'},{'D7'},{'R2'},{'D5'},{'D4'},{'R1'},&,1.0,&
{'D3'},{'D2'},{'R3'},{'D6'},{'D1'},{'D5'},{'R2'},{'R1'},{'D4'},,&,1.0,&
{'D3'},{'D2'},{'R3'},{'D6'},{'R2'},,,,,,&,2.0,&
{'D3'},{'D2'},{'R3'},{'D6'},{'R2'},{'D1'},{'D5'},{'R1'},,,&,1.0,&
{'D3'},{'D2'},{'R3'},{'D6'},{'R2'},{'D1'},{'R1'},{'D5'},,,&,1.0,&
{'D3'},{'D2'},{'R3'},{'D6'},{'R2'},{'R1'},,,,,&,2.0,&
{'D3'},{'D2'},{'R3'},{'D6'},{'R2'},{'R1'},{'D5'},{'D1'},{'D7'},{'D4'},&,1.0,&
{'D3'},{'D2'},{'R3'},{'D6'},{'R2'},{'R1'},{'D1'},,,,&,1.0,&
{'D3'},{'D2'},{'R2'},,,,,,,,&,103.0,&
{'D3'},{'D2'},{'R2'},{'D1'},,,,,,,&,30.0,&
{'D3'},{'D2'},{'R2'},{'D1'},{'D6'},,,,,,&,2.0,&
{'D3'},{'D2'},{'R2'},{'D1'},{'D6'},{'D7'},{'D5'},{'D4'},{'R3'},,&,1.0,&
{'D3'},{'D2'},{'R2'},{'D1'},{'D6'},{'D5'},,,,,&,2.0,&
{'D3'},{'D2'},{'R2'},{'D1'},{'D6'},{'D5'},{'D7'},,,,&,1.0,&
{'D3'},{'D2'},{'R2'},{'D1'},{'D6'},{'D5'},{'R3'},{'D7'},{'R1'},,&,2.0,&
{'D3'},{'D2'},{'R2'},{'D1'},{'D6'},{'D5'},{'R3'},{'R1'},,,&,1.0,&
{'D3'},{'D2'},{'R2'},{'D1'},{'D6'},{'D5'},{'D4'},{'D7'},{'R3'},{'R1'},&,1.0,&
{'D3'},{'D2'},{'R2'},{'D1'},{'D6'},{'R3'},,,,,&,2.0,&
{'D3'},{'D2'},{'R2'},{'D1'},{'D6'},{'R3'},{'D5'},,,,&,1.0,&
{'D3'},{'D2'},{'R2'},{'D1'},{'D6'},{'R3'},{'D5'},{'R1'},,,&,1.0,&
{'D3'},{'D2'},{'R2'},{'D1'},{'D6'},{'R3'},{'R1'},,,,&,1.0,&
{'D3'},{'D2'},{'R2'},{'D1'},{'D6'},{'R1'},,,,,&,1.0,&
{'D3'},{'D2'},{'R2'},{'D1'},{'D6'},{'R1'},{'R3'},,,,&,1.0,&
{'D3'},{'D2'},{'R2'},{'D1'},{'D6'},{'D4'},{'D7'},{'R3'},{'R1'},{'D5'},&,1.0,&
{'D3'},{'D2'},{'R2'},{'D1'},{'D7'},{'D5'},,,,,&,1.0,&
{'D3'},{'D2'},{'R2'},{'D1'},{'D7'},{'D5'},{'D4'},{'D6'},,,&,1.0,&
{'D3'},{'D2'},{'R2'},{'D1'},{'D7'},{'D6'},,,,,&,1.0,&
{'D3'},{'D2'},{'R2'},{'D1'},{'D7'},{'R3'},,,,,&,2.0,&
{'D3'},{'D2'},{'R2'},{'D1'},{'D7'},{'R3'},{'R1'},{'D6'},{'D5'},,&,1.0,&
{'D3'},{'D2'},{'R2'},{'D1'},{'D7'},{'R3'},{'R1'},{'D5'},,,&,1.0,&
{'D3'},{'D2'},{'R2'},{'D1'},{'D7'},{'R3'},{'D6'},,,,&,1.0,&
{'D3'},{'D2'},{'R2'},{'D1'},{'D7'},{'R3'},{'D6'},{'D5'},{'R1'},,&,1.0,&
{'D3'},{'D2'},{'R2'},{'D1'},{'D7'},{'R1'},{'R3'},{'D4'},{'D6'},{'D5'},&,1.0,&
{'D3'},{'D2'},{'R2'},{'D1'},{'D7'},{'R1'},{'D5'},{'D6'},{'D4'},{'R3'},&,1.0,&
{'D3'},{'D2'},{'R2'},{'D1'},{'R1'},,,,,,&,2.0,&
{'D3'},{'D2'},{'R2'},{'D1'},{'R1'},{'D5'},{'R3'},,,,&,1.0,&
{'D3'},{'D2'},{'R2'},{'D1'},{'R1'},{'D5'},{'D6'},{'D7'},{'D4'},{'R3'},&,1.0,&
{'D3'},{'D2'},{'R2'},{'D1'},{'R1'},{'D6'},{'R3'},,,,&,1.0,&
{'D3'},{'D2'},{'R2'},{'D1'},{'R1'},{'D6'},{'R3'},{'D5'},{'D7'},{'D4'},&,1.0,&
{'D3'},{'D2'},{'R2'},{'D1'},{'R1'},{'D6'},{'D5'},,,,&,1.0,&
{'D3'},{'D2'},{'R2'},{'D1'},{'R1'},{'R3'},{'D6'},{'D5'},,,&,1.0,&
{'D3'},{'D2'},{'R2'},{'D1'},{'R1'},{'R3'},{'D6'},{'D5'},{'D7'},,&,1.0,&
{'D3'},{'D2'},{'R2'},{'D1'},{'R1'},{'D4'},{'D5'},{'R3'},,,&,1.0,&
{'D3'},{'D2'},{'R2'},{'D1'},{'D5'},,,,,,&,5.0,&
{'D3'},{'D2'},{'R2'},{'D1'},{'D5'},{'D7'},{'R3'},{'R1'},{'D4'},,&,1.0,&
{'D3'},{'D2'},{'R2'},{'D1'},{'D5'},{'D7'},{'D6'},{'R3'},,,&,1.0,&
{'D3'},{'D2'},{'R2'},{'D1'},{'D5'},{'D6'},,,,,&,3.0,&
{'D3'},{'D2'},{'R2'},{'D1'},{'D5'},{'D6'},{'D7'},,,,&,1.0,&
{'D3'},{'D2'},{'R2'},{'D1'},{'D5'},{'D6'},{'D7'},{'D4'},,,&,1.0,&
{'D3'},{'D2'},{'R2'},{'D1'},{'D5'},{'D6'},{'D7'},{'R3'},{'D4'},,&,2.0,&
{'D3'},{'D2'},{'R2'},{'D1'},{'D5'},{'R3'},,,,,&,1.0,&
{'D3'},{'D2'},{'R2'},{'D1'},{'D5'},{'R3'},{'R1'},{'D6'},{'D4'},,&,1.0,&
{'D3'},{'D2'},{'R2'},{'D1'},{'D5'},{'R3'},{'R1'},{'D7'},,,&,1.0,&
{'D3'},{'D2'},{'R2'},{'D1'},{'D5'},{'R1'},,,,,&,1.0,&
{'D3'},{'D2'},{'R2'},{'D1'},{'D5'},{'R1'},{'D4'},{'D6'},{'D7'},,&,1.0,&
{'D3'},{'D2'},{'R2'},{'D1'},{'D5'},{'R1'},{'D4'},{'R3'},{'D6'},{'D7'},&,1.0,&
{'D3'},{'D2'},{'R2'},{'D1'},{'R3'},,,,,,&,9.0,&
{'D3'},{'D2'},{'R2'},{'D1'},{'R3'},{'D7'},{'D5'},{'R1'},,,&,1.0,&
{'D3'},{'D2'},{'R2'},{'D1'},{'R3'},{'D7'},{'R1'},,,,&,1.0,&
{'D3'},{'D2'},{'R2'},{'D1'},{'R3'},{'D7'},{'R1'},{'D6'},,,&,1.0,&
{'D3'},{'D2'},{'R2'},{'D1'},{'R3'},{'D7'},{'R1'},{'D6'},{'D5'},{'D4'},&,1.0,&
{'D3'},{'D2'},{'R2'},{'D1'},{'R3'},{'D7'},{'R1'},{'D5'},,,&,2.0,&
{'D3'},{'D2'},{'R2'},{'D1'},{'R3'},{'D7'},{'D6'},{'D5'},{'R1'},{'D4'},&,1.0,&
{'D3'},{'D2'},{'R2'},{'D1'},{'R3'},{'D5'},{'D7'},{'R1'},,,&,1.0,&
{'D3'},{'D2'},{'R2'},{'D1'},{'R3'},{'D5'},{'R1'},,,,&,1.0,&
{'D3'},{'D2'},{'R2'},{'D1'},{'R3'},{'D5'},{'R1'},{'D7'},,,&,1.0,&
{'D3'},{'D2'},{'R2'},{'D1'},{'R3'},{'D5'},{'D6'},{'D7'},{'D4'},,&,1.0,&
{'D3'},{'D2'},{'R2'},{'D1'},{'R3'},{'D5'},{'D6'},{'D7'},{'D4'},{'R1'},&,1.0,&
{'D3'},{'D2'},{'R2'},{'D1'},{'R3'},{'D5'},{'D6'},{'R1'},,,&,1.0,&
{'D3'},{'D2'},{'R2'},{'D1'},{'R3'},{'D5'},{'D6'},{'R1'},{'D7'},,&,2.0,&
{'D3'},{'D2'},{'R2'},{'D1'},{'R3'},{'D5'},{'D4'},{'D6'},{'D7'},,&,1.0,&
{'D3'},{'D2'},{'R2'},{'D1'},{'R3'},{'D6'},,,,,&,4.0,&
{'D3'},{'D2'},{'R2'},{'D1'},{'R3'},{'D6'},{'D7'},{'D5'},,,&,1.0,&
{'D3'},{'D2'},{'R2'},{'D1'},{'R3'},{'D6'},{'R1'},,,,&,2.0,&
{'D3'},{'D2'},{'R2'},{'D1'},{'R3'},{'D6'},{'R1'},{'D7'},,,&,1.0,&
{'D3'},{'D2'},{'R2'},{'D1'},{'R3'},{'D6'},{'D4'},,,,&,1.0,&
{'D3'},{'D2'},{'R2'},{'D1'},{'R3'},{'R1'},,,,,&,3.0,&
{'D3'},{'D2'},{'R2'},{'D1'},{'R3'},{'R1'},{'D5'},{'D6'},{'D7'},,&,1.0,&
{'D3'},{'D2'},{'R2'},{'D1'},{'R3'},{'R1'},{'D5'},{'D7'},,,&,1.0,&
{'D3'},{'D2'},{'R2'},{'D1'},{'R3'},{'R1'},{'D6'},,,,&,2.0,&
{'D3'},{'D2'},{'R2'},{'D1'},{'R3'},{'R1'},{'D6'},{'D4'},,,&,1.0,&
{'D3'},{'D2'},{'R2'},{'D1'},{'R3'},{'R1'},{'D6'},{'D7'},{'D5'},,&,1.0,&
{'D3'},{'D2'},{'R2'},{'D1'},{'R3'},{'R1'},{'D6'},{'D5'},,,&,2.0,&
{'D3'},{'D2'},{'R2'},{'D1'},{'R3'},{'D4'},{'D7'},,,,&,1.0,&
{'D3'},{'D2'},{'R2'},{'D1'},{'R3'},{'D4'},{'D7'},{'D5'},,,&,1.0,&
{'D3'},{'D2'},{'R2'},{'D1'},{'D4'},{'D5'},{'D6'},{'R1'},{'R3'},,&,1.0,&
{'D3'},{'D2'},{'R2'},{'D1'},{'D4'},{'R3'},{'R1'},,,,&,1.0,&
{'D3'},{'D2'},{'R2'},{'D1'},{'D4'},{'R3'},{'R1'},{'D5'},,,&,1.0,&
{'D3'},{'D2'},{'R2'},{'D5'},,,,,,,&,4.0,&
{'D3'},{'D2'},{'R2'},{'D5'},{'D6'},,,,,,&,2.0,&
{'D3'},{'D2'},{'R2'},{'D5'},{'R1'},{'D1'},{'D6'},,,,&,1.0,&
{'D3'},{'D2'},{'R2'},{'D5'},{'R1'},{'D1'},{'D6'},{'R3'},,,&,1.0,&
{'D3'},{'D2'},{'R2'},{'D5'},{'R1'},{'D1'},{'D4'},{'R3'},{'D7'},,&,1.0,&
{'D3'},{'D2'},{'R2'},{'D5'},{'R1'},{'D6'},{'R3'},{'D1'},{'D4'},,&,1.0,&
{'D3'},{'D2'},{'R2'},{'D5'},{'R3'},,,,,,&,1.0,&
{'D3'},{'D2'},{'R2'},{'D5'},{'R3'},{'D1'},,,,,&,1.0,&
{'D3'},{'D2'},{'R2'},{'D5'},{'R3'},{'D1'},{'R1'},{'D6'},,,&,2.0,&
{'D3'},{'D2'},{'R2'},{'D5'},{'R3'},{'D1'},{'D4'},{'R1'},,,&,1.0,&
{'D3'},{'D2'},{'R2'},{'D5'},{'R3'},{'R1'},{'D1'},,,,&,1.0,&
{'D3'},{'D2'},{'R2'},{'D5'},{'R3'},{'R1'},{'D1'},{'D6'},{'D7'},,&,1.0,&
{'D3'},{'D2'},{'R2'},{'D5'},{'D1'},,,,,,&,2.0,&
{'D3'},{'D2'},{'R2'},{'D5'},{'D1'},{'D7'},,,,,&,1.0,&
{'D3'},{'D2'},{'R2'},{'D5'},{'D1'},{'D6'},,,,,&,1.0,&
{'D3'},{'D2'},{'R2'},{'D5'},{'D1'},{'D6'},{'D7'},{'R3'},{'D4'},,&,1.0,&
{'D3'},{'D2'},{'R2'},{'D5'},{'D1'},{'D6'},{'R3'},{'D4'},{'D7'},,&,1.0,&
{'D3'},{'D2'},{'R2'},{'D5'},{'D1'},{'R3'},{'R1'},{'D7'},,,&,1.0,&
{'D3'},{'D2'},{'R2'},{'D5'},{'D1'},{'R3'},{'D4'},{'D6'},{'D7'},{'R1'},&,1.0,&
{'D3'},{'D2'},{'R2'},{'D5'},{'D1'},{'R1'},{'D7'},,,,&,1.0,&
{'D3'},{'D2'},{'R2'},{'D5'},{'D1'},{'D4'},{'R3'},{'D6'},{'R1'},{'D7'},&,1.0,&
{'D3'},{'D2'},{'R2'},{'D5'},{'D4'},{'D1'},{'R3'},{'D6'},,,&,1.0,&
{'D3'},{'D2'},{'R2'},{'D4'},,,,,,,&,2.0,&
{'D3'},{'D2'},{'R2'},{'D4'},{'D6'},,,,,,&,1.0,&
{'D3'},{'D2'},{'R2'},{'D4'},{'R3'},,,,,,&,1.0,&
{'D3'},{'D2'},{'R2'},{'D4'},{'R3'},{'D5'},{'R1'},{'D6'},{'D1'},{'D7'},&,1.0,&
{'D3'},{'D2'},{'R2'},{'D4'},{'R3'},{'R1'},{'D1'},,,,&,1.0,&
{'D3'},{'D2'},{'R2'},{'D4'},{'D1'},,,,,,&,1.0,&
{'D3'},{'D2'},{'R2'},{'D4'},{'D1'},{'R3'},{'D7'},{'D6'},{'D5'},{'R1'},&,1.0,&
{'D3'},{'D2'},{'R2'},{'D7'},,,,,,,&,3.0,&
{'D3'},{'D2'},{'R2'},{'D7'},{'D6'},{'D1'},{'R3'},{'D5'},{'D4'},,&,1.0,&
{'D3'},{'D2'},{'R2'},{'D7'},{'R1'},,,,,,&,1.0,&
{'D3'},{'D2'},{'R2'},{'D7'},{'R1'},{'D1'},,,,,&,1.0,&
{'D3'},{'D2'},{'R2'},{'D7'},{'R1'},{'D6'},{'D1'},{'D5'},{'D4'},{'R3'},&,1.0,&
{'D3'},{'D2'},{'R2'},{'D7'},{'D5'},,,,,,&,1.0,&
{'D3'},{'D2'},{'R2'},{'D7'},{'D5'},{'R3'},{'D1'},{'R1'},{'D6'},{'D4'},&,1.0,&
{'D3'},{'D2'},{'R2'},{'D7'},{'R3'},,,,,,&,1.0,&
{'D3'},{'D2'},{'R2'},{'D7'},{'R3'},{'D1'},{'R1'},,,,&,2.0,&
{'D3'},{'D2'},{'R2'},{'D7'},{'R3'},{'D1'},{'D6'},{'D5'},{'D4'},,&,1.0,&
{'D3'},{'D2'},{'R2'},{'D7'},{'R3'},{'D5'},{'R1'},{'D6'},,,&,1.0,&
{'D3'},{'D2'},{'R2'},{'D7'},{'R3'},{'R1'},{'D6'},{'D1'},{'D5'},,&,1.0,&
{'D3'},{'D2'},{'R2'},{'D7'},{'D1'},,,,,,&,1.0,&
{'D3'},{'D2'},{'R2'},{'D7'},{'D1'},{'D6'},,,,,&,2.0,&
{'D3'},{'D2'},{'R2'},{'D7'},{'D1'},{'R3'},,,,,&,1.0,&
{'D3'},{'D2'},{'R2'},{'R1'},,,,,,,&,5.0,&
{'D3'},{'D2'},{'R2'},{'R1'},{'D6'},,,,,,&,1.0,&
{'D3'},{'D2'},{'R2'},{'R1'},{'D6'},{'R3'},{'D1'},{'D4'},,,&,1.0,&
{'D3'},{'D2'},{'R2'},{'R1'},{'D5'},,,,,,&,1.0,&
{'D3'},{'D2'},{'R2'},{'R1'},{'D5'},{'R3'},{'D1'},,,,&,1.0,&
{'D3'},{'D2'},{'R2'},{'R1'},{'R3'},,,,,,&,1.0,&
{'D3'},{'D2'},{'R2'},{'R1'},{'R3'},{'D1'},,,,,&,2.0,&
{'D3'},{'D2'},{'R2'},{'R1'},{'R3'},{'D1'},{'D5'},,,,&,1.0,&
{'D3'},{'D2'},{'R2'},{'R1'},{'R3'},{'D6'},{'D1'},{'D7'},,,&,1.0,&
{'D3'},{'D2'},{'R2'},{'R1'},{'R3'},{'D6'},{'D1'},{'D5'},{'D4'},{'D7'},&,1.0,&
{'D3'},{'D2'},{'R2'},{'R1'},{'D1'},,,,,,&,3.0,&
{'D3'},{'D2'},{'R2'},{'R1'},{'D1'},{'D7'},{'R3'},{'D6'},,,&,1.0,&
{'D3'},{'D2'},{'R2'},{'R1'},{'D1'},{'D7'},{'R3'},{'D4'},,,&,1.0,&
{'D3'},{'D2'},{'R2'},{'R1'},{'D1'},{'D7'},{'R3'},{'D5'},,,&,1.0,&
{'D3'},{'D2'},{'R2'},{'R1'},{'D1'},{'D5'},,,,,&,1.0,&
{'D3'},{'D2'},{'R2'},{'R1'},{'D1'},{'D5'},{'D7'},{'R3'},,,&,1.0,&
{'D3'},{'D2'},{'R2'},{'R1'},{'D1'},{'D6'},,,,,&,2.0,&
{'D3'},{'D2'},{'R2'},{'R1'},{'D1'},{'R3'},,,,,&,3.0,&
{'D3'},{'D2'},{'R2'},{'R1'},{'D1'},{'R3'},{'D7'},,,,&,1.0,&
{'D3'},{'D2'},{'R2'},{'R1'},{'D1'},{'R3'},{'D7'},{'D5'},{'D6'},{'D4'},&,1.0,&
{'D3'},{'D2'},{'R2'},{'R1'},{'D1'},{'R3'},{'D6'},{'D4'},,,&,1.0,&
{'D3'},{'D2'},{'R2'},{'R1'},{'D4'},{'D1'},{'D6'},,,,&,1.0,&
{'D3'},{'D2'},{'R2'},{'R3'},,,,,,,&,22.0,&
{'D3'},{'D2'},{'R2'},{'R3'},{'D7'},,,,,,&,1.0,&
{'D3'},{'D2'},{'R2'},{'R3'},{'D7'},{'D1'},,,,,&,1.0,&
{'D3'},{'D2'},{'R2'},{'R3'},{'D7'},{'D1'},{'D6'},,,,&,1.0,&
{'D3'},{'D2'},{'R2'},{'R3'},{'D7'},{'D6'},{'D1'},{'D5'},{'R1'},,&,1.0,&
{'D3'},{'D2'},{'R2'},{'R3'},{'D7'},{'R1'},,,,,&,1.0,&
{'D3'},{'D2'},{'R2'},{'R3'},{'D7'},{'R1'},{'D6'},{'D1'},{'D5'},{'D4'},&,1.0,&
{'D3'},{'D2'},{'R2'},{'R3'},{'R1'},,,,,,&,14.0,&
{'D3'},{'D2'},{'R2'},{'R3'},{'R1'},{'D1'},,,,,&,4.0,&
{'D3'},{'D2'},{'R2'},{'R3'},{'R1'},{'D1'},{'D7'},,,,&,2.0,&
{'D3'},{'D2'},{'R2'},{'R3'},{'R1'},{'D1'},{'D7'},{'D6'},{'D5'},{'D4'},&,1.0,&
{'D3'},{'D2'},{'R2'},{'R3'},{'R1'},{'D1'},{'D5'},,,,&,4.0,&
{'D3'},{'D2'},{'R2'},{'R3'},{'R1'},{'D1'},{'D5'},{'D6'},{'D4'},{'D7'},&,1.0,&
{'D3'},{'D2'},{'R2'},{'R3'},{'R1'},{'D1'},{'D5'},{'D7'},,,&,2.0,&
{'D3'},{'D2'},{'R2'},{'R3'},{'R1'},{'D1'},{'D5'},{'D7'},{'D6'},,&,1.0,&
{'D3'},{'D2'},{'R2'},{'R3'},{'R1'},{'D1'},{'D6'},,,,&,1.0,&
{'D3'},{'D2'},{'R2'},{'R3'},{'R1'},{'D1'},{'D6'},{'D7'},{'D5'},{'D4'},&,1.0,&
{'D3'},{'D2'},{'R2'},{'R3'},{'R1'},{'D1'},{'D4'},,,,&,1.0,&
{'D3'},{'D2'},{'R2'},{'R3'},{'R1'},{'D7'},{'D1'},{'D6'},{'D5'},{'D4'},&,1.0,&
{'D3'},{'D2'},{'R2'},{'R3'},{'R1'},{'D5'},{'D1'},,,,&,2.0,&
{'D3'},{'D2'},{'R2'},{'R3'},{'R1'},{'D5'},{'D1'},{'D7'},,,&,1.0,&
{'D3'},{'D2'},{'R2'},{'R3'},{'R1'},{'D6'},,,,,&,1.0,&
{'D3'},{'D2'},{'R2'},{'R3'},{'R1'},{'D6'},{'D5'},,,,&,1.0,&
{'D3'},{'D2'},{'R2'},{'R3'},{'R1'},{'D6'},{'D5'},{'D4'},{'D1'},{'D7'},&,1.0,&
{'D3'},{'D2'},{'R2'},{'R3'},{'R1'},{'D6'},{'D5'},{'D1'},{'D4'},,&,1.0,&
{'D3'},{'D2'},{'R2'},{'R3'},{'R1'},{'D6'},{'D1'},,,,&,1.0,&
{'D3'},{'D2'},{'R2'},{'R3'},{'R1'},{'D6'},{'D1'},{'D5'},{'D7'},{'D4'},&,1.0,&
{'D3'},{'D2'},{'R2'},{'R3'},{'R1'},{'D4'},{'D6'},,,,&,1.0,&
{'D3'},{'D2'},{'R2'},{'R3'},{'D5'},,,,,,&,1.0,&
{'D3'},{'D2'},{'R2'},{'R3'},{'D5'},{'D1'},,,,,&,3.0,&
{'D3'},{'D2'},{'R2'},{'R3'},{'D5'},{'D1'},{'D7'},{'D6'},{'D4'},,&,1.0,&
{'D3'},{'D2'},{'R2'},{'R3'},{'D5'},{'D1'},{'R1'},{'D6'},,,&,1.0,&
{'D3'},{'D2'},{'R2'},{'R3'},{'D5'},{'D1'},{'D6'},,,,&,1.0,&
{'D3'},{'D2'},{'R2'},{'R3'},{'D5'},{'D7'},{'D1'},,,,&,1.0,&
{'D3'},{'D2'},{'R2'},{'R3'},{'D5'},{'D7'},{'D6'},{'R1'},{'D1'},{'D4'},&,1.0,&
{'D3'},{'D2'},{'R2'},{'R3'},{'D5'},{'D6'},{'D1'},{'R1'},{'D7'},,&,1.0,&
{'D3'},{'D2'},{'R2'},{'R3'},{'D5'},{'R1'},,,,,&,2.0,&
{'D3'},{'D2'},{'R2'},{'R3'},{'D5'},{'R1'},{'D1'},{'D7'},,,&,1.0,&
{'D3'},{'D2'},{'R2'},{'R3'},{'D1'},,,,,,&,6.0,&
{'D3'},{'D2'},{'R2'},{'R3'},{'D1'},{'D7'},{'D5'},{'D6'},{'D4'},,&,1.0,&
{'D3'},{'D2'},{'R2'},{'R3'},{'D1'},{'D7'},{'R1'},,,,&,2.0,&
{'D3'},{'D2'},{'R2'},{'R3'},{'D1'},{'D7'},{'R1'},{'D6'},,,&,1.0,&
{'D3'},{'D2'},{'R2'},{'R3'},{'D1'},{'D7'},{'D6'},{'D5'},{'D4'},{'R1'},&,1.0,&
{'D3'},{'D2'},{'R2'},{'R3'},{'D1'},{'D5'},,,,,&,1.0,&
{'D3'},{'D2'},{'R2'},{'R3'},{'D1'},{'D5'},{'R1'},,,,&,2.0,&
{'D3'},{'D2'},{'R2'},{'R3'},{'D1'},{'D5'},{'R1'},{'D7'},{'D4'},{'D6'},&,1.0,&
{'D3'},{'D2'},{'R2'},{'R3'},{'D1'},{'D5'},{'D6'},{'R1'},{'D7'},{'D4'},&,1.0,&
{'D3'},{'D2'},{'R2'},{'R3'},{'D1'},{'D6'},{'D7'},{'R1'},{'D5'},{'D4'},&,1.0,&
{'D3'},{'D2'},{'R2'},{'R3'},{'D1'},{'D6'},{'D5'},{'D7'},{'D4'},{'R1'},&,3.0,&
{'D3'},{'D2'},{'R2'},{'R3'},{'D1'},{'D6'},{'D5'},{'R1'},{'D4'},,&,1.0,&
{'D3'},{'D2'},{'R2'},{'R3'},{'D1'},{'D6'},{'R1'},,,,&,2.0,&
{'D3'},{'D2'},{'R2'},{'R3'},{'D1'},{'D6'},{'R1'},{'D5'},,,&,1.0,&
{'D3'},{'D2'},{'R2'},{'R3'},{'D1'},{'R1'},,,,,&,2.0,&
{'D3'},{'D2'},{'R2'},{'R3'},{'D1'},{'R1'},{'D5'},,,,&,1.0,&
{'D3'},{'D2'},{'R2'},{'R3'},{'D1'},{'R1'},{'D5'},{'D7'},{'D6'},{'D4'},&,1.0,&
{'D3'},{'D2'},{'R2'},{'R3'},{'D1'},{'R1'},{'D6'},,,,&,2.0,&
{'D3'},{'D2'},{'R2'},{'R3'},{'D1'},{'R1'},{'D4'},{'D5'},,,&,1.0,&
{'D3'},{'D2'},{'R2'},{'R3'},{'D1'},{'D4'},,,,,&,1.0,&
{'D3'},{'D2'},{'R2'},{'R3'},{'D1'},{'D4'},{'D5'},,,,&,1.0,&
{'D3'},{'D2'},{'R2'},{'R3'},{'D1'},{'D4'},{'R1'},,,,&,1.0,&
{'D3'},{'D2'},{'R2'},{'R3'},{'D1'},{'D4'},{'R1'},{'D5'},{'D6'},,&,1.0,&
{'D3'},{'D2'},{'R2'},{'R3'},{'D4'},,,,,,&,1.0,&
{'D3'},{'D2'},{'R2'},{'R3'},{'D4'},{'D1'},{'R1'},,,,&,1.0,&
{'D3'},{'D2'},{'R2'},{'D6'},,,,,,,&,5.0,&
{'D3'},{'D2'},{'R2'},{'D6'},{'D7'},{'R3'},{'D5'},{'D1'},{'R1'},{'D4'},&,1.0,&
{'D3'},{'D2'},{'R2'},{'D6'},{'R1'},,,,,,&,1.0,&
{'D3'},{'D2'},{'R2'},{'D6'},{'R3'},,,,,,&,4.0,&
{'D3'},{'D2'},{'R2'},{'D6'},{'R3'},{'D1'},,,,,&,2.0,&
{'D3'},{'D2'},{'R2'},{'D6'},{'R3'},{'D1'},{'R1'},{'D7'},{'D5'},,&,1.0,&
{'D3'},{'D2'},{'R2'},{'D6'},{'R3'},{'D5'},{'D7'},{'D1'},{'D4'},{'R1'},&,1.0,&
{'D3'},{'D2'},{'R2'},{'D6'},{'R3'},{'D5'},{'R1'},{'D1'},{'D7'},{'D4'},&,1.0,&
{'D3'},{'D2'},{'R2'},{'D6'},{'R3'},{'R1'},,,,,&,2.0,&
{'D3'},{'D2'},{'R2'},{'D6'},{'R3'},{'R1'},{'D1'},{'D4'},,,&,1.0,&
{'D3'},{'D2'},{'R2'},{'D6'},{'D1'},{'D7'},,,,,&,1.0,&
{'D3'},{'D2'},{'R2'},{'D6'},{'D1'},{'D7'},{'D5'},{'D4'},,,&,1.0,&
{'D3'},{'D2'},{'R2'},{'D6'},{'D1'},{'D5'},{'D7'},{'R1'},{'D4'},,&,1.0,&
{'D3'},{'D2'},{'R2'},{'D6'},{'D1'},{'R3'},,,,,&,1.0,&
{'D3'},{'D2'},{'R2'},{'D6'},{'D1'},{'D4'},{'R3'},{'R1'},,,&,1.0,&
{'D3'},{'D2'},{'D4'},,,,,,,,&,13.0,&
{'D3'},{'D2'},{'D4'},{'R2'},,,,,,,&,2.0,&
{'D3'},{'D2'},{'D4'},{'R2'},{'D7'},{'D1'},,,,,&,1.0,&
{'D3'},{'D2'},{'D4'},{'R2'},{'R1'},{'D1'},{'R3'},{'D7'},,,&,1.0,&
{'D3'},{'D2'},{'D4'},{'R2'},{'R3'},,,,,,&,1.0,&
{'D3'},{'D2'},{'D4'},{'R2'},{'R3'},{'D1'},{'D5'},{'R1'},{'D7'},,&,1.0,&
{'D3'},{'D2'},{'D4'},{'R2'},{'R3'},{'D5'},{'R1'},{'D7'},,,&,1.0,&
{'D3'},{'D2'},{'D4'},{'R2'},{'R3'},{'D6'},,,,,&,1.0,&
{'D3'},{'D2'},{'D4'},{'R2'},{'D1'},{'R3'},{'R1'},{'D6'},{'D5'},{'D7'},&,1.0,&
{'D3'},{'D2'},{'D4'},{'D1'},,,,,,,&,4.0,&
{'D3'},{'D2'},{'D4'},{'D1'},{'D6'},{'D5'},{'R1'},{'R3'},,,&,1.0,&
{'D3'},{'D2'},{'D4'},{'D1'},{'D7'},,,,,,&,1.0,&
{'D3'},{'D2'},{'D4'},{'D1'},{'D5'},{'D6'},{'D7'},,,,&,1.0,&
{'D3'},{'D2'},{'D4'},{'D1'},{'D5'},{'R1'},{'R2'},{'D6'},{'D7'},{'R3'},&,1.0,&
{'D3'},{'D2'},{'D4'},{'D1'},{'R3'},,,,,,&,1.0,&
{'D3'},{'D2'},{'D4'},{'D1'},{'R3'},{'R2'},{'R1'},,,,&,1.0,&
{'D3'},{'D2'},{'D4'},{'D1'},{'R3'},{'R2'},{'R1'},{'D5'},{'D6'},,&,1.0,&
{'D3'},{'D2'},{'D4'},{'D1'},{'R2'},,,,,,&,2.0,&
{'D3'},{'D2'},{'D4'},{'D5'},,,,,,,&,1.0,&
{'D3'},{'D2'},{'D4'},{'D5'},{'R3'},{'D1'},{'R2'},{'R1'},{'D7'},{'D6'},&,1.0,&
{'D3'},{'D2'},{'D4'},{'D5'},{'D1'},{'R2'},{'R3'},{'D7'},{'R1'},,&,1.0,&
{'D3'},{'D2'},{'D4'},{'D7'},{'D1'},{'R2'},,,,,&,1.0,&
{'D3'},{'D2'},{'D4'},{'D7'},{'D1'},{'R2'},{'D5'},{'R3'},{'R1'},,&,1.0,&
{'D3'},{'D2'},{'D4'},{'R1'},,,,,,,&,1.0,&
{'D3'},{'D2'},{'D4'},{'R3'},{'D5'},,,,,,&,1.0,&
{'D3'},{'D2'},{'D4'},{'R3'},{'D1'},{'D5'},{'R2'},{'R1'},{'D7'},{'D6'},&,2.0,&
{'D3'},{'D2'},{'D4'},{'R3'},{'D1'},{'R2'},{'R1'},,,,&,1.0,&
{'D3'},{'D2'},{'D4'},{'R3'},{'D1'},{'R2'},{'D6'},{'R1'},,,&,1.0,&
{'D3'},{'D2'},{'D4'},{'R3'},{'R2'},,,,,,&,1.0,&
{'D3'},{'D2'},{'D4'},{'R3'},{'R2'},{'R1'},{'D6'},,,,&,1.0,&
{'D3'},{'D2'},{'D4'},{'D6'},{'R3'},{'D1'},{'D7'},{'D5'},,,&,1.0,&
{'D3'},{'R2'},,,,,,,,,&,144.0,&
{'D3'},{'R2'},{'R1'},,,,,,,,&,14.0,&
{'D3'},{'R2'},{'R1'},{'D1'},,,,,,,&,4.0,&
{'D3'},{'R2'},{'R1'},{'D1'},{'D2'},,,,,,&,2.0,&
{'D3'},{'R2'},{'R1'},{'D1'},{'D2'},{'D7'},,,,,&,1.0,&
{'D3'},{'R2'},{'R1'},{'D1'},{'D2'},{'D7'},{'R3'},{'D4'},,,&,1.0,&
{'D3'},{'R2'},{'R1'},{'D1'},{'D2'},{'D7'},{'D4'},{'R3'},{'D6'},{'D5'},&,1.0,&
{'D3'},{'R2'},{'R1'},{'D1'},{'D2'},{'D6'},{'R3'},{'D5'},,,&,1.0,&
{'D3'},{'R2'},{'R1'},{'D1'},{'D2'},{'D6'},{'D5'},{'D4'},{'D7'},,&,1.0,&
{'D3'},{'R2'},{'R1'},{'D1'},{'D2'},{'D4'},{'D5'},,,,&,1.0,&
{'D3'},{'R2'},{'R1'},{'D1'},{'D6'},{'R3'},,,,,&,1.0,&
{'D3'},{'R2'},{'R1'},{'D1'},{'D5'},{'R3'},,,,,&,1.0,&
{'D3'},{'R2'},{'R1'},{'D1'},{'R3'},,,,,,&,1.0,&
{'D3'},{'R2'},{'R1'},{'D1'},{'R3'},{'D7'},{'D6'},,,,&,1.0,&
{'D3'},{'R2'},{'R1'},{'D1'},{'R3'},{'D2'},{'D5'},,,,&,1.0,&
{'D3'},{'R2'},{'R1'},{'D1'},{'D4'},,,,,,&,1.0,&
{'D3'},{'R2'},{'R1'},{'D5'},{'R3'},{'D1'},,,,,&,1.0,&
{'D3'},{'R2'},{'R1'},{'D5'},{'D1'},{'D6'},,,,,&,1.0,&
{'D3'},{'R2'},{'R1'},{'D4'},,,,,,,&,1.0,&
{'D3'},{'R2'},{'R1'},{'D7'},,,,,,,&,1.0,&
{'D3'},{'R2'},{'R1'},{'D7'},{'D2'},{'R3'},{'D1'},{'D4'},,,&,1.0,&
{'D3'},{'R2'},{'R1'},{'D7'},{'R3'},,,,,,&,1.0,&
{'D3'},{'R2'},{'R1'},{'D7'},{'D1'},{'R3'},{'D5'},{'D2'},,,&,1.0,&
{'D3'},{'R2'},{'R1'},{'R3'},,,,,,,&,7.0,&
{'D3'},{'R2'},{'R1'},{'R3'},{'D2'},{'D1'},,,,,&,3.0,&
{'D3'},{'R2'},{'R1'},{'R3'},{'D2'},{'D1'},{'D6'},,,,&,2.0,&
{'D3'},{'R2'},{'R1'},{'R3'},{'D2'},{'D1'},{'D6'},{'D4'},{'D5'},,&,1.0,&
{'D3'},{'R2'},{'R1'},{'R3'},{'D2'},{'D5'},{'D1'},{'D6'},,,&,1.0,&
{'D3'},{'R2'},{'R1'},{'R3'},{'D2'},{'D6'},,,,,&,1.0,&
{'D3'},{'R2'},{'R1'},{'R3'},{'D2'},{'D6'},{'D1'},{'D5'},{'D7'},,&,1.0,&
{'D3'},{'R2'},{'R1'},{'R3'},{'D6'},,,,,,&,1.0,&
{'D3'},{'R2'},{'R1'},{'R3'},{'D1'},{'D2'},,,,,&,3.0,&
{'D3'},{'R2'},{'R1'},{'R3'},{'D1'},{'D2'},{'D7'},{'D5'},,,&,1.0,&
{'D3'},{'R2'},{'R1'},{'R3'},{'D1'},{'D2'},{'D5'},,,,&,1.0,&
{'D3'},{'R2'},{'R1'},{'R3'},{'D1'},{'D2'},{'D6'},,,,&,1.0,&
{'D3'},{'R2'},{'R1'},{'R3'},{'D1'},{'D2'},{'D4'},,,,&,1.0,&
{'D3'},{'R2'},{'R1'},{'D6'},,,,,,,&,2.0,&
{'D3'},{'R2'},{'R1'},{'D6'},{'D2'},{'R3'},{'D1'},,,,&,1.0,&
{'D3'},{'R2'},{'R1'},{'D6'},{'R3'},,,,,,&,2.0,&
{'D3'},{'R2'},{'R1'},{'D6'},{'D1'},,,,,,&,1.0,&
{'D3'},{'R2'},{'R1'},{'D2'},,,,,,,&,2.0,&
{'D3'},{'R2'},{'R1'},{'D2'},{'D6'},,,,,,&,2.0,&
{'D3'},{'R2'},{'R1'},{'D2'},{'D6'},{'R3'},{'D1'},{'D7'},{'D5'},{'D4'},&,1.0,&
{'D3'},{'R2'},{'R1'},{'D2'},{'D7'},,,,,,&,1.0,&
{'D3'},{'R2'},{'R1'},{'D2'},{'D7'},{'D1'},,,,,&,1.0,&
{'D3'},{'R2'},{'R1'},{'D2'},{'D7'},{'R3'},{'D1'},{'D5'},{'D6'},,&,1.0,&
{'D3'},{'R2'},{'R1'},{'D2'},{'D5'},{'R3'},,,,,&,1.0,&
{'D3'},{'R2'},{'R1'},{'D2'},{'R3'},,,,,,&,3.0,&
{'D3'},{'R2'},{'R1'},{'D2'},{'R3'},{'D1'},{'D7'},,,,&,2.0,&
{'D3'},{'R2'},{'R1'},{'D2'},{'R3'},{'D1'},{'D5'},{'D7'},,,&,1.0,&
{'D3'},{'R2'},{'R1'},{'D2'},{'R3'},{'D1'},{'D6'},{'D7'},,,&,1.0,&
{'D3'},{'R2'},{'R1'},{'D2'},{'R3'},{'D1'},{'D6'},{'D5'},,,&,1.0,&
{'D3'},{'R2'},{'R1'},{'D2'},{'R3'},{'D7'},{'D1'},,,,&,1.0,&
{'D3'},{'R2'},{'R1'},{'D2'},{'R3'},{'D6'},{'D1'},{'D5'},{'D7'},,&,1.0,&
{'D3'},{'R2'},{'R1'},{'D2'},{'D1'},,,,,,&,2.0,&
{'D3'},{'R2'},{'R1'},{'D2'},{'D1'},{'D7'},{'R3'},,,,&,1.0,&
{'D3'},{'R2'},{'R1'},{'D2'},{'D1'},{'D5'},{'D6'},{'D7'},{'R3'},,&,1.0,&
{'D3'},{'R2'},{'R1'},{'D2'},{'D1'},{'D6'},,,,,&,1.0,&
{'D3'},{'R2'},{'R1'},{'D2'},{'D1'},{'D6'},{'R3'},,,,&,1.0,&
{'D3'},{'R2'},{'R1'},{'D2'},{'D1'},{'R3'},{'D7'},{'D5'},,,&,1.0,&
{'D3'},{'R2'},{'R1'},{'D2'},{'D1'},{'D4'},{'R3'},,,,&,1.0,&
{'D3'},{'R2'},{'R1'},{'D2'},{'D1'},{'D4'},{'D6'},{'D5'},{'R3'},{'D7'},&,1.0,&
{'D3'},{'R2'},{'R1'},{'D2'},{'D4'},{'D6'},{'R3'},,,,&,1.0,&
{'D3'},{'R2'},{'D6'},,,,,,,,&,13.0,&
{'D3'},{'R2'},{'D6'},{'D1'},{'D2'},{'D5'},{'R3'},,,,&,1.0,&
{'D3'},{'R2'},{'D6'},{'D1'},{'D2'},{'R3'},,,,,&,1.0,&
{'D3'},{'R2'},{'D6'},{'D1'},{'D2'},{'R1'},{'D7'},{'R3'},{'D5'},,&,1.0,&
{'D3'},{'R2'},{'D6'},{'D1'},{'D2'},{'D4'},,,,,&,1.0,&
{'D3'},{'R2'},{'D6'},{'D1'},{'D7'},,,,,,&,1.0,&
{'D3'},{'R2'},{'D6'},{'D1'},{'R1'},,,,,,&,1.0,&
{'D3'},{'R2'},{'D6'},{'D1'},{'R1'},{'R3'},{'D2'},{'D4'},{'D7'},{'D5'},&,1.0,&
{'D3'},{'R2'},{'D6'},{'D1'},{'D5'},{'D7'},{'D2'},{'R1'},{'R3'},,&,1.0,&
{'D3'},{'R2'},{'D6'},{'D1'},{'R3'},,,,,,&,1.0,&
{'D3'},{'R2'},{'D6'},{'D1'},{'R3'},{'D2'},,,,,&,1.0,&
{'D3'},{'R2'},{'D6'},{'D1'},{'R3'},{'R1'},{'D2'},,,,&,1.0,&
{'D3'},{'R2'},{'D6'},{'D7'},{'R3'},{'D2'},{'D1'},,,,&,1.0,&
{'D3'},{'R2'},{'D6'},{'D7'},{'R3'},{'D4'},{'R1'},,,,&,1.0,&
{'D3'},{'R2'},{'D6'},{'R1'},,,,,,,&,2.0,&
{'D3'},{'R2'},{'D6'},{'R1'},{'D2'},{'D1'},{'D7'},{'D5'},,,&,1.0,&
{'D3'},{'R2'},{'D6'},{'R3'},,,,,,,&,2.0,&
{'D3'},{'R2'},{'D6'},{'R3'},{'D2'},,,,,,&,3.0,&
{'D3'},{'R2'},{'D6'},{'R3'},{'D2'},{'D1'},{'R1'},,,,&,1.0,&
{'D3'},{'R2'},{'D6'},{'R3'},{'D2'},{'D7'},{'D1'},{'R1'},,,&,1.0,&
{'D3'},{'R2'},{'D6'},{'R3'},{'D2'},{'R1'},,,,,&,1.0,&
{'D3'},{'R2'},{'D6'},{'R3'},{'R1'},,,,,,&,1.0,&
{'D3'},{'R2'},{'D6'},{'R3'},{'R1'},{'D1'},{'D4'},{'D2'},{'D7'},{'D5'},&,1.0,&
{'D3'},{'R2'},{'D6'},{'R3'},{'R1'},{'D1'},{'D2'},,,,&,3.0,&
{'D3'},{'R2'},{'D6'},{'R3'},{'R1'},{'D2'},{'D5'},,,,&,1.0,&
{'D3'},{'R2'},{'D6'},{'R3'},{'R1'},{'D2'},{'D1'},,,,&,1.0,&
{'D3'},{'R2'},{'D6'},{'R3'},{'R1'},{'D2'},{'D1'},{'D4'},,,&,1.0,&
{'D3'},{'R2'},{'D6'},{'R3'},{'D1'},{'D2'},{'R1'},{'D5'},,,&,1.0,&
{'D3'},{'R2'},{'D6'},{'R3'},{'D1'},{'R1'},{'D2'},,,,&,1.0,&
{'D3'},{'R2'},{'D6'},{'D2'},,,,,,,&,5.0,&
{'D3'},{'R2'},{'D6'},{'D2'},{'D7'},{'D1'},,,,,&,1.0,&
{'D3'},{'R2'},{'D6'},{'D2'},{'R1'},{'D1'},{'D7'},,,,&,1.0,&
{'D3'},{'R2'},{'D6'},{'D2'},{'R1'},{'D7'},{'D1'},{'R3'},,,&,1.0,&
{'D3'},{'R2'},{'D6'},{'D2'},{'R1'},{'D5'},{'D1'},{'D7'},{'D4'},,&,1.0,&
{'D3'},{'R2'},{'D6'},{'D2'},{'D5'},,,,,,&,1.0,&
{'D3'},{'R2'},{'D6'},{'D2'},{'D5'},{'R3'},{'R1'},{'D1'},,,&,1.0,&
{'D3'},{'R2'},{'D6'},{'D2'},{'R3'},,,,,,&,1.0,&
{'D3'},{'R2'},{'D6'},{'D2'},{'R3'},{'D1'},{'R1'},{'D4'},{'D5'},{'D7'},&,1.0,&
{'D3'},{'R2'},{'D6'},{'D2'},{'R3'},{'D1'},{'R1'},{'D5'},,,&,1.0,&
{'D3'},{'R2'},{'D6'},{'D2'},{'R3'},{'D1'},{'R1'},{'D5'},{'D7'},{'D4'},&,1.0,&
{'D3'},{'R2'},{'D6'},{'D2'},{'R3'},{'D5'},{'D1'},,,,&,1.0,&
{'D3'},{'R2'},{'D6'},{'D2'},{'R3'},{'R1'},{'D1'},,,,&,1.0,&
{'D3'},{'R2'},{'D6'},{'D2'},{'D1'},,,,,,&,1.0,&
{'D3'},{'R2'},{'D6'},{'D2'},{'D1'},{'D7'},,,,,&,1.0,&
{'D3'},{'R2'},{'D6'},{'D2'},{'D1'},{'D5'},{'R3'},{'D7'},,,&,1.0,&
{'D3'},{'R2'},{'D6'},{'D2'},{'D1'},{'R1'},{'D5'},{'D7'},{'R3'},{'D4'},&,1.0,&
{'D3'},{'R2'},{'D6'},{'D2'},{'D1'},{'D4'},{'D5'},,,,&,1.0,&
{'D3'},{'R2'},{'D5'},,,,,,,,&,7.0,&
{'D3'},{'R2'},{'D5'},{'D1'},{'D2'},,,,,,&,1.0,&
{'D3'},{'R2'},{'D5'},{'D1'},{'D2'},{'R3'},{'R1'},{'D6'},{'D7'},{'D4'},&,1.0,&
{'D3'},{'R2'},{'D5'},{'D1'},{'D2'},{'R1'},{'R3'},{'D7'},,,&,1.0,&
{'D3'},{'R2'},{'D5'},{'D1'},{'D6'},{'D7'},{'D2'},{'D4'},{'R3'},{'R1'},&,1.0,&
{'D3'},{'R2'},{'D5'},{'D1'},{'R1'},{'R3'},{'D7'},{'D2'},,,&,1.0,&
{'D3'},{'R2'},{'D5'},{'D1'},{'R1'},{'R3'},{'D6'},,,,&,1.0,&
{'D3'},{'R2'},{'D5'},{'D1'},{'R3'},,,,,,&,2.0,&
{'D3'},{'R2'},{'D5'},{'D1'},{'R3'},{'D2'},,,,,&,1.0,&
{'D3'},{'R2'},{'D5'},{'D1'},{'R3'},{'D2'},{'D6'},{'D4'},{'D7'},,&,1.0,&
{'D3'},{'R2'},{'D5'},{'D1'},{'R3'},{'R1'},{'D2'},{'D7'},{'D6'},,&,1.0,&
{'D3'},{'R2'},{'D5'},{'D7'},{'D2'},{'D1'},{'D4'},{'D6'},,,&,1.0,&
{'D3'},{'R2'},{'D5'},{'D7'},{'D2'},{'D6'},{'D1'},{'D4'},,,&,1.0,&
{'D3'},{'R2'},{'D5'},{'D7'},{'D1'},{'R3'},{'D6'},{'R1'},,,&,1.0,&
{'D3'},{'R2'},{'D5'},{'R1'},,,,,,,&,2.0,&
{'D3'},{'R2'},{'D5'},{'R1'},{'D2'},{'R3'},,,,,&,1.0,&
{'D3'},{'R2'},{'D5'},{'R1'},{'R3'},{'D2'},,,,,&,1.0,&
{'D3'},{'R2'},{'D5'},{'R1'},{'R3'},{'D2'},{'D1'},{'D4'},,,&,1.0,&
{'D3'},{'R2'},{'D5'},{'R1'},{'D1'},,,,,,&,1.0,&
{'D3'},{'R2'},{'D5'},{'R3'},,,,,,,&,2.0,&
{'D3'},{'R2'},{'D5'},{'R3'},{'D7'},{'R1'},{'D1'},{'D2'},{'D6'},{'D4'},&,1.0,&
{'D3'},{'R2'},{'D5'},{'R3'},{'D7'},{'R1'},{'D2'},{'D1'},{'D6'},{'D4'},&,1.0,&
{'D3'},{'R2'},{'D5'},{'R3'},{'R1'},,,,,,&,3.0,&
{'D3'},{'R2'},{'D5'},{'R3'},{'R1'},{'D1'},{'D2'},{'D6'},,,&,1.0,&
{'D3'},{'R2'},{'D5'},{'R3'},{'R1'},{'D2'},{'D7'},,,,&,1.0,&
{'D3'},{'R2'},{'D5'},{'R3'},{'R1'},{'D2'},{'D7'},{'D1'},,,&,2.0,&
{'D3'},{'R2'},{'D5'},{'R3'},{'R1'},{'D2'},{'D1'},{'D6'},,,&,1.0,&
{'D3'},{'R2'},{'D5'},{'R3'},{'D1'},,,,,,&,1.0,&
{'D3'},{'R2'},{'D5'},{'R3'},{'D1'},{'R1'},,,,,&,1.0,&
{'D3'},{'R2'},{'D5'},{'D6'},{'R1'},,,,,,&,1.0,&
{'D3'},{'R2'},{'D5'},{'D6'},{'R3'},,,,,,&,1.0,&
{'D3'},{'R2'},{'D5'},{'D2'},,,,,,,&,2.0,&
{'D3'},{'R2'},{'D5'},{'D2'},{'D6'},{'R3'},{'R1'},{'D1'},{'D7'},{'D4'},&,1.0,&
{'D3'},{'R2'},{'D5'},{'D2'},{'D7'},,,,,,&,1.0,&
{'D3'},{'R2'},{'D5'},{'D2'},{'R1'},{'D1'},{'D7'},{'D6'},{'R3'},{'D4'},&,1.0,&
{'D3'},{'R2'},{'D5'},{'D2'},{'R1'},{'R3'},,,,,&,1.0,&
{'D3'},{'R2'},{'D5'},{'D2'},{'R3'},,,,,,&,1.0,&
{'D3'},{'R2'},{'D5'},{'D2'},{'R3'},{'D1'},{'R1'},,,,&,1.0,&
{'D3'},{'R2'},{'D5'},{'D2'},{'R3'},{'D1'},{'R1'},{'D6'},{'D7'},{'D4'},&,1.0,&
{'D3'},{'R2'},{'D5'},{'D2'},{'R3'},{'D1'},{'D6'},,,,&,1.0,&
{'D3'},{'R2'},{'D5'},{'D2'},{'R3'},{'R1'},{'D1'},{'D6'},,,&,1.0,&
{'D3'},{'R2'},{'D5'},{'D2'},{'R3'},{'R1'},{'D6'},{'D1'},,,&,1.0,&
{'D3'},{'R2'},{'D5'},{'D2'},{'D1'},,,,,,&,2.0,&
{'D3'},{'R2'},{'D5'},{'D2'},{'D1'},{'D6'},{'D7'},,,,&,1.0,&
{'D3'},{'R2'},{'D5'},{'D2'},{'D1'},{'D6'},{'D7'},{'D4'},{'R3'},{'R1'},&,1.0,&
{'D3'},{'R2'},{'D5'},{'D2'},{'D1'},{'D6'},{'D4'},{'D7'},{'R3'},{'R1'},&,1.0,&
{'D3'},{'R2'},{'D5'},{'D2'},{'D1'},{'R3'},,,,,&,1.0,&
{'D3'},{'R2'},{'D5'},{'D2'},{'D1'},{'R3'},{'D7'},{'R1'},,,&,2.0,&
{'D3'},{'R2'},{'D5'},{'D2'},{'D1'},{'R3'},{'D6'},{'D4'},{'R1'},{'D7'},&,1.0,&
{'D3'},{'R2'},{'D5'},{'D2'},{'D1'},{'R3'},{'D6'},{'R1'},,,&,1.0,&
{'D3'},{'R2'},{'D5'},{'D2'},{'D1'},{'D4'},{'D6'},,,,&,1.0,&
{'D3'},{'R2'},{'D1'},,,,,,,,&,56.0,&
{'D3'},{'R2'},{'D1'},{'D5'},,,,,,,&,2.0,&
{'D3'},{'R2'},{'D1'},{'D5'},{'D2'},,,,,,&,2.0,&
{'D3'},{'R2'},{'D1'},{'D5'},{'D2'},{'D7'},{'R3'},{'R1'},,,&,1.0,&
{'D3'},{'R2'},{'D1'},{'D5'},{'D2'},{'D7'},{'D6'},,,,&,1.0,&
{'D3'},{'R2'},{'D1'},{'D5'},{'D2'},{'R3'},{'R1'},,,,&,1.0,&
{'D3'},{'R2'},{'D1'},{'D5'},{'D2'},{'R1'},{'D6'},{'D4'},{'R3'},,&,1.0,&
{'D3'},{'R2'},{'D1'},{'D5'},{'D7'},{'D2'},{'R3'},{'D6'},,,&,1.0,&
{'D3'},{'R2'},{'D1'},{'D5'},{'R1'},,,,,,&,1.0,&
{'D3'},{'R2'},{'D1'},{'D5'},{'R1'},{'D2'},{'R3'},,,,&,1.0,&
{'D3'},{'R2'},{'D1'},{'D5'},{'R3'},{'R1'},{'D7'},,,,&,1.0,&
{'D3'},{'R2'},{'D1'},{'D5'},{'R3'},{'R1'},{'D2'},{'D6'},{'D4'},{'D7'},&,1.0,&
{'D3'},{'R2'},{'D1'},{'D4'},,,,,,,&,1.0,&
{'D3'},{'R2'},{'D1'},{'D4'},{'D7'},{'R3'},{'R1'},{'D5'},,,&,1.0,&
{'D3'},{'R2'},{'D1'},{'D4'},{'R3'},{'D2'},{'R1'},{'D5'},{'D6'},{'D7'},&,1.0,&
{'D3'},{'R2'},{'D1'},{'D7'},{'D2'},,,,,,&,1.0,&
{'D3'},{'R2'},{'D1'},{'D7'},{'D2'},{'D6'},,,,,&,1.0,&
{'D3'},{'R2'},{'D1'},{'D7'},{'D2'},{'D6'},{'R3'},{'D5'},{'R1'},{'D4'},&,1.0,&
{'D3'},{'R2'},{'D1'},{'D7'},{'D2'},{'R3'},,,,,&,1.0,&
{'D3'},{'R2'},{'D1'},{'D7'},{'D6'},,,,,,&,1.0,&
{'D3'},{'R2'},{'D1'},{'D7'},{'R1'},,,,,,&,1.0,&
{'D3'},{'R2'},{'D1'},{'D7'},{'R3'},,,,,,&,1.0,&
{'D3'},{'R2'},{'D1'},{'D7'},{'R3'},{'D2'},,,,,&,1.0,&
{'D3'},{'R2'},{'D1'},{'D7'},{'R3'},{'D2'},{'R1'},{'D6'},,,&,1.0,&
{'D3'},{'R2'},{'D1'},{'D7'},{'R3'},{'D2'},{'D6'},{'D5'},{'D4'},{'R1'},&,1.0,&
{'D3'},{'R2'},{'D1'},{'D7'},{'R3'},{'R1'},{'D4'},{'D2'},{'D6'},{'D5'},&,1.0,&
{'D3'},{'R2'},{'D1'},{'R1'},,,,,,,&,6.0,&
{'D3'},{'R2'},{'D1'},{'R1'},{'D2'},,,,,,&,2.0,&
{'D3'},{'R2'},{'D1'},{'R1'},{'D2'},{'D5'},{'D7'},,,,&,1.0,&
{'D3'},{'R2'},{'D1'},{'R1'},{'D2'},{'D5'},{'R3'},,,,&,1.0,&
{'D3'},{'R2'},{'D1'},{'R1'},{'D2'},{'D5'},{'R3'},{'D6'},{'D7'},,&,1.0,&
{'D3'},{'R2'},{'D1'},{'R1'},{'D2'},{'D6'},{'R3'},,,,&,1.0,&
{'D3'},{'R2'},{'D1'},{'R1'},{'D2'},{'D6'},{'D5'},,,,&,1.0,&
{'D3'},{'R2'},{'D1'},{'R1'},{'D2'},{'R3'},{'D7'},{'D6'},,,&,1.0,&
{'D3'},{'R2'},{'D1'},{'R1'},{'D6'},{'D2'},{'D4'},{'D5'},{'D7'},{'R3'},&,1.0,&
{'D3'},{'R2'},{'D1'},{'R1'},{'D6'},{'R3'},{'D2'},,,,&,1.0,&
{'D3'},{'R2'},{'D1'},{'R1'},{'R3'},,,,,,&,1.0,&
{'D3'},{'R2'},{'D1'},{'R1'},{'R3'},{'D5'},{'D2'},{'D7'},{'D6'},{'D4'},&,1.0,&
{'D3'},{'R2'},{'D1'},{'R1'},{'R3'},{'D2'},{'D5'},,,,&,2.0,&
{'D3'},{'R2'},{'D1'},{'R1'},{'R3'},{'D2'},{'D4'},{'D5'},{'D6'},{'D7'},&,1.0,&
{'D3'},{'R2'},{'D1'},{'R3'},,,,,,,&,13.0,&
{'D3'},{'R2'},{'D1'},{'R3'},{'D2'},,,,,,&,4.0,&
{'D3'},{'R2'},{'D1'},{'R3'},{'D2'},{'D7'},{'D5'},{'D6'},{'R1'},{'D4'},&,1.0,&
{'D3'},{'R2'},{'D1'},{'R3'},{'D2'},{'D7'},{'D5'},{'D4'},{'R1'},{'D6'},&,1.0,&
{'D3'},{'R2'},{'D1'},{'R3'},{'D2'},{'D7'},{'D5'},{'D4'},{'D6'},,&,1.0,&
{'D3'},{'R2'},{'D1'},{'R3'},{'D2'},{'D7'},{'R1'},{'D5'},{'D6'},,&,1.0,&
{'D3'},{'R2'},{'D1'},{'R3'},{'D2'},{'D5'},,,,,&,1.0,&
{'D3'},{'R2'},{'D1'},{'R3'},{'D2'},{'D5'},{'R1'},{'D6'},,,&,1.0,&
{'D3'},{'R2'},{'D1'},{'R3'},{'D2'},{'D5'},{'R1'},{'D7'},,,&,1.0,&
{'D3'},{'R2'},{'D1'},{'R3'},{'D2'},{'D5'},{'R1'},{'D7'},{'D6'},{'D4'},&,1.0,&
{'D3'},{'R2'},{'D1'},{'R3'},{'D2'},{'D6'},,,,,&,1.0,&
{'D3'},{'R2'},{'D1'},{'R3'},{'D2'},{'D6'},{'D7'},{'R1'},{'D5'},,&,1.0,&
{'D3'},{'R2'},{'D1'},{'R3'},{'D2'},{'D6'},{'D5'},{'D7'},{'D4'},,&,1.0,&
{'D3'},{'R2'},{'D1'},{'R3'},{'D2'},{'D6'},{'R1'},{'D7'},{'D5'},,&,1.0,&
{'D3'},{'R2'},{'D1'},{'R3'},{'D2'},{'D6'},{'D4'},{'D7'},{'R1'},,&,1.0,&
{'D3'},{'R2'},{'D1'},{'R3'},{'D2'},{'R1'},,,,,&,2.0,&
{'D3'},{'R2'},{'D1'},{'R3'},{'D2'},{'R1'},{'D7'},{'D4'},{'D6'},,&,1.0,&
{'D3'},{'R2'},{'D1'},{'R3'},{'D2'},{'R1'},{'D7'},{'D5'},{'D6'},{'D4'},&,1.0,&
{'D3'},{'R2'},{'D1'},{'R3'},{'D2'},{'R1'},{'D5'},{'D7'},{'D4'},{'D6'},&,1.0,&
{'D3'},{'R2'},{'D1'},{'R3'},{'D2'},{'R1'},{'D6'},,,,&,1.0,&
{'D3'},{'R2'},{'D1'},{'R3'},{'D2'},{'R1'},{'D6'},{'D7'},,,&,1.0,&
{'D3'},{'R2'},{'D1'},{'R3'},{'D2'},{'R1'},{'D6'},{'D5'},{'D7'},,&,1.0,&
{'D3'},{'R2'},{'D1'},{'R3'},{'D2'},{'D4'},,,,,&,1.0,&
{'D3'},{'R2'},{'D1'},{'R3'},{'D2'},{'D4'},{'D6'},{'D5'},{'R1'},{'D7'},&,1.0,&
{'D3'},{'R2'},{'D1'},{'R3'},{'D6'},,,,,,&,2.0,&
{'D3'},{'R2'},{'D1'},{'R3'},{'D6'},{'D2'},{'D7'},{'R1'},{'D4'},{'D5'},&,1.0,&
{'D3'},{'R2'},{'D1'},{'R3'},{'D6'},{'D2'},{'R1'},,,,&,1.0,&
{'D3'},{'R2'},{'D1'},{'R3'},{'D6'},{'R1'},{'D5'},{'D2'},,,&,1.0,&
{'D3'},{'R2'},{'D1'},{'R3'},{'D6'},{'R1'},{'D2'},{'D5'},{'D7'},,&,1.0,&
{'D3'},{'R2'},{'D1'},{'R3'},{'D7'},,,,,,&,1.0,&
{'D3'},{'R2'},{'D1'},{'R3'},{'D7'},{'D6'},{'D2'},{'D4'},{'D5'},,&,1.0,&
{'D3'},{'R2'},{'D1'},{'R3'},{'D7'},{'R1'},,,,,&,1.0,&
{'D3'},{'R2'},{'D1'},{'R3'},{'R1'},,,,,,&,8.0,&
{'D3'},{'R2'},{'D1'},{'R3'},{'R1'},{'D5'},,,,,&,1.0,&
{'D3'},{'R2'},{'D1'},{'R3'},{'R1'},{'D5'},{'D2'},,,,&,1.0,&
{'D3'},{'R2'},{'D1'},{'R3'},{'R1'},{'D5'},{'D2'},{'D6'},{'D7'},{'D4'},&,1.0,&
{'D3'},{'R2'},{'D1'},{'R3'},{'R1'},{'D6'},{'D7'},{'D5'},,,&,1.0,&
{'D3'},{'R2'},{'D1'},{'R3'},{'R1'},{'D6'},{'D2'},{'D7'},,,&,1.0,&
{'D3'},{'R2'},{'D1'},{'R3'},{'R1'},{'D6'},{'D2'},{'D7'},{'D5'},{'D4'},&,1.0,&
{'D3'},{'R2'},{'D1'},{'R3'},{'R1'},{'D2'},,,,,&,2.0,&
{'D3'},{'R2'},{'D1'},{'R3'},{'R1'},{'D2'},{'D7'},,,,&,1.0,&
{'D3'},{'R2'},{'D1'},{'R3'},{'R1'},{'D2'},{'D5'},,,,&,1.0,&
{'D3'},{'R2'},{'D1'},{'R3'},{'R1'},{'D2'},{'D6'},,,,&,1.0,&
{'D3'},{'R2'},{'D1'},{'R3'},{'R1'},{'D2'},{'D6'},{'D7'},{'D5'},{'D4'},&,1.0,&
{'D3'},{'R2'},{'D1'},{'R3'},{'R1'},{'D2'},{'D6'},{'D5'},{'D4'},,&,1.0,&
{'D3'},{'R2'},{'D1'},{'R3'},{'R1'},{'D2'},{'D4'},,,,&,1.0,&
{'D3'},{'R2'},{'D1'},{'R3'},{'R1'},{'D4'},,,,,&,1.0,&
{'D3'},{'R2'},{'D1'},{'R3'},{'D5'},,,,,,&,2.0,&
{'D3'},{'R2'},{'D1'},{'R3'},{'D5'},{'D2'},{'D7'},{'D6'},,,&,1.0,&
{'D3'},{'R2'},{'D1'},{'R3'},{'D4'},,,,,,&,2.0,&
{'D3'},{'R2'},{'D1'},{'R3'},{'D4'},{'D2'},{'R1'},{'D7'},{'D6'},{'D5'},&,1.0,&
{'D3'},{'R2'},{'D1'},{'D6'},,,,,,,&,3.0,&
{'D3'},{'R2'},{'D1'},{'D6'},{'D2'},{'D7'},{'R3'},{'R1'},{'D5'},,&,1.0,&
{'D3'},{'R2'},{'D1'},{'D6'},{'D2'},{'R3'},,,,,&,1.0,&
{'D3'},{'R2'},{'D1'},{'D6'},{'D2'},{'R3'},{'D5'},,,,&,1.0,&
{'D3'},{'R2'},{'D1'},{'D6'},{'D2'},{'R3'},{'D4'},{'D5'},,,&,1.0,&
{'D3'},{'R2'},{'D1'},{'D6'},{'D7'},{'D2'},,,,,&,1.0,&
{'D3'},{'R2'},{'D1'},{'D6'},{'R1'},{'D2'},,,,,&,1.0,&
{'D3'},{'R2'},{'D1'},{'D6'},{'R1'},{'D2'},{'D5'},,,,&,1.0,&
{'D3'},{'R2'},{'D1'},{'D6'},{'R3'},,,,,,&,1.0,&
{'D3'},{'R2'},{'D1'},{'D6'},{'R3'},{'D2'},{'D7'},{'D4'},{'R1'},{'D5'},&,1.0,&
{'D3'},{'R2'},{'D1'},{'D6'},{'R3'},{'D2'},{'D5'},,,,&,1.0,&
{'D3'},{'R2'},{'D1'},{'D2'},,,,,,,&,25.0,&
{'D3'},{'R2'},{'D1'},{'D2'},{'D6'},,,,,,&,4.0,&
{'D3'},{'R2'},{'D1'},{'D2'},{'D6'},{'D7'},{'R3'},{'D5'},{'R1'},{'D4'},&,1.0,&
{'D3'},{'R2'},{'D1'},{'D2'},{'D6'},{'D5'},{'D7'},{'D4'},,,&,1.0,&
{'D3'},{'R2'},{'D1'},{'D2'},{'D6'},{'D5'},{'D7'},{'R3'},{'D4'},,&,1.0,&
{'D3'},{'R2'},{'D1'},{'D2'},{'D6'},{'R3'},,,,,&,2.0,&
{'D3'},{'R2'},{'D1'},{'D2'},{'D6'},{'R3'},{'R1'},{'D5'},,,&,1.0,&
{'D3'},{'R2'},{'D1'},{'D2'},{'D6'},{'D4'},{'R3'},{'D7'},{'D5'},{'R1'},&,1.0,&
{'D3'},{'R2'},{'D1'},{'D2'},{'D7'},,,,,,&,1.0,&
{'D3'},{'R2'},{'D1'},{'D2'},{'D7'},{'D5'},,,,,&,1.0,&
{'D3'},{'R2'},{'D1'},{'D2'},{'D7'},{'D5'},{'R3'},,,,&,1.0,&
{'D3'},{'R2'},{'D1'},{'D2'},{'D7'},{'D5'},{'R1'},{'D6'},{'R3'},{'D4'},&,1.0,&
{'D3'},{'R2'},{'D1'},{'D2'},{'D7'},{'D5'},{'D6'},{'D4'},{'R3'},{'R1'},&,1.0,&
{'D3'},{'R2'},{'D1'},{'D2'},{'D7'},{'R3'},,,,,&,1.0,&
{'D3'},{'R2'},{'D1'},{'D2'},{'D7'},{'R3'},{'R1'},{'D6'},{'D5'},{'D4'},&,1.0,&
{'D3'},{'R2'},{'D1'},{'D2'},{'D7'},{'R3'},{'D6'},,,,&,1.0,&
{'D3'},{'R2'},{'D1'},{'D2'},{'D7'},{'R1'},{'D6'},{'R3'},,,&,1.0,&
{'D3'},{'R2'},{'D1'},{'D2'},{'D7'},{'D4'},{'D5'},,,,&,1.0,&
{'D3'},{'R2'},{'D1'},{'D2'},{'R1'},,,,,,&,1.0,&
{'D3'},{'R2'},{'D1'},{'D2'},{'R1'},{'D5'},{'D7'},,,,&,1.0,&
{'D3'},{'R2'},{'D1'},{'D2'},{'R1'},{'D6'},,,,,&,1.0,&
{'D3'},{'R2'},{'D1'},{'D2'},{'R1'},{'R3'},,,,,&,2.0,&
{'D3'},{'R2'},{'D1'},{'D2'},{'R1'},{'R3'},{'D7'},,,,&,1.0,&
{'D3'},{'R2'},{'D1'},{'D2'},{'R1'},{'R3'},{'D7'},{'D6'},{'D4'},{'D5'},&,1.0,&
{'D3'},{'R2'},{'D1'},{'D2'},{'R1'},{'R3'},{'D4'},{'D6'},,,&,1.0,&
{'D3'},{'R2'},{'D1'},{'D2'},{'D5'},,,,,,&,3.0,&
{'D3'},{'R2'},{'D1'},{'D2'},{'D5'},{'D7'},,,,,&,1.0,&
{'D3'},{'R2'},{'D1'},{'D2'},{'D5'},{'D7'},{'D6'},{'D4'},{'R3'},{'R1'},&,1.0,&
{'D3'},{'R2'},{'D1'},{'D2'},{'D5'},{'D6'},{'R3'},{'R1'},,,&,1.0,&
{'D3'},{'R2'},{'D1'},{'D2'},{'D5'},{'D6'},{'D4'},{'D7'},,,&,1.0,&
{'D3'},{'R2'},{'D1'},{'D2'},{'D5'},{'D6'},{'D4'},{'R3'},{'D7'},{'R1'},&,1.0,&
{'D3'},{'R2'},{'D1'},{'D2'},{'D5'},{'R3'},,,,,&,3.0,&
{'D3'},{'R2'},{'D1'},{'D2'},{'D5'},{'R3'},{'D7'},{'D6'},{'R1'},{'D4'},&,1.0,&
{'D3'},{'R2'},{'D1'},{'D2'},{'D5'},{'R3'},{'D6'},{'D7'},,,&,1.0,&
{'D3'},{'R2'},{'D1'},{'D2'},{'R3'},,,,,,&,6.0,&
{'D3'},{'R2'},{'D1'},{'D2'},{'R3'},{'D7'},,,,,&,1.0,&
{'D3'},{'R2'},{'D1'},{'D2'},{'R3'},{'D7'},{'D5'},,,,&,1.0,&
{'D3'},{'R2'},{'D1'},{'D2'},{'R3'},{'D7'},{'D5'},{'D6'},{'D4'},,&,1.0,&
{'D3'},{'R2'},{'D1'},{'D2'},{'R3'},{'D7'},{'R1'},,,,&,1.0,&
{'D3'},{'R2'},{'D1'},{'D2'},{'R3'},{'D7'},{'R1'},{'D5'},{'D6'},,&,1.0,&
{'D3'},{'R2'},{'D1'},{'D2'},{'R3'},{'D7'},{'D6'},{'R1'},,,&,1.0,&
{'D3'},{'R2'},{'D1'},{'D2'},{'R3'},{'D5'},,,,,&,1.0,&
{'D3'},{'R2'},{'D1'},{'D2'},{'R3'},{'D5'},{'D7'},{'D6'},{'D4'},{'R1'},&,1.0,&
{'D3'},{'R2'},{'D1'},{'D2'},{'R3'},{'D5'},{'R1'},{'D6'},{'D7'},{'D4'},&,1.0,&
{'D3'},{'R2'},{'D1'},{'D2'},{'R3'},{'D5'},{'D6'},{'R1'},{'D4'},,&,1.0,&
{'D3'},{'R2'},{'D1'},{'D2'},{'R3'},{'D6'},,,,,&,2.0,&
{'D3'},{'R2'},{'D1'},{'D2'},{'R3'},{'D6'},{'D5'},,,,&,1.0,&
{'D3'},{'R2'},{'D1'},{'D2'},{'R3'},{'D6'},{'R1'},{'D7'},,,&,2.0,&
{'D3'},{'R2'},{'D1'},{'D2'},{'R3'},{'D6'},{'R1'},{'D5'},{'D7'},,&,1.0,&
{'D3'},{'R2'},{'D1'},{'D2'},{'R3'},{'D6'},{'D4'},,,,&,1.0,&
{'D3'},{'R2'},{'D1'},{'D2'},{'R3'},{'D6'},{'D4'},{'D5'},,,&,1.0,&
{'D3'},{'R2'},{'D1'},{'D2'},{'R3'},{'D6'},{'D4'},{'R1'},{'D7'},{'D5'},&,1.0,&
{'D3'},{'R2'},{'D1'},{'D2'},{'R3'},{'R1'},,,,,&,1.0,&
{'D3'},{'R2'},{'D1'},{'D2'},{'R3'},{'R1'},{'D5'},,,,&,1.0,&
{'D3'},{'R2'},{'D1'},{'D2'},{'R3'},{'R1'},{'D5'},{'D4'},,,&,1.0,&
{'D3'},{'R2'},{'D1'},{'D2'},{'R3'},{'R1'},{'D4'},,,,&,1.0,&
{'D3'},{'R2'},{'D1'},{'D2'},{'D4'},,,,,,&,2.0,&
{'D3'},{'R2'},{'D1'},{'D2'},{'D4'},{'D6'},,,,,&,2.0,&
{'D3'},{'R2'},{'D1'},{'D2'},{'D4'},{'R3'},,,,,&,1.0,&
{'D3'},{'R2'},{'D1'},{'D2'},{'D4'},{'R1'},{'D6'},,,,&,1.0,&
{'D3'},{'R2'},{'D7'},,,,,,,,&,5.0,&
{'D3'},{'R2'},{'D7'},{'D1'},,,,,,,&,2.0,&
{'D3'},{'R2'},{'D7'},{'D1'},{'D2'},,,,,,&,1.0,&
{'D3'},{'R2'},{'D7'},{'D1'},{'D2'},{'D5'},,,,,&,1.0,&
{'D3'},{'R2'},{'D7'},{'D1'},{'D2'},{'R3'},,,,,&,1.0,&
{'D3'},{'R2'},{'D7'},{'D1'},{'R3'},,,,,,&,1.0,&
{'D3'},{'R2'},{'D7'},{'D1'},{'R3'},{'D6'},{'R1'},,,,&,1.0,&
{'D3'},{'R2'},{'D7'},{'D1'},{'R3'},{'D2'},{'D6'},{'R1'},{'D5'},{'D4'},&,1.0,&
{'D3'},{'R2'},{'D7'},{'D1'},{'D4'},{'R3'},{'R1'},{'D5'},,,&,1.0,&
{'D3'},{'R2'},{'D7'},{'D5'},{'D2'},{'R3'},{'D4'},,,,&,1.0,&
{'D3'},{'R2'},{'D7'},{'R1'},{'D5'},,,,,,&,1.0,&
{'D3'},{'R2'},{'D7'},{'R1'},{'R3'},,,,,,&,1.0,&
{'D3'},{'R2'},{'D7'},{'R3'},,,,,,,&,5.0,&
{'D3'},{'R2'},{'D7'},{'R3'},{'D2'},,,,,,&,1.0,&
{'D3'},{'R2'},{'D7'},{'R3'},{'D2'},{'D1'},,,,,&,1.0,&
{'D3'},{'R2'},{'D7'},{'R3'},{'D2'},{'D1'},{'D6'},{'R1'},,,&,1.0,&
{'D3'},{'R2'},{'D7'},{'R3'},{'D2'},{'R1'},{'D1'},{'D5'},{'D6'},,&,1.0,&
{'D3'},{'R2'},{'D7'},{'R3'},{'D6'},{'D2'},{'D1'},{'R1'},{'D5'},,&,1.0,&
{'D3'},{'R2'},{'D7'},{'R3'},{'D6'},{'R1'},{'D1'},{'D2'},{'D5'},,&,1.0,&
{'D3'},{'R2'},{'D7'},{'R3'},{'R1'},,,,,,&,1.0,&
{'D3'},{'R2'},{'D7'},{'R3'},{'R1'},{'D2'},,,,,&,1.0,&
{'D3'},{'R2'},{'D7'},{'R3'},{'R1'},{'D2'},{'D1'},{'D6'},,,&,1.0,&
{'D3'},{'R2'},{'D7'},{'R3'},{'D5'},,,,,,&,1.0,&
{'D3'},{'R2'},{'D7'},{'R3'},{'D1'},{'D2'},,,,,&,1.0,&
{'D3'},{'R2'},{'D7'},{'R3'},{'D1'},{'R1'},{'D2'},{'D6'},,,&,1.0,&
{'D3'},{'R2'},{'D7'},{'D2'},,,,,,,&,1.0,&
{'D3'},{'R2'},{'D7'},{'D2'},{'D6'},{'D1'},,,,,&,1.0,&
{'D3'},{'R2'},{'D7'},{'D2'},{'D6'},{'D1'},{'R3'},,,,&,1.0,&
{'D3'},{'R2'},{'D7'},{'D2'},{'D6'},{'D4'},{'D1'},{'D5'},{'R3'},,&,1.0,&
{'D3'},{'R2'},{'D7'},{'D2'},{'D5'},{'D1'},,,,,&,1.0,&
{'D3'},{'R2'},{'D7'},{'D2'},{'R3'},{'D1'},{'D6'},,,,&,1.0,&
{'D3'},{'R2'},{'D7'},{'D2'},{'R3'},{'D5'},{'D6'},{'R1'},,,&,1.0,&
{'D3'},{'R2'},{'D7'},{'D2'},{'D1'},{'R3'},{'D5'},{'R1'},{'D4'},,&,1.0,&
{'D3'},{'R2'},{'D7'},{'D2'},{'D1'},{'R3'},{'R1'},,,,&,1.0,&
{'D3'},{'R2'},{'D7'},{'D2'},{'D1'},{'R3'},{'D6'},{'R1'},{'D5'},{'D4'},&,1.0,&
{'D3'},{'R2'},{'D7'},{'D2'},{'D4'},{'D1'},{'D5'},{'D6'},,,&,1.0,&
{'D3'},{'R2'},{'R3'},,,,,,,,&,84.0,&
{'D3'},{'R2'},{'R3'},{'D1'},,,,,,,&,23.0,&
{'D3'},{'R2'},{'R3'},{'D1'},{'D2'},,,,,,&,8.0,&
{'D3'},{'R2'},{'R3'},{'D1'},{'D2'},{'D7'},,,,,&,3.0,&
{'D3'},{'R2'},{'R3'},{'D1'},{'D2'},{'D7'},{'R1'},,,,&,1.0,&
{'D3'},{'R2'},{'R3'},{'D1'},{'D2'},{'D5'},{'D7'},{'D4'},{'R1'},,&,1.0,&
{'D3'},{'R2'},{'R3'},{'D1'},{'D2'},{'D5'},{'R1'},{'D6'},,,&,1.0,&
{'D3'},{'R2'},{'R3'},{'D1'},{'D2'},{'D5'},{'D6'},{'D4'},{'D7'},,&,1.0,&
{'D3'},{'R2'},{'R3'},{'D1'},{'D2'},{'D5'},{'D6'},{'R1'},,,&,1.0,&
{'D3'},{'R2'},{'R3'},{'D1'},{'D2'},{'D6'},,,,,&,2.0,&
{'D3'},{'R2'},{'R3'},{'D1'},{'D2'},{'D6'},{'D5'},,,,&,1.0,&
{'D3'},{'R2'},{'R3'},{'D1'},{'D2'},{'D6'},{'D5'},{'R1'},,,&,1.0,&
{'D3'},{'R2'},{'R3'},{'D1'},{'D2'},{'D6'},{'D5'},{'R1'},{'D7'},{'D4'},&,2.0,&
{'D3'},{'R2'},{'R3'},{'D1'},{'D2'},{'D6'},{'R1'},{'D5'},,,&,1.0,&
{'D3'},{'R2'},{'R3'},{'D1'},{'D2'},{'R1'},{'D7'},{'D6'},{'D5'},{'D4'},&,1.0,&
{'D3'},{'R2'},{'R3'},{'D1'},{'D2'},{'R1'},{'D5'},,,,&,3.0,&
{'D3'},{'R2'},{'R3'},{'D1'},{'D2'},{'R1'},{'D5'},{'D6'},{'D4'},,&,1.0,&
{'D3'},{'R2'},{'R3'},{'D1'},{'D2'},{'R1'},{'D6'},{'D4'},,,&,1.0,&
{'D3'},{'R2'},{'R3'},{'D1'},{'D2'},{'R1'},{'D6'},{'D7'},,,&,1.0,&
{'D3'},{'R2'},{'R3'},{'D1'},{'D2'},{'R1'},{'D6'},{'D5'},{'D4'},,&,1.0,&
{'D3'},{'R2'},{'R3'},{'D1'},{'D2'},{'D4'},{'D6'},{'D7'},{'D5'},{'R1'},&,1.0,&
{'D3'},{'R2'},{'R3'},{'D1'},{'D6'},{'D5'},{'D2'},{'D7'},{'R1'},,&,1.0,&
{'D3'},{'R2'},{'R3'},{'D1'},{'D6'},{'D2'},,,,,&,1.0,&
{'D3'},{'R2'},{'R3'},{'D1'},{'D6'},{'D2'},{'D7'},{'D5'},{'D4'},{'R1'},&,1.0,&
{'D3'},{'R2'},{'R3'},{'D1'},{'D6'},{'R1'},,,,,&,1.0,&
{'D3'},{'R2'},{'R3'},{'D1'},{'D6'},{'R1'},{'D2'},{'D5'},{'D7'},,&,1.0,&
{'D3'},{'R2'},{'R3'},{'D1'},{'D6'},{'R1'},{'D2'},{'D5'},{'D7'},{'D4'},&,1.0,&
{'D3'},{'R2'},{'R3'},{'D1'},{'D7'},{'D2'},{'R1'},{'D6'},{'D5'},{'D4'},&,1.0,&
{'D3'},{'R2'},{'R3'},{'D1'},{'D7'},{'R1'},,,,,&,1.0,&
{'D3'},{'R2'},{'R3'},{'D1'},{'R1'},,,,,,&,4.0,&
{'D3'},{'R2'},{'R3'},{'D1'},{'R1'},{'D5'},{'D2'},{'D7'},{'D6'},{'D4'},&,1.0,&
{'D3'},{'R2'},{'R3'},{'D1'},{'R1'},{'D6'},,,,,&,2.0,&
{'D3'},{'R2'},{'R3'},{'D1'},{'R1'},{'D6'},{'D2'},{'D7'},{'D5'},,&,1.0,&
{'D3'},{'R2'},{'R3'},{'D1'},{'R1'},{'D2'},,,,,&,6.0,&
{'D3'},{'R2'},{'R3'},{'D1'},{'R1'},{'D2'},{'D7'},,,,&,2.0,&
{'D3'},{'R2'},{'R3'},{'D1'},{'R1'},{'D2'},{'D5'},{'D6'},,,&,1.0,&
{'D3'},{'R2'},{'R3'},{'D1'},{'R1'},{'D2'},{'D5'},{'D4'},,,&,1.0,&
{'D3'},{'R2'},{'R3'},{'D1'},{'R1'},{'D2'},{'D6'},{'D7'},{'D5'},{'D4'},&,1.0,&
{'D3'},{'R2'},{'R3'},{'D1'},{'R1'},{'D2'},{'D6'},{'D7'},{'D4'},,&,1.0,&
{'D3'},{'R2'},{'R3'},{'D1'},{'R1'},{'D2'},{'D4'},{'D7'},{'D6'},,&,1.0,&
{'D3'},{'R2'},{'R3'},{'D1'},{'R1'},{'D4'},,,,,&,1.0,&
{'D3'},{'R2'},{'R3'},{'D1'},{'R1'},{'D4'},{'D6'},,,,&,1.0,&
{'D3'},{'R2'},{'R3'},{'D1'},{'D5'},,,,,,&,1.0,&
{'D3'},{'R2'},{'R3'},{'D1'},{'D5'},{'D2'},{'R1'},{'D6'},,,&,1.0,&
{'D3'},{'R2'},{'R3'},{'D1'},{'D5'},{'D2'},{'D6'},{'D7'},,,&,1.0,&
{'D3'},{'R2'},{'R3'},{'D1'},{'D5'},{'R1'},{'D2'},,,,&,1.0,&
{'D3'},{'R2'},{'R3'},{'D1'},{'D5'},{'R1'},{'D2'},{'D6'},,,&,1.0,&
{'D3'},{'R2'},{'R3'},{'D1'},{'D5'},{'R1'},{'D2'},{'D6'},{'D4'},{'D7'},&,1.0,&
{'D3'},{'R2'},{'R3'},{'D1'},{'D4'},{'D2'},{'R1'},,,,&,1.0,&
{'D3'},{'R2'},{'R3'},{'D5'},,,,,,,&,2.0,&
{'D3'},{'R2'},{'R3'},{'D5'},{'D2'},,,,,,&,1.0,&
{'D3'},{'R2'},{'R3'},{'D5'},{'D2'},{'D1'},{'R1'},{'D6'},,,&,1.0,&
{'D3'},{'R2'},{'R3'},{'D5'},{'D2'},{'R1'},{'D1'},{'D6'},,,&,1.0,&
{'D3'},{'R2'},{'R3'},{'D5'},{'R1'},,,,,,&,3.0,&
{'D3'},{'R2'},{'R3'},{'D5'},{'R1'},{'D2'},,,,,&,2.0,&
{'D3'},{'R2'},{'R3'},{'D5'},{'R1'},{'D2'},{'D1'},{'D4'},{'D6'},,&,1.0,&
{'D3'},{'R2'},{'R3'},{'D5'},{'D1'},{'R1'},,,,,&,1.0,&
{'D3'},{'R2'},{'R3'},{'D4'},{'D2'},{'D1'},{'D6'},,,,&,1.0,&
{'D3'},{'R2'},{'R3'},{'D4'},{'D2'},{'R1'},,,,,&,1.0,&
{'D3'},{'R2'},{'R3'},{'D4'},{'D2'},{'R1'},{'D1'},,,,&,1.0,&
{'D3'},{'R2'},{'R3'},{'D4'},{'R1'},,,,,,&,2.0,&
{'D3'},{'R2'},{'R3'},{'D4'},{'R1'},{'D2'},,,,,&,1.0,&
{'D3'},{'R2'},{'R3'},{'D4'},{'D1'},,,,,,&,1.0,&
{'D3'},{'R2'},{'R3'},{'D4'},{'D1'},{'R1'},{'D2'},{'D6'},{'D5'},,&,1.0,&
{'D3'},{'R2'},{'R3'},{'D7'},,,,,,,&,5.0,&
{'D3'},{'R2'},{'R3'},{'D7'},{'D2'},{'R1'},,,,,&,1.0,&
{'D3'},{'R2'},{'R3'},{'D7'},{'R1'},{'D1'},{'D6'},,,,&,1.0,&
{'D3'},{'R2'},{'R3'},{'D7'},{'D1'},{'D2'},{'D6'},,,,&,1.0,&
{'D3'},{'R2'},{'R3'},{'D7'},{'D1'},{'R1'},{'D6'},{'D2'},{'D5'},{'D4'},&,1.0,&
{'D3'},{'R2'},{'R3'},{'D7'},{'D1'},{'R1'},{'D2'},{'D5'},,,&,1.0,&
{'D3'},{'R2'},{'R3'},{'R1'},,,,,,,&,30.0,&
{'D3'},{'R2'},{'R3'},{'R1'},{'D2'},,,,,,&,8.0,&
{'D3'},{'R2'},{'R3'},{'R1'},{'D2'},{'D1'},,,,,&,3.0,&
{'D3'},{'R2'},{'R3'},{'R1'},{'D2'},{'D1'},{'D7'},,,,&,2.0,&
{'D3'},{'R2'},{'R3'},{'R1'},{'D2'},{'D1'},{'D7'},{'D6'},{'D5'},{'D4'},&,1.0,&
{'D3'},{'R2'},{'R3'},{'R1'},{'D2'},{'D1'},{'D5'},,,,&,3.0,&
{'D3'},{'R2'},{'R3'},{'R1'},{'D2'},{'D1'},{'D5'},{'D6'},{'D7'},{'D4'},&,2.0,&
{'D3'},{'R2'},{'R3'},{'R1'},{'D2'},{'D1'},{'D6'},,,,&,3.0,&
{'D3'},{'R2'},{'R3'},{'R1'},{'D2'},{'D1'},{'D6'},{'D4'},{'D5'},,&,1.0,&
{'D3'},{'R2'},{'R3'},{'R1'},{'D2'},{'D1'},{'D6'},{'D4'},{'D7'},,&,1.0,&
{'D3'},{'R2'},{'R3'},{'R1'},{'D2'},{'D1'},{'D6'},{'D7'},,,&,2.0,&
{'D3'},{'R2'},{'R3'},{'R1'},{'D2'},{'D1'},{'D6'},{'D7'},{'D5'},{'D4'},&,1.0,&
{'D3'},{'R2'},{'R3'},{'R1'},{'D2'},{'D1'},{'D6'},{'D5'},,,&,3.0,&
{'D3'},{'R2'},{'R3'},{'R1'},{'D2'},{'D1'},{'D6'},{'D5'},{'D7'},{'D4'},&,1.0,&
{'D3'},{'R2'},{'R3'},{'R1'},{'D2'},{'D1'},{'D6'},{'D5'},{'D4'},{'D7'},&,2.0,&
{'D3'},{'R2'},{'R3'},{'R1'},{'D2'},{'D1'},{'D4'},{'D6'},,,&,1.0,&
{'D3'},{'R2'},{'R3'},{'R1'},{'D2'},{'D7'},,,,,&,3.0,&
{'D3'},{'R2'},{'R3'},{'R1'},{'D2'},{'D7'},{'D5'},{'D1'},,,&,1.0,&
{'D3'},{'R2'},{'R3'},{'R1'},{'D2'},{'D7'},{'D1'},{'D6'},{'D5'},,&,1.0,&
{'D3'},{'R2'},{'R3'},{'R1'},{'D2'},{'D7'},{'D1'},{'D5'},{'D6'},{'D4'},&,1.0,&
{'D3'},{'R2'},{'R3'},{'R1'},{'D2'},{'D7'},{'D4'},,,,&,1.0,&
{'D3'},{'R2'},{'R3'},{'R1'},{'D2'},{'D5'},,,,,&,1.0,&
{'D3'},{'R2'},{'R3'},{'R1'},{'D2'},{'D5'},{'D1'},,,,&,1.0,&
{'D3'},{'R2'},{'R3'},{'R1'},{'D2'},{'D5'},{'D1'},{'D6'},{'D4'},,&,1.0,&
{'D3'},{'R2'},{'R3'},{'R1'},{'D2'},{'D6'},,,,,&,1.0,&
{'D3'},{'R2'},{'R3'},{'R1'},{'D2'},{'D6'},{'D7'},{'D1'},,,&,1.0,&
{'D3'},{'R2'},{'R3'},{'R1'},{'D2'},{'D6'},{'D5'},{'D1'},,,&,1.0,&
{'D3'},{'R2'},{'R3'},{'R1'},{'D2'},{'D6'},{'D5'},{'D1'},{'D7'},{'D4'},&,1.0,&
{'D3'},{'R2'},{'R3'},{'R1'},{'D2'},{'D6'},{'D1'},,,,&,1.0,&
{'D3'},{'R2'},{'R3'},{'R1'},{'D2'},{'D6'},{'D1'},{'D7'},{'D5'},{'D4'},&,1.0,&
{'D3'},{'R2'},{'R3'},{'R1'},{'D2'},{'D4'},{'D5'},{'D1'},{'D7'},{'D6'},&,1.0,&
{'D3'},{'R2'},{'R3'},{'R1'},{'D2'},{'D4'},{'D6'},{'D1'},{'D5'},,&,1.0,&
{'D3'},{'R2'},{'R3'},{'R1'},{'D6'},,,,,,&,1.0,&
{'D3'},{'R2'},{'R3'},{'R1'},{'D6'},{'D1'},,,,,&,2.0,&
{'D3'},{'R2'},{'R3'},{'R1'},{'D6'},{'D7'},{'D1'},{'D2'},,,&,1.0,&
{'D3'},{'R2'},{'R3'},{'R1'},{'D6'},{'D2'},,,,,&,1.0,&
{'D3'},{'R2'},{'R3'},{'R1'},{'D6'},{'D2'},{'D7'},{'D1'},,,&,1.0,&
{'D3'},{'R2'},{'R3'},{'R1'},{'D6'},{'D2'},{'D1'},{'D7'},{'D4'},{'D5'},&,1.0,&
{'D3'},{'R2'},{'R3'},{'R1'},{'D7'},{'D2'},{'D1'},{'D4'},{'D5'},{'D6'},&,1.0,&
{'D3'},{'R2'},{'R3'},{'R1'},{'D7'},{'D4'},{'D2'},,,,&,1.0,&
{'D3'},{'R2'},{'R3'},{'R1'},{'D5'},,,,,,&,2.0,&
{'D3'},{'R2'},{'R3'},{'R1'},{'D5'},{'D7'},{'D2'},{'D1'},{'D6'},{'D4'},&,1.0,&
{'D3'},{'R2'},{'R3'},{'R1'},{'D5'},{'D2'},{'D7'},{'D1'},,,&,1.0,&
{'D3'},{'R2'},{'R3'},{'R1'},{'D5'},{'D2'},{'D1'},,,,&,1.0,&
{'D3'},{'R2'},{'R3'},{'R1'},{'D5'},{'D2'},{'D1'},{'D4'},,,&,1.0,&
{'D3'},{'R2'},{'R3'},{'R1'},{'D5'},{'D2'},{'D1'},{'D7'},{'D6'},,&,1.0,&
{'D3'},{'R2'},{'R3'},{'R1'},{'D1'},,,,,,&,2.0,&
{'D3'},{'R2'},{'R3'},{'R1'},{'D1'},{'D5'},{'D2'},,,,&,1.0,&
{'D3'},{'R2'},{'R3'},{'R1'},{'D1'},{'D6'},{'D2'},,,,&,1.0,&
{'D3'},{'R2'},{'R3'},{'R1'},{'D1'},{'D2'},,,,,&,7.0,&
{'D3'},{'R2'},{'R3'},{'R1'},{'D1'},{'D2'},{'D7'},{'D6'},,,&,2.0,&
{'D3'},{'R2'},{'R3'},{'R1'},{'D1'},{'D2'},{'D7'},{'D6'},{'D5'},,&,1.0,&
{'D3'},{'R2'},{'R3'},{'R1'},{'D1'},{'D2'},{'D7'},{'D5'},{'D6'},{'D4'},&,1.0,&
{'D3'},{'R2'},{'R3'},{'R1'},{'D1'},{'D2'},{'D5'},,,,&,3.0,&
{'D3'},{'R2'},{'R3'},{'R1'},{'D1'},{'D2'},{'D5'},{'D6'},{'D4'},{'D7'},&,2.0,&
{'D3'},{'R2'},{'R3'},{'R1'},{'D1'},{'D2'},{'D5'},{'D4'},{'D6'},{'D7'},&,1.0,&
{'D3'},{'R2'},{'R3'},{'R1'},{'D1'},{'D2'},{'D5'},{'D7'},{'D6'},,&,1.0,&
{'D3'},{'R2'},{'R3'},{'R1'},{'D1'},{'D2'},{'D6'},,,,&,2.0,&
{'D3'},{'R2'},{'R3'},{'R1'},{'D1'},{'D2'},{'D6'},{'D5'},,,&,1.0,&
{'D3'},{'R2'},{'R3'},{'R1'},{'D1'},{'D2'},{'D6'},{'D5'},{'D7'},{'D4'},&,1.0,&
{'D3'},{'R2'},{'R3'},{'R1'},{'D1'},{'D2'},{'D4'},{'D5'},{'D6'},{'D7'},&,1.0,&
{'D3'},{'R2'},{'R3'},{'R1'},{'D1'},{'D4'},,,,,&,1.0,&
{'D3'},{'R2'},{'R3'},{'D6'},{'D2'},,,,,,&,1.0,&
{'D3'},{'R2'},{'R3'},{'D6'},{'D2'},{'D1'},{'R1'},{'D5'},{'D7'},{'D4'},&,1.0,&
{'D3'},{'R2'},{'R3'},{'D6'},{'D2'},{'R1'},,,,,&,2.0,&
{'D3'},{'R2'},{'R3'},{'D6'},{'D2'},{'R1'},{'D1'},{'D5'},{'D7'},,&,1.0,&
{'D3'},{'R2'},{'R3'},{'D6'},{'R1'},,,,,,&,1.0,&
{'D3'},{'R2'},{'R3'},{'D6'},{'R1'},{'D1'},,,,,&,1.0,&
{'D3'},{'R2'},{'R3'},{'D6'},{'R1'},{'D1'},{'D2'},{'D5'},{'D7'},{'D4'},&,1.0,&
{'D3'},{'R2'},{'R3'},{'D6'},{'D5'},{'R1'},{'D1'},{'D2'},{'D7'},{'D4'},&,1.0,&
{'D3'},{'R2'},{'R3'},{'D6'},{'D1'},{'D2'},,,,,&,1.0,&
{'D3'},{'R2'},{'R3'},{'D6'},{'D1'},{'R1'},{'D7'},{'D2'},{'D5'},{'D4'},&,1.0,&
{'D3'},{'R2'},{'R3'},{'D6'},{'D1'},{'D4'},,,,,&,1.0,&
{'D3'},{'R2'},{'R3'},{'D2'},,,,,,,&,19.0,&
{'D3'},{'R2'},{'R3'},{'D2'},{'D6'},,,,,,&,5.0,&
{'D3'},{'R2'},{'R3'},{'D2'},{'D6'},{'D1'},{'D5'},{'R1'},,,&,1.0,&
{'D3'},{'R2'},{'R3'},{'D2'},{'D6'},{'D1'},{'D5'},{'R1'},{'D4'},{'D7'},&,1.0,&
{'D3'},{'R2'},{'R3'},{'D2'},{'D6'},{'D1'},{'R1'},{'D4'},{'D7'},{'D5'},&,1.0,&
{'D3'},{'R2'},{'R3'},{'D2'},{'D6'},{'D1'},{'R1'},{'D7'},,,&,1.0,&
{'D3'},{'R2'},{'R3'},{'D2'},{'D6'},{'D5'},{'D1'},{'D7'},{'R1'},,&,1.0,&
{'D3'},{'R2'},{'R3'},{'D2'},{'D6'},{'R1'},,,,,&,1.0,&
{'D3'},{'R2'},{'R3'},{'D2'},{'D6'},{'R1'},{'D1'},{'D4'},,,&,1.0,&
{'D3'},{'R2'},{'R3'},{'D2'},{'D7'},,,,,,&,3.0,&
{'D3'},{'R2'},{'R3'},{'D2'},{'D7'},{'D1'},,,,,&,1.0,&
{'D3'},{'R2'},{'R3'},{'D2'},{'D7'},{'D1'},{'D5'},{'R1'},{'D6'},{'D4'},&,2.0,&
{'D3'},{'R2'},{'R3'},{'D2'},{'D7'},{'D1'},{'D6'},{'R1'},{'D5'},{'D4'},&,1.0,&
{'D3'},{'R2'},{'R3'},{'D2'},{'D7'},{'D6'},{'R1'},{'D1'},,,&,1.0,&
{'D3'},{'R2'},{'R3'},{'D2'},{'D7'},{'R1'},{'D1'},{'D6'},,,&,1.0,&
{'D3'},{'R2'},{'R3'},{'D2'},{'D7'},{'R1'},{'D1'},{'D5'},,,&,1.0,&
{'D3'},{'R2'},{'R3'},{'D2'},{'R1'},,,,,,&,10.0,&
{'D3'},{'R2'},{'R3'},{'D2'},{'R1'},{'D1'},,,,,&,3.0,&
{'D3'},{'R2'},{'R3'},{'D2'},{'R1'},{'D1'},{'D7'},,,,&,2.0,&
{'D3'},{'R2'},{'R3'},{'D2'},{'R1'},{'D1'},{'D7'},{'D6'},,,&,2.0,&
{'D3'},{'R2'},{'R3'},{'D2'},{'R1'},{'D1'},{'D5'},,,,&,1.0,&
{'D3'},{'R2'},{'R3'},{'D2'},{'R1'},{'D1'},{'D5'},{'D6'},,,&,1.0,&
{'D3'},{'R2'},{'R3'},{'D2'},{'R1'},{'D1'},{'D5'},{'D7'},{'D6'},{'D4'},&,1.0,&
{'D3'},{'R2'},{'R3'},{'D2'},{'R1'},{'D1'},{'D6'},,,,&,2.0,&
{'D3'},{'R2'},{'R3'},{'D2'},{'R1'},{'D1'},{'D6'},{'D7'},{'D5'},{'D4'},&,1.0,&
{'D3'},{'R2'},{'R3'},{'D2'},{'R1'},{'D1'},{'D6'},{'D5'},{'D7'},{'D4'},&,1.0,&
{'D3'},{'R2'},{'R3'},{'D2'},{'R1'},{'D7'},{'D1'},,,,&,1.0,&
{'D3'},{'R2'},{'R3'},{'D2'},{'R1'},{'D7'},{'D6'},{'D1'},{'D5'},{'D4'},&,1.0,&
{'D3'},{'R2'},{'R3'},{'D2'},{'R1'},{'D5'},,,,,&,3.0,&
{'D3'},{'R2'},{'R3'},{'D2'},{'R1'},{'D5'},{'D1'},,,,&,1.0,&
{'D3'},{'R2'},{'R3'},{'D2'},{'R1'},{'D5'},{'D1'},{'D6'},,,&,2.0,&
{'D3'},{'R2'},{'R3'},{'D2'},{'R1'},{'D5'},{'D1'},{'D6'},{'D4'},{'D7'},&,1.0,&
{'D3'},{'R2'},{'R3'},{'D2'},{'R1'},{'D5'},{'D1'},{'D4'},{'D7'},,&,1.0,&
{'D3'},{'R2'},{'R3'},{'D2'},{'R1'},{'D5'},{'D1'},{'D7'},,,&,1.0,&
{'D3'},{'R2'},{'R3'},{'D2'},{'R1'},{'D6'},,,,,&,3.0,&
{'D3'},{'R2'},{'R3'},{'D2'},{'R1'},{'D6'},{'D5'},{'D7'},,,&,1.0,&
{'D3'},{'R2'},{'R3'},{'D2'},{'R1'},{'D6'},{'D5'},{'D7'},{'D1'},{'D4'},&,1.0,&
{'D3'},{'R2'},{'R3'},{'D2'},{'R1'},{'D6'},{'D1'},{'D5'},{'D7'},{'D4'},&,1.0,&
{'D3'},{'R2'},{'R3'},{'D2'},{'D5'},,,,,,&,1.0,&
{'D3'},{'R2'},{'R3'},{'D2'},{'D5'},{'D1'},,,,,&,1.0,&
{'D3'},{'R2'},{'R3'},{'D2'},{'D5'},{'D1'},{'D6'},{'R1'},,,&,1.0,&
{'D3'},{'R2'},{'R3'},{'D2'},{'D5'},{'R1'},,,,,&,1.0,&
{'D3'},{'R2'},{'R3'},{'D2'},{'D5'},{'R1'},{'D1'},{'D6'},{'D4'},{'D7'},&,1.0,&
{'D3'},{'R2'},{'R3'},{'D2'},{'D1'},,,,,,&,10.0,&
{'D3'},{'R2'},{'R3'},{'D2'},{'D1'},{'D7'},,,,,&,1.0,&
{'D3'},{'R2'},{'R3'},{'D2'},{'D1'},{'D7'},{'D5'},{'R1'},,,&,1.0,&
{'D3'},{'R2'},{'R3'},{'D2'},{'D1'},{'D7'},{'R1'},,,,&,1.0,&
{'D3'},{'R2'},{'R3'},{'D2'},{'D1'},{'D7'},{'R1'},{'D5'},{'D6'},{'D4'},&,1.0,&
{'D3'},{'R2'},{'R3'},{'D2'},{'D1'},{'D7'},{'R1'},{'D5'},{'D4'},,&,1.0,&
{'D3'},{'R2'},{'R3'},{'D2'},{'D1'},{'D7'},{'D6'},{'D5'},{'D4'},{'R1'},&,1.0,&
{'D3'},{'R2'},{'R3'},{'D2'},{'D1'},{'D7'},{'D4'},{'D6'},,,&,1.0,&
{'D3'},{'R2'},{'R3'},{'D2'},{'D1'},{'D5'},{'D7'},{'R1'},,,&,1.0,&
{'D3'},{'R2'},{'R3'},{'D2'},{'D1'},{'D5'},{'R1'},,,,&,1.0,&
{'D3'},{'R2'},{'R3'},{'D2'},{'D1'},{'D5'},{'R1'},{'D7'},,,&,1.0,&
{'D3'},{'R2'},{'R3'},{'D2'},{'D1'},{'D5'},{'D6'},{'R1'},,,&,1.0,&
{'D3'},{'R2'},{'R3'},{'D2'},{'D1'},{'D5'},{'D4'},{'D6'},{'R1'},,&,1.0,&
{'D3'},{'R2'},{'R3'},{'D2'},{'D1'},{'D6'},,,,,&,2.0,&
{'D3'},{'R2'},{'R3'},{'D2'},{'D1'},{'D6'},{'D5'},{'D7'},{'D4'},,&,1.0,&
{'D3'},{'R2'},{'R3'},{'D2'},{'D1'},{'D6'},{'D5'},{'D7'},{'D4'},{'R1'},&,1.0,&
{'D3'},{'R2'},{'R3'},{'D2'},{'D1'},{'D6'},{'D5'},{'R1'},,,&,1.0,&
{'D3'},{'R2'},{'R3'},{'D2'},{'D1'},{'D6'},{'R1'},{'D7'},{'D5'},{'D4'},&,1.0,&
{'D3'},{'R2'},{'R3'},{'D2'},{'D1'},{'D6'},{'R1'},{'D5'},,,&,2.0,&
{'D3'},{'R2'},{'R3'},{'D2'},{'D1'},{'D6'},{'R1'},{'D5'},{'D7'},{'D4'},&,1.0,&
{'D3'},{'R2'},{'R3'},{'D2'},{'D1'},{'R1'},,,,,&,6.0,&
{'D3'},{'R2'},{'R3'},{'D2'},{'D1'},{'R1'},{'D7'},{'D6'},{'D5'},{'D4'},&,2.0,&
{'D3'},{'R2'},{'R3'},{'D2'},{'D1'},{'R1'},{'D5'},,,,&,4.0,&
{'D3'},{'R2'},{'R3'},{'D2'},{'D1'},{'R1'},{'D6'},,,,&,2.0,&
{'D3'},{'R2'},{'R3'},{'D2'},{'D1'},{'R1'},{'D6'},{'D5'},{'D4'},{'D7'},&,1.0,&
{'D3'},{'R2'},{'R3'},{'D2'},{'D1'},{'R1'},{'D4'},{'D5'},{'D6'},,&,1.0,&
{'D3'},{'R2'},{'R3'},{'D2'},{'D1'},{'D4'},{'R1'},{'D5'},{'D6'},{'D7'},&,1.0,&
{'D3'},{'R2'},{'R3'},{'D2'},{'D4'},{'D1'},,,,,&,1.0,&
{'D3'},{'R2'},{'R3'},{'D2'},{'D4'},{'D5'},{'D1'},{'R1'},{'D6'},{'D7'},&,1.0,&
{'D3'},{'R2'},{'D2'},,,,,,,,&,85.0,&
{'D3'},{'R2'},{'D2'},{'D1'},,,,,,,&,22.0,&
{'D3'},{'R2'},{'D2'},{'D1'},{'D6'},,,,,,&,4.0,&
{'D3'},{'R2'},{'D2'},{'D1'},{'D6'},{'D7'},,,,,&,1.0,&
{'D3'},{'R2'},{'D2'},{'D1'},{'D6'},{'D7'},{'R3'},{'D5'},{'R1'},,&,1.0,&
{'D3'},{'R2'},{'D2'},{'D1'},{'D6'},{'D7'},{'D4'},{'D5'},{'R3'},{'R1'},&,1.0,&
{'D3'},{'R2'},{'D2'},{'D1'},{'D6'},{'D5'},{'D7'},{'D4'},,,&,1.0,&
{'D3'},{'R2'},{'D2'},{'D1'},{'D6'},{'D5'},{'D7'},{'D4'},{'R3'},,&,1.0,&
{'D3'},{'R2'},{'D2'},{'D1'},{'D6'},{'D5'},{'D7'},{'D4'},{'R3'},{'R1'},&,1.0,&
{'D3'},{'R2'},{'D2'},{'D1'},{'D6'},{'D5'},{'D7'},{'R1'},{'R3'},,&,1.0,&
{'D3'},{'R2'},{'D2'},{'D1'},{'D6'},{'D5'},{'R3'},,,,&,1.0,&
{'D3'},{'R2'},{'D2'},{'D1'},{'D6'},{'D5'},{'R3'},{'R1'},,,&,1.0,&
{'D3'},{'R2'},{'D2'},{'D1'},{'D6'},{'D5'},{'D4'},{'R1'},{'R3'},,&,1.0,&
{'D3'},{'R2'},{'D2'},{'D1'},{'D6'},{'R3'},,,,,&,2.0,&
{'D3'},{'R2'},{'D2'},{'D1'},{'D6'},{'R3'},{'D7'},{'D4'},{'R1'},{'D5'},&,1.0,&
{'D3'},{'R2'},{'D2'},{'D1'},{'D6'},{'R3'},{'D7'},{'D5'},{'D4'},{'R1'},&,1.0,&
{'D3'},{'R2'},{'D2'},{'D1'},{'D6'},{'R3'},{'D5'},,,,&,2.0,&
{'D3'},{'R2'},{'D2'},{'D1'},{'D6'},{'R3'},{'D5'},{'D7'},{'D4'},{'R1'},&,1.0,&
{'D3'},{'R2'},{'D2'},{'D1'},{'D6'},{'R1'},,,,,&,2.0,&
{'D3'},{'R2'},{'D2'},{'D1'},{'D6'},{'R1'},{'D4'},{'D5'},{'D7'},{'R3'},&,1.0,&
{'D3'},{'R2'},{'D2'},{'D1'},{'D6'},{'D4'},{'D7'},{'R3'},{'R1'},,&,1.0,&
{'D3'},{'R2'},{'D2'},{'D1'},{'D6'},{'D4'},{'R3'},{'D7'},,,&,1.0,&
{'D3'},{'R2'},{'D2'},{'D1'},{'D7'},,,,,,&,2.0,&
{'D3'},{'R2'},{'D2'},{'D1'},{'D7'},{'D5'},{'R3'},,,,&,2.0,&
{'D3'},{'R2'},{'D2'},{'D1'},{'D7'},{'D5'},{'R3'},{'R1'},{'D6'},{'D4'},&,1.0,&
{'D3'},{'R2'},{'D2'},{'D1'},{'D7'},{'D5'},{'D6'},{'R1'},,,&,1.0,&
{'D3'},{'R2'},{'D2'},{'D1'},{'D7'},{'R3'},,,,,&,2.0,&
{'D3'},{'R2'},{'D2'},{'D1'},{'D7'},{'R3'},{'D5'},{'D6'},,,&,1.0,&
{'D3'},{'R2'},{'D2'},{'D1'},{'D7'},{'R3'},{'D5'},{'R1'},{'D6'},{'D4'},&,1.0,&
{'D3'},{'R2'},{'D2'},{'D1'},{'D7'},{'R3'},{'R1'},{'D5'},{'D6'},{'D4'},&,1.0,&
{'D3'},{'R2'},{'D2'},{'D1'},{'D7'},{'R3'},{'R1'},{'D5'},{'D4'},{'D6'},&,1.0,&
{'D3'},{'R2'},{'D2'},{'D1'},{'D7'},{'R1'},{'R3'},{'D5'},,,&,1.0,&
{'D3'},{'R2'},{'D2'},{'D1'},{'R1'},,,,,,&,2.0,&
{'D3'},{'R2'},{'D2'},{'D1'},{'R1'},{'D7'},{'R3'},,,,&,1.0,&
{'D3'},{'R2'},{'D2'},{'D1'},{'R1'},{'D5'},,,,,&,1.0,&
{'D3'},{'R2'},{'D2'},{'D1'},{'R1'},{'D5'},{'D7'},{'D6'},{'D4'},,&,1.0,&
{'D3'},{'R2'},{'D2'},{'D1'},{'R1'},{'D6'},{'R3'},{'D5'},{'D4'},,&,1.0,&
{'D3'},{'R2'},{'D2'},{'D1'},{'R1'},{'D6'},{'D5'},{'D4'},{'D7'},,&,1.0,&
{'D3'},{'R2'},{'D2'},{'D1'},{'R1'},{'R3'},,,,,&,1.0,&
{'D3'},{'R2'},{'D2'},{'D1'},{'D5'},,,,,,&,5.0,&
{'D3'},{'R2'},{'D2'},{'D1'},{'D5'},{'D7'},,,,,&,2.0,&
{'D3'},{'R2'},{'D2'},{'D1'},{'D5'},{'D7'},{'R3'},{'D6'},{'D4'},{'R1'},&,1.0,&
{'D3'},{'R2'},{'D2'},{'D1'},{'D5'},{'D7'},{'R3'},{'R1'},{'D6'},{'D4'},&,1.0,&
{'D3'},{'R2'},{'D2'},{'D1'},{'D5'},{'D7'},{'D6'},{'R3'},,,&,1.0,&
{'D3'},{'R2'},{'D2'},{'D1'},{'D5'},{'D7'},{'D4'},{'D6'},{'R3'},,&,1.0,&
{'D3'},{'R2'},{'D2'},{'D1'},{'D5'},{'D6'},,,,,&,1.0,&
{'D3'},{'R2'},{'D2'},{'D1'},{'D5'},{'D6'},{'D7'},,,,&,1.0,&
{'D3'},{'R2'},{'D2'},{'D1'},{'D5'},{'D6'},{'D7'},{'D4'},,,&,1.0,&
{'D3'},{'R2'},{'D2'},{'D1'},{'D5'},{'D6'},{'D7'},{'D4'},{'R3'},,&,1.0,&
{'D3'},{'R2'},{'D2'},{'D1'},{'D5'},{'D6'},{'D7'},{'D4'},{'R3'},{'R1'},&,1.0,&
{'D3'},{'R2'},{'D2'},{'D1'},{'D5'},{'D6'},{'D7'},{'R3'},{'R1'},{'D4'},&,1.0,&
{'D3'},{'R2'},{'D2'},{'D1'},{'D5'},{'D6'},{'R3'},{'D7'},{'D4'},{'R1'},&,1.0,&
{'D3'},{'R2'},{'D2'},{'D1'},{'D5'},{'D6'},{'R3'},{'R1'},{'D7'},{'D4'},&,1.0,&
{'D3'},{'R2'},{'D2'},{'D1'},{'D5'},{'D6'},{'D4'},{'D7'},,,&,1.0,&
{'D3'},{'R2'},{'D2'},{'D1'},{'D5'},{'R3'},,,,,&,2.0,&
{'D3'},{'R2'},{'D2'},{'D1'},{'D5'},{'R3'},{'D7'},{'R1'},{'D6'},,&,1.0,&
{'D3'},{'R2'},{'D2'},{'D1'},{'D5'},{'R3'},{'R1'},{'D7'},{'D4'},,&,1.0,&
{'D3'},{'R2'},{'D2'},{'D1'},{'D5'},{'R1'},{'R3'},{'D6'},{'D7'},{'D4'},&,1.0,&
{'D3'},{'R2'},{'D2'},{'D1'},{'D5'},{'R1'},{'D6'},{'D7'},{'R3'},{'D4'},&,1.0,&
{'D3'},{'R2'},{'D2'},{'D1'},{'D5'},{'D4'},{'D6'},{'R3'},,,&,1.0,&
{'D3'},{'R2'},{'D2'},{'D1'},{'R3'},,,,,,&,12.0,&
{'D3'},{'R2'},{'D2'},{'D1'},{'R3'},{'D7'},{'R1'},{'D6'},{'D4'},,&,1.0,&
{'D3'},{'R2'},{'D2'},{'D1'},{'R3'},{'D5'},{'R1'},{'D6'},{'D4'},{'D7'},&,1.0,&
{'D3'},{'R2'},{'D2'},{'D1'},{'R3'},{'D5'},{'D6'},{'R1'},,,&,1.0,&
{'D3'},{'R2'},{'D2'},{'D1'},{'R3'},{'D6'},,,,,&,1.0,&
{'D3'},{'R2'},{'D2'},{'D1'},{'R3'},{'D6'},{'D7'},{'D5'},,,&,1.0,&
{'D3'},{'R2'},{'D2'},{'D1'},{'R3'},{'D6'},{'D7'},{'D5'},{'R1'},,&,1.0,&
{'D3'},{'R2'},{'D2'},{'D1'},{'R3'},{'D6'},{'D7'},{'D5'},{'D4'},,&,1.0,&
{'D3'},{'R2'},{'D2'},{'D1'},{'R3'},{'D6'},{'R1'},,,,&,3.0,&
{'D3'},{'R2'},{'D2'},{'D1'},{'R3'},{'D6'},{'R1'},{'D7'},{'D4'},{'D5'},&,1.0,&
{'D3'},{'R2'},{'D2'},{'D1'},{'R3'},{'D6'},{'R1'},{'D5'},{'D7'},,&,2.0,&
{'D3'},{'R2'},{'D2'},{'D1'},{'R3'},{'R1'},,,,,&,8.0,&
{'D3'},{'R2'},{'D2'},{'D1'},{'R3'},{'R1'},{'D7'},{'D6'},,,&,1.0,&
{'D3'},{'R2'},{'D2'},{'D1'},{'R3'},{'R1'},{'D5'},{'D7'},{'D4'},,&,1.0,&
{'D3'},{'R2'},{'D2'},{'D1'},{'R3'},{'R1'},{'D6'},{'D7'},,,&,1.0,&
{'D3'},{'R2'},{'D2'},{'D1'},{'R3'},{'R1'},{'D6'},{'D7'},{'D5'},{'D4'},&,1.0,&
{'D3'},{'R2'},{'D2'},{'D1'},{'R3'},{'R1'},{'D6'},{'D5'},,,&,2.0,&
{'D3'},{'R2'},{'D2'},{'D1'},{'R3'},{'R1'},{'D4'},,,,&,2.0,&
{'D3'},{'R2'},{'D2'},{'D1'},{'R3'},{'D4'},{'D7'},,,,&,1.0,&
{'D3'},{'R2'},{'D2'},{'D1'},{'D4'},,,,,,&,2.0,&
{'D3'},{'R2'},{'D2'},{'D1'},{'D4'},{'D7'},,,,,&,1.0,&
{'D3'},{'R2'},{'D2'},{'D1'},{'D4'},{'D7'},{'R3'},{'R1'},{'D5'},,&,1.0,&
{'D3'},{'R2'},{'D2'},{'D1'},{'D4'},{'R3'},{'D6'},{'R1'},{'D5'},{'D7'},&,1.0,&
{'D3'},{'R2'},{'D2'},{'D1'},{'D4'},{'R1'},{'R3'},{'D5'},{'D6'},{'D7'},&,1.0,&
{'D3'},{'R2'},{'D2'},{'D5'},,,,,,,&,8.0,&
{'D3'},{'R2'},{'D2'},{'D5'},{'D6'},{'R3'},{'R1'},{'D7'},,,&,1.0,&
{'D3'},{'R2'},{'D2'},{'D5'},{'D6'},{'R3'},{'R1'},{'D1'},,,&,1.0,&
{'D3'},{'R2'},{'D2'},{'D5'},{'D6'},{'R1'},,,,,&,1.0,&
{'D3'},{'R2'},{'D2'},{'D5'},{'D7'},{'R1'},{'D1'},{'D6'},{'R3'},{'D4'},&,1.0,&
{'D3'},{'R2'},{'D2'},{'D5'},{'R1'},{'D1'},{'D7'},{'D6'},,,&,1.0,&
{'D3'},{'R2'},{'D2'},{'D5'},{'R1'},{'D1'},{'D6'},{'R3'},{'D7'},{'D4'},&,1.0,&
{'D3'},{'R2'},{'D2'},{'D5'},{'R1'},{'R3'},,,,,&,1.0,&
{'D3'},{'R2'},{'D2'},{'D5'},{'R3'},,,,,,&,3.0,&
{'D3'},{'R2'},{'D2'},{'D5'},{'R3'},{'D1'},{'R1'},,,,&,1.0,&
{'D3'},{'R2'},{'D2'},{'D5'},{'R3'},{'D7'},{'D4'},{'R1'},,,&,1.0,&
{'D3'},{'R2'},{'D2'},{'D5'},{'R3'},{'R1'},,,,,&,2.0,&
{'D3'},{'R2'},{'D2'},{'D5'},{'R3'},{'R1'},{'D1'},,,,&,1.0,&
{'D3'},{'R2'},{'D2'},{'D5'},{'R3'},{'R1'},{'D6'},{'D1'},,,&,1.0,&
{'D3'},{'R2'},{'D2'},{'D5'},{'D1'},,,,,,&,2.0,&
{'D3'},{'R2'},{'D2'},{'D5'},{'D1'},{'D7'},{'R3'},,,,&,1.0,&
{'D3'},{'R2'},{'D2'},{'D5'},{'D1'},{'D7'},{'D6'},{'D4'},,,&,1.0,&
{'D3'},{'R2'},{'D2'},{'D5'},{'D1'},{'D6'},{'R3'},,,,&,1.0,&
{'D3'},{'R2'},{'D2'},{'D5'},{'D1'},{'D6'},{'R3'},{'R1'},{'D7'},{'D4'},&,1.0,&
{'D3'},{'R2'},{'D2'},{'D5'},{'D1'},{'R3'},{'D7'},{'R1'},,,&,1.0,&
{'D3'},{'R2'},{'D2'},{'D5'},{'D1'},{'R3'},{'R1'},{'D6'},,,&,1.0,&
{'D3'},{'R2'},{'D2'},{'D5'},{'D1'},{'R3'},{'R1'},{'D4'},{'D7'},,&,1.0,&
{'D3'},{'R2'},{'D2'},{'D5'},{'D1'},{'R3'},{'D6'},{'R1'},,,&,1.0,&
{'D3'},{'R2'},{'D2'},{'D5'},{'D1'},{'R1'},{'D7'},{'D6'},{'D4'},,&,1.0,&
{'D3'},{'R2'},{'D2'},{'D4'},,,,,,,&,2.0,&
{'D3'},{'R2'},{'D2'},{'D4'},{'D5'},{'D1'},,,,,&,1.0,&
{'D3'},{'R2'},{'D2'},{'D4'},{'R3'},{'D1'},{'D5'},{'D6'},,,&,1.0,&
{'D3'},{'R2'},{'D2'},{'D4'},{'R3'},{'D6'},{'R1'},{'D7'},{'D1'},{'D5'},&,1.0,&
{'D3'},{'R2'},{'D2'},{'D4'},{'R3'},{'R1'},,,,,&,1.0,&
{'D3'},{'R2'},{'D2'},{'D4'},{'R3'},{'R1'},{'D1'},,,,&,1.0,&
{'D3'},{'R2'},{'D2'},{'D4'},{'R3'},{'R1'},{'D6'},{'D1'},,,&,1.0,&
{'D3'},{'R2'},{'D2'},{'D4'},{'D1'},,,,,,&,1.0,&
{'D3'},{'R2'},{'D2'},{'D4'},{'D1'},{'D7'},{'R3'},{'D6'},{'R1'},{'D5'},&,1.0,&
{'D3'},{'R2'},{'D2'},{'D4'},{'D1'},{'D5'},{'R3'},{'R1'},{'D6'},{'D7'},&,1.0,&
{'D3'},{'R2'},{'D2'},{'D4'},{'D1'},{'D5'},{'R1'},{'R3'},{'D6'},,&,1.0,&
{'D3'},{'R2'},{'D2'},{'D4'},{'D1'},{'D5'},{'D6'},{'D7'},,,&,1.0,&
{'D3'},{'R2'},{'D2'},{'D4'},{'D1'},{'D6'},{'D7'},{'R3'},{'D5'},,&,1.0,&
{'D3'},{'R2'},{'D2'},{'D4'},{'D1'},{'R3'},,,,,&,1.0,&
{'D3'},{'R2'},{'D2'},{'D7'},,,,,,,&,2.0,&
{'D3'},{'R2'},{'D2'},{'D7'},{'D6'},{'D1'},{'D4'},{'D5'},{'R3'},{'R1'},&,1.0,&
{'D3'},{'R2'},{'D2'},{'D7'},{'R1'},{'D5'},,,,,&,1.0,&
{'D3'},{'R2'},{'D2'},{'D7'},{'R1'},{'D6'},,,,,&,1.0,&
{'D3'},{'R2'},{'D2'},{'D7'},{'D5'},,,,,,&,2.0,&
{'D3'},{'R2'},{'D2'},{'D7'},{'D5'},{'D1'},{'D4'},{'R3'},{'R1'},{'D6'},&,1.0,&
{'D3'},{'R2'},{'D2'},{'D7'},{'R3'},,,,,,&,1.0,&
{'D3'},{'R2'},{'D2'},{'D7'},{'R3'},{'D1'},,,,,&,1.0,&
{'D3'},{'R2'},{'D2'},{'D7'},{'R3'},{'D1'},{'D5'},{'D6'},{'R1'},,&,1.0,&
{'D3'},{'R2'},{'D2'},{'D7'},{'R3'},{'D1'},{'R1'},,,,&,2.0,&
{'D3'},{'R2'},{'D2'},{'D7'},{'R3'},{'D5'},{'D1'},{'D6'},{'D4'},{'R1'},&,1.0,&
{'D3'},{'R2'},{'D2'},{'D7'},{'D1'},{'D5'},,,,,&,1.0,&
{'D3'},{'R2'},{'D2'},{'D7'},{'D1'},{'D5'},{'D6'},,,,&,1.0,&
{'D3'},{'R2'},{'D2'},{'D7'},{'D1'},{'D5'},{'D6'},{'R1'},{'R3'},,&,1.0,&
{'D3'},{'R2'},{'D2'},{'D7'},{'D1'},{'D6'},,,,,&,1.0,&
{'D3'},{'R2'},{'D2'},{'D7'},{'D1'},{'D6'},{'R1'},,,,&,1.0,&
{'D3'},{'R2'},{'D2'},{'D7'},{'D1'},{'R3'},,,,,&,2.0,&
{'D3'},{'R2'},{'D2'},{'D7'},{'D1'},{'R3'},{'D5'},{'R1'},{'D6'},,&,1.0,&
{'D3'},{'R2'},{'D2'},{'D7'},{'D1'},{'R3'},{'R1'},{'D6'},{'D5'},,&,1.0,&
{'D3'},{'R2'},{'D2'},{'D7'},{'D1'},{'R3'},{'D6'},,,,&,1.0,&
{'D3'},{'R2'},{'D2'},{'D7'},{'D1'},{'R1'},,,,,&,1.0,&
{'D3'},{'R2'},{'D2'},{'D7'},{'D4'},{'D1'},{'D6'},{'D5'},,,&,1.0,&
{'D3'},{'R2'},{'D2'},{'R1'},,,,,,,&,3.0,&
{'D3'},{'R2'},{'D2'},{'R1'},{'D6'},,,,,,&,2.0,&
{'D3'},{'R2'},{'D2'},{'R1'},{'D6'},{'D1'},{'D7'},,,,&,1.0,&
{'D3'},{'R2'},{'D2'},{'R1'},{'D6'},{'D7'},,,,,&,1.0,&
{'D3'},{'R2'},{'D2'},{'R1'},{'D7'},,,,,,&,1.0,&
{'D3'},{'R2'},{'D2'},{'R1'},{'D7'},{'R3'},{'D1'},,,,&,1.0,&
{'D3'},{'R2'},{'D2'},{'R1'},{'D5'},{'D1'},,,,,&,1.0,&
{'D3'},{'R2'},{'D2'},{'R1'},{'D5'},{'R3'},{'D6'},,,,&,1.0,&
{'D3'},{'R2'},{'D2'},{'R1'},{'R3'},,,,,,&,1.0,&
{'D3'},{'R2'},{'D2'},{'R1'},{'R3'},{'D1'},{'D7'},{'D6'},,,&,1.0,&
{'D3'},{'R2'},{'D2'},{'R1'},{'R3'},{'D1'},{'D5'},,,,&,1.0,&
{'D3'},{'R2'},{'D2'},{'R1'},{'R3'},{'D7'},{'D1'},{'D4'},,,&,1.0,&
{'D3'},{'R2'},{'D2'},{'R1'},{'R3'},{'D5'},,,,,&,1.0,&
{'D3'},{'R2'},{'D2'},{'R1'},{'R3'},{'D6'},,,,,&,1.0,&
{'D3'},{'R2'},{'D2'},{'R1'},{'D1'},,,,,,&,3.0,&
{'D3'},{'R2'},{'D2'},{'R1'},{'D1'},{'D7'},{'D5'},{'D4'},{'D6'},{'R3'},&,1.0,&
{'D3'},{'R2'},{'D2'},{'R1'},{'D1'},{'D6'},,,,,&,1.0,&
{'D3'},{'R2'},{'D2'},{'R1'},{'D1'},{'D6'},{'R3'},{'D7'},{'D4'},,&,1.0,&
{'D3'},{'R2'},{'D2'},{'R1'},{'D1'},{'R3'},,,,,&,2.0,&
{'D3'},{'R2'},{'D2'},{'R1'},{'D1'},{'R3'},{'D5'},,,,&,1.0,&
{'D3'},{'R2'},{'D2'},{'R1'},{'D1'},{'R3'},{'D6'},{'D5'},,,&,1.0,&
{'D3'},{'R2'},{'D2'},{'R1'},{'D1'},{'R3'},{'D6'},{'D5'},{'D7'},,&,1.0,&
{'D3'},{'R2'},{'D2'},{'R3'},,,,,,,&,20.0,&
{'D3'},{'R2'},{'D2'},{'R3'},{'D6'},,,,,,&,3.0,&
{'D3'},{'R2'},{'D2'},{'R3'},{'D6'},{'D1'},,,,,&,1.0,&
{'D3'},{'R2'},{'D2'},{'R3'},{'D6'},{'D1'},{'D5'},{'D7'},,,&,1.0,&
{'D3'},{'R2'},{'D2'},{'R3'},{'D6'},{'D1'},{'D5'},{'D7'},{'R1'},,&,1.0,&
{'D3'},{'R2'},{'D2'},{'R3'},{'D6'},{'D1'},{'R1'},,,,&,1.0,&
{'D3'},{'R2'},{'D2'},{'R3'},{'D6'},{'D1'},{'D4'},{'R1'},{'D7'},,&,1.0,&
{'D3'},{'R2'},{'D2'},{'R3'},{'D6'},{'D7'},{'D4'},{'D1'},,,&,1.0,&
{'D3'},{'R2'},{'D2'},{'R3'},{'D6'},{'R1'},{'D1'},{'D7'},{'D5'},,&,1.0,&
{'D3'},{'R2'},{'D2'},{'R3'},{'D6'},{'R1'},{'D1'},{'D5'},{'D7'},,&,1.0,&
{'D3'},{'R2'},{'D2'},{'R3'},{'D6'},{'D4'},{'D1'},{'D7'},,,&,1.0,&
{'D3'},{'R2'},{'D2'},{'R3'},{'D7'},{'D1'},{'D4'},,,,&,1.0,&
{'D3'},{'R2'},{'D2'},{'R3'},{'D7'},{'R1'},,,,,&,2.0,&
{'D3'},{'R2'},{'D2'},{'R3'},{'R1'},,,,,,&,5.0,&
{'D3'},{'R2'},{'D2'},{'R3'},{'R1'},{'D1'},,,,,&,6.0,&
{'D3'},{'R2'},{'D2'},{'R3'},{'R1'},{'D1'},{'D7'},,,,&,2.0,&
{'D3'},{'R2'},{'D2'},{'R3'},{'R1'},{'D1'},{'D7'},{'D6'},,,&,2.0,&
{'D3'},{'R2'},{'D2'},{'R3'},{'R1'},{'D1'},{'D5'},,,,&,1.0,&
{'D3'},{'R2'},{'D2'},{'R3'},{'R1'},{'D1'},{'D5'},{'D6'},{'D7'},{'D4'},&,1.0,&
{'D3'},{'R2'},{'D2'},{'R3'},{'R1'},{'D1'},{'D5'},{'D7'},,,&,1.0,&
{'D3'},{'R2'},{'D2'},{'R3'},{'R1'},{'D1'},{'D6'},,,,&,1.0,&
{'D3'},{'R2'},{'D2'},{'R3'},{'R1'},{'D1'},{'D6'},{'D7'},{'D4'},{'D5'},&,1.0,&
{'D3'},{'R2'},{'D2'},{'R3'},{'R1'},{'D7'},{'D1'},{'D5'},,,&,1.0,&
{'D3'},{'R2'},{'D2'},{'R3'},{'R1'},{'D7'},{'D6'},,,,&,1.0,&
{'D3'},{'R2'},{'D2'},{'R3'},{'R1'},{'D5'},{'D1'},{'D6'},,,&,1.0,&
{'D3'},{'R2'},{'D2'},{'R3'},{'R1'},{'D5'},{'D1'},{'D7'},,,&,1.0,&
{'D3'},{'R2'},{'D2'},{'R3'},{'R1'},{'D5'},{'D4'},{'D7'},,,&,1.0,&
{'D3'},{'R2'},{'D2'},{'R3'},{'R1'},{'D6'},,,,,&,3.0,&
{'D3'},{'R2'},{'D2'},{'R3'},{'R1'},{'D6'},{'D1'},,,,&,1.0,&
{'D3'},{'R2'},{'D2'},{'R3'},{'R1'},{'D4'},,,,,&,1.0,&
{'D3'},{'R2'},{'D2'},{'R3'},{'D5'},,,,,,&,3.0,&
{'D3'},{'R2'},{'D2'},{'R3'},{'D5'},{'D1'},,,,,&,1.0,&
{'D3'},{'R2'},{'D2'},{'R3'},{'D5'},{'D1'},{'R1'},{'D7'},,,&,1.0,&
{'D3'},{'R2'},{'D2'},{'R3'},{'D5'},{'D1'},{'D6'},{'R1'},{'D7'},{'D4'},&,1.0,&
{'D3'},{'R2'},{'D2'},{'R3'},{'D5'},{'D6'},,,,,&,1.0,&
{'D3'},{'R2'},{'D2'},{'R3'},{'D5'},{'D6'},{'D1'},{'D4'},{'D7'},{'R1'},&,1.0,&
{'D3'},{'R2'},{'D2'},{'R3'},{'D5'},{'R1'},,,,,&,1.0,&
{'D3'},{'R2'},{'D2'},{'R3'},{'D5'},{'R1'},{'D1'},{'D6'},,,&,1.0,&
{'D3'},{'R2'},{'D2'},{'R3'},{'D5'},{'R1'},{'D1'},{'D6'},{'D7'},,&,1.0,&
{'D3'},{'R2'},{'D2'},{'R3'},{'D5'},{'R1'},{'D1'},{'D6'},{'D7'},{'D4'},&,1.0,&
{'D3'},{'R2'},{'D2'},{'R3'},{'D1'},,,,,,&,11.0,&
{'D3'},{'R2'},{'D2'},{'R3'},{'D1'},{'D7'},{'D5'},,,,&,1.0,&
{'D3'},{'R2'},{'D2'},{'R3'},{'D1'},{'D7'},{'R1'},,,,&,2.0,&
{'D3'},{'R2'},{'D2'},{'R3'},{'D1'},{'D7'},{'R1'},{'D6'},{'D4'},{'D5'},&,1.0,&
{'D3'},{'R2'},{'D2'},{'R3'},{'D1'},{'D5'},,,,,&,1.0,&
{'D3'},{'R2'},{'D2'},{'R3'},{'D1'},{'D5'},{'D7'},{'R1'},{'D6'},,&,1.0,&
{'D3'},{'R2'},{'D2'},{'R3'},{'D1'},{'D5'},{'R1'},{'D6'},{'D7'},,&,1.0,&
{'D3'},{'R2'},{'D2'},{'R3'},{'D1'},{'D5'},{'R1'},{'D7'},,,&,1.0,&
{'D3'},{'R2'},{'D2'},{'R3'},{'D1'},{'D5'},{'D6'},,,,&,1.0,&
{'D3'},{'R2'},{'D2'},{'R3'},{'D1'},{'D5'},{'D6'},{'D7'},{'R1'},,&,1.0,&
{'D3'},{'R2'},{'D2'},{'R3'},{'D1'},{'D5'},{'D4'},,,,&,1.0,&
{'D3'},{'R2'},{'D2'},{'R3'},{'D1'},{'D6'},{'D7'},{'D5'},,,&,1.0,&
{'D3'},{'R2'},{'D2'},{'R3'},{'D1'},{'D6'},{'D5'},{'R1'},{'D7'},,&,1.0,&
{'D3'},{'R2'},{'D2'},{'R3'},{'D1'},{'D6'},{'D5'},{'R1'},{'D4'},,&,1.0,&
{'D3'},{'R2'},{'D2'},{'R3'},{'D1'},{'D6'},{'R1'},{'D7'},{'D4'},,&,1.0,&
{'D3'},{'R2'},{'D2'},{'R3'},{'D1'},{'D6'},{'R1'},{'D5'},,,&,1.0,&
{'D3'},{'R2'},{'D2'},{'R3'},{'D1'},{'D6'},{'R1'},{'D5'},{'D7'},,&,1.0,&
{'D3'},{'R2'},{'D2'},{'R3'},{'D1'},{'R1'},,,,,&,1.0,&
{'D3'},{'R2'},{'D2'},{'R3'},{'D1'},{'R1'},{'D7'},{'D5'},,,&,1.0,&
{'D3'},{'R2'},{'D2'},{'R3'},{'D1'},{'R1'},{'D7'},{'D5'},{'D6'},,&,1.0,&
{'D3'},{'R2'},{'D2'},{'R3'},{'D1'},{'R1'},{'D6'},,,,&,2.0,&
{'D3'},{'R2'},{'D2'},{'R3'},{'D1'},{'R1'},{'D6'},{'D5'},{'D4'},{'D7'},&,1.0,&
{'D3'},{'R2'},{'D2'},{'R3'},{'D1'},{'D4'},,,,,&,1.0,&
{'D3'},{'R2'},{'D2'},{'R3'},{'D1'},{'D4'},{'R1'},,,,&,1.0,&
{'D3'},{'R2'},{'D2'},{'D6'},,,,,,,&,6.0,&
{'D3'},{'R2'},{'D2'},{'D6'},{'D7'},{'R1'},{'D5'},{'D1'},{'D4'},,&,1.0,&
{'D3'},{'R2'},{'D2'},{'D6'},{'R1'},{'D1'},{'R3'},{'D7'},,,&,1.0,&
{'D3'},{'R2'},{'D2'},{'D6'},{'D5'},{'D1'},{'D7'},{'R3'},{'R1'},,&,1.0,&
{'D3'},{'R2'},{'D2'},{'D6'},{'D5'},{'R3'},{'D1'},{'D7'},{'R1'},{'D4'},&,1.0,&
{'D3'},{'R2'},{'D2'},{'D6'},{'D5'},{'R1'},,,,,&,1.0,&
{'D3'},{'R2'},{'D2'},{'D6'},{'R3'},{'D1'},,,,,&,1.0,&
{'D3'},{'R2'},{'D2'},{'D6'},{'R3'},{'D1'},{'R1'},,,,&,1.0,&
{'D3'},{'R2'},{'D2'},{'D6'},{'R3'},{'D1'},{'R1'},{'D7'},{'D5'},,&,2.0,&
{'D3'},{'R2'},{'D2'},{'D6'},{'R3'},{'D1'},{'R1'},{'D5'},{'D7'},{'D4'},&,1.0,&
{'D3'},{'R2'},{'D2'},{'D6'},{'R3'},{'D5'},{'D7'},{'R1'},,,&,1.0,&
{'D3'},{'R2'},{'D2'},{'D6'},{'R3'},{'R1'},{'D7'},{'D1'},,,&,1.0,&
{'D3'},{'R2'},{'D2'},{'D6'},{'R3'},{'R1'},{'D5'},{'D1'},{'D7'},,&,1.0,&
{'D3'},{'R2'},{'D2'},{'D6'},{'R3'},{'R1'},{'D1'},,,,&,1.0,&
{'D3'},{'R2'},{'D2'},{'D6'},{'R3'},{'R1'},{'D1'},{'D5'},,,&,1.0,&
{'D3'},{'R2'},{'D2'},{'D6'},{'D1'},,,,,,&,3.0,&
{'D3'},{'R2'},{'D2'},{'D6'},{'D1'},{'D7'},{'D5'},{'D4'},{'R1'},,&,1.0,&
{'D3'},{'R2'},{'D2'},{'D6'},{'D1'},{'D5'},{'R3'},{'R1'},{'D7'},{'D4'},&,1.0,&
{'D3'},{'R2'},{'D2'},{'D6'},{'D1'},{'D5'},{'D4'},{'R3'},{'D7'},,&,1.0,&
{'D3'},{'R2'},{'D2'},{'D6'},{'D1'},{'R3'},,,,,&,1.0,&
{'D3'},{'R2'},{'D2'},{'D6'},{'D1'},{'R3'},{'D7'},,,,&,1.0,&
{'D3'},{'R2'},{'D2'},{'D6'},{'D1'},{'R3'},{'R1'},{'D7'},,,&,1.0,&
{'D3'},{'R2'},{'D2'},{'D6'},{'D1'},{'D4'},{'R1'},{'R3'},,,&,1.0,&
{'D3'},{'R2'},{'D4'},,,,,,,,&,2.0,&
{'D3'},{'R2'},{'D4'},{'D1'},{'D2'},,,,,,&,1.0,&
{'D3'},{'R2'},{'D4'},{'D1'},{'D2'},{'R3'},{'D6'},{'D7'},{'R1'},,&,1.0,&
{'D3'},{'R2'},{'D4'},{'D1'},{'R1'},{'R3'},,,,,&,1.0,&
{'D3'},{'R2'},{'D4'},{'D7'},,,,,,,&,1.0,&
{'D3'},{'R2'},{'D4'},{'R3'},,,,,,,&,1.0,&
{'D3'},{'R2'},{'D4'},{'D2'},{'R3'},{'R1'},,,,,&,1.0,&
{'D3'},{'R2'},{'D4'},{'D2'},{'R3'},{'R1'},{'D1'},{'D6'},,,&,1.0,&
{'D3'},{'R2'},{'D4'},{'D2'},{'D1'},{'D6'},{'R3'},{'D7'},{'R1'},{'D5'},&,1.0,&
{'D3'},{'D6'},,,,,,,,,&,43.0,&
{'D3'},{'D6'},{'R1'},,,,,,,,&,3.0,&
{'D3'},{'D6'},{'R1'},{'R2'},{'D1'},{'D7'},{'R3'},{'D2'},,,&,1.0,&
{'D3'},{'D6'},{'R1'},{'R2'},{'D1'},{'D2'},,,,,&,1.0,&
{'D3'},{'D6'},{'R1'},{'R2'},{'D1'},{'R3'},{'D2'},{'D5'},{'D7'},{'D4'},&,1.0,&
{'D3'},{'D6'},{'R1'},{'D1'},{'R3'},,,,,,&,1.0,&
{'D3'},{'D6'},{'R1'},{'D1'},{'R3'},{'D2'},{'R2'},{'D7'},{'D4'},{'D5'},&,1.0,&
{'D3'},{'D6'},{'R1'},{'D5'},{'R3'},{'D1'},,,,,&,1.0,&
{'D3'},{'D6'},{'R1'},{'R3'},{'D2'},{'D1'},{'D7'},{'R2'},{'D5'},,&,1.0,&
{'D3'},{'D6'},{'R1'},{'R3'},{'R2'},{'D1'},{'D2'},{'D7'},{'D5'},{'D4'},&,1.0,&
{'D3'},{'D6'},{'R1'},{'D2'},{'D7'},{'D5'},{'D1'},{'R3'},{'R2'},,&,1.0,&
{'D3'},{'D6'},{'D5'},,,,,,,,&,2.0,&
{'D3'},{'D6'},{'D5'},{'R2'},{'R1'},,,,,,&,1.0,&
{'D3'},{'D6'},{'D5'},{'R2'},{'R3'},,,,,,&,1.0,&
{'D3'},{'D6'},{'D5'},{'R2'},{'D4'},,,,,,&,1.0,&
{'D3'},{'D6'},{'D5'},{'D1'},,,,,,,&,2.0,&
{'D3'},{'D6'},{'D5'},{'D1'},{'D2'},,,,,,&,1.0,&
{'D3'},{'D6'},{'D5'},{'D1'},{'D2'},{'D7'},{'R3'},{'D4'},{'R1'},{'R2'},&,1.0,&
{'D3'},{'D6'},{'D5'},{'R1'},{'D2'},,,,,,&,1.0,&
{'D3'},{'D6'},{'D5'},{'R1'},{'D1'},{'D2'},{'R3'},,,,&,1.0,&
{'D3'},{'D6'},{'D5'},{'R3'},{'D1'},{'R2'},{'R1'},,,,&,1.0,&
{'D3'},{'D6'},{'D5'},{'R3'},{'R2'},{'R1'},,,,,&,1.0,&
{'D3'},{'D6'},{'D5'},{'D2'},,,,,,,&,1.0,&
{'D3'},{'D6'},{'D5'},{'D2'},{'R3'},{'D4'},,,,,&,1.0,&
{'D3'},{'D6'},{'D5'},{'D2'},{'D1'},{'D7'},{'D4'},{'R3'},,,&,1.0,&
{'D3'},{'D6'},{'D1'},,,,,,,,&,18.0,&
{'D3'},{'D6'},{'D1'},{'R2'},,,,,,,&,1.0,&
{'D3'},{'D6'},{'D1'},{'R2'},{'D2'},,,,,,&,1.0,&
{'D3'},{'D6'},{'D1'},{'R2'},{'D2'},{'D7'},{'D5'},{'D4'},,,&,1.0,&
{'D3'},{'D6'},{'D1'},{'R2'},{'D2'},{'D5'},{'D4'},{'R3'},{'D7'},{'R1'},&,1.0,&
{'D3'},{'D6'},{'D1'},{'R2'},{'D2'},{'R3'},{'D7'},{'D5'},{'R1'},,&,2.0,&
{'D3'},{'D6'},{'D1'},{'R2'},{'D2'},{'D4'},{'R3'},,,,&,1.0,&
{'D3'},{'D6'},{'D1'},{'R2'},{'R1'},,,,,,&,1.0,&
{'D3'},{'D6'},{'D1'},{'R2'},{'D5'},,,,,,&,1.0,&
{'D3'},{'D6'},{'D1'},{'R2'},{'R3'},{'R1'},{'D2'},{'D5'},{'D7'},{'D4'},&,1.0,&
{'D3'},{'D6'},{'D1'},{'D5'},{'D2'},{'D7'},{'D4'},{'R3'},,,&,1.0,&
{'D3'},{'D6'},{'D1'},{'D5'},{'D7'},{'R2'},{'D2'},{'D4'},{'R3'},{'R1'},&,1.0,&
{'D3'},{'D6'},{'D1'},{'R1'},{'D2'},{'D7'},,,,,&,1.0,&
{'D3'},{'D6'},{'D1'},{'R1'},{'D2'},{'D7'},{'R3'},{'D4'},,,&,1.0,&
{'D3'},{'D6'},{'D1'},{'R1'},{'D2'},{'R2'},{'R3'},,,,&,1.0,&
{'D3'},{'D6'},{'D1'},{'R1'},{'D7'},{'D2'},{'R2'},{'R3'},,,&,1.0,&
{'D3'},{'D6'},{'D1'},{'R1'},{'R2'},{'D2'},{'D5'},{'D7'},,,&,1.0,&
{'D3'},{'D6'},{'D1'},{'R3'},,,,,,,&,2.0,&
{'D3'},{'D6'},{'D1'},{'R3'},{'D2'},{'D7'},{'D5'},{'R2'},{'D4'},{'R1'},&,1.0,&
{'D3'},{'D6'},{'D1'},{'R3'},{'D2'},{'R2'},{'D5'},{'R1'},,,&,1.0,&
{'D3'},{'D6'},{'D1'},{'R3'},{'D5'},{'R2'},{'D4'},{'D2'},{'R1'},,&,1.0,&
{'D3'},{'D6'},{'D1'},{'R3'},{'D5'},{'D2'},{'R2'},{'D4'},{'R1'},,&,1.0,&
{'D3'},{'D6'},{'D1'},{'R3'},{'D5'},{'D2'},{'R2'},{'D7'},,,&,1.0,&
{'D3'},{'D6'},{'D1'},{'R3'},{'R2'},,,,,,&,1.0,&
{'D3'},{'D6'},{'D1'},{'D2'},,,,,,,&,4.0,&
{'D3'},{'D6'},{'D1'},{'D2'},{'D7'},,,,,,&,2.0,&
{'D3'},{'D6'},{'D1'},{'D2'},{'D7'},{'D5'},,,,,&,1.0,&
{'D3'},{'D6'},{'D1'},{'D2'},{'D7'},{'D5'},{'R2'},{'D4'},,,&,1.0,&
{'D3'},{'D6'},{'D1'},{'D2'},{'D7'},{'D5'},{'D4'},,,,&,1.0,&
{'D3'},{'D6'},{'D1'},{'D2'},{'D7'},{'R2'},{'D5'},{'R3'},{'D4'},,&,1.0,&
{'D3'},{'D6'},{'D1'},{'D2'},{'D7'},{'R3'},{'R2'},{'R1'},{'D4'},,&,1.0,&
{'D3'},{'D6'},{'D1'},{'D2'},{'R1'},{'R2'},{'R3'},{'D7'},{'D5'},{'D4'},&,1.0,&
{'D3'},{'D6'},{'D1'},{'D2'},{'D5'},,,,,,&,2.0,&
{'D3'},{'D6'},{'D1'},{'D2'},{'D5'},{'D7'},,,,,&,1.0,&
{'D3'},{'D6'},{'D1'},{'D2'},{'D5'},{'R2'},,,,,&,2.0,&
{'D3'},{'D6'},{'D1'},{'D2'},{'D5'},{'D4'},,,,,&,1.0,&
{'D3'},{'D6'},{'D1'},{'D2'},{'D5'},{'D4'},{'R3'},{'R2'},{'D7'},,&,1.0,&
{'D3'},{'D6'},{'D1'},{'D2'},{'R3'},,,,,,&,2.0,&
{'D3'},{'D6'},{'D1'},{'D2'},{'R3'},{'D7'},{'R2'},{'D4'},{'D5'},{'R1'},&,1.0,&
{'D3'},{'D6'},{'D1'},{'D2'},{'R3'},{'R2'},{'D5'},{'D7'},{'D4'},,&,1.0,&
{'D3'},{'D6'},{'D1'},{'D2'},{'R2'},,,,,,&,2.0,&
{'D3'},{'D6'},{'D1'},{'D2'},{'R2'},{'D7'},{'D5'},{'R3'},{'D4'},,&,1.0,&
{'D3'},{'D6'},{'D1'},{'D2'},{'R2'},{'R3'},,,,,&,1.0,&
{'D3'},{'D6'},{'D1'},{'D2'},{'D4'},,,,,,&,1.0,&
{'D3'},{'D6'},{'D7'},,,,,,,,&,3.0,&
{'D3'},{'D6'},{'D7'},{'R2'},,,,,,,&,1.0,&
{'D3'},{'D6'},{'D7'},{'R2'},{'D2'},{'R1'},{'D1'},{'D5'},{'R3'},,&,1.0,&
{'D3'},{'D6'},{'D7'},{'R2'},{'R3'},{'R1'},,,,,&,1.0,&
{'D3'},{'D6'},{'D7'},{'D1'},{'D2'},{'D5'},{'R2'},{'R3'},{'R1'},{'D4'},&,1.0,&
{'D3'},{'D6'},{'D7'},{'D1'},{'R3'},,,,,,&,1.0,&
{'D3'},{'D6'},{'D7'},{'D1'},{'R2'},{'D2'},{'R3'},{'D5'},{'D4'},{'R1'},&,1.0,&
{'D3'},{'D6'},{'D7'},{'R1'},{'R3'},,,,,,&,1.0,&
{'D3'},{'D6'},{'D7'},{'R3'},{'R1'},{'D1'},{'R2'},{'D2'},,,&,1.0,&
{'D3'},{'D6'},{'D7'},{'R3'},{'R2'},{'R1'},{'D2'},{'D1'},,,&,1.0,&
{'D3'},{'D6'},{'D7'},{'D2'},{'D1'},,,,,,&,1.0,&
{'D3'},{'D6'},{'D7'},{'D2'},{'D1'},{'R2'},{'D4'},{'D5'},{'R3'},{'R1'},&,1.0,&
{'D3'},{'D6'},{'D7'},{'D2'},{'D1'},{'R3'},,,,,&,1.0,&
{'D3'},{'D6'},{'R3'},,,,,,,,&,18.0,&
{'D3'},{'D6'},{'R3'},{'R2'},,,,,,,&,1.0,&
{'D3'},{'D6'},{'R3'},{'R2'},{'D2'},{'D1'},{'D7'},,,,&,1.0,&
{'D3'},{'D6'},{'R3'},{'R2'},{'D2'},{'D1'},{'D7'},{'D4'},{'D5'},{'R1'},&,1.0,&
{'D3'},{'D6'},{'R3'},{'R2'},{'D2'},{'D1'},{'D7'},{'D4'},{'R1'},,&,1.0,&
{'D3'},{'D6'},{'R3'},{'R2'},{'D2'},{'R1'},{'D1'},{'D7'},{'D5'},,&,1.0,&
{'D3'},{'D6'},{'R3'},{'R2'},{'D2'},{'R1'},{'D1'},{'D5'},,,&,1.0,&
{'D3'},{'D6'},{'R3'},{'R2'},{'D2'},{'R1'},{'D1'},{'D5'},{'D7'},{'D4'},&,1.0,&
{'D3'},{'D6'},{'R3'},{'R2'},{'D7'},{'R1'},,,,,&,1.0,&
{'D3'},{'D6'},{'R3'},{'R2'},{'D7'},{'R1'},{'D2'},{'D1'},{'D5'},{'D4'},&,1.0,&
{'D3'},{'D6'},{'R3'},{'R2'},{'R1'},,,,,,&,2.0,&
{'D3'},{'D6'},{'R3'},{'R2'},{'R1'},{'D1'},{'D7'},{'D2'},{'D5'},{'D4'},&,1.0,&
{'D3'},{'D6'},{'R3'},{'R2'},{'R1'},{'D1'},{'D2'},{'D7'},{'D4'},{'D5'},&,1.0,&
{'D3'},{'D6'},{'R3'},{'R2'},{'R1'},{'D1'},{'D2'},{'D5'},,,&,1.0,&
{'D3'},{'D6'},{'R3'},{'R2'},{'R1'},{'D2'},,,,,&,1.0,&
{'D3'},{'D6'},{'R3'},{'R2'},{'R1'},{'D2'},{'D5'},{'D7'},,,&,1.0,&
{'D3'},{'D6'},{'R3'},{'R2'},{'R1'},{'D2'},{'D1'},,,,&,1.0,&
{'D3'},{'D6'},{'R3'},{'R2'},{'D5'},{'D2'},{'R1'},{'D1'},,,&,1.0,&
{'D3'},{'D6'},{'R3'},{'R2'},{'D1'},{'D2'},{'D5'},{'D7'},{'D4'},,&,1.0,&
{'D3'},{'D6'},{'R3'},{'R2'},{'D1'},{'D2'},{'R1'},{'D5'},,,&,1.0,&
{'D3'},{'D6'},{'R3'},{'R2'},{'D1'},{'D4'},{'D2'},,,,&,1.0,&
{'D3'},{'D6'},{'R3'},{'D1'},,,,,,,&,5.0,&
{'D3'},{'D6'},{'R3'},{'D1'},{'D2'},,,,,,&,1.0,&
{'D3'},{'D6'},{'R3'},{'D1'},{'D2'},{'D5'},{'D4'},{'R2'},,,&,1.0,&
{'D3'},{'D6'},{'R3'},{'D1'},{'D2'},{'R2'},{'D5'},{'R1'},{'D7'},,&,1.0,&
{'D3'},{'D6'},{'R3'},{'D1'},{'D2'},{'R2'},{'R1'},{'D5'},,,&,1.0,&
{'D3'},{'D6'},{'R3'},{'D1'},{'D7'},{'R1'},,,,,&,1.0,&
{'D3'},{'D6'},{'R3'},{'D1'},{'R1'},{'R2'},{'D5'},{'D7'},{'D2'},{'D4'},&,1.0,&
{'D3'},{'D6'},{'R3'},{'D1'},{'R2'},,,,,,&,1.0,&
{'D3'},{'D6'},{'R3'},{'D1'},{'R2'},{'D2'},{'R1'},{'D7'},,,&,1.0,&
{'D3'},{'D6'},{'R3'},{'D5'},,,,,,,&,1.0,&
{'D3'},{'D6'},{'R3'},{'D5'},{'D2'},,,,,,&,1.0,&
{'D3'},{'D6'},{'R3'},{'D5'},{'R2'},{'D1'},{'R1'},{'D2'},{'D7'},,&,1.0,&
{'D3'},{'D6'},{'R3'},{'D4'},{'D2'},,,,,,&,1.0,&
{'D3'},{'D6'},{'R3'},{'D4'},{'D1'},{'R2'},,,,,&,1.0,&
{'D3'},{'D6'},{'R3'},{'D7'},{'D2'},{'R1'},{'R2'},,,,&,1.0,&
{'D3'},{'D6'},{'R3'},{'D7'},{'D1'},{'D2'},{'D5'},{'R2'},{'D4'},,&,1.0,&
{'D3'},{'D6'},{'R3'},{'R1'},{'D2'},{'D1'},{'D7'},,,,&,1.0,&
{'D3'},{'D6'},{'R3'},{'R1'},{'D2'},{'D5'},{'R2'},{'D7'},{'D1'},,&,1.0,&
{'D3'},{'D6'},{'R3'},{'R1'},{'D1'},{'D5'},{'R2'},,,,&,1.0,&
{'D3'},{'D6'},{'R3'},{'R1'},{'D1'},{'D2'},,,,,&,1.0,&
{'D3'},{'D6'},{'R3'},{'R1'},{'R2'},{'D2'},{'D5'},{'D1'},{'D7'},{'D4'},&,1.0,&
{'D3'},{'D6'},{'R3'},{'R1'},{'R2'},{'D2'},{'D1'},{'D4'},{'D7'},{'D5'},&,1.0,&
{'D3'},{'D6'},{'R3'},{'R1'},{'D4'},{'D1'},{'D2'},{'R2'},{'D7'},,&,1.0,&
{'D3'},{'D6'},{'R3'},{'D2'},,,,,,,&,3.0,&
{'D3'},{'D6'},{'R3'},{'D2'},{'D7'},{'D1'},{'R2'},{'D5'},{'D4'},,&,1.0,&
{'D3'},{'D6'},{'R3'},{'D2'},{'D7'},{'D5'},,,,,&,1.0,&
{'D3'},{'D6'},{'R3'},{'D2'},{'R1'},,,,,,&,1.0,&
{'D3'},{'D6'},{'R3'},{'D2'},{'D5'},,,,,,&,1.0,&
{'D3'},{'D6'},{'R3'},{'D2'},{'D5'},{'R2'},,,,,&,1.0,&
{'D3'},{'D6'},{'R3'},{'D2'},{'D5'},{'R1'},,,,,&,1.0,&
{'D3'},{'D6'},{'R3'},{'D2'},{'D1'},{'D5'},{'R2'},{'D7'},,,&,1.0,&
{'D3'},{'D6'},{'R3'},{'D2'},{'R2'},{'D1'},,,,,&,1.0,&
{'D3'},{'D6'},{'R3'},{'D2'},{'R2'},{'D5'},{'D4'},,,,&,1.0,&
{'D3'},{'D6'},{'R2'},,,,,,,,&,19.0,&
{'D3'},{'D6'},{'R2'},{'D1'},,,,,,,&,3.0,&
{'D3'},{'D6'},{'R2'},{'D1'},{'D2'},{'D5'},{'R3'},{'D7'},{'R1'},,&,1.0,&
{'D3'},{'D6'},{'R2'},{'D1'},{'D2'},{'R3'},{'D5'},{'R1'},,,&,1.0,&
{'D3'},{'D6'},{'R2'},{'D1'},{'D2'},{'R3'},{'R1'},,,,&,1.0,&
{'D3'},{'D6'},{'R2'},{'D1'},{'D5'},{'R3'},{'D2'},{'D7'},{'D4'},,&,1.0,&
{'D3'},{'D6'},{'R2'},{'D1'},{'R3'},{'D2'},,,,,&,1.0,&
{'D3'},{'D6'},{'R2'},{'D1'},{'R3'},{'D2'},{'D7'},{'D5'},,,&,1.0,&
{'D3'},{'D6'},{'R2'},{'D1'},{'R3'},{'D2'},{'D5'},{'R1'},,,&,1.0,&
{'D3'},{'D6'},{'R2'},{'D1'},{'R3'},{'D2'},{'R1'},{'D7'},{'D5'},{'D4'},&,1.0,&
{'D3'},{'D6'},{'R2'},{'D5'},{'R3'},{'R1'},,,,,&,1.0,&
{'D3'},{'D6'},{'R2'},{'D5'},{'R3'},{'R1'},{'D1'},{'D2'},,,&,1.0,&
{'D3'},{'D6'},{'R2'},{'D4'},{'R3'},{'D1'},{'D7'},{'D2'},{'D5'},{'R1'},&,1.0,&
{'D3'},{'D6'},{'R2'},{'D7'},{'D2'},,,,,,&,1.0,&
{'D3'},{'D6'},{'R2'},{'D7'},{'R3'},{'D5'},{'R1'},{'D2'},,,&,1.0,&
{'D3'},{'D6'},{'R2'},{'D7'},{'D1'},{'R3'},{'D5'},,,,&,1.0,&
{'D3'},{'D6'},{'R2'},{'R1'},{'R3'},{'D2'},{'D7'},{'D1'},,,&,1.0,&
{'D3'},{'D6'},{'R2'},{'R1'},{'R3'},{'D2'},{'D7'},{'D1'},{'D5'},{'D4'},&,1.0,&
{'D3'},{'D6'},{'R2'},{'R1'},{'R3'},{'D2'},{'D1'},{'D7'},{'D5'},{'D4'},&,1.0,&
{'D3'},{'D6'},{'R2'},{'R1'},{'R3'},{'D2'},{'D1'},{'D5'},{'D4'},{'D7'},&,1.0,&
{'D3'},{'D6'},{'R2'},{'R1'},{'D1'},{'D5'},,,,,&,1.0,&
{'D3'},{'D6'},{'R2'},{'R3'},,,,,,,&,4.0,&
{'D3'},{'D6'},{'R2'},{'R3'},{'D2'},{'D1'},{'R1'},{'D7'},{'D5'},{'D4'},&,1.0,&
{'D3'},{'D6'},{'R2'},{'R3'},{'D2'},{'R1'},{'D1'},{'D7'},,,&,1.0,&
{'D3'},{'D6'},{'R2'},{'R3'},{'D7'},{'D2'},{'D1'},{'D5'},{'R1'},{'D4'},&,1.0,&
{'D3'},{'D6'},{'R2'},{'R3'},{'R1'},,,,,,&,1.0,&
{'D3'},{'D6'},{'R2'},{'R3'},{'R1'},{'D1'},{'D7'},,,,&,1.0,&
{'D3'},{'D6'},{'R2'},{'R3'},{'D1'},,,,,,&,1.0,&
{'D3'},{'D6'},{'R2'},{'R3'},{'D1'},{'D7'},{'R1'},,,,&,1.0,&
{'D3'},{'D6'},{'R2'},{'D2'},,,,,,,&,3.0,&
{'D3'},{'D6'},{'R2'},{'D2'},{'D7'},,,,,,&,1.0,&
{'D3'},{'D6'},{'R2'},{'D2'},{'D7'},{'D4'},,,,,&,1.0,&
{'D3'},{'D6'},{'R2'},{'D2'},{'R1'},,,,,,&,1.0,&
{'D3'},{'D6'},{'R2'},{'D2'},{'R3'},,,,,,&,2.0,&
{'D3'},{'D6'},{'R2'},{'D2'},{'R3'},{'D1'},,,,,&,1.0,&
{'D3'},{'D6'},{'R2'},{'D2'},{'R3'},{'D1'},{'D7'},{'D5'},,,&,1.0,&
{'D3'},{'D6'},{'R2'},{'D2'},{'R3'},{'D7'},{'R1'},{'D1'},{'D5'},,&,1.0,&
{'D3'},{'D6'},{'R2'},{'D2'},{'D1'},{'D7'},{'R3'},{'R1'},{'D5'},{'D4'},&,1.0,&
{'D3'},{'D6'},{'R2'},{'D2'},{'D1'},{'D5'},,,,,&,1.0,&
{'D3'},{'D6'},{'R2'},{'D2'},{'D1'},{'R3'},,,,,&,2.0,&
{'D3'},{'D6'},{'R2'},{'D2'},{'D1'},{'R3'},{'R1'},{'D7'},,,&,1.0,&
{'D3'},{'D6'},{'R2'},{'D2'},{'D1'},{'D4'},,,,,&,1.0,&
{'D3'},{'D6'},{'R2'},{'D2'},{'D1'},{'D4'},{'R3'},{'R1'},{'D5'},,&,1.0,&
{'D3'},{'D6'},{'D2'},,,,,,,,&,18.0,&
{'D3'},{'D6'},{'D2'},{'R2'},,,,,,,&,2.0,&
{'D3'},{'D6'},{'D2'},{'R2'},{'R1'},,,,,,&,1.0,&
{'D3'},{'D6'},{'D2'},{'R2'},{'R1'},{'R3'},{'D4'},{'D1'},,,&,1.0,&
{'D3'},{'D6'},{'D2'},{'R2'},{'D5'},,,,,,&,1.0,&
{'D3'},{'D6'},{'D2'},{'R2'},{'R3'},,,,,,&,2.0,&
{'D3'},{'D6'},{'D2'},{'R2'},{'R3'},{'D1'},{'D7'},,,,&,1.0,&
{'D3'},{'D6'},{'D2'},{'R2'},{'R3'},{'D1'},{'D5'},{'D7'},,,&,1.0,&
{'D3'},{'D6'},{'D2'},{'R2'},{'R3'},{'D1'},{'R1'},,,,&,1.0,&
{'D3'},{'D6'},{'D2'},{'R2'},{'R3'},{'D1'},{'R1'},{'D5'},,,&,1.0,&
{'D3'},{'D6'},{'D2'},{'R2'},{'R3'},{'D1'},{'R1'},{'D5'},{'D7'},,&,1.0,&
{'D3'},{'D6'},{'D2'},{'R2'},{'R3'},{'D7'},{'D1'},{'R1'},,,&,1.0,&
{'D3'},{'D6'},{'D2'},{'R2'},{'R3'},{'R1'},,,,,&,1.0,&
{'D3'},{'D6'},{'D2'},{'R2'},{'R3'},{'R1'},{'D1'},{'D4'},{'D5'},{'D7'},&,1.0,&
{'D3'},{'D6'},{'D2'},{'R2'},{'D1'},{'D7'},{'R3'},{'D5'},{'D4'},{'R1'},&,1.0,&
{'D3'},{'D6'},{'D2'},{'R2'},{'D1'},{'D5'},{'D7'},{'D4'},,,&,1.0,&
{'D3'},{'D6'},{'D2'},{'R2'},{'D1'},{'R3'},{'D5'},{'D7'},{'D4'},,&,1.0,&
{'D3'},{'D6'},{'D2'},{'D1'},{'D7'},{'R2'},{'R1'},,,,&,1.0,&
{'D3'},{'D6'},{'D2'},{'D1'},{'D7'},{'R3'},{'D5'},,,,&,1.0,&
{'D3'},{'D6'},{'D2'},{'D1'},{'D7'},{'R1'},{'R2'},{'D5'},{'R3'},,&,1.0,&
{'D3'},{'D6'},{'D2'},{'D1'},{'R1'},,,,,,&,1.0,&
{'D3'},{'D6'},{'D2'},{'D1'},{'R1'},{'R3'},{'D7'},{'R2'},{'D5'},,&,1.0,&
{'D3'},{'D6'},{'D2'},{'D1'},{'D5'},,,,,,&,2.0,&
{'D3'},{'D6'},{'D2'},{'D1'},{'D5'},{'D7'},,,,,&,1.0,&
{'D3'},{'D6'},{'D2'},{'D1'},{'D5'},{'D7'},{'R3'},{'D4'},{'R1'},,&,1.0,&
{'D3'},{'D6'},{'D2'},{'D1'},{'D5'},{'D7'},{'R2'},,,,&,1.0,&
{'D3'},{'D6'},{'D2'},{'D1'},{'D5'},{'R1'},{'D4'},{'D7'},,,&,1.0,&
{'D3'},{'D6'},{'D2'},{'D1'},{'R3'},,,,,,&,1.0,&
{'D3'},{'D6'},{'D2'},{'D1'},{'R3'},{'D7'},,,,,&,1.0,&
{'D3'},{'D6'},{'D2'},{'D1'},{'R3'},{'R2'},{'D7'},{'R1'},{'D5'},,&,1.0,&
{'D3'},{'D6'},{'D2'},{'D1'},{'R3'},{'R2'},{'R1'},{'D5'},,,&,1.0,&
{'D3'},{'D6'},{'D2'},{'D1'},{'R3'},{'R1'},{'D4'},,,,&,1.0,&
{'D3'},{'D6'},{'D2'},{'D1'},{'R3'},{'R1'},{'D4'},{'D5'},{'R2'},{'D7'},&,1.0,&
{'D3'},{'D6'},{'D2'},{'D1'},{'R2'},,,,,,&,1.0,&
{'D3'},{'D6'},{'D2'},{'D1'},{'R2'},{'D7'},{'R3'},{'R1'},,,&,1.0,&
{'D3'},{'D6'},{'D2'},{'D1'},{'R2'},{'D7'},{'D5'},{'D4'},{'R3'},,&,1.0,&
{'D3'},{'D6'},{'D2'},{'D1'},{'R2'},{'D5'},{'D7'},{'D4'},{'R3'},,&,1.0,&
{'D3'},{'D6'},{'D2'},{'D1'},{'R2'},{'R3'},,,,,&,1.0,&
{'D3'},{'D6'},{'D2'},{'D1'},{'R2'},{'R3'},{'D7'},{'D4'},{'R1'},{'D5'},&,1.0,&
{'D3'},{'D6'},{'D2'},{'D1'},{'R2'},{'R3'},{'R1'},{'D7'},,,&,1.0,&
{'D3'},{'D6'},{'D2'},{'D1'},{'R2'},{'R1'},{'D5'},{'R3'},,,&,1.0,&
{'D3'},{'D6'},{'D2'},{'D1'},{'R2'},{'D4'},,,,,&,1.0,&
{'D3'},{'D6'},{'D2'},{'D1'},{'D4'},{'D5'},{'R3'},{'D7'},,,&,1.0,&
{'D3'},{'D6'},{'D2'},{'D1'},{'D4'},{'D5'},{'R2'},{'D7'},,,&,1.0,&
{'D3'},{'D6'},{'D2'},{'D1'},{'D4'},{'R2'},{'R3'},{'D7'},{'R1'},{'D5'},&,1.0,&
{'D3'},{'D6'},{'D2'},{'D5'},{'D1'},{'R2'},{'D4'},,,,&,1.0,&
{'D3'},{'D6'},{'D2'},{'D4'},{'D1'},{'R2'},{'R3'},{'R1'},{'D5'},{'D7'},&,1.0,&
{'D3'},{'D6'},{'D2'},{'D7'},{'R3'},{'D1'},{'D4'},,,,&,1.0,&
{'D3'},{'D6'},{'D2'},{'D7'},{'D1'},{'D5'},{'R3'},{'R2'},{'D4'},{'R1'},&,1.0,&
{'D3'},{'D6'},{'D2'},{'D7'},{'D1'},{'R3'},{'D5'},{'R2'},{'R1'},,&,1.0,&
{'D3'},{'D6'},{'D2'},{'D7'},{'D1'},{'D4'},{'D5'},{'R1'},{'R2'},,&,1.0,&
{'D3'},{'D6'},{'D2'},{'D7'},{'R2'},{'R3'},,,,,&,1.0,&
{'D3'},{'D6'},{'D2'},{'R1'},{'D5'},{'D1'},{'D7'},{'R3'},{'R2'},{'D4'},&,1.0,&
{'D3'},{'D6'},{'D2'},{'R1'},{'R3'},{'D1'},,,,,&,1.0,&
{'D3'},{'D6'},{'D2'},{'R1'},{'D1'},,,,,,&,1.0,&
{'D3'},{'D6'},{'D2'},{'R1'},{'D1'},{'D5'},{'R2'},,,,&,1.0,&
{'D3'},{'D6'},{'D2'},{'R1'},{'D1'},{'R2'},{'D7'},{'D5'},,,&,1.0,&
{'D3'},{'D6'},{'D2'},{'R1'},{'R2'},{'D5'},{'D1'},{'D7'},,,&,1.0,&
{'D3'},{'D6'},{'D2'},{'R3'},,,,,,,&,4.0,&
{'D3'},{'D6'},{'D2'},{'R3'},{'R1'},,,,,,&,1.0,&
{'D3'},{'D6'},{'D2'},{'R3'},{'D5'},{'D1'},{'D7'},{'D4'},{'R2'},,&,1.0,&
{'D3'},{'D6'},{'D2'},{'R3'},{'D1'},,,,,,&,1.0,&
{'D3'},{'D6'},{'D2'},{'R3'},{'D1'},{'D5'},{'R2'},{'D7'},{'D4'},,&,1.0,&
{'D3'},{'D6'},{'D2'},{'R3'},{'D1'},{'R2'},{'D5'},{'R1'},{'D7'},,&,1.0,&
{'D3'},{'D6'},{'D2'},{'R3'},{'R2'},,,,,,&,2.0,&
{'D3'},{'D6'},{'D2'},{'R3'},{'R2'},{'D1'},{'R1'},,,,&,1.0,&
{'D3'},{'D6'},{'D2'},{'R3'},{'R2'},{'R1'},{'D1'},,,,&,1.0,&
{'D3'},{'D6'},{'D4'},,,,,,,,&,2.0,&
{'D3'},{'D6'},{'D4'},{'R2'},{'R3'},{'D1'},{'R1'},{'D2'},{'D5'},,&,1.0,&
{'D3'},{'D6'},{'D4'},{'R3'},{'R1'},{'D1'},,,,,&,1.0,&
{'D3'},{'D6'},{'D4'},{'R3'},{'D1'},{'R2'},{'D7'},{'R1'},{'D2'},,&,1.0,&
{'D3'},{'D6'},{'D4'},{'D2'},{'D5'},{'D1'},{'R3'},{'R2'},{'R1'},,&,1.0,&
{'D3'},{'D5'},,,,,,,,,&,34.0,&
{'D3'},{'D5'},{'R1'},,,,,,,,&,2.0,&
{'D3'},{'D5'},{'R1'},{'R2'},,,,,,,&,1.0,&
{'D3'},{'D5'},{'R1'},{'R2'},{'D2'},{'D1'},{'R3'},{'D7'},{'D6'},,&,1.0,&
{'D3'},{'D5'},{'R1'},{'D1'},{'D2'},{'D6'},,,,,&,1.0,&
{'D3'},{'D5'},{'R1'},{'D1'},{'R3'},{'D2'},,,,,&,1.0,&
{'D3'},{'D5'},{'D6'},,,,,,,,&,3.0,&
{'D3'},{'D5'},{'D6'},{'R2'},{'D2'},{'D1'},{'D7'},{'D4'},{'R3'},{'R1'},&,1.0,&
{'D3'},{'D5'},{'D6'},{'D2'},,,,,,,&,1.0,&
{'D3'},{'D5'},{'D6'},{'D2'},{'R3'},{'R1'},,,,,&,1.0,&
{'D3'},{'D5'},{'D6'},{'D2'},{'D1'},{'R2'},{'D4'},{'R3'},,,&,1.0,&
{'D3'},{'D5'},{'D6'},{'D2'},{'R2'},{'D7'},,,,,&,1.0,&
{'D3'},{'D5'},{'D1'},,,,,,,,&,14.0,&
{'D3'},{'D5'},{'D1'},{'R2'},{'D2'},,,,,,&,1.0,&
{'D3'},{'D5'},{'D1'},{'R2'},{'D2'},{'D7'},{'D4'},{'R3'},{'D6'},{'R1'},&,1.0,&
{'D3'},{'D5'},{'D1'},{'R2'},{'D2'},{'D4'},{'R1'},,,,&,1.0,&
{'D3'},{'D5'},{'D1'},{'R2'},{'D7'},{'R3'},{'D2'},{'D4'},{'D6'},{'R1'},&,1.0,&
{'D3'},{'D5'},{'D1'},{'R2'},{'D7'},{'R1'},,,,,&,1.0,&
{'D3'},{'D5'},{'D1'},{'R2'},{'R3'},,,,,,&,2.0,&
{'D3'},{'D5'},{'D1'},{'R2'},{'R3'},{'D2'},{'R1'},{'D7'},,,&,1.0,&
{'D3'},{'D5'},{'D1'},{'D4'},{'D6'},{'D2'},{'R2'},{'R3'},{'R1'},,&,1.0,&
{'D3'},{'D5'},{'D1'},{'R1'},{'D2'},{'R3'},{'R2'},,,,&,1.0,&
{'D3'},{'D5'},{'D1'},{'R3'},{'D2'},{'D7'},,,,,&,2.0,&
{'D3'},{'D5'},{'D1'},{'R3'},{'D2'},{'R2'},{'D6'},{'D7'},{'D4'},,&,1.0,&
{'D3'},{'D5'},{'D1'},{'R3'},{'D2'},{'D6'},{'R2'},{'D7'},{'D4'},{'R1'},&,1.0,&
{'D3'},{'D5'},{'D1'},{'R3'},{'D2'},{'D6'},{'R2'},{'R1'},,,&,1.0,&
{'D3'},{'D5'},{'D1'},{'R3'},{'D2'},{'D6'},{'D4'},{'R2'},{'R1'},{'D7'},&,1.0,&
{'D3'},{'D5'},{'D1'},{'R3'},{'D6'},{'R1'},{'R2'},{'D7'},{'D2'},{'D4'},&,1.0,&
{'D3'},{'D5'},{'D1'},{'R3'},{'R1'},{'R2'},,,,,&,1.0,&
{'D3'},{'D5'},{'D1'},{'R3'},{'R1'},{'D6'},{'R2'},,,,&,1.0,&
{'D3'},{'D5'},{'D1'},{'R3'},{'R2'},,,,,,&,1.0,&
{'D3'},{'D5'},{'D1'},{'R3'},{'R2'},{'D2'},,,,,&,1.0,&
{'D3'},{'D5'},{'D1'},{'R3'},{'R2'},{'D2'},{'R1'},,,,&,1.0,&
{'D3'},{'D5'},{'D1'},{'R3'},{'R2'},{'D2'},{'R1'},{'D6'},,,&,1.0,&
{'D3'},{'D5'},{'D1'},{'D6'},,,,,,,&,2.0,&
{'D3'},{'D5'},{'D1'},{'D6'},{'R3'},{'R2'},{'D2'},{'R1'},,,&,1.0,&
{'D3'},{'D5'},{'D1'},{'D2'},,,,,,,&,3.0,&
{'D3'},{'D5'},{'D1'},{'D2'},{'D6'},,,,,,&,1.0,&
{'D3'},{'D5'},{'D1'},{'D2'},{'D6'},{'R2'},{'R3'},,,,&,1.0,&
{'D3'},{'D5'},{'D1'},{'D2'},{'D6'},{'R3'},{'D7'},{'D4'},,,&,1.0,&
{'D3'},{'D5'},{'D1'},{'D2'},{'D7'},,,,,,&,2.0,&
{'D3'},{'D5'},{'D1'},{'D2'},{'D7'},{'D6'},{'D4'},,,,&,2.0,&
{'D3'},{'D5'},{'D1'},{'D2'},{'D7'},{'D6'},{'D4'},{'R2'},{'R3'},{'R1'},&,1.0,&
{'D3'},{'D5'},{'D1'},{'D2'},{'R3'},{'R2'},{'R1'},{'D6'},{'D7'},{'D4'},&,1.0,&
{'D3'},{'D5'},{'D1'},{'D2'},{'R3'},{'D6'},{'R1'},{'R2'},,,&,1.0,&
{'D3'},{'D5'},{'D1'},{'D2'},{'R3'},{'R1'},{'D7'},{'R2'},{'D6'},{'D4'},&,1.0,&
{'D3'},{'D5'},{'D1'},{'D2'},{'R2'},,,,,,&,1.0,&
{'D3'},{'D5'},{'D1'},{'D2'},{'R2'},{'D4'},{'D7'},,,,&,1.0,&
{'D3'},{'D5'},{'D1'},{'D2'},{'D4'},,,,,,&,1.0,&
{'D3'},{'D5'},{'D7'},,,,,,,,&,2.0,&
{'D3'},{'D5'},{'D7'},{'R2'},{'D2'},,,,,,&,2.0,&
{'D3'},{'D5'},{'D7'},{'R2'},{'D6'},{'D2'},{'D1'},{'R3'},{'R1'},,&,1.0,&
{'D3'},{'D5'},{'D7'},{'R3'},{'D2'},{'D6'},{'R2'},{'R1'},{'D1'},{'D4'},&,1.0,&
{'D3'},{'D5'},{'D7'},{'D2'},{'R3'},{'D1'},{'R2'},{'D6'},{'R1'},,&,1.0,&
{'D3'},{'D5'},{'R3'},,,,,,,,&,6.0,&
{'D3'},{'D5'},{'R3'},{'R2'},,,,,,,&,5.0,&
{'D3'},{'D5'},{'R3'},{'R2'},{'D7'},{'D2'},,,,,&,1.0,&
{'D3'},{'D5'},{'R3'},{'R2'},{'R1'},,,,,,&,6.0,&
{'D3'},{'D5'},{'R3'},{'R2'},{'R1'},{'D1'},,,,,&,1.0,&
{'D3'},{'D5'},{'R3'},{'R2'},{'R1'},{'D2'},,,,,&,1.0,&
{'D3'},{'D5'},{'R3'},{'R2'},{'R1'},{'D2'},{'D1'},,,,&,1.0,&
{'D3'},{'D5'},{'R3'},{'R2'},{'D1'},{'D2'},{'R1'},{'D7'},,,&,1.0,&
{'D3'},{'D5'},{'R3'},{'R2'},{'D1'},{'D2'},{'D6'},{'D7'},{'D4'},{'R1'},&,1.0,&
{'D3'},{'D5'},{'R3'},{'R2'},{'D1'},{'D2'},{'D4'},,,,&,1.0,&
{'D3'},{'D5'},{'R3'},{'D1'},{'D2'},,,,,,&,1.0,&
{'D3'},{'D5'},{'R3'},{'D1'},{'D2'},{'R2'},,,,,&,1.0,&
{'D3'},{'D5'},{'R3'},{'D1'},{'D2'},{'R2'},{'R1'},,,,&,2.0,&
{'D3'},{'D5'},{'R3'},{'D1'},{'R1'},{'D7'},,,,,&,1.0,&
{'D3'},{'D5'},{'R3'},{'D1'},{'R2'},{'D2'},{'R1'},{'D6'},{'D7'},{'D4'},&,1.0,&
{'D3'},{'D5'},{'R3'},{'D1'},{'R2'},{'R1'},,,,,&,1.0,&
{'D3'},{'D5'},{'R3'},{'D4'},,,,,,,&,1.0,&
{'D3'},{'D5'},{'R3'},{'D7'},,,,,,,&,2.0,&
{'D3'},{'D5'},{'R3'},{'D7'},{'D1'},{'R2'},{'D2'},{'D6'},{'D4'},,&,1.0,&
{'D3'},{'D5'},{'R3'},{'R1'},{'D1'},{'D2'},{'R2'},,,,&,1.0,&
{'D3'},{'D5'},{'R3'},{'R1'},{'R2'},,,,,,&,1.0,&
{'D3'},{'D5'},{'R3'},{'R1'},{'R2'},{'D2'},{'D6'},,,,&,1.0,&
{'D3'},{'D5'},{'R3'},{'D6'},{'R2'},{'R1'},,,,,&,1.0,&
{'D3'},{'D5'},{'R3'},{'D2'},,,,,,,&,5.0,&
{'D3'},{'D5'},{'R3'},{'D2'},{'R1'},{'D1'},{'D7'},,,,&,1.0,&
{'D3'},{'D5'},{'R3'},{'D2'},{'R1'},{'D1'},{'R2'},,,,&,1.0,&
{'D3'},{'D5'},{'R3'},{'D2'},{'D1'},{'R2'},{'D7'},{'D6'},{'D4'},{'R1'},&,1.0,&
{'D3'},{'D5'},{'R3'},{'D2'},{'D1'},{'R2'},{'D6'},,,,&,1.0,&
{'D3'},{'D5'},{'R3'},{'D2'},{'D1'},{'R1'},{'R2'},,,,&,1.0,&
{'D3'},{'D5'},{'R3'},{'D2'},{'R2'},,,,,,&,1.0,&
{'D3'},{'D5'},{'R3'},{'D2'},{'R2'},{'R1'},,,,,&,1.0,&
{'D3'},{'D5'},{'R3'},{'D2'},{'R2'},{'R1'},{'D1'},,,,&,1.0,&
{'D3'},{'D5'},{'R2'},,,,,,,,&,16.0,&
{'D3'},{'D5'},{'R2'},{'D1'},{'D2'},{'D6'},,,,,&,1.0,&
{'D3'},{'D5'},{'R2'},{'D1'},{'R1'},{'R3'},{'D2'},,,,&,1.0,&
{'D3'},{'D5'},{'R2'},{'D1'},{'R1'},{'R3'},{'D2'},{'D7'},{'D6'},{'D4'},&,1.0,&
{'D3'},{'D5'},{'R2'},{'D7'},{'R3'},{'D2'},{'D1'},{'R1'},{'D6'},,&,1.0,&
{'D3'},{'D5'},{'R2'},{'R1'},,,,,,,&,2.0,&
{'D3'},{'D5'},{'R2'},{'R1'},{'D2'},{'R3'},,,,,&,1.0,&
{'D3'},{'D5'},{'R2'},{'R1'},{'R3'},{'D2'},{'D1'},{'D6'},{'D4'},,&,1.0,&
{'D3'},{'D5'},{'R2'},{'R3'},,,,,,,&,2.0,&
{'D3'},{'D5'},{'R2'},{'R3'},{'D2'},{'D1'},{'D7'},{'R1'},{'D6'},{'D4'},&,1.0,&
{'D3'},{'D5'},{'R2'},{'R3'},{'D2'},{'D4'},{'D1'},,,,&,1.0,&
{'D3'},{'D5'},{'R2'},{'R3'},{'R1'},{'D1'},{'D6'},,,,&,1.0,&
{'D3'},{'D5'},{'R2'},{'R3'},{'R1'},{'D2'},{'D1'},,,,&,1.0,&
{'D3'},{'D5'},{'R2'},{'R3'},{'D1'},{'D7'},,,,,&,1.0,&
{'D3'},{'D5'},{'R2'},{'R3'},{'D1'},{'D7'},{'R1'},{'D2'},,,&,1.0,&
{'D3'},{'D5'},{'R2'},{'R3'},{'D1'},{'D7'},{'D6'},{'D2'},{'R1'},,&,1.0,&
{'D3'},{'D5'},{'R2'},{'R3'},{'D1'},{'D2'},,,,,&,1.0,&
{'D3'},{'D5'},{'R2'},{'D6'},{'R3'},,,,,,&,1.0,&
{'D3'},{'D5'},{'R2'},{'D6'},{'R3'},{'R1'},{'D1'},{'D2'},{'D7'},,&,1.0,&
{'D3'},{'D5'},{'R2'},{'D2'},,,,,,,&,1.0,&
{'D3'},{'D5'},{'R2'},{'D2'},{'D6'},{'D1'},{'R3'},{'D7'},{'R1'},,&,1.0,&
{'D3'},{'D5'},{'R2'},{'D2'},{'D7'},{'D1'},,,,,&,1.0,&
{'D3'},{'D5'},{'R2'},{'D2'},{'D7'},{'D1'},{'D6'},,,,&,1.0,&
{'D3'},{'D5'},{'R2'},{'D2'},{'D7'},{'R3'},{'D6'},,,,&,1.0,&
{'D3'},{'D5'},{'R2'},{'D2'},{'R3'},{'D1'},,,,,&,1.0,&
{'D3'},{'D5'},{'R2'},{'D2'},{'R3'},{'D1'},{'R1'},{'D7'},{'D6'},{'D4'},&,1.0,&
{'D3'},{'D5'},{'R2'},{'D2'},{'R3'},{'D1'},{'D6'},,,,&,1.0,&
{'D3'},{'D5'},{'R2'},{'D2'},{'D1'},,,,,,&,1.0,&
{'D3'},{'D5'},{'R2'},{'D2'},{'D1'},{'D6'},{'D7'},{'R3'},{'D4'},,&,1.0,&
{'D3'},{'D5'},{'R2'},{'D2'},{'D1'},{'R3'},,,,,&,1.0,&
{'D3'},{'D5'},{'R2'},{'D2'},{'D4'},{'R3'},,,,,&,1.0,&
{'D3'},{'D5'},{'D2'},,,,,,,,&,19.0,&
{'D3'},{'D5'},{'D2'},{'R2'},,,,,,,&,3.0,&
{'D3'},{'D5'},{'D2'},{'R2'},{'D6'},{'D1'},{'R3'},{'D4'},,,&,1.0,&
{'D3'},{'D5'},{'D2'},{'R2'},{'D6'},{'R3'},{'D1'},,,,&,1.0,&
{'D3'},{'D5'},{'D2'},{'R2'},{'D7'},{'R3'},{'R1'},,,,&,1.0,&
{'D3'},{'D5'},{'D2'},{'R2'},{'R1'},,,,,,&,1.0,&
{'D3'},{'D5'},{'D2'},{'R2'},{'R1'},{'D1'},,,,,&,1.0,&
{'D3'},{'D5'},{'D2'},{'R2'},{'R1'},{'D1'},{'R3'},{'D7'},,,&,1.0,&
{'D3'},{'D5'},{'D2'},{'R2'},{'R3'},,,,,,&,1.0,&
{'D3'},{'D5'},{'D2'},{'R2'},{'R3'},{'D1'},{'R1'},{'D4'},,,&,1.0,&
{'D3'},{'D5'},{'D2'},{'R2'},{'R3'},{'D1'},{'D6'},{'D7'},{'R1'},{'D4'},&,1.0,&
{'D3'},{'D5'},{'D2'},{'R2'},{'R3'},{'R1'},,,,,&,2.0,&
{'D3'},{'D5'},{'D2'},{'R2'},{'D1'},{'D6'},,,,,&,1.0,&
{'D3'},{'D5'},{'D2'},{'R2'},{'D1'},{'D6'},{'D4'},{'D7'},{'R1'},{'R3'},&,1.0,&
{'D3'},{'D5'},{'D2'},{'R2'},{'D1'},{'R3'},{'R1'},,,,&,1.0,&
{'D3'},{'D5'},{'D2'},{'R2'},{'D1'},{'R3'},{'D6'},{'D7'},,,&,1.0,&
{'D3'},{'D5'},{'D2'},{'R2'},{'D1'},{'R1'},,,,,&,1.0,&
{'D3'},{'D5'},{'D2'},{'D1'},,,,,,,&,4.0,&
{'D3'},{'D5'},{'D2'},{'D1'},{'D6'},,,,,,&,1.0,&
{'D3'},{'D5'},{'D2'},{'D1'},{'D6'},{'D7'},{'R3'},{'D4'},,,&,1.0,&
{'D3'},{'D5'},{'D2'},{'D1'},{'D6'},{'R2'},,,,,&,1.0,&
{'D3'},{'D5'},{'D2'},{'D1'},{'D6'},{'R2'},{'D7'},{'D4'},{'R3'},{'R1'},&,1.0,&
{'D3'},{'D5'},{'D2'},{'D1'},{'D6'},{'R2'},{'D7'},{'R3'},{'D4'},{'R1'},&,1.0,&
{'D3'},{'D5'},{'D2'},{'D1'},{'D6'},{'R2'},{'R3'},,,,&,1.0,&
{'D3'},{'D5'},{'D2'},{'D1'},{'D6'},{'R2'},{'R3'},{'R1'},{'D7'},,&,1.0,&
{'D3'},{'D5'},{'D2'},{'D1'},{'D6'},{'R2'},{'R1'},{'R3'},{'D7'},{'D4'},&,1.0,&
{'D3'},{'D5'},{'D2'},{'D1'},{'D7'},,,,,,&,1.0,&
{'D3'},{'D5'},{'D2'},{'D1'},{'D7'},{'D6'},{'D4'},{'R1'},{'R3'},,&,1.0,&
{'D3'},{'D5'},{'D2'},{'D1'},{'D7'},{'R3'},,,,,&,1.0,&
{'D3'},{'D5'},{'D2'},{'D1'},{'D7'},{'D4'},{'R3'},,,,&,1.0,&
{'D3'},{'D5'},{'D2'},{'D1'},{'R1'},,,,,,&,1.0,&
{'D3'},{'D5'},{'D2'},{'D1'},{'R3'},{'R2'},,,,,&,1.0,&
{'D3'},{'D5'},{'D2'},{'D1'},{'R3'},{'R2'},{'D7'},{'D6'},{'R1'},{'D4'},&,1.0,&
{'D3'},{'D5'},{'D2'},{'D1'},{'R2'},{'D6'},{'D4'},{'R3'},{'D7'},,&,1.0,&
{'D3'},{'D5'},{'D2'},{'D1'},{'R2'},{'R3'},{'D6'},{'R1'},,,&,1.0,&
{'D3'},{'D5'},{'D2'},{'D1'},{'D4'},,,,,,&,3.0,&
{'D3'},{'D5'},{'D2'},{'D7'},,,,,,,&,1.0,&
{'D3'},{'D5'},{'D2'},{'D7'},{'D1'},{'R2'},{'R3'},{'R1'},,,&,1.0,&
{'D3'},{'D5'},{'D2'},{'D7'},{'D1'},{'D6'},{'D4'},{'R2'},{'R1'},{'R3'},&,1.0,&
{'D3'},{'D5'},{'D2'},{'D7'},{'R2'},{'D1'},,,,,&,1.0,&
{'D3'},{'D5'},{'D2'},{'R1'},{'D1'},{'D7'},{'D4'},{'R2'},{'D6'},,&,1.0,&
{'D3'},{'D5'},{'D2'},{'R1'},{'R2'},,,,,,&,1.0,&
{'D3'},{'D5'},{'D2'},{'R1'},{'R2'},{'D1'},{'R3'},,,,&,1.0,&
{'D3'},{'D5'},{'D2'},{'R1'},{'R2'},{'D1'},{'R3'},{'D7'},,,&,1.0,&
{'D3'},{'D5'},{'D2'},{'R3'},,,,,,,&,3.0,&
{'D3'},{'D5'},{'D2'},{'R3'},{'D6'},,,,,,&,1.0,&
{'D3'},{'D5'},{'D2'},{'R3'},{'R1'},{'R2'},,,,,&,1.0,&
{'D3'},{'D5'},{'D2'},{'R3'},{'D1'},,,,,,&,1.0,&
{'D3'},{'D5'},{'D2'},{'R3'},{'D1'},{'D7'},{'D6'},{'D4'},{'R2'},,&,1.0,&
{'D3'},{'D5'},{'D2'},{'R3'},{'D1'},{'R2'},{'D6'},{'D7'},{'R1'},,&,1.0,&
{'D3'},{'D5'},{'D2'},{'R3'},{'R2'},,,,,,&,1.0,&
{'D3'},{'D5'},{'D2'},{'R3'},{'R2'},{'R1'},{'D1'},,,,&,1.0,&
{'D3'},{'D5'},{'D2'},{'R3'},{'R2'},{'R1'},{'D1'},{'D6'},{'D7'},,&,1.0,&
{'D3'},{'D5'},{'D2'},{'D6'},{'R3'},{'R1'},{'D1'},{'D4'},{'R2'},{'D7'},&,1.0,&
{'D3'},{'D5'},{'D2'},{'D6'},{'D1'},{'R3'},{'D7'},{'D4'},{'R2'},,&,1.0,&
{'D3'},{'D5'},{'D2'},{'D6'},{'R2'},{'D1'},,,,,&,1.0,&
{'D3'},{'D5'},{'D4'},,,,,,,,&,1.0,&
{'D3'},{'D5'},{'D4'},{'D2'},{'D7'},{'D6'},,,,,&,1.0,&
{'D3'},{'R1'},,,,,,,,,&,20.0,&
{'D3'},{'R1'},{'D6'},,,,,,,,&,5.0,&
{'D3'},{'R1'},{'D6'},{'R2'},,,,,,,&,1.0,&
{'D3'},{'R1'},{'D6'},{'R2'},{'R3'},{'D5'},{'D1'},{'D2'},{'D4'},{'D7'},&,1.0,&
{'D3'},{'R1'},{'D6'},{'R3'},{'D2'},{'D1'},{'R2'},{'D7'},{'D5'},,&,1.0,&
{'D3'},{'R1'},{'D6'},{'R3'},{'R2'},,,,,,&,1.0,&
{'D3'},{'R1'},{'D6'},{'R3'},{'R2'},{'D1'},,,,,&,1.0,&
{'D3'},{'R1'},{'D5'},,,,,,,,&,1.0,&
{'D3'},{'R1'},{'D5'},{'R2'},{'D6'},{'D1'},,,,,&,1.0,&
{'D3'},{'R1'},{'D5'},{'R2'},{'D1'},{'D2'},{'R3'},{'D6'},{'D4'},,&,1.0,&
{'D3'},{'R1'},{'D5'},{'R2'},{'D1'},{'D2'},{'D6'},{'R3'},{'D7'},{'D4'},&,1.0,&
{'D3'},{'R1'},{'D5'},{'D1'},{'D2'},{'R2'},{'D6'},{'R3'},,,&,1.0,&
{'D3'},{'R1'},{'D5'},{'D1'},{'R3'},{'D2'},,,,,&,1.0,&
{'D3'},{'R1'},{'D5'},{'D7'},{'D1'},{'R2'},,,,,&,1.0,&
{'D3'},{'R1'},{'D5'},{'D7'},{'D4'},{'D2'},{'D1'},{'R3'},{'D6'},{'R2'},&,1.0,&
{'D3'},{'R1'},{'D5'},{'R3'},{'D7'},{'D2'},{'R2'},{'D6'},,,&,1.0,&
{'D3'},{'R1'},{'D5'},{'R3'},{'R2'},{'D7'},,,,,&,1.0,&
{'D3'},{'R1'},{'D5'},{'D6'},{'D1'},{'D2'},{'R2'},{'R3'},{'D7'},{'D4'},&,1.0,&
{'D3'},{'R1'},{'D5'},{'D6'},{'D1'},{'R3'},{'D2'},{'R2'},{'D7'},,&,1.0,&
{'D3'},{'R1'},{'D5'},{'D2'},{'R2'},,,,,,&,1.0,&
{'D3'},{'R1'},{'D1'},,,,,,,,&,9.0,&
{'D3'},{'R1'},{'D1'},{'R2'},,,,,,,&,2.0,&
{'D3'},{'R1'},{'D1'},{'R2'},{'D2'},,,,,,&,2.0,&
{'D3'},{'R1'},{'D1'},{'R2'},{'D2'},{'R3'},,,,,&,1.0,&
{'D3'},{'R1'},{'D1'},{'R2'},{'D2'},{'R3'},{'D6'},{'D5'},,,&,1.0,&
{'D3'},{'R1'},{'D1'},{'R2'},{'D6'},{'R3'},{'D2'},{'D7'},{'D5'},,&,1.0,&
{'D3'},{'R1'},{'D1'},{'R2'},{'R3'},,,,,,&,2.0,&
{'D3'},{'R1'},{'D1'},{'D4'},{'R2'},{'D7'},{'D2'},{'R3'},{'D6'},{'D5'},&,1.0,&
{'D3'},{'R1'},{'D1'},{'D7'},{'D2'},{'R3'},{'D4'},{'D5'},,,&,1.0,&
{'D3'},{'R1'},{'D1'},{'D7'},{'R3'},{'D2'},{'D6'},{'D4'},{'R2'},,&,1.0,&
{'D3'},{'R1'},{'D1'},{'R3'},,,,,,,&,1.0,&
{'D3'},{'R1'},{'D1'},{'R3'},{'D2'},{'D6'},{'D7'},{'D5'},,,&,1.0,&
{'D3'},{'R1'},{'D1'},{'R3'},{'D2'},{'D6'},{'D7'},{'D5'},{'D4'},,&,1.0,&
{'D3'},{'R1'},{'D1'},{'R3'},{'D2'},{'D6'},{'R2'},{'D7'},,,&,1.0,&
{'D3'},{'R1'},{'D1'},{'R3'},{'R2'},{'D5'},,,,,&,1.0,&
{'D3'},{'R1'},{'D1'},{'R3'},{'R2'},{'D2'},,,,,&,1.0,&
{'D3'},{'R1'},{'D1'},{'D6'},{'R2'},{'D2'},{'D5'},{'D7'},{'D4'},,&,1.0,&
{'D3'},{'R1'},{'D1'},{'D2'},,,,,,,&,4.0,&
{'D3'},{'R1'},{'D1'},{'D2'},{'D6'},{'D7'},{'R2'},,,,&,1.0,&
{'D3'},{'R1'},{'D1'},{'D2'},{'D6'},{'D7'},{'R2'},{'D4'},{'D5'},,&,1.0,&
{'D3'},{'R1'},{'D1'},{'D2'},{'D6'},{'D5'},{'D7'},{'R2'},,,&,1.0,&
{'D3'},{'R1'},{'D1'},{'D2'},{'D6'},{'R2'},{'D4'},{'R3'},{'D5'},,&,1.0,&
{'D3'},{'R1'},{'D1'},{'D2'},{'D7'},,,,,,&,1.0,&
{'D3'},{'R1'},{'D1'},{'D2'},{'D7'},{'R2'},{'D5'},,,,&,1.0,&
{'D3'},{'R1'},{'D1'},{'D2'},{'D5'},{'R2'},{'D7'},{'R3'},,,&,1.0,&
{'D3'},{'R1'},{'D1'},{'D2'},{'R3'},{'R2'},{'D5'},,,,&,1.0,&
{'D3'},{'R1'},{'D1'},{'D2'},{'R3'},{'R2'},{'D6'},,,,&,1.0,&
{'D3'},{'R1'},{'D1'},{'D2'},{'R3'},{'R2'},{'D4'},,,,&,1.0,&
{'D3'},{'R1'},{'D1'},{'D2'},{'R3'},{'D4'},{'D6'},{'D7'},{'D5'},{'R2'},&,1.0,&
{'D3'},{'R1'},{'D1'},{'D2'},{'R2'},,,,,,&,1.0,&
{'D3'},{'R1'},{'D1'},{'D2'},{'D4'},,,,,,&,1.0,&
{'D3'},{'R1'},{'D7'},,,,,,,,&,1.0,&
{'D3'},{'R1'},{'D7'},{'R2'},{'R3'},{'D2'},,,,,&,1.0,&
{'D3'},{'R1'},{'D7'},{'D1'},{'D4'},{'D6'},{'R2'},{'R3'},{'D2'},,&,1.0,&
{'D3'},{'R1'},{'D7'},{'R3'},{'D6'},{'R2'},{'D1'},{'D2'},{'D5'},{'D4'},&,1.0,&
{'D3'},{'R1'},{'D7'},{'R3'},{'R2'},{'D2'},{'D1'},,,,&,1.0,&
{'D3'},{'R1'},{'D7'},{'D2'},{'R3'},,,,,,&,1.0,&
{'D3'},{'R1'},{'R3'},,,,,,,,&,7.0,&
{'D3'},{'R1'},{'R3'},{'R2'},,,,,,,&,2.0,&
{'D3'},{'R1'},{'R3'},{'R2'},{'D2'},,,,,,&,2.0,&
{'D3'},{'R1'},{'R3'},{'R2'},{'D2'},{'D1'},{'D7'},{'D5'},{'D6'},,&,1.0,&
{'D3'},{'R1'},{'R3'},{'R2'},{'D2'},{'D1'},{'D5'},{'D6'},{'D4'},{'D7'},&,1.0,&
{'D3'},{'R1'},{'R3'},{'R2'},{'D2'},{'D1'},{'D5'},{'D7'},{'D4'},{'D6'},&,1.0,&
{'D3'},{'R1'},{'R3'},{'R2'},{'D2'},{'D1'},{'D6'},{'D5'},,,&,1.0,&
{'D3'},{'R1'},{'R3'},{'R2'},{'D2'},{'D6'},{'D1'},{'D5'},,,&,1.0,&
{'D3'},{'R1'},{'R3'},{'R2'},{'D1'},,,,,,&,1.0,&
{'D3'},{'R1'},{'R3'},{'R2'},{'D1'},{'D2'},{'D7'},{'D6'},{'D5'},{'D4'},&,1.0,&
{'D3'},{'R1'},{'R3'},{'D1'},,,,,,,&,2.0,&
{'D3'},{'R1'},{'R3'},{'D1'},{'D2'},,,,,,&,1.0,&
{'D3'},{'R1'},{'R3'},{'D1'},{'D2'},{'D5'},{'R2'},{'D7'},{'D6'},{'D4'},&,1.0,&
{'D3'},{'R1'},{'R3'},{'D1'},{'D2'},{'D6'},,,,,&,1.0,&
{'D3'},{'R1'},{'R3'},{'D1'},{'D2'},{'D6'},{'D7'},{'R2'},{'D5'},,&,1.0,&
{'D3'},{'R1'},{'R3'},{'D1'},{'D2'},{'D4'},{'D7'},,,,&,1.0,&
{'D3'},{'R1'},{'R3'},{'D1'},{'R2'},{'D2'},{'D7'},{'D6'},,,&,1.0,&
{'D3'},{'R1'},{'R3'},{'D1'},{'R2'},{'D2'},{'D5'},,,,&,1.0,&
{'D3'},{'R1'},{'R3'},{'D5'},{'D1'},,,,,,&,1.0,&
{'D3'},{'R1'},{'R3'},{'D4'},{'D6'},{'D1'},{'D2'},,,,&,1.0,&
{'D3'},{'R1'},{'R3'},{'D7'},{'D2'},{'D1'},{'D6'},{'R2'},,,&,1.0,&
{'D3'},{'R1'},{'R3'},{'D7'},{'R2'},{'D1'},,,,,&,1.0,&
{'D3'},{'R1'},{'R3'},{'D7'},{'R2'},{'D2'},{'D5'},{'D1'},{'D4'},,&,1.0,&
{'D3'},{'R1'},{'R3'},{'D6'},{'D2'},{'D1'},{'R2'},{'D5'},{'D7'},{'D4'},&,1.0,&
{'D3'},{'R1'},{'R3'},{'D2'},{'D6'},,,,,,&,2.0,&
{'D3'},{'R1'},{'R3'},{'D2'},{'D6'},{'D1'},,,,,&,1.0,&
{'D3'},{'R1'},{'R3'},{'D2'},{'D6'},{'D1'},{'D5'},{'R2'},,,&,1.0,&
{'D3'},{'R1'},{'R3'},{'D2'},{'D5'},{'D1'},,,,,&,1.0,&
{'D3'},{'R1'},{'R3'},{'D2'},{'D5'},{'D1'},{'R2'},,,,&,1.0,&
{'D3'},{'R1'},{'R3'},{'D2'},{'D1'},{'D7'},{'R2'},{'D6'},{'D5'},,&,1.0,&
{'D3'},{'R1'},{'R3'},{'D2'},{'D1'},{'D5'},{'D7'},{'R2'},{'D6'},{'D4'},&,1.0,&
{'D3'},{'R1'},{'R3'},{'D2'},{'D1'},{'D6'},{'D7'},{'R2'},,,&,1.0,&
{'D3'},{'R1'},{'R3'},{'D2'},{'D1'},{'D6'},{'R2'},{'D5'},{'D7'},{'D4'},&,1.0,&
{'D3'},{'R1'},{'R3'},{'D2'},{'R2'},,,,,,&,1.0,&
{'D3'},{'R1'},{'R3'},{'D2'},{'R2'},{'D1'},{'D7'},{'D6'},{'D5'},{'D4'},&,1.0,&
{'D3'},{'R1'},{'R3'},{'D2'},{'R2'},{'D1'},{'D5'},{'D6'},{'D7'},,&,1.0,&
{'D3'},{'R1'},{'R3'},{'D2'},{'R2'},{'D1'},{'D5'},{'D6'},{'D7'},{'D4'},&,1.0,&
{'D3'},{'R1'},{'R3'},{'D2'},{'R2'},{'D4'},{'D1'},,,,&,1.0,&
{'D3'},{'R1'},{'R2'},,,,,,,,&,12.0,&
{'D3'},{'R1'},{'R2'},{'D1'},{'D2'},{'D5'},,,,,&,2.0,&
{'D3'},{'R1'},{'R2'},{'D1'},{'D2'},{'D5'},{'R3'},{'D7'},{'D6'},{'D4'},&,1.0,&
{'D3'},{'R1'},{'R2'},{'D1'},{'D2'},{'D5'},{'R3'},{'D7'},{'D4'},{'D6'},&,1.0,&
{'D3'},{'R1'},{'R2'},{'D1'},{'D2'},{'D6'},{'R3'},,,,&,1.0,&
{'D3'},{'R1'},{'R2'},{'D1'},{'D2'},{'D6'},{'R3'},{'D5'},{'D7'},,&,1.0,&
{'D3'},{'R1'},{'R2'},{'D1'},{'D2'},{'D6'},{'D5'},{'R3'},,,&,1.0,&
{'D3'},{'R1'},{'R2'},{'D1'},{'D6'},,,,,,&,1.0,&
{'D3'},{'R1'},{'R2'},{'D1'},{'D7'},{'R3'},{'D2'},,,,&,1.0,&
{'D3'},{'R1'},{'R2'},{'D1'},{'R3'},{'D5'},,,,,&,1.0,&
{'D3'},{'R1'},{'R2'},{'D1'},{'R3'},{'D2'},{'D7'},{'D5'},{'D6'},,&,1.0,&
{'D3'},{'R1'},{'R2'},{'D1'},{'R3'},{'D2'},{'D5'},,,,&,1.0,&
{'D3'},{'R1'},{'R2'},{'D1'},{'R3'},{'D2'},{'D5'},{'D7'},,,&,1.0,&
{'D3'},{'R1'},{'R2'},{'D1'},{'R3'},{'D2'},{'D6'},,,,&,1.0,&
{'D3'},{'R1'},{'R2'},{'D1'},{'R3'},{'D2'},{'D6'},{'D7'},{'D5'},,&,1.0,&
{'D3'},{'R1'},{'R2'},{'D5'},{'D2'},{'D1'},{'R3'},{'D4'},{'D6'},{'D7'},&,1.0,&
{'D3'},{'R1'},{'R2'},{'D5'},{'D7'},{'D2'},{'D4'},{'R3'},{'D1'},,&,1.0,&
{'D3'},{'R1'},{'R2'},{'D5'},{'R3'},,,,,,&,1.0,&
{'D3'},{'R1'},{'R2'},{'D7'},{'D2'},{'R3'},{'D5'},{'D1'},,,&,1.0,&
{'D3'},{'R1'},{'R2'},{'R3'},,,,,,,&,3.0,&
{'D3'},{'R1'},{'R2'},{'R3'},{'D2'},,,,,,&,3.0,&
{'D3'},{'R1'},{'R2'},{'R3'},{'D2'},{'D1'},,,,,&,1.0,&
{'D3'},{'R1'},{'R2'},{'R3'},{'D2'},{'D1'},{'D5'},{'D6'},{'D7'},,&,1.0,&
{'D3'},{'R1'},{'R2'},{'R3'},{'D2'},{'D1'},{'D5'},{'D6'},{'D4'},{'D7'},&,1.0,&
{'D3'},{'R1'},{'R2'},{'R3'},{'D2'},{'D1'},{'D6'},{'D5'},,,&,1.0,&
{'D3'},{'R1'},{'R2'},{'R3'},{'D2'},{'D1'},{'D4'},{'D6'},,,&,1.0,&
{'D3'},{'R1'},{'R2'},{'R3'},{'D6'},,,,,,&,1.0,&
{'D3'},{'R1'},{'R2'},{'R3'},{'D6'},{'D2'},{'D1'},,,,&,1.0,&
{'D3'},{'R1'},{'R2'},{'R3'},{'D1'},,,,,,&,2.0,&
{'D3'},{'R1'},{'R2'},{'R3'},{'D1'},{'D2'},,,,,&,1.0,&
{'D3'},{'R1'},{'R2'},{'R3'},{'D1'},{'D2'},{'D7'},,,,&,1.0,&
{'D3'},{'R1'},{'R2'},{'R3'},{'D1'},{'D2'},{'D7'},{'D5'},{'D6'},{'D4'},&,1.0,&
{'D3'},{'R1'},{'R2'},{'R3'},{'D1'},{'D2'},{'D5'},,,,&,1.0,&
{'D3'},{'R1'},{'R2'},{'R3'},{'D4'},{'D6'},,,,,&,1.0,&
{'D3'},{'R1'},{'R2'},{'D6'},{'R3'},{'D1'},{'D2'},{'D4'},,,&,1.0,&
{'D3'},{'R1'},{'R2'},{'D2'},,,,,,,&,1.0,&
{'D3'},{'R1'},{'R2'},{'D2'},{'D6'},{'R3'},{'D1'},,,,&,1.0,&
{'D3'},{'R1'},{'R2'},{'D2'},{'D5'},{'D1'},{'D6'},{'D7'},{'D4'},{'R3'},&,1.0,&
{'D3'},{'R1'},{'R2'},{'D2'},{'D5'},{'R3'},{'D7'},{'D1'},{'D6'},{'D4'},&,1.0,&
{'D3'},{'R1'},{'R2'},{'D2'},{'R3'},{'D1'},{'D7'},{'D6'},,,&,1.0,&
{'D3'},{'R1'},{'R2'},{'D2'},{'R3'},{'D1'},{'D5'},{'D7'},,,&,1.0,&
{'D3'},{'R1'},{'R2'},{'D2'},{'R3'},{'D1'},{'D6'},{'D4'},{'D5'},{'D7'},&,1.0,&
{'D3'},{'R1'},{'R2'},{'D2'},{'R3'},{'D1'},{'D6'},{'D5'},{'D7'},{'D4'},&,1.0,&
{'D3'},{'R1'},{'R2'},{'D2'},{'D1'},{'D7'},{'R3'},,,,&,1.0,&
{'D3'},{'R1'},{'R2'},{'D2'},{'D1'},{'D7'},{'D6'},{'D5'},,,&,1.0,&
{'D3'},{'R1'},{'R2'},{'D2'},{'D1'},{'R3'},{'D4'},{'D5'},,,&,1.0,&
{'D3'},{'R1'},{'R2'},{'D2'},{'D4'},,,,,,&,1.0,&
{'D3'},{'R1'},{'D2'},,,,,,,,&,13.0,&
{'D3'},{'R1'},{'D2'},{'R2'},,,,,,,&,2.0,&
{'D3'},{'R1'},{'D2'},{'R2'},{'D6'},{'D1'},,,,,&,1.0,&
{'D3'},{'R1'},{'D2'},{'R2'},{'D5'},,,,,,&,1.0,&
{'D3'},{'R1'},{'D2'},{'R2'},{'R3'},,,,,,&,2.0,&
{'D3'},{'R1'},{'D2'},{'R2'},{'R3'},{'D1'},,,,,&,1.0,&
{'D3'},{'R1'},{'D2'},{'R2'},{'R3'},{'D1'},{'D5'},{'D7'},,,&,1.0,&
{'D3'},{'R1'},{'D2'},{'R2'},{'R3'},{'D1'},{'D6'},{'D7'},{'D5'},{'D4'},&,1.0,&
{'D3'},{'R1'},{'D2'},{'R2'},{'R3'},{'D5'},{'D1'},,,,&,1.0,&
{'D3'},{'R1'},{'D2'},{'R2'},{'D1'},,,,,,&,2.0,&
{'D3'},{'R1'},{'D2'},{'R2'},{'D1'},{'D7'},{'D6'},{'D5'},{'R3'},,&,1.0,&
{'D3'},{'R1'},{'D2'},{'R2'},{'D1'},{'D6'},{'R3'},{'D5'},{'D4'},{'D7'},&,1.0,&
{'D3'},{'R1'},{'D2'},{'D1'},,,,,,,&,8.0,&
{'D3'},{'R1'},{'D2'},{'D1'},{'D6'},,,,,,&,1.0,&
{'D3'},{'R1'},{'D2'},{'D1'},{'D6'},{'D5'},{'D7'},{'R2'},{'D4'},,&,2.0,&
{'D3'},{'R1'},{'D2'},{'D1'},{'D6'},{'R2'},,,,,&,1.0,&
{'D3'},{'R1'},{'D2'},{'D1'},{'D6'},{'R2'},{'D7'},{'D5'},{'D4'},,&,1.0,&
{'D3'},{'R1'},{'D2'},{'D1'},{'D6'},{'R2'},{'R3'},,,,&,1.0,&
{'D3'},{'R1'},{'D2'},{'D1'},{'D6'},{'R2'},{'D5'},{'D7'},{'D4'},{'R3'},&,1.0,&
{'D3'},{'R1'},{'D2'},{'D1'},{'D7'},,,,,,&,2.0,&
{'D3'},{'R1'},{'D2'},{'D1'},{'D7'},{'R3'},{'D6'},{'D4'},{'D5'},{'R2'},&,1.0,&
{'D3'},{'R1'},{'D2'},{'D1'},{'D7'},{'D4'},{'R2'},{'D5'},,,&,1.0,&
{'D3'},{'R1'},{'D2'},{'D1'},{'D5'},,,,,,&,2.0,&
{'D3'},{'R1'},{'D2'},{'D1'},{'D5'},{'R2'},{'R3'},,,,&,1.0,&
{'D3'},{'R1'},{'D2'},{'D1'},{'D5'},{'R2'},{'D6'},{'D4'},{'R3'},,&,1.0,&
{'D3'},{'R1'},{'D2'},{'D1'},{'D5'},{'D6'},{'R3'},{'R2'},{'D4'},,&,1.0,&
{'D3'},{'R1'},{'D2'},{'D1'},{'D5'},{'R3'},{'D4'},{'D6'},{'D7'},{'R2'},&,1.0,&
{'D3'},{'R1'},{'D2'},{'D1'},{'R3'},,,,,,&,1.0,&
{'D3'},{'R1'},{'D2'},{'D1'},{'R3'},{'D7'},,,,,&,1.0,&
{'D3'},{'R1'},{'D2'},{'D1'},{'R3'},{'D7'},{'D6'},{'D5'},{'D4'},,&,1.0,&
{'D3'},{'R1'},{'D2'},{'D1'},{'R3'},{'R2'},{'D6'},,,,&,1.0,&
{'D3'},{'R1'},{'D2'},{'D1'},{'R3'},{'R2'},{'D6'},{'D7'},,,&,1.0,&
{'D3'},{'R1'},{'D2'},{'D1'},{'R3'},{'R2'},{'D4'},{'D7'},{'D6'},,&,1.0,&
{'D3'},{'R1'},{'D2'},{'D1'},{'R2'},{'D6'},,,,,&,2.0,&
{'D3'},{'R1'},{'D2'},{'D1'},{'R2'},{'D6'},{'R3'},,,,&,1.0,&
{'D3'},{'R1'},{'D2'},{'D1'},{'R2'},{'R3'},{'D6'},{'D5'},{'D4'},,&,1.0,&
{'D3'},{'R1'},{'D2'},{'D5'},{'D6'},{'D7'},{'D1'},{'R2'},{'R3'},{'D4'},&,1.0,&
{'D3'},{'R1'},{'D2'},{'D5'},{'D1'},,,,,,&,1.0,&
{'D3'},{'R1'},{'D2'},{'D5'},{'D1'},{'D7'},,,,,&,1.0,&
{'D3'},{'R1'},{'D2'},{'D5'},{'D1'},{'R2'},{'R3'},,,,&,1.0,&
{'D3'},{'R1'},{'D2'},{'D5'},{'D1'},{'R2'},{'D6'},{'D7'},,,&,1.0,&
{'D3'},{'R1'},{'D2'},{'D5'},{'D1'},{'D4'},{'R3'},{'D6'},{'R2'},,&,1.0,&
{'D3'},{'R1'},{'D2'},{'D4'},{'R2'},{'R3'},,,,,&,1.0,&
{'D3'},{'R1'},{'D2'},{'D7'},{'D6'},{'D1'},,,,,&,1.0,&
{'D3'},{'R1'},{'D2'},{'D7'},{'D5'},{'R2'},{'D6'},,,,&,1.0,&
{'D3'},{'R1'},{'D2'},{'D7'},{'R3'},{'R2'},{'D5'},,,,&,1.0,&
{'D3'},{'R1'},{'D2'},{'D7'},{'D1'},{'R2'},{'D6'},{'R3'},{'D5'},{'D4'},&,1.0,&
{'D3'},{'R1'},{'D2'},{'R3'},,,,,,,&,3.0,&
{'D3'},{'R1'},{'D2'},{'R3'},{'D7'},{'D1'},{'D4'},,,,&,1.0,&
{'D3'},{'R1'},{'D2'},{'R3'},{'D1'},,,,,,&,1.0,&
{'D3'},{'R1'},{'D2'},{'R3'},{'D1'},{'R2'},{'D6'},,,,&,1.0,&
{'D3'},{'R1'},{'D2'},{'R3'},{'D1'},{'R2'},{'D6'},{'D7'},,,&,1.0,&
{'D3'},{'R1'},{'D2'},{'R3'},{'D1'},{'D4'},,,,,&,1.0,&
{'D3'},{'R1'},{'D2'},{'R3'},{'R2'},{'D1'},{'D7'},{'D6'},{'D5'},{'D4'},&,1.0,&
{'D3'},{'R1'},{'D2'},{'D6'},{'D7'},,,,,,&,1.0,&
{'D3'},{'R1'},{'D2'},{'D6'},{'D1'},{'D7'},{'R2'},{'D4'},{'R3'},,&,1.0,&
{'D3'},{'R1'},{'D4'},{'R2'},{'R3'},,,,,,&,1.0,&
{'D3'},{'R1'},{'D4'},{'R2'},{'D1'},{'D2'},{'R3'},{'D7'},{'D5'},{'D6'},&,1.0,&
{'D3'},{'R1'},{'D4'},{'D2'},,,,,,,&,1.0,&
{'D3'},{'D4'},,,,,,,,,&,8.0,&
{'D3'},{'D4'},{'R1'},,,,,,,,&,1.0,&
{'D3'},{'D4'},{'R1'},{'D5'},{'R3'},{'D2'},{'D6'},,,,&,1.0,&
{'D3'},{'D4'},{'D6'},,,,,,,,&,1.0,&
{'D3'},{'D4'},{'D6'},{'D1'},{'R2'},,,,,,&,1.0,&
{'D3'},{'D4'},{'D5'},{'D1'},{'D6'},{'R2'},{'R3'},,,,&,1.0,&
{'D3'},{'D4'},{'D5'},{'D1'},{'R2'},{'D2'},{'D6'},{'R3'},,,&,1.0,&
{'D3'},{'D4'},{'D5'},{'R3'},,,,,,,&,1.0,&
{'D3'},{'D4'},{'D1'},,,,,,,,&,6.0,&
{'D3'},{'D4'},{'D1'},{'R2'},{'D2'},{'R3'},{'D5'},,,,&,1.0,&
{'D3'},{'D4'},{'D1'},{'R2'},{'D6'},{'R3'},{'R1'},{'D2'},{'D7'},,&,1.0,&
{'D3'},{'D4'},{'D1'},{'R2'},{'R1'},{'R3'},,,,,&,1.0,&
{'D3'},{'D4'},{'D1'},{'R2'},{'D5'},,,,,,&,1.0,&
{'D3'},{'D4'},{'D1'},{'R2'},{'R3'},,,,,,&,1.0,&
{'D3'},{'D4'},{'D1'},{'D5'},{'D2'},{'D6'},{'D7'},{'R3'},{'R2'},,&,1.0,&
{'D3'},{'D4'},{'D1'},{'R3'},{'D2'},,,,,,&,1.0,&
{'D3'},{'D4'},{'D1'},{'R3'},{'D2'},{'R1'},{'R2'},,,,&,1.0,&
{'D3'},{'D4'},{'D1'},{'R3'},{'R2'},,,,,,&,1.0,&
{'D3'},{'D4'},{'D1'},{'D2'},{'R2'},{'D6'},{'D5'},{'R3'},{'D7'},{'R1'},&,1.0,&
{'D3'},{'D4'},{'D7'},,,,,,,,&,2.0,&
{'D3'},{'D4'},{'R3'},,,,,,,,&,2.0,&
{'D3'},{'D4'},{'R3'},{'R2'},{'R1'},,,,,,&,1.0,&
{'D3'},{'D4'},{'R3'},{'R2'},{'D1'},{'D6'},{'D2'},,,,&,1.0,&
{'D3'},{'D4'},{'R3'},{'R2'},{'D1'},{'D2'},,,,,&,1.0,&
{'D3'},{'D4'},{'R3'},{'D1'},{'D2'},,,,,,&,1.0,&
{'D3'},{'D4'},{'R3'},{'D1'},{'D2'},{'D5'},{'R2'},,,,&,1.0,&
{'D3'},{'D4'},{'R3'},{'D1'},{'R2'},{'R1'},,,,,&,2.0,&
{'D3'},{'D4'},{'R3'},{'R1'},,,,,,,&,1.0,&
{'D3'},{'D4'},{'R3'},{'R1'},{'D2'},{'D1'},{'R2'},{'D6'},{'D5'},{'D7'},&,1.0,&
{'D3'},{'D4'},{'R3'},{'R1'},{'R2'},,,,,,&,1.0,&
{'D3'},{'D4'},{'R3'},{'D6'},{'D1'},{'D2'},{'D7'},{'D5'},,,&,1.0,&
{'D3'},{'D4'},{'R3'},{'D2'},,,,,,,&,1.0,&
{'D3'},{'D4'},{'R3'},{'D2'},{'D7'},{'R2'},,,,,&,1.0,&
{'D3'},{'D4'},{'R3'},{'D2'},{'D5'},{'D1'},{'R2'},,,,&,1.0,&
{'D3'},{'D4'},{'R3'},{'D2'},{'D1'},{'D5'},,,,,&,1.0,&
{'D3'},{'D4'},{'R3'},{'D2'},{'D1'},{'D6'},{'D5'},,,,&,1.0,&
{'D3'},{'D4'},{'R3'},{'D2'},{'R2'},{'D1'},{'D6'},,,,&,1.0,&
{'D3'},{'D4'},{'R2'},,,,,,,,&,1.0,&
{'D3'},{'D4'},{'R2'},{'D1'},{'D2'},{'R1'},{'R3'},{'D5'},,,&,1.0,&
{'D3'},{'D4'},{'R2'},{'D1'},{'D2'},{'R1'},{'D6'},{'R3'},{'D5'},{'D7'},&,1.0,&
{'D3'},{'D4'},{'R2'},{'D1'},{'R3'},,,,,,&,1.0,&
{'D3'},{'D4'},{'R2'},{'D1'},{'R3'},{'D2'},{'R1'},{'D6'},{'D5'},,&,1.0,&
{'D3'},{'D4'},{'R2'},{'D7'},,,,,,,&,1.0,&
{'D3'},{'D4'},{'R2'},{'R3'},,,,,,,&,1.0,&
{'D3'},{'D4'},{'R2'},{'R3'},{'D2'},{'D7'},{'D1'},,,,&,1.0,&
{'D3'},{'D4'},{'R2'},{'R3'},{'R1'},{'D1'},{'D2'},{'D5'},,,&,1.0,&
{'D3'},{'D4'},{'R2'},{'R3'},{'R1'},{'D1'},{'D2'},{'D5'},{'D7'},{'D6'},&,1.0,&
{'D3'},{'D4'},{'R2'},{'R3'},{'R1'},{'D7'},,,,,&,1.0,&
{'D3'},{'D4'},{'R2'},{'D6'},{'R3'},{'D1'},{'R1'},{'D2'},{'D7'},,&,1.0,&
{'D3'},{'D4'},{'R2'},{'D2'},,,,,,,&,2.0,&
{'D3'},{'D4'},{'R2'},{'D2'},{'D6'},{'D1'},,,,,&,1.0,&
{'D3'},{'D4'},{'R2'},{'D2'},{'R3'},{'D1'},{'R1'},{'D6'},{'D5'},{'D7'},&,1.0,&
{'D3'},{'D4'},{'R2'},{'D2'},{'R3'},{'D1'},{'D6'},{'R1'},{'D5'},,&,1.0,&
{'D3'},{'D4'},{'R2'},{'D2'},{'D1'},{'D7'},{'D5'},{'D6'},,,&,1.0,&
{'D3'},{'D4'},{'R2'},{'D2'},{'D1'},{'D5'},{'R3'},{'R1'},{'D6'},,&,1.0,&
{'D3'},{'D4'},{'R2'},{'D2'},{'D1'},{'D6'},{'R3'},{'R1'},,,&,1.0,&
{'D3'},{'D4'},{'D2'},,,,,,,,&,4.0,&
{'D3'},{'D4'},{'D2'},{'R2'},,,,,,,&,1.0,&
{'D3'},{'D4'},{'D2'},{'R2'},{'R3'},,,,,,&,2.0,&
{'D3'},{'D4'},{'D2'},{'R2'},{'D1'},{'D6'},,,,,&,1.0,&
{'D3'},{'D4'},{'D2'},{'D1'},,,,,,,&,2.0,&
{'D3'},{'D4'},{'D2'},{'D1'},{'D6'},{'R3'},{'R2'},{'R1'},,,&,1.0,&
{'D3'},{'D4'},{'D2'},{'D1'},{'R3'},{'D5'},{'D6'},{'D7'},,,&,1.0,&
{'D3'},{'D4'},{'D2'},{'D1'},{'R3'},{'D6'},{'D7'},{'D5'},{'R2'},,&,1.0,&
{'D3'},{'D4'},{'D2'},{'D1'},{'R3'},{'R1'},{'D5'},{'R2'},,,&,1.0,&
{'D3'},{'D4'},{'D2'},{'D5'},,,,,,,&,1.0,&
{'D3'},{'D4'},{'D2'},{'D5'},{'R2'},,,,,,&,1.0,&
{'D3'},{'D4'},{'D2'},{'D7'},{'R2'},{'R1'},{'D1'},{'R3'},,,&,1.0,&
{'D3'},{'D4'},{'D2'},{'R3'},,,,,,,&,3.0,&
{'D3'},{'D4'},{'D2'},{'R3'},{'D1'},{'D5'},{'D6'},,,,&,1.0,&
{'D3'},{'D4'},{'D2'},{'R3'},{'D1'},{'R2'},{'R1'},{'D6'},{'D5'},,&,1.0,&
{'D3'},{'D4'},{'D2'},{'R3'},{'D1'},{'D6'},,,,,&,1.0,&
{'D3'},{'D4'},{'D2'},{'R3'},{'R2'},,,,,,&,1.0,&
{'D3'},{'D4'},{'D2'},{'R3'},{'R2'},{'D1'},{'D6'},,,,&,1.0,&
{'D3'},{'D4'},{'D2'},{'R3'},{'R2'},{'R1'},{'D7'},,,,&,1.0,&
{'D3'},{'D4'},{'D2'},{'R3'},{'R2'},{'R1'},{'D1'},,,,&,1.0,&
{'D3'},{'D4'},{'D2'},{'D6'},{'D5'},{'R2'},{'D7'},{'D1'},{'R1'},{'R3'},&,1.0,&
{'D3'},{'D4'},{'D2'},{'D6'},{'R3'},{'R1'},,,,,&,1.0,&
{'D3'},{'D4'},{'D2'},{'D6'},{'D1'},,,,,,&,1.0,&
{'D3'},{'D4'},{'D2'},{'D6'},{'R2'},,,,,,&,1.0,&
{'D3'},{'D7'},,,,,,,,,&,23.0,&
{'D3'},{'D7'},{'R1'},{'R2'},,,,,,,&,1.0,&
{'D3'},{'D7'},{'R1'},{'R2'},{'R3'},{'D2'},{'D1'},{'D5'},,,&,1.0,&
{'D3'},{'D7'},{'R1'},{'D1'},,,,,,,&,1.0,&
{'D3'},{'D7'},{'R1'},{'D6'},,,,,,,&,1.0,&
{'D3'},{'D7'},{'R1'},{'D2'},,,,,,,&,1.0,&
{'D3'},{'D7'},{'R1'},{'D2'},{'R3'},{'R2'},{'D5'},,,,&,1.0,&
{'D3'},{'D7'},{'R1'},{'D2'},{'R2'},{'D1'},{'R3'},,,,&,1.0,&
{'D3'},{'D7'},{'D6'},,,,,,,,&,5.0,&
{'D3'},{'D7'},{'D6'},{'R2'},,,,,,,&,1.0,&
{'D3'},{'D7'},{'D6'},{'R2'},{'R1'},{'D1'},{'D2'},{'R3'},{'D5'},,&,1.0,&
{'D3'},{'D7'},{'D6'},{'R2'},{'D5'},{'D2'},{'D1'},,,,&,1.0,&
{'D3'},{'D7'},{'D6'},{'R2'},{'D5'},{'R3'},{'D1'},{'R1'},,,&,1.0,&
{'D3'},{'D7'},{'D5'},{'R2'},{'D2'},{'D1'},{'D6'},{'D4'},{'R3'},,&,1.0,&
{'D3'},{'D7'},{'D5'},{'R2'},{'D1'},{'R3'},,,,,&,1.0,&
{'D3'},{'D7'},{'D5'},{'R1'},{'D1'},{'D2'},{'D6'},{'D4'},,,&,1.0,&
{'D3'},{'D7'},{'D5'},{'R3'},{'R1'},,,,,,&,1.0,&
{'D3'},{'D7'},{'D5'},{'R3'},{'R2'},,,,,,&,1.0,&
{'D3'},{'D7'},{'D5'},{'D2'},,,,,,,&,1.0,&
{'D3'},{'D7'},{'D5'},{'D2'},{'R3'},{'D1'},{'R2'},,,,&,1.0,&
{'D3'},{'D7'},{'D5'},{'D2'},{'D1'},{'R3'},{'R2'},{'D6'},{'R1'},,&,1.0,&
{'D3'},{'D7'},{'D5'},{'D2'},{'D1'},{'D4'},{'R2'},{'D6'},{'R3'},{'R1'},&,1.0,&
{'D3'},{'D7'},{'D5'},{'D2'},{'R2'},{'D1'},,,,,&,1.0,&
{'D3'},{'D7'},{'D1'},,,,,,,,&,9.0,&
{'D3'},{'D7'},{'D1'},{'R2'},,,,,,,&,1.0,&
{'D3'},{'D7'},{'D1'},{'R2'},{'D2'},,,,,,&,1.0,&
{'D3'},{'D7'},{'D1'},{'R2'},{'D2'},{'D5'},{'D6'},,,,&,1.0,&
{'D3'},{'D7'},{'D1'},{'R2'},{'D2'},{'R3'},,,,,&,1.0,&
{'D3'},{'D7'},{'D1'},{'R2'},{'D2'},{'D4'},{'D6'},{'D5'},{'R3'},{'R1'},&,1.0,&
{'D3'},{'D7'},{'D1'},{'R2'},{'D5'},{'R3'},{'R1'},{'D6'},,,&,1.0,&
{'D3'},{'D7'},{'D1'},{'R2'},{'R3'},,,,,,&,1.0,&
{'D3'},{'D7'},{'D1'},{'R2'},{'R3'},{'D2'},{'D6'},{'R1'},{'D5'},,&,1.0,&
{'D3'},{'D7'},{'D1'},{'R2'},{'R3'},{'R1'},{'D2'},{'D5'},{'D6'},,&,1.0,&
{'D3'},{'D7'},{'D1'},{'D5'},{'D6'},,,,,,&,1.0,&
{'D3'},{'D7'},{'D1'},{'D4'},,,,,,,&,1.0,&
{'D3'},{'D7'},{'D1'},{'R1'},,,,,,,&,1.0,&
{'D3'},{'D7'},{'D1'},{'R1'},{'D2'},{'R3'},,,,,&,1.0,&
{'D3'},{'D7'},{'D1'},{'R1'},{'R2'},{'D2'},{'D6'},,,,&,1.0,&
{'D3'},{'D7'},{'D1'},{'R3'},{'D2'},,,,,,&,3.0,&
{'D3'},{'D7'},{'D1'},{'R3'},{'D2'},{'D5'},{'D6'},{'R2'},{'D4'},,&,1.0,&
{'D3'},{'D7'},{'D1'},{'R3'},{'D2'},{'R2'},,,,,&,1.0,&
{'D3'},{'D7'},{'D1'},{'R3'},{'D2'},{'R2'},{'D5'},,,,&,1.0,&
{'D3'},{'D7'},{'D1'},{'R3'},{'D6'},{'R2'},{'R1'},,,,&,1.0,&
{'D3'},{'D7'},{'D1'},{'R3'},{'D5'},,,,,,&,1.0,&
{'D3'},{'D7'},{'D1'},{'R3'},{'R2'},,,,,,&,1.0,&
{'D3'},{'D7'},{'D1'},{'D6'},,,,,,,&,1.0,&
{'D3'},{'D7'},{'D1'},{'D6'},{'R3'},{'D5'},,,,,&,1.0,&
{'D3'},{'D7'},{'D1'},{'D2'},,,,,,,&,3.0,&
{'D3'},{'D7'},{'D1'},{'D2'},{'D6'},{'D5'},,,,,&,1.0,&
{'D3'},{'D7'},{'D1'},{'D2'},{'D6'},{'R3'},{'D5'},{'D4'},{'R2'},,&,1.0,&
{'D3'},{'D7'},{'D1'},{'D2'},{'D6'},{'R3'},{'D5'},{'D4'},{'R2'},{'R1'},&,1.0,&
{'D3'},{'D7'},{'D1'},{'D2'},{'D6'},{'D4'},{'D5'},{'R3'},{'R2'},{'R1'},&,1.0,&
{'D3'},{'D7'},{'D1'},{'D2'},{'D5'},{'R2'},{'R3'},,,,&,1.0,&
{'D3'},{'D7'},{'D1'},{'D2'},{'D5'},{'R2'},{'D6'},{'R3'},{'R1'},{'D4'},&,1.0,&
{'D3'},{'D7'},{'D1'},{'D2'},{'R3'},{'R2'},{'D5'},{'D6'},{'R1'},{'D4'},&,1.0,&
{'D3'},{'D7'},{'D1'},{'D2'},{'R3'},{'D6'},,,,,&,1.0,&
{'D3'},{'D7'},{'D1'},{'D2'},{'R2'},,,,,,&,2.0,&
{'D3'},{'D7'},{'D1'},{'D2'},{'R2'},{'D5'},,,,,&,1.0,&
{'D3'},{'D7'},{'D1'},{'D2'},{'R2'},{'D6'},,,,,&,1.0,&
{'D3'},{'D7'},{'D1'},{'D2'},{'R2'},{'D6'},{'D5'},{'D4'},,,&,1.0,&
{'D3'},{'D7'},{'D1'},{'D2'},{'R2'},{'R3'},,,,,&,1.0,&
{'D3'},{'D7'},{'D1'},{'D2'},{'D4'},{'R2'},{'D5'},{'D6'},{'R3'},,&,1.0,&
{'D3'},{'D7'},{'R3'},,,,,,,,&,5.0,&
{'D3'},{'D7'},{'R3'},{'R2'},,,,,,,&,3.0,&
{'D3'},{'D7'},{'R3'},{'R2'},{'D2'},,,,,,&,1.0,&
{'D3'},{'D7'},{'R3'},{'R2'},{'D6'},,,,,,&,1.0,&
{'D3'},{'D7'},{'R3'},{'R2'},{'R1'},{'D2'},{'D1'},{'D4'},{'D6'},,&,1.0,&
{'D3'},{'D7'},{'R3'},{'R2'},{'R1'},{'D2'},{'D1'},{'D5'},,,&,1.0,&
{'D3'},{'D7'},{'R3'},{'R2'},{'D1'},{'D2'},,,,,&,1.0,&
{'D3'},{'D7'},{'R3'},{'D1'},,,,,,,&,3.0,&
{'D3'},{'D7'},{'R3'},{'D1'},{'D2'},,,,,,&,1.0,&
{'D3'},{'D7'},{'R3'},{'D1'},{'D2'},{'R2'},{'R1'},{'D5'},,,&,1.0,&
{'D3'},{'D7'},{'R3'},{'D1'},{'D2'},{'R2'},{'R1'},{'D5'},{'D6'},,&,1.0,&
{'D3'},{'D7'},{'R3'},{'D1'},{'D2'},{'D4'},{'R2'},{'D5'},,,&,1.0,&
{'D3'},{'D7'},{'R3'},{'D1'},{'R2'},{'R1'},{'D2'},{'D6'},{'D5'},{'D4'},&,1.0,&
{'D3'},{'D7'},{'R3'},{'D1'},{'R2'},{'D4'},,,,,&,1.0,&
{'D3'},{'D7'},{'R3'},{'D5'},{'R2'},,,,,,&,1.0,&
{'D3'},{'D7'},{'R3'},{'D4'},{'D2'},,,,,,&,1.0,&
{'D3'},{'D7'},{'R3'},{'D4'},{'D5'},{'D1'},{'D2'},,,,&,1.0,&
{'D3'},{'D7'},{'R3'},{'R1'},,,,,,,&,1.0,&
{'D3'},{'D7'},{'R3'},{'R1'},{'D1'},{'R2'},{'D2'},{'D6'},{'D5'},{'D4'},&,1.0,&
{'D3'},{'D7'},{'R3'},{'D6'},{'D5'},{'R2'},{'D2'},{'D1'},{'D4'},,&,1.0,&
{'D3'},{'D7'},{'R3'},{'D6'},{'D1'},{'D2'},{'D5'},{'R2'},,,&,1.0,&
{'D3'},{'D7'},{'R3'},{'D2'},,,,,,,&,1.0,&
{'D3'},{'D7'},{'R3'},{'D2'},{'D1'},,,,,,&,1.0,&
{'D3'},{'D7'},{'R3'},{'D2'},{'D1'},{'D6'},{'R2'},{'D4'},,,&,1.0,&
{'D3'},{'D7'},{'R3'},{'D2'},{'R2'},,,,,,&,1.0,&
{'D3'},{'D7'},{'R3'},{'D2'},{'R2'},{'D1'},,,,,&,1.0,&
{'D3'},{'D7'},{'R3'},{'D2'},{'R2'},{'D1'},{'R1'},,,,&,1.0,&
{'D3'},{'D7'},{'R2'},,,,,,,,&,5.0,&
{'D3'},{'D7'},{'R2'},{'D1'},,,,,,,&,2.0,&
{'D3'},{'D7'},{'R2'},{'D1'},{'D2'},,,,,,&,2.0,&
{'D3'},{'D7'},{'R2'},{'D1'},{'D2'},{'R3'},{'D5'},{'D6'},{'D4'},{'R1'},&,1.0,&
{'D3'},{'D7'},{'R2'},{'D1'},{'D2'},{'R1'},{'D6'},{'D4'},{'D5'},,&,1.0,&
{'D3'},{'D7'},{'R2'},{'D1'},{'D6'},{'R3'},,,,,&,1.0,&
{'D3'},{'D7'},{'R2'},{'D1'},{'R1'},{'D2'},{'D5'},{'D4'},,,&,1.0,&
{'D3'},{'D7'},{'R2'},{'D1'},{'D5'},{'D2'},{'R3'},{'D6'},{'R1'},{'D4'},&,1.0,&
{'D3'},{'D7'},{'R2'},{'D1'},{'R3'},,,,,,&,1.0,&
{'D3'},{'D7'},{'R2'},{'D1'},{'R3'},{'D6'},{'D2'},{'D5'},{'R1'},,&,1.0,&
{'D3'},{'D7'},{'R2'},{'D1'},{'R3'},{'D2'},,,,,&,1.0,&
{'D3'},{'D7'},{'R2'},{'D5'},{'D2'},,,,,,&,1.0,&
{'D3'},{'D7'},{'R2'},{'R1'},,,,,,,&,1.0,&
{'D3'},{'D7'},{'R2'},{'R1'},{'R3'},{'D1'},,,,,&,1.0,&
{'D3'},{'D7'},{'R2'},{'R3'},,,,,,,&,2.0,&
{'D3'},{'D7'},{'R2'},{'R3'},{'D2'},,,,,,&,3.0,&
{'D3'},{'D7'},{'R2'},{'R3'},{'D2'},{'D1'},,,,,&,1.0,&
{'D3'},{'D7'},{'R2'},{'R3'},{'D2'},{'D1'},{'D6'},,,,&,1.0,&
{'D3'},{'D7'},{'R2'},{'R3'},{'R1'},,,,,,&,2.0,&
{'D3'},{'D7'},{'R2'},{'R3'},{'R1'},{'D1'},{'D4'},{'D2'},{'D5'},,&,1.0,&
{'D3'},{'D7'},{'R2'},{'R3'},{'R1'},{'D1'},{'D2'},,,,&,1.0,&
{'D3'},{'D7'},{'R2'},{'R3'},{'R1'},{'D1'},{'D2'},{'D6'},{'D4'},,&,1.0,&
{'D3'},{'D7'},{'R2'},{'R3'},{'R1'},{'D2'},,,,,&,1.0,&
{'D3'},{'D7'},{'R2'},{'R3'},{'R1'},{'D2'},{'D1'},{'D6'},,,&,1.0,&
{'D3'},{'D7'},{'R2'},{'R3'},{'D1'},{'D2'},{'R1'},{'D5'},{'D6'},,&,1.0,&
{'D3'},{'D7'},{'R2'},{'R3'},{'D1'},{'R1'},,,,,&,1.0,&
{'D3'},{'D7'},{'R2'},{'R3'},{'D1'},{'R1'},{'D5'},,,,&,1.0,&
{'D3'},{'D7'},{'R2'},{'D6'},{'D2'},{'D1'},{'D5'},,,,&,1.0,&
{'D3'},{'D7'},{'R2'},{'D6'},{'R3'},,,,,,&,1.0,&
{'D3'},{'D7'},{'R2'},{'D6'},{'R3'},{'D2'},{'D1'},{'D5'},{'D4'},,&,1.0,&
{'D3'},{'D7'},{'R2'},{'D2'},,,,,,,&,4.0,&
{'D3'},{'D7'},{'R2'},{'D2'},{'D6'},{'R3'},,,,,&,1.0,&
{'D3'},{'D7'},{'R2'},{'D2'},{'R1'},{'D1'},{'D6'},,,,&,1.0,&
{'D3'},{'D7'},{'R2'},{'D2'},{'R1'},{'D1'},{'D4'},{'R3'},{'D6'},,&,1.0,&
{'D3'},{'D7'},{'R2'},{'D2'},{'D5'},{'R3'},{'R1'},,,,&,1.0,&
{'D3'},{'D7'},{'R2'},{'D2'},{'R3'},,,,,,&,2.0,&
{'D3'},{'D7'},{'R2'},{'D2'},{'R3'},{'D1'},{'D5'},{'D6'},{'R1'},,&,1.0,&
{'D3'},{'D7'},{'R2'},{'D2'},{'D1'},{'D5'},{'D6'},{'R3'},{'D4'},,&,1.0,&
{'D3'},{'D7'},{'R2'},{'D2'},{'D1'},{'D6'},{'R3'},{'D5'},{'D4'},,&,1.0,&
{'D3'},{'D7'},{'R2'},{'D2'},{'D1'},{'R3'},{'D6'},{'R1'},{'D4'},,&,1.0,&
{'D3'},{'D7'},{'R2'},{'D2'},{'D1'},{'D4'},,,,,&,1.0,&
{'D3'},{'D7'},{'D2'},,,,,,,,&,12.0,&
{'D3'},{'D7'},{'D2'},{'R2'},,,,,,,&,5.0,&
{'D3'},{'D7'},{'D2'},{'R2'},{'D6'},{'D1'},,,,,&,1.0,&
{'D3'},{'D7'},{'D2'},{'R2'},{'D6'},{'D5'},{'R1'},{'D1'},{'R3'},,&,1.0,&
{'D3'},{'D7'},{'D2'},{'R2'},{'R1'},{'D1'},{'R3'},,,,&,1.0,&
{'D3'},{'D7'},{'D2'},{'R2'},{'R3'},,,,,,&,1.0,&
{'D3'},{'D7'},{'D2'},{'R2'},{'R3'},{'R1'},{'D6'},{'D1'},,,&,1.0,&
{'D3'},{'D7'},{'D2'},{'R2'},{'R3'},{'D4'},{'R1'},{'D1'},{'D5'},{'D6'},&,1.0,&
{'D3'},{'D7'},{'D2'},{'R2'},{'D1'},,,,,,&,1.0,&
{'D3'},{'D7'},{'D2'},{'R2'},{'D1'},{'D5'},,,,,&,1.0,&
{'D3'},{'D7'},{'D2'},{'R2'},{'D1'},{'D5'},{'D6'},{'D4'},{'R3'},{'R1'},&,1.0,&
{'D3'},{'D7'},{'D2'},{'R2'},{'D1'},{'R3'},{'D5'},,,,&,1.0,&
{'D3'},{'D7'},{'D2'},{'R2'},{'D1'},{'R3'},{'R1'},,,,&,1.0,&
{'D3'},{'D7'},{'D2'},{'R2'},{'D1'},{'R1'},{'R3'},{'D6'},{'D4'},{'D5'},&,1.0,&
{'D3'},{'D7'},{'D2'},{'D1'},,,,,,,&,4.0,&
{'D3'},{'D7'},{'D2'},{'D1'},{'D6'},,,,,,&,1.0,&
{'D3'},{'D7'},{'D2'},{'D1'},{'D6'},{'R2'},{'R3'},{'R1'},{'D5'},,&,1.0,&
{'D3'},{'D7'},{'D2'},{'D1'},{'D6'},{'R1'},{'D5'},,,,&,1.0,&
{'D3'},{'D7'},{'D2'},{'D1'},{'D5'},{'R2'},{'R3'},{'R1'},{'D4'},,&,1.0,&
{'D3'},{'D7'},{'D2'},{'D1'},{'D5'},{'R2'},{'D6'},{'D4'},{'R3'},,&,1.0,&
{'D3'},{'D7'},{'D2'},{'D1'},{'D5'},{'D6'},{'R3'},{'R2'},{'D4'},,&,1.0,&
{'D3'},{'D7'},{'D2'},{'D1'},{'D5'},{'D4'},{'R2'},{'R3'},{'D6'},,&,1.0,&
{'D3'},{'D7'},{'D2'},{'D1'},{'R3'},{'D5'},{'R2'},,,,&,1.0,&
{'D3'},{'D7'},{'D2'},{'D1'},{'R3'},{'R2'},{'D6'},{'D4'},{'D5'},,&,1.0,&
{'D3'},{'D7'},{'D2'},{'D1'},{'R2'},{'D6'},,,,,&,1.0,&
{'D3'},{'D7'},{'D2'},{'D1'},{'R2'},{'D6'},{'D4'},{'R3'},{'R1'},,&,1.0,&
{'D3'},{'D7'},{'D2'},{'D1'},{'D4'},{'R3'},,,,,&,1.0,&
{'D3'},{'D7'},{'D2'},{'D1'},{'D4'},{'R3'},{'R2'},{'R1'},{'D5'},,&,1.0,&
{'D3'},{'D7'},{'D2'},{'D5'},{'D1'},,,,,,&,1.0,&
{'D3'},{'D7'},{'D2'},{'D5'},{'D1'},{'R1'},,,,,&,1.0,&
{'D3'},{'D7'},{'D2'},{'D5'},{'D1'},{'D4'},{'D6'},{'R2'},{'R1'},{'R3'},&,1.0,&
{'D3'},{'D7'},{'D2'},{'D5'},{'R2'},{'R3'},,,,,&,1.0,&
{'D3'},{'D7'},{'D2'},{'D4'},{'D1'},,,,,,&,1.0,&
{'D3'},{'D7'},{'D2'},{'D4'},{'R2'},{'D1'},,,,,&,1.0,&
{'D3'},{'D7'},{'D2'},{'R1'},{'D6'},{'R3'},{'R2'},{'D1'},,,&,1.0,&
{'D3'},{'D7'},{'D2'},{'R1'},{'D1'},,,,,,&,1.0,&
{'D3'},{'D7'},{'D2'},{'R1'},{'D1'},{'R2'},,,,,&,1.0,&
{'D3'},{'D7'},{'D2'},{'R3'},,,,,,,&,4.0,&
{'D3'},{'D7'},{'D2'},{'R3'},{'D6'},{'D5'},,,,,&,1.0,&
{'D3'},{'D7'},{'D2'},{'R3'},{'D6'},{'D5'},{'R2'},{'R1'},{'D1'},{'D4'},&,1.0,&
{'D3'},{'D7'},{'D2'},{'R3'},{'D1'},,,,,,&,1.0,&
{'D3'},{'D7'},{'D2'},{'R3'},{'D1'},{'R1'},{'R2'},{'D5'},{'D4'},{'D6'},&,1.0,&
{'D3'},{'D7'},{'D2'},{'R3'},{'R2'},,,,,,&,1.0,&
{'D3'},{'D7'},{'D2'},{'R3'},{'R2'},{'D1'},{'D6'},{'D5'},{'D4'},{'R1'},&,1.0,&
{'D3'},{'D7'},{'D2'},{'D6'},,,,,,,&,1.0,&
{'D3'},{'D7'},{'D2'},{'D6'},{'D1'},{'D5'},{'R3'},{'R2'},{'D4'},,&,1.0,&
{'D3'},{'D7'},{'D2'},{'D6'},{'D1'},{'D5'},{'R2'},{'D4'},{'R3'},{'R1'},&,1.0,&
{'D3'},{'D7'},{'D2'},{'D6'},{'D1'},{'D5'},{'R1'},,,,&,1.0,&
{'D3'},{'D7'},{'D2'},{'D6'},{'R2'},{'D1'},{'R3'},{'R1'},{'D5'},{'D4'},&,1.0,&
{'D3'},{'D7'},{'D4'},{'D1'},,,,,,,&,1.0,&
{'D3'},{'D7'},{'D4'},{'R3'},{'D1'},{'D2'},{'R2'},,,,&,1.0,&
{'D1'},,,,,,,,,,&,890.0,&
{'D1'},{'R3'},,,,,,,,,&,107.0,&
{'D1'},{'R3'},{'R1'},,,,,,,,&,17.0,&
{'D1'},{'R3'},{'R1'},{'R2'},,,,,,,&,8.0,&
{'D1'},{'R3'},{'R1'},{'R2'},{'D2'},{'D3'},,,,,&,2.0,&
{'D1'},{'R3'},{'R1'},{'R2'},{'D2'},{'D3'},{'D5'},{'D6'},{'D4'},,&,1.0,&
{'D1'},{'R3'},{'R1'},{'R2'},{'D2'},{'D3'},{'D5'},{'D4'},{'D7'},{'D6'},&,1.0,&
{'D1'},{'R3'},{'R1'},{'R2'},{'D2'},{'D3'},{'D6'},,,,&,1.0,&
{'D1'},{'R3'},{'R1'},{'R2'},{'D2'},{'D3'},{'D6'},{'D4'},,,&,1.0,&
{'D1'},{'R3'},{'R1'},{'R2'},{'D6'},,,,,,&,1.0,&
{'D1'},{'R3'},{'R1'},{'R2'},{'D6'},{'D3'},,,,,&,1.0,&
{'D1'},{'R3'},{'R1'},{'R2'},{'D3'},{'D2'},,,,,&,1.0,&
{'D1'},{'R3'},{'R1'},{'R2'},{'D3'},{'D2'},{'D7'},{'D5'},{'D6'},{'D4'},&,1.0,&
{'D1'},{'R3'},{'R1'},{'R2'},{'D3'},{'D2'},{'D6'},,,,&,1.0,&
{'D1'},{'R3'},{'R1'},{'R2'},{'D3'},{'D2'},{'D6'},{'D5'},,,&,1.0,&
{'D1'},{'R3'},{'R1'},{'R2'},{'D3'},{'D2'},{'D6'},{'D5'},{'D7'},,&,1.0,&
{'D1'},{'R3'},{'R1'},{'D5'},{'D2'},{'D6'},{'D3'},,,,&,1.0,&
{'D1'},{'R3'},{'R1'},{'D5'},{'D3'},{'R2'},{'D6'},,,,&,1.0,&
{'D1'},{'R3'},{'R1'},{'D5'},{'R2'},{'D3'},{'D7'},,,,&,1.0,&
{'D1'},{'R3'},{'R1'},{'D3'},,,,,,,&,2.0,&
{'D1'},{'R3'},{'R1'},{'D3'},{'D2'},{'R2'},{'D7'},{'D6'},{'D5'},,&,1.0,&
{'D1'},{'R3'},{'R1'},{'D3'},{'D2'},{'R2'},{'D6'},{'D5'},,,&,1.0,&
{'D1'},{'R3'},{'R1'},{'D3'},{'D2'},{'D6'},{'D5'},{'D7'},,,&,1.0,&
{'D1'},{'R3'},{'R1'},{'D3'},{'D7'},{'D2'},{'D6'},{'R2'},{'D5'},{'D4'},&,1.0,&
{'D1'},{'R3'},{'R1'},{'D3'},{'R2'},{'D6'},,,,,&,1.0,&
{'D1'},{'R3'},{'R1'},{'D3'},{'R2'},{'D2'},,,,,&,1.0,&
{'D1'},{'R3'},{'R1'},{'D3'},{'R2'},{'D2'},{'D4'},{'D5'},{'D7'},{'D6'},&,1.0,&
{'D1'},{'R3'},{'R1'},{'D4'},{'D6'},{'R2'},,,,,&,1.0,&
{'D1'},{'R3'},{'R1'},{'D7'},,,,,,,&,1.0,&
{'D1'},{'R3'},{'R1'},{'D6'},{'D2'},{'R2'},{'D5'},{'D3'},,,&,1.0,&
{'D1'},{'R3'},{'R1'},{'D6'},{'D3'},,,,,,&,1.0,&
{'D1'},{'R3'},{'R1'},{'D6'},{'D5'},,,,,,&,1.0,&
{'D1'},{'R3'},{'R1'},{'D2'},,,,,,,&,6.0,&
{'D1'},{'R3'},{'R1'},{'D2'},{'D6'},{'D3'},,,,,&,1.0,&
{'D1'},{'R3'},{'R1'},{'D2'},{'D7'},,,,,,&,2.0,&
{'D1'},{'R3'},{'R1'},{'D2'},{'D3'},,,,,,&,1.0,&
{'D1'},{'R3'},{'R1'},{'D2'},{'D3'},{'D7'},,,,,&,1.0,&
{'D1'},{'R3'},{'R1'},{'D2'},{'D3'},{'D5'},,,,,&,2.0,&
{'D1'},{'R3'},{'R1'},{'D2'},{'D3'},{'D5'},{'R2'},,,,&,1.0,&
{'D1'},{'R3'},{'R1'},{'D2'},{'D3'},{'D5'},{'R2'},{'D6'},,,&,1.0,&
{'D1'},{'R3'},{'R1'},{'D2'},{'D3'},{'D5'},{'R2'},{'D7'},{'D6'},,&,1.0,&
{'D1'},{'R3'},{'R1'},{'D2'},{'D3'},{'D5'},{'D6'},{'R2'},{'D7'},,&,1.0,&
{'D1'},{'R3'},{'R1'},{'D2'},{'D3'},{'R2'},{'D5'},{'D6'},{'D7'},,&,1.0,&
{'D1'},{'R3'},{'R1'},{'D2'},{'D3'},{'R2'},{'D6'},{'D5'},,,&,1.0,&
{'D1'},{'R3'},{'R1'},{'D2'},{'D3'},{'D6'},{'D7'},{'R2'},{'D4'},{'D5'},&,1.0,&
{'D1'},{'R3'},{'R1'},{'D2'},{'D3'},{'D6'},{'D5'},{'D4'},{'R2'},,&,1.0,&
{'D1'},{'R3'},{'R1'},{'D2'},{'D3'},{'D6'},{'R2'},{'D5'},{'D4'},{'D7'},&,1.0,&
{'D1'},{'R3'},{'R1'},{'D2'},{'D5'},,,,,,&,1.0,&
{'D1'},{'R3'},{'R1'},{'D2'},{'D5'},{'R2'},,,,,&,1.0,&
{'D1'},{'R3'},{'R1'},{'D2'},{'D5'},{'D6'},{'R2'},{'D3'},,,&,1.0,&
{'D1'},{'R3'},{'R1'},{'D2'},{'R2'},,,,,,&,3.0,&
{'D1'},{'R3'},{'R1'},{'D2'},{'R2'},{'D5'},{'D3'},,,,&,1.0,&
{'D1'},{'R3'},{'R1'},{'D2'},{'R2'},{'D6'},{'D5'},,,,&,1.0,&
{'D1'},{'R3'},{'R1'},{'D2'},{'R2'},{'D6'},{'D3'},,,,&,1.0,&
{'D1'},{'R3'},{'R1'},{'D2'},{'R2'},{'D3'},,,,,&,2.0,&
{'D1'},{'R3'},{'R1'},{'D2'},{'R2'},{'D3'},{'D5'},,,,&,1.0,&
{'D1'},{'R3'},{'R1'},{'D2'},{'R2'},{'D3'},{'D5'},{'D7'},,,&,1.0,&
{'D1'},{'R3'},{'R1'},{'D2'},{'R2'},{'D3'},{'D6'},,,,&,1.0,&
{'D1'},{'R3'},{'R1'},{'D2'},{'D4'},{'D3'},{'R2'},{'D6'},{'D7'},,&,1.0,&
{'D1'},{'R3'},{'D6'},,,,,,,,&,9.0,&
{'D1'},{'R3'},{'D6'},{'R2'},{'D2'},{'D7'},{'D3'},{'R1'},{'D4'},{'D5'},&,1.0,&
{'D1'},{'R3'},{'D6'},{'R2'},{'D2'},{'D5'},{'D3'},{'R1'},{'D4'},{'D7'},&,1.0,&
{'D1'},{'R3'},{'D6'},{'R2'},{'D2'},{'D3'},{'D5'},,,,&,1.0,&
{'D1'},{'R3'},{'D6'},{'R2'},{'D2'},{'D3'},{'R1'},{'D5'},{'D7'},{'D4'},&,1.0,&
{'D1'},{'R3'},{'D6'},{'R2'},{'D2'},{'R1'},,,,,&,1.0,&
{'D1'},{'R3'},{'D6'},{'R2'},{'D2'},{'D4'},{'D3'},{'D5'},,,&,1.0,&
{'D1'},{'R3'},{'D6'},{'R2'},{'D7'},{'D2'},,,,,&,1.0,&
{'D1'},{'R3'},{'D6'},{'R2'},{'D3'},{'D2'},{'R1'},{'D5'},{'D4'},,&,1.0,&
{'D1'},{'R3'},{'D6'},{'R2'},{'R1'},,,,,,&,1.0,&
{'D1'},{'R3'},{'D6'},{'R2'},{'R1'},{'D2'},{'D5'},{'D3'},,,&,1.0,&
{'D1'},{'R3'},{'D6'},{'R2'},{'R1'},{'D2'},{'D4'},{'D7'},{'D3'},,&,1.0,&
{'D1'},{'R3'},{'D6'},{'R2'},{'R1'},{'D3'},{'D2'},{'D4'},{'D7'},{'D5'},&,1.0,&
{'D1'},{'R3'},{'D6'},{'R2'},{'R1'},{'D4'},{'D2'},,,,&,1.0,&
{'D1'},{'R3'},{'D6'},{'R2'},{'D4'},,,,,,&,1.0,&
{'D1'},{'R3'},{'D6'},{'D5'},,,,,,,&,2.0,&
{'D1'},{'R3'},{'D6'},{'D5'},{'D2'},{'D3'},{'R1'},{'D7'},,,&,1.0,&
{'D1'},{'R3'},{'D6'},{'D3'},{'D2'},,,,,,&,1.0,&
{'D1'},{'R3'},{'D6'},{'D3'},{'D2'},{'D7'},,,,,&,1.0,&
{'D1'},{'R3'},{'D6'},{'D3'},{'D2'},{'D7'},{'D5'},{'R2'},,,&,1.0,&
{'D1'},{'R3'},{'D6'},{'D3'},{'D2'},{'D7'},{'R1'},{'D5'},{'R2'},{'D4'},&,1.0,&
{'D1'},{'R3'},{'D6'},{'D3'},{'D2'},{'D5'},{'D7'},{'R2'},{'R1'},,&,1.0,&
{'D1'},{'R3'},{'D6'},{'D3'},{'D2'},{'D5'},{'R1'},{'D7'},,,&,1.0,&
{'D1'},{'R3'},{'D6'},{'D3'},{'D2'},{'R2'},{'R1'},,,,&,1.0,&
{'D1'},{'R3'},{'D6'},{'D3'},{'D2'},{'R1'},{'R2'},{'D4'},{'D7'},{'D5'},&,1.0,&
{'D1'},{'R3'},{'D6'},{'D3'},{'D2'},{'D4'},,,,,&,1.0,&
{'D1'},{'R3'},{'D6'},{'D3'},{'R1'},{'D5'},{'D7'},{'D2'},,,&,1.0,&
{'D1'},{'R3'},{'D6'},{'D3'},{'R1'},{'R2'},{'D2'},{'D7'},,,&,1.0,&
{'D1'},{'R3'},{'D6'},{'D3'},{'R2'},,,,,,&,1.0,&
{'D1'},{'R3'},{'D6'},{'D3'},{'R2'},{'D2'},,,,,&,1.0,&
{'D1'},{'R3'},{'D6'},{'D3'},{'R2'},{'R1'},{'D5'},{'D2'},,,&,1.0,&
{'D1'},{'R3'},{'D6'},{'D3'},{'R2'},{'R1'},{'D2'},{'D5'},,,&,1.0,&
{'D1'},{'R3'},{'D6'},{'D3'},{'R2'},{'D4'},,,,,&,1.0,&
{'D1'},{'R3'},{'D6'},{'R1'},{'D2'},{'R2'},{'D3'},,,,&,1.0,&
{'D1'},{'R3'},{'D6'},{'R1'},{'D3'},{'D2'},{'R2'},{'D5'},{'D7'},{'D4'},&,1.0,&
{'D1'},{'R3'},{'D6'},{'D2'},,,,,,,&,3.0,&
{'D1'},{'R3'},{'D6'},{'D2'},{'D7'},{'D3'},{'D5'},,,,&,1.0,&
{'D1'},{'R3'},{'D6'},{'D2'},{'D3'},{'D5'},{'R2'},{'D4'},{'D7'},{'R1'},&,1.0,&
{'D1'},{'R3'},{'D6'},{'D2'},{'D3'},{'D5'},{'R1'},{'R2'},{'D7'},{'D4'},&,1.0,&
{'D1'},{'R3'},{'D6'},{'D2'},{'D3'},{'R2'},{'D7'},{'D5'},{'D4'},,&,1.0,&
{'D1'},{'R3'},{'D6'},{'D2'},{'D3'},{'R2'},{'D5'},{'D7'},{'D4'},{'R1'},&,1.0,&
{'D1'},{'R3'},{'D6'},{'D2'},{'R1'},{'R2'},,,,,&,1.0,&
{'D1'},{'R3'},{'D6'},{'D2'},{'R1'},{'R2'},{'D3'},{'D7'},,,&,1.0,&
{'D1'},{'R3'},{'D6'},{'D2'},{'D5'},,,,,,&,1.0,&
{'D1'},{'R3'},{'D6'},{'D2'},{'R2'},,,,,,&,1.0,&
{'D1'},{'R3'},{'D6'},{'D2'},{'R2'},{'D5'},{'R1'},,,,&,1.0,&
{'D1'},{'R3'},{'D6'},{'D2'},{'R2'},{'D3'},,,,,&,1.0,&
{'D1'},{'R3'},{'D6'},{'D2'},{'R2'},{'D3'},{'D7'},,,,&,1.0,&
{'D1'},{'R3'},{'D6'},{'D2'},{'R2'},{'D3'},{'D7'},{'D5'},{'D4'},{'R1'},&,1.0,&
{'D1'},{'R3'},{'D6'},{'D2'},{'R2'},{'R1'},{'D4'},{'D3'},,,&,1.0,&
{'D1'},{'R3'},{'D3'},,,,,,,,&,42.0,&
{'D1'},{'R3'},{'D3'},{'R2'},,,,,,,&,10.0,&
{'D1'},{'R3'},{'D3'},{'R2'},{'D2'},,,,,,&,8.0,&
{'D1'},{'R3'},{'D3'},{'R2'},{'D2'},{'D7'},{'D5'},{'R1'},,,&,1.0,&
{'D1'},{'R3'},{'D3'},{'R2'},{'D2'},{'D7'},{'D6'},{'R1'},,,&,1.0,&
{'D1'},{'R3'},{'D3'},{'R2'},{'D2'},{'D5'},,,,,&,1.0,&
{'D1'},{'R3'},{'D3'},{'R2'},{'D2'},{'D5'},{'D7'},{'D6'},{'D4'},{'R1'},&,1.0,&
{'D1'},{'R3'},{'D3'},{'R2'},{'D2'},{'D5'},{'R1'},{'D6'},,,&,1.0,&
{'D1'},{'R3'},{'D3'},{'R2'},{'D2'},{'D5'},{'R1'},{'D6'},{'D7'},,&,1.0,&
{'D1'},{'R3'},{'D3'},{'R2'},{'D2'},{'D5'},{'D6'},{'D4'},{'D7'},,&,1.0,&
{'D1'},{'R3'},{'D3'},{'R2'},{'D2'},{'D5'},{'D6'},{'D4'},{'D7'},{'R1'},&,1.0,&
{'D1'},{'R3'},{'D3'},{'R2'},{'D2'},{'D5'},{'D6'},{'D7'},{'R1'},,&,1.0,&
{'D1'},{'R3'},{'D3'},{'R2'},{'D2'},{'D5'},{'D6'},{'R1'},,,&,1.0,&
{'D1'},{'R3'},{'D3'},{'R2'},{'D2'},{'D6'},,,,,&,1.0,&
{'D1'},{'R3'},{'D3'},{'R2'},{'D2'},{'D6'},{'D7'},,,,&,1.0,&
{'D1'},{'R3'},{'D3'},{'R2'},{'D2'},{'D6'},{'D7'},{'D5'},,,&,1.0,&
{'D1'},{'R3'},{'D3'},{'R2'},{'D2'},{'D6'},{'D5'},{'D4'},{'D7'},,&,1.0,&
{'D1'},{'R3'},{'D3'},{'R2'},{'D2'},{'R1'},{'D7'},,,,&,1.0,&
{'D1'},{'R3'},{'D3'},{'R2'},{'D2'},{'R1'},{'D5'},,,,&,1.0,&
{'D1'},{'R3'},{'D3'},{'R2'},{'D2'},{'R1'},{'D6'},{'D7'},,,&,1.0,&
{'D1'},{'R3'},{'D3'},{'R2'},{'D2'},{'R1'},{'D6'},{'D5'},{'D7'},{'D4'},&,1.0,&
{'D1'},{'R3'},{'D3'},{'R2'},{'D2'},{'R1'},{'D4'},{'D7'},{'D6'},{'D5'},&,1.0,&
{'D1'},{'R3'},{'D3'},{'R2'},{'D2'},{'D4'},{'D6'},{'D5'},{'D7'},,&,1.0,&
{'D1'},{'R3'},{'D3'},{'R2'},{'D6'},{'D2'},{'D5'},{'D7'},,,&,2.0,&
{'D1'},{'R3'},{'D3'},{'R2'},{'D6'},{'R1'},,,,,&,1.0,&
{'D1'},{'R3'},{'D3'},{'R2'},{'D7'},,,,,,&,1.0,&
{'D1'},{'R3'},{'D3'},{'R2'},{'D7'},{'D6'},,,,,&,1.0,&
{'D1'},{'R3'},{'D3'},{'R2'},{'D7'},{'D6'},{'R1'},,,,&,1.0,&
{'D1'},{'R3'},{'D3'},{'R2'},{'D7'},{'D2'},{'D5'},{'R1'},,,&,1.0,&
{'D1'},{'R3'},{'D3'},{'R2'},{'D7'},{'R1'},{'D5'},{'D2'},,,&,1.0,&
{'D1'},{'R3'},{'D3'},{'R2'},{'R1'},,,,,,&,9.0,&
{'D1'},{'R3'},{'D3'},{'R2'},{'R1'},{'D7'},,,,,&,1.0,&
{'D1'},{'R3'},{'D3'},{'R2'},{'R1'},{'D5'},,,,,&,1.0,&
{'D1'},{'R3'},{'D3'},{'R2'},{'R1'},{'D6'},{'D2'},{'D7'},{'D5'},{'D4'},&,1.0,&
{'D1'},{'R3'},{'D3'},{'R2'},{'R1'},{'D2'},,,,,&,2.0,&
{'D1'},{'R3'},{'D3'},{'R2'},{'R1'},{'D2'},{'D7'},,,,&,1.0,&
{'D1'},{'R3'},{'D3'},{'R2'},{'R1'},{'D2'},{'D7'},{'D6'},,,&,1.0,&
{'D1'},{'R3'},{'D3'},{'R2'},{'R1'},{'D2'},{'D5'},{'D6'},{'D7'},,&,1.0,&
{'D1'},{'R3'},{'D3'},{'R2'},{'R1'},{'D2'},{'D6'},,,,&,2.0,&
{'D1'},{'R3'},{'D3'},{'R2'},{'R1'},{'D2'},{'D6'},{'D7'},{'D5'},,&,1.0,&
{'D1'},{'R3'},{'D3'},{'R2'},{'R1'},{'D2'},{'D6'},{'D5'},{'D4'},{'D7'},&,1.0,&
{'D1'},{'R3'},{'D3'},{'R2'},{'R1'},{'D2'},{'D4'},{'D6'},{'D5'},{'D7'},&,1.0,&
{'D1'},{'R3'},{'D3'},{'R2'},{'R1'},{'D4'},{'D2'},{'D5'},,,&,1.0,&
{'D1'},{'R3'},{'D3'},{'R2'},{'D5'},{'D2'},{'R1'},,,,&,1.0,&
{'D1'},{'R3'},{'D3'},{'R2'},{'D5'},{'D2'},{'D6'},{'D7'},{'D4'},{'R1'},&,1.0,&
{'D1'},{'R3'},{'D3'},{'R2'},{'D5'},{'R1'},{'D2'},{'D7'},{'D4'},{'D6'},&,1.0,&
{'D1'},{'R3'},{'D3'},{'D5'},,,,,,,&,6.0,&
{'D1'},{'R3'},{'D3'},{'D5'},{'D7'},{'R2'},{'D2'},,,,&,1.0,&
{'D1'},{'R3'},{'D3'},{'D5'},{'D7'},{'R2'},{'D2'},{'D6'},{'D4'},{'R1'},&,1.0,&
{'D1'},{'R3'},{'D3'},{'D5'},{'D7'},{'D2'},{'R2'},{'D6'},,,&,1.0,&
{'D1'},{'R3'},{'D3'},{'D5'},{'R1'},{'R2'},{'D7'},,,,&,1.0,&
{'D1'},{'R3'},{'D3'},{'D5'},{'R2'},,,,,,&,4.0,&
{'D1'},{'R3'},{'D3'},{'D5'},{'R2'},{'R1'},,,,,&,1.0,&
{'D1'},{'R3'},{'D3'},{'D5'},{'R2'},{'R1'},{'D2'},{'D6'},,,&,1.0,&
{'D1'},{'R3'},{'D3'},{'D4'},{'R2'},{'R1'},{'D2'},{'D7'},{'D6'},,&,1.0,&
{'D1'},{'R3'},{'D3'},{'D7'},{'D2'},{'D6'},{'D4'},{'D5'},,,&,1.0,&
{'D1'},{'R3'},{'D3'},{'D7'},{'R1'},{'R2'},,,,,&,1.0,&
{'D1'},{'R3'},{'D3'},{'D7'},{'R1'},{'D2'},{'R2'},{'D5'},{'D6'},{'D4'},&,1.0,&
{'D1'},{'R3'},{'D3'},{'D7'},{'R2'},{'D2'},{'D5'},{'R1'},{'D6'},{'D4'},&,1.0,&
{'D1'},{'R3'},{'D3'},{'D7'},{'R2'},{'D2'},{'R1'},{'D6'},{'D5'},{'D4'},&,1.0,&
{'D1'},{'R3'},{'D3'},{'D7'},{'R2'},{'R1'},{'D2'},,,,&,1.0,&
{'D1'},{'R3'},{'D3'},{'D7'},{'R2'},{'D4'},{'D2'},{'D6'},,,&,1.0,&
{'D1'},{'R3'},{'D3'},{'R1'},,,,,,,&,5.0,&
{'D1'},{'R3'},{'D3'},{'R1'},{'D2'},,,,,,&,1.0,&
{'D1'},{'R3'},{'D3'},{'R1'},{'D2'},{'D5'},{'D7'},{'D6'},,,&,1.0,&
{'D1'},{'R3'},{'D3'},{'R1'},{'D2'},{'D5'},{'D7'},{'D4'},,,&,1.0,&
{'D1'},{'R3'},{'D3'},{'R1'},{'D2'},{'R2'},{'D7'},,,,&,1.0,&
{'D1'},{'R3'},{'D3'},{'R1'},{'D2'},{'R2'},{'D5'},,,,&,1.0,&
{'D1'},{'R3'},{'D3'},{'R1'},{'D2'},{'D6'},{'D7'},{'D5'},{'D4'},{'R2'},&,1.0,&
{'D1'},{'R3'},{'D3'},{'R1'},{'D2'},{'D6'},{'D4'},{'D7'},{'D5'},{'R2'},&,1.0,&
{'D1'},{'R3'},{'D3'},{'R1'},{'D2'},{'D4'},{'D6'},{'R2'},{'D5'},,&,1.0,&
{'D1'},{'R3'},{'D3'},{'R1'},{'D7'},,,,,,&,1.0,&
{'D1'},{'R3'},{'D3'},{'R1'},{'D5'},{'D2'},,,,,&,1.0,&
{'D1'},{'R3'},{'D3'},{'R1'},{'R2'},,,,,,&,1.0,&
{'D1'},{'R3'},{'D3'},{'R1'},{'R2'},{'D2'},,,,,&,1.0,&
{'D1'},{'R3'},{'D3'},{'R1'},{'R2'},{'D2'},{'D5'},{'D7'},,,&,1.0,&
{'D1'},{'R3'},{'D3'},{'D6'},,,,,,,&,2.0,&
{'D1'},{'R3'},{'D3'},{'D6'},{'D2'},,,,,,&,1.0,&
{'D1'},{'R3'},{'D3'},{'D6'},{'D2'},{'D5'},,,,,&,2.0,&
{'D1'},{'R3'},{'D3'},{'D6'},{'D2'},{'D5'},{'D4'},{'R2'},{'R1'},,&,1.0,&
{'D1'},{'R3'},{'D3'},{'D6'},{'D2'},{'R2'},,,,,&,1.0,&
{'D1'},{'R3'},{'D3'},{'D6'},{'D2'},{'R2'},{'D7'},,,,&,1.0,&
{'D1'},{'R3'},{'D3'},{'D6'},{'D2'},{'R2'},{'D7'},{'R1'},,,&,1.0,&
{'D1'},{'R3'},{'D3'},{'D6'},{'D2'},{'R2'},{'D5'},{'R1'},{'D7'},{'D4'},&,1.0,&
{'D1'},{'R3'},{'D3'},{'D6'},{'D2'},{'R2'},{'D5'},{'R1'},{'D4'},{'D7'},&,1.0,&
{'D1'},{'R3'},{'D3'},{'D6'},{'D2'},{'R2'},{'D4'},,,,&,1.0,&
{'D1'},{'R3'},{'D3'},{'D6'},{'D2'},{'R1'},,,,,&,1.0,&
{'D1'},{'R3'},{'D3'},{'D6'},{'D2'},{'R1'},{'D5'},,,,&,1.0,&
{'D1'},{'R3'},{'D3'},{'D6'},{'D7'},{'R2'},{'R1'},,,,&,1.0,&
{'D1'},{'R3'},{'D3'},{'D6'},{'R2'},,,,,,&,1.0,&
{'D1'},{'R3'},{'D3'},{'D6'},{'R2'},{'D5'},,,,,&,1.0,&
{'D1'},{'R3'},{'D3'},{'D6'},{'R2'},{'D2'},{'R1'},,,,&,1.0,&
{'D1'},{'R3'},{'D3'},{'D6'},{'R2'},{'R1'},{'D2'},{'D5'},,,&,1.0,&
{'D1'},{'R3'},{'D3'},{'D2'},,,,,,,&,21.0,&
{'D1'},{'R3'},{'D3'},{'D2'},{'D6'},,,,,,&,2.0,&
{'D1'},{'R3'},{'D3'},{'D2'},{'D6'},{'D7'},{'D5'},{'R1'},{'D4'},,&,1.0,&
{'D1'},{'R3'},{'D3'},{'D2'},{'D6'},{'D7'},{'R2'},{'R1'},{'D5'},{'D4'},&,1.0,&
{'D1'},{'R3'},{'D3'},{'D2'},{'D6'},{'D5'},{'D7'},,,,&,1.0,&
{'D1'},{'R3'},{'D3'},{'D2'},{'D6'},{'R2'},,,,,&,2.0,&
{'D1'},{'R3'},{'D3'},{'D2'},{'D6'},{'R2'},{'D5'},,,,&,1.0,&
{'D1'},{'R3'},{'D3'},{'D2'},{'D6'},{'R2'},{'R1'},,,,&,1.0,&
{'D1'},{'R3'},{'D3'},{'D2'},{'D6'},{'R2'},{'R1'},{'D7'},{'D5'},{'D4'},&,1.0,&
{'D1'},{'R3'},{'D3'},{'D2'},{'D6'},{'R2'},{'R1'},{'D5'},{'D7'},{'D4'},&,1.0,&
{'D1'},{'R3'},{'D3'},{'D2'},{'D6'},{'D4'},,,,,&,1.0,&
{'D1'},{'R3'},{'D3'},{'D2'},{'D6'},{'D4'},{'D5'},{'R2'},,,&,1.0,&
{'D1'},{'R3'},{'D3'},{'D2'},{'D6'},{'D4'},{'D5'},{'D7'},{'R1'},,&,1.0,&
{'D1'},{'R3'},{'D3'},{'D2'},{'D7'},{'D5'},{'R2'},{'D6'},{'R1'},,&,1.0,&
{'D1'},{'R3'},{'D3'},{'D2'},{'D7'},{'D5'},{'D6'},{'D4'},,,&,1.0,&
{'D1'},{'R3'},{'D3'},{'D2'},{'D7'},{'R2'},,,,,&,2.0,&
{'D1'},{'R3'},{'D3'},{'D2'},{'D7'},{'R2'},{'R1'},,,,&,1.0,&
{'D1'},{'R3'},{'D3'},{'D2'},{'D7'},{'D6'},,,,,&,1.0,&
{'D1'},{'R3'},{'D3'},{'D2'},{'D7'},{'D6'},{'D5'},{'D4'},,,&,1.0,&
{'D1'},{'R3'},{'D3'},{'D2'},{'D7'},{'R1'},{'R2'},{'D5'},{'D6'},,&,1.0,&
{'D1'},{'R3'},{'D3'},{'D2'},{'R1'},,,,,,&,1.0,&
{'D1'},{'R3'},{'D3'},{'D2'},{'R1'},{'D7'},{'R2'},{'D5'},,,&,1.0,&
{'D1'},{'R3'},{'D3'},{'D2'},{'R1'},{'D7'},{'D6'},{'D5'},{'D4'},,&,1.0,&
{'D1'},{'R3'},{'D3'},{'D2'},{'R1'},{'D5'},{'R2'},{'D6'},{'D7'},{'D4'},&,1.0,&
{'D1'},{'R3'},{'D3'},{'D2'},{'R1'},{'D5'},{'R2'},{'D7'},,,&,1.0,&
{'D1'},{'R3'},{'D3'},{'D2'},{'R1'},{'R2'},,,,,&,2.0,&
{'D1'},{'R3'},{'D3'},{'D2'},{'R1'},{'R2'},{'D5'},{'D6'},{'D7'},,&,1.0,&
{'D1'},{'R3'},{'D3'},{'D2'},{'D5'},,,,,,&,5.0,&
{'D1'},{'R3'},{'D3'},{'D2'},{'D5'},{'D7'},,,,,&,1.0,&
{'D1'},{'R3'},{'D3'},{'D2'},{'D5'},{'R2'},,,,,&,1.0,&
{'D1'},{'R3'},{'D3'},{'D2'},{'D5'},{'D6'},,,,,&,1.0,&
{'D1'},{'R3'},{'D3'},{'D2'},{'D5'},{'D6'},{'D7'},{'D4'},,,&,1.0,&
{'D1'},{'R3'},{'D3'},{'D2'},{'D5'},{'D6'},{'R2'},,,,&,1.0,&
{'D1'},{'R3'},{'D3'},{'D2'},{'D5'},{'R1'},,,,,&,1.0,&
{'D1'},{'R3'},{'D3'},{'D2'},{'D5'},{'R1'},{'D6'},{'R2'},{'D7'},{'D4'},&,1.0,&
{'D1'},{'R3'},{'D3'},{'D2'},{'R2'},,,,,,&,5.0,&
{'D1'},{'R3'},{'D3'},{'D2'},{'R2'},{'D7'},,,,,&,2.0,&
{'D1'},{'R3'},{'D3'},{'D2'},{'R2'},{'D5'},,,,,&,3.0,&
{'D1'},{'R3'},{'D3'},{'D2'},{'R2'},{'D5'},{'R1'},,,,&,1.0,&
{'D1'},{'R3'},{'D3'},{'D2'},{'R2'},{'D5'},{'R1'},{'D6'},{'D7'},{'D4'},&,1.0,&
{'D1'},{'R3'},{'D3'},{'D2'},{'R2'},{'D5'},{'D6'},{'R1'},,,&,1.0,&
{'D1'},{'R3'},{'D3'},{'D2'},{'R2'},{'D6'},,,,,&,1.0,&
{'D1'},{'R3'},{'D3'},{'D2'},{'R2'},{'D6'},{'D7'},{'R1'},{'D5'},{'D4'},&,1.0,&
{'D1'},{'R3'},{'D3'},{'D2'},{'R2'},{'D6'},{'D5'},,,,&,1.0,&
{'D1'},{'R3'},{'D3'},{'D2'},{'R2'},{'D6'},{'R1'},,,,&,1.0,&
{'D1'},{'R3'},{'D3'},{'D2'},{'R2'},{'D6'},{'R1'},{'D4'},{'D5'},,&,1.0,&
{'D1'},{'R3'},{'D3'},{'D2'},{'R2'},{'D6'},{'R1'},{'D7'},,,&,1.0,&
{'D1'},{'R3'},{'D3'},{'D2'},{'R2'},{'D6'},{'R1'},{'D5'},,,&,1.0,&
{'D1'},{'R3'},{'D3'},{'D2'},{'R2'},{'D6'},{'R1'},{'D5'},{'D4'},{'D7'},&,1.0,&
{'D1'},{'R3'},{'D3'},{'D2'},{'R2'},{'R1'},,,,,&,4.0,&
{'D1'},{'R3'},{'D3'},{'D2'},{'R2'},{'R1'},{'D7'},{'D6'},,,&,1.0,&
{'D1'},{'R3'},{'D3'},{'D2'},{'R2'},{'R1'},{'D7'},{'D4'},,,&,1.0,&
{'D1'},{'R3'},{'D3'},{'D2'},{'R2'},{'R1'},{'D5'},,,,&,2.0,&
{'D1'},{'R3'},{'D3'},{'D2'},{'R2'},{'R1'},{'D5'},{'D6'},{'D4'},,&,1.0,&
{'D1'},{'R3'},{'D3'},{'D2'},{'R2'},{'R1'},{'D5'},{'D4'},{'D7'},,&,1.0,&
{'D1'},{'R3'},{'D3'},{'D2'},{'R2'},{'R1'},{'D6'},{'D4'},{'D7'},,&,1.0,&
{'D1'},{'R3'},{'D3'},{'D2'},{'R2'},{'R1'},{'D4'},{'D5'},,,&,1.0,&
{'D1'},{'R3'},{'D3'},{'D2'},{'D4'},{'D5'},,,,,&,1.0,&
{'D1'},{'R3'},{'D3'},{'D2'},{'D4'},{'R2'},,,,,&,1.0,&
{'D1'},{'R3'},{'D3'},{'D2'},{'D4'},{'R2'},{'R1'},{'D7'},,,&,1.0,&
{'D1'},{'R3'},{'D3'},{'D2'},{'D4'},{'R2'},{'D6'},{'D7'},{'R1'},{'D5'},&,1.0,&
{'D1'},{'R3'},{'D5'},,,,,,,,&,6.0,&
{'D1'},{'R3'},{'D5'},{'R2'},,,,,,,&,4.0,&
{'D1'},{'R3'},{'D5'},{'R2'},{'D2'},{'D6'},{'D3'},{'R1'},,,&,1.0,&
{'D1'},{'R3'},{'D5'},{'R2'},{'D2'},{'D3'},{'R1'},{'D4'},{'D6'},,&,1.0,&
{'D1'},{'R3'},{'D5'},{'R2'},{'D2'},{'D3'},{'R1'},{'D7'},,,&,1.0,&
{'D1'},{'R3'},{'D5'},{'R2'},{'D2'},{'R1'},{'D6'},{'D3'},,,&,1.0,&
{'D1'},{'R3'},{'D5'},{'R2'},{'D6'},,,,,,&,1.0,&
{'D1'},{'R3'},{'D5'},{'R2'},{'D6'},{'D2'},{'R1'},,,,&,1.0,&
{'D1'},{'R3'},{'D5'},{'R2'},{'D6'},{'R1'},{'D3'},,,,&,1.0,&
{'D1'},{'R3'},{'D5'},{'R2'},{'D3'},{'D7'},{'D2'},{'D6'},{'D4'},{'R1'},&,1.0,&
{'D1'},{'R3'},{'D5'},{'R2'},{'D3'},{'D2'},{'R1'},{'D6'},,,&,1.0,&
{'D1'},{'R3'},{'D5'},{'R2'},{'D3'},{'R1'},,,,,&,1.0,&
{'D1'},{'R3'},{'D5'},{'R2'},{'D3'},{'R1'},{'D2'},{'D7'},,,&,1.0,&
{'D1'},{'R3'},{'D5'},{'R2'},{'R1'},,,,,,&,3.0,&
{'D1'},{'R3'},{'D5'},{'R2'},{'R1'},{'D2'},{'D6'},,,,&,1.0,&
{'D1'},{'R3'},{'D5'},{'R2'},{'R1'},{'D2'},{'D3'},{'D7'},,,&,1.0,&
{'D1'},{'R3'},{'D5'},{'R2'},{'D4'},,,,,,&,1.0,&
{'D1'},{'R3'},{'D5'},{'D3'},{'D2'},,,,,,&,2.0,&
{'D1'},{'R3'},{'D5'},{'D3'},{'D2'},{'R1'},{'R2'},{'D6'},{'D7'},,&,1.0,&
{'D1'},{'R3'},{'D5'},{'D3'},{'R2'},{'D6'},,,,,&,1.0,&
{'D1'},{'R3'},{'D5'},{'D7'},,,,,,,&,1.0,&
{'D1'},{'R3'},{'D5'},{'D7'},{'D3'},{'D2'},,,,,&,1.0,&
{'D1'},{'R3'},{'D5'},{'D7'},{'R2'},{'D3'},,,,,&,1.0,&
{'D1'},{'R3'},{'D5'},{'D7'},{'R2'},{'R1'},,,,,&,1.0,&
{'D1'},{'R3'},{'D5'},{'R1'},,,,,,,&,1.0,&
{'D1'},{'R3'},{'D5'},{'R1'},{'D2'},{'R2'},{'D3'},{'D7'},,,&,1.0,&
{'D1'},{'R3'},{'D5'},{'R1'},{'D2'},{'D6'},{'D3'},{'R2'},{'D7'},{'D4'},&,1.0,&
{'D1'},{'R3'},{'D5'},{'R1'},{'D2'},{'D3'},{'R2'},{'D6'},{'D7'},,&,1.0,&
{'D1'},{'R3'},{'D5'},{'R1'},{'D3'},{'D2'},{'D6'},{'R2'},,,&,1.0,&
{'D1'},{'R3'},{'D5'},{'D6'},{'D2'},{'R2'},{'R1'},{'D3'},{'D7'},{'D4'},&,1.0,&
{'D1'},{'R3'},{'D5'},{'D6'},{'R2'},{'D2'},{'D3'},{'D7'},{'D4'},,&,1.0,&
{'D1'},{'R3'},{'D5'},{'D6'},{'R2'},{'R1'},{'D3'},{'D2'},{'D7'},{'D4'},&,1.0,&
{'D1'},{'R3'},{'D5'},{'D2'},,,,,,,&,1.0,&
{'D1'},{'R3'},{'D5'},{'D2'},{'D6'},{'D3'},,,,,&,1.0,&
{'D1'},{'R3'},{'D5'},{'D2'},{'D7'},{'R2'},{'D3'},{'R1'},,,&,1.0,&
{'D1'},{'R3'},{'D5'},{'D2'},{'D7'},{'D3'},{'R2'},{'D6'},{'R1'},,&,1.0,&
{'D1'},{'R3'},{'D5'},{'D2'},{'D3'},,,,,,&,2.0,&
{'D1'},{'R3'},{'D5'},{'D2'},{'D3'},{'D7'},{'D4'},{'R1'},{'D6'},{'R2'},&,1.0,&
{'D1'},{'R3'},{'D5'},{'D2'},{'D3'},{'D6'},{'R2'},{'D4'},,,&,1.0,&
{'D1'},{'R3'},{'D5'},{'D2'},{'R1'},{'D3'},{'D7'},,,,&,1.0,&
{'D1'},{'R3'},{'D5'},{'D2'},{'R2'},,,,,,&,1.0,&
{'D1'},{'R3'},{'D5'},{'D2'},{'R2'},{'D3'},,,,,&,1.0,&
{'D1'},{'R3'},{'D5'},{'D2'},{'R2'},{'R1'},,,,,&,3.0,&
{'D1'},{'R3'},{'D7'},,,,,,,,&,8.0,&
{'D1'},{'R3'},{'D7'},{'R2'},,,,,,,&,1.0,&
{'D1'},{'R3'},{'D7'},{'R2'},{'D2'},{'D3'},{'D5'},{'D6'},{'R1'},,&,1.0,&
{'D1'},{'R3'},{'D7'},{'R2'},{'D2'},{'D3'},{'R1'},{'D4'},,,&,1.0,&
{'D1'},{'R3'},{'D7'},{'R2'},{'D2'},{'R1'},,,,,&,1.0,&
{'D1'},{'R3'},{'D7'},{'R2'},{'D3'},,,,,,&,1.0,&
{'D1'},{'R3'},{'D7'},{'R2'},{'R1'},,,,,,&,1.0,&
{'D1'},{'R3'},{'D7'},{'R2'},{'R1'},{'D2'},,,,,&,1.0,&
{'D1'},{'R3'},{'D7'},{'R2'},{'R1'},{'D3'},{'D2'},{'D4'},{'D5'},{'D6'},&,1.0,&
{'D1'},{'R3'},{'D7'},{'D5'},{'D2'},{'D3'},{'R2'},{'D6'},{'R1'},,&,1.0,&
{'D1'},{'R3'},{'D7'},{'D3'},,,,,,,&,2.0,&
{'D1'},{'R3'},{'D7'},{'D3'},{'D2'},{'R2'},{'D5'},{'R1'},,,&,1.0,&
{'D1'},{'R3'},{'D7'},{'D3'},{'D2'},{'R2'},{'D6'},,,,&,1.0,&
{'D1'},{'R3'},{'D7'},{'D3'},{'D2'},{'D6'},{'D5'},,,,&,1.0,&
{'D1'},{'R3'},{'D7'},{'D3'},{'R2'},{'D5'},{'R1'},{'D6'},{'D2'},,&,1.0,&
{'D1'},{'R3'},{'D7'},{'D3'},{'R2'},{'D2'},{'R1'},{'D5'},{'D4'},,&,1.0,&
{'D1'},{'R3'},{'D7'},{'R1'},{'D2'},{'D3'},,,,,&,1.0,&
{'D1'},{'R3'},{'D7'},{'D6'},,,,,,,&,1.0,&
{'D1'},{'R3'},{'D7'},{'D2'},,,,,,,&,4.0,&
{'D1'},{'R3'},{'D7'},{'D2'},{'D6'},{'D3'},,,,,&,1.0,&
{'D1'},{'R3'},{'D7'},{'D2'},{'D6'},{'D3'},{'R1'},{'R2'},{'D5'},,&,1.0,&
{'D1'},{'R3'},{'D7'},{'D2'},{'D3'},{'R2'},{'D6'},{'R1'},{'D5'},,&,1.0,&
{'D1'},{'R3'},{'D7'},{'D2'},{'D3'},{'D6'},{'D5'},,,,&,1.0,&
{'D1'},{'R3'},{'D7'},{'D2'},{'R1'},{'D6'},{'R2'},,,,&,1.0,&
{'D1'},{'R3'},{'D7'},{'D2'},{'R2'},{'R1'},,,,,&,1.0,&
{'D1'},{'R3'},{'R2'},,,,,,,,&,61.0,&
{'D1'},{'R3'},{'R2'},{'D5'},,,,,,,&,2.0,&
{'D1'},{'R3'},{'R2'},{'D5'},{'D2'},{'D3'},{'R1'},{'D6'},,,&,1.0,&
{'D1'},{'R3'},{'R2'},{'D5'},{'D2'},{'D3'},{'D6'},{'R1'},,,&,1.0,&
{'D1'},{'R3'},{'R2'},{'D5'},{'D2'},{'R1'},{'D4'},,,,&,1.0,&
{'D1'},{'R3'},{'R2'},{'D5'},{'D6'},{'D3'},,,,,&,1.0,&
{'D1'},{'R3'},{'R2'},{'D5'},{'D3'},,,,,,&,1.0,&
{'D1'},{'R3'},{'R2'},{'D5'},{'D3'},{'D2'},{'D7'},{'D6'},,,&,1.0,&
{'D1'},{'R3'},{'R2'},{'D5'},{'D3'},{'D2'},{'D6'},{'D7'},{'D4'},,&,1.0,&
{'D1'},{'R3'},{'R2'},{'D5'},{'R1'},,,,,,&,1.0,&
{'D1'},{'R3'},{'R2'},{'D5'},{'R1'},{'D2'},{'D3'},{'D6'},{'D7'},{'D4'},&,1.0,&
{'D1'},{'R3'},{'R2'},{'D5'},{'R1'},{'D3'},,,,,&,1.0,&
{'D1'},{'R3'},{'R2'},{'D3'},,,,,,,&,9.0,&
{'D1'},{'R3'},{'R2'},{'D3'},{'D2'},,,,,,&,5.0,&
{'D1'},{'R3'},{'R2'},{'D3'},{'D2'},{'D7'},,,,,&,1.0,&
{'D1'},{'R3'},{'R2'},{'D3'},{'D2'},{'D7'},{'D5'},{'D6'},{'D4'},{'R1'},&,1.0,&
{'D1'},{'R3'},{'R2'},{'D3'},{'D2'},{'D7'},{'R1'},{'D6'},,,&,1.0,&
{'D1'},{'R3'},{'R2'},{'D3'},{'D2'},{'D5'},,,,,&,1.0,&
{'D1'},{'R3'},{'R2'},{'D3'},{'D2'},{'D5'},{'D7'},{'D6'},{'R1'},{'D4'},&,1.0,&
{'D1'},{'R3'},{'R2'},{'D3'},{'D2'},{'D5'},{'D7'},{'D6'},{'D4'},{'R1'},&,1.0,&
{'D1'},{'R3'},{'R2'},{'D3'},{'D2'},{'D5'},{'D6'},{'D7'},{'R1'},{'D4'},&,1.0,&
{'D1'},{'R3'},{'R2'},{'D3'},{'D2'},{'D5'},{'D6'},{'D7'},{'D4'},{'R1'},&,1.0,&
{'D1'},{'R3'},{'R2'},{'D3'},{'D2'},{'D6'},{'D7'},{'D5'},{'R1'},,&,1.0,&
{'D1'},{'R3'},{'R2'},{'D3'},{'D2'},{'D6'},{'D5'},{'D7'},{'R1'},,&,1.0,&
{'D1'},{'R3'},{'R2'},{'D3'},{'D2'},{'D6'},{'R1'},,,,&,1.0,&
{'D1'},{'R3'},{'R2'},{'D3'},{'D2'},{'R1'},,,,,&,6.0,&
{'D1'},{'R3'},{'R2'},{'D3'},{'D2'},{'R1'},{'D7'},{'D6'},,,&,1.0,&
{'D1'},{'R3'},{'R2'},{'D3'},{'D2'},{'R1'},{'D6'},,,,&,1.0,&
{'D1'},{'R3'},{'R2'},{'D3'},{'D6'},,,,,,&,3.0,&
{'D1'},{'R3'},{'R2'},{'D3'},{'D6'},{'D2'},{'D7'},,,,&,1.0,&
{'D1'},{'R3'},{'R2'},{'D3'},{'D6'},{'D2'},{'D5'},,,,&,1.0,&
{'D1'},{'R3'},{'R2'},{'D3'},{'D6'},{'R1'},{'D2'},{'D5'},{'D7'},,&,1.0,&
{'D1'},{'R3'},{'R2'},{'D3'},{'D7'},{'D2'},{'R1'},,,,&,1.0,&
{'D1'},{'R3'},{'R2'},{'D3'},{'D7'},{'R1'},{'D4'},,,,&,1.0,&
{'D1'},{'R3'},{'R2'},{'D3'},{'D7'},{'R1'},{'D2'},{'D6'},,,&,1.0,&
{'D1'},{'R3'},{'R2'},{'D3'},{'D7'},{'D4'},{'D6'},{'R1'},,,&,1.0,&
{'D1'},{'R3'},{'R2'},{'D3'},{'R1'},,,,,,&,3.0,&
{'D1'},{'R3'},{'R2'},{'D3'},{'R1'},{'D7'},{'D2'},{'D6'},,,&,1.0,&
{'D1'},{'R3'},{'R2'},{'D3'},{'R1'},{'D7'},{'D2'},{'D6'},{'D5'},{'D4'},&,1.0,&
{'D1'},{'R3'},{'R2'},{'D3'},{'R1'},{'D5'},{'D2'},{'D4'},{'D7'},{'D6'},&,1.0,&
{'D1'},{'R3'},{'R2'},{'D3'},{'R1'},{'D6'},,,,,&,1.0,&
{'D1'},{'R3'},{'R2'},{'D3'},{'R1'},{'D6'},{'D5'},{'D2'},{'D7'},{'D4'},&,1.0,&
{'D1'},{'R3'},{'R2'},{'D3'},{'R1'},{'D6'},{'D2'},{'D7'},,,&,1.0,&
{'D1'},{'R3'},{'R2'},{'D3'},{'R1'},{'D6'},{'D2'},{'D7'},{'D5'},,&,1.0,&
{'D1'},{'R3'},{'R2'},{'D3'},{'R1'},{'D2'},,,,,&,2.0,&
{'D1'},{'R3'},{'R2'},{'D3'},{'R1'},{'D2'},{'D7'},,,,&,2.0,&
{'D1'},{'R3'},{'R2'},{'D3'},{'R1'},{'D2'},{'D7'},{'D5'},{'D6'},{'D4'},&,1.0,&
{'D1'},{'R3'},{'R2'},{'D3'},{'R1'},{'D2'},{'D5'},,,,&,1.0,&
{'D1'},{'R3'},{'R2'},{'D3'},{'R1'},{'D2'},{'D5'},{'D7'},{'D6'},,&,1.0,&
{'D1'},{'R3'},{'R2'},{'D3'},{'R1'},{'D2'},{'D6'},,,,&,2.0,&
{'D1'},{'R3'},{'R2'},{'D3'},{'R1'},{'D2'},{'D6'},{'D7'},,,&,1.0,&
{'D1'},{'R3'},{'R2'},{'D3'},{'R1'},{'D2'},{'D4'},{'D5'},{'D6'},,&,1.0,&
{'D1'},{'R3'},{'R2'},{'D3'},{'D5'},{'D2'},{'R1'},{'D6'},{'D7'},{'D4'},&,1.0,&
{'D1'},{'R3'},{'R2'},{'D4'},,,,,,,&,1.0,&
{'D1'},{'R3'},{'R2'},{'D4'},{'D2'},{'R1'},,,,,&,1.0,&
{'D1'},{'R3'},{'R2'},{'D4'},{'D6'},{'R1'},{'D2'},{'D3'},,,&,1.0,&
{'D1'},{'R3'},{'R2'},{'D4'},{'R1'},{'D3'},,,,,&,1.0,&
{'D1'},{'R3'},{'R2'},{'D4'},{'R1'},{'D3'},{'D7'},,,,&,1.0,&
{'D1'},{'R3'},{'R2'},{'D7'},,,,,,,&,3.0,&
{'D1'},{'R3'},{'R2'},{'D7'},{'D2'},,,,,,&,2.0,&
{'D1'},{'R3'},{'R2'},{'D7'},{'D2'},{'D5'},{'D3'},,,,&,1.0,&
{'D1'},{'R3'},{'R2'},{'D7'},{'D2'},{'D3'},{'R1'},{'D4'},{'D5'},{'D6'},&,1.0,&
{'D1'},{'R3'},{'R2'},{'D7'},{'D2'},{'D3'},{'D6'},{'D5'},{'D4'},,&,1.0,&
{'D1'},{'R3'},{'R2'},{'D7'},{'D2'},{'R1'},{'D5'},{'D3'},{'D4'},,&,1.0,&
{'D1'},{'R3'},{'R2'},{'D7'},{'D6'},{'R1'},{'D2'},,,,&,1.0,&
{'D1'},{'R3'},{'R2'},{'D7'},{'R1'},,,,,,&,1.0,&
{'D1'},{'R3'},{'R2'},{'D7'},{'R1'},{'D2'},,,,,&,2.0,&
{'D1'},{'R3'},{'R2'},{'D7'},{'R1'},{'D3'},{'D2'},{'D4'},{'D6'},{'D5'},&,1.0,&
{'D1'},{'R3'},{'R2'},{'R1'},,,,,,,&,34.0,&
{'D1'},{'R3'},{'R2'},{'R1'},{'D2'},,,,,,&,11.0,&
{'D1'},{'R3'},{'R2'},{'R1'},{'D2'},{'D7'},,,,,&,3.0,&
{'D1'},{'R3'},{'R2'},{'R1'},{'D2'},{'D7'},{'D3'},,,,&,1.0,&
{'D1'},{'R3'},{'R2'},{'R1'},{'D2'},{'D7'},{'D3'},{'D5'},{'D6'},{'D4'},&,1.0,&
{'D1'},{'R3'},{'R2'},{'R1'},{'D2'},{'D5'},,,,,&,3.0,&
{'D1'},{'R3'},{'R2'},{'R1'},{'D2'},{'D5'},{'D7'},,,,&,2.0,&
{'D1'},{'R3'},{'R2'},{'R1'},{'D2'},{'D5'},{'D6'},{'D3'},{'D7'},{'D4'},&,1.0,&
{'D1'},{'R3'},{'R2'},{'R1'},{'D2'},{'D5'},{'D3'},{'D6'},,,&,1.0,&
{'D1'},{'R3'},{'R2'},{'R1'},{'D2'},{'D6'},,,,,&,1.0,&
{'D1'},{'R3'},{'R2'},{'R1'},{'D2'},{'D6'},{'D3'},,,,&,1.0,&
{'D1'},{'R3'},{'R2'},{'R1'},{'D2'},{'D6'},{'D3'},{'D7'},,,&,1.0,&
{'D1'},{'R3'},{'R2'},{'R1'},{'D2'},{'D3'},,,,,&,5.0,&
{'D1'},{'R3'},{'R2'},{'R1'},{'D2'},{'D3'},{'D7'},,,,&,1.0,&
{'D1'},{'R3'},{'R2'},{'R1'},{'D2'},{'D3'},{'D7'},{'D6'},,,&,1.0,&
{'D1'},{'R3'},{'R2'},{'R1'},{'D2'},{'D3'},{'D7'},{'D4'},,,&,1.0,&
{'D1'},{'R3'},{'R2'},{'R1'},{'D2'},{'D3'},{'D7'},{'D4'},{'D5'},{'D6'},&,1.0,&
{'D1'},{'R3'},{'R2'},{'R1'},{'D2'},{'D3'},{'D7'},{'D5'},,,&,1.0,&
{'D1'},{'R3'},{'R2'},{'R1'},{'D2'},{'D3'},{'D7'},{'D5'},{'D6'},{'D4'},&,1.0,&
{'D1'},{'R3'},{'R2'},{'R1'},{'D2'},{'D3'},{'D5'},,,,&,1.0,&
{'D1'},{'R3'},{'R2'},{'R1'},{'D2'},{'D3'},{'D5'},{'D4'},{'D6'},{'D7'},&,1.0,&
{'D1'},{'R3'},{'R2'},{'R1'},{'D2'},{'D3'},{'D5'},{'D7'},,,&,1.0,&
{'D1'},{'R3'},{'R2'},{'R1'},{'D2'},{'D3'},{'D5'},{'D7'},{'D6'},,&,1.0,&
{'D1'},{'R3'},{'R2'},{'R1'},{'D2'},{'D3'},{'D6'},{'D4'},,,&,1.0,&
{'D1'},{'R3'},{'R2'},{'R1'},{'D2'},{'D3'},{'D6'},{'D5'},{'D7'},{'D4'},&,1.0,&
{'D1'},{'R3'},{'R2'},{'R1'},{'D2'},{'D3'},{'D4'},,,,&,2.0,&
{'D1'},{'R3'},{'R2'},{'R1'},{'D2'},{'D3'},{'D4'},{'D6'},{'D5'},,&,1.0,&
{'D1'},{'R3'},{'R2'},{'R1'},{'D2'},{'D4'},{'D5'},,,,&,1.0,&
{'D1'},{'R3'},{'R2'},{'R1'},{'D2'},{'D4'},{'D3'},{'D7'},{'D6'},,&,1.0,&
{'D1'},{'R3'},{'R2'},{'R1'},{'D6'},,,,,,&,3.0,&
{'D1'},{'R3'},{'R2'},{'R1'},{'D6'},{'D7'},,,,,&,1.0,&
{'D1'},{'R3'},{'R2'},{'R1'},{'D6'},{'D5'},{'D3'},{'D2'},{'D7'},,&,1.0,&
{'D1'},{'R3'},{'R2'},{'R1'},{'D6'},{'D2'},,,,,&,3.0,&
{'D1'},{'R3'},{'R2'},{'R1'},{'D6'},{'D2'},{'D5'},{'D3'},,,&,1.0,&
{'D1'},{'R3'},{'R2'},{'R1'},{'D6'},{'D2'},{'D3'},,,,&,1.0,&
{'D1'},{'R3'},{'R2'},{'R1'},{'D6'},{'D3'},,,,,&,2.0,&
{'D1'},{'R3'},{'R2'},{'R1'},{'D7'},,,,,,&,1.0,&
{'D1'},{'R3'},{'R2'},{'R1'},{'D7'},{'D2'},,,,,&,1.0,&
{'D1'},{'R3'},{'R2'},{'R1'},{'D7'},{'D3'},{'D2'},,,,&,1.0,&
{'D1'},{'R3'},{'R2'},{'R1'},{'D3'},,,,,,&,10.0,&
{'D1'},{'R3'},{'R2'},{'R1'},{'D3'},{'D5'},,,,,&,1.0,&
{'D1'},{'R3'},{'R2'},{'R1'},{'D3'},{'D5'},{'D2'},{'D7'},{'D6'},,&,1.0,&
{'D1'},{'R3'},{'R2'},{'R1'},{'D3'},{'D6'},{'D2'},,,,&,1.0,&
{'D1'},{'R3'},{'R2'},{'R1'},{'D3'},{'D6'},{'D2'},{'D5'},,,&,1.0,&
{'D1'},{'R3'},{'R2'},{'R1'},{'D3'},{'D2'},,,,,&,4.0,&
{'D1'},{'R3'},{'R2'},{'R1'},{'D3'},{'D2'},{'D7'},,,,&,2.0,&
{'D1'},{'R3'},{'R2'},{'R1'},{'D3'},{'D2'},{'D7'},{'D6'},{'D5'},{'D4'},&,1.0,&
{'D1'},{'R3'},{'R2'},{'R1'},{'D3'},{'D2'},{'D7'},{'D5'},{'D6'},{'D4'},&,1.0,&
{'D1'},{'R3'},{'R2'},{'R1'},{'D3'},{'D2'},{'D5'},,,,&,1.0,&
{'D1'},{'R3'},{'R2'},{'R1'},{'D3'},{'D2'},{'D5'},{'D6'},{'D7'},{'D4'},&,1.0,&
{'D1'},{'R3'},{'R2'},{'R1'},{'D3'},{'D2'},{'D5'},{'D4'},{'D7'},,&,1.0,&
{'D1'},{'R3'},{'R2'},{'R1'},{'D3'},{'D2'},{'D5'},{'D7'},,,&,1.0,&
{'D1'},{'R3'},{'R2'},{'R1'},{'D3'},{'D2'},{'D5'},{'D7'},{'D6'},{'D4'},&,2.0,&
{'D1'},{'R3'},{'R2'},{'R1'},{'D3'},{'D2'},{'D6'},,,,&,2.0,&
{'D1'},{'R3'},{'R2'},{'R1'},{'D3'},{'D2'},{'D6'},{'D4'},,,&,1.0,&
{'D1'},{'R3'},{'R2'},{'R1'},{'D3'},{'D2'},{'D6'},{'D7'},,,&,2.0,&
{'D1'},{'R3'},{'R2'},{'R1'},{'D3'},{'D2'},{'D6'},{'D7'},{'D5'},,&,1.0,&
{'D1'},{'R3'},{'R2'},{'R1'},{'D3'},{'D2'},{'D6'},{'D5'},{'D7'},,&,1.0,&
{'D1'},{'R3'},{'R2'},{'R1'},{'D3'},{'D2'},{'D6'},{'D5'},{'D4'},{'D7'},&,2.0,&
{'D1'},{'R3'},{'R2'},{'R1'},{'D3'},{'D4'},{'D2'},{'D5'},{'D7'},{'D6'},&,1.0,&
{'D1'},{'R3'},{'R2'},{'R1'},{'D5'},,,,,,&,1.0,&
{'D1'},{'R3'},{'R2'},{'R1'},{'D5'},{'D2'},,,,,&,1.0,&
{'D1'},{'R3'},{'R2'},{'R1'},{'D5'},{'D2'},{'D7'},,,,&,1.0,&
{'D1'},{'R3'},{'R2'},{'R1'},{'D5'},{'D2'},{'D7'},{'D3'},{'D6'},,&,1.0,&
{'D1'},{'R3'},{'R2'},{'R1'},{'D5'},{'D3'},,,,,&,2.0,&
{'D1'},{'R3'},{'R2'},{'R1'},{'D5'},{'D3'},{'D6'},{'D2'},{'D4'},{'D7'},&,1.0,&
{'D1'},{'R3'},{'R2'},{'R1'},{'D4'},{'D3'},{'D2'},,,,&,1.0,&
{'D1'},{'R3'},{'R2'},{'R1'},{'D4'},{'D3'},{'D2'},{'D7'},,,&,1.0,&
{'D1'},{'R3'},{'R2'},{'D6'},,,,,,,&,7.0,&
{'D1'},{'R3'},{'R2'},{'D6'},{'D2'},,,,,,&,1.0,&
{'D1'},{'R3'},{'R2'},{'D6'},{'D2'},{'D3'},{'R1'},,,,&,1.0,&
{'D1'},{'R3'},{'R2'},{'D6'},{'D2'},{'R1'},{'D3'},{'D5'},{'D7'},{'D4'},&,1.0,&
{'D1'},{'R3'},{'R2'},{'D6'},{'D3'},,,,,,&,2.0,&
{'D1'},{'R3'},{'R2'},{'D6'},{'D3'},{'D2'},{'D7'},,,,&,1.0,&
{'D1'},{'R3'},{'R2'},{'D6'},{'R1'},{'D2'},,,,,&,1.0,&
{'D1'},{'R3'},{'R2'},{'D6'},{'R1'},{'D2'},{'D5'},,,,&,1.0,&
{'D1'},{'R3'},{'R2'},{'D6'},{'R1'},{'D2'},{'D3'},{'D5'},{'D7'},{'D4'},&,1.0,&
{'D1'},{'R3'},{'R2'},{'D2'},,,,,,,&,19.0,&
{'D1'},{'R3'},{'R2'},{'D2'},{'D6'},{'D3'},,,,,&,3.0,&
{'D1'},{'R3'},{'R2'},{'D2'},{'D6'},{'D3'},{'R1'},,,,&,1.0,&
{'D1'},{'R3'},{'R2'},{'D2'},{'D6'},{'D3'},{'R1'},{'D5'},,,&,1.0,&
{'D1'},{'R3'},{'R2'},{'D2'},{'D6'},{'D3'},{'R1'},{'D5'},{'D7'},{'D4'},&,1.0,&
{'D1'},{'R3'},{'R2'},{'D2'},{'D6'},{'R1'},{'D5'},,,,&,1.0,&
{'D1'},{'R3'},{'R2'},{'D2'},{'D6'},{'R1'},{'D3'},,,,&,1.0,&
{'D1'},{'R3'},{'R2'},{'D2'},{'D6'},{'D4'},{'D3'},{'D7'},,,&,1.0,&
{'D1'},{'R3'},{'R2'},{'D2'},{'D7'},,,,,,&,4.0,&
{'D1'},{'R3'},{'R2'},{'D2'},{'D7'},{'D5'},{'D6'},{'D3'},{'D4'},{'R1'},&,1.0,&
{'D1'},{'R3'},{'R2'},{'D2'},{'D7'},{'D6'},,,,,&,1.0,&
{'D1'},{'R3'},{'R2'},{'D2'},{'D7'},{'D6'},{'D5'},{'R1'},{'D4'},{'D3'},&,1.0,&
{'D1'},{'R3'},{'R2'},{'D2'},{'D7'},{'D3'},,,,,&,1.0,&
{'D1'},{'R3'},{'R2'},{'D2'},{'D7'},{'D3'},{'D5'},,,,&,1.0,&
{'D1'},{'R3'},{'R2'},{'D2'},{'D7'},{'R1'},{'D3'},,,,&,1.0,&
{'D1'},{'R3'},{'R2'},{'D2'},{'D7'},{'R1'},{'D3'},{'D5'},{'D6'},{'D4'},&,1.0,&
{'D1'},{'R3'},{'R2'},{'D2'},{'D3'},,,,,,&,7.0,&
{'D1'},{'R3'},{'R2'},{'D2'},{'D3'},{'D7'},{'R1'},{'D4'},{'D6'},,&,1.0,&
{'D1'},{'R3'},{'R2'},{'D2'},{'D3'},{'D5'},,,,,&,1.0,&
{'D1'},{'R3'},{'R2'},{'D2'},{'D3'},{'D5'},{'D6'},{'D7'},{'R1'},,&,2.0,&
{'D1'},{'R3'},{'R2'},{'D2'},{'D3'},{'D6'},{'D7'},{'D5'},,,&,1.0,&
{'D1'},{'R3'},{'R2'},{'D2'},{'D3'},{'D6'},{'D5'},,,,&,1.0,&
{'D1'},{'R3'},{'R2'},{'D2'},{'D3'},{'D6'},{'D4'},{'R1'},,,&,1.0,&
{'D1'},{'R3'},{'R2'},{'D2'},{'D3'},{'R1'},{'D7'},{'D6'},{'D5'},{'D4'},&,1.0,&
{'D1'},{'R3'},{'R2'},{'D2'},{'D3'},{'R1'},{'D5'},{'D6'},{'D7'},{'D4'},&,1.0,&
{'D1'},{'R3'},{'R2'},{'D2'},{'D3'},{'R1'},{'D6'},,,,&,1.0,&
{'D1'},{'R3'},{'R2'},{'D2'},{'D3'},{'R1'},{'D6'},{'D7'},{'D5'},{'D4'},&,1.0,&
{'D1'},{'R3'},{'R2'},{'D2'},{'D3'},{'R1'},{'D6'},{'D5'},{'D7'},{'D4'},&,1.0,&
{'D1'},{'R3'},{'R2'},{'D2'},{'R1'},,,,,,&,5.0,&
{'D1'},{'R3'},{'R2'},{'D2'},{'R1'},{'D7'},{'D6'},{'D3'},,,&,1.0,&
{'D1'},{'R3'},{'R2'},{'D2'},{'R1'},{'D5'},,,,,&,1.0,&
{'D1'},{'R3'},{'R2'},{'D2'},{'R1'},{'D5'},{'D7'},,,,&,2.0,&
{'D1'},{'R3'},{'R2'},{'D2'},{'R1'},{'D6'},,,,,&,1.0,&
{'D1'},{'R3'},{'R2'},{'D2'},{'R1'},{'D3'},,,,,&,4.0,&
{'D1'},{'R3'},{'R2'},{'D2'},{'R1'},{'D3'},{'D7'},,,,&,1.0,&
{'D1'},{'R3'},{'R2'},{'D2'},{'R1'},{'D3'},{'D7'},{'D4'},{'D6'},,&,1.0,&
{'D1'},{'R3'},{'R2'},{'D2'},{'R1'},{'D3'},{'D5'},{'D6'},{'D7'},{'D4'},&,1.0,&
{'D1'},{'R3'},{'R2'},{'D2'},{'R1'},{'D3'},{'D5'},{'D7'},{'D6'},{'D4'},&,1.0,&
{'D1'},{'R3'},{'R2'},{'D2'},{'R1'},{'D3'},{'D6'},,,,&,1.0,&
{'D1'},{'R3'},{'R2'},{'D2'},{'R1'},{'D3'},{'D6'},{'D7'},{'D5'},{'D4'},&,1.0,&
{'D1'},{'R3'},{'R2'},{'D2'},{'R1'},{'D3'},{'D6'},{'D5'},{'D4'},{'D7'},&,1.0,&
{'D1'},{'R3'},{'R2'},{'D2'},{'R1'},{'D3'},{'D4'},,,,&,2.0,&
{'D1'},{'R3'},{'R2'},{'D2'},{'D5'},,,,,,&,2.0,&
{'D1'},{'R3'},{'R2'},{'D2'},{'D5'},{'D3'},{'R1'},,,,&,1.0,&
{'D1'},{'R3'},{'R2'},{'D2'},{'D5'},{'R1'},,,,,&,2.0,&
{'D1'},{'R3'},{'D2'},,,,,,,,&,76.0,&
{'D1'},{'R3'},{'D2'},{'R2'},,,,,,,&,14.0,&
{'D1'},{'R3'},{'D2'},{'R2'},{'D6'},,,,,,&,2.0,&
{'D1'},{'R3'},{'D2'},{'R2'},{'D6'},{'D3'},{'D5'},{'R1'},{'D7'},,&,1.0,&
{'D1'},{'R3'},{'D2'},{'R2'},{'D6'},{'R1'},{'D3'},{'D7'},{'D5'},{'D4'},&,1.0,&
{'D1'},{'R3'},{'D2'},{'R2'},{'D6'},{'R1'},{'D3'},{'D7'},{'D4'},{'D5'},&,1.0,&
{'D1'},{'R3'},{'D2'},{'R2'},{'D7'},{'D5'},{'D6'},{'D3'},{'D4'},,&,1.0,&
{'D1'},{'R3'},{'D2'},{'R2'},{'D7'},{'D3'},{'D4'},,,,&,1.0,&
{'D1'},{'R3'},{'D2'},{'R2'},{'D7'},{'R1'},,,,,&,2.0,&
{'D1'},{'R3'},{'D2'},{'R2'},{'D7'},{'R1'},{'D3'},{'D6'},,,&,1.0,&
{'D1'},{'R3'},{'D2'},{'R2'},{'D7'},{'R1'},{'D3'},{'D5'},{'D6'},{'D4'},&,1.0,&
{'D1'},{'R3'},{'D2'},{'R2'},{'D3'},,,,,,&,11.0,&
{'D1'},{'R3'},{'D2'},{'R2'},{'D3'},{'D7'},{'D5'},{'D6'},,,&,1.0,&
{'D1'},{'R3'},{'D2'},{'R2'},{'D3'},{'D7'},{'D5'},{'R1'},,,&,1.0,&
{'D1'},{'R3'},{'D2'},{'R2'},{'D3'},{'D5'},,,,,&,1.0,&
{'D1'},{'R3'},{'D2'},{'R2'},{'D3'},{'D5'},{'R1'},{'D6'},,,&,1.0,&
{'D1'},{'R3'},{'D2'},{'R2'},{'D3'},{'D5'},{'R1'},{'D4'},{'D6'},,&,1.0,&
{'D1'},{'R3'},{'D2'},{'R2'},{'D3'},{'D5'},{'D6'},{'D4'},{'R1'},{'D7'},&,1.0,&
{'D1'},{'R3'},{'D2'},{'R2'},{'D3'},{'D5'},{'D6'},{'D7'},{'D4'},{'R1'},&,1.0,&
{'D1'},{'R3'},{'D2'},{'R2'},{'D3'},{'D6'},{'D7'},{'D5'},{'R1'},{'D4'},&,1.0,&
{'D1'},{'R3'},{'D2'},{'R2'},{'D3'},{'D6'},{'D7'},{'D5'},{'D4'},,&,1.0,&
{'D1'},{'R3'},{'D2'},{'R2'},{'D3'},{'D6'},{'D5'},{'D7'},{'D4'},,&,1.0,&
{'D1'},{'R3'},{'D2'},{'R2'},{'D3'},{'D6'},{'D5'},{'R1'},{'D7'},,&,1.0,&
{'D1'},{'R3'},{'D2'},{'R2'},{'D3'},{'D6'},{'D5'},{'R1'},{'D7'},{'D4'},&,1.0,&
{'D1'},{'R3'},{'D2'},{'R2'},{'D3'},{'D6'},{'R1'},{'D4'},,,&,1.0,&
{'D1'},{'R3'},{'D2'},{'R2'},{'D3'},{'D6'},{'D4'},,,,&,1.0,&
{'D1'},{'R3'},{'D2'},{'R2'},{'D3'},{'R1'},,,,,&,3.0,&
{'D1'},{'R3'},{'D2'},{'R2'},{'D3'},{'R1'},{'D7'},,,,&,1.0,&
{'D1'},{'R3'},{'D2'},{'R2'},{'D3'},{'R1'},{'D7'},{'D6'},{'D5'},{'D4'},&,1.0,&
{'D1'},{'R3'},{'D2'},{'R2'},{'D3'},{'R1'},{'D7'},{'D4'},,,&,1.0,&
{'D1'},{'R3'},{'D2'},{'R2'},{'D3'},{'R1'},{'D7'},{'D5'},{'D6'},{'D4'},&,1.0,&
{'D1'},{'R3'},{'D2'},{'R2'},{'D3'},{'R1'},{'D5'},,,,&,3.0,&
{'D1'},{'R3'},{'D2'},{'R2'},{'D3'},{'R1'},{'D5'},{'D7'},,,&,2.0,&
{'D1'},{'R3'},{'D2'},{'R2'},{'D3'},{'R1'},{'D6'},,,,&,1.0,&
{'D1'},{'R3'},{'D2'},{'R2'},{'D3'},{'R1'},{'D6'},{'D7'},{'D5'},,&,1.0,&
{'D1'},{'R3'},{'D2'},{'R2'},{'D3'},{'R1'},{'D4'},,,,&,2.0,&
{'D1'},{'R3'},{'D2'},{'R2'},{'R1'},,,,,,&,6.0,&
{'D1'},{'R3'},{'D2'},{'R2'},{'R1'},{'D7'},{'D5'},,,,&,1.0,&
{'D1'},{'R3'},{'D2'},{'R2'},{'R1'},{'D7'},{'D5'},{'D3'},{'D6'},{'D4'},&,1.0,&
{'D1'},{'R3'},{'D2'},{'R2'},{'R1'},{'D5'},,,,,&,1.0,&
{'D1'},{'R3'},{'D2'},{'R2'},{'R1'},{'D5'},{'D7'},,,,&,1.0,&
{'D1'},{'R3'},{'D2'},{'R2'},{'R1'},{'D5'},{'D7'},{'D3'},{'D6'},{'D4'},&,1.0,&
{'D1'},{'R3'},{'D2'},{'R2'},{'R1'},{'D5'},{'D3'},{'D7'},{'D6'},{'D4'},&,1.0,&
{'D1'},{'R3'},{'D2'},{'R2'},{'R1'},{'D6'},,,,,&,1.0,&
{'D1'},{'R3'},{'D2'},{'R2'},{'R1'},{'D6'},{'D7'},{'D4'},{'D3'},{'D5'},&,1.0,&
{'D1'},{'R3'},{'D2'},{'R2'},{'R1'},{'D6'},{'D3'},,,,&,2.0,&
{'D1'},{'R3'},{'D2'},{'R2'},{'R1'},{'D6'},{'D3'},{'D5'},{'D7'},{'D4'},&,1.0,&
{'D1'},{'R3'},{'D2'},{'R2'},{'R1'},{'D3'},,,,,&,4.0,&
{'D1'},{'R3'},{'D2'},{'R2'},{'R1'},{'D3'},{'D7'},,,,&,2.0,&
{'D1'},{'R3'},{'D2'},{'R2'},{'R1'},{'D3'},{'D7'},{'D6'},{'D5'},{'D4'},&,1.0,&
{'D1'},{'R3'},{'D2'},{'R2'},{'R1'},{'D3'},{'D7'},{'D4'},,,&,1.0,&
{'D1'},{'R3'},{'D2'},{'R2'},{'R1'},{'D3'},{'D7'},{'D5'},,,&,1.0,&
{'D1'},{'R3'},{'D2'},{'R2'},{'R1'},{'D3'},{'D7'},{'D5'},{'D6'},,&,1.0,&
{'D1'},{'R3'},{'D2'},{'R2'},{'R1'},{'D3'},{'D7'},{'D5'},{'D6'},{'D4'},&,1.0,&
{'D1'},{'R3'},{'D2'},{'R2'},{'R1'},{'D3'},{'D5'},,,,&,3.0,&
{'D1'},{'R3'},{'D2'},{'R2'},{'R1'},{'D3'},{'D6'},,,,&,2.0,&
{'D1'},{'R3'},{'D2'},{'R2'},{'R1'},{'D4'},{'D6'},{'D3'},{'D5'},,&,1.0,&
{'D1'},{'R3'},{'D2'},{'R2'},{'D5'},,,,,,&,2.0,&
{'D1'},{'R3'},{'D2'},{'R2'},{'D5'},{'R1'},{'D3'},{'D6'},{'D4'},,&,1.0,&
{'D1'},{'R3'},{'D2'},{'R2'},{'D5'},{'R1'},{'D3'},{'D7'},{'D4'},{'D6'},&,1.0,&
{'D1'},{'R3'},{'D2'},{'R2'},{'D4'},,,,,,&,1.0,&
{'D1'},{'R3'},{'D2'},{'R2'},{'D4'},{'D3'},,,,,&,1.0,&
{'D1'},{'R3'},{'D2'},{'D5'},,,,,,,&,9.0,&
{'D1'},{'R3'},{'D2'},{'D5'},{'D6'},{'R2'},{'D3'},{'D7'},{'R1'},,&,1.0,&
{'D1'},{'R3'},{'D2'},{'D5'},{'D6'},{'D3'},{'R2'},{'D7'},{'R1'},,&,1.0,&
{'D1'},{'R3'},{'D2'},{'D5'},{'D6'},{'D3'},{'R1'},,,,&,1.0,&
{'D1'},{'R3'},{'D2'},{'D5'},{'D3'},,,,,,&,1.0,&
{'D1'},{'R3'},{'D2'},{'D5'},{'D3'},{'D7'},{'R2'},{'D6'},{'R1'},{'D4'},&,1.0,&
{'D1'},{'R3'},{'D2'},{'D5'},{'D3'},{'D7'},{'R2'},{'R1'},{'D4'},{'D6'},&,1.0,&
{'D1'},{'R3'},{'D2'},{'D5'},{'D3'},{'R2'},{'R1'},{'D6'},{'D4'},,&,1.0,&
{'D1'},{'R3'},{'D2'},{'D5'},{'D3'},{'R2'},{'D4'},{'D7'},{'R1'},{'D6'},&,1.0,&
{'D1'},{'R3'},{'D2'},{'D5'},{'D3'},{'D6'},{'D7'},{'R2'},{'R1'},{'D4'},&,1.0,&
{'D1'},{'R3'},{'D2'},{'D5'},{'D3'},{'D6'},{'D4'},{'D7'},,,&,1.0,&
{'D1'},{'R3'},{'D2'},{'D5'},{'D3'},{'D4'},{'D6'},{'R2'},{'R1'},,&,1.0,&
{'D1'},{'R3'},{'D2'},{'D5'},{'R1'},{'R2'},{'D3'},{'D6'},{'D7'},{'D4'},&,1.0,&
{'D1'},{'R3'},{'D2'},{'D5'},{'R2'},{'D7'},{'D3'},{'D4'},{'D6'},{'R1'},&,1.0,&
{'D1'},{'R3'},{'D2'},{'D5'},{'R2'},{'D3'},{'R1'},,,,&,2.0,&
{'D1'},{'R3'},{'D2'},{'D5'},{'R2'},{'D3'},{'D6'},{'R1'},,,&,1.0,&
{'D1'},{'R3'},{'D2'},{'D5'},{'R2'},{'R1'},{'D3'},,,,&,1.0,&
{'D1'},{'R3'},{'D2'},{'D3'},,,,,,,&,13.0,&
{'D1'},{'R3'},{'D2'},{'D3'},{'D6'},,,,,,&,4.0,&
{'D1'},{'R3'},{'D2'},{'D3'},{'D6'},{'D7'},{'R2'},{'R1'},{'D5'},{'D4'},&,1.0,&
{'D1'},{'R3'},{'D2'},{'D3'},{'D6'},{'D7'},{'D4'},{'D5'},{'R2'},,&,1.0,&
{'D1'},{'R3'},{'D2'},{'D3'},{'D6'},{'D5'},,,,,&,1.0,&
{'D1'},{'R3'},{'D2'},{'D3'},{'D6'},{'D5'},{'R2'},{'D4'},{'D7'},{'R1'},&,1.0,&
{'D1'},{'R3'},{'D2'},{'D3'},{'D6'},{'D5'},{'R2'},{'D7'},,,&,1.0,&
{'D1'},{'R3'},{'D2'},{'D3'},{'D6'},{'D5'},{'D4'},{'R2'},{'R1'},,&,1.0,&
{'D1'},{'R3'},{'D2'},{'D3'},{'D6'},{'R2'},,,,,&,2.0,&
{'D1'},{'R3'},{'D2'},{'D3'},{'D6'},{'R2'},{'D7'},{'D5'},{'R1'},,&,1.0,&
{'D1'},{'R3'},{'D2'},{'D3'},{'D6'},{'R2'},{'D5'},{'D7'},{'D4'},{'R1'},&,1.0,&
{'D1'},{'R3'},{'D2'},{'D3'},{'D6'},{'R2'},{'D5'},{'R1'},,,&,1.0,&
{'D1'},{'R3'},{'D2'},{'D3'},{'D6'},{'R2'},{'R1'},{'D4'},{'D5'},,&,1.0,&
{'D1'},{'R3'},{'D2'},{'D3'},{'D7'},,,,,,&,2.0,&
{'D1'},{'R3'},{'D2'},{'D3'},{'D7'},{'D5'},,,,,&,1.0,&
{'D1'},{'R3'},{'D2'},{'D3'},{'D7'},{'D5'},{'R2'},{'R1'},,,&,1.0,&
{'D1'},{'R3'},{'D2'},{'D3'},{'D7'},{'R2'},,,,,&,1.0,&
{'D1'},{'R3'},{'D2'},{'D3'},{'D7'},{'R2'},{'D5'},,,,&,1.0,&
{'D1'},{'R3'},{'D2'},{'D3'},{'D7'},{'R2'},{'D6'},{'D5'},,,&,1.0,&
{'D1'},{'R3'},{'D2'},{'D3'},{'D7'},{'R2'},{'D6'},{'R1'},,,&,1.0,&
{'D1'},{'R3'},{'D2'},{'D3'},{'D7'},{'R1'},,,,,&,1.0,&
{'D1'},{'R3'},{'D2'},{'D3'},{'R1'},{'D7'},{'D6'},{'D5'},{'R2'},{'D4'},&,1.0,&
{'D1'},{'R3'},{'D2'},{'D3'},{'R1'},{'D5'},,,,,&,1.0,&
{'D1'},{'R3'},{'D2'},{'D3'},{'R1'},{'R2'},{'D7'},{'D5'},{'D6'},{'D4'},&,1.0,&
{'D1'},{'R3'},{'D2'},{'D3'},{'R1'},{'R2'},{'D5'},{'D4'},,,&,1.0,&
{'D1'},{'R3'},{'D2'},{'D3'},{'D5'},,,,,,&,4.0,&
{'D1'},{'R3'},{'D2'},{'D3'},{'D5'},{'D7'},{'R2'},,,,&,1.0,&
{'D1'},{'R3'},{'D2'},{'D3'},{'D5'},{'D7'},{'D4'},{'D6'},{'R2'},{'R1'},&,1.0,&
{'D1'},{'R3'},{'D2'},{'D3'},{'D5'},{'R2'},,,,,&,2.0,&
{'D1'},{'R3'},{'D2'},{'D3'},{'D5'},{'R2'},{'D7'},,,,&,1.0,&
{'D1'},{'R3'},{'D2'},{'D3'},{'D5'},{'R2'},{'D6'},,,,&,1.0,&
{'D1'},{'R3'},{'D2'},{'D3'},{'D5'},{'R2'},{'D6'},{'D4'},{'R1'},{'D7'},&,1.0,&
{'D1'},{'R3'},{'D2'},{'D3'},{'D5'},{'R2'},{'D6'},{'D4'},{'D7'},{'R1'},&,1.0,&
{'D1'},{'R3'},{'D2'},{'D3'},{'D5'},{'R2'},{'D6'},{'D7'},{'R1'},,&,1.0,&
{'D1'},{'R3'},{'D2'},{'D3'},{'D5'},{'R2'},{'D6'},{'R1'},,,&,2.0,&
{'D1'},{'R3'},{'D2'},{'D3'},{'D5'},{'D6'},,,,,&,1.0,&
{'D1'},{'R3'},{'D2'},{'D3'},{'D5'},{'D6'},{'R2'},{'D4'},{'D7'},,&,1.0,&
{'D1'},{'R3'},{'D2'},{'D3'},{'D5'},{'D6'},{'R1'},{'D7'},{'R2'},{'D4'},&,1.0,&
{'D1'},{'R3'},{'D2'},{'D3'},{'D5'},{'D4'},,,,,&,1.0,&
{'D1'},{'R3'},{'D2'},{'D3'},{'D5'},{'D4'},{'D6'},{'D7'},,,&,1.0,&
{'D1'},{'R3'},{'D2'},{'D3'},{'R2'},,,,,,&,6.0,&
{'D1'},{'R3'},{'D2'},{'D3'},{'R2'},{'D7'},,,,,&,2.0,&
{'D1'},{'R3'},{'D2'},{'D3'},{'R2'},{'D7'},{'D5'},{'D6'},,,&,1.0,&
{'D1'},{'R3'},{'D2'},{'D3'},{'R2'},{'D7'},{'D5'},{'D6'},{'R1'},{'D4'},&,1.0,&
{'D1'},{'R3'},{'D2'},{'D3'},{'R2'},{'D7'},{'D5'},{'D6'},{'D4'},,&,1.0,&
{'D1'},{'R3'},{'D2'},{'D3'},{'R2'},{'D7'},{'D5'},{'R1'},{'D6'},{'D4'},&,1.0,&
{'D1'},{'R3'},{'D2'},{'D3'},{'R2'},{'D7'},{'R1'},{'D6'},,,&,1.0,&
{'D1'},{'R3'},{'D2'},{'D3'},{'R2'},{'D7'},{'R1'},{'D5'},{'D4'},{'D6'},&,1.0,&
{'D1'},{'R3'},{'D2'},{'D3'},{'R2'},{'D7'},{'D6'},{'R1'},,,&,1.0,&
{'D1'},{'R3'},{'D2'},{'D3'},{'R2'},{'D5'},,,,,&,2.0,&
{'D1'},{'R3'},{'D2'},{'D3'},{'R2'},{'D5'},{'R1'},{'D6'},,,&,1.0,&
{'D1'},{'R3'},{'D2'},{'D3'},{'R2'},{'D5'},{'D6'},{'D4'},,,&,1.0,&
{'D1'},{'R3'},{'D2'},{'D3'},{'R2'},{'D5'},{'D6'},{'R1'},,,&,1.0,&
{'D1'},{'R3'},{'D2'},{'D3'},{'R2'},{'D5'},{'D6'},{'R1'},{'D7'},,&,1.0,&
{'D1'},{'R3'},{'D2'},{'D3'},{'R2'},{'D6'},,,,,&,1.0,&
{'D1'},{'R3'},{'D2'},{'D3'},{'R2'},{'D6'},{'D7'},{'D5'},{'R1'},{'D4'},&,1.0,&
{'D1'},{'R3'},{'D2'},{'D3'},{'R2'},{'D6'},{'D7'},{'R1'},{'D5'},{'D4'},&,1.0,&
{'D1'},{'R3'},{'D2'},{'D3'},{'R2'},{'D6'},{'D5'},,,,&,2.0,&
{'D1'},{'R3'},{'D2'},{'D3'},{'R2'},{'D6'},{'D5'},{'D7'},{'R1'},,&,1.0,&
{'D1'},{'R3'},{'D2'},{'D3'},{'R2'},{'D6'},{'R1'},{'D7'},{'D5'},{'D4'},&,1.0,&
{'D1'},{'R3'},{'D2'},{'D3'},{'R2'},{'D6'},{'R1'},{'D5'},,,&,1.0,&
{'D1'},{'R3'},{'D2'},{'D3'},{'R2'},{'D6'},{'R1'},{'D5'},{'D7'},{'D4'},&,1.0,&
{'D1'},{'R3'},{'D2'},{'D3'},{'R2'},{'R1'},,,,,&,5.0,&
{'D1'},{'R3'},{'D2'},{'D3'},{'R2'},{'R1'},{'D7'},{'D6'},,,&,1.0,&
{'D1'},{'R3'},{'D2'},{'D3'},{'R2'},{'R1'},{'D7'},{'D5'},,,&,1.0,&
{'D1'},{'R3'},{'D2'},{'D3'},{'R2'},{'R1'},{'D6'},,,,&,1.0,&
{'D1'},{'R3'},{'D2'},{'D3'},{'R2'},{'R1'},{'D6'},{'D5'},,,&,1.0,&
{'D1'},{'R3'},{'D2'},{'D3'},{'R2'},{'R1'},{'D4'},,,,&,1.0,&
{'D1'},{'R3'},{'D2'},{'D3'},{'D4'},,,,,,&,2.0,&
{'D1'},{'R3'},{'D2'},{'D3'},{'D4'},{'D5'},{'D7'},{'D6'},{'R2'},{'R1'},&,1.0,&
{'D1'},{'R3'},{'D2'},{'D3'},{'D4'},{'R2'},,,,,&,3.0,&
{'D1'},{'R3'},{'D2'},{'D3'},{'D4'},{'D6'},{'D5'},{'D7'},,,&,1.0,&
{'D1'},{'R3'},{'D2'},{'D3'},{'D4'},{'D6'},{'R2'},{'D5'},{'D7'},,&,1.0,&
{'D1'},{'R3'},{'D2'},{'D4'},,,,,,,&,4.0,&
{'D1'},{'R3'},{'D2'},{'D4'},{'D6'},,,,,,&,1.0,&
{'D1'},{'R3'},{'D2'},{'D4'},{'D7'},{'D3'},{'D6'},{'D5'},{'R1'},{'R2'},&,1.0,&
{'D1'},{'R3'},{'D2'},{'D4'},{'R1'},{'R2'},,,,,&,1.0,&
{'D1'},{'R3'},{'D2'},{'D4'},{'R2'},,,,,,&,1.0,&
{'D1'},{'R3'},{'D2'},{'D4'},{'R2'},{'D3'},{'D5'},{'D6'},{'R1'},{'D7'},&,1.0,&
{'D1'},{'R3'},{'D2'},{'D4'},{'R2'},{'R1'},{'D3'},{'D7'},,,&,1.0,&
{'D1'},{'R3'},{'D2'},{'D7'},,,,,,,&,3.0,&
{'D1'},{'R3'},{'D2'},{'D7'},{'D6'},{'R2'},,,,,&,1.0,&
{'D1'},{'R3'},{'D2'},{'D7'},{'D6'},{'D3'},{'D5'},{'R2'},{'R1'},,&,1.0,&
{'D1'},{'R3'},{'D2'},{'D7'},{'D3'},,,,,,&,1.0,&
{'D1'},{'R3'},{'D2'},{'D7'},{'D3'},{'R2'},{'D5'},{'D6'},{'D4'},,&,1.0,&
{'D1'},{'R3'},{'D2'},{'D7'},{'D3'},{'R2'},{'R1'},,,,&,2.0,&
{'D1'},{'R3'},{'D2'},{'D7'},{'D3'},{'D6'},{'R2'},{'D5'},{'R1'},{'D4'},&,1.0,&
{'D1'},{'R3'},{'D2'},{'D7'},{'D3'},{'R1'},{'D5'},{'D6'},{'D4'},{'R2'},&,1.0,&
{'D1'},{'R3'},{'D2'},{'D7'},{'D5'},,,,,,&,1.0,&
{'D1'},{'R3'},{'D2'},{'D7'},{'D5'},{'R2'},{'D3'},{'D6'},{'R1'},{'D4'},&,1.0,&
{'D1'},{'R3'},{'D2'},{'D7'},{'D5'},{'D3'},{'D6'},,,,&,1.0,&
{'D1'},{'R3'},{'D2'},{'D7'},{'R2'},,,,,,&,5.0,&
{'D1'},{'R3'},{'D2'},{'D7'},{'R2'},{'D6'},{'D3'},{'D4'},{'D5'},,&,1.0,&
{'D1'},{'R3'},{'D2'},{'D7'},{'R2'},{'D3'},{'R1'},{'D5'},{'D6'},,&,1.0,&
{'D1'},{'R3'},{'D2'},{'D7'},{'R2'},{'R1'},{'D3'},{'D6'},{'D5'},{'D4'},&,1.0,&
{'D1'},{'R3'},{'D2'},{'R1'},,,,,,,&,3.0,&
{'D1'},{'R3'},{'D2'},{'R1'},{'D6'},,,,,,&,1.0,&
{'D1'},{'R3'},{'D2'},{'R1'},{'D3'},{'D7'},{'D5'},{'D4'},{'R2'},,&,1.0,&
{'D1'},{'R3'},{'D2'},{'R1'},{'D3'},{'D7'},{'R2'},{'D4'},{'D5'},{'D6'},&,1.0,&
{'D1'},{'R3'},{'D2'},{'R1'},{'D3'},{'D7'},{'D4'},{'R2'},{'D5'},{'D6'},&,1.0,&
{'D1'},{'R3'},{'D2'},{'R1'},{'D3'},{'D5'},{'R2'},{'D7'},{'D6'},,&,1.0,&
{'D1'},{'R3'},{'D2'},{'R1'},{'D3'},{'D5'},{'D4'},{'R2'},,,&,1.0,&
{'D1'},{'R3'},{'D2'},{'R1'},{'D3'},{'D5'},{'D4'},{'R2'},{'D6'},{'D7'},&,1.0,&
{'D1'},{'R3'},{'D2'},{'R1'},{'D3'},{'R2'},,,,,&,1.0,&
{'D1'},{'R3'},{'D2'},{'R1'},{'D3'},{'R2'},{'D7'},{'D4'},{'D5'},{'D6'},&,1.0,&
{'D1'},{'R3'},{'D2'},{'R1'},{'D3'},{'D4'},{'D6'},{'D7'},{'R2'},,&,1.0,&
{'D1'},{'R3'},{'D2'},{'R1'},{'R2'},,,,,,&,1.0,&
{'D1'},{'R3'},{'D2'},{'R1'},{'R2'},{'D7'},{'D3'},{'D6'},,,&,1.0,&
{'D1'},{'R3'},{'D2'},{'R1'},{'R2'},{'D5'},{'D7'},{'D6'},{'D3'},{'D4'},&,1.0,&
{'D1'},{'R3'},{'D2'},{'R1'},{'R2'},{'D6'},,,,,&,1.0,&
{'D1'},{'R3'},{'D2'},{'R1'},{'R2'},{'D3'},,,,,&,3.0,&
{'D1'},{'R3'},{'D2'},{'R1'},{'R2'},{'D3'},{'D5'},{'D4'},,,&,1.0,&
{'D1'},{'R3'},{'D2'},{'D6'},,,,,,,&,6.0,&
{'D1'},{'R3'},{'D2'},{'D6'},{'D7'},{'R2'},{'R1'},,,,&,1.0,&
{'D1'},{'R3'},{'D2'},{'D6'},{'D7'},{'D3'},,,,,&,2.0,&
{'D1'},{'R3'},{'D2'},{'D6'},{'D7'},{'D3'},{'R2'},{'R1'},{'D4'},,&,1.0,&
{'D1'},{'R3'},{'D2'},{'D6'},{'D7'},{'D4'},{'R2'},{'R1'},,,&,1.0,&
{'D1'},{'R3'},{'D2'},{'D6'},{'D3'},,,,,,&,1.0,&
{'D1'},{'R3'},{'D2'},{'D6'},{'D3'},{'D7'},{'D5'},{'D4'},{'R2'},,&,1.0,&
{'D1'},{'R3'},{'D2'},{'D6'},{'D3'},{'D7'},{'D5'},{'R2'},{'R1'},{'D4'},&,1.0,&
{'D1'},{'R3'},{'D2'},{'D6'},{'D3'},{'D7'},{'R2'},{'R1'},{'D4'},,&,1.0,&
{'D1'},{'R3'},{'D2'},{'D6'},{'D3'},{'D7'},{'D4'},{'D5'},{'R2'},{'R1'},&,1.0,&
{'D1'},{'R3'},{'D2'},{'D6'},{'D3'},{'D5'},{'R2'},{'D7'},,,&,1.0,&
{'D1'},{'R3'},{'D2'},{'D6'},{'D3'},{'D5'},{'R2'},{'R1'},,,&,1.0,&
{'D1'},{'R3'},{'D2'},{'D6'},{'D3'},{'R2'},,,,,&,1.0,&
{'D1'},{'R3'},{'D2'},{'D6'},{'D3'},{'R2'},{'R1'},{'D7'},{'D4'},{'D5'},&,1.0,&
{'D1'},{'R3'},{'D2'},{'D6'},{'D3'},{'R1'},{'R2'},{'D4'},{'D7'},,&,1.0,&
{'D1'},{'R3'},{'D2'},{'D6'},{'D3'},{'R1'},{'R2'},{'D7'},{'D4'},{'D5'},&,1.0,&
{'D1'},{'R3'},{'D2'},{'D6'},{'R1'},{'D3'},,,,,&,1.0,&
{'D1'},{'R3'},{'D2'},{'D6'},{'D5'},{'D3'},,,,,&,1.0,&
{'D1'},{'R3'},{'D2'},{'D6'},{'D5'},{'D3'},{'R1'},{'R2'},{'D7'},{'D4'},&,1.0,&
{'D1'},{'R3'},{'D2'},{'D6'},{'R2'},{'D5'},{'D3'},{'D7'},{'D4'},,&,1.0,&
{'D1'},{'R3'},{'D2'},{'D6'},{'R2'},{'D3'},,,,,&,2.0,&
{'D1'},{'R3'},{'D2'},{'D6'},{'R2'},{'D3'},{'D7'},{'R1'},{'D4'},{'D5'},&,1.0,&
{'D1'},{'R3'},{'D2'},{'D6'},{'R2'},{'D3'},{'D5'},,,,&,1.0,&
{'D1'},{'R3'},{'D2'},{'D6'},{'R2'},{'D3'},{'D4'},{'D7'},{'D5'},,&,1.0,&
{'D1'},{'R3'},{'D2'},{'D6'},{'R2'},{'R1'},{'D3'},{'D4'},,,&,1.0,&
{'D1'},{'R3'},{'D2'},{'D6'},{'R2'},{'R1'},{'D3'},{'D5'},,,&,1.0,&
{'D1'},{'R3'},{'D2'},{'D6'},{'D4'},,,,,,&,1.0,&
{'D1'},{'R3'},{'D2'},{'D6'},{'D4'},{'D7'},{'D3'},{'D5'},{'R1'},{'R2'},&,1.0,&
{'D1'},{'R3'},{'D2'},{'D6'},{'D4'},{'R2'},{'D3'},{'D5'},{'D7'},,&,1.0,&
{'D1'},{'R3'},{'D4'},,,,,,,,&,5.0,&
{'D1'},{'R3'},{'D4'},{'R2'},,,,,,,&,1.0,&
{'D1'},{'R3'},{'D4'},{'R2'},{'R1'},{'D2'},,,,,&,1.0,&
{'D1'},{'R3'},{'D4'},{'D3'},{'R2'},{'D2'},{'R1'},{'D6'},,,&,1.0,&
{'D1'},{'R3'},{'D4'},{'D6'},,,,,,,&,1.0,&
{'D1'},{'R3'},{'D4'},{'D2'},{'D6'},{'R2'},,,,,&,1.0,&
{'D1'},{'R3'},{'D4'},{'D2'},{'D3'},{'D6'},,,,,&,1.0,&
{'D1'},{'R3'},{'D4'},{'D2'},{'R2'},{'R1'},,,,,&,1.0,&
{'D1'},{'D2'},,,,,,,,,&,272.0,&
{'D1'},{'D2'},{'R1'},,,,,,,,&,16.0,&
{'D1'},{'D2'},{'R1'},{'R2'},,,,,,,&,4.0,&
{'D1'},{'D2'},{'R1'},{'R2'},{'D6'},,,,,,&,1.0,&
{'D1'},{'D2'},{'R1'},{'R2'},{'D6'},{'R3'},,,,,&,1.0,&
{'D1'},{'D2'},{'R1'},{'R2'},{'D6'},{'D3'},{'D7'},{'D5'},,,&,1.0,&
{'D1'},{'D2'},{'R1'},{'R2'},{'D7'},{'D6'},{'D3'},{'D5'},{'R3'},,&,1.0,&
{'D1'},{'D2'},{'R1'},{'R2'},{'D7'},{'D4'},,,,,&,1.0,&
{'D1'},{'D2'},{'R1'},{'R2'},{'D3'},,,,,,&,2.0,&
{'D1'},{'D2'},{'R1'},{'R2'},{'D3'},{'D7'},{'D6'},{'D5'},{'D4'},{'R3'},&,1.0,&
{'D1'},{'D2'},{'R1'},{'R2'},{'D3'},{'D5'},,,,,&,1.0,&
{'D1'},{'D2'},{'R1'},{'R2'},{'D3'},{'D6'},,,,,&,1.0,&
{'D1'},{'D2'},{'R1'},{'R2'},{'D3'},{'D6'},{'D7'},,,,&,1.0,&
{'D1'},{'D2'},{'R1'},{'R2'},{'D3'},{'D6'},{'D5'},,,,&,1.0,&
{'D1'},{'D2'},{'R1'},{'R2'},{'D3'},{'R3'},,,,,&,2.0,&
{'D1'},{'D2'},{'R1'},{'R2'},{'D5'},,,,,,&,2.0,&
{'D1'},{'D2'},{'R1'},{'R2'},{'R3'},,,,,,&,1.0,&
{'D1'},{'D2'},{'R1'},{'R2'},{'R3'},{'D6'},{'D3'},,,,&,2.0,&
{'D1'},{'D2'},{'R1'},{'R2'},{'R3'},{'D3'},{'D6'},,,,&,1.0,&
{'D1'},{'D2'},{'R1'},{'R2'},{'R3'},{'D3'},{'D4'},{'D6'},,,&,1.0,&
{'D1'},{'D2'},{'R1'},{'D5'},{'D6'},{'R3'},{'D3'},{'D7'},{'D4'},{'R2'},&,1.0,&
{'D1'},{'D2'},{'R1'},{'D5'},{'R3'},{'R2'},,,,,&,1.0,&
{'D1'},{'D2'},{'R1'},{'D5'},{'R2'},{'D3'},{'R3'},{'D6'},{'D7'},{'D4'},&,1.0,&
{'D1'},{'D2'},{'R1'},{'D3'},,,,,,,&,4.0,&
{'D1'},{'D2'},{'R1'},{'D3'},{'D6'},,,,,,&,1.0,&
{'D1'},{'D2'},{'R1'},{'D3'},{'D6'},{'D7'},{'D5'},{'D4'},,,&,1.0,&
{'D1'},{'D2'},{'R1'},{'D3'},{'D6'},{'D7'},{'R2'},{'D5'},{'D4'},{'R3'},&,1.0,&
{'D1'},{'D2'},{'R1'},{'D3'},{'D6'},{'D7'},{'R2'},{'R3'},{'D4'},{'D5'},&,1.0,&
{'D1'},{'D2'},{'R1'},{'D3'},{'D6'},{'D7'},{'D4'},{'D5'},,,&,1.0,&
{'D1'},{'D2'},{'R1'},{'D3'},{'D6'},{'D5'},{'R2'},{'D7'},{'D4'},{'R3'},&,1.0,&
{'D1'},{'D2'},{'R1'},{'D3'},{'D6'},{'R2'},{'D7'},{'R3'},{'D5'},{'D4'},&,1.0,&
{'D1'},{'D2'},{'R1'},{'D3'},{'D6'},{'R3'},{'D5'},{'R2'},{'D7'},{'D4'},&,1.0,&
{'D1'},{'D2'},{'R1'},{'D3'},{'D7'},{'R3'},{'D5'},{'D6'},{'D4'},,&,1.0,&
{'D1'},{'D2'},{'R1'},{'D3'},{'D5'},,,,,,&,1.0,&
{'D1'},{'D2'},{'R1'},{'D3'},{'D5'},{'D7'},,,,,&,1.0,&
{'D1'},{'D2'},{'R1'},{'D3'},{'D5'},{'R2'},,,,,&,1.0,&
{'D1'},{'D2'},{'R1'},{'D3'},{'D5'},{'R2'},{'R3'},{'D7'},,,&,1.0,&
{'D1'},{'D2'},{'R1'},{'D3'},{'D5'},{'R2'},{'D6'},{'D7'},{'D4'},,&,1.0,&
{'D1'},{'D2'},{'R1'},{'D3'},{'D5'},{'R2'},{'D6'},{'R3'},{'D7'},,&,1.0,&
{'D1'},{'D2'},{'R1'},{'D3'},{'D5'},{'R3'},{'R2'},,,,&,1.0,&
{'D1'},{'D2'},{'R1'},{'D3'},{'D5'},{'D4'},{'R3'},{'D6'},{'D7'},,&,1.0,&
{'D1'},{'D2'},{'R1'},{'D3'},{'R3'},,,,,,&,2.0,&
{'D1'},{'D2'},{'R1'},{'D3'},{'R3'},{'D7'},{'R2'},{'D6'},,,&,1.0,&
{'D1'},{'D2'},{'R1'},{'D3'},{'R3'},{'D5'},{'D6'},{'D7'},{'R2'},{'D4'},&,1.0,&
{'D1'},{'D2'},{'R1'},{'D3'},{'R3'},{'R2'},{'D5'},,,,&,1.0,&
{'D1'},{'D2'},{'R1'},{'D3'},{'R3'},{'D6'},{'D5'},{'D7'},{'D4'},{'R2'},&,1.0,&
{'D1'},{'D2'},{'R1'},{'D3'},{'R2'},,,,,,&,2.0,&
{'D1'},{'D2'},{'R1'},{'D3'},{'R2'},{'R3'},{'D5'},{'D7'},,,&,1.0,&
{'D1'},{'D2'},{'R1'},{'D3'},{'D4'},,,,,,&,1.0,&
{'D1'},{'D2'},{'R1'},{'D4'},{'D6'},,,,,,&,1.0,&
{'D1'},{'D2'},{'R1'},{'D4'},{'D5'},{'R3'},{'R2'},,,,&,1.0,&
{'D1'},{'D2'},{'R1'},{'D7'},,,,,,,&,1.0,&
{'D1'},{'D2'},{'R1'},{'D7'},{'D3'},,,,,,&,2.0,&
{'D1'},{'D2'},{'R1'},{'D7'},{'D3'},{'R3'},{'R2'},{'D4'},{'D5'},{'D6'},&,1.0,&
{'D1'},{'D2'},{'R1'},{'D7'},{'R3'},{'D3'},,,,,&,1.0,&
{'D1'},{'D2'},{'R1'},{'D7'},{'R2'},{'D5'},{'R3'},{'D3'},{'D6'},,&,1.0,&
{'D1'},{'D2'},{'R1'},{'D7'},{'R2'},{'D6'},,,,,&,1.0,&
{'D1'},{'D2'},{'R1'},{'R3'},,,,,,,&,1.0,&
{'D1'},{'D2'},{'R1'},{'R3'},{'D6'},,,,,,&,1.0,&
{'D1'},{'D2'},{'R1'},{'R3'},{'D6'},{'D7'},{'D3'},,,,&,1.0,&
{'D1'},{'D2'},{'R1'},{'R3'},{'D6'},{'D3'},{'D5'},,,,&,1.0,&
{'D1'},{'D2'},{'R1'},{'R3'},{'D3'},,,,,,&,1.0,&
{'D1'},{'D2'},{'R1'},{'R3'},{'D3'},{'D7'},,,,,&,1.0,&
{'D1'},{'D2'},{'R1'},{'R3'},{'D3'},{'D7'},{'D6'},,,,&,1.0,&
{'D1'},{'D2'},{'R1'},{'R3'},{'D3'},{'R2'},,,,,&,1.0,&
{'D1'},{'D2'},{'R1'},{'R3'},{'D5'},,,,,,&,1.0,&
{'D1'},{'D2'},{'R1'},{'R3'},{'R2'},,,,,,&,2.0,&
{'D1'},{'D2'},{'R1'},{'R3'},{'R2'},{'D3'},{'D5'},{'D6'},,,&,1.0,&
{'D1'},{'D2'},{'R1'},{'D6'},{'D3'},{'D5'},{'R2'},{'R3'},{'D7'},{'D4'},&,1.0,&
{'D1'},{'D2'},{'R1'},{'D6'},{'D3'},{'R2'},{'R3'},{'D5'},,,&,1.0,&
{'D1'},{'D2'},{'R1'},{'D6'},{'D5'},{'R3'},{'D3'},{'R2'},,,&,1.0,&
{'D1'},{'D2'},{'R1'},{'D6'},{'R3'},{'R2'},{'D3'},{'D5'},,,&,1.0,&
{'D1'},{'D2'},{'R1'},{'D6'},{'R2'},{'R3'},{'D5'},{'D3'},,,&,1.0,&
{'D1'},{'D2'},{'D6'},,,,,,,,&,42.0,&
{'D1'},{'D2'},{'D6'},{'R2'},,,,,,,&,11.0,&
{'D1'},{'D2'},{'D6'},{'R2'},{'D3'},,,,,,&,4.0,&
{'D1'},{'D2'},{'D6'},{'R2'},{'D3'},{'D7'},{'D5'},{'R3'},{'R1'},{'D4'},&,1.0,&
{'D1'},{'D2'},{'D6'},{'R2'},{'D3'},{'D7'},{'R1'},,,,&,1.0,&
{'D1'},{'D2'},{'D6'},{'R2'},{'D3'},{'D5'},{'D7'},{'D4'},,,&,1.0,&
{'D1'},{'D2'},{'D6'},{'R2'},{'D3'},{'D5'},{'D7'},{'R1'},{'R3'},,&,1.0,&
{'D1'},{'D2'},{'D6'},{'R2'},{'D3'},{'D5'},{'D4'},,,,&,1.0,&
{'D1'},{'D2'},{'D6'},{'R2'},{'D3'},{'R3'},{'D5'},,,,&,1.0,&
{'D1'},{'D2'},{'D6'},{'R2'},{'D3'},{'R3'},{'D5'},{'D7'},{'D4'},,&,1.0,&
{'D1'},{'D2'},{'D6'},{'R2'},{'D3'},{'R3'},{'D5'},{'R1'},{'D7'},,&,1.0,&
{'D1'},{'D2'},{'D6'},{'R2'},{'D3'},{'R1'},{'R3'},,,,&,1.0,&
{'D1'},{'D2'},{'D6'},{'R2'},{'D3'},{'D4'},{'D5'},{'D7'},,,&,1.0,&
{'D1'},{'D2'},{'D6'},{'R2'},{'R1'},,,,,,&,1.0,&
{'D1'},{'D2'},{'D6'},{'R2'},{'R1'},{'R3'},{'D3'},,,,&,1.0,&
{'D1'},{'D2'},{'D6'},{'R2'},{'R1'},{'R3'},{'D3'},{'D5'},{'D7'},{'D4'},&,1.0,&
{'D1'},{'D2'},{'D6'},{'R2'},{'D5'},,,,,,&,1.0,&
{'D1'},{'D2'},{'D6'},{'R2'},{'D5'},{'R3'},{'R1'},{'D3'},,,&,1.0,&
{'D1'},{'D2'},{'D6'},{'R2'},{'D5'},{'D3'},,,,,&,1.0,&
{'D1'},{'D2'},{'D6'},{'R2'},{'D5'},{'D3'},{'R3'},{'R1'},,,&,1.0,&
{'D1'},{'D2'},{'D6'},{'R2'},{'D5'},{'D4'},{'D3'},,,,&,1.0,&
{'D1'},{'D2'},{'D6'},{'R2'},{'R3'},,,,,,&,4.0,&
{'D1'},{'D2'},{'D6'},{'R2'},{'R3'},{'D5'},{'R1'},,,,&,1.0,&
{'D1'},{'D2'},{'D6'},{'R2'},{'R3'},{'D5'},{'R1'},{'D3'},{'D7'},{'D4'},&,1.0,&
{'D1'},{'D2'},{'D6'},{'R2'},{'R3'},{'D5'},{'R1'},{'D3'},{'D4'},{'D7'},&,1.0,&
{'D1'},{'D2'},{'D6'},{'R2'},{'R3'},{'D3'},,,,,&,2.0,&
{'D1'},{'D2'},{'D6'},{'R2'},{'R3'},{'D3'},{'D7'},{'D5'},{'R1'},,&,1.0,&
{'D1'},{'D2'},{'D6'},{'R2'},{'R3'},{'D3'},{'D5'},{'R1'},,,&,2.0,&
{'D1'},{'D2'},{'D6'},{'R2'},{'R3'},{'D3'},{'R1'},{'D4'},{'D5'},{'D7'},&,1.0,&
{'D1'},{'D2'},{'D6'},{'R2'},{'R3'},{'D3'},{'R1'},{'D5'},{'D7'},{'D4'},&,1.0,&
{'D1'},{'D2'},{'D6'},{'R2'},{'R3'},{'R1'},{'D3'},,,,&,1.0,&
{'D1'},{'D2'},{'D6'},{'R2'},{'D4'},{'R3'},{'D3'},,,,&,1.0,&
{'D1'},{'D2'},{'D6'},{'D5'},,,,,,,&,2.0,&
{'D1'},{'D2'},{'D6'},{'D5'},{'D7'},{'D3'},{'D4'},,,,&,1.0,&
{'D1'},{'D2'},{'D6'},{'D5'},{'D7'},{'D4'},{'R2'},{'D3'},{'R3'},,&,1.0,&
{'D1'},{'D2'},{'D6'},{'D5'},{'D3'},{'R2'},,,,,&,1.0,&
{'D1'},{'D2'},{'D6'},{'D5'},{'D3'},{'R2'},{'R1'},{'R3'},{'D7'},{'D4'},&,1.0,&
{'D1'},{'D2'},{'D6'},{'D5'},{'D3'},{'R3'},,,,,&,1.0,&
{'D1'},{'D2'},{'D6'},{'D5'},{'R3'},,,,,,&,1.0,&
{'D1'},{'D2'},{'D6'},{'D5'},{'R3'},{'R2'},,,,,&,1.0,&
{'D1'},{'D2'},{'D6'},{'D5'},{'R2'},{'R3'},{'D3'},,,,&,2.0,&
{'D1'},{'D2'},{'D6'},{'D5'},{'R2'},{'D3'},{'D7'},{'D4'},{'R3'},{'R1'},&,1.0,&
{'D1'},{'D2'},{'D6'},{'D5'},{'R2'},{'D3'},{'D7'},{'R3'},{'D4'},,&,1.0,&
{'D1'},{'D2'},{'D6'},{'D5'},{'D4'},{'R3'},,,,,&,1.0,&
{'D1'},{'D2'},{'D6'},{'D5'},{'D4'},{'R3'},{'R2'},,,,&,1.0,&
{'D1'},{'D2'},{'D6'},{'D3'},,,,,,,&,11.0,&
{'D1'},{'D2'},{'D6'},{'D3'},{'D7'},,,,,,&,1.0,&
{'D1'},{'D2'},{'D6'},{'D3'},{'D7'},{'D5'},,,,,&,2.0,&
{'D1'},{'D2'},{'D6'},{'D3'},{'D7'},{'D5'},{'D4'},,,,&,1.0,&
{'D1'},{'D2'},{'D6'},{'D3'},{'D7'},{'R2'},{'R3'},{'R1'},,,&,1.0,&
{'D1'},{'D2'},{'D6'},{'D3'},{'D7'},{'R3'},{'D5'},{'D4'},{'R2'},{'R1'},&,1.0,&
{'D1'},{'D2'},{'D6'},{'D3'},{'D7'},{'R3'},{'D5'},{'R2'},{'D4'},{'R1'},&,1.0,&
{'D1'},{'D2'},{'D6'},{'D3'},{'D7'},{'D4'},{'R3'},{'D5'},{'R2'},{'R1'},&,1.0,&
{'D1'},{'D2'},{'D6'},{'D3'},{'D7'},{'D4'},{'D5'},{'R2'},{'R3'},{'R1'},&,1.0,&
{'D1'},{'D2'},{'D6'},{'D3'},{'D7'},{'D4'},{'R2'},{'R3'},,,&,1.0,&
{'D1'},{'D2'},{'D6'},{'D3'},{'R1'},{'D5'},,,,,&,1.0,&
{'D1'},{'D2'},{'D6'},{'D3'},{'R1'},{'R2'},{'D5'},{'D7'},{'R3'},,&,1.0,&
{'D1'},{'D2'},{'D6'},{'D3'},{'R1'},{'R3'},{'R2'},,,,&,1.0,&
{'D1'},{'D2'},{'D6'},{'D3'},{'R1'},{'R3'},{'R2'},{'D7'},,,&,1.0,&
{'D1'},{'D2'},{'D6'},{'D3'},{'D5'},,,,,,&,1.0,&
{'D1'},{'D2'},{'D6'},{'D3'},{'D5'},{'D7'},,,,,&,1.0,&
{'D1'},{'D2'},{'D6'},{'D3'},{'D5'},{'D7'},{'R3'},,,,&,2.0,&
{'D1'},{'D2'},{'D6'},{'D3'},{'D5'},{'R2'},,,,,&,1.0,&
{'D1'},{'D2'},{'D6'},{'D3'},{'D5'},{'R2'},{'D7'},{'D4'},{'R3'},,&,1.0,&
{'D1'},{'D2'},{'D6'},{'D3'},{'D5'},{'R2'},{'D4'},{'D7'},,,&,1.0,&
{'D1'},{'D2'},{'D6'},{'D3'},{'D5'},{'R2'},{'D4'},{'R1'},{'D7'},{'R3'},&,1.0,&
{'D1'},{'D2'},{'D6'},{'D3'},{'D5'},{'R3'},{'D7'},{'D4'},,,&,1.0,&
{'D1'},{'D2'},{'D6'},{'D3'},{'D5'},{'R1'},,,,,&,1.0,&
{'D1'},{'D2'},{'D6'},{'D3'},{'D5'},{'R1'},{'R3'},{'R2'},,,&,1.0,&
{'D1'},{'D2'},{'D6'},{'D3'},{'D5'},{'D4'},,,,,&,1.0,&
{'D1'},{'D2'},{'D6'},{'D3'},{'R3'},,,,,,&,2.0,&
{'D1'},{'D2'},{'D6'},{'D3'},{'R3'},{'D5'},{'D7'},,,,&,1.0,&
{'D1'},{'D2'},{'D6'},{'D3'},{'R3'},{'D5'},{'R2'},{'D4'},,,&,1.0,&
{'D1'},{'D2'},{'D6'},{'D3'},{'R3'},{'R2'},,,,,&,2.0,&
{'D1'},{'D2'},{'D6'},{'D3'},{'R3'},{'R2'},{'D5'},{'D7'},{'R1'},{'D4'},&,1.0,&
{'D1'},{'D2'},{'D6'},{'D3'},{'R3'},{'R2'},{'D4'},,,,&,1.0,&
{'D1'},{'D2'},{'D6'},{'D3'},{'R2'},,,,,,&,3.0,&
{'D1'},{'D2'},{'D6'},{'D3'},{'R2'},{'D7'},,,,,&,1.0,&
{'D1'},{'D2'},{'D6'},{'D3'},{'R2'},{'D7'},{'R3'},,,,&,1.0,&
{'D1'},{'D2'},{'D6'},{'D3'},{'R2'},{'D5'},{'D7'},{'D4'},{'R3'},{'R1'},&,1.0,&
{'D1'},{'D2'},{'D6'},{'D3'},{'R2'},{'D5'},{'R3'},{'R1'},,,&,1.0,&
{'D1'},{'D2'},{'D6'},{'D3'},{'R2'},{'R3'},{'D5'},{'D7'},,,&,1.0,&
{'D1'},{'D2'},{'D6'},{'D3'},{'R2'},{'R3'},{'D5'},{'D7'},{'R1'},,&,1.0,&
{'D1'},{'D2'},{'D6'},{'D3'},{'R2'},{'R3'},{'R1'},,,,&,1.0,&
{'D1'},{'D2'},{'D6'},{'D3'},{'R2'},{'R1'},,,,,&,1.0,&
{'D1'},{'D2'},{'D6'},{'D3'},{'D4'},,,,,,&,2.0,&
{'D1'},{'D2'},{'D6'},{'D3'},{'D4'},{'D7'},{'D5'},,,,&,1.0,&
{'D1'},{'D2'},{'D6'},{'D4'},{'D3'},{'R2'},,,,,&,1.0,&
{'D1'},{'D2'},{'D6'},{'D4'},{'R2'},,,,,,&,1.0,&
{'D1'},{'D2'},{'D6'},{'D7'},,,,,,,&,2.0,&
{'D1'},{'D2'},{'D6'},{'D7'},{'R3'},,,,,,&,1.0,&
{'D1'},{'D2'},{'D6'},{'D7'},{'R3'},{'R2'},{'R1'},{'D3'},,,&,1.0,&
{'D1'},{'D2'},{'D6'},{'D7'},{'R2'},,,,,,&,2.0,&
{'D1'},{'D2'},{'D6'},{'D7'},{'R2'},{'D3'},{'D5'},,,,&,1.0,&
{'D1'},{'D2'},{'D6'},{'D7'},{'D4'},{'D3'},{'R2'},{'D5'},{'R3'},,&,1.0,&
{'D1'},{'D2'},{'D6'},{'R1'},,,,,,,&,3.0,&
{'D1'},{'D2'},{'D6'},{'R1'},{'D3'},,,,,,&,1.0,&
{'D1'},{'D2'},{'D6'},{'R1'},{'D3'},{'D5'},{'D7'},{'D4'},,,&,1.0,&
{'D1'},{'D2'},{'D6'},{'R1'},{'D3'},{'R3'},{'D5'},{'D7'},{'R2'},,&,1.0,&
{'D1'},{'D2'},{'D6'},{'R1'},{'R3'},,,,,,&,1.0,&
{'D1'},{'D2'},{'D6'},{'R1'},{'R3'},{'D7'},{'D3'},,,,&,1.0,&
{'D1'},{'D2'},{'D6'},{'R1'},{'R2'},{'R3'},,,,,&,1.0,&
{'D1'},{'D2'},{'D6'},{'R3'},,,,,,,&,4.0,&
{'D1'},{'D2'},{'D6'},{'R3'},{'D7'},{'D5'},{'D3'},{'D4'},,,&,1.0,&
{'D1'},{'D2'},{'D6'},{'R3'},{'D7'},{'D3'},{'D5'},{'D4'},,,&,1.0,&
{'D1'},{'D2'},{'D6'},{'R3'},{'D3'},,,,,,&,2.0,&
{'D1'},{'D2'},{'D6'},{'R3'},{'D3'},{'D7'},{'R2'},{'D5'},,,&,1.0,&
{'D1'},{'D2'},{'D6'},{'R3'},{'D3'},{'D7'},{'R1'},{'R2'},{'D5'},,&,1.0,&
{'D1'},{'D2'},{'D6'},{'R3'},{'D3'},{'D5'},,,,,&,1.0,&
{'D1'},{'D2'},{'D6'},{'R3'},{'D3'},{'D5'},{'R1'},{'R2'},{'D7'},{'D4'},&,1.0,&
{'D1'},{'D2'},{'D6'},{'R3'},{'D3'},{'D5'},{'D4'},{'D7'},,,&,1.0,&
{'D1'},{'D2'},{'D6'},{'R3'},{'D3'},{'R2'},,,,,&,1.0,&
{'D1'},{'D2'},{'D6'},{'R3'},{'D3'},{'R2'},{'D7'},{'D5'},{'D4'},{'R1'},&,1.0,&
{'D1'},{'D2'},{'D6'},{'R3'},{'D5'},{'R2'},{'D3'},{'R1'},,,&,1.0,&
{'D1'},{'D2'},{'D6'},{'R3'},{'R2'},,,,,,&,3.0,&
{'D1'},{'D2'},{'D6'},{'R3'},{'R2'},{'D5'},{'R1'},{'D3'},{'D4'},,&,1.0,&
{'D1'},{'D2'},{'D6'},{'R3'},{'R2'},{'D3'},,,,,&,1.0,&
{'D1'},{'D2'},{'D6'},{'R3'},{'R2'},{'D3'},{'D5'},{'D7'},{'R1'},{'D4'},&,1.0,&
{'D1'},{'D2'},{'D6'},{'R3'},{'R2'},{'D3'},{'R1'},{'D7'},{'D5'},,&,1.0,&
{'D1'},{'D2'},{'D6'},{'R3'},{'R2'},{'D3'},{'R1'},{'D5'},,,&,1.0,&
{'D1'},{'D2'},{'D6'},{'R3'},{'R2'},{'R1'},,,,,&,2.0,&
{'D1'},{'D2'},{'D6'},{'R3'},{'R2'},{'R1'},{'D5'},,,,&,1.0,&
{'D1'},{'D2'},{'D6'},{'R3'},{'R2'},{'R1'},{'D3'},,,,&,1.0,&
{'D1'},{'D2'},{'D6'},{'R3'},{'R2'},{'R1'},{'D3'},{'D7'},{'D5'},,&,1.0,&
{'D1'},{'D2'},{'D3'},,,,,,,,&,171.0,&
{'D1'},{'D2'},{'D3'},{'R2'},,,,,,,&,34.0,&
{'D1'},{'D2'},{'D3'},{'R2'},{'D6'},,,,,,&,6.0,&
{'D1'},{'D2'},{'D3'},{'R2'},{'D6'},{'D7'},,,,,&,2.0,&
{'D1'},{'D2'},{'D3'},{'R2'},{'D6'},{'D5'},,,,,&,1.0,&
{'D1'},{'D2'},{'D3'},{'R2'},{'D6'},{'D5'},{'D7'},{'R3'},,,&,1.0,&
{'D1'},{'D2'},{'D3'},{'R2'},{'D6'},{'D5'},{'D7'},{'R3'},{'D4'},,&,1.0,&
{'D1'},{'D2'},{'D3'},{'R2'},{'D6'},{'D5'},{'R3'},{'D7'},{'D4'},{'R1'},&,1.0,&
{'D1'},{'D2'},{'D3'},{'R2'},{'D6'},{'D5'},{'D4'},,,,&,1.0,&
{'D1'},{'D2'},{'D3'},{'R2'},{'D6'},{'R3'},,,,,&,3.0,&
{'D1'},{'D2'},{'D3'},{'R2'},{'D6'},{'R3'},{'D7'},{'D4'},{'R1'},{'D5'},&,1.0,&
{'D1'},{'D2'},{'D3'},{'R2'},{'D6'},{'R3'},{'D7'},{'D5'},,,&,1.0,&
{'D1'},{'D2'},{'D3'},{'R2'},{'D6'},{'R3'},{'D7'},{'D5'},{'R1'},{'D4'},&,1.0,&
{'D1'},{'D2'},{'D3'},{'R2'},{'D6'},{'R3'},{'R1'},,,,&,1.0,&
{'D1'},{'D2'},{'D3'},{'R2'},{'D6'},{'R3'},{'R1'},{'D5'},,,&,1.0,&
{'D1'},{'D2'},{'D3'},{'R2'},{'D6'},{'R3'},{'D4'},{'D5'},{'D7'},,&,1.0,&
{'D1'},{'D2'},{'D3'},{'R2'},{'D6'},{'R1'},{'D5'},{'D7'},{'R3'},,&,1.0,&
{'D1'},{'D2'},{'D3'},{'R2'},{'D6'},{'R1'},{'D5'},{'D7'},{'R3'},{'D4'},&,1.0,&
{'D1'},{'D2'},{'D3'},{'R2'},{'D6'},{'D4'},{'R3'},,,,&,1.0,&
{'D1'},{'D2'},{'D3'},{'R2'},{'D6'},{'D4'},{'R3'},{'D5'},,,&,1.0,&
{'D1'},{'D2'},{'D3'},{'R2'},{'D6'},{'D4'},{'R3'},{'D5'},{'D7'},,&,1.0,&
{'D1'},{'D2'},{'D3'},{'R2'},{'D6'},{'D4'},{'D5'},{'D7'},{'R3'},,&,1.0,&
{'D1'},{'D2'},{'D3'},{'R2'},{'D7'},,,,,,&,4.0,&
{'D1'},{'D2'},{'D3'},{'R2'},{'D7'},{'D5'},{'D6'},{'R3'},,,&,1.0,&
{'D1'},{'D2'},{'D3'},{'R2'},{'D7'},{'D6'},{'D5'},{'D4'},{'R1'},,&,1.0,&
{'D1'},{'D2'},{'D3'},{'R2'},{'D7'},{'D6'},{'D4'},{'R3'},{'D5'},{'R1'},&,1.0,&
{'D1'},{'D2'},{'D3'},{'R2'},{'D7'},{'R3'},{'D6'},{'D4'},,,&,1.0,&
{'D1'},{'D2'},{'D3'},{'R2'},{'D7'},{'R3'},{'D6'},{'D5'},{'D4'},{'R1'},&,1.0,&
{'D1'},{'D2'},{'D3'},{'R2'},{'D7'},{'R3'},{'D6'},{'R1'},{'D4'},,&,1.0,&
{'D1'},{'D2'},{'D3'},{'R2'},{'D7'},{'R1'},,,,,&,1.0,&
{'D1'},{'D2'},{'D3'},{'R2'},{'D7'},{'R1'},{'D6'},{'D5'},{'D4'},,&,1.0,&
{'D1'},{'D2'},{'D3'},{'R2'},{'D7'},{'D4'},{'D5'},{'D6'},,,&,1.0,&
{'D1'},{'D2'},{'D3'},{'R2'},{'D7'},{'D4'},{'D5'},{'R3'},{'R1'},,&,1.0,&
{'D1'},{'D2'},{'D3'},{'R2'},{'D7'},{'D4'},{'D6'},{'R3'},,,&,1.0,&
{'D1'},{'D2'},{'D3'},{'R2'},{'R1'},,,,,,&,2.0,&
{'D1'},{'D2'},{'D3'},{'R2'},{'R1'},{'D7'},{'D6'},,,,&,1.0,&
{'D1'},{'D2'},{'D3'},{'R2'},{'R1'},{'D7'},{'D6'},{'R3'},{'D5'},,&,1.0,&
{'D1'},{'D2'},{'D3'},{'R2'},{'R1'},{'D5'},{'D7'},{'D6'},,,&,1.0,&
{'D1'},{'D2'},{'D3'},{'R2'},{'R1'},{'D5'},{'D7'},{'D6'},{'R3'},{'D4'},&,1.0,&
{'D1'},{'D2'},{'D3'},{'R2'},{'R1'},{'D5'},{'D6'},,,,&,1.0,&
{'D1'},{'D2'},{'D3'},{'R2'},{'R1'},{'D6'},{'D7'},{'D5'},{'D4'},{'R3'},&,1.0,&
{'D1'},{'D2'},{'D3'},{'R2'},{'R1'},{'D6'},{'R3'},{'D5'},{'D7'},{'D4'},&,1.0,&
{'D1'},{'D2'},{'D3'},{'R2'},{'R1'},{'D6'},{'D5'},,,,&,1.0,&
{'D1'},{'D2'},{'D3'},{'R2'},{'R1'},{'R3'},,,,,&,2.0,&
{'D1'},{'D2'},{'D3'},{'R2'},{'R1'},{'R3'},{'D5'},,,,&,1.0,&
{'D1'},{'D2'},{'D3'},{'R2'},{'R1'},{'R3'},{'D5'},{'D6'},,,&,1.0,&
{'D1'},{'D2'},{'D3'},{'R2'},{'R1'},{'R3'},{'D6'},{'D4'},{'D5'},{'D7'},&,1.0,&
{'D1'},{'D2'},{'D3'},{'R2'},{'R1'},{'D4'},{'R3'},{'D6'},{'D5'},,&,1.0,&
{'D1'},{'D2'},{'D3'},{'R2'},{'D5'},,,,,,&,3.0,&
{'D1'},{'D2'},{'D3'},{'R2'},{'D5'},{'D7'},{'D6'},{'D4'},,,&,1.0,&
{'D1'},{'D2'},{'D3'},{'R2'},{'D5'},{'D7'},{'D6'},{'R3'},{'R1'},,&,1.0,&
{'D1'},{'D2'},{'D3'},{'R2'},{'D5'},{'D7'},{'D4'},,,,&,1.0,&
{'D1'},{'D2'},{'D3'},{'R2'},{'D5'},{'D6'},,,,,&,1.0,&
{'D1'},{'D2'},{'D3'},{'R2'},{'D5'},{'D6'},{'D7'},{'D4'},{'R3'},,&,1.0,&
{'D1'},{'D2'},{'D3'},{'R2'},{'D5'},{'D6'},{'R1'},,,,&,1.0,&
{'D1'},{'D2'},{'D3'},{'R2'},{'D5'},{'R3'},{'D7'},{'D4'},{'D6'},,&,1.0,&
{'D1'},{'D2'},{'D3'},{'R2'},{'D5'},{'R3'},{'D7'},{'R1'},{'D6'},{'D4'},&,1.0,&
{'D1'},{'D2'},{'D3'},{'R2'},{'D5'},{'R3'},{'R1'},{'D4'},{'D6'},,&,1.0,&
{'D1'},{'D2'},{'D3'},{'R2'},{'D5'},{'R3'},{'R1'},{'D7'},,,&,1.0,&
{'D1'},{'D2'},{'D3'},{'R2'},{'D5'},{'R3'},{'D6'},{'D7'},{'D4'},{'R1'},&,1.0,&
{'D1'},{'D2'},{'D3'},{'R2'},{'D5'},{'R3'},{'D6'},{'R1'},,,&,1.0,&
{'D1'},{'D2'},{'D3'},{'R2'},{'D5'},{'R1'},{'D6'},{'D7'},{'D4'},,&,1.0,&
{'D1'},{'D2'},{'D3'},{'R2'},{'R3'},,,,,,&,6.0,&
{'D1'},{'D2'},{'D3'},{'R2'},{'R3'},{'D7'},,,,,&,1.0,&
{'D1'},{'D2'},{'D3'},{'R2'},{'R3'},{'D7'},{'R1'},,,,&,2.0,&
{'D1'},{'D2'},{'D3'},{'R2'},{'R3'},{'D7'},{'D4'},,,,&,1.0,&
{'D1'},{'D2'},{'D3'},{'R2'},{'R3'},{'D5'},,,,,&,4.0,&
{'D1'},{'D2'},{'D3'},{'R2'},{'R3'},{'D5'},{'D7'},,,,&,2.0,&
{'D1'},{'D2'},{'D3'},{'R2'},{'R3'},{'D5'},{'R1'},{'D6'},{'D7'},{'D4'},&,1.0,&
{'D1'},{'D2'},{'D3'},{'R2'},{'R3'},{'D5'},{'R1'},{'D4'},,,&,1.0,&
{'D1'},{'D2'},{'D3'},{'R2'},{'R3'},{'D5'},{'R1'},{'D7'},{'D4'},{'D6'},&,1.0,&
{'D1'},{'D2'},{'D3'},{'R2'},{'R3'},{'D5'},{'D6'},,,,&,2.0,&
{'D1'},{'D2'},{'D3'},{'R2'},{'R3'},{'D5'},{'D4'},{'D6'},{'R1'},{'D7'},&,1.0,&
{'D1'},{'D2'},{'D3'},{'R2'},{'R3'},{'D6'},{'D5'},,,,&,1.0,&
{'D1'},{'D2'},{'D3'},{'R2'},{'R3'},{'D6'},{'D5'},{'R1'},{'D7'},{'D4'},&,1.0,&
{'D1'},{'D2'},{'D3'},{'R2'},{'R3'},{'D6'},{'R1'},{'D7'},,,&,1.0,&
{'D1'},{'D2'},{'D3'},{'R2'},{'R3'},{'D6'},{'R1'},{'D5'},,,&,1.0,&
{'D1'},{'D2'},{'D3'},{'R2'},{'R3'},{'D6'},{'D4'},{'D5'},{'D7'},,&,1.0,&
{'D1'},{'D2'},{'D3'},{'R2'},{'R3'},{'R1'},,,,,&,5.0,&
{'D1'},{'D2'},{'D3'},{'R2'},{'R3'},{'R1'},{'D5'},,,,&,1.0,&
{'D1'},{'D2'},{'D3'},{'R2'},{'R3'},{'R1'},{'D5'},{'D4'},{'D6'},,&,1.0,&
{'D1'},{'D2'},{'D3'},{'R2'},{'R3'},{'R1'},{'D5'},{'D7'},,,&,1.0,&
{'D1'},{'D2'},{'D3'},{'R2'},{'R3'},{'R1'},{'D5'},{'D7'},{'D6'},,&,1.0,&
{'D1'},{'D2'},{'D3'},{'R2'},{'R3'},{'R1'},{'D6'},{'D7'},{'D5'},{'D4'},&,1.0,&
{'D1'},{'D2'},{'D3'},{'R2'},{'R3'},{'R1'},{'D6'},{'D5'},,,&,2.0,&
{'D1'},{'D2'},{'D3'},{'R2'},{'R3'},{'R1'},{'D4'},,,,&,2.0,&
{'D1'},{'D2'},{'D3'},{'R2'},{'R3'},{'D4'},{'D6'},{'D7'},{'D5'},{'R1'},&,1.0,&
{'D1'},{'D2'},{'D3'},{'R2'},{'D4'},,,,,,&,1.0,&
{'D1'},{'D2'},{'D3'},{'R2'},{'D4'},{'R3'},,,,,&,1.0,&
{'D1'},{'D2'},{'D3'},{'R2'},{'D4'},{'R3'},{'D6'},{'D7'},{'R1'},,&,1.0,&
{'D1'},{'D2'},{'D3'},{'R2'},{'D4'},{'R3'},{'D6'},{'D5'},{'D7'},{'R1'},&,1.0,&
{'D1'},{'D2'},{'D3'},{'D5'},,,,,,,&,25.0,&
{'D1'},{'D2'},{'D3'},{'D5'},{'D6'},,,,,,&,4.0,&
{'D1'},{'D2'},{'D3'},{'D5'},{'D6'},{'D7'},,,,,&,2.0,&
{'D1'},{'D2'},{'D3'},{'D5'},{'D6'},{'D7'},{'R3'},{'D4'},,,&,1.0,&
{'D1'},{'D2'},{'D3'},{'D5'},{'D6'},{'D7'},{'R3'},{'R2'},{'D4'},{'R1'},&,1.0,&
{'D1'},{'D2'},{'D3'},{'D5'},{'D6'},{'D7'},{'R2'},,,,&,3.0,&
{'D1'},{'D2'},{'D3'},{'D5'},{'D6'},{'R2'},{'D7'},{'R1'},{'D4'},,&,1.0,&
{'D1'},{'D2'},{'D3'},{'D5'},{'D6'},{'R2'},{'R3'},,,,&,1.0,&
{'D1'},{'D2'},{'D3'},{'D5'},{'D6'},{'R2'},{'R3'},{'R1'},{'D7'},{'D4'},&,1.0,&
{'D1'},{'D2'},{'D3'},{'D5'},{'D6'},{'R2'},{'D4'},{'R3'},{'D7'},,&,1.0,&
{'D1'},{'D2'},{'D3'},{'D5'},{'D6'},{'R3'},{'D7'},{'R2'},{'D4'},{'R1'},&,2.0,&
{'D1'},{'D2'},{'D3'},{'D5'},{'D6'},{'R3'},{'D4'},,,,&,1.0,&
{'D1'},{'D2'},{'D3'},{'D5'},{'D6'},{'R3'},{'D4'},{'D7'},,,&,1.0,&
{'D1'},{'D2'},{'D3'},{'D5'},{'D6'},{'D4'},{'R2'},{'D7'},{'R1'},{'R3'},&,1.0,&
{'D1'},{'D2'},{'D3'},{'D5'},{'D6'},{'D4'},{'R2'},{'D7'},{'R3'},,&,1.0,&
{'D1'},{'D2'},{'D3'},{'D5'},{'D6'},{'D4'},{'R2'},{'D7'},{'R3'},{'R1'},&,1.0,&
{'D1'},{'D2'},{'D3'},{'D5'},{'D7'},,,,,,&,5.0,&
{'D1'},{'D2'},{'D3'},{'D5'},{'D7'},{'R2'},{'R3'},,,,&,1.0,&
{'D1'},{'D2'},{'D3'},{'D5'},{'D7'},{'R2'},{'R3'},{'R1'},,,&,1.0,&
{'D1'},{'D2'},{'D3'},{'D5'},{'D7'},{'R2'},{'D6'},{'R3'},{'D4'},,&,1.0,&
{'D1'},{'D2'},{'D3'},{'D5'},{'D7'},{'R2'},{'D6'},{'R1'},{'D4'},{'R3'},&,1.0,&
{'D1'},{'D2'},{'D3'},{'D5'},{'D7'},{'D6'},{'R2'},,,,&,2.0,&
{'D1'},{'D2'},{'D3'},{'D5'},{'D7'},{'D6'},{'R2'},{'R3'},{'D4'},,&,1.0,&
{'D1'},{'D2'},{'D3'},{'D5'},{'D7'},{'R3'},,,,,&,1.0,&
{'D1'},{'D2'},{'D3'},{'D5'},{'D7'},{'R3'},{'R2'},{'D6'},{'D4'},{'R1'},&,1.0,&
{'D1'},{'D2'},{'D3'},{'D5'},{'D7'},{'R3'},{'R1'},{'D6'},{'R2'},,&,1.0,&
{'D1'},{'D2'},{'D3'},{'D5'},{'R1'},,,,,,&,2.0,&
{'D1'},{'D2'},{'D3'},{'D5'},{'R1'},{'D7'},{'R2'},{'R3'},{'D6'},{'D4'},&,1.0,&
{'D1'},{'D2'},{'D3'},{'D5'},{'R1'},{'R3'},{'D6'},{'D7'},{'R2'},{'D4'},&,1.0,&
{'D1'},{'D2'},{'D3'},{'D5'},{'R3'},,,,,,&,5.0,&
{'D1'},{'D2'},{'D3'},{'D5'},{'R3'},{'D7'},,,,,&,2.0,&
{'D1'},{'D2'},{'D3'},{'D5'},{'R3'},{'D7'},{'D6'},{'R2'},{'R1'},,&,1.0,&
{'D1'},{'D2'},{'D3'},{'D5'},{'R3'},{'D7'},{'D6'},{'R2'},{'D4'},{'R1'},&,1.0,&
{'D1'},{'D2'},{'D3'},{'D5'},{'R3'},{'R2'},,,,,&,3.0,&
{'D1'},{'D2'},{'D3'},{'D5'},{'R3'},{'R2'},{'D7'},{'D6'},,,&,1.0,&
{'D1'},{'D2'},{'D3'},{'D5'},{'R3'},{'R2'},{'R1'},,,,&,1.0,&
{'D1'},{'D2'},{'D3'},{'D5'},{'R3'},{'R2'},{'R1'},{'D6'},{'D7'},,&,1.0,&
{'D1'},{'D2'},{'D3'},{'D5'},{'R3'},{'R2'},{'R1'},{'D7'},{'D6'},{'D4'},&,1.0,&
{'D1'},{'D2'},{'D3'},{'D5'},{'R3'},{'R2'},{'D6'},{'R1'},{'D7'},{'D4'},&,1.0,&
{'D1'},{'D2'},{'D3'},{'D5'},{'R3'},{'D6'},,,,,&,1.0,&
{'D1'},{'D2'},{'D3'},{'D5'},{'R3'},{'D6'},{'D7'},,,,&,1.0,&
{'D1'},{'D2'},{'D3'},{'D5'},{'R3'},{'D6'},{'D7'},{'R2'},,,&,1.0,&
{'D1'},{'D2'},{'D3'},{'D5'},{'R3'},{'D6'},{'R1'},{'R2'},{'D7'},{'D4'},&,1.0,&
{'D1'},{'D2'},{'D3'},{'D5'},{'R3'},{'D6'},{'R1'},{'D7'},{'R2'},,&,1.0,&
{'D1'},{'D2'},{'D3'},{'D5'},{'R3'},{'R1'},{'D6'},{'D7'},,,&,1.0,&
{'D1'},{'D2'},{'D3'},{'D5'},{'R3'},{'D4'},,,,,&,1.0,&
{'D1'},{'D2'},{'D3'},{'D5'},{'R3'},{'D4'},{'R2'},{'R1'},,,&,1.0,&
{'D1'},{'D2'},{'D3'},{'D5'},{'R2'},,,,,,&,2.0,&
{'D1'},{'D2'},{'D3'},{'D5'},{'R2'},{'D7'},,,,,&,1.0,&
{'D1'},{'D2'},{'D3'},{'D5'},{'R2'},{'D7'},{'R3'},{'R1'},,,&,1.0,&
{'D1'},{'D2'},{'D3'},{'D5'},{'R2'},{'D7'},{'D6'},{'D4'},,,&,1.0,&
{'D1'},{'D2'},{'D3'},{'D5'},{'R2'},{'D7'},{'D6'},{'D4'},{'R3'},{'R1'},&,1.0,&
{'D1'},{'D2'},{'D3'},{'D5'},{'R2'},{'D6'},,,,,&,1.0,&
{'D1'},{'D2'},{'D3'},{'D5'},{'R2'},{'D6'},{'R3'},,,,&,1.0,&
{'D1'},{'D2'},{'D3'},{'D5'},{'R2'},{'D6'},{'R3'},{'R1'},{'D7'},,&,2.0,&
{'D1'},{'D2'},{'D3'},{'D5'},{'R2'},{'R3'},,,,,&,2.0,&
{'D1'},{'D2'},{'D3'},{'D5'},{'R2'},{'R3'},{'D6'},,,,&,3.0,&
{'D1'},{'D2'},{'D3'},{'D5'},{'R2'},{'D4'},{'D7'},{'R1'},{'R3'},,&,1.0,&
{'D1'},{'D2'},{'D3'},{'D5'},{'R2'},{'D4'},{'R3'},{'D7'},{'D6'},,&,1.0,&
{'D1'},{'D2'},{'D3'},{'D5'},{'D4'},,,,,,&,4.0,&
{'D1'},{'D2'},{'D3'},{'D5'},{'D4'},{'D7'},{'R3'},{'R2'},{'R1'},,&,1.0,&
{'D1'},{'D2'},{'D3'},{'D5'},{'D4'},{'R2'},,,,,&,1.0,&
{'D1'},{'D2'},{'D3'},{'D5'},{'D4'},{'R2'},{'D6'},{'R3'},,,&,1.0,&
{'D1'},{'D2'},{'D3'},{'D5'},{'D4'},{'D6'},,,,,&,1.0,&
{'D1'},{'D2'},{'D3'},{'D5'},{'D4'},{'R3'},,,,,&,1.0,&
{'D1'},{'D2'},{'D3'},{'D4'},,,,,,,&,7.0,&
{'D1'},{'D2'},{'D3'},{'D4'},{'D6'},,,,,,&,1.0,&
{'D1'},{'D2'},{'D3'},{'D4'},{'D6'},{'D7'},{'R3'},{'R2'},{'R1'},{'D5'},&,1.0,&
{'D1'},{'D2'},{'D3'},{'D4'},{'D6'},{'D5'},{'D7'},{'R2'},{'R3'},{'R1'},&,1.0,&
{'D1'},{'D2'},{'D3'},{'D4'},{'D6'},{'D5'},{'R2'},{'D7'},{'R3'},{'R1'},&,1.0,&
{'D1'},{'D2'},{'D3'},{'D4'},{'D7'},,,,,,&,1.0,&
{'D1'},{'D2'},{'D3'},{'D4'},{'D7'},{'D5'},,,,,&,1.0,&
{'D1'},{'D2'},{'D3'},{'D4'},{'D7'},{'D6'},{'D5'},,,,&,1.0,&
{'D1'},{'D2'},{'D3'},{'D4'},{'R1'},{'R2'},{'D6'},,,,&,1.0,&
{'D1'},{'D2'},{'D3'},{'D4'},{'D5'},,,,,,&,2.0,&
{'D1'},{'D2'},{'D3'},{'D4'},{'D5'},{'R2'},{'D7'},{'D6'},{'R3'},,&,1.0,&
{'D1'},{'D2'},{'D3'},{'D4'},{'R3'},,,,,,&,1.0,&
{'D1'},{'D2'},{'D3'},{'D4'},{'R3'},{'D5'},{'R2'},{'D7'},{'D6'},,&,1.0,&
{'D1'},{'D2'},{'D3'},{'D4'},{'R3'},{'R2'},,,,,&,1.0,&
{'D1'},{'D2'},{'D3'},{'D4'},{'R3'},{'D6'},{'R2'},,,,&,1.0,&
{'D1'},{'D2'},{'D3'},{'D4'},{'R2'},,,,,,&,2.0,&
{'D1'},{'D2'},{'D3'},{'D4'},{'R2'},{'D5'},{'R3'},{'R1'},,,&,1.0,&
{'D1'},{'D2'},{'D3'},{'D4'},{'R2'},{'D6'},{'D7'},,,,&,1.0,&
{'D1'},{'D2'},{'D3'},{'D4'},{'R2'},{'D6'},{'R1'},{'R3'},{'D5'},{'D7'},&,1.0,&
{'D1'},{'D2'},{'D3'},{'D4'},{'R2'},{'R3'},{'R1'},,,,&,1.0,&
{'D1'},{'D2'},{'D3'},{'D4'},{'R2'},{'R3'},{'R1'},{'D6'},,,&,1.0,&
{'D1'},{'D2'},{'D3'},{'D4'},{'R2'},{'R3'},{'R1'},{'D7'},{'D5'},{'D6'},&,1.0,&
{'D1'},{'D2'},{'D3'},{'D7'},,,,,,,&,17.0,&
{'D1'},{'D2'},{'D3'},{'D7'},{'D6'},,,,,,&,4.0,&
{'D1'},{'D2'},{'D3'},{'D7'},{'D6'},{'D5'},{'R2'},{'R3'},{'D4'},{'R1'},&,1.0,&
{'D1'},{'D2'},{'D3'},{'D7'},{'D6'},{'D5'},{'R1'},{'D4'},,,&,1.0,&
{'D1'},{'D2'},{'D3'},{'D7'},{'D6'},{'D5'},{'R1'},{'R2'},,,&,1.0,&
{'D1'},{'D2'},{'D3'},{'D7'},{'D6'},{'D5'},{'D4'},,,,&,1.0,&
{'D1'},{'D2'},{'D3'},{'D7'},{'D6'},{'D5'},{'D4'},{'R2'},{'R3'},,&,1.0,&
{'D1'},{'D2'},{'D3'},{'D7'},{'D6'},{'R2'},,,,,&,1.0,&
{'D1'},{'D2'},{'D3'},{'D7'},{'D6'},{'R2'},{'R3'},{'R1'},{'D5'},,&,1.0,&
{'D1'},{'D2'},{'D3'},{'D7'},{'D6'},{'R2'},{'D5'},{'R1'},{'D4'},,&,1.0,&
{'D1'},{'D2'},{'D3'},{'D7'},{'D6'},{'R3'},,,,,&,1.0,&
{'D1'},{'D2'},{'D3'},{'D7'},{'D6'},{'R3'},{'R1'},{'D5'},{'D4'},{'R2'},&,1.0,&
{'D1'},{'D2'},{'D3'},{'D7'},{'D6'},{'D4'},{'D5'},,,,&,1.0,&
{'D1'},{'D2'},{'D3'},{'D7'},{'R1'},,,,,,&,1.0,&
{'D1'},{'D2'},{'D3'},{'D7'},{'R1'},{'R3'},{'D6'},,,,&,1.0,&
{'D1'},{'D2'},{'D3'},{'D7'},{'R1'},{'D4'},{'D5'},,,,&,1.0,&
{'D1'},{'D2'},{'D3'},{'D7'},{'D5'},,,,,,&,4.0,&
{'D1'},{'D2'},{'D3'},{'D7'},{'D5'},{'R2'},,,,,&,1.0,&
{'D1'},{'D2'},{'D3'},{'D7'},{'D5'},{'R2'},{'D6'},{'R3'},{'R1'},,&,1.0,&
{'D1'},{'D2'},{'D3'},{'D7'},{'D5'},{'D6'},,,,,&,1.0,&
{'D1'},{'D2'},{'D3'},{'D7'},{'D5'},{'D6'},{'R3'},{'R2'},{'D4'},,&,1.0,&
{'D1'},{'D2'},{'D3'},{'D7'},{'D5'},{'D6'},{'D4'},,,,&,2.0,&
{'D1'},{'D2'},{'D3'},{'D7'},{'D5'},{'R3'},,,,,&,1.0,&
{'D1'},{'D2'},{'D3'},{'D7'},{'D5'},{'R3'},{'D6'},{'R2'},{'D4'},,&,1.0,&
{'D1'},{'D2'},{'D3'},{'D7'},{'D5'},{'R3'},{'D6'},{'R2'},{'D4'},{'R1'},&,1.0,&
{'D1'},{'D2'},{'D3'},{'D7'},{'D5'},{'R3'},{'D6'},{'R1'},{'R2'},{'D4'},&,1.0,&
{'D1'},{'D2'},{'D3'},{'D7'},{'D5'},{'D4'},{'R2'},,,,&,1.0,&
{'D1'},{'D2'},{'D3'},{'D7'},{'D5'},{'D4'},{'R2'},{'R3'},{'D6'},{'R1'},&,1.0,&
{'D1'},{'D2'},{'D3'},{'D7'},{'D5'},{'D4'},{'D6'},,,,&,1.0,&
{'D1'},{'D2'},{'D3'},{'D7'},{'R3'},{'D5'},{'R2'},{'D6'},{'D4'},{'R1'},&,1.0,&
{'D1'},{'D2'},{'D3'},{'D7'},{'R3'},{'D5'},{'R2'},{'R1'},{'D6'},,&,1.0,&
{'D1'},{'D2'},{'D3'},{'D7'},{'R3'},{'D5'},{'R2'},{'R1'},{'D6'},{'D4'},&,1.0,&
{'D1'},{'D2'},{'D3'},{'D7'},{'R3'},{'D5'},{'D6'},,,,&,2.0,&
{'D1'},{'D2'},{'D3'},{'D7'},{'R3'},{'D5'},{'D6'},{'D4'},,,&,1.0,&
{'D1'},{'D2'},{'D3'},{'D7'},{'R3'},{'R2'},{'D5'},{'D6'},{'D4'},{'R1'},&,1.0,&
{'D1'},{'D2'},{'D3'},{'D7'},{'R3'},{'R2'},{'D6'},,,,&,1.0,&
{'D1'},{'D2'},{'D3'},{'D7'},{'R3'},{'R2'},{'D4'},{'D6'},,,&,1.0,&
{'D1'},{'D2'},{'D3'},{'D7'},{'R3'},{'D6'},{'D5'},,,,&,1.0,&
{'D1'},{'D2'},{'D3'},{'D7'},{'R3'},{'D6'},{'D5'},{'D4'},{'R2'},,&,1.0,&
{'D1'},{'D2'},{'D3'},{'D7'},{'R3'},{'D6'},{'D5'},{'R2'},{'D4'},{'R1'},&,1.0,&
{'D1'},{'D2'},{'D3'},{'D7'},{'R3'},{'D6'},{'R2'},{'D5'},{'R1'},,&,2.0,&
{'D1'},{'D2'},{'D3'},{'D7'},{'R3'},{'D6'},{'R2'},{'R1'},{'D5'},,&,1.0,&
{'D1'},{'D2'},{'D3'},{'D7'},{'R3'},{'R1'},{'D6'},{'D5'},,,&,1.0,&
{'D1'},{'D2'},{'D3'},{'D7'},{'R2'},,,,,,&,4.0,&
{'D1'},{'D2'},{'D3'},{'D7'},{'R2'},{'D5'},,,,,&,1.0,&
{'D1'},{'D2'},{'D3'},{'D7'},{'R2'},{'D5'},{'D6'},{'D4'},,,&,1.0,&
{'D1'},{'D2'},{'D3'},{'D7'},{'R2'},{'D6'},{'R3'},{'D5'},{'R1'},{'D4'},&,1.0,&
{'D1'},{'D2'},{'D3'},{'D7'},{'R2'},{'D6'},{'R3'},{'D5'},{'D4'},,&,1.0,&
{'D1'},{'D2'},{'D3'},{'D7'},{'R2'},{'D6'},{'D5'},,,,&,1.0,&
{'D1'},{'D2'},{'D3'},{'D7'},{'R2'},{'D6'},{'D5'},{'D4'},{'R3'},,&,1.0,&
{'D1'},{'D2'},{'D3'},{'D7'},{'R2'},{'D6'},{'R1'},{'R3'},,,&,1.0,&
{'D1'},{'D2'},{'D3'},{'D7'},{'R2'},{'R3'},{'D6'},,,,&,1.0,&
{'D1'},{'D2'},{'D3'},{'D7'},{'R2'},{'R3'},{'D4'},{'R1'},,,&,1.0,&
{'D1'},{'D2'},{'D3'},{'D7'},{'R2'},{'R1'},{'D6'},{'D5'},,,&,1.0,&
{'D1'},{'D2'},{'D3'},{'D7'},{'R2'},{'D4'},,,,,&,1.0,&
{'D1'},{'D2'},{'D3'},{'R1'},,,,,,,&,8.0,&
{'D1'},{'D2'},{'D3'},{'R1'},{'D6'},,,,,,&,2.0,&
{'D1'},{'D2'},{'D3'},{'R1'},{'D6'},{'R3'},,,,,&,1.0,&
{'D1'},{'D2'},{'D3'},{'R1'},{'D6'},{'R3'},{'D7'},{'R2'},{'D4'},,&,1.0,&
{'D1'},{'D2'},{'D3'},{'R1'},{'D7'},{'R2'},{'D6'},,,,&,1.0,&
{'D1'},{'D2'},{'D3'},{'R1'},{'D7'},{'D6'},{'D5'},,,,&,1.0,&
{'D1'},{'D2'},{'D3'},{'R1'},{'D5'},{'R2'},,,,,&,1.0,&
{'D1'},{'D2'},{'D3'},{'R1'},{'D5'},{'R2'},{'D7'},{'D6'},{'R3'},,&,1.0,&
{'D1'},{'D2'},{'D3'},{'R1'},{'D5'},{'D6'},{'R3'},{'D4'},{'D7'},,&,1.0,&
{'D1'},{'D2'},{'D3'},{'R1'},{'D5'},{'R3'},{'R2'},{'D7'},{'D6'},,&,1.0,&
{'D1'},{'D2'},{'D3'},{'R1'},{'R3'},,,,,,&,1.0,&
{'D1'},{'D2'},{'D3'},{'R1'},{'R3'},{'R2'},{'D6'},{'D5'},,,&,1.0,&
{'D1'},{'D2'},{'D3'},{'R1'},{'R3'},{'D6'},,,,,&,2.0,&
{'D1'},{'D2'},{'D3'},{'R1'},{'R2'},,,,,,&,4.0,&
{'D1'},{'D2'},{'D3'},{'R1'},{'R2'},{'D7'},{'D5'},{'D6'},{'R3'},{'D4'},&,1.0,&
{'D1'},{'D2'},{'D3'},{'R1'},{'R2'},{'D5'},{'D6'},,,,&,1.0,&
{'D1'},{'D2'},{'D3'},{'R1'},{'R2'},{'R3'},{'D6'},{'D7'},,,&,1.0,&
{'D1'},{'D2'},{'D3'},{'R3'},,,,,,,&,23.0,&
{'D1'},{'D2'},{'D3'},{'R3'},{'D6'},,,,,,&,7.0,&
{'D1'},{'D2'},{'D3'},{'R3'},{'D6'},{'D7'},,,,,&,2.0,&
{'D1'},{'D2'},{'D3'},{'R3'},{'D6'},{'D7'},{'D5'},{'D4'},,,&,1.0,&
{'D1'},{'D2'},{'D3'},{'R3'},{'D6'},{'D7'},{'D5'},{'D4'},{'R2'},{'R1'},&,1.0,&
{'D1'},{'D2'},{'D3'},{'R3'},{'D6'},{'D7'},{'D5'},{'R2'},{'R1'},{'D4'},&,1.0,&
{'D1'},{'D2'},{'D3'},{'R3'},{'D6'},{'D7'},{'R2'},,,,&,1.0,&
{'D1'},{'D2'},{'D3'},{'R3'},{'D6'},{'D7'},{'R2'},{'D5'},{'R1'},{'D4'},&,1.0,&
{'D1'},{'D2'},{'D3'},{'R3'},{'D6'},{'D5'},,,,,&,1.0,&
{'D1'},{'D2'},{'D3'},{'R3'},{'D6'},{'D5'},{'D7'},{'R2'},{'R1'},{'D4'},&,1.0,&
{'D1'},{'D2'},{'D3'},{'R3'},{'D6'},{'D5'},{'R2'},{'D7'},{'R1'},{'D4'},&,1.0,&
{'D1'},{'D2'},{'D3'},{'R3'},{'D6'},{'D5'},{'R2'},{'R1'},,,&,1.0,&
{'D1'},{'D2'},{'D3'},{'R3'},{'D6'},{'D5'},{'D4'},,,,&,1.0,&
{'D1'},{'D2'},{'D3'},{'R3'},{'D6'},{'D5'},{'D4'},{'D7'},{'R2'},,&,1.0,&
{'D1'},{'D2'},{'D3'},{'R3'},{'D6'},{'R2'},{'D7'},{'D5'},,,&,1.0,&
{'D1'},{'D2'},{'D3'},{'R3'},{'D6'},{'R2'},{'D7'},{'D5'},{'D4'},{'R1'},&,1.0,&
{'D1'},{'D2'},{'D3'},{'R3'},{'D6'},{'R2'},{'D5'},,,,&,1.0,&
{'D1'},{'D2'},{'D3'},{'R3'},{'D6'},{'R2'},{'R1'},,,,&,1.0,&
{'D1'},{'D2'},{'D3'},{'R3'},{'D6'},{'R2'},{'R1'},{'D5'},{'D7'},{'D4'},&,1.0,&
{'D1'},{'D2'},{'D3'},{'R3'},{'D7'},,,,,,&,8.0,&
{'D1'},{'D2'},{'D3'},{'R3'},{'D7'},{'D5'},{'R2'},{'D6'},,,&,1.0,&
{'D1'},{'D2'},{'D3'},{'R3'},{'D7'},{'D5'},{'D6'},{'R2'},,,&,1.0,&
{'D1'},{'D2'},{'D3'},{'R3'},{'D7'},{'D5'},{'D4'},{'R1'},,,&,1.0,&
{'D1'},{'D2'},{'D3'},{'R3'},{'D7'},{'R2'},{'R1'},{'D5'},,,&,1.0,&
{'D1'},{'D2'},{'D3'},{'R3'},{'D7'},{'R2'},{'D6'},{'R1'},{'D5'},{'D4'},&,1.0,&
{'D1'},{'D2'},{'D3'},{'R3'},{'D7'},{'D6'},{'R2'},{'D4'},,,&,1.0,&
{'D1'},{'D2'},{'D3'},{'R3'},{'D7'},{'D6'},{'R2'},{'D5'},,,&,1.0,&
{'D1'},{'D2'},{'D3'},{'R3'},{'D7'},{'R1'},,,,,&,2.0,&
{'D1'},{'D2'},{'D3'},{'R3'},{'D7'},{'D4'},{'D6'},,,,&,1.0,&
{'D1'},{'D2'},{'D3'},{'R3'},{'R1'},,,,,,&,2.0,&
{'D1'},{'D2'},{'D3'},{'R3'},{'R1'},{'D7'},,,,,&,1.0,&
{'D1'},{'D2'},{'D3'},{'R3'},{'R1'},{'D7'},{'D5'},,,,&,1.0,&
{'D1'},{'D2'},{'D3'},{'R3'},{'R1'},{'D5'},{'D7'},{'D6'},{'R2'},,&,1.0,&
{'D1'},{'D2'},{'D3'},{'R3'},{'R1'},{'R2'},{'D5'},{'D7'},{'D6'},{'D4'},&,1.0,&
{'D1'},{'D2'},{'D3'},{'R3'},{'R1'},{'R2'},{'D6'},,,,&,1.0,&
{'D1'},{'D2'},{'D3'},{'R3'},{'R1'},{'D6'},{'D5'},{'R2'},,,&,1.0,&
{'D1'},{'D2'},{'D3'},{'R3'},{'R1'},{'D6'},{'R2'},{'D7'},,,&,1.0,&
{'D1'},{'D2'},{'D3'},{'R3'},{'R1'},{'D6'},{'D4'},{'R2'},,,&,1.0,&
{'D1'},{'D2'},{'D3'},{'R3'},{'R1'},{'D6'},{'D4'},{'D7'},{'R2'},,&,1.0,&
{'D1'},{'D2'},{'D3'},{'R3'},{'R1'},{'D4'},{'R2'},{'D5'},{'D6'},,&,1.0,&
{'D1'},{'D2'},{'D3'},{'R3'},{'D5'},,,,,,&,4.0,&
{'D1'},{'D2'},{'D3'},{'R3'},{'D5'},{'D7'},,,,,&,2.0,&
{'D1'},{'D2'},{'D3'},{'R3'},{'D5'},{'R2'},,,,,&,1.0,&
{'D1'},{'D2'},{'D3'},{'R3'},{'D5'},{'R2'},{'R1'},,,,&,2.0,&
{'D1'},{'D2'},{'D3'},{'R3'},{'D5'},{'R2'},{'R1'},{'D6'},{'D7'},,&,1.0,&
{'D1'},{'D2'},{'D3'},{'R3'},{'D5'},{'R2'},{'R1'},{'D4'},{'D6'},,&,1.0,&
{'D1'},{'D2'},{'D3'},{'R3'},{'D5'},{'R2'},{'D6'},{'D7'},,,&,1.0,&
{'D1'},{'D2'},{'D3'},{'R3'},{'D5'},{'R2'},{'D6'},{'D7'},{'D4'},,&,1.0,&
{'D1'},{'D2'},{'D3'},{'R3'},{'D5'},{'R2'},{'D6'},{'D7'},{'D4'},{'R1'},&,1.0,&
{'D1'},{'D2'},{'D3'},{'R3'},{'D5'},{'D6'},,,,,&,1.0,&
{'D1'},{'D2'},{'D3'},{'R3'},{'D5'},{'D6'},{'D7'},{'R2'},{'R1'},{'D4'},&,1.0,&
{'D1'},{'D2'},{'D3'},{'R3'},{'D5'},{'D6'},{'R2'},{'D7'},{'R1'},{'D4'},&,1.0,&
{'D1'},{'D2'},{'D3'},{'R3'},{'D5'},{'D6'},{'D4'},{'R2'},{'R1'},{'D7'},&,1.0,&
{'D1'},{'D2'},{'D3'},{'R3'},{'D5'},{'D4'},{'D6'},,,,&,1.0,&
{'D1'},{'D2'},{'D3'},{'R3'},{'R2'},,,,,,&,9.0,&
{'D1'},{'D2'},{'D3'},{'R3'},{'R2'},{'D7'},{'R1'},,,,&,1.0,&
{'D1'},{'D2'},{'D3'},{'R3'},{'R2'},{'D7'},{'R1'},{'D6'},,,&,1.0,&
{'D1'},{'D2'},{'D3'},{'R3'},{'R2'},{'D7'},{'R1'},{'D6'},{'D5'},,&,1.0,&
{'D1'},{'D2'},{'D3'},{'R3'},{'R2'},{'D7'},{'R1'},{'D5'},,,&,1.0,&
{'D1'},{'D2'},{'D3'},{'R3'},{'R2'},{'D5'},{'D7'},,,,&,1.0,&
{'D1'},{'D2'},{'D3'},{'R3'},{'R2'},{'D5'},{'D7'},{'D6'},,,&,1.0,&
{'D1'},{'D2'},{'D3'},{'R3'},{'R2'},{'D5'},{'D7'},{'R1'},{'D6'},,&,1.0,&
{'D1'},{'D2'},{'D3'},{'R3'},{'R2'},{'D5'},{'D7'},{'R1'},{'D6'},{'D4'},&,1.0,&
{'D1'},{'D2'},{'D3'},{'R3'},{'R2'},{'D5'},{'R1'},,,,&,1.0,&
{'D1'},{'D2'},{'D3'},{'R3'},{'R2'},{'D5'},{'R1'},{'D6'},,,&,1.0,&
{'D1'},{'D2'},{'D3'},{'R3'},{'R2'},{'D5'},{'R1'},{'D6'},{'D7'},{'D4'},&,1.0,&
{'D1'},{'D2'},{'D3'},{'R3'},{'R2'},{'D5'},{'D6'},{'D7'},{'D4'},{'R1'},&,1.0,&
{'D1'},{'D2'},{'D3'},{'R3'},{'R2'},{'D6'},,,,,&,3.0,&
{'D1'},{'D2'},{'D3'},{'R3'},{'R2'},{'D6'},{'D7'},{'R1'},{'D4'},{'D5'},&,1.0,&
{'D1'},{'D2'},{'D3'},{'R3'},{'R2'},{'D6'},{'D5'},{'D7'},{'R1'},{'D4'},&,1.0,&
{'D1'},{'D2'},{'D3'},{'R3'},{'R2'},{'D6'},{'R1'},,,,&,1.0,&
{'D1'},{'D2'},{'D3'},{'R3'},{'R2'},{'D6'},{'R1'},{'D7'},,,&,1.0,&
{'D1'},{'D2'},{'D3'},{'R3'},{'R2'},{'D6'},{'R1'},{'D7'},{'D5'},{'D4'},&,1.0,&
{'D1'},{'D2'},{'D3'},{'R3'},{'R2'},{'R1'},,,,,&,5.0,&
{'D1'},{'D2'},{'D3'},{'R3'},{'R2'},{'R1'},{'D5'},,,,&,2.0,&
{'D1'},{'D2'},{'D3'},{'R3'},{'R2'},{'R1'},{'D5'},{'D7'},,,&,1.0,&
{'D1'},{'D2'},{'D3'},{'R3'},{'R2'},{'R1'},{'D6'},,,,&,1.0,&
{'D1'},{'D2'},{'D3'},{'R3'},{'R2'},{'R1'},{'D6'},{'D7'},{'D5'},{'D4'},&,1.0,&
{'D1'},{'D2'},{'D3'},{'R3'},{'R2'},{'R1'},{'D4'},,,,&,1.0,&
{'D1'},{'D2'},{'D3'},{'R3'},{'R2'},{'R1'},{'D4'},{'D6'},,,&,1.0,&
{'D1'},{'D2'},{'D3'},{'R3'},{'R2'},{'D4'},,,,,&,3.0,&
{'D1'},{'D2'},{'D3'},{'R3'},{'R2'},{'D4'},{'D7'},{'D6'},{'D5'},,&,1.0,&
{'D1'},{'D2'},{'D3'},{'R3'},{'R2'},{'D4'},{'R1'},{'D6'},,,&,1.0,&
{'D1'},{'D2'},{'D3'},{'R3'},{'D4'},{'D7'},{'D6'},{'D5'},,,&,1.0,&
{'D1'},{'D2'},{'D3'},{'R3'},{'D4'},{'D5'},{'D6'},,,,&,1.0,&
{'D1'},{'D2'},{'D3'},{'R3'},{'D4'},{'R2'},,,,,&,1.0,&
{'D1'},{'D2'},{'D3'},{'R3'},{'D4'},{'R2'},{'R1'},,,,&,1.0,&
{'D1'},{'D2'},{'D3'},{'D6'},,,,,,,&,28.0,&
{'D1'},{'D2'},{'D3'},{'D6'},{'D7'},,,,,,&,2.0,&
{'D1'},{'D2'},{'D3'},{'D6'},{'D7'},{'D5'},,,,,&,1.0,&
{'D1'},{'D2'},{'D3'},{'D6'},{'D7'},{'D5'},{'R3'},{'D4'},{'R2'},{'R1'},&,1.0,&
{'D1'},{'D2'},{'D3'},{'D6'},{'D7'},{'D5'},{'R2'},{'D4'},{'R3'},{'R1'},&,1.0,&
{'D1'},{'D2'},{'D3'},{'D6'},{'D7'},{'D5'},{'R2'},{'R3'},{'D4'},,&,1.0,&
{'D1'},{'D2'},{'D3'},{'D6'},{'D7'},{'D5'},{'R1'},{'D4'},{'R2'},{'R3'},&,1.0,&
{'D1'},{'D2'},{'D3'},{'D6'},{'D7'},{'D5'},{'D4'},,,,&,2.0,&
{'D1'},{'D2'},{'D3'},{'D6'},{'D7'},{'R2'},{'R3'},{'R1'},{'D5'},{'D4'},&,1.0,&
{'D1'},{'D2'},{'D3'},{'D6'},{'D7'},{'R2'},{'D5'},{'R3'},,,&,1.0,&
{'D1'},{'D2'},{'D3'},{'D6'},{'D7'},{'R3'},,,,,&,1.0,&
{'D1'},{'D2'},{'D3'},{'D6'},{'D7'},{'R3'},{'R2'},{'R1'},,,&,1.0,&
{'D1'},{'D2'},{'D3'},{'D6'},{'D7'},{'R3'},{'D4'},{'R2'},{'D5'},{'R1'},&,1.0,&
{'D1'},{'D2'},{'D3'},{'D6'},{'D7'},{'R3'},{'D4'},{'D5'},{'R1'},{'R2'},&,1.0,&
{'D1'},{'D2'},{'D3'},{'D6'},{'D7'},{'R1'},{'R3'},{'D5'},,,&,1.0,&
{'D1'},{'D2'},{'D3'},{'D6'},{'D7'},{'R1'},{'D5'},,,,&,1.0,&
{'D1'},{'D2'},{'D3'},{'D6'},{'R1'},{'D5'},{'D7'},{'R2'},{'R3'},{'D4'},&,1.0,&
{'D1'},{'D2'},{'D3'},{'D6'},{'R1'},{'R2'},{'R3'},{'D5'},{'D7'},,&,1.0,&
{'D1'},{'D2'},{'D3'},{'D6'},{'R1'},{'R2'},{'D5'},{'D4'},,,&,1.0,&
{'D1'},{'D2'},{'D3'},{'D6'},{'R1'},{'R3'},{'R2'},,,,&,1.0,&
{'D1'},{'D2'},{'D3'},{'D6'},{'D5'},,,,,,&,6.0,&
{'D1'},{'D2'},{'D3'},{'D6'},{'D5'},{'D7'},{'R3'},{'D4'},{'R2'},{'R1'},&,1.0,&
{'D1'},{'D2'},{'D3'},{'D6'},{'D5'},{'D7'},{'D4'},,,,&,1.0,&
{'D1'},{'D2'},{'D3'},{'D6'},{'D5'},{'D7'},{'D4'},{'R2'},{'R3'},{'R1'},&,1.0,&
{'D1'},{'D2'},{'D3'},{'D6'},{'D5'},{'D7'},{'D4'},{'R3'},{'R2'},{'R1'},&,1.0,&
{'D1'},{'D2'},{'D3'},{'D6'},{'D5'},{'R2'},,,,,&,1.0,&
{'D1'},{'D2'},{'D3'},{'D6'},{'D5'},{'R2'},{'D7'},,,,&,1.0,&
{'D1'},{'D2'},{'D3'},{'D6'},{'D5'},{'R2'},{'D7'},{'D4'},,,&,1.0,&
{'D1'},{'D2'},{'D3'},{'D6'},{'D5'},{'R2'},{'D7'},{'R3'},{'D4'},,&,3.0,&
{'D1'},{'D2'},{'D3'},{'D6'},{'D5'},{'R2'},{'R3'},,,,&,1.0,&
{'D1'},{'D2'},{'D3'},{'D6'},{'D5'},{'R2'},{'R3'},{'R1'},{'D4'},{'D7'},&,1.0,&
{'D1'},{'D2'},{'D3'},{'D6'},{'D5'},{'R3'},,,,,&,3.0,&
{'D1'},{'D2'},{'D3'},{'D6'},{'D5'},{'R3'},{'D7'},,,,&,1.0,&
{'D1'},{'D2'},{'D3'},{'D6'},{'D5'},{'R3'},{'D7'},{'D4'},,,&,1.0,&
{'D1'},{'D2'},{'D3'},{'D6'},{'D5'},{'R3'},{'R2'},{'D7'},{'D4'},,&,1.0,&
{'D1'},{'D2'},{'D3'},{'D6'},{'D5'},{'R1'},{'R2'},{'R3'},,,&,1.0,&
{'D1'},{'D2'},{'D3'},{'D6'},{'D5'},{'D4'},,,,,&,1.0,&
{'D1'},{'D2'},{'D3'},{'D6'},{'D5'},{'D4'},{'D7'},{'R2'},,,&,1.0,&
{'D1'},{'D2'},{'D3'},{'D6'},{'D5'},{'D4'},{'D7'},{'R3'},,,&,1.0,&
{'D1'},{'D2'},{'D3'},{'D6'},{'D5'},{'D4'},{'R3'},{'R2'},,,&,1.0,&
{'D1'},{'D2'},{'D3'},{'D6'},{'R3'},,,,,,&,8.0,&
{'D1'},{'D2'},{'D3'},{'D6'},{'R3'},{'D7'},,,,,&,4.0,&
{'D1'},{'D2'},{'D3'},{'D6'},{'R3'},{'D7'},{'D5'},{'D4'},,,&,1.0,&
{'D1'},{'D2'},{'D3'},{'D6'},{'R3'},{'D7'},{'D5'},{'R2'},{'D4'},{'R1'},&,1.0,&
{'D1'},{'D2'},{'D3'},{'D6'},{'R3'},{'D7'},{'D4'},{'R2'},{'R1'},{'D5'},&,1.0,&
{'D1'},{'D2'},{'D3'},{'D6'},{'R3'},{'D5'},,,,,&,3.0,&
{'D1'},{'D2'},{'D3'},{'D6'},{'R3'},{'D5'},{'D7'},{'D4'},{'R1'},{'R2'},&,1.0,&
{'D1'},{'D2'},{'D3'},{'D6'},{'R3'},{'D5'},{'D7'},{'D4'},{'R2'},{'R1'},&,1.0,&
{'D1'},{'D2'},{'D3'},{'D6'},{'R3'},{'D5'},{'D7'},{'R2'},{'R1'},,&,1.0,&
{'D1'},{'D2'},{'D3'},{'D6'},{'R3'},{'D5'},{'R2'},{'D7'},{'R1'},{'D4'},&,1.0,&
{'D1'},{'D2'},{'D3'},{'D6'},{'R3'},{'D5'},{'D4'},{'D7'},{'R2'},{'R1'},&,1.0,&
{'D1'},{'D2'},{'D3'},{'D6'},{'R3'},{'R2'},,,,,&,3.0,&
{'D1'},{'D2'},{'D3'},{'D6'},{'R3'},{'R2'},{'D5'},{'D7'},{'D4'},{'R1'},&,1.0,&
{'D1'},{'D2'},{'D3'},{'D6'},{'R3'},{'R2'},{'D5'},{'R1'},{'D7'},,&,1.0,&
{'D1'},{'D2'},{'D3'},{'D6'},{'R3'},{'R2'},{'D4'},{'D5'},{'D7'},{'R1'},&,1.0,&
{'D1'},{'D2'},{'D3'},{'D6'},{'R3'},{'R1'},,,,,&,1.0,&
{'D1'},{'D2'},{'D3'},{'D6'},{'R3'},{'R1'},{'D7'},{'R2'},{'D5'},,&,1.0,&
{'D1'},{'D2'},{'D3'},{'D6'},{'R3'},{'R1'},{'D7'},{'D5'},{'D4'},{'R2'},&,1.0,&
{'D1'},{'D2'},{'D3'},{'D6'},{'R3'},{'D4'},,,,,&,1.0,&
{'D1'},{'D2'},{'D3'},{'D6'},{'R2'},,,,,,&,9.0,&
{'D1'},{'D2'},{'D3'},{'D6'},{'R2'},{'D7'},{'R3'},,,,&,1.0,&
{'D1'},{'D2'},{'D3'},{'D6'},{'R2'},{'D7'},{'R3'},{'R1'},{'D4'},,&,1.0,&
{'D1'},{'D2'},{'D3'},{'D6'},{'R2'},{'D7'},{'D5'},,,,&,1.0,&
{'D1'},{'D2'},{'D3'},{'D6'},{'R2'},{'D7'},{'D5'},{'R3'},{'D4'},{'R1'},&,1.0,&
{'D1'},{'D2'},{'D3'},{'D6'},{'R2'},{'D7'},{'R1'},,,,&,1.0,&
{'D1'},{'D2'},{'D3'},{'D6'},{'R2'},{'D5'},,,,,&,3.0,&
{'D1'},{'D2'},{'D3'},{'D6'},{'R2'},{'D5'},{'D7'},{'R3'},{'R1'},,&,1.0,&
{'D1'},{'D2'},{'D3'},{'D6'},{'R2'},{'D5'},{'R3'},{'R1'},,,&,1.0,&
{'D1'},{'D2'},{'D3'},{'D6'},{'R2'},{'D5'},{'R3'},{'R1'},{'D7'},{'D4'},&,1.0,&
{'D1'},{'D2'},{'D3'},{'D6'},{'R2'},{'D5'},{'R1'},,,,&,1.0,&
{'D1'},{'D2'},{'D3'},{'D6'},{'R2'},{'R3'},,,,,&,3.0,&
{'D1'},{'D2'},{'D3'},{'D6'},{'R2'},{'R3'},{'D7'},,,,&,1.0,&
{'D1'},{'D2'},{'D3'},{'D6'},{'R2'},{'R3'},{'D7'},{'D4'},{'D5'},{'R1'},&,1.0,&
{'D1'},{'D2'},{'D3'},{'D6'},{'R2'},{'R3'},{'D7'},{'R1'},{'D5'},,&,1.0,&
{'D1'},{'D2'},{'D3'},{'D6'},{'R2'},{'R3'},{'D5'},{'D7'},,,&,1.0,&
{'D1'},{'D2'},{'D3'},{'D6'},{'R2'},{'R3'},{'R1'},,,,&,2.0,&
{'D1'},{'D2'},{'D3'},{'D6'},{'R2'},{'R3'},{'R1'},{'D7'},{'D5'},{'D4'},&,2.0,&
{'D1'},{'D2'},{'D3'},{'D6'},{'R2'},{'R3'},{'D4'},{'D5'},{'R1'},{'D7'},&,1.0,&
{'D1'},{'D2'},{'D3'},{'D6'},{'R2'},{'R1'},{'R3'},{'D4'},{'D5'},,&,1.0,&
{'D1'},{'D2'},{'D3'},{'D6'},{'R2'},{'R1'},{'D5'},{'D7'},{'R3'},,&,1.0,&
{'D1'},{'D2'},{'D3'},{'D6'},{'R2'},{'D4'},{'D5'},,,,&,1.0,&
{'D1'},{'D2'},{'D3'},{'D6'},{'D4'},,,,,,&,1.0,&
{'D1'},{'D2'},{'D3'},{'D6'},{'D4'},{'D7'},,,,,&,1.0,&
{'D1'},{'D2'},{'D3'},{'D6'},{'D4'},{'D7'},{'D5'},{'R1'},{'R3'},{'R2'},&,1.0,&
{'D1'},{'D2'},{'D3'},{'D6'},{'D4'},{'D5'},{'R3'},{'D7'},,,&,1.0,&
{'D1'},{'D2'},{'D3'},{'D6'},{'D4'},{'D5'},{'R2'},{'D7'},,,&,1.0,&
{'D1'},{'D2'},{'D5'},,,,,,,,&,34.0,&
{'D1'},{'D2'},{'D5'},{'R2'},,,,,,,&,2.0,&
{'D1'},{'D2'},{'D5'},{'R2'},{'D6'},,,,,,&,1.0,&
{'D1'},{'D2'},{'D5'},{'R2'},{'D6'},{'R3'},{'D3'},,,,&,1.0,&
{'D1'},{'D2'},{'D5'},{'R2'},{'D6'},{'R3'},{'D3'},{'D7'},{'D4'},{'R1'},&,1.0,&
{'D1'},{'D2'},{'D5'},{'R2'},{'D7'},{'R3'},{'D6'},{'D3'},{'D4'},{'R1'},&,1.0,&
{'D1'},{'D2'},{'D5'},{'R2'},{'D3'},,,,,,&,4.0,&
{'D1'},{'D2'},{'D5'},{'R2'},{'D3'},{'D7'},{'D6'},{'R1'},{'D4'},{'R3'},&,1.0,&
{'D1'},{'D2'},{'D5'},{'R2'},{'D3'},{'D6'},,,,,&,1.0,&
{'D1'},{'D2'},{'D5'},{'R2'},{'D3'},{'D6'},{'D4'},{'D7'},{'R3'},,&,1.0,&
{'D1'},{'D2'},{'D5'},{'R2'},{'D3'},{'R3'},{'D7'},{'R1'},{'D6'},,&,1.0,&
{'D1'},{'D2'},{'D5'},{'R2'},{'D3'},{'R3'},{'R1'},{'D4'},{'D7'},,&,1.0,&
{'D1'},{'D2'},{'D5'},{'R2'},{'R1'},,,,,,&,1.0,&
{'D1'},{'D2'},{'D5'},{'R2'},{'R3'},,,,,,&,3.0,&
{'D1'},{'D2'},{'D5'},{'R2'},{'R3'},{'D7'},{'D3'},,,,&,1.0,&
{'D1'},{'D2'},{'D5'},{'R2'},{'R3'},{'D3'},,,,,&,1.0,&
{'D1'},{'D2'},{'D5'},{'R2'},{'R3'},{'D3'},{'D7'},,,,&,1.0,&
{'D1'},{'D2'},{'D5'},{'R2'},{'R3'},{'D3'},{'D6'},,,,&,1.0,&
{'D1'},{'D2'},{'D5'},{'R2'},{'R3'},{'D3'},{'D6'},{'R1'},{'D4'},{'D7'},&,1.0,&
{'D1'},{'D2'},{'D5'},{'R2'},{'R3'},{'R1'},{'D3'},,,,&,1.0,&
{'D1'},{'D2'},{'D5'},{'R2'},{'R3'},{'R1'},{'D3'},{'D7'},,,&,1.0,&
{'D1'},{'D2'},{'D5'},{'R2'},{'R3'},{'R1'},{'D3'},{'D7'},{'D6'},,&,1.0,&
{'D1'},{'D2'},{'D5'},{'D3'},,,,,,,&,6.0,&
{'D1'},{'D2'},{'D5'},{'D3'},{'D6'},,,,,,&,4.0,&
{'D1'},{'D2'},{'D5'},{'D3'},{'D6'},{'D7'},{'R3'},,,,&,1.0,&
{'D1'},{'D2'},{'D5'},{'D3'},{'D6'},{'D7'},{'R3'},{'D4'},{'R2'},{'R1'},&,1.0,&
{'D1'},{'D2'},{'D5'},{'D3'},{'D6'},{'D7'},{'R2'},,,,&,1.0,&
{'D1'},{'D2'},{'D5'},{'D3'},{'D6'},{'D7'},{'R2'},{'R3'},{'D4'},{'R1'},&,2.0,&
{'D1'},{'D2'},{'D5'},{'D3'},{'D6'},{'R2'},,,,,&,2.0,&
{'D1'},{'D2'},{'D5'},{'D3'},{'D6'},{'R2'},{'R3'},{'D7'},,,&,1.0,&
{'D1'},{'D2'},{'D5'},{'D3'},{'D6'},{'R2'},{'R1'},,,,&,1.0,&
{'D1'},{'D2'},{'D5'},{'D3'},{'D7'},,,,,,&,3.0,&
{'D1'},{'D2'},{'D5'},{'D3'},{'D7'},{'R2'},,,,,&,1.0,&
{'D1'},{'D2'},{'D5'},{'D3'},{'D7'},{'D6'},{'D4'},,,,&,1.0,&
{'D1'},{'D2'},{'D5'},{'D3'},{'D7'},{'D6'},{'D4'},{'R3'},{'R2'},{'R1'},&,1.0,&
{'D1'},{'D2'},{'D5'},{'D3'},{'D7'},{'R3'},{'D4'},{'D6'},,,&,1.0,&
{'D1'},{'D2'},{'D5'},{'D3'},{'D7'},{'R1'},{'R3'},{'D6'},{'R2'},,&,1.0,&
{'D1'},{'D2'},{'D5'},{'D3'},{'R1'},{'D7'},,,,,&,1.0,&
{'D1'},{'D2'},{'D5'},{'D3'},{'R3'},{'D7'},{'R2'},{'D6'},,,&,1.0,&
{'D1'},{'D2'},{'D5'},{'D3'},{'R3'},{'D7'},{'D6'},{'R2'},{'R1'},,&,1.0,&
{'D1'},{'D2'},{'D5'},{'D3'},{'R3'},{'R2'},,,,,&,2.0,&
{'D1'},{'D2'},{'D5'},{'D3'},{'R3'},{'R2'},{'R1'},,,,&,1.0,&
{'D1'},{'D2'},{'D5'},{'D3'},{'R3'},{'D6'},{'R2'},{'D7'},{'D4'},{'R1'},&,1.0,&
{'D1'},{'D2'},{'D5'},{'D3'},{'R3'},{'D6'},{'R2'},{'R1'},{'D7'},,&,1.0,&
{'D1'},{'D2'},{'D5'},{'D3'},{'R2'},,,,,,&,2.0,&
{'D1'},{'D2'},{'D5'},{'D3'},{'R2'},{'D7'},{'D6'},{'R3'},{'D4'},{'R1'},&,1.0,&
{'D1'},{'D2'},{'D5'},{'D3'},{'R2'},{'D6'},{'D4'},{'R3'},,,&,1.0,&
{'D1'},{'D2'},{'D5'},{'D3'},{'R2'},{'D6'},{'D4'},{'R3'},{'R1'},{'D7'},&,1.0,&
{'D1'},{'D2'},{'D5'},{'D3'},{'R2'},{'R3'},{'D7'},{'D4'},{'D6'},{'R1'},&,1.0,&
{'D1'},{'D2'},{'D5'},{'D3'},{'R2'},{'R3'},{'R1'},{'D6'},{'D7'},,&,1.0,&
{'D1'},{'D2'},{'D5'},{'D3'},{'R2'},{'R3'},{'D6'},{'D7'},{'R1'},{'D4'},&,1.0,&
{'D1'},{'D2'},{'D5'},{'D3'},{'R2'},{'R3'},{'D6'},{'R1'},{'D7'},,&,1.0,&
{'D1'},{'D2'},{'D5'},{'D3'},{'R2'},{'D4'},{'D6'},{'R3'},,,&,1.0,&
{'D1'},{'D2'},{'D5'},{'D7'},{'D6'},{'R2'},{'R3'},{'D3'},{'D4'},,&,1.0,&
{'D1'},{'D2'},{'D5'},{'D7'},{'D3'},{'D4'},{'D6'},{'R2'},,,&,1.0,&
{'D1'},{'D2'},{'D5'},{'D7'},{'R2'},{'R3'},{'R1'},{'D3'},,,&,1.0,&
{'D1'},{'D2'},{'D5'},{'D7'},{'R2'},{'D3'},{'R3'},{'D6'},{'D4'},,&,1.0,&
{'D1'},{'D2'},{'D5'},{'R1'},,,,,,,&,2.0,&
{'D1'},{'D2'},{'D5'},{'R1'},{'D3'},,,,,,&,2.0,&
{'D1'},{'D2'},{'D5'},{'R1'},{'D3'},{'D6'},{'R2'},{'R3'},{'D7'},,&,1.0,&
{'D1'},{'D2'},{'D5'},{'R1'},{'D3'},{'D4'},{'D6'},{'R2'},{'R3'},,&,1.0,&
{'D1'},{'D2'},{'D5'},{'R1'},{'R3'},{'D3'},,,,,&,1.0,&
{'D1'},{'D2'},{'D5'},{'R1'},{'R2'},{'D3'},,,,,&,1.0,&
{'D1'},{'D2'},{'D5'},{'R1'},{'R2'},{'D3'},{'D6'},,,,&,1.0,&
{'D1'},{'D2'},{'D5'},{'R1'},{'R2'},{'D3'},{'D6'},{'R3'},,,&,1.0,&
{'D1'},{'D2'},{'D5'},{'R3'},,,,,,,&,10.0,&
{'D1'},{'D2'},{'D5'},{'R3'},{'D3'},,,,,,&,1.0,&
{'D1'},{'D2'},{'D5'},{'R3'},{'D3'},{'D7'},{'D6'},{'D4'},{'R2'},{'R1'},&,1.0,&
{'D1'},{'D2'},{'D5'},{'R3'},{'D3'},{'D7'},{'D6'},{'R2'},,,&,1.0,&
{'D1'},{'D2'},{'D5'},{'R3'},{'D3'},{'R2'},,,,,&,2.0,&
{'D1'},{'D2'},{'D5'},{'R3'},{'D3'},{'R2'},{'R1'},,,,&,1.0,&
{'D1'},{'D2'},{'D5'},{'R3'},{'D3'},{'D6'},{'D7'},,,,&,1.0,&
{'D1'},{'D2'},{'D5'},{'R3'},{'D3'},{'D6'},{'D7'},{'D4'},{'R2'},{'R1'},&,1.0,&
{'D1'},{'D2'},{'D5'},{'R3'},{'R1'},{'D3'},{'R2'},,,,&,1.0,&
{'D1'},{'D2'},{'D5'},{'R3'},{'R1'},{'D3'},{'D4'},{'R2'},{'D7'},{'D6'},&,1.0,&
{'D1'},{'D2'},{'D5'},{'R3'},{'R2'},,,,,,&,3.0,&
{'D1'},{'D2'},{'D5'},{'R3'},{'R2'},{'D6'},{'D7'},{'D3'},{'D4'},,&,1.0,&
{'D1'},{'D2'},{'D5'},{'R3'},{'R2'},{'R1'},,,,,&,2.0,&
{'D1'},{'D2'},{'D5'},{'R3'},{'R2'},{'R1'},{'D7'},{'D6'},,,&,1.0,&
{'D1'},{'D2'},{'D5'},{'R3'},{'R2'},{'R1'},{'D4'},{'D6'},{'D3'},,&,1.0,&
{'D1'},{'D2'},{'D5'},{'R3'},{'R2'},{'R1'},{'D3'},,,,&,1.0,&
{'D1'},{'D2'},{'D5'},{'R3'},{'R2'},{'R1'},{'D3'},{'D6'},,,&,1.0,&
{'D1'},{'D2'},{'D5'},{'R3'},{'D4'},{'R2'},{'D3'},{'R1'},,,&,1.0,&
{'D1'},{'D2'},{'D5'},{'D6'},,,,,,,&,2.0,&
{'D1'},{'D2'},{'D5'},{'D6'},{'D3'},,,,,,&,1.0,&
{'D1'},{'D2'},{'D5'},{'D6'},{'D3'},{'R2'},{'R3'},,,,&,1.0,&
{'D1'},{'D2'},{'D5'},{'D6'},{'D3'},{'R2'},{'D4'},{'R3'},{'D7'},{'R1'},&,1.0,&
{'D1'},{'D2'},{'D5'},{'D6'},{'D3'},{'R3'},{'R2'},{'R1'},{'D7'},,&,1.0,&
{'D1'},{'D2'},{'D5'},{'D6'},{'R3'},,,,,,&,1.0,&
{'D1'},{'D2'},{'D5'},{'D6'},{'R3'},{'D3'},{'D7'},{'R2'},{'D4'},,&,1.0,&
{'D1'},{'D2'},{'D5'},{'D6'},{'R2'},{'D3'},{'R3'},{'D4'},,,&,1.0,&
{'D1'},{'D2'},{'D7'},,,,,,,,&,30.0,&
{'D1'},{'D2'},{'D7'},{'R2'},,,,,,,&,7.0,&
{'D1'},{'D2'},{'D7'},{'R2'},{'D6'},{'D3'},{'D4'},,,,&,1.0,&
{'D1'},{'D2'},{'D7'},{'R2'},{'D3'},,,,,,&,3.0,&
{'D1'},{'D2'},{'D7'},{'R2'},{'D3'},{'D5'},,,,,&,2.0,&
{'D1'},{'D2'},{'D7'},{'R2'},{'D3'},{'D5'},{'R3'},{'D6'},{'D4'},{'R1'},&,1.0,&
{'D1'},{'D2'},{'D7'},{'R2'},{'D3'},{'D5'},{'D6'},{'R3'},{'R1'},,&,1.0,&
{'D1'},{'D2'},{'D7'},{'R2'},{'D3'},{'D6'},,,,,&,1.0,&
{'D1'},{'D2'},{'D7'},{'R2'},{'D3'},{'D6'},{'D5'},{'R3'},{'R1'},{'D4'},&,1.0,&
{'D1'},{'D2'},{'D7'},{'R2'},{'D3'},{'R3'},,,,,&,1.0,&
{'D1'},{'D2'},{'D7'},{'R2'},{'D3'},{'R3'},{'D5'},{'D6'},{'R1'},{'D4'},&,1.0,&
{'D1'},{'D2'},{'D7'},{'R2'},{'D3'},{'R3'},{'R1'},{'D5'},{'D4'},{'D6'},&,1.0,&
{'D1'},{'D2'},{'D7'},{'R2'},{'D3'},{'R1'},{'D6'},,,,&,1.0,&
{'D1'},{'D2'},{'D7'},{'R2'},{'D3'},{'R1'},{'D6'},{'D5'},{'D4'},,&,1.0,&
{'D1'},{'D2'},{'D7'},{'R2'},{'R1'},,,,,,&,1.0,&
{'D1'},{'D2'},{'D7'},{'R2'},{'R1'},{'D3'},{'D6'},{'D5'},{'D4'},,&,1.0,&
{'D1'},{'D2'},{'D7'},{'R2'},{'R3'},,,,,,&,1.0,&
{'D1'},{'D2'},{'D7'},{'R2'},{'R3'},{'D5'},{'R1'},,,,&,1.0,&
{'D1'},{'D2'},{'D7'},{'R2'},{'R3'},{'D3'},,,,,&,2.0,&
{'D1'},{'D2'},{'D7'},{'R2'},{'R3'},{'D3'},{'R1'},{'D5'},{'D6'},{'D4'},&,1.0,&
{'D1'},{'D2'},{'D7'},{'R2'},{'R3'},{'R1'},{'D6'},,,,&,1.0,&
{'D1'},{'D2'},{'D7'},{'D5'},,,,,,,&,4.0,&
{'D1'},{'D2'},{'D7'},{'D5'},{'D3'},,,,,,&,2.0,&
{'D1'},{'D2'},{'D7'},{'D5'},{'R3'},{'D6'},{'D3'},{'D4'},,,&,1.0,&
{'D1'},{'D2'},{'D7'},{'D5'},{'R2'},,,,,,&,1.0,&
{'D1'},{'D2'},{'D7'},{'D5'},{'R2'},{'D3'},,,,,&,1.0,&
{'D1'},{'D2'},{'D7'},{'D5'},{'D4'},{'D3'},,,,,&,1.0,&
{'D1'},{'D2'},{'D7'},{'D3'},,,,,,,&,8.0,&
{'D1'},{'D2'},{'D7'},{'D3'},{'D6'},,,,,,&,2.0,&
{'D1'},{'D2'},{'D7'},{'D3'},{'D6'},{'D5'},{'D4'},{'R2'},{'R3'},{'R1'},&,1.0,&
{'D1'},{'D2'},{'D7'},{'D3'},{'D6'},{'R2'},,,,,&,1.0,&
{'D1'},{'D2'},{'D7'},{'D3'},{'D6'},{'R2'},{'D5'},{'R3'},{'R1'},,&,1.0,&
{'D1'},{'D2'},{'D7'},{'D3'},{'R1'},{'D5'},{'D6'},,,,&,1.0,&
{'D1'},{'D2'},{'D7'},{'D3'},{'R1'},{'D6'},{'D5'},{'R3'},{'D4'},,&,1.0,&
{'D1'},{'D2'},{'D7'},{'D3'},{'D5'},,,,,,&,1.0,&
{'D1'},{'D2'},{'D7'},{'D3'},{'D5'},{'R2'},,,,,&,1.0,&
{'D1'},{'D2'},{'D7'},{'D3'},{'D5'},{'D6'},{'D4'},{'R2'},{'R3'},{'R1'},&,1.0,&
{'D1'},{'D2'},{'D7'},{'D3'},{'D5'},{'R3'},{'R2'},{'D4'},,,&,1.0,&
{'D1'},{'D2'},{'D7'},{'D3'},{'R3'},,,,,,&,1.0,&
{'D1'},{'D2'},{'D7'},{'D3'},{'R3'},{'D5'},{'R1'},{'D6'},{'R2'},{'D4'},&,1.0,&
{'D1'},{'D2'},{'D7'},{'D3'},{'R3'},{'D5'},{'D6'},{'D4'},{'R2'},,&,1.0,&
{'D1'},{'D2'},{'D7'},{'D3'},{'R3'},{'D5'},{'D6'},{'R2'},{'D4'},,&,1.0,&
{'D1'},{'D2'},{'D7'},{'D3'},{'R3'},{'D5'},{'D4'},{'D6'},{'R2'},,&,1.0,&
{'D1'},{'D2'},{'D7'},{'D3'},{'R3'},{'R2'},{'R1'},{'D6'},,,&,1.0,&
{'D1'},{'D2'},{'D7'},{'D3'},{'R3'},{'R2'},{'D6'},{'D5'},{'R1'},{'D4'},&,1.0,&
{'D1'},{'D2'},{'D7'},{'D3'},{'R3'},{'D6'},{'D5'},{'D4'},,,&,1.0,&
{'D1'},{'D2'},{'D7'},{'D3'},{'R3'},{'D4'},,,,,&,1.0,&
{'D1'},{'D2'},{'D7'},{'D3'},{'R2'},,,,,,&,1.0,&
{'D1'},{'D2'},{'D7'},{'D3'},{'R2'},{'D5'},{'D6'},{'D4'},{'R1'},{'R3'},&,1.0,&
{'D1'},{'D2'},{'D7'},{'D3'},{'R2'},{'R3'},{'D5'},{'R1'},,,&,1.0,&
{'D1'},{'D2'},{'D7'},{'D3'},{'D4'},,,,,,&,1.0,&
{'D1'},{'D2'},{'D7'},{'D3'},{'D4'},{'D6'},{'R2'},{'R3'},,,&,1.0,&
{'D1'},{'D2'},{'D7'},{'D4'},{'D6'},,,,,,&,1.0,&
{'D1'},{'D2'},{'D7'},{'R1'},,,,,,,&,3.0,&
{'D1'},{'D2'},{'D7'},{'R1'},{'D6'},{'D3'},,,,,&,1.0,&
{'D1'},{'D2'},{'D7'},{'R1'},{'D3'},{'R2'},{'D6'},{'D4'},{'R3'},{'D5'},&,1.0,&
{'D1'},{'D2'},{'D7'},{'R1'},{'D3'},{'D6'},{'D4'},,,,&,1.0,&
{'D1'},{'D2'},{'D7'},{'R1'},{'D3'},{'D4'},{'D5'},,,,&,1.0,&
{'D1'},{'D2'},{'D7'},{'R1'},{'R3'},,,,,,&,1.0,&
{'D1'},{'D2'},{'D7'},{'R1'},{'R2'},{'R3'},{'D3'},{'D6'},,,&,1.0,&
{'D1'},{'D2'},{'D7'},{'R1'},{'R2'},{'D3'},{'D6'},{'D4'},{'D5'},{'R3'},&,1.0,&
{'D1'},{'D2'},{'D7'},{'R3'},,,,,,,&,2.0,&
{'D1'},{'D2'},{'D7'},{'R3'},{'D3'},{'R2'},{'D5'},,,,&,1.0,&
{'D1'},{'D2'},{'D7'},{'R3'},{'D3'},{'R2'},{'R1'},,,,&,1.0,&
{'D1'},{'D2'},{'D7'},{'R3'},{'D3'},{'R2'},{'R1'},{'D5'},,,&,1.0,&
{'D1'},{'D2'},{'D7'},{'R3'},{'D3'},{'R2'},{'D6'},,,,&,1.0,&
{'D1'},{'D2'},{'D7'},{'R3'},{'D3'},{'D6'},,,,,&,1.0,&
{'D1'},{'D2'},{'D7'},{'R3'},{'D3'},{'D6'},{'D5'},{'R2'},{'D4'},,&,1.0,&
{'D1'},{'D2'},{'D7'},{'R3'},{'D3'},{'D6'},{'R2'},{'D4'},{'D5'},{'R1'},&,1.0,&
{'D1'},{'D2'},{'D7'},{'R3'},{'D3'},{'D6'},{'R2'},{'R1'},{'D5'},,&,1.0,&
{'D1'},{'D2'},{'D7'},{'R3'},{'R2'},,,,,,&,1.0,&
{'D1'},{'D2'},{'D7'},{'R3'},{'R2'},{'D5'},{'R1'},,,,&,1.0,&
{'D1'},{'D2'},{'D7'},{'R3'},{'R2'},{'D5'},{'D3'},{'R1'},{'D6'},,&,1.0,&
{'D1'},{'D2'},{'D7'},{'R3'},{'R2'},{'R1'},{'D6'},{'D3'},,,&,1.0,&
{'D1'},{'D2'},{'D7'},{'R3'},{'R2'},{'R1'},{'D3'},,,,&,2.0,&
{'D1'},{'D2'},{'D7'},{'R3'},{'D4'},{'D3'},{'D6'},{'R2'},{'D5'},,&,1.0,&
{'D1'},{'D2'},{'D7'},{'D6'},,,,,,,&,1.0,&
{'D1'},{'D2'},{'D7'},{'D6'},{'D3'},{'R2'},{'D5'},{'D4'},,,&,1.0,&
{'D1'},{'D2'},{'D7'},{'D6'},{'D3'},{'D4'},{'D5'},{'R2'},,,&,1.0,&
{'D1'},{'D2'},{'D7'},{'D6'},{'R1'},{'R3'},{'D3'},{'D5'},{'D4'},{'R2'},&,1.0,&
{'D1'},{'D2'},{'D7'},{'D6'},{'D5'},,,,,,&,1.0,&
{'D1'},{'D2'},{'D7'},{'D6'},{'R3'},{'R2'},,,,,&,1.0,&
{'D1'},{'D2'},{'D7'},{'D6'},{'R3'},{'D3'},{'D5'},{'R1'},{'D4'},{'R2'},&,1.0,&
{'D1'},{'D2'},{'D7'},{'D6'},{'R2'},{'D5'},,,,,&,1.0,&
{'D1'},{'D2'},{'R3'},,,,,,,,&,79.0,&
{'D1'},{'D2'},{'R3'},{'R2'},,,,,,,&,19.0,&
{'D1'},{'D2'},{'R3'},{'R2'},{'D6'},,,,,,&,1.0,&
{'D1'},{'D2'},{'R3'},{'R2'},{'D6'},{'D7'},,,,,&,1.0,&
{'D1'},{'D2'},{'R3'},{'R2'},{'D6'},{'D3'},,,,,&,1.0,&
{'D1'},{'D2'},{'R3'},{'R2'},{'D6'},{'D3'},{'D5'},,,,&,1.0,&
{'D1'},{'D2'},{'R3'},{'R2'},{'D6'},{'D3'},{'R1'},,,,&,1.0,&
{'D1'},{'D2'},{'R3'},{'R2'},{'D6'},{'R1'},,,,,&,1.0,&
{'D1'},{'D2'},{'R3'},{'R2'},{'D7'},{'D3'},{'R1'},{'D6'},,,&,1.0,&
{'D1'},{'D2'},{'R3'},{'R2'},{'D7'},{'R1'},,,,,&,1.0,&
{'D1'},{'D2'},{'R3'},{'R2'},{'D7'},{'R1'},{'D3'},{'D5'},{'D4'},,&,1.0,&
{'D1'},{'D2'},{'R3'},{'R2'},{'D3'},,,,,,&,11.0,&
{'D1'},{'D2'},{'R3'},{'R2'},{'D3'},{'D5'},{'R1'},{'D6'},,,&,2.0,&
{'D1'},{'D2'},{'R3'},{'R2'},{'D3'},{'D5'},{'D6'},{'D7'},{'D4'},,&,1.0,&
{'D1'},{'D2'},{'R3'},{'R2'},{'D3'},{'D6'},,,,,&,1.0,&
{'D1'},{'D2'},{'R3'},{'R2'},{'D3'},{'D6'},{'D5'},,,,&,2.0,&
{'D1'},{'D2'},{'R3'},{'R2'},{'D3'},{'D6'},{'D5'},{'R1'},{'D7'},,&,1.0,&
{'D1'},{'D2'},{'R3'},{'R2'},{'D3'},{'R1'},,,,,&,6.0,&
{'D1'},{'D2'},{'R3'},{'R2'},{'D3'},{'R1'},{'D7'},{'D5'},{'D6'},{'D4'},&,1.0,&
{'D1'},{'D2'},{'R3'},{'R2'},{'D3'},{'R1'},{'D5'},,,,&,1.0,&
{'D1'},{'D2'},{'R3'},{'R2'},{'D3'},{'R1'},{'D5'},{'D6'},{'D4'},{'D7'},&,1.0,&
{'D1'},{'D2'},{'R3'},{'R2'},{'D3'},{'R1'},{'D5'},{'D7'},{'D6'},{'D4'},&,1.0,&
{'D1'},{'D2'},{'R3'},{'R2'},{'D3'},{'R1'},{'D6'},,,,&,1.0,&
{'D1'},{'D2'},{'R3'},{'R2'},{'D3'},{'R1'},{'D6'},{'D7'},{'D5'},{'D4'},&,1.0,&
{'D1'},{'D2'},{'R3'},{'R2'},{'D3'},{'R1'},{'D6'},{'D5'},{'D4'},{'D7'},&,1.0,&
{'D1'},{'D2'},{'R3'},{'R2'},{'D3'},{'R1'},{'D4'},{'D7'},,,&,1.0,&
{'D1'},{'D2'},{'R3'},{'R2'},{'D3'},{'R1'},{'D4'},{'D5'},{'D6'},,&,1.0,&
{'D1'},{'D2'},{'R3'},{'R2'},{'D3'},{'D4'},{'R1'},{'D7'},{'D6'},{'D5'},&,1.0,&
{'D1'},{'D2'},{'R3'},{'R2'},{'R1'},,,,,,&,12.0,&
{'D1'},{'D2'},{'R3'},{'R2'},{'R1'},{'D7'},,,,,&,1.0,&
{'D1'},{'D2'},{'R3'},{'R2'},{'R1'},{'D5'},,,,,&,1.0,&
{'D1'},{'D2'},{'R3'},{'R2'},{'R1'},{'D5'},{'D7'},{'D3'},{'D6'},,&,1.0,&
{'D1'},{'D2'},{'R3'},{'R2'},{'R1'},{'D5'},{'D3'},{'D7'},{'D6'},{'D4'},&,1.0,&
{'D1'},{'D2'},{'R3'},{'R2'},{'R1'},{'D6'},,,,,&,1.0,&
{'D1'},{'D2'},{'R3'},{'R2'},{'R1'},{'D6'},{'D3'},,,,&,1.0,&
{'D1'},{'D2'},{'R3'},{'R2'},{'R1'},{'D3'},,,,,&,7.0,&
{'D1'},{'D2'},{'R3'},{'R2'},{'R1'},{'D3'},{'D7'},,,,&,1.0,&
{'D1'},{'D2'},{'R3'},{'R2'},{'R1'},{'D3'},{'D7'},{'D6'},{'D5'},,&,1.0,&
{'D1'},{'D2'},{'R3'},{'R2'},{'R1'},{'D3'},{'D7'},{'D4'},{'D5'},,&,1.0,&
{'D1'},{'D2'},{'R3'},{'R2'},{'R1'},{'D3'},{'D5'},,,,&,1.0,&
{'D1'},{'D2'},{'R3'},{'R2'},{'R1'},{'D3'},{'D5'},{'D6'},,,&,1.0,&
{'D1'},{'D2'},{'R3'},{'R2'},{'R1'},{'D3'},{'D5'},{'D7'},{'D6'},,&,1.0,&
{'D1'},{'D2'},{'R3'},{'R2'},{'R1'},{'D3'},{'D5'},{'D7'},{'D6'},{'D4'},&,1.0,&
{'D1'},{'D2'},{'R3'},{'R2'},{'R1'},{'D3'},{'D6'},,,,&,2.0,&
{'D1'},{'D2'},{'R3'},{'R2'},{'R1'},{'D3'},{'D6'},{'D4'},,,&,1.0,&
{'D1'},{'D2'},{'R3'},{'R2'},{'R1'},{'D3'},{'D6'},{'D5'},,,&,1.0,&
{'D1'},{'D2'},{'R3'},{'R2'},{'R1'},{'D3'},{'D4'},{'D6'},,,&,1.0,&
{'D1'},{'D2'},{'R3'},{'R2'},{'R1'},{'D3'},{'D4'},{'D5'},,,&,1.0,&
{'D1'},{'D2'},{'R3'},{'R2'},{'R1'},{'D4'},{'D3'},,,,&,2.0,&
{'D1'},{'D2'},{'R3'},{'R2'},{'D5'},,,,,,&,2.0,&
{'D1'},{'D2'},{'R3'},{'R2'},{'D5'},{'D6'},,,,,&,1.0,&
{'D1'},{'D2'},{'R3'},{'R2'},{'D5'},{'D3'},{'D6'},{'D7'},{'R1'},,&,1.0,&
{'D1'},{'D2'},{'R3'},{'R2'},{'D5'},{'R1'},{'D3'},{'D7'},,,&,1.0,&
{'D1'},{'D2'},{'R3'},{'R2'},{'D4'},{'D6'},{'R1'},{'D3'},{'D7'},{'D5'},&,1.0,&
{'D1'},{'D2'},{'R3'},{'R2'},{'D4'},{'D3'},{'R1'},{'D6'},,,&,1.0,&
{'D1'},{'D2'},{'R3'},{'R2'},{'D4'},{'R1'},{'D3'},{'D5'},{'D7'},,&,1.0,&
{'D1'},{'D2'},{'R3'},{'D5'},,,,,,,&,9.0,&
{'D1'},{'D2'},{'R3'},{'D5'},{'D6'},,,,,,&,1.0,&
{'D1'},{'D2'},{'R3'},{'D5'},{'D6'},{'D3'},{'D7'},{'D4'},{'R2'},,&,1.0,&
{'D1'},{'D2'},{'R3'},{'D5'},{'D7'},{'D3'},{'R2'},{'D6'},,,&,1.0,&
{'D1'},{'D2'},{'R3'},{'D5'},{'D7'},{'D3'},{'R1'},{'R2'},{'D6'},{'D4'},&,1.0,&
{'D1'},{'D2'},{'R3'},{'D5'},{'D7'},{'D3'},{'D6'},{'R2'},{'D4'},,&,1.0,&
{'D1'},{'D2'},{'R3'},{'D5'},{'D3'},{'R2'},{'R1'},,,,&,1.0,&
{'D1'},{'D2'},{'R3'},{'D5'},{'D3'},{'R2'},{'D6'},,,,&,1.0,&
{'D1'},{'D2'},{'R3'},{'D5'},{'D3'},{'R2'},{'D6'},{'R1'},,,&,1.0,&
{'D1'},{'D2'},{'R3'},{'D5'},{'D3'},{'D6'},,,,,&,2.0,&
{'D1'},{'D2'},{'R3'},{'D5'},{'D3'},{'D6'},{'D7'},{'D4'},,,&,1.0,&
{'D1'},{'D2'},{'R3'},{'D5'},{'D3'},{'D6'},{'D7'},{'D4'},{'R2'},{'R1'},&,1.0,&
{'D1'},{'D2'},{'R3'},{'D5'},{'D3'},{'R1'},{'R2'},{'D6'},,,&,1.0,&
{'D1'},{'D2'},{'R3'},{'D5'},{'R2'},,,,,,&,1.0,&
{'D1'},{'D2'},{'R3'},{'D5'},{'R2'},{'D7'},{'R1'},{'D3'},{'D6'},,&,1.0,&
{'D1'},{'D2'},{'R3'},{'D5'},{'R2'},{'D7'},{'D3'},{'R1'},{'D6'},,&,1.0,&
{'D1'},{'D2'},{'R3'},{'D5'},{'R2'},{'D3'},{'D6'},{'D7'},{'D4'},,&,1.0,&
{'D1'},{'D2'},{'R3'},{'D5'},{'R2'},{'D3'},{'D4'},{'R1'},{'D7'},,&,1.0,&
{'D1'},{'D2'},{'R3'},{'D5'},{'R2'},{'R1'},,,,,&,2.0,&
{'D1'},{'D2'},{'R3'},{'D5'},{'R2'},{'R1'},{'D7'},{'D6'},,,&,1.0,&
{'D1'},{'D2'},{'R3'},{'D5'},{'R2'},{'R1'},{'D6'},{'D3'},{'D7'},{'D4'},&,1.0,&
{'D1'},{'D2'},{'R3'},{'D5'},{'D4'},,,,,,&,1.0,&
{'D1'},{'D2'},{'R3'},{'D5'},{'D4'},{'R1'},,,,,&,1.0,&
{'D1'},{'D2'},{'R3'},{'D3'},,,,,,,&,23.0,&
{'D1'},{'D2'},{'R3'},{'D3'},{'D6'},,,,,,&,5.0,&
{'D1'},{'D2'},{'R3'},{'D3'},{'D6'},{'D7'},,,,,&,1.0,&
{'D1'},{'D2'},{'R3'},{'D3'},{'D6'},{'D7'},{'D5'},,,,&,1.0,&
{'D1'},{'D2'},{'R3'},{'D3'},{'D6'},{'D7'},{'R2'},{'D4'},{'R1'},{'D5'},&,1.0,&
{'D1'},{'D2'},{'R3'},{'D3'},{'D6'},{'D7'},{'R2'},{'D5'},{'D4'},,&,1.0,&
{'D1'},{'D2'},{'R3'},{'D3'},{'D6'},{'D5'},,,,,&,3.0,&
{'D1'},{'D2'},{'R3'},{'D3'},{'D6'},{'D5'},{'D7'},,,,&,1.0,&
{'D1'},{'D2'},{'R3'},{'D3'},{'D6'},{'D5'},{'D7'},{'R2'},{'R1'},,&,1.0,&
{'D1'},{'D2'},{'R3'},{'D3'},{'D6'},{'D5'},{'R2'},{'D7'},{'R1'},,&,1.0,&
{'D1'},{'D2'},{'R3'},{'D3'},{'D6'},{'R2'},,,,,&,1.0,&
{'D1'},{'D2'},{'R3'},{'D3'},{'D6'},{'R2'},{'D7'},{'D4'},{'D5'},{'R1'},&,1.0,&
{'D1'},{'D2'},{'R3'},{'D3'},{'D6'},{'R2'},{'D7'},{'R1'},{'D5'},,&,1.0,&
{'D1'},{'D2'},{'R3'},{'D3'},{'D6'},{'R2'},{'R1'},,,,&,1.0,&
{'D1'},{'D2'},{'R3'},{'D3'},{'D6'},{'R1'},{'D5'},{'D7'},{'D4'},{'R2'},&,1.0,&
{'D1'},{'D2'},{'R3'},{'D3'},{'D6'},{'R1'},{'R2'},{'D7'},{'D5'},{'D4'},&,1.0,&
{'D1'},{'D2'},{'R3'},{'D3'},{'D6'},{'D4'},,,,,&,2.0,&
{'D1'},{'D2'},{'R3'},{'D3'},{'D6'},{'D4'},{'R2'},{'R1'},{'D5'},{'D7'},&,1.0,&
{'D1'},{'D2'},{'R3'},{'D3'},{'D7'},{'D5'},,,,,&,2.0,&
{'D1'},{'D2'},{'R3'},{'D3'},{'D7'},{'D5'},{'D6'},,,,&,1.0,&
{'D1'},{'D2'},{'R3'},{'D3'},{'D7'},{'R2'},,,,,&,2.0,&
{'D1'},{'D2'},{'R3'},{'D3'},{'D7'},{'R2'},{'D5'},,,,&,1.0,&
{'D1'},{'D2'},{'R3'},{'D3'},{'D7'},{'R2'},{'D4'},{'D6'},{'R1'},,&,1.0,&
{'D1'},{'D2'},{'R3'},{'D3'},{'D7'},{'R2'},{'D4'},{'D6'},{'R1'},{'D5'},&,1.0,&
{'D1'},{'D2'},{'R3'},{'D3'},{'D7'},{'D6'},,,,,&,1.0,&
{'D1'},{'D2'},{'R3'},{'D3'},{'D7'},{'D6'},{'D5'},{'D4'},{'R2'},,&,1.0,&
{'D1'},{'D2'},{'R3'},{'D3'},{'D7'},{'D6'},{'D5'},{'R2'},,,&,1.0,&
{'D1'},{'D2'},{'R3'},{'D3'},{'D7'},{'D6'},{'R2'},{'D4'},{'R1'},,&,1.0,&
{'D1'},{'D2'},{'R3'},{'D3'},{'R1'},,,,,,&,3.0,&
{'D1'},{'D2'},{'R3'},{'D3'},{'R1'},{'D7'},,,,,&,1.0,&
{'D1'},{'D2'},{'R3'},{'D3'},{'R1'},{'D5'},{'R2'},{'D4'},{'D7'},{'D6'},&,1.0,&
{'D1'},{'D2'},{'R3'},{'D3'},{'R1'},{'R2'},,,,,&,1.0,&
{'D1'},{'D2'},{'R3'},{'D3'},{'R1'},{'R2'},{'D6'},,,,&,1.0,&
{'D1'},{'D2'},{'R3'},{'D3'},{'R1'},{'D6'},,,,,&,1.0,&
{'D1'},{'D2'},{'R3'},{'D3'},{'R1'},{'D6'},{'D7'},,,,&,1.0,&
{'D1'},{'D2'},{'R3'},{'D3'},{'D5'},,,,,,&,6.0,&
{'D1'},{'D2'},{'R3'},{'D3'},{'D5'},{'D7'},,,,,&,1.0,&
{'D1'},{'D2'},{'R3'},{'D3'},{'D5'},{'D7'},{'R2'},{'D6'},,,&,1.0,&
{'D1'},{'D2'},{'R3'},{'D3'},{'D5'},{'D7'},{'R2'},{'R1'},{'D6'},,&,1.0,&
{'D1'},{'D2'},{'R3'},{'D3'},{'D5'},{'D7'},{'D6'},{'D4'},{'R2'},,&,1.0,&
{'D1'},{'D2'},{'R3'},{'D3'},{'D5'},{'D7'},{'D6'},{'R2'},,,&,1.0,&
{'D1'},{'D2'},{'R3'},{'D3'},{'D5'},{'R2'},,,,,&,2.0,&
{'D1'},{'D2'},{'R3'},{'D3'},{'D5'},{'R2'},{'D7'},{'D6'},,,&,1.0,&
{'D1'},{'D2'},{'R3'},{'D3'},{'D5'},{'R2'},{'R1'},{'D6'},,,&,3.0,&
{'D1'},{'D2'},{'R3'},{'D3'},{'D5'},{'R2'},{'R1'},{'D6'},{'D7'},,&,1.0,&
{'D1'},{'D2'},{'R3'},{'D3'},{'D5'},{'D6'},,,,,&,5.0,&
{'D1'},{'D2'},{'R3'},{'D3'},{'D5'},{'D6'},{'R2'},,,,&,2.0,&
{'D1'},{'D2'},{'R3'},{'D3'},{'D5'},{'D6'},{'R2'},{'D7'},{'R1'},{'D4'},&,1.0,&
{'D1'},{'D2'},{'R3'},{'D3'},{'D5'},{'D6'},{'D4'},{'R2'},,,&,1.0,&
{'D1'},{'D2'},{'R3'},{'D3'},{'D5'},{'D6'},{'D4'},{'D7'},,,&,1.0,&
{'D1'},{'D2'},{'R3'},{'D3'},{'D5'},{'D4'},,,,,&,1.0,&
{'D1'},{'D2'},{'R3'},{'D3'},{'D5'},{'D4'},{'R2'},{'R1'},{'D6'},,&,1.0,&
{'D1'},{'D2'},{'R3'},{'D3'},{'R2'},,,,,,&,10.0,&
{'D1'},{'D2'},{'R3'},{'D3'},{'R2'},{'D7'},,,,,&,1.0,&
{'D1'},{'D2'},{'R3'},{'D3'},{'R2'},{'D7'},{'D5'},{'D6'},{'R1'},{'D4'},&,1.0,&
{'D1'},{'D2'},{'R3'},{'D3'},{'R2'},{'D7'},{'R1'},,,,&,1.0,&
{'D1'},{'D2'},{'R3'},{'D3'},{'R2'},{'D7'},{'R1'},{'D6'},,,&,1.0,&
{'D1'},{'D2'},{'R3'},{'D3'},{'R2'},{'D7'},{'D6'},{'R1'},{'D5'},,&,1.0,&
{'D1'},{'D2'},{'R3'},{'D3'},{'R2'},{'D5'},,,,,&,4.0,&
{'D1'},{'D2'},{'R3'},{'D3'},{'R2'},{'D5'},{'D7'},{'D6'},,,&,1.0,&
{'D1'},{'D2'},{'R3'},{'D3'},{'R2'},{'D5'},{'R1'},,,,&,1.0,&
{'D1'},{'D2'},{'R3'},{'D3'},{'R2'},{'D5'},{'R1'},{'D6'},,,&,1.0,&
{'D1'},{'D2'},{'R3'},{'D3'},{'R2'},{'D6'},{'D7'},{'D5'},,,&,1.0,&
{'D1'},{'D2'},{'R3'},{'D3'},{'R2'},{'D6'},{'D5'},,,,&,1.0,&
{'D1'},{'D2'},{'R3'},{'D3'},{'R2'},{'D6'},{'D5'},{'D4'},{'D7'},,&,1.0,&
{'D1'},{'D2'},{'R3'},{'D3'},{'R2'},{'D6'},{'R1'},,,,&,1.0,&
{'D1'},{'D2'},{'R3'},{'D3'},{'R2'},{'D6'},{'R1'},{'D5'},{'D7'},,&,1.0,&
{'D1'},{'D2'},{'R3'},{'D3'},{'R2'},{'D6'},{'D4'},,,,&,1.0,&
{'D1'},{'D2'},{'R3'},{'D3'},{'R2'},{'D6'},{'D4'},{'R1'},,,&,1.0,&
{'D1'},{'D2'},{'R3'},{'D3'},{'R2'},{'R1'},,,,,&,1.0,&
{'D1'},{'D2'},{'R3'},{'D3'},{'R2'},{'R1'},{'D7'},{'D6'},,,&,1.0,&
{'D1'},{'D2'},{'R3'},{'D3'},{'R2'},{'R1'},{'D6'},,,,&,1.0,&
{'D1'},{'D2'},{'R3'},{'D3'},{'R2'},{'R1'},{'D6'},{'D5'},{'D7'},,&,1.0,&
{'D1'},{'D2'},{'R3'},{'D3'},{'R2'},{'R1'},{'D6'},{'D5'},{'D7'},{'D4'},&,1.0,&
{'D1'},{'D2'},{'R3'},{'D3'},{'R2'},{'D4'},,,,,&,2.0,&
{'D1'},{'D2'},{'R3'},{'D3'},{'D4'},,,,,,&,1.0,&
{'D1'},{'D2'},{'R3'},{'D3'},{'D4'},{'D5'},{'R2'},,,,&,1.0,&
{'D1'},{'D2'},{'R3'},{'D3'},{'D4'},{'R2'},{'D7'},{'D5'},{'D6'},{'R1'},&,1.0,&
{'D1'},{'D2'},{'R3'},{'D3'},{'D4'},{'R2'},{'R1'},{'D6'},,,&,1.0,&
{'D1'},{'D2'},{'R3'},{'D3'},{'D4'},{'R2'},{'D6'},{'D7'},,,&,1.0,&
{'D1'},{'D2'},{'R3'},{'D4'},,,,,,,&,3.0,&
{'D1'},{'D2'},{'R3'},{'D4'},{'D3'},,,,,,&,1.0,&
{'D1'},{'D2'},{'R3'},{'D4'},{'D5'},{'D3'},,,,,&,1.0,&
{'D1'},{'D2'},{'R3'},{'D4'},{'R2'},,,,,,&,1.0,&
{'D1'},{'D2'},{'R3'},{'D4'},{'R2'},{'D5'},{'R1'},{'D3'},,,&,1.0,&
{'D1'},{'D2'},{'R3'},{'D7'},,,,,,,&,5.0,&
{'D1'},{'D2'},{'R3'},{'D7'},{'D6'},{'D3'},{'R1'},{'R2'},{'D4'},,&,1.0,&
{'D1'},{'D2'},{'R3'},{'D7'},{'D3'},{'D5'},,,,,&,1.0,&
{'D1'},{'D2'},{'R3'},{'D7'},{'D3'},{'D5'},{'D4'},{'R2'},{'D6'},{'R1'},&,1.0,&
{'D1'},{'D2'},{'R3'},{'D7'},{'D3'},{'R2'},,,,,&,1.0,&
{'D1'},{'D2'},{'R3'},{'D7'},{'D3'},{'D6'},{'D4'},,,,&,1.0,&
{'D1'},{'D2'},{'R3'},{'D7'},{'D3'},{'R1'},,,,,&,1.0,&
{'D1'},{'D2'},{'R3'},{'D7'},{'R1'},,,,,,&,1.0,&
{'D1'},{'D2'},{'R3'},{'D7'},{'R1'},{'R2'},,,,,&,1.0,&
{'D1'},{'D2'},{'R3'},{'D7'},{'R1'},{'R2'},{'D3'},{'D6'},{'D5'},,&,1.0,&
{'D1'},{'D2'},{'R3'},{'D7'},{'R1'},{'D3'},{'R2'},{'D6'},{'D5'},{'D4'},&,1.0,&
{'D1'},{'D2'},{'R3'},{'D7'},{'D5'},,,,,,&,1.0,&
{'D1'},{'D2'},{'R3'},{'D7'},{'D5'},{'D3'},{'D6'},{'R2'},,,&,1.0,&
{'D1'},{'D2'},{'R3'},{'D7'},{'R2'},{'D6'},{'R1'},{'D4'},{'D3'},,&,1.0,&
{'D1'},{'D2'},{'R3'},{'D7'},{'R2'},{'D3'},{'D5'},,,,&,1.0,&
{'D1'},{'D2'},{'R3'},{'D7'},{'R2'},{'R1'},{'D5'},,,,&,1.0,&
{'D1'},{'D2'},{'R3'},{'D7'},{'D4'},{'R2'},{'R1'},{'D3'},,,&,1.0,&
{'D1'},{'D2'},{'R3'},{'R1'},,,,,,,&,1.0,&
{'D1'},{'D2'},{'R3'},{'R1'},{'D6'},{'D7'},{'R2'},{'D3'},,,&,1.0,&
{'D1'},{'D2'},{'R3'},{'R1'},{'D6'},{'R2'},,,,,&,1.0,&
{'D1'},{'D2'},{'R3'},{'R1'},{'D7'},{'D5'},{'D3'},{'R2'},{'D6'},,&,1.0,&
{'D1'},{'D2'},{'R3'},{'R1'},{'D7'},{'D3'},{'R2'},{'D5'},,,&,1.0,&
{'D1'},{'D2'},{'R3'},{'R1'},{'D7'},{'D3'},{'R2'},{'D5'},{'D4'},{'D6'},&,1.0,&
{'D1'},{'D2'},{'R3'},{'R1'},{'D3'},{'R2'},{'D7'},{'D5'},{'D6'},{'D4'},&,1.0,&
{'D1'},{'D2'},{'R3'},{'R1'},{'D3'},{'D6'},{'D5'},{'D7'},{'D4'},{'R2'},&,1.0,&
{'D1'},{'D2'},{'R3'},{'R1'},{'D3'},{'D6'},{'R2'},,,,&,1.0,&
{'D1'},{'D2'},{'R3'},{'R1'},{'D5'},{'D3'},{'R2'},,,,&,1.0,&
{'D1'},{'D2'},{'R3'},{'R1'},{'R2'},,,,,,&,2.0,&
{'D1'},{'D2'},{'R3'},{'R1'},{'R2'},{'D7'},,,,,&,1.0,&
{'D1'},{'D2'},{'R3'},{'R1'},{'R2'},{'D3'},,,,,&,1.0,&
{'D1'},{'D2'},{'R3'},{'R1'},{'R2'},{'D3'},{'D5'},{'D6'},{'D4'},,&,1.0,&
{'D1'},{'D2'},{'R3'},{'R1'},{'R2'},{'D3'},{'D6'},,,,&,1.0,&
{'D1'},{'D2'},{'R3'},{'D6'},,,,,,,&,3.0,&
{'D1'},{'D2'},{'R3'},{'D6'},{'D7'},{'R2'},,,,,&,1.0,&
{'D1'},{'D2'},{'R3'},{'D6'},{'D7'},{'D4'},{'D3'},,,,&,1.0,&
{'D1'},{'D2'},{'R3'},{'D6'},{'D3'},,,,,,&,5.0,&
{'D1'},{'D2'},{'R3'},{'D6'},{'D3'},{'D7'},{'R2'},,,,&,1.0,&
{'D1'},{'D2'},{'R3'},{'D6'},{'D3'},{'D7'},{'R2'},{'D5'},,,&,1.0,&
{'D1'},{'D2'},{'R3'},{'D6'},{'D3'},{'D5'},,,,,&,1.0,&
{'D1'},{'D2'},{'R3'},{'D6'},{'D3'},{'D5'},{'D7'},{'R1'},{'R2'},,&,1.0,&
{'D1'},{'D2'},{'R3'},{'D6'},{'D3'},{'R2'},{'D7'},,,,&,1.0,&
{'D1'},{'D2'},{'R3'},{'D6'},{'D3'},{'R2'},{'D5'},{'D7'},{'D4'},,&,1.0,&
{'D1'},{'D2'},{'R3'},{'D6'},{'R1'},{'R2'},{'D3'},{'D5'},,,&,1.0,&
{'D1'},{'D2'},{'R3'},{'D6'},{'R1'},{'D3'},{'D5'},{'D4'},,,&,1.0,&
{'D1'},{'D2'},{'R3'},{'D6'},{'D5'},,,,,,&,1.0,&
{'D1'},{'D2'},{'R3'},{'D6'},{'D5'},{'R2'},{'R1'},{'D4'},,,&,1.0,&
{'D1'},{'D2'},{'R3'},{'D6'},{'D5'},{'D3'},{'R2'},{'R1'},,,&,1.0,&
{'D1'},{'D2'},{'R3'},{'D6'},{'R2'},,,,,,&,2.0,&
{'D1'},{'D2'},{'R3'},{'D6'},{'R2'},{'D5'},{'D7'},{'D3'},{'D4'},,&,1.0,&
{'D1'},{'D2'},{'R3'},{'D6'},{'R2'},{'D5'},{'D7'},{'D3'},{'D4'},{'R1'},&,1.0,&
{'D1'},{'D2'},{'R3'},{'D6'},{'R2'},{'D3'},,,,,&,1.0,&
{'D1'},{'D2'},{'R3'},{'D6'},{'R2'},{'D3'},{'D5'},,,,&,1.0,&
{'D1'},{'D2'},{'R3'},{'D6'},{'R2'},{'D3'},{'D5'},{'D7'},{'D4'},{'R1'},&,1.0,&
{'D1'},{'D2'},{'R3'},{'D6'},{'R2'},{'R1'},,,,,&,1.0,&
{'D1'},{'D2'},{'R3'},{'D6'},{'R2'},{'R1'},{'D3'},,,,&,2.0,&
{'D1'},{'D2'},{'R3'},{'D6'},{'R2'},{'D4'},{'R1'},{'D3'},,,&,1.0,&
{'D1'},{'D2'},{'R3'},{'D6'},{'R2'},{'D4'},{'D3'},{'R1'},{'D7'},{'D5'},&,1.0,&
{'D1'},{'D2'},{'R3'},{'D6'},{'D4'},{'R2'},{'D5'},{'R1'},,,&,1.0,&
{'D1'},{'D2'},{'R3'},{'D6'},{'D4'},{'R2'},{'R1'},{'D3'},{'D5'},{'D7'},&,1.0,&
{'D1'},{'D2'},{'R2'},,,,,,,,&,83.0,&
{'D1'},{'D2'},{'R2'},{'D5'},,,,,,,&,11.0,&
{'D1'},{'D2'},{'R2'},{'D5'},{'D6'},{'R3'},{'R1'},{'D3'},{'D7'},,&,1.0,&
{'D1'},{'D2'},{'R2'},{'D5'},{'D6'},{'R1'},,,,,&,1.0,&
{'D1'},{'D2'},{'R2'},{'D5'},{'D7'},{'D4'},{'D3'},,,,&,1.0,&
{'D1'},{'D2'},{'R2'},{'D5'},{'D3'},,,,,,&,1.0,&
{'D1'},{'D2'},{'R2'},{'D5'},{'D3'},{'D7'},,,,,&,1.0,&
{'D1'},{'D2'},{'R2'},{'D5'},{'D3'},{'D7'},{'R3'},{'R1'},,,&,1.0,&
{'D1'},{'D2'},{'R2'},{'D5'},{'D3'},{'D6'},{'D7'},{'D4'},{'R3'},{'R1'},&,1.0,&
{'D1'},{'D2'},{'R2'},{'D5'},{'D3'},{'D6'},{'R3'},{'D7'},,,&,1.0,&
{'D1'},{'D2'},{'R2'},{'D5'},{'D3'},{'R3'},{'D6'},{'D4'},{'D7'},{'R1'},&,1.0,&
{'D1'},{'D2'},{'R2'},{'D5'},{'R3'},,,,,,&,3.0,&
{'D1'},{'D2'},{'R2'},{'D5'},{'R3'},{'D6'},{'D3'},,,,&,1.0,&
{'D1'},{'D2'},{'R2'},{'D5'},{'R3'},{'D3'},{'R1'},{'D7'},{'D6'},,&,1.0,&
{'D1'},{'D2'},{'R2'},{'D5'},{'R3'},{'R1'},,,,,&,1.0,&
{'D1'},{'D2'},{'R2'},{'D5'},{'R3'},{'R1'},{'D3'},,,,&,1.0,&
{'D1'},{'D2'},{'R2'},{'D5'},{'R3'},{'R1'},{'D3'},{'D6'},,,&,2.0,&
{'D1'},{'D2'},{'R2'},{'D5'},{'R3'},{'R1'},{'D3'},{'D4'},{'D7'},{'D6'},&,1.0,&
{'D1'},{'D2'},{'R2'},{'D3'},,,,,,,&,31.0,&
{'D1'},{'D2'},{'R2'},{'D3'},{'D6'},,,,,,&,4.0,&
{'D1'},{'D2'},{'R2'},{'D3'},{'D6'},{'D7'},{'R3'},{'D5'},{'D4'},,&,1.0,&
{'D1'},{'D2'},{'R2'},{'D3'},{'D6'},{'D7'},{'R3'},{'D5'},{'D4'},{'R1'},&,1.0,&
{'D1'},{'D2'},{'R2'},{'D3'},{'D6'},{'D5'},,,,,&,2.0,&
{'D1'},{'D2'},{'R2'},{'D3'},{'D6'},{'D5'},{'D7'},{'R1'},{'R3'},,&,1.0,&
{'D1'},{'D2'},{'R2'},{'D3'},{'D6'},{'D5'},{'R3'},,,,&,1.0,&
{'D1'},{'D2'},{'R2'},{'D3'},{'D6'},{'D5'},{'R3'},{'D7'},,,&,1.0,&
{'D1'},{'D2'},{'R2'},{'D3'},{'D6'},{'R3'},,,,,&,1.0,&
{'D1'},{'D2'},{'R2'},{'D3'},{'D6'},{'R3'},{'D7'},{'D5'},{'R1'},{'D4'},&,1.0,&
{'D1'},{'D2'},{'R2'},{'D3'},{'D6'},{'R3'},{'D7'},{'D5'},{'D4'},,&,1.0,&
{'D1'},{'D2'},{'R2'},{'D3'},{'D6'},{'R3'},{'D7'},{'R1'},,,&,1.0,&
{'D1'},{'D2'},{'R2'},{'D3'},{'D6'},{'R3'},{'D5'},,,,&,2.0,&
{'D1'},{'D2'},{'R2'},{'D3'},{'D6'},{'R3'},{'D5'},{'D4'},{'D7'},,&,1.0,&
{'D1'},{'D2'},{'R2'},{'D3'},{'D6'},{'R3'},{'R1'},,,,&,3.0,&
{'D1'},{'D2'},{'R2'},{'D3'},{'D6'},{'R3'},{'R1'},{'D7'},{'D5'},,&,1.0,&
{'D1'},{'D2'},{'R2'},{'D3'},{'D6'},{'R3'},{'R1'},{'D5'},{'D7'},,&,1.0,&
{'D1'},{'D2'},{'R2'},{'D3'},{'D6'},{'R1'},,,,,&,1.0,&
{'D1'},{'D2'},{'R2'},{'D3'},{'D6'},{'D4'},{'D7'},,,,&,1.0,&
{'D1'},{'D2'},{'R2'},{'D3'},{'D6'},{'D4'},{'R1'},{'D7'},,,&,1.0,&
{'D1'},{'D2'},{'R2'},{'D3'},{'D7'},,,,,,&,2.0,&
{'D1'},{'D2'},{'R2'},{'D3'},{'D7'},{'D5'},{'R3'},{'R1'},,,&,1.0,&
{'D1'},{'D2'},{'R2'},{'D3'},{'D7'},{'D5'},{'D4'},,,,&,1.0,&
{'D1'},{'D2'},{'R2'},{'D3'},{'D7'},{'R3'},,,,,&,2.0,&
{'D1'},{'D2'},{'R2'},{'D3'},{'D7'},{'R3'},{'D4'},,,,&,1.0,&
{'D1'},{'D2'},{'R2'},{'D3'},{'D7'},{'R3'},{'D4'},{'D6'},{'R1'},{'D5'},&,1.0,&
{'D1'},{'D2'},{'R2'},{'D3'},{'D7'},{'R1'},,,,,&,1.0,&
{'D1'},{'D2'},{'R2'},{'D3'},{'D7'},{'R1'},{'R3'},,,,&,1.0,&
{'D1'},{'D2'},{'R2'},{'D3'},{'R1'},{'D7'},,,,,&,1.0,&
{'D1'},{'D2'},{'R2'},{'D3'},{'R1'},{'D5'},{'R3'},{'D6'},,,&,1.0,&
{'D1'},{'D2'},{'R2'},{'D3'},{'R1'},{'D5'},{'R3'},{'D7'},,,&,1.0,&
{'D1'},{'D2'},{'R2'},{'D3'},{'R1'},{'D6'},{'R3'},,,,&,1.0,&
{'D1'},{'D2'},{'R2'},{'D3'},{'R1'},{'D6'},{'D5'},{'D7'},,,&,1.0,&
{'D1'},{'D2'},{'R2'},{'D3'},{'R1'},{'D6'},{'D5'},{'D7'},{'R3'},{'D4'},&,1.0,&
{'D1'},{'D2'},{'R2'},{'D3'},{'R1'},{'R3'},,,,,&,1.0,&
{'D1'},{'D2'},{'R2'},{'D3'},{'R1'},{'R3'},{'D7'},{'D5'},{'D4'},{'D6'},&,1.0,&
{'D1'},{'D2'},{'R2'},{'D3'},{'R1'},{'R3'},{'D5'},{'D6'},{'D4'},,&,1.0,&
{'D1'},{'D2'},{'R2'},{'D3'},{'R1'},{'R3'},{'D6'},{'D5'},,,&,1.0,&
{'D1'},{'D2'},{'R2'},{'D3'},{'D5'},,,,,,&,4.0,&
{'D1'},{'D2'},{'R2'},{'D3'},{'D5'},{'D7'},,,,,&,1.0,&
{'D1'},{'D2'},{'R2'},{'D3'},{'D5'},{'D6'},{'D7'},{'R3'},{'R1'},,&,1.0,&
{'D1'},{'D2'},{'R2'},{'D3'},{'D5'},{'D6'},{'D7'},{'R1'},{'R3'},,&,1.0,&
{'D1'},{'D2'},{'R2'},{'D3'},{'D5'},{'D6'},{'R3'},{'R1'},{'D7'},,&,1.0,&
{'D1'},{'D2'},{'R2'},{'D3'},{'D5'},{'D6'},{'D4'},{'D7'},{'R3'},{'R1'},&,1.0,&
{'D1'},{'D2'},{'R2'},{'D3'},{'D5'},{'R3'},{'D7'},{'D6'},,,&,1.0,&
{'D1'},{'D2'},{'R2'},{'D3'},{'D5'},{'R3'},{'R1'},{'D6'},{'D4'},{'D7'},&,1.0,&
{'D1'},{'D2'},{'R2'},{'D3'},{'D5'},{'R3'},{'R1'},{'D4'},{'D7'},{'D6'},&,1.0,&
{'D1'},{'D2'},{'R2'},{'D3'},{'D5'},{'R3'},{'D6'},{'D7'},{'D4'},,&,1.0,&
{'D1'},{'D2'},{'R2'},{'D3'},{'D5'},{'R3'},{'D6'},{'D7'},{'D4'},{'R1'},&,1.0,&
{'D1'},{'D2'},{'R2'},{'D3'},{'D5'},{'R3'},{'D6'},{'R1'},{'D7'},{'D4'},&,1.0,&
{'D1'},{'D2'},{'R2'},{'D3'},{'D5'},{'R1'},{'R3'},{'D6'},,,&,1.0,&
{'D1'},{'D2'},{'R2'},{'D3'},{'D5'},{'D4'},,,,,&,1.0,&
{'D1'},{'D2'},{'R2'},{'D3'},{'D5'},{'D4'},{'R3'},{'D7'},,,&,1.0,&
{'D1'},{'D2'},{'R2'},{'D3'},{'R3'},,,,,,&,11.0,&
{'D1'},{'D2'},{'R2'},{'D3'},{'R3'},{'D7'},,,,,&,1.0,&
{'D1'},{'D2'},{'R2'},{'D3'},{'R3'},{'D7'},{'D5'},{'R1'},{'D6'},{'D4'},&,1.0,&
{'D1'},{'D2'},{'R2'},{'D3'},{'R3'},{'D7'},{'R1'},,,,&,2.0,&
{'D1'},{'D2'},{'R2'},{'D3'},{'R3'},{'D5'},,,,,&,1.0,&
{'D1'},{'D2'},{'R2'},{'D3'},{'R3'},{'D5'},{'R1'},,,,&,1.0,&
{'D1'},{'D2'},{'R2'},{'D3'},{'R3'},{'D5'},{'R1'},{'D6'},,,&,1.0,&
{'D1'},{'D2'},{'R2'},{'D3'},{'R3'},{'D5'},{'R1'},{'D6'},{'D7'},{'D4'},&,1.0,&
{'D1'},{'D2'},{'R2'},{'D3'},{'R3'},{'D5'},{'D6'},{'D7'},,,&,1.0,&
{'D1'},{'D2'},{'R2'},{'D3'},{'R3'},{'D5'},{'D4'},{'R1'},,,&,1.0,&
{'D1'},{'D2'},{'R2'},{'D3'},{'R3'},{'D6'},,,,,&,1.0,&
{'D1'},{'D2'},{'R2'},{'D3'},{'R3'},{'D6'},{'D7'},{'D5'},{'D4'},{'R1'},&,1.0,&
{'D1'},{'D2'},{'R2'},{'D3'},{'R3'},{'D6'},{'D5'},,,,&,1.0,&
{'D1'},{'D2'},{'R2'},{'D3'},{'R3'},{'D6'},{'R1'},,,,&,1.0,&
{'D1'},{'D2'},{'R2'},{'D3'},{'R3'},{'D6'},{'R1'},{'D7'},{'D5'},{'D4'},&,1.0,&
{'D1'},{'D2'},{'R2'},{'D3'},{'R3'},{'D6'},{'R1'},{'D5'},{'D7'},,&,1.0,&
{'D1'},{'D2'},{'R2'},{'D3'},{'R3'},{'R1'},,,,,&,5.0,&
{'D1'},{'D2'},{'R2'},{'D3'},{'R3'},{'R1'},{'D7'},,,,&,2.0,&
{'D1'},{'D2'},{'R2'},{'D3'},{'R3'},{'R1'},{'D5'},,,,&,3.0,&
{'D1'},{'D2'},{'R2'},{'D3'},{'R3'},{'R1'},{'D5'},{'D6'},{'D7'},,&,1.0,&
{'D1'},{'D2'},{'R2'},{'D3'},{'R3'},{'R1'},{'D5'},{'D7'},,,&,1.0,&
{'D1'},{'D2'},{'R2'},{'D3'},{'R3'},{'R1'},{'D6'},,,,&,1.0,&
{'D1'},{'D2'},{'R2'},{'D3'},{'R3'},{'R1'},{'D6'},{'D5'},{'D7'},,&,1.0,&
{'D1'},{'D2'},{'R2'},{'D3'},{'R3'},{'R1'},{'D6'},{'D5'},{'D7'},{'D4'},&,1.0,&
{'D1'},{'D2'},{'R2'},{'D3'},{'R3'},{'D4'},{'D7'},,,,&,1.0,&
{'D1'},{'D2'},{'R2'},{'D3'},{'R3'},{'D4'},{'D7'},{'D5'},,,&,1.0,&
{'D1'},{'D2'},{'R2'},{'D3'},{'D4'},,,,,,&,1.0,&
{'D1'},{'D2'},{'R2'},{'D3'},{'D4'},{'D5'},{'R3'},{'D7'},,,&,1.0,&
{'D1'},{'D2'},{'R2'},{'D3'},{'D4'},{'D5'},{'R3'},{'R1'},,,&,1.0,&
{'D1'},{'D2'},{'R2'},{'D3'},{'D4'},{'D6'},{'R3'},{'D5'},{'D7'},,&,1.0,&
{'D1'},{'D2'},{'R2'},{'D3'},{'D4'},{'D6'},{'D5'},{'D7'},,,&,1.0,&
{'D1'},{'D2'},{'R2'},{'D3'},{'D4'},{'R3'},{'D7'},{'R1'},,,&,1.0,&
{'D1'},{'D2'},{'R2'},{'D3'},{'D4'},{'R3'},{'D6'},,,,&,1.0,&
{'D1'},{'D2'},{'R2'},{'D3'},{'D4'},{'R3'},{'D6'},{'D5'},{'D7'},{'R1'},&,1.0,&
{'D1'},{'D2'},{'R2'},{'D4'},,,,,,,&,3.0,&
{'D1'},{'D2'},{'R2'},{'D4'},{'D7'},{'R3'},{'D6'},{'D5'},{'R1'},{'D3'},&,1.0,&
{'D1'},{'D2'},{'R2'},{'D4'},{'D3'},,,,,,&,1.0,&
{'D1'},{'D2'},{'R2'},{'D4'},{'R1'},{'R3'},,,,,&,1.0,&
{'D1'},{'D2'},{'R2'},{'D4'},{'R3'},{'D3'},{'R1'},{'D6'},{'D5'},,&,1.0,&
{'D1'},{'D2'},{'R2'},{'D4'},{'R3'},{'R1'},,,,,&,1.0,&
{'D1'},{'D2'},{'R2'},{'D7'},,,,,,,&,5.0,&
{'D1'},{'D2'},{'R2'},{'D7'},{'D6'},{'D3'},{'D5'},{'D4'},,,&,1.0,&
{'D1'},{'D2'},{'R2'},{'D7'},{'D6'},{'D4'},{'D3'},{'R3'},{'D5'},,&,1.0,&
{'D1'},{'D2'},{'R2'},{'D7'},{'D3'},,,,,,&,1.0,&
{'D1'},{'D2'},{'R2'},{'D7'},{'D3'},{'R3'},{'R1'},{'D5'},,,&,1.0,&
{'D1'},{'D2'},{'R2'},{'D7'},{'D3'},{'R3'},{'R1'},{'D5'},{'D6'},{'D4'},&,1.0,&
{'D1'},{'D2'},{'R2'},{'D7'},{'D3'},{'R3'},{'D6'},{'D5'},,,&,1.0,&
{'D1'},{'D2'},{'R2'},{'D7'},{'D3'},{'R3'},{'D6'},{'R1'},{'D5'},{'D4'},&,1.0,&
{'D1'},{'D2'},{'R2'},{'D7'},{'D3'},{'R1'},{'D5'},{'D4'},{'R3'},{'D6'},&,1.0,&
{'D1'},{'D2'},{'R2'},{'D7'},{'D3'},{'R1'},{'D4'},,,,&,1.0,&
{'D1'},{'D2'},{'R2'},{'D7'},{'R1'},{'D5'},{'R3'},{'D3'},,,&,1.0,&
{'D1'},{'D2'},{'R2'},{'D7'},{'D5'},{'R3'},,,,,&,1.0,&
{'D1'},{'D2'},{'R2'},{'D7'},{'R3'},,,,,,&,2.0,&
{'D1'},{'D2'},{'R2'},{'D7'},{'R3'},{'D3'},,,,,&,1.0,&
{'D1'},{'D2'},{'R2'},{'D7'},{'R3'},{'D3'},{'D5'},{'D6'},,,&,1.0,&
{'D1'},{'D2'},{'R2'},{'D7'},{'R3'},{'R1'},{'D6'},,,,&,1.0,&
{'D1'},{'D2'},{'R2'},{'R1'},,,,,,,&,5.0,&
{'D1'},{'D2'},{'R2'},{'R1'},{'D6'},,,,,,&,2.0,&
{'D1'},{'D2'},{'R2'},{'R1'},{'D6'},{'R3'},,,,,&,1.0,&
{'D1'},{'D2'},{'R2'},{'R1'},{'D6'},{'D3'},{'R3'},{'D4'},,,&,1.0,&
{'D1'},{'D2'},{'R2'},{'R1'},{'D6'},{'D3'},{'R3'},{'D5'},{'D7'},,&,1.0,&
{'D1'},{'D2'},{'R2'},{'R1'},{'D7'},,,,,,&,1.0,&
{'D1'},{'D2'},{'R2'},{'R1'},{'D7'},{'R3'},{'D3'},{'D6'},{'D4'},,&,1.0,&
{'D1'},{'D2'},{'R2'},{'R1'},{'D3'},{'D7'},,,,,&,1.0,&
{'D1'},{'D2'},{'R2'},{'R1'},{'D3'},{'D5'},,,,,&,1.0,&
{'D1'},{'D2'},{'R2'},{'R1'},{'D3'},{'R3'},,,,,&,2.0,&
{'D1'},{'D2'},{'R2'},{'R1'},{'D3'},{'R3'},{'D5'},,,,&,1.0,&
{'D1'},{'D2'},{'R2'},{'R1'},{'D3'},{'R3'},{'D5'},{'D6'},{'D7'},{'D4'},&,1.0,&
{'D1'},{'D2'},{'R2'},{'R1'},{'D3'},{'R3'},{'D6'},,,,&,1.0,&
{'D1'},{'D2'},{'R2'},{'R1'},{'D5'},{'D6'},{'D7'},{'D3'},{'R3'},,&,1.0,&
{'D1'},{'D2'},{'R2'},{'R1'},{'D5'},{'D6'},{'R3'},,,,&,1.0,&
{'D1'},{'D2'},{'R2'},{'R1'},{'R3'},,,,,,&,4.0,&
{'D1'},{'D2'},{'R2'},{'R1'},{'R3'},{'D7'},,,,,&,1.0,&
{'D1'},{'D2'},{'R2'},{'R1'},{'R3'},{'D7'},{'D6'},{'D3'},{'D5'},,&,1.0,&
{'D1'},{'D2'},{'R2'},{'R1'},{'R3'},{'D7'},{'D3'},{'D4'},,,&,1.0,&
{'D1'},{'D2'},{'R2'},{'R1'},{'R3'},{'D5'},,,,,&,1.0,&
{'D1'},{'D2'},{'R2'},{'R1'},{'R3'},{'D5'},{'D7'},,,,&,1.0,&
{'D1'},{'D2'},{'R2'},{'R1'},{'R3'},{'D6'},,,,,&,2.0,&
{'D1'},{'D2'},{'R2'},{'R1'},{'R3'},{'D6'},{'D7'},,,,&,1.0,&
{'D1'},{'D2'},{'R2'},{'R1'},{'R3'},{'D6'},{'D3'},{'D7'},{'D5'},{'D4'},&,1.0,&
{'D1'},{'D2'},{'R2'},{'R1'},{'R3'},{'D3'},,,,,&,4.0,&
{'D1'},{'D2'},{'R2'},{'R1'},{'R3'},{'D3'},{'D7'},{'D6'},{'D4'},,&,1.0,&
{'D1'},{'D2'},{'R2'},{'R1'},{'R3'},{'D3'},{'D6'},{'D5'},,,&,1.0,&
{'D1'},{'D2'},{'R2'},{'R3'},,,,,,,&,17.0,&
{'D1'},{'D2'},{'R2'},{'R3'},{'D6'},,,,,,&,3.0,&
{'D1'},{'D2'},{'R2'},{'R3'},{'D6'},{'D7'},{'R1'},{'D5'},{'D3'},{'D4'},&,1.0,&
{'D1'},{'D2'},{'R2'},{'R3'},{'D6'},{'D3'},,,,,&,1.0,&
{'D1'},{'D2'},{'R2'},{'R3'},{'D6'},{'D3'},{'R1'},{'D5'},{'D4'},{'D7'},&,1.0,&
{'D1'},{'D2'},{'R2'},{'R3'},{'D6'},{'R1'},,,,,&,1.0,&
{'D1'},{'D2'},{'R2'},{'R3'},{'D6'},{'R1'},{'D5'},{'D3'},,,&,1.0,&
{'D1'},{'D2'},{'R2'},{'R3'},{'D6'},{'R1'},{'D3'},,,,&,1.0,&
{'D1'},{'D2'},{'R2'},{'R3'},{'D6'},{'R1'},{'D3'},{'D5'},,,&,1.0,&
{'D1'},{'D2'},{'R2'},{'R3'},{'D6'},{'R1'},{'D3'},{'D5'},{'D7'},,&,1.0,&
{'D1'},{'D2'},{'R2'},{'R3'},{'D6'},{'R1'},{'D3'},{'D5'},{'D7'},{'D4'},&,1.0,&
{'D1'},{'D2'},{'R2'},{'R3'},{'D7'},,,,,,&,2.0,&
{'D1'},{'D2'},{'R2'},{'R3'},{'D7'},{'D5'},{'D3'},{'D6'},,,&,1.0,&
{'D1'},{'D2'},{'R2'},{'R3'},{'D7'},{'D5'},{'D3'},{'R1'},{'D4'},{'D6'},&,1.0,&
{'D1'},{'D2'},{'R2'},{'R3'},{'D7'},{'D6'},{'R1'},,,,&,1.0,&
{'D1'},{'D2'},{'R2'},{'R3'},{'D7'},{'D3'},,,,,&,1.0,&
{'D1'},{'D2'},{'R2'},{'R3'},{'D7'},{'D3'},{'D5'},{'R1'},,,&,1.0,&
{'D1'},{'D2'},{'R2'},{'R3'},{'D7'},{'D3'},{'R1'},{'D5'},{'D6'},,&,1.0,&
{'D1'},{'D2'},{'R2'},{'R3'},{'D7'},{'R1'},{'D5'},{'D3'},{'D6'},{'D4'},&,1.0,&
{'D1'},{'D2'},{'R2'},{'R3'},{'D3'},,,,,,&,6.0,&
{'D1'},{'D2'},{'R2'},{'R3'},{'D3'},{'D7'},{'D5'},{'D4'},,,&,1.0,&
{'D1'},{'D2'},{'R2'},{'R3'},{'D3'},{'D7'},{'R1'},{'D6'},{'D5'},,&,1.0,&
{'D1'},{'D2'},{'R2'},{'R3'},{'D3'},{'D7'},{'R1'},{'D6'},{'D5'},{'D4'},&,1.0,&
{'D1'},{'D2'},{'R2'},{'R3'},{'D3'},{'D7'},{'D6'},{'D5'},{'R1'},,&,1.0,&
{'D1'},{'D2'},{'R2'},{'R3'},{'D3'},{'D7'},{'D6'},{'D5'},{'R1'},{'D4'},&,1.0,&
{'D1'},{'D2'},{'R2'},{'R3'},{'D3'},{'D5'},,,,,&,2.0,&
{'D1'},{'D2'},{'R2'},{'R3'},{'D3'},{'D5'},{'D6'},{'D7'},{'R1'},{'D4'},&,1.0,&
{'D1'},{'D2'},{'R2'},{'R3'},{'D3'},{'D6'},{'D7'},{'D4'},,,&,1.0,&
{'D1'},{'D2'},{'R2'},{'R3'},{'D3'},{'D6'},{'D7'},{'D5'},{'R1'},{'D4'},&,1.0,&
{'D1'},{'D2'},{'R2'},{'R3'},{'D3'},{'D6'},{'D7'},{'R1'},,,&,1.0,&
{'D1'},{'D2'},{'R2'},{'R3'},{'D3'},{'D6'},{'D7'},{'R1'},{'D4'},,&,1.0,&
{'D1'},{'D2'},{'R2'},{'R3'},{'D3'},{'D6'},{'D5'},{'D7'},{'R1'},{'D4'},&,1.0,&
{'D1'},{'D2'},{'R2'},{'R3'},{'D3'},{'D6'},{'D5'},{'R1'},,,&,1.0,&
{'D1'},{'D2'},{'R2'},{'R3'},{'D3'},{'D6'},{'R1'},{'D5'},{'D7'},,&,1.0,&
{'D1'},{'D2'},{'R2'},{'R3'},{'D3'},{'D6'},{'D4'},{'R1'},,,&,1.0,&
{'D1'},{'D2'},{'R2'},{'R3'},{'D3'},{'R1'},,,,,&,2.0,&
{'D1'},{'D2'},{'R2'},{'R3'},{'D3'},{'R1'},{'D7'},{'D6'},{'D5'},{'D4'},&,1.0,&
{'D1'},{'D2'},{'R2'},{'R3'},{'D3'},{'R1'},{'D7'},{'D5'},,,&,1.0,&
{'D1'},{'D2'},{'R2'},{'R3'},{'D3'},{'R1'},{'D7'},{'D5'},{'D4'},,&,1.0,&
{'D1'},{'D2'},{'R2'},{'R3'},{'D3'},{'R1'},{'D5'},,,,&,1.0,&
{'D1'},{'D2'},{'R2'},{'R3'},{'D3'},{'R1'},{'D5'},{'D4'},{'D7'},,&,1.0,&
{'D1'},{'D2'},{'R2'},{'R3'},{'D3'},{'R1'},{'D6'},,,,&,3.0,&
{'D1'},{'D2'},{'R2'},{'R3'},{'D3'},{'R1'},{'D6'},{'D7'},{'D5'},,&,1.0,&
{'D1'},{'D2'},{'R2'},{'R3'},{'D3'},{'R1'},{'D6'},{'D7'},{'D5'},{'D4'},&,1.0,&
{'D1'},{'D2'},{'R2'},{'R3'},{'D3'},{'R1'},{'D6'},{'D7'},{'D4'},{'D5'},&,1.0,&
{'D1'},{'D2'},{'R2'},{'R3'},{'D3'},{'R1'},{'D6'},{'D5'},{'D7'},{'D4'},&,1.0,&
{'D1'},{'D2'},{'R2'},{'R3'},{'D3'},{'R1'},{'D4'},{'D6'},{'D7'},{'D5'},&,1.0,&
{'D1'},{'D2'},{'R2'},{'R3'},{'D3'},{'D4'},,,,,&,1.0,&
{'D1'},{'D2'},{'R2'},{'R3'},{'D3'},{'D4'},{'D6'},{'R1'},{'D7'},{'D5'},&,1.0,&
{'D1'},{'D2'},{'R2'},{'R3'},{'R1'},,,,,,&,13.0,&
{'D1'},{'D2'},{'R2'},{'R3'},{'R1'},{'D7'},,,,,&,2.0,&
{'D1'},{'D2'},{'R2'},{'R3'},{'R1'},{'D7'},{'D5'},{'D3'},{'D4'},{'D6'},&,1.0,&
{'D1'},{'D2'},{'R2'},{'R3'},{'R1'},{'D5'},,,,,&,1.0,&
{'D1'},{'D2'},{'R2'},{'R3'},{'R1'},{'D5'},{'D6'},,,,&,1.0,&
{'D1'},{'D2'},{'R2'},{'R3'},{'R1'},{'D5'},{'D3'},,,,&,2.0,&
{'D1'},{'D2'},{'R2'},{'R3'},{'R1'},{'D5'},{'D3'},{'D6'},{'D7'},,&,1.0,&
{'D1'},{'D2'},{'R2'},{'R3'},{'R1'},{'D5'},{'D3'},{'D4'},,,&,1.0,&
{'D1'},{'D2'},{'R2'},{'R3'},{'R1'},{'D6'},{'D7'},,,,&,1.0,&
{'D1'},{'D2'},{'R2'},{'R3'},{'R1'},{'D6'},{'D4'},,,,&,1.0,&
{'D1'},{'D2'},{'R2'},{'R3'},{'R1'},{'D6'},{'D3'},,,,&,1.0,&
{'D1'},{'D2'},{'R2'},{'R3'},{'R1'},{'D3'},,,,,&,10.0,&
{'D1'},{'D2'},{'R2'},{'R3'},{'R1'},{'D3'},{'D7'},,,,&,4.0,&
{'D1'},{'D2'},{'R2'},{'R3'},{'R1'},{'D3'},{'D7'},{'D6'},{'D5'},{'D4'},&,1.0,&
{'D1'},{'D2'},{'R2'},{'R3'},{'R1'},{'D3'},{'D7'},{'D6'},{'D4'},{'D5'},&,1.0,&
{'D1'},{'D2'},{'R2'},{'R3'},{'R1'},{'D3'},{'D7'},{'D5'},{'D6'},{'D4'},&,1.0,&
{'D1'},{'D2'},{'R2'},{'R3'},{'R1'},{'D3'},{'D5'},{'D6'},,,&,1.0,&
{'D1'},{'D2'},{'R2'},{'R3'},{'R1'},{'D3'},{'D6'},,,,&,4.0,&
{'D1'},{'D2'},{'R2'},{'R3'},{'R1'},{'D3'},{'D6'},{'D7'},,,&,1.0,&
{'D1'},{'D2'},{'R2'},{'R3'},{'R1'},{'D3'},{'D6'},{'D5'},,,&,2.0,&
{'D1'},{'D2'},{'R2'},{'R3'},{'R1'},{'D3'},{'D6'},{'D5'},{'D7'},{'D4'},&,1.0,&
{'D1'},{'D2'},{'R2'},{'R3'},{'R1'},{'D3'},{'D4'},,,,&,1.0,&
{'D1'},{'D2'},{'R2'},{'R3'},{'R1'},{'D3'},{'D4'},{'D5'},,,&,2.0,&
{'D1'},{'D2'},{'R2'},{'R3'},{'D5'},,,,,,&,2.0,&
{'D1'},{'D2'},{'R2'},{'R3'},{'D5'},{'D7'},,,,,&,1.0,&
{'D1'},{'D2'},{'R2'},{'R3'},{'D5'},{'D6'},{'D3'},{'D7'},{'D4'},,&,1.0,&
{'D1'},{'D2'},{'R2'},{'R3'},{'D5'},{'D3'},,,,,&,1.0,&
{'D1'},{'D2'},{'R2'},{'R3'},{'D5'},{'D3'},{'R1'},,,,&,1.0,&
{'D1'},{'D2'},{'R2'},{'R3'},{'D5'},{'D3'},{'D6'},,,,&,1.0,&
{'D1'},{'D2'},{'R2'},{'R3'},{'D5'},{'D3'},{'D6'},{'D4'},,,&,1.0,&
{'D1'},{'D2'},{'R2'},{'R3'},{'D5'},{'D3'},{'D6'},{'R1'},{'D4'},,&,1.0,&
{'D1'},{'D2'},{'R2'},{'R3'},{'D5'},{'R1'},,,,,&,2.0,&
{'D1'},{'D2'},{'R2'},{'R3'},{'D5'},{'R1'},{'D6'},{'D3'},{'D4'},,&,1.0,&
{'D1'},{'D2'},{'R2'},{'R3'},{'D5'},{'R1'},{'D3'},{'D6'},{'D7'},,&,1.0,&
{'D1'},{'D2'},{'R2'},{'R3'},{'D4'},{'D3'},{'R1'},,,,&,1.0,&
{'D1'},{'D2'},{'R2'},{'D6'},,,,,,,&,7.0,&
{'D1'},{'D2'},{'R2'},{'D6'},{'D7'},{'R3'},{'R1'},{'D3'},{'D5'},,&,1.0,&
{'D1'},{'D2'},{'R2'},{'D6'},{'D7'},{'D3'},,,,,&,1.0,&
{'D1'},{'D2'},{'R2'},{'D6'},{'D3'},,,,,,&,1.0,&
{'D1'},{'D2'},{'R2'},{'D6'},{'D3'},{'D7'},,,,,&,2.0,&
{'D1'},{'D2'},{'R2'},{'D6'},{'D3'},{'D7'},{'D4'},,,,&,1.0,&
{'D1'},{'D2'},{'R2'},{'D6'},{'D3'},{'D5'},{'D7'},,,,&,1.0,&
{'D1'},{'D2'},{'R2'},{'D6'},{'D3'},{'D5'},{'R3'},{'D7'},{'R1'},,&,1.0,&
{'D1'},{'D2'},{'R2'},{'D6'},{'D3'},{'D5'},{'R3'},{'D7'},{'D4'},,&,1.0,&
{'D1'},{'D2'},{'R2'},{'D6'},{'D3'},{'D5'},{'R3'},{'D7'},{'D4'},{'R1'},&,1.0,&
{'D1'},{'D2'},{'R2'},{'D6'},{'D3'},{'R3'},{'D7'},{'R1'},{'D5'},{'D4'},&,1.0,&
{'D1'},{'D2'},{'R2'},{'D6'},{'D3'},{'R3'},{'D5'},{'D4'},{'D7'},{'R1'},&,1.0,&
{'D1'},{'D2'},{'R2'},{'D6'},{'D3'},{'R3'},{'R1'},,,,&,1.0,&
{'D1'},{'D2'},{'R2'},{'D6'},{'R1'},{'D3'},{'R3'},,,,&,1.0,&
{'D1'},{'D2'},{'R2'},{'D6'},{'R1'},{'D3'},{'D5'},{'D7'},{'R3'},,&,1.0,&
{'D1'},{'D2'},{'R2'},{'D6'},{'D5'},,,,,,&,2.0,&
{'D1'},{'D2'},{'R2'},{'D6'},{'D5'},{'D3'},{'R1'},,,,&,1.0,&
{'D1'},{'D2'},{'R2'},{'D6'},{'D5'},{'R1'},,,,,&,1.0,&
{'D1'},{'D2'},{'R2'},{'D6'},{'D5'},{'R1'},{'D3'},{'D7'},{'R3'},,&,1.0,&
{'D1'},{'D2'},{'R2'},{'D6'},{'R3'},,,,,,&,4.0,&
{'D1'},{'D2'},{'R2'},{'D6'},{'R3'},{'D7'},,,,,&,1.0,&
{'D1'},{'D2'},{'R2'},{'D6'},{'R3'},{'D5'},{'R1'},,,,&,1.0,&
{'D1'},{'D2'},{'R2'},{'D6'},{'R3'},{'D5'},{'R1'},{'D3'},{'D4'},,&,1.0,&
{'D1'},{'D2'},{'R2'},{'D6'},{'R3'},{'D3'},{'R1'},,,,&,1.0,&
{'D1'},{'D2'},{'R2'},{'D6'},{'R3'},{'D3'},{'R1'},{'D7'},,,&,1.0,&
{'D1'},{'D2'},{'R2'},{'D6'},{'R3'},{'D3'},{'D4'},{'D7'},{'R1'},,&,1.0,&
{'D1'},{'D2'},{'R2'},{'D6'},{'R3'},{'R1'},,,,,&,3.0,&
{'D1'},{'D2'},{'R2'},{'D6'},{'R3'},{'R1'},{'D3'},{'D5'},{'D4'},{'D7'},&,2.0,&
{'D1'},{'D2'},{'D4'},,,,,,,,&,18.0,&
{'D1'},{'D2'},{'D4'},{'R2'},,,,,,,&,3.0,&
{'D1'},{'D2'},{'D4'},{'R2'},{'D6'},{'D5'},{'D7'},,,,&,1.0,&
{'D1'},{'D2'},{'D4'},{'R2'},{'D7'},,,,,,&,1.0,&
{'D1'},{'D2'},{'D4'},{'R2'},{'D3'},{'D5'},{'R3'},,,,&,1.0,&
{'D1'},{'D2'},{'D4'},{'R2'},{'D3'},{'D6'},{'R3'},,,,&,1.0,&
{'D1'},{'D2'},{'D4'},{'R2'},{'D5'},{'D3'},{'D6'},{'D7'},{'R3'},,&,1.0,&
{'D1'},{'D2'},{'D4'},{'R2'},{'D5'},{'R1'},{'D3'},{'D7'},{'R3'},,&,1.0,&
{'D1'},{'D2'},{'D4'},{'R2'},{'R3'},,,,,,&,1.0,&
{'D1'},{'D2'},{'D4'},{'R2'},{'R3'},{'D3'},{'R1'},{'D6'},{'D5'},,&,1.0,&
{'D1'},{'D2'},{'D4'},{'R2'},{'R3'},{'D3'},{'D6'},{'D7'},{'D5'},{'R1'},&,1.0,&
{'D1'},{'D2'},{'D4'},{'R2'},{'R3'},{'R1'},,,,,&,2.0,&
{'D1'},{'D2'},{'D4'},{'R2'},{'R3'},{'R1'},{'D7'},,,,&,1.0,&
{'D1'},{'D2'},{'D4'},{'D3'},,,,,,,&,7.0,&
{'D1'},{'D2'},{'D4'},{'D3'},{'D5'},,,,,,&,2.0,&
{'D1'},{'D2'},{'D4'},{'D3'},{'D5'},{'R2'},{'R3'},{'D6'},{'D7'},,&,1.0,&
{'D1'},{'D2'},{'D4'},{'D3'},{'R3'},{'D7'},{'D6'},{'R2'},,,&,1.0,&
{'D1'},{'D2'},{'D4'},{'D3'},{'R2'},,,,,,&,1.0,&
{'D1'},{'D2'},{'D4'},{'D3'},{'R2'},{'D5'},{'D7'},{'R3'},{'D6'},,&,1.0,&
{'D1'},{'D2'},{'D4'},{'D3'},{'R2'},{'R3'},{'D6'},{'D5'},{'R1'},,&,1.0,&
{'D1'},{'D2'},{'D4'},{'D7'},,,,,,,&,2.0,&
{'D1'},{'D2'},{'D4'},{'D7'},{'D5'},,,,,,&,1.0,&
{'D1'},{'D2'},{'D4'},{'D7'},{'R3'},,,,,,&,1.0,&
{'D1'},{'D2'},{'D4'},{'R1'},{'D6'},,,,,,&,1.0,&
{'D1'},{'D2'},{'D4'},{'R3'},,,,,,,&,2.0,&
{'D1'},{'D2'},{'D4'},{'R3'},{'D6'},{'D3'},{'R2'},,,,&,1.0,&
{'D1'},{'D2'},{'D4'},{'R3'},{'D3'},{'D7'},{'D6'},{'D5'},{'R2'},,&,1.0,&
{'D1'},{'D2'},{'D4'},{'R3'},{'D3'},{'D5'},{'R1'},{'R2'},,,&,1.0,&
{'D1'},{'D2'},{'D4'},{'R3'},{'D3'},{'R2'},{'D7'},{'D5'},{'D6'},,&,1.0,&
{'D1'},{'D2'},{'D4'},{'R3'},{'R1'},,,,,,&,1.0,&
{'D1'},{'D2'},{'D4'},{'R3'},{'R2'},,,,,,&,1.0,&
{'D1'},{'D2'},{'D4'},{'R3'},{'R2'},{'D6'},{'D3'},{'R1'},{'D5'},{'D7'},&,1.0,&
{'D1'},{'D2'},{'D4'},{'R3'},{'R2'},{'D3'},{'D5'},,,,&,1.0,&
{'D1'},{'D2'},{'D4'},{'D6'},,,,,,,&,1.0,&
{'D1'},{'D2'},{'D4'},{'D6'},{'D5'},{'R3'},,,,,&,1.0,&
{'D1'},{'D2'},{'D4'},{'D6'},{'R2'},,,,,,&,1.0,&
{'D1'},{'R2'},,,,,,,,,&,156.0,&
{'D1'},{'R2'},{'R1'},,,,,,,,&,24.0,&
{'D1'},{'R2'},{'R1'},{'D5'},,,,,,,&,2.0,&
{'D1'},{'R2'},{'R1'},{'D5'},{'D2'},{'D6'},{'D3'},{'D7'},{'D4'},,&,1.0,&
{'D1'},{'R2'},{'R1'},{'D5'},{'D6'},{'R3'},{'D4'},{'D2'},,,&,1.0,&
{'D1'},{'R2'},{'R1'},{'D5'},{'D3'},{'D2'},{'D7'},{'D6'},{'D4'},,&,1.0,&
{'D1'},{'R2'},{'R1'},{'D5'},{'D3'},{'R3'},{'D2'},{'D4'},{'D6'},{'D7'},&,1.0,&
{'D1'},{'R2'},{'R1'},{'D5'},{'R3'},{'D3'},,,,,&,1.0,&
{'D1'},{'R2'},{'R1'},{'D3'},,,,,,,&,5.0,&
{'D1'},{'R2'},{'R1'},{'D3'},{'D2'},{'D7'},{'R3'},{'D5'},{'D6'},{'D4'},&,1.0,&
{'D1'},{'R2'},{'R1'},{'D3'},{'D2'},{'D5'},,,,,&,1.0,&
{'D1'},{'R2'},{'R1'},{'D3'},{'D2'},{'D5'},{'R3'},{'D6'},{'D7'},{'D4'},&,2.0,&
{'D1'},{'R2'},{'R1'},{'D3'},{'D2'},{'R3'},,,,,&,2.0,&
{'D1'},{'R2'},{'R1'},{'D3'},{'D2'},{'R3'},{'D6'},,,,&,1.0,&
{'D1'},{'R2'},{'R1'},{'D3'},{'D6'},,,,,,&,1.0,&
{'D1'},{'R2'},{'R1'},{'D3'},{'D5'},{'D2'},{'D6'},{'R3'},{'D7'},{'D4'},&,1.0,&
{'D1'},{'R2'},{'R1'},{'D3'},{'R3'},,,,,,&,3.0,&
{'D1'},{'R2'},{'R1'},{'D3'},{'R3'},{'D6'},{'D2'},,,,&,1.0,&
{'D1'},{'R2'},{'R1'},{'D3'},{'R3'},{'D6'},{'D2'},{'D5'},{'D7'},,&,1.0,&
{'D1'},{'R2'},{'R1'},{'D3'},{'R3'},{'D2'},,,,,&,1.0,&
{'D1'},{'R2'},{'R1'},{'D3'},{'R3'},{'D2'},{'D7'},{'D6'},{'D5'},{'D4'},&,1.0,&
{'D1'},{'R2'},{'R1'},{'D3'},{'R3'},{'D2'},{'D7'},{'D5'},{'D6'},,&,1.0,&
{'D1'},{'R2'},{'R1'},{'D3'},{'R3'},{'D2'},{'D6'},{'D4'},,,&,1.0,&
{'D1'},{'R2'},{'R1'},{'D3'},{'D4'},{'D2'},{'D6'},{'D5'},{'R3'},{'D7'},&,1.0,&
{'D1'},{'R2'},{'R1'},{'D4'},{'D3'},{'R3'},,,,,&,1.0,&
{'D1'},{'R2'},{'R1'},{'D7'},{'D2'},{'D6'},{'R3'},{'D3'},,,&,1.0,&
{'D1'},{'R2'},{'R1'},{'R3'},,,,,,,&,5.0,&
{'D1'},{'R2'},{'R1'},{'R3'},{'D2'},,,,,,&,5.0,&
{'D1'},{'R2'},{'R1'},{'R3'},{'D2'},{'D6'},{'D3'},{'D7'},{'D4'},{'D5'},&,1.0,&
{'D1'},{'R2'},{'R1'},{'R3'},{'D2'},{'D3'},,,,,&,3.0,&
{'D1'},{'R2'},{'R1'},{'R3'},{'D2'},{'D3'},{'D7'},,,,&,1.0,&
{'D1'},{'R2'},{'R1'},{'R3'},{'D2'},{'D3'},{'D4'},,,,&,1.0,&
{'D1'},{'R2'},{'R1'},{'R3'},{'D6'},,,,,,&,1.0,&
{'D1'},{'R2'},{'R1'},{'R3'},{'D6'},{'D5'},{'D3'},{'D2'},,,&,1.0,&
{'D1'},{'R2'},{'R1'},{'R3'},{'D6'},{'D2'},{'D7'},,,,&,1.0,&
{'D1'},{'R2'},{'R1'},{'R3'},{'D6'},{'D2'},{'D5'},{'D3'},,,&,1.0,&
{'D1'},{'R2'},{'R1'},{'R3'},{'D6'},{'D3'},{'D4'},{'D2'},,,&,1.0,&
{'D1'},{'R2'},{'R1'},{'R3'},{'D7'},{'D2'},,,,,&,1.0,&
{'D1'},{'R2'},{'R1'},{'R3'},{'D7'},{'D2'},{'D6'},{'D3'},{'D5'},{'D4'},&,1.0,&
{'D1'},{'R2'},{'R1'},{'R3'},{'D7'},{'D2'},{'D3'},{'D4'},{'D6'},{'D5'},&,1.0,&
{'D1'},{'R2'},{'R1'},{'R3'},{'D3'},,,,,,&,7.0,&
{'D1'},{'R2'},{'R1'},{'R3'},{'D3'},{'D7'},,,,,&,1.0,&
{'D1'},{'R2'},{'R1'},{'R3'},{'D3'},{'D5'},{'D2'},{'D7'},,,&,1.0,&
{'D1'},{'R2'},{'R1'},{'R3'},{'D3'},{'D2'},,,,,&,1.0,&
{'D1'},{'R2'},{'R1'},{'R3'},{'D3'},{'D2'},{'D7'},{'D6'},,,&,1.0,&
{'D1'},{'R2'},{'R1'},{'R3'},{'D3'},{'D2'},{'D6'},{'D5'},{'D4'},{'D7'},&,1.0,&
{'D1'},{'R2'},{'R1'},{'R3'},{'D3'},{'D2'},{'D4'},{'D7'},{'D5'},{'D6'},&,1.0,&
{'D1'},{'R2'},{'R1'},{'R3'},{'D4'},{'D2'},{'D3'},,,,&,1.0,&
{'D1'},{'R2'},{'R1'},{'D6'},{'D2'},{'D5'},{'R3'},{'D7'},{'D3'},,&,1.0,&
{'D1'},{'R2'},{'R1'},{'D6'},{'D3'},{'D5'},,,,,&,1.0,&
{'D1'},{'R2'},{'R1'},{'D6'},{'R3'},{'D2'},{'D3'},,,,&,1.0,&
{'D1'},{'R2'},{'R1'},{'D6'},{'R3'},{'D3'},{'D2'},,,,&,1.0,&
{'D1'},{'R2'},{'R1'},{'D2'},,,,,,,&,4.0,&
{'D1'},{'R2'},{'R1'},{'D2'},{'D7'},,,,,,&,1.0,&
{'D1'},{'R2'},{'R1'},{'D2'},{'D7'},{'D3'},{'R3'},{'D5'},{'D6'},{'D4'},&,1.0,&
{'D1'},{'R2'},{'R1'},{'D2'},{'D7'},{'D3'},{'D5'},{'D6'},{'D4'},{'R3'},&,1.0,&
{'D1'},{'R2'},{'R1'},{'D2'},{'D3'},{'D7'},{'R3'},{'D6'},,,&,1.0,&
{'D1'},{'R2'},{'R1'},{'D2'},{'D3'},{'D5'},{'R3'},,,,&,1.0,&
{'D1'},{'R2'},{'R1'},{'D2'},{'D3'},{'D6'},{'R3'},{'D5'},,,&,1.0,&
{'D1'},{'R2'},{'R1'},{'D2'},{'D3'},{'R3'},,,,,&,3.0,&
{'D1'},{'R2'},{'R1'},{'D2'},{'D3'},{'R3'},{'D5'},,,,&,1.0,&
{'D1'},{'R2'},{'R1'},{'D2'},{'D3'},{'R3'},{'D6'},{'D5'},{'D4'},,&,1.0,&
{'D1'},{'R2'},{'R1'},{'D2'},{'D3'},{'R3'},{'D4'},{'D5'},,,&,1.0,&
{'D1'},{'R2'},{'R1'},{'D2'},{'R3'},,,,,,&,5.0,&
{'D1'},{'R2'},{'R1'},{'D2'},{'R3'},{'D7'},{'D6'},,,,&,1.0,&
{'D1'},{'R2'},{'R1'},{'D2'},{'R3'},{'D5'},,,,,&,1.0,&
{'D1'},{'R2'},{'R1'},{'D2'},{'R3'},{'D5'},{'D6'},{'D3'},,,&,1.0,&
{'D1'},{'R2'},{'R1'},{'D2'},{'R3'},{'D6'},{'D3'},{'D5'},,,&,1.0,&
{'D1'},{'R2'},{'R1'},{'D2'},{'R3'},{'D3'},,,,,&,3.0,&
{'D1'},{'R2'},{'R1'},{'D2'},{'R3'},{'D3'},{'D7'},{'D5'},{'D6'},{'D4'},&,1.0,&
{'D1'},{'R2'},{'R1'},{'D2'},{'R3'},{'D3'},{'D5'},,,,&,1.0,&
{'D1'},{'R2'},{'R1'},{'D2'},{'R3'},{'D3'},{'D5'},{'D7'},{'D4'},{'D6'},&,1.0,&
{'D1'},{'R2'},{'R1'},{'D2'},{'R3'},{'D4'},{'D3'},,,,&,1.0,&
{'D1'},{'R2'},{'R1'},{'D2'},{'D4'},{'D3'},{'D5'},,,,&,1.0,&
{'D1'},{'R2'},{'R1'},{'D2'},{'D4'},{'D3'},{'D6'},{'D5'},{'D7'},{'R3'},&,1.0,&
{'D1'},{'R2'},{'D6'},,,,,,,,&,22.0,&
{'D1'},{'R2'},{'D6'},{'D5'},{'D2'},{'D7'},,,,,&,1.0,&
{'D1'},{'R2'},{'D6'},{'D5'},{'D2'},{'D3'},{'R3'},{'D7'},{'D4'},,&,1.0,&
{'D1'},{'R2'},{'D6'},{'D5'},{'D3'},{'R3'},{'D2'},,,,&,1.0,&
{'D1'},{'R2'},{'D6'},{'D5'},{'R1'},{'R3'},,,,,&,1.0,&
{'D1'},{'R2'},{'D6'},{'D5'},{'R3'},{'D2'},{'D3'},{'D7'},{'D4'},{'R1'},&,1.0,&
{'D1'},{'R2'},{'D6'},{'D5'},{'R3'},{'D3'},{'D2'},{'D7'},{'R1'},{'D4'},&,1.0,&
{'D1'},{'R2'},{'D6'},{'D5'},{'R3'},{'R1'},,,,,&,1.0,&
{'D1'},{'R2'},{'D6'},{'D3'},,,,,,,&,2.0,&
{'D1'},{'R2'},{'D6'},{'D3'},{'D2'},,,,,,&,2.0,&
{'D1'},{'R2'},{'D6'},{'D3'},{'D2'},{'D7'},,,,,&,1.0,&
{'D1'},{'R2'},{'D6'},{'D3'},{'D2'},{'D7'},{'D5'},{'R3'},{'D4'},{'R1'},&,1.0,&
{'D1'},{'R2'},{'D6'},{'D3'},{'D2'},{'D5'},{'D4'},,,,&,1.0,&
{'D1'},{'R2'},{'D6'},{'D3'},{'D7'},{'R3'},{'D2'},,,,&,1.0,&
{'D1'},{'R2'},{'D6'},{'D3'},{'D5'},,,,,,&,1.0,&
{'D1'},{'R2'},{'D6'},{'D3'},{'D5'},{'D2'},{'D4'},{'D7'},{'R3'},{'R1'},&,1.0,&
{'D1'},{'R2'},{'D6'},{'D3'},{'R3'},,,,,,&,2.0,&
{'D1'},{'R2'},{'D6'},{'D3'},{'R3'},{'D5'},{'D2'},,,,&,1.0,&
{'D1'},{'R2'},{'D6'},{'R1'},,,,,,,&,1.0,&
{'D1'},{'R2'},{'D6'},{'R1'},{'D2'},{'R3'},{'D3'},,,,&,1.0,&
{'D1'},{'R2'},{'D6'},{'R1'},{'D3'},{'R3'},{'D2'},{'D7'},,,&,1.0,&
{'D1'},{'R2'},{'D6'},{'R1'},{'R3'},,,,,,&,1.0,&
{'D1'},{'R2'},{'D6'},{'R3'},,,,,,,&,3.0,&
{'D1'},{'R2'},{'D6'},{'R3'},{'D2'},,,,,,&,1.0,&
{'D1'},{'R2'},{'D6'},{'R3'},{'D2'},{'D7'},{'R1'},{'D3'},,,&,1.0,&
{'D1'},{'R2'},{'D6'},{'R3'},{'D2'},{'D5'},{'R1'},{'D3'},{'D4'},{'D7'},&,1.0,&
{'D1'},{'R2'},{'D6'},{'R3'},{'D2'},{'D3'},{'R1'},{'D7'},{'D5'},,&,1.0,&
{'D1'},{'R2'},{'D6'},{'R3'},{'D2'},{'R1'},,,,,&,1.0,&
{'D1'},{'R2'},{'D6'},{'R3'},{'D2'},{'R1'},{'D5'},{'D3'},,,&,1.0,&
{'D1'},{'R2'},{'D6'},{'R3'},{'D3'},,,,,,&,1.0,&
{'D1'},{'R2'},{'D6'},{'R3'},{'D3'},{'D2'},,,,,&,1.0,&
{'D1'},{'R2'},{'D6'},{'R3'},{'D3'},{'D2'},{'D7'},{'R1'},{'D5'},,&,1.0,&
{'D1'},{'R2'},{'D6'},{'R3'},{'D3'},{'D2'},{'R1'},{'D4'},{'D5'},{'D7'},&,1.0,&
{'D1'},{'R2'},{'D6'},{'R3'},{'D3'},{'R1'},{'D2'},,,,&,1.0,&
{'D1'},{'R2'},{'D6'},{'R3'},{'R1'},,,,,,&,2.0,&
{'D1'},{'R2'},{'D6'},{'R3'},{'R1'},{'D5'},{'D2'},,,,&,1.0,&
{'D1'},{'R2'},{'D6'},{'R3'},{'R1'},{'D2'},,,,,&,1.0,&
{'D1'},{'R2'},{'D6'},{'R3'},{'R1'},{'D2'},{'D7'},{'D5'},,,&,1.0,&
{'D1'},{'R2'},{'D6'},{'R3'},{'R1'},{'D2'},{'D5'},,,,&,1.0,&
{'D1'},{'R2'},{'D6'},{'R3'},{'R1'},{'D3'},,,,,&,1.0,&
{'D1'},{'R2'},{'D6'},{'R3'},{'R1'},{'D3'},{'D5'},{'D2'},,,&,1.0,&
{'D1'},{'R2'},{'D6'},{'R3'},{'D4'},{'D2'},,,,,&,1.0,&
{'D1'},{'R2'},{'D6'},{'D2'},,,,,,,&,4.0,&
{'D1'},{'R2'},{'D6'},{'D2'},{'D7'},,,,,,&,1.0,&
{'D1'},{'R2'},{'D6'},{'D2'},{'D3'},,,,,,&,3.0,&
{'D1'},{'R2'},{'D6'},{'D2'},{'D3'},{'D7'},,,,,&,1.0,&
{'D1'},{'R2'},{'D6'},{'D2'},{'D3'},{'D5'},,,,,&,1.0,&
{'D1'},{'R2'},{'D6'},{'D2'},{'D3'},{'D5'},{'D7'},{'D4'},,,&,1.0,&
{'D1'},{'R2'},{'D6'},{'D2'},{'D3'},{'D5'},{'D4'},{'D7'},{'R3'},,&,1.0,&
{'D1'},{'R2'},{'D6'},{'D2'},{'D3'},{'R1'},,,,,&,1.0,&
{'D1'},{'R2'},{'D6'},{'D2'},{'R1'},,,,,,&,1.0,&
{'D1'},{'R2'},{'D6'},{'D2'},{'D5'},{'D3'},{'R3'},{'D7'},,,&,1.0,&
{'D1'},{'R2'},{'D6'},{'D2'},{'D5'},{'R1'},{'D3'},{'R3'},,,&,1.0,&
{'D1'},{'R2'},{'D6'},{'D2'},{'D5'},{'D4'},{'D3'},{'D7'},{'R1'},{'R3'},&,1.0,&
{'D1'},{'R2'},{'D6'},{'D2'},{'R3'},,,,,,&,2.0,&
{'D1'},{'R2'},{'D6'},{'D2'},{'R3'},{'D7'},{'R1'},{'D3'},{'D4'},{'D5'},&,1.0,&
{'D1'},{'R2'},{'D6'},{'D2'},{'R3'},{'D3'},{'D5'},{'D4'},,,&,1.0,&
{'D1'},{'R2'},{'D6'},{'D2'},{'R3'},{'D3'},{'D5'},{'D7'},{'D4'},,&,1.0,&
{'D1'},{'R2'},{'D6'},{'D2'},{'R3'},{'D3'},{'R1'},{'D4'},{'D5'},{'D7'},&,1.0,&
{'D1'},{'R2'},{'D6'},{'D2'},{'R3'},{'R1'},{'D3'},,,,&,1.0,&
{'D1'},{'R2'},{'D6'},{'D2'},{'R3'},{'R1'},{'D3'},{'D5'},,,&,1.0,&
{'D1'},{'R2'},{'D6'},{'D2'},{'D4'},{'D3'},{'R1'},{'R3'},{'D5'},{'D7'},&,1.0,&
{'D1'},{'R2'},{'D3'},,,,,,,,&,59.0,&
{'D1'},{'R2'},{'D3'},{'D5'},,,,,,,&,2.0,&
{'D1'},{'R2'},{'D3'},{'D5'},{'D2'},{'D6'},{'D7'},{'R3'},,,&,1.0,&
{'D1'},{'R2'},{'D3'},{'D5'},{'D2'},{'R3'},{'D6'},{'R1'},{'D4'},{'D7'},&,1.0,&
{'D1'},{'R2'},{'D3'},{'D5'},{'D2'},{'R1'},,,,,&,1.0,&
{'D1'},{'R2'},{'D3'},{'D5'},{'D2'},{'R1'},{'R3'},{'D7'},{'D6'},,&,1.0,&
{'D1'},{'R2'},{'D3'},{'D5'},{'D2'},{'D4'},{'R3'},,,,&,1.0,&
{'D1'},{'R2'},{'D3'},{'D5'},{'D6'},{'D2'},{'D7'},{'R3'},{'R1'},{'D4'},&,1.0,&
{'D1'},{'R2'},{'D3'},{'D5'},{'D7'},,,,,,&,1.0,&
{'D1'},{'R2'},{'D3'},{'D5'},{'R1'},{'D2'},,,,,&,1.0,&
{'D1'},{'R2'},{'D3'},{'D5'},{'R3'},,,,,,&,1.0,&
{'D1'},{'R2'},{'D3'},{'D5'},{'R3'},{'D2'},,,,,&,1.0,&
{'D1'},{'R2'},{'D3'},{'D5'},{'R3'},{'R1'},{'D2'},,,,&,1.0,&
{'D1'},{'R2'},{'D3'},{'D4'},,,,,,,&,1.0,&
{'D1'},{'R2'},{'D3'},{'D4'},{'R1'},{'R3'},{'D2'},,,,&,1.0,&
{'D1'},{'R2'},{'D3'},{'D4'},{'D5'},{'D2'},,,,,&,1.0,&
{'D1'},{'R2'},{'D3'},{'D4'},{'R3'},{'D2'},,,,,&,1.0,&
{'D1'},{'R2'},{'D3'},{'D7'},,,,,,,&,2.0,&
{'D1'},{'R2'},{'D3'},{'D7'},{'D2'},{'D6'},,,,,&,1.0,&
{'D1'},{'R2'},{'D3'},{'D7'},{'D2'},{'D6'},{'R3'},{'D5'},,,&,1.0,&
{'D1'},{'R2'},{'D3'},{'D7'},{'D2'},{'D6'},{'D5'},{'R1'},{'R3'},{'D4'},&,1.0,&
{'D1'},{'R2'},{'D3'},{'D7'},{'D2'},{'R1'},,,,,&,1.0,&
{'D1'},{'R2'},{'D3'},{'D7'},{'R1'},{'D2'},{'D4'},,,,&,1.0,&
{'D1'},{'R2'},{'D3'},{'D7'},{'R3'},{'D2'},{'D6'},{'R1'},{'D5'},{'D4'},&,1.0,&
{'D1'},{'R2'},{'D3'},{'D7'},{'R3'},{'R1'},{'D5'},,,,&,1.0,&
{'D1'},{'R2'},{'D3'},{'R1'},,,,,,,&,2.0,&
{'D1'},{'R2'},{'D3'},{'R1'},{'D2'},,,,,,&,2.0,&
{'D1'},{'R2'},{'D3'},{'R1'},{'D2'},{'D5'},,,,,&,1.0,&
{'D1'},{'R2'},{'D3'},{'R1'},{'D2'},{'D5'},{'D6'},{'D7'},{'R3'},,&,1.0,&
{'D1'},{'R2'},{'D3'},{'R1'},{'D2'},{'D6'},{'D5'},{'D7'},,,&,1.0,&
{'D1'},{'R2'},{'D3'},{'R1'},{'D2'},{'D6'},{'D5'},{'R3'},{'D7'},,&,1.0,&
{'D1'},{'R2'},{'D3'},{'R1'},{'D2'},{'R3'},,,,,&,2.0,&
{'D1'},{'R2'},{'D3'},{'R1'},{'D2'},{'R3'},{'D5'},{'D7'},,,&,1.0,&
{'D1'},{'R2'},{'D3'},{'R1'},{'D2'},{'R3'},{'D6'},,,,&,2.0,&
{'D1'},{'R2'},{'D3'},{'R1'},{'D6'},{'R3'},{'D2'},,,,&,1.0,&
{'D1'},{'R2'},{'D3'},{'R1'},{'D6'},{'R3'},{'D2'},{'D4'},{'D5'},,&,1.0,&
{'D1'},{'R2'},{'D3'},{'R1'},{'D7'},{'D2'},,,,,&,1.0,&
{'D1'},{'R2'},{'D3'},{'R1'},{'D7'},{'R3'},,,,,&,1.0,&
{'D1'},{'R2'},{'D3'},{'R1'},{'D5'},{'R3'},{'D2'},{'D6'},,,&,1.0,&
{'D1'},{'R2'},{'D3'},{'R1'},{'R3'},,,,,,&,2.0,&
{'D1'},{'R2'},{'D3'},{'R1'},{'R3'},{'D6'},{'D5'},{'D2'},{'D7'},,&,1.0,&
{'D1'},{'R2'},{'D3'},{'R1'},{'R3'},{'D2'},{'D7'},,,,&,1.0,&
{'D1'},{'R2'},{'D3'},{'R1'},{'R3'},{'D2'},{'D7'},{'D5'},{'D6'},,&,1.0,&
{'D1'},{'R2'},{'D3'},{'R1'},{'R3'},{'D2'},{'D5'},{'D6'},,,&,1.0,&
{'D1'},{'R2'},{'D3'},{'R3'},,,,,,,&,15.0,&
{'D1'},{'R2'},{'D3'},{'R3'},{'D2'},,,,,,&,7.0,&
{'D1'},{'R2'},{'D3'},{'R3'},{'D2'},{'D7'},{'D5'},{'D6'},{'R1'},,&,1.0,&
{'D1'},{'R2'},{'D3'},{'R3'},{'D2'},{'D7'},{'D6'},{'R1'},{'D5'},,&,1.0,&
{'D1'},{'R2'},{'D3'},{'R3'},{'D2'},{'D5'},{'D7'},{'D6'},{'D4'},,&,1.0,&
{'D1'},{'R2'},{'D3'},{'R3'},{'D2'},{'D5'},{'D6'},,,,&,2.0,&
{'D1'},{'R2'},{'D3'},{'R3'},{'D2'},{'D6'},{'D7'},{'D5'},,,&,1.0,&
{'D1'},{'R2'},{'D3'},{'R3'},{'D2'},{'D6'},{'D7'},{'D5'},{'D4'},,&,1.0,&
{'D1'},{'R2'},{'D3'},{'R3'},{'D2'},{'D6'},{'D7'},{'D5'},{'D4'},{'R1'},&,1.0,&
{'D1'},{'R2'},{'D3'},{'R3'},{'D2'},{'D6'},{'D7'},{'R1'},{'D5'},,&,1.0,&
{'D1'},{'R2'},{'D3'},{'R3'},{'D2'},{'D6'},{'D5'},,,,&,2.0,&
{'D1'},{'R2'},{'D3'},{'R3'},{'D2'},{'D6'},{'D5'},{'D7'},{'R1'},{'D4'},&,1.0,&
{'D1'},{'R2'},{'D3'},{'R3'},{'D2'},{'D6'},{'R1'},{'D7'},{'D5'},{'D4'},&,1.0,&
{'D1'},{'R2'},{'D3'},{'R3'},{'D2'},{'R1'},,,,,&,2.0,&
{'D1'},{'R2'},{'D3'},{'R3'},{'D2'},{'R1'},{'D7'},{'D4'},{'D6'},,&,1.0,&
{'D1'},{'R2'},{'D3'},{'R3'},{'D2'},{'R1'},{'D7'},{'D5'},,,&,1.0,&
{'D1'},{'R2'},{'D3'},{'R3'},{'D2'},{'R1'},{'D7'},{'D5'},{'D6'},{'D4'},&,1.0,&
{'D1'},{'R2'},{'D3'},{'R3'},{'D2'},{'R1'},{'D5'},{'D4'},{'D7'},{'D6'},&,1.0,&
{'D1'},{'R2'},{'D3'},{'R3'},{'D2'},{'R1'},{'D6'},{'D7'},{'D5'},{'D4'},&,1.0,&
{'D1'},{'R2'},{'D3'},{'R3'},{'D2'},{'D4'},{'R1'},,,,&,1.0,&
{'D1'},{'R2'},{'D3'},{'R3'},{'D6'},{'D2'},{'D5'},{'D7'},{'R1'},{'D4'},&,1.0,&
{'D1'},{'R2'},{'D3'},{'R3'},{'D6'},{'D2'},{'D5'},{'R1'},{'D7'},,&,1.0,&
{'D1'},{'R2'},{'D3'},{'R3'},{'D6'},{'R1'},{'D2'},,,,&,1.0,&
{'D1'},{'R2'},{'D3'},{'R3'},{'D7'},{'D2'},,,,,&,1.0,&
{'D1'},{'R2'},{'D3'},{'R3'},{'D7'},{'R1'},{'D2'},,,,&,1.0,&
{'D1'},{'R2'},{'D3'},{'R3'},{'R1'},,,,,,&,6.0,&
{'D1'},{'R2'},{'D3'},{'R3'},{'R1'},{'D7'},{'D2'},,,,&,1.0,&
{'D1'},{'R2'},{'D3'},{'R3'},{'R1'},{'D5'},{'D2'},,,,&,1.0,&
{'D1'},{'R2'},{'D3'},{'R3'},{'R1'},{'D6'},,,,,&,1.0,&
{'D1'},{'R2'},{'D3'},{'R3'},{'R1'},{'D6'},{'D2'},,,,&,2.0,&
{'D1'},{'R2'},{'D3'},{'R3'},{'R1'},{'D2'},,,,,&,6.0,&
{'D1'},{'R2'},{'D3'},{'R3'},{'R1'},{'D2'},{'D7'},,,,&,1.0,&
{'D1'},{'R2'},{'D3'},{'R3'},{'R1'},{'D2'},{'D7'},{'D6'},{'D5'},,&,2.0,&
{'D1'},{'R2'},{'D3'},{'R3'},{'R1'},{'D2'},{'D7'},{'D5'},{'D6'},{'D4'},&,1.0,&
{'D1'},{'R2'},{'D3'},{'R3'},{'R1'},{'D2'},{'D5'},,,,&,2.0,&
{'D1'},{'R2'},{'D3'},{'R3'},{'R1'},{'D2'},{'D5'},{'D6'},,,&,1.0,&
{'D1'},{'R2'},{'D3'},{'R3'},{'R1'},{'D2'},{'D5'},{'D6'},{'D4'},{'D7'},&,1.0,&
{'D1'},{'R2'},{'D3'},{'R3'},{'R1'},{'D2'},{'D5'},{'D4'},,,&,1.0,&
{'D1'},{'R2'},{'D3'},{'R3'},{'R1'},{'D2'},{'D6'},,,,&,3.0,&
{'D1'},{'R2'},{'D3'},{'R3'},{'R1'},{'D2'},{'D6'},{'D4'},{'D5'},,&,2.0,&
{'D1'},{'R2'},{'D3'},{'R3'},{'R1'},{'D2'},{'D6'},{'D5'},,,&,1.0,&
{'D1'},{'R2'},{'D3'},{'R3'},{'R1'},{'D2'},{'D4'},{'D7'},,,&,1.0,&
{'D1'},{'R2'},{'D3'},{'R3'},{'R1'},{'D4'},,,,,&,1.0,&
{'D1'},{'R2'},{'D3'},{'R3'},{'D5'},{'R1'},{'D2'},{'D6'},{'D7'},{'D4'},&,1.0,&
{'D1'},{'R2'},{'D3'},{'R3'},{'D4'},{'R1'},{'D7'},,,,&,1.0,&
{'D1'},{'R2'},{'D3'},{'D6'},,,,,,,&,2.0,&
{'D1'},{'R2'},{'D3'},{'D6'},{'D2'},,,,,,&,2.0,&
{'D1'},{'R2'},{'D3'},{'D6'},{'D2'},{'D7'},{'D5'},{'D4'},{'R3'},{'R1'},&,1.0,&
{'D1'},{'R2'},{'D3'},{'D6'},{'D2'},{'D5'},{'D7'},{'R3'},{'D4'},,&,1.0,&
{'D1'},{'R2'},{'D3'},{'D6'},{'D2'},{'D5'},{'R1'},,,,&,1.0,&
{'D1'},{'R2'},{'D3'},{'D6'},{'D2'},{'R3'},{'D7'},{'D5'},{'D4'},{'R1'},&,1.0,&
{'D1'},{'R2'},{'D3'},{'D6'},{'D2'},{'R3'},{'D5'},,,,&,1.0,&
{'D1'},{'R2'},{'D3'},{'D6'},{'D2'},{'R3'},{'D4'},,,,&,1.0,&
{'D1'},{'R2'},{'D3'},{'D6'},{'D2'},{'R1'},{'R3'},{'D7'},{'D5'},{'D4'},&,1.0,&
{'D1'},{'R2'},{'D3'},{'D6'},{'D7'},{'D5'},,,,,&,1.0,&
{'D1'},{'R2'},{'D3'},{'D6'},{'R1'},,,,,,&,2.0,&
{'D1'},{'R2'},{'D3'},{'D6'},{'R1'},{'D2'},,,,,&,2.0,&
{'D1'},{'R2'},{'D3'},{'D6'},{'R3'},{'R1'},,,,,&,1.0,&
{'D1'},{'R2'},{'D3'},{'D6'},{'R3'},{'R1'},{'D2'},{'D5'},,,&,1.0,&
{'D1'},{'R2'},{'D3'},{'D2'},,,,,,,&,11.0,&
{'D1'},{'R2'},{'D3'},{'D2'},{'D6'},,,,,,&,3.0,&
{'D1'},{'R2'},{'D3'},{'D2'},{'D6'},{'D7'},{'D5'},{'D4'},,,&,1.0,&
{'D1'},{'R2'},{'D3'},{'D2'},{'D6'},{'D7'},{'D5'},{'R3'},,,&,1.0,&
{'D1'},{'R2'},{'D3'},{'D2'},{'D6'},{'D7'},{'D5'},{'R3'},{'R1'},{'D4'},&,1.0,&
{'D1'},{'R2'},{'D3'},{'D2'},{'D6'},{'D5'},,,,,&,3.0,&
{'D1'},{'R2'},{'D3'},{'D2'},{'D6'},{'D5'},{'R3'},,,,&,1.0,&
{'D1'},{'R2'},{'D3'},{'D2'},{'D6'},{'R3'},,,,,&,2.0,&
{'D1'},{'R2'},{'D3'},{'D2'},{'D6'},{'R3'},{'D7'},{'D4'},,,&,1.0,&
{'D1'},{'R2'},{'D3'},{'D2'},{'D6'},{'R3'},{'D7'},{'R1'},{'D5'},{'D4'},&,1.0,&
{'D1'},{'R2'},{'D3'},{'D2'},{'D6'},{'R3'},{'D5'},{'R1'},{'D4'},{'D7'},&,1.0,&
{'D1'},{'R2'},{'D3'},{'D2'},{'D6'},{'R3'},{'R1'},{'D7'},{'D5'},{'D4'},&,1.0,&
{'D1'},{'R2'},{'D3'},{'D2'},{'D6'},{'R3'},{'R1'},{'D7'},{'D4'},{'D5'},&,1.0,&
{'D1'},{'R2'},{'D3'},{'D2'},{'D6'},{'R1'},,,,,&,1.0,&
{'D1'},{'R2'},{'D3'},{'D2'},{'D6'},{'R1'},{'D7'},{'D5'},{'R3'},,&,1.0,&
{'D1'},{'R2'},{'D3'},{'D2'},{'D7'},,,,,,&,3.0,&
{'D1'},{'R2'},{'D3'},{'D2'},{'D7'},{'D5'},,,,,&,1.0,&
{'D1'},{'R2'},{'D3'},{'D2'},{'D7'},{'D5'},{'R3'},{'D6'},{'D4'},{'R1'},&,1.0,&
{'D1'},{'R2'},{'D3'},{'D2'},{'D7'},{'D5'},{'R3'},{'R1'},{'D6'},{'D4'},&,1.0,&
{'D1'},{'R2'},{'D3'},{'D2'},{'D7'},{'D5'},{'D6'},{'R3'},,,&,1.0,&
{'D1'},{'R2'},{'D3'},{'D2'},{'D7'},{'D5'},{'D6'},{'R3'},{'R1'},{'D4'},&,1.0,&
{'D1'},{'R2'},{'D3'},{'D2'},{'D7'},{'D6'},,,,,&,2.0,&
{'D1'},{'R2'},{'D3'},{'D2'},{'D7'},{'D6'},{'R3'},{'R1'},,,&,1.0,&
{'D1'},{'R2'},{'D3'},{'D2'},{'D7'},{'D6'},{'R1'},{'D5'},{'D4'},,&,1.0,&
{'D1'},{'R2'},{'D3'},{'D2'},{'D7'},{'D6'},{'D4'},,,,&,1.0,&
{'D1'},{'R2'},{'D3'},{'D2'},{'D7'},{'R3'},{'R1'},,,,&,1.0,&
{'D1'},{'R2'},{'D3'},{'D2'},{'D7'},{'R3'},{'D4'},{'D6'},{'D5'},{'R1'},&,1.0,&
{'D1'},{'R2'},{'D3'},{'D2'},{'D7'},{'R1'},{'R3'},,,,&,1.0,&
{'D1'},{'R2'},{'D3'},{'D2'},{'D7'},{'R1'},{'R3'},{'D6'},,,&,1.0,&
{'D1'},{'R2'},{'D3'},{'D2'},{'D7'},{'D4'},{'R1'},{'D6'},{'R3'},{'D5'},&,1.0,&
{'D1'},{'R2'},{'D3'},{'D2'},{'R1'},,,,,,&,3.0,&
{'D1'},{'R2'},{'D3'},{'D2'},{'R1'},{'D7'},,,,,&,1.0,&
{'D1'},{'R2'},{'D3'},{'D2'},{'R1'},{'D5'},{'D7'},,,,&,1.0,&
{'D1'},{'R2'},{'D3'},{'D2'},{'R1'},{'D5'},{'D6'},{'R3'},{'D7'},{'D4'},&,1.0,&
{'D1'},{'R2'},{'D3'},{'D2'},{'R1'},{'D6'},{'R3'},{'D5'},,,&,1.0,&
{'D1'},{'R2'},{'D3'},{'D2'},{'R1'},{'R3'},,,,,&,3.0,&
{'D1'},{'R2'},{'D3'},{'D2'},{'R1'},{'R3'},{'D6'},{'D4'},,,&,1.0,&
{'D1'},{'R2'},{'D3'},{'D2'},{'D5'},,,,,,&,4.0,&
{'D1'},{'R2'},{'D3'},{'D2'},{'D5'},{'D7'},{'R3'},{'D6'},,,&,1.0,&
{'D1'},{'R2'},{'D3'},{'D2'},{'D5'},{'D7'},{'R3'},{'D6'},{'R1'},,&,1.0,&
{'D1'},{'R2'},{'D3'},{'D2'},{'D5'},{'D7'},{'R3'},{'D6'},{'D4'},,&,1.0,&
{'D1'},{'R2'},{'D3'},{'D2'},{'D5'},{'D7'},{'R3'},{'R1'},{'D6'},,&,1.0,&
{'D1'},{'R2'},{'D3'},{'D2'},{'D5'},{'D6'},,,,,&,1.0,&
{'D1'},{'R2'},{'D3'},{'D2'},{'D5'},{'D6'},{'R3'},{'R1'},{'D4'},{'D7'},&,1.0,&
{'D1'},{'R2'},{'D3'},{'D2'},{'D5'},{'R3'},{'D7'},,,,&,1.0,&
{'D1'},{'R2'},{'D3'},{'D2'},{'D5'},{'R3'},{'D7'},{'D6'},{'R1'},{'D4'},&,1.0,&
{'D1'},{'R2'},{'D3'},{'D2'},{'D5'},{'D4'},{'R3'},{'D6'},{'D7'},,&,1.0,&
{'D1'},{'R2'},{'D3'},{'D2'},{'R3'},,,,,,&,6.0,&
{'D1'},{'R2'},{'D3'},{'D2'},{'R3'},{'D7'},,,,,&,1.0,&
{'D1'},{'R2'},{'D3'},{'D2'},{'R3'},{'D7'},{'D6'},,,,&,1.0,&
{'D1'},{'R2'},{'D3'},{'D2'},{'R3'},{'D5'},,,,,&,2.0,&
{'D1'},{'R2'},{'D3'},{'D2'},{'R3'},{'D5'},{'D7'},{'R1'},{'D6'},{'D4'},&,1.0,&
{'D1'},{'R2'},{'D3'},{'D2'},{'R3'},{'D5'},{'R1'},{'D4'},{'D7'},{'D6'},&,1.0,&
{'D1'},{'R2'},{'D3'},{'D2'},{'R3'},{'D5'},{'D6'},{'R1'},,,&,1.0,&
{'D1'},{'R2'},{'D3'},{'D2'},{'R3'},{'D5'},{'D4'},,,,&,1.0,&
{'D1'},{'R2'},{'D3'},{'D2'},{'R3'},{'D6'},,,,,&,2.0,&
{'D1'},{'R2'},{'D3'},{'D2'},{'R3'},{'D6'},{'D7'},{'R1'},{'D5'},,&,1.0,&
{'D1'},{'R2'},{'D3'},{'D2'},{'R3'},{'D6'},{'D7'},{'R1'},{'D4'},,&,1.0,&
{'D1'},{'R2'},{'D3'},{'D2'},{'R3'},{'D6'},{'D7'},{'R1'},{'D4'},{'D5'},&,1.0,&
{'D1'},{'R2'},{'D3'},{'D2'},{'R3'},{'D6'},{'D5'},{'R1'},{'D4'},,&,1.0,&
{'D1'},{'R2'},{'D3'},{'D2'},{'R3'},{'D6'},{'R1'},{'D7'},{'D5'},,&,2.0,&
{'D1'},{'R2'},{'D3'},{'D2'},{'R3'},{'D6'},{'R1'},{'D5'},{'D7'},,&,1.0,&
{'D1'},{'R2'},{'D3'},{'D2'},{'R3'},{'D6'},{'R1'},{'D5'},{'D7'},{'D4'},&,1.0,&
{'D1'},{'R2'},{'D3'},{'D2'},{'R3'},{'R1'},,,,,&,1.0,&
{'D1'},{'R2'},{'D3'},{'D2'},{'R3'},{'R1'},{'D7'},{'D5'},{'D6'},,&,1.0,&
{'D1'},{'R2'},{'D3'},{'D2'},{'R3'},{'R1'},{'D5'},,,,&,2.0,&
{'D1'},{'R2'},{'D3'},{'D2'},{'R3'},{'R1'},{'D5'},{'D6'},,,&,1.0,&
{'D1'},{'R2'},{'D3'},{'D2'},{'R3'},{'R1'},{'D5'},{'D6'},{'D4'},{'D7'},&,1.0,&
{'D1'},{'R2'},{'D3'},{'D2'},{'R3'},{'R1'},{'D6'},{'D4'},,,&,1.0,&
{'D1'},{'R2'},{'D3'},{'D2'},{'R3'},{'R1'},{'D6'},{'D7'},{'D4'},{'D5'},&,1.0,&
{'D1'},{'R2'},{'D3'},{'D2'},{'R3'},{'R1'},{'D4'},{'D5'},,,&,1.0,&
{'D1'},{'R2'},{'D3'},{'D2'},{'D4'},,,,,,&,2.0,&
{'D1'},{'R2'},{'D3'},{'D2'},{'D4'},{'D5'},{'R3'},{'R1'},,,&,1.0,&
{'D1'},{'R2'},{'D3'},{'D2'},{'D4'},{'D6'},{'D5'},{'R3'},{'D7'},{'R1'},&,1.0,&
{'D1'},{'R2'},{'D5'},,,,,,,,&,14.0,&
{'D1'},{'R2'},{'D5'},{'D3'},,,,,,,&,1.0,&
{'D1'},{'R2'},{'D5'},{'D3'},{'D2'},,,,,,&,1.0,&
{'D1'},{'R2'},{'D5'},{'D3'},{'D2'},{'R3'},,,,,&,1.0,&
{'D1'},{'R2'},{'D5'},{'D3'},{'D7'},{'D2'},{'D6'},,,,&,1.0,&
{'D1'},{'R2'},{'D5'},{'D3'},{'R3'},,,,,,&,1.0,&
{'D1'},{'R2'},{'D5'},{'D3'},{'R3'},{'D2'},{'D7'},{'D4'},{'D6'},,&,1.0,&
{'D1'},{'R2'},{'D5'},{'D3'},{'R3'},{'D2'},{'D6'},,,,&,1.0,&
{'D1'},{'R2'},{'D5'},{'D3'},{'R3'},{'R1'},,,,,&,1.0,&
{'D1'},{'R2'},{'D5'},{'D3'},{'R3'},{'R1'},{'D7'},,,,&,1.0,&
{'D1'},{'R2'},{'D5'},{'D7'},{'R3'},,,,,,&,1.0,&
{'D1'},{'R2'},{'D5'},{'R1'},{'D2'},{'D3'},,,,,&,1.0,&
{'D1'},{'R2'},{'D5'},{'R1'},{'D7'},{'R3'},,,,,&,1.0,&
{'D1'},{'R2'},{'D5'},{'R1'},{'R3'},,,,,,&,1.0,&
{'D1'},{'R2'},{'D5'},{'R1'},{'R3'},{'D2'},{'D7'},,,,&,1.0,&
{'D1'},{'R2'},{'D5'},{'R3'},,,,,,,&,2.0,&
{'D1'},{'R2'},{'D5'},{'R3'},{'D2'},,,,,,&,2.0,&
{'D1'},{'R2'},{'D5'},{'R3'},{'D2'},{'D3'},{'D6'},,,,&,1.0,&
{'D1'},{'R2'},{'D5'},{'R3'},{'D2'},{'R1'},{'D3'},,,,&,1.0,&
{'D1'},{'R2'},{'D5'},{'R3'},{'D2'},{'R1'},{'D3'},{'D7'},,,&,2.0,&
{'D1'},{'R2'},{'D5'},{'R3'},{'D7'},{'D2'},{'D3'},,,,&,1.0,&
{'D1'},{'R2'},{'D5'},{'R3'},{'D3'},,,,,,&,1.0,&
{'D1'},{'R2'},{'D5'},{'R3'},{'D3'},{'D6'},{'D2'},{'R1'},,,&,1.0,&
{'D1'},{'R2'},{'D5'},{'R3'},{'R1'},{'D7'},,,,,&,1.0,&
{'D1'},{'R2'},{'D5'},{'R3'},{'R1'},{'D6'},{'D2'},{'D3'},{'D7'},,&,1.0,&
{'D1'},{'R2'},{'D5'},{'R3'},{'R1'},{'D2'},,,,,&,1.0,&
{'D1'},{'R2'},{'D5'},{'R3'},{'R1'},{'D3'},{'D7'},{'D2'},,,&,1.0,&
{'D1'},{'R2'},{'D5'},{'R3'},{'R1'},{'D3'},{'D2'},{'D7'},{'D6'},{'D4'},&,1.0,&
{'D1'},{'R2'},{'D5'},{'D6'},{'D2'},{'D3'},{'D7'},{'D4'},,,&,1.0,&
{'D1'},{'R2'},{'D5'},{'D6'},{'D2'},{'R1'},,,,,&,1.0,&
{'D1'},{'R2'},{'D5'},{'D6'},{'D7'},{'D3'},{'R3'},{'R1'},{'D2'},{'D4'},&,1.0,&
{'D1'},{'R2'},{'D5'},{'D6'},{'R3'},,,,,,&,1.0,&
{'D1'},{'R2'},{'D5'},{'D6'},{'R3'},{'D3'},{'D2'},,,,&,1.0,&
{'D1'},{'R2'},{'D5'},{'D6'},{'R3'},{'R1'},{'D2'},,,,&,1.0,&
{'D1'},{'R2'},{'D5'},{'D2'},,,,,,,&,2.0,&
{'D1'},{'R2'},{'D5'},{'D2'},{'D6'},{'R3'},{'D3'},{'D7'},,,&,1.0,&
{'D1'},{'R2'},{'D5'},{'D2'},{'D3'},{'D7'},{'R1'},{'D6'},{'D4'},{'R3'},&,1.0,&
{'D1'},{'R2'},{'D5'},{'D2'},{'D3'},{'D6'},{'R3'},,,,&,1.0,&
{'D1'},{'R2'},{'D5'},{'D2'},{'D3'},{'D6'},{'R3'},{'D7'},,,&,1.0,&
{'D1'},{'R2'},{'D5'},{'D2'},{'D3'},{'R3'},{'D7'},{'D6'},{'R1'},,&,1.0,&
{'D1'},{'R2'},{'D5'},{'D2'},{'D3'},{'R3'},{'R1'},,,,&,1.0,&
{'D1'},{'R2'},{'D5'},{'D2'},{'D3'},{'R3'},{'D6'},{'D7'},,,&,1.0,&
{'D1'},{'R2'},{'D5'},{'D2'},{'R1'},{'D6'},{'D3'},,,,&,1.0,&
{'D1'},{'R2'},{'D5'},{'D2'},{'R3'},{'D7'},{'D3'},{'D6'},{'R1'},,&,1.0,&
{'D1'},{'R2'},{'D5'},{'D2'},{'R3'},{'D3'},{'R1'},{'D4'},{'D6'},{'D7'},&,1.0,&
{'D1'},{'R2'},{'D5'},{'D2'},{'R3'},{'D3'},{'R1'},{'D7'},{'D6'},{'D4'},&,1.0,&
{'D1'},{'R2'},{'D5'},{'D2'},{'R3'},{'D3'},{'D6'},,,,&,1.0,&
{'D1'},{'R2'},{'D5'},{'D2'},{'R3'},{'R1'},,,,,&,1.0,&
{'D1'},{'R2'},{'D5'},{'D2'},{'R3'},{'R1'},{'D3'},,,,&,1.0,&
{'D1'},{'R2'},{'D7'},,,,,,,,&,7.0,&
{'D1'},{'R2'},{'D7'},{'D5'},{'D3'},,,,,,&,1.0,&
{'D1'},{'R2'},{'D7'},{'D5'},{'R3'},{'D3'},{'R1'},{'D2'},,,&,1.0,&
{'D1'},{'R2'},{'D7'},{'D3'},,,,,,,&,1.0,&
{'D1'},{'R2'},{'D7'},{'D3'},{'D2'},,,,,,&,1.0,&
{'D1'},{'R2'},{'D7'},{'D3'},{'D2'},{'D5'},{'R1'},,,,&,1.0,&
{'D1'},{'R2'},{'D7'},{'D3'},{'D6'},{'D2'},,,,,&,1.0,&
{'D1'},{'R2'},{'D7'},{'D3'},{'R1'},{'D2'},{'D4'},,,,&,1.0,&
{'D1'},{'R2'},{'D7'},{'D3'},{'R1'},{'D4'},{'R3'},{'D2'},{'D6'},,&,1.0,&
{'D1'},{'R2'},{'D7'},{'D3'},{'D5'},{'D6'},{'D4'},{'D2'},{'R3'},,&,1.0,&
{'D1'},{'R2'},{'D7'},{'D3'},{'D5'},{'R3'},,,,,&,1.0,&
{'D1'},{'R2'},{'D7'},{'D3'},{'D5'},{'R3'},{'R1'},{'D2'},{'D6'},,&,1.0,&
{'D1'},{'R2'},{'D7'},{'D3'},{'R3'},,,,,,&,2.0,&
{'D1'},{'R2'},{'D7'},{'D4'},{'D2'},{'R3'},{'D3'},{'R1'},,,&,1.0,&
{'D1'},{'R2'},{'D7'},{'R1'},,,,,,,&,1.0,&
{'D1'},{'R2'},{'D7'},{'R1'},{'D3'},{'D2'},{'R3'},,,,&,1.0,&
{'D1'},{'R2'},{'D7'},{'R1'},{'R3'},{'D3'},{'D5'},{'D6'},,,&,1.0,&
{'D1'},{'R2'},{'D7'},{'R3'},,,,,,,&,4.0,&
{'D1'},{'R2'},{'D7'},{'R3'},{'D2'},,,,,,&,1.0,&
{'D1'},{'R2'},{'D7'},{'R3'},{'D2'},{'D3'},{'D5'},{'D6'},{'R1'},{'D4'},&,1.0,&
{'D1'},{'R2'},{'D7'},{'R3'},{'D2'},{'R1'},{'D3'},{'D4'},,,&,1.0,&
{'D1'},{'R2'},{'D7'},{'R3'},{'D6'},,,,,,&,1.0,&
{'D1'},{'R2'},{'D7'},{'R3'},{'D3'},{'D2'},,,,,&,1.0,&
{'D1'},{'R2'},{'D7'},{'R3'},{'R1'},{'D3'},{'D6'},{'D2'},,,&,1.0,&
{'D1'},{'R2'},{'D7'},{'D6'},,,,,,,&,2.0,&
{'D1'},{'R2'},{'D7'},{'D6'},{'D2'},{'D5'},{'D3'},,,,&,1.0,&
{'D1'},{'R2'},{'D7'},{'D2'},{'D3'},,,,,,&,1.0,&
{'D1'},{'R2'},{'D7'},{'D2'},{'D3'},{'D5'},{'R3'},{'D6'},{'D4'},,&,1.0,&
{'D1'},{'R2'},{'D7'},{'D2'},{'D5'},{'D3'},{'D4'},{'R3'},{'R1'},,&,1.0,&
{'D1'},{'R2'},{'D7'},{'D2'},{'R3'},{'D5'},,,,,&,1.0,&
{'D1'},{'R2'},{'D7'},{'D2'},{'R3'},{'D3'},,,,,&,2.0,&
{'D1'},{'R2'},{'R3'},,,,,,,,&,93.0,&
{'D1'},{'R2'},{'R3'},{'D5'},,,,,,,&,4.0,&
{'D1'},{'R2'},{'R3'},{'D5'},{'D2'},,,,,,&,1.0,&
{'D1'},{'R2'},{'R3'},{'D5'},{'D2'},{'D7'},{'D3'},{'R1'},,,&,2.0,&
{'D1'},{'R2'},{'R3'},{'D5'},{'D2'},{'D3'},{'D7'},{'R1'},,,&,1.0,&
{'D1'},{'R2'},{'R3'},{'D5'},{'D2'},{'D3'},{'R1'},{'D7'},{'D6'},,&,1.0,&
{'D1'},{'R2'},{'R3'},{'D5'},{'D2'},{'D3'},{'R1'},{'D7'},{'D4'},{'D6'},&,1.0,&
{'D1'},{'R2'},{'R3'},{'D5'},{'D2'},{'R1'},,,,,&,2.0,&
{'D1'},{'R2'},{'R3'},{'D5'},{'D2'},{'R1'},{'D3'},{'D7'},{'D6'},{'D4'},&,1.0,&
{'D1'},{'R2'},{'R3'},{'D5'},{'D7'},{'R1'},,,,,&,1.0,&
{'D1'},{'R2'},{'R3'},{'D5'},{'D3'},,,,,,&,2.0,&
{'D1'},{'R2'},{'R3'},{'D5'},{'R1'},,,,,,&,1.0,&
{'D1'},{'R2'},{'R3'},{'D5'},{'R1'},{'D6'},{'D2'},,,,&,1.0,&
{'D1'},{'R2'},{'R3'},{'D5'},{'R1'},{'D2'},{'D7'},{'D3'},,,&,1.0,&
{'D1'},{'R2'},{'R3'},{'D5'},{'R1'},{'D2'},{'D3'},,,,&,2.0,&
{'D1'},{'R2'},{'R3'},{'D5'},{'R1'},{'D3'},,,,,&,2.0,&
{'D1'},{'R2'},{'R3'},{'D5'},{'R1'},{'D3'},{'D6'},{'D2'},{'D4'},,&,1.0,&
{'D1'},{'R2'},{'R3'},{'D5'},{'R1'},{'D3'},{'D2'},{'D6'},{'D4'},{'D7'},&,1.0,&
{'D1'},{'R2'},{'R3'},{'D5'},{'R1'},{'D3'},{'D2'},{'D4'},{'D6'},{'D7'},&,1.0,&
{'D1'},{'R2'},{'R3'},{'D5'},{'R1'},{'D3'},{'D2'},{'D7'},{'D6'},,&,1.0,&
{'D1'},{'R2'},{'R3'},{'D5'},{'R1'},{'D3'},{'D2'},{'D7'},{'D6'},{'D4'},&,1.0,&
{'D1'},{'R2'},{'R3'},{'D3'},,,,,,,&,10.0,&
{'D1'},{'R2'},{'R3'},{'D3'},{'D2'},,,,,,&,4.0,&
{'D1'},{'R2'},{'R3'},{'D3'},{'D2'},{'D7'},,,,,&,3.0,&
{'D1'},{'R2'},{'R3'},{'D3'},{'D2'},{'D7'},{'R1'},{'D6'},{'D5'},{'D4'},&,1.0,&
{'D1'},{'R2'},{'R3'},{'D3'},{'D2'},{'D5'},,,,,&,2.0,&
{'D1'},{'R2'},{'R3'},{'D3'},{'D2'},{'D5'},{'D7'},{'D6'},{'R1'},,&,1.0,&
{'D1'},{'R2'},{'R3'},{'D3'},{'D2'},{'D5'},{'D7'},{'D6'},{'D4'},{'R1'},&,1.0,&
{'D1'},{'R2'},{'R3'},{'D3'},{'D2'},{'D5'},{'R1'},{'D6'},,,&,1.0,&
{'D1'},{'R2'},{'R3'},{'D3'},{'D2'},{'D5'},{'D6'},{'D4'},{'D7'},{'R1'},&,1.0,&
{'D1'},{'R2'},{'R3'},{'D3'},{'D2'},{'D5'},{'D6'},{'R1'},{'D7'},,&,1.0,&
{'D1'},{'R2'},{'R3'},{'D3'},{'D2'},{'D5'},{'D4'},{'D6'},{'D7'},,&,1.0,&
{'D1'},{'R2'},{'R3'},{'D3'},{'D2'},{'D6'},,,,,&,1.0,&
{'D1'},{'R2'},{'R3'},{'D3'},{'D2'},{'D6'},{'D7'},,,,&,1.0,&
{'D1'},{'R2'},{'R3'},{'D3'},{'D2'},{'D6'},{'D7'},{'R1'},,,&,1.0,&
{'D1'},{'R2'},{'R3'},{'D3'},{'D2'},{'D6'},{'D5'},{'D4'},,,&,1.0,&
{'D1'},{'R2'},{'R3'},{'D3'},{'D2'},{'R1'},,,,,&,3.0,&
{'D1'},{'R2'},{'R3'},{'D3'},{'D2'},{'R1'},{'D7'},,,,&,1.0,&
{'D1'},{'R2'},{'R3'},{'D3'},{'D2'},{'R1'},{'D5'},{'D6'},{'D7'},{'D4'},&,1.0,&
{'D1'},{'R2'},{'R3'},{'D3'},{'D2'},{'R1'},{'D5'},{'D7'},,,&,1.0,&
{'D1'},{'R2'},{'R3'},{'D3'},{'D2'},{'R1'},{'D6'},{'D7'},{'D5'},{'D4'},&,1.0,&
{'D1'},{'R2'},{'R3'},{'D3'},{'D6'},,,,,,&,2.0,&
{'D1'},{'R2'},{'R3'},{'D3'},{'D6'},{'D7'},{'R1'},{'D2'},{'D4'},{'D5'},&,1.0,&
{'D1'},{'R2'},{'R3'},{'D3'},{'D6'},{'D2'},,,,,&,2.0,&
{'D1'},{'R2'},{'R3'},{'D3'},{'D6'},{'D2'},{'D5'},{'R1'},,,&,1.0,&
{'D1'},{'R2'},{'R3'},{'D3'},{'D6'},{'R1'},,,,,&,1.0,&
{'D1'},{'R2'},{'R3'},{'D3'},{'D7'},,,,,,&,1.0,&
{'D1'},{'R2'},{'R3'},{'D3'},{'D7'},{'R1'},,,,,&,3.0,&
{'D1'},{'R2'},{'R3'},{'D3'},{'R1'},,,,,,&,3.0,&
{'D1'},{'R2'},{'R3'},{'D3'},{'R1'},{'D7'},,,,,&,1.0,&
{'D1'},{'R2'},{'R3'},{'D3'},{'R1'},{'D5'},,,,,&,1.0,&
{'D1'},{'R2'},{'R3'},{'D3'},{'R1'},{'D5'},{'D2'},,,,&,1.0,&
{'D1'},{'R2'},{'R3'},{'D3'},{'R1'},{'D6'},,,,,&,1.0,&
{'D1'},{'R2'},{'R3'},{'D3'},{'R1'},{'D6'},{'D2'},,,,&,1.0,&
{'D1'},{'R2'},{'R3'},{'D3'},{'R1'},{'D6'},{'D2'},{'D4'},,,&,1.0,&
{'D1'},{'R2'},{'R3'},{'D3'},{'R1'},{'D2'},,,,,&,7.0,&
{'D1'},{'R2'},{'R3'},{'D3'},{'R1'},{'D2'},{'D7'},,,,&,3.0,&
{'D1'},{'R2'},{'R3'},{'D3'},{'R1'},{'D2'},{'D7'},{'D4'},{'D5'},{'D6'},&,1.0,&
{'D1'},{'R2'},{'R3'},{'D3'},{'R1'},{'D2'},{'D7'},{'D5'},,,&,1.0,&
{'D1'},{'R2'},{'R3'},{'D3'},{'R1'},{'D2'},{'D5'},{'D7'},{'D6'},{'D4'},&,1.0,&
{'D1'},{'R2'},{'R3'},{'D3'},{'R1'},{'D2'},{'D6'},,,,&,1.0,&
{'D1'},{'R2'},{'R3'},{'D3'},{'R1'},{'D2'},{'D6'},{'D7'},,,&,2.0,&
{'D1'},{'R2'},{'R3'},{'D3'},{'R1'},{'D2'},{'D6'},{'D5'},{'D7'},,&,1.0,&
{'D1'},{'R2'},{'R3'},{'D3'},{'R1'},{'D2'},{'D6'},{'D5'},{'D7'},{'D4'},&,3.0,&
{'D1'},{'R2'},{'R3'},{'D3'},{'D5'},,,,,,&,2.0,&
{'D1'},{'R2'},{'R3'},{'D3'},{'D5'},{'D7'},,,,,&,1.0,&
{'D1'},{'R2'},{'R3'},{'D3'},{'D5'},{'D2'},{'R1'},{'D4'},,,&,1.0,&
{'D1'},{'R2'},{'R3'},{'D3'},{'D5'},{'D2'},{'D6'},{'D7'},{'D4'},{'R1'},&,1.0,&
{'D1'},{'R2'},{'R3'},{'D3'},{'D5'},{'R1'},{'D2'},,,,&,2.0,&
{'D1'},{'R2'},{'R3'},{'D3'},{'D4'},{'D5'},{'R1'},{'D2'},{'D6'},,&,1.0,&
{'D1'},{'R2'},{'R3'},{'D4'},{'D2'},{'D3'},{'D7'},{'D6'},{'D5'},{'R1'},&,1.0,&
{'D1'},{'R2'},{'R3'},{'D4'},{'D2'},{'R1'},{'D3'},,,,&,1.0,&
{'D1'},{'R2'},{'R3'},{'D4'},{'D3'},{'D2'},{'D7'},{'D6'},,,&,1.0,&
{'D1'},{'R2'},{'R3'},{'D4'},{'D5'},{'D3'},,,,,&,1.0,&
{'D1'},{'R2'},{'R3'},{'D7'},{'D2'},,,,,,&,1.0,&
{'D1'},{'R2'},{'R3'},{'D7'},{'D2'},{'D5'},{'D3'},{'D6'},{'R1'},{'D4'},&,1.0,&
{'D1'},{'R2'},{'R3'},{'D7'},{'D2'},{'D6'},{'D3'},{'D4'},{'D5'},,&,1.0,&
{'D1'},{'R2'},{'R3'},{'D7'},{'D2'},{'D3'},,,,,&,1.0,&
{'D1'},{'R2'},{'R3'},{'D7'},{'D2'},{'D3'},{'R1'},{'D6'},,,&,1.0,&
{'D1'},{'R2'},{'R3'},{'D7'},{'D2'},{'D3'},{'R1'},{'D5'},,,&,1.0,&
{'D1'},{'R2'},{'R3'},{'D7'},{'D2'},{'D3'},{'R1'},{'D5'},{'D6'},,&,1.0,&
{'D1'},{'R2'},{'R3'},{'D7'},{'D2'},{'R1'},{'D6'},{'D5'},{'D3'},{'D4'},&,1.0,&
{'D1'},{'R2'},{'R3'},{'D7'},{'D2'},{'R1'},{'D3'},{'D5'},{'D6'},,&,1.0,&
{'D1'},{'R2'},{'R3'},{'D7'},{'D6'},{'R1'},{'D2'},,,,&,1.0,&
{'D1'},{'R2'},{'R3'},{'D7'},{'D3'},{'D2'},{'D4'},{'R1'},{'D5'},,&,1.0,&
{'D1'},{'R2'},{'R3'},{'D7'},{'D3'},{'R1'},{'D2'},,,,&,1.0,&
{'D1'},{'R2'},{'R3'},{'D7'},{'D3'},{'R1'},{'D2'},{'D6'},{'D5'},,&,1.0,&
{'D1'},{'R2'},{'R3'},{'D7'},{'R1'},{'D2'},{'D6'},{'D4'},{'D3'},,&,1.0,&
{'D1'},{'R2'},{'R3'},{'D7'},{'R1'},{'D2'},{'D6'},{'D3'},{'D5'},{'D4'},&,1.0,&
{'D1'},{'R2'},{'R3'},{'D7'},{'R1'},{'D3'},{'D2'},{'D6'},{'D5'},{'D4'},&,1.0,&
{'D1'},{'R2'},{'R3'},{'D7'},{'R1'},{'D4'},{'D3'},,,,&,1.0,&
{'D1'},{'R2'},{'R3'},{'R1'},,,,,,,&,31.0,&
{'D1'},{'R2'},{'R3'},{'R1'},{'D2'},,,,,,&,18.0,&
{'D1'},{'R2'},{'R3'},{'R1'},{'D2'},{'D7'},,,,,&,1.0,&
{'D1'},{'R2'},{'R3'},{'R1'},{'D2'},{'D7'},{'D3'},{'D6'},{'D5'},,&,2.0,&
{'D1'},{'R2'},{'R3'},{'R1'},{'D2'},{'D7'},{'D3'},{'D6'},{'D4'},,&,1.0,&
{'D1'},{'R2'},{'R3'},{'R1'},{'D2'},{'D7'},{'D3'},{'D5'},{'D6'},,&,1.0,&
{'D1'},{'R2'},{'R3'},{'R1'},{'D2'},{'D5'},,,,,&,1.0,&
{'D1'},{'R2'},{'R3'},{'R1'},{'D2'},{'D5'},{'D6'},{'D3'},{'D7'},{'D4'},&,1.0,&
{'D1'},{'R2'},{'R3'},{'R1'},{'D2'},{'D5'},{'D3'},{'D4'},{'D6'},{'D7'},&,1.0,&
{'D1'},{'R2'},{'R3'},{'R1'},{'D2'},{'D6'},,,,,&,1.0,&
{'D1'},{'R2'},{'R3'},{'R1'},{'D2'},{'D6'},{'D5'},{'D3'},{'D7'},{'D4'},&,1.0,&
{'D1'},{'R2'},{'R3'},{'R1'},{'D2'},{'D6'},{'D4'},,,,&,1.0,&
{'D1'},{'R2'},{'R3'},{'R1'},{'D2'},{'D6'},{'D3'},,,,&,2.0,&
{'D1'},{'R2'},{'R3'},{'R1'},{'D2'},{'D6'},{'D3'},{'D5'},,,&,1.0,&
{'D1'},{'R2'},{'R3'},{'R1'},{'D2'},{'D6'},{'D3'},{'D5'},{'D7'},{'D4'},&,1.0,&
{'D1'},{'R2'},{'R3'},{'R1'},{'D2'},{'D3'},,,,,&,5.0,&
{'D1'},{'R2'},{'R3'},{'R1'},{'D2'},{'D3'},{'D7'},,,,&,1.0,&
{'D1'},{'R2'},{'R3'},{'R1'},{'D2'},{'D3'},{'D7'},{'D6'},,,&,2.0,&
{'D1'},{'R2'},{'R3'},{'R1'},{'D2'},{'D3'},{'D7'},{'D6'},{'D5'},{'D4'},&,2.0,&
{'D1'},{'R2'},{'R3'},{'R1'},{'D2'},{'D3'},{'D7'},{'D5'},,,&,2.0,&
{'D1'},{'R2'},{'R3'},{'R1'},{'D2'},{'D3'},{'D7'},{'D5'},{'D6'},{'D4'},&,1.0,&
{'D1'},{'R2'},{'R3'},{'R1'},{'D2'},{'D3'},{'D5'},,,,&,3.0,&
{'D1'},{'R2'},{'R3'},{'R1'},{'D2'},{'D3'},{'D5'},{'D6'},,,&,1.0,&
{'D1'},{'R2'},{'R3'},{'R1'},{'D2'},{'D3'},{'D5'},{'D4'},{'D6'},{'D7'},&,1.0,&
{'D1'},{'R2'},{'R3'},{'R1'},{'D2'},{'D3'},{'D6'},,,,&,1.0,&
{'D1'},{'R2'},{'R3'},{'R1'},{'D2'},{'D3'},{'D6'},{'D7'},{'D4'},{'D5'},&,2.0,&
{'D1'},{'R2'},{'R3'},{'R1'},{'D2'},{'D3'},{'D6'},{'D5'},,,&,2.0,&
{'D1'},{'R2'},{'R3'},{'R1'},{'D2'},{'D3'},{'D6'},{'D5'},{'D7'},{'D4'},&,1.0,&
{'D1'},{'R2'},{'R3'},{'R1'},{'D2'},{'D3'},{'D4'},,,,&,3.0,&
{'D1'},{'R2'},{'R3'},{'R1'},{'D2'},{'D4'},{'D3'},{'D5'},,,&,1.0,&
{'D1'},{'R2'},{'R3'},{'R1'},{'D6'},,,,,,&,3.0,&
{'D1'},{'R2'},{'R3'},{'R1'},{'D6'},{'D2'},{'D3'},{'D7'},,,&,1.0,&
{'D1'},{'R2'},{'R3'},{'R1'},{'D6'},{'D2'},{'D3'},{'D7'},{'D5'},{'D4'},&,1.0,&
{'D1'},{'R2'},{'R3'},{'R1'},{'D6'},{'D2'},{'D3'},{'D5'},,,&,1.0,&
{'D1'},{'R2'},{'R3'},{'R1'},{'D6'},{'D3'},{'D2'},{'D5'},,,&,1.0,&
{'D1'},{'R2'},{'R3'},{'R1'},{'D7'},,,,,,&,2.0,&
{'D1'},{'R2'},{'R3'},{'R1'},{'D7'},{'D2'},,,,,&,1.0,&
{'D1'},{'R2'},{'R3'},{'R1'},{'D7'},{'D3'},,,,,&,1.0,&
{'D1'},{'R2'},{'R3'},{'R1'},{'D7'},{'D3'},{'D2'},,,,&,1.0,&
{'D1'},{'R2'},{'R3'},{'R1'},{'D7'},{'D3'},{'D2'},{'D6'},{'D5'},,&,1.0,&
{'D1'},{'R2'},{'R3'},{'R1'},{'D7'},{'D3'},{'D2'},{'D5'},,,&,1.0,&
{'D1'},{'R2'},{'R3'},{'R1'},{'D3'},,,,,,&,6.0,&
{'D1'},{'R2'},{'R3'},{'R1'},{'D3'},{'D7'},{'D6'},,,,&,1.0,&
{'D1'},{'R2'},{'R3'},{'R1'},{'D3'},{'D7'},{'D2'},{'D6'},{'D4'},{'D5'},&,1.0,&
{'D1'},{'R2'},{'R3'},{'R1'},{'D3'},{'D5'},{'D7'},,,,&,1.0,&
{'D1'},{'R2'},{'R3'},{'R1'},{'D3'},{'D5'},{'D2'},,,,&,1.0,&
{'D1'},{'R2'},{'R3'},{'R1'},{'D3'},{'D5'},{'D2'},{'D6'},{'D7'},,&,1.0,&
{'D1'},{'R2'},{'R3'},{'R1'},{'D3'},{'D6'},,,,,&,1.0,&
{'D1'},{'R2'},{'R3'},{'R1'},{'D3'},{'D6'},{'D4'},{'D2'},{'D5'},,&,1.0,&
{'D1'},{'R2'},{'R3'},{'R1'},{'D3'},{'D6'},{'D2'},{'D7'},{'D5'},{'D4'},&,1.0,&
{'D1'},{'R2'},{'R3'},{'R1'},{'D3'},{'D6'},{'D2'},{'D5'},{'D7'},,&,1.0,&
{'D1'},{'R2'},{'R3'},{'R1'},{'D3'},{'D6'},{'D2'},{'D5'},{'D4'},,&,1.0,&
{'D1'},{'R2'},{'R3'},{'R1'},{'D3'},{'D2'},,,,,&,3.0,&
{'D1'},{'R2'},{'R3'},{'R1'},{'D3'},{'D2'},{'D7'},,,,&,1.0,&
{'D1'},{'R2'},{'R3'},{'R1'},{'D3'},{'D2'},{'D7'},{'D6'},,,&,1.0,&
{'D1'},{'R2'},{'R3'},{'R1'},{'D3'},{'D2'},{'D7'},{'D6'},{'D5'},,&,1.0,&
{'D1'},{'R2'},{'R3'},{'R1'},{'D3'},{'D2'},{'D7'},{'D5'},{'D6'},{'D4'},&,1.0,&
{'D1'},{'R2'},{'R3'},{'R1'},{'D3'},{'D2'},{'D5'},,,,&,1.0,&
{'D1'},{'R2'},{'R3'},{'R1'},{'D3'},{'D2'},{'D5'},{'D6'},{'D7'},{'D4'},&,1.0,&
{'D1'},{'R2'},{'R3'},{'R1'},{'D3'},{'D2'},{'D5'},{'D7'},,,&,1.0,&
{'D1'},{'R2'},{'R3'},{'R1'},{'D3'},{'D2'},{'D5'},{'D7'},{'D6'},,&,1.0,&
{'D1'},{'R2'},{'R3'},{'R1'},{'D3'},{'D2'},{'D6'},{'D7'},,,&,1.0,&
{'D1'},{'R2'},{'R3'},{'R1'},{'D3'},{'D2'},{'D6'},{'D5'},{'D7'},,&,2.0,&
{'D1'},{'R2'},{'R3'},{'R1'},{'D3'},{'D2'},{'D6'},{'D5'},{'D4'},{'D7'},&,1.0,&
{'D1'},{'R2'},{'R3'},{'R1'},{'D3'},{'D4'},,,,,&,1.0,&
{'D1'},{'R2'},{'R3'},{'R1'},{'D5'},,,,,,&,2.0,&
{'D1'},{'R2'},{'R3'},{'R1'},{'D5'},{'D7'},,,,,&,1.0,&
{'D1'},{'R2'},{'R3'},{'R1'},{'D5'},{'D6'},{'D7'},,,,&,1.0,&
{'D1'},{'R2'},{'R3'},{'R1'},{'D5'},{'D6'},{'D2'},{'D3'},{'D7'},{'D4'},&,1.0,&
{'D1'},{'R2'},{'R3'},{'R1'},{'D5'},{'D2'},,,,,&,1.0,&
{'D1'},{'R2'},{'R3'},{'R1'},{'D5'},{'D2'},{'D7'},{'D3'},,,&,2.0,&
{'D1'},{'R2'},{'R3'},{'R1'},{'D5'},{'D2'},{'D3'},{'D6'},,,&,1.0,&
{'D1'},{'R2'},{'R3'},{'R1'},{'D5'},{'D2'},{'D3'},{'D6'},{'D7'},{'D4'},&,1.0,&
{'D1'},{'R2'},{'R3'},{'R1'},{'D4'},,,,,,&,1.0,&
{'D1'},{'R2'},{'R3'},{'R1'},{'D4'},{'D2'},,,,,&,1.0,&
{'D1'},{'R2'},{'R3'},{'R1'},{'D4'},{'D2'},{'D3'},,,,&,1.0,&
{'D1'},{'R2'},{'R3'},{'D6'},,,,,,,&,2.0,&
{'D1'},{'R2'},{'R3'},{'D6'},{'D2'},,,,,,&,2.0,&
{'D1'},{'R2'},{'R3'},{'D6'},{'D2'},{'D7'},{'D3'},{'D5'},{'R1'},,&,1.0,&
{'D1'},{'R2'},{'R3'},{'D6'},{'D2'},{'D3'},,,,,&,1.0,&
{'D1'},{'R2'},{'R3'},{'D6'},{'D2'},{'D3'},{'D7'},,,,&,1.0,&
{'D1'},{'R2'},{'R3'},{'D6'},{'D2'},{'D3'},{'D7'},{'D5'},{'D4'},,&,1.0,&
{'D1'},{'R2'},{'R3'},{'D6'},{'D2'},{'D3'},{'D5'},{'D7'},{'R1'},,&,1.0,&
{'D1'},{'R2'},{'R3'},{'D6'},{'D2'},{'D3'},{'D5'},{'R1'},,,&,1.0,&
{'D1'},{'R2'},{'R3'},{'D6'},{'D2'},{'D3'},{'D4'},{'D5'},,,&,1.0,&
{'D1'},{'R2'},{'R3'},{'D6'},{'D2'},{'R1'},,,,,&,1.0,&
{'D1'},{'R2'},{'R3'},{'D6'},{'D2'},{'R1'},{'D5'},{'D3'},{'D7'},{'D4'},&,1.0,&
{'D1'},{'R2'},{'R3'},{'D6'},{'D7'},,,,,,&,1.0,&
{'D1'},{'R2'},{'R3'},{'D6'},{'D3'},,,,,,&,1.0,&
{'D1'},{'R2'},{'R3'},{'D6'},{'D3'},{'R1'},{'D5'},{'D2'},{'D7'},{'D4'},&,1.0,&
{'D1'},{'R2'},{'R3'},{'D6'},{'R1'},{'D2'},{'D5'},{'D3'},,,&,1.0,&
{'D1'},{'R2'},{'R3'},{'D6'},{'R1'},{'D2'},{'D3'},,,,&,1.0,&
{'D1'},{'R2'},{'R3'},{'D6'},{'R1'},{'D2'},{'D3'},{'D4'},,,&,1.0,&
{'D1'},{'R2'},{'R3'},{'D6'},{'D5'},{'R1'},,,,,&,1.0,&
{'D1'},{'R2'},{'R3'},{'D6'},{'D4'},{'D2'},{'D3'},{'D7'},{'D5'},{'R1'},&,1.0,&
{'D1'},{'R2'},{'R3'},{'D2'},,,,,,,&,27.0,&
{'D1'},{'R2'},{'R3'},{'D2'},{'D6'},,,,,,&,4.0,&
{'D1'},{'R2'},{'R3'},{'D2'},{'D6'},{'D7'},,,,,&,1.0,&
{'D1'},{'R2'},{'R3'},{'D2'},{'D6'},{'D5'},{'D3'},,,,&,1.0,&
{'D1'},{'R2'},{'R3'},{'D2'},{'D6'},{'D3'},,,,,&,1.0,&
{'D1'},{'R2'},{'R3'},{'D2'},{'D6'},{'D3'},{'D7'},{'D5'},{'R1'},,&,1.0,&
{'D1'},{'R2'},{'R3'},{'D2'},{'D6'},{'D3'},{'D5'},{'D7'},,,&,1.0,&
{'D1'},{'R2'},{'R3'},{'D2'},{'D6'},{'R1'},,,,,&,1.0,&
{'D1'},{'R2'},{'R3'},{'D2'},{'D6'},{'R1'},{'D7'},{'D3'},{'D5'},,&,1.0,&
{'D1'},{'R2'},{'R3'},{'D2'},{'D6'},{'R1'},{'D5'},,,,&,1.0,&
{'D1'},{'R2'},{'R3'},{'D2'},{'D6'},{'R1'},{'D3'},{'D7'},{'D5'},,&,1.0,&
{'D1'},{'R2'},{'R3'},{'D2'},{'D6'},{'R1'},{'D3'},{'D7'},{'D5'},{'D4'},&,1.0,&
{'D1'},{'R2'},{'R3'},{'D2'},{'D6'},{'D4'},{'R1'},{'D7'},,,&,1.0,&
{'D1'},{'R2'},{'R3'},{'D2'},{'D7'},,,,,,&,2.0,&
{'D1'},{'R2'},{'R3'},{'D2'},{'D7'},{'D6'},{'D3'},{'D5'},{'D4'},,&,1.0,&
{'D1'},{'R2'},{'R3'},{'D2'},{'D7'},{'D6'},{'D3'},{'R1'},{'D5'},,&,1.0,&
{'D1'},{'R2'},{'R3'},{'D2'},{'D7'},{'D3'},{'D5'},{'R1'},,,&,1.0,&
{'D1'},{'R2'},{'R3'},{'D2'},{'D7'},{'R1'},{'D3'},,,,&,1.0,&
{'D1'},{'R2'},{'R3'},{'D2'},{'D3'},,,,,,&,9.0,&
{'D1'},{'R2'},{'R3'},{'D2'},{'D3'},{'D7'},,,,,&,3.0,&
{'D1'},{'R2'},{'R3'},{'D2'},{'D3'},{'D7'},{'R1'},,,,&,1.0,&
{'D1'},{'R2'},{'R3'},{'D2'},{'D3'},{'D7'},{'R1'},{'D6'},,,&,2.0,&
{'D1'},{'R2'},{'R3'},{'D2'},{'D3'},{'D7'},{'R1'},{'D6'},{'D5'},,&,1.0,&
{'D1'},{'R2'},{'R3'},{'D2'},{'D3'},{'D7'},{'R1'},{'D5'},{'D6'},,&,1.0,&
{'D1'},{'R2'},{'R3'},{'D2'},{'D3'},{'D5'},,,,,&,1.0,&
{'D1'},{'R2'},{'R3'},{'D2'},{'D3'},{'D5'},{'D7'},,,,&,1.0,&
{'D1'},{'R2'},{'R3'},{'D2'},{'D3'},{'D5'},{'R1'},{'D7'},,,&,1.0,&
{'D1'},{'R2'},{'R3'},{'D2'},{'D3'},{'D5'},{'R1'},{'D7'},{'D6'},{'D4'},&,1.0,&
{'D1'},{'R2'},{'R3'},{'D2'},{'D3'},{'D5'},{'D6'},,,,&,1.0,&
{'D1'},{'R2'},{'R3'},{'D2'},{'D3'},{'D6'},,,,,&,3.0,&
{'D1'},{'R2'},{'R3'},{'D2'},{'D3'},{'D6'},{'D7'},,,,&,1.0,&
{'D1'},{'R2'},{'R3'},{'D2'},{'D3'},{'D6'},{'D7'},{'D5'},{'D4'},{'R1'},&,1.0,&
{'D1'},{'R2'},{'R3'},{'D2'},{'D3'},{'D6'},{'D5'},{'D7'},,,&,1.0,&
{'D1'},{'R2'},{'R3'},{'D2'},{'D3'},{'D6'},{'R1'},,,,&,1.0,&
{'D1'},{'R2'},{'R3'},{'D2'},{'D3'},{'D6'},{'R1'},{'D7'},{'D5'},{'D4'},&,1.0,&
{'D1'},{'R2'},{'R3'},{'D2'},{'D3'},{'D6'},{'D4'},{'R1'},,,&,1.0,&
{'D1'},{'R2'},{'R3'},{'D2'},{'D3'},{'R1'},,,,,&,7.0,&
{'D1'},{'R2'},{'R3'},{'D2'},{'D3'},{'R1'},{'D5'},,,,&,1.0,&
{'D1'},{'R2'},{'R3'},{'D2'},{'D3'},{'R1'},{'D5'},{'D7'},{'D6'},{'D4'},&,2.0,&
{'D1'},{'R2'},{'R3'},{'D2'},{'D3'},{'R1'},{'D6'},{'D7'},,,&,1.0,&
{'D1'},{'R2'},{'R3'},{'D2'},{'D3'},{'R1'},{'D6'},{'D7'},{'D5'},,&,1.0,&
{'D1'},{'R2'},{'R3'},{'D2'},{'D3'},{'R1'},{'D6'},{'D7'},{'D5'},{'D4'},&,1.0,&
{'D1'},{'R2'},{'R3'},{'D2'},{'D3'},{'R1'},{'D6'},{'D5'},,,&,1.0,&
{'D1'},{'R2'},{'R3'},{'D2'},{'D3'},{'D4'},{'R1'},,,,&,1.0,&
{'D1'},{'R2'},{'R3'},{'D2'},{'R1'},,,,,,&,12.0,&
{'D1'},{'R2'},{'R3'},{'D2'},{'R1'},{'D7'},{'D5'},{'D3'},,,&,1.0,&
{'D1'},{'R2'},{'R3'},{'D2'},{'R1'},{'D7'},{'D3'},{'D6'},{'D4'},{'D5'},&,1.0,&
{'D1'},{'R2'},{'R3'},{'D2'},{'R1'},{'D7'},{'D3'},{'D4'},{'D6'},,&,1.0,&
{'D1'},{'R2'},{'R3'},{'D2'},{'R1'},{'D5'},,,,,&,2.0,&
{'D1'},{'R2'},{'R3'},{'D2'},{'R1'},{'D5'},{'D3'},,,,&,2.0,&
{'D1'},{'R2'},{'R3'},{'D2'},{'R1'},{'D5'},{'D3'},{'D7'},,,&,1.0,&
{'D1'},{'R2'},{'R3'},{'D2'},{'R1'},{'D6'},,,,,&,3.0,&
{'D1'},{'R2'},{'R3'},{'D2'},{'R1'},{'D6'},{'D3'},,,,&,1.0,&
{'D1'},{'R2'},{'R3'},{'D2'},{'R1'},{'D6'},{'D3'},{'D5'},,,&,1.0,&
{'D1'},{'R2'},{'R3'},{'D2'},{'R1'},{'D3'},,,,,&,4.0,&
{'D1'},{'R2'},{'R3'},{'D2'},{'R1'},{'D3'},{'D7'},,,,&,1.0,&
{'D1'},{'R2'},{'R3'},{'D2'},{'R1'},{'D3'},{'D7'},{'D6'},,,&,1.0,&
{'D1'},{'R2'},{'R3'},{'D2'},{'R1'},{'D3'},{'D5'},{'D7'},{'D6'},{'D4'},&,1.0,&
{'D1'},{'R2'},{'R3'},{'D2'},{'R1'},{'D3'},{'D6'},,,,&,2.0,&
{'D1'},{'R2'},{'R3'},{'D2'},{'R1'},{'D3'},{'D4'},,,,&,1.0,&
{'D1'},{'R2'},{'R3'},{'D2'},{'R1'},{'D4'},,,,,&,1.0,&
{'D1'},{'R2'},{'R3'},{'D2'},{'D5'},,,,,,&,1.0,&
{'D1'},{'R2'},{'R3'},{'D2'},{'D5'},{'D7'},{'R1'},{'D3'},,,&,1.0,&
{'D1'},{'R2'},{'R3'},{'D2'},{'D5'},{'D6'},{'D3'},,,,&,1.0,&
{'D1'},{'R2'},{'R3'},{'D2'},{'D5'},{'D3'},,,,,&,2.0,&
{'D1'},{'R2'},{'R3'},{'D2'},{'D5'},{'D3'},{'R1'},,,,&,1.0,&
{'D1'},{'R2'},{'R3'},{'D2'},{'D5'},{'D3'},{'R1'},{'D6'},{'D4'},{'D7'},&,1.0,&
{'D1'},{'R2'},{'R3'},{'D2'},{'D5'},{'D3'},{'R1'},{'D7'},{'D4'},,&,1.0,&
{'D1'},{'R2'},{'R3'},{'D2'},{'D5'},{'R1'},{'D4'},{'D3'},{'D7'},,&,1.0,&
{'D1'},{'R2'},{'R3'},{'D2'},{'D5'},{'R1'},{'D3'},{'D7'},{'D6'},,&,1.0,&
{'D1'},{'R2'},{'R3'},{'D2'},{'D4'},,,,,,&,1.0,&
{'D1'},{'R2'},{'R3'},{'D2'},{'D4'},{'R1'},{'D3'},{'D6'},{'D7'},{'D5'},&,1.0,&
{'D1'},{'R2'},{'D2'},,,,,,,,&,89.0,&
{'D1'},{'R2'},{'D2'},{'D5'},,,,,,,&,7.0,&
{'D1'},{'R2'},{'D2'},{'D5'},{'D6'},,,,,,&,1.0,&
{'D1'},{'R2'},{'D2'},{'D5'},{'D6'},{'D3'},{'R1'},{'D4'},{'R3'},{'D7'},&,1.0,&
{'D1'},{'R2'},{'D2'},{'D5'},{'D7'},,,,,,&,2.0,&
{'D1'},{'R2'},{'D2'},{'D5'},{'D7'},{'D3'},{'D6'},{'R1'},{'D4'},{'R3'},&,1.0,&
{'D1'},{'R2'},{'D2'},{'D5'},{'D3'},{'D7'},{'D4'},{'D6'},,,&,1.0,&
{'D1'},{'R2'},{'D2'},{'D5'},{'D3'},{'D6'},{'R3'},{'D7'},{'R1'},,&,1.0,&
{'D1'},{'R2'},{'D2'},{'D5'},{'D3'},{'R3'},,,,,&,1.0,&
{'D1'},{'R2'},{'D2'},{'D5'},{'D3'},{'R3'},{'D7'},{'D4'},{'R1'},,&,1.0,&
{'D1'},{'R2'},{'D2'},{'D5'},{'D3'},{'R3'},{'D7'},{'R1'},,,&,1.0,&
{'D1'},{'R2'},{'D2'},{'D5'},{'D3'},{'R3'},{'R1'},{'D7'},,,&,1.0,&
{'D1'},{'R2'},{'D2'},{'D5'},{'D3'},{'R3'},{'D6'},{'R1'},{'D7'},{'D4'},&,1.0,&
{'D1'},{'R2'},{'D2'},{'D5'},{'D3'},{'R1'},,,,,&,1.0,&
{'D1'},{'R2'},{'D2'},{'D5'},{'D3'},{'R1'},{'D6'},{'R3'},,,&,1.0,&
{'D1'},{'R2'},{'D2'},{'D5'},{'R1'},{'R3'},,,,,&,1.0,&
{'D1'},{'R2'},{'D2'},{'D5'},{'R1'},{'R3'},{'D7'},{'D3'},{'D6'},{'D4'},&,1.0,&
{'D1'},{'R2'},{'D2'},{'D5'},{'R3'},{'D7'},,,,,&,1.0,&
{'D1'},{'R2'},{'D2'},{'D5'},{'D4'},{'D3'},,,,,&,1.0,&
{'D1'},{'R2'},{'D2'},{'D3'},,,,,,,&,25.0,&
{'D1'},{'R2'},{'D2'},{'D3'},{'D6'},,,,,,&,6.0,&
{'D1'},{'R2'},{'D2'},{'D3'},{'D6'},{'D7'},,,,,&,1.0,&
{'D1'},{'R2'},{'D2'},{'D3'},{'D6'},{'D7'},{'R3'},{'D5'},{'R1'},,&,1.0,&
{'D1'},{'R2'},{'D2'},{'D3'},{'D6'},{'D7'},{'D5'},{'D4'},,,&,1.0,&
{'D1'},{'R2'},{'D2'},{'D3'},{'D6'},{'D7'},{'D5'},{'D4'},{'R1'},{'R3'},&,1.0,&
{'D1'},{'R2'},{'D2'},{'D3'},{'D6'},{'D7'},{'D4'},{'R3'},{'R1'},{'D5'},&,1.0,&
{'D1'},{'R2'},{'D2'},{'D3'},{'D6'},{'D5'},,,,,&,2.0,&
{'D1'},{'R2'},{'D2'},{'D3'},{'D6'},{'D5'},{'R3'},{'R1'},{'D7'},,&,1.0,&
{'D1'},{'R2'},{'D2'},{'D3'},{'D6'},{'R3'},,,,,&,1.0,&
{'D1'},{'R2'},{'D2'},{'D3'},{'D6'},{'R3'},{'D7'},,,,&,1.0,&
{'D1'},{'R2'},{'D2'},{'D3'},{'D6'},{'R3'},{'D7'},{'R1'},{'D5'},{'D4'},&,1.0,&
{'D1'},{'R2'},{'D2'},{'D3'},{'D6'},{'R3'},{'D5'},{'R1'},,,&,1.0,&
{'D1'},{'R2'},{'D2'},{'D3'},{'D6'},{'R3'},{'D5'},{'R1'},{'D7'},{'D4'},&,1.0,&
{'D1'},{'R2'},{'D2'},{'D3'},{'D6'},{'R3'},{'R1'},{'D7'},,,&,2.0,&
{'D1'},{'R2'},{'D2'},{'D3'},{'D6'},{'R1'},{'D7'},{'R3'},,,&,1.0,&
{'D1'},{'R2'},{'D2'},{'D3'},{'D6'},{'R1'},{'D7'},{'R3'},{'D5'},{'D4'},&,1.0,&
{'D1'},{'R2'},{'D2'},{'D3'},{'D6'},{'R1'},{'R3'},{'D7'},,,&,1.0,&
{'D1'},{'R2'},{'D2'},{'D3'},{'D6'},{'R1'},{'R3'},{'D5'},,,&,1.0,&
{'D1'},{'R2'},{'D2'},{'D3'},{'D7'},,,,,,&,7.0,&
{'D1'},{'R2'},{'D2'},{'D3'},{'D7'},{'D5'},{'R3'},{'R1'},,,&,1.0,&
{'D1'},{'R2'},{'D2'},{'D3'},{'D7'},{'D5'},{'D6'},{'D4'},{'R3'},{'R1'},&,1.0,&
{'D1'},{'R2'},{'D2'},{'D3'},{'D7'},{'D5'},{'D6'},{'R3'},{'D4'},{'R1'},&,1.0,&
{'D1'},{'R2'},{'D2'},{'D3'},{'D7'},{'D6'},,,,,&,1.0,&
{'D1'},{'R2'},{'D2'},{'D3'},{'D7'},{'D6'},{'R1'},{'R3'},{'D5'},,&,1.0,&
{'D1'},{'R2'},{'D2'},{'D3'},{'D7'},{'R3'},,,,,&,2.0,&
{'D1'},{'R2'},{'D2'},{'D3'},{'D7'},{'R3'},{'R1'},{'D6'},,,&,1.0,&
{'D1'},{'R2'},{'D2'},{'D3'},{'D7'},{'R3'},{'R1'},{'D6'},{'D5'},{'D4'},&,1.0,&
{'D1'},{'R2'},{'D2'},{'D3'},{'D7'},{'R3'},{'D6'},{'R1'},,,&,1.0,&
{'D1'},{'R2'},{'D2'},{'D3'},{'D7'},{'R1'},,,,,&,1.0,&
{'D1'},{'R2'},{'D2'},{'D3'},{'D7'},{'R1'},{'D6'},{'D5'},{'D4'},,&,1.0,&
{'D1'},{'R2'},{'D2'},{'D3'},{'D7'},{'D4'},,,,,&,1.0,&
{'D1'},{'R2'},{'D2'},{'D3'},{'D7'},{'D4'},{'R3'},{'R1'},,,&,1.0,&
{'D1'},{'R2'},{'D2'},{'D3'},{'R1'},,,,,,&,1.0,&
{'D1'},{'R2'},{'D2'},{'D3'},{'R1'},{'D7'},{'R3'},{'D5'},{'D6'},{'D4'},&,1.0,&
{'D1'},{'R2'},{'D2'},{'D3'},{'R1'},{'D5'},,,,,&,1.0,&
{'D1'},{'R2'},{'D2'},{'D3'},{'R1'},{'D6'},,,,,&,3.0,&
{'D1'},{'R2'},{'D2'},{'D3'},{'R1'},{'R3'},,,,,&,1.0,&
{'D1'},{'R2'},{'D2'},{'D3'},{'D5'},,,,,,&,5.0,&
{'D1'},{'R2'},{'D2'},{'D3'},{'D5'},{'D7'},,,,,&,1.0,&
{'D1'},{'R2'},{'D2'},{'D3'},{'D5'},{'D7'},{'R1'},{'R3'},,,&,1.0,&
{'D1'},{'R2'},{'D2'},{'D3'},{'D5'},{'D7'},{'D6'},,,,&,1.0,&
{'D1'},{'R2'},{'D2'},{'D3'},{'D5'},{'D7'},{'D6'},{'D4'},{'R3'},{'R1'},&,1.0,&
{'D1'},{'R2'},{'D2'},{'D3'},{'D5'},{'D7'},{'D6'},{'R3'},{'D4'},,&,1.0,&
{'D1'},{'R2'},{'D2'},{'D3'},{'D5'},{'D7'},{'D6'},{'R1'},{'D4'},,&,1.0,&
{'D1'},{'R2'},{'D2'},{'D3'},{'D5'},{'D7'},{'D6'},{'R1'},{'R3'},{'D4'},&,1.0,&
{'D1'},{'R2'},{'D2'},{'D3'},{'D5'},{'D7'},{'D4'},{'D6'},{'R3'},{'R1'},&,1.0,&
{'D1'},{'R2'},{'D2'},{'D3'},{'D5'},{'D6'},,,,,&,1.0,&
{'D1'},{'R2'},{'D2'},{'D3'},{'D5'},{'D6'},{'D7'},{'D4'},{'R3'},,&,1.0,&
{'D1'},{'R2'},{'D2'},{'D3'},{'D5'},{'D6'},{'D4'},{'D7'},{'R3'},,&,1.0,&
{'D1'},{'R2'},{'D2'},{'D3'},{'D5'},{'R3'},,,,,&,1.0,&
{'D1'},{'R2'},{'D2'},{'D3'},{'D5'},{'R3'},{'D7'},{'D4'},,,&,1.0,&
{'D1'},{'R2'},{'D2'},{'D3'},{'D5'},{'R3'},{'D7'},{'R1'},,,&,1.0,&
{'D1'},{'R2'},{'D2'},{'D3'},{'D5'},{'R3'},{'R1'},,,,&,2.0,&
{'D1'},{'R2'},{'D2'},{'D3'},{'D5'},{'R3'},{'R1'},{'D7'},,,&,1.0,&
{'D1'},{'R2'},{'D2'},{'D3'},{'D5'},{'R3'},{'D6'},,,,&,1.0,&
{'D1'},{'R2'},{'D2'},{'D3'},{'D5'},{'R3'},{'D6'},{'R1'},,,&,1.0,&
{'D1'},{'R2'},{'D2'},{'D3'},{'D5'},{'R1'},,,,,&,1.0,&
{'D1'},{'R2'},{'D2'},{'D3'},{'D5'},{'D4'},{'R3'},{'D6'},{'D7'},,&,1.0,&
{'D1'},{'R2'},{'D2'},{'D3'},{'D5'},{'D4'},{'R3'},{'R1'},,,&,1.0,&
{'D1'},{'R2'},{'D2'},{'D3'},{'R3'},,,,,,&,7.0,&
{'D1'},{'R2'},{'D2'},{'D3'},{'R3'},{'D7'},{'D5'},,,,&,1.0,&
{'D1'},{'R2'},{'D2'},{'D3'},{'R3'},{'D7'},{'R1'},{'D6'},{'D5'},,&,1.0,&
{'D1'},{'R2'},{'D2'},{'D3'},{'R3'},{'D7'},{'R1'},{'D5'},{'D6'},,&,1.0,&
{'D1'},{'R2'},{'D2'},{'D3'},{'R3'},{'D7'},{'D6'},{'R1'},,,&,1.0,&
{'D1'},{'R2'},{'D2'},{'D3'},{'R3'},{'D5'},,,,,&,2.0,&
{'D1'},{'R2'},{'D2'},{'D3'},{'R3'},{'D5'},{'D7'},,,,&,1.0,&
{'D1'},{'R2'},{'D2'},{'D3'},{'R3'},{'D5'},{'D7'},{'D6'},{'R1'},{'D4'},&,1.0,&
{'D1'},{'R2'},{'D2'},{'D3'},{'R3'},{'D5'},{'D7'},{'R1'},{'D6'},,&,1.0,&
{'D1'},{'R2'},{'D2'},{'D3'},{'R3'},{'D5'},{'D6'},{'D4'},{'R1'},,&,1.0,&
{'D1'},{'R2'},{'D2'},{'D3'},{'R3'},{'D5'},{'D6'},{'D7'},,,&,1.0,&
{'D1'},{'R2'},{'D2'},{'D3'},{'R3'},{'D5'},{'D6'},{'D7'},{'D4'},,&,1.0,&
{'D1'},{'R2'},{'D2'},{'D3'},{'R3'},{'D6'},,,,,&,1.0,&
{'D1'},{'R2'},{'D2'},{'D3'},{'R3'},{'D6'},{'D5'},{'R1'},{'D4'},,&,1.0,&
{'D1'},{'R2'},{'D2'},{'D3'},{'R3'},{'D6'},{'R1'},,,,&,1.0,&
{'D1'},{'R2'},{'D2'},{'D3'},{'R3'},{'D6'},{'R1'},{'D5'},,,&,1.0,&
{'D1'},{'R2'},{'D2'},{'D3'},{'R3'},{'D6'},{'R1'},{'D5'},{'D4'},{'D7'},&,1.0,&
{'D1'},{'R2'},{'D2'},{'D3'},{'R3'},{'R1'},,,,,&,4.0,&
{'D1'},{'R2'},{'D2'},{'D3'},{'R3'},{'R1'},{'D7'},{'D5'},{'D4'},,&,1.0,&
{'D1'},{'R2'},{'D2'},{'D3'},{'R3'},{'R1'},{'D5'},{'D6'},{'D7'},,&,2.0,&
{'D1'},{'R2'},{'D2'},{'D3'},{'R3'},{'R1'},{'D5'},{'D6'},{'D4'},{'D7'},&,1.0,&
{'D1'},{'R2'},{'D2'},{'D3'},{'R3'},{'R1'},{'D5'},{'D7'},{'D6'},{'D4'},&,1.0,&
{'D1'},{'R2'},{'D2'},{'D3'},{'R3'},{'R1'},{'D5'},{'D7'},{'D4'},,&,1.0,&
{'D1'},{'R2'},{'D2'},{'D3'},{'R3'},{'R1'},{'D6'},,,,&,2.0,&
{'D1'},{'R2'},{'D2'},{'D3'},{'R3'},{'R1'},{'D6'},{'D7'},,,&,1.0,&
{'D1'},{'R2'},{'D2'},{'D3'},{'R3'},{'R1'},{'D4'},,,,&,1.0,&
{'D1'},{'R2'},{'D2'},{'D3'},{'R3'},{'D4'},{'R1'},{'D7'},,,&,1.0,&
{'D1'},{'R2'},{'D2'},{'D3'},{'D4'},,,,,,&,1.0,&
{'D1'},{'R2'},{'D2'},{'D3'},{'D4'},{'D7'},{'D6'},{'R3'},{'D5'},{'R1'},&,1.0,&
{'D1'},{'R2'},{'D2'},{'D3'},{'D4'},{'D5'},{'D6'},{'R1'},{'D7'},{'R3'},&,1.0,&
{'D1'},{'R2'},{'D2'},{'D3'},{'D4'},{'R3'},{'D7'},{'D6'},,,&,1.0,&
{'D1'},{'R2'},{'D2'},{'D3'},{'D4'},{'R3'},{'R1'},{'D6'},,,&,1.0,&
{'D1'},{'R2'},{'D2'},{'D4'},,,,,,,&,1.0,&
{'D1'},{'R2'},{'D2'},{'D4'},{'D7'},{'D3'},{'R3'},{'R1'},{'D5'},{'D6'},&,1.0,&
{'D1'},{'R2'},{'D2'},{'D4'},{'D3'},{'D6'},{'R1'},{'D5'},{'R3'},,&,1.0,&
{'D1'},{'R2'},{'D2'},{'D4'},{'D3'},{'R3'},{'R1'},{'D7'},{'D5'},,&,1.0,&
{'D1'},{'R2'},{'D2'},{'D4'},{'R1'},{'R3'},,,,,&,1.0,&
{'D1'},{'R2'},{'D2'},{'D4'},{'R1'},{'D3'},{'D7'},,,,&,1.0,&
{'D1'},{'R2'},{'D2'},{'D4'},{'R1'},{'D3'},{'R3'},{'D6'},{'D7'},{'D5'},&,1.0,&
{'D1'},{'R2'},{'D2'},{'D4'},{'R3'},,,,,,&,2.0,&
{'D1'},{'R2'},{'D2'},{'D4'},{'R3'},{'D6'},,,,,&,1.0,&
{'D1'},{'R2'},{'D2'},{'D4'},{'R3'},{'R1'},{'D3'},{'D5'},,,&,1.0,&
{'D1'},{'R2'},{'D2'},{'D7'},,,,,,,&,5.0,&
{'D1'},{'R2'},{'D2'},{'D7'},{'D6'},{'D3'},{'R3'},{'D4'},{'R1'},,&,1.0,&
{'D1'},{'R2'},{'D2'},{'D7'},{'D6'},{'D3'},{'D4'},{'R3'},,,&,1.0,&
{'D1'},{'R2'},{'D2'},{'D7'},{'D6'},{'R1'},{'D3'},{'D5'},{'R3'},,&,1.0,&
{'D1'},{'R2'},{'D2'},{'D7'},{'D3'},{'D5'},,,,,&,1.0,&
{'D1'},{'R2'},{'D2'},{'D7'},{'D3'},{'D5'},{'R3'},{'D6'},{'R1'},,&,1.0,&
{'D1'},{'R2'},{'D2'},{'D7'},{'D3'},{'D5'},{'R3'},{'D4'},{'R1'},{'D6'},&,1.0,&
{'D1'},{'R2'},{'D2'},{'D7'},{'D3'},{'D6'},,,,,&,1.0,&
{'D1'},{'R2'},{'D2'},{'D7'},{'D3'},{'R3'},{'D5'},,,,&,1.0,&
{'D1'},{'R2'},{'D2'},{'D7'},{'D3'},{'R3'},{'R1'},{'D5'},{'D6'},,&,1.0,&
{'D1'},{'R2'},{'D2'},{'D7'},{'D3'},{'R1'},,,,,&,1.0,&
{'D1'},{'R2'},{'D2'},{'D7'},{'R1'},{'D3'},{'R3'},{'D5'},{'D6'},{'D4'},&,1.0,&
{'D1'},{'R2'},{'D2'},{'D7'},{'D5'},{'R3'},{'D3'},{'D6'},{'R1'},,&,1.0,&
{'D1'},{'R2'},{'D2'},{'D7'},{'R3'},,,,,,&,3.0,&
{'D1'},{'R2'},{'D2'},{'D7'},{'R3'},{'D3'},,,,,&,1.0,&
{'D1'},{'R2'},{'D2'},{'D7'},{'R3'},{'D3'},{'R1'},{'D4'},{'D6'},,&,2.0,&
{'D1'},{'R2'},{'D2'},{'D7'},{'R3'},{'R1'},{'D4'},{'D3'},{'D6'},{'D5'},&,1.0,&
{'D1'},{'R2'},{'D2'},{'R1'},,,,,,,&,6.0,&
{'D1'},{'R2'},{'D2'},{'R1'},{'D6'},,,,,,&,2.0,&
{'D1'},{'R2'},{'D2'},{'R1'},{'D7'},,,,,,&,1.0,&
{'D1'},{'R2'},{'D2'},{'R1'},{'D7'},{'D3'},{'D4'},{'D6'},{'D5'},,&,1.0,&
{'D1'},{'R2'},{'D2'},{'R1'},{'D3'},,,,,,&,3.0,&
{'D1'},{'R2'},{'D2'},{'R1'},{'D3'},{'D5'},,,,,&,1.0,&
{'D1'},{'R2'},{'D2'},{'R1'},{'D3'},{'D5'},{'R3'},{'D6'},,,&,1.0,&
{'D1'},{'R2'},{'D2'},{'R1'},{'D3'},{'D5'},{'D6'},{'D4'},,,&,1.0,&
{'D1'},{'R2'},{'D2'},{'R1'},{'D3'},{'D6'},{'D4'},{'D5'},{'D7'},{'R3'},&,1.0,&
{'D1'},{'R2'},{'D2'},{'R1'},{'D3'},{'R3'},{'D7'},{'D5'},{'D6'},{'D4'},&,1.0,&
{'D1'},{'R2'},{'D2'},{'R1'},{'D3'},{'R3'},{'D5'},{'D7'},{'D6'},,&,1.0,&
{'D1'},{'R2'},{'D2'},{'R1'},{'D3'},{'R3'},{'D6'},{'D7'},{'D5'},{'D4'},&,1.0,&
{'D1'},{'R2'},{'D2'},{'R1'},{'D5'},,,,,,&,1.0,&
{'D1'},{'R2'},{'D2'},{'R1'},{'D5'},{'D3'},{'R3'},,,,&,1.0,&
{'D1'},{'R2'},{'D2'},{'R1'},{'D5'},{'D3'},{'D6'},{'D7'},{'D4'},{'R3'},&,1.0,&
{'D1'},{'R2'},{'D2'},{'R1'},{'R3'},,,,,,&,3.0,&
{'D1'},{'R2'},{'D2'},{'R1'},{'R3'},{'D7'},{'D6'},{'D3'},{'D4'},,&,1.0,&
{'D1'},{'R2'},{'D2'},{'R1'},{'R3'},{'D5'},,,,,&,1.0,&
{'D1'},{'R2'},{'D2'},{'R1'},{'R3'},{'D5'},{'D3'},,,,&,2.0,&
{'D1'},{'R2'},{'D2'},{'R1'},{'R3'},{'D3'},{'D7'},,,,&,1.0,&
{'D1'},{'R2'},{'D2'},{'R1'},{'R3'},{'D3'},{'D5'},,,,&,1.0,&
{'D1'},{'R2'},{'D2'},{'R1'},{'R3'},{'D3'},{'D5'},{'D6'},{'D7'},{'D4'},&,1.0,&
{'D1'},{'R2'},{'D2'},{'R1'},{'R3'},{'D3'},{'D5'},{'D6'},{'D4'},,&,1.0,&
{'D1'},{'R2'},{'D2'},{'R1'},{'R3'},{'D3'},{'D5'},{'D4'},{'D7'},,&,1.0,&
{'D1'},{'R2'},{'D2'},{'R1'},{'R3'},{'D3'},{'D5'},{'D4'},{'D6'},,&,1.0,&
{'D1'},{'R2'},{'D2'},{'R1'},{'R3'},{'D3'},{'D4'},,,,&,1.0,&
{'D1'},{'R2'},{'D2'},{'R3'},,,,,,,&,27.0,&
{'D1'},{'R2'},{'D2'},{'R3'},{'D6'},,,,,,&,4.0,&
{'D1'},{'R2'},{'D2'},{'R3'},{'D6'},{'D7'},{'D5'},{'D3'},{'D4'},{'R1'},&,1.0,&
{'D1'},{'R2'},{'D2'},{'R3'},{'D6'},{'D5'},{'D3'},{'D7'},{'R1'},{'D4'},&,1.0,&
{'D1'},{'R2'},{'D2'},{'R3'},{'D6'},{'D5'},{'D3'},{'R1'},{'D7'},{'D4'},&,1.0,&
{'D1'},{'R2'},{'D2'},{'R3'},{'D6'},{'D3'},,,,,&,1.0,&
{'D1'},{'R2'},{'D2'},{'R3'},{'D6'},{'D3'},{'D7'},{'D5'},{'R1'},,&,1.0,&
{'D1'},{'R2'},{'D2'},{'R3'},{'D6'},{'D3'},{'D5'},{'R1'},,,&,1.0,&
{'D1'},{'R2'},{'D2'},{'R3'},{'D6'},{'D3'},{'R1'},,,,&,1.0,&
{'D1'},{'R2'},{'D2'},{'R3'},{'D6'},{'D3'},{'R1'},{'D4'},,,&,1.0,&
{'D1'},{'R2'},{'D2'},{'R3'},{'D6'},{'R1'},{'D7'},{'D3'},{'D5'},{'D4'},&,1.0,&
{'D1'},{'R2'},{'D2'},{'R3'},{'D6'},{'R1'},{'D3'},,,,&,1.0,&
{'D1'},{'R2'},{'D2'},{'R3'},{'D7'},,,,,,&,2.0,&
{'D1'},{'R2'},{'D2'},{'R3'},{'D7'},{'D5'},{'R1'},{'D6'},{'D4'},{'D3'},&,1.0,&
{'D1'},{'R2'},{'D2'},{'R3'},{'D7'},{'R1'},{'D6'},{'D3'},{'D5'},,&,1.0,&
{'D1'},{'R2'},{'D2'},{'R3'},{'D7'},{'R1'},{'D6'},{'D3'},{'D4'},,&,1.0,&
{'D1'},{'R2'},{'D2'},{'R3'},{'D7'},{'R1'},{'D3'},,,,&,1.0,&
{'D1'},{'R2'},{'D2'},{'R3'},{'D3'},,,,,,&,12.0,&
{'D1'},{'R2'},{'D2'},{'R3'},{'D3'},{'D7'},,,,,&,1.0,&
{'D1'},{'R2'},{'D2'},{'R3'},{'D3'},{'D7'},{'R1'},,,,&,1.0,&
{'D1'},{'R2'},{'D2'},{'R3'},{'D3'},{'D7'},{'D6'},,,,&,1.0,&
{'D1'},{'R2'},{'D2'},{'R3'},{'D3'},{'D5'},,,,,&,2.0,&
{'D1'},{'R2'},{'D2'},{'R3'},{'D3'},{'D5'},{'D7'},{'R1'},{'D6'},{'D4'},&,1.0,&
{'D1'},{'R2'},{'D2'},{'R3'},{'D3'},{'D6'},,,,,&,1.0,&
{'D1'},{'R2'},{'D2'},{'R3'},{'D3'},{'D6'},{'D7'},{'D5'},,,&,1.0,&
{'D1'},{'R2'},{'D2'},{'R3'},{'D3'},{'D6'},{'D7'},{'D5'},{'R1'},{'D4'},&,1.0,&
{'D1'},{'R2'},{'D2'},{'R3'},{'D3'},{'D6'},{'D7'},{'R1'},,,&,1.0,&
{'D1'},{'R2'},{'D2'},{'R3'},{'D3'},{'D6'},{'D5'},{'D7'},,,&,1.0,&
{'D1'},{'R2'},{'D2'},{'R3'},{'D3'},{'D6'},{'D5'},{'R1'},,,&,2.0,&
{'D1'},{'R2'},{'D2'},{'R3'},{'D3'},{'D6'},{'R1'},{'D7'},{'D5'},{'D4'},&,1.0,&
{'D1'},{'R2'},{'D2'},{'R3'},{'D3'},{'D6'},{'D4'},{'R1'},,,&,1.0,&
{'D1'},{'R2'},{'D2'},{'R3'},{'D3'},{'R1'},,,,,&,1.0,&
{'D1'},{'R2'},{'D2'},{'R3'},{'D3'},{'R1'},{'D7'},,,,&,1.0,&
{'D1'},{'R2'},{'D2'},{'R3'},{'D3'},{'R1'},{'D7'},{'D6'},,,&,1.0,&
{'D1'},{'R2'},{'D2'},{'R3'},{'D3'},{'R1'},{'D7'},{'D4'},{'D5'},{'D6'},&,1.0,&
{'D1'},{'R2'},{'D2'},{'R3'},{'D3'},{'R1'},{'D7'},{'D5'},,,&,1.0,&
{'D1'},{'R2'},{'D2'},{'R3'},{'D3'},{'R1'},{'D5'},,,,&,2.0,&
{'D1'},{'R2'},{'D2'},{'R3'},{'D3'},{'R1'},{'D5'},{'D4'},{'D6'},,&,1.0,&
{'D1'},{'R2'},{'D2'},{'R3'},{'D3'},{'R1'},{'D6'},,,,&,1.0,&
{'D1'},{'R2'},{'D2'},{'R3'},{'D3'},{'R1'},{'D6'},{'D7'},,,&,2.0,&
{'D1'},{'R2'},{'D2'},{'R3'},{'D3'},{'R1'},{'D6'},{'D5'},{'D7'},,&,1.0,&
{'D1'},{'R2'},{'D2'},{'R3'},{'D3'},{'D4'},,,,,&,2.0,&
{'D1'},{'R2'},{'D2'},{'R3'},{'D3'},{'D4'},{'R1'},,,,&,1.0,&
{'D1'},{'R2'},{'D2'},{'R3'},{'D3'},{'D4'},{'R1'},{'D7'},,,&,1.0,&
{'D1'},{'R2'},{'D2'},{'R3'},{'R1'},,,,,,&,9.0,&
{'D1'},{'R2'},{'D2'},{'R3'},{'R1'},{'D7'},,,,,&,2.0,&
{'D1'},{'R2'},{'D2'},{'R3'},{'R1'},{'D7'},{'D3'},,,,&,1.0,&
{'D1'},{'R2'},{'D2'},{'R3'},{'R1'},{'D5'},,,,,&,4.0,&
{'D1'},{'R2'},{'D2'},{'R3'},{'R1'},{'D5'},{'D6'},,,,&,1.0,&
{'D1'},{'R2'},{'D2'},{'R3'},{'R1'},{'D5'},{'D3'},{'D6'},,,&,1.0,&
{'D1'},{'R2'},{'D2'},{'R3'},{'R1'},{'D6'},,,,,&,1.0,&
{'D1'},{'R2'},{'D2'},{'R3'},{'R1'},{'D6'},{'D3'},{'D4'},{'D5'},,&,1.0,&
{'D1'},{'R2'},{'D2'},{'R3'},{'R1'},{'D6'},{'D3'},{'D7'},{'D5'},,&,1.0,&
{'D1'},{'R2'},{'D2'},{'R3'},{'R1'},{'D3'},,,,,&,3.0,&
{'D1'},{'R2'},{'D2'},{'R3'},{'R1'},{'D3'},{'D7'},,,,&,1.0,&
{'D1'},{'R2'},{'D2'},{'R3'},{'R1'},{'D3'},{'D7'},{'D6'},,,&,1.0,&
{'D1'},{'R2'},{'D2'},{'R3'},{'R1'},{'D3'},{'D7'},{'D6'},{'D5'},{'D4'},&,1.0,&
{'D1'},{'R2'},{'D2'},{'R3'},{'R1'},{'D3'},{'D7'},{'D5'},,,&,1.0,&
{'D1'},{'R2'},{'D2'},{'R3'},{'R1'},{'D3'},{'D5'},{'D6'},{'D7'},,&,1.0,&
{'D1'},{'R2'},{'D2'},{'R3'},{'R1'},{'D3'},{'D5'},{'D6'},{'D7'},{'D4'},&,1.0,&
{'D1'},{'R2'},{'D2'},{'R3'},{'R1'},{'D3'},{'D6'},{'D7'},{'D5'},,&,1.0,&
{'D1'},{'R2'},{'D2'},{'R3'},{'R1'},{'D3'},{'D6'},{'D5'},{'D7'},,&,1.0,&
{'D1'},{'R2'},{'D2'},{'R3'},{'R1'},{'D3'},{'D6'},{'D5'},{'D7'},{'D4'},&,1.0,&
{'D1'},{'R2'},{'D2'},{'R3'},{'R1'},{'D3'},{'D4'},,,,&,1.0,&
{'D1'},{'R2'},{'D2'},{'R3'},{'R1'},{'D3'},{'D4'},{'D6'},{'D7'},,&,1.0,&
{'D1'},{'R2'},{'D2'},{'R3'},{'R1'},{'D3'},{'D4'},{'D7'},{'D5'},{'D6'},&,1.0,&
{'D1'},{'R2'},{'D2'},{'R3'},{'R1'},{'D4'},,,,,&,1.0,&
{'D1'},{'R2'},{'D2'},{'R3'},{'R1'},{'D4'},{'D3'},,,,&,1.0,&
{'D1'},{'R2'},{'D2'},{'R3'},{'D5'},,,,,,&,1.0,&
{'D1'},{'R2'},{'D2'},{'R3'},{'D5'},{'D6'},{'D3'},,,,&,1.0,&
{'D1'},{'R2'},{'D2'},{'R3'},{'D5'},{'D3'},{'R1'},{'D4'},,,&,1.0,&
{'D1'},{'R2'},{'D2'},{'R3'},{'D5'},{'D3'},{'D6'},,,,&,1.0,&
{'D1'},{'R2'},{'D2'},{'R3'},{'D5'},{'D3'},{'D6'},{'D7'},{'D4'},,&,1.0,&
{'D1'},{'R2'},{'D2'},{'R3'},{'D5'},{'R1'},{'D3'},{'D7'},,,&,1.0,&
{'D1'},{'R2'},{'D2'},{'R3'},{'D4'},{'D3'},{'D6'},{'D7'},{'R1'},{'D5'},&,1.0,&
{'D1'},{'R2'},{'D2'},{'R3'},{'D4'},{'R1'},{'D3'},{'D6'},,,&,1.0,&
{'D1'},{'R2'},{'D2'},{'D6'},,,,,,,&,6.0,&
{'D1'},{'R2'},{'D2'},{'D6'},{'D7'},,,,,,&,1.0,&
{'D1'},{'R2'},{'D2'},{'D6'},{'D7'},{'D5'},{'D3'},{'R3'},,,&,1.0,&
{'D1'},{'R2'},{'D2'},{'D6'},{'D7'},{'R3'},{'D3'},{'R1'},,,&,1.0,&
{'D1'},{'R2'},{'D2'},{'D6'},{'D3'},,,,,,&,1.0,&
{'D1'},{'R2'},{'D2'},{'D6'},{'D3'},{'D5'},,,,,&,1.0,&
{'D1'},{'R2'},{'D2'},{'D6'},{'D3'},{'D5'},{'D7'},,,,&,1.0,&
{'D1'},{'R2'},{'D2'},{'D6'},{'D3'},{'D5'},{'D7'},{'R3'},{'D4'},,&,1.0,&
{'D1'},{'R2'},{'D2'},{'D6'},{'D3'},{'D5'},{'R3'},{'R1'},{'D7'},{'D4'},&,1.0,&
{'D1'},{'R2'},{'D2'},{'D6'},{'D3'},{'R3'},{'R1'},,,,&,2.0,&
{'D1'},{'R2'},{'D2'},{'D6'},{'D3'},{'R1'},,,,,&,1.0,&
{'D1'},{'R2'},{'D2'},{'D6'},{'D3'},{'R1'},{'D7'},{'R3'},{'D5'},,&,1.0,&
{'D1'},{'R2'},{'D2'},{'D6'},{'D3'},{'D4'},{'D5'},{'D7'},{'R3'},,&,1.0,&
{'D1'},{'R2'},{'D2'},{'D6'},{'R1'},{'D3'},{'D7'},{'D4'},{'D5'},,&,1.0,&
{'D1'},{'R2'},{'D2'},{'D6'},{'D5'},,,,,,&,1.0,&
{'D1'},{'R2'},{'D2'},{'D6'},{'D5'},{'D3'},{'D7'},{'D4'},{'R3'},{'R1'},&,1.0,&
{'D1'},{'R2'},{'D2'},{'D6'},{'D5'},{'D3'},{'R3'},{'D7'},{'D4'},,&,1.0,&
{'D1'},{'R2'},{'D2'},{'D6'},{'R3'},,,,,,&,1.0,&
{'D1'},{'R2'},{'D2'},{'D6'},{'R3'},{'D3'},,,,,&,1.0,&
{'D1'},{'R2'},{'D2'},{'D6'},{'R3'},{'D3'},{'R1'},{'D5'},,,&,1.0,&
{'D1'},{'R2'},{'D2'},{'D6'},{'R3'},{'D3'},{'R1'},{'D5'},{'D7'},{'D4'},&,1.0,&
{'D1'},{'R2'},{'D2'},{'D6'},{'R3'},{'R1'},,,,,&,1.0,&
{'D1'},{'R2'},{'D2'},{'D6'},{'R3'},{'R1'},{'D3'},,,,&,1.0,&
{'D1'},{'R2'},{'D4'},{'D5'},{'D3'},{'D2'},,,,,&,1.0,&
{'D1'},{'R2'},{'D4'},{'D3'},{'D2'},{'D7'},{'D6'},,,,&,1.0,&
{'D1'},{'R2'},{'D4'},{'D3'},{'D2'},{'R3'},{'R1'},{'D5'},{'D6'},,&,1.0,&
{'D1'},{'R2'},{'D4'},{'D7'},{'R3'},{'R1'},{'D2'},{'D3'},,,&,1.0,&
{'D1'},{'R2'},{'D4'},{'R1'},{'D2'},{'D6'},{'D3'},{'D7'},{'R3'},{'D5'},&,1.0,&
{'D1'},{'R2'},{'D4'},{'R3'},{'D3'},{'D6'},{'R1'},{'D2'},,,&,1.0,&
{'D1'},{'R2'},{'D4'},{'R3'},{'D3'},{'D2'},{'R1'},,,,&,1.0,&
{'D1'},{'R2'},{'D4'},{'R3'},{'D3'},{'D2'},{'R1'},{'D5'},{'D7'},{'D6'},&,1.0,&
{'D1'},{'R2'},{'D4'},{'R3'},{'D5'},{'R1'},{'D3'},{'D2'},{'D6'},,&,1.0,&
{'D1'},{'R2'},{'D4'},{'D2'},,,,,,,&,2.0,&
{'D1'},{'R2'},{'D4'},{'D2'},{'D3'},{'D5'},{'D6'},{'R3'},,,&,1.0,&
{'D1'},{'R2'},{'D4'},{'D2'},{'D5'},{'R3'},,,,,&,1.0,&
{'D1'},{'R2'},{'D4'},{'D2'},{'R3'},{'D3'},,,,,&,1.0,&
{'D1'},{'D6'},,,,,,,,,&,50.0,&
{'D1'},{'D6'},{'R1'},,,,,,,,&,4.0,&
{'D1'},{'D6'},{'R1'},{'R2'},,,,,,,&,1.0,&
{'D1'},{'D6'},{'R1'},{'R2'},{'D2'},{'D7'},{'R3'},{'D4'},{'D3'},,&,1.0,&
{'D1'},{'D6'},{'R1'},{'R2'},{'D2'},{'D3'},,,,,&,1.0,&
{'D1'},{'D6'},{'R1'},{'R2'},{'R3'},,,,,,&,1.0,&
{'D1'},{'D6'},{'R1'},{'D3'},,,,,,,&,1.0,&
{'D1'},{'D6'},{'R1'},{'D7'},{'R2'},{'D2'},{'R3'},{'D5'},,,&,1.0,&
{'D1'},{'D6'},{'R1'},{'R3'},{'D3'},{'R2'},{'D2'},{'D7'},,,&,1.0,&
{'D1'},{'D6'},{'R1'},{'D2'},,,,,,,&,2.0,&
{'D1'},{'D6'},{'R1'},{'D2'},{'D3'},{'D5'},{'D4'},{'D7'},{'R2'},{'R3'},&,1.0,&
{'D1'},{'D6'},{'R1'},{'D2'},{'R3'},,,,,,&,1.0,&
{'D1'},{'D6'},{'D3'},,,,,,,,&,16.0,&
{'D1'},{'D6'},{'D3'},{'R2'},,,,,,,&,3.0,&
{'D1'},{'D6'},{'D3'},{'R2'},{'D2'},,,,,,&,2.0,&
{'D1'},{'D6'},{'D3'},{'R2'},{'D2'},{'D5'},{'D7'},{'R1'},{'D4'},{'R3'},&,1.0,&
{'D1'},{'D6'},{'D3'},{'R2'},{'D2'},{'R3'},,,,,&,1.0,&
{'D1'},{'D6'},{'D3'},{'R2'},{'D2'},{'R3'},{'R1'},{'D5'},{'D7'},{'D4'},&,1.0,&
{'D1'},{'D6'},{'D3'},{'R2'},{'D2'},{'R3'},{'D4'},{'D5'},{'D7'},,&,1.0,&
{'D1'},{'D6'},{'D3'},{'R2'},{'D7'},,,,,,&,1.0,&
{'D1'},{'D6'},{'D3'},{'R2'},{'D7'},{'R3'},,,,,&,1.0,&
{'D1'},{'D6'},{'D3'},{'R2'},{'R1'},{'D2'},{'D4'},{'R3'},{'D7'},,&,1.0,&
{'D1'},{'D6'},{'D3'},{'R2'},{'D5'},{'R3'},{'D2'},{'D7'},,,&,1.0,&
{'D1'},{'D6'},{'D3'},{'R2'},{'R3'},{'D2'},,,,,&,1.0,&
{'D1'},{'D6'},{'D3'},{'R2'},{'R3'},{'D2'},{'D5'},{'R1'},,,&,1.0,&
{'D1'},{'D6'},{'D3'},{'R2'},{'R3'},{'R1'},,,,,&,1.0,&
{'D1'},{'D6'},{'D3'},{'D5'},{'D2'},{'D7'},{'R2'},{'D4'},,,&,1.0,&
{'D1'},{'D6'},{'D3'},{'D5'},{'D2'},{'R2'},{'D7'},{'D4'},{'R3'},{'R1'},&,1.0,&
{'D1'},{'D6'},{'D3'},{'D5'},{'R2'},,,,,,&,1.0,&
{'D1'},{'D6'},{'D3'},{'D5'},{'R2'},{'R1'},{'R3'},,,,&,1.0,&
{'D1'},{'D6'},{'D3'},{'D7'},,,,,,,&,1.0,&
{'D1'},{'D6'},{'D3'},{'D7'},{'D2'},,,,,,&,1.0,&
{'D1'},{'D6'},{'D3'},{'D7'},{'D2'},{'R3'},{'R1'},,,,&,1.0,&
{'D1'},{'D6'},{'D3'},{'R1'},{'D2'},,,,,,&,2.0,&
{'D1'},{'D6'},{'D3'},{'R1'},{'R3'},,,,,,&,1.0,&
{'D1'},{'D6'},{'D3'},{'R3'},,,,,,,&,3.0,&
{'D1'},{'D6'},{'D3'},{'R3'},{'D2'},{'D7'},{'R2'},{'R1'},{'D4'},{'D5'},&,1.0,&
{'D1'},{'D6'},{'D3'},{'R3'},{'D2'},{'D7'},{'D4'},{'D5'},{'R2'},,&,1.0,&
{'D1'},{'D6'},{'D3'},{'R3'},{'D2'},{'R2'},,,,,&,1.0,&
{'D1'},{'D6'},{'D3'},{'R3'},{'D2'},{'R2'},{'R1'},{'D4'},,,&,1.0,&
{'D1'},{'D6'},{'D3'},{'R3'},{'D2'},{'D4'},{'R2'},{'R1'},,,&,1.0,&
{'D1'},{'D6'},{'D3'},{'R3'},{'R2'},{'D2'},{'D7'},,,,&,1.0,&
{'D1'},{'D6'},{'D3'},{'R3'},{'R2'},{'R1'},{'D5'},{'D2'},{'D7'},{'D4'},&,1.0,&
{'D1'},{'D6'},{'D3'},{'D2'},,,,,,,&,6.0,&
{'D1'},{'D6'},{'D3'},{'D2'},{'D7'},,,,,,&,2.0,&
{'D1'},{'D6'},{'D3'},{'D2'},{'D7'},{'D5'},{'D4'},,,,&,1.0,&
{'D1'},{'D6'},{'D3'},{'D2'},{'D7'},{'R3'},,,,,&,1.0,&
{'D1'},{'D6'},{'D3'},{'D2'},{'R1'},{'D5'},,,,,&,1.0,&
{'D1'},{'D6'},{'D3'},{'D2'},{'D5'},,,,,,&,1.0,&
{'D1'},{'D6'},{'D3'},{'D2'},{'D5'},{'D7'},{'D4'},{'R3'},,,&,1.0,&
{'D1'},{'D6'},{'D3'},{'D2'},{'D5'},{'R2'},,,,,&,1.0,&
{'D1'},{'D6'},{'D3'},{'D2'},{'R3'},,,,,,&,1.0,&
{'D1'},{'D6'},{'D3'},{'D2'},{'R3'},{'D7'},{'D5'},{'R2'},{'D4'},,&,1.0,&
{'D1'},{'D6'},{'D3'},{'D2'},{'R3'},{'D7'},{'R2'},{'D4'},{'D5'},,&,1.0,&
{'D1'},{'D6'},{'D3'},{'D2'},{'R3'},{'D5'},{'R2'},,,,&,1.0,&
{'D1'},{'D6'},{'D3'},{'D2'},{'R3'},{'R2'},{'D4'},{'D7'},{'R1'},,&,1.0,&
{'D1'},{'D6'},{'D3'},{'D2'},{'R2'},,,,,,&,1.0,&
{'D1'},{'D6'},{'D3'},{'D2'},{'R2'},{'D7'},,,,,&,1.0,&
{'D1'},{'D6'},{'D3'},{'D2'},{'R2'},{'D7'},{'R3'},{'D5'},{'R1'},,&,1.0,&
{'D1'},{'D6'},{'D3'},{'D2'},{'R2'},{'R3'},{'D7'},,,,&,1.0,&
{'D1'},{'D6'},{'D3'},{'D2'},{'R2'},{'R3'},{'R1'},{'D7'},,,&,1.0,&
{'D1'},{'D6'},{'D3'},{'D2'},{'R2'},{'R3'},{'D4'},{'D5'},{'D7'},,&,1.0,&
{'D1'},{'D6'},{'D3'},{'D2'},{'R2'},{'R1'},{'D7'},{'R3'},{'D5'},,&,1.0,&
{'D1'},{'D6'},{'D3'},{'D2'},{'D4'},,,,,,&,1.0,&
{'D1'},{'D6'},{'D3'},{'D2'},{'D4'},{'R1'},{'R3'},,,,&,1.0,&
{'D1'},{'D6'},{'D5'},,,,,,,,&,3.0,&
{'D1'},{'D6'},{'D5'},{'R2'},{'R3'},{'D2'},{'D3'},{'D7'},{'D4'},,&,1.0,&
{'D1'},{'D6'},{'D5'},{'R2'},{'R3'},{'D3'},{'R1'},,,,&,1.0,&
{'D1'},{'D6'},{'D5'},{'D3'},,,,,,,&,1.0,&
{'D1'},{'D6'},{'D5'},{'R1'},{'D3'},{'R2'},{'R3'},,,,&,1.0,&
{'D1'},{'D6'},{'D5'},{'R1'},{'R3'},{'D3'},,,,,&,1.0,&
{'D1'},{'D6'},{'D5'},{'R3'},{'D3'},{'D2'},,,,,&,1.0,&
{'D1'},{'D6'},{'D5'},{'R3'},{'R2'},{'D2'},,,,,&,1.0,&
{'D1'},{'D6'},{'D5'},{'D2'},{'D7'},{'R3'},{'D3'},{'R2'},{'D4'},,&,1.0,&
{'D1'},{'D6'},{'D5'},{'D2'},{'D3'},,,,,,&,1.0,&
{'D1'},{'D6'},{'D5'},{'D2'},{'R2'},{'D3'},,,,,&,1.0,&
{'D1'},{'D6'},{'D7'},,,,,,,,&,2.0,&
{'D1'},{'D6'},{'D7'},{'R2'},,,,,,,&,1.0,&
{'D1'},{'D6'},{'D7'},{'R2'},{'D3'},{'R3'},{'R1'},{'D2'},,,&,1.0,&
{'D1'},{'D6'},{'D7'},{'R2'},{'R3'},{'R1'},{'D2'},,,,&,1.0,&
{'D1'},{'D6'},{'D7'},{'D3'},,,,,,,&,1.0,&
{'D1'},{'D6'},{'D7'},{'D3'},{'D2'},{'R2'},{'R3'},{'D5'},{'D4'},{'R1'},&,1.0,&
{'D1'},{'D6'},{'D7'},{'R3'},,,,,,,&,1.0,&
{'D1'},{'D6'},{'D7'},{'R3'},{'D3'},{'D2'},{'D5'},{'D4'},{'R2'},,&,1.0,&
{'D1'},{'D6'},{'D7'},{'R3'},{'R2'},,,,,,&,1.0,&
{'D1'},{'D6'},{'D7'},{'D2'},{'D3'},,,,,,&,1.0,&
{'D1'},{'D6'},{'D7'},{'D2'},{'D3'},{'D5'},{'R1'},{'D4'},,,&,1.0,&
{'D1'},{'D6'},{'R3'},,,,,,,,&,14.0,&
{'D1'},{'D6'},{'R3'},{'R2'},,,,,,,&,4.0,&
{'D1'},{'D6'},{'R3'},{'R2'},{'D2'},,,,,,&,2.0,&
{'D1'},{'D6'},{'R3'},{'R2'},{'D2'},{'D3'},{'D7'},,,,&,1.0,&
{'D1'},{'D6'},{'R3'},{'R2'},{'D2'},{'D3'},{'D5'},,,,&,1.0,&
{'D1'},{'D6'},{'R3'},{'R2'},{'D2'},{'R1'},{'D7'},{'D3'},{'D5'},,&,1.0,&
{'D1'},{'D6'},{'R3'},{'R2'},{'D3'},,,,,,&,3.0,&
{'D1'},{'D6'},{'R3'},{'R2'},{'D3'},{'R1'},,,,,&,2.0,&
{'D1'},{'D6'},{'R3'},{'R2'},{'D3'},{'R1'},{'D2'},,,,&,2.0,&
{'D1'},{'D6'},{'R3'},{'R2'},{'D3'},{'D4'},{'R1'},{'D2'},,,&,1.0,&
{'D1'},{'D6'},{'R3'},{'R2'},{'R1'},,,,,,&,1.0,&
{'D1'},{'D6'},{'R3'},{'R2'},{'R1'},{'D2'},{'D5'},,,,&,1.0,&
{'D1'},{'D6'},{'R3'},{'R2'},{'R1'},{'D2'},{'D3'},{'D5'},{'D4'},,&,1.0,&
{'D1'},{'D6'},{'R3'},{'R2'},{'R1'},{'D3'},{'D7'},{'D2'},{'D5'},,&,1.0,&
{'D1'},{'D6'},{'R3'},{'R2'},{'D5'},,,,,,&,1.0,&
{'D1'},{'D6'},{'R3'},{'D5'},{'D2'},,,,,,&,1.0,&
{'D1'},{'D6'},{'R3'},{'D3'},,,,,,,&,2.0,&
{'D1'},{'D6'},{'R3'},{'D3'},{'D2'},,,,,,&,3.0,&
{'D1'},{'D6'},{'R3'},{'D3'},{'D2'},{'D7'},,,,,&,1.0,&
{'D1'},{'D6'},{'R3'},{'D3'},{'D2'},{'D7'},{'D5'},{'R2'},,,&,1.0,&
{'D1'},{'D6'},{'R3'},{'D3'},{'D2'},{'R2'},{'D7'},{'D4'},{'D5'},{'R1'},&,1.0,&
{'D1'},{'D6'},{'R3'},{'D3'},{'D7'},{'D2'},{'D5'},,,,&,1.0,&
{'D1'},{'D6'},{'R3'},{'D3'},{'R1'},{'D2'},{'R2'},,,,&,1.0,&
{'D1'},{'D6'},{'R3'},{'D3'},{'D5'},,,,,,&,1.0,&
{'D1'},{'D6'},{'R3'},{'D3'},{'R2'},{'R1'},,,,,&,1.0,&
{'D1'},{'D6'},{'R3'},{'D4'},,,,,,,&,1.0,&
{'D1'},{'D6'},{'R3'},{'D7'},{'D2'},{'D3'},{'R2'},{'D4'},{'D5'},,&,1.0,&
{'D1'},{'D6'},{'R3'},{'R1'},{'D2'},{'R2'},{'D3'},,,,&,1.0,&
{'D1'},{'D6'},{'R3'},{'R1'},{'D7'},{'D3'},,,,,&,1.0,&
{'D1'},{'D6'},{'R3'},{'R1'},{'D5'},,,,,,&,1.0,&
{'D1'},{'D6'},{'R3'},{'R1'},{'R2'},{'D2'},,,,,&,1.0,&
{'D1'},{'D6'},{'R3'},{'D2'},,,,,,,&,5.0,&
{'D1'},{'D6'},{'R3'},{'D2'},{'D7'},,,,,,&,1.0,&
{'D1'},{'D6'},{'R3'},{'D2'},{'D7'},{'D5'},,,,,&,1.0,&
{'D1'},{'D6'},{'R3'},{'D2'},{'D3'},,,,,,&,3.0,&
{'D1'},{'D6'},{'R3'},{'D2'},{'D3'},{'D5'},{'D7'},,,,&,1.0,&
{'D1'},{'D6'},{'R3'},{'D2'},{'D3'},{'R2'},,,,,&,2.0,&
{'D1'},{'D6'},{'R3'},{'D2'},{'D3'},{'R2'},{'D7'},{'R1'},{'D5'},{'D4'},&,1.0,&
{'D1'},{'D6'},{'R3'},{'D2'},{'D3'},{'R2'},{'R1'},{'D4'},{'D7'},,&,1.0,&
{'D1'},{'D6'},{'R3'},{'D2'},{'R1'},,,,,,&,1.0,&
{'D1'},{'D6'},{'R3'},{'D2'},{'R1'},{'D3'},,,,,&,1.0,&
{'D1'},{'D6'},{'R3'},{'D2'},{'R1'},{'D3'},{'D7'},{'D5'},{'D4'},{'R2'},&,1.0,&
{'D1'},{'D6'},{'R3'},{'D2'},{'D5'},{'R2'},,,,,&,1.0,&
{'D1'},{'D6'},{'R3'},{'D2'},{'R2'},,,,,,&,2.0,&
{'D1'},{'D6'},{'R3'},{'D2'},{'R2'},{'D3'},{'R1'},,,,&,1.0,&
{'D1'},{'D6'},{'R3'},{'D2'},{'R2'},{'D3'},{'R1'},{'D4'},,,&,1.0,&
{'D1'},{'D6'},{'R3'},{'D2'},{'R2'},{'R1'},,,,,&,1.0,&
{'D1'},{'D6'},{'R2'},,,,,,,,&,26.0,&
{'D1'},{'D6'},{'R2'},{'D5'},{'D3'},{'D2'},{'R3'},,,,&,1.0,&
{'D1'},{'D6'},{'R2'},{'D5'},{'R3'},,,,,,&,1.0,&
{'D1'},{'D6'},{'R2'},{'D5'},{'R3'},{'D3'},{'D2'},,,,&,1.0,&
{'D1'},{'D6'},{'R2'},{'D5'},{'R3'},{'D3'},{'D2'},{'D7'},,,&,1.0,&
{'D1'},{'D6'},{'R2'},{'D3'},,,,,,,&,7.0,&
{'D1'},{'D6'},{'R2'},{'D3'},{'D2'},,,,,,&,1.0,&
{'D1'},{'D6'},{'R2'},{'D3'},{'D2'},{'R3'},,,,,&,1.0,&
{'D1'},{'D6'},{'R2'},{'D3'},{'D2'},{'D4'},{'R3'},{'R1'},{'D5'},{'D7'},&,1.0,&
{'D1'},{'D6'},{'R2'},{'D3'},{'D5'},{'D2'},{'D4'},{'R3'},{'R1'},{'D7'},&,1.0,&
{'D1'},{'D6'},{'R2'},{'D3'},{'R3'},,,,,,&,1.0,&
{'D1'},{'D6'},{'R2'},{'D3'},{'R3'},{'D2'},{'D5'},,,,&,1.0,&
{'D1'},{'D6'},{'R2'},{'D4'},{'D3'},,,,,,&,1.0,&
{'D1'},{'D6'},{'R2'},{'D4'},{'R3'},{'D2'},,,,,&,1.0,&
{'D1'},{'D6'},{'R2'},{'D7'},{'D2'},,,,,,&,1.0,&
{'D1'},{'D6'},{'R2'},{'D7'},{'R1'},{'D2'},,,,,&,1.0,&
{'D1'},{'D6'},{'R2'},{'R1'},,,,,,,&,1.0,&
{'D1'},{'D6'},{'R2'},{'R1'},{'D2'},{'D5'},{'D3'},{'D7'},{'R3'},{'D4'},&,1.0,&
{'D1'},{'D6'},{'R2'},{'R1'},{'D2'},{'R3'},{'D7'},{'D3'},{'D5'},{'D4'},&,1.0,&
{'D1'},{'D6'},{'R2'},{'R1'},{'D3'},{'D7'},{'R3'},,,,&,1.0,&
{'D1'},{'D6'},{'R2'},{'R1'},{'D3'},{'D7'},{'D2'},{'D5'},{'R3'},{'D4'},&,1.0,&
{'D1'},{'D6'},{'R2'},{'R1'},{'D3'},{'D2'},{'D5'},{'R3'},,,&,1.0,&
{'D1'},{'D6'},{'R2'},{'R1'},{'D3'},{'D2'},{'D4'},,,,&,1.0,&
{'D1'},{'D6'},{'R2'},{'R1'},{'D3'},{'R3'},{'D2'},{'D5'},{'D7'},{'D4'},&,1.0,&
{'D1'},{'D6'},{'R2'},{'R1'},{'R3'},,,,,,&,1.0,&
{'D1'},{'D6'},{'R2'},{'R1'},{'R3'},{'D3'},{'D2'},,,,&,1.0,&
{'D1'},{'D6'},{'R2'},{'R3'},,,,,,,&,3.0,&
{'D1'},{'D6'},{'R2'},{'R3'},{'D2'},,,,,,&,1.0,&
{'D1'},{'D6'},{'R2'},{'R3'},{'D2'},{'D5'},,,,,&,1.0,&
{'D1'},{'D6'},{'R2'},{'R3'},{'D2'},{'D3'},{'D7'},{'D5'},{'D4'},,&,1.0,&
{'D1'},{'D6'},{'R2'},{'R3'},{'D2'},{'D3'},{'D5'},,,,&,1.0,&
{'D1'},{'D6'},{'R2'},{'R3'},{'D2'},{'R1'},{'D3'},,,,&,1.0,&
{'D1'},{'D6'},{'R2'},{'R3'},{'D3'},,,,,,&,1.0,&
{'D1'},{'D6'},{'R2'},{'R3'},{'D3'},{'D2'},{'D7'},{'D4'},{'D5'},{'R1'},&,1.0,&
{'D1'},{'D6'},{'R2'},{'R3'},{'R1'},,,,,,&,3.0,&
{'D1'},{'D6'},{'R2'},{'R3'},{'R1'},{'D2'},{'D3'},,,,&,1.0,&
{'D1'},{'D6'},{'R2'},{'R3'},{'R1'},{'D3'},{'D2'},,,,&,1.0,&
{'D1'},{'D6'},{'R2'},{'R3'},{'R1'},{'D3'},{'D2'},{'D5'},{'D4'},{'D7'},&,1.0,&
{'D1'},{'D6'},{'R2'},{'D2'},,,,,,,&,6.0,&
{'D1'},{'D6'},{'R2'},{'D2'},{'D3'},{'D7'},{'D5'},{'R3'},{'D4'},,&,1.0,&
{'D1'},{'D6'},{'R2'},{'D2'},{'D3'},{'R3'},{'D5'},{'D4'},{'D7'},,&,1.0,&
{'D1'},{'D6'},{'R2'},{'D2'},{'D3'},{'R3'},{'R1'},,,,&,1.0,&
{'D1'},{'D6'},{'R2'},{'D2'},{'D3'},{'R3'},{'R1'},{'D5'},{'D7'},,&,1.0,&
{'D1'},{'D6'},{'R2'},{'D2'},{'D3'},{'R3'},{'R1'},{'D5'},{'D7'},{'D4'},&,1.0,&
{'D1'},{'D6'},{'R2'},{'D2'},{'D3'},{'R3'},{'D4'},{'R1'},{'D5'},{'D7'},&,1.0,&
{'D1'},{'D6'},{'R2'},{'D2'},{'D3'},{'R1'},{'D7'},,,,&,1.0,&
{'D1'},{'D6'},{'R2'},{'D2'},{'R3'},,,,,,&,2.0,&
{'D1'},{'D6'},{'R2'},{'D2'},{'R3'},{'D5'},{'D3'},{'D7'},,,&,1.0,&
{'D1'},{'D6'},{'R2'},{'D2'},{'R3'},{'D5'},{'D3'},{'D7'},{'D4'},{'R1'},&,1.0,&
{'D1'},{'D6'},{'R2'},{'D2'},{'R3'},{'D5'},{'D3'},{'R1'},,,&,1.0,&
{'D1'},{'D6'},{'R2'},{'D2'},{'R3'},{'D3'},,,,,&,1.0,&
{'D1'},{'D6'},{'R2'},{'D2'},{'R3'},{'R1'},{'D7'},{'D5'},{'D3'},{'D4'},&,1.0,&
{'D1'},{'D6'},{'R2'},{'D2'},{'R3'},{'R1'},{'D3'},{'D5'},{'D7'},{'D4'},&,1.0,&
{'D1'},{'D6'},{'D2'},,,,,,,,&,18.0,&
{'D1'},{'D6'},{'D2'},{'R2'},,,,,,,&,3.0,&
{'D1'},{'D6'},{'D2'},{'R2'},{'D7'},{'D5'},{'R3'},{'D3'},{'D4'},,&,1.0,&
{'D1'},{'D6'},{'D2'},{'R2'},{'D7'},{'R1'},{'R3'},,,,&,1.0,&
{'D1'},{'D6'},{'D2'},{'R2'},{'D3'},,,,,,&,3.0,&
{'D1'},{'D6'},{'D2'},{'R2'},{'D3'},{'D7'},{'R1'},{'D5'},{'R3'},{'D4'},&,1.0,&
{'D1'},{'D6'},{'D2'},{'R2'},{'D3'},{'D7'},{'D4'},{'R3'},{'D5'},{'R1'},&,1.0,&
{'D1'},{'D6'},{'D2'},{'R2'},{'D3'},{'D5'},,,,,&,1.0,&
{'D1'},{'D6'},{'D2'},{'R2'},{'D3'},{'D5'},{'D7'},{'D4'},,,&,1.0,&
{'D1'},{'D6'},{'D2'},{'R2'},{'D3'},{'D5'},{'D7'},{'R3'},{'R1'},,&,1.0,&
{'D1'},{'D6'},{'D2'},{'R2'},{'D3'},{'R3'},,,,,&,1.0,&
{'D1'},{'D6'},{'D2'},{'R2'},{'D3'},{'R3'},{'R1'},,,,&,1.0,&
{'D1'},{'D6'},{'D2'},{'R2'},{'D3'},{'R3'},{'R1'},{'D5'},{'D7'},{'D4'},&,1.0,&
{'D1'},{'D6'},{'D2'},{'R2'},{'D3'},{'R3'},{'R1'},{'D5'},{'D4'},{'D7'},&,1.0,&
{'D1'},{'D6'},{'D2'},{'R2'},{'D3'},{'D4'},{'R3'},{'D5'},{'R1'},{'D7'},&,1.0,&
{'D1'},{'D6'},{'D2'},{'R2'},{'R1'},{'D3'},{'R3'},{'D4'},,,&,1.0,&
{'D1'},{'D6'},{'D2'},{'R2'},{'D5'},{'R3'},{'R1'},{'D3'},{'D7'},,&,1.0,&
{'D1'},{'D6'},{'D2'},{'R2'},{'D5'},{'D3'},{'D7'},{'D4'},{'R3'},{'R1'},&,1.0,&
{'D1'},{'D6'},{'D2'},{'R2'},{'R3'},,,,,,&,4.0,&
{'D1'},{'D6'},{'D2'},{'R2'},{'R3'},{'D3'},,,,,&,2.0,&
{'D1'},{'D6'},{'D2'},{'R2'},{'R3'},{'D3'},{'D4'},{'D7'},{'R1'},{'D5'},&,1.0,&
{'D1'},{'D6'},{'D2'},{'R2'},{'R3'},{'R1'},,,,,&,1.0,&
{'D1'},{'D6'},{'D2'},{'R2'},{'R3'},{'R1'},{'D3'},,,,&,2.0,&
{'D1'},{'D6'},{'D2'},{'R2'},{'R3'},{'R1'},{'D3'},{'D7'},{'D4'},{'D5'},&,1.0,&
{'D1'},{'D6'},{'D2'},{'D5'},,,,,,,&,2.0,&
{'D1'},{'D6'},{'D2'},{'D5'},{'D7'},{'R3'},{'D3'},,,,&,1.0,&
{'D1'},{'D6'},{'D2'},{'D5'},{'D3'},,,,,,&,1.0,&
{'D1'},{'D6'},{'D2'},{'D5'},{'D3'},{'D4'},,,,,&,1.0,&
{'D1'},{'D6'},{'D2'},{'D5'},{'R3'},{'D3'},{'D4'},{'D7'},{'R2'},,&,1.0,&
{'D1'},{'D6'},{'D2'},{'D5'},{'R3'},{'R1'},{'D3'},{'D7'},{'D4'},,&,1.0,&
{'D1'},{'D6'},{'D2'},{'D5'},{'R3'},{'D4'},{'R2'},{'D3'},{'D7'},{'R1'},&,1.0,&
{'D1'},{'D6'},{'D2'},{'D3'},,,,,,,&,10.0,&
{'D1'},{'D6'},{'D2'},{'D3'},{'D7'},,,,,,&,1.0,&
{'D1'},{'D6'},{'D2'},{'D3'},{'D7'},{'D5'},{'R3'},,,,&,1.0,&
{'D1'},{'D6'},{'D2'},{'D3'},{'D7'},{'D5'},{'D4'},{'R1'},{'R3'},,&,1.0,&
{'D1'},{'D6'},{'D2'},{'D3'},{'D7'},{'R2'},{'D5'},{'D4'},{'R3'},,&,1.0,&
{'D1'},{'D6'},{'D2'},{'D3'},{'D7'},{'R3'},,,,,&,1.0,&
{'D1'},{'D6'},{'D2'},{'D3'},{'D7'},{'R3'},{'R2'},{'R1'},,,&,1.0,&
{'D1'},{'D6'},{'D2'},{'D3'},{'R1'},{'D5'},{'D7'},{'D4'},{'R3'},{'R2'},&,1.0,&
{'D1'},{'D6'},{'D2'},{'D3'},{'R1'},{'R2'},{'D7'},{'D5'},{'D4'},,&,1.0,&
{'D1'},{'D6'},{'D2'},{'D3'},{'R1'},{'R2'},{'D7'},{'D5'},{'R3'},{'D4'},&,1.0,&
{'D1'},{'D6'},{'D2'},{'D3'},{'R1'},{'D4'},{'R2'},{'R3'},{'D5'},{'D7'},&,1.0,&
{'D1'},{'D6'},{'D2'},{'D3'},{'D5'},,,,,,&,3.0,&
{'D1'},{'D6'},{'D2'},{'D3'},{'D5'},{'D7'},,,,,&,1.0,&
{'D1'},{'D6'},{'D2'},{'D3'},{'D5'},{'D7'},{'D4'},{'R3'},{'R1'},{'R2'},&,1.0,&
{'D1'},{'D6'},{'D2'},{'D3'},{'D5'},{'R3'},{'D7'},,,,&,1.0,&
{'D1'},{'D6'},{'D2'},{'D3'},{'D5'},{'R3'},{'R2'},,,,&,1.0,&
{'D1'},{'D6'},{'D2'},{'D3'},{'D5'},{'D4'},,,,,&,1.0,&
{'D1'},{'D6'},{'D2'},{'D3'},{'R3'},{'D7'},{'D5'},{'R2'},,,&,1.0,&
{'D1'},{'D6'},{'D2'},{'D3'},{'R3'},{'D5'},{'D7'},{'R2'},{'D4'},{'R1'},&,1.0,&
{'D1'},{'D6'},{'D2'},{'D3'},{'R3'},{'D5'},{'R1'},{'D4'},{'D7'},{'R2'},&,1.0,&
{'D1'},{'D6'},{'D2'},{'D3'},{'R3'},{'D5'},{'R1'},{'D7'},{'R2'},,&,1.0,&
{'D1'},{'D6'},{'D2'},{'D3'},{'R3'},{'D5'},{'D4'},{'R2'},{'D7'},{'R1'},&,1.0,&
{'D1'},{'D6'},{'D2'},{'D3'},{'R2'},{'D7'},{'R3'},{'D5'},{'D4'},,&,1.0,&
{'D1'},{'D6'},{'D2'},{'D3'},{'R2'},{'D7'},{'R1'},{'R3'},{'D5'},,&,1.0,&
{'D1'},{'D6'},{'D2'},{'D3'},{'R2'},{'D5'},{'D7'},{'R3'},{'D4'},{'R1'},&,1.0,&
{'D1'},{'D6'},{'D2'},{'D3'},{'R2'},{'D5'},{'R3'},{'R1'},{'D7'},,&,1.0,&
{'D1'},{'D6'},{'D2'},{'D3'},{'R2'},{'D5'},{'R1'},{'D7'},{'R3'},,&,1.0,&
{'D1'},{'D6'},{'D2'},{'D3'},{'R2'},{'R3'},,,,,&,1.0,&
{'D1'},{'D6'},{'D2'},{'D3'},{'R2'},{'R3'},{'D5'},{'D7'},{'R1'},,&,1.0,&
{'D1'},{'D6'},{'D2'},{'D3'},{'R2'},{'D4'},{'R3'},{'D5'},{'R1'},{'D7'},&,1.0,&
{'D1'},{'D6'},{'D2'},{'D3'},{'R2'},{'D4'},{'R3'},{'R1'},,,&,1.0,&
{'D1'},{'D6'},{'D2'},{'D3'},{'D4'},,,,,,&,1.0,&
{'D1'},{'D6'},{'D2'},{'D3'},{'D4'},{'D5'},{'D7'},{'R3'},,,&,1.0,&
{'D1'},{'D6'},{'D2'},{'D3'},{'D4'},{'R2'},{'D5'},{'R3'},{'D7'},{'R1'},&,1.0,&
{'D1'},{'D6'},{'D2'},{'D4'},{'D3'},{'D7'},{'D5'},,,,&,1.0,&
{'D1'},{'D6'},{'D2'},{'D7'},,,,,,,&,1.0,&
{'D1'},{'D6'},{'D2'},{'D7'},{'D3'},{'D5'},,,,,&,1.0,&
{'D1'},{'D6'},{'D2'},{'D7'},{'D3'},{'D5'},{'D4'},{'R2'},,,&,1.0,&
{'D1'},{'D6'},{'D2'},{'D7'},{'D3'},{'D4'},{'D5'},{'R3'},{'R2'},{'R1'},&,1.0,&
{'D1'},{'D6'},{'D2'},{'D7'},{'R3'},,,,,,&,1.0,&
{'D1'},{'D6'},{'D2'},{'D7'},{'R3'},{'D5'},,,,,&,1.0,&
{'D1'},{'D6'},{'D2'},{'D7'},{'R3'},{'D3'},{'D4'},,,,&,1.0,&
{'D1'},{'D6'},{'D2'},{'D7'},{'R2'},{'R3'},,,,,&,1.0,&
{'D1'},{'D6'},{'D2'},{'D7'},{'R2'},{'R3'},{'R1'},{'D3'},,,&,1.0,&
{'D1'},{'D6'},{'D2'},{'D7'},{'R2'},{'R3'},{'D3'},,,,&,1.0,&
{'D1'},{'D6'},{'D2'},{'R1'},,,,,,,&,2.0,&
{'D1'},{'D6'},{'D2'},{'R1'},{'D7'},,,,,,&,1.0,&
{'D1'},{'D6'},{'D2'},{'R1'},{'R3'},,,,,,&,1.0,&
{'D1'},{'D6'},{'D2'},{'R1'},{'R3'},{'R2'},{'D5'},,,,&,1.0,&
{'D1'},{'D6'},{'D2'},{'R3'},,,,,,,&,2.0,&
{'D1'},{'D6'},{'D2'},{'R3'},{'D7'},{'D3'},{'R2'},{'D5'},{'R1'},,&,1.0,&
{'D1'},{'D6'},{'D2'},{'R3'},{'D3'},{'D7'},,,,,&,1.0,&
{'D1'},{'D6'},{'D2'},{'R3'},{'D3'},{'D5'},,,,,&,1.0,&
{'D1'},{'D6'},{'D2'},{'R3'},{'D3'},{'D5'},{'D4'},{'R1'},,,&,1.0,&
{'D1'},{'D6'},{'D2'},{'R3'},{'D3'},{'R2'},{'D7'},,,,&,1.0,&
{'D1'},{'D6'},{'D2'},{'R3'},{'D3'},{'R2'},{'D7'},{'D4'},,,&,1.0,&
{'D1'},{'D6'},{'D2'},{'R3'},{'R1'},{'D5'},{'R2'},{'D3'},{'D4'},,&,1.0,&
{'D1'},{'D6'},{'D2'},{'R3'},{'R2'},{'D3'},{'D7'},{'D5'},{'D4'},,&,1.0,&
{'D1'},{'D6'},{'D2'},{'R3'},{'R2'},{'D3'},{'D7'},{'D5'},{'D4'},{'R1'},&,1.0,&
{'D1'},{'D6'},{'D2'},{'R3'},{'R2'},{'D3'},{'R1'},,,,&,1.0,&
{'D1'},{'D6'},{'D2'},{'R3'},{'R2'},{'R1'},{'D7'},,,,&,1.0,&
{'D1'},{'D6'},{'D4'},{'R2'},{'R3'},,,,,,&,1.0,&
{'D1'},{'D6'},{'D4'},{'D2'},{'R2'},{'D7'},{'D5'},{'R3'},{'D3'},{'R1'},&,1.0,&
{'D1'},{'D6'},{'D4'},{'D2'},{'R2'},{'R3'},{'D3'},,,,&,1.0,&
{'D1'},{'D5'},,,,,,,,,&,44.0,&
{'D1'},{'D5'},{'R1'},,,,,,,,&,4.0,&
{'D1'},{'D5'},{'R1'},{'R2'},{'D2'},{'D3'},{'D6'},{'R3'},,,&,1.0,&
{'D1'},{'D5'},{'R1'},{'R2'},{'R3'},,,,,,&,1.0,&
{'D1'},{'D5'},{'R1'},{'D3'},,,,,,,&,1.0,&
{'D1'},{'D5'},{'R1'},{'D2'},{'D3'},{'D7'},,,,,&,1.0,&
{'D1'},{'D5'},{'R1'},{'D2'},{'R3'},{'D7'},{'D3'},,,,&,1.0,&
{'D1'},{'D5'},{'R1'},{'D2'},{'R3'},{'D6'},,,,,&,1.0,&
{'D1'},{'D5'},{'R1'},{'D2'},{'R2'},{'D3'},{'D6'},{'D7'},{'D4'},,&,1.0,&
{'D1'},{'D5'},{'D6'},,,,,,,,&,4.0,&
{'D1'},{'D5'},{'D6'},{'R2'},{'D2'},,,,,,&,1.0,&
{'D1'},{'D5'},{'D6'},{'R2'},{'D7'},,,,,,&,1.0,&
{'D1'},{'D5'},{'D6'},{'R2'},{'D3'},{'R3'},,,,,&,1.0,&
{'D1'},{'D5'},{'D6'},{'D3'},{'D2'},,,,,,&,1.0,&
{'D1'},{'D5'},{'D6'},{'R3'},,,,,,,&,1.0,&
{'D1'},{'D5'},{'D6'},{'D2'},,,,,,,&,1.0,&
{'D1'},{'D5'},{'D6'},{'D2'},{'R1'},{'D3'},{'R2'},{'D4'},{'R3'},{'D7'},&,1.0,&
{'D1'},{'D5'},{'D6'},{'D2'},{'R2'},,,,,,&,1.0,&
{'D1'},{'D5'},{'D6'},{'D2'},{'R2'},{'R3'},,,,,&,1.0,&
{'D1'},{'D5'},{'D6'},{'D2'},{'R2'},{'R3'},{'D3'},{'D4'},{'D7'},,&,1.0,&
{'D1'},{'D5'},{'D3'},,,,,,,,&,9.0,&
{'D1'},{'D5'},{'D3'},{'R2'},,,,,,,&,5.0,&
{'D1'},{'D5'},{'D3'},{'R2'},{'D2'},,,,,,&,1.0,&
{'D1'},{'D5'},{'D3'},{'R2'},{'D2'},{'D6'},{'D7'},{'D4'},{'R3'},,&,1.0,&
{'D1'},{'D5'},{'D3'},{'R2'},{'D2'},{'D6'},{'R3'},,,,&,1.0,&
{'D1'},{'D5'},{'D3'},{'R2'},{'R1'},,,,,,&,1.0,&
{'D1'},{'D5'},{'D3'},{'R2'},{'R3'},,,,,,&,5.0,&
{'D1'},{'D5'},{'D3'},{'D4'},{'D2'},{'D7'},,,,,&,1.0,&
{'D1'},{'D5'},{'D3'},{'D4'},{'R2'},{'D2'},{'D7'},,,,&,1.0,&
{'D1'},{'D5'},{'D3'},{'D7'},{'D2'},{'D6'},,,,,&,1.0,&
{'D1'},{'D5'},{'D3'},{'D7'},{'D2'},{'D6'},{'D4'},{'R2'},,,&,1.0,&
{'D1'},{'D5'},{'D3'},{'D7'},{'D6'},{'R3'},{'R2'},{'D2'},,,&,1.0,&
{'D1'},{'D5'},{'D3'},{'D7'},{'R2'},,,,,,&,1.0,&
{'D1'},{'D5'},{'D3'},{'R1'},{'D2'},{'R3'},{'D6'},{'D7'},{'R2'},,&,1.0,&
{'D1'},{'D5'},{'D3'},{'R1'},{'R3'},{'D2'},,,,,&,1.0,&
{'D1'},{'D5'},{'D3'},{'R1'},{'R2'},,,,,,&,1.0,&
{'D1'},{'D5'},{'D3'},{'R3'},,,,,,,&,3.0,&
{'D1'},{'D5'},{'D3'},{'R3'},{'D2'},,,,,,&,1.0,&
{'D1'},{'D5'},{'D3'},{'R3'},{'D2'},{'D7'},{'R2'},{'D6'},{'R1'},,&,1.0,&
{'D1'},{'D5'},{'D3'},{'R3'},{'D2'},{'D7'},{'D4'},{'R2'},{'D6'},{'R1'},&,1.0,&
{'D1'},{'D5'},{'D3'},{'R3'},{'D2'},{'R2'},{'R1'},{'D7'},{'D6'},{'D4'},&,1.0,&
{'D1'},{'D5'},{'D3'},{'R3'},{'D7'},,,,,,&,1.0,&
{'D1'},{'D5'},{'D3'},{'R3'},{'R1'},,,,,,&,1.0,&
{'D1'},{'D5'},{'D3'},{'R3'},{'R2'},,,,,,&,1.0,&
{'D1'},{'D5'},{'D3'},{'R3'},{'R2'},{'D6'},{'R1'},{'D2'},,,&,1.0,&
{'D1'},{'D5'},{'D3'},{'R3'},{'R2'},{'D2'},{'R1'},,,,&,1.0,&
{'D1'},{'D5'},{'D3'},{'R3'},{'R2'},{'D2'},{'D6'},{'D7'},,,&,1.0,&
{'D1'},{'D5'},{'D3'},{'D6'},{'R3'},{'R2'},{'D7'},{'D2'},{'R1'},,&,1.0,&
{'D1'},{'D5'},{'D3'},{'D2'},,,,,,,&,9.0,&
{'D1'},{'D5'},{'D3'},{'D2'},{'D6'},{'D7'},{'D4'},{'R2'},{'R3'},,&,1.0,&
{'D1'},{'D5'},{'D3'},{'D2'},{'D6'},{'R2'},{'D7'},{'D4'},,,&,1.0,&
{'D1'},{'D5'},{'D3'},{'D2'},{'D6'},{'R2'},{'R3'},,,,&,1.0,&
{'D1'},{'D5'},{'D3'},{'D2'},{'D6'},{'D4'},{'D7'},,,,&,1.0,&
{'D1'},{'D5'},{'D3'},{'D2'},{'D7'},{'D6'},,,,,&,1.0,&
{'D1'},{'D5'},{'D3'},{'D2'},{'D7'},{'D6'},{'D4'},{'R2'},{'R3'},,&,1.0,&
{'D1'},{'D5'},{'D3'},{'D2'},{'D7'},{'R3'},{'R1'},,,,&,1.0,&
{'D1'},{'D5'},{'D3'},{'D2'},{'R3'},,,,,,&,1.0,&
{'D1'},{'D5'},{'D3'},{'D2'},{'R3'},{'R2'},{'R1'},{'D4'},,,&,1.0,&
{'D1'},{'D5'},{'D3'},{'D2'},{'R3'},{'D6'},{'R1'},{'D7'},{'R2'},{'D4'},&,1.0,&
{'D1'},{'D5'},{'D3'},{'D2'},{'R2'},{'D6'},{'D7'},{'R3'},{'D4'},{'R1'},&,1.0,&
{'D1'},{'D5'},{'D3'},{'D2'},{'R2'},{'R3'},{'R1'},,,,&,1.0,&
{'D1'},{'D5'},{'D3'},{'D2'},{'R2'},{'R1'},{'D6'},,,,&,1.0,&
{'D1'},{'D5'},{'D3'},{'D2'},{'R2'},{'R1'},{'D6'},{'D4'},{'D7'},,&,1.0,&
{'D1'},{'D5'},{'D3'},{'D2'},{'R2'},{'D4'},{'D6'},{'D7'},{'R3'},{'R1'},&,1.0,&
{'D1'},{'D5'},{'D3'},{'D2'},{'D4'},{'R3'},{'D6'},{'R2'},{'R1'},,&,1.0,&
{'D1'},{'D5'},{'D7'},,,,,,,,&,1.0,&
{'D1'},{'D5'},{'D7'},{'R2'},,,,,,,&,1.0,&
{'D1'},{'D5'},{'D7'},{'D3'},{'D2'},,,,,,&,1.0,&
{'D1'},{'D5'},{'D7'},{'R1'},{'D6'},{'D2'},{'R2'},{'R3'},{'D3'},{'D4'},&,1.0,&
{'D1'},{'D5'},{'D7'},{'D2'},{'D6'},{'D3'},,,,,&,1.0,&
{'D1'},{'D5'},{'D7'},{'D2'},{'R3'},{'D3'},,,,,&,1.0,&
{'D1'},{'D5'},{'R3'},,,,,,,,&,14.0,&
{'D1'},{'D5'},{'R3'},{'R2'},,,,,,,&,2.0,&
{'D1'},{'D5'},{'R3'},{'R2'},{'D2'},,,,,,&,2.0,&
{'D1'},{'D5'},{'R3'},{'R2'},{'D2'},{'D3'},{'R1'},{'D7'},{'D6'},{'D4'},&,1.0,&
{'D1'},{'D5'},{'R3'},{'R2'},{'D2'},{'R1'},,,,,&,1.0,&
{'D1'},{'D5'},{'R3'},{'R2'},{'D2'},{'R1'},{'D6'},,,,&,1.0,&
{'D1'},{'D5'},{'R3'},{'R2'},{'D3'},{'D2'},{'R1'},{'D4'},{'D6'},,&,1.0,&
{'D1'},{'D5'},{'R3'},{'R2'},{'D3'},{'R1'},{'D2'},{'D6'},,,&,1.0,&
{'D1'},{'D5'},{'R3'},{'R2'},{'R1'},,,,,,&,3.0,&
{'D1'},{'D5'},{'R3'},{'R2'},{'R1'},{'D7'},,,,,&,1.0,&
{'D1'},{'D5'},{'R3'},{'R2'},{'R1'},{'D6'},{'D3'},,,,&,1.0,&
{'D1'},{'D5'},{'R3'},{'R2'},{'R1'},{'D2'},{'D6'},{'D7'},{'D3'},{'D4'},&,1.0,&
{'D1'},{'D5'},{'R3'},{'R2'},{'R1'},{'D2'},{'D3'},{'D6'},,,&,1.0,&
{'D1'},{'D5'},{'R3'},{'R2'},{'R1'},{'D3'},{'D2'},{'D4'},{'D7'},{'D6'},&,1.0,&
{'D1'},{'D5'},{'R3'},{'R2'},{'R1'},{'D3'},{'D2'},{'D7'},{'D6'},,&,1.0,&
{'D1'},{'D5'},{'R3'},{'R2'},{'R1'},{'D3'},{'D2'},{'D7'},{'D4'},{'D6'},&,1.0,&
{'D1'},{'D5'},{'R3'},{'D3'},,,,,,,&,2.0,&
{'D1'},{'D5'},{'R3'},{'D3'},{'D7'},{'D2'},{'R2'},,,,&,1.0,&
{'D1'},{'D5'},{'R3'},{'D3'},{'R1'},,,,,,&,1.0,&
{'D1'},{'D5'},{'R3'},{'D3'},{'R1'},{'R2'},{'D7'},{'D2'},{'D6'},,&,1.0,&
{'D1'},{'D5'},{'R3'},{'D3'},{'R1'},{'D2'},,,,,&,1.0,&
{'D1'},{'D5'},{'R3'},{'D3'},{'R2'},,,,,,&,2.0,&
{'D1'},{'D5'},{'R3'},{'D3'},{'R2'},{'D2'},,,,,&,1.0,&
{'D1'},{'D5'},{'R3'},{'D3'},{'R2'},{'D2'},{'R1'},{'D7'},{'D4'},,&,1.0,&
{'D1'},{'D5'},{'R3'},{'D3'},{'R2'},{'R1'},,,,,&,1.0,&
{'D1'},{'D5'},{'R3'},{'D4'},{'D2'},{'R2'},{'R1'},{'D3'},{'D6'},,&,1.0,&
{'D1'},{'D5'},{'R3'},{'D4'},{'D3'},{'R2'},,,,,&,1.0,&
{'D1'},{'D5'},{'R3'},{'D4'},{'D3'},{'R2'},{'D6'},{'D2'},{'R1'},{'D7'},&,1.0,&
{'D1'},{'D5'},{'R3'},{'D4'},{'D3'},{'D6'},{'D2'},{'D7'},,,&,1.0,&
{'D1'},{'D5'},{'R3'},{'D4'},{'R2'},{'D2'},,,,,&,1.0,&
{'D1'},{'D5'},{'R3'},{'D4'},{'R2'},{'D3'},,,,,&,1.0,&
{'D1'},{'D5'},{'R3'},{'R1'},,,,,,,&,1.0,&
{'D1'},{'D5'},{'R3'},{'R1'},{'D7'},{'R2'},,,,,&,1.0,&
{'D1'},{'D5'},{'R3'},{'R1'},{'R2'},{'D2'},,,,,&,1.0,&
{'D1'},{'D5'},{'R3'},{'D6'},{'D2'},{'D3'},,,,,&,1.0,&
{'D1'},{'D5'},{'R3'},{'D6'},{'D3'},{'D2'},,,,,&,1.0,&
{'D1'},{'D5'},{'R3'},{'D6'},{'D3'},{'D2'},{'R2'},{'R1'},{'D7'},{'D4'},&,1.0,&
{'D1'},{'D5'},{'R3'},{'D2'},,,,,,,&,4.0,&
{'D1'},{'D5'},{'R3'},{'D2'},{'D3'},,,,,,&,1.0,&
{'D1'},{'D5'},{'R3'},{'D2'},{'D3'},{'D7'},,,,,&,1.0,&
{'D1'},{'D5'},{'R3'},{'D2'},{'D3'},{'R2'},,,,,&,1.0,&
{'D1'},{'D5'},{'R3'},{'D2'},{'D3'},{'R2'},{'D6'},{'R1'},{'D7'},,&,1.0,&
{'D1'},{'D5'},{'R3'},{'D2'},{'D3'},{'R2'},{'D6'},{'R1'},{'D4'},{'D7'},&,1.0,&
{'D1'},{'D5'},{'R3'},{'D2'},{'D3'},{'D6'},,,,,&,2.0,&
{'D1'},{'D5'},{'R3'},{'D2'},{'D3'},{'D4'},,,,,&,1.0,&
{'D1'},{'D5'},{'R3'},{'D2'},{'R1'},{'D6'},{'D3'},,,,&,1.0,&
{'D1'},{'D5'},{'R3'},{'D2'},{'R2'},,,,,,&,3.0,&
{'D1'},{'D5'},{'R3'},{'D2'},{'R2'},{'D6'},,,,,&,1.0,&
{'D1'},{'D5'},{'R3'},{'D2'},{'R2'},{'D3'},{'D7'},,,,&,1.0,&
{'D1'},{'D5'},{'R3'},{'D2'},{'R2'},{'D3'},{'D4'},{'D7'},,,&,1.0,&
{'D1'},{'D5'},{'R3'},{'D2'},{'R2'},{'R1'},{'D3'},,,,&,1.0,&
{'D1'},{'D5'},{'R2'},,,,,,,,&,13.0,&
{'D1'},{'D5'},{'R2'},{'D3'},,,,,,,&,2.0,&
{'D1'},{'D5'},{'R2'},{'D3'},{'D2'},{'D7'},{'R3'},{'R1'},,,&,1.0,&
{'D1'},{'D5'},{'R2'},{'D3'},{'D2'},{'D6'},{'D7'},{'D4'},{'R3'},,&,1.0,&
{'D1'},{'D5'},{'R2'},{'D3'},{'D2'},{'R3'},{'R1'},{'D4'},{'D6'},,&,1.0,&
{'D1'},{'D5'},{'R2'},{'D3'},{'D2'},{'R3'},{'R1'},{'D7'},,,&,1.0,&
{'D1'},{'D5'},{'R2'},{'D3'},{'D6'},{'D2'},{'D4'},{'R3'},{'D7'},,&,1.0,&
{'D1'},{'D5'},{'R2'},{'D3'},{'R3'},{'D2'},{'R1'},,,,&,1.0,&
{'D1'},{'D5'},{'R2'},{'D3'},{'R3'},{'D2'},{'D4'},{'D6'},{'D7'},{'R1'},&,1.0,&
{'D1'},{'D5'},{'R2'},{'D3'},{'R3'},{'R1'},,,,,&,1.0,&
{'D1'},{'D5'},{'R2'},{'D7'},{'R1'},{'R3'},{'D2'},,,,&,1.0,&
{'D1'},{'D5'},{'R2'},{'R1'},,,,,,,&,1.0,&
{'D1'},{'D5'},{'R2'},{'R1'},{'D2'},{'R3'},{'D3'},,,,&,1.0,&
{'D1'},{'D5'},{'R2'},{'R1'},{'D3'},,,,,,&,1.0,&
{'D1'},{'D5'},{'R2'},{'R1'},{'R3'},,,,,,&,1.0,&
{'D1'},{'D5'},{'R2'},{'R1'},{'R3'},{'D2'},,,,,&,1.0,&
{'D1'},{'D5'},{'R2'},{'R3'},,,,,,,&,5.0,&
{'D1'},{'D5'},{'R2'},{'R3'},{'D2'},{'D3'},{'R1'},,,,&,1.0,&
{'D1'},{'D5'},{'R2'},{'R3'},{'D2'},{'D3'},{'D6'},{'D4'},{'R1'},,&,1.0,&
{'D1'},{'D5'},{'R2'},{'R3'},{'D2'},{'D3'},{'D6'},{'R1'},{'D7'},,&,1.0,&
{'D1'},{'D5'},{'R2'},{'R3'},{'D2'},{'D3'},{'D6'},{'R1'},{'D7'},{'D4'},&,1.0,&
{'D1'},{'D5'},{'R2'},{'R3'},{'D2'},{'R1'},{'D3'},{'D7'},{'D6'},,&,1.0,&
{'D1'},{'D5'},{'R2'},{'R3'},{'D2'},{'D4'},{'R1'},{'D3'},,,&,1.0,&
{'D1'},{'D5'},{'R2'},{'R3'},{'D6'},{'R1'},{'D2'},{'D3'},,,&,1.0,&
{'D1'},{'D5'},{'R2'},{'R3'},{'D7'},,,,,,&,1.0,&
{'D1'},{'D5'},{'R2'},{'R3'},{'D7'},{'R1'},{'D3'},,,,&,1.0,&
{'D1'},{'D5'},{'R2'},{'R3'},{'D3'},{'D2'},{'D6'},,,,&,1.0,&
{'D1'},{'D5'},{'R2'},{'R3'},{'D3'},{'D2'},{'D6'},{'D7'},,,&,1.0,&
{'D1'},{'D5'},{'R2'},{'R3'},{'D3'},{'R1'},{'D7'},{'D2'},{'D6'},{'D4'},&,1.0,&
{'D1'},{'D5'},{'R2'},{'R3'},{'D3'},{'R1'},{'D6'},{'D2'},,,&,1.0,&
{'D1'},{'D5'},{'R2'},{'R3'},{'R1'},,,,,,&,5.0,&
{'D1'},{'D5'},{'R2'},{'R3'},{'R1'},{'D7'},{'D3'},{'D2'},{'D6'},{'D4'},&,1.0,&
{'D1'},{'D5'},{'R2'},{'R3'},{'R1'},{'D2'},,,,,&,2.0,&
{'D1'},{'D5'},{'R2'},{'R3'},{'R1'},{'D3'},,,,,&,1.0,&
{'D1'},{'D5'},{'R2'},{'D6'},,,,,,,&,1.0,&
{'D1'},{'D5'},{'R2'},{'D6'},{'D2'},{'D3'},{'D7'},{'R3'},,,&,1.0,&
{'D1'},{'D5'},{'R2'},{'D6'},{'D7'},{'D2'},{'D3'},{'D4'},{'R3'},,&,1.0,&
{'D1'},{'D5'},{'R2'},{'D6'},{'R3'},{'R1'},{'D3'},{'D2'},,,&,1.0,&
{'D1'},{'D5'},{'R2'},{'D6'},{'R3'},{'R1'},{'D2'},{'D3'},{'D7'},{'D4'},&,1.0,&
{'D1'},{'D5'},{'R2'},{'D2'},,,,,,,&,4.0,&
{'D1'},{'D5'},{'R2'},{'D2'},{'D7'},{'R3'},{'D3'},{'R1'},,,&,1.0,&
{'D1'},{'D5'},{'R2'},{'D2'},{'D3'},,,,,,&,1.0,&
{'D1'},{'D5'},{'R2'},{'D2'},{'D3'},{'D6'},{'D7'},{'D4'},{'R3'},{'R1'},&,1.0,&
{'D1'},{'D5'},{'R2'},{'D2'},{'D3'},{'D6'},{'R3'},{'R1'},,,&,1.0,&
{'D1'},{'D5'},{'R2'},{'D2'},{'D3'},{'R1'},{'R3'},{'D6'},{'D4'},,&,1.0,&
{'D1'},{'D5'},{'R2'},{'D2'},{'R3'},,,,,,&,2.0,&
{'D1'},{'D5'},{'R2'},{'D2'},{'R3'},{'D6'},{'D7'},{'D3'},,,&,1.0,&
{'D1'},{'D5'},{'R2'},{'D2'},{'R3'},{'D6'},{'D3'},{'D7'},{'R1'},,&,1.0,&
{'D1'},{'D5'},{'R2'},{'D2'},{'R3'},{'D3'},{'R1'},{'D7'},,,&,1.0,&
{'D1'},{'D5'},{'R2'},{'D2'},{'R3'},{'R1'},{'D3'},,,,&,1.0,&
{'D1'},{'D5'},{'D2'},,,,,,,,&,24.0,&
{'D1'},{'D5'},{'D2'},{'R2'},,,,,,,&,4.0,&
{'D1'},{'D5'},{'D2'},{'R2'},{'D3'},,,,,,&,2.0,&
{'D1'},{'D5'},{'D2'},{'R2'},{'D3'},{'D7'},{'R3'},{'R1'},,,&,1.0,&
{'D1'},{'D5'},{'D2'},{'R2'},{'D3'},{'D6'},{'D7'},,,,&,1.0,&
{'D1'},{'D5'},{'D2'},{'R2'},{'D3'},{'D6'},{'R3'},{'D7'},{'R1'},,&,1.0,&
{'D1'},{'D5'},{'D2'},{'R2'},{'D3'},{'R3'},,,,,&,1.0,&
{'D1'},{'D5'},{'D2'},{'R2'},{'D3'},{'R3'},{'R1'},{'D6'},{'D7'},,&,1.0,&
{'D1'},{'D5'},{'D2'},{'R2'},{'R1'},{'R3'},,,,,&,1.0,&
{'D1'},{'D5'},{'D2'},{'R2'},{'R3'},,,,,,&,3.0,&
{'D1'},{'D5'},{'D2'},{'R2'},{'R3'},{'D6'},,,,,&,1.0,&
{'D1'},{'D5'},{'D2'},{'R2'},{'R3'},{'D3'},,,,,&,1.0,&
{'D1'},{'D5'},{'D2'},{'R2'},{'R3'},{'D3'},{'R1'},{'D6'},{'D4'},{'D7'},&,1.0,&
{'D1'},{'D5'},{'D2'},{'R2'},{'R3'},{'R1'},,,,,&,1.0,&
{'D1'},{'D5'},{'D2'},{'D3'},,,,,,,&,10.0,&
{'D1'},{'D5'},{'D2'},{'D3'},{'D6'},{'D7'},{'D4'},{'R3'},{'R1'},{'R2'},&,1.0,&
{'D1'},{'D5'},{'D2'},{'D3'},{'D6'},{'R2'},{'R3'},,,,&,1.0,&
{'D1'},{'D5'},{'D2'},{'D3'},{'D6'},{'R2'},{'D4'},{'D7'},{'R3'},{'R1'},&,1.0,&
{'D1'},{'D5'},{'D2'},{'D3'},{'D7'},,,,,,&,2.0,&
{'D1'},{'D5'},{'D2'},{'D3'},{'D7'},{'R3'},,,,,&,1.0,&
{'D1'},{'D5'},{'D2'},{'D3'},{'R3'},,,,,,&,1.0,&
{'D1'},{'D5'},{'D2'},{'D3'},{'R3'},{'R2'},{'D7'},{'D6'},{'R1'},{'D4'},&,1.0,&
{'D1'},{'D5'},{'D2'},{'D3'},{'R3'},{'D6'},{'R2'},,,,&,1.0,&
{'D1'},{'D5'},{'D2'},{'D3'},{'R3'},{'D4'},{'D6'},{'D7'},{'R2'},,&,1.0,&
{'D1'},{'D5'},{'D2'},{'D3'},{'R2'},,,,,,&,1.0,&
{'D1'},{'D5'},{'D2'},{'D3'},{'R2'},{'D6'},{'R3'},{'D7'},,,&,1.0,&
{'D1'},{'D5'},{'D2'},{'D3'},{'R2'},{'R3'},{'R1'},{'D4'},{'D6'},{'D7'},&,1.0,&
{'D1'},{'D5'},{'D2'},{'D3'},{'R2'},{'R1'},,,,,&,1.0,&
{'D1'},{'D5'},{'D2'},{'D3'},{'D4'},{'R2'},{'D6'},{'D7'},{'R3'},,&,1.0,&
{'D1'},{'D5'},{'D2'},{'D4'},,,,,,,&,1.0,&
{'D1'},{'D5'},{'D2'},{'D7'},{'D3'},{'D6'},,,,,&,1.0,&
{'D1'},{'D5'},{'D2'},{'D7'},{'R3'},{'D3'},,,,,&,1.0,&
{'D1'},{'D5'},{'D2'},{'D7'},{'R2'},{'R3'},{'D3'},{'R1'},{'D6'},,&,1.0,&
{'D1'},{'D5'},{'D2'},{'R1'},,,,,,,&,2.0,&
{'D1'},{'D5'},{'D2'},{'R1'},{'R2'},{'R3'},{'D7'},,,,&,1.0,&
{'D1'},{'D5'},{'D2'},{'R3'},,,,,,,&,3.0,&
{'D1'},{'D5'},{'D2'},{'R3'},{'D6'},,,,,,&,1.0,&
{'D1'},{'D5'},{'D2'},{'R3'},{'D3'},,,,,,&,1.0,&
{'D1'},{'D5'},{'D2'},{'R3'},{'D3'},{'D7'},{'R2'},{'D6'},,,&,1.0,&
{'D1'},{'D5'},{'D2'},{'R3'},{'D3'},{'D6'},{'D7'},{'R1'},{'D4'},{'R2'},&,1.0,&
{'D1'},{'D5'},{'D2'},{'R3'},{'D3'},{'D6'},{'D4'},{'D7'},{'R2'},,&,1.0,&
{'D1'},{'D5'},{'D2'},{'R3'},{'D3'},{'D4'},{'R2'},{'D6'},{'D7'},{'R1'},&,1.0,&
{'D1'},{'D5'},{'D2'},{'R3'},{'R2'},,,,,,&,2.0,&
{'D1'},{'D5'},{'D2'},{'R3'},{'R2'},{'D3'},{'D7'},{'D6'},{'D4'},{'R1'},&,1.0,&
{'D1'},{'D5'},{'D2'},{'R3'},{'R2'},{'D3'},{'R1'},{'D6'},{'D7'},{'D4'},&,1.0,&
{'D1'},{'D5'},{'D2'},{'R3'},{'R2'},{'D3'},{'R1'},{'D6'},{'D4'},{'D7'},&,1.0,&
{'D1'},{'D5'},{'D2'},{'R3'},{'R2'},{'R1'},,,,,&,2.0,&
{'D1'},{'D5'},{'D2'},{'R3'},{'D4'},{'D3'},{'R2'},{'D7'},{'R1'},{'D6'},&,1.0,&
{'D1'},{'D5'},{'D2'},{'D6'},,,,,,,&,1.0,&
{'D1'},{'D5'},{'D2'},{'D6'},{'D3'},{'D7'},{'R3'},{'D4'},{'R1'},,&,1.0,&
{'D1'},{'D5'},{'D2'},{'D6'},{'R3'},{'D3'},,,,,&,1.0,&
{'D1'},{'D5'},{'D2'},{'D6'},{'R2'},,,,,,&,1.0,&
{'D1'},{'D5'},{'D2'},{'D6'},{'R2'},{'D7'},,,,,&,1.0,&
{'D1'},{'D5'},{'D2'},{'D6'},{'R2'},{'R3'},{'D7'},,,,&,1.0,&
{'D1'},{'D5'},{'D4'},,,,,,,,&,2.0,&
{'D1'},{'D5'},{'D4'},{'R1'},{'R3'},{'R2'},{'D6'},{'D3'},{'D2'},{'D7'},&,1.0,&
{'D1'},{'D5'},{'D4'},{'R3'},{'D2'},{'D3'},{'R2'},{'R1'},,,&,1.0,&
{'D1'},{'D5'},{'D4'},{'D2'},{'R3'},{'D3'},{'R2'},,,,&,1.0,&
{'D1'},{'R1'},,,,,,,,,&,25.0,&
{'D1'},{'R1'},{'D6'},,,,,,,,&,2.0,&
{'D1'},{'R1'},{'D6'},{'R2'},,,,,,,&,1.0,&
{'D1'},{'R1'},{'D6'},{'R2'},{'D2'},{'D3'},{'D4'},{'D5'},{'D7'},,&,1.0,&
{'D1'},{'R1'},{'D6'},{'R2'},{'R3'},{'D3'},{'D2'},{'D5'},{'D7'},,&,1.0,&
{'D1'},{'R1'},{'D6'},{'D5'},{'R3'},{'D3'},{'R2'},,,,&,1.0,&
{'D1'},{'R1'},{'D6'},{'D3'},{'D2'},,,,,,&,1.0,&
{'D1'},{'R1'},{'D6'},{'D3'},{'R3'},{'R2'},{'D2'},{'D4'},{'D7'},{'D5'},&,1.0,&
{'D1'},{'R1'},{'D6'},{'D3'},{'R2'},{'D2'},{'D5'},,,,&,1.0,&
{'D1'},{'R1'},{'D6'},{'D3'},{'R2'},{'D2'},{'D5'},{'D7'},{'R3'},{'D4'},&,1.0,&
{'D1'},{'R1'},{'D6'},{'R3'},{'R2'},,,,,,&,1.0,&
{'D1'},{'R1'},{'D6'},{'D2'},{'R3'},{'D3'},{'R2'},{'D5'},{'D4'},{'D7'},&,1.0,&
{'D1'},{'R1'},{'D6'},{'D2'},{'R2'},{'D3'},{'R3'},{'D4'},{'D7'},,&,1.0,&
{'D1'},{'R1'},{'D6'},{'D2'},{'R2'},{'D3'},{'R3'},{'D5'},,,&,1.0,&
{'D1'},{'R1'},{'D3'},,,,,,,,&,10.0,&
{'D1'},{'R1'},{'D3'},{'R2'},,,,,,,&,2.0,&
{'D1'},{'R1'},{'D3'},{'R2'},{'D6'},{'R3'},{'D2'},,,,&,1.0,&
{'D1'},{'R1'},{'D3'},{'R2'},{'D5'},{'D2'},{'D7'},{'R3'},,,&,1.0,&
{'D1'},{'R1'},{'D3'},{'R2'},{'D5'},{'D2'},{'D7'},{'R3'},{'D6'},,&,1.0,&
{'D1'},{'R1'},{'D3'},{'R2'},{'R3'},,,,,,&,3.0,&
{'D1'},{'R1'},{'D3'},{'R2'},{'R3'},{'D2'},{'D7'},{'D5'},{'D6'},,&,1.0,&
{'D1'},{'R1'},{'D3'},{'D5'},{'D2'},{'D7'},{'R2'},{'R3'},{'D6'},{'D4'},&,1.0,&
{'D1'},{'R1'},{'D3'},{'D4'},{'R3'},{'D5'},,,,,&,1.0,&
{'D1'},{'R1'},{'D3'},{'D4'},{'R2'},{'D2'},,,,,&,1.0,&
{'D1'},{'R1'},{'D3'},{'D7'},,,,,,,&,1.0,&
{'D1'},{'R1'},{'D3'},{'D7'},{'D2'},{'D5'},{'R3'},{'R2'},{'D6'},{'D4'},&,1.0,&
{'D1'},{'R1'},{'D3'},{'D7'},{'R3'},,,,,,&,1.0,&
{'D1'},{'R1'},{'D3'},{'R3'},,,,,,,&,3.0,&
{'D1'},{'R1'},{'D3'},{'R3'},{'D2'},{'D5'},{'D7'},{'R2'},,,&,1.0,&
{'D1'},{'R1'},{'D3'},{'R3'},{'D2'},{'D5'},{'D7'},{'R2'},{'D6'},{'D4'},&,1.0,&
{'D1'},{'R1'},{'D3'},{'R3'},{'D2'},{'R2'},{'D7'},{'D5'},{'D6'},{'D4'},&,1.0,&
{'D1'},{'R1'},{'D3'},{'R3'},{'D2'},{'R2'},{'D6'},{'D5'},,,&,1.0,&
{'D1'},{'R1'},{'D3'},{'R3'},{'D2'},{'D6'},{'D7'},{'D5'},,,&,1.0,&
{'D1'},{'R1'},{'D3'},{'R3'},{'R2'},{'D2'},,,,,&,1.0,&
{'D1'},{'R1'},{'D3'},{'R3'},{'R2'},{'D2'},{'D5'},{'D4'},,,&,1.0,&
{'D1'},{'R1'},{'D3'},{'D6'},,,,,,,&,1.0,&
{'D1'},{'R1'},{'D3'},{'D6'},{'D2'},,,,,,&,1.0,&
{'D1'},{'R1'},{'D3'},{'D6'},{'D2'},{'R3'},{'D5'},{'R2'},{'D7'},,&,1.0,&
{'D1'},{'R1'},{'D3'},{'D6'},{'R2'},{'D5'},,,,,&,1.0,&
{'D1'},{'R1'},{'D3'},{'D6'},{'R2'},{'D2'},{'R3'},,,,&,1.0,&
{'D1'},{'R1'},{'D3'},{'D2'},,,,,,,&,3.0,&
{'D1'},{'R1'},{'D3'},{'D2'},{'D6'},,,,,,&,1.0,&
{'D1'},{'R1'},{'D3'},{'D2'},{'D7'},,,,,,&,1.0,&
{'D1'},{'R1'},{'D3'},{'D2'},{'D7'},{'D6'},{'R2'},{'R3'},{'D5'},{'D4'},&,1.0,&
{'D1'},{'R1'},{'D3'},{'D2'},{'D5'},{'R3'},{'D7'},{'R2'},,,&,1.0,&
{'D1'},{'R1'},{'D3'},{'D2'},{'R3'},{'D7'},{'D6'},{'D5'},{'D4'},,&,1.0,&
{'D1'},{'R1'},{'D3'},{'D2'},{'R2'},{'R3'},{'D6'},{'D7'},{'D5'},{'D4'},&,1.0,&
{'D1'},{'R1'},{'D3'},{'D2'},{'D4'},,,,,,&,1.0,&
{'D1'},{'R1'},{'D3'},{'D2'},{'D4'},{'R3'},,,,,&,1.0,&
{'D1'},{'R1'},{'D3'},{'D2'},{'D4'},{'R3'},{'R2'},{'D6'},{'D7'},{'D5'},&,1.0,&
{'D1'},{'R1'},{'D5'},,,,,,,,&,2.0,&
{'D1'},{'R1'},{'D5'},{'R2'},{'D2'},{'R3'},{'D3'},{'D7'},,,&,1.0,&
{'D1'},{'R1'},{'D5'},{'D3'},{'D2'},{'R3'},{'D4'},{'R2'},{'D6'},{'D7'},&,1.0,&
{'D1'},{'R1'},{'D5'},{'D3'},{'D6'},{'D2'},{'D7'},{'D4'},,,&,1.0,&
{'D1'},{'R1'},{'D5'},{'D3'},{'R2'},{'R3'},{'D2'},,,,&,1.0,&
{'D1'},{'R1'},{'D5'},{'R3'},{'D2'},,,,,,&,1.0,&
{'D1'},{'R1'},{'D5'},{'R3'},{'D7'},{'R2'},{'D2'},{'D3'},,,&,1.0,&
{'D1'},{'R1'},{'D5'},{'D2'},,,,,,,&,1.0,&
{'D1'},{'R1'},{'D5'},{'D2'},{'D3'},{'D7'},{'D6'},{'R3'},{'R2'},{'D4'},&,1.0,&
{'D1'},{'R1'},{'D5'},{'D2'},{'R2'},,,,,,&,1.0,&
{'D1'},{'R1'},{'D5'},{'D2'},{'R2'},{'D3'},{'D7'},{'D6'},{'R3'},{'D4'},&,1.0,&
{'D1'},{'R1'},{'D7'},,,,,,,,&,1.0,&
{'D1'},{'R1'},{'D7'},{'R2'},{'R3'},,,,,,&,1.0,&
{'D1'},{'R1'},{'D7'},{'R2'},{'R3'},{'D3'},{'D2'},{'D6'},,,&,1.0,&
{'D1'},{'R1'},{'D7'},{'D3'},{'R2'},{'D2'},{'R3'},{'D5'},{'D4'},{'D6'},&,1.0,&
{'D1'},{'R1'},{'D7'},{'R3'},{'D6'},{'R2'},,,,,&,1.0,&
{'D1'},{'R1'},{'D7'},{'R3'},{'R2'},{'D3'},{'D5'},{'D2'},{'D6'},,&,1.0,&
{'D1'},{'R1'},{'D7'},{'D6'},,,,,,,&,1.0,&
{'D1'},{'R1'},{'D7'},{'D6'},{'D2'},{'R3'},{'R2'},{'D3'},{'D5'},{'D4'},&,1.0,&
{'D1'},{'R1'},{'D7'},{'D2'},,,,,,,&,1.0,&
{'D1'},{'R1'},{'D7'},{'D2'},{'R3'},{'D3'},,,,,&,1.0,&
{'D1'},{'R1'},{'D7'},{'D2'},{'R3'},{'D3'},{'D5'},,,,&,1.0,&
{'D1'},{'R1'},{'D7'},{'D2'},{'R2'},{'R3'},{'D3'},,,,&,1.0,&
{'D1'},{'R1'},{'R3'},,,,,,,,&,10.0,&
{'D1'},{'R1'},{'R3'},{'R2'},,,,,,,&,5.0,&
{'D1'},{'R1'},{'R3'},{'R2'},{'D2'},,,,,,&,2.0,&
{'D1'},{'R1'},{'R3'},{'R2'},{'D2'},{'D7'},{'D3'},,,,&,1.0,&
{'D1'},{'R1'},{'R3'},{'R2'},{'D2'},{'D5'},{'D3'},,,,&,1.0,&
{'D1'},{'R1'},{'R3'},{'R2'},{'D2'},{'D3'},,,,,&,1.0,&
{'D1'},{'R1'},{'R3'},{'R2'},{'D2'},{'D3'},{'D4'},,,,&,1.0,&
{'D1'},{'R1'},{'R3'},{'R2'},{'D6'},,,,,,&,1.0,&
{'D1'},{'R1'},{'R3'},{'R2'},{'D6'},{'D2'},,,,,&,1.0,&
{'D1'},{'R1'},{'R3'},{'R2'},{'D6'},{'D2'},{'D3'},{'D7'},{'D4'},,&,1.0,&
{'D1'},{'R1'},{'R3'},{'R2'},{'D3'},{'D5'},,,,,&,1.0,&
{'D1'},{'R1'},{'R3'},{'R2'},{'D3'},{'D2'},,,,,&,2.0,&
{'D1'},{'R1'},{'R3'},{'R2'},{'D3'},{'D2'},{'D6'},,,,&,2.0,&
{'D1'},{'R1'},{'R3'},{'R2'},{'D3'},{'D2'},{'D4'},{'D5'},,,&,1.0,&
{'D1'},{'R1'},{'R3'},{'R2'},{'D4'},{'D5'},{'D2'},{'D3'},{'D7'},,&,1.0,&
{'D1'},{'R1'},{'R3'},{'R2'},{'D4'},{'D3'},{'D6'},,,,&,1.0,&
{'D1'},{'R1'},{'R3'},{'D3'},,,,,,,&,2.0,&
{'D1'},{'R1'},{'R3'},{'D3'},{'D2'},{'D6'},{'D7'},,,,&,1.0,&
{'D1'},{'R1'},{'R3'},{'D3'},{'D2'},{'D6'},{'D5'},,,,&,1.0,&
{'D1'},{'R1'},{'R3'},{'D3'},{'D7'},,,,,,&,1.0,&
{'D1'},{'R1'},{'R3'},{'D3'},{'R2'},,,,,,&,1.0,&
{'D1'},{'R1'},{'R3'},{'D3'},{'R2'},{'D7'},,,,,&,1.0,&
{'D1'},{'R1'},{'R3'},{'D3'},{'R2'},{'D2'},{'D5'},{'D4'},{'D6'},{'D7'},&,1.0,&
{'D1'},{'R1'},{'R3'},{'D7'},{'D3'},{'R2'},{'D6'},{'D2'},,,&,1.0,&
{'D1'},{'R1'},{'R3'},{'D6'},,,,,,,&,1.0,&
{'D1'},{'R1'},{'R3'},{'D6'},{'D2'},{'D3'},{'D7'},{'R2'},,,&,1.0,&
{'D1'},{'R1'},{'R3'},{'D6'},{'D3'},{'R2'},{'D5'},,,,&,1.0,&
{'D1'},{'R1'},{'R3'},{'D6'},{'D5'},{'D3'},{'R2'},{'D7'},{'D2'},,&,1.0,&
{'D1'},{'R1'},{'R3'},{'D6'},{'R2'},{'D2'},,,,,&,1.0,&
{'D1'},{'R1'},{'R3'},{'D2'},,,,,,,&,6.0,&
{'D1'},{'R1'},{'R3'},{'D2'},{'D7'},{'R2'},,,,,&,1.0,&
{'D1'},{'R1'},{'R3'},{'D2'},{'D3'},,,,,,&,1.0,&
{'D1'},{'R1'},{'R3'},{'D2'},{'D3'},{'R2'},,,,,&,1.0,&
{'D1'},{'R1'},{'R3'},{'D2'},{'D3'},{'D6'},{'D7'},{'D4'},{'D5'},{'R2'},&,1.0,&
{'D1'},{'R1'},{'R3'},{'D2'},{'D5'},{'R2'},{'D3'},{'D7'},,,&,1.0,&
{'D1'},{'R1'},{'R3'},{'D2'},{'D5'},{'D3'},{'R2'},{'D7'},,,&,1.0,&
{'D1'},{'R1'},{'R3'},{'D2'},{'D5'},{'D4'},{'R2'},{'D3'},{'D6'},{'D7'},&,1.0,&
{'D1'},{'R1'},{'R3'},{'D2'},{'R2'},{'D5'},{'D3'},{'D6'},{'D4'},,&,1.0,&
{'D1'},{'R1'},{'R3'},{'D2'},{'R2'},{'D3'},,,,,&,1.0,&
{'D1'},{'R1'},{'R3'},{'D2'},{'R2'},{'D3'},{'D6'},{'D7'},,,&,1.0,&
{'D1'},{'R1'},{'R3'},{'D2'},{'D4'},{'R2'},,,,,&,1.0,&
{'D1'},{'R1'},{'R3'},{'D2'},{'D4'},{'D3'},{'D7'},{'D6'},{'R2'},{'D5'},&,1.0,&
{'D1'},{'R1'},{'R2'},,,,,,,,&,10.0,&
{'D1'},{'R1'},{'R2'},{'D5'},,,,,,,&,1.0,&
{'D1'},{'R1'},{'R2'},{'D5'},{'D2'},{'D3'},,,,,&,1.0,&
{'D1'},{'R1'},{'R2'},{'D5'},{'R3'},{'D2'},,,,,&,1.0,&
{'D1'},{'R1'},{'R2'},{'D3'},,,,,,,&,2.0,&
{'D1'},{'R1'},{'R2'},{'D3'},{'D2'},,,,,,&,3.0,&
{'D1'},{'R1'},{'R2'},{'D3'},{'D2'},{'R3'},{'D7'},{'D5'},,,&,1.0,&
{'D1'},{'R1'},{'R2'},{'D3'},{'D2'},{'R3'},{'D6'},{'D5'},,,&,1.0,&
{'D1'},{'R1'},{'R2'},{'D3'},{'D6'},{'D2'},{'R3'},,,,&,1.0,&
{'D1'},{'R1'},{'R2'},{'D3'},{'D5'},{'D2'},{'R3'},{'D6'},{'D7'},{'D4'},&,1.0,&
{'D1'},{'R1'},{'R2'},{'D3'},{'R3'},{'D7'},{'D2'},{'D5'},,,&,1.0,&
{'D1'},{'R1'},{'R2'},{'D3'},{'R3'},{'D7'},{'D2'},{'D5'},{'D4'},,&,1.0,&
{'D1'},{'R1'},{'R2'},{'D3'},{'D4'},{'D2'},{'R3'},{'D7'},{'D5'},,&,1.0,&
{'D1'},{'R1'},{'R2'},{'D7'},,,,,,,&,2.0,&
{'D1'},{'R1'},{'R2'},{'D7'},{'D3'},{'D2'},{'D6'},{'R3'},{'D5'},{'D4'},&,1.0,&
{'D1'},{'R1'},{'R2'},{'D7'},{'D3'},{'R3'},{'D2'},{'D6'},,,&,1.0,&
{'D1'},{'R1'},{'R2'},{'D7'},{'R3'},,,,,,&,1.0,&
{'D1'},{'R1'},{'R2'},{'R3'},,,,,,,&,4.0,&
{'D1'},{'R1'},{'R2'},{'R3'},{'D2'},,,,,,&,4.0,&
{'D1'},{'R1'},{'R2'},{'R3'},{'D2'},{'D3'},,,,,&,1.0,&
{'D1'},{'R1'},{'R2'},{'R3'},{'D2'},{'D3'},{'D6'},,,,&,1.0,&
{'D1'},{'R1'},{'R2'},{'R3'},{'D2'},{'D3'},{'D4'},{'D6'},,,&,1.0,&
{'D1'},{'R1'},{'R2'},{'R3'},{'D7'},,,,,,&,1.0,&
{'D1'},{'R1'},{'R2'},{'R3'},{'D3'},,,,,,&,2.0,&
{'D1'},{'R1'},{'R2'},{'R3'},{'D3'},{'D2'},,,,,&,1.0,&
{'D1'},{'R1'},{'R2'},{'R3'},{'D3'},{'D2'},{'D7'},{'D6'},{'D5'},,&,1.0,&
{'D1'},{'R1'},{'R2'},{'R3'},{'D3'},{'D2'},{'D6'},{'D5'},{'D7'},{'D4'},&,1.0,&
{'D1'},{'R1'},{'R2'},{'R3'},{'D3'},{'D2'},{'D6'},{'D5'},{'D4'},{'D7'},&,1.0,&
{'D1'},{'R1'},{'R2'},{'R3'},{'D5'},{'D7'},{'D2'},{'D3'},,,&,1.0,&
{'D1'},{'R1'},{'R2'},{'R3'},{'D5'},{'D2'},,,,,&,1.0,&
{'D1'},{'R1'},{'R2'},{'D6'},{'D2'},{'D3'},,,,,&,1.0,&
{'D1'},{'R1'},{'R2'},{'D6'},{'D2'},{'D4'},{'D3'},{'D7'},{'D5'},{'R3'},&,1.0,&
{'D1'},{'R1'},{'R2'},{'D6'},{'R3'},{'D2'},{'D5'},{'D7'},{'D3'},,&,1.0,&
{'D1'},{'R1'},{'R2'},{'D6'},{'R3'},{'D2'},{'D3'},{'D7'},{'D5'},,&,1.0,&
{'D1'},{'R1'},{'R2'},{'D2'},,,,,,,&,2.0,&
{'D1'},{'R1'},{'R2'},{'D2'},{'D6'},,,,,,&,2.0,&
{'D1'},{'R1'},{'R2'},{'D2'},{'D7'},{'R3'},{'D3'},,,,&,1.0,&
{'D1'},{'R1'},{'R2'},{'D2'},{'D3'},,,,,,&,1.0,&
{'D1'},{'R1'},{'R2'},{'D2'},{'D3'},{'D7'},{'D4'},{'D5'},{'D6'},{'R3'},&,1.0,&
{'D1'},{'R1'},{'R2'},{'D2'},{'D3'},{'D5'},,,,,&,1.0,&
{'D1'},{'R1'},{'R2'},{'D2'},{'D3'},{'D5'},{'D6'},{'D7'},{'D4'},,&,1.0,&
{'D1'},{'R1'},{'R2'},{'D2'},{'D3'},{'R3'},,,,,&,1.0,&
{'D1'},{'R1'},{'R2'},{'D2'},{'D3'},{'R3'},{'D5'},,,,&,1.0,&
{'D1'},{'R1'},{'R2'},{'D2'},{'D5'},{'R3'},,,,,&,1.0,&
{'D1'},{'R1'},{'R2'},{'D2'},{'D5'},{'R3'},{'D6'},{'D7'},{'D3'},{'D4'},&,1.0,&
{'D1'},{'R1'},{'R2'},{'D2'},{'R3'},,,,,,&,1.0,&
{'D1'},{'R1'},{'R2'},{'D2'},{'R3'},{'D7'},{'D3'},,,,&,1.0,&
{'D1'},{'R1'},{'R2'},{'D2'},{'R3'},{'D5'},,,,,&,1.0,&
{'D1'},{'R1'},{'R2'},{'D2'},{'R3'},{'D5'},{'D3'},,,,&,1.0,&
{'D1'},{'R1'},{'R2'},{'D2'},{'R3'},{'D6'},,,,,&,1.0,&
{'D1'},{'R1'},{'R2'},{'D2'},{'R3'},{'D3'},,,,,&,1.0,&
{'D1'},{'R1'},{'D2'},,,,,,,,&,17.0,&
{'D1'},{'R1'},{'D2'},{'R2'},,,,,,,&,4.0,&
{'D1'},{'R1'},{'D2'},{'R2'},{'D6'},{'R3'},{'D5'},,,,&,1.0,&
{'D1'},{'R1'},{'D2'},{'R2'},{'D6'},{'D3'},{'D7'},{'D5'},{'D4'},{'R3'},&,1.0,&
{'D1'},{'R1'},{'D2'},{'R2'},{'D3'},,,,,,&,1.0,&
{'D1'},{'R1'},{'D2'},{'R2'},{'D3'},{'D7'},,,,,&,2.0,&
{'D1'},{'R1'},{'D2'},{'R2'},{'D3'},{'D7'},{'R3'},{'D6'},{'D5'},{'D4'},&,1.0,&
{'D1'},{'R1'},{'D2'},{'R2'},{'D3'},{'D6'},{'R3'},,,,&,1.0,&
{'D1'},{'R1'},{'D2'},{'R2'},{'D3'},{'R3'},{'D5'},,,,&,1.0,&
{'D1'},{'R1'},{'D2'},{'R2'},{'D3'},{'R3'},{'D5'},{'D6'},{'D7'},,&,1.0,&
{'D1'},{'R1'},{'D2'},{'R2'},{'D3'},{'R3'},{'D6'},{'D5'},{'D4'},{'D7'},&,1.0,&
{'D1'},{'R1'},{'D2'},{'R2'},{'D5'},,,,,,&,1.0,&
{'D1'},{'R1'},{'D2'},{'R2'},{'R3'},{'D6'},,,,,&,1.0,&
{'D1'},{'R1'},{'D2'},{'R2'},{'R3'},{'D6'},{'D3'},{'D5'},{'D7'},{'D4'},&,1.0,&
{'D1'},{'R1'},{'D2'},{'R2'},{'R3'},{'D3'},{'D7'},,,,&,1.0,&
{'D1'},{'R1'},{'D2'},{'R2'},{'D4'},{'R3'},{'D5'},{'D3'},{'D6'},,&,1.0,&
{'D1'},{'R1'},{'D2'},{'R2'},{'D4'},{'D3'},{'R3'},,,,&,1.0,&
{'D1'},{'R1'},{'D2'},{'D5'},,,,,,,&,1.0,&
{'D1'},{'R1'},{'D2'},{'D5'},{'D3'},{'R3'},{'R2'},{'D6'},{'D7'},{'D4'},&,1.0,&
{'D1'},{'R1'},{'D2'},{'D5'},{'R3'},{'D4'},{'R2'},,,,&,1.0,&
{'D1'},{'R1'},{'D2'},{'D5'},{'R2'},,,,,,&,1.0,&
{'D1'},{'R1'},{'D2'},{'D5'},{'R2'},{'R3'},{'D3'},{'D7'},,,&,1.0,&
{'D1'},{'R1'},{'D2'},{'D3'},,,,,,,&,5.0,&
{'D1'},{'R1'},{'D2'},{'D3'},{'D6'},{'D5'},{'R2'},{'D7'},,,&,1.0,&
{'D1'},{'R1'},{'D2'},{'D3'},{'D6'},{'R2'},,,,,&,1.0,&
{'D1'},{'R1'},{'D2'},{'D3'},{'D6'},{'R2'},{'D7'},{'D5'},{'D4'},{'R3'},&,1.0,&
{'D1'},{'R1'},{'D2'},{'D3'},{'D6'},{'R3'},,,,,&,2.0,&
{'D1'},{'R1'},{'D2'},{'D3'},{'D6'},{'R3'},{'D5'},{'D7'},,,&,1.0,&
{'D1'},{'R1'},{'D2'},{'D3'},{'D6'},{'R3'},{'R2'},{'D5'},,,&,1.0,&
{'D1'},{'R1'},{'D2'},{'D3'},{'D6'},{'D4'},{'D5'},{'R2'},{'R3'},{'D7'},&,1.0,&
{'D1'},{'R1'},{'D2'},{'D3'},{'D7'},{'D6'},{'D5'},,,,&,1.0,&
{'D1'},{'R1'},{'D2'},{'D3'},{'D7'},{'R3'},{'D6'},{'D5'},{'D4'},{'R2'},&,1.0,&
{'D1'},{'R1'},{'D2'},{'D3'},{'D5'},{'D6'},{'D7'},{'R3'},{'D4'},{'R2'},&,1.0,&
{'D1'},{'R1'},{'D2'},{'D3'},{'D5'},{'R3'},{'D6'},{'D7'},{'R2'},{'D4'},&,1.0,&
{'D1'},{'R1'},{'D2'},{'D3'},{'R3'},,,,,,&,3.0,&
{'D1'},{'R1'},{'D2'},{'D3'},{'R3'},{'R2'},,,,,&,1.0,&
{'D1'},{'R1'},{'D2'},{'D3'},{'R3'},{'D6'},{'D5'},,,,&,1.0,&
{'D1'},{'R1'},{'D2'},{'D3'},{'R2'},{'D5'},{'D7'},,,,&,1.0,&
{'D1'},{'R1'},{'D2'},{'D3'},{'R2'},{'R3'},,,,,&,1.0,&
{'D1'},{'R1'},{'D2'},{'D3'},{'R2'},{'R3'},{'D5'},{'D6'},,,&,1.0,&
{'D1'},{'R1'},{'D2'},{'D3'},{'R2'},{'R3'},{'D6'},,,,&,1.0,&
{'D1'},{'R1'},{'D2'},{'D3'},{'R2'},{'D4'},,,,,&,1.0,&
{'D1'},{'R1'},{'D2'},{'D3'},{'D4'},{'D7'},,,,,&,1.0,&
{'D1'},{'R1'},{'D2'},{'D3'},{'D4'},{'D6'},{'D7'},,,,&,1.0,&
{'D1'},{'R1'},{'D2'},{'D3'},{'D4'},{'D6'},{'R2'},{'D5'},{'R3'},,&,1.0,&
{'D1'},{'R1'},{'D2'},{'D4'},,,,,,,&,1.0,&
{'D1'},{'R1'},{'D2'},{'D4'},{'D3'},{'D5'},,,,,&,1.0,&
{'D1'},{'R1'},{'D2'},{'D7'},,,,,,,&,2.0,&
{'D1'},{'R1'},{'D2'},{'D7'},{'D3'},{'D6'},{'D5'},{'D4'},,,&,1.0,&
{'D1'},{'R1'},{'D2'},{'D7'},{'R2'},,,,,,&,1.0,&
{'D1'},{'R1'},{'D2'},{'D7'},{'R2'},{'R3'},{'D6'},{'D3'},,,&,1.0,&
{'D1'},{'R1'},{'D2'},{'D7'},{'R2'},{'D3'},,,,,&,1.0,&
{'D1'},{'R1'},{'D2'},{'R3'},,,,,,,&,1.0,&
{'D1'},{'R1'},{'D2'},{'R3'},{'D3'},,,,,,&,1.0,&
{'D1'},{'R1'},{'D2'},{'R3'},{'D3'},{'D7'},,,,,&,1.0,&
{'D1'},{'R1'},{'D2'},{'R3'},{'D3'},{'D7'},{'D4'},{'D6'},,,&,1.0,&
{'D1'},{'R1'},{'D2'},{'R3'},{'D3'},{'D5'},{'D7'},{'D6'},,,&,1.0,&
{'D1'},{'R1'},{'D2'},{'R3'},{'D3'},{'R2'},,,,,&,1.0,&
{'D1'},{'R1'},{'D2'},{'R3'},{'R2'},,,,,,&,2.0,&
{'D1'},{'R1'},{'D2'},{'R3'},{'R2'},{'D6'},,,,,&,1.0,&
{'D1'},{'R1'},{'D2'},{'R3'},{'R2'},{'D3'},,,,,&,2.0,&
{'D1'},{'R1'},{'D2'},{'R3'},{'R2'},{'D3'},{'D6'},,,,&,1.0,&
{'D1'},{'R1'},{'D2'},{'D6'},,,,,,,&,2.0,&
{'D1'},{'R1'},{'D2'},{'D6'},{'D3'},{'R2'},{'D7'},{'R3'},,,&,1.0,&
{'D1'},{'R1'},{'D2'},{'D6'},{'D3'},{'R2'},{'R3'},,,,&,1.0,&
{'D1'},{'R1'},{'D2'},{'D6'},{'D3'},{'R3'},{'R2'},{'D7'},{'D5'},,&,1.0,&
{'D1'},{'R1'},{'D2'},{'D6'},{'R2'},{'D5'},{'D3'},{'R3'},{'D7'},{'D4'},&,1.0,&
{'D1'},{'R1'},{'D2'},{'D6'},{'R2'},{'R3'},,,,,&,1.0,&
{'D1'},{'R1'},{'D4'},{'R2'},{'D3'},{'D7'},{'D2'},,,,&,1.0,&
{'D1'},{'R1'},{'D4'},{'D7'},{'R2'},{'D2'},{'D6'},{'D3'},{'D5'},,&,1.0,&
{'D1'},{'R1'},{'D4'},{'D2'},{'R3'},{'D3'},{'D6'},,,,&,1.0,&
{'D1'},{'D4'},,,,,,,,,&,13.0,&
{'D1'},{'D4'},{'R1'},,,,,,,,&,1.0,&
{'D1'},{'D4'},{'R1'},{'R2'},{'D2'},{'D3'},,,,,&,1.0,&
{'D1'},{'D4'},{'R1'},{'D3'},{'D2'},,,,,,&,1.0,&
{'D1'},{'D4'},{'R1'},{'R3'},{'D2'},{'R2'},{'D3'},{'D7'},{'D6'},{'D5'},&,1.0,&
{'D1'},{'D4'},{'D6'},,,,,,,,&,1.0,&
{'D1'},{'D4'},{'D6'},{'R2'},{'D2'},{'D3'},{'D7'},,,,&,1.0,&
{'D1'},{'D4'},{'D6'},{'R2'},{'R3'},{'R1'},{'D2'},{'D7'},,,&,1.0,&
{'D1'},{'D4'},{'D6'},{'R3'},,,,,,,&,1.0,&
{'D1'},{'D4'},{'D6'},{'R3'},{'D2'},,,,,,&,1.0,&
{'D1'},{'D4'},{'D6'},{'R3'},{'R2'},,,,,,&,1.0,&
{'D1'},{'D4'},{'D3'},,,,,,,,&,3.0,&
{'D1'},{'D4'},{'D3'},{'R2'},{'D2'},,,,,,&,2.0,&
{'D1'},{'D4'},{'D3'},{'R2'},{'D2'},{'D6'},{'D7'},,,,&,1.0,&
{'D1'},{'D4'},{'D3'},{'D5'},{'R2'},{'R3'},{'R1'},{'D2'},{'D7'},,&,1.0,&
{'D1'},{'D4'},{'D3'},{'D7'},{'D2'},{'D6'},{'R2'},,,,&,1.0,&
{'D1'},{'D4'},{'D3'},{'R3'},,,,,,,&,1.0,&
{'D1'},{'D4'},{'D3'},{'R3'},{'D2'},{'D7'},{'R1'},{'D5'},{'D6'},{'R2'},&,1.0,&
{'D1'},{'D4'},{'D3'},{'R3'},{'R2'},,,,,,&,1.0,&
{'D1'},{'D4'},{'D3'},{'D6'},,,,,,,&,1.0,&
{'D1'},{'D4'},{'D3'},{'D6'},{'R3'},{'R1'},{'D2'},{'D5'},{'D7'},,&,1.0,&
{'D1'},{'D4'},{'D3'},{'D2'},,,,,,,&,2.0,&
{'D1'},{'D4'},{'D3'},{'D2'},{'D6'},{'R3'},{'D5'},{'R2'},{'D7'},,&,1.0,&
{'D1'},{'D4'},{'D3'},{'D2'},{'D6'},{'R3'},{'D5'},{'D7'},{'R2'},{'R1'},&,1.0,&
{'D1'},{'D4'},{'D3'},{'D2'},{'D6'},{'R3'},{'R2'},,,,&,1.0,&
{'D1'},{'D4'},{'D3'},{'D2'},{'D7'},,,,,,&,1.0,&
{'D1'},{'D4'},{'D3'},{'D2'},{'D5'},{'R2'},{'R3'},,,,&,1.0,&
{'D1'},{'D4'},{'D3'},{'D2'},{'R3'},{'D7'},{'D6'},{'D5'},,,&,1.0,&
{'D1'},{'D4'},{'D3'},{'D2'},{'R3'},{'D5'},{'D7'},{'R2'},,,&,1.0,&
{'D1'},{'D4'},{'D3'},{'D2'},{'R3'},{'R2'},{'D5'},,,,&,1.0,&
{'D1'},{'D4'},{'D3'},{'D2'},{'R2'},,,,,,&,1.0,&
{'D1'},{'D4'},{'D3'},{'D2'},{'R2'},{'D6'},{'D7'},,,,&,1.0,&
{'D1'},{'D4'},{'D3'},{'D2'},{'R2'},{'R3'},{'R1'},,,,&,1.0,&
{'D1'},{'D4'},{'D5'},{'D3'},{'D2'},{'R3'},{'D6'},{'R2'},,,&,1.0,&
{'D1'},{'D4'},{'D5'},{'D3'},{'R1'},{'D2'},{'R3'},{'R2'},,,&,1.0,&
{'D1'},{'D4'},{'D5'},{'R3'},{'D2'},,,,,,&,1.0,&
{'D1'},{'D4'},{'D7'},,,,,,,,&,1.0,&
{'D1'},{'D4'},{'D7'},{'R3'},{'D3'},{'D2'},{'R2'},{'R1'},,,&,1.0,&
{'D1'},{'D4'},{'R3'},,,,,,,,&,6.0,&
{'D1'},{'D4'},{'R3'},{'R2'},,,,,,,&,2.0,&
{'D1'},{'D4'},{'R3'},{'R2'},{'D2'},{'R1'},{'D3'},,,,&,1.0,&
{'D1'},{'D4'},{'R3'},{'R2'},{'D6'},{'R1'},{'D7'},{'D2'},{'D3'},,&,1.0,&
{'D1'},{'D4'},{'R3'},{'R2'},{'D6'},{'R1'},{'D2'},{'D3'},,,&,1.0,&
{'D1'},{'D4'},{'R3'},{'D3'},{'R2'},,,,,,&,1.0,&
{'D1'},{'D4'},{'R3'},{'D3'},{'R2'},{'D2'},{'R1'},{'D7'},{'D6'},,&,1.0,&
{'D1'},{'D4'},{'R3'},{'D7'},,,,,,,&,2.0,&
{'D1'},{'D4'},{'R3'},{'D7'},{'R1'},{'D3'},{'D2'},{'R2'},{'D5'},{'D6'},&,1.0,&
{'D1'},{'D4'},{'R3'},{'D2'},{'D3'},,,,,,&,1.0,&
{'D1'},{'D4'},{'R3'},{'D2'},{'R2'},,,,,,&,1.0,&
{'D1'},{'D4'},{'R3'},{'D2'},{'R2'},{'D3'},{'R1'},{'D6'},{'D7'},,&,1.0,&
{'D1'},{'D4'},{'R3'},{'D2'},{'R2'},{'R1'},{'D6'},,,,&,1.0,&
{'D1'},{'D4'},{'R2'},,,,,,,,&,7.0,&
{'D1'},{'D4'},{'R2'},{'D5'},,,,,,,&,1.0,&
{'D1'},{'D4'},{'R2'},{'D5'},{'D3'},{'R3'},{'R1'},,,,&,1.0,&
{'D1'},{'D4'},{'R2'},{'D5'},{'R3'},{'D2'},{'R1'},{'D3'},,,&,1.0,&
{'D1'},{'D4'},{'R2'},{'D3'},,,,,,,&,1.0,&
{'D1'},{'D4'},{'R2'},{'D3'},{'D2'},{'D7'},{'R1'},{'D6'},,,&,1.0,&
{'D1'},{'D4'},{'R2'},{'D3'},{'D2'},{'D7'},{'D6'},{'R3'},{'D5'},,&,1.0,&
{'D1'},{'D4'},{'R2'},{'D3'},{'D2'},{'D5'},{'D6'},{'R3'},,,&,1.0,&
{'D1'},{'D4'},{'R2'},{'D3'},{'D7'},{'R3'},{'D2'},,,,&,1.0,&
{'D1'},{'D4'},{'R2'},{'R1'},{'D2'},{'R3'},,,,,&,1.0,&
{'D1'},{'D4'},{'R2'},{'R1'},{'D2'},{'D3'},{'R3'},{'D6'},,,&,1.0,&
{'D1'},{'D4'},{'R2'},{'R3'},,,,,,,&,1.0,&
{'D1'},{'D4'},{'R2'},{'R3'},{'D2'},{'R1'},{'D5'},{'D3'},{'D7'},{'D6'},&,1.0,&
{'D1'},{'D4'},{'R2'},{'R3'},{'D3'},,,,,,&,1.0,&
{'D1'},{'D4'},{'R2'},{'R3'},{'R1'},,,,,,&,1.0,&
{'D1'},{'D4'},{'R2'},{'R3'},{'R1'},{'D5'},,,,,&,1.0,&
{'D1'},{'D4'},{'R2'},{'R3'},{'R1'},{'D2'},,,,,&,1.0,&
{'D1'},{'D4'},{'R2'},{'R3'},{'R1'},{'D3'},{'D2'},,,,&,1.0,&
{'D1'},{'D4'},{'R2'},{'R3'},{'D5'},,,,,,&,1.0,&
{'D1'},{'D4'},{'R2'},{'D6'},{'D2'},{'R3'},,,,,&,1.0,&
{'D1'},{'D4'},{'R2'},{'D6'},{'D2'},{'R3'},{'D3'},{'D7'},{'R1'},,&,1.0,&
{'D1'},{'D4'},{'R2'},{'D2'},{'D7'},,,,,,&,1.0,&
{'D1'},{'D4'},{'R2'},{'D2'},{'D3'},{'R3'},{'D6'},,,,&,1.0,&
{'D1'},{'D4'},{'R2'},{'D2'},{'R3'},{'R1'},{'D3'},{'D7'},{'D5'},,&,1.0,&
{'D1'},{'D4'},{'D2'},,,,,,,,&,5.0,&
{'D1'},{'D4'},{'D2'},{'R2'},,,,,,,&,5.0,&
{'D1'},{'D4'},{'D2'},{'R2'},{'D7'},{'R3'},{'R1'},{'D5'},{'D3'},{'D6'},&,1.0,&
{'D1'},{'D4'},{'D2'},{'R2'},{'D3'},{'D7'},{'D6'},{'D5'},{'R3'},{'R1'},&,1.0,&
{'D1'},{'D4'},{'D2'},{'R2'},{'R3'},,,,,,&,1.0,&
{'D1'},{'D4'},{'D2'},{'D3'},,,,,,,&,2.0,&
{'D1'},{'D4'},{'D2'},{'D3'},{'D6'},{'R2'},{'R3'},{'R1'},{'D7'},{'D5'},&,1.0,&
{'D1'},{'D4'},{'D2'},{'D3'},{'D6'},{'R3'},{'D5'},,,,&,1.0,&
{'D1'},{'D4'},{'D2'},{'D3'},{'D5'},{'R2'},,,,,&,1.0,&
{'D1'},{'D4'},{'D2'},{'D3'},{'D5'},{'R3'},{'D6'},{'D7'},,,&,1.0,&
{'D1'},{'D4'},{'D2'},{'D3'},{'R3'},,,,,,&,1.0,&
{'D1'},{'D4'},{'D2'},{'D7'},{'R2'},{'R3'},{'D3'},,,,&,1.0,&
{'D1'},{'D4'},{'D2'},{'R1'},{'D3'},,,,,,&,1.0,&
{'D1'},{'D4'},{'D2'},{'R3'},,,,,,,&,1.0,&
{'D1'},{'D4'},{'D2'},{'R3'},{'D7'},{'D3'},{'R2'},{'D6'},{'D5'},,&,1.0,&
{'D1'},{'D4'},{'D2'},{'R3'},{'R2'},{'R1'},{'D3'},,,,&,1.0,&
{'D1'},{'D4'},{'D2'},{'D6'},{'R2'},{'R3'},{'D3'},,,,&,1.0,&
{'D1'},{'D3'},,,,,,,,,&,169.0,&
{'D1'},{'D3'},{'R1'},,,,,,,,&,14.0,&
{'D1'},{'D3'},{'R1'},{'R2'},,,,,,,&,5.0,&
{'D1'},{'D3'},{'R1'},{'R2'},{'D2'},,,,,,&,3.0,&
{'D1'},{'D3'},{'R1'},{'R2'},{'D2'},{'D5'},{'D6'},{'R3'},{'D7'},,&,1.0,&
{'D1'},{'D3'},{'R1'},{'R2'},{'D2'},{'R3'},{'D7'},{'D6'},{'D5'},{'D4'},&,1.0,&
{'D1'},{'D3'},{'R1'},{'R2'},{'D2'},{'R3'},{'D6'},{'D5'},{'D7'},,&,1.0,&
{'D1'},{'D3'},{'R1'},{'R2'},{'D2'},{'D4'},{'D6'},,,,&,1.0,&
{'D1'},{'D3'},{'R1'},{'R2'},{'D5'},,,,,,&,1.0,&
{'D1'},{'D3'},{'R1'},{'R2'},{'D5'},{'R3'},,,,,&,1.0,&
{'D1'},{'D3'},{'R1'},{'R2'},{'D5'},{'D4'},{'R3'},{'D2'},{'D6'},,&,1.0,&
{'D1'},{'D3'},{'R1'},{'R2'},{'R3'},,,,,,&,1.0,&
{'D1'},{'D3'},{'R1'},{'R2'},{'R3'},{'D2'},,,,,&,1.0,&
{'D1'},{'D3'},{'R1'},{'R2'},{'R3'},{'D2'},{'D5'},{'D6'},{'D7'},{'D4'},&,1.0,&
{'D1'},{'D3'},{'R1'},{'D5'},{'D7'},{'D2'},{'D6'},{'D4'},{'R2'},,&,1.0,&
{'D1'},{'D3'},{'R1'},{'D5'},{'R3'},{'R2'},{'D2'},,,,&,1.0,&
{'D1'},{'D3'},{'R1'},{'D5'},{'R3'},{'D2'},{'R2'},{'D7'},{'D4'},,&,1.0,&
{'D1'},{'D3'},{'R1'},{'D7'},,,,,,,&,2.0,&
{'D1'},{'D3'},{'R1'},{'D7'},{'D2'},{'D5'},,,,,&,1.0,&
{'D1'},{'D3'},{'R1'},{'R3'},,,,,,,&,2.0,&
{'D1'},{'D3'},{'R1'},{'R3'},{'D7'},{'R2'},{'D2'},{'D5'},{'D6'},{'D4'},&,1.0,&
{'D1'},{'D3'},{'R1'},{'R3'},{'R2'},,,,,,&,1.0,&
{'D1'},{'D3'},{'R1'},{'R3'},{'R2'},{'D2'},{'D5'},{'D6'},{'D7'},,&,1.0,&
{'D1'},{'D3'},{'R1'},{'R3'},{'R2'},{'D2'},{'D5'},{'D4'},{'D6'},{'D7'},&,1.0,&
{'D1'},{'D3'},{'R1'},{'R3'},{'R2'},{'D2'},{'D6'},{'D4'},,,&,1.0,&
{'D1'},{'D3'},{'R1'},{'R3'},{'D4'},{'R2'},{'D2'},{'D5'},,,&,1.0,&
{'D1'},{'D3'},{'R1'},{'D6'},{'D2'},{'R3'},{'R2'},{'D7'},{'D5'},,&,1.0,&
{'D1'},{'D3'},{'R1'},{'D6'},{'R3'},{'R2'},,,,,&,1.0,&
{'D1'},{'D3'},{'R1'},{'D2'},,,,,,,&,5.0,&
{'D1'},{'D3'},{'R1'},{'D2'},{'D7'},{'D5'},{'D6'},,,,&,1.0,&
{'D1'},{'D3'},{'R1'},{'D2'},{'D5'},,,,,,&,1.0,&
{'D1'},{'D3'},{'R1'},{'D2'},{'D5'},{'D7'},{'D4'},{'D6'},{'R3'},{'R2'},&,1.0,&
{'D1'},{'D3'},{'R1'},{'D2'},{'D5'},{'D6'},,,,,&,1.0,&
{'D1'},{'D3'},{'R1'},{'D2'},{'R3'},{'D7'},,,,,&,1.0,&
{'D1'},{'D3'},{'R1'},{'D2'},{'R3'},{'D7'},{'R2'},,,,&,1.0,&
{'D1'},{'D3'},{'R1'},{'D2'},{'R3'},{'R2'},,,,,&,3.0,&
{'D1'},{'D3'},{'R1'},{'D2'},{'R2'},,,,,,&,2.0,&
{'D1'},{'D3'},{'R1'},{'D2'},{'R2'},{'D7'},{'D5'},{'R3'},{'D6'},,&,1.0,&
{'D1'},{'D3'},{'R1'},{'D2'},{'D4'},{'D5'},{'D6'},{'R3'},{'R2'},{'D7'},&,1.0,&
{'D1'},{'D3'},{'D6'},,,,,,,,&,16.0,&
{'D1'},{'D3'},{'D6'},{'R2'},,,,,,,&,2.0,&
{'D1'},{'D3'},{'D6'},{'R2'},{'D2'},,,,,,&,2.0,&
{'D1'},{'D3'},{'D6'},{'R2'},{'D2'},{'D7'},,,,,&,1.0,&
{'D1'},{'D3'},{'D6'},{'R2'},{'D2'},{'D5'},{'R3'},{'R1'},,,&,1.0,&
{'D1'},{'D3'},{'D6'},{'R2'},{'D2'},{'R1'},{'R3'},{'D5'},{'D7'},,&,1.0,&
{'D1'},{'D3'},{'D6'},{'R2'},{'D2'},{'D4'},,,,,&,1.0,&
{'D1'},{'D3'},{'D6'},{'R2'},{'D5'},{'R3'},{'R1'},,,,&,1.0,&
{'D1'},{'D3'},{'D6'},{'R2'},{'R3'},,,,,,&,3.0,&
{'D1'},{'D3'},{'D6'},{'R2'},{'R3'},{'D5'},{'D2'},,,,&,1.0,&
{'D1'},{'D3'},{'D6'},{'R2'},{'R3'},{'D2'},{'R1'},{'D7'},{'D5'},{'D4'},&,1.0,&
{'D1'},{'D3'},{'D6'},{'R2'},{'R3'},{'R1'},{'D2'},{'D7'},{'D5'},{'D4'},&,1.0,&
{'D1'},{'D3'},{'D6'},{'R2'},{'D4'},{'D2'},{'R3'},{'D7'},,,&,1.0,&
{'D1'},{'D3'},{'D6'},{'D5'},{'D2'},,,,,,&,2.0,&
{'D1'},{'D3'},{'D6'},{'D5'},{'D2'},{'R2'},{'D4'},{'R1'},{'D7'},,&,1.0,&
{'D1'},{'D3'},{'D6'},{'D5'},{'R3'},{'D2'},,,,,&,1.0,&
{'D1'},{'D3'},{'D6'},{'D4'},,,,,,,&,1.0,&
{'D1'},{'D3'},{'D6'},{'D7'},,,,,,,&,1.0,&
{'D1'},{'D3'},{'D6'},{'R1'},{'D2'},{'R2'},{'R3'},{'D5'},{'D7'},,&,1.0,&
{'D1'},{'D3'},{'D6'},{'R1'},{'R2'},{'R3'},,,,,&,1.0,&
{'D1'},{'D3'},{'D6'},{'R3'},,,,,,,&,2.0,&
{'D1'},{'D3'},{'D6'},{'R3'},{'D2'},{'D7'},{'D4'},{'D5'},{'R2'},,&,1.0,&
{'D1'},{'D3'},{'D6'},{'R3'},{'D2'},{'D5'},{'D7'},{'D4'},,,&,1.0,&
{'D1'},{'D3'},{'D6'},{'R3'},{'D2'},{'R2'},{'D4'},{'D5'},{'D7'},,&,1.0,&
{'D1'},{'D3'},{'D6'},{'R3'},{'R1'},{'D2'},{'D7'},{'D4'},{'R2'},,&,1.0,&
{'D1'},{'D3'},{'D6'},{'R3'},{'R2'},,,,,,&,2.0,&
{'D1'},{'D3'},{'D6'},{'R3'},{'R2'},{'D2'},{'R1'},{'D5'},,,&,1.0,&
{'D1'},{'D3'},{'D6'},{'R3'},{'R2'},{'R1'},,,,,&,1.0,&
{'D1'},{'D3'},{'D6'},{'R3'},{'R2'},{'R1'},{'D2'},,,,&,2.0,&
{'D1'},{'D3'},{'D6'},{'D2'},,,,,,,&,3.0,&
{'D1'},{'D3'},{'D6'},{'D2'},{'D7'},,,,,,&,3.0,&
{'D1'},{'D3'},{'D6'},{'D2'},{'D7'},{'R2'},{'D5'},{'R3'},,,&,1.0,&
{'D1'},{'D3'},{'D6'},{'D2'},{'D7'},{'R3'},{'R2'},{'D4'},{'R1'},{'D5'},&,1.0,&
{'D1'},{'D3'},{'D6'},{'D2'},{'D7'},{'D4'},{'R2'},{'D5'},,,&,1.0,&
{'D1'},{'D3'},{'D6'},{'D2'},{'R1'},,,,,,&,1.0,&
{'D1'},{'D3'},{'D6'},{'D2'},{'D5'},{'R2'},,,,,&,1.0,&
{'D1'},{'D3'},{'D6'},{'D2'},{'D5'},{'R2'},{'R3'},,,,&,1.0,&
{'D1'},{'D3'},{'D6'},{'D2'},{'D5'},{'R2'},{'R3'},{'D7'},{'D4'},,&,1.0,&
{'D1'},{'D3'},{'D6'},{'D2'},{'D5'},{'R3'},{'D7'},,,,&,1.0,&
{'D1'},{'D3'},{'D6'},{'D2'},{'R3'},{'D5'},,,,,&,1.0,&
{'D1'},{'D3'},{'D6'},{'D2'},{'R3'},{'D5'},{'D7'},{'D4'},{'R2'},,&,1.0,&
{'D1'},{'D3'},{'D6'},{'D2'},{'R3'},{'D5'},{'D7'},{'R2'},{'R1'},{'D4'},&,1.0,&
{'D1'},{'D3'},{'D6'},{'D2'},{'R3'},{'R2'},,,,,&,2.0,&
{'D1'},{'D3'},{'D6'},{'D2'},{'R3'},{'R2'},{'D7'},{'D5'},,,&,1.0,&
{'D1'},{'D3'},{'D6'},{'D2'},{'R2'},{'D5'},,,,,&,1.0,&
{'D1'},{'D3'},{'D6'},{'D2'},{'R2'},{'R3'},,,,,&,1.0,&
{'D1'},{'D3'},{'D6'},{'D2'},{'R2'},{'R3'},{'R1'},,,,&,2.0,&
{'D1'},{'D3'},{'D6'},{'D2'},{'R2'},{'R1'},{'D7'},{'R3'},,,&,1.0,&
{'D1'},{'D3'},{'D6'},{'D2'},{'R2'},{'R1'},{'R3'},{'D5'},{'D4'},{'D7'},&,1.0,&
{'D1'},{'D3'},{'D6'},{'D2'},{'D4'},{'D5'},,,,,&,1.0,&
{'D1'},{'D3'},{'D5'},,,,,,,,&,18.0,&
{'D1'},{'D3'},{'D5'},{'R2'},,,,,,,&,1.0,&
{'D1'},{'D3'},{'D5'},{'R2'},{'D2'},,,,,,&,1.0,&
{'D1'},{'D3'},{'D5'},{'R2'},{'D2'},{'D7'},,,,,&,1.0,&
{'D1'},{'D3'},{'D5'},{'R2'},{'D2'},{'D7'},{'R1'},{'D6'},{'D4'},{'R3'},&,1.0,&
{'D1'},{'D3'},{'D5'},{'R2'},{'D2'},{'D6'},{'D7'},{'R3'},{'R1'},{'D4'},&,1.0,&
{'D1'},{'D3'},{'D5'},{'R2'},{'D2'},{'R3'},{'R1'},,,,&,1.0,&
{'D1'},{'D3'},{'D5'},{'R2'},{'D2'},{'R3'},{'R1'},{'D6'},{'D7'},,&,1.0,&
{'D1'},{'D3'},{'D5'},{'R2'},{'D2'},{'R3'},{'R1'},{'D7'},{'D6'},{'D4'},&,1.0,&
{'D1'},{'D3'},{'D5'},{'R2'},{'D6'},{'R1'},{'D2'},{'D7'},{'D4'},{'R3'},&,1.0,&
{'D1'},{'D3'},{'D5'},{'R2'},{'R1'},{'D2'},{'R3'},,,,&,1.0,&
{'D1'},{'D3'},{'D5'},{'R2'},{'R3'},{'D6'},{'R1'},{'D2'},{'D7'},,&,1.0,&
{'D1'},{'D3'},{'D5'},{'R2'},{'R3'},{'D2'},{'R1'},{'D4'},{'D7'},,&,1.0,&
{'D1'},{'D3'},{'D5'},{'R2'},{'R3'},{'R1'},,,,,&,1.0,&
{'D1'},{'D3'},{'D5'},{'R2'},{'R3'},{'R1'},{'D2'},,,,&,1.0,&
{'D1'},{'D3'},{'D5'},{'R2'},{'D4'},{'D2'},{'D7'},{'R1'},,,&,1.0,&
{'D1'},{'D3'},{'D5'},{'D4'},{'D6'},{'R2'},,,,,&,1.0,&
{'D1'},{'D3'},{'D5'},{'D7'},{'D2'},{'D6'},,,,,&,1.0,&
{'D1'},{'D3'},{'D5'},{'D7'},{'D2'},{'R3'},{'R2'},{'D6'},{'D4'},,&,1.0,&
{'D1'},{'D3'},{'D5'},{'D7'},{'R3'},{'D2'},{'R2'},{'R1'},{'D6'},{'D4'},&,1.0,&
{'D1'},{'D3'},{'D5'},{'R1'},{'D2'},{'D6'},,,,,&,1.0,&
{'D1'},{'D3'},{'D5'},{'R1'},{'D2'},{'D6'},{'R2'},{'R3'},,,&,1.0,&
{'D1'},{'D3'},{'D5'},{'R1'},{'R2'},,,,,,&,1.0,&
{'D1'},{'D3'},{'D5'},{'R1'},{'R2'},{'R3'},,,,,&,1.0,&
{'D1'},{'D3'},{'D5'},{'R1'},{'D4'},,,,,,&,1.0,&
{'D1'},{'D3'},{'D5'},{'R3'},,,,,,,&,5.0,&
{'D1'},{'D3'},{'D5'},{'R3'},{'D2'},,,,,,&,1.0,&
{'D1'},{'D3'},{'D5'},{'R3'},{'D2'},{'D7'},,,,,&,1.0,&
{'D1'},{'D3'},{'D5'},{'R3'},{'D2'},{'R2'},,,,,&,2.0,&
{'D1'},{'D3'},{'D5'},{'R3'},{'D2'},{'R2'},{'R1'},{'D7'},{'D6'},,&,1.0,&
{'D1'},{'D3'},{'D5'},{'R3'},{'D7'},,,,,,&,1.0,&
{'D1'},{'D3'},{'D5'},{'R3'},{'R1'},,,,,,&,1.0,&
{'D1'},{'D3'},{'D5'},{'R3'},{'R2'},,,,,,&,1.0,&
{'D1'},{'D3'},{'D5'},{'R3'},{'R2'},{'D7'},,,,,&,1.0,&
{'D1'},{'D3'},{'D5'},{'R3'},{'R2'},{'D2'},{'D6'},{'D7'},{'R1'},{'D4'},&,1.0,&
{'D1'},{'D3'},{'D5'},{'R3'},{'R2'},{'D2'},{'D6'},{'D7'},{'D4'},,&,1.0,&
{'D1'},{'D3'},{'D5'},{'R3'},{'R2'},{'R1'},{'D2'},,,,&,1.0,&
{'D1'},{'D3'},{'D5'},{'D6'},,,,,,,&,1.0,&
{'D1'},{'D3'},{'D5'},{'D6'},{'D2'},{'D7'},{'D4'},,,,&,1.0,&
{'D1'},{'D3'},{'D5'},{'D6'},{'R3'},{'D2'},,,,,&,2.0,&
{'D1'},{'D3'},{'D5'},{'D2'},,,,,,,&,3.0,&
{'D1'},{'D3'},{'D5'},{'D2'},{'D6'},{'D7'},{'R2'},{'D4'},{'R3'},,&,1.0,&
{'D1'},{'D3'},{'D5'},{'D2'},{'D6'},{'R2'},{'D7'},{'R1'},,,&,1.0,&
{'D1'},{'D3'},{'D5'},{'D2'},{'D6'},{'R2'},{'D4'},{'D7'},{'R3'},{'R1'},&,1.0,&
{'D1'},{'D3'},{'D5'},{'D2'},{'D6'},{'R3'},,,,,&,1.0,&
{'D1'},{'D3'},{'D5'},{'D2'},{'D6'},{'R3'},{'R2'},{'D7'},,,&,2.0,&
{'D1'},{'D3'},{'D5'},{'D2'},{'D6'},{'R1'},,,,,&,1.0,&
{'D1'},{'D3'},{'D5'},{'D2'},{'D7'},{'R2'},,,,,&,1.0,&
{'D1'},{'D3'},{'D5'},{'D2'},{'D7'},{'R2'},{'R3'},{'D6'},{'D4'},{'R1'},&,1.0,&
{'D1'},{'D3'},{'D5'},{'D2'},{'D7'},{'D6'},{'D4'},{'R3'},{'R2'},,&,1.0,&
{'D1'},{'D3'},{'D5'},{'D2'},{'D7'},{'R3'},{'R2'},,,,&,1.0,&
{'D1'},{'D3'},{'D5'},{'D2'},{'D7'},{'D4'},{'R3'},{'D6'},{'R2'},{'R1'},&,1.0,&
{'D1'},{'D3'},{'D5'},{'D2'},{'R3'},{'R2'},{'D7'},{'R1'},{'D6'},,&,1.0,&
{'D1'},{'D3'},{'D5'},{'D2'},{'R3'},{'R2'},{'D6'},{'D4'},,,&,1.0,&
{'D1'},{'D3'},{'D5'},{'D2'},{'R3'},{'D6'},,,,,&,1.0,&
{'D1'},{'D3'},{'D5'},{'D2'},{'R3'},{'R1'},,,,,&,1.0,&
{'D1'},{'D3'},{'D5'},{'D2'},{'R2'},,,,,,&,2.0,&
{'D1'},{'D3'},{'D5'},{'D2'},{'R2'},{'D6'},,,,,&,2.0,&
{'D1'},{'D3'},{'D5'},{'D2'},{'R2'},{'R3'},{'D7'},,,,&,1.0,&
{'D1'},{'D3'},{'D5'},{'D2'},{'R2'},{'R3'},{'R1'},,,,&,1.0,&
{'D1'},{'D3'},{'D5'},{'D2'},{'R2'},{'R3'},{'D6'},{'D7'},{'R1'},,&,1.0,&
{'D1'},{'D3'},{'D5'},{'D2'},{'D4'},{'D7'},,,,,&,1.0,&
{'D1'},{'D3'},{'D5'},{'D2'},{'D4'},{'R3'},,,,,&,1.0,&
{'D1'},{'D3'},{'D7'},,,,,,,,&,14.0,&
{'D1'},{'D3'},{'D7'},{'R2'},,,,,,,&,2.0,&
{'D1'},{'D3'},{'D7'},{'R2'},{'D2'},{'D4'},,,,,&,1.0,&
{'D1'},{'D3'},{'D7'},{'R2'},{'R1'},,,,,,&,1.0,&
{'D1'},{'D3'},{'D7'},{'R2'},{'R1'},{'D2'},,,,,&,1.0,&
{'D1'},{'D3'},{'D7'},{'R2'},{'D5'},,,,,,&,1.0,&
{'D1'},{'D3'},{'D7'},{'R2'},{'R3'},,,,,,&,1.0,&
{'D1'},{'D3'},{'D7'},{'R2'},{'R3'},{'D5'},{'R1'},,,,&,1.0,&
{'D1'},{'D3'},{'D7'},{'R2'},{'R3'},{'D5'},{'D2'},{'D4'},,,&,1.0,&
{'D1'},{'D3'},{'D7'},{'R2'},{'R3'},{'D2'},{'D6'},{'D5'},{'R1'},,&,1.0,&
{'D1'},{'D3'},{'D7'},{'R2'},{'R3'},{'D2'},{'D6'},{'D5'},{'R1'},{'D4'},&,1.0,&
{'D1'},{'D3'},{'D7'},{'R2'},{'R3'},{'R1'},,,,,&,1.0,&
{'D1'},{'D3'},{'D7'},{'R2'},{'D4'},{'D2'},{'D6'},{'R3'},{'D5'},,&,1.0,&
{'D1'},{'D3'},{'D7'},{'D5'},{'D2'},{'D6'},,,,,&,1.0,&
{'D1'},{'D3'},{'D7'},{'D4'},,,,,,,&,2.0,&
{'D1'},{'D3'},{'D7'},{'D4'},{'D2'},,,,,,&,1.0,&
{'D1'},{'D3'},{'D7'},{'R1'},{'D2'},,,,,,&,1.0,&
{'D1'},{'D3'},{'D7'},{'R1'},{'D2'},{'D5'},{'D6'},{'D4'},{'R2'},{'R3'},&,1.0,&
{'D1'},{'D3'},{'D7'},{'R1'},{'D2'},{'D6'},{'R2'},{'D4'},{'D5'},{'R3'},&,1.0,&
{'D1'},{'D3'},{'D7'},{'R1'},{'R3'},,,,,,&,1.0,&
{'D1'},{'D3'},{'D7'},{'R1'},{'R2'},{'R3'},,,,,&,1.0,&
{'D1'},{'D3'},{'D7'},{'R3'},,,,,,,&,3.0,&
{'D1'},{'D3'},{'D7'},{'R3'},{'D2'},{'R2'},{'R1'},{'D5'},,,&,1.0,&
{'D1'},{'D3'},{'D7'},{'R3'},{'D2'},{'R2'},{'D6'},{'R1'},,,&,1.0,&
{'D1'},{'D3'},{'D7'},{'R3'},{'D2'},{'D6'},,,,,&,1.0,&
{'D1'},{'D3'},{'D7'},{'R3'},{'D2'},{'D6'},{'R2'},{'R1'},{'D4'},,&,1.0,&
{'D1'},{'D3'},{'D7'},{'R3'},{'D6'},{'R2'},{'D2'},{'D4'},{'D5'},,&,1.0,&
{'D1'},{'D3'},{'D7'},{'R3'},{'D6'},{'D2'},,,,,&,1.0,&
{'D1'},{'D3'},{'D7'},{'R3'},{'D6'},{'D2'},{'D5'},,,,&,1.0,&
{'D1'},{'D3'},{'D7'},{'R3'},{'R2'},,,,,,&,1.0,&
{'D1'},{'D3'},{'D7'},{'R3'},{'R2'},{'D5'},{'D2'},,,,&,1.0,&
{'D1'},{'D3'},{'D7'},{'R3'},{'R2'},{'D2'},,,,,&,1.0,&
{'D1'},{'D3'},{'D7'},{'R3'},{'R2'},{'R1'},,,,,&,1.0,&
{'D1'},{'D3'},{'D7'},{'R3'},{'R2'},{'R1'},{'D6'},,,,&,1.0,&
{'D1'},{'D3'},{'D7'},{'R3'},{'R2'},{'R1'},{'D6'},{'D5'},{'D2'},,&,1.0,&
{'D1'},{'D3'},{'D7'},{'R3'},{'R2'},{'R1'},{'D2'},{'D6'},,,&,1.0,&
{'D1'},{'D3'},{'D7'},{'D6'},{'D2'},{'R3'},,,,,&,1.0,&
{'D1'},{'D3'},{'D7'},{'D2'},,,,,,,&,4.0,&
{'D1'},{'D3'},{'D7'},{'D2'},{'D6'},,,,,,&,1.0,&
{'D1'},{'D3'},{'D7'},{'D2'},{'D6'},{'D5'},{'R2'},{'D4'},,,&,1.0,&
{'D1'},{'D3'},{'D7'},{'D2'},{'D6'},{'D5'},{'R2'},{'R3'},{'D4'},,&,1.0,&
{'D1'},{'D3'},{'D7'},{'D2'},{'D6'},{'R2'},{'R3'},,,,&,1.0,&
{'D1'},{'D3'},{'D7'},{'D2'},{'D6'},{'R3'},{'R1'},,,,&,1.0,&
{'D1'},{'D3'},{'D7'},{'D2'},{'D5'},,,,,,&,1.0,&
{'D1'},{'D3'},{'D7'},{'D2'},{'D5'},{'R3'},{'D4'},{'D6'},,,&,1.0,&
{'D1'},{'D3'},{'D7'},{'D2'},{'D5'},{'R1'},{'R3'},{'D6'},{'D4'},{'R2'},&,1.0,&
{'D1'},{'D3'},{'D7'},{'D2'},{'R3'},,,,,,&,2.0,&
{'D1'},{'D3'},{'D7'},{'D2'},{'R3'},{'D5'},,,,,&,1.0,&
{'D1'},{'D3'},{'D7'},{'D2'},{'R3'},{'D5'},{'R1'},{'R2'},,,&,1.0,&
{'D1'},{'D3'},{'D7'},{'D2'},{'R3'},{'R2'},{'D6'},,,,&,1.0,&
{'D1'},{'D3'},{'D7'},{'D2'},{'R2'},,,,,,&,1.0,&
{'D1'},{'D3'},{'D7'},{'D2'},{'R2'},{'D6'},,,,,&,1.0,&
{'D1'},{'D3'},{'D7'},{'D2'},{'R2'},{'R3'},,,,,&,1.0,&
{'D1'},{'D3'},{'D7'},{'D2'},{'R2'},{'R3'},{'D4'},{'R1'},,,&,1.0,&
{'D1'},{'D3'},{'D7'},{'D2'},{'R2'},{'D4'},{'D5'},,,,&,1.0,&
{'D1'},{'D3'},{'R3'},,,,,,,,&,42.0,&
{'D1'},{'D3'},{'R3'},{'R2'},,,,,,,&,13.0,&
{'D1'},{'D3'},{'R3'},{'R2'},{'D2'},,,,,,&,7.0,&
{'D1'},{'D3'},{'R3'},{'R2'},{'D2'},{'D7'},,,,,&,1.0,&
{'D1'},{'D3'},{'R3'},{'R2'},{'D2'},{'D7'},{'D5'},,,,&,1.0,&
{'D1'},{'D3'},{'R3'},{'R2'},{'D2'},{'D7'},{'D5'},{'R1'},,,&,1.0,&
{'D1'},{'D3'},{'R3'},{'R2'},{'D2'},{'D7'},{'R1'},{'D6'},{'D5'},,&,1.0,&
{'D1'},{'D3'},{'R3'},{'R2'},{'D2'},{'D7'},{'R1'},{'D5'},,,&,1.0,&
{'D1'},{'D3'},{'R3'},{'R2'},{'D2'},{'D7'},{'D6'},{'D4'},{'R1'},,&,1.0,&
{'D1'},{'D3'},{'R3'},{'R2'},{'D2'},{'D5'},,,,,&,2.0,&
{'D1'},{'D3'},{'R3'},{'R2'},{'D2'},{'D5'},{'R1'},,,,&,1.0,&
{'D1'},{'D3'},{'R3'},{'R2'},{'D2'},{'D5'},{'R1'},{'D6'},{'D7'},{'D4'},&,2.0,&
{'D1'},{'D3'},{'R3'},{'R2'},{'D2'},{'D5'},{'D6'},{'R1'},{'D7'},{'D4'},&,1.0,&
{'D1'},{'D3'},{'R3'},{'R2'},{'D2'},{'D5'},{'D4'},,,,&,1.0,&
{'D1'},{'D3'},{'R3'},{'R2'},{'D2'},{'D6'},,,,,&,3.0,&
{'D1'},{'D3'},{'R3'},{'R2'},{'D2'},{'D6'},{'D5'},{'R1'},{'D7'},,&,1.0,&
{'D1'},{'D3'},{'R3'},{'R2'},{'D2'},{'D6'},{'R1'},{'D7'},{'D5'},,&,1.0,&
{'D1'},{'D3'},{'R3'},{'R2'},{'D2'},{'D6'},{'R1'},{'D5'},,,&,1.0,&
{'D1'},{'D3'},{'R3'},{'R2'},{'D2'},{'R1'},,,,,&,3.0,&
{'D1'},{'D3'},{'R3'},{'R2'},{'D2'},{'R1'},{'D7'},{'D6'},,,&,1.0,&
{'D1'},{'D3'},{'R3'},{'R2'},{'D2'},{'R1'},{'D7'},{'D5'},,,&,1.0,&
{'D1'},{'D3'},{'R3'},{'R2'},{'D2'},{'R1'},{'D6'},,,,&,1.0,&
{'D1'},{'D3'},{'R3'},{'R2'},{'D2'},{'R1'},{'D6'},{'D4'},{'D5'},{'D7'},&,1.0,&
{'D1'},{'D3'},{'R3'},{'R2'},{'D6'},,,,,,&,1.0,&
{'D1'},{'D3'},{'R3'},{'R2'},{'D6'},{'R1'},{'D2'},,,,&,1.0,&
{'D1'},{'D3'},{'R3'},{'R2'},{'D6'},{'R1'},{'D2'},{'D5'},,,&,1.0,&
{'D1'},{'D3'},{'R3'},{'R2'},{'D7'},{'D5'},{'D2'},{'R1'},{'D6'},{'D4'},&,1.0,&
{'D1'},{'D3'},{'R3'},{'R2'},{'D7'},{'D2'},{'D5'},{'R1'},,,&,1.0,&
{'D1'},{'D3'},{'R3'},{'R2'},{'D7'},{'R1'},,,,,&,1.0,&
{'D1'},{'D3'},{'R3'},{'R2'},{'D7'},{'R1'},{'D5'},,,,&,1.0,&
{'D1'},{'D3'},{'R3'},{'R2'},{'D7'},{'R1'},{'D6'},{'D5'},{'D2'},{'D4'},&,1.0,&
{'D1'},{'D3'},{'R3'},{'R2'},{'D7'},{'R1'},{'D6'},{'D2'},{'D4'},{'D5'},&,1.0,&
{'D1'},{'D3'},{'R3'},{'R2'},{'D7'},{'R1'},{'D2'},{'D6'},,,&,1.0,&
{'D1'},{'D3'},{'R3'},{'R2'},{'R1'},,,,,,&,8.0,&
{'D1'},{'D3'},{'R3'},{'R2'},{'R1'},{'D7'},{'D6'},{'D5'},,,&,1.0,&
{'D1'},{'D3'},{'R3'},{'R2'},{'R1'},{'D7'},{'D6'},{'D2'},{'D5'},{'D4'},&,1.0,&
{'D1'},{'D3'},{'R3'},{'R2'},{'R1'},{'D5'},,,,,&,1.0,&
{'D1'},{'D3'},{'R3'},{'R2'},{'R1'},{'D6'},,,,,&,1.0,&
{'D1'},{'D3'},{'R3'},{'R2'},{'R1'},{'D6'},{'D2'},,,,&,1.0,&
{'D1'},{'D3'},{'R3'},{'R2'},{'R1'},{'D2'},,,,,&,4.0,&
{'D1'},{'D3'},{'R3'},{'R2'},{'R1'},{'D2'},{'D7'},{'D6'},{'D5'},,&,2.0,&
{'D1'},{'D3'},{'R3'},{'R2'},{'R1'},{'D2'},{'D5'},,,,&,2.0,&
{'D1'},{'D3'},{'R3'},{'R2'},{'R1'},{'D2'},{'D5'},{'D7'},{'D6'},,&,1.0,&
{'D1'},{'D3'},{'R3'},{'R2'},{'R1'},{'D2'},{'D5'},{'D7'},{'D4'},{'D6'},&,1.0,&
{'D1'},{'D3'},{'R3'},{'R2'},{'R1'},{'D2'},{'D6'},,,,&,1.0,&
{'D1'},{'D3'},{'R3'},{'R2'},{'R1'},{'D2'},{'D6'},{'D7'},,,&,1.0,&
{'D1'},{'D3'},{'R3'},{'R2'},{'R1'},{'D2'},{'D6'},{'D5'},{'D7'},,&,1.0,&
{'D1'},{'D3'},{'R3'},{'R2'},{'R1'},{'D2'},{'D6'},{'D5'},{'D7'},{'D4'},&,1.0,&
{'D1'},{'D3'},{'R3'},{'R2'},{'R1'},{'D2'},{'D4'},,,,&,2.0,&
{'D1'},{'D3'},{'R3'},{'R2'},{'D5'},{'D6'},,,,,&,2.0,&
{'D1'},{'D3'},{'R3'},{'R2'},{'D5'},{'D2'},{'R1'},,,,&,1.0,&
{'D1'},{'D3'},{'R3'},{'R2'},{'D5'},{'R1'},{'D7'},,,,&,1.0,&
{'D1'},{'D3'},{'R3'},{'R2'},{'D4'},{'D5'},,,,,&,1.0,&
{'D1'},{'D3'},{'R3'},{'D5'},,,,,,,&,2.0,&
{'D1'},{'D3'},{'R3'},{'D5'},{'D2'},{'R2'},{'D7'},,,,&,1.0,&
{'D1'},{'D3'},{'R3'},{'D5'},{'D2'},{'R2'},{'D6'},{'R1'},,,&,1.0,&
{'D1'},{'D3'},{'R3'},{'D5'},{'D2'},{'R2'},{'D4'},,,,&,1.0,&
{'D1'},{'D3'},{'R3'},{'D5'},{'D2'},{'D6'},,,,,&,1.0,&
{'D1'},{'D3'},{'R3'},{'D5'},{'D6'},{'D2'},{'R2'},{'D7'},{'R1'},{'D4'},&,1.0,&
{'D1'},{'D3'},{'R3'},{'D5'},{'R2'},,,,,,&,1.0,&
{'D1'},{'D3'},{'R3'},{'D5'},{'R2'},{'D2'},{'D7'},{'R1'},,,&,1.0,&
{'D1'},{'D3'},{'R3'},{'D5'},{'R2'},{'D2'},{'R1'},,,,&,1.0,&
{'D1'},{'D3'},{'R3'},{'D5'},{'R2'},{'D2'},{'D6'},{'D7'},,,&,1.0,&
{'D1'},{'D3'},{'R3'},{'D5'},{'R2'},{'D2'},{'D4'},{'R1'},{'D6'},,&,1.0,&
{'D1'},{'D3'},{'R3'},{'D5'},{'R2'},{'R1'},{'D2'},{'D6'},{'D4'},{'D7'},&,1.0,&
{'D1'},{'D3'},{'R3'},{'D4'},,,,,,,&,1.0,&
{'D1'},{'D3'},{'R3'},{'D4'},{'D2'},{'R1'},,,,,&,1.0,&
{'D1'},{'D3'},{'R3'},{'D7'},,,,,,,&,2.0,&
{'D1'},{'D3'},{'R3'},{'D7'},{'D2'},{'D5'},{'R2'},,,,&,1.0,&
{'D1'},{'D3'},{'R3'},{'D7'},{'D2'},{'R2'},,,,,&,1.0,&
{'D1'},{'D3'},{'R3'},{'D7'},{'D2'},{'D6'},{'D5'},{'D4'},{'R2'},{'R1'},&,1.0,&
{'D1'},{'D3'},{'R3'},{'D7'},{'D2'},{'D6'},{'R2'},{'R1'},{'D4'},,&,1.0,&
{'D1'},{'D3'},{'R3'},{'D7'},{'D2'},{'R1'},{'D4'},{'D6'},{'R2'},{'D5'},&,1.0,&
{'D1'},{'D3'},{'R3'},{'D7'},{'D6'},{'R1'},{'D5'},,,,&,1.0,&
{'D1'},{'D3'},{'R3'},{'D7'},{'D5'},{'D2'},{'R2'},{'D6'},,,&,1.0,&
{'D1'},{'D3'},{'R3'},{'D7'},{'R2'},,,,,,&,1.0,&
{'D1'},{'D3'},{'R3'},{'D7'},{'R2'},{'D2'},,,,,&,1.0,&
{'D1'},{'D3'},{'R3'},{'D7'},{'R2'},{'D2'},{'D5'},{'R1'},,,&,1.0,&
{'D1'},{'D3'},{'R3'},{'D7'},{'R2'},{'R1'},{'D6'},,,,&,1.0,&
{'D1'},{'D3'},{'R3'},{'D7'},{'R2'},{'R1'},{'D2'},{'D6'},{'D4'},,&,1.0,&
{'D1'},{'D3'},{'R3'},{'R1'},,,,,,,&,1.0,&
{'D1'},{'D3'},{'R3'},{'R1'},{'D2'},,,,,,&,1.0,&
{'D1'},{'D3'},{'R3'},{'R1'},{'D2'},{'D7'},,,,,&,1.0,&
{'D1'},{'D3'},{'R3'},{'R1'},{'D2'},{'D7'},{'D6'},{'R2'},{'D5'},{'D4'},&,1.0,&
{'D1'},{'D3'},{'R3'},{'R1'},{'D2'},{'D5'},,,,,&,1.0,&
{'D1'},{'D3'},{'R3'},{'R1'},{'D2'},{'R2'},{'D6'},,,,&,1.0,&
{'D1'},{'D3'},{'R3'},{'R1'},{'D2'},{'D6'},{'D7'},{'D5'},{'D4'},{'R2'},&,1.0,&
{'D1'},{'D3'},{'R3'},{'R1'},{'D5'},,,,,,&,1.0,&
{'D1'},{'D3'},{'R3'},{'R1'},{'D5'},{'R2'},{'D7'},{'D2'},{'D4'},,&,1.0,&
{'D1'},{'D3'},{'R3'},{'R1'},{'R2'},{'D5'},{'D2'},{'D7'},,,&,1.0,&
{'D1'},{'D3'},{'R3'},{'R1'},{'R2'},{'D6'},{'D2'},{'D7'},{'D5'},,&,1.0,&
{'D1'},{'D3'},{'R3'},{'R1'},{'R2'},{'D6'},{'D2'},{'D5'},,,&,1.0,&
{'D1'},{'D3'},{'R3'},{'R1'},{'R2'},{'D2'},{'D7'},{'D5'},{'D6'},{'D4'},&,1.0,&
{'D1'},{'D3'},{'R3'},{'R1'},{'R2'},{'D2'},{'D5'},{'D6'},{'D7'},,&,1.0,&
{'D1'},{'D3'},{'R3'},{'R1'},{'R2'},{'D2'},{'D6'},{'D7'},{'D4'},{'D5'},&,1.0,&
{'D1'},{'D3'},{'R3'},{'R1'},{'R2'},{'D2'},{'D6'},{'D5'},,,&,1.0,&
{'D1'},{'D3'},{'R3'},{'D6'},,,,,,,&,1.0,&
{'D1'},{'D3'},{'R3'},{'D6'},{'D2'},,,,,,&,1.0,&
{'D1'},{'D3'},{'R3'},{'D6'},{'D2'},{'D5'},,,,,&,1.0,&
{'D1'},{'D3'},{'R3'},{'D6'},{'D2'},{'D5'},{'D4'},{'R1'},,,&,1.0,&
{'D1'},{'D3'},{'R3'},{'D6'},{'D2'},{'R2'},,,,,&,1.0,&
{'D1'},{'D3'},{'R3'},{'D6'},{'D2'},{'R2'},{'D5'},{'D7'},{'D4'},,&,1.0,&
{'D1'},{'D3'},{'R3'},{'D6'},{'D2'},{'R1'},{'D5'},,,,&,1.0,&
{'D1'},{'D3'},{'R3'},{'D6'},{'D2'},{'R1'},{'D4'},,,,&,1.0,&
{'D1'},{'D3'},{'R3'},{'D6'},{'R1'},,,,,,&,1.0,&
{'D1'},{'D3'},{'R3'},{'D6'},{'R1'},{'D4'},{'D2'},{'R2'},{'D7'},,&,1.0,&
{'D1'},{'D3'},{'R3'},{'D6'},{'R2'},,,,,,&,1.0,&
{'D1'},{'D3'},{'R3'},{'D6'},{'R2'},{'D2'},,,,,&,1.0,&
{'D1'},{'D3'},{'R3'},{'D6'},{'R2'},{'R1'},{'D2'},,,,&,1.0,&
{'D1'},{'D3'},{'R3'},{'D2'},,,,,,,&,19.0,&
{'D1'},{'D3'},{'R3'},{'D2'},{'D6'},,,,,,&,3.0,&
{'D1'},{'D3'},{'R3'},{'D2'},{'D6'},{'D7'},,,,,&,1.0,&
{'D1'},{'D3'},{'R3'},{'D2'},{'D6'},{'D7'},{'R2'},{'D5'},,,&,1.0,&
{'D1'},{'D3'},{'R3'},{'D2'},{'D6'},{'D5'},,,,,&,1.0,&
{'D1'},{'D3'},{'R3'},{'D2'},{'D6'},{'D5'},{'R2'},{'D7'},{'R1'},,&,1.0,&
{'D1'},{'D3'},{'R3'},{'D2'},{'D6'},{'D5'},{'D4'},{'R2'},{'D7'},,&,1.0,&
{'D1'},{'D3'},{'R3'},{'D2'},{'D6'},{'R2'},,,,,&,2.0,&
{'D1'},{'D3'},{'R3'},{'D2'},{'D6'},{'R2'},{'D7'},{'D5'},{'R1'},{'D4'},&,1.0,&
{'D1'},{'D3'},{'R3'},{'D2'},{'D6'},{'R2'},{'D5'},{'R1'},{'D7'},{'D4'},&,1.0,&
{'D1'},{'D3'},{'R3'},{'D2'},{'D6'},{'R2'},{'R1'},{'D7'},,,&,1.0,&
{'D1'},{'D3'},{'R3'},{'D2'},{'D6'},{'R2'},{'R1'},{'D5'},{'D7'},{'D4'},&,1.0,&
{'D1'},{'D3'},{'R3'},{'D2'},{'D6'},{'R2'},{'R1'},{'D5'},{'D4'},,&,1.0,&
{'D1'},{'D3'},{'R3'},{'D2'},{'D6'},{'R2'},{'D4'},{'R1'},{'D5'},,&,1.0,&
{'D1'},{'D3'},{'R3'},{'D2'},{'D6'},{'R1'},{'R2'},,,,&,1.0,&
{'D1'},{'D3'},{'R3'},{'D2'},{'D7'},{'D5'},{'R2'},{'R1'},,,&,1.0,&
{'D1'},{'D3'},{'R3'},{'D2'},{'D7'},{'R2'},,,,,&,1.0,&
{'D1'},{'D3'},{'R3'},{'D2'},{'D7'},{'R2'},{'R1'},,,,&,1.0,&
{'D1'},{'D3'},{'R3'},{'D2'},{'D7'},{'R2'},{'R1'},{'D6'},,,&,2.0,&
{'D1'},{'D3'},{'R3'},{'D2'},{'D7'},{'R2'},{'R1'},{'D5'},,,&,1.0,&
{'D1'},{'D3'},{'R3'},{'D2'},{'D7'},{'R2'},{'D6'},{'R1'},{'D5'},{'D4'},&,1.0,&
{'D1'},{'D3'},{'R3'},{'D2'},{'R1'},{'D7'},,,,,&,1.0,&
{'D1'},{'D3'},{'R3'},{'D2'},{'R1'},{'D7'},{'D5'},{'D6'},{'D4'},{'R2'},&,1.0,&
{'D1'},{'D3'},{'R3'},{'D2'},{'R1'},{'R2'},{'D6'},,,,&,1.0,&
{'D1'},{'D3'},{'R3'},{'D2'},{'R1'},{'R2'},{'D6'},{'D5'},,,&,1.0,&
{'D1'},{'D3'},{'R3'},{'D2'},{'R1'},{'D6'},{'D5'},,,,&,1.0,&
{'D1'},{'D3'},{'R3'},{'D2'},{'R1'},{'D6'},{'R2'},{'D7'},{'D5'},{'D4'},&,1.0,&
{'D1'},{'D3'},{'R3'},{'D2'},{'D5'},{'D7'},{'R2'},,,,&,2.0,&
{'D1'},{'D3'},{'R3'},{'D2'},{'D5'},{'D7'},{'R2'},{'D6'},{'D4'},{'R1'},&,1.0,&
{'D1'},{'D3'},{'R3'},{'D2'},{'D5'},{'D7'},{'R2'},{'R1'},{'D4'},{'D6'},&,1.0,&
{'D1'},{'D3'},{'R3'},{'D2'},{'D5'},{'R2'},,,,,&,1.0,&
{'D1'},{'D3'},{'R3'},{'D2'},{'D5'},{'R2'},{'R1'},{'D7'},,,&,1.0,&
{'D1'},{'D3'},{'R3'},{'D2'},{'D5'},{'D6'},,,,,&,1.0,&
{'D1'},{'D3'},{'R3'},{'D2'},{'D5'},{'R1'},,,,,&,1.0,&
{'D1'},{'D3'},{'R3'},{'D2'},{'D5'},{'D4'},{'R1'},{'D6'},{'D7'},{'R2'},&,1.0,&
{'D1'},{'D3'},{'R3'},{'D2'},{'R2'},,,,,,&,6.0,&
{'D1'},{'D3'},{'R3'},{'D2'},{'R2'},{'D7'},{'D5'},{'R1'},{'D6'},{'D4'},&,1.0,&
{'D1'},{'D3'},{'R3'},{'D2'},{'R2'},{'D7'},{'R1'},,,,&,1.0,&
{'D1'},{'D3'},{'R3'},{'D2'},{'R2'},{'D7'},{'R1'},{'D5'},{'D6'},{'D4'},&,1.0,&
{'D1'},{'D3'},{'R3'},{'D2'},{'R2'},{'D7'},{'D6'},,,,&,1.0,&
{'D1'},{'D3'},{'R3'},{'D2'},{'R2'},{'D7'},{'D6'},{'D5'},,,&,1.0,&
{'D1'},{'D3'},{'R3'},{'D2'},{'R2'},{'D7'},{'D6'},{'R1'},{'D5'},{'D4'},&,1.0,&
{'D1'},{'D3'},{'R3'},{'D2'},{'R2'},{'D5'},,,,,&,2.0,&
{'D1'},{'D3'},{'R3'},{'D2'},{'R2'},{'D5'},{'R1'},,,,&,2.0,&
{'D1'},{'D3'},{'R3'},{'D2'},{'R2'},{'D5'},{'R1'},{'D7'},{'D6'},,&,1.0,&
{'D1'},{'D3'},{'R3'},{'D2'},{'R2'},{'D5'},{'R1'},{'D7'},{'D6'},{'D4'},&,1.0,&
{'D1'},{'D3'},{'R3'},{'D2'},{'R2'},{'D5'},{'R1'},{'D7'},{'D4'},,&,1.0,&
{'D1'},{'D3'},{'R3'},{'D2'},{'R2'},{'D5'},{'D6'},{'R1'},{'D4'},{'D7'},&,1.0,&
{'D1'},{'D3'},{'R3'},{'D2'},{'R2'},{'D5'},{'D4'},,,,&,1.0,&
{'D1'},{'D3'},{'R3'},{'D2'},{'R2'},{'D5'},{'D4'},{'R1'},,,&,1.0,&
{'D1'},{'D3'},{'R3'},{'D2'},{'R2'},{'D6'},{'D5'},{'D4'},{'R1'},,&,1.0,&
{'D1'},{'D3'},{'R3'},{'D2'},{'R2'},{'D6'},{'D5'},{'D7'},,,&,1.0,&
{'D1'},{'D3'},{'R3'},{'D2'},{'R2'},{'D6'},{'R1'},,,,&,3.0,&
{'D1'},{'D3'},{'R3'},{'D2'},{'R2'},{'D6'},{'R1'},{'D4'},,,&,2.0,&
{'D1'},{'D3'},{'R3'},{'D2'},{'R2'},{'D6'},{'R1'},{'D7'},{'D5'},{'D4'},&,2.0,&
{'D1'},{'D3'},{'R3'},{'D2'},{'R2'},{'D6'},{'R1'},{'D5'},{'D7'},,&,1.0,&
{'D1'},{'D3'},{'R3'},{'D2'},{'R2'},{'R1'},{'D7'},,,,&,2.0,&
{'D1'},{'D3'},{'R3'},{'D2'},{'R2'},{'R1'},{'D7'},{'D5'},{'D4'},{'D6'},&,1.0,&
{'D1'},{'D3'},{'R3'},{'D2'},{'R2'},{'R1'},{'D5'},{'D4'},{'D6'},{'D7'},&,1.0,&
{'D1'},{'D3'},{'R3'},{'D2'},{'R2'},{'R1'},{'D6'},{'D4'},{'D5'},{'D7'},&,1.0,&
{'D1'},{'D3'},{'R3'},{'D2'},{'R2'},{'R1'},{'D4'},,,,&,1.0,&
{'D1'},{'D3'},{'R3'},{'D2'},{'R2'},{'D4'},,,,,&,1.0,&
{'D1'},{'D3'},{'R3'},{'D2'},{'R2'},{'D4'},{'R1'},{'D5'},,,&,1.0,&
{'D1'},{'D3'},{'R3'},{'D2'},{'D4'},,,,,,&,1.0,&
{'D1'},{'D3'},{'R3'},{'D2'},{'D4'},{'D5'},,,,,&,1.0,&
{'D1'},{'D3'},{'R2'},,,,,,,,&,74.0,&
{'D1'},{'D3'},{'R2'},{'D5'},,,,,,,&,1.0,&
{'D1'},{'D3'},{'R2'},{'D5'},{'D6'},{'D2'},{'R3'},{'R1'},{'D4'},{'D7'},&,1.0,&
{'D1'},{'D3'},{'R2'},{'D5'},{'D7'},{'D2'},{'R3'},{'R1'},{'D6'},{'D4'},&,1.0,&
{'D1'},{'D3'},{'R2'},{'D5'},{'R3'},,,,,,&,1.0,&
{'D1'},{'D3'},{'R2'},{'D5'},{'R3'},{'D2'},{'R1'},{'D6'},,,&,1.0,&
{'D1'},{'D3'},{'R2'},{'D5'},{'R3'},{'R1'},{'D2'},{'D6'},{'D7'},{'D4'},&,1.0,&
{'D1'},{'D3'},{'R2'},{'D5'},{'D4'},{'D2'},{'D6'},{'D7'},{'R3'},,&,1.0,&
{'D1'},{'D3'},{'R2'},{'D4'},,,,,,,&,1.0,&
{'D1'},{'D3'},{'R2'},{'D4'},{'D2'},{'D6'},{'D5'},{'R3'},{'R1'},{'D7'},&,1.0,&
{'D1'},{'D3'},{'R2'},{'D4'},{'R1'},{'D2'},{'R3'},,,,&,1.0,&
{'D1'},{'D3'},{'R2'},{'D4'},{'R3'},,,,,,&,1.0,&
{'D1'},{'D3'},{'R2'},{'D4'},{'R3'},{'D2'},,,,,&,1.0,&
{'D1'},{'D3'},{'R2'},{'D4'},{'R3'},{'D2'},{'D5'},{'D6'},{'R1'},{'D7'},&,1.0,&
{'D1'},{'D3'},{'R2'},{'D4'},{'R3'},{'R1'},{'D5'},,,,&,1.0,&
{'D1'},{'D3'},{'R2'},{'D7'},,,,,,,&,1.0,&
{'D1'},{'D3'},{'R2'},{'D7'},{'D2'},{'R3'},,,,,&,1.0,&
{'D1'},{'D3'},{'R2'},{'D7'},{'D2'},{'R3'},{'D5'},{'R1'},,,&,1.0,&
{'D1'},{'D3'},{'R2'},{'D7'},{'R3'},,,,,,&,1.0,&
{'D1'},{'D3'},{'R2'},{'D7'},{'R3'},{'R1'},,,,,&,1.0,&
{'D1'},{'D3'},{'R2'},{'D7'},{'R3'},{'R1'},{'D2'},{'D5'},{'D6'},{'D4'},&,1.0,&
{'D1'},{'D3'},{'R2'},{'R1'},,,,,,,&,6.0,&
{'D1'},{'D3'},{'R2'},{'R1'},{'D2'},,,,,,&,1.0,&
{'D1'},{'D3'},{'R2'},{'R1'},{'D2'},{'D7'},,,,,&,2.0,&
{'D1'},{'D3'},{'R2'},{'R1'},{'D2'},{'D6'},{'D5'},,,,&,1.0,&
{'D1'},{'D3'},{'R2'},{'R1'},{'D2'},{'R3'},,,,,&,1.0,&
{'D1'},{'D3'},{'R2'},{'R1'},{'D2'},{'R3'},{'D6'},{'D7'},,,&,1.0,&
{'D1'},{'D3'},{'R2'},{'R1'},{'D2'},{'R3'},{'D6'},{'D5'},{'D4'},,&,1.0,&
{'D1'},{'D3'},{'R2'},{'R1'},{'D6'},{'D2'},{'D7'},,,,&,1.0,&
{'D1'},{'D3'},{'R2'},{'R1'},{'D6'},{'R3'},{'D2'},,,,&,1.0,&
{'D1'},{'D3'},{'R2'},{'R1'},{'R3'},,,,,,&,4.0,&
{'D1'},{'D3'},{'R2'},{'R1'},{'R3'},{'D2'},,,,,&,2.0,&
{'D1'},{'D3'},{'R2'},{'R3'},,,,,,,&,20.0,&
{'D1'},{'D3'},{'R2'},{'R3'},{'D2'},,,,,,&,6.0,&
{'D1'},{'D3'},{'R2'},{'R3'},{'D2'},{'D7'},,,,,&,1.0,&
{'D1'},{'D3'},{'R2'},{'R3'},{'D2'},{'D7'},{'D5'},{'R1'},,,&,1.0,&
{'D1'},{'D3'},{'R2'},{'R3'},{'D2'},{'D7'},{'R1'},,,,&,1.0,&
{'D1'},{'D3'},{'R2'},{'R3'},{'D2'},{'D7'},{'R1'},{'D6'},,,&,1.0,&
{'D1'},{'D3'},{'R2'},{'R3'},{'D2'},{'D5'},,,,,&,2.0,&
{'D1'},{'D3'},{'R2'},{'R3'},{'D2'},{'D5'},{'D7'},,,,&,1.0,&
{'D1'},{'D3'},{'R2'},{'R3'},{'D2'},{'D5'},{'R1'},,,,&,1.0,&
{'D1'},{'D3'},{'R2'},{'R3'},{'D2'},{'D5'},{'D6'},{'D7'},{'R1'},,&,1.0,&
{'D1'},{'D3'},{'R2'},{'R3'},{'D2'},{'D6'},,,,,&,2.0,&
{'D1'},{'D3'},{'R2'},{'R3'},{'D2'},{'D6'},{'D5'},,,,&,1.0,&
{'D1'},{'D3'},{'R2'},{'R3'},{'D2'},{'D6'},{'D5'},{'D4'},{'D7'},{'R1'},&,1.0,&
{'D1'},{'D3'},{'R2'},{'R3'},{'D2'},{'D6'},{'D5'},{'R1'},,,&,1.0,&
{'D1'},{'D3'},{'R2'},{'R3'},{'D2'},{'D6'},{'R1'},{'D4'},{'D7'},,&,1.0,&
{'D1'},{'D3'},{'R2'},{'R3'},{'D2'},{'D6'},{'R1'},{'D5'},{'D4'},,&,1.0,&
{'D1'},{'D3'},{'R2'},{'R3'},{'D2'},{'R1'},,,,,&,4.0,&
{'D1'},{'D3'},{'R2'},{'R3'},{'D2'},{'R1'},{'D7'},,,,&,2.0,&
{'D1'},{'D3'},{'R2'},{'R3'},{'D2'},{'R1'},{'D7'},{'D5'},{'D6'},,&,1.0,&
{'D1'},{'D3'},{'R2'},{'R3'},{'D2'},{'R1'},{'D5'},{'D7'},,,&,1.0,&
{'D1'},{'D3'},{'R2'},{'R3'},{'D2'},{'R1'},{'D6'},,,,&,1.0,&
{'D1'},{'D3'},{'R2'},{'R3'},{'D2'},{'R1'},{'D6'},{'D5'},,,&,1.0,&
{'D1'},{'D3'},{'R2'},{'R3'},{'D2'},{'D4'},{'R1'},,,,&,1.0,&
{'D1'},{'D3'},{'R2'},{'R3'},{'D6'},{'D2'},{'D5'},{'D7'},,,&,1.0,&
{'D1'},{'D3'},{'R2'},{'R3'},{'D6'},{'R1'},{'D2'},{'D4'},{'D5'},,&,1.0,&
{'D1'},{'D3'},{'R2'},{'R3'},{'D7'},,,,,,&,2.0,&
{'D1'},{'D3'},{'R2'},{'R3'},{'D7'},{'D2'},{'R1'},{'D5'},,,&,1.0,&
{'D1'},{'D3'},{'R2'},{'R3'},{'D7'},{'D2'},{'R1'},{'D5'},{'D6'},,&,1.0,&
{'D1'},{'D3'},{'R2'},{'R3'},{'D7'},{'R1'},{'D2'},{'D6'},,,&,1.0,&
{'D1'},{'D3'},{'R2'},{'R3'},{'R1'},,,,,,&,10.0,&
{'D1'},{'D3'},{'R2'},{'R3'},{'R1'},{'D6'},,,,,&,2.0,&
{'D1'},{'D3'},{'R2'},{'R3'},{'R1'},{'D2'},,,,,&,5.0,&
{'D1'},{'D3'},{'R2'},{'R3'},{'R1'},{'D2'},{'D5'},,,,&,2.0,&
{'D1'},{'D3'},{'R2'},{'R3'},{'R1'},{'D2'},{'D5'},{'D6'},,,&,2.0,&
{'D1'},{'D3'},{'R2'},{'R3'},{'R1'},{'D2'},{'D6'},,,,&,4.0,&
{'D1'},{'D3'},{'R2'},{'R3'},{'R1'},{'D2'},{'D6'},{'D7'},,,&,1.0,&
{'D1'},{'D3'},{'R2'},{'R3'},{'R1'},{'D2'},{'D4'},,,,&,2.0,&
{'D1'},{'D3'},{'R2'},{'R3'},{'R1'},{'D4'},{'D5'},{'D2'},{'D6'},,&,1.0,&
{'D1'},{'D3'},{'R2'},{'D6'},,,,,,,&,3.0,&
{'D1'},{'D3'},{'R2'},{'D6'},{'D2'},,,,,,&,2.0,&
{'D1'},{'D3'},{'R2'},{'D6'},{'D2'},{'D7'},{'D5'},{'R3'},{'R1'},,&,1.0,&
{'D1'},{'D3'},{'R2'},{'D6'},{'D2'},{'R3'},{'D7'},{'D4'},{'D5'},,&,1.0,&
{'D1'},{'D3'},{'R2'},{'D6'},{'D2'},{'R3'},{'D5'},{'D7'},{'D4'},,&,1.0,&
{'D1'},{'D3'},{'R2'},{'D6'},{'D2'},{'R1'},{'D4'},{'R3'},,,&,1.0,&
{'D1'},{'D3'},{'R2'},{'D6'},{'D2'},{'D4'},,,,,&,1.0,&
{'D1'},{'D3'},{'R2'},{'D6'},{'R1'},{'D2'},,,,,&,1.0,&
{'D1'},{'D3'},{'R2'},{'D6'},{'D5'},{'D2'},,,,,&,1.0,&
{'D1'},{'D3'},{'R2'},{'D6'},{'D5'},{'R3'},{'D2'},,,,&,1.0,&
{'D1'},{'D3'},{'R2'},{'D6'},{'R3'},,,,,,&,4.0,&
{'D1'},{'D3'},{'R2'},{'D6'},{'R3'},{'D2'},,,,,&,1.0,&
{'D1'},{'D3'},{'R2'},{'D6'},{'R3'},{'D2'},{'D7'},{'D5'},{'R1'},,&,1.0,&
{'D1'},{'D3'},{'R2'},{'D6'},{'R3'},{'D2'},{'R1'},,,,&,1.0,&
{'D1'},{'D3'},{'R2'},{'D2'},,,,,,,&,19.0,&
{'D1'},{'D3'},{'R2'},{'D2'},{'D6'},,,,,,&,4.0,&
{'D1'},{'D3'},{'R2'},{'D2'},{'D6'},{'D7'},,,,,&,2.0,&
{'D1'},{'D3'},{'R2'},{'D2'},{'D6'},{'D7'},{'R3'},{'D5'},,,&,1.0,&
{'D1'},{'D3'},{'R2'},{'D2'},{'D6'},{'D7'},{'R3'},{'D5'},{'D4'},,&,2.0,&
{'D1'},{'D3'},{'R2'},{'D2'},{'D6'},{'D7'},{'D5'},{'R3'},,,&,1.0,&
{'D1'},{'D3'},{'R2'},{'D2'},{'D6'},{'D5'},,,,,&,1.0,&
{'D1'},{'D3'},{'R2'},{'D2'},{'D6'},{'D5'},{'R3'},{'D7'},{'D4'},{'R1'},&,1.0,&
{'D1'},{'D3'},{'R2'},{'D2'},{'D6'},{'D5'},{'R3'},{'R1'},{'D7'},{'D4'},&,1.0,&
{'D1'},{'D3'},{'R2'},{'D2'},{'D6'},{'R3'},,,,,&,5.0,&
{'D1'},{'D3'},{'R2'},{'D2'},{'D6'},{'R3'},{'D5'},,,,&,1.0,&
{'D1'},{'D3'},{'R2'},{'D2'},{'D6'},{'R3'},{'D5'},{'D7'},,,&,1.0,&
{'D1'},{'D3'},{'R2'},{'D2'},{'D6'},{'R3'},{'R1'},,,,&,1.0,&
{'D1'},{'D3'},{'R2'},{'D2'},{'D6'},{'R3'},{'R1'},{'D7'},,,&,1.0,&
{'D1'},{'D3'},{'R2'},{'D2'},{'D6'},{'R3'},{'R1'},{'D7'},{'D5'},,&,1.0,&
{'D1'},{'D3'},{'R2'},{'D2'},{'D6'},{'D4'},{'D7'},,,,&,1.0,&
{'D1'},{'D3'},{'R2'},{'D2'},{'D6'},{'D4'},{'D5'},,,,&,1.0,&
{'D1'},{'D3'},{'R2'},{'D2'},{'D7'},,,,,,&,2.0,&
{'D1'},{'D3'},{'R2'},{'D2'},{'D7'},{'D5'},{'R3'},,,,&,1.0,&
{'D1'},{'D3'},{'R2'},{'D2'},{'D7'},{'D5'},{'D6'},,,,&,1.0,&
{'D1'},{'D3'},{'R2'},{'D2'},{'D7'},{'D6'},,,,,&,1.0,&
{'D1'},{'D3'},{'R2'},{'D2'},{'D7'},{'R3'},,,,,&,1.0,&
{'D1'},{'D3'},{'R2'},{'D2'},{'D7'},{'R1'},,,,,&,1.0,&
{'D1'},{'D3'},{'R2'},{'D2'},{'D7'},{'R1'},{'R3'},{'D6'},{'D5'},,&,1.0,&
{'D1'},{'D3'},{'R2'},{'D2'},{'D7'},{'R1'},{'D4'},{'R3'},,,&,1.0,&
{'D1'},{'D3'},{'R2'},{'D2'},{'D7'},{'D4'},{'D5'},{'D6'},{'R3'},{'R1'},&,1.0,&
{'D1'},{'D3'},{'R2'},{'D2'},{'R1'},,,,,,&,6.0,&
{'D1'},{'D3'},{'R2'},{'D2'},{'R1'},{'D5'},,,,,&,1.0,&
{'D1'},{'D3'},{'R2'},{'D2'},{'R1'},{'D6'},{'D4'},{'R3'},{'D5'},,&,1.0,&
{'D1'},{'D3'},{'R2'},{'D2'},{'R1'},{'R3'},,,,,&,1.0,&
{'D1'},{'D3'},{'R2'},{'D2'},{'R1'},{'R3'},{'D7'},{'D5'},{'D6'},{'D4'},&,1.0,&
{'D1'},{'D3'},{'R2'},{'D2'},{'R1'},{'R3'},{'D6'},{'D5'},{'D7'},,&,1.0,&
{'D1'},{'D3'},{'R2'},{'D2'},{'D5'},,,,,,&,3.0,&
{'D1'},{'D3'},{'R2'},{'D2'},{'D5'},{'D7'},,,,,&,2.0,&
{'D1'},{'D3'},{'R2'},{'D2'},{'D5'},{'D7'},{'D6'},{'R3'},{'D4'},{'R1'},&,1.0,&
{'D1'},{'D3'},{'R2'},{'D2'},{'D5'},{'D7'},{'D4'},{'D6'},,,&,1.0,&
{'D1'},{'D3'},{'R2'},{'D2'},{'D5'},{'D6'},,,,,&,1.0,&
{'D1'},{'D3'},{'R2'},{'D2'},{'D5'},{'D6'},{'D7'},{'R3'},{'D4'},,&,1.0,&
{'D1'},{'D3'},{'R2'},{'D2'},{'D5'},{'D6'},{'D7'},{'R1'},{'R3'},{'D4'},&,1.0,&
{'D1'},{'D3'},{'R2'},{'D2'},{'D5'},{'D6'},{'R3'},{'D7'},{'D4'},{'R1'},&,1.0,&
{'D1'},{'D3'},{'R2'},{'D2'},{'D5'},{'D6'},{'R3'},{'R1'},{'D4'},,&,1.0,&
{'D1'},{'D3'},{'R2'},{'D2'},{'D5'},{'R3'},{'D6'},,,,&,1.0,&
{'D1'},{'D3'},{'R2'},{'D2'},{'D5'},{'R3'},{'D6'},{'R1'},,,&,1.0,&
{'D1'},{'D3'},{'R2'},{'D2'},{'D5'},{'D4'},{'D6'},{'D7'},{'R3'},{'R1'},&,1.0,&
{'D1'},{'D3'},{'R2'},{'D2'},{'R3'},,,,,,&,10.0,&
{'D1'},{'D3'},{'R2'},{'D2'},{'R3'},{'D7'},{'R1'},{'D4'},{'D5'},{'D6'},&,1.0,&
{'D1'},{'D3'},{'R2'},{'D2'},{'R3'},{'D7'},{'D6'},{'D4'},,,&,1.0,&
{'D1'},{'D3'},{'R2'},{'D2'},{'R3'},{'D7'},{'D6'},{'R1'},{'D5'},{'D4'},&,1.0,&
{'D1'},{'D3'},{'R2'},{'D2'},{'R3'},{'D5'},{'D7'},{'D6'},,,&,1.0,&
{'D1'},{'D3'},{'R2'},{'D2'},{'R3'},{'D5'},{'R1'},{'D6'},{'D7'},,&,1.0,&
{'D1'},{'D3'},{'R2'},{'D2'},{'R3'},{'D5'},{'R1'},{'D4'},{'D6'},,&,1.0,&
{'D1'},{'D3'},{'R2'},{'D2'},{'R3'},{'D5'},{'D6'},,,,&,1.0,&
{'D1'},{'D3'},{'R2'},{'D2'},{'R3'},{'D5'},{'D6'},{'R1'},{'D7'},{'D4'},&,1.0,&
{'D1'},{'D3'},{'R2'},{'D2'},{'R3'},{'D6'},,,,,&,2.0,&
{'D1'},{'D3'},{'R2'},{'D2'},{'R3'},{'D6'},{'D7'},{'D5'},{'D4'},,&,1.0,&
{'D1'},{'D3'},{'R2'},{'D2'},{'R3'},{'D6'},{'D5'},{'D7'},{'R1'},{'D4'},&,1.0,&
{'D1'},{'D3'},{'R2'},{'D2'},{'R3'},{'D6'},{'D5'},{'D7'},{'D4'},{'R1'},&,1.0,&
{'D1'},{'D3'},{'R2'},{'D2'},{'R3'},{'D6'},{'D4'},{'R1'},{'D7'},,&,1.0,&
{'D1'},{'D3'},{'R2'},{'D2'},{'R3'},{'R1'},,,,,&,3.0,&
{'D1'},{'D3'},{'R2'},{'D2'},{'R3'},{'R1'},{'D7'},{'D6'},{'D4'},{'D5'},&,1.0,&
{'D1'},{'D3'},{'R2'},{'D2'},{'R3'},{'R1'},{'D7'},{'D5'},,,&,1.0,&
{'D1'},{'D3'},{'R2'},{'D2'},{'R3'},{'R1'},{'D7'},{'D5'},{'D6'},{'D4'},&,1.0,&
{'D1'},{'D3'},{'R2'},{'D2'},{'R3'},{'R1'},{'D5'},,,,&,4.0,&
{'D1'},{'D3'},{'R2'},{'D2'},{'R3'},{'R1'},{'D5'},{'D4'},,,&,1.0,&
{'D1'},{'D3'},{'R2'},{'D2'},{'R3'},{'R1'},{'D5'},{'D7'},,,&,1.0,&
{'D1'},{'D3'},{'R2'},{'D2'},{'R3'},{'R1'},{'D6'},{'D7'},{'D4'},,&,1.0,&
{'D1'},{'D3'},{'R2'},{'D2'},{'R3'},{'R1'},{'D4'},,,,&,1.0,&
{'D1'},{'D3'},{'R2'},{'D2'},{'R3'},{'D4'},{'D7'},{'D6'},{'R1'},,&,1.0,&
{'D1'},{'D3'},{'R2'},{'D2'},{'D4'},,,,,,&,1.0,&
{'D1'},{'D3'},{'R2'},{'D2'},{'D4'},{'D7'},{'D6'},,,,&,1.0,&
{'D1'},{'D3'},{'R2'},{'D2'},{'D4'},{'R3'},{'D6'},{'D7'},{'R1'},{'D5'},&,1.0,&
{'D1'},{'D3'},{'R2'},{'D2'},{'D4'},{'R1'},{'R3'},{'D5'},{'D7'},{'D6'},&,1.0,&
{'D1'},{'D3'},{'D2'},,,,,,,,&,147.0,&
{'D1'},{'D3'},{'D2'},{'R2'},,,,,,,&,19.0,&
{'D1'},{'D3'},{'D2'},{'R2'},{'D6'},,,,,,&,2.0,&
{'D1'},{'D3'},{'D2'},{'R2'},{'D6'},{'D7'},,,,,&,1.0,&
{'D1'},{'D3'},{'D2'},{'R2'},{'D6'},{'D7'},{'R3'},{'D4'},{'D5'},{'R1'},&,1.0,&
{'D1'},{'D3'},{'D2'},{'R2'},{'D6'},{'D7'},{'R3'},{'D5'},,,&,1.0,&
{'D1'},{'D3'},{'D2'},{'R2'},{'D6'},{'D7'},{'D5'},{'R3'},{'D4'},,&,1.0,&
{'D1'},{'D3'},{'D2'},{'R2'},{'D6'},{'D5'},,,,,&,1.0,&
{'D1'},{'D3'},{'D2'},{'R2'},{'D6'},{'D5'},{'R3'},{'D7'},{'D4'},{'R1'},&,1.0,&
{'D1'},{'D3'},{'D2'},{'R2'},{'D6'},{'R3'},,,,,&,3.0,&
{'D1'},{'D3'},{'D2'},{'R2'},{'D6'},{'R3'},{'D7'},,,,&,1.0,&
{'D1'},{'D3'},{'D2'},{'R2'},{'D6'},{'R3'},{'D5'},{'D4'},{'R1'},{'D7'},&,1.0,&
{'D1'},{'D3'},{'D2'},{'R2'},{'D6'},{'R3'},{'R1'},,,,&,1.0,&
{'D1'},{'D3'},{'D2'},{'R2'},{'D6'},{'R3'},{'R1'},{'D4'},,,&,1.0,&
{'D1'},{'D3'},{'D2'},{'R2'},{'D6'},{'R3'},{'D4'},{'D5'},{'R1'},,&,1.0,&
{'D1'},{'D3'},{'D2'},{'R2'},{'D6'},{'R3'},{'D4'},{'R1'},,,&,1.0,&
{'D1'},{'D3'},{'D2'},{'R2'},{'D6'},{'R1'},{'R3'},,,,&,1.0,&
{'D1'},{'D3'},{'D2'},{'R2'},{'D6'},{'R1'},{'D5'},{'D7'},{'R3'},,&,1.0,&
{'D1'},{'D3'},{'D2'},{'R2'},{'D6'},{'R1'},{'D5'},{'R3'},,,&,1.0,&
{'D1'},{'D3'},{'D2'},{'R2'},{'D6'},{'D4'},{'R3'},,,,&,1.0,&
{'D1'},{'D3'},{'D2'},{'R2'},{'D6'},{'D4'},{'D5'},{'D7'},{'R3'},,&,1.0,&
{'D1'},{'D3'},{'D2'},{'R2'},{'D7'},,,,,,&,4.0,&
{'D1'},{'D3'},{'D2'},{'R2'},{'D7'},{'D5'},,,,,&,1.0,&
{'D1'},{'D3'},{'D2'},{'R2'},{'D7'},{'D5'},{'R3'},{'D6'},{'R1'},{'D4'},&,1.0,&
{'D1'},{'D3'},{'D2'},{'R2'},{'D7'},{'D5'},{'R3'},{'D4'},{'D6'},{'R1'},&,1.0,&
{'D1'},{'D3'},{'D2'},{'R2'},{'D7'},{'D5'},{'D6'},{'R3'},{'R1'},{'D4'},&,1.0,&
{'D1'},{'D3'},{'D2'},{'R2'},{'D7'},{'D5'},{'D4'},{'D6'},,,&,1.0,&
{'D1'},{'D3'},{'D2'},{'R2'},{'D7'},{'D6'},,,,,&,1.0,&
{'D1'},{'D3'},{'D2'},{'R2'},{'D7'},{'D6'},{'D5'},,,,&,1.0,&
{'D1'},{'D3'},{'D2'},{'R2'},{'D7'},{'R3'},{'D5'},{'R1'},{'D4'},,&,1.0,&
{'D1'},{'D3'},{'D2'},{'R2'},{'D7'},{'R3'},{'R1'},{'D6'},{'D5'},,&,1.0,&
{'D1'},{'D3'},{'D2'},{'R2'},{'D7'},{'R1'},,,,,&,1.0,&
{'D1'},{'D3'},{'D2'},{'R2'},{'D7'},{'R1'},{'R3'},,,,&,1.0,&
{'D1'},{'D3'},{'D2'},{'R2'},{'D7'},{'D4'},,,,,&,1.0,&
{'D1'},{'D3'},{'D2'},{'R2'},{'D7'},{'D4'},{'D6'},,,,&,1.0,&
{'D1'},{'D3'},{'D2'},{'R2'},{'R1'},,,,,,&,3.0,&
{'D1'},{'D3'},{'D2'},{'R2'},{'R1'},{'D7'},,,,,&,1.0,&
{'D1'},{'D3'},{'D2'},{'R2'},{'R1'},{'D5'},,,,,&,1.0,&
{'D1'},{'D3'},{'D2'},{'R2'},{'R1'},{'R3'},{'D7'},{'D6'},{'D4'},,&,1.0,&
{'D1'},{'D3'},{'D2'},{'R2'},{'R1'},{'R3'},{'D5'},{'D6'},{'D7'},,&,1.0,&
{'D1'},{'D3'},{'D2'},{'R2'},{'R1'},{'R3'},{'D5'},{'D7'},,,&,1.0,&
{'D1'},{'D3'},{'D2'},{'R2'},{'R1'},{'R3'},{'D6'},,,,&,1.0,&
{'D1'},{'D3'},{'D2'},{'R2'},{'R1'},{'R3'},{'D6'},{'D7'},{'D5'},,&,1.0,&
{'D1'},{'D3'},{'D2'},{'R2'},{'R1'},{'D4'},{'R3'},,,,&,1.0,&
{'D1'},{'D3'},{'D2'},{'R2'},{'D5'},,,,,,&,4.0,&
{'D1'},{'D3'},{'D2'},{'R2'},{'D5'},{'D6'},{'D7'},{'R3'},,,&,1.0,&
{'D1'},{'D3'},{'D2'},{'R2'},{'D5'},{'D6'},{'R3'},,,,&,1.0,&
{'D1'},{'D3'},{'D2'},{'R2'},{'D5'},{'D6'},{'R3'},{'D4'},{'R1'},,&,1.0,&
{'D1'},{'D3'},{'D2'},{'R2'},{'D5'},{'D6'},{'R3'},{'R1'},{'D7'},{'D4'},&,1.0,&
{'D1'},{'D3'},{'D2'},{'R2'},{'D5'},{'R3'},,,,,&,1.0,&
{'D1'},{'D3'},{'D2'},{'R2'},{'D5'},{'R3'},{'R1'},,,,&,1.0,&
{'D1'},{'D3'},{'D2'},{'R2'},{'D5'},{'R3'},{'R1'},{'D6'},,,&,1.0,&
{'D1'},{'D3'},{'D2'},{'R2'},{'D5'},{'R3'},{'D6'},{'D7'},{'R1'},,&,1.0,&
{'D1'},{'D3'},{'D2'},{'R2'},{'D5'},{'R1'},{'R3'},{'D6'},{'D7'},{'D4'},&,1.0,&
{'D1'},{'D3'},{'D2'},{'R2'},{'D5'},{'R1'},{'D4'},{'D6'},{'D7'},{'R3'},&,1.0,&
{'D1'},{'D3'},{'D2'},{'R2'},{'D5'},{'D4'},{'D6'},{'D7'},,,&,1.0,&
{'D1'},{'D3'},{'D2'},{'R2'},{'R3'},,,,,,&,10.0,&
{'D1'},{'D3'},{'D2'},{'R2'},{'R3'},{'D7'},,,,,&,1.0,&
{'D1'},{'D3'},{'D2'},{'R2'},{'R3'},{'D7'},{'D5'},{'D6'},{'D4'},,&,1.0,&
{'D1'},{'D3'},{'D2'},{'R2'},{'R3'},{'D7'},{'D5'},{'D6'},{'D4'},{'R1'},&,1.0,&
{'D1'},{'D3'},{'D2'},{'R2'},{'R3'},{'D7'},{'R1'},{'D5'},{'D4'},{'D6'},&,1.0,&
{'D1'},{'D3'},{'D2'},{'R2'},{'R3'},{'D7'},{'D6'},,,,&,1.0,&
{'D1'},{'D3'},{'D2'},{'R2'},{'R3'},{'D5'},{'R1'},,,,&,2.0,&
{'D1'},{'D3'},{'D2'},{'R2'},{'R3'},{'D6'},,,,,&,4.0,&
{'D1'},{'D3'},{'D2'},{'R2'},{'R3'},{'D6'},{'D7'},{'D5'},{'D4'},{'R1'},&,1.0,&
{'D1'},{'D3'},{'D2'},{'R2'},{'R3'},{'D6'},{'D5'},,,,&,1.0,&
{'D1'},{'D3'},{'D2'},{'R2'},{'R3'},{'D6'},{'R1'},,,,&,1.0,&
{'D1'},{'D3'},{'D2'},{'R2'},{'R3'},{'D6'},{'R1'},{'D7'},{'D5'},,&,1.0,&
{'D1'},{'D3'},{'D2'},{'R2'},{'R3'},{'R1'},,,,,&,4.0,&
{'D1'},{'D3'},{'D2'},{'R2'},{'R3'},{'R1'},{'D7'},{'D4'},,,&,1.0,&
{'D1'},{'D3'},{'D2'},{'R2'},{'R3'},{'R1'},{'D5'},,,,&,2.0,&
{'D1'},{'D3'},{'D2'},{'R2'},{'R3'},{'R1'},{'D5'},{'D6'},,,&,1.0,&
{'D1'},{'D3'},{'D2'},{'R2'},{'R3'},{'R1'},{'D6'},{'D5'},,,&,2.0,&
{'D1'},{'D3'},{'D2'},{'R2'},{'R3'},{'R1'},{'D4'},{'D6'},,,&,1.0,&
{'D1'},{'D3'},{'D2'},{'R2'},{'R3'},{'D4'},{'D5'},{'D6'},{'R1'},{'D7'},&,1.0,&
{'D1'},{'D3'},{'D2'},{'R2'},{'R3'},{'D4'},{'R1'},,,,&,1.0,&
{'D1'},{'D3'},{'D2'},{'R2'},{'D4'},,,,,,&,1.0,&
{'D1'},{'D3'},{'D2'},{'R2'},{'D4'},{'D7'},{'R3'},,,,&,1.0,&
{'D1'},{'D3'},{'D2'},{'R2'},{'D4'},{'D7'},{'D6'},,,,&,1.0,&
{'D1'},{'D3'},{'D2'},{'R2'},{'D4'},{'R3'},,,,,&,1.0,&
{'D1'},{'D3'},{'D2'},{'R2'},{'D4'},{'R3'},{'D7'},{'R1'},{'D5'},{'D6'},&,1.0,&
{'D1'},{'D3'},{'D2'},{'R2'},{'D4'},{'R3'},{'R1'},{'D6'},,,&,1.0,&
{'D1'},{'D3'},{'D2'},{'D5'},,,,,,,&,15.0,&
{'D1'},{'D3'},{'D2'},{'D5'},{'D6'},,,,,,&,4.0,&
{'D1'},{'D3'},{'D2'},{'D5'},{'D6'},{'D7'},,,,,&,2.0,&
{'D1'},{'D3'},{'D2'},{'D5'},{'D6'},{'D7'},{'R2'},{'R3'},{'R1'},{'D4'},&,1.0,&
{'D1'},{'D3'},{'D2'},{'D5'},{'D6'},{'D7'},{'D4'},,,,&,1.0,&
{'D1'},{'D3'},{'D2'},{'D5'},{'D6'},{'R2'},{'R3'},{'R1'},,,&,1.0,&
{'D1'},{'D3'},{'D2'},{'D5'},{'D6'},{'R2'},{'D4'},{'D7'},{'R1'},{'R3'},&,1.0,&
{'D1'},{'D3'},{'D2'},{'D5'},{'D6'},{'R3'},{'D7'},{'D4'},,,&,1.0,&
{'D1'},{'D3'},{'D2'},{'D5'},{'D6'},{'R3'},{'D7'},{'R2'},,,&,1.0,&
{'D1'},{'D3'},{'D2'},{'D5'},{'D6'},{'R3'},{'R2'},{'D4'},{'R1'},,&,1.0,&
{'D1'},{'D3'},{'D2'},{'D5'},{'D6'},{'R3'},{'R2'},{'D7'},{'R1'},,&,1.0,&
{'D1'},{'D3'},{'D2'},{'D5'},{'D6'},{'R3'},{'R2'},{'R1'},,,&,1.0,&
{'D1'},{'D3'},{'D2'},{'D5'},{'D6'},{'R3'},{'D4'},{'D7'},{'R2'},,&,1.0,&
{'D1'},{'D3'},{'D2'},{'D5'},{'D7'},,,,,,&,5.0,&
{'D1'},{'D3'},{'D2'},{'D5'},{'D7'},{'R2'},,,,,&,1.0,&
{'D1'},{'D3'},{'D2'},{'D5'},{'D7'},{'D6'},{'R1'},{'R2'},,,&,1.0,&
{'D1'},{'D3'},{'D2'},{'D5'},{'D7'},{'D6'},{'D4'},{'R2'},{'R1'},{'R3'},&,1.0,&
{'D1'},{'D3'},{'D2'},{'D5'},{'D7'},{'D6'},{'D4'},{'R3'},,,&,1.0,&
{'D1'},{'D3'},{'D2'},{'D5'},{'D7'},{'R3'},{'R2'},{'D4'},{'D6'},,&,1.0,&
{'D1'},{'D3'},{'D2'},{'D5'},{'D7'},{'R3'},{'R2'},{'R1'},{'D4'},,&,1.0,&
{'D1'},{'D3'},{'D2'},{'D5'},{'D7'},{'R1'},,,,,&,1.0,&
{'D1'},{'D3'},{'D2'},{'D5'},{'R1'},{'D4'},{'D6'},{'R3'},{'R2'},{'D7'},&,1.0,&
{'D1'},{'D3'},{'D2'},{'D5'},{'R3'},,,,,,&,2.0,&
{'D1'},{'D3'},{'D2'},{'D5'},{'R3'},{'D7'},{'R2'},,,,&,1.0,&
{'D1'},{'D3'},{'D2'},{'D5'},{'R3'},{'D7'},{'R2'},{'D6'},{'D4'},{'R1'},&,1.0,&
{'D1'},{'D3'},{'D2'},{'D5'},{'R3'},{'D7'},{'D6'},{'D4'},{'R1'},{'R2'},&,1.0,&
{'D1'},{'D3'},{'D2'},{'D5'},{'R3'},{'D7'},{'D6'},{'R2'},{'R1'},,&,1.0,&
{'D1'},{'D3'},{'D2'},{'D5'},{'R3'},{'R2'},,,,,&,1.0,&
{'D1'},{'D3'},{'D2'},{'D5'},{'R3'},{'R2'},{'R1'},{'D6'},,,&,1.0,&
{'D1'},{'D3'},{'D2'},{'D5'},{'R3'},{'R2'},{'R1'},{'D7'},,,&,1.0,&
{'D1'},{'D3'},{'D2'},{'D5'},{'R3'},{'R2'},{'D6'},{'D7'},{'R1'},,&,1.0,&
{'D1'},{'D3'},{'D2'},{'D5'},{'R3'},{'D6'},{'D7'},{'R1'},,,&,1.0,&
{'D1'},{'D3'},{'D2'},{'D5'},{'R3'},{'D6'},{'R2'},,,,&,1.0,&
{'D1'},{'D3'},{'D2'},{'D5'},{'R2'},,,,,,&,1.0,&
{'D1'},{'D3'},{'D2'},{'D5'},{'R2'},{'D7'},,,,,&,3.0,&
{'D1'},{'D3'},{'D2'},{'D5'},{'R2'},{'D7'},{'R3'},{'D4'},{'D6'},{'R1'},&,1.0,&
{'D1'},{'D3'},{'D2'},{'D5'},{'R2'},{'D7'},{'R3'},{'R1'},{'D4'},{'D6'},&,1.0,&
{'D1'},{'D3'},{'D2'},{'D5'},{'R2'},{'D7'},{'D6'},{'D4'},,,&,1.0,&
{'D1'},{'D3'},{'D2'},{'D5'},{'R2'},{'D7'},{'D6'},{'D4'},{'R3'},{'R1'},&,1.0,&
{'D1'},{'D3'},{'D2'},{'D5'},{'R2'},{'D6'},,,,,&,2.0,&
{'D1'},{'D3'},{'D2'},{'D5'},{'R2'},{'D6'},{'D7'},,,,&,1.0,&
{'D1'},{'D3'},{'D2'},{'D5'},{'R2'},{'D6'},{'R3'},{'D7'},{'R1'},{'D4'},&,1.0,&
{'D1'},{'D3'},{'D2'},{'D5'},{'R2'},{'D6'},{'R1'},{'D7'},{'R3'},{'D4'},&,1.0,&
{'D1'},{'D3'},{'D2'},{'D5'},{'R2'},{'R3'},,,,,&,3.0,&
{'D1'},{'D3'},{'D2'},{'D5'},{'R2'},{'R3'},{'R1'},,,,&,2.0,&
{'D1'},{'D3'},{'D2'},{'D5'},{'R2'},{'R3'},{'D6'},{'R1'},,,&,1.0,&
{'D1'},{'D3'},{'D2'},{'D5'},{'R2'},{'R3'},{'D4'},,,,&,1.0,&
{'D1'},{'D3'},{'D2'},{'D5'},{'R2'},{'R3'},{'D4'},{'R1'},{'D6'},,&,1.0,&
{'D1'},{'D3'},{'D2'},{'D5'},{'R2'},{'R1'},,,,,&,1.0,&
{'D1'},{'D3'},{'D2'},{'D5'},{'R2'},{'R1'},{'D6'},,,,&,1.0,&
{'D1'},{'D3'},{'D2'},{'D5'},{'R2'},{'D4'},{'D6'},{'D7'},,,&,1.0,&
{'D1'},{'D3'},{'D2'},{'D5'},{'R2'},{'D4'},{'D6'},{'R1'},{'D7'},{'R3'},&,1.0,&
{'D1'},{'D3'},{'D2'},{'D5'},{'D4'},{'R2'},,,,,&,1.0,&
{'D1'},{'D3'},{'D2'},{'D5'},{'D4'},{'R2'},{'R1'},{'R3'},,,&,1.0,&
{'D1'},{'D3'},{'D2'},{'D5'},{'D4'},{'D6'},{'D7'},{'R2'},{'R3'},{'R1'},&,1.0,&
{'D1'},{'D3'},{'D2'},{'D5'},{'D4'},{'D6'},{'R2'},{'D7'},{'R3'},{'R1'},&,1.0,&
{'D1'},{'D3'},{'D2'},{'D5'},{'D4'},{'D6'},{'R2'},{'R3'},{'R1'},,&,1.0,&
{'D1'},{'D3'},{'D2'},{'D5'},{'D4'},{'R3'},,,,,&,1.0,&
{'D1'},{'D3'},{'D2'},{'D5'},{'D4'},{'R3'},{'R2'},,,,&,1.0,&
{'D1'},{'D3'},{'D2'},{'D4'},,,,,,,&,5.0,&
{'D1'},{'D3'},{'D2'},{'D4'},{'D6'},,,,,,&,1.0,&
{'D1'},{'D3'},{'D2'},{'D4'},{'D6'},{'D7'},{'R2'},{'D5'},{'R1'},{'R3'},&,1.0,&
{'D1'},{'D3'},{'D2'},{'D4'},{'D6'},{'D5'},{'D7'},,,,&,1.0,&
{'D1'},{'D3'},{'D2'},{'D4'},{'D6'},{'R2'},{'D5'},{'R3'},{'R1'},{'D7'},&,1.0,&
{'D1'},{'D3'},{'D2'},{'D4'},{'D6'},{'R3'},,,,,&,1.0,&
{'D1'},{'D3'},{'D2'},{'D4'},{'D7'},,,,,,&,1.0,&
{'D1'},{'D3'},{'D2'},{'D4'},{'D7'},{'R3'},,,,,&,1.0,&
{'D1'},{'D3'},{'D2'},{'D4'},{'R3'},,,,,,&,3.0,&
{'D1'},{'D3'},{'D2'},{'D4'},{'R3'},{'R2'},{'R1'},{'D6'},{'D5'},,&,1.0,&
{'D1'},{'D3'},{'D2'},{'D4'},{'R3'},{'D6'},{'R2'},{'D7'},{'D5'},{'R1'},&,1.0,&
{'D1'},{'D3'},{'D2'},{'D4'},{'R2'},,,,,,&,1.0,&
{'D1'},{'D3'},{'D2'},{'D4'},{'R2'},{'D7'},,,,,&,2.0,&
{'D1'},{'D3'},{'D2'},{'D4'},{'R2'},{'D6'},,,,,&,1.0,&
{'D1'},{'D3'},{'D2'},{'D4'},{'R2'},{'R3'},{'D5'},,,,&,1.0,&
{'D1'},{'D3'},{'D2'},{'D4'},{'R2'},{'R3'},{'R1'},{'D6'},{'D7'},{'D5'},&,1.0,&
{'D1'},{'D3'},{'D2'},{'D7'},,,,,,,&,12.0,&
{'D1'},{'D3'},{'D2'},{'D7'},{'D6'},,,,,,&,5.0,&
{'D1'},{'D3'},{'D2'},{'D7'},{'D6'},{'D5'},{'R3'},,,,&,1.0,&
{'D1'},{'D3'},{'D2'},{'D7'},{'D6'},{'D5'},{'R2'},{'D4'},{'R3'},,&,1.0,&
{'D1'},{'D3'},{'D2'},{'D7'},{'D6'},{'D5'},{'R2'},{'R3'},{'D4'},,&,1.0,&
{'D1'},{'D3'},{'D2'},{'D7'},{'D6'},{'D5'},{'R1'},{'R3'},{'R2'},,&,1.0,&
{'D1'},{'D3'},{'D2'},{'D7'},{'D6'},{'D5'},{'D4'},,,,&,1.0,&
{'D1'},{'D3'},{'D2'},{'D7'},{'D6'},{'D5'},{'D4'},{'R2'},{'R3'},{'R1'},&,1.0,&
{'D1'},{'D3'},{'D2'},{'D7'},{'D6'},{'R2'},,,,,&,1.0,&
{'D1'},{'D3'},{'D2'},{'D7'},{'D6'},{'R2'},{'R3'},{'D5'},{'R1'},{'D4'},&,1.0,&
{'D1'},{'D3'},{'D2'},{'D7'},{'D6'},{'R2'},{'R3'},{'D5'},{'D4'},,&,1.0,&
{'D1'},{'D3'},{'D2'},{'D7'},{'D6'},{'R2'},{'D5'},{'R3'},,,&,1.0,&
{'D1'},{'D3'},{'D2'},{'D7'},{'D6'},{'R3'},{'D5'},{'R2'},{'R1'},,&,1.0,&
{'D1'},{'D3'},{'D2'},{'D7'},{'D6'},{'R1'},,,,,&,1.0,&
{'D1'},{'D3'},{'D2'},{'D7'},{'D6'},{'D4'},{'D5'},{'R3'},{'R2'},{'R1'},&,1.0,&
{'D1'},{'D3'},{'D2'},{'D7'},{'R1'},,,,,,&,4.0,&
{'D1'},{'D3'},{'D2'},{'D7'},{'R1'},{'R2'},,,,,&,1.0,&
{'D1'},{'D3'},{'D2'},{'D7'},{'R1'},{'R2'},{'D6'},{'D5'},,,&,1.0,&
{'D1'},{'D3'},{'D2'},{'D7'},{'D5'},,,,,,&,3.0,&
{'D1'},{'D3'},{'D2'},{'D7'},{'D5'},{'R2'},,,,,&,1.0,&
{'D1'},{'D3'},{'D2'},{'D7'},{'D5'},{'R2'},{'R3'},{'D4'},{'R1'},,&,1.0,&
{'D1'},{'D3'},{'D2'},{'D7'},{'D5'},{'R2'},{'D6'},{'D4'},{'R3'},,&,1.0,&
{'D1'},{'D3'},{'D2'},{'D7'},{'D5'},{'R2'},{'D6'},{'R3'},{'D4'},,&,1.0,&
{'D1'},{'D3'},{'D2'},{'D7'},{'D5'},{'D6'},{'R2'},{'R3'},{'R1'},{'D4'},&,1.0,&
{'D1'},{'D3'},{'D2'},{'D7'},{'D5'},{'D6'},{'R2'},{'R1'},{'R3'},{'D4'},&,1.0,&
{'D1'},{'D3'},{'D2'},{'D7'},{'D5'},{'D6'},{'D4'},,,,&,1.0,&
{'D1'},{'D3'},{'D2'},{'D7'},{'D5'},{'R3'},,,,,&,2.0,&
{'D1'},{'D3'},{'D2'},{'D7'},{'D5'},{'D4'},,,,,&,2.0,&
{'D1'},{'D3'},{'D2'},{'D7'},{'R3'},,,,,,&,3.0,&
{'D1'},{'D3'},{'D2'},{'D7'},{'R3'},{'D5'},{'R2'},{'R1'},{'D6'},{'D4'},&,1.0,&
{'D1'},{'D3'},{'D2'},{'D7'},{'R3'},{'R2'},,,,,&,2.0,&
{'D1'},{'D3'},{'D2'},{'D7'},{'R3'},{'R2'},{'D5'},{'D6'},{'R1'},{'D4'},&,1.0,&
{'D1'},{'D3'},{'D2'},{'D7'},{'R3'},{'R2'},{'R1'},{'D5'},{'D6'},{'D4'},&,1.0,&
{'D1'},{'D3'},{'D2'},{'D7'},{'R3'},{'R2'},{'D6'},{'D5'},,,&,1.0,&
{'D1'},{'D3'},{'D2'},{'D7'},{'R3'},{'R2'},{'D6'},{'R1'},,,&,1.0,&
{'D1'},{'D3'},{'D2'},{'D7'},{'R3'},{'D6'},,,,,&,1.0,&
{'D1'},{'D3'},{'D2'},{'D7'},{'R3'},{'D6'},{'D5'},{'D4'},,,&,1.0,&
{'D1'},{'D3'},{'D2'},{'D7'},{'R3'},{'D6'},{'D5'},{'R2'},{'R1'},,&,1.0,&
{'D1'},{'D3'},{'D2'},{'D7'},{'R3'},{'D6'},{'R2'},{'R1'},{'D5'},{'D4'},&,1.0,&
{'D1'},{'D3'},{'D2'},{'D7'},{'R3'},{'D6'},{'R1'},{'D5'},{'R2'},,&,1.0,&
{'D1'},{'D3'},{'D2'},{'D7'},{'R3'},{'R1'},{'R2'},{'D5'},,,&,2.0,&
{'D1'},{'D3'},{'D2'},{'D7'},{'R3'},{'R1'},{'D4'},,,,&,1.0,&
{'D1'},{'D3'},{'D2'},{'D7'},{'R2'},{'D5'},,,,,&,1.0,&
{'D1'},{'D3'},{'D2'},{'D7'},{'R2'},{'D5'},{'R1'},{'D4'},{'D6'},{'R3'},&,1.0,&
{'D1'},{'D3'},{'D2'},{'D7'},{'R2'},{'D6'},,,,,&,1.0,&
{'D1'},{'D3'},{'D2'},{'D7'},{'R2'},{'D6'},{'D5'},{'D4'},,,&,1.0,&
{'D1'},{'D3'},{'D2'},{'D7'},{'R2'},{'D6'},{'D5'},{'R3'},{'R1'},{'D4'},&,1.0,&
{'D1'},{'D3'},{'D2'},{'D7'},{'R2'},{'R3'},,,,,&,1.0,&
{'D1'},{'D3'},{'D2'},{'D7'},{'R2'},{'R3'},{'R1'},,,,&,1.0,&
{'D1'},{'D3'},{'D2'},{'D7'},{'R2'},{'R1'},,,,,&,1.0,&
{'D1'},{'D3'},{'D2'},{'D7'},{'D4'},{'R2'},{'R3'},{'D6'},{'R1'},,&,1.0,&
{'D1'},{'D3'},{'D2'},{'R1'},,,,,,,&,4.0,&
{'D1'},{'D3'},{'D2'},{'R1'},{'D6'},{'D7'},{'D5'},,,,&,1.0,&
{'D1'},{'D3'},{'D2'},{'R1'},{'D6'},{'D7'},{'D5'},{'R2'},{'R3'},{'D4'},&,1.0,&
{'D1'},{'D3'},{'D2'},{'R1'},{'D7'},{'D5'},{'R3'},{'R2'},{'D6'},{'D4'},&,1.0,&
{'D1'},{'D3'},{'D2'},{'R1'},{'D7'},{'R2'},,,,,&,1.0,&
{'D1'},{'D3'},{'D2'},{'R1'},{'D7'},{'D6'},{'R3'},,,,&,1.0,&
{'D1'},{'D3'},{'D2'},{'R1'},{'D5'},{'D6'},,,,,&,2.0,&
{'D1'},{'D3'},{'D2'},{'R1'},{'D5'},{'R3'},{'D4'},{'D7'},{'D6'},,&,1.0,&
{'D1'},{'D3'},{'D2'},{'R1'},{'R3'},,,,,,&,1.0,&
{'D1'},{'D3'},{'D2'},{'R1'},{'R3'},{'D7'},{'D5'},{'R2'},{'D6'},,&,1.0,&
{'D1'},{'D3'},{'D2'},{'R1'},{'R3'},{'D7'},{'R2'},,,,&,1.0,&
{'D1'},{'D3'},{'D2'},{'R1'},{'R3'},{'D7'},{'D6'},,,,&,1.0,&
{'D1'},{'D3'},{'D2'},{'R1'},{'R3'},{'D5'},{'D4'},,,,&,1.0,&
{'D1'},{'D3'},{'D2'},{'R1'},{'R3'},{'R2'},{'D6'},,,,&,1.0,&
{'D1'},{'D3'},{'D2'},{'R1'},{'R3'},{'D6'},{'D5'},{'D4'},{'R2'},,&,1.0,&
{'D1'},{'D3'},{'D2'},{'R1'},{'R2'},{'D5'},{'R3'},{'D6'},,,&,1.0,&
{'D1'},{'D3'},{'D2'},{'R1'},{'R2'},{'D5'},{'D6'},{'R3'},{'D7'},,&,1.0,&
{'D1'},{'D3'},{'D2'},{'R3'},,,,,,,&,19.0,&
{'D1'},{'D3'},{'D2'},{'R3'},{'D6'},,,,,,&,1.0,&
{'D1'},{'D3'},{'D2'},{'R3'},{'D6'},{'D7'},,,,,&,1.0,&
{'D1'},{'D3'},{'D2'},{'R3'},{'D6'},{'D7'},{'R1'},{'R2'},,,&,1.0,&
{'D1'},{'D3'},{'D2'},{'R3'},{'D6'},{'D5'},{'D7'},,,,&,1.0,&
{'D1'},{'D3'},{'D2'},{'R3'},{'D6'},{'D5'},{'D7'},{'D4'},{'R2'},{'R1'},&,1.0,&
{'D1'},{'D3'},{'D2'},{'R3'},{'D6'},{'D5'},{'R2'},{'D4'},{'R1'},,&,1.0,&
{'D1'},{'D3'},{'D2'},{'R3'},{'D6'},{'D5'},{'R2'},{'D7'},,,&,1.0,&
{'D1'},{'D3'},{'D2'},{'R3'},{'D6'},{'R2'},,,,,&,2.0,&
{'D1'},{'D3'},{'D2'},{'R3'},{'D6'},{'R2'},{'D5'},,,,&,1.0,&
{'D1'},{'D3'},{'D2'},{'R3'},{'D6'},{'R2'},{'R1'},{'D4'},{'D5'},{'D7'},&,1.0,&
{'D1'},{'D3'},{'D2'},{'R3'},{'D6'},{'R2'},{'R1'},{'D7'},,,&,1.0,&
{'D1'},{'D3'},{'D2'},{'R3'},{'D6'},{'R2'},{'R1'},{'D5'},{'D7'},,&,1.0,&
{'D1'},{'D3'},{'D2'},{'R3'},{'D6'},{'R2'},{'D4'},{'D5'},,,&,1.0,&
{'D1'},{'D3'},{'D2'},{'R3'},{'D6'},{'R1'},,,,,&,1.0,&
{'D1'},{'D3'},{'D2'},{'R3'},{'D6'},{'R1'},{'D7'},{'R2'},{'D5'},,&,1.0,&
{'D1'},{'D3'},{'D2'},{'R3'},{'D6'},{'D4'},{'D7'},,,,&,1.0,&
{'D1'},{'D3'},{'D2'},{'R3'},{'D6'},{'D4'},{'D5'},,,,&,1.0,&
{'D1'},{'D3'},{'D2'},{'R3'},{'D7'},,,,,,&,4.0,&
{'D1'},{'D3'},{'D2'},{'R3'},{'D7'},{'D5'},{'R2'},{'D6'},{'R1'},{'D4'},&,1.0,&
{'D1'},{'D3'},{'D2'},{'R3'},{'D7'},{'R2'},,,,,&,2.0,&
{'D1'},{'D3'},{'D2'},{'R3'},{'D7'},{'R2'},{'R1'},,,,&,2.0,&
{'D1'},{'D3'},{'D2'},{'R3'},{'D7'},{'R2'},{'D6'},{'D5'},{'R1'},{'D4'},&,1.0,&
{'D1'},{'D3'},{'D2'},{'R3'},{'D7'},{'R2'},{'D6'},{'R1'},{'D5'},,&,1.0,&
{'D1'},{'D3'},{'D2'},{'R3'},{'R1'},,,,,,&,2.0,&
{'D1'},{'D3'},{'D2'},{'R3'},{'R1'},{'D5'},{'D6'},{'D4'},{'D7'},{'R2'},&,1.0,&
{'D1'},{'D3'},{'D2'},{'R3'},{'R1'},{'R2'},{'D5'},,,,&,1.0,&
{'D1'},{'D3'},{'D2'},{'R3'},{'R1'},{'R2'},{'D6'},,,,&,1.0,&
{'D1'},{'D3'},{'D2'},{'R3'},{'R1'},{'D6'},{'D5'},{'R2'},{'D4'},{'D7'},&,1.0,&
{'D1'},{'D3'},{'D2'},{'R3'},{'D5'},,,,,,&,5.0,&
{'D1'},{'D3'},{'D2'},{'R3'},{'D5'},{'D7'},{'R2'},{'D6'},{'D4'},,&,1.0,&
{'D1'},{'D3'},{'D2'},{'R3'},{'D5'},{'R2'},,,,,&,3.0,&
{'D1'},{'D3'},{'D2'},{'R3'},{'D5'},{'R2'},{'D7'},{'D6'},{'D4'},{'R1'},&,1.0,&
{'D1'},{'D3'},{'D2'},{'R3'},{'D5'},{'R2'},{'D7'},{'R1'},{'D4'},,&,1.0,&
{'D1'},{'D3'},{'D2'},{'R3'},{'D5'},{'D6'},{'D7'},{'D4'},,,&,1.0,&
{'D1'},{'D3'},{'D2'},{'R3'},{'D5'},{'D6'},{'R2'},{'D4'},{'D7'},{'R1'},&,1.0,&
{'D1'},{'D3'},{'D2'},{'R3'},{'D5'},{'D6'},{'R2'},{'R1'},,,&,1.0,&
{'D1'},{'D3'},{'D2'},{'R3'},{'D5'},{'R1'},,,,,&,1.0,&
{'D1'},{'D3'},{'D2'},{'R3'},{'D5'},{'D4'},,,,,&,1.0,&
{'D1'},{'D3'},{'D2'},{'R3'},{'D5'},{'D4'},{'R2'},{'D6'},{'D7'},{'R1'},&,1.0,&
{'D1'},{'D3'},{'D2'},{'R3'},{'R2'},,,,,,&,3.0,&
{'D1'},{'D3'},{'D2'},{'R3'},{'R2'},{'D7'},{'D5'},{'D4'},,,&,1.0,&
{'D1'},{'D3'},{'D2'},{'R3'},{'R2'},{'D5'},,,,,&,2.0,&
{'D1'},{'D3'},{'D2'},{'R3'},{'R2'},{'D5'},{'D7'},{'D6'},{'D4'},{'R1'},&,1.0,&
{'D1'},{'D3'},{'D2'},{'R3'},{'R2'},{'D5'},{'D7'},{'R1'},{'D6'},{'D4'},&,1.0,&
{'D1'},{'D3'},{'D2'},{'R3'},{'R2'},{'D5'},{'R1'},{'D6'},,,&,1.0,&
{'D1'},{'D3'},{'D2'},{'R3'},{'R2'},{'D5'},{'D4'},{'D6'},{'R1'},,&,1.0,&
{'D1'},{'D3'},{'D2'},{'R3'},{'R2'},{'D6'},,,,,&,1.0,&
{'D1'},{'D3'},{'D2'},{'R3'},{'R2'},{'R1'},,,,,&,5.0,&
{'D1'},{'D3'},{'D2'},{'R3'},{'R2'},{'R1'},{'D7'},,,,&,1.0,&
{'D1'},{'D3'},{'D2'},{'R3'},{'R2'},{'R1'},{'D7'},{'D5'},{'D6'},,&,2.0,&
{'D1'},{'D3'},{'D2'},{'R3'},{'R2'},{'R1'},{'D6'},,,,&,3.0,&
{'D1'},{'D3'},{'D2'},{'R3'},{'R2'},{'R1'},{'D6'},{'D7'},{'D5'},{'D4'},&,1.0,&
{'D1'},{'D3'},{'D2'},{'R3'},{'R2'},{'D4'},{'R1'},{'D6'},,,&,1.0,&
{'D1'},{'D3'},{'D2'},{'R3'},{'D4'},{'R2'},{'D7'},{'D6'},{'D5'},{'R1'},&,1.0,&
{'D1'},{'D3'},{'D2'},{'R3'},{'D4'},{'R2'},{'D5'},,,,&,1.0,&
{'D1'},{'D3'},{'D2'},{'R3'},{'D4'},{'R2'},{'D5'},{'D7'},{'R1'},{'D6'},&,1.0,&
{'D1'},{'D3'},{'D2'},{'R3'},{'D4'},{'R2'},{'D6'},,,,&,1.0,&
{'D1'},{'D3'},{'D2'},{'R3'},{'D4'},{'R1'},{'D7'},{'R2'},{'D5'},,&,1.0,&
{'D1'},{'D3'},{'D2'},{'D6'},,,,,,,&,15.0,&
{'D1'},{'D3'},{'D2'},{'D6'},{'D7'},,,,,,&,1.0,&
{'D1'},{'D3'},{'D2'},{'D6'},{'D7'},{'D5'},{'R2'},{'D4'},,,&,1.0,&
{'D1'},{'D3'},{'D2'},{'D6'},{'D7'},{'D5'},{'R2'},{'R3'},,,&,1.0,&
{'D1'},{'D3'},{'D2'},{'D6'},{'D7'},{'D5'},{'R2'},{'R3'},{'R1'},{'D4'},&,1.0,&
{'D1'},{'D3'},{'D2'},{'D6'},{'D7'},{'D5'},{'R2'},{'R3'},{'D4'},,&,1.0,&
{'D1'},{'D3'},{'D2'},{'D6'},{'D7'},{'D5'},{'D4'},,,,&,2.0,&
{'D1'},{'D3'},{'D2'},{'D6'},{'D7'},{'D5'},{'D4'},{'R2'},,,&,1.0,&
{'D1'},{'D3'},{'D2'},{'D6'},{'D7'},{'D5'},{'D4'},{'R3'},{'R1'},,&,1.0,&
{'D1'},{'D3'},{'D2'},{'D6'},{'D7'},{'R2'},{'R3'},{'D5'},{'D4'},{'R1'},&,1.0,&
{'D1'},{'D3'},{'D2'},{'D6'},{'D7'},{'R3'},{'D5'},{'R2'},{'D4'},{'R1'},&,1.0,&
{'D1'},{'D3'},{'D2'},{'D6'},{'D7'},{'D4'},{'R3'},{'R2'},{'D5'},{'R1'},&,1.0,&
{'D1'},{'D3'},{'D2'},{'D6'},{'D7'},{'D4'},{'R3'},{'D5'},{'R2'},,&,1.0,&
{'D1'},{'D3'},{'D2'},{'D6'},{'D7'},{'D4'},{'D5'},{'R3'},{'R2'},{'R1'},&,1.0,&
{'D1'},{'D3'},{'D2'},{'D6'},{'R1'},,,,,,&,1.0,&
{'D1'},{'D3'},{'D2'},{'D6'},{'R1'},{'D7'},{'D5'},,,,&,1.0,&
{'D1'},{'D3'},{'D2'},{'D6'},{'R1'},{'D5'},{'R3'},{'R2'},{'D7'},,&,1.0,&
{'D1'},{'D3'},{'D2'},{'D6'},{'R1'},{'D5'},{'R2'},,,,&,1.0,&
{'D1'},{'D3'},{'D2'},{'D6'},{'R1'},{'R2'},{'R3'},{'D4'},{'D5'},{'D7'},&,1.0,&
{'D1'},{'D3'},{'D2'},{'D6'},{'R1'},{'R3'},{'R2'},,,,&,1.0,&
{'D1'},{'D3'},{'D2'},{'D6'},{'D5'},,,,,,&,11.0,&
{'D1'},{'D3'},{'D2'},{'D6'},{'D5'},{'D7'},{'R3'},,,,&,2.0,&
{'D1'},{'D3'},{'D2'},{'D6'},{'D5'},{'D7'},{'R2'},,,,&,1.0,&
{'D1'},{'D3'},{'D2'},{'D6'},{'D5'},{'D7'},{'D4'},,,,&,1.0,&
{'D1'},{'D3'},{'D2'},{'D6'},{'D5'},{'D7'},{'D4'},{'R2'},{'R3'},{'R1'},&,1.0,&
{'D1'},{'D3'},{'D2'},{'D6'},{'D5'},{'D7'},{'D4'},{'R3'},,,&,2.0,&
{'D1'},{'D3'},{'D2'},{'D6'},{'D5'},{'R2'},{'R3'},,,,&,1.0,&
{'D1'},{'D3'},{'D2'},{'D6'},{'D5'},{'R3'},{'R2'},,,,&,1.0,&
{'D1'},{'D3'},{'D2'},{'D6'},{'D5'},{'R3'},{'R2'},{'R1'},,,&,1.0,&
{'D1'},{'D3'},{'D2'},{'D6'},{'D5'},{'R3'},{'D4'},{'R2'},{'R1'},{'D7'},&,1.0,&
{'D1'},{'D3'},{'D2'},{'D6'},{'D5'},{'R1'},,,,,&,1.0,&
{'D1'},{'D3'},{'D2'},{'D6'},{'D5'},{'R1'},{'D7'},{'R2'},{'R3'},,&,1.0,&
{'D1'},{'D3'},{'D2'},{'D6'},{'D5'},{'D4'},,,,,&,2.0,&
{'D1'},{'D3'},{'D2'},{'D6'},{'D5'},{'D4'},{'D7'},{'R2'},,,&,1.0,&
{'D1'},{'D3'},{'D2'},{'D6'},{'R3'},,,,,,&,1.0,&
{'D1'},{'D3'},{'D2'},{'D6'},{'R3'},{'D7'},{'D5'},{'D4'},,,&,1.0,&
{'D1'},{'D3'},{'D2'},{'D6'},{'R3'},{'D7'},{'D5'},{'D4'},{'R2'},,&,1.0,&
{'D1'},{'D3'},{'D2'},{'D6'},{'R3'},{'D7'},{'D5'},{'R2'},,,&,1.0,&
{'D1'},{'D3'},{'D2'},{'D6'},{'R3'},{'D7'},{'R2'},{'D5'},{'R1'},{'D4'},&,1.0,&
{'D1'},{'D3'},{'D2'},{'D6'},{'R3'},{'D7'},{'R2'},{'D5'},{'D4'},{'R1'},&,1.0,&
{'D1'},{'D3'},{'D2'},{'D6'},{'R3'},{'D5'},{'D7'},,,,&,1.0,&
{'D1'},{'D3'},{'D2'},{'D6'},{'R3'},{'R2'},{'D5'},{'D7'},{'D4'},{'R1'},&,1.0,&
{'D1'},{'D3'},{'D2'},{'D6'},{'R3'},{'R2'},{'R1'},,,,&,1.0,&
{'D1'},{'D3'},{'D2'},{'D6'},{'R3'},{'R2'},{'R1'},{'D4'},{'D5'},{'D7'},&,1.0,&
{'D1'},{'D3'},{'D2'},{'D6'},{'R3'},{'R2'},{'R1'},{'D5'},,,&,1.0,&
{'D1'},{'D3'},{'D2'},{'D6'},{'R3'},{'R2'},{'D4'},{'D7'},,,&,1.0,&
{'D1'},{'D3'},{'D2'},{'D6'},{'R3'},{'R1'},{'D4'},{'R2'},{'D7'},{'D5'},&,1.0,&
{'D1'},{'D3'},{'D2'},{'D6'},{'R2'},,,,,,&,2.0,&
{'D1'},{'D3'},{'D2'},{'D6'},{'R2'},{'D7'},{'D5'},{'D4'},,,&,2.0,&
{'D1'},{'D3'},{'D2'},{'D6'},{'R2'},{'D7'},{'D5'},{'R3'},{'D4'},{'R1'},&,1.0,&
{'D1'},{'D3'},{'D2'},{'D6'},{'R2'},{'D5'},,,,,&,1.0,&
{'D1'},{'D3'},{'D2'},{'D6'},{'R2'},{'D5'},{'R3'},{'D4'},{'R1'},,&,1.0,&
{'D1'},{'D3'},{'D2'},{'D6'},{'R2'},{'D5'},{'R3'},{'D7'},{'R1'},{'D4'},&,1.0,&
{'D1'},{'D3'},{'D2'},{'D6'},{'R2'},{'D5'},{'R3'},{'R1'},{'D7'},,&,1.0,&
{'D1'},{'D3'},{'D2'},{'D6'},{'R2'},{'D5'},{'R1'},,,,&,1.0,&
{'D1'},{'D3'},{'D2'},{'D6'},{'R2'},{'D5'},{'R1'},{'D4'},{'D7'},{'R3'},&,1.0,&
{'D1'},{'D3'},{'D2'},{'D6'},{'R2'},{'R3'},,,,,&,1.0,&
{'D1'},{'D3'},{'D2'},{'D6'},{'R2'},{'R3'},{'R1'},{'D7'},{'D5'},{'D4'},&,1.0,&
{'D1'},{'D3'},{'D2'},{'D6'},{'R2'},{'R3'},{'R1'},{'D5'},{'D7'},{'D4'},&,1.0,&
{'D1'},{'D3'},{'D2'},{'D6'},{'R2'},{'R3'},{'D4'},{'R1'},,,&,1.0,&
{'D1'},{'D3'},{'D2'},{'D6'},{'R2'},{'R1'},,,,,&,1.0,&
{'D1'},{'D3'},{'D2'},{'D6'},{'R2'},{'R1'},{'D7'},{'R3'},,,&,1.0,&
{'D1'},{'D3'},{'D2'},{'D6'},{'R2'},{'R1'},{'D5'},,,,&,1.0,&
{'D1'},{'D3'},{'D2'},{'D6'},{'R2'},{'R1'},{'D4'},,,,&,1.0,&
{'D1'},{'D3'},{'D2'},{'D6'},{'R2'},{'D4'},,,,,&,1.0,&
{'D1'},{'D3'},{'D2'},{'D6'},{'R2'},{'D4'},{'R3'},{'R1'},,,&,1.0,&
{'D1'},{'D3'},{'D2'},{'D6'},{'R2'},{'D4'},{'D5'},{'R3'},{'D7'},{'R1'},&,1.0,&
{'D1'},{'D3'},{'D2'},{'D6'},{'D4'},,,,,,&,2.0,&
{'D1'},{'D3'},{'D2'},{'D6'},{'D4'},{'D5'},{'R2'},{'D7'},,,&,1.0,&
{'D1'},{'D3'},{'D2'},{'D6'},{'D4'},{'R3'},,,,,&,1.0,&
{'D1'},{'D3'},{'D2'},{'D6'},{'D4'},{'R3'},{'D5'},,,,&,1.0,&
{'D1'},{'D3'},{'D4'},,,,,,,,&,5.0,&
{'D1'},{'D3'},{'D4'},{'R2'},{'D2'},{'D6'},,,,,&,1.0,&
{'D1'},{'D3'},{'D4'},{'D5'},{'D2'},{'D6'},{'D7'},{'R3'},,,&,1.0,&
{'D1'},{'D3'},{'D4'},{'D5'},{'D2'},{'R3'},{'D7'},{'R2'},{'R1'},,&,1.0,&
{'D1'},{'D3'},{'D4'},{'R3'},{'D2'},{'D6'},,,,,&,1.0,&
{'D1'},{'D3'},{'D4'},{'R3'},{'R2'},{'D6'},{'D2'},{'D7'},{'D5'},,&,1.0,&
{'D1'},{'D3'},{'D4'},{'R3'},{'R2'},{'R1'},{'D6'},,,,&,1.0,&
{'D1'},{'D3'},{'D4'},{'D2'},,,,,,,&,1.0,&
{'D1'},{'D3'},{'D4'},{'D2'},{'R3'},,,,,,&,1.0,&
{'D1'},{'D3'},{'D4'},{'D2'},{'R3'},{'R2'},,,,,&,1.0,&
{'D1'},{'D7'},,,,,,,,,&,21.0,&
{'D1'},{'D7'},{'R1'},{'R2'},{'R3'},,,,,,&,1.0,&
{'D1'},{'D7'},{'R1'},{'R2'},{'R3'},{'D2'},{'D3'},{'D6'},{'D5'},{'D4'},&,1.0,&
{'D1'},{'D7'},{'R1'},{'D3'},{'R2'},,,,,,&,1.0,&
{'D1'},{'D7'},{'R1'},{'R3'},,,,,,,&,1.0,&
{'D1'},{'D7'},{'R1'},{'R3'},{'R2'},{'D2'},{'D6'},{'D3'},{'D5'},{'D4'},&,1.0,&
{'D1'},{'D7'},{'R1'},{'R3'},{'R2'},{'D3'},{'D2'},{'D6'},{'D5'},{'D4'},&,1.0,&
{'D1'},{'D7'},{'D6'},,,,,,,,&,5.0,&
{'D1'},{'D7'},{'D6'},{'R2'},,,,,,,&,1.0,&
{'D1'},{'D7'},{'D6'},{'R2'},{'D2'},{'R3'},{'D3'},{'D5'},,,&,1.0,&
{'D1'},{'D7'},{'D6'},{'R2'},{'D3'},{'R3'},{'D2'},{'R1'},,,&,1.0,&
{'D1'},{'D7'},{'D6'},{'D3'},{'D5'},{'R3'},{'R2'},{'R1'},{'D2'},{'D4'},&,1.0,&
{'D1'},{'D7'},{'D6'},{'D3'},{'R3'},{'D2'},{'D4'},{'R2'},,,&,1.0,&
{'D1'},{'D7'},{'D6'},{'R3'},{'R1'},{'D3'},{'D2'},,,,&,1.0,&
{'D1'},{'D7'},{'D6'},{'D2'},,,,,,,&,1.0,&
{'D1'},{'D7'},{'D6'},{'D2'},{'R1'},{'R2'},{'R3'},{'D3'},,,&,1.0,&
{'D1'},{'D7'},{'D6'},{'D2'},{'R2'},{'D3'},{'R3'},{'D5'},{'D4'},{'R1'},&,1.0,&
{'D1'},{'D7'},{'D3'},,,,,,,,&,11.0,&
{'D1'},{'D7'},{'D3'},{'R2'},,,,,,,&,1.0,&
{'D1'},{'D7'},{'D3'},{'R2'},{'D2'},{'R3'},{'D5'},{'R1'},,,&,1.0,&
{'D1'},{'D7'},{'D3'},{'R2'},{'R1'},,,,,,&,1.0,&
{'D1'},{'D7'},{'D3'},{'R2'},{'D5'},{'D6'},{'D2'},{'D4'},{'R3'},,&,1.0,&
{'D1'},{'D7'},{'D3'},{'R2'},{'D5'},{'D2'},{'R3'},,,,&,1.0,&
{'D1'},{'D7'},{'D3'},{'R2'},{'R3'},{'D5'},{'D2'},{'R1'},{'D6'},,&,1.0,&
{'D1'},{'D7'},{'D3'},{'R2'},{'R3'},{'D2'},{'D6'},{'R1'},{'D5'},{'D4'},&,1.0,&
{'D1'},{'D7'},{'D3'},{'D5'},{'D2'},,,,,,&,2.0,&
{'D1'},{'D7'},{'D3'},{'D5'},{'D2'},{'R1'},{'D6'},{'R2'},{'R3'},{'D4'},&,1.0,&
{'D1'},{'D7'},{'D3'},{'R1'},{'R2'},{'R3'},{'D2'},,,,&,1.0,&
{'D1'},{'D7'},{'D3'},{'R3'},,,,,,,&,2.0,&
{'D1'},{'D7'},{'D3'},{'R3'},{'D2'},,,,,,&,2.0,&
{'D1'},{'D7'},{'D3'},{'R3'},{'D2'},{'R2'},,,,,&,1.0,&
{'D1'},{'D7'},{'D3'},{'R3'},{'D6'},{'R2'},,,,,&,1.0,&
{'D1'},{'D7'},{'D3'},{'R3'},{'D6'},{'D2'},{'D5'},{'R2'},{'D4'},,&,1.0,&
{'D1'},{'D7'},{'D3'},{'D6'},{'R3'},{'D2'},{'D5'},{'D4'},{'R2'},{'R1'},&,1.0,&
{'D1'},{'D7'},{'D3'},{'D6'},{'D4'},{'D2'},{'D5'},{'R2'},,,&,1.0,&
{'D1'},{'D7'},{'D3'},{'D2'},,,,,,,&,2.0,&
{'D1'},{'D7'},{'D3'},{'D2'},{'D6'},{'R2'},{'R3'},{'R1'},{'D5'},{'D4'},&,1.0,&
{'D1'},{'D7'},{'D3'},{'D2'},{'D5'},,,,,,&,1.0,&
{'D1'},{'D7'},{'D3'},{'D2'},{'D5'},{'R2'},,,,,&,1.0,&
{'D1'},{'D7'},{'D3'},{'D2'},{'R3'},,,,,,&,1.0,&
{'D1'},{'D7'},{'D3'},{'D2'},{'R3'},{'R2'},{'D5'},,,,&,1.0,&
{'D1'},{'D7'},{'D3'},{'D2'},{'R2'},,,,,,&,1.0,&
{'D1'},{'D7'},{'D3'},{'D2'},{'R2'},{'R3'},{'R1'},{'D4'},{'D5'},{'D6'},&,1.0,&
{'D1'},{'D7'},{'D3'},{'D2'},{'R2'},{'D4'},{'D6'},,,,&,1.0,&
{'D1'},{'D7'},{'D5'},{'R2'},,,,,,,&,1.0,&
{'D1'},{'D7'},{'D5'},{'D3'},,,,,,,&,1.0,&
{'D1'},{'D7'},{'D5'},{'D3'},{'D2'},,,,,,&,1.0,&
{'D1'},{'D7'},{'D5'},{'D3'},{'D2'},{'D6'},{'R3'},{'D4'},,,&,1.0,&
{'D1'},{'D7'},{'D5'},{'R3'},,,,,,,&,1.0,&
{'D1'},{'D7'},{'D5'},{'R3'},{'D2'},{'R1'},,,,,&,1.0,&
{'D1'},{'D7'},{'D5'},{'R3'},{'R2'},,,,,,&,1.0,&
{'D1'},{'D7'},{'D5'},{'D2'},{'D3'},{'D4'},{'D6'},{'R2'},{'R3'},{'R1'},&,1.0,&
{'D1'},{'D7'},{'D5'},{'D2'},{'R2'},{'D3'},,,,,&,1.0,&
{'D1'},{'D7'},{'R3'},,,,,,,,&,8.0,&
{'D1'},{'D7'},{'R3'},{'R2'},{'D2'},{'R1'},{'D6'},{'D3'},,,&,1.0,&
{'D1'},{'D7'},{'R3'},{'R2'},{'D2'},{'R1'},{'D3'},{'D6'},,,&,1.0,&
{'D1'},{'D7'},{'R3'},{'R2'},{'D2'},{'R1'},{'D3'},{'D5'},,,&,2.0,&
{'D1'},{'D7'},{'R3'},{'R2'},{'D3'},{'D2'},{'D6'},,,,&,1.0,&
{'D1'},{'D7'},{'R3'},{'R2'},{'D3'},{'R1'},{'D2'},,,,&,1.0,&
{'D1'},{'D7'},{'R3'},{'R2'},{'R1'},,,,,,&,2.0,&
{'D1'},{'D7'},{'R3'},{'R2'},{'R1'},{'D2'},{'D6'},,,,&,1.0,&
{'D1'},{'D7'},{'R3'},{'D3'},{'R1'},{'D4'},,,,,&,1.0,&
{'D1'},{'D7'},{'R3'},{'D3'},{'D5'},{'D2'},{'R2'},,,,&,1.0,&
{'D1'},{'D7'},{'R3'},{'D3'},{'R2'},{'D6'},,,,,&,1.0,&
{'D1'},{'D7'},{'R3'},{'D3'},{'R2'},{'D2'},{'R1'},,,,&,1.0,&
{'D1'},{'D7'},{'R3'},{'D3'},{'R2'},{'D2'},{'D6'},{'R1'},,,&,1.0,&
{'D1'},{'D7'},{'R3'},{'D3'},{'R2'},{'R1'},,,,,&,1.0,&
{'D1'},{'D7'},{'R3'},{'D3'},{'R2'},{'R1'},{'D5'},,,,&,1.0,&
{'D1'},{'D7'},{'R3'},{'R1'},{'D2'},{'R2'},{'D4'},{'D3'},,,&,1.0,&
{'D1'},{'D7'},{'R3'},{'R1'},{'R2'},{'D2'},{'D6'},{'D4'},,,&,1.0,&
{'D1'},{'D7'},{'R3'},{'D6'},,,,,,,&,1.0,&
{'D1'},{'D7'},{'R3'},{'D2'},,,,,,,&,2.0,&
{'D1'},{'D7'},{'R3'},{'D2'},{'D6'},,,,,,&,1.0,&
{'D1'},{'D7'},{'R3'},{'D2'},{'D3'},{'R2'},,,,,&,1.0,&
{'D1'},{'D7'},{'R3'},{'D2'},{'R2'},,,,,,&,1.0,&
{'D1'},{'D7'},{'R3'},{'D2'},{'R2'},{'D3'},,,,,&,1.0,&
{'D1'},{'D7'},{'R3'},{'D2'},{'R2'},{'D3'},{'D5'},{'D6'},{'R1'},,&,1.0,&
{'D1'},{'D7'},{'R3'},{'D2'},{'R2'},{'D3'},{'R1'},{'D6'},,,&,1.0,&
{'D1'},{'D7'},{'R3'},{'D2'},{'R2'},{'D3'},{'D6'},{'D5'},{'D4'},,&,1.0,&
{'D1'},{'D7'},{'R2'},,,,,,,,&,4.0,&
{'D1'},{'D7'},{'R2'},{'D5'},{'D2'},{'R3'},{'R1'},,,,&,1.0,&
{'D1'},{'D7'},{'R2'},{'D5'},{'R3'},{'R1'},{'D3'},{'D2'},{'D6'},,&,1.0,&
{'D1'},{'D7'},{'R2'},{'D5'},{'R3'},{'R1'},{'D2'},{'D3'},,,&,1.0,&
{'D1'},{'D7'},{'R2'},{'D5'},{'R3'},{'R1'},{'D2'},{'D3'},{'D4'},{'D6'},&,1.0,&
{'D1'},{'D7'},{'R2'},{'D3'},{'D2'},,,,,,&,1.0,&
{'D1'},{'D7'},{'R2'},{'D3'},{'D2'},{'D5'},{'D6'},,,,&,1.0,&
{'D1'},{'D7'},{'R2'},{'D3'},{'D2'},{'R3'},{'R1'},,,,&,1.0,&
{'D1'},{'D7'},{'R2'},{'D3'},{'R1'},{'R3'},{'D2'},{'D6'},,,&,1.0,&
{'D1'},{'D7'},{'R2'},{'D3'},{'D5'},,,,,,&,1.0,&
{'D1'},{'D7'},{'R2'},{'D3'},{'D5'},{'R3'},{'D2'},{'D6'},{'R1'},,&,1.0,&
{'D1'},{'D7'},{'R2'},{'D3'},{'R3'},,,,,,&,2.0,&
{'D1'},{'D7'},{'R2'},{'D3'},{'R3'},{'D2'},{'D6'},{'D5'},{'D4'},{'R1'},&,1.0,&
{'D1'},{'D7'},{'R2'},{'D3'},{'R3'},{'R1'},,,,,&,2.0,&
{'D1'},{'D7'},{'R2'},{'D3'},{'R3'},{'R1'},{'D2'},,,,&,1.0,&
{'D1'},{'D7'},{'R2'},{'R1'},,,,,,,&,2.0,&
{'D1'},{'D7'},{'R2'},{'R1'},{'D2'},,,,,,&,1.0,&
{'D1'},{'D7'},{'R2'},{'R1'},{'D2'},{'R3'},{'D3'},,,,&,1.0,&
{'D1'},{'D7'},{'R2'},{'R1'},{'R3'},{'D2'},,,,,&,1.0,&
{'D1'},{'D7'},{'R2'},{'R1'},{'R3'},{'D2'},{'D5'},,,,&,1.0,&
{'D1'},{'D7'},{'R2'},{'R3'},,,,,,,&,2.0,&
{'D1'},{'D7'},{'R2'},{'R3'},{'D6'},{'D2'},{'D5'},,,,&,1.0,&
{'D1'},{'D7'},{'R2'},{'R3'},{'D3'},{'D6'},{'D2'},,,,&,1.0,&
{'D1'},{'D7'},{'R2'},{'R3'},{'D3'},{'D2'},,,,,&,1.0,&
{'D1'},{'D7'},{'R2'},{'R3'},{'R1'},{'D6'},{'D2'},{'D3'},{'D4'},{'D5'},&,1.0,&
{'D1'},{'D7'},{'R2'},{'R3'},{'D5'},{'D2'},,,,,&,1.0,&
{'D1'},{'D7'},{'R2'},{'D6'},{'R3'},{'D2'},{'R1'},,,,&,1.0,&
{'D1'},{'D7'},{'R2'},{'D6'},{'R3'},{'R1'},,,,,&,1.0,&
{'D1'},{'D7'},{'R2'},{'D2'},,,,,,,&,2.0,&
{'D1'},{'D7'},{'R2'},{'D2'},{'D6'},{'R3'},,,,,&,1.0,&
{'D1'},{'D7'},{'R2'},{'D2'},{'D3'},{'D5'},,,,,&,1.0,&
{'D1'},{'D7'},{'R2'},{'D2'},{'D3'},{'R3'},{'D5'},{'D6'},{'D4'},,&,1.0,&
{'D1'},{'D7'},{'R2'},{'D2'},{'D3'},{'R3'},{'R1'},{'D5'},,,&,1.0,&
{'D1'},{'D7'},{'R2'},{'D2'},{'D3'},{'R1'},{'R3'},{'D6'},,,&,1.0,&
{'D1'},{'D7'},{'R2'},{'D2'},{'R3'},,,,,,&,2.0,&
{'D1'},{'D7'},{'R2'},{'D2'},{'R3'},{'D6'},{'R1'},{'D4'},,,&,1.0,&
{'D1'},{'D7'},{'R2'},{'D2'},{'R3'},{'R1'},{'D3'},,,,&,1.0,&
{'D1'},{'D7'},{'D2'},,,,,,,,&,14.0,&
{'D1'},{'D7'},{'D2'},{'R2'},,,,,,,&,2.0,&
{'D1'},{'D7'},{'D2'},{'R2'},{'D6'},{'D5'},{'D3'},{'D4'},,,&,1.0,&
{'D1'},{'D7'},{'D2'},{'R2'},{'D6'},{'D3'},,,,,&,1.0,&
{'D1'},{'D7'},{'D2'},{'R2'},{'D3'},{'D5'},{'D6'},{'R1'},{'D4'},{'R3'},&,1.0,&
{'D1'},{'D7'},{'D2'},{'R2'},{'D3'},{'D6'},{'R3'},,,,&,1.0,&
{'D1'},{'D7'},{'D2'},{'R2'},{'R1'},{'D5'},,,,,&,1.0,&
{'D1'},{'D7'},{'D2'},{'R2'},{'R3'},,,,,,&,2.0,&
{'D1'},{'D7'},{'D2'},{'R2'},{'R3'},{'D3'},{'D6'},,,,&,1.0,&
{'D1'},{'D7'},{'D2'},{'R2'},{'R3'},{'R1'},,,,,&,1.0,&
{'D1'},{'D7'},{'D2'},{'R2'},{'R3'},{'R1'},{'D6'},{'D5'},{'D3'},{'D4'},&,1.0,&
{'D1'},{'D7'},{'D2'},{'R2'},{'R3'},{'R1'},{'D3'},{'D5'},{'D6'},{'D4'},&,1.0,&
{'D1'},{'D7'},{'D2'},{'D5'},{'D6'},{'R2'},,,,,&,1.0,&
{'D1'},{'D7'},{'D2'},{'D5'},{'R1'},{'D3'},,,,,&,1.0,&
{'D1'},{'D7'},{'D2'},{'D5'},{'R3'},{'D3'},,,,,&,1.0,&
{'D1'},{'D7'},{'D2'},{'D5'},{'R2'},{'D3'},{'R3'},{'R1'},{'D6'},{'D4'},&,1.0,&
{'D1'},{'D7'},{'D2'},{'D3'},,,,,,,&,7.0,&
{'D1'},{'D7'},{'D2'},{'D3'},{'D6'},,,,,,&,1.0,&
{'D1'},{'D7'},{'D2'},{'D3'},{'D6'},{'D5'},,,,,&,1.0,&
{'D1'},{'D7'},{'D2'},{'D3'},{'D6'},{'R2'},{'R3'},{'D5'},{'D4'},,&,1.0,&
{'D1'},{'D7'},{'D2'},{'D3'},{'D6'},{'R3'},,,,,&,1.0,&
{'D1'},{'D7'},{'D2'},{'D3'},{'D5'},,,,,,&,2.0,&
{'D1'},{'D7'},{'D2'},{'D3'},{'D5'},{'R2'},{'R3'},{'R1'},,,&,1.0,&
{'D1'},{'D7'},{'D2'},{'D3'},{'D5'},{'R2'},{'D4'},,,,&,1.0,&
{'D1'},{'D7'},{'D2'},{'D3'},{'D5'},{'R3'},{'D6'},{'D4'},{'R2'},,&,1.0,&
{'D1'},{'D7'},{'D2'},{'D3'},{'R3'},,,,,,&,1.0,&
{'D1'},{'D7'},{'D2'},{'D3'},{'R3'},{'R2'},{'D6'},{'R1'},,,&,1.0,&
{'D1'},{'D7'},{'D2'},{'D3'},{'R3'},{'D6'},,,,,&,1.0,&
{'D1'},{'D7'},{'D2'},{'D3'},{'R2'},,,,,,&,2.0,&
{'D1'},{'D7'},{'D2'},{'D3'},{'R2'},{'D6'},,,,,&,1.0,&
{'D1'},{'D7'},{'D2'},{'D3'},{'R2'},{'R3'},,,,,&,1.0,&
{'D1'},{'D7'},{'D2'},{'D3'},{'R2'},{'R3'},{'D5'},{'D6'},{'R1'},,&,1.0,&
{'D1'},{'D7'},{'D2'},{'D3'},{'R2'},{'R3'},{'D5'},{'R1'},,,&,1.0,&
{'D1'},{'D7'},{'D2'},{'D4'},,,,,,,&,1.0,&
{'D1'},{'D7'},{'D2'},{'D4'},{'R2'},{'D3'},{'D5'},{'R3'},,,&,1.0,&
{'D1'},{'D7'},{'D2'},{'R1'},{'R3'},{'R2'},,,,,&,1.0,&
{'D1'},{'D7'},{'D2'},{'R1'},{'R2'},{'R3'},{'D3'},,,,&,1.0,&
{'D1'},{'D7'},{'D2'},{'R1'},{'R2'},{'R3'},{'D3'},{'D6'},,,&,1.0,&
{'D1'},{'D7'},{'D2'},{'R3'},,,,,,,&,3.0,&
{'D1'},{'D7'},{'D2'},{'R3'},{'D6'},{'D3'},{'R2'},{'R1'},{'D5'},{'D4'},&,1.0,&
{'D1'},{'D7'},{'D2'},{'R3'},{'D3'},,,,,,&,1.0,&
{'D1'},{'D7'},{'D2'},{'R3'},{'D3'},{'D6'},{'D5'},{'D4'},{'R1'},,&,1.0,&
{'D1'},{'D7'},{'D2'},{'R3'},{'D3'},{'D6'},{'D5'},{'R2'},{'R1'},,&,1.0,&
{'D1'},{'D7'},{'D2'},{'R3'},{'R1'},,,,,,&,1.0,&
{'D1'},{'D7'},{'D2'},{'R3'},{'D5'},{'D3'},,,,,&,1.0,&
{'D1'},{'D7'},{'D2'},{'R3'},{'R2'},,,,,,&,3.0,&
{'D1'},{'D7'},{'D2'},{'R3'},{'R2'},{'D5'},{'D3'},,,,&,1.0,&
{'D1'},{'D7'},{'D2'},{'R3'},{'R2'},{'D3'},,,,,&,1.0,&
{'D1'},{'D7'},{'D2'},{'D6'},,,,,,,&,1.0,&
{'D1'},{'D7'},{'D2'},{'D6'},{'D3'},,,,,,&,2.0,&
{'D1'},{'D7'},{'D2'},{'D6'},{'R2'},{'R3'},,,,,&,1.0,&
{'D1'},{'D7'},{'D2'},{'D6'},{'R2'},{'R3'},{'R1'},{'D3'},{'D5'},{'D4'},&,1.0,&
{'D1'},{'D7'},{'D2'},{'D6'},{'R2'},{'R3'},{'D3'},,,,&,1.0,&
{'D1'},{'D7'},{'D4'},{'R2'},{'R3'},,,,,,&,1.0,&
{'D1'},{'D7'},{'D4'},{'D3'},,,,,,,&,1.0,&
{'D1'},{'D7'},{'D4'},{'D3'},{'D2'},{'R2'},{'R3'},{'R1'},,,&,1.0,&
{'D1'},{'D7'},{'D4'},{'D3'},{'R3'},,,,,,&,1.0,&
{'D1'},{'D7'},{'D4'},{'R3'},{'R1'},,,,,,&,1.0,&
{'D5'},,,,,,,,,,&,143.0,&
{'D5'},{'D1'},,,,,,,,,&,26.0,&
{'D5'},{'D1'},{'R1'},,,,,,,,&,3.0,&
{'D5'},{'D1'},{'R1'},{'R2'},{'D3'},{'R3'},,,,,&,1.0,&
{'D5'},{'D1'},{'R1'},{'D3'},,,,,,,&,1.0,&
{'D5'},{'D1'},{'R1'},{'D2'},{'D3'},{'D6'},{'R3'},{'R2'},,,&,1.0,&
{'D5'},{'D1'},{'R1'},{'D2'},{'R3'},{'R2'},{'D3'},{'D4'},{'D6'},{'D7'},&,1.0,&
{'D5'},{'D1'},{'D6'},,,,,,,,&,1.0,&
{'D5'},{'D1'},{'D6'},{'R2'},,,,,,,&,2.0,&
{'D5'},{'D1'},{'D6'},{'R2'},{'D2'},{'D3'},,,,,&,1.0,&
{'D5'},{'D1'},{'D6'},{'R2'},{'D2'},{'D3'},{'D7'},{'D4'},{'R3'},{'R1'},&,1.0,&
{'D5'},{'D1'},{'D6'},{'R2'},{'D2'},{'D3'},{'D4'},{'R3'},{'D7'},,&,1.0,&
{'D5'},{'D1'},{'D6'},{'R2'},{'D3'},{'D7'},{'R1'},{'D2'},{'R3'},,&,1.0,&
{'D5'},{'D1'},{'D6'},{'R2'},{'R3'},{'D2'},{'R1'},{'D3'},,,&,1.0,&
{'D5'},{'D1'},{'D6'},{'R2'},{'R3'},{'R1'},{'D2'},{'D3'},{'D7'},,&,1.0,&
{'D5'},{'D1'},{'D6'},{'D3'},{'R2'},,,,,,&,1.0,&
{'D5'},{'D1'},{'D6'},{'R1'},{'R3'},,,,,,&,1.0,&
{'D5'},{'D1'},{'D6'},{'R3'},,,,,,,&,1.0,&
{'D5'},{'D1'},{'D6'},{'D2'},{'D3'},,,,,,&,1.0,&
{'D5'},{'D1'},{'D6'},{'D2'},{'D3'},{'D7'},,,,,&,1.0,&
{'D5'},{'D1'},{'D6'},{'D2'},{'D3'},{'R3'},{'D7'},{'R2'},{'D4'},{'R1'},&,1.0,&
{'D5'},{'D1'},{'D6'},{'D2'},{'R2'},{'D3'},{'D7'},,,,&,1.0,&
{'D5'},{'D1'},{'D3'},,,,,,,,&,7.0,&
{'D5'},{'D1'},{'D3'},{'R2'},,,,,,,&,3.0,&
{'D5'},{'D1'},{'D3'},{'R2'},{'D2'},,,,,,&,1.0,&
{'D5'},{'D1'},{'D3'},{'R2'},{'D2'},{'R1'},{'R3'},,,,&,1.0,&
{'D5'},{'D1'},{'D3'},{'R2'},{'D6'},,,,,,&,1.0,&
{'D5'},{'D1'},{'D3'},{'R2'},{'R3'},,,,,,&,3.0,&
{'D5'},{'D1'},{'D3'},{'R2'},{'D4'},,,,,,&,1.0,&
{'D5'},{'D1'},{'D3'},{'D4'},{'D2'},{'R3'},,,,,&,1.0,&
{'D5'},{'D1'},{'D3'},{'R1'},{'D2'},,,,,,&,1.0,&
{'D5'},{'D1'},{'D3'},{'R1'},{'D2'},{'R2'},{'R3'},,,,&,1.0,&
{'D5'},{'D1'},{'D3'},{'R3'},,,,,,,&,2.0,&
{'D5'},{'D1'},{'D3'},{'R3'},{'D6'},{'D2'},,,,,&,1.0,&
{'D5'},{'D1'},{'D3'},{'R3'},{'D7'},{'R2'},,,,,&,1.0,&
{'D5'},{'D1'},{'D3'},{'R3'},{'D7'},{'D2'},{'D6'},{'R2'},{'R1'},,&,1.0,&
{'D5'},{'D1'},{'D3'},{'R3'},{'R2'},,,,,,&,3.0,&
{'D5'},{'D1'},{'D3'},{'R3'},{'R2'},{'D2'},{'R1'},{'D6'},{'D7'},,&,1.0,&
{'D5'},{'D1'},{'D3'},{'D6'},,,,,,,&,1.0,&
{'D5'},{'D1'},{'D3'},{'D2'},,,,,,,&,2.0,&
{'D5'},{'D1'},{'D3'},{'D2'},{'D6'},,,,,,&,1.0,&
{'D5'},{'D1'},{'D3'},{'D2'},{'D6'},{'D7'},{'R3'},{'D4'},{'R1'},{'R2'},&,1.0,&
{'D5'},{'D1'},{'D3'},{'D2'},{'D6'},{'R2'},{'D7'},,,,&,1.0,&
{'D5'},{'D1'},{'D3'},{'D2'},{'D6'},{'D4'},{'R2'},{'D7'},{'R1'},{'R3'},&,1.0,&
{'D5'},{'D1'},{'D3'},{'D2'},{'D7'},,,,,,&,1.0,&
{'D5'},{'D1'},{'D3'},{'D2'},{'D7'},{'D6'},,,,,&,1.0,&
{'D5'},{'D1'},{'D3'},{'D2'},{'D7'},{'D6'},{'R2'},{'D4'},{'R3'},,&,1.0,&
{'D5'},{'D1'},{'D3'},{'D2'},{'D7'},{'D6'},{'D4'},{'R2'},,,&,1.0,&
{'D5'},{'D1'},{'D3'},{'D2'},{'D7'},{'R3'},{'D6'},{'R2'},{'D4'},{'R1'},&,1.0,&
{'D5'},{'D1'},{'D3'},{'D2'},{'R3'},{'R2'},,,,,&,1.0,&
{'D5'},{'D1'},{'D3'},{'D2'},{'R3'},{'D6'},{'R2'},{'D7'},{'R1'},{'D4'},&,1.0,&
{'D5'},{'D1'},{'D3'},{'D2'},{'R3'},{'R1'},{'R2'},{'D6'},{'D7'},{'D4'},&,1.0,&
{'D5'},{'D1'},{'D3'},{'D2'},{'R3'},{'D4'},{'D7'},{'D6'},{'R2'},{'R1'},&,1.0,&
{'D5'},{'D1'},{'D3'},{'D2'},{'R3'},{'D4'},{'D6'},{'D7'},,,&,1.0,&
{'D5'},{'D1'},{'D3'},{'D2'},{'R2'},{'D7'},,,,,&,1.0,&
{'D5'},{'D1'},{'D3'},{'D2'},{'R2'},{'D7'},{'R1'},{'D6'},{'R3'},{'D4'},&,1.0,&
{'D5'},{'D1'},{'D3'},{'D2'},{'R2'},{'R1'},{'D6'},{'R3'},{'D7'},,&,1.0,&
{'D5'},{'D1'},{'D3'},{'D2'},{'R2'},{'R1'},{'D4'},,,,&,1.0,&
{'D5'},{'D1'},{'D3'},{'D2'},{'D4'},{'R2'},{'D6'},{'R3'},,,&,1.0,&
{'D5'},{'D1'},{'D3'},{'D2'},{'D4'},{'D6'},{'D7'},{'R3'},{'R1'},{'R2'},&,1.0,&
{'D5'},{'D1'},{'D7'},,,,,,,,&,3.0,&
{'D5'},{'D1'},{'D7'},{'D3'},{'D2'},{'R1'},,,,,&,1.0,&
{'D5'},{'D1'},{'D7'},{'D3'},{'D2'},{'R1'},{'R3'},{'D6'},{'R2'},,&,1.0,&
{'D5'},{'D1'},{'D7'},{'D3'},{'D2'},{'D4'},{'D6'},{'R3'},{'R2'},{'R1'},&,1.0,&
{'D5'},{'D1'},{'D7'},{'D3'},{'R2'},{'D2'},{'D6'},{'D4'},{'R3'},{'R1'},&,1.0,&
{'D5'},{'D1'},{'D7'},{'D3'},{'R2'},{'R3'},,,,,&,1.0,&
{'D5'},{'D1'},{'D7'},{'R3'},{'D3'},,,,,,&,1.0,&
{'D5'},{'D1'},{'D7'},{'R3'},{'R1'},{'D3'},{'D4'},{'D2'},,,&,1.0,&
{'D5'},{'D1'},{'D7'},{'R3'},{'R2'},{'R1'},,,,,&,1.0,&
{'D5'},{'D1'},{'D7'},{'D2'},{'D3'},{'D6'},{'R1'},,,,&,1.0,&
{'D5'},{'D1'},{'R3'},,,,,,,,&,10.0,&
{'D5'},{'D1'},{'R3'},{'R2'},,,,,,,&,2.0,&
{'D5'},{'D1'},{'R3'},{'R2'},{'D2'},,,,,,&,1.0,&
{'D5'},{'D1'},{'R3'},{'R2'},{'D2'},{'R1'},{'D7'},,,,&,1.0,&
{'D5'},{'D1'},{'R3'},{'R2'},{'D2'},{'R1'},{'D3'},,,,&,1.0,&
{'D5'},{'D1'},{'R3'},{'R2'},{'D2'},{'R1'},{'D3'},{'D7'},,,&,1.0,&
{'D5'},{'D1'},{'R3'},{'R2'},{'D3'},,,,,,&,1.0,&
{'D5'},{'D1'},{'R3'},{'R2'},{'R1'},,,,,,&,1.0,&
{'D5'},{'D1'},{'R3'},{'R2'},{'R1'},{'D2'},,,,,&,1.0,&
{'D5'},{'D1'},{'R3'},{'D3'},,,,,,,&,3.0,&
{'D5'},{'D1'},{'R3'},{'D3'},{'D2'},{'R2'},,,,,&,1.0,&
{'D5'},{'D1'},{'R3'},{'D3'},{'D2'},{'D6'},,,,,&,1.0,&
{'D5'},{'D1'},{'R3'},{'D3'},{'D2'},{'D4'},{'R1'},{'D6'},{'R2'},{'D7'},&,1.0,&
{'D5'},{'D1'},{'R3'},{'D3'},{'R2'},,,,,,&,1.0,&
{'D5'},{'D1'},{'R3'},{'D3'},{'R2'},{'D6'},{'D2'},,,,&,1.0,&
{'D5'},{'D1'},{'R3'},{'D4'},{'R2'},,,,,,&,1.0,&
{'D5'},{'D1'},{'R3'},{'D7'},{'D2'},{'R1'},{'R2'},{'D3'},,,&,1.0,&
{'D5'},{'D1'},{'R3'},{'D7'},{'D3'},{'D2'},{'D6'},{'D4'},{'R2'},,&,1.0,&
{'D5'},{'D1'},{'R3'},{'R1'},{'R2'},,,,,,&,1.0,&
{'D5'},{'D1'},{'R3'},{'D6'},{'R2'},,,,,,&,1.0,&
{'D5'},{'D1'},{'R3'},{'D6'},{'R2'},{'D2'},{'D3'},,,,&,1.0,&
{'D5'},{'D1'},{'R3'},{'D2'},,,,,,,&,3.0,&
{'D5'},{'D1'},{'R3'},{'D2'},{'D7'},{'R2'},,,,,&,1.0,&
{'D5'},{'D1'},{'R3'},{'D2'},{'D3'},,,,,,&,1.0,&
{'D5'},{'D1'},{'R3'},{'D2'},{'D3'},{'R2'},{'R1'},{'D6'},{'D7'},{'D4'},&,1.0,&
{'D5'},{'D1'},{'R3'},{'D2'},{'D3'},{'D6'},{'D7'},{'R2'},{'R1'},,&,1.0,&
{'D5'},{'D1'},{'R3'},{'D2'},{'D3'},{'R1'},,,,,&,1.0,&
{'D5'},{'D1'},{'R3'},{'D2'},{'D3'},{'D4'},{'R2'},,,,&,1.0,&
{'D5'},{'D1'},{'R3'},{'D2'},{'R2'},,,,,,&,1.0,&
{'D5'},{'D1'},{'R3'},{'D2'},{'R2'},{'D3'},,,,,&,1.0,&
{'D5'},{'D1'},{'R3'},{'D2'},{'R2'},{'D3'},{'R1'},{'D7'},,,&,1.0,&
{'D5'},{'D1'},{'R3'},{'D2'},{'R2'},{'R1'},{'D3'},{'D6'},,,&,1.0,&
{'D5'},{'D1'},{'R2'},,,,,,,,&,17.0,&
{'D5'},{'D1'},{'R2'},{'D3'},,,,,,,&,2.0,&
{'D5'},{'D1'},{'R2'},{'D3'},{'D2'},,,,,,&,2.0,&
{'D5'},{'D1'},{'R2'},{'D3'},{'D2'},{'D7'},{'D6'},{'D4'},,,&,1.0,&
{'D5'},{'D1'},{'R2'},{'D3'},{'D7'},{'D2'},{'D6'},{'D4'},{'R3'},,&,1.0,&
{'D5'},{'D1'},{'R2'},{'D3'},{'R1'},,,,,,&,1.0,&
{'D5'},{'D1'},{'R2'},{'D3'},{'R3'},{'D2'},{'D4'},{'R1'},,,&,1.0,&
{'D5'},{'D1'},{'R2'},{'D3'},{'R3'},{'R1'},,,,,&,1.0,&
{'D5'},{'D1'},{'R2'},{'D3'},{'R3'},{'R1'},{'D2'},{'D7'},,,&,1.0,&
{'D5'},{'D1'},{'R2'},{'D3'},{'R3'},{'R1'},{'D2'},{'D7'},{'D6'},{'D4'},&,1.0,&
{'D5'},{'D1'},{'R2'},{'R1'},,,,,,,&,1.0,&
{'D5'},{'D1'},{'R2'},{'R1'},{'D3'},{'R3'},{'D2'},,,,&,1.0,&
{'D5'},{'D1'},{'R2'},{'R3'},,,,,,,&,1.0,&
{'D5'},{'D1'},{'R2'},{'R3'},{'D2'},,,,,,&,2.0,&
{'D5'},{'D1'},{'R2'},{'R3'},{'D2'},{'D6'},{'R1'},{'D7'},{'D3'},{'D4'},&,1.0,&
{'D5'},{'D1'},{'R2'},{'R3'},{'D2'},{'D6'},{'D3'},,,,&,1.0,&
{'D5'},{'D1'},{'R2'},{'R3'},{'D2'},{'R1'},,,,,&,2.0,&
{'D5'},{'D1'},{'R2'},{'R3'},{'D2'},{'R1'},{'D6'},,,,&,1.0,&
{'D5'},{'D1'},{'R2'},{'R3'},{'D6'},{'D2'},{'R1'},,,,&,1.0,&
{'D5'},{'D1'},{'R2'},{'R3'},{'D3'},{'D2'},{'D6'},{'D7'},{'D4'},,&,1.0,&
{'D5'},{'D1'},{'R2'},{'R3'},{'R1'},,,,,,&,1.0,&
{'D5'},{'D1'},{'R2'},{'R3'},{'R1'},{'D6'},,,,,&,1.0,&
{'D5'},{'D1'},{'R2'},{'R3'},{'R1'},{'D2'},{'D7'},{'D3'},{'D4'},{'D6'},&,1.0,&
{'D5'},{'D1'},{'R2'},{'R3'},{'R1'},{'D3'},,,,,&,2.0,&
{'D5'},{'D1'},{'R2'},{'D6'},,,,,,,&,1.0,&
{'D5'},{'D1'},{'R2'},{'D6'},{'R3'},,,,,,&,1.0,&
{'D5'},{'D1'},{'R2'},{'D6'},{'R3'},{'D2'},{'R1'},,,,&,1.0,&
{'D5'},{'D1'},{'R2'},{'D2'},,,,,,,&,1.0,&
{'D5'},{'D1'},{'R2'},{'D2'},{'D3'},{'D7'},,,,,&,1.0,&
{'D5'},{'D1'},{'R2'},{'D2'},{'D3'},{'D7'},{'D6'},{'D4'},,,&,1.0,&
{'D5'},{'D1'},{'R2'},{'D2'},{'R1'},{'D4'},,,,,&,1.0,&
{'D5'},{'D1'},{'R2'},{'D2'},{'R3'},{'D3'},{'D7'},,,,&,1.0,&
{'D5'},{'D1'},{'R2'},{'D2'},{'R3'},{'D3'},{'R1'},{'D7'},,,&,1.0,&
{'D5'},{'D1'},{'R2'},{'D2'},{'R3'},{'D3'},{'R1'},{'D7'},{'D6'},{'D4'},&,2.0,&
{'D5'},{'D1'},{'R2'},{'D2'},{'R3'},{'R1'},{'D3'},,,,&,1.0,&
{'D5'},{'D1'},{'D2'},,,,,,,,&,15.0,&
{'D5'},{'D1'},{'D2'},{'R2'},,,,,,,&,3.0,&
{'D5'},{'D1'},{'D2'},{'R2'},{'D7'},,,,,,&,1.0,&
{'D5'},{'D1'},{'D2'},{'R2'},{'D3'},,,,,,&,1.0,&
{'D5'},{'D1'},{'D2'},{'R2'},{'D3'},{'D6'},{'D7'},{'R1'},,,&,1.0,&
{'D5'},{'D1'},{'D2'},{'R2'},{'D3'},{'D6'},{'D4'},{'D7'},{'R3'},,&,1.0,&
{'D5'},{'D1'},{'D2'},{'R2'},{'D3'},{'R3'},{'R1'},,,,&,1.0,&
{'D5'},{'D1'},{'D2'},{'R2'},{'D3'},{'D4'},,,,,&,1.0,&
{'D5'},{'D1'},{'D2'},{'R2'},{'R1'},{'D3'},{'D6'},{'D4'},{'R3'},{'D7'},&,1.0,&
{'D5'},{'D1'},{'D2'},{'R2'},{'R3'},{'D3'},{'R1'},{'D4'},,,&,1.0,&
{'D5'},{'D1'},{'D2'},{'R2'},{'R3'},{'R1'},,,,,&,1.0,&
{'D5'},{'D1'},{'D2'},{'R2'},{'R3'},{'R1'},{'D3'},{'D6'},,,&,1.0,&
{'D5'},{'D1'},{'D2'},{'R2'},{'D4'},{'R3'},{'D6'},{'D3'},{'D7'},{'R1'},&,1.0,&
{'D5'},{'D1'},{'D2'},{'D3'},,,,,,,&,3.0,&
{'D5'},{'D1'},{'D2'},{'D3'},{'D6'},,,,,,&,4.0,&
{'D5'},{'D1'},{'D2'},{'D3'},{'D6'},{'D7'},{'R2'},{'R3'},,,&,1.0,&
{'D5'},{'D1'},{'D2'},{'D3'},{'D6'},{'R3'},,,,,&,1.0,&
{'D5'},{'D1'},{'D2'},{'D3'},{'D6'},{'R3'},{'R2'},{'D7'},{'R1'},,&,1.0,&
{'D5'},{'D1'},{'D2'},{'D3'},{'D6'},{'R3'},{'R2'},{'D7'},{'D4'},,&,1.0,&
{'D5'},{'D1'},{'D2'},{'D3'},{'D7'},,,,,,&,1.0,&
{'D5'},{'D1'},{'D2'},{'D3'},{'D7'},{'D6'},{'R1'},{'D4'},{'R3'},,&,1.0,&
{'D5'},{'D1'},{'D2'},{'D3'},{'D7'},{'D6'},{'D4'},{'R2'},,,&,1.0,&
{'D5'},{'D1'},{'D2'},{'D3'},{'D7'},{'D6'},{'D4'},{'R3'},,,&,1.0,&
{'D5'},{'D1'},{'D2'},{'D3'},{'D7'},{'D6'},{'D4'},{'R1'},,,&,1.0,&
{'D5'},{'D1'},{'D2'},{'D3'},{'D7'},{'R3'},{'D6'},{'D4'},{'R2'},{'R1'},&,1.0,&
{'D5'},{'D1'},{'D2'},{'D3'},{'R1'},{'D6'},{'R2'},{'R3'},{'D4'},,&,1.0,&
{'D5'},{'D1'},{'D2'},{'D3'},{'R1'},{'R3'},{'D7'},{'D6'},{'D4'},,&,1.0,&
{'D5'},{'D1'},{'D2'},{'D3'},{'R3'},{'D7'},,,,,&,1.0,&
{'D5'},{'D1'},{'D2'},{'D3'},{'R3'},{'R2'},,,,,&,1.0,&
{'D5'},{'D1'},{'D2'},{'D3'},{'R3'},{'R2'},{'D6'},,,,&,1.0,&
{'D5'},{'D1'},{'D2'},{'D3'},{'R3'},{'R2'},{'D6'},{'D7'},{'D4'},{'R1'},&,1.0,&
{'D5'},{'D1'},{'D2'},{'D3'},{'R3'},{'R2'},{'D6'},{'R1'},{'D7'},{'D4'},&,1.0,&
{'D5'},{'D1'},{'D2'},{'D3'},{'R3'},{'R2'},{'D4'},{'R1'},,,&,1.0,&
{'D5'},{'D1'},{'D2'},{'D3'},{'R3'},{'D6'},{'D7'},,,,&,1.0,&
{'D5'},{'D1'},{'D2'},{'D3'},{'R3'},{'R1'},,,,,&,1.0,&
{'D5'},{'D1'},{'D2'},{'D3'},{'R2'},,,,,,&,2.0,&
{'D5'},{'D1'},{'D2'},{'D3'},{'R2'},{'D6'},{'D7'},{'D4'},,,&,1.0,&
{'D5'},{'D1'},{'D2'},{'D3'},{'R2'},{'D6'},{'D7'},{'D4'},{'R3'},,&,1.0,&
{'D5'},{'D1'},{'D2'},{'D3'},{'R2'},{'D6'},{'R1'},{'R3'},{'D4'},{'D7'},&,1.0,&
{'D5'},{'D1'},{'D2'},{'D3'},{'R2'},{'R3'},{'D6'},,,,&,1.0,&
{'D5'},{'D1'},{'D2'},{'D3'},{'D4'},{'D7'},{'R1'},,,,&,1.0,&
{'D5'},{'D1'},{'D2'},{'D4'},,,,,,,&,1.0,&
{'D5'},{'D1'},{'D2'},{'D7'},{'D3'},{'D6'},,,,,&,1.0,&
{'D5'},{'D1'},{'D2'},{'D7'},{'D3'},{'D6'},{'R2'},{'R3'},{'R1'},{'D4'},&,1.0,&
{'D5'},{'D1'},{'D2'},{'D7'},{'R2'},,,,,,&,1.0,&
{'D5'},{'D1'},{'D2'},{'R1'},,,,,,,&,2.0,&
{'D5'},{'D1'},{'D2'},{'R1'},{'D7'},{'R3'},{'R2'},{'D3'},{'D6'},{'D4'},&,1.0,&
{'D5'},{'D1'},{'D2'},{'R1'},{'R2'},{'D3'},,,,,&,1.0,&
{'D5'},{'D1'},{'D2'},{'R3'},,,,,,,&,3.0,&
{'D5'},{'D1'},{'D2'},{'R3'},{'D6'},{'R2'},{'D3'},,,,&,1.0,&
{'D5'},{'D1'},{'D2'},{'R3'},{'D3'},{'D6'},,,,,&,1.0,&
{'D5'},{'D1'},{'D2'},{'R3'},{'D3'},{'D6'},{'D7'},,,,&,1.0,&
{'D5'},{'D1'},{'D2'},{'R3'},{'D3'},{'D6'},{'R2'},{'R1'},,,&,1.0,&
{'D5'},{'D1'},{'D2'},{'R3'},{'R1'},{'R2'},,,,,&,1.0,&
{'D5'},{'D1'},{'D2'},{'R3'},{'R2'},,,,,,&,1.0,&
{'D5'},{'D1'},{'D2'},{'R3'},{'R2'},{'D3'},{'D7'},{'R1'},,,&,1.0,&
{'D5'},{'D1'},{'D2'},{'R3'},{'R2'},{'D3'},{'D6'},{'D7'},{'D4'},{'R1'},&,1.0,&
{'D5'},{'D1'},{'D2'},{'D6'},,,,,,,&,2.0,&
{'D5'},{'D1'},{'D2'},{'D6'},{'D3'},{'R2'},{'R1'},{'D4'},{'D7'},{'R3'},&,1.0,&
{'D5'},{'D1'},{'D2'},{'D6'},{'D3'},{'R3'},{'R2'},{'D7'},{'R1'},{'D4'},&,1.0,&
{'D5'},{'D1'},{'D2'},{'D6'},{'R1'},{'D3'},,,,,&,1.0,&
{'D5'},{'D1'},{'D2'},{'D6'},{'R2'},,,,,,&,1.0,&
{'D5'},{'D1'},{'D2'},{'D6'},{'R2'},{'D7'},{'R3'},{'D3'},,,&,1.0,&
{'D5'},{'D1'},{'D2'},{'D6'},{'R2'},{'D3'},,,,,&,1.0,&
{'D5'},{'D1'},{'D2'},{'D6'},{'R2'},{'D3'},{'R3'},{'R1'},{'D7'},,&,1.0,&
{'D5'},{'D1'},{'D2'},{'D6'},{'D4'},{'D3'},,,,,&,1.0,&
{'D5'},{'D1'},{'D4'},{'R2'},{'R1'},{'R3'},,,,,&,1.0,&
{'D5'},{'D1'},{'D4'},{'D3'},,,,,,,&,1.0,&
{'D5'},{'D1'},{'D4'},{'D2'},{'R3'},{'R2'},{'D3'},{'R1'},{'D7'},{'D6'},&,1.0,&
{'D5'},{'R3'},,,,,,,,,&,33.0,&
{'D5'},{'R3'},{'R1'},,,,,,,,&,3.0,&
{'D5'},{'R3'},{'R1'},{'R2'},,,,,,,&,2.0,&
{'D5'},{'R3'},{'R1'},{'R2'},{'D3'},{'D2'},,,,,&,1.0,&
{'D5'},{'R3'},{'R1'},{'D1'},{'R2'},{'D3'},{'D2'},{'D6'},{'D7'},,&,1.0,&
{'D5'},{'R3'},{'R1'},{'D2'},{'D3'},{'D1'},{'D6'},{'D7'},{'D4'},,&,1.0,&
{'D5'},{'R3'},{'R1'},{'D2'},{'R2'},,,,,,&,1.0,&
{'D5'},{'R3'},{'D6'},,,,,,,,&,1.0,&
{'D5'},{'R3'},{'D6'},{'R2'},{'R1'},,,,,,&,1.0,&
{'D5'},{'R3'},{'D6'},{'R2'},{'R1'},{'D1'},,,,,&,1.0,&
{'D5'},{'R3'},{'D6'},{'R2'},{'R1'},{'D1'},{'D2'},{'D3'},{'D7'},,&,1.0,&
{'D5'},{'R3'},{'D6'},{'D1'},{'R2'},{'D2'},{'D3'},{'R1'},{'D7'},{'D4'},&,1.0,&
{'D5'},{'R3'},{'D6'},{'D1'},{'R2'},{'D3'},{'D2'},{'D7'},{'D4'},,&,1.0,&
{'D5'},{'R3'},{'D6'},{'D3'},{'D2'},{'R2'},{'R1'},{'D1'},{'D7'},{'D4'},&,1.0,&
{'D5'},{'R3'},{'D6'},{'D3'},{'D1'},,,,,,&,1.0,&
{'D5'},{'R3'},{'D6'},{'R1'},{'D3'},{'R2'},{'D2'},,,,&,1.0,&
{'D5'},{'R3'},{'D6'},{'D2'},{'R2'},{'D1'},{'R1'},{'D3'},{'D7'},,&,1.0,&
{'D5'},{'R3'},{'D6'},{'D2'},{'R2'},{'D1'},{'D3'},{'R1'},,,&,1.0,&
{'D5'},{'R3'},{'D6'},{'D2'},{'R2'},{'R1'},,,,,&,1.0,&
{'D5'},{'R3'},{'D3'},,,,,,,,&,11.0,&
{'D5'},{'R3'},{'D3'},{'R2'},,,,,,,&,2.0,&
{'D5'},{'R3'},{'D3'},{'R2'},{'D2'},,,,,,&,3.0,&
{'D5'},{'R3'},{'D3'},{'R2'},{'D2'},{'D7'},{'R1'},{'D6'},{'D1'},{'D4'},&,1.0,&
{'D5'},{'R3'},{'D3'},{'R2'},{'D2'},{'R1'},{'D1'},{'D6'},,,&,1.0,&
{'D5'},{'R3'},{'D3'},{'R2'},{'D7'},{'R1'},{'D1'},{'D2'},,,&,1.0,&
{'D5'},{'R3'},{'D3'},{'R2'},{'D7'},{'R1'},{'D2'},,,,&,1.0,&
{'D5'},{'R3'},{'D3'},{'R2'},{'R1'},{'D1'},{'D2'},,,,&,1.0,&
{'D5'},{'R3'},{'D3'},{'R2'},{'R1'},{'D7'},,,,,&,1.0,&
{'D5'},{'R3'},{'D3'},{'R2'},{'R1'},{'D6'},{'D1'},,,,&,1.0,&
{'D5'},{'R3'},{'D3'},{'R2'},{'R1'},{'D2'},{'D1'},{'D4'},,,&,1.0,&
{'D5'},{'R3'},{'D3'},{'R2'},{'D1'},,,,,,&,1.0,&
{'D5'},{'R3'},{'D3'},{'R2'},{'D1'},{'D2'},{'R1'},{'D6'},{'D7'},{'D4'},&,1.0,&
{'D5'},{'R3'},{'D3'},{'R2'},{'D1'},{'R1'},{'D2'},,,,&,1.0,&
{'D5'},{'R3'},{'D3'},{'R2'},{'D1'},{'R1'},{'D2'},{'D6'},,,&,1.0,&
{'D5'},{'R3'},{'D3'},{'D1'},,,,,,,&,2.0,&
{'D5'},{'R3'},{'D3'},{'D1'},{'R1'},{'D2'},,,,,&,1.0,&
{'D5'},{'R3'},{'D3'},{'D1'},{'R2'},{'D7'},,,,,&,1.0,&
{'D5'},{'R3'},{'D3'},{'D1'},{'R2'},{'D2'},,,,,&,1.0,&
{'D5'},{'R3'},{'D3'},{'D1'},{'R2'},{'D2'},{'D4'},{'D6'},,,&,1.0,&
{'D5'},{'R3'},{'D3'},{'D1'},{'R2'},{'R1'},{'D2'},,,,&,1.0,&
{'D5'},{'R3'},{'D3'},{'D1'},{'R2'},{'R1'},{'D2'},{'D4'},{'D6'},,&,1.0,&
{'D5'},{'R3'},{'D3'},{'D4'},{'D6'},{'R2'},{'D2'},{'R1'},{'D1'},,&,1.0,&
{'D5'},{'R3'},{'D3'},{'D7'},{'R1'},{'R2'},,,,,&,1.0,&
{'D5'},{'R3'},{'D3'},{'R1'},{'R2'},,,,,,&,1.0,&
{'D5'},{'R3'},{'D3'},{'D6'},{'R2'},{'R1'},,,,,&,1.0,&
{'D5'},{'R3'},{'D3'},{'D2'},{'D1'},,,,,,&,1.0,&
{'D5'},{'R3'},{'D3'},{'D2'},{'D1'},{'D7'},,,,,&,1.0,&
{'D5'},{'R3'},{'D3'},{'D2'},{'D1'},{'D7'},{'R2'},{'D4'},{'R1'},,&,1.0,&
{'D5'},{'R3'},{'D3'},{'D2'},{'R2'},{'R1'},{'D1'},{'D7'},,,&,1.0,&
{'D5'},{'R3'},{'D3'},{'D2'},{'R2'},{'D4'},{'R1'},{'D7'},{'D1'},,&,1.0,&
{'D5'},{'R3'},{'D1'},,,,,,,,&,12.0,&
{'D5'},{'R3'},{'D1'},{'R2'},{'D2'},,,,,,&,1.0,&
{'D5'},{'R3'},{'D1'},{'R2'},{'D2'},{'D3'},,,,,&,1.0,&
{'D5'},{'R3'},{'D1'},{'R2'},{'D3'},{'R1'},,,,,&,1.0,&
{'D5'},{'R3'},{'D1'},{'R2'},{'R1'},,,,,,&,1.0,&
{'D5'},{'R3'},{'D1'},{'R2'},{'R1'},{'D7'},{'D3'},,,,&,1.0,&
{'D5'},{'R3'},{'D1'},{'R2'},{'R1'},{'D6'},,,,,&,1.0,&
{'D5'},{'R3'},{'D1'},{'R2'},{'R1'},{'D2'},,,,,&,1.0,&
{'D5'},{'R3'},{'D1'},{'R2'},{'R1'},{'D2'},{'D3'},{'D6'},{'D7'},,&,1.0,&
{'D5'},{'R3'},{'D1'},{'R2'},{'R1'},{'D2'},{'D3'},{'D7'},{'D4'},{'D6'},&,1.0,&
{'D5'},{'R3'},{'D1'},{'D3'},,,,,,,&,1.0,&
{'D5'},{'R3'},{'D1'},{'D3'},{'D2'},,,,,,&,2.0,&
{'D5'},{'R3'},{'D1'},{'D3'},{'R2'},{'D2'},,,,,&,1.0,&
{'D5'},{'R3'},{'D1'},{'D3'},{'R2'},{'D2'},{'D7'},{'D4'},{'D6'},,&,1.0,&
{'D5'},{'R3'},{'D1'},{'D3'},{'R2'},{'D2'},{'R1'},{'D6'},{'D7'},,&,1.0,&
{'D5'},{'R3'},{'D1'},{'D3'},{'R2'},{'R1'},{'D2'},{'D6'},,,&,1.0,&
{'D5'},{'R3'},{'D1'},{'D3'},{'R2'},{'R1'},{'D2'},{'D4'},,,&,1.0,&
{'D5'},{'R3'},{'D1'},{'D4'},{'R1'},,,,,,&,1.0,&
{'D5'},{'R3'},{'D1'},{'D7'},,,,,,,&,1.0,&
{'D5'},{'R3'},{'D1'},{'D7'},{'D2'},{'D3'},{'R2'},,,,&,1.0,&
{'D5'},{'R3'},{'D1'},{'R1'},,,,,,,&,1.0,&
{'D5'},{'R3'},{'D1'},{'R1'},{'R2'},{'D2'},{'D6'},,,,&,1.0,&
{'D5'},{'R3'},{'D1'},{'R1'},{'R2'},{'D3'},{'D2'},,,,&,1.0,&
{'D5'},{'R3'},{'D1'},{'D6'},{'D2'},{'D7'},{'D3'},{'D4'},,,&,1.0,&
{'D5'},{'R3'},{'D1'},{'D6'},{'R2'},{'R1'},{'D3'},{'D2'},{'D7'},,&,1.0,&
{'D5'},{'R3'},{'D1'},{'D6'},{'R2'},{'R1'},{'D2'},,,,&,1.0,&
{'D5'},{'R3'},{'D1'},{'D2'},,,,,,,&,2.0,&
{'D5'},{'R3'},{'D1'},{'D2'},{'D7'},{'D3'},{'D6'},,,,&,1.0,&
{'D5'},{'R3'},{'D1'},{'D2'},{'D3'},,,,,,&,1.0,&
{'D5'},{'R3'},{'D1'},{'D2'},{'D3'},{'D7'},{'D6'},{'D4'},{'R1'},{'R2'},&,1.0,&
{'D5'},{'R3'},{'D1'},{'D2'},{'D3'},{'R2'},{'D7'},,,,&,1.0,&
{'D5'},{'R3'},{'D1'},{'D2'},{'R2'},,,,,,&,1.0,&
{'D5'},{'R3'},{'D1'},{'D2'},{'R2'},{'D6'},{'R1'},{'D3'},{'D7'},{'D4'},&,1.0,&
{'D5'},{'R3'},{'D1'},{'D2'},{'R2'},{'D3'},{'R1'},{'D4'},{'D6'},,&,1.0,&
{'D5'},{'R3'},{'D1'},{'D2'},{'R2'},{'R1'},{'D7'},,,,&,1.0,&
{'D5'},{'R3'},{'D1'},{'D2'},{'R2'},{'R1'},{'D3'},,,,&,1.0,&
{'D5'},{'R3'},{'D1'},{'D2'},{'D4'},{'R2'},,,,,&,1.0,&
{'D5'},{'R3'},{'D7'},,,,,,,,&,1.0,&
{'D5'},{'R3'},{'D7'},{'R2'},,,,,,,&,1.0,&
{'D5'},{'R3'},{'D7'},{'D1'},{'R2'},{'D2'},{'R1'},{'D3'},{'D6'},{'D4'},&,1.0,&
{'D5'},{'R3'},{'D7'},{'D3'},{'R2'},{'R1'},{'D2'},{'D6'},{'D1'},,&,1.0,&
{'D5'},{'R3'},{'D7'},{'R1'},{'R2'},,,,,,&,1.0,&
{'D5'},{'R3'},{'D7'},{'D2'},{'D1'},,,,,,&,1.0,&
{'D5'},{'R3'},{'D7'},{'D2'},{'R2'},{'D1'},{'D4'},{'R1'},,,&,1.0,&
{'D5'},{'R3'},{'R2'},,,,,,,,&,22.0,&
{'D5'},{'R3'},{'R2'},{'D1'},,,,,,,&,5.0,&
{'D5'},{'R3'},{'R2'},{'D1'},{'D2'},,,,,,&,1.0,&
{'D5'},{'R3'},{'R2'},{'D1'},{'D2'},{'D6'},{'D3'},{'D7'},{'D4'},{'R1'},&,1.0,&
{'D5'},{'R3'},{'R2'},{'D1'},{'D2'},{'D3'},{'R1'},{'D6'},{'D4'},,&,1.0,&
{'D5'},{'R3'},{'R2'},{'D1'},{'D2'},{'R1'},{'D3'},,,,&,1.0,&
{'D5'},{'R3'},{'R2'},{'D1'},{'D3'},{'D2'},{'R1'},{'D6'},{'D4'},,&,1.0,&
{'D5'},{'R3'},{'R2'},{'D1'},{'D3'},{'D2'},{'D6'},{'D7'},{'R1'},{'D4'},&,1.0,&
{'D5'},{'R3'},{'R2'},{'D1'},{'R1'},{'D2'},{'D6'},{'D7'},,,&,1.0,&
{'D5'},{'R3'},{'R2'},{'D1'},{'R1'},{'D2'},{'D3'},{'D7'},,,&,1.0,&
{'D5'},{'R3'},{'R2'},{'D1'},{'R1'},{'D3'},{'D6'},,,,&,1.0,&
{'D5'},{'R3'},{'R2'},{'D1'},{'D4'},{'D6'},{'D3'},,,,&,1.0,&
{'D5'},{'R3'},{'R2'},{'D3'},,,,,,,&,5.0,&
{'D5'},{'R3'},{'R2'},{'D3'},{'D2'},{'D7'},{'R1'},,,,&,1.0,&
{'D5'},{'R3'},{'R2'},{'D3'},{'D2'},{'R1'},{'D1'},{'D7'},,,&,1.0,&
{'D5'},{'R3'},{'R2'},{'D3'},{'D2'},{'R1'},{'D1'},{'D7'},{'D6'},{'D4'},&,1.0,&
{'D5'},{'R3'},{'R2'},{'D3'},{'R1'},{'D7'},{'D1'},,,,&,1.0,&
{'D5'},{'R3'},{'R2'},{'D3'},{'R1'},{'D2'},,,,,&,1.0,&
{'D5'},{'R3'},{'R2'},{'D3'},{'R1'},{'D2'},{'D1'},,,,&,1.0,&
{'D5'},{'R3'},{'R2'},{'D3'},{'D1'},,,,,,&,1.0,&
{'D5'},{'R3'},{'R2'},{'D4'},{'R1'},{'D1'},{'D3'},{'D2'},{'D7'},{'D6'},&,1.0,&
{'D5'},{'R3'},{'R2'},{'D4'},{'D1'},{'R1'},{'D2'},,,,&,1.0,&
{'D5'},{'R3'},{'R2'},{'R1'},,,,,,,&,7.0,&
{'D5'},{'R3'},{'R2'},{'R1'},{'D2'},,,,,,&,1.0,&
{'D5'},{'R3'},{'R2'},{'R1'},{'D2'},{'D7'},,,,,&,1.0,&
{'D5'},{'R3'},{'R2'},{'R1'},{'D2'},{'D6'},,,,,&,1.0,&
{'D5'},{'R3'},{'R2'},{'R1'},{'D2'},{'D6'},{'D1'},{'D3'},{'D7'},{'D4'},&,1.0,&
{'D5'},{'R3'},{'R2'},{'R1'},{'D2'},{'D3'},,,,,&,2.0,&
{'D5'},{'R3'},{'R2'},{'R1'},{'D2'},{'D3'},{'D1'},{'D4'},{'D6'},{'D7'},&,1.0,&
{'D5'},{'R3'},{'R2'},{'R1'},{'D2'},{'D3'},{'D1'},{'D7'},{'D4'},{'D6'},&,1.0,&
{'D5'},{'R3'},{'R2'},{'R1'},{'D2'},{'D4'},{'D6'},,,,&,1.0,&
{'D5'},{'R3'},{'R2'},{'R1'},{'D6'},{'D1'},{'D3'},{'D2'},{'D4'},,&,1.0,&
{'D5'},{'R3'},{'R2'},{'R1'},{'D7'},{'D2'},,,,,&,1.0,&
{'D5'},{'R3'},{'R2'},{'R1'},{'D3'},,,,,,&,4.0,&
{'D5'},{'R3'},{'R2'},{'R1'},{'D3'},{'D2'},{'D1'},{'D6'},{'D7'},,&,1.0,&
{'D5'},{'R3'},{'R2'},{'R1'},{'D1'},,,,,,&,3.0,&
{'D5'},{'R3'},{'R2'},{'R1'},{'D1'},{'D6'},,,,,&,1.0,&
{'D5'},{'R3'},{'R2'},{'R1'},{'D1'},{'D6'},{'D2'},{'D3'},{'D7'},,&,1.0,&
{'D5'},{'R3'},{'R2'},{'R1'},{'D1'},{'D2'},{'D6'},{'D3'},,,&,1.0,&
{'D5'},{'R3'},{'R2'},{'R1'},{'D1'},{'D2'},{'D3'},,,,&,1.0,&
{'D5'},{'R3'},{'R2'},{'D6'},{'D2'},{'R1'},,,,,&,1.0,&
{'D5'},{'R3'},{'R2'},{'D6'},{'D2'},{'R1'},{'D3'},,,,&,1.0,&
{'D5'},{'R3'},{'R2'},{'D6'},{'R1'},{'D3'},,,,,&,1.0,&
{'D5'},{'R3'},{'R2'},{'D2'},,,,,,,&,2.0,&
{'D5'},{'R3'},{'R2'},{'D2'},{'D3'},{'D1'},{'D6'},{'R1'},{'D7'},,&,1.0,&
{'D5'},{'R3'},{'R2'},{'D2'},{'R1'},,,,,,&,2.0,&
{'D5'},{'R3'},{'R2'},{'D2'},{'R1'},{'D1'},,,,,&,1.0,&
{'D5'},{'R3'},{'R2'},{'D2'},{'R1'},{'D1'},{'D3'},{'D6'},,,&,1.0,&
{'D5'},{'R3'},{'R2'},{'D2'},{'R1'},{'D1'},{'D3'},{'D6'},{'D7'},,&,1.0,&
{'D5'},{'R3'},{'R2'},{'D2'},{'R1'},{'D3'},{'D1'},{'D7'},{'D6'},{'D4'},&,1.0,&
{'D5'},{'R3'},{'R2'},{'D2'},{'R1'},{'D4'},{'D1'},{'D7'},{'D3'},{'D6'},&,1.0,&
{'D5'},{'R3'},{'R2'},{'D2'},{'D1'},{'D3'},{'D6'},{'R1'},{'D7'},,&,1.0,&
{'D5'},{'R3'},{'R2'},{'D2'},{'D1'},{'R1'},,,,,&,1.0,&
{'D5'},{'R3'},{'R2'},{'D2'},{'D1'},{'R1'},{'D3'},,,,&,2.0,&
{'D5'},{'R3'},{'R2'},{'D2'},{'D1'},{'R1'},{'D3'},{'D6'},{'D7'},{'D4'},&,1.0,&
{'D5'},{'R3'},{'R2'},{'D2'},{'D4'},,,,,,&,1.0,&
{'D5'},{'R3'},{'R2'},{'D2'},{'D4'},{'R1'},,,,,&,1.0,&
{'D5'},{'R3'},{'D2'},,,,,,,,&,5.0,&
{'D5'},{'R3'},{'D2'},{'R2'},,,,,,,&,5.0,&
{'D5'},{'R3'},{'D2'},{'R2'},{'D3'},{'D1'},{'D6'},{'D7'},,,&,1.0,&
{'D5'},{'R3'},{'D2'},{'R2'},{'D3'},{'D6'},{'D1'},{'D7'},{'D4'},,&,1.0,&
{'D5'},{'R3'},{'D2'},{'R2'},{'D3'},{'R1'},,,,,&,1.0,&
{'D5'},{'R3'},{'D2'},{'R2'},{'D3'},{'R1'},{'D1'},,,,&,1.0,&
{'D5'},{'R3'},{'D2'},{'R2'},{'R1'},{'D3'},{'D6'},{'D1'},{'D4'},{'D7'},&,1.0,&
{'D5'},{'R3'},{'D2'},{'R2'},{'D1'},,,,,,&,1.0,&
{'D5'},{'R3'},{'D2'},{'R2'},{'D1'},{'D3'},,,,,&,1.0,&
{'D5'},{'R3'},{'D2'},{'R2'},{'D1'},{'D3'},{'R1'},,,,&,1.0,&
{'D5'},{'R3'},{'D2'},{'R2'},{'D1'},{'R1'},{'D4'},{'D7'},,,&,1.0,&
{'D5'},{'R3'},{'D2'},{'D1'},,,,,,,&,2.0,&
{'D5'},{'R3'},{'D2'},{'D1'},{'D6'},{'R1'},{'D3'},{'R2'},,,&,1.0,&
{'D5'},{'R3'},{'D2'},{'D1'},{'D3'},,,,,,&,1.0,&
{'D5'},{'R3'},{'D2'},{'D1'},{'D3'},{'R2'},,,,,&,1.0,&
{'D5'},{'R3'},{'D2'},{'D1'},{'D3'},{'D6'},{'D7'},{'D4'},,,&,1.0,&
{'D5'},{'R3'},{'D2'},{'D1'},{'D3'},{'D4'},{'R2'},{'R1'},{'D6'},{'D7'},&,1.0,&
{'D5'},{'R3'},{'D2'},{'D1'},{'R1'},{'R2'},{'D4'},{'D7'},{'D3'},,&,1.0,&
{'D5'},{'R3'},{'D2'},{'D1'},{'R1'},{'D3'},{'R2'},{'D7'},{'D6'},,&,1.0,&
{'D5'},{'R3'},{'D2'},{'D1'},{'R2'},,,,,,&,1.0,&
{'D5'},{'R3'},{'D2'},{'D1'},{'R2'},{'D6'},{'D7'},{'D3'},{'R1'},,&,1.0,&
{'D5'},{'R3'},{'D2'},{'D1'},{'R2'},{'R1'},,,,,&,1.0,&
{'D5'},{'R3'},{'D2'},{'D3'},,,,,,,&,4.0,&
{'D5'},{'R3'},{'D2'},{'D3'},{'D6'},,,,,,&,1.0,&
{'D5'},{'R3'},{'D2'},{'D3'},{'D6'},{'D7'},{'R2'},{'R1'},{'D1'},,&,1.0,&
{'D5'},{'R3'},{'D2'},{'D3'},{'D6'},{'D4'},{'R2'},{'R1'},{'D7'},{'D1'},&,1.0,&
{'D5'},{'R3'},{'D2'},{'D3'},{'D7'},,,,,,&,1.0,&
{'D5'},{'R3'},{'D2'},{'D3'},{'D7'},{'D1'},{'D6'},{'R2'},{'R1'},,&,1.0,&
{'D5'},{'R3'},{'D2'},{'D3'},{'R1'},,,,,,&,1.0,&
{'D5'},{'R3'},{'D2'},{'D3'},{'R2'},,,,,,&,2.0,&
{'D5'},{'R3'},{'D2'},{'D3'},{'R2'},{'D1'},{'R1'},,,,&,1.0,&
{'D5'},{'R3'},{'D2'},{'D4'},{'D6'},{'D3'},{'R2'},,,,&,1.0,&
{'D5'},{'R3'},{'D2'},{'D4'},{'D1'},{'D7'},{'D3'},{'R2'},{'D6'},{'R1'},&,1.0,&
{'D5'},{'R3'},{'D2'},{'D7'},,,,,,,&,2.0,&
{'D5'},{'R3'},{'D2'},{'D7'},{'R1'},,,,,,&,1.0,&
{'D5'},{'R3'},{'D2'},{'D7'},{'D1'},,,,,,&,1.0,&
{'D5'},{'R3'},{'D2'},{'D7'},{'D1'},{'D6'},{'D3'},,,,&,1.0,&
{'D5'},{'R3'},{'D2'},{'D7'},{'R2'},,,,,,&,1.0,&
{'D5'},{'R3'},{'D2'},{'D7'},{'R2'},{'R1'},,,,,&,1.0,&
{'D5'},{'R3'},{'D2'},{'R1'},,,,,,,&,2.0,&
{'D5'},{'R3'},{'D2'},{'D6'},{'R1'},{'D3'},{'D1'},{'D7'},,,&,1.0,&
{'D5'},{'R3'},{'D2'},{'D6'},{'D1'},{'R2'},,,,,&,1.0,&
{'D5'},{'R3'},{'D2'},{'D6'},{'R2'},{'R1'},,,,,&,1.0,&
{'D5'},{'R3'},{'D4'},{'R2'},{'D1'},{'R1'},{'D6'},{'D2'},{'D3'},,&,1.0,&
{'D5'},{'R3'},{'D4'},{'R1'},{'D6'},{'D2'},{'D1'},{'R2'},,,&,1.0,&
{'D5'},{'D2'},,,,,,,,,&,50.0,&
{'D5'},{'D2'},{'R1'},,,,,,,,&,7.0,&
{'D5'},{'D2'},{'R1'},{'R2'},{'D3'},{'R3'},{'D7'},,,,&,1.0,&
{'D5'},{'D2'},{'R1'},{'R2'},{'D3'},{'R3'},{'D4'},{'D6'},{'D1'},{'D7'},&,1.0,&
{'D5'},{'D2'},{'R1'},{'D1'},{'D3'},{'R2'},{'D6'},,,,&,1.0,&
{'D5'},{'D2'},{'R1'},{'D3'},,,,,,,&,1.0,&
{'D5'},{'D2'},{'R1'},{'D3'},{'D6'},{'D1'},{'D4'},{'R2'},{'R3'},,&,1.0,&
{'D5'},{'D2'},{'R1'},{'D3'},{'D1'},,,,,,&,2.0,&
{'D5'},{'D2'},{'R1'},{'D3'},{'D1'},{'R2'},{'R3'},{'D4'},{'D6'},,&,1.0,&
{'D5'},{'D2'},{'R1'},{'D3'},{'D4'},,,,,,&,1.0,&
{'D5'},{'D2'},{'R1'},{'R3'},{'D6'},{'D1'},{'D3'},{'R2'},,,&,1.0,&
{'D5'},{'D2'},{'R1'},{'R3'},{'R2'},,,,,,&,1.0,&
{'D5'},{'D2'},{'R1'},{'D6'},{'D1'},{'D3'},{'R3'},,,,&,1.0,&
{'D5'},{'D2'},{'R1'},{'D6'},{'D1'},{'D3'},{'R3'},{'R2'},{'D7'},{'D4'},&,1.0,&
{'D5'},{'D2'},{'D6'},,,,,,,,&,5.0,&
{'D5'},{'D2'},{'D6'},{'R2'},{'D3'},{'D1'},{'D7'},{'D4'},,,&,1.0,&
{'D5'},{'D2'},{'D6'},{'R2'},{'R3'},{'D1'},,,,,&,2.0,&
{'D5'},{'D2'},{'D6'},{'R2'},{'D1'},{'D3'},{'D7'},,,,&,1.0,&
{'D5'},{'D2'},{'D6'},{'D1'},,,,,,,&,1.0,&
{'D5'},{'D2'},{'D6'},{'D1'},{'D3'},,,,,,&,1.0,&
{'D5'},{'D2'},{'D6'},{'D1'},{'D3'},{'D7'},{'R3'},{'R2'},{'D4'},{'R1'},&,1.0,&
{'D5'},{'D2'},{'D6'},{'D1'},{'D3'},{'R1'},{'R2'},{'D4'},{'R3'},,&,1.0,&
{'D5'},{'D2'},{'D6'},{'D1'},{'R2'},{'R3'},{'D3'},{'D7'},{'D4'},{'R1'},&,1.0,&
{'D5'},{'D2'},{'D6'},{'D3'},{'D7'},{'R2'},{'R3'},{'D1'},{'D4'},,&,1.0,&
{'D5'},{'D2'},{'D6'},{'D3'},{'R3'},{'D1'},{'D7'},{'D4'},{'R2'},,&,1.0,&
{'D5'},{'D2'},{'D6'},{'D3'},{'D1'},{'D7'},{'R2'},{'D4'},,,&,1.0,&
{'D5'},{'D2'},{'D6'},{'D3'},{'D1'},{'D7'},{'R2'},{'R3'},{'R1'},,&,1.0,&
{'D5'},{'D2'},{'D6'},{'D3'},{'D1'},{'R3'},{'D4'},{'D7'},{'R2'},,&,1.0,&
{'D5'},{'D2'},{'D6'},{'D3'},{'R2'},{'D1'},,,,,&,1.0,&
{'D5'},{'D2'},{'D6'},{'D7'},{'D1'},{'D3'},{'D4'},,,,&,1.0,&
{'D5'},{'D2'},{'D6'},{'D7'},{'R2'},{'D1'},{'D3'},{'D4'},,,&,1.0,&
{'D5'},{'D2'},{'D6'},{'R3'},{'D7'},,,,,,&,1.0,&
{'D5'},{'D2'},{'D6'},{'R3'},{'D3'},{'D1'},{'D4'},{'R2'},,,&,1.0,&
{'D5'},{'D2'},{'D6'},{'R3'},{'R2'},{'D1'},,,,,&,1.0,&
{'D5'},{'D2'},{'D6'},{'R3'},{'R2'},{'D1'},{'R1'},{'D4'},{'D3'},{'D7'},&,1.0,&
{'D5'},{'D2'},{'D6'},{'R3'},{'R2'},{'R1'},{'D1'},{'D3'},,,&,1.0,&
{'D5'},{'D2'},{'D3'},,,,,,,,&,14.0,&
{'D5'},{'D2'},{'D3'},{'R2'},,,,,,,&,2.0,&
{'D5'},{'D2'},{'D3'},{'R2'},{'D6'},{'D1'},{'D7'},{'R3'},{'D4'},,&,1.0,&
{'D5'},{'D2'},{'D3'},{'R2'},{'D6'},{'D1'},{'R3'},{'D4'},,,&,1.0,&
{'D5'},{'D2'},{'D3'},{'R2'},{'D7'},{'D6'},{'D1'},{'R3'},,,&,1.0,&
{'D5'},{'D2'},{'D3'},{'R2'},{'D7'},{'R3'},,,,,&,1.0,&
{'D5'},{'D2'},{'D3'},{'R2'},{'R1'},,,,,,&,1.0,&
{'D5'},{'D2'},{'D3'},{'R2'},{'R3'},,,,,,&,2.0,&
{'D5'},{'D2'},{'D3'},{'R2'},{'R3'},{'D1'},{'D7'},{'R1'},{'D4'},{'D6'},&,1.0,&
{'D5'},{'D2'},{'D3'},{'R2'},{'R3'},{'D7'},,,,,&,1.0,&
{'D5'},{'D2'},{'D3'},{'R2'},{'R3'},{'D6'},{'R1'},{'D1'},{'D7'},,&,1.0,&
{'D5'},{'D2'},{'D3'},{'R2'},{'R3'},{'R1'},,,,,&,1.0,&
{'D5'},{'D2'},{'D3'},{'R2'},{'R3'},{'D4'},{'D6'},,,,&,1.0,&
{'D5'},{'D2'},{'D3'},{'R2'},{'D1'},{'D7'},{'D6'},,,,&,1.0,&
{'D5'},{'D2'},{'D3'},{'R2'},{'D1'},{'D7'},{'D6'},{'D4'},,,&,1.0,&
{'D5'},{'D2'},{'D3'},{'R2'},{'D1'},{'D6'},,,,,&,1.0,&
{'D5'},{'D2'},{'D3'},{'R2'},{'D1'},{'D6'},{'R3'},,,,&,1.0,&
{'D5'},{'D2'},{'D3'},{'R2'},{'D1'},{'R3'},,,,,&,2.0,&
{'D5'},{'D2'},{'D3'},{'R2'},{'D1'},{'R3'},{'R1'},,,,&,1.0,&
{'D5'},{'D2'},{'D3'},{'R2'},{'D1'},{'R3'},{'D6'},{'R1'},{'D7'},,&,1.0,&
{'D5'},{'D2'},{'D3'},{'R2'},{'D4'},{'R3'},{'D1'},{'R1'},,,&,1.0,&
{'D5'},{'D2'},{'D3'},{'D1'},,,,,,,&,7.0,&
{'D5'},{'D2'},{'D3'},{'D1'},{'D6'},,,,,,&,2.0,&
{'D5'},{'D2'},{'D3'},{'D1'},{'D6'},{'D7'},,,,,&,1.0,&
{'D5'},{'D2'},{'D3'},{'D1'},{'D6'},{'R2'},,,,,&,1.0,&
{'D5'},{'D2'},{'D3'},{'D1'},{'D6'},{'R3'},,,,,&,1.0,&
{'D5'},{'D2'},{'D3'},{'D1'},{'D6'},{'R3'},{'D4'},,,,&,1.0,&
{'D5'},{'D2'},{'D3'},{'D1'},{'D6'},{'D4'},{'R3'},{'R2'},{'R1'},{'D7'},&,1.0,&
{'D5'},{'D2'},{'D3'},{'D1'},{'D6'},{'D4'},{'R1'},{'R3'},,,&,1.0,&
{'D5'},{'D2'},{'D3'},{'D1'},{'D7'},{'R2'},{'R1'},{'D6'},,,&,1.0,&
{'D5'},{'D2'},{'D3'},{'D1'},{'D7'},{'D6'},{'D4'},,,,&,1.0,&
{'D5'},{'D2'},{'D3'},{'D1'},{'D7'},{'D6'},{'D4'},{'R3'},,,&,1.0,&
{'D5'},{'D2'},{'D3'},{'D1'},{'D7'},{'R3'},{'D6'},,,,&,1.0,&
{'D5'},{'D2'},{'D3'},{'D1'},{'D7'},{'R3'},{'D6'},{'R2'},{'D4'},,&,1.0,&
{'D5'},{'D2'},{'D3'},{'D1'},{'D7'},{'R3'},{'D6'},{'R1'},{'R2'},,&,1.0,&
{'D5'},{'D2'},{'D3'},{'D1'},{'R3'},,,,,,&,1.0,&
{'D5'},{'D2'},{'D3'},{'D1'},{'R3'},{'D7'},,,,,&,1.0,&
{'D5'},{'D2'},{'D3'},{'D1'},{'R3'},{'R2'},{'D6'},{'R1'},,,&,1.0,&
{'D5'},{'D2'},{'D3'},{'D1'},{'R3'},{'D6'},{'D7'},,,,&,1.0,&
{'D5'},{'D2'},{'D3'},{'D1'},{'R3'},{'R1'},{'R2'},,,,&,1.0,&
{'D5'},{'D2'},{'D3'},{'D1'},{'R2'},,,,,,&,1.0,&
{'D5'},{'D2'},{'D3'},{'D1'},{'R2'},{'D6'},{'R1'},{'R3'},{'D7'},{'D4'},&,1.0,&
{'D5'},{'D2'},{'D3'},{'D1'},{'D4'},{'D7'},{'R3'},,,,&,1.0,&
{'D5'},{'D2'},{'D3'},{'D1'},{'D4'},{'R2'},{'D7'},{'D6'},{'R3'},,&,1.0,&
{'D5'},{'D2'},{'D3'},{'D1'},{'D4'},{'R2'},{'D7'},{'R3'},{'R1'},{'D6'},&,1.0,&
{'D5'},{'D2'},{'D3'},{'D7'},,,,,,,&,1.0,&
{'D5'},{'D2'},{'D3'},{'D7'},{'R3'},{'R2'},{'D1'},{'D6'},{'D4'},,&,1.0,&
{'D5'},{'D2'},{'D3'},{'D7'},{'D1'},{'D6'},{'R3'},,,,&,1.0,&
{'D5'},{'D2'},{'D3'},{'R1'},{'D1'},{'D6'},{'D7'},{'D4'},,,&,1.0,&
{'D5'},{'D2'},{'D3'},{'R1'},{'R2'},{'R3'},,,,,&,1.0,&
{'D5'},{'D2'},{'D3'},{'R3'},,,,,,,&,1.0,&
{'D5'},{'D2'},{'D3'},{'R3'},{'D6'},{'R2'},{'R1'},{'D1'},,,&,1.0,&
{'D5'},{'D2'},{'D3'},{'R3'},{'D1'},,,,,,&,1.0,&
{'D5'},{'D2'},{'D3'},{'R3'},{'D1'},{'R2'},,,,,&,1.0,&
{'D5'},{'D2'},{'D3'},{'R3'},{'R2'},{'D1'},{'R1'},,,,&,2.0,&
{'D5'},{'D2'},{'D3'},{'R3'},{'R2'},{'D1'},{'D6'},{'R1'},{'D7'},,&,1.0,&
{'D5'},{'D2'},{'D3'},{'R3'},{'R2'},{'R1'},,,,,&,1.0,&
{'D5'},{'D2'},{'D3'},{'R3'},{'R2'},{'R1'},{'D7'},{'D1'},{'D4'},{'D6'},&,1.0,&
{'D5'},{'D2'},{'D3'},{'D6'},{'D1'},{'D4'},,,,,&,1.0,&
{'D5'},{'D2'},{'D1'},,,,,,,,&,19.0,&
{'D5'},{'D2'},{'D1'},{'R2'},,,,,,,&,3.0,&
{'D5'},{'D2'},{'D1'},{'R2'},{'D6'},,,,,,&,1.0,&
{'D5'},{'D2'},{'D1'},{'R2'},{'D6'},{'D3'},{'R3'},{'D7'},{'R1'},{'D4'},&,1.0,&
{'D5'},{'D2'},{'D1'},{'R2'},{'D3'},{'D7'},{'R3'},{'R1'},{'D6'},{'D4'},&,1.0,&
{'D5'},{'D2'},{'D1'},{'R2'},{'D3'},{'D7'},{'D6'},{'D4'},,,&,1.0,&
{'D5'},{'D2'},{'D1'},{'R2'},{'D3'},{'D6'},{'R3'},{'D7'},{'D4'},,&,1.0,&
{'D5'},{'D2'},{'D1'},{'R2'},{'D3'},{'R3'},{'D6'},,,,&,1.0,&
{'D5'},{'D2'},{'D1'},{'R2'},{'D3'},{'R3'},{'D6'},{'D7'},{'D4'},{'R1'},&,1.0,&
{'D5'},{'D2'},{'D1'},{'R2'},{'R1'},{'D3'},{'R3'},{'D7'},{'D6'},{'D4'},&,1.0,&
{'D5'},{'D2'},{'D1'},{'R2'},{'R3'},,,,,,&,1.0,&
{'D5'},{'D2'},{'D1'},{'R2'},{'R3'},{'D3'},{'R1'},{'D6'},,,&,1.0,&
{'D5'},{'D2'},{'D1'},{'R2'},{'R3'},{'D3'},{'D6'},{'D4'},{'R1'},,&,1.0,&
{'D5'},{'D2'},{'D1'},{'R2'},{'R3'},{'D3'},{'D6'},{'R1'},,,&,1.0,&
{'D5'},{'D2'},{'D1'},{'R2'},{'R3'},{'R1'},{'D7'},{'D3'},{'D6'},,&,1.0,&
{'D5'},{'D2'},{'D1'},{'R2'},{'R3'},{'R1'},{'D3'},,,,&,1.0,&
{'D5'},{'D2'},{'D1'},{'R2'},{'D4'},{'R1'},{'R3'},,,,&,1.0,&
{'D5'},{'D2'},{'D1'},{'D3'},,,,,,,&,8.0,&
{'D5'},{'D2'},{'D1'},{'D3'},{'D6'},,,,,,&,4.0,&
{'D5'},{'D2'},{'D1'},{'D3'},{'D7'},,,,,,&,3.0,&
{'D5'},{'D2'},{'D1'},{'D3'},{'D7'},{'D6'},,,,,&,1.0,&
{'D5'},{'D2'},{'D1'},{'D3'},{'D7'},{'D6'},{'R2'},{'D4'},,,&,1.0,&
{'D5'},{'D2'},{'D1'},{'D3'},{'D7'},{'R3'},,,,,&,1.0,&
{'D5'},{'D2'},{'D1'},{'D3'},{'D7'},{'D4'},{'D6'},,,,&,1.0,&
{'D5'},{'D2'},{'D1'},{'D3'},{'R1'},{'D7'},,,,,&,1.0,&
{'D5'},{'D2'},{'D1'},{'D3'},{'R3'},,,,,,&,2.0,&
{'D5'},{'D2'},{'D1'},{'D3'},{'R3'},{'R2'},{'R1'},,,,&,1.0,&
{'D5'},{'D2'},{'D1'},{'D3'},{'R3'},{'R2'},{'R1'},{'D4'},,,&,1.0,&
{'D5'},{'D2'},{'D1'},{'D3'},{'R3'},{'R2'},{'D6'},,,,&,1.0,&
{'D5'},{'D2'},{'D1'},{'D3'},{'R3'},{'D6'},,,,,&,1.0,&
{'D5'},{'D2'},{'D1'},{'D3'},{'R3'},{'D6'},{'D7'},{'D4'},,,&,1.0,&
{'D5'},{'D2'},{'D1'},{'D3'},{'R3'},{'D6'},{'R2'},{'D7'},{'R1'},{'D4'},&,1.0,&
{'D5'},{'D2'},{'D1'},{'D3'},{'R3'},{'D6'},{'R2'},{'R1'},,,&,1.0,&
{'D5'},{'D2'},{'D1'},{'D3'},{'R2'},,,,,,&,1.0,&
{'D5'},{'D2'},{'D1'},{'D3'},{'R2'},{'D7'},,,,,&,1.0,&
{'D5'},{'D2'},{'D1'},{'D3'},{'R2'},{'D7'},{'R3'},,,,&,1.0,&
{'D5'},{'D2'},{'D1'},{'D3'},{'R2'},{'R3'},{'R1'},{'D6'},,,&,1.0,&
{'D5'},{'D2'},{'D1'},{'D3'},{'R2'},{'R1'},{'R3'},,,,&,1.0,&
{'D5'},{'D2'},{'D1'},{'D3'},{'R2'},{'D4'},,,,,&,1.0,&
{'D5'},{'D2'},{'D1'},{'D7'},,,,,,,&,1.0,&
{'D5'},{'D2'},{'D1'},{'R1'},{'D3'},{'R2'},{'D4'},{'D6'},,,&,1.0,&
{'D5'},{'D2'},{'D1'},{'R1'},{'D3'},{'D6'},{'D7'},{'R2'},{'R3'},{'D4'},&,1.0,&
{'D5'},{'D2'},{'D1'},{'R3'},,,,,,,&,3.0,&
{'D5'},{'D2'},{'D1'},{'R3'},{'D7'},{'R2'},{'R1'},{'D3'},,,&,1.0,&
{'D5'},{'D2'},{'D1'},{'R3'},{'D7'},{'R2'},{'R1'},{'D3'},{'D4'},,&,1.0,&
{'D5'},{'D2'},{'D1'},{'R3'},{'D3'},,,,,,&,1.0,&
{'D5'},{'D2'},{'D1'},{'R3'},{'D3'},{'D7'},{'R2'},{'R1'},{'D4'},{'D6'},&,1.0,&
{'D5'},{'D2'},{'D1'},{'R3'},{'D3'},{'R2'},{'R1'},{'D6'},{'D7'},{'D4'},&,2.0,&
{'D5'},{'D2'},{'D1'},{'R3'},{'D3'},{'R2'},{'D6'},,,,&,1.0,&
{'D5'},{'D2'},{'D1'},{'R3'},{'D3'},{'R2'},{'D4'},{'R1'},,,&,1.0,&
{'D5'},{'D2'},{'D1'},{'R3'},{'D3'},{'D6'},{'D7'},{'D4'},,,&,1.0,&
{'D5'},{'D2'},{'D1'},{'R3'},{'D3'},{'D4'},{'R2'},{'D6'},{'D7'},{'R1'},&,1.0,&
{'D5'},{'D2'},{'D1'},{'R3'},{'R1'},{'R2'},,,,,&,1.0,&
{'D5'},{'D2'},{'D1'},{'R3'},{'R1'},{'D6'},{'D3'},{'R2'},{'D4'},{'D7'},&,1.0,&
{'D5'},{'D2'},{'D1'},{'R3'},{'R1'},{'D3'},{'D7'},,,,&,1.0,&
{'D5'},{'D2'},{'D1'},{'R3'},{'R1'},{'D3'},{'R2'},{'D4'},{'D6'},,&,1.0,&
{'D5'},{'D2'},{'D1'},{'R3'},{'R2'},{'R1'},{'D3'},{'D4'},{'D6'},{'D7'},&,1.0,&
{'D5'},{'D2'},{'D1'},{'D6'},,,,,,,&,1.0,&
{'D5'},{'D2'},{'D1'},{'D6'},{'D3'},,,,,,&,1.0,&
{'D5'},{'D2'},{'D1'},{'D6'},{'D3'},{'D7'},{'D4'},{'R2'},{'R1'},,&,1.0,&
{'D5'},{'D2'},{'D1'},{'D6'},{'R3'},{'D3'},{'D4'},{'R2'},{'D7'},,&,1.0,&
{'D5'},{'D2'},{'D7'},,,,,,,,&,1.0,&
{'D5'},{'D2'},{'D7'},{'R2'},{'R1'},{'R3'},{'D1'},{'D3'},,,&,1.0,&
{'D5'},{'D2'},{'D7'},{'D1'},,,,,,,&,1.0,&
{'D5'},{'D2'},{'D7'},{'D1'},{'D6'},,,,,,&,1.0,&
{'D5'},{'D2'},{'D7'},{'D1'},{'D3'},{'D6'},{'D4'},,,,&,1.0,&
{'D5'},{'D2'},{'D7'},{'D3'},,,,,,,&,1.0,&
{'D5'},{'D2'},{'D7'},{'D3'},{'R1'},,,,,,&,1.0,&
{'D5'},{'D2'},{'D7'},{'D3'},{'D1'},{'D6'},{'D4'},{'R3'},,,&,1.0,&
{'D5'},{'D2'},{'D7'},{'R3'},{'R1'},{'R2'},{'D1'},{'D3'},{'D6'},{'D4'},&,1.0,&
{'D5'},{'D2'},{'D7'},{'R3'},{'R2'},{'D3'},,,,,&,1.0,&
{'D5'},{'D2'},{'D7'},{'D6'},{'D3'},,,,,,&,1.0,&
{'D5'},{'D2'},{'D7'},{'D6'},{'D1'},{'R3'},{'R1'},,,,&,1.0,&
{'D5'},{'D2'},{'R3'},,,,,,,,&,13.0,&
{'D5'},{'D2'},{'R3'},{'R2'},,,,,,,&,1.0,&
{'D5'},{'D2'},{'R3'},{'R2'},{'D7'},,,,,,&,1.0,&
{'D5'},{'D2'},{'R3'},{'R2'},{'D3'},,,,,,&,3.0,&
{'D5'},{'D2'},{'R3'},{'R2'},{'D3'},{'D1'},{'R1'},{'D6'},,,&,1.0,&
{'D5'},{'D2'},{'R3'},{'R2'},{'D3'},{'D6'},{'R1'},,,,&,1.0,&
{'D5'},{'D2'},{'R3'},{'R2'},{'D3'},{'D6'},{'R1'},{'D1'},,,&,1.0,&
{'D5'},{'D2'},{'R3'},{'R2'},{'R1'},,,,,,&,1.0,&
{'D5'},{'D2'},{'R3'},{'R2'},{'R1'},{'D1'},,,,,&,1.0,&
{'D5'},{'D2'},{'R3'},{'R2'},{'R1'},{'D3'},{'D1'},{'D6'},{'D7'},{'D4'},&,1.0,&
{'D5'},{'D2'},{'R3'},{'R2'},{'D1'},{'D6'},{'D3'},{'D7'},{'D4'},,&,1.0,&
{'D5'},{'D2'},{'R3'},{'R2'},{'D1'},{'R1'},,,,,&,1.0,&
{'D5'},{'D2'},{'R3'},{'R2'},{'D1'},{'R1'},{'D3'},{'D7'},{'D4'},{'D6'},&,1.0,&
{'D5'},{'D2'},{'R3'},{'R2'},{'D4'},{'D6'},{'R1'},,,,&,1.0,&
{'D5'},{'D2'},{'R3'},{'D1'},,,,,,,&,2.0,&
{'D5'},{'D2'},{'R3'},{'D1'},{'D3'},,,,,,&,1.0,&
{'D5'},{'D2'},{'R3'},{'D1'},{'D3'},{'D4'},{'R2'},{'D7'},,,&,1.0,&
{'D5'},{'D2'},{'R3'},{'D1'},{'R2'},,,,,,&,1.0,&
{'D5'},{'D2'},{'R3'},{'D1'},{'R2'},{'D4'},{'R1'},{'D3'},,,&,1.0,&
{'D5'},{'D2'},{'R3'},{'D3'},,,,,,,&,4.0,&
{'D5'},{'D2'},{'R3'},{'D3'},{'D6'},{'D1'},{'R2'},,,,&,1.0,&
{'D5'},{'D2'},{'R3'},{'D3'},{'D6'},{'R2'},,,,,&,1.0,&
{'D5'},{'D2'},{'R3'},{'D3'},{'D7'},{'R1'},{'D4'},{'R2'},{'D1'},{'D6'},&,1.0,&
{'D5'},{'D2'},{'R3'},{'D3'},{'D1'},,,,,,&,1.0,&
{'D5'},{'D2'},{'R3'},{'D3'},{'D1'},{'R2'},{'D6'},{'R1'},,,&,1.0,&
{'D5'},{'D2'},{'R3'},{'D3'},{'D1'},{'D6'},{'R2'},{'D7'},{'R1'},,&,1.0,&
{'D5'},{'D2'},{'R3'},{'D3'},{'D1'},{'D6'},{'R2'},{'R1'},{'D7'},,&,1.0,&
{'D5'},{'D2'},{'R3'},{'D3'},{'R2'},,,,,,&,1.0,&
{'D5'},{'D2'},{'R3'},{'D3'},{'R2'},{'D1'},,,,,&,2.0,&
{'D5'},{'D2'},{'R3'},{'D3'},{'R2'},{'D1'},{'D7'},,,,&,1.0,&
{'D5'},{'D2'},{'R3'},{'D3'},{'R2'},{'D1'},{'D7'},{'D4'},{'R1'},,&,1.0,&
{'D5'},{'D2'},{'R3'},{'D3'},{'R2'},{'D1'},{'D6'},,,,&,1.0,&
{'D5'},{'D2'},{'R3'},{'D3'},{'R2'},{'D7'},{'D1'},{'D6'},,,&,1.0,&
{'D5'},{'D2'},{'R3'},{'D3'},{'R2'},{'R1'},{'D6'},{'D1'},{'D4'},{'D7'},&,1.0,&
{'D5'},{'D2'},{'R3'},{'D4'},{'D1'},{'D6'},{'D3'},,,,&,1.0,&
{'D5'},{'D2'},{'R3'},{'D7'},{'R2'},{'D1'},{'R1'},,,,&,1.0,&
{'D5'},{'D2'},{'R3'},{'R1'},,,,,,,&,1.0,&
{'D5'},{'D2'},{'R3'},{'R1'},{'D1'},{'D3'},,,,,&,1.0,&
{'D5'},{'D2'},{'R3'},{'R1'},{'D1'},{'D3'},{'D6'},{'D7'},{'D4'},,&,1.0,&
{'D5'},{'D2'},{'R3'},{'R1'},{'D1'},{'D3'},{'D6'},{'D7'},{'D4'},{'R2'},&,1.0,&
{'D5'},{'D2'},{'R3'},{'D6'},,,,,,,&,1.0,&
{'D5'},{'D2'},{'R3'},{'D6'},{'R1'},{'R2'},{'D1'},{'D3'},{'D7'},,&,1.0,&
{'D5'},{'D2'},{'R3'},{'D6'},{'R2'},,,,,,&,1.0,&
{'D5'},{'D2'},{'R2'},,,,,,,,&,15.0,&
{'D5'},{'D2'},{'R2'},{'D1'},,,,,,,&,3.0,&
{'D5'},{'D2'},{'R2'},{'D1'},{'D6'},{'R3'},{'R1'},{'D3'},{'D7'},{'D4'},&,1.0,&
{'D5'},{'D2'},{'R2'},{'D1'},{'D6'},{'D3'},,,,,&,1.0,&
{'D5'},{'D2'},{'R2'},{'D1'},{'D3'},,,,,,&,1.0,&
{'D5'},{'D2'},{'R2'},{'D1'},{'D3'},{'D6'},{'D7'},{'D4'},{'R3'},{'R1'},&,1.0,&
{'D5'},{'D2'},{'R2'},{'D1'},{'R1'},,,,,,&,1.0,&
{'D5'},{'D2'},{'R2'},{'D1'},{'R3'},,,,,,&,1.0,&
{'D5'},{'D2'},{'R2'},{'D1'},{'R3'},{'D3'},,,,,&,1.0,&
{'D5'},{'D2'},{'R2'},{'D1'},{'R3'},{'D3'},{'D7'},{'R1'},{'D6'},{'D4'},&,1.0,&
{'D5'},{'D2'},{'R2'},{'D1'},{'R3'},{'D3'},{'R1'},,,,&,1.0,&
{'D5'},{'D2'},{'R2'},{'D1'},{'R3'},{'D3'},{'R1'},{'D4'},{'D6'},{'D7'},&,1.0,&
{'D5'},{'D2'},{'R2'},{'D1'},{'R3'},{'D3'},{'R1'},{'D7'},{'D6'},{'D4'},&,1.0,&
{'D5'},{'D2'},{'R2'},{'D1'},{'R3'},{'R1'},{'D3'},,,,&,1.0,&
{'D5'},{'D2'},{'R2'},{'D1'},{'R3'},{'R1'},{'D3'},{'D6'},{'D4'},{'D7'},&,1.0,&
{'D5'},{'D2'},{'R2'},{'D3'},,,,,,,&,3.0,&
{'D5'},{'D2'},{'R2'},{'D3'},{'R1'},{'D1'},,,,,&,1.0,&
{'D5'},{'D2'},{'R2'},{'D3'},{'R3'},,,,,,&,4.0,&
{'D5'},{'D2'},{'R2'},{'D3'},{'R3'},{'R1'},,,,,&,1.0,&
{'D5'},{'D2'},{'R2'},{'D3'},{'R3'},{'R1'},{'D1'},,,,&,2.0,&
{'D5'},{'D2'},{'R2'},{'D3'},{'D1'},,,,,,&,2.0,&
{'D5'},{'D2'},{'R2'},{'D3'},{'D1'},{'D4'},{'D6'},,,,&,1.0,&
{'D5'},{'D2'},{'R2'},{'D7'},{'D6'},{'R3'},{'D3'},{'D1'},{'R1'},{'D4'},&,1.0,&
{'D5'},{'D2'},{'R2'},{'D7'},{'D3'},{'R1'},{'D6'},{'R3'},{'D4'},{'D1'},&,1.0,&
{'D5'},{'D2'},{'R2'},{'D7'},{'R3'},,,,,,&,1.0,&
{'D5'},{'D2'},{'R2'},{'D7'},{'R3'},{'D3'},{'D1'},{'D4'},{'D6'},{'R1'},&,1.0,&
{'D5'},{'D2'},{'R2'},{'D7'},{'D1'},{'D3'},{'D6'},,,,&,1.0,&
{'D5'},{'D2'},{'R2'},{'R1'},,,,,,,&,1.0,&
{'D5'},{'D2'},{'R2'},{'R1'},{'D3'},{'D4'},,,,,&,1.0,&
{'D5'},{'D2'},{'R2'},{'R1'},{'R3'},,,,,,&,1.0,&
{'D5'},{'D2'},{'R2'},{'R3'},,,,,,,&,4.0,&
{'D5'},{'D2'},{'R2'},{'R3'},{'D7'},{'R1'},{'D3'},{'D1'},,,&,1.0,&
{'D5'},{'D2'},{'R2'},{'R3'},{'D3'},{'D1'},{'D7'},{'D6'},{'D4'},,&,1.0,&
{'D5'},{'D2'},{'R2'},{'R3'},{'D3'},{'D1'},{'R1'},{'D6'},,,&,1.0,&
{'D5'},{'D2'},{'R2'},{'R3'},{'D3'},{'R1'},,,,,&,1.0,&
{'D5'},{'D2'},{'R2'},{'R3'},{'D3'},{'R1'},{'D1'},,,,&,1.0,&
{'D5'},{'D2'},{'R2'},{'R3'},{'R1'},{'D1'},,,,,&,1.0,&
{'D5'},{'D2'},{'R2'},{'R3'},{'R1'},{'D1'},{'D4'},,,,&,1.0,&
{'D5'},{'D2'},{'R2'},{'R3'},{'R1'},{'D1'},{'D3'},{'D6'},,,&,1.0,&
{'D5'},{'D2'},{'R2'},{'R3'},{'R1'},{'D1'},{'D3'},{'D4'},,,&,1.0,&
{'D5'},{'D2'},{'R2'},{'R3'},{'R1'},{'D3'},{'D1'},{'D6'},{'D7'},{'D4'},&,1.0,&
{'D5'},{'D2'},{'R2'},{'R3'},{'D1'},,,,,,&,1.0,&
{'D5'},{'D2'},{'R2'},{'R3'},{'D1'},{'D3'},{'D7'},,,,&,1.0,&
{'D5'},{'D2'},{'R2'},{'R3'},{'D1'},{'D3'},{'D7'},{'R1'},,,&,1.0,&
{'D5'},{'D2'},{'R2'},{'R3'},{'D1'},{'D3'},{'D6'},{'D4'},{'R1'},,&,1.0,&
{'D5'},{'D2'},{'R2'},{'R3'},{'D1'},{'D3'},{'D6'},{'R1'},,,&,1.0,&
{'D5'},{'D2'},{'R2'},{'R3'},{'D1'},{'D3'},{'D4'},{'D6'},{'D7'},,&,1.0,&
{'D5'},{'D2'},{'R2'},{'R3'},{'D1'},{'R1'},{'D3'},{'D6'},{'D7'},,&,1.0,&
{'D5'},{'D2'},{'R2'},{'R3'},{'D1'},{'R1'},{'D3'},{'D6'},{'D4'},{'D7'},&,1.0,&
{'D5'},{'D2'},{'R2'},{'R3'},{'D1'},{'D4'},,,,,&,1.0,&
{'D5'},{'D2'},{'R2'},{'D6'},,,,,,,&,2.0,&
{'D5'},{'D2'},{'R2'},{'D6'},{'D3'},,,,,,&,1.0,&
{'D5'},{'D2'},{'R2'},{'D6'},{'R3'},{'D1'},{'D3'},{'R1'},{'D7'},{'D4'},&,1.0,&
{'D5'},{'D2'},{'R2'},{'D6'},{'D1'},{'R3'},,,,,&,1.0,&
{'D5'},{'D2'},{'D4'},,,,,,,,&,3.0,&
{'D5'},{'D2'},{'D4'},{'R2'},{'D3'},{'D1'},{'D6'},{'R3'},,,&,1.0,&
{'D5'},{'D2'},{'D4'},{'R2'},{'R3'},,,,,,&,1.0,&
{'D5'},{'D2'},{'D4'},{'D1'},{'R1'},,,,,,&,1.0,&
{'D5'},{'D2'},{'D4'},{'D3'},{'D6'},{'R1'},{'D1'},{'R3'},{'D7'},,&,1.0,&
{'D5'},{'R2'},,,,,,,,,&,31.0,&
{'D5'},{'R2'},{'R1'},,,,,,,,&,5.0,&
{'D5'},{'R2'},{'R1'},{'D1'},{'D2'},{'R3'},{'D3'},{'D6'},{'D7'},,&,1.0,&
{'D5'},{'R2'},{'R1'},{'D3'},{'R3'},,,,,,&,1.0,&
{'D5'},{'R2'},{'R1'},{'D3'},{'D1'},{'D2'},{'R3'},{'D6'},{'D7'},{'D4'},&,1.0,&
{'D5'},{'R2'},{'R1'},{'R3'},,,,,,,&,2.0,&
{'D5'},{'R2'},{'R1'},{'R3'},{'D2'},,,,,,&,2.0,&
{'D5'},{'R2'},{'R1'},{'R3'},{'D7'},{'D3'},{'D2'},{'D1'},,,&,1.0,&
{'D5'},{'R2'},{'R1'},{'R3'},{'D3'},{'D2'},{'D7'},,,,&,1.0,&
{'D5'},{'R2'},{'R1'},{'R3'},{'D3'},{'D2'},{'D1'},{'D7'},,,&,1.0,&
{'D5'},{'R2'},{'R1'},{'R3'},{'D1'},{'D3'},{'D2'},,,,&,1.0,&
{'D5'},{'R2'},{'R1'},{'D2'},{'D7'},{'R3'},,,,,&,1.0,&
{'D5'},{'R2'},{'R1'},{'D2'},{'R3'},,,,,,&,1.0,&
{'D5'},{'R2'},{'R1'},{'D2'},{'R3'},{'D6'},{'D3'},{'D1'},{'D4'},{'D7'},&,1.0,&
{'D5'},{'R2'},{'R1'},{'D2'},{'D1'},{'R3'},{'D3'},,,,&,1.0,&
{'D5'},{'R2'},{'D6'},{'D1'},{'R3'},{'R1'},{'D3'},{'D2'},,,&,1.0,&
{'D5'},{'R2'},{'D6'},{'D3'},{'R3'},{'D1'},{'D2'},{'R1'},{'D7'},{'D4'},&,1.0,&
{'D5'},{'R2'},{'D6'},{'D3'},{'R3'},{'R1'},{'D4'},{'D2'},{'D7'},{'D1'},&,1.0,&
{'D5'},{'R2'},{'D6'},{'R3'},{'D2'},,,,,,&,1.0,&
{'D5'},{'R2'},{'D6'},{'R3'},{'D2'},{'R1'},,,,,&,1.0,&
{'D5'},{'R2'},{'D6'},{'R3'},{'D3'},,,,,,&,1.0,&
{'D5'},{'R2'},{'D6'},{'R3'},{'R1'},{'D2'},{'D3'},{'D1'},{'D4'},,&,1.0,&
{'D5'},{'R2'},{'D6'},{'D2'},{'R3'},,,,,,&,1.0,&
{'D5'},{'R2'},{'D6'},{'D2'},{'D1'},{'R3'},{'D3'},{'R1'},{'D7'},{'D4'},&,1.0,&
{'D5'},{'R2'},{'D3'},,,,,,,,&,8.0,&
{'D5'},{'R2'},{'D3'},{'D1'},,,,,,,&,3.0,&
{'D5'},{'R2'},{'D3'},{'D1'},{'D2'},,,,,,&,1.0,&
{'D5'},{'R2'},{'D3'},{'D1'},{'D2'},{'D6'},{'R3'},{'R1'},{'D4'},,&,1.0,&
{'D5'},{'R2'},{'D3'},{'D1'},{'D2'},{'R3'},{'D6'},{'D4'},{'D7'},,&,1.0,&
{'D5'},{'R2'},{'D3'},{'D1'},{'D2'},{'R1'},{'D7'},{'R3'},,,&,1.0,&
{'D5'},{'R2'},{'D3'},{'D1'},{'D7'},{'R3'},,,,,&,1.0,&
{'D5'},{'R2'},{'D3'},{'D4'},{'D7'},{'R3'},{'D2'},,,,&,1.0,&
{'D5'},{'R2'},{'D3'},{'R3'},,,,,,,&,3.0,&
{'D5'},{'R2'},{'D3'},{'R3'},{'D2'},{'R1'},,,,,&,1.0,&
{'D5'},{'R2'},{'D3'},{'R3'},{'R1'},,,,,,&,1.0,&
{'D5'},{'R2'},{'D3'},{'R3'},{'R1'},{'D1'},{'D2'},{'D6'},,,&,1.0,&
{'D5'},{'R2'},{'D3'},{'R3'},{'R1'},{'D7'},{'D2'},{'D1'},{'D6'},{'D4'},&,1.0,&
{'D5'},{'R2'},{'D3'},{'R3'},{'R1'},{'D2'},,,,,&,1.0,&
{'D5'},{'R2'},{'D3'},{'R3'},{'R1'},{'D2'},{'D7'},{'D6'},,,&,1.0,&
{'D5'},{'R2'},{'D3'},{'R3'},{'D1'},{'D2'},,,,,&,1.0,&
{'D5'},{'R2'},{'D3'},{'R3'},{'D1'},{'R1'},,,,,&,1.0,&
{'D5'},{'R2'},{'D3'},{'D2'},,,,,,,&,3.0,&
{'D5'},{'R2'},{'D3'},{'D2'},{'R3'},{'D1'},{'D6'},{'R1'},{'D4'},{'D7'},&,1.0,&
{'D5'},{'R2'},{'D3'},{'D2'},{'R3'},{'D1'},{'D4'},{'R1'},{'D7'},,&,1.0,&
{'D5'},{'R2'},{'D3'},{'D2'},{'D1'},{'D6'},{'D4'},{'R1'},,,&,1.0,&
{'D5'},{'R2'},{'D1'},,,,,,,,&,8.0,&
{'D5'},{'R2'},{'D1'},{'D3'},,,,,,,&,2.0,&
{'D5'},{'R2'},{'D1'},{'D3'},{'D2'},{'D6'},,,,,&,1.0,&
{'D5'},{'R2'},{'D1'},{'D3'},{'D2'},{'D6'},{'R3'},{'D7'},{'R1'},{'D4'},&,1.0,&
{'D5'},{'R2'},{'D1'},{'D3'},{'D2'},{'R3'},{'R1'},{'D7'},,,&,1.0,&
{'D5'},{'R2'},{'D1'},{'D3'},{'D2'},{'R3'},{'D6'},,,,&,1.0,&
{'D5'},{'R2'},{'D1'},{'D3'},{'D2'},{'D4'},{'R1'},{'D6'},,,&,1.0,&
{'D5'},{'R2'},{'D1'},{'D3'},{'D6'},{'D2'},{'D7'},{'R3'},{'D4'},,&,1.0,&
{'D5'},{'R2'},{'D1'},{'D3'},{'D7'},,,,,,&,2.0,&
{'D5'},{'R2'},{'D1'},{'D3'},{'D7'},{'R3'},{'D6'},{'D2'},,,&,1.0,&
{'D5'},{'R2'},{'D1'},{'D3'},{'R1'},{'D2'},,,,,&,1.0,&
{'D5'},{'R2'},{'D1'},{'D3'},{'R3'},{'D2'},,,,,&,1.0,&
{'D5'},{'R2'},{'D1'},{'D3'},{'R3'},{'D2'},{'D7'},,,,&,1.0,&
{'D5'},{'R2'},{'D1'},{'D3'},{'R3'},{'R1'},,,,,&,2.0,&
{'D5'},{'R2'},{'D1'},{'D3'},{'R3'},{'R1'},{'D7'},{'D6'},{'D2'},,&,1.0,&
{'D5'},{'R2'},{'D1'},{'D7'},{'D4'},{'D6'},{'D2'},{'R3'},,,&,1.0,&
{'D5'},{'R2'},{'D1'},{'R1'},{'D2'},,,,,,&,1.0,&
{'D5'},{'R2'},{'D1'},{'R1'},{'D3'},,,,,,&,1.0,&
{'D5'},{'R2'},{'D1'},{'R1'},{'D3'},{'D6'},{'D2'},,,,&,1.0,&
{'D5'},{'R2'},{'D1'},{'R1'},{'R3'},{'D3'},{'D2'},,,,&,1.0,&
{'D5'},{'R2'},{'D1'},{'R3'},,,,,,,&,3.0,&
{'D5'},{'R2'},{'D1'},{'R3'},{'D2'},{'D6'},,,,,&,1.0,&
{'D5'},{'R2'},{'D1'},{'R3'},{'D2'},{'D6'},{'D3'},{'R1'},{'D7'},{'D4'},&,1.0,&
{'D5'},{'R2'},{'D1'},{'R3'},{'D2'},{'D3'},{'R1'},,,,&,1.0,&
{'D5'},{'R2'},{'D1'},{'R3'},{'D2'},{'D3'},{'D6'},{'D7'},{'D4'},,&,1.0,&
{'D5'},{'R2'},{'D1'},{'R3'},{'D2'},{'R1'},{'D6'},,,,&,1.0,&
{'D5'},{'R2'},{'D1'},{'R3'},{'D2'},{'R1'},{'D3'},{'D4'},,,&,1.0,&
{'D5'},{'R2'},{'D1'},{'R3'},{'R1'},,,,,,&,2.0,&
{'D5'},{'R2'},{'D1'},{'R3'},{'R1'},{'D2'},,,,,&,1.0,&
{'D5'},{'R2'},{'D1'},{'R3'},{'R1'},{'D2'},{'D3'},{'D6'},,,&,1.0,&
{'D5'},{'R2'},{'D1'},{'R3'},{'R1'},{'D3'},,,,,&,1.0,&
{'D5'},{'R2'},{'D1'},{'R3'},{'R1'},{'D3'},{'D2'},,,,&,1.0,&
{'D5'},{'R2'},{'D1'},{'D2'},,,,,,,&,2.0,&
{'D5'},{'R2'},{'D1'},{'D2'},{'D6'},{'D3'},,,,,&,1.0,&
{'D5'},{'R2'},{'D1'},{'D2'},{'D7'},,,,,,&,1.0,&
{'D5'},{'R2'},{'D1'},{'D2'},{'D7'},{'D3'},{'D6'},{'D4'},,,&,1.0,&
{'D5'},{'R2'},{'D1'},{'D2'},{'D3'},{'D6'},{'R3'},{'R1'},{'D4'},,&,1.0,&
{'D5'},{'R2'},{'D1'},{'D2'},{'R3'},,,,,,&,1.0,&
{'D5'},{'R2'},{'D1'},{'D2'},{'R3'},{'D7'},{'D6'},{'R1'},{'D3'},{'D4'},&,1.0,&
{'D5'},{'R2'},{'D1'},{'D2'},{'R3'},{'D3'},{'R1'},{'D4'},,,&,1.0,&
{'D5'},{'R2'},{'D1'},{'D2'},{'R3'},{'D3'},{'D6'},{'R1'},{'D4'},,&,1.0,&
{'D5'},{'R2'},{'D1'},{'D2'},{'R3'},{'R1'},{'D3'},{'D7'},{'D6'},{'D4'},&,1.0,&
{'D5'},{'R2'},{'D1'},{'D2'},{'D4'},,,,,,&,1.0,&
{'D5'},{'R2'},{'D7'},,,,,,,,&,1.0,&
{'D5'},{'R2'},{'D7'},{'D3'},,,,,,,&,1.0,&
{'D5'},{'R2'},{'D7'},{'R3'},,,,,,,&,1.0,&
{'D5'},{'R2'},{'D7'},{'R3'},{'D1'},{'D6'},{'R1'},{'D3'},,,&,1.0,&
{'D5'},{'R2'},{'D7'},{'D6'},,,,,,,&,1.0,&
{'D5'},{'R2'},{'D7'},{'D2'},{'R3'},{'D3'},{'D1'},{'D6'},{'R1'},{'D4'},&,1.0,&
{'D5'},{'R2'},{'R3'},,,,,,,,&,17.0,&
{'D5'},{'R2'},{'R3'},{'D1'},,,,,,,&,6.0,&
{'D5'},{'R2'},{'R3'},{'D1'},{'D2'},,,,,,&,1.0,&
{'D5'},{'R2'},{'R3'},{'D1'},{'D2'},{'D3'},{'D7'},,,,&,1.0,&
{'D5'},{'R2'},{'R3'},{'D1'},{'D2'},{'R1'},{'D3'},{'D7'},{'D6'},,&,1.0,&
{'D5'},{'R2'},{'R3'},{'D1'},{'D3'},{'D2'},,,,,&,2.0,&
{'D5'},{'R2'},{'R3'},{'D1'},{'R1'},,,,,,&,1.0,&
{'D5'},{'R2'},{'R3'},{'D1'},{'R1'},{'D6'},,,,,&,1.0,&
{'D5'},{'R2'},{'R3'},{'D1'},{'R1'},{'D2'},,,,,&,1.0,&
{'D5'},{'R2'},{'R3'},{'D1'},{'R1'},{'D2'},{'D6'},{'D7'},,,&,1.0,&
{'D5'},{'R2'},{'R3'},{'D1'},{'R1'},{'D3'},,,,,&,1.0,&
{'D5'},{'R2'},{'R3'},{'D3'},,,,,,,&,1.0,&
{'D5'},{'R2'},{'R3'},{'D3'},{'D2'},{'D1'},{'D6'},{'D4'},{'D7'},{'R1'},&,1.0,&
{'D5'},{'R2'},{'R3'},{'D3'},{'D2'},{'R1'},{'D1'},,,,&,1.0,&
{'D5'},{'R2'},{'R3'},{'D3'},{'R1'},,,,,,&,2.0,&
{'D5'},{'R2'},{'R3'},{'D3'},{'R1'},{'D2'},,,,,&,1.0,&
{'D5'},{'R2'},{'R3'},{'D3'},{'R1'},{'D2'},{'D1'},{'D6'},{'D7'},{'D4'},&,1.0,&
{'D5'},{'R2'},{'R3'},{'D3'},{'D1'},{'D2'},{'D7'},{'D6'},,,&,1.0,&
{'D5'},{'R2'},{'R3'},{'D3'},{'D1'},{'R1'},,,,,&,1.0,&
{'D5'},{'R2'},{'R3'},{'D3'},{'D1'},{'R1'},{'D7'},{'D2'},{'D6'},{'D4'},&,1.0,&
{'D5'},{'R2'},{'R3'},{'D4'},{'D1'},{'D2'},{'R1'},{'D7'},,,&,1.0,&
{'D5'},{'R2'},{'R3'},{'R1'},,,,,,,&,8.0,&
{'D5'},{'R2'},{'R3'},{'R1'},{'D2'},{'D1'},{'D7'},{'D3'},,,&,1.0,&
{'D5'},{'R2'},{'R3'},{'R1'},{'D2'},{'D1'},{'D3'},{'D7'},,,&,1.0,&
{'D5'},{'R2'},{'R3'},{'R1'},{'D2'},{'D6'},{'D7'},{'D1'},{'D3'},,&,1.0,&
{'D5'},{'R2'},{'R3'},{'R1'},{'D2'},{'D6'},{'D3'},{'D1'},,,&,1.0,&
{'D5'},{'R2'},{'R3'},{'R1'},{'D2'},{'D3'},,,,,&,1.0,&
{'D5'},{'R2'},{'R3'},{'R1'},{'D2'},{'D3'},{'D6'},{'D1'},,,&,1.0,&
{'D5'},{'R2'},{'R3'},{'R1'},{'D6'},{'D2'},{'D3'},,,,&,1.0,&
{'D5'},{'R2'},{'R3'},{'R1'},{'D6'},{'D3'},{'D2'},{'D1'},{'D7'},,&,1.0,&
{'D5'},{'R2'},{'R3'},{'R1'},{'D3'},{'D1'},,,,,&,1.0,&
{'D5'},{'R2'},{'R3'},{'R1'},{'D3'},{'D6'},{'D2'},,,,&,1.0,&
{'D5'},{'R2'},{'R3'},{'R1'},{'D3'},{'D2'},{'D1'},{'D6'},,,&,1.0,&
{'D5'},{'R2'},{'R3'},{'R1'},{'D3'},{'D2'},{'D1'},{'D4'},{'D7'},{'D6'},&,1.0,&
{'D5'},{'R2'},{'R3'},{'R1'},{'D1'},,,,,,&,3.0,&
{'D5'},{'R2'},{'R3'},{'R1'},{'D1'},{'D6'},{'D2'},{'D7'},,,&,1.0,&
{'D5'},{'R2'},{'R3'},{'R1'},{'D1'},{'D3'},{'D2'},{'D6'},{'D4'},{'D7'},&,1.0,&
{'D5'},{'R2'},{'R3'},{'R1'},{'D4'},{'D3'},,,,,&,2.0,&
{'D5'},{'R2'},{'R3'},{'D6'},{'D3'},,,,,,&,1.0,&
{'D5'},{'R2'},{'R3'},{'D6'},{'R1'},{'D7'},,,,,&,1.0,&
{'D5'},{'R2'},{'R3'},{'D6'},{'R1'},{'D2'},{'D1'},,,,&,1.0,&
{'D5'},{'R2'},{'R3'},{'D6'},{'R1'},{'D3'},{'D1'},{'D2'},{'D4'},,&,1.0,&
{'D5'},{'R2'},{'R3'},{'D6'},{'D1'},{'D2'},{'D3'},,,,&,1.0,&
{'D5'},{'R2'},{'R3'},{'D2'},,,,,,,&,6.0,&
{'D5'},{'R2'},{'R3'},{'D2'},{'D3'},{'D1'},{'R1'},{'D6'},{'D7'},{'D4'},&,1.0,&
{'D5'},{'R2'},{'R3'},{'D2'},{'D3'},{'D1'},{'D6'},{'D7'},{'D4'},,&,1.0,&
{'D5'},{'R2'},{'R3'},{'D2'},{'D3'},{'D6'},{'R1'},{'D1'},,,&,1.0,&
{'D5'},{'R2'},{'R3'},{'D2'},{'D3'},{'D4'},{'R1'},{'D1'},,,&,1.0,&
{'D5'},{'R2'},{'R3'},{'D2'},{'R1'},{'D6'},{'D3'},,,,&,1.0,&
{'D5'},{'R2'},{'R3'},{'D2'},{'R1'},{'D3'},{'D7'},,,,&,1.0,&
{'D5'},{'R2'},{'R3'},{'D2'},{'D1'},,,,,,&,2.0,&
{'D5'},{'R2'},{'R3'},{'D2'},{'D1'},{'D3'},,,,,&,1.0,&
{'D5'},{'R2'},{'R3'},{'D2'},{'D1'},{'R1'},,,,,&,2.0,&
{'D5'},{'R2'},{'R3'},{'D2'},{'D1'},{'R1'},{'D3'},,,,&,1.0,&
{'D5'},{'R2'},{'D2'},,,,,,,,&,17.0,&
{'D5'},{'R2'},{'D2'},{'D1'},,,,,,,&,1.0,&
{'D5'},{'R2'},{'D2'},{'D1'},{'D6'},{'R3'},,,,,&,1.0,&
{'D5'},{'R2'},{'D2'},{'D1'},{'D6'},{'D3'},,,,,&,1.0,&
{'D5'},{'R2'},{'D2'},{'D1'},{'D3'},{'D7'},{'R3'},{'D4'},{'R1'},,&,1.0,&
{'D5'},{'R2'},{'D2'},{'D1'},{'D3'},{'D7'},{'R1'},{'R3'},{'D6'},{'D4'},&,1.0,&
{'D5'},{'R2'},{'D2'},{'D1'},{'D3'},{'D7'},{'D6'},{'D4'},{'R3'},{'R1'},&,1.0,&
{'D5'},{'R2'},{'D2'},{'D1'},{'D3'},{'D6'},{'D7'},{'R3'},{'D4'},,&,1.0,&
{'D5'},{'R2'},{'D2'},{'D1'},{'D3'},{'D6'},{'D7'},{'R3'},{'D4'},{'R1'},&,1.0,&
{'D5'},{'R2'},{'D2'},{'D1'},{'D3'},{'D6'},{'R3'},{'R1'},{'D7'},{'D4'},&,1.0,&
{'D5'},{'R2'},{'D2'},{'D1'},{'D3'},{'R3'},,,,,&,1.0,&
{'D5'},{'R2'},{'D2'},{'D1'},{'D3'},{'R3'},{'D7'},{'D6'},{'R1'},{'D4'},&,1.0,&
{'D5'},{'R2'},{'D2'},{'D1'},{'R1'},{'D6'},{'R3'},,,,&,2.0,&
{'D5'},{'R2'},{'D2'},{'D1'},{'R1'},{'R3'},{'D3'},{'D6'},,,&,1.0,&
{'D5'},{'R2'},{'D2'},{'D1'},{'R1'},{'R3'},{'D3'},{'D6'},{'D7'},,&,1.0,&
{'D5'},{'R2'},{'D2'},{'D1'},{'R1'},{'D3'},{'D7'},{'D6'},{'R3'},{'D4'},&,1.0,&
{'D5'},{'R2'},{'D2'},{'D1'},{'R1'},{'D3'},{'D7'},{'R3'},{'D6'},{'D4'},&,1.0,&
{'D5'},{'R2'},{'D2'},{'D1'},{'R3'},{'D7'},{'D3'},,,,&,1.0,&
{'D5'},{'R2'},{'D2'},{'D1'},{'R3'},{'D3'},,,,,&,1.0,&
{'D5'},{'R2'},{'D2'},{'D1'},{'R3'},{'R1'},{'D3'},,,,&,1.0,&
{'D5'},{'R2'},{'D2'},{'D3'},{'D6'},,,,,,&,1.0,&
{'D5'},{'R2'},{'D2'},{'D3'},{'D6'},{'D1'},{'D7'},{'D4'},{'R3'},{'R1'},&,1.0,&
{'D5'},{'R2'},{'D2'},{'D3'},{'D6'},{'R3'},{'D4'},,,,&,1.0,&
{'D5'},{'R2'},{'D2'},{'D3'},{'R1'},{'R3'},{'D7'},{'D6'},,,&,1.0,&
{'D5'},{'R2'},{'D2'},{'D3'},{'R3'},{'D1'},,,,,&,1.0,&
{'D5'},{'R2'},{'D2'},{'D3'},{'R3'},{'D1'},{'R1'},{'D6'},{'D7'},{'D4'},&,1.0,&
{'D5'},{'R2'},{'D2'},{'D3'},{'R3'},{'D1'},{'D4'},{'D6'},{'D7'},,&,1.0,&
{'D5'},{'R2'},{'D2'},{'D3'},{'R3'},{'D7'},{'D1'},{'R1'},,,&,1.0,&
{'D5'},{'R2'},{'D2'},{'D3'},{'R3'},{'D6'},{'D1'},{'D7'},{'R1'},{'D4'},&,1.0,&
{'D5'},{'R2'},{'D2'},{'D3'},{'R3'},{'R1'},{'D4'},,,,&,1.0,&
{'D5'},{'R2'},{'D2'},{'D3'},{'R3'},{'D4'},{'D1'},,,,&,1.0,&
{'D5'},{'R2'},{'D2'},{'D3'},{'D1'},,,,,,&,1.0,&
{'D5'},{'R2'},{'D2'},{'D3'},{'D1'},{'D7'},{'D6'},{'R3'},{'R1'},{'D4'},&,1.0,&
{'D5'},{'R2'},{'D2'},{'D3'},{'D1'},{'D6'},{'D7'},,,,&,2.0,&
{'D5'},{'R2'},{'D2'},{'D3'},{'D1'},{'R3'},{'R1'},{'D7'},{'D6'},,&,1.0,&
{'D5'},{'R2'},{'D2'},{'D7'},{'D3'},{'D4'},,,,,&,1.0,&
{'D5'},{'R2'},{'D2'},{'D7'},{'R1'},{'R3'},{'D1'},,,,&,1.0,&
{'D5'},{'R2'},{'D2'},{'R1'},,,,,,,&,1.0,&
{'D5'},{'R2'},{'D2'},{'R1'},{'D3'},{'D1'},,,,,&,1.0,&
{'D5'},{'R2'},{'D2'},{'R3'},{'D3'},{'D1'},{'D6'},,,,&,1.0,&
{'D5'},{'R2'},{'D2'},{'R3'},{'D3'},{'D1'},{'D6'},{'D7'},,,&,1.0,&
{'D5'},{'R2'},{'D2'},{'R3'},{'D3'},{'D1'},{'D6'},{'R1'},,,&,1.0,&
{'D5'},{'R2'},{'D2'},{'R3'},{'R1'},,,,,,&,2.0,&
{'D5'},{'R2'},{'D2'},{'R3'},{'R1'},{'D1'},{'D6'},{'D3'},,,&,1.0,&
{'D5'},{'R2'},{'D2'},{'R3'},{'R1'},{'D3'},{'D6'},{'D1'},{'D4'},{'D7'},&,1.0,&
{'D5'},{'R2'},{'D2'},{'R3'},{'D1'},{'D3'},{'D6'},{'D4'},{'R1'},,&,1.0,&
{'D5'},{'R2'},{'D2'},{'D6'},{'R1'},{'D1'},{'R3'},{'D3'},{'D7'},{'D4'},&,1.0,&
{'D5'},{'R2'},{'D2'},{'D6'},{'R3'},{'R1'},{'D3'},,,,&,1.0,&
{'D5'},{'R2'},{'D4'},,,,,,,,&,1.0,&
{'D5'},{'R2'},{'D4'},{'R3'},{'D2'},{'D3'},{'D1'},{'D6'},{'R1'},,&,1.0,&
{'D5'},{'D6'},,,,,,,,,&,6.0,&
{'D5'},{'D6'},{'R1'},{'D1'},{'R2'},{'D3'},{'D2'},{'R3'},,,&,1.0,&
{'D5'},{'D6'},{'R1'},{'R3'},{'D2'},{'D1'},{'R2'},{'D3'},,,&,1.0,&
{'D5'},{'D6'},{'R1'},{'D2'},{'R3'},{'R2'},,,,,&,1.0,&
{'D5'},{'D6'},{'D3'},,,,,,,,&,1.0,&
{'D5'},{'D6'},{'D3'},{'R2'},{'R3'},{'D2'},{'D1'},{'D7'},,,&,1.0,&
{'D5'},{'D6'},{'D3'},{'D1'},,,,,,,&,1.0,&
{'D5'},{'D6'},{'D3'},{'D1'},{'R3'},{'R2'},{'D2'},{'R1'},,,&,1.0,&
{'D5'},{'D6'},{'D3'},{'R1'},{'D1'},,,,,,&,1.0,&
{'D5'},{'D6'},{'D3'},{'R1'},{'D1'},{'R2'},{'D2'},{'D7'},{'D4'},{'R3'},&,1.0,&
{'D5'},{'D6'},{'D3'},{'D2'},{'R3'},{'D1'},{'R2'},{'D7'},{'R1'},,&,1.0,&
{'D5'},{'D6'},{'D1'},,,,,,,,&,3.0,&
{'D5'},{'D6'},{'D1'},{'R2'},,,,,,,&,1.0,&
{'D5'},{'D6'},{'D1'},{'R3'},{'D3'},{'R2'},{'D2'},{'D7'},{'R1'},,&,1.0,&
{'D5'},{'D6'},{'D1'},{'R3'},{'R1'},,,,,,&,1.0,&
{'D5'},{'D6'},{'D1'},{'R3'},{'R1'},{'D2'},,,,,&,1.0,&
{'D5'},{'D6'},{'D1'},{'D2'},,,,,,,&,3.0,&
{'D5'},{'D6'},{'D1'},{'D2'},{'D3'},{'D7'},{'R2'},{'R3'},{'D4'},,&,1.0,&
{'D5'},{'D6'},{'D7'},{'D2'},,,,,,,&,1.0,&
{'D5'},{'D6'},{'D7'},{'D2'},{'R2'},{'D1'},{'R3'},{'R1'},{'D3'},{'D4'},&,1.0,&
{'D5'},{'D6'},{'R3'},,,,,,,,&,1.0,&
{'D5'},{'D6'},{'R3'},{'R2'},,,,,,,&,1.0,&
{'D5'},{'D6'},{'R3'},{'R2'},{'D2'},{'D3'},{'D1'},{'R1'},,,&,1.0,&
{'D5'},{'D6'},{'R3'},{'R2'},{'R1'},,,,,,&,1.0,&
{'D5'},{'D6'},{'R3'},{'R2'},{'R1'},{'D1'},{'D2'},,,,&,1.0,&
{'D5'},{'D6'},{'R3'},{'R2'},{'R1'},{'D3'},{'D2'},,,,&,1.0,&
{'D5'},{'D6'},{'R3'},{'R2'},{'D1'},{'D3'},{'R1'},{'D2'},{'D7'},,&,1.0,&
{'D5'},{'D6'},{'R3'},{'D1'},,,,,,,&,1.0,&
{'D5'},{'D6'},{'R3'},{'D1'},{'R2'},{'D2'},{'R1'},{'D7'},{'D3'},,&,1.0,&
{'D5'},{'D6'},{'R3'},{'D3'},{'D1'},{'D2'},{'D4'},{'D7'},{'R2'},{'R1'},&,1.0,&
{'D5'},{'D6'},{'R3'},{'D2'},{'D1'},{'R2'},{'R1'},,,,&,1.0,&
{'D5'},{'D6'},{'R3'},{'D2'},{'R2'},,,,,,&,1.0,&
{'D5'},{'D6'},{'R3'},{'D2'},{'R2'},{'D1'},,,,,&,1.0,&
{'D5'},{'D6'},{'R3'},{'D2'},{'R2'},{'D1'},{'D3'},,,,&,1.0,&
{'D5'},{'D6'},{'R2'},,,,,,,,&,1.0,&
{'D5'},{'D6'},{'R2'},{'D3'},,,,,,,&,1.0,&
{'D5'},{'D6'},{'R2'},{'D3'},{'R3'},{'R1'},{'D1'},,,,&,1.0,&
{'D5'},{'D6'},{'R2'},{'D7'},,,,,,,&,1.0,&
{'D5'},{'D6'},{'R2'},{'R1'},{'R3'},{'D2'},{'D3'},{'D1'},,,&,1.0,&
{'D5'},{'D6'},{'R2'},{'R3'},{'D3'},{'D1'},{'R1'},{'D2'},,,&,1.0,&
{'D5'},{'D6'},{'R2'},{'R3'},{'D1'},{'R1'},{'D2'},{'D3'},{'D7'},,&,1.0,&
{'D5'},{'D6'},{'D2'},,,,,,,,&,2.0,&
{'D5'},{'D6'},{'D2'},{'R2'},{'R3'},,,,,,&,1.0,&
{'D5'},{'D6'},{'D2'},{'D1'},,,,,,,&,1.0,&
{'D5'},{'D6'},{'D2'},{'D1'},{'R3'},{'R2'},,,,,&,1.0,&
{'D5'},{'D6'},{'D2'},{'D3'},{'R3'},{'R2'},{'D1'},,,,&,1.0,&
{'D5'},{'D6'},{'D2'},{'D3'},{'D1'},{'R2'},{'R3'},{'D4'},{'R1'},,&,1.0,&
{'D5'},{'D6'},{'D2'},{'D3'},{'R2'},{'D1'},{'D7'},,,,&,1.0,&
{'D5'},{'D6'},{'D2'},{'D7'},{'R2'},,,,,,&,1.0,&
{'D5'},{'D6'},{'D2'},{'R1'},{'D1'},{'R2'},{'R3'},{'D3'},,,&,1.0,&
{'D5'},{'D6'},{'D2'},{'R3'},,,,,,,&,1.0,&
{'D5'},{'R1'},,,,,,,,,&,6.0,&
{'D5'},{'R1'},{'D6'},{'R3'},{'R2'},{'D2'},{'D3'},{'D1'},,,&,1.0,&
{'D5'},{'R1'},{'D3'},,,,,,,,&,2.0,&
{'D5'},{'R1'},{'D3'},{'R2'},,,,,,,&,1.0,&
{'D5'},{'R1'},{'D3'},{'R2'},{'D2'},{'D1'},{'R3'},{'D7'},{'D6'},,&,1.0,&
{'D5'},{'R1'},{'D3'},{'R2'},{'D2'},{'R3'},{'D1'},{'D7'},{'D6'},{'D4'},&,1.0,&
{'D5'},{'R1'},{'D3'},{'R2'},{'R3'},{'D6'},{'D7'},,,,&,1.0,&
{'D5'},{'R1'},{'D3'},{'D1'},{'D2'},{'R3'},{'D7'},{'D6'},{'R2'},{'D4'},&,1.0,&
{'D5'},{'R1'},{'D3'},{'D1'},{'R3'},{'R2'},{'D2'},{'D6'},,,&,1.0,&
{'D5'},{'R1'},{'D3'},{'R3'},,,,,,,&,1.0,&
{'D5'},{'R1'},{'D3'},{'D2'},{'D6'},{'D1'},{'D4'},{'R2'},{'R3'},,&,1.0,&
{'D5'},{'R1'},{'D3'},{'D2'},{'R3'},{'R2'},{'D6'},{'D7'},,,&,1.0,&
{'D5'},{'R1'},{'D3'},{'D2'},{'D1'},,,,,,&,1.0,&
{'D5'},{'R1'},{'D3'},{'D2'},{'D1'},{'D4'},,,,,&,1.0,&
{'D5'},{'R1'},{'D1'},,,,,,,,&,1.0,&
{'D5'},{'R1'},{'D1'},{'R2'},,,,,,,&,1.0,&
{'D5'},{'R1'},{'D1'},{'R2'},{'D3'},{'D2'},{'R3'},,,,&,1.0,&
{'D5'},{'R1'},{'D1'},{'R2'},{'D3'},{'D2'},{'R3'},{'D6'},,,&,1.0,&
{'D5'},{'R1'},{'D1'},{'R2'},{'R3'},{'D2'},{'D6'},{'D7'},{'D3'},{'D4'},&,1.0,&
{'D5'},{'R1'},{'D1'},{'D3'},{'D4'},{'D2'},{'D7'},{'D6'},{'R2'},{'R3'},&,1.0,&
{'D5'},{'R1'},{'D1'},{'R3'},{'D3'},,,,,,&,1.0,&
{'D5'},{'R1'},{'D1'},{'D2'},{'R2'},{'R3'},{'D3'},,,,&,1.0,&
{'D5'},{'R1'},{'D7'},{'D2'},{'D3'},{'D1'},{'R2'},{'R3'},,,&,1.0,&
{'D5'},{'R1'},{'R3'},,,,,,,,&,2.0,&
{'D5'},{'R1'},{'R3'},{'R2'},{'D2'},,,,,,&,1.0,&
{'D5'},{'R1'},{'R3'},{'R2'},{'D2'},{'D1'},{'D3'},,,,&,1.0,&
{'D5'},{'R1'},{'R3'},{'R2'},{'D3'},,,,,,&,1.0,&
{'D5'},{'R1'},{'R3'},{'R2'},{'D3'},{'D2'},,,,,&,1.0,&
{'D5'},{'R1'},{'R3'},{'D1'},{'R2'},,,,,,&,1.0,&
{'D5'},{'R1'},{'R3'},{'D3'},{'R2'},{'D2'},,,,,&,1.0,&
{'D5'},{'R1'},{'R3'},{'D3'},{'R2'},{'D2'},{'D1'},{'D7'},{'D6'},{'D4'},&,1.0,&
{'D5'},{'R1'},{'R3'},{'D7'},{'R2'},{'D3'},,,,,&,1.0,&
{'D5'},{'R1'},{'R3'},{'D2'},,,,,,,&,1.0,&
{'D5'},{'R1'},{'R3'},{'D2'},{'D3'},{'D1'},{'D6'},{'D7'},{'D4'},,&,1.0,&
{'D5'},{'R1'},{'R3'},{'D2'},{'D1'},{'D3'},{'D4'},{'R2'},,,&,1.0,&
{'D5'},{'R1'},{'R3'},{'D2'},{'R2'},{'D3'},{'D1'},{'D7'},{'D6'},{'D4'},&,1.0,&
{'D5'},{'R1'},{'R2'},{'D1'},,,,,,,&,1.0,&
{'D5'},{'R1'},{'R2'},{'R3'},,,,,,,&,1.0,&
{'D5'},{'R1'},{'R2'},{'R3'},{'D2'},,,,,,&,1.0,&
{'D5'},{'R1'},{'R2'},{'R3'},{'D2'},{'D1'},{'D7'},{'D3'},,,&,1.0,&
{'D5'},{'R1'},{'R2'},{'R3'},{'D3'},,,,,,&,1.0,&
{'D5'},{'R1'},{'R2'},{'D2'},,,,,,,&,1.0,&
{'D5'},{'R1'},{'R2'},{'D2'},{'D3'},{'D1'},{'D6'},{'R3'},,,&,1.0,&
{'D5'},{'R1'},{'R2'},{'D2'},{'D1'},{'D7'},{'D3'},{'D6'},{'R3'},,&,1.0,&
{'D5'},{'R1'},{'D2'},,,,,,,,&,2.0,&
{'D5'},{'R1'},{'D2'},{'D1'},{'D3'},{'D7'},{'R2'},{'D6'},{'R3'},{'D4'},&,1.0,&
{'D5'},{'R1'},{'D2'},{'D1'},{'R2'},{'R3'},,,,,&,1.0,&
{'D5'},{'R1'},{'D2'},{'D3'},{'D7'},{'R3'},{'R2'},{'D1'},{'D6'},,&,1.0,&
{'D5'},{'R1'},{'D2'},{'D3'},{'D1'},{'D7'},{'D4'},,,,&,1.0,&
{'D5'},{'R1'},{'D2'},{'D3'},{'R2'},{'R3'},{'D1'},{'D6'},{'D4'},,&,1.0,&
{'D5'},{'R1'},{'D2'},{'D7'},{'D1'},{'D3'},{'D4'},{'D6'},,,&,1.0,&
{'D5'},{'R1'},{'D2'},{'R3'},,,,,,,&,1.0,&
{'D5'},{'R1'},{'D2'},{'R3'},{'D1'},{'D6'},,,,,&,1.0,&
{'D5'},{'R1'},{'D2'},{'D6'},{'D3'},{'D1'},{'R2'},{'D7'},{'R3'},{'D4'},&,1.0,&
{'D5'},{'R1'},{'D4'},{'R2'},,,,,,,&,1.0,&
{'D5'},{'D4'},,,,,,,,,&,1.0,&
{'D5'},{'D4'},{'D3'},{'R3'},{'R2'},{'R1'},,,,,&,1.0,&
{'D5'},{'D4'},{'D1'},{'R2'},{'D3'},{'R1'},{'R3'},{'D7'},,,&,1.0,&
{'D5'},{'D4'},{'D1'},{'R3'},{'R2'},,,,,,&,1.0,&
{'D5'},{'D4'},{'R3'},{'R2'},,,,,,,&,1.0,&
{'D5'},{'D4'},{'R2'},{'D1'},,,,,,,&,1.0,&
{'D5'},{'D4'},{'R2'},{'D1'},{'R1'},{'D7'},{'D3'},{'D2'},,,&,1.0,&
{'D5'},{'D4'},{'R2'},{'D3'},{'D7'},,,,,,&,1.0,&
{'D5'},{'D4'},{'R2'},{'R3'},,,,,,,&,1.0,&
{'D5'},{'D4'},{'R2'},{'R3'},{'D2'},{'D3'},{'R1'},,,,&,1.0,&
{'D5'},{'D4'},{'R2'},{'D2'},{'D3'},{'R3'},{'D1'},{'D6'},{'R1'},,&,1.0,&
{'D5'},{'D4'},{'R2'},{'D2'},{'D3'},{'R3'},{'D1'},{'R1'},{'D7'},{'D6'},&,1.0,&
{'D5'},{'D4'},{'D2'},{'R2'},{'R3'},{'R1'},,,,,&,1.0,&
{'D5'},{'D4'},{'D2'},{'D3'},{'R2'},{'R3'},{'D1'},{'R1'},,,&,1.0,&
{'D5'},{'D4'},{'D2'},{'R1'},{'R2'},{'D6'},{'D1'},{'D3'},{'R3'},,&,1.0,&
{'D5'},{'D4'},{'D2'},{'R3'},{'D1'},{'D3'},{'D7'},,,,&,1.0,&
{'D5'},{'D4'},{'D2'},{'D6'},{'D3'},{'R2'},,,,,&,1.0,&
{'D5'},{'D3'},,,,,,,,,&,25.0,&
{'D5'},{'D3'},{'R1'},,,,,,,,&,2.0,&
{'D5'},{'D3'},{'R1'},{'D1'},{'R2'},{'D2'},,,,,&,1.0,&
{'D5'},{'D3'},{'R1'},{'R3'},{'D1'},,,,,,&,1.0,&
{'D5'},{'D3'},{'R1'},{'D6'},{'R3'},{'D2'},,,,,&,1.0,&
{'D5'},{'D3'},{'R1'},{'D2'},,,,,,,&,1.0,&
{'D5'},{'D3'},{'R1'},{'D2'},{'D6'},{'D1'},,,,,&,1.0,&
{'D5'},{'D3'},{'R1'},{'D2'},{'D1'},,,,,,&,1.0,&
{'D5'},{'D3'},{'D6'},{'D1'},{'D2'},{'R2'},,,,,&,1.0,&
{'D5'},{'D3'},{'D6'},{'D7'},{'R1'},{'D1'},{'R2'},{'D2'},{'D4'},{'R3'},&,1.0,&
{'D5'},{'D3'},{'D6'},{'R3'},,,,,,,&,1.0,&
{'D5'},{'D3'},{'D6'},{'D2'},{'R3'},,,,,,&,1.0,&
{'D5'},{'D3'},{'D6'},{'D2'},{'D1'},{'D7'},{'D4'},{'R3'},{'R2'},{'R1'},&,1.0,&
{'D5'},{'D3'},{'D1'},,,,,,,,&,12.0,&
{'D5'},{'D3'},{'D1'},{'R2'},,,,,,,&,3.0,&
{'D5'},{'D3'},{'D1'},{'R2'},{'D2'},,,,,,&,2.0,&
{'D5'},{'D3'},{'D1'},{'R2'},{'D2'},{'D6'},{'D7'},{'D4'},{'R3'},{'R1'},&,1.0,&
{'D5'},{'D3'},{'D1'},{'R2'},{'D2'},{'D6'},{'R3'},{'D7'},{'D4'},{'R1'},&,1.0,&
{'D5'},{'D3'},{'D1'},{'R2'},{'D6'},{'D7'},{'D2'},,,,&,1.0,&
{'D5'},{'D3'},{'D1'},{'R2'},{'D7'},{'D2'},{'D4'},,,,&,1.0,&
{'D5'},{'D3'},{'D1'},{'R2'},{'R3'},{'D2'},{'D6'},{'D4'},{'D7'},,&,1.0,&
{'D5'},{'D3'},{'D1'},{'R2'},{'R3'},{'D2'},{'D4'},{'D7'},{'R1'},,&,1.0,&
{'D5'},{'D3'},{'D1'},{'R2'},{'R3'},{'R1'},,,,,&,3.0,&
{'D5'},{'D3'},{'D1'},{'R2'},{'R3'},{'R1'},{'D2'},{'D6'},{'D7'},{'D4'},&,1.0,&
{'D5'},{'D3'},{'D1'},{'D7'},{'D2'},{'R2'},{'R3'},,,,&,1.0,&
{'D5'},{'D3'},{'D1'},{'D7'},{'R2'},{'D2'},{'D6'},{'D4'},,,&,1.0,&
{'D5'},{'D3'},{'D1'},{'R1'},,,,,,,&,1.0,&
{'D5'},{'D3'},{'D1'},{'R1'},{'D2'},{'D6'},{'D7'},{'R2'},{'D4'},,&,1.0,&
{'D5'},{'D3'},{'D1'},{'R1'},{'D2'},{'D6'},{'R3'},{'D4'},{'D7'},{'R2'},&,1.0,&
{'D5'},{'D3'},{'D1'},{'R1'},{'R2'},{'R3'},{'D2'},{'D7'},{'D6'},{'D4'},&,1.0,&
{'D5'},{'D3'},{'D1'},{'R3'},,,,,,,&,2.0,&
{'D5'},{'D3'},{'D1'},{'R3'},{'D6'},{'R2'},{'D2'},{'R1'},,,&,1.0,&
{'D5'},{'D3'},{'D1'},{'R3'},{'R2'},{'D7'},{'D2'},,,,&,1.0,&
{'D5'},{'D3'},{'D1'},{'R3'},{'R2'},{'R1'},{'D7'},,,,&,1.0,&
{'D5'},{'D3'},{'D1'},{'R3'},{'R2'},{'R1'},{'D2'},,,,&,1.0,&
{'D5'},{'D3'},{'D1'},{'R3'},{'R2'},{'D4'},{'R1'},{'D2'},{'D6'},,&,1.0,&
{'D5'},{'D3'},{'D1'},{'D6'},{'D2'},{'D7'},,,,,&,1.0,&
{'D5'},{'D3'},{'D1'},{'D6'},{'D7'},{'R3'},{'R2'},{'R1'},{'D2'},{'D4'},&,1.0,&
{'D5'},{'D3'},{'D1'},{'D6'},{'R3'},{'R2'},,,,,&,1.0,&
{'D5'},{'D3'},{'D1'},{'D2'},,,,,,,&,3.0,&
{'D5'},{'D3'},{'D1'},{'D2'},{'D6'},{'D7'},,,,,&,1.0,&
{'D5'},{'D3'},{'D1'},{'D2'},{'D6'},{'R2'},{'D7'},{'R3'},{'D4'},{'R1'},&,1.0,&
{'D5'},{'D3'},{'D1'},{'D2'},{'D6'},{'R3'},{'D4'},{'R2'},{'R1'},{'D7'},&,1.0,&
{'D5'},{'D3'},{'D1'},{'D2'},{'R3'},,,,,,&,1.0,&
{'D5'},{'D3'},{'D1'},{'D2'},{'R3'},{'R2'},{'D7'},,,,&,1.0,&
{'D5'},{'D3'},{'D1'},{'D2'},{'R2'},,,,,,&,1.0,&
{'D5'},{'D3'},{'D1'},{'D2'},{'R2'},{'D6'},{'R1'},,,,&,1.0,&
{'D5'},{'D3'},{'D1'},{'D2'},{'R2'},{'R3'},{'D6'},,,,&,1.0,&
{'D5'},{'D3'},{'D1'},{'D2'},{'R2'},{'D4'},{'D6'},{'R3'},,,&,1.0,&
{'D5'},{'D3'},{'D1'},{'D2'},{'D4'},{'D6'},{'R2'},{'D7'},,,&,1.0,&
{'D5'},{'D3'},{'D7'},,,,,,,,&,1.0,&
{'D5'},{'D3'},{'D7'},{'R1'},{'D2'},{'R2'},,,,,&,1.0,&
{'D5'},{'D3'},{'D7'},{'R3'},{'R2'},{'D6'},,,,,&,1.0,&
{'D5'},{'D3'},{'D7'},{'D2'},{'R2'},{'R3'},,,,,&,1.0,&
{'D5'},{'D3'},{'R3'},,,,,,,,&,8.0,&
{'D5'},{'D3'},{'R3'},{'R2'},{'D2'},,,,,,&,2.0,&
{'D5'},{'D3'},{'R3'},{'R2'},{'D2'},{'D1'},,,,,&,1.0,&
{'D5'},{'D3'},{'R3'},{'R2'},{'D2'},{'D1'},{'D7'},{'D4'},{'D6'},{'R1'},&,1.0,&
{'D5'},{'D3'},{'R3'},{'R2'},{'D2'},{'D1'},{'R1'},{'D6'},,,&,1.0,&
{'D5'},{'D3'},{'R3'},{'R2'},{'D2'},{'R1'},{'D6'},,,,&,1.0,&
{'D5'},{'D3'},{'R3'},{'R2'},{'D6'},,,,,,&,1.0,&
{'D5'},{'D3'},{'R3'},{'R2'},{'D6'},{'D2'},,,,,&,1.0,&
{'D5'},{'D3'},{'R3'},{'R2'},{'D7'},{'D2'},{'R1'},{'D6'},{'D1'},{'D4'},&,1.0,&
{'D5'},{'D3'},{'R3'},{'R2'},{'R1'},{'D1'},{'D2'},{'D6'},{'D7'},{'D4'},&,1.0,&
{'D5'},{'D3'},{'R3'},{'R2'},{'R1'},{'D6'},,,,,&,1.0,&
{'D5'},{'D3'},{'R3'},{'R2'},{'D1'},,,,,,&,1.0,&
{'D5'},{'D3'},{'R3'},{'R2'},{'D1'},{'D2'},{'R1'},{'D6'},,,&,1.0,&
{'D5'},{'D3'},{'R3'},{'R2'},{'D1'},{'R1'},{'D2'},,,,&,2.0,&
{'D5'},{'D3'},{'R3'},{'D1'},,,,,,,&,2.0,&
{'D5'},{'D3'},{'R3'},{'D1'},{'D2'},{'D7'},{'R2'},{'D6'},{'D4'},{'R1'},&,1.0,&
{'D5'},{'D3'},{'R3'},{'D1'},{'D2'},{'R2'},{'D7'},{'D6'},{'D4'},,&,1.0,&
{'D5'},{'D3'},{'R3'},{'D1'},{'D2'},{'R2'},{'D6'},{'R1'},,,&,1.0,&
{'D5'},{'D3'},{'R3'},{'D1'},{'D2'},{'D6'},,,,,&,1.0,&
{'D5'},{'D3'},{'R3'},{'D1'},{'D6'},{'D2'},,,,,&,1.0,&
{'D5'},{'D3'},{'R3'},{'D1'},{'R1'},{'D2'},{'R2'},{'D6'},{'D7'},{'D4'},&,1.0,&
{'D5'},{'D3'},{'R3'},{'D1'},{'R1'},{'D4'},{'D2'},,,,&,1.0,&
{'D5'},{'D3'},{'R3'},{'D7'},{'D2'},{'D6'},{'D1'},{'R2'},,,&,1.0,&
{'D5'},{'D3'},{'R3'},{'D6'},{'D2'},{'D7'},,,,,&,1.0,&
{'D5'},{'D3'},{'R3'},{'D6'},{'R1'},{'D1'},{'D2'},{'D7'},,,&,1.0,&
{'D5'},{'D3'},{'R3'},{'D2'},{'R1'},{'D7'},{'D1'},{'D4'},{'R2'},{'D6'},&,1.0,&
{'D5'},{'D3'},{'R3'},{'D2'},{'D1'},,,,,,&,1.0,&
{'D5'},{'D3'},{'R3'},{'D2'},{'D1'},{'D7'},{'R2'},{'R1'},{'D6'},,&,1.0,&
{'D5'},{'D3'},{'R3'},{'D2'},{'D1'},{'D6'},{'R2'},{'D4'},,,&,1.0,&
{'D5'},{'D3'},{'R3'},{'D2'},{'R2'},{'D7'},{'D1'},{'D6'},{'R1'},{'D4'},&,1.0,&
{'D5'},{'D3'},{'R2'},,,,,,,,&,12.0,&
{'D5'},{'D3'},{'R2'},{'D1'},,,,,,,&,2.0,&
{'D5'},{'D3'},{'R2'},{'D1'},{'D2'},,,,,,&,1.0,&
{'D5'},{'D3'},{'R2'},{'D1'},{'D2'},{'R3'},{'D6'},{'D7'},{'D4'},,&,1.0,&
{'D5'},{'D3'},{'R2'},{'D1'},{'R1'},{'D2'},{'R3'},{'D6'},,,&,1.0,&
{'D5'},{'D3'},{'R2'},{'D1'},{'R1'},{'D2'},{'D6'},{'R3'},,,&,1.0,&
{'D5'},{'D3'},{'R2'},{'D1'},{'R3'},{'D2'},{'D6'},,,,&,1.0,&
{'D5'},{'D3'},{'R2'},{'D1'},{'R3'},{'D2'},{'D6'},{'D7'},{'D4'},,&,1.0,&
{'D5'},{'D3'},{'R2'},{'D1'},{'R3'},{'R1'},{'D2'},,,,&,1.0,&
{'D5'},{'D3'},{'R2'},{'D1'},{'R3'},{'R1'},{'D2'},{'D6'},,,&,1.0,&
{'D5'},{'D3'},{'R2'},{'D1'},{'R3'},{'R1'},{'D2'},{'D6'},{'D7'},{'D4'},&,1.0,&
{'D5'},{'D3'},{'R2'},{'D1'},{'D4'},{'R3'},,,,,&,1.0,&
{'D5'},{'D3'},{'R2'},{'D7'},{'R3'},{'R1'},{'D1'},{'D2'},,,&,1.0,&
{'D5'},{'D3'},{'R2'},{'R1'},{'D2'},{'R3'},{'D1'},,,,&,1.0,&
{'D5'},{'D3'},{'R2'},{'R3'},,,,,,,&,2.0,&
{'D5'},{'D3'},{'R2'},{'R3'},{'D2'},,,,,,&,1.0,&
{'D5'},{'D3'},{'R2'},{'R3'},{'D2'},{'D1'},{'D6'},{'R1'},{'D4'},,&,1.0,&
{'D5'},{'D3'},{'R2'},{'R3'},{'D2'},{'D6'},{'D1'},{'D7'},{'D4'},{'R1'},&,1.0,&
{'D5'},{'D3'},{'R2'},{'R3'},{'D2'},{'R1'},,,,,&,1.0,&
{'D5'},{'D3'},{'R2'},{'R3'},{'D2'},{'R1'},{'D1'},,,,&,1.0,&
{'D5'},{'D3'},{'R2'},{'R3'},{'D2'},{'R1'},{'D1'},{'D4'},{'D6'},{'D7'},&,1.0,&
{'D5'},{'D3'},{'R2'},{'R3'},{'D7'},{'D4'},{'D2'},{'D1'},{'R1'},,&,1.0,&
{'D5'},{'D3'},{'R2'},{'R3'},{'R1'},,,,,,&,1.0,&
{'D5'},{'D3'},{'R2'},{'R3'},{'R1'},{'D1'},{'D2'},,,,&,1.0,&
{'D5'},{'D3'},{'R2'},{'R3'},{'R1'},{'D1'},{'D2'},{'D6'},,,&,1.0,&
{'D5'},{'D3'},{'R2'},{'R3'},{'R1'},{'D2'},,,,,&,1.0,&
{'D5'},{'D3'},{'R2'},{'R3'},{'R1'},{'D2'},{'D7'},{'D1'},{'D6'},,&,1.0,&
{'D5'},{'D3'},{'R2'},{'R3'},{'D1'},,,,,,&,1.0,&
{'D5'},{'D3'},{'R2'},{'D2'},,,,,,,&,6.0,&
{'D5'},{'D3'},{'R2'},{'D2'},{'R3'},{'D1'},{'R1'},,,,&,1.0,&
{'D5'},{'D3'},{'R2'},{'D2'},{'D1'},{'R3'},{'R1'},,,,&,1.0,&
{'D5'},{'D3'},{'R2'},{'D2'},{'D1'},{'R3'},{'R1'},{'D6'},{'D4'},,&,1.0,&
{'D5'},{'D3'},{'R2'},{'D2'},{'D4'},{'D1'},{'R3'},{'D6'},,,&,1.0,&
{'D5'},{'D3'},{'D2'},,,,,,,,&,16.0,&
{'D5'},{'D3'},{'D2'},{'R2'},,,,,,,&,5.0,&
{'D5'},{'D3'},{'D2'},{'R2'},{'D6'},{'R3'},{'R1'},{'D1'},{'D4'},{'D7'},&,1.0,&
{'D5'},{'D3'},{'D2'},{'R2'},{'D7'},{'R3'},{'R1'},,,,&,1.0,&
{'D5'},{'D3'},{'D2'},{'R2'},{'R3'},,,,,,&,1.0,&
{'D5'},{'D3'},{'D2'},{'R2'},{'R3'},{'D1'},{'R1'},{'D4'},,,&,1.0,&
{'D5'},{'D3'},{'D2'},{'R2'},{'R3'},{'D1'},{'D6'},,,,&,1.0,&
{'D5'},{'D3'},{'D2'},{'R2'},{'R3'},{'R1'},,,,,&,2.0,&
{'D5'},{'D3'},{'D2'},{'R2'},{'R3'},{'R1'},{'D1'},{'D6'},,,&,1.0,&
{'D5'},{'D3'},{'D2'},{'R2'},{'D1'},{'D6'},{'R3'},{'D7'},,,&,1.0,&
{'D5'},{'D3'},{'D2'},{'R2'},{'D1'},{'D6'},{'R3'},{'R1'},{'D7'},{'D4'},&,1.0,&
{'D5'},{'D3'},{'D2'},{'R2'},{'D1'},{'D4'},{'R3'},{'D7'},{'R1'},{'D6'},&,1.0,&
{'D5'},{'D3'},{'D2'},{'D1'},,,,,,,&,4.0,&
{'D5'},{'D3'},{'D2'},{'D1'},{'D6'},,,,,,&,2.0,&
{'D5'},{'D3'},{'D2'},{'D1'},{'D6'},{'D7'},{'D4'},,,,&,2.0,&
{'D5'},{'D3'},{'D2'},{'D1'},{'D6'},{'D7'},{'D4'},{'R3'},,,&,1.0,&
{'D5'},{'D3'},{'D2'},{'D1'},{'D6'},{'R3'},{'D7'},{'R2'},{'D4'},,&,1.0,&
{'D5'},{'D3'},{'D2'},{'D1'},{'D6'},{'R3'},{'R2'},{'D7'},{'D4'},,&,1.0,&
{'D5'},{'D3'},{'D2'},{'D1'},{'D7'},,,,,,&,1.0,&
{'D5'},{'D3'},{'D2'},{'D1'},{'D7'},{'R2'},{'D6'},{'D4'},{'R3'},,&,1.0,&
{'D5'},{'D3'},{'D2'},{'D1'},{'D7'},{'R3'},,,,,&,1.0,&
{'D5'},{'D3'},{'D2'},{'D1'},{'D7'},{'R3'},{'D6'},{'D4'},,,&,1.0,&
{'D5'},{'D3'},{'D2'},{'D1'},{'R3'},{'D7'},{'D6'},{'R2'},{'D4'},{'R1'},&,1.0,&
{'D5'},{'D3'},{'D2'},{'D1'},{'R3'},{'R2'},{'D7'},{'D6'},{'R1'},{'D4'},&,1.0,&
{'D5'},{'D3'},{'D2'},{'D1'},{'R2'},,,,,,&,1.0,&
{'D5'},{'D3'},{'D2'},{'D1'},{'R2'},{'D7'},,,,,&,1.0,&
{'D5'},{'D3'},{'D2'},{'D1'},{'R2'},{'D7'},{'R3'},{'D6'},{'D4'},{'R1'},&,1.0,&
{'D5'},{'D3'},{'D2'},{'D1'},{'R2'},{'D6'},,,,,&,1.0,&
{'D5'},{'D3'},{'D2'},{'D1'},{'R2'},{'D6'},{'R3'},,,,&,2.0,&
{'D5'},{'D3'},{'D2'},{'D1'},{'R2'},{'R3'},,,,,&,1.0,&
{'D5'},{'D3'},{'D2'},{'D1'},{'R2'},{'R3'},{'R1'},,,,&,1.0,&
{'D5'},{'D3'},{'D2'},{'D1'},{'R2'},{'R1'},{'D7'},{'D6'},{'D4'},,&,1.0,&
{'D5'},{'D3'},{'D2'},{'D1'},{'D4'},,,,,,&,1.0,&
{'D5'},{'D3'},{'D2'},{'D4'},{'D1'},{'R2'},{'R3'},{'D6'},{'R1'},{'D7'},&,1.0,&
{'D5'},{'D3'},{'D2'},{'D7'},{'R2'},{'R3'},{'D1'},{'D6'},{'D4'},{'R1'},&,1.0,&
{'D5'},{'D3'},{'D2'},{'R1'},,,,,,,&,1.0,&
{'D5'},{'D3'},{'D2'},{'R3'},,,,,,,&,3.0,&
{'D5'},{'D3'},{'D2'},{'R3'},{'R1'},{'D1'},{'R2'},,,,&,1.0,&
{'D5'},{'D3'},{'D2'},{'R3'},{'D1'},{'D6'},{'D7'},,,,&,1.0,&
{'D5'},{'D3'},{'D2'},{'R3'},{'D1'},{'D6'},{'R2'},{'D4'},{'D7'},{'R1'},&,1.0,&
{'D5'},{'D3'},{'D2'},{'R3'},{'R2'},,,,,,&,1.0,&
{'D5'},{'D3'},{'D2'},{'R3'},{'R2'},{'D1'},,,,,&,1.0,&
{'D5'},{'D3'},{'D2'},{'R3'},{'R2'},{'D1'},{'R1'},,,,&,1.0,&
{'D5'},{'D3'},{'D2'},{'R3'},{'R2'},{'D6'},{'R1'},,,,&,1.0,&
{'D5'},{'D3'},{'D2'},{'R3'},{'R2'},{'D4'},,,,,&,1.0,&
{'D5'},{'D3'},{'D2'},{'D6'},,,,,,,&,2.0,&
{'D5'},{'D3'},{'D2'},{'D6'},{'R2'},{'R3'},{'R1'},,,,&,1.0,&
{'D5'},{'D3'},{'D4'},{'D2'},{'D6'},,,,,,&,1.0,&
{'D5'},{'D3'},{'D4'},{'D2'},{'R3'},{'R2'},{'R1'},,,,&,1.0,&
{'D5'},{'D7'},,,,,,,,,&,7.0,&
{'D5'},{'D7'},{'D6'},{'D4'},{'R3'},{'D3'},{'R2'},{'R1'},,,&,1.0,&
{'D5'},{'D7'},{'D3'},{'R2'},{'R3'},{'R1'},{'D2'},{'D6'},{'D1'},,&,1.0,&
{'D5'},{'D7'},{'D3'},{'R2'},{'D1'},{'R3'},{'R1'},{'D2'},{'D6'},{'D4'},&,1.0,&
{'D5'},{'D7'},{'D3'},{'R3'},{'R1'},{'R2'},,,,,&,1.0,&
{'D5'},{'D7'},{'D3'},{'D2'},{'D6'},{'D1'},,,,,&,1.0,&
{'D5'},{'D7'},{'D3'},{'D2'},{'R3'},{'D6'},{'R2'},{'D1'},{'R1'},{'D4'},&,1.0,&
{'D5'},{'D7'},{'D1'},,,,,,,,&,1.0,&
{'D5'},{'D7'},{'D1'},{'D3'},{'R3'},{'R2'},{'R1'},{'D2'},,,&,1.0,&
{'D5'},{'D7'},{'D1'},{'D2'},{'R3'},{'D3'},{'D6'},{'R2'},{'D4'},{'R1'},&,1.0,&
{'D5'},{'D7'},{'R3'},,,,,,,,&,1.0,&
{'D5'},{'D7'},{'R3'},{'D3'},{'R2'},,,,,,&,1.0,&
{'D5'},{'D7'},{'R2'},,,,,,,,&,3.0,&
{'D5'},{'D7'},{'R2'},{'R1'},{'R3'},{'D3'},{'D2'},{'D1'},{'D6'},,&,1.0,&
{'D5'},{'D7'},{'R2'},{'D2'},{'R3'},,,,,,&,1.0,&
{'D5'},{'D7'},{'R2'},{'D2'},{'D1'},{'R3'},{'R1'},,,,&,1.0,&
{'D5'},{'D7'},{'D2'},,,,,,,,&,3.0,&
{'D5'},{'D7'},{'D2'},{'R2'},{'R3'},{'D3'},{'D1'},{'R1'},,,&,1.0,&
{'D5'},{'D7'},{'D2'},{'R3'},{'D3'},{'D1'},{'D6'},{'R2'},,,&,1.0,&
{'D5'},{'D7'},{'D2'},{'R3'},{'R2'},{'D1'},,,,,&,1.0,&
{'D7'},,,,,,,,,,&,109.0,&
{'D7'},{'D1'},,,,,,,,,&,24.0,&
{'D7'},{'D1'},{'R1'},{'D3'},,,,,,,&,1.0,&
{'D7'},{'D1'},{'R1'},{'D3'},{'D2'},,,,,,&,1.0,&
{'D7'},{'D1'},{'R1'},{'D3'},{'R2'},{'R3'},{'D2'},{'D6'},{'D5'},,&,1.0,&
{'D7'},{'D1'},{'R1'},{'R3'},{'R2'},,,,,,&,2.0,&
{'D7'},{'D1'},{'R1'},{'R3'},{'R2'},{'D3'},{'D2'},,,,&,1.0,&
{'D7'},{'D1'},{'R1'},{'D2'},{'R3'},{'R2'},{'D3'},,,,&,1.0,&
{'D7'},{'D1'},{'D6'},,,,,,,,&,5.0,&
{'D7'},{'D1'},{'D6'},{'R2'},{'D2'},{'D5'},{'D3'},{'D4'},,,&,1.0,&
{'D7'},{'D1'},{'D6'},{'D3'},{'R2'},{'D5'},{'R3'},{'D2'},{'D4'},{'R1'},&,1.0,&
{'D7'},{'D1'},{'D6'},{'R1'},,,,,,,&,1.0,&
{'D7'},{'D1'},{'D6'},{'R3'},,,,,,,&,1.0,&
{'D7'},{'D1'},{'D6'},{'R3'},{'D2'},{'R2'},,,,,&,1.0,&
{'D7'},{'D1'},{'D6'},{'D2'},{'D3'},,,,,,&,1.0,&
{'D7'},{'D1'},{'D6'},{'D2'},{'D3'},{'R2'},{'D4'},{'D5'},,,&,1.0,&
{'D7'},{'D1'},{'D6'},{'D2'},{'R2'},{'R1'},,,,,&,1.0,&
{'D7'},{'D1'},{'D3'},,,,,,,,&,7.0,&
{'D7'},{'D1'},{'D3'},{'R2'},,,,,,,&,2.0,&
{'D7'},{'D1'},{'D3'},{'R2'},{'D2'},,,,,,&,1.0,&
{'D7'},{'D1'},{'D3'},{'R2'},{'D2'},{'D5'},{'R1'},,,,&,1.0,&
{'D7'},{'D1'},{'D3'},{'R2'},{'D6'},{'D2'},{'D4'},{'D5'},{'R3'},,&,1.0,&
{'D7'},{'D1'},{'D3'},{'R2'},{'D6'},{'D2'},{'D4'},{'R3'},{'R1'},,&,1.0,&
{'D7'},{'D1'},{'D3'},{'R2'},{'D6'},{'R3'},,,,,&,1.0,&
{'D7'},{'D1'},{'D3'},{'R2'},{'D6'},{'R3'},{'D2'},{'D5'},{'D4'},,&,1.0,&
{'D7'},{'D1'},{'D3'},{'R2'},{'D5'},{'D2'},{'R3'},{'D6'},{'R1'},,&,1.0,&
{'D7'},{'D1'},{'D3'},{'R2'},{'R3'},,,,,,&,2.0,&
{'D7'},{'D1'},{'D3'},{'R2'},{'R3'},{'D2'},{'R1'},{'D6'},{'D4'},,&,1.0,&
{'D7'},{'D1'},{'D3'},{'D5'},,,,,,,&,1.0,&
{'D7'},{'D1'},{'D3'},{'D5'},{'D2'},{'R2'},,,,,&,1.0,&
{'D7'},{'D1'},{'D3'},{'D5'},{'D6'},{'R2'},{'R3'},{'D2'},{'D4'},{'R1'},&,1.0,&
{'D7'},{'D1'},{'D3'},{'D5'},{'R2'},{'R3'},,,,,&,1.0,&
{'D7'},{'D1'},{'D3'},{'R1'},{'D2'},,,,,,&,1.0,&
{'D7'},{'D1'},{'D3'},{'R1'},{'D2'},{'R3'},{'R2'},,,,&,1.0,&
{'D7'},{'D1'},{'D3'},{'R1'},{'R2'},{'R3'},,,,,&,1.0,&
{'D7'},{'D1'},{'D3'},{'R3'},,,,,,,&,1.0,&
{'D7'},{'D1'},{'D3'},{'R3'},{'D2'},{'R2'},{'D5'},{'D6'},{'R1'},{'D4'},&,1.0,&
{'D7'},{'D1'},{'D3'},{'R3'},{'D6'},,,,,,&,1.0,&
{'D7'},{'D1'},{'D3'},{'R3'},{'R2'},{'D6'},{'R1'},{'D2'},,,&,1.0,&
{'D7'},{'D1'},{'D3'},{'R3'},{'R2'},{'D2'},{'D6'},{'R1'},{'D4'},,&,1.0,&
{'D7'},{'D1'},{'D3'},{'D6'},{'D2'},,,,,,&,1.0,&
{'D7'},{'D1'},{'D3'},{'D2'},,,,,,,&,3.0,&
{'D7'},{'D1'},{'D3'},{'D2'},{'D6'},{'R2'},{'R1'},{'D5'},{'R3'},{'D4'},&,1.0,&
{'D7'},{'D1'},{'D3'},{'D2'},{'D5'},{'D6'},{'R3'},{'R2'},{'R1'},{'D4'},&,1.0,&
{'D7'},{'D1'},{'D3'},{'D2'},{'R3'},{'R2'},{'D6'},{'R1'},{'D4'},,&,1.0,&
{'D7'},{'D1'},{'D3'},{'D2'},{'R3'},{'D6'},{'R2'},{'D5'},{'R1'},,&,1.0,&
{'D7'},{'D1'},{'D3'},{'D2'},{'R3'},{'D4'},{'D5'},,,,&,1.0,&
{'D7'},{'D1'},{'D3'},{'D2'},{'R2'},,,,,,&,1.0,&
{'D7'},{'D1'},{'D3'},{'D2'},{'R2'},{'D5'},,,,,&,1.0,&
{'D7'},{'D1'},{'D3'},{'D2'},{'R2'},{'D6'},{'D5'},{'D4'},{'R3'},{'R1'},&,1.0,&
{'D7'},{'D1'},{'D3'},{'D2'},{'R2'},{'R1'},,,,,&,1.0,&
{'D7'},{'D1'},{'D5'},,,,,,,,&,3.0,&
{'D7'},{'D1'},{'D5'},{'R2'},{'R3'},{'R1'},,,,,&,1.0,&
{'D7'},{'D1'},{'D5'},{'D3'},{'D2'},{'D6'},{'R3'},{'R2'},{'D4'},,&,1.0,&
{'D7'},{'D1'},{'D5'},{'D3'},{'R2'},{'D2'},,,,,&,1.0,&
{'D7'},{'D1'},{'D5'},{'D3'},{'R2'},{'R3'},{'D2'},{'D6'},{'R1'},{'D4'},&,1.0,&
{'D7'},{'D1'},{'D5'},{'R3'},{'D2'},{'R2'},{'R1'},,,,&,1.0,&
{'D7'},{'D1'},{'D5'},{'D2'},{'D3'},{'R3'},{'R1'},{'D6'},{'R2'},{'D4'},&,1.0,&
{'D7'},{'D1'},{'D5'},{'D2'},{'R3'},{'D3'},{'D4'},{'D6'},{'R2'},{'R1'},&,1.0,&
{'D7'},{'D1'},{'D5'},{'D2'},{'R2'},{'R1'},{'D3'},,,,&,1.0,&
{'D7'},{'D1'},{'R3'},,,,,,,,&,7.0,&
{'D7'},{'D1'},{'R3'},{'R2'},,,,,,,&,2.0,&
{'D7'},{'D1'},{'R3'},{'R2'},{'D2'},{'R1'},,,,,&,1.0,&
{'D7'},{'D1'},{'R3'},{'R2'},{'D2'},{'D4'},{'D3'},{'R1'},,,&,1.0,&
{'D7'},{'D1'},{'R3'},{'R2'},{'R1'},,,,,,&,1.0,&
{'D7'},{'D1'},{'R3'},{'R2'},{'R1'},{'D6'},,,,,&,1.0,&
{'D7'},{'D1'},{'R3'},{'R2'},{'R1'},{'D6'},{'D2'},{'D4'},,,&,1.0,&
{'D7'},{'D1'},{'R3'},{'R2'},{'R1'},{'D3'},,,,,&,1.0,&
{'D7'},{'D1'},{'R3'},{'R2'},{'R1'},{'D3'},{'D2'},,,,&,1.0,&
{'D7'},{'D1'},{'R3'},{'D5'},{'R2'},{'R1'},,,,,&,1.0,&
{'D7'},{'D1'},{'R3'},{'D3'},{'D2'},{'D5'},{'R2'},{'R1'},{'D6'},{'D4'},&,1.0,&
{'D7'},{'D1'},{'R3'},{'D3'},{'D2'},{'R1'},,,,,&,1.0,&
{'D7'},{'D1'},{'R3'},{'R1'},,,,,,,&,1.0,&
{'D7'},{'D1'},{'R3'},{'R1'},{'D2'},{'D3'},,,,,&,1.0,&
{'D7'},{'D1'},{'R3'},{'D6'},{'R2'},{'D3'},{'R1'},{'D2'},{'D5'},{'D4'},&,1.0,&
{'D7'},{'D1'},{'R3'},{'D2'},{'D6'},{'R2'},,,,,&,1.0,&
{'D7'},{'D1'},{'R3'},{'D2'},{'D6'},{'R2'},{'R1'},{'D3'},,,&,1.0,&
{'D7'},{'D1'},{'R3'},{'D2'},{'D3'},{'D5'},,,,,&,1.0,&
{'D7'},{'D1'},{'R3'},{'D2'},{'D3'},{'D5'},{'R2'},{'D6'},{'R1'},{'D4'},&,1.0,&
{'D7'},{'D1'},{'R3'},{'D2'},{'D3'},{'R2'},{'R1'},,,,&,1.0,&
{'D7'},{'D1'},{'R3'},{'D2'},{'R1'},,,,,,&,2.0,&
{'D7'},{'D1'},{'R3'},{'D2'},{'R1'},{'D3'},{'D5'},{'D6'},{'R2'},,&,1.0,&
{'D7'},{'D1'},{'R3'},{'D2'},{'R2'},,,,,,&,2.0,&
{'D7'},{'D1'},{'R3'},{'D2'},{'D4'},,,,,,&,1.0,&
{'D7'},{'D1'},{'R2'},,,,,,,,&,7.0,&
{'D7'},{'D1'},{'R2'},{'D5'},{'D2'},{'D3'},{'D6'},{'R3'},{'D4'},{'R1'},&,1.0,&
{'D7'},{'D1'},{'R2'},{'D3'},,,,,,,&,4.0,&
{'D7'},{'D1'},{'R2'},{'D3'},{'D2'},{'D5'},{'R3'},,,,&,1.0,&
{'D7'},{'D1'},{'R2'},{'D3'},{'D2'},{'R3'},{'R1'},,,,&,1.0,&
{'D7'},{'D1'},{'R2'},{'D3'},{'R3'},,,,,,&,1.0,&
{'D7'},{'D1'},{'R2'},{'D3'},{'R3'},{'R1'},,,,,&,1.0,&
{'D7'},{'D1'},{'R2'},{'D3'},{'R3'},{'R1'},{'D6'},{'D2'},{'D5'},,&,1.0,&
{'D7'},{'D1'},{'R2'},{'R1'},{'D3'},{'D2'},{'R3'},,,,&,1.0,&
{'D7'},{'D1'},{'R2'},{'R3'},{'D2'},{'D6'},,,,,&,1.0,&
{'D7'},{'D1'},{'R2'},{'R3'},{'D2'},{'D3'},{'R1'},,,,&,1.0,&
{'D7'},{'D1'},{'R2'},{'R3'},{'D2'},{'R1'},{'D6'},{'D3'},{'D5'},{'D4'},&,1.0,&
{'D7'},{'D1'},{'R2'},{'R3'},{'D3'},{'D2'},{'D6'},{'R1'},{'D5'},,&,1.0,&
{'D7'},{'D1'},{'R2'},{'R3'},{'D3'},{'R1'},{'D6'},,,,&,1.0,&
{'D7'},{'D1'},{'R2'},{'R3'},{'R1'},,,,,,&,1.0,&
{'D7'},{'D1'},{'R2'},{'R3'},{'R1'},{'D3'},,,,,&,2.0,&
{'D7'},{'D1'},{'R2'},{'D6'},{'R1'},{'R3'},{'D2'},,,,&,1.0,&
{'D7'},{'D1'},{'R2'},{'D6'},{'R3'},{'R1'},{'D3'},,,,&,1.0,&
{'D7'},{'D1'},{'R2'},{'D2'},,,,,,,&,2.0,&
{'D7'},{'D1'},{'R2'},{'D2'},{'D6'},{'R3'},{'D3'},{'R1'},,,&,1.0,&
{'D7'},{'D1'},{'R2'},{'D2'},{'D6'},{'D4'},{'R3'},{'R1'},{'D3'},{'D5'},&,1.0,&
{'D7'},{'D1'},{'R2'},{'D2'},{'D3'},,,,,,&,2.0,&
{'D7'},{'D1'},{'R2'},{'D2'},{'D3'},{'R3'},{'R1'},{'D6'},,,&,1.0,&
{'D7'},{'D1'},{'R2'},{'D2'},{'D3'},{'D4'},,,,,&,1.0,&
{'D7'},{'D1'},{'R2'},{'D2'},{'R3'},,,,,,&,1.0,&
{'D7'},{'D1'},{'R2'},{'D2'},{'R3'},{'D5'},{'R1'},{'D6'},,,&,1.0,&
{'D7'},{'D1'},{'R2'},{'D2'},{'R3'},{'D6'},{'R1'},{'D3'},,,&,1.0,&
{'D7'},{'D1'},{'D2'},,,,,,,,&,14.0,&
{'D7'},{'D1'},{'D2'},{'R2'},{'D3'},,,,,,&,2.0,&
{'D7'},{'D1'},{'D2'},{'R2'},{'D3'},{'D5'},{'D4'},{'D6'},{'R3'},,&,1.0,&
{'D7'},{'D1'},{'D2'},{'R2'},{'D3'},{'D6'},,,,,&,1.0,&
{'D7'},{'D1'},{'D2'},{'R2'},{'R1'},{'D3'},{'R3'},{'D5'},,,&,1.0,&
{'D7'},{'D1'},{'D2'},{'R2'},{'R3'},,,,,,&,1.0,&
{'D7'},{'D1'},{'D2'},{'R2'},{'R3'},{'D5'},{'R1'},,,,&,1.0,&
{'D7'},{'D1'},{'D2'},{'R2'},{'R3'},{'R1'},{'D5'},{'D3'},,,&,1.0,&
{'D7'},{'D1'},{'D2'},{'R2'},{'R3'},{'R1'},{'D3'},,,,&,1.0,&
{'D7'},{'D1'},{'D2'},{'D5'},,,,,,,&,1.0,&
{'D7'},{'D1'},{'D2'},{'D5'},{'D6'},{'D3'},{'R3'},{'R2'},{'R1'},,&,1.0,&
{'D7'},{'D1'},{'D2'},{'D3'},,,,,,,&,3.0,&
{'D7'},{'D1'},{'D2'},{'D3'},{'D6'},{'D4'},{'D5'},{'R3'},{'R2'},,&,1.0,&
{'D7'},{'D1'},{'D2'},{'D3'},{'R3'},{'R2'},{'D5'},,,,&,1.0,&
{'D7'},{'D1'},{'D2'},{'D3'},{'R3'},{'R2'},{'R1'},{'D6'},{'D5'},{'D4'},&,1.0,&
{'D7'},{'D1'},{'D2'},{'D3'},{'R3'},{'D6'},,,,,&,1.0,&
{'D7'},{'D1'},{'D2'},{'D3'},{'R2'},{'D6'},{'R3'},{'D5'},{'D4'},,&,1.0,&
{'D7'},{'D1'},{'D2'},{'D4'},{'D5'},,,,,,&,1.0,&
{'D7'},{'D1'},{'D2'},{'R1'},{'R2'},{'D3'},{'R3'},,,,&,1.0,&
{'D7'},{'D1'},{'D2'},{'R1'},{'R2'},{'D3'},{'R3'},{'D5'},{'D4'},{'D6'},&,1.0,&
{'D7'},{'D1'},{'D2'},{'R3'},,,,,,,&,1.0,&
{'D7'},{'D1'},{'D2'},{'R3'},{'D6'},{'R1'},{'R2'},{'D3'},,,&,1.0,&
{'D7'},{'D1'},{'D2'},{'R3'},{'D3'},,,,,,&,1.0,&
{'D7'},{'D1'},{'D2'},{'R3'},{'D3'},{'D5'},{'D6'},,,,&,1.0,&
{'D7'},{'D1'},{'D2'},{'R3'},{'D3'},{'R2'},{'D5'},{'D6'},{'D4'},,&,1.0,&
{'D7'},{'D1'},{'D2'},{'R3'},{'D3'},{'D6'},{'D4'},{'D5'},,,&,1.0,&
{'D7'},{'D1'},{'D2'},{'R3'},{'R1'},,,,,,&,1.0,&
{'D7'},{'D1'},{'D2'},{'R3'},{'D5'},{'D3'},{'R2'},{'R1'},{'D6'},,&,1.0,&
{'D7'},{'D1'},{'D2'},{'R3'},{'R2'},{'D3'},{'D6'},{'R1'},{'D5'},,&,1.0,&
{'D7'},{'D1'},{'D2'},{'D6'},,,,,,,&,3.0,&
{'D7'},{'D1'},{'D2'},{'D6'},{'D5'},{'R3'},{'D3'},{'D4'},{'R1'},,&,1.0,&
{'D7'},{'D1'},{'D4'},{'R2'},,,,,,,&,1.0,&
{'D7'},{'D1'},{'D4'},{'R3'},{'D3'},{'D2'},{'R2'},,,,&,1.0,&
{'D7'},{'D1'},{'D4'},{'D6'},{'R2'},{'D3'},{'D2'},,,,&,1.0,&
{'D7'},{'R3'},,,,,,,,,&,13.0,&
{'D7'},{'R3'},{'R1'},,,,,,,,&,2.0,&
{'D7'},{'R3'},{'R1'},{'R2'},{'D2'},{'D1'},,,,,&,1.0,&
{'D7'},{'R3'},{'R1'},{'R2'},{'D2'},{'D1'},{'D3'},,,,&,1.0,&
{'D7'},{'R3'},{'R1'},{'R2'},{'D3'},,,,,,&,1.0,&
{'D7'},{'R3'},{'R1'},{'R2'},{'D3'},{'D2'},,,,,&,1.0,&
{'D7'},{'R3'},{'R1'},{'R2'},{'D1'},{'D2'},,,,,&,1.0,&
{'D7'},{'R3'},{'R1'},{'D1'},,,,,,,&,1.0,&
{'D7'},{'R3'},{'R1'},{'D1'},{'R2'},,,,,,&,1.0,&
{'D7'},{'R3'},{'R1'},{'D3'},{'R2'},,,,,,&,1.0,&
{'D7'},{'R3'},{'R1'},{'D2'},{'D3'},{'D5'},{'D1'},{'D4'},{'D6'},,&,1.0,&
{'D7'},{'R3'},{'R1'},{'D2'},{'D3'},{'R2'},,,,,&,1.0,&
{'D7'},{'R3'},{'R1'},{'D2'},{'R2'},{'D3'},{'D1'},{'D6'},,,&,1.0,&
{'D7'},{'R3'},{'D6'},{'R2'},{'R1'},,,,,,&,1.0,&
{'D7'},{'R3'},{'D6'},{'D1'},{'D2'},{'R1'},,,,,&,1.0,&
{'D7'},{'R3'},{'D6'},{'D5'},{'R1'},,,,,,&,1.0,&
{'D7'},{'R3'},{'D6'},{'R1'},{'D3'},{'D1'},{'D2'},{'R2'},,,&,1.0,&
{'D7'},{'R3'},{'D6'},{'R1'},{'D3'},{'R2'},{'D4'},,,,&,1.0,&
{'D7'},{'R3'},{'D6'},{'R1'},{'R2'},{'D2'},{'D3'},{'D1'},,,&,1.0,&
{'D7'},{'R3'},{'D6'},{'D2'},{'R1'},{'R2'},{'D5'},{'D3'},,,&,1.0,&
{'D7'},{'R3'},{'D6'},{'D2'},{'D5'},{'R2'},{'R1'},{'D1'},,,&,1.0,&
{'D7'},{'R3'},{'D6'},{'D2'},{'R2'},{'D3'},{'D5'},,,,&,1.0,&
{'D7'},{'R3'},{'D3'},,,,,,,,&,6.0,&
{'D7'},{'R3'},{'D3'},{'R2'},,,,,,,&,1.0,&
{'D7'},{'R3'},{'D3'},{'R2'},{'D2'},{'R1'},{'D1'},{'D5'},,,&,1.0,&
{'D7'},{'R3'},{'D3'},{'R2'},{'R1'},,,,,,&,1.0,&
{'D7'},{'R3'},{'D3'},{'R2'},{'R1'},{'D2'},{'D1'},{'D6'},,,&,1.0,&
{'D7'},{'R3'},{'D3'},{'R2'},{'R1'},{'D2'},{'D1'},{'D5'},{'D6'},,&,1.0,&
{'D7'},{'R3'},{'D3'},{'R2'},{'D5'},,,,,,&,1.0,&
{'D7'},{'R3'},{'D3'},{'R2'},{'D1'},,,,,,&,1.0,&
{'D7'},{'R3'},{'D3'},{'R2'},{'D1'},{'R1'},{'D2'},,,,&,1.0,&
{'D7'},{'R3'},{'D3'},{'D1'},{'D2'},{'D5'},{'D4'},{'D6'},,,&,1.0,&
{'D7'},{'R3'},{'D3'},{'D1'},{'D2'},{'R2'},{'D6'},{'D5'},{'R1'},,&,1.0,&
{'D7'},{'R3'},{'D3'},{'D1'},{'R1'},{'D4'},{'D2'},{'R2'},,,&,1.0,&
{'D7'},{'R3'},{'D3'},{'D1'},{'R2'},{'D6'},,,,,&,1.0,&
{'D7'},{'R3'},{'D3'},{'D1'},{'R2'},{'D2'},{'R1'},{'D6'},,,&,1.0,&
{'D7'},{'R3'},{'D3'},{'D5'},{'D1'},{'D4'},,,,,&,1.0,&
{'D7'},{'R3'},{'D3'},{'R1'},{'D2'},{'D1'},,,,,&,1.0,&
{'D7'},{'R3'},{'D3'},{'R1'},{'D2'},{'R2'},,,,,&,1.0,&
{'D7'},{'R3'},{'D3'},{'D6'},{'D2'},{'R2'},{'R1'},{'D1'},{'D5'},{'D4'},&,1.0,&
{'D7'},{'R3'},{'D3'},{'D6'},{'D2'},{'R1'},,,,,&,1.0,&
{'D7'},{'R3'},{'D3'},{'D2'},{'R1'},{'R2'},{'D1'},{'D6'},{'D5'},{'D4'},&,1.0,&
{'D7'},{'R3'},{'D3'},{'D2'},{'R2'},,,,,,&,1.0,&
{'D7'},{'R3'},{'D3'},{'D2'},{'R2'},{'R1'},{'D1'},,,,&,1.0,&
{'D7'},{'R3'},{'D5'},,,,,,,,&,1.0,&
{'D7'},{'R3'},{'D5'},{'R2'},{'D2'},{'D1'},,,,,&,1.0,&
{'D7'},{'R3'},{'D5'},{'R2'},{'D2'},{'R1'},{'D3'},{'D6'},{'D1'},{'D4'},&,1.0,&
{'D7'},{'R3'},{'D5'},{'D3'},,,,,,,&,1.0,&
{'D7'},{'R3'},{'D5'},{'R1'},,,,,,,&,1.0,&
{'D7'},{'R3'},{'D5'},{'R1'},{'D2'},{'D1'},,,,,&,1.0,&
{'D7'},{'R3'},{'D1'},,,,,,,,&,5.0,&
{'D7'},{'R3'},{'D1'},{'R2'},,,,,,,&,2.0,&
{'D7'},{'R3'},{'D1'},{'R2'},{'D2'},{'D3'},,,,,&,1.0,&
{'D7'},{'R3'},{'D1'},{'R2'},{'D2'},{'R1'},{'D6'},{'D3'},{'D5'},{'D4'},&,1.0,&
{'D7'},{'R3'},{'D1'},{'R2'},{'D2'},{'R1'},{'D3'},{'D6'},,,&,1.0,&
{'D7'},{'R3'},{'D1'},{'R2'},{'D2'},{'R1'},{'D3'},{'D4'},,,&,1.0,&
{'D7'},{'R3'},{'D1'},{'R2'},{'D3'},{'D6'},,,,,&,1.0,&
{'D7'},{'R3'},{'D1'},{'R2'},{'R1'},{'D5'},{'D2'},,,,&,1.0,&
{'D7'},{'R3'},{'D1'},{'R2'},{'R1'},{'D2'},{'D3'},,,,&,1.0,&
{'D7'},{'R3'},{'D1'},{'R2'},{'D4'},{'R1'},{'D5'},{'D6'},{'D2'},{'D3'},&,1.0,&
{'D7'},{'R3'},{'D1'},{'D3'},,,,,,,&,1.0,&
{'D7'},{'R3'},{'D1'},{'D3'},{'D2'},{'D5'},{'D6'},{'D4'},,,&,1.0,&
{'D7'},{'R3'},{'D1'},{'D3'},{'D2'},{'R2'},{'R1'},,,,&,1.0,&
{'D7'},{'R3'},{'D1'},{'D3'},{'D2'},{'R2'},{'D6'},{'R1'},{'D5'},{'D4'},&,1.0,&
{'D7'},{'R3'},{'D1'},{'D3'},{'R2'},{'D6'},{'R1'},{'D2'},{'D5'},{'D4'},&,1.0,&
{'D7'},{'R3'},{'D1'},{'D3'},{'R2'},{'R1'},{'D2'},,,,&,1.0,&
{'D7'},{'R3'},{'D1'},{'R1'},,,,,,,&,1.0,&
{'D7'},{'R3'},{'D1'},{'R1'},{'R2'},{'D2'},{'D3'},{'D5'},,,&,1.0,&
{'D7'},{'R3'},{'D1'},{'D6'},,,,,,,&,1.0,&
{'D7'},{'R3'},{'D1'},{'D2'},,,,,,,&,1.0,&
{'D7'},{'R3'},{'D1'},{'D2'},{'D6'},{'R2'},,,,,&,1.0,&
{'D7'},{'R3'},{'D1'},{'D2'},{'D6'},{'R2'},{'R1'},,,,&,1.0,&
{'D7'},{'R3'},{'D1'},{'D2'},{'D3'},{'R2'},{'D5'},{'D6'},{'D4'},{'R1'},&,1.0,&
{'D7'},{'R3'},{'D1'},{'D2'},{'R1'},{'D3'},{'D5'},,,,&,1.0,&
{'D7'},{'R3'},{'D1'},{'D2'},{'R2'},{'D6'},{'R1'},{'D3'},{'D5'},,&,1.0,&
{'D7'},{'R3'},{'D1'},{'D2'},{'R2'},{'D6'},{'R1'},{'D3'},{'D5'},{'D4'},&,1.0,&
{'D7'},{'R3'},{'D1'},{'D2'},{'R2'},{'D3'},,,,,&,1.0,&
{'D7'},{'R3'},{'D1'},{'D2'},{'R2'},{'R1'},,,,,&,1.0,&
{'D7'},{'R3'},{'R2'},,,,,,,,&,10.0,&
{'D7'},{'R3'},{'R2'},{'D1'},,,,,,,&,4.0,&
{'D7'},{'R3'},{'R2'},{'D1'},{'D2'},{'D6'},{'D3'},{'D5'},,,&,1.0,&
{'D7'},{'R3'},{'R2'},{'D1'},{'D2'},{'D3'},{'R1'},{'D6'},{'D5'},,&,1.0,&
{'D7'},{'R3'},{'R2'},{'D1'},{'D2'},{'R1'},,,,,&,1.0,&
{'D7'},{'R3'},{'R2'},{'D1'},{'D6'},{'D2'},,,,,&,1.0,&
{'D7'},{'R3'},{'R2'},{'D1'},{'D6'},{'D3'},,,,,&,1.0,&
{'D7'},{'R3'},{'R2'},{'D1'},{'D3'},,,,,,&,1.0,&
{'D7'},{'R3'},{'R2'},{'D1'},{'D3'},{'D6'},{'R1'},,,,&,1.0,&
{'D7'},{'R3'},{'R2'},{'D1'},{'D3'},{'R1'},{'D2'},{'D6'},{'D5'},,&,1.0,&
{'D7'},{'R3'},{'R2'},{'D1'},{'R1'},,,,,,&,1.0,&
{'D7'},{'R3'},{'R2'},{'D1'},{'R1'},{'D2'},{'D3'},{'D6'},{'D5'},{'D4'},&,1.0,&
{'D7'},{'R3'},{'R2'},{'D1'},{'R1'},{'D3'},{'D2'},{'D6'},,,&,1.0,&
{'D7'},{'R3'},{'R2'},{'D5'},,,,,,,&,1.0,&
{'D7'},{'R3'},{'R2'},{'D5'},{'D2'},,,,,,&,1.0,&
{'D7'},{'R3'},{'R2'},{'D5'},{'R1'},,,,,,&,1.0,&
{'D7'},{'R3'},{'R2'},{'D3'},,,,,,,&,1.0,&
{'D7'},{'R3'},{'R2'},{'D3'},{'D2'},{'D1'},{'D5'},{'D4'},{'R1'},{'D6'},&,1.0,&
{'D7'},{'R3'},{'R2'},{'D3'},{'D2'},{'D6'},{'D1'},,,,&,1.0,&
{'D7'},{'R3'},{'R2'},{'D3'},{'D2'},{'R1'},,,,,&,2.0,&
{'D7'},{'R3'},{'R2'},{'D3'},{'D2'},{'R1'},{'D1'},{'D5'},,,&,1.0,&
{'D7'},{'R3'},{'R2'},{'D3'},{'D2'},{'D4'},,,,,&,1.0,&
{'D7'},{'R3'},{'R2'},{'D3'},{'R1'},{'D1'},,,,,&,1.0,&
{'D7'},{'R3'},{'R2'},{'D3'},{'R1'},{'D1'},{'D5'},{'D2'},{'D6'},{'D4'},&,1.0,&
{'D7'},{'R3'},{'R2'},{'D3'},{'R1'},{'D2'},,,,,&,1.0,&
{'D7'},{'R3'},{'R2'},{'D4'},{'D2'},,,,,,&,1.0,&
{'D7'},{'R3'},{'R2'},{'R1'},,,,,,,&,5.0,&
{'D7'},{'R3'},{'R2'},{'R1'},{'D2'},{'D1'},{'D6'},{'D5'},,,&,1.0,&
{'D7'},{'R3'},{'R2'},{'R1'},{'D2'},{'D1'},{'D6'},{'D5'},{'D3'},,&,1.0,&
{'D7'},{'R3'},{'R2'},{'R1'},{'D2'},{'D3'},{'D1'},{'D6'},,,&,1.0,&
{'D7'},{'R3'},{'R2'},{'R1'},{'D2'},{'D3'},{'D1'},{'D4'},{'D6'},,&,1.0,&
{'D7'},{'R3'},{'R2'},{'R1'},{'D6'},{'D2'},{'D1'},,,,&,1.0,&
{'D7'},{'R3'},{'R2'},{'R1'},{'D3'},,,,,,&,1.0,&
{'D7'},{'R3'},{'R2'},{'R1'},{'D3'},{'D1'},{'D2'},{'D6'},{'D5'},{'D4'},&,1.0,&
{'D7'},{'R3'},{'R2'},{'R1'},{'D3'},{'D2'},{'D5'},{'D1'},{'D6'},{'D4'},&,1.0,&
{'D7'},{'R3'},{'R2'},{'R1'},{'D1'},,,,,,&,2.0,&
{'D7'},{'R3'},{'R2'},{'R1'},{'D1'},{'D5'},{'D4'},{'D2'},{'D3'},{'D6'},&,1.0,&
{'D7'},{'R3'},{'R2'},{'R1'},{'D1'},{'D2'},,,,,&,1.0,&
{'D7'},{'R3'},{'R2'},{'R1'},{'D1'},{'D3'},{'D6'},{'D2'},{'D5'},,&,1.0,&
{'D7'},{'R3'},{'R2'},{'R1'},{'D1'},{'D3'},{'D2'},,,,&,1.0,&
{'D7'},{'R3'},{'R2'},{'D6'},,,,,,,&,1.0,&
{'D7'},{'R3'},{'R2'},{'D6'},{'D3'},{'D2'},{'D1'},,,,&,1.0,&
{'D7'},{'R3'},{'R2'},{'D2'},{'D6'},{'D1'},{'R1'},,,,&,1.0,&
{'D7'},{'R3'},{'R2'},{'D2'},{'D6'},{'R1'},{'D1'},{'D3'},,,&,1.0,&
{'D7'},{'R3'},{'R2'},{'D2'},{'D3'},{'D1'},{'R1'},{'D5'},,,&,1.0,&
{'D7'},{'R3'},{'R2'},{'D2'},{'D3'},{'D1'},{'D6'},{'R1'},{'D5'},{'D4'},&,1.0,&
{'D7'},{'R3'},{'R2'},{'D2'},{'R1'},{'D5'},{'D1'},{'D6'},{'D3'},,&,1.0,&
{'D7'},{'R3'},{'R2'},{'D2'},{'R1'},{'D5'},{'D3'},{'D6'},{'D4'},{'D1'},&,1.0,&
{'D7'},{'R3'},{'R2'},{'D2'},{'R1'},{'D6'},,,,,&,1.0,&
{'D7'},{'R3'},{'R2'},{'D2'},{'R1'},{'D3'},{'D1'},,,,&,1.0,&
{'D7'},{'R3'},{'R2'},{'D2'},{'D5'},{'D1'},{'R1'},{'D3'},{'D6'},{'D4'},&,1.0,&
{'D7'},{'R3'},{'R2'},{'D2'},{'D1'},,,,,,&,2.0,&
{'D7'},{'R3'},{'R2'},{'D2'},{'D1'},{'D3'},{'R1'},,,,&,1.0,&
{'D7'},{'R3'},{'D2'},,,,,,,,&,6.0,&
{'D7'},{'R3'},{'D2'},{'R2'},,,,,,,&,1.0,&
{'D7'},{'R3'},{'D2'},{'R2'},{'D3'},{'D1'},{'D6'},{'R1'},{'D5'},{'D4'},&,1.0,&
{'D7'},{'R3'},{'D2'},{'R2'},{'R1'},{'D3'},,,,,&,1.0,&
{'D7'},{'R3'},{'D2'},{'R2'},{'R1'},{'D3'},{'D6'},,,,&,1.0,&
{'D7'},{'R3'},{'D2'},{'R2'},{'D5'},{'D3'},{'D1'},{'D6'},{'R1'},,&,1.0,&
{'D7'},{'R3'},{'D2'},{'R2'},{'D5'},{'R1'},,,,,&,1.0,&
{'D7'},{'R3'},{'D2'},{'D1'},,,,,,,&,1.0,&
{'D7'},{'R3'},{'D2'},{'D1'},{'D6'},{'D4'},{'D3'},{'D5'},{'R2'},{'R1'},&,1.0,&
{'D7'},{'R3'},{'D2'},{'D1'},{'D3'},,,,,,&,1.0,&
{'D7'},{'R3'},{'D2'},{'D1'},{'D3'},{'D6'},,,,,&,1.0,&
{'D7'},{'R3'},{'D2'},{'D1'},{'D3'},{'R1'},{'R2'},{'D6'},,,&,1.0,&
{'D7'},{'R3'},{'D2'},{'D1'},{'R1'},{'D5'},{'R2'},{'D3'},,,&,1.0,&
{'D7'},{'R3'},{'D2'},{'D1'},{'D5'},,,,,,&,1.0,&
{'D7'},{'R3'},{'D2'},{'D1'},{'D5'},{'D3'},{'D6'},{'R2'},,,&,1.0,&
{'D7'},{'R3'},{'D2'},{'D5'},,,,,,,&,2.0,&
{'D7'},{'R3'},{'D2'},{'D3'},,,,,,,&,2.0,&
{'D7'},{'R3'},{'D2'},{'D3'},{'D6'},{'R1'},{'D1'},{'D5'},{'R2'},,&,1.0,&
{'D7'},{'R3'},{'D2'},{'D3'},{'R1'},{'D6'},{'R2'},{'D1'},{'D5'},{'D4'},&,1.0,&
{'D7'},{'R3'},{'D2'},{'D3'},{'D5'},,,,,,&,1.0,&
{'D7'},{'R3'},{'D2'},{'D3'},{'D1'},{'R2'},,,,,&,1.0,&
{'D7'},{'R3'},{'D2'},{'D3'},{'D1'},{'R2'},{'R1'},{'D5'},{'D6'},{'D4'},&,1.0,&
{'D7'},{'R3'},{'D2'},{'D3'},{'D1'},{'R2'},{'D6'},{'R1'},{'D5'},,&,1.0,&
{'D7'},{'R3'},{'D2'},{'D3'},{'R2'},{'R1'},,,,,&,1.0,&
{'D7'},{'R3'},{'D2'},{'D3'},{'R2'},{'R1'},{'D1'},,,,&,1.0,&
{'D7'},{'R3'},{'D2'},{'D3'},{'R2'},{'R1'},{'D1'},{'D5'},,,&,1.0,&
{'D7'},{'R3'},{'D2'},{'D3'},{'D4'},{'D1'},,,,,&,1.0,&
{'D7'},{'R3'},{'D2'},{'R1'},{'D1'},,,,,,&,1.0,&
{'D7'},{'R3'},{'D2'},{'D6'},{'D3'},{'R2'},{'D5'},,,,&,1.0,&
{'D7'},{'R3'},{'D2'},{'D6'},{'D3'},{'R2'},{'D1'},{'D5'},{'R1'},,&,1.0,&
{'D7'},{'R3'},{'D2'},{'D6'},{'D1'},{'D3'},{'R2'},,,,&,1.0,&
{'D7'},{'R3'},{'D2'},{'D6'},{'R2'},{'R1'},{'D5'},{'D3'},{'D1'},,&,1.0,&
{'D7'},{'R3'},{'D4'},{'D1'},,,,,,,&,1.0,&
{'D7'},{'D2'},,,,,,,,,&,21.0,&
{'D7'},{'D2'},{'R1'},,,,,,,,&,4.0,&
{'D7'},{'D2'},{'R1'},{'D1'},{'R3'},,,,,,&,1.0,&
{'D7'},{'D2'},{'R1'},{'D5'},{'D3'},{'D1'},,,,,&,1.0,&
{'D7'},{'D2'},{'R1'},{'D5'},{'R2'},,,,,,&,1.0,&
{'D7'},{'D2'},{'R1'},{'D3'},,,,,,,&,1.0,&
{'D7'},{'D2'},{'R1'},{'D3'},{'R3'},{'D1'},{'R2'},{'D6'},{'D4'},{'D5'},&,1.0,&
{'D7'},{'D2'},{'R1'},{'R3'},{'D3'},,,,,,&,1.0,&
{'D7'},{'D2'},{'R1'},{'R3'},{'R2'},,,,,,&,1.0,&
{'D7'},{'D2'},{'D6'},,,,,,,,&,4.0,&
{'D7'},{'D2'},{'D6'},{'R2'},{'D3'},{'R1'},{'D1'},{'R3'},,,&,1.0,&
{'D7'},{'D2'},{'D6'},{'R2'},{'R1'},{'R3'},,,,,&,1.0,&
{'D7'},{'D2'},{'D6'},{'R2'},{'R3'},{'D3'},{'D1'},,,,&,1.0,&
{'D7'},{'D2'},{'D6'},{'R2'},{'R3'},{'R1'},,,,,&,2.0,&
{'D7'},{'D2'},{'D6'},{'D1'},{'R1'},{'D3'},,,,,&,1.0,&
{'D7'},{'D2'},{'D6'},{'D3'},,,,,,,&,1.0,&
{'D7'},{'D2'},{'D6'},{'D3'},{'D5'},{'R2'},{'D1'},{'D4'},{'R3'},{'R1'},&,1.0,&
{'D7'},{'D2'},{'D6'},{'D3'},{'D5'},{'R3'},{'D1'},,,,&,1.0,&
{'D7'},{'D2'},{'D6'},{'D3'},{'R2'},{'D1'},{'D5'},{'D4'},{'R3'},,&,1.0,&
{'D7'},{'D2'},{'D6'},{'D3'},{'R2'},{'D5'},,,,,&,1.0,&
{'D7'},{'D2'},{'D6'},{'R3'},,,,,,,&,1.0,&
{'D7'},{'D2'},{'D6'},{'R3'},{'R1'},,,,,,&,1.0,&
{'D7'},{'D2'},{'D6'},{'R3'},{'D4'},{'D1'},{'R1'},{'D5'},{'D3'},{'R2'},&,1.0,&
{'D7'},{'D2'},{'D3'},,,,,,,,&,12.0,&
{'D7'},{'D2'},{'D3'},{'R2'},,,,,,,&,4.0,&
{'D7'},{'D2'},{'D3'},{'R2'},{'R1'},{'D1'},{'R3'},,,,&,1.0,&
{'D7'},{'D2'},{'D3'},{'R2'},{'D5'},{'D1'},{'D6'},{'D4'},,,&,1.0,&
{'D7'},{'D2'},{'D3'},{'R2'},{'R3'},,,,,,&,2.0,&
{'D7'},{'D2'},{'D3'},{'R2'},{'R3'},{'D1'},{'R1'},{'D6'},{'D5'},,&,1.0,&
{'D7'},{'D2'},{'D3'},{'D1'},,,,,,,&,4.0,&
{'D7'},{'D2'},{'D3'},{'D1'},{'D6'},,,,,,&,1.0,&
{'D7'},{'D2'},{'D3'},{'D1'},{'D6'},{'D5'},,,,,&,1.0,&
{'D7'},{'D2'},{'D3'},{'D1'},{'D6'},{'D4'},{'R3'},{'R2'},,,&,1.0,&
{'D7'},{'D2'},{'D3'},{'D1'},{'D6'},{'D4'},{'R2'},{'D5'},{'R3'},{'R1'},&,1.0,&
{'D7'},{'D2'},{'D3'},{'D1'},{'R1'},{'R2'},{'R3'},,,,&,1.0,&
{'D7'},{'D2'},{'D3'},{'D1'},{'D5'},{'R2'},{'D6'},{'D4'},,,&,1.0,&
{'D7'},{'D2'},{'D3'},{'D1'},{'D5'},{'R3'},{'D4'},,,,&,1.0,&
{'D7'},{'D2'},{'D3'},{'D1'},{'R3'},,,,,,&,1.0,&
{'D7'},{'D2'},{'D3'},{'D1'},{'R3'},{'R2'},{'R1'},{'D6'},,,&,1.0,&
{'D7'},{'D2'},{'D3'},{'D1'},{'R3'},{'R1'},{'D5'},{'R2'},{'D6'},{'D4'},&,1.0,&
{'D7'},{'D2'},{'D3'},{'D1'},{'R3'},{'D4'},{'D6'},{'D5'},,,&,1.0,&
{'D7'},{'D2'},{'D3'},{'D1'},{'R2'},,,,,,&,1.0,&
{'D7'},{'D2'},{'D3'},{'D1'},{'D4'},{'D6'},{'D5'},{'R2'},{'R3'},{'R1'},&,1.0,&
{'D7'},{'D2'},{'D3'},{'D5'},,,,,,,&,1.0,&
{'D7'},{'D2'},{'D3'},{'D5'},{'R3'},{'D1'},,,,,&,1.0,&
{'D7'},{'D2'},{'D3'},{'D5'},{'R3'},{'R2'},{'D1'},{'D6'},{'D4'},{'R1'},&,1.0,&
{'D7'},{'D2'},{'D3'},{'D5'},{'R3'},{'R2'},{'D6'},,,,&,1.0,&
{'D7'},{'D2'},{'D3'},{'R1'},{'D5'},{'D1'},{'D4'},{'R2'},,,&,1.0,&
{'D7'},{'D2'},{'D3'},{'R3'},,,,,,,&,1.0,&
{'D7'},{'D2'},{'D3'},{'R3'},{'D6'},{'R2'},{'R1'},{'D5'},{'D1'},{'D4'},&,1.0,&
{'D7'},{'D2'},{'D3'},{'R3'},{'R1'},,,,,,&,1.0,&
{'D7'},{'D2'},{'D3'},{'R3'},{'D5'},{'R2'},,,,,&,1.0,&
{'D7'},{'D2'},{'D3'},{'R3'},{'D1'},,,,,,&,2.0,&
{'D7'},{'D2'},{'D3'},{'R3'},{'D1'},{'D5'},{'D6'},{'D4'},{'R2'},,&,1.0,&
{'D7'},{'D2'},{'D3'},{'R3'},{'D1'},{'R2'},{'D6'},{'R1'},,,&,1.0,&
{'D7'},{'D2'},{'D3'},{'R3'},{'D1'},{'D6'},{'D5'},{'D4'},{'R2'},,&,1.0,&
{'D7'},{'D2'},{'D3'},{'R3'},{'R2'},{'D1'},,,,,&,2.0,&
{'D7'},{'D2'},{'D3'},{'R3'},{'R2'},{'D1'},{'D6'},{'R1'},{'D4'},{'D5'},&,1.0,&
{'D7'},{'D2'},{'D3'},{'D6'},{'D1'},{'D5'},{'R3'},{'R2'},{'D4'},,&,1.0,&
{'D7'},{'D2'},{'D3'},{'D6'},{'D1'},{'R3'},{'R2'},,,,&,1.0,&
{'D7'},{'D2'},{'D3'},{'D6'},{'R2'},{'D1'},{'R3'},{'D5'},{'R1'},,&,1.0,&
{'D7'},{'D2'},{'D3'},{'D6'},{'R2'},{'D1'},{'R1'},{'D5'},{'R3'},{'D4'},&,1.0,&
{'D7'},{'D2'},{'D3'},{'D6'},{'R2'},{'D1'},{'D4'},,,,&,1.0,&
{'D7'},{'D2'},{'D3'},{'D6'},{'R2'},{'R3'},{'R1'},{'D1'},{'D5'},{'D4'},&,1.0,&
{'D7'},{'D2'},{'D5'},,,,,,,,&,1.0,&
{'D7'},{'D2'},{'D5'},{'R2'},{'D1'},,,,,,&,1.0,&
{'D7'},{'D2'},{'D5'},{'R2'},{'D1'},{'D3'},,,,,&,1.0,&
{'D7'},{'D2'},{'D5'},{'D1'},{'D3'},,,,,,&,1.0,&
{'D7'},{'D2'},{'D5'},{'D3'},{'R2'},{'D1'},,,,,&,1.0,&
{'D7'},{'D2'},{'D5'},{'R1'},,,,,,,&,1.0,&
{'D7'},{'D2'},{'D5'},{'R1'},{'R3'},{'D1'},{'R2'},,,,&,1.0,&
{'D7'},{'D2'},{'D5'},{'R1'},{'R2'},{'D1'},,,,,&,1.0,&
{'D7'},{'D2'},{'D5'},{'R3'},{'D6'},{'D1'},,,,,&,1.0,&
{'D7'},{'D2'},{'D5'},{'R3'},{'R2'},{'D3'},{'D1'},{'R1'},{'D6'},,&,1.0,&
{'D7'},{'D2'},{'D5'},{'R3'},{'D4'},{'R2'},{'R1'},,,,&,1.0,&
{'D7'},{'D2'},{'D1'},,,,,,,,&,13.0,&
{'D7'},{'D2'},{'D1'},{'R2'},,,,,,,&,5.0,&
{'D7'},{'D2'},{'D1'},{'R2'},{'D3'},{'R3'},,,,,&,1.0,&
{'D7'},{'D2'},{'D1'},{'R2'},{'R1'},{'D3'},{'R3'},{'D5'},{'D6'},,&,1.0,&
{'D7'},{'D2'},{'D1'},{'R2'},{'D5'},{'R3'},{'R1'},{'D3'},{'D6'},,&,1.0,&
{'D7'},{'D2'},{'D1'},{'R2'},{'D5'},{'R1'},{'D6'},{'D3'},{'D4'},{'R3'},&,1.0,&
{'D7'},{'D2'},{'D1'},{'R2'},{'R3'},,,,,,&,1.0,&
{'D7'},{'D2'},{'D1'},{'R2'},{'R3'},{'D3'},{'D6'},{'R1'},{'D5'},,&,1.0,&
{'D7'},{'D2'},{'D1'},{'R2'},{'R3'},{'R1'},,,,,&,1.0,&
{'D7'},{'D2'},{'D1'},{'R2'},{'R3'},{'R1'},{'D6'},{'D3'},{'D5'},{'D4'},&,1.0,&
{'D7'},{'D2'},{'D1'},{'R2'},{'R3'},{'R1'},{'D3'},,,,&,1.0,&
{'D7'},{'D2'},{'D1'},{'R2'},{'R3'},{'R1'},{'D3'},{'D4'},{'D5'},{'D6'},&,1.0,&
{'D7'},{'D2'},{'D1'},{'D5'},{'D3'},{'D6'},,,,,&,1.0,&
{'D7'},{'D2'},{'D1'},{'D5'},{'D3'},{'D6'},{'D4'},,,,&,1.0,&
{'D7'},{'D2'},{'D1'},{'D5'},{'R2'},{'D3'},,,,,&,1.0,&
{'D7'},{'D2'},{'D1'},{'D3'},,,,,,,&,2.0,&
{'D7'},{'D2'},{'D1'},{'D3'},{'D6'},,,,,,&,1.0,&
{'D7'},{'D2'},{'D1'},{'D3'},{'D6'},{'R2'},{'D5'},{'D4'},{'R1'},,&,1.0,&
{'D7'},{'D2'},{'D1'},{'D3'},{'D6'},{'R2'},{'D4'},{'D5'},{'R3'},{'R1'},&,1.0,&
{'D7'},{'D2'},{'D1'},{'D3'},{'D6'},{'R3'},{'R2'},{'D5'},{'R1'},,&,1.0,&
{'D7'},{'D2'},{'D1'},{'D3'},{'R1'},{'R2'},{'D5'},,,,&,1.0,&
{'D7'},{'D2'},{'D1'},{'D3'},{'R1'},{'R3'},{'R2'},,,,&,1.0,&
{'D7'},{'D2'},{'D1'},{'D3'},{'D5'},{'D6'},{'D4'},{'R1'},{'R3'},{'R2'},&,1.0,&
{'D7'},{'D2'},{'D1'},{'D3'},{'R3'},,,,,,&,2.0,&
{'D7'},{'D2'},{'D1'},{'D3'},{'R2'},{'D5'},{'R3'},{'R1'},{'D6'},{'D4'},&,1.0,&
{'D7'},{'D2'},{'D1'},{'D3'},{'R2'},{'R3'},{'D5'},{'D4'},{'R1'},{'D6'},&,1.0,&
{'D7'},{'D2'},{'D1'},{'D3'},{'R2'},{'R3'},{'R1'},,,,&,1.0,&
{'D7'},{'D2'},{'D1'},{'D3'},{'R2'},{'R1'},{'R3'},{'D6'},{'D5'},{'D4'},&,1.0,&
{'D7'},{'D2'},{'D1'},{'D3'},{'R2'},{'R1'},{'D6'},{'D5'},{'R3'},{'D4'},&,1.0,&
{'D7'},{'D2'},{'D1'},{'D3'},{'D4'},{'R2'},,,,,&,1.0,&
{'D7'},{'D2'},{'D1'},{'D4'},,,,,,,&,1.0,&
{'D7'},{'D2'},{'D1'},{'R1'},{'D3'},{'D6'},{'R2'},,,,&,1.0,&
{'D7'},{'D2'},{'D1'},{'R3'},,,,,,,&,3.0,&
{'D7'},{'D2'},{'D1'},{'R3'},{'D6'},{'D3'},{'D5'},{'D4'},{'R2'},{'R1'},&,1.0,&
{'D7'},{'D2'},{'D1'},{'R3'},{'D3'},{'D5'},{'D6'},{'R2'},,,&,1.0,&
{'D7'},{'D2'},{'D1'},{'R3'},{'D3'},{'R2'},,,,,&,2.0,&
{'D7'},{'D2'},{'D1'},{'R3'},{'D3'},{'D6'},{'R2'},{'D5'},{'D4'},{'R1'},&,1.0,&
{'D7'},{'D2'},{'D1'},{'R3'},{'D5'},{'D6'},{'R2'},{'D3'},{'D4'},{'R1'},&,1.0,&
{'D7'},{'D2'},{'D1'},{'R3'},{'R2'},{'D3'},,,,,&,1.0,&
{'D7'},{'D2'},{'D1'},{'R3'},{'R2'},{'D3'},{'R1'},,,,&,1.0,&
{'D7'},{'D2'},{'D1'},{'R3'},{'R2'},{'R1'},,,,,&,1.0,&
{'D7'},{'D2'},{'D1'},{'R3'},{'R2'},{'R1'},{'D3'},{'D4'},,,&,1.0,&
{'D7'},{'D2'},{'D1'},{'D6'},,,,,,,&,1.0,&
{'D7'},{'D2'},{'D1'},{'D6'},{'R1'},{'D5'},{'D3'},{'R3'},{'R2'},,&,1.0,&
{'D7'},{'D2'},{'D1'},{'D6'},{'R3'},{'R2'},{'D5'},{'R1'},,,&,1.0,&
{'D7'},{'D2'},{'D1'},{'D6'},{'R2'},,,,,,&,1.0,&
{'D7'},{'D2'},{'R3'},,,,,,,,&,16.0,&
{'D7'},{'D2'},{'R3'},{'R2'},,,,,,,&,2.0,&
{'D7'},{'D2'},{'R3'},{'R2'},{'D3'},,,,,,&,2.0,&
{'D7'},{'D2'},{'R3'},{'R2'},{'D3'},{'D1'},{'D5'},{'R1'},{'D6'},{'D4'},&,1.0,&
{'D7'},{'D2'},{'R3'},{'R2'},{'R1'},,,,,,&,2.0,&
{'D7'},{'D2'},{'R3'},{'R2'},{'R1'},{'D4'},{'D3'},{'D5'},,,&,1.0,&
{'D7'},{'D2'},{'R3'},{'R2'},{'D1'},,,,,,&,2.0,&
{'D7'},{'D2'},{'R3'},{'R2'},{'D1'},{'R1'},,,,,&,1.0,&
{'D7'},{'D2'},{'R3'},{'R2'},{'D1'},{'R1'},{'D3'},,,,&,1.0,&
{'D7'},{'D2'},{'R3'},{'R2'},{'D1'},{'R1'},{'D3'},{'D6'},{'D5'},{'D4'},&,1.0,&
{'D7'},{'D2'},{'R3'},{'D1'},,,,,,,&,2.0,&
{'D7'},{'D2'},{'R3'},{'D1'},{'D6'},{'R2'},{'D3'},,,,&,1.0,&
{'D7'},{'D2'},{'R3'},{'D1'},{'D3'},{'D5'},,,,,&,1.0,&
{'D7'},{'D2'},{'R3'},{'D1'},{'D3'},{'D5'},{'D6'},{'R2'},{'R1'},,&,1.0,&
{'D7'},{'D2'},{'R3'},{'D1'},{'D3'},{'R2'},{'R1'},,,,&,1.0,&
{'D7'},{'D2'},{'R3'},{'D1'},{'D3'},{'D6'},,,,,&,1.0,&
{'D7'},{'D2'},{'R3'},{'D1'},{'D5'},{'R2'},{'D6'},{'R1'},{'D3'},{'D4'},&,1.0,&
{'D7'},{'D2'},{'R3'},{'D1'},{'R2'},,,,,,&,3.0,&
{'D7'},{'D2'},{'R3'},{'D1'},{'R2'},{'D5'},{'R1'},{'D3'},,,&,1.0,&
{'D7'},{'D2'},{'R3'},{'D1'},{'R2'},{'D6'},{'D3'},{'D5'},{'D4'},{'R1'},&,1.0,&
{'D7'},{'D2'},{'R3'},{'D1'},{'R2'},{'R1'},{'D5'},{'D4'},{'D3'},{'D6'},&,1.0,&
{'D7'},{'D2'},{'R3'},{'D1'},{'R2'},{'R1'},{'D5'},{'D3'},,,&,1.0,&
{'D7'},{'D2'},{'R3'},{'D1'},{'R2'},{'R1'},{'D6'},,,,&,1.0,&
{'D7'},{'D2'},{'R3'},{'D5'},,,,,,,&,1.0,&
{'D7'},{'D2'},{'R3'},{'D5'},{'D3'},{'R2'},{'R1'},,,,&,1.0,&
{'D7'},{'D2'},{'R3'},{'D5'},{'R2'},{'R1'},{'D1'},{'D3'},,,&,1.0,&
{'D7'},{'D2'},{'R3'},{'D3'},,,,,,,&,3.0,&
{'D7'},{'D2'},{'R3'},{'D3'},{'R1'},{'D5'},{'D1'},{'D6'},{'D4'},{'R2'},&,1.0,&
{'D7'},{'D2'},{'R3'},{'D3'},{'D1'},{'D5'},{'D6'},{'R2'},{'R1'},{'D4'},&,1.0,&
{'D7'},{'D2'},{'R3'},{'D4'},{'D1'},{'D5'},{'R1'},{'R2'},,,&,1.0,&
{'D7'},{'D2'},{'R3'},{'D4'},{'D1'},{'D3'},{'D5'},{'D6'},{'R2'},{'R1'},&,1.0,&
{'D7'},{'D2'},{'R3'},{'R1'},{'D6'},{'D3'},,,,,&,1.0,&
{'D7'},{'D2'},{'R3'},{'R1'},{'D3'},{'D6'},,,,,&,1.0,&
{'D7'},{'D2'},{'R3'},{'R1'},{'D1'},{'D4'},{'D3'},,,,&,1.0,&
{'D7'},{'D2'},{'R2'},,,,,,,,&,18.0,&
{'D7'},{'D2'},{'R2'},{'D1'},,,,,,,&,2.0,&
{'D7'},{'D2'},{'R2'},{'D1'},{'D3'},{'D5'},{'D4'},{'D6'},{'R3'},{'R1'},&,1.0,&
{'D7'},{'D2'},{'R2'},{'D1'},{'D3'},{'D6'},,,,,&,1.0,&
{'D7'},{'D2'},{'R2'},{'D1'},{'D3'},{'R3'},{'R1'},{'D4'},{'D6'},{'D5'},&,1.0,&
{'D7'},{'D2'},{'R2'},{'D1'},{'D3'},{'R1'},{'R3'},{'D5'},{'D4'},,&,1.0,&
{'D7'},{'D2'},{'R2'},{'D1'},{'D3'},{'R1'},{'D5'},,,,&,1.0,&
{'D7'},{'D2'},{'R2'},{'D1'},{'R3'},,,,,,&,3.0,&
{'D7'},{'D2'},{'R2'},{'D1'},{'R3'},{'D5'},{'D3'},{'R1'},{'D6'},,&,1.0,&
{'D7'},{'D2'},{'R2'},{'D1'},{'R3'},{'R1'},,,,,&,1.0,&
{'D7'},{'D2'},{'R2'},{'D1'},{'R3'},{'D4'},{'R1'},{'D5'},,,&,1.0,&
{'D7'},{'D2'},{'R2'},{'D1'},{'D4'},{'D3'},,,,,&,1.0,&
{'D7'},{'D2'},{'R2'},{'D5'},{'R3'},{'D3'},,,,,&,1.0,&
{'D7'},{'D2'},{'R2'},{'D3'},,,,,,,&,1.0,&
{'D7'},{'D2'},{'R2'},{'D3'},{'D6'},,,,,,&,1.0,&
{'D7'},{'D2'},{'R2'},{'D3'},{'D6'},{'D1'},{'R3'},{'R1'},{'D5'},{'D4'},&,1.0,&
{'D7'},{'D2'},{'R2'},{'D3'},{'R3'},,,,,,&,1.0,&
{'D7'},{'D2'},{'R2'},{'D3'},{'R3'},{'R1'},,,,,&,1.0,&
{'D7'},{'D2'},{'R2'},{'D3'},{'R3'},{'R1'},{'D5'},{'D1'},{'D4'},,&,1.0,&
{'D7'},{'D2'},{'R2'},{'D3'},{'D1'},{'R3'},,,,,&,1.0,&
{'D7'},{'D2'},{'R2'},{'D3'},{'D1'},{'R3'},{'D5'},{'R1'},,,&,1.0,&
{'D7'},{'D2'},{'R2'},{'D3'},{'D1'},{'D4'},{'R3'},,,,&,1.0,&
{'D7'},{'D2'},{'R2'},{'R1'},{'D3'},,,,,,&,1.0,&
{'D7'},{'D2'},{'R2'},{'R1'},{'D1'},,,,,,&,1.0,&
{'D7'},{'D2'},{'R2'},{'R3'},,,,,,,&,2.0,&
{'D7'},{'D2'},{'R2'},{'R3'},{'D6'},{'D3'},,,,,&,1.0,&
{'D7'},{'D2'},{'R2'},{'R3'},{'D3'},{'R1'},{'D1'},{'D6'},,,&,1.0,&
{'D7'},{'D2'},{'R2'},{'R3'},{'D3'},{'R1'},{'D1'},{'D6'},{'D4'},,&,1.0,&
{'D7'},{'D2'},{'R2'},{'R3'},{'R1'},,,,,,&,1.0,&
{'D7'},{'D2'},{'R2'},{'R3'},{'R1'},{'D1'},{'D3'},,,,&,1.0,&
{'D7'},{'D2'},{'R2'},{'R3'},{'R1'},{'D1'},{'D3'},{'D6'},{'D5'},,&,1.0,&
{'D7'},{'D2'},{'R2'},{'R3'},{'R1'},{'D5'},,,,,&,1.0,&
{'D7'},{'D2'},{'R2'},{'R3'},{'R1'},{'D5'},{'D1'},{'D3'},{'D6'},{'D4'},&,1.0,&
{'D7'},{'D2'},{'R2'},{'R3'},{'R1'},{'D3'},{'D5'},,,,&,1.0,&
{'D7'},{'D2'},{'R2'},{'R3'},{'D1'},,,,,,&,2.0,&
{'D7'},{'D2'},{'R2'},{'R3'},{'D1'},{'D5'},{'D3'},,,,&,1.0,&
{'D7'},{'D2'},{'R2'},{'R3'},{'D1'},{'D3'},,,,,&,1.0,&
{'D7'},{'D2'},{'R2'},{'R3'},{'D1'},{'R1'},{'D3'},{'D6'},{'D5'},{'D4'},&,1.0,&
{'D7'},{'D2'},{'R2'},{'R3'},{'D4'},{'R1'},,,,,&,1.0,&
{'D7'},{'D2'},{'R2'},{'R3'},{'D4'},{'R1'},{'D1'},{'D6'},{'D3'},{'D5'},&,1.0,&
{'D7'},{'D2'},{'R2'},{'D6'},{'R3'},,,,,,&,1.0,&
{'D7'},{'D2'},{'R2'},{'D6'},{'R3'},{'D5'},{'R1'},,,,&,1.0,&
{'D7'},{'D2'},{'R2'},{'D6'},{'R3'},{'R1'},{'D3'},{'D1'},{'D5'},{'D4'},&,1.0,&
{'D7'},{'D2'},{'D4'},{'R2'},{'R3'},{'D3'},{'D1'},,,,&,1.0,&
{'D7'},{'D2'},{'D4'},{'D1'},,,,,,,&,1.0,&
{'D7'},{'D2'},{'D4'},{'D1'},{'R3'},{'R2'},{'D3'},,,,&,1.0,&
{'D7'},{'D2'},{'D4'},{'R1'},{'D1'},{'R2'},{'D3'},,,,&,1.0,&
{'D7'},{'R2'},,,,,,,,,&,19.0,&
{'D7'},{'R2'},{'R1'},,,,,,,,&,1.0,&
{'D7'},{'R2'},{'R1'},{'D1'},{'D3'},{'D2'},,,,,&,1.0,&
{'D7'},{'R2'},{'R1'},{'D5'},{'R3'},{'D1'},{'D2'},{'D6'},{'D3'},,&,1.0,&
{'D7'},{'R2'},{'R1'},{'D3'},{'D2'},{'D1'},{'D6'},{'D4'},{'D5'},{'R3'},&,1.0,&
{'D7'},{'R2'},{'R1'},{'R3'},{'D2'},{'D1'},{'D6'},{'D3'},,,&,1.0,&
{'D7'},{'R2'},{'R1'},{'R3'},{'D1'},{'D2'},{'D3'},{'D6'},{'D5'},{'D4'},&,1.0,&
{'D7'},{'R2'},{'R1'},{'R3'},{'D1'},{'D3'},,,,,&,1.0,&
{'D7'},{'R2'},{'R1'},{'D2'},,,,,,,&,1.0,&
{'D7'},{'R2'},{'R1'},{'D2'},{'D6'},,,,,,&,1.0,&
{'D7'},{'R2'},{'R1'},{'D2'},{'D3'},,,,,,&,1.0,&
{'D7'},{'R2'},{'R1'},{'D2'},{'D3'},{'D1'},{'R3'},,,,&,1.0,&
{'D7'},{'R2'},{'R1'},{'D2'},{'R3'},{'D3'},{'D5'},{'D6'},{'D1'},{'D4'},&,1.0,&
{'D7'},{'R2'},{'D6'},,,,,,,,&,2.0,&
{'D7'},{'R2'},{'D6'},{'D1'},{'D2'},,,,,,&,1.0,&
{'D7'},{'R2'},{'D6'},{'D2'},{'D3'},{'D1'},,,,,&,1.0,&
{'D7'},{'R2'},{'D6'},{'D2'},{'R3'},{'D3'},,,,,&,1.0,&
{'D7'},{'R2'},{'D6'},{'D2'},{'D1'},,,,,,&,1.0,&
{'D7'},{'R2'},{'D3'},,,,,,,,&,7.0,&
{'D7'},{'R2'},{'D3'},{'D1'},,,,,,,&,2.0,&
{'D7'},{'R2'},{'D3'},{'D1'},{'D2'},,,,,,&,1.0,&
{'D7'},{'R2'},{'D3'},{'D1'},{'D2'},{'D5'},{'D6'},{'D4'},{'R3'},,&,1.0,&
{'D7'},{'R2'},{'D3'},{'D1'},{'D2'},{'D6'},{'R3'},{'R1'},{'D5'},,&,1.0,&
{'D7'},{'R2'},{'D3'},{'D1'},{'D2'},{'R3'},{'R1'},{'D5'},,,&,1.0,&
{'D7'},{'R2'},{'D3'},{'D1'},{'D2'},{'R3'},{'D6'},{'D5'},,,&,1.0,&
{'D7'},{'R2'},{'D3'},{'D1'},{'R3'},,,,,,&,1.0,&
{'D7'},{'R2'},{'D3'},{'D1'},{'R3'},{'D2'},{'D4'},{'D6'},{'R1'},{'D5'},&,1.0,&
{'D7'},{'R2'},{'D3'},{'D1'},{'R3'},{'R1'},,,,,&,1.0,&
{'D7'},{'R2'},{'D3'},{'D5'},,,,,,,&,1.0,&
{'D7'},{'R2'},{'D3'},{'D5'},{'D1'},{'R3'},,,,,&,1.0,&
{'D7'},{'R2'},{'D3'},{'R1'},{'D2'},{'R3'},{'D1'},{'D5'},,,&,1.0,&
{'D7'},{'R2'},{'D3'},{'R3'},,,,,,,&,1.0,&
{'D7'},{'R2'},{'D3'},{'R3'},{'D2'},,,,,,&,1.0,&
{'D7'},{'R2'},{'D3'},{'R3'},{'R1'},{'D1'},,,,,&,1.0,&
{'D7'},{'R2'},{'D3'},{'R3'},{'R1'},{'D1'},{'D2'},,,,&,1.0,&
{'D7'},{'R2'},{'D3'},{'R3'},{'R1'},{'D2'},{'D1'},,,,&,1.0,&
{'D7'},{'R2'},{'D3'},{'R3'},{'D1'},,,,,,&,1.0,&
{'D7'},{'R2'},{'D3'},{'R3'},{'D1'},{'R1'},,,,,&,1.0,&
{'D7'},{'R2'},{'D3'},{'R3'},{'D1'},{'R1'},{'D6'},{'D2'},{'D5'},{'D4'},&,1.0,&
{'D7'},{'R2'},{'D3'},{'R3'},{'D1'},{'R1'},{'D2'},{'D5'},{'D4'},{'D6'},&,1.0,&
{'D7'},{'R2'},{'D3'},{'D6'},{'R3'},{'R1'},,,,,&,1.0,&
{'D7'},{'R2'},{'D3'},{'D6'},{'R3'},{'R1'},{'D1'},{'D2'},,,&,1.0,&
{'D7'},{'R2'},{'D3'},{'D6'},{'D1'},{'R3'},{'D2'},{'D4'},{'R1'},,&,1.0,&
{'D7'},{'R2'},{'D3'},{'D2'},,,,,,,&,1.0,&
{'D7'},{'R2'},{'D3'},{'D2'},{'D6'},{'R1'},{'R3'},{'D1'},,,&,1.0,&
{'D7'},{'R2'},{'D3'},{'D2'},{'R1'},{'R3'},,,,,&,1.0,&
{'D7'},{'R2'},{'D3'},{'D2'},{'R1'},{'R3'},{'D1'},{'D6'},,,&,1.0,&
{'D7'},{'R2'},{'D3'},{'D2'},{'D5'},{'D1'},,,,,&,1.0,&
{'D7'},{'R2'},{'D3'},{'D2'},{'R3'},,,,,,&,1.0,&
{'D7'},{'R2'},{'D3'},{'D2'},{'D1'},{'D5'},,,,,&,1.0,&
{'D7'},{'R2'},{'D3'},{'D2'},{'D1'},{'R1'},,,,,&,1.0,&
{'D7'},{'R2'},{'D5'},,,,,,,,&,1.0,&
{'D7'},{'R2'},{'D5'},{'D1'},{'D2'},{'D6'},,,,,&,1.0,&
{'D7'},{'R2'},{'D5'},{'D1'},{'R1'},{'D2'},{'R3'},,,,&,1.0,&
{'D7'},{'R2'},{'D5'},{'D3'},{'D2'},{'R3'},{'D1'},{'R1'},{'D6'},,&,1.0,&
{'D7'},{'R2'},{'D5'},{'R1'},{'D2'},,,,,,&,1.0,&
{'D7'},{'R2'},{'D5'},{'R3'},,,,,,,&,1.0,&
{'D7'},{'R2'},{'D5'},{'R3'},{'R1'},{'D2'},,,,,&,1.0,&
{'D7'},{'R2'},{'D5'},{'D2'},,,,,,,&,1.0,&
{'D7'},{'R2'},{'D5'},{'D2'},{'D1'},{'R3'},{'R1'},{'D6'},{'D3'},,&,1.0,&
{'D7'},{'R2'},{'D1'},,,,,,,,&,7.0,&
{'D7'},{'R2'},{'D1'},{'D5'},,,,,,,&,1.0,&
{'D7'},{'R2'},{'D1'},{'D3'},,,,,,,&,1.0,&
{'D7'},{'R2'},{'D1'},{'D3'},{'D2'},,,,,,&,1.0,&
{'D7'},{'R2'},{'D1'},{'D3'},{'D2'},{'D5'},,,,,&,1.0,&
{'D7'},{'R2'},{'D1'},{'D3'},{'D2'},{'D5'},{'R1'},{'D6'},{'R3'},,&,1.0,&
{'D7'},{'R2'},{'D1'},{'D3'},{'D2'},{'D5'},{'D6'},{'R3'},{'R1'},,&,1.0,&
{'D7'},{'R2'},{'D1'},{'D3'},{'D2'},{'D6'},{'D5'},{'R3'},{'D4'},{'R1'},&,1.0,&
{'D7'},{'R2'},{'D1'},{'D3'},{'R3'},,,,,,&,2.0,&
{'D7'},{'R2'},{'D1'},{'D3'},{'R3'},{'D5'},{'D2'},,,,&,1.0,&
{'D7'},{'R2'},{'D1'},{'D3'},{'R3'},{'R1'},{'D2'},,,,&,1.0,&
{'D7'},{'R2'},{'D1'},{'D3'},{'D4'},{'D6'},{'R3'},{'D2'},{'D5'},{'R1'},&,1.0,&
{'D7'},{'R2'},{'D1'},{'D4'},,,,,,,&,1.0,&
{'D7'},{'R2'},{'D1'},{'D4'},{'R3'},,,,,,&,1.0,&
{'D7'},{'R2'},{'D1'},{'R1'},{'D5'},{'R3'},{'D3'},{'D2'},{'D6'},{'D4'},&,1.0,&
{'D7'},{'R2'},{'D1'},{'R3'},,,,,,,&,1.0,&
{'D7'},{'R2'},{'D1'},{'R3'},{'D2'},{'D3'},{'D4'},{'D6'},{'R1'},{'D5'},&,1.0,&
{'D7'},{'R2'},{'D1'},{'R3'},{'D2'},{'R1'},{'D3'},,,,&,1.0,&
{'D7'},{'R2'},{'D1'},{'R3'},{'D2'},{'D4'},{'D3'},{'R1'},,,&,1.0,&
{'D7'},{'R2'},{'D1'},{'R3'},{'D3'},{'D2'},,,,,&,2.0,&
{'D7'},{'R2'},{'D1'},{'R3'},{'D3'},{'R1'},,,,,&,1.0,&
{'D7'},{'R2'},{'D1'},{'R3'},{'R1'},,,,,,&,1.0,&
{'D7'},{'R2'},{'D1'},{'R3'},{'R1'},{'D2'},{'D5'},{'D3'},,,&,1.0,&
{'D7'},{'R2'},{'D1'},{'R3'},{'R1'},{'D3'},,,,,&,1.0,&
{'D7'},{'R2'},{'D1'},{'R3'},{'D5'},{'D6'},{'R1'},{'D2'},{'D3'},,&,1.0,&
{'D7'},{'R2'},{'D1'},{'D6'},{'D2'},{'R3'},{'R1'},,,,&,1.0,&
{'D7'},{'R2'},{'D1'},{'D6'},{'D2'},{'R3'},{'D3'},,,,&,1.0,&
{'D7'},{'R2'},{'D1'},{'D6'},{'R3'},,,,,,&,1.0,&
{'D7'},{'R2'},{'D1'},{'D6'},{'R3'},{'R1'},{'D2'},{'D5'},{'D3'},{'D4'},&,1.0,&
{'D7'},{'R2'},{'D1'},{'D2'},,,,,,,&,1.0,&
{'D7'},{'R2'},{'D1'},{'D2'},{'R1'},,,,,,&,1.0,&
{'D7'},{'R2'},{'D1'},{'D2'},{'R1'},{'D3'},{'R3'},{'D6'},{'D5'},,&,1.0,&
{'D7'},{'R2'},{'D1'},{'D2'},{'D4'},,,,,,&,1.0,&
{'D7'},{'R2'},{'R3'},,,,,,,,&,13.0,&
{'D7'},{'R2'},{'R3'},{'D1'},,,,,,,&,3.0,&
{'D7'},{'R2'},{'R3'},{'D1'},{'D2'},{'D6'},{'D3'},{'R1'},{'D5'},,&,1.0,&
{'D7'},{'R2'},{'R3'},{'D1'},{'D2'},{'R1'},{'D5'},{'D3'},{'D6'},{'D4'},&,1.0,&
{'D7'},{'R2'},{'R3'},{'D1'},{'D2'},{'R1'},{'D6'},{'D4'},,,&,1.0,&
{'D7'},{'R2'},{'R3'},{'D1'},{'D2'},{'R1'},{'D3'},{'D5'},{'D6'},{'D4'},&,1.0,&
{'D7'},{'R2'},{'R3'},{'D1'},{'D3'},,,,,,&,1.0,&
{'D7'},{'R2'},{'R3'},{'D1'},{'D3'},{'D2'},{'D6'},,,,&,1.0,&
{'D7'},{'R2'},{'R3'},{'D1'},{'D3'},{'D4'},{'R1'},,,,&,1.0,&
{'D7'},{'R2'},{'R3'},{'D1'},{'R1'},,,,,,&,1.0,&
{'D7'},{'R2'},{'R3'},{'D1'},{'D5'},{'D2'},{'D3'},{'D4'},{'D6'},{'R1'},&,1.0,&
{'D7'},{'R2'},{'R3'},{'D3'},,,,,,,&,1.0,&
{'D7'},{'R2'},{'R3'},{'D3'},{'D2'},{'D1'},{'R1'},{'D4'},{'D6'},{'D5'},&,1.0,&
{'D7'},{'R2'},{'R3'},{'D3'},{'D2'},{'R1'},{'D6'},{'D1'},{'D5'},{'D4'},&,1.0,&
{'D7'},{'R2'},{'R3'},{'D3'},{'D6'},{'D1'},,,,,&,1.0,&
{'D7'},{'R2'},{'R3'},{'D3'},{'D6'},{'D2'},{'D5'},,,,&,1.0,&
{'D7'},{'R2'},{'R3'},{'D3'},{'D5'},{'R1'},{'D1'},,,,&,1.0,&
{'D7'},{'R2'},{'R3'},{'D3'},{'D1'},{'D2'},{'D5'},{'D4'},,,&,1.0,&
{'D7'},{'R2'},{'R3'},{'D3'},{'D4'},{'D1'},,,,,&,1.0,&
{'D7'},{'R2'},{'R3'},{'R1'},,,,,,,&,7.0,&
{'D7'},{'R2'},{'R3'},{'R1'},{'D2'},,,,,,&,2.0,&
{'D7'},{'R2'},{'R3'},{'R1'},{'D2'},{'D1'},,,,,&,1.0,&
{'D7'},{'R2'},{'R3'},{'R1'},{'D2'},{'D5'},{'D1'},{'D3'},{'D4'},{'D6'},&,1.0,&
{'D7'},{'R2'},{'R3'},{'R1'},{'D2'},{'D3'},,,,,&,1.0,&
{'D7'},{'R2'},{'R3'},{'R1'},{'D2'},{'D3'},{'D1'},{'D6'},,,&,1.0,&
{'D7'},{'R2'},{'R3'},{'R1'},{'D6'},{'D2'},,,,,&,1.0,&
{'D7'},{'R2'},{'R3'},{'R1'},{'D6'},{'D3'},,,,,&,2.0,&
{'D7'},{'R2'},{'R3'},{'R1'},{'D3'},,,,,,&,2.0,&
{'D7'},{'R2'},{'R3'},{'R1'},{'D3'},{'D1'},,,,,&,2.0,&
{'D7'},{'R2'},{'R3'},{'R1'},{'D3'},{'D2'},,,,,&,1.0,&
{'D7'},{'R2'},{'R3'},{'R1'},{'D5'},,,,,,&,1.0,&
{'D7'},{'R2'},{'R3'},{'R1'},{'D1'},,,,,,&,1.0,&
{'D7'},{'R2'},{'R3'},{'R1'},{'D1'},{'D5'},,,,,&,1.0,&
{'D7'},{'R2'},{'R3'},{'R1'},{'D1'},{'D2'},{'D3'},,,,&,1.0,&
{'D7'},{'R2'},{'R3'},{'R1'},{'D1'},{'D3'},{'D2'},{'D5'},{'D6'},{'D4'},&,1.0,&
{'D7'},{'R2'},{'R3'},{'D6'},{'D3'},{'D2'},{'D1'},{'D4'},{'R1'},,&,1.0,&
{'D7'},{'R2'},{'R3'},{'D6'},{'D1'},{'D3'},{'D2'},{'R1'},,,&,1.0,&
{'D7'},{'R2'},{'R3'},{'D2'},,,,,,,&,1.0,&
{'D7'},{'R2'},{'R3'},{'D2'},{'D6'},,,,,,&,1.0,&
{'D7'},{'R2'},{'R3'},{'D2'},{'D6'},{'R1'},,,,,&,1.0,&
{'D7'},{'R2'},{'R3'},{'D2'},{'D6'},{'R1'},{'D3'},{'D1'},,,&,1.0,&
{'D7'},{'R2'},{'R3'},{'D2'},{'D3'},,,,,,&,1.0,&
{'D7'},{'R2'},{'R3'},{'D2'},{'D3'},{'R1'},{'D4'},,,,&,1.0,&
{'D7'},{'R2'},{'R3'},{'D2'},{'R1'},{'D1'},{'D3'},{'D6'},{'D5'},{'D4'},&,1.0,&
{'D7'},{'R2'},{'R3'},{'D2'},{'R1'},{'D5'},{'D1'},{'D3'},,,&,1.0,&
{'D7'},{'R2'},{'R3'},{'D2'},{'D1'},{'D3'},{'R1'},{'D5'},{'D4'},{'D6'},&,1.0,&
{'D7'},{'R2'},{'D2'},,,,,,,,&,6.0,&
{'D7'},{'R2'},{'D2'},{'D1'},,,,,,,&,2.0,&
{'D7'},{'R2'},{'D2'},{'D1'},{'D6'},{'D5'},{'R3'},,,,&,1.0,&
{'D7'},{'R2'},{'D2'},{'D1'},{'D3'},,,,,,&,1.0,&
{'D7'},{'R2'},{'D2'},{'D1'},{'D3'},{'D5'},{'R3'},{'R1'},{'D6'},,&,1.0,&
{'D7'},{'R2'},{'D2'},{'D1'},{'R1'},,,,,,&,1.0,&
{'D7'},{'R2'},{'D2'},{'D1'},{'D5'},{'R3'},,,,,&,1.0,&
{'D7'},{'R2'},{'D2'},{'D1'},{'R3'},,,,,,&,1.0,&
{'D7'},{'R2'},{'D2'},{'D1'},{'R3'},{'D5'},{'R1'},{'D3'},{'D6'},,&,1.0,&
{'D7'},{'R2'},{'D2'},{'D1'},{'R3'},{'D6'},{'D3'},{'D5'},{'R1'},,&,1.0,&
{'D7'},{'R2'},{'D2'},{'D1'},{'R3'},{'R1'},{'D3'},{'D6'},,,&,1.0,&
{'D7'},{'R2'},{'D2'},{'D5'},{'R3'},,,,,,&,2.0,&
{'D7'},{'R2'},{'D2'},{'D3'},,,,,,,&,2.0,&
{'D7'},{'R2'},{'D2'},{'D3'},{'D6'},{'R3'},{'D5'},{'R1'},,,&,1.0,&
{'D7'},{'R2'},{'D2'},{'D3'},{'R1'},{'D1'},{'R3'},{'D4'},,,&,1.0,&
{'D7'},{'R2'},{'D2'},{'D3'},{'R3'},{'D1'},{'D4'},{'R1'},{'D6'},,&,1.0,&
{'D7'},{'R2'},{'D2'},{'D3'},{'R3'},{'R1'},,,,,&,1.0,&
{'D7'},{'R2'},{'D2'},{'D3'},{'R3'},{'R1'},{'D4'},{'D1'},,,&,1.0,&
{'D7'},{'R2'},{'D2'},{'D3'},{'D1'},,,,,,&,2.0,&
{'D7'},{'R2'},{'D2'},{'D3'},{'D1'},{'D5'},,,,,&,1.0,&
{'D7'},{'R2'},{'D2'},{'D3'},{'D1'},{'D6'},,,,,&,1.0,&
{'D7'},{'R2'},{'D2'},{'D4'},,,,,,,&,1.0,&
{'D7'},{'R2'},{'D2'},{'R1'},{'D6'},,,,,,&,1.0,&
{'D7'},{'R2'},{'D2'},{'R1'},{'D3'},{'R3'},{'D4'},,,,&,1.0,&
{'D7'},{'R2'},{'D2'},{'R1'},{'R3'},{'D1'},{'D3'},{'D5'},,,&,1.0,&
{'D7'},{'R2'},{'D2'},{'R3'},,,,,,,&,2.0,&
{'D7'},{'R2'},{'D2'},{'R3'},{'D6'},{'D3'},,,,,&,1.0,&
{'D7'},{'R2'},{'D2'},{'R3'},{'D3'},,,,,,&,3.0,&
{'D7'},{'R2'},{'D2'},{'R3'},{'D3'},{'D1'},{'D6'},{'R1'},{'D5'},{'D4'},&,1.0,&
{'D7'},{'R2'},{'D2'},{'R3'},{'D3'},{'R1'},,,,,&,1.0,&
{'D7'},{'R2'},{'D2'},{'R3'},{'D3'},{'R1'},{'D1'},,,,&,1.0,&
{'D7'},{'R2'},{'D2'},{'R3'},{'R1'},{'D1'},,,,,&,1.0,&
{'D7'},{'R2'},{'D2'},{'R3'},{'R1'},{'D5'},{'D1'},{'D3'},,,&,1.0,&
{'D7'},{'R2'},{'D2'},{'R3'},{'D5'},,,,,,&,1.0,&
{'D7'},{'R2'},{'D2'},{'R3'},{'D1'},{'D3'},{'R1'},{'D6'},,,&,1.0,&
{'D7'},{'R2'},{'D2'},{'R3'},{'D1'},{'D3'},{'D6'},{'D5'},{'R1'},,&,1.0,&
{'D7'},{'R2'},{'D2'},{'D6'},,,,,,,&,1.0,&
{'D7'},{'R2'},{'D2'},{'D6'},{'D1'},{'D3'},{'R3'},{'D5'},{'D4'},,&,1.0,&
{'D7'},{'R2'},{'D4'},{'D2'},,,,,,,&,1.0,&
{'D7'},{'D6'},,,,,,,,,&,10.0,&
{'D7'},{'D6'},{'R1'},{'R3'},{'R2'},{'D3'},{'D5'},{'D1'},{'D2'},{'D4'},&,1.0,&
{'D7'},{'D6'},{'D3'},,,,,,,,&,2.0,&
{'D7'},{'D6'},{'D3'},{'D1'},{'D2'},,,,,,&,1.0,&
{'D7'},{'D6'},{'D3'},{'D1'},{'D2'},{'D5'},{'D4'},{'R2'},{'R3'},{'R1'},&,1.0,&
{'D7'},{'D6'},{'D3'},{'D5'},{'R2'},{'D1'},{'R3'},,,,&,1.0,&
{'D7'},{'D6'},{'D3'},{'D4'},{'R3'},{'D1'},{'R2'},{'D2'},,,&,1.0,&
{'D7'},{'D6'},{'D3'},{'R3'},{'D2'},,,,,,&,1.0,&
{'D7'},{'D6'},{'D3'},{'D2'},,,,,,,&,1.0,&
{'D7'},{'D6'},{'D3'},{'D2'},{'D5'},,,,,,&,1.0,&
{'D7'},{'D6'},{'D3'},{'D2'},{'R3'},,,,,,&,1.0,&
{'D7'},{'D6'},{'D5'},,,,,,,,&,1.0,&
{'D7'},{'D6'},{'D5'},{'R2'},,,,,,,&,1.0,&
{'D7'},{'D6'},{'D1'},,,,,,,,&,3.0,&
{'D7'},{'D6'},{'D1'},{'R2'},{'D5'},{'R1'},{'D2'},{'R3'},,,&,1.0,&
{'D7'},{'D6'},{'D1'},{'R2'},{'R3'},{'D2'},{'D3'},{'R1'},{'D5'},,&,1.0,&
{'D7'},{'D6'},{'D1'},{'D3'},{'R3'},{'D2'},,,,,&,1.0,&
{'D7'},{'D6'},{'D1'},{'D3'},{'R2'},{'D2'},{'D5'},{'D4'},{'R3'},{'R1'},&,1.0,&
{'D7'},{'D6'},{'D1'},{'R3'},{'D3'},{'R2'},{'D2'},{'R1'},,,&,1.0,&
{'D7'},{'D6'},{'D1'},{'D2'},,,,,,,&,1.0,&
{'D7'},{'D6'},{'R3'},,,,,,,,&,4.0,&
{'D7'},{'D6'},{'R3'},{'R2'},{'R1'},{'D1'},,,,,&,1.0,&
{'D7'},{'D6'},{'R3'},{'D1'},{'R2'},{'D2'},{'D3'},{'D4'},{'D5'},,&,1.0,&
{'D7'},{'D6'},{'R3'},{'D1'},{'R2'},{'R1'},{'D3'},{'D2'},,,&,1.0,&
{'D7'},{'D6'},{'R3'},{'D3'},{'D2'},{'D1'},,,,,&,1.0,&
{'D7'},{'D6'},{'R3'},{'D2'},{'D1'},{'R2'},{'R1'},,,,&,1.0,&
{'D7'},{'D6'},{'R2'},,,,,,,,&,2.0,&
{'D7'},{'D6'},{'R2'},{'D1'},{'R1'},{'D2'},{'R3'},{'D3'},{'D5'},{'D4'},&,1.0,&
{'D7'},{'D6'},{'R2'},{'D1'},{'R3'},{'D3'},,,,,&,1.0,&
{'D7'},{'D6'},{'R2'},{'D1'},{'R3'},{'D3'},{'R1'},{'D2'},,,&,1.0,&
{'D7'},{'D6'},{'R2'},{'R1'},{'D3'},,,,,,&,1.0,&
{'D7'},{'D6'},{'R2'},{'R1'},{'R3'},{'D3'},{'D5'},{'D1'},{'D2'},{'D4'},&,1.0,&
{'D7'},{'D6'},{'R2'},{'R1'},{'R3'},{'D3'},{'D1'},{'D2'},,,&,1.0,&
{'D7'},{'D6'},{'R2'},{'R3'},,,,,,,&,2.0,&
{'D7'},{'D6'},{'R2'},{'R3'},{'D3'},{'R1'},{'D1'},{'D2'},{'D4'},,&,1.0,&
{'D7'},{'D6'},{'R2'},{'R3'},{'R1'},,,,,,&,1.0,&
{'D7'},{'D6'},{'R2'},{'D2'},,,,,,,&,1.0,&
{'D7'},{'D6'},{'R2'},{'D2'},{'D3'},{'D1'},{'D5'},,,,&,1.0,&
{'D7'},{'D6'},{'R2'},{'D2'},{'D1'},{'D3'},{'R3'},{'D5'},{'D4'},,&,1.0,&
{'D7'},{'D6'},{'D2'},,,,,,,,&,2.0,&
{'D7'},{'D6'},{'D2'},{'R2'},{'R3'},,,,,,&,1.0,&
{'D7'},{'D6'},{'D2'},{'R2'},{'R3'},{'R1'},{'D3'},,,,&,1.0,&
{'D7'},{'D6'},{'D2'},{'R2'},{'D1'},{'D3'},{'R3'},{'D5'},,,&,1.0,&
{'D7'},{'D6'},{'D2'},{'D1'},,,,,,,&,1.0,&
{'D7'},{'D6'},{'D2'},{'D3'},,,,,,,&,1.0,&
{'D7'},{'D6'},{'D2'},{'D3'},{'R2'},{'D1'},{'D5'},{'R1'},{'R3'},{'D4'},&,1.0,&
{'D7'},{'D6'},{'D2'},{'R3'},{'D1'},,,,,,&,1.0,&
{'D7'},{'D6'},{'D2'},{'R3'},{'R2'},,,,,,&,1.0,&
{'D7'},{'D6'},{'D4'},,,,,,,,&,1.0,&
{'D7'},{'D5'},,,,,,,,,&,4.0,&
{'D7'},{'D5'},{'R1'},{'D2'},{'D3'},,,,,,&,1.0,&
{'D7'},{'D5'},{'D6'},{'D3'},{'D1'},{'R2'},{'D2'},,,,&,1.0,&
{'D7'},{'D5'},{'D6'},{'R3'},{'D2'},,,,,,&,1.0,&
{'D7'},{'D5'},{'D3'},{'D1'},,,,,,,&,2.0,&
{'D7'},{'D5'},{'D1'},,,,,,,,&,1.0,&
{'D7'},{'D5'},{'D1'},{'D3'},{'D2'},{'R1'},{'D6'},{'R2'},,,&,1.0,&
{'D7'},{'D5'},{'D1'},{'R3'},,,,,,,&,1.0,&
{'D7'},{'D5'},{'D1'},{'R3'},{'D3'},,,,,,&,1.0,&
{'D7'},{'D5'},{'D1'},{'D2'},,,,,,,&,1.0,&
{'D7'},{'D5'},{'D1'},{'D2'},{'D6'},,,,,,&,1.0,&
{'D7'},{'D5'},{'D1'},{'D2'},{'D3'},{'R3'},{'D6'},,,,&,1.0,&
{'D7'},{'D5'},{'D1'},{'D2'},{'R2'},{'D3'},,,,,&,1.0,&
{'D7'},{'D5'},{'R3'},,,,,,,,&,1.0,&
{'D7'},{'D5'},{'R3'},{'R2'},{'D3'},{'D2'},,,,,&,1.0,&
{'D7'},{'D5'},{'R3'},{'R2'},{'R1'},,,,,,&,1.0,&
{'D7'},{'D5'},{'R3'},{'D1'},{'D2'},,,,,,&,1.0,&
{'D7'},{'D5'},{'R3'},{'D3'},{'D2'},{'D1'},{'R2'},{'D4'},{'R1'},,&,1.0,&
{'D7'},{'D5'},{'R3'},{'D2'},{'R2'},{'D3'},,,,,&,1.0,&
{'D7'},{'D5'},{'R2'},{'R3'},{'D6'},{'D3'},{'R1'},{'D2'},,,&,1.0,&
{'D7'},{'D5'},{'R2'},{'R3'},{'D1'},{'D2'},,,,,&,1.0,&
{'D7'},{'D5'},{'R2'},{'D6'},,,,,,,&,1.0,&
{'D7'},{'D5'},{'R2'},{'D2'},{'D1'},,,,,,&,2.0,&
{'D7'},{'D5'},{'D2'},,,,,,,,&,2.0,&
{'D7'},{'D5'},{'D2'},{'R2'},{'D6'},{'D3'},,,,,&,1.0,&
{'D7'},{'D5'},{'D2'},{'R2'},{'D3'},{'D6'},{'R1'},{'D1'},{'D4'},,&,1.0,&
{'D7'},{'D5'},{'D2'},{'R2'},{'D1'},{'R3'},{'D4'},{'R1'},{'D3'},,&,1.0,&
{'D7'},{'D5'},{'D2'},{'D1'},{'D3'},{'R2'},{'R1'},,,,&,1.0,&
{'D7'},{'D5'},{'D2'},{'D1'},{'R3'},,,,,,&,1.0,&
{'D7'},{'R1'},,,,,,,,,&,4.0,&
{'D7'},{'R1'},{'D3'},,,,,,,,&,1.0,&
{'D7'},{'R1'},{'D3'},{'R2'},{'D2'},,,,,,&,1.0,&
{'D7'},{'R1'},{'D3'},{'R2'},{'R3'},{'D6'},{'D2'},,,,&,1.0,&
{'D7'},{'R1'},{'D3'},{'R2'},{'R3'},{'D2'},,,,,&,1.0,&
{'D7'},{'R1'},{'D3'},{'D1'},,,,,,,&,1.0,&
{'D7'},{'R1'},{'D3'},{'D1'},{'R3'},{'D2'},{'R2'},{'D6'},,,&,1.0,&
{'D7'},{'R1'},{'D3'},{'D1'},{'R2'},,,,,,&,1.0,&
{'D7'},{'R1'},{'D3'},{'D1'},{'R2'},{'R3'},{'D2'},{'D6'},{'D4'},{'D5'},&,1.0,&
{'D7'},{'R1'},{'D3'},{'R3'},{'R2'},{'D2'},{'D4'},{'D5'},,,&,1.0,&
{'D7'},{'R1'},{'D3'},{'D2'},{'D6'},,,,,,&,1.0,&
{'D7'},{'R1'},{'D3'},{'D2'},{'R2'},{'R3'},{'D5'},{'D1'},,,&,1.0,&
{'D7'},{'R1'},{'D1'},,,,,,,,&,2.0,&
{'D7'},{'R1'},{'D1'},{'R2'},{'D2'},{'D3'},{'R3'},,,,&,1.0,&
{'D7'},{'R1'},{'D1'},{'R2'},{'D3'},{'D2'},{'R3'},{'D6'},{'D5'},{'D4'},&,1.0,&
{'D7'},{'R1'},{'D1'},{'R3'},{'D3'},{'R2'},{'D2'},,,,&,1.0,&
{'D7'},{'R1'},{'D1'},{'R3'},{'R2'},{'D2'},{'D3'},,,,&,1.0,&
{'D7'},{'R1'},{'D1'},{'D2'},,,,,,,&,1.0,&
{'D7'},{'R1'},{'D1'},{'D2'},{'D3'},{'D4'},{'R3'},{'D5'},,,&,1.0,&
{'D7'},{'R1'},{'R3'},,,,,,,,&,3.0,&
{'D7'},{'R1'},{'R3'},{'R2'},,,,,,,&,1.0,&
{'D7'},{'R1'},{'R3'},{'R2'},{'D2'},,,,,,&,1.0,&
{'D7'},{'R1'},{'R3'},{'R2'},{'D3'},,,,,,&,1.0,&
{'D7'},{'R1'},{'R3'},{'R2'},{'D1'},{'D5'},{'D3'},{'D2'},{'D6'},,&,1.0,&
{'D7'},{'R1'},{'R3'},{'D1'},,,,,,,&,1.0,&
{'D7'},{'R1'},{'R3'},{'D1'},{'D2'},,,,,,&,1.0,&
{'D7'},{'R1'},{'R3'},{'D1'},{'D2'},{'D3'},,,,,&,1.0,&
{'D7'},{'R1'},{'R3'},{'D3'},{'D2'},{'R2'},{'D1'},{'D5'},{'D6'},{'D4'},&,1.0,&
{'D7'},{'R1'},{'R3'},{'D3'},{'D1'},{'R2'},{'D2'},,,,&,1.0,&
{'D7'},{'R1'},{'R3'},{'D6'},,,,,,,&,2.0,&
{'D7'},{'R1'},{'R3'},{'D6'},{'D2'},,,,,,&,1.0,&
{'D7'},{'R1'},{'R3'},{'D6'},{'D1'},{'R2'},,,,,&,1.0,&
{'D7'},{'R1'},{'R3'},{'D6'},{'D1'},{'D2'},{'D3'},{'D5'},{'D4'},{'R2'},&,1.0,&
{'D7'},{'R1'},{'R3'},{'D2'},,,,,,,&,1.0,&
{'D7'},{'R1'},{'R2'},,,,,,,,&,2.0,&
{'D7'},{'R1'},{'R2'},{'D1'},{'D3'},{'D2'},{'R3'},,,,&,1.0,&
{'D7'},{'R1'},{'R2'},{'D3'},{'D2'},,,,,,&,1.0,&
{'D7'},{'R1'},{'R2'},{'R3'},{'D3'},{'D1'},{'D2'},{'D6'},,,&,1.0,&
{'D7'},{'R1'},{'R2'},{'R3'},{'D3'},{'D6'},{'D2'},,,,&,1.0,&
{'D7'},{'R1'},{'R2'},{'R3'},{'D3'},{'D2'},{'D1'},,,,&,1.0,&
{'D7'},{'R1'},{'R2'},{'R3'},{'D1'},,,,,,&,1.0,&
{'D7'},{'R1'},{'R2'},{'D2'},,,,,,,&,1.0,&
{'D7'},{'R1'},{'R2'},{'D2'},{'D5'},{'D3'},{'D1'},{'D6'},{'D4'},{'R3'},&,1.0,&
{'D7'},{'R1'},{'R2'},{'D2'},{'D1'},{'D3'},,,,,&,1.0,&
{'D7'},{'R1'},{'D2'},,,,,,,,&,3.0,&
{'D7'},{'R1'},{'D2'},{'R2'},,,,,,,&,1.0,&
{'D7'},{'R1'},{'D2'},{'R2'},{'D3'},{'D1'},,,,,&,1.0,&
{'D7'},{'R1'},{'D2'},{'D1'},,,,,,,&,1.0,&
{'D7'},{'R1'},{'D2'},{'D1'},{'R3'},{'D3'},,,,,&,1.0,&
{'D7'},{'R1'},{'D2'},{'D1'},{'R2'},,,,,,&,1.0,&
{'D7'},{'R1'},{'D2'},{'D3'},{'D1'},{'D4'},{'D6'},{'D5'},,,&,1.0,&
{'D7'},{'R1'},{'D2'},{'R3'},,,,,,,&,1.0,&
{'D7'},{'R1'},{'D2'},{'R3'},{'D3'},,,,,,&,1.0,&
{'D7'},{'R1'},{'D2'},{'R3'},{'D3'},{'D4'},,,,,&,1.0,&
{'D7'},{'R1'},{'D2'},{'D6'},{'R2'},{'R3'},{'D1'},{'D3'},{'D5'},{'D4'},&,1.0,&
{'D7'},{'R1'},{'D4'},{'R3'},{'R2'},{'D1'},{'D6'},{'D2'},{'D3'},,&,1.0,&
{'D7'},{'D4'},,,,,,,,,&,2.0,&
{'D7'},{'D4'},{'D3'},{'D2'},{'D5'},{'R2'},{'D6'},{'R3'},{'D1'},,&,1.0,&
{'D7'},{'D4'},{'D3'},{'D2'},{'D1'},{'R2'},{'R1'},{'R3'},{'D6'},{'D5'},&,1.0,&
{'D7'},{'D4'},{'D1'},,,,,,,,&,1.0,&
{'D7'},{'D4'},{'D1'},{'R3'},{'D2'},{'D3'},{'R1'},{'R2'},,,&,1.0,&
{'D7'},{'D4'},{'D1'},{'R3'},{'D5'},{'R1'},{'D2'},{'R2'},,,&,1.0,&
{'D7'},{'D4'},{'R3'},,,,,,,,&,2.0,&
{'D7'},{'D4'},{'R3'},{'D1'},,,,,,,&,1.0,&
{'D7'},{'D4'},{'R2'},,,,,,,,&,1.0,&
{'D7'},{'D4'},{'D2'},{'D3'},{'D1'},,,,,,&,1.0,&
{'D7'},{'D4'},{'D2'},{'R3'},{'R1'},{'D3'},{'D1'},{'D5'},{'R2'},,&,1.0,&
{'D7'},{'D3'},,,,,,,,,&,22.0,&
{'D7'},{'D3'},{'R1'},{'R2'},{'D2'},,,,,,&,2.0,&
{'D7'},{'D3'},{'R1'},{'R2'},{'D2'},{'D6'},,,,,&,1.0,&
{'D7'},{'D3'},{'R1'},{'R2'},{'D6'},{'R3'},{'D2'},,,,&,1.0,&
{'D7'},{'D3'},{'R1'},{'D1'},{'R3'},,,,,,&,1.0,&
{'D7'},{'D3'},{'R1'},{'D2'},{'R3'},{'D1'},,,,,&,1.0,&
{'D7'},{'D3'},{'D6'},,,,,,,,&,3.0,&
{'D7'},{'D3'},{'D6'},{'R2'},{'D2'},{'D1'},{'R3'},{'D5'},{'R1'},,&,1.0,&
{'D7'},{'D3'},{'D6'},{'R2'},{'R1'},{'R3'},,,,,&,1.0,&
{'D7'},{'D3'},{'D6'},{'R2'},{'R3'},{'D1'},{'R1'},,,,&,1.0,&
{'D7'},{'D3'},{'D6'},{'R2'},{'D1'},{'R3'},{'R1'},{'D2'},,,&,1.0,&
{'D7'},{'D3'},{'D6'},{'D1'},{'R2'},{'R3'},,,,,&,1.0,&
{'D7'},{'D3'},{'D6'},{'R1'},{'D2'},{'R2'},,,,,&,1.0,&
{'D7'},{'D3'},{'D6'},{'R1'},{'R2'},,,,,,&,1.0,&
{'D7'},{'D3'},{'D6'},{'R3'},,,,,,,&,1.0,&
{'D7'},{'D3'},{'D6'},{'R3'},{'D2'},{'R2'},{'R1'},,,,&,1.0,&
{'D7'},{'D3'},{'D6'},{'D2'},{'D5'},{'R3'},{'R2'},{'D1'},{'R1'},,&,1.0,&
{'D7'},{'D3'},{'D6'},{'D2'},{'D1'},,,,,,&,1.0,&
{'D7'},{'D3'},{'D6'},{'D2'},{'R2'},,,,,,&,1.0,&
{'D7'},{'D3'},{'D5'},,,,,,,,&,2.0,&
{'D7'},{'D3'},{'D5'},{'R2'},{'D2'},{'D1'},{'D6'},{'D4'},{'R3'},,&,1.0,&
{'D7'},{'D3'},{'D5'},{'R2'},{'R3'},{'R1'},{'D6'},{'D4'},{'D2'},{'D1'},&,1.0,&
{'D7'},{'D3'},{'D5'},{'D1'},{'D2'},{'R3'},{'R1'},{'D6'},{'R2'},,&,1.0,&
{'D7'},{'D3'},{'D5'},{'D2'},{'D1'},,,,,,&,1.0,&
{'D7'},{'D3'},{'D5'},{'D2'},{'D1'},{'D6'},{'D4'},{'R1'},{'R2'},{'R3'},&,1.0,&
{'D7'},{'D3'},{'D5'},{'D2'},{'D1'},{'D4'},{'D6'},,,,&,1.0,&
{'D7'},{'D3'},{'D5'},{'D2'},{'R2'},{'D6'},{'D1'},{'D4'},{'R3'},{'R1'},&,1.0,&
{'D7'},{'D3'},{'D1'},,,,,,,,&,3.0,&
{'D7'},{'D3'},{'D1'},{'R2'},{'D2'},{'D5'},,,,,&,1.0,&
{'D7'},{'D3'},{'D1'},{'R2'},{'D2'},{'D6'},{'D5'},,,,&,1.0,&
{'D7'},{'D3'},{'D1'},{'R2'},{'D6'},{'D2'},{'R3'},{'R1'},,,&,1.0,&
{'D7'},{'D3'},{'D1'},{'R2'},{'R3'},{'D6'},{'D4'},{'R1'},{'D2'},{'D5'},&,1.0,&
{'D7'},{'D3'},{'D1'},{'R2'},{'R3'},{'D2'},{'R1'},,,,&,1.0,&
{'D7'},{'D3'},{'D1'},{'R2'},{'R3'},{'D2'},{'D6'},{'R1'},,,&,1.0,&
{'D7'},{'D3'},{'D1'},{'R2'},{'R3'},{'R1'},{'D2'},{'D5'},{'D6'},,&,1.0,&
{'D7'},{'D3'},{'D1'},{'D5'},{'R1'},{'R3'},{'D2'},{'R2'},,,&,1.0,&
{'D7'},{'D3'},{'D1'},{'D4'},{'D2'},,,,,,&,1.0,&
{'D7'},{'D3'},{'D1'},{'R3'},{'D2'},{'R2'},{'D5'},,,,&,1.0,&
{'D7'},{'D3'},{'D1'},{'R3'},{'D2'},{'R2'},{'D6'},{'R1'},{'D5'},{'D4'},&,1.0,&
{'D7'},{'D3'},{'D1'},{'R3'},{'D2'},{'D6'},{'R2'},{'D5'},,,&,1.0,&
{'D7'},{'D3'},{'D1'},{'R3'},{'D6'},,,,,,&,1.0,&
{'D7'},{'D3'},{'D1'},{'R3'},{'D6'},{'D2'},{'D4'},{'R2'},,,&,1.0,&
{'D7'},{'D3'},{'D1'},{'R3'},{'R1'},{'R2'},{'D5'},,,,&,1.0,&
{'D7'},{'D3'},{'D1'},{'R3'},{'D5'},{'R2'},{'D2'},{'D6'},,,&,1.0,&
{'D7'},{'D3'},{'D1'},{'R3'},{'R2'},{'D2'},{'D5'},,,,&,1.0,&
{'D7'},{'D3'},{'D1'},{'R3'},{'R2'},{'D2'},{'D5'},{'R1'},{'D4'},{'D6'},&,1.0,&
{'D7'},{'D3'},{'D1'},{'R3'},{'R2'},{'R1'},{'D2'},{'D6'},{'D4'},{'D5'},&,1.0,&
{'D7'},{'D3'},{'D1'},{'D6'},,,,,,,&,1.0,&
{'D7'},{'D3'},{'D1'},{'D2'},,,,,,,&,3.0,&
{'D7'},{'D3'},{'D1'},{'D2'},{'D5'},{'D6'},{'R2'},,,,&,1.0,&
{'D7'},{'D3'},{'D1'},{'D2'},{'R3'},,,,,,&,3.0,&
{'D7'},{'D3'},{'D1'},{'D2'},{'R3'},{'D5'},,,,,&,1.0,&
{'D7'},{'D3'},{'D1'},{'D2'},{'R2'},,,,,,&,1.0,&
{'D7'},{'D3'},{'D1'},{'D2'},{'R2'},{'D6'},{'R1'},{'D5'},{'D4'},{'R3'},&,1.0,&
{'D7'},{'D3'},{'D1'},{'D2'},{'R2'},{'R3'},{'D6'},{'R1'},{'D4'},,&,1.0,&
{'D7'},{'D3'},{'R3'},,,,,,,,&,7.0,&
{'D7'},{'D3'},{'R3'},{'R2'},{'D2'},{'D1'},{'R1'},{'D5'},{'D6'},,&,1.0,&
{'D7'},{'D3'},{'R3'},{'R2'},{'D2'},{'D1'},{'D6'},{'D5'},{'D4'},{'R1'},&,1.0,&
{'D7'},{'D3'},{'R3'},{'R2'},{'D2'},{'D5'},{'D1'},{'D6'},{'D4'},{'R1'},&,1.0,&
{'D7'},{'D3'},{'R3'},{'R2'},{'D2'},{'R1'},,,,,&,1.0,&
{'D7'},{'D3'},{'R3'},{'R2'},{'D2'},{'R1'},{'D1'},,,,&,1.0,&
{'D7'},{'D3'},{'R3'},{'R2'},{'R1'},{'D2'},{'D1'},{'D6'},,,&,1.0,&
{'D7'},{'D3'},{'R3'},{'R2'},{'D1'},{'D2'},,,,,&,1.0,&
{'D7'},{'D3'},{'R3'},{'R2'},{'D1'},{'D2'},{'R1'},,,,&,1.0,&
{'D7'},{'D3'},{'R3'},{'R2'},{'D1'},{'D2'},{'R1'},{'D6'},,,&,1.0,&
{'D7'},{'D3'},{'R3'},{'D1'},,,,,,,&,1.0,&
{'D7'},{'D3'},{'R3'},{'D1'},{'D2'},,,,,,&,1.0,&
{'D7'},{'D3'},{'R3'},{'D1'},{'R1'},{'R2'},{'D2'},{'D6'},,,&,1.0,&
{'D7'},{'D3'},{'R3'},{'D1'},{'R2'},{'D2'},{'D6'},,,,&,1.0,&
{'D7'},{'D3'},{'R3'},{'D5'},,,,,,,&,1.0,&
{'D7'},{'D3'},{'R3'},{'D5'},{'R2'},{'R1'},,,,,&,1.0,&
{'D7'},{'D3'},{'R3'},{'R1'},{'D2'},{'R2'},{'D5'},,,,&,1.0,&
{'D7'},{'D3'},{'R3'},{'R1'},{'D1'},,,,,,&,1.0,&
{'D7'},{'D3'},{'R3'},{'D2'},{'R1'},,,,,,&,1.0,&
{'D7'},{'D3'},{'R3'},{'D2'},{'D1'},{'R1'},{'D6'},{'R2'},{'D5'},,&,1.0,&
{'D7'},{'D3'},{'R3'},{'D2'},{'R2'},{'D1'},{'D6'},{'D5'},{'R1'},,&,1.0,&
{'D7'},{'D3'},{'R3'},{'D2'},{'R2'},{'D1'},{'D6'},{'R1'},{'D5'},,&,1.0,&
{'D7'},{'D3'},{'R3'},{'D2'},{'R2'},{'R1'},{'D1'},{'D5'},,,&,1.0,&
{'D7'},{'D3'},{'R2'},,,,,,,,&,8.0,&
{'D7'},{'D3'},{'R2'},{'D1'},,,,,,,&,1.0,&
{'D7'},{'D3'},{'R2'},{'D1'},{'D2'},,,,,,&,1.0,&
{'D7'},{'D3'},{'R2'},{'D1'},{'D6'},,,,,,&,1.0,&
{'D7'},{'D3'},{'R2'},{'D1'},{'D6'},{'D2'},{'D5'},,,,&,1.0,&
{'D7'},{'D3'},{'R2'},{'D1'},{'R3'},{'D2'},{'D6'},{'D5'},,,&,1.0,&
{'D7'},{'D3'},{'R2'},{'D5'},,,,,,,&,1.0,&
{'D7'},{'D3'},{'R2'},{'D5'},{'R3'},{'D2'},,,,,&,1.0,&
{'D7'},{'D3'},{'R2'},{'R1'},{'D1'},{'D2'},{'D6'},,,,&,1.0,&
{'D7'},{'D3'},{'R2'},{'R1'},{'D1'},{'D4'},{'D2'},{'R3'},,,&,1.0,&
{'D7'},{'D3'},{'R2'},{'R3'},,,,,,,&,7.0,&
{'D7'},{'D3'},{'R2'},{'R3'},{'D2'},,,,,,&,1.0,&
{'D7'},{'D3'},{'R2'},{'R3'},{'D2'},{'D1'},{'D5'},{'D6'},{'R1'},{'D4'},&,1.0,&
{'D7'},{'D3'},{'R2'},{'R3'},{'D2'},{'R1'},{'D1'},{'D5'},,,&,1.0,&
{'D7'},{'D3'},{'R2'},{'R3'},{'R1'},,,,,,&,2.0,&
{'D7'},{'D3'},{'R2'},{'R3'},{'R1'},{'D1'},{'D2'},{'D5'},,,&,1.0,&
{'D7'},{'D3'},{'R2'},{'R3'},{'R1'},{'D6'},{'D2'},{'D1'},{'D5'},,&,1.0,&
{'D7'},{'D3'},{'R2'},{'R3'},{'R1'},{'D2'},{'D1'},,,,&,1.0,&
{'D7'},{'D3'},{'R2'},{'R3'},{'D1'},{'D2'},{'D5'},,,,&,1.0,&
{'D7'},{'D3'},{'R2'},{'R3'},{'D1'},{'D2'},{'D5'},{'D6'},{'D4'},{'R1'},&,1.0,&
{'D7'},{'D3'},{'R2'},{'R3'},{'D1'},{'D2'},{'R1'},,,,&,1.0,&
{'D7'},{'D3'},{'R2'},{'D6'},,,,,,,&,1.0,&
{'D7'},{'D3'},{'R2'},{'D6'},{'D2'},,,,,,&,1.0,&
{'D7'},{'D3'},{'R2'},{'D6'},{'R1'},,,,,,&,1.0,&
{'D7'},{'D3'},{'R2'},{'D2'},,,,,,,&,2.0,&
{'D7'},{'D3'},{'R2'},{'D2'},{'D6'},{'D1'},{'R3'},{'D5'},{'D4'},{'R1'},&,1.0,&
{'D7'},{'D3'},{'R2'},{'D2'},{'D5'},{'R3'},{'D1'},{'D6'},,,&,1.0,&
{'D7'},{'D3'},{'R2'},{'D2'},{'R3'},{'D1'},,,,,&,1.0,&
{'D7'},{'D3'},{'R2'},{'D2'},{'D1'},,,,,,&,2.0,&
{'D7'},{'D3'},{'R2'},{'D2'},{'D1'},{'R3'},{'R1'},{'D6'},{'D4'},,&,1.0,&
{'D7'},{'D3'},{'D2'},,,,,,,,&,11.0,&
{'D7'},{'D3'},{'D2'},{'R2'},,,,,,,&,1.0,&
{'D7'},{'D3'},{'D2'},{'R2'},{'D6'},{'R3'},{'R1'},{'D1'},{'D5'},{'D4'},&,1.0,&
{'D7'},{'D3'},{'D2'},{'R2'},{'R3'},,,,,,&,1.0,&
{'D7'},{'D3'},{'D2'},{'R2'},{'R3'},{'D1'},,,,,&,1.0,&
{'D7'},{'D3'},{'D2'},{'R2'},{'R3'},{'D1'},{'D6'},,,,&,1.0,&
{'D7'},{'D3'},{'D2'},{'R2'},{'R3'},{'R1'},{'D1'},{'D5'},,,&,1.0,&
{'D7'},{'D3'},{'D2'},{'R2'},{'D1'},,,,,,&,1.0,&
{'D7'},{'D3'},{'D2'},{'R2'},{'D1'},{'D6'},,,,,&,1.0,&
{'D7'},{'D3'},{'D2'},{'R2'},{'D1'},{'R3'},,,,,&,2.0,&
{'D7'},{'D3'},{'D2'},{'R2'},{'D1'},{'R3'},{'D5'},,,,&,1.0,&
{'D7'},{'D3'},{'D2'},{'D1'},,,,,,,&,3.0,&
{'D7'},{'D3'},{'D2'},{'D1'},{'D6'},{'R2'},{'R3'},{'D5'},{'R1'},,&,1.0,&
{'D7'},{'D3'},{'D2'},{'D1'},{'D6'},{'R3'},{'R1'},{'D5'},{'R2'},{'D4'},&,1.0,&
{'D7'},{'D3'},{'D2'},{'D1'},{'D5'},,,,,,&,2.0,&
{'D7'},{'D3'},{'D2'},{'D1'},{'D5'},{'R2'},{'R3'},{'D6'},,,&,1.0,&
{'D7'},{'D3'},{'D2'},{'D1'},{'D5'},{'R2'},{'R3'},{'D4'},{'R1'},{'D6'},&,1.0,&
{'D7'},{'D3'},{'D2'},{'D1'},{'D5'},{'D6'},{'D4'},,,,&,1.0,&
{'D7'},{'D3'},{'D2'},{'D1'},{'D5'},{'D4'},,,,,&,1.0,&
{'D7'},{'D3'},{'D2'},{'D1'},{'R3'},,,,,,&,1.0,&
{'D7'},{'D3'},{'D2'},{'D1'},{'R3'},{'R2'},{'D4'},{'D6'},{'D5'},,&,1.0,&
{'D7'},{'D3'},{'D2'},{'D1'},{'R3'},{'D6'},{'R2'},{'D5'},{'D4'},{'R1'},&,1.0,&
{'D7'},{'D3'},{'D2'},{'D1'},{'R3'},{'D4'},{'D6'},{'R2'},{'R1'},{'D5'},&,1.0,&
{'D7'},{'D3'},{'D2'},{'D1'},{'R2'},{'D5'},,,,,&,1.0,&
{'D7'},{'D3'},{'D2'},{'D1'},{'R2'},{'R3'},{'R1'},,,,&,1.0,&
{'D7'},{'D3'},{'D2'},{'D1'},{'R2'},{'R3'},{'D6'},{'R1'},{'D5'},,&,1.0,&
{'D7'},{'D3'},{'D2'},{'D1'},{'D4'},{'R2'},{'R3'},{'R1'},,,&,1.0,&
{'D7'},{'D3'},{'D2'},{'D5'},{'R3'},,,,,,&,1.0,&
{'D7'},{'D3'},{'D2'},{'D5'},{'R3'},{'D1'},{'D6'},{'D4'},,,&,1.0,&
{'D7'},{'D3'},{'D2'},{'D5'},{'D1'},{'R2'},,,,,&,1.0,&
{'D7'},{'D3'},{'D2'},{'D5'},{'D1'},{'R3'},{'R2'},{'D6'},{'D4'},,&,1.0,&
{'D7'},{'D3'},{'D2'},{'R1'},,,,,,,&,1.0,&
{'D7'},{'D3'},{'D2'},{'R3'},,,,,,,&,1.0,&
{'D7'},{'D3'},{'D2'},{'R3'},{'D6'},{'D5'},,,,,&,1.0,&
{'D7'},{'D3'},{'D2'},{'R3'},{'D1'},,,,,,&,1.0,&
{'D7'},{'D3'},{'D2'},{'R3'},{'R2'},,,,,,&,1.0,&
{'D7'},{'D3'},{'D2'},{'R3'},{'R2'},{'D6'},,,,,&,1.0,&
{'D7'},{'D3'},{'D2'},{'R3'},{'D4'},,,,,,&,1.0,&
{'D7'},{'D3'},{'D2'},{'D6'},{'R3'},,,,,,&,1.0,&
{'D7'},{'D3'},{'D2'},{'D6'},{'R3'},{'D1'},{'R1'},{'D5'},{'D4'},,&,1.0,&
{'D7'},{'D3'},{'D2'},{'D6'},{'D1'},{'R1'},{'D4'},{'R2'},{'D5'},,&,1.0,&
{'D4'},,,,,,,,,,&,48.0,&
{'D4'},{'D1'},,,,,,,,,&,11.0,&
{'D4'},{'D1'},{'R1'},,,,,,,,&,1.0,&
{'D4'},{'D1'},{'R1'},{'D2'},,,,,,,&,1.0,&
{'D4'},{'D1'},{'R1'},{'D2'},{'D6'},{'D5'},{'D3'},{'R3'},{'D7'},{'R2'},&,1.0,&
{'D4'},{'D1'},{'D6'},{'R2'},{'R3'},{'R1'},{'D5'},{'D2'},,,&,1.0,&
{'D4'},{'D1'},{'D6'},{'D3'},{'D2'},{'D7'},{'R2'},{'R1'},{'D5'},{'R3'},&,1.0,&
{'D4'},{'D1'},{'D6'},{'D3'},{'D2'},{'R3'},{'D5'},{'R1'},,,&,1.0,&
{'D4'},{'D1'},{'D6'},{'D3'},{'R3'},,,,,,&,1.0,&
{'D4'},{'D1'},{'D6'},{'D3'},{'R3'},{'R2'},,,,,&,1.0,&
{'D4'},{'D1'},{'D6'},{'R3'},{'R2'},{'D2'},{'R1'},,,,&,1.0,&
{'D4'},{'D1'},{'D6'},{'D2'},,,,,,,&,1.0,&
{'D4'},{'D1'},{'D3'},{'R2'},{'D5'},{'D2'},{'R3'},{'D6'},{'D7'},{'R1'},&,1.0,&
{'D4'},{'D1'},{'D3'},{'R2'},{'R3'},{'R1'},,,,,&,1.0,&
{'D4'},{'D1'},{'D3'},{'R3'},{'D2'},{'D7'},{'R2'},{'D5'},{'R1'},,&,1.0,&
{'D4'},{'D1'},{'D3'},{'R3'},{'R2'},{'D2'},{'R1'},{'D7'},,,&,1.0,&
{'D4'},{'D1'},{'D3'},{'D2'},,,,,,,&,1.0,&
{'D4'},{'D1'},{'D3'},{'D2'},{'D7'},,,,,,&,1.0,&
{'D4'},{'D1'},{'D3'},{'D2'},{'D7'},{'D6'},,,,,&,1.0,&
{'D4'},{'D1'},{'D3'},{'D2'},{'R3'},{'R2'},,,,,&,1.0,&
{'D4'},{'D1'},{'D3'},{'D2'},{'R3'},{'R2'},{'R1'},{'D6'},{'D5'},{'D7'},&,1.0,&
{'D4'},{'D1'},{'D5'},{'D2'},{'R2'},{'R1'},{'D3'},{'D6'},{'D7'},{'R3'},&,1.0,&
{'D4'},{'D1'},{'D7'},{'R2'},{'D2'},{'D6'},,,,,&,1.0,&
{'D4'},{'D1'},{'D7'},{'D3'},{'R2'},{'R3'},{'D2'},{'D6'},,,&,1.0,&
{'D4'},{'D1'},{'D7'},{'D6'},{'D2'},{'D3'},{'R2'},{'R3'},{'R1'},{'D5'},&,1.0,&
{'D4'},{'D1'},{'R3'},,,,,,,,&,5.0,&
{'D4'},{'D1'},{'R3'},{'R2'},{'D2'},{'D3'},{'R1'},{'D5'},,,&,1.0,&
{'D4'},{'D1'},{'R3'},{'R2'},{'D2'},{'D3'},{'D6'},{'R1'},,,&,1.0,&
{'D4'},{'D1'},{'R3'},{'R2'},{'D3'},{'D2'},{'D6'},{'R1'},{'D7'},,&,1.0,&
{'D4'},{'D1'},{'R3'},{'R2'},{'R1'},,,,,,&,1.0,&
{'D4'},{'D1'},{'R3'},{'R2'},{'R1'},{'D2'},,,,,&,2.0,&
{'D4'},{'D1'},{'R3'},{'D5'},{'R2'},{'R1'},{'D2'},,,,&,1.0,&
{'D4'},{'D1'},{'R3'},{'D5'},{'R2'},{'R1'},{'D2'},{'D3'},{'D6'},,&,1.0,&
{'D4'},{'D1'},{'R3'},{'D3'},,,,,,,&,1.0,&
{'D4'},{'D1'},{'R3'},{'R1'},{'D2'},{'R2'},{'D7'},{'D6'},{'D5'},,&,1.0,&
{'D4'},{'D1'},{'R3'},{'D2'},{'D3'},{'D7'},{'R2'},{'D5'},{'D6'},,&,1.0,&
{'D4'},{'D1'},{'R3'},{'D2'},{'D3'},{'D6'},{'R2'},{'D7'},{'R1'},{'D5'},&,1.0,&
{'D4'},{'D1'},{'R3'},{'D2'},{'D3'},{'R1'},{'R2'},{'D6'},,,&,1.0,&
{'D4'},{'D1'},{'R2'},,,,,,,,&,2.0,&
{'D4'},{'D1'},{'R2'},{'D3'},{'D2'},{'D5'},{'D6'},{'D7'},{'R3'},,&,1.0,&
{'D4'},{'D1'},{'R2'},{'D3'},{'D2'},{'R3'},{'D7'},,,,&,1.0,&
{'D4'},{'D1'},{'R2'},{'R3'},{'R1'},{'D2'},,,,,&,1.0,&
{'D4'},{'D1'},{'R2'},{'R3'},{'R1'},{'D2'},{'D3'},{'D7'},,,&,1.0,&
{'D4'},{'D1'},{'R2'},{'R3'},{'R1'},{'D3'},{'D2'},,,,&,1.0,&
{'D4'},{'D1'},{'R2'},{'D6'},,,,,,,&,1.0,&
{'D4'},{'D1'},{'R2'},{'D6'},{'D2'},{'R3'},,,,,&,1.0,&
{'D4'},{'D1'},{'R2'},{'D2'},{'D3'},{'R3'},{'D6'},{'D5'},{'R1'},{'D7'},&,1.0,&
{'D4'},{'D1'},{'R2'},{'D2'},{'R1'},,,,,,&,1.0,&
{'D4'},{'D1'},{'R2'},{'D2'},{'D5'},,,,,,&,1.0,&
{'D4'},{'D1'},{'R2'},{'D2'},{'R3'},{'D3'},{'D6'},,,,&,1.0,&
{'D4'},{'D1'},{'R2'},{'D2'},{'R3'},{'R1'},,,,,&,1.0,&
{'D4'},{'D1'},{'R2'},{'D2'},{'R3'},{'R1'},{'D3'},,,,&,1.0,&
{'D4'},{'D1'},{'D2'},,,,,,,,&,3.0,&
{'D4'},{'D1'},{'D2'},{'R2'},{'D3'},{'D5'},{'D6'},{'R3'},{'R1'},{'D7'},&,1.0,&
{'D4'},{'D1'},{'D2'},{'R2'},{'D3'},{'D6'},,,,,&,1.0,&
{'D4'},{'D1'},{'D2'},{'R2'},{'D5'},{'R3'},,,,,&,1.0,&
{'D4'},{'D1'},{'D2'},{'R2'},{'R3'},{'D3'},{'D7'},{'R1'},{'D6'},,&,1.0,&
{'D4'},{'D1'},{'D2'},{'R2'},{'R3'},{'R1'},{'D3'},,,,&,1.0,&
{'D4'},{'D1'},{'D2'},{'D3'},,,,,,,&,1.0,&
{'D4'},{'D1'},{'D2'},{'D3'},{'D6'},,,,,,&,1.0,&
{'D4'},{'D1'},{'D2'},{'D3'},{'R2'},{'R3'},{'R1'},,,,&,1.0,&
{'D4'},{'D1'},{'D2'},{'R3'},{'R2'},{'R1'},,,,,&,1.0,&
{'D4'},{'D1'},{'D2'},{'D6'},{'R3'},{'R2'},{'R1'},,,,&,1.0,&
{'D4'},{'R3'},,,,,,,,,&,7.0,&
{'D4'},{'R3'},{'R1'},,,,,,,,&,1.0,&
{'D4'},{'R3'},{'R1'},{'R2'},{'D3'},{'D1'},,,,,&,1.0,&
{'D4'},{'R3'},{'R1'},{'R2'},{'D3'},{'D2'},,,,,&,1.0,&
{'D4'},{'R3'},{'R1'},{'D1'},{'R2'},{'D7'},{'D3'},{'D2'},,,&,1.0,&
{'D4'},{'R3'},{'D6'},{'R2'},{'D2'},{'D1'},{'D3'},{'R1'},{'D7'},,&,1.0,&
{'D4'},{'R3'},{'D6'},{'D1'},{'D5'},{'R2'},{'D2'},{'D7'},,,&,1.0,&
{'D4'},{'R3'},{'D6'},{'D2'},{'D1'},,,,,,&,1.0,&
{'D4'},{'R3'},{'D3'},,,,,,,,&,1.0,&
{'D4'},{'R3'},{'D3'},{'R2'},{'D2'},{'R1'},,,,,&,1.0,&
{'D4'},{'R3'},{'D3'},{'D1'},{'D6'},{'D7'},,,,,&,1.0,&
{'D4'},{'R3'},{'D3'},{'D1'},{'R2'},{'D2'},{'D5'},{'R1'},{'D6'},{'D7'},&,1.0,&
{'D4'},{'R3'},{'D3'},{'D2'},{'D1'},,,,,,&,1.0,&
{'D4'},{'R3'},{'D5'},{'R2'},,,,,,,&,1.0,&
{'D4'},{'R3'},{'D5'},{'R2'},{'R1'},{'D3'},{'D7'},{'D1'},,,&,1.0,&
{'D4'},{'R3'},{'D5'},{'D3'},{'D1'},{'R2'},{'R1'},{'D6'},{'D2'},,&,1.0,&
{'D4'},{'R3'},{'D5'},{'D2'},{'R2'},{'D1'},{'D3'},{'R1'},,,&,1.0,&
{'D4'},{'R3'},{'D1'},{'R2'},{'D2'},,,,,,&,1.0,&
{'D4'},{'R3'},{'D1'},{'R2'},{'D2'},{'D3'},{'D6'},{'D5'},{'R1'},,&,1.0,&
{'D4'},{'R3'},{'D1'},{'R2'},{'D5'},,,,,,&,1.0,&
{'D4'},{'R3'},{'D1'},{'D6'},{'R2'},{'R1'},{'D3'},{'D5'},,,&,1.0,&
{'D4'},{'R3'},{'D1'},{'D2'},{'D3'},{'D5'},,,,,&,1.0,&
{'D4'},{'R3'},{'D7'},{'D2'},{'D1'},{'R2'},,,,,&,1.0,&
{'D4'},{'R3'},{'R2'},,,,,,,,&,4.0,&
{'D4'},{'R3'},{'R2'},{'D1'},,,,,,,&,1.0,&
{'D4'},{'R3'},{'R2'},{'D1'},{'D2'},{'R1'},{'D6'},,,,&,1.0,&
{'D4'},{'R3'},{'R2'},{'D1'},{'D6'},{'D3'},{'R1'},{'D5'},{'D2'},{'D7'},&,1.0,&
{'D4'},{'R3'},{'R2'},{'D1'},{'D3'},{'R1'},,,,,&,1.0,&
{'D4'},{'R3'},{'R2'},{'D1'},{'D3'},{'R1'},{'D2'},,,,&,1.0,&
{'D4'},{'R3'},{'R2'},{'D3'},{'D2'},{'R1'},{'D1'},,,,&,1.0,&
{'D4'},{'R3'},{'R2'},{'D3'},{'D5'},,,,,,&,1.0,&
{'D4'},{'R3'},{'R2'},{'D3'},{'D1'},{'D2'},{'R1'},{'D6'},,,&,1.0,&
{'D4'},{'R3'},{'R2'},{'R1'},,,,,,,&,4.0,&
{'D4'},{'R3'},{'R2'},{'R1'},{'D2'},{'D6'},{'D3'},{'D1'},{'D5'},{'D7'},&,1.0,&
{'D4'},{'R3'},{'R2'},{'R1'},{'D2'},{'D3'},{'D1'},{'D6'},,,&,1.0,&
{'D4'},{'R3'},{'R2'},{'R1'},{'D2'},{'D3'},{'D1'},{'D5'},,,&,1.0,&
{'D4'},{'R3'},{'R2'},{'R1'},{'D2'},{'D3'},{'D6'},,,,&,1.0,&
{'D4'},{'R3'},{'R2'},{'R1'},{'D6'},{'D7'},{'D1'},,,,&,1.0,&
{'D4'},{'R3'},{'R2'},{'R1'},{'D1'},{'D6'},{'D5'},{'D2'},{'D7'},,&,1.0,&
{'D4'},{'R3'},{'R2'},{'R1'},{'D1'},{'D2'},{'D3'},,,,&,1.0,&
{'D4'},{'R3'},{'R2'},{'D6'},{'R1'},{'D1'},{'D2'},,,,&,1.0,&
{'D4'},{'R3'},{'R2'},{'D6'},{'D1'},{'D2'},{'D5'},{'D3'},{'R1'},,&,1.0,&
{'D4'},{'R3'},{'R2'},{'D2'},,,,,,,&,1.0,&
{'D4'},{'R3'},{'R2'},{'D2'},{'D3'},{'D1'},,,,,&,1.0,&
{'D4'},{'R3'},{'R2'},{'D2'},{'D3'},{'D1'},{'R1'},{'D7'},,,&,1.0,&
{'D4'},{'R3'},{'R2'},{'D2'},{'D3'},{'D6'},{'D1'},{'R1'},,,&,1.0,&
{'D4'},{'R3'},{'R2'},{'D2'},{'R1'},,,,,,&,1.0,&
{'D4'},{'R3'},{'R2'},{'D2'},{'R1'},{'D3'},{'D6'},{'D1'},,,&,1.0,&
{'D4'},{'R3'},{'R2'},{'D2'},{'D1'},,,,,,&,2.0,&
{'D4'},{'R3'},{'R2'},{'D2'},{'D1'},{'R1'},{'D6'},{'D3'},{'D5'},{'D7'},&,1.0,&
{'D4'},{'R3'},{'D2'},{'R2'},,,,,,,&,1.0,&
{'D4'},{'R3'},{'D2'},{'R2'},{'D3'},,,,,,&,1.0,&
{'D4'},{'R3'},{'D2'},{'R2'},{'D3'},{'D1'},,,,,&,1.0,&
{'D4'},{'R3'},{'D2'},{'R2'},{'D3'},{'R1'},{'D1'},{'D7'},,,&,1.0,&
{'D4'},{'R3'},{'D2'},{'R2'},{'R1'},{'D1'},{'D5'},{'D3'},{'D6'},,&,1.0,&
{'D4'},{'R3'},{'D2'},{'R2'},{'D1'},{'R1'},{'D3'},{'D7'},{'D5'},,&,1.0,&
{'D4'},{'R3'},{'D2'},{'D1'},{'D3'},{'D5'},{'D6'},{'D7'},{'R1'},{'R2'},&,1.0,&
{'D4'},{'R3'},{'D2'},{'D1'},{'D3'},{'R2'},{'D5'},{'D7'},,,&,1.0,&
{'D4'},{'R3'},{'D2'},{'D1'},{'D3'},{'D6'},{'D7'},{'R2'},{'D5'},{'R1'},&,1.0,&
{'D4'},{'R3'},{'D2'},{'D1'},{'D3'},{'D6'},{'R2'},{'R1'},,,&,1.0,&
{'D4'},{'R3'},{'D2'},{'D1'},{'R1'},{'D3'},{'D5'},{'R2'},{'D6'},,&,1.0,&
{'D4'},{'R3'},{'D2'},{'D3'},{'R2'},,,,,,&,1.0,&
{'D4'},{'R3'},{'D2'},{'D6'},,,,,,,&,1.0,&
{'D4'},{'R3'},{'D2'},{'D6'},{'R2'},,,,,,&,1.0,&
{'D4'},{'R3'},{'D2'},{'D6'},{'R2'},{'D7'},{'R1'},,,,&,1.0,&
{'D4'},{'R3'},{'D2'},{'D6'},{'R2'},{'R1'},{'D1'},,,,&,1.0,&
{'D4'},{'D2'},,,,,,,,,&,11.0,&
{'D4'},{'D2'},{'R1'},,,,,,,,&,1.0,&
{'D4'},{'D2'},{'R1'},{'R2'},{'R3'},{'D1'},{'D3'},{'D5'},{'D7'},,&,1.0,&
{'D4'},{'D2'},{'R1'},{'R2'},{'D1'},{'D6'},,,,,&,1.0,&
{'D4'},{'D2'},{'R1'},{'D6'},,,,,,,&,1.0,&
{'D4'},{'D2'},{'D6'},{'R2'},{'D7'},,,,,,&,1.0,&
{'D4'},{'D2'},{'D6'},{'D1'},,,,,,,&,1.0,&
{'D4'},{'D2'},{'D6'},{'D1'},{'R3'},{'D3'},{'R2'},{'R1'},,,&,1.0,&
{'D4'},{'D2'},{'D3'},,,,,,,,&,6.0,&
{'D4'},{'D2'},{'D3'},{'R2'},,,,,,,&,1.0,&
{'D4'},{'D2'},{'D3'},{'R2'},{'D7'},{'R1'},{'R3'},{'D6'},{'D1'},,&,1.0,&
{'D4'},{'D2'},{'D3'},{'R2'},{'R3'},,,,,,&,1.0,&
{'D4'},{'D2'},{'D3'},{'R2'},{'D1'},{'R3'},{'R1'},,,,&,1.0,&
{'D4'},{'D2'},{'D3'},{'D1'},,,,,,,&,1.0,&
{'D4'},{'D2'},{'D3'},{'D1'},{'D6'},{'D5'},{'D7'},,,,&,1.0,&
{'D4'},{'D2'},{'D3'},{'D1'},{'D6'},{'D5'},{'D7'},{'R3'},{'R2'},,&,1.0,&
{'D4'},{'D2'},{'D3'},{'D1'},{'D6'},{'R2'},{'R3'},,,,&,1.0,&
{'D4'},{'D2'},{'D3'},{'D1'},{'D6'},{'R3'},,,,,&,1.0,&
{'D4'},{'D2'},{'D3'},{'D1'},{'D6'},{'R3'},{'D7'},{'D5'},,,&,1.0,&
{'D4'},{'D2'},{'D3'},{'D1'},{'D7'},{'D6'},{'D5'},,,,&,1.0,&
{'D4'},{'D2'},{'D3'},{'D1'},{'R1'},{'R3'},{'D7'},{'D6'},,,&,1.0,&
{'D4'},{'D2'},{'D3'},{'D1'},{'D5'},,,,,,&,1.0,&
{'D4'},{'D2'},{'D3'},{'D1'},{'D5'},{'D7'},{'D6'},,,,&,1.0,&
{'D4'},{'D2'},{'D3'},{'D1'},{'D5'},{'R3'},,,,,&,1.0,&
{'D4'},{'D2'},{'D3'},{'D1'},{'R3'},{'D5'},{'R2'},,,,&,1.0,&
{'D4'},{'D2'},{'D3'},{'D1'},{'R2'},{'D7'},,,,,&,1.0,&
{'D4'},{'D2'},{'D3'},{'D1'},{'R2'},{'D5'},{'R1'},,,,&,1.0,&
{'D4'},{'D2'},{'D3'},{'D1'},{'R2'},{'R3'},{'R1'},{'D6'},{'D5'},,&,1.0,&
{'D4'},{'D2'},{'D3'},{'D1'},{'R2'},{'R1'},{'D5'},{'R3'},,,&,1.0,&
{'D4'},{'D2'},{'D3'},{'D5'},{'R3'},,,,,,&,1.0,&
{'D4'},{'D2'},{'D3'},{'D5'},{'D1'},{'R2'},{'D6'},{'R3'},,,&,1.0,&
{'D4'},{'D2'},{'D3'},{'D5'},{'D1'},{'D6'},{'R3'},,,,&,1.0,&
{'D4'},{'D2'},{'D3'},{'D5'},{'R2'},{'D1'},{'R3'},{'R1'},{'D6'},{'D7'},&,1.0,&
{'D4'},{'D2'},{'D3'},{'R1'},,,,,,,&,1.0,&
{'D4'},{'D2'},{'D3'},{'R3'},{'D6'},{'R2'},{'D1'},,,,&,1.0,&
{'D4'},{'D2'},{'D3'},{'R3'},{'R1'},{'D1'},{'R2'},{'D6'},{'D7'},{'D5'},&,1.0,&
{'D4'},{'D2'},{'D3'},{'R3'},{'D1'},{'D6'},,,,,&,1.0,&
{'D4'},{'D2'},{'D3'},{'R3'},{'D1'},{'D6'},{'D5'},{'D7'},{'R2'},{'R1'},&,1.0,&
{'D4'},{'D2'},{'D3'},{'R3'},{'R2'},,,,,,&,1.0,&
{'D4'},{'D2'},{'D3'},{'D6'},{'D5'},{'R2'},,,,,&,1.0,&
{'D4'},{'D2'},{'D5'},,,,,,,,&,2.0,&
{'D4'},{'D2'},{'D1'},,,,,,,,&,4.0,&
{'D4'},{'D2'},{'D1'},{'R2'},{'D3'},{'D5'},{'R1'},{'D6'},,,&,1.0,&
{'D4'},{'D2'},{'D1'},{'R2'},{'R3'},{'D3'},,,,,&,2.0,&
{'D4'},{'D2'},{'D1'},{'R2'},{'R3'},{'D3'},{'R1'},{'D6'},{'D7'},{'D5'},&,1.0,&
{'D4'},{'D2'},{'D1'},{'R2'},{'R3'},{'R1'},{'D3'},{'D6'},{'D7'},{'D5'},&,1.0,&
{'D4'},{'D2'},{'D1'},{'D3'},{'D6'},{'D7'},{'R2'},,,,&,1.0,&
{'D4'},{'D2'},{'D1'},{'D3'},{'D6'},{'D5'},,,,,&,1.0,&
{'D4'},{'D2'},{'D1'},{'D3'},{'D6'},{'R3'},{'R2'},{'R1'},{'D5'},,&,1.0,&
{'D4'},{'D2'},{'D1'},{'D3'},{'D7'},{'D5'},{'D6'},{'R2'},,,&,1.0,&
{'D4'},{'D2'},{'D1'},{'D3'},{'D7'},{'R2'},{'R3'},{'D6'},,,&,1.0,&
{'D4'},{'D2'},{'D1'},{'D3'},{'D5'},{'D6'},,,,,&,1.0,&
{'D4'},{'D2'},{'D1'},{'D3'},{'R2'},{'D6'},{'D5'},{'R3'},{'D7'},,&,1.0,&
{'D4'},{'D2'},{'D1'},{'D3'},{'R2'},{'R3'},,,,,&,1.0,&
{'D4'},{'D2'},{'D1'},{'R3'},{'R2'},,,,,,&,1.0,&
{'D4'},{'D2'},{'D1'},{'R3'},{'R2'},{'D3'},{'D6'},,,,&,1.0,&
{'D4'},{'D2'},{'D1'},{'R3'},{'R2'},{'R1'},{'D6'},{'D5'},,,&,1.0,&
{'D4'},{'D2'},{'D7'},,,,,,,,&,2.0,&
{'D4'},{'D2'},{'D7'},{'R2'},,,,,,,&,1.0,&
{'D4'},{'D2'},{'R3'},,,,,,,,&,2.0,&
{'D4'},{'D2'},{'R3'},{'R2'},{'R1'},,,,,,&,1.0,&
{'D4'},{'D2'},{'R3'},{'R2'},{'R1'},{'D3'},{'D6'},{'D1'},,,&,1.0,&
{'D4'},{'D2'},{'R3'},{'R2'},{'D5'},{'D1'},{'D6'},{'R1'},{'D3'},,&,1.0,&
{'D4'},{'D2'},{'R3'},{'R2'},{'D1'},{'D3'},,,,,&,1.0,&
{'D4'},{'D2'},{'R3'},{'D1'},{'D3'},{'R2'},{'D7'},{'R1'},{'D6'},{'D5'},&,1.0,&
{'D4'},{'D2'},{'R3'},{'D3'},{'D5'},{'D1'},{'D6'},{'R2'},{'R1'},,&,1.0,&
{'D4'},{'D2'},{'R3'},{'D3'},{'D1'},,,,,,&,1.0,&
{'D4'},{'D2'},{'R3'},{'D3'},{'D1'},{'D5'},,,,,&,1.0,&
{'D4'},{'D2'},{'R3'},{'D3'},{'R2'},,,,,,&,1.0,&
{'D4'},{'D2'},{'R3'},{'D3'},{'R2'},{'D1'},{'D5'},{'R1'},{'D7'},{'D6'},&,1.0,&
{'D4'},{'D2'},{'R3'},{'D6'},{'D7'},{'R2'},{'D3'},,,,&,1.0,&
{'D4'},{'D2'},{'R2'},,,,,,,,&,4.0,&
{'D4'},{'D2'},{'R2'},{'D1'},,,,,,,&,1.0,&
{'D4'},{'D2'},{'R2'},{'D1'},{'D3'},{'D7'},{'D5'},{'R3'},{'D6'},,&,1.0,&
{'D4'},{'D2'},{'R2'},{'D1'},{'D3'},{'R3'},,,,,&,1.0,&
{'D4'},{'D2'},{'R2'},{'D1'},{'D5'},{'R3'},{'R1'},{'D3'},,,&,1.0,&
{'D4'},{'D2'},{'R2'},{'D1'},{'D5'},{'D3'},{'D7'},{'D6'},{'R3'},{'R1'},&,1.0,&
{'D4'},{'D2'},{'R2'},{'D1'},{'R3'},{'D3'},,,,,&,1.0,&
{'D4'},{'D2'},{'R2'},{'D5'},{'D7'},{'D1'},{'D3'},,,,&,1.0,&
{'D4'},{'D2'},{'R2'},{'D3'},,,,,,,&,1.0,&
{'D4'},{'D2'},{'R2'},{'D3'},{'R1'},{'D1'},{'D5'},,,,&,1.0,&
{'D4'},{'D2'},{'R2'},{'D3'},{'R3'},{'D1'},,,,,&,1.0,&
{'D4'},{'D2'},{'R2'},{'D3'},{'D1'},{'D6'},,,,,&,1.0,&
{'D4'},{'D2'},{'R2'},{'D3'},{'D1'},{'D6'},{'D7'},{'R1'},{'D5'},,&,1.0,&
{'D4'},{'D2'},{'R2'},{'D7'},{'R3'},,,,,,&,1.0,&
{'D4'},{'D2'},{'R2'},{'R3'},,,,,,,&,1.0,&
{'D4'},{'D2'},{'R2'},{'R3'},{'R1'},,,,,,&,1.0,&
{'D4'},{'D2'},{'R2'},{'R3'},{'D1'},,,,,,&,1.0,&
{'D4'},{'D2'},{'R2'},{'R3'},{'D1'},{'D3'},{'D7'},,,,&,1.0,&
{'D4'},{'R2'},,,,,,,,,&,7.0,&
{'D4'},{'R2'},{'R1'},{'D3'},{'R3'},,,,,,&,1.0,&
{'D4'},{'R2'},{'R1'},{'D3'},{'R3'},{'D2'},{'D7'},,,,&,1.0,&
{'D4'},{'R2'},{'R1'},{'D7'},{'R3'},,,,,,&,1.0,&
{'D4'},{'R2'},{'R1'},{'R3'},{'D3'},{'D2'},{'D6'},{'D5'},,,&,1.0,&
{'D4'},{'R2'},{'R1'},{'D2'},{'D6'},{'D3'},,,,,&,1.0,&
{'D4'},{'R2'},{'D6'},,,,,,,,&,1.0,&
{'D4'},{'R2'},{'D6'},{'D3'},{'D2'},{'R3'},{'D5'},,,,&,1.0,&
{'D4'},{'R2'},{'D6'},{'R3'},{'D2'},{'D3'},,,,,&,1.0,&
{'D4'},{'R2'},{'D6'},{'R3'},{'D7'},{'D1'},,,,,&,1.0,&
{'D4'},{'R2'},{'D3'},,,,,,,,&,1.0,&
{'D4'},{'R2'},{'D3'},{'D1'},{'D2'},{'D6'},{'D5'},{'D7'},,,&,1.0,&
{'D4'},{'R2'},{'D3'},{'D1'},{'D2'},{'R3'},{'D5'},{'D6'},{'R1'},,&,1.0,&
{'D4'},{'R2'},{'D3'},{'D1'},{'R1'},{'R3'},{'D2'},,,,&,1.0,&
{'D4'},{'R2'},{'D3'},{'D5'},{'D2'},{'D1'},{'R3'},,,,&,1.0,&
{'D4'},{'R2'},{'D3'},{'R1'},{'R3'},{'D5'},,,,,&,1.0,&
{'D4'},{'R2'},{'D3'},{'R3'},,,,,,,&,1.0,&
{'D4'},{'R2'},{'D3'},{'R3'},{'D1'},{'D2'},{'D7'},,,,&,1.0,&
{'D4'},{'R2'},{'D3'},{'D6'},{'D2'},,,,,,&,1.0,&
{'D4'},{'R2'},{'D3'},{'D6'},{'D1'},{'D2'},{'D7'},,,,&,1.0,&
{'D4'},{'R2'},{'D3'},{'D2'},,,,,,,&,1.0,&
{'D4'},{'R2'},{'D3'},{'D2'},{'R3'},{'D6'},{'D1'},{'D5'},{'R1'},{'D7'},&,1.0,&
{'D4'},{'R2'},{'D3'},{'D2'},{'D1'},{'R3'},{'D7'},{'D6'},{'D5'},,&,1.0,&
{'D4'},{'R2'},{'D5'},,,,,,,,&,1.0,&
{'D4'},{'R2'},{'D5'},{'D1'},,,,,,,&,1.0,&
{'D4'},{'R2'},{'D5'},{'R1'},{'D2'},{'D7'},{'D3'},{'R3'},{'D1'},{'D6'},&,1.0,&
{'D4'},{'R2'},{'D1'},,,,,,,,&,4.0,&
{'D4'},{'R2'},{'D1'},{'D3'},{'D2'},{'D6'},{'D7'},,,,&,1.0,&
{'D4'},{'R2'},{'D1'},{'D3'},{'D2'},{'R3'},{'D6'},{'D7'},{'D5'},,&,1.0,&
{'D4'},{'R2'},{'D1'},{'D3'},{'R1'},{'D2'},{'R3'},,,,&,1.0,&
{'D4'},{'R2'},{'D1'},{'D3'},{'R3'},{'D2'},{'D7'},{'D6'},,,&,1.0,&
{'D4'},{'R2'},{'D1'},{'D3'},{'R3'},{'R1'},,,,,&,1.0,&
{'D4'},{'R2'},{'D1'},{'R3'},,,,,,,&,1.0,&
{'D4'},{'R2'},{'D1'},{'R3'},{'D3'},{'D2'},,,,,&,1.0,&
{'D4'},{'R2'},{'D1'},{'D2'},{'D3'},{'D5'},{'R3'},{'R1'},{'D6'},{'D7'},&,1.0,&
{'D4'},{'R2'},{'D1'},{'D2'},{'D3'},{'D6'},{'D7'},{'D5'},,,&,1.0,&
{'D4'},{'R2'},{'D1'},{'D2'},{'R3'},{'D3'},{'D6'},{'R1'},,,&,1.0,&
{'D4'},{'R2'},{'R3'},,,,,,,,&,7.0,&
{'D4'},{'R2'},{'R3'},{'D1'},{'D2'},{'D3'},{'D7'},{'D5'},{'D6'},{'R1'},&,1.0,&
{'D4'},{'R2'},{'R3'},{'D1'},{'D3'},,,,,,&,1.0,&
{'D4'},{'R2'},{'R3'},{'D1'},{'R1'},,,,,,&,1.0,&
{'D4'},{'R2'},{'R3'},{'D1'},{'D5'},,,,,,&,1.0,&
{'D4'},{'R2'},{'R3'},{'D5'},,,,,,,&,1.0,&
{'D4'},{'R2'},{'R3'},{'D3'},,,,,,,&,1.0,&
{'D4'},{'R2'},{'R3'},{'D3'},{'R1'},{'D2'},{'D5'},{'D6'},,,&,1.0,&
{'D4'},{'R2'},{'R3'},{'D3'},{'D1'},{'R1'},{'D6'},,,,&,1.0,&
{'D4'},{'R2'},{'R3'},{'R1'},,,,,,,&,1.0,&
{'D4'},{'R2'},{'R3'},{'R1'},{'D5'},{'D1'},{'D7'},{'D3'},{'D2'},{'D6'},&,1.0,&
{'D4'},{'R2'},{'R3'},{'R1'},{'D5'},{'D3'},,,,,&,1.0,&
{'D4'},{'R2'},{'R3'},{'R1'},{'D1'},,,,,,&,1.0,&
{'D4'},{'R2'},{'R3'},{'R1'},{'D1'},{'D6'},{'D7'},{'D2'},,,&,1.0,&
{'D4'},{'R2'},{'R3'},{'D6'},,,,,,,&,1.0,&
{'D4'},{'R2'},{'R3'},{'D6'},{'D3'},{'D1'},{'R1'},{'D2'},,,&,1.0,&
{'D4'},{'R2'},{'R3'},{'D6'},{'D3'},{'D2'},{'D1'},{'R1'},,,&,1.0,&
{'D4'},{'R2'},{'R3'},{'D2'},,,,,,,&,2.0,&
{'D4'},{'R2'},{'R3'},{'D2'},{'D3'},{'D1'},{'D5'},{'R1'},{'D7'},,&,1.0,&
{'D4'},{'R2'},{'R3'},{'D2'},{'D1'},,,,,,&,1.0,&
{'D4'},{'R2'},{'R3'},{'D2'},{'D1'},{'D3'},,,,,&,1.0,&
{'D4'},{'R2'},{'R3'},{'D2'},{'D1'},{'D3'},{'D6'},{'D5'},,,&,1.0,&
{'D4'},{'R2'},{'D2'},,,,,,,,&,5.0,&
{'D4'},{'R2'},{'D2'},{'D1'},{'D3'},{'R1'},,,,,&,1.0,&
{'D4'},{'R2'},{'D2'},{'D1'},{'R3'},{'D7'},{'D3'},{'D5'},{'R1'},{'D6'},&,1.0,&
{'D4'},{'R2'},{'D2'},{'D1'},{'R3'},{'D3'},,,,,&,1.0,&
{'D4'},{'R2'},{'D2'},{'D1'},{'R3'},{'R1'},{'D3'},{'D7'},{'D6'},{'D5'},&,1.0,&
{'D4'},{'R2'},{'D2'},{'D3'},,,,,,,&,1.0,&
{'D4'},{'R2'},{'D2'},{'D3'},{'R3'},,,,,,&,1.0,&
{'D4'},{'R2'},{'D2'},{'D3'},{'D1'},{'D7'},{'D6'},{'D5'},{'R3'},{'R1'},&,1.0,&
{'D4'},{'R2'},{'D2'},{'D3'},{'D1'},{'R3'},{'D6'},,,,&,1.0,&
{'D4'},{'R2'},{'D2'},{'R1'},{'R3'},,,,,,&,1.0,&
{'D4'},{'R2'},{'D2'},{'R3'},{'D3'},,,,,,&,1.0,&
{'D4'},{'R2'},{'D2'},{'R3'},{'D3'},{'D7'},,,,,&,1.0,&
{'D4'},{'R2'},{'D2'},{'R3'},{'D3'},{'R1'},{'D1'},,,,&,1.0,&
{'D4'},{'R2'},{'D2'},{'R3'},{'R1'},{'D1'},{'D6'},{'D3'},{'D5'},,&,1.0,&
{'D4'},{'R2'},{'D2'},{'R3'},{'R1'},{'D6'},,,,,&,1.0,&
{'D4'},{'D6'},,,,,,,,,&,3.0,&
{'D4'},{'D6'},{'D3'},,,,,,,,&,1.0,&
{'D4'},{'D6'},{'D3'},{'D1'},,,,,,,&,1.0,&
{'D4'},{'D6'},{'D3'},{'R3'},,,,,,,&,1.0,&
{'D4'},{'D6'},{'D3'},{'R3'},{'R1'},,,,,,&,1.0,&
{'D4'},{'D6'},{'D1'},,,,,,,,&,1.0,&
{'D4'},{'D6'},{'D1'},{'D3'},{'D5'},{'R3'},{'R2'},{'D2'},{'D7'},{'R1'},&,1.0,&
{'D4'},{'D6'},{'D7'},{'D2'},,,,,,,&,1.0,&
{'D4'},{'D6'},{'R2'},{'D1'},{'D5'},{'R3'},,,,,&,1.0,&
{'D4'},{'D6'},{'R2'},{'R3'},{'D1'},{'D2'},,,,,&,1.0,&
{'D4'},{'D6'},{'R2'},{'D2'},{'R3'},{'D7'},{'D1'},{'D3'},{'D5'},{'R1'},&,1.0,&
{'D4'},{'D6'},{'D2'},,,,,,,,&,1.0,&
{'D4'},{'D5'},,,,,,,,,&,3.0,&
{'D4'},{'D5'},{'R1'},{'D1'},{'D2'},,,,,,&,1.0,&
{'D4'},{'D5'},{'R1'},{'R3'},{'D3'},{'R2'},{'D1'},{'D2'},,,&,1.0,&
{'D4'},{'D5'},{'R1'},{'D2'},{'R2'},{'R3'},,,,,&,1.0,&
{'D4'},{'D5'},{'D3'},,,,,,,,&,2.0,&
{'D4'},{'D5'},{'D3'},{'R3'},{'R2'},,,,,,&,1.0,&
{'D4'},{'D5'},{'D3'},{'D6'},{'D1'},{'D2'},{'R3'},{'R2'},{'D7'},{'R1'},&,1.0,&
{'D4'},{'D5'},{'D3'},{'D2'},,,,,,,&,1.0,&
{'D4'},{'D5'},{'D3'},{'D2'},{'R2'},{'D1'},{'D6'},{'D7'},{'R1'},,&,1.0,&
{'D4'},{'D5'},{'D1'},,,,,,,,&,1.0,&
{'D4'},{'D5'},{'R3'},{'R2'},{'D3'},{'D2'},{'D7'},{'R1'},,,&,1.0,&
{'D4'},{'D5'},{'R3'},{'R2'},{'R1'},,,,,,&,1.0,&
{'D4'},{'D5'},{'R3'},{'D1'},{'D2'},{'R2'},,,,,&,1.0,&
{'D4'},{'D5'},{'R3'},{'R1'},{'D3'},{'D2'},{'R2'},,,,&,1.0,&
{'D4'},{'D5'},{'R2'},{'D1'},,,,,,,&,1.0,&
{'D4'},{'D5'},{'D2'},{'R2'},{'D3'},{'R3'},{'D7'},{'D1'},{'R1'},{'D6'},&,1.0,&
{'D4'},{'D5'},{'D2'},{'R2'},{'R3'},{'D3'},{'D1'},,,,&,1.0,&
{'D4'},{'D5'},{'D2'},{'D3'},{'D1'},{'R2'},{'R3'},{'D6'},{'R1'},,&,1.0,&
{'D4'},{'R1'},,,,,,,,,&,1.0,&
{'D4'},{'R1'},{'D3'},{'D1'},{'D2'},,,,,,&,1.0,&
{'D4'},{'R1'},{'D3'},{'D6'},{'R2'},{'R3'},,,,,&,1.0,&
{'D4'},{'R1'},{'D5'},,,,,,,,&,1.0,&
{'D4'},{'R1'},{'D1'},{'R3'},{'D3'},{'D5'},{'D2'},{'D6'},{'D7'},{'R2'},&,1.0,&
{'D4'},{'R1'},{'D7'},,,,,,,,&,1.0,&
{'D4'},{'R1'},{'R2'},{'D1'},{'R3'},{'D2'},{'D5'},,,,&,2.0,&
{'D4'},{'R1'},{'R2'},{'D5'},{'D2'},{'R3'},{'D3'},,,,&,1.0,&
{'D4'},{'R1'},{'R2'},{'D3'},{'D2'},{'D6'},{'D1'},{'R3'},{'D7'},,&,1.0,&
{'D4'},{'R1'},{'R2'},{'R3'},,,,,,,&,1.0,&
{'D4'},{'R1'},{'R2'},{'R3'},{'D6'},,,,,,&,1.0,&
{'D4'},{'R1'},{'R2'},{'D2'},{'D3'},{'D5'},{'D6'},{'D1'},{'D7'},{'R3'},&,1.0,&
{'D4'},{'R1'},{'D2'},,,,,,,,&,1.0,&
{'D4'},{'R1'},{'D2'},{'R2'},{'D1'},{'D7'},{'R3'},{'D3'},{'D6'},{'D5'},&,1.0,&
{'D4'},{'R1'},{'D2'},{'D1'},{'D7'},{'R3'},,,,,&,1.0,&
{'D4'},{'R1'},{'D2'},{'D1'},{'D3'},{'D7'},{'R3'},{'R2'},,,&,1.0,&
{'D4'},{'R1'},{'D2'},{'D1'},{'R3'},{'R2'},{'D5'},{'D3'},{'D6'},,&,1.0,&
{'D4'},{'R1'},{'D2'},{'D3'},{'R3'},{'R2'},{'D1'},{'D6'},{'D7'},,&,1.0,&
{'D4'},{'D3'},,,,,,,,,&,4.0,&
{'D4'},{'D3'},{'R1'},,,,,,,,&,1.0,&
{'D4'},{'D3'},{'R1'},{'D1'},,,,,,,&,1.0,&
{'D4'},{'D3'},{'R1'},{'R3'},{'D2'},{'D6'},,,,,&,1.0,&
{'D4'},{'D3'},{'D5'},,,,,,,,&,1.0,&
{'D4'},{'D3'},{'D5'},{'D1'},{'D2'},{'D7'},{'R3'},{'D6'},,,&,1.0,&
{'D4'},{'D3'},{'D5'},{'D6'},,,,,,,&,1.0,&
{'D4'},{'D3'},{'D5'},{'D2'},,,,,,,&,1.0,&
{'D4'},{'D3'},{'D1'},,,,,,,,&,2.0,&
{'D4'},{'D3'},{'D1'},{'R2'},,,,,,,&,1.0,&
{'D4'},{'D3'},{'D1'},{'R1'},{'D2'},,,,,,&,1.0,&
{'D4'},{'D3'},{'D1'},{'R1'},{'R3'},{'D2'},,,,,&,1.0,&
{'D4'},{'D3'},{'D1'},{'R3'},{'D2'},{'D6'},,,,,&,1.0,&
{'D4'},{'D3'},{'D1'},{'R3'},{'D2'},{'R1'},{'D6'},{'D5'},{'D7'},{'R2'},&,1.0,&
{'D4'},{'D3'},{'D1'},{'R3'},{'R2'},{'R1'},{'D2'},{'D7'},{'D6'},{'D5'},&,1.0,&
{'D4'},{'D3'},{'D1'},{'D2'},,,,,,,&,2.0,&
{'D4'},{'D3'},{'D1'},{'D2'},{'R1'},{'D6'},{'R2'},{'R3'},{'D5'},,&,1.0,&
{'D4'},{'D3'},{'D1'},{'D2'},{'R3'},{'R2'},,,,,&,1.0,&
{'D4'},{'D3'},{'D1'},{'D2'},{'R3'},{'R2'},{'D5'},{'D7'},,,&,1.0,&
{'D4'},{'D3'},{'D1'},{'D2'},{'R2'},,,,,,&,1.0,&
{'D4'},{'D3'},{'D1'},{'D2'},{'R2'},{'D6'},{'D7'},{'D5'},{'R3'},{'R1'},&,1.0,&
{'D4'},{'D3'},{'R3'},{'R2'},{'D7'},,,,,,&,1.0,&
{'D4'},{'D3'},{'R3'},{'R2'},{'D1'},{'D2'},{'D5'},{'R1'},{'D6'},,&,1.0,&
{'D4'},{'D3'},{'R3'},{'D1'},,,,,,,&,1.0,&
{'D4'},{'D3'},{'R3'},{'D1'},{'D2'},{'R2'},,,,,&,1.0,&
{'D4'},{'D3'},{'R3'},{'D1'},{'D2'},{'R2'},{'R1'},,,,&,1.0,&
{'D4'},{'D3'},{'R3'},{'D1'},{'R2'},,,,,,&,1.0,&
{'D4'},{'D3'},{'R3'},{'R1'},{'D2'},,,,,,&,1.0,&
{'D4'},{'D3'},{'R3'},{'R1'},{'R2'},{'D2'},,,,,&,1.0,&
{'D4'},{'D3'},{'R3'},{'D2'},,,,,,,&,2.0,&
{'D4'},{'D3'},{'R3'},{'D2'},{'D1'},{'D5'},,,,,&,1.0,&
{'D4'},{'D3'},{'R3'},{'D2'},{'D1'},{'D5'},{'D6'},{'D7'},,,&,1.0,&
{'D4'},{'D3'},{'R3'},{'D2'},{'D1'},{'R2'},{'D7'},{'R1'},,,&,1.0,&
{'D4'},{'D3'},{'R3'},{'D2'},{'D1'},{'D6'},{'D5'},,,,&,1.0,&
{'D4'},{'D3'},{'R2'},,,,,,,,&,4.0,&
{'D4'},{'D3'},{'R2'},{'D1'},,,,,,,&,1.0,&
{'D4'},{'D3'},{'R2'},{'D1'},{'R3'},{'D7'},{'D2'},{'R1'},,,&,1.0,&
{'D4'},{'D3'},{'R2'},{'R1'},{'R3'},{'D1'},,,,,&,1.0,&
{'D4'},{'D3'},{'R2'},{'R3'},,,,,,,&,1.0,&
{'D4'},{'D3'},{'R2'},{'R3'},{'R1'},,,,,,&,1.0,&
{'D4'},{'D3'},{'R2'},{'R3'},{'R1'},{'D1'},,,,,&,1.0,&
{'D4'},{'D3'},{'R2'},{'R3'},{'R1'},{'D2'},{'D1'},{'D6'},{'D5'},{'D7'},&,1.0,&
{'D4'},{'D3'},{'R2'},{'R3'},{'D1'},,,,,,&,1.0,&
{'D4'},{'D3'},{'R2'},{'D6'},,,,,,,&,1.0,&
{'D4'},{'D3'},{'R2'},{'D2'},,,,,,,&,2.0,&
{'D4'},{'D3'},{'D2'},,,,,,,,&,6.0,&
{'D4'},{'D3'},{'D2'},{'R2'},{'R3'},,,,,,&,1.0,&
{'D4'},{'D3'},{'D2'},{'R2'},{'R3'},{'R1'},,,,,&,1.0,&
{'D4'},{'D3'},{'D2'},{'R2'},{'R3'},{'R1'},{'D5'},{'D1'},{'D6'},,&,1.0,&
{'D4'},{'D3'},{'D2'},{'R2'},{'R3'},{'R1'},{'D1'},{'D7'},{'D6'},,&,1.0,&
{'D4'},{'D3'},{'D2'},{'R2'},{'D1'},,,,,,&,3.0,&
{'D4'},{'D3'},{'D2'},{'R2'},{'D1'},{'D6'},,,,,&,1.0,&
{'D4'},{'D3'},{'D2'},{'D1'},,,,,,,&,2.0,&
{'D4'},{'D3'},{'D2'},{'D1'},{'D7'},,,,,,&,1.0,&
{'D4'},{'D3'},{'D2'},{'D1'},{'R2'},,,,,,&,1.0,&
{'D4'},{'D3'},{'D2'},{'D5'},,,,,,,&,1.0,&
{'D4'},{'D3'},{'D2'},{'D7'},{'R3'},{'D1'},{'D5'},,,,&,1.0,&
{'D4'},{'D3'},{'D2'},{'R1'},{'R3'},{'D1'},{'R2'},{'D6'},,,&,1.0,&
{'D4'},{'D3'},{'D2'},{'R3'},{'D1'},{'R2'},{'D5'},{'R1'},,,&,1.0,&
{'D4'},{'D3'},{'D2'},{'R3'},{'R2'},,,,,,&,1.0,&
{'D4'},{'D3'},{'D2'},{'R3'},{'R2'},{'R1'},,,,,&,1.0,&
{'D4'},{'D7'},{'D3'},,,,,,,,&,1.0,&
{'D4'},{'D7'},{'D3'},{'D1'},{'R3'},{'D2'},{'D6'},{'R2'},{'R1'},,&,1.0,&
{'D4'},{'D7'},{'D3'},{'D6'},{'D1'},{'R2'},{'R3'},{'R1'},{'D2'},{'D5'},&,1.0,&
{'D4'},{'D7'},{'D5'},,,,,,,,&,1.0,&
{'D4'},{'D7'},{'D5'},{'R2'},,,,,,,&,1.0,&
{'D4'},{'D7'},{'D1'},,,,,,,,&,1.0,&
{'D4'},{'D7'},{'D1'},{'R3'},,,,,,,&,2.0,&
{'D4'},{'D7'},{'R3'},,,,,,,,&,1.0,&
{'D4'},{'D7'},{'R3'},{'D3'},{'D2'},{'D1'},,,,,&,1.0,&
{'D4'},{'D7'},{'R3'},{'D2'},{'R1'},{'R2'},{'D3'},{'D1'},,,&,1.0,&
{'D4'},{'D7'},{'R3'},{'D2'},{'R2'},{'R1'},{'D1'},,,,&,1.0,&
{'D4'},{'D7'},{'R2'},{'R3'},{'R1'},{'D2'},{'D3'},,,,&,1.0,&
{'R2'},,,,,,,,,,&,457.0,&
{'R2'},{'D1'},,,,,,,,,&,55.0,&
{'R2'},{'D1'},{'R1'},,,,,,,,&,6.0,&
{'R2'},{'D1'},{'R1'},{'D3'},,,,,,,&,1.0,&
{'R2'},{'D1'},{'R1'},{'D3'},{'D2'},,,,,,&,2.0,&
{'R2'},{'D1'},{'R1'},{'D3'},{'D2'},{'D5'},{'D6'},{'R3'},{'D7'},,&,1.0,&
{'R2'},{'D1'},{'R1'},{'D3'},{'D2'},{'D6'},{'D7'},{'R3'},{'D5'},,&,1.0,&
{'R2'},{'D1'},{'R1'},{'D3'},{'R3'},,,,,,&,3.0,&
{'R2'},{'D1'},{'R1'},{'R3'},,,,,,,&,1.0,&
{'R2'},{'D1'},{'R1'},{'R3'},{'D2'},,,,,,&,1.0,&
{'R2'},{'D1'},{'R1'},{'R3'},{'D2'},{'D5'},{'D3'},{'D6'},,,&,1.0,&
{'R2'},{'D1'},{'R1'},{'R3'},{'D2'},{'D3'},{'D6'},,,,&,1.0,&
{'R2'},{'D1'},{'R1'},{'R3'},{'D6'},{'D5'},{'D2'},{'D3'},,,&,1.0,&
{'R2'},{'D1'},{'R1'},{'R3'},{'D7'},{'D2'},{'D3'},,,,&,1.0,&
{'R2'},{'D1'},{'R1'},{'R3'},{'D3'},{'D7'},{'D2'},{'D6'},{'D5'},{'D4'},&,1.0,&
{'R2'},{'D1'},{'R1'},{'R3'},{'D3'},{'D2'},{'D5'},{'D6'},{'D4'},,&,1.0,&
{'R2'},{'D1'},{'R1'},{'R3'},{'D3'},{'D2'},{'D6'},{'D7'},,,&,1.0,&
{'R2'},{'D1'},{'R1'},{'R3'},{'D4'},,,,,,&,1.0,&
{'R2'},{'D1'},{'R1'},{'D2'},,,,,,,&,2.0,&
{'R2'},{'D1'},{'R1'},{'D2'},{'D7'},{'D3'},{'D5'},,,,&,1.0,&
{'R2'},{'D1'},{'R1'},{'D2'},{'D3'},{'D5'},{'D6'},,,,&,1.0,&
{'R2'},{'D1'},{'R1'},{'D2'},{'D3'},{'R3'},,,,,&,1.0,&
{'R2'},{'D1'},{'R1'},{'D2'},{'D3'},{'R3'},{'D5'},,,,&,1.0,&
{'R2'},{'D1'},{'R1'},{'D2'},{'D3'},{'R3'},{'D5'},{'D6'},,,&,1.0,&
{'R2'},{'D1'},{'R1'},{'D2'},{'R3'},{'D3'},{'D5'},,,,&,1.0,&
{'R2'},{'D1'},{'D6'},,,,,,,,&,5.0,&
{'R2'},{'D1'},{'D6'},{'D5'},{'D2'},{'D7'},,,,,&,1.0,&
{'R2'},{'D1'},{'D6'},{'D3'},{'D2'},,,,,,&,1.0,&
{'R2'},{'D1'},{'D6'},{'D4'},{'R3'},,,,,,&,1.0,&
{'R2'},{'D1'},{'D6'},{'D7'},,,,,,,&,1.0,&
{'R2'},{'D1'},{'D6'},{'R1'},,,,,,,&,1.0,&
{'R2'},{'D1'},{'D6'},{'R1'},{'R3'},{'D3'},{'D2'},{'D7'},{'D5'},{'D4'},&,1.0,&
{'R2'},{'D1'},{'D6'},{'R3'},,,,,,,&,1.0,&
{'R2'},{'D1'},{'D6'},{'R3'},{'R1'},,,,,,&,1.0,&
{'R2'},{'D1'},{'D6'},{'R3'},{'R1'},{'D2'},{'D5'},,,,&,1.0,&
{'R2'},{'D1'},{'D6'},{'R3'},{'D4'},{'D3'},{'D2'},{'R1'},,,&,1.0,&
{'R2'},{'D1'},{'D6'},{'D2'},,,,,,,&,3.0,&
{'R2'},{'D1'},{'D6'},{'D2'},{'D3'},,,,,,&,2.0,&
{'R2'},{'D1'},{'D6'},{'D2'},{'D3'},{'R1'},{'R3'},{'D5'},{'D7'},{'D4'},&,1.0,&
{'R2'},{'D1'},{'D6'},{'D2'},{'R3'},,,,,,&,1.0,&
{'R2'},{'D1'},{'D6'},{'D2'},{'R3'},{'R1'},,,,,&,1.0,&
{'R2'},{'D1'},{'D6'},{'D2'},{'D4'},,,,,,&,1.0,&
{'R2'},{'D1'},{'D6'},{'D2'},{'D4'},{'D3'},{'R3'},{'D7'},{'R1'},{'D5'},&,1.0,&
{'R2'},{'D1'},{'D3'},,,,,,,,&,23.0,&
{'R2'},{'D1'},{'D3'},{'D5'},{'R3'},{'D2'},,,,,&,1.0,&
{'R2'},{'D1'},{'D3'},{'D5'},{'R3'},{'D2'},{'D6'},{'D7'},{'D4'},{'R1'},&,1.0,&
{'R2'},{'D1'},{'D3'},{'D5'},{'R3'},{'D2'},{'D6'},{'R1'},,,&,1.0,&
{'R2'},{'D1'},{'D3'},{'D5'},{'R3'},{'R1'},,,,,&,1.0,&
{'R2'},{'D1'},{'D3'},{'D4'},{'D2'},{'D6'},,,,,&,1.0,&
{'R2'},{'D1'},{'D3'},{'D4'},{'D2'},{'D6'},{'D5'},{'R3'},{'R1'},{'D7'},&,1.0,&
{'R2'},{'D1'},{'D3'},{'D7'},{'D6'},,,,,,&,1.0,&
{'R2'},{'D1'},{'D3'},{'D7'},{'R3'},,,,,,&,1.0,&
{'R2'},{'D1'},{'D3'},{'R1'},,,,,,,&,1.0,&
{'R2'},{'D1'},{'D3'},{'R1'},{'D2'},,,,,,&,1.0,&
{'R2'},{'D1'},{'D3'},{'R1'},{'D2'},{'R3'},{'D4'},{'D6'},,,&,1.0,&
{'R2'},{'D1'},{'D3'},{'R1'},{'R3'},{'D2'},{'D6'},{'D7'},{'D5'},{'D4'},&,1.0,&
{'R2'},{'D1'},{'D3'},{'R3'},,,,,,,&,9.0,&
{'R2'},{'D1'},{'D3'},{'R3'},{'D2'},,,,,,&,3.0,&
{'R2'},{'D1'},{'D3'},{'R3'},{'D2'},{'D6'},{'D5'},{'R1'},{'D4'},{'D7'},&,1.0,&
{'R2'},{'D1'},{'D3'},{'R3'},{'D2'},{'D6'},{'R1'},,,,&,3.0,&
{'R2'},{'D1'},{'D3'},{'R3'},{'D2'},{'D6'},{'D4'},,,,&,1.0,&
{'R2'},{'D1'},{'D3'},{'R3'},{'D2'},{'R1'},,,,,&,1.0,&
{'R2'},{'D1'},{'D3'},{'R3'},{'D2'},{'R1'},{'D7'},{'D6'},,,&,1.0,&
{'R2'},{'D1'},{'D3'},{'R3'},{'D6'},,,,,,&,1.0,&
{'R2'},{'D1'},{'D3'},{'R3'},{'D6'},{'R1'},,,,,&,1.0,&
{'R2'},{'D1'},{'D3'},{'R3'},{'R1'},,,,,,&,4.0,&
{'R2'},{'D1'},{'D3'},{'R3'},{'R1'},{'D5'},,,,,&,1.0,&
{'R2'},{'D1'},{'D3'},{'R3'},{'R1'},{'D2'},,,,,&,1.0,&
{'R2'},{'D1'},{'D3'},{'R3'},{'R1'},{'D2'},{'D5'},,,,&,1.0,&
{'R2'},{'D1'},{'D3'},{'R3'},{'R1'},{'D2'},{'D5'},{'D7'},{'D6'},{'D4'},&,1.0,&
{'R2'},{'D1'},{'D3'},{'R3'},{'R1'},{'D2'},{'D6'},,,,&,1.0,&
{'R2'},{'D1'},{'D3'},{'R3'},{'R1'},{'D2'},{'D6'},{'D7'},,,&,1.0,&
{'R2'},{'D1'},{'D3'},{'R3'},{'R1'},{'D2'},{'D6'},{'D7'},{'D5'},{'D4'},&,1.0,&
{'R2'},{'D1'},{'D3'},{'R3'},{'D5'},{'D2'},{'D6'},{'D7'},,,&,1.0,&
{'R2'},{'D1'},{'D3'},{'R3'},{'D5'},{'R1'},,,,,&,1.0,&
{'R2'},{'D1'},{'D3'},{'D6'},,,,,,,&,1.0,&
{'R2'},{'D1'},{'D3'},{'D6'},{'D2'},,,,,,&,1.0,&
{'R2'},{'D1'},{'D3'},{'D6'},{'D2'},{'R1'},,,,,&,1.0,&
{'R2'},{'D1'},{'D3'},{'D6'},{'R3'},,,,,,&,1.0,&
{'R2'},{'D1'},{'D3'},{'D6'},{'R3'},{'D2'},{'R1'},,,,&,1.0,&
{'R2'},{'D1'},{'D3'},{'D2'},,,,,,,&,9.0,&
{'R2'},{'D1'},{'D3'},{'D2'},{'D6'},{'D7'},{'R3'},{'D5'},,,&,1.0,&
{'R2'},{'D1'},{'D3'},{'D2'},{'D6'},{'D5'},,,,,&,1.0,&
{'R2'},{'D1'},{'D3'},{'D2'},{'D6'},{'D5'},{'R3'},,,,&,1.0,&
{'R2'},{'D1'},{'D3'},{'D2'},{'D6'},{'R3'},,,,,&,2.0,&
{'R2'},{'D1'},{'D3'},{'D2'},{'D6'},{'R3'},{'D7'},{'D5'},{'R1'},,&,1.0,&
{'R2'},{'D1'},{'D3'},{'D2'},{'D6'},{'R3'},{'R1'},{'D7'},{'D5'},{'D4'},&,1.0,&
{'R2'},{'D1'},{'D3'},{'D2'},{'D6'},{'R3'},{'R1'},{'D5'},{'D7'},{'D4'},&,1.0,&
{'R2'},{'D1'},{'D3'},{'D2'},{'D7'},,,,,,&,2.0,&
{'R2'},{'D1'},{'D3'},{'D2'},{'D7'},{'D5'},{'R3'},{'D6'},,,&,1.0,&
{'R2'},{'D1'},{'D3'},{'D2'},{'D7'},{'D5'},{'D6'},{'D4'},{'R3'},{'R1'},&,1.0,&
{'R2'},{'D1'},{'D3'},{'D2'},{'R1'},{'R3'},{'D5'},{'D6'},{'D7'},,&,1.0,&
{'R2'},{'D1'},{'D3'},{'D2'},{'D5'},{'D6'},,,,,&,1.0,&
{'R2'},{'D1'},{'D3'},{'D2'},{'D5'},{'R3'},,,,,&,1.0,&
{'R2'},{'D1'},{'D3'},{'D2'},{'D5'},{'R3'},{'R1'},,,,&,1.0,&
{'R2'},{'D1'},{'D3'},{'D2'},{'D5'},{'R3'},{'R1'},{'D6'},{'D7'},,&,1.0,&
{'R2'},{'D1'},{'D3'},{'D2'},{'R3'},,,,,,&,2.0,&
{'R2'},{'D1'},{'D3'},{'D2'},{'R3'},{'D7'},,,,,&,1.0,&
{'R2'},{'D1'},{'D3'},{'D2'},{'R3'},{'D7'},{'R1'},,,,&,1.0,&
{'R2'},{'D1'},{'D3'},{'D2'},{'R3'},{'D5'},,,,,&,1.0,&
{'R2'},{'D1'},{'D3'},{'D2'},{'R3'},{'D5'},{'D7'},,,,&,1.0,&
{'R2'},{'D1'},{'D3'},{'D2'},{'R3'},{'D5'},{'R1'},,,,&,1.0,&
{'R2'},{'D1'},{'D3'},{'D2'},{'R3'},{'D6'},,,,,&,1.0,&
{'R2'},{'D1'},{'D3'},{'D2'},{'R3'},{'D6'},{'D7'},{'R1'},{'D5'},,&,1.0,&
{'R2'},{'D1'},{'D3'},{'D2'},{'R3'},{'D6'},{'D5'},{'D4'},,,&,1.0,&
{'R2'},{'D1'},{'D3'},{'D2'},{'R3'},{'D6'},{'R1'},{'D4'},,,&,1.0,&
{'R2'},{'D1'},{'D3'},{'D2'},{'R3'},{'D6'},{'R1'},{'D5'},,,&,1.0,&
{'R2'},{'D1'},{'D3'},{'D2'},{'R3'},{'D6'},{'D4'},{'R1'},{'D7'},{'D5'},&,1.0,&
{'R2'},{'D1'},{'D3'},{'D2'},{'R3'},{'R1'},,,,,&,1.0,&
{'R2'},{'D1'},{'D3'},{'D2'},{'R3'},{'R1'},{'D6'},,,,&,1.0,&
{'R2'},{'D1'},{'D3'},{'D2'},{'R3'},{'R1'},{'D6'},{'D5'},{'D7'},{'D4'},&,1.0,&
{'R2'},{'D1'},{'D3'},{'D2'},{'D4'},,,,,,&,1.0,&
{'R2'},{'D1'},{'D5'},,,,,,,,&,3.0,&
{'R2'},{'D1'},{'D5'},{'D3'},,,,,,,&,1.0,&
{'R2'},{'D1'},{'D5'},{'D3'},{'D2'},{'D7'},,,,,&,1.0,&
{'R2'},{'D1'},{'D5'},{'D3'},{'D2'},{'D6'},{'R3'},,,,&,1.0,&
{'R2'},{'D1'},{'D5'},{'D3'},{'R3'},{'D7'},{'R1'},{'D2'},,,&,1.0,&
{'R2'},{'D1'},{'D5'},{'D3'},{'R3'},{'D2'},{'D7'},{'R1'},{'D4'},,&,1.0,&
{'R2'},{'D1'},{'D5'},{'D7'},{'D2'},{'D6'},{'D3'},{'D4'},,,&,1.0,&
{'R2'},{'D1'},{'D5'},{'R1'},{'D3'},{'R3'},,,,,&,1.0,&
{'R2'},{'D1'},{'D5'},{'R3'},,,,,,,&,1.0,&
{'R2'},{'D1'},{'D5'},{'R3'},{'D2'},{'D3'},{'D7'},{'D6'},{'R1'},{'D4'},&,1.0,&
{'R2'},{'D1'},{'D5'},{'R3'},{'D2'},{'D3'},{'D6'},{'D7'},{'D4'},{'R1'},&,1.0,&
{'R2'},{'D1'},{'D5'},{'R3'},{'D2'},{'R1'},{'D3'},,,,&,1.0,&
{'R2'},{'D1'},{'D5'},{'R3'},{'D3'},{'D4'},{'D2'},{'D7'},{'D6'},,&,1.0,&
{'R2'},{'D1'},{'D5'},{'D2'},{'D7'},,,,,,&,1.0,&
{'R2'},{'D1'},{'D5'},{'D2'},{'D3'},,,,,,&,2.0,&
{'R2'},{'D1'},{'D5'},{'D2'},{'D3'},{'D6'},{'D7'},,,,&,1.0,&
{'R2'},{'D1'},{'D5'},{'D2'},{'D3'},{'R3'},{'R1'},{'D6'},{'D4'},{'D7'},&,1.0,&
{'R2'},{'D1'},{'D5'},{'D2'},{'R3'},{'R1'},{'D3'},{'D7'},,,&,1.0,&
{'R2'},{'D1'},{'D7'},,,,,,,,&,4.0,&
{'R2'},{'D1'},{'D7'},{'D3'},{'R3'},{'R1'},,,,,&,1.0,&
{'R2'},{'D1'},{'D7'},{'R3'},{'D2'},,,,,,&,1.0,&
{'R2'},{'D1'},{'D7'},{'R3'},{'D2'},{'D6'},{'R1'},{'D3'},,,&,1.0,&
{'R2'},{'D1'},{'D7'},{'R3'},{'D2'},{'D3'},,,,,&,2.0,&
{'R2'},{'D1'},{'D7'},{'R3'},{'R1'},{'D3'},,,,,&,1.0,&
{'R2'},{'D1'},{'D7'},{'D2'},{'D3'},{'D6'},{'D5'},{'D4'},{'R3'},,&,1.0,&
{'R2'},{'D1'},{'R3'},,,,,,,,&,32.0,&
{'R2'},{'D1'},{'R3'},{'D5'},{'D2'},{'D6'},{'D3'},,,,&,1.0,&
{'R2'},{'D1'},{'R3'},{'D5'},{'D2'},{'D3'},,,,,&,2.0,&
{'R2'},{'D1'},{'R3'},{'D5'},{'D3'},{'D2'},{'R1'},{'D6'},{'D7'},{'D4'},&,1.0,&
{'R2'},{'D1'},{'R3'},{'D5'},{'R1'},{'D7'},{'D2'},{'D3'},{'D6'},{'D4'},&,1.0,&
{'R2'},{'D1'},{'R3'},{'D3'},,,,,,,&,4.0,&
{'R2'},{'D1'},{'R3'},{'D3'},{'D2'},{'D7'},{'R1'},{'D6'},{'D5'},{'D4'},&,1.0,&
{'R2'},{'D1'},{'R3'},{'D3'},{'D2'},{'D6'},{'R1'},,,,&,1.0,&
{'R2'},{'D1'},{'R3'},{'D3'},{'D2'},{'D6'},{'D4'},{'R1'},{'D7'},,&,1.0,&
{'R2'},{'D1'},{'R3'},{'D3'},{'D2'},{'R1'},,,,,&,1.0,&
{'R2'},{'D1'},{'R3'},{'D3'},{'D2'},{'R1'},{'D5'},,,,&,2.0,&
{'R2'},{'D1'},{'R3'},{'D3'},{'D2'},{'R1'},{'D6'},{'D4'},{'D5'},{'D7'},&,1.0,&
{'R2'},{'D1'},{'R3'},{'D3'},{'D2'},{'D4'},{'R1'},,,,&,1.0,&
{'R2'},{'D1'},{'R3'},{'D3'},{'D6'},,,,,,&,1.0,&
{'R2'},{'D1'},{'R3'},{'D3'},{'D7'},{'R1'},{'D2'},{'D4'},{'D6'},,&,1.0,&
{'R2'},{'D1'},{'R3'},{'D3'},{'R1'},,,,,,&,2.0,&
{'R2'},{'D1'},{'R3'},{'D3'},{'R1'},{'D7'},,,,,&,1.0,&
{'R2'},{'D1'},{'R3'},{'D3'},{'R1'},{'D7'},{'D2'},{'D6'},,,&,1.0,&
{'R2'},{'D1'},{'R3'},{'D3'},{'R1'},{'D5'},,,,,&,1.0,&
{'R2'},{'D1'},{'R3'},{'D3'},{'R1'},{'D2'},,,,,&,3.0,&
{'R2'},{'D1'},{'R3'},{'D3'},{'R1'},{'D2'},{'D7'},,,,&,1.0,&
{'R2'},{'D1'},{'R3'},{'D3'},{'R1'},{'D2'},{'D6'},,,,&,1.0,&
{'R2'},{'D1'},{'R3'},{'D3'},{'R1'},{'D2'},{'D6'},{'D4'},{'D5'},{'D7'},&,1.0,&
{'R2'},{'D1'},{'R3'},{'D3'},{'R1'},{'D2'},{'D6'},{'D5'},{'D7'},{'D4'},&,1.0,&
{'R2'},{'D1'},{'R3'},{'D4'},{'D2'},,,,,,&,1.0,&
{'R2'},{'D1'},{'R3'},{'D7'},{'D2'},{'D3'},{'D6'},{'R1'},,,&,1.0,&
{'R2'},{'D1'},{'R3'},{'D7'},{'D2'},{'R1'},,,,,&,1.0,&
{'R2'},{'D1'},{'R3'},{'D7'},{'R1'},,,,,,&,1.0,&
{'R2'},{'D1'},{'R3'},{'D7'},{'R1'},{'D3'},,,,,&,1.0,&
{'R2'},{'D1'},{'R3'},{'R1'},,,,,,,&,16.0,&
{'R2'},{'D1'},{'R3'},{'R1'},{'D2'},,,,,,&,7.0,&
{'R2'},{'D1'},{'R3'},{'R1'},{'D2'},{'D7'},,,,,&,1.0,&
{'R2'},{'D1'},{'R3'},{'R1'},{'D2'},{'D7'},{'D3'},{'D5'},{'D4'},{'D6'},&,1.0,&
{'R2'},{'D1'},{'R3'},{'R1'},{'D2'},{'D6'},{'D3'},{'D7'},,,&,1.0,&
{'R2'},{'D1'},{'R3'},{'R1'},{'D2'},{'D6'},{'D3'},{'D5'},{'D7'},,&,1.0,&
{'R2'},{'D1'},{'R3'},{'R1'},{'D2'},{'D3'},,,,,&,2.0,&
{'R2'},{'D1'},{'R3'},{'R1'},{'D2'},{'D3'},{'D5'},,,,&,1.0,&
{'R2'},{'D1'},{'R3'},{'R1'},{'D2'},{'D3'},{'D5'},{'D6'},,,&,1.0,&
{'R2'},{'D1'},{'R3'},{'R1'},{'D2'},{'D3'},{'D5'},{'D7'},{'D6'},,&,1.0,&
{'R2'},{'D1'},{'R3'},{'R1'},{'D2'},{'D3'},{'D6'},{'D5'},{'D7'},,&,1.0,&
{'R2'},{'D1'},{'R3'},{'R1'},{'D2'},{'D3'},{'D6'},{'D5'},{'D7'},{'D4'},&,1.0,&
{'R2'},{'D1'},{'R3'},{'R1'},{'D2'},{'D3'},{'D4'},,,,&,1.0,&
{'R2'},{'D1'},{'R3'},{'R1'},{'D2'},{'D4'},{'D6'},,,,&,1.0,&
{'R2'},{'D1'},{'R3'},{'R1'},{'D6'},{'D5'},{'D3'},{'D7'},{'D2'},{'D4'},&,1.0,&
{'R2'},{'D1'},{'R3'},{'R1'},{'D6'},{'D2'},{'D3'},{'D7'},,,&,1.0,&
{'R2'},{'D1'},{'R3'},{'R1'},{'D7'},{'D5'},{'D2'},,,,&,1.0,&
{'R2'},{'D1'},{'R3'},{'R1'},{'D7'},{'D2'},{'D3'},,,,&,1.0,&
{'R2'},{'D1'},{'R3'},{'R1'},{'D7'},{'D3'},{'D2'},{'D6'},{'D5'},{'D4'},&,1.0,&
{'R2'},{'D1'},{'R3'},{'R1'},{'D3'},,,,,,&,7.0,&
{'R2'},{'D1'},{'R3'},{'R1'},{'D3'},{'D5'},{'D2'},{'D6'},,,&,1.0,&
{'R2'},{'D1'},{'R3'},{'R1'},{'D3'},{'D6'},,,,,&,1.0,&
{'R2'},{'D1'},{'R3'},{'R1'},{'D3'},{'D2'},,,,,&,2.0,&
{'R2'},{'D1'},{'R3'},{'R1'},{'D3'},{'D2'},{'D7'},{'D6'},{'D5'},{'D4'},&,1.0,&
{'R2'},{'D1'},{'R3'},{'R1'},{'D3'},{'D2'},{'D7'},{'D5'},{'D4'},,&,1.0,&
{'R2'},{'D1'},{'R3'},{'R1'},{'D3'},{'D2'},{'D5'},,,,&,1.0,&
{'R2'},{'D1'},{'R3'},{'R1'},{'D3'},{'D2'},{'D5'},{'D6'},{'D4'},{'D7'},&,1.0,&
{'R2'},{'D1'},{'R3'},{'R1'},{'D3'},{'D2'},{'D6'},{'D4'},{'D7'},{'D5'},&,1.0,&
{'R2'},{'D1'},{'R3'},{'R1'},{'D3'},{'D2'},{'D4'},{'D7'},{'D5'},{'D6'},&,1.0,&
{'R2'},{'D1'},{'R3'},{'R1'},{'D5'},{'D2'},,,,,&,1.0,&
{'R2'},{'D1'},{'R3'},{'R1'},{'D5'},{'D2'},{'D4'},{'D6'},{'D7'},,&,1.0,&
{'R2'},{'D1'},{'R3'},{'R1'},{'D5'},{'D2'},{'D3'},,,,&,1.0,&
{'R2'},{'D1'},{'R3'},{'D6'},,,,,,,&,3.0,&
{'R2'},{'D1'},{'R3'},{'D6'},{'D2'},,,,,,&,1.0,&
{'R2'},{'D1'},{'R3'},{'D6'},{'D2'},{'D3'},{'D7'},,,,&,1.0,&
{'R2'},{'D1'},{'R3'},{'D6'},{'D3'},{'D5'},,,,,&,1.0,&
{'R2'},{'D1'},{'R3'},{'D6'},{'D3'},{'R1'},{'D2'},{'D5'},,,&,1.0,&
{'R2'},{'D1'},{'R3'},{'D6'},{'R1'},,,,,,&,1.0,&
{'R2'},{'D1'},{'R3'},{'D6'},{'R1'},{'D2'},,,,,&,1.0,&
{'R2'},{'D1'},{'R3'},{'D6'},{'R1'},{'D3'},,,,,&,1.0,&
{'R2'},{'D1'},{'R3'},{'D2'},,,,,,,&,3.0,&
{'R2'},{'D1'},{'R3'},{'D2'},{'D6'},,,,,,&,1.0,&
{'R2'},{'D1'},{'R3'},{'D2'},{'D6'},{'D3'},{'R1'},,,,&,1.0,&
{'R2'},{'D1'},{'R3'},{'D2'},{'D6'},{'R1'},{'D3'},,,,&,1.0,&
{'R2'},{'D1'},{'R3'},{'D2'},{'D7'},,,,,,&,1.0,&
{'R2'},{'D1'},{'R3'},{'D2'},{'D7'},{'D3'},,,,,&,2.0,&
{'R2'},{'D1'},{'R3'},{'D2'},{'D7'},{'R1'},,,,,&,2.0,&
{'R2'},{'D1'},{'R3'},{'D2'},{'D3'},,,,,,&,5.0,&
{'R2'},{'D1'},{'R3'},{'D2'},{'D3'},{'D7'},{'R1'},{'D6'},,,&,1.0,&
{'R2'},{'D1'},{'R3'},{'D2'},{'D3'},{'D5'},{'D4'},,,,&,1.0,&
{'R2'},{'D1'},{'R3'},{'D2'},{'D3'},{'D5'},{'D4'},{'D6'},{'D7'},,&,1.0,&
{'R2'},{'D1'},{'R3'},{'D2'},{'D3'},{'D6'},{'R1'},{'D5'},{'D7'},{'D4'},&,1.0,&
{'R2'},{'D1'},{'R3'},{'D2'},{'D3'},{'R1'},,,,,&,2.0,&
{'R2'},{'D1'},{'R3'},{'D2'},{'D3'},{'R1'},{'D6'},,,,&,1.0,&
{'R2'},{'D1'},{'R3'},{'D2'},{'D3'},{'R1'},{'D6'},{'D5'},,,&,1.0,&
{'R2'},{'D1'},{'R3'},{'D2'},{'D3'},{'D4'},{'D7'},{'D5'},,,&,1.0,&
{'R2'},{'D1'},{'R3'},{'D2'},{'R1'},,,,,,&,4.0,&
{'R2'},{'D1'},{'R3'},{'D2'},{'R1'},{'D5'},{'D6'},{'D3'},,,&,1.0,&
{'R2'},{'D1'},{'R3'},{'D2'},{'R1'},{'D5'},{'D3'},{'D6'},,,&,1.0,&
{'R2'},{'D1'},{'R3'},{'D2'},{'R1'},{'D6'},,,,,&,1.0,&
{'R2'},{'D1'},{'R3'},{'D2'},{'R1'},{'D6'},{'D3'},{'D5'},,,&,1.0,&
{'R2'},{'D1'},{'R3'},{'D2'},{'R1'},{'D3'},,,,,&,1.0,&
{'R2'},{'D1'},{'R3'},{'D2'},{'R1'},{'D3'},{'D7'},,,,&,1.0,&
{'R2'},{'D1'},{'R3'},{'D2'},{'R1'},{'D3'},{'D5'},,,,&,2.0,&
{'R2'},{'D1'},{'R3'},{'D2'},{'R1'},{'D3'},{'D6'},,,,&,2.0,&
{'R2'},{'D1'},{'R3'},{'D2'},{'R1'},{'D3'},{'D6'},{'D4'},{'D5'},,&,1.0,&
{'R2'},{'D1'},{'R3'},{'D2'},{'R1'},{'D3'},{'D6'},{'D7'},,,&,1.0,&
{'R2'},{'D1'},{'R3'},{'D2'},{'R1'},{'D3'},{'D6'},{'D7'},{'D5'},,&,1.0,&
{'R2'},{'D1'},{'R3'},{'D2'},{'R1'},{'D3'},{'D6'},{'D5'},,,&,1.0,&
{'R2'},{'D1'},{'R3'},{'D2'},{'R1'},{'D3'},{'D4'},,,,&,1.0,&
{'R2'},{'D1'},{'R3'},{'D2'},{'R1'},{'D4'},{'D3'},{'D5'},{'D7'},{'D6'},&,1.0,&
{'R2'},{'D1'},{'R3'},{'D2'},{'D5'},,,,,,&,1.0,&
{'R2'},{'D1'},{'R3'},{'D2'},{'D5'},{'D3'},{'R1'},{'D6'},{'D7'},{'D4'},&,1.0,&
{'R2'},{'D1'},{'R3'},{'D2'},{'D5'},{'R1'},{'D3'},,,,&,1.0,&
{'R2'},{'D1'},{'R3'},{'D2'},{'D4'},,,,,,&,1.0,&
{'R2'},{'D1'},{'R3'},{'D2'},{'D4'},{'D3'},{'D6'},{'R1'},{'D5'},,&,1.0,&
{'R2'},{'D1'},{'D2'},,,,,,,,&,21.0,&
{'R2'},{'D1'},{'D2'},{'D5'},,,,,,,&,2.0,&
{'R2'},{'D1'},{'D2'},{'D5'},{'D6'},{'R3'},{'R1'},{'D3'},,,&,1.0,&
{'R2'},{'D1'},{'D2'},{'D5'},{'D3'},,,,,,&,1.0,&
{'R2'},{'D1'},{'D2'},{'D5'},{'D3'},{'D6'},{'R3'},{'R1'},{'D4'},,&,1.0,&
{'R2'},{'D1'},{'D2'},{'D5'},{'D3'},{'D4'},{'R1'},{'D6'},,,&,1.0,&
{'R2'},{'D1'},{'D2'},{'D5'},{'R1'},,,,,,&,1.0,&
{'R2'},{'D1'},{'D2'},{'D5'},{'R3'},{'R1'},{'D3'},{'D7'},{'D6'},,&,1.0,&
{'R2'},{'D1'},{'D2'},{'D5'},{'R3'},{'D4'},{'R1'},{'D3'},,,&,1.0,&
{'R2'},{'D1'},{'D2'},{'D3'},,,,,,,&,8.0,&
{'R2'},{'D1'},{'D2'},{'D3'},{'D6'},,,,,,&,1.0,&
{'R2'},{'D1'},{'D2'},{'D3'},{'D6'},{'D7'},{'D5'},{'R3'},{'R1'},,&,1.0,&
{'R2'},{'D1'},{'D2'},{'D3'},{'D6'},{'D5'},,,,,&,1.0,&
{'R2'},{'D1'},{'D2'},{'D3'},{'D6'},{'D5'},{'D7'},,,,&,1.0,&
{'R2'},{'D1'},{'D2'},{'D3'},{'D6'},{'D5'},{'D7'},{'D4'},{'R1'},{'R3'},&,1.0,&
{'R2'},{'D1'},{'D2'},{'D3'},{'D6'},{'D5'},{'D4'},{'D7'},,,&,1.0,&
{'R2'},{'D1'},{'D2'},{'D3'},{'D6'},{'R3'},{'R1'},,,,&,1.0,&
{'R2'},{'D1'},{'D2'},{'D3'},{'D6'},{'R3'},{'R1'},{'D7'},,,&,1.0,&
{'R2'},{'D1'},{'D2'},{'D3'},{'D7'},{'D5'},{'D6'},,,,&,1.0,&
{'R2'},{'D1'},{'D2'},{'D3'},{'D7'},{'D6'},,,,,&,1.0,&
{'R2'},{'D1'},{'D2'},{'D3'},{'D7'},{'R3'},{'R1'},{'D6'},{'D5'},{'D4'},&,1.0,&
{'R2'},{'D1'},{'D2'},{'D3'},{'R1'},,,,,,&,1.0,&
{'R2'},{'D1'},{'D2'},{'D3'},{'R1'},{'D4'},{'D5'},{'D6'},{'D7'},,&,1.0,&
{'R2'},{'D1'},{'D2'},{'D3'},{'D5'},{'D6'},{'D7'},,,,&,1.0,&
{'R2'},{'D1'},{'D2'},{'D3'},{'D5'},{'D6'},{'R3'},{'R1'},{'D7'},{'D4'},&,1.0,&
{'R2'},{'D1'},{'D2'},{'D3'},{'D5'},{'R3'},{'D7'},,,,&,1.0,&
{'R2'},{'D1'},{'D2'},{'D3'},{'D5'},{'R3'},{'R1'},{'D7'},,,&,1.0,&
{'R2'},{'D1'},{'D2'},{'D3'},{'D5'},{'R1'},{'D6'},{'R3'},,,&,1.0,&
{'R2'},{'D1'},{'D2'},{'D3'},{'R3'},,,,,,&,2.0,&
{'R2'},{'D1'},{'D2'},{'D3'},{'R3'},{'D7'},{'R1'},{'D5'},{'D6'},{'D4'},&,1.0,&
{'R2'},{'D1'},{'D2'},{'D3'},{'R3'},{'D5'},{'D7'},{'R1'},{'D6'},{'D4'},&,1.0,&
{'R2'},{'D1'},{'D2'},{'D3'},{'R3'},{'D5'},{'R1'},,,,&,1.0,&
{'R2'},{'D1'},{'D2'},{'D3'},{'R3'},{'D5'},{'D6'},{'D4'},{'R1'},,&,1.0,&
{'R2'},{'D1'},{'D2'},{'D3'},{'R3'},{'D5'},{'D6'},{'D7'},{'R1'},,&,1.0,&
{'R2'},{'D1'},{'D2'},{'D3'},{'R3'},{'D6'},{'R1'},{'D5'},,,&,1.0,&
{'R2'},{'D1'},{'D2'},{'D3'},{'R3'},{'R1'},,,,,&,1.0,&
{'R2'},{'D1'},{'D2'},{'D3'},{'R3'},{'R1'},{'D7'},{'D5'},{'D6'},{'D4'},&,1.0,&
{'R2'},{'D1'},{'D2'},{'D3'},{'R3'},{'R1'},{'D5'},{'D4'},{'D6'},{'D7'},&,1.0,&
{'R2'},{'D1'},{'D2'},{'D3'},{'R3'},{'R1'},{'D5'},{'D7'},,,&,1.0,&
{'R2'},{'D1'},{'D2'},{'D3'},{'R3'},{'R1'},{'D4'},{'D6'},,,&,1.0,&
{'R2'},{'D1'},{'D2'},{'D3'},{'D4'},{'D7'},{'D5'},{'R3'},,,&,1.0,&
{'R2'},{'D1'},{'D2'},{'D4'},{'D3'},{'D7'},{'D5'},{'R3'},{'R1'},,&,1.0,&
{'R2'},{'D1'},{'D2'},{'D4'},{'R3'},,,,,,&,1.0,&
{'R2'},{'D1'},{'D2'},{'D7'},,,,,,,&,3.0,&
{'R2'},{'D1'},{'D2'},{'D7'},{'D3'},,,,,,&,1.0,&
{'R2'},{'D1'},{'D2'},{'D7'},{'D3'},{'D5'},,,,,&,1.0,&
{'R2'},{'D1'},{'D2'},{'D7'},{'D3'},{'D6'},,,,,&,1.0,&
{'R2'},{'D1'},{'D2'},{'D7'},{'D3'},{'R3'},{'R1'},,,,&,1.0,&
{'R2'},{'D1'},{'D2'},{'D7'},{'D3'},{'R3'},{'R1'},{'D6'},{'D5'},{'D4'},&,1.0,&
{'R2'},{'D1'},{'D2'},{'D7'},{'D5'},,,,,,&,1.0,&
{'R2'},{'D1'},{'D2'},{'D7'},{'R3'},{'D3'},,,,,&,1.0,&
{'R2'},{'D1'},{'D2'},{'R1'},,,,,,,&,2.0,&
{'R2'},{'D1'},{'D2'},{'R1'},{'D6'},{'R3'},,,,,&,1.0,&
{'R2'},{'D1'},{'D2'},{'R1'},{'D6'},{'D3'},{'R3'},{'D5'},,,&,1.0,&
{'R2'},{'D1'},{'D2'},{'R1'},{'D3'},{'D6'},{'D7'},{'R3'},{'D5'},,&,1.0,&
{'R2'},{'D1'},{'D2'},{'R1'},{'D3'},{'D4'},{'R3'},{'D6'},{'D7'},,&,1.0,&
{'R2'},{'D1'},{'D2'},{'R1'},{'D5'},{'D6'},{'R3'},{'D3'},{'D7'},{'D4'},&,1.0,&
{'R2'},{'D1'},{'D2'},{'R1'},{'R3'},{'D6'},{'D3'},{'D5'},{'D4'},{'D7'},&,1.0,&
{'R2'},{'D1'},{'D2'},{'R3'},,,,,,,&,7.0,&
{'R2'},{'D1'},{'D2'},{'R3'},{'D6'},{'R1'},,,,,&,3.0,&
{'R2'},{'D1'},{'D2'},{'R3'},{'D6'},{'R1'},{'D7'},{'D3'},,,&,1.0,&
{'R2'},{'D1'},{'D2'},{'R3'},{'D6'},{'R1'},{'D5'},,,,&,1.0,&
{'R2'},{'D1'},{'D2'},{'R3'},{'D7'},{'D3'},{'D5'},,,,&,1.0,&
{'R2'},{'D1'},{'D2'},{'R3'},{'D7'},{'D3'},{'D5'},{'R1'},{'D4'},,&,1.0,&
{'R2'},{'D1'},{'D2'},{'R3'},{'D7'},{'D3'},{'D6'},,,,&,1.0,&
{'R2'},{'D1'},{'D2'},{'R3'},{'D7'},{'R1'},{'D6'},{'D3'},,,&,1.0,&
{'R2'},{'D1'},{'D2'},{'R3'},{'D3'},,,,,,&,4.0,&
{'R2'},{'D1'},{'D2'},{'R3'},{'D3'},{'D7'},{'R1'},{'D6'},{'D5'},,&,1.0,&
{'R2'},{'D1'},{'D2'},{'R3'},{'D3'},{'D7'},{'R1'},{'D6'},{'D5'},{'D4'},&,1.0,&
{'R2'},{'D1'},{'D2'},{'R3'},{'D3'},{'D7'},{'D6'},{'D5'},{'R1'},{'D4'},&,1.0,&
{'R2'},{'D1'},{'D2'},{'R3'},{'D3'},{'D5'},,,,,&,1.0,&
{'R2'},{'D1'},{'D2'},{'R3'},{'D3'},{'D5'},{'R1'},{'D7'},{'D6'},{'D4'},&,1.0,&
{'R2'},{'D1'},{'D2'},{'R3'},{'D3'},{'D5'},{'D6'},{'D4'},{'D7'},{'R1'},&,1.0,&
{'R2'},{'D1'},{'D2'},{'R3'},{'D3'},{'D6'},,,,,&,1.0,&
{'R2'},{'D1'},{'D2'},{'R3'},{'D3'},{'D6'},{'D7'},,,,&,1.0,&
{'R2'},{'D1'},{'D2'},{'R3'},{'D3'},{'D6'},{'D5'},{'R1'},{'D7'},,&,1.0,&
{'R2'},{'D1'},{'D2'},{'R3'},{'D3'},{'D6'},{'R1'},,,,&,1.0,&
{'R2'},{'D1'},{'D2'},{'R3'},{'D3'},{'R1'},,,,,&,1.0,&
{'R2'},{'D1'},{'D2'},{'R3'},{'D3'},{'R1'},{'D7'},{'D6'},{'D5'},{'D4'},&,1.0,&
{'R2'},{'D1'},{'D2'},{'R3'},{'D3'},{'R1'},{'D6'},{'D7'},{'D5'},,&,1.0,&
{'R2'},{'D1'},{'D2'},{'R3'},{'D3'},{'R1'},{'D6'},{'D5'},{'D7'},{'D4'},&,1.0,&
{'R2'},{'D1'},{'D2'},{'R3'},{'D3'},{'D4'},{'D5'},{'R1'},,,&,1.0,&
{'R2'},{'D1'},{'D2'},{'R3'},{'D3'},{'D4'},{'D6'},{'D7'},,,&,1.0,&
{'R2'},{'D1'},{'D2'},{'R3'},{'R1'},,,,,,&,2.0,&
{'R2'},{'D1'},{'D2'},{'R3'},{'R1'},{'D7'},{'D3'},{'D5'},,,&,1.0,&
{'R2'},{'D1'},{'D2'},{'R3'},{'R1'},{'D5'},{'D3'},,,,&,1.0,&
{'R2'},{'D1'},{'D2'},{'R3'},{'R1'},{'D6'},,,,,&,1.0,&
{'R2'},{'D1'},{'D2'},{'R3'},{'R1'},{'D6'},{'D3'},{'D7'},{'D5'},,&,1.0,&
{'R2'},{'D1'},{'D2'},{'R3'},{'R1'},{'D3'},{'D7'},{'D6'},{'D5'},{'D4'},&,1.0,&
{'R2'},{'D1'},{'D2'},{'R3'},{'R1'},{'D3'},{'D7'},{'D5'},,,&,1.0,&
{'R2'},{'D1'},{'D2'},{'R3'},{'D5'},{'D7'},{'D3'},{'D6'},{'R1'},{'D4'},&,1.0,&
{'R2'},{'D1'},{'D2'},{'R3'},{'D5'},{'D6'},{'R1'},{'D3'},,,&,1.0,&
{'R2'},{'D1'},{'D2'},{'R3'},{'D5'},{'R1'},,,,,&,1.0,&
{'R2'},{'D1'},{'D2'},{'D6'},,,,,,,&,3.0,&
{'R2'},{'D1'},{'D2'},{'D6'},{'D3'},,,,,,&,1.0,&
{'R2'},{'D1'},{'D2'},{'D6'},{'D3'},{'D7'},{'D4'},{'R1'},{'D5'},{'R3'},&,1.0,&
{'R2'},{'D1'},{'D2'},{'D6'},{'D3'},{'D5'},{'D7'},{'D4'},,,&,1.0,&
{'R2'},{'D1'},{'D2'},{'D6'},{'D3'},{'R3'},{'D7'},{'R1'},{'D4'},{'D5'},&,1.0,&
{'R2'},{'D1'},{'D2'},{'D6'},{'D3'},{'R1'},{'R3'},,,,&,1.0,&
{'R2'},{'D1'},{'D2'},{'D6'},{'D5'},{'R3'},{'D3'},{'D4'},{'D7'},{'R1'},&,1.0,&
{'R2'},{'D1'},{'D2'},{'D6'},{'R3'},,,,,,&,1.0,&
{'R2'},{'D1'},{'D2'},{'D6'},{'R3'},{'D7'},{'D5'},{'D3'},{'R1'},{'D4'},&,1.0,&
{'R2'},{'D1'},{'D2'},{'D6'},{'R3'},{'D3'},{'D7'},{'R1'},{'D5'},,&,1.0,&
{'R2'},{'D1'},{'D4'},,,,,,,,&,1.0,&
{'R2'},{'D1'},{'D4'},{'D6'},,,,,,,&,1.0,&
{'R2'},{'D1'},{'D4'},{'D2'},{'D3'},{'D6'},{'R3'},{'D5'},{'R1'},,&,1.0,&
{'R2'},{'R3'},,,,,,,,,&,161.0,&
{'R2'},{'R3'},{'R1'},,,,,,,,&,208.0,&
{'R2'},{'R3'},{'R1'},{'D1'},,,,,,,&,24.0,&
{'R2'},{'R3'},{'R1'},{'D1'},{'D2'},,,,,,&,13.0,&
{'R2'},{'R3'},{'R1'},{'D1'},{'D2'},{'D7'},,,,,&,1.0,&
{'R2'},{'R3'},{'R1'},{'D1'},{'D2'},{'D7'},{'D5'},{'D3'},{'D6'},{'D4'},&,1.0,&
{'R2'},{'R3'},{'R1'},{'D1'},{'D2'},{'D7'},{'D6'},{'D3'},,,&,1.0,&
{'R2'},{'R3'},{'R1'},{'D1'},{'D2'},{'D7'},{'D3'},,,,&,1.0,&
{'R2'},{'R3'},{'R1'},{'D1'},{'D2'},{'D5'},,,,,&,2.0,&
{'R2'},{'R3'},{'R1'},{'D1'},{'D2'},{'D5'},{'D6'},{'D3'},{'D7'},{'D4'},&,1.0,&
{'R2'},{'R3'},{'R1'},{'D1'},{'D2'},{'D6'},{'D7'},,,,&,1.0,&
{'R2'},{'R3'},{'R1'},{'D1'},{'D2'},{'D6'},{'D3'},,,,&,1.0,&
{'R2'},{'R3'},{'R1'},{'D1'},{'D2'},{'D6'},{'D3'},{'D7'},{'D5'},{'D4'},&,1.0,&
{'R2'},{'R3'},{'R1'},{'D1'},{'D2'},{'D6'},{'D3'},{'D5'},,,&,1.0,&
{'R2'},{'R3'},{'R1'},{'D1'},{'D2'},{'D3'},,,,,&,10.0,&
{'R2'},{'R3'},{'R1'},{'D1'},{'D2'},{'D3'},{'D7'},,,,&,1.0,&
{'R2'},{'R3'},{'R1'},{'D1'},{'D2'},{'D3'},{'D7'},{'D6'},,,&,1.0,&
{'R2'},{'R3'},{'R1'},{'D1'},{'D2'},{'D3'},{'D7'},{'D5'},{'D6'},{'D4'},&,1.0,&
{'R2'},{'R3'},{'R1'},{'D1'},{'D2'},{'D3'},{'D5'},,,,&,1.0,&
{'R2'},{'R3'},{'R1'},{'D1'},{'D2'},{'D3'},{'D5'},{'D7'},{'D6'},{'D4'},&,1.0,&
{'R2'},{'R3'},{'R1'},{'D1'},{'D2'},{'D3'},{'D5'},{'D7'},{'D4'},{'D6'},&,1.0,&
{'R2'},{'R3'},{'R1'},{'D1'},{'D2'},{'D3'},{'D6'},,,,&,2.0,&
{'R2'},{'R3'},{'R1'},{'D1'},{'D2'},{'D3'},{'D6'},{'D7'},{'D5'},{'D4'},&,1.0,&
{'R2'},{'R3'},{'R1'},{'D1'},{'D2'},{'D3'},{'D6'},{'D5'},{'D7'},,&,1.0,&
{'R2'},{'R3'},{'R1'},{'D1'},{'D2'},{'D4'},,,,,&,1.0,&
{'R2'},{'R3'},{'R1'},{'D1'},{'D6'},,,,,,&,2.0,&
{'R2'},{'R3'},{'R1'},{'D1'},{'D6'},{'D2'},{'D4'},,,,&,1.0,&
{'R2'},{'R3'},{'R1'},{'D1'},{'D6'},{'D3'},,,,,&,1.0,&
{'R2'},{'R3'},{'R1'},{'D1'},{'D6'},{'D3'},{'D2'},,,,&,1.0,&
{'R2'},{'R3'},{'R1'},{'D1'},{'D6'},{'D3'},{'D2'},{'D7'},{'D5'},{'D4'},&,1.0,&
{'R2'},{'R3'},{'R1'},{'D1'},{'D6'},{'D3'},{'D2'},{'D5'},{'D7'},,&,1.0,&
{'R2'},{'R3'},{'R1'},{'D1'},{'D7'},,,,,,&,2.0,&
{'R2'},{'R3'},{'R1'},{'D1'},{'D7'},{'D2'},,,,,&,1.0,&
{'R2'},{'R3'},{'R1'},{'D1'},{'D7'},{'D2'},{'D3'},,,,&,1.0,&
{'R2'},{'R3'},{'R1'},{'D1'},{'D7'},{'D3'},{'D2'},{'D6'},{'D4'},{'D5'},&,1.0,&
{'R2'},{'R3'},{'R1'},{'D1'},{'D3'},,,,,,&,6.0,&
{'R2'},{'R3'},{'R1'},{'D1'},{'D3'},{'D7'},,,,,&,1.0,&
{'R2'},{'R3'},{'R1'},{'D1'},{'D3'},{'D5'},{'D6'},{'D2'},{'D7'},{'D4'},&,1.0,&
{'R2'},{'R3'},{'R1'},{'D1'},{'D3'},{'D5'},{'D2'},,,,&,2.0,&
{'R2'},{'R3'},{'R1'},{'D1'},{'D3'},{'D5'},{'D2'},{'D6'},,,&,1.0,&
{'R2'},{'R3'},{'R1'},{'D1'},{'D3'},{'D6'},,,,,&,1.0,&
{'R2'},{'R3'},{'R1'},{'D1'},{'D3'},{'D6'},{'D2'},{'D5'},,,&,1.0,&
{'R2'},{'R3'},{'R1'},{'D1'},{'D3'},{'D6'},{'D2'},{'D5'},{'D4'},{'D7'},&,1.0,&
{'R2'},{'R3'},{'R1'},{'D1'},{'D3'},{'D2'},,,,,&,5.0,&
{'R2'},{'R3'},{'R1'},{'D1'},{'D3'},{'D2'},{'D7'},{'D6'},,,&,1.0,&
{'R2'},{'R3'},{'R1'},{'D1'},{'D3'},{'D2'},{'D7'},{'D5'},{'D4'},{'D6'},&,1.0,&
{'R2'},{'R3'},{'R1'},{'D1'},{'D3'},{'D2'},{'D5'},,,,&,4.0,&
{'R2'},{'R3'},{'R1'},{'D1'},{'D3'},{'D2'},{'D5'},{'D6'},,,&,1.0,&
{'R2'},{'R3'},{'R1'},{'D1'},{'D3'},{'D2'},{'D5'},{'D6'},{'D7'},,&,2.0,&
{'R2'},{'R3'},{'R1'},{'D1'},{'D3'},{'D2'},{'D5'},{'D7'},,,&,1.0,&
{'R2'},{'R3'},{'R1'},{'D1'},{'D3'},{'D2'},{'D6'},,,,&,1.0,&
{'R2'},{'R3'},{'R1'},{'D1'},{'D3'},{'D2'},{'D6'},{'D7'},{'D4'},,&,1.0,&
{'R2'},{'R3'},{'R1'},{'D1'},{'D3'},{'D2'},{'D6'},{'D5'},{'D7'},,&,1.0,&
{'R2'},{'R3'},{'R1'},{'D1'},{'D3'},{'D2'},{'D6'},{'D5'},{'D7'},{'D4'},&,1.0,&
{'R2'},{'R3'},{'R1'},{'D1'},{'D3'},{'D2'},{'D4'},{'D6'},,,&,1.0,&
{'R2'},{'R3'},{'R1'},{'D1'},{'D3'},{'D2'},{'D4'},{'D5'},{'D6'},{'D7'},&,1.0,&
{'R2'},{'R3'},{'R1'},{'D1'},{'D3'},{'D4'},,,,,&,1.0,&
{'R2'},{'R3'},{'R1'},{'D1'},{'D5'},,,,,,&,1.0,&
{'R2'},{'R3'},{'R1'},{'D1'},{'D5'},{'D2'},,,,,&,1.0,&
{'R2'},{'R3'},{'R1'},{'D1'},{'D4'},{'D5'},{'D3'},{'D7'},{'D2'},{'D6'},&,1.0,&
{'R2'},{'R3'},{'R1'},{'D1'},{'D4'},{'D2'},{'D3'},{'D5'},{'D7'},{'D6'},&,1.0,&
{'R2'},{'R3'},{'R1'},{'D5'},,,,,,,&,11.0,&
{'R2'},{'R3'},{'R1'},{'D5'},{'D2'},{'D1'},,,,,&,1.0,&
{'R2'},{'R3'},{'R1'},{'D5'},{'D2'},{'D1'},{'D7'},{'D3'},,,&,1.0,&
{'R2'},{'R3'},{'R1'},{'D5'},{'D2'},{'D3'},{'D7'},{'D1'},,,&,1.0,&
{'R2'},{'R3'},{'R1'},{'D5'},{'D3'},,,,,,&,2.0,&
{'R2'},{'R3'},{'R1'},{'D5'},{'D3'},{'D1'},{'D6'},{'D2'},{'D7'},,&,1.0,&
{'R2'},{'R3'},{'R1'},{'D5'},{'D3'},{'D1'},{'D2'},{'D7'},,,&,1.0,&
{'R2'},{'R3'},{'R1'},{'D5'},{'D3'},{'D2'},,,,,&,2.0,&
{'R2'},{'R3'},{'R1'},{'D5'},{'D3'},{'D4'},{'D1'},{'D2'},,,&,1.0,&
{'R2'},{'R3'},{'R1'},{'D5'},{'D1'},,,,,,&,2.0,&
{'R2'},{'R3'},{'R1'},{'D5'},{'D1'},{'D7'},,,,,&,1.0,&
{'R2'},{'R3'},{'R1'},{'D5'},{'D1'},{'D2'},,,,,&,2.0,&
{'R2'},{'R3'},{'R1'},{'D3'},,,,,,,&,12.0,&
{'R2'},{'R3'},{'R1'},{'D3'},{'D2'},,,,,,&,6.0,&
{'R2'},{'R3'},{'R1'},{'D3'},{'D2'},{'D1'},,,,,&,5.0,&
{'R2'},{'R3'},{'R1'},{'D3'},{'D2'},{'D1'},{'D7'},,,,&,4.0,&
{'R2'},{'R3'},{'R1'},{'D3'},{'D2'},{'D1'},{'D7'},{'D6'},,,&,1.0,&
{'R2'},{'R3'},{'R1'},{'D3'},{'D2'},{'D1'},{'D7'},{'D6'},{'D5'},,&,1.0,&
{'R2'},{'R3'},{'R1'},{'D3'},{'D2'},{'D1'},{'D7'},{'D5'},,,&,1.0,&
{'R2'},{'R3'},{'R1'},{'D3'},{'D2'},{'D1'},{'D7'},{'D5'},{'D4'},{'D6'},&,1.0,&
{'R2'},{'R3'},{'R1'},{'D3'},{'D2'},{'D1'},{'D5'},{'D6'},{'D7'},{'D4'},&,1.0,&
{'R2'},{'R3'},{'R1'},{'D3'},{'D2'},{'D1'},{'D5'},{'D7'},{'D6'},{'D4'},&,1.0,&
{'R2'},{'R3'},{'R1'},{'D3'},{'D2'},{'D1'},{'D6'},,,,&,2.0,&
{'R2'},{'R3'},{'R1'},{'D3'},{'D2'},{'D1'},{'D6'},{'D4'},,,&,1.0,&
{'R2'},{'R3'},{'R1'},{'D3'},{'D2'},{'D1'},{'D6'},{'D7'},,,&,1.0,&
{'R2'},{'R3'},{'R1'},{'D3'},{'D2'},{'D1'},{'D6'},{'D7'},{'D5'},{'D4'},&,2.0,&
{'R2'},{'R3'},{'R1'},{'D3'},{'D2'},{'D7'},{'D5'},,,,&,1.0,&
{'R2'},{'R3'},{'R1'},{'D3'},{'D2'},{'D7'},{'D1'},,,,&,1.0,&
{'R2'},{'R3'},{'R1'},{'D3'},{'D2'},{'D7'},{'D1'},{'D6'},,,&,2.0,&
{'R2'},{'R3'},{'R1'},{'D3'},{'D2'},{'D7'},{'D6'},,,,&,1.0,&
{'R2'},{'R3'},{'R1'},{'D3'},{'D2'},{'D5'},,,,,&,2.0,&
{'R2'},{'R3'},{'R1'},{'D3'},{'D2'},{'D5'},{'D1'},,,,&,1.0,&
{'R2'},{'R3'},{'R1'},{'D3'},{'D2'},{'D5'},{'D1'},{'D7'},,,&,1.0,&
{'R2'},{'R3'},{'R1'},{'D3'},{'D2'},{'D5'},{'D1'},{'D7'},{'D6'},{'D4'},&,2.0,&
{'R2'},{'R3'},{'R1'},{'D3'},{'D2'},{'D6'},,,,,&,2.0,&
{'R2'},{'R3'},{'R1'},{'D3'},{'D2'},{'D6'},{'D5'},,,,&,1.0,&
{'R2'},{'R3'},{'R1'},{'D3'},{'D2'},{'D6'},{'D1'},,,,&,1.0,&
{'R2'},{'R3'},{'R1'},{'D3'},{'D2'},{'D6'},{'D1'},{'D4'},,,&,1.0,&
{'R2'},{'R3'},{'R1'},{'D3'},{'D2'},{'D4'},,,,,&,1.0,&
{'R2'},{'R3'},{'R1'},{'D3'},{'D6'},{'D1'},{'D5'},,,,&,1.0,&
{'R2'},{'R3'},{'R1'},{'D3'},{'D6'},{'D7'},{'D2'},{'D4'},,,&,1.0,&
{'R2'},{'R3'},{'R1'},{'D3'},{'D6'},{'D2'},{'D5'},{'D1'},{'D7'},,&,1.0,&
{'R2'},{'R3'},{'R1'},{'D3'},{'D6'},{'D2'},{'D1'},,,,&,1.0,&
{'R2'},{'R3'},{'R1'},{'D3'},{'D6'},{'D4'},{'D7'},{'D2'},{'D1'},{'D5'},&,1.0,&
{'R2'},{'R3'},{'R1'},{'D3'},{'D6'},{'D4'},{'D2'},{'D1'},{'D5'},{'D7'},&,1.0,&
{'R2'},{'R3'},{'R1'},{'D3'},{'D7'},{'D1'},{'D2'},,,,&,1.0,&
{'R2'},{'R3'},{'R1'},{'D3'},{'D7'},{'D2'},,,,,&,1.0,&
{'R2'},{'R3'},{'R1'},{'D3'},{'D7'},{'D2'},{'D6'},,,,&,1.0,&
{'R2'},{'R3'},{'R1'},{'D3'},{'D5'},,,,,,&,2.0,&
{'R2'},{'R3'},{'R1'},{'D3'},{'D5'},{'D1'},{'D6'},{'D2'},{'D7'},{'D4'},&,1.0,&
{'R2'},{'R3'},{'R1'},{'D3'},{'D5'},{'D1'},{'D2'},,,,&,1.0,&
{'R2'},{'R3'},{'R1'},{'D3'},{'D5'},{'D7'},{'D2'},,,,&,1.0,&
{'R2'},{'R3'},{'R1'},{'D3'},{'D5'},{'D2'},,,,,&,1.0,&
{'R2'},{'R3'},{'R1'},{'D3'},{'D5'},{'D2'},{'D6'},{'D1'},{'D7'},,&,1.0,&
{'R2'},{'R3'},{'R1'},{'D3'},{'D5'},{'D2'},{'D6'},{'D1'},{'D7'},{'D4'},&,1.0,&
{'R2'},{'R3'},{'R1'},{'D3'},{'D1'},,,,,,&,11.0,&
{'R2'},{'R3'},{'R1'},{'D3'},{'D1'},{'D7'},,,,,&,2.0,&
{'R2'},{'R3'},{'R1'},{'D3'},{'D1'},{'D7'},{'D5'},{'D2'},{'D6'},,&,1.0,&
{'R2'},{'R3'},{'R1'},{'D3'},{'D1'},{'D7'},{'D2'},{'D5'},{'D6'},,&,1.0,&
{'R2'},{'R3'},{'R1'},{'D3'},{'D1'},{'D5'},,,,,&,2.0,&
{'R2'},{'R3'},{'R1'},{'D3'},{'D1'},{'D5'},{'D2'},,,,&,1.0,&
{'R2'},{'R3'},{'R1'},{'D3'},{'D1'},{'D5'},{'D2'},{'D6'},{'D7'},{'D4'},&,2.0,&
{'R2'},{'R3'},{'R1'},{'D3'},{'D1'},{'D6'},,,,,&,3.0,&
{'R2'},{'R3'},{'R1'},{'D3'},{'D1'},{'D6'},{'D2'},,,,&,2.0,&
{'R2'},{'R3'},{'R1'},{'D3'},{'D1'},{'D2'},,,,,&,5.0,&
{'R2'},{'R3'},{'R1'},{'D3'},{'D1'},{'D2'},{'D7'},,,,&,1.0,&
{'R2'},{'R3'},{'R1'},{'D3'},{'D1'},{'D2'},{'D7'},{'D6'},{'D5'},{'D4'},&,1.0,&
{'R2'},{'R3'},{'R1'},{'D3'},{'D1'},{'D2'},{'D5'},,,,&,1.0,&
{'R2'},{'R3'},{'R1'},{'D3'},{'D1'},{'D2'},{'D5'},{'D6'},{'D7'},,&,1.0,&
{'R2'},{'R3'},{'R1'},{'D3'},{'D1'},{'D2'},{'D5'},{'D6'},{'D4'},,&,1.0,&
{'R2'},{'R3'},{'R1'},{'D3'},{'D1'},{'D2'},{'D5'},{'D4'},,,&,1.0,&
{'R2'},{'R3'},{'R1'},{'D3'},{'D1'},{'D2'},{'D5'},{'D4'},{'D6'},{'D7'},&,1.0,&
{'R2'},{'R3'},{'R1'},{'D3'},{'D1'},{'D2'},{'D6'},{'D4'},{'D7'},{'D5'},&,1.0,&
{'R2'},{'R3'},{'R1'},{'D3'},{'D1'},{'D2'},{'D6'},{'D5'},{'D7'},,&,1.0,&
{'R2'},{'R3'},{'R1'},{'D3'},{'D1'},{'D2'},{'D4'},{'D6'},,,&,2.0,&
{'R2'},{'R3'},{'R1'},{'D3'},{'D1'},{'D2'},{'D4'},{'D6'},{'D5'},{'D7'},&,1.0,&
{'R2'},{'R3'},{'R1'},{'D3'},{'D1'},{'D4'},{'D2'},{'D6'},,,&,1.0,&
{'R2'},{'R3'},{'R1'},{'D4'},,,,,,,&,2.0,&
{'R2'},{'R3'},{'R1'},{'D4'},{'D2'},,,,,,&,3.0,&
{'R2'},{'R3'},{'R1'},{'D4'},{'D2'},{'D1'},{'D7'},{'D3'},{'D6'},{'D5'},&,1.0,&
{'R2'},{'R3'},{'R1'},{'D4'},{'D2'},{'D1'},{'D3'},{'D6'},{'D7'},{'D5'},&,1.0,&
{'R2'},{'R3'},{'R1'},{'D4'},{'D6'},{'D2'},{'D1'},{'D3'},{'D7'},{'D5'},&,1.0,&
{'R2'},{'R3'},{'R1'},{'D4'},{'D1'},,,,,,&,1.0,&
{'R2'},{'R3'},{'R1'},{'D4'},{'D1'},{'D5'},{'D2'},{'D3'},,,&,1.0,&
{'R2'},{'R3'},{'R1'},{'D7'},,,,,,,&,5.0,&
{'R2'},{'R3'},{'R1'},{'D7'},{'D2'},,,,,,&,1.0,&
{'R2'},{'R3'},{'R1'},{'D7'},{'D2'},{'D5'},{'D3'},,,,&,1.0,&
{'R2'},{'R3'},{'R1'},{'D7'},{'D2'},{'D3'},,,,,&,1.0,&
{'R2'},{'R3'},{'R1'},{'D7'},{'D2'},{'D3'},{'D1'},{'D5'},,,&,1.0,&
{'R2'},{'R3'},{'R1'},{'D7'},{'D2'},{'D3'},{'D1'},{'D5'},{'D4'},,&,1.0,&
{'R2'},{'R3'},{'R1'},{'D7'},{'D3'},{'D1'},,,,,&,1.0,&
{'R2'},{'R3'},{'R1'},{'D7'},{'D3'},{'D1'},{'D2'},{'D6'},{'D5'},{'D4'},&,1.0,&
{'R2'},{'R3'},{'R1'},{'D7'},{'D3'},{'D2'},,,,,&,1.0,&
{'R2'},{'R3'},{'R1'},{'D7'},{'D3'},{'D2'},{'D1'},,,,&,1.0,&
{'R2'},{'R3'},{'R1'},{'D7'},{'D1'},{'D5'},{'D2'},{'D6'},{'D4'},{'D3'},&,1.0,&
{'R2'},{'R3'},{'R1'},{'D7'},{'D1'},{'D2'},{'D5'},{'D6'},{'D3'},,&,1.0,&
{'R2'},{'R3'},{'R1'},{'D7'},{'D1'},{'D2'},{'D5'},{'D4'},{'D3'},{'D6'},&,1.0,&
{'R2'},{'R3'},{'R1'},{'D7'},{'D1'},{'D2'},{'D4'},{'D3'},{'D6'},{'D5'},&,1.0,&
{'R2'},{'R3'},{'R1'},{'D7'},{'D1'},{'D3'},{'D2'},,,,&,1.0,&
{'R2'},{'R3'},{'R1'},{'D7'},{'D4'},,,,,,&,1.0,&
{'R2'},{'R3'},{'R1'},{'D6'},,,,,,,&,7.0,&
{'R2'},{'R3'},{'R1'},{'D6'},{'D2'},,,,,,&,4.0,&
{'R2'},{'R3'},{'R1'},{'D6'},{'D2'},{'D1'},,,,,&,1.0,&
{'R2'},{'R3'},{'R1'},{'D6'},{'D2'},{'D1'},{'D5'},,,,&,1.0,&
{'R2'},{'R3'},{'R1'},{'D6'},{'D2'},{'D1'},{'D3'},,,,&,1.0,&
{'R2'},{'R3'},{'R1'},{'D6'},{'D2'},{'D1'},{'D3'},{'D7'},,,&,1.0,&
{'R2'},{'R3'},{'R1'},{'D6'},{'D2'},{'D5'},{'D1'},,,,&,1.0,&
{'R2'},{'R3'},{'R1'},{'D6'},{'D2'},{'D3'},{'D5'},,,,&,1.0,&
{'R2'},{'R3'},{'R1'},{'D6'},{'D2'},{'D3'},{'D1'},{'D5'},,,&,1.0,&
{'R2'},{'R3'},{'R1'},{'D6'},{'D2'},{'D3'},{'D1'},{'D5'},{'D4'},{'D7'},&,1.0,&
{'R2'},{'R3'},{'R1'},{'D6'},{'D2'},{'D4'},,,,,&,1.0,&
{'R2'},{'R3'},{'R1'},{'D6'},{'D7'},{'D2'},,,,,&,1.0,&
{'R2'},{'R3'},{'R1'},{'D6'},{'D3'},,,,,,&,1.0,&
{'R2'},{'R3'},{'R1'},{'D6'},{'D3'},{'D1'},,,,,&,3.0,&
{'R2'},{'R3'},{'R1'},{'D6'},{'D3'},{'D1'},{'D2'},{'D7'},,,&,1.0,&
{'R2'},{'R3'},{'R1'},{'D6'},{'D1'},,,,,,&,1.0,&
{'R2'},{'R3'},{'R1'},{'D6'},{'D1'},{'D2'},,,,,&,1.0,&
{'R2'},{'R3'},{'R1'},{'D6'},{'D1'},{'D3'},,,,,&,1.0,&
{'R2'},{'R3'},{'R1'},{'D6'},{'D1'},{'D3'},{'D2'},{'D7'},{'D4'},{'D5'},&,1.0,&
{'R2'},{'R3'},{'R1'},{'D2'},,,,,,,&,40.0,&
{'R2'},{'R3'},{'R1'},{'D2'},{'D6'},,,,,,&,5.0,&
{'R2'},{'R3'},{'R1'},{'D2'},{'D6'},{'D1'},,,,,&,1.0,&
{'R2'},{'R3'},{'R1'},{'D2'},{'D6'},{'D1'},{'D3'},,,,&,3.0,&
{'R2'},{'R3'},{'R1'},{'D2'},{'D6'},{'D1'},{'D3'},{'D7'},{'D5'},{'D4'},&,1.0,&
{'R2'},{'R3'},{'R1'},{'D2'},{'D6'},{'D7'},{'D1'},{'D3'},,,&,1.0,&
{'R2'},{'R3'},{'R1'},{'D2'},{'D6'},{'D3'},{'D7'},,,,&,2.0,&
{'R2'},{'R3'},{'R1'},{'D2'},{'D6'},{'D3'},{'D5'},,,,&,1.0,&
{'R2'},{'R3'},{'R1'},{'D2'},{'D6'},{'D3'},{'D1'},{'D7'},,,&,1.0,&
{'R2'},{'R3'},{'R1'},{'D2'},{'D6'},{'D3'},{'D1'},{'D5'},,,&,1.0,&
{'R2'},{'R3'},{'R1'},{'D2'},{'D7'},,,,,,&,4.0,&
{'R2'},{'R3'},{'R1'},{'D2'},{'D7'},{'D1'},{'D3'},{'D6'},,,&,1.0,&
{'R2'},{'R3'},{'R1'},{'D2'},{'D7'},{'D3'},{'D1'},{'D6'},{'D5'},{'D4'},&,1.0,&
{'R2'},{'R3'},{'R1'},{'D2'},{'D7'},{'D3'},{'D1'},{'D5'},{'D6'},{'D4'},&,1.0,&
{'R2'},{'R3'},{'R1'},{'D2'},{'D3'},,,,,,&,12.0,&
{'R2'},{'R3'},{'R1'},{'D2'},{'D3'},{'D1'},,,,,&,5.0,&
{'R2'},{'R3'},{'R1'},{'D2'},{'D3'},{'D1'},{'D7'},,,,&,1.0,&
{'R2'},{'R3'},{'R1'},{'D2'},{'D3'},{'D1'},{'D7'},{'D6'},,,&,1.0,&
{'R2'},{'R3'},{'R1'},{'D2'},{'D3'},{'D1'},{'D7'},{'D4'},{'D6'},,&,1.0,&
{'R2'},{'R3'},{'R1'},{'D2'},{'D3'},{'D1'},{'D5'},,,,&,3.0,&
{'R2'},{'R3'},{'R1'},{'D2'},{'D3'},{'D1'},{'D5'},{'D6'},,,&,1.0,&
{'R2'},{'R3'},{'R1'},{'D2'},{'D3'},{'D1'},{'D5'},{'D4'},,,&,1.0,&
{'R2'},{'R3'},{'R1'},{'D2'},{'D3'},{'D1'},{'D5'},{'D7'},,,&,2.0,&
{'R2'},{'R3'},{'R1'},{'D2'},{'D3'},{'D1'},{'D5'},{'D7'},{'D4'},,&,1.0,&
{'R2'},{'R3'},{'R1'},{'D2'},{'D3'},{'D1'},{'D6'},,,,&,2.0,&
{'R2'},{'R3'},{'R1'},{'D2'},{'D3'},{'D1'},{'D6'},{'D7'},,,&,1.0,&
{'R2'},{'R3'},{'R1'},{'D2'},{'D3'},{'D1'},{'D6'},{'D7'},{'D5'},{'D4'},&,1.0,&
{'R2'},{'R3'},{'R1'},{'D2'},{'D3'},{'D7'},,,,,&,2.0,&
{'R2'},{'R3'},{'R1'},{'D2'},{'D3'},{'D7'},{'D5'},{'D6'},,,&,1.0,&
{'R2'},{'R3'},{'R1'},{'D2'},{'D3'},{'D7'},{'D1'},,,,&,1.0,&
{'R2'},{'R3'},{'R1'},{'D2'},{'D3'},{'D5'},,,,,&,1.0,&
{'R2'},{'R3'},{'R1'},{'D2'},{'D3'},{'D5'},{'D1'},{'D6'},,,&,1.0,&
{'R2'},{'R3'},{'R1'},{'D2'},{'D3'},{'D5'},{'D1'},{'D7'},{'D6'},{'D4'},&,1.0,&
{'R2'},{'R3'},{'R1'},{'D2'},{'D3'},{'D5'},{'D6'},,,,&,1.0,&
{'R2'},{'R3'},{'R1'},{'D2'},{'D3'},{'D5'},{'D6'},{'D1'},{'D7'},,&,1.0,&
{'R2'},{'R3'},{'R1'},{'D2'},{'D3'},{'D6'},,,,,&,1.0,&
{'R2'},{'R3'},{'R1'},{'D2'},{'D3'},{'D6'},{'D1'},,,,&,1.0,&
{'R2'},{'R3'},{'R1'},{'D2'},{'D3'},{'D6'},{'D1'},{'D5'},{'D7'},,&,1.0,&
{'R2'},{'R3'},{'R1'},{'D2'},{'D5'},,,,,,&,3.0,&
{'R2'},{'R3'},{'R1'},{'D2'},{'D5'},{'D1'},{'D3'},,,,&,1.0,&
{'R2'},{'R3'},{'R1'},{'D2'},{'D5'},{'D1'},{'D3'},{'D7'},{'D4'},,&,1.0,&
{'R2'},{'R3'},{'R1'},{'D2'},{'D5'},{'D6'},,,,,&,1.0,&
{'R2'},{'R3'},{'R1'},{'D2'},{'D5'},{'D6'},{'D1'},,,,&,1.0,&
{'R2'},{'R3'},{'R1'},{'D2'},{'D5'},{'D6'},{'D3'},{'D7'},{'D1'},{'D4'},&,1.0,&
{'R2'},{'R3'},{'R1'},{'D2'},{'D5'},{'D6'},{'D3'},{'D1'},,,&,1.0,&
{'R2'},{'R3'},{'R1'},{'D2'},{'D5'},{'D3'},{'D1'},{'D6'},{'D7'},{'D4'},&,1.0,&
{'R2'},{'R3'},{'R1'},{'D2'},{'D1'},,,,,,&,10.0,&
{'R2'},{'R3'},{'R1'},{'D2'},{'D1'},{'D7'},,,,,&,4.0,&
{'R2'},{'R3'},{'R1'},{'D2'},{'D1'},{'D5'},,,,,&,2.0,&
{'R2'},{'R3'},{'R1'},{'D2'},{'D1'},{'D5'},{'D7'},{'D3'},{'D6'},,&,1.0,&
{'R2'},{'R3'},{'R1'},{'D2'},{'D1'},{'D6'},,,,,&,2.0,&
{'R2'},{'R3'},{'R1'},{'D2'},{'D1'},{'D6'},{'D7'},{'D3'},,,&,1.0,&
{'R2'},{'R3'},{'R1'},{'D2'},{'D1'},{'D6'},{'D3'},,,,&,1.0,&
{'R2'},{'R3'},{'R1'},{'D2'},{'D1'},{'D6'},{'D3'},{'D7'},{'D4'},{'D5'},&,1.0,&
{'R2'},{'R3'},{'R1'},{'D2'},{'D1'},{'D3'},,,,,&,8.0,&
{'R2'},{'R3'},{'R1'},{'D2'},{'D1'},{'D3'},{'D7'},,,,&,1.0,&
{'R2'},{'R3'},{'R1'},{'D2'},{'D1'},{'D3'},{'D7'},{'D6'},,,&,1.0,&
{'R2'},{'R3'},{'R1'},{'D2'},{'D1'},{'D3'},{'D7'},{'D5'},{'D6'},{'D4'},&,1.0,&
{'R2'},{'R3'},{'R1'},{'D2'},{'D1'},{'D3'},{'D7'},{'D5'},{'D4'},{'D6'},&,1.0,&
{'R2'},{'R3'},{'R1'},{'D2'},{'D1'},{'D3'},{'D5'},,,,&,1.0,&
{'R2'},{'R3'},{'R1'},{'D2'},{'D1'},{'D3'},{'D5'},{'D6'},,,&,1.0,&
{'R2'},{'R3'},{'R1'},{'D2'},{'D1'},{'D3'},{'D5'},{'D6'},{'D7'},,&,2.0,&
{'R2'},{'R3'},{'R1'},{'D2'},{'D1'},{'D3'},{'D5'},{'D7'},,,&,1.0,&
{'R2'},{'R3'},{'R1'},{'D2'},{'D1'},{'D3'},{'D6'},{'D4'},{'D5'},{'D7'},&,1.0,&
{'R2'},{'R3'},{'R1'},{'D2'},{'D1'},{'D3'},{'D6'},{'D7'},,,&,1.0,&
{'R2'},{'R3'},{'R1'},{'D2'},{'D1'},{'D3'},{'D6'},{'D7'},{'D5'},{'D4'},&,2.0,&
{'R2'},{'R3'},{'R1'},{'D2'},{'D1'},{'D3'},{'D6'},{'D5'},,,&,2.0,&
{'R2'},{'R3'},{'R1'},{'D2'},{'D1'},{'D3'},{'D6'},{'D5'},{'D4'},{'D7'},&,1.0,&
{'R2'},{'R3'},{'R1'},{'D2'},{'D1'},{'D3'},{'D4'},,,,&,1.0,&
{'R2'},{'R3'},{'R1'},{'D2'},{'D1'},{'D3'},{'D4'},{'D6'},,,&,1.0,&
{'R2'},{'R3'},{'R1'},{'D2'},{'D1'},{'D3'},{'D4'},{'D7'},{'D5'},{'D6'},&,1.0,&
{'R2'},{'R3'},{'R1'},{'D2'},{'D1'},{'D4'},{'D7'},{'D6'},,,&,1.0,&
{'R2'},{'R3'},{'R1'},{'D2'},{'D1'},{'D4'},{'D5'},{'D3'},{'D6'},{'D7'},&,1.0,&
{'R2'},{'R3'},{'R1'},{'D2'},{'D1'},{'D4'},{'D3'},,,,&,2.0,&
{'R2'},{'R3'},{'R1'},{'D2'},{'D1'},{'D4'},{'D3'},{'D6'},{'D5'},,&,1.0,&
{'R2'},{'R3'},{'R1'},{'D2'},{'D1'},{'D4'},{'D3'},{'D6'},{'D5'},{'D7'},&,1.0,&
{'R2'},{'R3'},{'R1'},{'D2'},{'D4'},{'D1'},{'D3'},{'D6'},,,&,1.0,&
{'R2'},{'R3'},{'R1'},{'D2'},{'D4'},{'D3'},{'D7'},,,,&,1.0,&
{'R2'},{'R3'},{'D6'},,,,,,,,&,9.0,&
{'R2'},{'R3'},{'D6'},{'D1'},{'D2'},{'D3'},{'D7'},{'D5'},{'D4'},,&,1.0,&
{'R2'},{'R3'},{'D6'},{'D1'},{'D2'},{'D3'},{'R1'},{'D5'},{'D7'},,&,1.0,&
{'R2'},{'R3'},{'D6'},{'D1'},{'D7'},{'R1'},,,,,&,1.0,&
{'R2'},{'R3'},{'D6'},{'D1'},{'D3'},,,,,,&,1.0,&
{'R2'},{'R3'},{'D6'},{'D1'},{'R1'},,,,,,&,1.0,&
{'R2'},{'R3'},{'D6'},{'D1'},{'R1'},{'D3'},,,,,&,2.0,&
{'R2'},{'R3'},{'D6'},{'D5'},,,,,,,&,2.0,&
{'R2'},{'R3'},{'D6'},{'D5'},{'D2'},{'D3'},,,,,&,1.0,&
{'R2'},{'R3'},{'D6'},{'D5'},{'D2'},{'R1'},,,,,&,1.0,&
{'R2'},{'R3'},{'D6'},{'D5'},{'R1'},{'D2'},{'D3'},{'D1'},{'D7'},,&,1.0,&
{'R2'},{'R3'},{'D6'},{'D5'},{'D1'},,,,,,&,1.0,&
{'R2'},{'R3'},{'D6'},{'D3'},,,,,,,&,1.0,&
{'R2'},{'R3'},{'D6'},{'D3'},{'D2'},{'D1'},,,,,&,1.0,&
{'R2'},{'R3'},{'D6'},{'D3'},{'R1'},{'D2'},,,,,&,1.0,&
{'R2'},{'R3'},{'D6'},{'D3'},{'D1'},{'D2'},{'D7'},,,,&,1.0,&
{'R2'},{'R3'},{'D6'},{'D3'},{'D1'},{'D2'},{'D5'},{'R1'},{'D7'},{'D4'},&,1.0,&
{'R2'},{'R3'},{'D6'},{'D7'},,,,,,,&,2.0,&
{'R2'},{'R3'},{'D6'},{'R1'},,,,,,,&,2.0,&
{'R2'},{'R3'},{'D6'},{'R1'},{'D2'},,,,,,&,2.0,&
{'R2'},{'R3'},{'D6'},{'R1'},{'D2'},{'D1'},,,,,&,1.0,&
{'R2'},{'R3'},{'D6'},{'R1'},{'D2'},{'D1'},{'D7'},{'D3'},,,&,1.0,&
{'R2'},{'R3'},{'D6'},{'R1'},{'D2'},{'D3'},{'D7'},,,,&,1.0,&
{'R2'},{'R3'},{'D6'},{'R1'},{'D2'},{'D3'},{'D5'},{'D7'},{'D1'},{'D4'},&,1.0,&
{'R2'},{'R3'},{'D6'},{'R1'},{'D2'},{'D3'},{'D1'},{'D5'},,,&,1.0,&
{'R2'},{'R3'},{'D6'},{'R1'},{'D3'},,,,,,&,1.0,&
{'R2'},{'R3'},{'D6'},{'R1'},{'D3'},{'D1'},{'D2'},{'D5'},{'D4'},,&,1.0,&
{'R2'},{'R3'},{'D6'},{'R1'},{'D3'},{'D2'},{'D1'},{'D5'},,,&,1.0,&
{'R2'},{'R3'},{'D6'},{'R1'},{'D5'},{'D2'},{'D3'},{'D1'},,,&,1.0,&
{'R2'},{'R3'},{'D6'},{'R1'},{'D1'},,,,,,&,1.0,&
{'R2'},{'R3'},{'D6'},{'R1'},{'D1'},{'D7'},{'D2'},{'D3'},{'D5'},{'D4'},&,1.0,&
{'R2'},{'R3'},{'D6'},{'R1'},{'D1'},{'D5'},,,,,&,1.0,&
{'R2'},{'R3'},{'D6'},{'R1'},{'D1'},{'D2'},{'D4'},{'D3'},,,&,1.0,&
{'R2'},{'R3'},{'D6'},{'D2'},,,,,,,&,4.0,&
{'R2'},{'R3'},{'D6'},{'D2'},{'D3'},{'D1'},{'D5'},{'D7'},{'R1'},,&,1.0,&
{'R2'},{'R3'},{'D6'},{'D2'},{'R1'},,,,,,&,1.0,&
{'R2'},{'R3'},{'D6'},{'D2'},{'D1'},{'D3'},{'D5'},{'D7'},{'D4'},,&,1.0,&
{'R2'},{'R3'},{'D6'},{'D2'},{'D1'},{'R1'},{'D5'},,,,&,1.0,&
{'R2'},{'R3'},{'D3'},,,,,,,,&,39.0,&
{'R2'},{'R3'},{'D3'},{'D1'},,,,,,,&,2.0,&
{'R2'},{'R3'},{'D3'},{'D1'},{'D2'},,,,,,&,2.0,&
{'R2'},{'R3'},{'D3'},{'D1'},{'D2'},{'D6'},,,,,&,1.0,&
{'R2'},{'R3'},{'D3'},{'D1'},{'D2'},{'D6'},{'R1'},{'D5'},{'D7'},,&,1.0,&
{'R2'},{'R3'},{'D3'},{'D1'},{'D2'},{'R1'},{'D7'},,,,&,1.0,&
{'R2'},{'R3'},{'D3'},{'D1'},{'D2'},{'R1'},{'D7'},{'D5'},{'D6'},{'D4'},&,1.0,&
{'R2'},{'R3'},{'D3'},{'D1'},{'D2'},{'R1'},{'D5'},{'D6'},,,&,1.0,&
{'R2'},{'R3'},{'D3'},{'D1'},{'D2'},{'R1'},{'D6'},{'D7'},{'D5'},,&,1.0,&
{'R2'},{'R3'},{'D3'},{'D1'},{'D2'},{'R1'},{'D6'},{'D5'},,,&,1.0,&
{'R2'},{'R3'},{'D3'},{'D1'},{'D2'},{'R1'},{'D4'},{'D5'},,,&,1.0,&
{'R2'},{'R3'},{'D3'},{'D1'},{'D2'},{'D4'},{'D6'},{'D7'},{'R1'},,&,1.0,&
{'R2'},{'R3'},{'D3'},{'D1'},{'D6'},{'D4'},{'D2'},{'D5'},{'D7'},{'R1'},&,1.0,&
{'R2'},{'R3'},{'D3'},{'D1'},{'D7'},,,,,,&,2.0,&
{'R2'},{'R3'},{'D3'},{'D1'},{'R1'},,,,,,&,4.0,&
{'R2'},{'R3'},{'D3'},{'D1'},{'R1'},{'D2'},,,,,&,1.0,&
{'R2'},{'R3'},{'D3'},{'D1'},{'R1'},{'D2'},{'D7'},,,,&,1.0,&
{'R2'},{'R3'},{'D3'},{'D1'},{'R1'},{'D2'},{'D7'},{'D6'},{'D4'},{'D5'},&,1.0,&
{'R2'},{'R3'},{'D3'},{'D1'},{'R1'},{'D2'},{'D5'},{'D7'},{'D6'},{'D4'},&,1.0,&
{'R2'},{'R3'},{'D3'},{'D1'},{'R1'},{'D2'},{'D6'},,,,&,1.0,&
{'R2'},{'R3'},{'D3'},{'D1'},{'R1'},{'D2'},{'D4'},{'D6'},{'D5'},{'D7'},&,1.0,&
{'R2'},{'R3'},{'D3'},{'D1'},{'D5'},,,,,,&,2.0,&
{'R2'},{'R3'},{'D3'},{'D1'},{'D5'},{'R1'},,,,,&,1.0,&
{'R2'},{'R3'},{'D3'},{'D5'},,,,,,,&,2.0,&
{'R2'},{'R3'},{'D3'},{'D5'},{'D2'},,,,,,&,2.0,&
{'R2'},{'R3'},{'D3'},{'D5'},{'D6'},{'D2'},{'R1'},,,,&,1.0,&
{'R2'},{'R3'},{'D3'},{'D5'},{'R1'},{'D2'},{'D1'},{'D6'},{'D7'},,&,1.0,&
{'R2'},{'R3'},{'D3'},{'D5'},{'D1'},,,,,,&,1.0,&
{'R2'},{'R3'},{'D3'},{'D5'},{'D1'},{'R1'},,,,,&,1.0,&
{'R2'},{'R3'},{'D3'},{'D4'},,,,,,,&,1.0,&
{'R2'},{'R3'},{'D3'},{'D4'},{'D2'},{'D1'},{'D7'},{'D6'},,,&,1.0,&
{'R2'},{'R3'},{'D3'},{'D4'},{'R1'},{'D1'},,,,,&,1.0,&
{'R2'},{'R3'},{'D3'},{'D4'},{'R1'},{'D1'},{'D7'},,,,&,1.0,&
{'R2'},{'R3'},{'D3'},{'D7'},,,,,,,&,1.0,&
{'R2'},{'R3'},{'D3'},{'D7'},{'D2'},{'R1'},,,,,&,1.0,&
{'R2'},{'R3'},{'D3'},{'D7'},{'D5'},{'R1'},{'D2'},,,,&,1.0,&
{'R2'},{'R3'},{'D3'},{'D7'},{'D4'},{'R1'},{'D1'},{'D2'},{'D5'},{'D6'},&,1.0,&
{'R2'},{'R3'},{'D3'},{'R1'},,,,,,,&,12.0,&
{'R2'},{'R3'},{'D3'},{'R1'},{'D2'},,,,,,&,4.0,&
{'R2'},{'R3'},{'D3'},{'R1'},{'D2'},{'D1'},,,,,&,3.0,&
{'R2'},{'R3'},{'D3'},{'R1'},{'D2'},{'D1'},{'D7'},,,,&,1.0,&
{'R2'},{'R3'},{'D3'},{'R1'},{'D2'},{'D1'},{'D7'},{'D5'},{'D4'},{'D6'},&,1.0,&
{'R2'},{'R3'},{'D3'},{'R1'},{'D2'},{'D1'},{'D5'},{'D6'},{'D4'},,&,1.0,&
{'R2'},{'R3'},{'D3'},{'R1'},{'D2'},{'D1'},{'D6'},,,,&,2.0,&
{'R2'},{'R3'},{'D3'},{'R1'},{'D2'},{'D1'},{'D6'},{'D4'},,,&,1.0,&
{'R2'},{'R3'},{'D3'},{'R1'},{'D2'},{'D1'},{'D6'},{'D5'},{'D7'},{'D4'},&,2.0,&
{'R2'},{'R3'},{'D3'},{'R1'},{'D2'},{'D7'},{'D6'},{'D1'},{'D5'},{'D4'},&,1.0,&
{'R2'},{'R3'},{'D3'},{'R1'},{'D2'},{'D5'},{'D6'},,,,&,1.0,&
{'R2'},{'R3'},{'D3'},{'R1'},{'D2'},{'D6'},{'D1'},{'D4'},,,&,1.0,&
{'R2'},{'R3'},{'D3'},{'R1'},{'D2'},{'D6'},{'D1'},{'D5'},{'D7'},,&,1.0,&
{'R2'},{'R3'},{'D3'},{'R1'},{'D6'},{'D1'},,,,,&,1.0,&
{'R2'},{'R3'},{'D3'},{'R1'},{'D6'},{'D2'},{'D5'},{'D1'},{'D4'},{'D7'},&,1.0,&
{'R2'},{'R3'},{'D3'},{'R1'},{'D6'},{'D2'},{'D1'},,,,&,1.0,&
{'R2'},{'R3'},{'D3'},{'R1'},{'D7'},{'D2'},,,,,&,1.0,&
{'R2'},{'R3'},{'D3'},{'R1'},{'D5'},{'D7'},,,,,&,1.0,&
{'R2'},{'R3'},{'D3'},{'R1'},{'D5'},{'D2'},{'D4'},{'D7'},,,&,1.0,&
{'R2'},{'R3'},{'D3'},{'R1'},{'D1'},,,,,,&,1.0,&
{'R2'},{'R3'},{'D3'},{'R1'},{'D1'},{'D7'},{'D2'},,,,&,1.0,&
{'R2'},{'R3'},{'D3'},{'R1'},{'D1'},{'D2'},,,,,&,3.0,&
{'R2'},{'R3'},{'D3'},{'R1'},{'D1'},{'D2'},{'D7'},{'D5'},,,&,1.0,&
{'R2'},{'R3'},{'D3'},{'R1'},{'D1'},{'D2'},{'D7'},{'D5'},{'D6'},{'D4'},&,1.0,&
{'R2'},{'R3'},{'D3'},{'R1'},{'D1'},{'D2'},{'D6'},{'D4'},{'D5'},{'D7'},&,2.0,&
{'R2'},{'R3'},{'D3'},{'R1'},{'D1'},{'D2'},{'D6'},{'D7'},,,&,1.0,&
{'R2'},{'R3'},{'D3'},{'R1'},{'D1'},{'D2'},{'D6'},{'D7'},{'D5'},{'D4'},&,2.0,&
{'R2'},{'R3'},{'D3'},{'R1'},{'D1'},{'D4'},,,,,&,1.0,&
{'R2'},{'R3'},{'D3'},{'D6'},{'D2'},{'D1'},{'D7'},,,,&,1.0,&
{'R2'},{'R3'},{'D3'},{'D6'},{'R1'},,,,,,&,2.0,&
{'R2'},{'R3'},{'D3'},{'D6'},{'D1'},{'R1'},{'D2'},{'D5'},,,&,1.0,&
{'R2'},{'R3'},{'D3'},{'D6'},{'D4'},{'R1'},{'D1'},{'D2'},{'D5'},{'D7'},&,1.0,&
{'R2'},{'R3'},{'D3'},{'D2'},,,,,,,&,4.0,&
{'R2'},{'R3'},{'D3'},{'D2'},{'D7'},{'D1'},{'D5'},{'D6'},,,&,1.0,&
{'R2'},{'R3'},{'D3'},{'D2'},{'D7'},{'R1'},,,,,&,1.0,&
{'R2'},{'R3'},{'D3'},{'D2'},{'R1'},,,,,,&,5.0,&
{'R2'},{'R3'},{'D3'},{'D2'},{'R1'},{'D1'},,,,,&,2.0,&
{'R2'},{'R3'},{'D3'},{'D2'},{'R1'},{'D1'},{'D7'},{'D5'},{'D6'},,&,1.0,&
{'R2'},{'R3'},{'D3'},{'D2'},{'R1'},{'D1'},{'D5'},,,,&,2.0,&
{'R2'},{'R3'},{'D3'},{'D2'},{'R1'},{'D1'},{'D5'},{'D6'},{'D7'},{'D4'},&,1.0,&
{'R2'},{'R3'},{'D3'},{'D2'},{'R1'},{'D1'},{'D6'},{'D7'},{'D4'},{'D5'},&,1.0,&
{'R2'},{'R3'},{'D3'},{'D2'},{'R1'},{'D1'},{'D6'},{'D5'},{'D7'},,&,1.0,&
{'R2'},{'R3'},{'D3'},{'D2'},{'R1'},{'D1'},{'D4'},{'D7'},,,&,1.0,&
{'R2'},{'R3'},{'D3'},{'D2'},{'R1'},{'D7'},,,,,&,1.0,&
{'R2'},{'R3'},{'D3'},{'D2'},{'R1'},{'D7'},{'D1'},{'D4'},,,&,1.0,&
{'R2'},{'R3'},{'D3'},{'D2'},{'R1'},{'D5'},,,,,&,1.0,&
{'R2'},{'R3'},{'D3'},{'D2'},{'R1'},{'D5'},{'D1'},{'D6'},{'D4'},{'D7'},&,1.0,&
{'R2'},{'R3'},{'D3'},{'D2'},{'R1'},{'D5'},{'D1'},{'D4'},,,&,1.0,&
{'R2'},{'R3'},{'D3'},{'D2'},{'R1'},{'D6'},,,,,&,1.0,&
{'R2'},{'R3'},{'D3'},{'D2'},{'R1'},{'D6'},{'D5'},,,,&,1.0,&
{'R2'},{'R3'},{'D3'},{'D2'},{'R1'},{'D6'},{'D1'},{'D4'},,,&,1.0,&
{'R2'},{'R3'},{'D3'},{'D2'},{'D5'},{'D1'},{'R1'},{'D4'},,,&,1.0,&
{'R2'},{'R3'},{'D3'},{'D2'},{'D5'},{'D6'},{'D1'},,,,&,1.0,&
{'R2'},{'R3'},{'D3'},{'D2'},{'D1'},,,,,,&,2.0,&
{'R2'},{'R3'},{'D3'},{'D2'},{'D1'},{'D7'},{'R1'},,,,&,1.0,&
{'R2'},{'R3'},{'D3'},{'D2'},{'D1'},{'D7'},{'R1'},{'D6'},{'D5'},,&,1.0,&
{'R2'},{'R3'},{'D3'},{'D2'},{'D1'},{'D6'},{'D7'},{'D5'},{'D4'},,&,1.0,&
{'R2'},{'R3'},{'D3'},{'D2'},{'D1'},{'R1'},,,,,&,1.0,&
{'R2'},{'R3'},{'D3'},{'D2'},{'D1'},{'R1'},{'D7'},{'D4'},,,&,1.0,&
{'R2'},{'R3'},{'D3'},{'D2'},{'D1'},{'R1'},{'D5'},,,,&,1.0,&
{'R2'},{'R3'},{'D3'},{'D2'},{'D1'},{'R1'},{'D4'},,,,&,1.0,&
{'R2'},{'R3'},{'D3'},{'D2'},{'D1'},{'D4'},{'R1'},{'D6'},,,&,1.0,&
{'R2'},{'R3'},{'D5'},,,,,,,,&,9.0,&
{'R2'},{'R3'},{'D5'},{'D1'},{'D2'},{'D3'},{'R1'},{'D6'},,,&,1.0,&
{'R2'},{'R3'},{'D5'},{'D1'},{'D2'},{'D3'},{'R1'},{'D4'},,,&,1.0,&
{'R2'},{'R3'},{'D5'},{'D1'},{'D3'},{'R1'},{'D2'},,,,&,1.0,&
{'R2'},{'R3'},{'D5'},{'D1'},{'R1'},,,,,,&,1.0,&
{'R2'},{'R3'},{'D5'},{'D1'},{'R1'},{'D6'},,,,,&,1.0,&
{'R2'},{'R3'},{'D5'},{'D1'},{'R1'},{'D3'},,,,,&,1.0,&
{'R2'},{'R3'},{'D5'},{'D3'},,,,,,,&,1.0,&
{'R2'},{'R3'},{'D5'},{'D3'},{'D2'},,,,,,&,1.0,&
{'R2'},{'R3'},{'D5'},{'D3'},{'D2'},{'D1'},{'D6'},,,,&,1.0,&
{'R2'},{'R3'},{'D5'},{'D3'},{'R1'},{'D1'},{'D6'},{'D2'},,,&,1.0,&
{'R2'},{'R3'},{'D5'},{'D3'},{'R1'},{'D4'},{'D2'},{'D7'},{'D1'},,&,1.0,&
{'R2'},{'R3'},{'D5'},{'D3'},{'D1'},,,,,,&,1.0,&
{'R2'},{'R3'},{'D5'},{'D3'},{'D1'},{'D6'},{'D7'},{'D2'},{'R1'},{'D4'},&,1.0,&
{'R2'},{'R3'},{'D5'},{'D3'},{'D1'},{'R1'},{'D2'},{'D6'},{'D7'},{'D4'},&,1.0,&
{'R2'},{'R3'},{'D5'},{'D7'},{'R1'},,,,,,&,1.0,&
{'R2'},{'R3'},{'D5'},{'D7'},{'R1'},{'D2'},{'D3'},,,,&,1.0,&
{'R2'},{'R3'},{'D5'},{'R1'},,,,,,,&,2.0,&
{'R2'},{'R3'},{'D5'},{'R1'},{'D2'},,,,,,&,1.0,&
{'R2'},{'R3'},{'D5'},{'R1'},{'D2'},{'D6'},{'D7'},{'D3'},,,&,1.0,&
{'R2'},{'R3'},{'D5'},{'R1'},{'D2'},{'D3'},{'D1'},{'D7'},{'D6'},{'D4'},&,1.0,&
{'R2'},{'R3'},{'D5'},{'R1'},{'D3'},,,,,,&,2.0,&
{'R2'},{'R3'},{'D5'},{'R1'},{'D1'},{'D3'},{'D2'},{'D4'},,,&,1.0,&
{'R2'},{'R3'},{'D5'},{'D2'},,,,,,,&,1.0,&
{'R2'},{'R3'},{'D5'},{'D2'},{'D7'},{'R1'},{'D3'},,,,&,1.0,&
{'R2'},{'R3'},{'D5'},{'D2'},{'D3'},{'D6'},{'D1'},{'D4'},,,&,1.0,&
{'R2'},{'R3'},{'D5'},{'D2'},{'D3'},{'R1'},{'D1'},{'D6'},{'D7'},{'D4'},&,1.0,&
{'R2'},{'R3'},{'D5'},{'D2'},{'R1'},{'D1'},{'D3'},,,,&,1.0,&
{'R2'},{'R3'},{'D5'},{'D2'},{'R1'},{'D3'},{'D1'},,,,&,1.0,&
{'R2'},{'R3'},{'D1'},,,,,,,,&,52.0,&
{'R2'},{'R3'},{'D1'},{'D5'},,,,,,,&,2.0,&
{'R2'},{'R3'},{'D1'},{'D5'},{'D2'},,,,,,&,1.0,&
{'R2'},{'R3'},{'D1'},{'D5'},{'D2'},{'D3'},{'D6'},{'R1'},,,&,1.0,&
{'R2'},{'R3'},{'D1'},{'D5'},{'D6'},{'D2'},,,,,&,1.0,&
{'R2'},{'R3'},{'D1'},{'D5'},{'D6'},{'R1'},{'D2'},,,,&,1.0,&
{'R2'},{'R3'},{'D1'},{'D5'},{'D3'},{'R1'},{'D2'},,,,&,1.0,&
{'R2'},{'R3'},{'D1'},{'D5'},{'R1'},{'D2'},{'D6'},{'D7'},{'D3'},{'D4'},&,1.0,&
{'R2'},{'R3'},{'D1'},{'D5'},{'R1'},{'D2'},{'D3'},{'D6'},{'D4'},,&,1.0,&
{'R2'},{'R3'},{'D1'},{'D5'},{'R1'},{'D2'},{'D3'},{'D4'},,,&,1.0,&
{'R2'},{'R3'},{'D1'},{'D3'},,,,,,,&,8.0,&
{'R2'},{'R3'},{'D1'},{'D3'},{'D2'},,,,,,&,3.0,&
{'R2'},{'R3'},{'D1'},{'D3'},{'D2'},{'D7'},{'D6'},{'R1'},,,&,1.0,&
{'R2'},{'R3'},{'D1'},{'D3'},{'D2'},{'D5'},,,,,&,1.0,&
{'R2'},{'R3'},{'D1'},{'D3'},{'D2'},{'D6'},{'D7'},{'R1'},{'D4'},,&,1.0,&
{'R2'},{'R3'},{'D1'},{'D3'},{'D2'},{'D6'},{'D5'},,,,&,1.0,&
{'R2'},{'R3'},{'D1'},{'D3'},{'D2'},{'D6'},{'R1'},{'D7'},{'D5'},{'D4'},&,1.0,&
{'R2'},{'R3'},{'D1'},{'D3'},{'D2'},{'R1'},,,,,&,3.0,&
{'R2'},{'R3'},{'D1'},{'D3'},{'D2'},{'R1'},{'D5'},,,,&,1.0,&
{'R2'},{'R3'},{'D1'},{'D3'},{'D2'},{'R1'},{'D5'},{'D6'},,,&,1.0,&
{'R2'},{'R3'},{'D1'},{'D3'},{'D2'},{'R1'},{'D6'},{'D7'},,,&,1.0,&
{'R2'},{'R3'},{'D1'},{'D3'},{'D6'},{'R1'},{'D2'},{'D4'},,,&,1.0,&
{'R2'},{'R3'},{'D1'},{'D3'},{'D7'},{'D2'},{'R1'},{'D5'},,,&,1.0,&
{'R2'},{'R3'},{'D1'},{'D3'},{'R1'},,,,,,&,2.0,&
{'R2'},{'R3'},{'D1'},{'D3'},{'R1'},{'D7'},,,,,&,1.0,&
{'R2'},{'R3'},{'D1'},{'D3'},{'R1'},{'D2'},,,,,&,1.0,&
{'R2'},{'R3'},{'D1'},{'D3'},{'R1'},{'D2'},{'D7'},,,,&,1.0,&
{'R2'},{'R3'},{'D1'},{'D3'},{'R1'},{'D2'},{'D7'},{'D6'},,,&,1.0,&
{'R2'},{'R3'},{'D1'},{'D3'},{'R1'},{'D2'},{'D7'},{'D4'},{'D5'},,&,1.0,&
{'R2'},{'R3'},{'D1'},{'D3'},{'R1'},{'D2'},{'D5'},{'D7'},,,&,1.0,&
{'R2'},{'R3'},{'D1'},{'D3'},{'R1'},{'D2'},{'D5'},{'D7'},{'D4'},,&,1.0,&
{'R2'},{'R3'},{'D1'},{'D3'},{'R1'},{'D2'},{'D6'},{'D5'},,,&,1.0,&
{'R2'},{'R3'},{'D1'},{'D3'},{'R1'},{'D2'},{'D4'},{'D5'},,,&,1.0,&
{'R2'},{'R3'},{'D1'},{'D3'},{'D5'},,,,,,&,1.0,&
{'R2'},{'R3'},{'D1'},{'D3'},{'D5'},{'D2'},{'D7'},{'D4'},{'D6'},{'R1'},&,1.0,&
{'R2'},{'R3'},{'D1'},{'D4'},,,,,,,&,1.0,&
{'R2'},{'R3'},{'D1'},{'D4'},{'D6'},{'D3'},{'R1'},,,,&,1.0,&
{'R2'},{'R3'},{'D1'},{'D4'},{'R1'},{'D3'},{'D2'},{'D6'},,,&,1.0,&
{'R2'},{'R3'},{'D1'},{'D7'},{'D2'},{'D3'},,,,,&,1.0,&
{'R2'},{'R3'},{'D1'},{'D7'},{'D2'},{'R1'},,,,,&,1.0,&
{'R2'},{'R3'},{'D1'},{'D7'},{'D2'},{'R1'},{'D3'},,,,&,1.0,&
{'R2'},{'R3'},{'D1'},{'D7'},{'D3'},{'R1'},{'D2'},{'D6'},{'D5'},,&,1.0,&
{'R2'},{'R3'},{'D1'},{'D7'},{'R1'},{'D5'},{'D3'},,,,&,1.0,&
{'R2'},{'R3'},{'D1'},{'D7'},{'R1'},{'D5'},{'D2'},{'D3'},{'D6'},{'D4'},&,1.0,&
{'R2'},{'R3'},{'D1'},{'D7'},{'R1'},{'D6'},{'D3'},{'D2'},{'D5'},,&,1.0,&
{'R2'},{'R3'},{'D1'},{'D7'},{'D5'},{'R1'},{'D2'},{'D3'},{'D6'},{'D4'},&,1.0,&
{'R2'},{'R3'},{'D1'},{'R1'},,,,,,,&,11.0,&
{'R2'},{'R3'},{'D1'},{'R1'},{'D2'},,,,,,&,6.0,&
{'R2'},{'R3'},{'D1'},{'R1'},{'D2'},{'D7'},{'D3'},,,,&,1.0,&
{'R2'},{'R3'},{'D1'},{'R1'},{'D2'},{'D5'},,,,,&,1.0,&
{'R2'},{'R3'},{'D1'},{'R1'},{'D2'},{'D5'},{'D4'},{'D3'},,,&,1.0,&
{'R2'},{'R3'},{'D1'},{'R1'},{'D2'},{'D5'},{'D3'},,,,&,1.0,&
{'R2'},{'R3'},{'D1'},{'R1'},{'D2'},{'D6'},,,,,&,2.0,&
{'R2'},{'R3'},{'D1'},{'R1'},{'D2'},{'D6'},{'D5'},,,,&,1.0,&
{'R2'},{'R3'},{'D1'},{'R1'},{'D2'},{'D3'},,,,,&,1.0,&
{'R2'},{'R3'},{'D1'},{'R1'},{'D2'},{'D3'},{'D7'},{'D6'},,,&,1.0,&
{'R2'},{'R3'},{'D1'},{'R1'},{'D2'},{'D3'},{'D5'},,,,&,2.0,&
{'R2'},{'R3'},{'D1'},{'R1'},{'D2'},{'D3'},{'D5'},{'D6'},{'D7'},{'D4'},&,2.0,&
{'R2'},{'R3'},{'D1'},{'R1'},{'D2'},{'D3'},{'D5'},{'D7'},{'D6'},{'D4'},&,1.0,&
{'R2'},{'R3'},{'D1'},{'R1'},{'D2'},{'D3'},{'D6'},,,,&,1.0,&
{'R2'},{'R3'},{'D1'},{'R1'},{'D2'},{'D3'},{'D6'},{'D7'},,,&,1.0,&
{'R2'},{'R3'},{'D1'},{'R1'},{'D2'},{'D3'},{'D6'},{'D5'},,,&,1.0,&
{'R2'},{'R3'},{'D1'},{'R1'},{'D2'},{'D3'},{'D4'},{'D5'},{'D6'},{'D7'},&,1.0,&
{'R2'},{'R3'},{'D1'},{'R1'},{'D2'},{'D4'},,,,,&,1.0,&
{'R2'},{'R3'},{'D1'},{'R1'},{'D2'},{'D4'},{'D3'},{'D7'},{'D6'},{'D5'},&,1.0,&
{'R2'},{'R3'},{'D1'},{'R1'},{'D6'},,,,,,&,2.0,&
{'R2'},{'R3'},{'D1'},{'R1'},{'D6'},{'D2'},{'D3'},,,,&,1.0,&
{'R2'},{'R3'},{'D1'},{'R1'},{'D6'},{'D3'},{'D7'},{'D2'},,,&,2.0,&
{'R2'},{'R3'},{'D1'},{'R1'},{'D6'},{'D3'},{'D2'},{'D7'},{'D5'},{'D4'},&,1.0,&
{'R2'},{'R3'},{'D1'},{'R1'},{'D7'},{'D5'},{'D2'},{'D3'},{'D6'},,&,1.0,&
{'R2'},{'R3'},{'D1'},{'R1'},{'D7'},{'D2'},{'D3'},{'D4'},{'D6'},{'D5'},&,1.0,&
{'R2'},{'R3'},{'D1'},{'R1'},{'D7'},{'D3'},{'D5'},{'D2'},,,&,1.0,&
{'R2'},{'R3'},{'D1'},{'R1'},{'D3'},,,,,,&,6.0,&
{'R2'},{'R3'},{'D1'},{'R1'},{'D3'},{'D7'},,,,,&,1.0,&
{'R2'},{'R3'},{'D1'},{'R1'},{'D3'},{'D7'},{'D2'},{'D6'},,,&,1.0,&
{'R2'},{'R3'},{'D1'},{'R1'},{'D3'},{'D5'},{'D2'},,,,&,1.0,&
{'R2'},{'R3'},{'D1'},{'R1'},{'D3'},{'D6'},{'D5'},{'D2'},,,&,1.0,&
{'R2'},{'R3'},{'D1'},{'R1'},{'D3'},{'D2'},{'D5'},,,,&,1.0,&
{'R2'},{'R3'},{'D1'},{'R1'},{'D3'},{'D2'},{'D5'},{'D6'},{'D7'},{'D4'},&,2.0,&
{'R2'},{'R3'},{'D1'},{'R1'},{'D3'},{'D2'},{'D5'},{'D6'},{'D4'},,&,1.0,&
{'R2'},{'R3'},{'D1'},{'R1'},{'D3'},{'D2'},{'D6'},,,,&,1.0,&
{'R2'},{'R3'},{'D1'},{'R1'},{'D3'},{'D2'},{'D6'},{'D7'},,,&,1.0,&
{'R2'},{'R3'},{'D1'},{'R1'},{'D3'},{'D2'},{'D6'},{'D7'},{'D5'},,&,1.0,&
{'R2'},{'R3'},{'D1'},{'R1'},{'D5'},,,,,,&,1.0,&
{'R2'},{'R3'},{'D1'},{'R1'},{'D5'},{'D6'},{'D2'},{'D3'},,,&,1.0,&
{'R2'},{'R3'},{'D1'},{'R1'},{'D5'},{'D2'},,,,,&,1.0,&
{'R2'},{'R3'},{'D1'},{'R1'},{'D5'},{'D3'},{'D2'},{'D6'},{'D4'},{'D7'},&,1.0,&
{'R2'},{'R3'},{'D1'},{'R1'},{'D5'},{'D3'},{'D2'},{'D4'},,,&,1.0,&
{'R2'},{'R3'},{'D1'},{'R1'},{'D4'},{'D2'},,,,,&,1.0,&
{'R2'},{'R3'},{'D1'},{'R1'},{'D4'},{'D2'},{'D3'},{'D7'},,,&,1.0,&
{'R2'},{'R3'},{'D1'},{'D6'},,,,,,,&,1.0,&
{'R2'},{'R3'},{'D1'},{'D6'},{'D2'},,,,,,&,1.0,&
{'R2'},{'R3'},{'D1'},{'D6'},{'D3'},,,,,,&,1.0,&
{'R2'},{'R3'},{'D1'},{'D2'},,,,,,,&,4.0,&
{'R2'},{'R3'},{'D1'},{'D2'},{'D6'},,,,,,&,1.0,&
{'R2'},{'R3'},{'D1'},{'D2'},{'D6'},{'D7'},{'D3'},{'R1'},{'D5'},,&,1.0,&
{'R2'},{'R3'},{'D1'},{'D2'},{'D6'},{'D3'},{'R1'},{'D7'},,,&,1.0,&
{'R2'},{'R3'},{'D1'},{'D2'},{'D6'},{'R1'},{'D3'},,,,&,1.0,&
{'R2'},{'R3'},{'D1'},{'D2'},{'D6'},{'R1'},{'D3'},{'D5'},,,&,1.0,&
{'R2'},{'R3'},{'D1'},{'D2'},{'D7'},{'D3'},{'D5'},,,,&,1.0,&
{'R2'},{'R3'},{'D1'},{'D2'},{'D7'},{'D3'},{'R1'},,,,&,1.0,&
{'R2'},{'R3'},{'D1'},{'D2'},{'D3'},,,,,,&,4.0,&
{'R2'},{'R3'},{'D1'},{'D2'},{'D3'},{'D7'},,,,,&,1.0,&
{'R2'},{'R3'},{'D1'},{'D2'},{'D3'},{'D7'},{'R1'},,,,&,1.0,&
{'R2'},{'R3'},{'D1'},{'D2'},{'D3'},{'D7'},{'D4'},{'D5'},{'D6'},{'R1'},&,1.0,&
{'R2'},{'R3'},{'D1'},{'D2'},{'D3'},{'D5'},{'R1'},{'D7'},{'D6'},{'D4'},&,1.0,&
{'R2'},{'R3'},{'D1'},{'D2'},{'D3'},{'D6'},,,,,&,2.0,&
{'R2'},{'R3'},{'D1'},{'D2'},{'D3'},{'D6'},{'D7'},{'D5'},{'R1'},,&,1.0,&
{'R2'},{'R3'},{'D1'},{'D2'},{'D3'},{'D6'},{'D7'},{'R1'},{'D4'},{'D5'},&,1.0,&
{'R2'},{'R3'},{'D1'},{'D2'},{'D3'},{'D6'},{'R1'},,,,&,1.0,&
{'R2'},{'R3'},{'D1'},{'D2'},{'D3'},{'R1'},{'D7'},{'D5'},{'D6'},,&,1.0,&
{'R2'},{'R3'},{'D1'},{'D2'},{'D3'},{'R1'},{'D5'},,,,&,1.0,&
{'R2'},{'R3'},{'D1'},{'D2'},{'D3'},{'R1'},{'D6'},,,,&,1.0,&
{'R2'},{'R3'},{'D1'},{'D2'},{'D3'},{'R1'},{'D6'},{'D7'},,,&,1.0,&
{'R2'},{'R3'},{'D1'},{'D2'},{'D3'},{'R1'},{'D6'},{'D7'},{'D5'},{'D4'},&,1.0,&
{'R2'},{'R3'},{'D1'},{'D2'},{'R1'},,,,,,&,3.0,&
{'R2'},{'R3'},{'D1'},{'D2'},{'R1'},{'D6'},{'D5'},{'D3'},{'D7'},{'D4'},&,1.0,&
{'R2'},{'R3'},{'D1'},{'D2'},{'R1'},{'D6'},{'D3'},,,,&,2.0,&
{'R2'},{'R3'},{'D1'},{'D2'},{'R1'},{'D3'},,,,,&,1.0,&
{'R2'},{'R3'},{'D1'},{'D2'},{'R1'},{'D3'},{'D7'},,,,&,2.0,&
{'R2'},{'R3'},{'D1'},{'D2'},{'R1'},{'D3'},{'D7'},{'D4'},,,&,1.0,&
{'R2'},{'R3'},{'D1'},{'D2'},{'R1'},{'D3'},{'D5'},{'D7'},{'D6'},{'D4'},&,1.0,&
{'R2'},{'R3'},{'D1'},{'D2'},{'R1'},{'D3'},{'D6'},,,,&,1.0,&
{'R2'},{'R3'},{'D1'},{'D2'},{'R1'},{'D3'},{'D6'},{'D5'},{'D7'},,&,1.0,&
{'R2'},{'R3'},{'D1'},{'D2'},{'R1'},{'D4'},{'D5'},,,,&,1.0,&
{'R2'},{'R3'},{'D1'},{'D2'},{'D5'},{'D3'},{'D6'},,,,&,1.0,&
{'R2'},{'R3'},{'D1'},{'D2'},{'D5'},{'R1'},,,,,&,1.0,&
{'R2'},{'R3'},{'D1'},{'D2'},{'D4'},,,,,,&,1.0,&
{'R2'},{'R3'},{'D7'},,,,,,,,&,8.0,&
{'R2'},{'R3'},{'D7'},{'D1'},{'D2'},{'D3'},{'D6'},{'D5'},{'D4'},,&,1.0,&
{'R2'},{'R3'},{'D7'},{'D1'},{'D2'},{'R1'},,,,,&,1.0,&
{'R2'},{'R3'},{'D7'},{'D1'},{'R1'},{'D2'},{'D3'},{'D6'},{'D5'},,&,1.0,&
{'R2'},{'R3'},{'D7'},{'D3'},,,,,,,&,1.0,&
{'R2'},{'R3'},{'D7'},{'D3'},{'D2'},{'D5'},,,,,&,1.0,&
{'R2'},{'R3'},{'D7'},{'D3'},{'D2'},{'D5'},{'R1'},{'D1'},,,&,1.0,&
{'R2'},{'R3'},{'D7'},{'D3'},{'D2'},{'R1'},{'D1'},,,,&,1.0,&
{'R2'},{'R3'},{'D7'},{'D3'},{'D2'},{'R1'},{'D1'},{'D4'},{'D6'},,&,1.0,&
{'R2'},{'R3'},{'D7'},{'D3'},{'D1'},{'D2'},{'R1'},{'D6'},,,&,1.0,&
{'R2'},{'R3'},{'D7'},{'D3'},{'D1'},{'D2'},{'R1'},{'D6'},{'D5'},{'D4'},&,1.0,&
{'R2'},{'R3'},{'D7'},{'D3'},{'D1'},{'D2'},{'D6'},,,,&,1.0,&
{'R2'},{'R3'},{'D7'},{'R1'},,,,,,,&,3.0,&
{'R2'},{'R3'},{'D7'},{'R1'},{'D2'},{'D1'},{'D3'},,,,&,1.0,&
{'R2'},{'R3'},{'D7'},{'R1'},{'D2'},{'D1'},{'D3'},{'D6'},,,&,1.0,&
{'R2'},{'R3'},{'D7'},{'R1'},{'D2'},{'D1'},{'D3'},{'D6'},{'D5'},{'D4'},&,1.0,&
{'R2'},{'R3'},{'D7'},{'R1'},{'D2'},{'D3'},,,,,&,1.0,&
{'R2'},{'R3'},{'D7'},{'R1'},{'D3'},{'D1'},{'D2'},{'D6'},{'D4'},,&,1.0,&
{'R2'},{'R3'},{'D7'},{'R1'},{'D3'},{'D2'},{'D4'},{'D1'},,,&,1.0,&
{'R2'},{'R3'},{'D7'},{'R1'},{'D1'},{'D3'},{'D2'},,,,&,1.0,&
{'R2'},{'R3'},{'D7'},{'D6'},{'R1'},{'D5'},,,,,&,1.0,&
{'R2'},{'R3'},{'D7'},{'D2'},{'D3'},,,,,,&,1.0,&
{'R2'},{'R3'},{'D7'},{'D2'},{'R1'},{'D6'},,,,,&,1.0,&
{'R2'},{'R3'},{'D7'},{'D2'},{'D1'},{'D3'},{'D6'},{'D5'},{'D4'},,&,1.0,&
{'R2'},{'R3'},{'D7'},{'D2'},{'D1'},{'R1'},{'D3'},{'D6'},{'D5'},,&,1.0,&
{'R2'},{'R3'},{'D2'},,,,,,,,&,65.0,&
{'R2'},{'R3'},{'D2'},{'D1'},,,,,,,&,9.0,&
{'R2'},{'R3'},{'D2'},{'D1'},{'D6'},,,,,,&,1.0,&
{'R2'},{'R3'},{'D2'},{'D1'},{'D6'},{'D7'},,,,,&,1.0,&
{'R2'},{'R3'},{'D2'},{'D1'},{'D6'},{'D3'},{'D7'},{'R1'},{'D4'},{'D5'},&,1.0,&
{'R2'},{'R3'},{'D2'},{'D1'},{'D6'},{'D3'},{'D5'},{'D4'},{'R1'},{'D7'},&,1.0,&
{'R2'},{'R3'},{'D2'},{'D1'},{'D6'},{'R1'},,,,,&,1.0,&
{'R2'},{'R3'},{'D2'},{'D1'},{'D6'},{'R1'},{'D5'},{'D3'},{'D7'},,&,1.0,&
{'R2'},{'R3'},{'D2'},{'D1'},{'D6'},{'D4'},{'R1'},{'D3'},,,&,1.0,&
{'R2'},{'R3'},{'D2'},{'D1'},{'D7'},{'D6'},,,,,&,1.0,&
{'R2'},{'R3'},{'D2'},{'D1'},{'D7'},{'D3'},,,,,&,1.0,&
{'R2'},{'R3'},{'D2'},{'D1'},{'D7'},{'D4'},{'D6'},,,,&,1.0,&
{'R2'},{'R3'},{'D2'},{'D1'},{'D3'},,,,,,&,3.0,&
{'R2'},{'R3'},{'D2'},{'D1'},{'D3'},{'D7'},{'R1'},,,,&,1.0,&
{'R2'},{'R3'},{'D2'},{'D1'},{'D3'},{'D7'},{'R1'},{'D6'},,,&,1.0,&
{'R2'},{'R3'},{'D2'},{'D1'},{'D3'},{'D7'},{'R1'},{'D5'},{'D6'},{'D4'},&,1.0,&
{'R2'},{'R3'},{'D2'},{'D1'},{'D3'},{'D7'},{'D6'},,,,&,1.0,&
{'R2'},{'R3'},{'D2'},{'D1'},{'D3'},{'D5'},{'D7'},{'D6'},{'R1'},,&,1.0,&
{'R2'},{'R3'},{'D2'},{'D1'},{'D3'},{'D6'},,,,,&,1.0,&
{'R2'},{'R3'},{'D2'},{'D1'},{'D3'},{'D6'},{'D7'},,,,&,1.0,&
{'R2'},{'R3'},{'D2'},{'D1'},{'D3'},{'D6'},{'D7'},{'R1'},{'D5'},{'D4'},&,1.0,&
{'R2'},{'R3'},{'D2'},{'D1'},{'D3'},{'D6'},{'D5'},,,,&,1.0,&
{'R2'},{'R3'},{'D2'},{'D1'},{'D3'},{'D6'},{'D5'},{'D4'},{'R1'},{'D7'},&,1.0,&
{'R2'},{'R3'},{'D2'},{'D1'},{'D3'},{'D6'},{'D5'},{'D7'},{'R1'},,&,1.0,&
{'R2'},{'R3'},{'D2'},{'D1'},{'D3'},{'R1'},,,,,&,2.0,&
{'R2'},{'R3'},{'D2'},{'D1'},{'D3'},{'R1'},{'D7'},,,,&,1.0,&
{'R2'},{'R3'},{'D2'},{'D1'},{'D3'},{'R1'},{'D5'},{'D4'},{'D6'},{'D7'},&,1.0,&
{'R2'},{'R3'},{'D2'},{'D1'},{'R1'},,,,,,&,5.0,&
{'R2'},{'R3'},{'D2'},{'D1'},{'R1'},{'D7'},,,,,&,1.0,&
{'R2'},{'R3'},{'D2'},{'D1'},{'R1'},{'D7'},{'D3'},{'D5'},{'D4'},{'D6'},&,1.0,&
{'R2'},{'R3'},{'D2'},{'D1'},{'R1'},{'D5'},,,,,&,1.0,&
{'R2'},{'R3'},{'D2'},{'D1'},{'R1'},{'D5'},{'D6'},,,,&,1.0,&
{'R2'},{'R3'},{'D2'},{'D1'},{'R1'},{'D5'},{'D3'},{'D6'},,,&,1.0,&
{'R2'},{'R3'},{'D2'},{'D1'},{'R1'},{'D6'},,,,,&,2.0,&
{'R2'},{'R3'},{'D2'},{'D1'},{'R1'},{'D6'},{'D5'},,,,&,1.0,&
{'R2'},{'R3'},{'D2'},{'D1'},{'R1'},{'D6'},{'D5'},{'D3'},{'D7'},,&,1.0,&
{'R2'},{'R3'},{'D2'},{'D1'},{'R1'},{'D6'},{'D3'},,,,&,1.0,&
{'R2'},{'R3'},{'D2'},{'D1'},{'R1'},{'D6'},{'D3'},{'D5'},{'D7'},,&,1.0,&
{'R2'},{'R3'},{'D2'},{'D1'},{'R1'},{'D3'},,,,,&,5.0,&
{'R2'},{'R3'},{'D2'},{'D1'},{'R1'},{'D3'},{'D7'},,,,&,1.0,&
{'R2'},{'R3'},{'D2'},{'D1'},{'R1'},{'D3'},{'D5'},{'D4'},{'D7'},{'D6'},&,1.0,&
{'R2'},{'R3'},{'D2'},{'D1'},{'R1'},{'D3'},{'D6'},,,,&,2.0,&
{'R2'},{'R3'},{'D2'},{'D1'},{'R1'},{'D3'},{'D6'},{'D4'},{'D7'},{'D5'},&,1.0,&
{'R2'},{'R3'},{'D2'},{'D1'},{'R1'},{'D3'},{'D6'},{'D7'},,,&,1.0,&
{'R2'},{'R3'},{'D2'},{'D1'},{'R1'},{'D3'},{'D4'},{'D6'},{'D7'},,&,1.0,&
{'R2'},{'R3'},{'D2'},{'D1'},{'R1'},{'D4'},{'D5'},,,,&,1.0,&
{'R2'},{'R3'},{'D2'},{'D1'},{'R1'},{'D4'},{'D5'},{'D3'},,,&,1.0,&
{'R2'},{'R3'},{'D2'},{'D1'},{'D5'},,,,,,&,1.0,&
{'R2'},{'R3'},{'D2'},{'D1'},{'D5'},{'D7'},{'D3'},{'D4'},{'R1'},,&,1.0,&
{'R2'},{'R3'},{'D2'},{'D1'},{'D5'},{'D6'},{'D3'},{'D7'},,,&,1.0,&
{'R2'},{'R3'},{'D2'},{'D1'},{'D5'},{'D3'},{'R1'},{'D6'},{'D7'},{'D4'},&,1.0,&
{'R2'},{'R3'},{'D2'},{'D1'},{'D5'},{'D3'},{'D6'},{'R1'},{'D7'},{'D4'},&,1.0,&
{'R2'},{'R3'},{'D2'},{'D5'},,,,,,,&,2.0,&
{'R2'},{'R3'},{'D2'},{'D5'},{'D7'},{'D1'},{'R1'},{'D3'},,,&,1.0,&
{'R2'},{'R3'},{'D2'},{'D5'},{'D3'},{'D1'},,,,,&,1.0,&
{'R2'},{'R3'},{'D2'},{'D5'},{'D3'},{'D1'},{'R1'},{'D7'},,,&,1.0,&
{'R2'},{'R3'},{'D2'},{'D5'},{'D3'},{'R1'},,,,,&,2.0,&
{'R2'},{'R3'},{'D2'},{'D5'},{'R1'},,,,,,&,2.0,&
{'R2'},{'R3'},{'D2'},{'D5'},{'R1'},{'D1'},,,,,&,1.0,&
{'R2'},{'R3'},{'D2'},{'D5'},{'R1'},{'D3'},{'D7'},{'D1'},{'D6'},,&,1.0,&
{'R2'},{'R3'},{'D2'},{'D5'},{'R1'},{'D3'},{'D1'},{'D7'},{'D6'},,&,1.0,&
{'R2'},{'R3'},{'D2'},{'D3'},,,,,,,&,10.0,&
{'R2'},{'R3'},{'D2'},{'D3'},{'D6'},,,,,,&,1.0,&
{'R2'},{'R3'},{'D2'},{'D3'},{'D6'},{'D1'},,,,,&,1.0,&
{'R2'},{'R3'},{'D2'},{'D3'},{'D6'},{'D1'},{'D7'},{'R1'},,,&,1.0,&
{'R2'},{'R3'},{'D2'},{'D3'},{'D6'},{'D1'},{'D5'},,,,&,1.0,&
{'R2'},{'R3'},{'D2'},{'D3'},{'D6'},{'D1'},{'D5'},{'D7'},{'D4'},{'R1'},&,1.0,&
{'R2'},{'R3'},{'D2'},{'D3'},{'D6'},{'R1'},,,,,&,2.0,&
{'R2'},{'R3'},{'D2'},{'D3'},{'D6'},{'R1'},{'D1'},,,,&,1.0,&
{'R2'},{'R3'},{'D2'},{'D3'},{'D7'},{'D1'},,,,,&,1.0,&
{'R2'},{'R3'},{'D2'},{'D3'},{'D7'},{'D1'},{'D6'},,,,&,1.0,&
{'R2'},{'R3'},{'D2'},{'D3'},{'D7'},{'D1'},{'D6'},{'D5'},{'R1'},,&,1.0,&
{'R2'},{'R3'},{'D2'},{'D3'},{'D7'},{'R1'},{'D1'},{'D6'},{'D5'},{'D4'},&,1.0,&
{'R2'},{'R3'},{'D2'},{'D3'},{'R1'},,,,,,&,6.0,&
{'R2'},{'R3'},{'D2'},{'D3'},{'R1'},{'D1'},{'D7'},,,,&,1.0,&
{'R2'},{'R3'},{'D2'},{'D3'},{'R1'},{'D1'},{'D7'},{'D6'},{'D4'},,&,1.0,&
{'R2'},{'R3'},{'D2'},{'D3'},{'R1'},{'D1'},{'D5'},{'D7'},{'D6'},,&,1.0,&
{'R2'},{'R3'},{'D2'},{'D3'},{'R1'},{'D1'},{'D6'},,,,&,1.0,&
{'R2'},{'R3'},{'D2'},{'D3'},{'R1'},{'D1'},{'D6'},{'D5'},,,&,1.0,&
{'R2'},{'R3'},{'D2'},{'D3'},{'R1'},{'D1'},{'D4'},{'D5'},{'D7'},{'D6'},&,1.0,&
{'R2'},{'R3'},{'D2'},{'D3'},{'R1'},{'D7'},{'D1'},,,,&,2.0,&
{'R2'},{'R3'},{'D2'},{'D3'},{'R1'},{'D7'},{'D1'},{'D5'},,,&,1.0,&
{'R2'},{'R3'},{'D2'},{'D3'},{'R1'},{'D5'},,,,,&,1.0,&
{'R2'},{'R3'},{'D2'},{'D3'},{'R1'},{'D5'},{'D1'},{'D6'},{'D4'},{'D7'},&,1.0,&
{'R2'},{'R3'},{'D2'},{'D3'},{'R1'},{'D5'},{'D1'},{'D7'},,,&,1.0,&
{'R2'},{'R3'},{'D2'},{'D3'},{'R1'},{'D5'},{'D1'},{'D7'},{'D6'},{'D4'},&,1.0,&
{'R2'},{'R3'},{'D2'},{'D3'},{'R1'},{'D6'},,,,,&,2.0,&
{'R2'},{'R3'},{'D2'},{'D3'},{'R1'},{'D6'},{'D1'},{'D5'},{'D7'},,&,1.0,&
{'R2'},{'R3'},{'D2'},{'D3'},{'R1'},{'D6'},{'D4'},{'D1'},,,&,1.0,&
{'R2'},{'R3'},{'D2'},{'D3'},{'D1'},,,,,,&,4.0,&
{'R2'},{'R3'},{'D2'},{'D3'},{'D1'},{'D7'},,,,,&,2.0,&
{'R2'},{'R3'},{'D2'},{'D3'},{'D1'},{'D7'},{'D5'},,,,&,1.0,&
{'R2'},{'R3'},{'D2'},{'D3'},{'D1'},{'D7'},{'D6'},,,,&,1.0,&
{'R2'},{'R3'},{'D2'},{'D3'},{'D1'},{'D7'},{'D6'},{'D5'},{'R1'},{'D4'},&,1.0,&
{'R2'},{'R3'},{'D2'},{'D3'},{'D1'},{'D5'},{'D4'},{'D6'},{'D7'},,&,1.0,&
{'R2'},{'R3'},{'D2'},{'D3'},{'D1'},{'D5'},{'D4'},{'D6'},{'D7'},{'R1'},&,1.0,&
{'R2'},{'R3'},{'D2'},{'D3'},{'D1'},{'D6'},,,,,&,1.0,&
{'R2'},{'R3'},{'D2'},{'D3'},{'D1'},{'D6'},{'D5'},{'D7'},{'R1'},,&,1.0,&
{'R2'},{'R3'},{'D2'},{'D3'},{'D1'},{'D6'},{'R1'},,,,&,1.0,&
{'R2'},{'R3'},{'D2'},{'D3'},{'D1'},{'D6'},{'R1'},{'D5'},,,&,1.0,&
{'R2'},{'R3'},{'D2'},{'D3'},{'D1'},{'D6'},{'R1'},{'D5'},{'D7'},{'D4'},&,1.0,&
{'R2'},{'R3'},{'D2'},{'D3'},{'D1'},{'R1'},,,,,&,2.0,&
{'R2'},{'R3'},{'D2'},{'D3'},{'D1'},{'R1'},{'D5'},{'D7'},{'D6'},{'D4'},&,1.0,&
{'R2'},{'R3'},{'D2'},{'D3'},{'D1'},{'R1'},{'D6'},,,,&,1.0,&
{'R2'},{'R3'},{'D2'},{'D3'},{'D1'},{'R1'},{'D6'},{'D4'},,,&,1.0,&
{'R2'},{'R3'},{'D2'},{'D3'},{'D4'},{'R1'},{'D6'},{'D7'},{'D1'},,&,1.0,&
{'R2'},{'R3'},{'D2'},{'D4'},,,,,,,&,1.0,&
{'R2'},{'R3'},{'D2'},{'D4'},{'D3'},{'D1'},{'R1'},{'D6'},,,&,1.0,&
{'R2'},{'R3'},{'D2'},{'D4'},{'D1'},{'D3'},{'R1'},,,,&,1.0,&
{'R2'},{'R3'},{'D2'},{'D4'},{'D1'},{'D3'},{'D6'},{'R1'},,,&,1.0,&
{'R2'},{'R3'},{'D2'},{'D7'},{'D6'},{'R1'},,,,,&,1.0,&
{'R2'},{'R3'},{'D2'},{'D7'},{'D3'},{'D1'},{'R1'},{'D5'},{'D6'},,&,1.0,&
{'R2'},{'R3'},{'D2'},{'D7'},{'D3'},{'R1'},{'D1'},,,,&,1.0,&
{'R2'},{'R3'},{'D2'},{'D7'},{'R1'},{'D1'},{'D3'},{'D5'},{'D4'},,&,1.0,&
{'R2'},{'R3'},{'D2'},{'D7'},{'D5'},{'R1'},{'D1'},{'D3'},{'D6'},{'D4'},&,1.0,&
{'R2'},{'R3'},{'D2'},{'D7'},{'D1'},,,,,,&,1.0,&
{'R2'},{'R3'},{'D2'},{'D7'},{'D1'},{'D6'},{'R1'},,,,&,1.0,&
{'R2'},{'R3'},{'D2'},{'D7'},{'D1'},{'D3'},{'R1'},,,,&,1.0,&
{'R2'},{'R3'},{'D2'},{'D7'},{'D1'},{'D3'},{'D6'},{'D5'},{'D4'},,&,1.0,&
{'R2'},{'R3'},{'D2'},{'D7'},{'D1'},{'R1'},{'D3'},,,,&,1.0,&
{'R2'},{'R3'},{'D2'},{'R1'},,,,,,,&,22.0,&
{'R2'},{'R3'},{'D2'},{'R1'},{'D6'},,,,,,&,2.0,&
{'R2'},{'R3'},{'D2'},{'R1'},{'D6'},{'D1'},{'D3'},,,,&,1.0,&
{'R2'},{'R3'},{'D2'},{'R1'},{'D6'},{'D1'},{'D3'},{'D4'},{'D5'},{'D7'},&,1.0,&
{'R2'},{'R3'},{'D2'},{'R1'},{'D6'},{'D1'},{'D3'},{'D5'},{'D4'},{'D7'},&,1.0,&
{'R2'},{'R3'},{'D2'},{'R1'},{'D6'},{'D3'},,,,,&,1.0,&
{'R2'},{'R3'},{'D2'},{'R1'},{'D6'},{'D3'},{'D1'},{'D4'},{'D5'},{'D7'},&,1.0,&
{'R2'},{'R3'},{'D2'},{'R1'},{'D6'},{'D3'},{'D1'},{'D5'},,,&,1.0,&
{'R2'},{'R3'},{'D2'},{'R1'},{'D6'},{'D4'},{'D1'},{'D3'},,,&,1.0,&
{'R2'},{'R3'},{'D2'},{'R1'},{'D7'},{'D1'},{'D3'},{'D6'},,,&,1.0,&
{'R2'},{'R3'},{'D2'},{'R1'},{'D7'},{'D6'},{'D1'},,,,&,1.0,&
{'R2'},{'R3'},{'D2'},{'R1'},{'D3'},,,,,,&,5.0,&
{'R2'},{'R3'},{'D2'},{'R1'},{'D3'},{'D1'},,,,,&,2.0,&
{'R2'},{'R3'},{'D2'},{'R1'},{'D3'},{'D1'},{'D7'},,,,&,1.0,&
{'R2'},{'R3'},{'D2'},{'R1'},{'D3'},{'D1'},{'D5'},,,,&,1.0,&
{'R2'},{'R3'},{'D2'},{'R1'},{'D3'},{'D1'},{'D6'},,,,&,4.0,&
{'R2'},{'R3'},{'D2'},{'R1'},{'D3'},{'D1'},{'D6'},{'D5'},{'D7'},{'D4'},&,1.0,&
{'R2'},{'R3'},{'D2'},{'R1'},{'D3'},{'D1'},{'D4'},{'D7'},{'D5'},{'D6'},&,1.0,&
{'R2'},{'R3'},{'D2'},{'R1'},{'D3'},{'D7'},{'D5'},,,,&,1.0,&
{'R2'},{'R3'},{'D2'},{'R1'},{'D3'},{'D7'},{'D1'},{'D5'},,,&,2.0,&
{'R2'},{'R3'},{'D2'},{'R1'},{'D3'},{'D7'},{'D1'},{'D5'},{'D4'},{'D6'},&,1.0,&
{'R2'},{'R3'},{'D2'},{'R1'},{'D3'},{'D5'},{'D1'},,,,&,1.0,&
{'R2'},{'R3'},{'D2'},{'R1'},{'D3'},{'D6'},,,,,&,1.0,&
{'R2'},{'R3'},{'D2'},{'R1'},{'D3'},{'D6'},{'D7'},{'D1'},{'D5'},{'D4'},&,1.0,&
{'R2'},{'R3'},{'D2'},{'R1'},{'D3'},{'D6'},{'D1'},,,,&,1.0,&
{'R2'},{'R3'},{'D2'},{'R1'},{'D3'},{'D6'},{'D1'},{'D4'},{'D7'},{'D5'},&,1.0,&
{'R2'},{'R3'},{'D2'},{'R1'},{'D3'},{'D6'},{'D1'},{'D5'},{'D7'},,&,1.0,&
{'R2'},{'R3'},{'D2'},{'R1'},{'D3'},{'D6'},{'D1'},{'D5'},{'D7'},{'D4'},&,1.0,&
{'R2'},{'R3'},{'D2'},{'R1'},{'D3'},{'D6'},{'D4'},,,,&,1.0,&
{'R2'},{'R3'},{'D2'},{'R1'},{'D3'},{'D4'},{'D7'},{'D5'},,,&,1.0,&
{'R2'},{'R3'},{'D2'},{'R1'},{'D5'},{'D1'},{'D6'},,,,&,1.0,&
{'R2'},{'R3'},{'D2'},{'R1'},{'D5'},{'D1'},{'D6'},{'D7'},,,&,1.0,&
{'R2'},{'R3'},{'D2'},{'R1'},{'D5'},{'D1'},{'D6'},{'D3'},{'D7'},,&,1.0,&
{'R2'},{'R3'},{'D2'},{'R1'},{'D5'},{'D1'},{'D3'},{'D6'},{'D7'},{'D4'},&,1.0,&
{'R2'},{'R3'},{'D2'},{'R1'},{'D5'},{'D1'},{'D3'},{'D7'},{'D6'},,&,1.0,&
{'R2'},{'R3'},{'D2'},{'R1'},{'D5'},{'D3'},{'D1'},,,,&,2.0,&
{'R2'},{'R3'},{'D2'},{'R1'},{'D5'},{'D3'},{'D1'},{'D6'},{'D7'},{'D4'},&,1.0,&
{'R2'},{'R3'},{'D2'},{'R1'},{'D5'},{'D3'},{'D1'},{'D7'},{'D6'},{'D4'},&,1.0,&
{'R2'},{'R3'},{'D2'},{'R1'},{'D1'},,,,,,&,4.0,&
{'R2'},{'R3'},{'D2'},{'R1'},{'D1'},{'D5'},,,,,&,2.0,&
{'R2'},{'R3'},{'D2'},{'R1'},{'D1'},{'D5'},{'D7'},,,,&,1.0,&
{'R2'},{'R3'},{'D2'},{'R1'},{'D1'},{'D5'},{'D3'},,,,&,1.0,&
{'R2'},{'R3'},{'D2'},{'R1'},{'D1'},{'D5'},{'D3'},{'D6'},,,&,1.0,&
{'R2'},{'R3'},{'D2'},{'R1'},{'D1'},{'D6'},{'D5'},{'D3'},{'D7'},{'D4'},&,1.0,&
{'R2'},{'R3'},{'D2'},{'R1'},{'D1'},{'D6'},{'D3'},{'D5'},{'D7'},{'D4'},&,1.0,&
{'R2'},{'R3'},{'D2'},{'R1'},{'D1'},{'D3'},,,,,&,3.0,&
{'R2'},{'R3'},{'D2'},{'R1'},{'D1'},{'D3'},{'D7'},{'D5'},{'D6'},{'D4'},&,1.0,&
{'R2'},{'R3'},{'D2'},{'R1'},{'D1'},{'D3'},{'D5'},,,,&,1.0,&
{'R2'},{'R3'},{'D2'},{'R1'},{'D1'},{'D3'},{'D5'},{'D6'},{'D4'},,&,1.0,&
{'R2'},{'R3'},{'D2'},{'R1'},{'D1'},{'D3'},{'D6'},{'D7'},{'D5'},,&,1.0,&
{'R2'},{'R3'},{'D2'},{'R1'},{'D1'},{'D3'},{'D6'},{'D5'},,,&,1.0,&
{'R2'},{'R3'},{'D2'},{'R1'},{'D1'},{'D3'},{'D6'},{'D5'},{'D7'},,&,1.0,&
{'R2'},{'R3'},{'D2'},{'R1'},{'D1'},{'D3'},{'D4'},,,,&,2.0,&
{'R2'},{'R3'},{'D2'},{'R1'},{'D1'},{'D3'},{'D4'},{'D6'},,,&,1.0,&
{'R2'},{'R3'},{'D2'},{'R1'},{'D1'},{'D3'},{'D4'},{'D6'},{'D7'},{'D5'},&,1.0,&
{'R2'},{'R3'},{'D2'},{'R1'},{'D4'},{'D7'},{'D1'},{'D5'},{'D3'},,&,1.0,&
{'R2'},{'R3'},{'D2'},{'D6'},,,,,,,&,2.0,&
{'R2'},{'R3'},{'D2'},{'D6'},{'D7'},{'R1'},,,,,&,1.0,&
{'R2'},{'R3'},{'D2'},{'D6'},{'D7'},{'R1'},{'D3'},,,,&,1.0,&
{'R2'},{'R3'},{'D2'},{'D6'},{'R1'},,,,,,&,1.0,&
{'R2'},{'R3'},{'D2'},{'D6'},{'R1'},{'D1'},{'D3'},{'D4'},{'D5'},{'D7'},&,1.0,&
{'R2'},{'R3'},{'D2'},{'D6'},{'R1'},{'D3'},{'D1'},,,,&,2.0,&
{'R2'},{'R3'},{'D2'},{'D6'},{'R1'},{'D4'},,,,,&,1.0,&
{'R2'},{'R3'},{'D2'},{'D6'},{'D1'},{'D5'},{'R1'},,,,&,1.0,&
{'R2'},{'R3'},{'D2'},{'D6'},{'D1'},{'D3'},{'D7'},,,,&,1.0,&
{'R2'},{'R3'},{'D2'},{'D6'},{'D1'},{'D3'},{'R1'},{'D7'},{'D5'},{'D4'},&,1.0,&
{'R2'},{'R3'},{'D2'},{'D6'},{'D1'},{'D4'},{'D3'},,,,&,1.0,&
{'R2'},{'R3'},{'D4'},,,,,,,,&,1.0,&
{'R2'},{'R3'},{'D4'},{'D1'},,,,,,,&,1.0,&
{'R2'},{'R3'},{'D4'},{'D3'},{'D1'},{'D7'},{'R1'},{'D2'},{'D6'},,&,1.0,&
{'R2'},{'R3'},{'D4'},{'D7'},,,,,,,&,1.0,&
{'R2'},{'R3'},{'D4'},{'R1'},,,,,,,&,2.0,&
{'R2'},{'R3'},{'D4'},{'R1'},{'D2'},,,,,,&,1.0,&
{'R2'},{'R3'},{'D4'},{'R1'},{'D5'},{'D1'},{'D3'},{'D2'},,,&,1.0,&
{'R2'},{'R3'},{'D4'},{'D2'},{'R1'},,,,,,&,1.0,&
{'R2'},{'D2'},,,,,,,,,&,82.0,&
{'R2'},{'D2'},{'R1'},,,,,,,,&,9.0,&
{'R2'},{'D2'},{'R1'},{'D1'},,,,,,,&,2.0,&
{'R2'},{'D2'},{'R1'},{'D1'},{'D6'},,,,,,&,1.0,&
{'R2'},{'D2'},{'R1'},{'D1'},{'D6'},{'D3'},{'D7'},,,,&,1.0,&
{'R2'},{'D2'},{'R1'},{'D1'},{'D3'},{'D7'},,,,,&,1.0,&
{'R2'},{'D2'},{'R1'},{'D1'},{'D3'},{'D5'},{'R3'},{'D7'},,,&,1.0,&
{'R2'},{'D2'},{'R1'},{'D1'},{'D3'},{'R3'},,,,,&,2.0,&
{'R2'},{'D2'},{'R1'},{'D1'},{'D3'},{'R3'},{'D7'},{'D4'},,,&,1.0,&
{'R2'},{'D2'},{'R1'},{'D1'},{'D5'},{'R3'},,,,,&,1.0,&
{'R2'},{'D2'},{'R1'},{'D1'},{'D5'},{'D3'},{'R3'},{'D7'},{'D6'},{'D4'},&,1.0,&
{'R2'},{'D2'},{'R1'},{'D1'},{'R3'},,,,,,&,2.0,&
{'R2'},{'D2'},{'R1'},{'D1'},{'R3'},{'D3'},,,,,&,1.0,&
{'R2'},{'D2'},{'R1'},{'D1'},{'R3'},{'D3'},{'D6'},{'D5'},{'D7'},,&,1.0,&
{'R2'},{'D2'},{'R1'},{'D5'},{'R3'},{'D3'},{'D1'},{'D4'},{'D6'},,&,1.0,&
{'R2'},{'D2'},{'R1'},{'D5'},{'D1'},{'D3'},{'R3'},{'D6'},{'D7'},{'D4'},&,1.0,&
{'R2'},{'D2'},{'R1'},{'D3'},,,,,,,&,1.0,&
{'R2'},{'D2'},{'R1'},{'D3'},{'D6'},{'D5'},,,,,&,1.0,&
{'R2'},{'D2'},{'R1'},{'D3'},{'D6'},{'D5'},{'D1'},,,,&,1.0,&
{'R2'},{'D2'},{'R1'},{'D3'},{'D5'},{'R3'},,,,,&,1.0,&
{'R2'},{'D2'},{'R1'},{'D3'},{'R3'},{'D1'},,,,,&,2.0,&
{'R2'},{'D2'},{'R1'},{'D3'},{'R3'},{'D1'},{'D6'},{'D7'},{'D5'},{'D4'},&,1.0,&
{'R2'},{'D2'},{'R1'},{'D3'},{'D1'},{'D5'},{'D7'},,,,&,1.0,&
{'R2'},{'D2'},{'R1'},{'D3'},{'D1'},{'R3'},,,,,&,1.0,&
{'R2'},{'D2'},{'R1'},{'D3'},{'D1'},{'R3'},{'D7'},{'D6'},{'D5'},,&,1.0,&
{'R2'},{'D2'},{'R1'},{'D3'},{'D1'},{'R3'},{'D6'},{'D5'},,,&,1.0,&
{'R2'},{'D2'},{'R1'},{'D4'},,,,,,,&,1.0,&
{'R2'},{'D2'},{'R1'},{'D4'},{'D1'},{'D5'},{'R3'},{'D3'},{'D6'},,&,1.0,&
{'R2'},{'D2'},{'R1'},{'D7'},{'D3'},{'R3'},{'D1'},,,,&,1.0,&
{'R2'},{'D2'},{'R1'},{'D7'},{'D1'},{'D5'},{'D3'},{'D4'},{'D6'},{'R3'},&,1.0,&
{'R2'},{'D2'},{'R1'},{'R3'},,,,,,,&,3.0,&
{'R2'},{'D2'},{'R1'},{'R3'},{'D6'},{'D3'},{'D1'},{'D5'},{'D7'},,&,1.0,&
{'R2'},{'D2'},{'R1'},{'R3'},{'D7'},{'D6'},,,,,&,1.0,&
{'R2'},{'D2'},{'R1'},{'R3'},{'D3'},,,,,,&,2.0,&
{'R2'},{'D2'},{'R1'},{'R3'},{'D3'},{'D6'},{'D1'},{'D5'},{'D4'},{'D7'},&,1.0,&
{'R2'},{'D2'},{'R1'},{'R3'},{'D1'},{'D7'},{'D5'},{'D3'},{'D4'},,&,1.0,&
{'R2'},{'D2'},{'R1'},{'R3'},{'D1'},{'D7'},{'D6'},,,,&,1.0,&
{'R2'},{'D2'},{'R1'},{'R3'},{'D1'},{'D6'},{'D3'},,,,&,3.0,&
{'R2'},{'D2'},{'R1'},{'R3'},{'D1'},{'D3'},,,,,&,1.0,&
{'R2'},{'D2'},{'R1'},{'R3'},{'D1'},{'D3'},{'D7'},{'D5'},,,&,1.0,&
{'R2'},{'D2'},{'R1'},{'D6'},{'R3'},{'D1'},{'D5'},{'D3'},{'D7'},,&,1.0,&
{'R2'},{'D2'},{'R1'},{'D6'},{'R3'},{'D3'},,,,,&,1.0,&
{'R2'},{'D2'},{'D6'},,,,,,,,&,7.0,&
{'R2'},{'D2'},{'D6'},{'D1'},,,,,,,&,1.0,&
{'R2'},{'D2'},{'D6'},{'D1'},{'D3'},,,,,,&,1.0,&
{'R2'},{'D2'},{'D6'},{'D1'},{'D3'},{'R3'},,,,,&,1.0,&
{'R2'},{'D2'},{'D6'},{'D1'},{'D3'},{'D4'},{'D5'},{'D7'},{'R1'},,&,1.0,&
{'R2'},{'D2'},{'D6'},{'D1'},{'R1'},,,,,,&,1.0,&
{'R2'},{'D2'},{'D6'},{'D1'},{'R1'},{'R3'},,,,,&,1.0,&
{'R2'},{'D2'},{'D6'},{'D1'},{'R1'},{'R3'},{'D5'},{'D3'},{'D7'},{'D4'},&,1.0,&
{'R2'},{'D2'},{'D6'},{'D1'},{'R3'},{'D3'},{'D5'},,,,&,1.0,&
{'R2'},{'D2'},{'D6'},{'D1'},{'R3'},{'R1'},{'D3'},{'D7'},{'D5'},{'D4'},&,1.0,&
{'R2'},{'D2'},{'D6'},{'D5'},{'R3'},{'D1'},{'R1'},{'D3'},,,&,1.0,&
{'R2'},{'D2'},{'D6'},{'D5'},{'D4'},{'R3'},{'R1'},{'D1'},{'D3'},{'D7'},&,1.0,&
{'R2'},{'D2'},{'D6'},{'D3'},{'R1'},,,,,,&,1.0,&
{'R2'},{'D2'},{'D6'},{'D3'},{'R3'},{'R1'},,,,,&,1.0,&
{'R2'},{'D2'},{'D6'},{'D3'},{'R3'},{'R1'},{'D5'},{'D1'},,,&,1.0,&
{'R2'},{'D2'},{'D6'},{'D3'},{'D1'},,,,,,&,1.0,&
{'R2'},{'D2'},{'D6'},{'D3'},{'D1'},{'D7'},{'D5'},{'R3'},{'D4'},{'R1'},&,1.0,&
{'R2'},{'D2'},{'D6'},{'D3'},{'D1'},{'D5'},{'D7'},{'D4'},{'R3'},,&,1.0,&
{'R2'},{'D2'},{'D6'},{'D3'},{'D1'},{'R3'},,,,,&,2.0,&
{'R2'},{'D2'},{'D6'},{'D4'},{'D5'},{'D1'},{'D3'},{'R3'},{'R1'},{'D7'},&,1.0,&
{'R2'},{'D2'},{'D6'},{'D4'},{'R3'},{'D7'},{'R1'},{'D1'},{'D3'},,&,1.0,&
{'R2'},{'D2'},{'D6'},{'D4'},{'D1'},{'R3'},{'R1'},{'D3'},,,&,1.0,&
{'R2'},{'D2'},{'D6'},{'D7'},{'D1'},{'R3'},{'R1'},{'D4'},{'D3'},{'D5'},&,1.0,&
{'R2'},{'D2'},{'D6'},{'R1'},,,,,,,&,1.0,&
{'R2'},{'D2'},{'D6'},{'R1'},{'D3'},{'D5'},{'D1'},{'D4'},{'D7'},{'R3'},&,1.0,&
{'R2'},{'D2'},{'D6'},{'R1'},{'R3'},{'D3'},,,,,&,1.0,&
{'R2'},{'D2'},{'D6'},{'R3'},,,,,,,&,4.0,&
{'R2'},{'D2'},{'D6'},{'R3'},{'D3'},{'D1'},,,,,&,1.0,&
{'R2'},{'D2'},{'D6'},{'R3'},{'D3'},{'D1'},{'D7'},,,,&,1.0,&
{'R2'},{'D2'},{'D6'},{'R3'},{'D3'},{'D7'},{'D1'},{'R1'},,,&,1.0,&
{'R2'},{'D2'},{'D6'},{'R3'},{'D3'},{'R1'},{'D7'},,,,&,1.0,&
{'R2'},{'D2'},{'D6'},{'R3'},{'D3'},{'R1'},{'D5'},{'D1'},{'D7'},,&,1.0,&
{'R2'},{'D2'},{'D6'},{'R3'},{'D3'},{'R1'},{'D1'},{'D7'},,,&,1.0,&
{'R2'},{'D2'},{'D6'},{'R3'},{'R1'},,,,,,&,1.0,&
{'R2'},{'D2'},{'D6'},{'R3'},{'R1'},{'D1'},,,,,&,1.0,&
{'R2'},{'D2'},{'D6'},{'R3'},{'D1'},,,,,,&,1.0,&
{'R2'},{'D2'},{'D6'},{'R3'},{'D1'},{'R1'},{'D3'},{'D7'},{'D4'},,&,1.0,&
{'R2'},{'D2'},{'D3'},,,,,,,,&,33.0,&
{'R2'},{'D2'},{'D3'},{'D1'},,,,,,,&,11.0,&
{'R2'},{'D2'},{'D3'},{'D1'},{'D6'},{'D7'},{'D5'},{'D4'},{'R1'},{'R3'},&,1.0,&
{'R2'},{'D2'},{'D3'},{'D1'},{'D6'},{'D5'},,,,,&,1.0,&
{'R2'},{'D2'},{'D3'},{'D1'},{'D6'},{'D5'},{'R3'},{'D7'},,,&,1.0,&
{'R2'},{'D2'},{'D3'},{'D1'},{'D6'},{'R3'},,,,,&,2.0,&
{'R2'},{'D2'},{'D3'},{'D1'},{'D6'},{'R3'},{'D7'},,,,&,1.0,&
{'R2'},{'D2'},{'D3'},{'D1'},{'D6'},{'R1'},{'R3'},{'D4'},{'D5'},,&,1.0,&
{'R2'},{'D2'},{'D3'},{'D1'},{'D6'},{'R1'},{'D5'},,,,&,1.0,&
{'R2'},{'D2'},{'D3'},{'D1'},{'D7'},,,,,,&,1.0,&
{'R2'},{'D2'},{'D3'},{'D1'},{'D7'},{'D5'},{'R1'},{'R3'},{'D6'},{'D4'},&,1.0,&
{'R2'},{'D2'},{'D3'},{'D1'},{'D7'},{'D6'},{'D4'},,,,&,1.0,&
{'R2'},{'D2'},{'D3'},{'D1'},{'D7'},{'R3'},{'R1'},{'D6'},,,&,1.0,&
{'R2'},{'D2'},{'D3'},{'D1'},{'D7'},{'R3'},{'R1'},{'D5'},{'D6'},{'D4'},&,1.0,&
{'R2'},{'D2'},{'D3'},{'D1'},{'R1'},{'D7'},{'R3'},{'D5'},{'D4'},,&,1.0,&
{'R2'},{'D2'},{'D3'},{'D1'},{'R1'},{'D5'},{'D7'},,,,&,1.0,&
{'R2'},{'D2'},{'D3'},{'D1'},{'R1'},{'R3'},,,,,&,1.0,&
{'R2'},{'D2'},{'D3'},{'D1'},{'D5'},{'D7'},{'R3'},{'R1'},{'D6'},,&,1.0,&
{'R2'},{'D2'},{'D3'},{'D1'},{'D5'},{'D6'},,,,,&,2.0,&
{'R2'},{'D2'},{'D3'},{'D1'},{'D5'},{'D6'},{'D7'},,,,&,1.0,&
{'R2'},{'D2'},{'D3'},{'D1'},{'D5'},{'D6'},{'D7'},{'R1'},,,&,1.0,&
{'R2'},{'D2'},{'D3'},{'D1'},{'D5'},{'D6'},{'R3'},{'D7'},{'D4'},,&,1.0,&
{'R2'},{'D2'},{'D3'},{'D1'},{'D5'},{'D6'},{'R1'},{'D7'},{'R3'},{'D4'},&,1.0,&
{'R2'},{'D2'},{'D3'},{'D1'},{'D5'},{'R3'},,,,,&,1.0,&
{'R2'},{'D2'},{'D3'},{'D1'},{'D5'},{'R3'},{'D7'},{'D4'},{'R1'},{'D6'},&,1.0,&
{'R2'},{'D2'},{'D3'},{'D1'},{'D5'},{'R3'},{'D6'},,,,&,1.0,&
{'R2'},{'D2'},{'D3'},{'D1'},{'D5'},{'R1'},,,,,&,1.0,&
{'R2'},{'D2'},{'D3'},{'D1'},{'D5'},{'D4'},{'R3'},{'D7'},{'R1'},,&,1.0,&
{'R2'},{'D2'},{'D3'},{'D1'},{'R3'},,,,,,&,3.0,&
{'R2'},{'D2'},{'D3'},{'D1'},{'R3'},{'D7'},,,,,&,1.0,&
{'R2'},{'D2'},{'D3'},{'D1'},{'R3'},{'D5'},{'D7'},,,,&,1.0,&
{'R2'},{'D2'},{'D3'},{'D1'},{'R3'},{'D5'},{'D6'},{'D4'},{'D7'},{'R1'},&,1.0,&
{'R2'},{'D2'},{'D3'},{'D1'},{'R3'},{'D5'},{'D6'},{'D7'},{'R1'},,&,1.0,&
{'R2'},{'D2'},{'D3'},{'D1'},{'R3'},{'D6'},{'D5'},,,,&,1.0,&
{'R2'},{'D2'},{'D3'},{'D1'},{'R3'},{'D6'},{'D5'},{'D7'},{'D4'},,&,1.0,&
{'R2'},{'D2'},{'D3'},{'D1'},{'R3'},{'D6'},{'R1'},{'D5'},{'D7'},{'D4'},&,1.0,&
{'R2'},{'D2'},{'D3'},{'D1'},{'R3'},{'R1'},{'D7'},{'D6'},{'D5'},,&,1.0,&
{'R2'},{'D2'},{'D3'},{'D1'},{'R3'},{'R1'},{'D7'},{'D6'},{'D5'},{'D4'},&,1.0,&
{'R2'},{'D2'},{'D3'},{'D1'},{'R3'},{'R1'},{'D5'},,,,&,1.0,&
{'R2'},{'D2'},{'D3'},{'D1'},{'R3'},{'R1'},{'D5'},{'D7'},{'D6'},,&,1.0,&
{'R2'},{'D2'},{'D3'},{'D1'},{'R3'},{'R1'},{'D6'},{'D5'},{'D4'},{'D7'},&,1.0,&
{'R2'},{'D2'},{'D3'},{'D5'},,,,,,,&,1.0,&
{'R2'},{'D2'},{'D3'},{'D5'},{'R3'},{'D1'},{'R1'},{'D6'},{'D4'},,&,1.0,&
{'R2'},{'D2'},{'D3'},{'D5'},{'R3'},{'D1'},{'D4'},,,,&,1.0,&
{'R2'},{'D2'},{'D3'},{'D5'},{'R3'},{'R1'},{'D6'},,,,&,1.0,&
{'R2'},{'D2'},{'D3'},{'D5'},{'R3'},{'R1'},{'D4'},{'D1'},,,&,1.0,&
{'R2'},{'D2'},{'D3'},{'D5'},{'D1'},,,,,,&,1.0,&
{'R2'},{'D2'},{'D3'},{'D5'},{'D1'},{'D7'},{'R1'},,,,&,1.0,&
{'R2'},{'D2'},{'D3'},{'D5'},{'D1'},{'D7'},{'D6'},{'D4'},{'R1'},,&,1.0,&
{'R2'},{'D2'},{'D3'},{'D5'},{'D1'},{'D6'},{'D7'},{'D4'},{'R1'},,&,1.0,&
{'R2'},{'D2'},{'D3'},{'D5'},{'D1'},{'R3'},,,,,&,1.0,&
{'R2'},{'D2'},{'D3'},{'D4'},{'D6'},{'D5'},{'D1'},{'R3'},{'R1'},{'D7'},&,1.0,&
{'R2'},{'D2'},{'D3'},{'D4'},{'R3'},,,,,,&,1.0,&
{'R2'},{'D2'},{'D3'},{'D4'},{'R3'},{'R1'},{'D1'},{'D6'},{'D7'},{'D5'},&,1.0,&
{'R2'},{'D2'},{'D3'},{'D4'},{'D1'},{'D7'},{'D6'},{'D5'},{'R3'},,&,1.0,&
{'R2'},{'D2'},{'D3'},{'D4'},{'D1'},{'D5'},{'D7'},{'R1'},{'D6'},,&,1.0,&
{'R2'},{'D2'},{'D3'},{'D7'},,,,,,,&,1.0,&
{'R2'},{'D2'},{'D3'},{'D7'},{'D5'},{'D1'},{'R3'},{'D6'},{'R1'},,&,1.0,&
{'R2'},{'D2'},{'D3'},{'D7'},{'R3'},,,,,,&,1.0,&
{'R2'},{'D2'},{'D3'},{'D7'},{'R3'},{'D1'},{'R1'},{'D5'},{'D6'},{'D4'},&,1.0,&
{'R2'},{'D2'},{'D3'},{'D7'},{'D1'},,,,,,&,1.0,&
{'R2'},{'D2'},{'D3'},{'D7'},{'D1'},{'D5'},,,,,&,1.0,&
{'R2'},{'D2'},{'D3'},{'D7'},{'D1'},{'D5'},{'D6'},{'R3'},{'R1'},{'D4'},&,1.0,&
{'R2'},{'D2'},{'D3'},{'D7'},{'D1'},{'R3'},{'R1'},{'D6'},,,&,1.0,&
{'R2'},{'D2'},{'D3'},{'R1'},,,,,,,&,1.0,&
{'R2'},{'D2'},{'D3'},{'R1'},{'D6'},{'D1'},{'D5'},{'D4'},,,&,1.0,&
{'R2'},{'D2'},{'D3'},{'R1'},{'R3'},,,,,,&,1.0,&
{'R2'},{'D2'},{'D3'},{'R1'},{'R3'},{'D1'},{'D5'},,,,&,1.0,&
{'R2'},{'D2'},{'D3'},{'R1'},{'R3'},{'D1'},{'D4'},,,,&,1.0,&
{'R2'},{'D2'},{'D3'},{'R1'},{'R3'},{'D7'},{'D1'},{'D6'},,,&,1.0,&
{'R2'},{'D2'},{'D3'},{'R1'},{'R3'},{'D7'},{'D4'},,,,&,1.0,&
{'R2'},{'D2'},{'D3'},{'R1'},{'R3'},{'D6'},{'D1'},,,,&,1.0,&
{'R2'},{'D2'},{'D3'},{'R1'},{'R3'},{'D6'},{'D1'},{'D7'},{'D5'},{'D4'},&,1.0,&
{'R2'},{'D2'},{'D3'},{'R1'},{'D1'},{'D6'},{'R3'},,,,&,2.0,&
{'R2'},{'D2'},{'D3'},{'R1'},{'D1'},{'R3'},,,,,&,1.0,&
{'R2'},{'D2'},{'D3'},{'R3'},,,,,,,&,4.0,&
{'R2'},{'D2'},{'D3'},{'R3'},{'D6'},,,,,,&,2.0,&
{'R2'},{'D2'},{'D3'},{'R3'},{'D6'},{'D7'},,,,,&,1.0,&
{'R2'},{'D2'},{'D3'},{'R3'},{'D6'},{'D7'},{'R1'},{'D1'},,,&,1.0,&
{'R2'},{'D2'},{'D3'},{'R3'},{'D7'},,,,,,&,1.0,&
{'R2'},{'D2'},{'D3'},{'R3'},{'D7'},{'D6'},{'R1'},{'D1'},{'D5'},{'D4'},&,1.0,&
{'R2'},{'D2'},{'D3'},{'R3'},{'D7'},{'R1'},,,,,&,1.0,&
{'R2'},{'D2'},{'D3'},{'R3'},{'D7'},{'R1'},{'D6'},,,,&,1.0,&
{'R2'},{'D2'},{'D3'},{'R3'},{'R1'},,,,,,&,5.0,&
{'R2'},{'D2'},{'D3'},{'R3'},{'R1'},{'D1'},,,,,&,2.0,&
{'R2'},{'D2'},{'D3'},{'R3'},{'R1'},{'D1'},{'D7'},,,,&,1.0,&
{'R2'},{'D2'},{'D3'},{'R3'},{'R1'},{'D1'},{'D5'},,,,&,1.0,&
{'R2'},{'D2'},{'D3'},{'R3'},{'R1'},{'D1'},{'D5'},{'D6'},{'D7'},,&,1.0,&
{'R2'},{'D2'},{'D3'},{'R3'},{'R1'},{'D1'},{'D5'},{'D7'},{'D6'},{'D4'},&,1.0,&
{'R2'},{'D2'},{'D3'},{'R3'},{'R1'},{'D1'},{'D6'},{'D4'},{'D5'},{'D7'},&,1.0,&
{'R2'},{'D2'},{'D3'},{'R3'},{'R1'},{'D1'},{'D6'},{'D5'},{'D7'},,&,1.0,&
{'R2'},{'D2'},{'D3'},{'R3'},{'R1'},{'D7'},{'D1'},{'D4'},,,&,1.0,&
{'R2'},{'D2'},{'D3'},{'R3'},{'R1'},{'D7'},{'D4'},{'D5'},{'D1'},,&,1.0,&
{'R2'},{'D2'},{'D3'},{'R3'},{'R1'},{'D5'},,,,,&,1.0,&
{'R2'},{'D2'},{'D3'},{'R3'},{'R1'},{'D5'},{'D1'},{'D6'},{'D7'},,&,1.0,&
{'R2'},{'D2'},{'D3'},{'R3'},{'R1'},{'D6'},,,,,&,1.0,&
{'R2'},{'D2'},{'D3'},{'R3'},{'D5'},{'D7'},,,,,&,1.0,&
{'R2'},{'D2'},{'D3'},{'R3'},{'D1'},,,,,,&,5.0,&
{'R2'},{'D2'},{'D3'},{'R3'},{'D1'},{'D7'},{'D5'},{'D6'},{'R1'},,&,1.0,&
{'R2'},{'D2'},{'D3'},{'R3'},{'D1'},{'D7'},{'R1'},{'D4'},{'D6'},{'D5'},&,1.0,&
{'R2'},{'D2'},{'D3'},{'R3'},{'D1'},{'D7'},{'D4'},{'D5'},{'D6'},,&,1.0,&
{'R2'},{'D2'},{'D3'},{'R3'},{'D1'},{'D6'},{'D7'},{'R1'},{'D5'},,&,1.0,&
{'R2'},{'D2'},{'D3'},{'R3'},{'D1'},{'D6'},{'D5'},{'D7'},{'D4'},,&,1.0,&
{'R2'},{'D2'},{'D3'},{'R3'},{'D1'},{'D6'},{'D4'},{'D5'},{'R1'},{'D7'},&,1.0,&
{'R2'},{'D2'},{'D3'},{'R3'},{'D1'},{'R1'},,,,,&,1.0,&
{'R2'},{'D2'},{'D3'},{'R3'},{'D1'},{'R1'},{'D7'},,,,&,1.0,&
{'R2'},{'D2'},{'D3'},{'R3'},{'D1'},{'R1'},{'D5'},,,,&,1.0,&
{'R2'},{'D2'},{'D3'},{'R3'},{'D1'},{'R1'},{'D5'},{'D7'},{'D6'},{'D4'},&,1.0,&
{'R2'},{'D2'},{'D3'},{'R3'},{'D1'},{'R1'},{'D6'},{'D5'},{'D4'},{'D7'},&,1.0,&
{'R2'},{'D2'},{'D3'},{'R3'},{'D1'},{'D4'},,,,,&,1.0,&
{'R2'},{'D2'},{'D3'},{'R3'},{'D1'},{'D4'},{'D5'},{'D6'},{'R1'},{'D7'},&,1.0,&
{'R2'},{'D2'},{'D3'},{'R3'},{'D1'},{'D4'},{'R1'},{'D5'},{'D7'},{'D6'},&,1.0,&
{'R2'},{'D2'},{'D3'},{'D6'},,,,,,,&,2.0,&
{'R2'},{'D2'},{'D3'},{'D6'},{'D7'},{'D1'},{'D5'},{'D4'},,,&,1.0,&
{'R2'},{'D2'},{'D3'},{'D6'},{'D7'},{'R3'},{'R1'},{'D1'},{'D5'},,&,1.0,&
{'R2'},{'D2'},{'D3'},{'D6'},{'D5'},{'D1'},{'R3'},{'D7'},{'D4'},,&,1.0,&
{'R2'},{'D2'},{'D3'},{'D6'},{'D5'},{'R3'},{'D1'},{'D7'},{'D4'},{'R1'},&,1.0,&
{'R2'},{'D2'},{'D3'},{'D6'},{'R3'},,,,,,&,2.0,&
{'R2'},{'D2'},{'D3'},{'D6'},{'R3'},{'D1'},{'R1'},,,,&,1.0,&
{'R2'},{'D2'},{'D3'},{'D6'},{'R3'},{'D1'},{'R1'},{'D5'},{'D7'},{'D4'},&,1.0,&
{'R2'},{'D2'},{'D3'},{'D6'},{'R3'},{'D5'},,,,,&,1.0,&
{'R2'},{'D2'},{'D3'},{'D6'},{'R3'},{'R1'},{'D1'},,,,&,1.0,&
{'R2'},{'D2'},{'D3'},{'D6'},{'R3'},{'R1'},{'D1'},{'D4'},{'D7'},{'D5'},&,1.0,&
{'R2'},{'D2'},{'D3'},{'D6'},{'D1'},,,,,,&,1.0,&
{'R2'},{'D2'},{'D3'},{'D6'},{'D1'},{'D7'},{'D5'},{'D4'},{'R3'},{'R1'},&,1.0,&
{'R2'},{'D2'},{'D3'},{'D6'},{'D1'},{'D7'},{'R1'},{'R3'},,,&,1.0,&
{'R2'},{'D2'},{'D3'},{'D6'},{'D1'},{'D5'},{'R3'},{'R1'},,,&,1.0,&
{'R2'},{'D2'},{'D3'},{'D6'},{'D1'},{'R3'},,,,,&,1.0,&
{'R2'},{'D2'},{'D3'},{'D6'},{'D1'},{'R3'},{'R1'},{'D4'},{'D5'},{'D7'},&,1.0,&
{'R2'},{'D2'},{'D3'},{'D6'},{'D1'},{'R1'},{'R3'},{'D5'},,,&,1.0,&
{'R2'},{'D2'},{'D3'},{'D6'},{'D4'},,,,,,&,1.0,&
{'R2'},{'D2'},{'D3'},{'D6'},{'D4'},{'R3'},{'R1'},,,,&,1.0,&
{'R2'},{'D2'},{'D5'},,,,,,,,&,3.0,&
{'R2'},{'D2'},{'D5'},{'D1'},,,,,,,&,2.0,&
{'R2'},{'D2'},{'D5'},{'D1'},{'D6'},{'D4'},,,,,&,1.0,&
{'R2'},{'D2'},{'D5'},{'D1'},{'D7'},,,,,,&,1.0,&
{'R2'},{'D2'},{'D5'},{'D1'},{'D3'},{'D7'},,,,,&,1.0,&
{'R2'},{'D2'},{'D5'},{'D1'},{'D3'},{'D4'},{'R3'},{'D6'},{'R1'},{'D7'},&,1.0,&
{'R2'},{'D2'},{'D5'},{'D1'},{'R3'},{'D7'},{'D3'},{'D6'},{'R1'},,&,1.0,&
{'R2'},{'D2'},{'D5'},{'D1'},{'R3'},{'R1'},,,,,&,1.0,&
{'R2'},{'D2'},{'D5'},{'D1'},{'R3'},{'R1'},{'D3'},{'D6'},{'D7'},,&,1.0,&
{'R2'},{'D2'},{'D5'},{'D3'},,,,,,,&,4.0,&
{'R2'},{'D2'},{'D5'},{'D3'},{'R1'},,,,,,&,1.0,&
{'R2'},{'D2'},{'D5'},{'D3'},{'R3'},{'R1'},,,,,&,1.0,&
{'R2'},{'D2'},{'D5'},{'D3'},{'D1'},{'D7'},{'D6'},{'R3'},{'R1'},,&,1.0,&
{'R2'},{'D2'},{'D5'},{'D3'},{'D1'},{'D6'},{'R3'},{'R1'},,,&,1.0,&
{'R2'},{'D2'},{'D5'},{'D3'},{'D1'},{'R1'},,,,,&,1.0,&
{'R2'},{'D2'},{'D5'},{'D4'},{'D3'},,,,,,&,1.0,&
{'R2'},{'D2'},{'D5'},{'D7'},{'D1'},{'R3'},{'R1'},{'D3'},{'D6'},,&,1.0,&
{'R2'},{'D2'},{'D5'},{'R1'},{'D6'},{'D3'},{'D7'},{'D1'},,,&,1.0,&
{'R2'},{'D2'},{'D5'},{'R1'},{'D3'},{'R3'},{'D1'},,,,&,1.0,&
{'R2'},{'D2'},{'D5'},{'R3'},,,,,,,&,4.0,&
{'R2'},{'D2'},{'D5'},{'R3'},{'D6'},{'D1'},{'D7'},{'D3'},{'R1'},,&,1.0,&
{'R2'},{'D2'},{'D5'},{'R3'},{'D6'},{'D3'},,,,,&,1.0,&
{'R2'},{'D2'},{'D5'},{'R3'},{'D6'},{'R1'},{'D3'},{'D7'},{'D4'},{'D1'},&,1.0,&
{'R2'},{'D2'},{'D5'},{'R3'},{'R1'},,,,,,&,3.0,&
{'R2'},{'D2'},{'D5'},{'R3'},{'R1'},{'D6'},{'D3'},{'D1'},{'D7'},{'D4'},&,1.0,&
{'R2'},{'D2'},{'D5'},{'R3'},{'R1'},{'D3'},,,,,&,2.0,&
{'R2'},{'D2'},{'D5'},{'R3'},{'R1'},{'D3'},{'D1'},{'D6'},,,&,1.0,&
{'R2'},{'D2'},{'D5'},{'R3'},{'R1'},{'D3'},{'D6'},{'D1'},{'D7'},{'D4'},&,1.0,&
{'R2'},{'D2'},{'D5'},{'R3'},{'D1'},{'R1'},{'D3'},{'D6'},,,&,2.0,&
{'R2'},{'D2'},{'D5'},{'D6'},{'D1'},{'R1'},{'D7'},{'D3'},{'D4'},{'R3'},&,1.0,&
{'R2'},{'D2'},{'D1'},,,,,,,,&,32.0,&
{'R2'},{'D2'},{'D1'},{'D5'},,,,,,,&,2.0,&
{'R2'},{'D2'},{'D1'},{'D5'},{'D6'},,,,,,&,1.0,&
{'R2'},{'D2'},{'D1'},{'D5'},{'D6'},{'D7'},,,,,&,1.0,&
{'R2'},{'D2'},{'D1'},{'D5'},{'D6'},{'R3'},,,,,&,2.0,&
{'R2'},{'D2'},{'D1'},{'D5'},{'D6'},{'D3'},{'D7'},{'R3'},,,&,1.0,&
{'R2'},{'D2'},{'D1'},{'D5'},{'D7'},{'D3'},{'D4'},{'R3'},{'D6'},{'R1'},&,1.0,&
{'R2'},{'D2'},{'D1'},{'D5'},{'D3'},{'R3'},{'D7'},{'D6'},{'R1'},,&,1.0,&
{'R2'},{'D2'},{'D1'},{'D5'},{'D3'},{'R3'},{'D7'},{'D6'},{'D4'},{'R1'},&,1.0,&
{'R2'},{'D2'},{'D1'},{'D5'},{'R3'},,,,,,&,1.0,&
{'R2'},{'D2'},{'D1'},{'D5'},{'R3'},{'D3'},{'R1'},{'D6'},{'D7'},{'D4'},&,1.0,&
{'R2'},{'D2'},{'D1'},{'D3'},,,,,,,&,10.0,&
{'R2'},{'D2'},{'D1'},{'D3'},{'D6'},,,,,,&,2.0,&
{'R2'},{'D2'},{'D1'},{'D3'},{'D6'},{'D7'},{'R3'},{'R1'},{'D5'},,&,1.0,&
{'R2'},{'D2'},{'D1'},{'D3'},{'D6'},{'D7'},{'D5'},{'R3'},{'R1'},{'D4'},&,1.0,&
{'R2'},{'D2'},{'D1'},{'D3'},{'D6'},{'D5'},{'R3'},{'D4'},,,&,1.0,&
{'R2'},{'D2'},{'D1'},{'D3'},{'D6'},{'R3'},{'R1'},,,,&,1.0,&
{'R2'},{'D2'},{'D1'},{'D3'},{'D6'},{'D4'},{'D5'},,,,&,1.0,&
{'R2'},{'D2'},{'D1'},{'D3'},{'D7'},,,,,,&,1.0,&
{'R2'},{'D2'},{'D1'},{'D3'},{'D7'},{'D5'},,,,,&,1.0,&
{'R2'},{'D2'},{'D1'},{'D3'},{'D7'},{'D6'},,,,,&,1.0,&
{'R2'},{'D2'},{'D1'},{'D3'},{'D7'},{'D6'},{'R3'},{'D5'},{'D4'},,&,1.0,&
{'R2'},{'D2'},{'D1'},{'D3'},{'D7'},{'D4'},{'D5'},{'D6'},{'R3'},,&,1.0,&
{'R2'},{'D2'},{'D1'},{'D3'},{'R1'},,,,,,&,1.0,&
{'R2'},{'D2'},{'D1'},{'D3'},{'R1'},{'D7'},{'D5'},{'D6'},{'R3'},,&,1.0,&
{'R2'},{'D2'},{'D1'},{'D3'},{'R1'},{'D6'},{'D7'},{'R3'},{'D5'},,&,1.0,&
{'R2'},{'D2'},{'D1'},{'D3'},{'R1'},{'R3'},{'D6'},,,,&,1.0,&
{'R2'},{'D2'},{'D1'},{'D3'},{'R1'},{'R3'},{'D6'},{'D4'},{'D5'},,&,1.0,&
{'R2'},{'D2'},{'D1'},{'D3'},{'D5'},,,,,,&,1.0,&
{'R2'},{'D2'},{'D1'},{'D3'},{'D5'},{'D7'},{'R3'},{'R1'},{'D6'},{'D4'},&,1.0,&
{'R2'},{'D2'},{'D1'},{'D3'},{'D5'},{'D6'},,,,,&,2.0,&
{'R2'},{'D2'},{'D1'},{'D3'},{'D5'},{'D6'},{'D4'},{'R1'},{'D7'},{'R3'},&,1.0,&
{'R2'},{'D2'},{'D1'},{'D3'},{'D5'},{'R3'},{'R1'},,,,&,1.0,&
{'R2'},{'D2'},{'D1'},{'D3'},{'D5'},{'D4'},{'R3'},,,,&,1.0,&
{'R2'},{'D2'},{'D1'},{'D3'},{'R3'},,,,,,&,5.0,&
{'R2'},{'D2'},{'D1'},{'D3'},{'R3'},{'D7'},{'D6'},,,,&,1.0,&
{'R2'},{'D2'},{'D1'},{'D3'},{'R3'},{'D7'},{'D6'},{'D5'},{'R1'},,&,1.0,&
{'R2'},{'D2'},{'D1'},{'D3'},{'R3'},{'D5'},,,,,&,1.0,&
{'R2'},{'D2'},{'D1'},{'D3'},{'R3'},{'D5'},{'D6'},{'D7'},{'D4'},,&,1.0,&
{'R2'},{'D2'},{'D1'},{'D3'},{'R3'},{'D6'},,,,,&,1.0,&
{'R2'},{'D2'},{'D1'},{'D3'},{'R3'},{'D6'},{'R1'},{'D4'},{'D5'},{'D7'},&,1.0,&
{'R2'},{'D2'},{'D1'},{'D3'},{'R3'},{'D6'},{'R1'},{'D5'},{'D7'},{'D4'},&,1.0,&
{'R2'},{'D2'},{'D1'},{'D3'},{'R3'},{'R1'},,,,,&,4.0,&
{'R2'},{'D2'},{'D1'},{'D3'},{'R3'},{'R1'},{'D7'},{'D6'},{'D5'},{'D4'},&,1.0,&
{'R2'},{'D2'},{'D1'},{'D3'},{'R3'},{'R1'},{'D5'},{'D6'},{'D7'},{'D4'},&,2.0,&
{'R2'},{'D2'},{'D1'},{'D3'},{'R3'},{'R1'},{'D6'},,,,&,1.0,&
{'R2'},{'D2'},{'D1'},{'D3'},{'R3'},{'R1'},{'D4'},,,,&,1.0,&
{'R2'},{'D2'},{'D1'},{'D3'},{'R3'},{'R1'},{'D4'},{'D5'},{'D6'},,&,1.0,&
{'R2'},{'D2'},{'D1'},{'D3'},{'R3'},{'D4'},{'D6'},{'R1'},{'D7'},,&,1.0,&
{'R2'},{'D2'},{'D1'},{'D3'},{'D4'},{'D7'},{'D5'},{'D6'},{'R3'},,&,1.0,&
{'R2'},{'D2'},{'D1'},{'D3'},{'D4'},{'D6'},{'R3'},{'D7'},{'D5'},{'R1'},&,1.0,&
{'R2'},{'D2'},{'D1'},{'D4'},,,,,,,&,2.0,&
{'R2'},{'D2'},{'D1'},{'D4'},{'D3'},,,,,,&,1.0,&
{'R2'},{'D2'},{'D1'},{'D4'},{'R1'},{'D3'},{'D7'},{'D5'},{'R3'},{'D6'},&,1.0,&
{'R2'},{'D2'},{'D1'},{'D4'},{'R3'},,,,,,&,1.0,&
{'R2'},{'D2'},{'D1'},{'D7'},,,,,,,&,3.0,&
{'R2'},{'D2'},{'D1'},{'D7'},{'D6'},{'D3'},,,,,&,1.0,&
{'R2'},{'D2'},{'D1'},{'D7'},{'D3'},{'D5'},{'D6'},,,,&,1.0,&
{'R2'},{'D2'},{'D1'},{'D7'},{'D3'},{'D6'},{'R3'},{'R1'},{'D5'},{'D4'},&,1.0,&
{'R2'},{'D2'},{'D1'},{'D7'},{'R3'},{'D6'},{'R1'},,,,&,1.0,&
{'R2'},{'D2'},{'D1'},{'D7'},{'R3'},{'D3'},{'R1'},{'D5'},,,&,1.0,&
{'R2'},{'D2'},{'D1'},{'D7'},{'R3'},{'R1'},{'D6'},,,,&,1.0,&
{'R2'},{'D2'},{'D1'},{'D7'},{'R3'},{'R1'},{'D3'},{'D6'},{'D4'},,&,1.0,&
{'R2'},{'D2'},{'D1'},{'R1'},,,,,,,&,2.0,&
{'R2'},{'D2'},{'D1'},{'R1'},{'D3'},{'D7'},,,,,&,1.0,&
{'R2'},{'D2'},{'D1'},{'R1'},{'D3'},{'D5'},{'D6'},{'D7'},,,&,1.0,&
{'R2'},{'D2'},{'D1'},{'R1'},{'D3'},{'D6'},{'R3'},{'D7'},,,&,1.0,&
{'R2'},{'D2'},{'D1'},{'R1'},{'D3'},{'R3'},,,,,&,2.0,&
{'R2'},{'D2'},{'D1'},{'R1'},{'D5'},{'D3'},{'R3'},{'D6'},{'D7'},{'D4'},&,1.0,&
{'R2'},{'D2'},{'D1'},{'R1'},{'R3'},,,,,,&,1.0,&
{'R2'},{'D2'},{'D1'},{'R1'},{'R3'},{'D7'},,,,,&,1.0,&
{'R2'},{'D2'},{'D1'},{'R1'},{'R3'},{'D3'},,,,,&,1.0,&
{'R2'},{'D2'},{'D1'},{'R1'},{'R3'},{'D3'},{'D6'},,,,&,1.0,&
{'R2'},{'D2'},{'D1'},{'R1'},{'R3'},{'D4'},{'D3'},,,,&,1.0,&
{'R2'},{'D2'},{'D1'},{'R1'},{'D4'},{'D3'},{'R3'},{'D6'},{'D5'},{'D7'},&,1.0,&
{'R2'},{'D2'},{'D1'},{'R3'},,,,,,,&,8.0,&
{'R2'},{'D2'},{'D1'},{'R3'},{'D6'},,,,,,&,1.0,&
{'R2'},{'D2'},{'D1'},{'R3'},{'D6'},{'D3'},{'R1'},,,,&,1.0,&
{'R2'},{'D2'},{'D1'},{'R3'},{'D3'},,,,,,&,3.0,&
{'R2'},{'D2'},{'D1'},{'R3'},{'D3'},{'D7'},{'D5'},,,,&,1.0,&
{'R2'},{'D2'},{'D1'},{'R3'},{'D3'},{'D7'},{'D5'},{'D6'},,,&,1.0,&
{'R2'},{'D2'},{'D1'},{'R3'},{'D3'},{'D5'},{'D7'},{'D4'},,,&,1.0,&
{'R2'},{'D2'},{'D1'},{'R3'},{'D3'},{'D5'},{'D4'},,,,&,1.0,&
{'R2'},{'D2'},{'D1'},{'R3'},{'D3'},{'D6'},{'R1'},{'D7'},{'D5'},,&,1.0,&
{'R2'},{'D2'},{'D1'},{'R3'},{'D3'},{'R1'},{'D7'},{'D4'},,,&,1.0,&
{'R2'},{'D2'},{'D1'},{'R3'},{'D3'},{'R1'},{'D5'},,,,&,1.0,&
{'R2'},{'D2'},{'D1'},{'R3'},{'D3'},{'R1'},{'D6'},,,,&,1.0,&
{'R2'},{'D2'},{'D1'},{'R3'},{'D3'},{'R1'},{'D6'},{'D4'},{'D5'},,&,1.0,&
{'R2'},{'D2'},{'D1'},{'R3'},{'D3'},{'D4'},{'R1'},{'D5'},,,&,1.0,&
{'R2'},{'D2'},{'D1'},{'R3'},{'R1'},,,,,,&,9.0,&
{'R2'},{'D2'},{'D1'},{'R3'},{'R1'},{'D7'},,,,,&,1.0,&
{'R2'},{'D2'},{'D1'},{'R3'},{'R1'},{'D7'},{'D5'},{'D3'},,,&,1.0,&
{'R2'},{'D2'},{'D1'},{'R3'},{'R1'},{'D5'},,,,,&,2.0,&
{'R2'},{'D2'},{'D1'},{'R3'},{'R1'},{'D6'},,,,,&,2.0,&
{'R2'},{'D2'},{'D1'},{'R3'},{'R1'},{'D6'},{'D3'},{'D5'},,,&,1.0,&
{'R2'},{'D2'},{'D1'},{'R3'},{'R1'},{'D3'},,,,,&,3.0,&
{'R2'},{'D2'},{'D1'},{'R3'},{'R1'},{'D3'},{'D7'},{'D4'},{'D5'},,&,1.0,&
{'R2'},{'D2'},{'D1'},{'R3'},{'R1'},{'D3'},{'D5'},,,,&,2.0,&
{'R2'},{'D2'},{'D1'},{'R3'},{'R1'},{'D3'},{'D6'},{'D4'},,,&,1.0,&
{'R2'},{'D2'},{'D1'},{'R3'},{'R1'},{'D3'},{'D6'},{'D5'},{'D7'},{'D4'},&,1.0,&
{'R2'},{'D2'},{'D1'},{'R3'},{'R1'},{'D4'},,,,,&,1.0,&
{'R2'},{'D2'},{'D1'},{'R3'},{'D5'},{'D4'},{'D3'},,,,&,1.0,&
{'R2'},{'D2'},{'D1'},{'R3'},{'D4'},{'D5'},,,,,&,1.0,&
{'R2'},{'D2'},{'D1'},{'R3'},{'D4'},{'D3'},{'D7'},{'D5'},{'R1'},{'D6'},&,1.0,&
{'R2'},{'D2'},{'D1'},{'R3'},{'D4'},{'D3'},{'R1'},,,,&,1.0,&
{'R2'},{'D2'},{'D1'},{'R3'},{'D4'},{'R1'},{'D3'},,,,&,1.0,&
{'R2'},{'D2'},{'D1'},{'D6'},,,,,,,&,2.0,&
{'R2'},{'D2'},{'D1'},{'D6'},{'D7'},{'R3'},{'R1'},{'D3'},,,&,1.0,&
{'R2'},{'D2'},{'D1'},{'D6'},{'D3'},{'D7'},{'D4'},{'D5'},,,&,1.0,&
{'R2'},{'D2'},{'D1'},{'D6'},{'D3'},{'D5'},{'R3'},,,,&,1.0,&
{'R2'},{'D2'},{'D1'},{'D6'},{'D3'},{'R3'},{'R1'},{'D7'},,,&,2.0,&
{'R2'},{'D2'},{'D1'},{'D6'},{'D5'},{'R3'},,,,,&,1.0,&
{'R2'},{'D2'},{'D1'},{'D6'},{'D5'},{'R3'},{'D3'},{'D7'},{'D4'},{'R1'},&,1.0,&
{'R2'},{'D2'},{'D1'},{'D6'},{'R3'},,,,,,&,1.0,&
{'R2'},{'D2'},{'D1'},{'D6'},{'R3'},{'D3'},{'R1'},{'D7'},{'D4'},{'D5'},&,1.0,&
{'R2'},{'D2'},{'D1'},{'D6'},{'R3'},{'R1'},,,,,&,1.0,&
{'R2'},{'D2'},{'D1'},{'D6'},{'R3'},{'R1'},{'D3'},{'D4'},{'D5'},,&,1.0,&
{'R2'},{'D2'},{'D7'},,,,,,,,&,7.0,&
{'R2'},{'D2'},{'D7'},{'D1'},{'D6'},{'D3'},{'R3'},{'R1'},{'D5'},{'D4'},&,1.0,&
{'R2'},{'D2'},{'D7'},{'D1'},{'D3'},{'D6'},{'D5'},,,,&,1.0,&
{'R2'},{'D2'},{'D7'},{'D1'},{'R1'},{'D6'},,,,,&,1.0,&
{'R2'},{'D2'},{'D7'},{'D1'},{'R3'},,,,,,&,1.0,&
{'R2'},{'D2'},{'D7'},{'D3'},,,,,,,&,1.0,&
{'R2'},{'D2'},{'D7'},{'D3'},{'R3'},,,,,,&,1.0,&
{'R2'},{'D2'},{'D7'},{'D3'},{'R3'},{'R1'},,,,,&,1.0,&
{'R2'},{'D2'},{'D7'},{'D3'},{'D1'},{'D5'},,,,,&,1.0,&
{'R2'},{'D2'},{'D7'},{'D3'},{'D1'},{'D5'},{'R3'},{'D4'},,,&,1.0,&
{'R2'},{'D2'},{'D7'},{'D3'},{'D1'},{'D6'},{'D5'},,,,&,1.0,&
{'R2'},{'D2'},{'D7'},{'D4'},{'R3'},,,,,,&,1.0,&
{'R2'},{'D2'},{'D7'},{'R1'},{'R3'},{'D3'},{'D1'},{'D5'},{'D6'},{'D4'},&,1.0,&
{'R2'},{'D2'},{'D7'},{'R3'},{'D3'},{'D1'},{'D5'},{'D6'},{'D4'},,&,1.0,&
{'R2'},{'D2'},{'D7'},{'R3'},{'R1'},{'D3'},,,,,&,1.0,&
{'R2'},{'D2'},{'D7'},{'R3'},{'R1'},{'D3'},{'D5'},{'D1'},{'D6'},{'D4'},&,1.0,&
{'R2'},{'D2'},{'D7'},{'R3'},{'D1'},,,,,,&,1.0,&
{'R2'},{'D2'},{'D7'},{'R3'},{'D1'},{'D3'},{'D5'},{'D6'},{'R1'},{'D4'},&,1.0,&
{'R2'},{'D2'},{'D7'},{'R3'},{'D1'},{'D3'},{'D6'},{'R1'},{'D5'},,&,1.0,&
{'R2'},{'D2'},{'D7'},{'D6'},{'D3'},{'R3'},{'D1'},{'D5'},{'R1'},{'D4'},&,1.0,&
{'R2'},{'D2'},{'D7'},{'D6'},{'D1'},{'D5'},{'D3'},{'D4'},,,&,1.0,&
{'R2'},{'D2'},{'R3'},,,,,,,,&,41.0,&
{'R2'},{'D2'},{'R3'},{'D1'},,,,,,,&,8.0,&
{'R2'},{'D2'},{'R3'},{'D1'},{'D6'},,,,,,&,3.0,&
{'R2'},{'D2'},{'R3'},{'D1'},{'D6'},{'D3'},{'D5'},,,,&,1.0,&
{'R2'},{'D2'},{'R3'},{'D1'},{'D6'},{'D3'},{'R1'},{'D4'},{'D7'},{'D5'},&,1.0,&
{'R2'},{'D2'},{'R3'},{'D1'},{'D6'},{'R1'},{'D5'},{'D3'},{'D4'},,&,1.0,&
{'R2'},{'D2'},{'R3'},{'D1'},{'D7'},,,,,,&,1.0,&
{'R2'},{'D2'},{'R3'},{'D1'},{'D7'},{'D3'},{'D6'},,,,&,1.0,&
{'R2'},{'D2'},{'R3'},{'D1'},{'D7'},{'R1'},,,,,&,1.0,&
{'R2'},{'D2'},{'R3'},{'D1'},{'D7'},{'R1'},{'D6'},{'D3'},{'D4'},{'D5'},&,1.0,&
{'R2'},{'D2'},{'R3'},{'D1'},{'D7'},{'R1'},{'D3'},,,,&,1.0,&
{'R2'},{'D2'},{'R3'},{'D1'},{'D3'},,,,,,&,4.0,&
{'R2'},{'D2'},{'R3'},{'D1'},{'D3'},{'D7'},{'R1'},,,,&,1.0,&
{'R2'},{'D2'},{'R3'},{'D1'},{'D3'},{'D7'},{'R1'},{'D6'},,,&,2.0,&
{'R2'},{'D2'},{'R3'},{'D1'},{'D3'},{'D7'},{'D6'},{'R1'},,,&,1.0,&
{'R2'},{'D2'},{'R3'},{'D1'},{'D3'},{'D5'},{'D7'},{'R1'},,,&,1.0,&
{'R2'},{'D2'},{'R3'},{'D1'},{'D3'},{'D5'},{'D7'},{'R1'},{'D6'},{'D4'},&,1.0,&
{'R2'},{'D2'},{'R3'},{'D1'},{'D3'},{'D5'},{'R1'},{'D6'},{'D7'},,&,1.0,&
{'R2'},{'D2'},{'R3'},{'D1'},{'D3'},{'D6'},{'D7'},,,,&,2.0,&
{'R2'},{'D2'},{'R3'},{'D1'},{'D3'},{'D6'},{'D7'},{'D5'},{'R1'},{'D4'},&,1.0,&
{'R2'},{'D2'},{'R3'},{'D1'},{'D3'},{'D6'},{'D5'},,,,&,2.0,&
{'R2'},{'D2'},{'R3'},{'D1'},{'D3'},{'D6'},{'D5'},{'R1'},{'D7'},,&,1.0,&
{'R2'},{'D2'},{'R3'},{'D1'},{'D3'},{'D6'},{'R1'},,,,&,1.0,&
{'R2'},{'D2'},{'R3'},{'D1'},{'D3'},{'D6'},{'R1'},{'D5'},{'D4'},{'D7'},&,1.0,&
{'R2'},{'D2'},{'R3'},{'D1'},{'D3'},{'R1'},,,,,&,3.0,&
{'R2'},{'D2'},{'R3'},{'D1'},{'D3'},{'R1'},{'D5'},{'D6'},{'D7'},{'D4'},&,2.0,&
{'R2'},{'D2'},{'R3'},{'D1'},{'D3'},{'R1'},{'D5'},{'D6'},{'D4'},{'D7'},&,1.0,&
{'R2'},{'D2'},{'R3'},{'D1'},{'D3'},{'R1'},{'D6'},{'D5'},,,&,1.0,&
{'R2'},{'D2'},{'R3'},{'D1'},{'D3'},{'R1'},{'D6'},{'D5'},{'D7'},,&,1.0,&
{'R2'},{'D2'},{'R3'},{'D1'},{'D3'},{'R1'},{'D4'},{'D7'},{'D6'},{'D5'},&,1.0,&
{'R2'},{'D2'},{'R3'},{'D1'},{'D3'},{'D4'},{'R1'},{'D7'},{'D5'},{'D6'},&,1.0,&
{'R2'},{'D2'},{'R3'},{'D1'},{'R1'},,,,,,&,6.0,&
{'R2'},{'D2'},{'R3'},{'D1'},{'R1'},{'D5'},{'D3'},,,,&,1.0,&
{'R2'},{'D2'},{'R3'},{'D1'},{'R1'},{'D6'},{'D5'},,,,&,1.0,&
{'R2'},{'D2'},{'R3'},{'D1'},{'R1'},{'D6'},{'D3'},,,,&,1.0,&
{'R2'},{'D2'},{'R3'},{'D1'},{'R1'},{'D3'},,,,,&,3.0,&
{'R2'},{'D2'},{'R3'},{'D1'},{'R1'},{'D3'},{'D7'},{'D6'},,,&,1.0,&
{'R2'},{'D2'},{'R3'},{'D1'},{'R1'},{'D3'},{'D7'},{'D5'},,,&,1.0,&
{'R2'},{'D2'},{'R3'},{'D1'},{'R1'},{'D3'},{'D5'},{'D7'},,,&,1.0,&
{'R2'},{'D2'},{'R3'},{'D1'},{'R1'},{'D3'},{'D6'},{'D7'},,,&,1.0,&
{'R2'},{'D2'},{'R3'},{'D1'},{'R1'},{'D3'},{'D6'},{'D5'},,,&,1.0,&
{'R2'},{'D2'},{'R3'},{'D1'},{'R1'},{'D3'},{'D4'},{'D5'},,,&,1.0,&
{'R2'},{'D2'},{'R3'},{'D1'},{'D5'},,,,,,&,1.0,&
{'R2'},{'D2'},{'R3'},{'D1'},{'D4'},{'D6'},,,,,&,1.0,&
{'R2'},{'D2'},{'R3'},{'D1'},{'D4'},{'D3'},{'D6'},,,,&,1.0,&
{'R2'},{'D2'},{'R3'},{'D5'},,,,,,,&,2.0,&
{'R2'},{'D2'},{'R3'},{'D5'},{'D3'},,,,,,&,1.0,&
{'R2'},{'D2'},{'R3'},{'D5'},{'D3'},{'D1'},{'R1'},{'D6'},,,&,1.0,&
{'R2'},{'D2'},{'R3'},{'D5'},{'D3'},{'D7'},{'R1'},,,,&,1.0,&
{'R2'},{'D2'},{'R3'},{'D5'},{'D3'},{'R1'},{'D1'},{'D6'},{'D7'},{'D4'},&,1.0,&
{'R2'},{'D2'},{'R3'},{'D5'},{'R1'},{'D3'},,,,,&,1.0,&
{'R2'},{'D2'},{'R3'},{'D5'},{'R1'},{'D3'},{'D1'},,,,&,1.0,&
{'R2'},{'D2'},{'R3'},{'D5'},{'D1'},,,,,,&,1.0,&
{'R2'},{'D2'},{'R3'},{'D5'},{'D1'},{'D3'},,,,,&,1.0,&
{'R2'},{'D2'},{'R3'},{'D5'},{'D1'},{'R1'},,,,,&,1.0,&
{'R2'},{'D2'},{'R3'},{'D3'},,,,,,,&,8.0,&
{'R2'},{'D2'},{'R3'},{'D3'},{'D6'},{'D1'},{'D5'},,,,&,1.0,&
{'R2'},{'D2'},{'R3'},{'D3'},{'D6'},{'D1'},{'R1'},{'D7'},{'D4'},{'D5'},&,1.0,&
{'R2'},{'D2'},{'R3'},{'D3'},{'D6'},{'D1'},{'R1'},{'D5'},{'D7'},{'D4'},&,1.0,&
{'R2'},{'D2'},{'R3'},{'D3'},{'D6'},{'D5'},{'D1'},,,,&,1.0,&
{'R2'},{'D2'},{'R3'},{'D3'},{'D6'},{'D5'},{'D1'},{'D7'},{'D4'},,&,1.0,&
{'R2'},{'D2'},{'R3'},{'D3'},{'D6'},{'R1'},{'D5'},,,,&,1.0,&
{'R2'},{'D2'},{'R3'},{'D3'},{'D6'},{'R1'},{'D1'},,,,&,1.0,&
{'R2'},{'D2'},{'R3'},{'D3'},{'D7'},{'D1'},{'D5'},,,,&,1.0,&
{'R2'},{'D2'},{'R3'},{'D3'},{'D7'},{'D1'},{'R1'},{'D5'},{'D6'},{'D4'},&,1.0,&
{'R2'},{'D2'},{'R3'},{'D3'},{'R1'},,,,,,&,9.0,&
{'R2'},{'D2'},{'R3'},{'D3'},{'R1'},{'D1'},,,,,&,1.0,&
{'R2'},{'D2'},{'R3'},{'D3'},{'R1'},{'D1'},{'D7'},,,,&,2.0,&
{'R2'},{'D2'},{'R3'},{'D3'},{'R1'},{'D1'},{'D7'},{'D6'},,,&,1.0,&
{'R2'},{'D2'},{'R3'},{'D3'},{'R1'},{'D1'},{'D6'},,,,&,2.0,&
{'R2'},{'D2'},{'R3'},{'D3'},{'R1'},{'D1'},{'D6'},{'D7'},,,&,1.0,&
{'R2'},{'D2'},{'R3'},{'D3'},{'R1'},{'D1'},{'D6'},{'D7'},{'D5'},{'D4'},&,1.0,&
{'R2'},{'D2'},{'R3'},{'D3'},{'R1'},{'D1'},{'D6'},{'D5'},,,&,2.0,&
{'R2'},{'D2'},{'R3'},{'D3'},{'R1'},{'D7'},,,,,&,1.0,&
{'R2'},{'D2'},{'R3'},{'D3'},{'R1'},{'D7'},{'D1'},{'D5'},{'D6'},{'D4'},&,1.0,&
{'R2'},{'D2'},{'R3'},{'D3'},{'R1'},{'D6'},,,,,&,2.0,&
{'R2'},{'D2'},{'R3'},{'D3'},{'R1'},{'D6'},{'D7'},,,,&,1.0,&
{'R2'},{'D2'},{'R3'},{'D3'},{'R1'},{'D4'},,,,,&,1.0,&
{'R2'},{'D2'},{'R3'},{'D3'},{'D5'},{'R1'},,,,,&,1.0,&
{'R2'},{'D2'},{'R3'},{'D3'},{'D5'},{'D4'},,,,,&,1.0,&
{'R2'},{'D2'},{'R3'},{'D3'},{'D5'},{'D4'},{'D1'},{'R1'},,,&,1.0,&
{'R2'},{'D2'},{'R3'},{'D3'},{'D1'},,,,,,&,4.0,&
{'R2'},{'D2'},{'R3'},{'D3'},{'D1'},{'D7'},,,,,&,1.0,&
{'R2'},{'D2'},{'R3'},{'D3'},{'D1'},{'D7'},{'R1'},,,,&,1.0,&
{'R2'},{'D2'},{'R3'},{'D3'},{'D1'},{'D7'},{'R1'},{'D4'},{'D5'},,&,1.0,&
{'R2'},{'D2'},{'R3'},{'D3'},{'D1'},{'D6'},,,,,&,2.0,&
{'R2'},{'D2'},{'R3'},{'D3'},{'D1'},{'D6'},{'D7'},{'R1'},{'D5'},,&,1.0,&
{'R2'},{'D2'},{'R3'},{'D3'},{'D1'},{'R1'},,,,,&,3.0,&
{'R2'},{'D2'},{'R3'},{'D3'},{'D1'},{'R1'},{'D7'},,,,&,1.0,&
{'R2'},{'D2'},{'R3'},{'D3'},{'D1'},{'R1'},{'D5'},,,,&,1.0,&
{'R2'},{'D2'},{'R3'},{'D3'},{'D1'},{'R1'},{'D6'},{'D7'},{'D5'},{'D4'},&,1.0,&
{'R2'},{'D2'},{'R3'},{'D3'},{'D1'},{'R1'},{'D6'},{'D7'},{'D4'},{'D5'},&,1.0,&
{'R2'},{'D2'},{'R3'},{'D3'},{'D1'},{'R1'},{'D6'},{'D5'},{'D7'},{'D4'},&,2.0,&
{'R2'},{'D2'},{'R3'},{'D4'},,,,,,,&,1.0,&
{'R2'},{'D2'},{'R3'},{'D4'},{'D3'},,,,,,&,1.0,&
{'R2'},{'D2'},{'R3'},{'D4'},{'D3'},{'R1'},{'D5'},{'D7'},{'D1'},{'D6'},&,1.0,&
{'R2'},{'D2'},{'R3'},{'D4'},{'R1'},,,,,,&,1.0,&
{'R2'},{'D2'},{'R3'},{'D4'},{'D1'},{'D7'},{'D5'},{'D3'},,,&,1.0,&
{'R2'},{'D2'},{'R3'},{'D7'},,,,,,,&,1.0,&
{'R2'},{'D2'},{'R3'},{'D7'},{'D3'},{'D1'},{'D6'},{'R1'},{'D5'},,&,1.0,&
{'R2'},{'D2'},{'R3'},{'D7'},{'D3'},{'R1'},{'D1'},,,,&,1.0,&
{'R2'},{'D2'},{'R3'},{'D7'},{'D3'},{'R1'},{'D1'},{'D6'},{'D5'},{'D4'},&,2.0,&
{'R2'},{'D2'},{'R3'},{'D7'},{'D1'},,,,,,&,1.0,&
{'R2'},{'D2'},{'R3'},{'D7'},{'D1'},{'R1'},,,,,&,1.0,&
{'R2'},{'D2'},{'R3'},{'R1'},,,,,,,&,16.0,&
{'R2'},{'D2'},{'R3'},{'R1'},{'D6'},,,,,,&,2.0,&
{'R2'},{'D2'},{'R3'},{'R1'},{'D6'},{'D1'},,,,,&,1.0,&
{'R2'},{'D2'},{'R3'},{'R1'},{'D6'},{'D1'},{'D5'},,,,&,1.0,&
{'R2'},{'D2'},{'R3'},{'R1'},{'D6'},{'D3'},{'D5'},,,,&,1.0,&
{'R2'},{'D2'},{'R3'},{'R1'},{'D6'},{'D3'},{'D1'},{'D5'},{'D7'},{'D4'},&,1.0,&
{'R2'},{'D2'},{'R3'},{'R1'},{'D6'},{'D4'},{'D1'},{'D3'},{'D7'},,&,1.0,&
{'R2'},{'D2'},{'R3'},{'R1'},{'D7'},,,,,,&,1.0,&
{'R2'},{'D2'},{'R3'},{'R1'},{'D7'},{'D5'},,,,,&,1.0,&
{'R2'},{'D2'},{'R3'},{'R1'},{'D7'},{'D3'},,,,,&,1.0,&
{'R2'},{'D2'},{'R3'},{'R1'},{'D3'},,,,,,&,9.0,&
{'R2'},{'D2'},{'R3'},{'R1'},{'D3'},{'D1'},,,,,&,1.0,&
{'R2'},{'D2'},{'R3'},{'R1'},{'D3'},{'D1'},{'D7'},,,,&,1.0,&
{'R2'},{'D2'},{'R3'},{'R1'},{'D3'},{'D1'},{'D5'},{'D6'},{'D7'},{'D4'},&,1.0,&
{'R2'},{'D2'},{'R3'},{'R1'},{'D3'},{'D1'},{'D6'},,,,&,1.0,&
{'R2'},{'D2'},{'R3'},{'R1'},{'D3'},{'D1'},{'D6'},{'D5'},{'D7'},{'D4'},&,2.0,&
{'R2'},{'D2'},{'R3'},{'R1'},{'D3'},{'D6'},{'D1'},{'D5'},,,&,1.0,&
{'R2'},{'D2'},{'R3'},{'R1'},{'D5'},{'D1'},,,,,&,2.0,&
{'R2'},{'D2'},{'R3'},{'R1'},{'D5'},{'D1'},{'D7'},{'D3'},{'D6'},{'D4'},&,1.0,&
{'R2'},{'D2'},{'R3'},{'R1'},{'D5'},{'D1'},{'D4'},{'D7'},{'D3'},{'D6'},&,1.0,&
{'R2'},{'D2'},{'R3'},{'R1'},{'D5'},{'D1'},{'D3'},,,,&,2.0,&
{'R2'},{'D2'},{'R3'},{'R1'},{'D5'},{'D6'},{'D1'},{'D3'},{'D7'},,&,1.0,&
{'R2'},{'D2'},{'R3'},{'R1'},{'D5'},{'D3'},{'D7'},,,,&,1.0,&
{'R2'},{'D2'},{'R3'},{'R1'},{'D5'},{'D4'},{'D1'},,,,&,1.0,&
{'R2'},{'D2'},{'R3'},{'R1'},{'D1'},,,,,,&,7.0,&
{'R2'},{'D2'},{'R3'},{'R1'},{'D1'},{'D7'},{'D3'},,,,&,3.0,&
{'R2'},{'D2'},{'R3'},{'R1'},{'D1'},{'D5'},{'D7'},,,,&,1.0,&
{'R2'},{'D2'},{'R3'},{'R1'},{'D1'},{'D5'},{'D7'},{'D6'},{'D3'},,&,1.0,&
{'R2'},{'D2'},{'R3'},{'R1'},{'D1'},{'D5'},{'D6'},{'D3'},,,&,1.0,&
{'R2'},{'D2'},{'R3'},{'R1'},{'D1'},{'D5'},{'D3'},{'D6'},,,&,1.0,&
{'R2'},{'D2'},{'R3'},{'R1'},{'D1'},{'D6'},,,,,&,1.0,&
{'R2'},{'D2'},{'R3'},{'R1'},{'D1'},{'D6'},{'D3'},{'D5'},,,&,1.0,&
{'R2'},{'D2'},{'R3'},{'R1'},{'D1'},{'D3'},{'D7'},{'D5'},,,&,1.0,&
{'R2'},{'D2'},{'R3'},{'R1'},{'D1'},{'D3'},{'D7'},{'D5'},{'D6'},{'D4'},&,1.0,&
{'R2'},{'D2'},{'R3'},{'R1'},{'D1'},{'D3'},{'D5'},,,,&,3.0,&
{'R2'},{'D2'},{'R3'},{'R1'},{'D1'},{'D3'},{'D5'},{'D6'},{'D7'},{'D4'},&,2.0,&
{'R2'},{'D2'},{'R3'},{'R1'},{'D1'},{'D3'},{'D6'},,,,&,1.0,&
{'R2'},{'D2'},{'R3'},{'R1'},{'D1'},{'D3'},{'D6'},{'D4'},{'D5'},,&,1.0,&
{'R2'},{'D2'},{'R3'},{'R1'},{'D1'},{'D3'},{'D6'},{'D7'},{'D5'},,&,1.0,&
{'R2'},{'D2'},{'R3'},{'R1'},{'D1'},{'D3'},{'D6'},{'D5'},,,&,1.0,&
{'R2'},{'D2'},{'R3'},{'R1'},{'D1'},{'D3'},{'D4'},{'D5'},,,&,1.0,&
{'R2'},{'D2'},{'R3'},{'R1'},{'D4'},{'D1'},{'D6'},{'D5'},{'D7'},,&,1.0,&
{'R2'},{'D2'},{'R3'},{'R1'},{'D4'},{'D1'},{'D6'},{'D3'},{'D7'},{'D5'},&,1.0,&
{'R2'},{'D2'},{'R3'},{'D6'},{'D7'},{'D3'},{'D1'},{'R1'},,,&,1.0,&
{'R2'},{'D2'},{'R3'},{'D6'},{'D3'},{'D1'},{'D5'},{'R1'},,,&,1.0,&
{'R2'},{'D2'},{'R3'},{'D6'},{'D3'},{'D1'},{'R1'},{'D5'},,,&,1.0,&
{'R2'},{'D2'},{'R3'},{'D6'},{'D3'},{'D1'},{'R1'},{'D5'},{'D7'},{'D4'},&,1.0,&
{'R2'},{'D2'},{'R3'},{'D6'},{'D3'},{'R1'},,,,,&,1.0,&
{'R2'},{'D2'},{'R3'},{'D6'},{'R1'},,,,,,&,1.0,&
{'R2'},{'D2'},{'R3'},{'D6'},{'R1'},{'D1'},,,,,&,1.0,&
{'R2'},{'D2'},{'R3'},{'D6'},{'R1'},{'D5'},{'D1'},{'D3'},{'D7'},{'D4'},&,1.0,&
{'R2'},{'D2'},{'R3'},{'D6'},{'R1'},{'D3'},,,,,&,1.0,&
{'R2'},{'D2'},{'R3'},{'D6'},{'D5'},,,,,,&,1.0,&
{'R2'},{'D2'},{'R3'},{'D6'},{'D1'},{'D7'},{'D3'},{'D5'},{'R1'},{'D4'},&,1.0,&
{'R2'},{'D2'},{'R3'},{'D6'},{'D1'},{'D3'},{'D5'},,,,&,1.0,&
{'R2'},{'D2'},{'R3'},{'D6'},{'D1'},{'D3'},{'D5'},{'D7'},{'D4'},,&,1.0,&
{'R2'},{'D2'},{'R3'},{'D6'},{'D1'},{'D3'},{'D4'},{'R1'},,,&,1.0,&
{'R2'},{'D2'},{'R3'},{'D6'},{'D4'},{'D1'},{'R1'},{'D5'},,,&,1.0,&
{'R2'},{'D2'},{'D4'},{'D1'},,,,,,,&,1.0,&
{'R2'},{'D2'},{'D4'},{'D1'},{'D3'},{'R3'},{'D6'},{'R1'},{'D7'},,&,1.0,&
{'R2'},{'D2'},{'D4'},{'D3'},,,,,,,&,1.0,&
{'R2'},{'D2'},{'D4'},{'D3'},{'R3'},{'D5'},{'D1'},{'D6'},{'D7'},,&,1.0,&
{'R2'},{'D2'},{'D4'},{'R3'},{'R1'},{'D6'},{'D1'},{'D7'},{'D3'},{'D5'},&,1.0,&
{'R2'},{'D2'},{'D4'},{'R3'},{'R1'},{'D3'},{'D1'},{'D7'},{'D6'},,&,1.0,&
{'R2'},{'D2'},{'D4'},{'R3'},{'D1'},{'D7'},{'D5'},,,,&,1.0,&
{'R2'},{'D2'},{'D4'},{'D6'},{'R3'},{'D1'},,,,,&,1.0,&
{'R2'},{'D6'},,,,,,,,,&,12.0,&
{'R2'},{'D6'},{'R1'},,,,,,,,&,2.0,&
{'R2'},{'D6'},{'R1'},{'D1'},{'D3'},{'R3'},{'D2'},{'D5'},,,&,1.0,&
{'R2'},{'D6'},{'R1'},{'D3'},{'D2'},{'R3'},,,,,&,1.0,&
{'R2'},{'D6'},{'R1'},{'D3'},{'D7'},{'R3'},{'D5'},{'D1'},{'D2'},,&,1.0,&
{'R2'},{'D6'},{'R1'},{'R3'},,,,,,,&,1.0,&
{'R2'},{'D6'},{'R1'},{'R3'},{'D5'},{'D1'},{'D2'},{'D3'},,,&,1.0,&
{'R2'},{'D6'},{'R1'},{'D2'},{'D3'},{'D1'},{'D5'},,,,&,1.0,&
{'R2'},{'D6'},{'R1'},{'D2'},{'D3'},{'R3'},,,,,&,1.0,&
{'R2'},{'D6'},{'D3'},,,,,,,,&,1.0,&
{'R2'},{'D6'},{'D3'},{'D1'},{'D2'},{'R3'},{'D7'},,,,&,1.0,&
{'R2'},{'D6'},{'D3'},{'D1'},{'D2'},{'R3'},{'R1'},{'D4'},,,&,1.0,&
{'R2'},{'D6'},{'D3'},{'D1'},{'R3'},{'R1'},,,,,&,1.0,&
{'R2'},{'D6'},{'D3'},{'D5'},{'D2'},{'R3'},{'R1'},{'D1'},,,&,1.0,&
{'R2'},{'D6'},{'D3'},{'R1'},{'D2'},{'D1'},{'D7'},{'R3'},{'D5'},,&,1.0,&
{'R2'},{'D6'},{'D3'},{'R3'},,,,,,,&,1.0,&
{'R2'},{'D6'},{'D3'},{'R3'},{'D2'},,,,,,&,1.0,&
{'R2'},{'D6'},{'D3'},{'R3'},{'D2'},{'D1'},{'R1'},{'D7'},,,&,1.0,&
{'R2'},{'D6'},{'D3'},{'R3'},{'D2'},{'R1'},{'D4'},{'D1'},,,&,1.0,&
{'R2'},{'D6'},{'D3'},{'R3'},{'R1'},{'D2'},{'D1'},,,,&,1.0,&
{'R2'},{'D6'},{'D3'},{'R3'},{'D1'},{'D2'},{'D7'},{'R1'},{'D5'},{'D4'},&,1.0,&
{'R2'},{'D6'},{'D3'},{'R3'},{'D1'},{'R1'},,,,,&,1.0,&
{'R2'},{'D6'},{'D3'},{'R3'},{'D4'},{'R1'},{'D2'},{'D7'},{'D5'},{'D1'},&,1.0,&
{'R2'},{'D6'},{'D3'},{'D2'},{'D7'},{'D5'},{'D1'},{'D4'},,,&,1.0,&
{'R2'},{'D6'},{'D3'},{'D2'},{'R3'},{'D1'},{'R1'},,,,&,1.0,&
{'R2'},{'D6'},{'D3'},{'D2'},{'R3'},{'D7'},{'D1'},{'R1'},,,&,1.0,&
{'R2'},{'D6'},{'D3'},{'D2'},{'R3'},{'D5'},,,,,&,1.0,&
{'R2'},{'D6'},{'D3'},{'D2'},{'D1'},{'D7'},{'R3'},{'R1'},,,&,1.0,&
{'R2'},{'D6'},{'D3'},{'D2'},{'D1'},{'D7'},{'R1'},{'D5'},{'R3'},{'D4'},&,1.0,&
{'R2'},{'D6'},{'D5'},,,,,,,,&,1.0,&
{'R2'},{'D6'},{'D5'},{'D3'},{'D1'},{'R3'},{'D2'},{'D7'},{'D4'},,&,1.0,&
{'R2'},{'D6'},{'D5'},{'R3'},{'R1'},{'D1'},,,,,&,1.0,&
{'R2'},{'D6'},{'D5'},{'D2'},{'D3'},{'D1'},{'D7'},{'R3'},{'R1'},{'D4'},&,1.0,&
{'R2'},{'D6'},{'D1'},,,,,,,,&,6.0,&
{'R2'},{'D6'},{'D1'},{'D5'},{'D2'},{'R3'},{'R1'},,,,&,1.0,&
{'R2'},{'D6'},{'D1'},{'D5'},{'D2'},{'D3'},,,,,&,1.0,&
{'R2'},{'D6'},{'D1'},{'D5'},{'D3'},,,,,,&,1.0,&
{'R2'},{'D6'},{'D1'},{'D5'},{'R3'},{'R1'},,,,,&,1.0,&
{'R2'},{'D6'},{'D1'},{'D3'},{'D2'},{'D5'},{'R3'},{'R1'},{'D4'},,&,1.0,&
{'R2'},{'D6'},{'D1'},{'D3'},{'D5'},{'R3'},{'D2'},,,,&,1.0,&
{'R2'},{'D6'},{'D1'},{'D3'},{'R3'},{'D2'},{'D5'},{'R1'},{'D7'},,&,1.0,&
{'R2'},{'D6'},{'D1'},{'R3'},{'D2'},{'D5'},{'D3'},{'D7'},,,&,1.0,&
{'R2'},{'D6'},{'D1'},{'R3'},{'D2'},{'R1'},,,,,&,1.0,&
{'R2'},{'D6'},{'D1'},{'R3'},{'D2'},{'R1'},{'D3'},{'D5'},,,&,1.0,&
{'R2'},{'D6'},{'D1'},{'R3'},{'D3'},{'D2'},,,,,&,1.0,&
{'R2'},{'D6'},{'D1'},{'R3'},{'D3'},{'R1'},{'D4'},{'D7'},{'D2'},{'D5'},&,1.0,&
{'R2'},{'D6'},{'D1'},{'R3'},{'R1'},{'D2'},,,,,&,1.0,&
{'R2'},{'D6'},{'D1'},{'R3'},{'R1'},{'D3'},{'D2'},{'D7'},,,&,1.0,&
{'R2'},{'D6'},{'D1'},{'D2'},,,,,,,&,3.0,&
{'R2'},{'D6'},{'D1'},{'D2'},{'D3'},{'D5'},{'R3'},{'D7'},{'R1'},,&,1.0,&
{'R2'},{'D6'},{'D7'},{'R3'},{'D1'},{'R1'},{'D2'},,,,&,1.0,&
{'R2'},{'D6'},{'D7'},{'D2'},{'D1'},{'D3'},{'R1'},{'R3'},{'D5'},{'D4'},&,1.0,&
{'R2'},{'D6'},{'R3'},,,,,,,,&,10.0,&
{'R2'},{'D6'},{'R3'},{'D1'},{'R1'},{'D2'},{'D3'},{'D5'},{'D7'},,&,1.0,&
{'R2'},{'D6'},{'R3'},{'D5'},,,,,,,&,1.0,&
{'R2'},{'D6'},{'R3'},{'D5'},{'R1'},,,,,,&,1.0,&
{'R2'},{'D6'},{'R3'},{'D5'},{'R1'},{'D1'},{'D3'},{'D2'},,,&,1.0,&
{'R2'},{'D6'},{'R3'},{'D3'},{'D2'},,,,,,&,2.0,&
{'R2'},{'D6'},{'R3'},{'D3'},{'D2'},{'R1'},{'D1'},,,,&,1.0,&
{'R2'},{'D6'},{'R3'},{'D3'},{'R1'},,,,,,&,2.0,&
{'R2'},{'D6'},{'R3'},{'D3'},{'R1'},{'D1'},,,,,&,1.0,&
{'R2'},{'D6'},{'R3'},{'D3'},{'R1'},{'D1'},{'D2'},{'D5'},,,&,1.0,&
{'R2'},{'D6'},{'R3'},{'D3'},{'R1'},{'D2'},{'D1'},{'D4'},{'D5'},,&,1.0,&
{'R2'},{'D6'},{'R3'},{'D3'},{'R1'},{'D2'},{'D4'},{'D1'},,,&,1.0,&
{'R2'},{'D6'},{'R3'},{'D3'},{'D1'},{'D2'},{'D7'},{'D5'},{'D4'},,&,1.0,&
{'R2'},{'D6'},{'R3'},{'D3'},{'D1'},{'D2'},{'D5'},{'R1'},{'D4'},{'D7'},&,1.0,&
{'R2'},{'D6'},{'R3'},{'D3'},{'D1'},{'R1'},{'D4'},,,,&,1.0,&
{'R2'},{'D6'},{'R3'},{'D7'},{'D2'},{'D1'},{'D3'},{'D5'},{'D4'},,&,1.0,&
{'R2'},{'D6'},{'R3'},{'R1'},,,,,,,&,1.0,&
{'R2'},{'D6'},{'R3'},{'R1'},{'D2'},,,,,,&,1.0,&
{'R2'},{'D6'},{'R3'},{'R1'},{'D2'},{'D7'},{'D3'},,,,&,1.0,&
{'R2'},{'D6'},{'R3'},{'R1'},{'D2'},{'D3'},{'D7'},{'D1'},{'D5'},{'D4'},&,1.0,&
{'R2'},{'D6'},{'R3'},{'R1'},{'D3'},,,,,,&,1.0,&
{'R2'},{'D6'},{'R3'},{'R1'},{'D3'},{'D2'},{'D7'},,,,&,1.0,&
{'R2'},{'D6'},{'R3'},{'R1'},{'D3'},{'D2'},{'D1'},{'D5'},{'D7'},,&,1.0,&
{'R2'},{'D6'},{'R3'},{'R1'},{'D1'},,,,,,&,1.0,&
{'R2'},{'D6'},{'R3'},{'R1'},{'D1'},{'D3'},,,,,&,1.0,&
{'R2'},{'D6'},{'R3'},{'D2'},{'D3'},,,,,,&,1.0,&
{'R2'},{'D6'},{'R3'},{'D2'},{'D3'},{'D1'},{'D7'},{'R1'},{'D5'},,&,1.0,&
{'R2'},{'D6'},{'R3'},{'D2'},{'D3'},{'R1'},,,,,&,1.0,&
{'R2'},{'D6'},{'R3'},{'D2'},{'D3'},{'R1'},{'D1'},{'D4'},,,&,1.0,&
{'R2'},{'D6'},{'R3'},{'D2'},{'R1'},{'D1'},{'D7'},{'D3'},{'D5'},{'D4'},&,1.0,&
{'R2'},{'D6'},{'R3'},{'D2'},{'D1'},,,,,,&,1.0,&
{'R2'},{'D6'},{'R3'},{'D2'},{'D1'},{'D3'},,,,,&,1.0,&
{'R2'},{'D6'},{'D2'},,,,,,,,&,6.0,&
{'R2'},{'D6'},{'D2'},{'D1'},{'D3'},,,,,,&,1.0,&
{'R2'},{'D6'},{'D2'},{'D1'},{'R3'},,,,,,&,1.0,&
{'R2'},{'D6'},{'D2'},{'D5'},{'D3'},{'D1'},{'R3'},{'D7'},,,&,1.0,&
{'R2'},{'D6'},{'D2'},{'D5'},{'R3'},{'R1'},{'D3'},{'D1'},,,&,1.0,&
{'R2'},{'D6'},{'D2'},{'D3'},,,,,,,&,2.0,&
{'R2'},{'D6'},{'D2'},{'D3'},{'D7'},{'R1'},,,,,&,1.0,&
{'R2'},{'D6'},{'D2'},{'D3'},{'R3'},{'D1'},{'R1'},{'D4'},{'D7'},,&,1.0,&
{'R2'},{'D6'},{'D2'},{'D3'},{'R3'},{'D1'},{'R1'},{'D5'},,,&,1.0,&
{'R2'},{'D6'},{'D2'},{'D3'},{'R3'},{'D7'},,,,,&,1.0,&
{'R2'},{'D6'},{'D2'},{'D3'},{'R3'},{'R1'},,,,,&,1.0,&
{'R2'},{'D6'},{'D2'},{'D3'},{'D1'},,,,,,&,1.0,&
{'R2'},{'D6'},{'D2'},{'D3'},{'D1'},{'D7'},{'D5'},{'D4'},{'R3'},,&,1.0,&
{'R2'},{'D6'},{'D2'},{'D3'},{'D1'},{'D5'},{'D4'},{'D7'},{'R3'},,&,1.0,&
{'R2'},{'D6'},{'D2'},{'D3'},{'D1'},{'R3'},{'R1'},{'D5'},,,&,1.0,&
{'R2'},{'D6'},{'D2'},{'D7'},{'R3'},{'D1'},{'D3'},{'D5'},{'R1'},{'D4'},&,1.0,&
{'R2'},{'D6'},{'D2'},{'R1'},{'D7'},{'D1'},{'D3'},,,,&,1.0,&
{'R2'},{'D6'},{'D2'},{'R1'},{'D3'},,,,,,&,1.0,&
{'R2'},{'D6'},{'D2'},{'R3'},{'D7'},{'D1'},{'R1'},{'D3'},{'D4'},,&,1.0,&
{'R2'},{'D6'},{'D2'},{'R3'},{'D3'},{'D1'},{'R1'},,,,&,1.0,&
{'R2'},{'D6'},{'D2'},{'R3'},{'R1'},{'D1'},{'D3'},{'D7'},{'D5'},,&,1.0,&
{'R2'},{'D6'},{'D2'},{'R3'},{'R1'},{'D3'},{'D7'},{'D1'},,,&,1.0,&
{'R2'},{'D6'},{'D2'},{'R3'},{'D5'},{'D3'},{'R1'},,,,&,1.0,&
{'R2'},{'D6'},{'D2'},{'R3'},{'D1'},{'D3'},,,,,&,1.0,&
{'R2'},{'D6'},{'D4'},,,,,,,,&,1.0,&
{'R2'},{'D6'},{'D4'},{'D1'},{'R1'},,,,,,&,1.0,&
{'R2'},{'D5'},,,,,,,,,&,9.0,&
{'R2'},{'D5'},{'R1'},{'D1'},,,,,,,&,1.0,&
{'R2'},{'D5'},{'R1'},{'D3'},,,,,,,&,1.0,&
{'R2'},{'D5'},{'R1'},{'D3'},{'D2'},{'D1'},,,,,&,1.0,&
{'R2'},{'D5'},{'R1'},{'D3'},{'R3'},{'D2'},{'D1'},,,,&,1.0,&
{'R2'},{'D5'},{'R1'},{'R3'},,,,,,,&,1.0,&
{'R2'},{'D5'},{'R1'},{'R3'},{'D2'},{'D1'},,,,,&,1.0,&
{'R2'},{'D5'},{'R1'},{'R3'},{'D2'},{'D7'},{'D3'},,,,&,1.0,&
{'R2'},{'D5'},{'R1'},{'R3'},{'D1'},{'D3'},{'D2'},{'D7'},{'D6'},{'D4'},&,1.0,&
{'R2'},{'D5'},{'R1'},{'D6'},{'R3'},{'D2'},{'D3'},{'D1'},{'D7'},{'D4'},&,1.0,&
{'R2'},{'D5'},{'R1'},{'D6'},{'R3'},{'D3'},{'D2'},{'D1'},{'D7'},,&,1.0,&
{'R2'},{'D5'},{'R1'},{'D6'},{'D1'},{'D2'},{'D3'},{'D7'},{'D4'},{'R3'},&,1.0,&
{'R2'},{'D5'},{'R1'},{'D2'},{'D1'},,,,,,&,1.0,&
{'R2'},{'D5'},{'D6'},{'D1'},{'D2'},{'R3'},{'D3'},{'R1'},{'D7'},,&,1.0,&
{'R2'},{'D5'},{'D6'},{'R1'},,,,,,,&,2.0,&
{'R2'},{'D5'},{'D6'},{'D2'},{'R3'},{'D3'},{'D1'},{'R1'},,,&,1.0,&
{'R2'},{'D5'},{'D3'},,,,,,,,&,2.0,&
{'R2'},{'D5'},{'D3'},{'D1'},{'D2'},,,,,,&,1.0,&
{'R2'},{'D5'},{'D3'},{'R1'},{'D6'},,,,,,&,1.0,&
{'R2'},{'D5'},{'D3'},{'R3'},{'R1'},{'D1'},{'D2'},{'D7'},{'D6'},{'D4'},&,1.0,&
{'R2'},{'D5'},{'D3'},{'R3'},{'R1'},{'D7'},{'D2'},{'D1'},{'D6'},{'D4'},&,1.0,&
{'R2'},{'D5'},{'D3'},{'R3'},{'R1'},{'D2'},{'D1'},{'D6'},{'D4'},,&,1.0,&
{'R2'},{'D5'},{'D3'},{'D2'},{'R3'},{'D1'},{'D6'},{'D7'},{'D4'},,&,1.0,&
{'R2'},{'D5'},{'D3'},{'D2'},{'R3'},{'R1'},{'D6'},,,,&,1.0,&
{'R2'},{'D5'},{'D3'},{'D2'},{'D1'},{'R1'},{'R3'},,,,&,1.0,&
{'R2'},{'D5'},{'D1'},,,,,,,,&,1.0,&
{'R2'},{'D5'},{'D1'},{'D3'},{'D2'},{'D6'},,,,,&,1.0,&
{'R2'},{'D5'},{'D1'},{'D3'},{'R3'},{'R1'},{'D2'},{'D6'},{'D7'},,&,1.0,&
{'R2'},{'D5'},{'D1'},{'D7'},{'D2'},{'D3'},{'D6'},{'D4'},{'R3'},{'R1'},&,1.0,&
{'R2'},{'D5'},{'D1'},{'R1'},{'D2'},,,,,,&,1.0,&
{'R2'},{'D5'},{'D1'},{'R3'},{'D2'},,,,,,&,1.0,&
{'R2'},{'D5'},{'D1'},{'R3'},{'D2'},{'D3'},{'D7'},{'R1'},{'D6'},{'D4'},&,1.0,&
{'R2'},{'D5'},{'D1'},{'R3'},{'R1'},{'D2'},,,,,&,1.0,&
{'R2'},{'D5'},{'D1'},{'R3'},{'R1'},{'D3'},{'D2'},{'D6'},{'D4'},{'D7'},&,1.0,&
{'R2'},{'D5'},{'D1'},{'R3'},{'R1'},{'D3'},{'D2'},{'D7'},,,&,1.0,&
{'R2'},{'D5'},{'D1'},{'D6'},{'D2'},{'D3'},{'D7'},{'R1'},{'R3'},{'D4'},&,1.0,&
{'R2'},{'D5'},{'D1'},{'D6'},{'R3'},{'R1'},{'D2'},,,,&,1.0,&
{'R2'},{'D5'},{'D1'},{'D2'},,,,,,,&,1.0,&
{'R2'},{'D5'},{'D1'},{'D2'},{'D7'},{'D6'},,,,,&,1.0,&
{'R2'},{'D5'},{'D1'},{'D2'},{'D3'},,,,,,&,1.0,&
{'R2'},{'D5'},{'D1'},{'D2'},{'R1'},,,,,,&,1.0,&
{'R2'},{'D5'},{'D7'},{'D3'},{'R3'},{'D2'},,,,,&,1.0,&
{'R2'},{'D5'},{'D7'},{'R3'},{'D1'},,,,,,&,1.0,&
{'R2'},{'D5'},{'D7'},{'D2'},,,,,,,&,1.0,&
{'R2'},{'D5'},{'R3'},,,,,,,,&,2.0,&
{'R2'},{'D5'},{'R3'},{'D1'},,,,,,,&,1.0,&
{'R2'},{'D5'},{'R3'},{'D1'},{'D2'},{'R1'},{'D4'},{'D3'},{'D7'},{'D6'},&,1.0,&
{'R2'},{'D5'},{'R3'},{'D1'},{'D3'},{'D2'},{'R1'},{'D6'},,,&,2.0,&
{'R2'},{'D5'},{'R3'},{'D1'},{'R1'},,,,,,&,1.0,&
{'R2'},{'D5'},{'R3'},{'D3'},{'D2'},{'D1'},{'D7'},{'D6'},{'R1'},,&,1.0,&
{'R2'},{'D5'},{'R3'},{'D3'},{'R1'},{'D6'},{'D2'},{'D1'},{'D4'},{'D7'},&,1.0,&
{'R2'},{'D5'},{'R3'},{'D7'},{'D1'},{'R1'},,,,,&,1.0,&
{'R2'},{'D5'},{'R3'},{'R1'},,,,,,,&,1.0,&
{'R2'},{'D5'},{'R3'},{'R1'},{'D2'},{'D3'},{'D1'},,,,&,1.0,&
{'R2'},{'D5'},{'R3'},{'R1'},{'D2'},{'D3'},{'D6'},,,,&,1.0,&
{'R2'},{'D5'},{'R3'},{'R1'},{'D1'},,,,,,&,2.0,&
{'R2'},{'D5'},{'R3'},{'R1'},{'D1'},{'D6'},,,,,&,1.0,&
{'R2'},{'D5'},{'R3'},{'R1'},{'D1'},{'D2'},,,,,&,1.0,&
{'R2'},{'D5'},{'R3'},{'D2'},,,,,,,&,1.0,&
{'R2'},{'D5'},{'R3'},{'D2'},{'D3'},{'D1'},{'D6'},,,,&,1.0,&
{'R2'},{'D5'},{'R3'},{'D2'},{'D3'},{'R1'},{'D1'},{'D6'},{'D4'},{'D7'},&,1.0,&
{'R2'},{'D5'},{'R3'},{'D2'},{'R1'},{'D1'},{'D6'},{'D3'},{'D7'},,&,1.0,&
{'R2'},{'D5'},{'R3'},{'D2'},{'R1'},{'D3'},,,,,&,1.0,&
{'R2'},{'D5'},{'D2'},,,,,,,,&,5.0,&
{'R2'},{'D5'},{'D2'},{'D1'},,,,,,,&,1.0,&
{'R2'},{'D5'},{'D2'},{'D1'},{'D3'},{'R3'},{'D6'},{'R1'},{'D4'},,&,1.0,&
{'R2'},{'D5'},{'D2'},{'D1'},{'R1'},,,,,,&,1.0,&
{'R2'},{'D5'},{'D2'},{'D1'},{'R3'},,,,,,&,1.0,&
{'R2'},{'D5'},{'D2'},{'D3'},{'R3'},,,,,,&,1.0,&
{'R2'},{'D5'},{'D2'},{'D3'},{'R3'},{'D7'},{'D6'},{'D1'},{'R1'},,&,1.0,&
{'R2'},{'D5'},{'D2'},{'D3'},{'R3'},{'R1'},{'D7'},,,,&,1.0,&
{'R2'},{'D5'},{'D2'},{'D3'},{'D1'},{'D6'},{'R3'},{'D7'},{'D4'},{'R1'},&,1.0,&
{'R2'},{'D5'},{'D2'},{'D3'},{'D1'},{'R3'},{'D6'},{'D4'},{'R1'},,&,1.0,&
{'R2'},{'D5'},{'D2'},{'R1'},,,,,,,&,1.0,&
{'R2'},{'D5'},{'D2'},{'R1'},{'R3'},{'D3'},{'D1'},{'D7'},{'D4'},,&,1.0,&
{'R2'},{'D5'},{'D2'},{'R1'},{'D1'},{'R3'},,,,,&,1.0,&
{'R2'},{'D5'},{'D2'},{'R3'},,,,,,,&,1.0,&
{'R2'},{'D5'},{'D2'},{'R3'},{'D6'},{'R1'},{'D3'},,,,&,1.0,&
{'R2'},{'D5'},{'D2'},{'R3'},{'R1'},{'D3'},,,,,&,1.0,&
{'R2'},{'D5'},{'D2'},{'R3'},{'R1'},{'D3'},{'D1'},{'D6'},{'D7'},{'D4'},&,1.0,&
{'R2'},{'D5'},{'D2'},{'D6'},,,,,,,&,1.0,&
{'R2'},{'D5'},{'D2'},{'D6'},{'D3'},{'D1'},{'D7'},{'R3'},{'D4'},{'R1'},&,1.0,&
{'R2'},{'D5'},{'D2'},{'D6'},{'D1'},,,,,,&,1.0,&
{'R2'},{'D5'},{'D4'},{'R3'},{'D2'},{'D1'},{'R1'},{'D3'},{'D7'},,&,1.0,&
{'R2'},{'R1'},,,,,,,,,&,36.0,&
{'R2'},{'R1'},{'D6'},,,,,,,,&,1.0,&
{'R2'},{'R1'},{'D6'},{'D1'},,,,,,,&,1.0,&
{'R2'},{'R1'},{'D6'},{'D7'},{'D1'},{'R3'},{'D2'},,,,&,1.0,&
{'R2'},{'R1'},{'D6'},{'R3'},,,,,,,&,2.0,&
{'R2'},{'R1'},{'D6'},{'R3'},{'D3'},,,,,,&,1.0,&
{'R2'},{'R1'},{'D6'},{'R3'},{'D3'},{'D2'},{'D7'},{'D1'},{'D5'},{'D4'},&,1.0,&
{'R2'},{'R1'},{'D6'},{'R3'},{'D4'},,,,,,&,1.0,&
{'R2'},{'R1'},{'D6'},{'D2'},,,,,,,&,1.0,&
{'R2'},{'R1'},{'D6'},{'D2'},{'D3'},{'R3'},{'D7'},{'D1'},,,&,1.0,&
{'R2'},{'R1'},{'D6'},{'D2'},{'D1'},{'D3'},{'R3'},{'D7'},{'D4'},,&,1.0,&
{'R2'},{'R1'},{'D3'},,,,,,,,&,8.0,&
{'R2'},{'R1'},{'D3'},{'D1'},{'D2'},,,,,,&,1.0,&
{'R2'},{'R1'},{'D3'},{'D1'},{'D2'},{'D5'},{'D4'},{'R3'},{'D6'},,&,1.0,&
{'R2'},{'R1'},{'D3'},{'D1'},{'D2'},{'D6'},,,,,&,1.0,&
{'R2'},{'R1'},{'D3'},{'D1'},{'D2'},{'R3'},{'D6'},,,,&,1.0,&
{'R2'},{'R1'},{'D3'},{'D1'},{'D2'},{'R3'},{'D6'},{'D7'},{'D5'},,&,1.0,&
{'R2'},{'R1'},{'D3'},{'D1'},{'D6'},{'D2'},{'R3'},{'D4'},,,&,1.0,&
{'R2'},{'R1'},{'D3'},{'D1'},{'R3'},{'D2'},{'D5'},{'D7'},{'D6'},{'D4'},&,1.0,&
{'R2'},{'R1'},{'D3'},{'D1'},{'D4'},{'D2'},{'D6'},{'D7'},{'D5'},{'R3'},&,1.0,&
{'R2'},{'R1'},{'D3'},{'D5'},,,,,,,&,1.0,&
{'R2'},{'R1'},{'D3'},{'D5'},{'D2'},{'R3'},{'D1'},{'D6'},{'D7'},{'D4'},&,1.0,&
{'R2'},{'R1'},{'D3'},{'D4'},{'R3'},{'D1'},{'D2'},{'D6'},{'D7'},,&,1.0,&
{'R2'},{'R1'},{'D3'},{'R3'},,,,,,,&,3.0,&
{'R2'},{'R1'},{'D3'},{'R3'},{'D2'},,,,,,&,1.0,&
{'R2'},{'R1'},{'D3'},{'R3'},{'D2'},{'D1'},{'D4'},,,,&,1.0,&
{'R2'},{'R1'},{'D3'},{'R3'},{'D2'},{'D5'},{'D7'},{'D1'},{'D4'},{'D6'},&,1.0,&
{'R2'},{'R1'},{'D3'},{'R3'},{'D2'},{'D6'},{'D1'},{'D7'},{'D5'},,&,1.0,&
{'R2'},{'R1'},{'D3'},{'R3'},{'D1'},,,,,,&,1.0,&
{'R2'},{'R1'},{'D3'},{'R3'},{'D1'},{'D2'},{'D5'},{'D4'},{'D7'},{'D6'},&,1.0,&
{'R2'},{'R1'},{'D3'},{'D6'},{'R3'},,,,,,&,1.0,&
{'R2'},{'R1'},{'D3'},{'D6'},{'R3'},{'D2'},{'D4'},,,,&,1.0,&
{'R2'},{'R1'},{'D3'},{'D2'},,,,,,,&,1.0,&
{'R2'},{'R1'},{'D3'},{'D2'},{'D5'},{'R3'},{'D1'},{'D6'},,,&,1.0,&
{'R2'},{'R1'},{'D3'},{'D2'},{'R3'},{'D1'},{'D7'},{'D5'},{'D6'},{'D4'},&,1.0,&
{'R2'},{'R1'},{'D3'},{'D2'},{'R3'},{'D1'},{'D5'},{'D4'},{'D7'},{'D6'},&,1.0,&
{'R2'},{'R1'},{'D3'},{'D2'},{'R3'},{'D1'},{'D5'},{'D7'},{'D6'},{'D4'},&,1.0,&
{'R2'},{'R1'},{'D3'},{'D2'},{'D1'},{'D7'},{'D5'},,,,&,1.0,&
{'R2'},{'R1'},{'D3'},{'D2'},{'D1'},{'D6'},{'D5'},{'R3'},{'D7'},{'D4'},&,1.0,&
{'R2'},{'R1'},{'D5'},{'D1'},,,,,,,&,1.0,&
{'R2'},{'R1'},{'D5'},{'D1'},{'D3'},{'D2'},{'D7'},{'D6'},{'D4'},,&,1.0,&
{'R2'},{'R1'},{'D5'},{'D1'},{'R3'},,,,,,&,1.0,&
{'R2'},{'R1'},{'D5'},{'R3'},,,,,,,&,1.0,&
{'R2'},{'R1'},{'D5'},{'R3'},{'D1'},{'D6'},{'D3'},{'D2'},,,&,1.0,&
{'R2'},{'R1'},{'D5'},{'R3'},{'D1'},{'D2'},,,,,&,1.0,&
{'R2'},{'R1'},{'D5'},{'R3'},{'D1'},{'D4'},,,,,&,1.0,&
{'R2'},{'R1'},{'D5'},{'D2'},{'R3'},,,,,,&,1.0,&
{'R2'},{'R1'},{'D1'},,,,,,,,&,16.0,&
{'R2'},{'R1'},{'D1'},{'D5'},{'R3'},,,,,,&,1.0,&
{'R2'},{'R1'},{'D1'},{'D3'},,,,,,,&,1.0,&
{'R2'},{'R1'},{'D1'},{'D3'},{'D2'},,,,,,&,1.0,&
{'R2'},{'R1'},{'D1'},{'D3'},{'D2'},{'D4'},{'D7'},{'R3'},{'D6'},{'D5'},&,1.0,&
{'R2'},{'R1'},{'D1'},{'D3'},{'D7'},{'R3'},,,,,&,1.0,&
{'R2'},{'R1'},{'D1'},{'D3'},{'D5'},,,,,,&,1.0,&
{'R2'},{'R1'},{'D1'},{'D7'},,,,,,,&,1.0,&
{'R2'},{'R1'},{'D1'},{'R3'},,,,,,,&,6.0,&
{'R2'},{'R1'},{'D1'},{'R3'},{'D2'},,,,,,&,1.0,&
{'R2'},{'R1'},{'D1'},{'R3'},{'D2'},{'D5'},{'D3'},{'D6'},,,&,1.0,&
{'R2'},{'R1'},{'D1'},{'R3'},{'D2'},{'D5'},{'D3'},{'D4'},{'D7'},{'D6'},&,1.0,&
{'R2'},{'R1'},{'D1'},{'R3'},{'D2'},{'D6'},{'D3'},{'D5'},,,&,1.0,&
{'R2'},{'R1'},{'D1'},{'R3'},{'D2'},{'D3'},{'D7'},,,,&,1.0,&
{'R2'},{'R1'},{'D1'},{'R3'},{'D2'},{'D3'},{'D5'},{'D6'},{'D7'},,&,1.0,&
{'R2'},{'R1'},{'D1'},{'R3'},{'D2'},{'D3'},{'D5'},{'D6'},{'D7'},{'D4'},&,1.0,&
{'R2'},{'R1'},{'D1'},{'R3'},{'D2'},{'D3'},{'D6'},,,,&,2.0,&
{'R2'},{'R1'},{'D1'},{'R3'},{'D2'},{'D3'},{'D6'},{'D7'},,,&,1.0,&
{'R2'},{'R1'},{'D1'},{'R3'},{'D6'},,,,,,&,1.0,&
{'R2'},{'R1'},{'D1'},{'R3'},{'D6'},{'D2'},{'D3'},{'D4'},{'D5'},{'D7'},&,1.0,&
{'R2'},{'R1'},{'D1'},{'R3'},{'D6'},{'D2'},{'D3'},{'D5'},{'D4'},{'D7'},&,1.0,&
{'R2'},{'R1'},{'D1'},{'R3'},{'D3'},,,,,,&,2.0,&
{'R2'},{'R1'},{'D1'},{'R3'},{'D3'},{'D5'},{'D2'},,,,&,1.0,&
{'R2'},{'R1'},{'D1'},{'R3'},{'D3'},{'D2'},{'D5'},{'D7'},{'D6'},{'D4'},&,1.0,&
{'R2'},{'R1'},{'D1'},{'R3'},{'D3'},{'D2'},{'D6'},{'D7'},,,&,1.0,&
{'R2'},{'R1'},{'D1'},{'R3'},{'D3'},{'D2'},{'D6'},{'D7'},{'D4'},{'D5'},&,1.0,&
{'R2'},{'R1'},{'D1'},{'R3'},{'D3'},{'D2'},{'D6'},{'D5'},{'D7'},{'D4'},&,1.0,&
{'R2'},{'R1'},{'D1'},{'R3'},{'D3'},{'D2'},{'D4'},{'D5'},{'D6'},{'D7'},&,1.0,&
{'R2'},{'R1'},{'D1'},{'R3'},{'D3'},{'D4'},{'D2'},,,,&,1.0,&
{'R2'},{'R1'},{'D1'},{'R3'},{'D5'},,,,,,&,1.0,&
{'R2'},{'R1'},{'D1'},{'R3'},{'D5'},{'D2'},{'D3'},{'D4'},{'D7'},{'D6'},&,1.0,&
{'R2'},{'R1'},{'D1'},{'D6'},,,,,,,&,3.0,&
{'R2'},{'R1'},{'D1'},{'D6'},{'R3'},,,,,,&,1.0,&
{'R2'},{'R1'},{'D1'},{'D2'},{'D7'},,,,,,&,1.0,&
{'R2'},{'R1'},{'D1'},{'D2'},{'D3'},,,,,,&,2.0,&
{'R2'},{'R1'},{'D1'},{'D2'},{'D3'},{'R3'},{'D6'},{'D5'},{'D7'},,&,1.0,&
{'R2'},{'R1'},{'D1'},{'D2'},{'R3'},,,,,,&,3.0,&
{'R2'},{'R1'},{'D1'},{'D2'},{'R3'},{'D5'},{'D3'},,,,&,1.0,&
{'R2'},{'R1'},{'D1'},{'D2'},{'R3'},{'D6'},,,,,&,1.0,&
{'R2'},{'R1'},{'D7'},,,,,,,,&,2.0,&
{'R2'},{'R1'},{'D7'},{'D1'},,,,,,,&,1.0,&
{'R2'},{'R1'},{'D7'},{'D1'},{'D3'},{'D2'},{'R3'},{'D6'},{'D5'},,&,1.0,&
{'R2'},{'R1'},{'D7'},{'D3'},,,,,,,&,1.0,&
{'R2'},{'R1'},{'D7'},{'D3'},{'D1'},{'D2'},{'D4'},,,,&,1.0,&
{'R2'},{'R1'},{'D7'},{'D2'},{'D3'},,,,,,&,1.0,&
{'R2'},{'R1'},{'D7'},{'D2'},{'D4'},{'D1'},{'R3'},{'D3'},,,&,1.0,&
{'R2'},{'R1'},{'R3'},,,,,,,,&,40.0,&
{'R2'},{'R1'},{'R3'},{'D1'},,,,,,,&,11.0,&
{'R2'},{'R1'},{'R3'},{'D1'},{'D2'},,,,,,&,2.0,&
{'R2'},{'R1'},{'R3'},{'D1'},{'D2'},{'D3'},,,,,&,1.0,&
{'R2'},{'R1'},{'R3'},{'D1'},{'D3'},,,,,,&,6.0,&
{'R2'},{'R1'},{'R3'},{'D1'},{'D3'},{'D6'},{'D5'},{'D2'},{'D4'},,&,1.0,&
{'R2'},{'R1'},{'R3'},{'D1'},{'D3'},{'D2'},,,,,&,1.0,&
{'R2'},{'R1'},{'R3'},{'D1'},{'D3'},{'D2'},{'D6'},{'D5'},{'D7'},,&,1.0,&
{'R2'},{'R1'},{'R3'},{'D5'},,,,,,,&,1.0,&
{'R2'},{'R1'},{'R3'},{'D5'},{'D2'},,,,,,&,1.0,&
{'R2'},{'R1'},{'R3'},{'D5'},{'D2'},{'D3'},,,,,&,1.0,&
{'R2'},{'R1'},{'R3'},{'D3'},,,,,,,&,4.0,&
{'R2'},{'R1'},{'R3'},{'D3'},{'D2'},,,,,,&,1.0,&
{'R2'},{'R1'},{'R3'},{'D3'},{'D2'},{'D1'},,,,,&,3.0,&
{'R2'},{'R1'},{'R3'},{'D3'},{'D2'},{'D1'},{'D6'},,,,&,3.0,&
{'R2'},{'R1'},{'R3'},{'D3'},{'D2'},{'D5'},{'D6'},{'D1'},,,&,1.0,&
{'R2'},{'R1'},{'R3'},{'D3'},{'D2'},{'D6'},{'D1'},,,,&,1.0,&
{'R2'},{'R1'},{'R3'},{'D3'},{'D6'},,,,,,&,1.0,&
{'R2'},{'R1'},{'R3'},{'D3'},{'D6'},{'D1'},,,,,&,1.0,&
{'R2'},{'R1'},{'R3'},{'D3'},{'D6'},{'D1'},{'D2'},,,,&,1.0,&
{'R2'},{'R1'},{'R3'},{'D3'},{'D6'},{'D7'},{'D1'},{'D2'},{'D4'},{'D5'},&,1.0,&
{'R2'},{'R1'},{'R3'},{'D3'},{'D6'},{'D5'},,,,,&,1.0,&
{'R2'},{'R1'},{'R3'},{'D3'},{'D7'},{'D1'},{'D5'},{'D2'},{'D6'},{'D4'},&,1.0,&
{'R2'},{'R1'},{'R3'},{'D3'},{'D5'},,,,,,&,1.0,&
{'R2'},{'R1'},{'R3'},{'D3'},{'D1'},{'D7'},,,,,&,1.0,&
{'R2'},{'R1'},{'R3'},{'D3'},{'D1'},{'D5'},{'D2'},,,,&,1.0,&
{'R2'},{'R1'},{'R3'},{'D3'},{'D1'},{'D2'},,,,,&,1.0,&
{'R2'},{'R1'},{'R3'},{'D3'},{'D1'},{'D2'},{'D5'},,,,&,2.0,&
{'R2'},{'R1'},{'R3'},{'D3'},{'D1'},{'D2'},{'D6'},{'D5'},{'D7'},{'D4'},&,1.0,&
{'R2'},{'R1'},{'R3'},{'D7'},{'D1'},{'D2'},{'D3'},,,,&,1.0,&
{'R2'},{'R1'},{'R3'},{'D6'},,,,,,,&,1.0,&
{'R2'},{'R1'},{'R3'},{'D6'},{'D2'},{'D1'},{'D5'},{'D3'},{'D7'},,&,1.0,&
{'R2'},{'R1'},{'R3'},{'D6'},{'D2'},{'D7'},{'D1'},{'D3'},,,&,1.0,&
{'R2'},{'R1'},{'R3'},{'D6'},{'D7'},{'D3'},{'D1'},{'D2'},,,&,1.0,&
{'R2'},{'R1'},{'R3'},{'D6'},{'D3'},{'D2'},,,,,&,1.0,&
{'R2'},{'R1'},{'R3'},{'D6'},{'D3'},{'D2'},{'D1'},{'D4'},,,&,1.0,&
{'R2'},{'R1'},{'R3'},{'D6'},{'D1'},{'D5'},,,,,&,1.0,&
{'R2'},{'R1'},{'R3'},{'D6'},{'D1'},{'D3'},{'D2'},{'D5'},,,&,1.0,&
{'R2'},{'R1'},{'R3'},{'D2'},,,,,,,&,7.0,&
{'R2'},{'R1'},{'R3'},{'D2'},{'D6'},,,,,,&,1.0,&
{'R2'},{'R1'},{'R3'},{'D2'},{'D6'},{'D1'},{'D3'},,,,&,1.0,&
{'R2'},{'R1'},{'R3'},{'D2'},{'D3'},,,,,,&,2.0,&
{'R2'},{'R1'},{'R3'},{'D2'},{'D3'},{'D1'},,,,,&,2.0,&
{'R2'},{'R1'},{'R3'},{'D2'},{'D3'},{'D1'},{'D7'},,,,&,1.0,&
{'R2'},{'R1'},{'R3'},{'D2'},{'D3'},{'D1'},{'D5'},,,,&,1.0,&
{'R2'},{'R1'},{'R3'},{'D2'},{'D3'},{'D7'},{'D5'},{'D1'},{'D6'},{'D4'},&,1.0,&
{'R2'},{'R1'},{'R3'},{'D2'},{'D3'},{'D7'},{'D1'},{'D4'},{'D5'},,&,1.0,&
{'R2'},{'R1'},{'R3'},{'D2'},{'D3'},{'D5'},,,,,&,1.0,&
{'R2'},{'R1'},{'R3'},{'D2'},{'D5'},,,,,,&,1.0,&
{'R2'},{'R1'},{'R3'},{'D2'},{'D5'},{'D3'},{'D1'},{'D6'},{'D7'},,&,1.0,&
{'R2'},{'R1'},{'R3'},{'D2'},{'D1'},,,,,,&,4.0,&
{'R2'},{'R1'},{'R3'},{'D2'},{'D1'},{'D7'},{'D3'},{'D6'},{'D5'},,&,1.0,&
{'R2'},{'R1'},{'R3'},{'D2'},{'D1'},{'D5'},,,,,&,1.0,&
{'R2'},{'R1'},{'R3'},{'D2'},{'D1'},{'D5'},{'D3'},,,,&,1.0,&
{'R2'},{'R1'},{'R3'},{'D2'},{'D1'},{'D5'},{'D3'},{'D7'},{'D6'},{'D4'},&,1.0,&
{'R2'},{'R1'},{'R3'},{'D2'},{'D1'},{'D6'},{'D4'},,,,&,1.0,&
{'R2'},{'R1'},{'R3'},{'D2'},{'D1'},{'D3'},,,,,&,1.0,&
{'R2'},{'R1'},{'R3'},{'D2'},{'D1'},{'D3'},{'D7'},{'D6'},{'D4'},{'D5'},&,1.0,&
{'R2'},{'R1'},{'R3'},{'D2'},{'D1'},{'D3'},{'D5'},{'D6'},{'D7'},,&,1.0,&
{'R2'},{'R1'},{'R3'},{'D2'},{'D1'},{'D3'},{'D6'},{'D7'},{'D5'},{'D4'},&,1.0,&
{'R2'},{'R1'},{'R3'},{'D2'},{'D1'},{'D3'},{'D6'},{'D5'},{'D4'},{'D7'},&,1.0,&
{'R2'},{'R1'},{'R3'},{'D2'},{'D4'},{'D5'},{'D1'},,,,&,1.0,&
{'R2'},{'R1'},{'D2'},,,,,,,,&,15.0,&
{'R2'},{'R1'},{'D2'},{'D1'},,,,,,,&,1.0,&
{'R2'},{'R1'},{'D2'},{'D1'},{'D6'},{'R3'},,,,,&,1.0,&
{'R2'},{'R1'},{'D2'},{'D1'},{'D7'},{'R3'},{'D5'},{'D6'},,,&,1.0,&
{'R2'},{'R1'},{'D2'},{'D1'},{'D7'},{'D3'},,,,,&,1.0,&
{'R2'},{'R1'},{'D2'},{'D1'},{'D7'},{'D3'},{'D6'},{'D5'},{'D4'},,&,1.0,&
{'R2'},{'R1'},{'D2'},{'D1'},{'D3'},,,,,,&,1.0,&
{'R2'},{'R1'},{'D2'},{'D1'},{'D3'},{'D7'},{'D6'},{'D5'},{'D4'},{'R3'},&,1.0,&
{'R2'},{'R1'},{'D2'},{'D1'},{'D3'},{'D6'},{'R3'},{'D7'},,,&,1.0,&
{'R2'},{'R1'},{'D2'},{'D1'},{'D3'},{'R3'},{'D5'},{'D6'},{'D4'},{'D7'},&,1.0,&
{'R2'},{'R1'},{'D2'},{'D1'},{'D3'},{'R3'},{'D4'},{'D6'},,,&,1.0,&
{'R2'},{'R1'},{'D2'},{'D1'},{'D5'},{'D6'},{'R3'},{'D3'},{'D7'},,&,1.0,&
{'R2'},{'R1'},{'D2'},{'D1'},{'D5'},{'R3'},,,,,&,1.0,&
{'R2'},{'R1'},{'D2'},{'D1'},{'D5'},{'R3'},{'D3'},{'D6'},{'D4'},,&,1.0,&
{'R2'},{'R1'},{'D2'},{'D1'},{'D5'},{'D3'},{'R3'},,,,&,1.0,&
{'R2'},{'R1'},{'D2'},{'D1'},{'D5'},{'D3'},{'D4'},{'R3'},{'D6'},{'D7'},&,1.0,&
{'R2'},{'R1'},{'D2'},{'D1'},{'R3'},,,,,,&,1.0,&
{'R2'},{'R1'},{'D2'},{'D1'},{'R3'},{'D7'},{'D3'},{'D6'},,,&,1.0,&
{'R2'},{'R1'},{'D2'},{'D1'},{'R3'},{'D6'},{'D3'},,,,&,1.0,&
{'R2'},{'R1'},{'D2'},{'D1'},{'R3'},{'D3'},{'D5'},{'D4'},{'D6'},,&,1.0,&
{'R2'},{'R1'},{'D2'},{'D1'},{'D4'},{'R3'},{'D3'},,,,&,1.0,&
{'R2'},{'R1'},{'D2'},{'D1'},{'D4'},{'D3'},,,,,&,1.0,&
{'R2'},{'R1'},{'D2'},{'D5'},{'R3'},,,,,,&,1.0,&
{'R2'},{'R1'},{'D2'},{'D5'},{'R3'},{'D3'},,,,,&,1.0,&
{'R2'},{'R1'},{'D2'},{'D3'},,,,,,,&,4.0,&
{'R2'},{'R1'},{'D2'},{'D3'},{'D6'},{'R3'},,,,,&,1.0,&
{'R2'},{'R1'},{'D2'},{'D3'},{'D6'},{'R3'},{'D1'},,,,&,1.0,&
{'R2'},{'R1'},{'D2'},{'D3'},{'D6'},{'R3'},{'D1'},{'D7'},{'D5'},{'D4'},&,1.0,&
{'R2'},{'R1'},{'D2'},{'D3'},{'R3'},{'D6'},{'D1'},{'D7'},{'D5'},,&,1.0,&
{'R2'},{'R1'},{'D2'},{'D3'},{'D1'},{'D7'},{'D6'},{'R3'},,,&,1.0,&
{'R2'},{'R1'},{'D2'},{'D3'},{'D1'},{'D5'},,,,,&,1.0,&
{'R2'},{'R1'},{'D2'},{'D3'},{'D1'},{'R3'},{'D7'},{'D6'},{'D5'},,&,1.0,&
{'R2'},{'R1'},{'D2'},{'D3'},{'D1'},{'R3'},{'D6'},{'D5'},,,&,2.0,&
{'R2'},{'R1'},{'D2'},{'D3'},{'D1'},{'D4'},{'D6'},{'D5'},{'D7'},{'R3'},&,1.0,&
{'R2'},{'R1'},{'D2'},{'D4'},{'R3'},,,,,,&,1.0,&
{'R2'},{'R1'},{'D2'},{'D4'},{'R3'},{'D3'},{'D5'},{'D1'},,,&,1.0,&
{'R2'},{'R1'},{'D2'},{'R3'},,,,,,,&,8.0,&
{'R2'},{'R1'},{'D2'},{'R3'},{'D6'},{'D3'},{'D1'},{'D4'},{'D5'},{'D7'},&,1.0,&
{'R2'},{'R1'},{'D2'},{'R3'},{'D3'},{'D1'},,,,,&,3.0,&
{'R2'},{'R1'},{'D2'},{'R3'},{'D3'},{'D1'},{'D6'},,,,&,1.0,&
{'R2'},{'R1'},{'D2'},{'R3'},{'D3'},{'D1'},{'D4'},,,,&,1.0,&
{'R2'},{'R1'},{'D2'},{'R3'},{'D1'},{'D6'},{'D3'},{'D5'},{'D7'},{'D4'},&,1.0,&
{'R2'},{'R1'},{'D2'},{'R3'},{'D1'},{'D3'},{'D5'},,,,&,1.0,&
{'R2'},{'R1'},{'D2'},{'D6'},{'D3'},{'D1'},{'D5'},{'D7'},{'R3'},,&,1.0,&
{'R2'},{'R1'},{'D2'},{'D6'},{'D3'},{'D5'},,,,,&,1.0,&
{'R2'},{'R1'},{'D4'},{'D2'},{'R3'},{'D5'},{'D3'},{'D1'},{'D7'},,&,1.0,&
{'R2'},{'D4'},{'R1'},{'D2'},{'D6'},{'D7'},{'D3'},{'R3'},,,&,1.0,&
{'R2'},{'D4'},{'R1'},{'D2'},{'D3'},{'R3'},{'D6'},{'D5'},{'D1'},{'D7'},&,1.0,&
{'R2'},{'D4'},{'D6'},,,,,,,,&,1.0,&
{'R2'},{'D4'},{'D6'},{'R3'},{'D2'},{'D3'},,,,,&,1.0,&
{'R2'},{'D4'},{'D6'},{'R3'},{'D2'},{'R1'},{'D5'},,,,&,1.0,&
{'R2'},{'D4'},{'D6'},{'R3'},{'D5'},{'R1'},,,,,&,1.0,&
{'R2'},{'D4'},{'D3'},,,,,,,,&,2.0,&
{'R2'},{'D4'},{'D3'},{'D1'},{'D2'},{'D6'},{'D7'},,,,&,1.0,&
{'R2'},{'D4'},{'D3'},{'D2'},,,,,,,&,1.0,&
{'R2'},{'D4'},{'D3'},{'D2'},{'D1'},{'D7'},{'D6'},{'D5'},{'R3'},,&,1.0,&
{'R2'},{'D4'},{'D5'},{'D2'},{'R3'},{'D3'},{'D6'},{'R1'},{'D1'},{'D7'},&,1.0,&
{'R2'},{'D4'},{'D1'},,,,,,,,&,1.0,&
{'R2'},{'D4'},{'D1'},{'R1'},{'R3'},{'D2'},{'D6'},,,,&,1.0,&
{'R2'},{'D4'},{'D1'},{'R3'},{'D7'},,,,,,&,1.0,&
{'R2'},{'D4'},{'D1'},{'D2'},{'D7'},{'D6'},{'R3'},{'R1'},{'D3'},,&,1.0,&
{'R2'},{'D4'},{'R3'},,,,,,,,&,1.0,&
{'R2'},{'D4'},{'R3'},{'D1'},,,,,,,&,1.0,&
{'R2'},{'D4'},{'R3'},{'D1'},{'D6'},,,,,,&,1.0,&
{'R2'},{'D4'},{'R3'},{'D1'},{'D7'},{'D3'},{'D2'},{'D6'},{'D5'},{'R1'},&,1.0,&
{'R2'},{'D4'},{'R3'},{'D3'},{'D2'},{'D1'},,,,,&,1.0,&
{'R2'},{'D4'},{'R3'},{'D3'},{'D2'},{'D1'},{'R1'},{'D6'},{'D7'},,&,1.0,&
{'R2'},{'D4'},{'R3'},{'D3'},{'R1'},{'D1'},,,,,&,1.0,&
{'R2'},{'D4'},{'R3'},{'R1'},{'D2'},{'D6'},{'D3'},{'D1'},,,&,1.0,&
{'R2'},{'D4'},{'R3'},{'R1'},{'D3'},{'D2'},,,,,&,1.0,&
{'R2'},{'D4'},{'R3'},{'D2'},,,,,,,&,1.0,&
{'R2'},{'D4'},{'R3'},{'D2'},{'R1'},{'D1'},,,,,&,1.0,&
{'R2'},{'D4'},{'R3'},{'D2'},{'R1'},{'D3'},{'D1'},,,,&,1.0,&
{'R2'},{'D4'},{'R3'},{'D2'},{'D1'},{'D3'},{'D7'},,,,&,1.0,&
{'R2'},{'D4'},{'D2'},{'D1'},,,,,,,&,2.0,&
{'R2'},{'D4'},{'D2'},{'D1'},{'R3'},,,,,,&,1.0,&
{'R2'},{'D4'},{'D2'},{'D3'},{'D1'},{'D5'},,,,,&,2.0,&
{'R2'},{'D4'},{'D2'},{'R3'},{'D6'},{'D1'},{'D3'},{'D7'},{'R1'},{'D5'},&,1.0,&
{'R2'},{'D4'},{'D2'},{'R3'},{'D1'},{'R1'},,,,,&,1.0,&
{'R2'},{'D3'},,,,,,,,,&,23.0,&
{'R2'},{'D3'},{'R1'},,,,,,,,&,3.0,&
{'R2'},{'D3'},{'R1'},{'D1'},,,,,,,&,3.0,&
{'R2'},{'D3'},{'R1'},{'D1'},{'D2'},{'R3'},,,,,&,2.0,&
{'R2'},{'D3'},{'R1'},{'D1'},{'D2'},{'R3'},{'D7'},,,,&,1.0,&
{'R2'},{'D3'},{'R1'},{'D1'},{'D5'},{'D7'},{'R3'},{'D2'},,,&,1.0,&
{'R2'},{'D3'},{'R1'},{'D1'},{'D5'},{'D6'},{'D2'},{'D4'},{'R3'},,&,1.0,&
{'R2'},{'D3'},{'R1'},{'D1'},{'R3'},,,,,,&,1.0,&
{'R2'},{'D3'},{'R1'},{'D1'},{'R3'},{'D5'},{'D2'},{'D6'},{'D4'},,&,1.0,&
{'R2'},{'D3'},{'R1'},{'D1'},{'R3'},{'D2'},{'D5'},{'D6'},{'D7'},{'D4'},&,1.0,&
{'R2'},{'D3'},{'R1'},{'D5'},{'D2'},{'D1'},{'D7'},{'D4'},{'D6'},,&,1.0,&
{'R2'},{'D3'},{'R1'},{'D5'},{'D2'},{'D1'},{'R3'},{'D6'},{'D7'},,&,1.0,&
{'R2'},{'D3'},{'R1'},{'D5'},{'D2'},{'R3'},{'D7'},{'D1'},{'D6'},{'D4'},&,1.0,&
{'R2'},{'D3'},{'R1'},{'D5'},{'D2'},{'R3'},{'D6'},{'D1'},,,&,1.0,&
{'R2'},{'D3'},{'R1'},{'D7'},{'D2'},{'D1'},{'D6'},{'R3'},,,&,1.0,&
{'R2'},{'D3'},{'R1'},{'D7'},{'R3'},,,,,,&,1.0,&
{'R2'},{'D3'},{'R1'},{'R3'},,,,,,,&,5.0,&
{'R2'},{'D3'},{'R1'},{'R3'},{'D2'},,,,,,&,2.0,&
{'R2'},{'D3'},{'R1'},{'R3'},{'D2'},{'D1'},{'D5'},{'D6'},{'D7'},,&,1.0,&
{'R2'},{'D3'},{'R1'},{'R3'},{'D2'},{'D1'},{'D6'},,,,&,1.0,&
{'R2'},{'D3'},{'R1'},{'R3'},{'D2'},{'D7'},{'D5'},{'D1'},{'D6'},,&,1.0,&
{'R2'},{'D3'},{'R1'},{'R3'},{'D2'},{'D7'},{'D6'},{'D1'},{'D5'},{'D4'},&,1.0,&
{'R2'},{'D3'},{'R1'},{'R3'},{'D6'},{'D1'},{'D2'},{'D7'},,,&,1.0,&
{'R2'},{'D3'},{'R1'},{'R3'},{'D5'},,,,,,&,1.0,&
{'R2'},{'D3'},{'R1'},{'R3'},{'D1'},{'D6'},,,,,&,1.0,&
{'R2'},{'D3'},{'R1'},{'D2'},,,,,,,&,1.0,&
{'R2'},{'D3'},{'R1'},{'D2'},{'D7'},{'R3'},{'D5'},{'D1'},{'D6'},{'D4'},&,1.0,&
{'R2'},{'D3'},{'R1'},{'D2'},{'D5'},{'R3'},{'D6'},{'D1'},,,&,1.0,&
{'R2'},{'D3'},{'R1'},{'D2'},{'R3'},{'D1'},{'D5'},{'D6'},{'D7'},,&,1.0,&
{'R2'},{'D3'},{'R1'},{'D2'},{'R3'},{'D1'},{'D6'},{'D5'},,,&,1.0,&
{'R2'},{'D3'},{'R1'},{'D2'},{'R3'},{'D6'},{'D1'},{'D5'},{'D7'},,&,1.0,&
{'R2'},{'D3'},{'R1'},{'D2'},{'D1'},,,,,,&,2.0,&
{'R2'},{'D3'},{'R1'},{'D2'},{'D1'},{'D6'},{'D7'},{'R3'},,,&,1.0,&
{'R2'},{'D3'},{'R1'},{'D2'},{'D1'},{'R3'},{'D7'},{'D6'},,,&,1.0,&
{'R2'},{'D3'},{'R1'},{'D2'},{'D1'},{'R3'},{'D6'},{'D5'},{'D7'},{'D4'},&,1.0,&
{'R2'},{'D3'},{'D6'},,,,,,,,&,6.0,&
{'R2'},{'D3'},{'D6'},{'D1'},{'D2'},{'R1'},{'D7'},{'R3'},,,&,1.0,&
{'R2'},{'D3'},{'D6'},{'D5'},{'D2'},{'D7'},{'D1'},{'R3'},,,&,1.0,&
{'R2'},{'D3'},{'D6'},{'D5'},{'D2'},{'R3'},{'R1'},{'D1'},{'D7'},{'D4'},&,1.0,&
{'R2'},{'D3'},{'D6'},{'R1'},{'R3'},,,,,,&,1.0,&
{'R2'},{'D3'},{'D6'},{'R1'},{'D1'},{'D5'},{'R3'},{'D2'},,,&,1.0,&
{'R2'},{'D3'},{'D6'},{'R3'},,,,,,,&,1.0,&
{'R2'},{'D3'},{'D6'},{'R3'},{'D2'},{'R1'},{'D7'},{'D1'},{'D5'},,&,1.0,&
{'R2'},{'D3'},{'D6'},{'R3'},{'R1'},,,,,,&,1.0,&
{'R2'},{'D3'},{'D6'},{'R3'},{'R1'},{'D1'},{'D2'},{'D7'},{'D5'},,&,1.0,&
{'R2'},{'D3'},{'D6'},{'R3'},{'R1'},{'D2'},{'D1'},{'D7'},,,&,1.0,&
{'R2'},{'D3'},{'D6'},{'R3'},{'D5'},{'D1'},{'R1'},{'D2'},,,&,1.0,&
{'R2'},{'D3'},{'D6'},{'D2'},{'D7'},,,,,,&,1.0,&
{'R2'},{'D3'},{'D6'},{'D2'},{'R1'},{'D1'},,,,,&,1.0,&
{'R2'},{'D3'},{'D6'},{'D2'},{'R3'},{'D1'},{'D5'},{'R1'},{'D7'},{'D4'},&,1.0,&
{'R2'},{'D3'},{'D6'},{'D2'},{'R3'},{'R1'},{'D1'},{'D5'},,,&,1.0,&
{'R2'},{'D3'},{'D6'},{'D2'},{'R3'},{'R1'},{'D1'},{'D5'},{'D7'},{'D4'},&,1.0,&
{'R2'},{'D3'},{'D6'},{'D2'},{'D1'},,,,,,&,1.0,&
{'R2'},{'D3'},{'D6'},{'D2'},{'D1'},{'D5'},,,,,&,1.0,&
{'R2'},{'D3'},{'D5'},,,,,,,,&,2.0,&
{'R2'},{'D3'},{'D5'},{'D4'},{'R1'},{'D1'},{'D6'},{'R3'},,,&,1.0,&
{'R2'},{'D3'},{'D5'},{'R1'},{'D2'},{'R3'},,,,,&,1.0,&
{'R2'},{'D3'},{'D5'},{'R3'},,,,,,,&,1.0,&
{'R2'},{'D3'},{'D5'},{'R3'},{'D2'},{'R1'},{'D1'},,,,&,1.0,&
{'R2'},{'D3'},{'D5'},{'R3'},{'D6'},{'D1'},{'R1'},,,,&,1.0,&
{'R2'},{'D3'},{'D5'},{'R3'},{'R1'},{'D7'},{'D2'},{'D6'},,,&,1.0,&
{'R2'},{'D3'},{'D5'},{'R3'},{'R1'},{'D2'},,,,,&,1.0,&
{'R2'},{'D3'},{'D5'},{'R3'},{'D1'},{'D2'},,,,,&,1.0,&
{'R2'},{'D3'},{'D5'},{'R3'},{'D1'},{'D2'},{'R1'},{'D6'},{'D7'},{'D4'},&,1.0,&
{'R2'},{'D3'},{'D5'},{'R3'},{'D1'},{'D2'},{'R1'},{'D6'},{'D4'},{'D7'},&,1.0,&
{'R2'},{'D3'},{'D5'},{'D6'},{'D2'},{'D7'},{'D1'},{'R3'},{'D4'},{'R1'},&,1.0,&
{'R2'},{'D3'},{'D5'},{'D2'},{'R3'},{'D7'},,,,,&,1.0,&
{'R2'},{'D3'},{'D5'},{'D2'},{'D1'},{'D6'},,,,,&,1.0,&
{'R2'},{'D3'},{'D5'},{'D2'},{'D1'},{'D6'},{'D7'},{'R3'},{'R1'},{'D4'},&,1.0,&
{'R2'},{'D3'},{'D5'},{'D2'},{'D1'},{'D6'},{'R1'},,,,&,1.0,&
{'R2'},{'D3'},{'D1'},,,,,,,,&,24.0,&
{'R2'},{'D3'},{'D1'},{'D5'},{'R3'},{'D7'},{'D2'},,,,&,1.0,&
{'R2'},{'D3'},{'D1'},{'D5'},{'R3'},{'D2'},{'D7'},{'R1'},{'D6'},,&,1.0,&
{'R2'},{'D3'},{'D1'},{'D4'},{'D2'},{'D7'},,,,,&,1.0,&
{'R2'},{'D3'},{'D1'},{'D4'},{'D2'},{'R3'},{'D6'},{'D7'},{'D5'},,&,1.0,&
{'R2'},{'D3'},{'D1'},{'D4'},{'R3'},,,,,,&,1.0,&
{'R2'},{'D3'},{'D1'},{'D7'},,,,,,,&,1.0,&
{'R2'},{'D3'},{'D1'},{'D7'},{'R3'},{'D6'},{'D2'},,,,&,1.0,&
{'R2'},{'D3'},{'D1'},{'R1'},,,,,,,&,1.0,&
{'R2'},{'D3'},{'D1'},{'R1'},{'D2'},,,,,,&,1.0,&
{'R2'},{'D3'},{'D1'},{'R1'},{'D2'},{'R3'},{'D5'},{'D6'},{'D7'},,&,1.0,&
{'R2'},{'D3'},{'D1'},{'R1'},{'D2'},{'D4'},{'D7'},{'D6'},{'D5'},,&,1.0,&
{'R2'},{'D3'},{'D1'},{'R1'},{'R3'},{'D2'},,,,,&,1.0,&
{'R2'},{'D3'},{'D1'},{'R1'},{'R3'},{'D2'},{'D7'},{'D5'},,,&,1.0,&
{'R2'},{'D3'},{'D1'},{'R1'},{'R3'},{'D4'},{'D2'},{'D5'},{'D6'},{'D7'},&,1.0,&
{'R2'},{'D3'},{'D1'},{'R3'},{'D2'},,,,,,&,1.0,&
{'R2'},{'D3'},{'D1'},{'R3'},{'D2'},{'D5'},,,,,&,1.0,&
{'R2'},{'D3'},{'D1'},{'R3'},{'D2'},{'D6'},{'D7'},,,,&,1.0,&
{'R2'},{'D3'},{'D1'},{'R3'},{'D2'},{'D6'},{'D5'},{'R1'},{'D7'},{'D4'},&,1.0,&
{'R2'},{'D3'},{'D1'},{'R3'},{'D2'},{'D6'},{'D5'},{'R1'},{'D4'},,&,1.0,&
{'R2'},{'D3'},{'D1'},{'R3'},{'D2'},{'R1'},{'D6'},{'D7'},{'D5'},{'D4'},&,1.0,&
{'R2'},{'D3'},{'D1'},{'R3'},{'D2'},{'R1'},{'D4'},,,,&,2.0,&
{'R2'},{'D3'},{'D1'},{'R3'},{'D6'},,,,,,&,1.0,&
{'R2'},{'D3'},{'D1'},{'R3'},{'D6'},{'R1'},,,,,&,1.0,&
{'R2'},{'D3'},{'D1'},{'R3'},{'R1'},,,,,,&,1.0,&
{'R2'},{'D3'},{'D1'},{'R3'},{'R1'},{'D7'},{'D2'},{'D4'},{'D6'},,&,1.0,&
{'R2'},{'D3'},{'D1'},{'R3'},{'R1'},{'D2'},,,,,&,1.0,&
{'R2'},{'D3'},{'D1'},{'R3'},{'R1'},{'D2'},{'D5'},{'D6'},,,&,1.0,&
{'R2'},{'D3'},{'D1'},{'R3'},{'R1'},{'D2'},{'D5'},{'D6'},{'D7'},,&,1.0,&
{'R2'},{'D3'},{'D1'},{'R3'},{'R1'},{'D2'},{'D5'},{'D7'},{'D6'},{'D4'},&,1.0,&
{'R2'},{'D3'},{'D1'},{'R3'},{'R1'},{'D2'},{'D6'},,,,&,2.0,&
{'R2'},{'D3'},{'D1'},{'R3'},{'R1'},{'D2'},{'D6'},{'D4'},,,&,1.0,&
{'R2'},{'D3'},{'D1'},{'R3'},{'R1'},{'D2'},{'D6'},{'D7'},{'D5'},,&,1.0,&
{'R2'},{'D3'},{'D1'},{'R3'},{'R1'},{'D2'},{'D6'},{'D5'},,,&,1.0,&
{'R2'},{'D3'},{'D1'},{'R3'},{'R1'},{'D2'},{'D6'},{'D5'},{'D7'},{'D4'},&,1.0,&
{'R2'},{'D3'},{'D1'},{'R3'},{'R1'},{'D4'},{'D7'},{'D2'},{'D5'},{'D6'},&,1.0,&
{'R2'},{'D3'},{'D1'},{'D6'},,,,,,,&,2.0,&
{'R2'},{'D3'},{'D1'},{'D6'},{'D2'},,,,,,&,1.0,&
{'R2'},{'D3'},{'D1'},{'D6'},{'D2'},{'D5'},,,,,&,1.0,&
{'R2'},{'D3'},{'D1'},{'D6'},{'D2'},{'R1'},{'R3'},{'D5'},,,&,1.0,&
{'R2'},{'D3'},{'D1'},{'D6'},{'R1'},{'D2'},{'D4'},{'D7'},{'D5'},{'R3'},&,1.0,&
{'R2'},{'D3'},{'D1'},{'D2'},,,,,,,&,4.0,&
{'R2'},{'D3'},{'D1'},{'D2'},{'D6'},,,,,,&,3.0,&
{'R2'},{'D3'},{'D1'},{'D2'},{'D6'},{'D7'},{'R3'},{'D5'},{'D4'},{'R1'},&,1.0,&
{'R2'},{'D3'},{'D1'},{'D2'},{'D6'},{'D5'},,,,,&,1.0,&
{'R2'},{'D3'},{'D1'},{'D2'},{'D6'},{'R3'},,,,,&,2.0,&
{'R2'},{'D3'},{'D1'},{'D2'},{'D7'},,,,,,&,1.0,&
{'R2'},{'D3'},{'D1'},{'D2'},{'D7'},{'D5'},{'R3'},{'R1'},{'D6'},,&,1.0,&
{'R2'},{'D3'},{'D1'},{'D2'},{'D7'},{'R3'},{'R1'},{'D4'},,,&,1.0,&
{'R2'},{'D3'},{'D1'},{'D2'},{'D7'},{'R1'},{'D5'},{'D4'},{'R3'},,&,1.0,&
{'R2'},{'D3'},{'D1'},{'D2'},{'D7'},{'D4'},,,,,&,1.0,&
{'R2'},{'D3'},{'D1'},{'D2'},{'R1'},{'D7'},,,,,&,1.0,&
{'R2'},{'D3'},{'D1'},{'D2'},{'D5'},,,,,,&,3.0,&
{'R2'},{'D3'},{'D1'},{'D2'},{'D5'},{'D7'},{'D6'},{'D4'},{'R3'},{'R1'},&,1.0,&
{'R2'},{'D3'},{'D1'},{'D2'},{'D5'},{'D6'},{'R3'},{'R1'},{'D7'},,&,1.0,&
{'R2'},{'D3'},{'D1'},{'D2'},{'D5'},{'R3'},,,,,&,3.0,&
{'R2'},{'D3'},{'D1'},{'D2'},{'D5'},{'R3'},{'R1'},{'D6'},,,&,1.0,&
{'R2'},{'D3'},{'D1'},{'D2'},{'R3'},,,,,,&,1.0,&
{'R2'},{'D3'},{'D1'},{'D2'},{'R3'},{'D7'},,,,,&,1.0,&
{'R2'},{'D3'},{'D1'},{'D2'},{'R3'},{'D5'},{'D7'},{'D6'},,,&,1.0,&
{'R2'},{'D3'},{'D1'},{'D2'},{'R3'},{'D6'},,,,,&,1.0,&
{'R2'},{'D3'},{'D1'},{'D2'},{'R3'},{'D6'},{'D5'},{'D4'},{'R1'},{'D7'},&,1.0,&
{'R2'},{'D3'},{'D1'},{'D2'},{'R3'},{'D6'},{'R1'},{'D4'},,,&,1.0,&
{'R2'},{'D3'},{'D1'},{'D2'},{'R3'},{'R1'},,,,,&,3.0,&
{'R2'},{'D3'},{'D1'},{'D2'},{'R3'},{'R1'},{'D7'},{'D5'},,,&,1.0,&
{'R2'},{'D3'},{'D1'},{'D2'},{'R3'},{'R1'},{'D5'},{'D7'},{'D6'},{'D4'},&,1.0,&
{'R2'},{'D3'},{'D1'},{'D2'},{'R3'},{'R1'},{'D6'},{'D7'},{'D5'},{'D4'},&,1.0,&
{'R2'},{'D3'},{'D1'},{'D2'},{'R3'},{'D4'},{'D7'},{'D6'},{'R1'},{'D5'},&,1.0,&
{'R2'},{'D3'},{'D1'},{'D2'},{'R3'},{'D4'},{'R1'},{'D6'},,,&,1.0,&
{'R2'},{'D3'},{'D7'},,,,,,,,&,3.0,&
{'R2'},{'D3'},{'D7'},{'D1'},{'D5'},{'D2'},{'D6'},{'D4'},{'R3'},,&,1.0,&
{'R2'},{'D3'},{'D7'},{'D5'},{'D1'},{'R3'},{'D2'},,,,&,1.0,&
{'R2'},{'D3'},{'D7'},{'R1'},{'R3'},{'D5'},{'D2'},{'D1'},{'D6'},{'D4'},&,1.0,&
{'R2'},{'D3'},{'D7'},{'R3'},,,,,,,&,1.0,&
{'R2'},{'D3'},{'D7'},{'R3'},{'R1'},{'D2'},,,,,&,1.0,&
{'R2'},{'D3'},{'D7'},{'R3'},{'R1'},{'D2'},{'D1'},{'D6'},{'D5'},{'D4'},&,1.0,&
{'R2'},{'D3'},{'D7'},{'R3'},{'R1'},{'D2'},{'D6'},{'D5'},,,&,1.0,&
{'R2'},{'D3'},{'D7'},{'R3'},{'D1'},{'R1'},,,,,&,1.0,&
{'R2'},{'D3'},{'D7'},{'D2'},{'R3'},{'R1'},{'D1'},{'D6'},{'D5'},{'D4'},&,1.0,&
{'R2'},{'D3'},{'D7'},{'D2'},{'R3'},{'R1'},{'D1'},{'D5'},,,&,2.0,&
{'R2'},{'D3'},{'D7'},{'D2'},{'D1'},,,,,,&,1.0,&
{'R2'},{'D3'},{'D7'},{'D2'},{'D1'},{'D6'},,,,,&,1.0,&
{'R2'},{'D3'},{'D7'},{'D2'},{'D1'},{'D6'},{'R3'},,,,&,1.0,&
{'R2'},{'D3'},{'D7'},{'D2'},{'D1'},{'D6'},{'R3'},{'D5'},{'D4'},,&,1.0,&
{'R2'},{'D3'},{'D7'},{'D2'},{'D1'},{'D6'},{'D5'},{'D4'},,,&,1.0,&
{'R2'},{'D3'},{'D7'},{'D2'},{'D1'},{'R1'},,,,,&,1.0,&
{'R2'},{'D3'},{'R3'},,,,,,,,&,27.0,&
{'R2'},{'D3'},{'R3'},{'D1'},,,,,,,&,4.0,&
{'R2'},{'D3'},{'R3'},{'D1'},{'D2'},,,,,,&,4.0,&
{'R2'},{'D3'},{'R3'},{'D1'},{'D2'},{'D7'},{'R1'},{'D5'},{'D6'},{'D4'},&,1.0,&
{'R2'},{'D3'},{'R3'},{'D1'},{'D2'},{'D7'},{'D6'},{'D5'},{'D4'},,&,1.0,&
{'R2'},{'D3'},{'R3'},{'D1'},{'D2'},{'D5'},{'R1'},,,,&,1.0,&
{'R2'},{'D3'},{'R3'},{'D1'},{'D2'},{'D5'},{'D6'},{'D4'},{'R1'},{'D7'},&,1.0,&
{'R2'},{'D3'},{'R3'},{'D1'},{'D2'},{'D6'},,,,,&,2.0,&
{'R2'},{'D3'},{'R3'},{'D1'},{'D2'},{'D6'},{'R1'},{'D7'},,,&,1.0,&
{'R2'},{'D3'},{'R3'},{'D1'},{'D2'},{'R1'},,,,,&,2.0,&
{'R2'},{'D3'},{'R3'},{'D1'},{'D2'},{'R1'},{'D4'},,,,&,1.0,&
{'R2'},{'D3'},{'R3'},{'D1'},{'R1'},,,,,,&,1.0,&
{'R2'},{'D3'},{'R3'},{'D1'},{'R1'},{'D7'},{'D6'},{'D2'},{'D5'},{'D4'},&,1.0,&
{'R2'},{'D3'},{'R3'},{'D1'},{'R1'},{'D2'},,,,,&,3.0,&
{'R2'},{'D3'},{'R3'},{'D1'},{'R1'},{'D2'},{'D7'},,,,&,1.0,&
{'R2'},{'D3'},{'R3'},{'D1'},{'R1'},{'D2'},{'D5'},,,,&,1.0,&
{'R2'},{'D3'},{'R3'},{'D1'},{'R1'},{'D2'},{'D5'},{'D6'},{'D7'},{'D4'},&,1.0,&
{'R2'},{'D3'},{'R3'},{'D1'},{'R1'},{'D2'},{'D5'},{'D4'},,,&,1.0,&
{'R2'},{'D3'},{'R3'},{'D1'},{'R1'},{'D2'},{'D5'},{'D7'},,,&,1.0,&
{'R2'},{'D3'},{'R3'},{'D1'},{'R1'},{'D2'},{'D5'},{'D7'},{'D6'},,&,1.0,&
{'R2'},{'D3'},{'R3'},{'D1'},{'R1'},{'D2'},{'D6'},{'D7'},,,&,1.0,&
{'R2'},{'D3'},{'R3'},{'D1'},{'R1'},{'D2'},{'D6'},{'D7'},{'D5'},,&,1.0,&
{'R2'},{'D3'},{'R3'},{'D1'},{'R1'},{'D2'},{'D6'},{'D5'},,,&,1.0,&
{'R2'},{'D3'},{'R3'},{'D1'},{'D5'},{'D7'},{'D6'},,,,&,1.0,&
{'R2'},{'D3'},{'R3'},{'D5'},{'D2'},{'D1'},{'D6'},{'D4'},{'D7'},,&,1.0,&
{'R2'},{'D3'},{'R3'},{'D5'},{'D2'},{'R1'},{'D1'},{'D6'},{'D4'},,&,1.0,&
{'R2'},{'D3'},{'R3'},{'D5'},{'R1'},,,,,,&,2.0,&
{'R2'},{'D3'},{'R3'},{'D5'},{'R1'},{'D1'},{'D2'},,,,&,1.0,&
{'R2'},{'D3'},{'R3'},{'D5'},{'R1'},{'D2'},{'D1'},,,,&,1.0,&
{'R2'},{'D3'},{'R3'},{'D5'},{'D1'},{'D2'},{'D6'},{'R1'},{'D7'},,&,1.0,&
{'R2'},{'D3'},{'R3'},{'D4'},{'D2'},{'D1'},,,,,&,1.0,&
{'R2'},{'D3'},{'R3'},{'D7'},,,,,,,&,1.0,&
{'R2'},{'D3'},{'R3'},{'D7'},{'R1'},{'D6'},,,,,&,1.0,&
{'R2'},{'D3'},{'R3'},{'D7'},{'R1'},{'D2'},{'D5'},{'D1'},,,&,1.0,&
{'R2'},{'D3'},{'R3'},{'R1'},,,,,,,&,15.0,&
{'R2'},{'D3'},{'R3'},{'R1'},{'D2'},,,,,,&,5.0,&
{'R2'},{'D3'},{'R3'},{'R1'},{'D2'},{'D1'},,,,,&,3.0,&
{'R2'},{'D3'},{'R3'},{'R1'},{'D2'},{'D1'},{'D7'},{'D6'},{'D5'},,&,1.0,&
{'R2'},{'D3'},{'R3'},{'R1'},{'D2'},{'D1'},{'D7'},{'D5'},,,&,1.0,&
{'R2'},{'D3'},{'R3'},{'R1'},{'D2'},{'D1'},{'D6'},{'D4'},,,&,1.0,&
{'R2'},{'D3'},{'R3'},{'R1'},{'D2'},{'D1'},{'D6'},{'D4'},{'D5'},{'D7'},&,1.0,&
{'R2'},{'D3'},{'R3'},{'R1'},{'D2'},{'D1'},{'D4'},,,,&,1.0,&
{'R2'},{'D3'},{'R3'},{'R1'},{'D2'},{'D1'},{'D4'},{'D5'},,,&,1.0,&
{'R2'},{'D3'},{'R3'},{'R1'},{'D2'},{'D6'},,,,,&,1.0,&
{'R2'},{'D3'},{'R3'},{'R1'},{'D2'},{'D6'},{'D7'},{'D1'},,,&,1.0,&
{'R2'},{'D3'},{'R3'},{'R1'},{'D2'},{'D6'},{'D1'},,,,&,1.0,&
{'R2'},{'D3'},{'R3'},{'R1'},{'D2'},{'D6'},{'D1'},{'D7'},{'D5'},{'D4'},&,1.0,&
{'R2'},{'D3'},{'R3'},{'R1'},{'D2'},{'D6'},{'D1'},{'D5'},{'D7'},{'D4'},&,1.0,&
{'R2'},{'D3'},{'R3'},{'R1'},{'D6'},{'D1'},{'D2'},,,,&,1.0,&
{'R2'},{'D3'},{'R3'},{'R1'},{'D7'},{'D5'},{'D1'},{'D6'},,,&,1.0,&
{'R2'},{'D3'},{'R3'},{'R1'},{'D5'},,,,,,&,1.0,&
{'R2'},{'D3'},{'R3'},{'R1'},{'D5'},{'D1'},{'D6'},{'D7'},{'D2'},,&,1.0,&
{'R2'},{'D3'},{'R3'},{'R1'},{'D5'},{'D6'},,,,,&,1.0,&
{'R2'},{'D3'},{'R3'},{'R1'},{'D5'},{'D2'},{'D1'},,,,&,1.0,&
{'R2'},{'D3'},{'R3'},{'R1'},{'D1'},,,,,,&,5.0,&
{'R2'},{'D3'},{'R3'},{'R1'},{'D1'},{'D2'},,,,,&,4.0,&
{'R2'},{'D3'},{'R3'},{'R1'},{'D1'},{'D2'},{'D7'},,,,&,1.0,&
{'R2'},{'D3'},{'R3'},{'R1'},{'D1'},{'D2'},{'D5'},{'D4'},,,&,1.0,&
{'R2'},{'D3'},{'R3'},{'R1'},{'D1'},{'D2'},{'D6'},{'D7'},{'D5'},,&,1.0,&
{'R2'},{'D3'},{'R3'},{'R1'},{'D1'},{'D4'},{'D2'},{'D6'},,,&,1.0,&
{'R2'},{'D3'},{'R3'},{'D6'},,,,,,,&,2.0,&
{'R2'},{'D3'},{'R3'},{'D6'},{'D2'},{'D1'},{'D5'},{'R1'},,,&,1.0,&
{'R2'},{'D3'},{'R3'},{'D6'},{'D2'},{'D1'},{'R1'},{'D4'},,,&,1.0,&
{'R2'},{'D3'},{'R3'},{'D6'},{'R1'},,,,,,&,1.0,&
{'R2'},{'D3'},{'R3'},{'D6'},{'R1'},{'D2'},{'D1'},,,,&,1.0,&
{'R2'},{'D3'},{'R3'},{'D2'},,,,,,,&,3.0,&
{'R2'},{'D3'},{'R3'},{'D2'},{'D6'},{'D1'},{'D7'},,,,&,1.0,&
{'R2'},{'D3'},{'R3'},{'D2'},{'D6'},{'D1'},{'R1'},{'D5'},,,&,1.0,&
{'R2'},{'D3'},{'R3'},{'D2'},{'D7'},{'D1'},{'D5'},{'R1'},{'D6'},,&,1.0,&
{'R2'},{'D3'},{'R3'},{'D2'},{'D7'},{'D6'},,,,,&,1.0,&
{'R2'},{'D3'},{'R3'},{'D2'},{'D7'},{'R1'},{'D1'},,,,&,1.0,&
{'R2'},{'D3'},{'R3'},{'D2'},{'R1'},,,,,,&,2.0,&
{'R2'},{'D3'},{'R3'},{'D2'},{'R1'},{'D1'},,,,,&,3.0,&
{'R2'},{'D3'},{'R3'},{'D2'},{'R1'},{'D5'},,,,,&,1.0,&
{'R2'},{'D3'},{'R3'},{'D2'},{'R1'},{'D5'},{'D1'},{'D6'},{'D7'},{'D4'},&,1.0,&
{'R2'},{'D3'},{'R3'},{'D2'},{'R1'},{'D6'},{'D1'},{'D4'},{'D5'},,&,1.0,&
{'R2'},{'D3'},{'R3'},{'D2'},{'D5'},,,,,,&,1.0,&
{'R2'},{'D3'},{'R3'},{'D2'},{'D5'},{'D6'},{'D1'},{'R1'},{'D7'},{'D4'},&,1.0,&
{'R2'},{'D3'},{'R3'},{'D2'},{'D5'},{'D6'},{'R1'},{'D1'},,,&,1.0,&
{'R2'},{'D3'},{'R3'},{'D2'},{'D5'},{'R1'},,,,,&,1.0,&
{'R2'},{'D3'},{'R3'},{'D2'},{'D5'},{'R1'},{'D7'},,,,&,1.0,&
{'R2'},{'D3'},{'R3'},{'D2'},{'D5'},{'R1'},{'D6'},{'D7'},{'D1'},{'D4'},&,1.0,&
{'R2'},{'D3'},{'R3'},{'D2'},{'D1'},,,,,,&,2.0,&
{'R2'},{'D3'},{'R3'},{'D2'},{'D1'},{'D7'},{'R1'},{'D5'},{'D6'},{'D4'},&,1.0,&
{'R2'},{'D3'},{'R3'},{'D2'},{'D1'},{'D7'},{'D6'},{'D5'},{'D4'},,&,1.0,&
{'R2'},{'D3'},{'R3'},{'D2'},{'D1'},{'D5'},{'D6'},{'D7'},{'R1'},,&,1.0,&
{'R2'},{'D3'},{'R3'},{'D2'},{'D1'},{'D6'},{'D7'},{'D5'},{'D4'},{'R1'},&,1.0,&
{'R2'},{'D3'},{'R3'},{'D2'},{'D1'},{'D6'},{'D5'},{'D7'},{'R1'},{'D4'},&,1.0,&
{'R2'},{'D3'},{'R3'},{'D2'},{'D1'},{'D6'},{'D5'},{'D7'},{'D4'},{'R1'},&,1.0,&
{'R2'},{'D3'},{'R3'},{'D2'},{'D1'},{'D6'},{'R1'},{'D7'},{'D4'},,&,1.0,&
{'R2'},{'D3'},{'R3'},{'D2'},{'D1'},{'R1'},{'D7'},{'D5'},,,&,1.0,&
{'R2'},{'D3'},{'R3'},{'D2'},{'D1'},{'R1'},{'D5'},,,,&,1.0,&
{'R2'},{'D3'},{'R3'},{'D2'},{'D1'},{'R1'},{'D6'},,,,&,2.0,&
{'R2'},{'D3'},{'R3'},{'D2'},{'D1'},{'R1'},{'D6'},{'D4'},,,&,1.0,&
{'R2'},{'D3'},{'R3'},{'D2'},{'D1'},{'D4'},{'R1'},{'D6'},,,&,1.0,&
{'R2'},{'D3'},{'R3'},{'D2'},{'D4'},{'D6'},{'R1'},{'D1'},,,&,1.0,&
{'R2'},{'D3'},{'D2'},,,,,,,,&,24.0,&
{'R2'},{'D3'},{'D2'},{'D1'},,,,,,,&,6.0,&
{'R2'},{'D3'},{'D2'},{'D1'},{'D6'},,,,,,&,4.0,&
{'R2'},{'D3'},{'D2'},{'D1'},{'D6'},{'D7'},,,,,&,1.0,&
{'R2'},{'D3'},{'D2'},{'D1'},{'D6'},{'D7'},{'D5'},{'R3'},{'D4'},{'R1'},&,1.0,&
{'R2'},{'D3'},{'D2'},{'D1'},{'D6'},{'D5'},,,,,&,2.0,&
{'R2'},{'D3'},{'D2'},{'D1'},{'D6'},{'D5'},{'D7'},{'D4'},,,&,1.0,&
{'R2'},{'D3'},{'D2'},{'D1'},{'D6'},{'D5'},{'R3'},,,,&,1.0,&
{'R2'},{'D3'},{'D2'},{'D1'},{'D6'},{'D5'},{'R3'},{'D7'},,,&,1.0,&
{'R2'},{'D3'},{'D2'},{'D1'},{'D6'},{'D5'},{'R3'},{'D7'},{'D4'},{'R1'},&,1.0,&
{'R2'},{'D3'},{'D2'},{'D1'},{'D6'},{'R3'},{'D5'},{'D7'},{'D4'},,&,1.0,&
{'R2'},{'D3'},{'D2'},{'D1'},{'D6'},{'R1'},{'R3'},{'D5'},,,&,1.0,&
{'R2'},{'D3'},{'D2'},{'D1'},{'D7'},{'D5'},{'R3'},{'R1'},,,&,1.0,&
{'R2'},{'D3'},{'D2'},{'D1'},{'D7'},{'D5'},{'R1'},{'R3'},,,&,1.0,&
{'R2'},{'D3'},{'D2'},{'D1'},{'D7'},{'D5'},{'D6'},{'R3'},{'R1'},{'D4'},&,1.0,&
{'R2'},{'D3'},{'D2'},{'D1'},{'D7'},{'D5'},{'D6'},{'R3'},{'D4'},,&,1.0,&
{'R2'},{'D3'},{'D2'},{'D1'},{'D7'},{'R3'},{'D6'},{'D5'},,,&,1.0,&
{'R2'},{'D3'},{'D2'},{'D1'},{'D7'},{'R1'},,,,,&,1.0,&
{'R2'},{'D3'},{'D2'},{'D1'},{'D7'},{'R1'},{'R3'},{'D4'},,,&,1.0,&
{'R2'},{'D3'},{'D2'},{'D1'},{'R1'},,,,,,&,1.0,&
{'R2'},{'D3'},{'D2'},{'D1'},{'R1'},{'D7'},{'R3'},,,,&,1.0,&
{'R2'},{'D3'},{'D2'},{'D1'},{'R1'},{'D7'},{'R3'},{'D6'},,,&,1.0,&
{'R2'},{'D3'},{'D2'},{'D1'},{'R1'},{'R3'},,,,,&,2.0,&
{'R2'},{'D3'},{'D2'},{'D1'},{'R1'},{'R3'},{'D7'},{'D6'},,,&,1.0,&
{'R2'},{'D3'},{'D2'},{'D1'},{'D5'},,,,,,&,2.0,&
{'R2'},{'D3'},{'D2'},{'D1'},{'D5'},{'D7'},,,,,&,1.0,&
{'R2'},{'D3'},{'D2'},{'D1'},{'D5'},{'R3'},,,,,&,1.0,&
{'R2'},{'D3'},{'D2'},{'D1'},{'D5'},{'R3'},{'R1'},{'D7'},{'D6'},{'D4'},&,1.0,&
{'R2'},{'D3'},{'D2'},{'D1'},{'D5'},{'R3'},{'D6'},,,,&,1.0,&
{'R2'},{'D3'},{'D2'},{'D1'},{'D5'},{'R3'},{'D4'},{'R1'},{'D7'},,&,1.0,&
{'R2'},{'D3'},{'D2'},{'D1'},{'R3'},,,,,,&,4.0,&
{'R2'},{'D3'},{'D2'},{'D1'},{'R3'},{'D7'},{'D6'},{'D4'},{'R1'},,&,1.0,&
{'R2'},{'D3'},{'D2'},{'D1'},{'R3'},{'D6'},,,,,&,1.0,&
{'R2'},{'D3'},{'D2'},{'D1'},{'R3'},{'D6'},{'R1'},,,,&,1.0,&
{'R2'},{'D3'},{'D2'},{'D1'},{'R3'},{'D6'},{'R1'},{'D5'},,,&,1.0,&
{'R2'},{'D3'},{'D2'},{'D1'},{'R3'},{'R1'},{'D6'},,,,&,1.0,&
{'R2'},{'D3'},{'D2'},{'D1'},{'R3'},{'R1'},{'D6'},{'D7'},{'D5'},,&,1.0,&
{'R2'},{'D3'},{'D2'},{'D1'},{'R3'},{'D4'},{'D6'},{'D7'},{'R1'},{'D5'},&,1.0,&
{'R2'},{'D3'},{'D2'},{'D1'},{'D4'},{'R3'},,,,,&,1.0,&
{'R2'},{'D3'},{'D2'},{'D1'},{'D4'},{'R3'},{'R1'},{'D5'},,,&,1.0,&
{'R2'},{'D3'},{'D2'},{'D1'},{'D4'},{'R3'},{'D6'},{'R1'},,,&,1.0,&
{'R2'},{'D3'},{'D2'},{'D5'},,,,,,,&,2.0,&
{'R2'},{'D3'},{'D2'},{'D5'},{'R3'},,,,,,&,1.0,&
{'R2'},{'D3'},{'D2'},{'D5'},{'R3'},{'D1'},{'D6'},{'D4'},,,&,1.0,&
{'R2'},{'D3'},{'D2'},{'D5'},{'R3'},{'D7'},{'D1'},{'D6'},{'R1'},{'D4'},&,1.0,&
{'R2'},{'D3'},{'D2'},{'D5'},{'D1'},,,,,,&,3.0,&
{'R2'},{'D3'},{'D2'},{'D5'},{'D1'},{'D7'},{'D6'},{'R3'},{'R1'},{'D4'},&,1.0,&
{'R2'},{'D3'},{'D2'},{'D5'},{'D1'},{'D6'},{'D7'},{'D4'},,,&,1.0,&
{'R2'},{'D3'},{'D2'},{'D5'},{'D1'},{'R3'},{'R1'},{'D6'},{'D7'},,&,1.0,&
{'R2'},{'D3'},{'D2'},{'D4'},,,,,,,&,2.0,&
{'R2'},{'D3'},{'D2'},{'D4'},{'R3'},,,,,,&,1.0,&
{'R2'},{'D3'},{'D2'},{'D4'},{'R3'},{'R1'},,,,,&,1.0,&
{'R2'},{'D3'},{'D2'},{'D4'},{'D1'},,,,,,&,1.0,&
{'R2'},{'D3'},{'D2'},{'D7'},,,,,,,&,1.0,&
{'R2'},{'D3'},{'D2'},{'D7'},{'R3'},{'D1'},{'D6'},,,,&,1.0,&
{'R2'},{'D3'},{'D2'},{'D7'},{'D1'},{'D6'},{'R3'},,,,&,1.0,&
{'R2'},{'D3'},{'D2'},{'D7'},{'D1'},{'R3'},{'R1'},,,,&,1.0,&
{'R2'},{'D3'},{'D2'},{'D7'},{'D1'},{'R1'},{'R3'},,,,&,1.0,&
{'R2'},{'D3'},{'D2'},{'R1'},{'R3'},{'D1'},{'D5'},{'D6'},,,&,1.0,&
{'R2'},{'D3'},{'D2'},{'R1'},{'R3'},{'D6'},,,,,&,1.0,&
{'R2'},{'D3'},{'D2'},{'R1'},{'R3'},{'D6'},{'D5'},{'D1'},{'D4'},{'D7'},&,1.0,&
{'R2'},{'D3'},{'D2'},{'R1'},{'D1'},{'D5'},{'R3'},{'D6'},{'D7'},,&,1.0,&
{'R2'},{'D3'},{'D2'},{'R1'},{'D1'},{'D6'},{'D7'},{'D5'},{'D4'},{'R3'},&,1.0,&
{'R2'},{'D3'},{'D2'},{'R1'},{'D1'},{'D6'},{'R3'},{'D7'},,,&,1.0,&
{'R2'},{'D3'},{'D2'},{'R1'},{'D1'},{'D6'},{'R3'},{'D7'},{'D5'},,&,1.0,&
{'R2'},{'D3'},{'D2'},{'R1'},{'D1'},{'D6'},{'D5'},{'D7'},{'D4'},,&,1.0,&
{'R2'},{'D3'},{'D2'},{'R1'},{'D1'},{'R3'},{'D5'},{'D6'},,,&,1.0,&
{'R2'},{'D3'},{'D2'},{'R1'},{'D4'},{'D6'},{'D5'},{'D7'},{'D1'},{'R3'},&,1.0,&
{'R2'},{'D3'},{'D2'},{'R3'},,,,,,,&,8.0,&
{'R2'},{'D3'},{'D2'},{'R3'},{'D6'},{'R1'},,,,,&,2.0,&
{'R2'},{'D3'},{'D2'},{'R3'},{'D7'},{'D1'},{'D6'},,,,&,1.0,&
{'R2'},{'D3'},{'D2'},{'R3'},{'R1'},,,,,,&,7.0,&
{'R2'},{'D3'},{'D2'},{'R3'},{'R1'},{'D1'},,,,,&,2.0,&
{'R2'},{'D3'},{'D2'},{'R3'},{'R1'},{'D1'},{'D5'},,,,&,3.0,&
{'R2'},{'D3'},{'D2'},{'R3'},{'R1'},{'D1'},{'D5'},{'D6'},{'D4'},,&,1.0,&
{'R2'},{'D3'},{'D2'},{'R3'},{'R1'},{'D1'},{'D6'},{'D5'},{'D7'},{'D4'},&,1.0,&
{'R2'},{'D3'},{'D2'},{'R3'},{'R1'},{'D1'},{'D4'},{'D7'},,,&,1.0,&
{'R2'},{'D3'},{'D2'},{'R3'},{'R1'},{'D5'},{'D1'},,,,&,1.0,&
{'R2'},{'D3'},{'D2'},{'R3'},{'D5'},{'D1'},{'R1'},{'D6'},{'D7'},{'D4'},&,1.0,&
{'R2'},{'D3'},{'D2'},{'R3'},{'D5'},{'D6'},{'D1'},{'R1'},,,&,1.0,&
{'R2'},{'D3'},{'D2'},{'R3'},{'D5'},{'R1'},{'D1'},,,,&,1.0,&
{'R2'},{'D3'},{'D2'},{'R3'},{'D1'},,,,,,&,1.0,&
{'R2'},{'D3'},{'D2'},{'R3'},{'D1'},{'D7'},{'D5'},{'D4'},{'R1'},,&,1.0,&
{'R2'},{'D3'},{'D2'},{'R3'},{'D1'},{'D7'},{'R1'},{'D5'},{'D6'},{'D4'},&,1.0,&
{'R2'},{'D3'},{'D2'},{'R3'},{'D1'},{'D5'},{'D7'},{'D6'},{'R1'},{'D4'},&,1.0,&
{'R2'},{'D3'},{'D2'},{'R3'},{'D1'},{'D5'},{'D7'},{'D6'},{'D4'},,&,1.0,&
{'R2'},{'D3'},{'D2'},{'R3'},{'D1'},{'D5'},{'R1'},{'D4'},{'D6'},{'D7'},&,1.0,&
{'R2'},{'D3'},{'D2'},{'R3'},{'D1'},{'D6'},,,,,&,1.0,&
{'R2'},{'D3'},{'D2'},{'R3'},{'D1'},{'D6'},{'D5'},{'D4'},{'R1'},{'D7'},&,1.0,&
{'R2'},{'D3'},{'D2'},{'R3'},{'D1'},{'R1'},,,,,&,2.0,&
{'R2'},{'D3'},{'D2'},{'R3'},{'D1'},{'R1'},{'D5'},{'D6'},{'D7'},{'D4'},&,1.0,&
{'R2'},{'D3'},{'D2'},{'R3'},{'D1'},{'R1'},{'D6'},{'D7'},,,&,1.0,&
{'R2'},{'D3'},{'D2'},{'R3'},{'D1'},{'R1'},{'D4'},,,,&,1.0,&
{'R2'},{'D3'},{'D2'},{'R3'},{'D1'},{'D4'},{'D5'},{'D7'},{'D6'},,&,1.0,&
{'R2'},{'D3'},{'D2'},{'D6'},,,,,,,&,1.0,&
{'R2'},{'D3'},{'D2'},{'D6'},{'D7'},{'R3'},{'D1'},,,,&,1.0,&
{'R2'},{'D3'},{'D2'},{'D6'},{'R1'},{'R3'},,,,,&,1.0,&
{'R2'},{'D3'},{'D2'},{'D6'},{'R3'},{'D1'},,,,,&,2.0,&
{'R2'},{'D3'},{'D2'},{'D6'},{'R3'},{'D1'},{'D5'},{'D4'},{'R1'},{'D7'},&,1.0,&
{'R2'},{'D3'},{'D2'},{'D6'},{'R3'},{'R1'},,,,,&,1.0,&
{'R2'},{'D3'},{'D2'},{'D6'},{'D1'},,,,,,&,4.0,&
{'R2'},{'D3'},{'D2'},{'D6'},{'D1'},{'D5'},{'R3'},{'R1'},{'D7'},{'D4'},&,1.0,&
{'R2'},{'D3'},{'D4'},,,,,,,,&,3.0,&
{'R2'},{'D3'},{'D4'},{'D5'},{'R3'},,,,,,&,1.0,&
{'R2'},{'D3'},{'D4'},{'R3'},,,,,,,&,1.0,&
{'R2'},{'D3'},{'D4'},{'R3'},{'D1'},{'D2'},{'R1'},,,,&,1.0,&
{'R2'},{'D3'},{'D4'},{'D2'},,,,,,,&,1.0,&
{'R2'},{'D7'},,,,,,,,,&,8.0,&
{'R2'},{'D7'},{'R1'},{'D3'},{'D2'},{'D1'},{'D5'},{'R3'},{'D6'},{'D4'},&,1.0,&
{'R2'},{'D7'},{'R1'},{'D3'},{'D1'},{'D2'},{'D4'},{'R3'},,,&,1.0,&
{'R2'},{'D7'},{'D6'},,,,,,,,&,1.0,&
{'R2'},{'D7'},{'D6'},{'D5'},{'D2'},{'D3'},{'D1'},{'R3'},{'R1'},{'D4'},&,1.0,&
{'R2'},{'D7'},{'D6'},{'D3'},{'R3'},{'D1'},{'R1'},,,,&,1.0,&
{'R2'},{'D7'},{'D6'},{'R3'},{'R1'},{'D1'},,,,,&,1.0,&
{'R2'},{'D7'},{'D6'},{'R3'},{'R1'},{'D2'},{'D1'},,,,&,1.0,&
{'R2'},{'D7'},{'D6'},{'D2'},,,,,,,&,1.0,&
{'R2'},{'D7'},{'D3'},,,,,,,,&,2.0,&
{'R2'},{'D7'},{'D3'},{'D1'},{'D2'},{'R3'},{'R1'},{'D5'},,,&,1.0,&
{'R2'},{'D7'},{'D3'},{'D1'},{'D2'},{'D4'},{'R3'},,,,&,1.0,&
{'R2'},{'D7'},{'D3'},{'R1'},{'D2'},{'D1'},{'D6'},,,,&,1.0,&
{'R2'},{'D7'},{'D3'},{'R1'},{'R3'},{'D2'},{'D6'},,,,&,1.0,&
{'R2'},{'D7'},{'D3'},{'R3'},{'D6'},{'R1'},,,,,&,1.0,&
{'R2'},{'D7'},{'D3'},{'R3'},{'R1'},{'D1'},,,,,&,1.0,&
{'R2'},{'D7'},{'D3'},{'R3'},{'D1'},{'D2'},{'R1'},,,,&,1.0,&
{'R2'},{'D7'},{'D3'},{'D6'},{'D1'},,,,,,&,1.0,&
{'R2'},{'D7'},{'D3'},{'D6'},{'D1'},{'D2'},,,,,&,1.0,&
{'R2'},{'D7'},{'D3'},{'D2'},{'D1'},{'D6'},{'R3'},{'D5'},{'D4'},{'R1'},&,1.0,&
{'R2'},{'D7'},{'D5'},{'D2'},{'R3'},{'D1'},{'D3'},{'D6'},{'R1'},{'D4'},&,1.0,&
{'R2'},{'D7'},{'D5'},{'D2'},{'D1'},,,,,,&,1.0,&
{'R2'},{'D7'},{'D1'},,,,,,,,&,3.0,&
{'R2'},{'D7'},{'D1'},{'D5'},{'D2'},,,,,,&,1.0,&
{'R2'},{'D7'},{'D1'},{'D3'},,,,,,,&,2.0,&
{'R2'},{'D7'},{'D1'},{'D3'},{'R3'},{'D2'},,,,,&,1.0,&
{'R2'},{'D7'},{'D1'},{'D3'},{'R3'},{'R1'},{'D2'},{'D5'},{'D6'},,&,1.0,&
{'R2'},{'D7'},{'D1'},{'R1'},{'D3'},{'R3'},,,,,&,1.0,&
{'R2'},{'D7'},{'D1'},{'D2'},{'R3'},,,,,,&,2.0,&
{'R2'},{'D7'},{'R3'},,,,,,,,&,4.0,&
{'R2'},{'D7'},{'R3'},{'D1'},{'R1'},,,,,,&,1.0,&
{'R2'},{'D7'},{'R3'},{'D1'},{'R1'},{'D2'},{'D6'},,,,&,1.0,&
{'R2'},{'D7'},{'R3'},{'D1'},{'R1'},{'D3'},,,,,&,1.0,&
{'R2'},{'D7'},{'R3'},{'D5'},{'D3'},{'R1'},,,,,&,1.0,&
{'R2'},{'D7'},{'R3'},{'D3'},,,,,,,&,1.0,&
{'R2'},{'D7'},{'R3'},{'D3'},{'D6'},{'D1'},,,,,&,1.0,&
{'R2'},{'D7'},{'R3'},{'R1'},,,,,,,&,2.0,&
{'R2'},{'D7'},{'R3'},{'R1'},{'D2'},{'D6'},{'D4'},,,,&,1.0,&
{'R2'},{'D7'},{'R3'},{'R1'},{'D6'},{'D2'},{'D1'},{'D3'},{'D5'},{'D4'},&,1.0,&
{'R2'},{'D7'},{'R3'},{'R1'},{'D3'},,,,,,&,1.0,&
{'R2'},{'D7'},{'R3'},{'R1'},{'D3'},{'D2'},,,,,&,1.0,&
{'R2'},{'D7'},{'R3'},{'R1'},{'D3'},{'D2'},{'D4'},,,,&,1.0,&
{'R2'},{'D7'},{'R3'},{'R1'},{'D5'},,,,,,&,1.0,&
{'R2'},{'D7'},{'R3'},{'R1'},{'D1'},,,,,,&,1.0,&
{'R2'},{'D7'},{'R3'},{'R1'},{'D1'},{'D5'},{'D3'},{'D2'},{'D6'},{'D4'},&,1.0,&
{'R2'},{'D7'},{'R3'},{'R1'},{'D1'},{'D2'},,,,,&,1.0,&
{'R2'},{'D7'},{'R3'},{'R1'},{'D1'},{'D2'},{'D5'},{'D4'},,,&,1.0,&
{'R2'},{'D7'},{'R3'},{'D2'},{'D3'},,,,,,&,1.0,&
{'R2'},{'D7'},{'R3'},{'D2'},{'D3'},{'D6'},{'R1'},,,,&,1.0,&
{'R2'},{'D7'},{'R3'},{'D2'},{'R1'},{'D3'},,,,,&,1.0,&
{'R2'},{'D7'},{'R3'},{'D2'},{'D5'},{'R1'},{'D1'},{'D3'},{'D6'},,&,1.0,&
{'R2'},{'D7'},{'D2'},,,,,,,,&,9.0,&
{'R2'},{'D7'},{'D2'},{'D1'},,,,,,,&,1.0,&
{'R2'},{'D7'},{'D2'},{'D1'},{'D5'},{'R3'},,,,,&,1.0,&
{'R2'},{'D7'},{'D2'},{'D1'},{'R3'},{'D5'},{'D6'},{'R1'},,,&,1.0,&
{'R2'},{'D7'},{'D2'},{'D5'},{'R1'},,,,,,&,1.0,&
{'R2'},{'D7'},{'D2'},{'D5'},{'D1'},,,,,,&,1.0,&
{'R2'},{'D7'},{'D2'},{'D3'},{'D6'},{'D1'},{'R3'},,,,&,1.0,&
{'R2'},{'D7'},{'D2'},{'D3'},{'R1'},,,,,,&,1.0,&
{'R2'},{'D7'},{'D2'},{'D3'},{'R3'},{'D1'},,,,,&,1.0,&
{'R2'},{'D7'},{'D2'},{'D3'},{'D1'},{'R3'},{'R1'},,,,&,1.0,&
{'R2'},{'D7'},{'D2'},{'D4'},{'R3'},,,,,,&,1.0,&
{'R2'},{'D7'},{'D2'},{'R1'},{'D6'},{'R3'},,,,,&,1.0,&
{'R2'},{'D7'},{'D2'},{'R3'},{'D3'},{'D1'},,,,,&,2.0,&
{'R2'},{'D7'},{'D2'},{'R3'},{'D3'},{'D5'},{'D1'},{'D6'},{'R1'},{'D4'},&,1.0,&
{'R2'},{'D7'},{'D2'},{'R3'},{'R1'},,,,,,&,1.0,&
{'R2'},{'D7'},{'D2'},{'R3'},{'R1'},{'D5'},{'D1'},{'D3'},{'D6'},,&,1.0,&
{'R2'},{'D7'},{'D2'},{'R3'},{'R1'},{'D6'},{'D1'},{'D3'},{'D4'},,&,1.0,&
{'R2'},{'D7'},{'D2'},{'R3'},{'D1'},{'D5'},{'R1'},{'D6'},{'D3'},{'D4'},&,1.0,&
{'R2'},{'D7'},{'D2'},{'R3'},{'D1'},{'D3'},{'R1'},{'D6'},{'D5'},,&,1.0,&
{'R2'},{'D7'},{'D2'},{'D6'},{'D3'},{'D1'},{'D4'},{'D5'},{'R3'},{'R1'},&,1.0,&
{'R2'},{'D7'},{'D2'},{'D6'},{'D5'},{'R3'},{'D3'},,,,&,1.0,&
{'R2'},{'D7'},{'D4'},{'D1'},{'D3'},{'R3'},{'R1'},{'D2'},{'D6'},,&,1.0,&
{'R3'},,,,,,,,,,&,365.0,&
{'R3'},{'D1'},,,,,,,,,&,50.0,&
{'R3'},{'D1'},{'R1'},,,,,,,,&,6.0,&
{'R3'},{'D1'},{'R1'},{'R2'},,,,,,,&,2.0,&
{'R3'},{'D1'},{'R1'},{'R2'},{'D2'},,,,,,&,1.0,&
{'R3'},{'D1'},{'R1'},{'R2'},{'D2'},{'D7'},{'D3'},,,,&,1.0,&
{'R3'},{'D1'},{'R1'},{'R2'},{'D2'},{'D3'},{'D7'},,,,&,1.0,&
{'R3'},{'D1'},{'R1'},{'R2'},{'D2'},{'D3'},{'D7'},{'D6'},{'D5'},{'D4'},&,1.0,&
{'R3'},{'D1'},{'R1'},{'R2'},{'D2'},{'D3'},{'D4'},{'D5'},,,&,1.0,&
{'R3'},{'D1'},{'R1'},{'R2'},{'D6'},,,,,,&,1.0,&
{'R3'},{'D1'},{'R1'},{'R2'},{'D3'},{'D6'},{'D2'},,,,&,1.0,&
{'R3'},{'D1'},{'R1'},{'R2'},{'D3'},{'D2'},{'D7'},,,,&,1.0,&
{'R3'},{'D1'},{'R1'},{'D3'},,,,,,,&,1.0,&
{'R3'},{'D1'},{'R1'},{'D3'},{'R2'},{'D7'},{'D2'},{'D4'},,,&,1.0,&
{'R3'},{'D1'},{'R1'},{'D2'},,,,,,,&,1.0,&
{'R3'},{'D1'},{'R1'},{'D2'},{'D6'},{'D7'},{'R2'},{'D3'},{'D5'},{'D4'},&,1.0,&
{'R3'},{'D1'},{'R1'},{'D2'},{'D6'},{'D3'},{'R2'},,,,&,1.0,&
{'R3'},{'D1'},{'R1'},{'D2'},{'D7'},,,,,,&,1.0,&
{'R3'},{'D1'},{'R1'},{'D2'},{'D3'},,,,,,&,1.0,&
{'R3'},{'D1'},{'R1'},{'D2'},{'D3'},{'R2'},{'D7'},{'D5'},,,&,1.0,&
{'R3'},{'D1'},{'R1'},{'D2'},{'D3'},{'R2'},{'D6'},{'D5'},,,&,1.0,&
{'R3'},{'D1'},{'R1'},{'D2'},{'R2'},{'D6'},{'D3'},,,,&,1.0,&
{'R3'},{'D1'},{'R1'},{'D2'},{'R2'},{'D3'},{'D5'},,,,&,1.0,&
{'R3'},{'D1'},{'D6'},,,,,,,,&,2.0,&
{'R3'},{'D1'},{'D6'},{'R2'},,,,,,,&,1.0,&
{'R3'},{'D1'},{'D6'},{'R2'},{'D3'},{'D7'},{'R1'},,,,&,1.0,&
{'R3'},{'D1'},{'D6'},{'R2'},{'R1'},{'D2'},,,,,&,1.0,&
{'R3'},{'D1'},{'D6'},{'R2'},{'R1'},{'D2'},{'D7'},,,,&,1.0,&
{'R3'},{'D1'},{'D6'},{'R2'},{'R1'},{'D2'},{'D3'},,,,&,1.0,&
{'R3'},{'D1'},{'D6'},{'R2'},{'R1'},{'D3'},,,,,&,1.0,&
{'R3'},{'D1'},{'D6'},{'D5'},{'D2'},{'D7'},{'R1'},{'R2'},,,&,1.0,&
{'R3'},{'D1'},{'D6'},{'D5'},{'D2'},{'D3'},{'D4'},{'D7'},,,&,1.0,&
{'R3'},{'D1'},{'D6'},{'D5'},{'R2'},{'D2'},{'R1'},{'D3'},{'D4'},{'D7'},&,1.0,&
{'R3'},{'D1'},{'D6'},{'D5'},{'R2'},{'R1'},{'D3'},{'D2'},,,&,1.0,&
{'R3'},{'D1'},{'D6'},{'D3'},,,,,,,&,1.0,&
{'R3'},{'D1'},{'D6'},{'D3'},{'D2'},,,,,,&,1.0,&
{'R3'},{'D1'},{'D6'},{'D3'},{'D7'},{'D5'},,,,,&,1.0,&
{'R3'},{'D1'},{'D6'},{'D3'},{'D5'},,,,,,&,1.0,&
{'R3'},{'D1'},{'D6'},{'D7'},{'D2'},{'D3'},,,,,&,1.0,&
{'R3'},{'D1'},{'D6'},{'D7'},{'D3'},{'R2'},{'D2'},{'R1'},{'D5'},,&,1.0,&
{'R3'},{'D1'},{'D6'},{'R1'},{'D2'},{'R2'},,,,,&,1.0,&
{'R3'},{'D1'},{'D6'},{'R1'},{'R2'},{'D3'},{'D2'},{'D5'},{'D7'},{'D4'},&,1.0,&
{'R3'},{'D1'},{'D6'},{'D2'},,,,,,,&,2.0,&
{'R3'},{'D1'},{'D6'},{'D2'},{'D3'},{'D5'},,,,,&,1.0,&
{'R3'},{'D1'},{'D6'},{'D2'},{'D3'},{'D5'},{'D7'},{'D4'},,,&,1.0,&
{'R3'},{'D1'},{'D6'},{'D2'},{'D5'},{'D3'},{'R2'},{'R1'},,,&,1.0,&
{'R3'},{'D1'},{'D6'},{'D2'},{'R2'},{'D3'},,,,,&,1.0,&
{'R3'},{'D1'},{'D6'},{'D2'},{'R2'},{'D3'},{'D7'},{'D5'},{'D4'},{'R1'},&,1.0,&
{'R3'},{'D1'},{'D6'},{'D2'},{'R2'},{'D3'},{'D5'},{'R1'},,,&,1.0,&
{'R3'},{'D1'},{'D6'},{'D2'},{'R2'},{'R1'},{'D3'},{'D7'},,,&,1.0,&
{'R3'},{'D1'},{'D3'},,,,,,,,&,12.0,&
{'R3'},{'D1'},{'D3'},{'R2'},,,,,,,&,3.0,&
{'R3'},{'D1'},{'D3'},{'R2'},{'D2'},{'D7'},{'D5'},{'D6'},,,&,1.0,&
{'R3'},{'D1'},{'D3'},{'R2'},{'D2'},{'D5'},{'D7'},,,,&,1.0,&
{'R3'},{'D1'},{'D3'},{'R2'},{'D2'},{'D5'},{'R1'},{'D7'},,,&,1.0,&
{'R3'},{'D1'},{'D3'},{'R2'},{'D2'},{'D5'},{'R1'},{'D7'},{'D4'},,&,1.0,&
{'R3'},{'D1'},{'D3'},{'R2'},{'D2'},{'D6'},,,,,&,1.0,&
{'R3'},{'D1'},{'D3'},{'R2'},{'D2'},{'D6'},{'D5'},{'D4'},,,&,1.0,&
{'R3'},{'D1'},{'D3'},{'R2'},{'D2'},{'D6'},{'D5'},{'R1'},,,&,1.0,&
{'R3'},{'D1'},{'D3'},{'R2'},{'D2'},{'D6'},{'R1'},{'D5'},,,&,1.0,&
{'R3'},{'D1'},{'D3'},{'R2'},{'D2'},{'R1'},,,,,&,1.0,&
{'R3'},{'D1'},{'D3'},{'R2'},{'D6'},{'D2'},{'R1'},{'D4'},,,&,1.0,&
{'R3'},{'D1'},{'D3'},{'R2'},{'R1'},,,,,,&,2.0,&
{'R3'},{'D1'},{'D3'},{'R2'},{'R1'},{'D5'},{'D4'},,,,&,1.0,&
{'R3'},{'D1'},{'D3'},{'R2'},{'R1'},{'D2'},,,,,&,1.0,&
{'R3'},{'D1'},{'D3'},{'R2'},{'R1'},{'D2'},{'D7'},{'D5'},{'D4'},,&,1.0,&
{'R3'},{'D1'},{'D3'},{'R2'},{'R1'},{'D2'},{'D5'},{'D7'},,,&,2.0,&
{'R3'},{'D1'},{'D3'},{'R2'},{'R1'},{'D2'},{'D5'},{'D7'},{'D6'},{'D4'},&,1.0,&
{'R3'},{'D1'},{'D3'},{'R2'},{'R1'},{'D2'},{'D6'},{'D7'},,,&,2.0,&
{'R3'},{'D1'},{'D3'},{'R2'},{'R1'},{'D2'},{'D6'},{'D5'},{'D7'},,&,1.0,&
{'R3'},{'D1'},{'D3'},{'R2'},{'R1'},{'D2'},{'D6'},{'D5'},{'D7'},{'D4'},&,1.0,&
{'R3'},{'D1'},{'D3'},{'R2'},{'R1'},{'D2'},{'D4'},,,,&,1.0,&
{'R3'},{'D1'},{'D3'},{'R2'},{'D5'},,,,,,&,1.0,&
{'R3'},{'D1'},{'D3'},{'D5'},{'D2'},{'R2'},{'R1'},,,,&,1.0,&
{'R3'},{'D1'},{'D3'},{'D5'},{'D2'},{'D6'},,,,,&,1.0,&
{'R3'},{'D1'},{'D3'},{'D5'},{'R2'},{'R1'},{'D2'},{'D4'},,,&,1.0,&
{'R3'},{'D1'},{'D3'},{'D7'},,,,,,,&,1.0,&
{'R3'},{'D1'},{'D3'},{'D7'},{'D5'},{'R2'},{'R1'},{'D2'},,,&,1.0,&
{'R3'},{'D1'},{'D3'},{'R1'},,,,,,,&,1.0,&
{'R3'},{'D1'},{'D3'},{'R1'},{'D2'},{'D7'},{'R2'},,,,&,1.0,&
{'R3'},{'D1'},{'D3'},{'R1'},{'D2'},{'R2'},{'D7'},{'D5'},{'D6'},{'D4'},&,1.0,&
{'R3'},{'D1'},{'D3'},{'R1'},{'R2'},{'D2'},{'D7'},{'D5'},{'D4'},{'D6'},&,1.0,&
{'R3'},{'D1'},{'D3'},{'D6'},,,,,,,&,3.0,&
{'R3'},{'D1'},{'D3'},{'D6'},{'D2'},,,,,,&,1.0,&
{'R3'},{'D1'},{'D3'},{'D6'},{'D2'},{'R2'},,,,,&,1.0,&
{'R3'},{'D1'},{'D3'},{'D6'},{'D5'},,,,,,&,1.0,&
{'R3'},{'D1'},{'D3'},{'D6'},{'R2'},{'D7'},,,,,&,1.0,&
{'R3'},{'D1'},{'D3'},{'D2'},,,,,,,&,4.0,&
{'R3'},{'D1'},{'D3'},{'D2'},{'D6'},{'D7'},{'R2'},{'D5'},{'D4'},,&,1.0,&
{'R3'},{'D1'},{'D3'},{'D2'},{'D6'},{'D7'},{'D4'},{'R2'},{'D5'},{'R1'},&,1.0,&
{'R3'},{'D1'},{'D3'},{'D2'},{'D6'},{'D5'},,,,,&,1.0,&
{'R3'},{'D1'},{'D3'},{'D2'},{'D6'},{'D5'},{'R2'},{'D7'},{'D4'},,&,1.0,&
{'R3'},{'D1'},{'D3'},{'D2'},{'D6'},{'R2'},,,,,&,1.0,&
{'R3'},{'D1'},{'D3'},{'D2'},{'D6'},{'R2'},{'D5'},{'D7'},{'R1'},,&,1.0,&
{'R3'},{'D1'},{'D3'},{'D2'},{'D7'},{'D5'},{'D6'},{'D4'},,,&,1.0,&
{'R3'},{'D1'},{'D3'},{'D2'},{'D7'},{'D6'},,,,,&,2.0,&
{'R3'},{'D1'},{'D3'},{'D2'},{'D7'},{'D6'},{'R2'},,,,&,1.0,&
{'R3'},{'D1'},{'D3'},{'D2'},{'D7'},{'D6'},{'R2'},{'D4'},{'R1'},{'D5'},&,1.0,&
{'R3'},{'D1'},{'D3'},{'D2'},{'D7'},{'D6'},{'R1'},{'D5'},{'D4'},{'R2'},&,1.0,&
{'R3'},{'D1'},{'D3'},{'D2'},{'R1'},{'D7'},{'D6'},{'D5'},,,&,1.0,&
{'R3'},{'D1'},{'D3'},{'D2'},{'R1'},{'D6'},{'D5'},{'D4'},{'R2'},,&,1.0,&
{'R3'},{'D1'},{'D3'},{'D2'},{'D5'},{'R2'},,,,,&,1.0,&
{'R3'},{'D1'},{'D3'},{'D2'},{'D5'},{'R2'},{'R1'},{'D4'},{'D6'},,&,1.0,&
{'R3'},{'D1'},{'D3'},{'D2'},{'R2'},,,,,,&,1.0,&
{'R3'},{'D1'},{'D3'},{'D2'},{'R2'},{'D7'},{'R1'},{'D6'},,,&,1.0,&
{'R3'},{'D1'},{'D3'},{'D2'},{'R2'},{'D6'},,,,,&,1.0,&
{'R3'},{'D1'},{'D3'},{'D2'},{'R2'},{'D6'},{'R1'},{'D5'},,,&,1.0,&
{'R3'},{'D1'},{'D3'},{'D2'},{'R2'},{'R1'},,,,,&,1.0,&
{'R3'},{'D1'},{'D3'},{'D2'},{'R2'},{'R1'},{'D7'},{'D6'},,,&,1.0,&
{'R3'},{'D1'},{'D3'},{'D2'},{'R2'},{'R1'},{'D6'},{'D5'},{'D7'},{'D4'},&,1.0,&
{'R3'},{'D1'},{'D3'},{'D2'},{'D4'},{'R2'},{'D6'},,,,&,1.0,&
{'R3'},{'D1'},{'D5'},,,,,,,,&,9.0,&
{'R3'},{'D1'},{'D5'},{'R2'},{'D2'},{'D6'},,,,,&,1.0,&
{'R3'},{'D1'},{'D5'},{'R2'},{'D2'},{'D3'},{'D7'},{'R1'},{'D6'},{'D4'},&,1.0,&
{'R3'},{'D1'},{'D5'},{'R2'},{'D7'},{'D3'},{'D2'},{'R1'},,,&,1.0,&
{'R3'},{'D1'},{'D5'},{'R2'},{'D3'},{'D7'},{'D2'},{'R1'},{'D6'},{'D4'},&,1.0,&
{'R3'},{'D1'},{'D5'},{'R2'},{'D3'},{'D2'},{'R1'},,,,&,1.0,&
{'R3'},{'D1'},{'D5'},{'R2'},{'R1'},{'D2'},{'D6'},,,,&,1.0,&
{'R3'},{'D1'},{'D5'},{'D3'},,,,,,,&,1.0,&
{'R3'},{'D1'},{'D5'},{'D3'},{'D2'},{'D6'},,,,,&,1.0,&
{'R3'},{'D1'},{'D5'},{'D3'},{'D7'},{'D6'},,,,,&,1.0,&
{'R3'},{'D1'},{'D5'},{'D3'},{'R2'},,,,,,&,1.0,&
{'R3'},{'D1'},{'D5'},{'D3'},{'R2'},{'D2'},,,,,&,1.0,&
{'R3'},{'D1'},{'D5'},{'D3'},{'R2'},{'D2'},{'D6'},{'D4'},,,&,1.0,&
{'R3'},{'D1'},{'D5'},{'D3'},{'R2'},{'R1'},{'D6'},,,,&,1.0,&
{'R3'},{'D1'},{'D5'},{'D7'},{'R2'},{'D6'},{'D3'},{'D2'},,,&,1.0,&
{'R3'},{'D1'},{'D5'},{'D2'},{'D3'},{'D6'},{'D7'},{'R2'},,,&,1.0,&
{'R3'},{'D1'},{'D5'},{'D2'},{'D3'},{'R1'},,,,,&,1.0,&
{'R3'},{'D1'},{'D7'},,,,,,,,&,6.0,&
{'R3'},{'D1'},{'D7'},{'R2'},,,,,,,&,1.0,&
{'R3'},{'D1'},{'D7'},{'R2'},{'D2'},{'D4'},,,,,&,1.0,&
{'R3'},{'D1'},{'D7'},{'R2'},{'R1'},{'D2'},{'D3'},,,,&,1.0,&
{'R3'},{'D1'},{'D7'},{'R2'},{'R1'},{'D3'},{'D2'},{'D6'},,,&,1.0,&
{'R3'},{'D1'},{'D7'},{'R2'},{'D5'},{'D3'},{'D6'},{'R1'},,,&,1.0,&
{'R3'},{'D1'},{'D7'},{'D5'},{'R2'},{'D2'},,,,,&,1.0,&
{'R3'},{'D1'},{'D7'},{'D3'},{'D2'},{'D5'},{'D6'},{'D4'},,,&,1.0,&
{'R3'},{'D1'},{'D7'},{'D3'},{'D2'},{'R2'},{'D5'},,,,&,1.0,&
{'R3'},{'D1'},{'D7'},{'D3'},{'D2'},{'R2'},{'R1'},{'D5'},{'D6'},{'D4'},&,1.0,&
{'R3'},{'D1'},{'D7'},{'D3'},{'D5'},,,,,,&,1.0,&
{'R3'},{'D1'},{'D7'},{'D6'},{'D3'},,,,,,&,1.0,&
{'R3'},{'D1'},{'D7'},{'D6'},{'D3'},{'R2'},{'R1'},{'D5'},{'D2'},,&,1.0,&
{'R3'},{'D1'},{'D7'},{'D2'},,,,,,,&,1.0,&
{'R3'},{'D1'},{'D7'},{'D2'},{'D3'},{'R2'},,,,,&,1.0,&
{'R3'},{'D1'},{'D7'},{'D2'},{'D3'},{'R2'},{'R1'},{'D6'},{'D5'},{'D4'},&,1.0,&
{'R3'},{'D1'},{'D7'},{'D2'},{'R2'},{'D3'},{'D5'},,,,&,1.0,&
{'R3'},{'D1'},{'R2'},,,,,,,,&,42.0,&
{'R3'},{'D1'},{'R2'},{'D3'},,,,,,,&,5.0,&
{'R3'},{'D1'},{'R2'},{'D3'},{'D2'},,,,,,&,3.0,&
{'R3'},{'D1'},{'R2'},{'D3'},{'D2'},{'D7'},{'D5'},{'D6'},,,&,1.0,&
{'R3'},{'D1'},{'R2'},{'D3'},{'D2'},{'D7'},{'R1'},{'D5'},,,&,1.0,&
{'R3'},{'D1'},{'R2'},{'D3'},{'D2'},{'D5'},{'R1'},{'D4'},,,&,1.0,&
{'R3'},{'D1'},{'R2'},{'D3'},{'D2'},{'D5'},{'D6'},{'D7'},{'R1'},,&,1.0,&
{'R3'},{'D1'},{'R2'},{'D3'},{'D2'},{'D6'},,,,,&,1.0,&
{'R3'},{'D1'},{'R2'},{'D3'},{'D2'},{'D6'},{'D7'},,,,&,1.0,&
{'R3'},{'D1'},{'R2'},{'D3'},{'D2'},{'D6'},{'R1'},{'D5'},{'D7'},,&,1.0,&
{'R3'},{'D1'},{'R2'},{'D3'},{'D2'},{'R1'},,,,,&,3.0,&
{'R3'},{'D1'},{'R2'},{'D3'},{'D2'},{'R1'},{'D7'},{'D6'},{'D5'},{'D4'},&,1.0,&
{'R3'},{'D1'},{'R2'},{'D3'},{'D2'},{'R1'},{'D5'},,,,&,1.0,&
{'R3'},{'D1'},{'R2'},{'D3'},{'D6'},{'D2'},,,,,&,1.0,&
{'R3'},{'D1'},{'R2'},{'D3'},{'D6'},{'R1'},,,,,&,2.0,&
{'R3'},{'D1'},{'R2'},{'D3'},{'R1'},,,,,,&,1.0,&
{'R3'},{'D1'},{'R2'},{'D3'},{'R1'},{'D2'},,,,,&,1.0,&
{'R3'},{'D1'},{'R2'},{'D3'},{'R1'},{'D2'},{'D5'},{'D7'},,,&,1.0,&
{'R3'},{'D1'},{'R2'},{'D3'},{'R1'},{'D2'},{'D6'},,,,&,1.0,&
{'R3'},{'D1'},{'R2'},{'D3'},{'R1'},{'D2'},{'D6'},{'D4'},,,&,1.0,&
{'R3'},{'D1'},{'R2'},{'D3'},{'R1'},{'D2'},{'D6'},{'D7'},{'D5'},,&,1.0,&
{'R3'},{'D1'},{'R2'},{'D7'},,,,,,,&,2.0,&
{'R3'},{'D1'},{'R2'},{'D7'},{'D2'},{'D3'},{'R1'},{'D6'},{'D4'},,&,1.0,&
{'R3'},{'D1'},{'R2'},{'D7'},{'D2'},{'D3'},{'R1'},{'D5'},{'D6'},{'D4'},&,1.0,&
{'R3'},{'D1'},{'R2'},{'D7'},{'D3'},,,,,,&,1.0,&
{'R3'},{'D1'},{'R2'},{'D7'},{'R1'},{'D2'},{'D3'},{'D6'},,,&,1.0,&
{'R3'},{'D1'},{'R2'},{'R1'},,,,,,,&,6.0,&
{'R3'},{'D1'},{'R2'},{'R1'},{'D2'},,,,,,&,5.0,&
{'R3'},{'D1'},{'R2'},{'R1'},{'D2'},{'D7'},,,,,&,1.0,&
{'R3'},{'D1'},{'R2'},{'R1'},{'D2'},{'D7'},{'D5'},{'D3'},{'D6'},,&,1.0,&
{'R3'},{'D1'},{'R2'},{'R1'},{'D2'},{'D6'},{'D7'},{'D3'},,,&,1.0,&
{'R3'},{'D1'},{'R2'},{'R1'},{'D2'},{'D6'},{'D5'},,,,&,1.0,&
{'R3'},{'D1'},{'R2'},{'R1'},{'D2'},{'D6'},{'D5'},{'D3'},,,&,1.0,&
{'R3'},{'D1'},{'R2'},{'R1'},{'D2'},{'D3'},,,,,&,1.0,&
{'R3'},{'D1'},{'R2'},{'R1'},{'D2'},{'D3'},{'D5'},{'D6'},{'D4'},{'D7'},&,1.0,&
{'R3'},{'D1'},{'R2'},{'R1'},{'D2'},{'D3'},{'D5'},{'D7'},,,&,1.0,&
{'R3'},{'D1'},{'R2'},{'R1'},{'D2'},{'D3'},{'D6'},,,,&,2.0,&
{'R3'},{'D1'},{'R2'},{'R1'},{'D2'},{'D3'},{'D6'},{'D4'},,,&,1.0,&
{'R3'},{'D1'},{'R2'},{'R1'},{'D2'},{'D3'},{'D6'},{'D7'},{'D5'},{'D4'},&,1.0,&
{'R3'},{'D1'},{'R2'},{'R1'},{'D2'},{'D3'},{'D6'},{'D5'},{'D7'},,&,1.0,&
{'R3'},{'D1'},{'R2'},{'R1'},{'D2'},{'D4'},{'D3'},,,,&,1.0,&
{'R3'},{'D1'},{'R2'},{'R1'},{'D6'},{'D2'},,,,,&,1.0,&
{'R3'},{'D1'},{'R2'},{'R1'},{'D6'},{'D3'},,,,,&,1.0,&
{'R3'},{'D1'},{'R2'},{'R1'},{'D7'},,,,,,&,1.0,&
{'R3'},{'D1'},{'R2'},{'R1'},{'D7'},{'D2'},,,,,&,1.0,&
{'R3'},{'D1'},{'R2'},{'R1'},{'D7'},{'D3'},,,,,&,1.0,&
{'R3'},{'D1'},{'R2'},{'R1'},{'D3'},,,,,,&,2.0,&
{'R3'},{'D1'},{'R2'},{'R1'},{'D3'},{'D2'},,,,,&,4.0,&
{'R3'},{'D1'},{'R2'},{'R1'},{'D3'},{'D2'},{'D5'},{'D6'},{'D7'},,&,1.0,&
{'R3'},{'D1'},{'R2'},{'R1'},{'D3'},{'D2'},{'D5'},{'D7'},,,&,1.0,&
{'R3'},{'D1'},{'R2'},{'R1'},{'D3'},{'D2'},{'D5'},{'D7'},{'D6'},{'D4'},&,1.0,&
{'R3'},{'D1'},{'R2'},{'R1'},{'D3'},{'D2'},{'D6'},{'D7'},{'D5'},{'D4'},&,1.0,&
{'R3'},{'D1'},{'R2'},{'R1'},{'D3'},{'D2'},{'D6'},{'D5'},,,&,1.0,&
{'R3'},{'D1'},{'R2'},{'R1'},{'D5'},{'D2'},,,,,&,2.0,&
{'R3'},{'D1'},{'R2'},{'R1'},{'D5'},{'D2'},{'D7'},,,,&,1.0,&
{'R3'},{'D1'},{'R2'},{'R1'},{'D5'},{'D2'},{'D3'},{'D4'},{'D7'},,&,1.0,&
{'R3'},{'D1'},{'R2'},{'R1'},{'D5'},{'D3'},{'D2'},{'D6'},,,&,1.0,&
{'R3'},{'D1'},{'R2'},{'D6'},,,,,,,&,3.0,&
{'R3'},{'D1'},{'R2'},{'D6'},{'D2'},{'R1'},{'D3'},{'D7'},,,&,1.0,&
{'R3'},{'D1'},{'R2'},{'D6'},{'D7'},{'R1'},{'D5'},{'D2'},{'D3'},{'D4'},&,1.0,&
{'R3'},{'D1'},{'R2'},{'D2'},,,,,,,&,9.0,&
{'R3'},{'D1'},{'R2'},{'D2'},{'D6'},{'D3'},{'R1'},{'D7'},{'D5'},,&,1.0,&
{'R3'},{'D1'},{'R2'},{'D2'},{'D6'},{'R1'},,,,,&,1.0,&
{'R3'},{'D1'},{'R2'},{'D2'},{'D6'},{'R1'},{'D3'},{'D4'},,,&,1.0,&
{'R3'},{'D1'},{'R2'},{'D2'},{'D6'},{'D4'},{'D3'},{'D5'},{'R1'},{'D7'},&,1.0,&
{'R3'},{'D1'},{'R2'},{'D2'},{'D3'},,,,,,&,4.0,&
{'R3'},{'D1'},{'R2'},{'D2'},{'D3'},{'D7'},{'D5'},,,,&,1.0,&
{'R3'},{'D1'},{'R2'},{'D2'},{'D3'},{'D5'},,,,,&,1.0,&
{'R3'},{'D1'},{'R2'},{'D2'},{'D3'},{'D5'},{'D4'},{'R1'},{'D6'},,&,1.0,&
{'R3'},{'D1'},{'R2'},{'D2'},{'D3'},{'D6'},{'R1'},{'D5'},{'D7'},{'D4'},&,1.0,&
{'R3'},{'D1'},{'R2'},{'D2'},{'D3'},{'R1'},,,,,&,3.0,&
{'R3'},{'D1'},{'R2'},{'D2'},{'D3'},{'R1'},{'D7'},{'D6'},{'D5'},,&,1.0,&
{'R3'},{'D1'},{'R2'},{'D2'},{'D3'},{'R1'},{'D4'},{'D6'},{'D5'},{'D7'},&,1.0,&
{'R3'},{'D1'},{'R2'},{'D2'},{'R1'},,,,,,&,2.0,&
{'R3'},{'D1'},{'R2'},{'D2'},{'R1'},{'D7'},,,,,&,1.0,&
{'R3'},{'D1'},{'R2'},{'D2'},{'R1'},{'D6'},{'D4'},,,,&,1.0,&
{'R3'},{'D1'},{'R2'},{'D2'},{'R1'},{'D6'},{'D3'},,,,&,1.0,&
{'R3'},{'D1'},{'R2'},{'D2'},{'R1'},{'D3'},,,,,&,2.0,&
{'R3'},{'D1'},{'R2'},{'D2'},{'R1'},{'D3'},{'D7'},{'D4'},,,&,1.0,&
{'R3'},{'D1'},{'R2'},{'D2'},{'R1'},{'D3'},{'D5'},{'D4'},{'D7'},,&,1.0,&
{'R3'},{'D1'},{'R2'},{'D2'},{'R1'},{'D3'},{'D5'},{'D7'},,,&,1.0,&
{'R3'},{'D1'},{'R2'},{'D2'},{'R1'},{'D3'},{'D6'},{'D4'},,,&,1.0,&
{'R3'},{'D1'},{'R2'},{'D2'},{'R1'},{'D3'},{'D6'},{'D7'},,,&,1.0,&
{'R3'},{'D1'},{'R2'},{'D2'},{'D5'},{'D3'},,,,,&,1.0,&
{'R3'},{'D1'},{'R2'},{'D2'},{'D5'},{'D3'},{'D6'},,,,&,1.0,&
{'R3'},{'D1'},{'R2'},{'D2'},{'D5'},{'D3'},{'D6'},{'D7'},{'R1'},,&,1.0,&
{'R3'},{'D1'},{'R2'},{'D2'},{'D5'},{'D3'},{'D6'},{'D7'},{'R1'},{'D4'},&,1.0,&
{'R3'},{'D1'},{'D2'},,,,,,,,&,19.0,&
{'R3'},{'D1'},{'D2'},{'R2'},,,,,,,&,7.0,&
{'R3'},{'D1'},{'D2'},{'R2'},{'D6'},,,,,,&,1.0,&
{'R3'},{'D1'},{'D2'},{'R2'},{'D6'},{'D5'},{'D3'},{'R1'},,,&,1.0,&
{'R3'},{'D1'},{'D2'},{'R2'},{'D6'},{'D3'},{'D4'},{'D5'},{'D7'},{'R1'},&,1.0,&
{'R3'},{'D1'},{'D2'},{'R2'},{'D3'},,,,,,&,4.0,&
{'R3'},{'D1'},{'D2'},{'R2'},{'D3'},{'D5'},,,,,&,1.0,&
{'R3'},{'D1'},{'D2'},{'R2'},{'D3'},{'D5'},{'D4'},,,,&,1.0,&
{'R3'},{'D1'},{'D2'},{'R2'},{'D3'},{'D6'},,,,,&,2.0,&
{'R3'},{'D1'},{'D2'},{'R2'},{'D3'},{'D6'},{'D7'},{'D4'},,,&,1.0,&
{'R3'},{'D1'},{'D2'},{'R2'},{'D3'},{'D6'},{'D7'},{'R1'},{'D5'},{'D4'},&,1.0,&
{'R3'},{'D1'},{'D2'},{'R2'},{'D3'},{'R1'},,,,,&,3.0,&
{'R3'},{'D1'},{'D2'},{'R2'},{'D3'},{'R1'},{'D7'},,,,&,1.0,&
{'R3'},{'D1'},{'D2'},{'R2'},{'D3'},{'R1'},{'D7'},{'D5'},{'D6'},,&,1.0,&
{'R3'},{'D1'},{'D2'},{'R2'},{'D3'},{'R1'},{'D5'},{'D6'},{'D4'},,&,1.0,&
{'R3'},{'D1'},{'D2'},{'R2'},{'D3'},{'R1'},{'D6'},,,,&,1.0,&
{'R3'},{'D1'},{'D2'},{'R2'},{'D3'},{'R1'},{'D4'},,,,&,1.0,&
{'R3'},{'D1'},{'D2'},{'R2'},{'D3'},{'D4'},{'D5'},{'R1'},{'D7'},,&,1.0,&
{'R3'},{'D1'},{'D2'},{'R2'},{'D3'},{'D4'},{'R1'},{'D7'},{'D5'},{'D6'},&,1.0,&
{'R3'},{'D1'},{'D2'},{'R2'},{'R1'},,,,,,&,2.0,&
{'R3'},{'D1'},{'D2'},{'R2'},{'R1'},{'D7'},{'D5'},,,,&,1.0,&
{'R3'},{'D1'},{'D2'},{'R2'},{'R1'},{'D5'},{'D3'},,,,&,1.0,&
{'R3'},{'D1'},{'D2'},{'R2'},{'R1'},{'D5'},{'D3'},{'D6'},,,&,1.0,&
{'R3'},{'D1'},{'D2'},{'R2'},{'R1'},{'D6'},{'D5'},{'D3'},,,&,1.0,&
{'R3'},{'D1'},{'D2'},{'R2'},{'R1'},{'D6'},{'D3'},{'D5'},,,&,1.0,&
{'R3'},{'D1'},{'D2'},{'R2'},{'R1'},{'D3'},,,,,&,5.0,&
{'R3'},{'D1'},{'D2'},{'R2'},{'R1'},{'D3'},{'D7'},{'D5'},,,&,1.0,&
{'R3'},{'D1'},{'D2'},{'R2'},{'R1'},{'D3'},{'D6'},{'D4'},,,&,1.0,&
{'R3'},{'D1'},{'D2'},{'R2'},{'R1'},{'D3'},{'D6'},{'D4'},{'D5'},{'D7'},&,1.0,&
{'R3'},{'D1'},{'D2'},{'R2'},{'R1'},{'D3'},{'D6'},{'D7'},,,&,1.0,&
{'R3'},{'D1'},{'D2'},{'R2'},{'R1'},{'D4'},{'D3'},,,,&,1.0,&
{'R3'},{'D1'},{'D2'},{'R2'},{'R1'},{'D4'},{'D3'},{'D5'},,,&,1.0,&
{'R3'},{'D1'},{'D2'},{'R2'},{'D5'},{'R1'},{'D3'},{'D7'},{'D6'},{'D4'},&,1.0,&
{'R3'},{'D1'},{'D2'},{'R2'},{'D4'},{'D3'},,,,,&,2.0,&
{'R3'},{'D1'},{'D2'},{'D5'},{'D6'},{'R2'},{'R1'},{'D3'},,,&,1.0,&
{'R3'},{'D1'},{'D2'},{'D5'},{'D7'},{'D3'},{'R2'},{'D6'},,,&,1.0,&
{'R3'},{'D1'},{'D2'},{'D5'},{'D3'},{'D6'},{'R2'},,,,&,1.0,&
{'R3'},{'D1'},{'D2'},{'D5'},{'D3'},{'D6'},{'R2'},{'D7'},,,&,1.0,&
{'R3'},{'D1'},{'D2'},{'D5'},{'D3'},{'D4'},{'D6'},{'D7'},{'R2'},{'R1'},&,1.0,&
{'R3'},{'D1'},{'D2'},{'D5'},{'R2'},{'D3'},{'D6'},,,,&,1.0,&
{'R3'},{'D1'},{'D2'},{'D5'},{'R2'},{'R1'},{'D3'},,,,&,1.0,&
{'R3'},{'D1'},{'D2'},{'D3'},,,,,,,&,10.0,&
{'R3'},{'D1'},{'D2'},{'D3'},{'D6'},,,,,,&,1.0,&
{'R3'},{'D1'},{'D2'},{'D3'},{'D6'},{'D7'},{'R2'},{'D5'},{'D4'},,&,1.0,&
{'R3'},{'D1'},{'D2'},{'D3'},{'D6'},{'D5'},,,,,&,1.0,&
{'R3'},{'D1'},{'D2'},{'D3'},{'D6'},{'D5'},{'R2'},{'R1'},{'D7'},{'D4'},&,1.0,&
{'R3'},{'D1'},{'D2'},{'D3'},{'D6'},{'D5'},{'R2'},{'R1'},{'D4'},{'D7'},&,1.0,&
{'R3'},{'D1'},{'D2'},{'D3'},{'D6'},{'R2'},,,,,&,1.0,&
{'R3'},{'D1'},{'D2'},{'D3'},{'D7'},,,,,,&,1.0,&
{'R3'},{'D1'},{'D2'},{'D3'},{'D7'},{'R2'},{'R1'},{'D6'},,,&,1.0,&
{'R3'},{'D1'},{'D2'},{'D3'},{'D7'},{'R2'},{'D6'},{'D5'},{'D4'},{'R1'},&,1.0,&
{'R3'},{'D1'},{'D2'},{'D3'},{'D7'},{'D6'},,,,,&,1.0,&
{'R3'},{'D1'},{'D2'},{'D3'},{'D7'},{'D6'},{'D5'},,,,&,1.0,&
{'R3'},{'D1'},{'D2'},{'D3'},{'D7'},{'D4'},{'R1'},{'R2'},,,&,1.0,&
{'R3'},{'D1'},{'D2'},{'D3'},{'R1'},,,,,,&,1.0,&
{'R3'},{'D1'},{'D2'},{'D3'},{'R1'},{'D6'},{'D4'},,,,&,1.0,&
{'R3'},{'D1'},{'D2'},{'D3'},{'D5'},,,,,,&,2.0,&
{'R3'},{'D1'},{'D2'},{'D3'},{'D5'},{'R2'},,,,,&,1.0,&
{'R3'},{'D1'},{'D2'},{'D3'},{'D5'},{'R2'},{'R1'},,,,&,1.0,&
{'R3'},{'D1'},{'D2'},{'D3'},{'D5'},{'R2'},{'R1'},{'D6'},{'D7'},{'D4'},&,1.0,&
{'R3'},{'D1'},{'D2'},{'D3'},{'D5'},{'R2'},{'D6'},{'R1'},{'D7'},{'D4'},&,1.0,&
{'R3'},{'D1'},{'D2'},{'D3'},{'D5'},{'D6'},{'D7'},{'R2'},{'D4'},,&,1.0,&
{'R3'},{'D1'},{'D2'},{'D3'},{'D5'},{'D6'},{'R2'},,,,&,1.0,&
{'R3'},{'D1'},{'D2'},{'D3'},{'D5'},{'R1'},{'R2'},,,,&,1.0,&
{'R3'},{'D1'},{'D2'},{'D3'},{'R2'},,,,,,&,2.0,&
{'R3'},{'D1'},{'D2'},{'D3'},{'R2'},{'D5'},{'R1'},,,,&,1.0,&
{'R3'},{'D1'},{'D2'},{'D3'},{'R2'},{'D5'},{'R1'},{'D6'},,,&,1.0,&
{'R3'},{'D1'},{'D2'},{'D3'},{'R2'},{'D6'},{'D7'},,,,&,1.0,&
{'R3'},{'D1'},{'D2'},{'D3'},{'R2'},{'D6'},{'D7'},{'D5'},,,&,1.0,&
{'R3'},{'D1'},{'D2'},{'D3'},{'R2'},{'D6'},{'R1'},{'D7'},{'D5'},{'D4'},&,1.0,&
{'R3'},{'D1'},{'D2'},{'D3'},{'R2'},{'D6'},{'D4'},,,,&,1.0,&
{'R3'},{'D1'},{'D2'},{'D3'},{'R2'},{'R1'},{'D7'},,,,&,1.0,&
{'R3'},{'D1'},{'D2'},{'D3'},{'R2'},{'R1'},{'D5'},,,,&,1.0,&
{'R3'},{'D1'},{'D2'},{'D3'},{'R2'},{'R1'},{'D6'},{'D7'},{'D5'},{'D4'},&,1.0,&
{'R3'},{'D1'},{'D2'},{'D3'},{'R2'},{'R1'},{'D6'},{'D5'},,,&,1.0,&
{'R3'},{'D1'},{'D2'},{'D3'},{'D4'},{'D6'},,,,,&,1.0,&
{'R3'},{'D1'},{'D2'},{'D4'},{'D3'},{'R2'},,,,,&,1.0,&
{'R3'},{'D1'},{'D2'},{'D4'},{'D3'},{'R2'},{'R1'},,,,&,1.0,&
{'R3'},{'D1'},{'D2'},{'D4'},{'R2'},{'D3'},,,,,&,1.0,&
{'R3'},{'D1'},{'D2'},{'D7'},{'D3'},,,,,,&,1.0,&
{'R3'},{'D1'},{'D2'},{'D7'},{'D3'},{'R2'},{'D5'},,,,&,1.0,&
{'R3'},{'D1'},{'D2'},{'D7'},{'R2'},{'D5'},,,,,&,1.0,&
{'R3'},{'D1'},{'D2'},{'D7'},{'R2'},{'D5'},{'D3'},{'R1'},{'D6'},,&,1.0,&
{'R3'},{'D1'},{'D2'},{'D7'},{'R2'},{'R1'},{'D6'},{'D5'},{'D3'},{'D4'},&,1.0,&
{'R3'},{'D1'},{'D2'},{'D7'},{'D4'},{'R2'},{'R1'},,,,&,1.0,&
{'R3'},{'D1'},{'D2'},{'R1'},,,,,,,&,1.0,&
{'R3'},{'D1'},{'D2'},{'R1'},{'D6'},{'D3'},{'D7'},{'D5'},,,&,1.0,&
{'R3'},{'D1'},{'D2'},{'R1'},{'D7'},{'R2'},{'D3'},,,,&,1.0,&
{'R3'},{'D1'},{'D2'},{'R1'},{'D3'},,,,,,&,1.0,&
{'R3'},{'D1'},{'D2'},{'R1'},{'D3'},{'D7'},,,,,&,1.0,&
{'R3'},{'D1'},{'D2'},{'R1'},{'D3'},{'D6'},{'R2'},,,,&,1.0,&
{'R3'},{'D1'},{'D2'},{'R1'},{'R2'},{'D3'},,,,,&,1.0,&
{'R3'},{'D1'},{'D2'},{'R1'},{'R2'},{'D3'},{'D6'},,,,&,1.0,&
{'R3'},{'D1'},{'D2'},{'R1'},{'R2'},{'D3'},{'D6'},{'D5'},{'D7'},,&,1.0,&
{'R3'},{'D1'},{'D2'},{'D6'},,,,,,,&,4.0,&
{'R3'},{'D1'},{'D2'},{'D6'},{'D7'},{'D3'},{'D5'},{'D4'},{'R2'},{'R1'},&,1.0,&
{'R3'},{'D1'},{'D2'},{'D6'},{'D3'},,,,,,&,1.0,&
{'R3'},{'D1'},{'D2'},{'D6'},{'R1'},{'D3'},{'D5'},{'D7'},{'D4'},{'R2'},&,1.0,&
{'R3'},{'D1'},{'D2'},{'D6'},{'D5'},{'D3'},,,,,&,1.0,&
{'R3'},{'D1'},{'D2'},{'D6'},{'D5'},{'R1'},,,,,&,1.0,&
{'R3'},{'D1'},{'D2'},{'D6'},{'R2'},{'D3'},{'D7'},{'D5'},{'R1'},,&,1.0,&
{'R3'},{'D1'},{'D2'},{'D6'},{'R2'},{'R1'},{'D3'},{'D4'},{'D7'},{'D5'},&,1.0,&
{'R3'},{'D1'},{'D2'},{'D6'},{'R2'},{'R1'},{'D3'},{'D7'},{'D5'},{'D4'},&,1.0,&
{'R3'},{'D1'},{'D4'},,,,,,,,&,1.0,&
{'R3'},{'D1'},{'D4'},{'R2'},,,,,,,&,1.0,&
{'R3'},{'D1'},{'D4'},{'R2'},{'D2'},{'R1'},{'D3'},{'D6'},{'D7'},,&,1.0,&
{'R3'},{'D1'},{'D4'},{'D3'},{'R2'},{'R1'},,,,,&,1.0,&
{'R3'},{'D2'},,,,,,,,,&,56.0,&
{'R3'},{'D2'},{'R1'},,,,,,,,&,8.0,&
{'R3'},{'D2'},{'R1'},{'R2'},,,,,,,&,1.0,&
{'R3'},{'D2'},{'R1'},{'R2'},{'D6'},{'D3'},{'D5'},{'D1'},{'D4'},,&,1.0,&
{'R3'},{'D2'},{'R1'},{'R2'},{'D6'},{'D3'},{'D4'},,,,&,1.0,&
{'R3'},{'D2'},{'R1'},{'R2'},{'D3'},{'D5'},{'D1'},{'D4'},,,&,1.0,&
{'R3'},{'D2'},{'R1'},{'R2'},{'D3'},{'D6'},,,,,&,1.0,&
{'R3'},{'D2'},{'R1'},{'R2'},{'D5'},,,,,,&,1.0,&
{'R3'},{'D2'},{'R1'},{'R2'},{'D5'},{'D1'},{'D3'},{'D6'},,,&,1.0,&
{'R3'},{'D2'},{'R1'},{'R2'},{'D1'},,,,,,&,1.0,&
{'R3'},{'D2'},{'R1'},{'R2'},{'D1'},{'D7'},{'D3'},{'D5'},{'D6'},{'D4'},&,1.0,&
{'R3'},{'D2'},{'R1'},{'R2'},{'D1'},{'D5'},{'D3'},,,,&,1.0,&
{'R3'},{'D2'},{'R1'},{'R2'},{'D1'},{'D3'},,,,,&,1.0,&
{'R3'},{'D2'},{'R1'},{'R2'},{'D1'},{'D3'},{'D6'},{'D5'},,,&,1.0,&
{'R3'},{'D2'},{'R1'},{'R2'},{'D4'},,,,,,&,1.0,&
{'R3'},{'D2'},{'R1'},{'D1'},{'D6'},{'R2'},{'D3'},{'D5'},{'D4'},{'D7'},&,1.0,&
{'R3'},{'D2'},{'R1'},{'D1'},{'D7'},{'D5'},{'D3'},{'R2'},{'D6'},,&,1.0,&
{'R3'},{'D2'},{'R1'},{'D1'},{'D3'},,,,,,&,2.0,&
{'R3'},{'D2'},{'R1'},{'D1'},{'D3'},{'D7'},{'D5'},{'R2'},,,&,1.0,&
{'R3'},{'D2'},{'R1'},{'D1'},{'D3'},{'D5'},{'D6'},{'D7'},{'D4'},,&,1.0,&
{'R3'},{'D2'},{'R1'},{'D1'},{'D3'},{'R2'},{'D5'},,,,&,1.0,&
{'R3'},{'D2'},{'R1'},{'D1'},{'D3'},{'R2'},{'D5'},{'D6'},,,&,1.0,&
{'R3'},{'D2'},{'R1'},{'D1'},{'D5'},,,,,,&,1.0,&
{'R3'},{'D2'},{'R1'},{'D1'},{'D5'},{'D3'},,,,,&,1.0,&
{'R3'},{'D2'},{'R1'},{'D1'},{'R2'},{'D5'},{'D3'},{'D6'},,,&,1.0,&
{'R3'},{'D2'},{'R1'},{'D1'},{'R2'},{'D3'},,,,,&,1.0,&
{'R3'},{'D2'},{'R1'},{'D3'},,,,,,,&,1.0,&
{'R3'},{'D2'},{'R1'},{'D3'},{'D6'},{'D7'},{'D5'},,,,&,1.0,&
{'R3'},{'D2'},{'R1'},{'D3'},{'D7'},{'R2'},{'D1'},{'D6'},,,&,1.0,&
{'R3'},{'D2'},{'R1'},{'D3'},{'R2'},,,,,,&,4.0,&
{'R3'},{'D2'},{'R1'},{'D3'},{'R2'},{'D5'},,,,,&,1.0,&
{'R3'},{'D2'},{'R1'},{'D3'},{'R2'},{'D6'},,,,,&,1.0,&
{'R3'},{'D2'},{'R1'},{'D4'},,,,,,,&,1.0,&
{'R3'},{'D2'},{'D6'},,,,,,,,&,11.0,&
{'R3'},{'D2'},{'D6'},{'R2'},{'D3'},{'D5'},{'D1'},,,,&,1.0,&
{'R3'},{'D2'},{'D6'},{'R2'},{'D3'},{'R1'},{'D1'},{'D7'},{'D5'},{'D4'},&,1.0,&
{'R3'},{'D2'},{'D6'},{'R2'},{'R1'},,,,,,&,2.0,&
{'R3'},{'D2'},{'D6'},{'R2'},{'R1'},{'D1'},,,,,&,1.0,&
{'R3'},{'D2'},{'D6'},{'R2'},{'R1'},{'D1'},{'D5'},{'D3'},{'D4'},,&,1.0,&
{'R3'},{'D2'},{'D6'},{'R2'},{'R1'},{'D3'},,,,,&,1.0,&
{'R3'},{'D2'},{'D6'},{'D1'},,,,,,,&,1.0,&
{'R3'},{'D2'},{'D6'},{'D1'},{'D3'},{'R2'},,,,,&,1.0,&
{'R3'},{'D2'},{'D6'},{'D1'},{'D3'},{'R2'},{'R1'},{'D7'},,,&,1.0,&
{'R3'},{'D2'},{'D6'},{'D1'},{'D3'},{'D4'},{'R2'},{'R1'},,,&,1.0,&
{'R3'},{'D2'},{'D6'},{'D1'},{'D5'},{'D3'},{'R2'},{'R1'},{'D7'},,&,1.0,&
{'R3'},{'D2'},{'D6'},{'D1'},{'R2'},,,,,,&,1.0,&
{'R3'},{'D2'},{'D6'},{'D1'},{'R2'},{'D3'},,,,,&,2.0,&
{'R3'},{'D2'},{'D6'},{'D5'},{'D3'},,,,,,&,1.0,&
{'R3'},{'D2'},{'D6'},{'D5'},{'D1'},{'R2'},{'D3'},{'R1'},{'D4'},{'D7'},&,1.0,&
{'R3'},{'D2'},{'D6'},{'D3'},{'D7'},{'D1'},{'D4'},{'D5'},,,&,1.0,&
{'R3'},{'D2'},{'D6'},{'D3'},{'D7'},{'R2'},{'D1'},{'D5'},,,&,1.0,&
{'R3'},{'D2'},{'D6'},{'D3'},{'R1'},{'R2'},,,,,&,1.0,&
{'R3'},{'D2'},{'D6'},{'D3'},{'D5'},{'D1'},{'R2'},{'R1'},,,&,1.0,&
{'R3'},{'D2'},{'D6'},{'D3'},{'D1'},{'D7'},{'D5'},{'D4'},{'R2'},,&,1.0,&
{'R3'},{'D2'},{'D6'},{'D3'},{'D1'},{'D7'},{'D5'},{'R2'},{'R1'},{'D4'},&,1.0,&
{'R3'},{'D2'},{'D6'},{'D3'},{'D1'},{'D7'},{'D5'},{'R2'},{'D4'},,&,1.0,&
{'R3'},{'D2'},{'D6'},{'D3'},{'D1'},{'D7'},{'R2'},{'D5'},{'D4'},{'R1'},&,1.0,&
{'R3'},{'D2'},{'D6'},{'D3'},{'D1'},{'D5'},{'D4'},{'D7'},,,&,1.0,&
{'R3'},{'D2'},{'D6'},{'D3'},{'D1'},{'R2'},{'D7'},{'R1'},{'D5'},{'D4'},&,1.0,&
{'R3'},{'D2'},{'D6'},{'D3'},{'D1'},{'R1'},{'D4'},{'D5'},{'D7'},{'R2'},&,1.0,&
{'R3'},{'D2'},{'D6'},{'D3'},{'D1'},{'D4'},{'D5'},,,,&,1.0,&
{'R3'},{'D2'},{'D6'},{'D3'},{'R2'},,,,,,&,1.0,&
{'R3'},{'D2'},{'D6'},{'D3'},{'R2'},{'D1'},,,,,&,1.0,&
{'R3'},{'D2'},{'D6'},{'D3'},{'R2'},{'D1'},{'D7'},,,,&,1.0,&
{'R3'},{'D2'},{'D6'},{'R1'},{'D1'},{'R2'},,,,,&,1.0,&
{'R3'},{'D2'},{'D6'},{'R1'},{'R2'},{'D1'},{'D3'},{'D7'},,,&,1.0,&
{'R3'},{'D2'},{'D3'},,,,,,,,&,29.0,&
{'R3'},{'D2'},{'D3'},{'R2'},,,,,,,&,15.0,&
{'R3'},{'D2'},{'D3'},{'R2'},{'D6'},,,,,,&,1.0,&
{'R3'},{'D2'},{'D3'},{'R2'},{'D6'},{'D1'},{'D7'},{'R1'},{'D5'},{'D4'},&,1.0,&
{'R3'},{'D2'},{'D3'},{'R2'},{'D6'},{'R1'},,,,,&,1.0,&
{'R3'},{'D2'},{'D3'},{'R2'},{'D6'},{'R1'},{'D7'},{'D1'},,,&,1.0,&
{'R3'},{'D2'},{'D3'},{'R2'},{'D7'},{'D6'},{'D1'},{'D5'},{'R1'},,&,1.0,&
{'R3'},{'D2'},{'D3'},{'R2'},{'D7'},{'D6'},{'R1'},,,,&,1.0,&
{'R3'},{'D2'},{'D3'},{'R2'},{'R1'},,,,,,&,2.0,&
{'R3'},{'D2'},{'D3'},{'R2'},{'R1'},{'D1'},,,,,&,1.0,&
{'R3'},{'D2'},{'D3'},{'R2'},{'R1'},{'D1'},{'D7'},,,,&,1.0,&
{'R3'},{'D2'},{'D3'},{'R2'},{'R1'},{'D1'},{'D5'},,,,&,1.0,&
{'R3'},{'D2'},{'D3'},{'R2'},{'R1'},{'D1'},{'D5'},{'D6'},,,&,1.0,&
{'R3'},{'D2'},{'D3'},{'R2'},{'R1'},{'D1'},{'D6'},,,,&,2.0,&
{'R3'},{'D2'},{'D3'},{'R2'},{'R1'},{'D1'},{'D6'},{'D5'},,,&,1.0,&
{'R3'},{'D2'},{'D3'},{'R2'},{'R1'},{'D1'},{'D6'},{'D5'},{'D7'},{'D4'},&,1.0,&
{'R3'},{'D2'},{'D3'},{'R2'},{'R1'},{'D7'},,,,,&,1.0,&
{'R3'},{'D2'},{'D3'},{'R2'},{'R1'},{'D7'},{'D5'},,,,&,1.0,&
{'R3'},{'D2'},{'D3'},{'R2'},{'R1'},{'D7'},{'D1'},{'D5'},,,&,1.0,&
{'R3'},{'D2'},{'D3'},{'R2'},{'R1'},{'D7'},{'D4'},{'D1'},{'D6'},{'D5'},&,1.0,&
{'R3'},{'D2'},{'D3'},{'R2'},{'R1'},{'D5'},{'D1'},{'D7'},,,&,1.0,&
{'R3'},{'D2'},{'D3'},{'R2'},{'R1'},{'D6'},,,,,&,1.0,&
{'R3'},{'D2'},{'D3'},{'R2'},{'R1'},{'D6'},{'D1'},{'D5'},{'D4'},{'D7'},&,1.0,&
{'R3'},{'D2'},{'D3'},{'R2'},{'D5'},{'D1'},{'D7'},,,,&,1.0,&
{'R3'},{'D2'},{'D3'},{'R2'},{'D5'},{'R1'},,,,,&,1.0,&
{'R3'},{'D2'},{'D3'},{'R2'},{'D1'},,,,,,&,4.0,&
{'R3'},{'D2'},{'D3'},{'R2'},{'D1'},{'D5'},{'D6'},{'R1'},,,&,1.0,&
{'R3'},{'D2'},{'D3'},{'R2'},{'D1'},{'D6'},,,,,&,1.0,&
{'R3'},{'D2'},{'D3'},{'R2'},{'D1'},{'D6'},{'D5'},,,,&,1.0,&
{'R3'},{'D2'},{'D3'},{'R2'},{'D1'},{'D6'},{'D5'},{'R1'},,,&,1.0,&
{'R3'},{'D2'},{'D3'},{'R2'},{'D1'},{'D6'},{'R1'},{'D5'},,,&,1.0,&
{'R3'},{'D2'},{'D3'},{'R2'},{'D1'},{'R1'},{'D7'},{'D6'},,,&,1.0,&
{'R3'},{'D2'},{'D3'},{'R2'},{'D1'},{'R1'},{'D5'},{'D6'},,,&,1.0,&
{'R3'},{'D2'},{'D3'},{'R2'},{'D1'},{'R1'},{'D6'},,,,&,2.0,&
{'R3'},{'D2'},{'D3'},{'R2'},{'D1'},{'R1'},{'D6'},{'D7'},,,&,1.0,&
{'R3'},{'D2'},{'D3'},{'R2'},{'D1'},{'R1'},{'D6'},{'D5'},,,&,1.0,&
{'R3'},{'D2'},{'D3'},{'D1'},,,,,,,&,6.0,&
{'R3'},{'D2'},{'D3'},{'D1'},{'D6'},,,,,,&,1.0,&
{'R3'},{'D2'},{'D3'},{'D1'},{'D6'},{'D7'},{'R2'},,,,&,1.0,&
{'R3'},{'D2'},{'D3'},{'D1'},{'D6'},{'D7'},{'R2'},{'R1'},,,&,1.0,&
{'R3'},{'D2'},{'D3'},{'D1'},{'D6'},{'D5'},,,,,&,1.0,&
{'R3'},{'D2'},{'D3'},{'D1'},{'D6'},{'D5'},{'R2'},{'D4'},{'D7'},{'R1'},&,1.0,&
{'R3'},{'D2'},{'D3'},{'D1'},{'D6'},{'R2'},{'D5'},{'R1'},,,&,1.0,&
{'R3'},{'D2'},{'D3'},{'D1'},{'D6'},{'D4'},,,,,&,1.0,&
{'R3'},{'D2'},{'D3'},{'D1'},{'D6'},{'D4'},{'R2'},{'R1'},{'D5'},,&,1.0,&
{'R3'},{'D2'},{'D3'},{'D1'},{'D7'},,,,,,&,1.0,&
{'R3'},{'D2'},{'D3'},{'D1'},{'D7'},{'R2'},{'R1'},{'D5'},{'D6'},{'D4'},&,1.0,&
{'R3'},{'D2'},{'D3'},{'D1'},{'D7'},{'D6'},{'R1'},{'D5'},{'D4'},,&,1.0,&
{'R3'},{'D2'},{'D3'},{'D1'},{'R1'},,,,,,&,1.0,&
{'R3'},{'D2'},{'D3'},{'D1'},{'R1'},{'R2'},,,,,&,1.0,&
{'R3'},{'D2'},{'D3'},{'D1'},{'R1'},{'R2'},{'D5'},,,,&,1.0,&
{'R3'},{'D2'},{'D3'},{'D1'},{'R1'},{'R2'},{'D6'},{'D4'},{'D5'},{'D7'},&,1.0,&
{'R3'},{'D2'},{'D3'},{'D1'},{'R1'},{'R2'},{'D6'},{'D5'},{'D4'},,&,1.0,&
{'R3'},{'D2'},{'D3'},{'D1'},{'R1'},{'D6'},{'D7'},{'D5'},{'D4'},{'R2'},&,1.0,&
{'R3'},{'D2'},{'D3'},{'D1'},{'D5'},,,,,,&,2.0,&
{'R3'},{'D2'},{'D3'},{'D1'},{'D5'},{'D7'},{'R2'},{'D6'},{'R1'},{'D4'},&,1.0,&
{'R3'},{'D2'},{'D3'},{'D1'},{'D5'},{'D6'},{'D7'},{'D4'},,,&,1.0,&
{'R3'},{'D2'},{'D3'},{'D1'},{'D5'},{'D6'},{'D7'},{'D4'},{'R2'},{'R1'},&,1.0,&
{'R3'},{'D2'},{'D3'},{'D1'},{'D5'},{'R1'},{'D4'},,,,&,1.0,&
{'R3'},{'D2'},{'D3'},{'D1'},{'R2'},,,,,,&,2.0,&
{'R3'},{'D2'},{'D3'},{'D1'},{'R2'},{'D7'},{'D6'},{'D4'},,,&,1.0,&
{'R3'},{'D2'},{'D3'},{'D1'},{'R2'},{'D7'},{'D6'},{'D4'},{'D5'},,&,1.0,&
{'R3'},{'D2'},{'D3'},{'D1'},{'R2'},{'D7'},{'D6'},{'R1'},,,&,1.0,&
{'R3'},{'D2'},{'D3'},{'D1'},{'R2'},{'D5'},{'D7'},{'D6'},{'D4'},{'R1'},&,1.0,&
{'R3'},{'D2'},{'D3'},{'D1'},{'R2'},{'D5'},{'R1'},{'D7'},,,&,1.0,&
{'R3'},{'D2'},{'D3'},{'D1'},{'R2'},{'D6'},,,,,&,1.0,&
{'R3'},{'D2'},{'D3'},{'D1'},{'R2'},{'D6'},{'R1'},{'D7'},{'D4'},,&,1.0,&
{'R3'},{'D2'},{'D3'},{'D1'},{'R2'},{'R1'},,,,,&,2.0,&
{'R3'},{'D2'},{'D3'},{'D1'},{'R2'},{'R1'},{'D5'},,,,&,1.0,&
{'R3'},{'D2'},{'D3'},{'D1'},{'R2'},{'R1'},{'D5'},{'D6'},{'D7'},{'D4'},&,1.0,&
{'R3'},{'D2'},{'D3'},{'D1'},{'D4'},{'D6'},{'D5'},{'R1'},{'D7'},{'R2'},&,1.0,&
{'R3'},{'D2'},{'D3'},{'D5'},,,,,,,&,1.0,&
{'R3'},{'D2'},{'D3'},{'D5'},{'R1'},{'D1'},,,,,&,1.0,&
{'R3'},{'D2'},{'D3'},{'D5'},{'D1'},{'D7'},,,,,&,1.0,&
{'R3'},{'D2'},{'D3'},{'D5'},{'D1'},{'R2'},{'R1'},{'D6'},{'D7'},,&,1.0,&
{'R3'},{'D2'},{'D3'},{'D5'},{'D1'},{'R2'},{'R1'},{'D6'},{'D7'},{'D4'},&,1.0,&
{'R3'},{'D2'},{'D3'},{'D5'},{'D1'},{'R2'},{'D6'},{'R1'},,,&,1.0,&
{'R3'},{'D2'},{'D3'},{'D5'},{'D1'},{'R1'},,,,,&,1.0,&
{'R3'},{'D2'},{'D3'},{'D5'},{'D1'},{'D4'},{'D6'},{'D7'},,,&,1.0,&
{'R3'},{'D2'},{'D3'},{'D5'},{'R2'},{'D1'},{'D7'},{'D6'},{'D4'},{'R1'},&,1.0,&
{'R3'},{'D2'},{'D3'},{'D5'},{'R2'},{'D1'},{'D6'},{'D7'},{'D4'},,&,1.0,&
{'R3'},{'D2'},{'D3'},{'D5'},{'R2'},{'R1'},{'D1'},{'D4'},{'D7'},,&,1.0,&
{'R3'},{'D2'},{'D3'},{'D4'},{'D1'},{'R2'},{'R1'},{'D6'},{'D7'},{'D5'},&,1.0,&
{'R3'},{'D2'},{'D3'},{'D7'},,,,,,,&,1.0,&
{'R3'},{'D2'},{'D3'},{'D7'},{'D1'},{'R2'},,,,,&,1.0,&
{'R3'},{'D2'},{'D3'},{'D7'},{'R2'},{'D5'},{'R1'},{'D1'},{'D6'},{'D4'},&,1.0,&
{'R3'},{'D2'},{'D3'},{'D7'},{'R2'},{'R1'},{'D1'},,,,&,1.0,&
{'R3'},{'D2'},{'D3'},{'D7'},{'R2'},{'R1'},{'D1'},{'D6'},{'D5'},,&,1.0,&
{'R3'},{'D2'},{'D3'},{'R1'},{'D6'},{'D1'},,,,,&,1.0,&
{'R3'},{'D2'},{'D3'},{'R1'},{'D5'},,,,,,&,1.0,&
{'R3'},{'D2'},{'D3'},{'R1'},{'D1'},,,,,,&,1.0,&
{'R3'},{'D2'},{'D3'},{'R1'},{'D1'},{'R2'},,,,,&,1.0,&
{'R3'},{'D2'},{'D3'},{'R1'},{'R2'},,,,,,&,1.0,&
{'R3'},{'D2'},{'D3'},{'R1'},{'R2'},{'D1'},{'D6'},{'D4'},,,&,1.0,&
{'R3'},{'D2'},{'D3'},{'D6'},,,,,,,&,1.0,&
{'R3'},{'D2'},{'D3'},{'D6'},{'D7'},{'D5'},{'D1'},{'D4'},{'R1'},,&,1.0,&
{'R3'},{'D2'},{'D3'},{'D6'},{'D1'},{'R2'},{'R1'},{'D4'},,,&,1.0,&
{'R3'},{'D2'},{'D3'},{'D6'},{'D1'},{'R2'},{'R1'},{'D7'},,,&,1.0,&
{'R3'},{'D2'},{'D3'},{'D6'},{'D1'},{'R2'},{'R1'},{'D5'},{'D7'},{'D4'},&,1.0,&
{'R3'},{'D2'},{'D3'},{'D6'},{'D1'},{'D4'},{'D7'},{'R2'},,,&,1.0,&
{'R3'},{'D2'},{'D3'},{'D6'},{'R2'},,,,,,&,1.0,&
{'R3'},{'D2'},{'D3'},{'D6'},{'R2'},{'D7'},{'D5'},,,,&,1.0,&
{'R3'},{'D2'},{'D5'},,,,,,,,&,7.0,&
{'R3'},{'D2'},{'D5'},{'R2'},,,,,,,&,2.0,&
{'R3'},{'D2'},{'D5'},{'R2'},{'D3'},,,,,,&,1.0,&
{'R3'},{'D2'},{'D5'},{'R2'},{'R1'},,,,,,&,1.0,&
{'R3'},{'D2'},{'D5'},{'R2'},{'R1'},{'D1'},{'D7'},{'D6'},{'D3'},{'D4'},&,1.0,&
{'R3'},{'D2'},{'D5'},{'R2'},{'R1'},{'D7'},{'D1'},{'D6'},{'D3'},{'D4'},&,1.0,&
{'R3'},{'D2'},{'D5'},{'R2'},{'D1'},{'D3'},,,,,&,1.0,&
{'R3'},{'D2'},{'D5'},{'R2'},{'D4'},{'D3'},{'R1'},,,,&,1.0,&
{'R3'},{'D2'},{'D5'},{'R2'},{'D4'},{'R1'},{'D1'},,,,&,1.0,&
{'R3'},{'D2'},{'D5'},{'D1'},,,,,,,&,1.0,&
{'R3'},{'D2'},{'D5'},{'D1'},{'D3'},,,,,,&,1.0,&
{'R3'},{'D2'},{'D5'},{'D1'},{'D3'},{'D6'},,,,,&,1.0,&
{'R3'},{'D2'},{'D5'},{'D1'},{'D3'},{'D4'},{'D6'},,,,&,1.0,&
{'R3'},{'D2'},{'D5'},{'D1'},{'R2'},{'D3'},{'D7'},{'D6'},{'D4'},{'R1'},&,1.0,&
{'R3'},{'D2'},{'D5'},{'D1'},{'R2'},{'R1'},,,,,&,1.0,&
{'R3'},{'D2'},{'D5'},{'D1'},{'R2'},{'R1'},{'D3'},{'D6'},{'D7'},{'D4'},&,1.0,&
{'R3'},{'D2'},{'D5'},{'D3'},,,,,,,&,2.0,&
{'R3'},{'D2'},{'D5'},{'D3'},{'D6'},{'D1'},{'D7'},,,,&,1.0,&
{'R3'},{'D2'},{'D5'},{'D3'},{'D6'},{'D1'},{'R2'},{'D4'},{'D7'},{'R1'},&,1.0,&
{'R3'},{'D2'},{'D5'},{'D3'},{'D1'},{'R2'},,,,,&,1.0,&
{'R3'},{'D2'},{'D5'},{'D3'},{'R2'},,,,,,&,1.0,&
{'R3'},{'D2'},{'D5'},{'R1'},{'R2'},{'D7'},,,,,&,1.0,&
{'R3'},{'D2'},{'D1'},,,,,,,,&,27.0,&
{'R3'},{'D2'},{'D1'},{'R2'},,,,,,,&,6.0,&
{'R3'},{'D2'},{'D1'},{'R2'},{'D6'},,,,,,&,2.0,&
{'R3'},{'D2'},{'D1'},{'R2'},{'D6'},{'D3'},{'R1'},{'D5'},{'D7'},{'D4'},&,1.0,&
{'R3'},{'D2'},{'D1'},{'R2'},{'D7'},{'D3'},,,,,&,1.0,&
{'R3'},{'D2'},{'D1'},{'R2'},{'D7'},{'D3'},{'R1'},{'D6'},,,&,1.0,&
{'R3'},{'D2'},{'D1'},{'R2'},{'D7'},{'R1'},{'D3'},,,,&,1.0,&
{'R3'},{'D2'},{'D1'},{'R2'},{'D3'},,,,,,&,2.0,&
{'R3'},{'D2'},{'D1'},{'R2'},{'D3'},{'D7'},{'D6'},{'D5'},{'R1'},,&,1.0,&
{'R3'},{'D2'},{'D1'},{'R2'},{'D3'},{'D5'},{'R1'},,,,&,1.0,&
{'R3'},{'D2'},{'D1'},{'R2'},{'D3'},{'D6'},,,,,&,2.0,&
{'R3'},{'D2'},{'D1'},{'R2'},{'D3'},{'D6'},{'D7'},{'R1'},{'D5'},,&,1.0,&
{'R3'},{'D2'},{'D1'},{'R2'},{'D3'},{'D6'},{'D5'},{'D7'},{'D4'},{'R1'},&,1.0,&
{'R3'},{'D2'},{'D1'},{'R2'},{'D3'},{'D6'},{'R1'},,,,&,1.0,&
{'R3'},{'D2'},{'D1'},{'R2'},{'D3'},{'D6'},{'D4'},{'D5'},{'D7'},,&,1.0,&
{'R3'},{'D2'},{'D1'},{'R2'},{'D3'},{'D6'},{'D4'},{'D5'},{'D7'},{'R1'},&,1.0,&
{'R3'},{'D2'},{'D1'},{'R2'},{'D3'},{'R1'},,,,,&,2.0,&
{'R3'},{'D2'},{'D1'},{'R2'},{'D3'},{'R1'},{'D7'},{'D5'},,,&,1.0,&
{'R3'},{'D2'},{'D1'},{'R2'},{'D3'},{'R1'},{'D5'},,,,&,1.0,&
{'R3'},{'D2'},{'D1'},{'R2'},{'D3'},{'R1'},{'D5'},{'D6'},{'D7'},{'D4'},&,1.0,&
{'R3'},{'D2'},{'D1'},{'R2'},{'D3'},{'R1'},{'D6'},,,,&,1.0,&
{'R3'},{'D2'},{'D1'},{'R2'},{'R1'},,,,,,&,3.0,&
{'R3'},{'D2'},{'D1'},{'R2'},{'R1'},{'D7'},{'D3'},{'D6'},{'D5'},,&,1.0,&
{'R3'},{'D2'},{'D1'},{'R2'},{'R1'},{'D5'},{'D3'},,,,&,1.0,&
{'R3'},{'D2'},{'D1'},{'R2'},{'R1'},{'D5'},{'D3'},{'D6'},,,&,1.0,&
{'R3'},{'D2'},{'D1'},{'R2'},{'R1'},{'D6'},,,,,&,1.0,&
{'R3'},{'D2'},{'D1'},{'R2'},{'R1'},{'D6'},{'D5'},,,,&,1.0,&
{'R3'},{'D2'},{'D1'},{'R2'},{'R1'},{'D6'},{'D3'},{'D7'},,,&,1.0,&
{'R3'},{'D2'},{'D1'},{'R2'},{'R1'},{'D3'},,,,,&,5.0,&
{'R3'},{'D2'},{'D1'},{'R2'},{'R1'},{'D3'},{'D7'},,,,&,1.0,&
{'R3'},{'D2'},{'D1'},{'R2'},{'R1'},{'D3'},{'D5'},,,,&,1.0,&
{'R3'},{'D2'},{'D1'},{'R2'},{'R1'},{'D3'},{'D5'},{'D6'},,,&,1.0,&
{'R3'},{'D2'},{'D1'},{'R2'},{'R1'},{'D3'},{'D5'},{'D6'},{'D7'},{'D4'},&,1.0,&
{'R3'},{'D2'},{'D1'},{'R2'},{'R1'},{'D3'},{'D5'},{'D4'},,,&,1.0,&
{'R3'},{'D2'},{'D1'},{'R2'},{'R1'},{'D3'},{'D5'},{'D7'},{'D6'},{'D4'},&,1.0,&
{'R3'},{'D2'},{'D1'},{'R2'},{'R1'},{'D3'},{'D6'},,,,&,1.0,&
{'R3'},{'D2'},{'D1'},{'R2'},{'R1'},{'D3'},{'D4'},{'D7'},{'D5'},,&,1.0,&
{'R3'},{'D2'},{'D1'},{'R2'},{'D5'},,,,,,&,1.0,&
{'R3'},{'D2'},{'D1'},{'R2'},{'D5'},{'D7'},,,,,&,1.0,&
{'R3'},{'D2'},{'D1'},{'R2'},{'D5'},{'D3'},,,,,&,1.0,&
{'R3'},{'D2'},{'D1'},{'R2'},{'D5'},{'D3'},{'D6'},{'D4'},{'D7'},,&,1.0,&
{'R3'},{'D2'},{'D1'},{'R2'},{'D5'},{'R1'},{'D3'},,,,&,1.0,&
{'R3'},{'D2'},{'D1'},{'R2'},{'D4'},,,,,,&,1.0,&
{'R3'},{'D2'},{'D1'},{'D5'},{'D6'},{'D3'},{'D7'},{'R2'},,,&,1.0,&
{'R3'},{'D2'},{'D1'},{'D5'},{'D3'},,,,,,&,2.0,&
{'R3'},{'D2'},{'D1'},{'D5'},{'R2'},,,,,,&,1.0,&
{'R3'},{'D2'},{'D1'},{'D5'},{'R2'},{'R1'},,,,,&,1.0,&
{'R3'},{'D2'},{'D1'},{'D3'},,,,,,,&,3.0,&
{'R3'},{'D2'},{'D1'},{'D3'},{'D6'},,,,,,&,2.0,&
{'R3'},{'D2'},{'D1'},{'D3'},{'D6'},{'D7'},{'D5'},{'R2'},{'R1'},{'D4'},&,1.0,&
{'R3'},{'D2'},{'D1'},{'D3'},{'D6'},{'D7'},{'R2'},{'D5'},,,&,1.0,&
{'R3'},{'D2'},{'D1'},{'D3'},{'D6'},{'D7'},{'D4'},{'R2'},{'D5'},,&,1.0,&
{'R3'},{'D2'},{'D1'},{'D3'},{'D6'},{'D5'},{'D7'},{'D4'},{'R2'},{'R1'},&,1.0,&
{'R3'},{'D2'},{'D1'},{'D3'},{'D6'},{'R2'},,,,,&,1.0,&
{'R3'},{'D2'},{'D1'},{'D3'},{'D6'},{'R2'},{'D5'},{'D7'},{'D4'},{'R1'},&,2.0,&
{'R3'},{'D2'},{'D1'},{'D3'},{'D6'},{'R2'},{'R1'},{'D7'},{'D4'},,&,1.0,&
{'R3'},{'D2'},{'D1'},{'D3'},{'D7'},{'D5'},{'R2'},{'D6'},{'D4'},{'R1'},&,1.0,&
{'R3'},{'D2'},{'D1'},{'D3'},{'D7'},{'R2'},{'D5'},,,,&,1.0,&
{'R3'},{'D2'},{'D1'},{'D3'},{'D7'},{'R2'},{'D5'},{'D4'},{'D6'},,&,2.0,&
{'R3'},{'D2'},{'D1'},{'D3'},{'D7'},{'R2'},{'D6'},{'R1'},,,&,1.0,&
{'R3'},{'D2'},{'D1'},{'D3'},{'D7'},{'D6'},,,,,&,1.0,&
{'R3'},{'D2'},{'D1'},{'D3'},{'D7'},{'R1'},{'D6'},{'R2'},,,&,1.0,&
{'R3'},{'D2'},{'D1'},{'D3'},{'R1'},{'D7'},,,,,&,1.0,&
{'R3'},{'D2'},{'D1'},{'D3'},{'R1'},{'D7'},{'D6'},{'R2'},{'D5'},{'D4'},&,1.0,&
{'R3'},{'D2'},{'D1'},{'D3'},{'D5'},,,,,,&,2.0,&
{'R3'},{'D2'},{'D1'},{'D3'},{'D5'},{'D7'},{'R2'},{'D6'},{'D4'},,&,1.0,&
{'R3'},{'D2'},{'D1'},{'D3'},{'D5'},{'D7'},{'R1'},{'D6'},{'D4'},{'R2'},&,1.0,&
{'R3'},{'D2'},{'D1'},{'D3'},{'D5'},{'D7'},{'D6'},{'R2'},{'D4'},,&,1.0,&
{'R3'},{'D2'},{'D1'},{'D3'},{'D5'},{'R2'},{'D6'},{'D7'},,,&,1.0,&
{'R3'},{'D2'},{'D1'},{'D3'},{'R2'},,,,,,&,3.0,&
{'R3'},{'D2'},{'D1'},{'D3'},{'R2'},{'D7'},,,,,&,1.0,&
{'R3'},{'D2'},{'D1'},{'D3'},{'R2'},{'D7'},{'R1'},{'D5'},,,&,1.0,&
{'R3'},{'D2'},{'D1'},{'D3'},{'R2'},{'D5'},,,,,&,2.0,&
{'R3'},{'D2'},{'D1'},{'D3'},{'R2'},{'D6'},{'D7'},{'D5'},,,&,1.0,&
{'R3'},{'D2'},{'D1'},{'D3'},{'R2'},{'D6'},{'R1'},{'D5'},{'D4'},{'D7'},&,1.0,&
{'R3'},{'D2'},{'D1'},{'D3'},{'R2'},{'R1'},,,,,&,1.0,&
{'R3'},{'D2'},{'D1'},{'D3'},{'R2'},{'R1'},{'D6'},,,,&,1.0,&
{'R3'},{'D2'},{'D1'},{'D3'},{'R2'},{'D4'},,,,,&,1.0,&
{'R3'},{'D2'},{'D1'},{'D4'},{'D7'},{'D5'},,,,,&,1.0,&
{'R3'},{'D2'},{'D1'},{'D4'},{'D7'},{'D3'},,,,,&,1.0,&
{'R3'},{'D2'},{'D1'},{'D7'},,,,,,,&,2.0,&
{'R3'},{'D2'},{'D1'},{'D7'},{'D3'},{'D5'},{'R2'},{'D6'},{'D4'},,&,1.0,&
{'R3'},{'D2'},{'D1'},{'D7'},{'D3'},{'R2'},{'R1'},{'D5'},{'D6'},{'D4'},&,1.0,&
{'R3'},{'D2'},{'D1'},{'D7'},{'D3'},{'D6'},{'D5'},,,,&,1.0,&
{'R3'},{'D2'},{'D1'},{'D7'},{'D3'},{'D4'},{'D5'},{'R2'},,,&,1.0,&
{'R3'},{'D2'},{'D1'},{'D7'},{'D3'},{'D4'},{'D6'},{'D5'},,,&,1.0,&
{'R3'},{'D2'},{'D1'},{'D7'},{'D5'},{'R2'},{'R1'},,,,&,1.0,&
{'R3'},{'D2'},{'D1'},{'D7'},{'D5'},{'R2'},{'R1'},{'D3'},{'D6'},,&,1.0,&
{'R3'},{'D2'},{'D1'},{'D7'},{'R2'},,,,,,&,2.0,&
{'R3'},{'D2'},{'D1'},{'D7'},{'R2'},{'D3'},,,,,&,1.0,&
{'R3'},{'D2'},{'D1'},{'D7'},{'R2'},{'R1'},{'D3'},{'D5'},{'D6'},{'D4'},&,1.0,&
{'R3'},{'D2'},{'D1'},{'D7'},{'D4'},,,,,,&,1.0,&
{'R3'},{'D2'},{'D1'},{'R1'},,,,,,,&,1.0,&
{'R3'},{'D2'},{'D1'},{'R1'},{'D3'},{'R2'},{'D5'},{'D6'},{'D7'},{'D4'},&,1.0,&
{'R3'},{'D2'},{'D1'},{'R1'},{'D3'},{'D6'},{'D4'},{'R2'},{'D7'},{'D5'},&,1.0,&
{'R3'},{'D2'},{'D1'},{'R1'},{'R2'},{'D3'},{'D7'},{'D6'},{'D5'},{'D4'},&,1.0,&
{'R3'},{'D2'},{'D1'},{'R1'},{'R2'},{'D3'},{'D7'},{'D5'},,,&,1.0,&
{'R3'},{'D2'},{'D1'},{'D6'},,,,,,,&,4.0,&
{'R3'},{'D2'},{'D1'},{'D6'},{'D3'},{'D5'},,,,,&,1.0,&
{'R3'},{'D2'},{'D1'},{'D6'},{'D3'},{'R2'},{'D5'},{'R1'},{'D4'},,&,1.0,&
{'R3'},{'D2'},{'D1'},{'D6'},{'D3'},{'R2'},{'R1'},{'D7'},,,&,1.0,&
{'R3'},{'D2'},{'D1'},{'D6'},{'D3'},{'R1'},{'D7'},{'R2'},{'D5'},{'D4'},&,1.0,&
{'R3'},{'D2'},{'D1'},{'D6'},{'D3'},{'D4'},{'R2'},{'R1'},{'D5'},{'D7'},&,1.0,&
{'R3'},{'D2'},{'D1'},{'D6'},{'R2'},,,,,,&,2.0,&
{'R3'},{'D2'},{'D1'},{'D6'},{'R2'},{'R1'},{'D7'},{'D3'},{'D5'},,&,1.0,&
{'R3'},{'D2'},{'D1'},{'D6'},{'R2'},{'R1'},{'D3'},{'D7'},,,&,1.0,&
{'R3'},{'D2'},{'D7'},,,,,,,,&,1.0,&
{'R3'},{'D2'},{'D7'},{'R2'},,,,,,,&,1.0,&
{'R3'},{'D2'},{'D7'},{'R2'},{'D3'},{'D1'},{'R1'},{'D5'},{'D4'},{'D6'},&,1.0,&
{'R3'},{'D2'},{'D7'},{'R2'},{'D3'},{'R1'},{'D1'},{'D5'},,,&,1.0,&
{'R3'},{'D2'},{'D7'},{'R2'},{'R1'},,,,,,&,2.0,&
{'R3'},{'D2'},{'D7'},{'R2'},{'D5'},{'R1'},{'D3'},{'D1'},{'D6'},,&,1.0,&
{'R3'},{'D2'},{'D7'},{'R2'},{'D1'},{'D6'},{'D4'},{'D3'},{'R1'},{'D5'},&,1.0,&
{'R3'},{'D2'},{'D7'},{'R2'},{'D1'},{'D3'},{'D6'},{'D4'},{'R1'},{'D5'},&,1.0,&
{'R3'},{'D2'},{'D7'},{'D1'},{'D6'},{'D5'},{'R2'},{'D3'},,,&,1.0,&
{'R3'},{'D2'},{'D7'},{'D1'},{'D3'},{'D5'},{'R1'},,,,&,1.0,&
{'R3'},{'D2'},{'D7'},{'D1'},{'D3'},{'D6'},{'R2'},{'D5'},{'R1'},,&,1.0,&
{'R3'},{'D2'},{'D7'},{'D1'},{'D5'},{'D6'},,,,,&,1.0,&
{'R3'},{'D2'},{'D7'},{'D1'},{'R2'},{'D5'},{'D3'},,,,&,1.0,&
{'R3'},{'D2'},{'D7'},{'D3'},,,,,,,&,2.0,&
{'R3'},{'D2'},{'D7'},{'D3'},{'D1'},{'R2'},{'D5'},{'D6'},{'D4'},{'R1'},&,1.0,&
{'R3'},{'D2'},{'D7'},{'D3'},{'D1'},{'D6'},{'R1'},,,,&,1.0,&
{'R3'},{'D2'},{'D7'},{'D3'},{'R2'},{'D1'},{'D6'},{'D5'},,,&,1.0,&
{'R3'},{'D2'},{'D7'},{'D3'},{'R2'},{'R1'},{'D1'},{'D5'},,,&,1.0,&
{'R3'},{'D2'},{'D7'},{'R1'},{'R2'},{'D1'},,,,,&,1.0,&
{'R3'},{'D2'},{'D7'},{'D6'},,,,,,,&,1.0,&
{'R3'},{'D2'},{'D7'},{'D6'},{'R2'},,,,,,&,1.0,&
{'R3'},{'D2'},{'R2'},,,,,,,,&,38.0,&
{'R3'},{'D2'},{'R2'},{'D1'},,,,,,,&,7.0,&
{'R3'},{'D2'},{'R2'},{'D1'},{'D6'},,,,,,&,1.0,&
{'R3'},{'D2'},{'R2'},{'D1'},{'D6'},{'D4'},,,,,&,1.0,&
{'R3'},{'D2'},{'R2'},{'D1'},{'D7'},{'R1'},,,,,&,1.0,&
{'R3'},{'D2'},{'R2'},{'D1'},{'D7'},{'R1'},{'D3'},,,,&,1.0,&
{'R3'},{'D2'},{'R2'},{'D1'},{'D3'},,,,,,&,6.0,&
{'R3'},{'D2'},{'R2'},{'D1'},{'D3'},{'D5'},{'R1'},,,,&,1.0,&
{'R3'},{'D2'},{'R2'},{'D1'},{'D3'},{'D5'},{'R1'},{'D6'},{'D7'},,&,1.0,&
{'R3'},{'D2'},{'R2'},{'D1'},{'D3'},{'D5'},{'D4'},,,,&,1.0,&
{'R3'},{'D2'},{'R2'},{'D1'},{'D3'},{'D6'},{'D7'},{'D5'},,,&,1.0,&
{'R3'},{'D2'},{'R2'},{'D1'},{'D3'},{'D6'},{'D5'},,,,&,1.0,&
{'R3'},{'D2'},{'R2'},{'D1'},{'D3'},{'R1'},{'D7'},{'D4'},,,&,1.0,&
{'R3'},{'D2'},{'R2'},{'D1'},{'D3'},{'R1'},{'D5'},{'D7'},{'D4'},{'D6'},&,1.0,&
{'R3'},{'D2'},{'R2'},{'D1'},{'D3'},{'R1'},{'D6'},{'D5'},{'D7'},{'D4'},&,1.0,&
{'R3'},{'D2'},{'R2'},{'D1'},{'D3'},{'R1'},{'D4'},,,,&,1.0,&
{'R3'},{'D2'},{'R2'},{'D1'},{'D3'},{'D4'},{'D6'},{'R1'},{'D7'},,&,1.0,&
{'R3'},{'D2'},{'R2'},{'D1'},{'R1'},,,,,,&,6.0,&
{'R3'},{'D2'},{'R2'},{'D1'},{'R1'},{'D7'},,,,,&,1.0,&
{'R3'},{'D2'},{'R2'},{'D1'},{'R1'},{'D5'},{'D3'},{'D6'},,,&,1.0,&
{'R3'},{'D2'},{'R2'},{'D1'},{'R1'},{'D3'},,,,,&,3.0,&
{'R3'},{'D2'},{'R2'},{'D1'},{'R1'},{'D3'},{'D7'},{'D5'},,,&,1.0,&
{'R3'},{'D2'},{'R2'},{'D1'},{'R1'},{'D3'},{'D6'},{'D7'},{'D5'},,&,1.0,&
{'R3'},{'D2'},{'R2'},{'D1'},{'R1'},{'D3'},{'D6'},{'D7'},{'D5'},{'D4'},&,1.0,&
{'R3'},{'D2'},{'R2'},{'D1'},{'R1'},{'D3'},{'D6'},{'D5'},{'D4'},{'D7'},&,1.0,&
{'R3'},{'D2'},{'R2'},{'D1'},{'R1'},{'D3'},{'D4'},,,,&,2.0,&
{'R3'},{'D2'},{'R2'},{'D1'},{'R1'},{'D3'},{'D4'},{'D5'},{'D6'},{'D7'},&,1.0,&
{'R3'},{'D2'},{'R2'},{'D1'},{'D5'},{'D7'},,,,,&,1.0,&
{'R3'},{'D2'},{'R2'},{'D1'},{'D5'},{'R1'},{'D3'},,,,&,2.0,&
{'R3'},{'D2'},{'R2'},{'D1'},{'D5'},{'R1'},{'D3'},{'D6'},,,&,1.0,&
{'R3'},{'D2'},{'R2'},{'D5'},,,,,,,&,1.0,&
{'R3'},{'D2'},{'R2'},{'D5'},{'D3'},,,,,,&,1.0,&
{'R3'},{'D2'},{'R2'},{'D5'},{'D3'},{'D1'},{'D7'},,,,&,1.0,&
{'R3'},{'D2'},{'R2'},{'D5'},{'D3'},{'R1'},,,,,&,3.0,&
{'R3'},{'D2'},{'R2'},{'D5'},{'R1'},,,,,,&,1.0,&
{'R3'},{'D2'},{'R2'},{'D5'},{'D1'},,,,,,&,1.0,&
{'R3'},{'D2'},{'R2'},{'D5'},{'D1'},{'D3'},{'D6'},{'D7'},{'R1'},{'D4'},&,1.0,&
{'R3'},{'D2'},{'R2'},{'D5'},{'D1'},{'D4'},{'D3'},{'R1'},,,&,1.0,&
{'R3'},{'D2'},{'R2'},{'D3'},,,,,,,&,8.0,&
{'R3'},{'D2'},{'R2'},{'D3'},{'D6'},,,,,,&,1.0,&
{'R3'},{'D2'},{'R2'},{'D3'},{'D6'},{'D1'},,,,,&,1.0,&
{'R3'},{'D2'},{'R2'},{'D3'},{'D6'},{'D1'},{'D7'},{'R1'},,,&,1.0,&
{'R3'},{'D2'},{'R2'},{'D3'},{'D6'},{'D1'},{'D7'},{'R1'},{'D5'},{'D4'},&,1.0,&
{'R3'},{'D2'},{'R2'},{'D3'},{'D6'},{'D1'},{'D5'},{'D7'},{'R1'},{'D4'},&,1.0,&
{'R3'},{'D2'},{'R2'},{'D3'},{'D6'},{'D5'},{'R1'},{'D1'},{'D4'},,&,1.0,&
{'R3'},{'D2'},{'R2'},{'D3'},{'D6'},{'R1'},{'D1'},{'D5'},{'D7'},{'D4'},&,1.0,&
{'R3'},{'D2'},{'R2'},{'D3'},{'D7'},{'D1'},{'R1'},,,,&,1.0,&
{'R3'},{'D2'},{'R2'},{'D3'},{'D7'},{'D6'},{'R1'},{'D1'},,,&,1.0,&
{'R3'},{'D2'},{'R2'},{'D3'},{'D7'},{'R1'},{'D1'},{'D6'},{'D5'},{'D4'},&,1.0,&
{'R3'},{'D2'},{'R2'},{'D3'},{'R1'},,,,,,&,3.0,&
{'R3'},{'D2'},{'R2'},{'D3'},{'R1'},{'D1'},,,,,&,4.0,&
{'R3'},{'D2'},{'R2'},{'D3'},{'R1'},{'D1'},{'D6'},{'D4'},{'D7'},{'D5'},&,1.0,&
{'R3'},{'D2'},{'R2'},{'D3'},{'R1'},{'D1'},{'D6'},{'D7'},{'D5'},{'D4'},&,1.0,&
{'R3'},{'D2'},{'R2'},{'D3'},{'R1'},{'D1'},{'D6'},{'D5'},{'D7'},{'D4'},&,1.0,&
{'R3'},{'D2'},{'R2'},{'D3'},{'R1'},{'D5'},{'D1'},{'D7'},{'D4'},{'D6'},&,1.0,&
{'R3'},{'D2'},{'R2'},{'D3'},{'R1'},{'D5'},{'D6'},{'D1'},{'D4'},{'D7'},&,1.0,&
{'R3'},{'D2'},{'R2'},{'D3'},{'R1'},{'D4'},,,,,&,1.0,&
{'R3'},{'D2'},{'R2'},{'D3'},{'D5'},,,,,,&,2.0,&
{'R3'},{'D2'},{'R2'},{'D3'},{'D5'},{'D1'},,,,,&,1.0,&
{'R3'},{'D2'},{'R2'},{'D3'},{'D1'},,,,,,&,1.0,&
{'R3'},{'D2'},{'R2'},{'D3'},{'D1'},{'D7'},,,,,&,1.0,&
{'R3'},{'D2'},{'R2'},{'D3'},{'D1'},{'D7'},{'R1'},{'D4'},,,&,1.0,&
{'R3'},{'D2'},{'R2'},{'D3'},{'D1'},{'D5'},{'D7'},,,,&,1.0,&
{'R3'},{'D2'},{'R2'},{'D3'},{'D1'},{'D5'},{'R1'},{'D6'},{'D7'},{'D4'},&,1.0,&
{'R3'},{'D2'},{'R2'},{'D3'},{'D1'},{'D5'},{'D6'},{'D7'},,,&,1.0,&
{'R3'},{'D2'},{'R2'},{'D3'},{'D1'},{'D5'},{'D6'},{'D7'},{'D4'},{'R1'},&,1.0,&
{'R3'},{'D2'},{'R2'},{'D3'},{'D1'},{'D5'},{'D4'},{'R1'},{'D7'},,&,1.0,&
{'R3'},{'D2'},{'R2'},{'D3'},{'D1'},{'D6'},,,,,&,1.0,&
{'R3'},{'D2'},{'R2'},{'D3'},{'D1'},{'D6'},{'D7'},{'D5'},{'D4'},{'R1'},&,1.0,&
{'R3'},{'D2'},{'R2'},{'D3'},{'D1'},{'D6'},{'D7'},{'R1'},{'D4'},{'D5'},&,1.0,&
{'R3'},{'D2'},{'R2'},{'D3'},{'D1'},{'D6'},{'R1'},{'D7'},{'D5'},,&,1.0,&
{'R3'},{'D2'},{'R2'},{'D3'},{'D1'},{'D6'},{'R1'},{'D5'},{'D7'},{'D4'},&,1.0,&
{'R3'},{'D2'},{'R2'},{'D3'},{'D1'},{'R1'},,,,,&,4.0,&
{'R3'},{'D2'},{'R2'},{'D3'},{'D1'},{'R1'},{'D5'},,,,&,1.0,&
{'R3'},{'D2'},{'R2'},{'D3'},{'D1'},{'R1'},{'D5'},{'D7'},,,&,1.0,&
{'R3'},{'D2'},{'R2'},{'D3'},{'D1'},{'R1'},{'D5'},{'D7'},{'D4'},{'D6'},&,1.0,&
{'R3'},{'D2'},{'R2'},{'D3'},{'D1'},{'R1'},{'D6'},,,,&,1.0,&
{'R3'},{'D2'},{'R2'},{'D3'},{'D1'},{'D4'},{'D6'},{'D5'},{'D7'},{'R1'},&,1.0,&
{'R3'},{'D2'},{'R2'},{'D4'},,,,,,,&,2.0,&
{'R3'},{'D2'},{'R2'},{'D4'},{'R1'},,,,,,&,1.0,&
{'R3'},{'D2'},{'R2'},{'D4'},{'R1'},{'D1'},,,,,&,1.0,&
{'R3'},{'D2'},{'R2'},{'D4'},{'R1'},{'D1'},{'D3'},,,,&,1.0,&
{'R3'},{'D2'},{'R2'},{'D4'},{'D5'},,,,,,&,1.0,&
{'R3'},{'D2'},{'R2'},{'D4'},{'D1'},{'R1'},,,,,&,1.0,&
{'R3'},{'D2'},{'R2'},{'D7'},{'D3'},{'D1'},{'D6'},{'D5'},,,&,1.0,&
{'R3'},{'D2'},{'R2'},{'D7'},{'D3'},{'R1'},{'D1'},,,,&,1.0,&
{'R3'},{'D2'},{'R2'},{'D7'},{'R1'},{'D6'},{'D1'},,,,&,1.0,&
{'R3'},{'D2'},{'R2'},{'D7'},{'R1'},{'D6'},{'D3'},{'D1'},{'D4'},{'D5'},&,1.0,&
{'R3'},{'D2'},{'R2'},{'D7'},{'D1'},,,,,,&,3.0,&
{'R3'},{'D2'},{'R2'},{'D7'},{'D1'},{'D3'},,,,,&,1.0,&
{'R3'},{'D2'},{'R2'},{'D7'},{'D1'},{'R1'},{'D6'},,,,&,1.0,&
{'R3'},{'D2'},{'R2'},{'D7'},{'D4'},{'R1'},,,,,&,1.0,&
{'R3'},{'D2'},{'R2'},{'R1'},,,,,,,&,17.0,&
{'R3'},{'D2'},{'R2'},{'R1'},{'D6'},,,,,,&,1.0,&
{'R3'},{'D2'},{'R2'},{'R1'},{'D6'},{'D3'},{'D5'},{'D1'},{'D7'},,&,1.0,&
{'R3'},{'D2'},{'R2'},{'R1'},{'D6'},{'D3'},{'D1'},{'D5'},{'D7'},{'D4'},&,1.0,&
{'R3'},{'D2'},{'R2'},{'R1'},{'D7'},{'D1'},,,,,&,1.0,&
{'R3'},{'D2'},{'R2'},{'R1'},{'D7'},{'D6'},,,,,&,1.0,&
{'R3'},{'D2'},{'R2'},{'R1'},{'D7'},{'D3'},{'D1'},,,,&,1.0,&
{'R3'},{'D2'},{'R2'},{'R1'},{'D7'},{'D3'},{'D1'},{'D5'},{'D6'},,&,1.0,&
{'R3'},{'D2'},{'R2'},{'R1'},{'D3'},,,,,,&,6.0,&
{'R3'},{'D2'},{'R2'},{'R1'},{'D3'},{'D1'},,,,,&,1.0,&
{'R3'},{'D2'},{'R2'},{'R1'},{'D3'},{'D1'},{'D7'},{'D6'},{'D4'},{'D5'},&,1.0,&
{'R3'},{'D2'},{'R2'},{'R1'},{'D3'},{'D1'},{'D7'},{'D5'},{'D6'},{'D4'},&,1.0,&
{'R3'},{'D2'},{'R2'},{'R1'},{'D3'},{'D1'},{'D5'},{'D6'},{'D7'},,&,1.0,&
{'R3'},{'D2'},{'R2'},{'R1'},{'D3'},{'D1'},{'D6'},,,,&,2.0,&
{'R3'},{'D2'},{'R2'},{'R1'},{'D3'},{'D1'},{'D6'},{'D4'},{'D7'},,&,1.0,&
{'R3'},{'D2'},{'R2'},{'R1'},{'D3'},{'D1'},{'D6'},{'D7'},{'D5'},,&,1.0,&
{'R3'},{'D2'},{'R2'},{'R1'},{'D3'},{'D1'},{'D6'},{'D5'},,,&,1.0,&
{'R3'},{'D2'},{'R2'},{'R1'},{'D3'},{'D1'},{'D4'},{'D5'},,,&,1.0,&
{'R3'},{'D2'},{'R2'},{'R1'},{'D3'},{'D7'},,,,,&,1.0,&
{'R3'},{'D2'},{'R2'},{'R1'},{'D3'},{'D7'},{'D1'},,,,&,1.0,&
{'R3'},{'D2'},{'R2'},{'R1'},{'D3'},{'D5'},{'D1'},{'D6'},,,&,1.0,&
{'R3'},{'D2'},{'R2'},{'R1'},{'D3'},{'D6'},{'D1'},{'D5'},,,&,1.0,&
{'R3'},{'D2'},{'R2'},{'R1'},{'D3'},{'D4'},{'D5'},,,,&,1.0,&
{'R3'},{'D2'},{'R2'},{'R1'},{'D5'},{'D1'},,,,,&,1.0,&
{'R3'},{'D2'},{'R2'},{'R1'},{'D1'},,,,,,&,1.0,&
{'R3'},{'D2'},{'R2'},{'R1'},{'D1'},{'D7'},{'D3'},{'D5'},{'D6'},,&,1.0,&
{'R3'},{'D2'},{'R2'},{'R1'},{'D1'},{'D5'},{'D7'},{'D4'},{'D3'},{'D6'},&,1.0,&
{'R3'},{'D2'},{'R2'},{'R1'},{'D1'},{'D6'},{'D3'},,,,&,1.0,&
{'R3'},{'D2'},{'R2'},{'R1'},{'D1'},{'D3'},,,,,&,3.0,&
{'R3'},{'D2'},{'R2'},{'R1'},{'D1'},{'D3'},{'D7'},,,,&,1.0,&
{'R3'},{'D2'},{'R2'},{'R1'},{'D1'},{'D3'},{'D5'},,,,&,1.0,&
{'R3'},{'D2'},{'R2'},{'R1'},{'D1'},{'D3'},{'D5'},{'D7'},{'D6'},,&,1.0,&
{'R3'},{'D2'},{'R2'},{'R1'},{'D1'},{'D3'},{'D6'},,,,&,2.0,&
{'R3'},{'D2'},{'R2'},{'R1'},{'D1'},{'D3'},{'D6'},{'D4'},,,&,1.0,&
{'R3'},{'D2'},{'R2'},{'R1'},{'D1'},{'D3'},{'D6'},{'D5'},,,&,1.0,&
{'R3'},{'D2'},{'R2'},{'R1'},{'D1'},{'D3'},{'D6'},{'D5'},{'D7'},,&,1.0,&
{'R3'},{'D2'},{'R2'},{'R1'},{'D1'},{'D3'},{'D6'},{'D5'},{'D7'},{'D4'},&,1.0,&
{'R3'},{'D2'},{'R2'},{'R1'},{'D1'},{'D3'},{'D6'},{'D5'},{'D4'},{'D7'},&,1.0,&
{'R3'},{'D2'},{'R2'},{'R1'},{'D1'},{'D4'},,,,,&,1.0,&
{'R3'},{'D2'},{'R2'},{'D6'},,,,,,,&,1.0,&
{'R3'},{'D2'},{'R2'},{'D6'},{'D3'},{'D5'},{'D1'},{'D4'},,,&,1.0,&
{'R3'},{'D2'},{'R2'},{'D6'},{'R1'},{'D1'},{'D3'},,,,&,1.0,&
{'R3'},{'D2'},{'R2'},{'D6'},{'R1'},{'D1'},{'D3'},{'D4'},,,&,1.0,&
{'R3'},{'D2'},{'R2'},{'D6'},{'R1'},{'D1'},{'D3'},{'D5'},{'D4'},{'D7'},&,2.0,&
{'R3'},{'D2'},{'R2'},{'D6'},{'D1'},,,,,,&,1.0,&
{'R3'},{'D2'},{'R2'},{'D6'},{'D4'},{'D1'},{'R1'},{'D3'},,,&,1.0,&
{'R3'},{'D2'},{'D4'},,,,,,,,&,1.0,&
{'R3'},{'D2'},{'D4'},{'R2'},{'D1'},,,,,,&,1.0,&
{'R3'},{'D2'},{'D4'},{'D1'},{'D7'},{'D6'},{'R2'},,,,&,1.0,&
{'R3'},{'D2'},{'D4'},{'D1'},{'D3'},{'D6'},,,,,&,1.0,&
{'R3'},{'D2'},{'D4'},{'D5'},{'D3'},{'D1'},{'R1'},{'R2'},,,&,1.0,&
{'R3'},{'D2'},{'D4'},{'D6'},{'D1'},{'R2'},,,,,&,1.0,&
{'R3'},{'R2'},,,,,,,,,&,123.0,&
{'R3'},{'R2'},{'R1'},,,,,,,,&,168.0,&
{'R3'},{'R2'},{'R1'},{'D1'},,,,,,,&,17.0,&
{'R3'},{'R2'},{'R1'},{'D1'},{'D2'},,,,,,&,13.0,&
{'R3'},{'R2'},{'R1'},{'D1'},{'D2'},{'D7'},,,,,&,1.0,&
{'R3'},{'R2'},{'R1'},{'D1'},{'D2'},{'D7'},{'D3'},{'D6'},,,&,1.0,&
{'R3'},{'R2'},{'R1'},{'D1'},{'D2'},{'D5'},,,,,&,2.0,&
{'R3'},{'R2'},{'R1'},{'D1'},{'D2'},{'D5'},{'D6'},{'D3'},,,&,1.0,&
{'R3'},{'R2'},{'R1'},{'D1'},{'D2'},{'D5'},{'D4'},{'D3'},{'D6'},{'D7'},&,1.0,&
{'R3'},{'R2'},{'R1'},{'D1'},{'D2'},{'D5'},{'D3'},,,,&,1.0,&
{'R3'},{'R2'},{'R1'},{'D1'},{'D2'},{'D6'},,,,,&,5.0,&
{'R3'},{'R2'},{'R1'},{'D1'},{'D2'},{'D6'},{'D7'},{'D3'},,,&,1.0,&
{'R3'},{'R2'},{'R1'},{'D1'},{'D2'},{'D6'},{'D3'},,,,&,2.0,&
{'R3'},{'R2'},{'R1'},{'D1'},{'D2'},{'D6'},{'D3'},{'D5'},{'D4'},{'D7'},&,1.0,&
{'R3'},{'R2'},{'R1'},{'D1'},{'D2'},{'D3'},,,,,&,4.0,&
{'R3'},{'R2'},{'R1'},{'D1'},{'D2'},{'D3'},{'D5'},{'D6'},,,&,1.0,&
{'R3'},{'R2'},{'R1'},{'D1'},{'D2'},{'D3'},{'D5'},{'D6'},{'D7'},,&,1.0,&
{'R3'},{'R2'},{'R1'},{'D1'},{'D2'},{'D3'},{'D5'},{'D6'},{'D4'},,&,1.0,&
{'R3'},{'R2'},{'R1'},{'D1'},{'D2'},{'D3'},{'D6'},,,,&,2.0,&
{'R3'},{'R2'},{'R1'},{'D1'},{'D2'},{'D3'},{'D6'},{'D4'},,,&,1.0,&
{'R3'},{'R2'},{'R1'},{'D1'},{'D2'},{'D3'},{'D6'},{'D5'},{'D4'},{'D7'},&,1.0,&
{'R3'},{'R2'},{'R1'},{'D1'},{'D2'},{'D4'},,,,,&,1.0,&
{'R3'},{'R2'},{'R1'},{'D1'},{'D2'},{'D4'},{'D7'},,,,&,1.0,&
{'R3'},{'R2'},{'R1'},{'D1'},{'D2'},{'D4'},{'D3'},{'D6'},{'D7'},{'D5'},&,1.0,&
{'R3'},{'R2'},{'R1'},{'D1'},{'D6'},,,,,,&,1.0,&
{'R3'},{'R2'},{'R1'},{'D1'},{'D6'},{'D7'},,,,,&,1.0,&
{'R3'},{'R2'},{'R1'},{'D1'},{'D6'},{'D2'},{'D5'},{'D3'},,,&,1.0,&
{'R3'},{'R2'},{'R1'},{'D1'},{'D6'},{'D2'},{'D3'},{'D5'},{'D7'},,&,1.0,&
{'R3'},{'R2'},{'R1'},{'D1'},{'D6'},{'D3'},,,,,&,1.0,&
{'R3'},{'R2'},{'R1'},{'D1'},{'D6'},{'D3'},{'D2'},,,,&,2.0,&
{'R3'},{'R2'},{'R1'},{'D1'},{'D7'},{'D2'},{'D6'},,,,&,1.0,&
{'R3'},{'R2'},{'R1'},{'D1'},{'D7'},{'D3'},{'D5'},,,,&,1.0,&
{'R3'},{'R2'},{'R1'},{'D1'},{'D3'},,,,,,&,6.0,&
{'R3'},{'R2'},{'R1'},{'D1'},{'D3'},{'D7'},{'D2'},{'D6'},{'D5'},{'D4'},&,1.0,&
{'R3'},{'R2'},{'R1'},{'D1'},{'D3'},{'D5'},,,,,&,2.0,&
{'R3'},{'R2'},{'R1'},{'D1'},{'D3'},{'D6'},{'D5'},{'D7'},,,&,1.0,&
{'R3'},{'R2'},{'R1'},{'D1'},{'D3'},{'D6'},{'D2'},{'D5'},{'D7'},{'D4'},&,1.0,&
{'R3'},{'R2'},{'R1'},{'D1'},{'D3'},{'D2'},,,,,&,5.0,&
{'R3'},{'R2'},{'R1'},{'D1'},{'D3'},{'D2'},{'D7'},,,,&,2.0,&
{'R3'},{'R2'},{'R1'},{'D1'},{'D3'},{'D2'},{'D5'},{'D7'},,,&,1.0,&
{'R3'},{'R2'},{'R1'},{'D1'},{'D3'},{'D2'},{'D6'},,,,&,4.0,&
{'R3'},{'R2'},{'R1'},{'D1'},{'D3'},{'D2'},{'D6'},{'D7'},{'D4'},{'D5'},&,1.0,&
{'R3'},{'R2'},{'R1'},{'D1'},{'D3'},{'D2'},{'D6'},{'D5'},,,&,1.0,&
{'R3'},{'R2'},{'R1'},{'D1'},{'D3'},{'D2'},{'D4'},,,,&,1.0,&
{'R3'},{'R2'},{'R1'},{'D1'},{'D3'},{'D4'},,,,,&,1.0,&
{'R3'},{'R2'},{'R1'},{'D1'},{'D5'},,,,,,&,1.0,&
{'R3'},{'R2'},{'R1'},{'D1'},{'D5'},{'D6'},{'D2'},{'D3'},,,&,1.0,&
{'R3'},{'R2'},{'R1'},{'D1'},{'D5'},{'D2'},{'D3'},,,,&,1.0,&
{'R3'},{'R2'},{'R1'},{'D1'},{'D5'},{'D3'},,,,,&,1.0,&
{'R3'},{'R2'},{'R1'},{'D1'},{'D4'},{'D3'},{'D2'},{'D7'},,,&,1.0,&
{'R3'},{'R2'},{'R1'},{'D5'},,,,,,,&,2.0,&
{'R3'},{'R2'},{'R1'},{'D5'},{'D2'},{'D1'},,,,,&,1.0,&
{'R3'},{'R2'},{'R1'},{'D5'},{'D2'},{'D1'},{'D3'},{'D4'},,,&,1.0,&
{'R3'},{'R2'},{'R1'},{'D5'},{'D2'},{'D3'},,,,,&,1.0,&
{'R3'},{'R2'},{'R1'},{'D5'},{'D2'},{'D3'},{'D7'},{'D1'},{'D6'},{'D4'},&,1.0,&
{'R3'},{'R2'},{'R1'},{'D5'},{'D7'},,,,,,&,1.0,&
{'R3'},{'R2'},{'R1'},{'D5'},{'D3'},{'D6'},{'D1'},{'D2'},{'D4'},{'D7'},&,1.0,&
{'R3'},{'R2'},{'R1'},{'D5'},{'D3'},{'D4'},,,,,&,1.0,&
{'R3'},{'R2'},{'R1'},{'D5'},{'D1'},,,,,,&,3.0,&
{'R3'},{'R2'},{'R1'},{'D5'},{'D4'},{'D3'},{'D2'},,,,&,1.0,&
{'R3'},{'R2'},{'R1'},{'D3'},,,,,,,&,14.0,&
{'R3'},{'R2'},{'R1'},{'D3'},{'D2'},,,,,,&,7.0,&
{'R3'},{'R2'},{'R1'},{'D3'},{'D2'},{'D1'},,,,,&,6.0,&
{'R3'},{'R2'},{'R1'},{'D3'},{'D2'},{'D1'},{'D5'},,,,&,2.0,&
{'R3'},{'R2'},{'R1'},{'D3'},{'D2'},{'D1'},{'D5'},{'D6'},{'D7'},{'D4'},&,1.0,&
{'R3'},{'R2'},{'R1'},{'D3'},{'D2'},{'D1'},{'D5'},{'D6'},{'D4'},,&,1.0,&
{'R3'},{'R2'},{'R1'},{'D3'},{'D2'},{'D1'},{'D5'},{'D6'},{'D4'},{'D7'},&,1.0,&
{'R3'},{'R2'},{'R1'},{'D3'},{'D2'},{'D1'},{'D6'},,,,&,2.0,&
{'R3'},{'R2'},{'R1'},{'D3'},{'D2'},{'D1'},{'D6'},{'D4'},{'D5'},{'D7'},&,2.0,&
{'R3'},{'R2'},{'R1'},{'D3'},{'D2'},{'D1'},{'D6'},{'D7'},{'D5'},{'D4'},&,1.0,&
{'R3'},{'R2'},{'R1'},{'D3'},{'D2'},{'D1'},{'D4'},,,,&,1.0,&
{'R3'},{'R2'},{'R1'},{'D3'},{'D2'},{'D7'},{'D1'},{'D5'},{'D6'},,&,1.0,&
{'R3'},{'R2'},{'R1'},{'D3'},{'D2'},{'D7'},{'D1'},{'D5'},{'D6'},{'D4'},&,1.0,&
{'R3'},{'R2'},{'R1'},{'D3'},{'D2'},{'D5'},,,,,&,2.0,&
{'R3'},{'R2'},{'R1'},{'D3'},{'D2'},{'D5'},{'D1'},{'D7'},,,&,1.0,&
{'R3'},{'R2'},{'R1'},{'D3'},{'D2'},{'D5'},{'D6'},{'D1'},{'D7'},,&,1.0,&
{'R3'},{'R2'},{'R1'},{'D3'},{'D2'},{'D6'},,,,,&,3.0,&
{'R3'},{'R2'},{'R1'},{'D3'},{'D2'},{'D6'},{'D1'},{'D7'},,,&,2.0,&
{'R3'},{'R2'},{'R1'},{'D3'},{'D2'},{'D6'},{'D1'},{'D5'},{'D7'},{'D4'},&,1.0,&
{'R3'},{'R2'},{'R1'},{'D3'},{'D6'},{'D1'},,,,,&,1.0,&
{'R3'},{'R2'},{'R1'},{'D3'},{'D6'},{'D5'},{'D2'},{'D1'},{'D7'},{'D4'},&,1.0,&
{'R3'},{'R2'},{'R1'},{'D3'},{'D6'},{'D2'},,,,,&,1.0,&
{'R3'},{'R2'},{'R1'},{'D3'},{'D7'},,,,,,&,1.0,&
{'R3'},{'R2'},{'R1'},{'D3'},{'D7'},{'D1'},{'D4'},{'D2'},{'D6'},{'D5'},&,1.0,&
{'R3'},{'R2'},{'R1'},{'D3'},{'D7'},{'D2'},{'D1'},{'D6'},{'D4'},{'D5'},&,1.0,&
{'R3'},{'R2'},{'R1'},{'D3'},{'D7'},{'D2'},{'D1'},{'D5'},{'D6'},{'D4'},&,1.0,&
{'R3'},{'R2'},{'R1'},{'D3'},{'D5'},,,,,,&,1.0,&
{'R3'},{'R2'},{'R1'},{'D3'},{'D5'},{'D1'},,,,,&,1.0,&
{'R3'},{'R2'},{'R1'},{'D3'},{'D5'},{'D1'},{'D2'},{'D6'},,,&,1.0,&
{'R3'},{'R2'},{'R1'},{'D3'},{'D5'},{'D2'},{'D1'},{'D6'},{'D7'},{'D4'},&,2.0,&
{'R3'},{'R2'},{'R1'},{'D3'},{'D5'},{'D2'},{'D1'},{'D6'},{'D4'},{'D7'},&,1.0,&
{'R3'},{'R2'},{'R1'},{'D3'},{'D5'},{'D2'},{'D1'},{'D4'},{'D6'},{'D7'},&,1.0,&
{'R3'},{'R2'},{'R1'},{'D3'},{'D5'},{'D2'},{'D4'},{'D1'},{'D6'},,&,1.0,&
{'R3'},{'R2'},{'R1'},{'D3'},{'D1'},,,,,,&,7.0,&
{'R3'},{'R2'},{'R1'},{'D3'},{'D1'},{'D5'},,,,,&,1.0,&
{'R3'},{'R2'},{'R1'},{'D3'},{'D1'},{'D2'},,,,,&,7.0,&
{'R3'},{'R2'},{'R1'},{'D3'},{'D1'},{'D2'},{'D5'},,,,&,1.0,&
{'R3'},{'R2'},{'R1'},{'D3'},{'D1'},{'D2'},{'D5'},{'D6'},,,&,1.0,&
{'R3'},{'R2'},{'R1'},{'D3'},{'D1'},{'D2'},{'D5'},{'D6'},{'D7'},,&,1.0,&
{'R3'},{'R2'},{'R1'},{'D3'},{'D1'},{'D2'},{'D5'},{'D7'},,,&,1.0,&
{'R3'},{'R2'},{'R1'},{'D3'},{'D1'},{'D2'},{'D6'},,,,&,1.0,&
{'R3'},{'R2'},{'R1'},{'D3'},{'D1'},{'D2'},{'D6'},{'D7'},{'D5'},{'D4'},&,1.0,&
{'R3'},{'R2'},{'R1'},{'D3'},{'D4'},,,,,,&,2.0,&
{'R3'},{'R2'},{'R1'},{'D3'},{'D4'},{'D1'},,,,,&,1.0,&
{'R3'},{'R2'},{'R1'},{'D3'},{'D4'},{'D2'},{'D1'},{'D5'},{'D6'},{'D7'},&,1.0,&
{'R3'},{'R2'},{'R1'},{'D4'},{'D2'},{'D3'},,,,,&,1.0,&
{'R3'},{'R2'},{'R1'},{'D7'},,,,,,,&,1.0,&
{'R3'},{'R2'},{'R1'},{'D7'},{'D2'},{'D3'},{'D5'},{'D1'},{'D6'},,&,1.0,&
{'R3'},{'R2'},{'R1'},{'D7'},{'D2'},{'D3'},{'D1'},{'D5'},{'D6'},{'D4'},&,1.0,&
{'R3'},{'R2'},{'R1'},{'D7'},{'D2'},{'D4'},{'D3'},,,,&,1.0,&
{'R3'},{'R2'},{'R1'},{'D7'},{'D5'},{'D1'},{'D3'},{'D6'},{'D2'},{'D4'},&,1.0,&
{'R3'},{'R2'},{'R1'},{'D7'},{'D5'},{'D2'},{'D1'},{'D3'},,,&,1.0,&
{'R3'},{'R2'},{'R1'},{'D7'},{'D1'},,,,,,&,1.0,&
{'R3'},{'R2'},{'R1'},{'D7'},{'D1'},{'D6'},,,,,&,1.0,&
{'R3'},{'R2'},{'R1'},{'D7'},{'D1'},{'D2'},{'D6'},,,,&,1.0,&
{'R3'},{'R2'},{'R1'},{'D6'},,,,,,,&,10.0,&
{'R3'},{'R2'},{'R1'},{'D6'},{'D2'},,,,,,&,1.0,&
{'R3'},{'R2'},{'R1'},{'D6'},{'D2'},{'D1'},{'D3'},,,,&,1.0,&
{'R3'},{'R2'},{'R1'},{'D6'},{'D2'},{'D5'},{'D3'},{'D1'},{'D7'},,&,1.0,&
{'R3'},{'R2'},{'R1'},{'D6'},{'D2'},{'D3'},,,,,&,2.0,&
{'R3'},{'R2'},{'R1'},{'D6'},{'D2'},{'D3'},{'D1'},,,,&,1.0,&
{'R3'},{'R2'},{'R1'},{'D6'},{'D7'},{'D3'},{'D1'},,,,&,1.0,&
{'R3'},{'R2'},{'R1'},{'D6'},{'D7'},{'D3'},{'D2'},{'D5'},,,&,1.0,&
{'R3'},{'R2'},{'R1'},{'D6'},{'D3'},,,,,,&,1.0,&
{'R3'},{'R2'},{'R1'},{'D6'},{'D3'},{'D1'},,,,,&,2.0,&
{'R3'},{'R2'},{'R1'},{'D6'},{'D3'},{'D1'},{'D2'},,,,&,2.0,&
{'R3'},{'R2'},{'R1'},{'D6'},{'D3'},{'D1'},{'D2'},{'D7'},{'D4'},,&,1.0,&
{'R3'},{'R2'},{'R1'},{'D6'},{'D3'},{'D4'},{'D1'},{'D2'},{'D5'},{'D7'},&,1.0,&
{'R3'},{'R2'},{'R1'},{'D6'},{'D1'},{'D2'},,,,,&,1.0,&
{'R3'},{'R2'},{'R1'},{'D6'},{'D1'},{'D3'},,,,,&,1.0,&
{'R3'},{'R2'},{'R1'},{'D6'},{'D1'},{'D3'},{'D5'},{'D2'},,,&,1.0,&
{'R3'},{'R2'},{'R1'},{'D6'},{'D1'},{'D3'},{'D2'},{'D5'},{'D7'},{'D4'},&,1.0,&
{'R3'},{'R2'},{'R1'},{'D2'},,,,,,,&,35.0,&
{'R3'},{'R2'},{'R1'},{'D2'},{'D6'},,,,,,&,8.0,&
{'R3'},{'R2'},{'R1'},{'D2'},{'D6'},{'D1'},{'D7'},{'D5'},,,&,1.0,&
{'R3'},{'R2'},{'R1'},{'D2'},{'D6'},{'D1'},{'D3'},,,,&,2.0,&
{'R3'},{'R2'},{'R1'},{'D2'},{'D6'},{'D1'},{'D3'},{'D4'},{'D5'},,&,1.0,&
{'R3'},{'R2'},{'R1'},{'D2'},{'D6'},{'D7'},{'D3'},{'D1'},,,&,1.0,&
{'R3'},{'R2'},{'R1'},{'D2'},{'D6'},{'D3'},{'D7'},{'D1'},,,&,1.0,&
{'R3'},{'R2'},{'R1'},{'D2'},{'D6'},{'D3'},{'D1'},{'D5'},{'D7'},{'D4'},&,1.0,&
{'R3'},{'R2'},{'R1'},{'D2'},{'D6'},{'D3'},{'D1'},{'D5'},{'D4'},{'D7'},&,1.0,&
{'R3'},{'R2'},{'R1'},{'D2'},{'D7'},,,,,,&,3.0,&
{'R3'},{'R2'},{'R1'},{'D2'},{'D7'},{'D6'},,,,,&,1.0,&
{'R3'},{'R2'},{'R1'},{'D2'},{'D7'},{'D6'},{'D1'},,,,&,1.0,&
{'R3'},{'R2'},{'R1'},{'D2'},{'D7'},{'D3'},{'D5'},{'D4'},{'D6'},,&,1.0,&
{'R3'},{'R2'},{'R1'},{'D2'},{'D7'},{'D3'},{'D1'},{'D6'},{'D5'},{'D4'},&,1.0,&
{'R3'},{'R2'},{'R1'},{'D2'},{'D3'},,,,,,&,9.0,&
{'R3'},{'R2'},{'R1'},{'D2'},{'D3'},{'D1'},,,,,&,7.0,&
{'R3'},{'R2'},{'R1'},{'D2'},{'D3'},{'D1'},{'D7'},,,,&,1.0,&
{'R3'},{'R2'},{'R1'},{'D2'},{'D3'},{'D1'},{'D5'},,,,&,2.0,&
{'R3'},{'R2'},{'R1'},{'D2'},{'D3'},{'D1'},{'D5'},{'D7'},,,&,2.0,&
{'R3'},{'R2'},{'R1'},{'D2'},{'D3'},{'D1'},{'D5'},{'D7'},{'D4'},{'D6'},&,1.0,&
{'R3'},{'R2'},{'R1'},{'D2'},{'D3'},{'D1'},{'D6'},,,,&,2.0,&
{'R3'},{'R2'},{'R1'},{'D2'},{'D3'},{'D1'},{'D6'},{'D5'},,,&,2.0,&
{'R3'},{'R2'},{'R1'},{'D2'},{'D3'},{'D1'},{'D6'},{'D5'},{'D7'},,&,1.0,&
{'R3'},{'R2'},{'R1'},{'D2'},{'D3'},{'D1'},{'D4'},,,,&,1.0,&
{'R3'},{'R2'},{'R1'},{'D2'},{'D3'},{'D7'},,,,,&,2.0,&
{'R3'},{'R2'},{'R1'},{'D2'},{'D3'},{'D7'},{'D1'},{'D4'},,,&,1.0,&
{'R3'},{'R2'},{'R1'},{'D2'},{'D3'},{'D5'},{'D1'},,,,&,1.0,&
{'R3'},{'R2'},{'R1'},{'D2'},{'D3'},{'D6'},{'D7'},{'D1'},{'D5'},{'D4'},&,1.0,&
{'R3'},{'R2'},{'R1'},{'D2'},{'D3'},{'D6'},{'D1'},,,,&,2.0,&
{'R3'},{'R2'},{'R1'},{'D2'},{'D3'},{'D6'},{'D4'},,,,&,1.0,&
{'R3'},{'R2'},{'R1'},{'D2'},{'D3'},{'D4'},{'D1'},{'D6'},,,&,1.0,&
{'R3'},{'R2'},{'R1'},{'D2'},{'D5'},{'D1'},,,,,&,1.0,&
{'R3'},{'R2'},{'R1'},{'D2'},{'D5'},{'D1'},{'D6'},{'D3'},{'D7'},{'D4'},&,1.0,&
{'R3'},{'R2'},{'R1'},{'D2'},{'D5'},{'D1'},{'D3'},,,,&,1.0,&
{'R3'},{'R2'},{'R1'},{'D2'},{'D5'},{'D1'},{'D3'},{'D6'},,,&,1.0,&
{'R3'},{'R2'},{'R1'},{'D2'},{'D5'},{'D3'},{'D1'},,,,&,1.0,&
{'R3'},{'R2'},{'R1'},{'D2'},{'D5'},{'D3'},{'D1'},{'D6'},,,&,1.0,&
{'R3'},{'R2'},{'R1'},{'D2'},{'D1'},,,,,,&,8.0,&
{'R3'},{'R2'},{'R1'},{'D2'},{'D1'},{'D7'},,,,,&,1.0,&
{'R3'},{'R2'},{'R1'},{'D2'},{'D1'},{'D5'},,,,,&,2.0,&
{'R3'},{'R2'},{'R1'},{'D2'},{'D1'},{'D5'},{'D4'},{'D6'},{'D3'},,&,1.0,&
{'R3'},{'R2'},{'R1'},{'D2'},{'D1'},{'D5'},{'D4'},{'D7'},,,&,1.0,&
{'R3'},{'R2'},{'R1'},{'D2'},{'D1'},{'D5'},{'D3'},,,,&,1.0,&
{'R3'},{'R2'},{'R1'},{'D2'},{'D1'},{'D5'},{'D3'},{'D7'},,,&,1.0,&
{'R3'},{'R2'},{'R1'},{'D2'},{'D1'},{'D6'},{'D5'},,,,&,1.0,&
{'R3'},{'R2'},{'R1'},{'D2'},{'D1'},{'D6'},{'D3'},{'D7'},,,&,1.0,&
{'R3'},{'R2'},{'R1'},{'D2'},{'D1'},{'D6'},{'D3'},{'D7'},{'D5'},,&,1.0,&
{'R3'},{'R2'},{'R1'},{'D2'},{'D1'},{'D6'},{'D3'},{'D5'},,,&,1.0,&
{'R3'},{'R2'},{'R1'},{'D2'},{'D1'},{'D3'},,,,,&,3.0,&
{'R3'},{'R2'},{'R1'},{'D2'},{'D1'},{'D3'},{'D7'},,,,&,2.0,&
{'R3'},{'R2'},{'R1'},{'D2'},{'D1'},{'D3'},{'D7'},{'D6'},{'D5'},{'D4'},&,1.0,&
{'R3'},{'R2'},{'R1'},{'D2'},{'D1'},{'D3'},{'D7'},{'D4'},,,&,1.0,&
{'R3'},{'R2'},{'R1'},{'D2'},{'D1'},{'D3'},{'D5'},,,,&,3.0,&
{'R3'},{'R2'},{'R1'},{'D2'},{'D1'},{'D3'},{'D5'},{'D6'},,,&,2.0,&
{'R3'},{'R2'},{'R1'},{'D2'},{'D1'},{'D3'},{'D5'},{'D6'},{'D7'},,&,1.0,&
{'R3'},{'R2'},{'R1'},{'D2'},{'D1'},{'D3'},{'D5'},{'D4'},{'D6'},{'D7'},&,1.0,&
{'R3'},{'R2'},{'R1'},{'D2'},{'D1'},{'D3'},{'D5'},{'D7'},{'D6'},,&,1.0,&
{'R3'},{'R2'},{'R1'},{'D2'},{'D1'},{'D3'},{'D6'},,,,&,3.0,&
{'R3'},{'R2'},{'R1'},{'D2'},{'D1'},{'D3'},{'D6'},{'D4'},{'D5'},,&,1.0,&
{'R3'},{'R2'},{'R1'},{'D2'},{'D1'},{'D3'},{'D6'},{'D7'},{'D5'},{'D4'},&,1.0,&
{'R3'},{'R2'},{'R1'},{'D2'},{'D1'},{'D3'},{'D6'},{'D5'},,,&,2.0,&
{'R3'},{'R2'},{'R1'},{'D2'},{'D1'},{'D3'},{'D6'},{'D5'},{'D7'},{'D4'},&,1.0,&
{'R3'},{'R2'},{'R1'},{'D2'},{'D1'},{'D3'},{'D6'},{'D5'},{'D4'},{'D7'},&,1.0,&
{'R3'},{'R2'},{'R1'},{'D2'},{'D1'},{'D3'},{'D4'},{'D5'},,,&,1.0,&
{'R3'},{'R2'},{'R1'},{'D2'},{'D1'},{'D4'},{'D5'},,,,&,1.0,&
{'R3'},{'R2'},{'D6'},,,,,,,,&,6.0,&
{'R3'},{'R2'},{'D6'},{'D1'},,,,,,,&,1.0,&
{'R3'},{'R2'},{'D6'},{'D1'},{'D2'},,,,,,&,1.0,&
{'R3'},{'R2'},{'D6'},{'D1'},{'D2'},{'D3'},{'D7'},{'R1'},,,&,1.0,&
{'R3'},{'R2'},{'D6'},{'D1'},{'D2'},{'D3'},{'D7'},{'R1'},{'D5'},{'D4'},&,1.0,&
{'R3'},{'R2'},{'D6'},{'D1'},{'D2'},{'R1'},{'D3'},{'D7'},,,&,1.0,&
{'R3'},{'R2'},{'D6'},{'D1'},{'D3'},,,,,,&,1.0,&
{'R3'},{'R2'},{'D6'},{'D1'},{'D3'},{'D7'},{'R1'},{'D2'},{'D5'},{'D4'},&,1.0,&
{'R3'},{'R2'},{'D6'},{'D1'},{'D3'},{'R1'},{'D7'},{'D2'},,,&,1.0,&
{'R3'},{'R2'},{'D6'},{'D1'},{'D4'},{'R1'},{'D3'},{'D2'},,,&,1.0,&
{'R3'},{'R2'},{'D6'},{'D5'},{'D1'},{'D3'},{'R1'},{'D2'},,,&,1.0,&
{'R3'},{'R2'},{'D6'},{'D3'},{'D2'},,,,,,&,1.0,&
{'R3'},{'R2'},{'D6'},{'D3'},{'R1'},{'D1'},{'D2'},{'D5'},{'D7'},,&,1.0,&
{'R3'},{'R2'},{'D6'},{'D3'},{'R1'},{'D2'},{'D5'},,,,&,1.0,&
{'R3'},{'R2'},{'D6'},{'D7'},{'R1'},,,,,,&,1.0,&
{'R3'},{'R2'},{'D6'},{'D7'},{'R1'},{'D3'},{'D1'},{'D2'},,,&,1.0,&
{'R3'},{'R2'},{'D6'},{'R1'},{'D2'},,,,,,&,4.0,&
{'R3'},{'R2'},{'D6'},{'R1'},{'D5'},{'D2'},{'D3'},,,,&,1.0,&
{'R3'},{'R2'},{'D6'},{'R1'},{'D1'},{'D5'},{'D2'},{'D3'},{'D7'},{'D4'},&,1.0,&
{'R3'},{'R2'},{'D6'},{'R1'},{'D1'},{'D2'},{'D3'},{'D7'},{'D4'},,&,1.0,&
{'R3'},{'R2'},{'D6'},{'R1'},{'D1'},{'D2'},{'D3'},{'D5'},,,&,1.0,&
{'R3'},{'R2'},{'D6'},{'D2'},,,,,,,&,2.0,&
{'R3'},{'R2'},{'D6'},{'D2'},{'D1'},{'D3'},{'D7'},{'R1'},{'D4'},{'D5'},&,1.0,&
{'R3'},{'R2'},{'D3'},,,,,,,,&,43.0,&
{'R3'},{'R2'},{'D3'},{'D1'},,,,,,,&,5.0,&
{'R3'},{'R2'},{'D3'},{'D1'},{'D2'},,,,,,&,4.0,&
{'R3'},{'R2'},{'D3'},{'D1'},{'D2'},{'D7'},{'R1'},,,,&,1.0,&
{'R3'},{'R2'},{'D3'},{'D1'},{'D2'},{'D6'},{'D7'},{'D5'},{'R1'},,&,1.0,&
{'R3'},{'R2'},{'D3'},{'D1'},{'D2'},{'D6'},{'D5'},{'D7'},,,&,1.0,&
{'R3'},{'R2'},{'D3'},{'D1'},{'D2'},{'R1'},,,,,&,1.0,&
{'R3'},{'R2'},{'D3'},{'D1'},{'D2'},{'R1'},{'D7'},{'D6'},,,&,2.0,&
{'R3'},{'R2'},{'D3'},{'D1'},{'D2'},{'R1'},{'D7'},{'D6'},{'D5'},,&,1.0,&
{'R3'},{'R2'},{'D3'},{'D1'},{'D2'},{'D4'},,,,,&,1.0,&
{'R3'},{'R2'},{'D3'},{'D1'},{'D6'},{'D2'},{'D5'},{'D7'},{'R1'},,&,1.0,&
{'R3'},{'R2'},{'D3'},{'D1'},{'D6'},{'R1'},{'D2'},,,,&,1.0,&
{'R3'},{'R2'},{'D3'},{'D1'},{'R1'},,,,,,&,3.0,&
{'R3'},{'R2'},{'D3'},{'D1'},{'R1'},{'D6'},,,,,&,1.0,&
{'R3'},{'R2'},{'D3'},{'D1'},{'R1'},{'D2'},,,,,&,2.0,&
{'R3'},{'R2'},{'D3'},{'D1'},{'R1'},{'D2'},{'D6'},{'D5'},{'D7'},{'D4'},&,1.0,&
{'R3'},{'R2'},{'D3'},{'D5'},{'D7'},{'D2'},{'D1'},{'R1'},{'D6'},{'D4'},&,1.0,&
{'R3'},{'R2'},{'D3'},{'D5'},{'R1'},,,,,,&,1.0,&
{'R3'},{'R2'},{'D3'},{'D5'},{'R1'},{'D2'},{'D1'},,,,&,1.0,&
{'R3'},{'R2'},{'D3'},{'D5'},{'D1'},{'R1'},{'D7'},,,,&,1.0,&
{'R3'},{'R2'},{'D3'},{'D4'},{'D2'},{'D7'},,,,,&,1.0,&
{'R3'},{'R2'},{'D3'},{'D4'},{'R1'},,,,,,&,1.0,&
{'R3'},{'R2'},{'D3'},{'D4'},{'R1'},{'D1'},{'D2'},,,,&,1.0,&
{'R3'},{'R2'},{'D3'},{'D7'},,,,,,,&,1.0,&
{'R3'},{'R2'},{'D3'},{'D7'},{'D2'},,,,,,&,1.0,&
{'R3'},{'R2'},{'D3'},{'D7'},{'R1'},{'D5'},{'D1'},{'D2'},{'D6'},{'D4'},&,1.0,&
{'R3'},{'R2'},{'D3'},{'D7'},{'D5'},,,,,,&,1.0,&
{'R3'},{'R2'},{'D3'},{'R1'},,,,,,,&,10.0,&
{'R3'},{'R2'},{'D3'},{'R1'},{'D2'},,,,,,&,4.0,&
{'R3'},{'R2'},{'D3'},{'R1'},{'D2'},{'D1'},,,,,&,2.0,&
{'R3'},{'R2'},{'D3'},{'R1'},{'D2'},{'D1'},{'D7'},,,,&,3.0,&
{'R3'},{'R2'},{'D3'},{'R1'},{'D2'},{'D1'},{'D7'},{'D6'},{'D5'},{'D4'},&,1.0,&
{'R3'},{'R2'},{'D3'},{'R1'},{'D2'},{'D1'},{'D7'},{'D5'},,,&,1.0,&
{'R3'},{'R2'},{'D3'},{'R1'},{'D2'},{'D1'},{'D6'},,,,&,1.0,&
{'R3'},{'R2'},{'D3'},{'R1'},{'D2'},{'D1'},{'D6'},{'D7'},{'D5'},{'D4'},&,1.0,&
{'R3'},{'R2'},{'D3'},{'R1'},{'D2'},{'D1'},{'D6'},{'D5'},{'D7'},,&,1.0,&
{'R3'},{'R2'},{'D3'},{'R1'},{'D2'},{'D5'},,,,,&,2.0,&
{'R3'},{'R2'},{'D3'},{'R1'},{'D2'},{'D5'},{'D1'},,,,&,1.0,&
{'R3'},{'R2'},{'D3'},{'R1'},{'D2'},{'D5'},{'D6'},{'D1'},{'D4'},{'D7'},&,1.0,&
{'R3'},{'R2'},{'D3'},{'R1'},{'D2'},{'D6'},,,,,&,1.0,&
{'R3'},{'R2'},{'D3'},{'R1'},{'D2'},{'D6'},{'D7'},,,,&,1.0,&
{'R3'},{'R2'},{'D3'},{'R1'},{'D2'},{'D6'},{'D1'},,,,&,3.0,&
{'R3'},{'R2'},{'D3'},{'R1'},{'D2'},{'D6'},{'D1'},{'D7'},{'D5'},{'D4'},&,1.0,&
{'R3'},{'R2'},{'D3'},{'R1'},{'D2'},{'D4'},{'D1'},{'D6'},,,&,1.0,&
{'R3'},{'R2'},{'D3'},{'R1'},{'D6'},,,,,,&,1.0,&
{'R3'},{'R2'},{'D3'},{'R1'},{'D6'},{'D7'},{'D1'},,,,&,1.0,&
{'R3'},{'R2'},{'D3'},{'R1'},{'D6'},{'D2'},,,,,&,1.0,&
{'R3'},{'R2'},{'D3'},{'R1'},{'D7'},,,,,,&,1.0,&
{'R3'},{'R2'},{'D3'},{'R1'},{'D7'},{'D5'},{'D1'},,,,&,1.0,&
{'R3'},{'R2'},{'D3'},{'R1'},{'D7'},{'D2'},{'D1'},{'D6'},,,&,1.0,&
{'R3'},{'R2'},{'D3'},{'R1'},{'D5'},,,,,,&,1.0,&
{'R3'},{'R2'},{'D3'},{'R1'},{'D5'},{'D2'},{'D4'},{'D1'},,,&,1.0,&
{'R3'},{'R2'},{'D3'},{'R1'},{'D1'},,,,,,&,2.0,&
{'R3'},{'R2'},{'D3'},{'R1'},{'D1'},{'D6'},,,,,&,1.0,&
{'R3'},{'R2'},{'D3'},{'R1'},{'D1'},{'D2'},,,,,&,3.0,&
{'R3'},{'R2'},{'D3'},{'R1'},{'D1'},{'D2'},{'D7'},{'D6'},,,&,1.0,&
{'R3'},{'R2'},{'D3'},{'R1'},{'D1'},{'D2'},{'D5'},{'D6'},{'D7'},,&,1.0,&
{'R3'},{'R2'},{'D3'},{'R1'},{'D1'},{'D2'},{'D5'},{'D6'},{'D7'},{'D4'},&,1.0,&
{'R3'},{'R2'},{'D3'},{'R1'},{'D1'},{'D2'},{'D5'},{'D7'},{'D6'},,&,1.0,&
{'R3'},{'R2'},{'D3'},{'R1'},{'D1'},{'D2'},{'D6'},{'D5'},{'D7'},{'D4'},&,1.0,&
{'R3'},{'R2'},{'D3'},{'R1'},{'D4'},{'D2'},{'D5'},{'D1'},,,&,1.0,&
{'R3'},{'R2'},{'D3'},{'D6'},,,,,,,&,2.0,&
{'R3'},{'R2'},{'D3'},{'D6'},{'D2'},,,,,,&,2.0,&
{'R3'},{'R2'},{'D3'},{'D6'},{'D2'},{'D1'},{'R1'},,,,&,1.0,&
{'R3'},{'R2'},{'D3'},{'D6'},{'D2'},{'D7'},{'D1'},{'D5'},{'D4'},{'R1'},&,1.0,&
{'R3'},{'R2'},{'D3'},{'D6'},{'D2'},{'D5'},{'D1'},{'D7'},{'D4'},,&,1.0,&
{'R3'},{'R2'},{'D3'},{'D6'},{'D2'},{'D5'},{'R1'},,,,&,1.0,&
{'R3'},{'R2'},{'D3'},{'D6'},{'D2'},{'D4'},{'D7'},{'D5'},{'R1'},{'D1'},&,1.0,&
{'R3'},{'R2'},{'D3'},{'D6'},{'R1'},,,,,,&,2.0,&
{'R3'},{'R2'},{'D3'},{'D6'},{'R1'},{'D1'},{'D2'},{'D7'},,,&,1.0,&
{'R3'},{'R2'},{'D3'},{'D6'},{'D1'},{'R1'},{'D2'},{'D5'},{'D7'},{'D4'},&,1.0,&
{'R3'},{'R2'},{'D3'},{'D2'},,,,,,,&,7.0,&
{'R3'},{'R2'},{'D3'},{'D2'},{'D6'},{'R1'},{'D1'},{'D4'},{'D5'},{'D7'},&,1.0,&
{'R3'},{'R2'},{'D3'},{'D2'},{'D6'},{'R1'},{'D1'},{'D7'},{'D4'},{'D5'},&,1.0,&
{'R3'},{'R2'},{'D3'},{'D2'},{'D7'},{'R1'},{'D1'},{'D5'},{'D6'},{'D4'},&,1.0,&
{'R3'},{'R2'},{'D3'},{'D2'},{'R1'},,,,,,&,6.0,&
{'R3'},{'R2'},{'D3'},{'D2'},{'R1'},{'D1'},,,,,&,1.0,&
{'R3'},{'R2'},{'D3'},{'D2'},{'R1'},{'D1'},{'D7'},,,,&,1.0,&
{'R3'},{'R2'},{'D3'},{'D2'},{'R1'},{'D1'},{'D6'},{'D7'},{'D5'},{'D4'},&,1.0,&
{'R3'},{'R2'},{'D3'},{'D2'},{'R1'},{'D1'},{'D6'},{'D5'},{'D7'},{'D4'},&,1.0,&
{'R3'},{'R2'},{'D3'},{'D2'},{'R1'},{'D7'},,,,,&,1.0,&
{'R3'},{'R2'},{'D3'},{'D2'},{'R1'},{'D7'},{'D1'},{'D4'},{'D5'},,&,1.0,&
{'R3'},{'R2'},{'D3'},{'D2'},{'R1'},{'D5'},{'D1'},{'D6'},{'D7'},,&,1.0,&
{'R3'},{'R2'},{'D3'},{'D2'},{'R1'},{'D5'},{'D6'},,,,&,1.0,&
{'R3'},{'R2'},{'D3'},{'D2'},{'R1'},{'D6'},,,,,&,2.0,&
{'R3'},{'R2'},{'D3'},{'D2'},{'R1'},{'D6'},{'D4'},{'D7'},,,&,1.0,&
{'R3'},{'R2'},{'D3'},{'D2'},{'D5'},,,,,,&,1.0,&
{'R3'},{'R2'},{'D3'},{'D2'},{'D5'},{'D1'},{'R1'},{'D6'},{'D7'},{'D4'},&,1.0,&
{'R3'},{'R2'},{'D3'},{'D2'},{'D5'},{'R1'},{'D7'},{'D1'},{'D6'},{'D4'},&,1.0,&
{'R3'},{'R2'},{'D3'},{'D2'},{'D5'},{'R1'},{'D1'},{'D4'},,,&,1.0,&
{'R3'},{'R2'},{'D3'},{'D2'},{'D1'},,,,,,&,4.0,&
{'R3'},{'R2'},{'D3'},{'D2'},{'D1'},{'D7'},{'D5'},{'D6'},,,&,1.0,&
{'R3'},{'R2'},{'D3'},{'D2'},{'D1'},{'D7'},{'R1'},{'D5'},,,&,1.0,&
{'R3'},{'R2'},{'D3'},{'D2'},{'D1'},{'D7'},{'R1'},{'D5'},{'D4'},{'D6'},&,1.0,&
{'R3'},{'R2'},{'D3'},{'D2'},{'D1'},{'D7'},{'D6'},,,,&,1.0,&
{'R3'},{'R2'},{'D3'},{'D2'},{'D1'},{'D5'},{'D6'},{'R1'},{'D7'},{'D4'},&,1.0,&
{'R3'},{'R2'},{'D3'},{'D2'},{'D1'},{'D6'},{'R1'},{'D7'},,,&,2.0,&
{'R3'},{'R2'},{'D3'},{'D2'},{'D1'},{'R1'},{'D7'},,,,&,1.0,&
{'R3'},{'R2'},{'D3'},{'D2'},{'D1'},{'R1'},{'D5'},,,,&,3.0,&
{'R3'},{'R2'},{'D3'},{'D2'},{'D1'},{'R1'},{'D5'},{'D7'},,,&,1.0,&
{'R3'},{'R2'},{'D3'},{'D2'},{'D1'},{'R1'},{'D6'},,,,&,1.0,&
{'R3'},{'R2'},{'D3'},{'D2'},{'D1'},{'R1'},{'D6'},{'D4'},{'D5'},{'D7'},&,1.0,&
{'R3'},{'R2'},{'D3'},{'D2'},{'D1'},{'D4'},{'D7'},{'R1'},,,&,1.0,&
{'R3'},{'R2'},{'D3'},{'D2'},{'D1'},{'D4'},{'D5'},,,,&,1.0,&
{'R3'},{'R2'},{'D5'},,,,,,,,&,9.0,&
{'R3'},{'R2'},{'D5'},{'D1'},{'D6'},{'D2'},{'D3'},{'D4'},{'R1'},,&,1.0,&
{'R3'},{'R2'},{'D5'},{'D1'},{'D3'},{'R1'},,,,,&,1.0,&
{'R3'},{'R2'},{'D5'},{'D1'},{'R1'},{'D2'},,,,,&,2.0,&
{'R3'},{'R2'},{'D5'},{'D3'},{'D2'},{'D1'},{'R1'},,,,&,1.0,&
{'R3'},{'R2'},{'D5'},{'D3'},{'D2'},{'D1'},{'R1'},{'D6'},{'D4'},{'D7'},&,1.0,&
{'R3'},{'R2'},{'D5'},{'D3'},{'D2'},{'R1'},,,,,&,1.0,&
{'R3'},{'R2'},{'D5'},{'D3'},{'D2'},{'R1'},{'D1'},,,,&,1.0,&
{'R3'},{'R2'},{'D5'},{'D3'},{'D7'},,,,,,&,1.0,&
{'R3'},{'R2'},{'D5'},{'D3'},{'R1'},,,,,,&,1.0,&
{'R3'},{'R2'},{'D5'},{'R1'},,,,,,,&,1.0,&
{'R3'},{'R2'},{'D5'},{'R1'},{'D2'},,,,,,&,1.0,&
{'R3'},{'R2'},{'D5'},{'R1'},{'D2'},{'D1'},{'D3'},{'D4'},,,&,1.0,&
{'R3'},{'R2'},{'D5'},{'R1'},{'D2'},{'D3'},{'D1'},,,,&,1.0,&
{'R3'},{'R2'},{'D5'},{'R1'},{'D2'},{'D4'},{'D3'},{'D1'},{'D7'},,&,1.0,&
{'R3'},{'R2'},{'D5'},{'R1'},{'D3'},{'D1'},{'D2'},{'D6'},{'D7'},,&,1.0,&
{'R3'},{'R2'},{'D5'},{'R1'},{'D1'},{'D2'},{'D7'},{'D3'},,,&,1.0,&
{'R3'},{'R2'},{'D5'},{'D6'},{'D2'},{'D1'},{'D7'},,,,&,1.0,&
{'R3'},{'R2'},{'D5'},{'D6'},{'D3'},{'R1'},{'D1'},{'D2'},{'D7'},,&,1.0,&
{'R3'},{'R2'},{'D5'},{'D2'},,,,,,,&,1.0,&
{'R3'},{'R2'},{'D5'},{'D2'},{'D6'},,,,,,&,1.0,&
{'R3'},{'R2'},{'D5'},{'D2'},{'D7'},{'R1'},{'D6'},{'D1'},{'D3'},{'D4'},&,1.0,&
{'R3'},{'R2'},{'D5'},{'D2'},{'D3'},,,,,,&,1.0,&
{'R3'},{'R2'},{'D5'},{'D2'},{'D3'},{'D1'},{'D6'},{'D4'},{'R1'},,&,1.0,&
{'R3'},{'R2'},{'D5'},{'D2'},{'R1'},{'D1'},{'D3'},{'D7'},,,&,2.0,&
{'R3'},{'R2'},{'D1'},,,,,,,,&,49.0,&
{'R3'},{'R2'},{'D1'},{'D5'},,,,,,,&,2.0,&
{'R3'},{'R2'},{'D1'},{'D5'},{'D2'},,,,,,&,1.0,&
{'R3'},{'R2'},{'D1'},{'D5'},{'R1'},,,,,,&,2.0,&
{'R3'},{'R2'},{'D1'},{'D3'},,,,,,,&,7.0,&
{'R3'},{'R2'},{'D1'},{'D3'},{'D2'},,,,,,&,6.0,&
{'R3'},{'R2'},{'D1'},{'D3'},{'D2'},{'D5'},{'R1'},{'D6'},{'D4'},{'D7'},&,1.0,&
{'R3'},{'R2'},{'D1'},{'D3'},{'D2'},{'D6'},{'R1'},{'D7'},,,&,1.0,&
{'R3'},{'R2'},{'D1'},{'D3'},{'D2'},{'R1'},,,,,&,1.0,&
{'R3'},{'R2'},{'D1'},{'D3'},{'D2'},{'R1'},{'D7'},{'D6'},,,&,1.0,&
{'R3'},{'R2'},{'D1'},{'D3'},{'D2'},{'R1'},{'D6'},{'D7'},{'D5'},{'D4'},&,1.0,&
{'R3'},{'R2'},{'D1'},{'D3'},{'D2'},{'R1'},{'D6'},{'D5'},{'D7'},,&,2.0,&
{'R3'},{'R2'},{'D1'},{'D3'},{'D7'},,,,,,&,1.0,&
{'R3'},{'R2'},{'D1'},{'D3'},{'R1'},,,,,,&,3.0,&
{'R3'},{'R2'},{'D1'},{'D3'},{'R1'},{'D6'},{'D2'},,,,&,1.0,&
{'R3'},{'R2'},{'D1'},{'D3'},{'R1'},{'D6'},{'D2'},{'D5'},{'D7'},{'D4'},&,1.0,&
{'R3'},{'R2'},{'D1'},{'D3'},{'R1'},{'D2'},{'D7'},,,,&,1.0,&
{'R3'},{'R2'},{'D1'},{'D3'},{'R1'},{'D2'},{'D7'},{'D5'},{'D6'},{'D4'},&,1.0,&
{'R3'},{'R2'},{'D1'},{'D3'},{'R1'},{'D2'},{'D5'},{'D7'},,,&,1.0,&
{'R3'},{'R2'},{'D1'},{'D3'},{'R1'},{'D2'},{'D6'},,,,&,1.0,&
{'R3'},{'R2'},{'D1'},{'D3'},{'R1'},{'D2'},{'D6'},{'D4'},{'D5'},{'D7'},&,1.0,&
{'R3'},{'R2'},{'D1'},{'D3'},{'D5'},{'D2'},,,,,&,1.0,&
{'R3'},{'R2'},{'D1'},{'D3'},{'D5'},{'R1'},{'D2'},,,,&,1.0,&
{'R3'},{'R2'},{'D1'},{'D3'},{'D4'},{'D6'},{'R1'},{'D2'},{'D7'},,&,1.0,&
{'R3'},{'R2'},{'D1'},{'R1'},,,,,,,&,10.0,&
{'R3'},{'R2'},{'D1'},{'R1'},{'D2'},,,,,,&,1.0,&
{'R3'},{'R2'},{'D1'},{'R1'},{'D2'},{'D7'},,,,,&,1.0,&
{'R3'},{'R2'},{'D1'},{'R1'},{'D2'},{'D7'},{'D6'},{'D3'},{'D5'},{'D4'},&,1.0,&
{'R3'},{'R2'},{'D1'},{'R1'},{'D2'},{'D7'},{'D6'},{'D3'},{'D4'},{'D5'},&,1.0,&
{'R3'},{'R2'},{'D1'},{'R1'},{'D2'},{'D5'},{'D3'},,,,&,1.0,&
{'R3'},{'R2'},{'D1'},{'R1'},{'D2'},{'D5'},{'D3'},{'D6'},,,&,1.0,&
{'R3'},{'R2'},{'D1'},{'R1'},{'D2'},{'D6'},,,,,&,1.0,&
{'R3'},{'R2'},{'D1'},{'R1'},{'D2'},{'D3'},,,,,&,2.0,&
{'R3'},{'R2'},{'D1'},{'R1'},{'D2'},{'D3'},{'D7'},,,,&,1.0,&
{'R3'},{'R2'},{'D1'},{'R1'},{'D2'},{'D3'},{'D7'},{'D5'},{'D4'},{'D6'},&,1.0,&
{'R3'},{'R2'},{'D1'},{'R1'},{'D2'},{'D3'},{'D6'},,,,&,1.0,&
{'R3'},{'R2'},{'D1'},{'R1'},{'D2'},{'D3'},{'D6'},{'D4'},{'D5'},,&,1.0,&
{'R3'},{'R2'},{'D1'},{'R1'},{'D2'},{'D3'},{'D6'},{'D7'},{'D5'},{'D4'},&,2.0,&
{'R3'},{'R2'},{'D1'},{'R1'},{'D6'},{'D2'},,,,,&,2.0,&
{'R3'},{'R2'},{'D1'},{'R1'},{'D6'},{'D3'},{'D7'},,,,&,1.0,&
{'R3'},{'R2'},{'D1'},{'R1'},{'D6'},{'D3'},{'D2'},{'D7'},{'D5'},{'D4'},&,1.0,&
{'R3'},{'R2'},{'D1'},{'R1'},{'D7'},,,,,,&,1.0,&
{'R3'},{'R2'},{'D1'},{'R1'},{'D7'},{'D2'},,,,,&,1.0,&
{'R3'},{'R2'},{'D1'},{'R1'},{'D7'},{'D2'},{'D3'},{'D6'},,,&,1.0,&
{'R3'},{'R2'},{'D1'},{'R1'},{'D3'},,,,,,&,3.0,&
{'R3'},{'R2'},{'D1'},{'R1'},{'D3'},{'D5'},,,,,&,1.0,&
{'R3'},{'R2'},{'D1'},{'R1'},{'D3'},{'D5'},{'D2'},,,,&,1.0,&
{'R3'},{'R2'},{'D1'},{'R1'},{'D3'},{'D6'},{'D2'},,,,&,1.0,&
{'R3'},{'R2'},{'D1'},{'R1'},{'D3'},{'D2'},,,,,&,4.0,&
{'R3'},{'R2'},{'D1'},{'R1'},{'D3'},{'D2'},{'D7'},{'D6'},{'D5'},{'D4'},&,1.0,&
{'R3'},{'R2'},{'D1'},{'R1'},{'D3'},{'D2'},{'D5'},{'D7'},{'D6'},{'D4'},&,1.0,&
{'R3'},{'R2'},{'D1'},{'R1'},{'D3'},{'D2'},{'D6'},,,,&,1.0,&
{'R3'},{'R2'},{'D1'},{'R1'},{'D3'},{'D2'},{'D6'},{'D7'},,,&,1.0,&
{'R3'},{'R2'},{'D1'},{'R1'},{'D3'},{'D2'},{'D6'},{'D7'},{'D5'},,&,1.0,&
{'R3'},{'R2'},{'D1'},{'R1'},{'D3'},{'D2'},{'D4'},{'D6'},{'D5'},{'D7'},&,1.0,&
{'R3'},{'R2'},{'D1'},{'R1'},{'D5'},{'D2'},{'D6'},{'D3'},,,&,1.0,&
{'R3'},{'R2'},{'D1'},{'D6'},,,,,,,&,1.0,&
{'R3'},{'R2'},{'D1'},{'D6'},{'D2'},,,,,,&,1.0,&
{'R3'},{'R2'},{'D1'},{'D6'},{'D2'},{'D3'},{'D7'},,,,&,1.0,&
{'R3'},{'R2'},{'D1'},{'D6'},{'D3'},,,,,,&,1.0,&
{'R3'},{'R2'},{'D1'},{'D6'},{'D3'},{'D2'},{'D7'},,,,&,1.0,&
{'R3'},{'R2'},{'D1'},{'D6'},{'D3'},{'R1'},{'D2'},{'D7'},{'D5'},,&,1.0,&
{'R3'},{'R2'},{'D1'},{'D2'},,,,,,,&,4.0,&
{'R3'},{'R2'},{'D1'},{'D2'},{'D6'},{'D3'},,,,,&,1.0,&
{'R3'},{'R2'},{'D1'},{'D2'},{'D6'},{'D3'},{'D7'},{'D5'},{'D4'},{'R1'},&,1.0,&
{'R3'},{'R2'},{'D1'},{'D2'},{'D6'},{'R1'},,,,,&,1.0,&
{'R3'},{'R2'},{'D1'},{'D2'},{'D7'},{'R1'},{'D6'},,,,&,1.0,&
{'R3'},{'R2'},{'D1'},{'D2'},{'D7'},{'R1'},{'D3'},{'D6'},{'D4'},{'D5'},&,1.0,&
{'R3'},{'R2'},{'D1'},{'D2'},{'D3'},,,,,,&,2.0,&
{'R3'},{'R2'},{'D1'},{'D2'},{'D3'},{'D7'},,,,,&,2.0,&
{'R3'},{'R2'},{'D1'},{'D2'},{'D3'},{'D5'},{'R1'},{'D6'},{'D7'},{'D4'},&,1.0,&
{'R3'},{'R2'},{'D1'},{'D2'},{'D3'},{'D5'},{'D6'},{'R1'},,,&,1.0,&
{'R3'},{'R2'},{'D1'},{'D2'},{'D3'},{'D5'},{'D4'},{'R1'},{'D7'},,&,1.0,&
{'R3'},{'R2'},{'D1'},{'D2'},{'D3'},{'D6'},,,,,&,1.0,&
{'R3'},{'R2'},{'D1'},{'D2'},{'D3'},{'D6'},{'R1'},{'D4'},,,&,1.0,&
{'R3'},{'R2'},{'D1'},{'D2'},{'D3'},{'R1'},,,,,&,1.0,&
{'R3'},{'R2'},{'D1'},{'D2'},{'D3'},{'R1'},{'D7'},{'D6'},{'D5'},{'D4'},&,1.0,&
{'R3'},{'R2'},{'D1'},{'D2'},{'D3'},{'R1'},{'D5'},,,,&,1.0,&
{'R3'},{'R2'},{'D1'},{'D2'},{'D3'},{'R1'},{'D5'},{'D7'},{'D6'},,&,1.0,&
{'R3'},{'R2'},{'D1'},{'D2'},{'D3'},{'R1'},{'D5'},{'D7'},{'D4'},{'D6'},&,1.0,&
{'R3'},{'R2'},{'D1'},{'D2'},{'D3'},{'R1'},{'D6'},{'D5'},,,&,1.0,&
{'R3'},{'R2'},{'D1'},{'D2'},{'D3'},{'D4'},{'D5'},{'D7'},{'D6'},{'R1'},&,1.0,&
{'R3'},{'R2'},{'D1'},{'D2'},{'R1'},,,,,,&,4.0,&
{'R3'},{'R2'},{'D1'},{'D2'},{'R1'},{'D5'},,,,,&,1.0,&
{'R3'},{'R2'},{'D1'},{'D2'},{'R1'},{'D5'},{'D3'},{'D7'},{'D6'},,&,1.0,&
{'R3'},{'R2'},{'D1'},{'D2'},{'R1'},{'D5'},{'D3'},{'D7'},{'D6'},{'D4'},&,1.0,&
{'R3'},{'R2'},{'D1'},{'D2'},{'R1'},{'D6'},{'D7'},,,,&,1.0,&
{'R3'},{'R2'},{'D1'},{'D2'},{'R1'},{'D3'},,,,,&,1.0,&
{'R3'},{'R2'},{'D1'},{'D2'},{'R1'},{'D3'},{'D7'},,,,&,1.0,&
{'R3'},{'R2'},{'D1'},{'D2'},{'R1'},{'D3'},{'D7'},{'D4'},{'D5'},{'D6'},&,1.0,&
{'R3'},{'R2'},{'D1'},{'D2'},{'R1'},{'D3'},{'D7'},{'D5'},{'D6'},,&,1.0,&
{'R3'},{'R2'},{'D1'},{'D2'},{'R1'},{'D3'},{'D5'},{'D6'},,,&,1.0,&
{'R3'},{'R2'},{'D1'},{'D2'},{'R1'},{'D3'},{'D5'},{'D6'},{'D4'},{'D7'},&,1.0,&
{'R3'},{'R2'},{'D1'},{'D2'},{'R1'},{'D3'},{'D6'},{'D5'},{'D4'},{'D7'},&,1.0,&
{'R3'},{'R2'},{'D1'},{'D2'},{'R1'},{'D3'},{'D4'},{'D5'},{'D7'},{'D6'},&,1.0,&
{'R3'},{'R2'},{'D1'},{'D2'},{'R1'},{'D4'},{'D5'},{'D3'},{'D6'},,&,1.0,&
{'R3'},{'R2'},{'D1'},{'D2'},{'D5'},,,,,,&,1.0,&
{'R3'},{'R2'},{'D1'},{'D2'},{'D5'},{'D6'},{'R1'},{'D3'},{'D7'},{'D4'},&,1.0,&
{'R3'},{'R2'},{'D1'},{'D2'},{'D5'},{'D3'},{'D6'},{'D4'},,,&,1.0,&
{'R3'},{'R2'},{'D1'},{'D2'},{'D5'},{'R1'},{'D3'},,,,&,1.0,&
{'R3'},{'R2'},{'D1'},{'D2'},{'D4'},{'D3'},{'D6'},{'D7'},{'D5'},{'R1'},&,1.0,&
{'R3'},{'R2'},{'D7'},,,,,,,,&,6.0,&
{'R3'},{'R2'},{'D7'},{'D1'},,,,,,,&,1.0,&
{'R3'},{'R2'},{'D7'},{'D1'},{'R1'},{'D6'},,,,,&,1.0,&
{'R3'},{'R2'},{'D7'},{'D1'},{'R1'},{'D3'},{'D2'},,,,&,1.0,&
{'R3'},{'R2'},{'D7'},{'D3'},,,,,,,&,1.0,&
{'R3'},{'R2'},{'D7'},{'D3'},{'D2'},,,,,,&,1.0,&
{'R3'},{'R2'},{'D7'},{'D3'},{'D2'},{'D6'},,,,,&,1.0,&
{'R3'},{'R2'},{'D7'},{'D3'},{'D1'},{'D2'},{'R1'},,,,&,1.0,&
{'R3'},{'R2'},{'D7'},{'D3'},{'D1'},{'D2'},{'D4'},{'D5'},,,&,1.0,&
{'R3'},{'R2'},{'D7'},{'R1'},,,,,,,&,4.0,&
{'R3'},{'R2'},{'D7'},{'R1'},{'D2'},,,,,,&,1.0,&
{'R3'},{'R2'},{'D7'},{'R1'},{'D3'},{'D5'},,,,,&,1.0,&
{'R3'},{'R2'},{'D7'},{'R1'},{'D3'},{'D2'},{'D6'},{'D5'},,,&,1.0,&
{'R3'},{'R2'},{'D7'},{'R1'},{'D3'},{'D2'},{'D6'},{'D1'},{'D5'},{'D4'},&,1.0,&
{'R3'},{'R2'},{'D7'},{'R1'},{'D1'},{'D2'},{'D3'},,,,&,1.0,&
{'R3'},{'R2'},{'D7'},{'D2'},,,,,,,&,2.0,&
{'R3'},{'R2'},{'D7'},{'D2'},{'D3'},,,,,,&,1.0,&
{'R3'},{'R2'},{'D7'},{'D2'},{'D3'},{'R1'},{'D1'},,,,&,1.0,&
{'R3'},{'R2'},{'D7'},{'D2'},{'R1'},{'D6'},{'D4'},{'D1'},{'D3'},{'D5'},&,1.0,&
{'R3'},{'R2'},{'D7'},{'D2'},{'R1'},{'D3'},{'D1'},{'D5'},,,&,1.0,&
{'R3'},{'R2'},{'D7'},{'D2'},{'D4'},{'D1'},{'R1'},,,,&,1.0,&
{'R3'},{'R2'},{'D2'},,,,,,,,&,56.0,&
{'R3'},{'R2'},{'D2'},{'D1'},,,,,,,&,2.0,&
{'R3'},{'R2'},{'D2'},{'D1'},{'D6'},,,,,,&,1.0,&
{'R3'},{'R2'},{'D2'},{'D1'},{'D6'},{'D3'},{'D7'},{'R1'},{'D5'},,&,1.0,&
{'R3'},{'R2'},{'D2'},{'D1'},{'D6'},{'D3'},{'D5'},,,,&,1.0,&
{'R3'},{'R2'},{'D2'},{'D1'},{'D6'},{'D4'},{'R1'},,,,&,1.0,&
{'R3'},{'R2'},{'D2'},{'D1'},{'D7'},{'D3'},{'D6'},{'R1'},{'D5'},,&,1.0,&
{'R3'},{'R2'},{'D2'},{'D1'},{'D7'},{'R1'},,,,,&,1.0,&
{'R3'},{'R2'},{'D2'},{'D1'},{'D7'},{'R1'},{'D3'},{'D4'},,,&,1.0,&
{'R3'},{'R2'},{'D2'},{'D1'},{'D3'},,,,,,&,3.0,&
{'R3'},{'R2'},{'D2'},{'D1'},{'D3'},{'D7'},{'D6'},{'R1'},{'D5'},{'D4'},&,1.0,&
{'R3'},{'R2'},{'D2'},{'D1'},{'D3'},{'D5'},{'D4'},{'D6'},,,&,1.0,&
{'R3'},{'R2'},{'D2'},{'D1'},{'D3'},{'D6'},,,,,&,3.0,&
{'R3'},{'R2'},{'D2'},{'D1'},{'D3'},{'D6'},{'D5'},{'D7'},{'D4'},{'R1'},&,1.0,&
{'R3'},{'R2'},{'D2'},{'D1'},{'D3'},{'D6'},{'R1'},{'D5'},{'D7'},,&,1.0,&
{'R3'},{'R2'},{'D2'},{'D1'},{'D3'},{'R1'},,,,,&,1.0,&
{'R3'},{'R2'},{'D2'},{'D1'},{'D3'},{'R1'},{'D5'},{'D6'},{'D7'},,&,1.0,&
{'R3'},{'R2'},{'D2'},{'D1'},{'D3'},{'R1'},{'D6'},{'D4'},,,&,1.0,&
{'R3'},{'R2'},{'D2'},{'D1'},{'D3'},{'R1'},{'D4'},{'D5'},{'D7'},{'D6'},&,1.0,&
{'R3'},{'R2'},{'D2'},{'D1'},{'R1'},,,,,,&,7.0,&
{'R3'},{'R2'},{'D2'},{'D1'},{'R1'},{'D7'},,,,,&,1.0,&
{'R3'},{'R2'},{'D2'},{'D1'},{'R1'},{'D5'},{'D6'},{'D3'},{'D4'},{'D7'},&,1.0,&
{'R3'},{'R2'},{'D2'},{'D1'},{'R1'},{'D6'},{'D5'},,,,&,1.0,&
{'R3'},{'R2'},{'D2'},{'D1'},{'R1'},{'D6'},{'D3'},{'D5'},,,&,1.0,&
{'R3'},{'R2'},{'D2'},{'D1'},{'R1'},{'D3'},,,,,&,4.0,&
{'R3'},{'R2'},{'D2'},{'D1'},{'R1'},{'D3'},{'D7'},,,,&,1.0,&
{'R3'},{'R2'},{'D2'},{'D1'},{'R1'},{'D3'},{'D7'},{'D6'},{'D5'},{'D4'},&,1.0,&
{'R3'},{'R2'},{'D2'},{'D1'},{'R1'},{'D3'},{'D5'},,,,&,1.0,&
{'R3'},{'R2'},{'D2'},{'D1'},{'R1'},{'D3'},{'D5'},{'D7'},{'D6'},{'D4'},&,1.0,&
{'R3'},{'R2'},{'D2'},{'D1'},{'R1'},{'D3'},{'D6'},,,,&,1.0,&
{'R3'},{'R2'},{'D2'},{'D1'},{'R1'},{'D3'},{'D6'},{'D7'},{'D5'},,&,1.0,&
{'R3'},{'R2'},{'D2'},{'D1'},{'R1'},{'D3'},{'D4'},{'D7'},{'D6'},{'D5'},&,1.0,&
{'R3'},{'R2'},{'D2'},{'D1'},{'R1'},{'D3'},{'D4'},{'D5'},{'D6'},{'D7'},&,1.0,&
{'R3'},{'R2'},{'D2'},{'D1'},{'R1'},{'D4'},{'D3'},{'D7'},,,&,1.0,&
{'R3'},{'R2'},{'D2'},{'D1'},{'D5'},{'D7'},{'D3'},{'D6'},,,&,1.0,&
{'R3'},{'R2'},{'D2'},{'D1'},{'D5'},{'D3'},,,,,&,1.0,&
{'R3'},{'R2'},{'D2'},{'D1'},{'D5'},{'D3'},{'D7'},{'R1'},{'D4'},{'D6'},&,1.0,&
{'R3'},{'R2'},{'D2'},{'D1'},{'D5'},{'R1'},{'D3'},{'D6'},,,&,1.0,&
{'R3'},{'R2'},{'D2'},{'D5'},,,,,,,&,4.0,&
{'R3'},{'R2'},{'D2'},{'D5'},{'D6'},{'D1'},{'R1'},{'D3'},{'D4'},,&,1.0,&
{'R3'},{'R2'},{'D2'},{'D5'},{'D3'},{'D1'},,,,,&,1.0,&
{'R3'},{'R2'},{'D2'},{'D5'},{'D3'},{'D1'},{'D6'},,,,&,1.0,&
{'R3'},{'R2'},{'D2'},{'D5'},{'D3'},{'D7'},{'D1'},,,,&,1.0,&
{'R3'},{'R2'},{'D2'},{'D5'},{'D3'},{'D4'},{'R1'},{'D1'},,,&,1.0,&
{'R3'},{'R2'},{'D2'},{'D5'},{'R1'},{'D3'},{'D1'},{'D4'},{'D7'},{'D6'},&,1.0,&
{'R3'},{'R2'},{'D2'},{'D5'},{'R1'},{'D3'},{'D4'},{'D1'},{'D6'},,&,1.0,&
{'R3'},{'R2'},{'D2'},{'D5'},{'D1'},,,,,,&,1.0,&
{'R3'},{'R2'},{'D2'},{'D5'},{'D1'},{'D3'},{'R1'},,,,&,1.0,&
{'R3'},{'R2'},{'D2'},{'D3'},,,,,,,&,8.0,&
{'R3'},{'R2'},{'D2'},{'D3'},{'D6'},{'D1'},{'D5'},,,,&,1.0,&
{'R3'},{'R2'},{'D2'},{'D3'},{'D6'},{'R1'},,,,,&,1.0,&
{'R3'},{'R2'},{'D2'},{'D3'},{'D7'},,,,,,&,2.0,&
{'R3'},{'R2'},{'D2'},{'D3'},{'R1'},,,,,,&,1.0,&
{'R3'},{'R2'},{'D2'},{'D3'},{'R1'},{'D1'},,,,,&,5.0,&
{'R3'},{'R2'},{'D2'},{'D3'},{'R1'},{'D1'},{'D6'},,,,&,2.0,&
{'R3'},{'R2'},{'D2'},{'D3'},{'R1'},{'D5'},,,,,&,1.0,&
{'R3'},{'R2'},{'D2'},{'D3'},{'R1'},{'D5'},{'D1'},{'D6'},,,&,1.0,&
{'R3'},{'R2'},{'D2'},{'D3'},{'R1'},{'D6'},{'D1'},{'D4'},{'D5'},,&,1.0,&
{'R3'},{'R2'},{'D2'},{'D3'},{'R1'},{'D6'},{'D4'},{'D1'},,,&,1.0,&
{'R3'},{'R2'},{'D2'},{'D3'},{'R1'},{'D4'},,,,,&,1.0,&
{'R3'},{'R2'},{'D2'},{'D3'},{'D5'},,,,,,&,1.0,&
{'R3'},{'R2'},{'D2'},{'D3'},{'D5'},{'R1'},{'D6'},{'D7'},,,&,1.0,&
{'R3'},{'R2'},{'D2'},{'D3'},{'D1'},,,,,,&,3.0,&
{'R3'},{'R2'},{'D2'},{'D3'},{'D1'},{'D7'},,,,,&,2.0,&
{'R3'},{'R2'},{'D2'},{'D3'},{'D1'},{'D7'},{'R1'},{'D6'},{'D5'},{'D4'},&,1.0,&
{'R3'},{'R2'},{'D2'},{'D3'},{'D1'},{'D5'},{'D7'},{'D4'},{'D6'},{'R1'},&,1.0,&
{'R3'},{'R2'},{'D2'},{'D3'},{'D1'},{'D5'},{'D6'},{'D7'},{'R1'},{'D4'},&,1.0,&
{'R3'},{'R2'},{'D2'},{'D3'},{'D1'},{'D6'},{'D7'},{'D5'},{'D4'},{'R1'},&,1.0,&
{'R3'},{'R2'},{'D2'},{'D3'},{'D1'},{'D6'},{'D5'},{'D4'},,,&,1.0,&
{'R3'},{'R2'},{'D2'},{'D3'},{'D1'},{'D6'},{'R1'},{'D7'},,,&,1.0,&
{'R3'},{'R2'},{'D2'},{'D3'},{'D1'},{'R1'},{'D7'},{'D5'},,,&,1.0,&
{'R3'},{'R2'},{'D2'},{'D3'},{'D1'},{'R1'},{'D5'},{'D6'},{'D7'},{'D4'},&,1.0,&
{'R3'},{'R2'},{'D2'},{'D3'},{'D1'},{'R1'},{'D5'},{'D4'},{'D7'},,&,1.0,&
{'R3'},{'R2'},{'D2'},{'D3'},{'D1'},{'D4'},,,,,&,2.0,&
{'R3'},{'R2'},{'D2'},{'D3'},{'D4'},{'D1'},{'R1'},{'D5'},{'D6'},,&,1.0,&
{'R3'},{'R2'},{'D2'},{'D3'},{'D4'},{'R1'},{'D7'},,,,&,1.0,&
{'R3'},{'R2'},{'D2'},{'D4'},,,,,,,&,1.0,&
{'R3'},{'R2'},{'D2'},{'D4'},{'D3'},{'D1'},{'D6'},{'D5'},,,&,1.0,&
{'R3'},{'R2'},{'D2'},{'D4'},{'D3'},{'D5'},{'R1'},{'D1'},{'D6'},{'D7'},&,1.0,&
{'R3'},{'R2'},{'D2'},{'D4'},{'D1'},{'R1'},,,,,&,1.0,&
{'R3'},{'R2'},{'D2'},{'D7'},,,,,,,&,2.0,&
{'R3'},{'R2'},{'D2'},{'D7'},{'D6'},,,,,,&,1.0,&
{'R3'},{'R2'},{'D2'},{'D7'},{'D3'},{'D1'},{'D5'},{'R1'},{'D6'},{'D4'},&,1.0,&
{'R3'},{'R2'},{'D2'},{'D7'},{'R1'},,,,,,&,1.0,&
{'R3'},{'R2'},{'D2'},{'D7'},{'R1'},{'D1'},,,,,&,1.0,&
{'R3'},{'R2'},{'D2'},{'D7'},{'R1'},{'D1'},{'D3'},{'D5'},{'D6'},{'D4'},&,1.0,&
{'R3'},{'R2'},{'D2'},{'D7'},{'R1'},{'D6'},{'D1'},,,,&,1.0,&
{'R3'},{'R2'},{'D2'},{'D7'},{'R1'},{'D6'},{'D1'},{'D3'},{'D4'},{'D5'},&,1.0,&
{'R3'},{'R2'},{'D2'},{'D7'},{'R1'},{'D3'},,,,,&,1.0,&
{'R3'},{'R2'},{'D2'},{'D7'},{'D1'},{'D3'},{'D4'},{'D5'},{'D6'},,&,1.0,&
{'R3'},{'R2'},{'D2'},{'D7'},{'D1'},{'R1'},{'D5'},,,,&,1.0,&
{'R3'},{'R2'},{'D2'},{'R1'},,,,,,,&,24.0,&
{'R3'},{'R2'},{'D2'},{'R1'},{'D6'},{'D1'},,,,,&,2.0,&
{'R3'},{'R2'},{'D2'},{'R1'},{'D6'},{'D1'},{'D5'},,,,&,1.0,&
{'R3'},{'R2'},{'D2'},{'R1'},{'D6'},{'D1'},{'D3'},{'D5'},{'D7'},{'D4'},&,1.0,&
{'R3'},{'R2'},{'D2'},{'R1'},{'D6'},{'D5'},{'D3'},{'D4'},{'D1'},{'D7'},&,1.0,&
{'R3'},{'R2'},{'D2'},{'R1'},{'D7'},{'D1'},,,,,&,1.0,&
{'R3'},{'R2'},{'D2'},{'R1'},{'D7'},{'D4'},{'D1'},,,,&,1.0,&
{'R3'},{'R2'},{'D2'},{'R1'},{'D3'},,,,,,&,6.0,&
{'R3'},{'R2'},{'D2'},{'R1'},{'D3'},{'D1'},,,,,&,1.0,&
{'R3'},{'R2'},{'D2'},{'R1'},{'D3'},{'D1'},{'D7'},,,,&,1.0,&
{'R3'},{'R2'},{'D2'},{'R1'},{'D3'},{'D1'},{'D7'},{'D6'},{'D5'},{'D4'},&,2.0,&
{'R3'},{'R2'},{'D2'},{'R1'},{'D3'},{'D1'},{'D7'},{'D5'},,,&,1.0,&
{'R3'},{'R2'},{'D2'},{'R1'},{'D3'},{'D1'},{'D5'},,,,&,2.0,&
{'R3'},{'R2'},{'D2'},{'R1'},{'D3'},{'D1'},{'D5'},{'D6'},,,&,1.0,&
{'R3'},{'R2'},{'D2'},{'R1'},{'D3'},{'D1'},{'D6'},,,,&,1.0,&
{'R3'},{'R2'},{'D2'},{'R1'},{'D3'},{'D1'},{'D6'},{'D7'},{'D4'},{'D5'},&,1.0,&
{'R3'},{'R2'},{'D2'},{'R1'},{'D3'},{'D7'},{'D6'},,,,&,1.0,&
{'R3'},{'R2'},{'D2'},{'R1'},{'D3'},{'D5'},{'D1'},{'D7'},,,&,1.0,&
{'R3'},{'R2'},{'D2'},{'R1'},{'D3'},{'D6'},{'D1'},,,,&,1.0,&
{'R3'},{'R2'},{'D2'},{'R1'},{'D5'},,,,,,&,1.0,&
{'R3'},{'R2'},{'D2'},{'R1'},{'D5'},{'D1'},,,,,&,1.0,&
{'R3'},{'R2'},{'D2'},{'R1'},{'D5'},{'D1'},{'D3'},,,,&,1.0,&
{'R3'},{'R2'},{'D2'},{'R1'},{'D5'},{'D3'},,,,,&,1.0,&
{'R3'},{'R2'},{'D2'},{'R1'},{'D1'},,,,,,&,4.0,&
{'R3'},{'R2'},{'D2'},{'R1'},{'D1'},{'D7'},{'D3'},{'D6'},,,&,1.0,&
{'R3'},{'R2'},{'D2'},{'R1'},{'D1'},{'D6'},,,,,&,1.0,&
{'R3'},{'R2'},{'D2'},{'R1'},{'D1'},{'D6'},{'D5'},{'D3'},,,&,1.0,&
{'R3'},{'R2'},{'D2'},{'R1'},{'D1'},{'D6'},{'D3'},{'D7'},{'D4'},,&,1.0,&
{'R3'},{'R2'},{'D2'},{'R1'},{'D1'},{'D3'},,,,,&,1.0,&
{'R3'},{'R2'},{'D2'},{'R1'},{'D1'},{'D3'},{'D7'},{'D6'},,,&,2.0,&
{'R3'},{'R2'},{'D2'},{'R1'},{'D1'},{'D3'},{'D7'},{'D6'},{'D5'},,&,1.0,&
{'R3'},{'R2'},{'D2'},{'R1'},{'D1'},{'D3'},{'D5'},{'D6'},{'D7'},{'D4'},&,1.0,&
{'R3'},{'R2'},{'D2'},{'R1'},{'D1'},{'D3'},{'D5'},{'D6'},{'D4'},,&,1.0,&
{'R3'},{'R2'},{'D2'},{'R1'},{'D1'},{'D3'},{'D6'},,,,&,1.0,&
{'R3'},{'R2'},{'D2'},{'R1'},{'D1'},{'D3'},{'D6'},{'D7'},{'D5'},,&,1.0,&
{'R3'},{'R2'},{'D2'},{'R1'},{'D1'},{'D3'},{'D6'},{'D5'},,,&,1.0,&
{'R3'},{'R2'},{'D2'},{'R1'},{'D1'},{'D3'},{'D6'},{'D5'},{'D4'},{'D7'},&,1.0,&
{'R3'},{'R2'},{'D2'},{'R1'},{'D4'},{'D1'},{'D6'},{'D3'},{'D7'},,&,1.0,&
{'R3'},{'R2'},{'D2'},{'R1'},{'D4'},{'D7'},{'D6'},,,,&,1.0,&
{'R3'},{'R2'},{'D2'},{'D6'},,,,,,,&,3.0,&
{'R3'},{'R2'},{'D2'},{'D6'},{'D3'},,,,,,&,1.0,&
{'R3'},{'R2'},{'D2'},{'D6'},{'D3'},{'D1'},{'R1'},{'D5'},{'D4'},{'D7'},&,1.0,&
{'R3'},{'R2'},{'D2'},{'D6'},{'R1'},{'D7'},{'D3'},{'D1'},,,&,1.0,&
{'R3'},{'R2'},{'D2'},{'D6'},{'R1'},{'D5'},{'D1'},{'D3'},,,&,1.0,&
{'R3'},{'R2'},{'D2'},{'D6'},{'R1'},{'D3'},{'D1'},{'D5'},,,&,1.0,&
{'R3'},{'R2'},{'D2'},{'D6'},{'D5'},,,,,,&,1.0,&
{'R3'},{'R2'},{'D2'},{'D6'},{'D1'},{'D3'},{'D7'},{'R1'},{'D4'},{'D5'},&,1.0,&
{'R3'},{'R2'},{'D2'},{'D6'},{'D1'},{'D3'},{'R1'},{'D5'},{'D4'},,&,1.0,&
{'R3'},{'R2'},{'D4'},,,,,,,,&,3.0,&
{'R3'},{'R2'},{'D4'},{'D1'},{'D3'},{'R1'},,,,,&,1.0,&
{'R3'},{'R2'},{'D4'},{'D3'},{'R1'},{'D2'},{'D6'},{'D1'},,,&,1.0,&
{'R3'},{'R2'},{'D4'},{'D3'},{'D1'},{'D2'},{'D7'},{'D5'},,,&,1.0,&
{'R3'},{'D6'},,,,,,,,,&,10.0,&
{'R3'},{'D6'},{'R1'},,,,,,,,&,3.0,&
{'R3'},{'D6'},{'R1'},{'R2'},{'D1'},{'D2'},{'D3'},{'D5'},{'D4'},{'D7'},&,1.0,&
{'R3'},{'D6'},{'R1'},{'D1'},{'D2'},{'D3'},,,,,&,1.0,&
{'R3'},{'D6'},{'R1'},{'D2'},{'D7'},{'R2'},,,,,&,1.0,&
{'R3'},{'D6'},{'R1'},{'D2'},{'D3'},{'R2'},,,,,&,1.0,&
{'R3'},{'D6'},{'R1'},{'D2'},{'D5'},,,,,,&,1.0,&
{'R3'},{'D6'},{'R1'},{'D2'},{'R2'},{'D5'},{'D3'},{'D7'},,,&,1.0,&
{'R3'},{'D6'},{'R1'},{'D2'},{'R2'},{'D3'},{'D7'},{'D1'},,,&,1.0,&
{'R3'},{'D6'},{'D3'},,,,,,,,&,1.0,&
{'R3'},{'D6'},{'D3'},{'R2'},{'R1'},{'D2'},,,,,&,1.0,&
{'R3'},{'D6'},{'D3'},{'R2'},{'D1'},,,,,,&,1.0,&
{'R3'},{'D6'},{'D3'},{'R2'},{'D1'},{'R1'},{'D5'},,,,&,1.0,&
{'R3'},{'D6'},{'D3'},{'D1'},,,,,,,&,1.0,&
{'R3'},{'D6'},{'D3'},{'D1'},{'D2'},{'D7'},{'D4'},{'D5'},{'R2'},{'R1'},&,1.0,&
{'R3'},{'D6'},{'D3'},{'D1'},{'D5'},{'D2'},{'D7'},,,,&,1.0,&
{'R3'},{'D6'},{'D3'},{'D1'},{'R2'},{'R1'},{'D2'},{'D5'},,,&,1.0,&
{'R3'},{'D6'},{'D3'},{'D5'},,,,,,,&,1.0,&
{'R3'},{'D6'},{'D3'},{'D2'},,,,,,,&,1.0,&
{'R3'},{'D6'},{'D3'},{'D2'},{'D1'},{'D5'},,,,,&,1.0,&
{'R3'},{'D6'},{'D3'},{'D2'},{'R2'},{'R1'},{'D1'},{'D5'},{'D4'},{'D7'},&,1.0,&
{'R3'},{'D6'},{'D5'},,,,,,,,&,2.0,&
{'R3'},{'D6'},{'D5'},{'D1'},{'D2'},{'D3'},{'D7'},{'R1'},,,&,1.0,&
{'R3'},{'D6'},{'D5'},{'R1'},{'R2'},{'D1'},,,,,&,1.0,&
{'R3'},{'D6'},{'D5'},{'D2'},{'D1'},,,,,,&,1.0,&
{'R3'},{'D6'},{'D5'},{'D2'},{'R2'},{'D1'},{'D3'},{'D7'},{'R1'},{'D4'},&,1.0,&
{'R3'},{'D6'},{'D1'},,,,,,,,&,5.0,&
{'R3'},{'D6'},{'D1'},{'R2'},,,,,,,&,1.0,&
{'R3'},{'D6'},{'D1'},{'R2'},{'D3'},{'D7'},{'D5'},{'R1'},{'D2'},{'D4'},&,1.0,&
{'R3'},{'D6'},{'D1'},{'R2'},{'R1'},{'D7'},{'D3'},,,,&,1.0,&
{'R3'},{'D6'},{'D1'},{'D3'},,,,,,,&,1.0,&
{'R3'},{'D6'},{'D1'},{'D3'},{'D5'},{'R1'},,,,,&,1.0,&
{'R3'},{'D6'},{'D1'},{'D3'},{'R2'},{'D2'},,,,,&,1.0,&
{'R3'},{'D6'},{'D1'},{'D3'},{'R2'},{'D2'},{'R1'},,,,&,1.0,&
{'R3'},{'D6'},{'D1'},{'D3'},{'R2'},{'R1'},{'D2'},{'D5'},,,&,1.0,&
{'R3'},{'D6'},{'D1'},{'D7'},{'D3'},{'D2'},,,,,&,1.0,&
{'R3'},{'D6'},{'D1'},{'D2'},,,,,,,&,3.0,&
{'R3'},{'D6'},{'D1'},{'D2'},{'D3'},,,,,,&,1.0,&
{'R3'},{'D6'},{'D1'},{'D2'},{'R2'},{'D3'},,,,,&,1.0,&
{'R3'},{'D6'},{'D1'},{'D2'},{'R2'},{'D3'},{'D7'},,,,&,1.0,&
{'R3'},{'D6'},{'D1'},{'D2'},{'R2'},{'R1'},,,,,&,1.0,&
{'R3'},{'D6'},{'D1'},{'D2'},{'R2'},{'R1'},{'D3'},,,,&,1.0,&
{'R3'},{'D6'},{'D1'},{'D2'},{'D4'},{'D7'},{'D3'},,,,&,1.0,&
{'R3'},{'D6'},{'D7'},{'R2'},,,,,,,&,1.0,&
{'R3'},{'D6'},{'D7'},{'R2'},{'R1'},,,,,,&,1.0,&
{'R3'},{'D6'},{'D7'},{'D1'},{'D2'},{'D3'},{'R2'},{'R1'},,,&,1.0,&
{'R3'},{'D6'},{'D7'},{'D2'},{'D1'},{'D3'},{'D5'},{'R2'},{'R1'},{'D4'},&,1.0,&
{'R3'},{'D6'},{'D7'},{'D2'},{'R2'},{'D1'},{'D3'},{'D5'},,,&,1.0,&
{'R3'},{'D6'},{'R2'},,,,,,,,&,9.0,&
{'R3'},{'D6'},{'R2'},{'D1'},{'D2'},{'D3'},{'D5'},{'D4'},{'R1'},{'D7'},&,1.0,&
{'R3'},{'D6'},{'R2'},{'D1'},{'D2'},{'R1'},{'D7'},{'D3'},,,&,1.0,&
{'R3'},{'D6'},{'R2'},{'D1'},{'D3'},,,,,,&,1.0,&
{'R3'},{'D6'},{'R2'},{'D1'},{'R1'},,,,,,&,2.0,&
{'R3'},{'D6'},{'R2'},{'D1'},{'R1'},{'D5'},{'D2'},{'D3'},{'D7'},{'D4'},&,1.0,&
{'R3'},{'D6'},{'R2'},{'D1'},{'R1'},{'D3'},{'D7'},{'D2'},{'D4'},{'D5'},&,1.0,&
{'R3'},{'D6'},{'R2'},{'D3'},,,,,,,&,1.0,&
{'R3'},{'D6'},{'R2'},{'D3'},{'D1'},{'D2'},{'R1'},{'D5'},,,&,1.0,&
{'R3'},{'D6'},{'R2'},{'D3'},{'D1'},{'R1'},{'D2'},{'D5'},{'D7'},,&,1.0,&
{'R3'},{'D6'},{'R2'},{'D4'},{'D1'},{'R1'},{'D2'},{'D3'},{'D7'},,&,1.0,&
{'R3'},{'D6'},{'R2'},{'D7'},{'D2'},{'D3'},{'R1'},{'D1'},,,&,1.0,&
{'R3'},{'D6'},{'R2'},{'D7'},{'D4'},{'R1'},{'D2'},{'D1'},{'D3'},{'D5'},&,1.0,&
{'R3'},{'D6'},{'R2'},{'R1'},,,,,,,&,2.0,&
{'R3'},{'D6'},{'R2'},{'R1'},{'D2'},,,,,,&,1.0,&
{'R3'},{'D6'},{'R2'},{'R1'},{'D2'},{'D3'},,,,,&,1.0,&
{'R3'},{'D6'},{'R2'},{'R1'},{'D2'},{'D3'},{'D1'},{'D7'},{'D4'},{'D5'},&,1.0,&
{'R3'},{'D6'},{'R2'},{'R1'},{'D3'},,,,,,&,1.0,&
{'R3'},{'D6'},{'R2'},{'R1'},{'D3'},{'D1'},{'D7'},,,,&,1.0,&
{'R3'},{'D6'},{'R2'},{'R1'},{'D3'},{'D1'},{'D2'},{'D5'},{'D7'},{'D4'},&,1.0,&
{'R3'},{'D6'},{'R2'},{'R1'},{'D3'},{'D2'},,,,,&,1.0,&
{'R3'},{'D6'},{'R2'},{'R1'},{'D3'},{'D2'},{'D7'},,,,&,1.0,&
{'R3'},{'D6'},{'R2'},{'R1'},{'D3'},{'D2'},{'D1'},,,,&,1.0,&
{'R3'},{'D6'},{'R2'},{'R1'},{'D1'},,,,,,&,1.0,&
{'R3'},{'D6'},{'R2'},{'R1'},{'D1'},{'D2'},,,,,&,1.0,&
{'R3'},{'D6'},{'R2'},{'R1'},{'D1'},{'D2'},{'D3'},,,,&,1.0,&
{'R3'},{'D6'},{'R2'},{'R1'},{'D1'},{'D2'},{'D3'},{'D7'},{'D5'},{'D4'},&,1.0,&
{'R3'},{'D6'},{'R2'},{'R1'},{'D4'},,,,,,&,1.0,&
{'R3'},{'D6'},{'R2'},{'D2'},,,,,,,&,1.0,&
{'R3'},{'D6'},{'R2'},{'D2'},{'D3'},{'D7'},{'D1'},,,,&,1.0,&
{'R3'},{'D6'},{'R2'},{'D2'},{'D1'},,,,,,&,1.0,&
{'R3'},{'D6'},{'D2'},,,,,,,,&,4.0,&
{'R3'},{'D6'},{'D2'},{'R2'},,,,,,,&,1.0,&
{'R3'},{'D6'},{'D2'},{'R2'},{'D3'},,,,,,&,1.0,&
{'R3'},{'D6'},{'D2'},{'R2'},{'R1'},{'D1'},,,,,&,2.0,&
{'R3'},{'D6'},{'D2'},{'R2'},{'R1'},{'D5'},{'D3'},{'D7'},,,&,1.0,&
{'R3'},{'D6'},{'D2'},{'R2'},{'R1'},{'D3'},,,,,&,1.0,&
{'R3'},{'D6'},{'D2'},{'R2'},{'D1'},{'D3'},{'D4'},{'D7'},{'R1'},{'D5'},&,1.0,&
{'R3'},{'D6'},{'D2'},{'R2'},{'D1'},{'R1'},,,,,&,1.0,&
{'R3'},{'D6'},{'D2'},{'D1'},{'D3'},,,,,,&,1.0,&
{'R3'},{'D6'},{'D2'},{'D1'},{'D3'},{'D7'},,,,,&,1.0,&
{'R3'},{'D6'},{'D2'},{'D1'},{'D3'},{'D5'},{'R2'},{'D4'},,,&,1.0,&
{'R3'},{'D6'},{'D2'},{'D1'},{'R2'},,,,,,&,1.0,&
{'R3'},{'D6'},{'D2'},{'D1'},{'R2'},{'D3'},{'D5'},,,,&,1.0,&
{'R3'},{'D6'},{'D2'},{'D1'},{'R2'},{'D3'},{'D4'},,,,&,1.0,&
{'R3'},{'D6'},{'D2'},{'D1'},{'R2'},{'D3'},{'D4'},{'R1'},,,&,1.0,&
{'R3'},{'D6'},{'D2'},{'D3'},,,,,,,&,1.0,&
{'R3'},{'D6'},{'D2'},{'D3'},{'D7'},{'R2'},{'R1'},,,,&,1.0,&
{'R3'},{'D6'},{'D2'},{'D3'},{'D1'},{'D7'},{'D5'},{'D4'},,,&,1.0,&
{'R3'},{'D6'},{'D2'},{'D3'},{'D1'},{'D5'},{'D7'},{'R2'},{'D4'},,&,1.0,&
{'R3'},{'D6'},{'D2'},{'D3'},{'D1'},{'R2'},,,,,&,1.0,&
{'R3'},{'D6'},{'D2'},{'D3'},{'D1'},{'R2'},{'R1'},{'D5'},,,&,1.0,&
{'R3'},{'D6'},{'D2'},{'D3'},{'R2'},{'D1'},{'D7'},{'D5'},{'D4'},,&,1.0,&
{'R3'},{'D6'},{'D2'},{'D3'},{'R2'},{'D1'},{'D5'},{'D7'},{'R1'},{'D4'},&,1.0,&
{'R3'},{'D6'},{'D2'},{'D3'},{'D4'},{'R2'},{'D1'},,,,&,1.0,&
{'R3'},{'D6'},{'D2'},{'D7'},{'D5'},{'D3'},,,,,&,1.0,&
{'R3'},{'D6'},{'D2'},{'R1'},,,,,,,&,1.0,&
{'R3'},{'D6'},{'D2'},{'R1'},{'D3'},{'R2'},,,,,&,1.0,&
{'R3'},{'D6'},{'D2'},{'R1'},{'D3'},{'R2'},{'D1'},{'D5'},,,&,1.0,&
{'R3'},{'D6'},{'D2'},{'R1'},{'R2'},,,,,,&,1.0,&
{'R3'},{'D5'},,,,,,,,,&,8.0,&
{'R3'},{'D5'},{'R1'},,,,,,,,&,1.0,&
{'R3'},{'D5'},{'R1'},{'D1'},{'D2'},{'D3'},,,,,&,1.0,&
{'R3'},{'D5'},{'R1'},{'D3'},{'D2'},{'D7'},,,,,&,1.0,&
{'R3'},{'D5'},{'R1'},{'D3'},{'D2'},{'D6'},{'D1'},{'D4'},{'D7'},{'R2'},&,1.0,&
{'R3'},{'D5'},{'R1'},{'D2'},,,,,,,&,1.0,&
{'R3'},{'D5'},{'D6'},{'R2'},{'R1'},{'D2'},,,,,&,1.0,&
{'R3'},{'D5'},{'D6'},{'D1'},{'D3'},{'R1'},{'R2'},{'D2'},,,&,1.0,&
{'R3'},{'D5'},{'D3'},,,,,,,,&,3.0,&
{'R3'},{'D5'},{'D3'},{'R2'},{'D2'},,,,,,&,1.0,&
{'R3'},{'D5'},{'D3'},{'R2'},{'D2'},{'D6'},,,,,&,1.0,&
{'R3'},{'D5'},{'D3'},{'D1'},{'D2'},{'D7'},,,,,&,1.0,&
{'R3'},{'D5'},{'D3'},{'D1'},{'D2'},{'D7'},{'D4'},{'R1'},,,&,1.0,&
{'R3'},{'D5'},{'D3'},{'D1'},{'D2'},{'R2'},{'R1'},{'D6'},,,&,1.0,&
{'R3'},{'D5'},{'D3'},{'D1'},{'D2'},{'D6'},,,,,&,1.0,&
{'R3'},{'D5'},{'D3'},{'D1'},{'D2'},{'D6'},{'R2'},{'D4'},{'R1'},,&,1.0,&
{'R3'},{'D5'},{'D3'},{'D1'},{'R2'},{'D2'},{'D4'},{'D7'},,,&,1.0,&
{'R3'},{'D5'},{'D3'},{'R1'},{'D4'},{'R2'},{'D1'},{'D2'},,,&,1.0,&
{'R3'},{'D5'},{'D3'},{'D6'},{'D1'},{'R2'},{'D2'},{'R1'},,,&,1.0,&
{'R3'},{'D5'},{'D3'},{'D2'},{'D1'},,,,,,&,1.0,&
{'R3'},{'D5'},{'D3'},{'D2'},{'D1'},{'D7'},{'D6'},{'D4'},{'R2'},{'R1'},&,1.0,&
{'R3'},{'D5'},{'D3'},{'D2'},{'D1'},{'D6'},,,,,&,1.0,&
{'R3'},{'D5'},{'D3'},{'D2'},{'R2'},,,,,,&,1.0,&
{'R3'},{'D5'},{'D3'},{'D2'},{'R2'},{'D1'},{'R1'},{'D4'},{'D7'},{'D6'},&,1.0,&
{'R3'},{'D5'},{'D1'},,,,,,,,&,1.0,&
{'R3'},{'D5'},{'D1'},{'R2'},{'D6'},{'R1'},{'D2'},{'D3'},{'D7'},{'D4'},&,1.0,&
{'R3'},{'D5'},{'D1'},{'R2'},{'D3'},{'D2'},{'R1'},{'D6'},,,&,1.0,&
{'R3'},{'D5'},{'D1'},{'R2'},{'D3'},{'R1'},,,,,&,1.0,&
{'R3'},{'D5'},{'D1'},{'R2'},{'R1'},,,,,,&,2.0,&
{'R3'},{'D5'},{'D1'},{'R2'},{'R1'},{'D2'},,,,,&,1.0,&
{'R3'},{'D5'},{'D1'},{'R2'},{'R1'},{'D2'},{'D3'},,,,&,1.0,&
{'R3'},{'D5'},{'D1'},{'R2'},{'R1'},{'D3'},{'D4'},{'D6'},{'D7'},{'D2'},&,1.0,&
{'R3'},{'D5'},{'D1'},{'D3'},{'R1'},{'D2'},{'D4'},,,,&,1.0,&
{'R3'},{'D5'},{'D1'},{'D3'},{'R2'},{'R1'},,,,,&,1.0,&
{'R3'},{'D5'},{'D1'},{'R1'},,,,,,,&,1.0,&
{'R3'},{'D5'},{'D1'},{'R1'},{'R2'},{'D2'},{'D3'},{'D6'},{'D7'},{'D4'},&,1.0,&
{'R3'},{'D5'},{'D1'},{'D2'},{'D3'},{'R2'},,,,,&,1.0,&
{'R3'},{'D5'},{'D1'},{'D2'},{'R1'},{'R2'},{'D3'},{'D7'},{'D6'},,&,1.0,&
{'R3'},{'D5'},{'D1'},{'D2'},{'R2'},{'R1'},,,,,&,1.0,&
{'R3'},{'D5'},{'D7'},{'D1'},{'R1'},{'R2'},{'D3'},{'D2'},,,&,1.0,&
{'R3'},{'D5'},{'R2'},,,,,,,,&,4.0,&
{'R3'},{'D5'},{'R2'},{'D1'},,,,,,,&,2.0,&
{'R3'},{'D5'},{'R2'},{'D1'},{'D2'},{'R1'},,,,,&,1.0,&
{'R3'},{'D5'},{'R2'},{'D1'},{'D6'},{'D3'},{'R1'},,,,&,1.0,&
{'R3'},{'D5'},{'R2'},{'D1'},{'D3'},{'D2'},{'R1'},{'D6'},,,&,1.0,&
{'R3'},{'D5'},{'R2'},{'D1'},{'D3'},{'D2'},{'D6'},,,,&,1.0,&
{'R3'},{'D5'},{'R2'},{'D1'},{'D3'},{'D2'},{'D4'},{'D6'},{'D7'},,&,1.0,&
{'R3'},{'D5'},{'R2'},{'D1'},{'R1'},{'D2'},{'D3'},{'D6'},{'D7'},{'D4'},&,1.0,&
{'R3'},{'D5'},{'R2'},{'D1'},{'R1'},{'D3'},,,,,&,1.0,&
{'R3'},{'D5'},{'R2'},{'D3'},,,,,,,&,1.0,&
{'R3'},{'D5'},{'R2'},{'D3'},{'R1'},{'D2'},,,,,&,1.0,&
{'R3'},{'D5'},{'R2'},{'D3'},{'D1'},{'D2'},{'D6'},{'D7'},{'D4'},,&,1.0,&
{'R3'},{'D5'},{'R2'},{'D3'},{'D1'},{'R1'},,,,,&,1.0,&
{'R3'},{'D5'},{'R2'},{'D3'},{'D1'},{'R1'},{'D2'},{'D7'},{'D6'},{'D4'},&,1.0,&
{'R3'},{'D5'},{'R2'},{'D4'},{'D6'},{'D2'},{'D3'},,,,&,1.0,&
{'R3'},{'D5'},{'R2'},{'D4'},{'R1'},{'D6'},{'D1'},{'D3'},,,&,1.0,&
{'R3'},{'D5'},{'R2'},{'D7'},,,,,,,&,1.0,&
{'R3'},{'D5'},{'R2'},{'R1'},,,,,,,&,2.0,&
{'R3'},{'D5'},{'R2'},{'R1'},{'D2'},{'D1'},{'D3'},{'D6'},,,&,2.0,&
{'R3'},{'D5'},{'R2'},{'R1'},{'D2'},{'D6'},{'D3'},{'D1'},{'D7'},{'D4'},&,1.0,&
{'R3'},{'D5'},{'R2'},{'R1'},{'D3'},,,,,,&,1.0,&
{'R3'},{'D5'},{'R2'},{'R1'},{'D3'},{'D6'},,,,,&,1.0,&
{'R3'},{'D5'},{'R2'},{'R1'},{'D1'},{'D3'},{'D2'},{'D7'},,,&,1.0,&
{'R3'},{'D5'},{'R2'},{'R1'},{'D4'},{'D3'},,,,,&,2.0,&
{'R3'},{'D5'},{'R2'},{'D6'},{'D2'},,,,,,&,1.0,&
{'R3'},{'D5'},{'R2'},{'D2'},{'R1'},{'D6'},{'D3'},{'D1'},{'D7'},{'D4'},&,1.0,&
{'R3'},{'D5'},{'R2'},{'D2'},{'D1'},,,,,,&,1.0,&
{'R3'},{'D5'},{'D2'},,,,,,,,&,4.0,&
{'R3'},{'D5'},{'D2'},{'R2'},,,,,,,&,4.0,&
{'R3'},{'D5'},{'D2'},{'R2'},{'D6'},{'D1'},,,,,&,1.0,&
{'R3'},{'D5'},{'D2'},{'R2'},{'D3'},{'D1'},{'R1'},{'D6'},,,&,1.0,&
{'R3'},{'D5'},{'D2'},{'R2'},{'D3'},{'D1'},{'R1'},{'D6'},{'D7'},,&,1.0,&
{'R3'},{'D5'},{'D2'},{'R2'},{'R1'},,,,,,&,2.0,&
{'R3'},{'D5'},{'D2'},{'R2'},{'R1'},{'D6'},{'D1'},{'D4'},{'D7'},,&,1.0,&
{'R3'},{'D5'},{'D2'},{'R2'},{'R1'},{'D3'},,,,,&,1.0,&
{'R3'},{'D5'},{'D2'},{'D1'},,,,,,,&,2.0,&
{'R3'},{'D5'},{'D2'},{'D1'},{'D3'},{'D6'},{'D7'},{'D4'},,,&,1.0,&
{'R3'},{'D5'},{'D2'},{'D1'},{'D3'},{'D4'},{'R2'},{'D7'},,,&,1.0,&
{'R3'},{'D5'},{'D2'},{'D1'},{'R2'},,,,,,&,2.0,&
{'R3'},{'D5'},{'D2'},{'D1'},{'R2'},{'D3'},{'D4'},,,,&,1.0,&
{'R3'},{'D5'},{'D2'},{'D3'},{'D1'},{'R2'},,,,,&,1.0,&
{'R3'},{'D5'},{'D2'},{'D3'},{'D1'},{'D6'},{'R2'},{'R1'},{'D7'},{'D4'},&,1.0,&
{'R3'},{'D5'},{'D2'},{'D3'},{'R2'},,,,,,&,1.0,&
{'R3'},{'D5'},{'D2'},{'D3'},{'R2'},{'R1'},{'D1'},{'D6'},{'D4'},,&,1.0,&
{'R3'},{'D5'},{'D2'},{'D7'},{'D6'},{'R2'},,,,,&,1.0,&
{'R3'},{'D5'},{'D2'},{'D7'},{'R2'},{'R1'},{'D3'},{'D1'},{'D6'},,&,1.0,&
{'R3'},{'D5'},{'D2'},{'R1'},,,,,,,&,1.0,&
{'R3'},{'D5'},{'D2'},{'R1'},{'D3'},{'R2'},,,,,&,1.0,&
{'R3'},{'D5'},{'D2'},{'R1'},{'D1'},,,,,,&,1.0,&
{'R3'},{'D5'},{'D4'},,,,,,,,&,1.0,&
{'R3'},{'R1'},,,,,,,,,&,30.0,&
{'R3'},{'R1'},{'D6'},,,,,,,,&,2.0,&
{'R3'},{'R1'},{'D6'},{'R2'},,,,,,,&,1.0,&
{'R3'},{'R1'},{'D6'},{'R2'},{'D3'},{'D1'},{'D2'},,,,&,1.0,&
{'R3'},{'R1'},{'D6'},{'D1'},{'D7'},{'R2'},{'D2'},{'D5'},{'D3'},,&,1.0,&
{'R3'},{'R1'},{'D6'},{'D3'},{'D2'},{'D1'},{'R2'},{'D7'},{'D5'},{'D4'},&,1.0,&
{'R3'},{'R1'},{'D6'},{'D3'},{'D2'},{'D1'},{'D4'},{'D5'},{'D7'},{'R2'},&,1.0,&
{'R3'},{'R1'},{'D6'},{'D2'},,,,,,,&,1.0,&
{'R3'},{'R1'},{'D3'},,,,,,,,&,5.0,&
{'R3'},{'R1'},{'D3'},{'R2'},,,,,,,&,3.0,&
{'R3'},{'R1'},{'D3'},{'R2'},{'D2'},{'D1'},{'D5'},{'D7'},{'D6'},,&,1.0,&
{'R3'},{'R1'},{'D3'},{'R2'},{'D2'},{'D1'},{'D6'},{'D5'},,,&,1.0,&
{'R3'},{'R1'},{'D3'},{'R2'},{'D2'},{'D5'},,,,,&,2.0,&
{'R3'},{'R1'},{'D3'},{'R2'},{'D2'},{'D5'},{'D7'},{'D1'},,,&,1.0,&
{'R3'},{'R1'},{'D3'},{'R2'},{'D2'},{'D6'},{'D1'},{'D7'},{'D5'},{'D4'},&,1.0,&
{'R3'},{'R1'},{'D3'},{'R2'},{'D1'},{'D7'},,,,,&,1.0,&
{'R3'},{'R1'},{'D3'},{'R2'},{'D1'},{'D7'},{'D2'},{'D5'},,,&,1.0,&
{'R3'},{'R1'},{'D3'},{'R2'},{'D1'},{'D6'},{'D2'},{'D5'},{'D4'},{'D7'},&,1.0,&
{'R3'},{'R1'},{'D3'},{'R2'},{'D1'},{'D2'},,,,,&,1.0,&
{'R3'},{'R1'},{'D3'},{'R2'},{'D1'},{'D2'},{'D6'},{'D7'},{'D5'},,&,1.0,&
{'R3'},{'R1'},{'D3'},{'R2'},{'D1'},{'D2'},{'D6'},{'D5'},{'D7'},{'D4'},&,1.0,&
{'R3'},{'R1'},{'D3'},{'D1'},{'D2'},{'D7'},{'D6'},{'D4'},,,&,1.0,&
{'R3'},{'R1'},{'D3'},{'D1'},{'D2'},{'R2'},{'D4'},{'D6'},{'D7'},,&,1.0,&
{'R3'},{'R1'},{'D3'},{'D1'},{'D7'},{'D2'},{'D6'},{'D5'},{'D4'},{'R2'},&,1.0,&
{'R3'},{'R1'},{'D3'},{'D5'},{'D2'},,,,,,&,1.0,&
{'R3'},{'R1'},{'D3'},{'D5'},{'R2'},{'D1'},{'D2'},{'D6'},,,&,1.0,&
{'R3'},{'R1'},{'D3'},{'D6'},{'D1'},{'D2'},{'D5'},,,,&,1.0,&
{'R3'},{'R1'},{'D3'},{'D6'},{'R2'},{'D2'},{'D1'},{'D5'},{'D4'},{'D7'},&,1.0,&
{'R3'},{'R1'},{'D3'},{'D2'},,,,,,,&,1.0,&
{'R3'},{'R1'},{'D3'},{'D2'},{'D7'},{'D1'},{'D5'},{'D6'},{'R2'},,&,1.0,&
{'R3'},{'R1'},{'D3'},{'D2'},{'D5'},{'D1'},{'R2'},{'D6'},{'D7'},{'D4'},&,1.0,&
{'R3'},{'R1'},{'D3'},{'D2'},{'D1'},{'R2'},,,,,&,1.0,&
{'R3'},{'R1'},{'D3'},{'D2'},{'D1'},{'R2'},{'D7'},,,,&,1.0,&
{'R3'},{'R1'},{'D3'},{'D2'},{'R2'},{'D1'},{'D4'},{'D6'},,,&,1.0,&
{'R3'},{'R1'},{'D3'},{'D2'},{'R2'},{'D6'},,,,,&,1.0,&
{'R3'},{'R1'},{'D5'},,,,,,,,&,2.0,&
{'R3'},{'R1'},{'D5'},{'R2'},{'D3'},,,,,,&,1.0,&
{'R3'},{'R1'},{'D5'},{'R2'},{'D3'},{'D2'},{'D1'},,,,&,1.0,&
{'R3'},{'R1'},{'D5'},{'D1'},{'D2'},{'D3'},{'R2'},,,,&,1.0,&
{'R3'},{'R1'},{'D5'},{'D4'},{'R2'},{'D3'},,,,,&,1.0,&
{'R3'},{'R1'},{'D5'},{'D2'},{'D1'},{'D3'},{'R2'},,,,&,1.0,&
{'R3'},{'R1'},{'D1'},,,,,,,,&,8.0,&
{'R3'},{'R1'},{'D1'},{'R2'},,,,,,,&,5.0,&
{'R3'},{'R1'},{'D1'},{'R2'},{'D2'},,,,,,&,1.0,&
{'R3'},{'R1'},{'D1'},{'R2'},{'D2'},{'D7'},,,,,&,1.0,&
{'R3'},{'R1'},{'D1'},{'R2'},{'D2'},{'D6'},{'D7'},{'D3'},,,&,1.0,&
{'R3'},{'R1'},{'D1'},{'R2'},{'D2'},{'D3'},{'D7'},{'D6'},{'D4'},{'D5'},&,1.0,&
{'R3'},{'R1'},{'D1'},{'R2'},{'D6'},,,,,,&,1.0,&
{'R3'},{'R1'},{'D1'},{'R2'},{'D7'},{'D3'},{'D2'},{'D5'},{'D6'},,&,1.0,&
{'R3'},{'R1'},{'D1'},{'R2'},{'D3'},{'D2'},,,,,&,1.0,&
{'R3'},{'R1'},{'D1'},{'R2'},{'D3'},{'D2'},{'D5'},{'D7'},{'D6'},,&,1.0,&
{'R3'},{'R1'},{'D1'},{'R2'},{'D5'},,,,,,&,1.0,&
{'R3'},{'R1'},{'D1'},{'D5'},,,,,,,&,1.0,&
{'R3'},{'R1'},{'D1'},{'D3'},{'D2'},,,,,,&,1.0,&
{'R3'},{'R1'},{'D1'},{'D3'},{'D2'},{'R2'},{'D7'},{'D6'},{'D5'},{'D4'},&,1.0,&
{'R3'},{'R1'},{'D1'},{'D3'},{'D2'},{'D6'},{'R2'},,,,&,1.0,&
{'R3'},{'R1'},{'D1'},{'D7'},{'D2'},{'R2'},{'D5'},{'D3'},,,&,1.0,&
{'R3'},{'R1'},{'D1'},{'D6'},,,,,,,&,1.0,&
{'R3'},{'R1'},{'D1'},{'D6'},{'D2'},{'D7'},{'R2'},,,,&,1.0,&
{'R3'},{'R1'},{'D1'},{'D6'},{'D3'},{'D7'},{'D2'},{'D4'},{'D5'},{'R2'},&,1.0,&
{'R3'},{'R1'},{'D1'},{'D2'},,,,,,,&,2.0,&
{'R3'},{'R1'},{'D1'},{'D2'},{'D7'},{'D3'},{'D5'},{'D4'},{'R2'},{'D6'},&,1.0,&
{'R3'},{'R1'},{'D1'},{'D2'},{'D3'},{'R2'},{'D7'},{'D5'},{'D6'},,&,1.0,&
{'R3'},{'R1'},{'D1'},{'D2'},{'D3'},{'R2'},{'D6'},{'D7'},{'D4'},{'D5'},&,1.0,&
{'R3'},{'R1'},{'D7'},,,,,,,,&,1.0,&
{'R3'},{'R1'},{'D7'},{'R2'},,,,,,,&,1.0,&
{'R3'},{'R1'},{'D7'},{'R2'},{'D6'},,,,,,&,1.0,&
{'R3'},{'R1'},{'D7'},{'D3'},{'D2'},{'D1'},{'R2'},{'D6'},,,&,1.0,&
{'R3'},{'R1'},{'D7'},{'D3'},{'R2'},{'D5'},{'D2'},,,,&,1.0,&
{'R3'},{'R1'},{'R2'},,,,,,,,&,40.0,&
{'R3'},{'R1'},{'R2'},{'D1'},,,,,,,&,5.0,&
{'R3'},{'R1'},{'R2'},{'D1'},{'D2'},{'D7'},{'D3'},,,,&,1.0,&
{'R3'},{'R1'},{'R2'},{'D1'},{'D2'},{'D3'},,,,,&,3.0,&
{'R3'},{'R1'},{'R2'},{'D1'},{'D2'},{'D3'},{'D4'},{'D6'},{'D7'},{'D5'},&,1.0,&
{'R3'},{'R1'},{'R2'},{'D1'},{'D6'},{'D2'},{'D3'},{'D5'},{'D4'},{'D7'},&,1.0,&
{'R3'},{'R1'},{'R2'},{'D1'},{'D6'},{'D4'},{'D2'},,,,&,1.0,&
{'R3'},{'R1'},{'R2'},{'D1'},{'D7'},,,,,,&,1.0,&
{'R3'},{'R1'},{'R2'},{'D1'},{'D7'},{'D3'},{'D2'},,,,&,1.0,&
{'R3'},{'R1'},{'R2'},{'D1'},{'D3'},,,,,,&,5.0,&
{'R3'},{'R1'},{'R2'},{'D1'},{'D3'},{'D2'},{'D7'},,,,&,1.0,&
{'R3'},{'R1'},{'R2'},{'D1'},{'D3'},{'D2'},{'D6'},,,,&,1.0,&
{'R3'},{'R1'},{'R2'},{'D1'},{'D3'},{'D2'},{'D6'},{'D7'},,,&,1.0,&
{'R3'},{'R1'},{'R2'},{'D1'},{'D3'},{'D2'},{'D6'},{'D5'},,,&,1.0,&
{'R3'},{'R1'},{'R2'},{'D1'},{'D5'},,,,,,&,2.0,&
{'R3'},{'R1'},{'R2'},{'D1'},{'D5'},{'D2'},{'D3'},{'D4'},{'D7'},{'D6'},&,1.0,&
{'R3'},{'R1'},{'R2'},{'D5'},,,,,,,&,1.0,&
{'R3'},{'R1'},{'R2'},{'D5'},{'D3'},{'D2'},,,,,&,1.0,&
{'R3'},{'R1'},{'R2'},{'D5'},{'D3'},{'D2'},{'D1'},{'D7'},{'D6'},{'D4'},&,1.0,&
{'R3'},{'R1'},{'R2'},{'D5'},{'D1'},{'D3'},{'D2'},{'D7'},,,&,1.0,&
{'R3'},{'R1'},{'R2'},{'D3'},,,,,,,&,5.0,&
{'R3'},{'R1'},{'R2'},{'D3'},{'D2'},,,,,,&,3.0,&
{'R3'},{'R1'},{'R2'},{'D3'},{'D2'},{'D1'},{'D7'},{'D6'},{'D5'},{'D4'},&,1.0,&
{'R3'},{'R1'},{'R2'},{'D3'},{'D2'},{'D7'},{'D1'},,,,&,1.0,&
{'R3'},{'R1'},{'R2'},{'D3'},{'D2'},{'D5'},{'D6'},{'D1'},{'D4'},{'D7'},&,1.0,&
{'R3'},{'R1'},{'R2'},{'D3'},{'D6'},{'D1'},{'D2'},{'D5'},,,&,1.0,&
{'R3'},{'R1'},{'R2'},{'D3'},{'D7'},{'D2'},{'D1'},{'D5'},,,&,1.0,&
{'R3'},{'R1'},{'R2'},{'D3'},{'D5'},{'D2'},{'D1'},{'D7'},{'D4'},,&,1.0,&
{'R3'},{'R1'},{'R2'},{'D3'},{'D1'},,,,,,&,1.0,&
{'R3'},{'R1'},{'R2'},{'D3'},{'D1'},{'D2'},{'D5'},{'D6'},{'D7'},{'D4'},&,1.0,&
{'R3'},{'R1'},{'R2'},{'D3'},{'D1'},{'D2'},{'D5'},{'D6'},{'D4'},{'D7'},&,1.0,&
{'R3'},{'R1'},{'R2'},{'D4'},{'D1'},{'D3'},{'D5'},{'D2'},{'D6'},{'D7'},&,1.0,&
{'R3'},{'R1'},{'R2'},{'D7'},{'D3'},,,,,,&,1.0,&
{'R3'},{'R1'},{'R2'},{'D7'},{'D3'},{'D1'},{'D2'},{'D5'},{'D4'},{'D6'},&,1.0,&
{'R3'},{'R1'},{'R2'},{'D7'},{'D3'},{'D5'},{'D2'},{'D1'},,,&,1.0,&
{'R3'},{'R1'},{'R2'},{'D7'},{'D3'},{'D2'},,,,,&,1.0,&
{'R3'},{'R1'},{'R2'},{'D6'},{'D2'},{'D1'},{'D3'},{'D7'},{'D4'},{'D5'},&,1.0,&
{'R3'},{'R1'},{'R2'},{'D2'},,,,,,,&,5.0,&
{'R3'},{'R1'},{'R2'},{'D2'},{'D6'},{'D1'},{'D7'},{'D3'},,,&,1.0,&
{'R3'},{'R1'},{'R2'},{'D2'},{'D6'},{'D1'},{'D5'},,,,&,1.0,&
{'R3'},{'R1'},{'R2'},{'D2'},{'D6'},{'D7'},{'D3'},{'D1'},{'D5'},{'D4'},&,1.0,&
{'R3'},{'R1'},{'R2'},{'D2'},{'D6'},{'D5'},,,,,&,1.0,&
{'R3'},{'R1'},{'R2'},{'D2'},{'D7'},,,,,,&,2.0,&
{'R3'},{'R1'},{'R2'},{'D2'},{'D3'},,,,,,&,2.0,&
{'R3'},{'R1'},{'R2'},{'D2'},{'D3'},{'D1'},{'D7'},{'D5'},{'D6'},,&,1.0,&
{'R3'},{'R1'},{'R2'},{'D2'},{'D3'},{'D1'},{'D5'},{'D6'},,,&,1.0,&
{'R3'},{'R1'},{'R2'},{'D2'},{'D3'},{'D1'},{'D6'},,,,&,2.0,&
{'R3'},{'R1'},{'R2'},{'D2'},{'D3'},{'D1'},{'D6'},{'D7'},{'D5'},{'D4'},&,1.0,&
{'R3'},{'R1'},{'R2'},{'D2'},{'D3'},{'D1'},{'D6'},{'D5'},{'D4'},{'D7'},&,1.0,&
{'R3'},{'R1'},{'R2'},{'D2'},{'D3'},{'D1'},{'D4'},{'D6'},{'D7'},{'D5'},&,1.0,&
{'R3'},{'R1'},{'R2'},{'D2'},{'D3'},{'D7'},{'D1'},{'D6'},{'D5'},{'D4'},&,1.0,&
{'R3'},{'R1'},{'R2'},{'D2'},{'D3'},{'D5'},,,,,&,1.0,&
{'R3'},{'R1'},{'R2'},{'D2'},{'D3'},{'D5'},{'D1'},,,,&,1.0,&
{'R3'},{'R1'},{'R2'},{'D2'},{'D5'},,,,,,&,2.0,&
{'R3'},{'R1'},{'R2'},{'D2'},{'D5'},{'D6'},{'D1'},{'D3'},{'D4'},{'D7'},&,1.0,&
{'R3'},{'R1'},{'R2'},{'D2'},{'D1'},,,,,,&,3.0,&
{'R3'},{'R1'},{'R2'},{'D2'},{'D1'},{'D7'},{'D6'},{'D3'},{'D5'},,&,1.0,&
{'R3'},{'R1'},{'R2'},{'D2'},{'D1'},{'D6'},,,,,&,1.0,&
{'R3'},{'R1'},{'R2'},{'D2'},{'D1'},{'D3'},{'D7'},{'D6'},{'D5'},{'D4'},&,1.0,&
{'R3'},{'R1'},{'R2'},{'D2'},{'D1'},{'D3'},{'D7'},{'D5'},{'D6'},{'D4'},&,1.0,&
{'R3'},{'R1'},{'R2'},{'D2'},{'D1'},{'D3'},{'D5'},{'D7'},{'D4'},,&,1.0,&
{'R3'},{'R1'},{'R2'},{'D2'},{'D1'},{'D3'},{'D6'},{'D4'},,,&,1.0,&
{'R3'},{'R1'},{'D2'},,,,,,,,&,13.0,&
{'R3'},{'R1'},{'D2'},{'R2'},,,,,,,&,6.0,&
{'R3'},{'R1'},{'D2'},{'R2'},{'D7'},{'D1'},,,,,&,1.0,&
{'R3'},{'R1'},{'D2'},{'R2'},{'D1'},{'D6'},{'D3'},,,,&,1.0,&
{'R3'},{'R1'},{'D2'},{'R2'},{'D1'},{'D3'},,,,,&,2.0,&
{'R3'},{'R1'},{'D2'},{'R2'},{'D1'},{'D3'},{'D4'},{'D7'},{'D6'},{'D5'},&,1.0,&
{'R3'},{'R1'},{'D2'},{'D1'},{'D6'},{'D5'},{'D3'},{'R2'},{'D7'},{'D4'},&,1.0,&
{'R3'},{'R1'},{'D2'},{'D1'},{'D7'},{'D5'},{'D6'},{'R2'},{'D3'},{'D4'},&,1.0,&
{'R3'},{'R1'},{'D2'},{'D1'},{'D3'},{'D5'},{'R2'},{'D7'},,,&,1.0,&
{'R3'},{'R1'},{'D2'},{'D1'},{'D3'},{'R2'},,,,,&,1.0,&
{'R3'},{'R1'},{'D2'},{'D1'},{'R2'},{'D5'},{'D3'},{'D6'},{'D7'},{'D4'},&,1.0,&
{'R3'},{'R1'},{'D2'},{'D1'},{'R2'},{'D3'},,,,,&,1.0,&
{'R3'},{'R1'},{'D2'},{'D1'},{'R2'},{'D3'},{'D6'},,,,&,1.0,&
{'R3'},{'R1'},{'D2'},{'D5'},{'D1'},{'D7'},{'R2'},{'D6'},,,&,1.0,&
{'R3'},{'R1'},{'D2'},{'D5'},{'R2'},{'D3'},,,,,&,1.0,&
{'R3'},{'R1'},{'D2'},{'D3'},,,,,,,&,5.0,&
{'R3'},{'R1'},{'D2'},{'D3'},{'D7'},{'D5'},{'D1'},{'D4'},,,&,1.0,&
{'R3'},{'R1'},{'D2'},{'D3'},{'D5'},{'D7'},{'R2'},,,,&,1.0,&
{'R3'},{'R1'},{'D2'},{'D3'},{'D1'},,,,,,&,2.0,&
{'R3'},{'R1'},{'D2'},{'D3'},{'D1'},{'D7'},,,,,&,1.0,&
{'R3'},{'R1'},{'D2'},{'D3'},{'D1'},{'R2'},,,,,&,1.0,&
{'R3'},{'R1'},{'D2'},{'D3'},{'D1'},{'R2'},{'D6'},{'D7'},{'D5'},{'D4'},&,1.0,&
{'R3'},{'R1'},{'D2'},{'D3'},{'R2'},,,,,,&,3.0,&
{'R3'},{'R1'},{'D2'},{'D3'},{'R2'},{'D1'},{'D7'},{'D6'},,,&,1.0,&
{'R3'},{'R1'},{'D2'},{'D6'},{'D3'},{'R2'},{'D1'},{'D4'},{'D7'},{'D5'},&,1.0,&
{'R3'},{'R1'},{'D2'},{'D6'},{'D1'},{'D3'},{'D7'},{'R2'},{'D4'},,&,1.0,&
{'R3'},{'R1'},{'D2'},{'D6'},{'R2'},{'D1'},,,,,&,1.0,&
{'R3'},{'R1'},{'D2'},{'D6'},{'R2'},{'D3'},,,,,&,1.0,&
{'R3'},{'R1'},{'D4'},,,,,,,,&,1.0,&
{'R3'},{'R1'},{'D4'},{'R2'},{'D2'},,,,,,&,1.0,&
{'R3'},{'D4'},,,,,,,,,&,2.0,&
{'R3'},{'D4'},{'R1'},{'D2'},{'D1'},,,,,,&,1.0,&
{'R3'},{'D4'},{'D3'},{'R2'},{'D2'},{'R1'},{'D5'},,,,&,1.0,&
{'R3'},{'D4'},{'D3'},{'R2'},{'D7'},,,,,,&,1.0,&
{'R3'},{'D4'},{'D3'},{'R2'},{'R1'},{'D2'},{'D1'},{'D6'},{'D7'},,&,1.0,&
{'R3'},{'D4'},{'D3'},{'D1'},{'R2'},{'D6'},,,,,&,1.0,&
{'R3'},{'D4'},{'D3'},{'D1'},{'R2'},{'D2'},{'R1'},{'D6'},,,&,1.0,&
{'R3'},{'D4'},{'D1'},{'R2'},{'D6'},{'D2'},{'R1'},{'D3'},{'D7'},{'D5'},&,1.0,&
{'R3'},{'D4'},{'D1'},{'R2'},{'R1'},{'D3'},{'D6'},{'D2'},{'D5'},{'D7'},&,1.0,&
{'R3'},{'D4'},{'D1'},{'R2'},{'D5'},{'D3'},{'D7'},{'D6'},{'R1'},,&,1.0,&
{'R3'},{'D4'},{'D1'},{'D3'},{'D2'},{'R2'},{'D5'},{'R1'},,,&,1.0,&
{'R3'},{'D4'},{'D1'},{'D3'},{'D2'},{'R2'},{'R1'},,,,&,1.0,&
{'R3'},{'D4'},{'D1'},{'D3'},{'D2'},{'R1'},,,,,&,1.0,&
{'R3'},{'D4'},{'D1'},{'D7'},{'R2'},{'R1'},,,,,&,1.0,&
{'R3'},{'D4'},{'D1'},{'D6'},{'R2'},{'D2'},{'R1'},{'D5'},,,&,1.0,&
{'R3'},{'D4'},{'D1'},{'D2'},{'D5'},{'R2'},{'D3'},{'D6'},{'D7'},{'R1'},&,1.0,&
{'R3'},{'D4'},{'D7'},{'D3'},{'D1'},{'D2'},{'D5'},{'R2'},{'D6'},{'R1'},&,1.0,&
{'R3'},{'D4'},{'R2'},,,,,,,,&,1.0,&
{'R3'},{'D4'},{'R2'},{'D1'},,,,,,,&,1.0,&
{'R3'},{'D4'},{'R2'},{'D1'},{'D2'},{'R1'},{'D5'},,,,&,1.0,&
{'R3'},{'D4'},{'R2'},{'D1'},{'R1'},{'D2'},,,,,&,1.0,&
{'R3'},{'D4'},{'R2'},{'D1'},{'R1'},{'D2'},{'D3'},,,,&,1.0,&
{'R3'},{'D4'},{'R2'},{'D3'},{'D5'},{'D6'},{'D2'},{'R1'},,,&,1.0,&
{'R3'},{'D4'},{'R2'},{'R1'},,,,,,,&,1.0,&
{'R3'},{'D4'},{'R2'},{'R1'},{'D3'},{'D5'},{'D6'},{'D1'},{'D2'},,&,1.0,&
{'R3'},{'D4'},{'R2'},{'R1'},{'D1'},{'D2'},{'D3'},{'D7'},,,&,1.0,&
{'R3'},{'D4'},{'R2'},{'D2'},{'D3'},{'D1'},{'D6'},,,,&,1.0,&
{'R3'},{'D4'},{'R2'},{'D2'},{'R1'},{'D3'},{'D5'},{'D1'},,,&,1.0,&
{'R3'},{'D4'},{'D2'},,,,,,,,&,1.0,&
{'R3'},{'D4'},{'D2'},{'D1'},{'D7'},{'R1'},{'D6'},{'D3'},{'R2'},{'D5'},&,1.0,&
{'R3'},{'D4'},{'D2'},{'D1'},{'D5'},,,,,,&,1.0,&
{'R3'},{'D4'},{'D2'},{'D7'},{'R2'},,,,,,&,1.0,&
{'R3'},{'D3'},,,,,,,,,&,28.0,&
{'R3'},{'D3'},{'R1'},,,,,,,,&,8.0,&
{'R3'},{'D3'},{'R1'},{'R2'},,,,,,,&,1.0,&
{'R3'},{'D3'},{'R1'},{'R2'},{'D2'},{'D1'},{'D7'},{'D6'},{'D5'},{'D4'},&,1.0,&
{'R3'},{'D3'},{'R1'},{'R2'},{'D2'},{'D1'},{'D4'},{'D7'},,,&,1.0,&
{'R3'},{'D3'},{'R1'},{'R2'},{'D6'},,,,,,&,1.0,&
{'R3'},{'D3'},{'R1'},{'R2'},{'D1'},{'D4'},,,,,&,1.0,&
{'R3'},{'D3'},{'R1'},{'R2'},{'D1'},{'D4'},{'D2'},,,,&,1.0,&
{'R3'},{'D3'},{'R1'},{'D1'},{'D2'},{'D5'},{'R2'},{'D6'},,,&,1.0,&
{'R3'},{'D3'},{'R1'},{'D1'},{'D2'},{'D6'},,,,,&,1.0,&
{'R3'},{'D3'},{'R1'},{'D1'},{'R2'},{'D2'},{'D6'},{'D5'},{'D7'},,&,1.0,&
{'R3'},{'D3'},{'R1'},{'D5'},{'D1'},{'D2'},{'D4'},{'R2'},{'D7'},{'D6'},&,1.0,&
{'R3'},{'D3'},{'R1'},{'D4'},{'D6'},{'R2'},{'D5'},{'D2'},,,&,1.0,&
{'R3'},{'D3'},{'R1'},{'D6'},{'D1'},{'D2'},{'D5'},,,,&,1.0,&
{'R3'},{'D3'},{'R1'},{'D2'},{'D6'},{'D1'},{'D7'},,,,&,1.0,&
{'R3'},{'D3'},{'R1'},{'D2'},{'D1'},,,,,,&,1.0,&
{'R3'},{'D3'},{'R1'},{'D2'},{'D1'},{'D4'},{'D6'},{'R2'},,,&,1.0,&
{'R3'},{'D3'},{'D6'},,,,,,,,&,4.0,&
{'R3'},{'D3'},{'D6'},{'R2'},{'D2'},{'D1'},,,,,&,1.0,&
{'R3'},{'D3'},{'D6'},{'R2'},{'D2'},{'R1'},,,,,&,1.0,&
{'R3'},{'D3'},{'D6'},{'R2'},{'R1'},{'D1'},{'D2'},{'D7'},{'D5'},{'D4'},&,1.0,&
{'R3'},{'D3'},{'D6'},{'R2'},{'R1'},{'D2'},{'D1'},{'D5'},,,&,1.0,&
{'R3'},{'D3'},{'D6'},{'R2'},{'D1'},{'D5'},{'D2'},{'D7'},{'R1'},{'D4'},&,1.0,&
{'R3'},{'D3'},{'D6'},{'R2'},{'D1'},{'R1'},,,,,&,1.0,&
{'R3'},{'D3'},{'D6'},{'R2'},{'D1'},{'R1'},{'D2'},{'D7'},,,&,1.0,&
{'R3'},{'D3'},{'D6'},{'D1'},{'D2'},{'D7'},,,,,&,1.0,&
{'R3'},{'D3'},{'D6'},{'D1'},{'D2'},{'D5'},{'D7'},{'D4'},{'R1'},{'R2'},&,1.0,&
{'R3'},{'D3'},{'D6'},{'D1'},{'D2'},{'R2'},{'D7'},{'D5'},{'R1'},{'D4'},&,1.0,&
{'R3'},{'D3'},{'D6'},{'D1'},{'D2'},{'R2'},{'D7'},{'D5'},{'D4'},{'R1'},&,1.0,&
{'R3'},{'D3'},{'D6'},{'D1'},{'R1'},{'R2'},{'D2'},{'D7'},,,&,1.0,&
{'R3'},{'D3'},{'D6'},{'D1'},{'R2'},{'D2'},{'D7'},,,,&,1.0,&
{'R3'},{'D3'},{'D6'},{'D5'},{'D2'},{'R2'},{'R1'},,,,&,1.0,&
{'R3'},{'D3'},{'D6'},{'D7'},{'D2'},{'R1'},{'R2'},{'D1'},{'D5'},,&,1.0,&
{'R3'},{'D3'},{'D6'},{'D2'},,,,,,,&,1.0,&
{'R3'},{'D3'},{'D6'},{'D2'},{'D1'},{'R2'},,,,,&,1.0,&
{'R3'},{'D3'},{'D6'},{'D2'},{'R2'},{'D1'},{'D5'},{'R1'},{'D7'},{'D4'},&,1.0,&
{'R3'},{'D3'},{'D5'},,,,,,,,&,2.0,&
{'R3'},{'D3'},{'D5'},{'R2'},,,,,,,&,2.0,&
{'R3'},{'D3'},{'D5'},{'R2'},{'D2'},{'R1'},{'D1'},{'D7'},{'D4'},,&,1.0,&
{'R3'},{'D3'},{'D5'},{'R2'},{'D2'},{'R1'},{'D6'},{'D1'},,,&,1.0,&
{'R3'},{'D3'},{'D5'},{'R2'},{'D6'},{'R1'},{'D1'},{'D2'},,,&,1.0,&
{'R3'},{'D3'},{'D5'},{'R2'},{'R1'},,,,,,&,2.0,&
{'R3'},{'D3'},{'D5'},{'R2'},{'R1'},{'D2'},{'D1'},,,,&,1.0,&
{'R3'},{'D3'},{'D5'},{'D1'},{'D2'},{'D6'},,,,,&,1.0,&
{'R3'},{'D3'},{'D5'},{'D1'},{'D7'},{'D2'},,,,,&,1.0,&
{'R3'},{'D3'},{'D5'},{'D1'},{'R1'},{'D2'},{'D7'},{'D6'},{'R2'},{'D4'},&,1.0,&
{'R3'},{'D3'},{'D5'},{'R1'},{'D2'},{'D1'},{'R2'},{'D7'},,,&,1.0,&
{'R3'},{'D3'},{'D5'},{'D6'},{'R2'},{'D2'},{'D1'},{'D7'},{'D4'},,&,1.0,&
{'R3'},{'D3'},{'D5'},{'D2'},{'D6'},,,,,,&,1.0,&
{'R3'},{'D3'},{'D5'},{'D2'},{'D7'},{'D1'},{'D6'},{'D4'},,,&,1.0,&
{'R3'},{'D3'},{'D5'},{'D2'},{'R1'},,,,,,&,1.0,&
{'R3'},{'D3'},{'D5'},{'D2'},{'D1'},{'R2'},{'R1'},{'D6'},{'D7'},{'D4'},&,1.0,&
{'R3'},{'D3'},{'D5'},{'D2'},{'R2'},{'R1'},,,,,&,1.0,&
{'R3'},{'D3'},{'D5'},{'D2'},{'R2'},{'R1'},{'D1'},,,,&,1.0,&
{'R3'},{'D3'},{'D5'},{'D2'},{'R2'},{'R1'},{'D1'},{'D6'},{'D7'},{'D4'},&,1.0,&
{'R3'},{'D3'},{'D1'},,,,,,,,&,15.0,&
{'R3'},{'D3'},{'D1'},{'R2'},,,,,,,&,4.0,&
{'R3'},{'D3'},{'D1'},{'R2'},{'D2'},,,,,,&,3.0,&
{'R3'},{'D3'},{'D1'},{'R2'},{'D2'},{'D5'},{'D6'},{'R1'},,,&,1.0,&
{'R3'},{'D3'},{'D1'},{'R2'},{'D2'},{'D6'},,,,,&,1.0,&
{'R3'},{'D3'},{'D1'},{'R2'},{'D2'},{'D6'},{'D7'},{'R1'},{'D5'},{'D4'},&,1.0,&
{'R3'},{'D3'},{'D1'},{'R2'},{'D2'},{'D6'},{'D5'},,,,&,1.0,&
{'R3'},{'D3'},{'D1'},{'R2'},{'D2'},{'D6'},{'R1'},,,,&,1.0,&
{'R3'},{'D3'},{'D1'},{'R2'},{'D2'},{'D6'},{'R1'},{'D5'},,,&,1.0,&
{'R3'},{'D3'},{'D1'},{'R2'},{'D2'},{'R1'},,,,,&,2.0,&
{'R3'},{'D3'},{'D1'},{'R2'},{'D2'},{'R1'},{'D7'},{'D6'},{'D4'},{'D5'},&,1.0,&
{'R3'},{'D3'},{'D1'},{'R2'},{'D2'},{'R1'},{'D5'},{'D6'},,,&,2.0,&
{'R3'},{'D3'},{'D1'},{'R2'},{'D2'},{'R1'},{'D6'},{'D7'},,,&,1.0,&
{'R3'},{'D3'},{'D1'},{'R2'},{'D6'},{'D2'},{'D7'},{'R1'},{'D5'},{'D4'},&,1.0,&
{'R3'},{'D3'},{'D1'},{'R2'},{'D7'},,,,,,&,1.0,&
{'R3'},{'D3'},{'D1'},{'R2'},{'D7'},{'R1'},{'D2'},,,,&,1.0,&
{'R3'},{'D3'},{'D1'},{'R2'},{'R1'},,,,,,&,1.0,&
{'R3'},{'D3'},{'D1'},{'R2'},{'R1'},{'D7'},{'D2'},{'D6'},,,&,1.0,&
{'R3'},{'D3'},{'D1'},{'R2'},{'R1'},{'D7'},{'D2'},{'D5'},{'D6'},{'D4'},&,1.0,&
{'R3'},{'D3'},{'D1'},{'R2'},{'R1'},{'D6'},{'D7'},{'D2'},{'D5'},{'D4'},&,1.0,&
{'R3'},{'D3'},{'D1'},{'R2'},{'D5'},{'D6'},{'R1'},,,,&,1.0,&
{'R3'},{'D3'},{'D1'},{'D5'},{'D2'},{'D7'},,,,,&,1.0,&
{'R3'},{'D3'},{'D1'},{'D5'},{'D2'},{'R2'},,,,,&,1.0,&
{'R3'},{'D3'},{'D1'},{'D5'},{'D2'},{'D6'},{'D7'},{'R2'},,,&,1.0,&
{'R3'},{'D3'},{'D1'},{'D5'},{'D2'},{'D6'},{'R2'},{'D7'},{'D4'},{'R1'},&,1.0,&
{'R3'},{'D3'},{'D1'},{'D5'},{'D2'},{'D4'},{'D7'},{'D6'},{'R2'},,&,1.0,&
{'R3'},{'D3'},{'D1'},{'D5'},{'D6'},{'R2'},{'R1'},,,,&,1.0,&
{'R3'},{'D3'},{'D1'},{'D4'},{'R2'},{'D2'},{'D5'},,,,&,1.0,&
{'R3'},{'D3'},{'D1'},{'D4'},{'R2'},{'D2'},{'D6'},{'R1'},{'D7'},{'D5'},&,1.0,&
{'R3'},{'D3'},{'D1'},{'D7'},{'D2'},{'D5'},{'D6'},{'D4'},{'R2'},{'R1'},&,1.0,&
{'R3'},{'D3'},{'D1'},{'D7'},{'D2'},{'D6'},{'D4'},{'D5'},,,&,1.0,&
{'R3'},{'D3'},{'D1'},{'R1'},,,,,,,&,1.0,&
{'R3'},{'D3'},{'D1'},{'R1'},{'D2'},{'R2'},{'D7'},{'D5'},{'D6'},,&,1.0,&
{'R3'},{'D3'},{'D1'},{'R1'},{'R2'},{'D5'},,,,,&,1.0,&
{'R3'},{'D3'},{'D1'},{'R1'},{'R2'},{'D6'},{'D2'},,,,&,1.0,&
{'R3'},{'D3'},{'D1'},{'R1'},{'R2'},{'D2'},,,,,&,1.0,&
{'R3'},{'D3'},{'D1'},{'D6'},,,,,,,&,1.0,&
{'R3'},{'D3'},{'D1'},{'D6'},{'D2'},{'D7'},{'R2'},{'D5'},{'D4'},{'R1'},&,1.0,&
{'R3'},{'D3'},{'D1'},{'D6'},{'D7'},,,,,,&,1.0,&
{'R3'},{'D3'},{'D1'},{'D6'},{'R2'},{'D2'},{'D7'},{'D5'},{'R1'},{'D4'},&,1.0,&
{'R3'},{'D3'},{'D1'},{'D2'},,,,,,,&,3.0,&
{'R3'},{'D3'},{'D1'},{'D2'},{'D6'},{'D7'},{'D5'},{'R2'},{'D4'},,&,1.0,&
{'R3'},{'D3'},{'D1'},{'D2'},{'D6'},{'D7'},{'R2'},{'D5'},{'R1'},{'D4'},&,1.0,&
{'R3'},{'D3'},{'D1'},{'D2'},{'D6'},{'D7'},{'R2'},{'D5'},{'D4'},,&,1.0,&
{'R3'},{'D3'},{'D1'},{'D2'},{'D6'},{'R2'},,,,,&,1.0,&
{'R3'},{'D3'},{'D1'},{'D2'},{'D6'},{'R2'},{'D5'},{'D7'},,,&,1.0,&
{'R3'},{'D3'},{'D1'},{'D2'},{'D7'},{'D5'},,,,,&,1.0,&
{'R3'},{'D3'},{'D1'},{'D2'},{'D7'},{'D5'},{'D6'},{'D4'},{'R2'},{'R1'},&,1.0,&
{'R3'},{'D3'},{'D1'},{'D2'},{'D7'},{'D6'},{'R2'},{'D5'},{'D4'},,&,1.0,&
{'R3'},{'D3'},{'D1'},{'D2'},{'D7'},{'R1'},{'D6'},{'R2'},{'D5'},{'D4'},&,1.0,&
{'R3'},{'D3'},{'D1'},{'D2'},{'D5'},,,,,,&,1.0,&
{'R3'},{'D3'},{'D1'},{'D2'},{'D5'},{'D6'},{'R2'},,,,&,1.0,&
{'R3'},{'D3'},{'D1'},{'D2'},{'R2'},,,,,,&,6.0,&
{'R3'},{'D3'},{'D1'},{'D2'},{'R2'},{'D7'},{'R1'},{'D5'},{'D6'},,&,1.0,&
{'R3'},{'D3'},{'D1'},{'D2'},{'R2'},{'D7'},{'R1'},{'D5'},{'D6'},{'D4'},&,1.0,&
{'R3'},{'D3'},{'D1'},{'D2'},{'R2'},{'D5'},,,,,&,1.0,&
{'R3'},{'D3'},{'D1'},{'D2'},{'R2'},{'D6'},,,,,&,1.0,&
{'R3'},{'D3'},{'D1'},{'D2'},{'R2'},{'D6'},{'R1'},,,,&,1.0,&
{'R3'},{'D3'},{'D1'},{'D2'},{'R2'},{'R1'},{'D5'},,,,&,1.0,&
{'R3'},{'D3'},{'D1'},{'D2'},{'R2'},{'R1'},{'D6'},,,,&,1.0,&
{'R3'},{'D3'},{'D1'},{'D2'},{'R2'},{'R1'},{'D6'},{'D5'},{'D7'},{'D4'},&,1.0,&
{'R3'},{'D3'},{'D1'},{'D2'},{'D4'},{'D6'},{'R2'},{'R1'},,,&,1.0,&
{'R3'},{'D3'},{'D7'},,,,,,,,&,1.0,&
{'R3'},{'D3'},{'D7'},{'R2'},{'D6'},,,,,,&,1.0,&
{'R3'},{'D3'},{'D7'},{'R2'},{'R1'},{'D1'},{'D5'},{'D2'},{'D4'},,&,1.0,&
{'R3'},{'D3'},{'D7'},{'R2'},{'R1'},{'D1'},{'D6'},,,,&,1.0,&
{'R3'},{'D3'},{'D7'},{'R2'},{'R1'},{'D1'},{'D2'},{'D6'},{'D5'},{'D4'},&,1.0,&
{'R3'},{'D3'},{'D7'},{'R2'},{'D1'},{'D5'},,,,,&,1.0,&
{'R3'},{'D3'},{'D7'},{'R2'},{'D1'},{'D2'},,,,,&,1.0,&
{'R3'},{'D3'},{'D7'},{'R2'},{'D1'},{'D2'},{'D6'},{'D5'},{'R1'},,&,1.0,&
{'R3'},{'D3'},{'D7'},{'R2'},{'D1'},{'R1'},,,,,&,1.0,&
{'R3'},{'D3'},{'D7'},{'D1'},,,,,,,&,1.0,&
{'R3'},{'D3'},{'D7'},{'D1'},{'D2'},{'R2'},{'R1'},{'D5'},,,&,1.0,&
{'R3'},{'D3'},{'D7'},{'D1'},{'R2'},{'D2'},{'D5'},,,,&,1.0,&
{'R3'},{'D3'},{'D7'},{'D1'},{'R2'},{'R1'},,,,,&,1.0,&
{'R3'},{'D3'},{'D7'},{'R1'},{'D2'},{'D1'},{'R2'},{'D5'},,,&,1.0,&
{'R3'},{'D3'},{'R2'},,,,,,,,&,30.0,&
{'R3'},{'D3'},{'R2'},{'D1'},,,,,,,&,4.0,&
{'R3'},{'D3'},{'R2'},{'D1'},{'D2'},,,,,,&,2.0,&
{'R3'},{'D3'},{'R2'},{'D1'},{'D2'},{'D5'},{'D6'},{'D4'},{'R1'},,&,1.0,&
{'R3'},{'D3'},{'R2'},{'D1'},{'D2'},{'D5'},{'D6'},{'D7'},{'D4'},,&,1.0,&
{'R3'},{'D3'},{'R2'},{'D1'},{'D2'},{'D6'},,,,,&,1.0,&
{'R3'},{'D3'},{'R2'},{'D1'},{'D2'},{'D6'},{'D5'},{'D7'},,,&,1.0,&
{'R3'},{'D3'},{'R2'},{'D1'},{'D2'},{'R1'},,,,,&,2.0,&
{'R3'},{'D3'},{'R2'},{'D1'},{'D6'},,,,,,&,1.0,&
{'R3'},{'D3'},{'R2'},{'D1'},{'D6'},{'D2'},,,,,&,2.0,&
{'R3'},{'D3'},{'R2'},{'D1'},{'D7'},{'D4'},{'D6'},{'R1'},{'D2'},,&,1.0,&
{'R3'},{'D3'},{'R2'},{'D1'},{'R1'},,,,,,&,1.0,&
{'R3'},{'D3'},{'R2'},{'D1'},{'R1'},{'D2'},,,,,&,1.0,&
{'R3'},{'D3'},{'R2'},{'D1'},{'R1'},{'D2'},{'D5'},{'D4'},{'D6'},,&,1.0,&
{'R3'},{'D3'},{'R2'},{'D1'},{'R1'},{'D2'},{'D6'},{'D4'},{'D7'},,&,1.0,&
{'R3'},{'D3'},{'R2'},{'D1'},{'R1'},{'D2'},{'D6'},{'D5'},{'D4'},,&,1.0,&
{'R3'},{'D3'},{'R2'},{'D1'},{'R1'},{'D4'},{'D6'},{'D2'},{'D5'},,&,1.0,&
{'R3'},{'D3'},{'R2'},{'D5'},,,,,,,&,2.0,&
{'R3'},{'D3'},{'R2'},{'D5'},{'D2'},{'R1'},{'D1'},{'D7'},{'D6'},,&,1.0,&
{'R3'},{'D3'},{'R2'},{'D5'},{'R1'},,,,,,&,1.0,&
{'R3'},{'D3'},{'R2'},{'D5'},{'R1'},{'D2'},{'D1'},{'D7'},{'D6'},,&,1.0,&
{'R3'},{'D3'},{'R2'},{'D4'},{'D5'},{'D2'},,,,,&,1.0,&
{'R3'},{'D3'},{'R2'},{'D4'},{'D1'},{'R1'},{'D2'},{'D5'},,,&,1.0,&
{'R3'},{'D3'},{'R2'},{'D7'},{'R1'},,,,,,&,2.0,&
{'R3'},{'D3'},{'R2'},{'D7'},{'R1'},{'D2'},{'D6'},{'D1'},{'D5'},,&,1.0,&
{'R3'},{'D3'},{'R2'},{'R1'},,,,,,,&,6.0,&
{'R3'},{'D3'},{'R2'},{'R1'},{'D2'},,,,,,&,1.0,&
{'R3'},{'D3'},{'R2'},{'R1'},{'D2'},{'D1'},,,,,&,1.0,&
{'R3'},{'D3'},{'R2'},{'R1'},{'D2'},{'D1'},{'D6'},{'D4'},,,&,1.0,&
{'R3'},{'D3'},{'R2'},{'R1'},{'D2'},{'D1'},{'D6'},{'D5'},{'D7'},,&,1.0,&
{'R3'},{'D3'},{'R2'},{'R1'},{'D2'},{'D7'},{'D1'},{'D5'},{'D6'},{'D4'},&,1.0,&
{'R3'},{'D3'},{'R2'},{'R1'},{'D2'},{'D5'},,,,,&,1.0,&
{'R3'},{'D3'},{'R2'},{'R1'},{'D6'},{'D2'},{'D1'},{'D4'},{'D5'},,&,1.0,&
{'R3'},{'D3'},{'R2'},{'R1'},{'D6'},{'D2'},{'D1'},{'D7'},{'D5'},{'D4'},&,1.0,&
{'R3'},{'D3'},{'R2'},{'R1'},{'D7'},{'D1'},{'D2'},{'D6'},,,&,1.0,&
{'R3'},{'D3'},{'R2'},{'R1'},{'D7'},{'D1'},{'D2'},{'D5'},,,&,1.0,&
{'R3'},{'D3'},{'R2'},{'R1'},{'D7'},{'D2'},{'D5'},,,,&,1.0,&
{'R3'},{'D3'},{'R2'},{'R1'},{'D7'},{'D2'},{'D1'},,,,&,1.0,&
{'R3'},{'D3'},{'R2'},{'R1'},{'D5'},,,,,,&,1.0,&
{'R3'},{'D3'},{'R2'},{'R1'},{'D5'},{'D2'},{'D1'},,,,&,1.0,&
{'R3'},{'D3'},{'R2'},{'R1'},{'D1'},,,,,,&,1.0,&
{'R3'},{'D3'},{'R2'},{'R1'},{'D1'},{'D7'},{'D2'},{'D5'},{'D4'},{'D6'},&,1.0,&
{'R3'},{'D3'},{'R2'},{'R1'},{'D1'},{'D6'},{'D2'},{'D7'},{'D4'},{'D5'},&,1.0,&
{'R3'},{'D3'},{'R2'},{'R1'},{'D1'},{'D6'},{'D2'},{'D5'},{'D7'},{'D4'},&,1.0,&
{'R3'},{'D3'},{'R2'},{'R1'},{'D1'},{'D2'},,,,,&,1.0,&
{'R3'},{'D3'},{'R2'},{'R1'},{'D1'},{'D2'},{'D7'},,,,&,1.0,&
{'R3'},{'D3'},{'R2'},{'D6'},{'D2'},,,,,,&,2.0,&
{'R3'},{'D3'},{'R2'},{'D6'},{'D2'},{'D5'},{'D1'},{'R1'},,,&,1.0,&
{'R3'},{'D3'},{'R2'},{'D6'},{'R1'},,,,,,&,1.0,&
{'R3'},{'D3'},{'R2'},{'D6'},{'R1'},{'D2'},{'D1'},{'D5'},,,&,1.0,&
{'R3'},{'D3'},{'R2'},{'D2'},,,,,,,&,2.0,&
{'R3'},{'D3'},{'R2'},{'D2'},{'D6'},{'R1'},{'D1'},,,,&,1.0,&
{'R3'},{'D3'},{'R2'},{'D2'},{'D6'},{'R1'},{'D1'},{'D7'},{'D4'},{'D5'},&,1.0,&
{'R3'},{'D3'},{'R2'},{'D2'},{'D6'},{'R1'},{'D1'},{'D5'},{'D7'},{'D4'},&,1.0,&
{'R3'},{'D3'},{'R2'},{'D2'},{'D7'},{'D1'},{'D6'},{'D5'},{'R1'},{'D4'},&,1.0,&
{'R3'},{'D3'},{'R2'},{'D2'},{'R1'},,,,,,&,1.0,&
{'R3'},{'D3'},{'R2'},{'D2'},{'R1'},{'D1'},{'D5'},,,,&,1.0,&
{'R3'},{'D3'},{'R2'},{'D2'},{'R1'},{'D1'},{'D5'},{'D6'},,,&,1.0,&
{'R3'},{'D3'},{'R2'},{'D2'},{'R1'},{'D1'},{'D6'},,,,&,2.0,&
{'R3'},{'D3'},{'R2'},{'D2'},{'R1'},{'D1'},{'D6'},{'D5'},,,&,1.0,&
{'R3'},{'D3'},{'R2'},{'D2'},{'R1'},{'D7'},,,,,&,1.0,&
{'R3'},{'D3'},{'R2'},{'D2'},{'R1'},{'D5'},{'D6'},,,,&,1.0,&
{'R3'},{'D3'},{'R2'},{'D2'},{'R1'},{'D5'},{'D6'},{'D1'},{'D7'},,&,1.0,&
{'R3'},{'D3'},{'R2'},{'D2'},{'R1'},{'D6'},{'D5'},{'D1'},{'D7'},{'D4'},&,1.0,&
{'R3'},{'D3'},{'R2'},{'D2'},{'R1'},{'D4'},,,,,&,1.0,&
{'R3'},{'D3'},{'R2'},{'D2'},{'R1'},{'D4'},{'D5'},{'D7'},{'D6'},{'D1'},&,1.0,&
{'R3'},{'D3'},{'R2'},{'D2'},{'D5'},,,,,,&,1.0,&
{'R3'},{'D3'},{'R2'},{'D2'},{'D5'},{'D6'},,,,,&,1.0,&
{'R3'},{'D3'},{'R2'},{'D2'},{'D1'},,,,,,&,2.0,&
{'R3'},{'D3'},{'R2'},{'D2'},{'D1'},{'D7'},{'D5'},{'R1'},{'D6'},,&,1.0,&
{'R3'},{'D3'},{'R2'},{'D2'},{'D1'},{'D5'},{'R1'},,,,&,1.0,&
{'R3'},{'D3'},{'R2'},{'D2'},{'D1'},{'D5'},{'R1'},{'D6'},,,&,1.0,&
{'R3'},{'D3'},{'R2'},{'D2'},{'D1'},{'D5'},{'R1'},{'D7'},{'D4'},{'D6'},&,1.0,&
{'R3'},{'D3'},{'R2'},{'D2'},{'D1'},{'D5'},{'D4'},{'D7'},{'D6'},{'R1'},&,1.0,&
{'R3'},{'D3'},{'R2'},{'D2'},{'D1'},{'D6'},,,,,&,1.0,&
{'R3'},{'D3'},{'R2'},{'D2'},{'D1'},{'D6'},{'D7'},{'D5'},{'D4'},,&,1.0,&
{'R3'},{'D3'},{'R2'},{'D2'},{'D1'},{'D6'},{'R1'},{'D7'},{'D5'},{'D4'},&,1.0,&
{'R3'},{'D3'},{'R2'},{'D2'},{'D1'},{'D6'},{'R1'},{'D5'},,,&,1.0,&
{'R3'},{'D3'},{'R2'},{'D2'},{'D1'},{'D6'},{'R1'},{'D5'},{'D7'},,&,1.0,&
{'R3'},{'D3'},{'R2'},{'D2'},{'D1'},{'R1'},{'D7'},{'D4'},{'D5'},{'D6'},&,1.0,&
{'R3'},{'D3'},{'R2'},{'D2'},{'D1'},{'R1'},{'D5'},{'D7'},{'D4'},,&,1.0,&
{'R3'},{'D3'},{'D2'},,,,,,,,&,15.0,&
{'R3'},{'D3'},{'D2'},{'R2'},,,,,,,&,11.0,&
{'R3'},{'D3'},{'D2'},{'R2'},{'D6'},,,,,,&,2.0,&
{'R3'},{'D3'},{'D2'},{'R2'},{'D6'},{'D7'},{'D1'},{'D5'},{'R1'},{'D4'},&,1.0,&
{'R3'},{'D3'},{'D2'},{'R2'},{'D6'},{'R1'},{'D1'},{'D5'},{'D4'},{'D7'},&,1.0,&
{'R3'},{'D3'},{'D2'},{'R2'},{'D7'},,,,,,&,1.0,&
{'R3'},{'D3'},{'D2'},{'R2'},{'D7'},{'D6'},{'D1'},{'D5'},{'D4'},,&,1.0,&
{'R3'},{'D3'},{'D2'},{'R2'},{'D7'},{'R1'},{'D6'},,,,&,1.0,&
{'R3'},{'D3'},{'D2'},{'R2'},{'R1'},,,,,,&,1.0,&
{'R3'},{'D3'},{'D2'},{'R2'},{'R1'},{'D1'},,,,,&,2.0,&
{'R3'},{'D3'},{'D2'},{'R2'},{'R1'},{'D1'},{'D7'},{'D6'},,,&,1.0,&
{'R3'},{'D3'},{'D2'},{'R2'},{'R1'},{'D1'},{'D5'},,,,&,1.0,&
{'R3'},{'D3'},{'D2'},{'R2'},{'R1'},{'D1'},{'D6'},,,,&,1.0,&
{'R3'},{'D3'},{'D2'},{'R2'},{'R1'},{'D1'},{'D6'},{'D5'},{'D7'},{'D4'},&,1.0,&
{'R3'},{'D3'},{'D2'},{'R2'},{'R1'},{'D7'},{'D1'},,,,&,2.0,&
{'R3'},{'D3'},{'D2'},{'R2'},{'R1'},{'D7'},{'D1'},{'D6'},,,&,1.0,&
{'R3'},{'D3'},{'D2'},{'R2'},{'R1'},{'D5'},,,,,&,1.0,&
{'R3'},{'D3'},{'D2'},{'R2'},{'R1'},{'D5'},{'D1'},{'D6'},,,&,1.0,&
{'R3'},{'D3'},{'D2'},{'R2'},{'R1'},{'D5'},{'D1'},{'D7'},,,&,2.0,&
{'R3'},{'D3'},{'D2'},{'R2'},{'R1'},{'D4'},{'D1'},{'D6'},,,&,1.0,&
{'R3'},{'D3'},{'D2'},{'R2'},{'D5'},{'D1'},,,,,&,1.0,&
{'R3'},{'D3'},{'D2'},{'R2'},{'D5'},{'R1'},{'D1'},{'D7'},{'D6'},,&,1.0,&
{'R3'},{'D3'},{'D2'},{'R2'},{'D1'},{'D7'},{'D6'},,,,&,1.0,&
{'R3'},{'D3'},{'D2'},{'R2'},{'D1'},{'D5'},{'D6'},,,,&,1.0,&
{'R3'},{'D3'},{'D2'},{'R2'},{'D1'},{'D5'},{'D4'},{'R1'},{'D6'},,&,1.0,&
{'R3'},{'D3'},{'D2'},{'R2'},{'D1'},{'D6'},,,,,&,1.0,&
{'R3'},{'D3'},{'D2'},{'R2'},{'D1'},{'D6'},{'D5'},{'D7'},,,&,1.0,&
{'R3'},{'D3'},{'D2'},{'R2'},{'D1'},{'R1'},{'D7'},{'D5'},,,&,1.0,&
{'R3'},{'D3'},{'D2'},{'R2'},{'D1'},{'R1'},{'D5'},{'D6'},,,&,1.0,&
{'R3'},{'D3'},{'D2'},{'R2'},{'D1'},{'R1'},{'D5'},{'D4'},{'D7'},{'D6'},&,1.0,&
{'R3'},{'D3'},{'D2'},{'R2'},{'D1'},{'R1'},{'D6'},{'D7'},{'D5'},{'D4'},&,1.0,&
{'R3'},{'D3'},{'D2'},{'R2'},{'D4'},{'R1'},,,,,&,1.0,&
{'R3'},{'D3'},{'D2'},{'D1'},,,,,,,&,8.0,&
{'R3'},{'D3'},{'D2'},{'D1'},{'D6'},{'D7'},{'R2'},{'R1'},{'D5'},{'D4'},&,1.0,&
{'R3'},{'D3'},{'D2'},{'D1'},{'D6'},{'D5'},{'D7'},,,,&,1.0,&
{'R3'},{'D3'},{'D2'},{'D1'},{'D6'},{'D5'},{'R2'},,,,&,1.0,&
{'R3'},{'D3'},{'D2'},{'D1'},{'D6'},{'D5'},{'R2'},{'D7'},{'R1'},,&,1.0,&
{'R3'},{'D3'},{'D2'},{'D1'},{'D6'},{'R2'},,,,,&,1.0,&
{'R3'},{'D3'},{'D2'},{'D1'},{'D6'},{'R2'},{'R1'},{'D7'},{'D5'},,&,1.0,&
{'R3'},{'D3'},{'D2'},{'D1'},{'D7'},,,,,,&,1.0,&
{'R3'},{'D3'},{'D2'},{'D1'},{'D7'},{'R2'},,,,,&,1.0,&
{'R3'},{'D3'},{'D2'},{'D1'},{'D7'},{'R2'},{'D5'},,,,&,1.0,&
{'R3'},{'D3'},{'D2'},{'D1'},{'D7'},{'R2'},{'R1'},{'D5'},,,&,1.0,&
{'R3'},{'D3'},{'D2'},{'D1'},{'R1'},{'D5'},{'R2'},{'D6'},{'D7'},{'D4'},&,1.0,&
{'R3'},{'D3'},{'D2'},{'D1'},{'R1'},{'R2'},{'D6'},{'D7'},{'D5'},,&,1.0,&
{'R3'},{'D3'},{'D2'},{'D1'},{'R1'},{'D6'},{'D5'},{'R2'},,,&,1.0,&
{'R3'},{'D3'},{'D2'},{'D1'},{'R1'},{'D4'},{'R2'},{'D7'},,,&,1.0,&
{'R3'},{'D3'},{'D2'},{'D1'},{'D5'},{'R2'},{'D6'},{'R1'},,,&,1.0,&
{'R3'},{'D3'},{'D2'},{'D1'},{'D5'},{'D6'},,,,,&,2.0,&
{'R3'},{'D3'},{'D2'},{'D1'},{'D5'},{'D4'},{'R2'},{'D7'},{'D6'},{'R1'},&,1.0,&
{'R3'},{'D3'},{'D2'},{'D1'},{'R2'},,,,,,&,5.0,&
{'R3'},{'D3'},{'D2'},{'D1'},{'R2'},{'D7'},,,,,&,2.0,&
{'R3'},{'D3'},{'D2'},{'D1'},{'R2'},{'D6'},{'D5'},,,,&,1.0,&
{'R3'},{'D3'},{'D2'},{'D1'},{'R2'},{'D6'},{'R1'},,,,&,1.0,&
{'R3'},{'D3'},{'D2'},{'D1'},{'R2'},{'R1'},{'D7'},{'D6'},,,&,1.0,&
{'R3'},{'D3'},{'D2'},{'D1'},{'R2'},{'R1'},{'D5'},{'D6'},{'D7'},{'D4'},&,1.0,&
{'R3'},{'D3'},{'D2'},{'D1'},{'R2'},{'R1'},{'D6'},{'D4'},{'D5'},,&,1.0,&
{'R3'},{'D3'},{'D2'},{'D1'},{'R2'},{'R1'},{'D6'},{'D7'},,,&,1.0,&
{'R3'},{'D3'},{'D2'},{'D1'},{'R2'},{'R1'},{'D6'},{'D5'},,,&,1.0,&
{'R3'},{'D3'},{'D2'},{'D1'},{'D4'},{'D5'},{'D6'},,,,&,1.0,&
{'R3'},{'D3'},{'D2'},{'D1'},{'D4'},{'R2'},,,,,&,1.0,&
{'R3'},{'D3'},{'D2'},{'D5'},{'D1'},{'R2'},{'D4'},{'R1'},{'D7'},,&,1.0,&
{'R3'},{'D3'},{'D2'},{'D5'},{'R2'},,,,,,&,1.0,&
{'R3'},{'D3'},{'D2'},{'D5'},{'R2'},{'R1'},{'D4'},{'D1'},{'D6'},{'D7'},&,1.0,&
{'R3'},{'D3'},{'D2'},{'D4'},{'R2'},{'D1'},,,,,&,1.0,&
{'R3'},{'D3'},{'D2'},{'D7'},{'D1'},,,,,,&,3.0,&
{'R3'},{'D3'},{'D2'},{'D7'},{'D1'},{'R2'},,,,,&,1.0,&
{'R3'},{'D3'},{'D2'},{'D7'},{'D1'},{'R2'},{'D5'},{'D6'},{'D4'},,&,1.0,&
{'R3'},{'D3'},{'D2'},{'D7'},{'D1'},{'R2'},{'R1'},{'D6'},{'D5'},,&,1.0,&
{'R3'},{'D3'},{'D2'},{'D7'},{'R2'},,,,,,&,1.0,&
{'R3'},{'D3'},{'D2'},{'D7'},{'R2'},{'D1'},{'R1'},,,,&,1.0,&
{'R3'},{'D3'},{'D2'},{'D7'},{'R2'},{'D1'},{'D6'},,,,&,1.0,&
{'R3'},{'D3'},{'D2'},{'R1'},,,,,,,&,2.0,&
{'R3'},{'D3'},{'D2'},{'R1'},{'D6'},{'D1'},{'D7'},,,,&,1.0,&
{'R3'},{'D3'},{'D2'},{'R1'},{'D7'},{'D1'},{'D5'},{'R2'},{'D4'},,&,1.0,&
{'R3'},{'D3'},{'D2'},{'R1'},{'R2'},,,,,,&,1.0,&
{'R3'},{'D3'},{'D2'},{'D6'},,,,,,,&,1.0,&
{'R3'},{'D3'},{'D2'},{'D6'},{'D7'},{'D1'},{'R2'},{'D5'},{'D4'},,&,1.0,&
{'R3'},{'D3'},{'D2'},{'D6'},{'D1'},{'D5'},{'R2'},{'R1'},{'D7'},,&,1.0,&
{'R3'},{'D3'},{'D2'},{'D6'},{'D1'},{'R2'},{'D5'},{'R1'},,,&,1.0,&
{'R3'},{'D3'},{'D2'},{'D6'},{'D1'},{'R1'},{'D5'},{'D7'},{'R2'},,&,1.0,&
{'R3'},{'D3'},{'D2'},{'D6'},{'D1'},{'R1'},{'R2'},{'D5'},{'D7'},{'D4'},&,1.0,&
{'R3'},{'D3'},{'D2'},{'D6'},{'R2'},,,,,,&,1.0,&
{'R3'},{'D3'},{'D2'},{'D6'},{'R2'},{'D1'},{'D7'},{'R1'},{'D5'},{'D4'},&,1.0,&
{'R3'},{'D3'},{'D2'},{'D6'},{'R2'},{'D1'},{'R1'},{'D4'},{'D5'},,&,1.0,&
{'R3'},{'D3'},{'D2'},{'D6'},{'R2'},{'D1'},{'R1'},{'D5'},,,&,1.0,&
{'R3'},{'D3'},{'D2'},{'D6'},{'R2'},{'D5'},{'D1'},{'R1'},{'D4'},{'D7'},&,1.0,&
{'R3'},{'D3'},{'D2'},{'D6'},{'R2'},{'R1'},,,,,&,1.0,&
{'R3'},{'D3'},{'D2'},{'D6'},{'R2'},{'R1'},{'D4'},{'D5'},{'D1'},{'D7'},&,1.0,&
{'R3'},{'D3'},{'D2'},{'D6'},{'D4'},{'D1'},,,,,&,1.0,&
{'R3'},{'D3'},{'D4'},,,,,,,,&,2.0,&
{'R3'},{'D3'},{'D4'},{'D1'},{'D2'},{'R2'},{'R1'},{'D7'},{'D6'},,&,1.0,&
{'R3'},{'D7'},,,,,,,,,&,5.0,&
{'R3'},{'D7'},{'R1'},{'R2'},{'D3'},{'D1'},{'D5'},{'D2'},,,&,1.0,&
{'R3'},{'D7'},{'R1'},{'D3'},,,,,,,&,1.0,&
{'R3'},{'D7'},{'R1'},{'D2'},{'R2'},{'D3'},{'D1'},{'D6'},{'D5'},{'D4'},&,1.0,&
{'R3'},{'D7'},{'D6'},,,,,,,,&,1.0,&
{'R3'},{'D7'},{'D6'},{'D1'},,,,,,,&,1.0,&
{'R3'},{'D7'},{'D6'},{'D1'},{'D2'},{'D3'},{'D5'},{'R2'},{'D4'},{'R1'},&,1.0,&
{'R3'},{'D7'},{'D6'},{'D1'},{'D3'},{'R2'},{'D5'},{'D2'},{'D4'},{'R1'},&,1.0,&
{'R3'},{'D7'},{'D6'},{'D1'},{'R1'},{'D2'},{'D3'},{'D5'},,,&,1.0,&
{'R3'},{'D7'},{'D6'},{'D5'},{'D2'},{'D3'},,,,,&,1.0,&
{'R3'},{'D7'},{'D6'},{'D3'},{'D2'},,,,,,&,1.0,&
{'R3'},{'D7'},{'D6'},{'D2'},{'D3'},{'D1'},,,,,&,1.0,&
{'R3'},{'D7'},{'D6'},{'D2'},{'R2'},{'D3'},{'D4'},{'R1'},,,&,1.0,&
{'R3'},{'D7'},{'D3'},,,,,,,,&,4.0,&
{'R3'},{'D7'},{'D3'},{'R2'},{'D6'},{'D2'},{'R1'},{'D1'},,,&,1.0,&
{'R3'},{'D7'},{'D3'},{'R2'},{'R1'},,,,,,&,1.0,&
{'R3'},{'D7'},{'D3'},{'R2'},{'R1'},{'D5'},{'D2'},{'D1'},,,&,1.0,&
{'R3'},{'D7'},{'D3'},{'R2'},{'D1'},,,,,,&,1.0,&
{'R3'},{'D7'},{'D3'},{'D1'},,,,,,,&,3.0,&
{'R3'},{'D7'},{'D3'},{'D1'},{'D2'},{'R2'},{'D5'},,,,&,1.0,&
{'R3'},{'D7'},{'D3'},{'D1'},{'D2'},{'R2'},{'D5'},{'R1'},,,&,1.0,&
{'R3'},{'D7'},{'D3'},{'R1'},{'D1'},{'D2'},{'D5'},,,,&,1.0,&
{'R3'},{'D7'},{'D3'},{'D2'},,,,,,,&,1.0,&
{'R3'},{'D7'},{'D3'},{'D2'},{'D1'},,,,,,&,1.0,&
{'R3'},{'D7'},{'D5'},{'R1'},{'D1'},{'R2'},{'D2'},{'D3'},{'D6'},{'D4'},&,1.0,&
{'R3'},{'D7'},{'D1'},,,,,,,,&,2.0,&
{'R3'},{'D7'},{'D1'},{'R2'},{'D2'},{'R1'},,,,,&,1.0,&
{'R3'},{'D7'},{'D1'},{'R2'},{'D3'},{'D2'},{'R1'},,,,&,1.0,&
{'R3'},{'D7'},{'D1'},{'D5'},{'D2'},{'D6'},{'D3'},{'D4'},,,&,1.0,&
{'R3'},{'D7'},{'D1'},{'D3'},{'D2'},{'R2'},,,,,&,1.0,&
{'R3'},{'D7'},{'D1'},{'D3'},{'D2'},{'R2'},{'R1'},{'D5'},{'D6'},{'D4'},&,1.0,&
{'R3'},{'D7'},{'D1'},{'D3'},{'D2'},{'D6'},{'D5'},{'R2'},{'D4'},,&,1.0,&
{'R3'},{'D7'},{'D1'},{'D3'},{'R2'},{'D4'},{'R1'},{'D2'},{'D5'},{'D6'},&,1.0,&
{'R3'},{'D7'},{'D1'},{'R1'},{'D3'},{'D5'},,,,,&,1.0,&
{'R3'},{'D7'},{'D1'},{'R1'},{'R2'},{'D2'},{'D3'},,,,&,1.0,&
{'R3'},{'D7'},{'D1'},{'D2'},{'R2'},,,,,,&,1.0,&
{'R3'},{'D7'},{'R2'},,,,,,,,&,4.0,&
{'R3'},{'D7'},{'R2'},{'D1'},{'D3'},,,,,,&,1.0,&
{'R3'},{'D7'},{'R2'},{'D1'},{'R1'},{'D2'},,,,,&,1.0,&
{'R3'},{'D7'},{'R2'},{'D1'},{'R1'},{'D2'},{'D3'},,,,&,1.0,&
{'R3'},{'D7'},{'R2'},{'D1'},{'R1'},{'D2'},{'D3'},{'D6'},{'D5'},,&,1.0,&
{'R3'},{'D7'},{'R2'},{'D3'},{'D2'},{'D1'},{'D4'},,,,&,1.0,&
{'R3'},{'D7'},{'R2'},{'D3'},{'D6'},{'D1'},{'R1'},{'D2'},{'D4'},{'D5'},&,1.0,&
{'R3'},{'D7'},{'R2'},{'D4'},{'D1'},,,,,,&,1.0,&
{'R3'},{'D7'},{'R2'},{'R1'},,,,,,,&,3.0,&
{'R3'},{'D7'},{'R2'},{'R1'},{'D2'},{'D3'},{'D6'},{'D1'},{'D4'},,&,1.0,&
{'R3'},{'D7'},{'R2'},{'R1'},{'D6'},,,,,,&,1.0,&
{'R3'},{'D7'},{'R2'},{'R1'},{'D6'},{'D2'},,,,,&,1.0,&
{'R3'},{'D7'},{'R2'},{'R1'},{'D3'},,,,,,&,1.0,&
{'R3'},{'D7'},{'R2'},{'R1'},{'D1'},{'D6'},{'D2'},{'D3'},{'D5'},{'D4'},&,1.0,&
{'R3'},{'D7'},{'R2'},{'D2'},,,,,,,&,1.0,&
{'R3'},{'D7'},{'R2'},{'D2'},{'D5'},,,,,,&,1.0,&
{'R3'},{'D7'},{'R2'},{'D2'},{'D5'},{'R1'},{'D1'},,,,&,1.0,&
{'R3'},{'D7'},{'R2'},{'D2'},{'D1'},{'D3'},,,,,&,1.0,&
{'R3'},{'D7'},{'R2'},{'D2'},{'D1'},{'R1'},,,,,&,1.0,&
{'R3'},{'D7'},{'D2'},,,,,,,,&,3.0,&
{'R3'},{'D7'},{'D2'},{'R2'},,,,,,,&,3.0,&
{'R3'},{'D7'},{'D2'},{'R2'},{'D6'},{'D1'},{'D3'},{'R1'},{'D5'},{'D4'},&,1.0,&
{'R3'},{'D7'},{'D2'},{'R2'},{'D3'},{'D1'},,,,,&,1.0,&
{'R3'},{'D7'},{'D2'},{'R2'},{'D3'},{'D1'},{'R1'},{'D4'},{'D5'},{'D6'},&,1.0,&
{'R3'},{'D7'},{'D2'},{'R2'},{'D3'},{'R1'},{'D6'},,,,&,1.0,&
{'R3'},{'D7'},{'D2'},{'R2'},{'D1'},{'R1'},{'D3'},{'D5'},{'D6'},{'D4'},&,1.0,&
{'R3'},{'D7'},{'D2'},{'R2'},{'D4'},{'D1'},{'D5'},{'R1'},,,&,1.0,&
{'R3'},{'D7'},{'D2'},{'D1'},{'D3'},{'D6'},{'R2'},{'D5'},{'D4'},,&,1.0,&
{'R3'},{'D7'},{'D2'},{'D3'},{'D1'},{'D5'},{'D6'},,,,&,1.0,&
{'R3'},{'D7'},{'D2'},{'R1'},{'R2'},,,,,,&,1.0,&
{'R3'},{'D7'},{'D2'},{'D6'},{'D1'},{'R2'},{'D4'},{'R1'},{'D3'},,&,1.0,&
{'R1'},,,,,,,,,,&,74.0,&
{'R1'},{'D1'},,,,,,,,,&,9.0,&
{'R1'},{'D1'},{'D6'},,,,,,,,&,1.0,&
{'R1'},{'D1'},{'D6'},{'R2'},{'D3'},{'R3'},,,,,&,1.0,&
{'R1'},{'D1'},{'D6'},{'D5'},{'R3'},{'D3'},{'R2'},,,,&,1.0,&
{'R1'},{'D1'},{'D6'},{'D3'},{'D2'},{'D5'},{'R2'},,,,&,1.0,&
{'R1'},{'D1'},{'D6'},{'D4'},{'D2'},{'D3'},,,,,&,1.0,&
{'R1'},{'D1'},{'D6'},{'R3'},{'R2'},,,,,,&,1.0,&
{'R1'},{'D1'},{'D3'},,,,,,,,&,5.0,&
{'R1'},{'D1'},{'D3'},{'R2'},,,,,,,&,3.0,&
{'R1'},{'D1'},{'D3'},{'R2'},{'D2'},,,,,,&,2.0,&
{'R1'},{'D1'},{'D3'},{'R2'},{'R3'},,,,,,&,1.0,&
{'R1'},{'D1'},{'D3'},{'R2'},{'R3'},{'D2'},{'D7'},{'D6'},,,&,1.0,&
{'R1'},{'D1'},{'D3'},{'R2'},{'R3'},{'D2'},{'D7'},{'D5'},,,&,2.0,&
{'R1'},{'D1'},{'D3'},{'D7'},{'R2'},{'D2'},,,,,&,1.0,&
{'R1'},{'D1'},{'D3'},{'R3'},,,,,,,&,4.0,&
{'R1'},{'D1'},{'D3'},{'R3'},{'D5'},{'D4'},{'D2'},{'D6'},{'D7'},,&,1.0,&
{'R1'},{'D1'},{'D3'},{'R3'},{'R2'},,,,,,&,2.0,&
{'R1'},{'D1'},{'D3'},{'R3'},{'R2'},{'D7'},{'D6'},{'D2'},,,&,1.0,&
{'R1'},{'D1'},{'D3'},{'R3'},{'R2'},{'D2'},{'D5'},{'D7'},{'D6'},{'D4'},&,1.0,&
{'R1'},{'D1'},{'D3'},{'D6'},{'D2'},{'R3'},{'D5'},{'D7'},{'R2'},,&,1.0,&
{'R1'},{'D1'},{'D3'},{'D2'},,,,,,,&,2.0,&
{'R1'},{'D1'},{'D3'},{'D2'},{'D7'},{'D6'},,,,,&,1.0,&
{'R1'},{'D1'},{'D3'},{'D2'},{'D7'},{'R3'},{'D6'},{'D5'},{'D4'},{'R2'},&,1.0,&
{'R1'},{'D1'},{'D3'},{'D2'},{'D5'},{'D6'},,,,,&,2.0,&
{'R1'},{'D1'},{'D3'},{'D2'},{'D5'},{'D6'},{'D4'},{'R2'},{'D7'},{'R3'},&,1.0,&
{'R1'},{'D1'},{'D3'},{'D2'},{'R3'},{'D5'},{'R2'},{'D7'},{'D4'},,&,1.0,&
{'R1'},{'D1'},{'D3'},{'D2'},{'R3'},{'D6'},{'D7'},{'D5'},{'R2'},,&,1.0,&
{'R1'},{'D1'},{'D3'},{'D2'},{'R3'},{'D6'},{'D5'},,,,&,1.0,&
{'R1'},{'D1'},{'D3'},{'D2'},{'R2'},,,,,,&,1.0,&
{'R1'},{'D1'},{'D3'},{'D2'},{'R2'},{'D5'},{'D7'},,,,&,1.0,&
{'R1'},{'D1'},{'D3'},{'D2'},{'R2'},{'D5'},{'D7'},{'D6'},{'R3'},,&,1.0,&
{'R1'},{'D1'},{'D5'},,,,,,,,&,2.0,&
{'R1'},{'D1'},{'D5'},{'R2'},{'D3'},{'D2'},{'D6'},{'R3'},,,&,1.0,&
{'R1'},{'D1'},{'D5'},{'D3'},{'D2'},{'D7'},{'R3'},{'R2'},,,&,1.0,&
{'R1'},{'D1'},{'D5'},{'R3'},,,,,,,&,1.0,&
{'R1'},{'D1'},{'D5'},{'R3'},{'D2'},,,,,,&,1.0,&
{'R1'},{'D1'},{'D7'},{'R2'},{'R3'},{'D2'},{'D3'},{'D5'},{'D6'},{'D4'},&,1.0,&
{'R1'},{'D1'},{'D7'},{'D2'},{'D3'},,,,,,&,1.0,&
{'R1'},{'D1'},{'R3'},,,,,,,,&,3.0,&
{'R1'},{'D1'},{'R3'},{'R2'},{'D2'},{'D7'},{'D3'},,,,&,1.0,&
{'R1'},{'D1'},{'R3'},{'R2'},{'D2'},{'D3'},,,,,&,1.0,&
{'R1'},{'D1'},{'R3'},{'R2'},{'D2'},{'D3'},{'D6'},{'D5'},{'D7'},,&,1.0,&
{'R1'},{'D1'},{'R3'},{'R2'},{'D2'},{'D3'},{'D4'},,,,&,1.0,&
{'R1'},{'D1'},{'R3'},{'R2'},{'D3'},,,,,,&,1.0,&
{'R1'},{'D1'},{'R3'},{'R2'},{'D3'},{'D7'},{'D2'},{'D5'},{'D6'},{'D4'},&,1.0,&
{'R1'},{'D1'},{'R3'},{'R2'},{'D3'},{'D2'},{'D5'},{'D7'},,,&,1.0,&
{'R1'},{'D1'},{'R3'},{'D3'},{'D2'},{'D4'},,,,,&,1.0,&
{'R1'},{'D1'},{'R3'},{'D7'},{'D2'},{'D3'},{'D6'},{'R2'},{'D5'},{'D4'},&,1.0,&
{'R1'},{'D1'},{'R3'},{'D6'},{'D2'},{'R2'},{'D3'},{'D7'},{'D5'},{'D4'},&,1.0,&
{'R1'},{'D1'},{'R3'},{'D2'},,,,,,,&,1.0,&
{'R1'},{'D1'},{'R3'},{'D2'},{'D3'},{'D7'},{'D6'},{'R2'},,,&,1.0,&
{'R1'},{'D1'},{'R3'},{'D2'},{'R2'},,,,,,&,1.0,&
{'R1'},{'D1'},{'R2'},,,,,,,,&,5.0,&
{'R1'},{'D1'},{'R2'},{'D3'},,,,,,,&,1.0,&
{'R1'},{'D1'},{'R2'},{'D3'},{'D2'},{'D6'},{'D7'},{'R3'},{'D5'},{'D4'},&,1.0,&
{'R1'},{'D1'},{'R2'},{'D3'},{'D6'},{'D2'},{'R3'},{'D4'},{'D5'},,&,1.0,&
{'R1'},{'D1'},{'R2'},{'D3'},{'D4'},{'D2'},,,,,&,1.0,&
{'R1'},{'D1'},{'R2'},{'D4'},,,,,,,&,1.0,&
{'R1'},{'D1'},{'R2'},{'R3'},,,,,,,&,3.0,&
{'R1'},{'D1'},{'R2'},{'R3'},{'D2'},{'D7'},{'D3'},{'D6'},,,&,1.0,&
{'R1'},{'D1'},{'R2'},{'R3'},{'D7'},{'D2'},{'D6'},,,,&,1.0,&
{'R1'},{'D1'},{'R2'},{'R3'},{'D5'},{'D3'},{'D2'},,,,&,1.0,&
{'R1'},{'D1'},{'R2'},{'D2'},,,,,,,&,1.0,&
{'R1'},{'D1'},{'R2'},{'D2'},{'D3'},,,,,,&,1.0,&
{'R1'},{'D1'},{'R2'},{'D2'},{'D3'},{'D5'},{'D6'},{'D7'},{'D4'},{'R3'},&,1.0,&
{'R1'},{'D1'},{'R2'},{'D2'},{'D3'},{'D6'},{'D7'},{'R3'},,,&,1.0,&
{'R1'},{'D1'},{'R2'},{'D2'},{'D3'},{'D6'},{'R3'},{'D4'},,,&,1.0,&
{'R1'},{'D1'},{'R2'},{'D2'},{'D3'},{'R3'},{'D7'},{'D5'},,,&,1.0,&
{'R1'},{'D1'},{'R2'},{'D2'},{'D3'},{'D4'},{'R3'},{'D7'},,,&,1.0,&
{'R1'},{'D1'},{'R2'},{'D2'},{'R3'},{'D3'},,,,,&,1.0,&
{'R1'},{'D1'},{'R2'},{'D2'},{'R3'},{'D3'},{'D7'},,,,&,1.0,&
{'R1'},{'D1'},{'D2'},,,,,,,,&,6.0,&
{'R1'},{'D1'},{'D2'},{'D5'},,,,,,,&,2.0,&
{'R1'},{'D1'},{'D2'},{'D5'},{'D3'},{'D7'},,,,,&,1.0,&
{'R1'},{'D1'},{'D2'},{'D3'},,,,,,,&,3.0,&
{'R1'},{'D1'},{'D2'},{'D3'},{'D6'},,,,,,&,1.0,&
{'R1'},{'D1'},{'D2'},{'D3'},{'D7'},,,,,,&,1.0,&
{'R1'},{'D1'},{'D2'},{'D3'},{'D7'},{'D6'},,,,,&,1.0,&
{'R1'},{'D1'},{'D2'},{'D3'},{'R3'},{'D7'},{'D5'},{'R2'},,,&,1.0,&
{'R1'},{'D1'},{'D2'},{'D3'},{'R3'},{'D5'},,,,,&,1.0,&
{'R1'},{'D1'},{'D2'},{'D3'},{'R3'},{'D5'},{'D6'},{'D7'},{'D4'},,&,1.0,&
{'R1'},{'D1'},{'D2'},{'D3'},{'R3'},{'R2'},,,,,&,1.0,&
{'R1'},{'D1'},{'D2'},{'D3'},{'R2'},{'R3'},{'D7'},{'D6'},,,&,1.0,&
{'R1'},{'D1'},{'D2'},{'D4'},{'R3'},{'R2'},{'D3'},,,,&,1.0,&
{'R1'},{'D1'},{'D2'},{'D7'},{'R2'},{'R3'},{'D6'},{'D5'},{'D3'},{'D4'},&,1.0,&
{'R1'},{'D1'},{'D2'},{'R3'},,,,,,,&,1.0,&
{'R1'},{'D1'},{'D2'},{'R3'},{'D7'},{'D5'},{'R2'},{'D3'},{'D6'},,&,1.0,&
{'R1'},{'D1'},{'D2'},{'R3'},{'D3'},,,,,,&,1.0,&
{'R1'},{'D1'},{'D2'},{'R3'},{'D3'},{'D5'},{'D7'},{'D6'},,,&,1.0,&
{'R1'},{'D1'},{'D2'},{'R3'},{'D3'},{'R2'},{'D5'},,,,&,1.0,&
{'R1'},{'D1'},{'D2'},{'R3'},{'D5'},{'D3'},,,,,&,1.0,&
{'R1'},{'D1'},{'D2'},{'R3'},{'R2'},{'D6'},,,,,&,1.0,&
{'R1'},{'D1'},{'D2'},{'R3'},{'R2'},{'D3'},,,,,&,1.0,&
{'R1'},{'D1'},{'D2'},{'D6'},{'D3'},{'R3'},{'D7'},,,,&,1.0,&
{'R1'},{'D1'},{'D4'},{'R2'},{'R3'},{'D2'},{'D7'},,,,&,1.0,&
{'R1'},{'D1'},{'D4'},{'R2'},{'R3'},{'D3'},,,,,&,1.0,&
{'R1'},{'D1'},{'D4'},{'D3'},{'D2'},{'D5'},{'D6'},{'R3'},{'D7'},{'R2'},&,1.0,&
{'R1'},{'D1'},{'D4'},{'D2'},{'D5'},{'R3'},,,,,&,1.0,&
{'R1'},{'R3'},,,,,,,,,&,8.0,&
{'R1'},{'R3'},{'D6'},{'R2'},{'D1'},{'D2'},,,,,&,1.0,&
{'R1'},{'R3'},{'D6'},{'D5'},{'D2'},{'R2'},,,,,&,1.0,&
{'R1'},{'R3'},{'D6'},{'D7'},,,,,,,&,1.0,&
{'R1'},{'R3'},{'D6'},{'D7'},{'D1'},,,,,,&,1.0,&
{'R1'},{'R3'},{'D6'},{'D2'},,,,,,,&,1.0,&
{'R1'},{'R3'},{'D6'},{'D2'},{'D1'},{'R2'},{'D3'},,,,&,1.0,&
{'R1'},{'R3'},{'D3'},,,,,,,,&,3.0,&
{'R1'},{'R3'},{'D3'},{'R2'},,,,,,,&,1.0,&
{'R1'},{'R3'},{'D3'},{'R2'},{'D6'},{'D2'},,,,,&,1.0,&
{'R1'},{'R3'},{'D3'},{'R2'},{'D1'},{'D6'},{'D2'},{'D4'},{'D5'},{'D7'},&,1.0,&
{'R1'},{'R3'},{'D3'},{'R2'},{'D1'},{'D2'},{'D5'},{'D7'},{'D6'},,&,1.0,&
{'R1'},{'R3'},{'D3'},{'D1'},{'R2'},{'D6'},{'D2'},,,,&,1.0,&
{'R1'},{'R3'},{'D3'},{'D5'},{'D2'},{'D6'},{'R2'},,,,&,1.0,&
{'R1'},{'R3'},{'D3'},{'D6'},{'D1'},{'D2'},{'D5'},{'D7'},{'R2'},,&,1.0,&
{'R1'},{'R3'},{'D3'},{'D6'},{'R2'},{'D1'},{'D2'},,,,&,1.0,&
{'R1'},{'R3'},{'D3'},{'D2'},,,,,,,&,1.0,&
{'R1'},{'R3'},{'D3'},{'D2'},{'D6'},{'D1'},,,,,&,1.0,&
{'R1'},{'R3'},{'D3'},{'D2'},{'D5'},,,,,,&,1.0,&
{'R1'},{'R3'},{'D3'},{'D2'},{'D1'},,,,,,&,1.0,&
{'R1'},{'R3'},{'D5'},,,,,,,,&,2.0,&
{'R1'},{'R3'},{'D5'},{'R2'},,,,,,,&,1.0,&
{'R1'},{'R3'},{'D5'},{'R2'},{'D3'},{'D1'},{'D2'},{'D6'},{'D7'},{'D4'},&,1.0,&
{'R1'},{'R3'},{'D5'},{'D1'},{'D3'},{'D2'},{'D7'},,,,&,1.0,&
{'R1'},{'R3'},{'D5'},{'D2'},{'R2'},,,,,,&,1.0,&
{'R1'},{'R3'},{'D1'},,,,,,,,&,4.0,&
{'R1'},{'R3'},{'D1'},{'R2'},,,,,,,&,1.0,&
{'R1'},{'R3'},{'D1'},{'R2'},{'D2'},{'D3'},{'D6'},,,,&,1.0,&
{'R1'},{'R3'},{'D1'},{'R2'},{'D2'},{'D3'},{'D6'},{'D5'},{'D7'},{'D4'},&,1.0,&
{'R1'},{'R3'},{'D1'},{'D5'},{'R2'},,,,,,&,1.0,&
{'R1'},{'R3'},{'D1'},{'D3'},{'D2'},,,,,,&,1.0,&
{'R1'},{'R3'},{'D1'},{'D3'},{'D2'},{'D7'},{'R2'},,,,&,1.0,&
{'R1'},{'R3'},{'D1'},{'D3'},{'D2'},{'R2'},{'D5'},{'D7'},{'D6'},,&,1.0,&
{'R1'},{'R3'},{'D1'},{'D3'},{'D2'},{'R2'},{'D6'},,,,&,1.0,&
{'R1'},{'R3'},{'D1'},{'D3'},{'D6'},{'R2'},,,,,&,1.0,&
{'R1'},{'R3'},{'D1'},{'D6'},{'R2'},{'D2'},,,,,&,1.0,&
{'R1'},{'R3'},{'D1'},{'D2'},{'D6'},{'D3'},{'D5'},{'R2'},{'D7'},,&,1.0,&
{'R1'},{'R3'},{'D1'},{'D2'},{'D3'},{'D7'},{'D5'},{'D6'},{'R2'},,&,1.0,&
{'R1'},{'R3'},{'D1'},{'D2'},{'D3'},{'D5'},,,,,&,1.0,&
{'R1'},{'R3'},{'D1'},{'D2'},{'D3'},{'D5'},{'D6'},{'R2'},{'D7'},{'D4'},&,1.0,&
{'R1'},{'R3'},{'D1'},{'D2'},{'D3'},{'R2'},,,,,&,1.0,&
{'R1'},{'R3'},{'D1'},{'D2'},{'D3'},{'D6'},{'R2'},{'D7'},{'D5'},,&,1.0,&
{'R1'},{'R3'},{'D1'},{'D2'},{'R2'},{'D3'},{'D7'},{'D5'},{'D6'},{'D4'},&,1.0,&
{'R1'},{'R3'},{'D7'},{'D6'},{'R2'},,,,,,&,1.0,&
{'R1'},{'R3'},{'R2'},,,,,,,,&,28.0,&
{'R1'},{'R3'},{'R2'},{'D1'},,,,,,,&,2.0,&
{'R1'},{'R3'},{'R2'},{'D1'},{'D2'},,,,,,&,1.0,&
{'R1'},{'R3'},{'R2'},{'D1'},{'D2'},{'D5'},,,,,&,1.0,&
{'R1'},{'R3'},{'R2'},{'D1'},{'D2'},{'D5'},{'D3'},{'D7'},,,&,1.0,&
{'R1'},{'R3'},{'R2'},{'D1'},{'D2'},{'D3'},,,,,&,1.0,&
{'R1'},{'R3'},{'R2'},{'D1'},{'D6'},,,,,,&,1.0,&
{'R1'},{'R3'},{'R2'},{'D1'},{'D3'},{'D2'},,,,,&,2.0,&
{'R1'},{'R3'},{'R2'},{'D1'},{'D3'},{'D2'},{'D6'},{'D5'},{'D4'},{'D7'},&,1.0,&
{'R1'},{'R3'},{'R2'},{'D1'},{'D4'},{'D5'},{'D2'},{'D3'},{'D6'},,&,1.0,&
{'R1'},{'R3'},{'R2'},{'D5'},{'D2'},,,,,,&,1.0,&
{'R1'},{'R3'},{'R2'},{'D3'},,,,,,,&,2.0,&
{'R1'},{'R3'},{'R2'},{'D3'},{'D2'},,,,,,&,1.0,&
{'R1'},{'R3'},{'R2'},{'D3'},{'D2'},{'D1'},{'D7'},,,,&,1.0,&
{'R1'},{'R3'},{'R2'},{'D3'},{'D2'},{'D1'},{'D5'},,,,&,1.0,&
{'R1'},{'R3'},{'R2'},{'D3'},{'D2'},{'D6'},,,,,&,1.0,&
{'R1'},{'R3'},{'R2'},{'D3'},{'D6'},{'D2'},{'D5'},{'D7'},{'D1'},{'D4'},&,1.0,&
{'R1'},{'R3'},{'R2'},{'D3'},{'D7'},{'D1'},{'D2'},,,,&,1.0,&
{'R1'},{'R3'},{'R2'},{'D3'},{'D1'},{'D6'},{'D2'},,,,&,1.0,&
{'R1'},{'R3'},{'R2'},{'D3'},{'D1'},{'D2'},,,,,&,1.0,&
{'R1'},{'R3'},{'R2'},{'D3'},{'D1'},{'D2'},{'D7'},,,,&,2.0,&
{'R1'},{'R3'},{'R2'},{'D3'},{'D1'},{'D2'},{'D5'},,,,&,1.0,&
{'R1'},{'R3'},{'R2'},{'D7'},{'D2'},,,,,,&,1.0,&
{'R1'},{'R3'},{'R2'},{'D7'},{'D2'},{'D1'},{'D5'},{'D6'},,,&,1.0,&
{'R1'},{'R3'},{'R2'},{'D7'},{'D6'},{'D2'},,,,,&,1.0,&
{'R1'},{'R3'},{'R2'},{'D7'},{'D3'},,,,,,&,1.0,&
{'R1'},{'R3'},{'R2'},{'D6'},,,,,,,&,1.0,&
{'R1'},{'R3'},{'R2'},{'D6'},{'D2'},{'D1'},,,,,&,1.0,&
{'R1'},{'R3'},{'R2'},{'D6'},{'D5'},{'D1'},{'D3'},,,,&,1.0,&
{'R1'},{'R3'},{'R2'},{'D2'},,,,,,,&,7.0,&
{'R1'},{'R3'},{'R2'},{'D2'},{'D3'},,,,,,&,2.0,&
{'R1'},{'R3'},{'R2'},{'D2'},{'D3'},{'D1'},{'D7'},{'D6'},{'D5'},{'D4'},&,1.0,&
{'R1'},{'R3'},{'R2'},{'D2'},{'D3'},{'D7'},{'D1'},{'D5'},{'D6'},{'D4'},&,1.0,&
{'R1'},{'R3'},{'R2'},{'D2'},{'D5'},{'D1'},{'D3'},{'D7'},,,&,1.0,&
{'R1'},{'R3'},{'R2'},{'D2'},{'D1'},,,,,,&,1.0,&
{'R1'},{'R3'},{'R2'},{'D2'},{'D1'},{'D3'},,,,,&,1.0,&
{'R1'},{'R3'},{'R2'},{'D2'},{'D1'},{'D3'},{'D5'},{'D6'},{'D7'},{'D4'},&,2.0,&
{'R1'},{'R3'},{'R2'},{'D2'},{'D1'},{'D3'},{'D6'},{'D5'},,,&,1.0,&
{'R1'},{'R3'},{'R2'},{'D2'},{'D1'},{'D3'},{'D4'},,,,&,1.0,&
{'R1'},{'R3'},{'D2'},,,,,,,,&,5.0,&
{'R1'},{'R3'},{'D2'},{'R2'},,,,,,,&,3.0,&
{'R1'},{'R3'},{'D2'},{'R2'},{'D3'},{'D1'},{'D5'},,,,&,1.0,&
{'R1'},{'R3'},{'D2'},{'R2'},{'D3'},{'D1'},{'D5'},{'D7'},{'D6'},{'D4'},&,1.0,&
{'R1'},{'R3'},{'D2'},{'R2'},{'D1'},{'D5'},{'D3'},{'D4'},{'D7'},,&,1.0,&
{'R1'},{'R3'},{'D2'},{'R2'},{'D1'},{'D3'},{'D7'},{'D6'},{'D5'},,&,1.0,&
{'R1'},{'R3'},{'D2'},{'R2'},{'D1'},{'D4'},{'D3'},,,,&,1.0,&
{'R1'},{'R3'},{'D2'},{'D1'},,,,,,,&,1.0,&
{'R1'},{'R3'},{'D2'},{'D1'},{'D3'},{'D7'},{'D4'},,,,&,1.0,&
{'R1'},{'R3'},{'D2'},{'D1'},{'R2'},,,,,,&,1.0,&
{'R1'},{'R3'},{'D2'},{'D1'},{'R2'},{'D5'},{'D3'},{'D7'},,,&,1.0,&
{'R1'},{'R3'},{'D2'},{'D5'},,,,,,,&,1.0,&
{'R1'},{'R3'},{'D2'},{'D3'},,,,,,,&,1.0,&
{'R1'},{'R3'},{'D2'},{'D3'},{'D6'},{'R2'},{'D4'},,,,&,1.0,&
{'R1'},{'R3'},{'D2'},{'D3'},{'R2'},{'D1'},{'D5'},{'D4'},{'D7'},{'D6'},&,1.0,&
{'R1'},{'R3'},{'D2'},{'D7'},{'D4'},{'D3'},{'D1'},{'D5'},{'R2'},{'D6'},&,1.0,&
{'R1'},{'R3'},{'D4'},{'D3'},{'D1'},{'D2'},{'R2'},{'D5'},{'D6'},,&,1.0,&
{'R1'},{'D2'},,,,,,,,,&,11.0,&
{'R1'},{'D2'},{'D6'},{'D1'},{'D3'},{'D5'},{'R2'},{'D7'},{'D4'},,&,1.0,&
{'R1'},{'D2'},{'D6'},{'D1'},{'D3'},{'R3'},{'D5'},{'D7'},{'D4'},{'R2'},&,1.0,&
{'R1'},{'D2'},{'D6'},{'D1'},{'R2'},{'R3'},{'D3'},,,,&,1.0,&
{'R1'},{'D2'},{'D6'},{'D3'},{'R3'},,,,,,&,1.0,&
{'R1'},{'D2'},{'D6'},{'D3'},{'D1'},{'D5'},{'D7'},{'D4'},,,&,1.0,&
{'R1'},{'D2'},{'D6'},{'D7'},{'R2'},{'D3'},{'D1'},{'R3'},,,&,1.0,&
{'R1'},{'D2'},{'D6'},{'R3'},{'D3'},{'R2'},{'D1'},{'D5'},,,&,1.0,&
{'R1'},{'D2'},{'D6'},{'R3'},{'R2'},,,,,,&,1.0,&
{'R1'},{'D2'},{'D3'},,,,,,,,&,6.0,&
{'R1'},{'D2'},{'D3'},{'R2'},{'D7'},{'R3'},{'D4'},{'D5'},{'D1'},,&,1.0,&
{'R1'},{'D2'},{'D3'},{'R2'},{'D5'},{'D1'},{'R3'},{'D6'},,,&,1.0,&
{'R1'},{'D2'},{'D3'},{'R2'},{'R3'},{'D1'},{'D7'},{'D5'},{'D6'},{'D4'},&,1.0,&
{'R1'},{'D2'},{'D3'},{'R2'},{'R3'},{'D7'},{'D6'},{'D1'},,,&,1.0,&
{'R1'},{'D2'},{'D3'},{'R2'},{'D1'},{'D6'},,,,,&,1.0,&
{'R1'},{'D2'},{'D3'},{'R2'},{'D1'},{'R3'},{'D4'},{'D7'},{'D5'},,&,1.0,&
{'R1'},{'D2'},{'D3'},{'D1'},,,,,,,&,6.0,&
{'R1'},{'D2'},{'D3'},{'D1'},{'D6'},{'R3'},{'R2'},,,,&,1.0,&
{'R1'},{'D2'},{'D3'},{'D1'},{'D7'},{'R2'},{'R3'},,,,&,1.0,&
{'R1'},{'D2'},{'D3'},{'D1'},{'D5'},,,,,,&,1.0,&
{'R1'},{'D2'},{'D3'},{'D1'},{'D5'},{'D4'},{'D7'},{'R2'},{'D6'},,&,1.0,&
{'R1'},{'D2'},{'D3'},{'D1'},{'R3'},{'R2'},{'D6'},{'D7'},{'D5'},{'D4'},&,1.0,&
{'R1'},{'D2'},{'D3'},{'D1'},{'R3'},{'R2'},{'D6'},{'D5'},,,&,1.0,&
{'R1'},{'D2'},{'D3'},{'D1'},{'R2'},,,,,,&,1.0,&
{'R1'},{'D2'},{'D3'},{'D1'},{'R2'},{'D7'},{'R3'},{'D5'},{'D6'},{'D4'},&,1.0,&
{'R1'},{'D2'},{'D3'},{'D1'},{'R2'},{'D7'},{'D5'},{'D6'},{'D4'},{'R3'},&,1.0,&
{'R1'},{'D2'},{'D3'},{'D1'},{'R2'},{'D5'},,,,,&,1.0,&
{'R1'},{'D2'},{'D3'},{'D1'},{'D4'},{'R3'},{'D7'},,,,&,1.0,&
{'R1'},{'D2'},{'D3'},{'D5'},{'R3'},{'R2'},,,,,&,1.0,&
{'R1'},{'D2'},{'D3'},{'D7'},{'D6'},{'D1'},{'R3'},{'D5'},{'D4'},,&,1.0,&
{'R1'},{'D2'},{'D3'},{'D7'},{'R2'},{'D1'},,,,,&,1.0,&
{'R1'},{'D2'},{'D3'},{'R3'},,,,,,,&,2.0,&
{'R1'},{'D2'},{'D3'},{'R3'},{'D7'},,,,,,&,1.0,&
{'R1'},{'D2'},{'D3'},{'R3'},{'D5'},{'D1'},{'D6'},{'D4'},{'R2'},{'D7'},&,1.0,&
{'R1'},{'D2'},{'D3'},{'R3'},{'D5'},{'R2'},{'D7'},,,,&,1.0,&
{'R1'},{'D2'},{'D3'},{'R3'},{'D1'},{'R2'},{'D4'},{'D5'},,,&,1.0,&
{'R1'},{'D2'},{'D3'},{'R3'},{'D1'},{'D6'},{'D7'},{'D5'},{'D4'},,&,1.0,&
{'R1'},{'D2'},{'D3'},{'D6'},,,,,,,&,1.0,&
{'R1'},{'D2'},{'D3'},{'D6'},{'R3'},{'R2'},{'D1'},{'D7'},,,&,1.0,&
{'R1'},{'D2'},{'D3'},{'D6'},{'D1'},{'D5'},{'R2'},{'R3'},{'D7'},,&,1.0,&
{'R1'},{'D2'},{'D5'},,,,,,,,&,2.0,&
{'R1'},{'D2'},{'D5'},{'D1'},{'D3'},{'R2'},,,,,&,1.0,&
{'R1'},{'D2'},{'D5'},{'D1'},{'R2'},{'D3'},{'R3'},{'D6'},,,&,1.0,&
{'R1'},{'D2'},{'D5'},{'R3'},{'D6'},{'R2'},{'D3'},,,,&,1.0,&
{'R1'},{'D2'},{'D5'},{'R3'},{'D3'},{'D1'},,,,,&,1.0,&
{'R1'},{'D2'},{'D5'},{'R3'},{'R2'},{'D6'},{'D3'},,,,&,1.0,&
{'R1'},{'D2'},{'D1'},,,,,,,,&,4.0,&
{'R1'},{'D2'},{'D1'},{'R2'},,,,,,,&,1.0,&
{'R1'},{'D2'},{'D1'},{'R2'},{'D3'},,,,,,&,1.0,&
{'R1'},{'D2'},{'D1'},{'R2'},{'R3'},{'D6'},{'D5'},{'D3'},{'D4'},{'D7'},&,1.0,&
{'R1'},{'D2'},{'D1'},{'R2'},{'R3'},{'D3'},{'D6'},,,,&,1.0,&
{'R1'},{'D2'},{'D1'},{'D5'},{'D3'},{'D6'},{'D4'},{'D7'},{'R3'},{'R2'},&,1.0,&
{'R1'},{'D2'},{'D1'},{'D3'},,,,,,,&,1.0,&
{'R1'},{'D2'},{'D1'},{'D3'},{'D6'},{'R2'},{'R3'},{'D5'},,,&,1.0,&
{'R1'},{'D2'},{'D1'},{'D3'},{'D6'},{'R3'},{'R2'},{'D7'},,,&,1.0,&
{'R1'},{'D2'},{'D1'},{'D3'},{'D7'},{'D6'},{'D5'},{'R3'},{'D4'},{'R2'},&,1.0,&
{'R1'},{'D2'},{'D1'},{'D3'},{'D5'},{'R2'},{'D6'},{'R3'},{'D7'},{'D4'},&,1.0,&
{'R1'},{'D2'},{'D1'},{'D3'},{'D5'},{'D6'},{'R2'},,,,&,1.0,&
{'R1'},{'D2'},{'D1'},{'D3'},{'R3'},,,,,,&,1.0,&
{'R1'},{'D2'},{'D1'},{'D3'},{'R2'},,,,,,&,1.0,&
{'R1'},{'D2'},{'D1'},{'D3'},{'R2'},{'D6'},,,,,&,1.0,&
{'R1'},{'D2'},{'D1'},{'D4'},,,,,,,&,1.0,&
{'R1'},{'D2'},{'D1'},{'R3'},{'D3'},{'R2'},{'D5'},,,,&,1.0,&
{'R1'},{'D2'},{'D1'},{'R3'},{'D3'},{'D6'},{'R2'},{'D7'},{'D5'},,&,1.0,&
{'R1'},{'D2'},{'D1'},{'R3'},{'D5'},{'D3'},{'D7'},{'D6'},{'D4'},,&,1.0,&
{'R1'},{'D2'},{'D1'},{'R3'},{'R2'},,,,,,&,1.0,&
{'R1'},{'D2'},{'D1'},{'R3'},{'R2'},{'D3'},{'D7'},{'D6'},{'D5'},{'D4'},&,1.0,&
{'R1'},{'D2'},{'D1'},{'D6'},{'D3'},{'D5'},{'R2'},{'D7'},{'R3'},{'D4'},&,1.0,&
{'R1'},{'D2'},{'D1'},{'D6'},{'R3'},{'D3'},,,,,&,1.0,&
{'R1'},{'D2'},{'D1'},{'D6'},{'R2'},{'R3'},{'D4'},{'D3'},,,&,1.0,&
{'R1'},{'D2'},{'D1'},{'D6'},{'R2'},{'D3'},{'D7'},{'R3'},,,&,1.0,&
{'R1'},{'D2'},{'D7'},,,,,,,,&,1.0,&
{'R1'},{'D2'},{'D7'},{'R2'},{'D3'},{'D5'},{'D1'},{'D6'},{'R3'},{'D4'},&,1.0,&
{'R1'},{'D2'},{'D7'},{'R2'},{'R3'},{'D3'},{'D1'},,,,&,1.0,&
{'R1'},{'D2'},{'R3'},,,,,,,,&,1.0,&
{'R1'},{'D2'},{'R3'},{'R2'},,,,,,,&,1.0,&
{'R1'},{'D2'},{'R3'},{'R2'},{'D6'},,,,,,&,1.0,&
{'R1'},{'D2'},{'R3'},{'R2'},{'D7'},{'D6'},{'D3'},{'D1'},,,&,1.0,&
{'R1'},{'D2'},{'R3'},{'R2'},{'D3'},,,,,,&,1.0,&
{'R1'},{'D2'},{'R3'},{'R2'},{'D3'},{'D1'},{'D6'},{'D7'},{'D4'},,&,1.0,&
{'R1'},{'D2'},{'R3'},{'R2'},{'D5'},{'D1'},,,,,&,1.0,&
{'R1'},{'D2'},{'R3'},{'R2'},{'D1'},,,,,,&,1.0,&
{'R1'},{'D2'},{'R3'},{'R2'},{'D1'},{'D3'},{'D7'},{'D5'},{'D6'},{'D4'},&,1.0,&
{'R1'},{'D2'},{'R3'},{'R2'},{'D1'},{'D3'},{'D6'},{'D5'},{'D7'},,&,1.0,&
{'R1'},{'D2'},{'R3'},{'R2'},{'D4'},{'D1'},,,,,&,1.0,&
{'R1'},{'D2'},{'R3'},{'D1'},{'D7'},,,,,,&,1.0,&
{'R1'},{'D2'},{'R3'},{'D1'},{'D3'},{'D6'},{'R2'},,,,&,1.0,&
{'R1'},{'D2'},{'R3'},{'D1'},{'R2'},,,,,,&,1.0,&
{'R1'},{'D2'},{'R3'},{'D5'},{'D6'},{'D1'},,,,,&,1.0,&
{'R1'},{'D2'},{'R3'},{'D3'},,,,,,,&,2.0,&
{'R1'},{'D2'},{'R3'},{'D3'},{'D6'},,,,,,&,1.0,&
{'R1'},{'D2'},{'R3'},{'D3'},{'D5'},{'D1'},,,,,&,1.0,&
{'R1'},{'D2'},{'R3'},{'D3'},{'D1'},{'D7'},{'R2'},,,,&,1.0,&
{'R1'},{'D2'},{'R3'},{'D3'},{'D1'},{'D5'},,,,,&,1.0,&
{'R1'},{'D2'},{'R3'},{'D3'},{'D1'},{'D6'},{'R2'},{'D7'},,,&,1.0,&
{'R1'},{'D2'},{'R3'},{'D3'},{'R2'},{'D1'},{'D6'},,,,&,2.0,&
{'R1'},{'D2'},{'R3'},{'D7'},{'R2'},,,,,,&,1.0,&
{'R1'},{'D2'},{'R3'},{'D6'},{'D1'},{'D3'},{'D7'},{'D5'},{'R2'},{'D4'},&,1.0,&
{'R1'},{'D2'},{'R3'},{'D6'},{'R2'},,,,,,&,1.0,&
{'R1'},{'D2'},{'R2'},,,,,,,,&,7.0,&
{'R1'},{'D2'},{'R2'},{'D1'},,,,,,,&,1.0,&
{'R1'},{'D2'},{'R2'},{'D1'},{'D6'},{'D7'},{'R3'},{'D3'},{'D5'},,&,1.0,&
{'R1'},{'D2'},{'R2'},{'D1'},{'D6'},{'D3'},{'D5'},{'D7'},{'D4'},{'R3'},&,1.0,&
{'R1'},{'D2'},{'R2'},{'D1'},{'D7'},{'R3'},{'D3'},{'D5'},{'D6'},,&,1.0,&
{'R1'},{'D2'},{'R2'},{'D1'},{'D7'},{'D3'},{'R3'},{'D5'},{'D6'},,&,1.0,&
{'R1'},{'D2'},{'R2'},{'D1'},{'D3'},{'R3'},{'D6'},,,,&,1.0,&
{'R1'},{'D2'},{'R2'},{'D1'},{'D3'},{'D4'},,,,,&,2.0,&
{'R1'},{'D2'},{'R2'},{'D5'},,,,,,,&,2.0,&
{'R1'},{'D2'},{'R2'},{'D5'},{'D7'},{'D3'},,,,,&,1.0,&
{'R1'},{'D2'},{'R2'},{'D5'},{'R3'},{'D3'},{'D1'},,,,&,1.0,&
{'R1'},{'D2'},{'R2'},{'D3'},{'R3'},{'D1'},{'D7'},,,,&,1.0,&
{'R1'},{'D2'},{'R2'},{'D3'},{'D1'},{'D6'},{'R3'},{'D5'},{'D4'},,&,1.0,&
{'R1'},{'D2'},{'R2'},{'D7'},,,,,,,&,1.0,&
{'R1'},{'D2'},{'R2'},{'R3'},{'D3'},{'D1'},{'D6'},{'D5'},,,&,1.0,&
{'R1'},{'D2'},{'R2'},{'R3'},{'D3'},{'D7'},{'D1'},,,,&,1.0,&
{'R1'},{'D2'},{'R2'},{'R3'},{'D3'},{'D6'},,,,,&,1.0,&
{'R1'},{'D2'},{'R2'},{'R3'},{'D3'},{'D6'},{'D4'},{'D1'},,,&,1.0,&
{'R1'},{'D2'},{'R2'},{'R3'},{'D5'},{'D6'},{'D3'},,,,&,1.0,&
{'R1'},{'D2'},{'R2'},{'R3'},{'D1'},,,,,,&,1.0,&
{'R1'},{'D2'},{'R2'},{'R3'},{'D1'},{'D6'},{'D3'},{'D7'},{'D4'},,&,1.0,&
{'R1'},{'D2'},{'D4'},,,,,,,,&,2.0,&
{'R1'},{'D2'},{'D4'},{'D1'},,,,,,,&,1.0,&
{'R1'},{'D2'},{'D4'},{'R3'},,,,,,,&,1.0,&
{'R1'},{'D2'},{'D4'},{'R3'},{'R2'},{'D1'},{'D7'},{'D5'},{'D3'},{'D6'},&,1.0,&
{'R1'},{'D2'},{'D4'},{'R3'},{'R2'},{'D1'},{'D3'},{'D5'},,,&,1.0,&
{'R1'},{'R2'},,,,,,,,,&,21.0,&
{'R1'},{'R2'},{'D6'},{'D1'},{'D3'},{'R3'},,,,,&,1.0,&
{'R1'},{'R2'},{'D6'},{'R3'},,,,,,,&,1.0,&
{'R1'},{'R2'},{'D6'},{'R3'},{'D2'},{'D3'},,,,,&,1.0,&
{'R1'},{'R2'},{'D6'},{'R3'},{'D1'},{'D2'},{'D3'},{'D5'},{'D7'},,&,1.0,&
{'R1'},{'R2'},{'D3'},,,,,,,,&,1.0,&
{'R1'},{'R2'},{'D3'},{'D1'},{'D2'},{'R3'},,,,,&,1.0,&
{'R1'},{'R2'},{'D3'},{'D1'},{'D6'},{'D2'},{'R3'},{'D7'},,,&,1.0,&
{'R1'},{'R2'},{'D3'},{'D1'},{'R3'},{'D2'},{'D7'},{'D6'},,,&,1.0,&
{'R1'},{'R2'},{'D3'},{'D1'},{'R3'},{'D2'},{'D5'},{'D4'},,,&,1.0,&
{'R1'},{'R2'},{'D3'},{'D5'},{'D2'},{'R3'},{'D1'},{'D6'},,,&,1.0,&
{'R1'},{'R2'},{'D3'},{'R3'},,,,,,,&,1.0,&
{'R1'},{'R2'},{'D3'},{'R3'},{'D2'},{'D1'},{'D6'},{'D7'},{'D5'},,&,1.0,&
{'R1'},{'R2'},{'D3'},{'R3'},{'D2'},{'D6'},{'D1'},{'D7'},,,&,1.0,&
{'R1'},{'R2'},{'D3'},{'R3'},{'D1'},{'D2'},{'D6'},{'D4'},{'D5'},{'D7'},&,1.0,&
{'R1'},{'R2'},{'D3'},{'D6'},,,,,,,&,1.0,&
{'R1'},{'R2'},{'D3'},{'D6'},{'R3'},{'D2'},{'D1'},{'D7'},,,&,1.0,&
{'R1'},{'R2'},{'D3'},{'D2'},,,,,,,&,1.0,&
{'R1'},{'R2'},{'D3'},{'D2'},{'D6'},,,,,,&,2.0,&
{'R1'},{'R2'},{'D3'},{'D2'},{'D1'},{'R3'},,,,,&,1.0,&
{'R1'},{'R2'},{'D5'},,,,,,,,&,1.0,&
{'R1'},{'R2'},{'D5'},{'R3'},{'D3'},{'D2'},{'D1'},{'D4'},{'D6'},{'D7'},&,1.0,&
{'R1'},{'R2'},{'D5'},{'D2'},,,,,,,&,1.0,&
{'R1'},{'R2'},{'D5'},{'D2'},{'R3'},{'D1'},{'D3'},{'D6'},,,&,1.0,&
{'R1'},{'R2'},{'D1'},,,,,,,,&,7.0,&
{'R1'},{'R2'},{'D1'},{'D5'},{'D3'},{'R3'},{'D2'},{'D7'},{'D6'},,&,1.0,&
{'R1'},{'R2'},{'D1'},{'D3'},{'D2'},,,,,,&,1.0,&
{'R1'},{'R2'},{'D1'},{'D3'},{'D2'},{'D5'},{'D7'},{'D6'},{'R3'},,&,1.0,&
{'R1'},{'R2'},{'D1'},{'D3'},{'D2'},{'R3'},{'D5'},{'D7'},{'D4'},{'D6'},&,1.0,&
{'R1'},{'R2'},{'D1'},{'D3'},{'R3'},,,,,,&,1.0,&
{'R1'},{'R2'},{'D1'},{'D3'},{'R3'},{'D6'},{'D2'},{'D5'},{'D4'},,&,1.0,&
{'R1'},{'R2'},{'D1'},{'D3'},{'R3'},{'D2'},{'D5'},{'D6'},{'D4'},{'D7'},&,1.0,&
{'R1'},{'R2'},{'D1'},{'D3'},{'R3'},{'D2'},{'D6'},,,,&,1.0,&
{'R1'},{'R2'},{'D1'},{'R3'},,,,,,,&,4.0,&
{'R1'},{'R2'},{'D1'},{'R3'},{'D2'},{'D3'},{'D5'},,,,&,1.0,&
{'R1'},{'R2'},{'D1'},{'R3'},{'D6'},{'D2'},{'D3'},{'D4'},{'D7'},{'D5'},&,1.0,&
{'R1'},{'R2'},{'D1'},{'R3'},{'D3'},{'D7'},{'D5'},{'D2'},{'D6'},{'D4'},&,1.0,&
{'R1'},{'R2'},{'D1'},{'R3'},{'D5'},{'D3'},{'D2'},{'D6'},,,&,1.0,&
{'R1'},{'R2'},{'D1'},{'D6'},{'R3'},,,,,,&,1.0,&
{'R1'},{'R2'},{'D1'},{'D2'},{'D3'},{'D5'},{'D6'},{'D4'},{'R3'},{'D7'},&,1.0,&
{'R1'},{'R2'},{'D1'},{'D2'},{'D3'},{'R3'},{'D6'},{'D7'},,,&,1.0,&
{'R1'},{'R2'},{'D1'},{'D2'},{'R3'},{'D7'},{'D6'},{'D3'},,,&,1.0,&
{'R1'},{'R2'},{'D7'},{'R3'},,,,,,,&,1.0,&
{'R1'},{'R2'},{'D7'},{'R3'},{'D3'},,,,,,&,1.0,&
{'R1'},{'R2'},{'D7'},{'D6'},{'D3'},{'R3'},{'D2'},,,,&,1.0,&
{'R1'},{'R2'},{'D7'},{'D6'},{'R3'},,,,,,&,1.0,&
{'R1'},{'R2'},{'R3'},,,,,,,,&,26.0,&
{'R1'},{'R2'},{'R3'},{'D1'},,,,,,,&,4.0,&
{'R1'},{'R2'},{'R3'},{'D1'},{'D2'},,,,,,&,1.0,&
{'R1'},{'R2'},{'R3'},{'D1'},{'D2'},{'D7'},{'D3'},{'D6'},{'D5'},{'D4'},&,1.0,&
{'R1'},{'R2'},{'R3'},{'D1'},{'D2'},{'D3'},{'D7'},{'D5'},,,&,1.0,&
{'R1'},{'R2'},{'R3'},{'D1'},{'D2'},{'D3'},{'D6'},{'D5'},{'D7'},{'D4'},&,1.0,&
{'R1'},{'R2'},{'R3'},{'D1'},{'D6'},,,,,,&,1.0,&
{'R1'},{'R2'},{'R3'},{'D1'},{'D6'},{'D2'},,,,,&,1.0,&
{'R1'},{'R2'},{'R3'},{'D1'},{'D3'},,,,,,&,1.0,&
{'R1'},{'R2'},{'R3'},{'D1'},{'D3'},{'D2'},{'D6'},,,,&,1.0,&
{'R1'},{'R2'},{'R3'},{'D1'},{'D5'},{'D2'},{'D3'},{'D7'},,,&,1.0,&
{'R1'},{'R2'},{'R3'},{'D5'},,,,,,,&,1.0,&
{'R1'},{'R2'},{'R3'},{'D3'},,,,,,,&,2.0,&
{'R1'},{'R2'},{'R3'},{'D3'},{'D2'},,,,,,&,2.0,&
{'R1'},{'R2'},{'R3'},{'D3'},{'D2'},{'D1'},{'D7'},{'D4'},,,&,1.0,&
{'R1'},{'R2'},{'R3'},{'D3'},{'D2'},{'D5'},,,,,&,1.0,&
{'R1'},{'R2'},{'R3'},{'D3'},{'D6'},,,,,,&,1.0,&
{'R1'},{'R2'},{'R3'},{'D3'},{'D6'},{'D1'},{'D5'},{'D2'},{'D7'},,&,1.0,&
{'R1'},{'R2'},{'R3'},{'D3'},{'D6'},{'D2'},{'D1'},{'D5'},,,&,1.0,&
{'R1'},{'R2'},{'R3'},{'D3'},{'D7'},{'D1'},{'D2'},,,,&,1.0,&
{'R1'},{'R2'},{'R3'},{'D3'},{'D5'},,,,,,&,1.0,&
{'R1'},{'R2'},{'R3'},{'D3'},{'D5'},{'D2'},{'D6'},,,,&,1.0,&
{'R1'},{'R2'},{'R3'},{'D3'},{'D1'},,,,,,&,1.0,&
{'R1'},{'R2'},{'R3'},{'D3'},{'D1'},{'D5'},,,,,&,1.0,&
{'R1'},{'R2'},{'R3'},{'D3'},{'D1'},{'D2'},{'D5'},{'D6'},{'D7'},{'D4'},&,1.0,&
{'R1'},{'R2'},{'R3'},{'D7'},,,,,,,&,1.0,&
{'R1'},{'R2'},{'R3'},{'D7'},{'D2'},{'D1'},,,,,&,1.0,&
{'R1'},{'R2'},{'R3'},{'D7'},{'D5'},,,,,,&,1.0,&
{'R1'},{'R2'},{'R3'},{'D6'},{'D2'},,,,,,&,1.0,&
{'R1'},{'R2'},{'R3'},{'D6'},{'D3'},{'D2'},,,,,&,1.0,&
{'R1'},{'R2'},{'R3'},{'D6'},{'D1'},{'D2'},,,,,&,1.0,&
{'R1'},{'R2'},{'R3'},{'D2'},,,,,,,&,4.0,&
{'R1'},{'R2'},{'R3'},{'D2'},{'D6'},{'D3'},{'D1'},{'D4'},{'D5'},{'D7'},&,1.0,&
{'R1'},{'R2'},{'R3'},{'D2'},{'D7'},,,,,,&,1.0,&
{'R1'},{'R2'},{'R3'},{'D2'},{'D7'},{'D1'},{'D6'},,,,&,1.0,&
{'R1'},{'R2'},{'R3'},{'D2'},{'D7'},{'D6'},,,,,&,1.0,&
{'R1'},{'R2'},{'R3'},{'D2'},{'D3'},{'D1'},{'D7'},,,,&,2.0,&
{'R1'},{'R2'},{'R3'},{'D2'},{'D3'},{'D1'},{'D7'},{'D4'},,,&,1.0,&
{'R1'},{'R2'},{'R3'},{'D2'},{'D3'},{'D6'},{'D1'},{'D5'},{'D7'},{'D4'},&,1.0,&
{'R1'},{'R2'},{'R3'},{'D2'},{'D3'},{'D4'},{'D1'},,,,&,1.0,&
{'R1'},{'R2'},{'R3'},{'D2'},{'D5'},{'D3'},{'D1'},{'D7'},{'D6'},,&,1.0,&
{'R1'},{'R2'},{'R3'},{'D2'},{'D1'},,,,,,&,1.0,&
{'R1'},{'R2'},{'R3'},{'D2'},{'D1'},{'D7'},,,,,&,1.0,&
{'R1'},{'R2'},{'R3'},{'D2'},{'D1'},{'D5'},,,,,&,1.0,&
{'R1'},{'R2'},{'R3'},{'D2'},{'D1'},{'D3'},,,,,&,1.0,&
{'R1'},{'R2'},{'R3'},{'D2'},{'D1'},{'D3'},{'D7'},,,,&,1.0,&
{'R1'},{'R2'},{'R3'},{'D2'},{'D1'},{'D3'},{'D7'},{'D5'},,,&,1.0,&
{'R1'},{'R2'},{'R3'},{'D2'},{'D1'},{'D3'},{'D6'},{'D4'},{'D5'},{'D7'},&,1.0,&
{'R1'},{'R2'},{'R3'},{'D2'},{'D1'},{'D3'},{'D4'},,,,&,1.0,&
{'R1'},{'R2'},{'R3'},{'D2'},{'D1'},{'D3'},{'D4'},{'D6'},{'D5'},{'D7'},&,1.0,&
{'R1'},{'R2'},{'D2'},,,,,,,,&,7.0,&
{'R1'},{'R2'},{'D2'},{'D1'},,,,,,,&,3.0,&
{'R1'},{'R2'},{'D2'},{'D1'},{'D3'},{'D6'},{'D4'},,,,&,1.0,&
{'R1'},{'R2'},{'D2'},{'D1'},{'D3'},{'R3'},{'D6'},{'D7'},{'D5'},{'D4'},&,1.0,&
{'R1'},{'R2'},{'D2'},{'D1'},{'D5'},{'D3'},{'R3'},{'D6'},,,&,1.0,&
{'R1'},{'R2'},{'D2'},{'D5'},{'D1'},{'R3'},{'D6'},,,,&,1.0,&
{'R1'},{'R2'},{'D2'},{'D3'},,,,,,,&,3.0,&
{'R1'},{'R2'},{'D2'},{'D3'},{'R3'},,,,,,&,1.0,&
{'R1'},{'R2'},{'D2'},{'D3'},{'R3'},{'D1'},{'D7'},{'D6'},{'D5'},{'D4'},&,1.0,&
{'R1'},{'R2'},{'D2'},{'D3'},{'D1'},,,,,,&,1.0,&
{'R1'},{'R2'},{'D2'},{'D4'},{'D1'},{'D7'},{'R3'},{'D3'},,,&,1.0,&
{'R1'},{'R2'},{'D2'},{'D7'},{'D3'},{'D1'},{'D6'},,,,&,1.0,&
{'R1'},{'R2'},{'D2'},{'D7'},{'R3'},{'D6'},{'D3'},{'D1'},,,&,1.0,&
{'R1'},{'R2'},{'D2'},{'D7'},{'R3'},{'D3'},{'D1'},{'D6'},{'D4'},{'D5'},&,1.0,&
{'R1'},{'R2'},{'D2'},{'R3'},{'D3'},,,,,,&,1.0,&
{'R1'},{'R2'},{'D2'},{'R3'},{'D3'},{'D1'},,,,,&,1.0,&
{'R1'},{'R2'},{'D2'},{'R3'},{'D3'},{'D1'},{'D6'},{'D7'},,,&,1.0,&
{'R1'},{'R2'},{'D2'},{'R3'},{'D3'},{'D5'},{'D1'},{'D6'},{'D4'},,&,1.0,&
{'R1'},{'R2'},{'D2'},{'R3'},{'D1'},,,,,,&,1.0,&
{'R1'},{'R2'},{'D2'},{'R3'},{'D1'},{'D7'},{'D3'},,,,&,1.0,&
{'R1'},{'R2'},{'D2'},{'R3'},{'D1'},{'D5'},,,,,&,1.0,&
{'R1'},{'R2'},{'D2'},{'R3'},{'D1'},{'D3'},{'D6'},{'D5'},,,&,1.0,&
{'R1'},{'R2'},{'D2'},{'R3'},{'D1'},{'D3'},{'D6'},{'D5'},{'D7'},{'D4'},&,1.0,&
{'R1'},{'R2'},{'D2'},{'D6'},{'D3'},{'R3'},{'D1'},{'D5'},{'D7'},{'D4'},&,1.0,&
{'R1'},{'R2'},{'D2'},{'D6'},{'R3'},{'D3'},{'D7'},,,,&,1.0,&
{'R1'},{'R2'},{'D4'},{'R3'},{'D2'},,,,,,&,1.0,&
{'R1'},{'R2'},{'D4'},{'D2'},{'R3'},,,,,,&,1.0,&
{'R1'},{'D6'},{'D3'},{'D2'},{'D1'},{'R3'},{'R2'},{'D5'},{'D7'},{'D4'},&,1.0,&
{'R1'},{'D6'},{'D5'},{'D1'},{'R2'},{'R3'},{'D2'},{'D3'},,,&,1.0,&
{'R1'},{'D6'},{'D5'},{'D2'},{'D3'},{'D7'},{'R2'},{'D1'},{'D4'},{'R3'},&,1.0,&
{'R1'},{'D6'},{'D5'},{'D2'},{'R3'},{'D1'},{'R2'},{'D3'},{'D4'},,&,1.0,&
{'R1'},{'D6'},{'D1'},,,,,,,,&,2.0,&
{'R1'},{'D6'},{'D1'},{'D2'},{'D3'},{'D4'},,,,,&,1.0,&
{'R1'},{'D6'},{'R2'},{'D1'},{'D3'},,,,,,&,1.0,&
{'R1'},{'D6'},{'R2'},{'D1'},{'R3'},{'D2'},{'D3'},{'D7'},{'D5'},,&,1.0,&
{'R1'},{'D6'},{'R2'},{'R3'},,,,,,,&,1.0,&
{'R1'},{'D6'},{'R2'},{'R3'},{'D7'},,,,,,&,1.0,&
{'R1'},{'D6'},{'D2'},{'R2'},{'R3'},,,,,,&,1.0,&
{'R1'},{'D6'},{'D2'},{'D1'},{'R3'},,,,,,&,1.0,&
{'R1'},{'D6'},{'D2'},{'D7'},{'R2'},{'D1'},{'D3'},{'R3'},{'D4'},{'D5'},&,1.0,&
{'R1'},{'D6'},{'D4'},{'D5'},{'R2'},{'R3'},{'D2'},,,,&,1.0,&
{'R1'},{'D5'},{'D3'},{'D2'},{'D1'},{'R3'},{'R2'},,,,&,1.0,&
{'R1'},{'D5'},{'D1'},,,,,,,,&,1.0,&
{'R1'},{'D5'},{'D1'},{'R2'},{'R3'},,,,,,&,1.0,&
{'R1'},{'D5'},{'D1'},{'D6'},{'R2'},,,,,,&,1.0,&
{'R1'},{'D5'},{'D7'},,,,,,,,&,1.0,&
{'R1'},{'D5'},{'R3'},,,,,,,,&,1.0,&
{'R1'},{'D5'},{'R2'},,,,,,,,&,1.0,&
{'R1'},{'D5'},{'R2'},{'D1'},{'R3'},,,,,,&,1.0,&
{'R1'},{'D5'},{'R2'},{'D3'},,,,,,,&,1.0,&
{'R1'},{'D5'},{'R2'},{'R3'},,,,,,,&,1.0,&
{'R1'},{'D5'},{'D2'},,,,,,,,&,1.0,&
{'R1'},{'D5'},{'D2'},{'R2'},{'D6'},{'D1'},{'D3'},{'R3'},{'D7'},,&,1.0,&
{'R1'},{'D5'},{'D2'},{'D1'},{'R2'},{'D7'},{'D3'},{'D6'},{'D4'},{'R3'},&,1.0,&
{'R1'},{'D5'},{'D2'},{'D3'},{'D6'},{'R2'},{'R3'},{'D7'},{'D1'},,&,1.0,&
{'R1'},{'D5'},{'D2'},{'R3'},{'R2'},,,,,,&,1.0,&
{'R1'},{'D4'},{'D3'},{'D2'},{'R3'},{'D7'},{'R2'},{'D6'},{'D1'},,&,1.0,&
{'R1'},{'D4'},{'D3'},{'D2'},{'D1'},{'R2'},,,,,&,1.0,&
{'R1'},{'D4'},{'D3'},{'D2'},{'D1'},{'R3'},{'R2'},,,,&,1.0,&
{'R1'},{'D4'},{'D2'},{'R2'},{'R3'},{'D3'},{'D5'},{'D1'},{'D7'},{'D6'},&,1.0,&
{'R1'},{'D4'},{'D2'},{'D7'},{'R3'},{'R2'},,,,,&,1.0,&
{'R1'},{'D3'},,,,,,,,,&,4.0,&
{'R1'},{'D3'},{'D6'},,,,,,,,&,2.0,&
{'R1'},{'D3'},{'D6'},{'R2'},{'D2'},,,,,,&,1.0,&
{'R1'},{'D3'},{'D6'},{'R2'},{'R3'},{'D1'},{'D2'},{'D7'},{'D5'},{'D4'},&,1.0,&
{'R1'},{'D3'},{'D6'},{'R2'},{'R3'},{'D2'},{'D7'},,,,&,1.0,&
{'R1'},{'D3'},{'D6'},{'D1'},{'D7'},{'R3'},{'D2'},{'R2'},{'D5'},,&,1.0,&
{'R1'},{'D3'},{'D6'},{'R3'},{'R2'},,,,,,&,1.0,&
{'R1'},{'D3'},{'D6'},{'R3'},{'R2'},{'D1'},{'D2'},,,,&,1.0,&
{'R1'},{'D3'},{'D6'},{'R3'},{'R2'},{'D1'},{'D2'},{'D5'},{'D4'},{'D7'},&,1.0,&
{'R1'},{'D3'},{'D6'},{'R3'},{'R2'},{'D2'},{'D1'},{'D5'},,,&,1.0,&
{'R1'},{'D3'},{'D6'},{'D2'},{'R3'},,,,,,&,1.0,&
{'R1'},{'D3'},{'D5'},,,,,,,,&,1.0,&
{'R1'},{'D3'},{'D5'},{'D1'},,,,,,,&,2.0,&
{'R1'},{'D3'},{'D5'},{'R3'},,,,,,,&,1.0,&
{'R1'},{'D3'},{'D5'},{'R3'},{'R2'},,,,,,&,2.0,&
{'R1'},{'D3'},{'D1'},,,,,,,,&,7.0,&
{'R1'},{'D3'},{'D1'},{'R2'},{'D2'},{'D7'},{'D6'},,,,&,1.0,&
{'R1'},{'D3'},{'D1'},{'R2'},{'R3'},,,,,,&,1.0,&
{'R1'},{'D3'},{'D1'},{'R2'},{'R3'},{'D2'},,,,,&,1.0,&
{'R1'},{'D3'},{'D1'},{'R2'},{'R3'},{'D2'},{'D5'},,,,&,1.0,&
{'R1'},{'D3'},{'D1'},{'D5'},{'D2'},{'D6'},,,,,&,1.0,&
{'R1'},{'D3'},{'D1'},{'R3'},{'D6'},,,,,,&,2.0,&
{'R1'},{'D3'},{'D1'},{'R3'},{'D5'},{'D2'},,,,,&,1.0,&
{'R1'},{'D3'},{'D1'},{'R3'},{'R2'},,,,,,&,1.0,&
{'R1'},{'D3'},{'D1'},{'D6'},{'D2'},{'R3'},,,,,&,1.0,&
{'R1'},{'D3'},{'D1'},{'D6'},{'D7'},{'D2'},,,,,&,1.0,&
{'R1'},{'D3'},{'D1'},{'D2'},{'D6'},{'D5'},{'R2'},{'D7'},{'D4'},,&,1.0,&
{'R1'},{'D3'},{'D1'},{'D2'},{'R3'},{'R2'},{'D6'},{'D7'},,,&,1.0,&
{'R1'},{'D3'},{'D1'},{'D2'},{'R2'},{'D7'},{'D5'},,,,&,1.0,&
{'R1'},{'D3'},{'D1'},{'D2'},{'R2'},{'D7'},{'D6'},,,,&,1.0,&
{'R1'},{'D3'},{'D7'},{'D1'},{'D2'},{'R3'},{'D6'},{'D5'},,,&,1.0,&
{'R1'},{'D3'},{'D7'},{'R3'},{'R2'},{'D1'},,,,,&,1.0,&
{'R1'},{'D3'},{'D7'},{'D2'},{'R3'},{'R2'},{'D1'},{'D5'},{'D6'},{'D4'},&,1.0,&
{'R1'},{'D3'},{'R3'},,,,,,,,&,5.0,&
{'R1'},{'D3'},{'R3'},{'R2'},,,,,,,&,1.0,&
{'R1'},{'D3'},{'R3'},{'R2'},{'D2'},{'D1'},{'D5'},{'D6'},,,&,1.0,&
{'R1'},{'D3'},{'R3'},{'R2'},{'D2'},{'D1'},{'D5'},{'D7'},,,&,1.0,&
{'R1'},{'D3'},{'R3'},{'R2'},{'D2'},{'D5'},,,,,&,1.0,&
{'R1'},{'D3'},{'R3'},{'R2'},{'D7'},{'D6'},,,,,&,1.0,&
{'R1'},{'D3'},{'R3'},{'R2'},{'D1'},{'D7'},,,,,&,1.0,&
{'R1'},{'D3'},{'R3'},{'R2'},{'D1'},{'D7'},{'D2'},{'D6'},,,&,1.0,&
{'R1'},{'D3'},{'R3'},{'D1'},,,,,,,&,2.0,&
{'R1'},{'D3'},{'R3'},{'D1'},{'D2'},,,,,,&,1.0,&
{'R1'},{'D3'},{'R3'},{'D1'},{'D2'},{'D4'},{'D6'},{'R2'},{'D5'},{'D7'},&,1.0,&
{'R1'},{'D3'},{'R3'},{'D1'},{'R2'},{'D2'},,,,,&,1.0,&
{'R1'},{'D3'},{'R3'},{'D1'},{'R2'},{'D2'},{'D6'},,,,&,1.0,&
{'R1'},{'D3'},{'R3'},{'D1'},{'R2'},{'D2'},{'D6'},{'D7'},{'D5'},{'D4'},&,1.0,&
{'R1'},{'D3'},{'R3'},{'D4'},,,,,,,&,1.0,&
{'R1'},{'D3'},{'R3'},{'D4'},{'R2'},{'D1'},{'D2'},{'D5'},{'D6'},{'D7'},&,1.0,&
{'R1'},{'D3'},{'R3'},{'D7'},{'D2'},{'D1'},{'R2'},{'D5'},{'D6'},{'D4'},&,1.0,&
{'R1'},{'D3'},{'R3'},{'D7'},{'R2'},,,,,,&,1.0,&
{'R1'},{'D3'},{'R3'},{'D6'},{'D1'},,,,,,&,1.0,&
{'R1'},{'D3'},{'R3'},{'D2'},{'D1'},{'D6'},{'D5'},,,,&,1.0,&
{'R1'},{'D3'},{'R3'},{'D2'},{'R2'},{'D1'},{'D5'},{'D6'},,,&,1.0,&
{'R1'},{'D3'},{'R2'},,,,,,,,&,3.0,&
{'R1'},{'D3'},{'R2'},{'D1'},{'D2'},,,,,,&,1.0,&
{'R1'},{'D3'},{'R2'},{'D1'},{'D2'},{'D4'},{'D6'},,,,&,1.0,&
{'R1'},{'D3'},{'R2'},{'R3'},,,,,,,&,2.0,&
{'R1'},{'D3'},{'R2'},{'R3'},{'D2'},{'D6'},,,,,&,1.0,&
{'R1'},{'D3'},{'R2'},{'D6'},{'R3'},{'D1'},{'D5'},,,,&,1.0,&
{'R1'},{'D3'},{'R2'},{'D2'},{'D6'},{'D1'},,,,,&,1.0,&
{'R1'},{'D3'},{'R2'},{'D2'},{'D5'},,,,,,&,1.0,&
{'R1'},{'D3'},{'R2'},{'D2'},{'D1'},{'D5'},,,,,&,1.0,&
{'R1'},{'D3'},{'R2'},{'D2'},{'D1'},{'R3'},{'D7'},{'D4'},,,&,1.0,&
{'R1'},{'D3'},{'D2'},,,,,,,,&,4.0,&
{'R1'},{'D3'},{'D2'},{'R2'},,,,,,,&,1.0,&
{'R1'},{'D3'},{'D2'},{'R2'},{'D5'},,,,,,&,1.0,&
{'R1'},{'D3'},{'D2'},{'R2'},{'D1'},{'D6'},{'R3'},{'D7'},,,&,1.0,&
{'R1'},{'D3'},{'D2'},{'R2'},{'D4'},{'D1'},{'R3'},{'D7'},,,&,1.0,&
{'R1'},{'D3'},{'D2'},{'D1'},,,,,,,&,2.0,&
{'R1'},{'D3'},{'D2'},{'D1'},{'D6'},{'D5'},{'D7'},,,,&,1.0,&
{'R1'},{'D3'},{'D2'},{'D1'},{'R3'},{'D7'},{'D5'},{'D6'},{'D4'},,&,1.0,&
{'R1'},{'D3'},{'D2'},{'D1'},{'R3'},{'D6'},{'D5'},{'R2'},,,&,1.0,&
{'R1'},{'D3'},{'D2'},{'D1'},{'R2'},{'D5'},{'D7'},{'D6'},{'D4'},,&,1.0,&
{'R1'},{'D3'},{'D2'},{'D5'},{'D7'},{'D1'},{'D6'},{'R2'},{'R3'},,&,1.0,&
{'R1'},{'D3'},{'D2'},{'D5'},{'R2'},,,,,,&,1.0,&
{'R1'},{'D3'},{'D2'},{'D7'},{'R3'},,,,,,&,1.0,&
{'R1'},{'D3'},{'D2'},{'D7'},{'R3'},{'D1'},{'R2'},{'D6'},{'D5'},{'D4'},&,1.0,&
{'R1'},{'D3'},{'D2'},{'D7'},{'D1'},{'D5'},{'D6'},{'R3'},{'R2'},{'D4'},&,1.0,&
{'R1'},{'D3'},{'D2'},{'R3'},{'R2'},{'D1'},{'D5'},,,,&,1.0,&
{'R1'},{'D3'},{'D2'},{'D6'},{'D1'},{'R3'},{'R2'},{'D7'},{'D5'},{'D4'},&,1.0,&
{'R1'},{'D3'},{'D4'},{'D5'},{'D2'},{'D1'},{'D6'},,,,&,1.0,&
{'R1'},{'D7'},,,,,,,,,&,2.0,&
{'R1'},{'D7'},{'D3'},,,,,,,,&,2.0,&
{'R1'},{'D7'},{'R3'},,,,,,,,&,1.0,&
{'R1'},{'D7'},{'R3'},{'D3'},{'R2'},{'D2'},{'D5'},{'D1'},,,&,1.0,&
{'R1'},{'D7'},{'R2'},,,,,,,,&,3.0,&
{'R1'},{'D7'},{'R2'},{'D1'},{'R3'},{'D2'},,,,,&,1.0,&
{'R1'},{'D7'},{'R2'},{'D5'},{'D2'},,,,,,&,1.0,&
{'R1'},{'D7'},{'R2'},{'R3'},,,,,,,&,1.0,&
{'R1'},{'D7'},{'R2'},{'D6'},,,,,,,&,1.0,&
{'R1'},{'D7'},{'R2'},{'D2'},{'D3'},{'D6'},{'D4'},{'R3'},{'D1'},{'D5'},&,1.0,&
{'R1'},{'D7'},{'D2'},,,,,,,,&,1.0,&
{'R1'},{'D7'},{'D2'},{'R2'},{'D3'},,,,,,&,1.0,&
{'R2'},{'D2'},{'R3'},,,,,,,,&,129.0,&
{'R2'},{'D2'},{'R3'},{'D1'},,,,,,,&,14.0,&
{'R2'},{'D2'},{'R3'},{'D1'},{'D7'},,,,,,&,7.0,&
{'R2'},{'D2'},{'R3'},{'D1'},{'D7'},{'D4'},,,,,&,2.0,&
{'R2'},{'D2'},{'R3'},{'D1'},{'D7'},{'D4'},{'D3'},,,,&,1.0,&
{'R2'},{'D2'},{'R3'},{'D1'},{'D7'},{'D4'},{'R1'},{'D3'},{'D6'},{'D5'},&,1.0,&
{'R2'},{'D2'},{'R3'},{'D1'},{'D7'},{'D4'},{'D5'},,,,&,1.0,&
{'R2'},{'D2'},{'R3'},{'D1'},{'D7'},{'D4'},{'D6'},{'D5'},{'D3'},{'R1'},&,1.0,&
{'R2'},{'D2'},{'R3'},{'D1'},{'D7'},{'D4'},{'D6'},{'D3'},{'D5'},,&,1.0,&
{'R2'},{'D2'},{'R3'},{'D1'},{'D7'},{'D4'},{'D6'},{'R1'},,,&,1.0,&
{'R2'},{'D2'},{'R3'},{'D1'},{'D7'},{'D4'},{'D6'},{'R1'},{'D5'},{'D3'},&,1.0,&
{'R2'},{'D2'},{'R3'},{'D1'},{'D7'},{'R1'},,,,,&,3.0,&
{'R2'},{'D2'},{'R3'},{'D1'},{'D7'},{'R1'},{'D5'},{'D4'},{'D3'},,&,1.0,&
{'R2'},{'D2'},{'R3'},{'D1'},{'D7'},{'R1'},{'D4'},,,,&,2.0,&
{'R2'},{'D2'},{'R3'},{'D1'},{'D7'},{'R1'},{'D4'},{'D6'},,,&,1.0,&
{'R2'},{'D2'},{'R3'},{'D1'},{'D7'},{'R1'},{'D4'},{'D6'},{'D3'},{'D5'},&,1.0,&
{'R2'},{'D2'},{'R3'},{'D1'},{'D7'},{'R1'},{'D6'},,,,&,1.0,&
{'R2'},{'D2'},{'R3'},{'D1'},{'D7'},{'D3'},{'R1'},{'D4'},{'D6'},,&,1.0,&
{'R2'},{'D2'},{'R3'},{'D1'},{'D7'},{'D3'},{'D6'},{'R1'},,,&,1.0,&
{'R2'},{'D2'},{'R3'},{'D1'},{'D7'},{'D5'},,,,,&,1.0,&
{'R2'},{'D2'},{'R3'},{'D1'},{'D7'},{'D6'},,,,,&,1.0,&
{'R2'},{'D2'},{'R3'},{'D1'},{'D7'},{'D6'},{'D4'},{'D3'},{'D5'},{'R1'},&,1.0,&
{'R2'},{'D2'},{'R3'},{'D1'},{'R1'},,,,,,&,7.0,&
{'R2'},{'D2'},{'R3'},{'D1'},{'R1'},{'D4'},,,,,&,1.0,&
{'R2'},{'D2'},{'R3'},{'D1'},{'R1'},{'D4'},{'D7'},,,,&,1.0,&
{'R2'},{'D2'},{'R3'},{'D1'},{'R1'},{'D3'},{'D7'},,,,&,1.0,&
{'R2'},{'D2'},{'R3'},{'D1'},{'R1'},{'D3'},{'D6'},{'D7'},{'D4'},{'D5'},&,1.0,&
{'R2'},{'D2'},{'R3'},{'D1'},{'R1'},{'D5'},{'D4'},{'D7'},{'D3'},{'D6'},&,1.0,&
{'R2'},{'D2'},{'R3'},{'D1'},{'R1'},{'D7'},,,,,&,6.0,&
{'R2'},{'D2'},{'R3'},{'D1'},{'R1'},{'D7'},{'D3'},{'D6'},{'D5'},{'D4'},&,1.0,&
{'R2'},{'D2'},{'R3'},{'D1'},{'R1'},{'D7'},{'D3'},{'D4'},{'D6'},,&,1.0,&
{'R2'},{'D2'},{'R3'},{'D1'},{'R1'},{'D7'},{'D3'},{'D4'},{'D5'},{'D6'},&,1.0,&
{'R2'},{'D2'},{'R3'},{'D1'},{'R1'},{'D7'},{'D4'},,,,&,1.0,&
{'R2'},{'D2'},{'R3'},{'D1'},{'R1'},{'D7'},{'D4'},{'D5'},{'D3'},,&,1.0,&
{'R2'},{'D2'},{'R3'},{'D1'},{'R1'},{'D7'},{'D4'},{'D6'},{'D3'},{'D5'},&,1.0,&
{'R2'},{'D2'},{'R3'},{'D1'},{'R1'},{'D7'},{'D4'},{'D3'},,,&,1.0,&
{'R2'},{'D2'},{'R3'},{'D1'},{'R1'},{'D7'},{'D4'},{'D3'},{'D5'},{'D6'},&,1.0,&
{'R2'},{'D2'},{'R3'},{'D1'},{'R1'},{'D7'},{'D6'},{'D5'},,,&,1.0,&
{'R2'},{'D2'},{'R3'},{'D1'},{'R1'},{'D7'},{'D6'},{'D4'},{'D3'},,&,1.0,&
{'R2'},{'D2'},{'R3'},{'D1'},{'R1'},{'D6'},,,,,&,1.0,&
{'R2'},{'D2'},{'R3'},{'D1'},{'D4'},,,,,,&,2.0,&
{'R2'},{'D2'},{'R3'},{'D1'},{'D4'},{'R1'},{'D7'},{'D5'},{'D3'},{'D6'},&,1.0,&
{'R2'},{'D2'},{'R3'},{'D1'},{'D4'},{'R1'},{'D7'},{'D6'},{'D3'},{'D5'},&,1.0,&
{'R2'},{'D2'},{'R3'},{'D1'},{'D4'},{'R1'},{'D7'},{'D3'},{'D6'},{'D5'},&,2.0,&
{'R2'},{'D2'},{'R3'},{'D1'},{'D4'},{'D3'},{'D7'},,,,&,1.0,&
{'R2'},{'D2'},{'R3'},{'D1'},{'D4'},{'D5'},{'D7'},{'R1'},{'D6'},,&,1.0,&
{'R2'},{'D2'},{'R3'},{'D1'},{'D4'},{'D5'},{'R1'},{'D7'},{'D3'},,&,1.0,&
{'R2'},{'D2'},{'R3'},{'D1'},{'D4'},{'D7'},{'D3'},,,,&,1.0,&
{'R2'},{'D2'},{'R3'},{'D1'},{'D4'},{'D7'},{'D6'},{'R1'},,,&,2.0,&
{'R2'},{'D2'},{'R3'},{'D1'},{'D6'},,,,,,&,1.0,&
{'R2'},{'D2'},{'R3'},{'D1'},{'D6'},{'D4'},{'D7'},{'R1'},,,&,1.0,&
{'R2'},{'D2'},{'R3'},{'D1'},{'D6'},{'R1'},{'D7'},,,,&,1.0,&
{'R2'},{'D2'},{'R3'},{'D1'},{'D6'},{'R1'},{'D7'},{'D3'},{'D4'},{'D5'},&,1.0,&
{'R2'},{'D2'},{'R3'},{'D1'},{'D6'},{'D7'},{'D3'},{'R1'},,,&,1.0,&
{'R2'},{'D2'},{'R3'},{'D1'},{'D6'},{'D7'},{'D3'},{'R1'},{'D5'},,&,1.0,&
{'R2'},{'D2'},{'R3'},{'D1'},{'D6'},{'D7'},{'R1'},{'D4'},{'D3'},,&,1.0,&
{'R2'},{'D2'},{'R3'},{'D1'},{'D6'},{'D7'},{'R1'},{'D4'},{'D3'},{'D5'},&,1.0,&
{'R2'},{'D2'},{'R3'},{'D1'},{'D3'},,,,,,&,1.0,&
{'R2'},{'D2'},{'R3'},{'D1'},{'D3'},{'R1'},,,,,&,1.0,&
{'R2'},{'D2'},{'R3'},{'D1'},{'D3'},{'R1'},{'D6'},{'D7'},,,&,1.0,&
{'R2'},{'D2'},{'R3'},{'D1'},{'D3'},{'D7'},,,,,&,1.0,&
{'R2'},{'D2'},{'R3'},{'D1'},{'D3'},{'D7'},{'R1'},,,,&,1.0,&
{'R2'},{'D2'},{'R3'},{'D1'},{'D5'},{'R1'},,,,,&,1.0,&
{'R2'},{'D2'},{'R3'},{'R1'},,,,,,,&,63.0,&
{'R2'},{'D2'},{'R3'},{'R1'},{'D7'},,,,,,&,12.0,&
{'R2'},{'D2'},{'R3'},{'R1'},{'D7'},{'D4'},,,,,&,2.0,&
{'R2'},{'D2'},{'R3'},{'R1'},{'D7'},{'D4'},{'D3'},{'D1'},,,&,1.0,&
{'R2'},{'D2'},{'R3'},{'R1'},{'D7'},{'D4'},{'D1'},,,,&,4.0,&
{'R2'},{'D2'},{'R3'},{'R1'},{'D7'},{'D4'},{'D1'},{'D6'},{'D3'},{'D5'},&,1.0,&
{'R2'},{'D2'},{'R3'},{'R1'},{'D7'},{'D4'},{'D1'},{'D3'},,,&,2.0,&
{'R2'},{'D2'},{'R3'},{'R1'},{'D7'},{'D3'},{'D1'},,,,&,2.0,&
{'R2'},{'D2'},{'R3'},{'R1'},{'D7'},{'D3'},{'D6'},{'D1'},{'D4'},,&,1.0,&
{'R2'},{'D2'},{'R3'},{'R1'},{'D7'},{'D1'},,,,,&,4.0,&
{'R2'},{'D2'},{'R3'},{'R1'},{'D7'},{'D1'},{'D3'},{'D6'},{'D5'},{'D4'},&,1.0,&
{'R2'},{'D2'},{'R3'},{'R1'},{'D7'},{'D1'},{'D3'},{'D4'},,,&,3.0,&
{'R2'},{'D2'},{'R3'},{'R1'},{'D7'},{'D1'},{'D3'},{'D4'},{'D6'},,&,2.0,&
{'R2'},{'D2'},{'R3'},{'R1'},{'D7'},{'D1'},{'D3'},{'D4'},{'D6'},{'D5'},&,1.0,&
{'R2'},{'D2'},{'R3'},{'R1'},{'D7'},{'D1'},{'D4'},,,,&,4.0,&
{'R2'},{'D2'},{'R3'},{'R1'},{'D7'},{'D1'},{'D4'},{'D6'},,,&,1.0,&
{'R2'},{'D2'},{'R3'},{'R1'},{'D7'},{'D1'},{'D4'},{'D6'},{'D5'},,&,1.0,&
{'R2'},{'D2'},{'R3'},{'R1'},{'D7'},{'D1'},{'D4'},{'D6'},{'D3'},,&,1.0,&
{'R2'},{'D2'},{'R3'},{'R1'},{'D7'},{'D1'},{'D4'},{'D6'},{'D3'},{'D5'},&,1.0,&
{'R2'},{'D2'},{'R3'},{'R1'},{'D7'},{'D1'},{'D4'},{'D3'},{'D6'},,&,1.0,&
{'R2'},{'D2'},{'R3'},{'R1'},{'D7'},{'D1'},{'D4'},{'D3'},{'D6'},{'D5'},&,1.0,&
{'R2'},{'D2'},{'R3'},{'R1'},{'D7'},{'D1'},{'D6'},,,,&,2.0,&
{'R2'},{'D2'},{'R3'},{'R1'},{'D7'},{'D1'},{'D6'},{'D3'},,,&,2.0,&
{'R2'},{'D2'},{'R3'},{'R1'},{'D7'},{'D1'},{'D6'},{'D4'},,,&,1.0,&
{'R2'},{'D2'},{'R3'},{'R1'},{'D7'},{'D5'},{'D6'},{'D4'},,,&,1.0,&
{'R2'},{'D2'},{'R3'},{'R1'},{'D7'},{'D6'},{'D1'},{'D4'},{'D3'},{'D5'},&,1.0,&
{'R2'},{'D2'},{'R3'},{'R1'},{'D1'},,,,,,&,6.0,&
{'R2'},{'D2'},{'R3'},{'R1'},{'D1'},{'D4'},,,,,&,6.0,&
{'R2'},{'D2'},{'R3'},{'R1'},{'D1'},{'D4'},{'D7'},,,,&,1.0,&
{'R2'},{'D2'},{'R3'},{'R1'},{'D1'},{'D4'},{'D7'},{'D5'},,,&,1.0,&
{'R2'},{'D2'},{'R3'},{'R1'},{'D1'},{'D4'},{'D7'},{'D5'},{'D6'},{'D3'},&,1.0,&
{'R2'},{'D2'},{'R3'},{'R1'},{'D1'},{'D3'},,,,,&,2.0,&
{'R2'},{'D2'},{'R3'},{'R1'},{'D1'},{'D3'},{'D7'},{'D4'},{'D6'},{'D5'},&,2.0,&
{'R2'},{'D2'},{'R3'},{'R1'},{'D1'},{'D5'},{'D3'},{'D7'},{'D4'},,&,1.0,&
{'R2'},{'D2'},{'R3'},{'R1'},{'D1'},{'D7'},,,,,&,7.0,&
{'R2'},{'D2'},{'R3'},{'R1'},{'D1'},{'D7'},{'D3'},,,,&,2.0,&
{'R2'},{'D2'},{'R3'},{'R1'},{'D1'},{'D7'},{'D3'},{'D6'},,,&,1.0,&
{'R2'},{'D2'},{'R3'},{'R1'},{'D1'},{'D7'},{'D3'},{'D4'},,,&,2.0,&
{'R2'},{'D2'},{'R3'},{'R1'},{'D1'},{'D7'},{'D5'},,,,&,1.0,&
{'R2'},{'D2'},{'R3'},{'R1'},{'D1'},{'D7'},{'D4'},,,,&,3.0,&
{'R2'},{'D2'},{'R3'},{'R1'},{'D1'},{'D7'},{'D4'},{'D5'},,,&,1.0,&
{'R2'},{'D2'},{'R3'},{'R1'},{'D1'},{'D7'},{'D4'},{'D6'},,,&,2.0,&
{'R2'},{'D2'},{'R3'},{'R1'},{'D1'},{'D7'},{'D4'},{'D6'},{'D3'},,&,2.0,&
{'R2'},{'D2'},{'R3'},{'R1'},{'D1'},{'D7'},{'D4'},{'D6'},{'D3'},{'D5'},&,2.0,&
{'R2'},{'D2'},{'R3'},{'R1'},{'D1'},{'D7'},{'D4'},{'D3'},,,&,1.0,&
{'R2'},{'D2'},{'R3'},{'R1'},{'D1'},{'D7'},{'D4'},{'D3'},{'D6'},,&,1.0,&
{'R2'},{'D2'},{'R3'},{'R1'},{'D1'},{'D7'},{'D4'},{'D3'},{'D6'},{'D5'},&,2.0,&
{'R2'},{'D2'},{'R3'},{'R1'},{'D1'},{'D7'},{'D6'},{'D3'},,,&,1.0,&
{'R2'},{'D2'},{'R3'},{'R1'},{'D1'},{'D7'},{'D6'},{'D4'},{'D3'},,&,1.0,&
{'R2'},{'D2'},{'R3'},{'R1'},{'D1'},{'D6'},{'D7'},,,,&,1.0,&
{'R2'},{'D2'},{'R3'},{'R1'},{'D4'},,,,,,&,1.0,&
{'R2'},{'D2'},{'R3'},{'R1'},{'D4'},{'D3'},{'D6'},{'D7'},,,&,1.0,&
{'R2'},{'D2'},{'R3'},{'R1'},{'D4'},{'D1'},,,,,&,2.0,&
{'R2'},{'D2'},{'R3'},{'R1'},{'D4'},{'D1'},{'D7'},{'D6'},{'D3'},{'D5'},&,1.0,&
{'R2'},{'D2'},{'R3'},{'R1'},{'D4'},{'D1'},{'D7'},{'D3'},{'D6'},,&,1.0,&
{'R2'},{'D2'},{'R3'},{'R1'},{'D4'},{'D1'},{'D7'},{'D3'},{'D6'},{'D5'},&,1.0,&
{'R2'},{'D2'},{'R3'},{'R1'},{'D4'},{'D7'},{'D1'},,,,&,2.0,&
{'R2'},{'D2'},{'R3'},{'R1'},{'D4'},{'D7'},{'D1'},{'D5'},{'D3'},{'D6'},&,1.0,&
{'R2'},{'D2'},{'R3'},{'R1'},{'D4'},{'D7'},{'D1'},{'D6'},{'D3'},,&,1.0,&
{'R2'},{'D2'},{'R3'},{'R1'},{'D4'},{'D7'},{'D5'},{'D1'},{'D3'},{'D6'},&,1.0,&
{'R2'},{'D2'},{'R3'},{'R1'},{'D6'},,,,,,&,1.0,&
{'R2'},{'D2'},{'R3'},{'R1'},{'D6'},{'D4'},{'D7'},{'D1'},{'D3'},,&,1.0,&
{'R2'},{'D2'},{'R3'},{'R1'},{'D6'},{'D1'},{'D4'},{'D7'},,,&,1.0,&
{'R2'},{'D2'},{'R3'},{'R1'},{'D6'},{'D7'},{'D1'},{'D3'},{'D4'},{'D5'},&,1.0,&
{'R2'},{'D2'},{'R3'},{'R1'},{'D3'},,,,,,&,3.0,&
{'R2'},{'D2'},{'R3'},{'R1'},{'D3'},{'D4'},{'D7'},{'D1'},,,&,1.0,&
{'R2'},{'D2'},{'R3'},{'R1'},{'D3'},{'D4'},{'D7'},{'D1'},{'D6'},,&,1.0,&
{'R2'},{'D2'},{'R3'},{'R1'},{'D3'},{'D4'},{'D7'},{'D1'},{'D6'},{'D5'},&,1.0,&
{'R2'},{'D2'},{'R3'},{'R1'},{'D3'},{'D4'},{'D1'},,,,&,1.0,&
{'R2'},{'D2'},{'R3'},{'R1'},{'D3'},{'D1'},,,,,&,1.0,&
{'R2'},{'D2'},{'R3'},{'R1'},{'D3'},{'D1'},{'D7'},,,,&,2.0,&
{'R2'},{'D2'},{'R3'},{'R1'},{'D3'},{'D5'},{'D1'},,,,&,1.0,&
{'R2'},{'D2'},{'R3'},{'R1'},{'D3'},{'D7'},,,,,&,1.0,&
{'R2'},{'D2'},{'R3'},{'R1'},{'D3'},{'D7'},{'D1'},{'D4'},{'D6'},,&,1.0,&
{'R2'},{'D2'},{'R3'},{'R1'},{'D3'},{'D7'},{'D4'},,,,&,1.0,&
{'R2'},{'D2'},{'R3'},{'R1'},{'D3'},{'D7'},{'D6'},,,,&,1.0,&
{'R2'},{'D2'},{'R3'},{'R1'},{'D3'},{'D6'},{'D1'},{'D7'},{'D4'},,&,1.0,&
{'R2'},{'D2'},{'R3'},{'D7'},,,,,,,&,23.0,&
{'R2'},{'D2'},{'R3'},{'D7'},{'R1'},,,,,,&,8.0,&
{'R2'},{'D2'},{'R3'},{'D7'},{'R1'},{'D4'},{'D3'},,,,&,1.0,&
{'R2'},{'D2'},{'R3'},{'D7'},{'R1'},{'D4'},{'D1'},,,,&,3.0,&
{'R2'},{'D2'},{'R3'},{'D7'},{'R1'},{'D3'},,,,,&,1.0,&
{'R2'},{'D2'},{'R3'},{'D7'},{'R1'},{'D3'},{'D4'},,,,&,1.0,&
{'R2'},{'D2'},{'R3'},{'D7'},{'R1'},{'D3'},{'D4'},{'D1'},,,&,1.0,&
{'R2'},{'D2'},{'R3'},{'D7'},{'R1'},{'D1'},,,,,&,7.0,&
{'R2'},{'D2'},{'R3'},{'D7'},{'R1'},{'D1'},{'D3'},,,,&,2.0,&
{'R2'},{'D2'},{'R3'},{'D7'},{'R1'},{'D1'},{'D3'},{'D5'},{'D4'},,&,1.0,&
{'R2'},{'D2'},{'R3'},{'D7'},{'R1'},{'D1'},{'D3'},{'D6'},,,&,1.0,&
{'R2'},{'D2'},{'R3'},{'D7'},{'R1'},{'D1'},{'D3'},{'D4'},,,&,1.0,&
{'R2'},{'D2'},{'R3'},{'D7'},{'R1'},{'D1'},{'D3'},{'D4'},{'D6'},,&,3.0,&
{'R2'},{'D2'},{'R3'},{'D7'},{'R1'},{'D1'},{'D5'},{'D4'},{'D6'},,&,1.0,&
{'R2'},{'D2'},{'R3'},{'D7'},{'R1'},{'D1'},{'D4'},,,,&,2.0,&
{'R2'},{'D2'},{'R3'},{'D7'},{'R1'},{'D1'},{'D4'},{'D3'},,,&,2.0,&
{'R2'},{'D2'},{'R3'},{'D7'},{'R1'},{'D1'},{'D6'},{'D3'},,,&,1.0,&
{'R2'},{'D2'},{'R3'},{'D7'},{'R1'},{'D1'},{'D6'},{'D3'},{'D4'},,&,1.0,&
{'R2'},{'D2'},{'R3'},{'D7'},{'R1'},{'D1'},{'D6'},{'D4'},,,&,1.0,&
{'R2'},{'D2'},{'R3'},{'D7'},{'R1'},{'D5'},,,,,&,1.0,&
{'R2'},{'D2'},{'R3'},{'D7'},{'R1'},{'D5'},{'D4'},{'D1'},,,&,1.0,&
{'R2'},{'D2'},{'R3'},{'D7'},{'R1'},{'D6'},{'D1'},,,,&,1.0,&
{'R2'},{'D2'},{'R3'},{'D7'},{'R1'},{'D6'},{'D1'},{'D3'},,,&,1.0,&
{'R2'},{'D2'},{'R3'},{'D7'},{'R1'},{'D6'},{'D1'},{'D3'},{'D5'},,&,1.0,&
{'R2'},{'D2'},{'R3'},{'D7'},{'R1'},{'D6'},{'D4'},{'D1'},{'D3'},,&,1.0,&
{'R2'},{'D2'},{'R3'},{'D7'},{'D1'},,,,,,&,10.0,&
{'R2'},{'D2'},{'R3'},{'D7'},{'D1'},{'D4'},,,,,&,1.0,&
{'R2'},{'D2'},{'R3'},{'D7'},{'D1'},{'D4'},{'D3'},,,,&,2.0,&
{'R2'},{'D2'},{'R3'},{'D7'},{'D1'},{'D4'},{'D3'},{'D6'},{'D5'},{'R1'},&,2.0,&
{'R2'},{'D2'},{'R3'},{'D7'},{'D1'},{'D4'},{'R1'},,,,&,2.0,&
{'R2'},{'D2'},{'R3'},{'D7'},{'D1'},{'D4'},{'R1'},{'D5'},,,&,1.0,&
{'R2'},{'D2'},{'R3'},{'D7'},{'D1'},{'D4'},{'D6'},{'R1'},{'D5'},{'D3'},&,1.0,&
{'R2'},{'D2'},{'R3'},{'D7'},{'D1'},{'D4'},{'D6'},{'R1'},{'D3'},,&,1.0,&
{'R2'},{'D2'},{'R3'},{'D7'},{'D1'},{'R1'},,,,,&,2.0,&
{'R2'},{'D2'},{'R3'},{'D7'},{'D1'},{'R1'},{'D3'},{'D6'},,,&,2.0,&
{'R2'},{'D2'},{'R3'},{'D7'},{'D1'},{'R1'},{'D3'},{'D4'},,,&,1.0,&
{'R2'},{'D2'},{'R3'},{'D7'},{'D1'},{'R1'},{'D4'},,,,&,1.0,&
{'R2'},{'D2'},{'R3'},{'D7'},{'D1'},{'R1'},{'D4'},{'D6'},{'D5'},{'D3'},&,1.0,&
{'R2'},{'D2'},{'R3'},{'D7'},{'D1'},{'R1'},{'D4'},{'D6'},{'D3'},{'D5'},&,1.0,&
{'R2'},{'D2'},{'R3'},{'D7'},{'D1'},{'R1'},{'D4'},{'D3'},,,&,1.0,&
{'R2'},{'D2'},{'R3'},{'D7'},{'D1'},{'R1'},{'D6'},{'D4'},,,&,1.0,&
{'R2'},{'D2'},{'R3'},{'D7'},{'D1'},{'D3'},,,,,&,3.0,&
{'R2'},{'D2'},{'R3'},{'D7'},{'D1'},{'D3'},{'R1'},,,,&,1.0,&
{'R2'},{'D2'},{'R3'},{'D7'},{'D1'},{'D3'},{'R1'},{'D4'},{'D6'},,&,1.0,&
{'R2'},{'D2'},{'R3'},{'D7'},{'D1'},{'D3'},{'D4'},,,,&,1.0,&
{'R2'},{'D2'},{'R3'},{'D7'},{'D1'},{'D3'},{'D4'},{'D6'},{'D5'},{'R1'},&,1.0,&
{'R2'},{'D2'},{'R3'},{'D7'},{'D1'},{'D3'},{'D4'},{'R1'},{'D6'},,&,1.0,&
{'R2'},{'D2'},{'R3'},{'D7'},{'D1'},{'D5'},{'D3'},{'R1'},{'D4'},,&,1.0,&
{'R2'},{'D2'},{'R3'},{'D7'},{'D1'},{'D5'},{'D4'},{'R1'},{'D6'},,&,1.0,&
{'R2'},{'D2'},{'R3'},{'D7'},{'D1'},{'D6'},{'R1'},{'D4'},,,&,2.0,&
{'R2'},{'D2'},{'R3'},{'D7'},{'D4'},,,,,,&,4.0,&
{'R2'},{'D2'},{'R3'},{'D7'},{'D4'},{'R1'},,,,,&,1.0,&
{'R2'},{'D2'},{'R3'},{'D7'},{'D4'},{'R1'},{'D3'},{'D1'},,,&,1.0,&
{'R2'},{'D2'},{'R3'},{'D7'},{'D4'},{'R1'},{'D3'},{'D1'},{'D6'},{'D5'},&,1.0,&
{'R2'},{'D2'},{'R3'},{'D7'},{'D4'},{'R1'},{'D1'},{'D6'},,,&,1.0,&
{'R2'},{'D2'},{'R3'},{'D7'},{'D4'},{'R1'},{'D1'},{'D6'},{'D3'},{'D5'},&,1.0,&
{'R2'},{'D2'},{'R3'},{'D7'},{'D4'},{'D3'},{'D1'},{'R1'},{'D6'},{'D5'},&,1.0,&
{'R2'},{'D2'},{'R3'},{'D7'},{'D4'},{'D3'},{'D6'},{'D1'},{'R1'},{'D5'},&,1.0,&
{'R2'},{'D2'},{'R3'},{'D7'},{'D4'},{'D1'},{'D3'},{'D5'},{'R1'},{'D6'},&,1.0,&
{'R2'},{'D2'},{'R3'},{'D7'},{'D4'},{'D1'},{'D3'},{'R1'},{'D6'},{'D5'},&,1.0,&
{'R2'},{'D2'},{'R3'},{'D7'},{'D4'},{'D1'},{'R1'},,,,&,3.0,&
{'R2'},{'D2'},{'R3'},{'D7'},{'D4'},{'D1'},{'R1'},{'D6'},,,&,1.0,&
{'R2'},{'D2'},{'R3'},{'D7'},{'D4'},{'D1'},{'R1'},{'D6'},{'D3'},,&,1.0,&
{'R2'},{'D2'},{'R3'},{'D7'},{'D4'},{'D1'},{'R1'},{'D3'},,,&,1.0,&
{'R2'},{'D2'},{'R3'},{'D7'},{'D4'},{'D6'},{'D1'},{'R1'},{'D3'},,&,1.0,&
{'R2'},{'D2'},{'R3'},{'D7'},{'D6'},,,,,,&,2.0,&
{'R2'},{'D2'},{'R3'},{'D7'},{'D6'},{'D4'},,,,,&,1.0,&
{'R2'},{'D2'},{'R3'},{'D7'},{'D6'},{'D4'},{'R1'},,,,&,1.0,&
{'R2'},{'D2'},{'R3'},{'D7'},{'D6'},{'R1'},{'D1'},,,,&,2.0,&
{'R2'},{'D2'},{'R3'},{'D7'},{'D6'},{'R1'},{'D4'},{'D1'},{'D3'},{'D5'},&,1.0,&
{'R2'},{'D2'},{'R3'},{'D7'},{'D6'},{'D3'},{'D1'},{'R1'},{'D4'},,&,1.0,&
{'R2'},{'D2'},{'R3'},{'D7'},{'D6'},{'D3'},{'R1'},{'D1'},{'D4'},,&,1.0,&
{'R2'},{'D2'},{'R3'},{'D7'},{'D6'},{'D3'},{'D4'},{'D1'},,,&,1.0,&
{'R2'},{'D2'},{'R3'},{'D7'},{'D6'},{'D1'},{'D3'},{'R1'},{'D4'},,&,1.0,&
{'R2'},{'D2'},{'R3'},{'D7'},{'D3'},{'D4'},,,,,&,1.0,&
{'R2'},{'D2'},{'R3'},{'D7'},{'D3'},{'D4'},{'R1'},{'D1'},{'D6'},{'D5'},&,1.0,&
{'R2'},{'D2'},{'R3'},{'D7'},{'D3'},{'R1'},,,,,&,1.0,&
{'R2'},{'D2'},{'R3'},{'D7'},{'D3'},{'R1'},{'D1'},,,,&,2.0,&
{'R2'},{'D2'},{'R3'},{'D7'},{'D3'},{'D1'},,,,,&,1.0,&
{'R2'},{'D2'},{'R3'},{'D7'},{'D3'},{'D1'},{'D4'},,,,&,1.0,&
{'R2'},{'D2'},{'R3'},{'D7'},{'D3'},{'D1'},{'D4'},{'R1'},{'D5'},,&,1.0,&
{'R2'},{'D2'},{'R3'},{'D7'},{'D3'},{'D1'},{'D6'},{'D4'},,,&,1.0,&
{'R2'},{'D2'},{'R3'},{'D4'},,,,,,,&,6.0,&
{'R2'},{'D2'},{'R3'},{'D4'},{'D7'},,,,,,&,3.0,&
{'R2'},{'D2'},{'R3'},{'D4'},{'D7'},{'R1'},,,,,&,1.0,&
{'R2'},{'D2'},{'R3'},{'D4'},{'D7'},{'R1'},{'D3'},{'D1'},{'D6'},{'D5'},&,1.0,&
{'R2'},{'D2'},{'R3'},{'D4'},{'D7'},{'R1'},{'D1'},,,,&,2.0,&
{'R2'},{'D2'},{'R3'},{'D4'},{'D7'},{'R1'},{'D1'},{'D6'},,,&,1.0,&
{'R2'},{'D2'},{'R3'},{'D4'},{'D7'},{'R1'},{'D1'},{'D3'},,,&,1.0,&
{'R2'},{'D2'},{'R3'},{'D4'},{'D7'},{'D3'},{'D1'},{'D6'},{'D5'},{'R1'},&,1.0,&
{'R2'},{'D2'},{'R3'},{'D4'},{'D7'},{'D3'},{'D1'},{'R1'},{'D5'},{'D6'},&,1.0,&
{'R2'},{'D2'},{'R3'},{'D4'},{'D7'},{'D3'},{'R1'},,,,&,1.0,&
{'R2'},{'D2'},{'R3'},{'D4'},{'D7'},{'D1'},,,,,&,1.0,&
{'R2'},{'D2'},{'R3'},{'D4'},{'D7'},{'D1'},{'R1'},{'D6'},{'D5'},{'D3'},&,1.0,&
{'R2'},{'D2'},{'R3'},{'D4'},{'D7'},{'D1'},{'R1'},{'D3'},,,&,1.0,&
{'R2'},{'D2'},{'R3'},{'D4'},{'D7'},{'D1'},{'R1'},{'D3'},{'D6'},{'D5'},&,1.0,&
{'R2'},{'D2'},{'R3'},{'D4'},{'D7'},{'D6'},{'D1'},,,,&,1.0,&
{'R2'},{'D2'},{'R3'},{'D4'},{'R1'},,,,,,&,2.0,&
{'R2'},{'D2'},{'R3'},{'D4'},{'R1'},{'D1'},,,,,&,1.0,&
{'R2'},{'D2'},{'R3'},{'D4'},{'R1'},{'D1'},{'D7'},{'D6'},{'D5'},{'D3'},&,1.0,&
{'R2'},{'D2'},{'R3'},{'D4'},{'R1'},{'D7'},,,,,&,1.0,&
{'R2'},{'D2'},{'R3'},{'D4'},{'R1'},{'D7'},{'D3'},,,,&,1.0,&
{'R2'},{'D2'},{'R3'},{'D4'},{'R1'},{'D7'},{'D1'},{'D6'},{'D5'},,&,1.0,&
{'R2'},{'D2'},{'R3'},{'D4'},{'R1'},{'D7'},{'D1'},{'D6'},{'D3'},,&,1.0,&
{'R2'},{'D2'},{'R3'},{'D4'},{'R1'},{'D7'},{'D1'},{'D6'},{'D3'},{'D5'},&,1.0,&
{'R2'},{'D2'},{'R3'},{'D4'},{'D1'},,,,,,&,2.0,&
{'R2'},{'D2'},{'R3'},{'D4'},{'D1'},{'R1'},,,,,&,2.0,&
{'R2'},{'D2'},{'R3'},{'D4'},{'D1'},{'D7'},{'D3'},{'D6'},{'D5'},,&,1.0,&
{'R2'},{'D2'},{'R3'},{'D4'},{'D1'},{'D7'},{'R1'},,,,&,1.0,&
{'R2'},{'D2'},{'R3'},{'D4'},{'D1'},{'D7'},{'R1'},{'D6'},{'D3'},{'D5'},&,1.0,&
{'R2'},{'D2'},{'R3'},{'D4'},{'D1'},{'D7'},{'D6'},,,,&,1.0,&
{'R2'},{'D2'},{'R3'},{'D4'},{'D1'},{'D6'},{'R1'},,,,&,1.0,&
{'R2'},{'D2'},{'R3'},{'D4'},{'D3'},,,,,,&,1.0,&
{'R2'},{'D2'},{'R3'},{'D4'},{'D3'},{'D1'},,,,,&,1.0,&
{'R2'},{'D2'},{'R3'},{'D4'},{'D3'},{'D7'},{'D1'},{'D6'},{'R1'},,&,1.0,&
{'R2'},{'D2'},{'R3'},{'D3'},{'D7'},{'R1'},{'D1'},{'D4'},{'D6'},,&,1.0,&
{'R2'},{'D2'},{'R3'},{'D3'},{'R1'},{'D1'},,,,,&,1.0,&
{'R2'},{'D2'},{'R3'},{'D3'},{'R1'},{'D1'},{'D7'},,,,&,1.0,&
{'R2'},{'D2'},{'R3'},{'D3'},{'R1'},{'D7'},{'D1'},,,,&,2.0,&
{'R2'},{'D2'},{'R3'},{'D3'},{'R1'},{'D6'},{'D7'},{'D4'},,,&,1.0,&
{'R2'},{'D2'},{'R3'},{'D3'},{'D1'},{'D4'},,,,,&,1.0,&
{'R2'},{'D2'},{'R3'},{'D3'},{'D1'},{'D4'},{'D7'},,,,&,1.0,&
{'R2'},{'D2'},{'R3'},{'D3'},{'D1'},{'D4'},{'D7'},{'R1'},{'D6'},{'D5'},&,1.0,&
{'R2'},{'D2'},{'R3'},{'D3'},{'D1'},{'R1'},{'D4'},{'D7'},{'D6'},,&,1.0,&
{'R2'},{'D2'},{'R3'},{'D3'},{'D1'},{'D7'},{'R1'},{'D4'},{'D6'},{'D5'},&,1.0,&
{'R2'},{'D2'},{'R3'},{'D3'},{'D4'},,,,,,&,1.0,&
{'R2'},{'D2'},{'R3'},{'D6'},,,,,,,&,1.0,&
{'R2'},{'D2'},{'R3'},{'D6'},{'D7'},,,,,,&,2.0,&
{'R2'},{'D2'},{'R3'},{'D6'},{'D7'},{'D4'},,,,,&,1.0,&
{'R2'},{'D2'},{'R3'},{'D6'},{'D7'},{'R1'},,,,,&,1.0,&
{'R2'},{'D2'},{'R3'},{'D6'},{'D7'},{'R1'},{'D1'},{'D4'},,,&,1.0,&
{'R2'},{'D2'},{'R3'},{'D6'},{'D7'},{'R1'},{'D4'},,,,&,1.0,&
{'R2'},{'D2'},{'R3'},{'D6'},{'D7'},{'R1'},{'D4'},{'D1'},{'D3'},,&,1.0,&
{'R2'},{'D2'},{'R3'},{'D6'},{'R1'},,,,,,&,2.0,&
{'R2'},{'D2'},{'R3'},{'D6'},{'R1'},{'D1'},,,,,&,1.0,&
{'R2'},{'D2'},{'R3'},{'D6'},{'R1'},{'D1'},{'D7'},{'D3'},{'D4'},{'D5'},&,1.0,&
{'R2'},{'D2'},{'R3'},{'D6'},{'R1'},{'D7'},,,,,&,1.0,&
{'R2'},{'D2'},{'R3'},{'D6'},{'R1'},{'D7'},{'D1'},{'D3'},{'D4'},,&,1.0,&
{'R2'},{'D2'},{'R3'},{'D6'},{'R1'},{'D7'},{'D1'},{'D4'},,,&,1.0,&
{'R2'},{'D2'},{'R3'},{'D6'},{'D1'},,,,,,&,1.0,&
{'R2'},{'D2'},{'R3'},{'D6'},{'D3'},{'R1'},,,,,&,1.0,&
{'R2'},{'D2'},{'R3'},{'D5'},,,,,,,&,1.0,&
{'R2'},{'D2'},{'R3'},{'D5'},{'D1'},{'R1'},{'D7'},{'D4'},,,&,1.0,&
{'R2'},{'D2'},{'R3'},{'D5'},{'D4'},{'D1'},{'R1'},,,,&,1.0,&
{'R2'},{'D2'},{'D1'},,,,,,,,&,53.0,&
{'R2'},{'D2'},{'D1'},{'R3'},,,,,,,&,11.0,&
{'R2'},{'D2'},{'D1'},{'R3'},{'D7'},,,,,,&,7.0,&
{'R2'},{'D2'},{'D1'},{'R3'},{'D7'},{'D4'},{'D3'},{'D6'},,,&,2.0,&
{'R2'},{'D2'},{'D1'},{'R3'},{'D7'},{'D4'},{'R1'},,,,&,1.0,&
{'R2'},{'D2'},{'D1'},{'R3'},{'D7'},{'D4'},{'R1'},{'D5'},{'D6'},{'D3'},&,1.0,&
{'R2'},{'D2'},{'D1'},{'R3'},{'D7'},{'D4'},{'R1'},{'D6'},{'D3'},{'D5'},&,3.0,&
{'R2'},{'D2'},{'D1'},{'R3'},{'D7'},{'D4'},{'R1'},{'D3'},{'D6'},{'D5'},&,1.0,&
{'R2'},{'D2'},{'D1'},{'R3'},{'D7'},{'D4'},{'D6'},,,,&,1.0,&
{'R2'},{'D2'},{'D1'},{'R3'},{'D7'},{'D4'},{'D6'},{'D3'},{'D5'},,&,1.0,&
{'R2'},{'D2'},{'D1'},{'R3'},{'D7'},{'D4'},{'D6'},{'D3'},{'D5'},{'R1'},&,1.0,&
{'R2'},{'D2'},{'D1'},{'R3'},{'D7'},{'D4'},{'D6'},{'R1'},{'D5'},,&,1.0,&
{'R2'},{'D2'},{'D1'},{'R3'},{'D7'},{'D4'},{'D6'},{'R1'},{'D3'},,&,1.0,&
{'R2'},{'D2'},{'D1'},{'R3'},{'D7'},{'D4'},{'D6'},{'R1'},{'D3'},{'D5'},&,1.0,&
{'R2'},{'D2'},{'D1'},{'R3'},{'D7'},{'R1'},,,,,&,5.0,&
{'R2'},{'D2'},{'D1'},{'R3'},{'D7'},{'R1'},{'D3'},{'D6'},,,&,1.0,&
{'R2'},{'D2'},{'D1'},{'R3'},{'D7'},{'R1'},{'D4'},{'D3'},{'D6'},{'D5'},&,1.0,&
{'R2'},{'D2'},{'D1'},{'R3'},{'D7'},{'R1'},{'D6'},{'D3'},,,&,1.0,&
{'R2'},{'D2'},{'D1'},{'R3'},{'D7'},{'R1'},{'D6'},{'D4'},,,&,1.0,&
{'R2'},{'D2'},{'D1'},{'R3'},{'D7'},{'D3'},{'R1'},,,,&,2.0,&
{'R2'},{'D2'},{'D1'},{'R3'},{'D7'},{'D3'},{'D5'},{'R1'},,,&,1.0,&
{'R2'},{'D2'},{'D1'},{'R3'},{'D7'},{'D3'},{'D4'},{'D6'},,,&,1.0,&
{'R2'},{'D2'},{'D1'},{'R3'},{'D7'},{'D3'},{'D4'},{'D6'},{'R1'},,&,1.0,&
{'R2'},{'D2'},{'D1'},{'R3'},{'D7'},{'D3'},{'D4'},{'D6'},{'R1'},{'D5'},&,1.0,&
{'R2'},{'D2'},{'D1'},{'R3'},{'D7'},{'D3'},{'D4'},{'R1'},{'D6'},{'D5'},&,1.0,&
{'R2'},{'D2'},{'D1'},{'R3'},{'D7'},{'D3'},{'D6'},{'R1'},{'D4'},{'D5'},&,1.0,&
{'R2'},{'D2'},{'D1'},{'R3'},{'D7'},{'D5'},{'R1'},,,,&,1.0,&
{'R2'},{'D2'},{'D1'},{'R3'},{'D7'},{'D6'},,,,,&,3.0,&
{'R2'},{'D2'},{'D1'},{'R3'},{'D7'},{'D6'},{'D3'},{'R1'},,,&,1.0,&
{'R2'},{'D2'},{'D1'},{'R3'},{'D7'},{'D6'},{'R1'},,,,&,1.0,&
{'R2'},{'D2'},{'D1'},{'R3'},{'D7'},{'D6'},{'R1'},{'D4'},,,&,1.0,&
{'R2'},{'D2'},{'D1'},{'R3'},{'D7'},{'D6'},{'R1'},{'D4'},{'D3'},,&,1.0,&
{'R2'},{'D2'},{'D1'},{'R3'},{'D7'},{'D6'},{'D5'},{'R1'},{'D4'},,&,1.0,&
{'R2'},{'D2'},{'D1'},{'R3'},{'D7'},{'D6'},{'D4'},{'D3'},{'D5'},,&,1.0,&
{'R2'},{'D2'},{'D1'},{'R3'},{'D7'},{'D6'},{'D4'},{'R1'},{'D3'},,&,1.0,&
{'R2'},{'D2'},{'D1'},{'R3'},{'R1'},,,,,,&,11.0,&
{'R2'},{'D2'},{'D1'},{'R3'},{'R1'},{'D4'},,,,,&,4.0,&
{'R2'},{'D2'},{'D1'},{'R3'},{'R1'},{'D4'},{'D3'},,,,&,1.0,&
{'R2'},{'D2'},{'D1'},{'R3'},{'R1'},{'D4'},{'D3'},{'D7'},{'D6'},{'D5'},&,1.0,&
{'R2'},{'D2'},{'D1'},{'R3'},{'R1'},{'D4'},{'D3'},{'D7'},{'D5'},{'D6'},&,1.0,&
{'R2'},{'D2'},{'D1'},{'R3'},{'R1'},{'D4'},{'D7'},{'D3'},{'D5'},{'D6'},&,1.0,&
{'R2'},{'D2'},{'D1'},{'R3'},{'R1'},{'D4'},{'D6'},{'D7'},{'D3'},{'D5'},&,1.0,&
{'R2'},{'D2'},{'D1'},{'R3'},{'R1'},{'D3'},{'D4'},,,,&,1.0,&
{'R2'},{'D2'},{'D1'},{'R3'},{'R1'},{'D3'},{'D6'},{'D4'},{'D7'},{'D5'},&,1.0,&
{'R2'},{'D2'},{'D1'},{'R3'},{'R1'},{'D5'},{'D7'},,,,&,1.0,&
{'R2'},{'D2'},{'D1'},{'R3'},{'R1'},{'D7'},,,,,&,5.0,&
{'R2'},{'D2'},{'D1'},{'R3'},{'R1'},{'D7'},{'D3'},,,,&,1.0,&
{'R2'},{'D2'},{'D1'},{'R3'},{'R1'},{'D7'},{'D3'},{'D4'},,,&,1.0,&
{'R2'},{'D2'},{'D1'},{'R3'},{'R1'},{'D7'},{'D3'},{'D4'},{'D6'},,&,1.0,&
{'R2'},{'D2'},{'D1'},{'R3'},{'R1'},{'D7'},{'D5'},{'D6'},{'D3'},{'D4'},&,1.0,&
{'R2'},{'D2'},{'D1'},{'R3'},{'R1'},{'D7'},{'D5'},{'D4'},,,&,1.0,&
{'R2'},{'D2'},{'D1'},{'R3'},{'R1'},{'D7'},{'D4'},{'D6'},{'D3'},,&,1.0,&
{'R2'},{'D2'},{'D1'},{'R3'},{'R1'},{'D7'},{'D4'},{'D3'},,,&,1.0,&
{'R2'},{'D2'},{'D1'},{'R3'},{'R1'},{'D7'},{'D6'},{'D4'},,,&,1.0,&
{'R2'},{'D2'},{'D1'},{'R3'},{'R1'},{'D7'},{'D6'},{'D4'},{'D3'},{'D5'},&,1.0,&
{'R2'},{'D2'},{'D1'},{'R3'},{'R1'},{'D6'},,,,,&,1.0,&
{'R2'},{'D2'},{'D1'},{'R3'},{'R1'},{'D6'},{'D7'},{'D4'},{'D5'},,&,1.0,&
{'R2'},{'D2'},{'D1'},{'R3'},{'R1'},{'D6'},{'D7'},{'D4'},{'D3'},,&,1.0,&
{'R2'},{'D2'},{'D1'},{'R3'},{'D4'},{'R1'},{'D3'},,,,&,1.0,&
{'R2'},{'D2'},{'D1'},{'R3'},{'D4'},{'R1'},{'D7'},,,,&,1.0,&
{'R2'},{'D2'},{'D1'},{'R3'},{'D4'},{'D3'},{'D7'},{'D6'},{'R1'},{'D5'},&,1.0,&
{'R2'},{'D2'},{'D1'},{'R3'},{'D4'},{'D3'},{'R1'},{'D6'},,,&,1.0,&
{'R2'},{'D2'},{'D1'},{'R3'},{'D4'},{'D7'},,,,,&,1.0,&
{'R2'},{'D2'},{'D1'},{'R3'},{'D4'},{'D7'},{'D3'},{'D6'},{'D5'},,&,1.0,&
{'R2'},{'D2'},{'D1'},{'R3'},{'D4'},{'D7'},{'R1'},,,,&,4.0,&
{'R2'},{'D2'},{'D1'},{'R3'},{'D4'},{'D7'},{'R1'},{'D5'},,,&,1.0,&
{'R2'},{'D2'},{'D1'},{'R3'},{'D4'},{'D7'},{'R1'},{'D3'},{'D6'},{'D5'},&,1.0,&
{'R2'},{'D2'},{'D1'},{'R3'},{'D4'},{'D7'},{'D6'},,,,&,1.0,&
{'R2'},{'D2'},{'D1'},{'R3'},{'D4'},{'D7'},{'D6'},{'R1'},{'D3'},{'D5'},&,1.0,&
{'R2'},{'D2'},{'D1'},{'R3'},{'D4'},{'D6'},,,,,&,1.0,&
{'R2'},{'D2'},{'D1'},{'R3'},{'D4'},{'D6'},{'R1'},{'D7'},,,&,1.0,&
{'R2'},{'D2'},{'D1'},{'R3'},{'D6'},,,,,,&,1.0,&
{'R2'},{'D2'},{'D1'},{'R3'},{'D6'},{'R1'},{'D7'},,,,&,1.0,&
{'R2'},{'D2'},{'D1'},{'R3'},{'D3'},{'D4'},{'D7'},,,,&,1.0,&
{'R2'},{'D2'},{'D1'},{'R3'},{'D3'},{'R1'},,,,,&,2.0,&
{'R2'},{'D2'},{'D1'},{'R3'},{'D3'},{'R1'},{'D7'},,,,&,1.0,&
{'R2'},{'D2'},{'D1'},{'R3'},{'D3'},{'R1'},{'D7'},{'D5'},,,&,1.0,&
{'R2'},{'D2'},{'D1'},{'R3'},{'D3'},{'D7'},,,,,&,1.0,&
{'R2'},{'D2'},{'D1'},{'R3'},{'D3'},{'D7'},{'D4'},{'D6'},{'D5'},,&,1.0,&
{'R2'},{'D2'},{'D1'},{'R3'},{'D3'},{'D6'},{'R1'},{'D7'},,,&,2.0,&
{'R2'},{'D2'},{'D1'},{'R3'},{'D5'},{'R1'},{'D7'},,,,&,1.0,&
{'R2'},{'D2'},{'D1'},{'R1'},,,,,,,&,2.0,&
{'R2'},{'D2'},{'D1'},{'R1'},{'D7'},,,,,,&,3.0,&
{'R2'},{'D2'},{'D1'},{'R1'},{'D7'},{'D3'},{'D4'},,,,&,1.0,&
{'R2'},{'D2'},{'D1'},{'R1'},{'D7'},{'D3'},{'R3'},,,,&,1.0,&
{'R2'},{'D2'},{'D1'},{'R1'},{'D7'},{'R3'},{'D4'},,,,&,1.0,&
{'R2'},{'D2'},{'D1'},{'R1'},{'D7'},{'R3'},{'D4'},{'D6'},{'D3'},{'D5'},&,1.0,&
{'R2'},{'D2'},{'D1'},{'R1'},{'D7'},{'D6'},{'D3'},{'R3'},{'D4'},{'D5'},&,1.0,&
{'R2'},{'D2'},{'D1'},{'R1'},{'D7'},{'D6'},{'D4'},{'R3'},{'D3'},{'D5'},&,1.0,&
{'R2'},{'D2'},{'D1'},{'R1'},{'R3'},,,,,,&,1.0,&
{'R2'},{'D2'},{'D1'},{'R1'},{'R3'},{'D3'},{'D7'},{'D6'},{'D4'},,&,1.0,&
{'R2'},{'D2'},{'D1'},{'R1'},{'R3'},{'D7'},{'D4'},,,,&,2.0,&
{'R2'},{'D2'},{'D1'},{'R1'},{'R3'},{'D7'},{'D4'},{'D3'},{'D6'},{'D5'},&,2.0,&
{'R2'},{'D2'},{'D1'},{'R1'},{'D4'},,,,,,&,1.0,&
{'R2'},{'D2'},{'D1'},{'R1'},{'D4'},{'R3'},,,,,&,1.0,&
{'R2'},{'D2'},{'D1'},{'R1'},{'D6'},{'D7'},{'R3'},{'D5'},,,&,1.0,&
{'R2'},{'D2'},{'D1'},{'D7'},,,,,,,&,19.0,&
{'R2'},{'D2'},{'D1'},{'D7'},{'R1'},,,,,,&,2.0,&
{'R2'},{'D2'},{'D1'},{'D7'},{'R1'},{'D4'},{'D6'},,,,&,1.0,&
{'R2'},{'D2'},{'D1'},{'D7'},{'R1'},{'D4'},{'D6'},{'D3'},,,&,1.0,&
{'R2'},{'D2'},{'D1'},{'D7'},{'R1'},{'D3'},{'D4'},{'D6'},,,&,1.0,&
{'R2'},{'D2'},{'D1'},{'D7'},{'R1'},{'D3'},{'D4'},{'R3'},{'D6'},{'D5'},&,1.0,&
{'R2'},{'D2'},{'D1'},{'D7'},{'R1'},{'R3'},,,,,&,1.0,&
{'R2'},{'D2'},{'D1'},{'D7'},{'R3'},,,,,,&,4.0,&
{'R2'},{'D2'},{'D1'},{'D7'},{'R3'},{'D4'},,,,,&,1.0,&
{'R2'},{'D2'},{'D1'},{'D7'},{'R3'},{'D4'},{'R1'},,,,&,3.0,&
{'R2'},{'D2'},{'D1'},{'D7'},{'R3'},{'D4'},{'R1'},{'D5'},{'D6'},{'D3'},&,1.0,&
{'R2'},{'D2'},{'D1'},{'D7'},{'R3'},{'D4'},{'R1'},{'D3'},{'D6'},,&,1.0,&
{'R2'},{'D2'},{'D1'},{'D7'},{'R3'},{'D4'},{'D6'},,,,&,1.0,&
{'R2'},{'D2'},{'D1'},{'D7'},{'R3'},{'D4'},{'D6'},{'R1'},,,&,1.0,&
{'R2'},{'D2'},{'D1'},{'D7'},{'R3'},{'D4'},{'D6'},{'R1'},{'D5'},{'D3'},&,1.0,&
{'R2'},{'D2'},{'D1'},{'D7'},{'R3'},{'R1'},,,,,&,3.0,&
{'R2'},{'D2'},{'D1'},{'D7'},{'R3'},{'R1'},{'D4'},{'D5'},,,&,1.0,&
{'R2'},{'D2'},{'D1'},{'D7'},{'R3'},{'R1'},{'D4'},{'D6'},,,&,1.0,&
{'R2'},{'D2'},{'D1'},{'D7'},{'R3'},{'R1'},{'D4'},{'D6'},{'D3'},,&,1.0,&
{'R2'},{'D2'},{'D1'},{'D7'},{'R3'},{'R1'},{'D4'},{'D3'},,,&,1.0,&
{'R2'},{'D2'},{'D1'},{'D7'},{'R3'},{'R1'},{'D4'},{'D3'},{'D6'},{'D5'},&,2.0,&
{'R2'},{'D2'},{'D1'},{'D7'},{'R3'},{'R1'},{'D4'},{'D3'},{'D5'},{'D6'},&,1.0,&
{'R2'},{'D2'},{'D1'},{'D7'},{'R3'},{'R1'},{'D6'},,,,&,1.0,&
{'R2'},{'D2'},{'D1'},{'D7'},{'R3'},{'R1'},{'D6'},{'D4'},,,&,1.0,&
{'R2'},{'D2'},{'D1'},{'D7'},{'R3'},{'D3'},{'D5'},,,,&,1.0,&
{'R2'},{'D2'},{'D1'},{'D7'},{'R3'},{'D3'},{'D4'},{'D5'},{'D6'},{'R1'},&,1.0,&
{'R2'},{'D2'},{'D1'},{'D7'},{'R3'},{'D3'},{'D4'},{'D6'},{'R1'},,&,1.0,&
{'R2'},{'D2'},{'D1'},{'D7'},{'R3'},{'D5'},{'D3'},{'R1'},{'D6'},,&,1.0,&
{'R2'},{'D2'},{'D1'},{'D7'},{'R3'},{'D5'},{'D4'},{'R1'},{'D3'},{'D6'},&,1.0,&
{'R2'},{'D2'},{'D1'},{'D7'},{'D4'},,,,,,&,5.0,&
{'R2'},{'D2'},{'D1'},{'D7'},{'D4'},{'R1'},,,,,&,1.0,&
{'R2'},{'D2'},{'D1'},{'D7'},{'D4'},{'D3'},,,,,&,2.0,&
{'R2'},{'D2'},{'D1'},{'D7'},{'D4'},{'D3'},{'D6'},{'D5'},,,&,1.0,&
{'R2'},{'D2'},{'D1'},{'D7'},{'D4'},{'D3'},{'D6'},{'R3'},{'R1'},,&,1.0,&
{'R2'},{'D2'},{'D1'},{'D7'},{'D4'},{'D3'},{'R3'},,,,&,1.0,&
{'R2'},{'D2'},{'D1'},{'D7'},{'D4'},{'D3'},{'R3'},{'R1'},,,&,3.0,&
{'R2'},{'D2'},{'D1'},{'D7'},{'D4'},{'D3'},{'R3'},{'R1'},{'D5'},{'D6'},&,1.0,&
{'R2'},{'D2'},{'D1'},{'D7'},{'D4'},{'R3'},,,,,&,1.0,&
{'R2'},{'D2'},{'D1'},{'D7'},{'D4'},{'R3'},{'D3'},{'D6'},,,&,1.0,&
{'R2'},{'D2'},{'D1'},{'D7'},{'D4'},{'R3'},{'D3'},{'D6'},{'D5'},,&,2.0,&
{'R2'},{'D2'},{'D1'},{'D7'},{'D4'},{'R3'},{'D3'},{'R1'},{'D6'},,&,1.0,&
{'R2'},{'D2'},{'D1'},{'D7'},{'D4'},{'R3'},{'D3'},{'R1'},{'D6'},{'D5'},&,1.0,&
{'R2'},{'D2'},{'D1'},{'D7'},{'D4'},{'R3'},{'R1'},,,,&,1.0,&
{'R2'},{'D2'},{'D1'},{'D7'},{'D4'},{'R3'},{'R1'},{'D3'},{'D6'},{'D5'},&,1.0,&
{'R2'},{'D2'},{'D1'},{'D7'},{'D4'},{'R3'},{'D6'},,,,&,1.0,&
{'R2'},{'D2'},{'D1'},{'D7'},{'D4'},{'D6'},,,,,&,1.0,&
{'R2'},{'D2'},{'D1'},{'D7'},{'D4'},{'D6'},{'D3'},{'D5'},{'R1'},{'R3'},&,1.0,&
{'R2'},{'D2'},{'D1'},{'D7'},{'D4'},{'D6'},{'D3'},{'D5'},{'R3'},,&,1.0,&
{'R2'},{'D2'},{'D1'},{'D7'},{'D4'},{'D6'},{'R3'},{'D3'},{'D5'},,&,1.0,&
{'R2'},{'D2'},{'D1'},{'D7'},{'D6'},,,,,,&,2.0,&
{'R2'},{'D2'},{'D1'},{'D7'},{'D6'},{'D4'},{'D3'},{'D5'},{'R3'},{'R1'},&,2.0,&
{'R2'},{'D2'},{'D1'},{'D7'},{'D6'},{'D4'},{'R3'},,,,&,1.0,&
{'R2'},{'D2'},{'D1'},{'D7'},{'D6'},{'D3'},,,,,&,1.0,&
{'R2'},{'D2'},{'D1'},{'D7'},{'D6'},{'D3'},{'D4'},{'R3'},{'R1'},{'D5'},&,1.0,&
{'R2'},{'D2'},{'D1'},{'D7'},{'D6'},{'D3'},{'R3'},,,,&,1.0,&
{'R2'},{'D2'},{'D1'},{'D7'},{'D6'},{'D5'},{'D4'},,,,&,1.0,&
{'R2'},{'D2'},{'D1'},{'D7'},{'D6'},{'R3'},,,,,&,1.0,&
{'R2'},{'D2'},{'D1'},{'D7'},{'D6'},{'R3'},{'R1'},{'D3'},,,&,1.0,&
{'R2'},{'D2'},{'D1'},{'D7'},{'D3'},,,,,,&,2.0,&
{'R2'},{'D2'},{'D1'},{'D7'},{'D3'},{'D4'},,,,,&,1.0,&
{'R2'},{'D2'},{'D1'},{'D7'},{'D3'},{'D4'},{'D5'},{'R1'},,,&,1.0,&
{'R2'},{'D2'},{'D1'},{'D7'},{'D3'},{'D4'},{'D5'},{'R1'},{'D6'},{'R3'},&,1.0,&
{'R2'},{'D2'},{'D1'},{'D7'},{'D3'},{'D4'},{'D6'},{'D5'},,,&,1.0,&
{'R2'},{'D2'},{'D1'},{'D7'},{'D3'},{'D4'},{'D6'},{'D5'},{'R3'},,&,1.0,&
{'R2'},{'D2'},{'D1'},{'D7'},{'D3'},{'D4'},{'R3'},{'D6'},{'D5'},,&,1.0,&
{'R2'},{'D2'},{'D1'},{'D7'},{'D3'},{'D4'},{'R3'},{'D6'},{'D5'},{'R1'},&,2.0,&
{'R2'},{'D2'},{'D1'},{'D7'},{'D3'},{'D4'},{'R3'},{'D6'},{'R1'},,&,1.0,&
{'R2'},{'D2'},{'D1'},{'D7'},{'D3'},{'D4'},{'R3'},{'R1'},,,&,1.0,&
{'R2'},{'D2'},{'D1'},{'D7'},{'D3'},{'R3'},,,,,&,1.0,&
{'R2'},{'D2'},{'D1'},{'D7'},{'D3'},{'R3'},{'R1'},{'D6'},{'D4'},{'D5'},&,1.0,&
{'R2'},{'D2'},{'D1'},{'D7'},{'D3'},{'R3'},{'R1'},{'D4'},{'D6'},{'D5'},&,1.0,&
{'R2'},{'D2'},{'D1'},{'D7'},{'D3'},{'R3'},{'D5'},{'D4'},,,&,1.0,&
{'R2'},{'D2'},{'D1'},{'D7'},{'D3'},{'R3'},{'D4'},{'R1'},,,&,1.0,&
{'R2'},{'D2'},{'D1'},{'D7'},{'D3'},{'R3'},{'D6'},,,,&,1.0,&
{'R2'},{'D2'},{'D1'},{'D7'},{'D3'},{'D6'},{'R1'},{'D4'},{'D5'},{'R3'},&,1.0,&
{'R2'},{'D2'},{'D1'},{'D7'},{'D5'},,,,,,&,2.0,&
{'R2'},{'D2'},{'D1'},{'D7'},{'D5'},{'D4'},{'R1'},{'D3'},{'R3'},,&,1.0,&
{'R2'},{'D2'},{'D1'},{'D7'},{'D5'},{'D4'},{'D6'},,,,&,1.0,&
{'R2'},{'D2'},{'D1'},{'D7'},{'D5'},{'R1'},{'R3'},{'D3'},{'D4'},{'D6'},&,1.0,&
{'R2'},{'D2'},{'D1'},{'D4'},,,,,,,&,9.0,&
{'R2'},{'D2'},{'D1'},{'D4'},{'D7'},{'D3'},,,,,&,1.0,&
{'R2'},{'D2'},{'D1'},{'D4'},{'D7'},{'D3'},{'D6'},{'R3'},{'R1'},{'D5'},&,1.0,&
{'R2'},{'D2'},{'D1'},{'D4'},{'D7'},{'D5'},{'R3'},{'D6'},{'D3'},,&,1.0,&
{'R2'},{'D2'},{'D1'},{'D4'},{'D7'},{'R3'},{'D3'},,,,&,2.0,&
{'R2'},{'D2'},{'D1'},{'D4'},{'D7'},{'R3'},{'D3'},{'D6'},,,&,1.0,&
{'R2'},{'D2'},{'D1'},{'D4'},{'D7'},{'R3'},{'R1'},{'D3'},,,&,1.0,&
{'R2'},{'D2'},{'D1'},{'D4'},{'D7'},{'R3'},{'D6'},{'D5'},{'D3'},{'R1'},&,1.0,&
{'R2'},{'D2'},{'D1'},{'D4'},{'D7'},{'D6'},,,,,&,1.0,&
{'R2'},{'D2'},{'D1'},{'D4'},{'D7'},{'D6'},{'R1'},{'D3'},{'D5'},,&,1.0,&
{'R2'},{'D2'},{'D1'},{'D4'},{'D7'},{'D6'},{'R3'},{'D3'},{'D5'},{'R1'},&,1.0,&
{'R2'},{'D2'},{'D1'},{'D4'},{'R1'},{'R3'},,,,,&,1.0,&
{'R2'},{'D2'},{'D1'},{'D4'},{'R1'},{'R3'},{'D3'},{'D7'},{'D6'},{'D5'},&,1.0,&
{'R2'},{'D2'},{'D1'},{'D4'},{'R3'},,,,,,&,1.0,&
{'R2'},{'D2'},{'D1'},{'D4'},{'R3'},{'R1'},{'D7'},,,,&,1.0,&
{'R2'},{'D2'},{'D1'},{'D4'},{'R3'},{'R1'},{'D7'},{'D6'},{'D3'},{'D5'},&,1.0,&
{'R2'},{'D2'},{'D1'},{'D4'},{'R3'},{'D7'},{'D3'},,,,&,1.0,&
{'R2'},{'D2'},{'D1'},{'D4'},{'R3'},{'D7'},{'D3'},{'D6'},{'D5'},,&,1.0,&
{'R2'},{'D2'},{'D1'},{'D4'},{'R3'},{'D7'},{'D3'},{'R1'},{'D6'},{'D5'},&,1.0,&
{'R2'},{'D2'},{'D1'},{'D4'},{'R3'},{'D7'},{'R1'},{'D3'},{'D6'},,&,1.0,&
{'R2'},{'D2'},{'D1'},{'D4'},{'R3'},{'D6'},{'D7'},{'R1'},,,&,1.0,&
{'R2'},{'D2'},{'D1'},{'D4'},{'D6'},{'D3'},,,,,&,1.0,&
{'R2'},{'D2'},{'D1'},{'D4'},{'D6'},{'D7'},,,,,&,1.0,&
{'R2'},{'D2'},{'D1'},{'D4'},{'D6'},{'D7'},{'R3'},{'D3'},{'R1'},{'D5'},&,1.0,&
{'R2'},{'D2'},{'D1'},{'D4'},{'D6'},{'R3'},,,,,&,1.0,&
{'R2'},{'D2'},{'D1'},{'D4'},{'D3'},{'D5'},{'D7'},{'R1'},{'D6'},,&,1.0,&
{'R2'},{'D2'},{'D1'},{'D4'},{'D3'},{'D7'},{'D6'},,,,&,1.0,&
{'R2'},{'D2'},{'D1'},{'D4'},{'D3'},{'R3'},{'D7'},{'D6'},{'D5'},,&,1.0,&
{'R2'},{'D2'},{'D1'},{'D4'},{'D5'},,,,,,&,1.0,&
{'R2'},{'D2'},{'D1'},{'D3'},,,,,,,&,5.0,&
{'R2'},{'D2'},{'D1'},{'D3'},{'D7'},,,,,,&,4.0,&
{'R2'},{'D2'},{'D1'},{'D3'},{'D7'},{'D4'},{'D5'},,,,&,1.0,&
{'R2'},{'D2'},{'D1'},{'D3'},{'D7'},{'D4'},{'D6'},{'R3'},{'D5'},{'R1'},&,1.0,&
{'R2'},{'D2'},{'D1'},{'D3'},{'D7'},{'D4'},{'R3'},,,,&,1.0,&
{'R2'},{'D2'},{'D1'},{'D3'},{'D7'},{'D4'},{'R3'},{'D6'},{'D5'},{'R1'},&,1.0,&
{'R2'},{'D2'},{'D1'},{'D3'},{'D7'},{'D5'},{'R3'},{'R1'},,,&,1.0,&
{'R2'},{'D2'},{'D1'},{'D3'},{'D7'},{'R3'},{'D4'},{'D6'},{'D5'},,&,1.0,&
{'R2'},{'D2'},{'D1'},{'D3'},{'R1'},{'R3'},,,,,&,1.0,&
{'R2'},{'D2'},{'D1'},{'D3'},{'R3'},,,,,,&,1.0,&
{'R2'},{'D2'},{'D1'},{'D3'},{'R3'},{'D4'},,,,,&,1.0,&
{'R2'},{'D2'},{'D1'},{'D3'},{'R3'},{'D4'},{'D7'},{'D6'},,,&,1.0,&
{'R2'},{'D2'},{'D1'},{'D3'},{'R3'},{'D7'},{'D5'},{'R1'},,,&,1.0,&
{'R2'},{'D2'},{'D1'},{'D3'},{'R3'},{'D6'},,,,,&,1.0,&
{'R2'},{'D2'},{'D1'},{'D3'},{'D4'},{'D7'},{'D6'},{'R3'},{'D5'},{'R1'},&,1.0,&
{'R2'},{'D2'},{'D1'},{'D3'},{'D4'},{'R3'},{'R1'},{'D7'},{'D5'},,&,1.0,&
{'R2'},{'D2'},{'D1'},{'D6'},,,,,,,&,2.0,&
{'R2'},{'D2'},{'D1'},{'D6'},{'D7'},{'D4'},{'D3'},{'D5'},{'R3'},,&,1.0,&
{'R2'},{'D2'},{'D1'},{'D6'},{'D7'},{'D4'},{'D5'},{'R1'},{'R3'},{'D3'},&,1.0,&
{'R2'},{'D2'},{'D1'},{'D6'},{'D7'},{'D3'},{'R3'},{'R1'},,,&,1.0,&
{'R2'},{'D2'},{'D1'},{'D6'},{'R1'},{'D4'},{'R3'},{'D7'},{'D3'},{'D5'},&,1.0,&
{'R2'},{'D2'},{'D1'},{'D6'},{'R3'},,,,,,&,2.0,&
{'R2'},{'D2'},{'D1'},{'D6'},{'R3'},{'R1'},,,,,&,1.0,&
{'R2'},{'D2'},{'D1'},{'D6'},{'R3'},{'R1'},{'D3'},{'D7'},,,&,1.0,&
{'R2'},{'D2'},{'D1'},{'D6'},{'R3'},{'R1'},{'D7'},,,,&,1.0,&
{'R2'},{'D2'},{'D1'},{'D6'},{'R3'},{'R1'},{'D7'},{'D4'},,,&,1.0,&
{'R2'},{'D2'},{'D1'},{'D6'},{'R3'},{'D7'},{'D3'},,,,&,1.0,&
{'R2'},{'D2'},{'D1'},{'D6'},{'R3'},{'D7'},{'R1'},{'D3'},,,&,1.0,&
{'R2'},{'D2'},{'D1'},{'D6'},{'D4'},,,,,,&,1.0,&
{'R2'},{'D2'},{'D1'},{'D6'},{'D4'},{'R3'},,,,,&,1.0,&
{'R2'},{'D2'},{'D1'},{'D6'},{'D3'},,,,,,&,1.0,&
{'R2'},{'D2'},{'D1'},{'D5'},{'D7'},{'D4'},{'D3'},,,,&,1.0,&
{'R2'},{'D2'},{'D1'},{'D5'},{'R3'},{'R1'},{'D7'},{'D4'},{'D6'},,&,1.0,&
{'R2'},{'D2'},{'D1'},{'D5'},{'D4'},{'R3'},{'R1'},{'D7'},{'D3'},,&,1.0,&
{'R2'},{'D2'},{'D4'},,,,,,,,&,25.0,&
{'R2'},{'D2'},{'D4'},{'R3'},,,,,,,&,5.0,&
{'R2'},{'D2'},{'D4'},{'R3'},{'D7'},,,,,,&,2.0,&
{'R2'},{'D2'},{'D4'},{'R3'},{'D7'},{'R1'},,,,,&,2.0,&
{'R2'},{'D2'},{'D4'},{'R3'},{'D7'},{'R1'},{'D3'},{'D1'},,,&,1.0,&
{'R2'},{'D2'},{'D4'},{'R3'},{'D7'},{'R1'},{'D3'},{'D1'},{'D5'},,&,1.0,&
{'R2'},{'D2'},{'D4'},{'R3'},{'D7'},{'R1'},{'D1'},{'D3'},,,&,1.0,&
{'R2'},{'D2'},{'D4'},{'R3'},{'D7'},{'R1'},{'D1'},{'D3'},{'D5'},{'D6'},&,1.0,&
{'R2'},{'D2'},{'D4'},{'R3'},{'D7'},{'R1'},{'D6'},{'D1'},,,&,1.0,&
{'R2'},{'D2'},{'D4'},{'R3'},{'D7'},{'D3'},{'R1'},{'D1'},,,&,1.0,&
{'R2'},{'D2'},{'D4'},{'R3'},{'D7'},{'D1'},{'D3'},,,,&,1.0,&
{'R2'},{'D2'},{'D4'},{'R3'},{'D7'},{'D1'},{'D3'},{'D6'},{'R1'},,&,1.0,&
{'R2'},{'D2'},{'D4'},{'R3'},{'D7'},{'D1'},{'R1'},,,,&,1.0,&
{'R2'},{'D2'},{'D4'},{'R3'},{'D7'},{'D1'},{'R1'},{'D6'},{'D5'},,&,1.0,&
{'R2'},{'D2'},{'D4'},{'R3'},{'D7'},{'D1'},{'R1'},{'D3'},{'D6'},{'D5'},&,1.0,&
{'R2'},{'D2'},{'D4'},{'R3'},{'D7'},{'D6'},{'D1'},{'R1'},{'D3'},,&,1.0,&
{'R2'},{'D2'},{'D4'},{'R3'},{'D7'},{'D6'},{'R1'},,,,&,1.0,&
{'R2'},{'D2'},{'D4'},{'R3'},{'R1'},,,,,,&,1.0,&
{'R2'},{'D2'},{'D4'},{'R3'},{'R1'},{'D3'},,,,,&,1.0,&
{'R2'},{'D2'},{'D4'},{'R3'},{'R1'},{'D3'},{'D1'},,,,&,1.0,&
{'R2'},{'D2'},{'D4'},{'R3'},{'R1'},{'D1'},,,,,&,1.0,&
{'R2'},{'D2'},{'D4'},{'R3'},{'R1'},{'D1'},{'D7'},{'D6'},,,&,1.0,&
{'R2'},{'D2'},{'D4'},{'R3'},{'R1'},{'D1'},{'D7'},{'D3'},{'D6'},{'D5'},&,2.0,&
{'R2'},{'D2'},{'D4'},{'R3'},{'R1'},{'D7'},{'D3'},,,,&,1.0,&
{'R2'},{'D2'},{'D4'},{'R3'},{'R1'},{'D7'},{'D3'},{'D1'},{'D6'},,&,1.0,&
{'R2'},{'D2'},{'D4'},{'R3'},{'R1'},{'D7'},{'D1'},,,,&,1.0,&
{'R2'},{'D2'},{'D4'},{'R3'},{'R1'},{'D7'},{'D1'},{'D6'},,,&,1.0,&
{'R2'},{'D2'},{'D4'},{'R3'},{'R1'},{'D7'},{'D5'},,,,&,1.0,&
{'R2'},{'D2'},{'D4'},{'R3'},{'R1'},{'D7'},{'D5'},{'D1'},,,&,1.0,&
{'R2'},{'D2'},{'D4'},{'R3'},{'R1'},{'D7'},{'D6'},{'D1'},,,&,1.0,&
{'R2'},{'D2'},{'D4'},{'R3'},{'D1'},,,,,,&,2.0,&
{'R2'},{'D2'},{'D4'},{'R3'},{'D1'},{'R1'},,,,,&,2.0,&
{'R2'},{'D2'},{'D4'},{'R3'},{'D1'},{'R1'},{'D7'},,,,&,1.0,&
{'R2'},{'D2'},{'D4'},{'R3'},{'D1'},{'D3'},{'D7'},{'D6'},{'D5'},{'R1'},&,1.0,&
{'R2'},{'D2'},{'D4'},{'R3'},{'D1'},{'D7'},,,,,&,1.0,&
{'R2'},{'D2'},{'D4'},{'R3'},{'D1'},{'D7'},{'D3'},,,,&,1.0,&
{'R2'},{'D2'},{'D4'},{'R3'},{'D1'},{'D7'},{'D3'},{'D6'},{'R1'},{'D5'},&,1.0,&
{'R2'},{'D2'},{'D4'},{'R3'},{'D1'},{'D7'},{'R1'},{'D5'},,,&,1.0,&
{'R2'},{'D2'},{'D4'},{'R3'},{'D1'},{'D7'},{'D6'},{'D3'},{'R1'},,&,1.0,&
{'R2'},{'D2'},{'D4'},{'R3'},{'D1'},{'D6'},,,,,&,1.0,&
{'R2'},{'D2'},{'D4'},{'R3'},{'D6'},,,,,,&,1.0,&
{'R2'},{'D2'},{'D4'},{'R3'},{'D6'},{'R1'},,,,,&,1.0,&
{'R2'},{'D2'},{'D4'},{'R3'},{'D6'},{'D7'},{'D1'},{'D3'},{'R1'},,&,1.0,&
{'R2'},{'D2'},{'D4'},{'R3'},{'D6'},{'D7'},{'R1'},{'D1'},,,&,1.0,&
{'R2'},{'D2'},{'D4'},{'R3'},{'D3'},,,,,,&,1.0,&
{'R2'},{'D2'},{'D4'},{'R3'},{'D3'},{'D7'},{'D1'},{'D6'},,,&,1.0,&
{'R2'},{'D2'},{'D4'},{'R3'},{'D3'},{'D7'},{'D1'},{'R1'},,,&,1.0,&
{'R2'},{'D2'},{'D4'},{'D1'},,,,,,,&,8.0,&
{'R2'},{'D2'},{'D4'},{'D1'},{'D7'},,,,,,&,5.0,&
{'R2'},{'D2'},{'D4'},{'D1'},{'D7'},{'D3'},,,,,&,1.0,&
{'R2'},{'D2'},{'D4'},{'D1'},{'D7'},{'D3'},{'D6'},{'R3'},{'D5'},{'R1'},&,1.0,&
{'R2'},{'D2'},{'D4'},{'D1'},{'D7'},{'D3'},{'R3'},,,,&,1.0,&
{'R2'},{'D2'},{'D4'},{'D1'},{'D7'},{'D3'},{'R3'},{'D5'},{'D6'},{'R1'},&,1.0,&
{'R2'},{'D2'},{'D4'},{'D1'},{'D7'},{'D5'},{'R3'},,,,&,1.0,&
{'R2'},{'D2'},{'D4'},{'D1'},{'D7'},{'R3'},,,,,&,1.0,&
{'R2'},{'D2'},{'D4'},{'D1'},{'D7'},{'R3'},{'D3'},{'R1'},{'D6'},{'D5'},&,1.0,&
{'R2'},{'D2'},{'D4'},{'D1'},{'D7'},{'R3'},{'R1'},,,,&,1.0,&
{'R2'},{'D2'},{'D4'},{'D1'},{'D7'},{'R3'},{'R1'},{'D3'},{'D6'},{'D5'},&,1.0,&
{'R2'},{'D2'},{'D4'},{'D1'},{'D7'},{'D6'},,,,,&,1.0,&
{'R2'},{'D2'},{'D4'},{'D1'},{'D7'},{'D6'},{'R3'},{'D3'},{'R1'},,&,1.0,&
{'R2'},{'D2'},{'D4'},{'D1'},{'R3'},,,,,,&,1.0,&
{'R2'},{'D2'},{'D4'},{'D1'},{'R3'},{'R1'},,,,,&,1.0,&
{'R2'},{'D2'},{'D4'},{'D1'},{'R3'},{'R1'},{'D7'},{'D6'},,,&,1.0,&
{'R2'},{'D2'},{'D4'},{'D1'},{'R3'},{'R1'},{'D7'},{'D3'},{'D6'},,&,1.0,&
{'R2'},{'D2'},{'D4'},{'D1'},{'R3'},{'R1'},{'D7'},{'D3'},{'D6'},{'D5'},&,1.0,&
{'R2'},{'D2'},{'D4'},{'D1'},{'R3'},{'D3'},{'R1'},{'D7'},,,&,1.0,&
{'R2'},{'D2'},{'D4'},{'D1'},{'R3'},{'D7'},,,,,&,1.0,&
{'R2'},{'D2'},{'D4'},{'D1'},{'R3'},{'D7'},{'D6'},{'D3'},,,&,1.0,&
{'R2'},{'D2'},{'D4'},{'D1'},{'R3'},{'D6'},{'R1'},,,,&,1.0,&
{'R2'},{'D2'},{'D4'},{'D1'},{'D3'},{'D7'},{'R3'},{'D6'},,,&,1.0,&
{'R2'},{'D2'},{'D4'},{'D1'},{'D5'},{'R3'},{'R1'},,,,&,1.0,&
{'R2'},{'D2'},{'D4'},{'R1'},{'D7'},,,,,,&,1.0,&
{'R2'},{'D2'},{'D4'},{'R1'},{'D7'},{'D1'},{'D3'},{'R3'},,,&,1.0,&
{'R2'},{'D2'},{'D4'},{'R1'},{'R3'},,,,,,&,1.0,&
{'R2'},{'D2'},{'D4'},{'R1'},{'R3'},{'D1'},{'D6'},{'D7'},,,&,1.0,&
{'R2'},{'D2'},{'D4'},{'R1'},{'R3'},{'D7'},{'D1'},{'D3'},{'D6'},,&,1.0,&
{'R2'},{'D2'},{'D4'},{'R1'},{'D1'},,,,,,&,2.0,&
{'R2'},{'D2'},{'D4'},{'R1'},{'D1'},{'D3'},{'D7'},{'R3'},{'D6'},,&,1.0,&
{'R2'},{'D2'},{'D4'},{'R1'},{'D3'},{'D7'},{'D6'},{'D1'},,,&,1.0,&
{'R2'},{'D2'},{'D4'},{'D7'},,,,,,,&,6.0,&
{'R2'},{'D2'},{'D4'},{'D7'},{'R1'},{'D1'},{'D3'},,,,&,1.0,&
{'R2'},{'D2'},{'D4'},{'D7'},{'R3'},,,,,,&,2.0,&
{'R2'},{'D2'},{'D4'},{'D7'},{'R3'},{'R1'},{'D1'},,,,&,1.0,&
{'R2'},{'D2'},{'D4'},{'D7'},{'R3'},{'R1'},{'D1'},{'D6'},,,&,1.0,&
{'R2'},{'D2'},{'D4'},{'D7'},{'R3'},{'R1'},{'D1'},{'D6'},{'D3'},{'D5'},&,1.0,&
{'R2'},{'D2'},{'D4'},{'D7'},{'R3'},{'R1'},{'D1'},{'D3'},{'D6'},{'D5'},&,1.0,&
{'R2'},{'D2'},{'D4'},{'D7'},{'R3'},{'D3'},{'R1'},{'D6'},{'D1'},{'D5'},&,1.0,&
{'R2'},{'D2'},{'D4'},{'D7'},{'R3'},{'D1'},,,,,&,1.0,&
{'R2'},{'D2'},{'D4'},{'D7'},{'R3'},{'D1'},{'D3'},{'D6'},{'R1'},{'D5'},&,1.0,&
{'R2'},{'D2'},{'D4'},{'D7'},{'R3'},{'D1'},{'D5'},{'R1'},,,&,1.0,&
{'R2'},{'D2'},{'D4'},{'D7'},{'R3'},{'D1'},{'D6'},{'D3'},{'D5'},{'R1'},&,1.0,&
{'R2'},{'D2'},{'D4'},{'D7'},{'R3'},{'D1'},{'D6'},{'R1'},,,&,1.0,&
{'R2'},{'D2'},{'D4'},{'D7'},{'R3'},{'D6'},{'R1'},{'D1'},{'D3'},,&,1.0,&
{'R2'},{'D2'},{'D4'},{'D7'},{'D1'},,,,,,&,5.0,&
{'R2'},{'D2'},{'D4'},{'D7'},{'D1'},{'D3'},,,,,&,1.0,&
{'R2'},{'D2'},{'D4'},{'D7'},{'D1'},{'D3'},{'D5'},,,,&,1.0,&
{'R2'},{'D2'},{'D4'},{'D7'},{'D1'},{'D3'},{'D6'},{'D5'},,,&,1.0,&
{'R2'},{'D2'},{'D4'},{'D7'},{'D1'},{'D3'},{'D6'},{'D5'},{'R3'},{'R1'},&,1.0,&
{'R2'},{'D2'},{'D4'},{'D7'},{'D1'},{'D3'},{'R3'},{'R1'},{'D6'},,&,1.0,&
{'R2'},{'D2'},{'D4'},{'D7'},{'D1'},{'D5'},,,,,&,1.0,&
{'R2'},{'D2'},{'D4'},{'D7'},{'D1'},{'D5'},{'D3'},{'R3'},{'R1'},{'D6'},&,1.0,&
{'R2'},{'D2'},{'D4'},{'D7'},{'D1'},{'R3'},,,,,&,1.0,&
{'R2'},{'D2'},{'D4'},{'D7'},{'D1'},{'R3'},{'R1'},{'D3'},,,&,1.0,&
{'R2'},{'D2'},{'D4'},{'D7'},{'D1'},{'R3'},{'R1'},{'D3'},{'D5'},,&,1.0,&
{'R2'},{'D2'},{'D4'},{'D7'},{'D1'},{'R3'},{'D5'},{'R1'},{'D3'},,&,1.0,&
{'R2'},{'D2'},{'D4'},{'D7'},{'D1'},{'R3'},{'D6'},,,,&,1.0,&
{'R2'},{'D2'},{'D4'},{'D7'},{'D1'},{'R3'},{'D6'},{'D3'},{'D5'},{'R1'},&,1.0,&
{'R2'},{'D2'},{'D4'},{'D7'},{'D1'},{'R3'},{'D6'},{'R1'},{'D3'},{'D5'},&,1.0,&
{'R2'},{'D2'},{'D4'},{'D7'},{'D1'},{'D6'},{'D3'},{'R3'},{'D5'},,&,1.0,&
{'R2'},{'D2'},{'D4'},{'D7'},{'D1'},{'D6'},{'R3'},{'D3'},{'D5'},,&,1.0,&
{'R2'},{'D2'},{'D4'},{'D7'},{'D6'},,,,,,&,2.0,&
{'R2'},{'D2'},{'D4'},{'D7'},{'D6'},{'R1'},{'D1'},,,,&,1.0,&
{'R2'},{'D2'},{'D4'},{'D7'},{'D6'},{'D3'},{'D1'},{'R3'},{'R1'},{'D5'},&,1.0,&
{'R2'},{'D2'},{'D4'},{'D7'},{'D6'},{'D1'},{'D3'},{'R3'},,,&,1.0,&
{'R2'},{'D2'},{'D4'},{'D7'},{'D3'},{'D1'},,,,,&,1.0,&
{'R2'},{'D2'},{'D4'},{'D3'},,,,,,,&,2.0,&
{'R2'},{'D2'},{'D4'},{'D3'},{'D7'},{'D1'},{'R3'},{'D6'},{'D5'},{'R1'},&,1.0,&
{'R2'},{'D2'},{'D4'},{'D3'},{'D7'},{'R3'},{'D1'},,,,&,1.0,&
{'R2'},{'D2'},{'D4'},{'D3'},{'D7'},{'R3'},{'R1'},{'D1'},{'D6'},{'D5'},&,1.0,&
{'R2'},{'D2'},{'D4'},{'D3'},{'R1'},{'D5'},{'R3'},{'D1'},{'D7'},{'D6'},&,1.0,&
{'R2'},{'D2'},{'D4'},{'D3'},{'R3'},,,,,,&,1.0,&
{'R2'},{'D2'},{'D4'},{'D3'},{'R3'},{'D1'},{'R1'},{'D7'},{'D6'},,&,1.0,&
{'R2'},{'D2'},{'D4'},{'D3'},{'R3'},{'D7'},{'D1'},{'D6'},{'R1'},,&,1.0,&
{'R2'},{'D2'},{'D4'},{'D6'},,,,,,,&,1.0,&
{'R2'},{'D2'},{'D4'},{'D6'},{'D7'},{'R3'},{'D1'},{'R1'},,,&,1.0,&
{'R2'},{'D2'},{'D4'},{'D6'},{'R1'},{'R3'},,,,,&,1.0,&
{'R2'},{'D2'},{'D4'},{'D6'},{'R3'},{'R1'},{'D7'},{'D1'},{'D5'},,&,1.0,&
{'R2'},{'D2'},,,,,,,,,&,160.0,&
{'R2'},{'D2'},{'D7'},,,,,,,,&,108.0,&
{'R2'},{'D2'},{'D7'},{'R3'},,,,,,,&,34.0,&
{'R2'},{'D2'},{'D7'},{'R3'},{'R1'},,,,,,&,7.0,&
{'R2'},{'D2'},{'D7'},{'R3'},{'R1'},{'D4'},,,,,&,3.0,&
{'R2'},{'D2'},{'D7'},{'R3'},{'R1'},{'D4'},{'D3'},{'D1'},{'D6'},{'D5'},&,1.0,&
{'R2'},{'D2'},{'D7'},{'R3'},{'R1'},{'D4'},{'D1'},,,,&,2.0,&
{'R2'},{'D2'},{'D7'},{'R3'},{'R1'},{'D4'},{'D1'},{'D6'},,,&,2.0,&
{'R2'},{'D2'},{'D7'},{'R3'},{'R1'},{'D4'},{'D1'},{'D6'},{'D3'},,&,1.0,&
{'R2'},{'D2'},{'D7'},{'R3'},{'R1'},{'D4'},{'D1'},{'D3'},,,&,1.0,&
{'R2'},{'D2'},{'D7'},{'R3'},{'R1'},{'D4'},{'D6'},{'D1'},,,&,1.0,&
{'R2'},{'D2'},{'D7'},{'R3'},{'R1'},{'D3'},,,,,&,2.0,&
{'R2'},{'D2'},{'D7'},{'R3'},{'R1'},{'D3'},{'D1'},,,,&,1.0,&
{'R2'},{'D2'},{'D7'},{'R3'},{'R1'},{'D3'},{'D1'},{'D5'},,,&,1.0,&
{'R2'},{'D2'},{'D7'},{'R3'},{'R1'},{'D3'},{'D1'},{'D4'},,,&,1.0,&
{'R2'},{'D2'},{'D7'},{'R3'},{'R1'},{'D1'},,,,,&,1.0,&
{'R2'},{'D2'},{'D7'},{'R3'},{'R1'},{'D1'},{'D3'},,,,&,1.0,&
{'R2'},{'D2'},{'D7'},{'R3'},{'R1'},{'D1'},{'D3'},{'D5'},{'D4'},{'D6'},&,1.0,&
{'R2'},{'D2'},{'D7'},{'R3'},{'R1'},{'D1'},{'D3'},{'D4'},{'D6'},{'D5'},&,1.0,&
{'R2'},{'D2'},{'D7'},{'R3'},{'R1'},{'D1'},{'D5'},{'D4'},{'D6'},,&,1.0,&
{'R2'},{'D2'},{'D7'},{'R3'},{'R1'},{'D1'},{'D4'},,,,&,5.0,&
{'R2'},{'D2'},{'D7'},{'R3'},{'R1'},{'D1'},{'D4'},{'D3'},,,&,1.0,&
{'R2'},{'D2'},{'D7'},{'R3'},{'R1'},{'D1'},{'D4'},{'D3'},{'D6'},,&,1.0,&
{'R2'},{'D2'},{'D7'},{'R3'},{'R1'},{'D1'},{'D6'},,,,&,2.0,&
{'R2'},{'D2'},{'D7'},{'R3'},{'R1'},{'D1'},{'D6'},{'D3'},,,&,1.0,&
{'R2'},{'D2'},{'D7'},{'R3'},{'R1'},{'D1'},{'D6'},{'D4'},,,&,1.0,&
{'R2'},{'D2'},{'D7'},{'R3'},{'R1'},{'D1'},{'D6'},{'D4'},{'D3'},,&,1.0,&
{'R2'},{'D2'},{'D7'},{'R3'},{'R1'},{'D5'},{'D1'},{'D4'},{'D3'},{'D6'},&,1.0,&
{'R2'},{'D2'},{'D7'},{'R3'},{'R1'},{'D5'},{'D4'},,,,&,1.0,&
{'R2'},{'D2'},{'D7'},{'R3'},{'R1'},{'D6'},,,,,&,1.0,&
{'R2'},{'D2'},{'D7'},{'R3'},{'R1'},{'D6'},{'D1'},{'D4'},,,&,1.0,&
{'R2'},{'D2'},{'D7'},{'R3'},{'D1'},,,,,,&,6.0,&
{'R2'},{'D2'},{'D7'},{'R3'},{'D1'},{'D4'},,,,,&,5.0,&
{'R2'},{'D2'},{'D7'},{'R3'},{'D1'},{'D4'},{'D3'},{'D5'},,,&,1.0,&
{'R2'},{'D2'},{'D7'},{'R3'},{'D1'},{'D4'},{'D3'},{'D6'},{'R1'},{'D5'},&,2.0,&
{'R2'},{'D2'},{'D7'},{'R3'},{'D1'},{'D4'},{'R1'},,,,&,3.0,&
{'R2'},{'D2'},{'D7'},{'R3'},{'D1'},{'D4'},{'R1'},{'D3'},{'D6'},,&,1.0,&
{'R2'},{'D2'},{'D7'},{'R3'},{'D1'},{'D4'},{'D5'},{'D6'},,,&,1.0,&
{'R2'},{'D2'},{'D7'},{'R3'},{'D1'},{'D4'},{'D5'},{'R1'},,,&,1.0,&
{'R2'},{'D2'},{'D7'},{'R3'},{'D1'},{'D4'},{'D6'},{'D3'},,,&,1.0,&
{'R2'},{'D2'},{'D7'},{'R3'},{'D1'},{'D4'},{'D6'},{'R1'},{'D3'},{'D5'},&,1.0,&
{'R2'},{'D2'},{'D7'},{'R3'},{'D1'},{'R1'},,,,,&,3.0,&
{'R2'},{'D2'},{'D7'},{'R3'},{'D1'},{'R1'},{'D3'},{'D4'},{'D6'},{'D5'},&,1.0,&
{'R2'},{'D2'},{'D7'},{'R3'},{'D1'},{'R1'},{'D5'},,,,&,1.0,&
{'R2'},{'D2'},{'D7'},{'R3'},{'D1'},{'R1'},{'D4'},,,,&,3.0,&
{'R2'},{'D2'},{'D7'},{'R3'},{'D1'},{'R1'},{'D4'},{'D6'},,,&,1.0,&
{'R2'},{'D2'},{'D7'},{'R3'},{'D1'},{'R1'},{'D4'},{'D6'},{'D3'},{'D5'},&,1.0,&
{'R2'},{'D2'},{'D7'},{'R3'},{'D1'},{'R1'},{'D4'},{'D3'},{'D6'},,&,1.0,&
{'R2'},{'D2'},{'D7'},{'R3'},{'D1'},{'R1'},{'D4'},{'D3'},{'D6'},{'D5'},&,2.0,&
{'R2'},{'D2'},{'D7'},{'R3'},{'D1'},{'R1'},{'D4'},{'D3'},{'D5'},{'D6'},&,1.0,&
{'R2'},{'D2'},{'D7'},{'R3'},{'D1'},{'R1'},{'D6'},{'D4'},{'D3'},,&,1.0,&
{'R2'},{'D2'},{'D7'},{'R3'},{'D1'},{'D3'},{'D4'},{'R1'},,,&,1.0,&
{'R2'},{'D2'},{'D7'},{'R3'},{'D1'},{'D6'},,,,,&,2.0,&
{'R2'},{'D2'},{'D7'},{'R3'},{'D1'},{'D6'},{'D4'},,,,&,1.0,&
{'R2'},{'D2'},{'D7'},{'R3'},{'D1'},{'D6'},{'D4'},{'D3'},{'D5'},,&,1.0,&
{'R2'},{'D2'},{'D7'},{'R3'},{'D4'},,,,,,&,4.0,&
{'R2'},{'D2'},{'D7'},{'R3'},{'D4'},{'R1'},,,,,&,2.0,&
{'R2'},{'D2'},{'D7'},{'R3'},{'D4'},{'R1'},{'D1'},,,,&,1.0,&
{'R2'},{'D2'},{'D7'},{'R3'},{'D4'},{'R1'},{'D6'},,,,&,1.0,&
{'R2'},{'D2'},{'D7'},{'R3'},{'D4'},{'D1'},{'D3'},{'R1'},{'D6'},,&,1.0,&
{'R2'},{'D2'},{'D7'},{'R3'},{'D4'},{'D1'},{'R1'},{'D3'},{'D6'},,&,1.0,&
{'R2'},{'D2'},{'D7'},{'R3'},{'D4'},{'D1'},{'D6'},,,,&,1.0,&
{'R2'},{'D2'},{'D7'},{'R3'},{'D4'},{'D1'},{'D6'},{'D3'},,,&,2.0,&
{'R2'},{'D2'},{'D7'},{'R3'},{'D4'},{'D1'},{'D6'},{'R1'},{'D3'},{'D5'},&,1.0,&
{'R2'},{'D2'},{'D7'},{'R3'},{'D4'},{'D6'},{'D1'},,,,&,1.0,&
{'R2'},{'D2'},{'D7'},{'R3'},{'D6'},,,,,,&,1.0,&
{'R2'},{'D2'},{'D7'},{'R3'},{'D6'},{'D4'},,,,,&,1.0,&
{'R2'},{'D2'},{'D7'},{'R3'},{'D6'},{'R1'},{'D5'},{'D4'},{'D1'},{'D3'},&,1.0,&
{'R2'},{'D2'},{'D7'},{'R3'},{'D6'},{'D1'},,,,,&,1.0,&
{'R2'},{'D2'},{'D7'},{'R3'},{'D6'},{'D1'},{'D4'},{'D3'},,,&,1.0,&
{'R2'},{'D2'},{'D7'},{'R3'},{'D6'},{'D1'},{'D4'},{'D3'},{'D5'},,&,2.0,&
{'R2'},{'D2'},{'D7'},{'R3'},{'D3'},,,,,,&,1.0,&
{'R2'},{'D2'},{'D7'},{'R3'},{'D3'},{'D4'},{'D6'},{'D1'},{'D5'},,&,1.0,&
{'R2'},{'D2'},{'D7'},{'R3'},{'D3'},{'R1'},{'D1'},,,,&,1.0,&
{'R2'},{'D2'},{'D7'},{'R3'},{'D5'},{'R1'},{'D1'},,,,&,1.0,&
{'R2'},{'D2'},{'D7'},{'D1'},,,,,,,&,22.0,&
{'R2'},{'D2'},{'D7'},{'D1'},{'R1'},,,,,,&,3.0,&
{'R2'},{'D2'},{'D7'},{'D1'},{'R1'},{'D4'},{'R3'},,,,&,1.0,&
{'R2'},{'D2'},{'D7'},{'D1'},{'R1'},{'D6'},{'D4'},{'D5'},,,&,1.0,&
{'R2'},{'D2'},{'D7'},{'D1'},{'R1'},{'D6'},{'R3'},,,,&,1.0,&
{'R2'},{'D2'},{'D7'},{'D1'},{'R3'},,,,,,&,7.0,&
{'R2'},{'D2'},{'D7'},{'D1'},{'R3'},{'D4'},,,,,&,2.0,&
{'R2'},{'D2'},{'D7'},{'D1'},{'R3'},{'D4'},{'D3'},{'D6'},,,&,1.0,&
{'R2'},{'D2'},{'D7'},{'D1'},{'R3'},{'D4'},{'D3'},{'R1'},{'D6'},{'D5'},&,1.0,&
{'R2'},{'D2'},{'D7'},{'D1'},{'R3'},{'D4'},{'R1'},,,,&,2.0,&
{'R2'},{'D2'},{'D7'},{'D1'},{'R3'},{'D4'},{'R1'},{'D6'},{'D3'},{'D5'},&,2.0,&
{'R2'},{'D2'},{'D7'},{'D1'},{'R3'},{'D4'},{'R1'},{'D3'},{'D5'},{'D6'},&,1.0,&
{'R2'},{'D2'},{'D7'},{'D1'},{'R3'},{'D4'},{'D5'},{'D3'},,,&,1.0,&
{'R2'},{'D2'},{'D7'},{'D1'},{'R3'},{'D4'},{'D5'},{'D3'},{'D6'},{'R1'},&,1.0,&
{'R2'},{'D2'},{'D7'},{'D1'},{'R3'},{'D4'},{'D6'},,,,&,1.0,&
{'R2'},{'D2'},{'D7'},{'D1'},{'R3'},{'D4'},{'D6'},{'D3'},,,&,1.0,&
{'R2'},{'D2'},{'D7'},{'D1'},{'R3'},{'D4'},{'D6'},{'R1'},{'D3'},,&,2.0,&
{'R2'},{'D2'},{'D7'},{'D1'},{'R3'},{'R1'},,,,,&,4.0,&
{'R2'},{'D2'},{'D7'},{'D1'},{'R3'},{'R1'},{'D3'},,,,&,3.0,&
{'R2'},{'D2'},{'D7'},{'D1'},{'R3'},{'R1'},{'D5'},{'D4'},{'D6'},{'D3'},&,1.0,&
{'R2'},{'D2'},{'D7'},{'D1'},{'R3'},{'R1'},{'D4'},,,,&,1.0,&
{'R2'},{'D2'},{'D7'},{'D1'},{'R3'},{'R1'},{'D4'},{'D6'},,,&,1.0,&
{'R2'},{'D2'},{'D7'},{'D1'},{'R3'},{'R1'},{'D4'},{'D3'},,,&,1.0,&
{'R2'},{'D2'},{'D7'},{'D1'},{'R3'},{'R1'},{'D4'},{'D3'},{'D6'},{'D5'},&,1.0,&
{'R2'},{'D2'},{'D7'},{'D1'},{'R3'},{'D3'},,,,,&,2.0,&
{'R2'},{'D2'},{'D7'},{'D1'},{'R3'},{'D3'},{'D4'},{'D6'},{'R1'},,&,1.0,&
{'R2'},{'D2'},{'D7'},{'D1'},{'R3'},{'D6'},{'R1'},,,,&,1.0,&
{'R2'},{'D2'},{'D7'},{'D1'},{'R3'},{'D6'},{'R1'},{'D3'},{'D4'},{'D5'},&,1.0,&
{'R2'},{'D2'},{'D7'},{'D1'},{'R3'},{'D6'},{'R1'},{'D4'},{'D3'},,&,1.0,&
{'R2'},{'D2'},{'D7'},{'D1'},{'R3'},{'D6'},{'D4'},,,,&,1.0,&
{'R2'},{'D2'},{'D7'},{'D1'},{'D4'},,,,,,&,5.0,&
{'R2'},{'D2'},{'D7'},{'D1'},{'D4'},{'R1'},{'D6'},,,,&,1.0,&
{'R2'},{'D2'},{'D7'},{'D1'},{'D4'},{'R1'},{'D6'},{'D3'},{'R3'},,&,1.0,&
{'R2'},{'D2'},{'D7'},{'D1'},{'D4'},{'D3'},,,,,&,6.0,&
{'R2'},{'D2'},{'D7'},{'D1'},{'D4'},{'D3'},{'R1'},{'D6'},,,&,1.0,&
{'R2'},{'D2'},{'D7'},{'D1'},{'D4'},{'D3'},{'R1'},{'D6'},{'D5'},{'R3'},&,1.0,&
{'R2'},{'D2'},{'D7'},{'D1'},{'D4'},{'D3'},{'R1'},{'R3'},{'D5'},{'D6'},&,1.0,&
{'R2'},{'D2'},{'D7'},{'D1'},{'D4'},{'D3'},{'D5'},{'D6'},{'R1'},{'R3'},&,1.0,&
{'R2'},{'D2'},{'D7'},{'D1'},{'D4'},{'D3'},{'D5'},{'R3'},{'R1'},,&,1.0,&
{'R2'},{'D2'},{'D7'},{'D1'},{'D4'},{'D3'},{'D6'},,,,&,1.0,&
{'R2'},{'D2'},{'D7'},{'D1'},{'D4'},{'D3'},{'D6'},{'R3'},{'D5'},{'R1'},&,1.0,&
{'R2'},{'D2'},{'D7'},{'D1'},{'D4'},{'D3'},{'D6'},{'R3'},{'R1'},{'D5'},&,1.0,&
{'R2'},{'D2'},{'D7'},{'D1'},{'D4'},{'D5'},{'D3'},{'D6'},{'R3'},{'R1'},&,1.0,&
{'R2'},{'D2'},{'D7'},{'D1'},{'D4'},{'D5'},{'R1'},{'D6'},{'D3'},{'R3'},&,1.0,&
{'R2'},{'D2'},{'D7'},{'D1'},{'D4'},{'D5'},{'R3'},{'D6'},{'R1'},{'D3'},&,1.0,&
{'R2'},{'D2'},{'D7'},{'D1'},{'D4'},{'R3'},,,,,&,2.0,&
{'R2'},{'D2'},{'D7'},{'D1'},{'D4'},{'R3'},{'D3'},{'R1'},{'D6'},,&,1.0,&
{'R2'},{'D2'},{'D7'},{'D1'},{'D4'},{'R3'},{'D3'},{'R1'},{'D6'},{'D5'},&,1.0,&
{'R2'},{'D2'},{'D7'},{'D1'},{'D4'},{'R3'},{'R1'},,,,&,1.0,&
{'R2'},{'D2'},{'D7'},{'D1'},{'D4'},{'R3'},{'R1'},{'D3'},{'D6'},{'D5'},&,1.0,&
{'R2'},{'D2'},{'D7'},{'D1'},{'D4'},{'R3'},{'D6'},{'D3'},,,&,1.0,&
{'R2'},{'D2'},{'D7'},{'D1'},{'D4'},{'R3'},{'D6'},{'D3'},{'D5'},{'R1'},&,1.0,&
{'R2'},{'D2'},{'D7'},{'D1'},{'D4'},{'D6'},,,,,&,1.0,&
{'R2'},{'D2'},{'D7'},{'D1'},{'D4'},{'D6'},{'D3'},,,,&,1.0,&
{'R2'},{'D2'},{'D7'},{'D1'},{'D4'},{'D6'},{'D3'},{'R3'},{'R1'},{'D5'},&,1.0,&
{'R2'},{'D2'},{'D7'},{'D1'},{'D6'},,,,,,&,3.0,&
{'R2'},{'D2'},{'D7'},{'D1'},{'D6'},{'D4'},,,,,&,3.0,&
{'R2'},{'D2'},{'D7'},{'D1'},{'D6'},{'D4'},{'D3'},{'D5'},,,&,1.0,&
{'R2'},{'D2'},{'D7'},{'D1'},{'D6'},{'D4'},{'D3'},{'R3'},{'D5'},,&,1.0,&
{'R2'},{'D2'},{'D7'},{'D1'},{'D6'},{'D4'},{'R1'},{'D3'},{'D5'},{'R3'},&,1.0,&
{'R2'},{'D2'},{'D7'},{'D1'},{'D6'},{'D3'},{'R3'},{'R1'},{'D4'},{'D5'},&,1.0,&
{'R2'},{'D2'},{'D7'},{'D1'},{'D6'},{'R3'},{'R1'},,,,&,2.0,&
{'R2'},{'D2'},{'D7'},{'D1'},{'D6'},{'R3'},{'R1'},{'D4'},{'D3'},,&,2.0,&
{'R2'},{'D2'},{'D7'},{'D1'},{'D6'},{'R3'},{'D4'},{'D3'},{'D5'},,&,1.0,&
{'R2'},{'D2'},{'D7'},{'D1'},{'D6'},{'R3'},{'D4'},{'R1'},,,&,1.0,&
{'R2'},{'D2'},{'D7'},{'D1'},{'D3'},,,,,,&,3.0,&
{'R2'},{'D2'},{'D7'},{'D1'},{'D3'},{'D4'},,,,,&,1.0,&
{'R2'},{'D2'},{'D7'},{'D1'},{'D3'},{'D4'},{'D5'},{'R3'},{'R1'},,&,1.0,&
{'R2'},{'D2'},{'D7'},{'D1'},{'D3'},{'D4'},{'D6'},{'R1'},{'D5'},{'R3'},&,1.0,&
{'R2'},{'D2'},{'D7'},{'D1'},{'D3'},{'D4'},{'R3'},{'D5'},{'R1'},,&,1.0,&
{'R2'},{'D2'},{'D7'},{'D1'},{'D3'},{'D4'},{'R3'},{'D6'},{'D5'},{'R1'},&,1.0,&
{'R2'},{'D2'},{'D7'},{'D1'},{'D3'},{'D4'},{'R3'},{'D6'},{'R1'},,&,1.0,&
{'R2'},{'D2'},{'D7'},{'D1'},{'D3'},{'R1'},{'R3'},{'D4'},{'D6'},{'D5'},&,1.0,&
{'R2'},{'D2'},{'D7'},{'D1'},{'D3'},{'D5'},{'D4'},,,,&,1.0,&
{'R2'},{'D2'},{'D7'},{'D1'},{'D3'},{'D5'},{'D4'},{'R3'},{'R1'},,&,1.0,&
{'R2'},{'D2'},{'D7'},{'D1'},{'D3'},{'R3'},,,,,&,2.0,&
{'R2'},{'D2'},{'D7'},{'D1'},{'D3'},{'R3'},{'R1'},{'D4'},,,&,2.0,&
{'R2'},{'D2'},{'D7'},{'D1'},{'D3'},{'R3'},{'R1'},{'D4'},{'D5'},,&,1.0,&
{'R2'},{'D2'},{'D7'},{'D1'},{'D3'},{'R3'},{'D4'},{'D6'},,,&,1.0,&
{'R2'},{'D2'},{'D7'},{'D1'},{'D3'},{'R3'},{'D4'},{'R1'},{'D5'},{'D6'},&,1.0,&
{'R2'},{'D2'},{'D7'},{'D1'},{'D3'},{'R3'},{'D6'},,,,&,2.0,&
{'R2'},{'D2'},{'D7'},{'D1'},{'D3'},{'D6'},,,,,&,1.0,&
{'R2'},{'D2'},{'D7'},{'D1'},{'D3'},{'D6'},{'R3'},,,,&,1.0,&
{'R2'},{'D2'},{'D7'},{'D1'},{'D3'},{'D6'},{'R3'},{'D4'},{'R1'},{'D5'},&,1.0,&
{'R2'},{'D2'},{'D7'},{'D1'},{'D5'},,,,,,&,1.0,&
{'R2'},{'D2'},{'D7'},{'D1'},{'D5'},{'D4'},{'D3'},{'D6'},{'R3'},{'R1'},&,1.0,&
{'R2'},{'D2'},{'D7'},{'D1'},{'D5'},{'D4'},{'D6'},{'D3'},,,&,1.0,&
{'R2'},{'D2'},{'D7'},{'D1'},{'D5'},{'R3'},{'D3'},{'D4'},,,&,1.0,&
{'R2'},{'D2'},{'D7'},{'D1'},{'D5'},{'R3'},{'R1'},{'D3'},{'D4'},{'D6'},&,1.0,&
{'R2'},{'D2'},{'D7'},{'D1'},{'D5'},{'R3'},{'D6'},,,,&,1.0,&
{'R2'},{'D2'},{'D7'},{'D1'},{'D5'},{'D6'},{'R3'},,,,&,1.0,&
{'R2'},{'D2'},{'D7'},{'R1'},,,,,,,&,3.0,&
{'R2'},{'D2'},{'D7'},{'R1'},{'R3'},,,,,,&,3.0,&
{'R2'},{'D2'},{'D7'},{'R1'},{'R3'},{'D4'},,,,,&,1.0,&
{'R2'},{'D2'},{'D7'},{'R1'},{'R3'},{'D3'},,,,,&,1.0,&
{'R2'},{'D2'},{'D7'},{'R1'},{'R3'},{'D1'},,,,,&,3.0,&
{'R2'},{'D2'},{'D7'},{'R1'},{'R3'},{'D1'},{'D6'},{'D4'},{'D5'},{'D3'},&,1.0,&
{'R2'},{'D2'},{'D7'},{'R1'},{'D1'},,,,,,&,1.0,&
{'R2'},{'D2'},{'D7'},{'R1'},{'D1'},{'D4'},,,,,&,1.0,&
{'R2'},{'D2'},{'D7'},{'R1'},{'D1'},{'D4'},{'D3'},,,,&,1.0,&
{'R2'},{'D2'},{'D7'},{'R1'},{'D1'},{'D4'},{'D3'},{'D5'},,,&,1.0,&
{'R2'},{'D2'},{'D7'},{'R1'},{'D1'},{'D4'},{'R3'},{'D3'},{'D6'},{'D5'},&,1.0,&
{'R2'},{'D2'},{'D7'},{'R1'},{'D1'},{'D3'},{'D4'},{'D6'},{'D5'},,&,1.0,&
{'R2'},{'D2'},{'D7'},{'R1'},{'D1'},{'R3'},,,,,&,1.0,&
{'R2'},{'D2'},{'D7'},{'R1'},{'D1'},{'R3'},{'D4'},,,,&,1.0,&
{'R2'},{'D2'},{'D7'},{'R1'},{'D4'},{'D1'},{'R3'},{'D3'},{'D6'},,&,1.0,&
{'R2'},{'D2'},{'D7'},{'R1'},{'D4'},{'R3'},{'D3'},{'D1'},{'D6'},{'D5'},&,1.0,&
{'R2'},{'D2'},{'D7'},{'R1'},{'D4'},{'D6'},{'D1'},{'R3'},,,&,1.0,&
{'R2'},{'D2'},{'D7'},{'R1'},{'D6'},,,,,,&,1.0,&
{'R2'},{'D2'},{'D7'},{'R1'},{'D6'},{'D4'},,,,,&,1.0,&
{'R2'},{'D2'},{'D7'},{'D4'},,,,,,,&,11.0,&
{'R2'},{'D2'},{'D7'},{'D4'},{'R1'},,,,,,&,1.0,&
{'R2'},{'D2'},{'D7'},{'D4'},{'R1'},{'D3'},{'D1'},{'R3'},{'D6'},,&,1.0,&
{'R2'},{'D2'},{'D7'},{'D4'},{'R1'},{'D1'},,,,,&,1.0,&
{'R2'},{'D2'},{'D7'},{'D4'},{'R3'},,,,,,&,2.0,&
{'R2'},{'D2'},{'D7'},{'D4'},{'R3'},{'R1'},,,,,&,5.0,&
{'R2'},{'D2'},{'D7'},{'D4'},{'R3'},{'R1'},{'D1'},{'D3'},,,&,1.0,&
{'R2'},{'D2'},{'D7'},{'D4'},{'R3'},{'R1'},{'D1'},{'D3'},{'D6'},{'D5'},&,2.0,&
{'R2'},{'D2'},{'D7'},{'D4'},{'R3'},{'R1'},{'D6'},{'D1'},{'D3'},{'D5'},&,1.0,&
{'R2'},{'D2'},{'D7'},{'D4'},{'R3'},{'D3'},{'R1'},,,,&,1.0,&
{'R2'},{'D2'},{'D7'},{'D4'},{'R3'},{'D3'},{'D6'},{'D1'},{'R1'},{'D5'},&,1.0,&
{'R2'},{'D2'},{'D7'},{'D4'},{'R3'},{'D1'},,,,,&,1.0,&
{'R2'},{'D2'},{'D7'},{'D4'},{'R3'},{'D1'},{'R1'},,,,&,1.0,&
{'R2'},{'D2'},{'D7'},{'D4'},{'R3'},{'D1'},{'R1'},{'D5'},,,&,1.0,&
{'R2'},{'D2'},{'D7'},{'D4'},{'R3'},{'D1'},{'D5'},{'D3'},,,&,1.0,&
{'R2'},{'D2'},{'D7'},{'D4'},{'R3'},{'D5'},{'D1'},{'D6'},,,&,1.0,&
{'R2'},{'D2'},{'D7'},{'D4'},{'R3'},{'D6'},{'D1'},,,,&,1.0,&
{'R2'},{'D2'},{'D7'},{'D4'},{'D1'},,,,,,&,4.0,&
{'R2'},{'D2'},{'D7'},{'D4'},{'D1'},{'R1'},{'R3'},{'D3'},,,&,1.0,&
{'R2'},{'D2'},{'D7'},{'D4'},{'D1'},{'D3'},,,,,&,3.0,&
{'R2'},{'D2'},{'D7'},{'D4'},{'D1'},{'D3'},{'R1'},{'R3'},{'D5'},{'D6'},&,1.0,&
{'R2'},{'D2'},{'D7'},{'D4'},{'D1'},{'D3'},{'D5'},{'R3'},,,&,1.0,&
{'R2'},{'D2'},{'D7'},{'D4'},{'D1'},{'D3'},{'D6'},{'D5'},{'R3'},{'R1'},&,1.0,&
{'R2'},{'D2'},{'D7'},{'D4'},{'D1'},{'D3'},{'D6'},{'R3'},{'D5'},,&,1.0,&
{'R2'},{'D2'},{'D7'},{'D4'},{'D1'},{'D3'},{'D6'},{'R3'},{'D5'},{'R1'},&,1.0,&
{'R2'},{'D2'},{'D7'},{'D4'},{'D1'},{'D3'},{'D6'},{'R3'},{'R1'},{'D5'},&,1.0,&
{'R2'},{'D2'},{'D7'},{'D4'},{'D1'},{'D3'},{'R3'},{'D6'},{'D5'},,&,1.0,&
{'R2'},{'D2'},{'D7'},{'D4'},{'D1'},{'D5'},{'D3'},{'R3'},,,&,1.0,&
{'R2'},{'D2'},{'D7'},{'D4'},{'D1'},{'D5'},{'D6'},{'R3'},,,&,1.0,&
{'R2'},{'D2'},{'D7'},{'D4'},{'D1'},{'D5'},{'R3'},{'R1'},,,&,1.0,&
{'R2'},{'D2'},{'D7'},{'D4'},{'D1'},{'R3'},,,,,&,1.0,&
{'R2'},{'D2'},{'D7'},{'D4'},{'D1'},{'R3'},{'D3'},{'R1'},,,&,1.0,&
{'R2'},{'D2'},{'D7'},{'D4'},{'D1'},{'R3'},{'R1'},,,,&,2.0,&
{'R2'},{'D2'},{'D7'},{'D4'},{'D1'},{'R3'},{'D6'},,,,&,1.0,&
{'R2'},{'D2'},{'D7'},{'D4'},{'D1'},{'R3'},{'D6'},{'D5'},{'R1'},,&,1.0,&
{'R2'},{'D2'},{'D7'},{'D4'},{'D1'},{'R3'},{'D6'},{'D3'},{'D5'},,&,1.0,&
{'R2'},{'D2'},{'D7'},{'D4'},{'D1'},{'R3'},{'D6'},{'D3'},{'D5'},{'R1'},&,1.0,&
{'R2'},{'D2'},{'D7'},{'D4'},{'D1'},{'D6'},{'D3'},{'R3'},{'R1'},,&,1.0,&
{'R2'},{'D2'},{'D7'},{'D4'},{'D1'},{'D6'},{'R1'},{'D3'},{'D5'},{'R3'},&,1.0,&
{'R2'},{'D2'},{'D7'},{'D4'},{'D1'},{'D6'},{'D5'},{'D3'},{'R3'},,&,1.0,&
{'R2'},{'D2'},{'D7'},{'D4'},{'D6'},{'D1'},{'R3'},{'D3'},{'D5'},{'R1'},&,1.0,&
{'R2'},{'D2'},{'D7'},{'D4'},{'D3'},{'D1'},{'D6'},{'D5'},,,&,2.0,&
{'R2'},{'D2'},{'D7'},{'D4'},{'D3'},{'R3'},,,,,&,1.0,&
{'R2'},{'D2'},{'D7'},{'D4'},{'D3'},{'R3'},{'R1'},{'D1'},{'D6'},{'D5'},&,1.0,&
{'R2'},{'D2'},{'D7'},{'D3'},,,,,,,&,6.0,&
{'R2'},{'D2'},{'D7'},{'D3'},{'R1'},{'R3'},,,,,&,1.0,&
{'R2'},{'D2'},{'D7'},{'D3'},{'R3'},,,,,,&,1.0,&
{'R2'},{'D2'},{'D7'},{'D3'},{'R3'},{'D4'},,,,,&,1.0,&
{'R2'},{'D2'},{'D7'},{'D3'},{'R3'},{'D4'},{'R1'},{'D1'},{'D6'},{'D5'},&,1.0,&
{'R2'},{'D2'},{'D7'},{'D3'},{'R3'},{'R1'},,,,,&,1.0,&
{'R2'},{'D2'},{'D7'},{'D3'},{'R3'},{'R1'},{'D4'},{'D1'},{'D6'},,&,1.0,&
{'R2'},{'D2'},{'D7'},{'D3'},{'R3'},{'D1'},,,,,&,1.0,&
{'R2'},{'D2'},{'D7'},{'D3'},{'R3'},{'D1'},{'D4'},{'D6'},,,&,1.0,&
{'R2'},{'D2'},{'D7'},{'D3'},{'R3'},{'D1'},{'D6'},,,,&,1.0,&
{'R2'},{'D2'},{'D7'},{'D3'},{'R3'},{'D1'},{'D6'},{'R1'},{'D4'},,&,1.0,&
{'R2'},{'D2'},{'D7'},{'D3'},{'R3'},{'D6'},,,,,&,1.0,&
{'R2'},{'D2'},{'D7'},{'D3'},{'D1'},,,,,,&,4.0,&
{'R2'},{'D2'},{'D7'},{'D3'},{'D1'},{'D4'},{'R3'},{'D6'},{'R1'},,&,1.0,&
{'R2'},{'D2'},{'D7'},{'D3'},{'D1'},{'D4'},{'R3'},{'R1'},{'D6'},,&,1.0,&
{'R2'},{'D2'},{'D7'},{'D3'},{'D1'},{'R1'},{'D4'},{'D6'},{'D5'},{'R3'},&,1.0,&
{'R2'},{'D2'},{'D7'},{'D3'},{'D1'},{'R3'},{'R1'},{'D6'},,,&,1.0,&
{'R2'},{'D2'},{'D7'},{'D3'},{'D1'},{'R3'},{'D4'},,,,&,1.0,&
{'R2'},{'D2'},{'D7'},{'D3'},{'D1'},{'R3'},{'D4'},{'D6'},{'R1'},,&,1.0,&
{'R2'},{'D2'},{'D7'},{'D3'},{'D1'},{'R3'},{'D4'},{'R1'},,,&,1.0,&
{'R2'},{'D2'},{'D7'},{'D3'},{'D1'},{'D6'},{'D4'},{'R3'},{'R1'},,&,1.0,&
{'R2'},{'D2'},{'D7'},{'D3'},{'D4'},{'R3'},{'D6'},{'D1'},{'R1'},{'D5'},&,1.0,&
{'R2'},{'D2'},{'D7'},{'D3'},{'D6'},{'R1'},{'D4'},,,,&,1.0,&
{'R2'},{'D2'},{'D7'},{'D3'},{'D6'},{'R3'},{'R1'},,,,&,1.0,&
{'R2'},{'D2'},{'D7'},{'D3'},{'D6'},{'R3'},{'D4'},{'D1'},{'D5'},{'R1'},&,1.0,&
{'R2'},{'D2'},{'D7'},{'D6'},,,,,,,&,4.0,&
{'R2'},{'D2'},{'D7'},{'D6'},{'R1'},,,,,,&,2.0,&
{'R2'},{'D2'},{'D7'},{'D6'},{'R1'},{'D1'},{'R3'},{'D3'},,,&,1.0,&
{'R2'},{'D2'},{'D7'},{'D6'},{'R3'},,,,,,&,1.0,&
{'R2'},{'D2'},{'D7'},{'D6'},{'R3'},{'D1'},,,,,&,1.0,&
{'R2'},{'D2'},{'D7'},{'D6'},{'R3'},{'D1'},{'D3'},{'R1'},,,&,1.0,&
{'R2'},{'D2'},{'D7'},{'D6'},{'R3'},{'D1'},{'R1'},{'D3'},,,&,1.0,&
{'R2'},{'D2'},{'D7'},{'D6'},{'R3'},{'D1'},{'D5'},{'R1'},{'D4'},,&,1.0,&
{'R2'},{'D2'},{'D7'},{'D6'},{'R3'},{'D1'},{'D4'},{'D3'},{'D5'},{'R1'},&,1.0,&
{'R2'},{'D2'},{'D7'},{'D6'},{'D1'},{'D3'},{'R3'},{'D4'},{'D5'},{'R1'},&,1.0,&
{'R2'},{'D2'},{'D7'},{'D6'},{'D1'},{'R3'},,,,,&,1.0,&
{'R2'},{'D2'},{'D7'},{'D6'},{'D4'},,,,,,&,1.0,&
{'R2'},{'D2'},{'D7'},{'D6'},{'D4'},{'D1'},{'D3'},{'D5'},{'R3'},{'R1'},&,1.0,&
{'R2'},{'D2'},{'D7'},{'D6'},{'D3'},{'R3'},,,,,&,1.0,&
{'R2'},{'D2'},{'D7'},{'D5'},,,,,,,&,2.0,&
{'R2'},{'D2'},{'D7'},{'D5'},{'R1'},{'R3'},,,,,&,1.0,&
{'R2'},{'D2'},{'D7'},{'D5'},{'R3'},{'D4'},{'D3'},{'D1'},,,&,1.0,&
{'R2'},{'D2'},{'D7'},{'D5'},{'R3'},{'R1'},,,,,&,1.0,&
{'R2'},{'D2'},{'D7'},{'D5'},{'D1'},,,,,,&,1.0,&
{'R2'},{'D2'},{'D7'},{'D5'},{'D1'},{'D4'},{'D3'},{'D6'},,,&,1.0,&
{'R2'},{'D2'},{'D7'},{'D5'},{'D1'},{'D4'},{'D3'},{'R3'},{'D6'},,&,1.0,&
{'R2'},{'D2'},{'D7'},{'D5'},{'D1'},{'D3'},,,,,&,1.0,&
{'R2'},{'D2'},{'D7'},{'D5'},{'D1'},{'R3'},,,,,&,1.0,&
{'R2'},{'D2'},{'D7'},{'D5'},{'D1'},{'R3'},{'R1'},{'D4'},{'D3'},{'D6'},&,1.0,&
{'R2'},{'D2'},{'R1'},,,,,,,,&,23.0,&
{'R2'},{'D2'},{'R1'},{'R3'},,,,,,,&,5.0,&
{'R2'},{'D2'},{'R1'},{'R3'},{'D7'},,,,,,&,1.0,&
{'R2'},{'D2'},{'R1'},{'R3'},{'D7'},{'D4'},{'D1'},,,,&,1.0,&
{'R2'},{'D2'},{'R1'},{'R3'},{'D7'},{'D1'},{'D3'},{'D4'},,,&,1.0,&
{'R2'},{'D2'},{'R1'},{'R3'},{'D7'},{'D1'},{'D4'},{'D5'},,,&,1.0,&
{'R2'},{'D2'},{'R1'},{'R3'},{'D7'},{'D1'},{'D4'},{'D5'},{'D3'},{'D6'},&,1.0,&
{'R2'},{'D2'},{'R1'},{'R3'},{'D7'},{'D1'},{'D4'},{'D3'},{'D6'},,&,1.0,&
{'R2'},{'D2'},{'R1'},{'R3'},{'D7'},{'D1'},{'D4'},{'D3'},{'D6'},{'D5'},&,1.0,&
{'R2'},{'D2'},{'R1'},{'R3'},{'D1'},{'D4'},,,,,&,1.0,&
{'R2'},{'D2'},{'R1'},{'R3'},{'D1'},{'D3'},,,,,&,1.0,&
{'R2'},{'D2'},{'R1'},{'R3'},{'D1'},{'D3'},{'D5'},{'D7'},{'D4'},{'D6'},&,1.0,&
{'R2'},{'D2'},{'R1'},{'R3'},{'D1'},{'D7'},{'D3'},{'D5'},,,&,1.0,&
{'R2'},{'D2'},{'R1'},{'R3'},{'D1'},{'D7'},{'D3'},{'D4'},{'D6'},,&,1.0,&
{'R2'},{'D2'},{'R1'},{'R3'},{'D1'},{'D7'},{'D4'},{'D3'},{'D6'},{'D5'},&,1.0,&
{'R2'},{'D2'},{'R1'},{'R3'},{'D1'},{'D7'},{'D6'},{'D4'},,,&,1.0,&
{'R2'},{'D2'},{'R1'},{'R3'},{'D4'},{'D3'},{'D7'},,,,&,1.0,&
{'R2'},{'D2'},{'R1'},{'R3'},{'D4'},{'D1'},,,,,&,1.0,&
{'R2'},{'D2'},{'R1'},{'R3'},{'D4'},{'D7'},{'D1'},,,,&,1.0,&
{'R2'},{'D2'},{'R1'},{'R3'},{'D4'},{'D7'},{'D1'},{'D6'},,,&,1.0,&
{'R2'},{'D2'},{'R1'},{'R3'},{'D4'},{'D6'},{'D1'},{'D7'},,,&,1.0,&
{'R2'},{'D2'},{'R1'},{'R3'},{'D3'},{'D7'},,,,,&,1.0,&
{'R2'},{'D2'},{'R1'},{'R3'},{'D3'},{'D7'},{'D1'},,,,&,1.0,&
{'R2'},{'D2'},{'R1'},{'R3'},{'D5'},{'D7'},{'D3'},{'D1'},{'D4'},{'D6'},&,1.0,&
{'R2'},{'D2'},{'R1'},{'D1'},,,,,,,&,4.0,&
{'R2'},{'D2'},{'R1'},{'D1'},{'D7'},,,,,,&,2.0,&
{'R2'},{'D2'},{'R1'},{'D1'},{'D7'},{'D4'},{'D3'},{'R3'},{'D6'},,&,1.0,&
{'R2'},{'D2'},{'R1'},{'D1'},{'D7'},{'D4'},{'D5'},{'D6'},{'D3'},{'R3'},&,1.0,&
{'R2'},{'D2'},{'R1'},{'D1'},{'D7'},{'D3'},{'R3'},{'D4'},{'D5'},,&,1.0,&
{'R2'},{'D2'},{'R1'},{'D1'},{'D7'},{'R3'},{'D3'},{'D4'},,,&,1.0,&
{'R2'},{'D2'},{'R1'},{'D1'},{'R3'},,,,,,&,1.0,&
{'R2'},{'D2'},{'R1'},{'D1'},{'R3'},{'D4'},{'D3'},{'D7'},{'D6'},{'D5'},&,1.0,&
{'R2'},{'D2'},{'R1'},{'D1'},{'R3'},{'D5'},{'D7'},{'D4'},,,&,1.0,&
{'R2'},{'D2'},{'R1'},{'D1'},{'R3'},{'D7'},,,,,&,1.0,&
{'R2'},{'D2'},{'R1'},{'D1'},{'R3'},{'D7'},{'D3'},{'D4'},,,&,1.0,&
{'R2'},{'D2'},{'R1'},{'D1'},{'R3'},{'D7'},{'D4'},,,,&,1.0,&
{'R2'},{'D2'},{'R1'},{'D1'},{'R3'},{'D7'},{'D4'},{'D3'},{'D6'},{'D5'},&,1.0,&
{'R2'},{'D2'},{'R1'},{'D1'},{'R3'},{'D7'},{'D4'},{'D3'},{'D5'},{'D6'},&,1.0,&
{'R2'},{'D2'},{'R1'},{'D1'},{'D4'},{'R3'},,,,,&,1.0,&
{'R2'},{'D2'},{'R1'},{'D7'},,,,,,,&,4.0,&
{'R2'},{'D2'},{'R1'},{'D7'},{'R3'},{'D4'},{'D1'},,,,&,1.0,&
{'R2'},{'D2'},{'R1'},{'D7'},{'R3'},{'D1'},{'D4'},,,,&,1.0,&
{'R2'},{'D2'},{'R1'},{'D7'},{'R3'},{'D1'},{'D4'},{'D3'},{'D6'},{'D5'},&,1.0,&
{'R2'},{'D2'},{'R1'},{'D7'},{'R3'},{'D6'},{'D5'},{'D4'},{'D1'},{'D3'},&,1.0,&
{'R2'},{'D2'},{'R1'},{'D7'},{'R3'},{'D6'},{'D4'},{'D1'},{'D3'},{'D5'},&,1.0,&
{'R2'},{'D2'},{'R1'},{'D7'},{'D1'},,,,,,&,1.0,&
{'R2'},{'D2'},{'R1'},{'D7'},{'D1'},{'D4'},,,,,&,1.0,&
{'R2'},{'D2'},{'R1'},{'D7'},{'D1'},{'D4'},{'D3'},{'R3'},{'D6'},{'D5'},&,1.0,&
{'R2'},{'D2'},{'R1'},{'D7'},{'D1'},{'D4'},{'R3'},{'D3'},,,&,1.0,&
{'R2'},{'D2'},{'R1'},{'D7'},{'D1'},{'R3'},{'D3'},{'D4'},{'D6'},,&,1.0,&
{'R2'},{'D2'},{'R1'},{'D7'},{'D1'},{'R3'},{'D6'},{'D3'},{'D4'},{'D5'},&,1.0,&
{'R2'},{'D2'},{'R1'},{'D7'},{'D1'},{'D6'},{'D4'},{'D3'},{'D5'},,&,1.0,&
{'R2'},{'D2'},{'R1'},{'D7'},{'D4'},,,,,,&,1.0,&
{'R2'},{'D2'},{'R1'},{'D7'},{'D4'},{'D1'},{'R3'},,,,&,1.0,&
{'R2'},{'D2'},{'R1'},{'D7'},{'D4'},{'R3'},,,,,&,1.0,&
{'R2'},{'D2'},{'R1'},{'D7'},{'D4'},{'R3'},{'D1'},{'D6'},{'D3'},{'D5'},&,1.0,&
{'R2'},{'D2'},{'R1'},{'D7'},{'D4'},{'D6'},{'R3'},{'D1'},,,&,1.0,&
{'R2'},{'D2'},{'R1'},{'D7'},{'D6'},{'R3'},{'D3'},{'D1'},,,&,1.0,&
{'R2'},{'D2'},{'R1'},{'D7'},{'D6'},{'R3'},{'D1'},{'D3'},{'D4'},{'D5'},&,1.0,&
{'R2'},{'D2'},{'R1'},{'D4'},,,,,,,&,1.0,&
{'R2'},{'D2'},{'R1'},{'D4'},{'D7'},{'D1'},{'R3'},{'D6'},,,&,1.0,&
{'R2'},{'D2'},{'R1'},{'D4'},{'R3'},,,,,,&,1.0,&
{'R2'},{'D2'},{'R1'},{'D4'},{'R3'},{'D7'},{'D3'},{'D6'},,,&,1.0,&
{'R2'},{'D2'},{'R1'},{'D4'},{'R3'},{'D7'},{'D1'},{'D6'},,,&,1.0,&
{'R2'},{'D2'},{'R1'},{'D4'},{'R3'},{'D7'},{'D1'},{'D3'},,,&,1.0,&
{'R2'},{'D2'},{'R1'},{'D4'},{'D1'},{'D7'},{'R3'},{'D3'},{'D6'},,&,1.0,&
{'R2'},{'D2'},{'R1'},{'D4'},{'D1'},{'D6'},{'D7'},{'D3'},{'D5'},{'R3'},&,1.0,&
{'R2'},{'D2'},{'R1'},{'D3'},,,,,,,&,2.0,&
{'R2'},{'D2'},{'R1'},{'D3'},{'D7'},,,,,,&,1.0,&
{'R2'},{'D2'},{'R1'},{'D3'},{'R3'},{'D4'},{'D7'},{'D1'},,,&,1.0,&
{'R2'},{'D2'},{'R1'},{'D3'},{'D5'},,,,,,&,1.0,&
{'R2'},{'D2'},{'R1'},{'D5'},{'D7'},{'D1'},,,,,&,1.0,&
{'R2'},{'D2'},{'R1'},{'D5'},{'D1'},{'D4'},{'R3'},{'D7'},{'D3'},,&,1.0,&
{'R2'},{'D2'},{'D3'},,,,,,,,&,12.0,&
{'R2'},{'D2'},{'D3'},{'R3'},,,,,,,&,4.0,&
{'R2'},{'D2'},{'D3'},{'R3'},{'D7'},{'D4'},{'R1'},,,,&,1.0,&
{'R2'},{'D2'},{'D3'},{'R3'},{'D7'},{'R1'},{'D6'},,,,&,1.0,&
{'R2'},{'D2'},{'D3'},{'R3'},{'D7'},{'D1'},{'R1'},{'D4'},{'D6'},{'D5'},&,1.0,&
{'R2'},{'D2'},{'D3'},{'R3'},{'D7'},{'D5'},{'R1'},{'D1'},{'D4'},{'D6'},&,1.0,&
{'R2'},{'D2'},{'D3'},{'R3'},{'D7'},{'D5'},{'D4'},{'D1'},,,&,1.0,&
{'R2'},{'D2'},{'D3'},{'R3'},{'R1'},,,,,,&,4.0,&
{'R2'},{'D2'},{'D3'},{'R3'},{'R1'},{'D1'},,,,,&,1.0,&
{'R2'},{'D2'},{'D3'},{'R3'},{'R1'},{'D1'},{'D7'},,,,&,1.0,&
{'R2'},{'D2'},{'D3'},{'R3'},{'R1'},{'D7'},{'D1'},{'D5'},{'D4'},,&,1.0,&
{'R2'},{'D2'},{'D3'},{'R3'},{'R1'},{'D7'},{'D4'},{'D1'},{'D6'},,&,1.0,&
{'R2'},{'D2'},{'D3'},{'R3'},{'D1'},,,,,,&,1.0,&
{'R2'},{'D2'},{'D3'},{'R3'},{'D1'},{'D4'},{'D7'},{'D5'},,,&,1.0,&
{'R2'},{'D2'},{'D3'},{'R3'},{'D1'},{'D7'},{'D4'},{'R1'},{'D6'},{'D5'},&,1.0,&
{'R2'},{'D2'},{'D3'},{'R3'},{'D1'},{'D6'},{'R1'},,,,&,1.0,&
{'R2'},{'D2'},{'D3'},{'R3'},{'D4'},,,,,,&,2.0,&
{'R2'},{'D2'},{'D3'},{'R3'},{'D4'},{'D7'},{'R1'},{'D1'},,,&,1.0,&
{'R2'},{'D2'},{'D3'},{'D1'},,,,,,,&,2.0,&
{'R2'},{'D2'},{'D3'},{'D1'},{'D7'},{'D4'},,,,,&,1.0,&
{'R2'},{'D2'},{'D3'},{'D1'},{'D7'},{'D4'},{'D6'},,,,&,1.0,&
{'R2'},{'D2'},{'D3'},{'D1'},{'D7'},{'R3'},,,,,&,1.0,&
{'R2'},{'D2'},{'D3'},{'D1'},{'R1'},{'D7'},,,,,&,1.0,&
{'R2'},{'D2'},{'D3'},{'D1'},{'R3'},,,,,,&,1.0,&
{'R2'},{'D2'},{'D3'},{'D1'},{'R3'},{'D4'},{'D7'},{'D5'},,,&,1.0,&
{'R2'},{'D2'},{'D3'},{'D1'},{'R3'},{'R1'},{'D7'},,,,&,1.0,&
{'R2'},{'D2'},{'D3'},{'D1'},{'R3'},{'R1'},{'D4'},{'D6'},{'D7'},,&,1.0,&
{'R2'},{'D2'},{'D3'},{'D1'},{'R3'},{'D7'},{'R1'},{'D4'},{'D6'},{'D5'},&,1.0,&
{'R2'},{'D2'},{'D3'},{'D1'},{'D4'},,,,,,&,1.0,&
{'R2'},{'D2'},{'D3'},{'D1'},{'D4'},{'D7'},{'R3'},{'R1'},{'D6'},{'D5'},&,1.0,&
{'R2'},{'D2'},{'D3'},{'D1'},{'D4'},{'R3'},{'R1'},,,,&,1.0,&
{'R2'},{'D2'},{'D3'},{'R1'},,,,,,,&,2.0,&
{'R2'},{'D2'},{'D3'},{'R1'},{'D7'},{'R3'},{'D4'},,,,&,1.0,&
{'R2'},{'D2'},{'D3'},{'R1'},{'R3'},{'D1'},{'D6'},,,,&,1.0,&
{'R2'},{'D2'},{'D3'},{'R1'},{'R3'},{'D7'},{'D6'},,,,&,1.0,&
{'R2'},{'D2'},{'D3'},{'D7'},{'R1'},{'R3'},,,,,&,1.0,&
{'R2'},{'D2'},{'D3'},{'D7'},{'R3'},{'D4'},{'D1'},,,,&,1.0,&
{'R2'},{'D2'},{'D3'},{'D7'},{'R3'},{'R1'},{'D1'},{'D4'},{'D6'},{'D5'},&,1.0,&
{'R2'},{'D2'},{'D3'},{'D7'},{'R3'},{'D1'},{'R1'},,,,&,1.0,&
{'R2'},{'D2'},{'D3'},{'D7'},{'D1'},,,,,,&,1.0,&
{'R2'},{'D2'},{'D3'},{'D7'},{'D1'},{'D4'},{'R3'},{'D6'},{'D5'},,&,1.0,&
{'R2'},{'D2'},{'D3'},{'D7'},{'D1'},{'R3'},{'D4'},,,,&,1.0,&
{'R2'},{'D2'},{'D3'},{'D7'},{'D4'},{'D1'},,,,,&,2.0,&
{'R2'},{'D2'},{'D3'},{'D7'},{'D4'},{'D1'},{'R3'},{'D6'},{'D5'},{'R1'},&,1.0,&
{'R2'},{'D2'},{'D3'},{'D7'},{'D5'},{'D4'},{'D1'},{'R3'},,,&,1.0,&
{'R2'},{'D2'},{'D3'},{'D7'},{'D5'},{'D1'},{'R3'},,,,&,1.0,&
{'R2'},{'D2'},{'D3'},{'D4'},{'D7'},,,,,,&,1.0,&
{'R2'},{'D2'},{'D3'},{'D4'},{'D7'},{'R3'},{'D1'},{'D6'},{'D5'},{'R1'},&,1.0,&
{'R2'},{'D2'},{'D3'},{'D4'},{'R3'},{'D1'},{'R1'},{'D7'},,,&,1.0,&
{'R2'},{'D2'},{'D3'},{'D6'},,,,,,,&,1.0,&
{'R2'},{'D2'},{'D3'},{'D6'},{'D4'},{'R3'},{'D1'},{'R1'},,,&,1.0,&
{'R2'},{'D2'},{'D6'},,,,,,,,&,9.0,&
{'R2'},{'D2'},{'D6'},{'R3'},,,,,,,&,6.0,&
{'R2'},{'D2'},{'D6'},{'R3'},{'D7'},,,,,,&,2.0,&
{'R2'},{'D2'},{'D6'},{'R3'},{'D7'},{'D1'},,,,,&,1.0,&
{'R2'},{'D2'},{'D6'},{'R3'},{'D7'},{'D1'},{'D3'},{'D4'},{'R1'},,&,1.0,&
{'R2'},{'D2'},{'D6'},{'R3'},{'R1'},,,,,,&,2.0,&
{'R2'},{'D2'},{'D6'},{'R3'},{'R1'},{'D1'},{'D3'},,,,&,1.0,&
{'R2'},{'D2'},{'D6'},{'R3'},{'R1'},{'D1'},{'D7'},,,,&,1.0,&
{'R2'},{'D2'},{'D6'},{'R3'},{'R1'},{'D1'},{'D7'},{'D3'},{'D4'},{'D5'},&,1.0,&
{'R2'},{'D2'},{'D6'},{'R3'},{'R1'},{'D5'},,,,,&,1.0,&
{'R2'},{'D2'},{'D6'},{'R3'},{'R1'},{'D7'},{'D4'},,,,&,1.0,&
{'R2'},{'D2'},{'D6'},{'R3'},{'D1'},,,,,,&,1.0,&
{'R2'},{'D2'},{'D6'},{'R3'},{'D1'},{'D4'},{'D7'},{'D3'},{'D5'},{'R1'},&,1.0,&
{'R2'},{'D2'},{'D6'},{'R3'},{'D1'},{'R1'},,,,,&,2.0,&
{'R2'},{'D2'},{'D6'},{'R3'},{'D1'},{'R1'},{'D4'},{'D7'},{'D3'},,&,1.0,&
{'R2'},{'D2'},{'D6'},{'R3'},{'D1'},{'D7'},{'D5'},,,,&,1.0,&
{'R2'},{'D2'},{'D6'},{'R3'},{'D1'},{'D7'},{'D4'},,,,&,1.0,&
{'R2'},{'D2'},{'D6'},{'R3'},{'D4'},{'D3'},{'R1'},,,,&,1.0,&
{'R2'},{'D2'},{'D6'},{'D1'},,,,,,,&,2.0,&
{'R2'},{'D2'},{'D6'},{'D1'},{'D7'},,,,,,&,1.0,&
{'R2'},{'D2'},{'D6'},{'D1'},{'D7'},{'D4'},{'R3'},{'R1'},,,&,1.0,&
{'R2'},{'D2'},{'D6'},{'D1'},{'D7'},{'R3'},{'D5'},{'D3'},{'D4'},,&,1.0,&
{'R2'},{'D2'},{'D6'},{'D1'},{'D7'},{'R3'},{'D4'},{'R1'},{'D3'},,&,1.0,&
{'R2'},{'D2'},{'D6'},{'D1'},{'R3'},,,,,,&,3.0,&
{'R2'},{'D2'},{'D6'},{'D1'},{'R3'},{'R1'},{'D7'},{'D3'},,,&,1.0,&
{'R2'},{'D2'},{'D6'},{'D1'},{'R3'},{'R1'},{'D4'},{'D7'},{'D3'},,&,1.0,&
{'R2'},{'D2'},{'D6'},{'D1'},{'R3'},{'D7'},{'R1'},{'D3'},,,&,1.0,&
{'R2'},{'D2'},{'D6'},{'D1'},{'D4'},{'R1'},{'D7'},{'D3'},{'D5'},,&,1.0,&
{'R2'},{'D2'},{'D6'},{'D1'},{'D4'},{'D7'},,,,,&,1.0,&
{'R2'},{'D2'},{'D6'},{'D1'},{'D4'},{'R3'},{'D7'},{'D3'},{'D5'},{'R1'},&,1.0,&
{'R2'},{'D2'},{'D6'},{'D1'},{'D3'},{'D4'},{'R3'},{'D7'},{'D5'},,&,1.0,&
{'R2'},{'D2'},{'D6'},{'R1'},,,,,,,&,1.0,&
{'R2'},{'D2'},{'D6'},{'D7'},,,,,,,&,1.0,&
{'R2'},{'D2'},{'D6'},{'D7'},{'R1'},{'D3'},{'D1'},{'D5'},{'D4'},,&,1.0,&
{'R2'},{'D2'},{'D6'},{'D7'},{'R1'},{'D1'},{'D3'},,,,&,1.0,&
{'R2'},{'D2'},{'D6'},{'D7'},{'R3'},{'R1'},,,,,&,1.0,&
{'R2'},{'D2'},{'D6'},{'D7'},{'R3'},{'R1'},{'D4'},,,,&,1.0,&
{'R2'},{'D2'},{'D6'},{'D7'},{'R3'},{'D3'},{'D1'},{'R1'},,,&,1.0,&
{'R2'},{'D2'},{'D6'},{'D7'},{'D1'},,,,,,&,1.0,&
{'R2'},{'D2'},{'D6'},{'D7'},{'D1'},{'D4'},{'D3'},,,,&,1.0,&
{'R2'},{'D2'},{'D6'},{'D7'},{'D1'},{'D3'},{'D5'},,,,&,1.0,&
{'R2'},{'D2'},{'D6'},{'D7'},{'D4'},{'D1'},{'D3'},{'R3'},{'R1'},,&,1.0,&
{'R2'},{'D2'},{'D6'},{'D4'},,,,,,,&,1.0,&
{'R2'},{'D2'},{'D6'},{'D4'},{'D7'},{'R1'},{'D1'},,,,&,1.0,&
{'R2'},{'D2'},{'D6'},{'D4'},{'D7'},{'D1'},,,,,&,1.0,&
{'R2'},{'D2'},{'D6'},{'D4'},{'R3'},,,,,,&,1.0,&
{'R2'},{'D2'},{'D6'},{'D4'},{'R3'},{'R1'},{'D7'},{'D1'},{'D3'},{'D5'},&,1.0,&
{'R2'},{'D2'},{'D6'},{'D4'},{'D1'},,,,,,&,1.0,&
{'R2'},{'D2'},{'D6'},{'D4'},{'D1'},{'D3'},,,,,&,1.0,&
{'R2'},{'D2'},{'D6'},{'D3'},{'D7'},{'R3'},,,,,&,1.0,&
{'R2'},{'D2'},{'D6'},{'D3'},{'D7'},{'R3'},{'R1'},{'D4'},{'D1'},{'D5'},&,1.0,&
{'R2'},{'D2'},{'D6'},{'D3'},{'R1'},{'R3'},,,,,&,1.0,&
{'R2'},{'D2'},{'D6'},{'D3'},{'R1'},{'R3'},{'D7'},{'D4'},,,&,1.0,&
{'R2'},{'D2'},{'D6'},{'D3'},{'R3'},{'R1'},{'D7'},,,,&,1.0,&
{'R2'},{'D2'},{'D5'},,,,,,,,&,5.0,&
{'R2'},{'D2'},{'D5'},{'R3'},,,,,,,&,1.0,&
{'R2'},{'D2'},{'D5'},{'R3'},{'D1'},{'D7'},{'R1'},{'D4'},,,&,1.0,&
{'R2'},{'D2'},{'D5'},{'R3'},{'D3'},{'D4'},{'D7'},,,,&,1.0,&
{'R2'},{'D2'},{'D5'},{'D1'},,,,,,,&,1.0,&
{'R2'},{'D2'},{'D5'},{'D1'},{'D7'},,,,,,&,1.0,&
{'R2'},{'D2'},{'D5'},{'D1'},{'D7'},{'D4'},{'R3'},{'R1'},{'D6'},{'D3'},&,1.0,&
{'R2'},{'D2'},{'D5'},{'D1'},{'D7'},{'R3'},,,,,&,1.0,&
{'R2'},{'D2'},{'D5'},{'D1'},{'D7'},{'R3'},{'R1'},,,,&,1.0,&
{'R2'},{'D2'},{'D5'},{'D1'},{'R3'},{'R1'},{'D7'},{'D4'},,,&,1.0,&
{'R2'},{'D2'},{'D5'},{'D1'},{'R3'},{'R1'},{'D4'},{'D7'},,,&,1.0,&
{'R2'},{'D2'},{'D5'},{'D1'},{'D4'},{'D3'},{'R3'},{'R1'},{'D7'},{'D6'},&,1.0,&
{'R2'},{'D2'},{'D5'},{'R1'},{'D7'},{'D3'},{'D4'},{'D1'},{'R3'},,&,1.0,&
{'R2'},{'D2'},{'D5'},{'R1'},{'R3'},,,,,,&,1.0,&
{'R2'},{'D2'},{'D5'},{'D7'},{'R3'},{'D1'},,,,,&,1.0,&
{'R2'},{'D2'},{'D5'},{'D7'},{'D1'},{'D4'},{'R3'},{'D3'},,,&,1.0,&
{'R2'},{'D2'},{'D5'},{'D7'},{'D1'},{'R3'},{'D6'},{'R1'},{'D4'},{'D3'},&,1.0,&
{'R2'},{'D2'},{'D5'},{'D7'},{'D6'},,,,,,&,1.0,&
{'R2'},{'D2'},{'D5'},{'D7'},{'D6'},{'D1'},{'D4'},{'D3'},,,&,1.0,&
{'R2'},{'D2'},{'D5'},{'D4'},{'D7'},{'D1'},{'D3'},{'D6'},,,&,1.0,&
{'R2'},{'D2'},{'D5'},{'D4'},{'D6'},,,,,,&,1.0,&
{'R2'},{'D2'},{'D5'},{'D3'},{'D7'},,,,,,&,1.0,&
{'R2'},{'D2'},{'D5'},{'D3'},{'R3'},{'R1'},{'D7'},{'D1'},,,&,1.0,&
{'R2'},{'D1'},{'R3'},,,,,,,,&,83.0,&
{'R2'},{'D1'},{'R3'},{'D2'},,,,,,,&,8.0,&
{'R2'},{'D1'},{'R3'},{'D2'},{'D7'},,,,,,&,5.0,&
{'R2'},{'D1'},{'R3'},{'D2'},{'D7'},{'D4'},{'D3'},{'D5'},{'D6'},{'R1'},&,1.0,&
{'R2'},{'D1'},{'R3'},{'D2'},{'D7'},{'D4'},{'R1'},,,,&,1.0,&
{'R2'},{'D1'},{'R3'},{'D2'},{'D7'},{'D4'},{'R1'},{'D3'},{'D6'},{'D5'},&,1.0,&
{'R2'},{'D1'},{'R3'},{'D2'},{'D7'},{'D4'},{'R1'},{'D3'},{'D5'},,&,1.0,&
{'R2'},{'D1'},{'R3'},{'D2'},{'D7'},{'D4'},{'D5'},{'R1'},{'D6'},{'D3'},&,1.0,&
{'R2'},{'D1'},{'R3'},{'D2'},{'D7'},{'D4'},{'D6'},{'R1'},{'D5'},,&,1.0,&
{'R2'},{'D1'},{'R3'},{'D2'},{'D7'},{'R1'},,,,,&,1.0,&
{'R2'},{'D1'},{'R3'},{'D2'},{'D7'},{'R1'},{'D3'},{'D4'},,,&,1.0,&
{'R2'},{'D1'},{'R3'},{'D2'},{'D7'},{'R1'},{'D4'},,,,&,2.0,&
{'R2'},{'D1'},{'R3'},{'D2'},{'D7'},{'R1'},{'D4'},{'D5'},{'D3'},{'D6'},&,1.0,&
{'R2'},{'D1'},{'R3'},{'D2'},{'D7'},{'R1'},{'D4'},{'D6'},,,&,1.0,&
{'R2'},{'D1'},{'R3'},{'D2'},{'D7'},{'R1'},{'D4'},{'D6'},{'D3'},{'D5'},&,1.0,&
{'R2'},{'D1'},{'R3'},{'D2'},{'D7'},{'R1'},{'D4'},{'D3'},,,&,1.0,&
{'R2'},{'D1'},{'R3'},{'D2'},{'D7'},{'R1'},{'D6'},,,,&,1.0,&
{'R2'},{'D1'},{'R3'},{'D2'},{'D7'},{'D3'},{'R1'},,,,&,1.0,&
{'R2'},{'D1'},{'R3'},{'D2'},{'D7'},{'D3'},{'R1'},{'D6'},{'D5'},,&,1.0,&
{'R2'},{'D1'},{'R3'},{'D2'},{'D7'},{'D3'},{'R1'},{'D6'},{'D4'},{'D5'},&,1.0,&
{'R2'},{'D1'},{'R3'},{'D2'},{'D7'},{'D3'},{'D5'},,,,&,1.0,&
{'R2'},{'D1'},{'R3'},{'D2'},{'D7'},{'D3'},{'D4'},,,,&,2.0,&
{'R2'},{'D1'},{'R3'},{'D2'},{'D7'},{'D5'},{'R1'},{'D4'},{'D6'},,&,1.0,&
{'R2'},{'D1'},{'R3'},{'D2'},{'D7'},{'D6'},{'D3'},,,,&,1.0,&
{'R2'},{'D1'},{'R3'},{'D2'},{'D7'},{'D6'},{'R1'},{'D3'},,,&,1.0,&
{'R2'},{'D1'},{'R3'},{'D2'},{'D7'},{'D6'},{'D4'},,,,&,1.0,&
{'R2'},{'D1'},{'R3'},{'D2'},{'R1'},,,,,,&,7.0,&
{'R2'},{'D1'},{'R3'},{'D2'},{'R1'},{'D4'},,,,,&,1.0,&
{'R2'},{'D1'},{'R3'},{'D2'},{'R1'},{'D4'},{'D3'},{'D7'},,,&,2.0,&
{'R2'},{'D1'},{'R3'},{'D2'},{'R1'},{'D4'},{'D7'},,,,&,2.0,&
{'R2'},{'D1'},{'R3'},{'D2'},{'R1'},{'D4'},{'D7'},{'D5'},{'D6'},{'D3'},&,1.0,&
{'R2'},{'D1'},{'R3'},{'D2'},{'R1'},{'D4'},{'D6'},{'D7'},{'D3'},{'D5'},&,1.0,&
{'R2'},{'D1'},{'R3'},{'D2'},{'R1'},{'D5'},,,,,&,1.0,&
{'R2'},{'D1'},{'R3'},{'D2'},{'R1'},{'D7'},,,,,&,2.0,&
{'R2'},{'D1'},{'R3'},{'D2'},{'R1'},{'D7'},{'D3'},{'D5'},{'D4'},{'D6'},&,1.0,&
{'R2'},{'D1'},{'R3'},{'D2'},{'R1'},{'D7'},{'D3'},{'D6'},,,&,1.0,&
{'R2'},{'D1'},{'R3'},{'D2'},{'R1'},{'D7'},{'D4'},,,,&,3.0,&
{'R2'},{'D1'},{'R3'},{'D2'},{'R1'},{'D7'},{'D4'},{'D5'},,,&,2.0,&
{'R2'},{'D1'},{'R3'},{'D2'},{'R1'},{'D7'},{'D6'},{'D5'},{'D4'},{'D3'},&,1.0,&
{'R2'},{'D1'},{'R3'},{'D2'},{'R1'},{'D6'},,,,,&,1.0,&
{'R2'},{'D1'},{'R3'},{'D2'},{'R1'},{'D6'},{'D4'},{'D7'},{'D3'},,&,1.0,&
{'R2'},{'D1'},{'R3'},{'D2'},{'D4'},,,,,,&,3.0,&
{'R2'},{'D1'},{'R3'},{'D2'},{'D4'},{'R1'},{'D7'},,,,&,1.0,&
{'R2'},{'D1'},{'R3'},{'D2'},{'D4'},{'D3'},{'D7'},{'D5'},,,&,1.0,&
{'R2'},{'D1'},{'R3'},{'D2'},{'D4'},{'D7'},,,,,&,4.0,&
{'R2'},{'D1'},{'R3'},{'D2'},{'D4'},{'D7'},{'D3'},{'D5'},{'R1'},{'D6'},&,1.0,&
{'R2'},{'D1'},{'R3'},{'D2'},{'D4'},{'D7'},{'D3'},{'D6'},{'D5'},{'R1'},&,1.0,&
{'R2'},{'D1'},{'R3'},{'D2'},{'D4'},{'D7'},{'R1'},{'D3'},,,&,2.0,&
{'R2'},{'D1'},{'R3'},{'D2'},{'D4'},{'D7'},{'R1'},{'D3'},{'D6'},,&,1.0,&
{'R2'},{'D1'},{'R3'},{'D2'},{'D4'},{'D7'},{'D6'},{'R1'},{'D3'},,&,1.0,&
{'R2'},{'D1'},{'R3'},{'D2'},{'D6'},{'D4'},{'D3'},{'D7'},,,&,1.0,&
{'R2'},{'D1'},{'R3'},{'D2'},{'D6'},{'D7'},{'R1'},{'D3'},{'D4'},{'D5'},&,1.0,&
{'R2'},{'D1'},{'R3'},{'D2'},{'D3'},,,,,,&,1.0,&
{'R2'},{'D1'},{'R3'},{'D2'},{'D3'},{'R1'},{'D7'},,,,&,2.0,&
{'R2'},{'D1'},{'R3'},{'D2'},{'D3'},{'R1'},{'D7'},{'D4'},{'D6'},,&,1.0,&
{'R2'},{'D1'},{'R3'},{'D2'},{'D3'},{'D7'},{'D4'},{'R1'},,,&,1.0,&
{'R2'},{'D1'},{'R3'},{'R1'},,,,,,,&,31.0,&
{'R2'},{'D1'},{'R3'},{'R1'},{'D7'},,,,,,&,10.0,&
{'R2'},{'D1'},{'R3'},{'R1'},{'D7'},{'D4'},,,,,&,2.0,&
{'R2'},{'D1'},{'R3'},{'R1'},{'D7'},{'D4'},{'D3'},,,,&,1.0,&
{'R2'},{'D1'},{'R3'},{'R1'},{'D7'},{'D4'},{'D2'},,,,&,1.0,&
{'R2'},{'D1'},{'R3'},{'R1'},{'D7'},{'D4'},{'D2'},{'D3'},,,&,1.0,&
{'R2'},{'D1'},{'R3'},{'R1'},{'D7'},{'D3'},,,,,&,1.0,&
{'R2'},{'D1'},{'R3'},{'R1'},{'D7'},{'D3'},{'D2'},{'D4'},{'D6'},{'D5'},&,1.0,&
{'R2'},{'D1'},{'R3'},{'R1'},{'D7'},{'D2'},,,,,&,5.0,&
{'R2'},{'D1'},{'R3'},{'R1'},{'D7'},{'D2'},{'D3'},,,,&,1.0,&
{'R2'},{'D1'},{'R3'},{'R1'},{'D7'},{'D2'},{'D3'},{'D5'},,,&,1.0,&
{'R2'},{'D1'},{'R3'},{'R1'},{'D7'},{'D2'},{'D3'},{'D6'},{'D4'},,&,1.0,&
{'R2'},{'D1'},{'R3'},{'R1'},{'D7'},{'D2'},{'D3'},{'D4'},,,&,1.0,&
{'R2'},{'D1'},{'R3'},{'R1'},{'D7'},{'D2'},{'D3'},{'D4'},{'D6'},,&,1.0,&
{'R2'},{'D1'},{'R3'},{'R1'},{'D7'},{'D2'},{'D3'},{'D4'},{'D6'},{'D5'},&,1.0,&
{'R2'},{'D1'},{'R3'},{'R1'},{'D7'},{'D2'},{'D3'},{'D4'},{'D5'},{'D6'},&,1.0,&
{'R2'},{'D1'},{'R3'},{'R1'},{'D7'},{'D2'},{'D4'},,,,&,3.0,&
{'R2'},{'D1'},{'R3'},{'R1'},{'D7'},{'D2'},{'D4'},{'D6'},{'D3'},,&,1.0,&
{'R2'},{'D1'},{'R3'},{'R1'},{'D7'},{'D2'},{'D4'},{'D3'},,,&,1.0,&
{'R2'},{'D1'},{'R3'},{'R1'},{'D7'},{'D2'},{'D4'},{'D3'},{'D6'},,&,1.0,&
{'R2'},{'D1'},{'R3'},{'R1'},{'D7'},{'D2'},{'D6'},,,,&,1.0,&
{'R2'},{'D1'},{'R3'},{'R1'},{'D7'},{'D2'},{'D6'},{'D3'},{'D4'},,&,1.0,&
{'R2'},{'D1'},{'R3'},{'R1'},{'D7'},{'D5'},{'D2'},{'D4'},{'D6'},,&,1.0,&
{'R2'},{'D1'},{'R3'},{'R1'},{'D4'},,,,,,&,6.0,&
{'R2'},{'D1'},{'R3'},{'R1'},{'D4'},{'D2'},,,,,&,1.0,&
{'R2'},{'D1'},{'R3'},{'R1'},{'D4'},{'D2'},{'D3'},{'D7'},,,&,1.0,&
{'R2'},{'D1'},{'R3'},{'R1'},{'D4'},{'D2'},{'D7'},{'D6'},{'D3'},{'D5'},&,1.0,&
{'R2'},{'D1'},{'R3'},{'R1'},{'D4'},{'D2'},{'D7'},{'D3'},,,&,1.0,&
{'R2'},{'D1'},{'R3'},{'R1'},{'D4'},{'D7'},{'D3'},,,,&,1.0,&
{'R2'},{'D1'},{'R3'},{'R1'},{'D4'},{'D7'},{'D2'},,,,&,2.0,&
{'R2'},{'D1'},{'R3'},{'R1'},{'D4'},{'D7'},{'D2'},{'D6'},,,&,1.0,&
{'R2'},{'D1'},{'R3'},{'R1'},{'D4'},{'D7'},{'D2'},{'D6'},{'D3'},,&,2.0,&
{'R2'},{'D1'},{'R3'},{'R1'},{'D4'},{'D7'},{'D2'},{'D6'},{'D3'},{'D5'},&,1.0,&
{'R2'},{'D1'},{'R3'},{'R1'},{'D4'},{'D6'},{'D2'},{'D7'},,,&,1.0,&
{'R2'},{'D1'},{'R3'},{'R1'},{'D2'},,,,,,&,10.0,&
{'R2'},{'D1'},{'R3'},{'R1'},{'D2'},{'D4'},,,,,&,2.0,&
{'R2'},{'D1'},{'R3'},{'R1'},{'D2'},{'D4'},{'D7'},,,,&,2.0,&
{'R2'},{'D1'},{'R3'},{'R1'},{'D2'},{'D3'},,,,,&,1.0,&
{'R2'},{'D1'},{'R3'},{'R1'},{'D2'},{'D3'},{'D4'},,,,&,1.0,&
{'R2'},{'D1'},{'R3'},{'R1'},{'D2'},{'D3'},{'D4'},{'D7'},,,&,1.0,&
{'R2'},{'D1'},{'R3'},{'R1'},{'D2'},{'D7'},,,,,&,4.0,&
{'R2'},{'D1'},{'R3'},{'R1'},{'D2'},{'D7'},{'D3'},,,,&,3.0,&
{'R2'},{'D1'},{'R3'},{'R1'},{'D2'},{'D7'},{'D3'},{'D6'},,,&,1.0,&
{'R2'},{'D1'},{'R3'},{'R1'},{'D2'},{'D7'},{'D3'},{'D4'},{'D6'},{'D5'},&,1.0,&
{'R2'},{'D1'},{'R3'},{'R1'},{'D2'},{'D7'},{'D4'},,,,&,2.0,&
{'R2'},{'D1'},{'R3'},{'R1'},{'D2'},{'D7'},{'D4'},{'D5'},,,&,1.0,&
{'R2'},{'D1'},{'R3'},{'R1'},{'D2'},{'D7'},{'D4'},{'D3'},,,&,2.0,&
{'R2'},{'D1'},{'R3'},{'R1'},{'D2'},{'D7'},{'D6'},{'D4'},,,&,1.0,&
{'R2'},{'D1'},{'R3'},{'R1'},{'D2'},{'D6'},{'D7'},,,,&,1.0,&
{'R2'},{'D1'},{'R3'},{'R1'},{'D2'},{'D6'},{'D7'},{'D4'},{'D3'},,&,1.0,&
{'R2'},{'D1'},{'R3'},{'R1'},{'D2'},{'D6'},{'D4'},,,,&,1.0,&
{'R2'},{'D1'},{'R3'},{'R1'},{'D6'},,,,,,&,1.0,&
{'R2'},{'D1'},{'R3'},{'R1'},{'D6'},{'D3'},{'D7'},{'D2'},{'D4'},{'D5'},&,1.0,&
{'R2'},{'D1'},{'R3'},{'R1'},{'D6'},{'D2'},,,,,&,1.0,&
{'R2'},{'D1'},{'R3'},{'R1'},{'D6'},{'D7'},,,,,&,1.0,&
{'R2'},{'D1'},{'R3'},{'R1'},{'D3'},{'D2'},,,,,&,1.0,&
{'R2'},{'D1'},{'R3'},{'R1'},{'D3'},{'D2'},{'D7'},,,,&,1.0,&
{'R2'},{'D1'},{'R3'},{'R1'},{'D3'},{'D5'},{'D2'},{'D7'},{'D4'},{'D6'},&,1.0,&
{'R2'},{'D1'},{'R3'},{'R1'},{'D3'},{'D7'},,,,,&,1.0,&
{'R2'},{'D1'},{'R3'},{'R1'},{'D3'},{'D7'},{'D2'},{'D4'},{'D5'},{'D6'},&,1.0,&
{'R2'},{'D1'},{'R3'},{'R1'},{'D5'},{'D2'},{'D7'},,,,&,1.0,&
{'R2'},{'D1'},{'R3'},{'R1'},{'D5'},{'D2'},{'D7'},{'D6'},,,&,1.0,&
{'R2'},{'D1'},{'R3'},{'D7'},,,,,,,&,8.0,&
{'R2'},{'D1'},{'R3'},{'D7'},{'R1'},,,,,,&,6.0,&
{'R2'},{'D1'},{'R3'},{'D7'},{'R1'},{'D4'},,,,,&,1.0,&
{'R2'},{'D1'},{'R3'},{'D7'},{'R1'},{'D4'},{'D2'},,,,&,1.0,&
{'R2'},{'D1'},{'R3'},{'D7'},{'R1'},{'D4'},{'D2'},{'D3'},,,&,2.0,&
{'R2'},{'D1'},{'R3'},{'D7'},{'R1'},{'D4'},{'D2'},{'D3'},{'D6'},{'D5'},&,1.0,&
{'R2'},{'D1'},{'R3'},{'D7'},{'R1'},{'D4'},{'D2'},{'D3'},{'D5'},,&,1.0,&
{'R2'},{'D1'},{'R3'},{'D7'},{'R1'},{'D3'},{'D2'},,,,&,1.0,&
{'R2'},{'D1'},{'R3'},{'D7'},{'R1'},{'D3'},{'D2'},{'D6'},,,&,1.0,&
{'R2'},{'D1'},{'R3'},{'D7'},{'R1'},{'D3'},{'D2'},{'D4'},,,&,1.0,&
{'R2'},{'D1'},{'R3'},{'D7'},{'R1'},{'D2'},,,,,&,3.0,&
{'R2'},{'D1'},{'R3'},{'D7'},{'R1'},{'D2'},{'D3'},,,,&,2.0,&
{'R2'},{'D1'},{'R3'},{'D7'},{'R1'},{'D2'},{'D3'},{'D6'},{'D4'},,&,1.0,&
{'R2'},{'D1'},{'R3'},{'D7'},{'R1'},{'D2'},{'D4'},{'D3'},,,&,1.0,&
{'R2'},{'D1'},{'R3'},{'D7'},{'R1'},{'D2'},{'D4'},{'D3'},{'D6'},{'D5'},&,1.0,&
{'R2'},{'D1'},{'R3'},{'D7'},{'R1'},{'D2'},{'D6'},{'D3'},,,&,1.0,&
{'R2'},{'D1'},{'R3'},{'D7'},{'R1'},{'D6'},{'D2'},{'D4'},{'D3'},,&,1.0,&
{'R2'},{'D1'},{'R3'},{'D7'},{'D4'},,,,,,&,1.0,&
{'R2'},{'D1'},{'R3'},{'D7'},{'D4'},{'R1'},,,,,&,2.0,&
{'R2'},{'D1'},{'R3'},{'D7'},{'D4'},{'R1'},{'D2'},,,,&,1.0,&
{'R2'},{'D1'},{'R3'},{'D7'},{'D4'},{'D3'},{'D6'},{'D2'},{'D5'},,&,1.0,&
{'R2'},{'D1'},{'R3'},{'D7'},{'D4'},{'D2'},{'D6'},{'R1'},,,&,1.0,&
{'R2'},{'D1'},{'R3'},{'D7'},{'D2'},,,,,,&,3.0,&
{'R2'},{'D1'},{'R3'},{'D7'},{'D2'},{'D4'},,,,,&,4.0,&
{'R2'},{'D1'},{'R3'},{'D7'},{'D2'},{'D4'},{'D3'},,,,&,1.0,&
{'R2'},{'D1'},{'R3'},{'D7'},{'D2'},{'D4'},{'D3'},{'D6'},{'D5'},,&,2.0,&
{'R2'},{'D1'},{'R3'},{'D7'},{'D2'},{'D4'},{'D3'},{'D6'},{'D5'},{'R1'},&,1.0,&
{'R2'},{'D1'},{'R3'},{'D7'},{'D2'},{'D4'},{'D3'},{'R1'},,,&,1.0,&
{'R2'},{'D1'},{'R3'},{'D7'},{'D2'},{'D4'},{'R1'},,,,&,2.0,&
{'R2'},{'D1'},{'R3'},{'D7'},{'D2'},{'D4'},{'R1'},{'D5'},,,&,1.0,&
{'R2'},{'D1'},{'R3'},{'D7'},{'D2'},{'D4'},{'R1'},{'D5'},{'D6'},{'D3'},&,1.0,&
{'R2'},{'D1'},{'R3'},{'D7'},{'D2'},{'D4'},{'R1'},{'D6'},{'D5'},,&,1.0,&
{'R2'},{'D1'},{'R3'},{'D7'},{'D2'},{'D4'},{'D6'},,,,&,1.0,&
{'R2'},{'D1'},{'R3'},{'D7'},{'D2'},{'D4'},{'D6'},{'D3'},{'R1'},{'D5'},&,1.0,&
{'R2'},{'D1'},{'R3'},{'D7'},{'D2'},{'D4'},{'D6'},{'R1'},{'D5'},{'D3'},&,1.0,&
{'R2'},{'D1'},{'R3'},{'D7'},{'D2'},{'R1'},{'D3'},{'D5'},{'D6'},{'D4'},&,1.0,&
{'R2'},{'D1'},{'R3'},{'D7'},{'D2'},{'R1'},{'D3'},{'D6'},{'D4'},{'D5'},&,1.0,&
{'R2'},{'D1'},{'R3'},{'D7'},{'D2'},{'R1'},{'D3'},{'D4'},,,&,1.0,&
{'R2'},{'D1'},{'R3'},{'D7'},{'D2'},{'R1'},{'D5'},{'D4'},{'D3'},{'D6'},&,1.0,&
{'R2'},{'D1'},{'R3'},{'D7'},{'D2'},{'R1'},{'D4'},,,,&,1.0,&
{'R2'},{'D1'},{'R3'},{'D7'},{'D2'},{'R1'},{'D4'},{'D6'},{'D5'},,&,1.0,&
{'R2'},{'D1'},{'R3'},{'D7'},{'D2'},{'R1'},{'D4'},{'D6'},{'D3'},{'D5'},&,1.0,&
{'R2'},{'D1'},{'R3'},{'D7'},{'D2'},{'R1'},{'D4'},{'D3'},,,&,1.0,&
{'R2'},{'D1'},{'R3'},{'D7'},{'D2'},{'R1'},{'D4'},{'D3'},{'D6'},,&,1.0,&
{'R2'},{'D1'},{'R3'},{'D7'},{'D2'},{'R1'},{'D4'},{'D3'},{'D6'},{'D5'},&,2.0,&
{'R2'},{'D1'},{'R3'},{'D7'},{'D2'},{'D3'},,,,,&,2.0,&
{'R2'},{'D1'},{'R3'},{'D7'},{'D2'},{'D3'},{'R1'},,,,&,2.0,&
{'R2'},{'D1'},{'R3'},{'D7'},{'D2'},{'D3'},{'R1'},{'D4'},{'D5'},,&,1.0,&
{'R2'},{'D1'},{'R3'},{'D7'},{'D2'},{'D3'},{'D6'},{'R1'},{'D4'},,&,1.0,&
{'R2'},{'D1'},{'R3'},{'D7'},{'D2'},{'D5'},{'R1'},,,,&,1.0,&
{'R2'},{'D1'},{'R3'},{'D7'},{'D2'},{'D5'},{'R1'},{'D4'},{'D3'},{'D6'},&,1.0,&
{'R2'},{'D1'},{'R3'},{'D7'},{'D2'},{'D6'},{'D3'},{'D4'},{'D5'},,&,1.0,&
{'R2'},{'D1'},{'R3'},{'D7'},{'D2'},{'D6'},{'D4'},{'D5'},{'D3'},{'R1'},&,1.0,&
{'R2'},{'D1'},{'R3'},{'D7'},{'D6'},{'D2'},,,,,&,1.0,&
{'R2'},{'D1'},{'R3'},{'D7'},{'D3'},{'D2'},{'D4'},{'D5'},{'D6'},{'R1'},&,1.0,&
{'R2'},{'D1'},{'R3'},{'D7'},{'D3'},{'D2'},{'D4'},{'D6'},{'D5'},,&,1.0,&
{'R2'},{'D1'},{'R3'},{'D7'},{'D5'},{'D2'},{'D4'},{'R1'},{'D3'},,&,1.0,&
{'R2'},{'D1'},{'R3'},{'D7'},{'D5'},{'D2'},{'D4'},{'R1'},{'D3'},{'D6'},&,1.0,&
{'R2'},{'D1'},{'R3'},{'D4'},,,,,,,&,5.0,&
{'R2'},{'D1'},{'R3'},{'D4'},{'D7'},{'D3'},{'D2'},{'R1'},,,&,1.0,&
{'R2'},{'D1'},{'R3'},{'D4'},{'D7'},{'D2'},{'D3'},{'D6'},{'R1'},{'D5'},&,1.0,&
{'R2'},{'D1'},{'R3'},{'D4'},{'D7'},{'D2'},{'R1'},,,,&,1.0,&
{'R2'},{'D1'},{'R3'},{'D4'},{'D7'},{'D2'},{'R1'},{'D3'},{'D6'},,&,1.0,&
{'R2'},{'D1'},{'R3'},{'D4'},{'D7'},{'D2'},{'D6'},,,,&,1.0,&
{'R2'},{'D1'},{'R3'},{'D4'},{'D7'},{'D2'},{'D6'},{'R1'},,,&,1.0,&
{'R2'},{'D1'},{'R3'},{'D4'},{'R1'},,,,,,&,4.0,&
{'R2'},{'D1'},{'R3'},{'D4'},{'R1'},{'D3'},,,,,&,1.0,&
{'R2'},{'D1'},{'R3'},{'D4'},{'R1'},{'D2'},,,,,&,1.0,&
{'R2'},{'D1'},{'R3'},{'D4'},{'R1'},{'D2'},{'D3'},,,,&,1.0,&
{'R2'},{'D1'},{'R3'},{'D4'},{'R1'},{'D2'},{'D7'},{'D6'},,,&,1.0,&
{'R2'},{'D1'},{'R3'},{'D4'},{'R1'},{'D2'},{'D6'},{'D7'},{'D3'},,&,1.0,&
{'R2'},{'D1'},{'R3'},{'D4'},{'R1'},{'D7'},,,,,&,1.0,&
{'R2'},{'D1'},{'R3'},{'D4'},{'R1'},{'D7'},{'D3'},{'D2'},{'D6'},{'D5'},&,1.0,&
{'R2'},{'D1'},{'R3'},{'D4'},{'R1'},{'D7'},{'D2'},{'D3'},,,&,1.0,&
{'R2'},{'D1'},{'R3'},{'D4'},{'R1'},{'D7'},{'D5'},{'D2'},{'D3'},,&,1.0,&
{'R2'},{'D1'},{'R3'},{'D4'},{'R1'},{'D7'},{'D6'},{'D3'},{'D2'},{'D5'},&,1.0,&
{'R2'},{'D1'},{'R3'},{'D4'},{'D2'},,,,,,&,2.0,&
{'R2'},{'D1'},{'R3'},{'D4'},{'D2'},{'R1'},,,,,&,1.0,&
{'R2'},{'D1'},{'R3'},{'D4'},{'D2'},{'R1'},{'D3'},{'D7'},{'D6'},{'D5'},&,1.0,&
{'R2'},{'D1'},{'R3'},{'D4'},{'D2'},{'D7'},,,,,&,1.0,&
{'R2'},{'D1'},{'R3'},{'D4'},{'D6'},{'D2'},{'D7'},{'D5'},{'D3'},{'R1'},&,1.0,&
{'R2'},{'D1'},{'R3'},{'D4'},{'D3'},,,,,,&,1.0,&
{'R2'},{'D1'},{'R3'},{'D4'},{'D3'},{'R1'},,,,,&,1.0,&
{'R2'},{'D1'},{'R3'},{'D3'},,,,,,,&,2.0,&
{'R2'},{'D1'},{'R3'},{'D3'},{'D7'},{'D2'},{'D6'},{'R1'},{'D4'},{'D5'},&,1.0,&
{'R2'},{'D1'},{'R3'},{'D3'},{'R1'},{'D4'},,,,,&,1.0,&
{'R2'},{'D1'},{'R3'},{'D3'},{'R1'},{'D2'},,,,,&,2.0,&
{'R2'},{'D1'},{'R3'},{'D3'},{'R1'},{'D2'},{'D7'},{'D6'},,,&,1.0,&
{'R2'},{'D1'},{'R3'},{'D3'},{'R1'},{'D7'},{'D2'},,,,&,1.0,&
{'R2'},{'D1'},{'R3'},{'D3'},{'R1'},{'D7'},{'D2'},{'D4'},{'D6'},{'D5'},&,1.0,&
{'R2'},{'D1'},{'R3'},{'D3'},{'D2'},{'R1'},,,,,&,1.0,&
{'R2'},{'D1'},{'R3'},{'D3'},{'D2'},{'R1'},{'D7'},{'D6'},,,&,1.0,&
{'R2'},{'D1'},{'R3'},{'D3'},{'D6'},{'R1'},,,,,&,2.0,&
{'R2'},{'D1'},{'R3'},{'D6'},{'D7'},{'R1'},{'D2'},{'D4'},{'D5'},,&,1.0,&
{'R2'},{'D1'},{'R3'},{'D6'},{'D7'},{'D2'},{'R1'},{'D4'},{'D3'},{'D5'},&,1.0,&
{'R2'},{'D1'},{'R3'},{'D6'},{'R1'},,,,,,&,1.0,&
{'R2'},{'D1'},{'R3'},{'D6'},{'R1'},{'D2'},{'D7'},,,,&,1.0,&
{'R2'},{'D1'},{'R3'},{'D6'},{'R1'},{'D2'},{'D4'},{'D3'},{'D7'},{'D5'},&,1.0,&
{'R2'},{'D1'},{'R3'},{'D6'},{'D4'},{'D2'},,,,,&,1.0,&
{'R2'},{'D1'},{'R3'},{'D6'},{'D2'},{'R1'},{'D4'},,,,&,1.0,&
{'R2'},{'D1'},{'R3'},{'D6'},{'D2'},{'D7'},{'D3'},,,,&,1.0,&
{'R2'},{'D1'},{'R3'},{'D6'},{'D3'},{'D2'},,,,,&,1.0,&
{'R2'},{'D1'},{'R3'},{'D5'},{'D7'},,,,,,&,1.0,&
{'R2'},{'D1'},{'D4'},,,,,,,,&,13.0,&
{'R2'},{'D1'},{'D4'},{'R3'},,,,,,,&,5.0,&
{'R2'},{'D1'},{'D4'},{'R3'},{'D7'},,,,,,&,1.0,&
{'R2'},{'D1'},{'D4'},{'R3'},{'D7'},{'R1'},,,,,&,2.0,&
{'R2'},{'D1'},{'D4'},{'R3'},{'D7'},{'R1'},{'D2'},,,,&,1.0,&
{'R2'},{'D1'},{'D4'},{'R3'},{'D7'},{'R1'},{'D2'},{'D6'},{'D3'},{'D5'},&,1.0,&
{'R2'},{'D1'},{'D4'},{'R3'},{'D7'},{'R1'},{'D2'},{'D3'},{'D6'},{'D5'},&,1.0,&
{'R2'},{'D1'},{'D4'},{'R3'},{'D7'},{'D2'},,,,,&,2.0,&
{'R2'},{'D1'},{'D4'},{'R3'},{'D7'},{'D2'},{'D6'},{'D3'},{'D5'},,&,1.0,&
{'R2'},{'D1'},{'D4'},{'R3'},{'D7'},{'D2'},{'D6'},{'D3'},{'R1'},{'D5'},&,1.0,&
{'R2'},{'D1'},{'D4'},{'R3'},{'D7'},{'D6'},{'D2'},,,,&,1.0,&
{'R2'},{'D1'},{'D4'},{'R3'},{'R1'},{'D2'},,,,,&,1.0,&
{'R2'},{'D1'},{'D4'},{'R3'},{'R1'},{'D2'},{'D7'},{'D3'},{'D6'},{'D5'},&,1.0,&
{'R2'},{'D1'},{'D4'},{'R3'},{'R1'},{'D7'},{'D2'},{'D3'},,,&,1.0,&
{'R2'},{'D1'},{'D4'},{'R3'},{'D2'},,,,,,&,1.0,&
{'R2'},{'D1'},{'D4'},{'R3'},{'D2'},{'R1'},{'D7'},{'D3'},{'D6'},,&,1.0,&
{'R2'},{'D1'},{'D4'},{'R3'},{'D2'},{'D7'},,,,,&,2.0,&
{'R2'},{'D1'},{'D4'},{'R3'},{'D2'},{'D7'},{'D3'},,,,&,1.0,&
{'R2'},{'D1'},{'D4'},{'R3'},{'D2'},{'D7'},{'R1'},,,,&,1.0,&
{'R2'},{'D1'},{'D4'},{'R3'},{'D2'},{'D7'},{'R1'},{'D5'},{'D3'},,&,1.0,&
{'R2'},{'D1'},{'D4'},{'R3'},{'D2'},{'D7'},{'D6'},{'D5'},{'D3'},{'R1'},&,1.0,&
{'R2'},{'D1'},{'D4'},{'R3'},{'D6'},{'D7'},,,,,&,1.0,&
{'R2'},{'D1'},{'D4'},{'R3'},{'D3'},{'D7'},{'R1'},{'D2'},{'D6'},,&,1.0,&
{'R2'},{'D1'},{'D4'},{'D2'},,,,,,,&,1.0,&
{'R2'},{'D1'},{'D4'},{'D2'},{'D7'},{'D3'},{'D6'},{'D5'},{'R3'},,&,1.0,&
{'R2'},{'D1'},{'D4'},{'D2'},{'D7'},{'R3'},,,,,&,1.0,&
{'R2'},{'D1'},{'D4'},{'D2'},{'D7'},{'R3'},{'D3'},{'D5'},{'D6'},,&,1.0,&
{'R2'},{'D1'},{'D4'},{'D2'},{'D7'},{'R3'},{'D6'},,,,&,2.0,&
{'R2'},{'D1'},{'D4'},{'D2'},{'D7'},{'D6'},{'R3'},{'D5'},,,&,1.0,&
{'R2'},{'D1'},{'D4'},{'D2'},{'D7'},{'D6'},{'R3'},{'R1'},,,&,1.0,&
{'R2'},{'D1'},{'D4'},{'D2'},{'R1'},{'D6'},{'D7'},,,,&,1.0,&
{'R2'},{'D1'},{'D4'},{'D2'},{'R3'},,,,,,&,1.0,&
{'R2'},{'D1'},{'D4'},{'D2'},{'R3'},{'R1'},{'D3'},,,,&,1.0,&
{'R2'},{'D1'},{'D4'},{'D2'},{'R3'},{'R1'},{'D7'},{'D3'},{'D5'},{'D6'},&,1.0,&
{'R2'},{'D1'},{'D4'},{'D2'},{'R3'},{'R1'},{'D6'},{'D7'},{'D3'},{'D5'},&,1.0,&
{'R2'},{'D1'},{'D4'},{'D2'},{'R3'},{'D7'},{'R1'},{'D6'},{'D3'},,&,1.0,&
{'R2'},{'D1'},{'D4'},{'D2'},{'D6'},{'R1'},{'R3'},{'D7'},{'D3'},{'D5'},&,1.0,&
{'R2'},{'D1'},{'D4'},{'D2'},{'D6'},{'D7'},,,,,&,1.0,&
{'R2'},{'D1'},{'D4'},{'D2'},{'D6'},{'D7'},{'R3'},{'R1'},{'D3'},{'D5'},&,1.0,&
{'R2'},{'D1'},{'D4'},{'D2'},{'D3'},{'D7'},{'D6'},{'D5'},{'R3'},,&,1.0,&
{'R2'},{'D1'},{'D4'},{'R1'},{'R3'},,,,,,&,1.0,&
{'R2'},{'D1'},{'D4'},{'R1'},{'R3'},{'D2'},,,,,&,1.0,&
{'R2'},{'D1'},{'D4'},{'R1'},{'D2'},{'D7'},{'D3'},{'R3'},{'D6'},,&,1.0,&
{'R2'},{'D1'},{'D4'},{'D7'},,,,,,,&,3.0,&
{'R2'},{'D1'},{'D4'},{'D7'},{'R3'},,,,,,&,1.0,&
{'R2'},{'D1'},{'D4'},{'D7'},{'R3'},{'R1'},,,,,&,1.0,&
{'R2'},{'D1'},{'D4'},{'D7'},{'R3'},{'D3'},{'D2'},{'D6'},,,&,1.0,&
{'R2'},{'D1'},{'D4'},{'D7'},{'R3'},{'D2'},,,,,&,1.0,&
{'R2'},{'D1'},{'D4'},{'D7'},{'R3'},{'D2'},{'R1'},{'D5'},{'D6'},,&,1.0,&
{'R2'},{'D1'},{'D4'},{'D7'},{'R3'},{'D2'},{'D6'},,,,&,1.0,&
{'R2'},{'D1'},{'D4'},{'D7'},{'R3'},{'D2'},{'D6'},{'D3'},,,&,1.0,&
{'R2'},{'D1'},{'D4'},{'D7'},{'R3'},{'D2'},{'D6'},{'R1'},{'D3'},,&,1.0,&
{'R2'},{'D1'},{'D4'},{'D7'},{'D2'},,,,,,&,1.0,&
{'R2'},{'D1'},{'D4'},{'D7'},{'D2'},{'D3'},,,,,&,1.0,&
{'R2'},{'D1'},{'D4'},{'D7'},{'D2'},{'R3'},{'D5'},{'D6'},{'D3'},{'R1'},&,1.0,&
{'R2'},{'D1'},{'D4'},{'D7'},{'D2'},{'D6'},{'D3'},,,,&,1.0,&
{'R2'},{'D1'},{'D4'},{'D7'},{'D2'},{'D6'},{'D3'},{'D5'},{'R3'},{'R1'},&,1.0,&
{'R2'},{'D1'},{'D4'},{'D7'},{'D6'},{'D3'},{'D2'},,,,&,1.0,&
{'R2'},{'D1'},{'D4'},{'D7'},{'D3'},{'R3'},,,,,&,1.0,&
{'R2'},{'D1'},{'D4'},{'D7'},{'D3'},{'R3'},{'D2'},,,,&,1.0,&
{'R2'},{'D1'},{'D4'},{'D7'},{'D3'},{'R3'},{'R1'},{'D2'},{'D5'},{'D6'},&,1.0,&
{'R2'},{'D1'},{'D4'},{'D3'},{'D7'},{'D2'},{'R3'},{'D6'},{'R1'},{'D5'},&,1.0,&
{'R2'},{'D1'},{'D4'},{'D3'},{'R1'},,,,,,&,1.0,&
{'R2'},{'D1'},{'D4'},{'D3'},{'R3'},,,,,,&,1.0,&
{'R2'},{'D1'},{'D4'},{'D3'},{'D6'},{'D2'},{'D7'},{'R3'},{'R1'},,&,1.0,&
{'R2'},{'D1'},{'D4'},{'D6'},{'D7'},{'D2'},{'D3'},{'R3'},{'D5'},{'R1'},&,1.0,&
{'R2'},{'D1'},{'D4'},{'D6'},{'D7'},{'D2'},{'R3'},{'R1'},{'D3'},{'D5'},&,1.0,&
{'R2'},{'D1'},{'D4'},{'D5'},{'D3'},,,,,,&,1.0,&
{'R2'},{'D1'},,,,,,,,,&,110.0,&
{'R2'},{'D1'},{'D7'},,,,,,,,&,51.0,&
{'R2'},{'D1'},{'D7'},{'R3'},,,,,,,&,9.0,&
{'R2'},{'D1'},{'D7'},{'R3'},{'R1'},,,,,,&,3.0,&
{'R2'},{'D1'},{'D7'},{'R3'},{'R1'},{'D4'},{'D2'},,,,&,1.0,&
{'R2'},{'D1'},{'D7'},{'R3'},{'R1'},{'D4'},{'D2'},{'D5'},,,&,1.0,&
{'R2'},{'D1'},{'D7'},{'R3'},{'R1'},{'D4'},{'D2'},{'D6'},{'D3'},{'D5'},&,1.0,&
{'R2'},{'D1'},{'D7'},{'R3'},{'R1'},{'D4'},{'D2'},{'D3'},,,&,1.0,&
{'R2'},{'D1'},{'D7'},{'R3'},{'R1'},{'D3'},,,,,&,1.0,&
{'R2'},{'D1'},{'D7'},{'R3'},{'R1'},{'D3'},{'D2'},,,,&,2.0,&
{'R2'},{'D1'},{'D7'},{'R3'},{'R1'},{'D3'},{'D2'},{'D4'},,,&,1.0,&
{'R2'},{'D1'},{'D7'},{'R3'},{'R1'},{'D2'},,,,,&,3.0,&
{'R2'},{'D1'},{'D7'},{'R3'},{'R1'},{'D2'},{'D3'},{'D5'},,,&,1.0,&
{'R2'},{'D1'},{'D7'},{'R3'},{'R1'},{'D2'},{'D3'},{'D5'},{'D4'},,&,1.0,&
{'R2'},{'D1'},{'D7'},{'R3'},{'R1'},{'D2'},{'D3'},{'D4'},{'D6'},{'D5'},&,1.0,&
{'R2'},{'D1'},{'D7'},{'R3'},{'R1'},{'D2'},{'D4'},,,,&,5.0,&
{'R2'},{'D1'},{'D7'},{'R3'},{'R1'},{'D2'},{'D4'},{'D6'},{'D3'},,&,1.0,&
{'R2'},{'D1'},{'D7'},{'R3'},{'R1'},{'D2'},{'D4'},{'D3'},{'D6'},,&,1.0,&
{'R2'},{'D1'},{'D7'},{'R3'},{'R1'},{'D2'},{'D4'},{'D3'},{'D6'},{'D5'},&,1.0,&
{'R2'},{'D1'},{'D7'},{'R3'},{'R1'},{'D2'},{'D6'},,,,&,2.0,&
{'R2'},{'D1'},{'D7'},{'R3'},{'R1'},{'D2'},{'D6'},{'D4'},,,&,1.0,&
{'R2'},{'D1'},{'D7'},{'R3'},{'R1'},{'D5'},{'D2'},{'D6'},{'D3'},,&,1.0,&
{'R2'},{'D1'},{'D7'},{'R3'},{'R1'},{'D6'},{'D2'},,,,&,1.0,&
{'R2'},{'D1'},{'D7'},{'R3'},{'R1'},{'D6'},{'D2'},{'D4'},{'D5'},,&,1.0,&
{'R2'},{'D1'},{'D7'},{'R3'},{'D4'},,,,,,&,2.0,&
{'R2'},{'D1'},{'D7'},{'R3'},{'D4'},{'R1'},{'D2'},{'D3'},{'D6'},{'D5'},&,1.0,&
{'R2'},{'D1'},{'D7'},{'R3'},{'D4'},{'D3'},{'D2'},,,,&,1.0,&
{'R2'},{'D1'},{'D7'},{'R3'},{'D4'},{'D2'},,,,,&,1.0,&
{'R2'},{'D1'},{'D7'},{'R3'},{'D2'},,,,,,&,7.0,&
{'R2'},{'D1'},{'D7'},{'R3'},{'D2'},{'D4'},,,,,&,2.0,&
{'R2'},{'D1'},{'D7'},{'R3'},{'D2'},{'D4'},{'D3'},,,,&,1.0,&
{'R2'},{'D1'},{'D7'},{'R3'},{'D2'},{'D4'},{'D3'},{'D6'},,,&,1.0,&
{'R2'},{'D1'},{'D7'},{'R3'},{'D2'},{'D4'},{'D3'},{'D6'},{'R1'},{'D5'},&,1.0,&
{'R2'},{'D1'},{'D7'},{'R3'},{'D2'},{'D4'},{'R1'},{'D3'},{'D5'},{'D6'},&,1.0,&
{'R2'},{'D1'},{'D7'},{'R3'},{'D2'},{'D4'},{'D6'},,,,&,1.0,&
{'R2'},{'D1'},{'D7'},{'R3'},{'D2'},{'D4'},{'D6'},{'D3'},{'D5'},{'R1'},&,1.0,&
{'R2'},{'D1'},{'D7'},{'R3'},{'D2'},{'R1'},,,,,&,1.0,&
{'R2'},{'D1'},{'D7'},{'R3'},{'D2'},{'R1'},{'D3'},{'D4'},,,&,2.0,&
{'R2'},{'D1'},{'D7'},{'R3'},{'D2'},{'R1'},{'D4'},{'D6'},,,&,2.0,&
{'R2'},{'D1'},{'D7'},{'R3'},{'D2'},{'R1'},{'D4'},{'D6'},{'D3'},{'D5'},&,1.0,&
{'R2'},{'D1'},{'D7'},{'R3'},{'D2'},{'R1'},{'D4'},{'D3'},,,&,2.0,&
{'R2'},{'D1'},{'D7'},{'R3'},{'D2'},{'R1'},{'D6'},{'D4'},{'D5'},,&,1.0,&
{'R2'},{'D1'},{'D7'},{'R3'},{'D2'},{'D3'},,,,,&,1.0,&
{'R2'},{'D1'},{'D7'},{'R3'},{'D2'},{'D3'},{'D4'},{'D6'},{'D5'},{'R1'},&,1.0,&
{'R2'},{'D1'},{'D7'},{'R3'},{'D2'},{'D3'},{'D4'},{'D6'},{'R1'},,&,1.0,&
{'R2'},{'D1'},{'D7'},{'R3'},{'D2'},{'D3'},{'D4'},{'R1'},{'D6'},{'D5'},&,1.0,&
{'R2'},{'D1'},{'D7'},{'R3'},{'D2'},{'D3'},{'D6'},,,,&,1.0,&
{'R2'},{'D1'},{'D7'},{'R3'},{'D2'},{'D5'},{'R1'},{'D6'},{'D4'},,&,1.0,&
{'R2'},{'D1'},{'D7'},{'R3'},{'D2'},{'D6'},{'D4'},{'D3'},{'R1'},{'D5'},&,1.0,&
{'R2'},{'D1'},{'D7'},{'R3'},{'D6'},{'D4'},{'D2'},{'R1'},,,&,1.0,&
{'R2'},{'D1'},{'D7'},{'R3'},{'D6'},{'R1'},{'D2'},{'D4'},{'D3'},,&,1.0,&
{'R2'},{'D1'},{'D7'},{'R3'},{'D3'},{'D2'},,,,,&,2.0,&
{'R2'},{'D1'},{'D7'},{'R3'},{'D3'},{'D2'},{'D4'},{'D6'},{'D5'},,&,1.0,&
{'R2'},{'D1'},{'D7'},{'R3'},{'D3'},{'D2'},{'D4'},{'D6'},{'R1'},{'D5'},&,1.0,&
{'R2'},{'D1'},{'D7'},{'R3'},{'D3'},{'D2'},{'D4'},{'R1'},{'D5'},{'D6'},&,1.0,&
{'R2'},{'D1'},{'D7'},{'R3'},{'D3'},{'D2'},{'D6'},{'R1'},{'D4'},{'D5'},&,1.0,&
{'R2'},{'D1'},{'D7'},{'D2'},,,,,,,&,14.0,&
{'R2'},{'D1'},{'D7'},{'D2'},{'R1'},{'R3'},{'D4'},{'D6'},,,&,1.0,&
{'R2'},{'D1'},{'D7'},{'D2'},{'R1'},{'D6'},{'D4'},{'D5'},{'D3'},,&,1.0,&
{'R2'},{'D1'},{'D7'},{'D2'},{'R3'},,,,,,&,13.0,&
{'R2'},{'D1'},{'D7'},{'D2'},{'R3'},{'D4'},,,,,&,3.0,&
{'R2'},{'D1'},{'D7'},{'D2'},{'R3'},{'D4'},{'D3'},,,,&,1.0,&
{'R2'},{'D1'},{'D7'},{'D2'},{'R3'},{'D4'},{'D3'},{'D6'},{'D5'},,&,1.0,&
{'R2'},{'D1'},{'D7'},{'D2'},{'R3'},{'D4'},{'R1'},,,,&,1.0,&
{'R2'},{'D1'},{'D7'},{'D2'},{'R3'},{'D4'},{'R1'},{'D6'},,,&,1.0,&
{'R2'},{'D1'},{'D7'},{'D2'},{'R3'},{'D4'},{'R1'},{'D6'},{'D3'},,&,1.0,&
{'R2'},{'D1'},{'D7'},{'D2'},{'R3'},{'D4'},{'D6'},{'D3'},{'D5'},,&,1.0,&
{'R2'},{'D1'},{'D7'},{'D2'},{'R3'},{'R1'},,,,,&,3.0,&
{'R2'},{'D1'},{'D7'},{'D2'},{'R3'},{'R1'},{'D5'},{'D3'},,,&,1.0,&
{'R2'},{'D1'},{'D7'},{'D2'},{'R3'},{'R1'},{'D4'},{'D3'},,,&,1.0,&
{'R2'},{'D1'},{'D7'},{'D2'},{'R3'},{'R1'},{'D6'},{'D4'},,,&,1.0,&
{'R2'},{'D1'},{'D7'},{'D2'},{'R3'},{'D3'},{'R1'},{'D6'},,,&,1.0,&
{'R2'},{'D1'},{'D7'},{'D2'},{'R3'},{'D3'},{'R1'},{'D4'},{'D6'},{'D5'},&,1.0,&
{'R2'},{'D1'},{'D7'},{'D2'},{'R3'},{'D3'},{'D4'},,,,&,1.0,&
{'R2'},{'D1'},{'D7'},{'D2'},{'R3'},{'D3'},{'D4'},{'D6'},{'R1'},{'D5'},&,1.0,&
{'R2'},{'D1'},{'D7'},{'D2'},{'R3'},{'D3'},{'D4'},{'R1'},,,&,1.0,&
{'R2'},{'D1'},{'D7'},{'D2'},{'R3'},{'D3'},{'D4'},{'R1'},{'D6'},{'D5'},&,1.0,&
{'R2'},{'D1'},{'D7'},{'D2'},{'R3'},{'D5'},,,,,&,1.0,&
{'R2'},{'D1'},{'D7'},{'D2'},{'R3'},{'D5'},{'R1'},{'D4'},{'D3'},,&,1.0,&
{'R2'},{'D1'},{'D7'},{'D2'},{'R3'},{'D5'},{'R1'},{'D4'},{'D3'},{'D6'},&,1.0,&
{'R2'},{'D1'},{'D7'},{'D2'},{'R3'},{'D6'},{'D4'},{'R1'},{'D3'},,&,1.0,&
{'R2'},{'D1'},{'D7'},{'D2'},{'D4'},,,,,,&,5.0,&
{'R2'},{'D1'},{'D7'},{'D2'},{'D4'},{'R1'},,,,,&,1.0,&
{'R2'},{'D1'},{'D7'},{'D2'},{'D4'},{'R1'},{'R3'},,,,&,1.0,&
{'R2'},{'D1'},{'D7'},{'D2'},{'D4'},{'D3'},,,,,&,2.0,&
{'R2'},{'D1'},{'D7'},{'D2'},{'D4'},{'D3'},{'D5'},,,,&,1.0,&
{'R2'},{'D1'},{'D7'},{'D2'},{'D4'},{'D3'},{'D5'},{'D6'},{'R3'},{'R1'},&,1.0,&
{'R2'},{'D1'},{'D7'},{'D2'},{'D4'},{'D3'},{'R3'},{'D6'},,,&,1.0,&
{'R2'},{'D1'},{'D7'},{'D2'},{'D4'},{'D3'},{'R3'},{'D6'},{'D5'},{'R1'},&,1.0,&
{'R2'},{'D1'},{'D7'},{'D2'},{'D4'},{'D5'},{'R3'},{'D6'},,,&,1.0,&
{'R2'},{'D1'},{'D7'},{'D2'},{'D4'},{'R3'},,,,,&,2.0,&
{'R2'},{'D1'},{'D7'},{'D2'},{'D4'},{'R3'},{'D3'},,,,&,1.0,&
{'R2'},{'D1'},{'D7'},{'D2'},{'D4'},{'R3'},{'R1'},,,,&,2.0,&
{'R2'},{'D1'},{'D7'},{'D2'},{'D4'},{'R3'},{'R1'},{'D5'},{'D3'},,&,1.0,&
{'R2'},{'D1'},{'D7'},{'D2'},{'D4'},{'R3'},{'R1'},{'D6'},,,&,1.0,&
{'R2'},{'D1'},{'D7'},{'D2'},{'D4'},{'R3'},{'R1'},{'D6'},{'D5'},,&,1.0,&
{'R2'},{'D1'},{'D7'},{'D2'},{'D4'},{'R3'},{'R1'},{'D6'},{'D3'},,&,1.0,&
{'R2'},{'D1'},{'D7'},{'D2'},{'D4'},{'R3'},{'R1'},{'D3'},,,&,1.0,&
{'R2'},{'D1'},{'D7'},{'D2'},{'D4'},{'R3'},{'R1'},{'D3'},{'D6'},{'D5'},&,1.0,&
{'R2'},{'D1'},{'D7'},{'D2'},{'D4'},{'R3'},{'D6'},{'D3'},{'R1'},,&,1.0,&
{'R2'},{'D1'},{'D7'},{'D2'},{'D4'},{'D6'},,,,,&,2.0,&
{'R2'},{'D1'},{'D7'},{'D2'},{'D4'},{'D6'},{'D3'},,,,&,1.0,&
{'R2'},{'D1'},{'D7'},{'D2'},{'D4'},{'D6'},{'D3'},{'R3'},{'D5'},,&,1.0,&
{'R2'},{'D1'},{'D7'},{'D2'},{'D4'},{'D6'},{'D3'},{'R3'},{'R1'},{'D5'},&,1.0,&
{'R2'},{'D1'},{'D7'},{'D2'},{'D4'},{'D6'},{'R3'},{'D3'},{'R1'},,&,1.0,&
{'R2'},{'D1'},{'D7'},{'D2'},{'D4'},{'D6'},{'R3'},{'D3'},{'R1'},{'D5'},&,1.0,&
{'R2'},{'D1'},{'D7'},{'D2'},{'D4'},{'D6'},{'R3'},{'R1'},,,&,2.0,&
{'R2'},{'D1'},{'D7'},{'D2'},{'D6'},,,,,,&,1.0,&
{'R2'},{'D1'},{'D7'},{'D2'},{'D6'},{'D4'},,,,,&,2.0,&
{'R2'},{'D1'},{'D7'},{'D2'},{'D6'},{'D4'},{'D3'},{'D5'},,,&,1.0,&
{'R2'},{'D1'},{'D7'},{'D2'},{'D6'},{'D4'},{'R1'},{'D3'},{'D5'},{'R3'},&,1.0,&
{'R2'},{'D1'},{'D7'},{'D2'},{'D6'},{'D4'},{'R3'},,,,&,1.0,&
{'R2'},{'D1'},{'D7'},{'D2'},{'D6'},{'R1'},{'D4'},,,,&,1.0,&
{'R2'},{'D1'},{'D7'},{'D2'},{'D6'},{'D3'},,,,,&,1.0,&
{'R2'},{'D1'},{'D7'},{'D2'},{'D6'},{'D3'},{'D4'},{'D5'},,,&,1.0,&
{'R2'},{'D1'},{'D7'},{'D2'},{'D6'},{'R3'},{'R1'},,,,&,1.0,&
{'R2'},{'D1'},{'D7'},{'D2'},{'D6'},{'R3'},{'D4'},,,,&,1.0,&
{'R2'},{'D1'},{'D7'},{'D2'},{'D3'},,,,,,&,2.0,&
{'R2'},{'D1'},{'D7'},{'D2'},{'D3'},{'D4'},,,,,&,2.0,&
{'R2'},{'D1'},{'D7'},{'D2'},{'D3'},{'D4'},{'D5'},{'R3'},{'D6'},{'R1'},&,1.0,&
{'R2'},{'D1'},{'D7'},{'D2'},{'D3'},{'D4'},{'R3'},{'D6'},{'D5'},,&,1.0,&
{'R2'},{'D1'},{'D7'},{'D2'},{'D3'},{'R1'},{'R3'},{'D4'},{'D6'},{'D5'},&,1.0,&
{'R2'},{'D1'},{'D7'},{'D2'},{'D3'},{'R3'},,,,,&,2.0,&
{'R2'},{'D1'},{'D7'},{'D2'},{'D3'},{'R3'},{'D4'},,,,&,1.0,&
{'R2'},{'D1'},{'D7'},{'D2'},{'D3'},{'D6'},{'D4'},{'D5'},{'R3'},{'R1'},&,1.0,&
{'R2'},{'D1'},{'D7'},{'D2'},{'D5'},,,,,,&,1.0,&
{'R2'},{'D1'},{'D7'},{'D2'},{'D5'},{'R1'},,,,,&,1.0,&
{'R2'},{'D1'},{'D7'},{'D2'},{'D5'},{'R3'},{'D3'},{'R1'},,,&,1.0,&
{'R2'},{'D1'},{'D7'},{'R1'},,,,,,,&,2.0,&
{'R2'},{'D1'},{'D7'},{'R1'},{'R3'},{'D2'},{'D3'},{'D6'},{'D4'},{'D5'},&,1.0,&
{'R2'},{'D1'},{'D7'},{'R1'},{'R3'},{'D2'},{'D4'},{'D6'},{'D3'},,&,1.0,&
{'R2'},{'D1'},{'D7'},{'R1'},{'R3'},{'D6'},{'D2'},{'D4'},,,&,1.0,&
{'R2'},{'D1'},{'D7'},{'R1'},{'D4'},{'D6'},{'R3'},,,,&,1.0,&
{'R2'},{'D1'},{'D7'},{'R1'},{'D2'},{'D4'},{'D3'},{'D6'},{'R3'},,&,1.0,&
{'R2'},{'D1'},{'D7'},{'R1'},{'D2'},{'D3'},,,,,&,1.0,&
{'R2'},{'D1'},{'D7'},{'R1'},{'D2'},{'D6'},{'D4'},{'D3'},,,&,1.0,&
{'R2'},{'D1'},{'D7'},{'R1'},{'D6'},{'R3'},,,,,&,1.0,&
{'R2'},{'D1'},{'D7'},{'D4'},,,,,,,&,4.0,&
{'R2'},{'D1'},{'D7'},{'D4'},{'R1'},,,,,,&,1.0,&
{'R2'},{'D1'},{'D7'},{'D4'},{'R3'},,,,,,&,1.0,&
{'R2'},{'D1'},{'D7'},{'D4'},{'R3'},{'R1'},{'D2'},,,,&,1.0,&
{'R2'},{'D1'},{'D7'},{'D4'},{'R3'},{'R1'},{'D6'},{'D2'},{'D3'},{'D5'},&,1.0,&
{'R2'},{'D1'},{'D7'},{'D4'},{'R3'},{'D3'},{'R1'},,,,&,1.0,&
{'R2'},{'D1'},{'D7'},{'D4'},{'R3'},{'D2'},{'D3'},{'D5'},{'R1'},{'D6'},&,1.0,&
{'R2'},{'D1'},{'D7'},{'D4'},{'R3'},{'D2'},{'D3'},{'R1'},{'D6'},,&,1.0,&
{'R2'},{'D1'},{'D7'},{'D4'},{'D2'},,,,,,&,1.0,&
{'R2'},{'D1'},{'D7'},{'D4'},{'D2'},{'R1'},,,,,&,1.0,&
{'R2'},{'D1'},{'D7'},{'D4'},{'D2'},{'D5'},{'R1'},,,,&,1.0,&
{'R2'},{'D1'},{'D7'},{'D4'},{'D2'},{'R3'},,,,,&,1.0,&
{'R2'},{'D1'},{'D7'},{'D4'},{'D2'},{'R3'},{'D3'},{'R1'},,,&,1.0,&
{'R2'},{'D1'},{'D7'},{'D4'},{'D2'},{'R3'},{'D3'},{'R1'},{'D5'},{'D6'},&,1.0,&
{'R2'},{'D1'},{'D7'},{'D4'},{'D2'},{'R3'},{'D5'},{'D3'},{'D6'},{'R1'},&,1.0,&
{'R2'},{'D1'},{'D7'},{'D4'},{'D2'},{'R3'},{'D6'},{'D5'},{'D3'},{'R1'},&,1.0,&
{'R2'},{'D1'},{'D7'},{'D4'},{'D2'},{'D6'},,,,,&,1.0,&
{'R2'},{'D1'},{'D7'},{'D4'},{'D2'},{'D6'},{'D3'},,,,&,2.0,&
{'R2'},{'D1'},{'D7'},{'D4'},{'D2'},{'D6'},{'D3'},{'D5'},{'R3'},{'R1'},&,1.0,&
{'R2'},{'D1'},{'D7'},{'D4'},{'D2'},{'D6'},{'R3'},{'R1'},,,&,1.0,&
{'R2'},{'D1'},{'D7'},{'D4'},{'D3'},,,,,,&,1.0,&
{'R2'},{'D1'},{'D7'},{'D4'},{'D3'},{'R3'},,,,,&,1.0,&
{'R2'},{'D1'},{'D7'},{'D3'},,,,,,,&,3.0,&
{'R2'},{'D1'},{'D7'},{'D3'},{'R3'},,,,,,&,1.0,&
{'R2'},{'D1'},{'D7'},{'D3'},{'R3'},{'D4'},{'D5'},{'R1'},{'D2'},{'D6'},&,1.0,&
{'R2'},{'D1'},{'D7'},{'D3'},{'R3'},{'R1'},,,,,&,1.0,&
{'R2'},{'D1'},{'D7'},{'D3'},{'R3'},{'D2'},{'R1'},,,,&,1.0,&
{'R2'},{'D1'},{'D7'},{'D3'},{'R3'},{'D2'},{'D4'},{'D6'},,,&,1.0,&
{'R2'},{'D1'},{'D7'},{'D3'},{'D4'},,,,,,&,1.0,&
{'R2'},{'D1'},{'D7'},{'D3'},{'D4'},{'R3'},{'D2'},{'D6'},{'D5'},,&,1.0,&
{'R2'},{'D1'},{'D7'},{'D3'},{'D2'},{'R3'},{'D6'},{'R1'},,,&,1.0,&
{'R2'},{'D1'},{'D7'},{'D6'},{'R1'},{'D2'},{'D3'},,,,&,1.0,&
{'R2'},{'D1'},{'D7'},{'D6'},{'R3'},,,,,,&,1.0,&
{'R2'},{'D1'},{'D7'},{'D6'},{'R3'},{'R1'},{'D2'},{'D4'},,,&,1.0,&
{'R2'},{'D1'},{'D7'},{'D6'},{'D4'},{'R1'},{'R3'},{'D2'},{'D3'},,&,1.0,&
{'R2'},{'D1'},{'D7'},{'D6'},{'D2'},,,,,,&,1.0,&
{'R2'},{'D1'},{'D7'},{'D6'},{'D2'},{'D4'},,,,,&,1.0,&
{'R2'},{'D1'},{'D7'},{'D6'},{'D2'},{'R3'},{'R1'},{'D5'},{'D4'},{'D3'},&,1.0,&
{'R2'},{'D1'},{'D7'},{'D5'},{'R3'},{'D2'},{'R1'},,,,&,1.0,&
{'R2'},{'D1'},{'D7'},{'D5'},{'D4'},{'R3'},,,,,&,1.0,&
{'R2'},{'D1'},{'R1'},,,,,,,,&,9.0,&
{'R2'},{'D1'},{'R1'},{'R3'},,,,,,,&,3.0,&
{'R2'},{'D1'},{'R1'},{'R3'},{'D7'},,,,,,&,2.0,&
{'R2'},{'D1'},{'R1'},{'R3'},{'D7'},{'D4'},,,,,&,1.0,&
{'R2'},{'D1'},{'R1'},{'R3'},{'D7'},{'D4'},{'D2'},,,,&,1.0,&
{'R2'},{'D1'},{'R1'},{'R3'},{'D7'},{'D2'},,,,,&,1.0,&
{'R2'},{'D1'},{'R1'},{'R3'},{'D7'},{'D2'},{'D4'},,,,&,1.0,&
{'R2'},{'D1'},{'R1'},{'R3'},{'D2'},,,,,,&,5.0,&
{'R2'},{'D1'},{'R1'},{'R3'},{'D2'},{'D3'},{'D4'},,,,&,1.0,&
{'R2'},{'D1'},{'R1'},{'D2'},,,,,,,&,4.0,&
{'R2'},{'D1'},{'R1'},{'D2'},{'D7'},,,,,,&,1.0,&
{'R2'},{'D1'},{'R1'},{'D2'},{'D7'},{'D4'},,,,,&,1.0,&
{'R2'},{'D1'},{'R1'},{'D2'},{'D7'},{'D3'},{'D5'},{'D4'},{'D6'},,&,1.0,&
{'R2'},{'D1'},{'R1'},{'D2'},{'D7'},{'D5'},{'D4'},{'D3'},,,&,1.0,&
{'R2'},{'D1'},{'R1'},{'D2'},{'D7'},{'R3'},{'D4'},,,,&,1.0,&
{'R2'},{'D1'},{'R1'},{'D2'},{'D7'},{'R3'},{'D4'},{'D3'},{'D5'},,&,1.0,&
{'R2'},{'D1'},{'R1'},{'D2'},{'R3'},,,,,,&,1.0,&
{'R2'},{'D1'},{'R1'},{'D2'},{'R3'},{'D4'},{'D6'},,,,&,1.0,&
{'R2'},{'D1'},{'R1'},{'D2'},{'R3'},{'D3'},{'D7'},{'D4'},{'D5'},{'D6'},&,1.0,&
{'R2'},{'D1'},{'R1'},{'D2'},{'R3'},{'D3'},{'D4'},,,,&,1.0,&
{'R2'},{'D1'},{'R1'},{'D2'},{'R3'},{'D7'},{'D4'},,,,&,1.0,&
{'R2'},{'D1'},{'R1'},{'D2'},{'R3'},{'D6'},{'D4'},,,,&,1.0,&
{'R2'},{'D1'},{'R1'},{'D7'},,,,,,,&,4.0,&
{'R2'},{'D1'},{'R1'},{'D7'},{'R3'},{'D4'},{'D2'},{'D3'},,,&,1.0,&
{'R2'},{'D1'},{'R1'},{'D7'},{'R3'},{'D4'},{'D6'},{'D2'},,,&,1.0,&
{'R2'},{'D1'},{'R1'},{'D7'},{'R3'},{'D2'},{'D4'},,,,&,1.0,&
{'R2'},{'D1'},{'R1'},{'D7'},{'R3'},{'D2'},{'D6'},{'D3'},,,&,1.0,&
{'R2'},{'D1'},{'R1'},{'D7'},{'D4'},{'D2'},,,,,&,1.0,&
{'R2'},{'D1'},{'R1'},{'D7'},{'D2'},{'D3'},,,,,&,1.0,&
{'R2'},{'D1'},{'R1'},{'D7'},{'D2'},{'D3'},{'D4'},,,,&,1.0,&
{'R2'},{'D1'},{'R1'},{'D7'},{'D2'},{'R3'},{'D3'},{'D6'},,,&,1.0,&
{'R2'},{'D1'},{'R1'},{'D7'},{'D2'},{'R3'},{'D4'},{'D6'},,,&,1.0,&
{'R2'},{'D1'},{'R1'},{'D7'},{'D6'},{'D2'},{'D4'},{'D3'},{'D5'},{'R3'},&,1.0,&
{'R2'},{'D1'},{'R1'},{'D7'},{'D5'},{'D4'},{'D2'},{'R3'},{'D3'},,&,1.0,&
{'R2'},{'D1'},{'R1'},{'D4'},,,,,,,&,1.0,&
{'R2'},{'D1'},{'R1'},{'D4'},{'R3'},{'D3'},{'D7'},{'D2'},{'D5'},{'D6'},&,1.0,&
{'R2'},{'D1'},{'R1'},{'D4'},{'R3'},{'D2'},,,,,&,1.0,&
{'R2'},{'D1'},{'R1'},{'D3'},{'D7'},{'R3'},{'D4'},,,,&,1.0,&
{'R2'},{'D1'},{'R1'},{'D3'},{'D2'},{'R3'},{'D7'},{'D6'},,,&,1.0,&
{'R2'},{'D1'},{'R1'},{'D3'},{'D2'},{'D6'},{'D4'},{'D7'},{'R3'},{'D5'},&,1.0,&
{'R2'},{'D1'},{'R1'},{'D6'},{'R3'},,,,,,&,1.0,&
{'R2'},{'D1'},{'D2'},,,,,,,,&,68.0,&
{'R2'},{'D1'},{'D2'},{'R3'},,,,,,,&,11.0,&
{'R2'},{'D1'},{'D2'},{'R3'},{'D7'},,,,,,&,7.0,&
{'R2'},{'D1'},{'D2'},{'R3'},{'D7'},{'D4'},,,,,&,1.0,&
{'R2'},{'D1'},{'D2'},{'R3'},{'D7'},{'D4'},{'D3'},,,,&,1.0,&
{'R2'},{'D1'},{'D2'},{'R3'},{'D7'},{'D4'},{'R1'},{'D3'},,,&,1.0,&
{'R2'},{'D1'},{'D2'},{'R3'},{'D7'},{'D4'},{'D6'},{'D3'},{'D5'},,&,1.0,&
{'R2'},{'D1'},{'D2'},{'R3'},{'D7'},{'D4'},{'D6'},{'R1'},,,&,1.0,&
{'R2'},{'D1'},{'D2'},{'R3'},{'D7'},{'R1'},,,,,&,4.0,&
{'R2'},{'D1'},{'D2'},{'R3'},{'D7'},{'R1'},{'D3'},,,,&,1.0,&
{'R2'},{'D1'},{'D2'},{'R3'},{'D7'},{'R1'},{'D3'},{'D4'},{'D6'},{'D5'},&,1.0,&
{'R2'},{'D1'},{'D2'},{'R3'},{'D7'},{'R1'},{'D5'},,,,&,1.0,&
{'R2'},{'D1'},{'D2'},{'R3'},{'D7'},{'R1'},{'D5'},{'D4'},{'D6'},{'D3'},&,1.0,&
{'R2'},{'D1'},{'D2'},{'R3'},{'D7'},{'R1'},{'D4'},,,,&,1.0,&
{'R2'},{'D1'},{'D2'},{'R3'},{'D7'},{'R1'},{'D4'},{'D6'},,,&,1.0,&
{'R2'},{'D1'},{'D2'},{'R3'},{'D7'},{'R1'},{'D4'},{'D6'},{'D3'},{'D5'},&,1.0,&
{'R2'},{'D1'},{'D2'},{'R3'},{'D7'},{'R1'},{'D4'},{'D3'},{'D6'},,&,1.0,&
{'R2'},{'D1'},{'D2'},{'R3'},{'D7'},{'R1'},{'D4'},{'D3'},{'D5'},{'D6'},&,1.0,&
{'R2'},{'D1'},{'D2'},{'R3'},{'D7'},{'R1'},{'D6'},,,,&,1.0,&
{'R2'},{'D1'},{'D2'},{'R3'},{'D7'},{'D3'},,,,,&,2.0,&
{'R2'},{'D1'},{'D2'},{'R3'},{'D7'},{'D3'},{'R1'},,,,&,1.0,&
{'R2'},{'D1'},{'D2'},{'R3'},{'D7'},{'D3'},{'R1'},{'D4'},,,&,1.0,&
{'R2'},{'D1'},{'D2'},{'R3'},{'D7'},{'D3'},{'R1'},{'D4'},{'D6'},{'D5'},&,1.0,&
{'R2'},{'D1'},{'D2'},{'R3'},{'D7'},{'D3'},{'D4'},{'D5'},{'R1'},,&,1.0,&
{'R2'},{'D1'},{'D2'},{'R3'},{'D7'},{'D3'},{'D6'},,,,&,1.0,&
{'R2'},{'D1'},{'D2'},{'R3'},{'D7'},{'D3'},{'D6'},{'R1'},,,&,1.0,&
{'R2'},{'D1'},{'D2'},{'R3'},{'D7'},{'D6'},{'R1'},{'D4'},{'D3'},,&,1.0,&
{'R2'},{'D1'},{'D2'},{'R3'},{'D7'},{'D6'},{'D4'},{'R1'},{'D3'},{'D5'},&,1.0,&
{'R2'},{'D1'},{'D2'},{'R3'},{'R1'},,,,,,&,8.0,&
{'R2'},{'D1'},{'D2'},{'R3'},{'R1'},{'D4'},,,,,&,2.0,&
{'R2'},{'D1'},{'D2'},{'R3'},{'R1'},{'D4'},{'D7'},,,,&,4.0,&
{'R2'},{'D1'},{'D2'},{'R3'},{'R1'},{'D4'},{'D7'},{'D6'},{'D3'},,&,1.0,&
{'R2'},{'D1'},{'D2'},{'R3'},{'R1'},{'D4'},{'D6'},,,,&,1.0,&
{'R2'},{'D1'},{'D2'},{'R3'},{'R1'},{'D3'},,,,,&,1.0,&
{'R2'},{'D1'},{'D2'},{'R3'},{'R1'},{'D3'},{'D7'},{'D4'},,,&,1.0,&
{'R2'},{'D1'},{'D2'},{'R3'},{'R1'},{'D3'},{'D4'},,,,&,1.0,&
{'R2'},{'D1'},{'D2'},{'R3'},{'R1'},{'D5'},,,,,&,1.0,&
{'R2'},{'D1'},{'D2'},{'R3'},{'R1'},{'D5'},{'D4'},{'D7'},,,&,1.0,&
{'R2'},{'D1'},{'D2'},{'R3'},{'R1'},{'D7'},,,,,&,5.0,&
{'R2'},{'D1'},{'D2'},{'R3'},{'R1'},{'D7'},{'D3'},,,,&,2.0,&
{'R2'},{'D1'},{'D2'},{'R3'},{'R1'},{'D7'},{'D3'},{'D4'},,,&,2.0,&
{'R2'},{'D1'},{'D2'},{'R3'},{'R1'},{'D7'},{'D4'},,,,&,1.0,&
{'R2'},{'D1'},{'D2'},{'R3'},{'R1'},{'D7'},{'D4'},{'D6'},,,&,2.0,&
{'R2'},{'D1'},{'D2'},{'R3'},{'R1'},{'D7'},{'D4'},{'D6'},{'D5'},,&,1.0,&
{'R2'},{'D1'},{'D2'},{'R3'},{'R1'},{'D7'},{'D4'},{'D6'},{'D5'},{'D3'},&,1.0,&
{'R2'},{'D1'},{'D2'},{'R3'},{'R1'},{'D7'},{'D4'},{'D6'},{'D3'},{'D5'},&,1.0,&
{'R2'},{'D1'},{'D2'},{'R3'},{'R1'},{'D7'},{'D4'},{'D3'},{'D6'},,&,1.0,&
{'R2'},{'D1'},{'D2'},{'R3'},{'R1'},{'D7'},{'D4'},{'D3'},{'D5'},,&,1.0,&
{'R2'},{'D1'},{'D2'},{'R3'},{'R1'},{'D7'},{'D6'},,,,&,1.0,&
{'R2'},{'D1'},{'D2'},{'R3'},{'R1'},{'D6'},{'D7'},,,,&,1.0,&
{'R2'},{'D1'},{'D2'},{'R3'},{'R1'},{'D6'},{'D7'},{'D3'},{'D4'},,&,1.0,&
{'R2'},{'D1'},{'D2'},{'R3'},{'D4'},,,,,,&,1.0,&
{'R2'},{'D1'},{'D2'},{'R3'},{'D4'},{'R1'},,,,,&,2.0,&
{'R2'},{'D1'},{'D2'},{'R3'},{'D4'},{'R1'},{'D7'},,,,&,2.0,&
{'R2'},{'D1'},{'D2'},{'R3'},{'D4'},{'R1'},{'D6'},,,,&,1.0,&
{'R2'},{'D1'},{'D2'},{'R3'},{'D4'},{'D7'},{'R1'},{'D6'},{'D3'},,&,1.0,&
{'R2'},{'D1'},{'D2'},{'R3'},{'D4'},{'D7'},{'R1'},{'D3'},,,&,1.0,&
{'R2'},{'D1'},{'D2'},{'R3'},{'D4'},{'D7'},{'D6'},,,,&,1.0,&
{'R2'},{'D1'},{'D2'},{'R3'},{'D4'},{'D6'},{'R1'},{'D7'},{'D3'},{'D5'},&,1.0,&
{'R2'},{'D1'},{'D2'},{'R3'},{'D6'},,,,,,&,1.0,&
{'R2'},{'D1'},{'D2'},{'R3'},{'D3'},,,,,,&,1.0,&
{'R2'},{'D1'},{'D2'},{'R3'},{'D3'},{'R1'},{'D7'},{'D4'},{'D6'},{'D5'},&,1.0,&
{'R2'},{'D1'},{'D2'},{'R3'},{'D3'},{'D7'},{'D5'},{'D6'},,,&,1.0,&
{'R2'},{'D1'},{'D2'},{'R3'},{'D3'},{'D6'},{'R1'},{'D4'},,,&,1.0,&
{'R2'},{'D1'},{'D2'},{'R3'},{'D5'},{'R1'},{'D7'},,,,&,1.0,&
{'R2'},{'D1'},{'D2'},{'R3'},{'D5'},{'D7'},{'D3'},{'D6'},,,&,1.0,&
{'R2'},{'D1'},{'D2'},{'R1'},,,,,,,&,2.0,&
{'R2'},{'D1'},{'D2'},{'R1'},{'D7'},,,,,,&,1.0,&
{'R2'},{'D1'},{'D2'},{'R1'},{'D7'},{'D4'},{'R3'},,,,&,1.0,&
{'R2'},{'D1'},{'D2'},{'R1'},{'R3'},,,,,,&,3.0,&
{'R2'},{'D1'},{'D2'},{'R1'},{'R3'},{'D7'},,,,,&,1.0,&
{'R2'},{'D1'},{'D2'},{'R1'},{'R3'},{'D7'},{'D4'},,,,&,1.0,&
{'R2'},{'D1'},{'D2'},{'R1'},{'R3'},{'D7'},{'D4'},{'D6'},{'D3'},{'D5'},&,1.0,&
{'R2'},{'D1'},{'D2'},{'R1'},{'R3'},{'D7'},{'D4'},{'D3'},{'D5'},,&,1.0,&
{'R2'},{'D1'},{'D2'},{'R1'},{'D4'},{'R3'},,,,,&,1.0,&
{'R2'},{'D1'},{'D2'},{'R1'},{'D3'},,,,,,&,1.0,&
{'R2'},{'D1'},{'D2'},{'R1'},{'D3'},{'D4'},{'R3'},{'D7'},,,&,1.0,&
{'R2'},{'D1'},{'D2'},{'D7'},,,,,,,&,13.0,&
{'R2'},{'D1'},{'D2'},{'D7'},{'R3'},,,,,,&,6.0,&
{'R2'},{'D1'},{'D2'},{'D7'},{'R3'},{'D4'},,,,,&,5.0,&
{'R2'},{'D1'},{'D2'},{'D7'},{'R3'},{'D4'},{'D3'},,,,&,1.0,&
{'R2'},{'D1'},{'D2'},{'D7'},{'R3'},{'D4'},{'D3'},{'D6'},,,&,1.0,&
{'R2'},{'D1'},{'D2'},{'D7'},{'R3'},{'D4'},{'D3'},{'R1'},{'D5'},,&,1.0,&
{'R2'},{'D1'},{'D2'},{'D7'},{'R3'},{'D4'},{'R1'},,,,&,1.0,&
{'R2'},{'D1'},{'D2'},{'D7'},{'R3'},{'D4'},{'R1'},{'D6'},{'D3'},{'D5'},&,1.0,&
{'R2'},{'D1'},{'D2'},{'D7'},{'R3'},{'D4'},{'D5'},,,,&,1.0,&
{'R2'},{'D1'},{'D2'},{'D7'},{'R3'},{'D4'},{'D6'},{'D3'},,,&,1.0,&
{'R2'},{'D1'},{'D2'},{'D7'},{'R3'},{'R1'},,,,,&,4.0,&
{'R2'},{'D1'},{'D2'},{'D7'},{'R3'},{'R1'},{'D3'},{'D4'},{'D6'},,&,1.0,&
{'R2'},{'D1'},{'D2'},{'D7'},{'R3'},{'R1'},{'D3'},{'D4'},{'D5'},{'D6'},&,2.0,&
{'R2'},{'D1'},{'D2'},{'D7'},{'R3'},{'R1'},{'D4'},,,,&,1.0,&
{'R2'},{'D1'},{'D2'},{'D7'},{'R3'},{'R1'},{'D4'},{'D3'},,,&,1.0,&
{'R2'},{'D1'},{'D2'},{'D7'},{'R3'},{'R1'},{'D6'},,,,&,1.0,&
{'R2'},{'D1'},{'D2'},{'D7'},{'R3'},{'D3'},{'R1'},,,,&,1.0,&
{'R2'},{'D1'},{'D2'},{'D7'},{'R3'},{'D3'},{'D6'},,,,&,1.0,&
{'R2'},{'D1'},{'D2'},{'D7'},{'R3'},{'D3'},{'D6'},{'R1'},{'D4'},{'D5'},&,1.0,&
{'R2'},{'D1'},{'D2'},{'D7'},{'R3'},{'D5'},{'R1'},{'D4'},{'D6'},,&,1.0,&
{'R2'},{'D1'},{'D2'},{'D7'},{'R3'},{'D5'},{'R1'},{'D4'},{'D3'},{'D6'},&,1.0,&
{'R2'},{'D1'},{'D2'},{'D7'},{'R3'},{'D5'},{'D6'},{'D3'},{'D4'},{'R1'},&,1.0,&
{'R2'},{'D1'},{'D2'},{'D7'},{'R3'},{'D6'},{'R1'},{'D3'},,,&,1.0,&
{'R2'},{'D1'},{'D2'},{'D7'},{'R3'},{'D6'},{'R1'},{'D4'},,,&,1.0,&
{'R2'},{'D1'},{'D2'},{'D7'},{'R3'},{'D6'},{'D4'},{'D3'},,,&,1.0,&
{'R2'},{'D1'},{'D2'},{'D7'},{'D4'},,,,,,&,2.0,&
{'R2'},{'D1'},{'D2'},{'D7'},{'D4'},{'D3'},,,,,&,1.0,&
{'R2'},{'D1'},{'D2'},{'D7'},{'D4'},{'D3'},{'R1'},,,,&,1.0,&
{'R2'},{'D1'},{'D2'},{'D7'},{'D4'},{'D3'},{'R1'},{'R3'},{'D5'},,&,1.0,&
{'R2'},{'D1'},{'D2'},{'D7'},{'D4'},{'D3'},{'D5'},{'R3'},{'R1'},{'D6'},&,1.0,&
{'R2'},{'D1'},{'D2'},{'D7'},{'D4'},{'D3'},{'D6'},,,,&,1.0,&
{'R2'},{'D1'},{'D2'},{'D7'},{'D4'},{'D3'},{'D6'},{'D5'},{'R3'},,&,1.0,&
{'R2'},{'D1'},{'D2'},{'D7'},{'D4'},{'D3'},{'R3'},{'D5'},,,&,1.0,&
{'R2'},{'D1'},{'D2'},{'D7'},{'D4'},{'D3'},{'R3'},{'D5'},{'R1'},{'D6'},&,1.0,&
{'R2'},{'D1'},{'D2'},{'D7'},{'D4'},{'D5'},{'D3'},{'R3'},{'R1'},{'D6'},&,1.0,&
{'R2'},{'D1'},{'D2'},{'D7'},{'D4'},{'R3'},,,,,&,2.0,&
{'R2'},{'D1'},{'D2'},{'D7'},{'D4'},{'R3'},{'D3'},{'D6'},,,&,1.0,&
{'R2'},{'D1'},{'D2'},{'D7'},{'D4'},{'R3'},{'D3'},{'D6'},{'D5'},,&,1.0,&
{'R2'},{'D1'},{'D2'},{'D7'},{'D4'},{'R3'},{'R1'},,,,&,1.0,&
{'R2'},{'D1'},{'D2'},{'D7'},{'D4'},{'R3'},{'R1'},{'D6'},,,&,1.0,&
{'R2'},{'D1'},{'D2'},{'D7'},{'D4'},{'R3'},{'R1'},{'D6'},{'D3'},{'D5'},&,1.0,&
{'R2'},{'D1'},{'D2'},{'D7'},{'D4'},{'R3'},{'R1'},{'D3'},,,&,2.0,&
{'R2'},{'D1'},{'D2'},{'D7'},{'D4'},{'R3'},{'R1'},{'D3'},{'D6'},,&,1.0,&
{'R2'},{'D1'},{'D2'},{'D7'},{'D4'},{'R3'},{'R1'},{'D3'},{'D6'},{'D5'},&,1.0,&
{'R2'},{'D1'},{'D2'},{'D7'},{'D4'},{'R3'},{'D5'},{'R1'},,,&,1.0,&
{'R2'},{'D1'},{'D2'},{'D7'},{'D4'},{'R3'},{'D6'},,,,&,1.0,&
{'R2'},{'D1'},{'D2'},{'D7'},{'D4'},{'R3'},{'D6'},{'D3'},{'D5'},{'R1'},&,1.0,&
{'R2'},{'D1'},{'D2'},{'D7'},{'D4'},{'D6'},,,,,&,4.0,&
{'R2'},{'D1'},{'D2'},{'D7'},{'D4'},{'D6'},{'D3'},{'D5'},{'R3'},{'R1'},&,1.0,&
{'R2'},{'D1'},{'D2'},{'D7'},{'D4'},{'D6'},{'D3'},{'R3'},{'R1'},{'D5'},&,1.0,&
{'R2'},{'D1'},{'D2'},{'D7'},{'D4'},{'D6'},{'R1'},{'R3'},{'D3'},{'D5'},&,1.0,&
{'R2'},{'D1'},{'D2'},{'D7'},{'D4'},{'D6'},{'R3'},{'D3'},{'D5'},{'R1'},&,1.0,&
{'R2'},{'D1'},{'D2'},{'D7'},{'D4'},{'D6'},{'R3'},{'R1'},{'D3'},,&,1.0,&
{'R2'},{'D1'},{'D2'},{'D7'},{'D6'},,,,,,&,2.0,&
{'R2'},{'D1'},{'D2'},{'D7'},{'D6'},{'D4'},,,,,&,1.0,&
{'R2'},{'D1'},{'D2'},{'D7'},{'D6'},{'D4'},{'R1'},{'D3'},{'D5'},,&,1.0,&
{'R2'},{'D1'},{'D2'},{'D7'},{'D6'},{'D4'},{'R1'},{'R3'},{'D3'},,&,1.0,&
{'R2'},{'D1'},{'D2'},{'D7'},{'D6'},{'D3'},{'D4'},{'D5'},{'R3'},{'R1'},&,1.0,&
{'R2'},{'D1'},{'D2'},{'D7'},{'D6'},{'D3'},{'D4'},{'R3'},{'D5'},{'R1'},&,1.0,&
{'R2'},{'D1'},{'D2'},{'D7'},{'D6'},{'D3'},{'R3'},{'R1'},{'D4'},,&,1.0,&
{'R2'},{'D1'},{'D2'},{'D7'},{'D6'},{'R3'},{'D4'},{'D5'},{'R1'},,&,1.0,&
{'R2'},{'D1'},{'D2'},{'D7'},{'D6'},{'R3'},{'D4'},{'D3'},,,&,1.0,&
{'R2'},{'D1'},{'D2'},{'D7'},{'D3'},,,,,,&,1.0,&
{'R2'},{'D1'},{'D2'},{'D7'},{'D3'},{'D4'},,,,,&,1.0,&
{'R2'},{'D1'},{'D2'},{'D7'},{'D3'},{'D4'},{'R1'},,,,&,1.0,&
{'R2'},{'D1'},{'D2'},{'D7'},{'D3'},{'D4'},{'D6'},,,,&,1.0,&
{'R2'},{'D1'},{'D2'},{'D7'},{'D3'},{'D4'},{'D6'},{'R3'},{'R1'},,&,1.0,&
{'R2'},{'D1'},{'D2'},{'D7'},{'D3'},{'D4'},{'R3'},,,,&,1.0,&
{'R2'},{'D1'},{'D2'},{'D7'},{'D3'},{'D5'},{'D4'},{'R3'},{'D6'},{'R1'},&,1.0,&
{'R2'},{'D1'},{'D2'},{'D7'},{'D3'},{'R3'},,,,,&,1.0,&
{'R2'},{'D1'},{'D2'},{'D7'},{'D3'},{'R3'},{'R1'},,,,&,1.0,&
{'R2'},{'D1'},{'D2'},{'D7'},{'D3'},{'R3'},{'R1'},{'D6'},,,&,1.0,&
{'R2'},{'D1'},{'D2'},{'D7'},{'D3'},{'R3'},{'D6'},{'R1'},{'D4'},,&,1.0,&
{'R2'},{'D1'},{'D2'},{'D4'},,,,,,,&,7.0,&
{'R2'},{'D1'},{'D2'},{'D4'},{'D7'},,,,,,&,3.0,&
{'R2'},{'D1'},{'D2'},{'D4'},{'D7'},{'D3'},,,,,&,4.0,&
{'R2'},{'D1'},{'D2'},{'D4'},{'D7'},{'D3'},{'D5'},{'D6'},{'R3'},{'R1'},&,1.0,&
{'R2'},{'D1'},{'D2'},{'D4'},{'D7'},{'D3'},{'D6'},{'D5'},{'R3'},,&,1.0,&
{'R2'},{'D1'},{'D2'},{'D4'},{'D7'},{'D3'},{'D6'},{'R3'},,,&,2.0,&
{'R2'},{'D1'},{'D2'},{'D4'},{'D7'},{'D3'},{'R3'},{'D6'},{'D5'},{'R1'},&,1.0,&
{'R2'},{'D1'},{'D2'},{'D4'},{'D7'},{'R3'},{'D3'},{'D6'},{'D5'},{'R1'},&,1.0,&
{'R2'},{'D1'},{'D2'},{'D4'},{'D7'},{'R3'},{'R1'},{'D3'},,,&,1.0,&
{'R2'},{'D1'},{'D2'},{'D4'},{'D7'},{'R3'},{'D6'},{'D3'},{'R1'},,&,1.0,&
{'R2'},{'D1'},{'D2'},{'D4'},{'D7'},{'D6'},,,,,&,2.0,&
{'R2'},{'D1'},{'D2'},{'D4'},{'R1'},{'D3'},{'R3'},{'D7'},,,&,1.0,&
{'R2'},{'D1'},{'D2'},{'D4'},{'R3'},,,,,,&,4.0,&
{'R2'},{'D1'},{'D2'},{'D4'},{'R3'},{'R1'},,,,,&,1.0,&
{'R2'},{'D1'},{'D2'},{'D4'},{'R3'},{'R1'},{'D7'},,,,&,1.0,&
{'R2'},{'D1'},{'D2'},{'D4'},{'R3'},{'D7'},,,,,&,2.0,&
{'R2'},{'D1'},{'D2'},{'D4'},{'R3'},{'D7'},{'R1'},,,,&,1.0,&
{'R2'},{'D1'},{'D2'},{'D4'},{'R3'},{'D7'},{'D6'},{'R1'},{'D3'},,&,1.0,&
{'R2'},{'D1'},{'D2'},{'D4'},{'D6'},{'D7'},{'R1'},{'D3'},{'D5'},{'R3'},&,1.0,&
{'R2'},{'D1'},{'D2'},{'D4'},{'D6'},{'R3'},{'R1'},,,,&,1.0,&
{'R2'},{'D1'},{'D2'},{'D4'},{'D6'},{'R3'},{'R1'},{'D7'},,,&,1.0,&
{'R2'},{'D1'},{'D2'},{'D4'},{'D3'},,,,,,&,1.0,&
{'R2'},{'D1'},{'D2'},{'D4'},{'D3'},{'D7'},,,,,&,2.0,&
{'R2'},{'D1'},{'D2'},{'D4'},{'D3'},{'R3'},{'D7'},{'D6'},{'D5'},,&,1.0,&
{'R2'},{'D1'},{'D2'},{'D4'},{'D3'},{'R3'},{'D7'},{'R1'},,,&,1.0,&
{'R2'},{'D1'},{'D2'},{'D3'},,,,,,,&,2.0,&
{'R2'},{'D1'},{'D2'},{'D3'},{'D7'},,,,,,&,3.0,&
{'R2'},{'D1'},{'D2'},{'D3'},{'D7'},{'D4'},,,,,&,1.0,&
{'R2'},{'D1'},{'D2'},{'D3'},{'D7'},{'D4'},{'D6'},{'D5'},,,&,1.0,&
{'R2'},{'D1'},{'D2'},{'D3'},{'D7'},{'R3'},{'R1'},{'D4'},,,&,1.0,&
{'R2'},{'D1'},{'D2'},{'D3'},{'D7'},{'R3'},{'D4'},{'R1'},,,&,1.0,&
{'R2'},{'D1'},{'D2'},{'D3'},{'D7'},{'R3'},{'D6'},{'R1'},{'D5'},,&,1.0,&
{'R2'},{'D1'},{'D2'},{'D3'},{'D7'},{'D6'},{'D4'},{'D5'},,,&,1.0,&
{'R2'},{'D1'},{'D2'},{'D3'},{'R1'},{'D7'},{'D4'},{'D6'},{'R3'},{'D5'},&,1.0,&
{'R2'},{'D1'},{'D2'},{'D3'},{'R1'},{'R3'},{'D7'},,,,&,1.0,&
{'R2'},{'D1'},{'D2'},{'D3'},{'R3'},{'D4'},{'D7'},{'D6'},{'R1'},,&,1.0,&
{'R2'},{'D1'},{'D2'},{'D3'},{'R3'},{'R1'},,,,,&,1.0,&
{'R2'},{'D1'},{'D2'},{'D3'},{'R3'},{'D7'},{'R1'},{'D6'},{'D4'},{'D5'},&,1.0,&
{'R2'},{'D1'},{'D2'},{'D3'},{'R3'},{'D7'},{'R1'},{'D4'},,,&,1.0,&
{'R2'},{'D1'},{'D2'},{'D3'},{'R3'},{'D7'},{'D4'},{'D5'},{'R1'},,&,1.0,&
{'R2'},{'D1'},{'D2'},{'D3'},{'D4'},{'R3'},{'R1'},{'D7'},,,&,1.0,&
{'R2'},{'D1'},{'D2'},{'D3'},{'D4'},{'R3'},{'R1'},{'D7'},{'D6'},{'D5'},&,1.0,&
{'R2'},{'D1'},{'D2'},{'D3'},{'D6'},{'D4'},,,,,&,1.0,&
{'R2'},{'D1'},{'D2'},{'D6'},{'D7'},{'D5'},{'D4'},{'R3'},{'R1'},{'D3'},&,1.0,&
{'R2'},{'D1'},{'D2'},{'D6'},{'D7'},{'R3'},,,,,&,1.0,&
{'R2'},{'D1'},{'D2'},{'D6'},{'R1'},,,,,,&,1.0,&
{'R2'},{'D1'},{'D2'},{'D6'},{'R3'},{'R1'},,,,,&,1.0,&
{'R2'},{'D1'},{'D2'},{'D6'},{'D4'},{'D3'},{'D7'},{'R3'},{'D5'},{'R1'},&,1.0,&
{'R2'},{'D1'},{'D2'},{'D6'},{'D4'},{'D7'},{'D3'},{'R1'},,,&,1.0,&
{'R2'},{'D1'},{'D2'},{'D6'},{'D4'},{'D7'},{'D5'},,,,&,1.0,&
{'R2'},{'D1'},{'D2'},{'D5'},,,,,,,&,1.0,&
{'R2'},{'D1'},{'D2'},{'D5'},{'D7'},{'D4'},{'R3'},{'D3'},,,&,1.0,&
{'R2'},{'D1'},{'D2'},{'D5'},{'D7'},{'R3'},{'D3'},{'D4'},,,&,1.0,&
{'R2'},{'D1'},{'D2'},{'D5'},{'D4'},{'R3'},,,,,&,1.0,&
{'R2'},{'D1'},{'D3'},,,,,,,,&,8.0,&
{'R2'},{'D1'},{'D3'},{'R3'},,,,,,,&,3.0,&
{'R2'},{'D1'},{'D3'},{'R3'},{'D7'},{'D2'},{'R1'},,,,&,1.0,&
{'R2'},{'D1'},{'D3'},{'R3'},{'R1'},,,,,,&,1.0,&
{'R2'},{'D1'},{'D3'},{'R3'},{'R1'},{'D7'},{'D2'},,,,&,1.0,&
{'R2'},{'D1'},{'D3'},{'R3'},{'D2'},{'R1'},{'D7'},{'D4'},{'D5'},,&,1.0,&
{'R2'},{'D1'},{'D3'},{'R3'},{'D2'},{'R1'},{'D5'},{'D7'},{'D4'},{'D6'},&,1.0,&
{'R2'},{'D1'},{'D3'},{'R3'},{'D2'},{'R1'},{'D4'},{'D7'},{'D5'},{'D6'},&,1.0,&
{'R2'},{'D1'},{'D3'},{'R3'},{'D2'},{'D7'},{'D4'},{'D6'},,,&,1.0,&
{'R2'},{'D1'},{'D3'},{'R3'},{'D6'},{'R1'},{'D2'},{'D7'},,,&,1.0,&
{'R2'},{'D1'},{'D3'},{'D2'},,,,,,,&,2.0,&
{'R2'},{'D1'},{'D3'},{'D2'},{'D7'},{'D4'},,,,,&,1.0,&
{'R2'},{'D1'},{'D3'},{'D2'},{'D7'},{'D6'},{'D4'},{'D5'},,,&,1.0,&
{'R2'},{'D1'},{'D3'},{'D2'},{'R3'},{'D4'},{'R1'},{'D6'},{'D7'},{'D5'},&,1.0,&
{'R2'},{'D1'},{'D3'},{'D2'},{'R3'},{'R1'},,,,,&,1.0,&
{'R2'},{'D1'},{'D3'},{'D2'},{'R3'},{'D7'},,,,,&,2.0,&
{'R2'},{'D1'},{'D3'},{'R1'},{'D2'},{'D7'},{'D4'},,,,&,1.0,&
{'R2'},{'D1'},{'D3'},{'D7'},,,,,,,&,3.0,&
{'R2'},{'D1'},{'D3'},{'D7'},{'R3'},{'D2'},,,,,&,1.0,&
{'R2'},{'D1'},{'D3'},{'D7'},{'R3'},{'D6'},,,,,&,1.0,&
{'R2'},{'D1'},{'D3'},{'D7'},{'D2'},,,,,,&,3.0,&
{'R2'},{'D1'},{'D3'},{'D7'},{'D2'},{'D4'},,,,,&,1.0,&
{'R2'},{'D1'},{'D3'},{'D7'},{'D2'},{'D4'},{'D6'},{'R3'},{'R1'},,&,1.0,&
{'R2'},{'D1'},{'D3'},{'D7'},{'D2'},{'R3'},{'R1'},{'D4'},{'D6'},{'D5'},&,1.0,&
{'R2'},{'D1'},{'D3'},{'D6'},{'D2'},{'D7'},{'R3'},{'R1'},{'D4'},,&,1.0,&
{'R2'},{'D1'},{'D3'},{'D5'},{'D2'},{'R3'},{'D7'},,,,&,1.0,&
{'R2'},{'D1'},{'D6'},,,,,,,,&,5.0,&
{'R2'},{'D1'},{'D6'},{'R3'},,,,,,,&,1.0,&
{'R2'},{'D1'},{'D6'},{'R3'},{'D7'},,,,,,&,1.0,&
{'R2'},{'D1'},{'D6'},{'R3'},{'D7'},{'D4'},{'R1'},{'D2'},,,&,1.0,&
{'R2'},{'D1'},{'D6'},{'R3'},{'R1'},{'D7'},,,,,&,2.0,&
{'R2'},{'D1'},{'D6'},{'R3'},{'R1'},{'D7'},{'D2'},{'D3'},,,&,1.0,&
{'R2'},{'D1'},{'D6'},{'R3'},{'R1'},{'D7'},{'D2'},{'D4'},,,&,1.0,&
{'R2'},{'D1'},{'D6'},{'R3'},{'D2'},{'D7'},,,,,&,1.0,&
{'R2'},{'D1'},{'D6'},{'R3'},{'D2'},{'D7'},{'R1'},,,,&,1.0,&
{'R2'},{'D1'},{'D6'},{'R3'},{'D2'},{'D7'},{'R1'},{'D3'},,,&,1.0,&
{'R2'},{'D1'},{'D6'},{'R3'},{'D2'},{'D7'},{'D4'},{'D3'},{'R1'},{'D5'},&,1.0,&
{'R2'},{'D1'},{'D6'},{'R3'},{'D3'},{'D7'},{'R1'},{'D2'},,,&,1.0,&
{'R2'},{'D1'},{'D6'},{'R3'},{'D5'},{'D2'},,,,,&,1.0,&
{'R2'},{'D1'},{'D6'},{'R3'},{'D5'},{'D2'},{'R1'},{'D7'},,,&,1.0,&
{'R2'},{'D1'},{'D6'},{'D2'},{'D7'},{'D4'},{'D3'},{'R3'},{'D5'},{'R1'},&,2.0,&
{'R2'},{'D1'},{'D6'},{'D2'},{'D7'},{'D3'},{'D4'},{'R3'},{'R1'},{'D5'},&,1.0,&
{'R2'},{'D1'},{'D6'},{'D2'},{'D7'},{'R3'},{'D3'},{'D4'},,,&,1.0,&
{'R2'},{'D1'},{'D6'},{'D2'},{'R3'},{'R1'},{'D7'},,,,&,1.0,&
{'R2'},{'D1'},{'D6'},{'D2'},{'R3'},{'D7'},{'R1'},{'D4'},,,&,1.0,&
{'R2'},{'D1'},{'D6'},{'D2'},{'D4'},,,,,,&,1.0,&
{'R2'},{'D1'},{'D6'},{'D2'},{'D4'},{'D7'},,,,,&,1.0,&
{'R2'},{'D1'},{'D6'},{'D2'},{'D3'},{'D7'},{'D4'},{'D5'},{'R3'},{'R1'},&,1.0,&
{'R2'},{'D1'},{'D6'},{'R1'},,,,,,,&,1.0,&
{'R2'},{'D1'},{'D6'},{'R1'},{'R3'},{'D7'},{'D4'},{'D2'},{'D3'},{'D5'},&,1.0,&
{'R2'},{'D1'},{'D6'},{'D7'},,,,,,,&,1.0,&
{'R2'},{'D1'},{'D6'},{'D7'},{'R3'},{'R1'},{'D4'},{'D2'},{'D3'},,&,1.0,&
{'R2'},{'D1'},{'D6'},{'D7'},{'R3'},{'D2'},{'R1'},{'D5'},{'D3'},,&,1.0,&
{'R2'},{'D1'},{'D6'},{'D7'},{'R3'},{'D2'},{'D4'},{'R1'},,,&,1.0,&
{'R2'},{'D1'},{'D6'},{'D7'},{'D2'},,,,,,&,1.0,&
{'R2'},{'D1'},{'D6'},{'D7'},{'D2'},{'D4'},,,,,&,1.0,&
{'R2'},{'D1'},{'D6'},{'D4'},,,,,,,&,2.0,&
{'R2'},{'D1'},{'D6'},{'D4'},{'D7'},,,,,,&,1.0,&
{'R2'},{'D1'},{'D6'},{'D4'},{'D7'},{'D2'},{'D3'},{'D5'},{'R1'},{'R3'},&,1.0,&
{'R2'},{'D1'},{'D6'},{'D4'},{'D2'},{'D7'},{'D3'},{'D5'},{'R3'},{'R1'},&,1.0,&
{'R2'},{'D1'},{'D6'},{'D5'},{'D2'},{'R3'},{'D4'},,,,&,1.0,&
{'R2'},{'D1'},{'D5'},,,,,,,,&,1.0,&
{'R2'},{'D1'},{'D5'},{'R3'},{'R1'},{'D2'},{'D3'},{'D4'},,,&,1.0,&
{'R2'},{'D1'},{'D5'},{'R3'},{'R1'},{'D6'},{'D2'},{'D4'},{'D7'},,&,1.0,&
{'R2'},{'D1'},{'D5'},{'R1'},{'D4'},{'D2'},{'R3'},,,,&,1.0,&
{'R2'},{'D1'},{'D5'},{'D7'},{'R1'},{'D2'},{'D4'},{'D3'},{'D6'},{'R3'},&,1.0,&
{'R2'},{'D1'},{'D5'},{'D7'},{'D4'},{'R3'},{'D2'},{'R1'},{'D6'},,&,1.0,&
{'R2'},{'D1'},{'D5'},{'D7'},{'D2'},{'D3'},{'R3'},{'R1'},{'D4'},{'D6'},&,1.0,&
{'R2'},{'D1'},{'D5'},{'D4'},{'R3'},,,,,,&,1.0,&
{'R2'},,,,,,,,,,&,1129.0,&
{'R2'},{'R3'},{'D1'},,,,,,,,&,114.0,&
{'R2'},{'R3'},{'D1'},{'D2'},,,,,,,&,20.0,&
{'R2'},{'R3'},{'D1'},{'D2'},{'D7'},,,,,,&,4.0,&
{'R2'},{'R3'},{'D1'},{'D2'},{'D7'},{'D4'},,,,,&,3.0,&
{'R2'},{'R3'},{'D1'},{'D2'},{'D7'},{'D4'},{'R1'},,,,&,2.0,&
{'R2'},{'R3'},{'D1'},{'D2'},{'D7'},{'R1'},,,,,&,3.0,&
{'R2'},{'R3'},{'D1'},{'D2'},{'D7'},{'R1'},{'D3'},{'D4'},,,&,1.0,&
{'R2'},{'R3'},{'D1'},{'D2'},{'D7'},{'R1'},{'D4'},,,,&,1.0,&
{'R2'},{'R3'},{'D1'},{'D2'},{'D7'},{'R1'},{'D4'},{'D5'},,,&,1.0,&
{'R2'},{'R3'},{'D1'},{'D2'},{'D7'},{'R1'},{'D4'},{'D5'},{'D6'},{'D3'},&,1.0,&
{'R2'},{'R3'},{'D1'},{'D2'},{'D7'},{'R1'},{'D4'},{'D5'},{'D3'},{'D6'},&,1.0,&
{'R2'},{'R3'},{'D1'},{'D2'},{'D7'},{'R1'},{'D4'},{'D6'},,,&,1.0,&
{'R2'},{'R3'},{'D1'},{'D2'},{'D7'},{'R1'},{'D4'},{'D6'},{'D3'},{'D5'},&,1.0,&
{'R2'},{'R3'},{'D1'},{'D2'},{'D7'},{'R1'},{'D4'},{'D3'},,,&,1.0,&
{'R2'},{'R3'},{'D1'},{'D2'},{'D7'},{'R1'},{'D4'},{'D3'},{'D5'},,&,1.0,&
{'R2'},{'R3'},{'D1'},{'D2'},{'D7'},{'R1'},{'D6'},,,,&,2.0,&
{'R2'},{'R3'},{'D1'},{'D2'},{'D7'},{'R1'},{'D6'},{'D4'},,,&,1.0,&
{'R2'},{'R3'},{'D1'},{'D2'},{'D7'},{'R1'},{'D6'},{'D4'},{'D3'},,&,1.0,&
{'R2'},{'R3'},{'D1'},{'D2'},{'D7'},{'D3'},{'R1'},,,,&,1.0,&
{'R2'},{'R3'},{'D1'},{'D2'},{'D7'},{'D3'},{'R1'},{'D4'},{'D5'},{'D6'},&,1.0,&
{'R2'},{'R3'},{'D1'},{'D2'},{'D7'},{'D3'},{'D4'},,,,&,1.0,&
{'R2'},{'R3'},{'D1'},{'D2'},{'D7'},{'D3'},{'D4'},{'D6'},,,&,1.0,&
{'R2'},{'R3'},{'D1'},{'D2'},{'D7'},{'D5'},{'D3'},{'D4'},{'D6'},,&,1.0,&
{'R2'},{'R3'},{'D1'},{'D2'},{'D7'},{'D5'},{'R1'},{'D4'},{'D3'},{'D6'},&,1.0,&
{'R2'},{'R3'},{'D1'},{'D2'},{'D7'},{'D6'},,,,,&,1.0,&
{'R2'},{'R3'},{'D1'},{'D2'},{'D7'},{'D6'},{'D3'},{'D4'},{'R1'},,&,1.0,&
{'R2'},{'R3'},{'D1'},{'D2'},{'R1'},,,,,,&,7.0,&
{'R2'},{'R3'},{'D1'},{'D2'},{'R1'},{'D4'},,,,,&,3.0,&
{'R2'},{'R3'},{'D1'},{'D2'},{'R1'},{'D4'},{'D7'},,,,&,1.0,&
{'R2'},{'R3'},{'D1'},{'D2'},{'R1'},{'D4'},{'D7'},{'D3'},{'D6'},{'D5'},&,1.0,&
{'R2'},{'R3'},{'D1'},{'D2'},{'R1'},{'D3'},,,,,&,1.0,&
{'R2'},{'R3'},{'D1'},{'D2'},{'R1'},{'D3'},{'D7'},,,,&,1.0,&
{'R2'},{'R3'},{'D1'},{'D2'},{'R1'},{'D3'},{'D7'},{'D4'},,,&,1.0,&
{'R2'},{'R3'},{'D1'},{'D2'},{'R1'},{'D3'},{'D4'},{'D6'},,,&,1.0,&
{'R2'},{'R3'},{'D1'},{'D2'},{'R1'},{'D3'},{'D4'},{'D7'},{'D5'},{'D6'},&,1.0,&
{'R2'},{'R3'},{'D1'},{'D2'},{'R1'},{'D7'},,,,,&,4.0,&
{'R2'},{'R3'},{'D1'},{'D2'},{'R1'},{'D7'},{'D3'},,,,&,3.0,&
{'R2'},{'R3'},{'D1'},{'D2'},{'R1'},{'D7'},{'D3'},{'D4'},{'D6'},,&,1.0,&
{'R2'},{'R3'},{'D1'},{'D2'},{'R1'},{'D7'},{'D5'},{'D6'},,,&,1.0,&
{'R2'},{'R3'},{'D1'},{'D2'},{'R1'},{'D7'},{'D5'},{'D4'},,,&,2.0,&
{'R2'},{'R3'},{'D1'},{'D2'},{'R1'},{'D7'},{'D5'},{'D4'},{'D6'},,&,1.0,&
{'R2'},{'R3'},{'D1'},{'D2'},{'R1'},{'D7'},{'D4'},,,,&,4.0,&
{'R2'},{'R3'},{'D1'},{'D2'},{'R1'},{'D7'},{'D4'},{'D6'},,,&,1.0,&
{'R2'},{'R3'},{'D1'},{'D2'},{'R1'},{'D7'},{'D4'},{'D3'},,,&,1.0,&
{'R2'},{'R3'},{'D1'},{'D2'},{'R1'},{'D7'},{'D4'},{'D3'},{'D6'},,&,1.0,&
{'R2'},{'R3'},{'D1'},{'D2'},{'R1'},{'D7'},{'D4'},{'D3'},{'D6'},{'D5'},&,1.0,&
{'R2'},{'R3'},{'D1'},{'D2'},{'R1'},{'D7'},{'D6'},,,,&,1.0,&
{'R2'},{'R3'},{'D1'},{'D2'},{'R1'},{'D7'},{'D6'},{'D3'},{'D4'},{'D5'},&,1.0,&
{'R2'},{'R3'},{'D1'},{'D2'},{'R1'},{'D7'},{'D6'},{'D4'},{'D5'},{'D3'},&,1.0,&
{'R2'},{'R3'},{'D1'},{'D2'},{'R1'},{'D7'},{'D6'},{'D4'},{'D3'},,&,1.0,&
{'R2'},{'R3'},{'D1'},{'D2'},{'R1'},{'D6'},{'D7'},,,,&,1.0,&
{'R2'},{'R3'},{'D1'},{'D2'},{'D4'},,,,,,&,3.0,&
{'R2'},{'R3'},{'D1'},{'D2'},{'D4'},{'R1'},{'D7'},,,,&,1.0,&
{'R2'},{'R3'},{'D1'},{'D2'},{'D4'},{'R1'},{'D7'},{'D3'},,,&,1.0,&
{'R2'},{'R3'},{'D1'},{'D2'},{'D4'},{'D7'},{'R1'},,,,&,1.0,&
{'R2'},{'R3'},{'D1'},{'D2'},{'D4'},{'D7'},{'R1'},{'D3'},,,&,1.0,&
{'R2'},{'R3'},{'D1'},{'D2'},{'D4'},{'D7'},{'D6'},{'R1'},{'D3'},{'D5'},&,1.0,&
{'R2'},{'R3'},{'D1'},{'D2'},{'D4'},{'D6'},,,,,&,1.0,&
{'R2'},{'R3'},{'D1'},{'D2'},{'D6'},,,,,,&,2.0,&
{'R2'},{'R3'},{'D1'},{'D2'},{'D6'},{'R1'},{'D7'},,,,&,1.0,&
{'R2'},{'R3'},{'D1'},{'D2'},{'D6'},{'D7'},{'D3'},,,,&,1.0,&
{'R2'},{'R3'},{'D1'},{'D2'},{'D6'},{'D7'},{'D4'},,,,&,1.0,&
{'R2'},{'R3'},{'D1'},{'D2'},{'D3'},,,,,,&,1.0,&
{'R2'},{'R3'},{'D1'},{'D2'},{'D3'},{'D7'},,,,,&,1.0,&
{'R2'},{'R3'},{'D1'},{'D2'},{'D3'},{'D7'},{'R1'},,,,&,1.0,&
{'R2'},{'R3'},{'D1'},{'D2'},{'D3'},{'D7'},{'D4'},{'R1'},{'D6'},{'D5'},&,1.0,&
{'R2'},{'R3'},{'D1'},{'D2'},{'D3'},{'D6'},{'D7'},{'D5'},,,&,1.0,&
{'R2'},{'R3'},{'D1'},{'D2'},{'D5'},,,,,,&,1.0,&
{'R2'},{'R3'},{'D1'},{'D2'},{'D5'},{'D6'},{'R1'},{'D7'},{'D3'},{'D4'},&,1.0,&
{'R2'},{'R3'},{'D1'},{'R1'},,,,,,,&,37.0,&
{'R2'},{'R3'},{'D1'},{'R1'},{'D7'},,,,,,&,9.0,&
{'R2'},{'R3'},{'D1'},{'R1'},{'D7'},{'D4'},,,,,&,1.0,&
{'R2'},{'R3'},{'D1'},{'R1'},{'D7'},{'D4'},{'D2'},,,,&,2.0,&
{'R2'},{'R3'},{'D1'},{'R1'},{'D7'},{'D4'},{'D2'},{'D5'},{'D6'},{'D3'},&,1.0,&
{'R2'},{'R3'},{'D1'},{'R1'},{'D7'},{'D4'},{'D2'},{'D3'},,,&,1.0,&
{'R2'},{'R3'},{'D1'},{'R1'},{'D7'},{'D3'},{'D2'},{'D4'},{'D6'},{'D5'},&,1.0,&
{'R2'},{'R3'},{'D1'},{'R1'},{'D7'},{'D3'},{'D2'},{'D4'},{'D5'},{'D6'},&,1.0,&
{'R2'},{'R3'},{'D1'},{'R1'},{'D7'},{'D2'},,,,,&,2.0,&
{'R2'},{'R3'},{'D1'},{'R1'},{'D7'},{'D2'},{'D3'},{'D5'},,,&,1.0,&
{'R2'},{'R3'},{'D1'},{'R1'},{'D7'},{'D2'},{'D3'},{'D5'},{'D4'},{'D6'},&,1.0,&
{'R2'},{'R3'},{'D1'},{'R1'},{'D7'},{'D2'},{'D3'},{'D6'},{'D4'},{'D5'},&,1.0,&
{'R2'},{'R3'},{'D1'},{'R1'},{'D7'},{'D2'},{'D4'},,,,&,1.0,&
{'R2'},{'R3'},{'D1'},{'R1'},{'D7'},{'D2'},{'D4'},{'D5'},,,&,1.0,&
{'R2'},{'R3'},{'D1'},{'R1'},{'D7'},{'D2'},{'D4'},{'D3'},,,&,2.0,&
{'R2'},{'R3'},{'D1'},{'R1'},{'D7'},{'D2'},{'D4'},{'D3'},{'D6'},{'D5'},&,2.0,&
{'R2'},{'R3'},{'D1'},{'R1'},{'D7'},{'D2'},{'D6'},,,,&,2.0,&
{'R2'},{'R3'},{'D1'},{'R1'},{'D7'},{'D2'},{'D6'},{'D3'},{'D4'},,&,1.0,&
{'R2'},{'R3'},{'D1'},{'R1'},{'D7'},{'D2'},{'D6'},{'D4'},,,&,1.0,&
{'R2'},{'R3'},{'D1'},{'R1'},{'D7'},{'D2'},{'D6'},{'D4'},{'D3'},,&,1.0,&
{'R2'},{'R3'},{'D1'},{'R1'},{'D7'},{'D2'},{'D6'},{'D4'},{'D3'},{'D5'},&,1.0,&
{'R2'},{'R3'},{'D1'},{'R1'},{'D7'},{'D6'},{'D2'},{'D4'},,,&,1.0,&
{'R2'},{'R3'},{'D1'},{'R1'},{'D7'},{'D6'},{'D2'},{'D4'},{'D3'},{'D5'},&,1.0,&
{'R2'},{'R3'},{'D1'},{'R1'},{'D7'},{'D6'},{'D5'},,,,&,1.0,&
{'R2'},{'R3'},{'D1'},{'R1'},{'D4'},,,,,,&,2.0,&
{'R2'},{'R3'},{'D1'},{'R1'},{'D4'},{'D3'},{'D2'},{'D7'},{'D6'},{'D5'},&,1.0,&
{'R2'},{'R3'},{'D1'},{'R1'},{'D4'},{'D2'},{'D3'},,,,&,1.0,&
{'R2'},{'R3'},{'D1'},{'R1'},{'D4'},{'D2'},{'D7'},,,,&,2.0,&
{'R2'},{'R3'},{'D1'},{'R1'},{'D4'},{'D5'},{'D2'},{'D7'},{'D3'},,&,1.0,&
{'R2'},{'R3'},{'D1'},{'R1'},{'D4'},{'D7'},,,,,&,1.0,&
{'R2'},{'R3'},{'D1'},{'R1'},{'D4'},{'D7'},{'D2'},{'D5'},{'D6'},{'D3'},&,1.0,&
{'R2'},{'R3'},{'D1'},{'R1'},{'D4'},{'D7'},{'D2'},{'D3'},{'D6'},{'D5'},&,1.0,&
{'R2'},{'R3'},{'D1'},{'R1'},{'D4'},{'D6'},,,,,&,1.0,&
{'R2'},{'R3'},{'D1'},{'R1'},{'D4'},{'D6'},{'D2'},,,,&,1.0,&
{'R2'},{'R3'},{'D1'},{'R1'},{'D4'},{'D6'},{'D2'},{'D7'},,,&,1.0,&
{'R2'},{'R3'},{'D1'},{'R1'},{'D2'},,,,,,&,12.0,&
{'R2'},{'R3'},{'D1'},{'R1'},{'D2'},{'D4'},,,,,&,1.0,&
{'R2'},{'R3'},{'D1'},{'R1'},{'D2'},{'D4'},{'D7'},,,,&,1.0,&
{'R2'},{'R3'},{'D1'},{'R1'},{'D2'},{'D4'},{'D7'},{'D6'},{'D5'},,&,1.0,&
{'R2'},{'R3'},{'D1'},{'R1'},{'D2'},{'D4'},{'D7'},{'D3'},,,&,1.0,&
{'R2'},{'R3'},{'D1'},{'R1'},{'D2'},{'D3'},{'D7'},,,,&,1.0,&
{'R2'},{'R3'},{'D1'},{'R1'},{'D2'},{'D3'},{'D7'},{'D4'},{'D6'},,&,1.0,&
{'R2'},{'R3'},{'D1'},{'R1'},{'D2'},{'D3'},{'D7'},{'D4'},{'D5'},{'D6'},&,2.0,&
{'R2'},{'R3'},{'D1'},{'R1'},{'D2'},{'D7'},,,,,&,3.0,&
{'R2'},{'R3'},{'D1'},{'R1'},{'D2'},{'D7'},{'D3'},{'D4'},{'D6'},,&,1.0,&
{'R2'},{'R3'},{'D1'},{'R1'},{'D2'},{'D7'},{'D3'},{'D4'},{'D6'},{'D5'},&,1.0,&
{'R2'},{'R3'},{'D1'},{'R1'},{'D2'},{'D7'},{'D4'},,,,&,2.0,&
{'R2'},{'R3'},{'D1'},{'R1'},{'D2'},{'D7'},{'D4'},{'D5'},{'D6'},{'D3'},&,1.0,&
{'R2'},{'R3'},{'D1'},{'R1'},{'D2'},{'D7'},{'D4'},{'D6'},,,&,1.0,&
{'R2'},{'R3'},{'D1'},{'R1'},{'D2'},{'D7'},{'D4'},{'D6'},{'D3'},{'D5'},&,1.0,&
{'R2'},{'R3'},{'D1'},{'R1'},{'D2'},{'D7'},{'D4'},{'D3'},{'D6'},,&,1.0,&
{'R2'},{'R3'},{'D1'},{'R1'},{'D2'},{'D7'},{'D4'},{'D3'},{'D6'},{'D5'},&,1.0,&
{'R2'},{'R3'},{'D1'},{'R1'},{'D2'},{'D7'},{'D6'},,,,&,1.0,&
{'R2'},{'R3'},{'D1'},{'R1'},{'D2'},{'D6'},,,,,&,3.0,&
{'R2'},{'R3'},{'D1'},{'R1'},{'D2'},{'D6'},{'D7'},{'D3'},,,&,1.0,&
{'R2'},{'R3'},{'D1'},{'R1'},{'D2'},{'D6'},{'D7'},{'D4'},{'D3'},{'D5'},&,1.0,&
{'R2'},{'R3'},{'D1'},{'R1'},{'D2'},{'D6'},{'D4'},{'D3'},{'D7'},{'D5'},&,1.0,&
{'R2'},{'R3'},{'D1'},{'R1'},{'D6'},{'D3'},,,,,&,1.0,&
{'R2'},{'R3'},{'D1'},{'R1'},{'D6'},{'D3'},{'D2'},{'D7'},,,&,1.0,&
{'R2'},{'R3'},{'D1'},{'R1'},{'D6'},{'D2'},,,,,&,1.0,&
{'R2'},{'R3'},{'D1'},{'R1'},{'D6'},{'D2'},{'D7'},,,,&,1.0,&
{'R2'},{'R3'},{'D1'},{'R1'},{'D3'},,,,,,&,2.0,&
{'R2'},{'R3'},{'D1'},{'R1'},{'D3'},{'D4'},{'D2'},{'D6'},,,&,1.0,&
{'R2'},{'R3'},{'D1'},{'R1'},{'D3'},{'D2'},,,,,&,2.0,&
{'R2'},{'R3'},{'D1'},{'R1'},{'D3'},{'D2'},{'D7'},,,,&,1.0,&
{'R2'},{'R3'},{'D1'},{'R1'},{'D3'},{'D2'},{'D7'},{'D4'},,,&,1.0,&
{'R2'},{'R3'},{'D1'},{'R1'},{'D3'},{'D2'},{'D7'},{'D4'},{'D6'},{'D5'},&,1.0,&
{'R2'},{'R3'},{'D1'},{'R1'},{'D3'},{'D2'},{'D4'},,,,&,1.0,&
{'R2'},{'R3'},{'D1'},{'R1'},{'D3'},{'D7'},,,,,&,1.0,&
{'R2'},{'R3'},{'D1'},{'R1'},{'D5'},{'D2'},{'D3'},{'D7'},{'D4'},,&,1.0,&
{'R2'},{'R3'},{'D1'},{'R1'},{'D5'},{'D2'},{'D7'},{'D6'},,,&,1.0,&
{'R2'},{'R3'},{'D1'},{'D7'},,,,,,,&,17.0,&
{'R2'},{'R3'},{'D1'},{'D7'},{'R1'},,,,,,&,6.0,&
{'R2'},{'R3'},{'D1'},{'D7'},{'R1'},{'D4'},,,,,&,1.0,&
{'R2'},{'R3'},{'D1'},{'D7'},{'R1'},{'D4'},{'D2'},,,,&,1.0,&
{'R2'},{'R3'},{'D1'},{'D7'},{'R1'},{'D2'},,,,,&,3.0,&
{'R2'},{'R3'},{'D1'},{'D7'},{'R1'},{'D2'},{'D3'},{'D6'},{'D4'},,&,1.0,&
{'R2'},{'R3'},{'D1'},{'D7'},{'R1'},{'D2'},{'D3'},{'D4'},,,&,2.0,&
{'R2'},{'R3'},{'D1'},{'D7'},{'R1'},{'D2'},{'D5'},{'D3'},{'D4'},,&,1.0,&
{'R2'},{'R3'},{'D1'},{'D7'},{'R1'},{'D2'},{'D4'},,,,&,2.0,&
{'R2'},{'R3'},{'D1'},{'D7'},{'R1'},{'D2'},{'D4'},{'D5'},{'D3'},{'D6'},&,2.0,&
{'R2'},{'R3'},{'D1'},{'D7'},{'R1'},{'D2'},{'D4'},{'D6'},{'D3'},,&,1.0,&
{'R2'},{'R3'},{'D1'},{'D7'},{'R1'},{'D2'},{'D4'},{'D3'},,,&,1.0,&
{'R2'},{'R3'},{'D1'},{'D7'},{'R1'},{'D2'},{'D4'},{'D3'},{'D6'},{'D5'},&,1.0,&
{'R2'},{'R3'},{'D1'},{'D7'},{'R1'},{'D2'},{'D4'},{'D3'},{'D5'},,&,1.0,&
{'R2'},{'R3'},{'D1'},{'D7'},{'R1'},{'D2'},{'D6'},,,,&,2.0,&
{'R2'},{'R3'},{'D1'},{'D7'},{'R1'},{'D2'},{'D6'},{'D3'},,,&,1.0,&
{'R2'},{'R3'},{'D1'},{'D7'},{'R1'},{'D2'},{'D6'},{'D4'},,,&,1.0,&
{'R2'},{'R3'},{'D1'},{'D7'},{'R1'},{'D2'},{'D6'},{'D4'},{'D3'},,&,1.0,&
{'R2'},{'R3'},{'D1'},{'D7'},{'D4'},,,,,,&,5.0,&
{'R2'},{'R3'},{'D1'},{'D7'},{'D4'},{'R1'},{'D2'},{'D6'},{'D3'},{'D5'},&,1.0,&
{'R2'},{'R3'},{'D1'},{'D7'},{'D4'},{'R1'},{'D2'},{'D3'},{'D6'},,&,1.0,&
{'R2'},{'R3'},{'D1'},{'D7'},{'D4'},{'D3'},{'D2'},{'R1'},{'D6'},{'D5'},&,1.0,&
{'R2'},{'R3'},{'D1'},{'D7'},{'D4'},{'D2'},,,,,&,1.0,&
{'R2'},{'R3'},{'D1'},{'D7'},{'D4'},{'D2'},{'R1'},{'D3'},,,&,1.0,&
{'R2'},{'R3'},{'D1'},{'D7'},{'D2'},,,,,,&,6.0,&
{'R2'},{'R3'},{'D1'},{'D7'},{'D2'},{'D4'},,,,,&,2.0,&
{'R2'},{'R3'},{'D1'},{'D7'},{'D2'},{'D4'},{'R1'},,,,&,1.0,&
{'R2'},{'R3'},{'D1'},{'D7'},{'D2'},{'D4'},{'R1'},{'D6'},,,&,1.0,&
{'R2'},{'R3'},{'D1'},{'D7'},{'D2'},{'D4'},{'R1'},{'D6'},{'D3'},,&,1.0,&
{'R2'},{'R3'},{'D1'},{'D7'},{'D2'},{'R1'},,,,,&,2.0,&
{'R2'},{'R3'},{'D1'},{'D7'},{'D2'},{'R1'},{'D3'},,,,&,1.0,&
{'R2'},{'R3'},{'D1'},{'D7'},{'D2'},{'R1'},{'D3'},{'D6'},,,&,1.0,&
{'R2'},{'R3'},{'D1'},{'D7'},{'D2'},{'R1'},{'D3'},{'D4'},{'D6'},,&,1.0,&
{'R2'},{'R3'},{'D1'},{'D7'},{'D2'},{'R1'},{'D3'},{'D4'},{'D6'},{'D5'},&,1.0,&
{'R2'},{'R3'},{'D1'},{'D7'},{'D2'},{'R1'},{'D5'},{'D4'},{'D3'},{'D6'},&,1.0,&
{'R2'},{'R3'},{'D1'},{'D7'},{'D2'},{'R1'},{'D4'},,,,&,1.0,&
{'R2'},{'R3'},{'D1'},{'D7'},{'D2'},{'R1'},{'D4'},{'D6'},,,&,1.0,&
{'R2'},{'R3'},{'D1'},{'D7'},{'D2'},{'R1'},{'D4'},{'D6'},{'D3'},,&,1.0,&
{'R2'},{'R3'},{'D1'},{'D7'},{'D2'},{'R1'},{'D4'},{'D3'},,,&,1.0,&
{'R2'},{'R3'},{'D1'},{'D7'},{'D2'},{'R1'},{'D6'},,,,&,1.0,&
{'R2'},{'R3'},{'D1'},{'D7'},{'D2'},{'R1'},{'D6'},{'D3'},{'D4'},{'D5'},&,1.0,&
{'R2'},{'R3'},{'D1'},{'D7'},{'D2'},{'R1'},{'D6'},{'D4'},{'D3'},{'D5'},&,1.0,&
{'R2'},{'R3'},{'D1'},{'D7'},{'D2'},{'D3'},,,,,&,1.0,&
{'R2'},{'R3'},{'D1'},{'D7'},{'D2'},{'D3'},{'R1'},{'D4'},{'D6'},,&,1.0,&
{'R2'},{'R3'},{'D1'},{'D7'},{'D2'},{'D3'},{'D4'},{'D5'},{'R1'},{'D6'},&,1.0,&
{'R2'},{'R3'},{'D1'},{'D7'},{'D2'},{'D6'},,,,,&,2.0,&
{'R2'},{'R3'},{'D1'},{'D7'},{'D2'},{'D6'},{'D3'},,,,&,1.0,&
{'R2'},{'R3'},{'D1'},{'D7'},{'D2'},{'D6'},{'D3'},{'D4'},,,&,1.0,&
{'R2'},{'R3'},{'D1'},{'D7'},{'D2'},{'D6'},{'D4'},{'R1'},{'D3'},{'D5'},&,1.0,&
{'R2'},{'R3'},{'D1'},{'D7'},{'D6'},{'D4'},{'D3'},,,,&,1.0,&
{'R2'},{'R3'},{'D1'},{'D7'},{'D6'},{'R1'},{'D2'},,,,&,1.0,&
{'R2'},{'R3'},{'D1'},{'D7'},{'D6'},{'R1'},{'D4'},{'D2'},{'D3'},{'D5'},&,1.0,&
{'R2'},{'R3'},{'D1'},{'D7'},{'D6'},{'D2'},{'R1'},,,,&,1.0,&
{'R2'},{'R3'},{'D1'},{'D7'},{'D3'},{'D4'},{'R1'},{'D2'},,,&,1.0,&
{'R2'},{'R3'},{'D1'},{'D7'},{'D3'},{'D4'},{'D6'},{'R1'},,,&,1.0,&
{'R2'},{'R3'},{'D1'},{'D7'},{'D3'},{'D6'},{'R1'},{'D2'},{'D4'},{'D5'},&,1.0,&
{'R2'},{'R3'},{'D1'},{'D4'},,,,,,,&,3.0,&
{'R2'},{'R3'},{'D1'},{'D4'},{'D7'},{'R1'},{'D6'},{'D2'},{'D3'},{'D5'},&,1.0,&
{'R2'},{'R3'},{'D1'},{'D4'},{'D7'},{'D2'},{'R1'},,,,&,2.0,&
{'R2'},{'R3'},{'D1'},{'D4'},{'D7'},{'D2'},{'D6'},{'R1'},,,&,1.0,&
{'R2'},{'R3'},{'D1'},{'D4'},{'R1'},,,,,,&,2.0,&
{'R2'},{'R3'},{'D1'},{'D4'},{'R1'},{'D2'},,,,,&,2.0,&
{'R2'},{'R3'},{'D1'},{'D4'},{'R1'},{'D2'},{'D7'},,,,&,1.0,&
{'R2'},{'R3'},{'D1'},{'D4'},{'R1'},{'D2'},{'D7'},{'D5'},{'D3'},,&,1.0,&
{'R2'},{'R3'},{'D1'},{'D4'},{'R1'},{'D2'},{'D7'},{'D3'},,,&,1.0,&
{'R2'},{'R3'},{'D1'},{'D4'},{'R1'},{'D7'},,,,,&,1.0,&
{'R2'},{'R3'},{'D1'},{'D4'},{'R1'},{'D7'},{'D2'},,,,&,1.0,&
{'R2'},{'R3'},{'D1'},{'D4'},{'R1'},{'D7'},{'D2'},{'D6'},,,&,1.0,&
{'R2'},{'R3'},{'D1'},{'D4'},{'R1'},{'D7'},{'D2'},{'D3'},{'D5'},,&,1.0,&
{'R2'},{'R3'},{'D1'},{'D4'},{'R1'},{'D6'},{'D2'},{'D7'},,,&,1.0,&
{'R2'},{'R3'},{'D1'},{'D4'},{'D2'},,,,,,&,2.0,&
{'R2'},{'R3'},{'D1'},{'D4'},{'D2'},{'R1'},,,,,&,1.0,&
{'R2'},{'R3'},{'D1'},{'D4'},{'D2'},{'R1'},{'D7'},{'D3'},{'D6'},{'D5'},&,1.0,&
{'R2'},{'R3'},{'D1'},{'D4'},{'D2'},{'D3'},{'R1'},,,,&,1.0,&
{'R2'},{'R3'},{'D1'},{'D4'},{'D2'},{'D7'},,,,,&,1.0,&
{'R2'},{'R3'},{'D1'},{'D4'},{'D2'},{'D7'},{'R1'},{'D5'},,,&,1.0,&
{'R2'},{'R3'},{'D1'},{'D4'},{'D2'},{'D7'},{'R1'},{'D3'},,,&,2.0,&
{'R2'},{'R3'},{'D1'},{'D4'},{'D2'},{'D6'},{'R1'},,,,&,1.0,&
{'R2'},{'R3'},{'D1'},{'D4'},{'D6'},{'R1'},{'D7'},{'D2'},,,&,1.0,&
{'R2'},{'R3'},{'D1'},{'D3'},,,,,,,&,1.0,&
{'R2'},{'R3'},{'D1'},{'D3'},{'D7'},{'R1'},,,,,&,1.0,&
{'R2'},{'R3'},{'D1'},{'D3'},{'D7'},{'R1'},{'D2'},,,,&,1.0,&
{'R2'},{'R3'},{'D1'},{'D3'},{'R1'},,,,,,&,1.0,&
{'R2'},{'R3'},{'D1'},{'D3'},{'R1'},{'D4'},,,,,&,1.0,&
{'R2'},{'R3'},{'D1'},{'D3'},{'R1'},{'D2'},,,,,&,1.0,&
{'R2'},{'R3'},{'D1'},{'D3'},{'R1'},{'D7'},{'D4'},,,,&,1.0,&
{'R2'},{'R3'},{'D1'},{'D3'},{'D2'},,,,,,&,1.0,&
{'R2'},{'R3'},{'D1'},{'D6'},,,,,,,&,4.0,&
{'R2'},{'R3'},{'D1'},{'D6'},{'D7'},,,,,,&,2.0,&
{'R2'},{'R3'},{'D1'},{'D6'},{'D7'},{'D2'},,,,,&,1.0,&
{'R2'},{'R3'},{'D1'},{'D6'},{'D7'},{'D2'},{'R1'},,,,&,1.0,&
{'R2'},{'R3'},{'D1'},{'D6'},{'R1'},{'D4'},,,,,&,1.0,&
{'R2'},{'R3'},{'D1'},{'D6'},{'R1'},{'D2'},{'D7'},{'D4'},,,&,1.0,&
{'R2'},{'R3'},{'D1'},{'D6'},{'R1'},{'D7'},,,,,&,1.0,&
{'R2'},{'R3'},{'D1'},{'D6'},{'D4'},{'R1'},{'D2'},,,,&,1.0,&
{'R2'},{'R3'},{'D1'},{'D6'},{'D2'},,,,,,&,1.0,&
{'R2'},{'R3'},{'D1'},{'D6'},{'D2'},{'D4'},{'R1'},{'D7'},,,&,1.0,&
{'R2'},{'R3'},{'D1'},{'D6'},{'D2'},{'D7'},{'D4'},{'R1'},,,&,1.0,&
{'R2'},{'R3'},{'D1'},{'D6'},{'D2'},{'D7'},{'D4'},{'R1'},{'D3'},,&,1.0,&
{'R2'},{'R3'},{'D1'},{'D6'},{'D3'},{'D4'},{'D7'},{'D2'},{'D5'},{'R1'},&,1.0,&
{'R2'},{'R3'},{'D1'},{'D5'},{'R1'},,,,,,&,3.0,&
{'R2'},{'R3'},{'D1'},{'D5'},{'D2'},{'D7'},,,,,&,1.0,&
{'R2'},{'R3'},{'D4'},,,,,,,,&,46.0,&
{'R2'},{'R3'},{'D4'},{'D2'},,,,,,,&,9.0,&
{'R2'},{'R3'},{'D4'},{'D2'},{'D7'},,,,,,&,1.0,&
{'R2'},{'R3'},{'D4'},{'D2'},{'D7'},{'R1'},{'D1'},{'D6'},{'D3'},{'D5'},&,1.0,&
{'R2'},{'R3'},{'D4'},{'D2'},{'D7'},{'D1'},,,,,&,1.0,&
{'R2'},{'R3'},{'D4'},{'D2'},{'D7'},{'D1'},{'D3'},{'D6'},{'R1'},,&,1.0,&
{'R2'},{'R3'},{'D4'},{'D2'},{'D7'},{'D1'},{'D3'},{'R1'},,,&,1.0,&
{'R2'},{'R3'},{'D4'},{'D2'},{'D7'},{'D1'},{'D3'},{'R1'},{'D6'},{'D5'},&,1.0,&
{'R2'},{'R3'},{'D4'},{'D2'},{'D7'},{'D1'},{'R1'},,,,&,1.0,&
{'R2'},{'R3'},{'D4'},{'D2'},{'D7'},{'D1'},{'R1'},{'D6'},{'D3'},,&,1.0,&
{'R2'},{'R3'},{'D4'},{'D2'},{'D7'},{'D5'},{'D1'},{'D3'},{'D6'},{'R1'},&,1.0,&
{'R2'},{'R3'},{'D4'},{'D2'},{'R1'},{'D3'},{'D7'},,,,&,1.0,&
{'R2'},{'R3'},{'D4'},{'D2'},{'R1'},{'D1'},{'D7'},{'D3'},{'D6'},{'D5'},&,1.0,&
{'R2'},{'R3'},{'D4'},{'D2'},{'R1'},{'D7'},,,,,&,1.0,&
{'R2'},{'R3'},{'D4'},{'D2'},{'R1'},{'D7'},{'D3'},{'D1'},,,&,1.0,&
{'R2'},{'R3'},{'D4'},{'D2'},{'R1'},{'D7'},{'D1'},,,,&,2.0,&
{'R2'},{'R3'},{'D4'},{'D2'},{'R1'},{'D7'},{'D6'},,,,&,1.0,&
{'R2'},{'R3'},{'D4'},{'D2'},{'D1'},,,,,,&,5.0,&
{'R2'},{'R3'},{'D4'},{'D2'},{'D1'},{'R1'},,,,,&,1.0,&
{'R2'},{'R3'},{'D4'},{'D2'},{'D1'},{'D7'},{'R1'},{'D5'},{'D3'},{'D6'},&,1.0,&
{'R2'},{'R3'},{'D4'},{'D2'},{'D3'},{'D1'},{'D7'},,,,&,1.0,&
{'R2'},{'R3'},{'D4'},{'D2'},{'D5'},{'D1'},{'R1'},{'D6'},{'D7'},{'D3'},&,1.0,&
{'R2'},{'R3'},{'D4'},{'D1'},,,,,,,&,5.0,&
{'R2'},{'R3'},{'D4'},{'D1'},{'D7'},{'D2'},,,,,&,1.0,&
{'R2'},{'R3'},{'D4'},{'D1'},{'D7'},{'D2'},{'D5'},{'D6'},{'D3'},{'R1'},&,1.0,&
{'R2'},{'R3'},{'D4'},{'D1'},{'R1'},,,,,,&,2.0,&
{'R2'},{'R3'},{'D4'},{'D1'},{'R1'},{'D3'},,,,,&,1.0,&
{'R2'},{'R3'},{'D4'},{'D1'},{'R1'},{'D2'},{'D3'},,,,&,1.0,&
{'R2'},{'R3'},{'D4'},{'D1'},{'R1'},{'D2'},{'D3'},{'D7'},{'D5'},,&,1.0,&
{'R2'},{'R3'},{'D4'},{'D1'},{'R1'},{'D2'},{'D7'},,,,&,1.0,&
{'R2'},{'R3'},{'D4'},{'D1'},{'R1'},{'D2'},{'D7'},{'D6'},,,&,1.0,&
{'R2'},{'R3'},{'D4'},{'D1'},{'R1'},{'D2'},{'D7'},{'D6'},{'D3'},{'D5'},&,1.0,&
{'R2'},{'R3'},{'D4'},{'D1'},{'R1'},{'D7'},{'D2'},,,,&,1.0,&
{'R2'},{'R3'},{'D4'},{'D1'},{'R1'},{'D7'},{'D2'},{'D6'},{'D5'},,&,1.0,&
{'R2'},{'R3'},{'D4'},{'D1'},{'R1'},{'D7'},{'D2'},{'D3'},{'D6'},{'D5'},&,1.0,&
{'R2'},{'R3'},{'D4'},{'D1'},{'D2'},,,,,,&,1.0,&
{'R2'},{'R3'},{'D4'},{'D1'},{'D2'},{'R1'},{'D7'},,,,&,2.0,&
{'R2'},{'R3'},{'D4'},{'D1'},{'D2'},{'D7'},,,,,&,1.0,&
{'R2'},{'R3'},{'D4'},{'D1'},{'D3'},{'D2'},{'D7'},{'D6'},{'R1'},{'D5'},&,1.0,&
{'R2'},{'R3'},{'D4'},{'R1'},,,,,,,&,15.0,&
{'R2'},{'R3'},{'D4'},{'R1'},{'D7'},,,,,,&,4.0,&
{'R2'},{'R3'},{'D4'},{'R1'},{'D7'},{'D2'},,,,,&,2.0,&
{'R2'},{'R3'},{'D4'},{'R1'},{'D7'},{'D2'},{'D3'},,,,&,1.0,&
{'R2'},{'R3'},{'D4'},{'R1'},{'D7'},{'D2'},{'D1'},,,,&,1.0,&
{'R2'},{'R3'},{'D4'},{'R1'},{'D7'},{'D2'},{'D1'},{'D6'},,,&,2.0,&
{'R2'},{'R3'},{'D4'},{'R1'},{'D7'},{'D2'},{'D1'},{'D6'},{'D3'},{'D5'},&,1.0,&
{'R2'},{'R3'},{'D4'},{'R1'},{'D7'},{'D2'},{'D6'},{'D1'},{'D3'},{'D5'},&,1.0,&
{'R2'},{'R3'},{'D4'},{'R1'},{'D7'},{'D1'},{'D2'},{'D3'},{'D6'},{'D5'},&,1.0,&
{'R2'},{'R3'},{'D4'},{'R1'},{'D7'},{'D1'},{'D2'},{'D3'},{'D5'},{'D6'},&,2.0,&
{'R2'},{'R3'},{'D4'},{'R1'},{'D7'},{'D1'},{'D6'},,,,&,1.0,&
{'R2'},{'R3'},{'D4'},{'R1'},{'D7'},{'D6'},{'D2'},,,,&,1.0,&
{'R2'},{'R3'},{'D4'},{'R1'},{'D1'},,,,,,&,2.0,&
{'R2'},{'R3'},{'D4'},{'R1'},{'D1'},{'D2'},{'D7'},{'D6'},,,&,1.0,&
{'R2'},{'R3'},{'D4'},{'R1'},{'D1'},{'D2'},{'D6'},{'D3'},{'D7'},,&,1.0,&
{'R2'},{'R3'},{'D4'},{'R1'},{'D1'},{'D7'},,,,,&,1.0,&
{'R2'},{'R3'},{'D4'},{'R1'},{'D1'},{'D7'},{'D2'},,,,&,1.0,&
{'R2'},{'R3'},{'D4'},{'R1'},{'D1'},{'D6'},{'D7'},{'D3'},{'D2'},,&,1.0,&
{'R2'},{'R3'},{'D4'},{'R1'},{'D1'},{'D6'},{'D2'},{'D7'},,,&,1.0,&
{'R2'},{'R3'},{'D4'},{'R1'},{'D2'},,,,,,&,3.0,&
{'R2'},{'R3'},{'D4'},{'R1'},{'D2'},{'D3'},{'D7'},{'D1'},,,&,1.0,&
{'R2'},{'R3'},{'D4'},{'R1'},{'D2'},{'D3'},{'D7'},{'D1'},{'D6'},,&,1.0,&
{'R2'},{'R3'},{'D4'},{'R1'},{'D2'},{'D3'},{'D1'},{'D7'},{'D6'},,&,1.0,&
{'R2'},{'R3'},{'D4'},{'R1'},{'D2'},{'D3'},{'D1'},{'D7'},{'D6'},{'D5'},&,1.0,&
{'R2'},{'R3'},{'D4'},{'R1'},{'D2'},{'D1'},,,,,&,3.0,&
{'R2'},{'R3'},{'D4'},{'R1'},{'D2'},{'D1'},{'D6'},{'D7'},{'D3'},{'D5'},&,1.0,&
{'R2'},{'R3'},{'D4'},{'R1'},{'D2'},{'D7'},,,,,&,4.0,&
{'R2'},{'R3'},{'D4'},{'R1'},{'D2'},{'D7'},{'D6'},{'D1'},{'D3'},{'D5'},&,1.0,&
{'R2'},{'R3'},{'D4'},{'R1'},{'D3'},,,,,,&,1.0,&
{'R2'},{'R3'},{'D4'},{'R1'},{'D3'},{'D7'},{'D1'},{'D2'},{'D6'},{'D5'},&,1.0,&
{'R2'},{'R3'},{'D4'},{'D7'},,,,,,,&,4.0,&
{'R2'},{'R3'},{'D4'},{'D7'},{'R1'},,,,,,&,4.0,&
{'R2'},{'R3'},{'D4'},{'D7'},{'R1'},{'D3'},{'D1'},,,,&,1.0,&
{'R2'},{'R3'},{'D4'},{'D7'},{'R1'},{'D2'},,,,,&,1.0,&
{'R2'},{'R3'},{'D4'},{'D7'},{'R1'},{'D2'},{'D3'},{'D6'},,,&,1.0,&
{'R2'},{'R3'},{'D4'},{'D7'},{'R1'},{'D2'},{'D3'},{'D1'},{'D6'},,&,1.0,&
{'R2'},{'R3'},{'D4'},{'D7'},{'R1'},{'D2'},{'D1'},{'D6'},{'D3'},,&,1.0,&
{'R2'},{'R3'},{'D4'},{'D7'},{'R1'},{'D2'},{'D1'},{'D3'},{'D5'},{'D6'},&,1.0,&
{'R2'},{'R3'},{'D4'},{'D7'},{'R1'},{'D1'},,,,,&,2.0,&
{'R2'},{'R3'},{'D4'},{'D7'},{'R1'},{'D1'},{'D2'},,,,&,1.0,&
{'R2'},{'R3'},{'D4'},{'D7'},{'R1'},{'D1'},{'D2'},{'D3'},,,&,1.0,&
{'R2'},{'R3'},{'D4'},{'D7'},{'R1'},{'D1'},{'D6'},{'D2'},{'D3'},{'D5'},&,1.0,&
{'R2'},{'R3'},{'D4'},{'D7'},{'D1'},{'R1'},{'D2'},,,,&,1.0,&
{'R2'},{'R3'},{'D4'},{'D7'},{'D1'},{'D2'},,,,,&,2.0,&
{'R2'},{'R3'},{'D4'},{'D7'},{'D1'},{'D2'},{'D3'},,,,&,1.0,&
{'R2'},{'R3'},{'D4'},{'D7'},{'D1'},{'D2'},{'R1'},{'D3'},{'D6'},{'D5'},&,1.0,&
{'R2'},{'R3'},{'D4'},{'D7'},{'D2'},{'R1'},{'D1'},{'D3'},{'D6'},{'D5'},&,1.0,&
{'R2'},{'R3'},{'D4'},{'D7'},{'D2'},{'R1'},{'D6'},,,,&,1.0,&
{'R2'},{'R3'},{'D4'},{'D7'},{'D2'},{'D6'},{'R1'},,,,&,1.0,&
{'R2'},{'R3'},{'D4'},{'D7'},{'D6'},{'D1'},{'D2'},{'D3'},{'R1'},,&,1.0,&
{'R2'},{'R3'},{'D4'},{'D7'},{'D6'},{'D1'},{'R1'},{'D2'},{'D3'},,&,1.0,&
{'R2'},{'R3'},{'D4'},{'D7'},{'D3'},{'D2'},{'D1'},{'R1'},,,&,1.0,&
{'R2'},{'R3'},{'D4'},{'D3'},{'R1'},{'D7'},,,,,&,1.0,&
{'R2'},{'R3'},{'D4'},{'D3'},{'D1'},{'R1'},{'D7'},{'D2'},{'D6'},,&,1.0,&
{'R2'},{'R3'},{'D4'},{'D3'},{'D2'},{'D1'},{'D7'},{'D6'},,,&,1.0,&
{'R2'},{'R3'},{'D4'},{'D6'},,,,,,,&,1.0,&
{'R2'},{'R3'},{'D4'},{'D6'},{'D7'},{'D3'},{'R1'},,,,&,1.0,&
{'R2'},{'R3'},{'D4'},{'D6'},{'R1'},{'D1'},{'D3'},,,,&,1.0,&
{'R2'},{'R3'},{'D4'},{'D6'},{'R1'},{'D7'},{'D2'},{'D1'},{'D5'},{'D3'},&,1.0,&
{'R2'},{'R3'},{'D4'},{'D6'},{'R1'},{'D7'},{'D1'},,,,&,1.0,&
{'R2'},{'R3'},,,,,,,,,&,469.0,&
{'R2'},{'R3'},{'D7'},,,,,,,,&,112.0,&
{'R2'},{'R3'},{'D7'},{'D2'},,,,,,,&,27.0,&
{'R2'},{'R3'},{'D7'},{'D2'},{'R1'},,,,,,&,16.0,&
{'R2'},{'R3'},{'D7'},{'D2'},{'R1'},{'D4'},,,,,&,4.0,&
{'R2'},{'R3'},{'D7'},{'D2'},{'R1'},{'D4'},{'D3'},{'D1'},{'D6'},,&,1.0,&
{'R2'},{'R3'},{'D7'},{'D2'},{'R1'},{'D4'},{'D1'},,,,&,1.0,&
{'R2'},{'R3'},{'D7'},{'D2'},{'R1'},{'D4'},{'D1'},{'D5'},{'D6'},{'D3'},&,1.0,&
{'R2'},{'R3'},{'D7'},{'D2'},{'R1'},{'D4'},{'D1'},{'D6'},{'D3'},,&,1.0,&
{'R2'},{'R3'},{'D7'},{'D2'},{'R1'},{'D4'},{'D1'},{'D3'},{'D5'},{'D6'},&,1.0,&
{'R2'},{'R3'},{'D7'},{'D2'},{'R1'},{'D3'},{'D1'},{'D4'},,,&,1.0,&
{'R2'},{'R3'},{'D7'},{'D2'},{'R1'},{'D3'},{'D1'},{'D4'},{'D6'},{'D5'},&,1.0,&
{'R2'},{'R3'},{'D7'},{'D2'},{'R1'},{'D3'},{'D4'},{'D1'},{'D6'},,&,1.0,&
{'R2'},{'R3'},{'D7'},{'D2'},{'R1'},{'D3'},{'D4'},{'D1'},{'D6'},{'D5'},&,2.0,&
{'R2'},{'R3'},{'D7'},{'D2'},{'R1'},{'D1'},,,,,&,3.0,&
{'R2'},{'R3'},{'D7'},{'D2'},{'R1'},{'D1'},{'D3'},,,,&,2.0,&
{'R2'},{'R3'},{'D7'},{'D2'},{'R1'},{'D1'},{'D3'},{'D5'},,,&,1.0,&
{'R2'},{'R3'},{'D7'},{'D2'},{'R1'},{'D1'},{'D4'},,,,&,3.0,&
{'R2'},{'R3'},{'D7'},{'D2'},{'R1'},{'D1'},{'D4'},{'D6'},,,&,1.0,&
{'R2'},{'R3'},{'D7'},{'D2'},{'R1'},{'D1'},{'D4'},{'D6'},{'D3'},{'D5'},&,1.0,&
{'R2'},{'R3'},{'D7'},{'D2'},{'R1'},{'D1'},{'D4'},{'D3'},,,&,2.0,&
{'R2'},{'R3'},{'D7'},{'D2'},{'R1'},{'D1'},{'D4'},{'D3'},{'D6'},,&,3.0,&
{'R2'},{'R3'},{'D7'},{'D2'},{'R1'},{'D1'},{'D6'},,,,&,1.0,&
{'R2'},{'R3'},{'D7'},{'D2'},{'R1'},{'D1'},{'D6'},{'D3'},,,&,1.0,&
{'R2'},{'R3'},{'D7'},{'D2'},{'R1'},{'D5'},,,,,&,1.0,&
{'R2'},{'R3'},{'D7'},{'D2'},{'R1'},{'D6'},,,,,&,1.0,&
{'R2'},{'R3'},{'D7'},{'D2'},{'R1'},{'D6'},{'D1'},{'D4'},,,&,1.0,&
{'R2'},{'R3'},{'D7'},{'D2'},{'D1'},,,,,,&,13.0,&
{'R2'},{'R3'},{'D7'},{'D2'},{'D1'},{'D4'},,,,,&,4.0,&
{'R2'},{'R3'},{'D7'},{'D2'},{'D1'},{'D4'},{'D3'},,,,&,1.0,&
{'R2'},{'R3'},{'D7'},{'D2'},{'D1'},{'D4'},{'D3'},{'D6'},{'D5'},,&,1.0,&
{'R2'},{'R3'},{'D7'},{'D2'},{'D1'},{'D4'},{'D3'},{'R1'},,,&,1.0,&
{'R2'},{'R3'},{'D7'},{'D2'},{'D1'},{'D4'},{'D3'},{'R1'},{'D6'},{'D5'},&,1.0,&
{'R2'},{'R3'},{'D7'},{'D2'},{'D1'},{'D4'},{'R1'},,,,&,1.0,&
{'R2'},{'R3'},{'D7'},{'D2'},{'D1'},{'D4'},{'R1'},{'D5'},{'D3'},{'D6'},&,1.0,&
{'R2'},{'R3'},{'D7'},{'D2'},{'D1'},{'D4'},{'R1'},{'D3'},,,&,1.0,&
{'R2'},{'R3'},{'D7'},{'D2'},{'D1'},{'D4'},{'R1'},{'D3'},{'D6'},{'D5'},&,1.0,&
{'R2'},{'R3'},{'D7'},{'D2'},{'D1'},{'D4'},{'D5'},{'R1'},{'D3'},{'D6'},&,1.0,&
{'R2'},{'R3'},{'D7'},{'D2'},{'D1'},{'D4'},{'D6'},{'D3'},,,&,1.0,&
{'R2'},{'R3'},{'D7'},{'D2'},{'D1'},{'R1'},,,,,&,4.0,&
{'R2'},{'R3'},{'D7'},{'D2'},{'D1'},{'R1'},{'D3'},,,,&,2.0,&
{'R2'},{'R3'},{'D7'},{'D2'},{'D1'},{'R1'},{'D3'},{'D4'},,,&,1.0,&
{'R2'},{'R3'},{'D7'},{'D2'},{'D1'},{'R1'},{'D3'},{'D4'},{'D6'},,&,1.0,&
{'R2'},{'R3'},{'D7'},{'D2'},{'D1'},{'R1'},{'D5'},,,,&,1.0,&
{'R2'},{'R3'},{'D7'},{'D2'},{'D1'},{'R1'},{'D4'},,,,&,1.0,&
{'R2'},{'R3'},{'D7'},{'D2'},{'D1'},{'R1'},{'D4'},{'D3'},,,&,1.0,&
{'R2'},{'R3'},{'D7'},{'D2'},{'D1'},{'R1'},{'D4'},{'D3'},{'D6'},,&,1.0,&
{'R2'},{'R3'},{'D7'},{'D2'},{'D1'},{'R1'},{'D4'},{'D3'},{'D5'},{'D6'},&,1.0,&
{'R2'},{'R3'},{'D7'},{'D2'},{'D1'},{'R1'},{'D6'},,,,&,1.0,&
{'R2'},{'R3'},{'D7'},{'D2'},{'D1'},{'R1'},{'D6'},{'D4'},{'D3'},,&,2.0,&
{'R2'},{'R3'},{'D7'},{'D2'},{'D1'},{'D3'},{'R1'},,,,&,2.0,&
{'R2'},{'R3'},{'D7'},{'D2'},{'D1'},{'D3'},{'D4'},{'D5'},,,&,1.0,&
{'R2'},{'R3'},{'D7'},{'D2'},{'D1'},{'D3'},{'D4'},{'R1'},,,&,1.0,&
{'R2'},{'R3'},{'D7'},{'D2'},{'D1'},{'D5'},{'R1'},{'D4'},{'D3'},,&,1.0,&
{'R2'},{'R3'},{'D7'},{'D2'},{'D1'},{'D6'},,,,,&,1.0,&
{'R2'},{'R3'},{'D7'},{'D2'},{'D1'},{'D6'},{'R1'},{'D3'},,,&,1.0,&
{'R2'},{'R3'},{'D7'},{'D2'},{'D4'},,,,,,&,2.0,&
{'R2'},{'R3'},{'D7'},{'D2'},{'D4'},{'R1'},,,,,&,5.0,&
{'R2'},{'R3'},{'D7'},{'D2'},{'D4'},{'R1'},{'D3'},{'D6'},{'D1'},,&,1.0,&
{'R2'},{'R3'},{'D7'},{'D2'},{'D4'},{'R1'},{'D1'},,,,&,1.0,&
{'R2'},{'R3'},{'D7'},{'D2'},{'D4'},{'R1'},{'D1'},{'D3'},{'D6'},,&,1.0,&
{'R2'},{'R3'},{'D7'},{'D2'},{'D4'},{'R1'},{'D1'},{'D3'},{'D6'},{'D5'},&,2.0,&
{'R2'},{'R3'},{'D7'},{'D2'},{'D4'},{'R1'},{'D5'},{'D6'},{'D1'},,&,1.0,&
{'R2'},{'R3'},{'D7'},{'D2'},{'D4'},{'D3'},{'R1'},,,,&,1.0,&
{'R2'},{'R3'},{'D7'},{'D2'},{'D4'},{'D1'},{'D3'},,,,&,2.0,&
{'R2'},{'R3'},{'D7'},{'D2'},{'D4'},{'D1'},{'R1'},{'D3'},{'D6'},{'D5'},&,1.0,&
{'R2'},{'R3'},{'D7'},{'D2'},{'D4'},{'D1'},{'D5'},{'R1'},{'D6'},,&,1.0,&
{'R2'},{'R3'},{'D7'},{'D2'},{'D6'},,,,,,&,2.0,&
{'R2'},{'R3'},{'D7'},{'D2'},{'D6'},{'D4'},,,,,&,1.0,&
{'R2'},{'R3'},{'D7'},{'D2'},{'D6'},{'D4'},{'D1'},{'R1'},,,&,1.0,&
{'R2'},{'R3'},{'D7'},{'D2'},{'D6'},{'R1'},,,,,&,1.0,&
{'R2'},{'R3'},{'D7'},{'D2'},{'D6'},{'R1'},{'D3'},{'D1'},{'D4'},{'D5'},&,1.0,&
{'R2'},{'R3'},{'D7'},{'D2'},{'D6'},{'R1'},{'D1'},,,,&,1.0,&
{'R2'},{'R3'},{'D7'},{'D2'},{'D6'},{'R1'},{'D1'},{'D4'},,,&,1.0,&
{'R2'},{'R3'},{'D7'},{'D2'},{'D6'},{'R1'},{'D1'},{'D4'},{'D3'},,&,1.0,&
{'R2'},{'R3'},{'D7'},{'D2'},{'D6'},{'R1'},{'D1'},{'D4'},{'D3'},{'D5'},&,1.0,&
{'R2'},{'R3'},{'D7'},{'D2'},{'D6'},{'D1'},,,,,&,2.0,&
{'R2'},{'R3'},{'D7'},{'D2'},{'D3'},{'R1'},{'D4'},{'D1'},,,&,1.0,&
{'R2'},{'R3'},{'D7'},{'D2'},{'D3'},{'D1'},{'D4'},,,,&,1.0,&
{'R2'},{'R3'},{'D7'},{'D2'},{'D3'},{'D1'},{'D4'},{'D5'},{'R1'},{'D6'},&,1.0,&
{'R2'},{'R3'},{'D7'},{'D2'},{'D3'},{'D1'},{'D4'},{'D6'},{'R1'},{'D5'},&,1.0,&
{'R2'},{'R3'},{'D7'},{'D2'},{'D3'},{'D1'},{'D4'},{'R1'},,,&,1.0,&
{'R2'},{'R3'},{'D7'},{'D2'},{'D3'},{'D6'},,,,,&,1.0,&
{'R2'},{'R3'},{'D7'},{'D2'},{'D5'},,,,,,&,1.0,&
{'R2'},{'R3'},{'D7'},{'D2'},{'D5'},{'D1'},{'D4'},{'R1'},,,&,1.0,&
{'R2'},{'R3'},{'D7'},{'D2'},{'D5'},{'D1'},{'D4'},{'R1'},{'D6'},,&,1.0,&
{'R2'},{'R3'},{'D7'},{'D1'},,,,,,,&,13.0,&
{'R2'},{'R3'},{'D7'},{'D1'},{'R1'},,,,,,&,10.0,&
{'R2'},{'R3'},{'D7'},{'D1'},{'R1'},{'D4'},,,,,&,3.0,&
{'R2'},{'R3'},{'D7'},{'D1'},{'R1'},{'D4'},{'D3'},{'D2'},{'D6'},,&,1.0,&
{'R2'},{'R3'},{'D7'},{'D1'},{'R1'},{'D4'},{'D2'},,,,&,2.0,&
{'R2'},{'R3'},{'D7'},{'D1'},{'R1'},{'D3'},,,,,&,1.0,&
{'R2'},{'R3'},{'D7'},{'D1'},{'R1'},{'D3'},{'D2'},{'D4'},{'D6'},,&,1.0,&
{'R2'},{'R3'},{'D7'},{'D1'},{'R1'},{'D2'},,,,,&,6.0,&
{'R2'},{'R3'},{'D7'},{'D1'},{'R1'},{'D2'},{'D3'},{'D4'},,,&,1.0,&
{'R2'},{'R3'},{'D7'},{'D1'},{'R1'},{'D2'},{'D5'},{'D4'},{'D3'},{'D6'},&,1.0,&
{'R2'},{'R3'},{'D7'},{'D1'},{'R1'},{'D2'},{'D4'},,,,&,1.0,&
{'R2'},{'R3'},{'D7'},{'D1'},{'R1'},{'D2'},{'D4'},{'D6'},,,&,3.0,&
{'R2'},{'R3'},{'D7'},{'D1'},{'R1'},{'D2'},{'D4'},{'D6'},{'D5'},,&,1.0,&
{'R2'},{'R3'},{'D7'},{'D1'},{'R1'},{'D2'},{'D4'},{'D6'},{'D3'},{'D5'},&,1.0,&
{'R2'},{'R3'},{'D7'},{'D1'},{'R1'},{'D2'},{'D4'},{'D3'},,,&,1.0,&
{'R2'},{'R3'},{'D7'},{'D1'},{'R1'},{'D2'},{'D4'},{'D3'},{'D6'},,&,1.0,&
{'R2'},{'R3'},{'D7'},{'D1'},{'R1'},{'D2'},{'D4'},{'D3'},{'D5'},{'D6'},&,1.0,&
{'R2'},{'R3'},{'D7'},{'D1'},{'R1'},{'D2'},{'D6'},,,,&,3.0,&
{'R2'},{'R3'},{'D7'},{'D1'},{'R1'},{'D2'},{'D6'},{'D5'},,,&,1.0,&
{'R2'},{'R3'},{'D7'},{'D1'},{'R1'},{'D2'},{'D6'},{'D3'},,,&,1.0,&
{'R2'},{'R3'},{'D7'},{'D1'},{'R1'},{'D2'},{'D6'},{'D3'},{'D4'},,&,1.0,&
{'R2'},{'R3'},{'D7'},{'D1'},{'R1'},{'D2'},{'D6'},{'D4'},,,&,1.0,&
{'R2'},{'R3'},{'D7'},{'D1'},{'R1'},{'D2'},{'D6'},{'D4'},{'D3'},,&,1.0,&
{'R2'},{'R3'},{'D7'},{'D1'},{'R1'},{'D2'},{'D6'},{'D4'},{'D3'},{'D5'},&,2.0,&
{'R2'},{'R3'},{'D7'},{'D1'},{'R1'},{'D6'},{'D3'},,,,&,1.0,&
{'R2'},{'R3'},{'D7'},{'D1'},{'R1'},{'D6'},{'D4'},{'D2'},,,&,1.0,&
{'R2'},{'R3'},{'D7'},{'D1'},{'D4'},,,,,,&,1.0,&
{'R2'},{'R3'},{'D7'},{'D1'},{'D4'},{'R1'},{'D2'},{'D6'},{'D3'},{'D5'},&,2.0,&
{'R2'},{'R3'},{'D7'},{'D1'},{'D4'},{'R1'},{'D6'},{'D2'},{'D3'},{'D5'},&,1.0,&
{'R2'},{'R3'},{'D7'},{'D1'},{'D4'},{'D3'},,,,,&,1.0,&
{'R2'},{'R3'},{'D7'},{'D1'},{'D4'},{'D2'},{'R1'},,,,&,3.0,&
{'R2'},{'R3'},{'D7'},{'D1'},{'D4'},{'D2'},{'R1'},{'D3'},,,&,1.0,&
{'R2'},{'R3'},{'D7'},{'D1'},{'D4'},{'D2'},{'D6'},,,,&,1.0,&
{'R2'},{'R3'},{'D7'},{'D1'},{'D4'},{'D2'},{'D6'},{'D3'},,,&,1.0,&
{'R2'},{'R3'},{'D7'},{'D1'},{'D2'},,,,,,&,4.0,&
{'R2'},{'R3'},{'D7'},{'D1'},{'D2'},{'D4'},{'D3'},,,,&,2.0,&
{'R2'},{'R3'},{'D7'},{'D1'},{'D2'},{'D4'},{'D3'},{'D5'},{'R1'},{'D6'},&,1.0,&
{'R2'},{'R3'},{'D7'},{'D1'},{'D2'},{'D4'},{'D3'},{'R1'},,,&,1.0,&
{'R2'},{'R3'},{'D7'},{'D1'},{'D2'},{'D4'},{'R1'},,,,&,1.0,&
{'R2'},{'R3'},{'D7'},{'D1'},{'D2'},{'D4'},{'R1'},{'D3'},,,&,1.0,&
{'R2'},{'R3'},{'D7'},{'D1'},{'D2'},{'D4'},{'R1'},{'D3'},{'D6'},{'D5'},&,1.0,&
{'R2'},{'R3'},{'D7'},{'D1'},{'D2'},{'R1'},,,,,&,1.0,&
{'R2'},{'R3'},{'D7'},{'D1'},{'D2'},{'R1'},{'D3'},,,,&,1.0,&
{'R2'},{'R3'},{'D7'},{'D1'},{'D2'},{'R1'},{'D3'},{'D4'},,,&,1.0,&
{'R2'},{'R3'},{'D7'},{'D1'},{'D2'},{'R1'},{'D3'},{'D4'},{'D6'},,&,1.0,&
{'R2'},{'R3'},{'D7'},{'D1'},{'D2'},{'R1'},{'D4'},,,,&,1.0,&
{'R2'},{'R3'},{'D7'},{'D1'},{'D2'},{'R1'},{'D4'},{'D3'},{'D6'},{'D5'},&,1.0,&
{'R2'},{'R3'},{'D7'},{'D1'},{'D2'},{'D3'},,,,,&,4.0,&
{'R2'},{'R3'},{'D7'},{'D1'},{'D2'},{'D3'},{'R1'},{'D5'},,,&,1.0,&
{'R2'},{'R3'},{'D7'},{'D1'},{'D2'},{'D3'},{'D4'},{'R1'},{'D6'},,&,1.0,&
{'R2'},{'R3'},{'D7'},{'D1'},{'D2'},{'D5'},{'R1'},{'D4'},,,&,1.0,&
{'R2'},{'R3'},{'D7'},{'D1'},{'D2'},{'D5'},{'D4'},{'D6'},{'D3'},,&,1.0,&
{'R2'},{'R3'},{'D7'},{'D1'},{'D2'},{'D6'},{'R1'},{'D4'},{'D3'},{'D5'},&,1.0,&
{'R2'},{'R3'},{'D7'},{'D1'},{'D2'},{'D6'},{'D4'},{'R1'},,,&,1.0,&
{'R2'},{'R3'},{'D7'},{'D1'},{'D6'},,,,,,&,3.0,&
{'R2'},{'R3'},{'D7'},{'D1'},{'D6'},{'D2'},{'D4'},,,,&,1.0,&
{'R2'},{'R3'},{'D7'},{'D1'},{'D3'},,,,,,&,1.0,&
{'R2'},{'R3'},{'D7'},{'D1'},{'D3'},{'D4'},{'D2'},,,,&,1.0,&
{'R2'},{'R3'},{'D7'},{'D1'},{'D3'},{'D2'},{'D4'},{'D6'},,,&,1.0,&
{'R2'},{'R3'},{'D7'},{'D1'},{'D5'},{'R1'},,,,,&,1.0,&
{'R2'},{'R3'},{'D7'},{'R1'},,,,,,,&,54.0,&
{'R2'},{'R3'},{'D7'},{'R1'},{'D1'},,,,,,&,16.0,&
{'R2'},{'R3'},{'D7'},{'R1'},{'D1'},{'D4'},{'D2'},,,,&,2.0,&
{'R2'},{'R3'},{'D7'},{'R1'},{'D1'},{'D3'},,,,,&,1.0,&
{'R2'},{'R3'},{'D7'},{'R1'},{'D1'},{'D3'},{'D2'},,,,&,1.0,&
{'R2'},{'R3'},{'D7'},{'R1'},{'D1'},{'D3'},{'D2'},{'D5'},{'D4'},{'D6'},&,1.0,&
{'R2'},{'R3'},{'D7'},{'R1'},{'D1'},{'D3'},{'D2'},{'D6'},{'D4'},,&,1.0,&
{'R2'},{'R3'},{'D7'},{'R1'},{'D1'},{'D3'},{'D4'},{'D6'},{'D2'},{'D5'},&,1.0,&
{'R2'},{'R3'},{'D7'},{'R1'},{'D1'},{'D2'},,,,,&,7.0,&
{'R2'},{'R3'},{'D7'},{'R1'},{'D1'},{'D2'},{'D3'},,,,&,2.0,&
{'R2'},{'R3'},{'D7'},{'R1'},{'D1'},{'D2'},{'D3'},{'D6'},,,&,1.0,&
{'R2'},{'R3'},{'D7'},{'R1'},{'D1'},{'D2'},{'D3'},{'D6'},{'D4'},{'D5'},&,1.0,&
{'R2'},{'R3'},{'D7'},{'R1'},{'D1'},{'D2'},{'D3'},{'D4'},{'D6'},,&,1.0,&
{'R2'},{'R3'},{'D7'},{'R1'},{'D1'},{'D2'},{'D3'},{'D4'},{'D6'},{'D5'},&,1.0,&
{'R2'},{'R3'},{'D7'},{'R1'},{'D1'},{'D2'},{'D4'},{'D5'},,,&,1.0,&
{'R2'},{'R3'},{'D7'},{'R1'},{'D1'},{'D2'},{'D4'},{'D5'},{'D3'},{'D6'},&,1.0,&
{'R2'},{'R3'},{'D7'},{'R1'},{'D1'},{'D2'},{'D4'},{'D6'},,,&,1.0,&
{'R2'},{'R3'},{'D7'},{'R1'},{'D1'},{'D2'},{'D4'},{'D3'},,,&,1.0,&
{'R2'},{'R3'},{'D7'},{'R1'},{'D1'},{'D2'},{'D4'},{'D3'},{'D6'},{'D5'},&,2.0,&
{'R2'},{'R3'},{'D7'},{'R1'},{'D1'},{'D2'},{'D6'},{'D3'},,,&,1.0,&
{'R2'},{'R3'},{'D7'},{'R1'},{'D1'},{'D2'},{'D6'},{'D4'},,,&,1.0,&
{'R2'},{'R3'},{'D7'},{'R1'},{'D1'},{'D6'},,,,,&,2.0,&
{'R2'},{'R3'},{'D7'},{'R1'},{'D1'},{'D6'},{'D2'},{'D5'},{'D3'},,&,1.0,&
{'R2'},{'R3'},{'D7'},{'R1'},{'D4'},,,,,,&,9.0,&
{'R2'},{'R3'},{'D7'},{'R1'},{'D4'},{'D3'},{'D2'},{'D6'},{'D1'},{'D5'},&,1.0,&
{'R2'},{'R3'},{'D7'},{'R1'},{'D4'},{'D3'},{'D2'},{'D1'},{'D6'},{'D5'},&,1.0,&
{'R2'},{'R3'},{'D7'},{'R1'},{'D4'},{'D2'},,,,,&,3.0,&
{'R2'},{'R3'},{'D7'},{'R1'},{'D4'},{'D2'},{'D3'},{'D1'},,,&,2.0,&
{'R2'},{'R3'},{'D7'},{'R1'},{'D4'},{'D2'},{'D3'},{'D1'},{'D6'},,&,1.0,&
{'R2'},{'R3'},{'D7'},{'R1'},{'D4'},{'D2'},{'D1'},,,,&,1.0,&
{'R2'},{'R3'},{'D7'},{'R1'},{'D4'},{'D2'},{'D1'},{'D6'},{'D3'},,&,1.0,&
{'R2'},{'R3'},{'D7'},{'R1'},{'D4'},{'D2'},{'D1'},{'D3'},{'D6'},,&,1.0,&
{'R2'},{'R3'},{'D7'},{'R1'},{'D4'},{'D2'},{'D1'},{'D3'},{'D6'},{'D5'},&,1.0,&
{'R2'},{'R3'},{'D7'},{'R1'},{'D4'},{'D2'},{'D6'},{'D3'},,,&,1.0,&
{'R2'},{'R3'},{'D7'},{'R1'},{'D4'},{'D1'},{'D3'},{'D2'},,,&,1.0,&
{'R2'},{'R3'},{'D7'},{'R1'},{'D4'},{'D1'},{'D2'},,,,&,2.0,&
{'R2'},{'R3'},{'D7'},{'R1'},{'D4'},{'D1'},{'D2'},{'D6'},{'D3'},{'D5'},&,1.0,&
{'R2'},{'R3'},{'D7'},{'R1'},{'D4'},{'D1'},{'D2'},{'D3'},{'D6'},{'D5'},&,1.0,&
{'R2'},{'R3'},{'D7'},{'R1'},{'D4'},{'D1'},{'D6'},{'D2'},{'D3'},{'D5'},&,1.0,&
{'R2'},{'R3'},{'D7'},{'R1'},{'D4'},{'D6'},,,,,&,1.0,&
{'R2'},{'R3'},{'D7'},{'R1'},{'D4'},{'D6'},{'D2'},{'D1'},,,&,2.0,&
{'R2'},{'R3'},{'D7'},{'R1'},{'D2'},,,,,,&,14.0,&
{'R2'},{'R3'},{'D7'},{'R1'},{'D2'},{'D4'},,,,,&,3.0,&
{'R2'},{'R3'},{'D7'},{'R1'},{'D2'},{'D4'},{'D3'},,,,&,1.0,&
{'R2'},{'R3'},{'D7'},{'R1'},{'D2'},{'D4'},{'D3'},{'D1'},{'D6'},{'D5'},&,1.0,&
{'R2'},{'R3'},{'D7'},{'R1'},{'D2'},{'D4'},{'D1'},,,,&,2.0,&
{'R2'},{'R3'},{'D7'},{'R1'},{'D2'},{'D4'},{'D5'},{'D1'},{'D6'},{'D3'},&,1.0,&
{'R2'},{'R3'},{'D7'},{'R1'},{'D2'},{'D4'},{'D6'},,,,&,1.0,&
{'R2'},{'R3'},{'D7'},{'R1'},{'D2'},{'D3'},,,,,&,1.0,&
{'R2'},{'R3'},{'D7'},{'R1'},{'D2'},{'D3'},{'D1'},{'D6'},{'D4'},,&,1.0,&
{'R2'},{'R3'},{'D7'},{'R1'},{'D2'},{'D3'},{'D1'},{'D4'},{'D6'},,&,1.0,&
{'R2'},{'R3'},{'D7'},{'R1'},{'D2'},{'D3'},{'D4'},{'D1'},{'D6'},{'D5'},&,2.0,&
{'R2'},{'R3'},{'D7'},{'R1'},{'D2'},{'D3'},{'D6'},{'D1'},,,&,1.0,&
{'R2'},{'R3'},{'D7'},{'R1'},{'D2'},{'D1'},,,,,&,10.0,&
{'R2'},{'R3'},{'D7'},{'R1'},{'D2'},{'D1'},{'D3'},{'D5'},{'D6'},{'D4'},&,1.0,&
{'R2'},{'R3'},{'D7'},{'R1'},{'D2'},{'D1'},{'D3'},{'D6'},{'D4'},{'D5'},&,1.0,&
{'R2'},{'R3'},{'D7'},{'R1'},{'D2'},{'D1'},{'D3'},{'D4'},{'D6'},{'D5'},&,1.0,&
{'R2'},{'R3'},{'D7'},{'R1'},{'D2'},{'D1'},{'D5'},{'D6'},,,&,1.0,&
{'R2'},{'R3'},{'D7'},{'R1'},{'D2'},{'D1'},{'D5'},{'D4'},,,&,1.0,&
{'R2'},{'R3'},{'D7'},{'R1'},{'D2'},{'D1'},{'D4'},,,,&,6.0,&
{'R2'},{'R3'},{'D7'},{'R1'},{'D2'},{'D1'},{'D4'},{'D5'},,,&,1.0,&
{'R2'},{'R3'},{'D7'},{'R1'},{'D2'},{'D1'},{'D4'},{'D3'},,,&,1.0,&
{'R2'},{'R3'},{'D7'},{'R1'},{'D2'},{'D1'},{'D4'},{'D3'},{'D6'},{'D5'},&,1.0,&
{'R2'},{'R3'},{'D7'},{'R1'},{'D2'},{'D1'},{'D4'},{'D3'},{'D5'},,&,1.0,&
{'R2'},{'R3'},{'D7'},{'R1'},{'D2'},{'D1'},{'D6'},{'D5'},,,&,1.0,&
{'R2'},{'R3'},{'D7'},{'R1'},{'D2'},{'D1'},{'D6'},{'D5'},{'D3'},{'D4'},&,1.0,&
{'R2'},{'R3'},{'D7'},{'R1'},{'D2'},{'D1'},{'D6'},{'D4'},{'D3'},,&,1.0,&
{'R2'},{'R3'},{'D7'},{'R1'},{'D2'},{'D5'},{'D1'},,,,&,1.0,&
{'R2'},{'R3'},{'D7'},{'R1'},{'D2'},{'D5'},{'D4'},,,,&,1.0,&
{'R2'},{'R3'},{'D7'},{'R1'},{'D2'},{'D6'},,,,,&,1.0,&
{'R2'},{'R3'},{'D7'},{'R1'},{'D2'},{'D6'},{'D1'},,,,&,1.0,&
{'R2'},{'R3'},{'D7'},{'R1'},{'D2'},{'D6'},{'D1'},{'D4'},,,&,1.0,&
{'R2'},{'R3'},{'D7'},{'R1'},{'D2'},{'D6'},{'D1'},{'D4'},{'D3'},{'D5'},&,1.0,&
{'R2'},{'R3'},{'D7'},{'R1'},{'D6'},{'D4'},{'D1'},,,,&,1.0,&
{'R2'},{'R3'},{'D7'},{'R1'},{'D6'},{'D4'},{'D1'},{'D2'},,,&,2.0,&
{'R2'},{'R3'},{'D7'},{'R1'},{'D6'},{'D4'},{'D1'},{'D2'},{'D3'},{'D5'},&,1.0,&
{'R2'},{'R3'},{'D7'},{'R1'},{'D6'},{'D2'},,,,,&,1.0,&
{'R2'},{'R3'},{'D7'},{'R1'},{'D6'},{'D2'},{'D1'},{'D4'},{'D5'},,&,1.0,&
{'R2'},{'R3'},{'D7'},{'R1'},{'D6'},{'D2'},{'D1'},{'D4'},{'D3'},{'D5'},&,1.0,&
{'R2'},{'R3'},{'D7'},{'R1'},{'D6'},{'D2'},{'D4'},{'D1'},,,&,1.0,&
{'R2'},{'R3'},{'D7'},{'R1'},{'D6'},{'D1'},,,,,&,1.0,&
{'R2'},{'R3'},{'D7'},{'R1'},{'D6'},{'D1'},{'D2'},,,,&,2.0,&
{'R2'},{'R3'},{'D7'},{'R1'},{'D6'},{'D1'},{'D5'},,,,&,1.0,&
{'R2'},{'R3'},{'D7'},{'R1'},{'D3'},,,,,,&,1.0,&
{'R2'},{'R3'},{'D7'},{'R1'},{'D3'},{'D2'},,,,,&,2.0,&
{'R2'},{'R3'},{'D7'},{'R1'},{'D3'},{'D2'},{'D1'},{'D4'},{'D6'},{'D5'},&,1.0,&
{'R2'},{'R3'},{'D7'},{'R1'},{'D3'},{'D2'},{'D4'},{'D1'},{'D6'},,&,1.0,&
{'R2'},{'R3'},{'D7'},{'R1'},{'D3'},{'D1'},,,,,&,1.0,&
{'R2'},{'R3'},{'D7'},{'R1'},{'D3'},{'D5'},{'D2'},,,,&,1.0,&
{'R2'},{'R3'},{'D7'},{'R1'},{'D5'},{'D4'},{'D2'},{'D3'},,,&,1.0,&
{'R2'},{'R3'},{'D7'},{'R1'},{'D5'},{'D2'},,,,,&,1.0,&
{'R2'},{'R3'},{'D7'},{'D4'},,,,,,,&,7.0,&
{'R2'},{'R3'},{'D7'},{'D4'},{'R1'},,,,,,&,7.0,&
{'R2'},{'R3'},{'D7'},{'D4'},{'R1'},{'D3'},{'D1'},{'D2'},,,&,1.0,&
{'R2'},{'R3'},{'D7'},{'D4'},{'R1'},{'D2'},,,,,&,3.0,&
{'R2'},{'R3'},{'D7'},{'D4'},{'R1'},{'D2'},{'D3'},,,,&,1.0,&
{'R2'},{'R3'},{'D7'},{'D4'},{'R1'},{'D2'},{'D3'},{'D6'},,,&,1.0,&
{'R2'},{'R3'},{'D7'},{'D4'},{'R1'},{'D2'},{'D1'},,,,&,1.0,&
{'R2'},{'R3'},{'D7'},{'D4'},{'R1'},{'D2'},{'D1'},{'D6'},,,&,1.0,&
{'R2'},{'R3'},{'D7'},{'D4'},{'R1'},{'D1'},,,,,&,3.0,&
{'R2'},{'R3'},{'D7'},{'D4'},{'R1'},{'D1'},{'D2'},,,,&,1.0,&
{'R2'},{'R3'},{'D7'},{'D4'},{'R1'},{'D1'},{'D2'},{'D3'},{'D5'},{'D6'},&,1.0,&
{'R2'},{'R3'},{'D7'},{'D4'},{'R1'},{'D6'},{'D5'},{'D2'},,,&,1.0,&
{'R2'},{'R3'},{'D7'},{'D4'},{'D1'},,,,,,&,2.0,&
{'R2'},{'R3'},{'D7'},{'D4'},{'D1'},{'R1'},,,,,&,4.0,&
{'R2'},{'R3'},{'D7'},{'D4'},{'D1'},{'R1'},{'D6'},{'D2'},,,&,1.0,&
{'R2'},{'R3'},{'D7'},{'D4'},{'D1'},{'D2'},{'R1'},{'D3'},,,&,1.0,&
{'R2'},{'R3'},{'D7'},{'D4'},{'D2'},,,,,,&,2.0,&
{'R2'},{'R3'},{'D7'},{'D4'},{'D2'},{'R1'},,,,,&,4.0,&
{'R2'},{'R3'},{'D7'},{'D4'},{'D2'},{'R1'},{'D1'},{'D5'},{'D3'},,&,1.0,&
{'R2'},{'R3'},{'D7'},{'D4'},{'D2'},{'R1'},{'D6'},,,,&,1.0,&
{'R2'},{'R3'},{'D7'},{'D4'},{'D2'},{'D1'},,,,,&,2.0,&
{'R2'},{'R3'},{'D7'},{'D4'},{'D2'},{'D1'},{'D3'},,,,&,1.0,&
{'R2'},{'R3'},{'D7'},{'D4'},{'D6'},{'R1'},{'D2'},,,,&,1.0,&
{'R2'},{'R3'},{'D7'},{'D4'},{'D3'},{'R1'},,,,,&,1.0,&
{'R2'},{'R3'},{'D7'},{'D4'},{'D3'},{'R1'},{'D1'},,,,&,1.0,&
{'R2'},{'R3'},{'D7'},{'D3'},,,,,,,&,4.0,&
{'R2'},{'R3'},{'D7'},{'D3'},{'R1'},,,,,,&,2.0,&
{'R2'},{'R3'},{'D7'},{'D3'},{'R1'},{'D4'},,,,,&,1.0,&
{'R2'},{'R3'},{'D7'},{'D3'},{'R1'},{'D4'},{'D1'},,,,&,1.0,&
{'R2'},{'R3'},{'D7'},{'D3'},{'R1'},{'D2'},{'D4'},,,,&,1.0,&
{'R2'},{'R3'},{'D7'},{'D3'},{'R1'},{'D2'},{'D6'},{'D4'},{'D1'},,&,1.0,&
{'R2'},{'R3'},{'D7'},{'D3'},{'D1'},,,,,,&,1.0,&
{'R2'},{'R3'},{'D7'},{'D3'},{'D2'},{'D4'},,,,,&,2.0,&
{'R2'},{'R3'},{'D7'},{'D3'},{'D2'},{'R1'},,,,,&,1.0,&
{'R2'},{'R3'},{'D7'},{'D3'},{'D2'},{'D1'},{'R1'},,,,&,1.0,&
{'R2'},{'R3'},{'D7'},{'D3'},{'D2'},{'D1'},{'D6'},{'D4'},,,&,1.0,&
{'R2'},{'R3'},{'D7'},{'D3'},{'D2'},{'D5'},{'R1'},{'D1'},,,&,1.0,&
{'R2'},{'R3'},{'D7'},{'D6'},,,,,,,&,5.0,&
{'R2'},{'R3'},{'D7'},{'D6'},{'R1'},,,,,,&,1.0,&
{'R2'},{'R3'},{'D7'},{'D6'},{'R1'},{'D4'},{'D2'},{'D1'},,,&,1.0,&
{'R2'},{'R3'},{'D7'},{'D6'},{'R1'},{'D2'},{'D1'},,,,&,1.0,&
{'R2'},{'R3'},{'D7'},{'D6'},{'R1'},{'D2'},{'D1'},{'D4'},,,&,1.0,&
{'R2'},{'R3'},{'D7'},{'D6'},{'D1'},{'R1'},{'D2'},{'D4'},{'D3'},,&,1.0,&
{'R2'},{'R3'},{'D7'},{'D6'},{'D1'},{'D2'},{'D4'},{'D3'},{'R1'},,&,1.0,&
{'R2'},{'R3'},{'D7'},{'D6'},{'D4'},{'R1'},,,,,&,1.0,&
{'R2'},{'R3'},{'D7'},{'D6'},{'D4'},{'D1'},{'D2'},{'D3'},{'D5'},{'R1'},&,1.0,&
{'R2'},{'R3'},{'D7'},{'D6'},{'D2'},,,,,,&,3.0,&
{'R2'},{'R3'},{'D7'},{'D6'},{'D2'},{'R1'},,,,,&,1.0,&
{'R2'},{'R3'},{'D7'},{'D6'},{'D2'},{'D1'},,,,,&,1.0,&
{'R2'},{'R3'},{'D7'},{'D5'},{'R1'},,,,,,&,1.0,&
{'R2'},{'R3'},{'D7'},{'D5'},{'R1'},{'D4'},,,,,&,2.0,&
{'R2'},{'R3'},{'D7'},{'D5'},{'R1'},{'D1'},{'D2'},{'D4'},{'D6'},{'D3'},&,1.0,&
{'R2'},{'R3'},{'D7'},{'D5'},{'R1'},{'D1'},{'D4'},,,,&,1.0,&
{'R2'},{'R3'},{'R1'},,,,,,,,&,641.0,&
{'R2'},{'R3'},{'R1'},{'D2'},,,,,,,&,100.0,&
{'R2'},{'R3'},{'R1'},{'D2'},{'D7'},,,,,,&,24.0,&
{'R2'},{'R3'},{'R1'},{'D2'},{'D7'},{'D4'},,,,,&,5.0,&
{'R2'},{'R3'},{'R1'},{'D2'},{'D7'},{'D4'},{'D3'},{'D1'},,,&,1.0,&
{'R2'},{'R3'},{'R1'},{'D2'},{'D7'},{'D4'},{'D1'},,,,&,5.0,&
{'R2'},{'R3'},{'R1'},{'D2'},{'D7'},{'D4'},{'D1'},{'D5'},,,&,1.0,&
{'R2'},{'R3'},{'R1'},{'D2'},{'D7'},{'D4'},{'D1'},{'D5'},{'D3'},,&,1.0,&
{'R2'},{'R3'},{'R1'},{'D2'},{'D7'},{'D4'},{'D1'},{'D6'},,,&,4.0,&
{'R2'},{'R3'},{'R1'},{'D2'},{'D7'},{'D4'},{'D1'},{'D6'},{'D5'},{'D3'},&,1.0,&
{'R2'},{'R3'},{'R1'},{'D2'},{'D7'},{'D4'},{'D1'},{'D6'},{'D3'},{'D5'},&,1.0,&
{'R2'},{'R3'},{'R1'},{'D2'},{'D7'},{'D4'},{'D1'},{'D3'},,,&,4.0,&
{'R2'},{'R3'},{'R1'},{'D2'},{'D7'},{'D4'},{'D1'},{'D3'},{'D6'},{'D5'},&,1.0,&
{'R2'},{'R3'},{'R1'},{'D2'},{'D7'},{'D4'},{'D6'},{'D1'},,,&,1.0,&
{'R2'},{'R3'},{'R1'},{'D2'},{'D7'},{'D3'},,,,,&,3.0,&
{'R2'},{'R3'},{'R1'},{'D2'},{'D7'},{'D3'},{'D1'},,,,&,4.0,&
{'R2'},{'R3'},{'R1'},{'D2'},{'D7'},{'D3'},{'D1'},{'D5'},{'D4'},{'D6'},&,1.0,&
{'R2'},{'R3'},{'R1'},{'D2'},{'D7'},{'D3'},{'D1'},{'D6'},,,&,1.0,&
{'R2'},{'R3'},{'R1'},{'D2'},{'D7'},{'D3'},{'D1'},{'D4'},,,&,2.0,&
{'R2'},{'R3'},{'R1'},{'D2'},{'D7'},{'D3'},{'D1'},{'D4'},{'D6'},{'D5'},&,1.0,&
{'R2'},{'R3'},{'R1'},{'D2'},{'D7'},{'D3'},{'D4'},,,,&,1.0,&
{'R2'},{'R3'},{'R1'},{'D2'},{'D7'},{'D3'},{'D4'},{'D5'},{'D6'},{'D1'},&,1.0,&
{'R2'},{'R3'},{'R1'},{'D2'},{'D7'},{'D3'},{'D4'},{'D5'},{'D1'},,&,1.0,&
{'R2'},{'R3'},{'R1'},{'D2'},{'D7'},{'D3'},{'D6'},,,,&,1.0,&
{'R2'},{'R3'},{'R1'},{'D2'},{'D7'},{'D3'},{'D6'},{'D1'},{'D4'},{'D5'},&,1.0,&
{'R2'},{'R3'},{'R1'},{'D2'},{'D7'},{'D1'},,,,,&,19.0,&
{'R2'},{'R3'},{'R1'},{'D2'},{'D7'},{'D1'},{'D3'},,,,&,2.0,&
{'R2'},{'R3'},{'R1'},{'D2'},{'D7'},{'D1'},{'D3'},{'D5'},,,&,1.0,&
{'R2'},{'R3'},{'R1'},{'D2'},{'D7'},{'D1'},{'D3'},{'D6'},{'D4'},,&,1.0,&
{'R2'},{'R3'},{'R1'},{'D2'},{'D7'},{'D1'},{'D3'},{'D6'},{'D4'},{'D5'},&,1.0,&
{'R2'},{'R3'},{'R1'},{'D2'},{'D7'},{'D1'},{'D3'},{'D4'},,,&,1.0,&
{'R2'},{'R3'},{'R1'},{'D2'},{'D7'},{'D1'},{'D3'},{'D4'},{'D6'},,&,1.0,&
{'R2'},{'R3'},{'R1'},{'D2'},{'D7'},{'D1'},{'D3'},{'D4'},{'D6'},{'D5'},&,4.0,&
{'R2'},{'R3'},{'R1'},{'D2'},{'D7'},{'D1'},{'D5'},,,,&,2.0,&
{'R2'},{'R3'},{'R1'},{'D2'},{'D7'},{'D1'},{'D5'},{'D3'},,,&,1.0,&
{'R2'},{'R3'},{'R1'},{'D2'},{'D7'},{'D1'},{'D4'},,,,&,9.0,&
{'R2'},{'R3'},{'R1'},{'D2'},{'D7'},{'D1'},{'D4'},{'D5'},,,&,1.0,&
{'R2'},{'R3'},{'R1'},{'D2'},{'D7'},{'D1'},{'D4'},{'D5'},{'D6'},,&,1.0,&
{'R2'},{'R3'},{'R1'},{'D2'},{'D7'},{'D1'},{'D4'},{'D6'},,,&,3.0,&
{'R2'},{'R3'},{'R1'},{'D2'},{'D7'},{'D1'},{'D4'},{'D6'},{'D3'},,&,1.0,&
{'R2'},{'R3'},{'R1'},{'D2'},{'D7'},{'D1'},{'D4'},{'D6'},{'D3'},{'D5'},&,6.0,&
{'R2'},{'R3'},{'R1'},{'D2'},{'D7'},{'D1'},{'D4'},{'D3'},,,&,3.0,&
{'R2'},{'R3'},{'R1'},{'D2'},{'D7'},{'D1'},{'D4'},{'D3'},{'D6'},,&,1.0,&
{'R2'},{'R3'},{'R1'},{'D2'},{'D7'},{'D1'},{'D4'},{'D3'},{'D6'},{'D5'},&,5.0,&
{'R2'},{'R3'},{'R1'},{'D2'},{'D7'},{'D1'},{'D4'},{'D3'},{'D5'},{'D6'},&,2.0,&
{'R2'},{'R3'},{'R1'},{'D2'},{'D7'},{'D1'},{'D6'},,,,&,5.0,&
{'R2'},{'R3'},{'R1'},{'D2'},{'D7'},{'D1'},{'D6'},{'D3'},{'D4'},{'D5'},&,2.0,&
{'R2'},{'R3'},{'R1'},{'D2'},{'D7'},{'D5'},,,,,&,2.0,&
{'R2'},{'R3'},{'R1'},{'D2'},{'D7'},{'D5'},{'D1'},,,,&,1.0,&
{'R2'},{'R3'},{'R1'},{'D2'},{'D7'},{'D5'},{'D1'},{'D4'},{'D6'},{'D3'},&,1.0,&
{'R2'},{'R3'},{'R1'},{'D2'},{'D7'},{'D5'},{'D4'},{'D3'},{'D1'},{'D6'},&,1.0,&
{'R2'},{'R3'},{'R1'},{'D2'},{'D7'},{'D5'},{'D4'},{'D1'},{'D3'},{'D6'},&,1.0,&
{'R2'},{'R3'},{'R1'},{'D2'},{'D7'},{'D6'},,,,,&,2.0,&
{'R2'},{'R3'},{'R1'},{'D2'},{'D7'},{'D6'},{'D1'},,,,&,2.0,&
{'R2'},{'R3'},{'R1'},{'D2'},{'D7'},{'D6'},{'D1'},{'D3'},,,&,1.0,&
{'R2'},{'R3'},{'R1'},{'D2'},{'D7'},{'D6'},{'D1'},{'D4'},,,&,2.0,&
{'R2'},{'R3'},{'R1'},{'D2'},{'D7'},{'D6'},{'D4'},{'D1'},{'D3'},,&,1.0,&
{'R2'},{'R3'},{'R1'},{'D2'},{'D1'},,,,,,&,29.0,&
{'R2'},{'R3'},{'R1'},{'D2'},{'D1'},{'D4'},,,,,&,9.0,&
{'R2'},{'R3'},{'R1'},{'D2'},{'D1'},{'D4'},{'D3'},,,,&,1.0,&
{'R2'},{'R3'},{'R1'},{'D2'},{'D1'},{'D4'},{'D7'},,,,&,4.0,&
{'R2'},{'R3'},{'R1'},{'D2'},{'D1'},{'D4'},{'D7'},{'D6'},,,&,1.0,&
{'R2'},{'R3'},{'R1'},{'D2'},{'D1'},{'D4'},{'D7'},{'D6'},{'D5'},,&,1.0,&
{'R2'},{'R3'},{'R1'},{'D2'},{'D1'},{'D4'},{'D7'},{'D6'},{'D3'},{'D5'},&,4.0,&
{'R2'},{'R3'},{'R1'},{'D2'},{'D1'},{'D4'},{'D7'},{'D3'},,,&,3.0,&
{'R2'},{'R3'},{'R1'},{'D2'},{'D1'},{'D4'},{'D7'},{'D3'},{'D6'},,&,1.0,&
{'R2'},{'R3'},{'R1'},{'D2'},{'D1'},{'D4'},{'D7'},{'D3'},{'D6'},{'D5'},&,1.0,&
{'R2'},{'R3'},{'R1'},{'D2'},{'D1'},{'D4'},{'D6'},,,,&,1.0,&
{'R2'},{'R3'},{'R1'},{'D2'},{'D1'},{'D3'},,,,,&,5.0,&
{'R2'},{'R3'},{'R1'},{'D2'},{'D1'},{'D3'},{'D7'},,,,&,5.0,&
{'R2'},{'R3'},{'R1'},{'D2'},{'D1'},{'D3'},{'D7'},{'D4'},{'D6'},,&,1.0,&
{'R2'},{'R3'},{'R1'},{'D2'},{'D1'},{'D3'},{'D4'},{'D7'},{'D6'},{'D5'},&,1.0,&
{'R2'},{'R3'},{'R1'},{'D2'},{'D1'},{'D5'},,,,,&,1.0,&
{'R2'},{'R3'},{'R1'},{'D2'},{'D1'},{'D7'},,,,,&,13.0,&
{'R2'},{'R3'},{'R1'},{'D2'},{'D1'},{'D7'},{'D3'},,,,&,4.0,&
{'R2'},{'R3'},{'R1'},{'D2'},{'D1'},{'D7'},{'D3'},{'D6'},,,&,1.0,&
{'R2'},{'R3'},{'R1'},{'D2'},{'D1'},{'D7'},{'D3'},{'D6'},{'D4'},{'D5'},&,1.0,&
{'R2'},{'R3'},{'R1'},{'D2'},{'D1'},{'D7'},{'D3'},{'D4'},,,&,3.0,&
{'R2'},{'R3'},{'R1'},{'D2'},{'D1'},{'D7'},{'D3'},{'D4'},{'D6'},{'D5'},&,1.0,&
{'R2'},{'R3'},{'R1'},{'D2'},{'D1'},{'D7'},{'D5'},,,,&,1.0,&
{'R2'},{'R3'},{'R1'},{'D2'},{'D1'},{'D7'},{'D5'},{'D4'},,,&,1.0,&
{'R2'},{'R3'},{'R1'},{'D2'},{'D1'},{'D7'},{'D4'},,,,&,6.0,&
{'R2'},{'R3'},{'R1'},{'D2'},{'D1'},{'D7'},{'D4'},{'D5'},,,&,1.0,&
{'R2'},{'R3'},{'R1'},{'D2'},{'D1'},{'D7'},{'D4'},{'D5'},{'D6'},{'D3'},&,1.0,&
{'R2'},{'R3'},{'R1'},{'D2'},{'D1'},{'D7'},{'D4'},{'D6'},,,&,3.0,&
{'R2'},{'R3'},{'R1'},{'D2'},{'D1'},{'D7'},{'D4'},{'D6'},{'D3'},{'D5'},&,2.0,&
{'R2'},{'R3'},{'R1'},{'D2'},{'D1'},{'D7'},{'D4'},{'D3'},,,&,3.0,&
{'R2'},{'R3'},{'R1'},{'D2'},{'D1'},{'D7'},{'D4'},{'D3'},{'D6'},{'D5'},&,3.0,&
{'R2'},{'R3'},{'R1'},{'D2'},{'D1'},{'D7'},{'D4'},{'D3'},{'D5'},,&,1.0,&
{'R2'},{'R3'},{'R1'},{'D2'},{'D1'},{'D7'},{'D6'},,,,&,2.0,&
{'R2'},{'R3'},{'R1'},{'D2'},{'D1'},{'D7'},{'D6'},{'D5'},,,&,1.0,&
{'R2'},{'R3'},{'R1'},{'D2'},{'D1'},{'D7'},{'D6'},{'D5'},{'D4'},{'D3'},&,1.0,&
{'R2'},{'R3'},{'R1'},{'D2'},{'D1'},{'D7'},{'D6'},{'D3'},{'D4'},{'D5'},&,3.0,&
{'R2'},{'R3'},{'R1'},{'D2'},{'D1'},{'D7'},{'D6'},{'D4'},,,&,2.0,&
{'R2'},{'R3'},{'R1'},{'D2'},{'D1'},{'D7'},{'D6'},{'D4'},{'D5'},{'D3'},&,1.0,&
{'R2'},{'R3'},{'R1'},{'D2'},{'D1'},{'D7'},{'D6'},{'D4'},{'D3'},,&,1.0,&
{'R2'},{'R3'},{'R1'},{'D2'},{'D1'},{'D7'},{'D6'},{'D4'},{'D3'},{'D5'},&,1.0,&
{'R2'},{'R3'},{'R1'},{'D2'},{'D1'},{'D6'},,,,,&,1.0,&
{'R2'},{'R3'},{'R1'},{'D2'},{'D1'},{'D6'},{'D7'},,,,&,3.0,&
{'R2'},{'R3'},{'R1'},{'D2'},{'D1'},{'D6'},{'D4'},{'D7'},,,&,2.0,&
{'R2'},{'R3'},{'R1'},{'D2'},{'D4'},,,,,,&,17.0,&
{'R2'},{'R3'},{'R1'},{'D2'},{'D4'},{'D3'},{'D7'},,,,&,2.0,&
{'R2'},{'R3'},{'R1'},{'D2'},{'D4'},{'D3'},{'D1'},,,,&,1.0,&
{'R2'},{'R3'},{'R1'},{'D2'},{'D4'},{'D3'},{'D1'},{'D7'},,,&,1.0,&
{'R2'},{'R3'},{'R1'},{'D2'},{'D4'},{'D1'},,,,,&,5.0,&
{'R2'},{'R3'},{'R1'},{'D2'},{'D4'},{'D1'},{'D3'},{'D6'},{'D7'},{'D5'},&,1.0,&
{'R2'},{'R3'},{'R1'},{'D2'},{'D4'},{'D1'},{'D7'},,,,&,1.0,&
{'R2'},{'R3'},{'R1'},{'D2'},{'D4'},{'D1'},{'D7'},{'D5'},,,&,1.0,&
{'R2'},{'R3'},{'R1'},{'D2'},{'D4'},{'D1'},{'D7'},{'D6'},,,&,1.0,&
{'R2'},{'R3'},{'R1'},{'D2'},{'D4'},{'D1'},{'D7'},{'D3'},,,&,1.0,&
{'R2'},{'R3'},{'R1'},{'D2'},{'D4'},{'D1'},{'D7'},{'D3'},{'D6'},,&,1.0,&
{'R2'},{'R3'},{'R1'},{'D2'},{'D4'},{'D1'},{'D7'},{'D3'},{'D6'},{'D5'},&,3.0,&
{'R2'},{'R3'},{'R1'},{'D2'},{'D4'},{'D1'},{'D5'},{'D6'},,,&,1.0,&
{'R2'},{'R3'},{'R1'},{'D2'},{'D4'},{'D7'},,,,,&,5.0,&
{'R2'},{'R3'},{'R1'},{'D2'},{'D4'},{'D7'},{'D3'},,,,&,2.0,&
{'R2'},{'R3'},{'R1'},{'D2'},{'D4'},{'D7'},{'D3'},{'D1'},,,&,1.0,&
{'R2'},{'R3'},{'R1'},{'D2'},{'D4'},{'D7'},{'D1'},,,,&,3.0,&
{'R2'},{'R3'},{'R1'},{'D2'},{'D4'},{'D7'},{'D1'},{'D5'},,,&,1.0,&
{'R2'},{'R3'},{'R1'},{'D2'},{'D4'},{'D7'},{'D1'},{'D5'},{'D3'},{'D6'},&,2.0,&
{'R2'},{'R3'},{'R1'},{'D2'},{'D4'},{'D7'},{'D1'},{'D6'},{'D3'},,&,1.0,&
{'R2'},{'R3'},{'R1'},{'D2'},{'D4'},{'D7'},{'D1'},{'D6'},{'D3'},{'D5'},&,1.0,&
{'R2'},{'R3'},{'R1'},{'D2'},{'D4'},{'D7'},{'D1'},{'D3'},{'D6'},,&,1.0,&
{'R2'},{'R3'},{'R1'},{'D2'},{'D4'},{'D7'},{'D1'},{'D3'},{'D5'},{'D6'},&,1.0,&
{'R2'},{'R3'},{'R1'},{'D2'},{'D4'},{'D7'},{'D5'},{'D1'},,,&,1.0,&
{'R2'},{'R3'},{'R1'},{'D2'},{'D4'},{'D7'},{'D6'},{'D3'},{'D1'},,&,1.0,&
{'R2'},{'R3'},{'R1'},{'D2'},{'D4'},{'D6'},,,,,&,1.0,&
{'R2'},{'R3'},{'R1'},{'D2'},{'D4'},{'D6'},{'D7'},{'D1'},,,&,1.0,&
{'R2'},{'R3'},{'R1'},{'D2'},{'D6'},,,,,,&,4.0,&
{'R2'},{'R3'},{'R1'},{'D2'},{'D6'},{'D4'},{'D7'},,,,&,1.0,&
{'R2'},{'R3'},{'R1'},{'D2'},{'D6'},{'D1'},,,,,&,3.0,&
{'R2'},{'R3'},{'R1'},{'D2'},{'D6'},{'D1'},{'D3'},{'D7'},,,&,1.0,&
{'R2'},{'R3'},{'R1'},{'D2'},{'D6'},{'D1'},{'D7'},{'D5'},,,&,1.0,&
{'R2'},{'R3'},{'R1'},{'D2'},{'D6'},{'D1'},{'D7'},{'D3'},,,&,1.0,&
{'R2'},{'R3'},{'R1'},{'D2'},{'D6'},{'D1'},{'D7'},{'D4'},{'D3'},{'D5'},&,1.0,&
{'R2'},{'R3'},{'R1'},{'D2'},{'D6'},{'D1'},{'D4'},{'D7'},,,&,2.0,&
{'R2'},{'R3'},{'R1'},{'D2'},{'D6'},{'D7'},,,,,&,1.0,&
{'R2'},{'R3'},{'R1'},{'D2'},{'D6'},{'D7'},{'D4'},,,,&,2.0,&
{'R2'},{'R3'},{'R1'},{'D2'},{'D3'},,,,,,&,5.0,&
{'R2'},{'R3'},{'R1'},{'D2'},{'D3'},{'D4'},{'D1'},,,,&,1.0,&
{'R2'},{'R3'},{'R1'},{'D2'},{'D3'},{'D1'},,,,,&,1.0,&
{'R2'},{'R3'},{'R1'},{'D2'},{'D3'},{'D1'},{'D7'},{'D4'},,,&,1.0,&
{'R2'},{'R3'},{'R1'},{'D2'},{'D3'},{'D1'},{'D4'},{'D7'},,,&,1.0,&
{'R2'},{'R3'},{'R1'},{'D2'},{'D3'},{'D1'},{'D6'},,,,&,1.0,&
{'R2'},{'R3'},{'R1'},{'D2'},{'D3'},{'D5'},,,,,&,1.0,&
{'R2'},{'R3'},{'R1'},{'D2'},{'D3'},{'D7'},{'D1'},,,,&,1.0,&
{'R2'},{'R3'},{'R1'},{'D2'},{'D3'},{'D7'},{'D1'},{'D6'},,,&,1.0,&
{'R2'},{'R3'},{'R1'},{'D2'},{'D3'},{'D7'},{'D1'},{'D4'},{'D6'},{'D5'},&,1.0,&
{'R2'},{'R3'},{'R1'},{'D2'},{'D3'},{'D7'},{'D4'},{'D6'},{'D1'},{'D5'},&,1.0,&
{'R2'},{'R3'},{'R1'},{'D2'},{'D3'},{'D6'},{'D1'},{'D7'},,,&,1.0,&
{'R2'},{'R3'},{'R1'},{'D2'},{'D5'},{'D4'},,,,,&,1.0,&
{'R2'},{'R3'},{'R1'},{'D1'},,,,,,,&,80.0,&
{'R2'},{'R3'},{'R1'},{'D1'},{'D7'},,,,,,&,25.0,&
{'R2'},{'R3'},{'R1'},{'D1'},{'D7'},{'D4'},,,,,&,6.0,&
{'R2'},{'R3'},{'R1'},{'D1'},{'D7'},{'D4'},{'D3'},{'D2'},,,&,1.0,&
{'R2'},{'R3'},{'R1'},{'D1'},{'D7'},{'D4'},{'D2'},,,,&,1.0,&
{'R2'},{'R3'},{'R1'},{'D1'},{'D7'},{'D4'},{'D2'},{'D5'},,,&,1.0,&
{'R2'},{'R3'},{'R1'},{'D1'},{'D7'},{'D4'},{'D2'},{'D6'},{'D3'},,&,1.0,&
{'R2'},{'R3'},{'R1'},{'D1'},{'D7'},{'D4'},{'D2'},{'D6'},{'D3'},{'D5'},&,1.0,&
{'R2'},{'R3'},{'R1'},{'D1'},{'D7'},{'D4'},{'D2'},{'D3'},,,&,2.0,&
{'R2'},{'R3'},{'R1'},{'D1'},{'D7'},{'D4'},{'D2'},{'D3'},{'D6'},,&,2.0,&
{'R2'},{'R3'},{'R1'},{'D1'},{'D7'},{'D4'},{'D2'},{'D3'},{'D6'},{'D5'},&,1.0,&
{'R2'},{'R3'},{'R1'},{'D1'},{'D7'},{'D4'},{'D2'},{'D3'},{'D5'},{'D6'},&,1.0,&
{'R2'},{'R3'},{'R1'},{'D1'},{'D7'},{'D3'},,,,,&,2.0,&
{'R2'},{'R3'},{'R1'},{'D1'},{'D7'},{'D3'},{'D2'},,,,&,1.0,&
{'R2'},{'R3'},{'R1'},{'D1'},{'D7'},{'D3'},{'D2'},{'D6'},,,&,1.0,&
{'R2'},{'R3'},{'R1'},{'D1'},{'D7'},{'D3'},{'D2'},{'D4'},,,&,2.0,&
{'R2'},{'R3'},{'R1'},{'D1'},{'D7'},{'D3'},{'D2'},{'D4'},{'D5'},{'D6'},&,1.0,&
{'R2'},{'R3'},{'R1'},{'D1'},{'D7'},{'D3'},{'D6'},,,,&,1.0,&
{'R2'},{'R3'},{'R1'},{'D1'},{'D7'},{'D2'},,,,,&,13.0,&
{'R2'},{'R3'},{'R1'},{'D1'},{'D7'},{'D2'},{'D3'},,,,&,2.0,&
{'R2'},{'R3'},{'R1'},{'D1'},{'D7'},{'D2'},{'D3'},{'D5'},{'D6'},{'D4'},&,1.0,&
{'R2'},{'R3'},{'R1'},{'D1'},{'D7'},{'D2'},{'D3'},{'D4'},{'D6'},,&,1.0,&
{'R2'},{'R3'},{'R1'},{'D1'},{'D7'},{'D2'},{'D3'},{'D4'},{'D6'},{'D5'},&,3.0,&
{'R2'},{'R3'},{'R1'},{'D1'},{'D7'},{'D2'},{'D4'},,,,&,9.0,&
{'R2'},{'R3'},{'R1'},{'D1'},{'D7'},{'D2'},{'D4'},{'D6'},,,&,3.0,&
{'R2'},{'R3'},{'R1'},{'D1'},{'D7'},{'D2'},{'D4'},{'D6'},{'D5'},{'D3'},&,1.0,&
{'R2'},{'R3'},{'R1'},{'D1'},{'D7'},{'D2'},{'D4'},{'D6'},{'D3'},{'D5'},&,2.0,&
{'R2'},{'R3'},{'R1'},{'D1'},{'D7'},{'D2'},{'D4'},{'D3'},,,&,3.0,&
{'R2'},{'R3'},{'R1'},{'D1'},{'D7'},{'D2'},{'D4'},{'D3'},{'D6'},,&,1.0,&
{'R2'},{'R3'},{'R1'},{'D1'},{'D7'},{'D2'},{'D4'},{'D3'},{'D6'},{'D5'},&,1.0,&
{'R2'},{'R3'},{'R1'},{'D1'},{'D7'},{'D2'},{'D4'},{'D3'},{'D5'},{'D6'},&,1.0,&
{'R2'},{'R3'},{'R1'},{'D1'},{'D7'},{'D2'},{'D6'},,,,&,2.0,&
{'R2'},{'R3'},{'R1'},{'D1'},{'D7'},{'D2'},{'D6'},{'D3'},,,&,1.0,&
{'R2'},{'R3'},{'R1'},{'D1'},{'D7'},{'D2'},{'D6'},{'D3'},{'D4'},,&,1.0,&
{'R2'},{'R3'},{'R1'},{'D1'},{'D7'},{'D2'},{'D6'},{'D3'},{'D4'},{'D5'},&,2.0,&
{'R2'},{'R3'},{'R1'},{'D1'},{'D7'},{'D2'},{'D6'},{'D4'},,,&,2.0,&
{'R2'},{'R3'},{'R1'},{'D1'},{'D7'},{'D2'},{'D6'},{'D4'},{'D3'},{'D5'},&,3.0,&
{'R2'},{'R3'},{'R1'},{'D1'},{'D7'},{'D5'},{'D4'},{'D2'},,,&,1.0,&
{'R2'},{'R3'},{'R1'},{'D1'},{'D4'},,,,,,&,8.0,&
{'R2'},{'R3'},{'R1'},{'D1'},{'D4'},{'D3'},,,,,&,1.0,&
{'R2'},{'R3'},{'R1'},{'D1'},{'D4'},{'D3'},{'D2'},{'D7'},{'D6'},{'D5'},&,1.0,&
{'R2'},{'R3'},{'R1'},{'D1'},{'D4'},{'D2'},,,,,&,1.0,&
{'R2'},{'R3'},{'R1'},{'D1'},{'D4'},{'D2'},{'D3'},,,,&,1.0,&
{'R2'},{'R3'},{'R1'},{'D1'},{'D4'},{'D2'},{'D3'},{'D7'},{'D6'},{'D5'},&,2.0,&
{'R2'},{'R3'},{'R1'},{'D1'},{'D4'},{'D2'},{'D7'},,,,&,2.0,&
{'R2'},{'R3'},{'R1'},{'D1'},{'D4'},{'D2'},{'D7'},{'D6'},{'D3'},{'D5'},&,1.0,&
{'R2'},{'R3'},{'R1'},{'D1'},{'D4'},{'D2'},{'D5'},{'D7'},,,&,1.0,&
{'R2'},{'R3'},{'R1'},{'D1'},{'D4'},{'D2'},{'D6'},,,,&,1.0,&
{'R2'},{'R3'},{'R1'},{'D1'},{'D4'},{'D7'},,,,,&,3.0,&
{'R2'},{'R3'},{'R1'},{'D1'},{'D4'},{'D7'},{'D3'},{'D2'},{'D6'},{'D5'},&,1.0,&
{'R2'},{'R3'},{'R1'},{'D1'},{'D4'},{'D7'},{'D2'},,,,&,1.0,&
{'R2'},{'R3'},{'R1'},{'D1'},{'D4'},{'D6'},,,,,&,1.0,&
{'R2'},{'R3'},{'R1'},{'D1'},{'D4'},{'D6'},{'D7'},{'D5'},,,&,1.0,&
{'R2'},{'R3'},{'R1'},{'D1'},{'D2'},,,,,,&,31.0,&
{'R2'},{'R3'},{'R1'},{'D1'},{'D2'},{'D4'},,,,,&,1.0,&
{'R2'},{'R3'},{'R1'},{'D1'},{'D2'},{'D4'},{'D3'},,,,&,1.0,&
{'R2'},{'R3'},{'R1'},{'D1'},{'D2'},{'D4'},{'D7'},,,,&,3.0,&
{'R2'},{'R3'},{'R1'},{'D1'},{'D2'},{'D4'},{'D7'},{'D5'},{'D3'},,&,1.0,&
{'R2'},{'R3'},{'R1'},{'D1'},{'D2'},{'D4'},{'D7'},{'D6'},,,&,2.0,&
{'R2'},{'R3'},{'R1'},{'D1'},{'D2'},{'D4'},{'D7'},{'D6'},{'D3'},,&,2.0,&
{'R2'},{'R3'},{'R1'},{'D1'},{'D2'},{'D4'},{'D7'},{'D3'},{'D6'},{'D5'},&,1.0,&
{'R2'},{'R3'},{'R1'},{'D1'},{'D2'},{'D4'},{'D6'},{'D7'},{'D3'},,&,1.0,&
{'R2'},{'R3'},{'R1'},{'D1'},{'D2'},{'D3'},,,,,&,1.0,&
{'R2'},{'R3'},{'R1'},{'D1'},{'D2'},{'D3'},{'D7'},,,,&,1.0,&
{'R2'},{'R3'},{'R1'},{'D1'},{'D2'},{'D3'},{'D7'},{'D6'},{'D4'},,&,1.0,&
{'R2'},{'R3'},{'R1'},{'D1'},{'D2'},{'D3'},{'D7'},{'D6'},{'D4'},{'D5'},&,1.0,&
{'R2'},{'R3'},{'R1'},{'D1'},{'D2'},{'D3'},{'D4'},,,,&,1.0,&
{'R2'},{'R3'},{'R1'},{'D1'},{'D2'},{'D3'},{'D6'},,,,&,1.0,&
{'R2'},{'R3'},{'R1'},{'D1'},{'D2'},{'D5'},{'D7'},,,,&,1.0,&
{'R2'},{'R3'},{'R1'},{'D1'},{'D2'},{'D5'},{'D4'},,,,&,1.0,&
{'R2'},{'R3'},{'R1'},{'D1'},{'D2'},{'D7'},,,,,&,16.0,&
{'R2'},{'R3'},{'R1'},{'D1'},{'D2'},{'D7'},{'D3'},,,,&,3.0,&
{'R2'},{'R3'},{'R1'},{'D1'},{'D2'},{'D7'},{'D3'},{'D6'},{'D4'},{'D5'},&,1.0,&
{'R2'},{'R3'},{'R1'},{'D1'},{'D2'},{'D7'},{'D3'},{'D4'},,,&,1.0,&
{'R2'},{'R3'},{'R1'},{'D1'},{'D2'},{'D7'},{'D3'},{'D4'},{'D6'},{'D5'},&,1.0,&
{'R2'},{'R3'},{'R1'},{'D1'},{'D2'},{'D7'},{'D5'},{'D4'},,,&,1.0,&
{'R2'},{'R3'},{'R1'},{'D1'},{'D2'},{'D7'},{'D4'},,,,&,8.0,&
{'R2'},{'R3'},{'R1'},{'D1'},{'D2'},{'D7'},{'D4'},{'D5'},,,&,2.0,&
{'R2'},{'R3'},{'R1'},{'D1'},{'D2'},{'D7'},{'D4'},{'D5'},{'D6'},{'D3'},&,1.0,&
{'R2'},{'R3'},{'R1'},{'D1'},{'D2'},{'D7'},{'D4'},{'D6'},,,&,2.0,&
{'R2'},{'R3'},{'R1'},{'D1'},{'D2'},{'D7'},{'D4'},{'D6'},{'D3'},,&,1.0,&
{'R2'},{'R3'},{'R1'},{'D1'},{'D2'},{'D7'},{'D4'},{'D6'},{'D3'},{'D5'},&,3.0,&
{'R2'},{'R3'},{'R1'},{'D1'},{'D2'},{'D7'},{'D4'},{'D3'},,,&,2.0,&
{'R2'},{'R3'},{'R1'},{'D1'},{'D2'},{'D7'},{'D4'},{'D3'},{'D6'},,&,1.0,&
{'R2'},{'R3'},{'R1'},{'D1'},{'D2'},{'D7'},{'D4'},{'D3'},{'D6'},{'D5'},&,2.0,&
{'R2'},{'R3'},{'R1'},{'D1'},{'D2'},{'D7'},{'D6'},,,,&,6.0,&
{'R2'},{'R3'},{'R1'},{'D1'},{'D2'},{'D7'},{'D6'},{'D4'},,,&,1.0,&
{'R2'},{'R3'},{'R1'},{'D1'},{'D2'},{'D7'},{'D6'},{'D4'},{'D3'},,&,2.0,&
{'R2'},{'R3'},{'R1'},{'D1'},{'D2'},{'D7'},{'D6'},{'D4'},{'D3'},{'D5'},&,1.0,&
{'R2'},{'R3'},{'R1'},{'D1'},{'D2'},{'D6'},,,,,&,1.0,&
{'R2'},{'R3'},{'R1'},{'D1'},{'D2'},{'D6'},{'D3'},,,,&,1.0,&
{'R2'},{'R3'},{'R1'},{'D1'},{'D2'},{'D6'},{'D7'},{'D5'},,,&,1.0,&
{'R2'},{'R3'},{'R1'},{'D1'},{'D2'},{'D6'},{'D7'},{'D3'},,,&,1.0,&
{'R2'},{'R3'},{'R1'},{'D1'},{'D2'},{'D6'},{'D7'},{'D4'},{'D3'},{'D5'},&,1.0,&
{'R2'},{'R3'},{'R1'},{'D1'},{'D2'},{'D6'},{'D4'},,,,&,1.0,&
{'R2'},{'R3'},{'R1'},{'D1'},{'D2'},{'D6'},{'D4'},{'D7'},{'D3'},{'D5'},&,1.0,&
{'R2'},{'R3'},{'R1'},{'D1'},{'D6'},,,,,,&,1.0,&
{'R2'},{'R3'},{'R1'},{'D1'},{'D6'},{'D2'},,,,,&,1.0,&
{'R2'},{'R3'},{'R1'},{'D1'},{'D6'},{'D2'},{'D7'},{'D3'},{'D4'},{'D5'},&,1.0,&
{'R2'},{'R3'},{'R1'},{'D1'},{'D6'},{'D2'},{'D7'},{'D4'},{'D3'},{'D5'},&,1.0,&
{'R2'},{'R3'},{'R1'},{'D1'},{'D6'},{'D2'},{'D4'},{'D7'},{'D3'},,&,1.0,&
{'R2'},{'R3'},{'R1'},{'D1'},{'D6'},{'D7'},{'D2'},{'D3'},{'D4'},,&,2.0,&
{'R2'},{'R3'},{'R1'},{'D1'},{'D3'},,,,,,&,1.0,&
{'R2'},{'R3'},{'R1'},{'D1'},{'D3'},{'D4'},{'D7'},{'D2'},{'D6'},{'D5'},&,1.0,&
{'R2'},{'R3'},{'R1'},{'D1'},{'D3'},{'D2'},,,,,&,1.0,&
{'R2'},{'R3'},{'R1'},{'D1'},{'D3'},{'D2'},{'D7'},{'D6'},,,&,1.0,&
{'R2'},{'R3'},{'R1'},{'D1'},{'D3'},{'D2'},{'D7'},{'D4'},,,&,1.0,&
{'R2'},{'R3'},{'R1'},{'D1'},{'D3'},{'D2'},{'D7'},{'D4'},{'D6'},,&,1.0,&
{'R2'},{'R3'},{'R1'},{'D1'},{'D3'},{'D2'},{'D7'},{'D4'},{'D5'},{'D6'},&,1.0,&
{'R2'},{'R3'},{'R1'},{'D1'},{'D3'},{'D2'},{'D4'},,,,&,1.0,&
{'R2'},{'R3'},{'R1'},{'D1'},{'D3'},{'D7'},{'D2'},,,,&,1.0,&
{'R2'},{'R3'},{'R1'},{'D1'},{'D3'},{'D7'},{'D2'},{'D4'},,,&,1.0,&
{'R2'},{'R3'},{'R1'},{'D1'},{'D3'},{'D7'},{'D6'},{'D2'},{'D4'},,&,1.0,&
{'R2'},{'R3'},{'R1'},{'D1'},{'D3'},{'D6'},{'D2'},{'D7'},{'D4'},{'D5'},&,1.0,&
{'R2'},{'R3'},{'R1'},{'D1'},{'D5'},,,,,,&,1.0,&
{'R2'},{'R3'},{'R1'},{'D1'},{'D5'},{'D4'},{'D2'},{'D7'},{'D6'},,&,1.0,&
{'R2'},{'R3'},{'R1'},{'D1'},{'D5'},{'D2'},{'D7'},{'D4'},,,&,1.0,&
{'R2'},{'R3'},{'R1'},{'D1'},{'D5'},{'D7'},{'D2'},{'D4'},{'D6'},{'D3'},&,1.0,&
{'R2'},{'R3'},{'R1'},{'D7'},,,,,,,&,87.0,&
{'R2'},{'R3'},{'R1'},{'D7'},{'D1'},,,,,,&,26.0,&
{'R2'},{'R3'},{'R1'},{'D7'},{'D1'},{'D4'},,,,,&,6.0,&
{'R2'},{'R3'},{'R1'},{'D7'},{'D1'},{'D4'},{'D3'},,,,&,3.0,&
{'R2'},{'R3'},{'R1'},{'D7'},{'D1'},{'D4'},{'D2'},,,,&,5.0,&
{'R2'},{'R3'},{'R1'},{'D7'},{'D1'},{'D4'},{'D2'},{'D6'},{'D5'},{'D3'},&,1.0,&
{'R2'},{'R3'},{'R1'},{'D7'},{'D1'},{'D4'},{'D2'},{'D3'},{'D6'},,&,1.0,&
{'R2'},{'R3'},{'R1'},{'D7'},{'D1'},{'D4'},{'D2'},{'D3'},{'D6'},{'D5'},&,1.0,&
{'R2'},{'R3'},{'R1'},{'D7'},{'D1'},{'D4'},{'D2'},{'D3'},{'D5'},{'D6'},&,2.0,&
{'R2'},{'R3'},{'R1'},{'D7'},{'D1'},{'D3'},{'D2'},,,,&,1.0,&
{'R2'},{'R3'},{'R1'},{'D7'},{'D1'},{'D2'},,,,,&,12.0,&
{'R2'},{'R3'},{'R1'},{'D7'},{'D1'},{'D2'},{'D3'},,,,&,4.0,&
{'R2'},{'R3'},{'R1'},{'D7'},{'D1'},{'D2'},{'D3'},{'D4'},{'D6'},{'D5'},&,3.0,&
{'R2'},{'R3'},{'R1'},{'D7'},{'D1'},{'D2'},{'D5'},{'D3'},{'D4'},{'D6'},&,1.0,&
{'R2'},{'R3'},{'R1'},{'D7'},{'D1'},{'D2'},{'D5'},{'D4'},{'D6'},{'D3'},&,1.0,&
{'R2'},{'R3'},{'R1'},{'D7'},{'D1'},{'D2'},{'D5'},{'D4'},{'D3'},,&,1.0,&
{'R2'},{'R3'},{'R1'},{'D7'},{'D1'},{'D2'},{'D4'},,,,&,5.0,&
{'R2'},{'R3'},{'R1'},{'D7'},{'D1'},{'D2'},{'D4'},{'D5'},{'D6'},{'D3'},&,2.0,&
{'R2'},{'R3'},{'R1'},{'D7'},{'D1'},{'D2'},{'D4'},{'D6'},,,&,2.0,&
{'R2'},{'R3'},{'R1'},{'D7'},{'D1'},{'D2'},{'D4'},{'D6'},{'D5'},{'D3'},&,2.0,&
{'R2'},{'R3'},{'R1'},{'D7'},{'D1'},{'D2'},{'D4'},{'D6'},{'D3'},,&,2.0,&
{'R2'},{'R3'},{'R1'},{'D7'},{'D1'},{'D2'},{'D4'},{'D6'},{'D3'},{'D5'},&,2.0,&
{'R2'},{'R3'},{'R1'},{'D7'},{'D1'},{'D2'},{'D4'},{'D3'},{'D6'},{'D5'},&,1.0,&
{'R2'},{'R3'},{'R1'},{'D7'},{'D1'},{'D2'},{'D6'},{'D4'},,,&,1.0,&
{'R2'},{'R3'},{'R1'},{'D7'},{'D1'},{'D2'},{'D6'},{'D4'},{'D3'},,&,1.0,&
{'R2'},{'R3'},{'R1'},{'D7'},{'D1'},{'D2'},{'D6'},{'D4'},{'D3'},{'D5'},&,4.0,&
{'R2'},{'R3'},{'R1'},{'D7'},{'D1'},{'D5'},{'D2'},,,,&,1.0,&
{'R2'},{'R3'},{'R1'},{'D7'},{'D1'},{'D6'},,,,,&,1.0,&
{'R2'},{'R3'},{'R1'},{'D7'},{'D1'},{'D6'},{'D2'},{'D4'},{'D5'},,&,1.0,&
{'R2'},{'R3'},{'R1'},{'D7'},{'D1'},{'D6'},{'D2'},{'D4'},{'D5'},{'D3'},&,1.0,&
{'R2'},{'R3'},{'R1'},{'D7'},{'D1'},{'D6'},{'D4'},{'D2'},{'D3'},,&,1.0,&
{'R2'},{'R3'},{'R1'},{'D7'},{'D4'},,,,,,&,14.0,&
{'R2'},{'R3'},{'R1'},{'D7'},{'D4'},{'D3'},,,,,&,1.0,&
{'R2'},{'R3'},{'R1'},{'D7'},{'D4'},{'D2'},,,,,&,2.0,&
{'R2'},{'R3'},{'R1'},{'D7'},{'D4'},{'D2'},{'D3'},{'D1'},{'D6'},{'D5'},&,1.0,&
{'R2'},{'R3'},{'R1'},{'D7'},{'D4'},{'D2'},{'D3'},{'D1'},{'D5'},{'D6'},&,1.0,&
{'R2'},{'R3'},{'R1'},{'D7'},{'D4'},{'D2'},{'D1'},,,,&,2.0,&
{'R2'},{'R3'},{'R1'},{'D7'},{'D4'},{'D2'},{'D1'},{'D6'},{'D3'},,&,1.0,&
{'R2'},{'R3'},{'R1'},{'D7'},{'D4'},{'D2'},{'D1'},{'D6'},{'D3'},{'D5'},&,1.0,&
{'R2'},{'R3'},{'R1'},{'D7'},{'D4'},{'D2'},{'D1'},{'D3'},,,&,1.0,&
{'R2'},{'R3'},{'R1'},{'D7'},{'D4'},{'D2'},{'D1'},{'D3'},{'D5'},{'D6'},&,1.0,&
{'R2'},{'R3'},{'R1'},{'D7'},{'D4'},{'D2'},{'D6'},,,,&,1.0,&
{'R2'},{'R3'},{'R1'},{'D7'},{'D4'},{'D1'},,,,,&,3.0,&
{'R2'},{'R3'},{'R1'},{'D7'},{'D4'},{'D1'},{'D2'},,,,&,1.0,&
{'R2'},{'R3'},{'R1'},{'D7'},{'D4'},{'D1'},{'D2'},{'D5'},,,&,1.0,&
{'R2'},{'R3'},{'R1'},{'D7'},{'D4'},{'D1'},{'D2'},{'D6'},{'D5'},{'D3'},&,1.0,&
{'R2'},{'R3'},{'R1'},{'D7'},{'D4'},{'D6'},,,,,&,1.0,&
{'R2'},{'R3'},{'R1'},{'D7'},{'D2'},,,,,,&,29.0,&
{'R2'},{'R3'},{'R1'},{'D7'},{'D2'},{'D4'},,,,,&,5.0,&
{'R2'},{'R3'},{'R1'},{'D7'},{'D2'},{'D4'},{'D3'},,,,&,2.0,&
{'R2'},{'R3'},{'R1'},{'D7'},{'D2'},{'D4'},{'D3'},{'D1'},,,&,1.0,&
{'R2'},{'R3'},{'R1'},{'D7'},{'D2'},{'D4'},{'D1'},,,,&,1.0,&
{'R2'},{'R3'},{'R1'},{'D7'},{'D2'},{'D4'},{'D1'},{'D6'},{'D5'},,&,1.0,&
{'R2'},{'R3'},{'R1'},{'D7'},{'D2'},{'D4'},{'D1'},{'D6'},{'D3'},,&,3.0,&
{'R2'},{'R3'},{'R1'},{'D7'},{'D2'},{'D4'},{'D1'},{'D6'},{'D3'},{'D5'},&,1.0,&
{'R2'},{'R3'},{'R1'},{'D7'},{'D2'},{'D4'},{'D1'},{'D3'},,,&,1.0,&
{'R2'},{'R3'},{'R1'},{'D7'},{'D2'},{'D4'},{'D1'},{'D3'},{'D6'},{'D5'},&,2.0,&
{'R2'},{'R3'},{'R1'},{'D7'},{'D2'},{'D4'},{'D1'},{'D3'},{'D5'},{'D6'},&,1.0,&
{'R2'},{'R3'},{'R1'},{'D7'},{'D2'},{'D4'},{'D5'},,,,&,1.0,&
{'R2'},{'R3'},{'R1'},{'D7'},{'D2'},{'D4'},{'D6'},{'D1'},,,&,3.0,&
{'R2'},{'R3'},{'R1'},{'D7'},{'D2'},{'D4'},{'D6'},{'D1'},{'D3'},,&,1.0,&
{'R2'},{'R3'},{'R1'},{'D7'},{'D2'},{'D3'},,,,,&,3.0,&
{'R2'},{'R3'},{'R1'},{'D7'},{'D2'},{'D3'},{'D1'},,,,&,2.0,&
{'R2'},{'R3'},{'R1'},{'D7'},{'D2'},{'D3'},{'D1'},{'D6'},,,&,1.0,&
{'R2'},{'R3'},{'R1'},{'D7'},{'D2'},{'D3'},{'D1'},{'D4'},,,&,1.0,&
{'R2'},{'R3'},{'R1'},{'D7'},{'D2'},{'D3'},{'D1'},{'D4'},{'D6'},{'D5'},&,3.0,&
{'R2'},{'R3'},{'R1'},{'D7'},{'D2'},{'D3'},{'D5'},,,,&,1.0,&
{'R2'},{'R3'},{'R1'},{'D7'},{'D2'},{'D3'},{'D4'},{'D1'},{'D6'},{'D5'},&,1.0,&
{'R2'},{'R3'},{'R1'},{'D7'},{'D2'},{'D1'},,,,,&,21.0,&
{'R2'},{'R3'},{'R1'},{'D7'},{'D2'},{'D1'},{'D3'},,,,&,4.0,&
{'R2'},{'R3'},{'R1'},{'D7'},{'D2'},{'D1'},{'D3'},{'D4'},,,&,5.0,&
{'R2'},{'R3'},{'R1'},{'D7'},{'D2'},{'D1'},{'D3'},{'D4'},{'D5'},{'D6'},&,1.0,&
{'R2'},{'R3'},{'R1'},{'D7'},{'D2'},{'D1'},{'D5'},{'D3'},{'D4'},,&,1.0,&
{'R2'},{'R3'},{'R1'},{'D7'},{'D2'},{'D1'},{'D4'},,,,&,8.0,&
{'R2'},{'R3'},{'R1'},{'D7'},{'D2'},{'D1'},{'D4'},{'D6'},,,&,1.0,&
{'R2'},{'R3'},{'R1'},{'D7'},{'D2'},{'D1'},{'D4'},{'D6'},{'D3'},,&,2.0,&
{'R2'},{'R3'},{'R1'},{'D7'},{'D2'},{'D1'},{'D4'},{'D6'},{'D3'},{'D5'},&,1.0,&
{'R2'},{'R3'},{'R1'},{'D7'},{'D2'},{'D1'},{'D4'},{'D3'},,,&,3.0,&
{'R2'},{'R3'},{'R1'},{'D7'},{'D2'},{'D1'},{'D4'},{'D3'},{'D6'},,&,1.0,&
{'R2'},{'R3'},{'R1'},{'D7'},{'D2'},{'D1'},{'D4'},{'D3'},{'D6'},{'D5'},&,2.0,&
{'R2'},{'R3'},{'R1'},{'D7'},{'D2'},{'D1'},{'D4'},{'D3'},{'D5'},,&,1.0,&
{'R2'},{'R3'},{'R1'},{'D7'},{'D2'},{'D1'},{'D4'},{'D3'},{'D5'},{'D6'},&,1.0,&
{'R2'},{'R3'},{'R1'},{'D7'},{'D2'},{'D1'},{'D6'},,,,&,3.0,&
{'R2'},{'R3'},{'R1'},{'D7'},{'D2'},{'D1'},{'D6'},{'D4'},,,&,1.0,&
{'R2'},{'R3'},{'R1'},{'D7'},{'D2'},{'D1'},{'D6'},{'D4'},{'D3'},{'D5'},&,5.0,&
{'R2'},{'R3'},{'R1'},{'D7'},{'D2'},{'D5'},{'D3'},{'D4'},,,&,1.0,&
{'R2'},{'R3'},{'R1'},{'D7'},{'D2'},{'D5'},{'D4'},,,,&,1.0,&
{'R2'},{'R3'},{'R1'},{'D7'},{'D2'},{'D6'},,,,,&,2.0,&
{'R2'},{'R3'},{'R1'},{'D7'},{'D2'},{'D6'},{'D4'},,,,&,1.0,&
{'R2'},{'R3'},{'R1'},{'D7'},{'D6'},,,,,,&,2.0,&
{'R2'},{'R3'},{'R1'},{'D7'},{'D6'},{'D4'},,,,,&,2.0,&
{'R2'},{'R3'},{'R1'},{'D7'},{'D6'},{'D2'},,,,,&,1.0,&
{'R2'},{'R3'},{'R1'},{'D7'},{'D6'},{'D2'},{'D4'},,,,&,2.0,&
{'R2'},{'R3'},{'R1'},{'D7'},{'D6'},{'D1'},,,,,&,1.0,&
{'R2'},{'R3'},{'R1'},{'D7'},{'D6'},{'D1'},{'D2'},,,,&,1.0,&
{'R2'},{'R3'},{'R1'},{'D7'},{'D6'},{'D1'},{'D4'},,,,&,1.0,&
{'R2'},{'R3'},{'R1'},{'D7'},{'D6'},{'D1'},{'D4'},{'D2'},{'D3'},{'D5'},&,1.0,&
{'R2'},{'R3'},{'R1'},{'D7'},{'D3'},,,,,,&,5.0,&
{'R2'},{'R3'},{'R1'},{'D7'},{'D3'},{'D4'},{'D6'},{'D1'},{'D2'},{'D5'},&,1.0,&
{'R2'},{'R3'},{'R1'},{'D7'},{'D3'},{'D2'},,,,,&,1.0,&
{'R2'},{'R3'},{'R1'},{'D7'},{'D3'},{'D2'},{'D6'},,,,&,1.0,&
{'R2'},{'R3'},{'R1'},{'D7'},{'D3'},{'D2'},{'D6'},{'D4'},{'D5'},{'D1'},&,1.0,&
{'R2'},{'R3'},{'R1'},{'D7'},{'D3'},{'D1'},,,,,&,2.0,&
{'R2'},{'R3'},{'R1'},{'D7'},{'D3'},{'D1'},{'D2'},,,,&,1.0,&
{'R2'},{'R3'},{'R1'},{'D7'},{'D3'},{'D6'},,,,,&,1.0,&
{'R2'},{'R3'},{'R1'},{'D7'},{'D3'},{'D6'},{'D4'},{'D2'},{'D1'},{'D5'},&,1.0,&
{'R2'},{'R3'},{'R1'},{'D7'},{'D5'},{'D4'},,,,,&,1.0,&
{'R2'},{'R3'},{'R1'},{'D7'},{'D5'},{'D2'},{'D1'},,,,&,1.0,&
{'R2'},{'R3'},{'R1'},{'D7'},{'D5'},{'D2'},{'D1'},{'D3'},,,&,1.0,&
{'R2'},{'R3'},{'R1'},{'D7'},{'D5'},{'D1'},{'D4'},,,,&,1.0,&
{'R2'},{'R3'},{'R1'},{'D7'},{'D5'},{'D1'},{'D6'},{'D2'},{'D4'},{'D3'},&,1.0,&
{'R2'},{'R3'},{'R1'},{'D4'},,,,,,,&,19.0,&
{'R2'},{'R3'},{'R1'},{'D4'},{'D7'},,,,,,&,7.0,&
{'R2'},{'R3'},{'R1'},{'D4'},{'D7'},{'D3'},{'D1'},,,,&,2.0,&
{'R2'},{'R3'},{'R1'},{'D4'},{'D7'},{'D2'},,,,,&,1.0,&
{'R2'},{'R3'},{'R1'},{'D4'},{'D7'},{'D2'},{'D3'},,,,&,1.0,&
{'R2'},{'R3'},{'R1'},{'D4'},{'D7'},{'D2'},{'D1'},,,,&,2.0,&
{'R2'},{'R3'},{'R1'},{'D4'},{'D7'},{'D2'},{'D1'},{'D6'},{'D3'},,&,1.0,&
{'R2'},{'R3'},{'R1'},{'D4'},{'D7'},{'D2'},{'D1'},{'D6'},{'D3'},{'D5'},&,1.0,&
{'R2'},{'R3'},{'R1'},{'D4'},{'D7'},{'D2'},{'D1'},{'D3'},,,&,2.0,&
{'R2'},{'R3'},{'R1'},{'D4'},{'D7'},{'D2'},{'D1'},{'D3'},{'D6'},{'D5'},&,2.0,&
{'R2'},{'R3'},{'R1'},{'D4'},{'D7'},{'D2'},{'D6'},{'D1'},,,&,1.0,&
{'R2'},{'R3'},{'R1'},{'D4'},{'D7'},{'D1'},,,,,&,2.0,&
{'R2'},{'R3'},{'R1'},{'D4'},{'D7'},{'D1'},{'D2'},,,,&,1.0,&
{'R2'},{'R3'},{'R1'},{'D4'},{'D7'},{'D1'},{'D6'},{'D2'},,,&,1.0,&
{'R2'},{'R3'},{'R1'},{'D4'},{'D7'},{'D6'},{'D3'},,,,&,1.0,&
{'R2'},{'R3'},{'R1'},{'D4'},{'D7'},{'D6'},{'D1'},{'D2'},{'D3'},,&,1.0,&
{'R2'},{'R3'},{'R1'},{'D4'},{'D1'},,,,,,&,3.0,&
{'R2'},{'R3'},{'R1'},{'D4'},{'D1'},{'D3'},{'D6'},{'D2'},{'D7'},{'D5'},&,1.0,&
{'R2'},{'R3'},{'R1'},{'D4'},{'D1'},{'D2'},,,,,&,1.0,&
{'R2'},{'R3'},{'R1'},{'D4'},{'D1'},{'D2'},{'D7'},,,,&,2.0,&
{'R2'},{'R3'},{'R1'},{'D4'},{'D1'},{'D2'},{'D7'},{'D6'},,,&,3.0,&
{'R2'},{'R3'},{'R1'},{'D4'},{'D1'},{'D2'},{'D7'},{'D6'},{'D3'},,&,1.0,&
{'R2'},{'R3'},{'R1'},{'D4'},{'D1'},{'D2'},{'D7'},{'D3'},,,&,1.0,&
{'R2'},{'R3'},{'R1'},{'D4'},{'D1'},{'D2'},{'D7'},{'D3'},{'D6'},,&,1.0,&
{'R2'},{'R3'},{'R1'},{'D4'},{'D1'},{'D2'},{'D7'},{'D3'},{'D6'},{'D5'},&,2.0,&
{'R2'},{'R3'},{'R1'},{'D4'},{'D1'},{'D2'},{'D6'},,,,&,1.0,&
{'R2'},{'R3'},{'R1'},{'D4'},{'D1'},{'D7'},,,,,&,2.0,&
{'R2'},{'R3'},{'R1'},{'D4'},{'D1'},{'D7'},{'D3'},,,,&,2.0,&
{'R2'},{'R3'},{'R1'},{'D4'},{'D1'},{'D7'},{'D2'},,,,&,2.0,&
{'R2'},{'R3'},{'R1'},{'D4'},{'D1'},{'D6'},,,,,&,2.0,&
{'R2'},{'R3'},{'R1'},{'D4'},{'D2'},,,,,,&,9.0,&
{'R2'},{'R3'},{'R1'},{'D4'},{'D2'},{'D3'},{'D7'},,,,&,1.0,&
{'R2'},{'R3'},{'R1'},{'D4'},{'D2'},{'D3'},{'D1'},,,,&,1.0,&
{'R2'},{'R3'},{'R1'},{'D4'},{'D2'},{'D3'},{'D1'},{'D7'},,,&,1.0,&
{'R2'},{'R3'},{'R1'},{'D4'},{'D2'},{'D1'},,,,,&,3.0,&
{'R2'},{'R3'},{'R1'},{'D4'},{'D2'},{'D1'},{'D3'},{'D7'},{'D5'},{'D6'},&,1.0,&
{'R2'},{'R3'},{'R1'},{'D4'},{'D2'},{'D1'},{'D7'},{'D5'},,,&,1.0,&
{'R2'},{'R3'},{'R1'},{'D4'},{'D2'},{'D1'},{'D7'},{'D6'},{'D3'},{'D5'},&,1.0,&
{'R2'},{'R3'},{'R1'},{'D4'},{'D2'},{'D1'},{'D7'},{'D3'},{'D6'},{'D5'},&,2.0,&
{'R2'},{'R3'},{'R1'},{'D4'},{'D2'},{'D1'},{'D6'},{'D3'},{'D7'},{'D5'},&,1.0,&
{'R2'},{'R3'},{'R1'},{'D4'},{'D2'},{'D7'},,,,,&,2.0,&
{'R2'},{'R3'},{'R1'},{'D4'},{'D2'},{'D7'},{'D3'},,,,&,2.0,&
{'R2'},{'R3'},{'R1'},{'D4'},{'D2'},{'D7'},{'D3'},{'D6'},{'D1'},{'D5'},&,1.0,&
{'R2'},{'R3'},{'R1'},{'D4'},{'D2'},{'D7'},{'D1'},,,,&,3.0,&
{'R2'},{'R3'},{'R1'},{'D4'},{'D2'},{'D7'},{'D1'},{'D6'},,,&,1.0,&
{'R2'},{'R3'},{'R1'},{'D4'},{'D2'},{'D7'},{'D1'},{'D6'},{'D5'},,&,1.0,&
{'R2'},{'R3'},{'R1'},{'D4'},{'D2'},{'D7'},{'D1'},{'D6'},{'D3'},,&,1.0,&
{'R2'},{'R3'},{'R1'},{'D4'},{'D2'},{'D7'},{'D1'},{'D3'},,,&,2.0,&
{'R2'},{'R3'},{'R1'},{'D4'},{'D2'},{'D7'},{'D1'},{'D3'},{'D6'},,&,1.0,&
{'R2'},{'R3'},{'R1'},{'D4'},{'D2'},{'D7'},{'D1'},{'D3'},{'D6'},{'D5'},&,1.0,&
{'R2'},{'R3'},{'R1'},{'D4'},{'D2'},{'D6'},,,,,&,3.0,&
{'R2'},{'R3'},{'R1'},{'D4'},{'D6'},{'D2'},,,,,&,1.0,&
{'R2'},{'R3'},{'R1'},{'D4'},{'D6'},{'D2'},{'D1'},{'D3'},,,&,1.0,&
{'R2'},{'R3'},{'R1'},{'D4'},{'D6'},{'D7'},{'D2'},{'D1'},,,&,1.0,&
{'R2'},{'R3'},{'R1'},{'D4'},{'D3'},{'D2'},,,,,&,1.0,&
{'R2'},{'R3'},{'R1'},{'D4'},{'D3'},{'D2'},{'D7'},{'D1'},,,&,1.0,&
{'R2'},{'R3'},{'R1'},{'D4'},{'D3'},{'D2'},{'D1'},{'D7'},{'D5'},{'D6'},&,1.0,&
{'R2'},{'R3'},{'R1'},{'D4'},{'D3'},{'D7'},{'D2'},,,,&,1.0,&
{'R2'},{'R3'},{'R1'},{'D4'},{'D5'},{'D1'},{'D2'},{'D7'},{'D6'},,&,1.0,&
{'R2'},{'R3'},{'R1'},{'D3'},,,,,,,&,11.0,&
{'R2'},{'R3'},{'R1'},{'D3'},{'D7'},,,,,,&,2.0,&
{'R2'},{'R3'},{'R1'},{'D3'},{'D7'},{'D4'},{'D2'},{'D6'},,,&,1.0,&
{'R2'},{'R3'},{'R1'},{'D3'},{'D7'},{'D4'},{'D2'},{'D1'},{'D6'},{'D5'},&,1.0,&
{'R2'},{'R3'},{'R1'},{'D3'},{'D7'},{'D4'},{'D1'},{'D2'},{'D6'},{'D5'},&,1.0,&
{'R2'},{'R3'},{'R1'},{'D3'},{'D7'},{'D2'},,,,,&,2.0,&
{'R2'},{'R3'},{'R1'},{'D3'},{'D7'},{'D2'},{'D4'},{'D1'},{'D6'},,&,1.0,&
{'R2'},{'R3'},{'R1'},{'D3'},{'D7'},{'D1'},,,,,&,1.0,&
{'R2'},{'R3'},{'R1'},{'D3'},{'D7'},{'D1'},{'D2'},,,,&,1.0,&
{'R2'},{'R3'},{'R1'},{'D3'},{'D7'},{'D1'},{'D2'},{'D4'},{'D6'},{'D5'},&,1.0,&
{'R2'},{'R3'},{'R1'},{'D3'},{'D7'},{'D6'},{'D4'},,,,&,1.0,&
{'R2'},{'R3'},{'R1'},{'D3'},{'D1'},,,,,,&,4.0,&
{'R2'},{'R3'},{'R1'},{'D3'},{'D1'},{'D4'},,,,,&,1.0,&
{'R2'},{'R3'},{'R1'},{'D3'},{'D1'},{'D2'},,,,,&,2.0,&
{'R2'},{'R3'},{'R1'},{'D3'},{'D1'},{'D2'},{'D7'},{'D6'},{'D4'},{'D5'},&,1.0,&
{'R2'},{'R3'},{'R1'},{'D3'},{'D1'},{'D7'},,,,,&,3.0,&
{'R2'},{'R3'},{'R1'},{'D3'},{'D1'},{'D7'},{'D2'},{'D4'},{'D6'},{'D5'},&,1.0,&
{'R2'},{'R3'},{'R1'},{'D3'},{'D1'},{'D7'},{'D4'},{'D2'},,,&,1.0,&
{'R2'},{'R3'},{'R1'},{'D3'},{'D4'},,,,,,&,3.0,&
{'R2'},{'R3'},{'R1'},{'D3'},{'D4'},{'D2'},{'D1'},,,,&,1.0,&
{'R2'},{'R3'},{'R1'},{'D3'},{'D4'},{'D7'},{'D2'},,,,&,1.0,&
{'R2'},{'R3'},{'R1'},{'D3'},{'D4'},{'D6'},{'D7'},{'D1'},,,&,1.0,&
{'R2'},{'R3'},{'R1'},{'D3'},{'D2'},,,,,,&,8.0,&
{'R2'},{'R3'},{'R1'},{'D3'},{'D2'},{'D4'},,,,,&,1.0,&
{'R2'},{'R3'},{'R1'},{'D3'},{'D2'},{'D4'},{'D7'},{'D1'},{'D5'},{'D6'},&,2.0,&
{'R2'},{'R3'},{'R1'},{'D3'},{'D2'},{'D1'},,,,,&,3.0,&
{'R2'},{'R3'},{'R1'},{'D3'},{'D2'},{'D1'},{'D6'},,,,&,1.0,&
{'R2'},{'R3'},{'R1'},{'D3'},{'D2'},{'D1'},{'D6'},{'D7'},{'D4'},{'D5'},&,1.0,&
{'R2'},{'R3'},{'R1'},{'D3'},{'D2'},{'D5'},,,,,&,1.0,&
{'R2'},{'R3'},{'R1'},{'D3'},{'D2'},{'D7'},,,,,&,1.0,&
{'R2'},{'R3'},{'R1'},{'D3'},{'D2'},{'D7'},{'D1'},{'D5'},{'D4'},,&,1.0,&
{'R2'},{'R3'},{'R1'},{'D3'},{'D2'},{'D7'},{'D1'},{'D4'},{'D6'},{'D5'},&,1.0,&
{'R2'},{'R3'},{'R1'},{'D3'},{'D2'},{'D7'},{'D4'},,,,&,1.0,&
{'R2'},{'R3'},{'R1'},{'D3'},{'D2'},{'D7'},{'D4'},{'D1'},,,&,1.0,&
{'R2'},{'R3'},{'R1'},{'D3'},{'D2'},{'D7'},{'D4'},{'D1'},{'D6'},{'D5'},&,1.0,&
{'R2'},{'R3'},{'R1'},{'D3'},{'D6'},,,,,,&,1.0,&
{'R2'},{'R3'},{'R1'},{'D3'},{'D6'},{'D7'},,,,,&,1.0,&
{'R2'},{'R3'},{'R1'},{'D6'},,,,,,,&,6.0,&
{'R2'},{'R3'},{'R1'},{'D6'},{'D7'},,,,,,&,3.0,&
{'R2'},{'R3'},{'R1'},{'D6'},{'D7'},{'D4'},{'D2'},{'D1'},{'D5'},{'D3'},&,1.0,&
{'R2'},{'R3'},{'R1'},{'D6'},{'D7'},{'D1'},{'D2'},{'D4'},,,&,1.0,&
{'R2'},{'R3'},{'R1'},{'D6'},{'D7'},{'D1'},{'D2'},{'D4'},{'D3'},,&,1.0,&
{'R2'},{'R3'},{'R1'},{'D6'},{'D7'},{'D5'},{'D2'},,,,&,1.0,&
{'R2'},{'R3'},{'R1'},{'D6'},{'D1'},,,,,,&,1.0,&
{'R2'},{'R3'},{'R1'},{'D6'},{'D1'},{'D4'},{'D3'},,,,&,1.0,&
{'R2'},{'R3'},{'R1'},{'D6'},{'D1'},{'D4'},{'D2'},{'D7'},{'D3'},{'D5'},&,1.0,&
{'R2'},{'R3'},{'R1'},{'D6'},{'D1'},{'D3'},{'D7'},,,,&,1.0,&
{'R2'},{'R3'},{'R1'},{'D6'},{'D1'},{'D3'},{'D2'},{'D5'},,,&,1.0,&
{'R2'},{'R3'},{'R1'},{'D6'},{'D1'},{'D2'},{'D7'},{'D4'},{'D3'},{'D5'},&,1.0,&
{'R2'},{'R3'},{'R1'},{'D6'},{'D1'},{'D7'},,,,,&,1.0,&
{'R2'},{'R3'},{'R1'},{'D6'},{'D1'},{'D7'},{'D3'},{'D2'},{'D4'},{'D5'},&,1.0,&
{'R2'},{'R3'},{'R1'},{'D6'},{'D4'},,,,,,&,1.0,&
{'R2'},{'R3'},{'R1'},{'D6'},{'D4'},{'D2'},{'D7'},{'D1'},{'D5'},{'D3'},&,1.0,&
{'R2'},{'R3'},{'R1'},{'D6'},{'D2'},{'D4'},,,,,&,1.0,&
{'R2'},{'R3'},{'R1'},{'D6'},{'D2'},{'D3'},{'D1'},{'D7'},{'D4'},,&,1.0,&
{'R2'},{'R3'},{'R1'},{'D6'},{'D2'},{'D1'},,,,,&,1.0,&
{'R2'},{'R3'},{'R1'},{'D6'},{'D2'},{'D1'},{'D3'},,,,&,1.0,&
{'R2'},{'R3'},{'R1'},{'D6'},{'D2'},{'D1'},{'D7'},,,,&,1.0,&
{'R2'},{'R3'},{'R1'},{'D6'},{'D2'},{'D7'},,,,,&,2.0,&
{'R2'},{'R3'},{'R1'},{'D6'},{'D2'},{'D7'},{'D1'},,,,&,1.0,&
{'R2'},{'R3'},{'R1'},{'D6'},{'D2'},{'D7'},{'D1'},{'D5'},,,&,1.0,&
{'R2'},{'R3'},{'R1'},{'D6'},{'D2'},{'D7'},{'D1'},{'D4'},{'D3'},{'D5'},&,1.0,&
{'R2'},{'R3'},{'R1'},{'D6'},{'D2'},{'D7'},{'D4'},{'D1'},,,&,1.0,&
{'R2'},{'R3'},{'R1'},{'D6'},{'D3'},,,,,,&,1.0,&
{'R2'},{'R3'},{'R1'},{'D6'},{'D3'},{'D4'},{'D1'},{'D2'},,,&,1.0,&
{'R2'},{'R3'},{'R1'},{'D6'},{'D5'},{'D4'},{'D1'},,,,&,1.0,&
{'R2'},{'R3'},{'R1'},{'D6'},{'D5'},{'D7'},{'D2'},,,,&,1.0,&
{'R2'},{'R3'},{'R1'},{'D5'},,,,,,,&,2.0,&
{'R2'},{'R3'},{'R1'},{'D5'},{'D7'},{'D2'},{'D1'},,,,&,1.0,&
{'R2'},{'R3'},{'R1'},{'D5'},{'D2'},{'D1'},{'D7'},{'D4'},,,&,1.0,&
{'R2'},{'R3'},{'R1'},{'D5'},{'D2'},{'D7'},{'D1'},{'D3'},{'D4'},,&,1.0,&
{'R2'},{'R3'},{'R1'},{'D5'},{'D2'},{'D7'},{'D4'},,,,&,1.0,&
{'R2'},{'R3'},{'R1'},{'D5'},{'D2'},{'D6'},{'D7'},{'D3'},,,&,1.0,&
{'R2'},{'R3'},{'D2'},,,,,,,,&,150.0,&
{'R2'},{'R3'},{'D2'},{'D1'},,,,,,,&,26.0,&
{'R2'},{'R3'},{'D2'},{'D1'},{'D7'},,,,,,&,10.0,&
{'R2'},{'R3'},{'D2'},{'D1'},{'D7'},{'D4'},,,,,&,3.0,&
{'R2'},{'R3'},{'D2'},{'D1'},{'D7'},{'D4'},{'D3'},,,,&,1.0,&
{'R2'},{'R3'},{'D2'},{'D1'},{'D7'},{'D4'},{'R1'},{'D6'},{'D3'},,&,1.0,&
{'R2'},{'R3'},{'D2'},{'D1'},{'D7'},{'D4'},{'D6'},{'D3'},{'R1'},{'D5'},&,1.0,&
{'R2'},{'R3'},{'D2'},{'D1'},{'D7'},{'D4'},{'D6'},{'R1'},,,&,1.0,&
{'R2'},{'R3'},{'D2'},{'D1'},{'D7'},{'R1'},,,,,&,6.0,&
{'R2'},{'R3'},{'D2'},{'D1'},{'D7'},{'R1'},{'D3'},{'D4'},{'D6'},{'D5'},&,1.0,&
{'R2'},{'R3'},{'D2'},{'D1'},{'D7'},{'R1'},{'D4'},,,,&,3.0,&
{'R2'},{'R3'},{'D2'},{'D1'},{'D7'},{'R1'},{'D4'},{'D6'},,,&,1.0,&
{'R2'},{'R3'},{'D2'},{'D1'},{'D7'},{'R1'},{'D6'},,,,&,1.0,&
{'R2'},{'R3'},{'D2'},{'D1'},{'D7'},{'R1'},{'D6'},{'D3'},{'D4'},{'D5'},&,1.0,&
{'R2'},{'R3'},{'D2'},{'D1'},{'D7'},{'D3'},{'R1'},{'D6'},,,&,1.0,&
{'R2'},{'R3'},{'D2'},{'D1'},{'D7'},{'D3'},{'R1'},{'D4'},,,&,1.0,&
{'R2'},{'R3'},{'D2'},{'D1'},{'D7'},{'D3'},{'D4'},,,,&,1.0,&
{'R2'},{'R3'},{'D2'},{'D1'},{'D7'},{'D3'},{'D4'},{'D6'},{'R1'},,&,1.0,&
{'R2'},{'R3'},{'D2'},{'D1'},{'D7'},{'D3'},{'D4'},{'R1'},,,&,1.0,&
{'R2'},{'R3'},{'D2'},{'D1'},{'D7'},{'D5'},{'R1'},,,,&,2.0,&
{'R2'},{'R3'},{'D2'},{'D1'},{'D7'},{'D6'},,,,,&,2.0,&
{'R2'},{'R3'},{'D2'},{'D1'},{'D7'},{'D6'},{'R1'},{'D3'},{'D4'},{'D5'},&,1.0,&
{'R2'},{'R3'},{'D2'},{'D1'},{'D7'},{'D6'},{'D4'},,,,&,1.0,&
{'R2'},{'R3'},{'D2'},{'D1'},{'R1'},,,,,,&,9.0,&
{'R2'},{'R3'},{'D2'},{'D1'},{'R1'},{'D4'},{'D7'},,,,&,1.0,&
{'R2'},{'R3'},{'D2'},{'D1'},{'R1'},{'D3'},,,,,&,1.0,&
{'R2'},{'R3'},{'D2'},{'D1'},{'R1'},{'D3'},{'D7'},,,,&,1.0,&
{'R2'},{'R3'},{'D2'},{'D1'},{'R1'},{'D7'},,,,,&,7.0,&
{'R2'},{'R3'},{'D2'},{'D1'},{'R1'},{'D7'},{'D3'},,,,&,1.0,&
{'R2'},{'R3'},{'D2'},{'D1'},{'R1'},{'D7'},{'D3'},{'D4'},,,&,1.0,&
{'R2'},{'R3'},{'D2'},{'D1'},{'R1'},{'D7'},{'D3'},{'D4'},{'D6'},{'D5'},&,1.0,&
{'R2'},{'R3'},{'D2'},{'D1'},{'R1'},{'D7'},{'D5'},,,,&,1.0,&
{'R2'},{'R3'},{'D2'},{'D1'},{'R1'},{'D7'},{'D5'},{'D6'},,,&,1.0,&
{'R2'},{'R3'},{'D2'},{'D1'},{'R1'},{'D7'},{'D5'},{'D6'},{'D3'},,&,1.0,&
{'R2'},{'R3'},{'D2'},{'D1'},{'R1'},{'D7'},{'D5'},{'D4'},{'D3'},,&,1.0,&
{'R2'},{'R3'},{'D2'},{'D1'},{'R1'},{'D7'},{'D4'},,,,&,2.0,&
{'R2'},{'R3'},{'D2'},{'D1'},{'R1'},{'D7'},{'D4'},{'D6'},,,&,2.0,&
{'R2'},{'R3'},{'D2'},{'D1'},{'R1'},{'D7'},{'D4'},{'D6'},{'D3'},,&,1.0,&
{'R2'},{'R3'},{'D2'},{'D1'},{'R1'},{'D7'},{'D4'},{'D6'},{'D3'},{'D5'},&,1.0,&
{'R2'},{'R3'},{'D2'},{'D1'},{'R1'},{'D7'},{'D4'},{'D3'},,,&,1.0,&
{'R2'},{'R3'},{'D2'},{'D1'},{'R1'},{'D7'},{'D4'},{'D3'},{'D6'},{'D5'},&,1.0,&
{'R2'},{'R3'},{'D2'},{'D1'},{'R1'},{'D7'},{'D6'},,,,&,1.0,&
{'R2'},{'R3'},{'D2'},{'D1'},{'R1'},{'D6'},{'D7'},,,,&,1.0,&
{'R2'},{'R3'},{'D2'},{'D1'},{'D4'},,,,,,&,7.0,&
{'R2'},{'R3'},{'D2'},{'D1'},{'D4'},{'R1'},{'D7'},,,,&,1.0,&
{'R2'},{'R3'},{'D2'},{'D1'},{'D4'},{'D7'},,,,,&,2.0,&
{'R2'},{'R3'},{'D2'},{'D1'},{'D4'},{'D7'},{'D3'},{'R1'},{'D6'},,&,1.0,&
{'R2'},{'R3'},{'D2'},{'D1'},{'D4'},{'D7'},{'R1'},,,,&,2.0,&
{'R2'},{'R3'},{'D2'},{'D1'},{'D4'},{'D7'},{'R1'},{'D6'},,,&,1.0,&
{'R2'},{'R3'},{'D2'},{'D1'},{'D4'},{'D7'},{'R1'},{'D6'},{'D3'},,&,1.0,&
{'R2'},{'R3'},{'D2'},{'D1'},{'D6'},,,,,,&,1.0,&
{'R2'},{'R3'},{'D2'},{'D1'},{'D6'},{'D7'},{'D3'},,,,&,1.0,&
{'R2'},{'R3'},{'D2'},{'D1'},{'D3'},,,,,,&,1.0,&
{'R2'},{'R3'},{'D2'},{'D1'},{'D3'},{'R1'},{'D7'},{'D5'},{'D6'},{'D4'},&,1.0,&
{'R2'},{'R3'},{'D2'},{'D1'},{'D3'},{'R1'},{'D7'},{'D4'},,,&,1.0,&
{'R2'},{'R3'},{'D2'},{'D1'},{'D3'},{'R1'},{'D7'},{'D4'},{'D6'},{'D5'},&,1.0,&
{'R2'},{'R3'},{'D2'},{'D1'},{'D3'},{'R1'},{'D4'},{'D7'},,,&,1.0,&
{'R2'},{'R3'},{'D2'},{'D1'},{'D3'},{'D7'},{'R1'},,,,&,1.0,&
{'R2'},{'R3'},{'D2'},{'D1'},{'D3'},{'D7'},{'R1'},{'D4'},,,&,1.0,&
{'R2'},{'R3'},{'D2'},{'D1'},{'D3'},{'D7'},{'R1'},{'D4'},{'D6'},{'D5'},&,1.0,&
{'R2'},{'R3'},{'D2'},{'D1'},{'D3'},{'D7'},{'D4'},,,,&,1.0,&
{'R2'},{'R3'},{'D2'},{'D1'},{'D3'},{'D7'},{'D4'},{'D6'},{'R1'},,&,1.0,&
{'R2'},{'R3'},{'D2'},{'D1'},{'D3'},{'D7'},{'D6'},{'D4'},,,&,1.0,&
{'R2'},{'R3'},{'D2'},{'R1'},,,,,,,&,56.0,&
{'R2'},{'R3'},{'D2'},{'R1'},{'D7'},,,,,,&,12.0,&
{'R2'},{'R3'},{'D2'},{'R1'},{'D7'},{'D4'},,,,,&,2.0,&
{'R2'},{'R3'},{'D2'},{'R1'},{'D7'},{'D4'},{'D3'},,,,&,1.0,&
{'R2'},{'R3'},{'D2'},{'R1'},{'D7'},{'D4'},{'D3'},{'D6'},,,&,1.0,&
{'R2'},{'R3'},{'D2'},{'R1'},{'D7'},{'D4'},{'D3'},{'D1'},,,&,2.0,&
{'R2'},{'R3'},{'D2'},{'R1'},{'D7'},{'D4'},{'D1'},,,,&,2.0,&
{'R2'},{'R3'},{'D2'},{'R1'},{'D7'},{'D4'},{'D1'},{'D5'},{'D3'},{'D6'},&,1.0,&
{'R2'},{'R3'},{'D2'},{'R1'},{'D7'},{'D4'},{'D1'},{'D3'},{'D6'},{'D5'},&,1.0,&
{'R2'},{'R3'},{'D2'},{'R1'},{'D7'},{'D4'},{'D5'},{'D1'},,,&,1.0,&
{'R2'},{'R3'},{'D2'},{'R1'},{'D7'},{'D3'},{'D1'},{'D4'},,,&,1.0,&
{'R2'},{'R3'},{'D2'},{'R1'},{'D7'},{'D3'},{'D1'},{'D4'},{'D6'},{'D5'},&,1.0,&
{'R2'},{'R3'},{'D2'},{'R1'},{'D7'},{'D3'},{'D6'},{'D1'},{'D4'},{'D5'},&,1.0,&
{'R2'},{'R3'},{'D2'},{'R1'},{'D7'},{'D1'},,,,,&,9.0,&
{'R2'},{'R3'},{'D2'},{'R1'},{'D7'},{'D1'},{'D3'},,,,&,1.0,&
{'R2'},{'R3'},{'D2'},{'R1'},{'D7'},{'D1'},{'D3'},{'D4'},{'D6'},{'D5'},&,1.0,&
{'R2'},{'R3'},{'D2'},{'R1'},{'D7'},{'D1'},{'D3'},{'D4'},{'D5'},{'D6'},&,1.0,&
{'R2'},{'R3'},{'D2'},{'R1'},{'D7'},{'D1'},{'D5'},{'D3'},{'D4'},,&,1.0,&
{'R2'},{'R3'},{'D2'},{'R1'},{'D7'},{'D1'},{'D5'},{'D4'},{'D3'},{'D6'},&,1.0,&
{'R2'},{'R3'},{'D2'},{'R1'},{'D7'},{'D1'},{'D4'},,,,&,6.0,&
{'R2'},{'R3'},{'D2'},{'R1'},{'D7'},{'D1'},{'D4'},{'D5'},{'D3'},{'D6'},&,1.0,&
{'R2'},{'R3'},{'D2'},{'R1'},{'D7'},{'D1'},{'D4'},{'D6'},,,&,1.0,&
{'R2'},{'R3'},{'D2'},{'R1'},{'D7'},{'D1'},{'D4'},{'D6'},{'D3'},,&,1.0,&
{'R2'},{'R3'},{'D2'},{'R1'},{'D7'},{'D1'},{'D4'},{'D6'},{'D3'},{'D5'},&,1.0,&
{'R2'},{'R3'},{'D2'},{'R1'},{'D7'},{'D1'},{'D4'},{'D3'},,,&,1.0,&
{'R2'},{'R3'},{'D2'},{'R1'},{'D7'},{'D1'},{'D4'},{'D3'},{'D6'},,&,1.0,&
{'R2'},{'R3'},{'D2'},{'R1'},{'D7'},{'D1'},{'D6'},,,,&,2.0,&
{'R2'},{'R3'},{'D2'},{'R1'},{'D7'},{'D1'},{'D6'},{'D3'},,,&,1.0,&
{'R2'},{'R3'},{'D2'},{'R1'},{'D7'},{'D1'},{'D6'},{'D4'},,,&,1.0,&
{'R2'},{'R3'},{'D2'},{'R1'},{'D7'},{'D1'},{'D6'},{'D4'},{'D3'},{'D5'},&,1.0,&
{'R2'},{'R3'},{'D2'},{'R1'},{'D7'},{'D5'},,,,,&,1.0,&
{'R2'},{'R3'},{'D2'},{'R1'},{'D7'},{'D6'},,,,,&,2.0,&
{'R2'},{'R3'},{'D2'},{'R1'},{'D7'},{'D6'},{'D1'},,,,&,1.0,&
{'R2'},{'R3'},{'D2'},{'R1'},{'D7'},{'D6'},{'D1'},{'D4'},{'D3'},{'D5'},&,2.0,&
{'R2'},{'R3'},{'D2'},{'R1'},{'D7'},{'D6'},{'D4'},{'D1'},,,&,2.0,&
{'R2'},{'R3'},{'D2'},{'R1'},{'D7'},{'D6'},{'D4'},{'D1'},{'D3'},{'D5'},&,1.0,&
{'R2'},{'R3'},{'D2'},{'R1'},{'D1'},,,,,,&,13.0,&
{'R2'},{'R3'},{'D2'},{'R1'},{'D1'},{'D4'},,,,,&,4.0,&
{'R2'},{'R3'},{'D2'},{'R1'},{'D1'},{'D4'},{'D3'},{'D6'},{'D7'},{'D5'},&,1.0,&
{'R2'},{'R3'},{'D2'},{'R1'},{'D1'},{'D4'},{'D7'},,,,&,2.0,&
{'R2'},{'R3'},{'D2'},{'R1'},{'D1'},{'D4'},{'D7'},{'D6'},,,&,1.0,&
{'R2'},{'R3'},{'D2'},{'R1'},{'D1'},{'D4'},{'D7'},{'D6'},{'D3'},{'D5'},&,1.0,&
{'R2'},{'R3'},{'D2'},{'R1'},{'D1'},{'D4'},{'D7'},{'D3'},,,&,2.0,&
{'R2'},{'R3'},{'D2'},{'R1'},{'D1'},{'D4'},{'D7'},{'D3'},{'D6'},{'D5'},&,2.0,&
{'R2'},{'R3'},{'D2'},{'R1'},{'D1'},{'D3'},{'D7'},,,,&,2.0,&
{'R2'},{'R3'},{'D2'},{'R1'},{'D1'},{'D3'},{'D7'},{'D6'},{'D4'},{'D5'},&,1.0,&
{'R2'},{'R3'},{'D2'},{'R1'},{'D1'},{'D3'},{'D7'},{'D4'},{'D5'},,&,1.0,&
{'R2'},{'R3'},{'D2'},{'R1'},{'D1'},{'D3'},{'D4'},,,,&,1.0,&
{'R2'},{'R3'},{'D2'},{'R1'},{'D1'},{'D5'},{'D7'},,,,&,1.0,&
{'R2'},{'R3'},{'D2'},{'R1'},{'D1'},{'D7'},,,,,&,6.0,&
{'R2'},{'R3'},{'D2'},{'R1'},{'D1'},{'D7'},{'D3'},,,,&,1.0,&
{'R2'},{'R3'},{'D2'},{'R1'},{'D1'},{'D7'},{'D3'},{'D4'},{'D6'},{'D5'},&,1.0,&
{'R2'},{'R3'},{'D2'},{'R1'},{'D1'},{'D7'},{'D4'},,,,&,5.0,&
{'R2'},{'R3'},{'D2'},{'R1'},{'D1'},{'D7'},{'D4'},{'D6'},,,&,1.0,&
{'R2'},{'R3'},{'D2'},{'R1'},{'D1'},{'D7'},{'D4'},{'D6'},{'D3'},,&,1.0,&
{'R2'},{'R3'},{'D2'},{'R1'},{'D1'},{'D7'},{'D4'},{'D3'},,,&,1.0,&
{'R2'},{'R3'},{'D2'},{'R1'},{'D1'},{'D7'},{'D4'},{'D3'},{'D6'},,&,1.0,&
{'R2'},{'R3'},{'D2'},{'R1'},{'D1'},{'D7'},{'D4'},{'D3'},{'D6'},{'D5'},&,1.0,&
{'R2'},{'R3'},{'D2'},{'R1'},{'D1'},{'D7'},{'D4'},{'D3'},{'D5'},{'D6'},&,1.0,&
{'R2'},{'R3'},{'D2'},{'R1'},{'D1'},{'D7'},{'D6'},{'D3'},,,&,2.0,&
{'R2'},{'R3'},{'D2'},{'R1'},{'D1'},{'D7'},{'D6'},{'D4'},,,&,1.0,&
{'R2'},{'R3'},{'D2'},{'R1'},{'D1'},{'D6'},,,,,&,1.0,&
{'R2'},{'R3'},{'D2'},{'R1'},{'D1'},{'D6'},{'D3'},,,,&,1.0,&
{'R2'},{'R3'},{'D2'},{'R1'},{'D1'},{'D6'},{'D7'},,,,&,1.0,&
{'R2'},{'R3'},{'D2'},{'R1'},{'D1'},{'D6'},{'D7'},{'D5'},,,&,1.0,&
{'R2'},{'R3'},{'D2'},{'R1'},{'D1'},{'D6'},{'D4'},{'D7'},{'D3'},{'D5'},&,1.0,&
{'R2'},{'R3'},{'D2'},{'R1'},{'D4'},,,,,,&,4.0,&
{'R2'},{'R3'},{'D2'},{'R1'},{'D4'},{'D3'},,,,,&,1.0,&
{'R2'},{'R3'},{'D2'},{'R1'},{'D4'},{'D1'},,,,,&,1.0,&
{'R2'},{'R3'},{'D2'},{'R1'},{'D4'},{'D1'},{'D7'},,,,&,1.0,&
{'R2'},{'R3'},{'D2'},{'R1'},{'D4'},{'D1'},{'D7'},{'D3'},{'D6'},{'D5'},&,2.0,&
{'R2'},{'R3'},{'D2'},{'R1'},{'D4'},{'D7'},{'D3'},,,,&,1.0,&
{'R2'},{'R3'},{'D2'},{'R1'},{'D4'},{'D7'},{'D1'},,,,&,1.0,&
{'R2'},{'R3'},{'D2'},{'R1'},{'D4'},{'D7'},{'D1'},{'D6'},,,&,1.0,&
{'R2'},{'R3'},{'D2'},{'R1'},{'D4'},{'D7'},{'D1'},{'D6'},{'D3'},{'D5'},&,2.0,&
{'R2'},{'R3'},{'D2'},{'R1'},{'D4'},{'D6'},,,,,&,1.0,&
{'R2'},{'R3'},{'D2'},{'R1'},{'D4'},{'D6'},{'D7'},{'D1'},,,&,1.0,&
{'R2'},{'R3'},{'D2'},{'R1'},{'D6'},,,,,,&,4.0,&
{'R2'},{'R3'},{'D2'},{'R1'},{'D6'},{'D4'},{'D1'},{'D7'},,,&,1.0,&
{'R2'},{'R3'},{'D2'},{'R1'},{'D6'},{'D7'},,,,,&,1.0,&
{'R2'},{'R3'},{'D2'},{'R1'},{'D6'},{'D7'},{'D1'},,,,&,1.0,&
{'R2'},{'R3'},{'D2'},{'R1'},{'D6'},{'D7'},{'D1'},{'D5'},{'D3'},{'D4'},&,1.0,&
{'R2'},{'R3'},{'D2'},{'R1'},{'D3'},,,,,,&,3.0,&
{'R2'},{'R3'},{'D2'},{'R1'},{'D3'},{'D1'},,,,,&,2.0,&
{'R2'},{'R3'},{'D2'},{'R1'},{'D3'},{'D1'},{'D7'},{'D4'},{'D6'},{'D5'},&,1.0,&
{'R2'},{'R3'},{'D2'},{'R1'},{'D3'},{'D1'},{'D4'},{'D7'},{'D6'},{'D5'},&,1.0,&
{'R2'},{'R3'},{'D2'},{'R1'},{'D3'},{'D1'},{'D6'},{'D7'},,,&,1.0,&
{'R2'},{'R3'},{'D2'},{'R1'},{'D3'},{'D7'},{'D1'},,,,&,1.0,&
{'R2'},{'R3'},{'D2'},{'R1'},{'D3'},{'D7'},{'D1'},{'D6'},{'D4'},{'D5'},&,1.0,&
{'R2'},{'R3'},{'D2'},{'R1'},{'D3'},{'D7'},{'D1'},{'D4'},{'D6'},{'D5'},&,1.0,&
{'R2'},{'R3'},{'D2'},{'R1'},{'D3'},{'D7'},{'D4'},,,,&,1.0,&
{'R2'},{'R3'},{'D2'},{'R1'},{'D3'},{'D7'},{'D4'},{'D5'},,,&,1.0,&
{'R2'},{'R3'},{'D2'},{'R1'},{'D3'},{'D6'},,,,,&,1.0,&
{'R2'},{'R3'},{'D2'},{'R1'},{'D5'},,,,,,&,1.0,&
{'R2'},{'R3'},{'D2'},{'R1'},{'D5'},{'D4'},,,,,&,1.0,&
{'R2'},{'R3'},{'D2'},{'R1'},{'D5'},{'D7'},{'D4'},{'D1'},{'D6'},{'D3'},&,1.0,&
{'R2'},{'R3'},{'D2'},{'D7'},,,,,,,&,27.0,&
{'R2'},{'R3'},{'D2'},{'D7'},{'R1'},,,,,,&,11.0,&
{'R2'},{'R3'},{'D2'},{'D7'},{'R1'},{'D4'},,,,,&,1.0,&
{'R2'},{'R3'},{'D2'},{'D7'},{'R1'},{'D4'},{'D3'},{'D1'},,,&,1.0,&
{'R2'},{'R3'},{'D2'},{'D7'},{'R1'},{'D4'},{'D1'},{'D6'},,,&,2.0,&
{'R2'},{'R3'},{'D2'},{'D7'},{'R1'},{'D4'},{'D1'},{'D6'},{'D3'},{'D5'},&,1.0,&
{'R2'},{'R3'},{'D2'},{'D7'},{'R1'},{'D4'},{'D1'},{'D3'},{'D6'},{'D5'},&,1.0,&
{'R2'},{'R3'},{'D2'},{'D7'},{'R1'},{'D4'},{'D1'},{'D3'},{'D5'},{'D6'},&,1.0,&
{'R2'},{'R3'},{'D2'},{'D7'},{'R1'},{'D4'},{'D5'},{'D1'},,,&,1.0,&
{'R2'},{'R3'},{'D2'},{'D7'},{'R1'},{'D4'},{'D6'},{'D1'},{'D3'},{'D5'},&,2.0,&
{'R2'},{'R3'},{'D2'},{'D7'},{'R1'},{'D3'},{'D1'},,,,&,2.0,&
{'R2'},{'R3'},{'D2'},{'D7'},{'R1'},{'D3'},{'D1'},{'D4'},,,&,1.0,&
{'R2'},{'R3'},{'D2'},{'D7'},{'R1'},{'D3'},{'D6'},{'D4'},,,&,1.0,&
{'R2'},{'R3'},{'D2'},{'D7'},{'R1'},{'D1'},,,,,&,6.0,&
{'R2'},{'R3'},{'D2'},{'D7'},{'R1'},{'D1'},{'D3'},,,,&,2.0,&
{'R2'},{'R3'},{'D2'},{'D7'},{'R1'},{'D1'},{'D3'},{'D4'},{'D6'},,&,2.0,&
{'R2'},{'R3'},{'D2'},{'D7'},{'R1'},{'D1'},{'D3'},{'D4'},{'D6'},{'D5'},&,1.0,&
{'R2'},{'R3'},{'D2'},{'D7'},{'R1'},{'D1'},{'D5'},{'D4'},{'D3'},{'D6'},&,1.0,&
{'R2'},{'R3'},{'D2'},{'D7'},{'R1'},{'D1'},{'D4'},,,,&,4.0,&
{'R2'},{'R3'},{'D2'},{'D7'},{'R1'},{'D1'},{'D4'},{'D5'},,,&,2.0,&
{'R2'},{'R3'},{'D2'},{'D7'},{'R1'},{'D1'},{'D4'},{'D6'},,,&,1.0,&
{'R2'},{'R3'},{'D2'},{'D7'},{'R1'},{'D1'},{'D4'},{'D6'},{'D3'},{'D5'},&,1.0,&
{'R2'},{'R3'},{'D2'},{'D7'},{'R1'},{'D1'},{'D4'},{'D3'},{'D6'},{'D5'},&,1.0,&
{'R2'},{'R3'},{'D2'},{'D7'},{'R1'},{'D1'},{'D4'},{'D3'},{'D5'},{'D6'},&,1.0,&
{'R2'},{'R3'},{'D2'},{'D7'},{'R1'},{'D1'},{'D6'},{'D3'},{'D4'},{'D5'},&,1.0,&
{'R2'},{'R3'},{'D2'},{'D7'},{'R1'},{'D1'},{'D6'},{'D4'},,,&,2.0,&
{'R2'},{'R3'},{'D2'},{'D7'},{'R1'},{'D1'},{'D6'},{'D4'},{'D3'},{'D5'},&,1.0,&
{'R2'},{'R3'},{'D2'},{'D7'},{'R1'},{'D5'},{'D4'},{'D1'},,,&,1.0,&
{'R2'},{'R3'},{'D2'},{'D7'},{'R1'},{'D6'},{'D1'},,,,&,1.0,&
{'R2'},{'R3'},{'D2'},{'D7'},{'R1'},{'D6'},{'D1'},{'D5'},,,&,1.0,&
{'R2'},{'R3'},{'D2'},{'D7'},{'R1'},{'D6'},{'D1'},{'D3'},,,&,1.0,&
{'R2'},{'R3'},{'D2'},{'D7'},{'R1'},{'D6'},{'D1'},{'D4'},{'D3'},{'D5'},&,1.0,&
{'R2'},{'R3'},{'D2'},{'D7'},{'R1'},{'D6'},{'D5'},{'D1'},,,&,1.0,&
{'R2'},{'R3'},{'D2'},{'D7'},{'D1'},,,,,,&,10.0,&
{'R2'},{'R3'},{'D2'},{'D7'},{'D1'},{'D4'},,,,,&,5.0,&
{'R2'},{'R3'},{'D2'},{'D7'},{'D1'},{'D4'},{'R1'},,,,&,2.0,&
{'R2'},{'R3'},{'D2'},{'D7'},{'D1'},{'D4'},{'R1'},{'D6'},{'D5'},{'D3'},&,1.0,&
{'R2'},{'R3'},{'D2'},{'D7'},{'D1'},{'D4'},{'R1'},{'D6'},{'D3'},,&,1.0,&
{'R2'},{'R3'},{'D2'},{'D7'},{'D1'},{'D4'},{'R1'},{'D6'},{'D3'},{'D5'},&,1.0,&
{'R2'},{'R3'},{'D2'},{'D7'},{'D1'},{'D4'},{'D6'},{'R1'},,,&,1.0,&
{'R2'},{'R3'},{'D2'},{'D7'},{'D1'},{'R1'},,,,,&,4.0,&
{'R2'},{'R3'},{'D2'},{'D7'},{'D1'},{'R1'},{'D3'},,,,&,2.0,&
{'R2'},{'R3'},{'D2'},{'D7'},{'D1'},{'R1'},{'D3'},{'D6'},,,&,1.0,&
{'R2'},{'R3'},{'D2'},{'D7'},{'D1'},{'R1'},{'D3'},{'D6'},{'D4'},{'D5'},&,1.0,&
{'R2'},{'R3'},{'D2'},{'D7'},{'D1'},{'R1'},{'D4'},{'D6'},,,&,1.0,&
{'R2'},{'R3'},{'D2'},{'D7'},{'D1'},{'R1'},{'D4'},{'D3'},{'D6'},{'D5'},&,2.0,&
{'R2'},{'R3'},{'D2'},{'D7'},{'D1'},{'R1'},{'D6'},,,,&,1.0,&
{'R2'},{'R3'},{'D2'},{'D7'},{'D1'},{'R1'},{'D6'},{'D3'},,,&,1.0,&
{'R2'},{'R3'},{'D2'},{'D7'},{'D1'},{'R1'},{'D6'},{'D4'},,,&,1.0,&
{'R2'},{'R3'},{'D2'},{'D7'},{'D1'},{'D3'},{'R1'},{'D4'},{'D6'},{'D5'},&,2.0,&
{'R2'},{'R3'},{'D2'},{'D7'},{'D1'},{'D3'},{'D4'},{'D6'},,,&,1.0,&
{'R2'},{'R3'},{'D2'},{'D7'},{'D1'},{'D5'},{'R1'},,,,&,1.0,&
{'R2'},{'R3'},{'D2'},{'D7'},{'D1'},{'D5'},{'R1'},{'D4'},{'D6'},,&,1.0,&
{'R2'},{'R3'},{'D2'},{'D7'},{'D1'},{'D6'},,,,,&,2.0,&
{'R2'},{'R3'},{'D2'},{'D7'},{'D4'},,,,,,&,5.0,&
{'R2'},{'R3'},{'D2'},{'D7'},{'D4'},{'R1'},,,,,&,2.0,&
{'R2'},{'R3'},{'D2'},{'D7'},{'D4'},{'R1'},{'D1'},,,,&,2.0,&
{'R2'},{'R3'},{'D2'},{'D7'},{'D4'},{'R1'},{'D1'},{'D6'},{'D3'},,&,2.0,&
{'R2'},{'R3'},{'D2'},{'D7'},{'D4'},{'D1'},,,,,&,3.0,&
{'R2'},{'R3'},{'D2'},{'D7'},{'D4'},{'D1'},{'D3'},,,,&,1.0,&
{'R2'},{'R3'},{'D2'},{'D7'},{'D4'},{'D1'},{'D3'},{'R1'},,,&,1.0,&
{'R2'},{'R3'},{'D2'},{'D7'},{'D4'},{'D1'},{'R1'},,,,&,2.0,&
{'R2'},{'R3'},{'D2'},{'D7'},{'D4'},{'D1'},{'R1'},{'D5'},{'D6'},,&,1.0,&
{'R2'},{'R3'},{'D2'},{'D7'},{'D4'},{'D1'},{'R1'},{'D3'},,,&,1.0,&
{'R2'},{'R3'},{'D2'},{'D7'},{'D4'},{'D1'},{'R1'},{'D3'},{'D6'},,&,1.0,&
{'R2'},{'R3'},{'D2'},{'D7'},{'D4'},{'D1'},{'D6'},{'D3'},,,&,1.0,&
{'R2'},{'R3'},{'D2'},{'D7'},{'D4'},{'D1'},{'D6'},{'D3'},{'R1'},{'D5'},&,1.0,&
{'R2'},{'R3'},{'D2'},{'D7'},{'D4'},{'D6'},{'D1'},{'D3'},{'D5'},{'R1'},&,1.0,&
{'R2'},{'R3'},{'D2'},{'D7'},{'D6'},,,,,,&,1.0,&
{'R2'},{'R3'},{'D2'},{'D7'},{'D6'},{'R1'},{'D1'},,,,&,1.0,&
{'R2'},{'R3'},{'D2'},{'D7'},{'D6'},{'R1'},{'D5'},{'D4'},,,&,1.0,&
{'R2'},{'R3'},{'D2'},{'D7'},{'D6'},{'D1'},,,,,&,3.0,&
{'R2'},{'R3'},{'D2'},{'D7'},{'D6'},{'D1'},{'R1'},{'D4'},{'D3'},,&,1.0,&
{'R2'},{'R3'},{'D2'},{'D7'},{'D3'},,,,,,&,1.0,&
{'R2'},{'R3'},{'D2'},{'D7'},{'D3'},{'D4'},{'R1'},,,,&,1.0,&
{'R2'},{'R3'},{'D2'},{'D7'},{'D3'},{'R1'},,,,,&,2.0,&
{'R2'},{'R3'},{'D2'},{'D7'},{'D3'},{'R1'},{'D1'},{'D4'},,,&,1.0,&
{'R2'},{'R3'},{'D2'},{'D7'},{'D3'},{'R1'},{'D1'},{'D4'},{'D6'},,&,1.0,&
{'R2'},{'R3'},{'D2'},{'D7'},{'D3'},{'D1'},{'R1'},{'D5'},{'D6'},{'D4'},&,1.0,&
{'R2'},{'R3'},{'D2'},{'D7'},{'D3'},{'D1'},{'R1'},{'D4'},{'D6'},{'D5'},&,1.0,&
{'R2'},{'R3'},{'D2'},{'D7'},{'D3'},{'D1'},{'D6'},{'D4'},,,&,1.0,&
{'R2'},{'R3'},{'D2'},{'D7'},{'D3'},{'D1'},{'D6'},{'D4'},{'R1'},,&,1.0,&
{'R2'},{'R3'},{'D2'},{'D7'},{'D5'},{'R1'},{'D4'},{'D1'},{'D6'},{'D3'},&,1.0,&
{'R2'},{'R3'},{'D2'},{'D4'},,,,,,,&,9.0,&
{'R2'},{'R3'},{'D2'},{'D4'},{'D7'},,,,,,&,4.0,&
{'R2'},{'R3'},{'D2'},{'D4'},{'D7'},{'R1'},,,,,&,1.0,&
{'R2'},{'R3'},{'D2'},{'D4'},{'D7'},{'R1'},{'D1'},,,,&,1.0,&
{'R2'},{'R3'},{'D2'},{'D4'},{'D7'},{'R1'},{'D1'},{'D6'},,,&,1.0,&
{'R2'},{'R3'},{'D2'},{'D4'},{'D7'},{'R1'},{'D1'},{'D3'},,,&,2.0,&
{'R2'},{'R3'},{'D2'},{'D4'},{'D7'},{'D3'},{'D1'},{'R1'},{'D6'},{'D5'},&,1.0,&
{'R2'},{'R3'},{'D2'},{'D4'},{'D7'},{'D1'},,,,,&,1.0,&
{'R2'},{'R3'},{'D2'},{'D4'},{'D7'},{'D1'},{'R1'},,,,&,1.0,&
{'R2'},{'R3'},{'D2'},{'D4'},{'D7'},{'D1'},{'R1'},{'D6'},,,&,1.0,&
{'R2'},{'R3'},{'D2'},{'D4'},{'D7'},{'D1'},{'R1'},{'D6'},{'D3'},,&,1.0,&
{'R2'},{'R3'},{'D2'},{'D4'},{'D7'},{'D1'},{'D6'},{'R1'},,,&,1.0,&
{'R2'},{'R3'},{'D2'},{'D4'},{'D7'},{'D6'},{'R1'},,,,&,1.0,&
{'R2'},{'R3'},{'D2'},{'D4'},{'R1'},,,,,,&,6.0,&
{'R2'},{'R3'},{'D2'},{'D4'},{'R1'},{'D3'},{'D7'},{'D1'},{'D6'},{'D5'},&,1.0,&
{'R2'},{'R3'},{'D2'},{'D4'},{'R1'},{'D1'},,,,,&,1.0,&
{'R2'},{'R3'},{'D2'},{'D4'},{'R1'},{'D1'},{'D7'},,,,&,3.0,&
{'R2'},{'R3'},{'D2'},{'D4'},{'R1'},{'D1'},{'D7'},{'D3'},,,&,1.0,&
{'R2'},{'R3'},{'D2'},{'D4'},{'R1'},{'D1'},{'D7'},{'D3'},{'D5'},{'D6'},&,1.0,&
{'R2'},{'R3'},{'D2'},{'D4'},{'R1'},{'D7'},,,,,&,5.0,&
{'R2'},{'R3'},{'D2'},{'D4'},{'R1'},{'D7'},{'D3'},,,,&,1.0,&
{'R2'},{'R3'},{'D2'},{'D4'},{'R1'},{'D7'},{'D1'},,,,&,2.0,&
{'R2'},{'R3'},{'D2'},{'D4'},{'R1'},{'D7'},{'D1'},{'D6'},{'D5'},{'D3'},&,1.0,&
{'R2'},{'R3'},{'D2'},{'D4'},{'R1'},{'D6'},,,,,&,1.0,&
{'R2'},{'R3'},{'D2'},{'D4'},{'R1'},{'D6'},{'D1'},{'D7'},{'D3'},,&,1.0,&
{'R2'},{'R3'},{'D2'},{'D4'},{'D1'},,,,,,&,2.0,&
{'R2'},{'R3'},{'D2'},{'D4'},{'D1'},{'R1'},,,,,&,1.0,&
{'R2'},{'R3'},{'D2'},{'D4'},{'D1'},{'R1'},{'D7'},{'D3'},{'D6'},,&,1.0,&
{'R2'},{'R3'},{'D2'},{'D4'},{'D1'},{'D7'},,,,,&,2.0,&
{'R2'},{'R3'},{'D2'},{'D4'},{'D1'},{'D7'},{'R1'},,,,&,1.0,&
{'R2'},{'R3'},{'D2'},{'D4'},{'D1'},{'D7'},{'D6'},{'D3'},,,&,1.0,&
{'R2'},{'R3'},{'D2'},{'D4'},{'D1'},{'D7'},{'D6'},{'R1'},,,&,1.0,&
{'R2'},{'R3'},{'D2'},{'D4'},{'D1'},{'D7'},{'D6'},{'R1'},{'D3'},,&,1.0,&
{'R2'},{'R3'},{'D2'},{'D4'},{'D1'},{'D6'},{'D7'},{'D5'},,,&,1.0,&
{'R2'},{'R3'},{'D2'},{'D4'},{'D6'},{'D1'},{'D7'},{'R1'},{'D5'},,&,1.0,&
{'R2'},{'R3'},{'D2'},{'D4'},{'D3'},,,,,,&,1.0,&
{'R2'},{'R3'},{'D2'},{'D3'},,,,,,,&,3.0,&
{'R2'},{'R3'},{'D2'},{'D3'},{'D7'},,,,,,&,1.0,&
{'R2'},{'R3'},{'D2'},{'D3'},{'D7'},{'D4'},{'R1'},{'D6'},{'D1'},,&,1.0,&
{'R2'},{'R3'},{'D2'},{'D3'},{'D7'},{'R1'},{'D1'},{'D5'},{'D4'},{'D6'},&,1.0,&
{'R2'},{'R3'},{'D2'},{'D3'},{'D7'},{'R1'},{'D5'},{'D1'},{'D4'},,&,1.0,&
{'R2'},{'R3'},{'D2'},{'D3'},{'D7'},{'D1'},{'R1'},{'D4'},,,&,1.0,&
{'R2'},{'R3'},{'D2'},{'D3'},{'D7'},{'D1'},{'D4'},{'R1'},,,&,1.0,&
{'R2'},{'R3'},{'D2'},{'D3'},{'D7'},{'D1'},{'D4'},{'R1'},{'D6'},{'D5'},&,1.0,&
{'R2'},{'R3'},{'D2'},{'D3'},{'R1'},,,,,,&,1.0,&
{'R2'},{'R3'},{'D2'},{'D3'},{'R1'},{'D1'},,,,,&,1.0,&
{'R2'},{'R3'},{'D2'},{'D3'},{'R1'},{'D1'},{'D7'},{'D4'},,,&,1.0,&
{'R2'},{'R3'},{'D2'},{'D3'},{'R1'},{'D1'},{'D7'},{'D4'},{'D6'},{'D5'},&,1.0,&
{'R2'},{'R3'},{'D2'},{'D3'},{'R1'},{'D1'},{'D7'},{'D4'},{'D5'},{'D6'},&,1.0,&
{'R2'},{'R3'},{'D2'},{'D3'},{'R1'},{'D1'},{'D4'},{'D7'},{'D5'},,&,1.0,&
{'R2'},{'R3'},{'D2'},{'D3'},{'R1'},{'D1'},{'D6'},{'D5'},{'D7'},{'D4'},&,1.0,&
{'R2'},{'R3'},{'D2'},{'D3'},{'R1'},{'D5'},{'D1'},{'D4'},,,&,1.0,&
{'R2'},{'R3'},{'D2'},{'D3'},{'R1'},{'D7'},,,,,&,1.0,&
{'R2'},{'R3'},{'D2'},{'D3'},{'R1'},{'D7'},{'D1'},{'D6'},,,&,1.0,&
{'R2'},{'R3'},{'D2'},{'D3'},{'R1'},{'D7'},{'D1'},{'D6'},{'D4'},{'D5'},&,1.0,&
{'R2'},{'R3'},{'D2'},{'D3'},{'R1'},{'D7'},{'D1'},{'D4'},{'D6'},{'D5'},&,1.0,&
{'R2'},{'R3'},{'D2'},{'D3'},{'D1'},{'D4'},{'D7'},,,,&,1.0,&
{'R2'},{'R3'},{'D2'},{'D3'},{'D1'},{'R1'},,,,,&,1.0,&
{'R2'},{'R3'},{'D2'},{'D3'},{'D4'},,,,,,&,2.0,&
{'R2'},{'R3'},{'D2'},{'D3'},{'D4'},{'D1'},{'D7'},,,,&,1.0,&
{'R2'},{'R3'},{'D2'},{'D6'},,,,,,,&,3.0,&
{'R2'},{'R3'},{'D2'},{'D6'},{'D7'},,,,,,&,3.0,&
{'R2'},{'R3'},{'D2'},{'D6'},{'D7'},{'R1'},,,,,&,1.0,&
{'R2'},{'R3'},{'D2'},{'D6'},{'D7'},{'D3'},{'R1'},,,,&,1.0,&
{'R2'},{'R3'},{'D2'},{'D6'},{'R1'},,,,,,&,1.0,&
{'R2'},{'R3'},{'D2'},{'D6'},{'R1'},{'D1'},{'D7'},,,,&,1.0,&
{'R2'},{'R3'},{'D2'},{'D6'},{'R1'},{'D7'},,,,,&,1.0,&
{'R2'},{'R3'},{'D2'},{'D6'},{'R1'},{'D7'},{'D3'},,,,&,1.0,&
{'R2'},{'R3'},{'D2'},{'D6'},{'R1'},{'D7'},{'D1'},{'D3'},,,&,1.0,&
{'R2'},{'R3'},{'D2'},{'D6'},{'R1'},{'D7'},{'D5'},,,,&,1.0,&
{'R2'},{'R3'},{'D2'},{'D6'},{'D1'},,,,,,&,3.0,&
{'R2'},{'R3'},{'D2'},{'D6'},{'D1'},{'R1'},{'D4'},{'D7'},{'D3'},,&,1.0,&
{'R2'},{'R3'},{'D2'},{'D6'},{'D3'},{'R1'},{'D1'},,,,&,1.0,&
{'R2'},{'R3'},{'D2'},{'D5'},{'R1'},{'D4'},{'D1'},,,,&,1.0,&
{'R2'},{'R3'},{'D3'},,,,,,,,&,14.0,&
{'R2'},{'R3'},{'D3'},{'D2'},,,,,,,&,3.0,&
{'R2'},{'R3'},{'D3'},{'D2'},{'D7'},{'D4'},{'D1'},,,,&,1.0,&
{'R2'},{'R3'},{'D3'},{'D2'},{'D7'},{'R1'},,,,,&,2.0,&
{'R2'},{'R3'},{'D3'},{'D2'},{'D7'},{'R1'},{'D1'},{'D4'},{'D6'},{'D5'},&,1.0,&
{'R2'},{'R3'},{'D3'},{'D2'},{'D7'},{'D1'},{'R1'},{'D6'},{'D4'},{'D5'},&,1.0,&
{'R2'},{'R3'},{'D3'},{'D2'},{'D7'},{'D6'},,,,,&,1.0,&
{'R2'},{'R3'},{'D3'},{'D2'},{'R1'},,,,,,&,1.0,&
{'R2'},{'R3'},{'D3'},{'D2'},{'R1'},{'D4'},{'D7'},{'D1'},,,&,1.0,&
{'R2'},{'R3'},{'D3'},{'D2'},{'R1'},{'D1'},{'D4'},{'D7'},,,&,1.0,&
{'R2'},{'R3'},{'D3'},{'D2'},{'R1'},{'D7'},,,,,&,2.0,&
{'R2'},{'R3'},{'D3'},{'D2'},{'D1'},,,,,,&,1.0,&
{'R2'},{'R3'},{'D3'},{'D2'},{'D1'},{'D4'},{'R1'},,,,&,1.0,&
{'R2'},{'R3'},{'D3'},{'D2'},{'D4'},,,,,,&,1.0,&
{'R2'},{'R3'},{'D3'},{'D2'},{'D4'},{'R1'},{'D7'},{'D1'},{'D5'},{'D6'},&,1.0,&
{'R2'},{'R3'},{'D3'},{'D2'},{'D4'},{'D1'},{'R1'},,,,&,1.0,&
{'R2'},{'R3'},{'D3'},{'D2'},{'D4'},{'D7'},{'D1'},{'D5'},{'D6'},{'R1'},&,1.0,&
{'R2'},{'R3'},{'D3'},{'D2'},{'D6'},{'D7'},,,,,&,1.0,&
{'R2'},{'R3'},{'D3'},{'D1'},,,,,,,&,3.0,&
{'R2'},{'R3'},{'D3'},{'D1'},{'D7'},{'R1'},{'D2'},,,,&,1.0,&
{'R2'},{'R3'},{'D3'},{'D1'},{'R1'},{'D2'},{'D7'},,,,&,1.0,&
{'R2'},{'R3'},{'D3'},{'D1'},{'R1'},{'D2'},{'D7'},{'D4'},{'D6'},{'D5'},&,1.0,&
{'R2'},{'R3'},{'D3'},{'D1'},{'D2'},{'R1'},,,,,&,1.0,&
{'R2'},{'R3'},{'D3'},{'D1'},{'D2'},{'R1'},{'D4'},{'D6'},{'D7'},,&,1.0,&
{'R2'},{'R3'},{'D3'},{'D1'},{'D2'},{'R1'},{'D6'},,,,&,1.0,&
{'R2'},{'R3'},{'D3'},{'D1'},{'D2'},{'D7'},{'D6'},{'D5'},{'D4'},,&,1.0,&
{'R2'},{'R3'},{'D3'},{'D1'},{'D6'},{'D2'},{'D4'},{'D7'},{'R1'},,&,1.0,&
{'R2'},{'R3'},{'D3'},{'R1'},,,,,,,&,9.0,&
{'R2'},{'R3'},{'D3'},{'R1'},{'D7'},,,,,,&,2.0,&
{'R2'},{'R3'},{'D3'},{'R1'},{'D7'},{'D2'},,,,,&,2.0,&
{'R2'},{'R3'},{'D3'},{'R1'},{'D7'},{'D2'},{'D4'},{'D1'},{'D6'},,&,1.0,&
{'R2'},{'R3'},{'D3'},{'R1'},{'D7'},{'D2'},{'D6'},{'D1'},{'D4'},{'D5'},&,1.0,&
{'R2'},{'R3'},{'D3'},{'R1'},{'D7'},{'D6'},{'D2'},{'D1'},{'D4'},{'D5'},&,1.0,&
{'R2'},{'R3'},{'D3'},{'R1'},{'D1'},,,,,,&,4.0,&
{'R2'},{'R3'},{'D3'},{'R1'},{'D1'},{'D4'},{'D7'},{'D2'},{'D6'},{'D5'},&,1.0,&
{'R2'},{'R3'},{'D3'},{'R1'},{'D1'},{'D2'},,,,,&,1.0,&
{'R2'},{'R3'},{'D3'},{'R1'},{'D1'},{'D2'},{'D7'},,,,&,1.0,&
{'R2'},{'R3'},{'D3'},{'R1'},{'D1'},{'D2'},{'D7'},{'D6'},{'D4'},,&,1.0,&
{'R2'},{'R3'},{'D3'},{'R1'},{'D1'},{'D7'},{'D2'},{'D4'},{'D6'},{'D5'},&,1.0,&
{'R2'},{'R3'},{'D3'},{'R1'},{'D4'},{'D7'},,,,,&,1.0,&
{'R2'},{'R3'},{'D3'},{'R1'},{'D2'},,,,,,&,2.0,&
{'R2'},{'R3'},{'D3'},{'R1'},{'D2'},{'D4'},{'D7'},,,,&,1.0,&
{'R2'},{'R3'},{'D3'},{'R1'},{'D2'},{'D4'},{'D7'},{'D1'},,,&,1.0,&
{'R2'},{'R3'},{'D3'},{'R1'},{'D2'},{'D1'},,,,,&,1.0,&
{'R2'},{'R3'},{'D3'},{'R1'},{'D2'},{'D1'},{'D7'},{'D4'},,,&,1.0,&
{'R2'},{'R3'},{'D3'},{'R1'},{'D2'},{'D1'},{'D5'},,,,&,1.0,&
{'R2'},{'R3'},{'D3'},{'R1'},{'D2'},{'D7'},{'D1'},{'D4'},{'D6'},{'D5'},&,1.0,&
{'R2'},{'R3'},{'D3'},{'D7'},,,,,,,&,3.0,&
{'R2'},{'R3'},{'D3'},{'D7'},{'R1'},,,,,,&,2.0,&
{'R2'},{'R3'},{'D3'},{'D7'},{'R1'},{'D1'},,,,,&,2.0,&
{'R2'},{'R3'},{'D3'},{'D7'},{'R1'},{'D1'},{'D5'},,,,&,1.0,&
{'R2'},{'R3'},{'D3'},{'D7'},{'R1'},{'D6'},{'D2'},{'D4'},{'D1'},{'D5'},&,1.0,&
{'R2'},{'R3'},{'D3'},{'D7'},{'D1'},,,,,,&,1.0,&
{'R2'},{'R3'},{'D3'},{'D7'},{'D1'},{'D4'},{'R1'},,,,&,1.0,&
{'R2'},{'R3'},{'D3'},{'D7'},{'D1'},{'D2'},{'R1'},,,,&,1.0,&
{'R2'},{'R3'},{'D3'},{'D7'},{'D1'},{'D2'},{'D4'},{'R1'},{'D6'},,&,1.0,&
{'R2'},{'R3'},{'D3'},{'D7'},{'D4'},,,,,,&,1.0,&
{'R2'},{'R3'},{'D3'},{'D7'},{'D4'},{'R1'},{'D2'},,,,&,1.0,&
{'R2'},{'R3'},{'D3'},{'D7'},{'D4'},{'R1'},{'D2'},{'D1'},,,&,1.0,&
{'R2'},{'R3'},{'D3'},{'D7'},{'D4'},{'D1'},,,,,&,1.0,&
{'R2'},{'R3'},{'D3'},{'D7'},{'D2'},,,,,,&,1.0,&
{'R2'},{'R3'},{'D3'},{'D7'},{'D2'},{'R1'},{'D1'},{'D4'},{'D6'},{'D5'},&,1.0,&
{'R2'},{'R3'},{'D3'},{'D7'},{'D2'},{'D1'},{'R1'},{'D4'},{'D6'},{'D5'},&,1.0,&
{'R2'},{'R3'},{'D3'},{'D7'},{'D2'},{'D1'},{'D4'},{'R1'},{'D6'},,&,1.0,&
{'R2'},{'R3'},{'D3'},{'D7'},{'D6'},{'R1'},{'D2'},,,,&,2.0,&
{'R2'},{'R3'},{'D3'},{'D4'},,,,,,,&,1.0,&
{'R2'},{'R3'},{'D3'},{'D4'},{'D1'},,,,,,&,1.0,&
{'R2'},{'R3'},{'D3'},{'D4'},{'D1'},{'R1'},{'D7'},{'D2'},{'D6'},,&,1.0,&
{'R2'},{'R3'},{'D3'},{'D4'},{'D2'},{'R1'},,,,,&,1.0,&
{'R2'},{'R3'},{'D3'},{'D4'},{'D2'},{'D7'},{'D1'},{'R1'},,,&,1.0,&
{'R2'},{'R3'},{'D3'},{'D4'},{'D6'},,,,,,&,1.0,&
{'R2'},{'R3'},{'D3'},{'D6'},{'D7'},,,,,,&,1.0,&
{'R2'},{'R3'},{'D3'},{'D6'},{'D7'},{'R1'},{'D4'},{'D2'},{'D1'},,&,1.0,&
{'R2'},{'R3'},{'D3'},{'D6'},{'D2'},{'D7'},{'R1'},,,,&,1.0,&
{'R2'},{'R3'},{'D6'},,,,,,,,&,17.0,&
{'R2'},{'R3'},{'D6'},{'D2'},{'D7'},{'D1'},{'D4'},{'D3'},{'R1'},{'D5'},&,1.0,&
{'R2'},{'R3'},{'D6'},{'D2'},{'R1'},,,,,,&,1.0,&
{'R2'},{'R3'},{'D6'},{'D2'},{'R1'},{'D1'},{'D3'},,,,&,1.0,&
{'R2'},{'R3'},{'D6'},{'D2'},{'R1'},{'D1'},{'D7'},{'D4'},{'D3'},{'D5'},&,1.0,&
{'R2'},{'R3'},{'D6'},{'D2'},{'R1'},{'D7'},,,,,&,1.0,&
{'R2'},{'R3'},{'D6'},{'D2'},{'R1'},{'D7'},{'D1'},{'D4'},{'D5'},{'D3'},&,1.0,&
{'R2'},{'R3'},{'D6'},{'D2'},{'D1'},{'R1'},{'D7'},{'D3'},,,&,1.0,&
{'R2'},{'R3'},{'D6'},{'D2'},{'D1'},{'R1'},{'D7'},{'D4'},,,&,1.0,&
{'R2'},{'R3'},{'D6'},{'D2'},{'D1'},{'R1'},{'D7'},{'D4'},{'D3'},{'D5'},&,1.0,&
{'R2'},{'R3'},{'D6'},{'D2'},{'D1'},{'R1'},{'D4'},{'D7'},{'D3'},,&,1.0,&
{'R2'},{'R3'},{'D6'},{'D2'},{'D1'},{'D7'},{'R1'},{'D4'},{'D3'},{'D5'},&,1.0,&
{'R2'},{'R3'},{'D6'},{'D2'},{'D4'},{'D7'},{'D1'},{'R1'},{'D5'},,&,1.0,&
{'R2'},{'R3'},{'D6'},{'D2'},{'D3'},{'D7'},{'D1'},{'D4'},{'D5'},{'R1'},&,1.0,&
{'R2'},{'R3'},{'D6'},{'D2'},{'D3'},{'D7'},{'R1'},,,,&,1.0,&
{'R2'},{'R3'},{'D6'},{'D1'},,,,,,,&,1.0,&
{'R2'},{'R3'},{'D6'},{'D1'},{'D7'},{'R1'},,,,,&,1.0,&
{'R2'},{'R3'},{'D6'},{'D1'},{'D7'},{'R1'},{'D2'},,,,&,1.0,&
{'R2'},{'R3'},{'D6'},{'D1'},{'R1'},,,,,,&,1.0,&
{'R2'},{'R3'},{'D6'},{'D1'},{'R1'},{'D2'},,,,,&,1.0,&
{'R2'},{'R3'},{'D6'},{'D1'},{'D2'},{'R1'},{'D4'},,,,&,1.0,&
{'R2'},{'R3'},{'D6'},{'D1'},{'D2'},{'D7'},{'D3'},,,,&,1.0,&
{'R2'},{'R3'},{'D6'},{'R1'},,,,,,,&,4.0,&
{'R2'},{'R3'},{'D6'},{'R1'},{'D7'},{'D2'},,,,,&,1.0,&
{'R2'},{'R3'},{'D6'},{'R1'},{'D7'},{'D1'},,,,,&,2.0,&
{'R2'},{'R3'},{'D6'},{'R1'},{'D7'},{'D1'},{'D2'},{'D4'},{'D3'},{'D5'},&,1.0,&
{'R2'},{'R3'},{'D6'},{'R1'},{'D7'},{'D1'},{'D4'},{'D2'},{'D3'},,&,1.0,&
{'R2'},{'R3'},{'D6'},{'R1'},{'D1'},{'D3'},{'D7'},,,,&,1.0,&
{'R2'},{'R3'},{'D6'},{'R1'},{'D1'},{'D3'},{'D2'},{'D4'},{'D7'},{'D5'},&,1.0,&
{'R2'},{'R3'},{'D6'},{'R1'},{'D1'},{'D2'},,,,,&,1.0,&
{'R2'},{'R3'},{'D6'},{'R1'},{'D1'},{'D2'},{'D7'},{'D4'},,,&,1.0,&
{'R2'},{'R3'},{'D6'},{'R1'},{'D1'},{'D7'},,,,,&,1.0,&
{'R2'},{'R3'},{'D6'},{'R1'},{'D1'},{'D7'},{'D4'},{'D5'},{'D2'},,&,1.0,&
{'R2'},{'R3'},{'D6'},{'R1'},{'D4'},,,,,,&,1.0,&
{'R2'},{'R3'},{'D6'},{'R1'},{'D2'},{'D4'},,,,,&,1.0,&
{'R2'},{'R3'},{'D6'},{'R1'},{'D2'},{'D3'},{'D1'},,,,&,1.0,&
{'R2'},{'R3'},{'D6'},{'R1'},{'D2'},{'D1'},{'D7'},{'D3'},{'D4'},{'D5'},&,1.0,&
{'R2'},{'R3'},{'D6'},{'R1'},{'D2'},{'D1'},{'D7'},{'D4'},{'D5'},{'D3'},&,1.0,&
{'R2'},{'R3'},{'D6'},{'R1'},{'D2'},{'D5'},{'D1'},{'D7'},{'D4'},{'D3'},&,1.0,&
{'R2'},{'R3'},{'D6'},{'R1'},{'D2'},{'D7'},{'D1'},{'D4'},{'D3'},{'D5'},&,1.0,&
{'R2'},{'R3'},{'D6'},{'D7'},{'R1'},,,,,,&,1.0,&
{'R2'},{'R3'},{'D6'},{'D7'},{'R1'},{'D2'},{'D1'},{'D3'},{'D4'},,&,1.0,&
{'R2'},{'R3'},{'D6'},{'D7'},{'R1'},{'D2'},{'D4'},{'D1'},,,&,1.0,&
{'R2'},{'R3'},{'D6'},{'D7'},{'R1'},{'D1'},,,,,&,1.0,&
{'R2'},{'R3'},{'D6'},{'D7'},{'R1'},{'D1'},{'D3'},,,,&,1.0,&
{'R2'},{'R3'},{'D6'},{'D7'},{'R1'},{'D1'},{'D2'},{'D4'},,,&,1.0,&
{'R2'},{'R3'},{'D6'},{'D7'},{'D1'},{'D2'},{'D4'},{'D3'},{'R1'},,&,1.0,&
{'R2'},{'R3'},{'D6'},{'D7'},{'D4'},{'R1'},,,,,&,1.0,&
{'R2'},{'R3'},{'D6'},{'D7'},{'D4'},{'R1'},{'D1'},,,,&,1.0,&
{'R2'},{'R3'},{'D6'},{'D7'},{'D2'},,,,,,&,3.0,&
{'R2'},{'R3'},{'D6'},{'D7'},{'D2'},{'D1'},{'D3'},{'R1'},{'D4'},{'D5'},&,1.0,&
{'R2'},{'R3'},{'D6'},{'D4'},{'D7'},,,,,,&,1.0,&
{'R2'},{'R3'},{'D6'},{'D4'},{'R1'},,,,,,&,1.0,&
{'R2'},{'R3'},{'D6'},{'D3'},{'R1'},,,,,,&,1.0,&
{'R2'},{'R3'},{'D6'},{'D3'},{'R1'},{'D1'},{'D2'},{'D4'},,,&,1.0,&
{'R2'},{'R3'},{'D6'},{'D3'},{'D2'},{'R1'},{'D1'},,,,&,1.0,&
{'R2'},{'R3'},{'D5'},,,,,,,,&,3.0,&
{'R2'},{'R3'},{'D5'},{'D2'},,,,,,,&,1.0,&
{'R2'},{'R3'},{'D5'},{'D2'},{'R1'},{'D7'},,,,,&,1.0,&
{'R2'},{'R3'},{'D5'},{'D1'},,,,,,,&,1.0,&
{'R2'},{'R3'},{'D5'},{'D1'},{'D7'},{'R1'},,,,,&,1.0,&
{'R2'},{'R3'},{'D5'},{'D1'},{'R1'},{'D2'},{'D4'},,,,&,1.0,&
{'R2'},{'R3'},{'D5'},{'D1'},{'D2'},,,,,,&,1.0,&
{'R2'},{'R3'},{'D5'},{'D1'},{'D2'},{'R1'},{'D7'},{'D4'},{'D3'},{'D6'},&,1.0,&
{'R2'},{'R3'},{'D5'},{'R1'},,,,,,,&,1.0,&
{'R2'},{'R3'},{'D5'},{'R1'},{'D7'},{'D2'},{'D1'},{'D6'},,,&,1.0,&
{'R2'},{'R3'},{'D5'},{'R1'},{'D7'},{'D2'},{'D1'},{'D4'},{'D3'},,&,1.0,&
{'R2'},{'R3'},{'D5'},{'R1'},{'D1'},,,,,,&,1.0,&
{'R2'},{'R3'},{'D5'},{'R1'},{'D1'},{'D7'},{'D2'},{'D4'},{'D3'},{'D6'},&,1.0,&
{'R2'},{'R3'},{'D5'},{'R1'},{'D4'},,,,,,&,1.0,&
{'R2'},{'R3'},{'D5'},{'R1'},{'D2'},,,,,,&,1.0,&
{'R2'},{'R3'},{'D5'},{'R1'},{'D3'},{'D7'},{'D4'},,,,&,1.0,&
{'R2'},{'R3'},{'D5'},{'D7'},,,,,,,&,1.0,&
{'R2'},{'R3'},{'D5'},{'D7'},{'R1'},{'D3'},{'D2'},{'D1'},{'D4'},{'D6'},&,1.0,&
{'R2'},{'R3'},{'D5'},{'D7'},{'D4'},{'R1'},{'D1'},{'D2'},,,&,1.0,&
{'R2'},{'R3'},{'D5'},{'D7'},{'D2'},{'R1'},{'D3'},,,,&,1.0,&
{'R2'},{'R3'},{'D5'},{'D4'},{'D7'},{'D1'},{'D2'},{'D6'},{'R1'},,&,1.0,&
{'R2'},{'R3'},{'D5'},{'D4'},{'R1'},{'D7'},,,,,&,1.0,&
{'R2'},{'D4'},{'R3'},,,,,,,,&,42.0,&
{'R2'},{'D4'},{'R3'},{'D2'},,,,,,,&,7.0,&
{'R2'},{'D4'},{'R3'},{'D2'},{'D7'},,,,,,&,5.0,&
{'R2'},{'D4'},{'R3'},{'D2'},{'D7'},{'R1'},,,,,&,1.0,&
{'R2'},{'D4'},{'R3'},{'D2'},{'D7'},{'R1'},{'D1'},,,,&,1.0,&
{'R2'},{'D4'},{'R3'},{'D2'},{'D7'},{'R1'},{'D5'},{'D1'},{'D3'},,&,1.0,&
{'R2'},{'D4'},{'R3'},{'D2'},{'D7'},{'D3'},{'D1'},,,,&,1.0,&
{'R2'},{'D4'},{'R3'},{'D2'},{'D7'},{'D1'},{'D3'},{'R1'},{'D6'},,&,1.0,&
{'R2'},{'D4'},{'R3'},{'D2'},{'D7'},{'D1'},{'R1'},{'D5'},{'D6'},,&,1.0,&
{'R2'},{'D4'},{'R3'},{'D2'},{'D7'},{'D1'},{'R1'},{'D3'},{'D6'},,&,1.0,&
{'R2'},{'D4'},{'R3'},{'D2'},{'D7'},{'D1'},{'D5'},{'R1'},{'D6'},{'D3'},&,1.0,&
{'R2'},{'D4'},{'R3'},{'D2'},{'D7'},{'D1'},{'D6'},{'D3'},,,&,1.0,&
{'R2'},{'D4'},{'R3'},{'D2'},{'D7'},{'D6'},{'R1'},,,,&,1.0,&
{'R2'},{'D4'},{'R3'},{'D2'},{'R1'},,,,,,&,2.0,&
{'R2'},{'D4'},{'R3'},{'D2'},{'R1'},{'D1'},,,,,&,1.0,&
{'R2'},{'D4'},{'R3'},{'D2'},{'R1'},{'D1'},{'D7'},,,,&,1.0,&
{'R2'},{'D4'},{'R3'},{'D2'},{'R1'},{'D7'},,,,,&,1.0,&
{'R2'},{'D4'},{'R3'},{'D2'},{'R1'},{'D7'},{'D1'},,,,&,1.0,&
{'R2'},{'D4'},{'R3'},{'D2'},{'R1'},{'D7'},{'D1'},{'D5'},,,&,1.0,&
{'R2'},{'D4'},{'R3'},{'D2'},{'R1'},{'D7'},{'D1'},{'D6'},{'D3'},,&,1.0,&
{'R2'},{'D4'},{'R3'},{'D2'},{'R1'},{'D7'},{'D1'},{'D3'},{'D6'},{'D5'},&,1.0,&
{'R2'},{'D4'},{'R3'},{'D2'},{'D1'},,,,,,&,1.0,&
{'R2'},{'D4'},{'R3'},{'D2'},{'D1'},{'R1'},{'D7'},{'D6'},,,&,1.0,&
{'R2'},{'D4'},{'R3'},{'D2'},{'D1'},{'R1'},{'D7'},{'D6'},{'D5'},,&,1.0,&
{'R2'},{'D4'},{'R3'},{'D2'},{'D1'},{'R1'},{'D7'},{'D6'},{'D3'},,&,1.0,&
{'R2'},{'D4'},{'R3'},{'D2'},{'D1'},{'D7'},{'D3'},,,,&,1.0,&
{'R2'},{'D4'},{'R3'},{'D2'},{'D1'},{'D7'},{'R1'},{'D6'},,,&,1.0,&
{'R2'},{'D4'},{'R3'},{'D2'},{'D1'},{'D7'},{'D5'},,,,&,1.0,&
{'R2'},{'D4'},{'R3'},{'D2'},{'D6'},,,,,,&,1.0,&
{'R2'},{'D4'},{'R3'},{'D1'},{'D7'},,,,,,&,4.0,&
{'R2'},{'D4'},{'R3'},{'D1'},{'D7'},{'R1'},{'D2'},{'D3'},,,&,1.0,&
{'R2'},{'D4'},{'R3'},{'D1'},{'D7'},{'D3'},{'R1'},{'D2'},,,&,1.0,&
{'R2'},{'D4'},{'R3'},{'D1'},{'D7'},{'D2'},{'D3'},{'D6'},{'D5'},,&,1.0,&
{'R2'},{'D4'},{'R3'},{'D1'},{'D7'},{'D2'},{'R1'},,,,&,1.0,&
{'R2'},{'D4'},{'R3'},{'D1'},{'D7'},{'D6'},{'R1'},,,,&,1.0,&
{'R2'},{'D4'},{'R3'},{'D1'},{'D7'},{'D6'},{'R1'},{'D2'},{'D3'},,&,1.0,&
{'R2'},{'D4'},{'R3'},{'D1'},{'R1'},{'D2'},{'D3'},{'D7'},,,&,1.0,&
{'R2'},{'D4'},{'R3'},{'D1'},{'R1'},{'D7'},,,,,&,1.0,&
{'R2'},{'D4'},{'R3'},{'D1'},{'R1'},{'D7'},{'D2'},,,,&,1.0,&
{'R2'},{'D4'},{'R3'},{'D1'},{'R1'},{'D7'},{'D2'},{'D6'},{'D3'},{'D5'},&,1.0,&
{'R2'},{'D4'},{'R3'},{'D1'},{'R1'},{'D6'},{'D2'},{'D7'},,,&,1.0,&
{'R2'},{'D4'},{'R3'},{'D1'},{'D2'},,,,,,&,2.0,&
{'R2'},{'D4'},{'R3'},{'D1'},{'D2'},{'R1'},{'D7'},,,,&,2.0,&
{'R2'},{'D4'},{'R3'},{'D1'},{'D2'},{'R1'},{'D7'},{'D3'},{'D6'},,&,1.0,&
{'R2'},{'D4'},{'R3'},{'D1'},{'D2'},{'R1'},{'D7'},{'D3'},{'D6'},{'D5'},&,2.0,&
{'R2'},{'D4'},{'R3'},{'D1'},{'D2'},{'D3'},{'D7'},,,,&,1.0,&
{'R2'},{'D4'},{'R3'},{'D1'},{'D2'},{'D7'},,,,,&,1.0,&
{'R2'},{'D4'},{'R3'},{'D1'},{'D2'},{'D7'},{'D3'},{'R1'},,,&,1.0,&
{'R2'},{'D4'},{'R3'},{'D1'},{'D2'},{'D7'},{'R1'},,,,&,1.0,&
{'R2'},{'D4'},{'R3'},{'D1'},{'D2'},{'D7'},{'R1'},{'D3'},,,&,1.0,&
{'R2'},{'D4'},{'R3'},{'D1'},{'D6'},{'D7'},,,,,&,1.0,&
{'R2'},{'D4'},{'R3'},{'R1'},,,,,,,&,20.0,&
{'R2'},{'D4'},{'R3'},{'R1'},{'D7'},,,,,,&,4.0,&
{'R2'},{'D4'},{'R3'},{'R1'},{'D7'},{'D3'},,,,,&,1.0,&
{'R2'},{'D4'},{'R3'},{'R1'},{'D7'},{'D2'},,,,,&,3.0,&
{'R2'},{'D4'},{'R3'},{'R1'},{'D7'},{'D1'},,,,,&,2.0,&
{'R2'},{'D4'},{'R3'},{'R1'},{'D7'},{'D1'},{'D2'},,,,&,3.0,&
{'R2'},{'D4'},{'R3'},{'R1'},{'D7'},{'D1'},{'D2'},{'D5'},{'D6'},,&,1.0,&
{'R2'},{'D4'},{'R3'},{'R1'},{'D7'},{'D1'},{'D2'},{'D6'},,,&,1.0,&
{'R2'},{'D4'},{'R3'},{'R1'},{'D7'},{'D1'},{'D2'},{'D3'},{'D6'},{'D5'},&,1.0,&
{'R2'},{'D4'},{'R3'},{'R1'},{'D1'},,,,,,&,3.0,&
{'R2'},{'D4'},{'R3'},{'R1'},{'D1'},{'D2'},{'D3'},{'D7'},{'D6'},{'D5'},&,1.0,&
{'R2'},{'D4'},{'R3'},{'R1'},{'D1'},{'D2'},{'D7'},{'D5'},{'D3'},{'D6'},&,1.0,&
{'R2'},{'D4'},{'R3'},{'R1'},{'D1'},{'D2'},{'D5'},{'D7'},{'D3'},{'D6'},&,1.0,&
{'R2'},{'D4'},{'R3'},{'R1'},{'D1'},{'D5'},,,,,&,1.0,&
{'R2'},{'D4'},{'R3'},{'R1'},{'D1'},{'D7'},{'D2'},{'D3'},{'D5'},{'D6'},&,1.0,&
{'R2'},{'D4'},{'R3'},{'R1'},{'D2'},{'D3'},,,,,&,1.0,&
{'R2'},{'D4'},{'R3'},{'R1'},{'D2'},{'D3'},{'D7'},{'D1'},{'D6'},,&,1.0,&
{'R2'},{'D4'},{'R3'},{'R1'},{'D2'},{'D1'},{'D7'},,,,&,1.0,&
{'R2'},{'D4'},{'R3'},{'R1'},{'D2'},{'D1'},{'D7'},{'D6'},{'D5'},{'D3'},&,1.0,&
{'R2'},{'D4'},{'R3'},{'R1'},{'D2'},{'D1'},{'D7'},{'D6'},{'D3'},{'D5'},&,1.0,&
{'R2'},{'D4'},{'R3'},{'R1'},{'D2'},{'D1'},{'D7'},{'D3'},{'D6'},{'D5'},&,1.0,&
{'R2'},{'D4'},{'R3'},{'R1'},{'D2'},{'D7'},,,,,&,1.0,&
{'R2'},{'D4'},{'R3'},{'R1'},{'D2'},{'D7'},{'D3'},{'D1'},,,&,1.0,&
{'R2'},{'D4'},{'R3'},{'R1'},{'D2'},{'D7'},{'D3'},{'D1'},{'D6'},{'D5'},&,1.0,&
{'R2'},{'D4'},{'R3'},{'R1'},{'D2'},{'D7'},{'D1'},,,,&,2.0,&
{'R2'},{'D4'},{'R3'},{'R1'},{'D3'},{'D7'},{'D2'},{'D6'},,,&,1.0,&
{'R2'},{'D4'},{'R3'},{'D7'},,,,,,,&,4.0,&
{'R2'},{'D4'},{'R3'},{'D7'},{'R1'},,,,,,&,3.0,&
{'R2'},{'D4'},{'R3'},{'D7'},{'R1'},{'D3'},{'D2'},{'D1'},{'D6'},{'D5'},&,1.0,&
{'R2'},{'D4'},{'R3'},{'D7'},{'R1'},{'D2'},{'D1'},{'D3'},,,&,1.0,&
{'R2'},{'D4'},{'R3'},{'D7'},{'R1'},{'D1'},{'D2'},,,,&,1.0,&
{'R2'},{'D4'},{'R3'},{'D7'},{'D1'},,,,,,&,2.0,&
{'R2'},{'D4'},{'R3'},{'D7'},{'D1'},{'R1'},{'D2'},,,,&,1.0,&
{'R2'},{'D4'},{'R3'},{'D7'},{'D1'},{'R1'},{'D2'},{'D5'},,,&,1.0,&
{'R2'},{'D4'},{'R3'},{'D7'},{'D1'},{'D2'},,,,,&,1.0,&
{'R2'},{'D4'},{'R3'},{'D7'},{'D1'},{'D2'},{'D3'},{'R1'},{'D6'},,&,1.0,&
{'R2'},{'D4'},{'R3'},{'D7'},{'D1'},{'D2'},{'R1'},{'D6'},,,&,1.0,&
{'R2'},{'D4'},{'R3'},{'D7'},{'D1'},{'D2'},{'D6'},{'D3'},{'D5'},,&,1.0,&
{'R2'},{'D4'},{'R3'},{'D7'},{'D2'},{'R1'},,,,,&,1.0,&
{'R2'},{'D4'},{'R3'},{'D7'},{'D2'},{'D1'},{'D3'},{'D6'},{'D5'},{'R1'},&,1.0,&
{'R2'},{'D4'},{'R3'},{'D7'},{'D2'},{'D1'},{'R1'},,,,&,1.0,&
{'R2'},{'D4'},{'R3'},{'D7'},{'D2'},{'D1'},{'R1'},{'D3'},,,&,1.0,&
{'R2'},{'D4'},{'R3'},{'D7'},{'D2'},{'D1'},{'R1'},{'D3'},{'D6'},,&,1.0,&
{'R2'},{'D4'},{'R3'},{'D7'},{'D2'},{'D1'},{'D6'},{'D3'},,,&,1.0,&
{'R2'},{'D4'},{'R3'},{'D7'},{'D2'},{'D6'},{'D3'},{'R1'},{'D1'},{'D5'},&,1.0,&
{'R2'},{'D4'},{'R3'},{'D7'},{'D6'},{'R1'},{'D1'},{'D2'},{'D5'},{'D3'},&,1.0,&
{'R2'},{'D4'},{'R3'},{'D7'},{'D6'},{'D1'},{'R1'},{'D2'},{'D3'},,&,1.0,&
{'R2'},{'D4'},{'R3'},{'D3'},{'R1'},{'D2'},{'D7'},{'D6'},{'D1'},,&,1.0,&
{'R2'},{'D4'},{'R3'},{'D3'},{'R1'},{'D2'},{'D1'},{'D7'},{'D6'},,&,1.0,&
{'R2'},{'D4'},{'R3'},{'D3'},{'R1'},{'D2'},{'D1'},{'D7'},{'D6'},{'D5'},&,1.0,&
{'R2'},{'D4'},{'R3'},{'D3'},{'D1'},{'R1'},{'D2'},,,,&,1.0,&
{'R2'},{'D4'},{'R3'},{'D3'},{'D1'},{'D2'},{'D7'},,,,&,1.0,&
{'R2'},{'D4'},{'R3'},{'D3'},{'D2'},{'D7'},,,,,&,1.0,&
{'R2'},{'D4'},{'R3'},{'D6'},{'D2'},{'D3'},,,,,&,1.0,&
{'R2'},{'D4'},{'R3'},{'D6'},{'D2'},{'D3'},{'D7'},{'D5'},{'R1'},{'D1'},&,1.0,&
{'R2'},{'D4'},{'D1'},,,,,,,,&,11.0,&
{'R2'},{'D4'},{'D1'},{'R3'},,,,,,,&,5.0,&
{'R2'},{'D4'},{'D1'},{'R3'},{'D7'},{'D3'},{'R1'},,,,&,1.0,&
{'R2'},{'D4'},{'D1'},{'R3'},{'D7'},{'D2'},{'R1'},,,,&,1.0,&
{'R2'},{'D4'},{'D1'},{'R3'},{'D7'},{'D2'},{'R1'},{'D3'},,,&,1.0,&
{'R2'},{'D4'},{'D1'},{'R3'},{'D7'},{'D2'},{'D5'},{'D6'},{'D3'},,&,1.0,&
{'R2'},{'D4'},{'D1'},{'R3'},{'D7'},{'D6'},{'D2'},,,,&,1.0,&
{'R2'},{'D4'},{'D1'},{'R3'},{'R1'},,,,,,&,3.0,&
{'R2'},{'D4'},{'D1'},{'R3'},{'R1'},{'D3'},{'D2'},,,,&,1.0,&
{'R2'},{'D4'},{'D1'},{'R3'},{'R1'},{'D2'},{'D7'},,,,&,1.0,&
{'R2'},{'D4'},{'D1'},{'R3'},{'R1'},{'D2'},{'D7'},{'D5'},{'D3'},,&,1.0,&
{'R2'},{'D4'},{'D1'},{'R3'},{'R1'},{'D7'},{'D2'},{'D3'},{'D6'},,&,1.0,&
{'R2'},{'D4'},{'D1'},{'R3'},{'R1'},{'D6'},{'D7'},,,,&,1.0,&
{'R2'},{'D4'},{'D1'},{'R3'},{'D2'},,,,,,&,1.0,&
{'R2'},{'D4'},{'D1'},{'R3'},{'D2'},{'R1'},,,,,&,2.0,&
{'R2'},{'D4'},{'D1'},{'R3'},{'D2'},{'R1'},{'D7'},,,,&,1.0,&
{'R2'},{'D4'},{'D1'},{'R3'},{'D2'},{'D3'},{'D7'},{'R1'},,,&,1.0,&
{'R2'},{'D4'},{'D1'},{'R3'},{'D2'},{'D7'},{'R1'},,,,&,1.0,&
{'R2'},{'D4'},{'D1'},{'R3'},{'D6'},{'R1'},,,,,&,1.0,&
{'R2'},{'D4'},{'D1'},{'R3'},{'D3'},,,,,,&,1.0,&
{'R2'},{'D4'},{'D1'},{'D2'},,,,,,,&,5.0,&
{'R2'},{'D4'},{'D1'},{'D2'},{'D7'},{'D3'},,,,,&,2.0,&
{'R2'},{'D4'},{'D1'},{'D2'},{'D7'},{'R3'},,,,,&,3.0,&
{'R2'},{'D4'},{'D1'},{'D2'},{'D7'},{'R3'},{'R1'},{'D6'},{'D3'},{'D5'},&,1.0,&
{'R2'},{'D4'},{'D1'},{'D2'},{'D7'},{'D6'},,,,,&,1.0,&
{'R2'},{'D4'},{'D1'},{'D2'},{'D7'},{'D6'},{'D3'},{'R3'},{'D5'},{'R1'},&,1.0,&
{'R2'},{'D4'},{'D1'},{'D2'},{'R1'},,,,,,&,1.0,&
{'R2'},{'D4'},{'D1'},{'D2'},{'R3'},{'R1'},{'D7'},,,,&,1.0,&
{'R2'},{'D4'},{'D1'},{'D2'},{'R3'},{'R1'},{'D7'},{'D3'},,,&,1.0,&
{'R2'},{'D4'},{'D1'},{'D2'},{'R3'},{'R1'},{'D7'},{'D3'},{'D6'},{'D5'},&,2.0,&
{'R2'},{'D4'},{'D1'},{'D2'},{'R3'},{'R1'},{'D6'},,,,&,1.0,&
{'R2'},{'D4'},{'D1'},{'D2'},{'R3'},{'R1'},{'D6'},{'D7'},{'D3'},{'D5'},&,1.0,&
{'R2'},{'D4'},{'D1'},{'D2'},{'R3'},{'D7'},{'D3'},{'R1'},{'D6'},,&,1.0,&
{'R2'},{'D4'},{'D1'},{'D2'},{'R3'},{'D7'},{'D3'},{'R1'},{'D6'},{'D5'},&,1.0,&
{'R2'},{'D4'},{'D1'},{'D2'},{'D6'},,,,,,&,1.0,&
{'R2'},{'D4'},{'D1'},{'D2'},{'D6'},{'R3'},,,,,&,1.0,&
{'R2'},{'D4'},{'D1'},{'D2'},{'D6'},{'R3'},{'R1'},{'D7'},{'D3'},,&,1.0,&
{'R2'},{'D4'},{'D1'},{'R1'},{'D7'},{'D2'},,,,,&,1.0,&
{'R2'},{'D4'},{'D1'},{'R1'},{'R3'},{'D7'},{'D3'},,,,&,1.0,&
{'R2'},{'D4'},{'D1'},{'R1'},{'D6'},{'D7'},{'R3'},{'D2'},,,&,1.0,&
{'R2'},{'D4'},{'D1'},{'D7'},,,,,,,&,2.0,&
{'R2'},{'D4'},{'D1'},{'D7'},{'R3'},{'R1'},{'D2'},{'D3'},,,&,1.0,&
{'R2'},{'D4'},{'D1'},{'D7'},{'R3'},{'D3'},{'D2'},,,,&,1.0,&
{'R2'},{'D4'},{'D1'},{'D7'},{'R3'},{'D2'},,,,,&,2.0,&
{'R2'},{'D4'},{'D1'},{'D7'},{'R3'},{'D2'},{'D3'},{'D6'},{'D5'},{'R1'},&,1.0,&
{'R2'},{'D4'},{'D1'},{'D7'},{'D2'},{'D3'},{'D6'},{'D5'},,,&,1.0,&
{'R2'},{'D4'},{'D1'},{'D7'},{'D2'},{'R3'},{'R1'},{'D6'},,,&,1.0,&
{'R2'},{'D4'},{'D1'},{'D7'},{'D2'},{'R3'},{'D6'},{'D3'},,,&,1.0,&
{'R2'},{'D4'},{'D1'},{'D7'},{'D5'},{'R3'},{'R1'},{'D2'},{'D3'},{'D6'},&,1.0,&
{'R2'},{'D4'},{'D1'},{'D3'},{'R3'},{'R1'},{'D2'},,,,&,1.0,&
{'R2'},{'D4'},{'D1'},{'D6'},{'D7'},{'D2'},{'D3'},{'D5'},,,&,1.0,&
{'R2'},{'D4'},{'D1'},{'D6'},{'D7'},{'R3'},{'D2'},{'R1'},{'D3'},,&,1.0,&
{'R2'},{'D4'},,,,,,,,,&,37.0,&
{'R2'},{'D4'},{'D7'},,,,,,,,&,18.0,&
{'R2'},{'D4'},{'D7'},{'R3'},,,,,,,&,9.0,&
{'R2'},{'D4'},{'D7'},{'R3'},{'R1'},,,,,,&,2.0,&
{'R2'},{'D4'},{'D7'},{'R3'},{'R1'},{'D2'},{'D1'},{'D5'},,,&,1.0,&
{'R2'},{'D4'},{'D7'},{'R3'},{'R1'},{'D1'},,,,,&,1.0,&
{'R2'},{'D4'},{'D7'},{'R3'},{'R1'},{'D1'},{'D2'},{'D6'},{'D3'},{'D5'},&,1.0,&
{'R2'},{'D4'},{'D7'},{'R3'},{'D1'},,,,,,&,1.0,&
{'R2'},{'D4'},{'D7'},{'R3'},{'D1'},{'R1'},{'D2'},{'D5'},{'D3'},,&,1.0,&
{'R2'},{'D4'},{'D7'},{'R3'},{'D1'},{'D2'},{'D3'},{'D6'},,,&,1.0,&
{'R2'},{'D4'},{'D7'},{'R3'},{'D2'},,,,,,&,1.0,&
{'R2'},{'D4'},{'D7'},{'R3'},{'D2'},{'R1'},,,,,&,1.0,&
{'R2'},{'D4'},{'D7'},{'R3'},{'D2'},{'R1'},{'D3'},{'D1'},,,&,1.0,&
{'R2'},{'D4'},{'D7'},{'R3'},{'D2'},{'D3'},{'R1'},,,,&,1.0,&
{'R2'},{'D4'},{'D7'},{'R3'},{'D2'},{'D1'},,,,,&,1.0,&
{'R2'},{'D4'},{'D7'},{'R3'},{'D2'},{'D1'},{'R1'},,,,&,1.0,&
{'R2'},{'D4'},{'D7'},{'R3'},{'D6'},{'D3'},{'D2'},,,,&,1.0,&
{'R2'},{'D4'},{'D7'},{'R3'},{'D6'},{'D2'},{'D1'},,,,&,1.0,&
{'R2'},{'D4'},{'D7'},{'R3'},{'D6'},{'D2'},{'R1'},,,,&,1.0,&
{'R2'},{'D4'},{'D7'},{'R3'},{'D3'},{'D2'},{'R1'},,,,&,1.0,&
{'R2'},{'D4'},{'D7'},{'D2'},,,,,,,&,5.0,&
{'R2'},{'D4'},{'D7'},{'D2'},{'R1'},{'D5'},{'D1'},{'R3'},,,&,1.0,&
{'R2'},{'D4'},{'D7'},{'D2'},{'R1'},{'R3'},{'D1'},{'D6'},,,&,1.0,&
{'R2'},{'D4'},{'D7'},{'D2'},{'R3'},,,,,,&,2.0,&
{'R2'},{'D4'},{'D7'},{'D2'},{'R3'},{'R1'},,,,,&,1.0,&
{'R2'},{'D4'},{'D7'},{'D2'},{'R3'},{'R1'},{'D3'},{'D1'},,,&,1.0,&
{'R2'},{'D4'},{'D7'},{'D2'},{'R3'},{'R1'},{'D1'},,,,&,1.0,&
{'R2'},{'D4'},{'D7'},{'D2'},{'R3'},{'D3'},{'R1'},{'D1'},{'D6'},{'D5'},&,1.0,&
{'R2'},{'D4'},{'D7'},{'D2'},{'R3'},{'D1'},{'R1'},{'D5'},,,&,1.0,&
{'R2'},{'D4'},{'D7'},{'D2'},{'R3'},{'D1'},{'R1'},{'D6'},{'D3'},{'D5'},&,1.0,&
{'R2'},{'D4'},{'D7'},{'D2'},{'R3'},{'D1'},{'D6'},{'D3'},,,&,1.0,&
{'R2'},{'D4'},{'D7'},{'D2'},{'D1'},,,,,,&,2.0,&
{'R2'},{'D4'},{'D7'},{'D2'},{'D1'},{'D3'},,,,,&,1.0,&
{'R2'},{'D4'},{'D7'},{'D2'},{'D1'},{'D3'},{'R3'},{'R1'},,,&,1.0,&
{'R2'},{'D4'},{'D7'},{'D2'},{'D1'},{'D5'},{'D6'},{'D3'},{'R3'},{'R1'},&,1.0,&
{'R2'},{'D4'},{'D7'},{'D2'},{'D1'},{'R3'},{'D3'},{'R1'},{'D6'},,&,1.0,&
{'R2'},{'D4'},{'D7'},{'D2'},{'D1'},{'R3'},{'R1'},{'D3'},{'D5'},,&,1.0,&
{'R2'},{'D4'},{'D7'},{'D2'},{'D1'},{'D6'},,,,,&,2.0,&
{'R2'},{'D4'},{'D7'},{'D2'},{'D1'},{'D6'},{'R3'},{'D3'},,,&,2.0,&
{'R2'},{'D4'},{'D7'},{'D2'},{'D3'},,,,,,&,1.0,&
{'R2'},{'D4'},{'D7'},{'D1'},,,,,,,&,3.0,&
{'R2'},{'D4'},{'D7'},{'D1'},{'R3'},,,,,,&,2.0,&
{'R2'},{'D4'},{'D7'},{'D1'},{'R3'},{'R1'},,,,,&,2.0,&
{'R2'},{'D4'},{'D7'},{'D1'},{'R3'},{'R1'},{'D2'},,,,&,1.0,&
{'R2'},{'D4'},{'D7'},{'D1'},{'R3'},{'R1'},{'D2'},{'D3'},,,&,1.0,&
{'R2'},{'D4'},{'D7'},{'D1'},{'R3'},{'D2'},{'D3'},,,,&,1.0,&
{'R2'},{'D4'},{'D7'},{'D1'},{'R3'},{'D2'},{'D6'},{'D3'},{'R1'},{'D5'},&,1.0,&
{'R2'},{'D4'},{'D7'},{'D1'},{'R3'},{'D6'},{'D2'},,,,&,1.0,&
{'R2'},{'D4'},{'D7'},{'D1'},{'D2'},,,,,,&,1.0,&
{'R2'},{'D4'},{'D7'},{'D1'},{'D2'},{'D3'},{'D6'},{'R3'},{'D5'},{'R1'},&,1.0,&
{'R2'},{'D4'},{'D7'},{'D1'},{'D2'},{'D3'},{'D6'},{'R3'},{'R1'},,&,1.0,&
{'R2'},{'D4'},{'D7'},{'D1'},{'D2'},{'R3'},{'D3'},{'R1'},{'D6'},,&,1.0,&
{'R2'},{'D4'},{'D7'},{'D1'},{'D2'},{'R3'},{'R1'},,,,&,1.0,&
{'R2'},{'D4'},{'D7'},{'D1'},{'D2'},{'D6'},{'D3'},{'R1'},{'D5'},{'R3'},&,1.0,&
{'R2'},{'D4'},{'D7'},{'D1'},{'D2'},{'D6'},{'R3'},,,,&,1.0,&
{'R2'},{'D4'},{'D7'},{'D1'},{'D2'},{'D6'},{'R3'},{'D5'},,,&,1.0,&
{'R2'},{'D4'},{'D7'},{'D1'},{'D6'},{'D2'},{'D3'},,,,&,1.0,&
{'R2'},{'D4'},{'D7'},{'D1'},{'D3'},{'R3'},{'R1'},{'D2'},{'D5'},,&,1.0,&
{'R2'},{'D4'},{'D7'},{'R1'},,,,,,,&,1.0,&
{'R2'},{'D4'},{'D7'},{'R1'},{'R3'},{'D2'},{'D1'},{'D6'},{'D5'},{'D3'},&,1.0,&
{'R2'},{'D4'},{'D7'},{'R1'},{'D1'},,,,,,&,1.0,&
{'R2'},{'D4'},{'D7'},{'R1'},{'D2'},{'D3'},{'D1'},{'D6'},{'R3'},,&,1.0,&
{'R2'},{'D4'},{'D7'},{'R1'},{'D3'},{'D1'},{'D2'},{'D5'},{'D6'},{'R3'},&,1.0,&
{'R2'},{'D4'},{'D7'},{'D3'},{'D1'},{'D2'},{'R1'},{'D5'},{'R3'},,&,1.0,&
{'R2'},{'D4'},{'D7'},{'D3'},{'D1'},{'D2'},{'R3'},{'R1'},{'D6'},{'D5'},&,1.0,&
{'R2'},{'D4'},{'D7'},{'D3'},{'D2'},{'R3'},{'R1'},{'D1'},{'D6'},{'D5'},&,1.0,&
{'R2'},{'D4'},{'D7'},{'D6'},{'R3'},{'R1'},,,,,&,1.0,&
{'R2'},{'D4'},{'D7'},{'D5'},{'D6'},,,,,,&,1.0,&
{'R2'},{'D4'},{'R1'},,,,,,,,&,7.0,&
{'R2'},{'D4'},{'R1'},{'R3'},,,,,,,&,2.0,&
{'R2'},{'D4'},{'R1'},{'R3'},{'D7'},{'D3'},,,,,&,1.0,&
{'R2'},{'D4'},{'R1'},{'R3'},{'D7'},{'D2'},{'D3'},,,,&,1.0,&
{'R2'},{'D4'},{'R1'},{'R3'},{'D5'},{'D7'},{'D2'},{'D1'},{'D3'},,&,1.0,&
{'R2'},{'D4'},{'R1'},{'D2'},{'R3'},{'D1'},{'D7'},,,,&,1.0,&
{'R2'},{'D4'},{'R1'},{'D2'},{'D1'},{'D7'},{'D3'},,,,&,1.0,&
{'R2'},{'D4'},{'R1'},{'D1'},{'D7'},{'R3'},{'D2'},{'D3'},{'D5'},,&,1.0,&
{'R2'},{'D4'},{'R1'},{'D1'},{'R3'},,,,,,&,1.0,&
{'R2'},{'D4'},{'R1'},{'D1'},{'D2'},,,,,,&,1.0,&
{'R2'},{'D4'},{'R1'},{'D7'},{'D2'},,,,,,&,1.0,&
{'R2'},{'D4'},{'R1'},{'D7'},{'D2'},{'D1'},{'D3'},{'D5'},{'D6'},,&,1.0,&
{'R2'},{'D4'},{'R1'},{'D7'},{'D2'},{'D1'},{'D6'},{'D3'},{'D5'},{'R3'},&,1.0,&
{'R2'},{'D4'},{'R1'},{'D3'},{'R3'},{'D7'},,,,,&,1.0,&
{'R2'},{'D4'},{'R1'},{'D6'},,,,,,,&,1.0,&
{'R2'},{'D4'},{'D2'},,,,,,,,&,14.0,&
{'R2'},{'D4'},{'D2'},{'R3'},,,,,,,&,14.0,&
{'R2'},{'D4'},{'D2'},{'R3'},{'D7'},{'R1'},{'D1'},{'D6'},,,&,1.0,&
{'R2'},{'D4'},{'D2'},{'R3'},{'D7'},{'D1'},{'D3'},,,,&,1.0,&
{'R2'},{'D4'},{'D2'},{'R3'},{'D7'},{'D1'},{'D6'},,,,&,1.0,&
{'R2'},{'D4'},{'D2'},{'R3'},{'D7'},{'D1'},{'D6'},{'D3'},,,&,1.0,&
{'R2'},{'D4'},{'D2'},{'R3'},{'D7'},{'D1'},{'D6'},{'D3'},{'D5'},,&,1.0,&
{'R2'},{'D4'},{'D2'},{'R3'},{'D7'},{'D6'},{'D1'},,,,&,1.0,&
{'R2'},{'D4'},{'D2'},{'R3'},{'R1'},,,,,,&,3.0,&
{'R2'},{'D4'},{'D2'},{'R3'},{'R1'},{'D1'},,,,,&,2.0,&
{'R2'},{'D4'},{'D2'},{'R3'},{'R1'},{'D1'},{'D7'},,,,&,1.0,&
{'R2'},{'D4'},{'D2'},{'R3'},{'R1'},{'D1'},{'D7'},{'D5'},{'D6'},,&,1.0,&
{'R2'},{'D4'},{'D2'},{'R3'},{'R1'},{'D1'},{'D7'},{'D3'},,,&,1.0,&
{'R2'},{'D4'},{'D2'},{'R3'},{'R1'},{'D7'},,,,,&,3.0,&
{'R2'},{'D4'},{'D2'},{'R3'},{'R1'},{'D7'},{'D6'},{'D1'},{'D3'},,&,1.0,&
{'R2'},{'D4'},{'D2'},{'R3'},{'D1'},{'R1'},{'D3'},{'D7'},{'D5'},,&,1.0,&
{'R2'},{'D4'},{'D2'},{'R3'},{'D1'},{'R1'},{'D7'},{'D6'},{'D3'},{'D5'},&,1.0,&
{'R2'},{'D4'},{'D2'},{'R3'},{'D1'},{'R1'},{'D7'},{'D3'},,,&,1.0,&
{'R2'},{'D4'},{'D2'},{'R3'},{'D1'},{'R1'},{'D7'},{'D3'},{'D6'},,&,1.0,&
{'R2'},{'D4'},{'D2'},{'R3'},{'D1'},{'R1'},{'D7'},{'D3'},{'D6'},{'D5'},&,1.0,&
{'R2'},{'D4'},{'D2'},{'R3'},{'D1'},{'D3'},{'D7'},{'D6'},{'D5'},,&,2.0,&
{'R2'},{'D4'},{'D2'},{'R3'},{'D3'},,,,,,&,1.0,&
{'R2'},{'D4'},{'D2'},{'R3'},{'D3'},{'D1'},,,,,&,1.0,&
{'R2'},{'D4'},{'D2'},{'R3'},{'D3'},{'D5'},{'D7'},{'D1'},{'D6'},,&,1.0,&
{'R2'},{'D4'},{'D2'},{'R3'},{'D5'},{'R1'},{'D1'},{'D3'},,,&,1.0,&
{'R2'},{'D4'},{'D2'},{'D1'},,,,,,,&,4.0,&
{'R2'},{'D4'},{'D2'},{'D1'},{'D7'},,,,,,&,2.0,&
{'R2'},{'D4'},{'D2'},{'D1'},{'D7'},{'R3'},,,,,&,1.0,&
{'R2'},{'D4'},{'D2'},{'D1'},{'D7'},{'R3'},{'D3'},{'D6'},{'D5'},,&,1.0,&
{'R2'},{'D4'},{'D2'},{'D1'},{'D7'},{'R3'},{'R1'},,,,&,1.0,&
{'R2'},{'D4'},{'D2'},{'D1'},{'D7'},{'R3'},{'R1'},{'D6'},,,&,1.0,&
{'R2'},{'D4'},{'D2'},{'D1'},{'D7'},{'R3'},{'R1'},{'D6'},{'D3'},,&,1.0,&
{'R2'},{'D4'},{'D2'},{'D1'},{'D7'},{'R3'},{'D5'},,,,&,1.0,&
{'R2'},{'D4'},{'D2'},{'D1'},{'D7'},{'R3'},{'D6'},{'D5'},{'R1'},{'D3'},&,1.0,&
{'R2'},{'D4'},{'D2'},{'D1'},{'D7'},{'D6'},{'D3'},,,,&,1.0,&
{'R2'},{'D4'},{'D2'},{'D1'},{'R3'},,,,,,&,1.0,&
{'R2'},{'D4'},{'D2'},{'D1'},{'R3'},{'R1'},{'D7'},,,,&,1.0,&
{'R2'},{'D4'},{'D2'},{'D1'},{'R3'},{'R1'},{'D7'},{'D5'},{'D3'},,&,1.0,&
{'R2'},{'D4'},{'D2'},{'D1'},{'R3'},{'R1'},{'D7'},{'D3'},,,&,1.0,&
{'R2'},{'D4'},{'D2'},{'D1'},{'R3'},{'R1'},{'D6'},{'D7'},,,&,1.0,&
{'R2'},{'D4'},{'D2'},{'D1'},{'R3'},{'D3'},{'D7'},{'D6'},{'D5'},,&,1.0,&
{'R2'},{'D4'},{'D2'},{'D1'},{'R3'},{'D7'},,,,,&,1.0,&
{'R2'},{'D4'},{'D2'},{'D1'},{'R3'},{'D7'},{'D3'},{'D5'},{'D6'},,&,1.0,&
{'R2'},{'D4'},{'D2'},{'D1'},{'R3'},{'D7'},{'D3'},{'D6'},{'D5'},{'R1'},&,1.0,&
{'R2'},{'D4'},{'D2'},{'D1'},{'R3'},{'D7'},{'D3'},{'R1'},{'D5'},,&,1.0,&
{'R2'},{'D4'},{'D2'},{'D1'},{'D6'},{'D7'},{'R3'},{'D5'},{'D3'},,&,1.0,&
{'R2'},{'D4'},{'D2'},{'D1'},{'D3'},{'D7'},,,,,&,1.0,&
{'R2'},{'D4'},{'D2'},{'R1'},{'R3'},{'D1'},,,,,&,1.0,&
{'R2'},{'D4'},{'D2'},{'R1'},{'R3'},{'D7'},{'D1'},{'D6'},{'D5'},{'D3'},&,1.0,&
{'R2'},{'D4'},{'D2'},{'R1'},{'D1'},{'R3'},{'D7'},{'D3'},{'D6'},{'D5'},&,1.0,&
{'R2'},{'D4'},{'D2'},{'R1'},{'D1'},{'D6'},{'D7'},{'D3'},{'R3'},{'D5'},&,1.0,&
{'R2'},{'D4'},{'D2'},{'D7'},,,,,,,&,1.0,&
{'R2'},{'D4'},{'D2'},{'D7'},{'R3'},,,,,,&,1.0,&
{'R2'},{'D4'},{'D2'},{'D7'},{'R3'},{'R1'},{'D1'},{'D5'},{'D3'},,&,1.0,&
{'R2'},{'D4'},{'D2'},{'D7'},{'R3'},{'R1'},{'D1'},{'D3'},,,&,1.0,&
{'R2'},{'D4'},{'D2'},{'D7'},{'R3'},{'R1'},{'D1'},{'D3'},{'D6'},{'D5'},&,1.0,&
{'R2'},{'D4'},{'D2'},{'D7'},{'R3'},{'D3'},,,,,&,1.0,&
{'R2'},{'D4'},{'D2'},{'D7'},{'R3'},{'D3'},{'R1'},,,,&,1.0,&
{'R2'},{'D4'},{'D2'},{'D7'},{'R3'},{'D1'},{'D3'},{'D5'},,,&,1.0,&
{'R2'},{'D4'},{'D2'},{'D7'},{'R3'},{'D1'},{'D3'},{'R1'},{'D6'},,&,1.0,&
{'R2'},{'D4'},{'D2'},{'D7'},{'R3'},{'D1'},{'R1'},,,,&,2.0,&
{'R2'},{'D4'},{'D2'},{'D7'},{'R3'},{'D1'},{'R1'},{'D6'},,,&,1.0,&
{'R2'},{'D4'},{'D2'},{'D7'},{'R3'},{'D1'},{'R1'},{'D6'},{'D3'},{'D5'},&,1.0,&
{'R2'},{'D4'},{'D2'},{'D7'},{'D1'},,,,,,&,5.0,&
{'R2'},{'D4'},{'D2'},{'D7'},{'D1'},{'D3'},,,,,&,2.0,&
{'R2'},{'D4'},{'D2'},{'D7'},{'D1'},{'D3'},{'D5'},{'R3'},{'D6'},{'R1'},&,1.0,&
{'R2'},{'D4'},{'D2'},{'D7'},{'D1'},{'D3'},{'D6'},{'D5'},{'R3'},{'R1'},&,1.0,&
{'R2'},{'D4'},{'D2'},{'D7'},{'D1'},{'D3'},{'R3'},{'D6'},,,&,1.0,&
{'R2'},{'D4'},{'D2'},{'D7'},{'D1'},{'D3'},{'R3'},{'D6'},{'R1'},{'D5'},&,1.0,&
{'R2'},{'D4'},{'D2'},{'D7'},{'D1'},{'R3'},{'D3'},{'D6'},,,&,1.0,&
{'R2'},{'D4'},{'D2'},{'D7'},{'D1'},{'R3'},{'R1'},{'D6'},{'D5'},{'D3'},&,1.0,&
{'R2'},{'D4'},{'D2'},{'D7'},{'D1'},{'D6'},,,,,&,1.0,&
{'R2'},{'D4'},{'D2'},{'D7'},{'D1'},{'D6'},{'R3'},{'R1'},{'D3'},,&,1.0,&
{'R2'},{'D4'},{'D2'},{'D7'},{'D3'},,,,,,&,1.0,&
{'R2'},{'D4'},{'D2'},{'D7'},{'D5'},{'D1'},{'D3'},{'R3'},{'D6'},{'R1'},&,1.0,&
{'R2'},{'D4'},{'D2'},{'D3'},,,,,,,&,1.0,&
{'R2'},{'D4'},{'D2'},{'D3'},{'D7'},,,,,,&,1.0,&
{'R2'},{'D4'},{'D2'},{'D3'},{'D7'},{'R3'},,,,,&,1.0,&
{'R2'},{'D4'},{'D2'},{'D3'},{'R3'},{'R1'},{'D1'},,,,&,1.0,&
{'R2'},{'D4'},{'D2'},{'D3'},{'R3'},{'R1'},{'D1'},{'D7'},,,&,1.0,&
{'R2'},{'D4'},{'D2'},{'D3'},{'R3'},{'R1'},{'D6'},{'D1'},,,&,1.0,&
{'R2'},{'D4'},{'D2'},{'D3'},{'D5'},{'D1'},{'R3'},{'D6'},{'D7'},{'R1'},&,1.0,&
{'R2'},{'D4'},{'D2'},{'D6'},{'D7'},,,,,,&,1.0,&
{'R2'},{'D4'},{'D2'},{'D6'},{'R1'},,,,,,&,1.0,&
{'R2'},{'D4'},{'D2'},{'D6'},{'R1'},{'R3'},{'D1'},{'D3'},{'D7'},{'D5'},&,1.0,&
{'R2'},{'D4'},{'D2'},{'D6'},{'D1'},,,,,,&,1.0,&
{'R2'},{'D4'},{'D2'},{'D6'},{'D1'},{'D7'},,,,,&,1.0,&
{'R2'},{'D4'},{'D2'},{'D6'},{'D1'},{'R3'},{'R1'},{'D7'},{'D3'},,&,1.0,&
{'R2'},{'D4'},{'D2'},{'D5'},{'D1'},{'D7'},{'D6'},{'R3'},{'R1'},{'D3'},&,1.0,&
{'R2'},{'D4'},{'D3'},,,,,,,,&,2.0,&
{'R2'},{'D4'},{'D3'},{'R3'},{'R1'},,,,,,&,1.0,&
{'R2'},{'D4'},{'D3'},{'R3'},{'R1'},{'D7'},{'D1'},{'D2'},{'D6'},{'D5'},&,1.0,&
{'R2'},{'D4'},{'D3'},{'R3'},{'D1'},{'D7'},{'D2'},{'D6'},{'D5'},{'R1'},&,1.0,&
{'R2'},{'D4'},{'D3'},{'R3'},{'D2'},{'D6'},{'R1'},{'D7'},,,&,1.0,&
{'R2'},{'D4'},{'D3'},{'D2'},,,,,,,&,1.0,&
{'R2'},{'D4'},{'D3'},{'D2'},{'R3'},{'D1'},{'D7'},{'D6'},,,&,1.0,&
{'R2'},{'D4'},{'D3'},{'D1'},,,,,,,&,2.0,&
{'R2'},{'D4'},{'D3'},{'D1'},{'R3'},,,,,,&,1.0,&
{'R2'},{'D4'},{'D3'},{'D1'},{'D2'},{'D7'},{'R3'},,,,&,1.0,&
{'R2'},{'D4'},{'D3'},{'R1'},{'R3'},{'D7'},{'D1'},,,,&,1.0,&
{'R2'},{'D4'},{'D3'},{'D7'},{'D2'},,,,,,&,1.0,&
{'R2'},{'D4'},{'D3'},{'D7'},{'D2'},{'R3'},,,,,&,1.0,&
{'R2'},{'D4'},{'D6'},{'R3'},{'D2'},{'R1'},,,,,&,1.0,&
{'R2'},{'D4'},{'D6'},{'D2'},{'R3'},{'R1'},{'D5'},,,,&,1.0,&
{'R2'},{'D4'},{'D6'},{'D2'},{'D1'},,,,,,&,1.0,&
{'R2'},{'D4'},{'D6'},{'R1'},{'R3'},,,,,,&,1.0,&
{'R2'},{'D4'},{'D5'},{'R3'},{'D2'},{'R1'},,,,,&,1.0,&
{'R2'},{'D4'},{'D5'},{'D7'},{'D2'},{'D1'},{'D6'},{'D3'},{'R3'},{'R1'},&,1.0,&
{'R2'},{'R1'},{'R3'},,,,,,,,&,111.0,&
{'R2'},{'R1'},{'R3'},{'D2'},,,,,,,&,14.0,&
{'R2'},{'R1'},{'R3'},{'D2'},{'D7'},,,,,,&,7.0,&
{'R2'},{'R1'},{'R3'},{'D2'},{'D7'},{'D4'},{'D3'},,,,&,1.0,&
{'R2'},{'R1'},{'R3'},{'D2'},{'D7'},{'D4'},{'D1'},{'D6'},,,&,1.0,&
{'R2'},{'R1'},{'R3'},{'D2'},{'D7'},{'D3'},,,,,&,1.0,&
{'R2'},{'R1'},{'R3'},{'D2'},{'D7'},{'D3'},{'D1'},{'D4'},{'D6'},{'D5'},&,1.0,&
{'R2'},{'R1'},{'R3'},{'D2'},{'D7'},{'D1'},,,,,&,1.0,&
{'R2'},{'R1'},{'R3'},{'D2'},{'D7'},{'D5'},,,,,&,1.0,&
{'R2'},{'R1'},{'R3'},{'D2'},{'D7'},{'D6'},{'D3'},{'D1'},{'D4'},{'D5'},&,1.0,&
{'R2'},{'R1'},{'R3'},{'D2'},{'D1'},,,,,,&,3.0,&
{'R2'},{'R1'},{'R3'},{'D2'},{'D1'},{'D4'},,,,,&,1.0,&
{'R2'},{'R1'},{'R3'},{'D2'},{'D1'},{'D4'},{'D3'},{'D7'},{'D6'},,&,1.0,&
{'R2'},{'R1'},{'R3'},{'D2'},{'D1'},{'D4'},{'D7'},{'D3'},{'D5'},,&,1.0,&
{'R2'},{'R1'},{'R3'},{'D2'},{'D1'},{'D7'},,,,,&,2.0,&
{'R2'},{'R1'},{'R3'},{'D2'},{'D1'},{'D7'},{'D3'},{'D4'},{'D6'},,&,1.0,&
{'R2'},{'R1'},{'R3'},{'D2'},{'D1'},{'D7'},{'D4'},,,,&,2.0,&
{'R2'},{'R1'},{'R3'},{'D2'},{'D1'},{'D7'},{'D4'},{'D3'},{'D6'},,&,1.0,&
{'R2'},{'R1'},{'R3'},{'D2'},{'D1'},{'D7'},{'D4'},{'D3'},{'D6'},{'D5'},&,1.0,&
{'R2'},{'R1'},{'R3'},{'D2'},{'D1'},{'D7'},{'D6'},,,,&,1.0,&
{'R2'},{'R1'},{'R3'},{'D2'},{'D1'},{'D7'},{'D6'},{'D4'},{'D3'},{'D5'},&,1.0,&
{'R2'},{'R1'},{'R3'},{'D2'},{'D1'},{'D6'},{'D7'},{'D3'},{'D5'},,&,1.0,&
{'R2'},{'R1'},{'R3'},{'D2'},{'D1'},{'D6'},{'D7'},{'D4'},{'D3'},,&,1.0,&
{'R2'},{'R1'},{'R3'},{'D2'},{'D1'},{'D6'},{'D4'},{'D7'},{'D3'},{'D5'},&,1.0,&
{'R2'},{'R1'},{'R3'},{'D2'},{'D4'},,,,,,&,1.0,&
{'R2'},{'R1'},{'R3'},{'D2'},{'D4'},{'D1'},,,,,&,2.0,&
{'R2'},{'R1'},{'R3'},{'D2'},{'D4'},{'D1'},{'D7'},,,,&,1.0,&
{'R2'},{'R1'},{'R3'},{'D2'},{'D4'},{'D1'},{'D7'},{'D6'},{'D3'},{'D5'},&,1.0,&
{'R2'},{'R1'},{'R3'},{'D2'},{'D4'},{'D7'},{'D1'},{'D5'},{'D6'},,&,1.0,&
{'R2'},{'R1'},{'R3'},{'D2'},{'D4'},{'D7'},{'D1'},{'D6'},{'D3'},{'D5'},&,1.0,&
{'R2'},{'R1'},{'R3'},{'D2'},{'D6'},,,,,,&,1.0,&
{'R2'},{'R1'},{'R3'},{'D2'},{'D6'},{'D4'},,,,,&,1.0,&
{'R2'},{'R1'},{'R3'},{'D2'},{'D6'},{'D1'},{'D4'},{'D7'},{'D3'},{'D5'},&,1.0,&
{'R2'},{'R1'},{'R3'},{'D2'},{'D6'},{'D7'},,,,,&,1.0,&
{'R2'},{'R1'},{'R3'},{'D2'},{'D3'},,,,,,&,1.0,&
{'R2'},{'R1'},{'R3'},{'D2'},{'D3'},{'D1'},,,,,&,1.0,&
{'R2'},{'R1'},{'R3'},{'D2'},{'D3'},{'D7'},,,,,&,1.0,&
{'R2'},{'R1'},{'R3'},{'D1'},,,,,,,&,5.0,&
{'R2'},{'R1'},{'R3'},{'D1'},{'D7'},,,,,,&,1.0,&
{'R2'},{'R1'},{'R3'},{'D1'},{'D7'},{'D4'},,,,,&,2.0,&
{'R2'},{'R1'},{'R3'},{'D1'},{'D7'},{'D2'},,,,,&,1.0,&
{'R2'},{'R1'},{'R3'},{'D1'},{'D7'},{'D2'},{'D3'},,,,&,2.0,&
{'R2'},{'R1'},{'R3'},{'D1'},{'D7'},{'D2'},{'D3'},{'D6'},{'D4'},{'D5'},&,1.0,&
{'R2'},{'R1'},{'R3'},{'D1'},{'D7'},{'D2'},{'D4'},,,,&,1.0,&
{'R2'},{'R1'},{'R3'},{'D1'},{'D7'},{'D2'},{'D6'},,,,&,1.0,&
{'R2'},{'R1'},{'R3'},{'D1'},{'D7'},{'D5'},{'D2'},,,,&,1.0,&
{'R2'},{'R1'},{'R3'},{'D1'},{'D4'},,,,,,&,1.0,&
{'R2'},{'R1'},{'R3'},{'D1'},{'D4'},{'D3'},{'D2'},{'D7'},{'D6'},{'D5'},&,1.0,&
{'R2'},{'R1'},{'R3'},{'D1'},{'D4'},{'D2'},,,,,&,1.0,&
{'R2'},{'R1'},{'R3'},{'D1'},{'D4'},{'D7'},{'D2'},{'D3'},,,&,1.0,&
{'R2'},{'R1'},{'R3'},{'D1'},{'D4'},{'D7'},{'D2'},{'D3'},{'D6'},,&,1.0,&
{'R2'},{'R1'},{'R3'},{'D1'},{'D2'},,,,,,&,1.0,&
{'R2'},{'R1'},{'R3'},{'D1'},{'D2'},{'D4'},,,,,&,1.0,&
{'R2'},{'R1'},{'R3'},{'D1'},{'D2'},{'D4'},{'D7'},,,,&,1.0,&
{'R2'},{'R1'},{'R3'},{'D1'},{'D2'},{'D4'},{'D7'},{'D6'},,,&,1.0,&
{'R2'},{'R1'},{'R3'},{'D1'},{'D2'},{'D3'},,,,,&,1.0,&
{'R2'},{'R1'},{'R3'},{'D1'},{'D2'},{'D3'},{'D7'},{'D6'},,,&,1.0,&
{'R2'},{'R1'},{'R3'},{'D1'},{'D2'},{'D3'},{'D4'},,,,&,1.0,&
{'R2'},{'R1'},{'R3'},{'D1'},{'D2'},{'D3'},{'D4'},{'D7'},,,&,1.0,&
{'R2'},{'R1'},{'R3'},{'D1'},{'D2'},{'D7'},,,,,&,7.0,&
{'R2'},{'R1'},{'R3'},{'D1'},{'D2'},{'D7'},{'D3'},,,,&,1.0,&
{'R2'},{'R1'},{'R3'},{'D1'},{'D2'},{'D7'},{'D4'},{'D5'},{'D3'},{'D6'},&,1.0,&
{'R2'},{'R1'},{'R3'},{'D1'},{'D2'},{'D7'},{'D4'},{'D3'},,,&,1.0,&
{'R2'},{'R1'},{'R3'},{'D1'},{'D2'},{'D7'},{'D4'},{'D3'},{'D6'},{'D5'},&,1.0,&
{'R2'},{'R1'},{'R3'},{'D1'},{'D2'},{'D7'},{'D6'},{'D3'},{'D5'},{'D4'},&,1.0,&
{'R2'},{'R1'},{'R3'},{'D1'},{'D6'},{'D4'},,,,,&,1.0,&
{'R2'},{'R1'},{'R3'},{'D1'},{'D6'},{'D2'},{'D7'},{'D4'},{'D3'},{'D5'},&,1.0,&
{'R2'},{'R1'},{'R3'},{'D1'},{'D3'},,,,,,&,1.0,&
{'R2'},{'R1'},{'R3'},{'D1'},{'D3'},{'D2'},{'D5'},{'D7'},,,&,1.0,&
{'R2'},{'R1'},{'R3'},{'D7'},,,,,,,&,9.0,&
{'R2'},{'R1'},{'R3'},{'D7'},{'D1'},,,,,,&,3.0,&
{'R2'},{'R1'},{'R3'},{'D7'},{'D1'},{'D4'},{'D2'},,,,&,1.0,&
{'R2'},{'R1'},{'R3'},{'D7'},{'D1'},{'D4'},{'D2'},{'D5'},{'D6'},,&,1.0,&
{'R2'},{'R1'},{'R3'},{'D7'},{'D1'},{'D3'},,,,,&,2.0,&
{'R2'},{'R1'},{'R3'},{'D7'},{'D1'},{'D3'},{'D2'},{'D6'},,,&,1.0,&
{'R2'},{'R1'},{'R3'},{'D7'},{'D1'},{'D3'},{'D4'},{'D2'},,,&,1.0,&
{'R2'},{'R1'},{'R3'},{'D7'},{'D1'},{'D2'},,,,,&,1.0,&
{'R2'},{'R1'},{'R3'},{'D7'},{'D1'},{'D2'},{'D3'},{'D5'},{'D4'},,&,1.0,&
{'R2'},{'R1'},{'R3'},{'D7'},{'D1'},{'D2'},{'D4'},,,,&,1.0,&
{'R2'},{'R1'},{'R3'},{'D7'},{'D1'},{'D2'},{'D4'},{'D6'},{'D5'},,&,1.0,&
{'R2'},{'R1'},{'R3'},{'D7'},{'D1'},{'D2'},{'D4'},{'D6'},{'D3'},,&,1.0,&
{'R2'},{'R1'},{'R3'},{'D7'},{'D1'},{'D2'},{'D4'},{'D3'},{'D6'},,&,1.0,&
{'R2'},{'R1'},{'R3'},{'D7'},{'D1'},{'D2'},{'D6'},{'D4'},,,&,2.0,&
{'R2'},{'R1'},{'R3'},{'D7'},{'D4'},,,,,,&,2.0,&
{'R2'},{'R1'},{'R3'},{'D7'},{'D4'},{'D2'},,,,,&,2.0,&
{'R2'},{'R1'},{'R3'},{'D7'},{'D4'},{'D2'},{'D3'},,,,&,1.0,&
{'R2'},{'R1'},{'R3'},{'D7'},{'D4'},{'D2'},{'D1'},,,,&,1.0,&
{'R2'},{'R1'},{'R3'},{'D7'},{'D4'},{'D2'},{'D6'},,,,&,1.0,&
{'R2'},{'R1'},{'R3'},{'D7'},{'D4'},{'D1'},{'D2'},,,,&,1.0,&
{'R2'},{'R1'},{'R3'},{'D7'},{'D2'},,,,,,&,5.0,&
{'R2'},{'R1'},{'R3'},{'D7'},{'D2'},{'D4'},,,,,&,2.0,&
{'R2'},{'R1'},{'R3'},{'D7'},{'D2'},{'D3'},,,,,&,1.0,&
{'R2'},{'R1'},{'R3'},{'D7'},{'D2'},{'D3'},{'D1'},{'D4'},,,&,1.0,&
{'R2'},{'R1'},{'R3'},{'D7'},{'D2'},{'D1'},,,,,&,2.0,&
{'R2'},{'R1'},{'R3'},{'D7'},{'D2'},{'D1'},{'D3'},,,,&,1.0,&
{'R2'},{'R1'},{'R3'},{'D7'},{'D2'},{'D1'},{'D3'},{'D4'},,,&,1.0,&
{'R2'},{'R1'},{'R3'},{'D7'},{'D2'},{'D1'},{'D3'},{'D4'},{'D5'},{'D6'},&,1.0,&
{'R2'},{'R1'},{'R3'},{'D7'},{'D2'},{'D1'},{'D4'},,,,&,3.0,&
{'R2'},{'R1'},{'R3'},{'D7'},{'D2'},{'D1'},{'D4'},{'D3'},{'D6'},,&,2.0,&
{'R2'},{'R1'},{'R3'},{'D7'},{'D2'},{'D1'},{'D6'},,,,&,1.0,&
{'R2'},{'R1'},{'R3'},{'D7'},{'D2'},{'D1'},{'D6'},{'D4'},{'D3'},{'D5'},&,1.0,&
{'R2'},{'R1'},{'R3'},{'D7'},{'D3'},{'D2'},,,,,&,2.0,&
{'R2'},{'R1'},{'R3'},{'D7'},{'D3'},{'D2'},{'D1'},{'D4'},{'D6'},,&,1.0,&
{'R2'},{'R1'},{'R3'},{'D7'},{'D3'},{'D2'},{'D1'},{'D4'},{'D6'},{'D5'},&,1.0,&
{'R2'},{'R1'},{'R3'},{'D7'},{'D3'},{'D2'},{'D6'},{'D1'},{'D4'},{'D5'},&,1.0,&
{'R2'},{'R1'},{'R3'},{'D7'},{'D5'},{'D3'},{'D1'},{'D2'},,,&,1.0,&
{'R2'},{'R1'},{'R3'},{'D4'},,,,,,,&,3.0,&
{'R2'},{'R1'},{'R3'},{'D4'},{'D7'},{'D3'},{'D2'},{'D6'},,,&,1.0,&
{'R2'},{'R1'},{'R3'},{'D4'},{'D7'},{'D2'},{'D1'},{'D6'},,,&,1.0,&
{'R2'},{'R1'},{'R3'},{'D4'},{'D7'},{'D2'},{'D1'},{'D6'},{'D3'},{'D5'},&,1.0,&
{'R2'},{'R1'},{'R3'},{'D4'},{'D7'},{'D1'},{'D2'},,,,&,1.0,&
{'R2'},{'R1'},{'R3'},{'D4'},{'D7'},{'D1'},{'D2'},{'D6'},{'D3'},,&,1.0,&
{'R2'},{'R1'},{'R3'},{'D4'},{'D7'},{'D6'},{'D2'},,,,&,1.0,&
{'R2'},{'R1'},{'R3'},{'D4'},{'D1'},{'D3'},{'D2'},{'D7'},{'D6'},,&,1.0,&
{'R2'},{'R1'},{'R3'},{'D4'},{'D1'},{'D2'},{'D7'},{'D6'},,,&,1.0,&
{'R2'},{'R1'},{'R3'},{'D4'},{'D1'},{'D7'},{'D2'},,,,&,1.0,&
{'R2'},{'R1'},{'R3'},{'D4'},{'D1'},{'D7'},{'D2'},{'D5'},,,&,1.0,&
{'R2'},{'R1'},{'R3'},{'D4'},{'D1'},{'D7'},{'D2'},{'D5'},{'D6'},{'D3'},&,1.0,&
{'R2'},{'R1'},{'R3'},{'D4'},{'D2'},{'D1'},{'D3'},,,,&,1.0,&
{'R2'},{'R1'},{'R3'},{'D4'},{'D2'},{'D1'},{'D3'},{'D7'},,,&,1.0,&
{'R2'},{'R1'},{'R3'},{'D4'},{'D2'},{'D1'},{'D7'},{'D3'},,,&,1.0,&
{'R2'},{'R1'},{'R3'},{'D4'},{'D2'},{'D1'},{'D7'},{'D3'},{'D6'},{'D5'},&,1.0,&
{'R2'},{'R1'},{'R3'},{'D4'},{'D2'},{'D1'},{'D5'},{'D7'},{'D3'},{'D6'},&,1.0,&
{'R2'},{'R1'},{'R3'},{'D4'},{'D2'},{'D1'},{'D6'},,,,&,1.0,&
{'R2'},{'R1'},{'R3'},{'D4'},{'D2'},{'D7'},,,,,&,1.0,&
{'R2'},{'R1'},{'R3'},{'D4'},{'D2'},{'D7'},{'D1'},,,,&,1.0,&
{'R2'},{'R1'},{'R3'},{'D4'},{'D2'},{'D7'},{'D1'},{'D6'},{'D5'},,&,1.0,&
{'R2'},{'R1'},{'R3'},{'D4'},{'D2'},{'D7'},{'D6'},{'D5'},{'D1'},{'D3'},&,1.0,&
{'R2'},{'R1'},{'R3'},{'D4'},{'D3'},{'D7'},{'D2'},,,,&,1.0,&
{'R2'},{'R1'},{'R3'},{'D3'},,,,,,,&,1.0,&
{'R2'},{'R1'},{'R3'},{'D3'},{'D1'},{'D7'},,,,,&,1.0,&
{'R2'},{'R1'},{'R3'},{'D3'},{'D2'},{'D7'},{'D1'},{'D4'},{'D6'},,&,1.0,&
{'R2'},{'R1'},{'R3'},{'D6'},,,,,,,&,1.0,&
{'R2'},{'R1'},{'R3'},{'D6'},{'D7'},,,,,,&,1.0,&
{'R2'},{'R1'},{'R3'},{'D6'},{'D7'},{'D2'},{'D1'},{'D4'},{'D3'},{'D5'},&,1.0,&
{'R2'},{'R1'},{'R3'},{'D6'},{'D7'},{'D1'},{'D2'},{'D3'},,,&,1.0,&
{'R2'},{'R1'},{'R3'},{'D6'},{'D1'},{'D4'},{'D7'},{'D2'},{'D3'},,&,1.0,&
{'R2'},{'R1'},{'R3'},{'D6'},{'D2'},{'D1'},,,,,&,1.0,&
{'R2'},{'R1'},{'R3'},{'D6'},{'D2'},{'D7'},{'D1'},,,,&,1.0,&
{'R2'},{'R1'},{'R3'},{'D5'},,,,,,,&,1.0,&
{'R2'},{'R1'},{'D1'},,,,,,,,&,10.0,&
{'R2'},{'R1'},{'D1'},{'R3'},,,,,,,&,6.0,&
{'R2'},{'R1'},{'D1'},{'R3'},{'D7'},,,,,,&,3.0,&
{'R2'},{'R1'},{'D1'},{'R3'},{'D7'},{'D4'},{'D3'},{'D2'},{'D5'},,&,1.0,&
{'R2'},{'R1'},{'D1'},{'R3'},{'D7'},{'D4'},{'D2'},,,,&,1.0,&
{'R2'},{'R1'},{'D1'},{'R3'},{'D7'},{'D2'},,,,,&,1.0,&
{'R2'},{'R1'},{'D1'},{'R3'},{'D7'},{'D2'},{'D4'},,,,&,1.0,&
{'R2'},{'R1'},{'D1'},{'R3'},{'D7'},{'D2'},{'D6'},{'D4'},,,&,1.0,&
{'R2'},{'R1'},{'D1'},{'R3'},{'D4'},,,,,,&,1.0,&
{'R2'},{'R1'},{'D1'},{'R3'},{'D4'},{'D6'},,,,,&,1.0,&
{'R2'},{'R1'},{'D1'},{'R3'},{'D2'},,,,,,&,1.0,&
{'R2'},{'R1'},{'D1'},{'R3'},{'D2'},{'D4'},{'D7'},{'D6'},,,&,1.0,&
{'R2'},{'R1'},{'D1'},{'R3'},{'D2'},{'D4'},{'D6'},{'D7'},{'D3'},,&,1.0,&
{'R2'},{'R1'},{'D1'},{'R3'},{'D2'},{'D7'},,,,,&,1.0,&
{'R2'},{'R1'},{'D1'},{'R3'},{'D2'},{'D7'},{'D5'},,,,&,1.0,&
{'R2'},{'R1'},{'D1'},{'R3'},{'D2'},{'D7'},{'D5'},{'D3'},{'D4'},{'D6'},&,1.0,&
{'R2'},{'R1'},{'D1'},{'R3'},{'D2'},{'D6'},{'D7'},,,,&,1.0,&
{'R2'},{'R1'},{'D1'},{'R3'},{'D2'},{'D6'},{'D7'},{'D5'},{'D4'},,&,1.0,&
{'R2'},{'R1'},{'D1'},{'R3'},{'D6'},,,,,,&,1.0,&
{'R2'},{'R1'},{'D1'},{'R3'},{'D6'},{'D2'},{'D7'},,,,&,1.0,&
{'R2'},{'R1'},{'D1'},{'R3'},{'D3'},,,,,,&,1.0,&
{'R2'},{'R1'},{'D1'},{'D2'},,,,,,,&,4.0,&
{'R2'},{'R1'},{'D1'},{'D2'},{'D7'},{'D5'},{'D4'},{'R3'},,,&,1.0,&
{'R2'},{'R1'},{'D1'},{'D2'},{'D7'},{'R3'},,,,,&,1.0,&
{'R2'},{'R1'},{'D1'},{'D2'},{'D7'},{'R3'},{'D6'},{'D4'},{'D3'},,&,1.0,&
{'R2'},{'R1'},{'D1'},{'D2'},{'D7'},{'D6'},{'R3'},{'D4'},{'D5'},,&,1.0,&
{'R2'},{'R1'},{'D1'},{'D2'},{'R3'},,,,,,&,4.0,&
{'R2'},{'R1'},{'D1'},{'D2'},{'R3'},{'D4'},,,,,&,1.0,&
{'R2'},{'R1'},{'D1'},{'D2'},{'R3'},{'D4'},{'D7'},{'D6'},,,&,1.0,&
{'R2'},{'R1'},{'D1'},{'D2'},{'R3'},{'D7'},{'D4'},{'D5'},,,&,1.0,&
{'R2'},{'R1'},{'D1'},{'D2'},{'D4'},{'D7'},{'R3'},,,,&,1.0,&
{'R2'},{'R1'},{'D1'},{'D2'},{'D3'},{'R3'},{'D7'},{'D4'},{'D6'},{'D5'},&,1.0,&
{'R2'},{'R1'},{'D1'},{'D7'},,,,,,,&,4.0,&
{'R2'},{'R1'},{'D1'},{'D7'},{'R3'},{'D3'},,,,,&,1.0,&
{'R2'},{'R1'},{'D1'},{'D7'},{'R3'},{'D3'},{'D4'},{'D2'},{'D5'},{'D6'},&,1.0,&
{'R2'},{'R1'},{'D1'},{'D7'},{'R3'},{'D2'},{'D3'},,,,&,2.0,&
{'R2'},{'R1'},{'D1'},{'D7'},{'R3'},{'D2'},{'D4'},,,,&,1.0,&
{'R2'},{'R1'},{'D1'},{'D7'},{'D4'},{'D2'},,,,,&,1.0,&
{'R2'},{'R1'},{'D1'},{'D7'},{'D2'},{'D4'},,,,,&,2.0,&
{'R2'},{'R1'},{'D1'},{'D7'},{'D2'},{'D4'},{'R3'},{'D6'},{'D5'},{'D3'},&,1.0,&
{'R2'},{'R1'},{'D1'},{'D7'},{'D3'},{'D2'},{'D4'},{'R3'},{'D6'},{'D5'},&,1.0,&
{'R2'},{'R1'},{'D1'},{'D4'},,,,,,,&,2.0,&
{'R2'},{'R1'},{'D1'},{'D4'},{'D7'},{'R3'},,,,,&,1.0,&
{'R2'},{'R1'},{'D1'},{'D4'},{'R3'},,,,,,&,1.0,&
{'R2'},{'R1'},{'D1'},{'D4'},{'R3'},{'D7'},{'D2'},,,,&,1.0,&
{'R2'},{'R1'},{'D1'},{'D3'},{'D7'},,,,,,&,1.0,&
{'R2'},{'R1'},{'D1'},{'D3'},{'R3'},{'D4'},{'D2'},{'D7'},{'D6'},,&,1.0,&
{'R2'},{'R1'},{'D1'},{'D6'},{'D7'},{'D4'},{'D2'},{'D3'},{'R3'},{'D5'},&,1.0,&
{'R2'},{'R1'},{'D1'},{'D5'},{'D2'},{'D4'},{'D7'},{'D3'},,,&,1.0,&
{'R2'},{'R1'},{'D4'},,,,,,,,&,4.0,&
{'R2'},{'R1'},{'D4'},{'R3'},,,,,,,&,4.0,&
{'R2'},{'R1'},{'D4'},{'R3'},{'D7'},,,,,,&,2.0,&
{'R2'},{'R1'},{'D4'},{'R3'},{'D7'},{'D2'},{'D3'},{'D1'},,,&,1.0,&
{'R2'},{'R1'},{'D4'},{'R3'},{'D7'},{'D1'},,,,,&,1.0,&
{'R2'},{'R1'},{'D4'},{'R3'},{'D1'},,,,,,&,1.0,&
{'R2'},{'R1'},{'D4'},{'R3'},{'D1'},{'D2'},{'D3'},,,,&,1.0,&
{'R2'},{'R1'},{'D4'},{'R3'},{'D1'},{'D7'},{'D3'},{'D2'},{'D6'},{'D5'},&,1.0,&
{'R2'},{'R1'},{'D4'},{'R3'},{'D2'},,,,,,&,2.0,&
{'R2'},{'R1'},{'D4'},{'R3'},{'D2'},{'D1'},,,,,&,1.0,&
{'R2'},{'R1'},{'D4'},{'R3'},{'D2'},{'D7'},{'D1'},{'D6'},{'D3'},{'D5'},&,1.0,&
{'R2'},{'R1'},{'D4'},{'R3'},{'D2'},{'D6'},{'D7'},{'D1'},{'D3'},,&,1.0,&
{'R2'},{'R1'},{'D4'},{'R3'},{'D3'},{'D1'},{'D2'},{'D7'},,,&,1.0,&
{'R2'},{'R1'},{'D4'},{'D2'},,,,,,,&,1.0,&
{'R2'},{'R1'},{'D4'},{'D2'},{'R3'},{'D7'},,,,,&,1.0,&
{'R2'},{'R1'},{'D4'},{'D2'},{'R3'},{'D7'},{'D3'},{'D6'},,,&,1.0,&
{'R2'},{'R1'},{'D4'},{'D2'},{'D3'},{'D7'},,,,,&,1.0,&
{'R2'},{'R1'},{'D4'},{'D1'},,,,,,,&,3.0,&
{'R2'},{'R1'},{'D4'},{'D1'},{'R3'},{'D7'},,,,,&,1.0,&
{'R2'},{'R1'},{'D4'},{'D7'},{'R3'},,,,,,&,1.0,&
{'R2'},{'R1'},{'D4'},{'D3'},{'R3'},{'D2'},,,,,&,1.0,&
{'R2'},{'R1'},{'D4'},{'D3'},{'D2'},{'R3'},,,,,&,1.0,&
{'R2'},{'R1'},{'D4'},{'D6'},,,,,,,&,1.0,&
{'R2'},{'R1'},{'D4'},{'D6'},{'R3'},,,,,,&,1.0,&
{'R2'},{'R1'},,,,,,,,,&,69.0,&
{'R2'},{'R1'},{'D7'},,,,,,,,&,19.0,&
{'R2'},{'R1'},{'D7'},{'R3'},,,,,,,&,6.0,&
{'R2'},{'R1'},{'D7'},{'R3'},{'D1'},,,,,,&,2.0,&
{'R2'},{'R1'},{'D7'},{'R3'},{'D1'},{'D4'},{'D2'},,,,&,1.0,&
{'R2'},{'R1'},{'D7'},{'R3'},{'D1'},{'D4'},{'D6'},,,,&,1.0,&
{'R2'},{'R1'},{'D7'},{'R3'},{'D1'},{'D2'},,,,,&,2.0,&
{'R2'},{'R1'},{'D7'},{'R3'},{'D1'},{'D2'},{'D3'},{'D4'},,,&,1.0,&
{'R2'},{'R1'},{'D7'},{'R3'},{'D1'},{'D2'},{'D5'},{'D3'},{'D4'},,&,1.0,&
{'R2'},{'R1'},{'D7'},{'R3'},{'D4'},{'D2'},{'D6'},{'D1'},{'D5'},{'D3'},&,1.0,&
{'R2'},{'R1'},{'D7'},{'R3'},{'D4'},{'D1'},,,,,&,1.0,&
{'R2'},{'R1'},{'D7'},{'R3'},{'D4'},{'D1'},{'D2'},{'D3'},,,&,1.0,&
{'R2'},{'R1'},{'D7'},{'R3'},{'D2'},,,,,,&,5.0,&
{'R2'},{'R1'},{'D7'},{'R3'},{'D2'},{'D4'},,,,,&,1.0,&
{'R2'},{'R1'},{'D7'},{'R3'},{'D2'},{'D3'},,,,,&,1.0,&
{'R2'},{'R1'},{'D7'},{'R3'},{'D2'},{'D3'},{'D4'},{'D1'},{'D6'},,&,1.0,&
{'R2'},{'R1'},{'D7'},{'R3'},{'D2'},{'D1'},,,,,&,2.0,&
{'R2'},{'R1'},{'D7'},{'R3'},{'D2'},{'D1'},{'D4'},{'D6'},,,&,1.0,&
{'R2'},{'R1'},{'D7'},{'R3'},{'D2'},{'D1'},{'D4'},{'D3'},{'D6'},,&,1.0,&
{'R2'},{'R1'},{'D7'},{'R3'},{'D2'},{'D6'},{'D1'},{'D3'},{'D4'},{'D5'},&,1.0,&
{'R2'},{'R1'},{'D7'},{'R3'},{'D6'},,,,,,&,1.0,&
{'R2'},{'R1'},{'D7'},{'R3'},{'D3'},{'D2'},{'D1'},,,,&,1.0,&
{'R2'},{'R1'},{'D7'},{'D2'},,,,,,,&,6.0,&
{'R2'},{'R1'},{'D7'},{'D2'},{'R3'},{'D4'},{'D1'},{'D6'},{'D3'},{'D5'},&,1.0,&
{'R2'},{'R1'},{'D7'},{'D2'},{'R3'},{'D1'},{'D5'},{'D3'},,,&,1.0,&
{'R2'},{'R1'},{'D7'},{'D2'},{'R3'},{'D1'},{'D4'},{'D6'},{'D3'},,&,1.0,&
{'R2'},{'R1'},{'D7'},{'D2'},{'R3'},{'D1'},{'D4'},{'D6'},{'D3'},{'D5'},&,1.0,&
{'R2'},{'R1'},{'D7'},{'D2'},{'D1'},,,,,,&,3.0,&
{'R2'},{'R1'},{'D7'},{'D2'},{'D1'},{'D4'},,,,,&,1.0,&
{'R2'},{'R1'},{'D7'},{'D2'},{'D1'},{'D4'},{'R3'},,,,&,1.0,&
{'R2'},{'R1'},{'D7'},{'D2'},{'D1'},{'D4'},{'R3'},{'D3'},{'D6'},{'D5'},&,1.0,&
{'R2'},{'R1'},{'D7'},{'D2'},{'D1'},{'R3'},,,,,&,1.0,&
{'R2'},{'R1'},{'D7'},{'D2'},{'D4'},{'D1'},,,,,&,1.0,&
{'R2'},{'R1'},{'D7'},{'D2'},{'D4'},{'R3'},,,,,&,2.0,&
{'R2'},{'R1'},{'D7'},{'D2'},{'D4'},{'R3'},{'D1'},{'D6'},,,&,1.0,&
{'R2'},{'R1'},{'D7'},{'D2'},{'D6'},{'D4'},{'R3'},{'D1'},,,&,1.0,&
{'R2'},{'R1'},{'D7'},{'D2'},{'D6'},{'R3'},{'D4'},,,,&,1.0,&
{'R2'},{'R1'},{'D7'},{'D2'},{'D3'},{'D1'},{'R3'},{'D5'},{'D4'},{'D6'},&,1.0,&
{'R2'},{'R1'},{'D7'},{'D2'},{'D3'},{'R3'},{'D1'},{'D6'},,,&,1.0,&
{'R2'},{'R1'},{'D7'},{'D1'},,,,,,,&,4.0,&
{'R2'},{'R1'},{'D7'},{'D1'},{'R3'},,,,,,&,3.0,&
{'R2'},{'R1'},{'D7'},{'D1'},{'R3'},{'D4'},,,,,&,1.0,&
{'R2'},{'R1'},{'D7'},{'D1'},{'R3'},{'D2'},,,,,&,5.0,&
{'R2'},{'R1'},{'D7'},{'D1'},{'R3'},{'D2'},{'D4'},,,,&,1.0,&
{'R2'},{'R1'},{'D7'},{'D1'},{'R3'},{'D2'},{'D4'},{'D6'},{'D3'},,&,2.0,&
{'R2'},{'R1'},{'D7'},{'D1'},{'R3'},{'D2'},{'D4'},{'D3'},,,&,1.0,&
{'R2'},{'R1'},{'D7'},{'D1'},{'R3'},{'D2'},{'D6'},,,,&,1.0,&
{'R2'},{'R1'},{'D7'},{'D1'},{'R3'},{'D5'},,,,,&,1.0,&
{'R2'},{'R1'},{'D7'},{'D1'},{'D4'},,,,,,&,1.0,&
{'R2'},{'R1'},{'D7'},{'D1'},{'D2'},,,,,,&,3.0,&
{'R2'},{'R1'},{'D7'},{'D1'},{'D2'},{'D3'},{'D4'},{'D5'},{'R3'},{'D6'},&,1.0,&
{'R2'},{'R1'},{'D7'},{'D1'},{'D2'},{'D3'},{'D4'},{'D6'},{'R3'},{'D5'},&,1.0,&
{'R2'},{'R1'},{'D7'},{'D1'},{'D2'},{'D3'},{'D4'},{'R3'},{'D6'},,&,1.0,&
{'R2'},{'R1'},{'D7'},{'D1'},{'D2'},{'D5'},{'R3'},,,,&,1.0,&
{'R2'},{'R1'},{'D7'},{'D1'},{'D2'},{'R3'},,,,,&,1.0,&
{'R2'},{'R1'},{'D7'},{'D1'},{'D2'},{'D6'},{'R3'},,,,&,1.0,&
{'R2'},{'R1'},{'D7'},{'D4'},{'R3'},{'D2'},{'D1'},{'D6'},{'D3'},,&,1.0,&
{'R2'},{'R1'},{'D7'},{'D4'},{'D1'},{'R3'},,,,,&,1.0,&
{'R2'},{'R1'},{'D7'},{'D4'},{'D1'},{'R3'},{'D2'},{'D3'},{'D6'},{'D5'},&,1.0,&
{'R2'},{'R1'},{'D7'},{'D4'},{'D1'},{'D6'},{'D3'},{'D2'},{'D5'},,&,1.0,&
{'R2'},{'R1'},{'D7'},{'D3'},{'R3'},,,,,,&,1.0,&
{'R2'},{'R1'},{'D7'},{'D6'},,,,,,,&,1.0,&
{'R2'},{'R1'},{'D7'},{'D6'},{'D1'},,,,,,&,1.0,&
{'R2'},{'R1'},{'D7'},{'D6'},{'D1'},{'R3'},{'D4'},,,,&,1.0,&
{'R2'},{'R1'},{'D7'},{'D6'},{'D2'},{'D1'},{'D3'},{'D4'},{'R3'},,&,1.0,&
{'R2'},{'R1'},{'D7'},{'D5'},{'D3'},{'D2'},{'D4'},{'R3'},{'D1'},{'D6'},&,1.0,&
{'R2'},{'R1'},{'D2'},,,,,,,,&,24.0,&
{'R2'},{'R1'},{'D2'},{'R3'},,,,,,,&,6.0,&
{'R2'},{'R1'},{'D2'},{'R3'},{'D7'},,,,,,&,3.0,&
{'R2'},{'R1'},{'D2'},{'R3'},{'D7'},{'D4'},{'D3'},{'D1'},{'D6'},{'D5'},&,1.0,&
{'R2'},{'R1'},{'D2'},{'R3'},{'D7'},{'D1'},{'D3'},{'D5'},{'D4'},,&,1.0,&
{'R2'},{'R1'},{'D2'},{'R3'},{'D7'},{'D1'},{'D5'},{'D4'},{'D3'},{'D6'},&,1.0,&
{'R2'},{'R1'},{'D2'},{'R3'},{'D7'},{'D6'},{'D1'},{'D4'},{'D5'},{'D3'},&,1.0,&
{'R2'},{'R1'},{'D2'},{'R3'},{'D1'},,,,,,&,4.0,&
{'R2'},{'R1'},{'D2'},{'R3'},{'D1'},{'D4'},{'D5'},{'D7'},,,&,1.0,&
{'R2'},{'R1'},{'D2'},{'R3'},{'D1'},{'D7'},,,,,&,3.0,&
{'R2'},{'R1'},{'D2'},{'R3'},{'D1'},{'D7'},{'D5'},{'D3'},{'D6'},{'D4'},&,1.0,&
{'R2'},{'R1'},{'D2'},{'R3'},{'D1'},{'D7'},{'D4'},{'D3'},,,&,1.0,&
{'R2'},{'R1'},{'D2'},{'R3'},{'D1'},{'D7'},{'D6'},,,,&,1.0,&
{'R2'},{'R1'},{'D2'},{'R3'},{'D1'},{'D7'},{'D6'},{'D4'},,,&,1.0,&
{'R2'},{'R1'},{'D2'},{'R3'},{'D1'},{'D7'},{'D6'},{'D4'},{'D3'},{'D5'},&,1.0,&
{'R2'},{'R1'},{'D2'},{'R3'},{'D4'},{'D6'},,,,,&,1.0,&
{'R2'},{'R1'},{'D2'},{'R3'},{'D6'},{'D4'},{'D1'},{'D7'},{'D3'},,&,1.0,&
{'R2'},{'R1'},{'D2'},{'R3'},{'D3'},{'D7'},{'D1'},,,,&,1.0,&
{'R2'},{'R1'},{'D2'},{'R3'},{'D3'},{'D7'},{'D1'},{'D4'},{'D5'},{'D6'},&,1.0,&
{'R2'},{'R1'},{'D2'},{'R3'},{'D3'},{'D7'},{'D4'},{'D6'},,,&,1.0,&
{'R2'},{'R1'},{'D2'},{'R3'},{'D3'},{'D7'},{'D4'},{'D6'},{'D1'},,&,1.0,&
{'R2'},{'R1'},{'D2'},{'D1'},,,,,,,&,6.0,&
{'R2'},{'R1'},{'D2'},{'D1'},{'D7'},,,,,,&,1.0,&
{'R2'},{'R1'},{'D2'},{'D1'},{'D7'},{'D4'},,,,,&,2.0,&
{'R2'},{'R1'},{'D2'},{'D1'},{'D7'},{'R3'},,,,,&,1.0,&
{'R2'},{'R1'},{'D2'},{'D1'},{'D7'},{'R3'},{'D3'},{'D4'},,,&,1.0,&
{'R2'},{'R1'},{'D2'},{'D1'},{'D7'},{'R3'},{'D4'},{'D6'},,,&,1.0,&
{'R2'},{'R1'},{'D2'},{'D1'},{'D7'},{'R3'},{'D6'},{'D3'},,,&,1.0,&
{'R2'},{'R1'},{'D2'},{'D1'},{'D7'},{'D6'},{'D4'},{'D3'},{'R3'},{'D5'},&,1.0,&
{'R2'},{'R1'},{'D2'},{'D1'},{'R3'},,,,,,&,1.0,&
{'R2'},{'R1'},{'D2'},{'D1'},{'R3'},{'D4'},{'D7'},{'D6'},,,&,1.0,&
{'R2'},{'R1'},{'D2'},{'D1'},{'R3'},{'D7'},{'D3'},,,,&,1.0,&
{'R2'},{'R1'},{'D2'},{'D1'},{'R3'},{'D7'},{'D4'},,,,&,1.0,&
{'R2'},{'R1'},{'D2'},{'D1'},{'R3'},{'D7'},{'D4'},{'D6'},,,&,1.0,&
{'R2'},{'R1'},{'D2'},{'D1'},{'R3'},{'D7'},{'D4'},{'D3'},{'D6'},{'D5'},&,1.0,&
{'R2'},{'R1'},{'D2'},{'D1'},{'R3'},{'D6'},,,,,&,1.0,&
{'R2'},{'R1'},{'D2'},{'D1'},{'D4'},,,,,,&,1.0,&
{'R2'},{'R1'},{'D2'},{'D1'},{'D4'},{'D5'},,,,,&,1.0,&
{'R2'},{'R1'},{'D2'},{'D1'},{'D4'},{'D7'},{'D6'},{'R3'},,,&,1.0,&
{'R2'},{'R1'},{'D2'},{'D1'},{'D4'},{'D7'},{'R3'},{'D5'},,,&,1.0,&
{'R2'},{'R1'},{'D2'},{'D1'},{'D6'},{'R3'},,,,,&,1.0,&
{'R2'},{'R1'},{'D2'},{'D7'},,,,,,,&,5.0,&
{'R2'},{'R1'},{'D2'},{'D7'},{'R3'},,,,,,&,3.0,&
{'R2'},{'R1'},{'D2'},{'D7'},{'R3'},{'D4'},,,,,&,1.0,&
{'R2'},{'R1'},{'D2'},{'D7'},{'R3'},{'D1'},,,,,&,2.0,&
{'R2'},{'R1'},{'D2'},{'D7'},{'R3'},{'D1'},{'D3'},{'D4'},,,&,1.0,&
{'R2'},{'R1'},{'D2'},{'D7'},{'R3'},{'D1'},{'D3'},{'D4'},{'D6'},{'D5'},&,1.0,&
{'R2'},{'R1'},{'D2'},{'D7'},{'R3'},{'D1'},{'D5'},{'D4'},,,&,1.0,&
{'R2'},{'R1'},{'D2'},{'D7'},{'R3'},{'D1'},{'D4'},{'D5'},{'D6'},,&,1.0,&
{'R2'},{'R1'},{'D2'},{'D7'},{'D1'},,,,,,&,2.0,&
{'R2'},{'R1'},{'D2'},{'D7'},{'D1'},{'D4'},{'D5'},{'D3'},,,&,1.0,&
{'R2'},{'R1'},{'D2'},{'D7'},{'D1'},{'D4'},{'R3'},{'D5'},,,&,1.0,&
{'R2'},{'R1'},{'D2'},{'D7'},{'D1'},{'D4'},{'R3'},{'D3'},{'D6'},{'D5'},&,1.0,&
{'R2'},{'R1'},{'D2'},{'D7'},{'D1'},{'D3'},{'R3'},,,,&,1.0,&
{'R2'},{'R1'},{'D2'},{'D7'},{'D1'},{'R3'},{'D4'},,,,&,1.0,&
{'R2'},{'R1'},{'D2'},{'D7'},{'D1'},{'R3'},{'D6'},{'D4'},,,&,1.0,&
{'R2'},{'R1'},{'D2'},{'D7'},{'D1'},{'D6'},,,,,&,1.0,&
{'R2'},{'R1'},{'D2'},{'D7'},{'D1'},{'D6'},{'D5'},{'D3'},{'D4'},{'R3'},&,1.0,&
{'R2'},{'R1'},{'D2'},{'D7'},{'D4'},{'R3'},{'D1'},,,,&,1.0,&
{'R2'},{'R1'},{'D2'},{'D4'},{'D7'},{'D1'},{'D6'},{'D3'},{'D5'},{'R3'},&,1.0,&
{'R2'},{'R1'},{'D2'},{'D4'},{'R3'},,,,,,&,2.0,&
{'R2'},{'R1'},{'D2'},{'D4'},{'R3'},{'D1'},{'D7'},{'D6'},,,&,1.0,&
{'R2'},{'R1'},{'D2'},{'D4'},{'D1'},{'D7'},,,,,&,1.0,&
{'R2'},{'R1'},{'D2'},{'D4'},{'D6'},{'D1'},{'R3'},,,,&,1.0,&
{'R2'},{'R1'},{'D2'},{'D4'},{'D3'},{'R3'},,,,,&,1.0,&
{'R2'},{'R1'},{'D2'},{'D4'},{'D5'},{'R3'},{'D3'},,,,&,1.0,&
{'R2'},{'R1'},{'D2'},{'D3'},{'D7'},{'D4'},{'R3'},{'D1'},,,&,1.0,&
{'R2'},{'R1'},{'D2'},{'D3'},{'D7'},{'D1'},{'R3'},,,,&,1.0,&
{'R2'},{'R1'},{'D2'},{'D3'},{'R3'},{'D1'},{'D7'},,,,&,1.0,&
{'R2'},{'R1'},{'D2'},{'D3'},{'R3'},{'D1'},{'D7'},{'D4'},{'D6'},{'D5'},&,1.0,&
{'R2'},{'R1'},{'D2'},{'D3'},{'D6'},{'D7'},{'D5'},{'R3'},{'D4'},{'D1'},&,1.0,&
{'R2'},{'R1'},{'D2'},{'D6'},,,,,,,&,1.0,&
{'R2'},{'R1'},{'D2'},{'D6'},{'R3'},{'D7'},{'D1'},{'D3'},,,&,1.0,&
{'R2'},{'R1'},{'D2'},{'D6'},{'D4'},{'R3'},{'D7'},,,,&,1.0,&
{'R2'},{'R1'},{'D2'},{'D6'},{'D3'},{'D7'},{'R3'},{'D1'},,,&,1.0,&
{'R2'},{'R1'},{'D2'},{'D5'},{'D7'},{'D1'},{'D4'},{'D6'},{'R3'},,&,1.0,&
{'R2'},{'R1'},{'D3'},,,,,,,,&,4.0,&
{'R2'},{'R1'},{'D3'},{'R3'},{'D7'},{'D1'},{'D4'},,,,&,1.0,&
{'R2'},{'R1'},{'D3'},{'R3'},{'D2'},{'D6'},{'D1'},,,,&,1.0,&
{'R2'},{'R1'},{'D3'},{'D2'},{'D7'},{'R3'},{'D1'},,,,&,1.0,&
{'R2'},{'R1'},{'D3'},{'D2'},{'D7'},{'R3'},{'D1'},{'D4'},,,&,1.0,&
{'R2'},{'R1'},{'D3'},{'D2'},{'R3'},{'D4'},{'D7'},{'D1'},{'D6'},{'D5'},&,1.0,&
{'R2'},{'R1'},{'D3'},{'D1'},,,,,,,&,1.0,&
{'R2'},{'R1'},{'D3'},{'D7'},{'R3'},,,,,,&,2.0,&
{'R2'},{'R1'},{'D6'},,,,,,,,&,3.0,&
{'R2'},{'R1'},{'D6'},{'R3'},{'D2'},{'D7'},{'D4'},{'D1'},{'D3'},{'D5'},&,1.0,&
{'R2'},{'R1'},{'D6'},{'D2'},{'R3'},,,,,,&,1.0,&
{'R2'},{'R1'},{'D6'},{'D1'},,,,,,,&,1.0,&
{'R2'},{'R1'},{'D6'},{'D7'},{'D1'},{'D2'},{'R3'},,,,&,1.0,&
{'R2'},{'R1'},{'D6'},{'D4'},{'D2'},,,,,,&,1.0,&
{'R2'},{'R1'},{'D5'},,,,,,,,&,1.0,&
{'R2'},{'R1'},{'D5'},{'R3'},,,,,,,&,1.0,&
{'R2'},{'R1'},{'D5'},{'R3'},{'D1'},,,,,,&,1.0,&
{'R2'},{'R1'},{'D5'},{'D2'},,,,,,,&,1.0,&
{'R2'},{'R1'},{'D5'},{'D1'},{'R3'},{'D6'},{'D4'},{'D2'},,,&,1.0,&
{'R2'},{'R1'},{'D5'},{'D7'},{'D2'},{'D1'},{'R3'},,,,&,1.0,&
{'R2'},{'D5'},{'R3'},,,,,,,,&,1.0,&
{'R2'},{'D5'},{'R3'},{'D2'},,,,,,,&,1.0,&
{'R2'},{'D5'},{'R3'},{'D2'},{'D7'},{'R1'},,,,,&,1.0,&
{'R2'},{'D5'},{'R3'},{'D2'},{'R1'},{'D1'},{'D7'},{'D4'},,,&,1.0,&
{'R2'},{'D5'},{'R3'},{'D2'},{'R1'},{'D1'},{'D7'},{'D4'},{'D6'},,&,1.0,&
{'R2'},{'D5'},{'R3'},{'D1'},{'D4'},{'R1'},{'D2'},,,,&,1.0,&
{'R2'},{'D5'},{'R3'},{'D1'},{'D2'},{'R1'},{'D7'},{'D3'},{'D6'},,&,1.0,&
{'R2'},{'D5'},{'R3'},{'R1'},,,,,,,&,4.0,&
{'R2'},{'D5'},{'R3'},{'R1'},{'D7'},{'D4'},{'D1'},{'D3'},{'D2'},{'D6'},&,1.0,&
{'R2'},{'D5'},{'R3'},{'R1'},{'D7'},{'D2'},,,,,&,1.0,&
{'R2'},{'D5'},{'R3'},{'R1'},{'D4'},,,,,,&,1.0,&
{'R2'},{'D5'},{'R3'},{'R1'},{'D4'},{'D7'},{'D2'},{'D1'},{'D3'},,&,1.0,&
{'R2'},{'D5'},{'R3'},{'R1'},{'D2'},{'D7'},{'D1'},{'D4'},,,&,1.0,&
{'R2'},{'D5'},{'R3'},{'R1'},{'D2'},{'D7'},{'D4'},,,,&,1.0,&
{'R2'},{'D5'},{'R3'},{'R1'},{'D3'},{'D1'},{'D2'},{'D7'},{'D4'},{'D6'},&,1.0,&
{'R2'},{'D5'},{'R3'},{'D7'},{'R1'},,,,,,&,1.0,&
{'R2'},{'D5'},{'R3'},{'D7'},{'D2'},{'D4'},,,,,&,1.0,&
{'R2'},{'D5'},{'R3'},{'D4'},{'R1'},,,,,,&,1.0,&
{'R2'},{'D5'},{'D1'},,,,,,,,&,3.0,&
{'R2'},{'D5'},{'D1'},{'R3'},,,,,,,&,1.0,&
{'R2'},{'D5'},{'D1'},{'D2'},{'D7'},,,,,,&,1.0,&
{'R2'},{'D5'},{'D1'},{'D2'},{'R3'},,,,,,&,1.0,&
{'R2'},{'D5'},{'D1'},{'R1'},{'D7'},,,,,,&,1.0,&
{'R2'},{'D5'},{'D4'},,,,,,,,&,1.0,&
{'R2'},{'D5'},{'D4'},{'D2'},{'R3'},{'R1'},,,,,&,1.0,&
{'R2'},{'D5'},{'D4'},{'D2'},{'R3'},{'D1'},{'D7'},{'D3'},{'D6'},{'R1'},&,1.0,&
{'R2'},{'D5'},{'D4'},{'D2'},{'D1'},{'R3'},{'D7'},{'D3'},,,&,1.0,&
{'R2'},{'D5'},{'D4'},{'D1'},{'R1'},{'R3'},{'D2'},{'D7'},{'D6'},{'D3'},&,1.0,&
{'R2'},{'D5'},,,,,,,,,&,5.0,&
{'R2'},{'D5'},{'D7'},,,,,,,,&,1.0,&
{'R2'},{'D5'},{'D7'},{'R3'},{'R1'},{'D4'},{'D2'},{'D6'},,,&,1.0,&
{'R2'},{'D5'},{'D7'},{'R3'},{'R1'},{'D4'},{'D1'},{'D2'},,,&,1.0,&
{'R2'},{'D5'},{'D7'},{'R3'},{'R1'},{'D2'},{'D3'},{'D1'},,,&,1.0,&
{'R2'},{'D5'},{'D7'},{'R3'},{'D1'},{'D4'},{'D2'},{'D6'},{'D3'},,&,1.0,&
{'R2'},{'D5'},{'D7'},{'R3'},{'D2'},,,,,,&,1.0,&
{'R2'},{'D5'},{'D7'},{'D2'},,,,,,,&,1.0,&
{'R2'},{'D5'},{'D7'},{'D2'},{'D6'},{'R3'},{'R1'},{'D3'},{'D1'},,&,1.0,&
{'R2'},{'D5'},{'D7'},{'D1'},{'D6'},{'R3'},{'R1'},{'D2'},,,&,1.0,&
{'R2'},{'D5'},{'D7'},{'D1'},{'D3'},{'R3'},,,,,&,1.0,&
{'R2'},{'D5'},{'D7'},{'D4'},{'R3'},{'D2'},{'R1'},{'D1'},{'D3'},{'D6'},&,1.0,&
{'R2'},{'D5'},{'D2'},{'R3'},,,,,,,&,1.0,&
{'R2'},{'D5'},{'D2'},{'R3'},{'D7'},,,,,,&,1.0,&
{'R2'},{'D5'},{'D2'},{'R3'},{'R1'},{'D7'},,,,,&,1.0,&
{'R2'},{'D5'},{'D2'},{'R3'},{'D1'},,,,,,&,1.0,&
{'R2'},{'D5'},{'D2'},{'R3'},{'D1'},{'D4'},,,,,&,1.0,&
{'R2'},{'D5'},{'D2'},{'R3'},{'D4'},{'D6'},{'D1'},{'R1'},,,&,1.0,&
{'R2'},{'D5'},{'D2'},{'D1'},{'D7'},{'D4'},{'R3'},{'R1'},,,&,1.0,&
{'R2'},{'D5'},{'D2'},{'D7'},{'R3'},,,,,,&,1.0,&
{'R2'},{'D5'},{'D2'},{'D7'},{'R3'},{'R1'},{'D1'},,,,&,1.0,&
{'R2'},{'D5'},{'D2'},{'D7'},{'R3'},{'D3'},{'D4'},{'D1'},,,&,1.0,&
{'R2'},{'D5'},{'D2'},{'D7'},{'D1'},,,,,,&,1.0,&
{'R2'},{'D5'},{'D2'},{'D7'},{'D1'},{'D4'},,,,,&,1.0,&
{'R2'},{'D5'},{'D2'},{'D7'},{'D6'},{'D4'},{'R3'},{'D1'},,,&,1.0,&
{'R2'},{'D5'},{'D3'},{'R3'},{'D4'},{'R1'},{'D7'},{'D1'},,,&,1.0,&
{'R2'},{'D3'},{'R3'},,,,,,,,&,10.0,&
{'R2'},{'D3'},{'R3'},{'D2'},{'D7'},,,,,,&,1.0,&
{'R2'},{'D3'},{'R3'},{'D2'},{'D7'},{'D4'},{'D6'},{'R1'},,,&,1.0,&
{'R2'},{'D3'},{'R3'},{'D2'},{'D7'},{'R1'},{'D4'},,,,&,1.0,&
{'R2'},{'D3'},{'R3'},{'D2'},{'D7'},{'D1'},{'D4'},,,,&,1.0,&
{'R2'},{'D3'},{'R3'},{'D2'},{'R1'},,,,,,&,1.0,&
{'R2'},{'D3'},{'R3'},{'D2'},{'R1'},{'D7'},{'D5'},{'D1'},,,&,1.0,&
{'R2'},{'D3'},{'R3'},{'D2'},{'R1'},{'D7'},{'D4'},,,,&,1.0,&
{'R2'},{'D3'},{'R3'},{'D2'},{'R1'},{'D6'},,,,,&,1.0,&
{'R2'},{'D3'},{'R3'},{'D2'},{'D1'},{'D4'},{'R1'},{'D7'},{'D6'},,&,1.0,&
{'R2'},{'D3'},{'R3'},{'D2'},{'D1'},{'D7'},,,,,&,1.0,&
{'R2'},{'D3'},{'R3'},{'D2'},{'D4'},,,,,,&,1.0,&
{'R2'},{'D3'},{'R3'},{'D2'},{'D4'},{'D7'},,,,,&,1.0,&
{'R2'},{'D3'},{'R3'},{'D2'},{'D6'},{'D4'},{'R1'},,,,&,1.0,&
{'R2'},{'D3'},{'R3'},{'D1'},,,,,,,&,1.0,&
{'R2'},{'D3'},{'R3'},{'D1'},{'D7'},,,,,,&,1.0,&
{'R2'},{'D3'},{'R3'},{'D1'},{'D7'},{'D4'},{'R1'},,,,&,1.0,&
{'R2'},{'D3'},{'R3'},{'D1'},{'D7'},{'D2'},,,,,&,1.0,&
{'R2'},{'D3'},{'R3'},{'D1'},{'R1'},,,,,,&,2.0,&
{'R2'},{'D3'},{'R3'},{'D1'},{'D2'},,,,,,&,2.0,&
{'R2'},{'D3'},{'R3'},{'D1'},{'D2'},{'D4'},{'R1'},,,,&,1.0,&
{'R2'},{'D3'},{'R3'},{'D1'},{'D2'},{'R1'},{'D4'},,,,&,1.0,&
{'R2'},{'D3'},{'R3'},{'R1'},,,,,,,&,5.0,&
{'R2'},{'D3'},{'R3'},{'R1'},{'D7'},{'D4'},,,,,&,1.0,&
{'R2'},{'D3'},{'R3'},{'R1'},{'D7'},{'D4'},{'D2'},,,,&,1.0,&
{'R2'},{'D3'},{'R3'},{'R1'},{'D7'},{'D2'},{'D1'},{'D4'},,,&,1.0,&
{'R2'},{'D3'},{'R3'},{'R1'},{'D7'},{'D2'},{'D1'},{'D4'},{'D6'},{'D5'},&,1.0,&
{'R2'},{'D3'},{'R3'},{'R1'},{'D7'},{'D2'},{'D4'},,,,&,1.0,&
{'R2'},{'D3'},{'R3'},{'R1'},{'D7'},{'D1'},,,,,&,1.0,&
{'R2'},{'D3'},{'R3'},{'R1'},{'D1'},{'D2'},,,,,&,1.0,&
{'R2'},{'D3'},{'R3'},{'R1'},{'D1'},{'D2'},{'D7'},,,,&,1.0,&
{'R2'},{'D3'},{'R3'},{'R1'},{'D1'},{'D2'},{'D4'},{'D7'},,,&,1.0,&
{'R2'},{'D3'},{'R3'},{'R1'},{'D4'},{'D7'},{'D2'},{'D1'},{'D6'},{'D5'},&,1.0,&
{'R2'},{'D3'},{'R3'},{'R1'},{'D2'},{'D7'},,,,,&,1.0,&
{'R2'},{'D3'},{'R3'},{'R1'},{'D2'},{'D7'},{'D1'},,,,&,1.0,&
{'R2'},{'D3'},{'R3'},{'D7'},,,,,,,&,2.0,&
{'R2'},{'D3'},{'R3'},{'D7'},{'R1'},,,,,,&,1.0,&
{'R2'},{'D3'},{'R3'},{'D7'},{'R1'},{'D2'},{'D1'},{'D6'},,,&,1.0,&
{'R2'},{'D3'},{'R3'},{'D7'},{'R1'},{'D1'},{'D2'},,,,&,1.0,&
{'R2'},{'D3'},{'R3'},{'D7'},{'R1'},{'D1'},{'D2'},{'D4'},{'D6'},{'D5'},&,1.0,&
{'R2'},{'D3'},{'R3'},{'D7'},{'D1'},{'D2'},{'D4'},,,,&,1.0,&
{'R2'},{'D3'},{'R3'},{'D7'},{'D4'},,,,,,&,1.0,&
{'R2'},{'D3'},{'R3'},{'D7'},{'D4'},{'R1'},{'D2'},{'D1'},,,&,1.0,&
{'R2'},{'D3'},{'R3'},{'D7'},{'D4'},{'D2'},,,,,&,1.0,&
{'R2'},{'D3'},{'R3'},{'D7'},{'D4'},{'D1'},{'D2'},{'D6'},{'R1'},{'D5'},&,1.0,&
{'R2'},{'D3'},{'R3'},{'D7'},{'D2'},{'D4'},{'R1'},{'D1'},{'D6'},{'D5'},&,1.0,&
{'R2'},{'D3'},{'R3'},{'D7'},{'D2'},{'R1'},,,,,&,1.0,&
{'R2'},{'D3'},{'R3'},{'D7'},{'D2'},{'R1'},{'D1'},,,,&,1.0,&
{'R2'},{'D3'},{'R3'},{'D7'},{'D2'},{'R1'},{'D1'},{'D6'},{'D4'},,&,1.0,&
{'R2'},{'D3'},{'R3'},{'D4'},,,,,,,&,1.0,&
{'R2'},{'D3'},{'R3'},{'D4'},{'D7'},{'R1'},{'D2'},,,,&,1.0,&
{'R2'},{'D3'},{'R3'},{'D4'},{'R1'},,,,,,&,3.0,&
{'R2'},{'D3'},{'R3'},{'D4'},{'R1'},{'D2'},,,,,&,1.0,&
{'R2'},{'D3'},{'R3'},{'D4'},{'D2'},,,,,,&,2.0,&
{'R2'},{'D3'},{'R3'},{'D6'},{'D7'},,,,,,&,1.0,&
{'R2'},{'D3'},{'R3'},{'D6'},{'D1'},{'R1'},{'D4'},,,,&,1.0,&
{'R2'},{'D3'},{'D1'},,,,,,,,&,8.0,&
{'R2'},{'D3'},{'D1'},{'R3'},,,,,,,&,1.0,&
{'R2'},{'D3'},{'D1'},{'R3'},{'D7'},{'D4'},{'R1'},{'D2'},{'D6'},,&,1.0,&
{'R2'},{'D3'},{'D1'},{'R3'},{'D7'},{'D2'},{'D4'},{'R1'},{'D6'},{'D5'},&,2.0,&
{'R2'},{'D3'},{'D1'},{'R3'},{'D7'},{'D2'},{'D6'},,,,&,1.0,&
{'R2'},{'D3'},{'D1'},{'R3'},{'D7'},{'D6'},{'D2'},{'D4'},{'D5'},,&,1.0,&
{'R2'},{'D3'},{'D1'},{'R3'},{'R1'},,,,,,&,1.0,&
{'R2'},{'D3'},{'D1'},{'R3'},{'R1'},{'D7'},{'D2'},,,,&,1.0,&
{'R2'},{'D3'},{'D1'},{'R3'},{'D4'},{'D7'},{'R1'},,,,&,1.0,&
{'R2'},{'D3'},{'D1'},{'R3'},{'D4'},{'D7'},{'R1'},{'D6'},,,&,1.0,&
{'R2'},{'D3'},{'D1'},{'R3'},{'D2'},{'R1'},{'D7'},{'D4'},{'D6'},{'D5'},&,1.0,&
{'R2'},{'D3'},{'D1'},{'D2'},{'D7'},{'D6'},{'R3'},,,,&,1.0,&
{'R2'},{'D3'},{'D1'},{'D2'},{'R3'},{'R1'},,,,,&,1.0,&
{'R2'},{'D3'},{'D1'},{'D2'},{'R3'},{'D7'},,,,,&,1.0,&
{'R2'},{'D3'},{'D1'},{'D2'},{'R3'},{'D7'},{'D6'},{'D4'},{'D5'},{'R1'},&,1.0,&
{'R2'},{'D3'},{'D1'},{'D2'},{'D5'},{'D7'},{'R3'},,,,&,1.0,&
{'R2'},{'D3'},{'D1'},{'R1'},{'R3'},{'D7'},{'D2'},{'D4'},,,&,1.0,&
{'R2'},{'D3'},{'D1'},{'D7'},,,,,,,&,1.0,&
{'R2'},{'D3'},{'D1'},{'D7'},{'R3'},{'D4'},{'R1'},{'D6'},,,&,1.0,&
{'R2'},{'D3'},{'D1'},{'D7'},{'R3'},{'R1'},{'D2'},{'D4'},{'D5'},{'D6'},&,1.0,&
{'R2'},{'D3'},{'D1'},{'D7'},{'R3'},{'R1'},{'D4'},{'D2'},,,&,1.0,&
{'R2'},{'D3'},{'D1'},{'D7'},{'D4'},{'D2'},{'R3'},{'R1'},{'D6'},{'D5'},&,1.0,&
{'R2'},{'D3'},{'D1'},{'D7'},{'D2'},{'R3'},,,,,&,2.0,&
{'R2'},{'D3'},{'D1'},{'D7'},{'D2'},{'R3'},{'D4'},,,,&,1.0,&
{'R2'},{'D3'},{'D1'},{'D4'},{'R3'},{'D2'},,,,,&,1.0,&
{'R2'},{'D3'},{'D1'},{'D4'},{'R3'},{'D2'},{'D7'},{'D6'},,,&,1.0,&
{'R2'},{'D3'},{'D4'},{'R3'},,,,,,,&,1.0,&
{'R2'},{'D3'},{'D4'},{'R3'},{'R1'},,,,,,&,1.0,&
{'R2'},{'D3'},{'D4'},{'R3'},{'R1'},{'D1'},{'D2'},{'D7'},{'D6'},{'D5'},&,1.0,&
{'R2'},{'D3'},{'D4'},{'R3'},{'R1'},{'D7'},{'D2'},{'D1'},,,&,1.0,&
{'R2'},{'D3'},{'D4'},{'R3'},{'D2'},{'D7'},{'D1'},{'D5'},{'D6'},{'R1'},&,1.0,&
{'R2'},{'D3'},{'D4'},{'D2'},{'D7'},,,,,,&,1.0,&
{'R2'},{'D3'},{'D4'},{'D1'},,,,,,,&,1.0,&
{'R2'},{'D3'},{'D4'},{'D1'},{'D7'},{'D2'},{'D6'},{'D5'},,,&,1.0,&
{'R2'},{'D3'},{'D4'},{'R1'},{'D7'},{'D1'},{'R3'},,,,&,1.0,&
{'R2'},{'D3'},{'D4'},{'R1'},{'D1'},{'D2'},{'R3'},{'D7'},{'D6'},{'D5'},&,1.0,&
{'R2'},{'D3'},{'D4'},{'D7'},{'D2'},{'R3'},,,,,&,1.0,&
{'R2'},{'D3'},{'D4'},{'D5'},{'D7'},{'D1'},,,,,&,1.0,&
{'R2'},{'D3'},{'D4'},{'D5'},{'R3'},{'D1'},{'D6'},{'R1'},{'D2'},,&,1.0,&
{'R2'},{'D3'},{'D4'},{'D5'},{'R3'},{'D7'},,,,,&,1.0,&
{'R2'},{'D3'},,,,,,,,,&,18.0,&
{'R2'},{'D3'},{'D7'},,,,,,,,&,8.0,&
{'R2'},{'D3'},{'D7'},{'R3'},,,,,,,&,3.0,&
{'R2'},{'D3'},{'D7'},{'R3'},{'R1'},,,,,,&,1.0,&
{'R2'},{'D3'},{'D7'},{'R3'},{'R1'},{'D4'},{'D2'},,,,&,2.0,&
{'R2'},{'D3'},{'D7'},{'R3'},{'R1'},{'D2'},,,,,&,1.0,&
{'R2'},{'D3'},{'D7'},{'R3'},{'R1'},{'D2'},{'D1'},{'D6'},{'D4'},,&,1.0,&
{'R2'},{'D3'},{'D7'},{'R3'},{'R1'},{'D2'},{'D4'},{'D1'},,,&,1.0,&
{'R2'},{'D3'},{'D7'},{'R3'},{'D1'},,,,,,&,1.0,&
{'R2'},{'D3'},{'D7'},{'R3'},{'D4'},{'R1'},,,,,&,1.0,&
{'R2'},{'D3'},{'D7'},{'R3'},{'D2'},{'R1'},,,,,&,1.0,&
{'R2'},{'D3'},{'D7'},{'R3'},{'D2'},{'D1'},{'D4'},{'D6'},{'R1'},,&,1.0,&
{'R2'},{'D3'},{'D7'},{'D2'},,,,,,,&,5.0,&
{'R2'},{'D3'},{'D7'},{'D2'},{'R3'},,,,,,&,3.0,&
{'R2'},{'D3'},{'D7'},{'D2'},{'R3'},{'R1'},,,,,&,1.0,&
{'R2'},{'D3'},{'D7'},{'D2'},{'R3'},{'R1'},{'D1'},{'D4'},,,&,1.0,&
{'R2'},{'D3'},{'D7'},{'D2'},{'R3'},{'D1'},{'R1'},,,,&,1.0,&
{'R2'},{'D3'},{'D7'},{'D2'},{'D1'},,,,,,&,1.0,&
{'R2'},{'D3'},{'D7'},{'D2'},{'D1'},{'R3'},{'R1'},{'D4'},{'D6'},,&,1.0,&
{'R2'},{'D3'},{'D7'},{'D2'},{'D1'},{'R3'},{'R1'},{'D4'},{'D6'},{'D5'},&,1.0,&
{'R2'},{'D3'},{'D7'},{'D2'},{'D1'},{'R3'},{'D6'},{'D4'},{'R1'},{'D5'},&,1.0,&
{'R2'},{'D3'},{'D7'},{'D2'},{'D6'},{'D1'},,,,,&,1.0,&
{'R2'},{'D3'},{'D7'},{'D2'},{'D5'},,,,,,&,1.0,&
{'R2'},{'D3'},{'D7'},{'D1'},,,,,,,&,2.0,&
{'R2'},{'D3'},{'D7'},{'D1'},{'R3'},{'R1'},{'D2'},,,,&,2.0,&
{'R2'},{'D3'},{'D7'},{'D1'},{'R3'},{'D2'},{'D4'},,,,&,1.0,&
{'R2'},{'D3'},{'D7'},{'D1'},{'D2'},{'D4'},,,,,&,1.0,&
{'R2'},{'D3'},{'D7'},{'D1'},{'D2'},{'D4'},{'D5'},{'R3'},,,&,1.0,&
{'R2'},{'D3'},{'D7'},{'D1'},{'D2'},{'D4'},{'D6'},{'R3'},{'D5'},,&,1.0,&
{'R2'},{'D3'},{'D7'},{'D1'},{'D2'},{'R3'},,,,,&,1.0,&
{'R2'},{'D3'},{'D7'},{'D1'},{'D2'},{'R3'},{'R1'},{'D5'},{'D4'},{'D6'},&,1.0,&
{'R2'},{'D3'},{'D7'},{'D1'},{'D2'},{'R3'},{'D4'},,,,&,1.0,&
{'R2'},{'D3'},{'D7'},{'D1'},{'D6'},{'D4'},,,,,&,1.0,&
{'R2'},{'D3'},{'D7'},{'D1'},{'D6'},{'D2'},{'R3'},{'R1'},{'D5'},{'D4'},&,1.0,&
{'R2'},{'D3'},{'D7'},{'R1'},{'R3'},{'D2'},{'D4'},{'D1'},{'D6'},,&,1.0,&
{'R2'},{'D3'},{'D7'},{'D4'},,,,,,,&,1.0,&
{'R2'},{'D3'},{'D7'},{'D4'},{'D2'},{'R3'},{'D1'},,,,&,1.0,&
{'R2'},{'D3'},{'D7'},{'D6'},{'R3'},{'D2'},{'D1'},{'D4'},{'R1'},{'D5'},&,1.0,&
{'R2'},{'D3'},{'D7'},{'D6'},{'D2'},,,,,,&,1.0,&
{'R2'},{'D3'},{'D7'},{'D5'},,,,,,,&,1.0,&
{'R2'},{'D3'},{'R1'},,,,,,,,&,4.0,&
{'R2'},{'D3'},{'R1'},{'R3'},,,,,,,&,1.0,&
{'R2'},{'D3'},{'R1'},{'R3'},{'D7'},{'D1'},{'D2'},{'D5'},{'D4'},{'D6'},&,1.0,&
{'R2'},{'D3'},{'R1'},{'D1'},{'D7'},{'R3'},,,,,&,1.0,&
{'R2'},{'D3'},{'R1'},{'D7'},{'R3'},{'D2'},,,,,&,1.0,&
{'R2'},{'D3'},{'R1'},{'D7'},{'R3'},{'D6'},{'D2'},{'D1'},{'D4'},,&,1.0,&
{'R2'},{'D3'},{'R1'},{'D7'},{'D4'},,,,,,&,1.0,&
{'R2'},{'D3'},{'R1'},{'D4'},{'R3'},{'D7'},{'D1'},{'D2'},{'D6'},{'D5'},&,1.0,&
{'R2'},{'D3'},{'R1'},{'D5'},{'D2'},{'D6'},{'D7'},{'R3'},{'D1'},{'D4'},&,1.0,&
{'R2'},{'D3'},{'D2'},,,,,,,,&,11.0,&
{'R2'},{'D3'},{'D2'},{'R3'},,,,,,,&,2.0,&
{'R2'},{'D3'},{'D2'},{'R3'},{'D7'},,,,,,&,1.0,&
{'R2'},{'D3'},{'D2'},{'R3'},{'D7'},{'D4'},{'D1'},{'D5'},{'R1'},{'D6'},&,1.0,&
{'R2'},{'D3'},{'D2'},{'R3'},{'D7'},{'D4'},{'D5'},,,,&,1.0,&
{'R2'},{'D3'},{'D2'},{'R3'},{'D7'},{'R1'},{'D1'},{'D6'},,,&,1.0,&
{'R2'},{'D3'},{'D2'},{'R3'},{'D7'},{'D1'},{'R1'},{'D6'},,,&,1.0,&
{'R2'},{'D3'},{'D2'},{'R3'},{'D7'},{'D1'},{'R1'},{'D6'},{'D4'},{'D5'},&,1.0,&
{'R2'},{'D3'},{'D2'},{'R3'},{'D7'},{'D1'},{'D4'},{'R1'},,,&,1.0,&
{'R2'},{'D3'},{'D2'},{'R3'},{'D7'},{'D1'},{'D4'},{'R1'},{'D6'},,&,1.0,&
{'R2'},{'D3'},{'D2'},{'R3'},{'D7'},{'D6'},{'D1'},{'D4'},{'R1'},{'D5'},&,1.0,&
{'R2'},{'D3'},{'D2'},{'R3'},{'D7'},{'D6'},{'R1'},{'D4'},{'D1'},{'D5'},&,1.0,&
{'R2'},{'D3'},{'D2'},{'R3'},{'R1'},,,,,,&,1.0,&
{'R2'},{'D3'},{'D2'},{'R3'},{'R1'},{'D1'},,,,,&,1.0,&
{'R2'},{'D3'},{'D2'},{'R3'},{'D1'},,,,,,&,1.0,&
{'R2'},{'D3'},{'D2'},{'R3'},{'D1'},{'D4'},{'R1'},,,,&,1.0,&
{'R2'},{'D3'},{'D2'},{'R3'},{'D1'},{'R1'},{'D7'},{'D4'},,,&,1.0,&
{'R2'},{'D3'},{'D2'},{'R3'},{'D1'},{'D5'},{'D7'},{'R1'},,,&,1.0,&
{'R2'},{'D3'},{'D2'},{'R3'},{'D1'},{'D7'},{'R1'},,,,&,1.0,&
{'R2'},{'D3'},{'D2'},{'R3'},{'D1'},{'D7'},{'D6'},{'D4'},{'R1'},{'D5'},&,1.0,&
{'R2'},{'D3'},{'D2'},{'R3'},{'D1'},{'D7'},{'D6'},{'R1'},,,&,1.0,&
{'R2'},{'D3'},{'D2'},{'R3'},{'D4'},{'R1'},,,,,&,1.0,&
{'R2'},{'D3'},{'D2'},{'D1'},,,,,,,&,3.0,&
{'R2'},{'D3'},{'D2'},{'D1'},{'D7'},,,,,,&,1.0,&
{'R2'},{'D3'},{'D2'},{'D1'},{'D7'},{'D4'},{'D5'},{'R3'},{'R1'},{'D6'},&,1.0,&
{'R2'},{'D3'},{'D2'},{'D1'},{'D7'},{'R3'},{'D4'},{'R1'},,,&,1.0,&
{'R2'},{'D3'},{'D2'},{'D1'},{'R3'},{'R1'},,,,,&,1.0,&
{'R2'},{'D3'},{'D2'},{'D1'},{'R3'},{'D7'},{'R1'},{'D4'},{'D6'},{'D5'},&,1.0,&
{'R2'},{'D3'},{'D2'},{'D1'},{'D4'},{'R1'},{'D5'},,,,&,1.0,&
{'R2'},{'D3'},{'D2'},{'D1'},{'D4'},{'D7'},{'D6'},{'R3'},{'D5'},{'R1'},&,1.0,&
{'R2'},{'D3'},{'D2'},{'D1'},{'D4'},{'R3'},{'R1'},,,,&,1.0,&
{'R2'},{'D3'},{'D2'},{'D1'},{'D4'},{'R3'},{'R1'},{'D7'},,,&,1.0,&
{'R2'},{'D3'},{'D2'},{'D1'},{'D4'},{'R3'},{'R1'},{'D7'},{'D5'},,&,1.0,&
{'R2'},{'D3'},{'D2'},{'D1'},{'D5'},,,,,,&,1.0,&
{'R2'},{'D3'},{'D2'},{'R1'},,,,,,,&,1.0,&
{'R2'},{'D3'},{'D2'},{'R1'},{'D4'},{'D7'},{'R3'},,,,&,1.0,&
{'R2'},{'D3'},{'D2'},{'D7'},,,,,,,&,2.0,&
{'R2'},{'D3'},{'D2'},{'D7'},{'R3'},{'R1'},,,,,&,1.0,&
{'R2'},{'D3'},{'D2'},{'D7'},{'R3'},{'R1'},{'D1'},{'D6'},{'D4'},{'D5'},&,1.0,&
{'R2'},{'D3'},{'D2'},{'D7'},{'R3'},{'R1'},{'D1'},{'D4'},{'D5'},{'D6'},&,1.0,&
{'R2'},{'D3'},{'D2'},{'D7'},{'R3'},{'R1'},{'D4'},{'D1'},{'D5'},,&,1.0,&
{'R2'},{'D3'},{'D2'},{'D7'},{'R3'},{'R1'},{'D6'},{'D1'},,,&,1.0,&
{'R2'},{'D3'},{'D2'},{'D7'},{'D1'},,,,,,&,1.0,&
{'R2'},{'D3'},{'D2'},{'D7'},{'D1'},{'D4'},{'R3'},{'R1'},{'D6'},,&,1.0,&
{'R2'},{'D3'},{'D2'},{'D7'},{'D1'},{'D6'},{'D5'},{'R3'},{'D4'},{'R1'},&,1.0,&
{'R2'},{'D3'},{'D2'},{'D7'},{'D4'},{'D1'},{'D6'},{'D5'},,,&,1.0,&
{'R2'},{'D3'},{'D2'},{'D4'},{'R3'},,,,,,&,1.0,&
{'R2'},{'D3'},{'D2'},{'D4'},{'R3'},{'R1'},,,,,&,1.0,&
{'R2'},{'D3'},{'D2'},{'D5'},{'R3'},{'R1'},{'D1'},,,,&,1.0,&
{'R2'},{'D3'},{'D2'},{'D5'},{'R3'},{'D1'},{'D7'},{'D6'},{'D4'},,&,1.0,&
{'R2'},{'D3'},{'D6'},,,,,,,,&,1.0,&
{'R2'},{'D3'},{'D6'},{'R3'},{'R1'},{'D2'},{'D7'},,,,&,1.0,&
{'R2'},{'D3'},{'D6'},{'R3'},{'D1'},,,,,,&,1.0,&
{'R2'},{'D3'},{'D6'},{'D2'},{'D7'},{'D4'},,,,,&,1.0,&
{'R2'},{'D3'},{'D6'},{'D2'},{'R3'},{'R1'},,,,,&,1.0,&
{'R2'},{'D3'},{'D6'},{'D1'},{'R3'},,,,,,&,1.0,&
{'R2'},{'D3'},{'D6'},{'D1'},{'R3'},{'D2'},{'D4'},,,,&,1.0,&
{'R2'},{'D3'},{'D6'},{'D1'},{'D2'},,,,,,&,1.0,&
{'R2'},{'D3'},{'D6'},{'D4'},{'D2'},,,,,,&,1.0,&
{'R2'},{'D3'},{'D5'},,,,,,,,&,1.0,&
{'R2'},{'D3'},{'D5'},{'D7'},{'D1'},{'D4'},,,,,&,1.0,&
{'R2'},{'D7'},{'R3'},,,,,,,,&,109.0,&
{'R2'},{'D7'},{'R3'},{'D2'},,,,,,,&,17.0,&
{'R2'},{'D7'},{'R3'},{'D2'},{'R1'},,,,,,&,6.0,&
{'R2'},{'D7'},{'R3'},{'D2'},{'R1'},{'D4'},,,,,&,4.0,&
{'R2'},{'D7'},{'R3'},{'D2'},{'R1'},{'D4'},{'D3'},{'D1'},{'D6'},{'D5'},&,1.0,&
{'R2'},{'D7'},{'R3'},{'D2'},{'R1'},{'D4'},{'D1'},,,,&,1.0,&
{'R2'},{'D7'},{'R3'},{'D2'},{'R1'},{'D4'},{'D1'},{'D6'},{'D3'},{'D5'},&,1.0,&
{'R2'},{'D7'},{'R3'},{'D2'},{'R1'},{'D4'},{'D6'},{'D1'},,,&,1.0,&
{'R2'},{'D7'},{'R3'},{'D2'},{'R1'},{'D3'},{'D4'},{'D6'},{'D1'},{'D5'},&,1.0,&
{'R2'},{'D7'},{'R3'},{'D2'},{'R1'},{'D1'},,,,,&,3.0,&
{'R2'},{'D7'},{'R3'},{'D2'},{'R1'},{'D1'},{'D3'},,,,&,2.0,&
{'R2'},{'D7'},{'R3'},{'D2'},{'R1'},{'D1'},{'D3'},{'D4'},{'D5'},{'D6'},&,1.0,&
{'R2'},{'D7'},{'R3'},{'D2'},{'R1'},{'D1'},{'D4'},,,,&,3.0,&
{'R2'},{'D7'},{'R3'},{'D2'},{'R1'},{'D1'},{'D4'},{'D5'},,,&,1.0,&
{'R2'},{'D7'},{'R3'},{'D2'},{'R1'},{'D1'},{'D4'},{'D6'},,,&,2.0,&
{'R2'},{'D7'},{'R3'},{'D2'},{'R1'},{'D1'},{'D4'},{'D6'},{'D3'},,&,1.0,&
{'R2'},{'D7'},{'R3'},{'D2'},{'R1'},{'D1'},{'D4'},{'D6'},{'D3'},{'D5'},&,1.0,&
{'R2'},{'D7'},{'R3'},{'D2'},{'R1'},{'D1'},{'D4'},{'D3'},,,&,1.0,&
{'R2'},{'D7'},{'R3'},{'D2'},{'R1'},{'D1'},{'D4'},{'D3'},{'D6'},,&,1.0,&
{'R2'},{'D7'},{'R3'},{'D2'},{'R1'},{'D1'},{'D4'},{'D3'},{'D6'},{'D5'},&,1.0,&
{'R2'},{'D7'},{'R3'},{'D2'},{'R1'},{'D1'},{'D6'},,,,&,1.0,&
{'R2'},{'D7'},{'R3'},{'D2'},{'R1'},{'D1'},{'D6'},{'D3'},{'D4'},,&,1.0,&
{'R2'},{'D7'},{'R3'},{'D2'},{'R1'},{'D1'},{'D6'},{'D3'},{'D4'},{'D5'},&,1.0,&
{'R2'},{'D7'},{'R3'},{'D2'},{'R1'},{'D1'},{'D6'},{'D4'},{'D3'},{'D5'},&,1.0,&
{'R2'},{'D7'},{'R3'},{'D2'},{'R1'},{'D5'},,,,,&,1.0,&
{'R2'},{'D7'},{'R3'},{'D2'},{'R1'},{'D5'},{'D4'},{'D1'},{'D6'},{'D3'},&,1.0,&
{'R2'},{'D7'},{'R3'},{'D2'},{'R1'},{'D6'},{'D3'},,,,&,1.0,&
{'R2'},{'D7'},{'R3'},{'D2'},{'R1'},{'D6'},{'D1'},{'D4'},{'D3'},,&,1.0,&
{'R2'},{'D7'},{'R3'},{'D2'},{'D1'},,,,,,&,11.0,&
{'R2'},{'D7'},{'R3'},{'D2'},{'D1'},{'D4'},,,,,&,3.0,&
{'R2'},{'D7'},{'R3'},{'D2'},{'D1'},{'D4'},{'D3'},,,,&,1.0,&
{'R2'},{'D7'},{'R3'},{'D2'},{'D1'},{'D4'},{'D3'},{'D5'},{'R1'},,&,1.0,&
{'R2'},{'D7'},{'R3'},{'D2'},{'D1'},{'D4'},{'D3'},{'D6'},{'D5'},{'R1'},&,1.0,&
{'R2'},{'D7'},{'R3'},{'D2'},{'D1'},{'D4'},{'D3'},{'R1'},{'D6'},{'D5'},&,2.0,&
{'R2'},{'D7'},{'R3'},{'D2'},{'D1'},{'D4'},{'D3'},{'R1'},{'D5'},{'D6'},&,1.0,&
{'R2'},{'D7'},{'R3'},{'D2'},{'D1'},{'D4'},{'R1'},{'D5'},{'D6'},{'D3'},&,1.0,&
{'R2'},{'D7'},{'R3'},{'D2'},{'D1'},{'D4'},{'R1'},{'D6'},{'D3'},,&,1.0,&
{'R2'},{'D7'},{'R3'},{'D2'},{'D1'},{'D4'},{'R1'},{'D3'},,,&,3.0,&
{'R2'},{'D7'},{'R3'},{'D2'},{'D1'},{'D4'},{'R1'},{'D3'},{'D6'},,&,1.0,&
{'R2'},{'D7'},{'R3'},{'D2'},{'D1'},{'D4'},{'D6'},{'D3'},{'D5'},{'R1'},&,1.0,&
{'R2'},{'D7'},{'R3'},{'D2'},{'D1'},{'R1'},,,,,&,3.0,&
{'R2'},{'D7'},{'R3'},{'D2'},{'D1'},{'R1'},{'D3'},{'D4'},,,&,1.0,&
{'R2'},{'D7'},{'R3'},{'D2'},{'D1'},{'R1'},{'D3'},{'D4'},{'D6'},,&,1.0,&
{'R2'},{'D7'},{'R3'},{'D2'},{'D1'},{'R1'},{'D3'},{'D4'},{'D5'},{'D6'},&,1.0,&
{'R2'},{'D7'},{'R3'},{'D2'},{'D1'},{'R1'},{'D5'},,,,&,1.0,&
{'R2'},{'D7'},{'R3'},{'D2'},{'D1'},{'R1'},{'D4'},,,,&,1.0,&
{'R2'},{'D7'},{'R3'},{'D2'},{'D1'},{'R1'},{'D4'},{'D6'},,,&,2.0,&
{'R2'},{'D7'},{'R3'},{'D2'},{'D1'},{'R1'},{'D4'},{'D3'},{'D6'},,&,1.0,&
{'R2'},{'D7'},{'R3'},{'D2'},{'D1'},{'R1'},{'D4'},{'D3'},{'D6'},{'D5'},&,1.0,&
{'R2'},{'D7'},{'R3'},{'D2'},{'D1'},{'R1'},{'D4'},{'D3'},{'D5'},,&,1.0,&
{'R2'},{'D7'},{'R3'},{'D2'},{'D1'},{'R1'},{'D6'},,,,&,1.0,&
{'R2'},{'D7'},{'R3'},{'D2'},{'D1'},{'R1'},{'D6'},{'D5'},{'D3'},,&,1.0,&
{'R2'},{'D7'},{'R3'},{'D2'},{'D1'},{'R1'},{'D6'},{'D3'},{'D5'},,&,1.0,&
{'R2'},{'D7'},{'R3'},{'D2'},{'D1'},{'R1'},{'D6'},{'D3'},{'D4'},{'D5'},&,1.0,&
{'R2'},{'D7'},{'R3'},{'D2'},{'D1'},{'R1'},{'D6'},{'D4'},,,&,1.0,&
{'R2'},{'D7'},{'R3'},{'D2'},{'D1'},{'D3'},{'R1'},{'D6'},,,&,1.0,&
{'R2'},{'D7'},{'R3'},{'D2'},{'D1'},{'D3'},{'R1'},{'D4'},{'D6'},,&,1.0,&
{'R2'},{'D7'},{'R3'},{'D2'},{'D1'},{'D3'},{'D5'},{'R1'},,,&,1.0,&
{'R2'},{'D7'},{'R3'},{'D2'},{'D1'},{'D3'},{'D4'},,,,&,1.0,&
{'R2'},{'D7'},{'R3'},{'D2'},{'D1'},{'D5'},,,,,&,1.0,&
{'R2'},{'D7'},{'R3'},{'D2'},{'D1'},{'D6'},,,,,&,1.0,&
{'R2'},{'D7'},{'R3'},{'D2'},{'D1'},{'D6'},{'D3'},{'D5'},{'D4'},,&,1.0,&
{'R2'},{'D7'},{'R3'},{'D2'},{'D1'},{'D6'},{'R1'},,,,&,1.0,&
{'R2'},{'D7'},{'R3'},{'D2'},{'D1'},{'D6'},{'R1'},{'D4'},{'D3'},,&,1.0,&
{'R2'},{'D7'},{'R3'},{'D2'},{'D1'},{'D6'},{'D4'},{'D3'},{'D5'},{'R1'},&,1.0,&
{'R2'},{'D7'},{'R3'},{'D2'},{'D1'},{'D6'},{'D4'},{'R1'},,,&,1.0,&
{'R2'},{'D7'},{'R3'},{'D2'},{'D4'},,,,,,&,1.0,&
{'R2'},{'D7'},{'R3'},{'D2'},{'D4'},{'R1'},,,,,&,2.0,&
{'R2'},{'D7'},{'R3'},{'D2'},{'D4'},{'R1'},{'D3'},{'D1'},{'D6'},{'D5'},&,1.0,&
{'R2'},{'D7'},{'R3'},{'D2'},{'D4'},{'R1'},{'D1'},,,,&,2.0,&
{'R2'},{'D7'},{'R3'},{'D2'},{'D4'},{'R1'},{'D1'},{'D6'},{'D3'},{'D5'},&,1.0,&
{'R2'},{'D7'},{'R3'},{'D2'},{'D4'},{'R1'},{'D1'},{'D3'},{'D6'},,&,1.0,&
{'R2'},{'D7'},{'R3'},{'D2'},{'D4'},{'R1'},{'D1'},{'D3'},{'D6'},{'D5'},&,1.0,&
{'R2'},{'D7'},{'R3'},{'D2'},{'D4'},{'R1'},{'D6'},{'D1'},{'D3'},{'D5'},&,3.0,&
{'R2'},{'D7'},{'R3'},{'D2'},{'D4'},{'D1'},,,,,&,1.0,&
{'R2'},{'D7'},{'R3'},{'D2'},{'D4'},{'D1'},{'D3'},,,,&,1.0,&
{'R2'},{'D7'},{'R3'},{'D2'},{'D4'},{'D1'},{'R1'},{'D6'},,,&,1.0,&
{'R2'},{'D7'},{'R3'},{'D2'},{'D4'},{'D1'},{'R1'},{'D3'},{'D5'},{'D6'},&,1.0,&
{'R2'},{'D7'},{'R3'},{'D2'},{'D4'},{'D1'},{'D5'},{'R1'},,,&,1.0,&
{'R2'},{'D7'},{'R3'},{'D2'},{'D4'},{'D1'},{'D6'},{'D3'},{'R1'},,&,1.0,&
{'R2'},{'D7'},{'R3'},{'D2'},{'D6'},,,,,,&,2.0,&
{'R2'},{'D7'},{'R3'},{'D2'},{'D6'},{'D4'},{'D3'},{'R1'},,,&,1.0,&
{'R2'},{'D7'},{'R3'},{'D2'},{'D6'},{'D4'},{'D1'},{'R1'},{'D3'},,&,1.0,&
{'R2'},{'D7'},{'R3'},{'D2'},{'D6'},{'R1'},,,,,&,1.0,&
{'R2'},{'D7'},{'R3'},{'D2'},{'D6'},{'R1'},{'D4'},,,,&,1.0,&
{'R2'},{'D7'},{'R3'},{'D2'},{'D6'},{'D1'},{'D5'},,,,&,1.0,&
{'R2'},{'D7'},{'R3'},{'D2'},{'D3'},{'D4'},{'D1'},{'D6'},{'D5'},,&,1.0,&
{'R2'},{'D7'},{'R3'},{'D2'},{'D3'},{'R1'},,,,,&,1.0,&
{'R2'},{'D7'},{'R3'},{'D2'},{'D3'},{'R1'},{'D1'},,,,&,1.0,&
{'R2'},{'D7'},{'R3'},{'D2'},{'D3'},{'R1'},{'D1'},{'D4'},{'D6'},{'D5'},&,1.0,&
{'R2'},{'D7'},{'R3'},{'D2'},{'D3'},{'D1'},,,,,&,1.0,&
{'R2'},{'D7'},{'R3'},{'D2'},{'D3'},{'D1'},{'D4'},,,,&,1.0,&
{'R2'},{'D7'},{'R3'},{'D2'},{'D3'},{'D1'},{'D4'},{'D6'},{'D5'},{'R1'},&,1.0,&
{'R2'},{'D7'},{'R3'},{'D2'},{'D5'},{'D3'},{'R1'},{'D1'},{'D4'},{'D6'},&,1.0,&
{'R2'},{'D7'},{'R3'},{'D1'},,,,,,,&,11.0,&
{'R2'},{'D7'},{'R3'},{'D1'},{'R1'},,,,,,&,14.0,&
{'R2'},{'D7'},{'R3'},{'D1'},{'R1'},{'D4'},{'D2'},{'D5'},,,&,1.0,&
{'R2'},{'D7'},{'R3'},{'D1'},{'R1'},{'D4'},{'D2'},{'D5'},{'D6'},,&,1.0,&
{'R2'},{'D7'},{'R3'},{'D1'},{'R1'},{'D4'},{'D2'},{'D6'},,,&,1.0,&
{'R2'},{'D7'},{'R3'},{'D1'},{'R1'},{'D4'},{'D2'},{'D3'},,,&,1.0,&
{'R2'},{'D7'},{'R3'},{'D1'},{'R1'},{'D4'},{'D2'},{'D3'},{'D5'},{'D6'},&,1.0,&
{'R2'},{'D7'},{'R3'},{'D1'},{'R1'},{'D3'},,,,,&,1.0,&
{'R2'},{'D7'},{'R3'},{'D1'},{'R1'},{'D2'},,,,,&,3.0,&
{'R2'},{'D7'},{'R3'},{'D1'},{'R1'},{'D2'},{'D3'},{'D4'},,,&,2.0,&
{'R2'},{'D7'},{'R3'},{'D1'},{'R1'},{'D2'},{'D4'},,,,&,4.0,&
{'R2'},{'D7'},{'R3'},{'D1'},{'R1'},{'D2'},{'D4'},{'D6'},,,&,1.0,&
{'R2'},{'D7'},{'R3'},{'D1'},{'R1'},{'D2'},{'D4'},{'D3'},,,&,1.0,&
{'R2'},{'D7'},{'R3'},{'D1'},{'R1'},{'D2'},{'D4'},{'D3'},{'D6'},,&,2.0,&
{'R2'},{'D7'},{'R3'},{'D1'},{'R1'},{'D2'},{'D4'},{'D3'},{'D6'},{'D5'},&,2.0,&
{'R2'},{'D7'},{'R3'},{'D1'},{'R1'},{'D2'},{'D4'},{'D3'},{'D5'},{'D6'},&,1.0,&
{'R2'},{'D7'},{'R3'},{'D1'},{'R1'},{'D5'},{'D2'},,,,&,1.0,&
{'R2'},{'D7'},{'R3'},{'D1'},{'R1'},{'D6'},{'D2'},,,,&,1.0,&
{'R2'},{'D7'},{'R3'},{'D1'},{'R1'},{'D6'},{'D2'},{'D4'},,,&,1.0,&
{'R2'},{'D7'},{'R3'},{'D1'},{'R1'},{'D6'},{'D2'},{'D4'},{'D3'},,&,1.0,&
{'R2'},{'D7'},{'R3'},{'D1'},{'R1'},{'D6'},{'D2'},{'D4'},{'D3'},{'D5'},&,1.0,&
{'R2'},{'D7'},{'R3'},{'D1'},{'D4'},,,,,,&,5.0,&
{'R2'},{'D7'},{'R3'},{'D1'},{'D4'},{'R1'},{'D2'},,,,&,1.0,&
{'R2'},{'D7'},{'R3'},{'D1'},{'D4'},{'R1'},{'D5'},{'D2'},{'D3'},{'D6'},&,1.0,&
{'R2'},{'D7'},{'R3'},{'D1'},{'D4'},{'D3'},{'D2'},{'R1'},,,&,1.0,&
{'R2'},{'D7'},{'R3'},{'D1'},{'D4'},{'D2'},,,,,&,1.0,&
{'R2'},{'D7'},{'R3'},{'D1'},{'D4'},{'D2'},{'D5'},,,,&,1.0,&
{'R2'},{'D7'},{'R3'},{'D1'},{'D2'},,,,,,&,3.0,&
{'R2'},{'D7'},{'R3'},{'D1'},{'D2'},{'D4'},,,,,&,4.0,&
{'R2'},{'D7'},{'R3'},{'D1'},{'D2'},{'D4'},{'D3'},{'D5'},{'D6'},{'R1'},&,1.0,&
{'R2'},{'D7'},{'R3'},{'D1'},{'D2'},{'D4'},{'D3'},{'D6'},{'R1'},,&,1.0,&
{'R2'},{'D7'},{'R3'},{'D1'},{'D2'},{'D4'},{'D3'},{'R1'},,,&,1.0,&
{'R2'},{'D7'},{'R3'},{'D1'},{'D2'},{'D4'},{'D5'},,,,&,1.0,&
{'R2'},{'D7'},{'R3'},{'D1'},{'D2'},{'D4'},{'D6'},,,,&,1.0,&
{'R2'},{'D7'},{'R3'},{'D1'},{'D2'},{'R1'},,,,,&,2.0,&
{'R2'},{'D7'},{'R3'},{'D1'},{'D2'},{'R1'},{'D3'},,,,&,1.0,&
{'R2'},{'D7'},{'R3'},{'D1'},{'D2'},{'R1'},{'D4'},,,,&,1.0,&
{'R2'},{'D7'},{'R3'},{'D1'},{'D2'},{'R1'},{'D4'},{'D6'},,,&,1.0,&
{'R2'},{'D7'},{'R3'},{'D1'},{'D2'},{'R1'},{'D4'},{'D6'},{'D3'},{'D5'},&,1.0,&
{'R2'},{'D7'},{'R3'},{'D1'},{'D2'},{'R1'},{'D6'},,,,&,1.0,&
{'R2'},{'D7'},{'R3'},{'D1'},{'D2'},{'D3'},{'R1'},{'D6'},,,&,1.0,&
{'R2'},{'D7'},{'R3'},{'D1'},{'D2'},{'D3'},{'R1'},{'D4'},,,&,1.0,&
{'R2'},{'D7'},{'R3'},{'D1'},{'D2'},{'D3'},{'R1'},{'D4'},{'D6'},{'D5'},&,1.0,&
{'R2'},{'D7'},{'R3'},{'D1'},{'D2'},{'D3'},{'D4'},,,,&,1.0,&
{'R2'},{'D7'},{'R3'},{'D1'},{'D2'},{'D3'},{'D4'},{'R1'},,,&,1.0,&
{'R2'},{'D7'},{'R3'},{'D1'},{'D2'},{'D5'},{'D3'},{'R1'},{'D6'},,&,1.0,&
{'R2'},{'D7'},{'R3'},{'D1'},{'D2'},{'D6'},{'R1'},,,,&,1.0,&
{'R2'},{'D7'},{'R3'},{'D1'},{'D2'},{'D6'},{'R1'},{'D4'},{'D3'},{'D5'},&,2.0,&
{'R2'},{'D7'},{'R3'},{'D1'},{'D2'},{'D6'},{'D4'},{'D3'},{'R1'},,&,1.0,&
{'R2'},{'D7'},{'R3'},{'D1'},{'D2'},{'D6'},{'D4'},{'R1'},,,&,2.0,&
{'R2'},{'D7'},{'R3'},{'D1'},{'D6'},,,,,,&,1.0,&
{'R2'},{'D7'},{'R3'},{'D1'},{'D6'},{'R1'},,,,,&,1.0,&
{'R2'},{'D7'},{'R3'},{'D1'},{'D6'},{'R1'},{'D4'},{'D2'},,,&,1.0,&
{'R2'},{'D7'},{'R3'},{'D1'},{'D6'},{'R1'},{'D4'},{'D2'},{'D3'},{'D5'},&,1.0,&
{'R2'},{'D7'},{'R3'},{'D1'},{'D6'},{'D2'},{'R1'},{'D4'},{'D3'},,&,1.0,&
{'R2'},{'D7'},{'R3'},{'D1'},{'D6'},{'D2'},{'D5'},{'D3'},{'R1'},{'D4'},&,1.0,&
{'R2'},{'D7'},{'R3'},{'D1'},{'D3'},{'R1'},,,,,&,1.0,&
{'R2'},{'D7'},{'R3'},{'D1'},{'D3'},{'R1'},{'D2'},{'D4'},,,&,1.0,&
{'R2'},{'D7'},{'R3'},{'D1'},{'D3'},{'D2'},{'R1'},{'D6'},{'D4'},{'D5'},&,1.0,&
{'R2'},{'D7'},{'R3'},{'D1'},{'D5'},{'D4'},{'D2'},{'D6'},,,&,1.0,&
{'R2'},{'D7'},{'R3'},{'R1'},,,,,,,&,39.0,&
{'R2'},{'D7'},{'R3'},{'R1'},{'D1'},,,,,,&,7.0,&
{'R2'},{'D7'},{'R3'},{'R1'},{'D1'},{'D4'},,,,,&,3.0,&
{'R2'},{'D7'},{'R3'},{'R1'},{'D1'},{'D4'},{'D2'},,,,&,1.0,&
{'R2'},{'D7'},{'R3'},{'R1'},{'D1'},{'D4'},{'D2'},{'D5'},,,&,1.0,&
{'R2'},{'D7'},{'R3'},{'R1'},{'D1'},{'D4'},{'D2'},{'D3'},,,&,1.0,&
{'R2'},{'D7'},{'R3'},{'R1'},{'D1'},{'D3'},,,,,&,2.0,&
{'R2'},{'D7'},{'R3'},{'R1'},{'D1'},{'D3'},{'D2'},{'D6'},,,&,1.0,&
{'R2'},{'D7'},{'R3'},{'R1'},{'D1'},{'D3'},{'D2'},{'D4'},{'D6'},{'D5'},&,1.0,&
{'R2'},{'D7'},{'R3'},{'R1'},{'D1'},{'D2'},,,,,&,3.0,&
{'R2'},{'D7'},{'R3'},{'R1'},{'D1'},{'D2'},{'D3'},,,,&,1.0,&
{'R2'},{'D7'},{'R3'},{'R1'},{'D1'},{'D2'},{'D3'},{'D5'},,,&,1.0,&
{'R2'},{'D7'},{'R3'},{'R1'},{'D1'},{'D2'},{'D3'},{'D6'},{'D4'},{'D5'},&,1.0,&
{'R2'},{'D7'},{'R3'},{'R1'},{'D1'},{'D2'},{'D3'},{'D4'},{'D6'},{'D5'},&,2.0,&
{'R2'},{'D7'},{'R3'},{'R1'},{'D1'},{'D2'},{'D5'},{'D4'},{'D6'},{'D3'},&,1.0,&
{'R2'},{'D7'},{'R3'},{'R1'},{'D1'},{'D2'},{'D4'},,,,&,2.0,&
{'R2'},{'D7'},{'R3'},{'R1'},{'D1'},{'D2'},{'D4'},{'D5'},{'D6'},{'D3'},&,2.0,&
{'R2'},{'D7'},{'R3'},{'R1'},{'D1'},{'D2'},{'D4'},{'D5'},{'D3'},{'D6'},&,1.0,&
{'R2'},{'D7'},{'R3'},{'R1'},{'D1'},{'D2'},{'D4'},{'D6'},,,&,1.0,&
{'R2'},{'D7'},{'R3'},{'R1'},{'D1'},{'D2'},{'D4'},{'D6'},{'D5'},,&,1.0,&
{'R2'},{'D7'},{'R3'},{'R1'},{'D1'},{'D2'},{'D4'},{'D6'},{'D3'},{'D5'},&,1.0,&
{'R2'},{'D7'},{'R3'},{'R1'},{'D1'},{'D2'},{'D4'},{'D3'},,,&,2.0,&
{'R2'},{'D7'},{'R3'},{'R1'},{'D1'},{'D2'},{'D4'},{'D3'},{'D6'},,&,2.0,&
{'R2'},{'D7'},{'R3'},{'R1'},{'D1'},{'D2'},{'D4'},{'D3'},{'D6'},{'D5'},&,1.0,&
{'R2'},{'D7'},{'R3'},{'R1'},{'D1'},{'D6'},,,,,&,3.0,&
{'R2'},{'D7'},{'R3'},{'R1'},{'D1'},{'D6'},{'D2'},{'D4'},{'D5'},{'D3'},&,1.0,&
{'R2'},{'D7'},{'R3'},{'R1'},{'D1'},{'D6'},{'D2'},{'D4'},{'D3'},{'D5'},&,1.0,&
{'R2'},{'D7'},{'R3'},{'R1'},{'D1'},{'D6'},{'D4'},{'D2'},{'D5'},,&,1.0,&
{'R2'},{'D7'},{'R3'},{'R1'},{'D4'},,,,,,&,4.0,&
{'R2'},{'D7'},{'R3'},{'R1'},{'D4'},{'D3'},{'D1'},{'D2'},,,&,1.0,&
{'R2'},{'D7'},{'R3'},{'R1'},{'D4'},{'D2'},,,,,&,1.0,&
{'R2'},{'D7'},{'R3'},{'R1'},{'D4'},{'D2'},{'D3'},,,,&,1.0,&
{'R2'},{'D7'},{'R3'},{'R1'},{'D4'},{'D2'},{'D1'},,,,&,2.0,&
{'R2'},{'D7'},{'R3'},{'R1'},{'D4'},{'D2'},{'D1'},{'D6'},{'D3'},{'D5'},&,1.0,&
{'R2'},{'D7'},{'R3'},{'R1'},{'D4'},{'D2'},{'D1'},{'D3'},,,&,1.0,&
{'R2'},{'D7'},{'R3'},{'R1'},{'D4'},{'D1'},{'D2'},{'D3'},{'D5'},,&,1.0,&
{'R2'},{'D7'},{'R3'},{'R1'},{'D4'},{'D1'},{'D5'},{'D2'},{'D6'},{'D3'},&,1.0,&
{'R2'},{'D7'},{'R3'},{'R1'},{'D2'},,,,,,&,16.0,&
{'R2'},{'D7'},{'R3'},{'R1'},{'D2'},{'D4'},,,,,&,4.0,&
{'R2'},{'D7'},{'R3'},{'R1'},{'D2'},{'D4'},{'D3'},,,,&,2.0,&
{'R2'},{'D7'},{'R3'},{'R1'},{'D2'},{'D4'},{'D1'},,,,&,1.0,&
{'R2'},{'D7'},{'R3'},{'R1'},{'D2'},{'D4'},{'D1'},{'D6'},{'D3'},,&,1.0,&
{'R2'},{'D7'},{'R3'},{'R1'},{'D2'},{'D4'},{'D1'},{'D3'},,,&,1.0,&
{'R2'},{'D7'},{'R3'},{'R1'},{'D2'},{'D4'},{'D1'},{'D3'},{'D6'},{'D5'},&,1.0,&
{'R2'},{'D7'},{'R3'},{'R1'},{'D2'},{'D3'},,,,,&,2.0,&
{'R2'},{'D7'},{'R3'},{'R1'},{'D2'},{'D3'},{'D1'},{'D4'},,,&,1.0,&
{'R2'},{'D7'},{'R3'},{'R1'},{'D2'},{'D3'},{'D1'},{'D4'},{'D6'},{'D5'},&,1.0,&
{'R2'},{'D7'},{'R3'},{'R1'},{'D2'},{'D1'},,,,,&,7.0,&
{'R2'},{'D7'},{'R3'},{'R1'},{'D2'},{'D1'},{'D3'},,,,&,2.0,&
{'R2'},{'D7'},{'R3'},{'R1'},{'D2'},{'D1'},{'D3'},{'D6'},{'D4'},,&,2.0,&
{'R2'},{'D7'},{'R3'},{'R1'},{'D2'},{'D1'},{'D3'},{'D4'},,,&,5.0,&
{'R2'},{'D7'},{'R3'},{'R1'},{'D2'},{'D1'},{'D3'},{'D4'},{'D6'},,&,1.0,&
{'R2'},{'D7'},{'R3'},{'R1'},{'D2'},{'D1'},{'D3'},{'D4'},{'D5'},{'D6'},&,1.0,&
{'R2'},{'D7'},{'R3'},{'R1'},{'D2'},{'D1'},{'D5'},,,,&,1.0,&
{'R2'},{'D7'},{'R3'},{'R1'},{'D2'},{'D1'},{'D5'},{'D4'},,,&,1.0,&
{'R2'},{'D7'},{'R3'},{'R1'},{'D2'},{'D1'},{'D5'},{'D4'},{'D6'},{'D3'},&,1.0,&
{'R2'},{'D7'},{'R3'},{'R1'},{'D2'},{'D1'},{'D4'},,,,&,5.0,&
{'R2'},{'D7'},{'R3'},{'R1'},{'D2'},{'D1'},{'D4'},{'D5'},,,&,1.0,&
{'R2'},{'D7'},{'R3'},{'R1'},{'D2'},{'D1'},{'D4'},{'D6'},,,&,2.0,&
{'R2'},{'D7'},{'R3'},{'R1'},{'D2'},{'D1'},{'D4'},{'D6'},{'D3'},,&,1.0,&
{'R2'},{'D7'},{'R3'},{'R1'},{'D2'},{'D1'},{'D4'},{'D6'},{'D3'},{'D5'},&,2.0,&
{'R2'},{'D7'},{'R3'},{'R1'},{'D2'},{'D1'},{'D4'},{'D3'},{'D6'},,&,1.0,&
{'R2'},{'D7'},{'R3'},{'R1'},{'D2'},{'D1'},{'D4'},{'D3'},{'D6'},{'D5'},&,1.0,&
{'R2'},{'D7'},{'R3'},{'R1'},{'D2'},{'D1'},{'D6'},,,,&,2.0,&
{'R2'},{'D7'},{'R3'},{'R1'},{'D2'},{'D6'},,,,,&,2.0,&
{'R2'},{'D7'},{'R3'},{'R1'},{'D2'},{'D6'},{'D1'},{'D4'},{'D3'},{'D5'},&,1.0,&
{'R2'},{'D7'},{'R3'},{'R1'},{'D2'},{'D6'},{'D4'},{'D1'},,,&,1.0,&
{'R2'},{'D7'},{'R3'},{'R1'},{'D6'},,,,,,&,1.0,&
{'R2'},{'D7'},{'R3'},{'R1'},{'D6'},{'D3'},,,,,&,1.0,&
{'R2'},{'D7'},{'R3'},{'R1'},{'D6'},{'D2'},,,,,&,2.0,&
{'R2'},{'D7'},{'R3'},{'R1'},{'D6'},{'D2'},{'D4'},{'D1'},{'D3'},,&,1.0,&
{'R2'},{'D7'},{'R3'},{'R1'},{'D6'},{'D2'},{'D4'},{'D1'},{'D3'},{'D5'},&,1.0,&
{'R2'},{'D7'},{'R3'},{'R1'},{'D6'},{'D1'},{'D3'},{'D5'},,,&,1.0,&
{'R2'},{'D7'},{'R3'},{'R1'},{'D6'},{'D1'},{'D2'},,,,&,1.0,&
{'R2'},{'D7'},{'R3'},{'R1'},{'D6'},{'D1'},{'D4'},,,,&,1.0,&
{'R2'},{'D7'},{'R3'},{'R1'},{'D3'},,,,,,&,1.0,&
{'R2'},{'D7'},{'R3'},{'R1'},{'D3'},{'D2'},{'D1'},{'D4'},,,&,1.0,&
{'R2'},{'D7'},{'R3'},{'R1'},{'D3'},{'D2'},{'D1'},{'D4'},{'D6'},{'D5'},&,1.0,&
{'R2'},{'D7'},{'R3'},{'R1'},{'D3'},{'D2'},{'D1'},{'D4'},{'D5'},{'D6'},&,1.0,&
{'R2'},{'D7'},{'R3'},{'R1'},{'D3'},{'D1'},,,,,&,1.0,&
{'R2'},{'D7'},{'R3'},{'R1'},{'D3'},{'D1'},{'D2'},,,,&,1.0,&
{'R2'},{'D7'},{'R3'},{'R1'},{'D3'},{'D1'},{'D2'},{'D6'},,,&,2.0,&
{'R2'},{'D7'},{'R3'},{'D4'},,,,,,,&,4.0,&
{'R2'},{'D7'},{'R3'},{'D4'},{'R1'},,,,,,&,2.0,&
{'R2'},{'D7'},{'R3'},{'D4'},{'R1'},{'D3'},,,,,&,1.0,&
{'R2'},{'D7'},{'R3'},{'D4'},{'R1'},{'D3'},{'D2'},,,,&,1.0,&
{'R2'},{'D7'},{'R3'},{'D4'},{'R1'},{'D2'},,,,,&,2.0,&
{'R2'},{'D7'},{'R3'},{'D4'},{'R1'},{'D2'},{'D1'},,,,&,2.0,&
{'R2'},{'D7'},{'R3'},{'D4'},{'R1'},{'D2'},{'D1'},{'D3'},,,&,2.0,&
{'R2'},{'D7'},{'R3'},{'D4'},{'R1'},{'D2'},{'D1'},{'D3'},{'D6'},{'D5'},&,1.0,&
{'R2'},{'D7'},{'R3'},{'D4'},{'R1'},{'D2'},{'D6'},{'D1'},,,&,1.0,&
{'R2'},{'D7'},{'R3'},{'D4'},{'R1'},{'D2'},{'D6'},{'D1'},{'D3'},{'D5'},&,1.0,&
{'R2'},{'D7'},{'R3'},{'D4'},{'R1'},{'D1'},,,,,&,1.0,&
{'R2'},{'D7'},{'R3'},{'D4'},{'R1'},{'D1'},{'D2'},{'D3'},,,&,1.0,&
{'R2'},{'D7'},{'R3'},{'D4'},{'D1'},,,,,,&,1.0,&
{'R2'},{'D7'},{'R3'},{'D4'},{'D1'},{'R1'},,,,,&,2.0,&
{'R2'},{'D7'},{'R3'},{'D4'},{'D1'},{'R1'},{'D3'},{'D2'},{'D5'},,&,1.0,&
{'R2'},{'D7'},{'R3'},{'D4'},{'D1'},{'R1'},{'D2'},{'D6'},{'D3'},,&,1.0,&
{'R2'},{'D7'},{'R3'},{'D4'},{'D1'},{'R1'},{'D2'},{'D3'},{'D6'},{'D5'},&,1.0,&
{'R2'},{'D7'},{'R3'},{'D4'},{'D1'},{'D2'},,,,,&,1.0,&
{'R2'},{'D7'},{'R3'},{'D4'},{'D1'},{'D2'},{'D3'},{'D6'},{'R1'},{'D5'},&,1.0,&
{'R2'},{'D7'},{'R3'},{'D4'},{'D1'},{'D2'},{'R1'},{'D3'},{'D6'},,&,1.0,&
{'R2'},{'D7'},{'R3'},{'D4'},{'D1'},{'D2'},{'D5'},,,,&,1.0,&
{'R2'},{'D7'},{'R3'},{'D4'},{'D1'},{'D2'},{'D6'},{'R1'},{'D5'},,&,1.0,&
{'R2'},{'D7'},{'R3'},{'D4'},{'D2'},,,,,,&,2.0,&
{'R2'},{'D7'},{'R3'},{'D4'},{'D2'},{'R1'},,,,,&,2.0,&
{'R2'},{'D7'},{'R3'},{'D4'},{'D2'},{'R1'},{'D3'},,,,&,1.0,&
{'R2'},{'D7'},{'R3'},{'D4'},{'D2'},{'R1'},{'D1'},{'D5'},{'D3'},{'D6'},&,1.0,&
{'R2'},{'D7'},{'R3'},{'D4'},{'D2'},{'R1'},{'D1'},{'D3'},{'D6'},,&,1.0,&
{'R2'},{'D7'},{'R3'},{'D4'},{'D2'},{'R1'},{'D1'},{'D3'},{'D6'},{'D5'},&,1.0,&
{'R2'},{'D7'},{'R3'},{'D4'},{'D2'},{'D3'},,,,,&,1.0,&
{'R2'},{'D7'},{'R3'},{'D4'},{'D2'},{'D1'},,,,,&,1.0,&
{'R2'},{'D7'},{'R3'},{'D4'},{'D2'},{'D1'},{'D3'},{'D6'},{'D5'},{'R1'},&,1.0,&
{'R2'},{'D7'},{'R3'},{'D4'},{'D2'},{'D1'},{'D3'},{'R1'},,,&,1.0,&
{'R2'},{'D7'},{'R3'},{'D4'},{'D2'},{'D1'},{'R1'},,,,&,1.0,&
{'R2'},{'D7'},{'R3'},{'D4'},{'D2'},{'D1'},{'D6'},{'R1'},{'D3'},{'D5'},&,1.0,&
{'R2'},{'D7'},{'R3'},{'D4'},{'D2'},{'D6'},,,,,&,1.0,&
{'R2'},{'D7'},{'R3'},{'D4'},{'D2'},{'D6'},{'R1'},,,,&,1.0,&
{'R2'},{'D7'},{'R3'},{'D4'},{'D6'},{'R1'},,,,,&,1.0,&
{'R2'},{'D7'},{'R3'},{'D4'},{'D3'},{'D2'},,,,,&,1.0,&
{'R2'},{'D7'},{'R3'},{'D4'},{'D3'},{'D2'},{'D6'},{'D1'},{'D5'},,&,1.0,&
{'R2'},{'D7'},{'R3'},{'D4'},{'D3'},{'D1'},{'R1'},{'D2'},,,&,1.0,&
{'R2'},{'D7'},{'R3'},{'D4'},{'D3'},{'D6'},,,,,&,1.0,&
{'R2'},{'D7'},{'R3'},{'D3'},,,,,,,&,5.0,&
{'R2'},{'D7'},{'R3'},{'D3'},{'R1'},,,,,,&,1.0,&
{'R2'},{'D7'},{'R3'},{'D3'},{'R1'},{'D2'},,,,,&,1.0,&
{'R2'},{'D7'},{'R3'},{'D3'},{'R1'},{'D2'},{'D1'},,,,&,1.0,&
{'R2'},{'D7'},{'R3'},{'D3'},{'R1'},{'D2'},{'D1'},{'D4'},,,&,1.0,&
{'R2'},{'D7'},{'R3'},{'D3'},{'R1'},{'D2'},{'D1'},{'D4'},{'D5'},,&,1.0,&
{'R2'},{'D7'},{'R3'},{'D3'},{'R1'},{'D2'},{'D4'},{'D1'},,,&,1.0,&
{'R2'},{'D7'},{'R3'},{'D3'},{'R1'},{'D1'},{'D2'},{'D6'},,,&,1.0,&
{'R2'},{'D7'},{'R3'},{'D3'},{'R1'},{'D1'},{'D2'},{'D4'},,,&,1.0,&
{'R2'},{'D7'},{'R3'},{'D3'},{'D1'},{'D4'},,,,,&,1.0,&
{'R2'},{'D7'},{'R3'},{'D3'},{'D1'},{'D4'},{'D2'},{'R1'},{'D6'},{'D5'},&,1.0,&
{'R2'},{'D7'},{'R3'},{'D3'},{'D4'},{'R1'},{'D1'},{'D2'},{'D6'},{'D5'},&,1.0,&
{'R2'},{'D7'},{'R3'},{'D3'},{'D4'},{'D2'},{'R1'},{'D1'},,,&,1.0,&
{'R2'},{'D7'},{'R3'},{'D3'},{'D2'},,,,,,&,2.0,&
{'R2'},{'D7'},{'R3'},{'D3'},{'D2'},{'R1'},{'D1'},,,,&,1.0,&
{'R2'},{'D7'},{'R3'},{'D3'},{'D6'},,,,,,&,1.0,&
{'R2'},{'D7'},{'R3'},{'D6'},,,,,,,&,1.0,&
{'R2'},{'D7'},{'R3'},{'D6'},{'R1'},{'D3'},{'D1'},,,,&,1.0,&
{'R2'},{'D7'},{'R3'},{'D6'},{'R1'},{'D2'},{'D1'},{'D4'},,,&,1.0,&
{'R2'},{'D7'},{'R3'},{'D6'},{'R1'},{'D2'},{'D4'},,,,&,1.0,&
{'R2'},{'D7'},{'R3'},{'D6'},{'R1'},{'D2'},{'D4'},{'D1'},,,&,1.0,&
{'R2'},{'D7'},{'R3'},{'D6'},{'R1'},{'D1'},{'D2'},{'D3'},,,&,1.0,&
{'R2'},{'D7'},{'R3'},{'D6'},{'D1'},{'R1'},{'D2'},{'D5'},{'D3'},{'D4'},&,1.0,&
{'R2'},{'D7'},{'R3'},{'D6'},{'D1'},{'R1'},{'D4'},{'D2'},{'D3'},,&,1.0,&
{'R2'},{'D7'},{'R3'},{'D6'},{'D1'},{'D2'},{'R1'},{'D4'},{'D3'},,&,1.0,&
{'R2'},{'D7'},{'R3'},{'D6'},{'D4'},{'R1'},,,,,&,1.0,&
{'R2'},{'D7'},{'R3'},{'D6'},{'D2'},,,,,,&,2.0,&
{'R2'},{'D7'},{'R3'},{'D6'},{'D2'},{'D4'},{'D3'},{'D1'},{'D5'},,&,1.0,&
{'R2'},{'D7'},{'R3'},{'D6'},{'D2'},{'D4'},{'D1'},{'D3'},{'D5'},,&,1.0,&
{'R2'},{'D7'},{'R3'},{'D6'},{'D2'},{'R1'},,,,,&,1.0,&
{'R2'},{'D7'},{'R3'},{'D6'},{'D2'},{'R1'},{'D1'},{'D4'},,,&,1.0,&
{'R2'},{'D7'},{'R3'},{'D6'},{'D2'},{'D3'},{'D1'},{'D4'},{'R1'},{'D5'},&,1.0,&
{'R2'},{'D7'},{'R3'},{'D6'},{'D2'},{'D1'},,,,,&,1.0,&
{'R2'},{'D7'},{'R3'},{'D6'},{'D2'},{'D1'},{'R1'},{'D4'},{'D5'},{'D3'},&,1.0,&
{'R2'},{'D7'},{'R3'},{'D5'},,,,,,,&,2.0,&
{'R2'},{'D7'},{'R3'},{'D5'},{'R1'},{'D3'},,,,,&,1.0,&
{'R2'},{'D7'},{'R3'},{'D5'},{'R1'},{'D1'},{'D2'},{'D3'},{'D4'},,&,1.0,&
{'R2'},{'D7'},{'R3'},{'D5'},{'D1'},,,,,,&,2.0,&
{'R2'},{'D7'},{'R3'},{'D5'},{'D1'},{'R1'},{'D2'},{'D4'},{'D3'},{'D6'},&,1.0,&
{'R2'},{'D7'},{'R3'},{'D5'},{'D2'},,,,,,&,1.0,&
{'R2'},{'D7'},{'R3'},{'D5'},{'D2'},{'D1'},{'D3'},{'R1'},{'D4'},{'D6'},&,1.0,&
{'R2'},{'D7'},{'D1'},,,,,,,,&,64.0,&
{'R2'},{'D7'},{'D1'},{'R3'},,,,,,,&,10.0,&
{'R2'},{'D7'},{'D1'},{'R3'},{'R1'},,,,,,&,6.0,&
{'R2'},{'D7'},{'D1'},{'R3'},{'R1'},{'D4'},{'D3'},{'D2'},{'D6'},{'D5'},&,1.0,&
{'R2'},{'D7'},{'D1'},{'R3'},{'R1'},{'D4'},{'D2'},,,,&,1.0,&
{'R2'},{'D7'},{'D1'},{'R3'},{'R1'},{'D4'},{'D2'},{'D5'},,,&,1.0,&
{'R2'},{'D7'},{'D1'},{'R3'},{'R1'},{'D4'},{'D2'},{'D6'},{'D3'},{'D5'},&,1.0,&
{'R2'},{'D7'},{'D1'},{'R3'},{'R1'},{'D4'},{'D2'},{'D3'},{'D6'},,&,1.0,&
{'R2'},{'D7'},{'D1'},{'R3'},{'R1'},{'D3'},{'D2'},{'D4'},,,&,1.0,&
{'R2'},{'D7'},{'D1'},{'R3'},{'R1'},{'D3'},{'D5'},{'D2'},{'D4'},{'D6'},&,1.0,&
{'R2'},{'D7'},{'D1'},{'R3'},{'R1'},{'D3'},{'D4'},{'D6'},{'D2'},{'D5'},&,1.0,&
{'R2'},{'D7'},{'D1'},{'R3'},{'R1'},{'D2'},,,,,&,1.0,&
{'R2'},{'D7'},{'D1'},{'R3'},{'R1'},{'D2'},{'D3'},,,,&,3.0,&
{'R2'},{'D7'},{'D1'},{'R3'},{'R1'},{'D2'},{'D4'},{'D5'},{'D3'},{'D6'},&,1.0,&
{'R2'},{'D7'},{'D1'},{'R3'},{'R1'},{'D2'},{'D4'},{'D6'},,,&,2.0,&
{'R2'},{'D7'},{'D1'},{'R3'},{'R1'},{'D2'},{'D4'},{'D6'},{'D3'},{'D5'},&,1.0,&
{'R2'},{'D7'},{'D1'},{'R3'},{'R1'},{'D2'},{'D4'},{'D3'},{'D6'},{'D5'},&,1.0,&
{'R2'},{'D7'},{'D1'},{'R3'},{'R1'},{'D2'},{'D6'},,,,&,4.0,&
{'R2'},{'D7'},{'D1'},{'R3'},{'R1'},{'D2'},{'D6'},{'D3'},{'D4'},{'D5'},&,1.0,&
{'R2'},{'D7'},{'D1'},{'R3'},{'R1'},{'D6'},{'D2'},{'D3'},{'D4'},{'D5'},&,1.0,&
{'R2'},{'D7'},{'D1'},{'R3'},{'D4'},,,,,,&,3.0,&
{'R2'},{'D7'},{'D1'},{'R3'},{'D4'},{'R1'},,,,,&,1.0,&
{'R2'},{'D7'},{'D1'},{'R3'},{'D4'},{'R1'},{'D3'},{'D2'},,,&,1.0,&
{'R2'},{'D7'},{'D1'},{'R3'},{'D4'},{'D2'},,,,,&,2.0,&
{'R2'},{'D7'},{'D1'},{'R3'},{'D4'},{'D2'},{'R1'},{'D6'},,,&,1.0,&
{'R2'},{'D7'},{'D1'},{'R3'},{'D4'},{'D5'},{'D2'},{'D6'},,,&,1.0,&
{'R2'},{'D7'},{'D1'},{'R3'},{'D2'},,,,,,&,8.0,&
{'R2'},{'D7'},{'D1'},{'R3'},{'D2'},{'D4'},,,,,&,3.0,&
{'R2'},{'D7'},{'D1'},{'R3'},{'D2'},{'D4'},{'R1'},,,,&,3.0,&
{'R2'},{'D7'},{'D1'},{'R3'},{'D2'},{'D4'},{'R1'},{'D3'},,,&,1.0,&
{'R2'},{'D7'},{'D1'},{'R3'},{'D2'},{'D4'},{'D6'},{'D3'},{'D5'},{'R1'},&,1.0,&
{'R2'},{'D7'},{'D1'},{'R3'},{'D2'},{'R1'},,,,,&,1.0,&
{'R2'},{'D7'},{'D1'},{'R3'},{'D2'},{'R1'},{'D3'},,,,&,1.0,&
{'R2'},{'D7'},{'D1'},{'R3'},{'D2'},{'R1'},{'D3'},{'D4'},,,&,1.0,&
{'R2'},{'D7'},{'D1'},{'R3'},{'D2'},{'R1'},{'D4'},{'D6'},{'D3'},,&,2.0,&
{'R2'},{'D7'},{'D1'},{'R3'},{'D2'},{'R1'},{'D4'},{'D3'},{'D5'},,&,2.0,&
{'R2'},{'D7'},{'D1'},{'R3'},{'D2'},{'D3'},{'D4'},{'R1'},{'D6'},{'D5'},&,1.0,&
{'R2'},{'D7'},{'D1'},{'R3'},{'D2'},{'D5'},,,,,&,1.0,&
{'R2'},{'D7'},{'D1'},{'R3'},{'D2'},{'D6'},{'D5'},{'R1'},{'D4'},{'D3'},&,1.0,&
{'R2'},{'D7'},{'D1'},{'R3'},{'D2'},{'D6'},{'D4'},{'R1'},{'D5'},{'D3'},&,1.0,&
{'R2'},{'D7'},{'D1'},{'R3'},{'D6'},,,,,,&,1.0,&
{'R2'},{'D7'},{'D1'},{'R3'},{'D6'},{'R1'},,,,,&,1.0,&
{'R2'},{'D7'},{'D1'},{'R3'},{'D3'},{'R1'},,,,,&,2.0,&
{'R2'},{'D7'},{'D1'},{'R3'},{'D3'},{'R1'},{'D2'},{'D4'},{'D6'},,&,1.0,&
{'R2'},{'D7'},{'D1'},{'R3'},{'D3'},{'D2'},{'D4'},{'D6'},{'R1'},,&,1.0,&
{'R2'},{'D7'},{'D1'},{'D2'},,,,,,,&,17.0,&
{'R2'},{'D7'},{'D1'},{'D2'},{'R1'},{'D5'},{'D4'},,,,&,1.0,&
{'R2'},{'D7'},{'D1'},{'D2'},{'R1'},{'R3'},{'D4'},{'D3'},,,&,1.0,&
{'R2'},{'D7'},{'D1'},{'D2'},{'R3'},,,,,,&,6.0,&
{'R2'},{'D7'},{'D1'},{'D2'},{'R3'},{'D4'},,,,,&,2.0,&
{'R2'},{'D7'},{'D1'},{'D2'},{'R3'},{'D4'},{'D3'},,,,&,2.0,&
{'R2'},{'D7'},{'D1'},{'D2'},{'R3'},{'D4'},{'D3'},{'D5'},,,&,1.0,&
{'R2'},{'D7'},{'D1'},{'D2'},{'R3'},{'D4'},{'R1'},,,,&,3.0,&
{'R2'},{'D7'},{'D1'},{'D2'},{'R3'},{'D4'},{'R1'},{'D6'},,,&,1.0,&
{'R2'},{'D7'},{'D1'},{'D2'},{'R3'},{'D4'},{'R1'},{'D3'},{'D6'},{'D5'},&,1.0,&
{'R2'},{'D7'},{'D1'},{'D2'},{'R3'},{'D4'},{'D6'},{'R1'},,,&,1.0,&
{'R2'},{'D7'},{'D1'},{'D2'},{'R3'},{'R1'},{'D3'},,,,&,1.0,&
{'R2'},{'D7'},{'D1'},{'D2'},{'R3'},{'R1'},{'D3'},{'D4'},{'D6'},,&,1.0,&
{'R2'},{'D7'},{'D1'},{'D2'},{'R3'},{'R1'},{'D3'},{'D4'},{'D6'},{'D5'},&,3.0,&
{'R2'},{'D7'},{'D1'},{'D2'},{'R3'},{'R1'},{'D4'},{'D6'},{'D3'},{'D5'},&,2.0,&
{'R2'},{'D7'},{'D1'},{'D2'},{'R3'},{'R1'},{'D4'},{'D3'},,,&,2.0,&
{'R2'},{'D7'},{'D1'},{'D2'},{'R3'},{'R1'},{'D4'},{'D3'},{'D6'},,&,1.0,&
{'R2'},{'D7'},{'D1'},{'D2'},{'R3'},{'R1'},{'D4'},{'D3'},{'D5'},{'D6'},&,1.0,&
{'R2'},{'D7'},{'D1'},{'D2'},{'R3'},{'R1'},{'D6'},,,,&,1.0,&
{'R2'},{'D7'},{'D1'},{'D2'},{'R3'},{'D3'},,,,,&,2.0,&
{'R2'},{'D7'},{'D1'},{'D2'},{'R3'},{'D3'},{'R1'},,,,&,1.0,&
{'R2'},{'D7'},{'D1'},{'D2'},{'R3'},{'D3'},{'D4'},,,,&,1.0,&
{'R2'},{'D7'},{'D1'},{'D2'},{'R3'},{'D3'},{'D4'},{'D6'},{'D5'},{'R1'},&,1.0,&
{'R2'},{'D7'},{'D1'},{'D2'},{'R3'},{'D6'},{'D3'},{'R1'},,,&,1.0,&
{'R2'},{'D7'},{'D1'},{'D2'},{'D4'},,,,,,&,5.0,&
{'R2'},{'D7'},{'D1'},{'D2'},{'D4'},{'R1'},,,,,&,1.0,&
{'R2'},{'D7'},{'D1'},{'D2'},{'D4'},{'R1'},{'D6'},{'D3'},{'D5'},,&,1.0,&
{'R2'},{'D7'},{'D1'},{'D2'},{'D4'},{'D3'},,,,,&,1.0,&
{'R2'},{'D7'},{'D1'},{'D2'},{'D4'},{'D3'},{'D6'},,,,&,3.0,&
{'R2'},{'D7'},{'D1'},{'D2'},{'D4'},{'D3'},{'D6'},{'D5'},,,&,1.0,&
{'R2'},{'D7'},{'D1'},{'D2'},{'D4'},{'D3'},{'D6'},{'R3'},{'D5'},{'R1'},&,1.0,&
{'R2'},{'D7'},{'D1'},{'D2'},{'D4'},{'D5'},,,,,&,2.0,&
{'R2'},{'D7'},{'D1'},{'D2'},{'D4'},{'D5'},{'D3'},{'D6'},,,&,1.0,&
{'R2'},{'D7'},{'D1'},{'D2'},{'D4'},{'R3'},,,,,&,2.0,&
{'R2'},{'D7'},{'D1'},{'D2'},{'D4'},{'R3'},{'D3'},,,,&,1.0,&
{'R2'},{'D7'},{'D1'},{'D2'},{'D4'},{'R3'},{'D3'},{'D6'},{'D5'},,&,1.0,&
{'R2'},{'D7'},{'D1'},{'D2'},{'D4'},{'R3'},{'D3'},{'D6'},{'D5'},{'R1'},&,1.0,&
{'R2'},{'D7'},{'D1'},{'D2'},{'D4'},{'R3'},{'R1'},{'D6'},,,&,3.0,&
{'R2'},{'D7'},{'D1'},{'D2'},{'D4'},{'D6'},,,,,&,3.0,&
{'R2'},{'D7'},{'D1'},{'D2'},{'D4'},{'D6'},{'D3'},,,,&,1.0,&
{'R2'},{'D7'},{'D1'},{'D2'},{'D4'},{'D6'},{'D5'},,,,&,1.0,&
{'R2'},{'D7'},{'D1'},{'D2'},{'D4'},{'D6'},{'R3'},{'D5'},{'D3'},,&,1.0,&
{'R2'},{'D7'},{'D1'},{'D2'},{'D6'},,,,,,&,3.0,&
{'R2'},{'D7'},{'D1'},{'D2'},{'D6'},{'D4'},{'R3'},,,,&,1.0,&
{'R2'},{'D7'},{'D1'},{'D2'},{'D6'},{'D4'},{'R3'},{'D3'},{'D5'},{'R1'},&,1.0,&
{'R2'},{'D7'},{'D1'},{'D2'},{'D6'},{'R1'},{'D4'},{'R3'},{'D5'},,&,1.0,&
{'R2'},{'D7'},{'D1'},{'D2'},{'D6'},{'R3'},,,,,&,1.0,&
{'R2'},{'D7'},{'D1'},{'D2'},{'D6'},{'R3'},{'D4'},,,,&,1.0,&
{'R2'},{'D7'},{'D1'},{'D2'},{'D6'},{'R3'},{'D4'},{'D5'},,,&,1.0,&
{'R2'},{'D7'},{'D1'},{'D2'},{'D6'},{'R3'},{'D4'},{'D3'},{'R1'},{'D5'},&,1.0,&
{'R2'},{'D7'},{'D1'},{'D2'},{'D3'},{'D4'},,,,,&,2.0,&
{'R2'},{'D7'},{'D1'},{'D2'},{'D3'},{'D4'},{'D6'},,,,&,1.0,&
{'R2'},{'D7'},{'D1'},{'D2'},{'D3'},{'D4'},{'D6'},{'D5'},{'R1'},{'R3'},&,1.0,&
{'R2'},{'D7'},{'D1'},{'D2'},{'D3'},{'D4'},{'D6'},{'R1'},{'D5'},{'R3'},&,1.0,&
{'R2'},{'D7'},{'D1'},{'D2'},{'D3'},{'D4'},{'R3'},{'D6'},{'D5'},,&,1.0,&
{'R2'},{'D7'},{'D1'},{'D2'},{'D3'},{'R3'},,,,,&,2.0,&
{'R2'},{'D7'},{'D1'},{'D2'},{'D3'},{'R3'},{'R1'},,,,&,1.0,&
{'R2'},{'D7'},{'D1'},{'D2'},{'D3'},{'R3'},{'R1'},{'D4'},,,&,1.0,&
{'R2'},{'D7'},{'D1'},{'D2'},{'D3'},{'D6'},{'D5'},,,,&,1.0,&
{'R2'},{'D7'},{'D1'},{'D2'},{'D5'},{'D6'},,,,,&,1.0,&
{'R2'},{'D7'},{'D1'},{'R1'},,,,,,,&,2.0,&
{'R2'},{'D7'},{'D1'},{'R1'},{'R3'},,,,,,&,4.0,&
{'R2'},{'D7'},{'D1'},{'R1'},{'R3'},{'D2'},,,,,&,2.0,&
{'R2'},{'D7'},{'D1'},{'R1'},{'R3'},{'D2'},{'D4'},{'D5'},{'D3'},{'D6'},&,1.0,&
{'R2'},{'D7'},{'D1'},{'R1'},{'D4'},{'D2'},{'D3'},{'R3'},{'D6'},{'D5'},&,1.0,&
{'R2'},{'D7'},{'D1'},{'R1'},{'D2'},{'D4'},{'D5'},{'D6'},{'D3'},,&,1.0,&
{'R2'},{'D7'},{'D1'},{'R1'},{'D2'},{'D3'},{'D6'},,,,&,1.0,&
{'R2'},{'D7'},{'D1'},{'R1'},{'D2'},{'R3'},{'D3'},{'D4'},,,&,1.0,&
{'R2'},{'D7'},{'D1'},{'R1'},{'D2'},{'R3'},{'D4'},{'D5'},{'D3'},{'D6'},&,1.0,&
{'R2'},{'D7'},{'D1'},{'R1'},{'D2'},{'D6'},{'D4'},,,,&,1.0,&
{'R2'},{'D7'},{'D1'},{'D4'},,,,,,,&,4.0,&
{'R2'},{'D7'},{'D1'},{'D4'},{'R3'},,,,,,&,1.0,&
{'R2'},{'D7'},{'D1'},{'D4'},{'R3'},{'R1'},,,,,&,1.0,&
{'R2'},{'D7'},{'D1'},{'D4'},{'R3'},{'R1'},{'D2'},,,,&,1.0,&
{'R2'},{'D7'},{'D1'},{'D4'},{'R3'},{'R1'},{'D2'},{'D3'},{'D5'},,&,1.0,&
{'R2'},{'D7'},{'D1'},{'D4'},{'R3'},{'D3'},,,,,&,1.0,&
{'R2'},{'D7'},{'D1'},{'D4'},{'R3'},{'D3'},{'D6'},{'D2'},,,&,1.0,&
{'R2'},{'D7'},{'D1'},{'D4'},{'R3'},{'D2'},{'D3'},,,,&,1.0,&
{'R2'},{'D7'},{'D1'},{'D4'},{'D2'},,,,,,&,1.0,&
{'R2'},{'D7'},{'D1'},{'D4'},{'D2'},{'D3'},{'D6'},{'D5'},,,&,1.0,&
{'R2'},{'D7'},{'D1'},{'D4'},{'D2'},{'D3'},{'D6'},{'D5'},{'R3'},,&,1.0,&
{'R2'},{'D7'},{'D1'},{'D4'},{'D2'},{'D3'},{'D6'},{'D5'},{'R3'},{'R1'},&,1.0,&
{'R2'},{'D7'},{'D1'},{'D4'},{'D2'},{'R3'},{'R1'},{'D3'},{'D6'},,&,1.0,&
{'R2'},{'D7'},{'D1'},{'D4'},{'D2'},{'D6'},{'D3'},{'R1'},{'R3'},,&,1.0,&
{'R2'},{'D7'},{'D1'},{'D4'},{'D2'},{'D6'},{'R3'},,,,&,1.0,&
{'R2'},{'D7'},{'D1'},{'D4'},{'D6'},{'D2'},{'D3'},{'R3'},{'D5'},{'R1'},&,1.0,&
{'R2'},{'D7'},{'D1'},{'D4'},{'D6'},{'D2'},{'R3'},{'R1'},,,&,1.0,&
{'R2'},{'D7'},{'D1'},{'D4'},{'D3'},{'D2'},{'R3'},{'D6'},{'D5'},,&,1.0,&
{'R2'},{'D7'},{'D1'},{'D4'},{'D5'},,,,,,&,1.0,&
{'R2'},{'D7'},{'D1'},{'D4'},{'D5'},{'D2'},{'D6'},,,,&,1.0,&
{'R2'},{'D7'},{'D1'},{'D3'},,,,,,,&,2.0,&
{'R2'},{'D7'},{'D1'},{'D3'},{'R1'},{'D2'},{'D4'},,,,&,1.0,&
{'R2'},{'D7'},{'D1'},{'D3'},{'R3'},,,,,,&,1.0,&
{'R2'},{'D7'},{'D1'},{'D3'},{'D2'},,,,,,&,2.0,&
{'R2'},{'D7'},{'D1'},{'D3'},{'D2'},{'D4'},,,,,&,1.0,&
{'R2'},{'D7'},{'D1'},{'D3'},{'D2'},{'R1'},{'D6'},{'D4'},{'R3'},{'D5'},&,1.0,&
{'R2'},{'D7'},{'D1'},{'D3'},{'D2'},{'R3'},{'R1'},{'D6'},{'D4'},{'D5'},&,1.0,&
{'R2'},{'D7'},{'D1'},{'D6'},{'R3'},{'R1'},,,,,&,1.0,&
{'R2'},{'D7'},{'D1'},{'D6'},{'R3'},{'R1'},{'D3'},{'D2'},{'D4'},,&,1.0,&
{'R2'},{'D7'},{'D1'},{'D6'},{'R3'},{'R1'},{'D2'},,,,&,1.0,&
{'R2'},{'D7'},{'D1'},{'D6'},{'R3'},{'D3'},{'D2'},{'R1'},,,&,1.0,&
{'R2'},{'D7'},{'D1'},{'D6'},{'R3'},{'D2'},{'D3'},,,,&,1.0,&
{'R2'},{'D7'},{'D1'},{'D6'},{'D2'},,,,,,&,1.0,&
{'R2'},{'D7'},{'D1'},{'D6'},{'D2'},{'D4'},,,,,&,1.0,&
{'R2'},{'D7'},{'D1'},{'D6'},{'D2'},{'D4'},{'D3'},,,,&,1.0,&
{'R2'},{'D7'},{'D1'},{'D6'},{'D2'},{'D4'},{'D5'},{'D3'},{'R3'},,&,1.0,&
{'R2'},{'D7'},{'D1'},{'D6'},{'D2'},{'D4'},{'R3'},{'R1'},,,&,1.0,&
{'R2'},{'D7'},{'D1'},{'D6'},{'D2'},{'D3'},{'D4'},,,,&,1.0,&
{'R2'},{'D7'},{'D1'},{'D6'},{'D2'},{'R3'},{'R1'},{'D3'},{'D5'},{'D4'},&,1.0,&
{'R2'},{'D7'},{'D1'},{'D6'},{'D2'},{'R3'},{'R1'},{'D4'},{'D3'},{'D5'},&,1.0,&
{'R2'},{'D7'},{'D1'},{'D5'},,,,,,,&,2.0,&
{'R2'},{'D7'},{'D1'},{'D5'},{'R3'},{'R1'},{'D2'},{'D4'},{'D6'},,&,1.0,&
{'R2'},{'D7'},{'D1'},{'D5'},{'D4'},{'D2'},{'D3'},{'D6'},{'R3'},{'R1'},&,1.0,&
{'R2'},{'D7'},{'D4'},,,,,,,,&,31.0,&
{'R2'},{'D7'},{'D4'},{'R3'},,,,,,,&,7.0,&
{'R2'},{'D7'},{'D4'},{'R3'},{'R1'},,,,,,&,5.0,&
{'R2'},{'D7'},{'D4'},{'R3'},{'R1'},{'D3'},{'D1'},,,,&,1.0,&
{'R2'},{'D7'},{'D4'},{'R3'},{'R1'},{'D2'},,,,,&,1.0,&
{'R2'},{'D7'},{'D4'},{'R3'},{'R1'},{'D2'},{'D3'},{'D1'},,,&,1.0,&
{'R2'},{'D7'},{'D4'},{'R3'},{'R1'},{'D2'},{'D3'},{'D1'},{'D6'},,&,1.0,&
{'R2'},{'D7'},{'D4'},{'R3'},{'R1'},{'D2'},{'D1'},,,,&,1.0,&
{'R2'},{'D7'},{'D4'},{'R3'},{'R1'},{'D2'},{'D1'},{'D6'},,,&,1.0,&
{'R2'},{'D7'},{'D4'},{'R3'},{'R1'},{'D2'},{'D1'},{'D6'},{'D5'},{'D3'},&,1.0,&
{'R2'},{'D7'},{'D4'},{'R3'},{'R1'},{'D1'},,,,,&,1.0,&
{'R2'},{'D7'},{'D4'},{'R3'},{'R1'},{'D1'},{'D2'},,,,&,1.0,&
{'R2'},{'D7'},{'D4'},{'R3'},{'R1'},{'D1'},{'D2'},{'D5'},{'D6'},{'D3'},&,1.0,&
{'R2'},{'D7'},{'D4'},{'R3'},{'R1'},{'D1'},{'D2'},{'D6'},,,&,1.0,&
{'R2'},{'D7'},{'D4'},{'R3'},{'D1'},{'R1'},,,,,&,1.0,&
{'R2'},{'D7'},{'D4'},{'R3'},{'D1'},{'R1'},{'D2'},,,,&,1.0,&
{'R2'},{'D7'},{'D4'},{'R3'},{'D1'},{'R1'},{'D2'},{'D5'},{'D3'},,&,1.0,&
{'R2'},{'D7'},{'D4'},{'R3'},{'D1'},{'D3'},{'D2'},,,,&,1.0,&
{'R2'},{'D7'},{'D4'},{'R3'},{'D1'},{'D2'},{'D6'},{'R1'},{'D3'},,&,1.0,&
{'R2'},{'D7'},{'D4'},{'R3'},{'D1'},{'D5'},{'D6'},{'D3'},{'R1'},{'D2'},&,1.0,&
{'R2'},{'D7'},{'D4'},{'R3'},{'D1'},{'D6'},{'D5'},{'R1'},,,&,1.0,&
{'R2'},{'D7'},{'D4'},{'R3'},{'D2'},,,,,,&,2.0,&
{'R2'},{'D7'},{'D4'},{'R3'},{'D2'},{'R1'},,,,,&,2.0,&
{'R2'},{'D7'},{'D4'},{'R3'},{'D2'},{'R1'},{'D3'},,,,&,1.0,&
{'R2'},{'D7'},{'D4'},{'R3'},{'D2'},{'D3'},,,,,&,1.0,&
{'R2'},{'D7'},{'D4'},{'R3'},{'D2'},{'D3'},{'D1'},,,,&,1.0,&
{'R2'},{'D7'},{'D4'},{'R3'},{'D2'},{'D3'},{'D1'},{'D6'},{'D5'},{'R1'},&,1.0,&
{'R2'},{'D7'},{'D4'},{'R3'},{'D2'},{'D1'},,,,,&,1.0,&
{'R2'},{'D7'},{'D4'},{'R3'},{'D2'},{'D1'},{'R1'},{'D3'},,,&,1.0,&
{'R2'},{'D7'},{'D4'},{'R3'},{'D2'},{'D1'},{'D5'},{'R1'},,,&,1.0,&
{'R2'},{'D7'},{'D4'},{'R3'},{'D2'},{'D1'},{'D6'},{'R1'},{'D3'},{'D5'},&,1.0,&
{'R2'},{'D7'},{'D4'},{'R3'},{'D6'},{'R1'},{'D2'},,,,&,1.0,&
{'R2'},{'D7'},{'D4'},{'R3'},{'D3'},{'R1'},,,,,&,1.0,&
{'R2'},{'D7'},{'D4'},{'R3'},{'D3'},{'R1'},{'D2'},{'D1'},,,&,1.0,&
{'R2'},{'D7'},{'D4'},{'R3'},{'D3'},{'D6'},{'D2'},,,,&,1.0,&
{'R2'},{'D7'},{'D4'},{'D2'},,,,,,,&,5.0,&
{'R2'},{'D7'},{'D4'},{'D2'},{'R1'},{'R3'},{'D3'},,,,&,1.0,&
{'R2'},{'D7'},{'D4'},{'D2'},{'R3'},,,,,,&,2.0,&
{'R2'},{'D7'},{'D4'},{'D2'},{'R3'},{'R1'},{'D1'},,,,&,1.0,&
{'R2'},{'D7'},{'D4'},{'D2'},{'R3'},{'R1'},{'D1'},{'D6'},{'D3'},,&,1.0,&
{'R2'},{'D7'},{'D4'},{'D2'},{'R3'},{'R1'},{'D6'},,,,&,1.0,&
{'R2'},{'D7'},{'D4'},{'D2'},{'R3'},{'R1'},{'D6'},{'D1'},,,&,1.0,&
{'R2'},{'D7'},{'D4'},{'D2'},{'R3'},{'R1'},{'D6'},{'D1'},{'D3'},,&,1.0,&
{'R2'},{'D7'},{'D4'},{'D2'},{'R3'},{'D1'},{'D3'},{'R1'},,,&,1.0,&
{'R2'},{'D7'},{'D4'},{'D2'},{'R3'},{'D1'},{'D6'},{'D3'},{'R1'},{'D5'},&,1.0,&
{'R2'},{'D7'},{'D4'},{'D2'},{'R3'},{'D1'},{'D6'},{'R1'},,,&,1.0,&
{'R2'},{'D7'},{'D4'},{'D2'},{'D1'},{'D3'},,,,,&,2.0,&
{'R2'},{'D7'},{'D4'},{'D2'},{'D1'},{'D3'},{'D6'},{'R3'},{'D5'},,&,1.0,&
{'R2'},{'D7'},{'D4'},{'D2'},{'D1'},{'R3'},,,,,&,1.0,&
{'R2'},{'D7'},{'D4'},{'D2'},{'D1'},{'R3'},{'R1'},{'D6'},,,&,1.0,&
{'R2'},{'D7'},{'D4'},{'D2'},{'D1'},{'D6'},{'D3'},{'R3'},{'R1'},,&,1.0,&
{'R2'},{'D7'},{'D4'},{'D2'},{'D1'},{'D6'},{'R3'},{'D3'},{'R1'},{'D5'},&,1.0,&
{'R2'},{'D7'},{'D4'},{'D2'},{'D6'},{'D3'},{'D1'},,,,&,1.0,&
{'R2'},{'D7'},{'D4'},{'D2'},{'D6'},{'D1'},{'R3'},,,,&,1.0,&
{'R2'},{'D7'},{'D4'},{'D2'},{'D3'},{'R3'},{'R1'},{'D1'},{'D6'},{'D5'},&,1.0,&
{'R2'},{'D7'},{'D4'},{'D1'},,,,,,,&,2.0,&
{'R2'},{'D7'},{'D4'},{'D1'},{'R3'},,,,,,&,1.0,&
{'R2'},{'D7'},{'D4'},{'D1'},{'R3'},{'R1'},{'D3'},{'D2'},{'D6'},,&,1.0,&
{'R2'},{'D7'},{'D4'},{'D1'},{'R3'},{'R1'},{'D2'},{'D3'},{'D6'},,&,1.0,&
{'R2'},{'D7'},{'D4'},{'D1'},{'R3'},{'D3'},{'R1'},,,,&,1.0,&
{'R2'},{'D7'},{'D4'},{'D1'},{'R3'},{'D2'},{'D5'},,,,&,1.0,&
{'R2'},{'D7'},{'D4'},{'D1'},{'R3'},{'D2'},{'D6'},{'D3'},{'D5'},{'R1'},&,1.0,&
{'R2'},{'D7'},{'D4'},{'D1'},{'R3'},{'D2'},{'D6'},{'R1'},{'D3'},{'D5'},&,1.0,&
{'R2'},{'D7'},{'D4'},{'D1'},{'D2'},,,,,,&,1.0,&
{'R2'},{'D7'},{'D4'},{'D1'},{'D2'},{'D3'},{'D5'},,,,&,1.0,&
{'R2'},{'D7'},{'D4'},{'D1'},{'D2'},{'D3'},{'R3'},,,,&,1.0,&
{'R2'},{'D7'},{'D4'},{'D1'},{'D2'},{'R3'},{'D3'},{'R1'},{'D5'},,&,1.0,&
{'R2'},{'D7'},{'D4'},{'D1'},{'D2'},{'R3'},{'D5'},{'D6'},{'R1'},,&,1.0,&
{'R2'},{'D7'},{'D4'},{'D1'},{'D2'},{'D6'},,,,,&,1.0,&
{'R2'},{'D7'},{'D4'},{'D1'},{'D3'},{'D2'},,,,,&,1.0,&
{'R2'},{'D7'},{'D4'},{'D1'},{'D3'},{'D2'},{'R3'},{'R1'},,,&,1.0,&
{'R2'},{'D7'},{'D4'},{'R1'},,,,,,,&,1.0,&
{'R2'},{'D7'},{'D4'},{'R1'},{'R3'},,,,,,&,1.0,&
{'R2'},{'D7'},{'D4'},{'R1'},{'R3'},{'D2'},,,,,&,1.0,&
{'R2'},{'D7'},{'D4'},{'R1'},{'R3'},{'D2'},{'D6'},{'D1'},{'D3'},{'D5'},&,1.0,&
{'R2'},{'D7'},{'D4'},{'R1'},{'R3'},{'D1'},{'D2'},{'D5'},,,&,1.0,&
{'R2'},{'D7'},{'D4'},{'R1'},{'D1'},{'D2'},,,,,&,1.0,&
{'R2'},{'D7'},{'D4'},{'R1'},{'D2'},{'D1'},{'R3'},,,,&,1.0,&
{'R2'},{'D7'},{'D4'},{'R1'},{'D3'},{'D2'},{'D1'},{'R3'},{'D6'},,&,1.0,&
{'R2'},{'D7'},{'D4'},{'D3'},{'R3'},{'D2'},,,,,&,1.0,&
{'R2'},{'D7'},{'D4'},{'D3'},{'D1'},,,,,,&,1.0,&
{'R2'},{'D7'},{'D4'},{'D3'},{'D1'},{'D2'},{'D6'},{'D5'},,,&,1.0,&
{'R2'},{'D7'},{'D4'},{'D3'},{'D2'},{'R1'},{'R3'},,,,&,1.0,&
{'R2'},{'D7'},{'D4'},{'D3'},{'D2'},{'D1'},,,,,&,1.0,&
{'R2'},{'D7'},{'D4'},{'D3'},{'D2'},{'R3'},,,,,&,1.0,&
{'R2'},{'D7'},{'D4'},{'D6'},{'R3'},{'D1'},{'R1'},{'D2'},{'D5'},{'D3'},&,1.0,&
{'R2'},{'D7'},{'D4'},{'D6'},{'D2'},{'D1'},{'R3'},{'D3'},{'D5'},{'R1'},&,1.0,&
{'R2'},{'D7'},{'D4'},{'D6'},{'D3'},{'R3'},{'D2'},{'D1'},{'D5'},{'R1'},&,1.0,&
{'R2'},{'D7'},{'D4'},{'D5'},,,,,,,&,1.0,&
{'R2'},{'D7'},,,,,,,,,&,136.0,&
{'R2'},{'D7'},{'R1'},,,,,,,,&,17.0,&
{'R2'},{'D7'},{'R1'},{'R3'},,,,,,,&,4.0,&
{'R2'},{'D7'},{'R1'},{'R3'},{'D1'},,,,,,&,3.0,&
{'R2'},{'D7'},{'R1'},{'R3'},{'D1'},{'D2'},{'D4'},{'D3'},{'D6'},{'D5'},&,1.0,&
{'R2'},{'D7'},{'R1'},{'R3'},{'D4'},{'D3'},{'D2'},{'D1'},,,&,1.0,&
{'R2'},{'D7'},{'R1'},{'R3'},{'D2'},,,,,,&,1.0,&
{'R2'},{'D7'},{'R1'},{'R3'},{'D2'},{'D4'},{'D3'},,,,&,1.0,&
{'R2'},{'D7'},{'R1'},{'R3'},{'D2'},{'D4'},{'D1'},{'D6'},{'D3'},{'D5'},&,1.0,&
{'R2'},{'D7'},{'R1'},{'R3'},{'D6'},{'D4'},{'D1'},{'D2'},{'D3'},{'D5'},&,1.0,&
{'R2'},{'D7'},{'R1'},{'R3'},{'D6'},{'D1'},,,,,&,1.0,&
{'R2'},{'D7'},{'R1'},{'R3'},{'D3'},,,,,,&,1.0,&
{'R2'},{'D7'},{'R1'},{'D2'},,,,,,,&,2.0,&
{'R2'},{'D7'},{'R1'},{'D2'},{'R3'},,,,,,&,2.0,&
{'R2'},{'D7'},{'R1'},{'D2'},{'R3'},{'D3'},,,,,&,1.0,&
{'R2'},{'D7'},{'R1'},{'D2'},{'R3'},{'D3'},{'D1'},{'D4'},{'D6'},{'D5'},&,1.0,&
{'R2'},{'D7'},{'R1'},{'D2'},{'R3'},{'D1'},,,,,&,1.0,&
{'R2'},{'D7'},{'R1'},{'D2'},{'R3'},{'D1'},{'D3'},,,,&,1.0,&
{'R2'},{'D7'},{'R1'},{'D2'},{'R3'},{'D1'},{'D6'},,,,&,1.0,&
{'R2'},{'D7'},{'R1'},{'D2'},{'R3'},{'D1'},{'D6'},{'D4'},,,&,1.0,&
{'R2'},{'D7'},{'R1'},{'D2'},{'R3'},{'D1'},{'D6'},{'D4'},{'D3'},{'D5'},&,1.0,&
{'R2'},{'D7'},{'R1'},{'D2'},{'D1'},,,,,,&,4.0,&
{'R2'},{'D7'},{'R1'},{'D2'},{'D1'},{'R3'},,,,,&,1.0,&
{'R2'},{'D7'},{'R1'},{'D2'},{'D1'},{'D6'},{'R3'},,,,&,1.0,&
{'R2'},{'D7'},{'R1'},{'D2'},{'D4'},{'D1'},{'R3'},{'D6'},,,&,1.0,&
{'R2'},{'D7'},{'R1'},{'D2'},{'D4'},{'R3'},,,,,&,1.0,&
{'R2'},{'D7'},{'R1'},{'D1'},,,,,,,&,2.0,&
{'R2'},{'D7'},{'R1'},{'D1'},{'R3'},,,,,,&,2.0,&
{'R2'},{'D7'},{'R1'},{'D1'},{'R3'},{'D2'},,,,,&,2.0,&
{'R2'},{'D7'},{'R1'},{'D1'},{'R3'},{'D2'},{'D3'},,,,&,1.0,&
{'R2'},{'D7'},{'R1'},{'D1'},{'R3'},{'D2'},{'D5'},{'D6'},,,&,1.0,&
{'R2'},{'D7'},{'R1'},{'D1'},{'R3'},{'D2'},{'D6'},{'D3'},{'D4'},{'D5'},&,1.0,&
{'R2'},{'D7'},{'R1'},{'D1'},{'D4'},{'D3'},{'D2'},,,,&,1.0,&
{'R2'},{'D7'},{'R1'},{'D1'},{'D2'},,,,,,&,1.0,&
{'R2'},{'D7'},{'R1'},{'D1'},{'D2'},{'D3'},{'D4'},{'R3'},{'D6'},{'D5'},&,1.0,&
{'R2'},{'D7'},{'R1'},{'D1'},{'D2'},{'D5'},{'D6'},{'D4'},,,&,1.0,&
{'R2'},{'D7'},{'R1'},{'D1'},{'D2'},{'R3'},,,,,&,2.0,&
{'R2'},{'D7'},{'R1'},{'D1'},{'D2'},{'R3'},{'D4'},,,,&,1.0,&
{'R2'},{'D7'},{'R1'},{'D4'},,,,,,,&,3.0,&
{'R2'},{'D7'},{'R1'},{'D4'},{'R3'},{'D2'},,,,,&,1.0,&
{'R2'},{'D7'},{'R1'},{'D4'},{'R3'},{'D1'},{'D2'},{'D6'},,,&,1.0,&
{'R2'},{'D7'},{'R1'},{'D4'},{'D1'},{'D3'},,,,,&,1.0,&
{'R2'},{'D7'},{'R1'},{'D4'},{'D2'},{'D1'},{'R3'},{'D3'},{'D6'},{'D5'},&,1.0,&
{'R2'},{'D7'},{'R1'},{'D4'},{'D3'},{'D1'},{'D2'},{'R3'},{'D6'},,&,1.0,&
{'R2'},{'D7'},{'R1'},{'D3'},{'R3'},,,,,,&,1.0,&
{'R2'},{'D7'},{'R1'},{'D3'},{'R3'},{'D4'},{'D6'},{'D2'},,,&,1.0,&
{'R2'},{'D7'},{'R1'},{'D3'},{'R3'},{'D1'},,,,,&,1.0,&
{'R2'},{'D7'},{'R1'},{'D3'},{'R3'},{'D1'},{'D2'},,,,&,1.0,&
{'R2'},{'D7'},{'R1'},{'D3'},{'D2'},{'D4'},{'D1'},{'D6'},{'R3'},,&,1.0,&
{'R2'},{'D7'},{'R1'},{'D3'},{'D2'},{'D1'},{'D6'},,,,&,1.0,&
{'R2'},{'D7'},{'R1'},{'D6'},{'D1'},{'D3'},,,,,&,1.0,&
{'R2'},{'D7'},{'D2'},,,,,,,,&,79.0,&
{'R2'},{'D7'},{'D2'},{'R3'},,,,,,,&,22.0,&
{'R2'},{'D7'},{'D2'},{'R3'},{'R1'},,,,,,&,15.0,&
{'R2'},{'D7'},{'D2'},{'R3'},{'R1'},{'D4'},,,,,&,2.0,&
{'R2'},{'D7'},{'D2'},{'R3'},{'R1'},{'D4'},{'D1'},,,,&,1.0,&
{'R2'},{'D7'},{'D2'},{'R3'},{'R1'},{'D4'},{'D1'},{'D6'},{'D3'},,&,2.0,&
{'R2'},{'D7'},{'D2'},{'R3'},{'R1'},{'D4'},{'D1'},{'D6'},{'D3'},{'D5'},&,1.0,&
{'R2'},{'D7'},{'D2'},{'R3'},{'R1'},{'D4'},{'D1'},{'D3'},,,&,1.0,&
{'R2'},{'D7'},{'D2'},{'R3'},{'R1'},{'D4'},{'D1'},{'D3'},{'D6'},,&,3.0,&
{'R2'},{'D7'},{'D2'},{'R3'},{'R1'},{'D4'},{'D5'},,,,&,1.0,&
{'R2'},{'D7'},{'D2'},{'R3'},{'R1'},{'D3'},{'D1'},,,,&,1.0,&
{'R2'},{'D7'},{'D2'},{'R3'},{'R1'},{'D1'},,,,,&,6.0,&
{'R2'},{'D7'},{'D2'},{'R3'},{'R1'},{'D1'},{'D3'},,,,&,1.0,&
{'R2'},{'D7'},{'D2'},{'R3'},{'R1'},{'D1'},{'D3'},{'D5'},,,&,1.0,&
{'R2'},{'D7'},{'D2'},{'R3'},{'R1'},{'D1'},{'D4'},,,,&,2.0,&
{'R2'},{'D7'},{'D2'},{'R3'},{'R1'},{'D1'},{'D4'},{'D6'},,,&,1.0,&
{'R2'},{'D7'},{'D2'},{'R3'},{'R1'},{'D1'},{'D4'},{'D6'},{'D3'},{'D5'},&,2.0,&
{'R2'},{'D7'},{'D2'},{'R3'},{'R1'},{'D1'},{'D4'},{'D3'},,,&,1.0,&
{'R2'},{'D7'},{'D2'},{'R3'},{'R1'},{'D1'},{'D4'},{'D3'},{'D6'},,&,1.0,&
{'R2'},{'D7'},{'D2'},{'R3'},{'R1'},{'D1'},{'D6'},,,,&,2.0,&
{'R2'},{'D7'},{'D2'},{'R3'},{'R1'},{'D1'},{'D6'},{'D3'},,,&,1.0,&
{'R2'},{'D7'},{'D2'},{'R3'},{'R1'},{'D1'},{'D6'},{'D4'},,,&,1.0,&
{'R2'},{'D7'},{'D2'},{'R3'},{'R1'},{'D6'},{'D3'},{'D1'},,,&,1.0,&
{'R2'},{'D7'},{'D2'},{'R3'},{'R1'},{'D6'},{'D1'},,,,&,1.0,&
{'R2'},{'D7'},{'D2'},{'R3'},{'R1'},{'D6'},{'D1'},{'D3'},,,&,1.0,&
{'R2'},{'D7'},{'D2'},{'R3'},{'R1'},{'D6'},{'D1'},{'D3'},{'D4'},{'D5'},&,1.0,&
{'R2'},{'D7'},{'D2'},{'R3'},{'R1'},{'D6'},{'D1'},{'D4'},,,&,1.0,&
{'R2'},{'D7'},{'D2'},{'R3'},{'D1'},,,,,,&,8.0,&
{'R2'},{'D7'},{'D2'},{'R3'},{'D1'},{'D4'},,,,,&,1.0,&
{'R2'},{'D7'},{'D2'},{'R3'},{'D1'},{'D4'},{'D3'},,,,&,2.0,&
{'R2'},{'D7'},{'D2'},{'R3'},{'D1'},{'D4'},{'D3'},{'D5'},{'D6'},{'R1'},&,1.0,&
{'R2'},{'D7'},{'D2'},{'R3'},{'D1'},{'D4'},{'D3'},{'D6'},{'D5'},,&,1.0,&
{'R2'},{'D7'},{'D2'},{'R3'},{'D1'},{'D4'},{'D5'},{'D3'},,,&,1.0,&
{'R2'},{'D7'},{'D2'},{'R3'},{'D1'},{'D4'},{'D6'},,,,&,3.0,&
{'R2'},{'D7'},{'D2'},{'R3'},{'D1'},{'R1'},,,,,&,6.0,&
{'R2'},{'D7'},{'D2'},{'R3'},{'D1'},{'R1'},{'D4'},{'D5'},,,&,1.0,&
{'R2'},{'D7'},{'D2'},{'R3'},{'D1'},{'R1'},{'D6'},{'D4'},{'D3'},{'D5'},&,1.0,&
{'R2'},{'D7'},{'D2'},{'R3'},{'D1'},{'D3'},,,,,&,1.0,&
{'R2'},{'D7'},{'D2'},{'R3'},{'D1'},{'D3'},{'R1'},,,,&,1.0,&
{'R2'},{'D7'},{'D2'},{'R3'},{'D1'},{'D3'},{'R1'},{'D4'},,,&,3.0,&
{'R2'},{'D7'},{'D2'},{'R3'},{'D1'},{'D3'},{'R1'},{'D4'},{'D6'},{'D5'},&,1.0,&
{'R2'},{'D7'},{'D2'},{'R3'},{'D1'},{'D3'},{'D6'},{'D4'},{'R1'},{'D5'},&,1.0,&
{'R2'},{'D7'},{'D2'},{'R3'},{'D1'},{'D5'},{'D4'},{'R1'},{'D6'},,&,1.0,&
{'R2'},{'D7'},{'D2'},{'R3'},{'D4'},,,,,,&,2.0,&
{'R2'},{'D7'},{'D2'},{'R3'},{'D4'},{'R1'},,,,,&,2.0,&
{'R2'},{'D7'},{'D2'},{'R3'},{'D4'},{'R1'},{'D3'},,,,&,1.0,&
{'R2'},{'D7'},{'D2'},{'R3'},{'D4'},{'R1'},{'D1'},{'D6'},,,&,1.0,&
{'R2'},{'D7'},{'D2'},{'R3'},{'D4'},{'R1'},{'D1'},{'D3'},{'D6'},{'D5'},&,1.0,&
{'R2'},{'D7'},{'D2'},{'R3'},{'D4'},{'R1'},{'D6'},,,,&,1.0,&
{'R2'},{'D7'},{'D2'},{'R3'},{'D4'},{'R1'},{'D6'},{'D1'},{'D3'},,&,1.0,&
{'R2'},{'D7'},{'D2'},{'R3'},{'D4'},{'D3'},{'D1'},,,,&,1.0,&
{'R2'},{'D7'},{'D2'},{'R3'},{'D4'},{'D3'},{'R1'},{'D1'},,,&,1.0,&
{'R2'},{'D7'},{'D2'},{'R3'},{'D4'},{'D1'},{'D3'},,,,&,1.0,&
{'R2'},{'D7'},{'D2'},{'R3'},{'D4'},{'D1'},{'D3'},{'D6'},,,&,1.0,&
{'R2'},{'D7'},{'D2'},{'R3'},{'D4'},{'D1'},{'D3'},{'D6'},{'R1'},{'D5'},&,1.0,&
{'R2'},{'D7'},{'D2'},{'R3'},{'D4'},{'D1'},{'D3'},{'R1'},,,&,1.0,&
{'R2'},{'D7'},{'D2'},{'R3'},{'D4'},{'D1'},{'D3'},{'R1'},{'D6'},,&,1.0,&
{'R2'},{'D7'},{'D2'},{'R3'},{'D4'},{'D1'},{'R1'},{'D6'},,,&,1.0,&
{'R2'},{'D7'},{'D2'},{'R3'},{'D4'},{'D1'},{'D6'},,,,&,1.0,&
{'R2'},{'D7'},{'D2'},{'R3'},{'D4'},{'D1'},{'D6'},{'D3'},{'D5'},{'R1'},&,1.0,&
{'R2'},{'D7'},{'D2'},{'R3'},{'D6'},{'R1'},,,,,&,1.0,&
{'R2'},{'D7'},{'D2'},{'R3'},{'D6'},{'R1'},{'D3'},{'D4'},{'D1'},,&,1.0,&
{'R2'},{'D7'},{'D2'},{'R3'},{'D6'},{'R1'},{'D1'},{'D4'},{'D3'},,&,1.0,&
{'R2'},{'D7'},{'D2'},{'R3'},{'D6'},{'D3'},{'R1'},{'D1'},{'D5'},,&,1.0,&
{'R2'},{'D7'},{'D2'},{'R3'},{'D6'},{'D1'},{'D4'},,,,&,1.0,&
{'R2'},{'D7'},{'D2'},{'R3'},{'D3'},,,,,,&,3.0,&
{'R2'},{'D7'},{'D2'},{'R3'},{'D3'},{'D4'},{'R1'},{'D1'},{'D6'},{'D5'},&,1.0,&
{'R2'},{'D7'},{'D2'},{'R3'},{'D3'},{'R1'},,,,,&,1.0,&
{'R2'},{'D7'},{'D2'},{'R3'},{'D3'},{'R1'},{'D6'},,,,&,1.0,&
{'R2'},{'D7'},{'D2'},{'R3'},{'D3'},{'D1'},{'R1'},{'D4'},{'D5'},{'D6'},&,1.0,&
{'R2'},{'D7'},{'D2'},{'R3'},{'D3'},{'D6'},{'D1'},{'D4'},,,&,1.0,&
{'R2'},{'D7'},{'D2'},{'R3'},{'D5'},,,,,,&,1.0,&
{'R2'},{'D7'},{'D2'},{'R3'},{'D5'},{'D1'},{'R1'},{'D6'},,,&,1.0,&
{'R2'},{'D7'},{'D2'},{'D1'},,,,,,,&,17.0,&
{'R2'},{'D7'},{'D2'},{'D1'},{'R1'},,,,,,&,4.0,&
{'R2'},{'D7'},{'D2'},{'D1'},{'R1'},{'D3'},,,,,&,1.0,&
{'R2'},{'D7'},{'D2'},{'D1'},{'R1'},{'R3'},{'D3'},{'D4'},{'D6'},{'D5'},&,1.0,&
{'R2'},{'D7'},{'D2'},{'D1'},{'R1'},{'R3'},{'D4'},{'D6'},{'D3'},{'D5'},&,1.0,&
{'R2'},{'D7'},{'D2'},{'D1'},{'R1'},{'R3'},{'D4'},{'D3'},,,&,1.0,&
{'R2'},{'D7'},{'D2'},{'D1'},{'R1'},{'R3'},{'D6'},,,,&,1.0,&
{'R2'},{'D7'},{'D2'},{'D1'},{'R3'},,,,,,&,6.0,&
{'R2'},{'D7'},{'D2'},{'D1'},{'R3'},{'D4'},,,,,&,1.0,&
{'R2'},{'D7'},{'D2'},{'D1'},{'R3'},{'D4'},{'D3'},,,,&,2.0,&
{'R2'},{'D7'},{'D2'},{'D1'},{'R3'},{'D4'},{'D3'},{'D6'},,,&,1.0,&
{'R2'},{'D7'},{'D2'},{'D1'},{'R3'},{'D4'},{'D3'},{'D6'},{'D5'},,&,1.0,&
{'R2'},{'D7'},{'D2'},{'D1'},{'R3'},{'D4'},{'D3'},{'R1'},{'D5'},{'D6'},&,1.0,&
{'R2'},{'D7'},{'D2'},{'D1'},{'R3'},{'D4'},{'R1'},,,,&,2.0,&
{'R2'},{'D7'},{'D2'},{'D1'},{'R3'},{'D4'},{'R1'},{'D3'},{'D6'},{'D5'},&,2.0,&
{'R2'},{'D7'},{'D2'},{'D1'},{'R3'},{'D4'},{'D6'},{'R1'},,,&,1.0,&
{'R2'},{'D7'},{'D2'},{'D1'},{'R3'},{'R1'},,,,,&,3.0,&
{'R2'},{'D7'},{'D2'},{'D1'},{'R3'},{'R1'},{'D3'},{'D4'},{'D6'},{'D5'},&,1.0,&
{'R2'},{'D7'},{'D2'},{'D1'},{'R3'},{'R1'},{'D4'},,,,&,2.0,&
{'R2'},{'D7'},{'D2'},{'D1'},{'R3'},{'R1'},{'D4'},{'D6'},,,&,1.0,&
{'R2'},{'D7'},{'D2'},{'D1'},{'R3'},{'R1'},{'D4'},{'D6'},{'D3'},,&,1.0,&
{'R2'},{'D7'},{'D2'},{'D1'},{'R3'},{'R1'},{'D4'},{'D3'},,,&,2.0,&
{'R2'},{'D7'},{'D2'},{'D1'},{'R3'},{'R1'},{'D4'},{'D3'},{'D6'},,&,1.0,&
{'R2'},{'D7'},{'D2'},{'D1'},{'R3'},{'R1'},{'D4'},{'D3'},{'D6'},{'D5'},&,1.0,&
{'R2'},{'D7'},{'D2'},{'D1'},{'R3'},{'R1'},{'D4'},{'D3'},{'D5'},{'D6'},&,1.0,&
{'R2'},{'D7'},{'D2'},{'D1'},{'R3'},{'R1'},{'D6'},,,,&,1.0,&
{'R2'},{'D7'},{'D2'},{'D1'},{'R3'},{'R1'},{'D6'},{'D3'},{'D4'},{'D5'},&,1.0,&
{'R2'},{'D7'},{'D2'},{'D1'},{'R3'},{'D3'},{'D4'},,,,&,1.0,&
{'R2'},{'D7'},{'D2'},{'D1'},{'R3'},{'D6'},{'R1'},{'D4'},{'D3'},,&,1.0,&
{'R2'},{'D7'},{'D2'},{'D1'},{'R3'},{'D6'},{'D4'},{'R1'},{'D3'},{'D5'},&,1.0,&
{'R2'},{'D7'},{'D2'},{'D1'},{'D4'},,,,,,&,13.0,&
{'R2'},{'D7'},{'D2'},{'D1'},{'D4'},{'R1'},,,,,&,1.0,&
{'R2'},{'D7'},{'D2'},{'D1'},{'D4'},{'D3'},,,,,&,4.0,&
{'R2'},{'D7'},{'D2'},{'D1'},{'D4'},{'D3'},{'R1'},{'D6'},{'D5'},{'R3'},&,1.0,&
{'R2'},{'D7'},{'D2'},{'D1'},{'D4'},{'D3'},{'D5'},{'D6'},{'R3'},{'R1'},&,1.0,&
{'R2'},{'D7'},{'D2'},{'D1'},{'D4'},{'D3'},{'D5'},{'R3'},{'D6'},{'R1'},&,1.0,&
{'R2'},{'D7'},{'D2'},{'D1'},{'D4'},{'D3'},{'D6'},,,,&,1.0,&
{'R2'},{'D7'},{'D2'},{'D1'},{'D4'},{'D3'},{'R3'},,,,&,1.0,&
{'R2'},{'D7'},{'D2'},{'D1'},{'D4'},{'D3'},{'R3'},{'R1'},{'D6'},{'D5'},&,1.0,&
{'R2'},{'D7'},{'D2'},{'D1'},{'D4'},{'D5'},,,,,&,1.0,&
{'R2'},{'D7'},{'D2'},{'D1'},{'D4'},{'D5'},{'D6'},,,,&,1.0,&
{'R2'},{'D7'},{'D2'},{'D1'},{'D4'},{'D5'},{'D6'},{'D3'},,,&,1.0,&
{'R2'},{'D7'},{'D2'},{'D1'},{'D4'},{'D5'},{'D6'},{'R3'},{'R1'},{'D3'},&,1.0,&
{'R2'},{'D7'},{'D2'},{'D1'},{'D4'},{'R3'},,,,,&,3.0,&
{'R2'},{'D7'},{'D2'},{'D1'},{'D4'},{'R3'},{'D3'},{'D6'},{'D5'},,&,1.0,&
{'R2'},{'D7'},{'D2'},{'D1'},{'D4'},{'R3'},{'R1'},{'D6'},,,&,1.0,&
{'R2'},{'D7'},{'D2'},{'D1'},{'D4'},{'R3'},{'R1'},{'D6'},{'D3'},{'D5'},&,1.0,&
{'R2'},{'D7'},{'D2'},{'D1'},{'D4'},{'R3'},{'R1'},{'D3'},,,&,1.0,&
{'R2'},{'D7'},{'D2'},{'D1'},{'D4'},{'R3'},{'D6'},{'D5'},{'R1'},,&,1.0,&
{'R2'},{'D7'},{'D2'},{'D1'},{'D4'},{'D6'},,,,,&,3.0,&
{'R2'},{'D7'},{'D2'},{'D1'},{'D4'},{'D6'},{'D3'},{'D5'},{'R3'},,&,1.0,&
{'R2'},{'D7'},{'D2'},{'D1'},{'D4'},{'D6'},{'D5'},{'D3'},,,&,1.0,&
{'R2'},{'D7'},{'D2'},{'D1'},{'D4'},{'D6'},{'R3'},{'D3'},{'D5'},,&,1.0,&
{'R2'},{'D7'},{'D2'},{'D1'},{'D4'},{'D6'},{'R3'},{'R1'},{'D3'},{'D5'},&,1.0,&
{'R2'},{'D7'},{'D2'},{'D1'},{'D6'},,,,,,&,3.0,&
{'R2'},{'D7'},{'D2'},{'D1'},{'D6'},{'D4'},{'D5'},{'D3'},{'R3'},,&,1.0,&
{'R2'},{'D7'},{'D2'},{'D1'},{'D6'},{'R3'},,,,,&,1.0,&
{'R2'},{'D7'},{'D2'},{'D1'},{'D6'},{'R3'},{'D3'},,,,&,1.0,&
{'R2'},{'D7'},{'D2'},{'D1'},{'D6'},{'R3'},{'R1'},{'D4'},,,&,1.0,&
{'R2'},{'D7'},{'D2'},{'D1'},{'D6'},{'R3'},{'D4'},,,,&,1.0,&
{'R2'},{'D7'},{'D2'},{'D1'},{'D6'},{'R3'},{'D4'},{'D3'},{'D5'},,&,1.0,&
{'R2'},{'D7'},{'D2'},{'D1'},{'D3'},,,,,,&,3.0,&
{'R2'},{'D7'},{'D2'},{'D1'},{'D3'},{'D4'},{'D6'},{'R3'},,,&,1.0,&
{'R2'},{'D7'},{'D2'},{'D1'},{'D3'},{'D4'},{'D6'},{'R3'},{'R1'},{'D5'},&,1.0,&
{'R2'},{'D7'},{'D2'},{'D1'},{'D3'},{'R3'},{'R1'},{'D4'},,,&,2.0,&
{'R2'},{'D7'},{'D2'},{'D1'},{'D3'},{'R3'},{'R1'},{'D4'},{'D6'},{'D5'},&,1.0,&
{'R2'},{'D7'},{'D2'},{'D1'},{'D3'},{'R3'},{'D4'},{'R1'},{'D6'},,&,1.0,&
{'R2'},{'D7'},{'D2'},{'D1'},{'D3'},{'D6'},{'D4'},,,,&,1.0,&
{'R2'},{'D7'},{'D2'},{'D1'},{'D3'},{'D6'},{'D4'},{'D5'},,,&,1.0,&
{'R2'},{'D7'},{'D2'},{'D1'},{'D5'},,,,,,&,2.0,&
{'R2'},{'D7'},{'D2'},{'D1'},{'D5'},{'D3'},{'R3'},{'R1'},{'D4'},{'D6'},&,1.0,&
{'R2'},{'D7'},{'D2'},{'R1'},,,,,,,&,1.0,&
{'R2'},{'D7'},{'D2'},{'R1'},{'R3'},,,,,,&,5.0,&
{'R2'},{'D7'},{'D2'},{'R1'},{'R3'},{'D4'},{'D1'},,,,&,1.0,&
{'R2'},{'D7'},{'D2'},{'R1'},{'R3'},{'D1'},,,,,&,1.0,&
{'R2'},{'D7'},{'D2'},{'R1'},{'R3'},{'D1'},{'D3'},{'D4'},{'D6'},,&,1.0,&
{'R2'},{'D7'},{'D2'},{'R1'},{'R3'},{'D1'},{'D4'},{'D3'},{'D6'},{'D5'},&,1.0,&
{'R2'},{'D7'},{'D2'},{'R1'},{'R3'},{'D6'},{'D1'},{'D3'},,,&,1.0,&
{'R2'},{'D7'},{'D2'},{'R1'},{'D1'},,,,,,&,2.0,&
{'R2'},{'D7'},{'D2'},{'R1'},{'D1'},{'D4'},{'D3'},{'D6'},{'D5'},,&,1.0,&
{'R2'},{'D7'},{'D2'},{'R1'},{'D1'},{'D4'},{'D3'},{'D6'},{'R3'},,&,1.0,&
{'R2'},{'D7'},{'D2'},{'R1'},{'D1'},{'D4'},{'D6'},{'D3'},{'R3'},{'D5'},&,1.0,&
{'R2'},{'D7'},{'D2'},{'R1'},{'D1'},{'R3'},,,,,&,2.0,&
{'R2'},{'D7'},{'D2'},{'R1'},{'D1'},{'R3'},{'D4'},{'D3'},{'D6'},,&,1.0,&
{'R2'},{'D7'},{'D2'},{'R1'},{'D4'},,,,,,&,1.0,&
{'R2'},{'D7'},{'D2'},{'R1'},{'D4'},{'D3'},{'D5'},{'R3'},{'D1'},{'D6'},&,1.0,&
{'R2'},{'D7'},{'D2'},{'R1'},{'D4'},{'R3'},,,,,&,1.0,&
{'R2'},{'D7'},{'D2'},{'R1'},{'D3'},{'D4'},{'D1'},,,,&,1.0,&
{'R2'},{'D7'},{'D2'},{'R1'},{'D3'},{'D4'},{'R3'},,,,&,1.0,&
{'R2'},{'D7'},{'D2'},{'R1'},{'D3'},{'R3'},{'D1'},,,,&,1.0,&
{'R2'},{'D7'},{'D2'},{'R1'},{'D3'},{'R3'},{'D1'},{'D4'},,,&,1.0,&
{'R2'},{'D7'},{'D2'},{'R1'},{'D5'},{'D1'},,,,,&,1.0,&
{'R2'},{'D7'},{'D2'},{'D4'},,,,,,,&,12.0,&
{'R2'},{'D7'},{'D2'},{'D4'},{'R1'},{'R3'},{'D1'},{'D6'},{'D5'},,&,1.0,&
{'R2'},{'D7'},{'D2'},{'D4'},{'R3'},,,,,,&,4.0,&
{'R2'},{'D7'},{'D2'},{'D4'},{'R3'},{'R1'},{'D3'},{'D1'},,,&,1.0,&
{'R2'},{'D7'},{'D2'},{'D4'},{'R3'},{'R1'},{'D1'},,,,&,1.0,&
{'R2'},{'D7'},{'D2'},{'D4'},{'R3'},{'R1'},{'D1'},{'D6'},{'D3'},,&,1.0,&
{'R2'},{'D7'},{'D2'},{'D4'},{'R3'},{'R1'},{'D1'},{'D6'},{'D3'},{'D5'},&,1.0,&
{'R2'},{'D7'},{'D2'},{'D4'},{'R3'},{'R1'},{'D1'},{'D3'},,,&,1.0,&
{'R2'},{'D7'},{'D2'},{'D4'},{'R3'},{'R1'},{'D6'},{'D1'},{'D3'},,&,1.0,&
{'R2'},{'D7'},{'D2'},{'D4'},{'R3'},{'D3'},{'D1'},{'D6'},{'R1'},,&,1.0,&
{'R2'},{'D7'},{'D2'},{'D4'},{'R3'},{'D3'},{'D1'},{'R1'},{'D6'},,&,1.0,&
{'R2'},{'D7'},{'D2'},{'D4'},{'R3'},{'D3'},{'D1'},{'R1'},{'D6'},{'D5'},&,1.0,&
{'R2'},{'D7'},{'D2'},{'D4'},{'R3'},{'D1'},{'D3'},{'D5'},{'R1'},,&,1.0,&
{'R2'},{'D7'},{'D2'},{'D4'},{'R3'},{'D1'},{'R1'},,,,&,1.0,&
{'R2'},{'D7'},{'D2'},{'D4'},{'R3'},{'D1'},{'R1'},{'D3'},{'D5'},{'D6'},&,1.0,&
{'R2'},{'D7'},{'D2'},{'D4'},{'R3'},{'D6'},,,,,&,1.0,&
{'R2'},{'D7'},{'D2'},{'D4'},{'D1'},,,,,,&,3.0,&
{'R2'},{'D7'},{'D2'},{'D4'},{'D1'},{'R1'},{'D3'},{'R3'},{'D6'},,&,1.0,&
{'R2'},{'D7'},{'D2'},{'D4'},{'D1'},{'R1'},{'R3'},{'D6'},,,&,1.0,&
{'R2'},{'D7'},{'D2'},{'D4'},{'D1'},{'D3'},,,,,&,1.0,&
{'R2'},{'D7'},{'D2'},{'D4'},{'D1'},{'D3'},{'D6'},,,,&,1.0,&
{'R2'},{'D7'},{'D2'},{'D4'},{'D1'},{'D3'},{'R3'},,,,&,1.0,&
{'R2'},{'D7'},{'D2'},{'D4'},{'D1'},{'D3'},{'R3'},{'D6'},,,&,1.0,&
{'R2'},{'D7'},{'D2'},{'D4'},{'D1'},{'D5'},{'D6'},{'R3'},,,&,1.0,&
{'R2'},{'D7'},{'D2'},{'D4'},{'D1'},{'D5'},{'R3'},,,,&,1.0,&
{'R2'},{'D7'},{'D2'},{'D4'},{'D1'},{'R3'},,,,,&,5.0,&
{'R2'},{'D7'},{'D2'},{'D4'},{'D1'},{'R3'},{'D3'},{'D6'},{'D5'},{'R1'},&,1.0,&
{'R2'},{'D7'},{'D2'},{'D4'},{'D1'},{'R3'},{'R1'},{'D5'},,,&,1.0,&
{'R2'},{'D7'},{'D2'},{'D4'},{'D1'},{'R3'},{'R1'},{'D3'},{'D6'},{'D5'},&,3.0,&
{'R2'},{'D7'},{'D2'},{'D4'},{'D1'},{'D6'},,,,,&,1.0,&
{'R2'},{'D7'},{'D2'},{'D4'},{'D1'},{'D6'},{'D3'},{'D5'},,,&,1.0,&
{'R2'},{'D7'},{'D2'},{'D4'},{'D1'},{'D6'},{'D3'},{'D5'},{'R1'},{'R3'},&,1.0,&
{'R2'},{'D7'},{'D2'},{'D4'},{'D1'},{'D6'},{'D3'},{'R3'},,,&,1.0,&
{'R2'},{'D7'},{'D2'},{'D4'},{'D1'},{'D6'},{'D3'},{'R3'},{'D5'},,&,1.0,&
{'R2'},{'D7'},{'D2'},{'D4'},{'D1'},{'D6'},{'D5'},{'R3'},{'D3'},,&,1.0,&
{'R2'},{'D7'},{'D2'},{'D4'},{'D6'},{'D1'},{'R1'},,,,&,1.0,&
{'R2'},{'D7'},{'D2'},{'D4'},{'D3'},{'D1'},,,,,&,1.0,&
{'R2'},{'D7'},{'D2'},{'D4'},{'D3'},{'R3'},{'D1'},{'D6'},{'R1'},{'D5'},&,1.0,&
{'R2'},{'D7'},{'D2'},{'D4'},{'D3'},{'R3'},{'R1'},{'D1'},,,&,1.0,&
{'R2'},{'D7'},{'D2'},{'D3'},,,,,,,&,5.0,&
{'R2'},{'D7'},{'D2'},{'D3'},{'R1'},,,,,,&,1.0,&
{'R2'},{'D7'},{'D2'},{'D3'},{'R1'},{'D1'},{'D6'},,,,&,1.0,&
{'R2'},{'D7'},{'D2'},{'D3'},{'R3'},,,,,,&,1.0,&
{'R2'},{'D7'},{'D2'},{'D3'},{'R3'},{'R1'},,,,,&,3.0,&
{'R2'},{'D7'},{'D2'},{'D3'},{'R3'},{'R1'},{'D1'},{'D5'},,,&,1.0,&
{'R2'},{'D7'},{'D2'},{'D3'},{'R3'},{'R1'},{'D4'},{'D1'},{'D6'},{'D5'},&,2.0,&
{'R2'},{'D7'},{'D2'},{'D3'},{'R3'},{'D1'},{'R1'},{'D4'},,,&,1.0,&
{'R2'},{'D7'},{'D2'},{'D3'},{'R3'},{'D5'},,,,,&,1.0,&
{'R2'},{'D7'},{'D2'},{'D3'},{'D1'},,,,,,&,6.0,&
{'R2'},{'D7'},{'D2'},{'D3'},{'D1'},{'D4'},{'R1'},{'D6'},{'D5'},,&,1.0,&
{'R2'},{'D7'},{'D2'},{'D3'},{'D1'},{'D4'},{'D6'},{'D5'},{'R1'},{'R3'},&,1.0,&
{'R2'},{'D7'},{'D2'},{'D3'},{'D1'},{'D4'},{'D6'},{'R1'},,,&,1.0,&
{'R2'},{'D7'},{'D2'},{'D3'},{'D1'},{'R1'},{'R3'},{'D4'},{'D6'},{'D5'},&,1.0,&
{'R2'},{'D7'},{'D2'},{'D3'},{'D1'},{'R3'},,,,,&,1.0,&
{'R2'},{'D7'},{'D2'},{'D3'},{'D1'},{'R3'},{'D5'},,,,&,1.0,&
{'R2'},{'D7'},{'D2'},{'D3'},{'D1'},{'R3'},{'D4'},,,,&,1.0,&
{'R2'},{'D7'},{'D2'},{'D3'},{'D1'},{'R3'},{'D4'},{'D6'},{'D5'},{'R1'},&,1.0,&
{'R2'},{'D7'},{'D2'},{'D3'},{'D1'},{'D6'},,,,,&,1.0,&
{'R2'},{'D7'},{'D2'},{'D3'},{'D1'},{'D6'},{'D5'},{'D4'},{'R1'},{'R3'},&,1.0,&
{'R2'},{'D7'},{'D2'},{'D3'},{'D1'},{'D6'},{'R3'},,,,&,1.0,&
{'R2'},{'D7'},{'D2'},{'D3'},{'D1'},{'D6'},{'R3'},{'D4'},{'D5'},,&,1.0,&
{'R2'},{'D7'},{'D2'},{'D3'},{'D4'},{'D6'},{'D1'},{'R3'},{'R1'},,&,1.0,&
{'R2'},{'D7'},{'D2'},{'D3'},{'D4'},{'D6'},{'D1'},{'R3'},{'R1'},{'D5'},&,1.0,&
{'R2'},{'D7'},{'D2'},{'D3'},{'D4'},{'D6'},{'R3'},,,,&,1.0,&
{'R2'},{'D7'},{'D2'},{'D3'},{'D5'},{'D4'},{'D1'},{'R3'},{'D6'},,&,1.0,&
{'R2'},{'D7'},{'D2'},{'D6'},,,,,,,&,4.0,&
{'R2'},{'D7'},{'D2'},{'D6'},{'R1'},{'D3'},,,,,&,1.0,&
{'R2'},{'D7'},{'D2'},{'D6'},{'R1'},{'R3'},,,,,&,1.0,&
{'R2'},{'D7'},{'D2'},{'D6'},{'R1'},{'R3'},{'D1'},{'D4'},{'D3'},{'D5'},&,1.0,&
{'R2'},{'D7'},{'D2'},{'D6'},{'R1'},{'R3'},{'D4'},,,,&,1.0,&
{'R2'},{'D7'},{'D2'},{'D6'},{'R1'},{'R3'},{'D4'},{'D1'},,,&,1.0,&
{'R2'},{'D7'},{'D2'},{'D6'},{'R3'},,,,,,&,1.0,&
{'R2'},{'D7'},{'D2'},{'D6'},{'R3'},{'D4'},,,,,&,1.0,&
{'R2'},{'D7'},{'D2'},{'D6'},{'R3'},{'R1'},,,,,&,1.0,&
{'R2'},{'D7'},{'D2'},{'D6'},{'R3'},{'D3'},{'D4'},{'D1'},{'D5'},{'R1'},&,1.0,&
{'R2'},{'D7'},{'D2'},{'D6'},{'R3'},{'D1'},{'R1'},,,,&,1.0,&
{'R2'},{'D7'},{'D2'},{'D6'},{'R3'},{'D1'},{'R1'},{'D3'},{'D4'},{'D5'},&,1.0,&
{'R2'},{'D7'},{'D2'},{'D6'},{'R3'},{'D1'},{'R1'},{'D4'},,,&,1.0,&
{'R2'},{'D7'},{'D2'},{'D6'},{'D1'},{'D4'},,,,,&,1.0,&
{'R2'},{'D7'},{'D2'},{'D6'},{'D4'},,,,,,&,1.0,&
{'R2'},{'D7'},{'D2'},{'D6'},{'D4'},{'D3'},{'D1'},{'R3'},{'D5'},{'R1'},&,1.0,&
{'R2'},{'D7'},{'D2'},{'D6'},{'D4'},{'R3'},,,,,&,1.0,&
{'R2'},{'D7'},{'D2'},{'D5'},,,,,,,&,1.0,&
{'R2'},{'D7'},{'D2'},{'D5'},{'D1'},,,,,,&,1.0,&
{'R2'},{'D7'},{'D2'},{'D5'},{'D1'},{'D4'},{'D6'},{'D3'},{'R1'},,&,1.0,&
{'R2'},{'D7'},{'D2'},{'D5'},{'D3'},{'D1'},{'R3'},,,,&,1.0,&
{'R2'},{'D7'},{'D3'},,,,,,,,&,7.0,&
{'R2'},{'D7'},{'D3'},{'R3'},,,,,,,&,5.0,&
{'R2'},{'D7'},{'D3'},{'R3'},{'R1'},,,,,,&,4.0,&
{'R2'},{'D7'},{'D3'},{'R3'},{'R1'},{'D2'},{'D1'},{'D4'},{'D6'},,&,1.0,&
{'R2'},{'D7'},{'D3'},{'R3'},{'R1'},{'D2'},{'D4'},,,,&,1.0,&
{'R2'},{'D7'},{'D3'},{'R3'},{'R1'},{'D1'},,,,,&,2.0,&
{'R2'},{'D7'},{'D3'},{'R3'},{'R1'},{'D1'},{'D2'},,,,&,1.0,&
{'R2'},{'D7'},{'D3'},{'R3'},{'R1'},{'D1'},{'D5'},{'D2'},,,&,1.0,&
{'R2'},{'D7'},{'D3'},{'R3'},{'D1'},,,,,,&,2.0,&
{'R2'},{'D7'},{'D3'},{'R3'},{'D1'},{'D4'},,,,,&,1.0,&
{'R2'},{'D7'},{'D3'},{'R3'},{'D1'},{'R1'},{'D2'},{'D5'},{'D6'},,&,1.0,&
{'R2'},{'D7'},{'D3'},{'R3'},{'D1'},{'D2'},{'R1'},,,,&,1.0,&
{'R2'},{'D7'},{'D3'},{'R3'},{'D1'},{'D2'},{'D4'},{'D6'},{'D5'},,&,1.0,&
{'R2'},{'D7'},{'D3'},{'R3'},{'D1'},{'D6'},{'R1'},{'D2'},,,&,1.0,&
{'R2'},{'D7'},{'D3'},{'R3'},{'D4'},{'D2'},,,,,&,1.0,&
{'R2'},{'D7'},{'D3'},{'R3'},{'D2'},,,,,,&,1.0,&
{'R2'},{'D7'},{'D3'},{'R3'},{'D2'},{'R1'},,,,,&,1.0,&
{'R2'},{'D7'},{'D3'},{'R3'},{'D2'},{'R1'},{'D1'},{'D4'},{'D6'},{'D5'},&,1.0,&
{'R2'},{'D7'},{'D3'},{'R3'},{'D2'},{'R1'},{'D4'},,,,&,1.0,&
{'R2'},{'D7'},{'D3'},{'R3'},{'D2'},{'R1'},{'D4'},{'D1'},{'D6'},{'D5'},&,1.0,&
{'R2'},{'D7'},{'D3'},{'R3'},{'D2'},{'D1'},,,,,&,1.0,&
{'R2'},{'D7'},{'D3'},{'R3'},{'D2'},{'D1'},{'D4'},,,,&,1.0,&
{'R2'},{'D7'},{'D3'},{'R3'},{'D6'},{'D1'},{'D2'},,,,&,1.0,&
{'R2'},{'D7'},{'D3'},{'D2'},,,,,,,&,1.0,&
{'R2'},{'D7'},{'D3'},{'D2'},{'R3'},{'D1'},{'D4'},{'R1'},,,&,1.0,&
{'R2'},{'D7'},{'D3'},{'D2'},{'R3'},{'D6'},,,,,&,1.0,&
{'R2'},{'D7'},{'D3'},{'D2'},{'R3'},{'D6'},{'D1'},{'D4'},{'D5'},,&,1.0,&
{'R2'},{'D7'},{'D3'},{'D2'},{'D1'},{'D4'},,,,,&,2.0,&
{'R2'},{'D7'},{'D3'},{'D2'},{'D1'},{'R3'},{'D6'},{'D4'},{'R1'},{'D5'},&,1.0,&
{'R2'},{'D7'},{'D3'},{'D2'},{'D4'},,,,,,&,1.0,&
{'R2'},{'D7'},{'D3'},{'D2'},{'D4'},{'D1'},{'R3'},{'R1'},,,&,1.0,&
{'R2'},{'D7'},{'D3'},{'D2'},{'D6'},{'D4'},{'D1'},{'D5'},{'R3'},{'R1'},&,1.0,&
{'R2'},{'D7'},{'D3'},{'D1'},,,,,,,&,1.0,&
{'R2'},{'D7'},{'D3'},{'D1'},{'R1'},,,,,,&,1.0,&
{'R2'},{'D7'},{'D3'},{'D1'},{'R1'},{'R3'},,,,,&,1.0,&
{'R2'},{'D7'},{'D3'},{'D1'},{'R3'},{'D4'},{'D2'},,,,&,1.0,&
{'R2'},{'D7'},{'D3'},{'D1'},{'R3'},{'R1'},{'D2'},{'D4'},{'D6'},,&,1.0,&
{'R2'},{'D7'},{'D3'},{'D1'},{'D4'},{'R3'},{'R1'},,,,&,1.0,&
{'R2'},{'D7'},{'D3'},{'D1'},{'D2'},,,,,,&,1.0,&
{'R2'},{'D7'},{'D3'},{'D1'},{'D2'},{'R3'},{'R1'},{'D5'},{'D4'},,&,1.0,&
{'R2'},{'D7'},{'D3'},{'D1'},{'D6'},{'D2'},{'D4'},{'D5'},{'R3'},{'R1'},&,1.0,&
{'R2'},{'D7'},{'D3'},{'R1'},{'R3'},{'D2'},{'D1'},{'D4'},,,&,1.0,&
{'R2'},{'D7'},{'D3'},{'R1'},{'D4'},,,,,,&,1.0,&
{'R2'},{'D7'},{'D3'},{'R1'},{'D2'},{'D1'},{'D4'},{'D6'},{'R3'},{'D5'},&,1.0,&
{'R2'},{'D7'},{'D3'},{'D4'},{'R3'},{'R1'},{'D2'},{'D1'},{'D5'},,&,1.0,&
{'R2'},{'D7'},{'D3'},{'D4'},{'R3'},{'D2'},{'R1'},{'D1'},{'D6'},{'D5'},&,1.0,&
{'R2'},{'D7'},{'D3'},{'D4'},{'D2'},,,,,,&,2.0,&
{'R2'},{'D7'},{'D3'},{'D4'},{'D2'},{'D1'},{'D6'},{'D5'},{'R3'},,&,1.0,&
{'R2'},{'D7'},{'D3'},{'D4'},{'D2'},{'D1'},{'R3'},{'R1'},{'D6'},{'D5'},&,1.0,&
{'R2'},{'D7'},{'D3'},{'D6'},{'R3'},{'D1'},{'R1'},{'D2'},{'D4'},{'D5'},&,1.0,&
{'R2'},{'D7'},{'D6'},,,,,,,,&,8.0,&
{'R2'},{'D7'},{'D6'},{'R3'},,,,,,,&,2.0,&
{'R2'},{'D7'},{'D6'},{'R3'},{'R1'},{'D4'},,,,,&,1.0,&
{'R2'},{'D7'},{'D6'},{'R3'},{'R1'},{'D2'},,,,,&,1.0,&
{'R2'},{'D7'},{'D6'},{'R3'},{'R1'},{'D2'},{'D1'},{'D4'},{'D3'},,&,1.0,&
{'R2'},{'D7'},{'D6'},{'R3'},{'D1'},{'R1'},{'D2'},{'D3'},{'D4'},{'D5'},&,1.0,&
{'R2'},{'D7'},{'D6'},{'R3'},{'D2'},,,,,,&,3.0,&
{'R2'},{'D7'},{'D6'},{'R3'},{'D3'},{'D2'},{'D1'},{'D5'},{'R1'},{'D4'},&,1.0,&
{'R2'},{'D7'},{'D6'},{'D2'},,,,,,,&,3.0,&
{'R2'},{'D7'},{'D6'},{'D2'},{'R3'},{'R1'},,,,,&,1.0,&
{'R2'},{'D7'},{'D6'},{'D2'},{'D1'},{'D4'},,,,,&,1.0,&
{'R2'},{'D7'},{'D6'},{'D2'},{'D1'},{'R3'},{'R1'},,,,&,1.0,&
{'R2'},{'D7'},{'D6'},{'D2'},{'D1'},{'R3'},{'D4'},{'R1'},{'D3'},{'D5'},&,1.0,&
{'R2'},{'D7'},{'D6'},{'D2'},{'D4'},{'D1'},{'R3'},{'R1'},{'D3'},{'D5'},&,1.0,&
{'R2'},{'D7'},{'D6'},{'D2'},{'D4'},{'R3'},{'D1'},{'D3'},{'R1'},,&,1.0,&
{'R2'},{'D7'},{'D6'},{'D2'},{'D3'},,,,,,&,1.0,&
{'R2'},{'D7'},{'D6'},{'D1'},,,,,,,&,1.0,&
{'R2'},{'D7'},{'D6'},{'D1'},{'R3'},{'R1'},{'D2'},,,,&,1.0,&
{'R2'},{'D7'},{'D6'},{'D1'},{'R3'},{'D2'},,,,,&,1.0,&
{'R2'},{'D7'},{'D6'},{'D1'},{'D3'},{'D2'},,,,,&,1.0,&
{'R2'},{'D7'},{'D6'},{'D1'},{'D3'},{'R3'},{'D4'},,,,&,1.0,&
{'R2'},{'D7'},{'D6'},{'R1'},{'R3'},{'D1'},{'D2'},{'D4'},{'D5'},{'D3'},&,1.0,&
{'R2'},{'D7'},{'D6'},{'R1'},{'D4'},{'D2'},{'R3'},{'D1'},{'D3'},{'D5'},&,1.0,&
{'R2'},{'D7'},{'D6'},{'R1'},{'D2'},{'D4'},{'D1'},{'D3'},,,&,1.0,&
{'R2'},{'D7'},{'D6'},{'D4'},,,,,,,&,2.0,&
{'R2'},{'D7'},{'D6'},{'D4'},{'R3'},{'D2'},{'D1'},,,,&,1.0,&
{'R2'},{'D7'},{'D6'},{'D4'},{'D3'},{'R3'},,,,,&,1.0,&
{'R2'},{'D7'},{'D6'},{'D3'},{'R3'},{'R1'},{'D2'},,,,&,1.0,&
{'R2'},{'D7'},{'D6'},{'D3'},{'R3'},{'D1'},,,,,&,1.0,&
{'R2'},{'D7'},{'D5'},,,,,,,,&,1.0,&
{'R2'},{'D7'},{'D5'},{'R3'},,,,,,,&,1.0,&
{'R2'},{'D7'},{'D5'},{'R3'},{'R1'},{'D4'},,,,,&,1.0,&
{'R2'},{'D7'},{'D5'},{'R3'},{'D1'},{'R1'},{'D2'},{'D4'},{'D3'},{'D6'},&,1.0,&
{'R2'},{'D7'},{'D5'},{'R3'},{'D4'},{'D2'},{'R1'},{'D3'},{'D1'},{'D6'},&,1.0,&
{'R2'},{'D7'},{'D5'},{'R3'},{'D2'},{'D1'},,,,,&,1.0,&
{'R2'},{'D7'},{'D5'},{'D2'},{'R3'},{'R1'},{'D3'},{'D1'},,,&,1.0,&
{'R2'},{'D7'},{'D5'},{'D2'},{'D3'},{'R3'},{'D1'},{'D6'},{'D4'},,&,1.0,&
{'R2'},{'D7'},{'D5'},{'R1'},{'R3'},{'D2'},{'D1'},,,,&,1.0,&
{'R2'},{'D7'},{'D5'},{'R1'},{'D2'},{'R3'},{'D3'},,,,&,1.0,&
{'R2'},{'D7'},{'D5'},{'D4'},{'R3'},{'D2'},{'R1'},{'D1'},{'D3'},{'D6'},&,1.0,&
{'R2'},{'D7'},{'D5'},{'D3'},{'D2'},{'R3'},{'D1'},{'R1'},,,&,1.0,&
{'R2'},{'D7'},{'D5'},{'D6'},{'D2'},{'R3'},,,,,&,1.0,&
{'R2'},{'D6'},{'R3'},,,,,,,,&,12.0,&
{'R2'},{'D6'},{'R3'},{'D2'},,,,,,,&,1.0,&
{'R2'},{'D6'},{'R3'},{'D2'},{'D7'},,,,,,&,3.0,&
{'R2'},{'D6'},{'R3'},{'D2'},{'R1'},{'D1'},{'D7'},{'D3'},,,&,1.0,&
{'R2'},{'D6'},{'R3'},{'D2'},{'R1'},{'D7'},{'D3'},{'D1'},,,&,1.0,&
{'R2'},{'D6'},{'R3'},{'D2'},{'D1'},,,,,,&,1.0,&
{'R2'},{'D6'},{'R3'},{'D2'},{'D1'},{'D7'},{'R1'},,,,&,1.0,&
{'R2'},{'D6'},{'R3'},{'D2'},{'D1'},{'D7'},{'D4'},,,,&,1.0,&
{'R2'},{'D6'},{'R3'},{'D2'},{'D4'},,,,,,&,2.0,&
{'R2'},{'D6'},{'R3'},{'D1'},,,,,,,&,2.0,&
{'R2'},{'D6'},{'R3'},{'D1'},{'D7'},{'R1'},{'D2'},{'D4'},{'D3'},{'D5'},&,1.0,&
{'R2'},{'D6'},{'R3'},{'D1'},{'R1'},{'D4'},{'D7'},,,,&,1.0,&
{'R2'},{'D6'},{'R3'},{'D1'},{'R1'},{'D7'},,,,,&,1.0,&
{'R2'},{'D6'},{'R3'},{'D1'},{'D2'},,,,,,&,1.0,&
{'R2'},{'D6'},{'R3'},{'D1'},{'D2'},{'D7'},{'R1'},{'D4'},,,&,1.0,&
{'R2'},{'D6'},{'R3'},{'D1'},{'D2'},{'D7'},{'D4'},{'R1'},{'D3'},,&,1.0,&
{'R2'},{'D6'},{'R3'},{'R1'},,,,,,,&,7.0,&
{'R2'},{'D6'},{'R3'},{'R1'},{'D7'},,,,,,&,2.0,&
{'R2'},{'D6'},{'R3'},{'R1'},{'D7'},{'D1'},{'D4'},{'D2'},{'D5'},,&,1.0,&
{'R2'},{'D6'},{'R3'},{'R1'},{'D1'},,,,,,&,4.0,&
{'R2'},{'D6'},{'R3'},{'R1'},{'D1'},{'D7'},,,,,&,1.0,&
{'R2'},{'D6'},{'R3'},{'R1'},{'D4'},{'D2'},{'D1'},{'D3'},{'D7'},{'D5'},&,1.0,&
{'R2'},{'D6'},{'R3'},{'R1'},{'D4'},{'D7'},{'D2'},,,,&,1.0,&
{'R2'},{'D6'},{'R3'},{'R1'},{'D2'},{'D4'},{'D7'},{'D1'},{'D5'},{'D3'},&,1.0,&
{'R2'},{'D6'},{'R3'},{'R1'},{'D2'},{'D1'},{'D7'},{'D3'},{'D4'},{'D5'},&,1.0,&
{'R2'},{'D6'},{'R3'},{'R1'},{'D2'},{'D1'},{'D7'},{'D4'},{'D3'},{'D5'},&,1.0,&
{'R2'},{'D6'},{'R3'},{'R1'},{'D2'},{'D7'},,,,,&,3.0,&
{'R2'},{'D6'},{'R3'},{'D7'},,,,,,,&,1.0,&
{'R2'},{'D6'},{'R3'},{'D7'},{'R1'},,,,,,&,2.0,&
{'R2'},{'D6'},{'R3'},{'D7'},{'R1'},{'D2'},{'D1'},,,,&,1.0,&
{'R2'},{'D6'},{'R3'},{'D7'},{'D1'},{'D2'},{'R1'},,,,&,1.0,&
{'R2'},{'D6'},{'R3'},{'D7'},{'D4'},,,,,,&,1.0,&
{'R2'},{'D6'},{'R3'},{'D7'},{'D4'},{'D2'},,,,,&,1.0,&
{'R2'},{'D6'},{'R3'},{'D7'},{'D2'},{'R1'},{'D1'},,,,&,1.0,&
{'R2'},{'D6'},{'R3'},{'D7'},{'D2'},{'D3'},{'D1'},{'R1'},,,&,1.0,&
{'R2'},{'D6'},{'R3'},{'D7'},{'D2'},{'D1'},{'D4'},,,,&,1.0,&
{'R2'},{'D6'},{'R3'},{'D4'},{'R1'},,,,,,&,1.0,&
{'R2'},{'D6'},{'R3'},{'D3'},{'R1'},,,,,,&,1.0,&
{'R2'},{'D6'},{'R3'},{'D5'},{'D7'},{'R1'},{'D4'},{'D3'},{'D1'},{'D2'},&,1.0,&
{'R2'},{'D6'},{'D1'},,,,,,,,&,7.0,&
{'R2'},{'D6'},{'D1'},{'R3'},,,,,,,&,1.0,&
{'R2'},{'D6'},{'D1'},{'R3'},{'D7'},{'D4'},{'R1'},{'D2'},,,&,1.0,&
{'R2'},{'D6'},{'D1'},{'R3'},{'D7'},{'R1'},{'D3'},{'D2'},{'D4'},{'D5'},&,1.0,&
{'R2'},{'D6'},{'D1'},{'R3'},{'D7'},{'D2'},{'D4'},,,,&,1.0,&
{'R2'},{'D6'},{'D1'},{'R3'},{'R1'},{'D4'},{'D2'},{'D7'},{'D3'},,&,1.0,&
{'R2'},{'D6'},{'D1'},{'R3'},{'R1'},{'D3'},{'D2'},{'D7'},{'D4'},,&,1.0,&
{'R2'},{'D6'},{'D1'},{'R3'},{'D2'},{'D3'},{'D7'},{'D4'},{'D5'},{'R1'},&,1.0,&
{'R2'},{'D6'},{'D1'},{'R3'},{'D3'},{'R1'},{'D7'},{'D2'},,,&,1.0,&
{'R2'},{'D6'},{'D1'},{'D2'},{'D7'},{'D4'},{'R1'},,,,&,1.0,&
{'R2'},{'D6'},{'D1'},{'D2'},{'D7'},{'D4'},{'R1'},{'D3'},{'D5'},{'R3'},&,1.0,&
{'R2'},{'D6'},{'D1'},{'D2'},{'D7'},{'R3'},{'D3'},,,,&,1.0,&
{'R2'},{'D6'},{'D1'},{'D2'},{'D4'},{'R1'},{'R3'},{'D3'},,,&,1.0,&
{'R2'},{'D6'},{'D1'},{'D7'},{'R1'},,,,,,&,1.0,&
{'R2'},{'D6'},{'D1'},{'D7'},{'R3'},{'R1'},,,,,&,1.0,&
{'R2'},{'D6'},{'D1'},{'D7'},{'R3'},{'R1'},{'D4'},{'D3'},{'D2'},{'D5'},&,1.0,&
{'R2'},{'D6'},{'D1'},{'D7'},{'R3'},{'D2'},{'R1'},{'D3'},,,&,1.0,&
{'R2'},{'D6'},{'D1'},{'D4'},,,,,,,&,1.0,&
{'R2'},{'D6'},{'D1'},{'D4'},{'D7'},{'R3'},,,,,&,1.0,&
{'R2'},{'D6'},{'D1'},{'D4'},{'R3'},{'D2'},{'R1'},,,,&,1.0,&
{'R2'},{'D6'},{'D1'},{'D4'},{'D3'},{'R3'},{'R1'},{'D2'},,,&,1.0,&
{'R2'},{'D6'},{'D1'},{'D3'},{'D7'},{'R3'},{'D2'},,,,&,1.0,&
{'R2'},{'D6'},{'D4'},,,,,,,,&,1.0,&
{'R2'},{'D6'},{'D4'},{'R3'},{'D1'},,,,,,&,1.0,&
{'R2'},{'D6'},{'D4'},{'R3'},{'D1'},{'D2'},{'D5'},{'D7'},,,&,1.0,&
{'R2'},{'D6'},{'D4'},{'R3'},{'D1'},{'D7'},,,,,&,1.0,&
{'R2'},{'D6'},{'D4'},{'R3'},{'D2'},{'D1'},{'D7'},,,,&,1.0,&
{'R2'},{'D6'},{'D4'},{'R3'},{'D2'},{'D1'},{'D7'},{'D3'},{'D5'},{'R1'},&,1.0,&
{'R2'},{'D6'},{'D4'},{'R3'},{'D2'},{'D1'},{'R1'},,,,&,1.0,&
{'R2'},{'D6'},{'D4'},{'D2'},,,,,,,&,1.0,&
{'R2'},{'D6'},{'D4'},{'D2'},{'D7'},{'D1'},,,,,&,1.0,&
{'R2'},{'D6'},{'D4'},{'D1'},{'R3'},,,,,,&,1.0,&
{'R2'},{'D6'},{'D4'},{'R1'},{'D7'},,,,,,&,1.0,&
{'R2'},{'D6'},{'D4'},{'D7'},{'R1'},{'D3'},{'R3'},{'D1'},{'D2'},,&,1.0,&
{'R2'},{'D6'},{'D4'},{'D7'},{'R3'},{'D2'},{'R1'},{'D1'},{'D3'},{'D5'},&,1.0,&
{'R2'},{'D6'},,,,,,,,,&,12.0,&
{'R2'},{'D6'},{'D7'},,,,,,,,&,6.0,&
{'R2'},{'D6'},{'D7'},{'R3'},,,,,,,&,2.0,&
{'R2'},{'D6'},{'D7'},{'R3'},{'R1'},,,,,,&,1.0,&
{'R2'},{'D6'},{'D7'},{'R3'},{'R1'},{'D2'},,,,,&,1.0,&
{'R2'},{'D6'},{'D7'},{'R3'},{'R1'},{'D2'},{'D4'},,,,&,1.0,&
{'R2'},{'D6'},{'D7'},{'R3'},{'D1'},,,,,,&,2.0,&
{'R2'},{'D6'},{'D7'},{'R3'},{'D1'},{'R1'},{'D2'},{'D4'},{'D3'},{'D5'},&,1.0,&
{'R2'},{'D6'},{'D7'},{'R3'},{'D1'},{'D2'},{'R1'},{'D3'},{'D4'},,&,1.0,&
{'R2'},{'D6'},{'D7'},{'R3'},{'D1'},{'D2'},{'D4'},{'R1'},,,&,1.0,&
{'R2'},{'D6'},{'D7'},{'R3'},{'D4'},{'D1'},{'D2'},{'D5'},{'R1'},,&,1.0,&
{'R2'},{'D6'},{'D7'},{'D2'},,,,,,,&,1.0,&
{'R2'},{'D6'},{'D7'},{'D2'},{'R1'},{'R3'},{'D3'},{'D1'},,,&,1.0,&
{'R2'},{'D6'},{'D7'},{'D2'},{'R3'},{'D3'},{'D1'},{'D4'},,,&,1.0,&
{'R2'},{'D6'},{'D7'},{'D2'},{'D1'},,,,,,&,1.0,&
{'R2'},{'D6'},{'D7'},{'D2'},{'D1'},{'D4'},{'R3'},{'D3'},{'D5'},,&,1.0,&
{'R2'},{'D6'},{'D7'},{'D2'},{'D1'},{'D3'},{'R3'},{'R1'},{'D4'},{'D5'},&,1.0,&
{'R2'},{'D6'},{'D7'},{'D1'},{'R1'},{'D2'},,,,,&,1.0,&
{'R2'},{'D6'},{'D7'},{'D1'},{'R1'},{'D2'},{'R3'},{'D3'},{'D4'},{'D5'},&,1.0,&
{'R2'},{'D6'},{'D7'},{'D1'},{'R3'},{'D3'},{'D4'},,,,&,1.0,&
{'R2'},{'D6'},{'D7'},{'D1'},{'D4'},{'D3'},{'D2'},{'R1'},{'D5'},{'R3'},&,1.0,&
{'R2'},{'D6'},{'D7'},{'D1'},{'D2'},{'D4'},{'R3'},{'R1'},{'D3'},{'D5'},&,1.0,&
{'R2'},{'D6'},{'D7'},{'R1'},{'D1'},{'R3'},,,,,&,1.0,&
{'R2'},{'D6'},{'D7'},{'R1'},{'D2'},{'D1'},{'D4'},{'D3'},{'R3'},,&,1.0,&
{'R2'},{'D6'},{'D7'},{'D4'},{'R3'},{'R1'},{'D2'},{'D1'},{'D5'},{'D3'},&,1.0,&
{'R2'},{'D6'},{'D7'},{'D4'},{'D1'},{'R3'},{'R1'},{'D2'},{'D3'},{'D5'},&,1.0,&
{'R2'},{'D6'},{'D7'},{'D4'},{'D2'},{'D1'},,,,,&,1.0,&
{'R2'},{'D6'},{'D7'},{'D4'},{'D2'},{'R3'},{'D1'},{'R1'},{'D3'},{'D5'},&,1.0,&
{'R2'},{'D6'},{'D7'},{'D3'},{'R3'},,,,,,&,1.0,&
{'R2'},{'D6'},{'D7'},{'D3'},{'D1'},{'R3'},{'R1'},{'D2'},{'D4'},{'D5'},&,1.0,&
{'R2'},{'D6'},{'D7'},{'D3'},{'D2'},,,,,,&,1.0,&
{'R2'},{'D6'},{'R1'},,,,,,,,&,3.0,&
{'R2'},{'D6'},{'R1'},{'R3'},,,,,,,&,2.0,&
{'R2'},{'D6'},{'R1'},{'R3'},{'D7'},{'D2'},,,,,&,1.0,&
{'R2'},{'D6'},{'R1'},{'R3'},{'D7'},{'D1'},,,,,&,1.0,&
{'R2'},{'D6'},{'R1'},{'R3'},{'D2'},{'D1'},{'D5'},{'D7'},{'D4'},{'D3'},&,1.0,&
{'R2'},{'D6'},{'R1'},{'D4'},{'R3'},,,,,,&,1.0,&
{'R2'},{'D6'},{'D2'},,,,,,,,&,13.0,&
{'R2'},{'D6'},{'D2'},{'R3'},,,,,,,&,1.0,&
{'R2'},{'D6'},{'D2'},{'R3'},{'D7'},{'R1'},{'D1'},,,,&,1.0,&
{'R2'},{'D6'},{'D2'},{'R3'},{'D7'},{'D3'},{'R1'},{'D1'},{'D5'},,&,1.0,&
{'R2'},{'D6'},{'D2'},{'R3'},{'R1'},,,,,,&,1.0,&
{'R2'},{'D6'},{'D2'},{'R3'},{'R1'},{'D3'},{'D7'},{'D5'},{'D1'},,&,1.0,&
{'R2'},{'D6'},{'D2'},{'R3'},{'R1'},{'D1'},,,,,&,1.0,&
{'R2'},{'D6'},{'D2'},{'R3'},{'R1'},{'D1'},{'D3'},{'D7'},,,&,1.0,&
{'R2'},{'D6'},{'D2'},{'R3'},{'R1'},{'D7'},{'D1'},{'D4'},{'D3'},{'D5'},&,1.0,&
{'R2'},{'D6'},{'D2'},{'R3'},{'D1'},{'R1'},{'D7'},{'D4'},,,&,1.0,&
{'R2'},{'D6'},{'D2'},{'R3'},{'D1'},{'D7'},,,,,&,1.0,&
{'R2'},{'D6'},{'D2'},{'R3'},{'D1'},{'D7'},{'D3'},{'D4'},{'R1'},{'D5'},&,1.0,&
{'R2'},{'D6'},{'D2'},{'R3'},{'D4'},{'D7'},{'D1'},{'R1'},{'D3'},,&,1.0,&
{'R2'},{'D6'},{'D2'},{'R3'},{'D3'},{'D1'},,,,,&,1.0,&
{'R2'},{'D6'},{'D2'},{'D1'},{'D7'},,,,,,&,1.0,&
{'R2'},{'D6'},{'D2'},{'D1'},{'D7'},{'D4'},,,,,&,1.0,&
{'R2'},{'D6'},{'D2'},{'D1'},{'D7'},{'D3'},{'R3'},{'R1'},{'D4'},,&,1.0,&
{'R2'},{'D6'},{'D2'},{'D1'},{'D7'},{'R3'},{'R1'},{'D4'},,,&,1.0,&
{'R2'},{'D6'},{'D2'},{'D1'},{'D4'},,,,,,&,1.0,&
{'R2'},{'D6'},{'D2'},{'D1'},{'D4'},{'R3'},{'D7'},{'D3'},,,&,1.0,&
{'R2'},{'D6'},{'D2'},{'R1'},{'R3'},{'D7'},,,,,&,1.0,&
{'R2'},{'D6'},{'D2'},{'D7'},{'R3'},{'D4'},{'D3'},{'D1'},{'D5'},{'R1'},&,1.0,&
{'R2'},{'D6'},{'D2'},{'D7'},{'R3'},{'D4'},{'R1'},{'D1'},{'D5'},{'D3'},&,1.0,&
{'R2'},{'D6'},{'D2'},{'D7'},{'R3'},{'R1'},{'D1'},,,,&,1.0,&
{'R2'},{'D6'},{'D2'},{'D7'},{'R3'},{'R1'},{'D4'},{'D3'},{'D1'},{'D5'},&,1.0,&
{'R2'},{'D6'},{'D2'},{'D7'},{'R3'},{'D1'},{'D4'},{'R1'},{'D3'},{'D5'},&,1.0,&
{'R2'},{'D6'},{'D2'},{'D7'},{'D1'},{'D4'},,,,,&,1.0,&
{'R2'},{'D6'},{'D2'},{'D7'},{'D1'},{'R1'},,,,,&,1.0,&
{'R2'},{'D6'},{'D2'},{'D7'},{'D1'},{'R3'},{'D3'},{'D5'},,,&,1.0,&
{'R2'},{'D6'},{'D2'},{'D4'},,,,,,,&,2.0,&
{'R2'},{'D6'},{'D2'},{'D4'},{'R3'},{'R1'},{'D1'},{'D7'},,,&,1.0,&
{'R2'},{'D6'},{'D2'},{'D4'},{'D1'},{'R3'},{'D7'},{'D3'},{'D5'},{'R1'},&,1.0,&
{'R2'},{'D6'},{'D2'},{'D5'},,,,,,,&,1.0,&
{'R2'},{'D6'},{'D2'},{'D5'},{'R3'},,,,,,&,1.0,&
{'R2'},{'D6'},{'D3'},,,,,,,,&,1.0,&
{'R2'},{'D6'},{'D3'},{'R3'},{'D4'},{'D2'},{'D1'},{'D7'},{'D5'},,&,1.0,&
{'R2'},{'D6'},{'D3'},{'D1'},{'D7'},,,,,,&,1.0,&
{'R2'},{'D6'},{'D3'},{'D1'},{'D5'},,,,,,&,1.0,&
{'R1'},{'D2'},{'R3'},,,,,,,,&,16.0,&
{'R1'},{'D2'},{'R3'},{'D1'},{'D7'},,,,,,&,2.0,&
{'R1'},{'D2'},{'R3'},{'D1'},{'D7'},{'D4'},{'R2'},{'D6'},{'D3'},,&,1.0,&
{'R1'},{'D2'},{'R3'},{'D1'},{'D7'},{'D4'},{'D6'},{'R2'},,,&,1.0,&
{'R1'},{'D2'},{'R3'},{'D1'},{'D7'},{'D3'},{'R2'},{'D4'},,,&,1.0,&
{'R1'},{'D2'},{'R3'},{'D1'},{'D7'},{'R2'},,,,,&,2.0,&
{'R1'},{'D2'},{'R3'},{'D1'},{'R2'},,,,,,&,2.0,&
{'R1'},{'D2'},{'R3'},{'D1'},{'R2'},{'D4'},{'D7'},{'D5'},{'D6'},,&,1.0,&
{'R1'},{'D2'},{'R3'},{'D1'},{'R2'},{'D7'},,,,,&,1.0,&
{'R1'},{'D2'},{'R3'},{'D1'},{'R2'},{'D7'},{'D4'},,,,&,1.0,&
{'R1'},{'D2'},{'R3'},{'D1'},{'R2'},{'D7'},{'D4'},{'D3'},{'D6'},{'D5'},&,1.0,&
{'R1'},{'D2'},{'R3'},{'D1'},{'R2'},{'D7'},{'D6'},,,,&,1.0,&
{'R1'},{'D2'},{'R3'},{'D1'},{'R2'},{'D7'},{'D6'},{'D3'},{'D4'},,&,1.0,&
{'R1'},{'D2'},{'R3'},{'D1'},{'D4'},,,,,,&,1.0,&
{'R1'},{'D2'},{'R3'},{'D1'},{'D4'},{'D7'},,,,,&,1.0,&
{'R1'},{'D2'},{'R3'},{'D1'},{'D4'},{'D7'},{'R2'},,,,&,1.0,&
{'R1'},{'D2'},{'R3'},{'D1'},{'D3'},{'D4'},{'D7'},{'R2'},,,&,1.0,&
{'R1'},{'D2'},{'R3'},{'D1'},{'D3'},{'D7'},{'D6'},{'D4'},{'D5'},,&,1.0,&
{'R1'},{'D2'},{'R3'},{'D1'},{'D3'},{'R2'},{'D4'},{'D6'},{'D7'},,&,1.0,&
{'R1'},{'D2'},{'R3'},{'D1'},{'D3'},{'D6'},{'R2'},{'D5'},,,&,1.0,&
{'R1'},{'D2'},{'R3'},{'R2'},,,,,,,&,8.0,&
{'R1'},{'D2'},{'R3'},{'R2'},{'D7'},,,,,,&,4.0,&
{'R1'},{'D2'},{'R3'},{'R2'},{'D7'},{'D4'},,,,,&,1.0,&
{'R1'},{'D2'},{'R3'},{'R2'},{'D7'},{'D4'},{'D3'},{'D1'},{'D6'},{'D5'},&,1.0,&
{'R1'},{'D2'},{'R3'},{'R2'},{'D7'},{'D4'},{'D1'},{'D3'},{'D6'},{'D5'},&,1.0,&
{'R1'},{'D2'},{'R3'},{'R2'},{'D7'},{'D3'},{'D4'},{'D1'},{'D6'},,&,1.0,&
{'R1'},{'D2'},{'R3'},{'R2'},{'D7'},{'D1'},,,,,&,1.0,&
{'R1'},{'D2'},{'R3'},{'R2'},{'D7'},{'D1'},{'D3'},{'D4'},{'D6'},{'D5'},&,1.0,&
{'R1'},{'D2'},{'R3'},{'R2'},{'D7'},{'D1'},{'D4'},,,,&,1.0,&
{'R1'},{'D2'},{'R3'},{'R2'},{'D7'},{'D5'},,,,,&,1.0,&
{'R1'},{'D2'},{'R3'},{'R2'},{'D7'},{'D5'},{'D1'},,,,&,1.0,&
{'R1'},{'D2'},{'R3'},{'R2'},{'D1'},{'D3'},,,,,&,1.0,&
{'R1'},{'D2'},{'R3'},{'R2'},{'D1'},{'D3'},{'D7'},{'D6'},,,&,1.0,&
{'R1'},{'D2'},{'R3'},{'R2'},{'D1'},{'D7'},{'D3'},{'D5'},{'D4'},{'D6'},&,1.0,&
{'R1'},{'D2'},{'R3'},{'R2'},{'D1'},{'D7'},{'D3'},{'D6'},{'D5'},{'D4'},&,1.0,&
{'R1'},{'D2'},{'R3'},{'R2'},{'D1'},{'D7'},{'D3'},{'D4'},{'D6'},,&,1.0,&
{'R1'},{'D2'},{'R3'},{'R2'},{'D1'},{'D7'},{'D4'},{'D6'},{'D3'},,&,1.0,&
{'R1'},{'D2'},{'R3'},{'R2'},{'D1'},{'D7'},{'D4'},{'D6'},{'D3'},{'D5'},&,1.0,&
{'R1'},{'D2'},{'R3'},{'R2'},{'D4'},,,,,,&,3.0,&
{'R1'},{'D2'},{'R3'},{'R2'},{'D4'},{'D7'},,,,,&,1.0,&
{'R1'},{'D2'},{'R3'},{'R2'},{'D4'},{'D7'},{'D1'},,,,&,1.0,&
{'R1'},{'D2'},{'R3'},{'R2'},{'D6'},{'D7'},,,,,&,1.0,&
{'R1'},{'D2'},{'R3'},{'R2'},{'D5'},{'D4'},,,,,&,1.0,&
{'R1'},{'D2'},{'R3'},{'D7'},,,,,,,&,2.0,&
{'R1'},{'D2'},{'R3'},{'D7'},{'D1'},{'D4'},{'R2'},,,,&,2.0,&
{'R1'},{'D2'},{'R3'},{'D7'},{'D1'},{'D4'},{'R2'},{'D3'},{'D6'},,&,1.0,&
{'R1'},{'D2'},{'R3'},{'D7'},{'D1'},{'D3'},{'R2'},,,,&,1.0,&
{'R1'},{'D2'},{'R3'},{'D7'},{'D1'},{'R2'},{'D3'},{'D5'},{'D4'},{'D6'},&,1.0,&
{'R1'},{'D2'},{'R3'},{'D7'},{'D1'},{'R2'},{'D3'},{'D4'},{'D5'},,&,1.0,&
{'R1'},{'D2'},{'R3'},{'D7'},{'D1'},{'R2'},{'D3'},{'D4'},{'D5'},{'D6'},&,1.0,&
{'R1'},{'D2'},{'R3'},{'D7'},{'D1'},{'R2'},{'D4'},{'D6'},,,&,1.0,&
{'R1'},{'D2'},{'R3'},{'D7'},{'D1'},{'D6'},,,,,&,1.0,&
{'R1'},{'D2'},{'R3'},{'D7'},{'R2'},,,,,,&,2.0,&
{'R1'},{'D2'},{'R3'},{'D7'},{'R2'},{'D4'},{'D6'},{'D1'},,,&,1.0,&
{'R1'},{'D2'},{'R3'},{'D7'},{'R2'},{'D1'},,,,,&,1.0,&
{'R1'},{'D2'},{'R3'},{'D7'},{'R2'},{'D1'},{'D4'},,,,&,2.0,&
{'R1'},{'D2'},{'R3'},{'D7'},{'R2'},{'D1'},{'D4'},{'D6'},,,&,1.0,&
{'R1'},{'D2'},{'R3'},{'D7'},{'R2'},{'D6'},{'D4'},,,,&,1.0,&
{'R1'},{'D2'},{'R3'},{'D7'},{'D4'},{'D3'},,,,,&,1.0,&
{'R1'},{'D2'},{'R3'},{'D7'},{'D4'},{'D1'},{'R2'},,,,&,1.0,&
{'R1'},{'D2'},{'R3'},{'D7'},{'D4'},{'R2'},{'D3'},{'D1'},{'D6'},{'D5'},&,1.0,&
{'R1'},{'D2'},{'R3'},{'D7'},{'D3'},{'R2'},{'D1'},{'D4'},{'D6'},{'D5'},&,1.0,&
{'R1'},{'D2'},{'R3'},{'D7'},{'D3'},{'R2'},{'D4'},{'D1'},,,&,1.0,&
{'R1'},{'D2'},{'R3'},{'D4'},,,,,,,&,1.0,&
{'R1'},{'D2'},{'R3'},{'D4'},{'D7'},,,,,,&,1.0,&
{'R1'},{'D2'},{'R3'},{'D4'},{'D7'},{'D1'},,,,,&,1.0,&
{'R1'},{'D2'},{'R3'},{'D4'},{'D1'},,,,,,&,1.0,&
{'R1'},{'D2'},{'R3'},{'D4'},{'R2'},,,,,,&,1.0,&
{'R1'},{'D2'},{'R3'},{'D4'},{'R2'},{'D3'},{'D7'},{'D1'},,,&,1.0,&
{'R1'},{'D2'},{'R3'},{'D4'},{'D3'},{'D7'},{'D1'},,,,&,1.0,&
{'R1'},{'D2'},{'R3'},{'D3'},{'D7'},{'D4'},{'R2'},{'D1'},{'D5'},,&,1.0,&
{'R1'},{'D2'},{'R3'},{'D3'},{'R2'},,,,,,&,2.0,&
{'R1'},{'D2'},{'R3'},{'D3'},{'R2'},{'D7'},{'D1'},{'D4'},,,&,1.0,&
{'R1'},{'D2'},{'R3'},{'D3'},{'D4'},{'D7'},{'D1'},{'R2'},,,&,1.0,&
{'R1'},{'D2'},{'R3'},{'D6'},{'D7'},{'D4'},{'R2'},,,,&,1.0,&
{'R1'},{'D2'},{'R2'},,,,,,,,&,17.0,&
{'R1'},{'D2'},{'R2'},{'R3'},,,,,,,&,4.0,&
{'R1'},{'D2'},{'R2'},{'R3'},{'D7'},{'D3'},,,,,&,1.0,&
{'R1'},{'D2'},{'R2'},{'R3'},{'D7'},{'D3'},{'D1'},{'D4'},{'D6'},{'D5'},&,1.0,&
{'R1'},{'D2'},{'R2'},{'R3'},{'D7'},{'D1'},,,,,&,2.0,&
{'R1'},{'D2'},{'R2'},{'R3'},{'D7'},{'D1'},{'D4'},,,,&,1.0,&
{'R1'},{'D2'},{'R2'},{'R3'},{'D7'},{'D1'},{'D4'},{'D6'},{'D3'},,&,1.0,&
{'R1'},{'D2'},{'R2'},{'R3'},{'D7'},{'D1'},{'D6'},{'D4'},,,&,1.0,&
{'R1'},{'D2'},{'R2'},{'R3'},{'D7'},{'D6'},{'D1'},{'D4'},{'D5'},{'D3'},&,1.0,&
{'R1'},{'D2'},{'R2'},{'R3'},{'D1'},{'D7'},,,,,&,2.0,&
{'R1'},{'D2'},{'R2'},{'R3'},{'D1'},{'D7'},{'D4'},,,,&,1.0,&
{'R1'},{'D2'},{'R2'},{'R3'},{'D1'},{'D7'},{'D6'},,,,&,1.0,&
{'R1'},{'D2'},{'R2'},{'R3'},{'D4'},,,,,,&,1.0,&
{'R1'},{'D2'},{'R2'},{'R3'},{'D4'},{'D1'},{'D7'},,,,&,1.0,&
{'R1'},{'D2'},{'R2'},{'R3'},{'D6'},{'D4'},{'D3'},,,,&,1.0,&
{'R1'},{'D2'},{'R2'},{'R3'},{'D6'},{'D3'},{'D7'},{'D1'},,,&,1.0,&
{'R1'},{'D2'},{'R2'},{'R3'},{'D3'},{'D7'},{'D1'},{'D4'},{'D5'},{'D6'},&,1.0,&
{'R1'},{'D2'},{'R2'},{'D1'},,,,,,,&,1.0,&
{'R1'},{'D2'},{'R2'},{'D1'},{'D7'},,,,,,&,1.0,&
{'R1'},{'D2'},{'R2'},{'D1'},{'D7'},{'R3'},,,,,&,1.0,&
{'R1'},{'D2'},{'R2'},{'D1'},{'D7'},{'R3'},{'D5'},{'D4'},{'D3'},{'D6'},&,1.0,&
{'R1'},{'D2'},{'R2'},{'D1'},{'R3'},,,,,,&,1.0,&
{'R1'},{'D2'},{'R2'},{'D1'},{'R3'},{'D7'},,,,,&,1.0,&
{'R1'},{'D2'},{'R2'},{'D1'},{'R3'},{'D7'},{'D3'},,,,&,1.0,&
{'R1'},{'D2'},{'R2'},{'D1'},{'R3'},{'D6'},{'D7'},{'D5'},,,&,1.0,&
{'R1'},{'D2'},{'R2'},{'D1'},{'D4'},,,,,,&,2.0,&
{'R1'},{'D2'},{'R2'},{'D1'},{'D3'},,,,,,&,1.0,&
{'R1'},{'D2'},{'R2'},{'D7'},,,,,,,&,2.0,&
{'R1'},{'D2'},{'R2'},{'D7'},{'R3'},,,,,,&,3.0,&
{'R1'},{'D2'},{'R2'},{'D7'},{'D1'},,,,,,&,1.0,&
{'R1'},{'D2'},{'R2'},{'D7'},{'D1'},{'D4'},{'D6'},{'R3'},{'D3'},{'D5'},&,1.0,&
{'R1'},{'D2'},{'R2'},{'D7'},{'D1'},{'D3'},{'R3'},{'D4'},{'D5'},{'D6'},&,1.0,&
{'R1'},{'D2'},{'R2'},{'D7'},{'D1'},{'R3'},{'D4'},{'D6'},,,&,1.0,&
{'R1'},{'D2'},{'R2'},{'D7'},{'D1'},{'R3'},{'D4'},{'D6'},{'D5'},{'D3'},&,1.0,&
{'R1'},{'D2'},{'R2'},{'D7'},{'D1'},{'D6'},{'R3'},,,,&,1.0,&
{'R1'},{'D2'},{'R2'},{'D7'},{'D1'},{'D6'},{'R3'},{'D4'},{'D5'},,&,1.0,&
{'R1'},{'D2'},{'R2'},{'D7'},{'D4'},{'D6'},{'R3'},{'D1'},,,&,1.0,&
{'R1'},{'D2'},{'R2'},{'D7'},{'D3'},{'R3'},{'D1'},,,,&,1.0,&
{'R1'},{'D2'},{'R2'},{'D4'},,,,,,,&,1.0,&
{'R1'},{'D2'},{'R2'},{'D4'},{'D7'},,,,,,&,1.0,&
{'R1'},{'D2'},{'R2'},{'D4'},{'D7'},{'D1'},{'D3'},{'D6'},{'R3'},,&,1.0,&
{'R1'},{'D2'},{'R2'},{'D4'},{'D7'},{'D1'},{'R3'},{'D5'},,,&,1.0,&
{'R1'},{'D2'},{'R2'},{'D4'},{'D7'},{'R3'},,,,,&,1.0,&
{'R1'},{'D2'},{'R2'},{'D4'},{'D7'},{'R3'},{'D1'},{'D3'},,,&,1.0,&
{'R1'},{'D2'},{'R2'},{'D4'},{'R3'},,,,,,&,1.0,&
{'R1'},{'D2'},{'R2'},{'D4'},{'R3'},{'D7'},{'D1'},,,,&,1.0,&
{'R1'},{'D2'},{'R2'},{'D4'},{'R3'},{'D7'},{'D5'},,,,&,1.0,&
{'R1'},{'D2'},{'R2'},{'D4'},{'D1'},{'D7'},{'D3'},{'D6'},{'R3'},{'D5'},&,1.0,&
{'R1'},{'D2'},{'R2'},{'D3'},,,,,,,&,1.0,&
{'R1'},{'D2'},{'R2'},{'D6'},,,,,,,&,1.0,&
{'R1'},{'D2'},{'R2'},{'D6'},{'R3'},,,,,,&,1.0,&
{'R1'},{'D2'},{'R2'},{'D6'},{'R3'},{'D1'},{'D7'},{'D3'},,,&,1.0,&
{'R1'},{'D2'},{'R2'},{'D6'},{'R3'},{'D7'},{'D1'},,,,&,1.0,&
{'R1'},{'D2'},{'R2'},{'D5'},{'R3'},,,,,,&,1.0,&
{'R1'},{'D2'},{'D1'},,,,,,,,&,18.0,&
{'R1'},{'D2'},{'D1'},{'R3'},,,,,,,&,5.0,&
{'R1'},{'D2'},{'D1'},{'R3'},{'D7'},,,,,,&,1.0,&
{'R1'},{'D2'},{'D1'},{'R3'},{'D7'},{'D4'},,,,,&,1.0,&
{'R1'},{'D2'},{'D1'},{'R3'},{'D7'},{'D4'},{'D5'},{'R2'},,,&,1.0,&
{'R1'},{'D2'},{'D1'},{'R3'},{'D7'},{'D4'},{'R2'},,,,&,1.0,&
{'R1'},{'D2'},{'D1'},{'R3'},{'D7'},{'D4'},{'D6'},{'R2'},,,&,1.0,&
{'R1'},{'D2'},{'D1'},{'R3'},{'D7'},{'R2'},{'D3'},{'D4'},{'D6'},,&,1.0,&
{'R1'},{'D2'},{'D1'},{'R3'},{'D7'},{'R2'},{'D4'},,,,&,1.0,&
{'R1'},{'D2'},{'D1'},{'R3'},{'D7'},{'D6'},{'D4'},{'D3'},,,&,1.0,&
{'R1'},{'D2'},{'D1'},{'R3'},{'R2'},,,,,,&,2.0,&
{'R1'},{'D2'},{'D1'},{'R3'},{'R2'},{'D4'},{'D7'},{'D3'},,,&,1.0,&
{'R1'},{'D2'},{'D1'},{'R3'},{'R2'},{'D3'},{'D4'},{'D7'},{'D6'},{'D5'},&,1.0,&
{'R1'},{'D2'},{'D1'},{'R3'},{'R2'},{'D7'},{'D3'},{'D4'},{'D5'},{'D6'},&,1.0,&
{'R1'},{'D2'},{'D1'},{'R3'},{'R2'},{'D7'},{'D4'},,,,&,1.0,&
{'R1'},{'D2'},{'D1'},{'R3'},{'R2'},{'D7'},{'D4'},{'D6'},{'D3'},{'D5'},&,2.0,&
{'R1'},{'D2'},{'D1'},{'R3'},{'D4'},{'D7'},{'R2'},,,,&,1.0,&
{'R1'},{'D2'},{'D1'},{'R3'},{'D3'},{'D4'},,,,,&,1.0,&
{'R1'},{'D2'},{'D1'},{'R2'},,,,,,,&,3.0,&
{'R1'},{'D2'},{'D1'},{'R2'},{'D7'},{'D4'},,,,,&,1.0,&
{'R1'},{'D2'},{'D1'},{'R2'},{'D7'},{'D3'},{'R3'},{'D6'},{'D4'},{'D5'},&,1.0,&
{'R1'},{'D2'},{'D1'},{'R2'},{'D7'},{'R3'},{'D4'},{'D3'},,,&,1.0,&
{'R1'},{'D2'},{'D1'},{'R2'},{'D7'},{'R3'},{'D4'},{'D3'},{'D5'},{'D6'},&,1.0,&
{'R1'},{'D2'},{'D1'},{'R2'},{'D7'},{'D6'},{'D4'},,,,&,1.0,&
{'R1'},{'D2'},{'D1'},{'R2'},{'D7'},{'D6'},{'R3'},{'D4'},,,&,1.0,&
{'R1'},{'D2'},{'D1'},{'R2'},{'R3'},,,,,,&,2.0,&
{'R1'},{'D2'},{'D1'},{'R2'},{'R3'},{'D4'},{'D7'},,,,&,1.0,&
{'R1'},{'D2'},{'D1'},{'R2'},{'R3'},{'D3'},{'D7'},,,,&,1.0,&
{'R1'},{'D2'},{'D1'},{'R2'},{'R3'},{'D3'},{'D4'},{'D7'},{'D6'},{'D5'},&,1.0,&
{'R1'},{'D2'},{'D1'},{'R2'},{'R3'},{'D7'},,,,,&,2.0,&
{'R1'},{'D2'},{'D1'},{'R2'},{'R3'},{'D7'},{'D4'},{'D6'},{'D3'},,&,1.0,&
{'R1'},{'D2'},{'D1'},{'R2'},{'D4'},,,,,,&,1.0,&
{'R1'},{'D2'},{'D1'},{'D7'},,,,,,,&,2.0,&
{'R1'},{'D2'},{'D1'},{'D7'},{'R3'},,,,,,&,2.0,&
{'R1'},{'D2'},{'D1'},{'D7'},{'R3'},{'D4'},{'D3'},{'D6'},,,&,1.0,&
{'R1'},{'D2'},{'D1'},{'D7'},{'R3'},{'D4'},{'R2'},,,,&,1.0,&
{'R1'},{'D2'},{'D1'},{'D7'},{'R3'},{'D3'},{'D4'},,,,&,1.0,&
{'R1'},{'D2'},{'D1'},{'D7'},{'R3'},{'D3'},{'R2'},,,,&,1.0,&
{'R1'},{'D2'},{'D1'},{'D7'},{'R3'},{'R2'},,,,,&,2.0,&
{'R1'},{'D2'},{'D1'},{'D7'},{'R3'},{'R2'},{'D4'},,,,&,1.0,&
{'R1'},{'D2'},{'D1'},{'D7'},{'R3'},{'R2'},{'D4'},{'D6'},{'D3'},{'D5'},&,1.0,&
{'R1'},{'D2'},{'D1'},{'D7'},{'R3'},{'R2'},{'D6'},{'D3'},{'D4'},{'D5'},&,1.0,&
{'R1'},{'D2'},{'D1'},{'D7'},{'R3'},{'R2'},{'D6'},{'D4'},{'D3'},{'D5'},&,1.0,&
{'R1'},{'D2'},{'D1'},{'D7'},{'R3'},{'D6'},{'D4'},{'D3'},,,&,1.0,&
{'R1'},{'D2'},{'D1'},{'D7'},{'R2'},,,,,,&,2.0,&
{'R1'},{'D2'},{'D1'},{'D7'},{'R2'},{'D4'},{'D5'},{'R3'},,,&,1.0,&
{'R1'},{'D2'},{'D1'},{'D7'},{'R2'},{'D4'},{'D6'},{'D5'},{'D3'},{'R3'},&,1.0,&
{'R1'},{'D2'},{'D1'},{'D7'},{'R2'},{'D3'},{'D6'},{'D4'},{'D5'},{'R3'},&,1.0,&
{'R1'},{'D2'},{'D1'},{'D7'},{'R2'},{'R3'},,,,,&,2.0,&
{'R1'},{'D2'},{'D1'},{'D7'},{'R2'},{'R3'},{'D4'},,,,&,1.0,&
{'R1'},{'D2'},{'D1'},{'D7'},{'D4'},{'D3'},{'R2'},{'D6'},,,&,1.0,&
{'R1'},{'D2'},{'D1'},{'D7'},{'D4'},{'R2'},{'R3'},{'D3'},,,&,1.0,&
{'R1'},{'D2'},{'D1'},{'D7'},{'D4'},{'R3'},{'D3'},{'R2'},,,&,1.0,&
{'R1'},{'D2'},{'D1'},{'D7'},{'D4'},{'R3'},{'D5'},{'R2'},{'D6'},{'D3'},&,1.0,&
{'R1'},{'D2'},{'D1'},{'D7'},{'D4'},{'R3'},{'D6'},{'D3'},,,&,1.0,&
{'R1'},{'D2'},{'D1'},{'D7'},{'D4'},{'D6'},{'D3'},{'D5'},{'R2'},{'R3'},&,2.0,&
{'R1'},{'D2'},{'D1'},{'D7'},{'D6'},{'D4'},{'D3'},{'R3'},{'R2'},{'D5'},&,1.0,&
{'R1'},{'D2'},{'D1'},{'D7'},{'D6'},{'R2'},,,,,&,1.0,&
{'R1'},{'D2'},{'D1'},{'D7'},{'D3'},{'D4'},{'R2'},{'D6'},,,&,1.0,&
{'R1'},{'D2'},{'D1'},{'D7'},{'D3'},{'D4'},{'R2'},{'R3'},,,&,1.0,&
{'R1'},{'D2'},{'D1'},{'D7'},{'D3'},{'D4'},{'D6'},,,,&,1.0,&
{'R1'},{'D2'},{'D1'},{'D7'},{'D3'},{'D4'},{'D6'},{'R2'},{'R3'},{'D5'},&,1.0,&
{'R1'},{'D2'},{'D1'},{'D7'},{'D3'},{'R2'},,,,,&,1.0,&
{'R1'},{'D2'},{'D1'},{'D7'},{'D3'},{'R2'},{'R3'},{'D4'},,,&,1.0,&
{'R1'},{'D2'},{'D1'},{'D7'},{'D3'},{'R3'},,,,,&,1.0,&
{'R1'},{'D2'},{'D1'},{'D4'},{'D7'},{'D3'},{'R3'},{'D6'},{'D5'},{'R2'},&,1.0,&
{'R1'},{'D2'},{'D1'},{'D4'},{'D7'},{'R2'},,,,,&,1.0,&
{'R1'},{'D2'},{'D1'},{'D4'},{'D7'},{'D6'},,,,,&,1.0,&
{'R1'},{'D2'},{'D1'},{'D4'},{'R3'},{'D3'},{'D7'},{'D6'},{'R2'},{'D5'},&,1.0,&
{'R1'},{'D2'},{'D1'},{'D4'},{'R3'},{'D3'},{'R2'},,,,&,1.0,&
{'R1'},{'D2'},{'D1'},{'D4'},{'D6'},{'R2'},{'D5'},{'R3'},{'D3'},{'D7'},&,1.0,&
{'R1'},{'D2'},{'D1'},{'D3'},,,,,,,&,3.0,&
{'R1'},{'D2'},{'D1'},{'D3'},{'D7'},{'D4'},{'R3'},{'D6'},{'R2'},{'D5'},&,1.0,&
{'R1'},{'D2'},{'D1'},{'D3'},{'R2'},{'R3'},{'D7'},,,,&,1.0,&
{'R1'},{'D2'},{'D1'},{'D6'},,,,,,,&,2.0,&
{'R1'},{'D2'},{'D1'},{'D6'},{'R3'},{'D7'},{'D4'},{'R2'},,,&,1.0,&
{'R1'},{'D2'},{'D1'},{'D6'},{'R2'},{'D4'},{'R3'},{'D7'},,,&,1.0,&
{'R1'},{'D2'},{'D1'},{'D6'},{'D4'},{'D7'},{'D5'},{'R3'},{'D3'},,&,1.0,&
{'R1'},{'D2'},{'D1'},{'D5'},,,,,,,&,1.0,&
{'R1'},{'D2'},{'D4'},,,,,,,,&,4.0,&
{'R1'},{'D2'},{'D4'},{'R3'},,,,,,,&,2.0,&
{'R1'},{'D2'},{'D4'},{'R3'},{'D7'},,,,,,&,1.0,&
{'R1'},{'D2'},{'D4'},{'R3'},{'D7'},{'D1'},{'D6'},,,,&,1.0,&
{'R1'},{'D2'},{'D4'},{'R3'},{'D7'},{'R2'},,,,,&,1.0,&
{'R1'},{'D2'},{'D4'},{'R3'},{'D1'},,,,,,&,1.0,&
{'R1'},{'D2'},{'D4'},{'R3'},{'D1'},{'D7'},,,,,&,1.0,&
{'R1'},{'D2'},{'D4'},{'R3'},{'R2'},,,,,,&,1.0,&
{'R1'},{'D2'},{'D4'},{'R3'},{'R2'},{'D7'},{'D1'},,,,&,1.0,&
{'R1'},{'D2'},{'D4'},{'R3'},{'R2'},{'D7'},{'D1'},{'D3'},{'D6'},{'D5'},&,1.0,&
{'R1'},{'D2'},{'D4'},{'D1'},,,,,,,&,1.0,&
{'R1'},{'D2'},{'D4'},{'D1'},{'D7'},,,,,,&,1.0,&
{'R1'},{'D2'},{'D4'},{'D1'},{'D7'},{'R3'},{'R2'},{'D3'},,,&,1.0,&
{'R1'},{'D2'},{'D4'},{'D1'},{'R3'},{'D7'},{'D3'},{'D6'},,,&,1.0,&
{'R1'},{'D2'},{'D4'},{'D1'},{'R3'},{'D7'},{'D3'},{'D6'},{'D5'},{'R2'},&,1.0,&
{'R1'},{'D2'},{'D4'},{'D1'},{'R3'},{'R2'},,,,,&,1.0,&
{'R1'},{'D2'},{'D4'},{'D1'},{'R3'},{'R2'},{'D7'},,,,&,1.0,&
{'R1'},{'D2'},{'D4'},{'R2'},,,,,,,&,1.0,&
{'R1'},{'D2'},{'D4'},{'R2'},{'R3'},{'D1'},{'D7'},{'D6'},,,&,1.0,&
{'R1'},{'D2'},{'D4'},{'R2'},{'R3'},{'D1'},{'D7'},{'D3'},{'D6'},{'D5'},&,1.0,&
{'R1'},{'D2'},{'D4'},{'D7'},,,,,,,&,3.0,&
{'R1'},{'D2'},{'D4'},{'D7'},{'R3'},{'D1'},{'R2'},{'D3'},{'D6'},,&,1.0,&
{'R1'},{'D2'},{'D4'},{'D7'},{'R3'},{'R2'},,,,,&,1.0,&
{'R1'},{'D2'},{'D4'},{'D7'},{'R3'},{'R2'},{'D1'},{'D6'},{'D3'},,&,1.0,&
{'R1'},{'D2'},{'D4'},{'D7'},{'D1'},,,,,,&,2.0,&
{'R1'},{'D2'},{'D4'},{'D7'},{'D1'},{'D3'},{'R2'},{'D6'},,,&,1.0,&
{'R1'},{'D2'},{'D4'},{'D7'},{'D1'},{'D3'},{'R3'},,,,&,1.0,&
{'R1'},{'D2'},{'D4'},{'D7'},{'D1'},{'D3'},{'R3'},{'D5'},{'D6'},,&,1.0,&
{'R1'},{'D2'},{'D4'},{'D7'},{'R2'},{'D1'},,,,,&,1.0,&
{'R1'},{'D2'},{'D4'},{'D7'},{'R2'},{'R3'},{'D1'},{'D6'},{'D3'},,&,1.0,&
{'R1'},{'D2'},{'D4'},{'D7'},{'D3'},{'R3'},{'D1'},{'D6'},{'D5'},{'R2'},&,1.0,&
{'R1'},{'D2'},{'D4'},{'D3'},{'D7'},{'D1'},{'D6'},,,,&,1.0,&
{'R1'},{'D2'},{'D4'},{'D3'},{'D7'},{'D1'},{'D6'},{'R2'},{'R3'},,&,1.0,&
{'R1'},{'D2'},{'D4'},{'D3'},{'D1'},,,,,,&,1.0,&
{'R1'},{'D2'},{'D4'},{'D3'},{'D6'},,,,,,&,1.0,&
{'R1'},{'D2'},{'D4'},{'D6'},,,,,,,&,2.0,&
{'R1'},{'D2'},,,,,,,,,&,33.0,&
{'R1'},{'D2'},{'D7'},,,,,,,,&,19.0,&
{'R1'},{'D2'},{'D7'},{'R3'},,,,,,,&,5.0,&
{'R1'},{'D2'},{'D7'},{'R3'},{'D1'},,,,,,&,5.0,&
{'R1'},{'D2'},{'D7'},{'R3'},{'D1'},{'D4'},{'R2'},,,,&,1.0,&
{'R1'},{'D2'},{'D7'},{'R3'},{'D1'},{'D4'},{'D6'},{'D3'},{'D5'},,&,1.0,&
{'R1'},{'D2'},{'D7'},{'R3'},{'D1'},{'D4'},{'D6'},{'R2'},,,&,1.0,&
{'R1'},{'D2'},{'D7'},{'R3'},{'D1'},{'D3'},,,,,&,1.0,&
{'R1'},{'D2'},{'D7'},{'R3'},{'D1'},{'D3'},{'R2'},,,,&,1.0,&
{'R1'},{'D2'},{'D7'},{'R3'},{'D1'},{'R2'},,,,,&,3.0,&
{'R1'},{'D2'},{'D7'},{'R3'},{'D1'},{'R2'},{'D5'},{'D4'},{'D3'},{'D6'},&,1.0,&
{'R1'},{'D2'},{'D7'},{'R3'},{'D1'},{'R2'},{'D4'},{'D6'},,,&,1.0,&
{'R1'},{'D2'},{'D7'},{'R3'},{'D1'},{'D6'},,,,,&,1.0,&
{'R1'},{'D2'},{'D7'},{'R3'},{'D1'},{'D6'},{'D4'},,,,&,1.0,&
{'R1'},{'D2'},{'D7'},{'R3'},{'R2'},{'D4'},,,,,&,1.0,&
{'R1'},{'D2'},{'D7'},{'R3'},{'R2'},{'D3'},{'D1'},{'D6'},{'D4'},{'D5'},&,1.0,&
{'R1'},{'D2'},{'D7'},{'R3'},{'R2'},{'D1'},{'D6'},{'D4'},{'D3'},{'D5'},&,1.0,&
{'R1'},{'D2'},{'D7'},{'R3'},{'D4'},,,,,,&,1.0,&
{'R1'},{'D2'},{'D7'},{'R3'},{'D4'},{'D1'},,,,,&,1.0,&
{'R1'},{'D2'},{'D7'},{'R3'},{'D4'},{'R2'},{'D1'},,,,&,1.0,&
{'R1'},{'D2'},{'D7'},{'R3'},{'D6'},{'R2'},{'D1'},{'D4'},{'D3'},{'D5'},&,1.0,&
{'R1'},{'D2'},{'D7'},{'R3'},{'D3'},{'R2'},{'D4'},{'D6'},{'D1'},{'D5'},&,1.0,&
{'R1'},{'D2'},{'D7'},{'D1'},,,,,,,&,5.0,&
{'R1'},{'D2'},{'D7'},{'D1'},{'R3'},,,,,,&,4.0,&
{'R1'},{'D2'},{'D7'},{'D1'},{'R3'},{'D4'},,,,,&,1.0,&
{'R1'},{'D2'},{'D7'},{'D1'},{'R3'},{'D4'},{'R2'},,,,&,1.0,&
{'R1'},{'D2'},{'D7'},{'D1'},{'R3'},{'D4'},{'D6'},{'R2'},,,&,1.0,&
{'R1'},{'D2'},{'D7'},{'D1'},{'R3'},{'D3'},{'R2'},{'D4'},{'D5'},,&,1.0,&
{'R1'},{'D2'},{'D7'},{'D1'},{'R3'},{'R2'},,,,,&,2.0,&
{'R1'},{'D2'},{'D7'},{'D1'},{'R3'},{'R2'},{'D3'},,,,&,1.0,&
{'R1'},{'D2'},{'D7'},{'D1'},{'R3'},{'R2'},{'D4'},{'D3'},,,&,1.0,&
{'R1'},{'D2'},{'D7'},{'D1'},{'R3'},{'R2'},{'D4'},{'D3'},{'D6'},,&,1.0,&
{'R1'},{'D2'},{'D7'},{'D1'},{'R3'},{'R2'},{'D6'},{'D4'},{'D3'},{'D5'},&,1.0,&
{'R1'},{'D2'},{'D7'},{'D1'},{'R2'},{'D4'},{'D6'},,,,&,1.0,&
{'R1'},{'D2'},{'D7'},{'D1'},{'R2'},{'D3'},{'D4'},{'D5'},{'R3'},,&,1.0,&
{'R1'},{'D2'},{'D7'},{'D1'},{'R2'},{'D5'},{'R3'},{'D3'},{'D6'},,&,1.0,&
{'R1'},{'D2'},{'D7'},{'D1'},{'R2'},{'R3'},,,,,&,1.0,&
{'R1'},{'D2'},{'D7'},{'D1'},{'R2'},{'R3'},{'D5'},{'D4'},{'D3'},{'D6'},&,1.0,&
{'R1'},{'D2'},{'D7'},{'D1'},{'R2'},{'R3'},{'D4'},,,,&,1.0,&
{'R1'},{'D2'},{'D7'},{'D1'},{'R2'},{'R3'},{'D4'},{'D6'},{'D3'},,&,1.0,&
{'R1'},{'D2'},{'D7'},{'D1'},{'D4'},,,,,,&,2.0,&
{'R1'},{'D2'},{'D7'},{'D1'},{'D4'},{'R2'},{'R3'},{'D3'},{'D5'},{'D6'},&,1.0,&
{'R1'},{'D2'},{'D7'},{'D1'},{'D4'},{'R3'},{'D3'},{'D6'},{'R2'},{'D5'},&,1.0,&
{'R1'},{'D2'},{'D7'},{'D1'},{'D4'},{'R3'},{'D5'},{'R2'},{'D3'},,&,1.0,&
{'R1'},{'D2'},{'D7'},{'D1'},{'D4'},{'R3'},{'R2'},,,,&,1.0,&
{'R1'},{'D2'},{'D7'},{'D1'},{'D4'},{'R3'},{'D6'},,,,&,1.0,&
{'R1'},{'D2'},{'D7'},{'D1'},{'D4'},{'D6'},,,,,&,1.0,&
{'R1'},{'D2'},{'D7'},{'D1'},{'D4'},{'D6'},{'D5'},{'D3'},{'R3'},{'R2'},&,1.0,&
{'R1'},{'D2'},{'D7'},{'D1'},{'D4'},{'D6'},{'D5'},{'D3'},{'R2'},{'R3'},&,1.0,&
{'R1'},{'D2'},{'D7'},{'D1'},{'D6'},{'D4'},{'D3'},{'D5'},{'R2'},{'R3'},&,1.0,&
{'R1'},{'D2'},{'D7'},{'D1'},{'D6'},{'D3'},{'R3'},{'D4'},{'D5'},,&,1.0,&
{'R1'},{'D2'},{'D7'},{'D1'},{'D6'},{'D3'},{'R3'},{'R2'},,,&,1.0,&
{'R1'},{'D2'},{'D7'},{'D1'},{'D6'},{'R2'},,,,,&,1.0,&
{'R1'},{'D2'},{'D7'},{'D1'},{'D3'},,,,,,&,1.0,&
{'R1'},{'D2'},{'D7'},{'D1'},{'D3'},{'D5'},,,,,&,1.0,&
{'R1'},{'D2'},{'D7'},{'D1'},{'D5'},,,,,,&,1.0,&
{'R1'},{'D2'},{'D7'},{'D1'},{'D5'},{'R3'},{'R2'},{'D3'},{'D4'},,&,1.0,&
{'R1'},{'D2'},{'D7'},{'D1'},{'D5'},{'R3'},{'D6'},{'D4'},{'R2'},,&,1.0,&
{'R1'},{'D2'},{'D7'},{'R2'},,,,,,,&,3.0,&
{'R1'},{'D2'},{'D7'},{'R2'},{'R3'},{'D4'},,,,,&,1.0,&
{'R1'},{'D2'},{'D7'},{'R2'},{'R3'},{'D4'},{'D1'},{'D3'},{'D5'},{'D6'},&,1.0,&
{'R1'},{'D2'},{'D7'},{'R2'},{'R3'},{'D1'},,,,,&,1.0,&
{'R1'},{'D2'},{'D7'},{'R2'},{'R3'},{'D1'},{'D4'},,,,&,1.0,&
{'R1'},{'D2'},{'D7'},{'R2'},{'D1'},{'D4'},,,,,&,1.0,&
{'R1'},{'D2'},{'D7'},{'R2'},{'D1'},{'D4'},{'D3'},,,,&,2.0,&
{'R1'},{'D2'},{'D7'},{'R2'},{'D1'},{'D4'},{'D3'},{'R3'},,,&,1.0,&
{'R1'},{'D2'},{'D7'},{'R2'},{'D1'},{'D4'},{'R3'},{'D3'},,,&,1.0,&
{'R1'},{'D2'},{'D7'},{'R2'},{'D1'},{'D3'},,,,,&,1.0,&
{'R1'},{'D2'},{'D7'},{'R2'},{'D1'},{'R3'},{'D6'},{'D4'},{'D3'},{'D5'},&,1.0,&
{'R1'},{'D2'},{'D7'},{'R2'},{'D4'},{'D6'},,,,,&,1.0,&
{'R1'},{'D2'},{'D7'},{'R2'},{'D3'},{'D1'},,,,,&,1.0,&
{'R1'},{'D2'},{'D7'},{'D4'},,,,,,,&,3.0,&
{'R1'},{'D2'},{'D7'},{'D4'},{'R3'},{'D3'},{'R2'},{'D1'},,,&,1.0,&
{'R1'},{'D2'},{'D7'},{'D4'},{'R3'},{'D1'},{'D3'},{'R2'},,,&,1.0,&
{'R1'},{'D2'},{'D7'},{'D4'},{'R3'},{'R2'},{'D1'},,,,&,1.0,&
{'R1'},{'D2'},{'D7'},{'D4'},{'D1'},{'D3'},,,,,&,1.0,&
{'R1'},{'D2'},{'D7'},{'D4'},{'D1'},{'D3'},{'R3'},,,,&,1.0,&
{'R1'},{'D2'},{'D7'},{'D4'},{'D1'},{'R2'},{'R3'},,,,&,1.0,&
{'R1'},{'D2'},{'D7'},{'D4'},{'D1'},{'R3'},,,,,&,1.0,&
{'R1'},{'D2'},{'D7'},{'D4'},{'D1'},{'R3'},{'R2'},{'D6'},{'D3'},,&,1.0,&
{'R1'},{'D2'},{'D7'},{'D4'},{'D5'},{'R2'},,,,,&,1.0,&
{'R1'},{'D2'},{'D7'},{'D3'},,,,,,,&,1.0,&
{'R1'},{'D2'},{'D7'},{'D3'},{'R3'},{'D1'},{'R2'},{'D6'},{'D4'},,&,1.0,&
{'R1'},{'D2'},{'D7'},{'D3'},{'D1'},{'D4'},{'D5'},{'D6'},,,&,1.0,&
{'R1'},{'D2'},{'D7'},{'D3'},{'D1'},{'D5'},{'D4'},,,,&,1.0,&
{'R1'},{'D2'},{'D7'},{'D3'},{'R2'},,,,,,&,1.0,&
{'R1'},{'D2'},{'D7'},{'D3'},{'R2'},{'R3'},,,,,&,1.0,&
{'R1'},{'D2'},{'D7'},{'D3'},{'D4'},{'D1'},{'D6'},{'R3'},{'D5'},,&,1.0,&
{'R1'},{'D2'},{'D7'},{'D6'},{'R3'},{'R2'},,,,,&,1.0,&
{'R1'},{'D2'},{'D7'},{'D6'},{'D1'},{'D3'},{'D4'},{'D5'},,,&,1.0,&
{'R1'},{'D2'},{'D7'},{'D6'},{'D1'},{'R2'},{'D4'},{'R3'},{'D3'},,&,1.0,&
{'R1'},{'D2'},{'D7'},{'D6'},{'R2'},,,,,,&,1.0,&
{'R1'},{'D2'},{'D7'},{'D6'},{'D4'},{'R3'},{'R2'},{'D1'},{'D3'},{'D5'},&,1.0,&
{'R1'},{'D2'},{'D7'},{'D5'},,,,,,,&,1.0,&
{'R1'},{'D2'},{'D7'},{'D5'},{'R3'},{'R2'},{'D6'},,,,&,1.0,&
{'R1'},{'D2'},{'D7'},{'D5'},{'D1'},{'D6'},,,,,&,1.0,&
{'R1'},{'D2'},{'D3'},,,,,,,,&,3.0,&
{'R1'},{'D2'},{'D3'},{'R3'},,,,,,,&,1.0,&
{'R1'},{'D2'},{'D3'},{'R3'},{'D1'},{'D4'},{'D7'},{'D6'},{'D5'},,&,1.0,&
{'R1'},{'D2'},{'D3'},{'R3'},{'D1'},{'D4'},{'R2'},,,,&,1.0,&
{'R1'},{'D2'},{'D3'},{'D1'},,,,,,,&,1.0,&
{'R1'},{'D2'},{'D3'},{'D1'},{'D7'},{'D4'},{'D6'},,,,&,1.0,&
{'R1'},{'D2'},{'D3'},{'D1'},{'D7'},{'R3'},{'R2'},,,,&,1.0,&
{'R1'},{'D2'},{'D3'},{'D1'},{'R3'},{'R2'},{'D7'},{'D4'},{'D6'},{'D5'},&,1.0,&
{'R1'},{'D2'},{'D3'},{'R2'},{'D7'},{'D1'},,,,,&,1.0,&
{'R1'},{'D2'},{'D3'},{'R2'},{'D7'},{'D5'},{'R3'},{'D1'},{'D4'},{'D6'},&,1.0,&
{'R1'},{'D2'},{'D3'},{'D7'},{'R3'},{'R2'},,,,,&,1.0,&
{'R1'},{'D2'},{'D3'},{'D7'},{'D1'},{'D4'},{'D5'},{'R3'},{'D6'},,&,1.0,&
{'R1'},{'D2'},{'D3'},{'D7'},{'D1'},{'D4'},{'R3'},{'D6'},{'D5'},{'R2'},&,1.0,&
{'R1'},{'D2'},{'D3'},{'D7'},{'D1'},{'D6'},,,,,&,1.0,&
{'R1'},{'D2'},{'D3'},{'D7'},{'D4'},{'D1'},{'R2'},{'R3'},{'D6'},{'D5'},&,1.0,&
{'R1'},{'D2'},{'D3'},{'D7'},{'D6'},{'D4'},{'D1'},{'R2'},{'R3'},,&,1.0,&
{'R1'},{'D2'},{'D3'},{'D5'},{'R3'},{'D7'},{'R2'},,,,&,1.0,&
{'R1'},{'D2'},{'D6'},,,,,,,,&,2.0,&
{'R1'},{'D2'},{'D6'},{'R3'},,,,,,,&,1.0,&
{'R1'},{'D2'},{'D6'},{'R3'},{'D1'},{'D7'},{'D3'},{'D4'},{'R2'},{'D5'},&,1.0,&
{'R1'},{'D2'},{'D6'},{'R3'},{'D1'},{'R2'},{'D7'},,,,&,1.0,&
{'R1'},{'D2'},{'D6'},{'R3'},{'R2'},,,,,,&,1.0,&
{'R1'},{'D2'},{'D6'},{'R3'},{'R2'},{'D1'},,,,,&,1.0,&
{'R1'},{'D2'},{'D6'},{'R3'},{'R2'},{'D1'},{'D4'},{'D7'},,,&,1.0,&
{'R1'},{'D2'},{'D6'},{'R3'},{'R2'},{'D7'},{'D4'},,,,&,1.0,&
{'R1'},{'D2'},{'D6'},{'R2'},,,,,,,&,2.0,&
{'R1'},{'D2'},{'D6'},{'R2'},{'D4'},{'D1'},,,,,&,1.0,&
{'R1'},{'D2'},{'D6'},{'D7'},{'D1'},{'R3'},,,,,&,1.0,&
{'R1'},{'D2'},{'D6'},{'D7'},{'R2'},{'D3'},{'R3'},,,,&,1.0,&
{'R1'},{'D2'},{'D6'},{'D4'},,,,,,,&,1.0,&
{'R1'},{'D2'},{'D6'},{'D4'},{'D7'},{'D3'},{'D1'},,,,&,1.0,&
{'R1'},{'D2'},{'D5'},{'R3'},{'D4'},,,,,,&,1.0,&
{'R1'},{'D2'},{'D5'},{'D7'},{'D1'},{'D3'},{'R3'},{'D4'},{'D6'},,&,1.0,&
{'R1'},{'D2'},{'D5'},{'D7'},{'D6'},{'D1'},{'R2'},{'D4'},,,&,1.0,&
{'R1'},{'D1'},{'R3'},,,,,,,,&,13.0,&
{'R1'},{'D1'},{'R3'},{'D2'},,,,,,,&,2.0,&
{'R1'},{'D1'},{'R3'},{'D2'},{'D7'},,,,,,&,1.0,&
{'R1'},{'D1'},{'R3'},{'D2'},{'D7'},{'D4'},{'D3'},{'D6'},{'D5'},{'R2'},&,1.0,&
{'R1'},{'D1'},{'R3'},{'D2'},{'D7'},{'D4'},{'R2'},{'D3'},{'D6'},,&,1.0,&
{'R1'},{'D1'},{'R3'},{'D2'},{'D7'},{'R2'},,,,,&,1.0,&
{'R1'},{'D1'},{'R3'},{'D2'},{'R2'},,,,,,&,2.0,&
{'R1'},{'D1'},{'R3'},{'D2'},{'R2'},{'D4'},{'D7'},{'D6'},{'D3'},{'D5'},&,1.0,&
{'R1'},{'D1'},{'R3'},{'D2'},{'R2'},{'D7'},,,,,&,1.0,&
{'R1'},{'D1'},{'R3'},{'D2'},{'D4'},{'D7'},{'R2'},,,,&,1.0,&
{'R1'},{'D1'},{'R3'},{'D2'},{'D4'},{'R2'},,,,,&,1.0,&
{'R1'},{'D1'},{'R3'},{'D2'},{'D4'},{'R2'},{'D7'},{'D6'},,,&,1.0,&
{'R1'},{'D1'},{'R3'},{'D2'},{'D6'},{'R2'},{'D5'},{'D7'},{'D4'},{'D3'},&,1.0,&
{'R1'},{'D1'},{'R3'},{'D2'},{'D3'},{'D7'},{'D6'},{'R2'},{'D4'},,&,1.0,&
{'R1'},{'D1'},{'R3'},{'R2'},,,,,,,&,2.0,&
{'R1'},{'D1'},{'R3'},{'R2'},{'D7'},{'D4'},,,,,&,3.0,&
{'R1'},{'D1'},{'R3'},{'R2'},{'D7'},{'D4'},{'D2'},{'D5'},,,&,1.0,&
{'R1'},{'D1'},{'R3'},{'R2'},{'D7'},{'D2'},{'D4'},{'D3'},,,&,1.0,&
{'R1'},{'D1'},{'R3'},{'R2'},{'D7'},{'D6'},,,,,&,1.0,&
{'R1'},{'D1'},{'R3'},{'R2'},{'D7'},{'D6'},{'D2'},{'D3'},{'D4'},{'D5'},&,1.0,&
{'R1'},{'D1'},{'R3'},{'R2'},{'D4'},{'D2'},,,,,&,1.0,&
{'R1'},{'D1'},{'R3'},{'R2'},{'D2'},,,,,,&,1.0,&
{'R1'},{'D1'},{'R3'},{'R2'},{'D2'},{'D3'},{'D5'},{'D7'},{'D4'},{'D6'},&,1.0,&
{'R1'},{'D1'},{'R3'},{'R2'},{'D2'},{'D7'},{'D3'},,,,&,1.0,&
{'R1'},{'D1'},{'R3'},{'R2'},{'D2'},{'D7'},{'D5'},{'D4'},,,&,1.0,&
{'R1'},{'D1'},{'R3'},{'R2'},{'D2'},{'D7'},{'D4'},,,,&,1.0,&
{'R1'},{'D1'},{'R3'},{'R2'},{'D2'},{'D7'},{'D4'},{'D3'},,,&,1.0,&
{'R1'},{'D1'},{'R3'},{'R2'},{'D2'},{'D6'},{'D4'},{'D7'},,,&,1.0,&
{'R1'},{'D1'},{'R3'},{'R2'},{'D6'},{'D7'},{'D4'},,,,&,1.0,&
{'R1'},{'D1'},{'R3'},{'D7'},,,,,,,&,2.0,&
{'R1'},{'D1'},{'R3'},{'D7'},{'R2'},,,,,,&,4.0,&
{'R1'},{'D1'},{'R3'},{'D7'},{'R2'},{'D2'},,,,,&,1.0,&
{'R1'},{'D1'},{'R3'},{'D7'},{'R2'},{'D2'},{'D3'},,,,&,1.0,&
{'R1'},{'D1'},{'R3'},{'D7'},{'R2'},{'D2'},{'D4'},{'D3'},{'D6'},{'D5'},&,1.0,&
{'R1'},{'D1'},{'R3'},{'D7'},{'R2'},{'D2'},{'D6'},,,,&,1.0,&
{'R1'},{'D1'},{'R3'},{'D7'},{'R2'},{'D6'},,,,,&,1.0,&
{'R1'},{'D1'},{'R3'},{'D7'},{'R2'},{'D6'},{'D2'},,,,&,1.0,&
{'R1'},{'D1'},{'R3'},{'D7'},{'D2'},,,,,,&,2.0,&
{'R1'},{'D1'},{'R3'},{'D7'},{'D2'},{'D3'},{'D4'},,,,&,1.0,&
{'R1'},{'D1'},{'R3'},{'D7'},{'D2'},{'D3'},{'R2'},{'D5'},,,&,1.0,&
{'R1'},{'D1'},{'R3'},{'D7'},{'D2'},{'D5'},{'D3'},,,,&,1.0,&
{'R1'},{'D1'},{'R3'},{'D7'},{'D2'},{'R2'},{'D3'},{'D4'},{'D6'},,&,1.0,&
{'R1'},{'D1'},{'R3'},{'D7'},{'D2'},{'R2'},{'D4'},{'D6'},{'D3'},,&,1.0,&
{'R1'},{'D1'},{'R3'},{'D7'},{'D2'},{'R2'},{'D6'},,,,&,1.0,&
{'R1'},{'D1'},{'R3'},{'D7'},{'D6'},{'R2'},{'D2'},,,,&,1.0,&
{'R1'},{'D1'},{'R3'},{'D7'},{'D3'},{'R2'},{'D4'},{'D2'},{'D6'},{'D5'},&,1.0,&
{'R1'},{'D1'},{'R3'},{'D7'},{'D3'},{'D6'},{'D2'},{'R2'},,,&,1.0,&
{'R1'},{'D1'},{'R3'},{'D4'},,,,,,,&,1.0,&
{'R1'},{'D1'},{'R3'},{'D4'},{'R2'},,,,,,&,1.0,&
{'R1'},{'D1'},{'R3'},{'D4'},{'D2'},,,,,,&,1.0,&
{'R1'},{'D1'},{'R3'},{'D4'},{'D2'},{'R2'},{'D7'},{'D3'},{'D6'},{'D5'},&,1.0,&
{'R1'},{'D1'},{'R3'},{'D3'},{'R2'},,,,,,&,1.0,&
{'R1'},{'D1'},{'R3'},{'D3'},{'D2'},,,,,,&,1.0,&
{'R1'},{'D1'},{'R2'},,,,,,,,&,10.0,&
{'R1'},{'D1'},{'R2'},{'R3'},,,,,,,&,3.0,&
{'R1'},{'D1'},{'R2'},{'R3'},{'D7'},{'D4'},{'D3'},,,,&,1.0,&
{'R1'},{'D1'},{'R2'},{'R3'},{'D7'},{'D4'},{'D2'},,,,&,1.0,&
{'R1'},{'D1'},{'R2'},{'R3'},{'D7'},{'D2'},{'D4'},,,,&,1.0,&
{'R1'},{'D1'},{'R2'},{'R3'},{'D2'},,,,,,&,1.0,&
{'R1'},{'D1'},{'R2'},{'R3'},{'D2'},{'D4'},,,,,&,1.0,&
{'R1'},{'D1'},{'R2'},{'R3'},{'D2'},{'D7'},{'D4'},{'D6'},,,&,1.0,&
{'R1'},{'D1'},{'R2'},{'R3'},{'D2'},{'D7'},{'D4'},{'D3'},{'D5'},{'D6'},&,1.0,&
{'R1'},{'D1'},{'R2'},{'R3'},{'D3'},{'D7'},,,,,&,1.0,&
{'R1'},{'D1'},{'R2'},{'R3'},{'D5'},,,,,,&,1.0,&
{'R1'},{'D1'},{'R2'},{'D2'},{'D7'},,,,,,&,2.0,&
{'R1'},{'D1'},{'R2'},{'D2'},{'D7'},{'D4'},,,,,&,1.0,&
{'R1'},{'D1'},{'R2'},{'D2'},{'D7'},{'R3'},{'D4'},{'D6'},,,&,1.0,&
{'R1'},{'D1'},{'R2'},{'D2'},{'R3'},,,,,,&,1.0,&
{'R1'},{'D1'},{'R2'},{'D2'},{'R3'},{'D7'},,,,,&,1.0,&
{'R1'},{'D1'},{'R2'},{'D2'},{'R3'},{'D7'},{'D3'},,,,&,1.0,&
{'R1'},{'D1'},{'R2'},{'D2'},{'R3'},{'D7'},{'D4'},{'D3'},,,&,1.0,&
{'R1'},{'D1'},{'R2'},{'D2'},{'D4'},,,,,,&,1.0,&
{'R1'},{'D1'},{'R2'},{'D2'},{'D6'},{'D7'},{'D3'},{'D4'},,,&,1.0,&
{'R1'},{'D1'},{'R2'},{'D2'},{'D6'},{'R3'},,,,,&,1.0,&
{'R1'},{'D1'},{'R2'},{'D2'},{'D3'},{'R3'},{'D7'},{'D4'},,,&,1.0,&
{'R1'},{'D1'},{'R2'},{'D7'},,,,,,,&,2.0,&
{'R1'},{'D1'},{'R2'},{'D7'},{'R3'},{'D3'},{'D2'},{'D4'},{'D6'},{'D5'},&,1.0,&
{'R1'},{'D1'},{'R2'},{'D7'},{'R3'},{'D2'},,,,,&,1.0,&
{'R1'},{'D1'},{'R2'},{'D7'},{'D4'},{'D2'},{'R3'},{'D3'},,,&,1.0,&
{'R1'},{'D1'},{'R2'},{'D7'},{'D4'},{'R3'},{'D2'},,,,&,1.0,&
{'R1'},{'D1'},{'R2'},{'D7'},{'D4'},{'R3'},{'D5'},{'D2'},{'D3'},,&,1.0,&
{'R1'},{'D1'},{'R2'},{'D7'},{'D2'},{'D3'},,,,,&,1.0,&
{'R1'},{'D1'},{'R2'},{'D7'},{'D2'},{'D3'},{'D4'},{'R3'},{'D5'},{'D6'},&,1.0,&
{'R1'},{'D1'},{'R2'},{'D7'},{'D2'},{'R3'},,,,,&,1.0,&
{'R1'},{'D1'},{'R2'},{'D7'},{'D2'},{'R3'},{'D3'},{'D6'},,,&,1.0,&
{'R1'},{'D1'},{'R2'},{'D7'},{'D2'},{'R3'},{'D3'},{'D4'},{'D5'},{'D6'},&,1.0,&
{'R1'},{'D1'},{'R2'},{'D7'},{'D2'},{'R3'},{'D6'},{'D4'},{'D3'},,&,1.0,&
{'R1'},{'D1'},{'R2'},{'D7'},{'D2'},{'D6'},{'D5'},{'D3'},{'D4'},{'R3'},&,1.0,&
{'R1'},{'D1'},{'R2'},{'D4'},{'D7'},{'R3'},{'D2'},,,,&,1.0,&
{'R1'},{'D1'},{'R2'},{'D4'},{'D3'},,,,,,&,1.0,&
{'R1'},{'D1'},{'R2'},{'D6'},{'R3'},,,,,,&,2.0,&
{'R1'},{'D1'},{'R2'},{'D6'},{'R3'},{'D2'},{'D7'},,,,&,1.0,&
{'R1'},{'D1'},{'R2'},{'D6'},{'D4'},{'D2'},{'R3'},{'D7'},{'D3'},{'D5'},&,1.0,&
{'R1'},{'D1'},{'D4'},,,,,,,,&,2.0,&
{'R1'},{'D1'},{'D4'},{'R3'},{'R2'},{'D3'},{'D7'},{'D6'},,,&,1.0,&
{'R1'},{'D1'},{'D4'},{'R3'},{'D2'},,,,,,&,1.0,&
{'R1'},{'D1'},{'D4'},{'D2'},,,,,,,&,2.0,&
{'R1'},{'D1'},{'D4'},{'D2'},{'D7'},,,,,,&,1.0,&
{'R1'},{'D1'},{'D4'},{'D2'},{'R3'},{'R2'},{'D7'},,,,&,1.0,&
{'R1'},{'D1'},{'D4'},{'R2'},,,,,,,&,1.0,&
{'R1'},{'D1'},{'D4'},{'R2'},{'R3'},{'D7'},{'D2'},{'D3'},{'D5'},,&,1.0,&
{'R1'},{'D1'},{'D4'},{'D7'},{'R3'},{'R2'},{'D2'},{'D3'},{'D6'},,&,1.0,&
{'R1'},{'D1'},{'D4'},{'D7'},{'R2'},{'R3'},,,,,&,1.0,&
{'R1'},{'D1'},{'D4'},{'D7'},{'D2'},{'R2'},,,,,&,1.0,&
{'R1'},{'D1'},{'D4'},{'D3'},{'D7'},{'D2'},{'R3'},{'D6'},,,&,1.0,&
{'R1'},{'D1'},{'D4'},{'D3'},{'D2'},{'D7'},{'R3'},{'D5'},,,&,1.0,&
{'R1'},{'D1'},{'D4'},{'D6'},{'R3'},{'R2'},{'D7'},{'D2'},,,&,1.0,&
{'R1'},{'D1'},{'D4'},{'D6'},{'D2'},{'D7'},{'R3'},,,,&,1.0,&
{'R1'},{'D1'},,,,,,,,,&,33.0,&
{'R1'},{'D1'},{'D7'},,,,,,,,&,19.0,&
{'R1'},{'D1'},{'D7'},{'R3'},,,,,,,&,3.0,&
{'R1'},{'D1'},{'D7'},{'R3'},{'R2'},,,,,,&,2.0,&
{'R1'},{'D1'},{'D7'},{'R3'},{'R2'},{'D4'},{'D2'},{'D3'},,,&,1.0,&
{'R1'},{'D1'},{'D7'},{'R3'},{'R2'},{'D3'},,,,,&,1.0,&
{'R1'},{'D1'},{'D7'},{'R3'},{'R2'},{'D3'},{'D2'},,,,&,1.0,&
{'R1'},{'D1'},{'D7'},{'R3'},{'R2'},{'D2'},{'D6'},,,,&,1.0,&
{'R1'},{'D1'},{'D7'},{'R3'},{'D4'},{'D2'},{'D6'},,,,&,1.0,&
{'R1'},{'D1'},{'D7'},{'R3'},{'D2'},{'D4'},{'D3'},,,,&,1.0,&
{'R1'},{'D1'},{'D7'},{'R3'},{'D2'},{'D4'},{'D3'},{'D6'},{'D5'},,&,1.0,&
{'R1'},{'D1'},{'D7'},{'R3'},{'D2'},{'D3'},{'R2'},{'D4'},{'D6'},{'D5'},&,1.0,&
{'R1'},{'D1'},{'D7'},{'R3'},{'D2'},{'R2'},,,,,&,2.0,&
{'R1'},{'D1'},{'D7'},{'R3'},{'D2'},{'R2'},{'D4'},{'D6'},{'D3'},,&,1.0,&
{'R1'},{'D1'},{'D7'},{'R3'},{'D6'},{'R2'},{'D2'},{'D4'},{'D3'},{'D5'},&,1.0,&
{'R1'},{'D1'},{'D7'},{'R3'},{'D3'},{'D2'},{'D4'},{'R2'},,,&,1.0,&
{'R1'},{'D1'},{'D7'},{'D2'},,,,,,,&,1.0,&
{'R1'},{'D1'},{'D7'},{'D2'},{'R3'},,,,,,&,1.0,&
{'R1'},{'D1'},{'D7'},{'D2'},{'R3'},{'D4'},{'D3'},{'R2'},{'D5'},{'D6'},&,1.0,&
{'R1'},{'D1'},{'D7'},{'D2'},{'R3'},{'D4'},{'R2'},{'D3'},{'D6'},{'D5'},&,1.0,&
{'R1'},{'D1'},{'D7'},{'D2'},{'R3'},{'D4'},{'R2'},{'D3'},{'D5'},,&,1.0,&
{'R1'},{'D1'},{'D7'},{'D2'},{'R3'},{'R2'},{'D4'},{'D3'},{'D5'},{'D6'},&,1.0,&
{'R1'},{'D1'},{'D7'},{'D2'},{'R2'},,,,,,&,2.0,&
{'R1'},{'D1'},{'D7'},{'D2'},{'R2'},{'R3'},{'D3'},{'D4'},{'D6'},{'D5'},&,1.0,&
{'R1'},{'D1'},{'D7'},{'D2'},{'D4'},,,,,,&,2.0,&
{'R1'},{'D1'},{'D7'},{'D2'},{'D4'},{'D3'},,,,,&,1.0,&
{'R1'},{'D1'},{'D7'},{'D2'},{'D4'},{'R2'},{'R3'},,,,&,1.0,&
{'R1'},{'D1'},{'D7'},{'D2'},{'D4'},{'R2'},{'R3'},{'D6'},,,&,1.0,&
{'R1'},{'D1'},{'D7'},{'D2'},{'D4'},{'R3'},,,,,&,1.0,&
{'R1'},{'D1'},{'D7'},{'D2'},{'D4'},{'R3'},{'D5'},,,,&,1.0,&
{'R1'},{'D1'},{'D7'},{'D2'},{'D4'},{'R3'},{'R2'},,,,&,1.0,&
{'R1'},{'D1'},{'D7'},{'D2'},{'D4'},{'D6'},,,,,&,2.0,&
{'R1'},{'D1'},{'D7'},{'D2'},{'D6'},{'D4'},{'D3'},{'D5'},{'R2'},{'R3'},&,1.0,&
{'R1'},{'D1'},{'D7'},{'D2'},{'D6'},{'D4'},{'R2'},{'R3'},{'D3'},{'D5'},&,1.0,&
{'R1'},{'D1'},{'D7'},{'D2'},{'D6'},{'R3'},{'R2'},{'D4'},,,&,1.0,&
{'R1'},{'D1'},{'D7'},{'D2'},{'D3'},{'D4'},{'R2'},{'D5'},{'R3'},{'D6'},&,1.0,&
{'R1'},{'D1'},{'D7'},{'D2'},{'D3'},{'R3'},{'R2'},,,,&,1.0,&
{'R1'},{'D1'},{'D7'},{'R2'},,,,,,,&,1.0,&
{'R1'},{'D1'},{'D7'},{'R2'},{'R3'},{'D2'},,,,,&,1.0,&
{'R1'},{'D1'},{'D7'},{'R2'},{'R3'},{'D6'},{'D2'},{'D3'},{'D4'},,&,1.0,&
{'R1'},{'D1'},{'D7'},{'R2'},{'D2'},{'D4'},{'R3'},{'D3'},,,&,1.0,&
{'R1'},{'D1'},{'D7'},{'R2'},{'D2'},{'R3'},,,,,&,1.0,&
{'R1'},{'D1'},{'D7'},{'R2'},{'D2'},{'R3'},{'D4'},{'D6'},,,&,1.0,&
{'R1'},{'D1'},{'D7'},{'R2'},{'D5'},{'D2'},{'R3'},,,,&,1.0,&
{'R1'},{'D1'},{'D7'},{'D4'},{'R3'},{'D2'},{'R2'},,,,&,1.0,&
{'R1'},{'D1'},{'D7'},{'D4'},{'R2'},{'D3'},{'R3'},{'D2'},,,&,1.0,&
{'R1'},{'D1'},{'D7'},{'D4'},{'R2'},{'D2'},{'D5'},{'D3'},,,&,1.0,&
{'R1'},{'D1'},{'D7'},{'D4'},{'D2'},{'R2'},{'D5'},{'D3'},{'R3'},{'D6'},&,1.0,&
{'R1'},{'D1'},{'D7'},{'D3'},{'R3'},,,,,,&,1.0,&
{'R1'},{'D1'},{'D7'},{'D6'},,,,,,,&,1.0,&
{'R1'},{'D1'},{'D7'},{'D6'},{'R2'},{'D4'},{'R3'},{'D2'},{'D3'},{'D5'},&,1.0,&
{'R1'},{'D1'},{'D7'},{'D6'},{'D4'},{'D2'},{'R2'},{'D3'},{'D5'},{'R3'},&,1.0,&
{'R1'},{'D1'},{'D7'},{'D6'},{'D2'},{'R2'},{'D4'},,,,&,1.0,&
{'R1'},{'D1'},{'D2'},,,,,,,,&,10.0,&
{'R1'},{'D1'},{'D2'},{'R3'},,,,,,,&,4.0,&
{'R1'},{'D1'},{'D2'},{'R3'},{'D7'},,,,,,&,2.0,&
{'R1'},{'D1'},{'D2'},{'R3'},{'D7'},{'D3'},{'D4'},{'D6'},{'R2'},{'D5'},&,1.0,&
{'R1'},{'D1'},{'D2'},{'R3'},{'D7'},{'D5'},{'D4'},,,,&,1.0,&
{'R1'},{'D1'},{'D2'},{'R3'},{'R2'},,,,,,&,2.0,&
{'R1'},{'D1'},{'D2'},{'R3'},{'R2'},{'D3'},,,,,&,1.0,&
{'R1'},{'D1'},{'D2'},{'R3'},{'R2'},{'D7'},{'D6'},,,,&,1.0,&
{'R1'},{'D1'},{'D2'},{'R3'},{'R2'},{'D7'},{'D6'},{'D4'},{'D3'},{'D5'},&,1.0,&
{'R1'},{'D1'},{'D2'},{'R3'},{'D4'},,,,,,&,1.0,&
{'R1'},{'D1'},{'D2'},{'R3'},{'D4'},{'D5'},,,,,&,1.0,&
{'R1'},{'D1'},{'D2'},{'R3'},{'D4'},{'D7'},{'D3'},,,,&,1.0,&
{'R1'},{'D1'},{'D2'},{'R3'},{'D4'},{'D7'},{'R2'},,,,&,1.0,&
{'R1'},{'D1'},{'D2'},{'R3'},{'D4'},{'R2'},{'D7'},{'D3'},,,&,1.0,&
{'R1'},{'D1'},{'D2'},{'R3'},{'D3'},{'D4'},{'R2'},,,,&,1.0,&
{'R1'},{'D1'},{'D2'},{'R2'},,,,,,,&,2.0,&
{'R1'},{'D1'},{'D2'},{'R2'},{'D7'},,,,,,&,1.0,&
{'R1'},{'D1'},{'D2'},{'R2'},{'D7'},{'D4'},{'D6'},{'R3'},{'D3'},,&,1.0,&
{'R1'},{'D1'},{'D2'},{'R2'},{'R3'},{'D7'},,,,,&,1.0,&
{'R1'},{'D1'},{'D2'},{'R2'},{'R3'},{'D7'},{'D4'},,,,&,1.0,&
{'R1'},{'D1'},{'D2'},{'R2'},{'D4'},{'D6'},,,,,&,1.0,&
{'R1'},{'D1'},{'D2'},{'R2'},{'D4'},{'D6'},{'D3'},{'D7'},{'D5'},{'R3'},&,1.0,&
{'R1'},{'D1'},{'D2'},{'D7'},,,,,,,&,3.0,&
{'R1'},{'D1'},{'D2'},{'D7'},{'R3'},,,,,,&,1.0,&
{'R1'},{'D1'},{'D2'},{'D7'},{'R3'},{'D4'},,,,,&,1.0,&
{'R1'},{'D1'},{'D2'},{'D7'},{'R3'},{'D3'},,,,,&,1.0,&
{'R1'},{'D1'},{'D2'},{'D7'},{'R3'},{'R2'},{'D4'},,,,&,2.0,&
{'R1'},{'D1'},{'D2'},{'D7'},{'R3'},{'R2'},{'D6'},,,,&,1.0,&
{'R1'},{'D1'},{'D2'},{'D7'},{'R2'},,,,,,&,1.0,&
{'R1'},{'D1'},{'D2'},{'D7'},{'R2'},{'D3'},{'D4'},{'D6'},,,&,1.0,&
{'R1'},{'D1'},{'D2'},{'D7'},{'R2'},{'R3'},,,,,&,1.0,&
{'R1'},{'D1'},{'D2'},{'D7'},{'D4'},,,,,,&,1.0,&
{'R1'},{'D1'},{'D2'},{'D7'},{'D4'},{'D3'},{'R2'},,,,&,1.0,&
{'R1'},{'D1'},{'D2'},{'D7'},{'D4'},{'D3'},{'D6'},,,,&,1.0,&
{'R1'},{'D1'},{'D2'},{'D7'},{'D4'},{'D3'},{'R3'},{'D6'},{'R2'},{'D5'},&,1.0,&
{'R1'},{'D1'},{'D2'},{'D7'},{'D4'},{'R2'},{'D6'},{'D5'},{'D3'},,&,1.0,&
{'R1'},{'D1'},{'D2'},{'D7'},{'D4'},{'R3'},{'R2'},{'D6'},{'D3'},{'D5'},&,1.0,&
{'R1'},{'D1'},{'D2'},{'D7'},{'D4'},{'R3'},{'R2'},{'D3'},,,&,1.0,&
{'R1'},{'D1'},{'D2'},{'D7'},{'D4'},{'R3'},{'D6'},,,,&,1.0,&
{'R1'},{'D1'},{'D2'},{'D7'},{'D6'},,,,,,&,1.0,&
{'R1'},{'D1'},{'D2'},{'D7'},{'D6'},{'D4'},{'R3'},{'R2'},{'D3'},{'D5'},&,1.0,&
{'R1'},{'D1'},{'D2'},{'D7'},{'D3'},,,,,,&,2.0,&
{'R1'},{'D1'},{'D2'},{'D7'},{'D3'},{'D4'},{'R3'},{'R2'},{'D6'},{'D5'},&,1.0,&
{'R1'},{'D1'},{'D2'},{'D7'},{'D5'},,,,,,&,1.0,&
{'R1'},{'D1'},{'D2'},{'D4'},{'D7'},{'D3'},{'D6'},{'R2'},{'D5'},{'R3'},&,1.0,&
{'R1'},{'D1'},{'D2'},{'D4'},{'D7'},{'R2'},{'R3'},{'D6'},,,&,1.0,&
{'R1'},{'D1'},{'D2'},{'D4'},{'R3'},{'R2'},{'D5'},{'D7'},{'D6'},,&,1.0,&
{'R1'},{'D1'},{'D2'},{'D4'},{'R2'},{'D7'},{'D6'},{'D3'},{'D5'},{'R3'},&,1.0,&
{'R1'},{'D1'},{'D2'},{'D3'},,,,,,,&,1.0,&
{'R1'},{'D1'},{'D2'},{'D3'},{'D7'},{'D4'},{'D6'},{'R3'},{'D5'},{'R2'},&,1.0,&
{'R1'},{'D1'},{'D2'},{'D3'},{'D7'},{'R3'},{'D4'},{'R2'},{'D6'},,&,1.0,&
{'R1'},{'D1'},{'D2'},{'D3'},{'D4'},{'D7'},{'R3'},{'R2'},{'D6'},,&,1.0,&
{'R1'},{'D1'},{'D2'},{'D6'},{'D7'},,,,,,&,1.0,&
{'R1'},{'D1'},{'D2'},{'D6'},{'D7'},{'R2'},{'D4'},{'R3'},,,&,1.0,&
{'R1'},{'D1'},{'D2'},{'D6'},{'R3'},,,,,,&,1.0,&
{'R1'},{'D1'},{'D2'},{'D6'},{'R3'},{'D7'},{'D4'},{'D3'},{'R2'},{'D5'},&,1.0,&
{'R1'},{'D1'},{'D2'},{'D6'},{'R3'},{'D7'},{'R2'},,,,&,1.0,&
{'R1'},{'D1'},{'D2'},{'D6'},{'D4'},,,,,,&,1.0,&
{'R1'},{'D1'},{'D3'},,,,,,,,&,2.0,&
{'R1'},{'D1'},{'D3'},{'R3'},{'D2'},,,,,,&,1.0,&
{'R1'},{'D1'},{'D3'},{'R3'},{'D2'},{'D4'},{'R2'},{'D7'},{'D6'},{'D5'},&,1.0,&
{'R1'},{'D1'},{'D3'},{'D2'},,,,,,,&,1.0,&
{'R1'},{'D1'},{'D3'},{'D2'},{'D7'},{'D4'},{'R3'},{'R2'},,,&,1.0,&
{'R1'},{'D1'},{'D3'},{'R2'},{'R3'},,,,,,&,1.0,&
{'R1'},{'D1'},{'D3'},{'D7'},{'D2'},{'R2'},{'D4'},{'D6'},{'D5'},,&,1.0,&
{'R1'},{'D1'},{'D3'},{'D4'},{'D7'},{'R2'},{'R3'},{'D2'},{'D5'},,&,1.0,&
{'R1'},{'D1'},{'D6'},{'D2'},,,,,,,&,2.0,&
{'R1'},{'D1'},{'D6'},{'R2'},,,,,,,&,1.0,&
{'R1'},{'D1'},{'D6'},{'D7'},{'D4'},{'D2'},{'D3'},{'D5'},{'R3'},{'R2'},&,1.0,&
{'R1'},{'D1'},{'D6'},{'D3'},{'D4'},{'D2'},{'R2'},{'R3'},{'D7'},,&,1.0,&
{'R1'},{'D1'},{'D5'},{'D4'},,,,,,,&,1.0,&
{'R1'},{'D1'},{'D5'},{'D6'},{'D7'},{'D2'},,,,,&,1.0,&
{'R1'},{'R2'},{'R3'},,,,,,,,&,62.0,&
{'R1'},{'R2'},{'R3'},{'D2'},,,,,,,&,18.0,&
{'R1'},{'R2'},{'R3'},{'D2'},{'D7'},,,,,,&,5.0,&
{'R1'},{'R2'},{'R3'},{'D2'},{'D7'},{'D4'},,,,,&,2.0,&
{'R1'},{'R2'},{'R3'},{'D2'},{'D7'},{'D3'},{'D1'},{'D4'},{'D6'},{'D5'},&,1.0,&
{'R1'},{'R2'},{'R3'},{'D2'},{'D7'},{'D1'},,,,,&,2.0,&
{'R1'},{'R2'},{'R3'},{'D2'},{'D7'},{'D1'},{'D3'},,,,&,2.0,&
{'R1'},{'R2'},{'R3'},{'D2'},{'D7'},{'D1'},{'D3'},{'D5'},,,&,1.0,&
{'R1'},{'R2'},{'R3'},{'D2'},{'D7'},{'D1'},{'D4'},{'D6'},,,&,1.0,&
{'R1'},{'R2'},{'R3'},{'D2'},{'D7'},{'D1'},{'D4'},{'D3'},,,&,1.0,&
{'R1'},{'R2'},{'R3'},{'D2'},{'D7'},{'D1'},{'D6'},{'D4'},{'D3'},{'D5'},&,1.0,&
{'R1'},{'R2'},{'R3'},{'D2'},{'D1'},,,,,,&,3.0,&
{'R1'},{'R2'},{'R3'},{'D2'},{'D1'},{'D4'},,,,,&,2.0,&
{'R1'},{'R2'},{'R3'},{'D2'},{'D1'},{'D4'},{'D7'},{'D6'},,,&,1.0,&
{'R1'},{'R2'},{'R3'},{'D2'},{'D1'},{'D3'},{'D7'},{'D4'},,,&,1.0,&
{'R1'},{'R2'},{'R3'},{'D2'},{'D1'},{'D5'},,,,,&,1.0,&
{'R1'},{'R2'},{'R3'},{'D2'},{'D1'},{'D7'},,,,,&,2.0,&
{'R1'},{'R2'},{'R3'},{'D2'},{'D1'},{'D7'},{'D3'},{'D5'},{'D4'},{'D6'},&,1.0,&
{'R1'},{'R2'},{'R3'},{'D2'},{'D1'},{'D7'},{'D6'},,,,&,1.0,&
{'R1'},{'R2'},{'R3'},{'D2'},{'D4'},{'D3'},,,,,&,1.0,&
{'R1'},{'R2'},{'R3'},{'D2'},{'D4'},{'D1'},,,,,&,1.0,&
{'R1'},{'R2'},{'R3'},{'D2'},{'D4'},{'D1'},{'D7'},,,,&,1.0,&
{'R1'},{'R2'},{'R3'},{'D2'},{'D4'},{'D1'},{'D7'},{'D3'},{'D6'},{'D5'},&,1.0,&
{'R1'},{'R2'},{'R3'},{'D2'},{'D4'},{'D7'},,,,,&,1.0,&
{'R1'},{'R2'},{'R3'},{'D2'},{'D4'},{'D7'},{'D1'},{'D6'},{'D3'},{'D5'},&,1.0,&
{'R1'},{'R2'},{'R3'},{'D2'},{'D6'},{'D1'},{'D3'},,,,&,1.0,&
{'R1'},{'R2'},{'R3'},{'D2'},{'D6'},{'D7'},,,,,&,1.0,&
{'R1'},{'R2'},{'R3'},{'D2'},{'D6'},{'D7'},{'D1'},,,,&,1.0,&
{'R1'},{'R2'},{'R3'},{'D2'},{'D3'},,,,,,&,2.0,&
{'R1'},{'R2'},{'R3'},{'D1'},,,,,,,&,13.0,&
{'R1'},{'R2'},{'R3'},{'D1'},{'D7'},,,,,,&,2.0,&
{'R1'},{'R2'},{'R3'},{'D1'},{'D7'},{'D4'},{'D3'},{'D2'},{'D5'},,&,1.0,&
{'R1'},{'R2'},{'R3'},{'D1'},{'D7'},{'D3'},{'D2'},,,,&,1.0,&
{'R1'},{'R2'},{'R3'},{'D1'},{'D7'},{'D2'},,,,,&,1.0,&
{'R1'},{'R2'},{'R3'},{'D1'},{'D7'},{'D2'},{'D3'},{'D4'},{'D6'},{'D5'},&,1.0,&
{'R1'},{'R2'},{'R3'},{'D1'},{'D7'},{'D2'},{'D4'},,,,&,1.0,&
{'R1'},{'R2'},{'R3'},{'D1'},{'D4'},{'D7'},{'D2'},{'D3'},{'D6'},{'D5'},&,1.0,&
{'R1'},{'R2'},{'R3'},{'D1'},{'D2'},,,,,,&,5.0,&
{'R1'},{'R2'},{'R3'},{'D1'},{'D2'},{'D7'},,,,,&,1.0,&
{'R1'},{'R2'},{'R3'},{'D1'},{'D2'},{'D7'},{'D4'},,,,&,1.0,&
{'R1'},{'R2'},{'R3'},{'D1'},{'D2'},{'D7'},{'D6'},{'D4'},{'D3'},{'D5'},&,1.0,&
{'R1'},{'R2'},{'R3'},{'D1'},{'D3'},{'D6'},,,,,&,1.0,&
{'R1'},{'R2'},{'R3'},{'D7'},,,,,,,&,5.0,&
{'R1'},{'R2'},{'R3'},{'D7'},{'D1'},,,,,,&,1.0,&
{'R1'},{'R2'},{'R3'},{'D7'},{'D1'},{'D4'},,,,,&,1.0,&
{'R1'},{'R2'},{'R3'},{'D7'},{'D1'},{'D3'},{'D2'},,,,&,1.0,&
{'R1'},{'R2'},{'R3'},{'D7'},{'D1'},{'D2'},,,,,&,1.0,&
{'R1'},{'R2'},{'R3'},{'D7'},{'D1'},{'D2'},{'D3'},{'D4'},{'D6'},{'D5'},&,1.0,&
{'R1'},{'R2'},{'R3'},{'D7'},{'D1'},{'D2'},{'D4'},{'D5'},{'D6'},,&,1.0,&
{'R1'},{'R2'},{'R3'},{'D7'},{'D1'},{'D2'},{'D4'},{'D6'},{'D3'},{'D5'},&,1.0,&
{'R1'},{'R2'},{'R3'},{'D7'},{'D1'},{'D2'},{'D4'},{'D3'},,,&,1.0,&
{'R1'},{'R2'},{'R3'},{'D7'},{'D1'},{'D6'},{'D2'},{'D4'},{'D3'},{'D5'},&,1.0,&
{'R1'},{'R2'},{'R3'},{'D7'},{'D4'},,,,,,&,1.0,&
{'R1'},{'R2'},{'R3'},{'D7'},{'D4'},{'D2'},{'D1'},{'D6'},{'D3'},,&,1.0,&
{'R1'},{'R2'},{'R3'},{'D7'},{'D4'},{'D1'},,,,,&,1.0,&
{'R1'},{'R2'},{'R3'},{'D7'},{'D2'},,,,,,&,7.0,&
{'R1'},{'R2'},{'R3'},{'D7'},{'D2'},{'D4'},,,,,&,1.0,&
{'R1'},{'R2'},{'R3'},{'D7'},{'D2'},{'D4'},{'D1'},,,,&,1.0,&
{'R1'},{'R2'},{'R3'},{'D7'},{'D2'},{'D1'},,,,,&,1.0,&
{'R1'},{'R2'},{'R3'},{'D7'},{'D2'},{'D1'},{'D3'},{'D5'},{'D4'},,&,1.0,&
{'R1'},{'R2'},{'R3'},{'D7'},{'D2'},{'D1'},{'D4'},,,,&,1.0,&
{'R1'},{'R2'},{'R3'},{'D7'},{'D2'},{'D5'},{'D1'},,,,&,1.0,&
{'R1'},{'R2'},{'R3'},{'D7'},{'D6'},{'D2'},{'D1'},{'D4'},{'D3'},{'D5'},&,1.0,&
{'R1'},{'R2'},{'R3'},{'D7'},{'D5'},{'D1'},{'D2'},,,,&,1.0,&
{'R1'},{'R2'},{'R3'},{'D7'},{'D5'},{'D1'},{'D4'},,,,&,1.0,&
{'R1'},{'R2'},{'R3'},{'D4'},,,,,,,&,3.0,&
{'R1'},{'R2'},{'R3'},{'D4'},{'D7'},,,,,,&,2.0,&
{'R1'},{'R2'},{'R3'},{'D4'},{'D7'},{'D2'},{'D1'},{'D3'},{'D5'},{'D6'},&,1.0,&
{'R1'},{'R2'},{'R3'},{'D4'},{'D7'},{'D1'},{'D2'},{'D3'},{'D6'},{'D5'},&,1.0,&
{'R1'},{'R2'},{'R3'},{'D4'},{'D7'},{'D6'},{'D1'},{'D2'},{'D3'},{'D5'},&,1.0,&
{'R1'},{'R2'},{'R3'},{'D4'},{'D1'},,,,,,&,2.0,&
{'R1'},{'R2'},{'R3'},{'D4'},{'D1'},{'D2'},{'D5'},{'D7'},{'D6'},{'D3'},&,1.0,&
{'R1'},{'R2'},{'R3'},{'D4'},{'D3'},,,,,,&,1.0,&
{'R1'},{'R2'},{'R3'},{'D3'},{'D7'},{'D2'},{'D1'},{'D5'},,,&,1.0,&
{'R1'},{'R2'},{'R3'},{'D3'},{'D4'},{'D1'},{'D7'},{'D2'},{'D5'},{'D6'},&,1.0,&
{'R1'},{'R2'},{'R3'},{'D3'},{'D6'},{'D4'},{'D1'},{'D7'},{'D2'},{'D5'},&,1.0,&
{'R1'},{'R2'},{'R3'},{'D6'},,,,,,,&,2.0,&
{'R1'},{'R2'},{'R3'},{'D6'},{'D7'},{'D2'},{'D1'},,,,&,1.0,&
{'R1'},{'R2'},{'R3'},{'D6'},{'D2'},,,,,,&,1.0,&
{'R1'},{'R2'},{'R3'},{'D6'},{'D2'},{'D1'},,,,,&,1.0,&
{'R1'},{'R2'},{'R3'},{'D6'},{'D2'},{'D1'},{'D7'},{'D4'},{'D3'},{'D5'},&,1.0,&
{'R1'},{'R2'},{'R3'},{'D5'},{'D1'},{'D2'},,,,,&,1.0,&
{'R1'},{'R2'},{'R3'},{'D5'},{'D3'},{'D4'},{'D2'},{'D7'},{'D1'},,&,1.0,&
{'R1'},{'R2'},{'D1'},,,,,,,,&,17.0,&
{'R1'},{'R2'},{'D1'},{'R3'},,,,,,,&,7.0,&
{'R1'},{'R2'},{'D1'},{'R3'},{'D7'},,,,,,&,2.0,&
{'R1'},{'R2'},{'D1'},{'R3'},{'D7'},{'D2'},{'D3'},,,,&,2.0,&
{'R1'},{'R2'},{'D1'},{'R3'},{'D7'},{'D2'},{'D3'},{'D6'},{'D5'},,&,1.0,&
{'R1'},{'R2'},{'D1'},{'R3'},{'D7'},{'D2'},{'D3'},{'D6'},{'D4'},{'D5'},&,1.0,&
{'R1'},{'R2'},{'D1'},{'R3'},{'D7'},{'D2'},{'D4'},{'D6'},{'D3'},{'D5'},&,1.0,&
{'R1'},{'R2'},{'D1'},{'R3'},{'D2'},,,,,,&,2.0,&
{'R1'},{'R2'},{'D1'},{'R3'},{'D2'},{'D4'},,,,,&,1.0,&
{'R1'},{'R2'},{'D1'},{'R3'},{'D2'},{'D7'},,,,,&,1.0,&
{'R1'},{'R2'},{'D1'},{'R3'},{'D2'},{'D7'},{'D3'},{'D6'},{'D4'},{'D5'},&,1.0,&
{'R1'},{'R2'},{'D1'},{'R3'},{'D2'},{'D7'},{'D4'},,,,&,1.0,&
{'R1'},{'R2'},{'D1'},{'R3'},{'D2'},{'D7'},{'D4'},{'D3'},{'D6'},,&,1.0,&
{'R1'},{'R2'},{'D1'},{'R3'},{'D2'},{'D7'},{'D4'},{'D3'},{'D6'},{'D5'},&,1.0,&
{'R1'},{'R2'},{'D1'},{'R3'},{'D2'},{'D7'},{'D6'},{'D4'},,,&,1.0,&
{'R1'},{'R2'},{'D1'},{'D2'},,,,,,,&,5.0,&
{'R1'},{'R2'},{'D1'},{'D2'},{'D7'},,,,,,&,1.0,&
{'R1'},{'R2'},{'D1'},{'D2'},{'D7'},{'D4'},{'D3'},,,,&,2.0,&
{'R1'},{'R2'},{'D1'},{'D2'},{'D7'},{'D4'},{'R3'},{'D6'},{'D3'},{'D5'},&,1.0,&
{'R1'},{'R2'},{'D1'},{'D2'},{'D7'},{'R3'},{'D6'},{'D4'},{'D3'},{'D5'},&,1.0,&
{'R1'},{'R2'},{'D1'},{'D2'},{'R3'},{'D7'},{'D3'},{'D6'},,,&,1.0,&
{'R1'},{'R2'},{'D1'},{'D2'},{'D4'},{'D3'},{'D7'},{'R3'},,,&,1.0,&
{'R1'},{'R2'},{'D1'},{'D2'},{'D4'},{'R3'},{'D3'},{'D7'},{'D6'},{'D5'},&,1.0,&
{'R1'},{'R2'},{'D1'},{'D7'},,,,,,,&,1.0,&
{'R1'},{'R2'},{'D1'},{'D7'},{'R3'},,,,,,&,1.0,&
{'R1'},{'R2'},{'D1'},{'D7'},{'R3'},{'D2'},{'D3'},,,,&,1.0,&
{'R1'},{'R2'},{'D1'},{'D7'},{'R3'},{'D2'},{'D4'},{'D3'},{'D6'},{'D5'},&,1.0,&
{'R1'},{'R2'},{'D1'},{'D7'},{'D2'},{'D4'},,,,,&,1.0,&
{'R1'},{'R2'},{'D1'},{'D7'},{'D2'},{'D3'},{'D4'},{'R3'},{'D6'},{'D5'},&,1.0,&
{'R1'},{'R2'},{'D1'},{'D7'},{'D2'},{'D3'},{'D6'},{'D4'},,,&,1.0,&
{'R1'},{'R2'},{'D1'},{'D7'},{'D2'},{'D3'},{'R3'},,,,&,1.0,&
{'R1'},{'R2'},{'D1'},{'D7'},{'D2'},{'R3'},,,,,&,1.0,&
{'R1'},{'R2'},{'D1'},{'D7'},{'D2'},{'D6'},{'D4'},{'R3'},{'D3'},,&,1.0,&
{'R1'},{'R2'},{'D1'},{'D7'},{'D6'},,,,,,&,1.0,&
{'R1'},{'R2'},{'D1'},{'D7'},{'D3'},{'R3'},,,,,&,1.0,&
{'R1'},{'R2'},{'D1'},{'D4'},,,,,,,&,1.0,&
{'R1'},{'R2'},{'D1'},{'D4'},{'R3'},{'D2'},{'D7'},{'D3'},,,&,1.0,&
{'R1'},{'R2'},{'D1'},{'D4'},{'R3'},{'D7'},{'D2'},{'D3'},{'D6'},{'D5'},&,1.0,&
{'R1'},{'R2'},{'D1'},{'D4'},{'D2'},{'R3'},,,,,&,1.0,&
{'R1'},{'R2'},{'D1'},{'D3'},{'D7'},,,,,,&,2.0,&
{'R1'},{'R2'},{'D4'},,,,,,,,&,8.0,&
{'R1'},{'R2'},{'D4'},{'R3'},,,,,,,&,4.0,&
{'R1'},{'R2'},{'D4'},{'R3'},{'D7'},,,,,,&,1.0,&
{'R1'},{'R2'},{'D4'},{'R3'},{'D7'},{'D2'},,,,,&,1.0,&
{'R1'},{'R2'},{'D4'},{'R3'},{'D7'},{'D2'},{'D1'},{'D3'},{'D5'},{'D6'},&,1.0,&
{'R1'},{'R2'},{'D4'},{'R3'},{'D1'},,,,,,&,1.0,&
{'R1'},{'R2'},{'D4'},{'R3'},{'D1'},{'D3'},{'D5'},{'D2'},{'D6'},,&,1.0,&
{'R1'},{'R2'},{'D4'},{'R3'},{'D2'},{'D1'},{'D7'},,,,&,1.0,&
{'R1'},{'R2'},{'D4'},{'D2'},,,,,,,&,1.0,&
{'R1'},{'R2'},{'D4'},{'D2'},{'D7'},,,,,,&,1.0,&
{'R1'},{'R2'},{'D4'},{'D2'},{'R3'},{'D3'},{'D1'},{'D7'},{'D6'},,&,1.0,&
{'R1'},{'R2'},{'D4'},{'D1'},{'R3'},,,,,,&,1.0,&
{'R1'},{'R2'},{'D4'},{'D1'},{'R3'},{'D7'},{'D2'},{'D3'},,,&,1.0,&
{'R1'},{'R2'},{'D4'},{'D7'},,,,,,,&,1.0,&
{'R1'},{'R2'},{'D4'},{'D7'},{'D1'},{'R3'},,,,,&,1.0,&
{'R1'},{'R2'},{'D4'},{'D7'},{'D2'},{'R3'},{'D3'},{'D1'},{'D6'},,&,1.0,&
{'R1'},{'R2'},,,,,,,,,&,50.0,&
{'R1'},{'R2'},{'D7'},,,,,,,,&,15.0,&
{'R1'},{'R2'},{'D7'},{'R3'},,,,,,,&,7.0,&
{'R1'},{'R2'},{'D7'},{'R3'},{'D1'},,,,,,&,2.0,&
{'R1'},{'R2'},{'D7'},{'R3'},{'D1'},{'D4'},,,,,&,1.0,&
{'R1'},{'R2'},{'D7'},{'R3'},{'D1'},{'D2'},{'D3'},{'D4'},{'D5'},,&,1.0,&
{'R1'},{'R2'},{'D7'},{'R3'},{'D4'},,,,,,&,1.0,&
{'R1'},{'R2'},{'D7'},{'R3'},{'D2'},,,,,,&,2.0,&
{'R1'},{'R2'},{'D7'},{'R3'},{'D2'},{'D4'},,,,,&,1.0,&
{'R1'},{'R2'},{'D7'},{'R3'},{'D2'},{'D4'},{'D1'},,,,&,1.0,&
{'R1'},{'R2'},{'D7'},{'R3'},{'D2'},{'D3'},{'D1'},,,,&,1.0,&
{'R1'},{'R2'},{'D7'},{'R3'},{'D2'},{'D1'},{'D4'},{'D3'},,,&,1.0,&
{'R1'},{'R2'},{'D7'},{'R3'},{'D6'},{'D3'},{'D2'},{'D1'},{'D4'},{'D5'},&,1.0,&
{'R1'},{'R2'},{'D7'},{'R3'},{'D6'},{'D2'},,,,,&,1.0,&
{'R1'},{'R2'},{'D7'},{'R3'},{'D3'},{'D2'},,,,,&,1.0,&
{'R1'},{'R2'},{'D7'},{'D2'},{'R3'},,,,,,&,1.0,&
{'R1'},{'R2'},{'D7'},{'D2'},{'R3'},{'D4'},{'D1'},{'D3'},{'D6'},{'D5'},&,1.0,&
{'R1'},{'R2'},{'D7'},{'D2'},{'R3'},{'D1'},{'D3'},,,,&,1.0,&
{'R1'},{'R2'},{'D7'},{'D2'},{'D1'},{'D4'},{'D3'},{'D6'},,,&,1.0,&
{'R1'},{'R2'},{'D7'},{'D2'},{'D1'},{'D4'},{'D3'},{'D6'},{'R3'},,&,1.0,&
{'R1'},{'R2'},{'D7'},{'D2'},{'D1'},{'D3'},{'D4'},{'D6'},{'D5'},,&,1.0,&
{'R1'},{'R2'},{'D7'},{'D2'},{'D1'},{'R3'},,,,,&,1.0,&
{'R1'},{'R2'},{'D7'},{'D2'},{'D1'},{'R3'},{'D4'},{'D3'},{'D6'},{'D5'},&,1.0,&
{'R1'},{'R2'},{'D7'},{'D2'},{'D1'},{'D6'},,,,,&,1.0,&
{'R1'},{'R2'},{'D7'},{'D2'},{'D1'},{'D6'},{'D3'},,,,&,1.0,&
{'R1'},{'R2'},{'D7'},{'D2'},{'D4'},{'D3'},{'D1'},{'D6'},{'R3'},{'D5'},&,1.0,&
{'R1'},{'R2'},{'D7'},{'D2'},{'D4'},{'D1'},{'D3'},,,,&,1.0,&
{'R1'},{'R2'},{'D7'},{'D2'},{'D4'},{'R3'},,,,,&,1.0,&
{'R1'},{'R2'},{'D7'},{'D1'},,,,,,,&,1.0,&
{'R1'},{'R2'},{'D7'},{'D1'},{'R3'},{'D2'},{'D6'},{'D4'},,,&,1.0,&
{'R1'},{'R2'},{'D7'},{'D1'},{'D4'},,,,,,&,1.0,&
{'R1'},{'R2'},{'D7'},{'D1'},{'D4'},{'R3'},{'D2'},{'D3'},{'D5'},,&,1.0,&
{'R1'},{'R2'},{'D7'},{'D1'},{'D2'},,,,,,&,1.0,&
{'R1'},{'R2'},{'D7'},{'D1'},{'D2'},{'D4'},{'D3'},{'D6'},,,&,1.0,&
{'R1'},{'R2'},{'D7'},{'D1'},{'D2'},{'D4'},{'D3'},{'D6'},{'R3'},,&,1.0,&
{'R1'},{'R2'},{'D7'},{'D1'},{'D2'},{'R3'},{'D4'},,,,&,1.0,&
{'R1'},{'R2'},{'D7'},{'D1'},{'D2'},{'R3'},{'D6'},,,,&,1.0,&
{'R1'},{'R2'},{'D7'},{'D1'},{'D3'},{'R3'},{'D2'},{'D6'},{'D4'},{'D5'},&,1.0,&
{'R1'},{'R2'},{'D7'},{'D4'},,,,,,,&,1.0,&
{'R1'},{'R2'},{'D7'},{'D4'},{'R3'},,,,,,&,1.0,&
{'R1'},{'R2'},{'D7'},{'D4'},{'R3'},{'D6'},{'D3'},{'D2'},{'D1'},,&,1.0,&
{'R1'},{'R2'},{'D7'},{'D4'},{'D1'},{'D2'},{'R3'},,,,&,2.0,&
{'R1'},{'R2'},{'D7'},{'D4'},{'D2'},{'D3'},{'R3'},{'D1'},,,&,1.0,&
{'R1'},{'R2'},{'D7'},{'D4'},{'D2'},{'D1'},{'R3'},,,,&,1.0,&
{'R1'},{'R2'},{'D7'},{'D3'},{'R3'},{'D2'},,,,,&,1.0,&
{'R1'},{'R2'},{'D7'},{'D3'},{'D2'},{'D6'},{'R3'},{'D1'},{'D4'},{'D5'},&,1.0,&
{'R1'},{'R2'},{'D2'},,,,,,,,&,13.0,&
{'R1'},{'R2'},{'D2'},{'R3'},,,,,,,&,6.0,&
{'R1'},{'R2'},{'D2'},{'R3'},{'D7'},,,,,,&,1.0,&
{'R1'},{'R2'},{'D2'},{'R3'},{'D7'},{'D1'},,,,,&,1.0,&
{'R1'},{'R2'},{'D2'},{'R3'},{'D7'},{'D1'},{'D3'},{'D6'},{'D4'},{'D5'},&,1.0,&
{'R1'},{'R2'},{'D2'},{'R3'},{'D7'},{'D1'},{'D4'},,,,&,1.0,&
{'R1'},{'R2'},{'D2'},{'R3'},{'D7'},{'D6'},{'D1'},,,,&,1.0,&
{'R1'},{'R2'},{'D2'},{'R3'},{'D7'},{'D6'},{'D1'},{'D4'},,,&,1.0,&
{'R1'},{'R2'},{'D2'},{'R3'},{'D7'},{'D6'},{'D4'},,,,&,1.0,&
{'R1'},{'R2'},{'D2'},{'R3'},{'D1'},{'D4'},{'D6'},,,,&,1.0,&
{'R1'},{'R2'},{'D2'},{'R3'},{'D1'},{'D7'},,,,,&,2.0,&
{'R1'},{'R2'},{'D2'},{'R3'},{'D4'},{'D1'},,,,,&,1.0,&
{'R1'},{'R2'},{'D2'},{'R3'},{'D6'},,,,,,&,1.0,&
{'R1'},{'R2'},{'D2'},{'R3'},{'D6'},{'D1'},{'D4'},{'D3'},{'D7'},{'D5'},&,1.0,&
{'R1'},{'R2'},{'D2'},{'R3'},{'D3'},{'D7'},{'D4'},{'D1'},,,&,1.0,&
{'R1'},{'R2'},{'D2'},{'R3'},{'D5'},,,,,,&,1.0,&
{'R1'},{'R2'},{'D2'},{'D1'},,,,,,,&,3.0,&
{'R1'},{'R2'},{'D2'},{'D1'},{'D7'},,,,,,&,2.0,&
{'R1'},{'R2'},{'D2'},{'D1'},{'D7'},{'R3'},,,,,&,1.0,&
{'R1'},{'R2'},{'D2'},{'D1'},{'D7'},{'R3'},{'D6'},{'D4'},{'D3'},,&,1.0,&
{'R1'},{'R2'},{'D2'},{'D1'},{'R3'},{'D7'},{'D3'},,,,&,1.0,&
{'R1'},{'R2'},{'D2'},{'D1'},{'R3'},{'D7'},{'D3'},{'D4'},,,&,2.0,&
{'R1'},{'R2'},{'D2'},{'D1'},{'R3'},{'D7'},{'D4'},,,,&,1.0,&
{'R1'},{'R2'},{'D2'},{'D1'},{'D4'},,,,,,&,1.0,&
{'R1'},{'R2'},{'D2'},{'D1'},{'D6'},{'R3'},{'D3'},{'D7'},{'D4'},,&,1.0,&
{'R1'},{'R2'},{'D2'},{'D7'},,,,,,,&,7.0,&
{'R1'},{'R2'},{'D2'},{'D7'},{'R3'},,,,,,&,3.0,&
{'R1'},{'R2'},{'D2'},{'D7'},{'R3'},{'D4'},,,,,&,1.0,&
{'R1'},{'R2'},{'D2'},{'D7'},{'R3'},{'D4'},{'D1'},,,,&,1.0,&
{'R1'},{'R2'},{'D2'},{'D7'},{'R3'},{'D4'},{'D6'},{'D1'},{'D3'},,&,1.0,&
{'R1'},{'R2'},{'D2'},{'D7'},{'R3'},{'D3'},{'D4'},{'D1'},{'D6'},,&,1.0,&
{'R1'},{'R2'},{'D2'},{'D7'},{'R3'},{'D1'},,,,,&,3.0,&
{'R1'},{'R2'},{'D2'},{'D7'},{'R3'},{'D1'},{'D3'},,,,&,1.0,&
{'R1'},{'R2'},{'D2'},{'D7'},{'R3'},{'D1'},{'D3'},{'D6'},{'D4'},{'D5'},&,1.0,&
{'R1'},{'R2'},{'D2'},{'D7'},{'R3'},{'D1'},{'D4'},{'D5'},,,&,1.0,&
{'R1'},{'R2'},{'D2'},{'D7'},{'D1'},{'D4'},{'D3'},{'R3'},,,&,1.0,&
{'R1'},{'R2'},{'D2'},{'D7'},{'D1'},{'D4'},{'R3'},{'D3'},{'D6'},,&,1.0,&
{'R1'},{'R2'},{'D2'},{'D7'},{'D1'},{'R3'},,,,,&,1.0,&
{'R1'},{'R2'},{'D2'},{'D7'},{'D1'},{'R3'},{'D3'},{'D4'},,,&,1.0,&
{'R1'},{'R2'},{'D2'},{'D7'},{'D1'},{'R3'},{'D3'},{'D4'},{'D6'},,&,1.0,&
{'R1'},{'R2'},{'D2'},{'D7'},{'D1'},{'R3'},{'D6'},{'D4'},,,&,1.0,&
{'R1'},{'R2'},{'D2'},{'D7'},{'D1'},{'D6'},{'D3'},{'R3'},,,&,1.0,&
{'R1'},{'R2'},{'D2'},{'D7'},{'D4'},{'R3'},,,,,&,1.0,&
{'R1'},{'R2'},{'D2'},{'D7'},{'D4'},{'R3'},{'D3'},{'D5'},{'D1'},,&,1.0,&
{'R1'},{'R2'},{'D2'},{'D7'},{'D6'},,,,,,&,1.0,&
{'R1'},{'R2'},{'D2'},{'D7'},{'D6'},{'D1'},{'R3'},,,,&,1.0,&
{'R1'},{'R2'},{'D2'},{'D4'},,,,,,,&,3.0,&
{'R1'},{'R2'},{'D2'},{'D4'},{'D7'},,,,,,&,1.0,&
{'R1'},{'R2'},{'D2'},{'D4'},{'D7'},{'D1'},{'D5'},{'R3'},{'D6'},{'D3'},&,1.0,&
{'R1'},{'R2'},{'D2'},{'D4'},{'D7'},{'D1'},{'R3'},{'D3'},{'D6'},,&,1.0,&
{'R1'},{'R2'},{'D2'},{'D4'},{'R3'},{'D7'},{'D1'},{'D3'},{'D5'},{'D6'},&,1.0,&
{'R1'},{'R2'},{'D2'},{'D3'},{'R3'},,,,,,&,1.0,&
{'R1'},{'R2'},{'D2'},{'D6'},,,,,,,&,2.0,&
{'R1'},{'R2'},{'D2'},{'D6'},{'R3'},,,,,,&,1.0,&
{'R1'},{'R2'},{'D2'},{'D6'},{'R3'},{'D7'},{'D1'},{'D4'},,,&,1.0,&
{'R1'},{'R2'},{'D2'},{'D6'},{'D1'},{'R3'},{'D4'},{'D7'},,,&,1.0,&
{'R1'},{'R2'},{'D2'},{'D5'},,,,,,,&,1.0,&
{'R1'},{'R2'},{'D2'},{'D5'},{'R3'},{'D7'},{'D1'},{'D4'},{'D6'},,&,1.0,&
{'R1'},{'R2'},{'D3'},,,,,,,,&,1.0,&
{'R1'},{'R2'},{'D3'},{'R3'},,,,,,,&,1.0,&
{'R1'},{'R2'},{'D3'},{'R3'},{'D7'},{'D5'},,,,,&,1.0,&
{'R1'},{'R2'},{'D3'},{'D1'},,,,,,,&,1.0,&
{'R1'},{'R2'},{'D3'},{'D1'},{'D4'},{'D2'},{'R3'},{'D7'},{'D6'},{'D5'},&,1.0,&
{'R1'},{'R2'},{'D3'},{'D1'},{'D2'},,,,,,&,1.0,&
{'R1'},{'R2'},{'D3'},{'D4'},{'R3'},{'D1'},{'D2'},,,,&,1.0,&
{'R1'},{'R2'},{'D6'},,,,,,,,&,1.0,&
{'R1'},{'R2'},{'D6'},{'R3'},,,,,,,&,1.0,&
{'R1'},{'R2'},{'D6'},{'R3'},{'D1'},{'D2'},{'D4'},{'D7'},{'D3'},{'D5'},&,1.0,&
{'R1'},{'R2'},{'D6'},{'R3'},{'D4'},{'D7'},{'D1'},{'D2'},{'D3'},{'D5'},&,1.0,&
{'R1'},{'R2'},{'D6'},{'D2'},{'D7'},{'D3'},,,,,&,1.0,&
{'R1'},{'R2'},{'D6'},{'D2'},{'D7'},{'R3'},{'D5'},{'D1'},{'D3'},{'D4'},&,1.0,&
{'R1'},{'R2'},{'D6'},{'D2'},{'D1'},{'D7'},{'D4'},,,,&,1.0,&
{'R1'},{'R2'},{'D6'},{'D1'},{'D7'},{'D2'},{'R3'},{'D4'},,,&,1.0,&
{'R1'},{'R2'},{'D6'},{'D7'},,,,,,,&,1.0,&
{'R1'},{'R2'},{'D5'},{'R3'},{'D1'},{'D7'},{'D4'},{'D2'},{'D3'},{'D6'},&,1.0,&
{'R1'},{'R2'},{'D5'},{'R3'},{'D2'},{'D7'},{'D4'},,,,&,1.0,&
{'R1'},{'R2'},{'D5'},{'D3'},{'D1'},{'R3'},{'D7'},{'D2'},{'D4'},{'D6'},&,1.0,&
{'R1'},,,,,,,,,,&,276.0,&
{'R1'},{'R3'},{'R2'},,,,,,,,&,104.0,&
{'R1'},{'R3'},{'R2'},{'D2'},,,,,,,&,14.0,&
{'R1'},{'R3'},{'R2'},{'D2'},{'D7'},,,,,,&,11.0,&
{'R1'},{'R3'},{'R2'},{'D2'},{'D7'},{'D4'},,,,,&,1.0,&
{'R1'},{'R3'},{'R2'},{'D2'},{'D7'},{'D4'},{'D1'},{'D6'},,,&,1.0,&
{'R1'},{'R3'},{'R2'},{'D2'},{'D7'},{'D4'},{'D1'},{'D3'},{'D6'},{'D5'},&,1.0,&
{'R1'},{'R3'},{'R2'},{'D2'},{'D7'},{'D4'},{'D6'},,,,&,1.0,&
{'R1'},{'R3'},{'R2'},{'D2'},{'D7'},{'D3'},{'D1'},,,,&,4.0,&
{'R1'},{'R3'},{'R2'},{'D2'},{'D7'},{'D3'},{'D1'},{'D6'},,,&,1.0,&
{'R1'},{'R3'},{'R2'},{'D2'},{'D7'},{'D3'},{'D1'},{'D4'},{'D6'},,&,1.0,&
{'R1'},{'R3'},{'R2'},{'D2'},{'D7'},{'D3'},{'D4'},,,,&,1.0,&
{'R1'},{'R3'},{'R2'},{'D2'},{'D7'},{'D3'},{'D4'},{'D1'},{'D6'},{'D5'},&,1.0,&
{'R1'},{'R3'},{'R2'},{'D2'},{'D7'},{'D1'},,,,,&,1.0,&
{'R1'},{'R3'},{'R2'},{'D2'},{'D7'},{'D1'},{'D4'},,,,&,2.0,&
{'R1'},{'R3'},{'R2'},{'D2'},{'D7'},{'D1'},{'D4'},{'D6'},{'D3'},,&,1.0,&
{'R1'},{'R3'},{'R2'},{'D2'},{'D7'},{'D1'},{'D4'},{'D6'},{'D3'},{'D5'},&,2.0,&
{'R1'},{'R3'},{'R2'},{'D2'},{'D7'},{'D1'},{'D4'},{'D3'},{'D6'},{'D5'},&,1.0,&
{'R1'},{'R3'},{'R2'},{'D2'},{'D7'},{'D1'},{'D6'},{'D4'},,,&,1.0,&
{'R1'},{'R3'},{'R2'},{'D2'},{'D7'},{'D5'},{'D1'},{'D6'},{'D4'},,&,1.0,&
{'R1'},{'R3'},{'R2'},{'D2'},{'D7'},{'D6'},{'D1'},,,,&,1.0,&
{'R1'},{'R3'},{'R2'},{'D2'},{'D1'},,,,,,&,5.0,&
{'R1'},{'R3'},{'R2'},{'D2'},{'D1'},{'D4'},,,,,&,1.0,&
{'R1'},{'R3'},{'R2'},{'D2'},{'D1'},{'D4'},{'D3'},,,,&,1.0,&
{'R1'},{'R3'},{'R2'},{'D2'},{'D1'},{'D4'},{'D7'},,,,&,1.0,&
{'R1'},{'R3'},{'R2'},{'D2'},{'D1'},{'D4'},{'D7'},{'D3'},{'D6'},{'D5'},&,1.0,&
{'R1'},{'R3'},{'R2'},{'D2'},{'D1'},{'D3'},{'D7'},{'D4'},{'D6'},{'D5'},&,2.0,&
{'R1'},{'R3'},{'R2'},{'D2'},{'D1'},{'D7'},,,,,&,4.0,&
{'R1'},{'R3'},{'R2'},{'D2'},{'D1'},{'D7'},{'D3'},,,,&,1.0,&
{'R1'},{'R3'},{'R2'},{'D2'},{'D1'},{'D7'},{'D5'},{'D6'},{'D3'},{'D4'},&,1.0,&
{'R1'},{'R3'},{'R2'},{'D2'},{'D1'},{'D7'},{'D4'},,,,&,5.0,&
{'R1'},{'R3'},{'R2'},{'D2'},{'D1'},{'D7'},{'D4'},{'D3'},{'D6'},,&,1.0,&
{'R1'},{'R3'},{'R2'},{'D2'},{'D4'},,,,,,&,3.0,&
{'R1'},{'R3'},{'R2'},{'D2'},{'D4'},{'D3'},,,,,&,1.0,&
{'R1'},{'R3'},{'R2'},{'D2'},{'D4'},{'D1'},{'D7'},,,,&,1.0,&
{'R1'},{'R3'},{'R2'},{'D2'},{'D4'},{'D1'},{'D7'},{'D3'},{'D5'},{'D6'},&,1.0,&
{'R1'},{'R3'},{'R2'},{'D2'},{'D4'},{'D1'},{'D6'},{'D7'},,,&,1.0,&
{'R1'},{'R3'},{'R2'},{'D2'},{'D4'},{'D7'},,,,,&,3.0,&
{'R1'},{'R3'},{'R2'},{'D2'},{'D4'},{'D7'},{'D3'},{'D1'},{'D6'},{'D5'},&,1.0,&
{'R1'},{'R3'},{'R2'},{'D2'},{'D4'},{'D7'},{'D1'},{'D6'},,,&,1.0,&
{'R1'},{'R3'},{'R2'},{'D2'},{'D4'},{'D7'},{'D1'},{'D3'},{'D6'},{'D5'},&,1.0,&
{'R1'},{'R3'},{'R2'},{'D2'},{'D4'},{'D6'},{'D7'},,,,&,1.0,&
{'R1'},{'R3'},{'R2'},{'D2'},{'D3'},{'D4'},{'D7'},{'D1'},{'D6'},,&,1.0,&
{'R1'},{'R3'},{'R2'},{'D2'},{'D3'},{'D1'},,,,,&,1.0,&
{'R1'},{'R3'},{'R2'},{'D2'},{'D3'},{'D1'},{'D6'},{'D7'},{'D4'},,&,1.0,&
{'R1'},{'R3'},{'R2'},{'D2'},{'D3'},{'D7'},,,,,&,1.0,&
{'R1'},{'R3'},{'R2'},{'D2'},{'D5'},{'D7'},{'D3'},,,,&,1.0,&
{'R1'},{'R3'},{'R2'},{'D1'},,,,,,,&,7.0,&
{'R1'},{'R3'},{'R2'},{'D1'},{'D7'},,,,,,&,4.0,&
{'R1'},{'R3'},{'R2'},{'D1'},{'D7'},{'D4'},,,,,&,3.0,&
{'R1'},{'R3'},{'R2'},{'D1'},{'D7'},{'D4'},{'D3'},{'D2'},,,&,1.0,&
{'R1'},{'R3'},{'R2'},{'D1'},{'D7'},{'D4'},{'D2'},,,,&,1.0,&
{'R1'},{'R3'},{'R2'},{'D1'},{'D7'},{'D3'},{'D2'},,,,&,2.0,&
{'R1'},{'R3'},{'R2'},{'D1'},{'D7'},{'D3'},{'D2'},{'D4'},{'D6'},,&,1.0,&
{'R1'},{'R3'},{'R2'},{'D1'},{'D7'},{'D3'},{'D2'},{'D4'},{'D6'},{'D5'},&,1.0,&
{'R1'},{'R3'},{'R2'},{'D1'},{'D7'},{'D3'},{'D6'},{'D4'},,,&,1.0,&
{'R1'},{'R3'},{'R2'},{'D1'},{'D7'},{'D2'},,,,,&,2.0,&
{'R1'},{'R3'},{'R2'},{'D1'},{'D7'},{'D2'},{'D3'},,,,&,3.0,&
{'R1'},{'R3'},{'R2'},{'D1'},{'D7'},{'D2'},{'D3'},{'D4'},,,&,1.0,&
{'R1'},{'R3'},{'R2'},{'D1'},{'D7'},{'D2'},{'D5'},{'D4'},{'D3'},{'D6'},&,1.0,&
{'R1'},{'R3'},{'R2'},{'D1'},{'D7'},{'D2'},{'D4'},,,,&,2.0,&
{'R1'},{'R3'},{'R2'},{'D1'},{'D7'},{'D2'},{'D4'},{'D3'},{'D5'},,&,1.0,&
{'R1'},{'R3'},{'R2'},{'D1'},{'D7'},{'D2'},{'D6'},,,,&,1.0,&
{'R1'},{'R3'},{'R2'},{'D1'},{'D4'},{'D2'},,,,,&,1.0,&
{'R1'},{'R3'},{'R2'},{'D1'},{'D4'},{'D2'},{'D7'},{'D3'},{'D5'},,&,1.0,&
{'R1'},{'R3'},{'R2'},{'D1'},{'D4'},{'D7'},{'D2'},,,,&,1.0,&
{'R1'},{'R3'},{'R2'},{'D1'},{'D4'},{'D6'},,,,,&,1.0,&
{'R1'},{'R3'},{'R2'},{'D1'},{'D2'},,,,,,&,4.0,&
{'R1'},{'R3'},{'R2'},{'D1'},{'D2'},{'D4'},,,,,&,1.0,&
{'R1'},{'R3'},{'R2'},{'D1'},{'D2'},{'D4'},{'D7'},{'D3'},,,&,1.0,&
{'R1'},{'R3'},{'R2'},{'D1'},{'D2'},{'D3'},{'D7'},{'D6'},,,&,1.0,&
{'R1'},{'R3'},{'R2'},{'D1'},{'D2'},{'D7'},,,,,&,2.0,&
{'R1'},{'R3'},{'R2'},{'D1'},{'D2'},{'D7'},{'D4'},{'D5'},,,&,1.0,&
{'R1'},{'R3'},{'R2'},{'D1'},{'D2'},{'D7'},{'D4'},{'D3'},,,&,1.0,&
{'R1'},{'R3'},{'R2'},{'D1'},{'D2'},{'D7'},{'D4'},{'D3'},{'D6'},{'D5'},&,1.0,&
{'R1'},{'R3'},{'R2'},{'D1'},{'D2'},{'D7'},{'D6'},,,,&,1.0,&
{'R1'},{'R3'},{'R2'},{'D1'},{'D2'},{'D6'},{'D3'},,,,&,1.0,&
{'R1'},{'R3'},{'R2'},{'D1'},{'D6'},,,,,,&,1.0,&
{'R1'},{'R3'},{'R2'},{'D1'},{'D3'},{'D2'},,,,,&,1.0,&
{'R1'},{'R3'},{'R2'},{'D1'},{'D3'},{'D7'},,,,,&,1.0,&
{'R1'},{'R3'},{'R2'},{'D1'},{'D3'},{'D7'},{'D2'},,,,&,1.0,&
{'R1'},{'R3'},{'R2'},{'D1'},{'D3'},{'D7'},{'D2'},{'D4'},{'D6'},,&,1.0,&
{'R1'},{'R3'},{'R2'},{'D7'},,,,,,,&,12.0,&
{'R1'},{'R3'},{'R2'},{'D7'},{'D1'},,,,,,&,4.0,&
{'R1'},{'R3'},{'R2'},{'D7'},{'D1'},{'D4'},{'D3'},{'D2'},{'D6'},{'D5'},&,1.0,&
{'R1'},{'R3'},{'R2'},{'D7'},{'D1'},{'D3'},{'D4'},{'D5'},,,&,1.0,&
{'R1'},{'R3'},{'R2'},{'D7'},{'D1'},{'D2'},,,,,&,1.0,&
{'R1'},{'R3'},{'R2'},{'D7'},{'D1'},{'D2'},{'D4'},,,,&,1.0,&
{'R1'},{'R3'},{'R2'},{'D7'},{'D1'},{'D2'},{'D4'},{'D3'},{'D6'},{'D5'},&,1.0,&
{'R1'},{'R3'},{'R2'},{'D7'},{'D1'},{'D2'},{'D6'},{'D3'},{'D4'},,&,1.0,&
{'R1'},{'R3'},{'R2'},{'D7'},{'D1'},{'D2'},{'D6'},{'D4'},{'D3'},{'D5'},&,1.0,&
{'R1'},{'R3'},{'R2'},{'D7'},{'D4'},,,,,,&,5.0,&
{'R1'},{'R3'},{'R2'},{'D7'},{'D4'},{'D1'},,,,,&,1.0,&
{'R1'},{'R3'},{'R2'},{'D7'},{'D4'},{'D6'},{'D2'},,,,&,1.0,&
{'R1'},{'R3'},{'R2'},{'D7'},{'D2'},,,,,,&,3.0,&
{'R1'},{'R3'},{'R2'},{'D7'},{'D2'},{'D4'},,,,,&,1.0,&
{'R1'},{'R3'},{'R2'},{'D7'},{'D2'},{'D4'},{'D1'},,,,&,2.0,&
{'R1'},{'R3'},{'R2'},{'D7'},{'D2'},{'D4'},{'D1'},{'D3'},{'D5'},{'D6'},&,1.0,&
{'R1'},{'R3'},{'R2'},{'D7'},{'D2'},{'D3'},,,,,&,1.0,&
{'R1'},{'R3'},{'R2'},{'D7'},{'D2'},{'D3'},{'D1'},{'D6'},{'D4'},{'D5'},&,1.0,&
{'R1'},{'R3'},{'R2'},{'D7'},{'D2'},{'D3'},{'D6'},,,,&,1.0,&
{'R1'},{'R3'},{'R2'},{'D7'},{'D2'},{'D3'},{'D6'},{'D1'},,,&,1.0,&
{'R1'},{'R3'},{'R2'},{'D7'},{'D2'},{'D1'},,,,,&,2.0,&
{'R1'},{'R3'},{'R2'},{'D7'},{'D2'},{'D1'},{'D3'},,,,&,1.0,&
{'R1'},{'R3'},{'R2'},{'D7'},{'D2'},{'D1'},{'D3'},{'D6'},{'D4'},,&,1.0,&
{'R1'},{'R3'},{'R2'},{'D7'},{'D2'},{'D1'},{'D3'},{'D4'},,,&,2.0,&
{'R1'},{'R3'},{'R2'},{'D7'},{'D2'},{'D1'},{'D3'},{'D4'},{'D5'},{'D6'},&,1.0,&
{'R1'},{'R3'},{'R2'},{'D7'},{'D2'},{'D1'},{'D4'},,,,&,2.0,&
{'R1'},{'R3'},{'R2'},{'D7'},{'D2'},{'D1'},{'D4'},{'D5'},{'D3'},,&,1.0,&
{'R1'},{'R3'},{'R2'},{'D7'},{'D2'},{'D1'},{'D6'},{'D4'},{'D5'},{'D3'},&,1.0,&
{'R1'},{'R3'},{'R2'},{'D7'},{'D2'},{'D6'},,,,,&,1.0,&
{'R1'},{'R3'},{'R2'},{'D7'},{'D2'},{'D6'},{'D1'},{'D3'},{'D4'},{'D5'},&,1.0,&
{'R1'},{'R3'},{'R2'},{'D7'},{'D2'},{'D6'},{'D1'},{'D4'},,,&,1.0,&
{'R1'},{'R3'},{'R2'},{'D7'},{'D6'},{'D2'},,,,,&,1.0,&
{'R1'},{'R3'},{'R2'},{'D7'},{'D6'},{'D2'},{'D1'},,,,&,1.0,&
{'R1'},{'R3'},{'R2'},{'D7'},{'D6'},{'D1'},{'D2'},{'D5'},{'D3'},{'D4'},&,1.0,&
{'R1'},{'R3'},{'R2'},{'D7'},{'D6'},{'D1'},{'D4'},{'D2'},,,&,1.0,&
{'R1'},{'R3'},{'R2'},{'D7'},{'D3'},{'D4'},,,,,&,1.0,&
{'R1'},{'R3'},{'R2'},{'D7'},{'D3'},{'D1'},{'D2'},{'D4'},,,&,1.0,&
{'R1'},{'R3'},{'R2'},{'D7'},{'D5'},,,,,,&,1.0,&
{'R1'},{'R3'},{'R2'},{'D4'},,,,,,,&,3.0,&
{'R1'},{'R3'},{'R2'},{'D4'},{'D1'},,,,,,&,1.0,&
{'R1'},{'R3'},{'R2'},{'D4'},{'D1'},{'D2'},{'D7'},{'D6'},{'D5'},{'D3'},&,1.0,&
{'R1'},{'R3'},{'R2'},{'D4'},{'D1'},{'D2'},{'D7'},{'D6'},{'D3'},,&,1.0,&
{'R1'},{'R3'},{'R2'},{'D4'},{'D1'},{'D2'},{'D7'},{'D6'},{'D3'},{'D5'},&,1.0,&
{'R1'},{'R3'},{'R2'},{'D4'},{'D1'},{'D7'},{'D2'},{'D6'},{'D3'},{'D5'},&,1.0,&
{'R1'},{'R3'},{'R2'},{'D4'},{'D2'},,,,,,&,2.0,&
{'R1'},{'R3'},{'R2'},{'D4'},{'D2'},{'D3'},{'D7'},,,,&,1.0,&
{'R1'},{'R3'},{'R2'},{'D4'},{'D2'},{'D7'},{'D1'},{'D6'},,,&,1.0,&
{'R1'},{'R3'},{'R2'},{'D4'},{'D2'},{'D7'},{'D6'},,,,&,1.0,&
{'R1'},{'R3'},{'R2'},{'D4'},{'D6'},{'D3'},{'D7'},,,,&,1.0,&
{'R1'},{'R3'},{'R2'},{'D4'},{'D3'},{'D1'},{'D2'},{'D7'},{'D5'},{'D6'},&,1.0,&
{'R1'},{'R3'},{'R2'},{'D3'},,,,,,,&,1.0,&
{'R1'},{'R3'},{'R2'},{'D3'},{'D7'},{'D2'},{'D1'},{'D5'},{'D4'},,&,1.0,&
{'R1'},{'R3'},{'R2'},{'D3'},{'D1'},,,,,,&,1.0,&
{'R1'},{'R3'},{'R2'},{'D3'},{'D1'},{'D2'},{'D7'},{'D4'},,,&,1.0,&
{'R1'},{'R3'},{'R2'},{'D3'},{'D1'},{'D7'},{'D4'},,,,&,1.0,&
{'R1'},{'R3'},{'R2'},{'D3'},{'D4'},,,,,,&,1.0,&
{'R1'},{'R3'},{'R2'},{'D3'},{'D2'},{'D7'},{'D1'},{'D4'},{'D6'},{'D5'},&,1.0,&
{'R1'},{'R3'},{'R2'},{'D3'},{'D2'},{'D6'},{'D1'},{'D4'},{'D7'},{'D5'},&,1.0,&
{'R1'},{'R3'},{'R2'},{'D3'},{'D6'},{'D1'},{'D2'},,,,&,1.0,&
{'R1'},{'R3'},{'R2'},{'D6'},,,,,,,&,3.0,&
{'R1'},{'R3'},{'R2'},{'D6'},{'D7'},{'D2'},{'D1'},,,,&,1.0,&
{'R1'},{'R3'},{'R2'},{'D6'},{'D7'},{'D1'},,,,,&,1.0,&
{'R1'},{'R3'},{'R2'},{'D6'},{'D7'},{'D1'},{'D2'},,,,&,2.0,&
{'R1'},{'R3'},{'R2'},{'D6'},{'D7'},{'D1'},{'D2'},{'D4'},{'D3'},{'D5'},&,1.0,&
{'R1'},{'R3'},{'R2'},{'D6'},{'D1'},,,,,,&,1.0,&
{'R1'},{'R3'},{'R2'},{'D6'},{'D1'},{'D4'},{'D7'},,,,&,1.0,&
{'R1'},{'R3'},{'R2'},{'D6'},{'D1'},{'D2'},{'D4'},{'D5'},{'D7'},{'D3'},&,1.0,&
{'R1'},{'R3'},{'R2'},{'D6'},{'D4'},,,,,,&,1.0,&
{'R1'},{'R3'},{'R2'},{'D6'},{'D2'},{'D1'},,,,,&,1.0,&
{'R1'},{'R3'},{'R2'},{'D5'},,,,,,,&,1.0,&
{'R1'},{'R3'},{'R2'},{'D5'},{'D1'},,,,,,&,1.0,&
{'R1'},{'R3'},{'R2'},{'D5'},{'D1'},{'D2'},{'D7'},{'D4'},{'D3'},{'D6'},&,1.0,&
{'R1'},{'R3'},{'R2'},{'D5'},{'D4'},,,,,,&,1.0,&
{'R1'},{'R3'},{'R2'},{'D5'},{'D2'},{'D1'},,,,,&,1.0,&
{'R1'},{'R3'},{'D1'},,,,,,,,&,18.0,&
{'R1'},{'R3'},{'D1'},{'D2'},,,,,,,&,2.0,&
{'R1'},{'R3'},{'D1'},{'D2'},{'D7'},{'D4'},{'D3'},{'D5'},{'R2'},{'D6'},&,1.0,&
{'R1'},{'R3'},{'D1'},{'D2'},{'D7'},{'D4'},{'D5'},{'D3'},,,&,1.0,&
{'R1'},{'R3'},{'D1'},{'D2'},{'D7'},{'D4'},{'R2'},{'D6'},,,&,1.0,&
{'R1'},{'R3'},{'D1'},{'D2'},{'D7'},{'D4'},{'D6'},{'D3'},,,&,1.0,&
{'R1'},{'R3'},{'D1'},{'D2'},{'D7'},{'R2'},,,,,&,3.0,&
{'R1'},{'R3'},{'D1'},{'D2'},{'D7'},{'R2'},{'D4'},{'D5'},{'D3'},{'D6'},&,1.0,&
{'R1'},{'R3'},{'D1'},{'D2'},{'D7'},{'R2'},{'D4'},{'D3'},,,&,1.0,&
{'R1'},{'R3'},{'D1'},{'D2'},{'R2'},,,,,,&,5.0,&
{'R1'},{'R3'},{'D1'},{'D2'},{'R2'},{'D7'},,,,,&,1.0,&
{'R1'},{'R3'},{'D1'},{'D2'},{'R2'},{'D7'},{'D3'},,,,&,1.0,&
{'R1'},{'R3'},{'D1'},{'D2'},{'R2'},{'D7'},{'D3'},{'D4'},{'D6'},{'D5'},&,1.0,&
{'R1'},{'R3'},{'D1'},{'D2'},{'R2'},{'D7'},{'D4'},{'D6'},{'D3'},,&,1.0,&
{'R1'},{'R3'},{'D1'},{'D2'},{'R2'},{'D7'},{'D4'},{'D3'},{'D6'},,&,1.0,&
{'R1'},{'R3'},{'D1'},{'D2'},{'D4'},{'D7'},{'D3'},{'D6'},{'R2'},{'D5'},&,1.0,&
{'R1'},{'R3'},{'D1'},{'D2'},{'D4'},{'D7'},{'D3'},{'R2'},{'D6'},{'D5'},&,1.0,&
{'R1'},{'R3'},{'D1'},{'D2'},{'D3'},{'D4'},{'D7'},{'D5'},{'R2'},,&,1.0,&
{'R1'},{'R3'},{'D1'},{'D2'},{'D3'},{'D7'},{'R2'},{'D4'},{'D6'},{'D5'},&,1.0,&
{'R1'},{'R3'},{'D1'},{'D2'},{'D3'},{'R2'},{'D7'},,,,&,1.0,&
{'R1'},{'R3'},{'D1'},{'R2'},,,,,,,&,9.0,&
{'R1'},{'R3'},{'D1'},{'R2'},{'D7'},,,,,,&,4.0,&
{'R1'},{'R3'},{'D1'},{'R2'},{'D7'},{'D2'},{'D4'},{'D6'},{'D5'},,&,1.0,&
{'R1'},{'R3'},{'D1'},{'R2'},{'D7'},{'D2'},{'D4'},{'D3'},,,&,1.0,&
{'R1'},{'R3'},{'D1'},{'R2'},{'D7'},{'D2'},{'D6'},{'D4'},{'D3'},{'D5'},&,1.0,&
{'R1'},{'R3'},{'D1'},{'R2'},{'D7'},{'D6'},,,,,&,1.0,&
{'R1'},{'R3'},{'D1'},{'R2'},{'D2'},,,,,,&,5.0,&
{'R1'},{'R3'},{'D1'},{'R2'},{'D2'},{'D7'},,,,,&,2.0,&
{'R1'},{'R3'},{'D1'},{'R2'},{'D2'},{'D7'},{'D4'},{'D5'},{'D3'},{'D6'},&,1.0,&
{'R1'},{'R3'},{'D1'},{'R2'},{'D2'},{'D7'},{'D4'},{'D3'},,,&,2.0,&
{'R1'},{'R3'},{'D1'},{'R2'},{'D2'},{'D7'},{'D6'},,,,&,1.0,&
{'R1'},{'R3'},{'D1'},{'R2'},{'D2'},{'D7'},{'D6'},{'D4'},,,&,1.0,&
{'R1'},{'R3'},{'D1'},{'R2'},{'D5'},{'D2'},,,,,&,1.0,&
{'R1'},{'R3'},{'D1'},{'D7'},,,,,,,&,3.0,&
{'R1'},{'R3'},{'D1'},{'D7'},{'R2'},{'D4'},,,,,&,1.0,&
{'R1'},{'R3'},{'D1'},{'D7'},{'R2'},{'D2'},{'D3'},,,,&,1.0,&
{'R1'},{'R3'},{'D1'},{'D7'},{'R2'},{'D2'},{'D3'},{'D4'},,,&,1.0,&
{'R1'},{'R3'},{'D1'},{'D7'},{'R2'},{'D2'},{'D4'},{'D6'},{'D3'},,&,1.0,&
{'R1'},{'R3'},{'D1'},{'D7'},{'R2'},{'D2'},{'D6'},,,,&,1.0,&
{'R1'},{'R3'},{'D1'},{'D7'},{'D2'},,,,,,&,1.0,&
{'R1'},{'R3'},{'D1'},{'D7'},{'D2'},{'D4'},,,,,&,1.0,&
{'R1'},{'R3'},{'D1'},{'D7'},{'D2'},{'D4'},{'D3'},{'D5'},{'R2'},{'D6'},&,1.0,&
{'R1'},{'R3'},{'D1'},{'D7'},{'D2'},{'D4'},{'D6'},{'R2'},{'D3'},,&,1.0,&
{'R1'},{'R3'},{'D1'},{'D7'},{'D2'},{'R2'},{'D4'},,,,&,1.0,&
{'R1'},{'R3'},{'D1'},{'D7'},{'D2'},{'R2'},{'D4'},{'D3'},,,&,1.0,&
{'R1'},{'R3'},{'D1'},{'D7'},{'D2'},{'D6'},,,,,&,1.0,&
{'R1'},{'R3'},{'D1'},{'D7'},{'D2'},{'D6'},{'D3'},{'D5'},{'R2'},{'D4'},&,1.0,&
{'R1'},{'R3'},{'D1'},{'D4'},{'R2'},{'D3'},{'D2'},,,,&,1.0,&
{'R1'},{'R3'},{'D1'},{'D4'},{'R2'},{'D3'},{'D2'},{'D7'},{'D6'},{'D5'},&,1.0,&
{'R1'},{'R3'},{'D1'},{'D4'},{'R2'},{'D7'},,,,,&,1.0,&
{'R1'},{'R3'},{'D1'},{'D3'},{'D7'},{'D4'},,,,,&,1.0,&
{'R1'},{'R3'},{'D1'},{'D3'},{'R2'},{'D2'},{'D7'},{'D4'},{'D6'},,&,1.0,&
{'R1'},{'R3'},{'D1'},{'D3'},{'D2'},{'D7'},,,,,&,1.0,&
{'R1'},{'R3'},{'D1'},{'D6'},{'D7'},{'R2'},,,,,&,1.0,&
{'R1'},{'R3'},{'D4'},,,,,,,,&,8.0,&
{'R1'},{'R3'},{'D4'},{'D2'},,,,,,,&,2.0,&
{'R1'},{'R3'},{'D4'},{'D2'},{'D7'},{'R2'},{'D3'},,,,&,1.0,&
{'R1'},{'R3'},{'D4'},{'D2'},{'D1'},,,,,,&,1.0,&
{'R1'},{'R3'},{'D4'},{'D2'},{'D1'},{'D7'},{'R2'},{'D3'},{'D6'},{'D5'},&,1.0,&
{'R1'},{'R3'},{'D4'},{'D2'},{'D1'},{'D7'},{'D6'},{'D3'},{'R2'},{'D5'},&,1.0,&
{'R1'},{'R3'},{'D4'},{'D2'},{'D1'},{'R2'},{'D7'},{'D3'},{'D6'},{'D5'},&,1.0,&
{'R1'},{'R3'},{'D4'},{'D2'},{'R2'},{'D1'},,,,,&,2.0,&
{'R1'},{'R3'},{'D4'},{'D2'},{'R2'},{'D7'},{'D1'},{'D3'},{'D5'},,&,1.0,&
{'R1'},{'R3'},{'D4'},{'D1'},,,,,,,&,1.0,&
{'R1'},{'R3'},{'D4'},{'D1'},{'R2'},{'D2'},,,,,&,1.0,&
{'R1'},{'R3'},{'D4'},{'D1'},{'D2'},,,,,,&,1.0,&
{'R1'},{'R3'},{'D4'},{'D1'},{'D2'},{'D3'},,,,,&,1.0,&
{'R1'},{'R3'},{'D4'},{'D1'},{'D3'},{'R2'},{'D2'},{'D7'},,,&,1.0,&
{'R1'},{'R3'},{'D4'},{'R2'},,,,,,,&,1.0,&
{'R1'},{'R3'},{'D4'},{'R2'},{'D7'},{'D2'},,,,,&,1.0,&
{'R1'},{'R3'},{'D4'},{'R2'},{'D7'},{'D2'},{'D1'},{'D6'},,,&,1.0,&
{'R1'},{'R3'},{'D4'},{'R2'},{'D7'},{'D1'},{'D2'},{'D6'},{'D3'},,&,1.0,&
{'R1'},{'R3'},{'D4'},{'R2'},{'D1'},{'D2'},{'D7'},{'D3'},,,&,1.0,&
{'R1'},{'R3'},{'D4'},{'R2'},{'D1'},{'D7'},{'D2'},{'D5'},,,&,1.0,&
{'R1'},{'R3'},{'D4'},{'R2'},{'D2'},,,,,,&,1.0,&
{'R1'},{'R3'},{'D4'},{'D7'},,,,,,,&,3.0,&
{'R1'},{'R3'},{'D4'},{'D7'},{'D1'},{'D2'},{'R2'},,,,&,1.0,&
{'R1'},{'R3'},{'D4'},{'D7'},{'D1'},{'R2'},{'D2'},,,,&,1.0,&
{'R1'},{'R3'},{'D4'},{'D7'},{'R2'},{'D2'},{'D1'},{'D3'},,,&,1.0,&
{'R1'},{'R3'},{'D4'},{'D7'},{'D2'},,,,,,&,1.0,&
{'R1'},{'R3'},{'D4'},{'D7'},{'D2'},{'D1'},{'D6'},,,,&,1.0,&
{'R1'},{'R3'},{'D4'},{'D7'},{'D3'},{'R2'},{'D2'},{'D1'},,,&,1.0,&
{'R1'},{'R3'},{'D4'},{'D3'},{'D1'},{'R2'},,,,,&,1.0,&
{'R1'},{'R3'},,,,,,,,,&,82.0,&
{'R1'},{'R3'},{'D7'},,,,,,,,&,20.0,&
{'R1'},{'R3'},{'D7'},{'D2'},,,,,,,&,5.0,&
{'R1'},{'R3'},{'D7'},{'D2'},{'D1'},,,,,,&,2.0,&
{'R1'},{'R3'},{'D7'},{'D2'},{'D1'},{'D4'},{'D5'},{'R2'},,,&,1.0,&
{'R1'},{'R3'},{'D7'},{'D2'},{'D1'},{'D4'},{'R2'},{'D6'},,,&,1.0,&
{'R1'},{'R3'},{'D7'},{'D2'},{'D1'},{'D3'},{'R2'},{'D6'},,,&,1.0,&
{'R1'},{'R3'},{'D7'},{'D2'},{'D1'},{'R2'},{'D4'},,,,&,1.0,&
{'R1'},{'R3'},{'D7'},{'D2'},{'R2'},,,,,,&,5.0,&
{'R1'},{'R3'},{'D7'},{'D2'},{'R2'},{'D4'},,,,,&,2.0,&
{'R1'},{'R3'},{'D7'},{'D2'},{'R2'},{'D4'},{'D1'},{'D3'},{'D6'},,&,1.0,&
{'R1'},{'R3'},{'D7'},{'D2'},{'R2'},{'D1'},,,,,&,1.0,&
{'R1'},{'R3'},{'D7'},{'D2'},{'D4'},{'D1'},{'R2'},{'D3'},,,&,1.0,&
{'R1'},{'R3'},{'D7'},{'D2'},{'D4'},{'D1'},{'R2'},{'D3'},{'D6'},{'D5'},&,1.0,&
{'R1'},{'R3'},{'D7'},{'D2'},{'D4'},{'R2'},{'D1'},{'D6'},{'D3'},,&,1.0,&
{'R1'},{'R3'},{'D7'},{'D2'},{'D6'},{'D4'},{'R2'},{'D1'},{'D3'},{'D5'},&,1.0,&
{'R1'},{'R3'},{'D7'},{'D2'},{'D3'},{'D1'},{'R2'},{'D5'},,,&,1.0,&
{'R1'},{'R3'},{'D7'},{'D2'},{'D3'},{'D1'},{'R2'},{'D4'},{'D6'},,&,1.0,&
{'R1'},{'R3'},{'D7'},{'D2'},{'D3'},{'R2'},,,,,&,1.0,&
{'R1'},{'R3'},{'D7'},{'D1'},,,,,,,&,3.0,&
{'R1'},{'R3'},{'D7'},{'D1'},{'R2'},,,,,,&,1.0,&
{'R1'},{'R3'},{'D7'},{'D1'},{'R2'},{'D4'},{'D2'},,,,&,1.0,&
{'R1'},{'R3'},{'D7'},{'D1'},{'R2'},{'D4'},{'D2'},{'D6'},,,&,1.0,&
{'R1'},{'R3'},{'D7'},{'D1'},{'R2'},{'D2'},{'D4'},,,,&,1.0,&
{'R1'},{'R3'},{'D7'},{'D1'},{'R2'},{'D2'},{'D6'},{'D4'},{'D3'},{'D5'},&,1.0,&
{'R1'},{'R3'},{'D7'},{'D1'},{'R2'},{'D6'},{'D2'},{'D4'},{'D3'},{'D5'},&,1.0,&
{'R1'},{'R3'},{'D7'},{'D1'},{'D4'},{'D3'},{'R2'},,,,&,1.0,&
{'R1'},{'R3'},{'D7'},{'D1'},{'D2'},,,,,,&,1.0,&
{'R1'},{'R3'},{'D7'},{'D1'},{'D2'},{'D4'},{'R2'},{'D6'},,,&,1.0,&
{'R1'},{'R3'},{'D7'},{'D1'},{'D2'},{'D3'},{'D4'},{'D6'},{'D5'},{'R2'},&,1.0,&
{'R1'},{'R3'},{'D7'},{'D1'},{'D2'},{'R2'},,,,,&,1.0,&
{'R1'},{'R3'},{'D7'},{'D1'},{'D2'},{'R2'},{'D3'},{'D4'},{'D6'},,&,1.0,&
{'R1'},{'R3'},{'D7'},{'D1'},{'D2'},{'R2'},{'D3'},{'D4'},{'D6'},{'D5'},&,1.0,&
{'R1'},{'R3'},{'D7'},{'D1'},{'D2'},{'R2'},{'D4'},{'D3'},{'D6'},,&,1.0,&
{'R1'},{'R3'},{'D7'},{'D1'},{'D2'},{'R2'},{'D6'},{'D4'},{'D3'},,&,1.0,&
{'R1'},{'R3'},{'D7'},{'R2'},,,,,,,&,5.0,&
{'R1'},{'R3'},{'D7'},{'R2'},{'D1'},,,,,,&,2.0,&
{'R1'},{'R3'},{'D7'},{'R2'},{'D1'},{'D2'},,,,,&,1.0,&
{'R1'},{'R3'},{'D7'},{'R2'},{'D1'},{'D2'},{'D3'},{'D6'},,,&,1.0,&
{'R1'},{'R3'},{'D7'},{'R2'},{'D1'},{'D2'},{'D5'},{'D4'},{'D6'},{'D3'},&,1.0,&
{'R1'},{'R3'},{'D7'},{'R2'},{'D1'},{'D2'},{'D4'},{'D6'},,,&,1.0,&
{'R1'},{'R3'},{'D7'},{'R2'},{'D1'},{'D2'},{'D4'},{'D3'},{'D6'},{'D5'},&,1.0,&
{'R1'},{'R3'},{'D7'},{'R2'},{'D4'},{'D2'},{'D1'},{'D6'},{'D3'},,&,1.0,&
{'R1'},{'R3'},{'D7'},{'R2'},{'D4'},{'D2'},{'D1'},{'D3'},{'D6'},{'D5'},&,1.0,&
{'R1'},{'R3'},{'D7'},{'R2'},{'D4'},{'D1'},,,,,&,1.0,&
{'R1'},{'R3'},{'D7'},{'R2'},{'D4'},{'D6'},{'D1'},{'D2'},{'D3'},{'D5'},&,1.0,&
{'R1'},{'R3'},{'D7'},{'R2'},{'D2'},,,,,,&,2.0,&
{'R1'},{'R3'},{'D7'},{'R2'},{'D2'},{'D4'},{'D3'},{'D1'},,,&,1.0,&
{'R1'},{'R3'},{'D7'},{'R2'},{'D2'},{'D4'},{'D1'},{'D3'},{'D5'},{'D6'},&,1.0,&
{'R1'},{'R3'},{'D7'},{'R2'},{'D2'},{'D4'},{'D6'},,,,&,1.0,&
{'R1'},{'R3'},{'D7'},{'R2'},{'D2'},{'D4'},{'D6'},{'D1'},{'D3'},{'D5'},&,1.0,&
{'R1'},{'R3'},{'D7'},{'R2'},{'D2'},{'D3'},,,,,&,1.0,&
{'R1'},{'R3'},{'D7'},{'R2'},{'D2'},{'D3'},{'D1'},,,,&,1.0,&
{'R1'},{'R3'},{'D7'},{'R2'},{'D2'},{'D3'},{'D1'},{'D4'},{'D5'},{'D6'},&,1.0,&
{'R1'},{'R3'},{'D7'},{'R2'},{'D2'},{'D3'},{'D4'},,,,&,1.0,&
{'R1'},{'R3'},{'D7'},{'R2'},{'D2'},{'D1'},,,,,&,1.0,&
{'R1'},{'R3'},{'D7'},{'R2'},{'D2'},{'D1'},{'D4'},{'D6'},,,&,1.0,&
{'R1'},{'R3'},{'D7'},{'R2'},{'D2'},{'D5'},,,,,&,1.0,&
{'R1'},{'R3'},{'D7'},{'R2'},{'D3'},{'D2'},{'D4'},{'D1'},{'D6'},{'D5'},&,1.0,&
{'R1'},{'R3'},{'D7'},{'R2'},{'D3'},{'D1'},{'D2'},{'D4'},{'D6'},{'D5'},&,1.0,&
{'R1'},{'R3'},{'D7'},{'D4'},{'D1'},,,,,,&,1.0,&
{'R1'},{'R3'},{'D7'},{'D4'},{'D1'},{'R2'},{'D2'},{'D6'},{'D3'},{'D5'},&,1.0,&
{'R1'},{'R3'},{'D7'},{'D4'},{'D1'},{'R2'},{'D2'},{'D3'},,,&,1.0,&
{'R1'},{'R3'},{'D7'},{'D4'},{'R2'},{'D6'},,,,,&,1.0,&
{'R1'},{'R3'},{'D7'},{'D4'},{'D2'},{'R2'},{'D1'},,,,&,1.0,&
{'R1'},{'R3'},{'D7'},{'D4'},{'D6'},{'D2'},,,,,&,1.0,&
{'R1'},{'R3'},{'D7'},{'D3'},{'D1'},{'R2'},,,,,&,1.0,&
{'R1'},{'R3'},{'D7'},{'D3'},{'R2'},{'D1'},,,,,&,1.0,&
{'R1'},{'R3'},{'D7'},{'D3'},{'R2'},{'D1'},{'D2'},{'D4'},{'D5'},{'D6'},&,1.0,&
{'R1'},{'R3'},{'D7'},{'D3'},{'D2'},{'R2'},{'D1'},{'D6'},{'D4'},{'D5'},&,1.0,&
{'R1'},{'R3'},{'D7'},{'D3'},{'D2'},{'R2'},{'D1'},{'D4'},{'D6'},{'D5'},&,1.0,&
{'R1'},{'R3'},{'D7'},{'D3'},{'D6'},,,,,,&,1.0,&
{'R1'},{'R3'},{'D7'},{'D6'},{'D1'},{'D2'},{'D4'},{'R2'},,,&,1.0,&
{'R1'},{'R3'},{'D7'},{'D6'},{'R2'},{'D2'},{'D1'},{'D4'},{'D3'},{'D5'},&,1.0,&
{'R1'},{'R3'},{'D7'},{'D6'},{'R2'},{'D1'},,,,,&,2.0,&
{'R1'},{'R3'},{'D2'},,,,,,,,&,24.0,&
{'R1'},{'R3'},{'D2'},{'D1'},,,,,,,&,2.0,&
{'R1'},{'R3'},{'D2'},{'D1'},{'D7'},{'D4'},{'R2'},{'D6'},,,&,1.0,&
{'R1'},{'R3'},{'D2'},{'D1'},{'D7'},{'D4'},{'R2'},{'D6'},{'D3'},{'D5'},&,1.0,&
{'R1'},{'R3'},{'D2'},{'D1'},{'D7'},{'D4'},{'R2'},{'D3'},,,&,1.0,&
{'R1'},{'R3'},{'D2'},{'D1'},{'D7'},{'D4'},{'R2'},{'D3'},{'D6'},,&,1.0,&
{'R1'},{'R3'},{'D2'},{'D1'},{'D7'},{'D4'},{'D6'},{'R2'},,,&,1.0,&
{'R1'},{'R3'},{'D2'},{'D1'},{'D7'},{'D3'},,,,,&,1.0,&
{'R1'},{'R3'},{'D2'},{'D1'},{'D7'},{'D3'},{'D6'},{'D5'},{'D4'},{'R2'},&,1.0,&
{'R1'},{'R3'},{'D2'},{'D1'},{'D7'},{'R2'},,,,,&,1.0,&
{'R1'},{'R3'},{'D2'},{'D1'},{'D7'},{'R2'},{'D3'},{'D4'},{'D6'},{'D5'},&,1.0,&
{'R1'},{'R3'},{'D2'},{'D1'},{'D7'},{'R2'},{'D4'},{'D3'},,,&,1.0,&
{'R1'},{'R3'},{'D2'},{'D1'},{'D7'},{'D6'},,,,,&,1.0,&
{'R1'},{'R3'},{'D2'},{'D1'},{'R2'},,,,,,&,1.0,&
{'R1'},{'R3'},{'D2'},{'D1'},{'R2'},{'D7'},,,,,&,1.0,&
{'R1'},{'R3'},{'D2'},{'D1'},{'R2'},{'D7'},{'D5'},,,,&,1.0,&
{'R1'},{'R3'},{'D2'},{'D1'},{'R2'},{'D7'},{'D4'},,,,&,1.0,&
{'R1'},{'R3'},{'D2'},{'D1'},{'D4'},,,,,,&,1.0,&
{'R1'},{'R3'},{'D2'},{'D1'},{'D4'},{'R2'},,,,,&,1.0,&
{'R1'},{'R3'},{'D2'},{'R2'},,,,,,,&,3.0,&
{'R1'},{'R3'},{'D2'},{'R2'},{'D7'},,,,,,&,4.0,&
{'R1'},{'R3'},{'D2'},{'R2'},{'D7'},{'D3'},{'D1'},{'D4'},,,&,1.0,&
{'R1'},{'R3'},{'D2'},{'R2'},{'D7'},{'D1'},,,,,&,3.0,&
{'R1'},{'R3'},{'D2'},{'R2'},{'D7'},{'D1'},{'D3'},,,,&,1.0,&
{'R1'},{'R3'},{'D2'},{'R2'},{'D7'},{'D1'},{'D5'},,,,&,1.0,&
{'R1'},{'R3'},{'D2'},{'R2'},{'D7'},{'D1'},{'D6'},,,,&,1.0,&
{'R1'},{'R3'},{'D2'},{'R2'},{'D7'},{'D1'},{'D6'},{'D3'},{'D4'},,&,1.0,&
{'R1'},{'R3'},{'D2'},{'R2'},{'D7'},{'D6'},{'D4'},{'D5'},{'D1'},,&,1.0,&
{'R1'},{'R3'},{'D2'},{'R2'},{'D1'},{'D4'},,,,,&,1.0,&
{'R1'},{'R3'},{'D2'},{'R2'},{'D1'},{'D4'},{'D7'},,,,&,1.0,&
{'R1'},{'R3'},{'D2'},{'R2'},{'D1'},{'D3'},{'D7'},{'D6'},{'D4'},{'D5'},&,1.0,&
{'R1'},{'R3'},{'D2'},{'R2'},{'D1'},{'D5'},{'D7'},,,,&,1.0,&
{'R1'},{'R3'},{'D2'},{'R2'},{'D1'},{'D7'},,,,,&,1.0,&
{'R1'},{'R3'},{'D2'},{'R2'},{'D1'},{'D7'},{'D5'},{'D4'},,,&,1.0,&
{'R1'},{'R3'},{'D2'},{'R2'},{'D1'},{'D7'},{'D4'},{'D6'},{'D3'},,&,1.0,&
{'R1'},{'R3'},{'D2'},{'R2'},{'D1'},{'D7'},{'D4'},{'D3'},,,&,1.0,&
{'R1'},{'R3'},{'D2'},{'R2'},{'D4'},,,,,,&,2.0,&
{'R1'},{'R3'},{'D2'},{'R2'},{'D4'},{'D1'},{'D6'},,,,&,1.0,&
{'R1'},{'R3'},{'D2'},{'R2'},{'D4'},{'D7'},{'D1'},{'D3'},,,&,1.0,&
{'R1'},{'R3'},{'D2'},{'R2'},{'D6'},{'D7'},,,,,&,1.0,&
{'R1'},{'R3'},{'D2'},{'R2'},{'D3'},{'D7'},{'D1'},{'D4'},,,&,1.0,&
{'R1'},{'R3'},{'D2'},{'R2'},{'D3'},{'D6'},{'D1'},{'D7'},{'D4'},,&,1.0,&
{'R1'},{'R3'},{'D2'},{'D7'},,,,,,,&,8.0,&
{'R1'},{'R3'},{'D2'},{'D7'},{'D1'},,,,,,&,1.0,&
{'R1'},{'R3'},{'D2'},{'D7'},{'D1'},{'D4'},{'D3'},{'R2'},{'D5'},{'D6'},&,1.0,&
{'R1'},{'R3'},{'D2'},{'D7'},{'D1'},{'D4'},{'D6'},{'R2'},{'D3'},{'D5'},&,1.0,&
{'R1'},{'R3'},{'D2'},{'D7'},{'D1'},{'D3'},,,,,&,1.0,&
{'R1'},{'R3'},{'D2'},{'D7'},{'D1'},{'R2'},{'D3'},,,,&,1.0,&
{'R1'},{'R3'},{'D2'},{'D7'},{'D1'},{'R2'},{'D3'},{'D4'},,,&,1.0,&
{'R1'},{'R3'},{'D2'},{'D7'},{'D1'},{'R2'},{'D4'},{'D6'},{'D3'},{'D5'},&,1.0,&
{'R1'},{'R3'},{'D2'},{'D7'},{'D1'},{'D6'},{'R2'},,,,&,1.0,&
{'R1'},{'R3'},{'D2'},{'D7'},{'R2'},{'D4'},,,,,&,2.0,&
{'R1'},{'R3'},{'D2'},{'D7'},{'R2'},{'D3'},{'D1'},{'D6'},,,&,1.0,&
{'R1'},{'R3'},{'D2'},{'D7'},{'R2'},{'D1'},,,,,&,1.0,&
{'R1'},{'R3'},{'D2'},{'D7'},{'R2'},{'D1'},{'D4'},,,,&,1.0,&
{'R1'},{'R3'},{'D2'},{'D7'},{'R2'},{'D1'},{'D4'},{'D3'},,,&,1.0,&
{'R1'},{'R3'},{'D2'},{'D7'},{'R2'},{'D1'},{'D4'},{'D3'},{'D6'},,&,1.0,&
{'R1'},{'R3'},{'D2'},{'D7'},{'R2'},{'D1'},{'D4'},{'D3'},{'D6'},{'D5'},&,1.0,&
{'R1'},{'R3'},{'D2'},{'D7'},{'R2'},{'D1'},{'D6'},{'D3'},,,&,1.0,&
{'R1'},{'R3'},{'D2'},{'D7'},{'D4'},{'D3'},{'R2'},{'D5'},{'D1'},{'D6'},&,1.0,&
{'R1'},{'R3'},{'D2'},{'D7'},{'D4'},{'D1'},,,,,&,1.0,&
{'R1'},{'R3'},{'D2'},{'D7'},{'D4'},{'D1'},{'R2'},{'D3'},,,&,1.0,&
{'R1'},{'R3'},{'D2'},{'D7'},{'D4'},{'D1'},{'D6'},{'D3'},{'R2'},{'D5'},&,1.0,&
{'R1'},{'R3'},{'D2'},{'D7'},{'D4'},{'R2'},,,,,&,1.0,&
{'R1'},{'R3'},{'D2'},{'D7'},{'D6'},{'D1'},{'D3'},{'R2'},{'D4'},,&,1.0,&
{'R1'},{'R3'},{'D2'},{'D7'},{'D3'},{'R2'},,,,,&,1.0,&
{'R1'},{'R3'},{'D2'},{'D7'},{'D3'},{'R2'},{'D4'},,,,&,1.0,&
{'R1'},{'R3'},{'D2'},{'D4'},,,,,,,&,2.0,&
{'R1'},{'R3'},{'D2'},{'D4'},{'D1'},{'D3'},{'D7'},{'D5'},,,&,1.0,&
{'R1'},{'R3'},{'D2'},{'D4'},{'D1'},{'D7'},{'R2'},{'D6'},{'D3'},{'D5'},&,1.0,&
{'R1'},{'R3'},{'D2'},{'D4'},{'D1'},{'D7'},{'R2'},{'D3'},{'D5'},,&,1.0,&
{'R1'},{'R3'},{'D2'},{'D3'},{'D7'},{'D1'},,,,,&,1.0,&
{'R1'},{'R3'},{'D2'},{'D3'},{'D7'},{'R2'},{'D1'},{'D4'},,,&,1.0,&
{'R1'},{'R3'},{'D2'},{'D3'},{'D7'},{'R2'},{'D6'},,,,&,1.0,&
{'R1'},{'R3'},{'D2'},{'D3'},{'D1'},{'D4'},{'R2'},{'D5'},{'D6'},{'D7'},&,1.0,&
{'R1'},{'R3'},{'D2'},{'D3'},{'D1'},{'D7'},{'R2'},{'D6'},,,&,1.0,&
{'R1'},{'R3'},{'D2'},{'D3'},{'R2'},,,,,,&,1.0,&
{'R1'},{'R3'},{'D2'},{'D3'},{'R2'},{'D7'},{'D1'},{'D4'},{'D6'},,&,1.0,&
{'R1'},{'R3'},{'D2'},{'D3'},{'D4'},,,,,,&,1.0,&
{'R1'},{'R3'},{'D2'},{'D6'},,,,,,,&,1.0,&
{'R1'},{'R3'},{'D2'},{'D6'},{'R2'},{'D1'},{'D7'},{'D5'},{'D3'},,&,1.0,&
{'R1'},{'R3'},{'D2'},{'D6'},{'R2'},{'D7'},{'D3'},{'D1'},{'D4'},{'D5'},&,1.0,&
{'R1'},{'R3'},{'D2'},{'D6'},{'D4'},{'R2'},{'D1'},,,,&,1.0,&
{'R1'},{'R3'},{'D2'},{'D5'},,,,,,,&,1.0,&
{'R1'},{'R3'},{'D3'},,,,,,,,&,1.0,&
{'R1'},{'R3'},{'D3'},{'D2'},,,,,,,&,1.0,&
{'R1'},{'R3'},{'D3'},{'D2'},{'D1'},{'D7'},{'D4'},{'R2'},,,&,1.0,&
{'R1'},{'R3'},{'D3'},{'D2'},{'R2'},,,,,,&,1.0,&
{'R1'},{'R3'},{'D3'},{'D1'},{'D7'},,,,,,&,1.0,&
{'R1'},{'R3'},{'D3'},{'D1'},{'R2'},{'D7'},{'D2'},{'D5'},,,&,1.0,&
{'R1'},{'R3'},{'D3'},{'R2'},,,,,,,&,4.0,&
{'R1'},{'R3'},{'D3'},{'R2'},{'D7'},{'D1'},,,,,&,1.0,&
{'R1'},{'R3'},{'D3'},{'R2'},{'D7'},{'D1'},{'D5'},{'D6'},,,&,1.0,&
{'R1'},{'R3'},{'D3'},{'R2'},{'D2'},{'D7'},{'D1'},{'D4'},{'D5'},{'D6'},&,1.0,&
{'R1'},{'R3'},{'D3'},{'D7'},{'D2'},{'D1'},{'R2'},,,,&,1.0,&
{'R1'},{'R3'},{'D3'},{'D4'},{'R2'},{'D1'},{'D7'},,,,&,1.0,&
{'R1'},{'R3'},{'D3'},{'D5'},{'R2'},{'D1'},{'D2'},,,,&,1.0,&
{'R1'},{'R3'},{'D6'},{'D1'},{'D4'},,,,,,&,1.0,&
{'R1'},{'R3'},{'D6'},{'R2'},{'D7'},,,,,,&,1.0,&
{'R1'},{'R3'},{'D6'},{'R2'},{'D1'},{'D2'},{'D7'},{'D4'},{'D3'},{'D5'},&,1.0,&
{'R1'},{'R3'},{'D6'},{'R2'},{'D3'},,,,,,&,1.0,&
{'R1'},{'R3'},{'D6'},{'D7'},,,,,,,&,2.0,&
{'R1'},{'R3'},{'D6'},{'D7'},{'R2'},{'D2'},,,,,&,1.0,&
{'R1'},{'R3'},{'D6'},{'D3'},{'R2'},,,,,,&,1.0,&
{'R1'},{'R3'},{'D5'},,,,,,,,&,4.0,&
{'R1'},{'R3'},{'D5'},{'D2'},{'R2'},,,,,,&,1.0,&
{'R1'},{'R3'},{'D5'},{'D1'},{'R2'},{'D7'},,,,,&,1.0,&
{'R1'},{'R3'},{'D5'},{'R2'},{'D3'},{'D7'},,,,,&,1.0,&
{'R1'},{'R3'},{'D5'},{'D4'},{'D7'},{'D2'},,,,,&,1.0,&
{'R1'},{'D4'},{'R3'},,,,,,,,&,9.0,&
{'R1'},{'D4'},{'R3'},{'D2'},{'D1'},{'D7'},{'D3'},{'R2'},{'D6'},,&,1.0,&
{'R1'},{'D4'},{'R3'},{'D2'},{'R2'},{'D1'},,,,,&,1.0,&
{'R1'},{'D4'},{'R3'},{'D2'},{'R2'},{'D6'},{'D1'},,,,&,1.0,&
{'R1'},{'D4'},{'R3'},{'D1'},{'R2'},,,,,,&,1.0,&
{'R1'},{'D4'},{'R3'},{'D1'},{'R2'},{'D2'},{'D7'},{'D6'},,,&,1.0,&
{'R1'},{'D4'},{'R3'},{'D1'},{'D2'},,,,,,&,1.0,&
{'R1'},{'D4'},{'R3'},{'D1'},{'D2'},{'D7'},{'D3'},{'D6'},,,&,1.0,&
{'R1'},{'D4'},{'R3'},{'R2'},,,,,,,&,2.0,&
{'R1'},{'D4'},{'R3'},{'R2'},{'D7'},{'D2'},{'D3'},{'D1'},,,&,1.0,&
{'R1'},{'D4'},{'R3'},{'R2'},{'D1'},,,,,,&,1.0,&
{'R1'},{'D4'},{'R3'},{'R2'},{'D2'},{'D1'},{'D7'},,,,&,1.0,&
{'R1'},{'D4'},{'R3'},{'D7'},,,,,,,&,1.0,&
{'R1'},{'D4'},{'R3'},{'D7'},{'R2'},,,,,,&,1.0,&
{'R1'},{'D4'},{'R3'},{'D7'},{'R2'},{'D2'},{'D1'},,,,&,1.0,&
{'R1'},{'D4'},{'R3'},{'D6'},{'R2'},{'D1'},{'D2'},{'D7'},{'D3'},{'D5'},&,1.0,&
{'R1'},{'D4'},{'R3'},{'D6'},{'R2'},{'D7'},{'D2'},{'D1'},{'D3'},{'D5'},&,1.0,&
{'R1'},{'D4'},{'R2'},,,,,,,,&,5.0,&
{'R1'},{'D4'},{'R2'},{'R3'},,,,,,,&,1.0,&
{'R1'},{'D4'},{'R2'},{'R3'},{'D7'},{'D1'},,,,,&,1.0,&
{'R1'},{'D4'},{'R2'},{'R3'},{'D1'},{'D7'},{'D2'},,,,&,1.0,&
{'R1'},{'D4'},{'R2'},{'R3'},{'D2'},,,,,,&,1.0,&
{'R1'},{'D4'},{'R2'},{'R3'},{'D2'},{'D1'},{'D7'},{'D3'},{'D6'},{'D5'},&,1.0,&
{'R1'},{'D4'},{'R2'},{'R3'},{'D2'},{'D1'},{'D6'},{'D7'},{'D3'},,&,1.0,&
{'R1'},{'D4'},{'R2'},{'R3'},{'D2'},{'D7'},,,,,&,2.0,&
{'R1'},{'D4'},{'R2'},{'R3'},{'D5'},{'D1'},{'D7'},{'D3'},{'D2'},{'D6'},&,1.0,&
{'R1'},{'D4'},{'R2'},{'D2'},,,,,,,&,1.0,&
{'R1'},{'D4'},{'R2'},{'D2'},{'D7'},,,,,,&,1.0,&
{'R1'},{'D4'},{'R2'},{'D2'},{'D7'},{'D1'},{'D6'},{'R3'},,,&,1.0,&
{'R1'},{'D4'},{'R2'},{'D2'},{'D7'},{'D5'},{'D6'},{'D1'},{'R3'},{'D3'},&,1.0,&
{'R1'},{'D4'},{'R2'},{'D2'},{'D3'},{'D1'},{'D7'},{'R3'},{'D5'},,&,1.0,&
{'R1'},{'D4'},{'R2'},{'D1'},,,,,,,&,1.0,&
{'R1'},{'D4'},{'R2'},{'D7'},{'D1'},,,,,,&,1.0,&
{'R1'},{'D4'},{'R2'},{'D7'},{'D2'},{'D3'},,,,,&,1.0,&
{'R1'},{'D4'},{'R2'},{'D7'},{'D2'},{'D1'},{'R3'},{'D6'},{'D3'},{'D5'},&,1.0,&
{'R1'},{'D4'},{'R2'},{'D7'},{'D3'},{'R3'},,,,,&,1.0,&
{'R1'},{'D4'},{'D1'},,,,,,,,&,5.0,&
{'R1'},{'D4'},{'D1'},{'R3'},{'D7'},{'D2'},{'D3'},{'R2'},{'D6'},{'D5'},&,1.0,&
{'R1'},{'D4'},{'D1'},{'R3'},{'D7'},{'R2'},{'D2'},{'D3'},{'D6'},{'D5'},&,1.0,&
{'R1'},{'D4'},{'D1'},{'R3'},{'R2'},,,,,,&,1.0,&
{'R1'},{'D4'},{'D1'},{'R3'},{'R2'},{'D7'},{'D2'},{'D6'},,,&,1.0,&
{'R1'},{'D4'},{'D1'},{'R3'},{'R2'},{'D7'},{'D2'},{'D6'},{'D3'},{'D5'},&,1.0,&
{'R1'},{'D4'},{'D1'},{'R3'},{'D2'},,,,,,&,1.0,&
{'R1'},{'D4'},{'D1'},{'R3'},{'D2'},{'D3'},{'D7'},{'D6'},{'D5'},{'R2'},&,1.0,&
{'R1'},{'D4'},{'D1'},{'R3'},{'D2'},{'D7'},,,,,&,1.0,&
{'R1'},{'D4'},{'D1'},{'R3'},{'D2'},{'D7'},{'D3'},,,,&,2.0,&
{'R1'},{'D4'},{'D1'},{'R3'},{'D2'},{'D7'},{'R2'},,,,&,1.0,&
{'R1'},{'D4'},{'D1'},{'D2'},{'D7'},{'D6'},{'R3'},{'R2'},,,&,1.0,&
{'R1'},{'D4'},{'D1'},{'D2'},{'R3'},{'D7'},{'D6'},{'D3'},{'R2'},{'D5'},&,1.0,&
{'R1'},{'D4'},{'D1'},{'R2'},{'R3'},,,,,,&,1.0,&
{'R1'},{'D4'},{'D1'},{'D7'},,,,,,,&,1.0,&
{'R1'},{'D4'},{'D1'},{'D7'},{'D2'},{'D3'},,,,,&,1.0,&
{'R1'},{'D4'},{'D1'},{'D7'},{'D2'},{'R3'},{'D3'},{'D5'},{'R2'},,&,1.0,&
{'R1'},{'D4'},{'D1'},{'D7'},{'D6'},{'D3'},{'R3'},{'D2'},,,&,1.0,&
{'R1'},{'D4'},{'D1'},{'D6'},{'D2'},{'D3'},{'D7'},,,,&,1.0,&
{'R1'},{'D4'},,,,,,,,,&,15.0,&
{'R1'},{'D4'},{'D7'},,,,,,,,&,1.0,&
{'R1'},{'D4'},{'D7'},{'R3'},{'D1'},,,,,,&,1.0,&
{'R1'},{'D4'},{'D7'},{'R3'},{'R2'},,,,,,&,1.0,&
{'R1'},{'D4'},{'D7'},{'R3'},{'R2'},{'D2'},{'D6'},{'D1'},{'D3'},,&,1.0,&
{'R1'},{'D4'},{'D7'},{'R3'},{'D2'},{'R2'},{'D1'},{'D3'},,,&,1.0,&
{'R1'},{'D4'},{'D7'},{'R3'},{'D6'},,,,,,&,1.0,&
{'R1'},{'D4'},{'D7'},{'R3'},{'D6'},{'D2'},{'D1'},{'D5'},{'R2'},,&,1.0,&
{'R1'},{'D4'},{'D7'},{'R3'},{'D5'},{'D1'},{'R2'},{'D2'},,,&,1.0,&
{'R1'},{'D4'},{'D7'},{'D2'},,,,,,,&,1.0,&
{'R1'},{'D4'},{'D7'},{'D2'},{'D1'},{'R2'},{'R3'},{'D6'},{'D3'},,&,1.0,&
{'R1'},{'D4'},{'D7'},{'D2'},{'D1'},{'D6'},,,,,&,1.0,&
{'R1'},{'D4'},{'D7'},{'D2'},{'R2'},{'R3'},,,,,&,1.0,&
{'R1'},{'D4'},{'D7'},{'D1'},{'R3'},,,,,,&,1.0,&
{'R1'},{'D4'},{'D7'},{'D1'},{'R3'},{'D2'},{'D3'},{'D6'},,,&,1.0,&
{'R1'},{'D4'},{'D7'},{'D1'},{'D2'},,,,,,&,1.0,&
{'R1'},{'D4'},{'D7'},{'D1'},{'D2'},{'D6'},{'R3'},{'D3'},{'R2'},{'D5'},&,1.0,&
{'R1'},{'D4'},{'D7'},{'R2'},,,,,,,&,1.0,&
{'R1'},{'D4'},{'D7'},{'R2'},{'R3'},{'D2'},,,,,&,1.0,&
{'R1'},{'D4'},{'D7'},{'R2'},{'D1'},{'R3'},{'D2'},,,,&,1.0,&
{'R1'},{'D4'},{'D7'},{'R2'},{'D3'},{'D5'},{'R3'},,,,&,1.0,&
{'R1'},{'D4'},{'D7'},{'D3'},{'D6'},{'D1'},{'R3'},,,,&,1.0,&
{'R1'},{'D4'},{'D2'},,,,,,,,&,3.0,&
{'R1'},{'D4'},{'D2'},{'R3'},{'D7'},{'D1'},{'D5'},,,,&,1.0,&
{'R1'},{'D4'},{'D2'},{'R3'},{'D7'},{'R2'},{'D1'},{'D6'},{'D3'},,&,1.0,&
{'R1'},{'D4'},{'D2'},{'R3'},{'D1'},{'D7'},,,,,&,1.0,&
{'R1'},{'D4'},{'D2'},{'R3'},{'D1'},{'D7'},{'D3'},{'D5'},{'D6'},,&,1.0,&
{'R1'},{'D4'},{'D2'},{'R3'},{'R2'},,,,,,&,2.0,&
{'R1'},{'D4'},{'D2'},{'R3'},{'R2'},{'D3'},,,,,&,1.0,&
{'R1'},{'D4'},{'D2'},{'R3'},{'R2'},{'D1'},,,,,&,1.0,&
{'R1'},{'D4'},{'D2'},{'R3'},{'R2'},{'D7'},{'D1'},,,,&,1.0,&
{'R1'},{'D4'},{'D2'},{'R3'},{'R2'},{'D7'},{'D5'},,,,&,1.0,&
{'R1'},{'D4'},{'D2'},{'R3'},{'D6'},{'D1'},,,,,&,1.0,&
{'R1'},{'D4'},{'D2'},{'D1'},,,,,,,&,1.0,&
{'R1'},{'D4'},{'D2'},{'D1'},{'R3'},{'R2'},,,,,&,1.0,&
{'R1'},{'D4'},{'D2'},{'R2'},,,,,,,&,1.0,&
{'R1'},{'D4'},{'D2'},{'R2'},{'R3'},{'D1'},{'D3'},{'D7'},{'D5'},,&,1.0,&
{'R1'},{'D4'},{'D2'},{'D7'},{'R3'},{'D1'},{'D3'},{'D6'},{'D5'},{'R2'},&,1.0,&
{'R1'},{'D4'},{'D2'},{'D7'},{'D1'},{'D3'},{'R3'},,,,&,1.0,&
{'R1'},{'D4'},{'D2'},{'D7'},{'D1'},{'D3'},{'R3'},{'D6'},,,&,1.0,&
{'R1'},{'D4'},{'D2'},{'D7'},{'D1'},{'R2'},{'R3'},{'D6'},{'D3'},,&,1.0,&
{'R1'},{'D4'},{'D2'},{'D7'},{'D6'},,,,,,&,1.0,&
{'R1'},{'D4'},{'D2'},{'D7'},{'D3'},,,,,,&,1.0,&
{'R1'},{'D4'},{'D2'},{'D6'},,,,,,,&,2.0,&
{'R1'},{'D4'},{'D3'},,,,,,,,&,1.0,&
{'R1'},{'D4'},{'D3'},{'R3'},{'D2'},{'R2'},{'D1'},{'D7'},{'D6'},{'D5'},&,1.0,&
{'R1'},{'D4'},{'D3'},{'D2'},{'D6'},{'R3'},{'D7'},,,,&,1.0,&
{'R1'},{'D4'},{'D3'},{'D7'},{'R3'},,,,,,&,1.0,&
{'R1'},{'D4'},{'D6'},,,,,,,,&,1.0,&
{'R1'},{'D4'},{'D6'},{'R3'},,,,,,,&,1.0,&
{'R1'},{'D4'},{'D6'},{'R3'},{'D2'},{'R2'},{'D7'},,,,&,1.0,&
{'R1'},{'D5'},{'R3'},{'R2'},,,,,,,&,1.0,&
{'R1'},{'D5'},{'R3'},{'R2'},{'D7'},{'D1'},,,,,&,1.0,&
{'R1'},{'D5'},{'R2'},{'R3'},,,,,,,&,1.0,&
{'R1'},{'D5'},{'R2'},{'R3'},{'D2'},{'D3'},{'D1'},,,,&,1.0,&
{'R1'},{'D5'},{'R2'},{'D7'},{'R3'},{'D1'},{'D6'},{'D2'},{'D4'},{'D3'},&,1.0,&
{'R1'},{'D5'},{'D7'},,,,,,,,&,1.0,&
{'R1'},{'D5'},{'D7'},{'R3'},{'D3'},,,,,,&,1.0,&
{'R1'},{'D3'},{'R3'},,,,,,,,&,6.0,&
{'R1'},{'D3'},{'R3'},{'D2'},{'R2'},{'D7'},{'D6'},{'D1'},,,&,1.0,&
{'R1'},{'D3'},{'R3'},{'D2'},{'D4'},{'R2'},{'D1'},{'D7'},{'D5'},{'D6'},&,1.0,&
{'R1'},{'D3'},{'R3'},{'D1'},{'D4'},{'R2'},{'D7'},{'D2'},,,&,1.0,&
{'R1'},{'D3'},{'R3'},{'D1'},{'D2'},{'R2'},{'D4'},,,,&,1.0,&
{'R1'},{'D3'},{'R3'},{'D1'},{'D6'},{'R2'},{'D7'},{'D2'},{'D4'},{'D5'},&,1.0,&
{'R1'},{'D3'},{'R3'},{'R2'},,,,,,,&,1.0,&
{'R1'},{'D3'},{'R3'},{'R2'},{'D7'},{'D2'},,,,,&,2.0,&
{'R1'},{'D3'},{'R3'},{'R2'},{'D2'},{'D7'},,,,,&,1.0,&
{'R1'},{'D3'},{'R3'},{'D7'},,,,,,,&,2.0,&
{'R1'},{'D3'},{'R3'},{'D7'},{'D1'},{'D2'},,,,,&,1.0,&
{'R1'},{'D3'},{'R3'},{'D7'},{'R2'},{'D4'},{'D2'},{'D1'},,,&,1.0,&
{'R1'},{'D3'},{'R2'},,,,,,,,&,3.0,&
{'R1'},{'D3'},{'R2'},{'R3'},{'D7'},{'D2'},,,,,&,1.0,&
{'R1'},{'D3'},{'R2'},{'R3'},{'D1'},{'D5'},{'D7'},{'D4'},{'D2'},,&,1.0,&
{'R1'},{'D3'},{'R2'},{'R3'},{'D2'},{'D4'},{'D7'},{'D1'},{'D6'},,&,1.0,&
{'R1'},{'D3'},{'R2'},{'D2'},{'D7'},{'D1'},{'D4'},,,,&,1.0,&
{'R1'},{'D3'},{'R2'},{'D1'},{'D2'},{'D7'},{'R3'},,,,&,1.0,&
{'R1'},{'D3'},{'R2'},{'D4'},{'D7'},,,,,,&,1.0,&
{'R1'},{'D3'},{'D1'},,,,,,,,&,3.0,&
{'R1'},{'D3'},{'D1'},{'R3'},{'D7'},{'R2'},{'D4'},{'D2'},{'D6'},{'D5'},&,1.0,&
{'R1'},{'D3'},{'D1'},{'R3'},{'D2'},{'D4'},,,,,&,1.0,&
{'R1'},{'D3'},{'D1'},{'R3'},{'D2'},{'D7'},,,,,&,1.0,&
{'R1'},{'D3'},{'D1'},{'D2'},{'R2'},{'R3'},{'D7'},{'D4'},{'D6'},,&,1.0,&
{'R1'},{'D3'},{'D1'},{'R2'},{'R3'},{'D2'},,,,,&,1.0,&
{'R1'},{'D3'},{'D1'},{'R2'},{'D2'},{'D7'},{'D4'},{'D6'},,,&,1.0,&
{'R1'},{'D3'},{'D4'},{'D2'},{'D1'},{'D7'},{'R3'},{'R2'},,,&,1.0,&
{'R1'},{'D3'},{'D4'},{'D1'},,,,,,,&,1.0,&
{'R1'},{'D3'},{'D4'},{'R2'},{'D2'},{'D7'},{'D1'},{'R3'},{'D6'},,&,1.0,&
{'R1'},{'D3'},,,,,,,,,&,4.0,&
{'R1'},{'D3'},{'D7'},{'R3'},{'R2'},{'D2'},,,,,&,1.0,&
{'R1'},{'D3'},{'D7'},{'R3'},{'R2'},{'D2'},{'D1'},{'D4'},{'D6'},{'D5'},&,1.0,&
{'R1'},{'D3'},{'D7'},{'D2'},,,,,,,&,1.0,&
{'R1'},{'D3'},{'D7'},{'D2'},{'D1'},{'R3'},{'D4'},{'R2'},{'D6'},,&,1.0,&
{'R1'},{'D3'},{'D7'},{'D1'},{'D2'},{'R3'},{'D4'},{'D6'},{'D5'},,&,1.0,&
{'R1'},{'D3'},{'D7'},{'R2'},,,,,,,&,1.0,&
{'R1'},{'D3'},{'D7'},{'R2'},{'D2'},{'D1'},,,,,&,1.0,&
{'R1'},{'D3'},{'D2'},{'R3'},,,,,,,&,1.0,&
{'R1'},{'D3'},{'D2'},{'D1'},{'R2'},,,,,,&,1.0,&
{'R1'},{'D3'},{'D2'},{'R2'},{'D1'},{'D4'},{'R3'},,,,&,1.0,&
{'R1'},{'D3'},{'D2'},{'D7'},,,,,,,&,1.0,&
{'R1'},{'D3'},{'D2'},{'D7'},{'D4'},,,,,,&,1.0,&
{'R1'},{'D3'},{'D2'},{'D4'},{'R3'},{'D1'},{'R2'},,,,&,1.0,&
{'R1'},{'D7'},{'R3'},,,,,,,,&,21.0,&
{'R1'},{'D7'},{'R3'},{'D2'},,,,,,,&,8.0,&
{'R1'},{'D7'},{'R3'},{'D2'},{'D1'},,,,,,&,2.0,&
{'R1'},{'D7'},{'R3'},{'D2'},{'D1'},{'D4'},,,,,&,1.0,&
{'R1'},{'D7'},{'R3'},{'D2'},{'D1'},{'D4'},{'R2'},{'D5'},,,&,1.0,&
{'R1'},{'D7'},{'R3'},{'D2'},{'D1'},{'R2'},{'D3'},{'D6'},,,&,1.0,&
{'R1'},{'D7'},{'R3'},{'D2'},{'D1'},{'R2'},{'D3'},{'D4'},,,&,1.0,&
{'R1'},{'D7'},{'R3'},{'D2'},{'R2'},,,,,,&,2.0,&
{'R1'},{'D7'},{'R3'},{'D2'},{'R2'},{'D1'},,,,,&,2.0,&
{'R1'},{'D7'},{'R3'},{'D2'},{'R2'},{'D1'},{'D4'},{'D3'},,,&,1.0,&
{'R1'},{'D7'},{'R3'},{'D2'},{'R2'},{'D6'},{'D1'},,,,&,1.0,&
{'R1'},{'D7'},{'R3'},{'D2'},{'D4'},,,,,,&,1.0,&
{'R1'},{'D7'},{'R3'},{'D2'},{'D4'},{'D1'},{'D3'},{'D6'},,,&,1.0,&
{'R1'},{'D7'},{'R3'},{'D2'},{'D4'},{'D1'},{'D3'},{'R2'},{'D6'},,&,1.0,&
{'R1'},{'D7'},{'R3'},{'D2'},{'D4'},{'R2'},{'D3'},{'D1'},,,&,1.0,&
{'R1'},{'D7'},{'R3'},{'D2'},{'D4'},{'R2'},{'D5'},{'D3'},,,&,1.0,&
{'R1'},{'D7'},{'R3'},{'D2'},{'D6'},{'D4'},,,,,&,1.0,&
{'R1'},{'D7'},{'R3'},{'D2'},{'D6'},{'D1'},{'R2'},{'D3'},{'D4'},{'D5'},&,1.0,&
{'R1'},{'D7'},{'R3'},{'D2'},{'D6'},{'R2'},{'D1'},{'D3'},{'D4'},{'D5'},&,1.0,&
{'R1'},{'D7'},{'R3'},{'D2'},{'D5'},{'D1'},{'D6'},,,,&,1.0,&
{'R1'},{'D7'},{'R3'},{'D1'},,,,,,,&,1.0,&
{'R1'},{'D7'},{'R3'},{'D1'},{'R2'},,,,,,&,2.0,&
{'R1'},{'D7'},{'R3'},{'D1'},{'R2'},{'D2'},,,,,&,2.0,&
{'R1'},{'D7'},{'R3'},{'D1'},{'D4'},,,,,,&,1.0,&
{'R1'},{'D7'},{'R3'},{'D1'},{'D4'},{'D2'},{'R2'},{'D3'},,,&,1.0,&
{'R1'},{'D7'},{'R3'},{'D1'},{'D4'},{'D5'},{'D2'},{'D3'},{'D6'},,&,1.0,&
{'R1'},{'D7'},{'R3'},{'D1'},{'D2'},{'D3'},{'R2'},,,,&,1.0,&
{'R1'},{'D7'},{'R3'},{'D1'},{'D2'},{'R2'},,,,,&,2.0,&
{'R1'},{'D7'},{'R3'},{'D1'},{'D2'},{'R2'},{'D4'},{'D3'},{'D5'},,&,1.0,&
{'R1'},{'D7'},{'R3'},{'D1'},{'D2'},{'D6'},{'R2'},{'D3'},,,&,1.0,&
{'R1'},{'D7'},{'R3'},{'D1'},{'D6'},{'D4'},{'R2'},{'D2'},{'D3'},,&,1.0,&
{'R1'},{'D7'},{'R3'},{'D1'},{'D6'},{'D2'},{'D4'},{'R2'},{'D3'},,&,1.0,&
{'R1'},{'D7'},{'R3'},{'R2'},,,,,,,&,6.0,&
{'R1'},{'D7'},{'R3'},{'R2'},{'D1'},,,,,,&,3.0,&
{'R1'},{'D7'},{'R3'},{'R2'},{'D1'},{'D2'},,,,,&,1.0,&
{'R1'},{'D7'},{'R3'},{'R2'},{'D1'},{'D2'},{'D6'},{'D4'},,,&,1.0,&
{'R1'},{'D7'},{'R3'},{'R2'},{'D1'},{'D5'},{'D4'},,,,&,1.0,&
{'R1'},{'D7'},{'R3'},{'R2'},{'D4'},{'D2'},{'D3'},{'D1'},,,&,1.0,&
{'R1'},{'D7'},{'R3'},{'R2'},{'D4'},{'D2'},{'D5'},{'D1'},{'D3'},{'D6'},&,1.0,&
{'R1'},{'D7'},{'R3'},{'R2'},{'D4'},{'D5'},{'D2'},{'D1'},,,&,1.0,&
{'R1'},{'D7'},{'R3'},{'R2'},{'D2'},{'D4'},,,,,&,1.0,&
{'R1'},{'D7'},{'R3'},{'R2'},{'D2'},{'D4'},{'D1'},,,,&,1.0,&
{'R1'},{'D7'},{'R3'},{'R2'},{'D2'},{'D4'},{'D1'},{'D3'},,,&,1.0,&
{'R1'},{'D7'},{'R3'},{'R2'},{'D2'},{'D3'},{'D4'},,,,&,1.0,&
{'R1'},{'D7'},{'R3'},{'R2'},{'D2'},{'D3'},{'D4'},{'D1'},,,&,1.0,&
{'R1'},{'D7'},{'R3'},{'R2'},{'D2'},{'D1'},,,,,&,1.0,&
{'R1'},{'D7'},{'R3'},{'R2'},{'D2'},{'D1'},{'D3'},{'D4'},{'D6'},,&,1.0,&
{'R1'},{'D7'},{'R3'},{'R2'},{'D2'},{'D5'},{'D1'},{'D4'},{'D6'},,&,1.0,&
{'R1'},{'D7'},{'R3'},{'D4'},,,,,,,&,3.0,&
{'R1'},{'D7'},{'R3'},{'D4'},{'D1'},{'D2'},,,,,&,1.0,&
{'R1'},{'D7'},{'R3'},{'D4'},{'D1'},{'D5'},{'R2'},{'D2'},,,&,1.0,&
{'R1'},{'D7'},{'R3'},{'D4'},{'D1'},{'R2'},,,,,&,1.0,&
{'R1'},{'D7'},{'R3'},{'D4'},{'R2'},,,,,,&,1.0,&
{'R1'},{'D7'},{'R3'},{'D4'},{'D2'},{'D1'},{'D6'},,,,&,1.0,&
{'R1'},{'D7'},{'R3'},{'D4'},{'D2'},{'D1'},{'D6'},{'R2'},,,&,1.0,&
{'R1'},{'D7'},{'R3'},{'D4'},{'D2'},{'D6'},,,,,&,1.0,&
{'R1'},{'D7'},{'R3'},{'D3'},{'R2'},{'D2'},{'D1'},{'D4'},,,&,1.0,&
{'R1'},{'D7'},{'R3'},{'D3'},{'R2'},{'D1'},{'D4'},,,,&,1.0,&
{'R1'},{'D7'},{'R3'},{'D3'},{'D4'},{'R2'},,,,,&,1.0,&
{'R1'},{'D7'},{'R3'},{'D3'},{'D2'},{'R2'},,,,,&,1.0,&
{'R1'},{'D7'},{'R3'},{'D3'},{'D2'},{'R2'},{'D1'},{'D4'},{'D5'},,&,1.0,&
{'R1'},{'D7'},{'R3'},{'D6'},{'D2'},{'D3'},{'D4'},{'R2'},{'D1'},,&,1.0,&
{'R1'},{'D7'},{'R3'},{'D6'},{'D2'},{'D1'},{'D4'},,,,&,1.0,&
{'R1'},{'D7'},{'R3'},{'D5'},{'D1'},{'D2'},{'R2'},{'D3'},,,&,1.0,&
{'R1'},{'D7'},{'R2'},,,,,,,,&,10.0,&
{'R1'},{'D7'},{'R2'},{'R3'},,,,,,,&,1.0,&
{'R1'},{'D7'},{'R2'},{'R3'},{'D1'},,,,,,&,4.0,&
{'R1'},{'D7'},{'R2'},{'R3'},{'D4'},,,,,,&,1.0,&
{'R1'},{'D7'},{'R2'},{'R3'},{'D4'},{'D3'},{'D2'},{'D1'},{'D6'},{'D5'},&,1.0,&
{'R1'},{'D7'},{'R2'},{'R3'},{'D4'},{'D2'},,,,,&,1.0,&
{'R1'},{'D7'},{'R2'},{'R3'},{'D4'},{'D1'},{'D2'},{'D6'},,,&,1.0,&
{'R1'},{'D7'},{'R2'},{'R3'},{'D4'},{'D1'},{'D2'},{'D6'},{'D3'},{'D5'},&,1.0,&
{'R1'},{'D7'},{'R2'},{'R3'},{'D2'},,,,,,&,5.0,&
{'R1'},{'D7'},{'R2'},{'R3'},{'D2'},{'D1'},{'D3'},,,,&,2.0,&
{'R1'},{'D7'},{'R2'},{'R3'},{'D2'},{'D1'},{'D3'},{'D6'},,,&,1.0,&
{'R1'},{'D7'},{'R2'},{'R3'},{'D2'},{'D1'},{'D4'},,,,&,1.0,&
{'R1'},{'D7'},{'R2'},{'R3'},{'D2'},{'D1'},{'D4'},{'D6'},,,&,1.0,&
{'R1'},{'D7'},{'R2'},{'R3'},{'D2'},{'D1'},{'D6'},{'D3'},{'D4'},,&,1.0,&
{'R1'},{'D7'},{'R2'},{'R3'},{'D2'},{'D6'},{'D1'},,,,&,1.0,&
{'R1'},{'D7'},{'R2'},{'R3'},{'D5'},{'D2'},{'D3'},,,,&,1.0,&
{'R1'},{'D7'},{'R2'},{'D2'},,,,,,,&,3.0,&
{'R1'},{'D7'},{'R2'},{'D2'},{'R3'},{'D1'},{'D4'},{'D3'},,,&,1.0,&
{'R1'},{'D7'},{'R2'},{'D2'},{'R3'},{'D1'},{'D6'},{'D4'},{'D3'},,&,1.0,&
{'R1'},{'D7'},{'R2'},{'D2'},{'D1'},,,,,,&,2.0,&
{'R1'},{'D7'},{'R2'},{'D2'},{'D1'},{'D4'},,,,,&,1.0,&
{'R1'},{'D7'},{'R2'},{'D2'},{'D1'},{'D4'},{'D3'},{'D6'},,,&,1.0,&
{'R1'},{'D7'},{'R2'},{'D2'},{'D1'},{'D5'},{'D6'},{'D3'},{'D4'},,&,1.0,&
{'R1'},{'D7'},{'R2'},{'D2'},{'D1'},{'R3'},,,,,&,1.0,&
{'R1'},{'D7'},{'R2'},{'D2'},{'D4'},{'D1'},{'D3'},{'D5'},{'R3'},{'D6'},&,1.0,&
{'R1'},{'D7'},{'R2'},{'D2'},{'D4'},{'D1'},{'R3'},{'D6'},{'D3'},,&,1.0,&
{'R1'},{'D7'},{'R2'},{'D1'},,,,,,,&,1.0,&
{'R1'},{'D7'},{'R2'},{'D1'},{'R3'},{'D2'},,,,,&,2.0,&
{'R1'},{'D7'},{'R2'},{'D1'},{'D2'},,,,,,&,1.0,&
{'R1'},{'D7'},{'R2'},{'D1'},{'D2'},{'D4'},{'R3'},{'D3'},{'D6'},{'D5'},&,1.0,&
{'R1'},{'D7'},{'R2'},{'D1'},{'D2'},{'D3'},{'D4'},{'R3'},{'D5'},{'D6'},&,1.0,&
{'R1'},{'D7'},{'R2'},{'D1'},{'D2'},{'R3'},,,,,&,2.0,&
{'R1'},{'D7'},{'R2'},{'D4'},{'R3'},{'D1'},,,,,&,1.0,&
{'R1'},{'D7'},{'R2'},{'D4'},{'D1'},{'R3'},,,,,&,1.0,&
{'R1'},{'D7'},{'R2'},{'D4'},{'D2'},{'R3'},,,,,&,1.0,&
{'R1'},{'D7'},{'R2'},{'D4'},{'D5'},{'D1'},{'D2'},{'R3'},,,&,1.0,&
{'R1'},{'D7'},{'D1'},,,,,,,,&,21.0,&
{'R1'},{'D7'},{'D1'},{'R3'},{'R2'},{'D4'},{'D2'},{'D6'},,,&,1.0,&
{'R1'},{'D7'},{'D1'},{'R3'},{'R2'},{'D2'},{'D3'},,,,&,1.0,&
{'R1'},{'D7'},{'D1'},{'R3'},{'R2'},{'D2'},{'D5'},{'D4'},,,&,1.0,&
{'R1'},{'D7'},{'D1'},{'R3'},{'R2'},{'D2'},{'D4'},{'D3'},,,&,1.0,&
{'R1'},{'D7'},{'D1'},{'R3'},{'D4'},{'D2'},,,,,&,1.0,&
{'R1'},{'D7'},{'D1'},{'R3'},{'D4'},{'R2'},{'D2'},{'D5'},{'D3'},{'D6'},&,1.0,&
{'R1'},{'D7'},{'D1'},{'R3'},{'D4'},{'R2'},{'D2'},{'D6'},{'D5'},,&,1.0,&
{'R1'},{'D7'},{'D1'},{'R3'},{'D2'},,,,,,&,1.0,&
{'R1'},{'D7'},{'D1'},{'R3'},{'D2'},{'D4'},,,,,&,2.0,&
{'R1'},{'D7'},{'D1'},{'R3'},{'D2'},{'D4'},{'D3'},{'D6'},,,&,1.0,&
{'R1'},{'D7'},{'D1'},{'R3'},{'D2'},{'D4'},{'R2'},{'D3'},{'D5'},{'D6'},&,1.0,&
{'R1'},{'D7'},{'D1'},{'R3'},{'D2'},{'D4'},{'D6'},,,,&,1.0,&
{'R1'},{'D7'},{'D1'},{'R3'},{'D2'},{'R2'},{'D4'},{'D3'},{'D5'},,&,1.0,&
{'R1'},{'D7'},{'D1'},{'R3'},{'D2'},{'R2'},{'D6'},{'D3'},,,&,1.0,&
{'R1'},{'D7'},{'D1'},{'R3'},{'D6'},{'D2'},,,,,&,1.0,&
{'R1'},{'D7'},{'D1'},{'D2'},,,,,,,&,1.0,&
{'R1'},{'D7'},{'D1'},{'D2'},{'R3'},,,,,,&,1.0,&
{'R1'},{'D7'},{'D1'},{'D2'},{'R3'},{'D4'},{'D3'},{'D6'},{'D5'},{'R2'},&,1.0,&
{'R1'},{'D7'},{'D1'},{'D2'},{'R3'},{'D4'},{'R2'},{'D5'},,,&,1.0,&
{'R1'},{'D7'},{'D1'},{'D2'},{'R3'},{'D3'},{'D4'},{'R2'},,,&,1.0,&
{'R1'},{'D7'},{'D1'},{'D2'},{'R3'},{'R2'},,,,,&,1.0,&
{'R1'},{'D7'},{'D1'},{'D2'},{'R3'},{'R2'},{'D5'},{'D4'},{'D3'},{'D6'},&,1.0,&
{'R1'},{'D7'},{'D1'},{'D2'},{'R2'},,,,,,&,2.0,&
{'R1'},{'D7'},{'D1'},{'D2'},{'R2'},{'D4'},{'R3'},{'D6'},{'D5'},,&,1.0,&
{'R1'},{'D7'},{'D1'},{'D2'},{'R2'},{'R3'},,,,,&,1.0,&
{'R1'},{'D7'},{'D1'},{'D2'},{'R2'},{'R3'},{'D4'},{'D6'},{'D5'},{'D3'},&,1.0,&
{'R1'},{'D7'},{'D1'},{'D2'},{'D4'},{'D3'},{'D6'},{'R2'},{'D5'},{'R3'},&,1.0,&
{'R1'},{'D7'},{'D1'},{'D2'},{'D4'},{'D3'},{'D6'},{'R3'},{'D5'},{'R2'},&,2.0,&
{'R1'},{'D7'},{'D1'},{'D2'},{'D4'},{'D5'},{'R2'},{'D6'},{'R3'},,&,1.0,&
{'R1'},{'D7'},{'D1'},{'D2'},{'D4'},{'R3'},,,,,&,1.0,&
{'R1'},{'D7'},{'D1'},{'D2'},{'D4'},{'D6'},,,,,&,1.0,&
{'R1'},{'D7'},{'D1'},{'D2'},{'D6'},,,,,,&,1.0,&
{'R1'},{'D7'},{'D1'},{'D2'},{'D6'},{'D4'},{'D3'},,,,&,1.0,&
{'R1'},{'D7'},{'D1'},{'D2'},{'D3'},,,,,,&,1.0,&
{'R1'},{'D7'},{'D1'},{'D2'},{'D3'},{'D4'},{'R2'},,,,&,1.0,&
{'R1'},{'D7'},{'D1'},{'D2'},{'D3'},{'D6'},{'D4'},{'D5'},,,&,1.0,&
{'R1'},{'D7'},{'D1'},{'D2'},{'D5'},{'D4'},{'R3'},{'D3'},{'R2'},,&,1.0,&
{'R1'},{'D7'},{'D1'},{'R2'},,,,,,,&,1.0,&
{'R1'},{'D7'},{'D1'},{'R2'},{'R3'},{'D2'},,,,,&,2.0,&
{'R1'},{'D7'},{'D1'},{'R2'},{'R3'},{'D6'},{'D5'},,,,&,1.0,&
{'R1'},{'D7'},{'D1'},{'R2'},{'D2'},{'D4'},{'R3'},{'D6'},{'D3'},,&,1.0,&
{'R1'},{'D7'},{'D1'},{'R2'},{'D2'},{'R3'},{'D4'},{'D3'},{'D5'},{'D6'},&,1.0,&
{'R1'},{'D7'},{'D1'},{'R2'},{'D3'},{'R3'},,,,,&,1.0,&
{'R1'},{'D7'},{'D1'},{'D4'},{'R3'},{'R2'},{'D2'},{'D6'},{'D3'},{'D5'},&,1.0,&
{'R1'},{'D7'},{'D1'},{'D4'},{'R2'},,,,,,&,2.0,&
{'R1'},{'D7'},{'D1'},{'D4'},{'R2'},{'D2'},,,,,&,1.0,&
{'R1'},{'D7'},{'D1'},{'D4'},{'D2'},{'R3'},{'R2'},{'D6'},{'D3'},{'D5'},&,1.0,&
{'R1'},{'D7'},{'D1'},{'D4'},{'D2'},{'R3'},{'D6'},{'D3'},,,&,1.0,&
{'R1'},{'D7'},{'D1'},{'D3'},,,,,,,&,2.0,&
{'R1'},{'D7'},{'D1'},{'D3'},{'R3'},,,,,,&,1.0,&
{'R1'},{'D7'},{'D1'},{'D3'},{'R2'},{'D4'},{'R3'},{'D2'},,,&,1.0,&
{'R1'},{'D7'},{'D1'},{'D3'},{'R2'},{'R3'},{'D2'},,,,&,1.0,&
{'R1'},{'D7'},{'D1'},{'D3'},{'D6'},{'D2'},{'R3'},{'D5'},{'D4'},,&,1.0,&
{'R1'},{'D7'},{'D1'},{'D6'},{'R2'},,,,,,&,1.0,&
{'R1'},{'D7'},{'D1'},{'D6'},{'D2'},{'R3'},{'D3'},{'R2'},{'D4'},,&,1.0,&
{'R1'},{'D7'},{'D4'},,,,,,,,&,2.0,&
{'R1'},{'D7'},{'D4'},{'R3'},{'D1'},{'D2'},{'D5'},{'R2'},,,&,1.0,&
{'R1'},{'D7'},{'D4'},{'R3'},{'R2'},{'D2'},{'D1'},,,,&,1.0,&
{'R1'},{'D7'},{'D4'},{'R3'},{'R2'},{'D2'},{'D6'},{'D1'},{'D3'},{'D5'},&,1.0,&
{'R1'},{'D7'},{'D4'},{'R3'},{'R2'},{'D1'},{'D2'},{'D3'},{'D6'},,&,1.0,&
{'R1'},{'D7'},{'D4'},{'R3'},{'D2'},,,,,,&,1.0,&
{'R1'},{'D7'},{'D4'},{'R3'},{'D2'},{'D1'},{'R2'},,,,&,1.0,&
{'R1'},{'D7'},{'D4'},{'R3'},{'D2'},{'D1'},{'D6'},,,,&,1.0,&
{'R1'},{'D7'},{'D4'},{'R3'},{'D2'},{'D1'},{'D6'},{'D5'},{'R2'},,&,1.0,&
{'R1'},{'D7'},{'D4'},{'R3'},{'D2'},{'R2'},,,,,&,1.0,&
{'R1'},{'D7'},{'D4'},{'D2'},,,,,,,&,4.0,&
{'R1'},{'D7'},{'D4'},{'D2'},{'R3'},,,,,,&,1.0,&
{'R1'},{'D7'},{'D4'},{'D2'},{'R3'},{'D1'},{'D3'},,,,&,1.0,&
{'R1'},{'D7'},{'D4'},{'D2'},{'D1'},,,,,,&,1.0,&
{'R1'},{'D7'},{'D4'},{'D2'},{'R2'},{'D3'},{'D1'},{'R3'},,,&,1.0,&
{'R1'},{'D7'},{'D4'},{'D2'},{'R2'},{'D1'},,,,,&,1.0,&
{'R1'},{'D7'},{'D4'},{'D2'},{'R2'},{'R3'},{'D1'},,,,&,1.0,&
{'R1'},{'D7'},{'D4'},{'D1'},{'R3'},,,,,,&,1.0,&
{'R1'},{'D7'},{'D4'},{'D1'},{'R3'},{'D2'},{'D6'},,,,&,1.0,&
{'R1'},{'D7'},{'D4'},{'D1'},{'R3'},{'R2'},,,,,&,1.0,&
{'R1'},{'D7'},{'D4'},{'D1'},{'D2'},{'R3'},{'D3'},{'R2'},{'D5'},{'D6'},&,1.0,&
{'R1'},{'D7'},{'D4'},{'R2'},,,,,,,&,1.0,&
{'R1'},{'D7'},{'D4'},{'R2'},{'R3'},{'D2'},{'D1'},{'D3'},{'D6'},{'D5'},&,1.0,&
{'R1'},{'D7'},{'D4'},{'R2'},{'R3'},{'D1'},{'D2'},{'D3'},{'D6'},,&,1.0,&
{'R1'},{'D7'},{'D4'},{'R2'},{'D2'},{'D1'},,,,,&,1.0,&
{'R1'},{'D7'},,,,,,,,,&,33.0,&
{'R1'},{'D7'},{'D2'},,,,,,,,&,16.0,&
{'R1'},{'D7'},{'D2'},{'R3'},,,,,,,&,6.0,&
{'R1'},{'D7'},{'D2'},{'R3'},{'D1'},,,,,,&,2.0,&
{'R1'},{'D7'},{'D2'},{'R3'},{'D1'},{'D3'},{'D4'},{'D6'},{'R2'},{'D5'},&,1.0,&
{'R1'},{'D7'},{'D2'},{'R3'},{'R2'},,,,,,&,3.0,&
{'R1'},{'D7'},{'D2'},{'R3'},{'R2'},{'D1'},,,,,&,1.0,&
{'R1'},{'D7'},{'D2'},{'R3'},{'D4'},,,,,,&,2.0,&
{'R1'},{'D7'},{'D2'},{'R3'},{'D4'},{'D1'},{'D5'},{'R2'},,,&,1.0,&
{'R1'},{'D7'},{'D2'},{'R3'},{'D4'},{'D1'},{'R2'},,,,&,1.0,&
{'R1'},{'D7'},{'D2'},{'R3'},{'D4'},{'D1'},{'R2'},{'D6'},{'D3'},{'D5'},&,1.0,&
{'R1'},{'D7'},{'D2'},{'R3'},{'D6'},{'D3'},{'D1'},{'D4'},{'D5'},{'R2'},&,1.0,&
{'R1'},{'D7'},{'D2'},{'R3'},{'D6'},{'D1'},{'D3'},{'D4'},{'R2'},,&,1.0,&
{'R1'},{'D7'},{'D2'},{'R3'},{'D3'},{'D4'},{'D1'},{'R2'},,,&,1.0,&
{'R1'},{'D7'},{'D2'},{'R3'},{'D3'},{'D1'},,,,,&,1.0,&
{'R1'},{'D7'},{'D2'},{'R3'},{'D5'},,,,,,&,1.0,&
{'R1'},{'D7'},{'D2'},{'D1'},,,,,,,&,4.0,&
{'R1'},{'D7'},{'D2'},{'D1'},{'R3'},{'D4'},,,,,&,1.0,&
{'R1'},{'D7'},{'D2'},{'D1'},{'R3'},{'D4'},{'D5'},,,,&,1.0,&
{'R1'},{'D7'},{'D2'},{'D1'},{'R3'},{'D4'},{'D6'},{'R2'},,,&,1.0,&
{'R1'},{'D7'},{'D2'},{'D1'},{'R3'},{'D3'},{'D4'},,,,&,1.0,&
{'R1'},{'D7'},{'D2'},{'D1'},{'R3'},{'D3'},{'D4'},{'R2'},,,&,1.0,&
{'R1'},{'D7'},{'D2'},{'D1'},{'R3'},{'R2'},,,,,&,1.0,&
{'R1'},{'D7'},{'D2'},{'D1'},{'R2'},,,,,,&,1.0,&
{'R1'},{'D7'},{'D2'},{'D1'},{'R2'},{'D3'},{'R3'},,,,&,1.0,&
{'R1'},{'D7'},{'D2'},{'D1'},{'R2'},{'D3'},{'R3'},{'D4'},,,&,2.0,&
{'R1'},{'D7'},{'D2'},{'D1'},{'R2'},{'R3'},,,,,&,1.0,&
{'R1'},{'D7'},{'D2'},{'D1'},{'R2'},{'R3'},{'D3'},{'D4'},,,&,1.0,&
{'R1'},{'D7'},{'D2'},{'D1'},{'R2'},{'R3'},{'D4'},,,,&,1.0,&
{'R1'},{'D7'},{'D2'},{'D1'},{'R2'},{'D6'},{'R3'},{'D4'},{'D3'},,&,1.0,&
{'R1'},{'D7'},{'D2'},{'D1'},{'D4'},,,,,,&,1.0,&
{'R1'},{'D7'},{'D2'},{'D1'},{'D4'},{'D3'},{'R3'},{'D5'},{'D6'},{'R2'},&,1.0,&
{'R1'},{'D7'},{'D2'},{'D1'},{'D4'},{'R3'},,,,,&,1.0,&
{'R1'},{'D7'},{'D2'},{'D1'},{'D4'},{'D6'},{'D3'},{'R2'},{'R3'},{'D5'},&,1.0,&
{'R1'},{'D7'},{'D2'},{'D1'},{'D4'},{'D6'},{'D5'},{'D3'},{'R2'},{'R3'},&,1.0,&
{'R1'},{'D7'},{'D2'},{'D1'},{'D6'},{'D4'},{'R2'},,,,&,1.0,&
{'R1'},{'D7'},{'D2'},{'D1'},{'D6'},{'R2'},,,,,&,1.0,&
{'R1'},{'D7'},{'D2'},{'D1'},{'D6'},{'R2'},{'D4'},{'D3'},{'R3'},{'D5'},&,1.0,&
{'R1'},{'D7'},{'D2'},{'D1'},{'D6'},{'R2'},{'R3'},,,,&,1.0,&
{'R1'},{'D7'},{'D2'},{'D1'},{'D6'},{'R3'},{'D4'},,,,&,1.0,&
{'R1'},{'D7'},{'D2'},{'D1'},{'D3'},{'D4'},,,,,&,1.0,&
{'R1'},{'D7'},{'D2'},{'R2'},,,,,,,&,4.0,&
{'R1'},{'D7'},{'D2'},{'R2'},{'R3'},,,,,,&,1.0,&
{'R1'},{'D7'},{'D2'},{'R2'},{'R3'},{'D4'},{'D1'},{'D6'},{'D3'},{'D5'},&,1.0,&
{'R1'},{'D7'},{'D2'},{'R2'},{'R3'},{'D4'},{'D1'},{'D3'},{'D6'},,&,1.0,&
{'R1'},{'D7'},{'D2'},{'R2'},{'R3'},{'D3'},{'D4'},{'D1'},{'D6'},{'D5'},&,1.0,&
{'R1'},{'D7'},{'D2'},{'R2'},{'R3'},{'D1'},{'D4'},,,,&,2.0,&
{'R1'},{'D7'},{'D2'},{'R2'},{'R3'},{'D1'},{'D6'},{'D3'},,,&,1.0,&
{'R1'},{'D7'},{'D2'},{'R2'},{'R3'},{'D6'},{'D1'},,,,&,1.0,&
{'R1'},{'D7'},{'D2'},{'R2'},{'D1'},{'D4'},{'D3'},,,,&,1.0,&
{'R1'},{'D7'},{'D2'},{'R2'},{'D1'},{'D3'},{'R3'},{'D4'},{'D6'},{'D5'},&,1.0,&
{'R1'},{'D7'},{'D2'},{'R2'},{'D1'},{'D3'},{'R3'},{'D4'},{'D5'},,&,1.0,&
{'R1'},{'D7'},{'D2'},{'R2'},{'D1'},{'R3'},{'D6'},{'D4'},,,&,1.0,&
{'R1'},{'D7'},{'D2'},{'R2'},{'D4'},{'D3'},{'D1'},{'D6'},{'D5'},,&,1.0,&
{'R1'},{'D7'},{'D2'},{'R2'},{'D4'},{'D6'},{'D3'},,,,&,1.0,&
{'R1'},{'D7'},{'D2'},{'R2'},{'D4'},{'D6'},{'D1'},{'D3'},{'R3'},{'D5'},&,1.0,&
{'R1'},{'D7'},{'D2'},{'R2'},{'D3'},,,,,,&,1.0,&
{'R1'},{'D7'},{'D2'},{'R2'},{'D3'},{'R3'},{'D1'},{'D5'},{'D4'},{'D6'},&,1.0,&
{'R1'},{'D7'},{'D2'},{'D4'},,,,,,,&,2.0,&
{'R1'},{'D7'},{'D2'},{'D4'},{'R3'},{'D1'},{'D3'},{'D6'},{'D5'},{'R2'},&,1.0,&
{'R1'},{'D7'},{'D2'},{'D4'},{'R3'},{'D1'},{'R2'},{'D6'},,,&,1.0,&
{'R1'},{'D7'},{'D2'},{'D4'},{'D1'},,,,,,&,2.0,&
{'R1'},{'D7'},{'D2'},{'D4'},{'D1'},{'D3'},{'R2'},{'D6'},,,&,1.0,&
{'R1'},{'D7'},{'D2'},{'D4'},{'D1'},{'D3'},{'R3'},{'R2'},{'D6'},{'D5'},&,1.0,&
{'R1'},{'D7'},{'D2'},{'D4'},{'D1'},{'R3'},,,,,&,1.0,&
{'R1'},{'D7'},{'D2'},{'D4'},{'D1'},{'D6'},{'R2'},,,,&,1.0,&
{'R1'},{'D7'},{'D2'},{'D4'},{'R2'},{'D3'},{'D1'},{'R3'},{'D6'},{'D5'},&,1.0,&
{'R1'},{'D7'},{'D2'},{'D4'},{'D6'},,,,,,&,1.0,&
{'R1'},{'D7'},{'D2'},{'D4'},{'D6'},{'R3'},{'R2'},{'D1'},{'D3'},{'D5'},&,1.0,&
{'R1'},{'D7'},{'D2'},{'D3'},,,,,,,&,1.0,&
{'R1'},{'D7'},{'D2'},{'D3'},{'R3'},,,,,,&,1.0,&
{'R1'},{'D7'},{'D2'},{'D3'},{'D1'},,,,,,&,2.0,&
{'R1'},{'D7'},{'D2'},{'D3'},{'D1'},{'R3'},,,,,&,1.0,&
{'R1'},{'D7'},{'D2'},{'D3'},{'D1'},{'D6'},{'D4'},{'R3'},,,&,1.0,&
{'R1'},{'D7'},{'D2'},{'D3'},{'D4'},,,,,,&,1.0,&
{'R1'},{'D7'},{'D2'},{'D6'},{'R3'},,,,,,&,1.0,&
{'R1'},{'D7'},{'D2'},{'D6'},{'D1'},{'R3'},{'D3'},{'D4'},{'R2'},,&,1.0,&
{'R1'},{'D7'},{'D2'},{'D6'},{'D1'},{'R3'},{'R2'},{'D3'},,,&,1.0,&
{'R1'},{'D7'},{'D2'},{'D6'},{'R2'},{'D1'},{'D4'},{'R3'},{'D3'},{'D5'},&,1.0,&
{'R1'},{'D7'},{'D3'},,,,,,,,&,2.0,&
{'R1'},{'D7'},{'D3'},{'R3'},{'D2'},{'R2'},,,,,&,1.0,&
{'R1'},{'D7'},{'D3'},{'D2'},{'R3'},{'R2'},{'D4'},{'D1'},{'D6'},{'D5'},&,1.0,&
{'R1'},{'D7'},{'D3'},{'D2'},{'D1'},{'D4'},{'D6'},{'R3'},{'R2'},,&,1.0,&
{'R1'},{'D7'},{'D3'},{'D2'},{'D1'},{'D6'},{'R3'},{'R2'},{'D4'},,&,1.0,&
{'R1'},{'D7'},{'D3'},{'D1'},{'D4'},{'R2'},{'D2'},{'R3'},{'D6'},{'D5'},&,1.0,&
{'R1'},{'D7'},{'D3'},{'D1'},{'D2'},{'R2'},{'D4'},{'D6'},{'D5'},,&,1.0,&
{'R1'},{'D7'},{'D3'},{'D1'},{'D6'},{'R3'},,,,,&,1.0,&
{'R1'},{'D7'},{'D6'},,,,,,,,&,3.0,&
{'R1'},{'D7'},{'D6'},{'R3'},{'R2'},,,,,,&,1.0,&
{'R1'},{'D7'},{'D6'},{'R3'},{'R2'},{'D1'},{'D2'},,,,&,1.0,&
{'R1'},{'D7'},{'D6'},{'R3'},{'D2'},{'D1'},{'D3'},{'R2'},,,&,1.0,&
{'R1'},{'D7'},{'D6'},{'D2'},{'D1'},,,,,,&,1.0,&
{'R1'},{'D7'},{'D6'},{'D1'},{'R3'},,,,,,&,1.0,&
{'R1'},{'D7'},{'D6'},{'D1'},{'R3'},{'R2'},,,,,&,1.0,&
{'R1'},{'D7'},{'D6'},{'D1'},{'D2'},,,,,,&,1.0,&
{'R1'},{'D7'},{'D6'},{'R2'},{'D1'},{'R3'},,,,,&,1.0,&
{'R1'},{'D7'},{'D6'},{'D4'},{'D2'},,,,,,&,1.0,&
{'R1'},{'D7'},{'D6'},{'D3'},{'R3'},{'R2'},,,,,&,1.0,&
{'R1'},{'D7'},{'D5'},,,,,,,,&,1.0,&
{'R1'},{'D7'},{'D5'},{'D2'},,,,,,,&,1.0,&
{'R1'},{'D7'},{'D5'},{'D4'},{'D2'},{'R2'},{'D3'},{'R3'},{'D1'},,&,1.0,&
{'R1'},{'D6'},{'R3'},,,,,,,,&,1.0,&
{'R1'},{'D6'},{'R3'},{'D2'},,,,,,,&,1.0,&
{'R1'},{'D6'},{'R3'},{'D2'},{'D5'},{'D7'},{'R2'},,,,&,1.0,&
{'R1'},{'D6'},{'R3'},{'D1'},{'D4'},{'D2'},{'D7'},{'R2'},{'D5'},,&,1.0,&
{'R1'},{'D6'},{'R3'},{'R2'},{'D7'},{'D1'},{'D2'},{'D4'},,,&,1.0,&
{'R1'},{'D6'},{'R3'},{'R2'},{'D2'},{'D7'},,,,,&,1.0,&
{'R1'},{'D6'},{'R3'},{'R2'},{'D5'},{'D2'},{'D7'},{'D4'},,,&,1.0,&
{'R1'},{'D6'},{'R3'},{'D7'},{'D2'},{'D4'},{'D1'},{'R2'},{'D3'},{'D5'},&,1.0,&
{'R1'},{'D6'},{'R3'},{'D3'},{'R2'},{'D2'},{'D7'},,,,&,1.0,&
{'R1'},{'D6'},{'R2'},,,,,,,,&,1.0,&
{'R1'},{'D6'},{'R2'},{'R3'},{'D7'},{'D1'},,,,,&,1.0,&
{'R1'},{'D6'},{'R2'},{'D2'},,,,,,,&,1.0,&
{'R1'},{'D6'},{'R2'},{'D2'},{'D7'},{'R3'},,,,,&,1.0,&
{'R1'},{'D6'},{'R2'},{'D2'},{'D1'},{'R3'},{'D7'},,,,&,1.0,&
{'R1'},{'D6'},{'R2'},{'D2'},{'D4'},{'R3'},,,,,&,1.0,&
{'R1'},{'D6'},{'R2'},{'D7'},{'D1'},,,,,,&,1.0,&
{'R1'},{'D6'},{'R2'},{'D7'},{'D3'},{'D2'},{'D1'},{'D4'},{'D5'},,&,1.0,&
{'R1'},{'D6'},{'R2'},{'D4'},{'D2'},,,,,,&,1.0,&
{'R1'},{'D6'},{'D1'},,,,,,,,&,1.0,&
{'R1'},{'D6'},{'D1'},{'R3'},{'R2'},,,,,,&,1.0,&
{'R1'},{'D6'},{'D1'},{'R2'},{'D7'},{'D2'},{'D4'},,,,&,1.0,&
{'R1'},{'D6'},{'D1'},{'R2'},{'R3'},{'D2'},,,,,&,1.0,&
{'R1'},{'D6'},{'D1'},{'R2'},{'D2'},,,,,,&,1.0,&
{'R1'},{'D6'},{'D4'},{'D1'},{'R2'},{'R3'},,,,,&,1.0,&
{'R1'},{'D6'},,,,,,,,,&,7.0,&
{'R1'},{'D6'},{'D7'},,,,,,,,&,2.0,&
{'R1'},{'D6'},{'D7'},{'R3'},{'D3'},,,,,,&,1.0,&
{'R1'},{'D6'},{'D7'},{'D2'},{'D4'},,,,,,&,1.0,&
{'R1'},{'D6'},{'D7'},{'D2'},{'D4'},{'R3'},{'R2'},{'D1'},,,&,1.0,&
{'R1'},{'D6'},{'D7'},{'D1'},,,,,,,&,1.0,&
{'R1'},{'D6'},{'D7'},{'D1'},{'D2'},{'D4'},{'D3'},{'D5'},{'R3'},{'R2'},&,1.0,&
{'R1'},{'D6'},{'D2'},,,,,,,,&,1.0,&
{'R1'},{'D6'},{'D2'},{'R3'},,,,,,,&,1.0,&
{'R1'},{'D6'},{'D2'},{'R3'},{'R2'},{'D1'},{'D4'},{'D7'},{'D3'},{'D5'},&,1.0,&
{'R1'},{'D6'},{'D2'},{'D7'},{'D1'},{'D4'},,,,,&,1.0,&
{'R1'},{'D6'},{'D2'},{'D4'},{'D7'},{'D1'},{'R3'},{'D3'},{'D5'},{'R2'},&,1.0,&
{'R1'},{'D6'},{'D3'},,,,,,,,&,1.0,&
{'R1'},{'D6'},{'D3'},{'D1'},,,,,,,&,1.0,&
{'R3'},{'D2'},{'R2'},,,,,,,,&,189.0,&
{'R3'},{'D2'},{'R2'},{'D1'},,,,,,,&,22.0,&
{'R3'},{'D2'},{'R2'},{'D1'},{'D7'},,,,,,&,19.0,&
{'R3'},{'D2'},{'R2'},{'D1'},{'D7'},{'D4'},,,,,&,3.0,&
{'R3'},{'D2'},{'R2'},{'D1'},{'D7'},{'D4'},{'D3'},,,,&,1.0,&
{'R3'},{'D2'},{'R2'},{'D1'},{'D7'},{'D4'},{'D3'},{'D6'},,,&,1.0,&
{'R3'},{'D2'},{'R2'},{'D1'},{'D7'},{'D4'},{'D3'},{'R1'},{'D6'},,&,2.0,&
{'R3'},{'D2'},{'R2'},{'D1'},{'D7'},{'D4'},{'R1'},,,,&,3.0,&
{'R3'},{'D2'},{'R2'},{'D1'},{'D7'},{'D4'},{'R1'},{'D6'},,,&,2.0,&
{'R3'},{'D2'},{'R2'},{'D1'},{'D7'},{'D4'},{'R1'},{'D6'},{'D5'},{'D3'},&,1.0,&
{'R3'},{'D2'},{'R2'},{'D1'},{'D7'},{'D4'},{'R1'},{'D6'},{'D3'},{'D5'},&,1.0,&
{'R3'},{'D2'},{'R2'},{'D1'},{'D7'},{'D4'},{'R1'},{'D3'},{'D6'},{'D5'},&,1.0,&
{'R3'},{'D2'},{'R2'},{'D1'},{'D7'},{'D4'},{'D5'},{'D3'},{'R1'},{'D6'},&,2.0,&
{'R3'},{'D2'},{'R2'},{'D1'},{'D7'},{'D4'},{'D6'},,,,&,1.0,&
{'R3'},{'D2'},{'R2'},{'D1'},{'D7'},{'D4'},{'D6'},{'R1'},,,&,1.0,&
{'R3'},{'D2'},{'R2'},{'D1'},{'D7'},{'D4'},{'D6'},{'R1'},{'D5'},,&,1.0,&
{'R3'},{'D2'},{'R2'},{'D1'},{'D7'},{'D4'},{'D6'},{'R1'},{'D5'},{'D3'},&,1.0,&
{'R3'},{'D2'},{'R2'},{'D1'},{'D7'},{'D4'},{'D6'},{'R1'},{'D3'},{'D5'},&,1.0,&
{'R3'},{'D2'},{'R2'},{'D1'},{'D7'},{'R1'},,,,,&,4.0,&
{'R3'},{'D2'},{'R2'},{'D1'},{'D7'},{'R1'},{'D3'},,,,&,1.0,&
{'R3'},{'D2'},{'R2'},{'D1'},{'D7'},{'R1'},{'D3'},{'D6'},{'D4'},{'D5'},&,1.0,&
{'R3'},{'D2'},{'R2'},{'D1'},{'D7'},{'R1'},{'D3'},{'D4'},{'D6'},{'D5'},&,4.0,&
{'R3'},{'D2'},{'R2'},{'D1'},{'D7'},{'R1'},{'D5'},{'D3'},,,&,1.0,&
{'R3'},{'D2'},{'R2'},{'D1'},{'D7'},{'R1'},{'D4'},,,,&,1.0,&
{'R3'},{'D2'},{'R2'},{'D1'},{'D7'},{'R1'},{'D4'},{'D5'},,,&,1.0,&
{'R3'},{'D2'},{'R2'},{'D1'},{'D7'},{'R1'},{'D4'},{'D6'},,,&,2.0,&
{'R3'},{'D2'},{'R2'},{'D1'},{'D7'},{'R1'},{'D4'},{'D3'},,,&,1.0,&
{'R3'},{'D2'},{'R2'},{'D1'},{'D7'},{'R1'},{'D4'},{'D3'},{'D6'},{'D5'},&,3.0,&
{'R3'},{'D2'},{'R2'},{'D1'},{'D7'},{'R1'},{'D6'},,,,&,2.0,&
{'R3'},{'D2'},{'R2'},{'D1'},{'D7'},{'R1'},{'D6'},{'D3'},,,&,1.0,&
{'R3'},{'D2'},{'R2'},{'D1'},{'D7'},{'D3'},,,,,&,1.0,&
{'R3'},{'D2'},{'R2'},{'D1'},{'D7'},{'D3'},{'R1'},{'D4'},,,&,1.0,&
{'R3'},{'D2'},{'R2'},{'D1'},{'D7'},{'D3'},{'D4'},,,,&,1.0,&
{'R3'},{'D2'},{'R2'},{'D1'},{'D7'},{'D3'},{'D4'},{'D6'},{'R1'},{'D5'},&,1.0,&
{'R3'},{'D2'},{'R2'},{'D1'},{'D7'},{'D3'},{'D6'},,,,&,1.0,&
{'R3'},{'D2'},{'R2'},{'D1'},{'D7'},{'D3'},{'D6'},{'D4'},{'D5'},,&,1.0,&
{'R3'},{'D2'},{'R2'},{'D1'},{'D7'},{'D5'},{'D4'},{'D6'},,,&,1.0,&
{'R3'},{'D2'},{'R2'},{'D1'},{'D7'},{'D5'},{'D6'},,,,&,1.0,&
{'R3'},{'D2'},{'R2'},{'D1'},{'D7'},{'D6'},,,,,&,2.0,&
{'R3'},{'D2'},{'R2'},{'D1'},{'D7'},{'D6'},{'D3'},{'D4'},{'R1'},,&,1.0,&
{'R3'},{'D2'},{'R2'},{'D1'},{'D7'},{'D6'},{'D4'},,,,&,3.0,&
{'R3'},{'D2'},{'R2'},{'D1'},{'D7'},{'D6'},{'D4'},{'D3'},{'R1'},,&,1.0,&
{'R3'},{'D2'},{'R2'},{'D1'},{'D7'},{'D6'},{'D4'},{'R1'},,,&,1.0,&
{'R3'},{'D2'},{'R2'},{'D1'},{'R1'},,,,,,&,13.0,&
{'R3'},{'D2'},{'R2'},{'D1'},{'R1'},{'D4'},,,,,&,6.0,&
{'R3'},{'D2'},{'R2'},{'D1'},{'R1'},{'D4'},{'D7'},,,,&,1.0,&
{'R3'},{'D2'},{'R2'},{'D1'},{'R1'},{'D4'},{'D7'},{'D6'},{'D3'},,&,1.0,&
{'R3'},{'D2'},{'R2'},{'D1'},{'R1'},{'D4'},{'D7'},{'D3'},,,&,1.0,&
{'R3'},{'D2'},{'R2'},{'D1'},{'R1'},{'D4'},{'D6'},{'D3'},,,&,1.0,&
{'R3'},{'D2'},{'R2'},{'D1'},{'R1'},{'D4'},{'D6'},{'D3'},{'D7'},{'D5'},&,1.0,&
{'R3'},{'D2'},{'R2'},{'D1'},{'R1'},{'D3'},,,,,&,3.0,&
{'R3'},{'D2'},{'R2'},{'D1'},{'R1'},{'D3'},{'D7'},,,,&,1.0,&
{'R3'},{'D2'},{'R2'},{'D1'},{'R1'},{'D3'},{'D7'},{'D4'},,,&,1.0,&
{'R3'},{'D2'},{'R2'},{'D1'},{'R1'},{'D3'},{'D5'},{'D7'},{'D6'},,&,1.0,&
{'R3'},{'D2'},{'R2'},{'D1'},{'R1'},{'D3'},{'D4'},{'D7'},{'D6'},,&,1.0,&
{'R3'},{'D2'},{'R2'},{'D1'},{'R1'},{'D5'},,,,,&,1.0,&
{'R3'},{'D2'},{'R2'},{'D1'},{'R1'},{'D7'},,,,,&,9.0,&
{'R3'},{'D2'},{'R2'},{'D1'},{'R1'},{'D7'},{'D3'},,,,&,3.0,&
{'R3'},{'D2'},{'R2'},{'D1'},{'R1'},{'D7'},{'D3'},{'D4'},{'D6'},{'D5'},&,1.0,&
{'R3'},{'D2'},{'R2'},{'D1'},{'R1'},{'D7'},{'D3'},{'D4'},{'D5'},,&,1.0,&
{'R3'},{'D2'},{'R2'},{'D1'},{'R1'},{'D7'},{'D3'},{'D4'},{'D5'},{'D6'},&,2.0,&
{'R3'},{'D2'},{'R2'},{'D1'},{'R1'},{'D7'},{'D4'},,,,&,6.0,&
{'R3'},{'D2'},{'R2'},{'D1'},{'R1'},{'D7'},{'D4'},{'D5'},,,&,1.0,&
{'R3'},{'D2'},{'R2'},{'D1'},{'R1'},{'D7'},{'D4'},{'D6'},{'D3'},{'D5'},&,1.0,&
{'R3'},{'D2'},{'R2'},{'D1'},{'R1'},{'D7'},{'D4'},{'D3'},,,&,1.0,&
{'R3'},{'D2'},{'R2'},{'D1'},{'R1'},{'D7'},{'D4'},{'D3'},{'D6'},{'D5'},&,3.0,&
{'R3'},{'D2'},{'R2'},{'D1'},{'R1'},{'D7'},{'D6'},,,,&,1.0,&
{'R3'},{'D2'},{'R2'},{'D1'},{'R1'},{'D7'},{'D6'},{'D3'},{'D4'},,&,1.0,&
{'R3'},{'D2'},{'R2'},{'D1'},{'R1'},{'D7'},{'D6'},{'D4'},{'D3'},,&,1.0,&
{'R3'},{'D2'},{'R2'},{'D1'},{'R1'},{'D7'},{'D6'},{'D4'},{'D3'},{'D5'},&,1.0,&
{'R3'},{'D2'},{'R2'},{'D1'},{'R1'},{'D6'},,,,,&,2.0,&
{'R3'},{'D2'},{'R2'},{'D1'},{'R1'},{'D6'},{'D7'},{'D4'},{'D3'},{'D5'},&,1.0,&
{'R3'},{'D2'},{'R2'},{'D1'},{'R1'},{'D6'},{'D4'},,,,&,2.0,&
{'R3'},{'D2'},{'R2'},{'D1'},{'R1'},{'D6'},{'D4'},{'D7'},{'D5'},{'D3'},&,1.0,&
{'R3'},{'D2'},{'R2'},{'D1'},{'D4'},,,,,,&,6.0,&
{'R3'},{'D2'},{'R2'},{'D1'},{'D4'},{'R1'},,,,,&,1.0,&
{'R3'},{'D2'},{'R2'},{'D1'},{'D4'},{'R1'},{'D7'},{'D6'},{'D3'},{'D5'},&,1.0,&
{'R3'},{'D2'},{'R2'},{'D1'},{'D4'},{'R1'},{'D7'},{'D3'},,,&,2.0,&
{'R3'},{'D2'},{'R2'},{'D1'},{'D4'},{'R1'},{'D7'},{'D3'},{'D6'},,&,1.0,&
{'R3'},{'D2'},{'R2'},{'D1'},{'D4'},{'D3'},,,,,&,1.0,&
{'R3'},{'D2'},{'R2'},{'D1'},{'D4'},{'D7'},,,,,&,1.0,&
{'R3'},{'D2'},{'R2'},{'D1'},{'D4'},{'D7'},{'R1'},{'D3'},,,&,2.0,&
{'R3'},{'D2'},{'R2'},{'D1'},{'D4'},{'D7'},{'R1'},{'D3'},{'D6'},,&,1.0,&
{'R3'},{'D2'},{'R2'},{'D1'},{'D4'},{'D7'},{'D6'},{'R1'},{'D5'},,&,1.0,&
{'R3'},{'D2'},{'R2'},{'D1'},{'D4'},{'D7'},{'D6'},{'R1'},{'D3'},,&,1.0,&
{'R3'},{'D2'},{'R2'},{'D1'},{'D4'},{'D6'},{'R1'},,,,&,1.0,&
{'R3'},{'D2'},{'R2'},{'D1'},{'D6'},,,,,,&,1.0,&
{'R3'},{'D2'},{'R2'},{'D1'},{'D6'},{'D4'},,,,,&,1.0,&
{'R3'},{'D2'},{'R2'},{'D1'},{'D6'},{'R1'},{'D7'},{'D3'},{'D4'},{'D5'},&,1.0,&
{'R3'},{'D2'},{'R2'},{'D1'},{'D6'},{'R1'},{'D4'},{'D7'},{'D5'},{'D3'},&,1.0,&
{'R3'},{'D2'},{'R2'},{'D1'},{'D6'},{'D7'},{'D3'},,,,&,1.0,&
{'R3'},{'D2'},{'R2'},{'D1'},{'D6'},{'D7'},{'R1'},{'D5'},,,&,1.0,&
{'R3'},{'D2'},{'R2'},{'D1'},{'D3'},,,,,,&,2.0,&
{'R3'},{'D2'},{'R2'},{'D1'},{'D3'},{'D4'},{'D7'},,,,&,1.0,&
{'R3'},{'D2'},{'R2'},{'D1'},{'D3'},{'R1'},,,,,&,1.0,&
{'R3'},{'D2'},{'R2'},{'D1'},{'D3'},{'R1'},{'D7'},{'D4'},,,&,1.0,&
{'R3'},{'D2'},{'R2'},{'D1'},{'D3'},{'R1'},{'D7'},{'D4'},{'D6'},,&,1.0,&
{'R3'},{'D2'},{'R2'},{'D1'},{'D3'},{'R1'},{'D4'},,,,&,1.0,&
{'R3'},{'D2'},{'R2'},{'D1'},{'D3'},{'D5'},{'R1'},{'D7'},{'D4'},,&,1.0,&
{'R3'},{'D2'},{'R2'},{'D1'},{'D3'},{'D7'},,,,,&,4.0,&
{'R3'},{'D2'},{'R2'},{'D1'},{'D3'},{'D7'},{'R1'},,,,&,1.0,&
{'R3'},{'D2'},{'R2'},{'D1'},{'D3'},{'D7'},{'D4'},,,,&,1.0,&
{'R3'},{'D2'},{'R2'},{'R1'},,,,,,,&,62.0,&
{'R3'},{'D2'},{'R2'},{'R1'},{'D7'},,,,,,&,23.0,&
{'R3'},{'D2'},{'R2'},{'R1'},{'D7'},{'D4'},,,,,&,2.0,&
{'R3'},{'D2'},{'R2'},{'R1'},{'D7'},{'D4'},{'D3'},{'D1'},,,&,1.0,&
{'R3'},{'D2'},{'R2'},{'R1'},{'D7'},{'D4'},{'D3'},{'D1'},{'D6'},{'D5'},&,1.0,&
{'R3'},{'D2'},{'R2'},{'R1'},{'D7'},{'D4'},{'D1'},,,,&,4.0,&
{'R3'},{'D2'},{'R2'},{'R1'},{'D7'},{'D4'},{'D1'},{'D3'},,,&,2.0,&
{'R3'},{'D2'},{'R2'},{'R1'},{'D7'},{'D4'},{'D1'},{'D3'},{'D6'},,&,2.0,&
{'R3'},{'D2'},{'R2'},{'R1'},{'D7'},{'D4'},{'D6'},,,,&,2.0,&
{'R3'},{'D2'},{'R2'},{'R1'},{'D7'},{'D3'},,,,,&,1.0,&
{'R3'},{'D2'},{'R2'},{'R1'},{'D7'},{'D3'},{'D1'},,,,&,2.0,&
{'R3'},{'D2'},{'R2'},{'R1'},{'D7'},{'D3'},{'D1'},{'D4'},,,&,1.0,&
{'R3'},{'D2'},{'R2'},{'R1'},{'D7'},{'D3'},{'D4'},{'D5'},{'D1'},,&,1.0,&
{'R3'},{'D2'},{'R2'},{'R1'},{'D7'},{'D3'},{'D6'},,,,&,1.0,&
{'R3'},{'D2'},{'R2'},{'R1'},{'D7'},{'D1'},,,,,&,14.0,&
{'R3'},{'D2'},{'R2'},{'R1'},{'D7'},{'D1'},{'D3'},,,,&,1.0,&
{'R3'},{'D2'},{'R2'},{'R1'},{'D7'},{'D1'},{'D3'},{'D6'},,,&,2.0,&
{'R3'},{'D2'},{'R2'},{'R1'},{'D7'},{'D1'},{'D3'},{'D6'},{'D4'},{'D5'},&,1.0,&
{'R3'},{'D2'},{'R2'},{'R1'},{'D7'},{'D1'},{'D3'},{'D4'},,,&,2.0,&
{'R3'},{'D2'},{'R2'},{'R1'},{'D7'},{'D1'},{'D3'},{'D4'},{'D6'},,&,1.0,&
{'R3'},{'D2'},{'R2'},{'R1'},{'D7'},{'D1'},{'D3'},{'D4'},{'D6'},{'D5'},&,4.0,&
{'R3'},{'D2'},{'R2'},{'R1'},{'D7'},{'D1'},{'D3'},{'D4'},{'D5'},,&,1.0,&
{'R3'},{'D2'},{'R2'},{'R1'},{'D7'},{'D1'},{'D5'},,,,&,1.0,&
{'R3'},{'D2'},{'R2'},{'R1'},{'D7'},{'D1'},{'D5'},{'D3'},{'D4'},,&,1.0,&
{'R3'},{'D2'},{'R2'},{'R1'},{'D7'},{'D1'},{'D4'},,,,&,4.0,&
{'R3'},{'D2'},{'R2'},{'R1'},{'D7'},{'D1'},{'D4'},{'D5'},,,&,1.0,&
{'R3'},{'D2'},{'R2'},{'R1'},{'D7'},{'D1'},{'D4'},{'D6'},,,&,1.0,&
{'R3'},{'D2'},{'R2'},{'R1'},{'D7'},{'D1'},{'D4'},{'D6'},{'D5'},{'D3'},&,1.0,&
{'R3'},{'D2'},{'R2'},{'R1'},{'D7'},{'D1'},{'D4'},{'D6'},{'D3'},{'D5'},&,1.0,&
{'R3'},{'D2'},{'R2'},{'R1'},{'D7'},{'D1'},{'D4'},{'D3'},{'D6'},,&,1.0,&
{'R3'},{'D2'},{'R2'},{'R1'},{'D7'},{'D1'},{'D4'},{'D3'},{'D6'},{'D5'},&,2.0,&
{'R3'},{'D2'},{'R2'},{'R1'},{'D7'},{'D1'},{'D4'},{'D3'},{'D5'},,&,1.0,&
{'R3'},{'D2'},{'R2'},{'R1'},{'D7'},{'D1'},{'D6'},,,,&,3.0,&
{'R3'},{'D2'},{'R2'},{'R1'},{'D7'},{'D1'},{'D6'},{'D3'},{'D4'},{'D5'},&,1.0,&
{'R3'},{'D2'},{'R2'},{'R1'},{'D7'},{'D1'},{'D6'},{'D4'},,,&,1.0,&
{'R3'},{'D2'},{'R2'},{'R1'},{'D7'},{'D1'},{'D6'},{'D4'},{'D5'},,&,1.0,&
{'R3'},{'D2'},{'R2'},{'R1'},{'D7'},{'D5'},{'D1'},{'D6'},{'D4'},{'D3'},&,1.0,&
{'R3'},{'D2'},{'R2'},{'R1'},{'D7'},{'D6'},,,,,&,1.0,&
{'R3'},{'D2'},{'R2'},{'R1'},{'D7'},{'D6'},{'D3'},{'D1'},{'D4'},{'D5'},&,1.0,&
{'R3'},{'D2'},{'R2'},{'R1'},{'D7'},{'D6'},{'D1'},,,,&,3.0,&
{'R3'},{'D2'},{'R2'},{'R1'},{'D7'},{'D6'},{'D5'},{'D1'},,,&,1.0,&
{'R3'},{'D2'},{'R2'},{'R1'},{'D7'},{'D6'},{'D4'},,,,&,1.0,&
{'R3'},{'D2'},{'R2'},{'R1'},{'D1'},,,,,,&,18.0,&
{'R3'},{'D2'},{'R2'},{'R1'},{'D1'},{'D4'},,,,,&,2.0,&
{'R3'},{'D2'},{'R2'},{'R1'},{'D1'},{'D4'},{'D3'},{'D6'},{'D7'},{'D5'},&,1.0,&
{'R3'},{'D2'},{'R2'},{'R1'},{'D1'},{'D4'},{'D3'},{'D7'},,,&,1.0,&
{'R3'},{'D2'},{'R2'},{'R1'},{'D1'},{'D4'},{'D7'},,,,&,2.0,&
{'R3'},{'D2'},{'R2'},{'R1'},{'D1'},{'D4'},{'D7'},{'D6'},,,&,2.0,&
{'R3'},{'D2'},{'R2'},{'R1'},{'D1'},{'D4'},{'D7'},{'D6'},{'D5'},,&,1.0,&
{'R3'},{'D2'},{'R2'},{'R1'},{'D1'},{'D4'},{'D7'},{'D6'},{'D3'},,&,1.0,&
{'R3'},{'D2'},{'R2'},{'R1'},{'D1'},{'D4'},{'D5'},{'D7'},,,&,1.0,&
{'R3'},{'D2'},{'R2'},{'R1'},{'D1'},{'D4'},{'D6'},{'D7'},,,&,1.0,&
{'R3'},{'D2'},{'R2'},{'R1'},{'D1'},{'D3'},,,,,&,1.0,&
{'R3'},{'D2'},{'R2'},{'R1'},{'D1'},{'D3'},{'D7'},{'D4'},,,&,2.0,&
{'R3'},{'D2'},{'R2'},{'R1'},{'D1'},{'D7'},,,,,&,12.0,&
{'R3'},{'D2'},{'R2'},{'R1'},{'D1'},{'D7'},{'D3'},,,,&,1.0,&
{'R3'},{'D2'},{'R2'},{'R1'},{'D1'},{'D7'},{'D3'},{'D5'},{'D4'},{'D6'},&,1.0,&
{'R3'},{'D2'},{'R2'},{'R1'},{'D1'},{'D7'},{'D3'},{'D6'},,,&,2.0,&
{'R3'},{'D2'},{'R2'},{'R1'},{'D1'},{'D7'},{'D3'},{'D6'},{'D4'},,&,1.0,&
{'R3'},{'D2'},{'R2'},{'R1'},{'D1'},{'D7'},{'D3'},{'D4'},,,&,1.0,&
{'R3'},{'D2'},{'R2'},{'R1'},{'D1'},{'D7'},{'D4'},,,,&,3.0,&
{'R3'},{'D2'},{'R2'},{'R1'},{'D1'},{'D7'},{'D4'},{'D5'},,,&,1.0,&
{'R3'},{'D2'},{'R2'},{'R1'},{'D1'},{'D7'},{'D4'},{'D6'},,,&,1.0,&
{'R3'},{'D2'},{'R2'},{'R1'},{'D1'},{'D7'},{'D4'},{'D6'},{'D3'},{'D5'},&,1.0,&
{'R3'},{'D2'},{'R2'},{'R1'},{'D1'},{'D7'},{'D4'},{'D3'},,,&,2.0,&
{'R3'},{'D2'},{'R2'},{'R1'},{'D1'},{'D7'},{'D4'},{'D3'},{'D6'},,&,1.0,&
{'R3'},{'D2'},{'R2'},{'R1'},{'D1'},{'D7'},{'D6'},,,,&,1.0,&
{'R3'},{'D2'},{'R2'},{'R1'},{'D1'},{'D7'},{'D6'},{'D5'},,,&,1.0,&
{'R3'},{'D2'},{'R2'},{'R1'},{'D1'},{'D6'},,,,,&,1.0,&
{'R3'},{'D2'},{'R2'},{'R1'},{'D1'},{'D6'},{'D3'},{'D4'},{'D7'},{'D5'},&,1.0,&
{'R3'},{'D2'},{'R2'},{'R1'},{'D1'},{'D6'},{'D4'},{'D3'},{'D7'},,&,1.0,&
{'R3'},{'D2'},{'R2'},{'R1'},{'D4'},,,,,,&,7.0,&
{'R3'},{'D2'},{'R2'},{'R1'},{'D4'},{'D3'},{'D7'},,,,&,1.0,&
{'R3'},{'D2'},{'R2'},{'R1'},{'D4'},{'D1'},,,,,&,3.0,&
{'R3'},{'D2'},{'R2'},{'R1'},{'D4'},{'D1'},{'D3'},{'D7'},,,&,1.0,&
{'R3'},{'D2'},{'R2'},{'R1'},{'D4'},{'D1'},{'D3'},{'D7'},{'D5'},,&,1.0,&
{'R3'},{'D2'},{'R2'},{'R1'},{'D4'},{'D1'},{'D3'},{'D7'},{'D5'},{'D6'},&,1.0,&
{'R3'},{'D2'},{'R2'},{'R1'},{'D4'},{'D1'},{'D7'},,,,&,3.0,&
{'R3'},{'D2'},{'R2'},{'R1'},{'D4'},{'D1'},{'D7'},{'D5'},{'D6'},,&,1.0,&
{'R3'},{'D2'},{'R2'},{'R1'},{'D4'},{'D1'},{'D7'},{'D6'},{'D3'},,&,1.0,&
{'R3'},{'D2'},{'R2'},{'R1'},{'D4'},{'D1'},{'D7'},{'D6'},{'D3'},{'D5'},&,1.0,&
{'R3'},{'D2'},{'R2'},{'R1'},{'D4'},{'D1'},{'D7'},{'D3'},,,&,1.0,&
{'R3'},{'D2'},{'R2'},{'R1'},{'D4'},{'D1'},{'D7'},{'D3'},{'D6'},{'D5'},&,2.0,&
{'R3'},{'D2'},{'R2'},{'R1'},{'D4'},{'D7'},,,,,&,5.0,&
{'R3'},{'D2'},{'R2'},{'R1'},{'D4'},{'D7'},{'D3'},{'D1'},{'D6'},,&,1.0,&
{'R3'},{'D2'},{'R2'},{'R1'},{'D4'},{'D7'},{'D1'},{'D6'},{'D3'},,&,1.0,&
{'R3'},{'D2'},{'R2'},{'R1'},{'D4'},{'D7'},{'D1'},{'D6'},{'D3'},{'D5'},&,1.0,&
{'R3'},{'D2'},{'R2'},{'R1'},{'D4'},{'D7'},{'D6'},{'D1'},,,&,1.0,&
{'R3'},{'D2'},{'R2'},{'R1'},{'D4'},{'D7'},{'D6'},{'D1'},{'D5'},{'D3'},&,1.0,&
{'R3'},{'D2'},{'R2'},{'R1'},{'D4'},{'D7'},{'D6'},{'D1'},{'D3'},{'D5'},&,1.0,&
{'R3'},{'D2'},{'R2'},{'R1'},{'D4'},{'D6'},{'D7'},,,,&,1.0,&
{'R3'},{'D2'},{'R2'},{'R1'},{'D4'},{'D6'},{'D1'},{'D3'},,,&,1.0,&
{'R3'},{'D2'},{'R2'},{'R1'},{'D6'},,,,,,&,2.0,&
{'R3'},{'D2'},{'R2'},{'R1'},{'D6'},{'D4'},{'D7'},{'D1'},,,&,2.0,&
{'R3'},{'D2'},{'R2'},{'R1'},{'D6'},{'D3'},{'D7'},,,,&,1.0,&
{'R3'},{'D2'},{'R2'},{'R1'},{'D6'},{'D3'},{'D1'},,,,&,1.0,&
{'R3'},{'D2'},{'R2'},{'R1'},{'D6'},{'D1'},,,,,&,1.0,&
{'R3'},{'D2'},{'R2'},{'R1'},{'D6'},{'D1'},{'D7'},,,,&,1.0,&
{'R3'},{'D2'},{'R2'},{'R1'},{'D6'},{'D1'},{'D4'},,,,&,1.0,&
{'R3'},{'D2'},{'R2'},{'R1'},{'D6'},{'D7'},{'D3'},{'D1'},,,&,1.0,&
{'R3'},{'D2'},{'R2'},{'R1'},{'D6'},{'D7'},{'D1'},{'D4'},,,&,3.0,&
{'R3'},{'D2'},{'R2'},{'R1'},{'D6'},{'D7'},{'D4'},{'D1'},,,&,1.0,&
{'R3'},{'D2'},{'R2'},{'R1'},{'D3'},,,,,,&,1.0,&
{'R3'},{'D2'},{'R2'},{'R1'},{'D3'},{'D1'},{'D7'},{'D4'},{'D6'},{'D5'},&,1.0,&
{'R3'},{'D2'},{'R2'},{'R1'},{'D3'},{'D7'},,,,,&,1.0,&
{'R3'},{'D2'},{'R2'},{'R1'},{'D3'},{'D7'},{'D4'},,,,&,1.0,&
{'R3'},{'D2'},{'R2'},{'R1'},{'D3'},{'D7'},{'D4'},{'D1'},,,&,1.0,&
{'R3'},{'D2'},{'R2'},{'R1'},{'D5'},{'D7'},{'D1'},,,,&,1.0,&
{'R3'},{'D2'},{'R2'},{'D7'},,,,,,,&,32.0,&
{'R3'},{'D2'},{'R2'},{'D7'},{'R1'},,,,,,&,18.0,&
{'R3'},{'D2'},{'R2'},{'D7'},{'R1'},{'D4'},,,,,&,4.0,&
{'R3'},{'D2'},{'R2'},{'D7'},{'R1'},{'D4'},{'D1'},,,,&,2.0,&
{'R3'},{'D2'},{'R2'},{'D7'},{'R1'},{'D4'},{'D1'},{'D3'},{'D6'},,&,1.0,&
{'R3'},{'D2'},{'R2'},{'D7'},{'R1'},{'D3'},{'D1'},,,,&,2.0,&
{'R3'},{'D2'},{'R2'},{'D7'},{'R1'},{'D3'},{'D1'},{'D4'},{'D6'},{'D5'},&,1.0,&
{'R3'},{'D2'},{'R2'},{'D7'},{'R1'},{'D3'},{'D4'},,,,&,1.0,&
{'R3'},{'D2'},{'R2'},{'D7'},{'R1'},{'D3'},{'D4'},{'D1'},{'D5'},{'D6'},&,1.0,&
{'R3'},{'D2'},{'R2'},{'D7'},{'R1'},{'D3'},{'D6'},{'D4'},,,&,1.0,&
{'R3'},{'D2'},{'R2'},{'D7'},{'R1'},{'D3'},{'D6'},{'D1'},,,&,1.0,&
{'R3'},{'D2'},{'R2'},{'D7'},{'R1'},{'D3'},{'D6'},{'D1'},{'D4'},{'D5'},&,1.0,&
{'R3'},{'D2'},{'R2'},{'D7'},{'R1'},{'D1'},,,,,&,6.0,&
{'R3'},{'D2'},{'R2'},{'D7'},{'R1'},{'D1'},{'D3'},{'D6'},{'D4'},{'D5'},&,1.0,&
{'R3'},{'D2'},{'R2'},{'D7'},{'R1'},{'D1'},{'D3'},{'D4'},{'D6'},,&,3.0,&
{'R3'},{'D2'},{'R2'},{'D7'},{'R1'},{'D1'},{'D3'},{'D4'},{'D6'},{'D5'},&,1.0,&
{'R3'},{'D2'},{'R2'},{'D7'},{'R1'},{'D1'},{'D5'},,,,&,1.0,&
{'R3'},{'D2'},{'R2'},{'D7'},{'R1'},{'D1'},{'D4'},,,,&,3.0,&
{'R3'},{'D2'},{'R2'},{'D7'},{'R1'},{'D1'},{'D4'},{'D5'},,,&,1.0,&
{'R3'},{'D2'},{'R2'},{'D7'},{'R1'},{'D1'},{'D4'},{'D6'},,,&,1.0,&
{'R3'},{'D2'},{'R2'},{'D7'},{'R1'},{'D1'},{'D4'},{'D6'},{'D5'},,&,1.0,&
{'R3'},{'D2'},{'R2'},{'D7'},{'R1'},{'D1'},{'D4'},{'D6'},{'D3'},,&,1.0,&
{'R3'},{'D2'},{'R2'},{'D7'},{'R1'},{'D1'},{'D4'},{'D3'},{'D6'},,&,2.0,&
{'R3'},{'D2'},{'R2'},{'D7'},{'R1'},{'D1'},{'D4'},{'D3'},{'D6'},{'D5'},&,1.0,&
{'R3'},{'D2'},{'R2'},{'D7'},{'R1'},{'D1'},{'D6'},,,,&,2.0,&
{'R3'},{'D2'},{'R2'},{'D7'},{'R1'},{'D1'},{'D6'},{'D4'},{'D3'},,&,1.0,&
{'R3'},{'D2'},{'R2'},{'D7'},{'R1'},{'D1'},{'D6'},{'D4'},{'D3'},{'D5'},&,1.0,&
{'R3'},{'D2'},{'R2'},{'D7'},{'R1'},{'D5'},{'D1'},{'D4'},,,&,1.0,&
{'R3'},{'D2'},{'R2'},{'D7'},{'R1'},{'D6'},,,,,&,2.0,&
{'R3'},{'D2'},{'R2'},{'D7'},{'R1'},{'D6'},{'D3'},,,,&,1.0,&
{'R3'},{'D2'},{'R2'},{'D7'},{'R1'},{'D6'},{'D1'},{'D5'},,,&,1.0,&
{'R3'},{'D2'},{'R2'},{'D7'},{'R1'},{'D6'},{'D1'},{'D4'},,,&,1.0,&
{'R3'},{'D2'},{'R2'},{'D7'},{'R1'},{'D6'},{'D1'},{'D4'},{'D3'},{'D5'},&,2.0,&
{'R3'},{'D2'},{'R2'},{'D7'},{'D1'},,,,,,&,16.0,&
{'R3'},{'D2'},{'R2'},{'D7'},{'D1'},{'D4'},,,,,&,7.0,&
{'R3'},{'D2'},{'R2'},{'D7'},{'D1'},{'D4'},{'D3'},,,,&,1.0,&
{'R3'},{'D2'},{'R2'},{'D7'},{'D1'},{'D4'},{'D3'},{'D6'},{'D5'},,&,2.0,&
{'R3'},{'D2'},{'R2'},{'D7'},{'D1'},{'D4'},{'D3'},{'R1'},{'D6'},,&,2.0,&
{'R3'},{'D2'},{'R2'},{'D7'},{'D1'},{'D4'},{'R1'},,,,&,2.0,&
{'R3'},{'D2'},{'R2'},{'D7'},{'D1'},{'D4'},{'R1'},{'D3'},{'D6'},,&,1.0,&
{'R3'},{'D2'},{'R2'},{'D7'},{'D1'},{'D4'},{'R1'},{'D3'},{'D6'},{'D5'},&,1.0,&
{'R3'},{'D2'},{'R2'},{'D7'},{'D1'},{'D4'},{'D5'},{'R1'},{'D6'},,&,1.0,&
{'R3'},{'D2'},{'R2'},{'D7'},{'D1'},{'D4'},{'D6'},{'D3'},,,&,1.0,&
{'R3'},{'D2'},{'R2'},{'D7'},{'D1'},{'D4'},{'D6'},{'D3'},{'R1'},{'D5'},&,1.0,&
{'R3'},{'D2'},{'R2'},{'D7'},{'D1'},{'D4'},{'D6'},{'R1'},{'D3'},,&,1.0,&
{'R3'},{'D2'},{'R2'},{'D7'},{'D1'},{'D4'},{'D6'},{'R1'},{'D3'},{'D5'},&,1.0,&
{'R3'},{'D2'},{'R2'},{'D7'},{'D1'},{'R1'},,,,,&,5.0,&
{'R3'},{'D2'},{'R2'},{'D7'},{'D1'},{'R1'},{'D3'},,,,&,1.0,&
{'R3'},{'D2'},{'R2'},{'D7'},{'D1'},{'R1'},{'D3'},{'D6'},,,&,1.0,&
{'R3'},{'D2'},{'R2'},{'D7'},{'D1'},{'R1'},{'D3'},{'D6'},{'D4'},{'D5'},&,1.0,&
{'R3'},{'D2'},{'R2'},{'D7'},{'D1'},{'R1'},{'D3'},{'D4'},{'D6'},,&,2.0,&
{'R3'},{'D2'},{'R2'},{'D7'},{'D1'},{'R1'},{'D3'},{'D4'},{'D5'},{'D6'},&,1.0,&
{'R3'},{'D2'},{'R2'},{'D7'},{'D1'},{'R1'},{'D4'},,,,&,7.0,&
{'R3'},{'D2'},{'R2'},{'D7'},{'D1'},{'R1'},{'D4'},{'D5'},{'D3'},{'D6'},&,1.0,&
{'R3'},{'D2'},{'R2'},{'D7'},{'D1'},{'R1'},{'D4'},{'D6'},,,&,2.0,&
{'R3'},{'D2'},{'R2'},{'D7'},{'D1'},{'R1'},{'D4'},{'D6'},{'D5'},,&,1.0,&
{'R3'},{'D2'},{'R2'},{'D7'},{'D1'},{'R1'},{'D4'},{'D6'},{'D5'},{'D3'},&,1.0,&
{'R3'},{'D2'},{'R2'},{'D7'},{'D1'},{'R1'},{'D4'},{'D6'},{'D3'},{'D5'},&,1.0,&
{'R3'},{'D2'},{'R2'},{'D7'},{'D1'},{'R1'},{'D4'},{'D3'},{'D6'},,&,1.0,&
{'R3'},{'D2'},{'R2'},{'D7'},{'D1'},{'R1'},{'D4'},{'D3'},{'D6'},{'D5'},&,1.0,&
{'R3'},{'D2'},{'R2'},{'D7'},{'D1'},{'R1'},{'D6'},,,,&,2.0,&
{'R3'},{'D2'},{'R2'},{'D7'},{'D1'},{'R1'},{'D6'},{'D5'},,,&,1.0,&
{'R3'},{'D2'},{'R2'},{'D7'},{'D1'},{'R1'},{'D6'},{'D4'},{'D5'},,&,1.0,&
{'R3'},{'D2'},{'R2'},{'D7'},{'D1'},{'D3'},{'R1'},,,,&,1.0,&
{'R3'},{'D2'},{'R2'},{'D7'},{'D1'},{'D3'},{'R1'},{'D4'},,,&,1.0,&
{'R3'},{'D2'},{'R2'},{'D7'},{'D1'},{'D3'},{'D4'},{'D5'},{'D6'},{'R1'},&,1.0,&
{'R3'},{'D2'},{'R2'},{'D7'},{'D1'},{'D5'},{'D3'},{'R1'},,,&,1.0,&
{'R3'},{'D2'},{'R2'},{'D7'},{'D1'},{'D5'},{'D4'},{'D6'},,,&,1.0,&
{'R3'},{'D2'},{'R2'},{'D7'},{'D1'},{'D6'},,,,,&,1.0,&
{'R3'},{'D2'},{'R2'},{'D7'},{'D1'},{'D6'},{'D3'},{'D4'},{'D5'},,&,1.0,&
{'R3'},{'D2'},{'R2'},{'D7'},{'D1'},{'D6'},{'D3'},{'D4'},{'R1'},{'D5'},&,1.0,&
{'R3'},{'D2'},{'R2'},{'D7'},{'D1'},{'D6'},{'R1'},{'D3'},,,&,1.0,&
{'R3'},{'D2'},{'R2'},{'D7'},{'D1'},{'D6'},{'R1'},{'D4'},{'D3'},{'D5'},&,1.0,&
{'R3'},{'D2'},{'R2'},{'D7'},{'D1'},{'D6'},{'D4'},{'D3'},{'R1'},,&,1.0,&
{'R3'},{'D2'},{'R2'},{'D7'},{'D4'},,,,,,&,8.0,&
{'R3'},{'D2'},{'R2'},{'D7'},{'D4'},{'R1'},,,,,&,3.0,&
{'R3'},{'D2'},{'R2'},{'D7'},{'D4'},{'R1'},{'D1'},,,,&,3.0,&
{'R3'},{'D2'},{'R2'},{'D7'},{'D4'},{'R1'},{'D1'},{'D3'},,,&,2.0,&
{'R3'},{'D2'},{'R2'},{'D7'},{'D4'},{'R1'},{'D1'},{'D3'},{'D6'},{'D5'},&,1.0,&
{'R3'},{'D2'},{'R2'},{'D7'},{'D4'},{'R1'},{'D6'},{'D1'},{'D3'},{'D5'},&,1.0,&
{'R3'},{'D2'},{'R2'},{'D7'},{'D4'},{'D3'},{'R1'},,,,&,1.0,&
{'R3'},{'D2'},{'R2'},{'D7'},{'D4'},{'D3'},{'D6'},{'R1'},{'D1'},{'D5'},&,1.0,&
{'R3'},{'D2'},{'R2'},{'D7'},{'D4'},{'D1'},,,,,&,2.0,&
{'R3'},{'D2'},{'R2'},{'D7'},{'D4'},{'D1'},{'D3'},{'D5'},{'R1'},{'D6'},&,1.0,&
{'R3'},{'D2'},{'R2'},{'D7'},{'D4'},{'D1'},{'D3'},{'D6'},{'D5'},{'R1'},&,1.0,&
{'R3'},{'D2'},{'R2'},{'D7'},{'D4'},{'D1'},{'D3'},{'R1'},{'D5'},{'D6'},&,1.0,&
{'R3'},{'D2'},{'R2'},{'D7'},{'D4'},{'D1'},{'R1'},,,,&,1.0,&
{'R3'},{'D2'},{'R2'},{'D7'},{'D4'},{'D1'},{'R1'},{'D6'},{'D3'},,&,1.0,&
{'R3'},{'D2'},{'R2'},{'D7'},{'D4'},{'D1'},{'R1'},{'D6'},{'D3'},{'D5'},&,1.0,&
{'R3'},{'D2'},{'R2'},{'D7'},{'D4'},{'D1'},{'R1'},{'D3'},{'D6'},{'D5'},&,1.0,&
{'R3'},{'D2'},{'R2'},{'D7'},{'D4'},{'D1'},{'R1'},{'D3'},{'D5'},,&,1.0,&
{'R3'},{'D2'},{'R2'},{'D7'},{'D4'},{'D1'},{'D6'},{'R1'},,,&,1.0,&
{'R3'},{'D2'},{'R2'},{'D7'},{'D6'},,,,,,&,1.0,&
{'R3'},{'D2'},{'R2'},{'D7'},{'D6'},{'D4'},{'D1'},{'D3'},{'D5'},,&,1.0,&
{'R3'},{'D2'},{'R2'},{'D7'},{'D6'},{'D4'},{'R1'},{'D1'},{'D3'},,&,2.0,&
{'R3'},{'D2'},{'R2'},{'D7'},{'D6'},{'R1'},,,,,&,2.0,&
{'R3'},{'D2'},{'R2'},{'D7'},{'D6'},{'D3'},,,,,&,1.0,&
{'R3'},{'D2'},{'R2'},{'D7'},{'D6'},{'D1'},,,,,&,2.0,&
{'R3'},{'D2'},{'R2'},{'D7'},{'D6'},{'D1'},{'D3'},{'R1'},{'D4'},{'D5'},&,1.0,&
{'R3'},{'D2'},{'R2'},{'D7'},{'D6'},{'D1'},{'R1'},{'D4'},{'D5'},,&,1.0,&
{'R3'},{'D2'},{'R2'},{'D7'},{'D3'},,,,,,&,2.0,&
{'R3'},{'D2'},{'R2'},{'D7'},{'D3'},{'D4'},{'D1'},{'R1'},,,&,1.0,&
{'R3'},{'D2'},{'R2'},{'D7'},{'D3'},{'R1'},{'D1'},{'D6'},{'D5'},{'D4'},&,1.0,&
{'R3'},{'D2'},{'R2'},{'D7'},{'D3'},{'D1'},,,,,&,1.0,&
{'R3'},{'D2'},{'R2'},{'D7'},{'D3'},{'D1'},{'R1'},{'D4'},,,&,1.0,&
{'R3'},{'D2'},{'R2'},{'D7'},{'D3'},{'D1'},{'D4'},,,,&,1.0,&
{'R3'},{'D2'},{'R2'},{'D7'},{'D3'},{'D1'},{'D4'},{'D6'},,,&,1.0,&
{'R3'},{'D2'},{'R2'},{'D7'},{'D3'},{'D1'},{'D4'},{'R1'},{'D6'},{'D5'},&,1.0,&
{'R3'},{'D2'},{'R2'},{'D7'},{'D3'},{'D6'},{'R1'},{'D1'},,,&,1.0,&
{'R3'},{'D2'},{'R2'},{'D7'},{'D5'},,,,,,&,1.0,&
{'R3'},{'D2'},{'R2'},{'D7'},{'D5'},{'R1'},{'D1'},,,,&,1.0,&
{'R3'},{'D2'},{'R2'},{'D7'},{'D5'},{'D1'},,,,,&,1.0,&
{'R3'},{'D2'},{'R2'},{'D4'},,,,,,,&,15.0,&
{'R3'},{'D2'},{'R2'},{'D4'},{'D7'},,,,,,&,6.0,&
{'R3'},{'D2'},{'R2'},{'D4'},{'D7'},{'R1'},,,,,&,4.0,&
{'R3'},{'D2'},{'R2'},{'D4'},{'D7'},{'R1'},{'D1'},{'D3'},{'D6'},{'D5'},&,1.0,&
{'R3'},{'D2'},{'R2'},{'D4'},{'D7'},{'R1'},{'D6'},,,,&,1.0,&
{'R3'},{'D2'},{'R2'},{'D4'},{'D7'},{'R1'},{'D6'},{'D3'},{'D1'},,&,1.0,&
{'R3'},{'D2'},{'R2'},{'D4'},{'D7'},{'R1'},{'D6'},{'D1'},,,&,1.0,&
{'R3'},{'D2'},{'R2'},{'D4'},{'D7'},{'D3'},,,,,&,1.0,&
{'R3'},{'D2'},{'R2'},{'D4'},{'D7'},{'D3'},{'D1'},{'R1'},,,&,1.0,&
{'R3'},{'D2'},{'R2'},{'D4'},{'D7'},{'D3'},{'D1'},{'R1'},{'D6'},{'D5'},&,1.0,&
{'R3'},{'D2'},{'R2'},{'D4'},{'D7'},{'D3'},{'R1'},{'D1'},{'D6'},{'D5'},&,1.0,&
{'R3'},{'D2'},{'R2'},{'D4'},{'D7'},{'D1'},{'D3'},{'D6'},{'D5'},{'R1'},&,1.0,&
{'R3'},{'D2'},{'R2'},{'D4'},{'D7'},{'D1'},{'R1'},,,,&,1.0,&
{'R3'},{'D2'},{'R2'},{'D4'},{'D7'},{'D1'},{'D6'},,,,&,1.0,&
{'R3'},{'D2'},{'R2'},{'D4'},{'D7'},{'D1'},{'D6'},{'D5'},,,&,1.0,&
{'R3'},{'D2'},{'R2'},{'D4'},{'D7'},{'D1'},{'D6'},{'R1'},{'D3'},,&,1.0,&
{'R3'},{'D2'},{'R2'},{'D4'},{'D7'},{'D6'},{'R1'},{'D1'},,,&,1.0,&
{'R3'},{'D2'},{'R2'},{'D4'},{'R1'},,,,,,&,6.0,&
{'R3'},{'D2'},{'R2'},{'D4'},{'R1'},{'D3'},{'D7'},{'D1'},{'D6'},{'D5'},&,1.0,&
{'R3'},{'D2'},{'R2'},{'D4'},{'R1'},{'D1'},,,,,&,3.0,&
{'R3'},{'D2'},{'R2'},{'D4'},{'R1'},{'D1'},{'D7'},{'D5'},{'D3'},{'D6'},&,1.0,&
{'R3'},{'D2'},{'R2'},{'D4'},{'R1'},{'D1'},{'D7'},{'D6'},{'D3'},{'D5'},&,1.0,&
{'R3'},{'D2'},{'R2'},{'D4'},{'R1'},{'D7'},,,,,&,2.0,&
{'R3'},{'D2'},{'R2'},{'D4'},{'R1'},{'D7'},{'D3'},{'D1'},,,&,1.0,&
{'R3'},{'D2'},{'R2'},{'D4'},{'R1'},{'D7'},{'D1'},{'D5'},,,&,1.0,&
{'R3'},{'D2'},{'R2'},{'D4'},{'R1'},{'D7'},{'D1'},{'D5'},{'D3'},,&,1.0,&
{'R3'},{'D2'},{'R2'},{'D4'},{'R1'},{'D7'},{'D6'},,,,&,1.0,&
{'R3'},{'D2'},{'R2'},{'D4'},{'R1'},{'D6'},{'D1'},,,,&,1.0,&
{'R3'},{'D2'},{'R2'},{'D4'},{'R1'},{'D6'},{'D5'},{'D1'},,,&,1.0,&
{'R3'},{'D2'},{'R2'},{'D4'},{'D1'},,,,,,&,2.0,&
{'R3'},{'D2'},{'R2'},{'D4'},{'D1'},{'R1'},,,,,&,1.0,&
{'R3'},{'D2'},{'R2'},{'D4'},{'D1'},{'R1'},{'D7'},,,,&,1.0,&
{'R3'},{'D2'},{'R2'},{'D4'},{'D1'},{'R1'},{'D7'},{'D5'},{'D6'},,&,1.0,&
{'R3'},{'D2'},{'R2'},{'D4'},{'D1'},{'R1'},{'D7'},{'D6'},{'D3'},{'D5'},&,1.0,&
{'R3'},{'D2'},{'R2'},{'D4'},{'D1'},{'R1'},{'D7'},{'D3'},,,&,1.0,&
{'R3'},{'D2'},{'R2'},{'D4'},{'D1'},{'R1'},{'D7'},{'D3'},{'D6'},,&,1.0,&
{'R3'},{'D2'},{'R2'},{'D4'},{'D1'},{'D7'},,,,,&,2.0,&
{'R3'},{'D2'},{'R2'},{'D4'},{'D1'},{'D7'},{'D3'},{'D5'},{'D6'},{'R1'},&,1.0,&
{'R3'},{'D2'},{'R2'},{'D4'},{'D1'},{'D7'},{'R1'},{'D6'},{'D3'},{'D5'},&,1.0,&
{'R3'},{'D2'},{'R2'},{'D4'},{'D6'},,,,,,&,1.0,&
{'R3'},{'D2'},{'R2'},{'D4'},{'D6'},{'R1'},{'D7'},{'D1'},{'D3'},,&,1.0,&
{'R3'},{'D2'},{'R2'},{'D4'},{'D6'},{'R1'},{'D1'},{'D7'},{'D3'},{'D5'},&,1.0,&
{'R3'},{'D2'},{'R2'},{'D4'},{'D3'},{'R1'},,,,,&,2.0,&
{'R3'},{'D2'},{'R2'},{'D4'},{'D3'},{'R1'},{'D7'},{'D1'},{'D6'},{'D5'},&,1.0,&
{'R3'},{'D2'},{'R2'},{'D4'},{'D3'},{'R1'},{'D1'},,,,&,1.0,&
{'R3'},{'D2'},{'R2'},{'D4'},{'D3'},{'D7'},,,,,&,1.0,&
{'R3'},{'D2'},{'R2'},{'D4'},{'D3'},{'D7'},{'D1'},{'R1'},{'D5'},,&,1.0,&
{'R3'},{'D2'},{'R2'},{'D4'},{'D3'},{'D7'},{'R1'},{'D1'},{'D6'},,&,1.0,&
{'R3'},{'D2'},{'R2'},{'D3'},,,,,,,&,8.0,&
{'R3'},{'D2'},{'R2'},{'D3'},{'D7'},,,,,,&,2.0,&
{'R3'},{'D2'},{'R2'},{'D3'},{'D7'},{'R1'},,,,,&,2.0,&
{'R3'},{'D2'},{'R2'},{'D3'},{'D7'},{'R1'},{'D1'},{'D4'},{'D6'},,&,1.0,&
{'R3'},{'D2'},{'R2'},{'D3'},{'D7'},{'R1'},{'D1'},{'D4'},{'D6'},{'D5'},&,2.0,&
{'R3'},{'D2'},{'R2'},{'D3'},{'D7'},{'R1'},{'D6'},,,,&,1.0,&
{'R3'},{'D2'},{'R2'},{'D3'},{'D7'},{'R1'},{'D6'},{'D1'},,,&,1.0,&
{'R3'},{'D2'},{'R2'},{'D3'},{'D7'},{'D1'},,,,,&,1.0,&
{'R3'},{'D2'},{'R2'},{'D3'},{'R1'},,,,,,&,4.0,&
{'R3'},{'D2'},{'R2'},{'D3'},{'R1'},{'D4'},{'D7'},{'D1'},,,&,1.0,&
{'R3'},{'D2'},{'R2'},{'D3'},{'R1'},{'D1'},{'D6'},,,,&,1.0,&
{'R3'},{'D2'},{'R2'},{'D3'},{'R1'},{'D7'},,,,,&,1.0,&
{'R3'},{'D2'},{'R2'},{'D3'},{'R1'},{'D7'},{'D1'},,,,&,1.0,&
{'R3'},{'D2'},{'R2'},{'D3'},{'R1'},{'D7'},{'D1'},{'D4'},,,&,3.0,&
{'R3'},{'D2'},{'R2'},{'D3'},{'R1'},{'D7'},{'D4'},{'D6'},{'D1'},{'D5'},&,1.0,&
{'R3'},{'D2'},{'R2'},{'D3'},{'R1'},{'D7'},{'D6'},{'D1'},{'D4'},{'D5'},&,1.0,&
{'R3'},{'D2'},{'R2'},{'D3'},{'R1'},{'D6'},{'D1'},{'D4'},,,&,1.0,&
{'R3'},{'D2'},{'R2'},{'D3'},{'D1'},,,,,,&,1.0,&
{'R3'},{'D2'},{'R2'},{'D3'},{'D1'},{'D4'},{'D7'},{'R1'},,,&,1.0,&
{'R3'},{'D2'},{'R2'},{'D3'},{'D1'},{'R1'},,,,,&,1.0,&
{'R3'},{'D2'},{'R2'},{'D3'},{'D1'},{'R1'},{'D7'},,,,&,1.0,&
{'R3'},{'D2'},{'R2'},{'D3'},{'D1'},{'D7'},,,,,&,1.0,&
{'R3'},{'D2'},{'R2'},{'D3'},{'D1'},{'D7'},{'R1'},{'D4'},,,&,1.0,&
{'R3'},{'D2'},{'R2'},{'D3'},{'D1'},{'D7'},{'R1'},{'D4'},{'D6'},{'D5'},&,1.0,&
{'R3'},{'D2'},{'R2'},{'D3'},{'D1'},{'D7'},{'D4'},{'R1'},{'D6'},,&,1.0,&
{'R3'},{'D2'},{'R2'},{'D3'},{'D4'},{'R1'},,,,,&,1.0,&
{'R3'},{'D2'},{'R2'},{'D3'},{'D4'},{'R1'},{'D1'},{'D7'},{'D6'},{'D5'},&,1.0,&
{'R3'},{'D2'},{'R2'},{'D3'},{'D4'},{'D7'},,,,,&,1.0,&
{'R3'},{'D2'},{'R2'},{'D3'},{'D4'},{'D7'},{'D1'},{'D5'},{'D6'},,&,1.0,&
{'R3'},{'D2'},{'R2'},{'D3'},{'D6'},{'R1'},{'D1'},{'D7'},{'D4'},,&,1.0,&
{'R3'},{'D2'},{'R2'},{'D3'},{'D5'},{'D7'},,,,,&,1.0,&
{'R3'},{'D2'},{'R2'},{'D6'},,,,,,,&,3.0,&
{'R3'},{'D2'},{'R2'},{'D6'},{'D7'},,,,,,&,2.0,&
{'R3'},{'D2'},{'R2'},{'D6'},{'D7'},{'R1'},{'D4'},{'D3'},{'D1'},,&,1.0,&
{'R3'},{'D2'},{'R2'},{'D6'},{'D7'},{'R1'},{'D4'},{'D1'},{'D5'},{'D3'},&,1.0,&
{'R3'},{'D2'},{'R2'},{'D6'},{'D7'},{'D1'},,,,,&,2.0,&
{'R3'},{'D2'},{'R2'},{'D6'},{'R1'},,,,,,&,2.0,&
{'R3'},{'D2'},{'R2'},{'D6'},{'R1'},{'D4'},{'D7'},{'D3'},{'D1'},,&,1.0,&
{'R3'},{'D2'},{'R2'},{'D6'},{'R1'},{'D1'},{'D7'},{'D5'},{'D4'},{'D3'},&,1.0,&
{'R3'},{'D2'},{'R2'},{'D6'},{'R1'},{'D1'},{'D7'},{'D4'},,,&,1.0,&
{'R3'},{'D2'},{'R2'},{'D6'},{'R1'},{'D7'},,,,,&,1.0,&
{'R3'},{'D2'},{'R2'},{'D6'},{'R1'},{'D7'},{'D1'},{'D5'},{'D4'},{'D3'},&,1.0,&
{'R3'},{'D2'},{'R2'},{'D6'},{'R1'},{'D7'},{'D1'},{'D3'},{'D4'},{'D5'},&,1.0,&
{'R3'},{'D2'},{'R2'},{'D6'},{'R1'},{'D7'},{'D5'},,,,&,2.0,&
{'R3'},{'D2'},{'R2'},{'D6'},{'D1'},,,,,,&,3.0,&
{'R3'},{'D2'},{'R2'},{'D6'},{'D1'},{'R1'},,,,,&,1.0,&
{'R3'},{'D2'},{'R2'},{'D6'},{'D1'},{'R1'},{'D7'},,,,&,1.0,&
{'R3'},{'D2'},{'R2'},{'D6'},{'D1'},{'D7'},{'R1'},{'D3'},,,&,1.0,&
{'R3'},{'D2'},{'R2'},{'D6'},{'D1'},{'D7'},{'R1'},{'D4'},,,&,1.0,&
{'R3'},{'D2'},{'R2'},{'D6'},{'D1'},{'D7'},{'R1'},{'D4'},{'D3'},,&,1.0,&
{'R3'},{'D2'},{'R2'},{'D6'},{'D4'},,,,,,&,1.0,&
{'R3'},{'D2'},{'R2'},{'D6'},{'D4'},{'R1'},,,,,&,1.0,&
{'R3'},{'D2'},{'R2'},{'D6'},{'D4'},{'R1'},{'D1'},{'D7'},{'D5'},{'D3'},&,1.0,&
{'R3'},{'D2'},{'R2'},{'D6'},{'D4'},{'D1'},{'R1'},{'D7'},{'D3'},,&,1.0,&
{'R3'},{'D2'},{'R2'},{'D6'},{'D4'},{'D7'},,,,,&,1.0,&
{'R3'},{'D2'},{'R2'},{'D5'},{'D7'},{'D1'},{'D3'},,,,&,1.0,&
{'R3'},{'D2'},{'R2'},{'D5'},{'D7'},{'D1'},{'R1'},{'D4'},,,&,1.0,&
{'R3'},{'D2'},{'R2'},{'D5'},{'D1'},{'R1'},,,,,&,2.0,&
{'R3'},{'D2'},{'R2'},{'D5'},{'D4'},{'D1'},,,,,&,1.0,&
{'R3'},{'D2'},{'R2'},{'D5'},{'D3'},{'D7'},{'D4'},{'D1'},{'D6'},,&,1.0,&
{'R3'},{'D2'},{'D1'},,,,,,,,&,118.0,&
{'R3'},{'D2'},{'D1'},{'R1'},,,,,,,&,7.0,&
{'R3'},{'D2'},{'D1'},{'R1'},{'D7'},,,,,,&,3.0,&
{'R3'},{'D2'},{'D1'},{'R1'},{'D7'},{'D4'},,,,,&,2.0,&
{'R3'},{'D2'},{'D1'},{'R1'},{'D7'},{'D4'},{'R2'},,,,&,1.0,&
{'R3'},{'D2'},{'D1'},{'R1'},{'D7'},{'D4'},{'R2'},{'D3'},,,&,1.0,&
{'R3'},{'D2'},{'D1'},{'R1'},{'D7'},{'D4'},{'R2'},{'D3'},{'D6'},{'D5'},&,1.0,&
{'R3'},{'D2'},{'D1'},{'R1'},{'D7'},{'D3'},{'D4'},{'D6'},{'R2'},{'D5'},&,2.0,&
{'R3'},{'D2'},{'D1'},{'R1'},{'D7'},{'D3'},{'R2'},{'D6'},{'D4'},{'D5'},&,1.0,&
{'R3'},{'D2'},{'D1'},{'R1'},{'D7'},{'D3'},{'R2'},{'D4'},{'D5'},,&,1.0,&
{'R3'},{'D2'},{'D1'},{'R1'},{'D7'},{'R2'},,,,,&,1.0,&
{'R3'},{'D2'},{'D1'},{'R1'},{'D7'},{'R2'},{'D4'},{'D6'},,,&,2.0,&
{'R3'},{'D2'},{'D1'},{'R1'},{'D7'},{'R2'},{'D4'},{'D3'},,,&,1.0,&
{'R3'},{'D2'},{'D1'},{'R1'},{'D7'},{'R2'},{'D6'},,,,&,1.0,&
{'R3'},{'D2'},{'D1'},{'R1'},{'D7'},{'R2'},{'D6'},{'D4'},{'D3'},,&,1.0,&
{'R3'},{'D2'},{'D1'},{'R1'},{'R2'},,,,,,&,3.0,&
{'R3'},{'D2'},{'D1'},{'R1'},{'R2'},{'D4'},{'D7'},,,,&,1.0,&
{'R3'},{'D2'},{'D1'},{'R1'},{'R2'},{'D4'},{'D7'},{'D3'},,,&,1.0,&
{'R3'},{'D2'},{'D1'},{'R1'},{'R2'},{'D7'},,,,,&,1.0,&
{'R3'},{'D2'},{'D1'},{'R1'},{'R2'},{'D7'},{'D3'},{'D5'},{'D4'},{'D6'},&,1.0,&
{'R3'},{'D2'},{'D1'},{'R1'},{'R2'},{'D7'},{'D4'},{'D5'},,,&,1.0,&
{'R3'},{'D2'},{'D1'},{'R1'},{'R2'},{'D7'},{'D4'},{'D3'},{'D6'},{'D5'},&,1.0,&
{'R3'},{'D2'},{'D1'},{'R1'},{'R2'},{'D7'},{'D4'},{'D3'},{'D5'},{'D6'},&,1.0,&
{'R3'},{'D2'},{'D1'},{'R1'},{'R2'},{'D7'},{'D6'},,,,&,1.0,&
{'R3'},{'D2'},{'D1'},{'R1'},{'R2'},{'D6'},,,,,&,1.0,&
{'R3'},{'D2'},{'D1'},{'R1'},{'R2'},{'D6'},{'D7'},{'D3'},,,&,1.0,&
{'R3'},{'D2'},{'D1'},{'R1'},{'D4'},{'D7'},{'D3'},,,,&,1.0,&
{'R3'},{'D2'},{'D1'},{'R1'},{'D4'},{'D7'},{'D3'},{'D6'},{'R2'},,&,1.0,&
{'R3'},{'D2'},{'D1'},{'R1'},{'D4'},{'R2'},{'D7'},{'D3'},{'D6'},{'D5'},&,2.0,&
{'R3'},{'D2'},{'D1'},{'R1'},{'D6'},{'D4'},{'D7'},{'D3'},{'R2'},{'D5'},&,1.0,&
{'R3'},{'D2'},{'D1'},{'R1'},{'D5'},{'D4'},{'D7'},{'R2'},{'D3'},{'D6'},&,1.0,&
{'R3'},{'D2'},{'D1'},{'R2'},,,,,,,&,18.0,&
{'R3'},{'D2'},{'D1'},{'R2'},{'D7'},,,,,,&,9.0,&
{'R3'},{'D2'},{'D1'},{'R2'},{'D7'},{'D4'},,,,,&,6.0,&
{'R3'},{'D2'},{'D1'},{'R2'},{'D7'},{'D4'},{'D3'},{'D5'},{'R1'},{'D6'},&,1.0,&
{'R3'},{'D2'},{'D1'},{'R2'},{'D7'},{'D4'},{'D3'},{'D6'},{'D5'},,&,1.0,&
{'R3'},{'D2'},{'D1'},{'R2'},{'D7'},{'D4'},{'D3'},{'R1'},{'D6'},{'D5'},&,1.0,&
{'R3'},{'D2'},{'D1'},{'R2'},{'D7'},{'D4'},{'R1'},,,,&,2.0,&
{'R3'},{'D2'},{'D1'},{'R2'},{'D7'},{'D4'},{'R1'},{'D6'},{'D3'},,&,1.0,&
{'R3'},{'D2'},{'D1'},{'R2'},{'D7'},{'D4'},{'R1'},{'D3'},{'D6'},{'D5'},&,1.0,&
{'R3'},{'D2'},{'D1'},{'R2'},{'D7'},{'D4'},{'D5'},,,,&,1.0,&
{'R3'},{'D2'},{'D1'},{'R2'},{'D7'},{'D4'},{'D6'},{'D3'},{'R1'},{'D5'},&,1.0,&
{'R3'},{'D2'},{'D1'},{'R2'},{'D7'},{'R1'},,,,,&,4.0,&
{'R3'},{'D2'},{'D1'},{'R2'},{'D7'},{'R1'},{'D3'},,,,&,1.0,&
{'R3'},{'D2'},{'D1'},{'R2'},{'D7'},{'R1'},{'D3'},{'D6'},,,&,1.0,&
{'R3'},{'D2'},{'D1'},{'R2'},{'D7'},{'R1'},{'D3'},{'D4'},,,&,1.0,&
{'R3'},{'D2'},{'D1'},{'R2'},{'D7'},{'R1'},{'D3'},{'D4'},{'D6'},,&,1.0,&
{'R3'},{'D2'},{'D1'},{'R2'},{'D7'},{'R1'},{'D5'},{'D4'},,,&,1.0,&
{'R3'},{'D2'},{'D1'},{'R2'},{'D7'},{'R1'},{'D5'},{'D4'},{'D6'},{'D3'},&,1.0,&
{'R3'},{'D2'},{'D1'},{'R2'},{'D7'},{'R1'},{'D4'},,,,&,4.0,&
{'R3'},{'D2'},{'D1'},{'R2'},{'D7'},{'R1'},{'D4'},{'D5'},{'D6'},,&,1.0,&
{'R3'},{'D2'},{'D1'},{'R2'},{'D7'},{'R1'},{'D4'},{'D6'},,,&,1.0,&
{'R3'},{'D2'},{'D1'},{'R2'},{'D7'},{'R1'},{'D4'},{'D6'},{'D3'},{'D5'},&,1.0,&
{'R3'},{'D2'},{'D1'},{'R2'},{'D7'},{'R1'},{'D4'},{'D3'},{'D5'},{'D6'},&,1.0,&
{'R3'},{'D2'},{'D1'},{'R2'},{'D7'},{'R1'},{'D6'},{'D3'},,,&,1.0,&
{'R3'},{'D2'},{'D1'},{'R2'},{'D7'},{'R1'},{'D6'},{'D3'},{'D4'},,&,1.0,&
{'R3'},{'D2'},{'D1'},{'R2'},{'D7'},{'R1'},{'D6'},{'D4'},{'D3'},,&,1.0,&
{'R3'},{'D2'},{'D1'},{'R2'},{'D7'},{'R1'},{'D6'},{'D4'},{'D3'},{'D5'},&,1.0,&
{'R3'},{'D2'},{'D1'},{'R2'},{'D7'},{'D3'},,,,,&,2.0,&
{'R3'},{'D2'},{'D1'},{'R2'},{'D7'},{'D3'},{'R1'},{'D4'},,,&,1.0,&
{'R3'},{'D2'},{'D1'},{'R2'},{'D7'},{'D3'},{'D4'},{'D6'},{'R1'},{'D5'},&,1.0,&
{'R3'},{'D2'},{'D1'},{'R2'},{'D7'},{'D3'},{'D6'},,,,&,1.0,&
{'R3'},{'D2'},{'D1'},{'R2'},{'D7'},{'D3'},{'D6'},{'R1'},{'D4'},,&,1.0,&
{'R3'},{'D2'},{'D1'},{'R2'},{'D7'},{'D3'},{'D6'},{'R1'},{'D4'},{'D5'},&,1.0,&
{'R3'},{'D2'},{'D1'},{'R2'},{'D7'},{'D5'},,,,,&,1.0,&
{'R3'},{'D2'},{'D1'},{'R2'},{'D7'},{'D6'},,,,,&,4.0,&
{'R3'},{'D2'},{'D1'},{'R2'},{'D7'},{'D6'},{'R1'},{'D4'},{'D3'},{'D5'},&,2.0,&
{'R3'},{'D2'},{'D1'},{'R2'},{'R1'},,,,,,&,10.0,&
{'R3'},{'D2'},{'D1'},{'R2'},{'R1'},{'D4'},,,,,&,4.0,&
{'R3'},{'D2'},{'D1'},{'R2'},{'R1'},{'D4'},{'D3'},,,,&,1.0,&
{'R3'},{'D2'},{'D1'},{'R2'},{'R1'},{'D4'},{'D7'},,,,&,2.0,&
{'R3'},{'D2'},{'D1'},{'R2'},{'R1'},{'D3'},,,,,&,1.0,&
{'R3'},{'D2'},{'D1'},{'R2'},{'R1'},{'D3'},{'D7'},{'D6'},,,&,1.0,&
{'R3'},{'D2'},{'D1'},{'R2'},{'R1'},{'D3'},{'D7'},{'D6'},{'D4'},{'D5'},&,1.0,&
{'R3'},{'D2'},{'D1'},{'R2'},{'R1'},{'D3'},{'D7'},{'D4'},,,&,1.0,&
{'R3'},{'D2'},{'D1'},{'R2'},{'R1'},{'D3'},{'D4'},{'D7'},,,&,1.0,&
{'R3'},{'D2'},{'D1'},{'R2'},{'R1'},{'D3'},{'D4'},{'D7'},{'D6'},,&,1.0,&
{'R3'},{'D2'},{'D1'},{'R2'},{'R1'},{'D5'},,,,,&,1.0,&
{'R3'},{'D2'},{'D1'},{'R2'},{'R1'},{'D7'},,,,,&,14.0,&
{'R3'},{'D2'},{'D1'},{'R2'},{'R1'},{'D7'},{'D3'},,,,&,2.0,&
{'R3'},{'D2'},{'D1'},{'R2'},{'R1'},{'D7'},{'D3'},{'D6'},{'D5'},{'D4'},&,1.0,&
{'R3'},{'D2'},{'D1'},{'R2'},{'R1'},{'D7'},{'D3'},{'D4'},,,&,1.0,&
{'R3'},{'D2'},{'D1'},{'R2'},{'R1'},{'D7'},{'D5'},,,,&,1.0,&
{'R3'},{'D2'},{'D1'},{'R2'},{'R1'},{'D7'},{'D5'},{'D6'},{'D3'},,&,1.0,&
{'R3'},{'D2'},{'D1'},{'R2'},{'R1'},{'D7'},{'D4'},,,,&,5.0,&
{'R3'},{'D2'},{'D1'},{'R2'},{'R1'},{'D7'},{'D4'},{'D5'},{'D3'},,&,1.0,&
{'R3'},{'D2'},{'D1'},{'R2'},{'R1'},{'D7'},{'D4'},{'D6'},{'D5'},,&,2.0,&
{'R3'},{'D2'},{'D1'},{'R2'},{'R1'},{'D7'},{'D4'},{'D6'},{'D3'},,&,1.0,&
{'R3'},{'D2'},{'D1'},{'R2'},{'R1'},{'D7'},{'D4'},{'D6'},{'D3'},{'D5'},&,2.0,&
{'R3'},{'D2'},{'D1'},{'R2'},{'R1'},{'D7'},{'D4'},{'D3'},{'D6'},,&,2.0,&
{'R3'},{'D2'},{'D1'},{'R2'},{'R1'},{'D7'},{'D4'},{'D3'},{'D6'},{'D5'},&,1.0,&
{'R3'},{'D2'},{'D1'},{'R2'},{'R1'},{'D7'},{'D6'},,,,&,2.0,&
{'R3'},{'D2'},{'D1'},{'R2'},{'R1'},{'D7'},{'D6'},{'D4'},,,&,3.0,&
{'R3'},{'D2'},{'D1'},{'R2'},{'R1'},{'D6'},,,,,&,1.0,&
{'R3'},{'D2'},{'D1'},{'R2'},{'R1'},{'D6'},{'D7'},,,,&,2.0,&
{'R3'},{'D2'},{'D1'},{'R2'},{'R1'},{'D6'},{'D7'},{'D3'},,,&,1.0,&
{'R3'},{'D2'},{'D1'},{'R2'},{'D4'},,,,,,&,2.0,&
{'R3'},{'D2'},{'D1'},{'R2'},{'D4'},{'R1'},,,,,&,1.0,&
{'R3'},{'D2'},{'D1'},{'R2'},{'D4'},{'R1'},{'D3'},{'D7'},,,&,1.0,&
{'R3'},{'D2'},{'D1'},{'R2'},{'D4'},{'R1'},{'D7'},,,,&,1.0,&
{'R3'},{'D2'},{'D1'},{'R2'},{'D4'},{'R1'},{'D7'},{'D3'},,,&,1.0,&
{'R3'},{'D2'},{'D1'},{'R2'},{'D4'},{'R1'},{'D5'},{'D7'},{'D3'},{'D6'},&,1.0,&
{'R3'},{'D2'},{'D1'},{'R2'},{'D4'},{'D7'},,,,,&,3.0,&
{'R3'},{'D2'},{'D1'},{'R2'},{'D4'},{'D7'},{'D3'},{'D5'},,,&,1.0,&
{'R3'},{'D2'},{'D1'},{'R2'},{'D4'},{'D7'},{'D3'},{'D6'},{'R1'},{'D5'},&,1.0,&
{'R3'},{'D2'},{'D1'},{'R2'},{'D4'},{'D7'},{'D3'},{'R1'},,,&,2.0,&
{'R3'},{'D2'},{'D1'},{'R2'},{'D4'},{'D7'},{'D3'},{'R1'},{'D6'},{'D5'},&,1.0,&
{'R3'},{'D2'},{'D1'},{'R2'},{'D4'},{'D7'},{'R1'},{'D3'},,,&,2.0,&
{'R3'},{'D2'},{'D1'},{'R2'},{'D4'},{'D7'},{'D5'},{'D3'},{'D6'},,&,1.0,&
{'R3'},{'D2'},{'D1'},{'R2'},{'D4'},{'D7'},{'D6'},{'R1'},,,&,1.0,&
{'R3'},{'D2'},{'D1'},{'R2'},{'D6'},{'R1'},,,,,&,1.0,&
{'R3'},{'D2'},{'D1'},{'R2'},{'D6'},{'R1'},{'D7'},,,,&,1.0,&
{'R3'},{'D2'},{'D1'},{'R2'},{'D6'},{'D3'},{'D4'},,,,&,1.0,&
{'R3'},{'D2'},{'D1'},{'R2'},{'D6'},{'D3'},{'D4'},{'R1'},{'D7'},,&,1.0,&
{'R3'},{'D2'},{'D1'},{'R2'},{'D6'},{'D7'},,,,,&,1.0,&
{'R3'},{'D2'},{'D1'},{'R2'},{'D6'},{'D7'},{'R1'},{'D3'},{'D4'},{'D5'},&,1.0,&
{'R3'},{'D2'},{'D1'},{'R2'},{'D3'},,,,,,&,2.0,&
{'R3'},{'D2'},{'D1'},{'R2'},{'D3'},{'D4'},{'R1'},{'D7'},{'D6'},{'D5'},&,1.0,&
{'R3'},{'D2'},{'D1'},{'R2'},{'D3'},{'R1'},{'D4'},{'D7'},{'D6'},{'D5'},&,1.0,&
{'R3'},{'D2'},{'D1'},{'R2'},{'D3'},{'R1'},{'D6'},{'D7'},,,&,1.0,&
{'R3'},{'D2'},{'D1'},{'R2'},{'D3'},{'D5'},,,,,&,1.0,&
{'R3'},{'D2'},{'D1'},{'R2'},{'D3'},{'D7'},{'R1'},{'D6'},{'D5'},,&,1.0,&
{'R3'},{'D2'},{'D1'},{'R2'},{'D3'},{'D7'},{'D4'},{'D6'},{'D5'},{'R1'},&,1.0,&
{'R3'},{'D2'},{'D1'},{'R2'},{'D3'},{'D7'},{'D4'},{'R1'},,,&,1.0,&
{'R3'},{'D2'},{'D1'},{'R2'},{'D3'},{'D6'},{'D7'},{'D4'},,,&,1.0,&
{'R3'},{'D2'},{'D1'},{'D7'},,,,,,,&,32.0,&
{'R3'},{'D2'},{'D1'},{'D7'},{'R1'},,,,,,&,2.0,&
{'R3'},{'D2'},{'D1'},{'D7'},{'R1'},{'D4'},,,,,&,1.0,&
{'R3'},{'D2'},{'D1'},{'D7'},{'R1'},{'D4'},{'R2'},,,,&,1.0,&
{'R3'},{'D2'},{'D1'},{'D7'},{'R1'},{'D4'},{'R2'},{'D6'},{'D5'},{'D3'},&,1.0,&
{'R3'},{'D2'},{'D1'},{'D7'},{'R1'},{'D4'},{'R2'},{'D3'},,,&,1.0,&
{'R3'},{'D2'},{'D1'},{'D7'},{'R1'},{'D3'},,,,,&,1.0,&
{'R3'},{'D2'},{'D1'},{'D7'},{'R1'},{'D3'},{'D4'},,,,&,1.0,&
{'R3'},{'D2'},{'D1'},{'D7'},{'R1'},{'D3'},{'R2'},{'D6'},{'D4'},{'D5'},&,1.0,&
{'R3'},{'D2'},{'D1'},{'D7'},{'R1'},{'D3'},{'R2'},{'D4'},{'D6'},{'D5'},&,1.0,&
{'R3'},{'D2'},{'D1'},{'D7'},{'R1'},{'R2'},,,,,&,2.0,&
{'R3'},{'D2'},{'D1'},{'D7'},{'R1'},{'R2'},{'D3'},{'D6'},,,&,1.0,&
{'R3'},{'D2'},{'D1'},{'D7'},{'R1'},{'R2'},{'D3'},{'D4'},,,&,1.0,&
{'R3'},{'D2'},{'D1'},{'D7'},{'R2'},,,,,,&,15.0,&
{'R3'},{'D2'},{'D1'},{'D7'},{'R2'},{'D4'},,,,,&,1.0,&
{'R3'},{'D2'},{'D1'},{'D7'},{'R2'},{'D4'},{'R1'},,,,&,4.0,&
{'R3'},{'D2'},{'D1'},{'D7'},{'R2'},{'D4'},{'R1'},{'D5'},{'D3'},,&,1.0,&
{'R3'},{'D2'},{'D1'},{'D7'},{'R2'},{'D4'},{'R1'},{'D3'},{'D6'},{'D5'},&,1.0,&
{'R3'},{'D2'},{'D1'},{'D7'},{'R2'},{'D4'},{'D6'},,,,&,1.0,&
{'R3'},{'D2'},{'D1'},{'D7'},{'R2'},{'D4'},{'D6'},{'D3'},,,&,1.0,&
{'R3'},{'D2'},{'D1'},{'D7'},{'R2'},{'R1'},,,,,&,4.0,&
{'R3'},{'D2'},{'D1'},{'D7'},{'R2'},{'R1'},{'D3'},,,,&,2.0,&
{'R3'},{'D2'},{'D1'},{'D7'},{'R2'},{'R1'},{'D3'},{'D4'},,,&,2.0,&
{'R3'},{'D2'},{'D1'},{'D7'},{'R2'},{'R1'},{'D4'},,,,&,2.0,&
{'R3'},{'D2'},{'D1'},{'D7'},{'R2'},{'R1'},{'D4'},{'D6'},,,&,1.0,&
{'R3'},{'D2'},{'D1'},{'D7'},{'R2'},{'R1'},{'D4'},{'D6'},{'D5'},{'D3'},&,1.0,&
{'R3'},{'D2'},{'D1'},{'D7'},{'R2'},{'R1'},{'D4'},{'D6'},{'D3'},,&,1.0,&
{'R3'},{'D2'},{'D1'},{'D7'},{'R2'},{'R1'},{'D4'},{'D3'},{'D6'},{'D5'},&,1.0,&
{'R3'},{'D2'},{'D1'},{'D7'},{'R2'},{'R1'},{'D4'},{'D3'},{'D5'},,&,1.0,&
{'R3'},{'D2'},{'D1'},{'D7'},{'R2'},{'R1'},{'D4'},{'D3'},{'D5'},{'D6'},&,2.0,&
{'R3'},{'D2'},{'D1'},{'D7'},{'R2'},{'R1'},{'D6'},,,,&,1.0,&
{'R3'},{'D2'},{'D1'},{'D7'},{'R2'},{'R1'},{'D6'},{'D3'},,,&,1.0,&
{'R3'},{'D2'},{'D1'},{'D7'},{'R2'},{'R1'},{'D6'},{'D3'},{'D4'},{'D5'},&,1.0,&
{'R3'},{'D2'},{'D1'},{'D7'},{'R2'},{'R1'},{'D6'},{'D4'},{'D3'},,&,1.0,&
{'R3'},{'D2'},{'D1'},{'D7'},{'R2'},{'R1'},{'D6'},{'D4'},{'D3'},{'D5'},&,1.0,&
{'R3'},{'D2'},{'D1'},{'D7'},{'R2'},{'D3'},,,,,&,1.0,&
{'R3'},{'D2'},{'D1'},{'D7'},{'R2'},{'D3'},{'R1'},{'D6'},,,&,1.0,&
{'R3'},{'D2'},{'D1'},{'D7'},{'R2'},{'D3'},{'R1'},{'D4'},{'D6'},,&,1.0,&
{'R3'},{'D2'},{'D1'},{'D7'},{'R2'},{'D3'},{'D5'},{'D4'},{'D6'},{'R1'},&,1.0,&
{'R3'},{'D2'},{'D1'},{'D7'},{'R2'},{'D3'},{'D4'},,,,&,1.0,&
{'R3'},{'D2'},{'D1'},{'D7'},{'R2'},{'D5'},{'R1'},,,,&,1.0,&
{'R3'},{'D2'},{'D1'},{'D7'},{'R2'},{'D5'},{'R1'},{'D6'},,,&,1.0,&
{'R3'},{'D2'},{'D1'},{'D7'},{'R2'},{'D6'},,,,,&,2.0,&
{'R3'},{'D2'},{'D1'},{'D7'},{'R2'},{'D6'},{'D3'},{'D4'},{'D5'},{'R1'},&,1.0,&
{'R3'},{'D2'},{'D1'},{'D7'},{'R2'},{'D6'},{'R1'},,,,&,2.0,&
{'R3'},{'D2'},{'D1'},{'D7'},{'R2'},{'D6'},{'R1'},{'D3'},,,&,1.0,&
{'R3'},{'D2'},{'D1'},{'D7'},{'R2'},{'D6'},{'D4'},{'R1'},,,&,2.0,&
{'R3'},{'D2'},{'D1'},{'D7'},{'D4'},,,,,,&,9.0,&
{'R3'},{'D2'},{'D1'},{'D7'},{'D4'},{'R1'},{'D3'},{'D6'},,,&,1.0,&
{'R3'},{'D2'},{'D1'},{'D7'},{'D4'},{'R1'},{'D3'},{'D6'},{'R2'},,&,1.0,&
{'R3'},{'D2'},{'D1'},{'D7'},{'D4'},{'R1'},{'D3'},{'R2'},{'D6'},{'D5'},&,1.0,&
{'R3'},{'D2'},{'D1'},{'D7'},{'D4'},{'D3'},,,,,&,2.0,&
{'R3'},{'D2'},{'D1'},{'D7'},{'D4'},{'D3'},{'R1'},{'R2'},,,&,1.0,&
{'R3'},{'D2'},{'D1'},{'D7'},{'D4'},{'D3'},{'D5'},{'R2'},{'D6'},{'R1'},&,2.0,&
{'R3'},{'D2'},{'D1'},{'D7'},{'D4'},{'D3'},{'D6'},{'D5'},{'R2'},,&,1.0,&
{'R3'},{'D2'},{'D1'},{'D7'},{'D4'},{'D3'},{'D6'},{'R2'},{'D5'},{'R1'},&,1.0,&
{'R3'},{'D2'},{'D1'},{'D7'},{'D4'},{'D3'},{'D6'},{'R2'},{'R1'},,&,1.0,&
{'R3'},{'D2'},{'D1'},{'D7'},{'D4'},{'D5'},{'D3'},,,,&,1.0,&
{'R3'},{'D2'},{'D1'},{'D7'},{'D4'},{'D5'},{'D3'},{'D6'},{'R2'},{'R1'},&,1.0,&
{'R3'},{'D2'},{'D1'},{'D7'},{'D4'},{'D5'},{'R2'},{'D3'},{'D6'},,&,1.0,&
{'R3'},{'D2'},{'D1'},{'D7'},{'D4'},{'D5'},{'R2'},{'R1'},,,&,1.0,&
{'R3'},{'D2'},{'D1'},{'D7'},{'D4'},{'R2'},,,,,&,2.0,&
{'R3'},{'D2'},{'D1'},{'D7'},{'D4'},{'R2'},{'D3'},,,,&,1.0,&
{'R3'},{'D2'},{'D1'},{'D7'},{'D4'},{'R2'},{'D3'},{'D6'},{'D5'},{'R1'},&,1.0,&
{'R3'},{'D2'},{'D1'},{'D7'},{'D4'},{'R2'},{'D3'},{'D6'},{'R1'},{'D5'},&,1.0,&
{'R3'},{'D2'},{'D1'},{'D7'},{'D4'},{'R2'},{'R1'},,,,&,1.0,&
{'R3'},{'D2'},{'D1'},{'D7'},{'D4'},{'R2'},{'R1'},{'D3'},{'D6'},{'D5'},&,2.0,&
{'R3'},{'D2'},{'D1'},{'D7'},{'D4'},{'R2'},{'D6'},{'D3'},{'D5'},{'R1'},&,1.0,&
{'R3'},{'D2'},{'D1'},{'D7'},{'D4'},{'R2'},{'D6'},{'R1'},,,&,1.0,&
{'R3'},{'D2'},{'D1'},{'D7'},{'D4'},{'D6'},,,,,&,1.0,&
{'R3'},{'D2'},{'D1'},{'D7'},{'D4'},{'D6'},{'D3'},,,,&,1.0,&
{'R3'},{'D2'},{'D1'},{'D7'},{'D4'},{'D6'},{'D3'},{'D5'},{'R1'},,&,1.0,&
{'R3'},{'D2'},{'D1'},{'D7'},{'D4'},{'D6'},{'D3'},{'R2'},{'D5'},,&,4.0,&
{'R3'},{'D2'},{'D1'},{'D7'},{'D4'},{'D6'},{'R1'},{'D3'},,,&,1.0,&
{'R3'},{'D2'},{'D1'},{'D7'},{'D4'},{'D6'},{'D5'},{'D3'},{'R1'},{'R2'},&,1.0,&
{'R3'},{'D2'},{'D1'},{'D7'},{'D4'},{'D6'},{'D5'},{'R2'},{'R1'},{'D3'},&,1.0,&
{'R3'},{'D2'},{'D1'},{'D7'},{'D4'},{'D6'},{'R2'},,,,&,1.0,&
{'R3'},{'D2'},{'D1'},{'D7'},{'D4'},{'D6'},{'R2'},{'D3'},,,&,2.0,&
{'R3'},{'D2'},{'D1'},{'D7'},{'D6'},,,,,,&,1.0,&
{'R3'},{'D2'},{'D1'},{'D7'},{'D6'},{'D4'},{'D3'},,,,&,1.0,&
{'R3'},{'D2'},{'D1'},{'D7'},{'D6'},{'D4'},{'D3'},{'D5'},{'R2'},{'R1'},&,1.0,&
{'R3'},{'D2'},{'D1'},{'D7'},{'D6'},{'D4'},{'D5'},{'D3'},{'R1'},,&,1.0,&
{'R3'},{'D2'},{'D1'},{'D7'},{'D6'},{'D4'},{'R2'},{'D3'},{'D5'},{'R1'},&,1.0,&
{'R3'},{'D2'},{'D1'},{'D7'},{'D6'},{'D4'},{'R2'},{'R1'},{'D3'},{'D5'},&,1.0,&
{'R3'},{'D2'},{'D1'},{'D7'},{'D6'},{'D3'},{'D4'},{'D5'},{'R2'},{'R1'},&,1.0,&
{'R3'},{'D2'},{'D1'},{'D7'},{'D6'},{'R2'},,,,,&,2.0,&
{'R3'},{'D2'},{'D1'},{'D7'},{'D6'},{'R2'},{'R1'},,,,&,2.0,&
{'R3'},{'D2'},{'D1'},{'D7'},{'D6'},{'R2'},{'D4'},{'D3'},,,&,1.0,&
{'R3'},{'D2'},{'D1'},{'D7'},{'D3'},,,,,,&,1.0,&
{'R3'},{'D2'},{'D1'},{'D7'},{'D3'},{'D4'},,,,,&,2.0,&
{'R3'},{'D2'},{'D1'},{'D7'},{'D3'},{'D4'},{'R2'},,,,&,1.0,&
{'R3'},{'D2'},{'D1'},{'D7'},{'D3'},{'D4'},{'R2'},{'D5'},{'R1'},{'D6'},&,1.0,&
{'R3'},{'D2'},{'D1'},{'D7'},{'D3'},{'D4'},{'R2'},{'D6'},,,&,1.0,&
{'R3'},{'D2'},{'D1'},{'D7'},{'D3'},{'D4'},{'R2'},{'D6'},{'D5'},,&,1.0,&
{'R3'},{'D2'},{'D1'},{'D7'},{'D3'},{'D4'},{'D6'},{'D5'},,,&,1.0,&
{'R3'},{'D2'},{'D1'},{'D7'},{'D3'},{'D4'},{'D6'},{'R1'},{'D5'},{'R2'},&,1.0,&
{'R3'},{'D2'},{'D1'},{'D7'},{'D3'},{'R1'},,,,,&,1.0,&
{'R3'},{'D2'},{'D1'},{'D7'},{'D3'},{'R1'},{'D4'},{'R2'},{'D5'},,&,1.0,&
{'R3'},{'D2'},{'D1'},{'D7'},{'D3'},{'R2'},{'R1'},{'D5'},{'D6'},,&,1.0,&
{'R3'},{'D2'},{'D1'},{'D7'},{'D3'},{'R2'},{'R1'},{'D6'},{'D4'},{'D5'},&,1.0,&
{'R3'},{'D2'},{'D1'},{'D7'},{'D3'},{'R2'},{'R1'},{'D4'},{'D5'},{'D6'},&,1.0,&
{'R3'},{'D2'},{'D1'},{'D7'},{'D3'},{'R2'},{'D4'},,,,&,2.0,&
{'R3'},{'D2'},{'D1'},{'D7'},{'D3'},{'R2'},{'D4'},{'R1'},{'D5'},,&,1.0,&
{'R3'},{'D2'},{'D1'},{'D7'},{'D3'},{'D6'},{'D4'},,,,&,2.0,&
{'R3'},{'D2'},{'D1'},{'D7'},{'D3'},{'D6'},{'D4'},{'R2'},,,&,1.0,&
{'R3'},{'D2'},{'D1'},{'D7'},{'D3'},{'D6'},{'R2'},{'R1'},,,&,1.0,&
{'R3'},{'D2'},{'D1'},{'D7'},{'D5'},,,,,,&,5.0,&
{'R3'},{'D2'},{'D1'},{'D7'},{'D5'},{'D4'},{'R2'},{'D3'},,,&,1.0,&
{'R3'},{'D2'},{'D1'},{'D7'},{'D5'},{'D4'},{'D6'},{'D3'},{'R2'},,&,1.0,&
{'R3'},{'D2'},{'D1'},{'D7'},{'D5'},{'D3'},,,,,&,1.0,&
{'R3'},{'D2'},{'D1'},{'D7'},{'D5'},{'R2'},,,,,&,1.0,&
{'R3'},{'D2'},{'D1'},{'D4'},,,,,,,&,14.0,&
{'R3'},{'D2'},{'D1'},{'D4'},{'D7'},,,,,,&,4.0,&
{'R3'},{'D2'},{'D1'},{'D4'},{'D7'},{'R1'},,,,,&,1.0,&
{'R3'},{'D2'},{'D1'},{'D4'},{'D7'},{'R1'},{'D3'},,,,&,1.0,&
{'R3'},{'D2'},{'D1'},{'D4'},{'D7'},{'R1'},{'R2'},{'D6'},,,&,1.0,&
{'R3'},{'D2'},{'D1'},{'D4'},{'D7'},{'D3'},,,,,&,1.0,&
{'R3'},{'D2'},{'D1'},{'D4'},{'D7'},{'D3'},{'D5'},{'D6'},,,&,1.0,&
{'R3'},{'D2'},{'D1'},{'D4'},{'D7'},{'D3'},{'D5'},{'R2'},{'R1'},,&,1.0,&
{'R3'},{'D2'},{'D1'},{'D4'},{'D7'},{'D3'},{'D6'},{'D5'},,,&,1.0,&
{'R3'},{'D2'},{'D1'},{'D4'},{'D7'},{'D3'},{'D6'},{'R2'},{'D5'},{'R1'},&,1.0,&
{'R3'},{'D2'},{'D1'},{'D4'},{'D7'},{'D3'},{'D6'},{'R2'},{'R1'},,&,1.0,&
{'R3'},{'D2'},{'D1'},{'D4'},{'D7'},{'D5'},,,,,&,1.0,&
{'R3'},{'D2'},{'D1'},{'D4'},{'D7'},{'D5'},{'R1'},,,,&,1.0,&
{'R3'},{'D2'},{'D1'},{'D4'},{'D7'},{'D5'},{'R2'},,,,&,1.0,&
{'R3'},{'D2'},{'D1'},{'D4'},{'D7'},{'R2'},{'D3'},{'D6'},{'D5'},{'R1'},&,1.0,&
{'R3'},{'D2'},{'D1'},{'D4'},{'D7'},{'R2'},{'D3'},{'R1'},,,&,2.0,&
{'R3'},{'D2'},{'D1'},{'D4'},{'D7'},{'R2'},{'D3'},{'R1'},{'D6'},,&,1.0,&
{'R3'},{'D2'},{'D1'},{'D4'},{'D7'},{'R2'},{'R1'},,,,&,1.0,&
{'R3'},{'D2'},{'D1'},{'D4'},{'D7'},{'R2'},{'R1'},{'D3'},{'D6'},{'D5'},&,2.0,&
{'R3'},{'D2'},{'D1'},{'D4'},{'D7'},{'R2'},{'D5'},{'R1'},{'D3'},,&,1.0,&
{'R3'},{'D2'},{'D1'},{'D4'},{'D7'},{'D6'},,,,,&,2.0,&
{'R3'},{'D2'},{'D1'},{'D4'},{'D7'},{'D6'},{'D3'},{'D5'},{'R2'},,&,1.0,&
{'R3'},{'D2'},{'D1'},{'D4'},{'D7'},{'D6'},{'R2'},{'D3'},{'D5'},{'R1'},&,1.0,&
{'R3'},{'D2'},{'D1'},{'D4'},{'D7'},{'D6'},{'R2'},{'R1'},,,&,1.0,&
{'R3'},{'D2'},{'D1'},{'D4'},{'D7'},{'D6'},{'R2'},{'R1'},{'D3'},,&,1.0,&
{'R3'},{'D2'},{'D1'},{'D4'},{'R1'},{'D3'},,,,,&,1.0,&
{'R3'},{'D2'},{'D1'},{'D4'},{'R1'},{'D7'},,,,,&,1.0,&
{'R3'},{'D2'},{'D1'},{'D4'},{'R1'},{'D7'},{'R2'},,,,&,1.0,&
{'R3'},{'D2'},{'D1'},{'D4'},{'R1'},{'R2'},,,,,&,1.0,&
{'R3'},{'D2'},{'D1'},{'D4'},{'R2'},,,,,,&,4.0,&
{'R3'},{'D2'},{'D1'},{'D4'},{'R2'},{'R1'},{'D7'},{'D6'},{'D5'},{'D3'},&,1.0,&
{'R3'},{'D2'},{'D1'},{'D4'},{'R2'},{'R1'},{'D7'},{'D3'},,,&,1.0,&
{'R3'},{'D2'},{'D1'},{'D4'},{'R2'},{'R1'},{'D7'},{'D3'},{'D6'},{'D5'},&,1.0,&
{'R3'},{'D2'},{'D1'},{'D4'},{'R2'},{'R1'},{'D7'},{'D3'},{'D5'},,&,1.0,&
{'R3'},{'D2'},{'D1'},{'D4'},{'R2'},{'D7'},,,,,&,2.0,&
{'R3'},{'D2'},{'D1'},{'D4'},{'R2'},{'D7'},{'D3'},{'R1'},{'D5'},,&,1.0,&
{'R3'},{'D2'},{'D1'},{'D4'},{'R2'},{'D7'},{'R1'},,,,&,2.0,&
{'R3'},{'D2'},{'D1'},{'D4'},{'R2'},{'D7'},{'R1'},{'D3'},,,&,1.0,&
{'R3'},{'D2'},{'D1'},{'D4'},{'R2'},{'D7'},{'R1'},{'D3'},{'D6'},{'D5'},&,1.0,&
{'R3'},{'D2'},{'D1'},{'D4'},{'R2'},{'D7'},{'D5'},,,,&,1.0,&
{'R3'},{'D2'},{'D1'},{'D4'},{'D6'},{'R1'},,,,,&,1.0,&
{'R3'},{'D2'},{'D1'},{'D4'},{'D6'},{'D7'},{'R2'},,,,&,1.0,&
{'R3'},{'D2'},{'D1'},{'D4'},{'D3'},{'R1'},,,,,&,1.0,&
{'R3'},{'D2'},{'D1'},{'D4'},{'D3'},{'R2'},,,,,&,1.0,&
{'R3'},{'D2'},{'D1'},{'D4'},{'D3'},{'R2'},{'D7'},{'D5'},{'D6'},{'R1'},&,1.0,&
{'R3'},{'D2'},{'D1'},{'D4'},{'D3'},{'D6'},{'D7'},{'D5'},,,&,1.0,&
{'R3'},{'D2'},{'D1'},{'D4'},{'D5'},{'D7'},,,,,&,1.0,&
{'R3'},{'D2'},{'D1'},{'D4'},{'D5'},{'R2'},{'R1'},{'D7'},{'D6'},{'D3'},&,1.0,&
{'R3'},{'D2'},{'D1'},{'D3'},,,,,,,&,3.0,&
{'R3'},{'D2'},{'D1'},{'D3'},{'D7'},{'D4'},,,,,&,3.0,&
{'R3'},{'D2'},{'D1'},{'D3'},{'D7'},{'D4'},{'D5'},{'D6'},{'R2'},{'R1'},&,1.0,&
{'R3'},{'D2'},{'D1'},{'D3'},{'D7'},{'D4'},{'R2'},{'D6'},{'D5'},{'R1'},&,1.0,&
{'R3'},{'D2'},{'D1'},{'D3'},{'D7'},{'D4'},{'R2'},{'D6'},{'R1'},{'D5'},&,1.0,&
{'R3'},{'D2'},{'D1'},{'D3'},{'D7'},{'D4'},{'R2'},{'R1'},{'D5'},,&,1.0,&
{'R3'},{'D2'},{'D1'},{'D3'},{'D7'},{'D4'},{'D6'},,,,&,1.0,&
{'R3'},{'D2'},{'D1'},{'D3'},{'D7'},{'D4'},{'D6'},{'R1'},,,&,1.0,&
{'R3'},{'D2'},{'D1'},{'D3'},{'D7'},{'R1'},,,,,&,1.0,&
{'R3'},{'D2'},{'D1'},{'D3'},{'D7'},{'R1'},{'D4'},{'R2'},{'D6'},,&,1.0,&
{'R3'},{'D2'},{'D1'},{'D3'},{'D7'},{'R2'},,,,,&,1.0,&
{'R3'},{'D2'},{'D1'},{'D3'},{'D7'},{'R2'},{'R1'},,,,&,1.0,&
{'R3'},{'D2'},{'D1'},{'D3'},{'D7'},{'D6'},{'D4'},{'D5'},{'R1'},,&,1.0,&
{'R3'},{'D2'},{'D1'},{'D3'},{'R1'},,,,,,&,1.0,&
{'R3'},{'D2'},{'D1'},{'D3'},{'R1'},{'R2'},{'D7'},{'D6'},{'D4'},,&,1.0,&
{'R3'},{'D2'},{'D1'},{'D3'},{'R2'},,,,,,&,3.0,&
{'R3'},{'D2'},{'D1'},{'D3'},{'R2'},{'R1'},,,,,&,4.0,&
{'R3'},{'D2'},{'D1'},{'D3'},{'R2'},{'R1'},{'D7'},{'D4'},{'D6'},,&,1.0,&
{'R3'},{'D2'},{'D1'},{'D3'},{'R2'},{'D7'},{'R1'},,,,&,1.0,&
{'R3'},{'D2'},{'D1'},{'D3'},{'R2'},{'D7'},{'D4'},{'D6'},,,&,1.0,&
{'R3'},{'D2'},{'D1'},{'D3'},{'R2'},{'D7'},{'D4'},{'R1'},,,&,1.0,&
{'R3'},{'D2'},{'D1'},{'D3'},{'R2'},{'D7'},{'D6'},{'D4'},{'D5'},{'R1'},&,1.0,&
{'R3'},{'D2'},{'D1'},{'D3'},{'R2'},{'D6'},,,,,&,1.0,&
{'R3'},{'D2'},{'D1'},{'D3'},{'R2'},{'D6'},{'R1'},{'D4'},,,&,1.0,&
{'R3'},{'D2'},{'D1'},{'D3'},{'D4'},{'D7'},{'D5'},{'R2'},{'R1'},{'D6'},&,1.0,&
{'R3'},{'D2'},{'D1'},{'D3'},{'D4'},{'R2'},,,,,&,1.0,&
{'R3'},{'D2'},{'D1'},{'D3'},{'D4'},{'R2'},{'R1'},,,,&,1.0,&
{'R3'},{'D2'},{'D1'},{'D3'},{'D4'},{'R2'},{'R1'},{'D7'},{'D5'},,&,1.0,&
{'R3'},{'D2'},{'D1'},{'D3'},{'D6'},{'R1'},{'R2'},{'D7'},,,&,1.0,&
{'R3'},{'D2'},{'D1'},{'D3'},{'D6'},{'R2'},{'D7'},,,,&,1.0,&
{'R3'},{'D2'},{'D1'},{'D6'},,,,,,,&,7.0,&
{'R3'},{'D2'},{'D1'},{'D6'},{'D7'},,,,,,&,2.0,&
{'R3'},{'D2'},{'D1'},{'D6'},{'D7'},{'D4'},{'D3'},{'R2'},{'D5'},{'R1'},&,1.0,&
{'R3'},{'D2'},{'D1'},{'D6'},{'D7'},{'D4'},{'R2'},{'D5'},,,&,1.0,&
{'R3'},{'D2'},{'D1'},{'D6'},{'D7'},{'D4'},{'R2'},{'D3'},{'R1'},{'D5'},&,1.0,&
{'R3'},{'D2'},{'D1'},{'D6'},{'D7'},{'D3'},{'R2'},{'D4'},,,&,1.0,&
{'R3'},{'D2'},{'D1'},{'D6'},{'D7'},{'D5'},{'D4'},{'D3'},{'R2'},{'R1'},&,1.0,&
{'R3'},{'D2'},{'D1'},{'D6'},{'R2'},,,,,,&,2.0,&
{'R3'},{'D2'},{'D1'},{'D6'},{'R2'},{'R1'},{'D3'},{'D7'},{'D4'},{'D5'},&,1.0,&
{'R3'},{'D2'},{'D1'},{'D6'},{'R2'},{'R1'},{'D4'},{'D7'},{'D3'},{'D5'},&,2.0,&
{'R3'},{'D2'},{'D1'},{'D6'},{'R2'},{'D7'},,,,,&,1.0,&
{'R3'},{'D2'},{'D1'},{'D6'},{'D4'},{'D7'},,,,,&,1.0,&
{'R3'},{'D2'},{'D1'},{'D6'},{'D4'},{'D7'},{'D3'},{'R2'},{'R1'},{'D5'},&,1.0,&
{'R3'},{'D2'},{'D1'},{'D6'},{'D4'},{'D7'},{'R2'},,,,&,1.0,&
{'R3'},{'D2'},{'D1'},{'D6'},{'D4'},{'R2'},,,,,&,1.0,&
{'R3'},{'D2'},{'D1'},{'D6'},{'D3'},{'R2'},{'R1'},{'D7'},{'D4'},{'D5'},&,1.0,&
{'R3'},{'D2'},{'D1'},{'D5'},,,,,,,&,2.0,&
{'R3'},{'D2'},{'D1'},{'D5'},{'D7'},{'D6'},,,,,&,1.0,&
{'R3'},{'D2'},{'D1'},{'D5'},{'R2'},{'R1'},{'D7'},{'D3'},{'D4'},,&,1.0,&
{'R3'},{'D2'},{'D1'},{'D5'},{'R2'},{'R1'},{'D7'},{'D4'},{'D3'},,&,1.0,&
{'R3'},{'D2'},{'D1'},{'D5'},{'R2'},{'D6'},{'D7'},{'D4'},,,&,1.0,&
{'R3'},{'D2'},{'D4'},,,,,,,,&,34.0,&
{'R3'},{'D2'},{'D4'},{'D1'},,,,,,,&,7.0,&
{'R3'},{'D2'},{'D4'},{'D1'},{'D7'},,,,,,&,1.0,&
{'R3'},{'D2'},{'D4'},{'D1'},{'D7'},{'R1'},{'R2'},,,,&,1.0,&
{'R3'},{'D2'},{'D4'},{'D1'},{'D7'},{'D3'},{'R2'},{'D5'},,,&,1.0,&
{'R3'},{'D2'},{'D4'},{'D1'},{'D7'},{'D5'},,,,,&,1.0,&
{'R3'},{'D2'},{'D4'},{'D1'},{'D7'},{'D5'},{'R2'},{'D3'},{'D6'},{'R1'},&,1.0,&
{'R3'},{'D2'},{'D4'},{'D1'},{'D7'},{'D5'},{'D6'},{'R2'},{'R1'},,&,1.0,&
{'R3'},{'D2'},{'D4'},{'D1'},{'D7'},{'R2'},{'D3'},,,,&,1.0,&
{'R3'},{'D2'},{'D4'},{'D1'},{'D7'},{'R2'},{'D3'},{'D6'},{'D5'},,&,1.0,&
{'R3'},{'D2'},{'D4'},{'D1'},{'D7'},{'R2'},{'R1'},,,,&,1.0,&
{'R3'},{'D2'},{'D4'},{'D1'},{'D7'},{'R2'},{'D6'},{'D3'},{'D5'},,&,1.0,&
{'R3'},{'D2'},{'D4'},{'D1'},{'D7'},{'D6'},{'R2'},{'D3'},{'D5'},{'R1'},&,1.0,&
{'R3'},{'D2'},{'D4'},{'D1'},{'R1'},{'D3'},{'D6'},{'D7'},{'R2'},,&,1.0,&
{'R3'},{'D2'},{'D4'},{'D1'},{'R1'},{'D7'},{'R2'},{'D5'},{'D6'},,&,1.0,&
{'R3'},{'D2'},{'D4'},{'D1'},{'R1'},{'R2'},,,,,&,2.0,&
{'R3'},{'D2'},{'D4'},{'D1'},{'R1'},{'R2'},{'D7'},,,,&,1.0,&
{'R3'},{'D2'},{'D4'},{'D1'},{'R1'},{'R2'},{'D7'},{'D3'},{'D5'},,&,1.0,&
{'R3'},{'D2'},{'D4'},{'D1'},{'R1'},{'D6'},{'D7'},{'R2'},,,&,1.0,&
{'R3'},{'D2'},{'D4'},{'D1'},{'R2'},,,,,,&,2.0,&
{'R3'},{'D2'},{'D4'},{'D1'},{'R2'},{'R1'},,,,,&,2.0,&
{'R3'},{'D2'},{'D4'},{'D1'},{'R2'},{'R1'},{'D7'},{'D3'},{'D6'},{'D5'},&,1.0,&
{'R3'},{'D2'},{'D4'},{'D1'},{'R2'},{'R1'},{'D5'},,,,&,1.0,&
{'R3'},{'D2'},{'D4'},{'D1'},{'R2'},{'D3'},,,,,&,1.0,&
{'R3'},{'D2'},{'D4'},{'D1'},{'R2'},{'D5'},,,,,&,1.0,&
{'R3'},{'D2'},{'D4'},{'D1'},{'R2'},{'D7'},,,,,&,3.0,&
{'R3'},{'D2'},{'D4'},{'D1'},{'R2'},{'D7'},{'D3'},,,,&,2.0,&
{'R3'},{'D2'},{'D4'},{'D1'},{'R2'},{'D7'},{'D3'},{'D6'},{'D5'},{'R1'},&,1.0,&
{'R3'},{'D2'},{'D4'},{'D1'},{'R2'},{'D7'},{'R1'},,,,&,1.0,&
{'R3'},{'D2'},{'D4'},{'D1'},{'R2'},{'D7'},{'R1'},{'D5'},{'D6'},,&,1.0,&
{'R3'},{'D2'},{'D4'},{'D1'},{'R2'},{'D7'},{'R1'},{'D3'},{'D5'},{'D6'},&,1.0,&
{'R3'},{'D2'},{'D4'},{'D1'},{'R2'},{'D7'},{'D5'},{'D6'},{'D3'},{'R1'},&,1.0,&
{'R3'},{'D2'},{'D4'},{'D1'},{'D6'},{'D7'},{'R2'},{'D5'},,,&,1.0,&
{'R3'},{'D2'},{'D4'},{'D1'},{'D3'},,,,,,&,1.0,&
{'R3'},{'D2'},{'D4'},{'D1'},{'D3'},{'R2'},{'D7'},{'R1'},{'D6'},{'D5'},&,1.0,&
{'R3'},{'D2'},{'D4'},{'R1'},,,,,,,&,5.0,&
{'R3'},{'D2'},{'D4'},{'R1'},{'D7'},,,,,,&,1.0,&
{'R3'},{'D2'},{'D4'},{'R1'},{'D7'},{'D3'},,,,,&,1.0,&
{'R3'},{'D2'},{'D4'},{'R1'},{'D7'},{'D3'},{'R2'},{'D1'},{'D6'},{'D5'},&,1.0,&
{'R3'},{'D2'},{'D4'},{'R1'},{'D7'},{'D1'},{'R2'},{'D3'},{'D6'},{'D5'},&,1.0,&
{'R3'},{'D2'},{'D4'},{'R1'},{'D7'},{'D1'},{'D6'},,,,&,1.0,&
{'R3'},{'D2'},{'D4'},{'R1'},{'D7'},{'R2'},,,,,&,1.0,&
{'R3'},{'D2'},{'D4'},{'R1'},{'D7'},{'R2'},{'D1'},{'D3'},,,&,1.0,&
{'R3'},{'D2'},{'D4'},{'R1'},{'D1'},{'D7'},{'D3'},,,,&,1.0,&
{'R3'},{'D2'},{'D4'},{'R1'},{'D1'},{'R2'},{'D7'},{'D6'},{'D3'},{'D5'},&,2.0,&
{'R3'},{'D2'},{'D4'},{'R1'},{'D1'},{'R2'},{'D6'},,,,&,1.0,&
{'R3'},{'D2'},{'D4'},{'R1'},{'R2'},,,,,,&,3.0,&
{'R3'},{'D2'},{'D4'},{'R1'},{'R2'},{'D3'},,,,,&,1.0,&
{'R3'},{'D2'},{'D4'},{'R1'},{'R2'},{'D7'},{'D1'},{'D3'},{'D6'},,&,1.0,&
{'R3'},{'D2'},{'D4'},{'R1'},{'R2'},{'D7'},{'D1'},{'D3'},{'D5'},{'D6'},&,1.0,&
{'R3'},{'D2'},{'D4'},{'R1'},{'R2'},{'D6'},{'D7'},{'D3'},{'D1'},{'D5'},&,1.0,&
{'R3'},{'D2'},{'D4'},{'R1'},{'D6'},{'R2'},{'D1'},,,,&,1.0,&
{'R3'},{'D2'},{'D4'},{'R2'},,,,,,,&,11.0,&
{'R3'},{'D2'},{'D4'},{'R2'},{'D7'},,,,,,&,5.0,&
{'R3'},{'D2'},{'D4'},{'R2'},{'D7'},{'R1'},,,,,&,3.0,&
{'R3'},{'D2'},{'D4'},{'R2'},{'D7'},{'R1'},{'D1'},,,,&,1.0,&
{'R3'},{'D2'},{'D4'},{'R2'},{'D7'},{'R1'},{'D1'},{'D3'},,,&,1.0,&
{'R3'},{'D2'},{'D4'},{'R2'},{'D7'},{'R1'},{'D1'},{'D3'},{'D6'},,&,1.0,&
{'R3'},{'D2'},{'D4'},{'R2'},{'D7'},{'R1'},{'D1'},{'D3'},{'D6'},{'D5'},&,2.0,&
{'R3'},{'D2'},{'D4'},{'R2'},{'D7'},{'R1'},{'D6'},{'D1'},,,&,1.0,&
{'R3'},{'D2'},{'D4'},{'R2'},{'D7'},{'D1'},,,,,&,1.0,&
{'R3'},{'D2'},{'D4'},{'R2'},{'D7'},{'D1'},{'D3'},,,,&,1.0,&
{'R3'},{'D2'},{'D4'},{'R2'},{'D7'},{'D1'},{'D3'},{'D5'},{'D6'},{'R1'},&,1.0,&
{'R3'},{'D2'},{'D4'},{'R2'},{'D7'},{'D1'},{'R1'},,,,&,1.0,&
{'R3'},{'D2'},{'D4'},{'R2'},{'D7'},{'D1'},{'R1'},{'D3'},{'D5'},,&,1.0,&
{'R3'},{'D2'},{'D4'},{'R2'},{'D7'},{'D5'},{'D1'},{'R1'},{'D6'},,&,1.0,&
{'R3'},{'D2'},{'D4'},{'R2'},{'D7'},{'D6'},{'D3'},{'D1'},{'D5'},,&,1.0,&
{'R3'},{'D2'},{'D4'},{'R2'},{'D7'},{'D6'},{'R1'},{'D1'},{'D3'},,&,1.0,&
{'R3'},{'D2'},{'D4'},{'R2'},{'R1'},,,,,,&,5.0,&
{'R3'},{'D2'},{'D4'},{'R2'},{'R1'},{'D3'},,,,,&,1.0,&
{'R3'},{'D2'},{'D4'},{'R2'},{'R1'},{'D3'},{'D7'},{'D5'},{'D1'},{'D6'},&,1.0,&
{'R3'},{'D2'},{'D4'},{'R2'},{'R1'},{'D3'},{'D7'},{'D1'},,,&,1.0,&
{'R3'},{'D2'},{'D4'},{'R2'},{'R1'},{'D1'},,,,,&,1.0,&
{'R3'},{'D2'},{'D4'},{'R2'},{'R1'},{'D1'},{'D7'},,,,&,2.0,&
{'R3'},{'D2'},{'D4'},{'R2'},{'R1'},{'D1'},{'D7'},{'D3'},,,&,1.0,&
{'R3'},{'D2'},{'D4'},{'R2'},{'R1'},{'D7'},{'D3'},,,,&,1.0,&
{'R3'},{'D2'},{'D4'},{'R2'},{'R1'},{'D7'},{'D1'},,,,&,1.0,&
{'R3'},{'D2'},{'D4'},{'R2'},{'R1'},{'D7'},{'D1'},{'D6'},{'D3'},{'D5'},&,1.0,&
{'R3'},{'D2'},{'D4'},{'R2'},{'R1'},{'D7'},{'D1'},{'D3'},,,&,2.0,&
{'R3'},{'D2'},{'D4'},{'R2'},{'R1'},{'D7'},{'D6'},{'D1'},{'D3'},,&,1.0,&
{'R3'},{'D2'},{'D4'},{'R2'},{'R1'},{'D6'},,,,,&,1.0,&
{'R3'},{'D2'},{'D4'},{'R2'},{'D1'},,,,,,&,2.0,&
{'R3'},{'D2'},{'D4'},{'R2'},{'D1'},{'R1'},,,,,&,2.0,&
{'R3'},{'D2'},{'D4'},{'R2'},{'D1'},{'R1'},{'D3'},{'D6'},{'D7'},{'D5'},&,1.0,&
{'R3'},{'D2'},{'D4'},{'R2'},{'D1'},{'R1'},{'D7'},{'D6'},{'D3'},{'D5'},&,1.0,&
{'R3'},{'D2'},{'D4'},{'R2'},{'D1'},{'D3'},{'R1'},,,,&,1.0,&
{'R3'},{'D2'},{'D4'},{'R2'},{'D1'},{'D7'},,,,,&,1.0,&
{'R3'},{'D2'},{'D4'},{'R2'},{'D1'},{'D7'},{'D3'},,,,&,1.0,&
{'R3'},{'D2'},{'D4'},{'R2'},{'D1'},{'D7'},{'D3'},{'D6'},,,&,1.0,&
{'R3'},{'D2'},{'D4'},{'R2'},{'D1'},{'D7'},{'R1'},{'D3'},,,&,2.0,&
{'R3'},{'D2'},{'D4'},{'R2'},{'D1'},{'D7'},{'D5'},{'R1'},,,&,1.0,&
{'R3'},{'D2'},{'D4'},{'R2'},{'D1'},{'D6'},{'R1'},{'D7'},{'D3'},{'D5'},&,1.0,&
{'R3'},{'D2'},{'D4'},{'R2'},{'D6'},{'D1'},,,,,&,1.0,&
{'R3'},{'D2'},{'D4'},{'R2'},{'D6'},{'D1'},{'D7'},,,,&,1.0,&
{'R3'},{'D2'},{'D4'},{'R2'},{'D3'},,,,,,&,2.0,&
{'R3'},{'D2'},{'D4'},{'R2'},{'D3'},{'D5'},{'D7'},{'R1'},,,&,1.0,&
{'R3'},{'D2'},{'D4'},{'R2'},{'D3'},{'D7'},{'D1'},,,,&,1.0,&
{'R3'},{'D2'},{'D4'},{'R2'},{'D3'},{'D7'},{'D1'},{'R1'},{'D6'},{'D5'},&,1.0,&
{'R3'},{'D2'},{'D4'},{'R2'},{'D5'},,,,,,&,1.0,&
{'R3'},{'D2'},{'D4'},{'D7'},,,,,,,&,10.0,&
{'R3'},{'D2'},{'D4'},{'D7'},{'R1'},,,,,,&,1.0,&
{'R3'},{'D2'},{'D4'},{'D7'},{'R1'},{'D1'},{'D3'},{'D6'},{'R2'},,&,1.0,&
{'R3'},{'D2'},{'D4'},{'D7'},{'R1'},{'D1'},{'D3'},{'R2'},{'D6'},,&,1.0,&
{'R3'},{'D2'},{'D4'},{'D7'},{'R1'},{'R2'},,,,,&,1.0,&
{'R3'},{'D2'},{'D4'},{'D7'},{'R1'},{'R2'},{'D1'},{'D3'},,,&,1.0,&
{'R3'},{'D2'},{'D4'},{'D7'},{'D1'},,,,,,&,9.0,&
{'R3'},{'D2'},{'D4'},{'D7'},{'D1'},{'R1'},,,,,&,1.0,&
{'R3'},{'D2'},{'D4'},{'D7'},{'D1'},{'R1'},{'D5'},{'D3'},{'R2'},{'D6'},&,1.0,&
{'R3'},{'D2'},{'D4'},{'D7'},{'D1'},{'R1'},{'R2'},,,,&,1.0,&
{'R3'},{'D2'},{'D4'},{'D7'},{'D1'},{'D3'},,,,,&,1.0,&
{'R3'},{'D2'},{'D4'},{'D7'},{'D1'},{'D3'},{'R2'},,,,&,1.0,&
{'R3'},{'D2'},{'D4'},{'D7'},{'D1'},{'D3'},{'R2'},{'R1'},{'D6'},{'D5'},&,2.0,&
{'R3'},{'D2'},{'D4'},{'D7'},{'D1'},{'D3'},{'D6'},{'R1'},{'R2'},{'D5'},&,1.0,&
{'R3'},{'D2'},{'D4'},{'D7'},{'D1'},{'D5'},{'D6'},,,,&,1.0,&
{'R3'},{'D2'},{'D4'},{'D7'},{'D1'},{'R2'},{'D3'},{'R1'},{'D6'},,&,2.0,&
{'R3'},{'D2'},{'D4'},{'D7'},{'D1'},{'R2'},{'R1'},,,,&,2.0,&
{'R3'},{'D2'},{'D4'},{'D7'},{'D1'},{'R2'},{'R1'},{'D6'},{'D3'},{'D5'},&,1.0,&
{'R3'},{'D2'},{'D4'},{'D7'},{'D1'},{'R2'},{'D5'},{'D6'},,,&,1.0,&
{'R3'},{'D2'},{'D4'},{'D7'},{'D1'},{'R2'},{'D5'},{'R1'},{'D6'},,&,1.0,&
{'R3'},{'D2'},{'D4'},{'D7'},{'D1'},{'R2'},{'D6'},{'D3'},,,&,1.0,&
{'R3'},{'D2'},{'D4'},{'D7'},{'D1'},{'D6'},,,,,&,1.0,&
{'R3'},{'D2'},{'D4'},{'D7'},{'D1'},{'D6'},{'D3'},{'D5'},{'R2'},,&,1.0,&
{'R3'},{'D2'},{'D4'},{'D7'},{'D1'},{'D6'},{'R2'},,,,&,1.0,&
{'R3'},{'D2'},{'D4'},{'D7'},{'R2'},,,,,,&,5.0,&
{'R3'},{'D2'},{'D4'},{'D7'},{'R2'},{'R1'},{'D1'},{'D6'},,,&,1.0,&
{'R3'},{'D2'},{'D4'},{'D7'},{'R2'},{'R1'},{'D1'},{'D3'},{'D6'},{'D5'},&,1.0,&
{'R3'},{'D2'},{'D4'},{'D7'},{'R2'},{'R1'},{'D5'},{'D1'},{'D6'},{'D3'},&,1.0,&
{'R3'},{'D2'},{'D4'},{'D7'},{'R2'},{'D3'},{'D1'},,,,&,1.0,&
{'R3'},{'D2'},{'D4'},{'D7'},{'R2'},{'D1'},{'D3'},{'R1'},,,&,1.0,&
{'R3'},{'D2'},{'D4'},{'D7'},{'R2'},{'D1'},{'R1'},{'D6'},{'D5'},{'D3'},&,1.0,&
{'R3'},{'D2'},{'D4'},{'D7'},{'R2'},{'D1'},{'R1'},{'D3'},{'D5'},{'D6'},&,1.0,&
{'R3'},{'D2'},{'D4'},{'D7'},{'D6'},{'D3'},{'D1'},{'D5'},{'R1'},,&,1.0,&
{'R3'},{'D2'},{'D4'},{'D7'},{'D6'},{'R2'},{'R1'},{'D3'},,,&,1.0,&
{'R3'},{'D2'},{'D4'},{'D7'},{'D3'},{'D1'},{'R2'},{'D6'},{'D5'},{'R1'},&,1.0,&
{'R3'},{'D2'},{'D4'},{'D7'},{'D3'},{'D1'},{'D6'},,,,&,1.0,&
{'R3'},{'D2'},{'D4'},{'D7'},{'D3'},{'D1'},{'D6'},{'D5'},,,&,1.0,&
{'R3'},{'D2'},{'D4'},{'D7'},{'D3'},{'D1'},{'D6'},{'D5'},{'R1'},{'R2'},&,1.0,&
{'R3'},{'D2'},{'D4'},{'D7'},{'D5'},{'R1'},{'R2'},{'D1'},,,&,1.0,&
{'R3'},{'D2'},{'D4'},{'D7'},{'D5'},{'D1'},{'R1'},{'D3'},{'R2'},{'D6'},&,1.0,&
{'R3'},{'D2'},{'D4'},{'D3'},{'D7'},{'R2'},{'D5'},{'D1'},{'D6'},,&,1.0,&
{'R3'},{'D2'},{'D4'},{'D3'},{'R2'},{'R1'},{'D7'},{'D1'},,,&,1.0,&
{'R3'},{'D2'},{'D4'},{'D3'},{'R2'},{'D7'},,,,,&,1.0,&
{'R3'},{'D2'},{'D4'},{'D6'},,,,,,,&,2.0,&
{'R3'},{'D2'},{'D4'},{'D6'},{'D7'},{'R1'},,,,,&,1.0,&
{'R3'},{'D2'},{'D4'},{'D6'},{'D1'},{'D7'},,,,,&,1.0,&
{'R3'},{'D2'},{'D4'},{'D6'},{'R2'},{'R1'},{'D7'},{'D1'},,,&,1.0,&
{'R3'},{'D2'},{'D4'},{'D5'},{'D7'},{'D1'},{'D6'},,,,&,1.0,&
{'R3'},{'D2'},{'D4'},{'D5'},{'D1'},{'D7'},{'R2'},{'R1'},{'D3'},{'D6'},&,1.0,&
{'R3'},{'D2'},,,,,,,,,&,262.0,&
{'R3'},{'D2'},{'D7'},,,,,,,,&,127.0,&
{'R3'},{'D2'},{'D7'},{'D1'},,,,,,,&,50.0,&
{'R3'},{'D2'},{'D7'},{'D1'},{'R1'},,,,,,&,3.0,&
{'R3'},{'D2'},{'D7'},{'D1'},{'R1'},{'D4'},,,,,&,2.0,&
{'R3'},{'D2'},{'D7'},{'D1'},{'R1'},{'D4'},{'D3'},{'D6'},{'R2'},{'D5'},&,1.0,&
{'R3'},{'D2'},{'D7'},{'D1'},{'R1'},{'D4'},{'D5'},{'R2'},,,&,1.0,&
{'R3'},{'D2'},{'D7'},{'D1'},{'R1'},{'D4'},{'R2'},{'D6'},,,&,1.0,&
{'R3'},{'D2'},{'D7'},{'D1'},{'R1'},{'D4'},{'R2'},{'D6'},{'D5'},{'D3'},&,1.0,&
{'R3'},{'D2'},{'D7'},{'D1'},{'R1'},{'D3'},,,,,&,1.0,&
{'R3'},{'D2'},{'D7'},{'D1'},{'R1'},{'D3'},{'D6'},{'R2'},{'D4'},,&,1.0,&
{'R3'},{'D2'},{'D7'},{'D1'},{'R1'},{'R2'},{'D3'},{'D4'},,,&,1.0,&
{'R3'},{'D2'},{'D7'},{'D1'},{'R1'},{'R2'},{'D5'},,,,&,1.0,&
{'R3'},{'D2'},{'D7'},{'D1'},{'R1'},{'R2'},{'D4'},{'D6'},{'D3'},,&,1.0,&
{'R3'},{'D2'},{'D7'},{'D1'},{'R1'},{'R2'},{'D4'},{'D6'},{'D3'},{'D5'},&,1.0,&
{'R3'},{'D2'},{'D7'},{'D1'},{'R1'},{'D6'},{'R2'},{'D3'},{'D4'},,&,1.0,&
{'R3'},{'D2'},{'D7'},{'D1'},{'R2'},,,,,,&,8.0,&
{'R3'},{'D2'},{'D7'},{'D1'},{'R2'},{'D4'},,,,,&,5.0,&
{'R3'},{'D2'},{'D7'},{'D1'},{'R2'},{'D4'},{'D3'},,,,&,2.0,&
{'R3'},{'D2'},{'D7'},{'D1'},{'R2'},{'D4'},{'D3'},{'D5'},,,&,1.0,&
{'R3'},{'D2'},{'D7'},{'D1'},{'R2'},{'D4'},{'D3'},{'D6'},,,&,1.0,&
{'R3'},{'D2'},{'D7'},{'D1'},{'R2'},{'D4'},{'R1'},,,,&,3.0,&
{'R3'},{'D2'},{'D7'},{'D1'},{'R2'},{'D4'},{'R1'},{'D5'},,,&,1.0,&
{'R3'},{'D2'},{'D7'},{'D1'},{'R2'},{'D4'},{'R1'},{'D5'},{'D6'},{'D3'},&,1.0,&
{'R3'},{'D2'},{'D7'},{'D1'},{'R2'},{'D4'},{'D6'},{'D3'},,,&,1.0,&
{'R3'},{'D2'},{'D7'},{'D1'},{'R2'},{'D4'},{'D6'},{'R1'},,,&,1.0,&
{'R3'},{'D2'},{'D7'},{'D1'},{'R2'},{'R1'},,,,,&,1.0,&
{'R3'},{'D2'},{'D7'},{'D1'},{'R2'},{'R1'},{'D3'},{'D4'},,,&,1.0,&
{'R3'},{'D2'},{'D7'},{'D1'},{'R2'},{'R1'},{'D3'},{'D4'},{'D5'},{'D6'},&,1.0,&
{'R3'},{'D2'},{'D7'},{'D1'},{'R2'},{'R1'},{'D5'},{'D4'},,,&,1.0,&
{'R3'},{'D2'},{'D7'},{'D1'},{'R2'},{'R1'},{'D4'},,,,&,2.0,&
{'R3'},{'D2'},{'D7'},{'D1'},{'R2'},{'R1'},{'D4'},{'D6'},,,&,1.0,&
{'R3'},{'D2'},{'D7'},{'D1'},{'R2'},{'R1'},{'D4'},{'D6'},{'D3'},,&,1.0,&
{'R3'},{'D2'},{'D7'},{'D1'},{'R2'},{'R1'},{'D4'},{'D3'},{'D6'},,&,1.0,&
{'R3'},{'D2'},{'D7'},{'D1'},{'R2'},{'R1'},{'D4'},{'D3'},{'D6'},{'D5'},&,1.0,&
{'R3'},{'D2'},{'D7'},{'D1'},{'R2'},{'R1'},{'D6'},,,,&,1.0,&
{'R3'},{'D2'},{'D7'},{'D1'},{'R2'},{'R1'},{'D6'},{'D4'},{'D3'},{'D5'},&,1.0,&
{'R3'},{'D2'},{'D7'},{'D1'},{'R2'},{'D3'},{'R1'},{'D4'},{'D6'},{'D5'},&,1.0,&
{'R3'},{'D2'},{'D7'},{'D1'},{'R2'},{'D3'},{'D5'},{'R1'},,,&,1.0,&
{'R3'},{'D2'},{'D7'},{'D1'},{'R2'},{'D3'},{'D4'},{'D6'},,,&,1.0,&
{'R3'},{'D2'},{'D7'},{'D1'},{'R2'},{'D3'},{'D4'},{'R1'},{'D6'},,&,1.0,&
{'R3'},{'D2'},{'D7'},{'D1'},{'R2'},{'D5'},,,,,&,1.0,&
{'R3'},{'D2'},{'D7'},{'D1'},{'R2'},{'D5'},{'D3'},{'R1'},{'D4'},{'D6'},&,1.0,&
{'R3'},{'D2'},{'D7'},{'D1'},{'R2'},{'D6'},{'D3'},,,,&,1.0,&
{'R3'},{'D2'},{'D7'},{'D1'},{'R2'},{'D6'},{'D4'},,,,&,1.0,&
{'R3'},{'D2'},{'D7'},{'D1'},{'R2'},{'D6'},{'D4'},{'D3'},{'D5'},,&,1.0,&
{'R3'},{'D2'},{'D7'},{'D1'},{'R2'},{'D6'},{'D4'},{'R1'},{'D5'},,&,1.0,&
{'R3'},{'D2'},{'D7'},{'D1'},{'D4'},,,,,,&,18.0,&
{'R3'},{'D2'},{'D7'},{'D1'},{'D4'},{'R1'},{'D3'},{'D6'},{'D5'},{'R2'},&,1.0,&
{'R3'},{'D2'},{'D7'},{'D1'},{'D4'},{'R1'},{'R2'},,,,&,2.0,&
{'R3'},{'D2'},{'D7'},{'D1'},{'D4'},{'R1'},{'R2'},{'D3'},{'D5'},{'D6'},&,1.0,&
{'R3'},{'D2'},{'D7'},{'D1'},{'D4'},{'D3'},,,,,&,3.0,&
{'R3'},{'D2'},{'D7'},{'D1'},{'D4'},{'D3'},{'R1'},{'R2'},{'D5'},,&,1.0,&
{'R3'},{'D2'},{'D7'},{'D1'},{'D4'},{'D3'},{'D5'},{'D6'},,,&,1.0,&
{'R3'},{'D2'},{'D7'},{'D1'},{'D4'},{'D3'},{'D5'},{'D6'},{'R2'},{'R1'},&,1.0,&
{'R3'},{'D2'},{'D7'},{'D1'},{'D4'},{'D3'},{'D5'},{'R2'},{'R1'},,&,1.0,&
{'R3'},{'D2'},{'D7'},{'D1'},{'D4'},{'D3'},{'R2'},,,,&,1.0,&
{'R3'},{'D2'},{'D7'},{'D1'},{'D4'},{'D3'},{'R2'},{'R1'},{'D6'},{'D5'},&,1.0,&
{'R3'},{'D2'},{'D7'},{'D1'},{'D4'},{'D3'},{'D6'},,,,&,3.0,&
{'R3'},{'D2'},{'D7'},{'D1'},{'D4'},{'D3'},{'D6'},{'D5'},{'R2'},{'R1'},&,2.0,&
{'R3'},{'D2'},{'D7'},{'D1'},{'D4'},{'D5'},{'R1'},,,,&,1.0,&
{'R3'},{'D2'},{'D7'},{'D1'},{'D4'},{'D5'},{'R2'},{'D6'},,,&,1.0,&
{'R3'},{'D2'},{'D7'},{'D1'},{'D4'},{'R2'},{'D3'},{'D6'},{'R1'},,&,2.0,&
{'R3'},{'D2'},{'D7'},{'D1'},{'D4'},{'R2'},{'D3'},{'D6'},{'R1'},{'D5'},&,2.0,&
{'R3'},{'D2'},{'D7'},{'D1'},{'D4'},{'R2'},{'D3'},{'R1'},{'D6'},,&,2.0,&
{'R3'},{'D2'},{'D7'},{'D1'},{'D4'},{'R2'},{'R1'},{'D6'},{'D5'},{'D3'},&,1.0,&
{'R3'},{'D2'},{'D7'},{'D1'},{'D4'},{'R2'},{'D5'},,,,&,1.0,&
{'R3'},{'D2'},{'D7'},{'D1'},{'D4'},{'R2'},{'D6'},{'D3'},{'D5'},{'R1'},&,1.0,&
{'R3'},{'D2'},{'D7'},{'D1'},{'D4'},{'R2'},{'D6'},{'R1'},,,&,1.0,&
{'R3'},{'D2'},{'D7'},{'D1'},{'D4'},{'D6'},,,,,&,4.0,&
{'R3'},{'D2'},{'D7'},{'D1'},{'D4'},{'D6'},{'D3'},{'D5'},{'R2'},,&,1.0,&
{'R3'},{'D2'},{'D7'},{'D1'},{'D6'},,,,,,&,3.0,&
{'R3'},{'D2'},{'D7'},{'D1'},{'D6'},{'D4'},,,,,&,3.0,&
{'R3'},{'D2'},{'D7'},{'D1'},{'D6'},{'D4'},{'D3'},{'D5'},,,&,1.0,&
{'R3'},{'D2'},{'D7'},{'D1'},{'D6'},{'D4'},{'D3'},{'D5'},{'R1'},,&,1.0,&
{'R3'},{'D2'},{'D7'},{'D1'},{'D6'},{'D4'},{'D3'},{'D5'},{'R2'},{'R1'},&,1.0,&
{'R3'},{'D2'},{'D7'},{'D1'},{'D6'},{'D4'},{'R1'},{'R2'},,,&,1.0,&
{'R3'},{'D2'},{'D7'},{'D1'},{'D6'},{'D4'},{'R2'},,,,&,2.0,&
{'R3'},{'D2'},{'D7'},{'D1'},{'D6'},{'D4'},{'R2'},{'R1'},,,&,1.0,&
{'R3'},{'D2'},{'D7'},{'D1'},{'D6'},{'R1'},,,,,&,1.0,&
{'R3'},{'D2'},{'D7'},{'D1'},{'D6'},{'R1'},{'D3'},,,,&,1.0,&
{'R3'},{'D2'},{'D7'},{'D1'},{'D6'},{'R1'},{'D3'},{'D4'},,,&,1.0,&
{'R3'},{'D2'},{'D7'},{'D1'},{'D6'},{'D3'},,,,,&,2.0,&
{'R3'},{'D2'},{'D7'},{'D1'},{'D6'},{'D3'},{'D4'},{'D5'},{'R1'},{'R2'},&,1.0,&
{'R3'},{'D2'},{'D7'},{'D1'},{'D6'},{'D3'},{'D4'},{'D5'},{'R2'},,&,1.0,&
{'R3'},{'D2'},{'D7'},{'D1'},{'D6'},{'D3'},{'D4'},{'R2'},{'R1'},{'D5'},&,1.0,&
{'R3'},{'D2'},{'D7'},{'D1'},{'D6'},{'D3'},{'R2'},{'R1'},{'D4'},,&,1.0,&
{'R3'},{'D2'},{'D7'},{'D1'},{'D6'},{'D5'},{'R1'},,,,&,1.0,&
{'R3'},{'D2'},{'D7'},{'D1'},{'D6'},{'R2'},,,,,&,3.0,&
{'R3'},{'D2'},{'D7'},{'D1'},{'D6'},{'R2'},{'D3'},{'D4'},{'R1'},,&,1.0,&
{'R3'},{'D2'},{'D7'},{'D1'},{'D6'},{'R2'},{'R1'},,,,&,3.0,&
{'R3'},{'D2'},{'D7'},{'D1'},{'D6'},{'R2'},{'D4'},{'D5'},{'D3'},,&,1.0,&
{'R3'},{'D2'},{'D7'},{'D1'},{'D6'},{'R2'},{'D4'},{'R1'},{'D3'},,&,1.0,&
{'R3'},{'D2'},{'D7'},{'D1'},{'D3'},,,,,,&,6.0,&
{'R3'},{'D2'},{'D7'},{'D1'},{'D3'},{'D4'},,,,,&,2.0,&
{'R3'},{'D2'},{'D7'},{'D1'},{'D3'},{'D4'},{'R2'},{'D5'},{'D6'},,&,1.0,&
{'R3'},{'D2'},{'D7'},{'D1'},{'D3'},{'D4'},{'R2'},{'D5'},{'R1'},,&,1.0,&
{'R3'},{'D2'},{'D7'},{'D1'},{'D3'},{'D4'},{'D6'},,,,&,1.0,&
{'R3'},{'D2'},{'D7'},{'D1'},{'D3'},{'D4'},{'D6'},{'D5'},,,&,1.0,&
{'R3'},{'D2'},{'D7'},{'D1'},{'D3'},{'D4'},{'D6'},{'D5'},{'R2'},{'R1'},&,2.0,&
{'R3'},{'D2'},{'D7'},{'D1'},{'D3'},{'D4'},{'D6'},{'R1'},,,&,1.0,&
{'R3'},{'D2'},{'D7'},{'D1'},{'D3'},{'R1'},{'R2'},{'D4'},,,&,1.0,&
{'R3'},{'D2'},{'D7'},{'D1'},{'D3'},{'R2'},{'R1'},{'D4'},{'D6'},,&,1.0,&
{'R3'},{'D2'},{'D7'},{'D1'},{'D3'},{'R2'},{'D4'},{'D6'},{'D5'},,&,1.0,&
{'R3'},{'D2'},{'D7'},{'D1'},{'D3'},{'R2'},{'D6'},{'D4'},{'R1'},,&,1.0,&
{'R3'},{'D2'},{'D7'},{'D1'},{'D3'},{'D6'},,,,,&,1.0,&
{'R3'},{'D2'},{'D7'},{'D1'},{'D3'},{'D6'},{'R1'},,,,&,1.0,&
{'R3'},{'D2'},{'D7'},{'D1'},{'D3'},{'D6'},{'D4'},,,,&,1.0,&
{'R3'},{'D2'},{'D7'},{'D1'},{'D5'},{'D3'},{'R2'},,,,&,1.0,&
{'R3'},{'D2'},{'D7'},{'D1'},{'D5'},{'R2'},,,,,&,1.0,&
{'R3'},{'D2'},{'D7'},{'D1'},{'D5'},{'R2'},{'R1'},,,,&,1.0,&
{'R3'},{'D2'},{'D7'},{'D1'},{'D5'},{'R2'},{'R1'},{'D4'},,,&,1.0,&
{'R3'},{'D2'},{'D7'},{'D1'},{'D5'},{'D6'},,,,,&,1.0,&
{'R3'},{'D2'},{'D7'},{'R1'},,,,,,,&,9.0,&
{'R3'},{'D2'},{'D7'},{'R1'},{'D1'},,,,,,&,4.0,&
{'R3'},{'D2'},{'D7'},{'R1'},{'D1'},{'D4'},{'D3'},,,,&,1.0,&
{'R3'},{'D2'},{'D7'},{'R1'},{'D1'},{'D4'},{'D3'},{'D6'},,,&,1.0,&
{'R3'},{'D2'},{'D7'},{'R1'},{'D1'},{'D4'},{'R2'},,,,&,2.0,&
{'R3'},{'D2'},{'D7'},{'R1'},{'D1'},{'D4'},{'R2'},{'D6'},,,&,1.0,&
{'R3'},{'D2'},{'D7'},{'R1'},{'D1'},{'D3'},,,,,&,1.0,&
{'R3'},{'D2'},{'D7'},{'R1'},{'D1'},{'D3'},{'D4'},{'D5'},{'D6'},,&,1.0,&
{'R3'},{'D2'},{'D7'},{'R1'},{'D1'},{'D3'},{'D4'},{'R2'},,,&,1.0,&
{'R3'},{'D2'},{'D7'},{'R1'},{'D1'},{'R2'},{'D4'},,,,&,1.0,&
{'R3'},{'D2'},{'D7'},{'R1'},{'D1'},{'R2'},{'D4'},{'D3'},,,&,1.0,&
{'R3'},{'D2'},{'D7'},{'R1'},{'D1'},{'R2'},{'D4'},{'D3'},{'D6'},{'D5'},&,1.0,&
{'R3'},{'D2'},{'D7'},{'R1'},{'D1'},{'R2'},{'D6'},,,,&,1.0,&
{'R3'},{'D2'},{'D7'},{'R1'},{'D1'},{'R2'},{'D6'},{'D5'},{'D4'},{'D3'},&,1.0,&
{'R3'},{'D2'},{'D7'},{'R1'},{'R2'},,,,,,&,2.0,&
{'R3'},{'D2'},{'D7'},{'R1'},{'R2'},{'D4'},{'D1'},{'D6'},{'D3'},,&,1.0,&
{'R3'},{'D2'},{'D7'},{'R1'},{'R2'},{'D4'},{'D1'},{'D6'},{'D3'},{'D5'},&,1.0,&
{'R3'},{'D2'},{'D7'},{'R1'},{'R2'},{'D4'},{'D1'},{'D3'},{'D6'},{'D5'},&,1.0,&
{'R3'},{'D2'},{'D7'},{'R1'},{'R2'},{'D3'},{'D1'},,,,&,1.0,&
{'R3'},{'D2'},{'D7'},{'R1'},{'R2'},{'D3'},{'D6'},,,,&,1.0,&
{'R3'},{'D2'},{'D7'},{'R1'},{'R2'},{'D1'},,,,,&,2.0,&
{'R3'},{'D2'},{'D7'},{'R1'},{'R2'},{'D1'},{'D3'},{'D6'},{'D4'},,&,1.0,&
{'R3'},{'D2'},{'D7'},{'R1'},{'R2'},{'D1'},{'D3'},{'D4'},{'D6'},{'D5'},&,2.0,&
{'R3'},{'D2'},{'D7'},{'R1'},{'R2'},{'D1'},{'D4'},,,,&,1.0,&
{'R3'},{'D2'},{'D7'},{'R1'},{'R2'},{'D1'},{'D4'},{'D3'},,,&,1.0,&
{'R3'},{'D2'},{'D7'},{'R1'},{'R2'},{'D1'},{'D6'},{'D3'},{'D4'},{'D5'},&,1.0,&
{'R3'},{'D2'},{'D7'},{'R1'},{'D4'},,,,,,&,2.0,&
{'R3'},{'D2'},{'D7'},{'R1'},{'D4'},{'D1'},{'D5'},{'R2'},{'D6'},,&,1.0,&
{'R3'},{'D2'},{'D7'},{'R1'},{'D4'},{'D1'},{'R2'},{'D6'},{'D3'},{'D5'},&,1.0,&
{'R3'},{'D2'},{'D7'},{'R1'},{'D4'},{'R2'},{'D1'},{'D6'},{'D3'},{'D5'},&,1.0,&
{'R3'},{'D2'},{'D7'},{'R1'},{'D6'},{'R2'},{'D3'},{'D5'},,,&,1.0,&
{'R3'},{'D2'},{'D7'},{'R1'},{'D5'},{'R2'},{'D4'},,,,&,1.0,&
{'R3'},{'D2'},{'D7'},{'R2'},,,,,,,&,40.0,&
{'R3'},{'D2'},{'D7'},{'R2'},{'R1'},,,,,,&,12.0,&
{'R3'},{'D2'},{'D7'},{'R2'},{'R1'},{'D4'},,,,,&,1.0,&
{'R3'},{'D2'},{'D7'},{'R2'},{'R1'},{'D4'},{'D3'},{'D1'},{'D6'},{'D5'},&,1.0,&
{'R3'},{'D2'},{'D7'},{'R2'},{'R1'},{'D4'},{'D1'},,,,&,5.0,&
{'R3'},{'D2'},{'D7'},{'R2'},{'R1'},{'D4'},{'D1'},{'D6'},,,&,1.0,&
{'R3'},{'D2'},{'D7'},{'R2'},{'R1'},{'D4'},{'D1'},{'D6'},{'D5'},{'D3'},&,1.0,&
{'R3'},{'D2'},{'D7'},{'R2'},{'R1'},{'D4'},{'D1'},{'D6'},{'D3'},,&,1.0,&
{'R3'},{'D2'},{'D7'},{'R2'},{'R1'},{'D4'},{'D1'},{'D3'},,,&,2.0,&
{'R3'},{'D2'},{'D7'},{'R2'},{'R1'},{'D4'},{'D1'},{'D3'},{'D6'},,&,3.0,&
{'R3'},{'D2'},{'D7'},{'R2'},{'R1'},{'D4'},{'D1'},{'D3'},{'D6'},{'D5'},&,1.0,&
{'R3'},{'D2'},{'D7'},{'R2'},{'R1'},{'D4'},{'D6'},{'D1'},,,&,1.0,&
{'R3'},{'D2'},{'D7'},{'R2'},{'R1'},{'D4'},{'D6'},{'D1'},{'D3'},,&,1.0,&
{'R3'},{'D2'},{'D7'},{'R2'},{'R1'},{'D3'},{'D1'},{'D4'},,,&,1.0,&
{'R3'},{'D2'},{'D7'},{'R2'},{'R1'},{'D3'},{'D4'},{'D1'},{'D6'},{'D5'},&,1.0,&
{'R3'},{'D2'},{'D7'},{'R2'},{'R1'},{'D1'},,,,,&,10.0,&
{'R3'},{'D2'},{'D7'},{'R2'},{'R1'},{'D1'},{'D3'},,,,&,3.0,&
{'R3'},{'D2'},{'D7'},{'R2'},{'R1'},{'D1'},{'D3'},{'D6'},,,&,1.0,&
{'R3'},{'D2'},{'D7'},{'R2'},{'R1'},{'D1'},{'D5'},,,,&,2.0,&
{'R3'},{'D2'},{'D7'},{'R2'},{'R1'},{'D1'},{'D5'},{'D4'},,,&,1.0,&
{'R3'},{'D2'},{'D7'},{'R2'},{'R1'},{'D1'},{'D4'},,,,&,2.0,&
{'R3'},{'D2'},{'D7'},{'R2'},{'R1'},{'D1'},{'D4'},{'D5'},,,&,1.0,&
{'R3'},{'D2'},{'D7'},{'R2'},{'R1'},{'D1'},{'D4'},{'D6'},{'D3'},,&,1.0,&
{'R3'},{'D2'},{'D7'},{'R2'},{'R1'},{'D1'},{'D4'},{'D6'},{'D3'},{'D5'},&,1.0,&
{'R3'},{'D2'},{'D7'},{'R2'},{'R1'},{'D1'},{'D4'},{'D3'},,,&,3.0,&
{'R3'},{'D2'},{'D7'},{'R2'},{'R1'},{'D1'},{'D4'},{'D3'},{'D6'},{'D5'},&,2.0,&
{'R3'},{'D2'},{'D7'},{'R2'},{'R1'},{'D1'},{'D6'},,,,&,2.0,&
{'R3'},{'D2'},{'D7'},{'R2'},{'R1'},{'D1'},{'D6'},{'D5'},{'D3'},,&,1.0,&
{'R3'},{'D2'},{'D7'},{'R2'},{'R1'},{'D1'},{'D6'},{'D4'},{'D3'},,&,2.0,&
{'R3'},{'D2'},{'D7'},{'R2'},{'R1'},{'D6'},{'D1'},,,,&,1.0,&
{'R3'},{'D2'},{'D7'},{'R2'},{'R1'},{'D6'},{'D1'},{'D4'},,,&,1.0,&
{'R3'},{'D2'},{'D7'},{'R2'},{'D1'},,,,,,&,8.0,&
{'R3'},{'D2'},{'D7'},{'R2'},{'D1'},{'D4'},,,,,&,2.0,&
{'R3'},{'D2'},{'D7'},{'R2'},{'D1'},{'D4'},{'D3'},,,,&,1.0,&
{'R3'},{'D2'},{'D7'},{'R2'},{'D1'},{'D4'},{'D3'},{'D6'},{'R1'},,&,1.0,&
{'R3'},{'D2'},{'D7'},{'R2'},{'D1'},{'D4'},{'D3'},{'R1'},,,&,1.0,&
{'R3'},{'D2'},{'D7'},{'R2'},{'D1'},{'D4'},{'R1'},,,,&,1.0,&
{'R3'},{'D2'},{'D7'},{'R2'},{'D1'},{'D4'},{'R1'},{'D3'},{'D6'},{'D5'},&,1.0,&
{'R3'},{'D2'},{'D7'},{'R2'},{'D1'},{'D4'},{'D5'},,,,&,1.0,&
{'R3'},{'D2'},{'D7'},{'R2'},{'D1'},{'D4'},{'D6'},,,,&,2.0,&
{'R3'},{'D2'},{'D7'},{'R2'},{'D1'},{'D4'},{'D6'},{'D3'},{'R1'},{'D5'},&,1.0,&
{'R3'},{'D2'},{'D7'},{'R2'},{'D1'},{'D4'},{'D6'},{'R1'},,,&,1.0,&
{'R3'},{'D2'},{'D7'},{'R2'},{'D1'},{'R1'},,,,,&,3.0,&
{'R3'},{'D2'},{'D7'},{'R2'},{'D1'},{'R1'},{'D3'},{'D4'},{'D6'},,&,1.0,&
{'R3'},{'D2'},{'D7'},{'R2'},{'D1'},{'R1'},{'D3'},{'D4'},{'D6'},{'D5'},&,1.0,&
{'R3'},{'D2'},{'D7'},{'R2'},{'D1'},{'R1'},{'D4'},,,,&,2.0,&
{'R3'},{'D2'},{'D7'},{'R2'},{'D1'},{'R1'},{'D4'},{'D3'},,,&,2.0,&
{'R3'},{'D2'},{'D7'},{'R2'},{'D1'},{'R1'},{'D4'},{'D3'},{'D6'},{'D5'},&,1.0,&
{'R3'},{'D2'},{'D7'},{'R2'},{'D1'},{'R1'},{'D4'},{'D3'},{'D5'},{'D6'},&,1.0,&
{'R3'},{'D2'},{'D7'},{'R2'},{'D1'},{'R1'},{'D6'},,,,&,2.0,&
{'R3'},{'D2'},{'D7'},{'R2'},{'D1'},{'R1'},{'D6'},{'D3'},,,&,1.0,&
{'R3'},{'D2'},{'D7'},{'R2'},{'D1'},{'R1'},{'D6'},{'D4'},,,&,1.0,&
{'R3'},{'D2'},{'D7'},{'R2'},{'D1'},{'R1'},{'D6'},{'D4'},{'D3'},{'D5'},&,1.0,&
{'R3'},{'D2'},{'D7'},{'R2'},{'D1'},{'D3'},{'R1'},,,,&,1.0,&
{'R3'},{'D2'},{'D7'},{'R2'},{'D1'},{'D3'},{'D4'},{'D6'},,,&,3.0,&
{'R3'},{'D2'},{'D7'},{'R2'},{'D1'},{'D3'},{'D4'},{'R1'},,,&,1.0,&
{'R3'},{'D2'},{'D7'},{'R2'},{'D1'},{'D3'},{'D4'},{'R1'},{'D6'},{'D5'},&,1.0,&
{'R3'},{'D2'},{'D7'},{'R2'},{'D1'},{'D3'},{'D6'},,,,&,1.0,&
{'R3'},{'D2'},{'D7'},{'R2'},{'D1'},{'D3'},{'D6'},{'R1'},,,&,1.0,&
{'R3'},{'D2'},{'D7'},{'R2'},{'D1'},{'D5'},{'D4'},{'D3'},{'D6'},{'R1'},&,1.0,&
{'R3'},{'D2'},{'D7'},{'R2'},{'D1'},{'D5'},{'D6'},{'D4'},{'D3'},,&,1.0,&
{'R3'},{'D2'},{'D7'},{'R2'},{'D1'},{'D6'},,,,,&,2.0,&
{'R3'},{'D2'},{'D7'},{'R2'},{'D1'},{'D6'},{'D3'},{'D4'},{'R1'},{'D5'},&,1.0,&
{'R3'},{'D2'},{'D7'},{'R2'},{'D1'},{'D6'},{'R1'},,,,&,1.0,&
{'R3'},{'D2'},{'D7'},{'R2'},{'D1'},{'D6'},{'R1'},{'D5'},,,&,1.0,&
{'R3'},{'D2'},{'D7'},{'R2'},{'D1'},{'D6'},{'D4'},{'D3'},{'D5'},,&,1.0,&
{'R3'},{'D2'},{'D7'},{'R2'},{'D4'},,,,,,&,8.0,&
{'R3'},{'D2'},{'D7'},{'R2'},{'D4'},{'R1'},,,,,&,2.0,&
{'R3'},{'D2'},{'D7'},{'R2'},{'D4'},{'R1'},{'D3'},{'D1'},,,&,2.0,&
{'R3'},{'D2'},{'D7'},{'R2'},{'D4'},{'R1'},{'D1'},,,,&,3.0,&
{'R3'},{'D2'},{'D7'},{'R2'},{'D4'},{'R1'},{'D1'},{'D5'},{'D3'},{'D6'},&,1.0,&
{'R3'},{'D2'},{'D7'},{'R2'},{'D4'},{'R1'},{'D1'},{'D6'},{'D3'},{'D5'},&,1.0,&
{'R3'},{'D2'},{'D7'},{'R2'},{'D4'},{'R1'},{'D1'},{'D3'},{'D6'},,&,1.0,&
{'R3'},{'D2'},{'D7'},{'R2'},{'D4'},{'R1'},{'D1'},{'D3'},{'D5'},{'D6'},&,1.0,&
{'R3'},{'D2'},{'D7'},{'R2'},{'D4'},{'R1'},{'D6'},{'D3'},,,&,1.0,&
{'R3'},{'D2'},{'D7'},{'R2'},{'D4'},{'D3'},{'R1'},,,,&,2.0,&
{'R3'},{'D2'},{'D7'},{'R2'},{'D4'},{'D1'},,,,,&,1.0,&
{'R3'},{'D2'},{'D7'},{'R2'},{'D4'},{'D1'},{'D3'},,,,&,1.0,&
{'R3'},{'D2'},{'D7'},{'R2'},{'D4'},{'D1'},{'D3'},{'D6'},,,&,1.0,&
{'R3'},{'D2'},{'D7'},{'R2'},{'D4'},{'D1'},{'D3'},{'R1'},{'D6'},{'D5'},&,1.0,&
{'R3'},{'D2'},{'D7'},{'R2'},{'D4'},{'D1'},{'R1'},{'D6'},{'D3'},,&,1.0,&
{'R3'},{'D2'},{'D7'},{'R2'},{'D4'},{'D1'},{'R1'},{'D3'},,,&,1.0,&
{'R3'},{'D2'},{'D7'},{'R2'},{'D4'},{'D1'},{'R1'},{'D3'},{'D6'},{'D5'},&,1.0,&
{'R3'},{'D2'},{'D7'},{'R2'},{'D4'},{'D1'},{'R1'},{'D3'},{'D5'},,&,1.0,&
{'R3'},{'D2'},{'D7'},{'R2'},{'D4'},{'D5'},{'D3'},,,,&,1.0,&
{'R3'},{'D2'},{'D7'},{'R2'},{'D4'},{'D6'},{'D1'},,,,&,1.0,&
{'R3'},{'D2'},{'D7'},{'R2'},{'D6'},,,,,,&,2.0,&
{'R3'},{'D2'},{'D7'},{'R2'},{'D6'},{'D4'},{'D1'},{'D3'},{'D5'},{'R1'},&,1.0,&
{'R3'},{'D2'},{'D7'},{'R2'},{'D6'},{'D4'},{'D1'},{'D3'},{'R1'},{'D5'},&,1.0,&
{'R3'},{'D2'},{'D7'},{'R2'},{'D6'},{'D4'},{'R1'},,,,&,1.0,&
{'R3'},{'D2'},{'D7'},{'R2'},{'D6'},{'R1'},,,,,&,3.0,&
{'R3'},{'D2'},{'D7'},{'R2'},{'D6'},{'R1'},{'D4'},,,,&,1.0,&
{'R3'},{'D2'},{'D7'},{'R2'},{'D6'},{'D3'},,,,,&,1.0,&
{'R3'},{'D2'},{'D7'},{'R2'},{'D6'},{'D1'},,,,,&,1.0,&
{'R3'},{'D2'},{'D7'},{'R2'},{'D6'},{'D1'},{'R1'},,,,&,1.0,&
{'R3'},{'D2'},{'D7'},{'R2'},{'D6'},{'D1'},{'R1'},{'D5'},,,&,1.0,&
{'R3'},{'D2'},{'D7'},{'R2'},{'D6'},{'D1'},{'R1'},{'D3'},{'D4'},,&,1.0,&
{'R3'},{'D2'},{'D7'},{'R2'},{'D3'},,,,,,&,4.0,&
{'R3'},{'D2'},{'D7'},{'R2'},{'D3'},{'D4'},,,,,&,1.0,&
{'R3'},{'D2'},{'D7'},{'R2'},{'D3'},{'D4'},{'D1'},{'R1'},{'D6'},,&,1.0,&
{'R3'},{'D2'},{'D7'},{'R2'},{'D3'},{'R1'},,,,,&,1.0,&
{'R3'},{'D2'},{'D7'},{'R2'},{'D3'},{'R1'},{'D1'},{'D6'},,,&,1.0,&
{'R3'},{'D2'},{'D7'},{'R2'},{'D3'},{'R1'},{'D6'},{'D1'},,,&,1.0,&
{'R3'},{'D2'},{'D7'},{'R2'},{'D3'},{'D1'},,,,,&,3.0,&
{'R3'},{'D2'},{'D7'},{'R2'},{'D3'},{'D1'},{'R1'},,,,&,1.0,&
{'R3'},{'D2'},{'D7'},{'R2'},{'D3'},{'D1'},{'R1'},{'D5'},{'D4'},,&,1.0,&
{'R3'},{'D2'},{'D7'},{'R2'},{'D3'},{'D1'},{'R1'},{'D4'},,,&,1.0,&
{'R3'},{'D2'},{'D7'},{'R2'},{'D3'},{'D5'},{'D1'},{'R1'},,,&,1.0,&
{'R3'},{'D2'},{'D7'},{'R2'},{'D5'},{'D4'},{'D1'},{'D3'},{'R1'},,&,1.0,&
{'R3'},{'D2'},{'D7'},{'R2'},{'D5'},{'R1'},,,,,&,2.0,&
{'R3'},{'D2'},{'D7'},{'R2'},{'D5'},{'D3'},{'D4'},{'D1'},{'D6'},{'R1'},&,1.0,&
{'R3'},{'D2'},{'D7'},{'R2'},{'D5'},{'D1'},,,,,&,1.0,&
{'R3'},{'D2'},{'D7'},{'R2'},{'D5'},{'D1'},{'R1'},{'D4'},{'D3'},,&,1.0,&
{'R3'},{'D2'},{'D7'},{'R2'},{'D5'},{'D1'},{'D6'},{'R1'},,,&,1.0,&
{'R3'},{'D2'},{'D7'},{'R2'},{'D5'},{'D1'},{'D6'},{'R1'},{'D4'},{'D3'},&,1.0,&
{'R3'},{'D2'},{'D7'},{'R2'},{'D5'},{'D6'},,,,,&,1.0,&
{'R3'},{'D2'},{'D7'},{'D4'},,,,,,,&,18.0,&
{'R3'},{'D2'},{'D7'},{'D4'},{'R1'},,,,,,&,3.0,&
{'R3'},{'D2'},{'D7'},{'D4'},{'R1'},{'D1'},{'R2'},{'D3'},{'D6'},{'D5'},&,1.0,&
{'R3'},{'D2'},{'D7'},{'D4'},{'R1'},{'R2'},,,,,&,1.0,&
{'R3'},{'D2'},{'D7'},{'D4'},{'R1'},{'R2'},{'D1'},{'D6'},,,&,1.0,&
{'R3'},{'D2'},{'D7'},{'D4'},{'R1'},{'R2'},{'D1'},{'D6'},{'D3'},{'D5'},&,1.0,&
{'R3'},{'D2'},{'D7'},{'D4'},{'R1'},{'R2'},{'D6'},{'D1'},{'D5'},{'D3'},&,1.0,&
{'R3'},{'D2'},{'D7'},{'D4'},{'D1'},,,,,,&,5.0,&
{'R3'},{'D2'},{'D7'},{'D4'},{'D1'},{'R1'},,,,,&,2.0,&
{'R3'},{'D2'},{'D7'},{'D4'},{'D1'},{'R1'},{'D3'},,,,&,2.0,&
{'R3'},{'D2'},{'D7'},{'D4'},{'D1'},{'R1'},{'R2'},{'D5'},{'D3'},{'D6'},&,1.0,&
{'R3'},{'D2'},{'D7'},{'D4'},{'D1'},{'D3'},,,,,&,1.0,&
{'R3'},{'D2'},{'D7'},{'D4'},{'D1'},{'D3'},{'R1'},{'D6'},,,&,1.0,&
{'R3'},{'D2'},{'D7'},{'D4'},{'D1'},{'D3'},{'R1'},{'D6'},{'D5'},{'R2'},&,1.0,&
{'R3'},{'D2'},{'D7'},{'D4'},{'D1'},{'D3'},{'D5'},{'R2'},{'D6'},,&,1.0,&
{'R3'},{'D2'},{'D7'},{'D4'},{'D1'},{'D3'},{'R2'},,,,&,1.0,&
{'R3'},{'D2'},{'D7'},{'D4'},{'D1'},{'D3'},{'R2'},{'R1'},,,&,1.0,&
{'R3'},{'D2'},{'D7'},{'D4'},{'D1'},{'D3'},{'R2'},{'R1'},{'D6'},,&,1.0,&
{'R3'},{'D2'},{'D7'},{'D4'},{'D1'},{'D3'},{'D6'},{'D5'},,,&,1.0,&
{'R3'},{'D2'},{'D7'},{'D4'},{'D1'},{'D5'},{'D6'},{'R2'},{'D3'},{'R1'},&,1.0,&
{'R3'},{'D2'},{'D7'},{'D4'},{'D1'},{'R2'},,,,,&,3.0,&
{'R3'},{'D2'},{'D7'},{'D4'},{'D1'},{'R2'},{'D3'},{'D6'},,,&,1.0,&
{'R3'},{'D2'},{'D7'},{'D4'},{'D1'},{'R2'},{'D3'},{'D6'},{'R1'},{'D5'},&,2.0,&
{'R3'},{'D2'},{'D7'},{'D4'},{'D1'},{'R2'},{'D3'},{'R1'},,,&,1.0,&
{'R3'},{'D2'},{'D7'},{'D4'},{'D1'},{'R2'},{'R1'},,,,&,1.0,&
{'R3'},{'D2'},{'D7'},{'D4'},{'D1'},{'R2'},{'R1'},{'D6'},,,&,1.0,&
{'R3'},{'D2'},{'D7'},{'D4'},{'D1'},{'R2'},{'R1'},{'D6'},{'D3'},{'D5'},&,1.0,&
{'R3'},{'D2'},{'D7'},{'D4'},{'D1'},{'R2'},{'D6'},,,,&,1.0,&
{'R3'},{'D2'},{'D7'},{'D4'},{'D1'},{'R2'},{'D6'},{'D5'},{'R1'},{'D3'},&,1.0,&
{'R3'},{'D2'},{'D7'},{'D4'},{'D1'},{'R2'},{'D6'},{'D3'},{'D5'},,&,1.0,&
{'R3'},{'D2'},{'D7'},{'D4'},{'D1'},{'R2'},{'D6'},{'R1'},{'D3'},,&,1.0,&
{'R3'},{'D2'},{'D7'},{'D4'},{'D1'},{'D6'},,,,,&,1.0,&
{'R3'},{'D2'},{'D7'},{'D4'},{'D1'},{'D6'},{'D3'},{'D5'},{'R2'},{'R1'},&,1.0,&
{'R3'},{'D2'},{'D7'},{'D4'},{'D1'},{'D6'},{'D3'},{'R2'},{'R1'},{'D5'},&,1.0,&
{'R3'},{'D2'},{'D7'},{'D4'},{'D1'},{'D6'},{'R2'},,,,&,1.0,&
{'R3'},{'D2'},{'D7'},{'D4'},{'D1'},{'D6'},{'R2'},{'D3'},{'R1'},{'D5'},&,1.0,&
{'R3'},{'D2'},{'D7'},{'D4'},{'D1'},{'D6'},{'R2'},{'R1'},{'D3'},{'D5'},&,1.0,&
{'R3'},{'D2'},{'D7'},{'D4'},{'R2'},,,,,,&,7.0,&
{'R3'},{'D2'},{'D7'},{'D4'},{'R2'},{'R1'},,,,,&,2.0,&
{'R3'},{'D2'},{'D7'},{'D4'},{'R2'},{'R1'},{'D3'},{'D1'},{'D6'},,&,1.0,&
{'R3'},{'D2'},{'D7'},{'D4'},{'R2'},{'R1'},{'D1'},,,,&,2.0,&
{'R3'},{'D2'},{'D7'},{'D4'},{'R2'},{'R1'},{'D1'},{'D5'},,,&,1.0,&
{'R3'},{'D2'},{'D7'},{'D4'},{'R2'},{'R1'},{'D1'},{'D6'},,,&,1.0,&
{'R3'},{'D2'},{'D7'},{'D4'},{'R2'},{'R1'},{'D5'},{'D1'},,,&,2.0,&
{'R3'},{'D2'},{'D7'},{'D4'},{'R2'},{'R1'},{'D6'},{'D3'},,,&,1.0,&
{'R3'},{'D2'},{'D7'},{'D4'},{'R2'},{'R1'},{'D6'},{'D1'},,,&,1.0,&
{'R3'},{'D2'},{'D7'},{'D4'},{'R2'},{'D3'},{'D1'},,,,&,1.0,&
{'R3'},{'D2'},{'D7'},{'D4'},{'R2'},{'D3'},{'R1'},{'D1'},{'D6'},{'D5'},&,1.0,&
{'R3'},{'D2'},{'D7'},{'D4'},{'R2'},{'D1'},,,,,&,4.0,&
{'R3'},{'D2'},{'D7'},{'D4'},{'R2'},{'D1'},{'D3'},{'D5'},{'D6'},,&,1.0,&
{'R3'},{'D2'},{'D7'},{'D4'},{'R2'},{'D1'},{'D3'},{'D6'},,,&,1.0,&
{'R3'},{'D2'},{'D7'},{'D4'},{'R2'},{'D1'},{'D3'},{'R1'},,,&,1.0,&
{'R3'},{'D2'},{'D7'},{'D4'},{'R2'},{'D1'},{'R1'},,,,&,2.0,&
{'R3'},{'D2'},{'D7'},{'D4'},{'R2'},{'D1'},{'R1'},{'D5'},{'D3'},,&,1.0,&
{'R3'},{'D2'},{'D7'},{'D4'},{'R2'},{'D1'},{'R1'},{'D6'},{'D3'},{'D5'},&,1.0,&
{'R3'},{'D2'},{'D7'},{'D4'},{'R2'},{'D1'},{'R1'},{'D3'},{'D6'},,&,1.0,&
{'R3'},{'D2'},{'D7'},{'D4'},{'R2'},{'D1'},{'D5'},{'D3'},{'D6'},{'R1'},&,1.0,&
{'R3'},{'D2'},{'D7'},{'D4'},{'R2'},{'D1'},{'D6'},{'R1'},{'D3'},{'D5'},&,1.0,&
{'R3'},{'D2'},{'D7'},{'D4'},{'D6'},{'D1'},{'R1'},{'R2'},{'D3'},{'D5'},&,1.0,&
{'R3'},{'D2'},{'D7'},{'D4'},{'D6'},{'D1'},{'R2'},{'R1'},,,&,1.0,&
{'R3'},{'D2'},{'D7'},{'D4'},{'D6'},{'R2'},{'D3'},{'D5'},{'D1'},,&,1.0,&
{'R3'},{'D2'},{'D7'},{'D4'},{'D3'},,,,,,&,3.0,&
{'R3'},{'D2'},{'D7'},{'D4'},{'D3'},{'D1'},,,,,&,1.0,&
{'R3'},{'D2'},{'D7'},{'D4'},{'D3'},{'D1'},{'D6'},{'D5'},{'R2'},,&,1.0,&
{'R3'},{'D2'},{'D7'},{'D4'},{'D3'},{'D1'},{'D6'},{'R2'},{'D5'},{'R1'},&,1.0,&
{'R3'},{'D2'},{'D7'},{'D4'},{'D3'},{'R2'},{'R1'},{'D6'},,,&,1.0,&
{'R3'},{'D2'},{'D7'},{'D4'},{'D3'},{'D6'},,,,,&,1.0,&
{'R3'},{'D2'},{'D7'},{'D4'},{'D5'},{'D1'},,,,,&,2.0,&
{'R3'},{'D2'},{'D7'},{'D4'},{'D5'},{'R2'},,,,,&,1.0,&
{'R3'},{'D2'},{'D7'},{'D3'},,,,,,,&,9.0,&
{'R3'},{'D2'},{'D7'},{'D3'},{'R1'},,,,,,&,3.0,&
{'R3'},{'D2'},{'D7'},{'D3'},{'R1'},{'D4'},{'D1'},{'R2'},{'D6'},{'D5'},&,1.0,&
{'R3'},{'D2'},{'D7'},{'D3'},{'R1'},{'R2'},{'D1'},,,,&,1.0,&
{'R3'},{'D2'},{'D7'},{'D3'},{'R1'},{'R2'},{'D1'},{'D4'},{'D5'},{'D6'},&,1.0,&
{'R3'},{'D2'},{'D7'},{'D3'},{'D1'},,,,,,&,3.0,&
{'R3'},{'D2'},{'D7'},{'D3'},{'D1'},{'D4'},,,,,&,2.0,&
{'R3'},{'D2'},{'D7'},{'D3'},{'D1'},{'D4'},{'R2'},{'D6'},{'D5'},,&,1.0,&
{'R3'},{'D2'},{'D7'},{'D3'},{'D1'},{'D4'},{'D6'},,,,&,1.0,&
{'R3'},{'D2'},{'D7'},{'D3'},{'D1'},{'D4'},{'D6'},{'D5'},{'R2'},,&,2.0,&
{'R3'},{'D2'},{'D7'},{'D3'},{'D1'},{'R2'},{'R1'},,,,&,1.0,&
{'R3'},{'D2'},{'D7'},{'D3'},{'D1'},{'R2'},{'D4'},,,,&,1.0,&
{'R3'},{'D2'},{'D7'},{'D3'},{'D1'},{'R2'},{'D4'},{'R1'},{'D6'},,&,1.0,&
{'R3'},{'D2'},{'D7'},{'D3'},{'D1'},{'R2'},{'D6'},,,,&,1.0,&
{'R3'},{'D2'},{'D7'},{'D3'},{'D1'},{'D6'},,,,,&,1.0,&
{'R3'},{'D2'},{'D7'},{'D3'},{'R2'},,,,,,&,2.0,&
{'R3'},{'D2'},{'D7'},{'D3'},{'R2'},{'D4'},,,,,&,1.0,&
{'R3'},{'D2'},{'D7'},{'D3'},{'R2'},{'D4'},{'D1'},{'R1'},{'D6'},,&,1.0,&
{'R3'},{'D2'},{'D7'},{'D3'},{'R2'},{'R1'},,,,,&,3.0,&
{'R3'},{'D2'},{'D7'},{'D3'},{'R2'},{'R1'},{'D1'},{'D4'},{'D6'},{'D5'},&,1.0,&
{'R3'},{'D2'},{'D7'},{'D3'},{'R2'},{'R1'},{'D4'},{'D6'},{'D1'},{'D5'},&,1.0,&
{'R3'},{'D2'},{'D7'},{'D3'},{'R2'},{'R1'},{'D6'},,,,&,1.0,&
{'R3'},{'D2'},{'D7'},{'D3'},{'R2'},{'D1'},{'R1'},{'D4'},{'D5'},{'D6'},&,1.0,&
{'R3'},{'D2'},{'D7'},{'D3'},{'R2'},{'D1'},{'D4'},,,,&,1.0,&
{'R3'},{'D2'},{'D7'},{'D3'},{'R2'},{'D1'},{'D4'},{'D6'},,,&,1.0,&
{'R3'},{'D2'},{'D7'},{'D3'},{'R2'},{'D1'},{'D6'},{'R1'},{'D4'},,&,2.0,&
{'R3'},{'D2'},{'D7'},{'D3'},{'R2'},{'D6'},{'D1'},{'D4'},{'R1'},,&,1.0,&
{'R3'},{'D2'},{'D7'},{'D3'},{'D4'},{'D1'},{'D6'},{'R1'},{'R2'},{'D5'},&,1.0,&
{'R3'},{'D2'},{'D7'},{'D3'},{'D4'},{'D5'},,,,,&,1.0,&
{'R3'},{'D2'},{'D7'},{'D3'},{'D6'},{'R1'},{'D1'},,,,&,1.0,&
{'R3'},{'D2'},{'D7'},{'D6'},,,,,,,&,5.0,&
{'R3'},{'D2'},{'D7'},{'D6'},{'R1'},,,,,,&,1.0,&
{'R3'},{'D2'},{'D7'},{'D6'},{'R1'},{'D1'},{'D3'},{'D4'},{'D5'},{'R2'},&,1.0,&
{'R3'},{'D2'},{'D7'},{'D6'},{'R1'},{'D1'},{'D4'},{'R2'},,,&,1.0,&
{'R3'},{'D2'},{'D7'},{'D6'},{'R1'},{'D1'},{'D4'},{'R2'},{'D3'},{'D5'},&,1.0,&
{'R3'},{'D2'},{'D7'},{'D6'},{'D1'},,,,,,&,2.0,&
{'R3'},{'D2'},{'D7'},{'D6'},{'D1'},{'D4'},,,,,&,2.0,&
{'R3'},{'D2'},{'D7'},{'D6'},{'D1'},{'D4'},{'D3'},{'R2'},{'R1'},,&,1.0,&
{'R3'},{'D2'},{'D7'},{'D6'},{'D1'},{'D5'},,,,,&,1.0,&
{'R3'},{'D2'},{'D7'},{'D6'},{'D1'},{'D5'},{'R2'},{'R1'},{'D4'},{'D3'},&,1.0,&
{'R3'},{'D2'},{'D7'},{'D6'},{'D1'},{'R2'},{'R1'},{'D5'},{'D3'},,&,1.0,&
{'R3'},{'D2'},{'D7'},{'D6'},{'D1'},{'R2'},{'R1'},{'D4'},{'D3'},,&,2.0,&
{'R3'},{'D2'},{'D7'},{'D6'},{'R2'},,,,,,&,3.0,&
{'R3'},{'D2'},{'D7'},{'D6'},{'R2'},{'R1'},{'D1'},,,,&,2.0,&
{'R3'},{'D2'},{'D7'},{'D6'},{'R2'},{'R1'},{'D1'},{'D3'},{'D4'},{'D5'},&,1.0,&
{'R3'},{'D2'},{'D7'},{'D6'},{'R2'},{'R1'},{'D1'},{'D4'},,,&,1.0,&
{'R3'},{'D2'},{'D7'},{'D6'},{'R2'},{'D3'},,,,,&,1.0,&
{'R3'},{'D2'},{'D7'},{'D6'},{'R2'},{'D1'},{'D3'},{'R1'},{'D5'},,&,1.0,&
{'R3'},{'D2'},{'D7'},{'D6'},{'D4'},{'R2'},{'R1'},{'D1'},{'D3'},,&,1.0,&
{'R3'},{'D2'},{'D7'},{'D6'},{'D3'},{'D1'},{'R2'},{'D4'},{'R1'},,&,1.0,&
{'R3'},{'D2'},{'D7'},{'D5'},,,,,,,&,4.0,&
{'R3'},{'D2'},{'D7'},{'D5'},{'R1'},{'R2'},,,,,&,1.0,&
{'R3'},{'D2'},{'D7'},{'D5'},{'D1'},{'D4'},,,,,&,1.0,&
{'R3'},{'D2'},{'D7'},{'D5'},{'D1'},{'R2'},{'D4'},{'R1'},{'D6'},,&,1.0,&
{'R3'},{'D2'},{'D7'},{'D5'},{'R2'},,,,,,&,2.0,&
{'R3'},{'D2'},{'D7'},{'D5'},{'R2'},{'D4'},{'R1'},{'D1'},{'D6'},,&,1.0,&
{'R3'},{'D2'},{'D7'},{'D5'},{'R2'},{'R1'},{'D1'},{'D6'},{'D3'},{'D4'},&,1.0,&
{'R3'},{'D2'},{'D7'},{'D5'},{'R2'},{'R1'},{'D1'},{'D4'},{'D3'},{'D6'},&,1.0,&
{'R3'},{'D2'},{'D7'},{'D5'},{'R2'},{'D1'},{'R1'},{'D6'},{'D3'},{'D4'},&,1.0,&
{'R3'},{'D2'},{'D7'},{'D5'},{'R2'},{'D6'},{'D1'},{'D4'},{'D3'},{'R1'},&,1.0,&
{'R3'},{'D2'},{'D7'},{'D5'},{'D4'},{'D3'},{'R2'},,,,&,1.0,&
{'R3'},{'D2'},{'D7'},{'D5'},{'D4'},{'D1'},{'D6'},{'D3'},,,&,1.0,&
{'R3'},{'D2'},{'D7'},{'D5'},{'D4'},{'R2'},{'R1'},{'D1'},{'D3'},{'D6'},&,1.0,&
{'R3'},{'D2'},{'D7'},{'D5'},{'D4'},{'D6'},,,,,&,1.0,&
{'R3'},{'D2'},{'D7'},{'D5'},{'D3'},{'D4'},{'D1'},{'R1'},{'R2'},,&,1.0,&
{'R3'},{'D2'},{'R1'},,,,,,,,&,56.0,&
{'R3'},{'D2'},{'R1'},{'D1'},,,,,,,&,7.0,&
{'R3'},{'D2'},{'R1'},{'D1'},{'D7'},,,,,,&,4.0,&
{'R3'},{'D2'},{'R1'},{'D1'},{'D7'},{'D4'},{'D6'},{'D3'},{'R2'},{'D5'},&,1.0,&
{'R3'},{'D2'},{'R1'},{'D1'},{'D7'},{'D3'},,,,,&,2.0,&
{'R3'},{'D2'},{'R1'},{'D1'},{'D7'},{'D6'},,,,,&,2.0,&
{'R3'},{'D2'},{'R1'},{'D1'},{'R2'},,,,,,&,1.0,&
{'R3'},{'D2'},{'R1'},{'D1'},{'R2'},{'D4'},,,,,&,4.0,&
{'R3'},{'D2'},{'R1'},{'D1'},{'R2'},{'D4'},{'D7'},{'D3'},{'D6'},{'D5'},&,1.0,&
{'R3'},{'D2'},{'R1'},{'D1'},{'R2'},{'D3'},{'D7'},{'D4'},,,&,1.0,&
{'R3'},{'D2'},{'R1'},{'D1'},{'R2'},{'D7'},,,,,&,2.0,&
{'R3'},{'D2'},{'R1'},{'D1'},{'R2'},{'D7'},{'D3'},{'D6'},,,&,1.0,&
{'R3'},{'D2'},{'R1'},{'D1'},{'R2'},{'D7'},{'D4'},,,,&,2.0,&
{'R3'},{'D2'},{'R1'},{'D1'},{'R2'},{'D7'},{'D4'},{'D6'},,,&,1.0,&
{'R3'},{'D2'},{'R1'},{'D1'},{'R2'},{'D7'},{'D4'},{'D3'},{'D6'},{'D5'},&,2.0,&
{'R3'},{'D2'},{'R1'},{'D1'},{'R2'},{'D7'},{'D6'},{'D4'},{'D3'},{'D5'},&,1.0,&
{'R3'},{'D2'},{'R1'},{'D1'},{'R2'},{'D6'},{'D3'},{'D7'},,,&,1.0,&
{'R3'},{'D2'},{'R1'},{'D1'},{'R2'},{'D6'},{'D7'},{'D4'},{'D3'},,&,1.0,&
{'R3'},{'D2'},{'R1'},{'D1'},{'D4'},,,,,,&,1.0,&
{'R3'},{'D2'},{'R1'},{'D1'},{'D4'},{'D3'},{'D7'},{'D6'},{'D5'},,&,1.0,&
{'R3'},{'D2'},{'R1'},{'D1'},{'D4'},{'D7'},{'R2'},{'D3'},{'D5'},{'D6'},&,1.0,&
{'R3'},{'D2'},{'R1'},{'D1'},{'D4'},{'R2'},{'D7'},{'D6'},,,&,1.0,&
{'R3'},{'D2'},{'R1'},{'D1'},{'D4'},{'R2'},{'D6'},{'D7'},{'D5'},,&,1.0,&
{'R3'},{'D2'},{'R1'},{'D1'},{'D6'},,,,,,&,3.0,&
{'R3'},{'D2'},{'R1'},{'D1'},{'D6'},{'D4'},{'D7'},{'R2'},{'D3'},{'D5'},&,1.0,&
{'R3'},{'D2'},{'R1'},{'D1'},{'D6'},{'D7'},{'R2'},{'D4'},,,&,1.0,&
{'R3'},{'D2'},{'R1'},{'D1'},{'D3'},{'R2'},{'D7'},,,,&,1.0,&
{'R3'},{'D2'},{'R1'},{'D1'},{'D3'},{'R2'},{'D7'},{'D6'},{'D4'},{'D5'},&,1.0,&
{'R3'},{'D2'},{'R1'},{'R2'},,,,,,,&,16.0,&
{'R3'},{'D2'},{'R1'},{'R2'},{'D7'},,,,,,&,9.0,&
{'R3'},{'D2'},{'R1'},{'R2'},{'D7'},{'D4'},,,,,&,2.0,&
{'R3'},{'D2'},{'R1'},{'R2'},{'D7'},{'D4'},{'D1'},{'D3'},,,&,1.0,&
{'R3'},{'D2'},{'R1'},{'R2'},{'D7'},{'D3'},{'D1'},{'D6'},{'D4'},,&,1.0,&
{'R3'},{'D2'},{'R1'},{'R2'},{'D7'},{'D1'},,,,,&,3.0,&
{'R3'},{'D2'},{'R1'},{'R2'},{'D7'},{'D1'},{'D4'},,,,&,2.0,&
{'R3'},{'D2'},{'R1'},{'R2'},{'D7'},{'D1'},{'D4'},{'D6'},,,&,1.0,&
{'R3'},{'D2'},{'R1'},{'R2'},{'D7'},{'D1'},{'D4'},{'D6'},{'D5'},{'D3'},&,1.0,&
{'R3'},{'D2'},{'R1'},{'R2'},{'D7'},{'D1'},{'D4'},{'D3'},{'D6'},,&,1.0,&
{'R3'},{'D2'},{'R1'},{'R2'},{'D7'},{'D1'},{'D4'},{'D3'},{'D6'},{'D5'},&,1.0,&
{'R3'},{'D2'},{'R1'},{'R2'},{'D7'},{'D1'},{'D4'},{'D3'},{'D5'},{'D6'},&,1.0,&
{'R3'},{'D2'},{'R1'},{'R2'},{'D1'},,,,,,&,3.0,&
{'R3'},{'D2'},{'R1'},{'R2'},{'D1'},{'D4'},,,,,&,1.0,&
{'R3'},{'D2'},{'R1'},{'R2'},{'D1'},{'D4'},{'D7'},{'D3'},{'D5'},,&,1.0,&
{'R3'},{'D2'},{'R1'},{'R2'},{'D1'},{'D3'},{'D7'},,,,&,1.0,&
{'R3'},{'D2'},{'R1'},{'R2'},{'D1'},{'D3'},{'D4'},{'D7'},,,&,1.0,&
{'R3'},{'D2'},{'R1'},{'R2'},{'D1'},{'D3'},{'D4'},{'D7'},{'D5'},{'D6'},&,1.0,&
{'R3'},{'D2'},{'R1'},{'R2'},{'D1'},{'D7'},,,,,&,4.0,&
{'R3'},{'D2'},{'R1'},{'R2'},{'D1'},{'D7'},{'D3'},{'D6'},{'D4'},{'D5'},&,1.0,&
{'R3'},{'D2'},{'R1'},{'R2'},{'D1'},{'D7'},{'D3'},{'D4'},{'D5'},{'D6'},&,1.0,&
{'R3'},{'D2'},{'R1'},{'R2'},{'D1'},{'D7'},{'D4'},{'D6'},,,&,2.0,&
{'R3'},{'D2'},{'R1'},{'R2'},{'D1'},{'D7'},{'D6'},,,,&,1.0,&
{'R3'},{'D2'},{'R1'},{'R2'},{'D1'},{'D7'},{'D6'},{'D4'},,,&,1.0,&
{'R3'},{'D2'},{'R1'},{'R2'},{'D1'},{'D6'},{'D7'},{'D4'},{'D3'},{'D5'},&,1.0,&
{'R3'},{'D2'},{'R1'},{'R2'},{'D1'},{'D6'},{'D4'},,,,&,1.0,&
{'R3'},{'D2'},{'R1'},{'R2'},{'D4'},,,,,,&,3.0,&
{'R3'},{'D2'},{'R1'},{'R2'},{'D4'},{'D3'},{'D1'},{'D7'},{'D6'},{'D5'},&,1.0,&
{'R3'},{'D2'},{'R1'},{'R2'},{'D4'},{'D1'},{'D7'},{'D5'},{'D3'},,&,1.0,&
{'R3'},{'D2'},{'R1'},{'R2'},{'D4'},{'D1'},{'D7'},{'D3'},,,&,1.0,&
{'R3'},{'D2'},{'R1'},{'R2'},{'D4'},{'D7'},,,,,&,3.0,&
{'R3'},{'D2'},{'R1'},{'R2'},{'D4'},{'D7'},{'D1'},{'D3'},{'D6'},{'D5'},&,1.0,&
{'R3'},{'D2'},{'R1'},{'R2'},{'D4'},{'D6'},,,,,&,1.0,&
{'R3'},{'D2'},{'R1'},{'R2'},{'D4'},{'D6'},{'D7'},,,,&,1.0,&
{'R3'},{'D2'},{'R1'},{'R2'},{'D6'},{'D1'},,,,,&,1.0,&
{'R3'},{'D2'},{'R1'},{'R2'},{'D6'},{'D1'},{'D7'},,,,&,1.0,&
{'R3'},{'D2'},{'R1'},{'R2'},{'D3'},,,,,,&,1.0,&
{'R3'},{'D2'},{'R1'},{'R2'},{'D3'},{'D1'},,,,,&,1.0,&
{'R3'},{'D2'},{'R1'},{'R2'},{'D3'},{'D7'},{'D6'},{'D1'},{'D4'},,&,1.0,&
{'R3'},{'D2'},{'R1'},{'D7'},,,,,,,&,10.0,&
{'R3'},{'D2'},{'R1'},{'D7'},{'D1'},,,,,,&,6.0,&
{'R3'},{'D2'},{'R1'},{'D7'},{'D1'},{'D4'},{'D3'},{'D5'},{'D6'},{'R2'},&,1.0,&
{'R3'},{'D2'},{'R1'},{'D7'},{'D1'},{'D4'},{'D3'},{'D6'},{'D5'},,&,1.0,&
{'R3'},{'D2'},{'R1'},{'D7'},{'D1'},{'D4'},{'D3'},{'R2'},,,&,1.0,&
{'R3'},{'D2'},{'R1'},{'D7'},{'D1'},{'D3'},,,,,&,1.0,&
{'R3'},{'D2'},{'R1'},{'D7'},{'D1'},{'D3'},{'D4'},{'R2'},,,&,1.0,&
{'R3'},{'D2'},{'R1'},{'D7'},{'D1'},{'R2'},{'D3'},{'D5'},,,&,1.0,&
{'R3'},{'D2'},{'R1'},{'D7'},{'D1'},{'R2'},{'D3'},{'D4'},,,&,2.0,&
{'R3'},{'D2'},{'R1'},{'D7'},{'D1'},{'R2'},{'D5'},{'D3'},{'D4'},{'D6'},&,1.0,&
{'R3'},{'D2'},{'R1'},{'D7'},{'D1'},{'R2'},{'D4'},{'D6'},{'D3'},,&,1.0,&
{'R3'},{'D2'},{'R1'},{'D7'},{'D1'},{'R2'},{'D4'},{'D6'},{'D3'},{'D5'},&,1.0,&
{'R3'},{'D2'},{'R1'},{'D7'},{'D1'},{'D6'},{'R2'},{'D3'},{'D4'},{'D5'},&,1.0,&
{'R3'},{'D2'},{'R1'},{'D7'},{'D1'},{'D6'},{'R2'},{'D4'},{'D5'},{'D3'},&,1.0,&
{'R3'},{'D2'},{'R1'},{'D7'},{'R2'},,,,,,&,1.0,&
{'R3'},{'D2'},{'R1'},{'D7'},{'R2'},{'D4'},,,,,&,1.0,&
{'R3'},{'D2'},{'R1'},{'D7'},{'R2'},{'D4'},{'D3'},{'D1'},{'D6'},,&,1.0,&
{'R3'},{'D2'},{'R1'},{'D7'},{'R2'},{'D4'},{'D1'},,,,&,1.0,&
{'R3'},{'D2'},{'R1'},{'D7'},{'R2'},{'D4'},{'D6'},{'D1'},{'D3'},,&,1.0,&
{'R3'},{'D2'},{'R1'},{'D7'},{'R2'},{'D3'},{'D4'},{'D1'},,,&,1.0,&
{'R3'},{'D2'},{'R1'},{'D7'},{'R2'},{'D1'},,,,,&,2.0,&
{'R3'},{'D2'},{'R1'},{'D7'},{'R2'},{'D1'},{'D6'},{'D4'},{'D3'},,&,1.0,&
{'R3'},{'D2'},{'R1'},{'D7'},{'R2'},{'D6'},{'D1'},,,,&,1.0,&
{'R3'},{'D2'},{'R1'},{'D7'},{'R2'},{'D6'},{'D4'},{'D3'},{'D1'},{'D5'},&,1.0,&
{'R3'},{'D2'},{'R1'},{'D7'},{'D4'},,,,,,&,1.0,&
{'R3'},{'D2'},{'R1'},{'D7'},{'D4'},{'D1'},,,,,&,1.0,&
{'R3'},{'D2'},{'R1'},{'D7'},{'D4'},{'D1'},{'D6'},,,,&,1.0,&
{'R3'},{'D2'},{'R1'},{'D7'},{'D4'},{'D1'},{'D6'},{'D3'},{'D5'},{'R2'},&,1.0,&
{'R3'},{'D2'},{'R1'},{'D7'},{'D4'},{'R2'},{'D3'},{'D5'},{'D1'},{'D6'},&,1.0,&
{'R3'},{'D2'},{'R1'},{'D7'},{'D4'},{'R2'},{'D1'},,,,&,1.0,&
{'R3'},{'D2'},{'R1'},{'D7'},{'D4'},{'D6'},{'R2'},{'D5'},{'D1'},,&,1.0,&
{'R3'},{'D2'},{'R1'},{'D7'},{'D6'},{'R2'},,,,,&,1.0,&
{'R3'},{'D2'},{'R1'},{'D7'},{'D6'},{'R2'},{'D1'},{'D3'},{'D4'},{'D5'},&,1.0,&
{'R3'},{'D2'},{'R1'},{'D7'},{'D3'},,,,,,&,2.0,&
{'R3'},{'D2'},{'R1'},{'D7'},{'D3'},{'D4'},{'D1'},{'R2'},{'D6'},,&,1.0,&
{'R3'},{'D2'},{'R1'},{'D7'},{'D3'},{'D1'},{'D6'},{'D4'},,,&,1.0,&
{'R3'},{'D2'},{'R1'},{'D4'},,,,,,,&,3.0,&
{'R3'},{'D2'},{'R1'},{'D4'},{'D7'},{'D1'},{'D3'},{'D6'},,,&,1.0,&
{'R3'},{'D2'},{'R1'},{'D4'},{'D7'},{'D1'},{'R2'},{'D6'},{'D3'},{'D5'},&,1.0,&
{'R3'},{'D2'},{'R1'},{'D4'},{'D7'},{'D1'},{'D6'},{'R2'},{'D3'},{'D5'},&,1.0,&
{'R3'},{'D2'},{'R1'},{'D4'},{'D1'},,,,,,&,1.0,&
{'R3'},{'D2'},{'R1'},{'D4'},{'D1'},{'D7'},,,,,&,2.0,&
{'R3'},{'D2'},{'R1'},{'D4'},{'D1'},{'D7'},{'D3'},{'D6'},{'D5'},{'R2'},&,1.0,&
{'R3'},{'D2'},{'R1'},{'D4'},{'D1'},{'D7'},{'D6'},{'R2'},{'D3'},{'D5'},&,1.0,&
{'R3'},{'D2'},{'R1'},{'D4'},{'D1'},{'R2'},,,,,&,1.0,&
{'R3'},{'D2'},{'R1'},{'D4'},{'D1'},{'R2'},{'D7'},,,,&,2.0,&
{'R3'},{'D2'},{'R1'},{'D4'},{'D1'},{'R2'},{'D7'},{'D3'},,,&,1.0,&
{'R3'},{'D2'},{'R1'},{'D4'},{'R2'},,,,,,&,2.0,&
{'R3'},{'D2'},{'R1'},{'D4'},{'R2'},{'D7'},{'D1'},,,,&,1.0,&
{'R3'},{'D2'},{'R1'},{'D4'},{'R2'},{'D7'},{'D1'},{'D3'},,,&,1.0,&
{'R3'},{'D2'},{'R1'},{'D4'},{'R2'},{'D7'},{'D6'},,,,&,1.0,&
{'R3'},{'D2'},{'R1'},{'D4'},{'D6'},{'R2'},{'D1'},{'D7'},,,&,1.0,&
{'R3'},{'D2'},{'R1'},{'D4'},{'D3'},,,,,,&,1.0,&
{'R3'},{'D2'},{'R1'},{'D3'},,,,,,,&,3.0,&
{'R3'},{'D2'},{'R1'},{'D3'},{'D7'},,,,,,&,1.0,&
{'R3'},{'D2'},{'R1'},{'D3'},{'D7'},{'D4'},{'R2'},{'D6'},{'D1'},,&,1.0,&
{'R3'},{'D2'},{'R1'},{'D3'},{'D7'},{'D4'},{'R2'},{'D1'},{'D6'},{'D5'},&,1.0,&
{'R3'},{'D2'},{'R1'},{'D3'},{'D7'},{'D1'},{'D4'},{'D6'},{'D5'},,&,1.0,&
{'R3'},{'D2'},{'R1'},{'D3'},{'D7'},{'D1'},{'R2'},{'D5'},{'D4'},,&,1.0,&
{'R3'},{'D2'},{'R1'},{'D3'},{'D7'},{'D6'},{'D1'},{'D4'},{'D5'},,&,1.0,&
{'R3'},{'D2'},{'R1'},{'D3'},{'D1'},{'D6'},{'R2'},{'D7'},{'D5'},{'D4'},&,1.0,&
{'R3'},{'D2'},{'R1'},{'D3'},{'R2'},{'D6'},,,,,&,1.0,&
{'R3'},{'D2'},{'R1'},{'D3'},{'R2'},{'D6'},{'D7'},,,,&,1.0,&
{'R3'},{'D2'},{'R1'},{'D6'},,,,,,,&,3.0,&
{'R3'},{'D2'},{'R1'},{'D6'},{'D7'},{'D4'},{'D1'},{'D5'},{'D3'},{'R2'},&,1.0,&
{'R3'},{'D2'},{'R1'},{'D6'},{'D7'},{'D1'},{'D4'},,,,&,1.0,&
{'R3'},{'D2'},{'R1'},{'D6'},{'D1'},{'R2'},{'D7'},,,,&,1.0,&
{'R3'},{'D2'},{'R1'},{'D6'},{'D3'},,,,,,&,1.0,&
{'R3'},{'D2'},{'R1'},{'D5'},{'D7'},{'D1'},{'D6'},{'D4'},,,&,1.0,&
{'R3'},{'D2'},{'R1'},{'D5'},{'D4'},{'R2'},{'D7'},{'D1'},,,&,1.0,&
{'R3'},{'D2'},{'D3'},,,,,,,,&,27.0,&
{'R3'},{'D2'},{'D3'},{'D1'},,,,,,,&,2.0,&
{'R3'},{'D2'},{'D3'},{'D1'},{'D7'},,,,,,&,1.0,&
{'R3'},{'D2'},{'D3'},{'D1'},{'D7'},{'R1'},{'D4'},,,,&,1.0,&
{'R3'},{'D2'},{'D3'},{'D1'},{'D7'},{'R2'},{'R1'},,,,&,1.0,&
{'R3'},{'D2'},{'D3'},{'D1'},{'D7'},{'D6'},{'R1'},{'D5'},,,&,1.0,&
{'R3'},{'D2'},{'D3'},{'D1'},{'R1'},{'R2'},{'D7'},,,,&,1.0,&
{'R3'},{'D2'},{'D3'},{'D1'},{'R1'},{'R2'},{'D7'},{'D6'},,,&,1.0,&
{'R3'},{'D2'},{'D3'},{'D1'},{'R2'},,,,,,&,1.0,&
{'R3'},{'D2'},{'D3'},{'D1'},{'R2'},{'R1'},,,,,&,3.0,&
{'R3'},{'D2'},{'D3'},{'D1'},{'R2'},{'R1'},{'D7'},{'D4'},,,&,1.0,&
{'R3'},{'D2'},{'D3'},{'D1'},{'R2'},{'R1'},{'D7'},{'D4'},{'D6'},{'D5'},&,1.0,&
{'R3'},{'D2'},{'D3'},{'D1'},{'R2'},{'D5'},,,,,&,1.0,&
{'R3'},{'D2'},{'D3'},{'D1'},{'R2'},{'D7'},,,,,&,2.0,&
{'R3'},{'D2'},{'D3'},{'D1'},{'R2'},{'D7'},{'R1'},{'D4'},{'D5'},,&,1.0,&
{'R3'},{'D2'},{'D3'},{'D1'},{'R2'},{'D7'},{'D4'},{'D6'},{'R1'},{'D5'},&,1.0,&
{'R3'},{'D2'},{'D3'},{'D1'},{'R2'},{'D6'},{'D4'},{'D5'},{'D7'},{'R1'},&,1.0,&
{'R3'},{'D2'},{'D3'},{'D1'},{'D4'},,,,,,&,1.0,&
{'R3'},{'D2'},{'D3'},{'D1'},{'D4'},{'R2'},{'D7'},{'R1'},{'D6'},,&,1.0,&
{'R3'},{'D2'},{'D3'},{'D1'},{'D5'},{'D7'},{'R2'},{'R1'},{'D6'},{'D4'},&,1.0,&
{'R3'},{'D2'},{'D3'},{'R1'},{'D1'},{'R2'},{'D7'},,,,&,1.0,&
{'R3'},{'D2'},{'D3'},{'R1'},{'R2'},{'D7'},{'D1'},,,,&,1.0,&
{'R3'},{'D2'},{'D3'},{'R1'},{'D4'},{'D1'},{'R2'},,,,&,1.0,&
{'R3'},{'D2'},{'D3'},{'R1'},{'D4'},{'D1'},{'R2'},{'D7'},{'D6'},{'D5'},&,1.0,&
{'R3'},{'D2'},{'D3'},{'R2'},,,,,,,&,8.0,&
{'R3'},{'D2'},{'D3'},{'R2'},{'D7'},,,,,,&,2.0,&
{'R3'},{'D2'},{'D3'},{'R2'},{'D7'},{'D4'},{'R1'},{'D1'},,,&,1.0,&
{'R3'},{'D2'},{'D3'},{'R2'},{'D7'},{'R1'},,,,,&,1.0,&
{'R3'},{'D2'},{'D3'},{'R2'},{'D7'},{'R1'},{'D4'},,,,&,1.0,&
{'R3'},{'D2'},{'D3'},{'R2'},{'D7'},{'R1'},{'D4'},{'D1'},,,&,1.0,&
{'R3'},{'D2'},{'D3'},{'R2'},{'D7'},{'D1'},,,,,&,2.0,&
{'R3'},{'D2'},{'D3'},{'R2'},{'D7'},{'D1'},{'R1'},,,,&,1.0,&
{'R3'},{'D2'},{'D3'},{'R2'},{'D7'},{'D1'},{'R1'},{'D6'},{'D4'},{'D5'},&,1.0,&
{'R3'},{'D2'},{'D3'},{'R2'},{'D7'},{'D1'},{'D4'},{'D5'},{'D6'},,&,1.0,&
{'R3'},{'D2'},{'D3'},{'R2'},{'D7'},{'D1'},{'D6'},,,,&,1.0,&
{'R3'},{'D2'},{'D3'},{'R2'},{'D7'},{'D6'},,,,,&,1.0,&
{'R3'},{'D2'},{'D3'},{'R2'},{'R1'},,,,,,&,2.0,&
{'R3'},{'D2'},{'D3'},{'R2'},{'R1'},{'D4'},,,,,&,1.0,&
{'R3'},{'D2'},{'D3'},{'R2'},{'R1'},{'D1'},,,,,&,2.0,&
{'R3'},{'D2'},{'D3'},{'R2'},{'R1'},{'D1'},{'D7'},,,,&,1.0,&
{'R3'},{'D2'},{'D3'},{'R2'},{'R1'},{'D1'},{'D5'},{'D7'},{'D4'},,&,1.0,&
{'R3'},{'D2'},{'D3'},{'R2'},{'R1'},{'D5'},{'D7'},,,,&,1.0,&
{'R3'},{'D2'},{'D3'},{'R2'},{'R1'},{'D7'},{'D1'},{'D4'},{'D6'},{'D5'},&,1.0,&
{'R3'},{'D2'},{'D3'},{'R2'},{'R1'},{'D7'},{'D4'},,,,&,1.0,&
{'R3'},{'D2'},{'D3'},{'R2'},{'D1'},,,,,,&,2.0,&
{'R3'},{'D2'},{'D3'},{'R2'},{'D1'},{'D4'},,,,,&,1.0,&
{'R3'},{'D2'},{'D3'},{'R2'},{'D1'},{'R1'},,,,,&,2.0,&
{'R3'},{'D2'},{'D3'},{'R2'},{'D1'},{'R1'},{'D7'},,,,&,2.0,&
{'R3'},{'D2'},{'D3'},{'R2'},{'D1'},{'D7'},,,,,&,1.0,&
{'R3'},{'D2'},{'D3'},{'R2'},{'D1'},{'D7'},{'R1'},{'D5'},{'D4'},,&,1.0,&
{'R3'},{'D2'},{'D3'},{'R2'},{'D1'},{'D7'},{'R1'},{'D6'},{'D4'},{'D5'},&,1.0,&
{'R3'},{'D2'},{'D3'},{'R2'},{'D1'},{'D7'},{'R1'},{'D4'},{'D6'},{'D5'},&,1.0,&
{'R3'},{'D2'},{'D3'},{'R2'},{'D1'},{'D7'},{'D4'},,,,&,1.0,&
{'R3'},{'D2'},{'D3'},{'R2'},{'D4'},{'R1'},,,,,&,1.0,&
{'R3'},{'D2'},{'D3'},{'R2'},{'D4'},{'R1'},{'D7'},,,,&,1.0,&
{'R3'},{'D2'},{'D3'},{'R2'},{'D4'},{'D7'},{'R1'},,,,&,1.0,&
{'R3'},{'D2'},{'D3'},{'R2'},{'D6'},,,,,,&,1.0,&
{'R3'},{'D2'},{'D3'},{'D7'},,,,,,,&,2.0,&
{'R3'},{'D2'},{'D3'},{'D7'},{'R1'},,,,,,&,1.0,&
{'R3'},{'D2'},{'D3'},{'D7'},{'R1'},{'R2'},{'D1'},{'D4'},,,&,1.0,&
{'R3'},{'D2'},{'D3'},{'D7'},{'R1'},{'R2'},{'D4'},,,,&,1.0,&
{'R3'},{'D2'},{'D3'},{'D7'},{'D1'},,,,,,&,1.0,&
{'R3'},{'D2'},{'D3'},{'D7'},{'D1'},{'D4'},{'R2'},{'R1'},{'D6'},{'D5'},&,1.0,&
{'R3'},{'D2'},{'D3'},{'D7'},{'D1'},{'D4'},{'D6'},{'R2'},,,&,1.0,&
{'R3'},{'D2'},{'D3'},{'D7'},{'D1'},{'D5'},,,,,&,1.0,&
{'R3'},{'D2'},{'D3'},{'D7'},{'D1'},{'R2'},{'D4'},,,,&,1.0,&
{'R3'},{'D2'},{'D3'},{'D7'},{'D1'},{'D6'},{'D4'},,,,&,1.0,&
{'R3'},{'D2'},{'D3'},{'D7'},{'D1'},{'D6'},{'D4'},{'D5'},{'R1'},,&,1.0,&
{'R3'},{'D2'},{'D3'},{'D7'},{'R2'},{'R1'},{'D1'},{'D5'},,,&,1.0,&
{'R3'},{'D2'},{'D3'},{'D7'},{'R2'},{'R1'},{'D1'},{'D5'},{'D4'},,&,1.0,&
{'R3'},{'D2'},{'D3'},{'D7'},{'R2'},{'R1'},{'D1'},{'D4'},,,&,1.0,&
{'R3'},{'D2'},{'D3'},{'D7'},{'R2'},{'D1'},,,,,&,1.0,&
{'R3'},{'D2'},{'D3'},{'D7'},{'D4'},{'R1'},,,,,&,1.0,&
{'R3'},{'D2'},{'D3'},{'D7'},{'D4'},{'D1'},{'R2'},,,,&,1.0,&
{'R3'},{'D2'},{'D3'},{'D7'},{'D6'},,,,,,&,1.0,&
{'R3'},{'D2'},{'D3'},{'D7'},{'D6'},{'D1'},{'D4'},{'D5'},,,&,1.0,&
{'R3'},{'D2'},{'D3'},{'D7'},{'D6'},{'D1'},{'R2'},{'R1'},,,&,1.0,&
{'R3'},{'D2'},{'D3'},{'D7'},{'D5'},{'R2'},{'D1'},{'R1'},,,&,1.0,&
{'R3'},{'D2'},{'D3'},{'D7'},{'D5'},{'R2'},{'D1'},{'R1'},{'D4'},,&,1.0,&
{'R3'},{'D2'},{'D3'},{'D4'},{'D7'},,,,,,&,1.0,&
{'R3'},{'D2'},{'D3'},{'D4'},{'D7'},{'D1'},,,,,&,1.0,&
{'R3'},{'D2'},{'D3'},{'D4'},{'D7'},{'D1'},{'R2'},,,,&,2.0,&
{'R3'},{'D2'},{'D3'},{'D4'},{'D7'},{'R2'},{'D1'},,,,&,1.0,&
{'R3'},{'D2'},{'D3'},{'D4'},{'D7'},{'R2'},{'D1'},{'R1'},{'D5'},,&,1.0,&
{'R3'},{'D2'},{'D3'},{'D4'},{'D1'},{'D7'},{'D6'},{'D5'},,,&,1.0,&
{'R3'},{'D2'},{'D3'},{'D4'},{'D1'},{'R2'},{'R1'},{'D7'},,,&,1.0,&
{'R3'},{'D2'},{'D3'},{'D4'},{'R2'},{'R1'},{'D7'},,,,&,1.0,&
{'R3'},{'D2'},{'D3'},{'D4'},{'R2'},{'D7'},{'D1'},{'D5'},{'D6'},,&,1.0,&
{'R3'},{'D2'},{'D3'},{'D4'},{'R2'},{'D7'},{'D1'},{'R1'},{'D6'},{'D5'},&,1.0,&
{'R3'},{'D2'},{'D3'},{'D6'},,,,,,,&,1.0,&
{'R3'},{'D2'},{'D6'},,,,,,,,&,19.0,&
{'R3'},{'D2'},{'D6'},{'D1'},,,,,,,&,3.0,&
{'R3'},{'D2'},{'D6'},{'D1'},{'D7'},,,,,,&,1.0,&
{'R3'},{'D2'},{'D6'},{'D1'},{'D7'},{'D4'},,,,,&,2.0,&
{'R3'},{'D2'},{'D6'},{'D1'},{'D7'},{'D4'},{'R2'},{'D3'},{'R1'},,&,1.0,&
{'R3'},{'D2'},{'D6'},{'D1'},{'D7'},{'D3'},{'R2'},{'R1'},{'D4'},,&,1.0,&
{'R3'},{'D2'},{'D6'},{'D1'},{'D7'},{'R2'},{'R1'},,,,&,1.0,&
{'R3'},{'D2'},{'D6'},{'D1'},{'D7'},{'R2'},{'D5'},{'D4'},{'D3'},{'R1'},&,1.0,&
{'R3'},{'D2'},{'D6'},{'D1'},{'R2'},,,,,,&,1.0,&
{'R3'},{'D2'},{'D6'},{'D1'},{'R2'},{'R1'},{'D3'},{'D4'},,,&,1.0,&
{'R3'},{'D2'},{'D6'},{'D1'},{'R2'},{'R1'},{'D7'},,,,&,1.0,&
{'R3'},{'D2'},{'D6'},{'D1'},{'R2'},{'D3'},,,,,&,1.0,&
{'R3'},{'D2'},{'D6'},{'D1'},{'D4'},{'D7'},{'D3'},,,,&,1.0,&
{'R3'},{'D2'},{'D6'},{'R1'},,,,,,,&,1.0,&
{'R3'},{'D2'},{'D6'},{'R1'},{'D1'},{'D7'},{'D4'},{'R2'},,,&,1.0,&
{'R3'},{'D2'},{'D6'},{'R1'},{'D1'},{'D7'},{'D4'},{'R2'},{'D3'},{'D5'},&,1.0,&
{'R3'},{'D2'},{'D6'},{'R1'},{'D1'},{'R2'},,,,,&,1.0,&
{'R3'},{'D2'},{'D6'},{'R1'},{'R2'},{'D1'},{'D7'},{'D5'},{'D4'},,&,1.0,&
{'R3'},{'D2'},{'D6'},{'R1'},{'R2'},{'D7'},,,,,&,2.0,&
{'R3'},{'D2'},{'D6'},{'R1'},{'R2'},{'D7'},{'D4'},{'D1'},{'D3'},{'D5'},&,1.0,&
{'R3'},{'D2'},{'D6'},{'R1'},{'D3'},{'R2'},{'D7'},{'D1'},,,&,1.0,&
{'R3'},{'D2'},{'D6'},{'R2'},,,,,,,&,2.0,&
{'R3'},{'D2'},{'D6'},{'R2'},{'D7'},{'R1'},,,,,&,1.0,&
{'R3'},{'D2'},{'D6'},{'R2'},{'D7'},{'R1'},{'D1'},,,,&,2.0,&
{'R3'},{'D2'},{'D6'},{'R2'},{'D7'},{'D1'},,,,,&,1.0,&
{'R3'},{'D2'},{'D6'},{'R2'},{'D7'},{'D1'},{'D3'},,,,&,1.0,&
{'R3'},{'D2'},{'D6'},{'R2'},{'D7'},{'D1'},{'D3'},{'R1'},{'D4'},,&,1.0,&
{'R3'},{'D2'},{'D6'},{'R2'},{'D7'},{'D1'},{'R1'},{'D3'},{'D4'},{'D5'},&,1.0,&
{'R3'},{'D2'},{'D6'},{'R2'},{'D7'},{'D1'},{'D4'},{'D3'},,,&,1.0,&
{'R3'},{'D2'},{'D6'},{'R2'},{'R1'},,,,,,&,1.0,&
{'R3'},{'D2'},{'D6'},{'R2'},{'R1'},{'D3'},,,,,&,1.0,&
{'R3'},{'D2'},{'D6'},{'R2'},{'R1'},{'D3'},{'D7'},{'D1'},,,&,1.0,&
{'R3'},{'D2'},{'D6'},{'R2'},{'R1'},{'D3'},{'D7'},{'D1'},{'D5'},,&,1.0,&
{'R3'},{'D2'},{'D6'},{'R2'},{'R1'},{'D3'},{'D5'},{'D1'},{'D7'},{'D4'},&,1.0,&
{'R3'},{'D2'},{'D6'},{'R2'},{'R1'},{'D1'},{'D7'},{'D4'},{'D3'},,&,1.0,&
{'R3'},{'D2'},{'D6'},{'R2'},{'R1'},{'D7'},,,,,&,1.0,&
{'R3'},{'D2'},{'D6'},{'R2'},{'D1'},,,,,,&,1.0,&
{'R3'},{'D2'},{'D6'},{'R2'},{'D1'},{'D7'},,,,,&,1.0,&
{'R3'},{'D2'},{'D6'},{'R2'},{'D3'},,,,,,&,1.0,&
{'R3'},{'D2'},{'D6'},{'R2'},{'D3'},{'R1'},{'D1'},{'D7'},,,&,1.0,&
{'R3'},{'D2'},{'D6'},{'D7'},,,,,,,&,1.0,&
{'R3'},{'D2'},{'D6'},{'D7'},{'R1'},{'R2'},{'D4'},{'D1'},,,&,1.0,&
{'R3'},{'D2'},{'D6'},{'D7'},{'D1'},{'D3'},,,,,&,1.0,&
{'R3'},{'D2'},{'D6'},{'D7'},{'D1'},{'D3'},{'D4'},,,,&,1.0,&
{'R3'},{'D2'},{'D6'},{'D7'},{'D1'},{'D5'},{'R1'},{'D4'},{'R2'},,&,1.0,&
{'R3'},{'D2'},{'D6'},{'D7'},{'D1'},{'R2'},{'D4'},{'R1'},,,&,1.0,&
{'R3'},{'D2'},{'D6'},{'D7'},{'R2'},,,,,,&,1.0,&
{'R3'},{'D2'},{'D6'},{'D7'},{'R2'},{'D4'},{'D1'},{'R1'},{'D3'},,&,1.0,&
{'R3'},{'D2'},{'D6'},{'D7'},{'R2'},{'R1'},,,,,&,1.0,&
{'R3'},{'D2'},{'D6'},{'D7'},{'R2'},{'R1'},{'D3'},{'D1'},,,&,2.0,&
{'R3'},{'D2'},{'D6'},{'D7'},{'R2'},{'R1'},{'D1'},,,,&,1.0,&
{'R3'},{'D2'},{'D6'},{'D7'},{'R2'},{'R1'},{'D5'},,,,&,1.0,&
{'R3'},{'D2'},{'D6'},{'D7'},{'D4'},,,,,,&,1.0,&
{'R3'},{'D2'},{'D6'},{'D7'},{'D4'},{'D1'},{'D5'},{'R1'},{'D3'},{'R2'},&,1.0,&
{'R3'},{'D2'},{'D6'},{'D7'},{'D4'},{'D1'},{'R2'},{'R1'},,,&,1.0,&
{'R3'},{'D2'},{'D6'},{'D7'},{'D3'},{'R2'},{'D1'},{'R1'},{'D4'},{'D5'},&,1.0,&
{'R3'},{'D2'},{'D6'},{'D7'},{'D3'},{'R2'},{'D4'},{'D1'},{'R1'},{'D5'},&,1.0,&
{'R3'},{'D2'},{'D6'},{'D4'},,,,,,,&,3.0,&
{'R3'},{'D2'},{'D6'},{'D4'},{'D7'},{'D1'},{'D5'},{'D3'},,,&,1.0,&
{'R3'},{'D2'},{'D6'},{'D4'},{'R1'},{'D7'},{'R2'},{'D1'},,,&,1.0,&
{'R3'},{'D2'},{'D6'},{'D4'},{'R2'},{'D1'},{'D7'},{'R1'},,,&,1.0,&
{'R3'},{'D2'},{'D6'},{'D4'},{'R2'},{'D7'},{'D3'},{'R1'},{'D1'},,&,1.0,&
{'R3'},{'D2'},{'D6'},{'D3'},,,,,,,&,1.0,&
{'R3'},{'D2'},{'D6'},{'D3'},{'D1'},,,,,,&,1.0,&
{'R3'},{'D2'},{'D6'},{'D3'},{'D1'},{'D5'},{'R2'},{'D7'},,,&,1.0,&
{'R3'},{'D2'},{'D6'},{'D3'},{'R2'},{'D7'},,,,,&,1.0,&
{'R3'},{'D2'},{'D5'},,,,,,,,&,6.0,&
{'R3'},{'D2'},{'D5'},{'D1'},{'D7'},{'D4'},,,,,&,1.0,&
{'R3'},{'D2'},{'D5'},{'D1'},{'D7'},{'R2'},{'D3'},,,,&,1.0,&
{'R3'},{'D2'},{'D5'},{'D1'},{'R1'},{'D7'},{'D4'},,,,&,1.0,&
{'R3'},{'D2'},{'D5'},{'D1'},{'R2'},,,,,,&,1.0,&
{'R3'},{'D2'},{'D5'},{'D1'},{'R2'},{'R1'},{'D7'},{'D3'},,,&,1.0,&
{'R3'},{'D2'},{'D5'},{'D1'},{'R2'},{'R1'},{'D4'},{'D3'},{'D7'},{'D6'},&,1.0,&
{'R3'},{'D2'},{'D5'},{'D1'},{'R2'},{'D7'},,,,,&,1.0,&
{'R3'},{'D2'},{'D5'},{'D1'},{'D3'},{'D7'},{'D4'},{'D6'},{'R2'},{'R1'},&,1.0,&
{'R3'},{'D2'},{'D5'},{'R1'},{'D7'},,,,,,&,1.0,&
{'R3'},{'D2'},{'D5'},{'R2'},,,,,,,&,1.0,&
{'R3'},{'D2'},{'D5'},{'R2'},{'R1'},,,,,,&,1.0,&
{'R3'},{'D2'},{'D5'},{'R2'},{'D1'},{'D7'},,,,,&,1.0,&
{'R3'},{'D2'},{'D5'},{'R2'},{'D6'},,,,,,&,1.0,&
{'R3'},{'D2'},{'D5'},{'D7'},,,,,,,&,1.0,&
{'R3'},{'D2'},{'D5'},{'D7'},{'D1'},{'D4'},{'R1'},{'D6'},{'D3'},,&,1.0,&
{'R3'},{'D2'},{'D5'},{'D7'},{'R2'},{'R1'},{'D4'},{'D1'},,,&,1.0,&
{'R3'},{'D2'},{'D5'},{'D4'},{'D7'},{'D1'},{'R2'},{'D3'},{'D6'},{'R1'},&,1.0,&
{'R3'},{'D2'},{'D5'},{'D4'},{'R1'},{'D1'},{'R2'},{'D7'},{'D6'},{'D3'},&,1.0,&
{'R3'},{'D2'},{'D5'},{'D4'},{'D1'},{'D3'},{'R2'},{'D7'},{'D6'},{'R1'},&,1.0,&
{'R3'},{'D2'},{'D5'},{'D4'},{'R2'},,,,,,&,1.0,&
{'R3'},{'D2'},{'D5'},{'D4'},{'D3'},{'R2'},{'R1'},{'D7'},{'D1'},{'D6'},&,1.0,&
{'R3'},{'D2'},{'D5'},{'D3'},{'R2'},{'D7'},,,,,&,1.0,&
{'R3'},{'D2'},{'D5'},{'D6'},{'R1'},{'R2'},{'D4'},{'D7'},,,&,1.0,&
{'R3'},{'D1'},{'R2'},,,,,,,,&,130.0,&
{'R3'},{'D1'},{'R2'},{'D2'},,,,,,,&,26.0,&
{'R3'},{'D1'},{'R2'},{'D2'},{'D7'},,,,,,&,6.0,&
{'R3'},{'D1'},{'R2'},{'D2'},{'D7'},{'D4'},,,,,&,2.0,&
{'R3'},{'D1'},{'R2'},{'D2'},{'D7'},{'D4'},{'D3'},,,,&,2.0,&
{'R3'},{'D1'},{'R2'},{'D2'},{'D7'},{'D4'},{'R1'},,,,&,1.0,&
{'R3'},{'D1'},{'R2'},{'D2'},{'D7'},{'D4'},{'R1'},{'D6'},{'D3'},{'D5'},&,2.0,&
{'R3'},{'D1'},{'R2'},{'D2'},{'D7'},{'D4'},{'R1'},{'D3'},,,&,1.0,&
{'R3'},{'D1'},{'R2'},{'D2'},{'D7'},{'D4'},{'D6'},,,,&,2.0,&
{'R3'},{'D1'},{'R2'},{'D2'},{'D7'},{'D4'},{'D6'},{'D5'},{'D3'},,&,1.0,&
{'R3'},{'D1'},{'R2'},{'D2'},{'D7'},{'D4'},{'D6'},{'D3'},,,&,1.0,&
{'R3'},{'D1'},{'R2'},{'D2'},{'D7'},{'D4'},{'D6'},{'R1'},{'D3'},{'D5'},&,1.0,&
{'R3'},{'D1'},{'R2'},{'D2'},{'D7'},{'R1'},,,,,&,3.0,&
{'R3'},{'D1'},{'R2'},{'D2'},{'D7'},{'R1'},{'D3'},,,,&,2.0,&
{'R3'},{'D1'},{'R2'},{'D2'},{'D7'},{'R1'},{'D3'},{'D4'},,,&,1.0,&
{'R3'},{'D1'},{'R2'},{'D2'},{'D7'},{'R1'},{'D3'},{'D4'},{'D6'},{'D5'},&,1.0,&
{'R3'},{'D1'},{'R2'},{'D2'},{'D7'},{'R1'},{'D4'},,,,&,1.0,&
{'R3'},{'D1'},{'R2'},{'D2'},{'D7'},{'R1'},{'D6'},{'D4'},{'D3'},{'D5'},&,1.0,&
{'R3'},{'D1'},{'R2'},{'D2'},{'D7'},{'D3'},,,,,&,2.0,&
{'R3'},{'D1'},{'R2'},{'D2'},{'D7'},{'D3'},{'R1'},,,,&,1.0,&
{'R3'},{'D1'},{'R2'},{'D2'},{'D7'},{'D3'},{'R1'},{'D6'},{'D4'},,&,1.0,&
{'R3'},{'D1'},{'R2'},{'D2'},{'D7'},{'D3'},{'R1'},{'D4'},,,&,2.0,&
{'R3'},{'D1'},{'R2'},{'D2'},{'D7'},{'D3'},{'R1'},{'D4'},{'D6'},,&,1.0,&
{'R3'},{'D1'},{'R2'},{'D2'},{'D7'},{'D3'},{'D4'},{'D6'},{'R1'},{'D5'},&,2.0,&
{'R3'},{'D1'},{'R2'},{'D2'},{'D7'},{'D3'},{'D6'},{'D4'},{'D5'},,&,1.0,&
{'R3'},{'D1'},{'R2'},{'D2'},{'D7'},{'D5'},,,,,&,1.0,&
{'R3'},{'D1'},{'R2'},{'D2'},{'D7'},{'D5'},{'D3'},{'R1'},{'D4'},,&,1.0,&
{'R3'},{'D1'},{'R2'},{'D2'},{'D7'},{'D6'},,,,,&,2.0,&
{'R3'},{'D1'},{'R2'},{'D2'},{'D7'},{'D6'},{'R1'},{'D4'},,,&,1.0,&
{'R3'},{'D1'},{'R2'},{'D2'},{'R1'},,,,,,&,12.0,&
{'R3'},{'D1'},{'R2'},{'D2'},{'R1'},{'D4'},,,,,&,1.0,&
{'R3'},{'D1'},{'R2'},{'D2'},{'R1'},{'D4'},{'D3'},,,,&,1.0,&
{'R3'},{'D1'},{'R2'},{'D2'},{'R1'},{'D4'},{'D7'},{'D5'},,,&,1.0,&
{'R3'},{'D1'},{'R2'},{'D2'},{'R1'},{'D4'},{'D7'},{'D6'},,,&,3.0,&
{'R3'},{'D1'},{'R2'},{'D2'},{'R1'},{'D4'},{'D7'},{'D3'},{'D6'},{'D5'},&,1.0,&
{'R3'},{'D1'},{'R2'},{'D2'},{'R1'},{'D4'},{'D6'},,,,&,1.0,&
{'R3'},{'D1'},{'R2'},{'D2'},{'R1'},{'D4'},{'D6'},{'D7'},{'D3'},{'D5'},&,1.0,&
{'R3'},{'D1'},{'R2'},{'D2'},{'R1'},{'D3'},,,,,&,1.0,&
{'R3'},{'D1'},{'R2'},{'D2'},{'R1'},{'D3'},{'D7'},,,,&,1.0,&
{'R3'},{'D1'},{'R2'},{'D2'},{'R1'},{'D3'},{'D7'},{'D6'},{'D4'},,&,1.0,&
{'R3'},{'D1'},{'R2'},{'D2'},{'R1'},{'D3'},{'D7'},{'D4'},,,&,1.0,&
{'R3'},{'D1'},{'R2'},{'D2'},{'R1'},{'D3'},{'D4'},{'D7'},{'D6'},,&,1.0,&
{'R3'},{'D1'},{'R2'},{'D2'},{'R1'},{'D3'},{'D6'},{'D7'},,,&,1.0,&
{'R3'},{'D1'},{'R2'},{'D2'},{'R1'},{'D5'},{'D7'},,,,&,1.0,&
{'R3'},{'D1'},{'R2'},{'D2'},{'R1'},{'D7'},,,,,&,10.0,&
{'R3'},{'D1'},{'R2'},{'D2'},{'R1'},{'D7'},{'D3'},{'D6'},{'D4'},{'D5'},&,1.0,&
{'R3'},{'D1'},{'R2'},{'D2'},{'R1'},{'D7'},{'D3'},{'D4'},,,&,2.0,&
{'R3'},{'D1'},{'R2'},{'D2'},{'R1'},{'D7'},{'D3'},{'D4'},{'D6'},{'D5'},&,2.0,&
{'R3'},{'D1'},{'R2'},{'D2'},{'R1'},{'D7'},{'D4'},,,,&,3.0,&
{'R3'},{'D1'},{'R2'},{'D2'},{'R1'},{'D7'},{'D4'},{'D5'},,,&,1.0,&
{'R3'},{'D1'},{'R2'},{'D2'},{'R1'},{'D7'},{'D4'},{'D5'},{'D3'},{'D6'},&,1.0,&
{'R3'},{'D1'},{'R2'},{'D2'},{'R1'},{'D7'},{'D4'},{'D6'},,,&,3.0,&
{'R3'},{'D1'},{'R2'},{'D2'},{'R1'},{'D7'},{'D4'},{'D6'},{'D5'},{'D3'},&,1.0,&
{'R3'},{'D1'},{'R2'},{'D2'},{'R1'},{'D7'},{'D4'},{'D6'},{'D3'},,&,1.0,&
{'R3'},{'D1'},{'R2'},{'D2'},{'R1'},{'D7'},{'D4'},{'D3'},{'D5'},{'D6'},&,1.0,&
{'R3'},{'D1'},{'R2'},{'D2'},{'R1'},{'D7'},{'D6'},,,,&,1.0,&
{'R3'},{'D1'},{'R2'},{'D2'},{'R1'},{'D7'},{'D6'},{'D3'},{'D4'},,&,1.0,&
{'R3'},{'D1'},{'R2'},{'D2'},{'R1'},{'D7'},{'D6'},{'D4'},,,&,1.0,&
{'R3'},{'D1'},{'R2'},{'D2'},{'R1'},{'D7'},{'D6'},{'D4'},{'D3'},{'D5'},&,1.0,&
{'R3'},{'D1'},{'R2'},{'D2'},{'R1'},{'D6'},{'D7'},{'D4'},,,&,1.0,&
{'R3'},{'D1'},{'R2'},{'D2'},{'D4'},,,,,,&,4.0,&
{'R3'},{'D1'},{'R2'},{'D2'},{'D4'},{'R1'},,,,,&,2.0,&
{'R3'},{'D1'},{'R2'},{'D2'},{'D4'},{'R1'},{'D7'},,,,&,1.0,&
{'R3'},{'D1'},{'R2'},{'D2'},{'D4'},{'R1'},{'D7'},{'D3'},{'D6'},,&,1.0,&
{'R3'},{'D1'},{'R2'},{'D2'},{'D4'},{'R1'},{'D7'},{'D3'},{'D5'},{'D6'},&,1.0,&
{'R3'},{'D1'},{'R2'},{'D2'},{'D4'},{'R1'},{'D6'},,,,&,1.0,&
{'R3'},{'D1'},{'R2'},{'D2'},{'D4'},{'D7'},,,,,&,2.0,&
{'R3'},{'D1'},{'R2'},{'D2'},{'D4'},{'D7'},{'D3'},{'R1'},{'D6'},,&,1.0,&
{'R3'},{'D1'},{'R2'},{'D2'},{'D4'},{'D7'},{'R1'},,,,&,1.0,&
{'R3'},{'D1'},{'R2'},{'D2'},{'D4'},{'D7'},{'R1'},{'D3'},,,&,1.0,&
{'R3'},{'D1'},{'R2'},{'D2'},{'D4'},{'D7'},{'D6'},,,,&,3.0,&
{'R3'},{'D1'},{'R2'},{'D2'},{'D4'},{'D7'},{'D6'},{'D3'},{'D5'},{'R1'},&,1.0,&
{'R3'},{'D1'},{'R2'},{'D2'},{'D6'},{'D4'},{'D3'},,,,&,1.0,&
{'R3'},{'D1'},{'R2'},{'D2'},{'D6'},{'R1'},,,,,&,1.0,&
{'R3'},{'D1'},{'R2'},{'D2'},{'D6'},{'D3'},{'D7'},{'R1'},,,&,1.0,&
{'R3'},{'D1'},{'R2'},{'D2'},{'D3'},,,,,,&,2.0,&
{'R3'},{'D1'},{'R2'},{'D2'},{'D3'},{'D4'},{'D7'},,,,&,1.0,&
{'R3'},{'D1'},{'R2'},{'D2'},{'D3'},{'R1'},{'D7'},{'D6'},,,&,1.0,&
{'R3'},{'D1'},{'R2'},{'D2'},{'D3'},{'R1'},{'D7'},{'D4'},,,&,1.0,&
{'R3'},{'D1'},{'R2'},{'D2'},{'D3'},{'R1'},{'D6'},,,,&,1.0,&
{'R3'},{'D1'},{'R2'},{'D2'},{'D3'},{'D7'},{'R1'},,,,&,1.0,&
{'R3'},{'D1'},{'R2'},{'D2'},{'D3'},{'D7'},{'D4'},{'R1'},{'D6'},{'D5'},&,1.0,&
{'R3'},{'D1'},{'R2'},{'D2'},{'D5'},{'R1'},{'D7'},{'D6'},,,&,1.0,&
{'R3'},{'D1'},{'R2'},{'R1'},,,,,,,&,51.0,&
{'R3'},{'D1'},{'R2'},{'R1'},{'D7'},,,,,,&,14.0,&
{'R3'},{'D1'},{'R2'},{'R1'},{'D7'},{'D4'},,,,,&,2.0,&
{'R3'},{'D1'},{'R2'},{'R1'},{'D7'},{'D4'},{'D2'},{'D6'},,,&,1.0,&
{'R3'},{'D1'},{'R2'},{'R1'},{'D7'},{'D4'},{'D2'},{'D6'},{'D3'},{'D5'},&,1.0,&
{'R3'},{'D1'},{'R2'},{'R1'},{'D7'},{'D4'},{'D2'},{'D3'},,,&,1.0,&
{'R3'},{'D1'},{'R2'},{'R1'},{'D7'},{'D4'},{'D2'},{'D3'},{'D6'},{'D5'},&,2.0,&
{'R3'},{'D1'},{'R2'},{'R1'},{'D7'},{'D4'},{'D2'},{'D3'},{'D5'},{'D6'},&,1.0,&
{'R3'},{'D1'},{'R2'},{'R1'},{'D7'},{'D3'},,,,,&,1.0,&
{'R3'},{'D1'},{'R2'},{'R1'},{'D7'},{'D3'},{'D2'},,,,&,1.0,&
{'R3'},{'D1'},{'R2'},{'R1'},{'D7'},{'D2'},,,,,&,9.0,&
{'R3'},{'D1'},{'R2'},{'R1'},{'D7'},{'D2'},{'D3'},,,,&,1.0,&
{'R3'},{'D1'},{'R2'},{'R1'},{'D7'},{'D2'},{'D3'},{'D4'},{'D6'},{'D5'},&,1.0,&
{'R3'},{'D1'},{'R2'},{'R1'},{'D7'},{'D2'},{'D5'},,,,&,1.0,&
{'R3'},{'D1'},{'R2'},{'R1'},{'D7'},{'D2'},{'D5'},{'D3'},{'D4'},{'D6'},&,1.0,&
{'R3'},{'D1'},{'R2'},{'R1'},{'D7'},{'D2'},{'D4'},,,,&,4.0,&
{'R3'},{'D1'},{'R2'},{'R1'},{'D7'},{'D2'},{'D4'},{'D5'},{'D3'},,&,1.0,&
{'R3'},{'D1'},{'R2'},{'R1'},{'D7'},{'D2'},{'D4'},{'D6'},{'D3'},{'D5'},&,1.0,&
{'R3'},{'D1'},{'R2'},{'R1'},{'D7'},{'D2'},{'D4'},{'D3'},,,&,1.0,&
{'R3'},{'D1'},{'R2'},{'R1'},{'D7'},{'D2'},{'D4'},{'D3'},{'D6'},,&,1.0,&
{'R3'},{'D1'},{'R2'},{'R1'},{'D7'},{'D2'},{'D4'},{'D3'},{'D6'},{'D5'},&,2.0,&
{'R3'},{'D1'},{'R2'},{'R1'},{'D7'},{'D2'},{'D6'},,,,&,1.0,&
{'R3'},{'D1'},{'R2'},{'R1'},{'D7'},{'D2'},{'D6'},{'D5'},{'D4'},,&,1.0,&
{'R3'},{'D1'},{'R2'},{'R1'},{'D7'},{'D2'},{'D6'},{'D4'},{'D5'},,&,1.0,&
{'R3'},{'D1'},{'R2'},{'R1'},{'D7'},{'D6'},,,,,&,1.0,&
{'R3'},{'D1'},{'R2'},{'R1'},{'D7'},{'D6'},{'D2'},,,,&,1.0,&
{'R3'},{'D1'},{'R2'},{'R1'},{'D7'},{'D6'},{'D4'},{'D2'},,,&,1.0,&
{'R3'},{'D1'},{'R2'},{'R1'},{'D4'},,,,,,&,5.0,&
{'R3'},{'D1'},{'R2'},{'R1'},{'D4'},{'D3'},{'D2'},{'D7'},{'D6'},{'D5'},&,1.0,&
{'R3'},{'D1'},{'R2'},{'R1'},{'D4'},{'D2'},{'D7'},{'D5'},{'D3'},{'D6'},&,1.0,&
{'R3'},{'D1'},{'R2'},{'R1'},{'D4'},{'D2'},{'D7'},{'D3'},{'D6'},,&,2.0,&
{'R3'},{'D1'},{'R2'},{'R1'},{'D4'},{'D2'},{'D7'},{'D3'},{'D5'},{'D6'},&,1.0,&
{'R3'},{'D1'},{'R2'},{'R1'},{'D4'},{'D2'},{'D5'},{'D7'},{'D6'},,&,1.0,&
{'R3'},{'D1'},{'R2'},{'R1'},{'D4'},{'D7'},,,,,&,1.0,&
{'R3'},{'D1'},{'R2'},{'R1'},{'D4'},{'D7'},{'D2'},{'D6'},,,&,1.0,&
{'R3'},{'D1'},{'R2'},{'R1'},{'D4'},{'D7'},{'D2'},{'D6'},{'D3'},,&,1.0,&
{'R3'},{'D1'},{'R2'},{'R1'},{'D4'},{'D7'},{'D2'},{'D6'},{'D3'},{'D5'},&,1.0,&
{'R3'},{'D1'},{'R2'},{'R1'},{'D2'},,,,,,&,13.0,&
{'R3'},{'D1'},{'R2'},{'R1'},{'D2'},{'D4'},{'D7'},,,,&,1.0,&
{'R3'},{'D1'},{'R2'},{'R1'},{'D2'},{'D4'},{'D7'},{'D6'},,,&,1.0,&
{'R3'},{'D1'},{'R2'},{'R1'},{'D2'},{'D4'},{'D7'},{'D3'},,,&,4.0,&
{'R3'},{'D1'},{'R2'},{'R1'},{'D2'},{'D4'},{'D7'},{'D3'},{'D6'},{'D5'},&,1.0,&
{'R3'},{'D1'},{'R2'},{'R1'},{'D2'},{'D3'},,,,,&,2.0,&
{'R3'},{'D1'},{'R2'},{'R1'},{'D2'},{'D3'},{'D7'},,,,&,2.0,&
{'R3'},{'D1'},{'R2'},{'R1'},{'D2'},{'D3'},{'D7'},{'D4'},,,&,1.0,&
{'R3'},{'D1'},{'R2'},{'R1'},{'D2'},{'D3'},{'D7'},{'D4'},{'D6'},{'D5'},&,1.0,&
{'R3'},{'D1'},{'R2'},{'R1'},{'D2'},{'D5'},,,,,&,1.0,&
{'R3'},{'D1'},{'R2'},{'R1'},{'D2'},{'D5'},{'D7'},{'D4'},,,&,1.0,&
{'R3'},{'D1'},{'R2'},{'R1'},{'D2'},{'D5'},{'D6'},{'D3'},,,&,1.0,&
{'R3'},{'D1'},{'R2'},{'R1'},{'D2'},{'D7'},,,,,&,10.0,&
{'R3'},{'D1'},{'R2'},{'R1'},{'D2'},{'D7'},{'D3'},{'D6'},,,&,2.0,&
{'R3'},{'D1'},{'R2'},{'R1'},{'D2'},{'D7'},{'D3'},{'D6'},{'D4'},,&,1.0,&
{'R3'},{'D1'},{'R2'},{'R1'},{'D2'},{'D7'},{'D3'},{'D6'},{'D4'},{'D5'},&,1.0,&
{'R3'},{'D1'},{'R2'},{'R1'},{'D2'},{'D7'},{'D3'},{'D4'},{'D6'},,&,1.0,&
{'R3'},{'D1'},{'R2'},{'R1'},{'D2'},{'D7'},{'D3'},{'D4'},{'D6'},{'D5'},&,1.0,&
{'R3'},{'D1'},{'R2'},{'R1'},{'D2'},{'D7'},{'D5'},,,,&,2.0,&
{'R3'},{'D1'},{'R2'},{'R1'},{'D2'},{'D7'},{'D4'},{'D6'},{'D3'},{'D5'},&,1.0,&
{'R3'},{'D1'},{'R2'},{'R1'},{'D2'},{'D7'},{'D4'},{'D3'},,,&,2.0,&
{'R3'},{'D1'},{'R2'},{'R1'},{'D2'},{'D7'},{'D4'},{'D3'},{'D6'},{'D5'},&,1.0,&
{'R3'},{'D1'},{'R2'},{'R1'},{'D2'},{'D7'},{'D6'},,,,&,1.0,&
{'R3'},{'D1'},{'R2'},{'R1'},{'D2'},{'D7'},{'D6'},{'D5'},,,&,1.0,&
{'R3'},{'D1'},{'R2'},{'R1'},{'D2'},{'D7'},{'D6'},{'D3'},{'D4'},{'D5'},&,3.0,&
{'R3'},{'D1'},{'R2'},{'R1'},{'D2'},{'D7'},{'D6'},{'D4'},,,&,1.0,&
{'R3'},{'D1'},{'R2'},{'R1'},{'D2'},{'D6'},,,,,&,1.0,&
{'R3'},{'D1'},{'R2'},{'R1'},{'D2'},{'D6'},{'D3'},{'D7'},,,&,1.0,&
{'R3'},{'D1'},{'R2'},{'R1'},{'D2'},{'D6'},{'D7'},,,,&,1.0,&
{'R3'},{'D1'},{'R2'},{'R1'},{'D2'},{'D6'},{'D7'},{'D3'},{'D4'},,&,1.0,&
{'R3'},{'D1'},{'R2'},{'R1'},{'D2'},{'D6'},{'D7'},{'D4'},{'D5'},{'D3'},&,1.0,&
{'R3'},{'D1'},{'R2'},{'R1'},{'D2'},{'D6'},{'D7'},{'D4'},{'D3'},{'D5'},&,1.0,&
{'R3'},{'D1'},{'R2'},{'R1'},{'D2'},{'D6'},{'D4'},{'D3'},{'D7'},{'D5'},&,1.0,&
{'R3'},{'D1'},{'R2'},{'R1'},{'D6'},,,,,,&,2.0,&
{'R3'},{'D1'},{'R2'},{'R1'},{'D6'},{'D2'},,,,,&,2.0,&
{'R3'},{'D1'},{'R2'},{'R1'},{'D6'},{'D2'},{'D7'},,,,&,1.0,&
{'R3'},{'D1'},{'R2'},{'R1'},{'D6'},{'D2'},{'D4'},,,,&,1.0,&
{'R3'},{'D1'},{'R2'},{'R1'},{'D6'},{'D7'},{'D2'},,,,&,1.0,&
{'R3'},{'D1'},{'R2'},{'R1'},{'D6'},{'D7'},{'D2'},{'D3'},,,&,1.0,&
{'R3'},{'D1'},{'R2'},{'R1'},{'D6'},{'D7'},{'D2'},{'D3'},{'D4'},,&,1.0,&
{'R3'},{'D1'},{'R2'},{'R1'},{'D3'},,,,,,&,1.0,&
{'R3'},{'D1'},{'R2'},{'R1'},{'D3'},{'D2'},,,,,&,1.0,&
{'R3'},{'D1'},{'R2'},{'R1'},{'D3'},{'D7'},,,,,&,1.0,&
{'R3'},{'D1'},{'R2'},{'R1'},{'D3'},{'D7'},{'D2'},{'D4'},,,&,1.0,&
{'R3'},{'D1'},{'R2'},{'R1'},{'D3'},{'D7'},{'D4'},{'D2'},{'D6'},,&,1.0,&
{'R3'},{'D1'},{'R2'},{'R1'},{'D3'},{'D7'},{'D6'},{'D4'},,,&,1.0,&
{'R3'},{'D1'},{'R2'},{'R1'},{'D3'},{'D6'},{'D7'},{'D2'},,,&,1.0,&
{'R3'},{'D1'},{'R2'},{'R1'},{'D3'},{'D6'},{'D7'},{'D2'},{'D5'},{'D4'},&,1.0,&
{'R3'},{'D1'},{'R2'},{'R1'},{'D5'},{'D2'},,,,,&,1.0,&
{'R3'},{'D1'},{'R2'},{'D7'},,,,,,,&,17.0,&
{'R3'},{'D1'},{'R2'},{'D7'},{'R1'},,,,,,&,11.0,&
{'R3'},{'D1'},{'R2'},{'D7'},{'R1'},{'D4'},,,,,&,1.0,&
{'R3'},{'D1'},{'R2'},{'D7'},{'R1'},{'D3'},,,,,&,1.0,&
{'R3'},{'D1'},{'R2'},{'D7'},{'R1'},{'D3'},{'D2'},{'D4'},,,&,2.0,&
{'R3'},{'D1'},{'R2'},{'D7'},{'R1'},{'D3'},{'D2'},{'D4'},{'D6'},,&,1.0,&
{'R3'},{'D1'},{'R2'},{'D7'},{'R1'},{'D3'},{'D6'},{'D2'},,,&,1.0,&
{'R3'},{'D1'},{'R2'},{'D7'},{'R1'},{'D2'},,,,,&,6.0,&
{'R3'},{'D1'},{'R2'},{'D7'},{'R1'},{'D2'},{'D3'},{'D4'},,,&,1.0,&
{'R3'},{'D1'},{'R2'},{'D7'},{'R1'},{'D2'},{'D4'},,,,&,2.0,&
{'R3'},{'D1'},{'R2'},{'D7'},{'R1'},{'D2'},{'D4'},{'D6'},{'D3'},{'D5'},&,2.0,&
{'R3'},{'D1'},{'R2'},{'D7'},{'R1'},{'D2'},{'D4'},{'D3'},,,&,2.0,&
{'R3'},{'D1'},{'R2'},{'D7'},{'R1'},{'D2'},{'D4'},{'D3'},{'D6'},{'D5'},&,1.0,&
{'R3'},{'D1'},{'R2'},{'D7'},{'R1'},{'D2'},{'D6'},{'D3'},,,&,1.0,&
{'R3'},{'D1'},{'R2'},{'D7'},{'R1'},{'D2'},{'D6'},{'D3'},{'D4'},,&,1.0,&
{'R3'},{'D1'},{'R2'},{'D7'},{'R1'},{'D2'},{'D6'},{'D3'},{'D4'},{'D5'},&,1.0,&
{'R3'},{'D1'},{'R2'},{'D7'},{'R1'},{'D2'},{'D6'},{'D4'},{'D3'},,&,1.0,&
{'R3'},{'D1'},{'R2'},{'D7'},{'R1'},{'D5'},{'D2'},{'D6'},{'D4'},,&,1.0,&
{'R3'},{'D1'},{'R2'},{'D7'},{'R1'},{'D6'},,,,,&,1.0,&
{'R3'},{'D1'},{'R2'},{'D7'},{'R1'},{'D6'},{'D2'},{'D3'},,,&,1.0,&
{'R3'},{'D1'},{'R2'},{'D7'},{'R1'},{'D6'},{'D4'},{'D2'},{'D3'},{'D5'},&,1.0,&
{'R3'},{'D1'},{'R2'},{'D7'},{'D4'},,,,,,&,2.0,&
{'R3'},{'D1'},{'R2'},{'D7'},{'D4'},{'R1'},,,,,&,2.0,&
{'R3'},{'D1'},{'R2'},{'D7'},{'D4'},{'R1'},{'D2'},{'D6'},{'D3'},,&,1.0,&
{'R3'},{'D1'},{'R2'},{'D7'},{'D4'},{'R1'},{'D2'},{'D3'},{'D6'},{'D5'},&,1.0,&
{'R3'},{'D1'},{'R2'},{'D7'},{'D4'},{'D3'},{'R1'},{'D2'},{'D6'},{'D5'},&,1.0,&
{'R3'},{'D1'},{'R2'},{'D7'},{'D4'},{'D2'},,,,,&,2.0,&
{'R3'},{'D1'},{'R2'},{'D7'},{'D4'},{'D2'},{'D3'},{'R1'},,,&,1.0,&
{'R3'},{'D1'},{'R2'},{'D7'},{'D4'},{'D2'},{'D3'},{'R1'},{'D5'},{'D6'},&,1.0,&
{'R3'},{'D1'},{'R2'},{'D7'},{'D4'},{'D2'},{'R1'},{'D3'},{'D6'},,&,1.0,&
{'R3'},{'D1'},{'R2'},{'D7'},{'D4'},{'D2'},{'D6'},{'D3'},{'D5'},{'R1'},&,1.0,&
{'R3'},{'D1'},{'R2'},{'D7'},{'D4'},{'D2'},{'D6'},{'R1'},{'D3'},{'D5'},&,1.0,&
{'R3'},{'D1'},{'R2'},{'D7'},{'D4'},{'D6'},{'D2'},{'D5'},{'R1'},,&,1.0,&
{'R3'},{'D1'},{'R2'},{'D7'},{'D2'},,,,,,&,12.0,&
{'R3'},{'D1'},{'R2'},{'D7'},{'D2'},{'D4'},,,,,&,3.0,&
{'R3'},{'D1'},{'R2'},{'D7'},{'D2'},{'D4'},{'D3'},{'D6'},,,&,1.0,&
{'R3'},{'D1'},{'R2'},{'D7'},{'D2'},{'D4'},{'D3'},{'R1'},,,&,1.0,&
{'R3'},{'D1'},{'R2'},{'D7'},{'D2'},{'D4'},{'D3'},{'R1'},{'D6'},,&,1.0,&
{'R3'},{'D1'},{'R2'},{'D7'},{'D2'},{'D4'},{'R1'},,,,&,1.0,&
{'R3'},{'D1'},{'R2'},{'D7'},{'D2'},{'D4'},{'R1'},{'D6'},,,&,2.0,&
{'R3'},{'D1'},{'R2'},{'D7'},{'D2'},{'D4'},{'D5'},{'D3'},,,&,1.0,&
{'R3'},{'D1'},{'R2'},{'D7'},{'D2'},{'D4'},{'D6'},,,,&,2.0,&
{'R3'},{'D1'},{'R2'},{'D7'},{'D2'},{'D4'},{'D6'},{'R1'},{'D3'},,&,1.0,&
{'R3'},{'D1'},{'R2'},{'D7'},{'D2'},{'R1'},,,,,&,4.0,&
{'R3'},{'D1'},{'R2'},{'D7'},{'D2'},{'R1'},{'D3'},{'D6'},{'D4'},{'D5'},&,2.0,&
{'R3'},{'D1'},{'R2'},{'D7'},{'D2'},{'R1'},{'D3'},{'D4'},{'D6'},,&,1.0,&
{'R3'},{'D1'},{'R2'},{'D7'},{'D2'},{'R1'},{'D3'},{'D4'},{'D6'},{'D5'},&,1.0,&
{'R3'},{'D1'},{'R2'},{'D7'},{'D2'},{'R1'},{'D4'},,,,&,2.0,&
{'R3'},{'D1'},{'R2'},{'D7'},{'D2'},{'R1'},{'D4'},{'D6'},,,&,1.0,&
{'R3'},{'D1'},{'R2'},{'D7'},{'D2'},{'R1'},{'D4'},{'D6'},{'D3'},{'D5'},&,2.0,&
{'R3'},{'D1'},{'R2'},{'D7'},{'D2'},{'R1'},{'D4'},{'D3'},{'D6'},,&,1.0,&
{'R3'},{'D1'},{'R2'},{'D7'},{'D2'},{'R1'},{'D6'},,,,&,1.0,&
{'R3'},{'D1'},{'R2'},{'D7'},{'D2'},{'R1'},{'D6'},{'D4'},,,&,1.0,&
{'R3'},{'D1'},{'R2'},{'D7'},{'D2'},{'R1'},{'D6'},{'D4'},{'D3'},{'D5'},&,1.0,&
{'R3'},{'D1'},{'R2'},{'D7'},{'D2'},{'D3'},{'R1'},{'D5'},{'D4'},{'D6'},&,1.0,&
{'R3'},{'D1'},{'R2'},{'D7'},{'D2'},{'D3'},{'R1'},{'D6'},{'D4'},,&,1.0,&
{'R3'},{'D1'},{'R2'},{'D7'},{'D2'},{'D3'},{'R1'},{'D4'},{'D6'},,&,1.0,&
{'R3'},{'D1'},{'R2'},{'D7'},{'D2'},{'D3'},{'D5'},{'D4'},{'D6'},{'R1'},&,1.0,&
{'R3'},{'D1'},{'R2'},{'D7'},{'D2'},{'D3'},{'D4'},{'D5'},,,&,1.0,&
{'R3'},{'D1'},{'R2'},{'D7'},{'D2'},{'D3'},{'D4'},{'R1'},,,&,1.0,&
{'R3'},{'D1'},{'R2'},{'D7'},{'D2'},{'D3'},{'D4'},{'R1'},{'D6'},{'D5'},&,1.0,&
{'R3'},{'D1'},{'R2'},{'D7'},{'D2'},{'D3'},{'D6'},{'D4'},{'D5'},,&,1.0,&
{'R3'},{'D1'},{'R2'},{'D7'},{'D2'},{'D5'},,,,,&,1.0,&
{'R3'},{'D1'},{'R2'},{'D7'},{'D2'},{'D5'},{'D4'},{'D3'},{'D6'},,&,1.0,&
{'R3'},{'D1'},{'R2'},{'D7'},{'D2'},{'D5'},{'D4'},{'R1'},{'D3'},,&,1.0,&
{'R3'},{'D1'},{'R2'},{'D7'},{'D2'},{'D5'},{'D6'},,,,&,1.0,&
{'R3'},{'D1'},{'R2'},{'D7'},{'D2'},{'D5'},{'D6'},{'R1'},{'D4'},,&,1.0,&
{'R3'},{'D1'},{'R2'},{'D7'},{'D2'},{'D6'},,,,,&,1.0,&
{'R3'},{'D1'},{'R2'},{'D7'},{'D2'},{'D6'},{'R1'},{'D4'},{'D3'},,&,1.0,&
{'R3'},{'D1'},{'R2'},{'D7'},{'D2'},{'D6'},{'D4'},,,,&,1.0,&
{'R3'},{'D1'},{'R2'},{'D7'},{'D2'},{'D6'},{'D4'},{'D3'},{'D5'},{'R1'},&,1.0,&
{'R3'},{'D1'},{'R2'},{'D7'},{'D2'},{'D6'},{'D4'},{'R1'},,,&,1.0,&
{'R3'},{'D1'},{'R2'},{'D7'},{'D2'},{'D6'},{'D4'},{'R1'},{'D5'},{'D3'},&,1.0,&
{'R3'},{'D1'},{'R2'},{'D7'},{'D6'},{'D4'},{'D2'},{'D3'},{'R1'},{'D5'},&,1.0,&
{'R3'},{'D1'},{'R2'},{'D7'},{'D6'},{'D2'},,,,,&,1.0,&
{'R3'},{'D1'},{'R2'},{'D7'},{'D6'},{'D2'},{'R1'},{'D3'},,,&,1.0,&
{'R3'},{'D1'},{'R2'},{'D7'},{'D6'},{'D2'},{'R1'},{'D3'},{'D4'},{'D5'},&,1.0,&
{'R3'},{'D1'},{'R2'},{'D7'},{'D6'},{'D2'},{'D4'},,,,&,1.0,&
{'R3'},{'D1'},{'R2'},{'D7'},{'D3'},,,,,,&,2.0,&
{'R3'},{'D1'},{'R2'},{'D7'},{'D3'},{'D4'},,,,,&,1.0,&
{'R3'},{'D1'},{'R2'},{'D7'},{'D3'},{'R1'},{'D2'},{'D6'},,,&,1.0,&
{'R3'},{'D1'},{'R2'},{'D7'},{'D3'},{'D2'},,,,,&,1.0,&
{'R3'},{'D1'},{'R2'},{'D7'},{'D3'},{'D2'},{'R1'},,,,&,1.0,&
{'R3'},{'D1'},{'R2'},{'D7'},{'D3'},{'D2'},{'D4'},{'R1'},,,&,1.0,&
{'R3'},{'D1'},{'R2'},{'D7'},{'D5'},,,,,,&,1.0,&
{'R3'},{'D1'},{'R2'},{'D7'},{'D5'},{'D2'},{'D3'},{'D4'},{'R1'},{'D6'},&,1.0,&
{'R3'},{'D1'},{'R2'},{'D7'},{'D5'},{'D2'},{'D4'},{'D6'},,,&,1.0,&
{'R3'},{'D1'},{'R2'},{'D4'},,,,,,,&,5.0,&
{'R3'},{'D1'},{'R2'},{'D4'},{'D7'},,,,,,&,3.0,&
{'R3'},{'D1'},{'R2'},{'D4'},{'D7'},{'D2'},{'D3'},{'R1'},{'D6'},,&,2.0,&
{'R3'},{'D1'},{'R2'},{'D4'},{'D7'},{'D2'},{'D6'},{'D3'},{'D5'},{'R1'},&,1.0,&
{'R3'},{'D1'},{'R2'},{'D4'},{'D7'},{'D6'},{'D2'},{'D5'},{'R1'},,&,1.0,&
{'R3'},{'D1'},{'R2'},{'D4'},{'D7'},{'D6'},{'R1'},{'D2'},,,&,2.0,&
{'R3'},{'D1'},{'R2'},{'D4'},{'R1'},,,,,,&,2.0,&
{'R3'},{'D1'},{'R2'},{'D4'},{'R1'},{'D3'},{'D7'},,,,&,1.0,&
{'R3'},{'D1'},{'R2'},{'D4'},{'R1'},{'D2'},,,,,&,2.0,&
{'R3'},{'D1'},{'R2'},{'D4'},{'R1'},{'D2'},{'D7'},{'D3'},,,&,1.0,&
{'R3'},{'D1'},{'R2'},{'D4'},{'R1'},{'D2'},{'D7'},{'D3'},{'D6'},{'D5'},&,1.0,&
{'R3'},{'D1'},{'R2'},{'D4'},{'R1'},{'D2'},{'D7'},{'D3'},{'D5'},{'D6'},&,1.0,&
{'R3'},{'D1'},{'R2'},{'D4'},{'R1'},{'D7'},,,,,&,1.0,&
{'R3'},{'D1'},{'R2'},{'D4'},{'R1'},{'D7'},{'D3'},,,,&,1.0,&
{'R3'},{'D1'},{'R2'},{'D4'},{'R1'},{'D7'},{'D2'},,,,&,1.0,&
{'R3'},{'D1'},{'R2'},{'D4'},{'R1'},{'D7'},{'D5'},{'D2'},{'D6'},,&,1.0,&
{'R3'},{'D1'},{'R2'},{'D4'},{'R1'},{'D6'},{'D7'},{'D2'},{'D3'},,&,1.0,&
{'R3'},{'D1'},{'R2'},{'D4'},{'R1'},{'D6'},{'D2'},,,,&,1.0,&
{'R3'},{'D1'},{'R2'},{'D4'},{'D2'},,,,,,&,3.0,&
{'R3'},{'D1'},{'R2'},{'D4'},{'D2'},{'R1'},,,,,&,3.0,&
{'R3'},{'D1'},{'R2'},{'D4'},{'D2'},{'R1'},{'D7'},,,,&,1.0,&
{'R3'},{'D1'},{'R2'},{'D4'},{'D2'},{'R1'},{'D7'},{'D5'},,,&,1.0,&
{'R3'},{'D1'},{'R2'},{'D4'},{'D2'},{'D3'},{'R1'},,,,&,1.0,&
{'R3'},{'D1'},{'R2'},{'D4'},{'D2'},{'D7'},,,,,&,1.0,&
{'R3'},{'D1'},{'R2'},{'D4'},{'D2'},{'D7'},{'R1'},,,,&,1.0,&
{'R3'},{'D1'},{'R2'},{'D4'},{'D2'},{'D7'},{'R1'},{'D5'},{'D3'},{'D6'},&,1.0,&
{'R3'},{'D1'},{'R2'},{'D4'},{'D2'},{'D6'},,,,,&,1.0,&
{'R3'},{'D1'},{'R2'},{'D3'},,,,,,,&,4.0,&
{'R3'},{'D1'},{'R2'},{'D3'},{'D7'},,,,,,&,2.0,&
{'R3'},{'D1'},{'R2'},{'D3'},{'D7'},{'R1'},,,,,&,1.0,&
{'R3'},{'D1'},{'R2'},{'D3'},{'D7'},{'D2'},{'D4'},{'D6'},{'R1'},{'D5'},&,1.0,&
{'R3'},{'D1'},{'R2'},{'D3'},{'D7'},{'D2'},{'D4'},{'R1'},,,&,1.0,&
{'R3'},{'D1'},{'R2'},{'D3'},{'D7'},{'D2'},{'D4'},{'R1'},{'D6'},,&,1.0,&
{'R3'},{'D1'},{'R2'},{'D3'},{'D7'},{'D6'},{'R1'},{'D2'},{'D4'},{'D5'},&,1.0,&
{'R3'},{'D1'},{'R2'},{'D3'},{'R1'},{'D4'},{'D2'},{'D7'},{'D6'},{'D5'},&,1.0,&
{'R3'},{'D1'},{'R2'},{'D3'},{'R1'},{'D7'},,,,,&,2.0,&
{'R3'},{'D1'},{'R2'},{'D3'},{'D4'},{'R1'},{'D7'},,,,&,1.0,&
{'R3'},{'D1'},{'R2'},{'D3'},{'D2'},{'D7'},{'R1'},{'D4'},,,&,1.0,&
{'R3'},{'D1'},{'R2'},{'D3'},{'D2'},{'D7'},{'D4'},,,,&,1.0,&
{'R3'},{'D1'},{'R2'},{'D3'},{'D2'},{'D7'},{'D4'},{'R1'},,,&,1.0,&
{'R3'},{'D1'},{'R2'},{'D6'},,,,,,,&,6.0,&
{'R3'},{'D1'},{'R2'},{'D6'},{'D7'},{'D4'},{'D2'},{'D3'},{'R1'},{'D5'},&,1.0,&
{'R3'},{'D1'},{'R2'},{'D6'},{'D7'},{'R1'},,,,,&,1.0,&
{'R3'},{'D1'},{'R2'},{'D6'},{'D7'},{'R1'},{'D2'},{'D4'},,,&,1.0,&
{'R3'},{'D1'},{'R2'},{'D6'},{'D7'},{'D2'},{'D4'},{'D3'},,,&,1.0,&
{'R3'},{'D1'},{'R2'},{'D6'},{'R1'},,,,,,&,1.0,&
{'R3'},{'D1'},{'R2'},{'D6'},{'R1'},{'D7'},{'D2'},{'D3'},{'D5'},{'D4'},&,1.0,&
{'R3'},{'D1'},{'R2'},{'D6'},{'R1'},{'D7'},{'D4'},{'D2'},{'D3'},{'D5'},&,1.0,&
{'R3'},{'D1'},{'R2'},{'D6'},{'D2'},,,,,,&,2.0,&
{'R3'},{'D1'},{'R2'},{'D6'},{'D2'},{'R1'},,,,,&,1.0,&
{'R3'},{'D1'},{'R2'},{'D6'},{'D2'},{'D3'},{'D4'},{'R1'},{'D7'},{'D5'},&,1.0,&
{'R3'},{'D1'},{'R2'},{'D6'},{'D2'},{'D7'},{'R1'},{'D3'},{'D4'},{'D5'},&,1.0,&
{'R3'},{'D1'},{'R2'},{'D6'},{'D2'},{'D7'},{'D4'},{'D5'},{'R1'},{'D3'},&,1.0,&
{'R3'},{'D1'},{'R2'},{'D6'},{'D3'},,,,,,&,1.0,&
{'R3'},{'D1'},{'R2'},{'D6'},{'D3'},{'R1'},,,,,&,1.0,&
{'R3'},{'D1'},{'R2'},{'D5'},,,,,,,&,1.0,&
{'R3'},{'D1'},{'R2'},{'D5'},{'D7'},{'R1'},{'D2'},{'D4'},{'D6'},,&,1.0,&
{'R3'},{'D1'},{'R2'},{'D5'},{'D7'},{'R1'},{'D2'},{'D4'},{'D3'},{'D6'},&,1.0,&
{'R3'},{'D1'},{'R2'},{'D5'},{'R1'},,,,,,&,1.0,&
{'R3'},{'D1'},{'R2'},{'D5'},{'R1'},{'D2'},{'D7'},{'D4'},{'D3'},,&,1.0,&
{'R3'},{'D1'},{'R2'},{'D5'},{'D2'},{'D3'},{'R1'},{'D4'},{'D6'},{'D7'},&,1.0,&
{'R3'},{'D1'},{'R2'},{'D5'},{'D2'},{'D7'},{'D4'},{'R1'},{'D6'},{'D3'},&,1.0,&
{'R3'},{'D1'},{'D4'},,,,,,,,&,29.0,&
{'R3'},{'D1'},{'D4'},{'D2'},,,,,,,&,8.0,&
{'R3'},{'D1'},{'D4'},{'D2'},{'D7'},,,,,,&,2.0,&
{'R3'},{'D1'},{'D4'},{'D2'},{'D7'},{'D3'},,,,,&,2.0,&
{'R3'},{'D1'},{'D4'},{'D2'},{'D7'},{'D3'},{'R2'},,,,&,1.0,&
{'R3'},{'D1'},{'D4'},{'D2'},{'D7'},{'D3'},{'R2'},{'D6'},,,&,1.0,&
{'R3'},{'D1'},{'D4'},{'D2'},{'D7'},{'D3'},{'D6'},{'D5'},,,&,1.0,&
{'R3'},{'D1'},{'D4'},{'D2'},{'D7'},{'R2'},{'D6'},{'D3'},{'D5'},{'R1'},&,1.0,&
{'R3'},{'D1'},{'D4'},{'D2'},{'D7'},{'D6'},,,,,&,3.0,&
{'R3'},{'D1'},{'D4'},{'D2'},{'D7'},{'D6'},{'D3'},{'D5'},,,&,1.0,&
{'R3'},{'D1'},{'D4'},{'D2'},{'D7'},{'D6'},{'D3'},{'D5'},{'R2'},,&,1.0,&
{'R3'},{'D1'},{'D4'},{'D2'},{'D7'},{'D6'},{'D3'},{'D5'},{'R2'},{'R1'},&,1.0,&
{'R3'},{'D1'},{'D4'},{'D2'},{'D7'},{'D6'},{'D5'},,,,&,1.0,&
{'R3'},{'D1'},{'D4'},{'D2'},{'R1'},,,,,,&,2.0,&
{'R3'},{'D1'},{'D4'},{'D2'},{'R1'},{'D7'},{'D6'},,,,&,1.0,&
{'R3'},{'D1'},{'D4'},{'D2'},{'R1'},{'R2'},,,,,&,1.0,&
{'R3'},{'D1'},{'D4'},{'D2'},{'R2'},,,,,,&,1.0,&
{'R3'},{'D1'},{'D4'},{'D2'},{'R2'},{'R1'},{'D7'},,,,&,1.0,&
{'R3'},{'D1'},{'D4'},{'D2'},{'R2'},{'R1'},{'D7'},{'D6'},{'D3'},,&,1.0,&
{'R3'},{'D1'},{'D4'},{'D2'},{'R2'},{'R1'},{'D7'},{'D6'},{'D3'},{'D5'},&,1.0,&
{'R3'},{'D1'},{'D4'},{'D2'},{'R2'},{'R1'},{'D7'},{'D3'},{'D6'},{'D5'},&,1.0,&
{'R3'},{'D1'},{'D4'},{'D2'},{'R2'},{'R1'},{'D7'},{'D3'},{'D5'},{'D6'},&,1.0,&
{'R3'},{'D1'},{'D4'},{'D2'},{'R2'},{'D3'},{'D7'},{'D6'},{'R1'},{'D5'},&,1.0,&
{'R3'},{'D1'},{'D4'},{'D2'},{'R2'},{'D7'},,,,,&,3.0,&
{'R3'},{'D1'},{'D4'},{'D2'},{'R2'},{'D7'},{'D3'},{'D6'},{'R1'},,&,1.0,&
{'R3'},{'D1'},{'D4'},{'D2'},{'R2'},{'D7'},{'R1'},{'D3'},,,&,1.0,&
{'R3'},{'D1'},{'D4'},{'D2'},{'R2'},{'D7'},{'R1'},{'D3'},{'D5'},{'D6'},&,1.0,&
{'R3'},{'D1'},{'D4'},{'D2'},{'R2'},{'D6'},{'R1'},,,,&,1.0,&
{'R3'},{'D1'},{'D4'},{'D2'},{'D6'},{'R2'},{'R1'},,,,&,1.0,&
{'R3'},{'D1'},{'D4'},{'D2'},{'D3'},{'D7'},,,,,&,1.0,&
{'R3'},{'D1'},{'D4'},{'D2'},{'D3'},{'D7'},{'D6'},{'D5'},{'R2'},{'R1'},&,1.0,&
{'R3'},{'D1'},{'D4'},{'R1'},,,,,,,&,1.0,&
{'R3'},{'D1'},{'D4'},{'R1'},{'D7'},{'D3'},{'D2'},{'D6'},{'R2'},{'D5'},&,1.0,&
{'R3'},{'D1'},{'D4'},{'R1'},{'D7'},{'D2'},{'D3'},{'D6'},,,&,1.0,&
{'R3'},{'D1'},{'D4'},{'R1'},{'D7'},{'D2'},{'D3'},{'D6'},{'R2'},{'D5'},&,1.0,&
{'R3'},{'D1'},{'D4'},{'R1'},{'D7'},{'D2'},{'D5'},{'D6'},{'D3'},{'R2'},&,1.0,&
{'R3'},{'D1'},{'D4'},{'R1'},{'D7'},{'R2'},,,,,&,1.0,&
{'R3'},{'D1'},{'D4'},{'R1'},{'R2'},{'D2'},{'D3'},,,,&,1.0,&
{'R3'},{'D1'},{'D4'},{'R1'},{'R2'},{'D2'},{'D7'},{'D5'},,,&,1.0,&
{'R3'},{'D1'},{'D4'},{'R1'},{'R2'},{'D2'},{'D7'},{'D5'},{'D3'},{'D6'},&,1.0,&
{'R3'},{'D1'},{'D4'},{'R1'},{'R2'},{'D2'},{'D7'},{'D3'},,,&,1.0,&
{'R3'},{'D1'},{'D4'},{'R1'},{'R2'},{'D7'},,,,,&,1.0,&
{'R3'},{'D1'},{'D4'},{'R1'},{'R2'},{'D7'},{'D2'},,,,&,1.0,&
{'R3'},{'D1'},{'D4'},{'R1'},{'R2'},{'D7'},{'D2'},{'D3'},{'D5'},,&,1.0,&
{'R3'},{'D1'},{'D4'},{'R1'},{'D2'},,,,,,&,1.0,&
{'R3'},{'D1'},{'D4'},{'R1'},{'D2'},{'D3'},{'D7'},{'D6'},{'R2'},{'D5'},&,1.0,&
{'R3'},{'D1'},{'D4'},{'R1'},{'D2'},{'D3'},{'R2'},,,,&,1.0,&
{'R3'},{'D1'},{'D4'},{'R1'},{'D2'},{'R2'},,,,,&,1.0,&
{'R3'},{'D1'},{'D4'},{'R1'},{'D6'},,,,,,&,1.0,&
{'R3'},{'D1'},{'D4'},{'R2'},,,,,,,&,13.0,&
{'R3'},{'D1'},{'D4'},{'R2'},{'D7'},,,,,,&,2.0,&
{'R3'},{'D1'},{'D4'},{'R2'},{'D7'},{'R1'},,,,,&,1.0,&
{'R3'},{'D1'},{'D4'},{'R2'},{'D7'},{'R1'},{'D2'},,,,&,1.0,&
{'R3'},{'D1'},{'D4'},{'R2'},{'D7'},{'R1'},{'D2'},{'D6'},{'D3'},{'D5'},&,1.0,&
{'R3'},{'D1'},{'D4'},{'R2'},{'D7'},{'D3'},,,,,&,1.0,&
{'R3'},{'D1'},{'D4'},{'R2'},{'D7'},{'D2'},,,,,&,1.0,&
{'R3'},{'D1'},{'D4'},{'R2'},{'D7'},{'D2'},{'D3'},,,,&,1.0,&
{'R3'},{'D1'},{'D4'},{'R2'},{'D7'},{'D2'},{'R1'},,,,&,1.0,&
{'R3'},{'D1'},{'D4'},{'R2'},{'D7'},{'D2'},{'R1'},{'D6'},,,&,1.0,&
{'R3'},{'D1'},{'D4'},{'R2'},{'D7'},{'D2'},{'R1'},{'D6'},{'D3'},{'D5'},&,1.0,&
{'R3'},{'D1'},{'D4'},{'R2'},{'D7'},{'D2'},{'D5'},,,,&,1.0,&
{'R3'},{'D1'},{'D4'},{'R2'},{'R1'},,,,,,&,2.0,&
{'R3'},{'D1'},{'D4'},{'R2'},{'R1'},{'D2'},,,,,&,3.0,&
{'R3'},{'D1'},{'D4'},{'R2'},{'R1'},{'D2'},{'D7'},{'D5'},,,&,1.0,&
{'R3'},{'D1'},{'D4'},{'R2'},{'R1'},{'D2'},{'D7'},{'D3'},,,&,1.0,&
{'R3'},{'D1'},{'D4'},{'R2'},{'R1'},{'D2'},{'D7'},{'D3'},{'D6'},,&,1.0,&
{'R3'},{'D1'},{'D4'},{'R2'},{'R1'},{'D5'},{'D2'},,,,&,1.0,&
{'R3'},{'D1'},{'D4'},{'R2'},{'R1'},{'D7'},,,,,&,2.0,&
{'R3'},{'D1'},{'D4'},{'R2'},{'R1'},{'D7'},{'D2'},,,,&,1.0,&
{'R3'},{'D1'},{'D4'},{'R2'},{'R1'},{'D7'},{'D2'},{'D6'},,,&,1.0,&
{'R3'},{'D1'},{'D4'},{'R2'},{'R1'},{'D7'},{'D5'},{'D2'},{'D3'},{'D6'},&,1.0,&
{'R3'},{'D1'},{'D4'},{'R2'},{'R1'},{'D6'},,,,,&,1.0,&
{'R3'},{'D1'},{'D4'},{'R2'},{'R1'},{'D6'},{'D2'},,,,&,1.0,&
{'R3'},{'D1'},{'D4'},{'R2'},{'D2'},,,,,,&,1.0,&
{'R3'},{'D1'},{'D4'},{'R2'},{'D2'},{'R1'},,,,,&,1.0,&
{'R3'},{'D1'},{'D4'},{'R2'},{'D2'},{'R1'},{'D7'},{'D6'},{'D3'},{'D5'},&,1.0,&
{'R3'},{'D1'},{'D4'},{'R2'},{'D2'},{'R1'},{'D7'},{'D3'},,,&,1.0,&
{'R3'},{'D1'},{'D4'},{'R2'},{'D2'},{'D3'},,,,,&,1.0,&
{'R3'},{'D1'},{'D4'},{'R2'},{'D2'},{'D7'},{'R1'},{'D6'},{'D3'},,&,1.0,&
{'R3'},{'D1'},{'D4'},{'R2'},{'D2'},{'D7'},{'R1'},{'D6'},{'D3'},{'D5'},&,1.0,&
{'R3'},{'D1'},{'D4'},{'R2'},{'D2'},{'D7'},{'R1'},{'D3'},{'D6'},,&,1.0,&
{'R3'},{'D1'},{'D4'},{'R2'},{'D2'},{'D7'},{'D6'},,,,&,1.0,&
{'R3'},{'D1'},{'D4'},{'R2'},{'D2'},{'D7'},{'D6'},{'D3'},,,&,1.0,&
{'R3'},{'D1'},{'D4'},{'R2'},{'D2'},{'D7'},{'D6'},{'R1'},{'D3'},{'D5'},&,1.0,&
{'R3'},{'D1'},{'D4'},{'R2'},{'D2'},{'D6'},{'D7'},{'D5'},{'R1'},{'D3'},&,1.0,&
{'R3'},{'D1'},{'D4'},{'R2'},{'D6'},{'D2'},{'D7'},{'D5'},{'R1'},{'D3'},&,1.0,&
{'R3'},{'D1'},{'D4'},{'R2'},{'D3'},,,,,,&,1.0,&
{'R3'},{'D1'},{'D4'},{'R2'},{'D3'},{'D2'},{'D7'},{'R1'},,,&,1.0,&
{'R3'},{'D1'},{'D4'},{'D7'},,,,,,,&,5.0,&
{'R3'},{'D1'},{'D4'},{'D7'},{'R1'},,,,,,&,2.0,&
{'R3'},{'D1'},{'D4'},{'D7'},{'R1'},{'R2'},,,,,&,1.0,&
{'R3'},{'D1'},{'D4'},{'D7'},{'R2'},,,,,,&,1.0,&
{'R3'},{'D1'},{'D4'},{'D7'},{'R2'},{'R1'},,,,,&,1.0,&
{'R3'},{'D1'},{'D4'},{'D7'},{'R2'},{'R1'},{'D2'},{'D6'},,,&,1.0,&
{'R3'},{'D1'},{'D4'},{'D7'},{'R2'},{'R1'},{'D2'},{'D6'},{'D3'},{'D5'},&,1.0,&
{'R3'},{'D1'},{'D4'},{'D7'},{'R2'},{'D2'},{'D3'},{'D6'},,,&,1.0,&
{'R3'},{'D1'},{'D4'},{'D7'},{'R2'},{'D2'},{'R1'},{'D6'},{'D3'},{'D5'},&,1.0,&
{'R3'},{'D1'},{'D4'},{'D7'},{'D2'},,,,,,&,2.0,&
{'R3'},{'D1'},{'D4'},{'D7'},{'D2'},{'D3'},{'D5'},{'D6'},{'R2'},{'R1'},&,1.0,&
{'R3'},{'D1'},{'D4'},{'D7'},{'D2'},{'D3'},{'R2'},{'R1'},{'D6'},,&,1.0,&
{'R3'},{'D1'},{'D4'},{'D7'},{'D2'},{'D3'},{'D6'},{'D5'},{'R1'},,&,1.0,&
{'R3'},{'D1'},{'D4'},{'D7'},{'D2'},{'R2'},,,,,&,1.0,&
{'R3'},{'D1'},{'D4'},{'D7'},{'D2'},{'R2'},{'R1'},{'D5'},,,&,1.0,&
{'R3'},{'D1'},{'D4'},{'D7'},{'D2'},{'R2'},{'R1'},{'D3'},{'D6'},,&,1.0,&
{'R3'},{'D1'},{'D4'},{'D7'},{'D2'},{'R2'},{'D6'},{'D3'},{'R1'},{'D5'},&,1.0,&
{'R3'},{'D1'},{'D4'},{'D7'},{'D2'},{'R2'},{'D6'},{'R1'},{'D3'},,&,1.0,&
{'R3'},{'D1'},{'D4'},{'D7'},{'D2'},{'D6'},,,,,&,1.0,&
{'R3'},{'D1'},{'D4'},{'D7'},{'D2'},{'D6'},{'R2'},{'D3'},{'D5'},{'R1'},&,1.0,&
{'R3'},{'D1'},{'D4'},{'D7'},{'D2'},{'D6'},{'R2'},{'R1'},{'D5'},,&,1.0,&
{'R3'},{'D1'},{'D4'},{'D7'},{'D6'},,,,,,&,1.0,&
{'R3'},{'D1'},{'D4'},{'D3'},{'D7'},{'R2'},,,,,&,1.0,&
{'R3'},{'D1'},{'D4'},{'D3'},{'D7'},{'R2'},{'D2'},{'R1'},,,&,1.0,&
{'R3'},{'D1'},{'D4'},{'D3'},{'R1'},{'R2'},{'D7'},{'D6'},{'D2'},,&,1.0,&
{'R3'},{'D1'},{'D4'},{'D3'},{'R2'},{'D7'},,,,,&,1.0,&
{'R3'},{'D1'},{'D4'},{'D3'},{'R2'},{'D7'},{'D2'},{'R1'},{'D5'},{'D6'},&,1.0,&
{'R3'},{'D1'},{'D4'},{'D3'},{'D2'},{'R2'},{'D7'},,,,&,1.0,&
{'R3'},{'D1'},{'D4'},{'D6'},{'D7'},{'D2'},{'R2'},{'D3'},{'R1'},,&,1.0,&
{'R3'},{'D1'},{'D4'},{'D6'},{'R1'},{'R2'},,,,,&,1.0,&
{'R3'},{'D1'},{'D4'},{'D6'},{'R2'},,,,,,&,1.0,&
{'R3'},{'D1'},{'D4'},{'D6'},{'R2'},{'D2'},{'D7'},{'R1'},,,&,1.0,&
{'R3'},{'D1'},{'D4'},{'D6'},{'D2'},,,,,,&,1.0,&
{'R3'},{'D1'},{'D4'},{'D6'},{'D2'},{'D7'},{'D3'},{'R2'},,,&,1.0,&
{'R3'},{'D1'},{'D4'},{'D6'},{'D3'},,,,,,&,1.0,&
{'R3'},{'D1'},,,,,,,,,&,152.0,&
{'R3'},{'D1'},{'D7'},,,,,,,,&,72.0,&
{'R3'},{'D1'},{'D7'},{'D2'},,,,,,,&,27.0,&
{'R3'},{'D1'},{'D7'},{'D2'},{'R1'},,,,,,&,3.0,&
{'R3'},{'D1'},{'D7'},{'D2'},{'R1'},{'D4'},,,,,&,2.0,&
{'R3'},{'D1'},{'D7'},{'D2'},{'R1'},{'D4'},{'R2'},{'D5'},{'D6'},{'D3'},&,1.0,&
{'R3'},{'D1'},{'D7'},{'D2'},{'R1'},{'D4'},{'R2'},{'D6'},{'D3'},{'D5'},&,1.0,&
{'R3'},{'D1'},{'D7'},{'D2'},{'R1'},{'D4'},{'R2'},{'D3'},{'D6'},{'D5'},&,1.0,&
{'R3'},{'D1'},{'D7'},{'D2'},{'R1'},{'D4'},{'D6'},{'D5'},,,&,1.0,&
{'R3'},{'D1'},{'D7'},{'D2'},{'R1'},{'D3'},{'R2'},{'D4'},{'D5'},{'D6'},&,1.0,&
{'R3'},{'D1'},{'D7'},{'D2'},{'R1'},{'R2'},,,,,&,1.0,&
{'R3'},{'D1'},{'D7'},{'D2'},{'R1'},{'R2'},{'D4'},,,,&,1.0,&
{'R3'},{'D1'},{'D7'},{'D2'},{'R2'},,,,,,&,8.0,&
{'R3'},{'D1'},{'D7'},{'D2'},{'R2'},{'D4'},,,,,&,4.0,&
{'R3'},{'D1'},{'D7'},{'D2'},{'R2'},{'D4'},{'D3'},{'D6'},{'D5'},,&,1.0,&
{'R3'},{'D1'},{'D7'},{'D2'},{'R2'},{'D4'},{'D3'},{'D6'},{'D5'},{'R1'},&,1.0,&
{'R3'},{'D1'},{'D7'},{'D2'},{'R2'},{'D4'},{'D3'},{'R1'},,,&,1.0,&
{'R3'},{'D1'},{'D7'},{'D2'},{'R2'},{'D4'},{'D3'},{'R1'},{'D5'},,&,1.0,&
{'R3'},{'D1'},{'D7'},{'D2'},{'R2'},{'D4'},{'R1'},,,,&,2.0,&
{'R3'},{'D1'},{'D7'},{'D2'},{'R2'},{'D4'},{'D5'},{'D3'},{'D6'},{'R1'},&,1.0,&
{'R3'},{'D1'},{'D7'},{'D2'},{'R2'},{'R1'},,,,,&,4.0,&
{'R3'},{'D1'},{'D7'},{'D2'},{'R2'},{'R1'},{'D3'},{'D4'},{'D5'},,&,1.0,&
{'R3'},{'D1'},{'D7'},{'D2'},{'R2'},{'R1'},{'D3'},{'D4'},{'D5'},{'D6'},&,1.0,&
{'R3'},{'D1'},{'D7'},{'D2'},{'R2'},{'R1'},{'D4'},,,,&,2.0,&
{'R3'},{'D1'},{'D7'},{'D2'},{'R2'},{'R1'},{'D4'},{'D6'},,,&,2.0,&
{'R3'},{'D1'},{'D7'},{'D2'},{'R2'},{'R1'},{'D4'},{'D6'},{'D3'},{'D5'},&,2.0,&
{'R3'},{'D1'},{'D7'},{'D2'},{'R2'},{'R1'},{'D4'},{'D3'},,,&,2.0,&
{'R3'},{'D1'},{'D7'},{'D2'},{'R2'},{'R1'},{'D4'},{'D3'},{'D6'},,&,1.0,&
{'R3'},{'D1'},{'D7'},{'D2'},{'R2'},{'R1'},{'D4'},{'D3'},{'D6'},{'D5'},&,1.0,&
{'R3'},{'D1'},{'D7'},{'D2'},{'R2'},{'R1'},{'D6'},,,,&,1.0,&
{'R3'},{'D1'},{'D7'},{'D2'},{'R2'},{'R1'},{'D6'},{'D3'},{'D4'},{'D5'},&,1.0,&
{'R3'},{'D1'},{'D7'},{'D2'},{'R2'},{'R1'},{'D6'},{'D4'},,,&,1.0,&
{'R3'},{'D1'},{'D7'},{'D2'},{'R2'},{'R1'},{'D6'},{'D4'},{'D3'},,&,1.0,&
{'R3'},{'D1'},{'D7'},{'D2'},{'R2'},{'D3'},,,,,&,2.0,&
{'R3'},{'D1'},{'D7'},{'D2'},{'R2'},{'D3'},{'R1'},{'D4'},,,&,1.0,&
{'R3'},{'D1'},{'D7'},{'D2'},{'R2'},{'D3'},{'R1'},{'D4'},{'D6'},,&,1.0,&
{'R3'},{'D1'},{'D7'},{'D2'},{'R2'},{'D3'},{'R1'},{'D4'},{'D5'},,&,1.0,&
{'R3'},{'D1'},{'D7'},{'D2'},{'R2'},{'D3'},{'D4'},{'D5'},{'R1'},{'D6'},&,1.0,&
{'R3'},{'D1'},{'D7'},{'D2'},{'R2'},{'D3'},{'D6'},{'D4'},,,&,1.0,&
{'R3'},{'D1'},{'D7'},{'D2'},{'R2'},{'D6'},{'R1'},{'D4'},,,&,1.0,&
{'R3'},{'D1'},{'D7'},{'D2'},{'R2'},{'D6'},{'D5'},{'D3'},,,&,1.0,&
{'R3'},{'D1'},{'D7'},{'D2'},{'R2'},{'D6'},{'D4'},{'D3'},{'D5'},{'R1'},&,1.0,&
{'R3'},{'D1'},{'D7'},{'D2'},{'R2'},{'D6'},{'D4'},{'D3'},{'R1'},,&,1.0,&
{'R3'},{'D1'},{'D7'},{'D2'},{'D4'},,,,,,&,13.0,&
{'R3'},{'D1'},{'D7'},{'D2'},{'D4'},{'R1'},,,,,&,1.0,&
{'R3'},{'D1'},{'D7'},{'D2'},{'D4'},{'R1'},{'R2'},{'D3'},{'D6'},,&,1.0,&
{'R3'},{'D1'},{'D7'},{'D2'},{'D4'},{'R1'},{'R2'},{'D3'},{'D6'},{'D5'},&,1.0,&
{'R3'},{'D1'},{'D7'},{'D2'},{'D4'},{'D3'},,,,,&,2.0,&
{'R3'},{'D1'},{'D7'},{'D2'},{'D4'},{'D3'},{'R2'},{'D6'},,,&,1.0,&
{'R3'},{'D1'},{'D7'},{'D2'},{'D4'},{'D3'},{'R2'},{'R1'},{'D5'},,&,1.0,&
{'R3'},{'D1'},{'D7'},{'D2'},{'D4'},{'D3'},{'D6'},{'R2'},{'D5'},,&,1.0,&
{'R3'},{'D1'},{'D7'},{'D2'},{'D4'},{'D5'},{'D3'},{'R2'},{'R1'},,&,1.0,&
{'R3'},{'D1'},{'D7'},{'D2'},{'D4'},{'D5'},{'R2'},{'D6'},{'D3'},,&,1.0,&
{'R3'},{'D1'},{'D7'},{'D2'},{'D4'},{'D5'},{'R2'},{'D3'},{'D6'},,&,1.0,&
{'R3'},{'D1'},{'D7'},{'D2'},{'D4'},{'R2'},,,,,&,7.0,&
{'R3'},{'D1'},{'D7'},{'D2'},{'D4'},{'R2'},{'D3'},{'D6'},{'R1'},,&,1.0,&
{'R3'},{'D1'},{'D7'},{'D2'},{'D4'},{'R2'},{'R1'},,,,&,2.0,&
{'R3'},{'D1'},{'D7'},{'D2'},{'D4'},{'R2'},{'R1'},{'D5'},{'D3'},,&,1.0,&
{'R3'},{'D1'},{'D7'},{'D2'},{'D4'},{'R2'},{'R1'},{'D6'},{'D3'},{'D5'},&,1.0,&
{'R3'},{'D1'},{'D7'},{'D2'},{'D4'},{'R2'},{'R1'},{'D3'},{'D6'},{'D5'},&,1.0,&
{'R3'},{'D1'},{'D7'},{'D2'},{'D4'},{'R2'},{'D5'},{'D6'},{'R1'},,&,1.0,&
{'R3'},{'D1'},{'D7'},{'D2'},{'D4'},{'R2'},{'D6'},{'R1'},{'D3'},{'D5'},&,1.0,&
{'R3'},{'D1'},{'D7'},{'D2'},{'D4'},{'D6'},,,,,&,2.0,&
{'R3'},{'D1'},{'D7'},{'D2'},{'D4'},{'D6'},{'D3'},{'D5'},,,&,2.0,&
{'R3'},{'D1'},{'D7'},{'D2'},{'D4'},{'D6'},{'D3'},{'R2'},{'D5'},{'R1'},&,1.0,&
{'R3'},{'D1'},{'D7'},{'D2'},{'D4'},{'D6'},{'R1'},,,,&,1.0,&
{'R3'},{'D1'},{'D7'},{'D2'},{'D4'},{'D6'},{'R2'},{'D3'},{'D5'},,&,1.0,&
{'R3'},{'D1'},{'D7'},{'D2'},{'D6'},,,,,,&,2.0,&
{'R3'},{'D1'},{'D7'},{'D2'},{'D6'},{'D4'},{'D3'},{'D5'},{'R2'},,&,1.0,&
{'R3'},{'D1'},{'D7'},{'D2'},{'D6'},{'D4'},{'D3'},{'R2'},{'R1'},{'D5'},&,1.0,&
{'R3'},{'D1'},{'D7'},{'D2'},{'D6'},{'D4'},{'D5'},{'R2'},{'R1'},,&,1.0,&
{'R3'},{'D1'},{'D7'},{'D2'},{'D6'},{'D4'},{'R2'},,,,&,1.0,&
{'R3'},{'D1'},{'D7'},{'D2'},{'D6'},{'R1'},{'D3'},{'D4'},{'R2'},,&,1.0,&
{'R3'},{'D1'},{'D7'},{'D2'},{'D6'},{'R2'},{'D3'},,,,&,1.0,&
{'R3'},{'D1'},{'D7'},{'D2'},{'D6'},{'R2'},{'R1'},,,,&,2.0,&
{'R3'},{'D1'},{'D7'},{'D2'},{'D6'},{'R2'},{'R1'},{'D4'},,,&,1.0,&
{'R3'},{'D1'},{'D7'},{'D2'},{'D6'},{'R2'},{'R1'},{'D4'},{'D3'},,&,1.0,&
{'R3'},{'D1'},{'D7'},{'D2'},{'D3'},,,,,,&,2.0,&
{'R3'},{'D1'},{'D7'},{'D2'},{'D3'},{'D4'},,,,,&,2.0,&
{'R3'},{'D1'},{'D7'},{'D2'},{'D3'},{'D4'},{'R1'},{'D6'},{'R2'},{'D5'},&,1.0,&
{'R3'},{'D1'},{'D7'},{'D2'},{'D3'},{'D4'},{'R2'},{'D5'},,,&,1.0,&
{'R3'},{'D1'},{'D7'},{'D2'},{'D3'},{'D4'},{'R2'},{'D6'},{'D5'},{'R1'},&,2.0,&
{'R3'},{'D1'},{'D7'},{'D2'},{'D3'},{'D4'},{'D6'},,,,&,1.0,&
{'R3'},{'D1'},{'D7'},{'D2'},{'D3'},{'D4'},{'D6'},{'D5'},{'R2'},{'R1'},&,1.0,&
{'R3'},{'D1'},{'D7'},{'D2'},{'D3'},{'D4'},{'D6'},{'R2'},{'D5'},{'R1'},&,2.0,&
{'R3'},{'D1'},{'D7'},{'D2'},{'D3'},{'R1'},{'D4'},{'R2'},{'D6'},,&,1.0,&
{'R3'},{'D1'},{'D7'},{'D2'},{'D3'},{'R1'},{'R2'},{'D4'},,,&,1.0,&
{'R3'},{'D1'},{'D7'},{'D2'},{'D3'},{'R1'},{'R2'},{'D4'},{'D6'},{'D5'},&,1.0,&
{'R3'},{'D1'},{'D7'},{'D2'},{'D3'},{'R2'},,,,,&,1.0,&
{'R3'},{'D1'},{'D7'},{'D2'},{'D3'},{'R2'},{'D6'},,,,&,2.0,&
{'R3'},{'D1'},{'D7'},{'D2'},{'D3'},{'R2'},{'D6'},{'R1'},,,&,1.0,&
{'R3'},{'D1'},{'D7'},{'D2'},{'D3'},{'D6'},,,,,&,1.0,&
{'R3'},{'D1'},{'D7'},{'D2'},{'D3'},{'D6'},{'R1'},{'R2'},{'D4'},{'D5'},&,1.0,&
{'R3'},{'D1'},{'D7'},{'D2'},{'D3'},{'D6'},{'R2'},{'R1'},{'D4'},,&,1.0,&
{'R3'},{'D1'},{'D7'},{'D2'},{'D5'},,,,,,&,2.0,&
{'R3'},{'D1'},{'D7'},{'D2'},{'D5'},{'D4'},{'D3'},,,,&,2.0,&
{'R3'},{'D1'},{'D7'},{'D2'},{'D5'},{'D4'},{'D3'},{'D6'},{'R1'},{'R2'},&,1.0,&
{'R3'},{'D1'},{'D7'},{'D2'},{'D5'},{'D4'},{'D3'},{'D6'},{'R2'},{'R1'},&,1.0,&
{'R3'},{'D1'},{'D7'},{'D2'},{'D5'},{'D4'},{'R1'},,,,&,1.0,&
{'R3'},{'D1'},{'D7'},{'D2'},{'D5'},{'D3'},{'R2'},{'D4'},{'R1'},,&,1.0,&
{'R3'},{'D1'},{'D7'},{'D2'},{'D5'},{'D6'},,,,,&,1.0,&
{'R3'},{'D1'},{'D7'},{'D2'},{'D5'},{'D6'},{'D4'},,,,&,1.0,&
{'R3'},{'D1'},{'D7'},{'R1'},,,,,,,&,4.0,&
{'R3'},{'D1'},{'D7'},{'R1'},{'R2'},,,,,,&,4.0,&
{'R3'},{'D1'},{'D7'},{'R1'},{'R2'},{'D4'},{'D2'},,,,&,1.0,&
{'R3'},{'D1'},{'D7'},{'R1'},{'R2'},{'D4'},{'D2'},{'D6'},,,&,1.0,&
{'R3'},{'D1'},{'D7'},{'R1'},{'R2'},{'D3'},{'D2'},{'D4'},,,&,1.0,&
{'R3'},{'D1'},{'D7'},{'R1'},{'R2'},{'D3'},{'D4'},{'D2'},,,&,1.0,&
{'R3'},{'D1'},{'D7'},{'R1'},{'R2'},{'D2'},,,,,&,2.0,&
{'R3'},{'D1'},{'D7'},{'R1'},{'R2'},{'D2'},{'D4'},,,,&,1.0,&
{'R3'},{'D1'},{'D7'},{'R1'},{'R2'},{'D2'},{'D4'},{'D6'},,,&,1.0,&
{'R3'},{'D1'},{'D7'},{'R1'},{'R2'},{'D2'},{'D4'},{'D6'},{'D3'},{'D5'},&,1.0,&
{'R3'},{'D1'},{'D7'},{'R1'},{'R2'},{'D2'},{'D4'},{'D3'},{'D6'},{'D5'},&,1.0,&
{'R3'},{'D1'},{'D7'},{'R1'},{'R2'},{'D6'},,,,,&,2.0,&
{'R3'},{'D1'},{'D7'},{'R1'},{'D4'},{'D3'},{'R2'},{'D2'},{'D5'},{'D6'},&,1.0,&
{'R3'},{'D1'},{'D7'},{'R1'},{'D4'},{'D5'},,,,,&,1.0,&
{'R3'},{'D1'},{'D7'},{'R1'},{'D4'},{'R2'},{'D2'},{'D6'},,,&,1.0,&
{'R3'},{'D1'},{'D7'},{'R1'},{'D2'},,,,,,&,2.0,&
{'R3'},{'D1'},{'D7'},{'R1'},{'D2'},{'D4'},{'D3'},{'D5'},{'D6'},{'R2'},&,1.0,&
{'R3'},{'D1'},{'D7'},{'R1'},{'D2'},{'D4'},{'R2'},{'D6'},,,&,1.0,&
{'R3'},{'D1'},{'D7'},{'R1'},{'D2'},{'D4'},{'R2'},{'D6'},{'D3'},,&,1.0,&
{'R3'},{'D1'},{'D7'},{'R1'},{'D2'},{'D4'},{'R2'},{'D6'},{'D3'},{'D5'},&,1.0,&
{'R3'},{'D1'},{'D7'},{'R1'},{'D2'},{'D4'},{'D6'},{'R2'},{'D3'},{'D5'},&,1.0,&
{'R3'},{'D1'},{'D7'},{'R1'},{'D2'},{'D3'},,,,,&,1.0,&
{'R3'},{'D1'},{'D7'},{'R1'},{'D2'},{'D3'},{'D4'},{'D6'},,,&,1.0,&
{'R3'},{'D1'},{'D7'},{'R1'},{'D2'},{'D3'},{'D4'},{'D6'},{'R2'},{'D5'},&,1.0,&
{'R3'},{'D1'},{'D7'},{'R1'},{'D2'},{'D3'},{'R2'},{'D4'},{'D6'},,&,1.0,&
{'R3'},{'D1'},{'D7'},{'R1'},{'D6'},{'D3'},{'D2'},{'D4'},{'D5'},{'R2'},&,1.0,&
{'R3'},{'D1'},{'D7'},{'R1'},{'D3'},{'D4'},{'R2'},{'D2'},,,&,1.0,&
{'R3'},{'D1'},{'D7'},{'R1'},{'D3'},{'D2'},,,,,&,1.0,&
{'R3'},{'D1'},{'D7'},{'R1'},{'D3'},{'R2'},{'D4'},{'D2'},{'D6'},{'D5'},&,1.0,&
{'R3'},{'D1'},{'D7'},{'R1'},{'D5'},,,,,,&,1.0,&
{'R3'},{'D1'},{'D7'},{'R2'},,,,,,,&,24.0,&
{'R3'},{'D1'},{'D7'},{'R2'},{'R1'},,,,,,&,10.0,&
{'R3'},{'D1'},{'D7'},{'R2'},{'R1'},{'D4'},,,,,&,1.0,&
{'R3'},{'D1'},{'D7'},{'R2'},{'R1'},{'D4'},{'D3'},{'D2'},{'D6'},,&,2.0,&
{'R3'},{'D1'},{'D7'},{'R2'},{'R1'},{'D4'},{'D3'},{'D2'},{'D6'},{'D5'},&,1.0,&
{'R3'},{'D1'},{'D7'},{'R2'},{'R1'},{'D4'},{'D2'},,,,&,1.0,&
{'R3'},{'D1'},{'D7'},{'R2'},{'R1'},{'D4'},{'D2'},{'D3'},,,&,1.0,&
{'R3'},{'D1'},{'D7'},{'R2'},{'R1'},{'D4'},{'D2'},{'D3'},{'D6'},,&,1.0,&
{'R3'},{'D1'},{'D7'},{'R2'},{'R1'},{'D3'},{'D2'},{'D4'},,,&,1.0,&
{'R3'},{'D1'},{'D7'},{'R2'},{'R1'},{'D2'},,,,,&,7.0,&
{'R3'},{'D1'},{'D7'},{'R2'},{'R1'},{'D2'},{'D3'},,,,&,1.0,&
{'R3'},{'D1'},{'D7'},{'R2'},{'R1'},{'D2'},{'D3'},{'D4'},,,&,2.0,&
{'R3'},{'D1'},{'D7'},{'R2'},{'R1'},{'D2'},{'D3'},{'D4'},{'D5'},{'D6'},&,1.0,&
{'R3'},{'D1'},{'D7'},{'R2'},{'R1'},{'D2'},{'D4'},,,,&,4.0,&
{'R3'},{'D1'},{'D7'},{'R2'},{'R1'},{'D2'},{'D4'},{'D5'},{'D3'},,&,1.0,&
{'R3'},{'D1'},{'D7'},{'R2'},{'R1'},{'D2'},{'D4'},{'D6'},{'D3'},{'D5'},&,1.0,&
{'R3'},{'D1'},{'D7'},{'R2'},{'R1'},{'D2'},{'D6'},,,,&,2.0,&
{'R3'},{'D1'},{'D7'},{'R2'},{'D4'},{'R1'},,,,,&,3.0,&
{'R3'},{'D1'},{'D7'},{'R2'},{'D4'},{'R1'},{'D2'},{'D5'},{'D6'},{'D3'},&,1.0,&
{'R3'},{'D1'},{'D7'},{'R2'},{'D4'},{'R1'},{'D2'},{'D3'},,,&,1.0,&
{'R3'},{'D1'},{'D7'},{'R2'},{'D4'},{'D2'},{'R1'},,,,&,1.0,&
{'R3'},{'D1'},{'D7'},{'R2'},{'D2'},,,,,,&,9.0,&
{'R3'},{'D1'},{'D7'},{'R2'},{'D2'},{'D4'},,,,,&,2.0,&
{'R3'},{'D1'},{'D7'},{'R2'},{'D2'},{'D4'},{'D3'},,,,&,1.0,&
{'R3'},{'D1'},{'D7'},{'R2'},{'D2'},{'D4'},{'D3'},{'D6'},{'D5'},,&,1.0,&
{'R3'},{'D1'},{'D7'},{'R2'},{'D2'},{'D4'},{'D3'},{'D6'},{'R1'},,&,1.0,&
{'R3'},{'D1'},{'D7'},{'R2'},{'D2'},{'D4'},{'D3'},{'R1'},{'D6'},{'D5'},&,1.0,&
{'R3'},{'D1'},{'D7'},{'R2'},{'D2'},{'D4'},{'D3'},{'R1'},{'D5'},{'D6'},&,1.0,&
{'R3'},{'D1'},{'D7'},{'R2'},{'D2'},{'D4'},{'R1'},{'D5'},,,&,1.0,&
{'R3'},{'D1'},{'D7'},{'R2'},{'D2'},{'D4'},{'R1'},{'D6'},{'D3'},{'D5'},&,1.0,&
{'R3'},{'D1'},{'D7'},{'R2'},{'D2'},{'D4'},{'R1'},{'D3'},,,&,2.0,&
{'R3'},{'D1'},{'D7'},{'R2'},{'D2'},{'D4'},{'D6'},{'D3'},,,&,1.0,&
{'R3'},{'D1'},{'D7'},{'R2'},{'D2'},{'R1'},,,,,&,5.0,&
{'R3'},{'D1'},{'D7'},{'R2'},{'D2'},{'R1'},{'D3'},{'D4'},,,&,1.0,&
{'R3'},{'D1'},{'D7'},{'R2'},{'D2'},{'R1'},{'D4'},,,,&,3.0,&
{'R3'},{'D1'},{'D7'},{'R2'},{'D2'},{'R1'},{'D4'},{'D5'},,,&,1.0,&
{'R3'},{'D1'},{'D7'},{'R2'},{'D2'},{'R1'},{'D4'},{'D6'},,,&,1.0,&
{'R3'},{'D1'},{'D7'},{'R2'},{'D2'},{'R1'},{'D4'},{'D6'},{'D3'},{'D5'},&,1.0,&
{'R3'},{'D1'},{'D7'},{'R2'},{'D2'},{'R1'},{'D4'},{'D3'},,,&,1.0,&
{'R3'},{'D1'},{'D7'},{'R2'},{'D2'},{'D3'},,,,,&,1.0,&
{'R3'},{'D1'},{'D7'},{'R2'},{'D2'},{'D3'},{'R1'},,,,&,2.0,&
{'R3'},{'D1'},{'D7'},{'R2'},{'D2'},{'D3'},{'R1'},{'D6'},{'D4'},,&,1.0,&
{'R3'},{'D1'},{'D7'},{'R2'},{'D2'},{'D3'},{'R1'},{'D4'},{'D5'},,&,1.0,&
{'R3'},{'D1'},{'D7'},{'R2'},{'D2'},{'D3'},{'D4'},,,,&,1.0,&
{'R3'},{'D1'},{'D7'},{'R2'},{'D2'},{'D3'},{'D4'},{'D6'},{'D5'},,&,1.0,&
{'R3'},{'D1'},{'D7'},{'R2'},{'D2'},{'D3'},{'D4'},{'R1'},,,&,1.0,&
{'R3'},{'D1'},{'D7'},{'R2'},{'D2'},{'D5'},{'D3'},{'D4'},{'D6'},,&,1.0,&
{'R3'},{'D1'},{'D7'},{'R2'},{'D2'},{'D5'},{'R1'},,,,&,1.0,&
{'R3'},{'D1'},{'D7'},{'R2'},{'D2'},{'D5'},{'R1'},{'D6'},,,&,1.0,&
{'R3'},{'D1'},{'D7'},{'R2'},{'D2'},{'D5'},{'R1'},{'D4'},,,&,1.0,&
{'R3'},{'D1'},{'D7'},{'R2'},{'D2'},{'D6'},,,,,&,2.0,&
{'R3'},{'D1'},{'D7'},{'R2'},{'D2'},{'D6'},{'R1'},{'D4'},,,&,1.0,&
{'R3'},{'D1'},{'D7'},{'R2'},{'D2'},{'D6'},{'R1'},{'D4'},{'D3'},{'D5'},&,1.0,&
{'R3'},{'D1'},{'D7'},{'R2'},{'D2'},{'D6'},{'D4'},{'D3'},,,&,1.0,&
{'R3'},{'D1'},{'D7'},{'R2'},{'D2'},{'D6'},{'D4'},{'R1'},{'D3'},,&,1.0,&
{'R3'},{'D1'},{'D7'},{'R2'},{'D6'},,,,,,&,1.0,&
{'R3'},{'D1'},{'D7'},{'R2'},{'D6'},{'D4'},{'D5'},{'D2'},{'D3'},{'R1'},&,1.0,&
{'R3'},{'D1'},{'D7'},{'R2'},{'D6'},{'R1'},,,,,&,1.0,&
{'R3'},{'D1'},{'D7'},{'R2'},{'D6'},{'R1'},{'D3'},{'D2'},,,&,1.0,&
{'R3'},{'D1'},{'D7'},{'R2'},{'D6'},{'R1'},{'D2'},,,,&,1.0,&
{'R3'},{'D1'},{'D7'},{'R2'},{'D6'},{'R1'},{'D2'},{'D4'},,,&,2.0,&
{'R3'},{'D1'},{'D7'},{'R2'},{'D6'},{'D2'},,,,,&,1.0,&
{'R3'},{'D1'},{'D7'},{'R2'},{'D6'},{'D2'},{'R1'},,,,&,1.0,&
{'R3'},{'D1'},{'D7'},{'R2'},{'D6'},{'D2'},{'R1'},{'D3'},{'D4'},{'D5'},&,1.0,&
{'R3'},{'D1'},{'D7'},{'R2'},{'D3'},{'D4'},{'D2'},{'D6'},{'R1'},,&,1.0,&
{'R3'},{'D1'},{'D7'},{'R2'},{'D3'},{'D4'},{'R1'},{'D2'},{'D6'},,&,1.0,&
{'R3'},{'D1'},{'D7'},{'R2'},{'D3'},{'D2'},,,,,&,1.0,&
{'R3'},{'D1'},{'D7'},{'R2'},{'D3'},{'D2'},{'R1'},{'D6'},,,&,1.0,&
{'R3'},{'D1'},{'D7'},{'R2'},{'D3'},{'D2'},{'D4'},{'D5'},{'D6'},,&,1.0,&
{'R3'},{'D1'},{'D7'},{'R2'},{'D3'},{'D2'},{'D4'},{'D6'},{'R1'},{'D5'},&,1.0,&
{'R3'},{'D1'},{'D7'},{'R2'},{'D5'},{'D2'},{'R1'},{'D3'},{'D4'},,&,1.0,&
{'R3'},{'D1'},{'D7'},{'D4'},,,,,,,&,9.0,&
{'R3'},{'D1'},{'D7'},{'D4'},{'R1'},{'R2'},{'D2'},,,,&,1.0,&
{'R3'},{'D1'},{'D7'},{'D4'},{'R2'},,,,,,&,4.0,&
{'R3'},{'D1'},{'D7'},{'D4'},{'R2'},{'R1'},,,,,&,1.0,&
{'R3'},{'D1'},{'D7'},{'D4'},{'R2'},{'R1'},{'D2'},,,,&,1.0,&
{'R3'},{'D1'},{'D7'},{'D4'},{'R2'},{'R1'},{'D6'},,,,&,1.0,&
{'R3'},{'D1'},{'D7'},{'D4'},{'R2'},{'D3'},{'D2'},{'D6'},{'D5'},,&,1.0,&
{'R3'},{'D1'},{'D7'},{'D4'},{'R2'},{'D3'},{'R1'},,,,&,2.0,&
{'R3'},{'D1'},{'D7'},{'D4'},{'R2'},{'D2'},,,,,&,2.0,&
{'R3'},{'D1'},{'D7'},{'D4'},{'R2'},{'D2'},{'D3'},,,,&,1.0,&
{'R3'},{'D1'},{'D7'},{'D4'},{'R2'},{'D2'},{'D3'},{'D5'},,,&,1.0,&
{'R3'},{'D1'},{'D7'},{'D4'},{'R2'},{'D2'},{'R1'},{'D3'},{'D6'},{'D5'},&,1.0,&
{'R3'},{'D1'},{'D7'},{'D4'},{'R2'},{'D6'},{'D2'},{'D5'},{'R1'},,&,1.0,&
{'R3'},{'D1'},{'D7'},{'D4'},{'D2'},,,,,,&,3.0,&
{'R3'},{'D1'},{'D7'},{'D4'},{'D2'},{'R1'},{'D6'},{'D3'},{'R2'},{'D5'},&,1.0,&
{'R3'},{'D1'},{'D7'},{'D4'},{'D2'},{'D3'},{'R1'},{'D6'},{'D5'},{'R2'},&,1.0,&
{'R3'},{'D1'},{'D7'},{'D4'},{'D2'},{'D3'},{'R2'},{'D6'},{'R1'},,&,1.0,&
{'R3'},{'D1'},{'D7'},{'D4'},{'D2'},{'D3'},{'D6'},{'D5'},{'R2'},,&,1.0,&
{'R3'},{'D1'},{'D7'},{'D4'},{'D2'},{'D3'},{'D6'},{'R2'},{'D5'},,&,1.0,&
{'R3'},{'D1'},{'D7'},{'D4'},{'D2'},{'D5'},,,,,&,1.0,&
{'R3'},{'D1'},{'D7'},{'D4'},{'D2'},{'D5'},{'D3'},{'R1'},{'D6'},{'R2'},&,1.0,&
{'R3'},{'D1'},{'D7'},{'D4'},{'D2'},{'R2'},{'D3'},,,,&,1.0,&
{'R3'},{'D1'},{'D7'},{'D4'},{'D2'},{'R2'},{'R1'},{'D6'},,,&,1.0,&
{'R3'},{'D1'},{'D7'},{'D4'},{'D2'},{'D6'},{'D3'},,,,&,2.0,&
{'R3'},{'D1'},{'D7'},{'D4'},{'D2'},{'D6'},{'D5'},{'D3'},{'R2'},{'R1'},&,1.0,&
{'R3'},{'D1'},{'D7'},{'D4'},{'D3'},{'R1'},{'D2'},{'D5'},{'R2'},,&,1.0,&
{'R3'},{'D1'},{'D7'},{'D4'},{'D3'},{'R2'},{'D2'},{'D5'},,,&,1.0,&
{'R3'},{'D1'},{'D7'},{'D4'},{'D3'},{'R2'},{'R1'},{'D2'},,,&,1.0,&
{'R3'},{'D1'},{'D7'},{'D4'},{'D5'},{'D2'},,,,,&,1.0,&
{'R3'},{'D1'},{'D7'},{'D3'},,,,,,,&,2.0,&
{'R3'},{'D1'},{'D7'},{'D3'},{'R2'},,,,,,&,1.0,&
{'R3'},{'D1'},{'D7'},{'D3'},{'R2'},{'D4'},{'D2'},,,,&,1.0,&
{'R3'},{'D1'},{'D7'},{'D3'},{'R2'},{'R1'},{'D4'},,,,&,1.0,&
{'R3'},{'D1'},{'D7'},{'D3'},{'R2'},{'D2'},,,,,&,1.0,&
{'R3'},{'D1'},{'D7'},{'D3'},{'D4'},,,,,,&,3.0,&
{'R3'},{'D1'},{'D7'},{'D3'},{'D4'},{'D2'},{'D6'},,,,&,1.0,&
{'R3'},{'D1'},{'D7'},{'D3'},{'D4'},{'D2'},{'D6'},{'R2'},{'R1'},{'D5'},&,1.0,&
{'R3'},{'D1'},{'D7'},{'D3'},{'D2'},,,,,,&,1.0,&
{'R3'},{'D1'},{'D7'},{'D3'},{'D2'},{'D4'},{'D5'},{'R2'},{'R1'},{'D6'},&,1.0,&
{'R3'},{'D1'},{'D7'},{'D3'},{'D2'},{'D4'},{'R2'},{'D6'},{'D5'},{'R1'},&,1.0,&
{'R3'},{'D1'},{'D7'},{'D3'},{'D2'},{'R2'},,,,,&,1.0,&
{'R3'},{'D1'},{'D7'},{'D3'},{'D2'},{'R2'},{'D6'},,,,&,1.0,&
{'R3'},{'D1'},{'D7'},{'D3'},{'D2'},{'D6'},,,,,&,1.0,&
{'R3'},{'D1'},{'D7'},{'D3'},{'D5'},{'D2'},{'D4'},{'R2'},{'R1'},{'D6'},&,1.0,&
{'R3'},{'D1'},{'D7'},{'D6'},,,,,,,&,2.0,&
{'R3'},{'D1'},{'D7'},{'D6'},{'R1'},{'R2'},{'D4'},{'D2'},{'D3'},{'D5'},&,1.0,&
{'R3'},{'D1'},{'D7'},{'D6'},{'R2'},{'R1'},,,,,&,1.0,&
{'R3'},{'D1'},{'D7'},{'D6'},{'R2'},{'D2'},{'R1'},{'D3'},{'D4'},{'D5'},&,1.0,&
{'R3'},{'D1'},{'D7'},{'D6'},{'R2'},{'D2'},{'R1'},{'D4'},{'D3'},{'D5'},&,1.0,&
{'R3'},{'D1'},{'D7'},{'D6'},{'D4'},,,,,,&,2.0,&
{'R3'},{'D1'},{'D7'},{'D6'},{'D4'},{'D2'},{'R2'},{'R1'},{'D3'},,&,1.0,&
{'R3'},{'D1'},{'D7'},{'D6'},{'D2'},{'D4'},,,,,&,2.0,&
{'R3'},{'D1'},{'D7'},{'D6'},{'D2'},{'R1'},{'R2'},{'D4'},,,&,1.0,&
{'R3'},{'D1'},{'D7'},{'D6'},{'D2'},{'D3'},{'D5'},{'R1'},{'R2'},,&,1.0,&
{'R3'},{'D1'},{'D7'},{'D6'},{'D2'},{'D3'},{'R2'},{'D4'},,,&,1.0,&
{'R3'},{'D1'},{'D7'},{'D6'},{'D5'},,,,,,&,1.0,&
{'R3'},{'D1'},{'D7'},{'D5'},,,,,,,&,1.0,&
{'R3'},{'D1'},{'D7'},{'D5'},{'R2'},{'D2'},,,,,&,1.0,&
{'R3'},{'D1'},{'D7'},{'D5'},{'R2'},{'D2'},{'D4'},{'R1'},,,&,1.0,&
{'R3'},{'D1'},{'D7'},{'D5'},{'R2'},{'D2'},{'D4'},{'R1'},{'D3'},{'D6'},&,1.0,&
{'R3'},{'D1'},{'D7'},{'D5'},{'D4'},{'R1'},{'D2'},{'R2'},{'D3'},,&,1.0,&
{'R3'},{'D1'},{'D7'},{'D5'},{'D6'},{'R2'},{'R1'},,,,&,1.0,&
{'R3'},{'D1'},{'R1'},,,,,,,,&,31.0,&
{'R3'},{'D1'},{'R1'},{'D2'},,,,,,,&,6.0,&
{'R3'},{'D1'},{'R1'},{'D2'},{'D7'},,,,,,&,2.0,&
{'R3'},{'D1'},{'R1'},{'D2'},{'D7'},{'D4'},{'D6'},{'D3'},{'R2'},{'D5'},&,1.0,&
{'R3'},{'D1'},{'R1'},{'D2'},{'D7'},{'D3'},{'R2'},{'D4'},,,&,1.0,&
{'R3'},{'D1'},{'R1'},{'D2'},{'D7'},{'R2'},{'D3'},,,,&,1.0,&
{'R3'},{'D1'},{'R1'},{'D2'},{'D7'},{'R2'},{'D3'},{'D4'},{'D6'},{'D5'},&,1.0,&
{'R3'},{'D1'},{'R1'},{'D2'},{'D7'},{'R2'},{'D4'},{'D3'},{'D6'},{'D5'},&,1.0,&
{'R3'},{'D1'},{'R1'},{'D2'},{'D7'},{'R2'},{'D6'},,,,&,1.0,&
{'R3'},{'D1'},{'R1'},{'D2'},{'D7'},{'R2'},{'D6'},{'D3'},{'D4'},{'D5'},&,1.0,&
{'R3'},{'D1'},{'R1'},{'D2'},{'D7'},{'D6'},,,,,&,1.0,&
{'R3'},{'D1'},{'R1'},{'D2'},{'D7'},{'D6'},{'D3'},{'R2'},,,&,1.0,&
{'R3'},{'D1'},{'R1'},{'D2'},{'R2'},,,,,,&,1.0,&
{'R3'},{'D1'},{'R1'},{'D2'},{'R2'},{'D4'},,,,,&,1.0,&
{'R3'},{'D1'},{'R1'},{'D2'},{'R2'},{'D4'},{'D7'},{'D3'},{'D6'},{'D5'},&,1.0,&
{'R3'},{'D1'},{'R1'},{'D2'},{'R2'},{'D3'},{'D7'},{'D4'},{'D6'},{'D5'},&,1.0,&
{'R3'},{'D1'},{'R1'},{'D2'},{'R2'},{'D7'},,,,,&,1.0,&
{'R3'},{'D1'},{'R1'},{'D2'},{'D4'},,,,,,&,1.0,&
{'R3'},{'D1'},{'R1'},{'D2'},{'D4'},{'D7'},{'D3'},,,,&,1.0,&
{'R3'},{'D1'},{'R1'},{'D2'},{'D4'},{'D7'},{'D3'},{'R2'},{'D6'},,&,1.0,&
{'R3'},{'D1'},{'R1'},{'D2'},{'D4'},{'D7'},{'D5'},,,,&,1.0,&
{'R3'},{'D1'},{'R1'},{'D2'},{'D4'},{'D7'},{'R2'},,,,&,1.0,&
{'R3'},{'D1'},{'R1'},{'D2'},{'D4'},{'D7'},{'R2'},{'D6'},{'D3'},{'D5'},&,1.0,&
{'R3'},{'D1'},{'R1'},{'D2'},{'D4'},{'D7'},{'R2'},{'D3'},{'D6'},{'D5'},&,1.0,&
{'R3'},{'D1'},{'R1'},{'D2'},{'D4'},{'R2'},,,,,&,1.0,&
{'R3'},{'D1'},{'R1'},{'D2'},{'D4'},{'R2'},{'D7'},,,,&,1.0,&
{'R3'},{'D1'},{'R1'},{'D2'},{'D4'},{'R2'},{'D7'},{'D6'},,,&,1.0,&
{'R3'},{'D1'},{'R1'},{'D2'},{'D4'},{'R2'},{'D7'},{'D3'},,,&,1.0,&
{'R3'},{'D1'},{'R1'},{'D2'},{'D6'},,,,,,&,1.0,&
{'R3'},{'D1'},{'R1'},{'D2'},{'D6'},{'R2'},{'D7'},{'D4'},,,&,2.0,&
{'R3'},{'D1'},{'R1'},{'D2'},{'D3'},,,,,,&,2.0,&
{'R3'},{'D1'},{'R1'},{'D2'},{'D3'},{'R2'},{'D6'},,,,&,1.0,&
{'R3'},{'D1'},{'R1'},{'R2'},,,,,,,&,9.0,&
{'R3'},{'D1'},{'R1'},{'R2'},{'D7'},,,,,,&,2.0,&
{'R3'},{'D1'},{'R1'},{'R2'},{'D7'},{'D4'},{'D3'},,,,&,1.0,&
{'R3'},{'D1'},{'R1'},{'R2'},{'D7'},{'D4'},{'D2'},,,,&,1.0,&
{'R3'},{'D1'},{'R1'},{'R2'},{'D7'},{'D4'},{'D2'},{'D3'},{'D6'},{'D5'},&,1.0,&
{'R3'},{'D1'},{'R1'},{'R2'},{'D7'},{'D3'},{'D2'},,,,&,1.0,&
{'R3'},{'D1'},{'R1'},{'R2'},{'D7'},{'D3'},{'D2'},{'D6'},{'D4'},,&,1.0,&
{'R3'},{'D1'},{'R1'},{'R2'},{'D7'},{'D2'},{'D5'},{'D6'},{'D4'},{'D3'},&,1.0,&
{'R3'},{'D1'},{'R1'},{'R2'},{'D7'},{'D2'},{'D4'},{'D6'},{'D3'},{'D5'},&,1.0,&
{'R3'},{'D1'},{'R1'},{'R2'},{'D7'},{'D2'},{'D6'},{'D4'},{'D5'},{'D3'},&,1.0,&
{'R3'},{'D1'},{'R1'},{'R2'},{'D7'},{'D5'},{'D2'},,,,&,1.0,&
{'R3'},{'D1'},{'R1'},{'R2'},{'D4'},,,,,,&,2.0,&
{'R3'},{'D1'},{'R1'},{'R2'},{'D4'},{'D2'},{'D6'},{'D7'},{'D3'},,&,1.0,&
{'R3'},{'D1'},{'R1'},{'R2'},{'D4'},{'D7'},,,,,&,1.0,&
{'R3'},{'D1'},{'R1'},{'R2'},{'D4'},{'D7'},{'D3'},{'D2'},,,&,1.0,&
{'R3'},{'D1'},{'R1'},{'R2'},{'D4'},{'D7'},{'D2'},{'D6'},,,&,1.0,&
{'R3'},{'D1'},{'R1'},{'R2'},{'D2'},,,,,,&,2.0,&
{'R3'},{'D1'},{'R1'},{'R2'},{'D2'},{'D4'},,,,,&,2.0,&
{'R3'},{'D1'},{'R1'},{'R2'},{'D2'},{'D4'},{'D7'},{'D3'},,,&,1.0,&
{'R3'},{'D1'},{'R1'},{'R2'},{'D2'},{'D4'},{'D7'},{'D3'},{'D6'},{'D5'},&,1.0,&
{'R3'},{'D1'},{'R1'},{'R2'},{'D2'},{'D3'},{'D7'},,,,&,1.0,&
{'R3'},{'D1'},{'R1'},{'R2'},{'D2'},{'D7'},,,,,&,3.0,&
{'R3'},{'D1'},{'R1'},{'R2'},{'D2'},{'D7'},{'D5'},{'D4'},{'D3'},{'D6'},&,1.0,&
{'R3'},{'D1'},{'R1'},{'R2'},{'D2'},{'D7'},{'D4'},,,,&,1.0,&
{'R3'},{'D1'},{'R1'},{'R2'},{'D2'},{'D7'},{'D4'},{'D6'},{'D3'},{'D5'},&,1.0,&
{'R3'},{'D1'},{'R1'},{'R2'},{'D2'},{'D7'},{'D4'},{'D3'},,,&,1.0,&
{'R3'},{'D1'},{'R1'},{'R2'},{'D2'},{'D7'},{'D4'},{'D3'},{'D6'},{'D5'},&,1.0,&
{'R3'},{'D1'},{'R1'},{'R2'},{'D2'},{'D7'},{'D6'},{'D3'},,,&,1.0,&
{'R3'},{'D1'},{'R1'},{'R2'},{'D2'},{'D6'},{'D7'},{'D4'},,,&,1.0,&
{'R3'},{'D1'},{'R1'},{'R2'},{'D6'},{'D2'},,,,,&,1.0,&
{'R3'},{'D1'},{'R1'},{'R2'},{'D6'},{'D7'},{'D2'},{'D4'},,,&,1.0,&
{'R3'},{'D1'},{'R1'},{'R2'},{'D6'},{'D7'},{'D2'},{'D4'},{'D3'},{'D5'},&,1.0,&
{'R3'},{'D1'},{'R1'},{'R2'},{'D3'},,,,,,&,1.0,&
{'R3'},{'D1'},{'R1'},{'R2'},{'D3'},{'D2'},,,,,&,1.0,&
{'R3'},{'D1'},{'R1'},{'R2'},{'D3'},{'D2'},{'D4'},{'D6'},{'D7'},,&,1.0,&
{'R3'},{'D1'},{'R1'},{'R2'},{'D5'},{'D2'},{'D7'},,,,&,1.0,&
{'R3'},{'D1'},{'R1'},{'D7'},,,,,,,&,5.0,&
{'R3'},{'D1'},{'R1'},{'D7'},{'R2'},,,,,,&,2.0,&
{'R3'},{'D1'},{'R1'},{'D7'},{'R2'},{'D4'},{'D2'},{'D5'},,,&,1.0,&
{'R3'},{'D1'},{'R1'},{'D7'},{'R2'},{'D3'},{'D2'},{'D6'},,,&,1.0,&
{'R3'},{'D1'},{'R1'},{'D7'},{'R2'},{'D2'},{'D4'},{'D6'},{'D3'},,&,1.0,&
{'R3'},{'D1'},{'R1'},{'D7'},{'R2'},{'D2'},{'D6'},{'D3'},,,&,1.0,&
{'R3'},{'D1'},{'R1'},{'D7'},{'D4'},{'D2'},,,,,&,2.0,&
{'R3'},{'D1'},{'R1'},{'D7'},{'D4'},{'D2'},{'R2'},{'D3'},,,&,1.0,&
{'R3'},{'D1'},{'R1'},{'D7'},{'D2'},,,,,,&,2.0,&
{'R3'},{'D1'},{'R1'},{'D7'},{'D2'},{'D4'},,,,,&,1.0,&
{'R3'},{'D1'},{'R1'},{'D7'},{'D2'},{'D4'},{'D6'},,,,&,1.0,&
{'R3'},{'D1'},{'R1'},{'D7'},{'D2'},{'D4'},{'D6'},{'R2'},,,&,1.0,&
{'R3'},{'D1'},{'R1'},{'D7'},{'D2'},{'R2'},{'D3'},{'D4'},{'D5'},{'D6'},&,1.0,&
{'R3'},{'D1'},{'R1'},{'D7'},{'D2'},{'R2'},{'D4'},,,,&,2.0,&
{'R3'},{'D1'},{'R1'},{'D7'},{'D2'},{'D6'},{'D3'},,,,&,1.0,&
{'R3'},{'D1'},{'R1'},{'D7'},{'D3'},{'D2'},{'D4'},,,,&,1.0,&
{'R3'},{'D1'},{'R1'},{'D7'},{'D3'},{'D2'},{'R2'},{'D4'},,,&,1.0,&
{'R3'},{'D1'},{'R1'},{'D7'},{'D3'},{'R2'},{'D4'},{'D2'},,,&,1.0,&
{'R3'},{'D1'},{'R1'},{'D4'},,,,,,,&,3.0,&
{'R3'},{'D1'},{'R1'},{'D4'},{'R2'},,,,,,&,1.0,&
{'R3'},{'D1'},{'R1'},{'D4'},{'R2'},{'D2'},,,,,&,1.0,&
{'R3'},{'D1'},{'R1'},{'D4'},{'R2'},{'D2'},{'D3'},{'D7'},{'D6'},{'D5'},&,1.0,&
{'R3'},{'D1'},{'R1'},{'D4'},{'R2'},{'D7'},,,,,&,1.0,&
{'R3'},{'D1'},{'R1'},{'D4'},{'R2'},{'D7'},{'D3'},{'D2'},,,&,1.0,&
{'R3'},{'D1'},{'R1'},{'D4'},{'D2'},{'D3'},{'R2'},{'D6'},{'D7'},{'D5'},&,1.0,&
{'R3'},{'D1'},{'R1'},{'D4'},{'D2'},{'R2'},{'D6'},{'D3'},{'D7'},{'D5'},&,1.0,&
{'R3'},{'D1'},{'R1'},{'D4'},{'D6'},{'R2'},{'D7'},{'D2'},{'D3'},{'D5'},&,1.0,&
{'R3'},{'D1'},{'R1'},{'D3'},{'D7'},{'D2'},{'R2'},{'D4'},,,&,1.0,&
{'R3'},{'D1'},{'R1'},{'D3'},{'D7'},{'D6'},,,,,&,1.0,&
{'R3'},{'D1'},{'R1'},{'D3'},{'D2'},,,,,,&,2.0,&
{'R3'},{'D1'},{'R1'},{'D6'},,,,,,,&,1.0,&
{'R3'},{'D1'},{'R1'},{'D6'},{'R2'},{'D7'},,,,,&,1.0,&
{'R3'},{'D1'},{'R1'},{'D6'},{'D5'},,,,,,&,1.0,&
{'R3'},{'D1'},{'D2'},,,,,,,,&,110.0,&
{'R3'},{'D1'},{'D2'},{'R1'},,,,,,,&,6.0,&
{'R3'},{'D1'},{'D2'},{'R1'},{'D7'},,,,,,&,3.0,&
{'R3'},{'D1'},{'D2'},{'R1'},{'D7'},{'D4'},,,,,&,1.0,&
{'R3'},{'D1'},{'D2'},{'R1'},{'D7'},{'D4'},{'R2'},,,,&,1.0,&
{'R3'},{'D1'},{'D2'},{'R1'},{'D7'},{'D4'},{'R2'},{'D3'},{'D6'},,&,1.0,&
{'R3'},{'D1'},{'D2'},{'R1'},{'D7'},{'D5'},{'R2'},{'D4'},{'D6'},{'D3'},&,1.0,&
{'R3'},{'D1'},{'D2'},{'R1'},{'D7'},{'R2'},,,,,&,1.0,&
{'R3'},{'D1'},{'D2'},{'R1'},{'D7'},{'R2'},{'D3'},{'D4'},,,&,1.0,&
{'R3'},{'D1'},{'D2'},{'R1'},{'D7'},{'R2'},{'D5'},,,,&,1.0,&
{'R3'},{'D1'},{'D2'},{'R1'},{'D7'},{'R2'},{'D4'},{'D3'},{'D5'},{'D6'},&,1.0,&
{'R3'},{'D1'},{'D2'},{'R1'},{'R2'},,,,,,&,1.0,&
{'R3'},{'D1'},{'D2'},{'R1'},{'R2'},{'D4'},{'D7'},{'D3'},,,&,1.0,&
{'R3'},{'D1'},{'D2'},{'R1'},{'R2'},{'D4'},{'D7'},{'D3'},{'D5'},{'D6'},&,1.0,&
{'R3'},{'D1'},{'D2'},{'R1'},{'R2'},{'D4'},{'D6'},{'D7'},{'D3'},{'D5'},&,1.0,&
{'R3'},{'D1'},{'D2'},{'R1'},{'D4'},{'D7'},,,,,&,1.0,&
{'R3'},{'D1'},{'D2'},{'R1'},{'D4'},{'D7'},{'D3'},,,,&,1.0,&
{'R3'},{'D1'},{'D2'},{'R1'},{'D4'},{'D6'},{'D7'},{'D3'},,,&,1.0,&
{'R3'},{'D1'},{'D2'},{'R1'},{'D3'},{'D4'},{'D6'},{'D7'},,,&,1.0,&
{'R3'},{'D1'},{'D2'},{'R1'},{'D3'},{'D7'},{'R2'},{'D4'},{'D6'},,&,1.0,&
{'R3'},{'D1'},{'D2'},{'R2'},,,,,,,&,26.0,&
{'R3'},{'D1'},{'D2'},{'R2'},{'D7'},,,,,,&,5.0,&
{'R3'},{'D1'},{'D2'},{'R2'},{'D7'},{'D4'},,,,,&,2.0,&
{'R3'},{'D1'},{'D2'},{'R2'},{'D7'},{'D4'},{'D3'},,,,&,1.0,&
{'R3'},{'D1'},{'D2'},{'R2'},{'D7'},{'D4'},{'D3'},{'D6'},{'D5'},,&,1.0,&
{'R3'},{'D1'},{'D2'},{'R2'},{'D7'},{'D4'},{'R1'},,,,&,3.0,&
{'R3'},{'D1'},{'D2'},{'R2'},{'D7'},{'D4'},{'R1'},{'D5'},,,&,1.0,&
{'R3'},{'D1'},{'D2'},{'R2'},{'D7'},{'D4'},{'D6'},,,,&,1.0,&
{'R3'},{'D1'},{'D2'},{'R2'},{'D7'},{'R1'},,,,,&,6.0,&
{'R3'},{'D1'},{'D2'},{'R2'},{'D7'},{'R1'},{'D3'},{'D6'},{'D4'},{'D5'},&,1.0,&
{'R3'},{'D1'},{'D2'},{'R2'},{'D7'},{'R1'},{'D3'},{'D4'},{'D5'},{'D6'},&,1.0,&
{'R3'},{'D1'},{'D2'},{'R2'},{'D7'},{'R1'},{'D4'},{'D5'},,,&,2.0,&
{'R3'},{'D1'},{'D2'},{'R2'},{'D7'},{'R1'},{'D4'},{'D6'},,,&,1.0,&
{'R3'},{'D1'},{'D2'},{'R2'},{'D7'},{'R1'},{'D4'},{'D3'},,,&,1.0,&
{'R3'},{'D1'},{'D2'},{'R2'},{'D7'},{'R1'},{'D6'},,,,&,2.0,&
{'R3'},{'D1'},{'D2'},{'R2'},{'D7'},{'R1'},{'D6'},{'D4'},{'D3'},,&,1.0,&
{'R3'},{'D1'},{'D2'},{'R2'},{'D7'},{'D3'},,,,,&,1.0,&
{'R3'},{'D1'},{'D2'},{'R2'},{'D7'},{'D3'},{'R1'},{'D6'},{'D4'},{'D5'},&,2.0,&
{'R3'},{'D1'},{'D2'},{'R2'},{'D7'},{'D3'},{'D4'},,,,&,1.0,&
{'R3'},{'D1'},{'D2'},{'R2'},{'D7'},{'D3'},{'D6'},{'D4'},{'R1'},{'D5'},&,1.0,&
{'R3'},{'D1'},{'D2'},{'R2'},{'D7'},{'D3'},{'D6'},{'R1'},{'D4'},{'D5'},&,1.0,&
{'R3'},{'D1'},{'D2'},{'R2'},{'D7'},{'D5'},,,,,&,1.0,&
{'R3'},{'D1'},{'D2'},{'R2'},{'D7'},{'D5'},{'R1'},{'D3'},{'D4'},{'D6'},&,1.0,&
{'R3'},{'D1'},{'D2'},{'R2'},{'D7'},{'D5'},{'D4'},{'D6'},{'D3'},,&,1.0,&
{'R3'},{'D1'},{'D2'},{'R2'},{'D7'},{'D5'},{'D4'},{'D3'},{'D6'},{'R1'},&,1.0,&
{'R3'},{'D1'},{'D2'},{'R2'},{'D7'},{'D6'},,,,,&,4.0,&
{'R3'},{'D1'},{'D2'},{'R2'},{'D7'},{'D6'},{'D3'},{'R1'},,,&,1.0,&
{'R3'},{'D1'},{'D2'},{'R2'},{'D7'},{'D6'},{'R1'},,,,&,1.0,&
{'R3'},{'D1'},{'D2'},{'R2'},{'D7'},{'D6'},{'R1'},{'D4'},,,&,1.0,&
{'R3'},{'D1'},{'D2'},{'R2'},{'D7'},{'D6'},{'R1'},{'D4'},{'D5'},,&,1.0,&
{'R3'},{'D1'},{'D2'},{'R2'},{'R1'},,,,,,&,8.0,&
{'R3'},{'D1'},{'D2'},{'R2'},{'R1'},{'D4'},,,,,&,4.0,&
{'R3'},{'D1'},{'D2'},{'R2'},{'R1'},{'D4'},{'D3'},{'D5'},,,&,1.0,&
{'R3'},{'D1'},{'D2'},{'R2'},{'R1'},{'D4'},{'D7'},,,,&,2.0,&
{'R3'},{'D1'},{'D2'},{'R2'},{'R1'},{'D4'},{'D7'},{'D6'},{'D3'},{'D5'},&,1.0,&
{'R3'},{'D1'},{'D2'},{'R2'},{'R1'},{'D3'},,,,,&,2.0,&
{'R3'},{'D1'},{'D2'},{'R2'},{'R1'},{'D3'},{'D7'},,,,&,1.0,&
{'R3'},{'D1'},{'D2'},{'R2'},{'R1'},{'D3'},{'D7'},{'D4'},{'D6'},{'D5'},&,1.0,&
{'R3'},{'D1'},{'D2'},{'R2'},{'R1'},{'D7'},,,,,&,5.0,&
{'R3'},{'D1'},{'D2'},{'R2'},{'R1'},{'D7'},{'D3'},,,,&,3.0,&
{'R3'},{'D1'},{'D2'},{'R2'},{'R1'},{'D7'},{'D3'},{'D5'},,,&,1.0,&
{'R3'},{'D1'},{'D2'},{'R2'},{'R1'},{'D7'},{'D3'},{'D6'},,,&,1.0,&
{'R3'},{'D1'},{'D2'},{'R2'},{'R1'},{'D7'},{'D3'},{'D4'},{'D6'},{'D5'},&,1.0,&
{'R3'},{'D1'},{'D2'},{'R2'},{'R1'},{'D7'},{'D5'},{'D3'},{'D4'},{'D6'},&,1.0,&
{'R3'},{'D1'},{'D2'},{'R2'},{'R1'},{'D7'},{'D4'},,,,&,6.0,&
{'R3'},{'D1'},{'D2'},{'R2'},{'R1'},{'D7'},{'D4'},{'D6'},,,&,2.0,&
{'R3'},{'D1'},{'D2'},{'R2'},{'R1'},{'D7'},{'D4'},{'D3'},{'D6'},,&,1.0,&
{'R3'},{'D1'},{'D2'},{'R2'},{'R1'},{'D7'},{'D6'},{'D3'},,,&,1.0,&
{'R3'},{'D1'},{'D2'},{'R2'},{'R1'},{'D7'},{'D6'},{'D4'},{'D3'},{'D5'},&,1.0,&
{'R3'},{'D1'},{'D2'},{'R2'},{'R1'},{'D6'},{'D3'},{'D7'},{'D5'},,&,1.0,&
{'R3'},{'D1'},{'D2'},{'R2'},{'R1'},{'D6'},{'D7'},,,,&,2.0,&
{'R3'},{'D1'},{'D2'},{'R2'},{'R1'},{'D6'},{'D7'},{'D4'},,,&,1.0,&
{'R3'},{'D1'},{'D2'},{'R2'},{'R1'},{'D6'},{'D4'},,,,&,1.0,&
{'R3'},{'D1'},{'D2'},{'R2'},{'D4'},,,,,,&,1.0,&
{'R3'},{'D1'},{'D2'},{'R2'},{'D4'},{'R1'},,,,,&,2.0,&
{'R3'},{'D1'},{'D2'},{'R2'},{'D4'},{'R1'},{'D7'},,,,&,1.0,&
{'R3'},{'D1'},{'D2'},{'R2'},{'D4'},{'D3'},{'D7'},{'D6'},,,&,1.0,&
{'R3'},{'D1'},{'D2'},{'R2'},{'D4'},{'D3'},{'R1'},{'D7'},,,&,1.0,&
{'R3'},{'D1'},{'D2'},{'R2'},{'D4'},{'D3'},{'D6'},{'D7'},{'R1'},{'D5'},&,1.0,&
{'R3'},{'D1'},{'D2'},{'R2'},{'D4'},{'D7'},,,,,&,1.0,&
{'R3'},{'D1'},{'D2'},{'R2'},{'D4'},{'D7'},{'D3'},{'D6'},,,&,1.0,&
{'R3'},{'D1'},{'D2'},{'R2'},{'D4'},{'D7'},{'D3'},{'R1'},{'D6'},,&,1.0,&
{'R3'},{'D1'},{'D2'},{'R2'},{'D4'},{'D7'},{'D3'},{'R1'},{'D5'},{'D6'},&,1.0,&
{'R3'},{'D1'},{'D2'},{'R2'},{'D4'},{'D7'},{'R1'},,,,&,1.0,&
{'R3'},{'D1'},{'D2'},{'R2'},{'D4'},{'D7'},{'R1'},{'D3'},,,&,1.0,&
{'R3'},{'D1'},{'D2'},{'R2'},{'D4'},{'D7'},{'R1'},{'D3'},{'D5'},,&,1.0,&
{'R3'},{'D1'},{'D2'},{'R2'},{'D4'},{'D6'},{'R1'},,,,&,1.0,&
{'R3'},{'D1'},{'D2'},{'R2'},{'D6'},{'R1'},{'D7'},{'D4'},{'D3'},{'D5'},&,1.0,&
{'R3'},{'D1'},{'D2'},{'R2'},{'D3'},{'D4'},{'D7'},{'D6'},{'D5'},{'R1'},&,1.0,&
{'R3'},{'D1'},{'D2'},{'R2'},{'D3'},{'D7'},{'D4'},{'R1'},,,&,1.0,&
{'R3'},{'D1'},{'D2'},{'R2'},{'D5'},{'R1'},{'D7'},{'D4'},{'D3'},,&,1.0,&
{'R3'},{'D1'},{'D2'},{'D7'},,,,,,,&,36.0,&
{'R3'},{'D1'},{'D2'},{'D7'},{'R1'},,,,,,&,4.0,&
{'R3'},{'D1'},{'D2'},{'D7'},{'R1'},{'D4'},{'D5'},,,,&,1.0,&
{'R3'},{'D1'},{'D2'},{'D7'},{'R1'},{'D4'},{'R2'},{'D6'},{'D3'},{'D5'},&,1.0,&
{'R3'},{'D1'},{'D2'},{'D7'},{'R1'},{'R2'},,,,,&,2.0,&
{'R3'},{'D1'},{'D2'},{'D7'},{'R1'},{'R2'},{'D3'},,,,&,1.0,&
{'R3'},{'D1'},{'D2'},{'D7'},{'R1'},{'R2'},{'D4'},{'D5'},{'D3'},{'D6'},&,1.0,&
{'R3'},{'D1'},{'D2'},{'D7'},{'R2'},,,,,,&,8.0,&
{'R3'},{'D1'},{'D2'},{'D7'},{'R2'},{'D4'},,,,,&,3.0,&
{'R3'},{'D1'},{'D2'},{'D7'},{'R2'},{'D4'},{'D3'},,,,&,2.0,&
{'R3'},{'D1'},{'D2'},{'D7'},{'R2'},{'D4'},{'D3'},{'D5'},,,&,1.0,&
{'R3'},{'D1'},{'D2'},{'D7'},{'R2'},{'D4'},{'D3'},{'D5'},{'D6'},{'R1'},&,1.0,&
{'R3'},{'D1'},{'D2'},{'D7'},{'R2'},{'D4'},{'D3'},{'D6'},{'D5'},,&,1.0,&
{'R3'},{'D1'},{'D2'},{'D7'},{'R2'},{'D4'},{'D3'},{'D6'},{'R1'},{'D5'},&,1.0,&
{'R3'},{'D1'},{'D2'},{'D7'},{'R2'},{'D4'},{'R1'},{'D5'},,,&,1.0,&
{'R3'},{'D1'},{'D2'},{'D7'},{'R2'},{'D4'},{'R1'},{'D6'},,,&,1.0,&
{'R3'},{'D1'},{'D2'},{'D7'},{'R2'},{'D4'},{'R1'},{'D6'},{'D3'},,&,1.0,&
{'R3'},{'D1'},{'D2'},{'D7'},{'R2'},{'D4'},{'R1'},{'D6'},{'D3'},{'D5'},&,2.0,&
{'R3'},{'D1'},{'D2'},{'D7'},{'R2'},{'D4'},{'R1'},{'D3'},{'D6'},{'D5'},&,1.0,&
{'R3'},{'D1'},{'D2'},{'D7'},{'R2'},{'D4'},{'D6'},,,,&,1.0,&
{'R3'},{'D1'},{'D2'},{'D7'},{'R2'},{'R1'},,,,,&,7.0,&
{'R3'},{'D1'},{'D2'},{'D7'},{'R2'},{'R1'},{'D4'},,,,&,4.0,&
{'R3'},{'D1'},{'D2'},{'D7'},{'R2'},{'R1'},{'D4'},{'D5'},,,&,1.0,&
{'R3'},{'D1'},{'D2'},{'D7'},{'R2'},{'R1'},{'D4'},{'D6'},,,&,1.0,&
{'R3'},{'D1'},{'D2'},{'D7'},{'R2'},{'R1'},{'D4'},{'D6'},{'D3'},,&,1.0,&
{'R3'},{'D1'},{'D2'},{'D7'},{'R2'},{'R1'},{'D4'},{'D6'},{'D3'},{'D5'},&,2.0,&
{'R3'},{'D1'},{'D2'},{'D7'},{'R2'},{'R1'},{'D4'},{'D3'},{'D6'},{'D5'},&,1.0,&
{'R3'},{'D1'},{'D2'},{'D7'},{'R2'},{'R1'},{'D4'},{'D3'},{'D5'},{'D6'},&,1.0,&
{'R3'},{'D1'},{'D2'},{'D7'},{'R2'},{'R1'},{'D6'},,,,&,1.0,&
{'R3'},{'D1'},{'D2'},{'D7'},{'R2'},{'D3'},{'R1'},{'D4'},,,&,1.0,&
{'R3'},{'D1'},{'D2'},{'D7'},{'R2'},{'D3'},{'D4'},{'D5'},{'D6'},{'R1'},&,1.0,&
{'R3'},{'D1'},{'D2'},{'D7'},{'R2'},{'D3'},{'D4'},{'D6'},{'D5'},,&,1.0,&
{'R3'},{'D1'},{'D2'},{'D7'},{'R2'},{'D3'},{'D4'},{'D6'},{'R1'},,&,1.0,&
{'R3'},{'D1'},{'D2'},{'D7'},{'R2'},{'D3'},{'D4'},{'R1'},{'D6'},{'D5'},&,1.0,&
{'R3'},{'D1'},{'D2'},{'D7'},{'R2'},{'D3'},{'D6'},,,,&,1.0,&
{'R3'},{'D1'},{'D2'},{'D7'},{'R2'},{'D5'},,,,,&,1.0,&
{'R3'},{'D1'},{'D2'},{'D7'},{'R2'},{'D5'},{'D4'},{'D3'},{'R1'},,&,1.0,&
{'R3'},{'D1'},{'D2'},{'D7'},{'R2'},{'D6'},,,,,&,2.0,&
{'R3'},{'D1'},{'D2'},{'D7'},{'R2'},{'D6'},{'D4'},{'D5'},{'D3'},{'R1'},&,1.0,&
{'R3'},{'D1'},{'D2'},{'D7'},{'D4'},,,,,,&,10.0,&
{'R3'},{'D1'},{'D2'},{'D7'},{'D4'},{'R1'},{'D3'},,,,&,1.0,&
{'R3'},{'D1'},{'D2'},{'D7'},{'D4'},{'R1'},{'R2'},,,,&,1.0,&
{'R3'},{'D1'},{'D2'},{'D7'},{'D4'},{'D3'},,,,,&,4.0,&
{'R3'},{'D1'},{'D2'},{'D7'},{'D4'},{'D3'},{'R1'},{'R2'},{'D6'},{'D5'},&,1.0,&
{'R3'},{'D1'},{'D2'},{'D7'},{'D4'},{'D3'},{'R2'},{'D6'},{'D5'},{'R1'},&,1.0,&
{'R3'},{'D1'},{'D2'},{'D7'},{'D4'},{'D3'},{'D6'},{'D5'},,,&,2.0,&
{'R3'},{'D1'},{'D2'},{'D7'},{'D4'},{'D3'},{'D6'},{'R2'},{'D5'},{'R1'},&,1.0,&
{'R3'},{'D1'},{'D2'},{'D7'},{'D4'},{'D5'},,,,,&,1.0,&
{'R3'},{'D1'},{'D2'},{'D7'},{'D4'},{'D5'},{'R1'},{'R2'},{'D3'},,&,1.0,&
{'R3'},{'D1'},{'D2'},{'D7'},{'D4'},{'D5'},{'D6'},{'D3'},{'R1'},{'R2'},&,1.0,&
{'R3'},{'D1'},{'D2'},{'D7'},{'D4'},{'R2'},{'D3'},{'D6'},,,&,1.0,&
{'R3'},{'D1'},{'D2'},{'D7'},{'D4'},{'R2'},{'D3'},{'R1'},,,&,1.0,&
{'R3'},{'D1'},{'D2'},{'D7'},{'D4'},{'R2'},{'R1'},,,,&,2.0,&
{'R3'},{'D1'},{'D2'},{'D7'},{'D4'},{'R2'},{'R1'},{'D6'},{'D3'},,&,1.0,&
{'R3'},{'D1'},{'D2'},{'D7'},{'D4'},{'R2'},{'R1'},{'D6'},{'D3'},{'D5'},&,1.0,&
{'R3'},{'D1'},{'D2'},{'D7'},{'D4'},{'R2'},{'R1'},{'D3'},,,&,2.0,&
{'R3'},{'D1'},{'D2'},{'D7'},{'D4'},{'R2'},{'R1'},{'D3'},{'D6'},,&,1.0,&
{'R3'},{'D1'},{'D2'},{'D7'},{'D4'},{'R2'},{'R1'},{'D3'},{'D6'},{'D5'},&,1.0,&
{'R3'},{'D1'},{'D2'},{'D7'},{'D4'},{'R2'},{'D6'},{'R1'},{'D3'},{'D5'},&,1.0,&
{'R3'},{'D1'},{'D2'},{'D7'},{'D4'},{'D6'},,,,,&,2.0,&
{'R3'},{'D1'},{'D2'},{'D7'},{'D4'},{'D6'},{'D3'},,,,&,1.0,&
{'R3'},{'D1'},{'D2'},{'D7'},{'D4'},{'D6'},{'D3'},{'D5'},,,&,1.0,&
{'R3'},{'D1'},{'D2'},{'D7'},{'D4'},{'D6'},{'D3'},{'R2'},{'R1'},,&,1.0,&
{'R3'},{'D1'},{'D2'},{'D7'},{'D4'},{'D6'},{'D5'},,,,&,1.0,&
{'R3'},{'D1'},{'D2'},{'D7'},{'D4'},{'D6'},{'R2'},,,,&,2.0,&
{'R3'},{'D1'},{'D2'},{'D7'},{'D4'},{'D6'},{'R2'},{'D3'},{'D5'},{'R1'},&,1.0,&
{'R3'},{'D1'},{'D2'},{'D7'},{'D6'},,,,,,&,2.0,&
{'R3'},{'D1'},{'D2'},{'D7'},{'D6'},{'D4'},,,,,&,1.0,&
{'R3'},{'D1'},{'D2'},{'D7'},{'D6'},{'D4'},{'D3'},{'D5'},{'R2'},,&,1.0,&
{'R3'},{'D1'},{'D2'},{'D7'},{'D6'},{'D4'},{'R2'},{'R1'},,,&,1.0,&
{'R3'},{'D1'},{'D2'},{'D7'},{'D6'},{'D3'},{'R2'},,,,&,1.0,&
{'R3'},{'D1'},{'D2'},{'D7'},{'D6'},{'D3'},{'R2'},{'R1'},{'D5'},,&,1.0,&
{'R3'},{'D1'},{'D2'},{'D7'},{'D6'},{'R2'},,,,,&,1.0,&
{'R3'},{'D1'},{'D2'},{'D7'},{'D6'},{'R2'},{'D3'},{'R1'},{'D4'},,&,1.0,&
{'R3'},{'D1'},{'D2'},{'D7'},{'D6'},{'R2'},{'R1'},{'D5'},,,&,1.0,&
{'R3'},{'D1'},{'D2'},{'D7'},{'D6'},{'R2'},{'R1'},{'D4'},,,&,1.0,&
{'R3'},{'D1'},{'D2'},{'D7'},{'D3'},,,,,,&,1.0,&
{'R3'},{'D1'},{'D2'},{'D7'},{'D3'},{'D4'},,,,,&,2.0,&
{'R3'},{'D1'},{'D2'},{'D7'},{'D3'},{'D4'},{'D5'},{'D6'},,,&,1.0,&
{'R3'},{'D1'},{'D2'},{'D7'},{'D3'},{'D4'},{'R2'},{'R1'},{'D6'},{'D5'},&,1.0,&
{'R3'},{'D1'},{'D2'},{'D7'},{'D3'},{'D4'},{'D6'},,,,&,1.0,&
{'R3'},{'D1'},{'D2'},{'D7'},{'D3'},{'D4'},{'D6'},{'D5'},,,&,1.0,&
{'R3'},{'D1'},{'D2'},{'D7'},{'D3'},{'D4'},{'D6'},{'D5'},{'R2'},{'R1'},&,2.0,&
{'R3'},{'D1'},{'D2'},{'D7'},{'D3'},{'D4'},{'D6'},{'R2'},{'D5'},,&,1.0,&
{'R3'},{'D1'},{'D2'},{'D7'},{'D3'},{'R1'},{'R2'},{'D6'},{'D4'},{'D5'},&,1.0,&
{'R3'},{'D1'},{'D2'},{'D7'},{'D3'},{'R1'},{'R2'},{'D4'},{'D6'},{'D5'},&,1.0,&
{'R3'},{'D1'},{'D2'},{'D7'},{'D3'},{'R1'},{'D6'},,,,&,1.0,&
{'R3'},{'D1'},{'D2'},{'D7'},{'D3'},{'D5'},{'D4'},{'R2'},{'D6'},,&,1.0,&
{'R3'},{'D1'},{'D2'},{'D7'},{'D3'},{'R2'},,,,,&,2.0,&
{'R3'},{'D1'},{'D2'},{'D7'},{'D3'},{'R2'},{'R1'},,,,&,1.0,&
{'R3'},{'D1'},{'D2'},{'D7'},{'D3'},{'R2'},{'R1'},{'D4'},,,&,2.0,&
{'R3'},{'D1'},{'D2'},{'D7'},{'D3'},{'R2'},{'R1'},{'D4'},{'D6'},{'D5'},&,1.0,&
{'R3'},{'D1'},{'D2'},{'D7'},{'D3'},{'R2'},{'D4'},,,,&,1.0,&
{'R3'},{'D1'},{'D2'},{'D7'},{'D3'},{'R2'},{'D4'},{'D6'},{'D5'},,&,1.0,&
{'R3'},{'D1'},{'D2'},{'D7'},{'D3'},{'R2'},{'D4'},{'D6'},{'D5'},{'R1'},&,1.0,&
{'R3'},{'D1'},{'D2'},{'D7'},{'D3'},{'R2'},{'D4'},{'D6'},{'R1'},,&,1.0,&
{'R3'},{'D1'},{'D2'},{'D7'},{'D3'},{'D6'},,,,,&,1.0,&
{'R3'},{'D1'},{'D2'},{'D7'},{'D3'},{'D6'},{'D4'},,,,&,1.0,&
{'R3'},{'D1'},{'D2'},{'D7'},{'D5'},,,,,,&,1.0,&
{'R3'},{'D1'},{'D2'},{'D7'},{'D5'},{'D4'},{'R2'},{'D3'},{'R1'},{'D6'},&,1.0,&
{'R3'},{'D1'},{'D2'},{'D7'},{'D5'},{'R2'},{'D3'},{'R1'},{'D4'},,&,1.0,&
{'R3'},{'D1'},{'D2'},{'D7'},{'D5'},{'R2'},{'R1'},,,,&,2.0,&
{'R3'},{'D1'},{'D2'},{'D7'},{'D5'},{'R2'},{'D4'},,,,&,1.0,&
{'R3'},{'D1'},{'D2'},{'D4'},,,,,,,&,10.0,&
{'R3'},{'D1'},{'D2'},{'D4'},{'D7'},,,,,,&,6.0,&
{'R3'},{'D1'},{'D2'},{'D4'},{'D7'},{'R1'},,,,,&,1.0,&
{'R3'},{'D1'},{'D2'},{'D4'},{'D7'},{'R1'},{'R2'},{'D6'},,,&,1.0,&
{'R3'},{'D1'},{'D2'},{'D4'},{'D7'},{'D3'},,,,,&,1.0,&
{'R3'},{'D1'},{'D2'},{'D4'},{'D7'},{'D3'},{'R2'},{'D6'},{'D5'},{'R1'},&,1.0,&
{'R3'},{'D1'},{'D2'},{'D4'},{'D7'},{'D3'},{'D6'},{'D5'},,,&,1.0,&
{'R3'},{'D1'},{'D2'},{'D4'},{'D7'},{'R2'},{'D3'},{'D6'},{'D5'},,&,1.0,&
{'R3'},{'D1'},{'D2'},{'D4'},{'D7'},{'R2'},{'R1'},{'D6'},{'D3'},{'D5'},&,1.0,&
{'R3'},{'D1'},{'D2'},{'D4'},{'D7'},{'R2'},{'R1'},{'D3'},,,&,2.0,&
{'R3'},{'D1'},{'D2'},{'D4'},{'D7'},{'R2'},{'D5'},{'D3'},{'R1'},{'D6'},&,1.0,&
{'R3'},{'D1'},{'D2'},{'D4'},{'D7'},{'R2'},{'D6'},,,,&,1.0,&
{'R3'},{'D1'},{'D2'},{'D4'},{'D7'},{'D6'},{'D3'},{'D5'},{'R2'},{'R1'},&,1.0,&
{'R3'},{'D1'},{'D2'},{'D4'},{'D7'},{'D6'},{'R1'},{'R2'},{'D3'},{'D5'},&,1.0,&
{'R3'},{'D1'},{'D2'},{'D4'},{'D7'},{'D6'},{'R2'},{'D3'},,,&,1.0,&
{'R3'},{'D1'},{'D2'},{'D4'},{'R1'},,,,,,&,2.0,&
{'R3'},{'D1'},{'D2'},{'D4'},{'R1'},{'D3'},,,,,&,1.0,&
{'R3'},{'D1'},{'D2'},{'D4'},{'R1'},{'D7'},{'R2'},,,,&,1.0,&
{'R3'},{'D1'},{'D2'},{'D4'},{'R2'},,,,,,&,1.0,&
{'R3'},{'D1'},{'D2'},{'D4'},{'R2'},{'R1'},{'D7'},{'D6'},{'D5'},{'D3'},&,1.0,&
{'R3'},{'D1'},{'D2'},{'D4'},{'R2'},{'D3'},{'R1'},,,,&,1.0,&
{'R3'},{'D1'},{'D2'},{'D4'},{'R2'},{'D5'},{'D7'},{'D6'},{'D3'},{'R1'},&,1.0,&
{'R3'},{'D1'},{'D2'},{'D4'},{'R2'},{'D7'},{'D3'},{'D5'},{'D6'},{'R1'},&,1.0,&
{'R3'},{'D1'},{'D2'},{'D4'},{'R2'},{'D7'},{'R1'},,,,&,1.0,&
{'R3'},{'D1'},{'D2'},{'D4'},{'R2'},{'D7'},{'R1'},{'D6'},{'D3'},,&,1.0,&
{'R3'},{'D1'},{'D2'},{'D4'},{'R2'},{'D7'},{'R1'},{'D6'},{'D3'},{'D5'},&,1.0,&
{'R3'},{'D1'},{'D2'},{'D4'},{'R2'},{'D7'},{'D6'},{'D3'},,,&,1.0,&
{'R3'},{'D1'},{'D2'},{'D4'},{'R2'},{'D7'},{'D6'},{'R1'},,,&,1.0,&
{'R3'},{'D1'},{'D2'},{'D4'},{'R2'},{'D6'},{'D7'},,,,&,1.0,&
{'R3'},{'D1'},{'D2'},{'D4'},{'D6'},{'D7'},,,,,&,1.0,&
{'R3'},{'D1'},{'D2'},{'D4'},{'D6'},{'D7'},{'R2'},{'R1'},{'D3'},{'D5'},&,1.0,&
{'R3'},{'D1'},{'D2'},{'D4'},{'D3'},{'R1'},{'D5'},,,,&,1.0,&
{'R3'},{'D1'},{'D2'},{'D4'},{'D3'},{'D7'},,,,,&,1.0,&
{'R3'},{'D1'},{'D2'},{'D4'},{'D3'},{'D7'},{'D6'},,,,&,2.0,&
{'R3'},{'D1'},{'D2'},{'D4'},{'D3'},{'R2'},{'D7'},{'D6'},{'R1'},,&,1.0,&
{'R3'},{'D1'},{'D2'},{'D4'},{'D3'},{'R2'},{'R1'},{'D7'},,,&,1.0,&
{'R3'},{'D1'},{'D2'},{'D4'},{'D5'},{'D7'},{'D3'},{'R2'},{'R1'},,&,1.0,&
{'R3'},{'D1'},{'D2'},{'D4'},{'D5'},{'R2'},,,,,&,1.0,&
{'R3'},{'D1'},{'D2'},{'D3'},,,,,,,&,4.0,&
{'R3'},{'D1'},{'D2'},{'D3'},{'D7'},,,,,,&,4.0,&
{'R3'},{'D1'},{'D2'},{'D3'},{'D7'},{'D4'},,,,,&,1.0,&
{'R3'},{'D1'},{'D2'},{'D3'},{'D7'},{'D4'},{'R2'},,,,&,1.0,&
{'R3'},{'D1'},{'D2'},{'D3'},{'D7'},{'D4'},{'D6'},{'D5'},{'R1'},{'R2'},&,1.0,&
{'R3'},{'D1'},{'D2'},{'D3'},{'D7'},{'D4'},{'D6'},{'R2'},{'D5'},{'R1'},&,1.0,&
{'R3'},{'D1'},{'D2'},{'D3'},{'D7'},{'D5'},{'D4'},{'D6'},{'R2'},{'R1'},&,2.0,&
{'R3'},{'D1'},{'D2'},{'D3'},{'D7'},{'R2'},{'R1'},,,,&,1.0,&
{'R3'},{'D1'},{'D2'},{'D3'},{'D7'},{'R2'},{'R1'},{'D4'},{'D6'},{'D5'},&,1.0,&
{'R3'},{'D1'},{'D2'},{'D3'},{'R1'},,,,,,&,1.0,&
{'R3'},{'D1'},{'D2'},{'D3'},{'R2'},,,,,,&,2.0,&
{'R3'},{'D1'},{'D2'},{'D3'},{'R2'},{'R1'},{'D4'},{'D7'},{'D6'},,&,1.0,&
{'R3'},{'D1'},{'D2'},{'D3'},{'R2'},{'D7'},{'R1'},{'D4'},,,&,1.0,&
{'R3'},{'D1'},{'D2'},{'D3'},{'R2'},{'D7'},{'D4'},{'D6'},{'R1'},{'D5'},&,1.0,&
{'R3'},{'D1'},{'D2'},{'D3'},{'D4'},,,,,,&,1.0,&
{'R3'},{'D1'},{'D2'},{'D3'},{'D4'},{'D7'},,,,,&,1.0,&
{'R3'},{'D1'},{'D2'},{'D3'},{'D5'},{'D7'},,,,,&,1.0,&
{'R3'},{'D1'},{'D2'},{'D6'},,,,,,,&,1.0,&
{'R3'},{'D1'},{'D2'},{'D6'},{'D7'},,,,,,&,2.0,&
{'R3'},{'D1'},{'D2'},{'D6'},{'D7'},{'D4'},{'D3'},{'D5'},{'R2'},,&,1.0,&
{'R3'},{'D1'},{'D2'},{'D6'},{'D7'},{'D3'},{'D4'},{'D5'},{'R2'},{'R1'},&,1.0,&
{'R3'},{'D1'},{'D2'},{'D6'},{'D7'},{'D3'},{'R2'},,,,&,1.0,&
{'R3'},{'D1'},{'D2'},{'D6'},{'D7'},{'R2'},,,,,&,1.0,&
{'R3'},{'D1'},{'D2'},{'D6'},{'D7'},{'R2'},{'D3'},{'D4'},{'R1'},{'D5'},&,1.0,&
{'R3'},{'D1'},{'D2'},{'D6'},{'D7'},{'R2'},{'D4'},,,,&,1.0,&
{'R3'},{'D1'},{'D2'},{'D6'},{'R2'},,,,,,&,1.0,&
{'R3'},{'D1'},{'D2'},{'D6'},{'R2'},{'R1'},{'D3'},{'D4'},{'D7'},,&,1.0,&
{'R3'},{'D1'},{'D2'},{'D6'},{'R2'},{'D7'},,,,,&,2.0,&
{'R3'},{'D1'},{'D2'},{'D6'},{'D4'},{'D3'},{'D7'},,,,&,1.0,&
{'R3'},{'D1'},{'D2'},{'D6'},{'D4'},{'D7'},{'D3'},{'R2'},{'D5'},,&,1.0,&
{'R3'},{'D1'},{'D2'},{'D6'},{'D4'},{'D7'},{'D3'},{'R2'},{'D5'},{'R1'},&,1.0,&
{'R3'},{'D1'},{'D2'},{'D6'},{'D3'},,,,,,&,1.0,&
{'R3'},{'D1'},{'D2'},{'D6'},{'D3'},{'R1'},{'R2'},{'D7'},{'D4'},,&,1.0,&
{'R3'},{'D1'},{'D2'},{'D6'},{'D5'},{'D3'},{'D7'},{'D4'},{'R2'},{'R1'},&,1.0,&
{'R3'},{'D1'},{'D2'},{'D5'},{'D7'},,,,,,&,1.0,&
{'R3'},{'D1'},{'D2'},{'D5'},{'D7'},{'D4'},{'D3'},{'R2'},{'D6'},,&,1.0,&
{'R3'},{'D1'},{'D2'},{'D5'},{'D7'},{'D3'},,,,,&,1.0,&
{'R3'},{'D1'},{'D2'},{'D5'},{'D7'},{'D3'},{'D4'},{'D6'},{'R1'},,&,1.0,&
{'R3'},{'D1'},{'D2'},{'D5'},{'R2'},{'R1'},{'D4'},,,,&,1.0,&
{'R3'},{'D1'},{'D2'},{'D5'},{'R2'},{'D3'},,,,,&,1.0,&
{'R3'},{'D1'},{'D2'},{'D5'},{'D6'},,,,,,&,1.0,&
{'R3'},{'D1'},{'D3'},,,,,,,,&,15.0,&
{'R3'},{'D1'},{'D3'},{'D2'},,,,,,,&,1.0,&
{'R3'},{'D1'},{'D3'},{'D2'},{'D7'},,,,,,&,4.0,&
{'R3'},{'D1'},{'D3'},{'D2'},{'D7'},{'D4'},{'D6'},{'D5'},,,&,1.0,&
{'R3'},{'D1'},{'D3'},{'D2'},{'R2'},{'R1'},{'D7'},{'D5'},,,&,1.0,&
{'R3'},{'D1'},{'D3'},{'D2'},{'R2'},{'R1'},{'D7'},{'D4'},,,&,1.0,&
{'R3'},{'D1'},{'D3'},{'D2'},{'R2'},{'D7'},{'R1'},{'D4'},{'D6'},,&,1.0,&
{'R3'},{'D1'},{'D3'},{'D2'},{'R2'},{'D7'},{'D4'},{'R1'},,,&,1.0,&
{'R3'},{'D1'},{'D3'},{'D2'},{'R2'},{'D7'},{'D6'},,,,&,1.0,&
{'R3'},{'D1'},{'D3'},{'R1'},,,,,,,&,1.0,&
{'R3'},{'D1'},{'D3'},{'R1'},{'D7'},{'D5'},{'D2'},{'R2'},{'D6'},{'D4'},&,1.0,&
{'R3'},{'D1'},{'D3'},{'R1'},{'R2'},{'D2'},{'D7'},,,,&,1.0,&
{'R3'},{'D1'},{'D3'},{'R1'},{'D2'},{'R2'},{'D7'},{'D4'},{'D6'},,&,1.0,&
{'R3'},{'D1'},{'D3'},{'R2'},,,,,,,&,1.0,&
{'R3'},{'D1'},{'D3'},{'R2'},{'D7'},,,,,,&,1.0,&
{'R3'},{'D1'},{'D3'},{'R2'},{'D7'},{'R1'},{'D2'},{'D6'},{'D5'},,&,1.0,&
{'R3'},{'D1'},{'D3'},{'R2'},{'R1'},{'D4'},,,,,&,1.0,&
{'R3'},{'D1'},{'D3'},{'R2'},{'R1'},{'D2'},,,,,&,3.0,&
{'R3'},{'D1'},{'D3'},{'R2'},{'R1'},{'D2'},{'D7'},{'D6'},{'D5'},,&,1.0,&
{'R3'},{'D1'},{'D3'},{'R2'},{'D4'},{'R1'},{'D2'},{'D7'},{'D6'},,&,1.0,&
{'R3'},{'D1'},{'D3'},{'R2'},{'D4'},{'D7'},{'D2'},{'D6'},{'D5'},{'R1'},&,1.0,&
{'R3'},{'D1'},{'D3'},{'R2'},{'D2'},,,,,,&,2.0,&
{'R3'},{'D1'},{'D3'},{'R2'},{'D2'},{'D4'},,,,,&,1.0,&
{'R3'},{'D1'},{'D3'},{'R2'},{'D2'},{'R1'},,,,,&,1.0,&
{'R3'},{'D1'},{'D3'},{'R2'},{'D2'},{'D7'},,,,,&,1.0,&
{'R3'},{'D1'},{'D3'},{'R2'},{'D2'},{'D7'},{'R1'},{'D4'},{'D6'},{'D5'},&,1.0,&
{'R3'},{'D1'},{'D3'},{'D7'},,,,,,,&,4.0,&
{'R3'},{'D1'},{'D3'},{'D7'},{'R1'},{'R2'},{'D2'},{'D4'},{'D6'},{'D5'},&,1.0,&
{'R3'},{'D1'},{'D3'},{'D7'},{'R1'},{'R2'},{'D4'},,,,&,1.0,&
{'R3'},{'D1'},{'D3'},{'D7'},{'R2'},,,,,,&,1.0,&
{'R3'},{'D1'},{'D3'},{'D7'},{'R2'},{'R1'},,,,,&,1.0,&
{'R3'},{'D1'},{'D3'},{'D7'},{'D2'},{'D4'},,,,,&,1.0,&
{'R3'},{'D1'},{'D3'},{'D7'},{'D2'},{'D4'},{'R2'},{'D6'},{'D5'},,&,1.0,&
{'R3'},{'D1'},{'D3'},{'D7'},{'D2'},{'R2'},,,,,&,1.0,&
{'R3'},{'D1'},{'D3'},{'D7'},{'D2'},{'R2'},{'R1'},{'D4'},{'D6'},{'D5'},&,1.0,&
{'R3'},{'D1'},{'D3'},{'D7'},{'D2'},{'R2'},{'D4'},{'R1'},,,&,1.0,&
{'R3'},{'D1'},{'D3'},{'D7'},{'D2'},{'D6'},{'D4'},{'R1'},{'D5'},,&,1.0,&
{'R3'},{'D1'},{'D3'},{'D7'},{'D6'},{'D2'},,,,,&,1.0,&
{'R3'},{'D1'},{'D3'},{'D7'},{'D6'},{'D2'},{'D4'},{'D5'},,,&,1.0,&
{'R3'},{'D1'},{'D3'},{'D4'},,,,,,,&,2.0,&
{'R3'},{'D1'},{'D3'},{'D4'},{'D7'},,,,,,&,1.0,&
{'R3'},{'D1'},{'D3'},{'D4'},{'D2'},{'D7'},{'R2'},{'R1'},{'D6'},,&,1.0,&
{'R3'},{'D1'},{'D3'},{'D4'},{'D2'},{'R2'},,,,,&,1.0,&
{'R3'},{'D1'},{'D3'},{'D6'},{'R2'},{'D2'},{'D7'},{'D4'},,,&,1.0,&
{'R3'},{'D1'},{'D6'},,,,,,,,&,10.0,&
{'R3'},{'D1'},{'D6'},{'D2'},,,,,,,&,1.0,&
{'R3'},{'D1'},{'D6'},{'D2'},{'D7'},{'D4'},{'D3'},{'D5'},{'R2'},,&,1.0,&
{'R3'},{'D1'},{'D6'},{'D2'},{'D7'},{'D4'},{'R2'},{'D3'},{'D5'},,&,1.0,&
{'R3'},{'D1'},{'D6'},{'D2'},{'D7'},{'D4'},{'R2'},{'D3'},{'R1'},,&,1.0,&
{'R3'},{'D1'},{'D6'},{'D2'},{'D7'},{'R1'},{'D4'},{'D3'},{'D5'},,&,1.0,&
{'R3'},{'D1'},{'D6'},{'D2'},{'D7'},{'R2'},{'R1'},{'D4'},,,&,1.0,&
{'R3'},{'D1'},{'D6'},{'D2'},{'D7'},{'R2'},{'R1'},{'D4'},{'D5'},,&,1.0,&
{'R3'},{'D1'},{'D6'},{'D2'},{'R1'},,,,,,&,1.0,&
{'R3'},{'D1'},{'D6'},{'D2'},{'D4'},{'R2'},{'D7'},{'D5'},{'D3'},{'R1'},&,1.0,&
{'R3'},{'D1'},{'D6'},{'R1'},{'D7'},,,,,,&,1.0,&
{'R3'},{'D1'},{'D6'},{'R1'},{'D4'},{'D3'},{'R2'},{'D2'},,,&,1.0,&
{'R3'},{'D1'},{'D6'},{'R2'},{'R1'},,,,,,&,2.0,&
{'R3'},{'D1'},{'D6'},{'R2'},{'R1'},{'D2'},,,,,&,1.0,&
{'R3'},{'D1'},{'D6'},{'R2'},{'R1'},{'D2'},{'D3'},{'D7'},,,&,1.0,&
{'R3'},{'D1'},{'D6'},{'R2'},{'R1'},{'D2'},{'D7'},{'D3'},{'D4'},,&,1.0,&
{'R3'},{'D1'},{'D6'},{'R2'},{'R1'},{'D7'},,,,,&,1.0,&
{'R3'},{'D1'},{'D6'},{'R2'},{'R1'},{'D7'},{'D2'},,,,&,1.0,&
{'R3'},{'D1'},{'D6'},{'R2'},{'D2'},{'D4'},{'R1'},{'D7'},{'D3'},,&,1.0,&
{'R3'},{'D1'},{'D6'},{'R2'},{'D2'},{'R1'},{'D4'},{'D7'},{'D3'},,&,1.0,&
{'R3'},{'D1'},{'D6'},{'D7'},,,,,,,&,3.0,&
{'R3'},{'D1'},{'D6'},{'D7'},{'R2'},{'R1'},{'D2'},{'D3'},,,&,1.0,&
{'R3'},{'D1'},{'D6'},{'D7'},{'R2'},{'R1'},{'D2'},{'D4'},,,&,1.0,&
{'R3'},{'D1'},{'D6'},{'D7'},{'R2'},{'D2'},{'D3'},{'D4'},,,&,1.0,&
{'R3'},{'D1'},{'D6'},{'D7'},{'D4'},{'D2'},{'R2'},{'R1'},{'D3'},{'D5'},&,1.0,&
{'R3'},{'D1'},{'D6'},{'D7'},{'D2'},{'D4'},{'D3'},,,,&,1.0,&
{'R3'},{'D1'},{'D6'},{'D7'},{'D2'},{'D4'},{'R2'},{'R1'},{'D3'},,&,1.0,&
{'R3'},{'D1'},{'D6'},{'D7'},{'D5'},{'R2'},{'R1'},{'D4'},,,&,1.0,&
{'R3'},{'D1'},{'D6'},{'D4'},{'D7'},,,,,,&,1.0,&
{'R3'},{'D1'},{'D6'},{'D4'},{'D2'},,,,,,&,1.0,&
{'R3'},{'D1'},{'D6'},{'D3'},,,,,,,&,1.0,&
{'R3'},{'D1'},{'D6'},{'D3'},{'R2'},,,,,,&,1.0,&
{'R3'},{'D1'},{'D6'},{'D3'},{'R2'},{'D4'},{'D2'},{'D7'},{'R1'},,&,1.0,&
{'R3'},{'D1'},{'D6'},{'D3'},{'R2'},{'R1'},{'D2'},{'D7'},{'D4'},{'D5'},&,1.0,&
{'R3'},{'D1'},{'D6'},{'D5'},{'D7'},{'R2'},{'D4'},,,,&,1.0,&
{'R3'},{'D1'},{'D5'},,,,,,,,&,2.0,&
{'R3'},{'D1'},{'D5'},{'D2'},{'D7'},{'D3'},{'R1'},{'D4'},{'R2'},{'D6'},&,1.0,&
{'R3'},{'D1'},{'D5'},{'D2'},{'R1'},,,,,,&,1.0,&
{'R3'},{'D1'},{'D5'},{'D2'},{'D3'},{'D7'},,,,,&,1.0,&
{'R3'},{'D1'},{'D5'},{'R1'},{'R2'},{'D6'},{'D7'},,,,&,1.0,&
{'R3'},{'D1'},{'D5'},{'R1'},{'D3'},{'D7'},,,,,&,1.0,&
{'R3'},{'D1'},{'D5'},{'R2'},{'R1'},{'D2'},{'D3'},{'D7'},{'D4'},{'D6'},&,1.0,&
{'R3'},{'D1'},{'D5'},{'R2'},{'R1'},{'D7'},{'D2'},{'D3'},,,&,1.0,&
{'R3'},{'D1'},{'D5'},{'R2'},{'D2'},{'R1'},,,,,&,2.0,&
{'R3'},{'D1'},{'D5'},{'R2'},{'D2'},{'R1'},{'D4'},{'D7'},{'D6'},{'D3'},&,1.0,&
{'R3'},{'D1'},{'D5'},{'R2'},{'D3'},{'R1'},,,,,&,1.0,&
{'R3'},{'D1'},{'D5'},{'D7'},{'D2'},{'D6'},{'D4'},,,,&,1.0,&
{'R3'},{'D1'},{'D5'},{'D3'},{'R2'},{'R1'},{'D7'},,,,&,1.0,&
{'R3'},{'R2'},{'D1'},,,,,,,,&,163.0,&
{'R3'},{'R2'},{'D1'},{'D2'},,,,,,,&,22.0,&
{'R3'},{'R2'},{'D1'},{'D2'},{'D7'},,,,,,&,13.0,&
{'R3'},{'R2'},{'D1'},{'D2'},{'D7'},{'D4'},,,,,&,9.0,&
{'R3'},{'R2'},{'D1'},{'D2'},{'D7'},{'D4'},{'D3'},,,,&,3.0,&
{'R3'},{'R2'},{'D1'},{'D2'},{'D7'},{'D4'},{'D3'},{'D6'},,,&,1.0,&
{'R3'},{'R2'},{'D1'},{'D2'},{'D7'},{'D4'},{'D3'},{'R1'},{'D6'},,&,1.0,&
{'R3'},{'R2'},{'D1'},{'D2'},{'D7'},{'D4'},{'R1'},,,,&,4.0,&
{'R3'},{'R2'},{'D1'},{'D2'},{'D7'},{'D4'},{'R1'},{'D5'},,,&,1.0,&
{'R3'},{'R2'},{'D1'},{'D2'},{'D7'},{'D4'},{'R1'},{'D6'},,,&,1.0,&
{'R3'},{'R2'},{'D1'},{'D2'},{'D7'},{'D4'},{'R1'},{'D6'},{'D3'},{'D5'},&,1.0,&
{'R3'},{'R2'},{'D1'},{'D2'},{'D7'},{'D4'},{'D6'},,,,&,3.0,&
{'R3'},{'R2'},{'D1'},{'D2'},{'D7'},{'D4'},{'D6'},{'R1'},,,&,1.0,&
{'R3'},{'R2'},{'D1'},{'D2'},{'D7'},{'R1'},,,,,&,3.0,&
{'R3'},{'R2'},{'D1'},{'D2'},{'D7'},{'R1'},{'D3'},{'D4'},,,&,1.0,&
{'R3'},{'R2'},{'D1'},{'D2'},{'D7'},{'R1'},{'D3'},{'D4'},{'D6'},{'D5'},&,1.0,&
{'R3'},{'R2'},{'D1'},{'D2'},{'D7'},{'R1'},{'D4'},,,,&,1.0,&
{'R3'},{'R2'},{'D1'},{'D2'},{'D7'},{'R1'},{'D4'},{'D5'},,,&,1.0,&
{'R3'},{'R2'},{'D1'},{'D2'},{'D7'},{'R1'},{'D4'},{'D6'},{'D3'},{'D5'},&,1.0,&
{'R3'},{'R2'},{'D1'},{'D2'},{'D7'},{'R1'},{'D4'},{'D3'},{'D6'},,&,1.0,&
{'R3'},{'R2'},{'D1'},{'D2'},{'D7'},{'R1'},{'D4'},{'D3'},{'D5'},,&,1.0,&
{'R3'},{'R2'},{'D1'},{'D2'},{'D7'},{'R1'},{'D6'},,,,&,1.0,&
{'R3'},{'R2'},{'D1'},{'D2'},{'D7'},{'D3'},,,,,&,3.0,&
{'R3'},{'R2'},{'D1'},{'D2'},{'D7'},{'D3'},{'R1'},,,,&,1.0,&
{'R3'},{'R2'},{'D1'},{'D2'},{'D7'},{'D3'},{'R1'},{'D4'},{'D6'},{'D5'},&,3.0,&
{'R3'},{'R2'},{'D1'},{'D2'},{'D7'},{'D3'},{'D5'},{'R1'},{'D4'},{'D6'},&,1.0,&
{'R3'},{'R2'},{'D1'},{'D2'},{'D7'},{'D3'},{'D4'},,,,&,1.0,&
{'R3'},{'R2'},{'D1'},{'D2'},{'D7'},{'D3'},{'D4'},{'D6'},{'R1'},,&,2.0,&
{'R3'},{'R2'},{'D1'},{'D2'},{'D7'},{'D3'},{'D4'},{'R1'},{'D6'},{'D5'},&,1.0,&
{'R3'},{'R2'},{'D1'},{'D2'},{'D7'},{'D3'},{'D6'},,,,&,1.0,&
{'R3'},{'R2'},{'D1'},{'D2'},{'D7'},{'D5'},,,,,&,1.0,&
{'R3'},{'R2'},{'D1'},{'D2'},{'D7'},{'D5'},{'D3'},,,,&,1.0,&
{'R3'},{'R2'},{'D1'},{'D2'},{'D7'},{'D6'},,,,,&,1.0,&
{'R3'},{'R2'},{'D1'},{'D2'},{'D7'},{'D6'},{'R1'},{'D4'},,,&,1.0,&
{'R3'},{'R2'},{'D1'},{'D2'},{'D7'},{'D6'},{'D4'},{'D3'},,,&,1.0,&
{'R3'},{'R2'},{'D1'},{'D2'},{'R1'},,,,,,&,20.0,&
{'R3'},{'R2'},{'D1'},{'D2'},{'R1'},{'D4'},{'D3'},{'D7'},,,&,1.0,&
{'R3'},{'R2'},{'D1'},{'D2'},{'R1'},{'D4'},{'D7'},,,,&,4.0,&
{'R3'},{'R2'},{'D1'},{'D2'},{'R1'},{'D4'},{'D7'},{'D5'},,,&,1.0,&
{'R3'},{'R2'},{'D1'},{'D2'},{'R1'},{'D4'},{'D7'},{'D6'},,,&,1.0,&
{'R3'},{'R2'},{'D1'},{'D2'},{'R1'},{'D4'},{'D7'},{'D3'},,,&,2.0,&
{'R3'},{'R2'},{'D1'},{'D2'},{'R1'},{'D4'},{'D6'},{'D7'},,,&,1.0,&
{'R3'},{'R2'},{'D1'},{'D2'},{'R1'},{'D3'},{'D7'},,,,&,2.0,&
{'R3'},{'R2'},{'D1'},{'D2'},{'R1'},{'D3'},{'D7'},{'D6'},{'D4'},,&,1.0,&
{'R3'},{'R2'},{'D1'},{'D2'},{'R1'},{'D3'},{'D7'},{'D4'},,,&,1.0,&
{'R3'},{'R2'},{'D1'},{'D2'},{'R1'},{'D3'},{'D7'},{'D4'},{'D5'},{'D6'},&,1.0,&
{'R3'},{'R2'},{'D1'},{'D2'},{'R1'},{'D3'},{'D4'},{'D7'},,,&,2.0,&
{'R3'},{'R2'},{'D1'},{'D2'},{'R1'},{'D3'},{'D4'},{'D7'},{'D6'},{'D5'},&,1.0,&
{'R3'},{'R2'},{'D1'},{'D2'},{'R1'},{'D3'},{'D6'},{'D7'},,,&,1.0,&
{'R3'},{'R2'},{'D1'},{'D2'},{'R1'},{'D5'},{'D7'},{'D4'},{'D6'},{'D3'},&,1.0,&
{'R3'},{'R2'},{'D1'},{'D2'},{'R1'},{'D7'},,,,,&,11.0,&
{'R3'},{'R2'},{'D1'},{'D2'},{'R1'},{'D7'},{'D3'},,,,&,4.0,&
{'R3'},{'R2'},{'D1'},{'D2'},{'R1'},{'D7'},{'D5'},{'D3'},{'D4'},{'D6'},&,1.0,&
{'R3'},{'R2'},{'D1'},{'D2'},{'R1'},{'D7'},{'D4'},,,,&,5.0,&
{'R3'},{'R2'},{'D1'},{'D2'},{'R1'},{'D7'},{'D4'},{'D5'},{'D6'},,&,1.0,&
{'R3'},{'R2'},{'D1'},{'D2'},{'R1'},{'D7'},{'D4'},{'D6'},,,&,5.0,&
{'R3'},{'R2'},{'D1'},{'D2'},{'R1'},{'D7'},{'D4'},{'D6'},{'D3'},,&,1.0,&
{'R3'},{'R2'},{'D1'},{'D2'},{'R1'},{'D7'},{'D4'},{'D3'},,,&,1.0,&
{'R3'},{'R2'},{'D1'},{'D2'},{'R1'},{'D7'},{'D4'},{'D3'},{'D6'},{'D5'},&,2.0,&
{'R3'},{'R2'},{'D1'},{'D2'},{'R1'},{'D7'},{'D6'},,,,&,2.0,&
{'R3'},{'R2'},{'D1'},{'D2'},{'R1'},{'D7'},{'D6'},{'D4'},,,&,1.0,&
{'R3'},{'R2'},{'D1'},{'D2'},{'R1'},{'D7'},{'D6'},{'D4'},{'D3'},,&,1.0,&
{'R3'},{'R2'},{'D1'},{'D2'},{'R1'},{'D6'},{'D3'},{'D7'},,,&,1.0,&
{'R3'},{'R2'},{'D1'},{'D2'},{'R1'},{'D6'},{'D7'},{'D3'},,,&,1.0,&
{'R3'},{'R2'},{'D1'},{'D2'},{'D4'},,,,,,&,2.0,&
{'R3'},{'R2'},{'D1'},{'D2'},{'D4'},{'R1'},,,,,&,3.0,&
{'R3'},{'R2'},{'D1'},{'D2'},{'D4'},{'R1'},{'D7'},{'D6'},{'D5'},{'D3'},&,1.0,&
{'R3'},{'R2'},{'D1'},{'D2'},{'D4'},{'R1'},{'D7'},{'D3'},{'D6'},{'D5'},&,1.0,&
{'R3'},{'R2'},{'D1'},{'D2'},{'D4'},{'R1'},{'D7'},{'D3'},{'D5'},,&,1.0,&
{'R3'},{'R2'},{'D1'},{'D2'},{'D4'},{'D3'},{'D7'},{'D5'},{'R1'},,&,1.0,&
{'R3'},{'R2'},{'D1'},{'D2'},{'D4'},{'D3'},{'D7'},{'R1'},{'D6'},{'D5'},&,1.0,&
{'R3'},{'R2'},{'D1'},{'D2'},{'D4'},{'D3'},{'R1'},{'D7'},{'D6'},,&,1.0,&
{'R3'},{'R2'},{'D1'},{'D2'},{'D4'},{'D3'},{'R1'},{'D7'},{'D6'},{'D5'},&,1.0,&
{'R3'},{'R2'},{'D1'},{'D2'},{'D4'},{'D3'},{'R1'},{'D7'},{'D5'},,&,1.0,&
{'R3'},{'R2'},{'D1'},{'D2'},{'D4'},{'D7'},{'D3'},,,,&,1.0,&
{'R3'},{'R2'},{'D1'},{'D2'},{'D4'},{'D7'},{'D3'},{'D6'},{'D5'},{'R1'},&,2.0,&
{'R3'},{'R2'},{'D1'},{'D2'},{'D4'},{'D7'},{'D3'},{'R1'},,,&,1.0,&
{'R3'},{'R2'},{'D1'},{'D2'},{'D4'},{'D7'},{'D3'},{'R1'},{'D5'},{'D6'},&,1.0,&
{'R3'},{'R2'},{'D1'},{'D2'},{'D4'},{'D7'},{'R1'},{'D6'},{'D3'},{'D5'},&,1.0,&
{'R3'},{'R2'},{'D1'},{'D2'},{'D6'},,,,,,&,2.0,&
{'R3'},{'R2'},{'D1'},{'D2'},{'D6'},{'R1'},{'D3'},{'D7'},{'D4'},{'D5'},&,1.0,&
{'R3'},{'R2'},{'D1'},{'D2'},{'D6'},{'R1'},{'D7'},{'D3'},,,&,1.0,&
{'R3'},{'R2'},{'D1'},{'D2'},{'D6'},{'R1'},{'D7'},{'D3'},{'D4'},,&,1.0,&
{'R3'},{'R2'},{'D1'},{'D2'},{'D6'},{'D7'},{'R1'},{'D3'},{'D4'},,&,1.0,&
{'R3'},{'R2'},{'D1'},{'D2'},{'D6'},{'D7'},{'D4'},{'D3'},,,&,1.0,&
{'R3'},{'R2'},{'D1'},{'D2'},{'D3'},,,,,,&,1.0,&
{'R3'},{'R2'},{'D1'},{'D2'},{'D3'},{'R1'},,,,,&,4.0,&
{'R3'},{'R2'},{'D1'},{'D2'},{'D3'},{'R1'},{'D7'},{'D4'},{'D6'},,&,1.0,&
{'R3'},{'R2'},{'D1'},{'D2'},{'D3'},{'R1'},{'D7'},{'D4'},{'D6'},{'D5'},&,1.0,&
{'R3'},{'R2'},{'D1'},{'D2'},{'D3'},{'D5'},{'D7'},{'R1'},,,&,1.0,&
{'R3'},{'R2'},{'D1'},{'D2'},{'D3'},{'D7'},{'R1'},,,,&,1.0,&
{'R3'},{'R2'},{'D1'},{'D2'},{'D3'},{'D7'},{'R1'},{'D5'},{'D6'},{'D4'},&,1.0,&
{'R3'},{'R2'},{'D1'},{'D2'},{'D3'},{'D7'},{'D4'},{'D6'},{'D5'},{'R1'},&,1.0,&
{'R3'},{'R2'},{'D1'},{'D2'},{'D3'},{'D7'},{'D4'},{'R1'},,,&,1.0,&
{'R3'},{'R2'},{'D1'},{'D2'},{'D5'},{'R1'},{'D4'},,,,&,1.0,&
{'R3'},{'R2'},{'D1'},{'R1'},,,,,,,&,57.0,&
{'R3'},{'R2'},{'D1'},{'R1'},{'D7'},,,,,,&,16.0,&
{'R3'},{'R2'},{'D1'},{'R1'},{'D7'},{'D4'},,,,,&,2.0,&
{'R3'},{'R2'},{'D1'},{'R1'},{'D7'},{'D4'},{'D2'},,,,&,1.0,&
{'R3'},{'R2'},{'D1'},{'R1'},{'D7'},{'D4'},{'D2'},{'D6'},{'D3'},{'D5'},&,1.0,&
{'R3'},{'R2'},{'D1'},{'R1'},{'D7'},{'D4'},{'D2'},{'D3'},{'D5'},,&,1.0,&
{'R3'},{'R2'},{'D1'},{'R1'},{'D7'},{'D4'},{'D2'},{'D3'},{'D5'},{'D6'},&,1.0,&
{'R3'},{'R2'},{'D1'},{'R1'},{'D7'},{'D3'},,,,,&,2.0,&
{'R3'},{'R2'},{'D1'},{'R1'},{'D7'},{'D3'},{'D2'},,,,&,1.0,&
{'R3'},{'R2'},{'D1'},{'R1'},{'D7'},{'D3'},{'D2'},{'D6'},{'D4'},{'D5'},&,1.0,&
{'R3'},{'R2'},{'D1'},{'R1'},{'D7'},{'D2'},,,,,&,17.0,&
{'R3'},{'R2'},{'D1'},{'R1'},{'D7'},{'D2'},{'D3'},,,,&,3.0,&
{'R3'},{'R2'},{'D1'},{'R1'},{'D7'},{'D2'},{'D3'},{'D4'},,,&,3.0,&
{'R3'},{'R2'},{'D1'},{'R1'},{'D7'},{'D2'},{'D3'},{'D4'},{'D6'},{'D5'},&,2.0,&
{'R3'},{'R2'},{'D1'},{'R1'},{'D7'},{'D2'},{'D4'},,,,&,5.0,&
{'R3'},{'R2'},{'D1'},{'R1'},{'D7'},{'D2'},{'D4'},{'D6'},,,&,1.0,&
{'R3'},{'R2'},{'D1'},{'R1'},{'D7'},{'D2'},{'D4'},{'D6'},{'D5'},{'D3'},&,1.0,&
{'R3'},{'R2'},{'D1'},{'R1'},{'D7'},{'D2'},{'D4'},{'D6'},{'D3'},{'D5'},&,3.0,&
{'R3'},{'R2'},{'D1'},{'R1'},{'D7'},{'D2'},{'D4'},{'D3'},,,&,2.0,&
{'R3'},{'R2'},{'D1'},{'R1'},{'D7'},{'D2'},{'D4'},{'D3'},{'D6'},{'D5'},&,2.0,&
{'R3'},{'R2'},{'D1'},{'R1'},{'D7'},{'D2'},{'D6'},,,,&,2.0,&
{'R3'},{'R2'},{'D1'},{'R1'},{'D7'},{'D2'},{'D6'},{'D3'},{'D5'},,&,1.0,&
{'R3'},{'R2'},{'D1'},{'R1'},{'D7'},{'D2'},{'D6'},{'D3'},{'D4'},,&,1.0,&
{'R3'},{'R2'},{'D1'},{'R1'},{'D7'},{'D2'},{'D6'},{'D4'},{'D5'},,&,1.0,&
{'R3'},{'R2'},{'D1'},{'R1'},{'D7'},{'D2'},{'D6'},{'D4'},{'D3'},,&,1.0,&
{'R3'},{'R2'},{'D1'},{'R1'},{'D7'},{'D2'},{'D6'},{'D4'},{'D3'},{'D5'},&,2.0,&
{'R3'},{'R2'},{'D1'},{'R1'},{'D7'},{'D5'},,,,,&,1.0,&
{'R3'},{'R2'},{'D1'},{'R1'},{'D7'},{'D6'},,,,,&,3.0,&
{'R3'},{'R2'},{'D1'},{'R1'},{'D7'},{'D6'},{'D2'},{'D4'},{'D3'},{'D5'},&,1.0,&
{'R3'},{'R2'},{'D1'},{'R1'},{'D7'},{'D6'},{'D4'},,,,&,1.0,&
{'R3'},{'R2'},{'D1'},{'R1'},{'D4'},,,,,,&,8.0,&
{'R3'},{'R2'},{'D1'},{'R1'},{'D4'},{'D2'},{'D3'},{'D7'},{'D5'},{'D6'},&,1.0,&
{'R3'},{'R2'},{'D1'},{'R1'},{'D4'},{'D2'},{'D7'},,,,&,1.0,&
{'R3'},{'R2'},{'D1'},{'R1'},{'D4'},{'D2'},{'D7'},{'D5'},{'D3'},{'D6'},&,1.0,&
{'R3'},{'R2'},{'D1'},{'R1'},{'D4'},{'D2'},{'D7'},{'D6'},{'D5'},{'D3'},&,1.0,&
{'R3'},{'R2'},{'D1'},{'R1'},{'D4'},{'D2'},{'D7'},{'D6'},{'D3'},{'D5'},&,2.0,&
{'R3'},{'R2'},{'D1'},{'R1'},{'D4'},{'D2'},{'D7'},{'D3'},{'D5'},{'D6'},&,1.0,&
{'R3'},{'R2'},{'D1'},{'R1'},{'D4'},{'D2'},{'D6'},{'D7'},{'D5'},{'D3'},&,1.0,&
{'R3'},{'R2'},{'D1'},{'R1'},{'D4'},{'D7'},,,,,&,3.0,&
{'R3'},{'R2'},{'D1'},{'R1'},{'D4'},{'D7'},{'D3'},,,,&,1.0,&
{'R3'},{'R2'},{'D1'},{'R1'},{'D4'},{'D7'},{'D2'},,,,&,2.0,&
{'R3'},{'R2'},{'D1'},{'R1'},{'D4'},{'D7'},{'D2'},{'D6'},,,&,1.0,&
{'R3'},{'R2'},{'D1'},{'R1'},{'D4'},{'D7'},{'D2'},{'D6'},{'D3'},{'D5'},&,1.0,&
{'R3'},{'R2'},{'D1'},{'R1'},{'D4'},{'D7'},{'D2'},{'D3'},{'D6'},{'D5'},&,2.0,&
{'R3'},{'R2'},{'D1'},{'R1'},{'D4'},{'D6'},{'D7'},{'D2'},,,&,1.0,&
{'R3'},{'R2'},{'D1'},{'R1'},{'D2'},,,,,,&,14.0,&
{'R3'},{'R2'},{'D1'},{'R1'},{'D2'},{'D4'},,,,,&,2.0,&
{'R3'},{'R2'},{'D1'},{'R1'},{'D2'},{'D4'},{'D7'},,,,&,1.0,&
{'R3'},{'R2'},{'D1'},{'R1'},{'D2'},{'D4'},{'D7'},{'D5'},{'D3'},{'D6'},&,1.0,&
{'R3'},{'R2'},{'D1'},{'R1'},{'D2'},{'D4'},{'D7'},{'D6'},,,&,1.0,&
{'R3'},{'R2'},{'D1'},{'R1'},{'D2'},{'D4'},{'D7'},{'D3'},,,&,1.0,&
{'R3'},{'R2'},{'D1'},{'R1'},{'D2'},{'D4'},{'D7'},{'D3'},{'D6'},{'D5'},&,2.0,&
{'R3'},{'R2'},{'D1'},{'R1'},{'D2'},{'D4'},{'D5'},{'D7'},{'D6'},{'D3'},&,1.0,&
{'R3'},{'R2'},{'D1'},{'R1'},{'D2'},{'D4'},{'D6'},{'D7'},{'D3'},,&,1.0,&
{'R3'},{'R2'},{'D1'},{'R1'},{'D2'},{'D3'},,,,,&,3.0,&
{'R3'},{'R2'},{'D1'},{'R1'},{'D2'},{'D3'},{'D7'},{'D4'},{'D6'},,&,1.0,&
{'R3'},{'R2'},{'D1'},{'R1'},{'D2'},{'D3'},{'D7'},{'D4'},{'D5'},{'D6'},&,1.0,&
{'R3'},{'R2'},{'D1'},{'R1'},{'D2'},{'D3'},{'D4'},{'D7'},{'D6'},,&,1.0,&
{'R3'},{'R2'},{'D1'},{'R1'},{'D2'},{'D7'},,,,,&,12.0,&
{'R3'},{'R2'},{'D1'},{'R1'},{'D2'},{'D7'},{'D3'},,,,&,1.0,&
{'R3'},{'R2'},{'D1'},{'R1'},{'D2'},{'D7'},{'D3'},{'D5'},{'D4'},{'D6'},&,1.0,&
{'R3'},{'R2'},{'D1'},{'R1'},{'D2'},{'D7'},{'D3'},{'D6'},,,&,2.0,&
{'R3'},{'R2'},{'D1'},{'R1'},{'D2'},{'D7'},{'D3'},{'D6'},{'D5'},,&,1.0,&
{'R3'},{'R2'},{'D1'},{'R1'},{'D2'},{'D7'},{'D3'},{'D4'},,,&,1.0,&
{'R3'},{'R2'},{'D1'},{'R1'},{'D2'},{'D7'},{'D3'},{'D4'},{'D6'},{'D5'},&,2.0,&
{'R3'},{'R2'},{'D1'},{'R1'},{'D2'},{'D7'},{'D5'},,,,&,1.0,&
{'R3'},{'R2'},{'D1'},{'R1'},{'D2'},{'D7'},{'D4'},,,,&,6.0,&
{'R3'},{'R2'},{'D1'},{'R1'},{'D2'},{'D7'},{'D4'},{'D6'},,,&,1.0,&
{'R3'},{'R2'},{'D1'},{'R1'},{'D2'},{'D7'},{'D4'},{'D6'},{'D5'},{'D3'},&,1.0,&
{'R3'},{'R2'},{'D1'},{'R1'},{'D2'},{'D7'},{'D4'},{'D6'},{'D3'},{'D5'},&,2.0,&
{'R3'},{'R2'},{'D1'},{'R1'},{'D2'},{'D7'},{'D4'},{'D3'},{'D6'},,&,1.0,&
{'R3'},{'R2'},{'D1'},{'R1'},{'D2'},{'D7'},{'D4'},{'D3'},{'D6'},{'D5'},&,1.0,&
{'R3'},{'R2'},{'D1'},{'R1'},{'D2'},{'D7'},{'D6'},,,,&,2.0,&
{'R3'},{'R2'},{'D1'},{'R1'},{'D2'},{'D7'},{'D6'},{'D5'},,,&,1.0,&
{'R3'},{'R2'},{'D1'},{'R1'},{'D2'},{'D7'},{'D6'},{'D3'},{'D4'},,&,1.0,&
{'R3'},{'R2'},{'D1'},{'R1'},{'D2'},{'D7'},{'D6'},{'D4'},,,&,1.0,&
{'R3'},{'R2'},{'D1'},{'R1'},{'D2'},{'D7'},{'D6'},{'D4'},{'D3'},,&,1.0,&
{'R3'},{'R2'},{'D1'},{'R1'},{'D2'},{'D6'},,,,,&,1.0,&
{'R3'},{'R2'},{'D1'},{'R1'},{'D2'},{'D6'},{'D3'},{'D7'},,,&,1.0,&
{'R3'},{'R2'},{'D1'},{'R1'},{'D2'},{'D6'},{'D7'},,,,&,1.0,&
{'R3'},{'R2'},{'D1'},{'R1'},{'D2'},{'D6'},{'D7'},{'D3'},{'D4'},{'D5'},&,1.0,&
{'R3'},{'R2'},{'D1'},{'R1'},{'D2'},{'D6'},{'D7'},{'D4'},,,&,1.0,&
{'R3'},{'R2'},{'D1'},{'R1'},{'D2'},{'D6'},{'D4'},,,,&,1.0,&
{'R3'},{'R2'},{'D1'},{'R1'},{'D2'},{'D6'},{'D4'},{'D3'},{'D7'},{'D5'},&,1.0,&
{'R3'},{'R2'},{'D1'},{'R1'},{'D6'},,,,,,&,5.0,&
{'R3'},{'R2'},{'D1'},{'R1'},{'D6'},{'D2'},{'D7'},,,,&,2.0,&
{'R3'},{'R2'},{'D1'},{'R1'},{'D6'},{'D2'},{'D7'},{'D4'},,,&,1.0,&
{'R3'},{'R2'},{'D1'},{'R1'},{'D6'},{'D7'},{'D2'},,,,&,1.0,&
{'R3'},{'R2'},{'D1'},{'R1'},{'D6'},{'D7'},{'D2'},{'D4'},{'D3'},{'D5'},&,1.0,&
{'R3'},{'R2'},{'D1'},{'R1'},{'D3'},,,,,,&,6.0,&
{'R3'},{'R2'},{'D1'},{'R1'},{'D3'},{'D4'},{'D7'},{'D2'},,,&,1.0,&
{'R3'},{'R2'},{'D1'},{'R1'},{'D3'},{'D2'},{'D7'},{'D4'},{'D6'},,&,2.0,&
{'R3'},{'R2'},{'D1'},{'R1'},{'D3'},{'D2'},{'D7'},{'D4'},{'D5'},,&,1.0,&
{'R3'},{'R2'},{'D1'},{'D7'},,,,,,,&,34.0,&
{'R3'},{'R2'},{'D1'},{'D7'},{'R1'},,,,,,&,15.0,&
{'R3'},{'R2'},{'D1'},{'D7'},{'R1'},{'D4'},,,,,&,1.0,&
{'R3'},{'R2'},{'D1'},{'D7'},{'R1'},{'D4'},{'D2'},,,,&,1.0,&
{'R3'},{'R2'},{'D1'},{'D7'},{'R1'},{'D4'},{'D2'},{'D3'},{'D5'},{'D6'},&,1.0,&
{'R3'},{'R2'},{'D1'},{'D7'},{'R1'},{'D3'},{'D2'},{'D4'},,,&,1.0,&
{'R3'},{'R2'},{'D1'},{'D7'},{'R1'},{'D2'},,,,,&,7.0,&
{'R3'},{'R2'},{'D1'},{'D7'},{'R1'},{'D2'},{'D3'},{'D6'},,,&,2.0,&
{'R3'},{'R2'},{'D1'},{'D7'},{'R1'},{'D2'},{'D3'},{'D4'},,,&,1.0,&
{'R3'},{'R2'},{'D1'},{'D7'},{'R1'},{'D2'},{'D3'},{'D4'},{'D5'},{'D6'},&,2.0,&
{'R3'},{'R2'},{'D1'},{'D7'},{'R1'},{'D2'},{'D4'},,,,&,1.0,&
{'R3'},{'R2'},{'D1'},{'D7'},{'R1'},{'D2'},{'D4'},{'D5'},{'D6'},{'D3'},&,2.0,&
{'R3'},{'R2'},{'D1'},{'D7'},{'R1'},{'D2'},{'D4'},{'D6'},{'D5'},{'D3'},&,1.0,&
{'R3'},{'R2'},{'D1'},{'D7'},{'R1'},{'D2'},{'D4'},{'D6'},{'D3'},{'D5'},&,1.0,&
{'R3'},{'R2'},{'D1'},{'D7'},{'R1'},{'D2'},{'D4'},{'D3'},,,&,2.0,&
{'R3'},{'R2'},{'D1'},{'D7'},{'R1'},{'D2'},{'D4'},{'D3'},{'D6'},,&,2.0,&
{'R3'},{'R2'},{'D1'},{'D7'},{'R1'},{'D2'},{'D4'},{'D3'},{'D6'},{'D5'},&,1.0,&
{'R3'},{'R2'},{'D1'},{'D7'},{'R1'},{'D2'},{'D4'},{'D3'},{'D5'},{'D6'},&,1.0,&
{'R3'},{'R2'},{'D1'},{'D7'},{'R1'},{'D2'},{'D6'},,,,&,2.0,&
{'R3'},{'R2'},{'D1'},{'D7'},{'R1'},{'D2'},{'D6'},{'D3'},{'D4'},,&,1.0,&
{'R3'},{'R2'},{'D1'},{'D7'},{'R1'},{'D2'},{'D6'},{'D4'},,,&,1.0,&
{'R3'},{'R2'},{'D1'},{'D7'},{'R1'},{'D2'},{'D6'},{'D4'},{'D3'},{'D5'},&,1.0,&
{'R3'},{'R2'},{'D1'},{'D7'},{'R1'},{'D5'},,,,,&,1.0,&
{'R3'},{'R2'},{'D1'},{'D7'},{'R1'},{'D5'},{'D2'},{'D4'},,,&,1.0,&
{'R3'},{'R2'},{'D1'},{'D7'},{'R1'},{'D5'},{'D4'},{'D2'},{'D3'},{'D6'},&,1.0,&
{'R3'},{'R2'},{'D1'},{'D7'},{'R1'},{'D6'},,,,,&,1.0,&
{'R3'},{'R2'},{'D1'},{'D7'},{'R1'},{'D6'},{'D2'},{'D3'},{'D4'},,&,1.0,&
{'R3'},{'R2'},{'D1'},{'D7'},{'R1'},{'D6'},{'D2'},{'D4'},,,&,1.0,&
{'R3'},{'R2'},{'D1'},{'D7'},{'R1'},{'D6'},{'D2'},{'D4'},{'D3'},,&,1.0,&
{'R3'},{'R2'},{'D1'},{'D7'},{'R1'},{'D6'},{'D2'},{'D4'},{'D3'},{'D5'},&,1.0,&
{'R3'},{'R2'},{'D1'},{'D7'},{'D4'},,,,,,&,4.0,&
{'R3'},{'R2'},{'D1'},{'D7'},{'D4'},{'R1'},,,,,&,1.0,&
{'R3'},{'R2'},{'D1'},{'D7'},{'D4'},{'R1'},{'D3'},{'D2'},,,&,1.0,&
{'R3'},{'R2'},{'D1'},{'D7'},{'D4'},{'R1'},{'D2'},,,,&,2.0,&
{'R3'},{'R2'},{'D1'},{'D7'},{'D4'},{'R1'},{'D6'},,,,&,1.0,&
{'R3'},{'R2'},{'D1'},{'D7'},{'D4'},{'D3'},{'D2'},,,,&,1.0,&
{'R3'},{'R2'},{'D1'},{'D7'},{'D4'},{'D2'},,,,,&,1.0,&
{'R3'},{'R2'},{'D1'},{'D7'},{'D4'},{'D2'},{'R1'},{'D3'},{'D6'},{'D5'},&,1.0,&
{'R3'},{'R2'},{'D1'},{'D7'},{'D4'},{'D2'},{'D6'},,,,&,1.0,&
{'R3'},{'R2'},{'D1'},{'D7'},{'D4'},{'D5'},,,,,&,1.0,&
{'R3'},{'R2'},{'D1'},{'D7'},{'D4'},{'D6'},{'D2'},{'D3'},{'R1'},,&,1.0,&
{'R3'},{'R2'},{'D1'},{'D7'},{'D2'},,,,,,&,3.0,&
{'R3'},{'R2'},{'D1'},{'D7'},{'D2'},{'D4'},,,,,&,5.0,&
{'R3'},{'R2'},{'D1'},{'D7'},{'D2'},{'D4'},{'D3'},,,,&,1.0,&
{'R3'},{'R2'},{'D1'},{'D7'},{'D2'},{'D4'},{'D3'},{'R1'},{'D6'},,&,2.0,&
{'R3'},{'R2'},{'D1'},{'D7'},{'D2'},{'D4'},{'R1'},,,,&,1.0,&
{'R3'},{'R2'},{'D1'},{'D7'},{'D2'},{'D4'},{'D5'},,,,&,1.0,&
{'R3'},{'R2'},{'D1'},{'D7'},{'D2'},{'D4'},{'D6'},,,,&,1.0,&
{'R3'},{'R2'},{'D1'},{'D7'},{'D2'},{'D4'},{'D6'},{'D3'},{'D5'},,&,1.0,&
{'R3'},{'R2'},{'D1'},{'D7'},{'D2'},{'D4'},{'D6'},{'D3'},{'D5'},{'R1'},&,1.0,&
{'R3'},{'R2'},{'D1'},{'D7'},{'D2'},{'R1'},,,,,&,3.0,&
{'R3'},{'R2'},{'D1'},{'D7'},{'D2'},{'R1'},{'D3'},,,,&,3.0,&
{'R3'},{'R2'},{'D1'},{'D7'},{'D2'},{'R1'},{'D3'},{'D4'},,,&,1.0,&
{'R3'},{'R2'},{'D1'},{'D7'},{'D2'},{'R1'},{'D3'},{'D4'},{'D6'},{'D5'},&,2.0,&
{'R3'},{'R2'},{'D1'},{'D7'},{'D2'},{'R1'},{'D5'},{'D3'},,,&,1.0,&
{'R3'},{'R2'},{'D1'},{'D7'},{'D2'},{'R1'},{'D4'},,,,&,1.0,&
{'R3'},{'R2'},{'D1'},{'D7'},{'D2'},{'R1'},{'D4'},{'D3'},,,&,3.0,&
{'R3'},{'R2'},{'D1'},{'D7'},{'D2'},{'R1'},{'D6'},{'D3'},,,&,2.0,&
{'R3'},{'R2'},{'D1'},{'D7'},{'D2'},{'R1'},{'D6'},{'D4'},{'D3'},,&,1.0,&
{'R3'},{'R2'},{'D1'},{'D7'},{'D2'},{'R1'},{'D6'},{'D4'},{'D3'},{'D5'},&,2.0,&
{'R3'},{'R2'},{'D1'},{'D7'},{'D2'},{'D3'},,,,,&,1.0,&
{'R3'},{'R2'},{'D1'},{'D7'},{'D2'},{'D3'},{'R1'},,,,&,1.0,&
{'R3'},{'R2'},{'D1'},{'D7'},{'D2'},{'D3'},{'R1'},{'D4'},{'D6'},,&,1.0,&
{'R3'},{'R2'},{'D1'},{'D7'},{'D2'},{'D5'},,,,,&,1.0,&
{'R3'},{'R2'},{'D1'},{'D7'},{'D2'},{'D5'},{'D3'},{'D4'},{'D6'},{'R1'},&,1.0,&
{'R3'},{'R2'},{'D1'},{'D7'},{'D2'},{'D5'},{'R1'},{'D3'},,,&,1.0,&
{'R3'},{'R2'},{'D1'},{'D7'},{'D2'},{'D6'},{'D4'},,,,&,1.0,&
{'R3'},{'R2'},{'D1'},{'D7'},{'D6'},,,,,,&,3.0,&
{'R3'},{'R2'},{'D1'},{'D7'},{'D6'},{'R1'},,,,,&,1.0,&
{'R3'},{'R2'},{'D1'},{'D7'},{'D6'},{'R1'},{'D4'},{'D2'},{'D3'},{'D5'},&,1.0,&
{'R3'},{'R2'},{'D1'},{'D7'},{'D6'},{'D3'},{'R1'},{'D2'},,,&,1.0,&
{'R3'},{'R2'},{'D1'},{'D7'},{'D6'},{'D2'},{'D4'},{'R1'},{'D5'},{'D3'},&,1.0,&
{'R3'},{'R2'},{'D1'},{'D7'},{'D3'},{'R1'},,,,,&,1.0,&
{'R3'},{'R2'},{'D1'},{'D7'},{'D3'},{'R1'},{'D2'},,,,&,1.0,&
{'R3'},{'R2'},{'D1'},{'D7'},{'D3'},{'R1'},{'D2'},{'D4'},{'D6'},,&,1.0,&
{'R3'},{'R2'},{'D1'},{'D7'},{'D3'},{'D2'},,,,,&,1.0,&
{'R3'},{'R2'},{'D1'},{'D7'},{'D3'},{'D2'},{'R1'},,,,&,1.0,&
{'R3'},{'R2'},{'D1'},{'D7'},{'D3'},{'D2'},{'R1'},{'D4'},{'D6'},{'D5'},&,1.0,&
{'R3'},{'R2'},{'D1'},{'D7'},{'D5'},,,,,,&,1.0,&
{'R3'},{'R2'},{'D1'},{'D7'},{'D5'},{'D4'},{'D2'},{'D6'},{'R1'},,&,1.0,&
{'R3'},{'R2'},{'D1'},{'D4'},,,,,,,&,8.0,&
{'R3'},{'R2'},{'D1'},{'D4'},{'D7'},,,,,,&,1.0,&
{'R3'},{'R2'},{'D1'},{'D4'},{'D7'},{'R1'},,,,,&,1.0,&
{'R3'},{'R2'},{'D1'},{'D4'},{'D7'},{'R1'},{'D2'},,,,&,2.0,&
{'R3'},{'R2'},{'D1'},{'D4'},{'D7'},{'D2'},{'R1'},,,,&,1.0,&
{'R3'},{'R2'},{'D1'},{'D4'},{'R1'},,,,,,&,10.0,&
{'R3'},{'R2'},{'D1'},{'D4'},{'R1'},{'D2'},,,,,&,1.0,&
{'R3'},{'R2'},{'D1'},{'D4'},{'R1'},{'D2'},{'D7'},,,,&,1.0,&
{'R3'},{'R2'},{'D1'},{'D4'},{'R1'},{'D2'},{'D7'},{'D3'},,,&,1.0,&
{'R3'},{'R2'},{'D1'},{'D4'},{'R1'},{'D2'},{'D7'},{'D3'},{'D5'},{'D6'},&,1.0,&
{'R3'},{'R2'},{'D1'},{'D4'},{'R1'},{'D7'},,,,,&,3.0,&
{'R3'},{'R2'},{'D1'},{'D4'},{'R1'},{'D7'},{'D2'},{'D5'},,,&,1.0,&
{'R3'},{'R2'},{'D1'},{'D4'},{'R1'},{'D7'},{'D2'},{'D6'},{'D5'},{'D3'},&,1.0,&
{'R3'},{'R2'},{'D1'},{'D4'},{'R1'},{'D7'},{'D2'},{'D3'},,,&,2.0,&
{'R3'},{'R2'},{'D1'},{'D4'},{'D2'},,,,,,&,3.0,&
{'R3'},{'R2'},{'D1'},{'D4'},{'D2'},{'R1'},,,,,&,1.0,&
{'R3'},{'R2'},{'D1'},{'D4'},{'D2'},{'R1'},{'D7'},{'D5'},,,&,1.0,&
{'R3'},{'R2'},{'D1'},{'D4'},{'D2'},{'R1'},{'D7'},{'D6'},,,&,1.0,&
{'R3'},{'R2'},{'D1'},{'D4'},{'D2'},{'R1'},{'D7'},{'D3'},,,&,1.0,&
{'R3'},{'R2'},{'D1'},{'D4'},{'D2'},{'D7'},,,,,&,1.0,&
{'R3'},{'R2'},{'D1'},{'D4'},{'D2'},{'D7'},{'R1'},,,,&,1.0,&
{'R3'},{'R2'},{'D1'},{'D4'},{'D2'},{'D7'},{'D5'},,,,&,1.0,&
{'R3'},{'R2'},{'D1'},{'D4'},{'D2'},{'D6'},{'D7'},{'R1'},,,&,1.0,&
{'R3'},{'R2'},{'D1'},{'D4'},{'D3'},,,,,,&,1.0,&
{'R3'},{'R2'},{'D1'},{'D4'},{'D3'},{'R1'},,,,,&,1.0,&
{'R3'},{'R2'},{'D1'},{'D4'},{'D3'},{'R1'},{'D2'},{'D7'},,,&,1.0,&
{'R3'},{'R2'},{'D1'},{'D3'},,,,,,,&,2.0,&
{'R3'},{'R2'},{'D1'},{'D3'},{'D7'},{'D4'},{'R1'},,,,&,1.0,&
{'R3'},{'R2'},{'D1'},{'D3'},{'D7'},{'R1'},,,,,&,1.0,&
{'R3'},{'R2'},{'D1'},{'D3'},{'D7'},{'D2'},,,,,&,1.0,&
{'R3'},{'R2'},{'D1'},{'D3'},{'D7'},{'D2'},{'R1'},{'D4'},{'D6'},{'D5'},&,1.0,&
{'R3'},{'R2'},{'D1'},{'D3'},{'D7'},{'D2'},{'D5'},,,,&,1.0,&
{'R3'},{'R2'},{'D1'},{'D3'},{'D7'},{'D2'},{'D4'},,,,&,1.0,&
{'R3'},{'R2'},{'D1'},{'D3'},{'R1'},,,,,,&,3.0,&
{'R3'},{'R2'},{'D1'},{'D3'},{'R1'},{'D2'},{'D4'},{'D7'},,,&,1.0,&
{'R3'},{'R2'},{'D1'},{'D3'},{'R1'},{'D7'},{'D2'},{'D6'},,,&,1.0,&
{'R3'},{'R2'},{'D1'},{'D3'},{'D4'},,,,,,&,1.0,&
{'R3'},{'R2'},{'D1'},{'D3'},{'D4'},{'R1'},,,,,&,1.0,&
{'R3'},{'R2'},{'D1'},{'D3'},{'D4'},{'D2'},{'D7'},,,,&,1.0,&
{'R3'},{'R2'},{'D1'},{'D3'},{'D2'},,,,,,&,1.0,&
{'R3'},{'R2'},{'D1'},{'D3'},{'D2'},{'D7'},,,,,&,1.0,&
{'R3'},{'R2'},{'D1'},{'D3'},{'D2'},{'D7'},{'R1'},{'D4'},{'D6'},{'D5'},&,1.0,&
{'R3'},{'R2'},{'D1'},{'D3'},{'D2'},{'D7'},{'D4'},{'D6'},{'D5'},{'R1'},&,1.0,&
{'R3'},{'R2'},{'D1'},{'D3'},{'D5'},{'R1'},{'D7'},{'D4'},{'D2'},{'D6'},&,1.0,&
{'R3'},{'R2'},{'D1'},{'D6'},,,,,,,&,1.0,&
{'R3'},{'R2'},{'D1'},{'D6'},{'D7'},{'R1'},{'D2'},,,,&,1.0,&
{'R3'},{'R2'},{'D1'},{'D6'},{'D7'},{'D2'},{'D3'},,,,&,1.0,&
{'R3'},{'R2'},{'D1'},{'D6'},{'R1'},,,,,,&,1.0,&
{'R3'},{'R2'},{'D1'},{'D6'},{'R1'},{'D2'},{'D3'},,,,&,1.0,&
{'R3'},{'R2'},{'D1'},{'D6'},{'R1'},{'D2'},{'D3'},{'D7'},,,&,1.0,&
{'R3'},{'R2'},{'D1'},{'D6'},{'D4'},{'R1'},{'D2'},{'D7'},{'D5'},{'D3'},&,1.0,&
{'R3'},{'R2'},{'D1'},{'D6'},{'D4'},{'D7'},,,,,&,1.0,&
{'R3'},{'R2'},{'D1'},{'D6'},{'D2'},,,,,,&,1.0,&
{'R3'},{'R2'},{'D1'},{'D6'},{'D2'},{'R1'},{'D7'},{'D4'},,,&,1.0,&
{'R3'},{'R2'},{'D1'},{'D6'},{'D2'},{'D7'},{'D4'},{'D3'},{'D5'},{'R1'},&,1.0,&
{'R3'},{'R2'},{'D1'},{'D6'},{'D5'},{'D7'},{'R1'},{'D4'},{'D3'},{'D2'},&,1.0,&
{'R3'},{'R2'},{'D1'},{'D5'},,,,,,,&,1.0,&
{'R3'},{'R2'},{'D1'},{'D5'},{'D7'},{'R1'},,,,,&,1.0,&
{'R3'},{'R2'},{'D1'},{'D5'},{'D7'},{'D2'},{'R1'},,,,&,1.0,&
{'R3'},{'R2'},{'D1'},{'D5'},{'R1'},{'D2'},,,,,&,1.0,&
{'R3'},{'R2'},{'D1'},{'D5'},{'D2'},{'R1'},{'D7'},{'D4'},{'D3'},{'D6'},&,1.0,&
{'R3'},{'R2'},{'D4'},,,,,,,,&,79.0,&
{'R3'},{'R2'},{'D4'},{'D2'},,,,,,,&,13.0,&
{'R3'},{'R2'},{'D4'},{'D2'},{'D7'},,,,,,&,1.0,&
{'R3'},{'R2'},{'D4'},{'D2'},{'D7'},{'R1'},{'D3'},{'D6'},,,&,1.0,&
{'R3'},{'R2'},{'D4'},{'D2'},{'D7'},{'R1'},{'D1'},,,,&,3.0,&
{'R3'},{'R2'},{'D4'},{'D2'},{'D7'},{'R1'},{'D1'},{'D6'},{'D3'},{'D5'},&,1.0,&
{'R3'},{'R2'},{'D4'},{'D2'},{'D7'},{'R1'},{'D1'},{'D3'},{'D6'},{'D5'},&,1.0,&
{'R3'},{'R2'},{'D4'},{'D2'},{'D7'},{'D1'},,,,,&,3.0,&
{'R3'},{'R2'},{'D4'},{'D2'},{'D7'},{'D1'},{'R1'},,,,&,2.0,&
{'R3'},{'R2'},{'D4'},{'D2'},{'D7'},{'D1'},{'R1'},{'D6'},,,&,1.0,&
{'R3'},{'R2'},{'D4'},{'D2'},{'D7'},{'D1'},{'R1'},{'D6'},{'D5'},{'D3'},&,1.0,&
{'R3'},{'R2'},{'D4'},{'D2'},{'R1'},,,,,,&,3.0,&
{'R3'},{'R2'},{'D4'},{'D2'},{'R1'},{'D1'},,,,,&,1.0,&
{'R3'},{'R2'},{'D4'},{'D2'},{'R1'},{'D1'},{'D3'},,,,&,1.0,&
{'R3'},{'R2'},{'D4'},{'D2'},{'R1'},{'D1'},{'D7'},,,,&,1.0,&
{'R3'},{'R2'},{'D4'},{'D2'},{'R1'},{'D1'},{'D7'},{'D6'},{'D5'},{'D3'},&,1.0,&
{'R3'},{'R2'},{'D4'},{'D2'},{'R1'},{'D1'},{'D7'},{'D3'},{'D6'},{'D5'},&,1.0,&
{'R3'},{'R2'},{'D4'},{'D2'},{'R1'},{'D1'},{'D6'},,,,&,1.0,&
{'R3'},{'R2'},{'D4'},{'D2'},{'R1'},{'D7'},,,,,&,1.0,&
{'R3'},{'R2'},{'D4'},{'D2'},{'R1'},{'D7'},{'D3'},{'D1'},,,&,1.0,&
{'R3'},{'R2'},{'D4'},{'D2'},{'R1'},{'D7'},{'D1'},,,,&,2.0,&
{'R3'},{'R2'},{'D4'},{'D2'},{'R1'},{'D7'},{'D1'},{'D5'},,,&,1.0,&
{'R3'},{'R2'},{'D4'},{'D2'},{'R1'},{'D7'},{'D1'},{'D6'},,,&,1.0,&
{'R3'},{'R2'},{'D4'},{'D2'},{'R1'},{'D7'},{'D1'},{'D3'},,,&,1.0,&
{'R3'},{'R2'},{'D4'},{'D2'},{'R1'},{'D6'},,,,,&,1.0,&
{'R3'},{'R2'},{'D4'},{'D2'},{'R1'},{'D6'},{'D1'},,,,&,1.0,&
{'R3'},{'R2'},{'D4'},{'D2'},{'D1'},,,,,,&,2.0,&
{'R3'},{'R2'},{'D4'},{'D2'},{'D1'},{'R1'},,,,,&,2.0,&
{'R3'},{'R2'},{'D4'},{'D2'},{'D1'},{'R1'},{'D7'},,,,&,1.0,&
{'R3'},{'R2'},{'D4'},{'D2'},{'D1'},{'D7'},,,,,&,1.0,&
{'R3'},{'R2'},{'D4'},{'D2'},{'D1'},{'D7'},{'R1'},{'D3'},,,&,1.0,&
{'R3'},{'R2'},{'D4'},{'D2'},{'D1'},{'D7'},{'D6'},{'D3'},{'D5'},,&,1.0,&
{'R3'},{'R2'},{'D4'},{'D2'},{'D1'},{'D7'},{'D6'},{'R1'},{'D3'},{'D5'},&,1.0,&
{'R3'},{'R2'},{'D4'},{'D2'},{'D1'},{'D6'},{'D7'},,,,&,1.0,&
{'R3'},{'R2'},{'D4'},{'D2'},{'D6'},{'D7'},{'D1'},{'R1'},{'D3'},,&,1.0,&
{'R3'},{'R2'},{'D4'},{'D2'},{'D3'},,,,,,&,1.0,&
{'R3'},{'R2'},{'D4'},{'D2'},{'D3'},{'R1'},,,,,&,1.0,&
{'R3'},{'R2'},{'D4'},{'D1'},,,,,,,&,3.0,&
{'R3'},{'R2'},{'D4'},{'D1'},{'D7'},,,,,,&,2.0,&
{'R3'},{'R2'},{'D4'},{'D1'},{'D7'},{'R1'},{'D3'},{'D5'},{'D2'},{'D6'},&,1.0,&
{'R3'},{'R2'},{'D4'},{'D1'},{'D7'},{'R1'},{'D2'},,,,&,1.0,&
{'R3'},{'R2'},{'D4'},{'D1'},{'D7'},{'R1'},{'D2'},{'D3'},,,&,1.0,&
{'R3'},{'R2'},{'D4'},{'D1'},{'D7'},{'R1'},{'D6'},,,,&,1.0,&
{'R3'},{'R2'},{'D4'},{'D1'},{'D7'},{'R1'},{'D6'},{'D2'},{'D3'},{'D5'},&,1.0,&
{'R3'},{'R2'},{'D4'},{'D1'},{'D7'},{'D3'},{'D2'},,,,&,1.0,&
{'R3'},{'R2'},{'D4'},{'D1'},{'D7'},{'D2'},,,,,&,2.0,&
{'R3'},{'R2'},{'D4'},{'D1'},{'D7'},{'D2'},{'D3'},{'D6'},{'D5'},{'R1'},&,1.0,&
{'R3'},{'R2'},{'D4'},{'D1'},{'D7'},{'D2'},{'R1'},,,,&,1.0,&
{'R3'},{'R2'},{'D4'},{'D1'},{'R1'},,,,,,&,4.0,&
{'R3'},{'R2'},{'D4'},{'D1'},{'R1'},{'D2'},,,,,&,1.0,&
{'R3'},{'R2'},{'D4'},{'D1'},{'R1'},{'D2'},{'D7'},,,,&,1.0,&
{'R3'},{'R2'},{'D4'},{'D1'},{'R1'},{'D7'},,,,,&,1.0,&
{'R3'},{'R2'},{'D4'},{'D1'},{'R1'},{'D7'},{'D2'},,,,&,1.0,&
{'R3'},{'R2'},{'D4'},{'D1'},{'R1'},{'D7'},{'D2'},{'D5'},,,&,1.0,&
{'R3'},{'R2'},{'D4'},{'D1'},{'R1'},{'D7'},{'D2'},{'D6'},,,&,1.0,&
{'R3'},{'R2'},{'D4'},{'D1'},{'R1'},{'D7'},{'D2'},{'D6'},{'D3'},{'D5'},&,1.0,&
{'R3'},{'R2'},{'D4'},{'D1'},{'D2'},,,,,,&,2.0,&
{'R3'},{'R2'},{'D4'},{'D1'},{'D2'},{'R1'},{'D7'},,,,&,2.0,&
{'R3'},{'R2'},{'D4'},{'D1'},{'D2'},{'R1'},{'D7'},{'D3'},{'D6'},{'D5'},&,2.0,&
{'R3'},{'R2'},{'D4'},{'D1'},{'D2'},{'D3'},{'R1'},,,,&,1.0,&
{'R3'},{'R2'},{'D4'},{'D1'},{'D2'},{'D7'},,,,,&,1.0,&
{'R3'},{'R2'},{'D4'},{'D1'},{'D2'},{'D7'},{'R1'},,,,&,1.0,&
{'R3'},{'R2'},{'D4'},{'D1'},{'D2'},{'D7'},{'R1'},{'D3'},,,&,1.0,&
{'R3'},{'R2'},{'D4'},{'D1'},{'D3'},{'D2'},{'R1'},{'D7'},,,&,1.0,&
{'R3'},{'R2'},{'D4'},{'D1'},{'D3'},{'D7'},{'D2'},,,,&,1.0,&
{'R3'},{'R2'},{'D4'},{'R1'},,,,,,,&,19.0,&
{'R3'},{'R2'},{'D4'},{'R1'},{'D7'},,,,,,&,3.0,&
{'R3'},{'R2'},{'D4'},{'R1'},{'D7'},{'D3'},{'D6'},{'D1'},{'D2'},,&,1.0,&
{'R3'},{'R2'},{'D4'},{'R1'},{'D7'},{'D2'},,,,,&,2.0,&
{'R3'},{'R2'},{'D4'},{'R1'},{'D7'},{'D2'},{'D3'},,,,&,1.0,&
{'R3'},{'R2'},{'D4'},{'R1'},{'D7'},{'D2'},{'D3'},{'D1'},,,&,1.0,&
{'R3'},{'R2'},{'D4'},{'R1'},{'D7'},{'D2'},{'D1'},,,,&,1.0,&
{'R3'},{'R2'},{'D4'},{'R1'},{'D7'},{'D2'},{'D1'},{'D3'},{'D5'},,&,1.0,&
{'R3'},{'R2'},{'D4'},{'R1'},{'D7'},{'D2'},{'D5'},,,,&,1.0,&
{'R3'},{'R2'},{'D4'},{'R1'},{'D7'},{'D1'},{'D3'},,,,&,1.0,&
{'R3'},{'R2'},{'D4'},{'R1'},{'D7'},{'D1'},{'D2'},,,,&,1.0,&
{'R3'},{'R2'},{'D4'},{'R1'},{'D7'},{'D1'},{'D2'},{'D6'},,,&,1.0,&
{'R3'},{'R2'},{'D4'},{'R1'},{'D7'},{'D1'},{'D2'},{'D3'},,,&,1.0,&
{'R3'},{'R2'},{'D4'},{'R1'},{'D7'},{'D1'},{'D2'},{'D3'},{'D6'},{'D5'},&,1.0,&
{'R3'},{'R2'},{'D4'},{'R1'},{'D7'},{'D1'},{'D6'},{'D3'},,,&,1.0,&
{'R3'},{'R2'},{'D4'},{'R1'},{'D7'},{'D5'},{'D6'},{'D2'},{'D1'},{'D3'},&,1.0,&
{'R3'},{'R2'},{'D4'},{'R1'},{'D1'},,,,,,&,5.0,&
{'R3'},{'R2'},{'D4'},{'R1'},{'D1'},{'D3'},,,,,&,1.0,&
{'R3'},{'R2'},{'D4'},{'R1'},{'D1'},{'D2'},,,,,&,3.0,&
{'R3'},{'R2'},{'D4'},{'R1'},{'D1'},{'D2'},{'D3'},{'D7'},,,&,1.0,&
{'R3'},{'R2'},{'D4'},{'R1'},{'D1'},{'D2'},{'D7'},,,,&,1.0,&
{'R3'},{'R2'},{'D4'},{'R1'},{'D1'},{'D2'},{'D7'},{'D5'},{'D3'},,&,1.0,&
{'R3'},{'R2'},{'D4'},{'R1'},{'D1'},{'D2'},{'D7'},{'D3'},{'D6'},{'D5'},&,1.0,&
{'R3'},{'R2'},{'D4'},{'R1'},{'D1'},{'D7'},{'D2'},{'D5'},,,&,1.0,&
{'R3'},{'R2'},{'D4'},{'R1'},{'D1'},{'D7'},{'D2'},{'D6'},,,&,1.0,&
{'R3'},{'R2'},{'D4'},{'R1'},{'D2'},,,,,,&,7.0,&
{'R3'},{'R2'},{'D4'},{'R1'},{'D2'},{'D3'},,,,,&,1.0,&
{'R3'},{'R2'},{'D4'},{'R1'},{'D2'},{'D3'},{'D1'},{'D7'},,,&,1.0,&
{'R3'},{'R2'},{'D4'},{'R1'},{'D2'},{'D1'},,,,,&,6.0,&
{'R3'},{'R2'},{'D4'},{'R1'},{'D2'},{'D1'},{'D3'},{'D7'},,,&,2.0,&
{'R3'},{'R2'},{'D4'},{'R1'},{'D2'},{'D1'},{'D3'},{'D7'},{'D6'},{'D5'},&,1.0,&
{'R3'},{'R2'},{'D4'},{'R1'},{'D2'},{'D1'},{'D7'},{'D5'},,,&,1.0,&
{'R3'},{'R2'},{'D4'},{'R1'},{'D2'},{'D1'},{'D7'},{'D6'},{'D3'},{'D5'},&,2.0,&
{'R3'},{'R2'},{'D4'},{'R1'},{'D2'},{'D1'},{'D7'},{'D3'},,,&,1.0,&
{'R3'},{'R2'},{'D4'},{'R1'},{'D2'},{'D1'},{'D7'},{'D3'},{'D6'},,&,2.0,&
{'R3'},{'R2'},{'D4'},{'R1'},{'D2'},{'D1'},{'D7'},{'D3'},{'D5'},,&,1.0,&
{'R3'},{'R2'},{'D4'},{'R1'},{'D2'},{'D7'},,,,,&,5.0,&
{'R3'},{'R2'},{'D4'},{'R1'},{'D2'},{'D7'},{'D3'},{'D1'},{'D6'},,&,1.0,&
{'R3'},{'R2'},{'D4'},{'R1'},{'D2'},{'D7'},{'D3'},{'D1'},{'D6'},{'D5'},&,1.0,&
{'R3'},{'R2'},{'D4'},{'R1'},{'D2'},{'D7'},{'D1'},,,,&,1.0,&
{'R3'},{'R2'},{'D4'},{'R1'},{'D2'},{'D7'},{'D1'},{'D5'},{'D3'},{'D6'},&,1.0,&
{'R3'},{'R2'},{'D4'},{'R1'},{'D2'},{'D7'},{'D1'},{'D6'},{'D3'},{'D5'},&,1.0,&
{'R3'},{'R2'},{'D4'},{'R1'},{'D2'},{'D7'},{'D1'},{'D3'},{'D6'},,&,1.0,&
{'R3'},{'R2'},{'D4'},{'R1'},{'D2'},{'D7'},{'D1'},{'D3'},{'D5'},{'D6'},&,1.0,&
{'R3'},{'R2'},{'D4'},{'R1'},{'D2'},{'D7'},{'D5'},,,,&,1.0,&
{'R3'},{'R2'},{'D4'},{'R1'},{'D2'},{'D7'},{'D6'},,,,&,1.0,&
{'R3'},{'R2'},{'D4'},{'R1'},{'D2'},{'D7'},{'D6'},{'D1'},{'D3'},{'D5'},&,1.0,&
{'R3'},{'R2'},{'D4'},{'R1'},{'D2'},{'D6'},{'D7'},,,,&,1.0,&
{'R3'},{'R2'},{'D4'},{'R1'},{'D6'},,,,,,&,1.0,&
{'R3'},{'R2'},{'D4'},{'R1'},{'D6'},{'D2'},{'D7'},{'D1'},,,&,1.0,&
{'R3'},{'R2'},{'D4'},{'R1'},{'D3'},,,,,,&,1.0,&
{'R3'},{'R2'},{'D4'},{'R1'},{'D3'},{'D6'},{'D7'},,,,&,1.0,&
{'R3'},{'R2'},{'D4'},{'R1'},{'D5'},{'D7'},{'D1'},{'D2'},{'D6'},{'D3'},&,1.0,&
{'R3'},{'R2'},{'D4'},{'D7'},,,,,,,&,13.0,&
{'R3'},{'R2'},{'D4'},{'D7'},{'R1'},,,,,,&,2.0,&
{'R3'},{'R2'},{'D4'},{'D7'},{'R1'},{'D2'},,,,,&,2.0,&
{'R3'},{'R2'},{'D4'},{'D7'},{'R1'},{'D2'},{'D3'},,,,&,2.0,&
{'R3'},{'R2'},{'D4'},{'D7'},{'R1'},{'D2'},{'D1'},,,,&,2.0,&
{'R3'},{'R2'},{'D4'},{'D7'},{'R1'},{'D2'},{'D1'},{'D3'},{'D6'},{'D5'},&,1.0,&
{'R3'},{'R2'},{'D4'},{'D7'},{'R1'},{'D1'},,,,,&,2.0,&
{'R3'},{'R2'},{'D4'},{'D7'},{'R1'},{'D1'},{'D2'},,,,&,1.0,&
{'R3'},{'R2'},{'D4'},{'D7'},{'R1'},{'D1'},{'D2'},{'D3'},{'D6'},{'D5'},&,1.0,&
{'R3'},{'R2'},{'D4'},{'D7'},{'R1'},{'D6'},{'D2'},{'D1'},,,&,1.0,&
{'R3'},{'R2'},{'D4'},{'D7'},{'D1'},,,,,,&,3.0,&
{'R3'},{'R2'},{'D4'},{'D7'},{'D1'},{'R1'},,,,,&,1.0,&
{'R3'},{'R2'},{'D4'},{'D7'},{'D1'},{'R1'},{'D3'},,,,&,1.0,&
{'R3'},{'R2'},{'D4'},{'D7'},{'D1'},{'R1'},{'D2'},,,,&,1.0,&
{'R3'},{'R2'},{'D4'},{'D7'},{'D1'},{'R1'},{'D2'},{'D6'},{'D3'},{'D5'},&,1.0,&
{'R3'},{'R2'},{'D4'},{'D7'},{'D1'},{'R1'},{'D2'},{'D3'},{'D6'},{'D5'},&,1.0,&
{'R3'},{'R2'},{'D4'},{'D7'},{'D1'},{'D2'},{'R1'},{'D3'},{'D6'},,&,1.0,&
{'R3'},{'R2'},{'D4'},{'D7'},{'D1'},{'D2'},{'R1'},{'D3'},{'D6'},{'D5'},&,1.0,&
{'R3'},{'R2'},{'D4'},{'D7'},{'D2'},,,,,,&,6.0,&
{'R3'},{'R2'},{'D4'},{'D7'},{'D2'},{'R1'},{'D3'},,,,&,1.0,&
{'R3'},{'R2'},{'D4'},{'D7'},{'D2'},{'R1'},{'D3'},{'D1'},,,&,1.0,&
{'R3'},{'R2'},{'D4'},{'D7'},{'D2'},{'R1'},{'D1'},,,,&,1.0,&
{'R3'},{'R2'},{'D4'},{'D7'},{'D2'},{'R1'},{'D1'},{'D6'},,,&,1.0,&
{'R3'},{'R2'},{'D4'},{'D7'},{'D2'},{'D3'},{'D1'},{'R1'},,,&,1.0,&
{'R3'},{'R2'},{'D4'},{'D7'},{'D2'},{'D1'},,,,,&,1.0,&
{'R3'},{'R2'},{'D4'},{'D7'},{'D2'},{'D1'},{'D3'},{'R1'},{'D5'},{'D6'},&,1.0,&
{'R3'},{'R2'},{'D4'},{'D7'},{'D2'},{'D1'},{'R1'},{'D6'},,,&,1.0,&
{'R3'},{'R2'},{'D4'},{'D7'},{'D2'},{'D1'},{'R1'},{'D3'},{'D5'},{'D6'},&,1.0,&
{'R3'},{'R2'},{'D4'},{'D7'},{'D2'},{'D1'},{'D5'},,,,&,1.0,&
{'R3'},{'R2'},{'D4'},{'D7'},{'D2'},{'D1'},{'D6'},{'D3'},{'R1'},,&,1.0,&
{'R3'},{'R2'},{'D4'},{'D7'},{'D2'},{'D1'},{'D6'},{'D3'},{'R1'},{'D5'},&,1.0,&
{'R3'},{'R2'},{'D4'},{'D7'},{'D2'},{'D6'},{'D3'},,,,&,1.0,&
{'R3'},{'R2'},{'D4'},{'D7'},{'D3'},{'D2'},{'R1'},{'D1'},,,&,1.0,&
{'R3'},{'R2'},{'D4'},{'D7'},{'D5'},{'R1'},{'D2'},,,,&,1.0,&
{'R3'},{'R2'},{'D4'},{'D3'},,,,,,,&,1.0,&
{'R3'},{'R2'},{'D4'},{'D3'},{'D7'},{'R1'},{'D1'},{'D2'},{'D5'},{'D6'},&,1.0,&
{'R3'},{'R2'},{'D4'},{'D3'},{'D7'},{'D1'},,,,,&,1.0,&
{'R3'},{'R2'},{'D4'},{'D3'},{'R1'},,,,,,&,1.0,&
{'R3'},{'R2'},{'D4'},{'D3'},{'R1'},{'D2'},{'D7'},,,,&,1.0,&
{'R3'},{'R2'},{'D4'},{'D3'},{'D1'},,,,,,&,1.0,&
{'R3'},{'R2'},{'D4'},{'D3'},{'D2'},{'D1'},{'R1'},{'D7'},{'D6'},{'D5'},&,1.0,&
{'R3'},{'R2'},{'D4'},{'D6'},,,,,,,&,3.0,&
{'R3'},{'R2'},{'D4'},{'D6'},{'D7'},,,,,,&,1.0,&
{'R3'},{'R2'},{'D4'},{'D6'},{'D7'},{'R1'},{'D2'},{'D1'},{'D5'},,&,1.0,&
{'R3'},{'R2'},{'D4'},{'D6'},{'R1'},,,,,,&,2.0,&
{'R3'},{'R2'},{'D4'},{'D6'},{'R1'},{'D2'},{'D1'},{'D7'},{'D3'},{'D5'},&,1.0,&
{'R3'},{'R2'},{'D4'},{'D6'},{'R1'},{'D1'},,,,,&,1.0,&
{'R3'},{'R2'},{'D4'},{'D6'},{'R1'},{'D7'},,,,,&,1.0,&
{'R3'},{'R2'},{'D4'},{'D6'},{'D2'},{'R1'},{'D7'},,,,&,1.0,&
{'R3'},{'R2'},,,,,,,,,&,664.0,&
{'R3'},{'R2'},{'D7'},,,,,,,,&,223.0,&
{'R3'},{'R2'},{'D7'},{'D2'},,,,,,,&,34.0,&
{'R3'},{'R2'},{'D7'},{'D2'},{'R1'},,,,,,&,15.0,&
{'R3'},{'R2'},{'D7'},{'D2'},{'R1'},{'D4'},,,,,&,2.0,&
{'R3'},{'R2'},{'D7'},{'D2'},{'R1'},{'D4'},{'D3'},{'D6'},{'D1'},{'D5'},&,1.0,&
{'R3'},{'R2'},{'D7'},{'D2'},{'R1'},{'D4'},{'D1'},,,,&,5.0,&
{'R3'},{'R2'},{'D7'},{'D2'},{'R1'},{'D4'},{'D1'},{'D6'},,,&,1.0,&
{'R3'},{'R2'},{'D7'},{'D2'},{'R1'},{'D4'},{'D1'},{'D3'},,,&,2.0,&
{'R3'},{'R2'},{'D7'},{'D2'},{'R1'},{'D4'},{'D1'},{'D3'},{'D6'},,&,1.0,&
{'R3'},{'R2'},{'D7'},{'D2'},{'R1'},{'D4'},{'D6'},{'D3'},{'D1'},{'D5'},&,1.0,&
{'R3'},{'R2'},{'D7'},{'D2'},{'R1'},{'D3'},{'D1'},{'D6'},,,&,1.0,&
{'R3'},{'R2'},{'D7'},{'D2'},{'R1'},{'D3'},{'D1'},{'D6'},{'D4'},{'D5'},&,1.0,&
{'R3'},{'R2'},{'D7'},{'D2'},{'R1'},{'D3'},{'D1'},{'D4'},{'D5'},{'D6'},&,1.0,&
{'R3'},{'R2'},{'D7'},{'D2'},{'R1'},{'D3'},{'D4'},,,,&,1.0,&
{'R3'},{'R2'},{'D7'},{'D2'},{'R1'},{'D3'},{'D4'},{'D1'},,,&,1.0,&
{'R3'},{'R2'},{'D7'},{'D2'},{'R1'},{'D1'},,,,,&,7.0,&
{'R3'},{'R2'},{'D7'},{'D2'},{'R1'},{'D1'},{'D3'},,,,&,1.0,&
{'R3'},{'R2'},{'D7'},{'D2'},{'R1'},{'D1'},{'D3'},{'D6'},{'D4'},,&,1.0,&
{'R3'},{'R2'},{'D7'},{'D2'},{'R1'},{'D1'},{'D5'},{'D6'},{'D3'},{'D4'},&,1.0,&
{'R3'},{'R2'},{'D7'},{'D2'},{'R1'},{'D1'},{'D5'},{'D3'},,,&,1.0,&
{'R3'},{'R2'},{'D7'},{'D2'},{'R1'},{'D1'},{'D4'},,,,&,7.0,&
{'R3'},{'R2'},{'D7'},{'D2'},{'R1'},{'D1'},{'D4'},{'D3'},,,&,1.0,&
{'R3'},{'R2'},{'D7'},{'D2'},{'R1'},{'D1'},{'D4'},{'D3'},{'D6'},{'D5'},&,2.0,&
{'R3'},{'R2'},{'D7'},{'D2'},{'R1'},{'D1'},{'D4'},{'D3'},{'D5'},{'D6'},&,1.0,&
{'R3'},{'R2'},{'D7'},{'D2'},{'R1'},{'D1'},{'D6'},{'D5'},{'D3'},{'D4'},&,1.0,&
{'R3'},{'R2'},{'D7'},{'D2'},{'R1'},{'D1'},{'D6'},{'D3'},,,&,2.0,&
{'R3'},{'R2'},{'D7'},{'D2'},{'R1'},{'D1'},{'D6'},{'D3'},{'D4'},{'D5'},&,1.0,&
{'R3'},{'R2'},{'D7'},{'D2'},{'R1'},{'D1'},{'D6'},{'D4'},,,&,1.0,&
{'R3'},{'R2'},{'D7'},{'D2'},{'R1'},{'D5'},,,,,&,1.0,&
{'R3'},{'R2'},{'D7'},{'D2'},{'R1'},{'D5'},{'D6'},,,,&,1.0,&
{'R3'},{'R2'},{'D7'},{'D2'},{'R1'},{'D6'},,,,,&,3.0,&
{'R3'},{'R2'},{'D7'},{'D2'},{'R1'},{'D6'},{'D3'},{'D1'},,,&,1.0,&
{'R3'},{'R2'},{'D7'},{'D2'},{'R1'},{'D6'},{'D3'},{'D1'},{'D4'},{'D5'},&,1.0,&
{'R3'},{'R2'},{'D7'},{'D2'},{'R1'},{'D6'},{'D1'},,,,&,1.0,&
{'R3'},{'R2'},{'D7'},{'D2'},{'R1'},{'D6'},{'D1'},{'D4'},{'D3'},,&,2.0,&
{'R3'},{'R2'},{'D7'},{'D2'},{'R1'},{'D6'},{'D4'},{'D1'},,,&,2.0,&
{'R3'},{'R2'},{'D7'},{'D2'},{'R1'},{'D6'},{'D4'},{'D1'},{'D3'},,&,1.0,&
{'R3'},{'R2'},{'D7'},{'D2'},{'D1'},,,,,,&,12.0,&
{'R3'},{'R2'},{'D7'},{'D2'},{'D1'},{'D4'},,,,,&,2.0,&
{'R3'},{'R2'},{'D7'},{'D2'},{'D1'},{'D4'},{'D3'},,,,&,1.0,&
{'R3'},{'R2'},{'D7'},{'D2'},{'D1'},{'D4'},{'D3'},{'D6'},{'D5'},,&,1.0,&
{'R3'},{'R2'},{'D7'},{'D2'},{'D1'},{'D4'},{'D3'},{'D6'},{'R1'},,&,1.0,&
{'R3'},{'R2'},{'D7'},{'D2'},{'D1'},{'D4'},{'R1'},,,,&,3.0,&
{'R3'},{'R2'},{'D7'},{'D2'},{'D1'},{'D4'},{'R1'},{'D5'},,,&,1.0,&
{'R3'},{'R2'},{'D7'},{'D2'},{'D1'},{'D4'},{'R1'},{'D6'},{'D3'},,&,2.0,&
{'R3'},{'R2'},{'D7'},{'D2'},{'D1'},{'D4'},{'R1'},{'D3'},,,&,2.0,&
{'R3'},{'R2'},{'D7'},{'D2'},{'D1'},{'D4'},{'R1'},{'D3'},{'D6'},{'D5'},&,1.0,&
{'R3'},{'R2'},{'D7'},{'D2'},{'D1'},{'D4'},{'D5'},{'R1'},,,&,1.0,&
{'R3'},{'R2'},{'D7'},{'D2'},{'D1'},{'D4'},{'D5'},{'R1'},{'D3'},{'D6'},&,1.0,&
{'R3'},{'R2'},{'D7'},{'D2'},{'D1'},{'D4'},{'D6'},{'D5'},{'R1'},{'D3'},&,1.0,&
{'R3'},{'R2'},{'D7'},{'D2'},{'D1'},{'D4'},{'D6'},{'R1'},{'D3'},{'D5'},&,1.0,&
{'R3'},{'R2'},{'D7'},{'D2'},{'D1'},{'R1'},,,,,&,5.0,&
{'R3'},{'R2'},{'D7'},{'D2'},{'D1'},{'R1'},{'D3'},{'D4'},,,&,2.0,&
{'R3'},{'R2'},{'D7'},{'D2'},{'D1'},{'R1'},{'D3'},{'D4'},{'D6'},,&,1.0,&
{'R3'},{'R2'},{'D7'},{'D2'},{'D1'},{'R1'},{'D3'},{'D4'},{'D6'},{'D5'},&,2.0,&
{'R3'},{'R2'},{'D7'},{'D2'},{'D1'},{'R1'},{'D5'},{'D3'},,,&,1.0,&
{'R3'},{'R2'},{'D7'},{'D2'},{'D1'},{'R1'},{'D4'},,,,&,2.0,&
{'R3'},{'R2'},{'D7'},{'D2'},{'D1'},{'R1'},{'D4'},{'D5'},{'D6'},,&,1.0,&
{'R3'},{'R2'},{'D7'},{'D2'},{'D1'},{'R1'},{'D4'},{'D6'},,,&,2.0,&
{'R3'},{'R2'},{'D7'},{'D2'},{'D1'},{'R1'},{'D4'},{'D3'},{'D6'},,&,1.0,&
{'R3'},{'R2'},{'D7'},{'D2'},{'D1'},{'R1'},{'D4'},{'D3'},{'D6'},{'D5'},&,1.0,&
{'R3'},{'R2'},{'D7'},{'D2'},{'D1'},{'R1'},{'D4'},{'D3'},{'D5'},,&,1.0,&
{'R3'},{'R2'},{'D7'},{'D2'},{'D1'},{'R1'},{'D4'},{'D3'},{'D5'},{'D6'},&,1.0,&
{'R3'},{'R2'},{'D7'},{'D2'},{'D1'},{'D3'},,,,,&,1.0,&
{'R3'},{'R2'},{'D7'},{'D2'},{'D1'},{'D3'},{'R1'},,,,&,3.0,&
{'R3'},{'R2'},{'D7'},{'D2'},{'D1'},{'D3'},{'R1'},{'D6'},{'D4'},,&,1.0,&
{'R3'},{'R2'},{'D7'},{'D2'},{'D1'},{'D3'},{'R1'},{'D4'},,,&,1.0,&
{'R3'},{'R2'},{'D7'},{'D2'},{'D1'},{'D3'},{'R1'},{'D4'},{'D6'},{'D5'},&,1.0,&
{'R3'},{'R2'},{'D7'},{'D2'},{'D1'},{'D3'},{'D4'},{'R1'},{'D6'},,&,1.0,&
{'R3'},{'R2'},{'D7'},{'D2'},{'D1'},{'D3'},{'D4'},{'R1'},{'D5'},,&,1.0,&
{'R3'},{'R2'},{'D7'},{'D2'},{'D1'},{'D3'},{'D6'},{'R1'},,,&,1.0,&
{'R3'},{'R2'},{'D7'},{'D2'},{'D1'},{'D5'},,,,,&,1.0,&
{'R3'},{'R2'},{'D7'},{'D2'},{'D1'},{'D5'},{'R1'},{'D4'},{'D3'},{'D6'},&,1.0,&
{'R3'},{'R2'},{'D7'},{'D2'},{'D1'},{'D6'},,,,,&,2.0,&
{'R3'},{'R2'},{'D7'},{'D2'},{'D1'},{'D6'},{'D3'},{'R1'},{'D4'},{'D5'},&,2.0,&
{'R3'},{'R2'},{'D7'},{'D2'},{'D1'},{'D6'},{'R1'},,,,&,2.0,&
{'R3'},{'R2'},{'D7'},{'D2'},{'D1'},{'D6'},{'R1'},{'D3'},,,&,1.0,&
{'R3'},{'R2'},{'D7'},{'D2'},{'D1'},{'D6'},{'D4'},{'D3'},,,&,1.0,&
{'R3'},{'R2'},{'D7'},{'D2'},{'D4'},,,,,,&,8.0,&
{'R3'},{'R2'},{'D7'},{'D2'},{'D4'},{'R1'},,,,,&,3.0,&
{'R3'},{'R2'},{'D7'},{'D2'},{'D4'},{'R1'},{'D1'},,,,&,2.0,&
{'R3'},{'R2'},{'D7'},{'D2'},{'D4'},{'R1'},{'D1'},{'D5'},{'D6'},,&,1.0,&
{'R3'},{'R2'},{'D7'},{'D2'},{'D4'},{'R1'},{'D1'},{'D6'},{'D5'},{'D3'},&,1.0,&
{'R3'},{'R2'},{'D7'},{'D2'},{'D4'},{'R1'},{'D1'},{'D6'},{'D3'},{'D5'},&,1.0,&
{'R3'},{'R2'},{'D7'},{'D2'},{'D4'},{'R1'},{'D1'},{'D3'},,,&,1.0,&
{'R3'},{'R2'},{'D7'},{'D2'},{'D4'},{'R1'},{'D1'},{'D3'},{'D6'},{'D5'},&,2.0,&
{'R3'},{'R2'},{'D7'},{'D2'},{'D4'},{'D3'},{'D1'},{'D5'},{'D6'},{'R1'},&,1.0,&
{'R3'},{'R2'},{'D7'},{'D2'},{'D4'},{'D3'},{'D1'},{'D6'},,,&,1.0,&
{'R3'},{'R2'},{'D7'},{'D2'},{'D4'},{'D1'},,,,,&,3.0,&
{'R3'},{'R2'},{'D7'},{'D2'},{'D4'},{'D1'},{'D3'},,,,&,2.0,&
{'R3'},{'R2'},{'D7'},{'D2'},{'D4'},{'D1'},{'D3'},{'D6'},{'D5'},{'R1'},&,1.0,&
{'R3'},{'R2'},{'D7'},{'D2'},{'D4'},{'D1'},{'D3'},{'R1'},{'D6'},,&,1.0,&
{'R3'},{'R2'},{'D7'},{'D2'},{'D4'},{'D1'},{'R1'},,,,&,1.0,&
{'R3'},{'R2'},{'D7'},{'D2'},{'D4'},{'D1'},{'R1'},{'D5'},{'D3'},{'D6'},&,1.0,&
{'R3'},{'R2'},{'D7'},{'D2'},{'D4'},{'D1'},{'R1'},{'D6'},,,&,1.0,&
{'R3'},{'R2'},{'D7'},{'D2'},{'D4'},{'D1'},{'R1'},{'D3'},{'D6'},{'D5'},&,2.0,&
{'R3'},{'R2'},{'D7'},{'D2'},{'D4'},{'D1'},{'D5'},{'R1'},{'D3'},,&,1.0,&
{'R3'},{'R2'},{'D7'},{'D2'},{'D4'},{'D1'},{'D6'},{'D5'},,,&,1.0,&
{'R3'},{'R2'},{'D7'},{'D2'},{'D4'},{'D1'},{'D6'},{'D3'},{'D5'},{'R1'},&,1.0,&
{'R3'},{'R2'},{'D7'},{'D2'},{'D4'},{'D1'},{'D6'},{'D3'},{'R1'},{'D5'},&,1.0,&
{'R3'},{'R2'},{'D7'},{'D2'},{'D4'},{'D5'},{'D1'},{'D6'},,,&,1.0,&
{'R3'},{'R2'},{'D7'},{'D2'},{'D4'},{'D5'},{'D6'},,,,&,1.0,&
{'R3'},{'R2'},{'D7'},{'D2'},{'D4'},{'D6'},{'R1'},,,,&,1.0,&
{'R3'},{'R2'},{'D7'},{'D2'},{'D4'},{'D6'},{'R1'},{'D3'},{'D1'},{'D5'},&,1.0,&
{'R3'},{'R2'},{'D7'},{'D2'},{'D6'},,,,,,&,1.0,&
{'R3'},{'R2'},{'D7'},{'D2'},{'D6'},{'D4'},{'D1'},{'D5'},{'R1'},{'D3'},&,1.0,&
{'R3'},{'R2'},{'D7'},{'D2'},{'D6'},{'D4'},{'D1'},{'R1'},,,&,1.0,&
{'R3'},{'R2'},{'D7'},{'D2'},{'D6'},{'R1'},,,,,&,2.0,&
{'R3'},{'R2'},{'D7'},{'D2'},{'D6'},{'R1'},{'D3'},{'D1'},,,&,1.0,&
{'R3'},{'R2'},{'D7'},{'D2'},{'D6'},{'R1'},{'D4'},{'D1'},{'D5'},,&,1.0,&
{'R3'},{'R2'},{'D7'},{'D2'},{'D6'},{'D3'},{'R1'},{'D1'},{'D4'},{'D5'},&,2.0,&
{'R3'},{'R2'},{'D7'},{'D2'},{'D6'},{'D1'},,,,,&,1.0,&
{'R3'},{'R2'},{'D7'},{'D2'},{'D3'},,,,,,&,1.0,&
{'R3'},{'R2'},{'D7'},{'D2'},{'D3'},{'D4'},{'R1'},{'D1'},{'D5'},,&,1.0,&
{'R3'},{'R2'},{'D7'},{'D2'},{'D3'},{'R1'},,,,,&,1.0,&
{'R3'},{'R2'},{'D7'},{'D2'},{'D3'},{'R1'},{'D1'},,,,&,1.0,&
{'R3'},{'R2'},{'D7'},{'D2'},{'D3'},{'R1'},{'D1'},{'D6'},,,&,1.0,&
{'R3'},{'R2'},{'D7'},{'D2'},{'D3'},{'R1'},{'D1'},{'D4'},,,&,1.0,&
{'R3'},{'R2'},{'D7'},{'D2'},{'D3'},{'R1'},{'D1'},{'D4'},{'D6'},,&,1.0,&
{'R3'},{'R2'},{'D7'},{'D2'},{'D3'},{'D1'},,,,,&,1.0,&
{'R3'},{'R2'},{'D7'},{'D2'},{'D3'},{'D1'},{'R1'},,,,&,1.0,&
{'R3'},{'R2'},{'D7'},{'D2'},{'D3'},{'D1'},{'R1'},{'D5'},{'D4'},{'D6'},&,1.0,&
{'R3'},{'R2'},{'D7'},{'D2'},{'D3'},{'D1'},{'R1'},{'D4'},{'D6'},,&,1.0,&
{'R3'},{'R2'},{'D7'},{'D2'},{'D3'},{'D1'},{'R1'},{'D4'},{'D6'},{'D5'},&,1.0,&
{'R3'},{'R2'},{'D7'},{'D2'},{'D3'},{'D1'},{'D4'},,,,&,1.0,&
{'R3'},{'R2'},{'D7'},{'D2'},{'D3'},{'D1'},{'D6'},,,,&,1.0,&
{'R3'},{'R2'},{'D7'},{'D2'},{'D5'},{'R1'},{'D1'},{'D6'},{'D3'},{'D4'},&,1.0,&
{'R3'},{'R2'},{'D7'},{'D1'},,,,,,,&,23.0,&
{'R3'},{'R2'},{'D7'},{'D1'},{'R1'},,,,,,&,12.0,&
{'R3'},{'R2'},{'D7'},{'D1'},{'R1'},{'D4'},,,,,&,4.0,&
{'R3'},{'R2'},{'D7'},{'D1'},{'R1'},{'D4'},{'D3'},{'D2'},{'D6'},{'D5'},&,1.0,&
{'R3'},{'R2'},{'D7'},{'D1'},{'R1'},{'D4'},{'D2'},{'D3'},{'D6'},{'D5'},&,2.0,&
{'R3'},{'R2'},{'D7'},{'D1'},{'R1'},{'D3'},,,,,&,1.0,&
{'R3'},{'R2'},{'D7'},{'D1'},{'R1'},{'D3'},{'D2'},,,,&,1.0,&
{'R3'},{'R2'},{'D7'},{'D1'},{'R1'},{'D3'},{'D2'},{'D6'},,,&,1.0,&
{'R3'},{'R2'},{'D7'},{'D1'},{'R1'},{'D3'},{'D2'},{'D6'},{'D4'},{'D5'},&,2.0,&
{'R3'},{'R2'},{'D7'},{'D1'},{'R1'},{'D3'},{'D2'},{'D4'},,,&,1.0,&
{'R3'},{'R2'},{'D7'},{'D1'},{'R1'},{'D3'},{'D2'},{'D4'},{'D6'},{'D5'},&,1.0,&
{'R3'},{'R2'},{'D7'},{'D1'},{'R1'},{'D3'},{'D6'},{'D2'},{'D4'},{'D5'},&,1.0,&
{'R3'},{'R2'},{'D7'},{'D1'},{'R1'},{'D2'},,,,,&,5.0,&
{'R3'},{'R2'},{'D7'},{'D1'},{'R1'},{'D2'},{'D3'},,,,&,2.0,&
{'R3'},{'R2'},{'D7'},{'D1'},{'R1'},{'D2'},{'D3'},{'D5'},{'D6'},,&,1.0,&
{'R3'},{'R2'},{'D7'},{'D1'},{'R1'},{'D2'},{'D3'},{'D6'},{'D4'},{'D5'},&,1.0,&
{'R3'},{'R2'},{'D7'},{'D1'},{'R1'},{'D2'},{'D3'},{'D4'},,,&,1.0,&
{'R3'},{'R2'},{'D7'},{'D1'},{'R1'},{'D2'},{'D5'},,,,&,1.0,&
{'R3'},{'R2'},{'D7'},{'D1'},{'R1'},{'D2'},{'D4'},,,,&,3.0,&
{'R3'},{'R2'},{'D7'},{'D1'},{'R1'},{'D2'},{'D4'},{'D5'},,,&,1.0,&
{'R3'},{'R2'},{'D7'},{'D1'},{'R1'},{'D2'},{'D4'},{'D6'},,,&,1.0,&
{'R3'},{'R2'},{'D7'},{'D1'},{'R1'},{'D2'},{'D4'},{'D6'},{'D3'},{'D5'},&,2.0,&
{'R3'},{'R2'},{'D7'},{'D1'},{'R1'},{'D2'},{'D4'},{'D3'},{'D6'},{'D5'},&,1.0,&
{'R3'},{'R2'},{'D7'},{'D1'},{'R1'},{'D2'},{'D6'},,,,&,1.0,&
{'R3'},{'R2'},{'D7'},{'D1'},{'R1'},{'D2'},{'D6'},{'D4'},{'D3'},{'D5'},&,1.0,&
{'R3'},{'R2'},{'D7'},{'D1'},{'R1'},{'D6'},,,,,&,1.0,&
{'R3'},{'R2'},{'D7'},{'D1'},{'D4'},,,,,,&,2.0,&
{'R3'},{'R2'},{'D7'},{'D1'},{'D4'},{'R1'},,,,,&,4.0,&
{'R3'},{'R2'},{'D7'},{'D1'},{'D4'},{'R1'},{'D2'},,,,&,1.0,&
{'R3'},{'R2'},{'D7'},{'D1'},{'D4'},{'R1'},{'D2'},{'D6'},{'D5'},{'D3'},&,1.0,&
{'R3'},{'R2'},{'D7'},{'D1'},{'D4'},{'R1'},{'D2'},{'D6'},{'D3'},,&,1.0,&
{'R3'},{'R2'},{'D7'},{'D1'},{'D4'},{'R1'},{'D2'},{'D3'},,,&,1.0,&
{'R3'},{'R2'},{'D7'},{'D1'},{'D4'},{'R1'},{'D2'},{'D3'},{'D5'},{'D6'},&,1.0,&
{'R3'},{'R2'},{'D7'},{'D1'},{'D4'},{'D3'},{'R1'},,,,&,1.0,&
{'R3'},{'R2'},{'D7'},{'D1'},{'D4'},{'D2'},,,,,&,2.0,&
{'R3'},{'R2'},{'D7'},{'D1'},{'D4'},{'D2'},{'R1'},{'D3'},{'D5'},{'D6'},&,1.0,&
{'R3'},{'R2'},{'D7'},{'D1'},{'D4'},{'D2'},{'D5'},{'R1'},,,&,1.0,&
{'R3'},{'R2'},{'D7'},{'D1'},{'D4'},{'D2'},{'D6'},{'R1'},{'D3'},{'D5'},&,1.0,&
{'R3'},{'R2'},{'D7'},{'D1'},{'D2'},,,,,,&,7.0,&
{'R3'},{'R2'},{'D7'},{'D1'},{'D2'},{'D4'},,,,,&,3.0,&
{'R3'},{'R2'},{'D7'},{'D1'},{'D2'},{'D4'},{'D3'},{'D6'},{'R1'},{'D5'},&,1.0,&
{'R3'},{'R2'},{'D7'},{'D1'},{'D2'},{'D4'},{'D3'},{'R1'},{'D6'},{'D5'},&,1.0,&
{'R3'},{'R2'},{'D7'},{'D1'},{'D2'},{'D4'},{'D3'},{'R1'},{'D5'},{'D6'},&,1.0,&
{'R3'},{'R2'},{'D7'},{'D1'},{'D2'},{'D4'},{'R1'},,,,&,2.0,&
{'R3'},{'R2'},{'D7'},{'D1'},{'D2'},{'D4'},{'R1'},{'D3'},{'D6'},{'D5'},&,1.0,&
{'R3'},{'R2'},{'D7'},{'D1'},{'D2'},{'D4'},{'D6'},,,,&,1.0,&
{'R3'},{'R2'},{'D7'},{'D1'},{'D2'},{'D4'},{'D6'},{'D3'},,,&,1.0,&
{'R3'},{'R2'},{'D7'},{'D1'},{'D2'},{'R1'},,,,,&,3.0,&
{'R3'},{'R2'},{'D7'},{'D1'},{'D2'},{'R1'},{'D3'},,,,&,1.0,&
{'R3'},{'R2'},{'D7'},{'D1'},{'D2'},{'R1'},{'D3'},{'D4'},,,&,1.0,&
{'R3'},{'R2'},{'D7'},{'D1'},{'D2'},{'R1'},{'D3'},{'D4'},{'D6'},,&,1.0,&
{'R3'},{'R2'},{'D7'},{'D1'},{'D2'},{'R1'},{'D5'},{'D6'},{'D4'},,&,1.0,&
{'R3'},{'R2'},{'D7'},{'D1'},{'D2'},{'R1'},{'D5'},{'D4'},,,&,1.0,&
{'R3'},{'R2'},{'D7'},{'D1'},{'D2'},{'R1'},{'D4'},,,,&,3.0,&
{'R3'},{'R2'},{'D7'},{'D1'},{'D2'},{'R1'},{'D4'},{'D5'},{'D3'},,&,1.0,&
{'R3'},{'R2'},{'D7'},{'D1'},{'D2'},{'R1'},{'D4'},{'D6'},{'D3'},,&,1.0,&
{'R3'},{'R2'},{'D7'},{'D1'},{'D2'},{'R1'},{'D4'},{'D6'},{'D3'},{'D5'},&,2.0,&
{'R3'},{'R2'},{'D7'},{'D1'},{'D2'},{'R1'},{'D4'},{'D3'},{'D6'},,&,1.0,&
{'R3'},{'R2'},{'D7'},{'D1'},{'D2'},{'R1'},{'D4'},{'D3'},{'D6'},{'D5'},&,2.0,&
{'R3'},{'R2'},{'D7'},{'D1'},{'D2'},{'R1'},{'D6'},{'D3'},,,&,1.0,&
{'R3'},{'R2'},{'D7'},{'D1'},{'D2'},{'R1'},{'D6'},{'D4'},{'D3'},{'D5'},&,1.0,&
{'R3'},{'R2'},{'D7'},{'D1'},{'D2'},{'D3'},,,,,&,3.0,&
{'R3'},{'R2'},{'D7'},{'D1'},{'D2'},{'D3'},{'R1'},,,,&,2.0,&
{'R3'},{'R2'},{'D7'},{'D1'},{'D2'},{'D3'},{'R1'},{'D4'},,,&,2.0,&
{'R3'},{'R2'},{'D7'},{'D1'},{'D2'},{'D3'},{'R1'},{'D4'},{'D6'},{'D5'},&,1.0,&
{'R3'},{'R2'},{'D7'},{'D1'},{'D2'},{'D3'},{'D4'},{'D5'},{'D6'},{'R1'},&,1.0,&
{'R3'},{'R2'},{'D7'},{'D1'},{'D2'},{'D3'},{'D4'},{'R1'},,,&,1.0,&
{'R3'},{'R2'},{'D7'},{'D1'},{'D2'},{'D5'},{'D3'},{'D6'},{'R1'},{'D4'},&,1.0,&
{'R3'},{'R2'},{'D7'},{'D1'},{'D2'},{'D6'},{'D3'},{'D4'},,,&,1.0,&
{'R3'},{'R2'},{'D7'},{'D1'},{'D2'},{'D6'},{'D3'},{'D4'},{'R1'},{'D5'},&,1.0,&
{'R3'},{'R2'},{'D7'},{'D1'},{'D2'},{'D6'},{'D4'},,,,&,1.0,&
{'R3'},{'R2'},{'D7'},{'D1'},{'D2'},{'D6'},{'D4'},{'D3'},,,&,1.0,&
{'R3'},{'R2'},{'D7'},{'D1'},{'D2'},{'D6'},{'D4'},{'R1'},{'D3'},,&,1.0,&
{'R3'},{'R2'},{'D7'},{'D1'},{'D6'},,,,,,&,3.0,&
{'R3'},{'R2'},{'D7'},{'D1'},{'D6'},{'D4'},{'D2'},{'D3'},{'R1'},,&,1.0,&
{'R3'},{'R2'},{'D7'},{'D1'},{'D6'},{'R1'},{'D2'},,,,&,1.0,&
{'R3'},{'R2'},{'D7'},{'D1'},{'D6'},{'D3'},{'D2'},{'D4'},{'R1'},,&,1.0,&
{'R3'},{'R2'},{'D7'},{'D1'},{'D3'},{'D4'},{'D6'},{'R1'},{'D2'},{'D5'},&,1.0,&
{'R3'},{'R2'},{'D7'},{'D1'},{'D3'},{'R1'},{'D2'},{'D4'},{'D6'},,&,1.0,&
{'R3'},{'R2'},{'D7'},{'D1'},{'D3'},{'R1'},{'D4'},{'D2'},{'D6'},{'D5'},&,1.0,&
{'R3'},{'R2'},{'D7'},{'D1'},{'D3'},{'D2'},{'R1'},,,,&,2.0,&
{'R3'},{'R2'},{'D7'},{'D1'},{'D3'},{'D2'},{'R1'},{'D4'},{'D6'},{'D5'},&,1.0,&
{'R3'},{'R2'},{'D7'},{'D1'},{'D5'},{'R1'},{'D4'},{'D2'},{'D6'},{'D3'},&,1.0,&
{'R3'},{'R2'},{'D7'},{'D1'},{'D5'},{'D2'},,,,,&,1.0,&
{'R3'},{'R2'},{'D7'},{'D1'},{'D5'},{'D2'},{'R1'},{'D6'},{'D4'},{'D3'},&,2.0,&
{'R3'},{'R2'},{'D7'},{'D1'},{'D5'},{'D2'},{'D4'},{'D3'},{'D6'},{'R1'},&,1.0,&
{'R3'},{'R2'},{'D7'},{'D1'},{'D5'},{'D2'},{'D6'},,,,&,1.0,&
{'R3'},{'R2'},{'D7'},{'R1'},,,,,,,&,59.0,&
{'R3'},{'R2'},{'D7'},{'R1'},{'D1'},,,,,,&,19.0,&
{'R3'},{'R2'},{'D7'},{'R1'},{'D1'},{'D4'},,,,,&,1.0,&
{'R3'},{'R2'},{'D7'},{'R1'},{'D1'},{'D4'},{'D2'},,,,&,2.0,&
{'R3'},{'R2'},{'D7'},{'R1'},{'D1'},{'D4'},{'D2'},{'D5'},{'D3'},,&,1.0,&
{'R3'},{'R2'},{'D7'},{'R1'},{'D1'},{'D4'},{'D2'},{'D6'},,,&,1.0,&
{'R3'},{'R2'},{'D7'},{'R1'},{'D1'},{'D4'},{'D2'},{'D6'},{'D3'},{'D5'},&,1.0,&
{'R3'},{'R2'},{'D7'},{'R1'},{'D1'},{'D4'},{'D2'},{'D3'},,,&,1.0,&
{'R3'},{'R2'},{'D7'},{'R1'},{'D1'},{'D4'},{'D2'},{'D3'},{'D6'},,&,1.0,&
{'R3'},{'R2'},{'D7'},{'R1'},{'D1'},{'D4'},{'D2'},{'D3'},{'D6'},{'D5'},&,1.0,&
{'R3'},{'R2'},{'D7'},{'R1'},{'D1'},{'D4'},{'D6'},{'D2'},{'D5'},,&,1.0,&
{'R3'},{'R2'},{'D7'},{'R1'},{'D1'},{'D3'},,,,,&,1.0,&
{'R3'},{'R2'},{'D7'},{'R1'},{'D1'},{'D3'},{'D2'},,,,&,1.0,&
{'R3'},{'R2'},{'D7'},{'R1'},{'D1'},{'D3'},{'D2'},{'D5'},,,&,1.0,&
{'R3'},{'R2'},{'D7'},{'R1'},{'D1'},{'D3'},{'D4'},{'D6'},{'D2'},{'D5'},&,1.0,&
{'R3'},{'R2'},{'D7'},{'R1'},{'D1'},{'D2'},,,,,&,7.0,&
{'R3'},{'R2'},{'D7'},{'R1'},{'D1'},{'D2'},{'D3'},,,,&,3.0,&
{'R3'},{'R2'},{'D7'},{'R1'},{'D1'},{'D2'},{'D3'},{'D6'},{'D4'},{'D5'},&,2.0,&
{'R3'},{'R2'},{'D7'},{'R1'},{'D1'},{'D2'},{'D3'},{'D4'},{'D6'},{'D5'},&,1.0,&
{'R3'},{'R2'},{'D7'},{'R1'},{'D1'},{'D2'},{'D4'},,,,&,1.0,&
{'R3'},{'R2'},{'D7'},{'R1'},{'D1'},{'D2'},{'D4'},{'D6'},,,&,3.0,&
{'R3'},{'R2'},{'D7'},{'R1'},{'D1'},{'D2'},{'D4'},{'D6'},{'D3'},{'D5'},&,1.0,&
{'R3'},{'R2'},{'D7'},{'R1'},{'D1'},{'D2'},{'D4'},{'D3'},,,&,2.0,&
{'R3'},{'R2'},{'D7'},{'R1'},{'D1'},{'D2'},{'D4'},{'D3'},{'D6'},{'D5'},&,1.0,&
{'R3'},{'R2'},{'D7'},{'R1'},{'D1'},{'D2'},{'D4'},{'D3'},{'D5'},,&,1.0,&
{'R3'},{'R2'},{'D7'},{'R1'},{'D1'},{'D2'},{'D6'},,,,&,4.0,&
{'R3'},{'R2'},{'D7'},{'R1'},{'D1'},{'D2'},{'D6'},{'D3'},,,&,1.0,&
{'R3'},{'R2'},{'D7'},{'R1'},{'D1'},{'D2'},{'D6'},{'D3'},{'D4'},{'D5'},&,1.0,&
{'R3'},{'R2'},{'D7'},{'R1'},{'D1'},{'D2'},{'D6'},{'D4'},,,&,1.0,&
{'R3'},{'R2'},{'D7'},{'R1'},{'D1'},{'D5'},{'D4'},{'D2'},,,&,1.0,&
{'R3'},{'R2'},{'D7'},{'R1'},{'D4'},,,,,,&,5.0,&
{'R3'},{'R2'},{'D7'},{'R1'},{'D4'},{'D3'},{'D1'},,,,&,1.0,&
{'R3'},{'R2'},{'D7'},{'R1'},{'D4'},{'D2'},,,,,&,4.0,&
{'R3'},{'R2'},{'D7'},{'R1'},{'D4'},{'D2'},{'D3'},{'D5'},{'D1'},{'D6'},&,1.0,&
{'R3'},{'R2'},{'D7'},{'R1'},{'D4'},{'D2'},{'D3'},{'D6'},,,&,1.0,&
{'R3'},{'R2'},{'D7'},{'R1'},{'D4'},{'D2'},{'D3'},{'D1'},,,&,1.0,&
{'R3'},{'R2'},{'D7'},{'R1'},{'D4'},{'D2'},{'D3'},{'D1'},{'D6'},{'D5'},&,1.0,&
{'R3'},{'R2'},{'D7'},{'R1'},{'D4'},{'D2'},{'D1'},{'D6'},,,&,1.0,&
{'R3'},{'R2'},{'D7'},{'R1'},{'D4'},{'D2'},{'D1'},{'D6'},{'D5'},{'D3'},&,1.0,&
{'R3'},{'R2'},{'D7'},{'R1'},{'D4'},{'D2'},{'D1'},{'D6'},{'D3'},,&,1.0,&
{'R3'},{'R2'},{'D7'},{'R1'},{'D4'},{'D2'},{'D6'},{'D1'},{'D3'},{'D5'},&,1.0,&
{'R3'},{'R2'},{'D7'},{'R1'},{'D4'},{'D1'},,,,,&,3.0,&
{'R3'},{'R2'},{'D7'},{'R1'},{'D4'},{'D1'},{'D3'},{'D2'},{'D6'},,&,1.0,&
{'R3'},{'R2'},{'D7'},{'R1'},{'D4'},{'D1'},{'D2'},,,,&,2.0,&
{'R3'},{'R2'},{'D7'},{'R1'},{'D4'},{'D1'},{'D2'},{'D3'},{'D5'},{'D6'},&,1.0,&
{'R3'},{'R2'},{'D7'},{'R1'},{'D4'},{'D1'},{'D6'},,,,&,1.0,&
{'R3'},{'R2'},{'D7'},{'R1'},{'D2'},,,,,,&,22.0,&
{'R3'},{'R2'},{'D7'},{'R1'},{'D2'},{'D4'},,,,,&,4.0,&
{'R3'},{'R2'},{'D7'},{'R1'},{'D2'},{'D4'},{'D3'},,,,&,1.0,&
{'R3'},{'R2'},{'D7'},{'R1'},{'D2'},{'D4'},{'D3'},{'D1'},{'D6'},,&,1.0,&
{'R3'},{'R2'},{'D7'},{'R1'},{'D2'},{'D4'},{'D3'},{'D1'},{'D5'},{'D6'},&,4.0,&
{'R3'},{'R2'},{'D7'},{'R1'},{'D2'},{'D4'},{'D1'},,,,&,5.0,&
{'R3'},{'R2'},{'D7'},{'R1'},{'D2'},{'D4'},{'D1'},{'D5'},{'D6'},{'D3'},&,1.0,&
{'R3'},{'R2'},{'D7'},{'R1'},{'D2'},{'D4'},{'D1'},{'D6'},{'D5'},{'D3'},&,1.0,&
{'R3'},{'R2'},{'D7'},{'R1'},{'D2'},{'D4'},{'D1'},{'D3'},{'D6'},{'D5'},&,1.0,&
{'R3'},{'R2'},{'D7'},{'R1'},{'D2'},{'D4'},{'D5'},{'D1'},{'D3'},{'D6'},&,1.0,&
{'R3'},{'R2'},{'D7'},{'R1'},{'D2'},{'D4'},{'D6'},,,,&,1.0,&
{'R3'},{'R2'},{'D7'},{'R1'},{'D2'},{'D4'},{'D6'},{'D1'},,,&,2.0,&
{'R3'},{'R2'},{'D7'},{'R1'},{'D2'},{'D3'},,,,,&,3.0,&
{'R3'},{'R2'},{'D7'},{'R1'},{'D2'},{'D3'},{'D1'},,,,&,3.0,&
{'R3'},{'R2'},{'D7'},{'R1'},{'D2'},{'D3'},{'D1'},{'D6'},,,&,1.0,&
{'R3'},{'R2'},{'D7'},{'R1'},{'D2'},{'D3'},{'D1'},{'D4'},,,&,2.0,&
{'R3'},{'R2'},{'D7'},{'R1'},{'D2'},{'D3'},{'D1'},{'D4'},{'D6'},,&,1.0,&
{'R3'},{'R2'},{'D7'},{'R1'},{'D2'},{'D3'},{'D1'},{'D4'},{'D6'},{'D5'},&,2.0,&
{'R3'},{'R2'},{'D7'},{'R1'},{'D2'},{'D3'},{'D5'},{'D1'},{'D4'},,&,1.0,&
{'R3'},{'R2'},{'D7'},{'R1'},{'D2'},{'D3'},{'D6'},{'D1'},{'D4'},{'D5'},&,1.0,&
{'R3'},{'R2'},{'D7'},{'R1'},{'D2'},{'D1'},,,,,&,14.0,&
{'R3'},{'R2'},{'D7'},{'R1'},{'D2'},{'D1'},{'D3'},,,,&,3.0,&
{'R3'},{'R2'},{'D7'},{'R1'},{'D2'},{'D1'},{'D3'},{'D5'},{'D4'},{'D6'},&,1.0,&
{'R3'},{'R2'},{'D7'},{'R1'},{'D2'},{'D1'},{'D3'},{'D6'},{'D4'},,&,1.0,&
{'R3'},{'R2'},{'D7'},{'R1'},{'D2'},{'D1'},{'D3'},{'D6'},{'D4'},{'D5'},&,1.0,&
{'R3'},{'R2'},{'D7'},{'R1'},{'D2'},{'D1'},{'D3'},{'D4'},,,&,1.0,&
{'R3'},{'R2'},{'D7'},{'R1'},{'D2'},{'D1'},{'D3'},{'D4'},{'D6'},,&,1.0,&
{'R3'},{'R2'},{'D7'},{'R1'},{'D2'},{'D1'},{'D3'},{'D4'},{'D6'},{'D5'},&,1.0,&
{'R3'},{'R2'},{'D7'},{'R1'},{'D2'},{'D1'},{'D5'},,,,&,2.0,&
{'R3'},{'R2'},{'D7'},{'R1'},{'D2'},{'D1'},{'D5'},{'D6'},{'D3'},{'D4'},&,1.0,&
{'R3'},{'R2'},{'D7'},{'R1'},{'D2'},{'D1'},{'D4'},,,,&,3.0,&
{'R3'},{'R2'},{'D7'},{'R1'},{'D2'},{'D1'},{'D4'},{'D5'},,,&,2.0,&
{'R3'},{'R2'},{'D7'},{'R1'},{'D2'},{'D1'},{'D4'},{'D6'},,,&,2.0,&
{'R3'},{'R2'},{'D7'},{'R1'},{'D2'},{'D1'},{'D4'},{'D6'},{'D3'},{'D5'},&,1.0,&
{'R3'},{'R2'},{'D7'},{'R1'},{'D2'},{'D1'},{'D4'},{'D3'},{'D6'},,&,1.0,&
{'R3'},{'R2'},{'D7'},{'R1'},{'D2'},{'D1'},{'D4'},{'D3'},{'D6'},{'D5'},&,1.0,&
{'R3'},{'R2'},{'D7'},{'R1'},{'D2'},{'D1'},{'D6'},,,,&,2.0,&
{'R3'},{'R2'},{'D7'},{'R1'},{'D2'},{'D1'},{'D6'},{'D4'},,,&,1.0,&
{'R3'},{'R2'},{'D7'},{'R1'},{'D2'},{'D1'},{'D6'},{'D4'},{'D3'},{'D5'},&,1.0,&
{'R3'},{'R2'},{'D7'},{'R1'},{'D2'},{'D6'},{'D1'},{'D4'},{'D3'},{'D5'},&,1.0,&
{'R3'},{'R2'},{'D7'},{'R1'},{'D6'},{'D4'},{'D1'},{'D2'},,,&,1.0,&
{'R3'},{'R2'},{'D7'},{'R1'},{'D6'},{'D3'},,,,,&,1.0,&
{'R3'},{'R2'},{'D7'},{'R1'},{'D6'},{'D2'},,,,,&,2.0,&
{'R3'},{'R2'},{'D7'},{'R1'},{'D6'},{'D2'},{'D1'},,,,&,1.0,&
{'R3'},{'R2'},{'D7'},{'R1'},{'D6'},{'D2'},{'D4'},{'D1'},{'D3'},{'D5'},&,1.0,&
{'R3'},{'R2'},{'D7'},{'R1'},{'D3'},,,,,,&,2.0,&
{'R3'},{'R2'},{'D7'},{'R1'},{'D3'},{'D4'},{'D6'},,,,&,1.0,&
{'R3'},{'R2'},{'D7'},{'R1'},{'D3'},{'D4'},{'D6'},{'D2'},{'D1'},{'D5'},&,1.0,&
{'R3'},{'R2'},{'D7'},{'R1'},{'D3'},{'D2'},{'D1'},,,,&,2.0,&
{'R3'},{'R2'},{'D7'},{'R1'},{'D3'},{'D2'},{'D1'},{'D4'},{'D6'},,&,1.0,&
{'R3'},{'R2'},{'D7'},{'R1'},{'D3'},{'D2'},{'D1'},{'D4'},{'D6'},{'D5'},&,1.0,&
{'R3'},{'R2'},{'D7'},{'R1'},{'D3'},{'D2'},{'D4'},{'D1'},,,&,1.0,&
{'R3'},{'R2'},{'D7'},{'R1'},{'D3'},{'D2'},{'D4'},{'D1'},{'D6'},{'D5'},&,1.0,&
{'R3'},{'R2'},{'D7'},{'R1'},{'D3'},{'D6'},{'D1'},,,,&,1.0,&
{'R3'},{'R2'},{'D7'},{'R1'},{'D5'},,,,,,&,1.0,&
{'R3'},{'R2'},{'D7'},{'R1'},{'D5'},{'D4'},{'D2'},{'D1'},{'D6'},,&,1.0,&
{'R3'},{'R2'},{'D7'},{'R1'},{'D5'},{'D2'},{'D1'},{'D4'},{'D6'},{'D3'},&,1.0,&
{'R3'},{'R2'},{'D7'},{'D4'},,,,,,,&,13.0,&
{'R3'},{'R2'},{'D7'},{'D4'},{'R1'},,,,,,&,7.0,&
{'R3'},{'R2'},{'D7'},{'D4'},{'R1'},{'D3'},{'D1'},{'D2'},{'D6'},,&,1.0,&
{'R3'},{'R2'},{'D7'},{'D4'},{'R1'},{'D2'},,,,,&,1.0,&
{'R3'},{'R2'},{'D7'},{'D4'},{'R1'},{'D2'},{'D3'},{'D1'},{'D6'},{'D5'},&,1.0,&
{'R3'},{'R2'},{'D7'},{'D4'},{'R1'},{'D2'},{'D1'},,,,&,2.0,&
{'R3'},{'R2'},{'D7'},{'D4'},{'R1'},{'D2'},{'D1'},{'D6'},,,&,1.0,&
{'R3'},{'R2'},{'D7'},{'D4'},{'R1'},{'D2'},{'D1'},{'D6'},{'D3'},{'D5'},&,1.0,&
{'R3'},{'R2'},{'D7'},{'D4'},{'R1'},{'D2'},{'D1'},{'D3'},{'D6'},{'D5'},&,1.0,&
{'R3'},{'R2'},{'D7'},{'D4'},{'R1'},{'D2'},{'D6'},{'D3'},{'D1'},{'D5'},&,1.0,&
{'R3'},{'R2'},{'D7'},{'D4'},{'R1'},{'D1'},,,,,&,1.0,&
{'R3'},{'R2'},{'D7'},{'D4'},{'R1'},{'D1'},{'D2'},,,,&,1.0,&
{'R3'},{'R2'},{'D7'},{'D4'},{'R1'},{'D6'},,,,,&,1.0,&
{'R3'},{'R2'},{'D7'},{'D4'},{'R1'},{'D6'},{'D2'},{'D1'},,,&,1.0,&
{'R3'},{'R2'},{'D7'},{'D4'},{'D1'},{'R1'},,,,,&,1.0,&
{'R3'},{'R2'},{'D7'},{'D4'},{'D1'},{'R1'},{'D2'},{'D5'},{'D6'},{'D3'},&,1.0,&
{'R3'},{'R2'},{'D7'},{'D4'},{'D1'},{'D2'},,,,,&,3.0,&
{'R3'},{'R2'},{'D7'},{'D4'},{'D1'},{'D2'},{'D3'},,,,&,1.0,&
{'R3'},{'R2'},{'D7'},{'D4'},{'D1'},{'D2'},{'R1'},,,,&,2.0,&
{'R3'},{'R2'},{'D7'},{'D4'},{'D1'},{'D2'},{'R1'},{'D6'},{'D3'},{'D5'},&,1.0,&
{'R3'},{'R2'},{'D7'},{'D4'},{'D1'},{'D2'},{'R1'},{'D3'},,,&,1.0,&
{'R3'},{'R2'},{'D7'},{'D4'},{'D1'},{'D2'},{'R1'},{'D3'},{'D6'},{'D5'},&,1.0,&
{'R3'},{'R2'},{'D7'},{'D4'},{'D1'},{'D2'},{'D5'},{'D6'},{'D3'},{'R1'},&,1.0,&
{'R3'},{'R2'},{'D7'},{'D4'},{'D1'},{'D6'},,,,,&,1.0,&
{'R3'},{'R2'},{'D7'},{'D4'},{'D2'},,,,,,&,3.0,&
{'R3'},{'R2'},{'D7'},{'D4'},{'D2'},{'R1'},,,,,&,3.0,&
{'R3'},{'R2'},{'D7'},{'D4'},{'D2'},{'R1'},{'D3'},{'D1'},,,&,1.0,&
{'R3'},{'R2'},{'D7'},{'D4'},{'D2'},{'R1'},{'D1'},{'D5'},,,&,1.0,&
{'R3'},{'R2'},{'D7'},{'D4'},{'D2'},{'R1'},{'D1'},{'D6'},,,&,1.0,&
{'R3'},{'R2'},{'D7'},{'D4'},{'D2'},{'R1'},{'D1'},{'D6'},{'D3'},,&,1.0,&
{'R3'},{'R2'},{'D7'},{'D4'},{'D2'},{'R1'},{'D1'},{'D6'},{'D3'},{'D5'},&,1.0,&
{'R3'},{'R2'},{'D7'},{'D4'},{'D2'},{'R1'},{'D1'},{'D3'},{'D5'},{'D6'},&,1.0,&
{'R3'},{'R2'},{'D7'},{'D4'},{'D2'},{'R1'},{'D6'},{'D1'},,,&,1.0,&
{'R3'},{'R2'},{'D7'},{'D4'},{'D2'},{'D3'},,,,,&,1.0,&
{'R3'},{'R2'},{'D7'},{'D4'},{'D2'},{'D1'},,,,,&,4.0,&
{'R3'},{'R2'},{'D7'},{'D4'},{'D2'},{'D1'},{'D3'},{'D5'},{'R1'},,&,1.0,&
{'R3'},{'R2'},{'D7'},{'D4'},{'D2'},{'D1'},{'D3'},{'D6'},{'D5'},{'R1'},&,1.0,&
{'R3'},{'R2'},{'D7'},{'D4'},{'D2'},{'D1'},{'D3'},{'R1'},{'D6'},,&,1.0,&
{'R3'},{'R2'},{'D7'},{'D4'},{'D2'},{'D1'},{'R1'},{'D6'},{'D5'},,&,1.0,&
{'R3'},{'R2'},{'D7'},{'D4'},{'D2'},{'D1'},{'R1'},{'D3'},{'D5'},{'D6'},&,1.0,&
{'R3'},{'R2'},{'D7'},{'D4'},{'D2'},{'D5'},{'R1'},{'D1'},,,&,1.0,&
{'R3'},{'R2'},{'D7'},{'D4'},{'D2'},{'D6'},{'D3'},,,,&,1.0,&
{'R3'},{'R2'},{'D7'},{'D4'},{'D3'},,,,,,&,1.0,&
{'R3'},{'R2'},{'D7'},{'D4'},{'D3'},{'R1'},{'D2'},{'D1'},{'D6'},{'D5'},&,1.0,&
{'R3'},{'R2'},{'D7'},{'D4'},{'D3'},{'D2'},{'R1'},{'D6'},{'D1'},{'D5'},&,1.0,&
{'R3'},{'R2'},{'D7'},{'D4'},{'D3'},{'D2'},{'R1'},{'D1'},,,&,1.0,&
{'R3'},{'R2'},{'D7'},{'D4'},{'D3'},{'D6'},{'D1'},,,,&,1.0,&
{'R3'},{'R2'},{'D7'},{'D4'},{'D5'},{'D2'},,,,,&,1.0,&
{'R3'},{'R2'},{'D7'},{'D3'},,,,,,,&,3.0,&
{'R3'},{'R2'},{'D7'},{'D3'},{'R1'},,,,,,&,5.0,&
{'R3'},{'R2'},{'D7'},{'D3'},{'R1'},{'D4'},{'D1'},,,,&,1.0,&
{'R3'},{'R2'},{'D7'},{'D3'},{'R1'},{'D2'},,,,,&,2.0,&
{'R3'},{'R2'},{'D7'},{'D3'},{'R1'},{'D2'},{'D1'},,,,&,1.0,&
{'R3'},{'R2'},{'D7'},{'D3'},{'R1'},{'D2'},{'D1'},{'D6'},,,&,2.0,&
{'R3'},{'R2'},{'D7'},{'D3'},{'R1'},{'D1'},{'D2'},{'D6'},{'D4'},{'D5'},&,1.0,&
{'R3'},{'R2'},{'D7'},{'D3'},{'R1'},{'D1'},{'D2'},{'D4'},{'D6'},{'D5'},&,1.0,&
{'R3'},{'R2'},{'D7'},{'D3'},{'R1'},{'D5'},{'D1'},,,,&,1.0,&
{'R3'},{'R2'},{'D7'},{'D3'},{'D1'},{'R1'},{'D2'},{'D6'},{'D5'},{'D4'},&,1.0,&
{'R3'},{'R2'},{'D7'},{'D3'},{'D1'},{'R1'},{'D5'},,,,&,1.0,&
{'R3'},{'R2'},{'D7'},{'D3'},{'D1'},{'R1'},{'D4'},{'D2'},{'D6'},,&,1.0,&
{'R3'},{'R2'},{'D7'},{'D3'},{'D1'},{'R1'},{'D4'},{'D2'},{'D6'},{'D5'},&,1.0,&
{'R3'},{'R2'},{'D7'},{'D3'},{'D1'},{'D2'},{'R1'},{'D6'},{'D4'},{'D5'},&,1.0,&
{'R3'},{'R2'},{'D7'},{'D3'},{'D1'},{'D2'},{'R1'},{'D4'},{'D5'},,&,1.0,&
{'R3'},{'R2'},{'D7'},{'D3'},{'D1'},{'D2'},{'D4'},{'R1'},,,&,1.0,&
{'R3'},{'R2'},{'D7'},{'D3'},{'D1'},{'D6'},{'D2'},,,,&,1.0,&
{'R3'},{'R2'},{'D7'},{'D3'},{'D2'},,,,,,&,2.0,&
{'R3'},{'R2'},{'D7'},{'D3'},{'D2'},{'D4'},{'R1'},,,,&,1.0,&
{'R3'},{'R2'},{'D7'},{'D3'},{'D2'},{'D1'},,,,,&,1.0,&
{'R3'},{'R2'},{'D7'},{'D3'},{'D2'},{'D1'},{'R1'},,,,&,2.0,&
{'R3'},{'R2'},{'D7'},{'D6'},,,,,,,&,3.0,&
{'R3'},{'R2'},{'D7'},{'D6'},{'R1'},,,,,,&,1.0,&
{'R3'},{'R2'},{'D7'},{'D6'},{'R1'},{'D4'},{'D1'},{'D2'},{'D3'},{'D5'},&,1.0,&
{'R3'},{'R2'},{'D7'},{'D6'},{'R1'},{'D2'},{'D1'},{'D3'},,,&,1.0,&
{'R3'},{'R2'},{'D7'},{'D6'},{'R1'},{'D2'},{'D4'},{'D3'},{'D1'},,&,1.0,&
{'R3'},{'R2'},{'D7'},{'D6'},{'D1'},,,,,,&,1.0,&
{'R3'},{'R2'},{'D7'},{'D6'},{'D1'},{'D2'},{'R1'},{'D4'},,,&,1.0,&
{'R3'},{'R2'},{'D7'},{'D6'},{'D4'},,,,,,&,1.0,&
{'R3'},{'R2'},{'D7'},{'D6'},{'D4'},{'D2'},{'D1'},{'D3'},{'D5'},{'R1'},&,1.0,&
{'R3'},{'R2'},{'D7'},{'D6'},{'D2'},,,,,,&,1.0,&
{'R3'},{'R2'},{'D7'},{'D6'},{'D2'},{'R1'},{'D1'},{'D4'},,,&,2.0,&
{'R3'},{'R2'},{'D7'},{'D6'},{'D3'},{'R1'},{'D5'},{'D2'},,,&,1.0,&
{'R3'},{'R2'},{'D7'},{'D5'},,,,,,,&,2.0,&
{'R3'},{'R2'},{'D7'},{'D5'},{'R1'},{'D2'},{'D1'},{'D3'},{'D4'},{'D6'},&,1.0,&
{'R3'},{'R2'},{'D7'},{'D5'},{'D1'},,,,,,&,1.0,&
{'R3'},{'R2'},{'D7'},{'D5'},{'D1'},{'D4'},{'D2'},{'D3'},{'R1'},{'D6'},&,1.0,&
{'R3'},{'R2'},{'D7'},{'D5'},{'D2'},{'D1'},,,,,&,1.0,&
{'R3'},{'R2'},{'R1'},,,,,,,,&,888.0,&
{'R3'},{'R2'},{'R1'},{'D2'},,,,,,,&,145.0,&
{'R3'},{'R2'},{'R1'},{'D2'},{'D7'},,,,,,&,74.0,&
{'R3'},{'R2'},{'R1'},{'D2'},{'D7'},{'D4'},,,,,&,10.0,&
{'R3'},{'R2'},{'R1'},{'D2'},{'D7'},{'D4'},{'D3'},,,,&,3.0,&
{'R3'},{'R2'},{'R1'},{'D2'},{'D7'},{'D4'},{'D3'},{'D1'},,,&,2.0,&
{'R3'},{'R2'},{'R1'},{'D2'},{'D7'},{'D4'},{'D3'},{'D1'},{'D6'},{'D5'},&,1.0,&
{'R3'},{'R2'},{'R1'},{'D2'},{'D7'},{'D4'},{'D3'},{'D1'},{'D5'},{'D6'},&,1.0,&
{'R3'},{'R2'},{'R1'},{'D2'},{'D7'},{'D4'},{'D1'},,,,&,4.0,&
{'R3'},{'R2'},{'R1'},{'D2'},{'D7'},{'D4'},{'D1'},{'D5'},,,&,2.0,&
{'R3'},{'R2'},{'R1'},{'D2'},{'D7'},{'D4'},{'D1'},{'D5'},{'D6'},,&,1.0,&
{'R3'},{'R2'},{'R1'},{'D2'},{'D7'},{'D4'},{'D1'},{'D5'},{'D3'},,&,1.0,&
{'R3'},{'R2'},{'R1'},{'D2'},{'D7'},{'D4'},{'D1'},{'D5'},{'D3'},{'D6'},&,1.0,&
{'R3'},{'R2'},{'R1'},{'D2'},{'D7'},{'D4'},{'D1'},{'D6'},{'D5'},,&,1.0,&
{'R3'},{'R2'},{'R1'},{'D2'},{'D7'},{'D4'},{'D1'},{'D6'},{'D5'},{'D3'},&,1.0,&
{'R3'},{'R2'},{'R1'},{'D2'},{'D7'},{'D4'},{'D1'},{'D6'},{'D3'},{'D5'},&,3.0,&
{'R3'},{'R2'},{'R1'},{'D2'},{'D7'},{'D4'},{'D1'},{'D3'},{'D6'},,&,1.0,&
{'R3'},{'R2'},{'R1'},{'D2'},{'D7'},{'D4'},{'D1'},{'D3'},{'D6'},{'D5'},&,3.0,&
{'R3'},{'R2'},{'R1'},{'D2'},{'D7'},{'D4'},{'D1'},{'D3'},{'D5'},{'D6'},&,2.0,&
{'R3'},{'R2'},{'R1'},{'D2'},{'D7'},{'D4'},{'D6'},{'D1'},,,&,1.0,&
{'R3'},{'R2'},{'R1'},{'D2'},{'D7'},{'D4'},{'D6'},{'D1'},{'D3'},{'D5'},&,2.0,&
{'R3'},{'R2'},{'R1'},{'D2'},{'D7'},{'D3'},,,,,&,5.0,&
{'R3'},{'R2'},{'R1'},{'D2'},{'D7'},{'D3'},{'D1'},,,,&,2.0,&
{'R3'},{'R2'},{'R1'},{'D2'},{'D7'},{'D3'},{'D1'},{'D5'},{'D4'},,&,1.0,&
{'R3'},{'R2'},{'R1'},{'D2'},{'D7'},{'D3'},{'D1'},{'D4'},,,&,1.0,&
{'R3'},{'R2'},{'R1'},{'D2'},{'D7'},{'D3'},{'D1'},{'D4'},{'D6'},,&,1.0,&
{'R3'},{'R2'},{'R1'},{'D2'},{'D7'},{'D3'},{'D5'},{'D1'},{'D4'},{'D6'},&,1.0,&
{'R3'},{'R2'},{'R1'},{'D2'},{'D7'},{'D3'},{'D4'},,,,&,1.0,&
{'R3'},{'R2'},{'R1'},{'D2'},{'D7'},{'D3'},{'D6'},,,,&,2.0,&
{'R3'},{'R2'},{'R1'},{'D2'},{'D7'},{'D3'},{'D6'},{'D1'},,,&,1.0,&
{'R3'},{'R2'},{'R1'},{'D2'},{'D7'},{'D1'},,,,,&,32.0,&
{'R3'},{'R2'},{'R1'},{'D2'},{'D7'},{'D1'},{'D3'},,,,&,6.0,&
{'R3'},{'R2'},{'R1'},{'D2'},{'D7'},{'D1'},{'D3'},{'D4'},,,&,4.0,&
{'R3'},{'R2'},{'R1'},{'D2'},{'D7'},{'D1'},{'D3'},{'D4'},{'D6'},{'D5'},&,4.0,&
{'R3'},{'R2'},{'R1'},{'D2'},{'D7'},{'D1'},{'D3'},{'D4'},{'D5'},,&,1.0,&
{'R3'},{'R2'},{'R1'},{'D2'},{'D7'},{'D1'},{'D3'},{'D4'},{'D5'},{'D6'},&,1.0,&
{'R3'},{'R2'},{'R1'},{'D2'},{'D7'},{'D1'},{'D5'},,,,&,1.0,&
{'R3'},{'R2'},{'R1'},{'D2'},{'D7'},{'D1'},{'D5'},{'D4'},{'D6'},{'D3'},&,1.0,&
{'R3'},{'R2'},{'R1'},{'D2'},{'D7'},{'D1'},{'D4'},,,,&,12.0,&
{'R3'},{'R2'},{'R1'},{'D2'},{'D7'},{'D1'},{'D4'},{'D6'},,,&,4.0,&
{'R3'},{'R2'},{'R1'},{'D2'},{'D7'},{'D1'},{'D4'},{'D6'},{'D3'},,&,1.0,&
{'R3'},{'R2'},{'R1'},{'D2'},{'D7'},{'D1'},{'D4'},{'D6'},{'D3'},{'D5'},&,7.0,&
{'R3'},{'R2'},{'R1'},{'D2'},{'D7'},{'D1'},{'D4'},{'D3'},,,&,5.0,&
{'R3'},{'R2'},{'R1'},{'D2'},{'D7'},{'D1'},{'D4'},{'D3'},{'D6'},,&,1.0,&
{'R3'},{'R2'},{'R1'},{'D2'},{'D7'},{'D1'},{'D4'},{'D3'},{'D6'},{'D5'},&,1.0,&
{'R3'},{'R2'},{'R1'},{'D2'},{'D7'},{'D1'},{'D4'},{'D3'},{'D5'},,&,2.0,&
{'R3'},{'R2'},{'R1'},{'D2'},{'D7'},{'D1'},{'D6'},,,,&,3.0,&
{'R3'},{'R2'},{'R1'},{'D2'},{'D7'},{'D1'},{'D6'},{'D5'},{'D4'},,&,1.0,&
{'R3'},{'R2'},{'R1'},{'D2'},{'D7'},{'D1'},{'D6'},{'D5'},{'D4'},{'D3'},&,1.0,&
{'R3'},{'R2'},{'R1'},{'D2'},{'D7'},{'D1'},{'D6'},{'D3'},{'D4'},,&,1.0,&
{'R3'},{'R2'},{'R1'},{'D2'},{'D7'},{'D1'},{'D6'},{'D4'},,,&,1.0,&
{'R3'},{'R2'},{'R1'},{'D2'},{'D7'},{'D1'},{'D6'},{'D4'},{'D3'},,&,1.0,&
{'R3'},{'R2'},{'R1'},{'D2'},{'D7'},{'D5'},{'D1'},{'D3'},{'D6'},,&,1.0,&
{'R3'},{'R2'},{'R1'},{'D2'},{'D7'},{'D5'},{'D1'},{'D4'},{'D6'},,&,1.0,&
{'R3'},{'R2'},{'R1'},{'D2'},{'D7'},{'D6'},,,,,&,3.0,&
{'R3'},{'R2'},{'R1'},{'D2'},{'D7'},{'D6'},{'D1'},,,,&,2.0,&
{'R3'},{'R2'},{'R1'},{'D2'},{'D7'},{'D6'},{'D1'},{'D3'},,,&,1.0,&
{'R3'},{'R2'},{'R1'},{'D2'},{'D7'},{'D6'},{'D4'},{'D1'},{'D3'},,&,1.0,&
{'R3'},{'R2'},{'R1'},{'D2'},{'D1'},,,,,,&,48.0,&
{'R3'},{'R2'},{'R1'},{'D2'},{'D1'},{'D4'},,,,,&,9.0,&
{'R3'},{'R2'},{'R1'},{'D2'},{'D1'},{'D4'},{'D3'},,,,&,1.0,&
{'R3'},{'R2'},{'R1'},{'D2'},{'D1'},{'D4'},{'D3'},{'D7'},{'D6'},,&,1.0,&
{'R3'},{'R2'},{'R1'},{'D2'},{'D1'},{'D4'},{'D3'},{'D7'},{'D6'},{'D5'},&,1.0,&
{'R3'},{'R2'},{'R1'},{'D2'},{'D1'},{'D4'},{'D7'},,,,&,2.0,&
{'R3'},{'R2'},{'R1'},{'D2'},{'D1'},{'D4'},{'D7'},{'D5'},{'D6'},{'D3'},&,1.0,&
{'R3'},{'R2'},{'R1'},{'D2'},{'D1'},{'D4'},{'D7'},{'D6'},,,&,2.0,&
{'R3'},{'R2'},{'R1'},{'D2'},{'D1'},{'D4'},{'D7'},{'D6'},{'D5'},,&,1.0,&
{'R3'},{'R2'},{'R1'},{'D2'},{'D1'},{'D4'},{'D7'},{'D6'},{'D3'},,&,1.0,&
{'R3'},{'R2'},{'R1'},{'D2'},{'D1'},{'D4'},{'D7'},{'D6'},{'D3'},{'D5'},&,1.0,&
{'R3'},{'R2'},{'R1'},{'D2'},{'D1'},{'D4'},{'D7'},{'D3'},,,&,3.0,&
{'R3'},{'R2'},{'R1'},{'D2'},{'D1'},{'D4'},{'D7'},{'D3'},{'D6'},{'D5'},&,2.0,&
{'R3'},{'R2'},{'R1'},{'D2'},{'D1'},{'D4'},{'D7'},{'D3'},{'D5'},{'D6'},&,2.0,&
{'R3'},{'R2'},{'R1'},{'D2'},{'D1'},{'D4'},{'D5'},{'D7'},,,&,1.0,&
{'R3'},{'R2'},{'R1'},{'D2'},{'D1'},{'D4'},{'D6'},{'D7'},{'D3'},{'D5'},&,1.0,&
{'R3'},{'R2'},{'R1'},{'D2'},{'D1'},{'D3'},,,,,&,4.0,&
{'R3'},{'R2'},{'R1'},{'D2'},{'D1'},{'D3'},{'D7'},,,,&,3.0,&
{'R3'},{'R2'},{'R1'},{'D2'},{'D1'},{'D3'},{'D7'},{'D5'},{'D6'},{'D4'},&,1.0,&
{'R3'},{'R2'},{'R1'},{'D2'},{'D1'},{'D3'},{'D7'},{'D4'},,,&,2.0,&
{'R3'},{'R2'},{'R1'},{'D2'},{'D1'},{'D3'},{'D4'},,,,&,1.0,&
{'R3'},{'R2'},{'R1'},{'D2'},{'D1'},{'D3'},{'D4'},{'D7'},{'D6'},{'D5'},&,2.0,&
{'R3'},{'R2'},{'R1'},{'D2'},{'D1'},{'D5'},,,,,&,1.0,&
{'R3'},{'R2'},{'R1'},{'D2'},{'D1'},{'D7'},,,,,&,24.0,&
{'R3'},{'R2'},{'R1'},{'D2'},{'D1'},{'D7'},{'D3'},,,,&,5.0,&
{'R3'},{'R2'},{'R1'},{'D2'},{'D1'},{'D7'},{'D3'},{'D5'},{'D4'},{'D6'},&,1.0,&
{'R3'},{'R2'},{'R1'},{'D2'},{'D1'},{'D7'},{'D3'},{'D6'},{'D4'},,&,1.0,&
{'R3'},{'R2'},{'R1'},{'D2'},{'D1'},{'D7'},{'D3'},{'D6'},{'D4'},{'D5'},&,1.0,&
{'R3'},{'R2'},{'R1'},{'D2'},{'D1'},{'D7'},{'D3'},{'D4'},,,&,3.0,&
{'R3'},{'R2'},{'R1'},{'D2'},{'D1'},{'D7'},{'D3'},{'D4'},{'D6'},{'D5'},&,1.0,&
{'R3'},{'R2'},{'R1'},{'D2'},{'D1'},{'D7'},{'D3'},{'D4'},{'D5'},{'D6'},&,1.0,&
{'R3'},{'R2'},{'R1'},{'D2'},{'D1'},{'D7'},{'D5'},,,,&,1.0,&
{'R3'},{'R2'},{'R1'},{'D2'},{'D1'},{'D7'},{'D5'},{'D4'},{'D3'},,&,1.0,&
{'R3'},{'R2'},{'R1'},{'D2'},{'D1'},{'D7'},{'D4'},,,,&,14.0,&
{'R3'},{'R2'},{'R1'},{'D2'},{'D1'},{'D7'},{'D4'},{'D6'},,,&,2.0,&
{'R3'},{'R2'},{'R1'},{'D2'},{'D1'},{'D7'},{'D4'},{'D6'},{'D3'},{'D5'},&,3.0,&
{'R3'},{'R2'},{'R1'},{'D2'},{'D1'},{'D7'},{'D4'},{'D3'},,,&,3.0,&
{'R3'},{'R2'},{'R1'},{'D2'},{'D1'},{'D7'},{'D4'},{'D3'},{'D6'},,&,1.0,&
{'R3'},{'R2'},{'R1'},{'D2'},{'D1'},{'D7'},{'D4'},{'D3'},{'D6'},{'D5'},&,3.0,&
{'R3'},{'R2'},{'R1'},{'D2'},{'D1'},{'D7'},{'D4'},{'D3'},{'D5'},,&,1.0,&
{'R3'},{'R2'},{'R1'},{'D2'},{'D1'},{'D7'},{'D4'},{'D3'},{'D5'},{'D6'},&,1.0,&
{'R3'},{'R2'},{'R1'},{'D2'},{'D1'},{'D7'},{'D6'},,,,&,4.0,&
{'R3'},{'R2'},{'R1'},{'D2'},{'D1'},{'D7'},{'D6'},{'D3'},,,&,1.0,&
{'R3'},{'R2'},{'R1'},{'D2'},{'D1'},{'D7'},{'D6'},{'D3'},{'D4'},{'D5'},&,1.0,&
{'R3'},{'R2'},{'R1'},{'D2'},{'D1'},{'D7'},{'D6'},{'D4'},,,&,3.0,&
{'R3'},{'R2'},{'R1'},{'D2'},{'D1'},{'D7'},{'D6'},{'D4'},{'D3'},{'D5'},&,2.0,&
{'R3'},{'R2'},{'R1'},{'D2'},{'D1'},{'D6'},,,,,&,3.0,&
{'R3'},{'R2'},{'R1'},{'D2'},{'D1'},{'D6'},{'D3'},,,,&,1.0,&
{'R3'},{'R2'},{'R1'},{'D2'},{'D1'},{'D6'},{'D3'},{'D7'},{'D4'},{'D5'},&,1.0,&
{'R3'},{'R2'},{'R1'},{'D2'},{'D1'},{'D6'},{'D7'},,,,&,1.0,&
{'R3'},{'R2'},{'R1'},{'D2'},{'D1'},{'D6'},{'D5'},,,,&,1.0,&
{'R3'},{'R2'},{'R1'},{'D2'},{'D1'},{'D6'},{'D4'},{'D7'},,,&,1.0,&
{'R3'},{'R2'},{'R1'},{'D2'},{'D4'},,,,,,&,20.0,&
{'R3'},{'R2'},{'R1'},{'D2'},{'D4'},{'D3'},,,,,&,2.0,&
{'R3'},{'R2'},{'R1'},{'D2'},{'D4'},{'D3'},{'D7'},,,,&,1.0,&
{'R3'},{'R2'},{'R1'},{'D2'},{'D4'},{'D3'},{'D1'},{'D7'},{'D6'},{'D5'},&,2.0,&
{'R3'},{'R2'},{'R1'},{'D2'},{'D4'},{'D1'},,,,,&,8.0,&
{'R3'},{'R2'},{'R1'},{'D2'},{'D4'},{'D1'},{'D3'},,,,&,1.0,&
{'R3'},{'R2'},{'R1'},{'D2'},{'D4'},{'D1'},{'D3'},{'D7'},{'D6'},{'D5'},&,1.0,&
{'R3'},{'R2'},{'R1'},{'D2'},{'D4'},{'D1'},{'D7'},,,,&,5.0,&
{'R3'},{'R2'},{'R1'},{'D2'},{'D4'},{'D1'},{'D7'},{'D5'},,,&,1.0,&
{'R3'},{'R2'},{'R1'},{'D2'},{'D4'},{'D1'},{'D7'},{'D6'},,,&,2.0,&
{'R3'},{'R2'},{'R1'},{'D2'},{'D4'},{'D1'},{'D7'},{'D6'},{'D5'},,&,1.0,&
{'R3'},{'R2'},{'R1'},{'D2'},{'D4'},{'D1'},{'D7'},{'D6'},{'D3'},,&,1.0,&
{'R3'},{'R2'},{'R1'},{'D2'},{'D4'},{'D1'},{'D7'},{'D3'},,,&,2.0,&
{'R3'},{'R2'},{'R1'},{'D2'},{'D4'},{'D1'},{'D7'},{'D3'},{'D6'},{'D5'},&,1.0,&
{'R3'},{'R2'},{'R1'},{'D2'},{'D4'},{'D1'},{'D7'},{'D3'},{'D5'},,&,1.0,&
{'R3'},{'R2'},{'R1'},{'D2'},{'D4'},{'D1'},{'D6'},{'D7'},{'D3'},{'D5'},&,1.0,&
{'R3'},{'R2'},{'R1'},{'D2'},{'D4'},{'D7'},,,,,&,12.0,&
{'R3'},{'R2'},{'R1'},{'D2'},{'D4'},{'D7'},{'D3'},,,,&,1.0,&
{'R3'},{'R2'},{'R1'},{'D2'},{'D4'},{'D7'},{'D1'},{'D5'},,,&,1.0,&
{'R3'},{'R2'},{'R1'},{'D2'},{'D4'},{'D7'},{'D1'},{'D5'},{'D6'},{'D3'},&,2.0,&
{'R3'},{'R2'},{'R1'},{'D2'},{'D4'},{'D7'},{'D1'},{'D6'},{'D3'},{'D5'},&,1.0,&
{'R3'},{'R2'},{'R1'},{'D2'},{'D4'},{'D7'},{'D1'},{'D3'},,,&,1.0,&
{'R3'},{'R2'},{'R1'},{'D2'},{'D4'},{'D7'},{'D1'},{'D3'},{'D6'},{'D5'},&,1.0,&
{'R3'},{'R2'},{'R1'},{'D2'},{'D4'},{'D7'},{'D5'},,,,&,1.0,&
{'R3'},{'R2'},{'R1'},{'D2'},{'D4'},{'D7'},{'D5'},{'D1'},{'D6'},{'D3'},&,1.0,&
{'R3'},{'R2'},{'R1'},{'D2'},{'D4'},{'D7'},{'D6'},{'D1'},,,&,2.0,&
{'R3'},{'R2'},{'R1'},{'D2'},{'D4'},{'D7'},{'D6'},{'D1'},{'D3'},{'D5'},&,1.0,&
{'R3'},{'R2'},{'R1'},{'D2'},{'D4'},{'D6'},{'D7'},,,,&,1.0,&
{'R3'},{'R2'},{'R1'},{'D2'},{'D4'},{'D6'},{'D7'},{'D1'},,,&,1.0,&
{'R3'},{'R2'},{'R1'},{'D2'},{'D4'},{'D6'},{'D1'},{'D7'},,,&,1.0,&
{'R3'},{'R2'},{'R1'},{'D2'},{'D6'},,,,,,&,7.0,&
{'R3'},{'R2'},{'R1'},{'D2'},{'D6'},{'D4'},{'D7'},{'D1'},{'D5'},{'D3'},&,1.0,&
{'R3'},{'R2'},{'R1'},{'D2'},{'D6'},{'D3'},,,,,&,1.0,&
{'R3'},{'R2'},{'R1'},{'D2'},{'D6'},{'D3'},{'D7'},{'D1'},,,&,1.0,&
{'R3'},{'R2'},{'R1'},{'D2'},{'D6'},{'D3'},{'D1'},,,,&,1.0,&
{'R3'},{'R2'},{'R1'},{'D2'},{'D6'},{'D1'},,,,,&,5.0,&
{'R3'},{'R2'},{'R1'},{'D2'},{'D6'},{'D1'},{'D7'},,,,&,4.0,&
{'R3'},{'R2'},{'R1'},{'D2'},{'D6'},{'D1'},{'D7'},{'D4'},{'D3'},,&,1.0,&
{'R3'},{'R2'},{'R1'},{'D2'},{'D6'},{'D1'},{'D7'},{'D4'},{'D3'},{'D5'},&,1.0,&
{'R3'},{'R2'},{'R1'},{'D2'},{'D6'},{'D5'},{'D7'},{'D1'},,,&,1.0,&
{'R3'},{'R2'},{'R1'},{'D2'},{'D6'},{'D7'},,,,,&,2.0,&
{'R3'},{'R2'},{'R1'},{'D2'},{'D6'},{'D7'},{'D3'},,,,&,1.0,&
{'R3'},{'R2'},{'R1'},{'D2'},{'D6'},{'D7'},{'D1'},,,,&,3.0,&
{'R3'},{'R2'},{'R1'},{'D2'},{'D6'},{'D7'},{'D1'},{'D3'},,,&,1.0,&
{'R3'},{'R2'},{'R1'},{'D2'},{'D6'},{'D7'},{'D1'},{'D3'},{'D4'},{'D5'},&,1.0,&
{'R3'},{'R2'},{'R1'},{'D2'},{'D6'},{'D7'},{'D4'},{'D1'},,,&,1.0,&
{'R3'},{'R2'},{'R1'},{'D2'},{'D3'},,,,,,&,9.0,&
{'R3'},{'R2'},{'R1'},{'D2'},{'D3'},{'D4'},,,,,&,1.0,&
{'R3'},{'R2'},{'R1'},{'D2'},{'D3'},{'D4'},{'D7'},,,,&,1.0,&
{'R3'},{'R2'},{'R1'},{'D2'},{'D3'},{'D4'},{'D1'},,,,&,1.0,&
{'R3'},{'R2'},{'R1'},{'D2'},{'D3'},{'D4'},{'D1'},{'D7'},{'D6'},{'D5'},&,2.0,&
{'R3'},{'R2'},{'R1'},{'D2'},{'D3'},{'D1'},,,,,&,2.0,&
{'R3'},{'R2'},{'R1'},{'D2'},{'D3'},{'D1'},{'D7'},,,,&,3.0,&
{'R3'},{'R2'},{'R1'},{'D2'},{'D3'},{'D1'},{'D4'},{'D7'},,,&,1.0,&
{'R3'},{'R2'},{'R1'},{'D2'},{'D3'},{'D7'},,,,,&,1.0,&
{'R3'},{'R2'},{'R1'},{'D2'},{'D3'},{'D7'},{'D1'},,,,&,3.0,&
{'R3'},{'R2'},{'R1'},{'D2'},{'D3'},{'D7'},{'D1'},{'D4'},{'D6'},{'D5'},&,2.0,&
{'R3'},{'R2'},{'R1'},{'D2'},{'D3'},{'D7'},{'D4'},{'D5'},{'D1'},,&,1.0,&
{'R3'},{'R2'},{'R1'},{'D2'},{'D3'},{'D7'},{'D4'},{'D1'},,,&,1.0,&
{'R3'},{'R2'},{'R1'},{'D2'},{'D3'},{'D7'},{'D6'},{'D1'},{'D4'},{'D5'},&,1.0,&
{'R3'},{'R2'},{'R1'},{'D2'},{'D3'},{'D6'},,,,,&,2.0,&
{'R3'},{'R2'},{'R1'},{'D2'},{'D5'},,,,,,&,5.0,&
{'R3'},{'R2'},{'R1'},{'D2'},{'D5'},{'D3'},{'D4'},{'D1'},,,&,1.0,&
{'R3'},{'R2'},{'R1'},{'D2'},{'D5'},{'D1'},{'D7'},{'D6'},,,&,1.0,&
{'R3'},{'R2'},{'R1'},{'D2'},{'D5'},{'D1'},{'D7'},{'D3'},{'D4'},{'D6'},&,1.0,&
{'R3'},{'R2'},{'R1'},{'D2'},{'D5'},{'D7'},{'D3'},,,,&,1.0,&
{'R3'},{'R2'},{'R1'},{'D2'},{'D5'},{'D7'},{'D1'},,,,&,1.0,&
{'R3'},{'R2'},{'R1'},{'D1'},,,,,,,&,105.0,&
{'R3'},{'R2'},{'R1'},{'D1'},{'D7'},,,,,,&,36.0,&
{'R3'},{'R2'},{'R1'},{'D1'},{'D7'},{'D4'},,,,,&,6.0,&
{'R3'},{'R2'},{'R1'},{'D1'},{'D7'},{'D4'},{'D2'},,,,&,1.0,&
{'R3'},{'R2'},{'R1'},{'D1'},{'D7'},{'D4'},{'D2'},{'D5'},{'D3'},{'D6'},&,1.0,&
{'R3'},{'R2'},{'R1'},{'D1'},{'D7'},{'D4'},{'D2'},{'D6'},,,&,2.0,&
{'R3'},{'R2'},{'R1'},{'D1'},{'D7'},{'D4'},{'D2'},{'D6'},{'D5'},,&,1.0,&
{'R3'},{'R2'},{'R1'},{'D1'},{'D7'},{'D4'},{'D6'},,,,&,1.0,&
{'R3'},{'R2'},{'R1'},{'D1'},{'D7'},{'D4'},{'D6'},{'D3'},,,&,1.0,&
{'R3'},{'R2'},{'R1'},{'D1'},{'D7'},{'D4'},{'D6'},{'D2'},{'D3'},{'D5'},&,2.0,&
{'R3'},{'R2'},{'R1'},{'D1'},{'D7'},{'D3'},,,,,&,2.0,&
{'R3'},{'R2'},{'R1'},{'D1'},{'D7'},{'D3'},{'D2'},,,,&,1.0,&
{'R3'},{'R2'},{'R1'},{'D1'},{'D7'},{'D3'},{'D2'},{'D6'},,,&,1.0,&
{'R3'},{'R2'},{'R1'},{'D1'},{'D7'},{'D3'},{'D2'},{'D6'},{'D4'},,&,1.0,&
{'R3'},{'R2'},{'R1'},{'D1'},{'D7'},{'D3'},{'D2'},{'D4'},,,&,2.0,&
{'R3'},{'R2'},{'R1'},{'D1'},{'D7'},{'D3'},{'D2'},{'D4'},{'D6'},,&,1.0,&
{'R3'},{'R2'},{'R1'},{'D1'},{'D7'},{'D3'},{'D2'},{'D4'},{'D6'},{'D5'},&,1.0,&
{'R3'},{'R2'},{'R1'},{'D1'},{'D7'},{'D2'},,,,,&,9.0,&
{'R3'},{'R2'},{'R1'},{'D1'},{'D7'},{'D2'},{'D3'},,,,&,8.0,&
{'R3'},{'R2'},{'R1'},{'D1'},{'D7'},{'D2'},{'D3'},{'D5'},{'D6'},{'D4'},&,1.0,&
{'R3'},{'R2'},{'R1'},{'D1'},{'D7'},{'D2'},{'D3'},{'D5'},{'D4'},,&,1.0,&
{'R3'},{'R2'},{'R1'},{'D1'},{'D7'},{'D2'},{'D3'},{'D4'},{'D6'},{'D5'},&,2.0,&
{'R3'},{'R2'},{'R1'},{'D1'},{'D7'},{'D2'},{'D3'},{'D4'},{'D5'},{'D6'},&,1.0,&
{'R3'},{'R2'},{'R1'},{'D1'},{'D7'},{'D2'},{'D5'},,,,&,1.0,&
{'R3'},{'R2'},{'R1'},{'D1'},{'D7'},{'D2'},{'D5'},{'D3'},{'D4'},,&,1.0,&
{'R3'},{'R2'},{'R1'},{'D1'},{'D7'},{'D2'},{'D5'},{'D4'},{'D3'},{'D6'},&,1.0,&
{'R3'},{'R2'},{'R1'},{'D1'},{'D7'},{'D2'},{'D4'},,,,&,6.0,&
{'R3'},{'R2'},{'R1'},{'D1'},{'D7'},{'D2'},{'D4'},{'D5'},,,&,1.0,&
{'R3'},{'R2'},{'R1'},{'D1'},{'D7'},{'D2'},{'D4'},{'D5'},{'D6'},{'D3'},&,1.0,&
{'R3'},{'R2'},{'R1'},{'D1'},{'D7'},{'D2'},{'D4'},{'D5'},{'D3'},{'D6'},&,1.0,&
{'R3'},{'R2'},{'R1'},{'D1'},{'D7'},{'D2'},{'D4'},{'D6'},,,&,1.0,&
{'R3'},{'R2'},{'R1'},{'D1'},{'D7'},{'D2'},{'D4'},{'D6'},{'D3'},{'D5'},&,2.0,&
{'R3'},{'R2'},{'R1'},{'D1'},{'D7'},{'D2'},{'D4'},{'D3'},,,&,1.0,&
{'R3'},{'R2'},{'R1'},{'D1'},{'D7'},{'D2'},{'D4'},{'D3'},{'D6'},,&,1.0,&
{'R3'},{'R2'},{'R1'},{'D1'},{'D7'},{'D2'},{'D4'},{'D3'},{'D6'},{'D5'},&,3.0,&
{'R3'},{'R2'},{'R1'},{'D1'},{'D7'},{'D2'},{'D4'},{'D3'},{'D5'},{'D6'},&,1.0,&
{'R3'},{'R2'},{'R1'},{'D1'},{'D7'},{'D2'},{'D6'},,,,&,3.0,&
{'R3'},{'R2'},{'R1'},{'D1'},{'D7'},{'D2'},{'D6'},{'D3'},,,&,1.0,&
{'R3'},{'R2'},{'R1'},{'D1'},{'D7'},{'D2'},{'D6'},{'D3'},{'D4'},{'D5'},&,1.0,&
{'R3'},{'R2'},{'R1'},{'D1'},{'D7'},{'D2'},{'D6'},{'D4'},,,&,2.0,&
{'R3'},{'R2'},{'R1'},{'D1'},{'D7'},{'D2'},{'D6'},{'D4'},{'D5'},{'D3'},&,2.0,&
{'R3'},{'R2'},{'R1'},{'D1'},{'D7'},{'D2'},{'D6'},{'D4'},{'D3'},,&,2.0,&
{'R3'},{'R2'},{'R1'},{'D1'},{'D7'},{'D5'},{'D2'},,,,&,1.0,&
{'R3'},{'R2'},{'R1'},{'D1'},{'D7'},{'D5'},{'D2'},{'D4'},{'D6'},{'D3'},&,1.0,&
{'R3'},{'R2'},{'R1'},{'D1'},{'D7'},{'D5'},{'D4'},{'D2'},{'D3'},,&,1.0,&
{'R3'},{'R2'},{'R1'},{'D1'},{'D7'},{'D6'},,,,,&,2.0,&
{'R3'},{'R2'},{'R1'},{'D1'},{'D7'},{'D6'},{'D2'},{'D3'},{'D4'},,&,1.0,&
{'R3'},{'R2'},{'R1'},{'D1'},{'D7'},{'D6'},{'D2'},{'D3'},{'D4'},{'D5'},&,1.0,&
{'R3'},{'R2'},{'R1'},{'D1'},{'D7'},{'D6'},{'D4'},{'D2'},{'D3'},,&,1.0,&
{'R3'},{'R2'},{'R1'},{'D1'},{'D4'},,,,,,&,9.0,&
{'R3'},{'R2'},{'R1'},{'D1'},{'D4'},{'D3'},{'D7'},{'D6'},{'D2'},{'D5'},&,1.0,&
{'R3'},{'R2'},{'R1'},{'D1'},{'D4'},{'D3'},{'D2'},{'D7'},{'D6'},,&,1.0,&
{'R3'},{'R2'},{'R1'},{'D1'},{'D4'},{'D2'},,,,,&,4.0,&
{'R3'},{'R2'},{'R1'},{'D1'},{'D4'},{'D2'},{'D3'},{'D7'},{'D6'},,&,1.0,&
{'R3'},{'R2'},{'R1'},{'D1'},{'D4'},{'D2'},{'D3'},{'D7'},{'D6'},{'D5'},&,1.0,&
{'R3'},{'R2'},{'R1'},{'D1'},{'D4'},{'D2'},{'D7'},,,,&,1.0,&
{'R3'},{'R2'},{'R1'},{'D1'},{'D4'},{'D2'},{'D7'},{'D6'},{'D3'},{'D5'},&,2.0,&
{'R3'},{'R2'},{'R1'},{'D1'},{'D4'},{'D2'},{'D7'},{'D3'},{'D6'},{'D5'},&,2.0,&
{'R3'},{'R2'},{'R1'},{'D1'},{'D4'},{'D2'},{'D7'},{'D3'},{'D5'},{'D6'},&,1.0,&
{'R3'},{'R2'},{'R1'},{'D1'},{'D4'},{'D2'},{'D5'},{'D7'},{'D6'},,&,1.0,&
{'R3'},{'R2'},{'R1'},{'D1'},{'D4'},{'D2'},{'D6'},{'D7'},,,&,1.0,&
{'R3'},{'R2'},{'R1'},{'D1'},{'D4'},{'D5'},{'D2'},,,,&,1.0,&
{'R3'},{'R2'},{'R1'},{'D1'},{'D4'},{'D7'},,,,,&,5.0,&
{'R3'},{'R2'},{'R1'},{'D1'},{'D4'},{'D7'},{'D3'},,,,&,1.0,&
{'R3'},{'R2'},{'R1'},{'D1'},{'D4'},{'D7'},{'D3'},{'D2'},,,&,1.0,&
{'R3'},{'R2'},{'R1'},{'D1'},{'D4'},{'D7'},{'D3'},{'D2'},{'D6'},,&,1.0,&
{'R3'},{'R2'},{'R1'},{'D1'},{'D4'},{'D7'},{'D2'},,,,&,1.0,&
{'R3'},{'R2'},{'R1'},{'D1'},{'D4'},{'D7'},{'D2'},{'D6'},{'D3'},,&,1.0,&
{'R3'},{'R2'},{'R1'},{'D1'},{'D4'},{'D7'},{'D2'},{'D3'},,,&,5.0,&
{'R3'},{'R2'},{'R1'},{'D1'},{'D4'},{'D6'},,,,,&,1.0,&
{'R3'},{'R2'},{'R1'},{'D1'},{'D4'},{'D6'},{'D2'},{'D7'},{'D3'},{'D5'},&,1.0,&
{'R3'},{'R2'},{'R1'},{'D1'},{'D2'},,,,,,&,39.0,&
{'R3'},{'R2'},{'R1'},{'D1'},{'D2'},{'D4'},,,,,&,7.0,&
{'R3'},{'R2'},{'R1'},{'D1'},{'D2'},{'D4'},{'D3'},{'D7'},{'D6'},{'D5'},&,1.0,&
{'R3'},{'R2'},{'R1'},{'D1'},{'D2'},{'D4'},{'D7'},,,,&,5.0,&
{'R3'},{'R2'},{'R1'},{'D1'},{'D2'},{'D4'},{'D7'},{'D5'},,,&,1.0,&
{'R3'},{'R2'},{'R1'},{'D1'},{'D2'},{'D4'},{'D7'},{'D6'},,,&,1.0,&
{'R3'},{'R2'},{'R1'},{'D1'},{'D2'},{'D4'},{'D7'},{'D3'},,,&,3.0,&
{'R3'},{'R2'},{'R1'},{'D1'},{'D2'},{'D4'},{'D7'},{'D3'},{'D6'},,&,1.0,&
{'R3'},{'R2'},{'R1'},{'D1'},{'D2'},{'D4'},{'D7'},{'D3'},{'D6'},{'D5'},&,1.0,&
{'R3'},{'R2'},{'R1'},{'D1'},{'D2'},{'D4'},{'D6'},,,,&,1.0,&
{'R3'},{'R2'},{'R1'},{'D1'},{'D2'},{'D3'},,,,,&,4.0,&
{'R3'},{'R2'},{'R1'},{'D1'},{'D2'},{'D3'},{'D7'},,,,&,5.0,&
{'R3'},{'R2'},{'R1'},{'D1'},{'D2'},{'D3'},{'D7'},{'D6'},{'D4'},{'D5'},&,1.0,&
{'R3'},{'R2'},{'R1'},{'D1'},{'D2'},{'D3'},{'D6'},{'D4'},{'D7'},{'D5'},&,1.0,&
{'R3'},{'R2'},{'R1'},{'D1'},{'D2'},{'D5'},{'D7'},{'D4'},,,&,1.0,&
{'R3'},{'R2'},{'R1'},{'D1'},{'D2'},{'D5'},{'D4'},,,,&,1.0,&
{'R3'},{'R2'},{'R1'},{'D1'},{'D2'},{'D7'},,,,,&,14.0,&
{'R3'},{'R2'},{'R1'},{'D1'},{'D2'},{'D7'},{'D3'},,,,&,6.0,&
{'R3'},{'R2'},{'R1'},{'D1'},{'D2'},{'D7'},{'D3'},{'D4'},,,&,1.0,&
{'R3'},{'R2'},{'R1'},{'D1'},{'D2'},{'D7'},{'D3'},{'D4'},{'D6'},,&,1.0,&
{'R3'},{'R2'},{'R1'},{'D1'},{'D2'},{'D7'},{'D3'},{'D4'},{'D6'},{'D5'},&,1.0,&
{'R3'},{'R2'},{'R1'},{'D1'},{'D2'},{'D7'},{'D3'},{'D4'},{'D5'},{'D6'},&,1.0,&
{'R3'},{'R2'},{'R1'},{'D1'},{'D2'},{'D7'},{'D5'},,,,&,2.0,&
{'R3'},{'R2'},{'R1'},{'D1'},{'D2'},{'D7'},{'D5'},{'D6'},,,&,2.0,&
{'R3'},{'R2'},{'R1'},{'D1'},{'D2'},{'D7'},{'D5'},{'D3'},,,&,1.0,&
{'R3'},{'R2'},{'R1'},{'D1'},{'D2'},{'D7'},{'D5'},{'D4'},{'D3'},{'D6'},&,4.0,&
{'R3'},{'R2'},{'R1'},{'D1'},{'D2'},{'D7'},{'D4'},,,,&,10.0,&
{'R3'},{'R2'},{'R1'},{'D1'},{'D2'},{'D7'},{'D4'},{'D5'},,,&,1.0,&
{'R3'},{'R2'},{'R1'},{'D1'},{'D2'},{'D7'},{'D4'},{'D6'},,,&,1.0,&
{'R3'},{'R2'},{'R1'},{'D1'},{'D2'},{'D7'},{'D4'},{'D6'},{'D3'},,&,4.0,&
{'R3'},{'R2'},{'R1'},{'D1'},{'D2'},{'D7'},{'D4'},{'D6'},{'D3'},{'D5'},&,3.0,&
{'R3'},{'R2'},{'R1'},{'D1'},{'D2'},{'D7'},{'D4'},{'D3'},,,&,3.0,&
{'R3'},{'R2'},{'R1'},{'D1'},{'D2'},{'D7'},{'D4'},{'D3'},{'D6'},,&,2.0,&
{'R3'},{'R2'},{'R1'},{'D1'},{'D2'},{'D7'},{'D4'},{'D3'},{'D6'},{'D5'},&,2.0,&
{'R3'},{'R2'},{'R1'},{'D1'},{'D2'},{'D7'},{'D4'},{'D3'},{'D5'},,&,1.0,&
{'R3'},{'R2'},{'R1'},{'D1'},{'D2'},{'D7'},{'D4'},{'D3'},{'D5'},{'D6'},&,1.0,&
{'R3'},{'R2'},{'R1'},{'D1'},{'D2'},{'D7'},{'D6'},,,,&,2.0,&
{'R3'},{'R2'},{'R1'},{'D1'},{'D2'},{'D7'},{'D6'},{'D3'},{'D5'},{'D4'},&,1.0,&
{'R3'},{'R2'},{'R1'},{'D1'},{'D2'},{'D7'},{'D6'},{'D3'},{'D4'},{'D5'},&,1.0,&
{'R3'},{'R2'},{'R1'},{'D1'},{'D2'},{'D7'},{'D6'},{'D4'},,,&,2.0,&
{'R3'},{'R2'},{'R1'},{'D1'},{'D2'},{'D7'},{'D6'},{'D4'},{'D3'},,&,1.0,&
{'R3'},{'R2'},{'R1'},{'D1'},{'D2'},{'D6'},,,,,&,5.0,&
{'R3'},{'R2'},{'R1'},{'D1'},{'D2'},{'D6'},{'D7'},{'D5'},,,&,1.0,&
{'R3'},{'R2'},{'R1'},{'D1'},{'D2'},{'D6'},{'D7'},{'D3'},{'D4'},,&,1.0,&
{'R3'},{'R2'},{'R1'},{'D1'},{'D2'},{'D6'},{'D7'},{'D4'},{'D3'},,&,1.0,&
{'R3'},{'R2'},{'R1'},{'D1'},{'D2'},{'D6'},{'D7'},{'D4'},{'D3'},{'D5'},&,1.0,&
{'R3'},{'R2'},{'R1'},{'D1'},{'D2'},{'D6'},{'D4'},{'D7'},{'D5'},{'D3'},&,1.0,&
{'R3'},{'R2'},{'R1'},{'D1'},{'D2'},{'D6'},{'D4'},{'D7'},{'D3'},,&,1.0,&
{'R3'},{'R2'},{'R1'},{'D1'},{'D6'},,,,,,&,3.0,&
{'R3'},{'R2'},{'R1'},{'D1'},{'D6'},{'D4'},{'D7'},{'D2'},{'D3'},{'D5'},&,1.0,&
{'R3'},{'R2'},{'R1'},{'D1'},{'D6'},{'D2'},{'D7'},{'D4'},{'D3'},{'D5'},&,1.0,&
{'R3'},{'R2'},{'R1'},{'D1'},{'D6'},{'D2'},{'D4'},{'D3'},{'D7'},,&,1.0,&
{'R3'},{'R2'},{'R1'},{'D1'},{'D6'},{'D7'},{'D3'},,,,&,1.0,&
{'R3'},{'R2'},{'R1'},{'D1'},{'D3'},,,,,,&,4.0,&
{'R3'},{'R2'},{'R1'},{'D1'},{'D3'},{'D4'},,,,,&,3.0,&
{'R3'},{'R2'},{'R1'},{'D1'},{'D3'},{'D4'},{'D7'},,,,&,1.0,&
{'R3'},{'R2'},{'R1'},{'D1'},{'D3'},{'D4'},{'D2'},,,,&,1.0,&
{'R3'},{'R2'},{'R1'},{'D1'},{'D3'},{'D4'},{'D2'},{'D7'},{'D6'},{'D5'},&,1.0,&
{'R3'},{'R2'},{'R1'},{'D1'},{'D3'},{'D2'},,,,,&,2.0,&
{'R3'},{'R2'},{'R1'},{'D1'},{'D3'},{'D2'},{'D7'},,,,&,2.0,&
{'R3'},{'R2'},{'R1'},{'D1'},{'D3'},{'D2'},{'D7'},{'D6'},,,&,1.0,&
{'R3'},{'R2'},{'R1'},{'D1'},{'D3'},{'D2'},{'D7'},{'D6'},{'D5'},,&,1.0,&
{'R3'},{'R2'},{'R1'},{'D1'},{'D3'},{'D2'},{'D7'},{'D6'},{'D4'},,&,1.0,&
{'R3'},{'R2'},{'R1'},{'D1'},{'D3'},{'D2'},{'D7'},{'D6'},{'D4'},{'D5'},&,1.0,&
{'R3'},{'R2'},{'R1'},{'D1'},{'D3'},{'D2'},{'D7'},{'D4'},{'D6'},,&,1.0,&
{'R3'},{'R2'},{'R1'},{'D1'},{'D3'},{'D2'},{'D4'},,,,&,1.0,&
{'R3'},{'R2'},{'R1'},{'D1'},{'D3'},{'D7'},,,,,&,1.0,&
{'R3'},{'R2'},{'R1'},{'D1'},{'D3'},{'D7'},{'D2'},,,,&,1.0,&
{'R3'},{'R2'},{'R1'},{'D1'},{'D3'},{'D7'},{'D2'},{'D6'},{'D4'},,&,1.0,&
{'R3'},{'R2'},{'R1'},{'D1'},{'D5'},,,,,,&,2.0,&
{'R3'},{'R2'},{'R1'},{'D1'},{'D5'},{'D4'},{'D7'},,,,&,1.0,&
{'R3'},{'R2'},{'R1'},{'D1'},{'D5'},{'D3'},{'D2'},{'D7'},{'D4'},,&,1.0,&
{'R3'},{'R2'},{'R1'},{'D7'},,,,,,,&,124.0,&
{'R3'},{'R2'},{'R1'},{'D7'},{'D1'},,,,,,&,32.0,&
{'R3'},{'R2'},{'R1'},{'D7'},{'D1'},{'D4'},,,,,&,6.0,&
{'R3'},{'R2'},{'R1'},{'D7'},{'D1'},{'D4'},{'D3'},,,,&,1.0,&
{'R3'},{'R2'},{'R1'},{'D7'},{'D1'},{'D4'},{'D3'},{'D5'},,,&,1.0,&
{'R3'},{'R2'},{'R1'},{'D7'},{'D1'},{'D4'},{'D3'},{'D2'},{'D6'},,&,1.0,&
{'R3'},{'R2'},{'R1'},{'D7'},{'D1'},{'D4'},{'D3'},{'D2'},{'D5'},,&,1.0,&
{'R3'},{'R2'},{'R1'},{'D7'},{'D1'},{'D4'},{'D2'},,,,&,2.0,&
{'R3'},{'R2'},{'R1'},{'D7'},{'D1'},{'D4'},{'D2'},{'D6'},,,&,1.0,&
{'R3'},{'R2'},{'R1'},{'D7'},{'D1'},{'D4'},{'D2'},{'D6'},{'D3'},{'D5'},&,3.0,&
{'R3'},{'R2'},{'R1'},{'D7'},{'D1'},{'D4'},{'D2'},{'D3'},,,&,1.0,&
{'R3'},{'R2'},{'R1'},{'D7'},{'D1'},{'D4'},{'D2'},{'D3'},{'D6'},{'D5'},&,1.0,&
{'R3'},{'R2'},{'R1'},{'D7'},{'D1'},{'D4'},{'D5'},{'D2'},{'D3'},,&,1.0,&
{'R3'},{'R2'},{'R1'},{'D7'},{'D1'},{'D3'},,,,,&,1.0,&
{'R3'},{'R2'},{'R1'},{'D7'},{'D1'},{'D3'},{'D2'},,,,&,1.0,&
{'R3'},{'R2'},{'R1'},{'D7'},{'D1'},{'D3'},{'D4'},,,,&,1.0,&
{'R3'},{'R2'},{'R1'},{'D7'},{'D1'},{'D3'},{'D4'},{'D2'},,,&,1.0,&
{'R3'},{'R2'},{'R1'},{'D7'},{'D1'},{'D3'},{'D4'},{'D2'},{'D6'},{'D5'},&,1.0,&
{'R3'},{'R2'},{'R1'},{'D7'},{'D1'},{'D3'},{'D4'},{'D2'},{'D5'},,&,1.0,&
{'R3'},{'R2'},{'R1'},{'D7'},{'D1'},{'D2'},,,,,&,19.0,&
{'R3'},{'R2'},{'R1'},{'D7'},{'D1'},{'D2'},{'D3'},,,,&,3.0,&
{'R3'},{'R2'},{'R1'},{'D7'},{'D1'},{'D2'},{'D3'},{'D5'},,,&,1.0,&
{'R3'},{'R2'},{'R1'},{'D7'},{'D1'},{'D2'},{'D3'},{'D6'},,,&,1.0,&
{'R3'},{'R2'},{'R1'},{'D7'},{'D1'},{'D2'},{'D3'},{'D6'},{'D4'},{'D5'},&,1.0,&
{'R3'},{'R2'},{'R1'},{'D7'},{'D1'},{'D2'},{'D3'},{'D4'},,,&,2.0,&
{'R3'},{'R2'},{'R1'},{'D7'},{'D1'},{'D2'},{'D3'},{'D4'},{'D6'},,&,1.0,&
{'R3'},{'R2'},{'R1'},{'D7'},{'D1'},{'D2'},{'D3'},{'D4'},{'D6'},{'D5'},&,3.0,&
{'R3'},{'R2'},{'R1'},{'D7'},{'D1'},{'D2'},{'D5'},,,,&,3.0,&
{'R3'},{'R2'},{'R1'},{'D7'},{'D1'},{'D2'},{'D5'},{'D4'},,,&,1.0,&
{'R3'},{'R2'},{'R1'},{'D7'},{'D1'},{'D2'},{'D4'},,,,&,12.0,&
{'R3'},{'R2'},{'R1'},{'D7'},{'D1'},{'D2'},{'D4'},{'D5'},{'D6'},{'D3'},&,1.0,&
{'R3'},{'R2'},{'R1'},{'D7'},{'D1'},{'D2'},{'D4'},{'D6'},,,&,5.0,&
{'R3'},{'R2'},{'R1'},{'D7'},{'D1'},{'D2'},{'D4'},{'D6'},{'D5'},{'D3'},&,1.0,&
{'R3'},{'R2'},{'R1'},{'D7'},{'D1'},{'D2'},{'D4'},{'D3'},,,&,1.0,&
{'R3'},{'R2'},{'R1'},{'D7'},{'D1'},{'D2'},{'D4'},{'D3'},{'D6'},{'D5'},&,4.0,&
{'R3'},{'R2'},{'R1'},{'D7'},{'D1'},{'D2'},{'D4'},{'D3'},{'D5'},,&,1.0,&
{'R3'},{'R2'},{'R1'},{'D7'},{'D1'},{'D2'},{'D4'},{'D3'},{'D5'},{'D6'},&,1.0,&
{'R3'},{'R2'},{'R1'},{'D7'},{'D1'},{'D2'},{'D6'},,,,&,1.0,&
{'R3'},{'R2'},{'R1'},{'D7'},{'D1'},{'D2'},{'D6'},{'D5'},,,&,1.0,&
{'R3'},{'R2'},{'R1'},{'D7'},{'D1'},{'D2'},{'D6'},{'D5'},{'D4'},,&,1.0,&
{'R3'},{'R2'},{'R1'},{'D7'},{'D1'},{'D2'},{'D6'},{'D3'},,,&,1.0,&
{'R3'},{'R2'},{'R1'},{'D7'},{'D1'},{'D2'},{'D6'},{'D3'},{'D4'},,&,1.0,&
{'R3'},{'R2'},{'R1'},{'D7'},{'D1'},{'D2'},{'D6'},{'D4'},{'D5'},{'D3'},&,1.0,&
{'R3'},{'R2'},{'R1'},{'D7'},{'D1'},{'D2'},{'D6'},{'D4'},{'D3'},{'D5'},&,1.0,&
{'R3'},{'R2'},{'R1'},{'D7'},{'D1'},{'D5'},,,,,&,2.0,&
{'R3'},{'R2'},{'R1'},{'D7'},{'D1'},{'D6'},,,,,&,2.0,&
{'R3'},{'R2'},{'R1'},{'D7'},{'D1'},{'D6'},{'D2'},,,,&,3.0,&
{'R3'},{'R2'},{'R1'},{'D7'},{'D1'},{'D6'},{'D2'},{'D3'},{'D5'},{'D4'},&,1.0,&
{'R3'},{'R2'},{'R1'},{'D7'},{'D1'},{'D6'},{'D4'},,,,&,1.0,&
{'R3'},{'R2'},{'R1'},{'D7'},{'D4'},,,,,,&,15.0,&
{'R3'},{'R2'},{'R1'},{'D7'},{'D4'},{'D3'},,,,,&,1.0,&
{'R3'},{'R2'},{'R1'},{'D7'},{'D4'},{'D3'},{'D2'},{'D1'},{'D6'},{'D5'},&,1.0,&
{'R3'},{'R2'},{'R1'},{'D7'},{'D4'},{'D3'},{'D1'},,,,&,1.0,&
{'R3'},{'R2'},{'R1'},{'D7'},{'D4'},{'D2'},,,,,&,6.0,&
{'R3'},{'R2'},{'R1'},{'D7'},{'D4'},{'D2'},{'D3'},{'D1'},,,&,1.0,&
{'R3'},{'R2'},{'R1'},{'D7'},{'D4'},{'D2'},{'D1'},,,,&,2.0,&
{'R3'},{'R2'},{'R1'},{'D7'},{'D4'},{'D2'},{'D1'},{'D6'},{'D3'},{'D5'},&,2.0,&
{'R3'},{'R2'},{'R1'},{'D7'},{'D4'},{'D2'},{'D1'},{'D3'},,,&,2.0,&
{'R3'},{'R2'},{'R1'},{'D7'},{'D4'},{'D2'},{'D1'},{'D3'},{'D6'},{'D5'},&,1.0,&
{'R3'},{'R2'},{'R1'},{'D7'},{'D4'},{'D2'},{'D5'},{'D1'},,,&,1.0,&
{'R3'},{'R2'},{'R1'},{'D7'},{'D4'},{'D2'},{'D6'},,,,&,1.0,&
{'R3'},{'R2'},{'R1'},{'D7'},{'D4'},{'D2'},{'D6'},{'D1'},,,&,1.0,&
{'R3'},{'R2'},{'R1'},{'D7'},{'D4'},{'D1'},,,,,&,5.0,&
{'R3'},{'R2'},{'R1'},{'D7'},{'D4'},{'D1'},{'D3'},{'D2'},,,&,2.0,&
{'R3'},{'R2'},{'R1'},{'D7'},{'D4'},{'D1'},{'D3'},{'D2'},{'D6'},{'D5'},&,1.0,&
{'R3'},{'R2'},{'R1'},{'D7'},{'D4'},{'D1'},{'D2'},,,,&,4.0,&
{'R3'},{'R2'},{'R1'},{'D7'},{'D4'},{'D1'},{'D2'},{'D6'},,,&,2.0,&
{'R3'},{'R2'},{'R1'},{'D7'},{'D4'},{'D1'},{'D2'},{'D6'},{'D3'},{'D5'},&,1.0,&
{'R3'},{'R2'},{'R1'},{'D7'},{'D4'},{'D1'},{'D2'},{'D3'},,,&,1.0,&
{'R3'},{'R2'},{'R1'},{'D7'},{'D4'},{'D1'},{'D2'},{'D3'},{'D6'},{'D5'},&,1.0,&
{'R3'},{'R2'},{'R1'},{'D7'},{'D4'},{'D1'},{'D6'},{'D2'},{'D3'},{'D5'},&,1.0,&
{'R3'},{'R2'},{'R1'},{'D7'},{'D4'},{'D6'},,,,,&,1.0,&
{'R3'},{'R2'},{'R1'},{'D7'},{'D4'},{'D6'},{'D1'},{'D2'},,,&,1.0,&
{'R3'},{'R2'},{'R1'},{'D7'},{'D4'},{'D6'},{'D1'},{'D2'},{'D3'},{'D5'},&,1.0,&
{'R3'},{'R2'},{'R1'},{'D7'},{'D2'},,,,,,&,53.0,&
{'R3'},{'R2'},{'R1'},{'D7'},{'D2'},{'D4'},,,,,&,10.0,&
{'R3'},{'R2'},{'R1'},{'D7'},{'D2'},{'D4'},{'D3'},,,,&,1.0,&
{'R3'},{'R2'},{'R1'},{'D7'},{'D2'},{'D4'},{'D3'},{'D1'},,,&,1.0,&
{'R3'},{'R2'},{'R1'},{'D7'},{'D2'},{'D4'},{'D3'},{'D1'},{'D6'},{'D5'},&,1.0,&
{'R3'},{'R2'},{'R1'},{'D7'},{'D2'},{'D4'},{'D1'},,,,&,13.0,&
{'R3'},{'R2'},{'R1'},{'D7'},{'D2'},{'D4'},{'D1'},{'D5'},,,&,2.0,&
{'R3'},{'R2'},{'R1'},{'D7'},{'D2'},{'D4'},{'D1'},{'D5'},{'D6'},,&,1.0,&
{'R3'},{'R2'},{'R1'},{'D7'},{'D2'},{'D4'},{'D1'},{'D6'},,,&,1.0,&
{'R3'},{'R2'},{'R1'},{'D7'},{'D2'},{'D4'},{'D1'},{'D6'},{'D5'},,&,1.0,&
{'R3'},{'R2'},{'R1'},{'D7'},{'D2'},{'D4'},{'D1'},{'D6'},{'D3'},{'D5'},&,3.0,&
{'R3'},{'R2'},{'R1'},{'D7'},{'D2'},{'D4'},{'D1'},{'D3'},,,&,1.0,&
{'R3'},{'R2'},{'R1'},{'D7'},{'D2'},{'D4'},{'D1'},{'D3'},{'D6'},{'D5'},&,1.0,&
{'R3'},{'R2'},{'R1'},{'D7'},{'D2'},{'D4'},{'D1'},{'D3'},{'D5'},,&,1.0,&
{'R3'},{'R2'},{'R1'},{'D7'},{'D2'},{'D4'},{'D1'},{'D3'},{'D5'},{'D6'},&,1.0,&
{'R3'},{'R2'},{'R1'},{'D7'},{'D2'},{'D4'},{'D5'},{'D1'},{'D3'},{'D6'},&,1.0,&
{'R3'},{'R2'},{'R1'},{'D7'},{'D2'},{'D3'},,,,,&,3.0,&
{'R3'},{'R2'},{'R1'},{'D7'},{'D2'},{'D3'},{'D1'},,,,&,3.0,&
{'R3'},{'R2'},{'R1'},{'D7'},{'D2'},{'D3'},{'D1'},{'D5'},{'D6'},{'D4'},&,1.0,&
{'R3'},{'R2'},{'R1'},{'D7'},{'D2'},{'D3'},{'D1'},{'D6'},,,&,1.0,&
{'R3'},{'R2'},{'R1'},{'D7'},{'D2'},{'D3'},{'D1'},{'D6'},{'D4'},{'D5'},&,2.0,&
{'R3'},{'R2'},{'R1'},{'D7'},{'D2'},{'D3'},{'D1'},{'D4'},,,&,3.0,&
{'R3'},{'R2'},{'R1'},{'D7'},{'D2'},{'D3'},{'D1'},{'D4'},{'D6'},{'D5'},&,2.0,&
{'R3'},{'R2'},{'R1'},{'D7'},{'D2'},{'D3'},{'D1'},{'D4'},{'D5'},,&,1.0,&
{'R3'},{'R2'},{'R1'},{'D7'},{'D2'},{'D3'},{'D1'},{'D4'},{'D5'},{'D6'},&,1.0,&
{'R3'},{'R2'},{'R1'},{'D7'},{'D2'},{'D3'},{'D4'},{'D1'},{'D5'},{'D6'},&,1.0,&
{'R3'},{'R2'},{'R1'},{'D7'},{'D2'},{'D3'},{'D6'},{'D1'},,,&,1.0,&
{'R3'},{'R2'},{'R1'},{'D7'},{'D2'},{'D3'},{'D6'},{'D1'},{'D4'},,&,1.0,&
{'R3'},{'R2'},{'R1'},{'D7'},{'D2'},{'D1'},,,,,&,24.0,&
{'R3'},{'R2'},{'R1'},{'D7'},{'D2'},{'D1'},{'D3'},,,,&,9.0,&
{'R3'},{'R2'},{'R1'},{'D7'},{'D2'},{'D1'},{'D3'},{'D6'},{'D4'},,&,1.0,&
{'R3'},{'R2'},{'R1'},{'D7'},{'D2'},{'D1'},{'D3'},{'D4'},,,&,1.0,&
{'R3'},{'R2'},{'R1'},{'D7'},{'D2'},{'D1'},{'D3'},{'D4'},{'D6'},,&,2.0,&
{'R3'},{'R2'},{'R1'},{'D7'},{'D2'},{'D1'},{'D5'},,,,&,1.0,&
{'R3'},{'R2'},{'R1'},{'D7'},{'D2'},{'D1'},{'D5'},{'D4'},,,&,1.0,&
{'R3'},{'R2'},{'R1'},{'D7'},{'D2'},{'D1'},{'D4'},,,,&,13.0,&
{'R3'},{'R2'},{'R1'},{'D7'},{'D2'},{'D1'},{'D4'},{'D5'},,,&,1.0,&
{'R3'},{'R2'},{'R1'},{'D7'},{'D2'},{'D1'},{'D4'},{'D5'},{'D6'},,&,1.0,&
{'R3'},{'R2'},{'R1'},{'D7'},{'D2'},{'D1'},{'D4'},{'D5'},{'D6'},{'D3'},&,1.0,&
{'R3'},{'R2'},{'R1'},{'D7'},{'D2'},{'D1'},{'D4'},{'D5'},{'D3'},,&,1.0,&
{'R3'},{'R2'},{'R1'},{'D7'},{'D2'},{'D1'},{'D4'},{'D6'},,,&,3.0,&
{'R3'},{'R2'},{'R1'},{'D7'},{'D2'},{'D1'},{'D4'},{'D6'},{'D5'},{'D3'},&,1.0,&
{'R3'},{'R2'},{'R1'},{'D7'},{'D2'},{'D1'},{'D4'},{'D6'},{'D3'},,&,2.0,&
{'R3'},{'R2'},{'R1'},{'D7'},{'D2'},{'D1'},{'D4'},{'D6'},{'D3'},{'D5'},&,1.0,&
{'R3'},{'R2'},{'R1'},{'D7'},{'D2'},{'D1'},{'D4'},{'D3'},,,&,2.0,&
{'R3'},{'R2'},{'R1'},{'D7'},{'D2'},{'D1'},{'D4'},{'D3'},{'D6'},,&,2.0,&
{'R3'},{'R2'},{'R1'},{'D7'},{'D2'},{'D1'},{'D4'},{'D3'},{'D6'},{'D5'},&,4.0,&
{'R3'},{'R2'},{'R1'},{'D7'},{'D2'},{'D1'},{'D4'},{'D3'},{'D5'},{'D6'},&,2.0,&
{'R3'},{'R2'},{'R1'},{'D7'},{'D2'},{'D1'},{'D6'},,,,&,2.0,&
{'R3'},{'R2'},{'R1'},{'D7'},{'D2'},{'D1'},{'D6'},{'D3'},,,&,1.0,&
{'R3'},{'R2'},{'R1'},{'D7'},{'D2'},{'D1'},{'D6'},{'D4'},,,&,3.0,&
{'R3'},{'R2'},{'R1'},{'D7'},{'D2'},{'D1'},{'D6'},{'D4'},{'D5'},{'D3'},&,1.0,&
{'R3'},{'R2'},{'R1'},{'D7'},{'D2'},{'D1'},{'D6'},{'D4'},{'D3'},{'D5'},&,3.0,&
{'R3'},{'R2'},{'R1'},{'D7'},{'D2'},{'D5'},,,,,&,1.0,&
{'R3'},{'R2'},{'R1'},{'D7'},{'D2'},{'D5'},{'D1'},{'D6'},{'D4'},{'D3'},&,1.0,&
{'R3'},{'R2'},{'R1'},{'D7'},{'D2'},{'D6'},,,,,&,3.0,&
{'R3'},{'R2'},{'R1'},{'D7'},{'D2'},{'D6'},{'D1'},,,,&,1.0,&
{'R3'},{'R2'},{'R1'},{'D7'},{'D2'},{'D6'},{'D1'},{'D4'},{'D3'},,&,2.0,&
{'R3'},{'R2'},{'R1'},{'D7'},{'D2'},{'D6'},{'D5'},{'D1'},,,&,1.0,&
{'R3'},{'R2'},{'R1'},{'D7'},{'D2'},{'D6'},{'D4'},,,,&,1.0,&
{'R3'},{'R2'},{'R1'},{'D7'},{'D6'},,,,,,&,8.0,&
{'R3'},{'R2'},{'R1'},{'D7'},{'D6'},{'D4'},,,,,&,1.0,&
{'R3'},{'R2'},{'R1'},{'D7'},{'D6'},{'D4'},{'D1'},,,,&,1.0,&
{'R3'},{'R2'},{'R1'},{'D7'},{'D6'},{'D3'},{'D2'},,,,&,1.0,&
{'R3'},{'R2'},{'R1'},{'D7'},{'D6'},{'D2'},,,,,&,2.0,&
{'R3'},{'R2'},{'R1'},{'D7'},{'D6'},{'D2'},{'D1'},,,,&,2.0,&
{'R3'},{'R2'},{'R1'},{'D7'},{'D6'},{'D2'},{'D1'},{'D3'},,,&,1.0,&
{'R3'},{'R2'},{'R1'},{'D7'},{'D6'},{'D2'},{'D1'},{'D4'},,,&,1.0,&
{'R3'},{'R2'},{'R1'},{'D7'},{'D6'},{'D2'},{'D1'},{'D4'},{'D3'},{'D5'},&,2.0,&
{'R3'},{'R2'},{'R1'},{'D7'},{'D6'},{'D2'},{'D4'},{'D1'},,,&,2.0,&
{'R3'},{'R2'},{'R1'},{'D7'},{'D6'},{'D1'},,,,,&,1.0,&
{'R3'},{'R2'},{'R1'},{'D7'},{'D6'},{'D1'},{'D2'},,,,&,1.0,&
{'R3'},{'R2'},{'R1'},{'D7'},{'D6'},{'D1'},{'D2'},{'D4'},{'D3'},{'D5'},&,1.0,&
{'R3'},{'R2'},{'R1'},{'D7'},{'D6'},{'D1'},{'D4'},{'D2'},,,&,1.0,&
{'R3'},{'R2'},{'R1'},{'D7'},{'D3'},,,,,,&,5.0,&
{'R3'},{'R2'},{'R1'},{'D7'},{'D3'},{'D4'},,,,,&,1.0,&
{'R3'},{'R2'},{'R1'},{'D7'},{'D3'},{'D4'},{'D2'},,,,&,1.0,&
{'R3'},{'R2'},{'R1'},{'D7'},{'D3'},{'D4'},{'D2'},{'D6'},{'D1'},{'D5'},&,1.0,&
{'R3'},{'R2'},{'R1'},{'D7'},{'D3'},{'D4'},{'D2'},{'D1'},,,&,1.0,&
{'R3'},{'R2'},{'R1'},{'D7'},{'D3'},{'D2'},,,,,&,1.0,&
{'R3'},{'R2'},{'R1'},{'D7'},{'D3'},{'D2'},{'D4'},,,,&,1.0,&
{'R3'},{'R2'},{'R1'},{'D7'},{'D3'},{'D2'},{'D4'},{'D6'},,,&,2.0,&
{'R3'},{'R2'},{'R1'},{'D7'},{'D3'},{'D2'},{'D4'},{'D6'},{'D1'},{'D5'},&,1.0,&
{'R3'},{'R2'},{'R1'},{'D7'},{'D3'},{'D2'},{'D6'},{'D1'},{'D4'},,&,1.0,&
{'R3'},{'R2'},{'R1'},{'D7'},{'D3'},{'D1'},,,,,&,2.0,&
{'R3'},{'R2'},{'R1'},{'D7'},{'D3'},{'D1'},{'D2'},,,,&,1.0,&
{'R3'},{'R2'},{'R1'},{'D7'},{'D3'},{'D6'},{'D2'},{'D4'},,,&,1.0,&
{'R3'},{'R2'},{'R1'},{'D7'},{'D3'},{'D6'},{'D2'},{'D4'},{'D1'},,&,1.0,&
{'R3'},{'R2'},{'R1'},{'D7'},{'D3'},{'D6'},{'D2'},{'D1'},,,&,1.0,&
{'R3'},{'R2'},{'R1'},{'D7'},{'D3'},{'D6'},{'D1'},,,,&,1.0,&
{'R3'},{'R2'},{'R1'},{'D7'},{'D5'},,,,,,&,2.0,&
{'R3'},{'R2'},{'R1'},{'D7'},{'D5'},{'D4'},{'D1'},{'D2'},{'D3'},,&,1.0,&
{'R3'},{'R2'},{'R1'},{'D7'},{'D5'},{'D2'},,,,,&,1.0,&
{'R3'},{'R2'},{'R1'},{'D7'},{'D5'},{'D2'},{'D1'},{'D3'},{'D4'},{'D6'},&,1.0,&
{'R3'},{'R2'},{'R1'},{'D7'},{'D5'},{'D2'},{'D6'},{'D1'},,,&,1.0,&
{'R3'},{'R2'},{'R1'},{'D7'},{'D5'},{'D1'},{'D2'},{'D4'},{'D6'},{'D3'},&,2.0,&
{'R3'},{'R2'},{'R1'},{'D7'},{'D5'},{'D1'},{'D2'},{'D4'},{'D3'},{'D6'},&,1.0,&
{'R3'},{'R2'},{'R1'},{'D7'},{'D5'},{'D1'},{'D6'},{'D2'},{'D4'},,&,1.0,&
{'R3'},{'R2'},{'R1'},{'D4'},,,,,,,&,41.0,&
{'R3'},{'R2'},{'R1'},{'D4'},{'D7'},,,,,,&,8.0,&
{'R3'},{'R2'},{'R1'},{'D4'},{'D7'},{'D3'},,,,,&,1.0,&
{'R3'},{'R2'},{'R1'},{'D4'},{'D7'},{'D3'},{'D2'},{'D6'},{'D1'},{'D5'},&,1.0,&
{'R3'},{'R2'},{'R1'},{'D4'},{'D7'},{'D3'},{'D6'},{'D1'},{'D2'},{'D5'},&,1.0,&
{'R3'},{'R2'},{'R1'},{'D4'},{'D7'},{'D2'},,,,,&,6.0,&
{'R3'},{'R2'},{'R1'},{'D4'},{'D7'},{'D2'},{'D1'},,,,&,2.0,&
{'R3'},{'R2'},{'R1'},{'D4'},{'D7'},{'D2'},{'D1'},{'D5'},{'D6'},{'D3'},&,1.0,&
{'R3'},{'R2'},{'R1'},{'D4'},{'D7'},{'D2'},{'D1'},{'D6'},,,&,1.0,&
{'R3'},{'R2'},{'R1'},{'D4'},{'D7'},{'D2'},{'D1'},{'D6'},{'D3'},{'D5'},&,2.0,&
{'R3'},{'R2'},{'R1'},{'D4'},{'D7'},{'D2'},{'D1'},{'D3'},,,&,2.0,&
{'R3'},{'R2'},{'R1'},{'D4'},{'D7'},{'D2'},{'D1'},{'D3'},{'D6'},,&,1.0,&
{'R3'},{'R2'},{'R1'},{'D4'},{'D7'},{'D2'},{'D1'},{'D3'},{'D6'},{'D5'},&,2.0,&
{'R3'},{'R2'},{'R1'},{'D4'},{'D7'},{'D2'},{'D6'},,,,&,1.0,&
{'R3'},{'R2'},{'R1'},{'D4'},{'D7'},{'D2'},{'D6'},{'D3'},{'D1'},{'D5'},&,1.0,&
{'R3'},{'R2'},{'R1'},{'D4'},{'D7'},{'D1'},,,,,&,2.0,&
{'R3'},{'R2'},{'R1'},{'D4'},{'D7'},{'D1'},{'D2'},,,,&,1.0,&
{'R3'},{'R2'},{'R1'},{'D4'},{'D7'},{'D1'},{'D2'},{'D5'},{'D6'},{'D3'},&,1.0,&
{'R3'},{'R2'},{'R1'},{'D4'},{'D7'},{'D6'},{'D1'},,,,&,1.0,&
{'R3'},{'R2'},{'R1'},{'D4'},{'D1'},,,,,,&,8.0,&
{'R3'},{'R2'},{'R1'},{'D4'},{'D1'},{'D3'},{'D2'},{'D7'},{'D6'},{'D5'},&,1.0,&
{'R3'},{'R2'},{'R1'},{'D4'},{'D1'},{'D3'},{'D6'},{'D7'},{'D2'},{'D5'},&,1.0,&
{'R3'},{'R2'},{'R1'},{'D4'},{'D1'},{'D2'},,,,,&,5.0,&
{'R3'},{'R2'},{'R1'},{'D4'},{'D1'},{'D2'},{'D3'},{'D7'},,,&,1.0,&
{'R3'},{'R2'},{'R1'},{'D4'},{'D1'},{'D2'},{'D7'},,,,&,1.0,&
{'R3'},{'R2'},{'R1'},{'D4'},{'D1'},{'D2'},{'D7'},{'D5'},{'D6'},{'D3'},&,1.0,&
{'R3'},{'R2'},{'R1'},{'D4'},{'D1'},{'D2'},{'D7'},{'D6'},,,&,1.0,&
{'R3'},{'R2'},{'R1'},{'D4'},{'D1'},{'D2'},{'D7'},{'D3'},,,&,1.0,&
{'R3'},{'R2'},{'R1'},{'D4'},{'D1'},{'D2'},{'D7'},{'D3'},{'D6'},,&,1.0,&
{'R3'},{'R2'},{'R1'},{'D4'},{'D1'},{'D7'},,,,,&,5.0,&
{'R3'},{'R2'},{'R1'},{'D4'},{'D1'},{'D7'},{'D2'},,,,&,3.0,&
{'R3'},{'R2'},{'R1'},{'D4'},{'D1'},{'D7'},{'D2'},{'D6'},,,&,1.0,&
{'R3'},{'R2'},{'R1'},{'D4'},{'D1'},{'D7'},{'D2'},{'D6'},{'D3'},{'D5'},&,1.0,&
{'R3'},{'R2'},{'R1'},{'D4'},{'D1'},{'D7'},{'D2'},{'D3'},,,&,1.0,&
{'R3'},{'R2'},{'R1'},{'D4'},{'D1'},{'D7'},{'D2'},{'D3'},{'D5'},{'D6'},&,1.0,&
{'R3'},{'R2'},{'R1'},{'D4'},{'D2'},,,,,,&,10.0,&
{'R3'},{'R2'},{'R1'},{'D4'},{'D2'},{'D3'},{'D7'},{'D5'},{'D6'},{'D1'},&,1.0,&
{'R3'},{'R2'},{'R1'},{'D4'},{'D2'},{'D1'},,,,,&,4.0,&
{'R3'},{'R2'},{'R1'},{'D4'},{'D2'},{'D1'},{'D7'},,,,&,6.0,&
{'R3'},{'R2'},{'R1'},{'D4'},{'D2'},{'D1'},{'D7'},{'D5'},{'D3'},{'D6'},&,2.0,&
{'R3'},{'R2'},{'R1'},{'D4'},{'D2'},{'D1'},{'D7'},{'D6'},{'D5'},,&,1.0,&
{'R3'},{'R2'},{'R1'},{'D4'},{'D2'},{'D1'},{'D7'},{'D6'},{'D3'},{'D5'},&,1.0,&
{'R3'},{'R2'},{'R1'},{'D4'},{'D2'},{'D1'},{'D7'},{'D3'},,,&,1.0,&
{'R3'},{'R2'},{'R1'},{'D4'},{'D2'},{'D1'},{'D7'},{'D3'},{'D6'},{'D5'},&,1.0,&
{'R3'},{'R2'},{'R1'},{'D4'},{'D2'},{'D1'},{'D7'},{'D3'},{'D5'},{'D6'},&,1.0,&
{'R3'},{'R2'},{'R1'},{'D4'},{'D2'},{'D1'},{'D6'},,,,&,1.0,&
{'R3'},{'R2'},{'R1'},{'D4'},{'D2'},{'D1'},{'D6'},{'D7'},{'D3'},,&,1.0,&
{'R3'},{'R2'},{'R1'},{'D4'},{'D2'},{'D7'},,,,,&,7.0,&
{'R3'},{'R2'},{'R1'},{'D4'},{'D2'},{'D7'},{'D1'},,,,&,2.0,&
{'R3'},{'R2'},{'R1'},{'D4'},{'D2'},{'D7'},{'D1'},{'D5'},,,&,1.0,&
{'R3'},{'R2'},{'R1'},{'D4'},{'D2'},{'D7'},{'D1'},{'D5'},{'D6'},,&,1.0,&
{'R3'},{'R2'},{'R1'},{'D4'},{'D2'},{'D7'},{'D1'},{'D6'},,,&,1.0,&
{'R3'},{'R2'},{'R1'},{'D4'},{'D2'},{'D7'},{'D1'},{'D6'},{'D3'},,&,1.0,&
{'R3'},{'R2'},{'R1'},{'D4'},{'D2'},{'D7'},{'D1'},{'D6'},{'D3'},{'D5'},&,1.0,&
{'R3'},{'R2'},{'R1'},{'D4'},{'D2'},{'D7'},{'D1'},{'D3'},,,&,1.0,&
{'R3'},{'R2'},{'R1'},{'D4'},{'D2'},{'D7'},{'D1'},{'D3'},{'D6'},,&,1.0,&
{'R3'},{'R2'},{'R1'},{'D4'},{'D2'},{'D7'},{'D1'},{'D3'},{'D6'},{'D5'},&,1.0,&
{'R3'},{'R2'},{'R1'},{'D4'},{'D2'},{'D7'},{'D5'},{'D1'},,,&,1.0,&
{'R3'},{'R2'},{'R1'},{'D4'},{'D2'},{'D6'},,,,,&,2.0,&
{'R3'},{'R2'},{'R1'},{'D4'},{'D2'},{'D6'},{'D7'},{'D5'},,,&,1.0,&
{'R3'},{'R2'},{'R1'},{'D4'},{'D2'},{'D6'},{'D7'},{'D1'},,,&,1.0,&
{'R3'},{'R2'},{'R1'},{'D4'},{'D2'},{'D6'},{'D1'},{'D7'},,,&,1.0,&
{'R3'},{'R2'},{'R1'},{'D4'},{'D6'},,,,,,&,1.0,&
{'R3'},{'R2'},{'R1'},{'D4'},{'D6'},{'D2'},,,,,&,1.0,&
{'R3'},{'R2'},{'R1'},{'D4'},{'D6'},{'D2'},{'D7'},{'D1'},,,&,1.0,&
{'R3'},{'R2'},{'R1'},{'D4'},{'D6'},{'D7'},{'D2'},,,,&,1.0,&
{'R3'},{'R2'},{'R1'},{'D4'},{'D3'},,,,,,&,1.0,&
{'R3'},{'R2'},{'R1'},{'D4'},{'D3'},{'D2'},,,,,&,1.0,&
{'R3'},{'R2'},{'R1'},{'D4'},{'D3'},{'D1'},{'D7'},{'D2'},{'D6'},{'D5'},&,1.0,&
{'R3'},{'R2'},{'R1'},{'D4'},{'D3'},{'D7'},,,,,&,2.0,&
{'R3'},{'R2'},{'R1'},{'D4'},{'D5'},{'D2'},{'D1'},{'D7'},,,&,1.0,&
{'R3'},{'R2'},{'R1'},{'D3'},,,,,,,&,21.0,&
{'R3'},{'R2'},{'R1'},{'D3'},{'D7'},,,,,,&,5.0,&
{'R3'},{'R2'},{'R1'},{'D3'},{'D7'},{'D4'},{'D2'},{'D1'},{'D6'},{'D5'},&,1.0,&
{'R3'},{'R2'},{'R1'},{'D3'},{'D7'},{'D2'},,,,,&,4.0,&
{'R3'},{'R2'},{'R1'},{'D3'},{'D7'},{'D2'},{'D1'},,,,&,2.0,&
{'R3'},{'R2'},{'R1'},{'D3'},{'D7'},{'D2'},{'D1'},{'D6'},{'D4'},,&,1.0,&
{'R3'},{'R2'},{'R1'},{'D3'},{'D7'},{'D2'},{'D1'},{'D4'},{'D6'},,&,1.0,&
{'R3'},{'R2'},{'R1'},{'D3'},{'D7'},{'D2'},{'D4'},{'D1'},{'D6'},{'D5'},&,1.0,&
{'R3'},{'R2'},{'R1'},{'D3'},{'D7'},{'D1'},{'D6'},,,,&,1.0,&
{'R3'},{'R2'},{'R1'},{'D3'},{'D1'},,,,,,&,6.0,&
{'R3'},{'R2'},{'R1'},{'D3'},{'D1'},{'D2'},,,,,&,2.0,&
{'R3'},{'R2'},{'R1'},{'D3'},{'D1'},{'D2'},{'D7'},{'D6'},,,&,1.0,&
{'R3'},{'R2'},{'R1'},{'D3'},{'D1'},{'D2'},{'D7'},{'D4'},,,&,1.0,&
{'R3'},{'R2'},{'R1'},{'D3'},{'D1'},{'D7'},,,,,&,1.0,&
{'R3'},{'R2'},{'R1'},{'D3'},{'D1'},{'D7'},{'D2'},,,,&,1.0,&
{'R3'},{'R2'},{'R1'},{'D3'},{'D1'},{'D7'},{'D2'},{'D4'},{'D6'},,&,1.0,&
{'R3'},{'R2'},{'R1'},{'D3'},{'D1'},{'D7'},{'D4'},,,,&,1.0,&
{'R3'},{'R2'},{'R1'},{'D3'},{'D1'},{'D7'},{'D4'},{'D2'},,,&,1.0,&
{'R3'},{'R2'},{'R1'},{'D3'},{'D4'},,,,,,&,2.0,&
{'R3'},{'R2'},{'R1'},{'D3'},{'D4'},{'D2'},,,,,&,1.0,&
{'R3'},{'R2'},{'R1'},{'D3'},{'D4'},{'D2'},{'D7'},,,,&,1.0,&
{'R3'},{'R2'},{'R1'},{'D3'},{'D4'},{'D7'},{'D1'},{'D2'},{'D6'},{'D5'},&,1.0,&
{'R3'},{'R2'},{'R1'},{'D3'},{'D2'},,,,,,&,8.0,&
{'R3'},{'R2'},{'R1'},{'D3'},{'D2'},{'D4'},,,,,&,2.0,&
{'R3'},{'R2'},{'R1'},{'D3'},{'D2'},{'D4'},{'D7'},,,,&,1.0,&
{'R3'},{'R2'},{'R1'},{'D3'},{'D2'},{'D4'},{'D1'},,,,&,1.0,&
{'R3'},{'R2'},{'R1'},{'D3'},{'D2'},{'D1'},,,,,&,1.0,&
{'R3'},{'R2'},{'R1'},{'D3'},{'D2'},{'D1'},{'D7'},,,,&,2.0,&
{'R3'},{'R2'},{'R1'},{'D3'},{'D2'},{'D1'},{'D7'},{'D4'},,,&,1.0,&
{'R3'},{'R2'},{'R1'},{'D3'},{'D2'},{'D1'},{'D4'},{'D7'},,,&,1.0,&
{'R3'},{'R2'},{'R1'},{'D3'},{'D2'},{'D1'},{'D4'},{'D7'},{'D6'},,&,1.0,&
{'R3'},{'R2'},{'R1'},{'D3'},{'D2'},{'D7'},,,,,&,3.0,&
{'R3'},{'R2'},{'R1'},{'D3'},{'D2'},{'D7'},{'D1'},{'D6'},{'D4'},,&,1.0,&
{'R3'},{'R2'},{'R1'},{'D3'},{'D2'},{'D7'},{'D1'},{'D4'},,,&,1.0,&
{'R3'},{'R2'},{'R1'},{'D3'},{'D2'},{'D7'},{'D1'},{'D4'},{'D6'},,&,1.0,&
{'R3'},{'R2'},{'R1'},{'D3'},{'D2'},{'D7'},{'D1'},{'D4'},{'D6'},{'D5'},&,1.0,&
{'R3'},{'R2'},{'R1'},{'D3'},{'D2'},{'D7'},{'D4'},{'D1'},{'D6'},{'D5'},&,1.0,&
{'R3'},{'R2'},{'R1'},{'D3'},{'D2'},{'D7'},{'D6'},{'D1'},{'D4'},{'D5'},&,1.0,&
{'R3'},{'R2'},{'R1'},{'D6'},,,,,,,&,8.0,&
{'R3'},{'R2'},{'R1'},{'D6'},{'D7'},,,,,,&,4.0,&
{'R3'},{'R2'},{'R1'},{'D6'},{'D7'},{'D4'},,,,,&,1.0,&
{'R3'},{'R2'},{'R1'},{'D6'},{'D7'},{'D4'},{'D2'},,,,&,1.0,&
{'R3'},{'R2'},{'R1'},{'D6'},{'D7'},{'D4'},{'D2'},{'D1'},{'D3'},{'D5'},&,1.0,&
{'R3'},{'R2'},{'R1'},{'D6'},{'D7'},{'D4'},{'D1'},{'D2'},{'D3'},{'D5'},&,1.0,&
{'R3'},{'R2'},{'R1'},{'D6'},{'D7'},{'D3'},{'D2'},{'D1'},,,&,1.0,&
{'R3'},{'R2'},{'R1'},{'D6'},{'D7'},{'D3'},{'D1'},,,,&,1.0,&
{'R3'},{'R2'},{'R1'},{'D6'},{'D7'},{'D2'},{'D1'},,,,&,1.0,&
{'R3'},{'R2'},{'R1'},{'D6'},{'D7'},{'D2'},{'D1'},{'D4'},,,&,1.0,&
{'R3'},{'R2'},{'R1'},{'D6'},{'D7'},{'D2'},{'D4'},,,,&,1.0,&
{'R3'},{'R2'},{'R1'},{'D6'},{'D7'},{'D2'},{'D4'},{'D3'},,,&,1.0,&
{'R3'},{'R2'},{'R1'},{'D6'},{'D7'},{'D1'},{'D2'},,,,&,1.0,&
{'R3'},{'R2'},{'R1'},{'D6'},{'D7'},{'D1'},{'D2'},{'D5'},{'D4'},{'D3'},&,1.0,&
{'R3'},{'R2'},{'R1'},{'D6'},{'D7'},{'D5'},{'D2'},{'D1'},{'D3'},{'D4'},&,1.0,&
{'R3'},{'R2'},{'R1'},{'D6'},{'D1'},,,,,,&,8.0,&
{'R3'},{'R2'},{'R1'},{'D6'},{'D1'},{'D4'},,,,,&,1.0,&
{'R3'},{'R2'},{'R1'},{'D6'},{'D1'},{'D3'},{'D2'},{'D7'},{'D4'},,&,1.0,&
{'R3'},{'R2'},{'R1'},{'D6'},{'D1'},{'D2'},{'D7'},,,,&,1.0,&
{'R3'},{'R2'},{'R1'},{'D6'},{'D1'},{'D2'},{'D4'},{'D7'},{'D3'},,&,1.0,&
{'R3'},{'R2'},{'R1'},{'D6'},{'D1'},{'D7'},{'D2'},{'D4'},,,&,1.0,&
{'R3'},{'R2'},{'R1'},{'D6'},{'D1'},{'D7'},{'D4'},{'D2'},,,&,1.0,&
{'R3'},{'R2'},{'R1'},{'D6'},{'D4'},{'D7'},{'D2'},{'D1'},{'D3'},{'D5'},&,1.0,&
{'R3'},{'R2'},{'R1'},{'D6'},{'D2'},,,,,,&,10.0,&
{'R3'},{'R2'},{'R1'},{'D6'},{'D2'},{'D4'},{'D7'},{'D1'},{'D5'},{'D3'},&,1.0,&
{'R3'},{'R2'},{'R1'},{'D6'},{'D2'},{'D4'},{'D1'},,,,&,2.0,&
{'R3'},{'R2'},{'R1'},{'D6'},{'D2'},{'D1'},{'D7'},,,,&,1.0,&
{'R3'},{'R2'},{'R1'},{'D6'},{'D2'},{'D1'},{'D7'},{'D3'},{'D4'},{'D5'},&,1.0,&
{'R3'},{'R2'},{'R1'},{'D6'},{'D2'},{'D1'},{'D5'},{'D4'},{'D7'},{'D3'},&,1.0,&
{'R3'},{'R2'},{'R1'},{'D6'},{'D2'},{'D7'},,,,,&,1.0,&
{'R3'},{'R2'},{'R1'},{'D6'},{'D2'},{'D7'},{'D1'},{'D4'},,,&,1.0,&
{'R3'},{'R2'},{'R1'},{'D6'},{'D2'},{'D7'},{'D1'},{'D4'},{'D3'},,&,1.0,&
{'R3'},{'R2'},{'R1'},{'D6'},{'D2'},{'D7'},{'D4'},,,,&,1.0,&
{'R3'},{'R2'},{'R1'},{'D6'},{'D3'},,,,,,&,1.0,&
{'R3'},{'R2'},{'R1'},{'D6'},{'D5'},{'D4'},,,,,&,1.0,&
{'R3'},{'R2'},{'R1'},{'D5'},,,,,,,&,3.0,&
{'R3'},{'R2'},{'R1'},{'D5'},{'D7'},,,,,,&,1.0,&
{'R3'},{'R2'},{'R1'},{'D5'},{'D7'},{'D4'},{'D1'},{'D2'},{'D6'},{'D3'},&,1.0,&
{'R3'},{'R2'},{'R1'},{'D5'},{'D7'},{'D2'},,,,,&,1.0,&
{'R3'},{'R2'},{'R1'},{'D5'},{'D7'},{'D2'},{'D1'},,,,&,1.0,&
{'R3'},{'R2'},{'R1'},{'D5'},{'D7'},{'D2'},{'D4'},,,,&,2.0,&
{'R3'},{'R2'},{'R1'},{'D5'},{'D7'},{'D1'},{'D2'},,,,&,1.0,&
{'R3'},{'R2'},{'R1'},{'D5'},{'D7'},{'D1'},{'D2'},{'D4'},{'D6'},{'D3'},&,1.0,&
{'R3'},{'R2'},{'R1'},{'D5'},{'D1'},,,,,,&,1.0,&
{'R3'},{'R2'},{'R1'},{'D5'},{'D1'},{'D4'},,,,,&,1.0,&
{'R3'},{'R2'},{'R1'},{'D5'},{'D1'},{'D4'},{'D7'},{'D2'},{'D3'},{'D6'},&,1.0,&
{'R3'},{'R2'},{'R1'},{'D5'},{'D4'},,,,,,&,1.0,&
{'R3'},{'R2'},{'R1'},{'D5'},{'D4'},{'D2'},{'D7'},{'D1'},,,&,1.0,&
{'R3'},{'R2'},{'R1'},{'D5'},{'D4'},{'D1'},{'D7'},{'D6'},,,&,1.0,&
{'R3'},{'R2'},{'R1'},{'D5'},{'D2'},,,,,,&,2.0,&
{'R3'},{'R2'},{'R1'},{'D5'},{'D2'},{'D1'},{'D7'},,,,&,1.0,&
{'R3'},{'R2'},{'R1'},{'D5'},{'D2'},{'D7'},{'D3'},{'D1'},{'D4'},{'D6'},&,1.0,&
{'R3'},{'R2'},{'R1'},{'D5'},{'D3'},{'D6'},{'D7'},{'D2'},{'D4'},{'D1'},&,1.0,&
{'R3'},{'R2'},{'D2'},,,,,,,,&,239.0,&
{'R3'},{'R2'},{'D2'},{'D1'},,,,,,,&,30.0,&
{'R3'},{'R2'},{'D2'},{'D1'},{'D7'},,,,,,&,11.0,&
{'R3'},{'R2'},{'D2'},{'D1'},{'D7'},{'D4'},,,,,&,2.0,&
{'R3'},{'R2'},{'D2'},{'D1'},{'D7'},{'D4'},{'D3'},{'R1'},,,&,2.0,&
{'R3'},{'R2'},{'D2'},{'D1'},{'D7'},{'D4'},{'R1'},,,,&,2.0,&
{'R3'},{'R2'},{'D2'},{'D1'},{'D7'},{'D4'},{'R1'},{'D5'},{'D6'},{'D3'},&,1.0,&
{'R3'},{'R2'},{'D2'},{'D1'},{'D7'},{'D4'},{'R1'},{'D6'},,,&,1.0,&
{'R3'},{'R2'},{'D2'},{'D1'},{'D7'},{'D4'},{'R1'},{'D3'},,,&,1.0,&
{'R3'},{'R2'},{'D2'},{'D1'},{'D7'},{'D4'},{'R1'},{'D3'},{'D6'},,&,1.0,&
{'R3'},{'R2'},{'D2'},{'D1'},{'D7'},{'R1'},,,,,&,6.0,&
{'R3'},{'R2'},{'D2'},{'D1'},{'D7'},{'R1'},{'D3'},{'D4'},,,&,1.0,&
{'R3'},{'R2'},{'D2'},{'D1'},{'D7'},{'R1'},{'D4'},,,,&,1.0,&
{'R3'},{'R2'},{'D2'},{'D1'},{'D7'},{'R1'},{'D4'},{'D5'},{'D3'},,&,1.0,&
{'R3'},{'R2'},{'D2'},{'D1'},{'D7'},{'R1'},{'D4'},{'D6'},,,&,1.0,&
{'R3'},{'R2'},{'D2'},{'D1'},{'D7'},{'R1'},{'D4'},{'D6'},{'D5'},,&,1.0,&
{'R3'},{'R2'},{'D2'},{'D1'},{'D7'},{'R1'},{'D4'},{'D3'},,,&,2.0,&
{'R3'},{'R2'},{'D2'},{'D1'},{'D7'},{'R1'},{'D4'},{'D3'},{'D6'},{'D5'},&,2.0,&
{'R3'},{'R2'},{'D2'},{'D1'},{'D7'},{'R1'},{'D6'},{'D3'},{'D4'},,&,1.0,&
{'R3'},{'R2'},{'D2'},{'D1'},{'D7'},{'R1'},{'D6'},{'D4'},,,&,2.0,&
{'R3'},{'R2'},{'D2'},{'D1'},{'D7'},{'R1'},{'D6'},{'D4'},{'D3'},,&,1.0,&
{'R3'},{'R2'},{'D2'},{'D1'},{'D7'},{'D3'},,,,,&,1.0,&
{'R3'},{'R2'},{'D2'},{'D1'},{'D7'},{'D3'},{'R1'},,,,&,2.0,&
{'R3'},{'R2'},{'D2'},{'D1'},{'D7'},{'D3'},{'D4'},,,,&,1.0,&
{'R3'},{'R2'},{'D2'},{'D1'},{'D7'},{'D3'},{'D4'},{'D5'},{'R1'},,&,1.0,&
{'R3'},{'R2'},{'D2'},{'D1'},{'D7'},{'D3'},{'D4'},{'D6'},{'R1'},{'D5'},&,1.0,&
{'R3'},{'R2'},{'D2'},{'D1'},{'D7'},{'D3'},{'D4'},{'R1'},,,&,1.0,&
{'R3'},{'R2'},{'D2'},{'D1'},{'D7'},{'D5'},{'D3'},,,,&,1.0,&
{'R3'},{'R2'},{'D2'},{'D1'},{'D7'},{'D6'},{'R1'},,,,&,1.0,&
{'R3'},{'R2'},{'D2'},{'D1'},{'D7'},{'D6'},{'D4'},{'D3'},{'R1'},{'D5'},&,1.0,&
{'R3'},{'R2'},{'D2'},{'D1'},{'R1'},,,,,,&,16.0,&
{'R3'},{'R2'},{'D2'},{'D1'},{'R1'},{'D4'},,,,,&,3.0,&
{'R3'},{'R2'},{'D2'},{'D1'},{'R1'},{'D4'},{'D3'},,,,&,1.0,&
{'R3'},{'R2'},{'D2'},{'D1'},{'R1'},{'D4'},{'D7'},,,,&,2.0,&
{'R3'},{'R2'},{'D2'},{'D1'},{'R1'},{'D4'},{'D7'},{'D6'},{'D3'},{'D5'},&,1.0,&
{'R3'},{'R2'},{'D2'},{'D1'},{'R1'},{'D4'},{'D7'},{'D3'},{'D5'},{'D6'},&,2.0,&
{'R3'},{'R2'},{'D2'},{'D1'},{'R1'},{'D3'},,,,,&,1.0,&
{'R3'},{'R2'},{'D2'},{'D1'},{'R1'},{'D3'},{'D7'},,,,&,1.0,&
{'R3'},{'R2'},{'D2'},{'D1'},{'R1'},{'D3'},{'D7'},{'D6'},,,&,3.0,&
{'R3'},{'R2'},{'D2'},{'D1'},{'R1'},{'D3'},{'D7'},{'D4'},,,&,2.0,&
{'R3'},{'R2'},{'D2'},{'D1'},{'R1'},{'D3'},{'D7'},{'D4'},{'D6'},,&,1.0,&
{'R3'},{'R2'},{'D2'},{'D1'},{'R1'},{'D3'},{'D4'},,,,&,2.0,&
{'R3'},{'R2'},{'D2'},{'D1'},{'R1'},{'D3'},{'D4'},{'D6'},{'D7'},,&,1.0,&
{'R3'},{'R2'},{'D2'},{'D1'},{'R1'},{'D5'},,,,,&,1.0,&
{'R3'},{'R2'},{'D2'},{'D1'},{'R1'},{'D5'},{'D7'},{'D6'},,,&,1.0,&
{'R3'},{'R2'},{'D2'},{'D1'},{'R1'},{'D7'},,,,,&,4.0,&
{'R3'},{'R2'},{'D2'},{'D1'},{'R1'},{'D7'},{'D3'},,,,&,2.0,&
{'R3'},{'R2'},{'D2'},{'D1'},{'R1'},{'D7'},{'D5'},{'D4'},{'D3'},{'D6'},&,1.0,&
{'R3'},{'R2'},{'D2'},{'D1'},{'R1'},{'D7'},{'D4'},,,,&,1.0,&
{'R3'},{'R2'},{'D2'},{'D1'},{'R1'},{'D7'},{'D4'},{'D5'},,,&,1.0,&
{'R3'},{'R2'},{'D2'},{'D1'},{'R1'},{'D7'},{'D4'},{'D6'},,,&,1.0,&
{'R3'},{'R2'},{'D2'},{'D1'},{'R1'},{'D7'},{'D4'},{'D3'},,,&,3.0,&
{'R3'},{'R2'},{'D2'},{'D1'},{'R1'},{'D7'},{'D4'},{'D3'},{'D6'},{'D5'},&,3.0,&
{'R3'},{'R2'},{'D2'},{'D1'},{'R1'},{'D7'},{'D4'},{'D3'},{'D5'},{'D6'},&,1.0,&
{'R3'},{'R2'},{'D2'},{'D1'},{'R1'},{'D7'},{'D6'},{'D3'},{'D4'},{'D5'},&,1.0,&
{'R3'},{'R2'},{'D2'},{'D1'},{'R1'},{'D7'},{'D6'},{'D4'},,,&,2.0,&
{'R3'},{'R2'},{'D2'},{'D1'},{'R1'},{'D6'},{'D7'},,,,&,1.0,&
{'R3'},{'R2'},{'D2'},{'D1'},{'R1'},{'D6'},{'D7'},{'D4'},,,&,1.0,&
{'R3'},{'R2'},{'D2'},{'D1'},{'D4'},,,,,,&,5.0,&
{'R3'},{'R2'},{'D2'},{'D1'},{'D4'},{'R1'},,,,,&,3.0,&
{'R3'},{'R2'},{'D2'},{'D1'},{'D4'},{'R1'},{'D7'},,,,&,1.0,&
{'R3'},{'R2'},{'D2'},{'D1'},{'D4'},{'R1'},{'D7'},{'D6'},{'D5'},,&,1.0,&
{'R3'},{'R2'},{'D2'},{'D1'},{'D4'},{'R1'},{'D7'},{'D6'},{'D5'},{'D3'},&,1.0,&
{'R3'},{'R2'},{'D2'},{'D1'},{'D4'},{'R1'},{'D7'},{'D6'},{'D3'},{'D5'},&,1.0,&
{'R3'},{'R2'},{'D2'},{'D1'},{'D4'},{'R1'},{'D7'},{'D3'},{'D6'},{'D5'},&,2.0,&
{'R3'},{'R2'},{'D2'},{'D1'},{'D4'},{'R1'},{'D5'},{'D7'},{'D6'},{'D3'},&,1.0,&
{'R3'},{'R2'},{'D2'},{'D1'},{'D4'},{'D3'},{'D6'},,,,&,1.0,&
{'R3'},{'R2'},{'D2'},{'D1'},{'D4'},{'D5'},{'D7'},{'R1'},{'D3'},{'D6'},&,1.0,&
{'R3'},{'R2'},{'D2'},{'D1'},{'D4'},{'D7'},,,,,&,3.0,&
{'R3'},{'R2'},{'D2'},{'D1'},{'D4'},{'D7'},{'D3'},{'R1'},{'D5'},{'D6'},&,1.0,&
{'R3'},{'R2'},{'D2'},{'D1'},{'D4'},{'D7'},{'R1'},,,,&,1.0,&
{'R3'},{'R2'},{'D2'},{'D1'},{'D4'},{'D7'},{'R1'},{'D3'},,,&,1.0,&
{'R3'},{'R2'},{'D2'},{'D1'},{'D4'},{'D7'},{'D6'},{'D3'},{'D5'},{'R1'},&,1.0,&
{'R3'},{'R2'},{'D2'},{'D1'},{'D4'},{'D7'},{'D6'},{'D3'},{'R1'},{'D5'},&,1.0,&
{'R3'},{'R2'},{'D2'},{'D1'},{'D6'},,,,,,&,1.0,&
{'R3'},{'R2'},{'D2'},{'D1'},{'D6'},{'R1'},,,,,&,1.0,&
{'R3'},{'R2'},{'D2'},{'D1'},{'D6'},{'D3'},,,,,&,1.0,&
{'R3'},{'R2'},{'D2'},{'D1'},{'D6'},{'D7'},{'D3'},,,,&,1.0,&
{'R3'},{'R2'},{'D2'},{'D1'},{'D6'},{'D7'},{'R1'},{'D4'},{'D3'},,&,1.0,&
{'R3'},{'R2'},{'D2'},{'D1'},{'D3'},,,,,,&,5.0,&
{'R3'},{'R2'},{'D2'},{'D1'},{'D3'},{'D7'},,,,,&,1.0,&
{'R3'},{'R2'},{'D2'},{'D1'},{'D3'},{'D7'},{'D4'},{'D6'},{'D5'},{'R1'},&,1.0,&
{'R3'},{'R2'},{'D2'},{'D1'},{'D3'},{'D7'},{'D4'},{'R1'},,,&,1.0,&
{'R3'},{'R2'},{'D2'},{'D1'},{'D5'},{'D7'},{'R1'},,,,&,1.0,&
{'R3'},{'R2'},{'D2'},{'R1'},,,,,,,&,77.0,&
{'R3'},{'R2'},{'D2'},{'R1'},{'D7'},,,,,,&,25.0,&
{'R3'},{'R2'},{'D2'},{'R1'},{'D7'},{'D4'},,,,,&,3.0,&
{'R3'},{'R2'},{'D2'},{'R1'},{'D7'},{'D4'},{'D3'},,,,&,1.0,&
{'R3'},{'R2'},{'D2'},{'R1'},{'D7'},{'D4'},{'D3'},{'D1'},,,&,1.0,&
{'R3'},{'R2'},{'D2'},{'R1'},{'D7'},{'D4'},{'D3'},{'D1'},{'D6'},,&,1.0,&
{'R3'},{'R2'},{'D2'},{'R1'},{'D7'},{'D4'},{'D3'},{'D1'},{'D6'},{'D5'},&,1.0,&
{'R3'},{'R2'},{'D2'},{'R1'},{'D7'},{'D4'},{'D1'},,,,&,2.0,&
{'R3'},{'R2'},{'D2'},{'R1'},{'D7'},{'D4'},{'D1'},{'D6'},,,&,1.0,&
{'R3'},{'R2'},{'D2'},{'R1'},{'D7'},{'D4'},{'D1'},{'D6'},{'D3'},{'D5'},&,1.0,&
{'R3'},{'R2'},{'D2'},{'R1'},{'D7'},{'D4'},{'D1'},{'D3'},,,&,2.0,&
{'R3'},{'R2'},{'D2'},{'R1'},{'D7'},{'D4'},{'D1'},{'D3'},{'D6'},,&,2.0,&
{'R3'},{'R2'},{'D2'},{'R1'},{'D7'},{'D3'},,,,,&,3.0,&
{'R3'},{'R2'},{'D2'},{'R1'},{'D7'},{'D3'},{'D1'},{'D6'},{'D5'},{'D4'},&,1.0,&
{'R3'},{'R2'},{'D2'},{'R1'},{'D7'},{'D3'},{'D1'},{'D6'},{'D4'},{'D5'},&,1.0,&
{'R3'},{'R2'},{'D2'},{'R1'},{'D7'},{'D3'},{'D1'},{'D4'},,,&,2.0,&
{'R3'},{'R2'},{'D2'},{'R1'},{'D7'},{'D3'},{'D1'},{'D4'},{'D6'},,&,1.0,&
{'R3'},{'R2'},{'D2'},{'R1'},{'D7'},{'D3'},{'D6'},{'D1'},,,&,1.0,&
{'R3'},{'R2'},{'D2'},{'R1'},{'D7'},{'D1'},,,,,&,20.0,&
{'R3'},{'R2'},{'D2'},{'R1'},{'D7'},{'D1'},{'D3'},,,,&,2.0,&
{'R3'},{'R2'},{'D2'},{'R1'},{'D7'},{'D1'},{'D3'},{'D6'},,,&,1.0,&
{'R3'},{'R2'},{'D2'},{'R1'},{'D7'},{'D1'},{'D3'},{'D6'},{'D5'},{'D4'},&,1.0,&
{'R3'},{'R2'},{'D2'},{'R1'},{'D7'},{'D1'},{'D3'},{'D4'},,,&,1.0,&
{'R3'},{'R2'},{'D2'},{'R1'},{'D7'},{'D1'},{'D3'},{'D4'},{'D5'},,&,2.0,&
{'R3'},{'R2'},{'D2'},{'R1'},{'D7'},{'D1'},{'D3'},{'D4'},{'D5'},{'D6'},&,1.0,&
{'R3'},{'R2'},{'D2'},{'R1'},{'D7'},{'D1'},{'D5'},{'D3'},{'D4'},{'D6'},&,1.0,&
{'R3'},{'R2'},{'D2'},{'R1'},{'D7'},{'D1'},{'D5'},{'D4'},,,&,1.0,&
{'R3'},{'R2'},{'D2'},{'R1'},{'D7'},{'D1'},{'D4'},,,,&,2.0,&
{'R3'},{'R2'},{'D2'},{'R1'},{'D7'},{'D1'},{'D4'},{'D6'},,,&,1.0,&
{'R3'},{'R2'},{'D2'},{'R1'},{'D7'},{'D1'},{'D4'},{'D6'},{'D3'},{'D5'},&,3.0,&
{'R3'},{'R2'},{'D2'},{'R1'},{'D7'},{'D1'},{'D4'},{'D3'},,,&,2.0,&
{'R3'},{'R2'},{'D2'},{'R1'},{'D7'},{'D1'},{'D4'},{'D3'},{'D6'},,&,1.0,&
{'R3'},{'R2'},{'D2'},{'R1'},{'D7'},{'D1'},{'D4'},{'D3'},{'D6'},{'D5'},&,1.0,&
{'R3'},{'R2'},{'D2'},{'R1'},{'D7'},{'D1'},{'D4'},{'D3'},{'D5'},,&,1.0,&
{'R3'},{'R2'},{'D2'},{'R1'},{'D7'},{'D1'},{'D4'},{'D3'},{'D5'},{'D6'},&,1.0,&
{'R3'},{'R2'},{'D2'},{'R1'},{'D7'},{'D1'},{'D6'},,,,&,2.0,&
{'R3'},{'R2'},{'D2'},{'R1'},{'D7'},{'D1'},{'D6'},{'D4'},{'D3'},,&,1.0,&
{'R3'},{'R2'},{'D2'},{'R1'},{'D7'},{'D5'},{'D1'},,,,&,2.0,&
{'R3'},{'R2'},{'D2'},{'R1'},{'D7'},{'D6'},,,,,&,3.0,&
{'R3'},{'R2'},{'D2'},{'R1'},{'D7'},{'D6'},{'D1'},{'D4'},{'D5'},{'D3'},&,1.0,&
{'R3'},{'R2'},{'D2'},{'R1'},{'D7'},{'D6'},{'D1'},{'D4'},{'D3'},,&,1.0,&
{'R3'},{'R2'},{'D2'},{'R1'},{'D7'},{'D6'},{'D1'},{'D4'},{'D3'},{'D5'},&,1.0,&
{'R3'},{'R2'},{'D2'},{'R1'},{'D7'},{'D6'},{'D4'},{'D1'},,,&,1.0,&
{'R3'},{'R2'},{'D2'},{'R1'},{'D7'},{'D6'},{'D4'},{'D1'},{'D3'},{'D5'},&,1.0,&
{'R3'},{'R2'},{'D2'},{'R1'},{'D1'},,,,,,&,18.0,&
{'R3'},{'R2'},{'D2'},{'R1'},{'D1'},{'D4'},,,,,&,4.0,&
{'R3'},{'R2'},{'D2'},{'R1'},{'D1'},{'D4'},{'D3'},{'D7'},{'D5'},{'D6'},&,1.0,&
{'R3'},{'R2'},{'D2'},{'R1'},{'D1'},{'D4'},{'D7'},,,,&,2.0,&
{'R3'},{'R2'},{'D2'},{'R1'},{'D1'},{'D4'},{'D7'},{'D5'},,,&,1.0,&
{'R3'},{'R2'},{'D2'},{'R1'},{'D1'},{'D4'},{'D7'},{'D5'},{'D6'},{'D3'},&,1.0,&
{'R3'},{'R2'},{'D2'},{'R1'},{'D1'},{'D4'},{'D7'},{'D3'},,,&,1.0,&
{'R3'},{'R2'},{'D2'},{'R1'},{'D1'},{'D4'},{'D7'},{'D3'},{'D6'},{'D5'},&,2.0,&
{'R3'},{'R2'},{'D2'},{'R1'},{'D1'},{'D4'},{'D6'},,,,&,1.0,&
{'R3'},{'R2'},{'D2'},{'R1'},{'D1'},{'D4'},{'D6'},{'D7'},,,&,1.0,&
{'R3'},{'R2'},{'D2'},{'R1'},{'D1'},{'D3'},,,,,&,2.0,&
{'R3'},{'R2'},{'D2'},{'R1'},{'D1'},{'D3'},{'D7'},{'D4'},{'D6'},{'D5'},&,1.0,&
{'R3'},{'R2'},{'D2'},{'R1'},{'D1'},{'D3'},{'D4'},{'D7'},{'D6'},{'D5'},&,1.0,&
{'R3'},{'R2'},{'D2'},{'R1'},{'D1'},{'D5'},{'D3'},{'D7'},,,&,1.0,&
{'R3'},{'R2'},{'D2'},{'R1'},{'D1'},{'D7'},,,,,&,9.0,&
{'R3'},{'R2'},{'D2'},{'R1'},{'D1'},{'D7'},{'D3'},,,,&,3.0,&
{'R3'},{'R2'},{'D2'},{'R1'},{'D1'},{'D7'},{'D3'},{'D4'},,,&,2.0,&
{'R3'},{'R2'},{'D2'},{'R1'},{'D1'},{'D7'},{'D3'},{'D4'},{'D6'},,&,1.0,&
{'R3'},{'R2'},{'D2'},{'R1'},{'D1'},{'D7'},{'D5'},,,,&,1.0,&
{'R3'},{'R2'},{'D2'},{'R1'},{'D1'},{'D7'},{'D5'},{'D3'},{'D4'},{'D6'},&,1.0,&
{'R3'},{'R2'},{'D2'},{'R1'},{'D1'},{'D7'},{'D5'},{'D4'},{'D6'},,&,2.0,&
{'R3'},{'R2'},{'D2'},{'R1'},{'D1'},{'D7'},{'D4'},,,,&,2.0,&
{'R3'},{'R2'},{'D2'},{'R1'},{'D1'},{'D7'},{'D4'},{'D5'},{'D6'},{'D3'},&,1.0,&
{'R3'},{'R2'},{'D2'},{'R1'},{'D1'},{'D7'},{'D4'},{'D5'},{'D3'},{'D6'},&,1.0,&
{'R3'},{'R2'},{'D2'},{'R1'},{'D1'},{'D7'},{'D4'},{'D6'},{'D5'},,&,1.0,&
{'R3'},{'R2'},{'D2'},{'R1'},{'D1'},{'D7'},{'D4'},{'D6'},{'D3'},{'D5'},&,1.0,&
{'R3'},{'R2'},{'D2'},{'R1'},{'D1'},{'D7'},{'D4'},{'D3'},,,&,3.0,&
{'R3'},{'R2'},{'D2'},{'R1'},{'D1'},{'D7'},{'D4'},{'D3'},{'D6'},{'D5'},&,1.0,&
{'R3'},{'R2'},{'D2'},{'R1'},{'D1'},{'D7'},{'D4'},{'D3'},{'D5'},{'D6'},&,1.0,&
{'R3'},{'R2'},{'D2'},{'R1'},{'D1'},{'D7'},{'D6'},{'D5'},,,&,1.0,&
{'R3'},{'R2'},{'D2'},{'R1'},{'D1'},{'D7'},{'D6'},{'D3'},{'D4'},{'D5'},&,3.0,&
{'R3'},{'R2'},{'D2'},{'R1'},{'D1'},{'D7'},{'D6'},{'D4'},,,&,3.0,&
{'R3'},{'R2'},{'D2'},{'R1'},{'D1'},{'D7'},{'D6'},{'D4'},{'D3'},,&,1.0,&
{'R3'},{'R2'},{'D2'},{'R1'},{'D1'},{'D6'},,,,,&,2.0,&
{'R3'},{'R2'},{'D2'},{'R1'},{'D1'},{'D6'},{'D3'},{'D7'},{'D4'},{'D5'},&,1.0,&
{'R3'},{'R2'},{'D2'},{'R1'},{'D1'},{'D6'},{'D7'},{'D5'},,,&,1.0,&
{'R3'},{'R2'},{'D2'},{'R1'},{'D1'},{'D6'},{'D7'},{'D4'},,,&,1.0,&
{'R3'},{'R2'},{'D2'},{'R1'},{'D1'},{'D6'},{'D4'},,,,&,1.0,&
{'R3'},{'R2'},{'D2'},{'R1'},{'D4'},,,,,,&,6.0,&
{'R3'},{'R2'},{'D2'},{'R1'},{'D4'},{'D3'},{'D7'},{'D1'},{'D6'},{'D5'},&,1.0,&
{'R3'},{'R2'},{'D2'},{'R1'},{'D4'},{'D1'},,,,,&,2.0,&
{'R3'},{'R2'},{'D2'},{'R1'},{'D4'},{'D1'},{'D7'},,,,&,1.0,&
{'R3'},{'R2'},{'D2'},{'R1'},{'D4'},{'D1'},{'D7'},{'D5'},{'D6'},{'D3'},&,1.0,&
{'R3'},{'R2'},{'D2'},{'R1'},{'D4'},{'D1'},{'D7'},{'D5'},{'D3'},,&,1.0,&
{'R3'},{'R2'},{'D2'},{'R1'},{'D4'},{'D1'},{'D7'},{'D6'},{'D5'},{'D3'},&,1.0,&
{'R3'},{'R2'},{'D2'},{'R1'},{'D4'},{'D1'},{'D7'},{'D6'},{'D3'},{'D5'},&,1.0,&
{'R3'},{'R2'},{'D2'},{'R1'},{'D4'},{'D1'},{'D7'},{'D3'},,,&,1.0,&
{'R3'},{'R2'},{'D2'},{'R1'},{'D4'},{'D1'},{'D6'},,,,&,1.0,&
{'R3'},{'R2'},{'D2'},{'R1'},{'D4'},{'D1'},{'D6'},{'D7'},,,&,1.0,&
{'R3'},{'R2'},{'D2'},{'R1'},{'D4'},{'D7'},,,,,&,6.0,&
{'R3'},{'R2'},{'D2'},{'R1'},{'D4'},{'D7'},{'D3'},,,,&,1.0,&
{'R3'},{'R2'},{'D2'},{'R1'},{'D4'},{'D7'},{'D1'},{'D6'},,,&,1.0,&
{'R3'},{'R2'},{'D2'},{'R1'},{'D4'},{'D7'},{'D1'},{'D3'},,,&,1.0,&
{'R3'},{'R2'},{'D2'},{'R1'},{'D4'},{'D7'},{'D1'},{'D3'},{'D6'},{'D5'},&,1.0,&
{'R3'},{'R2'},{'D2'},{'R1'},{'D4'},{'D7'},{'D6'},,,,&,1.0,&
{'R3'},{'R2'},{'D2'},{'R1'},{'D6'},,,,,,&,7.0,&
{'R3'},{'R2'},{'D2'},{'R1'},{'D6'},{'D1'},,,,,&,2.0,&
{'R3'},{'R2'},{'D2'},{'R1'},{'D6'},{'D1'},{'D4'},,,,&,1.0,&
{'R3'},{'R2'},{'D2'},{'R1'},{'D6'},{'D7'},{'D1'},{'D4'},,,&,1.0,&
{'R3'},{'R2'},{'D2'},{'R1'},{'D6'},{'D7'},{'D4'},{'D1'},{'D3'},{'D5'},&,1.0,&
{'R3'},{'R2'},{'D2'},{'R1'},{'D3'},,,,,,&,3.0,&
{'R3'},{'R2'},{'D2'},{'R1'},{'D3'},{'D4'},{'D7'},{'D6'},{'D1'},{'D5'},&,1.0,&
{'R3'},{'R2'},{'D2'},{'R1'},{'D3'},{'D1'},,,,,&,1.0,&
{'R3'},{'R2'},{'D2'},{'R1'},{'D3'},{'D1'},{'D7'},,,,&,1.0,&
{'R3'},{'R2'},{'D2'},{'R1'},{'D3'},{'D1'},{'D7'},{'D4'},,,&,1.0,&
{'R3'},{'R2'},{'D2'},{'R1'},{'D3'},{'D1'},{'D7'},{'D4'},{'D6'},{'D5'},&,2.0,&
{'R3'},{'R2'},{'D2'},{'R1'},{'D3'},{'D1'},{'D7'},{'D4'},{'D5'},{'D6'},&,1.0,&
{'R3'},{'R2'},{'D2'},{'R1'},{'D3'},{'D5'},{'D1'},{'D6'},{'D7'},{'D4'},&,1.0,&
{'R3'},{'R2'},{'D2'},{'R1'},{'D3'},{'D7'},,,,,&,2.0,&
{'R3'},{'R2'},{'D2'},{'R1'},{'D3'},{'D7'},{'D1'},{'D6'},,,&,1.0,&
{'R3'},{'R2'},{'D2'},{'R1'},{'D3'},{'D7'},{'D1'},{'D4'},,,&,1.0,&
{'R3'},{'R2'},{'D2'},{'R1'},{'D3'},{'D7'},{'D5'},{'D1'},,,&,1.0,&
{'R3'},{'R2'},{'D2'},{'R1'},{'D3'},{'D7'},{'D4'},{'D6'},{'D1'},{'D5'},&,1.0,&
{'R3'},{'R2'},{'D2'},{'R1'},{'D3'},{'D7'},{'D4'},{'D1'},,,&,1.0,&
{'R3'},{'R2'},{'D2'},{'R1'},{'D3'},{'D6'},{'D7'},{'D1'},{'D4'},,&,1.0,&
{'R3'},{'R2'},{'D2'},{'R1'},{'D5'},,,,,,&,3.0,&
{'R3'},{'R2'},{'D2'},{'R1'},{'D5'},{'D1'},{'D7'},{'D3'},,,&,1.0,&
{'R3'},{'R2'},{'D2'},{'D7'},,,,,,,&,46.0,&
{'R3'},{'R2'},{'D2'},{'D7'},{'R1'},,,,,,&,24.0,&
{'R3'},{'R2'},{'D2'},{'D7'},{'R1'},{'D4'},,,,,&,1.0,&
{'R3'},{'R2'},{'D2'},{'D7'},{'R1'},{'D4'},{'D3'},,,,&,1.0,&
{'R3'},{'R2'},{'D2'},{'D7'},{'R1'},{'D4'},{'D3'},{'D1'},{'D6'},,&,1.0,&
{'R3'},{'R2'},{'D2'},{'D7'},{'R1'},{'D4'},{'D1'},,,,&,3.0,&
{'R3'},{'R2'},{'D2'},{'D7'},{'R1'},{'D4'},{'D1'},{'D5'},,,&,1.0,&
{'R3'},{'R2'},{'D2'},{'D7'},{'R1'},{'D4'},{'D1'},{'D6'},{'D3'},,&,1.0,&
{'R3'},{'R2'},{'D2'},{'D7'},{'R1'},{'D4'},{'D1'},{'D6'},{'D3'},{'D5'},&,2.0,&
{'R3'},{'R2'},{'D2'},{'D7'},{'R1'},{'D4'},{'D1'},{'D3'},,,&,1.0,&
{'R3'},{'R2'},{'D2'},{'D7'},{'R1'},{'D4'},{'D1'},{'D3'},{'D6'},,&,1.0,&
{'R3'},{'R2'},{'D2'},{'D7'},{'R1'},{'D4'},{'D1'},{'D3'},{'D6'},{'D5'},&,1.0,&
{'R3'},{'R2'},{'D2'},{'D7'},{'R1'},{'D4'},{'D6'},{'D3'},{'D1'},{'D5'},&,1.0,&
{'R3'},{'R2'},{'D2'},{'D7'},{'R1'},{'D3'},,,,,&,2.0,&
{'R3'},{'R2'},{'D2'},{'D7'},{'R1'},{'D3'},{'D1'},,,,&,1.0,&
{'R3'},{'R2'},{'D2'},{'D7'},{'R1'},{'D1'},,,,,&,11.0,&
{'R3'},{'R2'},{'D2'},{'D7'},{'R1'},{'D1'},{'D3'},,,,&,2.0,&
{'R3'},{'R2'},{'D2'},{'D7'},{'R1'},{'D1'},{'D3'},{'D4'},,,&,2.0,&
{'R3'},{'R2'},{'D2'},{'D7'},{'R1'},{'D1'},{'D5'},,,,&,2.0,&
{'R3'},{'R2'},{'D2'},{'D7'},{'R1'},{'D1'},{'D5'},{'D4'},{'D3'},,&,2.0,&
{'R3'},{'R2'},{'D2'},{'D7'},{'R1'},{'D1'},{'D5'},{'D4'},{'D3'},{'D6'},&,1.0,&
{'R3'},{'R2'},{'D2'},{'D7'},{'R1'},{'D1'},{'D4'},,,,&,5.0,&
{'R3'},{'R2'},{'D2'},{'D7'},{'R1'},{'D1'},{'D4'},{'D5'},,,&,1.0,&
{'R3'},{'R2'},{'D2'},{'D7'},{'R1'},{'D1'},{'D4'},{'D6'},,,&,1.0,&
{'R3'},{'R2'},{'D2'},{'D7'},{'R1'},{'D1'},{'D4'},{'D6'},{'D3'},,&,2.0,&
{'R3'},{'R2'},{'D2'},{'D7'},{'R1'},{'D1'},{'D4'},{'D6'},{'D3'},{'D5'},&,1.0,&
{'R3'},{'R2'},{'D2'},{'D7'},{'R1'},{'D1'},{'D4'},{'D3'},,,&,2.0,&
{'R3'},{'R2'},{'D2'},{'D7'},{'R1'},{'D1'},{'D4'},{'D3'},{'D6'},,&,1.0,&
{'R3'},{'R2'},{'D2'},{'D7'},{'R1'},{'D1'},{'D4'},{'D3'},{'D6'},{'D5'},&,1.0,&
{'R3'},{'R2'},{'D2'},{'D7'},{'R1'},{'D1'},{'D4'},{'D3'},{'D5'},,&,1.0,&
{'R3'},{'R2'},{'D2'},{'D7'},{'R1'},{'D1'},{'D6'},,,,&,1.0,&
{'R3'},{'R2'},{'D2'},{'D7'},{'R1'},{'D1'},{'D6'},{'D3'},{'D5'},{'D4'},&,1.0,&
{'R3'},{'R2'},{'D2'},{'D7'},{'R1'},{'D1'},{'D6'},{'D3'},{'D4'},,&,1.0,&
{'R3'},{'R2'},{'D2'},{'D7'},{'R1'},{'D1'},{'D6'},{'D4'},,,&,1.0,&
{'R3'},{'R2'},{'D2'},{'D7'},{'R1'},{'D1'},{'D6'},{'D4'},{'D5'},,&,1.0,&
{'R3'},{'R2'},{'D2'},{'D7'},{'R1'},{'D1'},{'D6'},{'D4'},{'D3'},,&,1.0,&
{'R3'},{'R2'},{'D2'},{'D7'},{'R1'},{'D1'},{'D6'},{'D4'},{'D3'},{'D5'},&,1.0,&
{'R3'},{'R2'},{'D2'},{'D7'},{'R1'},{'D5'},,,,,&,1.0,&
{'R3'},{'R2'},{'D2'},{'D7'},{'R1'},{'D5'},{'D1'},,,,&,1.0,&
{'R3'},{'R2'},{'D2'},{'D7'},{'R1'},{'D6'},,,,,&,1.0,&
{'R3'},{'R2'},{'D2'},{'D7'},{'R1'},{'D6'},{'D1'},,,,&,1.0,&
{'R3'},{'R2'},{'D2'},{'D7'},{'R1'},{'D6'},{'D4'},,,,&,1.0,&
{'R3'},{'R2'},{'D2'},{'D7'},{'D1'},,,,,,&,17.0,&
{'R3'},{'R2'},{'D2'},{'D7'},{'D1'},{'D4'},,,,,&,5.0,&
{'R3'},{'R2'},{'D2'},{'D7'},{'D1'},{'D4'},{'D3'},{'D5'},{'D6'},{'R1'},&,1.0,&
{'R3'},{'R2'},{'D2'},{'D7'},{'D1'},{'D4'},{'D3'},{'R1'},,,&,1.0,&
{'R3'},{'R2'},{'D2'},{'D7'},{'D1'},{'D4'},{'D3'},{'R1'},{'D5'},{'D6'},&,1.0,&
{'R3'},{'R2'},{'D2'},{'D7'},{'D1'},{'D4'},{'R1'},,,,&,5.0,&
{'R3'},{'R2'},{'D2'},{'D7'},{'D1'},{'D4'},{'R1'},{'D6'},,,&,1.0,&
{'R3'},{'R2'},{'D2'},{'D7'},{'D1'},{'D4'},{'R1'},{'D6'},{'D3'},{'D5'},&,2.0,&
{'R3'},{'R2'},{'D2'},{'D7'},{'D1'},{'D4'},{'R1'},{'D3'},,,&,2.0,&
{'R3'},{'R2'},{'D2'},{'D7'},{'D1'},{'D4'},{'R1'},{'D3'},{'D6'},{'D5'},&,1.0,&
{'R3'},{'R2'},{'D2'},{'D7'},{'D1'},{'D4'},{'R1'},{'D3'},{'D5'},{'D6'},&,1.0,&
{'R3'},{'R2'},{'D2'},{'D7'},{'D1'},{'D4'},{'D5'},,,,&,1.0,&
{'R3'},{'R2'},{'D2'},{'D7'},{'D1'},{'D4'},{'D6'},{'R1'},,,&,1.0,&
{'R3'},{'R2'},{'D2'},{'D7'},{'D1'},{'D4'},{'D6'},{'R1'},{'D3'},{'D5'},&,1.0,&
{'R3'},{'R2'},{'D2'},{'D7'},{'D1'},{'R1'},,,,,&,14.0,&
{'R3'},{'R2'},{'D2'},{'D7'},{'D1'},{'R1'},{'D3'},{'D4'},,,&,1.0,&
{'R3'},{'R2'},{'D2'},{'D7'},{'D1'},{'R1'},{'D4'},{'D6'},,,&,1.0,&
{'R3'},{'R2'},{'D2'},{'D7'},{'D1'},{'R1'},{'D4'},{'D6'},{'D3'},{'D5'},&,1.0,&
{'R3'},{'R2'},{'D2'},{'D7'},{'D1'},{'R1'},{'D4'},{'D3'},,,&,1.0,&
{'R3'},{'R2'},{'D2'},{'D7'},{'D1'},{'R1'},{'D4'},{'D3'},{'D6'},,&,1.0,&
{'R3'},{'R2'},{'D2'},{'D7'},{'D1'},{'R1'},{'D6'},,,,&,1.0,&
{'R3'},{'R2'},{'D2'},{'D7'},{'D1'},{'R1'},{'D6'},{'D3'},{'D5'},{'D4'},&,1.0,&
{'R3'},{'R2'},{'D2'},{'D7'},{'D1'},{'R1'},{'D6'},{'D4'},{'D3'},,&,1.0,&
{'R3'},{'R2'},{'D2'},{'D7'},{'D1'},{'D3'},,,,,&,4.0,&
{'R3'},{'R2'},{'D2'},{'D7'},{'D1'},{'D3'},{'R1'},,,,&,2.0,&
{'R3'},{'R2'},{'D2'},{'D7'},{'D1'},{'D3'},{'R1'},{'D4'},,,&,3.0,&
{'R3'},{'R2'},{'D2'},{'D7'},{'D1'},{'D3'},{'R1'},{'D4'},{'D6'},{'D5'},&,1.0,&
{'R3'},{'R2'},{'D2'},{'D7'},{'D1'},{'D3'},{'D4'},,,,&,1.0,&
{'R3'},{'R2'},{'D2'},{'D7'},{'D1'},{'D3'},{'D4'},{'D6'},{'D5'},{'R1'},&,1.0,&
{'R3'},{'R2'},{'D2'},{'D7'},{'D1'},{'D3'},{'D4'},{'D6'},{'R1'},,&,1.0,&
{'R3'},{'R2'},{'D2'},{'D7'},{'D1'},{'D5'},,,,,&,1.0,&
{'R3'},{'R2'},{'D2'},{'D7'},{'D1'},{'D5'},{'R1'},,,,&,1.0,&
{'R3'},{'R2'},{'D2'},{'D7'},{'D1'},{'D6'},{'R1'},{'D4'},,,&,1.0,&
{'R3'},{'R2'},{'D2'},{'D7'},{'D1'},{'D6'},{'D4'},,,,&,1.0,&
{'R3'},{'R2'},{'D2'},{'D7'},{'D4'},,,,,,&,12.0,&
{'R3'},{'R2'},{'D2'},{'D7'},{'D4'},{'R1'},,,,,&,5.0,&
{'R3'},{'R2'},{'D2'},{'D7'},{'D4'},{'R1'},{'D3'},{'D1'},,,&,2.0,&
{'R3'},{'R2'},{'D2'},{'D7'},{'D4'},{'R1'},{'D1'},,,,&,1.0,&
{'R3'},{'R2'},{'D2'},{'D7'},{'D4'},{'R1'},{'D1'},{'D3'},,,&,1.0,&
{'R3'},{'R2'},{'D2'},{'D7'},{'D4'},{'R1'},{'D6'},{'D1'},{'D3'},,&,1.0,&
{'R3'},{'R2'},{'D2'},{'D7'},{'D4'},{'D3'},{'D1'},{'D6'},{'D5'},{'R1'},&,2.0,&
{'R3'},{'R2'},{'D2'},{'D7'},{'D4'},{'D1'},,,,,&,3.0,&
{'R3'},{'R2'},{'D2'},{'D7'},{'D4'},{'D1'},{'D3'},,,,&,1.0,&
{'R3'},{'R2'},{'D2'},{'D7'},{'D4'},{'D1'},{'D3'},{'D5'},,,&,1.0,&
{'R3'},{'R2'},{'D2'},{'D7'},{'D4'},{'D1'},{'D3'},{'D6'},,,&,1.0,&
{'R3'},{'R2'},{'D2'},{'D7'},{'D4'},{'D1'},{'D3'},{'D6'},{'D5'},{'R1'},&,1.0,&
{'R3'},{'R2'},{'D2'},{'D7'},{'D4'},{'D1'},{'D3'},{'D6'},{'R1'},,&,2.0,&
{'R3'},{'R2'},{'D2'},{'D7'},{'D4'},{'D1'},{'R1'},,,,&,2.0,&
{'R3'},{'R2'},{'D2'},{'D7'},{'D4'},{'D1'},{'D5'},{'R1'},,,&,1.0,&
{'R3'},{'R2'},{'D2'},{'D7'},{'D4'},{'D6'},,,,,&,1.0,&
{'R3'},{'R2'},{'D2'},{'D7'},{'D6'},,,,,,&,2.0,&
{'R3'},{'R2'},{'D2'},{'D7'},{'D6'},{'D4'},,,,,&,1.0,&
{'R3'},{'R2'},{'D2'},{'D7'},{'D6'},{'D4'},{'D1'},{'D5'},{'D3'},{'R1'},&,1.0,&
{'R3'},{'R2'},{'D2'},{'D7'},{'D6'},{'R1'},{'D3'},,,,&,1.0,&
{'R3'},{'R2'},{'D2'},{'D7'},{'D6'},{'R1'},{'D3'},{'D4'},{'D1'},{'D5'},&,1.0,&
{'R3'},{'R2'},{'D2'},{'D7'},{'D6'},{'R1'},{'D1'},{'D4'},{'D3'},{'D5'},&,1.0,&
{'R3'},{'R2'},{'D2'},{'D7'},{'D6'},{'R1'},{'D4'},{'D1'},,,&,1.0,&
{'R3'},{'R2'},{'D2'},{'D7'},{'D6'},{'D1'},,,,,&,2.0,&
{'R3'},{'R2'},{'D2'},{'D7'},{'D6'},{'D1'},{'R1'},{'D3'},{'D4'},,&,1.0,&
{'R3'},{'R2'},{'D2'},{'D7'},{'D6'},{'D1'},{'D4'},{'D3'},{'R1'},,&,1.0,&
{'R3'},{'R2'},{'D2'},{'D7'},{'D3'},,,,,,&,6.0,&
{'R3'},{'R2'},{'D2'},{'D7'},{'D3'},{'D4'},,,,,&,1.0,&
{'R3'},{'R2'},{'D2'},{'D7'},{'D3'},{'D4'},{'D1'},{'R1'},{'D5'},,&,1.0,&
{'R3'},{'R2'},{'D2'},{'D7'},{'D3'},{'D4'},{'R1'},,,,&,1.0,&
{'R3'},{'R2'},{'D2'},{'D7'},{'D3'},{'R1'},,,,,&,2.0,&
{'R3'},{'R2'},{'D2'},{'D7'},{'D3'},{'R1'},{'D1'},,,,&,2.0,&
{'R3'},{'R2'},{'D2'},{'D7'},{'D3'},{'R1'},{'D4'},,,,&,1.0,&
{'R3'},{'R2'},{'D2'},{'D7'},{'D3'},{'D1'},{'R1'},{'D5'},,,&,1.0,&
{'R3'},{'R2'},{'D2'},{'D7'},{'D3'},{'D1'},{'R1'},{'D4'},{'D6'},{'D5'},&,1.0,&
{'R3'},{'R2'},{'D2'},{'D7'},{'D3'},{'D1'},{'D4'},,,,&,2.0,&
{'R3'},{'R2'},{'D2'},{'D7'},{'D3'},{'D1'},{'D4'},{'D6'},,,&,1.0,&
{'R3'},{'R2'},{'D2'},{'D7'},{'D3'},{'D1'},{'D4'},{'D6'},{'R1'},,&,1.0,&
{'R3'},{'R2'},{'D2'},{'D7'},{'D3'},{'D1'},{'D4'},{'R1'},,,&,1.0,&
{'R3'},{'R2'},{'D2'},{'D7'},{'D3'},{'D1'},{'D6'},{'D5'},{'D4'},,&,1.0,&
{'R3'},{'R2'},{'D2'},{'D7'},{'D5'},,,,,,&,1.0,&
{'R3'},{'R2'},{'D2'},{'D7'},{'D5'},{'D4'},{'D1'},,,,&,1.0,&
{'R3'},{'R2'},{'D2'},{'D7'},{'D5'},{'D4'},{'D1'},{'D6'},{'D3'},{'R1'},&,1.0,&
{'R3'},{'R2'},{'D2'},{'D7'},{'D5'},{'D6'},{'D1'},{'R1'},{'D4'},,&,1.0,&
{'R3'},{'R2'},{'D2'},{'D4'},,,,,,,&,19.0,&
{'R3'},{'R2'},{'D2'},{'D4'},{'D7'},,,,,,&,12.0,&
{'R3'},{'R2'},{'D2'},{'D4'},{'D7'},{'R1'},,,,,&,1.0,&
{'R3'},{'R2'},{'D2'},{'D4'},{'D7'},{'R1'},{'D1'},,,,&,1.0,&
{'R3'},{'R2'},{'D2'},{'D4'},{'D7'},{'R1'},{'D1'},{'D6'},{'D3'},,&,1.0,&
{'R3'},{'R2'},{'D2'},{'D4'},{'D7'},{'R1'},{'D1'},{'D3'},{'D6'},,&,1.0,&
{'R3'},{'R2'},{'D2'},{'D4'},{'D7'},{'D3'},{'D1'},{'D5'},{'R1'},,&,1.0,&
{'R3'},{'R2'},{'D2'},{'D4'},{'D7'},{'D3'},{'R1'},{'D1'},,,&,1.0,&
{'R3'},{'R2'},{'D2'},{'D4'},{'D7'},{'D1'},,,,,&,1.0,&
{'R3'},{'R2'},{'D2'},{'D4'},{'D7'},{'D1'},{'D3'},{'R1'},{'D6'},,&,1.0,&
{'R3'},{'R2'},{'D2'},{'D4'},{'D7'},{'D1'},{'R1'},{'D5'},{'D6'},,&,1.0,&
{'R3'},{'R2'},{'D2'},{'D4'},{'D7'},{'D1'},{'R1'},{'D3'},,,&,1.0,&
{'R3'},{'R2'},{'D2'},{'D4'},{'D7'},{'D1'},{'D5'},{'R1'},{'D6'},{'D3'},&,1.0,&
{'R3'},{'R2'},{'D2'},{'D4'},{'D7'},{'D5'},{'R1'},{'D6'},{'D1'},,&,1.0,&
{'R3'},{'R2'},{'D2'},{'D4'},{'D7'},{'D6'},{'D1'},,,,&,1.0,&
{'R3'},{'R2'},{'D2'},{'D4'},{'R1'},,,,,,&,1.0,&
{'R3'},{'R2'},{'D2'},{'D4'},{'R1'},{'D3'},{'D7'},,,,&,1.0,&
{'R3'},{'R2'},{'D2'},{'D4'},{'R1'},{'D1'},,,,,&,3.0,&
{'R3'},{'R2'},{'D2'},{'D4'},{'R1'},{'D1'},{'D3'},{'D7'},,,&,1.0,&
{'R3'},{'R2'},{'D2'},{'D4'},{'R1'},{'D1'},{'D7'},{'D5'},{'D3'},,&,1.0,&
{'R3'},{'R2'},{'D2'},{'D4'},{'R1'},{'D1'},{'D7'},{'D6'},,,&,3.0,&
{'R3'},{'R2'},{'D2'},{'D4'},{'R1'},{'D1'},{'D7'},{'D6'},{'D5'},{'D3'},&,1.0,&
{'R3'},{'R2'},{'D2'},{'D4'},{'R1'},{'D1'},{'D7'},{'D3'},,,&,1.0,&
{'R3'},{'R2'},{'D2'},{'D4'},{'R1'},{'D7'},,,,,&,2.0,&
{'R3'},{'R2'},{'D2'},{'D4'},{'R1'},{'D7'},{'D3'},{'D1'},{'D6'},{'D5'},&,2.0,&
{'R3'},{'R2'},{'D2'},{'D4'},{'R1'},{'D7'},{'D1'},,,,&,1.0,&
{'R3'},{'R2'},{'D2'},{'D4'},{'R1'},{'D7'},{'D1'},{'D6'},,,&,1.0,&
{'R3'},{'R2'},{'D2'},{'D4'},{'R1'},{'D7'},{'D1'},{'D3'},,,&,1.0,&
{'R3'},{'R2'},{'D2'},{'D4'},{'R1'},{'D7'},{'D1'},{'D3'},{'D6'},,&,1.0,&
{'R3'},{'R2'},{'D2'},{'D4'},{'R1'},{'D7'},{'D1'},{'D3'},{'D5'},,&,1.0,&
{'R3'},{'R2'},{'D2'},{'D4'},{'R1'},{'D7'},{'D6'},{'D3'},{'D1'},{'D5'},&,1.0,&
{'R3'},{'R2'},{'D2'},{'D4'},{'R1'},{'D6'},{'D1'},{'D7'},,,&,1.0,&
{'R3'},{'R2'},{'D2'},{'D4'},{'D1'},,,,,,&,5.0,&
{'R3'},{'R2'},{'D2'},{'D4'},{'D1'},{'R1'},,,,,&,2.0,&
{'R3'},{'R2'},{'D2'},{'D4'},{'D1'},{'R1'},{'D3'},,,,&,1.0,&
{'R3'},{'R2'},{'D2'},{'D4'},{'D1'},{'R1'},{'D7'},{'D6'},,,&,1.0,&
{'R3'},{'R2'},{'D2'},{'D4'},{'D1'},{'R1'},{'D7'},{'D6'},{'D3'},{'D5'},&,1.0,&
{'R3'},{'R2'},{'D2'},{'D4'},{'D1'},{'R1'},{'D7'},{'D3'},{'D6'},{'D5'},&,1.0,&
{'R3'},{'R2'},{'D2'},{'D4'},{'D1'},{'D7'},,,,,&,1.0,&
{'R3'},{'R2'},{'D2'},{'D4'},{'D1'},{'D7'},{'D3'},{'R1'},{'D6'},{'D5'},&,1.0,&
{'R3'},{'R2'},{'D2'},{'D4'},{'D1'},{'D7'},{'R1'},,,,&,2.0,&
{'R3'},{'R2'},{'D2'},{'D4'},{'D1'},{'D7'},{'R1'},{'D3'},{'D6'},{'D5'},&,1.0,&
{'R3'},{'R2'},{'D2'},{'D4'},{'D1'},{'D7'},{'D6'},{'R1'},{'D3'},,&,1.0,&
{'R3'},{'R2'},{'D2'},{'D4'},{'D1'},{'D7'},{'D6'},{'R1'},{'D3'},{'D5'},&,1.0,&
{'R3'},{'R2'},{'D2'},{'D4'},{'D1'},{'D6'},{'R1'},,,,&,1.0,&
{'R3'},{'R2'},{'D2'},{'D4'},{'D6'},{'D1'},,,,,&,1.0,&
{'R3'},{'R2'},{'D2'},{'D4'},{'D3'},,,,,,&,1.0,&
{'R3'},{'R2'},{'D2'},{'D4'},{'D3'},{'R1'},{'D7'},,,,&,1.0,&
{'R3'},{'R2'},{'D2'},{'D4'},{'D3'},{'D1'},{'R1'},{'D7'},,,&,1.0,&
{'R3'},{'R2'},{'D2'},{'D4'},{'D5'},,,,,,&,1.0,&
{'R3'},{'R2'},{'D2'},{'D3'},,,,,,,&,7.0,&
{'R3'},{'R2'},{'D2'},{'D3'},{'D7'},,,,,,&,1.0,&
{'R3'},{'R2'},{'D2'},{'D3'},{'D7'},{'D4'},,,,,&,1.0,&
{'R3'},{'R2'},{'D2'},{'D3'},{'D7'},{'D4'},{'D1'},,,,&,1.0,&
{'R3'},{'R2'},{'D2'},{'D3'},{'D7'},{'D4'},{'R1'},,,,&,1.0,&
{'R3'},{'R2'},{'D2'},{'D3'},{'D7'},{'R1'},{'D1'},,,,&,1.0,&
{'R3'},{'R2'},{'D2'},{'D3'},{'D7'},{'R1'},{'D5'},{'D1'},,,&,1.0,&
{'R3'},{'R2'},{'D2'},{'D3'},{'D7'},{'R1'},{'D6'},{'D1'},{'D4'},,&,1.0,&
{'R3'},{'R2'},{'D2'},{'D3'},{'D7'},{'D6'},{'D4'},{'R1'},{'D1'},{'D5'},&,1.0,&
{'R3'},{'R2'},{'D2'},{'D3'},{'R1'},,,,,,&,6.0,&
{'R3'},{'R2'},{'D2'},{'D3'},{'R1'},{'D4'},{'D7'},{'D1'},{'D5'},,&,1.0,&
{'R3'},{'R2'},{'D2'},{'D3'},{'R1'},{'D1'},{'D7'},,,,&,2.0,&
{'R3'},{'R2'},{'D2'},{'D3'},{'R1'},{'D1'},{'D7'},{'D6'},{'D4'},{'D5'},&,1.0,&
{'R3'},{'R2'},{'D2'},{'D3'},{'R1'},{'D1'},{'D4'},,,,&,1.0,&
{'R3'},{'R2'},{'D2'},{'D3'},{'R1'},{'D5'},{'D7'},{'D4'},{'D6'},{'D1'},&,1.0,&
{'R3'},{'R2'},{'D2'},{'D3'},{'R1'},{'D7'},,,,,&,1.0,&
{'R3'},{'R2'},{'D2'},{'D3'},{'R1'},{'D7'},{'D1'},,,,&,2.0,&
{'R3'},{'R2'},{'D2'},{'D3'},{'R1'},{'D7'},{'D1'},{'D4'},,,&,2.0,&
{'R3'},{'R2'},{'D2'},{'D3'},{'R1'},{'D6'},{'D7'},{'D1'},{'D5'},,&,1.0,&
{'R3'},{'R2'},{'D2'},{'D3'},{'R1'},{'D6'},{'D1'},,,,&,1.0,&
{'R3'},{'R2'},{'D2'},{'D3'},{'D1'},,,,,,&,1.0,&
{'R3'},{'R2'},{'D2'},{'D3'},{'D1'},{'D4'},,,,,&,1.0,&
{'R3'},{'R2'},{'D2'},{'D3'},{'D1'},{'D4'},{'R1'},{'D7'},{'D6'},{'D5'},&,1.0,&
{'R3'},{'R2'},{'D2'},{'D3'},{'D1'},{'R1'},{'D7'},{'D5'},{'D4'},,&,1.0,&
{'R3'},{'R2'},{'D2'},{'D3'},{'D1'},{'R1'},{'D7'},{'D4'},,,&,1.0,&
{'R3'},{'R2'},{'D2'},{'D3'},{'D1'},{'R1'},{'D7'},{'D4'},{'D6'},{'D5'},&,1.0,&
{'R3'},{'R2'},{'D2'},{'D3'},{'D1'},{'D7'},,,,,&,1.0,&
{'R3'},{'R2'},{'D2'},{'D3'},{'D1'},{'D7'},{'D4'},{'R1'},,,&,1.0,&
{'R3'},{'R2'},{'D2'},{'D3'},{'D4'},{'D1'},{'D7'},,,,&,1.0,&
{'R3'},{'R2'},{'D2'},{'D3'},{'D6'},{'D1'},{'R1'},{'D7'},,,&,1.0,&
{'R3'},{'R2'},{'D2'},{'D3'},{'D5'},{'D7'},{'D1'},,,,&,1.0,&
{'R3'},{'R2'},{'D2'},{'D6'},,,,,,,&,6.0,&
{'R3'},{'R2'},{'D2'},{'D6'},{'D7'},{'D4'},{'D3'},{'R1'},{'D1'},,&,1.0,&
{'R3'},{'R2'},{'D2'},{'D6'},{'D7'},{'D4'},{'R1'},{'D1'},,,&,1.0,&
{'R3'},{'R2'},{'D2'},{'D6'},{'D7'},{'R1'},,,,,&,1.0,&
{'R3'},{'R2'},{'D2'},{'D6'},{'D7'},{'R1'},{'D1'},{'D3'},,,&,1.0,&
{'R3'},{'R2'},{'D2'},{'D6'},{'D7'},{'D1'},,,,,&,1.0,&
{'R3'},{'R2'},{'D2'},{'D6'},{'R1'},,,,,,&,4.0,&
{'R3'},{'R2'},{'D2'},{'D6'},{'R1'},{'D4'},,,,,&,1.0,&
{'R3'},{'R2'},{'D2'},{'D6'},{'R1'},{'D1'},{'D7'},{'D4'},{'D5'},{'D3'},&,1.0,&
{'R3'},{'R2'},{'D2'},{'D6'},{'R1'},{'D7'},{'D3'},,,,&,1.0,&
{'R3'},{'R2'},{'D2'},{'D6'},{'D1'},{'R1'},{'D4'},,,,&,1.0,&
{'R3'},{'R2'},{'D2'},{'D6'},{'D1'},{'D7'},,,,,&,1.0,&
{'R3'},{'R2'},{'D2'},{'D6'},{'D1'},{'D7'},{'R1'},,,,&,1.0,&
{'R3'},{'R2'},{'D2'},{'D6'},{'D4'},{'R1'},,,,,&,1.0,&
{'R3'},{'R2'},{'D2'},{'D6'},{'D4'},{'D7'},{'D5'},{'R1'},{'D1'},{'D3'},&,1.0,&
{'R3'},{'R2'},{'D2'},{'D5'},,,,,,,&,1.0,&
{'R3'},{'R2'},{'D2'},{'D5'},{'D7'},{'R1'},{'D1'},{'D3'},{'D4'},{'D6'},&,1.0,&
{'R3'},{'R2'},{'D2'},{'D5'},{'D7'},{'D1'},{'R1'},{'D4'},{'D6'},{'D3'},&,1.0,&
{'R3'},{'R2'},{'D2'},{'D5'},{'R1'},{'D7'},{'D4'},{'D1'},,,&,1.0,&
{'R3'},{'R2'},{'D2'},{'D5'},{'D1'},,,,,,&,1.0,&
{'R3'},{'R2'},{'D2'},{'D5'},{'D1'},{'D4'},,,,,&,1.0,&
{'R3'},{'R2'},{'D3'},,,,,,,,&,32.0,&
{'R3'},{'R2'},{'D3'},{'D2'},,,,,,,&,4.0,&
{'R3'},{'R2'},{'D3'},{'D2'},{'D7'},{'D4'},{'D1'},,,,&,1.0,&
{'R3'},{'R2'},{'D3'},{'D2'},{'D7'},{'D4'},{'D1'},{'D6'},,,&,1.0,&
{'R3'},{'R2'},{'D3'},{'D2'},{'D7'},{'R1'},,,,,&,2.0,&
{'R3'},{'R2'},{'D3'},{'D2'},{'D7'},{'R1'},{'D1'},{'D4'},,,&,2.0,&
{'R3'},{'R2'},{'D3'},{'D2'},{'D7'},{'R1'},{'D1'},{'D4'},{'D5'},{'D6'},&,1.0,&
{'R3'},{'R2'},{'D3'},{'D2'},{'D7'},{'R1'},{'D4'},{'D1'},,,&,1.0,&
{'R3'},{'R2'},{'D3'},{'D2'},{'D7'},{'D1'},{'R1'},{'D4'},{'D6'},{'D5'},&,1.0,&
{'R3'},{'R2'},{'D3'},{'D2'},{'R1'},{'D4'},{'D7'},,,,&,1.0,&
{'R3'},{'R2'},{'D3'},{'D2'},{'R1'},{'D4'},{'D7'},{'D1'},{'D5'},,&,1.0,&
{'R3'},{'R2'},{'D3'},{'D2'},{'R1'},{'D1'},{'D7'},,,,&,1.0,&
{'R3'},{'R2'},{'D3'},{'D2'},{'R1'},{'D1'},{'D4'},{'D6'},,,&,1.0,&
{'R3'},{'R2'},{'D3'},{'D2'},{'R1'},{'D7'},,,,,&,1.0,&
{'R3'},{'R2'},{'D3'},{'D2'},{'D1'},{'R1'},{'D7'},{'D4'},{'D6'},{'D5'},&,1.0,&
{'R3'},{'R2'},{'D3'},{'D2'},{'D1'},{'D5'},{'D7'},{'D6'},{'D4'},,&,1.0,&
{'R3'},{'R2'},{'D3'},{'D2'},{'D1'},{'D7'},,,,,&,2.0,&
{'R3'},{'R2'},{'D3'},{'D2'},{'D1'},{'D7'},{'R1'},{'D6'},,,&,1.0,&
{'R3'},{'R2'},{'D3'},{'D2'},{'D1'},{'D7'},{'D6'},{'D4'},{'D5'},{'R1'},&,1.0,&
{'R3'},{'R2'},{'D3'},{'D2'},{'D4'},,,,,,&,1.0,&
{'R3'},{'R2'},{'D3'},{'D2'},{'D4'},{'D1'},{'D7'},,,,&,1.0,&
{'R3'},{'R2'},{'D3'},{'D2'},{'D4'},{'D1'},{'R1'},{'D7'},{'D6'},,&,1.0,&
{'R3'},{'R2'},{'D3'},{'D2'},{'D4'},{'D7'},{'D1'},{'D6'},,,&,1.0,&
{'R3'},{'R2'},{'D3'},{'D1'},,,,,,,&,5.0,&
{'R3'},{'R2'},{'D3'},{'D1'},{'D7'},,,,,,&,2.0,&
{'R3'},{'R2'},{'D3'},{'D1'},{'D7'},{'D2'},{'R1'},,,,&,1.0,&
{'R3'},{'R2'},{'D3'},{'D1'},{'D7'},{'D2'},{'D4'},{'R1'},{'D6'},{'D5'},&,2.0,&
{'R3'},{'R2'},{'D3'},{'D1'},{'D7'},{'D2'},{'D6'},{'R1'},{'D4'},{'D5'},&,1.0,&
{'R3'},{'R2'},{'D3'},{'D1'},{'D7'},{'D5'},{'R1'},,,,&,1.0,&
{'R3'},{'R2'},{'D3'},{'D1'},{'R1'},{'D2'},,,,,&,1.0,&
{'R3'},{'R2'},{'D3'},{'D1'},{'R1'},{'D2'},{'D7'},,,,&,1.0,&
{'R3'},{'R2'},{'D3'},{'D1'},{'R1'},{'D7'},,,,,&,1.0,&
{'R3'},{'R2'},{'D3'},{'D1'},{'R1'},{'D7'},{'D2'},{'D4'},{'D6'},{'D5'},&,1.0,&
{'R3'},{'R2'},{'D3'},{'D1'},{'D4'},{'R1'},{'D2'},{'D7'},{'D6'},,&,1.0,&
{'R3'},{'R2'},{'D3'},{'D1'},{'D4'},{'D7'},{'R1'},{'D2'},,,&,1.0,&
{'R3'},{'R2'},{'D3'},{'D1'},{'D2'},{'R1'},,,,,&,1.0,&
{'R3'},{'R2'},{'D3'},{'D1'},{'D2'},{'R1'},{'D7'},,,,&,1.0,&
{'R3'},{'R2'},{'D3'},{'D1'},{'D2'},{'R1'},{'D6'},{'D7'},{'D4'},,&,1.0,&
{'R3'},{'R2'},{'D3'},{'D1'},{'D2'},{'D7'},,,,,&,1.0,&
{'R3'},{'R2'},{'D3'},{'D1'},{'D6'},{'D7'},,,,,&,1.0,&
{'R3'},{'R2'},{'D3'},{'R1'},,,,,,,&,10.0,&
{'R3'},{'R2'},{'D3'},{'R1'},{'D7'},,,,,,&,5.0,&
{'R3'},{'R2'},{'D3'},{'R1'},{'D7'},{'D2'},,,,,&,4.0,&
{'R3'},{'R2'},{'D3'},{'R1'},{'D7'},{'D2'},{'D1'},,,,&,1.0,&
{'R3'},{'R2'},{'D3'},{'R1'},{'D7'},{'D2'},{'D1'},{'D4'},{'D6'},,&,1.0,&
{'R3'},{'R2'},{'D3'},{'R1'},{'D7'},{'D2'},{'D1'},{'D4'},{'D6'},{'D5'},&,2.0,&
{'R3'},{'R2'},{'D3'},{'R1'},{'D7'},{'D1'},{'D4'},{'D2'},{'D6'},{'D5'},&,1.0,&
{'R3'},{'R2'},{'D3'},{'R1'},{'D1'},,,,,,&,4.0,&
{'R3'},{'R2'},{'D3'},{'R1'},{'D1'},{'D4'},,,,,&,1.0,&
{'R3'},{'R2'},{'D3'},{'R1'},{'D1'},{'D2'},,,,,&,1.0,&
{'R3'},{'R2'},{'D3'},{'R1'},{'D1'},{'D2'},{'D7'},,,,&,1.0,&
{'R3'},{'R2'},{'D3'},{'R1'},{'D1'},{'D2'},{'D7'},{'D6'},{'D5'},{'D4'},&,1.0,&
{'R3'},{'R2'},{'D3'},{'R1'},{'D1'},{'D2'},{'D4'},{'D7'},{'D6'},{'D5'},&,1.0,&
{'R3'},{'R2'},{'D3'},{'R1'},{'D1'},{'D7'},{'D2'},,,,&,2.0,&
{'R3'},{'R2'},{'D3'},{'R1'},{'D1'},{'D7'},{'D2'},{'D6'},,,&,1.0,&
{'R3'},{'R2'},{'D3'},{'R1'},{'D1'},{'D7'},{'D2'},{'D6'},{'D4'},{'D5'},&,1.0,&
{'R3'},{'R2'},{'D3'},{'R1'},{'D1'},{'D7'},{'D2'},{'D4'},{'D6'},{'D5'},&,1.0,&
{'R3'},{'R2'},{'D3'},{'R1'},{'D1'},{'D7'},{'D4'},,,,&,1.0,&
{'R3'},{'R2'},{'D3'},{'R1'},{'D4'},,,,,,&,1.0,&
{'R3'},{'R2'},{'D3'},{'R1'},{'D4'},{'D2'},{'D1'},{'D5'},{'D7'},,&,1.0,&
{'R3'},{'R2'},{'D3'},{'R1'},{'D2'},,,,,,&,3.0,&
{'R3'},{'R2'},{'D3'},{'R1'},{'D2'},{'D1'},,,,,&,2.0,&
{'R3'},{'R2'},{'D3'},{'R1'},{'D2'},{'D1'},{'D7'},,,,&,1.0,&
{'R3'},{'R2'},{'D3'},{'R1'},{'D2'},{'D1'},{'D7'},{'D4'},,,&,1.0,&
{'R3'},{'R2'},{'D3'},{'R1'},{'D2'},{'D7'},,,,,&,1.0,&
{'R3'},{'R2'},{'D3'},{'R1'},{'D2'},{'D7'},{'D1'},,,,&,2.0,&
{'R3'},{'R2'},{'D3'},{'R1'},{'D2'},{'D7'},{'D4'},{'D1'},{'D6'},{'D5'},&,2.0,&
{'R3'},{'R2'},{'D3'},{'R1'},{'D6'},{'D2'},{'D7'},{'D1'},{'D4'},{'D5'},&,1.0,&
{'R3'},{'R2'},{'D3'},{'D7'},,,,,,,&,9.0,&
{'R3'},{'R2'},{'D3'},{'D7'},{'R1'},,,,,,&,1.0,&
{'R3'},{'R2'},{'D3'},{'D7'},{'R1'},{'D4'},{'D1'},{'D2'},,,&,1.0,&
{'R3'},{'R2'},{'D3'},{'D7'},{'R1'},{'D2'},,,,,&,1.0,&
{'R3'},{'R2'},{'D3'},{'D7'},{'R1'},{'D2'},{'D1'},,,,&,3.0,&
{'R3'},{'R2'},{'D3'},{'D7'},{'R1'},{'D1'},{'D2'},,,,&,1.0,&
{'R3'},{'R2'},{'D3'},{'D7'},{'R1'},{'D1'},{'D2'},{'D4'},{'D6'},,&,1.0,&
{'R3'},{'R2'},{'D3'},{'D7'},{'R1'},{'D1'},{'D2'},{'D4'},{'D5'},{'D6'},&,1.0,&
{'R3'},{'R2'},{'D3'},{'D7'},{'D1'},{'R1'},{'D6'},{'D5'},,,&,1.0,&
{'R3'},{'R2'},{'D3'},{'D7'},{'D1'},{'D2'},,,,,&,1.0,&
{'R3'},{'R2'},{'D3'},{'D7'},{'D1'},{'D2'},{'D6'},{'R1'},,,&,1.0,&
{'R3'},{'R2'},{'D3'},{'D7'},{'D1'},{'D5'},{'R1'},,,,&,1.0,&
{'R3'},{'R2'},{'D3'},{'D7'},{'D4'},{'R1'},{'D2'},{'D1'},{'D5'},{'D6'},&,1.0,&
{'R3'},{'R2'},{'D3'},{'D7'},{'D4'},{'D2'},,,,,&,1.0,&
{'R3'},{'R2'},{'D3'},{'D7'},{'D2'},,,,,,&,2.0,&
{'R3'},{'R2'},{'D3'},{'D7'},{'D2'},{'R1'},{'D1'},,,,&,1.0,&
{'R3'},{'R2'},{'D3'},{'D7'},{'D2'},{'R1'},{'D1'},{'D4'},{'D6'},,&,1.0,&
{'R3'},{'R2'},{'D3'},{'D7'},{'D2'},{'D1'},,,,,&,2.0,&
{'R3'},{'R2'},{'D3'},{'D7'},{'D2'},{'D1'},{'R1'},{'D4'},{'D6'},{'D5'},&,1.0,&
{'R3'},{'R2'},{'D3'},{'D7'},{'D2'},{'D1'},{'D4'},{'D6'},,,&,1.0,&
{'R3'},{'R2'},{'D3'},{'D4'},,,,,,,&,1.0,&
{'R3'},{'R2'},{'D3'},{'D4'},{'R1'},{'D1'},,,,,&,1.0,&
{'R3'},{'R2'},{'D3'},{'D4'},{'R1'},{'D7'},,,,,&,1.0,&
{'R3'},{'R2'},{'D3'},{'D4'},{'D2'},,,,,,&,1.0,&
{'R3'},{'R2'},{'D3'},{'D4'},{'D2'},{'R1'},{'D6'},{'D7'},,,&,1.0,&
{'R3'},{'R2'},{'D3'},{'D4'},{'D6'},{'R1'},{'D2'},{'D7'},,,&,1.0,&
{'R3'},{'R2'},{'D3'},{'D6'},{'R1'},{'D4'},{'D1'},{'D7'},,,&,1.0,&
{'R3'},{'R2'},{'D3'},{'D6'},{'D4'},{'D2'},{'R1'},{'D7'},,,&,1.0,&
{'R3'},{'R2'},{'D6'},,,,,,,,&,23.0,&
{'R3'},{'R2'},{'D6'},{'D2'},,,,,,,&,1.0,&
{'R3'},{'R2'},{'D6'},{'D2'},{'D7'},{'D1'},{'D3'},{'D4'},{'R1'},,&,1.0,&
{'R3'},{'R2'},{'D6'},{'D2'},{'R1'},,,,,,&,1.0,&
{'R3'},{'R2'},{'D6'},{'D2'},{'R1'},{'D1'},{'D7'},{'D4'},,,&,1.0,&
{'R3'},{'R2'},{'D6'},{'D2'},{'R1'},{'D1'},{'D4'},{'D7'},,,&,1.0,&
{'R3'},{'R2'},{'D6'},{'D2'},{'R1'},{'D7'},{'D1'},{'D3'},{'D4'},,&,1.0,&
{'R3'},{'R2'},{'D6'},{'D2'},{'D1'},,,,,,&,1.0,&
{'R3'},{'R2'},{'D6'},{'D2'},{'D1'},{'D4'},{'D7'},{'R1'},{'D3'},,&,1.0,&
{'R3'},{'R2'},{'D6'},{'D2'},{'D1'},{'D4'},{'R1'},,,,&,1.0,&
{'R3'},{'R2'},{'D6'},{'D2'},{'D1'},{'D4'},{'R1'},{'D7'},{'D3'},{'D5'},&,1.0,&
{'R3'},{'R2'},{'D6'},{'D2'},{'D1'},{'R1'},,,,,&,1.0,&
{'R3'},{'R2'},{'D6'},{'D2'},{'D1'},{'R1'},{'D3'},{'D7'},,,&,1.0,&
{'R3'},{'R2'},{'D6'},{'D2'},{'D1'},{'R1'},{'D4'},,,,&,1.0,&
{'R3'},{'R2'},{'D6'},{'D2'},{'D4'},{'R1'},{'D3'},,,,&,1.0,&
{'R3'},{'R2'},{'D6'},{'D2'},{'D4'},{'D1'},{'R1'},{'D7'},,,&,1.0,&
{'R3'},{'R2'},{'D6'},{'D2'},{'D4'},{'D7'},{'R1'},{'D1'},,,&,1.0,&
{'R3'},{'R2'},{'D6'},{'D2'},{'D5'},{'D1'},,,,,&,1.0,&
{'R3'},{'R2'},{'D6'},{'D1'},,,,,,,&,1.0,&
{'R3'},{'R2'},{'D6'},{'D1'},{'D7'},{'D2'},{'R1'},,,,&,1.0,&
{'R3'},{'R2'},{'D6'},{'D1'},{'D7'},{'D2'},{'R1'},{'D4'},{'D3'},{'D5'},&,1.0,&
{'R3'},{'R2'},{'D6'},{'D1'},{'R1'},,,,,,&,2.0,&
{'R3'},{'R2'},{'D6'},{'D1'},{'R1'},{'D2'},{'D4'},,,,&,1.0,&
{'R3'},{'R2'},{'D6'},{'D1'},{'R1'},{'D7'},{'D2'},,,,&,1.0,&
{'R3'},{'R2'},{'D6'},{'D1'},{'R1'},{'D7'},{'D2'},{'D4'},{'D3'},{'D5'},&,1.0,&
{'R3'},{'R2'},{'D6'},{'D1'},{'D2'},{'D4'},,,,,&,1.0,&
{'R3'},{'R2'},{'D6'},{'D1'},{'D2'},{'R1'},{'D7'},{'D4'},,,&,1.0,&
{'R3'},{'R2'},{'D6'},{'D1'},{'D2'},{'R1'},{'D5'},{'D7'},{'D4'},{'D3'},&,1.0,&
{'R3'},{'R2'},{'D6'},{'D1'},{'D2'},{'R1'},{'D4'},{'D7'},{'D3'},{'D5'},&,1.0,&
{'R3'},{'R2'},{'D6'},{'D1'},{'D2'},{'D7'},,,,,&,1.0,&
{'R3'},{'R2'},{'D6'},{'R1'},,,,,,,&,8.0,&
{'R3'},{'R2'},{'D6'},{'R1'},{'D7'},,,,,,&,1.0,&
{'R3'},{'R2'},{'D6'},{'R1'},{'D7'},{'D4'},{'D1'},{'D2'},{'D3'},{'D5'},&,1.0,&
{'R3'},{'R2'},{'D6'},{'R1'},{'D7'},{'D2'},{'D1'},,,,&,1.0,&
{'R3'},{'R2'},{'D6'},{'R1'},{'D7'},{'D2'},{'D1'},{'D4'},,,&,1.0,&
{'R3'},{'R2'},{'D6'},{'R1'},{'D7'},{'D1'},{'D2'},,,,&,1.0,&
{'R3'},{'R2'},{'D6'},{'R1'},{'D7'},{'D1'},{'D2'},{'D3'},,,&,1.0,&
{'R3'},{'R2'},{'D6'},{'R1'},{'D1'},,,,,,&,1.0,&
{'R3'},{'R2'},{'D6'},{'R1'},{'D1'},{'D2'},{'D7'},{'D4'},{'D3'},{'D5'},&,2.0,&
{'R3'},{'R2'},{'D6'},{'R1'},{'D1'},{'D2'},{'D4'},{'D7'},{'D3'},,&,1.0,&
{'R3'},{'R2'},{'D6'},{'R1'},{'D1'},{'D7'},{'D3'},{'D2'},{'D4'},,&,1.0,&
{'R3'},{'R2'},{'D6'},{'R1'},{'D4'},{'D1'},{'D7'},{'D2'},{'D5'},{'D3'},&,1.0,&
{'R3'},{'R2'},{'D6'},{'R1'},{'D2'},,,,,,&,4.0,&
{'R3'},{'R2'},{'D6'},{'R1'},{'D2'},{'D1'},,,,,&,2.0,&
{'R3'},{'R2'},{'D6'},{'R1'},{'D2'},{'D1'},{'D7'},{'D4'},,,&,1.0,&
{'R3'},{'R2'},{'D6'},{'R1'},{'D2'},{'D7'},,,,,&,1.0,&
{'R3'},{'R2'},{'D6'},{'R1'},{'D2'},{'D7'},{'D3'},{'D1'},{'D4'},{'D5'},&,1.0,&
{'R3'},{'R2'},{'D6'},{'R1'},{'D2'},{'D7'},{'D1'},,,,&,2.0,&
{'R3'},{'R2'},{'D6'},{'D7'},,,,,,,&,3.0,&
{'R3'},{'R2'},{'D6'},{'D7'},{'R1'},,,,,,&,1.0,&
{'R3'},{'R2'},{'D6'},{'D7'},{'D1'},,,,,,&,1.0,&
{'R3'},{'R2'},{'D6'},{'D7'},{'D1'},{'D4'},,,,,&,1.0,&
{'R3'},{'R2'},{'D6'},{'D7'},{'D1'},{'D2'},{'R1'},{'D4'},{'D3'},,&,1.0,&
{'R3'},{'R2'},{'D6'},{'D7'},{'D2'},{'D4'},{'D3'},{'D1'},,,&,1.0,&
{'R3'},{'R2'},{'D6'},{'D7'},{'D2'},{'R1'},,,,,&,1.0,&
{'R3'},{'R2'},{'D6'},{'D7'},{'D2'},{'R1'},{'D1'},,,,&,1.0,&
{'R3'},{'R2'},{'D6'},{'D7'},{'D2'},{'D1'},{'D3'},,,,&,1.0,&
{'R3'},{'R2'},{'D6'},{'D7'},{'D5'},{'D3'},{'R1'},,,,&,1.0,&
{'R3'},{'R2'},{'D6'},{'D4'},,,,,,,&,2.0,&
{'R3'},{'R2'},{'D6'},{'D4'},{'R1'},,,,,,&,1.0,&
{'R3'},{'R2'},{'D6'},{'D4'},{'R1'},{'D2'},{'D1'},{'D3'},{'D7'},,&,1.0,&
{'R3'},{'R2'},{'D6'},{'D3'},,,,,,,&,1.0,&
{'R3'},{'R2'},{'D6'},{'D3'},{'R1'},{'D2'},,,,,&,2.0,&
{'R3'},{'R2'},{'D6'},{'D3'},{'D1'},{'R1'},,,,,&,1.0,&
{'R3'},{'R2'},{'D6'},{'D3'},{'D2'},{'D1'},{'D5'},{'R1'},{'D4'},,&,1.0,&
{'R3'},{'R2'},{'D5'},,,,,,,,&,4.0,&
{'R3'},{'R2'},{'D5'},{'D2'},{'D7'},{'R1'},{'D1'},{'D4'},{'D6'},{'D3'},&,1.0,&
{'R3'},{'R2'},{'D5'},{'D2'},{'R1'},,,,,,&,1.0,&
{'R3'},{'R2'},{'D5'},{'D2'},{'R1'},{'D7'},{'D4'},{'D1'},{'D3'},,&,1.0,&
{'R3'},{'R2'},{'D5'},{'D2'},{'D1'},{'R1'},{'D7'},,,,&,1.0,&
{'R3'},{'R2'},{'D5'},{'D2'},{'D1'},{'R1'},{'D4'},{'D3'},{'D7'},{'D6'},&,1.0,&
{'R3'},{'R2'},{'D5'},{'D1'},,,,,,,&,1.0,&
{'R3'},{'R2'},{'D5'},{'D1'},{'D7'},,,,,,&,1.0,&
{'R3'},{'R2'},{'D5'},{'D1'},{'D7'},{'D4'},{'D2'},{'D3'},{'R1'},{'D6'},&,1.0,&
{'R3'},{'R2'},{'D5'},{'D1'},{'D2'},{'D7'},{'D6'},,,,&,1.0,&
{'R3'},{'R2'},{'D5'},{'R1'},,,,,,,&,1.0,&
{'R3'},{'R2'},{'D5'},{'R1'},{'D7'},{'D1'},{'D2'},{'D4'},{'D6'},,&,1.0,&
{'R3'},{'R2'},{'D5'},{'R1'},{'D1'},{'D3'},{'D2'},{'D4'},,,&,1.0,&
{'R3'},{'R2'},{'D5'},{'R1'},{'D1'},{'D2'},{'D7'},,,,&,1.0,&
{'R3'},{'R2'},{'D5'},{'R1'},{'D1'},{'D2'},{'D7'},{'D4'},{'D3'},,&,1.0,&
{'R3'},{'R2'},{'D5'},{'R1'},{'D4'},{'D1'},{'D2'},{'D7'},{'D3'},{'D6'},&,1.0,&
{'R3'},{'R2'},{'D5'},{'R1'},{'D2'},{'D7'},{'D1'},{'D6'},,,&,1.0,&
{'R3'},{'R2'},{'D5'},{'D7'},{'R1'},,,,,,&,1.0,&
{'R3'},{'R2'},{'D5'},{'D7'},{'R1'},{'D2'},{'D1'},{'D6'},,,&,1.0,&
{'R3'},{'R2'},{'D5'},{'D7'},{'D2'},{'D1'},,,,,&,1.0,&
{'R3'},{'R2'},{'D5'},{'D4'},,,,,,,&,1.0,&
{'R3'},{'R2'},{'D5'},{'D4'},{'R1'},,,,,,&,1.0,&
{'R3'},{'R2'},{'D5'},{'D4'},{'D2'},{'D1'},{'R1'},{'D6'},{'D7'},{'D3'},&,1.0,&
{'R3'},{'R2'},{'D5'},{'D3'},{'D2'},,,,,,&,1.0,&
{'R3'},{'R2'},{'D5'},{'D3'},{'D2'},{'D1'},{'D7'},{'D4'},{'R1'},,&,1.0,&
{'R3'},{'R2'},{'D5'},{'D6'},{'R1'},,,,,,&,1.0,&
{'R3'},,,,,,,,,,&,1937.0,&
{'R3'},{'D4'},{'R2'},,,,,,,,&,50.0,&
{'R3'},{'D4'},{'R2'},{'D2'},,,,,,,&,6.0,&
{'R3'},{'D4'},{'R2'},{'D2'},{'D7'},,,,,,&,1.0,&
{'R3'},{'D4'},{'R2'},{'D2'},{'D7'},{'R1'},,,,,&,2.0,&
{'R3'},{'D4'},{'R2'},{'D2'},{'D7'},{'R1'},{'D1'},,,,&,1.0,&
{'R3'},{'D4'},{'R2'},{'D2'},{'D7'},{'R1'},{'D1'},{'D6'},,,&,2.0,&
{'R3'},{'D4'},{'R2'},{'D2'},{'D7'},{'R1'},{'D1'},{'D3'},,,&,2.0,&
{'R3'},{'D4'},{'R2'},{'D2'},{'D7'},{'D1'},{'D5'},{'R1'},{'D3'},{'D6'},&,1.0,&
{'R3'},{'D4'},{'R2'},{'D2'},{'D7'},{'D1'},{'D6'},{'R1'},{'D3'},,&,1.0,&
{'R3'},{'D4'},{'R2'},{'D2'},{'D7'},{'D1'},{'D6'},{'R1'},{'D3'},{'D5'},&,1.0,&
{'R3'},{'D4'},{'R2'},{'D2'},{'R1'},,,,,,&,7.0,&
{'R3'},{'D4'},{'R2'},{'D2'},{'R1'},{'D3'},{'D7'},{'D1'},{'D6'},,&,1.0,&
{'R3'},{'D4'},{'R2'},{'D2'},{'R1'},{'D1'},{'D3'},{'D7'},,,&,1.0,&
{'R3'},{'D4'},{'R2'},{'D2'},{'R1'},{'D1'},{'D7'},,,,&,2.0,&
{'R3'},{'D4'},{'R2'},{'D2'},{'R1'},{'D1'},{'D7'},{'D5'},,,&,1.0,&
{'R3'},{'D4'},{'R2'},{'D2'},{'R1'},{'D1'},{'D6'},,,,&,1.0,&
{'R3'},{'D4'},{'R2'},{'D2'},{'R1'},{'D7'},,,,,&,3.0,&
{'R3'},{'D4'},{'R2'},{'D2'},{'R1'},{'D7'},{'D1'},,,,&,2.0,&
{'R3'},{'D4'},{'R2'},{'D2'},{'R1'},{'D7'},{'D1'},{'D5'},{'D6'},{'D3'},&,1.0,&
{'R3'},{'D4'},{'R2'},{'D2'},{'D1'},,,,,,&,3.0,&
{'R3'},{'D4'},{'R2'},{'D2'},{'D1'},{'R1'},,,,,&,1.0,&
{'R3'},{'D4'},{'R2'},{'D2'},{'D1'},{'R1'},{'D3'},,,,&,1.0,&
{'R3'},{'D4'},{'R2'},{'D2'},{'D1'},{'D3'},{'D7'},,,,&,1.0,&
{'R3'},{'D4'},{'R2'},{'D2'},{'D1'},{'D3'},{'D5'},{'R1'},{'D7'},,&,1.0,&
{'R3'},{'D4'},{'R2'},{'D2'},{'D1'},{'D7'},{'D3'},,,,&,1.0,&
{'R3'},{'D4'},{'R2'},{'D2'},{'D1'},{'D7'},{'R1'},,,,&,2.0,&
{'R3'},{'D4'},{'R2'},{'D2'},{'D1'},{'D7'},{'R1'},{'D3'},{'D6'},,&,1.0,&
{'R3'},{'D4'},{'R2'},{'D2'},{'D1'},{'D7'},{'D5'},{'R1'},,,&,1.0,&
{'R3'},{'D4'},{'R2'},{'D2'},{'D1'},{'D7'},{'D6'},,,,&,2.0,&
{'R3'},{'D4'},{'R2'},{'D2'},{'D6'},{'R1'},{'D7'},{'D1'},,,&,1.0,&
{'R3'},{'D4'},{'R2'},{'D2'},{'D6'},{'R1'},{'D1'},{'D7'},,,&,1.0,&
{'R3'},{'D4'},{'R2'},{'D2'},{'D3'},,,,,,&,2.0,&
{'R3'},{'D4'},{'R2'},{'D2'},{'D3'},{'D1'},{'R1'},,,,&,1.0,&
{'R3'},{'D4'},{'R2'},{'D2'},{'D3'},{'D7'},{'D1'},,,,&,1.0,&
{'R3'},{'D4'},{'R2'},{'D2'},{'D3'},{'D7'},{'D1'},{'R1'},{'D6'},,&,1.0,&
{'R3'},{'D4'},{'R2'},{'D2'},{'D3'},{'D7'},{'R1'},{'D1'},{'D6'},,&,1.0,&
{'R3'},{'D4'},{'R2'},{'D1'},,,,,,,&,6.0,&
{'R3'},{'D4'},{'R2'},{'D1'},{'D7'},{'R1'},{'D3'},{'D2'},{'D6'},{'D5'},&,1.0,&
{'R3'},{'D4'},{'R2'},{'D1'},{'D7'},{'D2'},{'D3'},{'R1'},{'D5'},{'D6'},&,1.0,&
{'R3'},{'D4'},{'R2'},{'D1'},{'D7'},{'D2'},{'R1'},,,,&,1.0,&
{'R3'},{'D4'},{'R2'},{'D1'},{'D7'},{'D2'},{'D6'},{'D3'},{'D5'},,&,1.0,&
{'R3'},{'D4'},{'R2'},{'D1'},{'D7'},{'D2'},{'D6'},{'R1'},{'D5'},,&,1.0,&
{'R3'},{'D4'},{'R2'},{'D1'},{'R1'},{'D2'},,,,,&,3.0,&
{'R3'},{'D4'},{'R2'},{'D1'},{'R1'},{'D2'},{'D3'},,,,&,1.0,&
{'R3'},{'D4'},{'R2'},{'D1'},{'R1'},{'D2'},{'D7'},{'D3'},,,&,1.0,&
{'R3'},{'D4'},{'R2'},{'D1'},{'R1'},{'D7'},{'D3'},{'D2'},,,&,1.0,&
{'R3'},{'D4'},{'R2'},{'D1'},{'R1'},{'D7'},{'D6'},{'D2'},,,&,1.0,&
{'R3'},{'D4'},{'R2'},{'D1'},{'D2'},,,,,,&,3.0,&
{'R3'},{'D4'},{'R2'},{'D1'},{'D2'},{'R1'},{'D7'},{'D3'},,,&,2.0,&
{'R3'},{'D4'},{'R2'},{'D1'},{'D2'},{'D7'},,,,,&,1.0,&
{'R3'},{'D4'},{'R2'},{'D1'},{'D2'},{'D7'},{'D3'},,,,&,1.0,&
{'R3'},{'D4'},{'R2'},{'D1'},{'D2'},{'D7'},{'D6'},{'D5'},{'R1'},,&,1.0,&
{'R3'},{'D4'},{'R2'},{'D1'},{'D6'},{'D2'},{'R1'},{'D7'},{'D3'},{'D5'},&,1.0,&
{'R3'},{'D4'},{'R2'},{'D1'},{'D3'},{'R1'},{'D5'},,,,&,1.0,&
{'R3'},{'D4'},{'R2'},{'R1'},,,,,,,&,19.0,&
{'R3'},{'D4'},{'R2'},{'R1'},{'D7'},,,,,,&,3.0,&
{'R3'},{'D4'},{'R2'},{'R1'},{'D7'},{'D3'},,,,,&,1.0,&
{'R3'},{'D4'},{'R2'},{'R1'},{'D7'},{'D3'},{'D1'},{'D2'},{'D6'},{'D5'},&,1.0,&
{'R3'},{'D4'},{'R2'},{'R1'},{'D7'},{'D2'},,,,,&,4.0,&
{'R3'},{'D4'},{'R2'},{'R1'},{'D7'},{'D2'},{'D1'},,,,&,1.0,&
{'R3'},{'D4'},{'R2'},{'R1'},{'D7'},{'D2'},{'D1'},{'D6'},{'D3'},{'D5'},&,1.0,&
{'R3'},{'D4'},{'R2'},{'R1'},{'D7'},{'D2'},{'D1'},{'D3'},,,&,1.0,&
{'R3'},{'D4'},{'R2'},{'R1'},{'D7'},{'D2'},{'D6'},,,,&,1.0,&
{'R3'},{'D4'},{'R2'},{'R1'},{'D7'},{'D1'},,,,,&,2.0,&
{'R3'},{'D4'},{'R2'},{'R1'},{'D7'},{'D1'},{'D2'},,,,&,1.0,&
{'R3'},{'D4'},{'R2'},{'R1'},{'D7'},{'D1'},{'D2'},{'D6'},{'D3'},{'D5'},&,1.0,&
{'R3'},{'D4'},{'R2'},{'R1'},{'D7'},{'D1'},{'D2'},{'D3'},,,&,1.0,&
{'R3'},{'D4'},{'R2'},{'R1'},{'D7'},{'D1'},{'D2'},{'D3'},{'D6'},,&,1.0,&
{'R3'},{'D4'},{'R2'},{'R1'},{'D7'},{'D6'},{'D1'},,,,&,1.0,&
{'R3'},{'D4'},{'R2'},{'R1'},{'D1'},,,,,,&,2.0,&
{'R3'},{'D4'},{'R2'},{'R1'},{'D1'},{'D3'},,,,,&,1.0,&
{'R3'},{'D4'},{'R2'},{'R1'},{'D1'},{'D2'},,,,,&,1.0,&
{'R3'},{'D4'},{'R2'},{'R1'},{'D1'},{'D2'},{'D3'},{'D7'},,,&,1.0,&
{'R3'},{'D4'},{'R2'},{'R1'},{'D1'},{'D2'},{'D7'},,,,&,1.0,&
{'R3'},{'D4'},{'R2'},{'R1'},{'D1'},{'D2'},{'D7'},{'D6'},,,&,1.0,&
{'R3'},{'D4'},{'R2'},{'R1'},{'D1'},{'D2'},{'D7'},{'D6'},{'D3'},{'D5'},&,2.0,&
{'R3'},{'D4'},{'R2'},{'R1'},{'D1'},{'D2'},{'D7'},{'D3'},,,&,1.0,&
{'R3'},{'D4'},{'R2'},{'R1'},{'D1'},{'D2'},{'D7'},{'D3'},{'D5'},{'D6'},&,1.0,&
{'R3'},{'D4'},{'R2'},{'R1'},{'D1'},{'D7'},,,,,&,2.0,&
{'R3'},{'D4'},{'R2'},{'R1'},{'D1'},{'D7'},{'D2'},{'D3'},,,&,1.0,&
{'R3'},{'D4'},{'R2'},{'R1'},{'D2'},,,,,,&,5.0,&
{'R3'},{'D4'},{'R2'},{'R1'},{'D2'},{'D3'},{'D7'},,,,&,1.0,&
{'R3'},{'D4'},{'R2'},{'R1'},{'D2'},{'D3'},{'D1'},,,,&,1.0,&
{'R3'},{'D4'},{'R2'},{'R1'},{'D2'},{'D3'},{'D1'},{'D7'},,,&,1.0,&
{'R3'},{'D4'},{'R2'},{'R1'},{'D2'},{'D1'},{'D7'},,,,&,1.0,&
{'R3'},{'D4'},{'R2'},{'R1'},{'D2'},{'D1'},{'D7'},{'D5'},,,&,1.0,&
{'R3'},{'D4'},{'R2'},{'R1'},{'D2'},{'D1'},{'D7'},{'D5'},{'D6'},{'D3'},&,3.0,&
{'R3'},{'D4'},{'R2'},{'R1'},{'D2'},{'D1'},{'D7'},{'D6'},,,&,1.0,&
{'R3'},{'D4'},{'R2'},{'R1'},{'D2'},{'D1'},{'D7'},{'D3'},,,&,1.0,&
{'R3'},{'D4'},{'R2'},{'R1'},{'D2'},{'D7'},,,,,&,2.0,&
{'R3'},{'D4'},{'R2'},{'R1'},{'D2'},{'D7'},{'D1'},{'D5'},{'D3'},{'D6'},&,1.0,&
{'R3'},{'D4'},{'R2'},{'R1'},{'D2'},{'D7'},{'D1'},{'D6'},,,&,1.0,&
{'R3'},{'D4'},{'R2'},{'R1'},{'D2'},{'D7'},{'D1'},{'D3'},{'D6'},{'D5'},&,1.0,&
{'R3'},{'D4'},{'R2'},{'R1'},{'D6'},{'D2'},{'D1'},,,,&,1.0,&
{'R3'},{'D4'},{'R2'},{'R1'},{'D6'},{'D2'},{'D1'},{'D7'},,,&,1.0,&
{'R3'},{'D4'},{'R2'},{'R1'},{'D3'},{'D2'},,,,,&,1.0,&
{'R3'},{'D4'},{'R2'},{'R1'},{'D3'},{'D2'},{'D7'},{'D1'},,,&,1.0,&
{'R3'},{'D4'},{'R2'},{'R1'},{'D3'},{'D1'},{'D7'},,,,&,1.0,&
{'R3'},{'D4'},{'R2'},{'R1'},{'D3'},{'D1'},{'D6'},{'D7'},,,&,1.0,&
{'R3'},{'D4'},{'R2'},{'D7'},,,,,,,&,4.0,&
{'R3'},{'D4'},{'R2'},{'D7'},{'R1'},,,,,,&,3.0,&
{'R3'},{'D4'},{'R2'},{'D7'},{'R1'},{'D2'},,,,,&,1.0,&
{'R3'},{'D4'},{'R2'},{'D7'},{'R1'},{'D2'},{'D1'},,,,&,1.0,&
{'R3'},{'D4'},{'R2'},{'D7'},{'R1'},{'D2'},{'D1'},{'D6'},,,&,1.0,&
{'R3'},{'D4'},{'R2'},{'D7'},{'R1'},{'D2'},{'D1'},{'D6'},{'D5'},,&,1.0,&
{'R3'},{'D4'},{'R2'},{'D7'},{'R1'},{'D2'},{'D1'},{'D3'},{'D5'},,&,1.0,&
{'R3'},{'D4'},{'R2'},{'D7'},{'R1'},{'D1'},{'D2'},,,,&,1.0,&
{'R3'},{'D4'},{'R2'},{'D7'},{'R1'},{'D1'},{'D2'},{'D5'},{'D3'},{'D6'},&,1.0,&
{'R3'},{'D4'},{'R2'},{'D7'},{'R1'},{'D1'},{'D2'},{'D6'},,,&,2.0,&
{'R3'},{'D4'},{'R2'},{'D7'},{'R1'},{'D1'},{'D2'},{'D6'},{'D3'},{'D5'},&,1.0,&
{'R3'},{'D4'},{'R2'},{'D7'},{'R1'},{'D1'},{'D2'},{'D3'},,,&,1.0,&
{'R3'},{'D4'},{'R2'},{'D7'},{'D1'},,,,,,&,2.0,&
{'R3'},{'D4'},{'R2'},{'D7'},{'D1'},{'R1'},,,,,&,1.0,&
{'R3'},{'D4'},{'R2'},{'D7'},{'D1'},{'R1'},{'D2'},,,,&,2.0,&
{'R3'},{'D4'},{'R2'},{'D7'},{'D1'},{'R1'},{'D2'},{'D6'},{'D3'},{'D5'},&,1.0,&
{'R3'},{'D4'},{'R2'},{'D7'},{'D1'},{'R1'},{'D2'},{'D3'},{'D6'},{'D5'},&,1.0,&
{'R3'},{'D4'},{'R2'},{'D7'},{'D1'},{'R1'},{'D5'},{'D2'},{'D6'},{'D3'},&,1.0,&
{'R3'},{'D4'},{'R2'},{'D7'},{'D1'},{'R1'},{'D6'},{'D2'},{'D3'},,&,1.0,&
{'R3'},{'D4'},{'R2'},{'D7'},{'D1'},{'D2'},,,,,&,1.0,&
{'R3'},{'D4'},{'R2'},{'D7'},{'D1'},{'D2'},{'R1'},{'D6'},{'D3'},{'D5'},&,1.0,&
{'R3'},{'D4'},{'R2'},{'D7'},{'D1'},{'D2'},{'D6'},,,,&,1.0,&
{'R3'},{'D4'},{'R2'},{'D7'},{'D1'},{'D2'},{'D6'},{'R1'},{'D5'},,&,1.0,&
{'R3'},{'D4'},{'R2'},{'D7'},{'D2'},,,,,,&,2.0,&
{'R3'},{'D4'},{'R2'},{'D7'},{'D2'},{'R1'},,,,,&,1.0,&
{'R3'},{'D4'},{'R2'},{'D7'},{'D2'},{'D1'},{'R1'},,,,&,1.0,&
{'R3'},{'D4'},{'R2'},{'D7'},{'D2'},{'D1'},{'D5'},{'D6'},,,&,1.0,&
{'R3'},{'D4'},{'R2'},{'D7'},{'D2'},{'D1'},{'D6'},,,,&,1.0,&
{'R3'},{'D4'},{'R2'},{'D7'},{'D2'},{'D1'},{'D6'},{'D5'},{'R1'},,&,1.0,&
{'R3'},{'D4'},{'R2'},{'D7'},{'D2'},{'D1'},{'D6'},{'R1'},{'D3'},,&,1.0,&
{'R3'},{'D4'},{'R2'},{'D7'},{'D2'},{'D6'},,,,,&,1.0,&
{'R3'},{'D4'},{'R2'},{'D3'},,,,,,,&,1.0,&
{'R3'},{'D4'},{'R2'},{'D3'},{'D7'},{'D2'},{'D1'},{'D5'},{'D6'},,&,1.0,&
{'R3'},{'D4'},{'R2'},{'D3'},{'R1'},,,,,,&,1.0,&
{'R3'},{'D4'},{'R2'},{'D3'},{'R1'},{'D2'},,,,,&,1.0,&
{'R3'},{'D4'},{'R2'},{'D3'},{'R1'},{'D2'},{'D1'},,,,&,1.0,&
{'R3'},{'D4'},{'R2'},{'D3'},{'D1'},{'R1'},{'D2'},{'D7'},{'D5'},{'D6'},&,1.0,&
{'R3'},{'D4'},{'R2'},{'D3'},{'D1'},{'D2'},,,,,&,1.0,&
{'R3'},{'D4'},{'R2'},{'D6'},{'R1'},{'D2'},{'D7'},{'D1'},{'D3'},{'D5'},&,1.0,&
{'R3'},{'D4'},{'R2'},{'D6'},{'R1'},{'D7'},,,,,&,1.0,&
{'R3'},{'D4'},{'R2'},{'D6'},{'R1'},{'D7'},{'D1'},{'D2'},{'D3'},,&,1.0,&
{'R3'},{'D4'},{'R2'},{'D6'},{'D1'},{'D2'},{'D7'},{'R1'},{'D3'},{'D5'},&,1.0,&
{'R3'},{'D4'},{'R2'},{'D6'},{'D2'},,,,,,&,2.0,&
{'R3'},{'D4'},{'D1'},,,,,,,,&,20.0,&
{'R3'},{'D4'},{'D1'},{'D2'},,,,,,,&,6.0,&
{'R3'},{'D4'},{'D1'},{'D2'},{'D7'},,,,,,&,1.0,&
{'R3'},{'D4'},{'D1'},{'D2'},{'D7'},{'R1'},{'R2'},,,,&,1.0,&
{'R3'},{'D4'},{'D1'},{'D2'},{'D7'},{'D3'},{'R1'},,,,&,1.0,&
{'R3'},{'D4'},{'D1'},{'D2'},{'D7'},{'D3'},{'R2'},{'R1'},,,&,1.0,&
{'R3'},{'D4'},{'D1'},{'D2'},{'D7'},{'D3'},{'D6'},{'R2'},{'D5'},,&,1.0,&
{'R3'},{'D4'},{'D1'},{'D2'},{'D7'},{'R2'},,,,,&,1.0,&
{'R3'},{'D4'},{'D1'},{'D2'},{'D7'},{'R2'},{'D3'},{'R1'},,,&,1.0,&
{'R3'},{'D4'},{'D1'},{'D2'},{'D7'},{'R2'},{'R1'},{'D6'},{'D5'},{'D3'},&,1.0,&
{'R3'},{'D4'},{'D1'},{'D2'},{'D7'},{'R2'},{'R1'},{'D3'},{'D6'},{'D5'},&,1.0,&
{'R3'},{'D4'},{'D1'},{'D2'},{'D7'},{'D6'},{'R2'},{'R1'},{'D3'},{'D5'},&,1.0,&
{'R3'},{'D4'},{'D1'},{'D2'},{'R1'},{'R2'},{'D7'},,,,&,1.0,&
{'R3'},{'D4'},{'D1'},{'D2'},{'R1'},{'R2'},{'D7'},{'D6'},{'D3'},,&,1.0,&
{'R3'},{'D4'},{'D1'},{'D2'},{'R2'},,,,,,&,1.0,&
{'R3'},{'D4'},{'D1'},{'D2'},{'R2'},{'R1'},,,,,&,2.0,&
{'R3'},{'D4'},{'D1'},{'D2'},{'R2'},{'D3'},{'D6'},,,,&,1.0,&
{'R3'},{'D4'},{'D1'},{'D2'},{'R2'},{'D7'},,,,,&,2.0,&
{'R3'},{'D4'},{'D1'},{'D2'},{'R2'},{'D7'},{'R1'},,,,&,1.0,&
{'R3'},{'D4'},{'D1'},{'D2'},{'D6'},{'R2'},{'D7'},{'R1'},,,&,1.0,&
{'R3'},{'D4'},{'D1'},{'D2'},{'D3'},,,,,,&,1.0,&
{'R3'},{'D4'},{'D1'},{'D2'},{'D3'},{'D7'},{'D5'},{'R2'},{'D6'},,&,1.0,&
{'R3'},{'D4'},{'D1'},{'D2'},{'D3'},{'R2'},{'R1'},{'D7'},{'D6'},{'D5'},&,1.0,&
{'R3'},{'D4'},{'D1'},{'D2'},{'D3'},{'D6'},,,,,&,1.0,&
{'R3'},{'D4'},{'D1'},{'R1'},{'D7'},,,,,,&,1.0,&
{'R3'},{'D4'},{'D1'},{'R1'},{'D7'},{'D2'},,,,,&,1.0,&
{'R3'},{'D4'},{'D1'},{'R1'},{'R2'},{'D7'},,,,,&,1.0,&
{'R3'},{'D4'},{'D1'},{'R1'},{'R2'},{'D7'},{'D2'},,,,&,1.0,&
{'R3'},{'D4'},{'D1'},{'R1'},{'D2'},{'D7'},,,,,&,1.0,&
{'R3'},{'D4'},{'D1'},{'R1'},{'D2'},{'R2'},{'D7'},{'D3'},,,&,1.0,&
{'R3'},{'D4'},{'D1'},{'R1'},{'D2'},{'R2'},{'D7'},{'D3'},{'D6'},,&,1.0,&
{'R3'},{'D4'},{'D1'},{'R1'},{'D3'},,,,,,&,1.0,&
{'R3'},{'D4'},{'D1'},{'R2'},,,,,,,&,2.0,&
{'R3'},{'D4'},{'D1'},{'R2'},{'D7'},,,,,,&,3.0,&
{'R3'},{'D4'},{'D1'},{'R2'},{'D7'},{'R1'},{'D2'},,,,&,2.0,&
{'R3'},{'D4'},{'D1'},{'R2'},{'D7'},{'R1'},{'D2'},{'D6'},{'D3'},,&,1.0,&
{'R3'},{'D4'},{'D1'},{'R2'},{'D7'},{'R1'},{'D2'},{'D6'},{'D3'},{'D5'},&,1.0,&
{'R3'},{'D4'},{'D1'},{'R2'},{'D7'},{'D3'},{'D2'},{'D6'},{'D5'},,&,1.0,&
{'R3'},{'D4'},{'D1'},{'R2'},{'D7'},{'D2'},,,,,&,4.0,&
{'R3'},{'D4'},{'D1'},{'R2'},{'D7'},{'D2'},{'R1'},{'D3'},{'D6'},{'D5'},&,1.0,&
{'R3'},{'D4'},{'D1'},{'R2'},{'R1'},,,,,,&,4.0,&
{'R3'},{'D4'},{'D1'},{'R2'},{'R1'},{'D3'},{'D7'},{'D2'},{'D5'},{'D6'},&,1.0,&
{'R3'},{'D4'},{'D1'},{'R2'},{'R1'},{'D2'},,,,,&,2.0,&
{'R3'},{'D4'},{'D1'},{'R2'},{'R1'},{'D2'},{'D7'},,,,&,2.0,&
{'R3'},{'D4'},{'D1'},{'R2'},{'R1'},{'D2'},{'D7'},{'D3'},{'D6'},{'D5'},&,2.0,&
{'R3'},{'D4'},{'D1'},{'R2'},{'R1'},{'D7'},{'D3'},{'D5'},{'D2'},,&,1.0,&
{'R3'},{'D4'},{'D1'},{'R2'},{'R1'},{'D7'},{'D2'},{'D3'},{'D6'},,&,1.0,&
{'R3'},{'D4'},{'D1'},{'R2'},{'D2'},,,,,,&,3.0,&
{'R3'},{'D4'},{'D1'},{'R2'},{'D2'},{'R1'},{'D7'},,,,&,3.0,&
{'R3'},{'D4'},{'D1'},{'R2'},{'D2'},{'R1'},{'D5'},,,,&,1.0,&
{'R3'},{'D4'},{'D1'},{'R2'},{'D2'},{'D3'},{'D7'},{'R1'},{'D6'},,&,1.0,&
{'R3'},{'D4'},{'D1'},{'R2'},{'D2'},{'D7'},,,,,&,1.0,&
{'R3'},{'D4'},{'D1'},{'R2'},{'D2'},{'D7'},{'D3'},,,,&,1.0,&
{'R3'},{'D4'},{'D1'},{'R2'},{'D2'},{'D7'},{'R1'},,,,&,1.0,&
{'R3'},{'D4'},{'D1'},{'R2'},{'D2'},{'D7'},{'R1'},{'D5'},{'D6'},{'D3'},&,1.0,&
{'R3'},{'D4'},{'D1'},{'R2'},{'D6'},{'D2'},,,,,&,1.0,&
{'R3'},{'D4'},{'D1'},{'R2'},{'D5'},{'D2'},{'D7'},{'D6'},{'R1'},{'D3'},&,1.0,&
{'R3'},{'D4'},{'D1'},{'D7'},,,,,,,&,6.0,&
{'R3'},{'D4'},{'D1'},{'D7'},{'R1'},{'R2'},{'D3'},,,,&,1.0,&
{'R3'},{'D4'},{'D1'},{'D7'},{'R1'},{'R2'},{'D2'},{'D3'},,,&,1.0,&
{'R3'},{'D4'},{'D1'},{'D7'},{'R2'},,,,,,&,2.0,&
{'R3'},{'D4'},{'D1'},{'D7'},{'R2'},{'R1'},{'D6'},{'D2'},{'D5'},,&,1.0,&
{'R3'},{'D4'},{'D1'},{'D7'},{'R2'},{'D3'},{'D2'},{'D6'},,,&,1.0,&
{'R3'},{'D4'},{'D1'},{'D7'},{'R2'},{'D2'},{'R1'},{'D6'},{'D3'},,&,1.0,&
{'R3'},{'D4'},{'D1'},{'D7'},{'R2'},{'D2'},{'R1'},{'D3'},,,&,1.0,&
{'R3'},{'D4'},{'D1'},{'D7'},{'R2'},{'D6'},{'R1'},{'D2'},{'D3'},,&,1.0,&
{'R3'},{'D4'},{'D1'},{'D7'},{'D2'},,,,,,&,2.0,&
{'R3'},{'D4'},{'D1'},{'D7'},{'D2'},{'R1'},{'D6'},{'R2'},,,&,1.0,&
{'R3'},{'D4'},{'D1'},{'D7'},{'D2'},{'D3'},{'D5'},{'R2'},{'D6'},{'R1'},&,1.0,&
{'R3'},{'D4'},{'D1'},{'D7'},{'D2'},{'D3'},{'D6'},,,,&,2.0,&
{'R3'},{'D4'},{'D1'},{'D7'},{'D2'},{'D3'},{'D6'},{'R2'},{'R1'},{'D5'},&,1.0,&
{'R3'},{'D4'},{'D1'},{'D7'},{'D2'},{'R2'},{'R1'},,,,&,1.0,&
{'R3'},{'D4'},{'D1'},{'D7'},{'D2'},{'R2'},{'R1'},{'D5'},{'D6'},{'D3'},&,1.0,&
{'R3'},{'D4'},{'D1'},{'D7'},{'D2'},{'R2'},{'R1'},{'D3'},,,&,1.0,&
{'R3'},{'D4'},{'D1'},{'D7'},{'D2'},{'D6'},{'D5'},{'D3'},,,&,1.0,&
{'R3'},{'D4'},{'D1'},{'D7'},{'D6'},{'R2'},{'D2'},{'R1'},,,&,1.0,&
{'R3'},{'D4'},{'D1'},{'D7'},{'D5'},{'R2'},{'R1'},,,,&,1.0,&
{'R3'},{'D4'},{'D1'},{'D3'},{'R2'},{'D2'},{'R1'},,,,&,1.0,&
{'R3'},{'D4'},{'D1'},{'D3'},{'D2'},{'D6'},{'R2'},,,,&,1.0,&
{'R3'},{'D4'},{'D1'},{'D6'},{'R1'},{'R2'},{'D2'},{'D7'},{'D3'},{'D5'},&,1.0,&
{'R3'},{'D4'},{'D1'},{'D6'},{'R2'},{'D7'},{'D2'},{'R1'},{'D3'},{'D5'},&,1.0,&
{'R3'},{'D4'},{'D1'},{'D5'},,,,,,,&,1.0,&
{'R3'},{'D4'},{'D1'},{'D5'},{'D7'},{'D2'},{'D3'},,,,&,1.0,&
{'R3'},{'D4'},,,,,,,,,&,65.0,&
{'R3'},{'D4'},{'D7'},,,,,,,,&,29.0,&
{'R3'},{'D4'},{'D7'},{'D2'},,,,,,,&,6.0,&
{'R3'},{'D4'},{'D7'},{'D2'},{'D1'},,,,,,&,3.0,&
{'R3'},{'D4'},{'D7'},{'D2'},{'D1'},{'R1'},,,,,&,1.0,&
{'R3'},{'D4'},{'D7'},{'D2'},{'D1'},{'R2'},,,,,&,2.0,&
{'R3'},{'D4'},{'D7'},{'D2'},{'D1'},{'R2'},{'D3'},,,,&,1.0,&
{'R3'},{'D4'},{'D7'},{'D2'},{'D1'},{'R2'},{'D3'},{'D6'},,,&,1.0,&
{'R3'},{'D4'},{'D7'},{'D2'},{'D1'},{'R2'},{'D3'},{'R1'},{'D6'},,&,1.0,&
{'R3'},{'D4'},{'D7'},{'D2'},{'D1'},{'R2'},{'R1'},,,,&,1.0,&
{'R3'},{'D4'},{'D7'},{'D2'},{'D1'},{'R2'},{'R1'},{'D6'},{'D3'},{'D5'},&,1.0,&
{'R3'},{'D4'},{'D7'},{'D2'},{'D1'},{'R2'},{'R1'},{'D3'},{'D5'},{'D6'},&,1.0,&
{'R3'},{'D4'},{'D7'},{'D2'},{'D1'},{'R2'},{'D6'},{'D3'},{'D5'},,&,1.0,&
{'R3'},{'D4'},{'D7'},{'D2'},{'D1'},{'R2'},{'D6'},{'D3'},{'D5'},{'R1'},&,1.0,&
{'R3'},{'D4'},{'D7'},{'D2'},{'D1'},{'D6'},,,,,&,1.0,&
{'R3'},{'D4'},{'D7'},{'D2'},{'D1'},{'D6'},{'D3'},{'D5'},{'R2'},,&,1.0,&
{'R3'},{'D4'},{'D7'},{'D2'},{'D1'},{'D6'},{'D3'},{'R2'},{'R1'},,&,1.0,&
{'R3'},{'D4'},{'D7'},{'D2'},{'D1'},{'D6'},{'R2'},{'D3'},{'D5'},,&,1.0,&
{'R3'},{'D4'},{'D7'},{'D2'},{'R2'},,,,,,&,1.0,&
{'R3'},{'D4'},{'D7'},{'D2'},{'R2'},{'R1'},{'D1'},{'D6'},{'D3'},{'D5'},&,1.0,&
{'R3'},{'D4'},{'D7'},{'D2'},{'R2'},{'R1'},{'D1'},{'D3'},,,&,1.0,&
{'R3'},{'D4'},{'D7'},{'D2'},{'R2'},{'R1'},{'D6'},{'D1'},{'D3'},{'D5'},&,1.0,&
{'R3'},{'D4'},{'D7'},{'D2'},{'R2'},{'D1'},,,,,&,3.0,&
{'R3'},{'D4'},{'D7'},{'D2'},{'R2'},{'D1'},{'R1'},,,,&,1.0,&
{'R3'},{'D4'},{'D7'},{'D2'},{'R2'},{'D1'},{'R1'},{'D3'},,,&,1.0,&
{'R3'},{'D4'},{'D7'},{'D2'},{'R2'},{'D1'},{'D5'},,,,&,1.0,&
{'R3'},{'D4'},{'D7'},{'D2'},{'D6'},,,,,,&,1.0,&
{'R3'},{'D4'},{'D7'},{'D2'},{'D6'},{'D1'},{'R1'},{'R2'},{'D3'},,&,1.0,&
{'R3'},{'D4'},{'D7'},{'D2'},{'D3'},,,,,,&,1.0,&
{'R3'},{'D4'},{'D7'},{'D2'},{'D3'},{'D1'},{'R2'},{'R1'},,,&,1.0,&
{'R3'},{'D4'},{'D7'},{'D2'},{'D3'},{'D5'},,,,,&,1.0,&
{'R3'},{'D4'},{'D7'},{'D2'},{'D3'},{'R2'},{'D1'},{'D6'},{'R1'},,&,1.0,&
{'R3'},{'D4'},{'D7'},{'D1'},,,,,,,&,1.0,&
{'R3'},{'D4'},{'D7'},{'D1'},{'R1'},{'R2'},{'D3'},{'D2'},,,&,1.0,&
{'R3'},{'D4'},{'D7'},{'D1'},{'R2'},,,,,,&,1.0,&
{'R3'},{'D4'},{'D7'},{'D1'},{'R2'},{'R1'},,,,,&,2.0,&
{'R3'},{'D4'},{'D7'},{'D1'},{'R2'},{'R1'},{'D2'},{'D3'},,,&,1.0,&
{'R3'},{'D4'},{'D7'},{'D1'},{'R2'},{'D2'},{'D6'},{'R1'},{'D3'},,&,1.0,&
{'R3'},{'D4'},{'D7'},{'D1'},{'R2'},{'D6'},{'R1'},{'D2'},,,&,1.0,&
{'R3'},{'D4'},{'D7'},{'D1'},{'D2'},,,,,,&,2.0,&
{'R3'},{'D4'},{'D7'},{'D1'},{'D2'},{'D3'},{'R2'},,,,&,1.0,&
{'R3'},{'D4'},{'D7'},{'D1'},{'D2'},{'R2'},,,,,&,1.0,&
{'R3'},{'D4'},{'D7'},{'D1'},{'D2'},{'R2'},{'R1'},{'D3'},,,&,2.0,&
{'R3'},{'D4'},{'D7'},{'D1'},{'D2'},{'R2'},{'D6'},{'D3'},{'D5'},{'R1'},&,1.0,&
{'R3'},{'D4'},{'D7'},{'D1'},{'D2'},{'D6'},{'D3'},{'R2'},,,&,1.0,&
{'R3'},{'D4'},{'D7'},{'D1'},{'D6'},{'D2'},{'D3'},{'R2'},{'D5'},,&,1.0,&
{'R3'},{'D4'},{'D7'},{'D1'},{'D3'},{'R2'},{'D2'},{'D6'},,,&,1.0,&
{'R3'},{'D4'},{'D7'},{'D1'},{'D5'},{'D2'},{'D3'},,,,&,1.0,&
{'R3'},{'D4'},{'D7'},{'D1'},{'D5'},{'R2'},{'R1'},{'D2'},{'D3'},{'D6'},&,1.0,&
{'R3'},{'D4'},{'D7'},{'R1'},,,,,,,&,3.0,&
{'R3'},{'D4'},{'D7'},{'R1'},{'D1'},{'D2'},{'D6'},{'R2'},{'D3'},{'D5'},&,1.0,&
{'R3'},{'D4'},{'D7'},{'R1'},{'D2'},{'D1'},{'R2'},,,,&,1.0,&
{'R3'},{'D4'},{'D7'},{'R1'},{'D2'},{'D1'},{'D6'},{'D3'},{'R2'},{'D5'},&,1.0,&
{'R3'},{'D4'},{'D7'},{'R1'},{'D2'},{'D5'},{'D6'},{'D1'},,,&,1.0,&
{'R3'},{'D4'},{'D7'},{'R1'},{'D2'},{'R2'},,,,,&,1.0,&
{'R3'},{'D4'},{'D7'},{'R1'},{'D2'},{'R2'},{'D3'},{'D1'},{'D6'},{'D5'},&,1.0,&
{'R3'},{'D4'},{'D7'},{'R1'},{'D2'},{'D6'},{'R2'},{'D1'},,,&,1.0,&
{'R3'},{'D4'},{'D7'},{'R2'},,,,,,,&,8.0,&
{'R3'},{'D4'},{'D7'},{'R2'},{'R1'},,,,,,&,1.0,&
{'R3'},{'D4'},{'D7'},{'R2'},{'R1'},{'D2'},,,,,&,2.0,&
{'R3'},{'D4'},{'D7'},{'R2'},{'R1'},{'D2'},{'D3'},,,,&,1.0,&
{'R3'},{'D4'},{'D7'},{'R2'},{'R1'},{'D2'},{'D1'},{'D3'},,,&,3.0,&
{'R3'},{'D4'},{'D7'},{'R2'},{'R1'},{'D2'},{'D1'},{'D3'},{'D6'},{'D5'},&,1.0,&
{'R3'},{'D4'},{'D7'},{'R2'},{'R1'},{'D1'},,,,,&,2.0,&
{'R3'},{'D4'},{'D7'},{'R2'},{'R1'},{'D1'},{'D2'},,,,&,1.0,&
{'R3'},{'D4'},{'D7'},{'R2'},{'R1'},{'D1'},{'D2'},{'D3'},,,&,1.0,&
{'R3'},{'D4'},{'D7'},{'R2'},{'D1'},,,,,,&,5.0,&
{'R3'},{'D4'},{'D7'},{'R2'},{'D1'},{'R1'},,,,,&,1.0,&
{'R3'},{'D4'},{'D7'},{'R2'},{'D1'},{'R1'},{'D2'},,,,&,1.0,&
{'R3'},{'D4'},{'D7'},{'R2'},{'D1'},{'R1'},{'D2'},{'D6'},,,&,1.0,&
{'R3'},{'D4'},{'D7'},{'R2'},{'D1'},{'R1'},{'D2'},{'D3'},{'D6'},,&,1.0,&
{'R3'},{'D4'},{'D7'},{'R2'},{'D1'},{'D2'},,,,,&,1.0,&
{'R3'},{'D4'},{'D7'},{'R2'},{'D1'},{'D6'},,,,,&,1.0,&
{'R3'},{'D4'},{'D7'},{'R2'},{'D2'},,,,,,&,1.0,&
{'R3'},{'D4'},{'D7'},{'R2'},{'D2'},{'R1'},,,,,&,2.0,&
{'R3'},{'D4'},{'D7'},{'R2'},{'D2'},{'R1'},{'D1'},{'D3'},,,&,1.0,&
{'R3'},{'D4'},{'D7'},{'R2'},{'D2'},{'D3'},{'D5'},,,,&,1.0,&
{'R3'},{'D4'},{'D7'},{'R2'},{'D2'},{'D1'},{'D3'},{'R1'},,,&,1.0,&
{'R3'},{'D4'},{'D7'},{'R2'},{'D2'},{'D1'},{'R1'},,,,&,1.0,&
{'R3'},{'D4'},{'D7'},{'R2'},{'D2'},{'D1'},{'R1'},{'D3'},,,&,1.0,&
{'R3'},{'D4'},{'D7'},{'R2'},{'D2'},{'D1'},{'D5'},,,,&,1.0,&
{'R3'},{'D4'},{'D7'},{'R2'},{'D2'},{'D1'},{'D6'},{'R1'},{'D3'},,&,1.0,&
{'R3'},{'D4'},{'D7'},{'R2'},{'D6'},{'D2'},,,,,&,1.0,&
{'R3'},{'D4'},{'D7'},{'R2'},{'D3'},{'D6'},,,,,&,1.0,&
{'R3'},{'D4'},{'D7'},{'D3'},,,,,,,&,2.0,&
{'R3'},{'D4'},{'D7'},{'D3'},{'R2'},{'R1'},{'D1'},{'D2'},,,&,1.0,&
{'R3'},{'D4'},{'D7'},{'D3'},{'R2'},{'D1'},{'D2'},{'D6'},{'R1'},,&,1.0,&
{'R3'},{'D4'},{'D7'},{'D3'},{'R2'},{'D6'},{'D2'},{'D1'},{'R1'},,&,1.0,&
{'R3'},{'D4'},{'D7'},{'D3'},{'D2'},{'R2'},{'D5'},{'R1'},{'D1'},{'D6'},&,1.0,&
{'R3'},{'D4'},{'D7'},{'D3'},{'D6'},{'R2'},{'D2'},{'D1'},{'D5'},{'R1'},&,1.0,&
{'R3'},{'D4'},{'D7'},{'D6'},{'R1'},{'D1'},{'R2'},{'D2'},,,&,1.0,&
{'R3'},{'D4'},{'D7'},{'D6'},{'D1'},{'R2'},{'R1'},,,,&,1.0,&
{'R3'},{'D4'},{'D7'},{'D6'},{'D2'},{'D1'},{'D3'},{'R2'},,,&,1.0,&
{'R3'},{'D4'},{'D7'},{'D6'},{'D2'},{'R2'},,,,,&,1.0,&
{'R3'},{'D4'},{'D7'},{'D6'},{'D3'},{'R2'},{'D2'},{'R1'},{'D1'},{'D5'},&,1.0,&
{'R3'},{'D4'},{'R1'},,,,,,,,&,9.0,&
{'R3'},{'D4'},{'R1'},{'D2'},,,,,,,&,3.0,&
{'R3'},{'D4'},{'R1'},{'D2'},{'D7'},{'D1'},,,,,&,1.0,&
{'R3'},{'D4'},{'R1'},{'D2'},{'D7'},{'D1'},{'D3'},{'D6'},{'D5'},{'R2'},&,1.0,&
{'R3'},{'D4'},{'R1'},{'D2'},{'D1'},,,,,,&,1.0,&
{'R3'},{'D4'},{'R1'},{'D2'},{'D1'},{'D3'},{'R2'},{'D7'},{'D6'},{'D5'},&,1.0,&
{'R3'},{'D4'},{'R1'},{'D2'},{'R2'},,,,,,&,1.0,&
{'R3'},{'D4'},{'R1'},{'D2'},{'R2'},{'D3'},{'D6'},{'D1'},,,&,1.0,&
{'R3'},{'D4'},{'R1'},{'D2'},{'R2'},{'D7'},,,,,&,1.0,&
{'R3'},{'D4'},{'R1'},{'D2'},{'R2'},{'D7'},{'D1'},,,,&,1.0,&
{'R3'},{'D4'},{'R1'},{'D2'},{'D6'},,,,,,&,1.0,&
{'R3'},{'D4'},{'R1'},{'D1'},,,,,,,&,1.0,&
{'R3'},{'D4'},{'R1'},{'D1'},{'D7'},{'R2'},{'D2'},,,,&,1.0,&
{'R3'},{'D4'},{'R1'},{'D1'},{'R2'},{'D7'},{'D2'},{'D3'},,,&,1.0,&
{'R3'},{'D4'},{'R1'},{'D1'},{'D2'},{'D6'},,,,,&,1.0,&
{'R3'},{'D4'},{'R1'},{'R2'},,,,,,,&,6.0,&
{'R3'},{'D4'},{'R1'},{'R2'},{'D7'},,,,,,&,1.0,&
{'R3'},{'D4'},{'R1'},{'R2'},{'D1'},{'D7'},{'D2'},{'D6'},{'D3'},,&,1.0,&
{'R3'},{'D4'},{'R1'},{'R2'},{'D1'},{'D7'},{'D2'},{'D3'},{'D6'},{'D5'},&,1.0,&
{'R3'},{'D4'},{'R1'},{'R2'},{'D2'},,,,,,&,3.0,&
{'R3'},{'D4'},{'R1'},{'R2'},{'D2'},{'D7'},{'D1'},{'D5'},{'D3'},{'D6'},&,1.0,&
{'R3'},{'D4'},{'R1'},{'R2'},{'D6'},{'D2'},{'D1'},{'D7'},{'D3'},{'D5'},&,1.0,&
{'R3'},{'D4'},{'R1'},{'R2'},{'D3'},{'D6'},{'D2'},{'D1'},{'D7'},{'D5'},&,1.0,&
{'R3'},{'D4'},{'R1'},{'D7'},,,,,,,&,1.0,&
{'R3'},{'D4'},{'R1'},{'D7'},{'D1'},{'D2'},{'R2'},{'D6'},,,&,1.0,&
{'R3'},{'D4'},{'R1'},{'D7'},{'D1'},{'D2'},{'R2'},{'D3'},{'D5'},{'D6'},&,1.0,&
{'R3'},{'D4'},{'R1'},{'D7'},{'D2'},{'D1'},{'R2'},{'D3'},,,&,2.0,&
{'R3'},{'D4'},{'R1'},{'D7'},{'D2'},{'R2'},,,,,&,1.0,&
{'R3'},{'D4'},{'R1'},{'D3'},{'D7'},{'D1'},{'R2'},{'D2'},,,&,1.0,&
{'R3'},{'D4'},{'R1'},{'D6'},,,,,,,&,1.0,&
{'R3'},{'D4'},{'R1'},{'D6'},{'R2'},,,,,,&,1.0,&
{'R3'},{'D4'},{'D2'},,,,,,,,&,47.0,&
{'R3'},{'D4'},{'D2'},{'D1'},,,,,,,&,7.0,&
{'R3'},{'D4'},{'D2'},{'D1'},{'D7'},,,,,,&,2.0,&
{'R3'},{'D4'},{'D2'},{'D1'},{'D7'},{'R1'},{'R2'},,,,&,1.0,&
{'R3'},{'D4'},{'D2'},{'D1'},{'D7'},{'D3'},{'R1'},{'D6'},{'R2'},,&,1.0,&
{'R3'},{'D4'},{'D2'},{'D1'},{'D7'},{'D3'},{'R1'},{'R2'},{'D6'},{'D5'},&,1.0,&
{'R3'},{'D4'},{'D2'},{'D1'},{'D7'},{'D3'},{'D6'},{'D5'},,,&,1.0,&
{'R3'},{'D4'},{'D2'},{'D1'},{'D7'},{'D3'},{'D6'},{'D5'},{'R2'},,&,1.0,&
{'R3'},{'D4'},{'D2'},{'D1'},{'D7'},{'D3'},{'D6'},{'R2'},{'D5'},{'R1'},&,1.0,&
{'R3'},{'D4'},{'D2'},{'D1'},{'D7'},{'D5'},,,,,&,1.0,&
{'R3'},{'D4'},{'D2'},{'D1'},{'D7'},{'R2'},,,,,&,1.0,&
{'R3'},{'D4'},{'D2'},{'D1'},{'D7'},{'R2'},{'D3'},{'D6'},{'D5'},,&,1.0,&
{'R3'},{'D4'},{'D2'},{'D1'},{'D7'},{'R2'},{'R1'},{'D6'},{'D3'},,&,1.0,&
{'R3'},{'D4'},{'D2'},{'D1'},{'D7'},{'R2'},{'R1'},{'D6'},{'D3'},{'D5'},&,1.0,&
{'R3'},{'D4'},{'D2'},{'D1'},{'D7'},{'R2'},{'R1'},{'D3'},{'D6'},{'D5'},&,1.0,&
{'R3'},{'D4'},{'D2'},{'D1'},{'D7'},{'D6'},{'R2'},,,,&,2.0,&
{'R3'},{'D4'},{'D2'},{'D1'},{'R2'},,,,,,&,1.0,&
{'R3'},{'D4'},{'D2'},{'D1'},{'R2'},{'R1'},,,,,&,2.0,&
{'R3'},{'D4'},{'D2'},{'D1'},{'R2'},{'R1'},{'D7'},,,,&,1.0,&
{'R3'},{'D4'},{'D2'},{'D1'},{'R2'},{'R1'},{'D7'},{'D6'},,,&,1.0,&
{'R3'},{'D4'},{'D2'},{'D1'},{'R2'},{'D7'},,,,,&,1.0,&
{'R3'},{'D4'},{'D2'},{'D1'},{'R2'},{'D7'},{'R1'},{'D3'},{'D6'},{'D5'},&,1.0,&
{'R3'},{'D4'},{'D2'},{'D1'},{'R2'},{'D7'},{'R1'},{'D3'},{'D5'},,&,1.0,&
{'R3'},{'D4'},{'D2'},{'D1'},{'D6'},,,,,,&,1.0,&
{'R3'},{'D4'},{'D2'},{'D1'},{'D6'},{'R1'},{'D7'},{'D3'},{'R2'},{'D5'},&,1.0,&
{'R3'},{'D4'},{'D2'},{'D1'},{'D6'},{'D7'},{'R1'},{'D3'},{'D5'},{'R2'},&,1.0,&
{'R3'},{'D4'},{'D2'},{'D1'},{'D6'},{'R2'},{'D7'},{'D5'},{'D3'},{'R1'},&,1.0,&
{'R3'},{'D4'},{'D2'},{'D1'},{'D5'},{'D7'},{'R1'},,,,&,1.0,&
{'R3'},{'D4'},{'D2'},{'R1'},,,,,,,&,3.0,&
{'R3'},{'D4'},{'D2'},{'R1'},{'D7'},{'D1'},{'R2'},,,,&,1.0,&
{'R3'},{'D4'},{'D2'},{'R1'},{'D7'},{'D1'},{'R2'},{'D3'},,,&,1.0,&
{'R3'},{'D4'},{'D2'},{'R1'},{'D1'},{'R2'},{'D7'},,,,&,1.0,&
{'R3'},{'D4'},{'D2'},{'R1'},{'R2'},,,,,,&,1.0,&
{'R3'},{'D4'},{'D2'},{'R1'},{'R2'},{'D1'},{'D7'},,,,&,1.0,&
{'R3'},{'D4'},{'D2'},{'R1'},{'R2'},{'D7'},{'D1'},{'D3'},,,&,1.0,&
{'R3'},{'D4'},{'D2'},{'R1'},{'R2'},{'D7'},{'D1'},{'D3'},{'D6'},{'D5'},&,1.0,&
{'R3'},{'D4'},{'D2'},{'R1'},{'R2'},{'D7'},{'D1'},{'D3'},{'D5'},{'D6'},&,1.0,&
{'R3'},{'D4'},{'D2'},{'R1'},{'D6'},{'D3'},{'D1'},,,,&,1.0,&
{'R3'},{'D4'},{'D2'},{'R2'},,,,,,,&,8.0,&
{'R3'},{'D4'},{'D2'},{'R2'},{'D7'},,,,,,&,6.0,&
{'R3'},{'D4'},{'D2'},{'R2'},{'D7'},{'R1'},{'D1'},{'D6'},{'D3'},{'D5'},&,1.0,&
{'R3'},{'D4'},{'D2'},{'R2'},{'D7'},{'R1'},{'D1'},{'D3'},,,&,1.0,&
{'R3'},{'D4'},{'D2'},{'R2'},{'D7'},{'D3'},{'R1'},{'D1'},{'D6'},,&,1.0,&
{'R3'},{'D4'},{'D2'},{'R2'},{'D7'},{'D1'},,,,,&,2.0,&
{'R3'},{'D4'},{'D2'},{'R2'},{'D7'},{'D1'},{'D3'},,,,&,1.0,&
{'R3'},{'D4'},{'D2'},{'R2'},{'D7'},{'D1'},{'D3'},{'R1'},{'D6'},{'D5'},&,1.0,&
{'R3'},{'D4'},{'D2'},{'R2'},{'D7'},{'D1'},{'R1'},,,,&,2.0,&
{'R3'},{'D4'},{'D2'},{'R2'},{'D7'},{'D1'},{'R1'},{'D3'},,,&,1.0,&
{'R3'},{'D4'},{'D2'},{'R2'},{'D7'},{'D1'},{'D5'},{'D6'},{'D3'},{'R1'},&,1.0,&
{'R3'},{'D4'},{'D2'},{'R2'},{'D7'},{'D1'},{'D6'},,,,&,2.0,&
{'R3'},{'D4'},{'D2'},{'R2'},{'D7'},{'D1'},{'D6'},{'R1'},{'D5'},{'D3'},&,1.0,&
{'R3'},{'D4'},{'D2'},{'R2'},{'R1'},,,,,,&,4.0,&
{'R3'},{'D4'},{'D2'},{'R2'},{'R1'},{'D1'},,,,,&,2.0,&
{'R3'},{'D4'},{'D2'},{'R2'},{'R1'},{'D1'},{'D3'},{'D7'},{'D6'},,&,1.0,&
{'R3'},{'D4'},{'D2'},{'R2'},{'R1'},{'D1'},{'D7'},,,,&,2.0,&
{'R3'},{'D4'},{'D2'},{'R2'},{'R1'},{'D1'},{'D7'},{'D3'},,,&,1.0,&
{'R3'},{'D4'},{'D2'},{'R2'},{'R1'},{'D7'},,,,,&,1.0,&
{'R3'},{'D4'},{'D2'},{'R2'},{'R1'},{'D7'},{'D1'},,,,&,1.0,&
{'R3'},{'D4'},{'D2'},{'R2'},{'R1'},{'D7'},{'D1'},{'D6'},{'D5'},,&,1.0,&
{'R3'},{'D4'},{'D2'},{'R2'},{'R1'},{'D7'},{'D6'},,,,&,1.0,&
{'R3'},{'D4'},{'D2'},{'R2'},{'R1'},{'D6'},{'D1'},{'D7'},,,&,1.0,&
{'R3'},{'D4'},{'D2'},{'R2'},{'D1'},,,,,,&,2.0,&
{'R3'},{'D4'},{'D2'},{'R2'},{'D1'},{'R1'},,,,,&,1.0,&
{'R3'},{'D4'},{'D2'},{'R2'},{'D1'},{'R1'},{'D7'},,,,&,3.0,&
{'R3'},{'D4'},{'D2'},{'R2'},{'D1'},{'D3'},{'D7'},,,,&,1.0,&
{'R3'},{'D4'},{'D2'},{'R2'},{'D1'},{'D5'},{'D3'},{'D7'},,,&,1.0,&
{'R3'},{'D4'},{'D2'},{'R2'},{'D1'},{'D7'},,,,,&,1.0,&
{'R3'},{'D4'},{'D2'},{'R2'},{'D1'},{'D7'},{'D3'},{'D6'},,,&,1.0,&
{'R3'},{'D4'},{'D2'},{'R2'},{'D1'},{'D7'},{'R1'},{'D6'},{'D3'},{'D5'},&,1.0,&
{'R3'},{'D4'},{'D2'},{'R2'},{'D1'},{'D7'},{'D6'},{'D3'},{'R1'},{'D5'},&,1.0,&
{'R3'},{'D4'},{'D2'},{'R2'},{'D1'},{'D6'},{'D5'},{'D3'},,,&,1.0,&
{'R3'},{'D4'},{'D2'},{'R2'},{'D3'},{'R1'},,,,,&,1.0,&
{'R3'},{'D4'},{'D2'},{'R2'},{'D3'},{'D1'},{'D7'},{'R1'},{'D6'},{'D5'},&,1.0,&
{'R3'},{'D4'},{'D2'},{'D7'},,,,,,,&,10.0,&
{'R3'},{'D4'},{'D2'},{'D7'},{'R1'},,,,,,&,2.0,&
{'R3'},{'D4'},{'D2'},{'D7'},{'R1'},{'D1'},{'D3'},,,,&,1.0,&
{'R3'},{'D4'},{'D2'},{'D7'},{'R1'},{'D1'},{'R2'},,,,&,1.0,&
{'R3'},{'D4'},{'D2'},{'D7'},{'R1'},{'D5'},{'R2'},,,,&,1.0,&
{'R3'},{'D4'},{'D2'},{'D7'},{'R1'},{'R2'},{'D1'},,,,&,1.0,&
{'R3'},{'D4'},{'D2'},{'D7'},{'R1'},{'R2'},{'D6'},{'D1'},{'D3'},{'D5'},&,1.0,&
{'R3'},{'D4'},{'D2'},{'D7'},{'D1'},,,,,,&,3.0,&
{'R3'},{'D4'},{'D2'},{'D7'},{'D1'},{'R1'},{'D3'},,,,&,1.0,&
{'R3'},{'D4'},{'D2'},{'D7'},{'D1'},{'D3'},{'R1'},{'R2'},{'D6'},{'D5'},&,1.0,&
{'R3'},{'D4'},{'D2'},{'D7'},{'D1'},{'D3'},{'D5'},,,,&,1.0,&
{'R3'},{'D4'},{'D2'},{'D7'},{'D1'},{'D3'},{'D5'},{'D6'},{'R2'},{'R1'},&,1.0,&
{'R3'},{'D4'},{'D2'},{'D7'},{'D1'},{'D3'},{'R2'},{'D6'},{'R1'},{'D5'},&,1.0,&
{'R3'},{'D4'},{'D2'},{'D7'},{'D1'},{'D3'},{'D6'},{'R2'},{'R1'},{'D5'},&,1.0,&
{'R3'},{'D4'},{'D2'},{'D7'},{'D1'},{'D5'},{'D6'},{'D3'},,,&,1.0,&
{'R3'},{'D4'},{'D2'},{'D7'},{'D1'},{'R2'},{'D3'},,,,&,1.0,&
{'R3'},{'D4'},{'D2'},{'D7'},{'D1'},{'R2'},{'R1'},,,,&,1.0,&
{'R3'},{'D4'},{'D2'},{'D7'},{'D1'},{'R2'},{'R1'},{'D5'},{'D3'},{'D6'},&,1.0,&
{'R3'},{'D4'},{'D2'},{'D7'},{'D1'},{'R2'},{'R1'},{'D6'},{'D3'},,&,1.0,&
{'R3'},{'D4'},{'D2'},{'D7'},{'D1'},{'D6'},{'D3'},{'D5'},{'R2'},,&,1.0,&
{'R3'},{'D4'},{'D2'},{'D7'},{'D1'},{'D6'},{'R2'},{'D5'},{'D3'},{'R1'},&,1.0,&
{'R3'},{'D4'},{'D2'},{'D7'},{'D1'},{'D6'},{'R2'},{'R1'},,,&,1.0,&
{'R3'},{'D4'},{'D2'},{'D7'},{'D1'},{'D6'},{'R2'},{'R1'},{'D3'},,&,1.0,&
{'R3'},{'D4'},{'D2'},{'D7'},{'R2'},,,,,,&,1.0,&
{'R3'},{'D4'},{'D2'},{'D7'},{'R2'},{'R1'},,,,,&,1.0,&
{'R3'},{'D4'},{'D2'},{'D7'},{'R2'},{'R1'},{'D1'},{'D3'},{'D6'},,&,1.0,&
{'R3'},{'D4'},{'D2'},{'D7'},{'R2'},{'R1'},{'D6'},{'D1'},{'D5'},{'D3'},&,1.0,&
{'R3'},{'D4'},{'D2'},{'D7'},{'R2'},{'D1'},,,,,&,2.0,&
{'R3'},{'D4'},{'D2'},{'D7'},{'R2'},{'D1'},{'D3'},{'D6'},,,&,1.0,&
{'R3'},{'D4'},{'D2'},{'D7'},{'R2'},{'D1'},{'D3'},{'D6'},{'R1'},{'D5'},&,1.0,&
{'R3'},{'D4'},{'D2'},{'D7'},{'R2'},{'D1'},{'D6'},{'D3'},{'R1'},{'D5'},&,1.0,&
{'R3'},{'D4'},{'D2'},{'D7'},{'D6'},{'D1'},,,,,&,1.0,&
{'R3'},{'D4'},{'D2'},{'D7'},{'D6'},{'R2'},{'R1'},{'D3'},{'D1'},{'D5'},&,1.0,&
{'R3'},{'D4'},{'D2'},{'D7'},{'D3'},{'D1'},,,,,&,1.0,&
{'R3'},{'D4'},{'D2'},{'D7'},{'D3'},{'D1'},{'R2'},{'D6'},{'R1'},{'D5'},&,1.0,&
{'R3'},{'D4'},{'D2'},{'D7'},{'D3'},{'D1'},{'D6'},,,,&,1.0,&
{'R3'},{'D4'},{'D2'},{'D7'},{'D3'},{'D1'},{'D6'},{'D5'},{'R2'},,&,1.0,&
{'R3'},{'D4'},{'D2'},{'D7'},{'D3'},{'R2'},,,,,&,1.0,&
{'R3'},{'D4'},{'D2'},{'D7'},{'D3'},{'R2'},{'R1'},{'D1'},,,&,1.0,&
{'R3'},{'D4'},{'D2'},{'D7'},{'D3'},{'R2'},{'R1'},{'D1'},{'D6'},{'D5'},&,1.0,&
{'R3'},{'D4'},{'D2'},{'D7'},{'D3'},{'D6'},{'D1'},{'D5'},{'R1'},{'R2'},&,1.0,&
{'R3'},{'D4'},{'D2'},{'D3'},{'D7'},{'D1'},{'R2'},,,,&,1.0,&
{'R3'},{'D4'},{'D2'},{'D3'},{'D1'},{'D7'},{'R2'},{'R1'},{'D6'},,&,1.0,&
{'R3'},{'D4'},{'D2'},{'D3'},{'R2'},,,,,,&,1.0,&
{'R3'},{'D4'},{'D2'},{'D3'},{'R2'},{'R1'},{'D1'},,,,&,1.0,&
{'R3'},{'D4'},{'D2'},{'D3'},{'R2'},{'D7'},,,,,&,1.0,&
{'R3'},{'D4'},{'D2'},{'D6'},{'D7'},{'R2'},{'D1'},{'R1'},{'D3'},,&,1.0,&
{'R3'},{'D4'},{'D2'},{'D6'},{'R1'},{'R2'},{'D7'},,,,&,1.0,&
{'R3'},{'D4'},{'D2'},{'D5'},,,,,,,&,1.0,&
{'R3'},{'D4'},{'D2'},{'D5'},{'R1'},{'D7'},{'R2'},{'D1'},{'D6'},,&,1.0,&
{'R3'},{'D4'},{'D3'},,,,,,,,&,4.0,&
{'R3'},{'D4'},{'D3'},{'D2'},{'D1'},,,,,,&,1.0,&
{'R3'},{'D4'},{'D3'},{'D2'},{'D1'},{'D5'},{'D7'},,,,&,1.0,&
{'R3'},{'D4'},{'D3'},{'D1'},{'D7'},,,,,,&,1.0,&
{'R3'},{'D4'},{'D3'},{'D1'},{'D2'},{'R1'},{'R2'},{'D7'},,,&,1.0,&
{'R3'},{'D4'},{'D3'},{'R1'},{'D7'},{'D2'},{'D1'},{'R2'},,,&,1.0,&
{'R3'},{'D4'},{'D3'},{'R1'},{'R2'},,,,,,&,3.0,&
{'R3'},{'D4'},{'D3'},{'R1'},{'R2'},{'D2'},{'D1'},{'D6'},,,&,1.0,&
{'R3'},{'D4'},{'D3'},{'R1'},{'R2'},{'D7'},{'D1'},,,,&,1.0,&
{'R3'},{'D4'},{'D3'},{'R1'},{'R2'},{'D7'},{'D6'},{'D1'},,,&,1.0,&
{'R3'},{'D4'},{'D3'},{'R2'},{'D1'},{'R1'},,,,,&,1.0,&
{'R3'},{'D4'},{'D3'},{'R2'},{'D2'},{'R1'},{'D7'},,,,&,1.0,&
{'R3'},{'D4'},{'D3'},{'R2'},{'D2'},{'R1'},{'D7'},{'D5'},{'D1'},{'D6'},&,1.0,&
{'R3'},{'D4'},{'D3'},{'D7'},,,,,,,&,1.0,&
{'R3'},{'D4'},{'D3'},{'D7'},{'D1'},,,,,,&,1.0,&
{'R3'},{'D4'},{'D3'},{'D7'},{'D1'},{'D2'},,,,,&,1.0,&
{'R3'},{'D4'},{'D3'},{'D7'},{'R2'},{'R1'},{'D1'},{'D2'},,,&,1.0,&
{'R3'},{'D4'},{'D3'},{'D7'},{'R2'},{'D2'},,,,,&,1.0,&
{'R3'},{'D4'},{'D3'},{'D7'},{'D2'},{'D1'},{'D6'},{'D5'},{'R2'},{'R1'},&,1.0,&
{'R3'},{'D4'},{'D6'},,,,,,,,&,3.0,&
{'R3'},{'D4'},{'D6'},{'D2'},{'D7'},{'D1'},{'D3'},,,,&,1.0,&
{'R3'},{'D4'},{'D6'},{'D2'},{'D7'},{'R2'},{'R1'},,,,&,1.0,&
{'R3'},{'D4'},{'D6'},{'D2'},{'D1'},{'D7'},{'R2'},{'D3'},,,&,1.0,&
{'R3'},{'D4'},{'D6'},{'D2'},{'R2'},{'R1'},{'D1'},,,,&,1.0,&
{'R3'},{'D4'},{'D6'},{'D2'},{'R2'},{'D3'},{'R1'},{'D1'},{'D7'},{'D5'},&,1.0,&
{'R3'},{'D4'},{'D6'},{'D1'},{'D7'},{'R2'},,,,,&,1.0,&
{'R3'},{'D4'},{'D6'},{'D1'},{'D2'},{'R2'},{'D7'},{'D3'},{'R1'},,&,1.0,&
{'R3'},{'D4'},{'D6'},{'R1'},{'D2'},,,,,,&,1.0,&
{'R3'},{'D4'},{'D6'},{'R2'},{'R1'},{'D1'},,,,,&,1.0,&
{'R3'},{'D4'},{'D6'},{'R2'},{'R1'},{'D1'},{'D5'},{'D7'},,,&,1.0,&
{'R3'},{'D4'},{'D6'},{'R2'},{'D2'},{'R1'},{'D1'},{'D7'},{'D3'},,&,1.0,&
{'R3'},{'D4'},{'D6'},{'R2'},{'D2'},{'D3'},,,,,&,1.0,&
{'R3'},{'D4'},{'D6'},{'D7'},{'R2'},{'R1'},{'D2'},,,,&,1.0,&
{'R3'},{'D4'},{'D6'},{'D7'},{'R2'},{'D2'},{'D1'},{'R1'},,,&,1.0,&
{'R3'},{'D4'},{'D6'},{'D7'},{'R2'},{'D1'},{'R1'},{'D2'},{'D3'},{'D5'},&,1.0,&
{'R3'},{'D4'},{'D5'},,,,,,,,&,2.0,&
{'R3'},{'D4'},{'D5'},{'D2'},,,,,,,&,1.0,&
{'R3'},{'D4'},{'D5'},{'D2'},{'D1'},{'D7'},{'R2'},{'D3'},{'R1'},,&,1.0,&
{'R3'},{'R1'},{'R2'},,,,,,,,&,220.0,&
{'R3'},{'R1'},{'R2'},{'D2'},,,,,,,&,25.0,&
{'R3'},{'R1'},{'R2'},{'D2'},{'D7'},,,,,,&,15.0,&
{'R3'},{'R1'},{'R2'},{'D2'},{'D7'},{'D4'},,,,,&,3.0,&
{'R3'},{'R1'},{'R2'},{'D2'},{'D7'},{'D4'},{'D3'},,,,&,1.0,&
{'R3'},{'R1'},{'R2'},{'D2'},{'D7'},{'D4'},{'D3'},{'D1'},{'D6'},{'D5'},&,1.0,&
{'R3'},{'R1'},{'R2'},{'D2'},{'D7'},{'D4'},{'D1'},,,,&,2.0,&
{'R3'},{'R1'},{'R2'},{'D2'},{'D7'},{'D4'},{'D1'},{'D6'},{'D3'},{'D5'},&,1.0,&
{'R3'},{'R1'},{'R2'},{'D2'},{'D7'},{'D4'},{'D1'},{'D3'},{'D5'},{'D6'},&,1.0,&
{'R3'},{'R1'},{'R2'},{'D2'},{'D7'},{'D1'},,,,,&,6.0,&
{'R3'},{'R1'},{'R2'},{'D2'},{'D7'},{'D1'},{'D3'},,,,&,3.0,&
{'R3'},{'R1'},{'R2'},{'D2'},{'D7'},{'D1'},{'D3'},{'D5'},{'D4'},{'D6'},&,1.0,&
{'R3'},{'R1'},{'R2'},{'D2'},{'D7'},{'D1'},{'D3'},{'D4'},,,&,3.0,&
{'R3'},{'R1'},{'R2'},{'D2'},{'D7'},{'D1'},{'D3'},{'D4'},{'D6'},,&,1.0,&
{'R3'},{'R1'},{'R2'},{'D2'},{'D7'},{'D1'},{'D3'},{'D4'},{'D6'},{'D5'},&,1.0,&
{'R3'},{'R1'},{'R2'},{'D2'},{'D7'},{'D1'},{'D5'},{'D4'},{'D3'},{'D6'},&,2.0,&
{'R3'},{'R1'},{'R2'},{'D2'},{'D7'},{'D1'},{'D4'},,,,&,2.0,&
{'R3'},{'R1'},{'R2'},{'D2'},{'D7'},{'D1'},{'D4'},{'D5'},,,&,1.0,&
{'R3'},{'R1'},{'R2'},{'D2'},{'D7'},{'D1'},{'D4'},{'D6'},,,&,1.0,&
{'R3'},{'R1'},{'R2'},{'D2'},{'D7'},{'D1'},{'D4'},{'D6'},{'D3'},{'D5'},&,1.0,&
{'R3'},{'R1'},{'R2'},{'D2'},{'D7'},{'D1'},{'D4'},{'D3'},,,&,1.0,&
{'R3'},{'R1'},{'R2'},{'D2'},{'D7'},{'D1'},{'D4'},{'D3'},{'D6'},{'D5'},&,4.0,&
{'R3'},{'R1'},{'R2'},{'D2'},{'D7'},{'D1'},{'D4'},{'D3'},{'D5'},,&,1.0,&
{'R3'},{'R1'},{'R2'},{'D2'},{'D7'},{'D1'},{'D4'},{'D3'},{'D5'},{'D6'},&,2.0,&
{'R3'},{'R1'},{'R2'},{'D2'},{'D7'},{'D1'},{'D6'},,,,&,1.0,&
{'R3'},{'R1'},{'R2'},{'D2'},{'D7'},{'D1'},{'D6'},{'D3'},,,&,1.0,&
{'R3'},{'R1'},{'R2'},{'D2'},{'D7'},{'D1'},{'D6'},{'D4'},,,&,1.0,&
{'R3'},{'R1'},{'R2'},{'D2'},{'D7'},{'D1'},{'D6'},{'D4'},{'D3'},{'D5'},&,1.0,&
{'R3'},{'R1'},{'R2'},{'D2'},{'D7'},{'D6'},{'D1'},{'D4'},{'D3'},{'D5'},&,1.0,&
{'R3'},{'R1'},{'R2'},{'D2'},{'D1'},,,,,,&,13.0,&
{'R3'},{'R1'},{'R2'},{'D2'},{'D1'},{'D4'},,,,,&,2.0,&
{'R3'},{'R1'},{'R2'},{'D2'},{'D1'},{'D4'},{'D7'},,,,&,1.0,&
{'R3'},{'R1'},{'R2'},{'D2'},{'D1'},{'D4'},{'D7'},{'D6'},{'D3'},{'D5'},&,1.0,&
{'R3'},{'R1'},{'R2'},{'D2'},{'D1'},{'D4'},{'D7'},{'D3'},{'D6'},,&,1.0,&
{'R3'},{'R1'},{'R2'},{'D2'},{'D1'},{'D3'},{'D7'},{'D4'},{'D6'},{'D5'},&,1.0,&
{'R3'},{'R1'},{'R2'},{'D2'},{'D1'},{'D3'},{'D6'},,,,&,1.0,&
{'R3'},{'R1'},{'R2'},{'D2'},{'D1'},{'D5'},{'D7'},,,,&,1.0,&
{'R3'},{'R1'},{'R2'},{'D2'},{'D1'},{'D7'},,,,,&,7.0,&
{'R3'},{'R1'},{'R2'},{'D2'},{'D1'},{'D7'},{'D3'},,,,&,2.0,&
{'R3'},{'R1'},{'R2'},{'D2'},{'D1'},{'D7'},{'D3'},{'D5'},{'D4'},,&,1.0,&
{'R3'},{'R1'},{'R2'},{'D2'},{'D1'},{'D7'},{'D5'},{'D3'},,,&,1.0,&
{'R3'},{'R1'},{'R2'},{'D2'},{'D1'},{'D7'},{'D5'},{'D4'},{'D3'},{'D6'},&,1.0,&
{'R3'},{'R1'},{'R2'},{'D2'},{'D1'},{'D7'},{'D4'},,,,&,3.0,&
{'R3'},{'R1'},{'R2'},{'D2'},{'D1'},{'D7'},{'D4'},{'D6'},{'D3'},{'D5'},&,1.0,&
{'R3'},{'R1'},{'R2'},{'D2'},{'D1'},{'D7'},{'D4'},{'D3'},{'D6'},{'D5'},&,1.0,&
{'R3'},{'R1'},{'R2'},{'D2'},{'D1'},{'D7'},{'D6'},{'D3'},{'D5'},,&,1.0,&
{'R3'},{'R1'},{'R2'},{'D2'},{'D1'},{'D7'},{'D6'},{'D4'},{'D3'},{'D5'},&,1.0,&
{'R3'},{'R1'},{'R2'},{'D2'},{'D1'},{'D6'},,,,,&,2.0,&
{'R3'},{'R1'},{'R2'},{'D2'},{'D1'},{'D6'},{'D3'},{'D7'},{'D5'},,&,1.0,&
{'R3'},{'R1'},{'R2'},{'D2'},{'D1'},{'D6'},{'D7'},{'D4'},{'D3'},,&,1.0,&
{'R3'},{'R1'},{'R2'},{'D2'},{'D1'},{'D6'},{'D7'},{'D4'},{'D3'},{'D5'},&,1.0,&
{'R3'},{'R1'},{'R2'},{'D2'},{'D4'},,,,,,&,7.0,&
{'R3'},{'R1'},{'R2'},{'D2'},{'D4'},{'D3'},{'D7'},{'D1'},{'D5'},{'D6'},&,1.0,&
{'R3'},{'R1'},{'R2'},{'D2'},{'D4'},{'D3'},{'D1'},{'D7'},{'D5'},{'D6'},&,1.0,&
{'R3'},{'R1'},{'R2'},{'D2'},{'D4'},{'D1'},,,,,&,2.0,&
{'R3'},{'R1'},{'R2'},{'D2'},{'D4'},{'D1'},{'D3'},,,,&,1.0,&
{'R3'},{'R1'},{'R2'},{'D2'},{'D4'},{'D1'},{'D7'},,,,&,2.0,&
{'R3'},{'R1'},{'R2'},{'D2'},{'D4'},{'D1'},{'D7'},{'D6'},,,&,1.0,&
{'R3'},{'R1'},{'R2'},{'D2'},{'D4'},{'D1'},{'D7'},{'D6'},{'D3'},{'D5'},&,1.0,&
{'R3'},{'R1'},{'R2'},{'D2'},{'D4'},{'D1'},{'D7'},{'D3'},,,&,1.0,&
{'R3'},{'R1'},{'R2'},{'D2'},{'D4'},{'D1'},{'D7'},{'D3'},{'D6'},,&,1.0,&
{'R3'},{'R1'},{'R2'},{'D2'},{'D4'},{'D1'},{'D6'},{'D3'},,,&,1.0,&
{'R3'},{'R1'},{'R2'},{'D2'},{'D4'},{'D5'},,,,,&,1.0,&
{'R3'},{'R1'},{'R2'},{'D2'},{'D4'},{'D7'},,,,,&,1.0,&
{'R3'},{'R1'},{'R2'},{'D2'},{'D4'},{'D7'},{'D3'},,,,&,2.0,&
{'R3'},{'R1'},{'R2'},{'D2'},{'D4'},{'D7'},{'D1'},,,,&,1.0,&
{'R3'},{'R1'},{'R2'},{'D2'},{'D4'},{'D7'},{'D1'},{'D5'},,,&,1.0,&
{'R3'},{'R1'},{'R2'},{'D2'},{'D4'},{'D7'},{'D1'},{'D6'},{'D3'},,&,1.0,&
{'R3'},{'R1'},{'R2'},{'D2'},{'D4'},{'D7'},{'D5'},,,,&,1.0,&
{'R3'},{'R1'},{'R2'},{'D2'},{'D4'},{'D6'},{'D7'},,,,&,1.0,&
{'R3'},{'R1'},{'R2'},{'D2'},{'D4'},{'D6'},{'D1'},,,,&,1.0,&
{'R3'},{'R1'},{'R2'},{'D2'},{'D6'},,,,,,&,1.0,&
{'R3'},{'R1'},{'R2'},{'D2'},{'D6'},{'D1'},{'D7'},{'D4'},,,&,1.0,&
{'R3'},{'R1'},{'R2'},{'D2'},{'D3'},{'D1'},{'D5'},,,,&,1.0,&
{'R3'},{'R1'},{'R2'},{'D2'},{'D3'},{'D1'},{'D6'},,,,&,1.0,&
{'R3'},{'R1'},{'R2'},{'D2'},{'D3'},{'D7'},,,,,&,1.0,&
{'R3'},{'R1'},{'R2'},{'D2'},{'D5'},{'D7'},{'D1'},{'D4'},{'D3'},{'D6'},&,1.0,&
{'R3'},{'R1'},{'R2'},{'D2'},{'D5'},{'D6'},,,,,&,1.0,&
{'R3'},{'R1'},{'R2'},{'D1'},,,,,,,&,23.0,&
{'R3'},{'R1'},{'R2'},{'D1'},{'D7'},,,,,,&,7.0,&
{'R3'},{'R1'},{'R2'},{'D1'},{'D7'},{'D4'},{'D2'},,,,&,1.0,&
{'R3'},{'R1'},{'R2'},{'D1'},{'D7'},{'D4'},{'D2'},{'D6'},{'D3'},{'D5'},&,2.0,&
{'R3'},{'R1'},{'R2'},{'D1'},{'D7'},{'D3'},{'D2'},,,,&,1.0,&
{'R3'},{'R1'},{'R2'},{'D1'},{'D7'},{'D3'},{'D2'},{'D4'},,,&,1.0,&
{'R3'},{'R1'},{'R2'},{'D1'},{'D7'},{'D3'},{'D2'},{'D4'},{'D6'},{'D5'},&,1.0,&
{'R3'},{'R1'},{'R2'},{'D1'},{'D7'},{'D3'},{'D4'},,,,&,1.0,&
{'R3'},{'R1'},{'R2'},{'D1'},{'D7'},{'D2'},,,,,&,3.0,&
{'R3'},{'R1'},{'R2'},{'D1'},{'D7'},{'D2'},{'D3'},,,,&,1.0,&
{'R3'},{'R1'},{'R2'},{'D1'},{'D7'},{'D2'},{'D5'},,,,&,1.0,&
{'R3'},{'R1'},{'R2'},{'D1'},{'D7'},{'D2'},{'D5'},{'D4'},{'D3'},,&,1.0,&
{'R3'},{'R1'},{'R2'},{'D1'},{'D7'},{'D2'},{'D4'},,,,&,5.0,&
{'R3'},{'R1'},{'R2'},{'D1'},{'D7'},{'D2'},{'D4'},{'D6'},,,&,1.0,&
{'R3'},{'R1'},{'R2'},{'D1'},{'D7'},{'D2'},{'D4'},{'D3'},,,&,1.0,&
{'R3'},{'R1'},{'R2'},{'D1'},{'D7'},{'D2'},{'D4'},{'D3'},{'D6'},{'D5'},&,1.0,&
{'R3'},{'R1'},{'R2'},{'D1'},{'D7'},{'D2'},{'D4'},{'D3'},{'D5'},,&,1.0,&
{'R3'},{'R1'},{'R2'},{'D1'},{'D7'},{'D2'},{'D4'},{'D3'},{'D5'},{'D6'},&,1.0,&
{'R3'},{'R1'},{'R2'},{'D1'},{'D7'},{'D2'},{'D6'},,,,&,2.0,&
{'R3'},{'R1'},{'R2'},{'D1'},{'D7'},{'D2'},{'D6'},{'D3'},{'D4'},,&,1.0,&
{'R3'},{'R1'},{'R2'},{'D1'},{'D7'},{'D2'},{'D6'},{'D4'},,,&,1.0,&
{'R3'},{'R1'},{'R2'},{'D1'},{'D7'},{'D2'},{'D6'},{'D4'},{'D3'},,&,1.0,&
{'R3'},{'R1'},{'R2'},{'D1'},{'D7'},{'D6'},{'D3'},{'D4'},{'D2'},,&,1.0,&
{'R3'},{'R1'},{'R2'},{'D1'},{'D7'},{'D6'},{'D2'},{'D4'},{'D3'},{'D5'},&,1.0,&
{'R3'},{'R1'},{'R2'},{'D1'},{'D4'},,,,,,&,3.0,&
{'R3'},{'R1'},{'R2'},{'D1'},{'D4'},{'D2'},,,,,&,2.0,&
{'R3'},{'R1'},{'R2'},{'D1'},{'D4'},{'D2'},{'D7'},{'D5'},{'D6'},{'D3'},&,1.0,&
{'R3'},{'R1'},{'R2'},{'D1'},{'D4'},{'D2'},{'D7'},{'D3'},,,&,2.0,&
{'R3'},{'R1'},{'R2'},{'D1'},{'D4'},{'D7'},,,,,&,1.0,&
{'R3'},{'R1'},{'R2'},{'D1'},{'D4'},{'D7'},{'D2'},,,,&,2.0,&
{'R3'},{'R1'},{'R2'},{'D1'},{'D2'},,,,,,&,7.0,&
{'R3'},{'R1'},{'R2'},{'D1'},{'D2'},{'D4'},,,,,&,1.0,&
{'R3'},{'R1'},{'R2'},{'D1'},{'D2'},{'D4'},{'D3'},{'D7'},{'D6'},{'D5'},&,1.0,&
{'R3'},{'R1'},{'R2'},{'D1'},{'D2'},{'D4'},{'D7'},,,,&,1.0,&
{'R3'},{'R1'},{'R2'},{'D1'},{'D2'},{'D4'},{'D7'},{'D5'},{'D6'},,&,1.0,&
{'R3'},{'R1'},{'R2'},{'D1'},{'D2'},{'D4'},{'D7'},{'D3'},{'D6'},{'D5'},&,1.0,&
{'R3'},{'R1'},{'R2'},{'D1'},{'D2'},{'D4'},{'D6'},{'D7'},{'D5'},,&,1.0,&
{'R3'},{'R1'},{'R2'},{'D1'},{'D2'},{'D4'},{'D6'},{'D7'},{'D3'},{'D5'},&,1.0,&
{'R3'},{'R1'},{'R2'},{'D1'},{'D2'},{'D3'},,,,,&,1.0,&
{'R3'},{'R1'},{'R2'},{'D1'},{'D2'},{'D7'},,,,,&,6.0,&
{'R3'},{'R1'},{'R2'},{'D1'},{'D2'},{'D7'},{'D3'},,,,&,2.0,&
{'R3'},{'R1'},{'R2'},{'D1'},{'D2'},{'D7'},{'D3'},{'D6'},,,&,1.0,&
{'R3'},{'R1'},{'R2'},{'D1'},{'D2'},{'D7'},{'D5'},{'D4'},,,&,1.0,&
{'R3'},{'R1'},{'R2'},{'D1'},{'D2'},{'D7'},{'D4'},,,,&,1.0,&
{'R3'},{'R1'},{'R2'},{'D1'},{'D2'},{'D7'},{'D4'},{'D3'},,,&,1.0,&
{'R3'},{'R1'},{'R2'},{'D1'},{'D2'},{'D7'},{'D4'},{'D3'},{'D6'},{'D5'},&,1.0,&
{'R3'},{'R1'},{'R2'},{'D1'},{'D2'},{'D7'},{'D6'},{'D4'},{'D5'},,&,1.0,&
{'R3'},{'R1'},{'R2'},{'D1'},{'D2'},{'D6'},{'D7'},{'D4'},{'D3'},,&,1.0,&
{'R3'},{'R1'},{'R2'},{'D1'},{'D6'},,,,,,&,2.0,&
{'R3'},{'R1'},{'R2'},{'D1'},{'D6'},{'D2'},{'D7'},,,,&,1.0,&
{'R3'},{'R1'},{'R2'},{'D1'},{'D6'},{'D7'},{'D2'},,,,&,1.0,&
{'R3'},{'R1'},{'R2'},{'D1'},{'D6'},{'D7'},{'D4'},{'D2'},{'D3'},{'D5'},&,2.0,&
{'R3'},{'R1'},{'R2'},{'D1'},{'D3'},,,,,,&,1.0,&
{'R3'},{'R1'},{'R2'},{'D1'},{'D3'},{'D4'},{'D2'},,,,&,1.0,&
{'R3'},{'R1'},{'R2'},{'D1'},{'D5'},{'D2'},{'D3'},{'D7'},{'D4'},{'D6'},&,1.0,&
{'R3'},{'R1'},{'R2'},{'D7'},,,,,,,&,36.0,&
{'R3'},{'R1'},{'R2'},{'D7'},{'D1'},,,,,,&,10.0,&
{'R3'},{'R1'},{'R2'},{'D7'},{'D1'},{'D4'},{'D2'},{'D5'},{'D6'},{'D3'},&,1.0,&
{'R3'},{'R1'},{'R2'},{'D7'},{'D1'},{'D4'},{'D2'},{'D3'},,,&,1.0,&
{'R3'},{'R1'},{'R2'},{'D7'},{'D1'},{'D4'},{'D2'},{'D3'},{'D6'},{'D5'},&,1.0,&
{'R3'},{'R1'},{'R2'},{'D7'},{'D1'},{'D3'},,,,,&,1.0,&
{'R3'},{'R1'},{'R2'},{'D7'},{'D1'},{'D3'},{'D2'},{'D4'},{'D5'},{'D6'},&,1.0,&
{'R3'},{'R1'},{'R2'},{'D7'},{'D1'},{'D3'},{'D4'},,,,&,1.0,&
{'R3'},{'R1'},{'R2'},{'D7'},{'D1'},{'D2'},,,,,&,5.0,&
{'R3'},{'R1'},{'R2'},{'D7'},{'D1'},{'D2'},{'D3'},{'D6'},{'D4'},{'D5'},&,1.0,&
{'R3'},{'R1'},{'R2'},{'D7'},{'D1'},{'D2'},{'D4'},,,,&,1.0,&
{'R3'},{'R1'},{'R2'},{'D7'},{'D1'},{'D2'},{'D4'},{'D6'},,,&,1.0,&
{'R3'},{'R1'},{'R2'},{'D7'},{'D1'},{'D2'},{'D4'},{'D6'},{'D3'},{'D5'},&,2.0,&
{'R3'},{'R1'},{'R2'},{'D7'},{'D1'},{'D2'},{'D4'},{'D3'},,,&,2.0,&
{'R3'},{'R1'},{'R2'},{'D7'},{'D1'},{'D2'},{'D4'},{'D3'},{'D6'},{'D5'},&,1.0,&
{'R3'},{'R1'},{'R2'},{'D7'},{'D1'},{'D2'},{'D4'},{'D3'},{'D5'},{'D6'},&,1.0,&
{'R3'},{'R1'},{'R2'},{'D7'},{'D1'},{'D2'},{'D6'},{'D4'},{'D5'},{'D3'},&,1.0,&
{'R3'},{'R1'},{'R2'},{'D7'},{'D1'},{'D2'},{'D6'},{'D4'},{'D3'},{'D5'},&,1.0,&
{'R3'},{'R1'},{'R2'},{'D7'},{'D1'},{'D6'},{'D2'},{'D4'},{'D5'},{'D3'},&,1.0,&
{'R3'},{'R1'},{'R2'},{'D7'},{'D1'},{'D6'},{'D5'},{'D3'},{'D2'},,&,1.0,&
{'R3'},{'R1'},{'R2'},{'D7'},{'D1'},{'D6'},{'D4'},{'D2'},,,&,1.0,&
{'R3'},{'R1'},{'R2'},{'D7'},{'D4'},,,,,,&,4.0,&
{'R3'},{'R1'},{'R2'},{'D7'},{'D4'},{'D3'},,,,,&,1.0,&
{'R3'},{'R1'},{'R2'},{'D7'},{'D4'},{'D2'},,,,,&,2.0,&
{'R3'},{'R1'},{'R2'},{'D7'},{'D4'},{'D2'},{'D3'},{'D1'},{'D6'},,&,1.0,&
{'R3'},{'R1'},{'R2'},{'D7'},{'D4'},{'D2'},{'D1'},,,,&,2.0,&
{'R3'},{'R1'},{'R2'},{'D7'},{'D4'},{'D2'},{'D1'},{'D6'},{'D3'},{'D5'},&,1.0,&
{'R3'},{'R1'},{'R2'},{'D7'},{'D4'},{'D1'},,,,,&,1.0,&
{'R3'},{'R1'},{'R2'},{'D7'},{'D4'},{'D1'},{'D6'},{'D2'},,,&,1.0,&
{'R3'},{'R1'},{'R2'},{'D7'},{'D2'},,,,,,&,24.0,&
{'R3'},{'R1'},{'R2'},{'D7'},{'D2'},{'D4'},{'D3'},{'D6'},{'D1'},{'D5'},&,1.0,&
{'R3'},{'R1'},{'R2'},{'D7'},{'D2'},{'D4'},{'D1'},,,,&,4.0,&
{'R3'},{'R1'},{'R2'},{'D7'},{'D2'},{'D4'},{'D1'},{'D5'},{'D3'},{'D6'},&,1.0,&
{'R3'},{'R1'},{'R2'},{'D7'},{'D2'},{'D4'},{'D1'},{'D3'},{'D5'},{'D6'},&,1.0,&
{'R3'},{'R1'},{'R2'},{'D7'},{'D2'},{'D4'},{'D6'},,,,&,1.0,&
{'R3'},{'R1'},{'R2'},{'D7'},{'D2'},{'D3'},{'D1'},{'D6'},{'D5'},,&,1.0,&
{'R3'},{'R1'},{'R2'},{'D7'},{'D2'},{'D3'},{'D1'},{'D4'},,,&,1.0,&
{'R3'},{'R1'},{'R2'},{'D7'},{'D2'},{'D3'},{'D1'},{'D4'},{'D6'},,&,1.0,&
{'R3'},{'R1'},{'R2'},{'D7'},{'D2'},{'D1'},,,,,&,9.0,&
{'R3'},{'R1'},{'R2'},{'D7'},{'D2'},{'D1'},{'D3'},,,,&,1.0,&
{'R3'},{'R1'},{'R2'},{'D7'},{'D2'},{'D1'},{'D3'},{'D6'},{'D4'},{'D5'},&,1.0,&
{'R3'},{'R1'},{'R2'},{'D7'},{'D2'},{'D1'},{'D3'},{'D4'},{'D5'},{'D6'},&,1.0,&
{'R3'},{'R1'},{'R2'},{'D7'},{'D2'},{'D1'},{'D4'},,,,&,5.0,&
{'R3'},{'R1'},{'R2'},{'D7'},{'D2'},{'D1'},{'D4'},{'D3'},,,&,1.0,&
{'R3'},{'R1'},{'R2'},{'D7'},{'D2'},{'D1'},{'D4'},{'D3'},{'D6'},,&,2.0,&
{'R3'},{'R1'},{'R2'},{'D7'},{'D2'},{'D1'},{'D4'},{'D3'},{'D6'},{'D5'},&,1.0,&
{'R3'},{'R1'},{'R2'},{'D7'},{'D2'},{'D1'},{'D4'},{'D3'},{'D5'},{'D6'},&,1.0,&
{'R3'},{'R1'},{'R2'},{'D7'},{'D2'},{'D1'},{'D6'},,,,&,1.0,&
{'R3'},{'R1'},{'R2'},{'D7'},{'D2'},{'D1'},{'D6'},{'D3'},{'D4'},{'D5'},&,1.0,&
{'R3'},{'R1'},{'R2'},{'D7'},{'D2'},{'D1'},{'D6'},{'D4'},,,&,1.0,&
{'R3'},{'R1'},{'R2'},{'D7'},{'D2'},{'D1'},{'D6'},{'D4'},{'D5'},{'D3'},&,1.0,&
{'R3'},{'R1'},{'R2'},{'D7'},{'D2'},{'D1'},{'D6'},{'D4'},{'D3'},{'D5'},&,1.0,&
{'R3'},{'R1'},{'R2'},{'D7'},{'D2'},{'D6'},,,,,&,2.0,&
{'R3'},{'R1'},{'R2'},{'D7'},{'D2'},{'D6'},{'D1'},{'D4'},,,&,2.0,&
{'R3'},{'R1'},{'R2'},{'D7'},{'D2'},{'D6'},{'D1'},{'D4'},{'D3'},,&,1.0,&
{'R3'},{'R1'},{'R2'},{'D7'},{'D2'},{'D6'},{'D1'},{'D4'},{'D3'},{'D5'},&,1.0,&
{'R3'},{'R1'},{'R2'},{'D7'},{'D2'},{'D6'},{'D4'},{'D1'},{'D3'},{'D5'},&,1.0,&
{'R3'},{'R1'},{'R2'},{'D7'},{'D6'},{'D2'},,,,,&,1.0,&
{'R3'},{'R1'},{'R2'},{'D7'},{'D3'},,,,,,&,1.0,&
{'R3'},{'R1'},{'R2'},{'D7'},{'D3'},{'D4'},,,,,&,1.0,&
{'R3'},{'R1'},{'R2'},{'D7'},{'D3'},{'D2'},{'D1'},,,,&,1.0,&
{'R3'},{'R1'},{'R2'},{'D7'},{'D3'},{'D2'},{'D1'},{'D6'},,,&,1.0,&
{'R3'},{'R1'},{'R2'},{'D7'},{'D3'},{'D2'},{'D4'},{'D1'},,,&,1.0,&
{'R3'},{'R1'},{'R2'},{'D7'},{'D3'},{'D2'},{'D4'},{'D1'},{'D6'},{'D5'},&,1.0,&
{'R3'},{'R1'},{'R2'},{'D7'},{'D3'},{'D6'},{'D4'},{'D1'},,,&,1.0,&
{'R3'},{'R1'},{'R2'},{'D7'},{'D5'},{'D3'},{'D1'},{'D4'},{'D2'},{'D6'},&,1.0,&
{'R3'},{'R1'},{'R2'},{'D4'},,,,,,,&,14.0,&
{'R3'},{'R1'},{'R2'},{'D4'},{'D7'},,,,,,&,2.0,&
{'R3'},{'R1'},{'R2'},{'D4'},{'D7'},{'D3'},{'D1'},{'D2'},,,&,1.0,&
{'R3'},{'R1'},{'R2'},{'D4'},{'D7'},{'D2'},,,,,&,1.0,&
{'R3'},{'R1'},{'R2'},{'D4'},{'D7'},{'D2'},{'D3'},,,,&,1.0,&
{'R3'},{'R1'},{'R2'},{'D4'},{'D7'},{'D1'},,,,,&,1.0,&
{'R3'},{'R1'},{'R2'},{'D4'},{'D7'},{'D1'},{'D2'},{'D6'},{'D3'},{'D5'},&,1.0,&
{'R3'},{'R1'},{'R2'},{'D4'},{'D7'},{'D5'},,,,,&,1.0,&
{'R3'},{'R1'},{'R2'},{'D4'},{'D1'},,,,,,&,2.0,&
{'R3'},{'R1'},{'R2'},{'D4'},{'D1'},{'D2'},,,,,&,2.0,&
{'R3'},{'R1'},{'R2'},{'D4'},{'D1'},{'D2'},{'D3'},{'D7'},,,&,1.0,&
{'R3'},{'R1'},{'R2'},{'D4'},{'D1'},{'D2'},{'D7'},,,,&,1.0,&
{'R3'},{'R1'},{'R2'},{'D4'},{'D1'},{'D2'},{'D6'},,,,&,1.0,&
{'R3'},{'R1'},{'R2'},{'D4'},{'D1'},{'D7'},{'D2'},,,,&,1.0,&
{'R3'},{'R1'},{'R2'},{'D4'},{'D1'},{'D7'},{'D2'},{'D5'},{'D6'},{'D3'},&,2.0,&
{'R3'},{'R1'},{'R2'},{'D4'},{'D1'},{'D7'},{'D2'},{'D3'},{'D6'},,&,1.0,&
{'R3'},{'R1'},{'R2'},{'D4'},{'D1'},{'D7'},{'D6'},{'D3'},{'D2'},{'D5'},&,1.0,&
{'R3'},{'R1'},{'R2'},{'D4'},{'D2'},,,,,,&,6.0,&
{'R3'},{'R1'},{'R2'},{'D4'},{'D2'},{'D3'},{'D7'},{'D1'},{'D6'},{'D5'},&,1.0,&
{'R3'},{'R1'},{'R2'},{'D4'},{'D2'},{'D3'},{'D1'},{'D7'},,,&,2.0,&
{'R3'},{'R1'},{'R2'},{'D4'},{'D2'},{'D1'},,,,,&,1.0,&
{'R3'},{'R1'},{'R2'},{'D4'},{'D2'},{'D1'},{'D3'},{'D7'},{'D6'},,&,1.0,&
{'R3'},{'R1'},{'R2'},{'D4'},{'D2'},{'D1'},{'D7'},{'D3'},,,&,1.0,&
{'R3'},{'R1'},{'R2'},{'D4'},{'D2'},{'D1'},{'D6'},{'D7'},,,&,1.0,&
{'R3'},{'R1'},{'R2'},{'D4'},{'D2'},{'D7'},,,,,&,1.0,&
{'R3'},{'R1'},{'R2'},{'D4'},{'D2'},{'D7'},{'D1'},,,,&,2.0,&
{'R3'},{'R1'},{'R2'},{'D4'},{'D2'},{'D7'},{'D1'},{'D6'},{'D3'},{'D5'},&,1.0,&
{'R3'},{'R1'},{'R2'},{'D4'},{'D2'},{'D7'},{'D5'},{'D1'},{'D3'},{'D6'},&,1.0,&
{'R3'},{'R1'},{'R2'},{'D4'},{'D2'},{'D7'},{'D6'},,,,&,1.0,&
{'R3'},{'R1'},{'R2'},{'D4'},{'D2'},{'D6'},,,,,&,1.0,&
{'R3'},{'R1'},{'R2'},{'D4'},{'D6'},,,,,,&,2.0,&
{'R3'},{'R1'},{'R2'},{'D4'},{'D3'},{'D2'},{'D1'},,,,&,2.0,&
{'R3'},{'R1'},{'R2'},{'D4'},{'D3'},{'D1'},{'D7'},{'D2'},{'D6'},{'D5'},&,1.0,&
{'R3'},{'R1'},{'R2'},{'D4'},{'D5'},{'D2'},{'D7'},{'D1'},{'D6'},{'D3'},&,1.0,&
{'R3'},{'R1'},{'R2'},{'D3'},,,,,,,&,4.0,&
{'R3'},{'R1'},{'R2'},{'D3'},{'D7'},{'D4'},,,,,&,1.0,&
{'R3'},{'R1'},{'R2'},{'D3'},{'D7'},{'D2'},{'D1'},{'D4'},,,&,1.0,&
{'R3'},{'R1'},{'R2'},{'D3'},{'D7'},{'D2'},{'D1'},{'D4'},{'D6'},{'D5'},&,1.0,&
{'R3'},{'R1'},{'R2'},{'D3'},{'D7'},{'D1'},{'D4'},,,,&,1.0,&
{'R3'},{'R1'},{'R2'},{'D3'},{'D7'},{'D6'},{'D2'},{'D1'},{'D4'},,&,1.0,&
{'R3'},{'R1'},{'R2'},{'D3'},{'D1'},,,,,,&,2.0,&
{'R3'},{'R1'},{'R2'},{'D3'},{'D1'},{'D2'},{'D7'},,,,&,2.0,&
{'R3'},{'R1'},{'R2'},{'D3'},{'D4'},{'D2'},{'D7'},{'D1'},{'D6'},{'D5'},&,1.0,&
{'R3'},{'R1'},{'R2'},{'D3'},{'D4'},{'D2'},{'D1'},{'D7'},{'D6'},,&,1.0,&
{'R3'},{'R1'},{'R2'},{'D3'},{'D4'},{'D7'},{'D1'},{'D2'},,,&,1.0,&
{'R3'},{'R1'},{'R2'},{'D3'},{'D2'},,,,,,&,3.0,&
{'R3'},{'R1'},{'R2'},{'D3'},{'D2'},{'D4'},,,,,&,1.0,&
{'R3'},{'R1'},{'R2'},{'D3'},{'D2'},{'D4'},{'D7'},{'D6'},,,&,1.0,&
{'R3'},{'R1'},{'R2'},{'D3'},{'D2'},{'D1'},{'D7'},,,,&,1.0,&
{'R3'},{'R1'},{'R2'},{'D3'},{'D2'},{'D1'},{'D7'},{'D6'},{'D4'},{'D5'},&,1.0,&
{'R3'},{'R1'},{'R2'},{'D3'},{'D2'},{'D7'},,,,,&,1.0,&
{'R3'},{'R1'},{'R2'},{'D3'},{'D2'},{'D7'},{'D1'},{'D4'},{'D5'},{'D6'},&,1.0,&
{'R3'},{'R1'},{'R2'},{'D3'},{'D2'},{'D7'},{'D4'},,,,&,1.0,&
{'R3'},{'R1'},{'R2'},{'D6'},,,,,,,&,3.0,&
{'R3'},{'R1'},{'R2'},{'D6'},{'D7'},{'D4'},,,,,&,1.0,&
{'R3'},{'R1'},{'R2'},{'D6'},{'D7'},{'D2'},,,,,&,1.0,&
{'R3'},{'R1'},{'R2'},{'D6'},{'D7'},{'D1'},,,,,&,2.0,&
{'R3'},{'R1'},{'R2'},{'D6'},{'D7'},{'D1'},{'D2'},{'D3'},,,&,1.0,&
{'R3'},{'R1'},{'R2'},{'D6'},{'D2'},{'D4'},{'D1'},,,,&,1.0,&
{'R3'},{'R1'},{'R2'},{'D6'},{'D2'},{'D4'},{'D1'},{'D7'},{'D3'},{'D5'},&,1.0,&
{'R3'},{'R1'},{'R2'},{'D6'},{'D2'},{'D1'},,,,,&,1.0,&
{'R3'},{'R1'},{'R2'},{'D6'},{'D3'},,,,,,&,1.0,&
{'R3'},{'R1'},{'R2'},{'D5'},{'D7'},{'D2'},{'D1'},,,,&,1.0,&
{'R3'},{'R1'},{'R2'},{'D5'},{'D7'},{'D1'},{'D3'},{'D2'},{'D4'},{'D6'},&,1.0,&
{'R3'},{'R1'},{'R2'},{'D5'},{'D7'},{'D1'},{'D4'},{'D2'},,,&,1.0,&
{'R3'},{'R1'},{'R2'},{'D5'},{'D2'},{'D1'},{'D7'},{'D4'},{'D6'},,&,1.0,&
{'R3'},{'R1'},{'D1'},,,,,,,,&,34.0,&
{'R3'},{'R1'},{'D1'},{'D2'},,,,,,,&,3.0,&
{'R3'},{'R1'},{'D1'},{'D2'},{'D7'},,,,,,&,3.0,&
{'R3'},{'R1'},{'D1'},{'D2'},{'D7'},{'D4'},,,,,&,1.0,&
{'R3'},{'R1'},{'D1'},{'D2'},{'D7'},{'D4'},{'D3'},{'R2'},{'D5'},,&,1.0,&
{'R3'},{'R1'},{'D1'},{'D2'},{'D7'},{'D4'},{'R2'},{'D5'},,,&,1.0,&
{'R3'},{'R1'},{'D1'},{'D2'},{'D7'},{'D4'},{'D6'},{'D3'},,,&,1.0,&
{'R3'},{'R1'},{'D1'},{'D2'},{'D7'},{'D3'},{'R2'},{'D6'},{'D5'},{'D4'},&,1.0,&
{'R3'},{'R1'},{'D1'},{'D2'},{'D7'},{'R2'},{'D4'},,,,&,2.0,&
{'R3'},{'R1'},{'D1'},{'D2'},{'D7'},{'R2'},{'D4'},{'D3'},,,&,1.0,&
{'R3'},{'R1'},{'D1'},{'D2'},{'D7'},{'R2'},{'D6'},{'D4'},{'D3'},,&,1.0,&
{'R3'},{'R1'},{'D1'},{'D2'},{'R2'},,,,,,&,4.0,&
{'R3'},{'R1'},{'D1'},{'D2'},{'R2'},{'D4'},,,,,&,2.0,&
{'R3'},{'R1'},{'D1'},{'D2'},{'R2'},{'D7'},{'D3'},,,,&,1.0,&
{'R3'},{'R1'},{'D1'},{'D2'},{'R2'},{'D7'},{'D3'},{'D4'},{'D6'},,&,1.0,&
{'R3'},{'R1'},{'D1'},{'D2'},{'R2'},{'D7'},{'D3'},{'D4'},{'D6'},{'D5'},&,1.0,&
{'R3'},{'R1'},{'D1'},{'D2'},{'R2'},{'D7'},{'D4'},,,,&,1.0,&
{'R3'},{'R1'},{'D1'},{'D2'},{'R2'},{'D7'},{'D4'},{'D3'},{'D5'},,&,1.0,&
{'R3'},{'R1'},{'D1'},{'D2'},{'R2'},{'D7'},{'D6'},{'D4'},{'D3'},{'D5'},&,1.0,&
{'R3'},{'R1'},{'D1'},{'D2'},{'R2'},{'D6'},{'D7'},{'D3'},,,&,1.0,&
{'R3'},{'R1'},{'D1'},{'D2'},{'R2'},{'D6'},{'D7'},{'D3'},{'D4'},{'D5'},&,1.0,&
{'R3'},{'R1'},{'D1'},{'D2'},{'R2'},{'D6'},{'D4'},{'D7'},{'D3'},{'D5'},&,1.0,&
{'R3'},{'R1'},{'D1'},{'D2'},{'D4'},{'D7'},,,,,&,1.0,&
{'R3'},{'R1'},{'D1'},{'D2'},{'D4'},{'D7'},{'R2'},{'D3'},,,&,1.0,&
{'R3'},{'R1'},{'D1'},{'D2'},{'D4'},{'R2'},,,,,&,1.0,&
{'R3'},{'R1'},{'D1'},{'D2'},{'D4'},{'R2'},{'D7'},{'D3'},,,&,2.0,&
{'R3'},{'R1'},{'D1'},{'D2'},{'D4'},{'R2'},{'D7'},{'D3'},{'D6'},,&,1.0,&
{'R3'},{'R1'},{'D1'},{'D2'},{'D6'},{'D4'},{'D7'},{'R2'},{'D3'},,&,1.0,&
{'R3'},{'R1'},{'D1'},{'D2'},{'D6'},{'D7'},{'D3'},{'R2'},{'D4'},{'D5'},&,1.0,&
{'R3'},{'R1'},{'D1'},{'D2'},{'D3'},{'D4'},{'D7'},,,,&,1.0,&
{'R3'},{'R1'},{'D1'},{'D2'},{'D3'},{'D4'},{'R2'},,,,&,1.0,&
{'R3'},{'R1'},{'D1'},{'D2'},{'D5'},{'D4'},{'D7'},{'D6'},{'D3'},{'R2'},&,1.0,&
{'R3'},{'R1'},{'D1'},{'R2'},,,,,,,&,12.0,&
{'R3'},{'R1'},{'D1'},{'R2'},{'D7'},,,,,,&,6.0,&
{'R3'},{'R1'},{'D1'},{'R2'},{'D7'},{'D4'},{'D2'},,,,&,1.0,&
{'R3'},{'R1'},{'D1'},{'R2'},{'D7'},{'D3'},{'D2'},,,,&,1.0,&
{'R3'},{'R1'},{'D1'},{'R2'},{'D7'},{'D3'},{'D4'},{'D2'},{'D6'},{'D5'},&,1.0,&
{'R3'},{'R1'},{'D1'},{'R2'},{'D7'},{'D2'},{'D3'},{'D4'},{'D6'},,&,1.0,&
{'R3'},{'R1'},{'D1'},{'R2'},{'D7'},{'D2'},{'D5'},{'D3'},{'D4'},,&,1.0,&
{'R3'},{'R1'},{'D1'},{'R2'},{'D7'},{'D2'},{'D4'},{'D6'},{'D3'},{'D5'},&,1.0,&
{'R3'},{'R1'},{'D1'},{'R2'},{'D7'},{'D2'},{'D4'},{'D3'},{'D6'},{'D5'},&,2.0,&
{'R3'},{'R1'},{'D1'},{'R2'},{'D7'},{'D2'},{'D6'},{'D4'},,,&,1.0,&
{'R3'},{'R1'},{'D1'},{'R2'},{'D7'},{'D5'},,,,,&,1.0,&
{'R3'},{'R1'},{'D1'},{'R2'},{'D4'},,,,,,&,1.0,&
{'R3'},{'R1'},{'D1'},{'R2'},{'D4'},{'D2'},,,,,&,1.0,&
{'R3'},{'R1'},{'D1'},{'R2'},{'D4'},{'D2'},{'D3'},,,,&,1.0,&
{'R3'},{'R1'},{'D1'},{'R2'},{'D4'},{'D7'},{'D6'},,,,&,1.0,&
{'R3'},{'R1'},{'D1'},{'R2'},{'D4'},{'D6'},,,,,&,1.0,&
{'R3'},{'R1'},{'D1'},{'R2'},{'D2'},,,,,,&,9.0,&
{'R3'},{'R1'},{'D1'},{'R2'},{'D2'},{'D4'},{'D7'},{'D5'},{'D3'},,&,1.0,&
{'R3'},{'R1'},{'D1'},{'R2'},{'D2'},{'D4'},{'D7'},{'D3'},{'D6'},{'D5'},&,1.0,&
{'R3'},{'R1'},{'D1'},{'R2'},{'D2'},{'D3'},,,,,&,1.0,&
{'R3'},{'R1'},{'D1'},{'R2'},{'D2'},{'D7'},,,,,&,6.0,&
{'R3'},{'R1'},{'D1'},{'R2'},{'D2'},{'D7'},{'D3'},,,,&,1.0,&
{'R3'},{'R1'},{'D1'},{'R2'},{'D2'},{'D7'},{'D3'},{'D6'},{'D4'},{'D5'},&,1.0,&
{'R3'},{'R1'},{'D1'},{'R2'},{'D2'},{'D7'},{'D4'},,,,&,1.0,&
{'R3'},{'R1'},{'D1'},{'R2'},{'D2'},{'D7'},{'D6'},,,,&,1.0,&
{'R3'},{'R1'},{'D1'},{'R2'},{'D2'},{'D6'},{'D7'},{'D4'},{'D3'},,&,1.0,&
{'R3'},{'R1'},{'D1'},{'R2'},{'D6'},,,,,,&,1.0,&
{'R3'},{'R1'},{'D1'},{'R2'},{'D6'},{'D2'},{'D7'},,,,&,1.0,&
{'R3'},{'R1'},{'D1'},{'R2'},{'D3'},{'D2'},{'D7'},{'D5'},{'D6'},{'D4'},&,1.0,&
{'R3'},{'R1'},{'D1'},{'R2'},{'D5'},{'D7'},{'D3'},{'D2'},,,&,1.0,&
{'R3'},{'R1'},{'D1'},{'D7'},,,,,,,&,7.0,&
{'R3'},{'R1'},{'D1'},{'D7'},{'R2'},{'D4'},{'D2'},{'D3'},{'D6'},{'D5'},&,2.0,&
{'R3'},{'R1'},{'D1'},{'D7'},{'R2'},{'D4'},{'D5'},{'D2'},{'D3'},,&,1.0,&
{'R3'},{'R1'},{'D1'},{'D7'},{'R2'},{'D3'},{'D2'},{'D4'},,,&,1.0,&
{'R3'},{'R1'},{'D1'},{'D7'},{'R2'},{'D3'},{'D2'},{'D4'},{'D6'},,&,1.0,&
{'R3'},{'R1'},{'D1'},{'D7'},{'R2'},{'D2'},,,,,&,2.0,&
{'R3'},{'R1'},{'D1'},{'D7'},{'R2'},{'D2'},{'D3'},,,,&,1.0,&
{'R3'},{'R1'},{'D1'},{'D7'},{'R2'},{'D2'},{'D4'},{'D3'},{'D5'},{'D6'},&,1.0,&
{'R3'},{'R1'},{'D1'},{'D7'},{'D4'},{'D2'},,,,,&,1.0,&
{'R3'},{'R1'},{'D1'},{'D7'},{'D4'},{'D2'},{'R2'},{'D3'},,,&,1.0,&
{'R3'},{'R1'},{'D1'},{'D7'},{'D4'},{'D2'},{'D6'},{'R2'},,,&,1.0,&
{'R3'},{'R1'},{'D1'},{'D7'},{'D4'},{'R2'},{'D2'},{'D3'},{'D6'},{'D5'},&,1.0,&
{'R3'},{'R1'},{'D1'},{'D7'},{'D2'},,,,,,&,4.0,&
{'R3'},{'R1'},{'D1'},{'D7'},{'D2'},{'D4'},{'R2'},{'D6'},{'D3'},,&,1.0,&
{'R3'},{'R1'},{'D1'},{'D7'},{'D2'},{'D3'},,,,,&,1.0,&
{'R3'},{'R1'},{'D1'},{'D7'},{'D2'},{'R2'},,,,,&,2.0,&
{'R3'},{'R1'},{'D1'},{'D7'},{'D2'},{'R2'},{'D3'},,,,&,1.0,&
{'R3'},{'R1'},{'D1'},{'D7'},{'D2'},{'R2'},{'D3'},{'D6'},{'D4'},{'D5'},&,1.0,&
{'R3'},{'R1'},{'D1'},{'D7'},{'D2'},{'R2'},{'D5'},{'D3'},{'D6'},,&,1.0,&
{'R3'},{'R1'},{'D1'},{'D7'},{'D2'},{'R2'},{'D4'},,,,&,1.0,&
{'R3'},{'R1'},{'D1'},{'D7'},{'D6'},,,,,,&,1.0,&
{'R3'},{'R1'},{'D1'},{'D7'},{'D6'},{'D4'},{'R2'},{'D2'},{'D3'},{'D5'},&,1.0,&
{'R3'},{'R1'},{'D1'},{'D7'},{'D3'},,,,,,&,2.0,&
{'R3'},{'R1'},{'D1'},{'D7'},{'D3'},{'D4'},{'D2'},{'D5'},{'D6'},,&,1.0,&
{'R3'},{'R1'},{'D1'},{'D7'},{'D3'},{'D2'},{'R2'},,,,&,1.0,&
{'R3'},{'R1'},{'D1'},{'D7'},{'D3'},{'R2'},{'D6'},{'D2'},,,&,1.0,&
{'R3'},{'R1'},{'D1'},{'D4'},,,,,,,&,5.0,&
{'R3'},{'R1'},{'D1'},{'D4'},{'D7'},{'D2'},{'D3'},{'D6'},{'D5'},,&,1.0,&
{'R3'},{'R1'},{'D1'},{'D4'},{'D7'},{'R2'},,,,,&,1.0,&
{'R3'},{'R1'},{'D1'},{'D4'},{'R2'},,,,,,&,2.0,&
{'R3'},{'R1'},{'D1'},{'D4'},{'R2'},{'D2'},,,,,&,1.0,&
{'R3'},{'R1'},{'D1'},{'D4'},{'R2'},{'D7'},,,,,&,1.0,&
{'R3'},{'R1'},{'D1'},{'D4'},{'R2'},{'D7'},{'D2'},,,,&,1.0,&
{'R3'},{'R1'},{'D1'},{'D4'},{'D2'},{'D7'},{'D3'},,,,&,1.0,&
{'R3'},{'R1'},{'D1'},{'D4'},{'D2'},{'R2'},,,,,&,1.0,&
{'R3'},{'R1'},{'D1'},{'D4'},{'D6'},{'R2'},{'D7'},{'D3'},,,&,1.0,&
{'R3'},{'R1'},{'D1'},{'D3'},{'D7'},{'D4'},{'D2'},{'D6'},{'D5'},,&,1.0,&
{'R3'},{'R1'},{'D1'},{'D3'},{'D7'},{'R2'},,,,,&,2.0,&
{'R3'},{'R1'},{'D1'},{'D3'},{'D7'},{'D6'},{'D2'},{'D4'},{'D5'},{'R2'},&,1.0,&
{'R3'},{'R1'},{'D1'},{'D3'},{'R2'},{'D2'},,,,,&,1.0,&
{'R3'},{'R1'},{'D1'},{'D3'},{'R2'},{'D7'},,,,,&,1.0,&
{'R3'},{'R1'},{'D1'},{'D6'},,,,,,,&,1.0,&
{'R3'},{'R1'},{'D1'},{'D6'},{'R2'},{'D2'},,,,,&,1.0,&
{'R3'},{'R1'},{'D1'},{'D6'},{'R2'},{'D2'},{'D7'},,,,&,1.0,&
{'R3'},{'R1'},{'D1'},{'D5'},{'D2'},{'R2'},{'D7'},{'D3'},{'D6'},{'D4'},&,1.0,&
{'R3'},{'R1'},{'D4'},,,,,,,,&,13.0,&
{'R3'},{'R1'},{'D4'},{'D2'},,,,,,,&,4.0,&
{'R3'},{'R1'},{'D4'},{'D2'},{'D7'},{'D1'},{'D3'},{'R2'},{'D6'},{'D5'},&,1.0,&
{'R3'},{'R1'},{'D4'},{'D2'},{'D7'},{'D1'},{'D6'},{'D5'},{'D3'},,&,1.0,&
{'R3'},{'R1'},{'D4'},{'D2'},{'D1'},{'D3'},{'D7'},{'R2'},,,&,1.0,&
{'R3'},{'R1'},{'D4'},{'D2'},{'D1'},{'D7'},{'R2'},,,,&,1.0,&
{'R3'},{'R1'},{'D4'},{'D2'},{'R2'},,,,,,&,2.0,&
{'R3'},{'R1'},{'D4'},{'D2'},{'R2'},{'D1'},,,,,&,1.0,&
{'R3'},{'R1'},{'D4'},{'D2'},{'R2'},{'D1'},{'D7'},,,,&,1.0,&
{'R3'},{'R1'},{'D4'},{'D2'},{'R2'},{'D7'},,,,,&,1.0,&
{'R3'},{'R1'},{'D4'},{'D2'},{'R2'},{'D7'},{'D1'},,,,&,1.0,&
{'R3'},{'R1'},{'D4'},{'D2'},{'D6'},{'D1'},{'R2'},,,,&,1.0,&
{'R3'},{'R1'},{'D4'},{'D2'},{'D6'},{'D1'},{'R2'},{'D7'},{'D3'},,&,1.0,&
{'R3'},{'R1'},{'D4'},{'D2'},{'D3'},{'D1'},{'D7'},,,,&,1.0,&
{'R3'},{'R1'},{'D4'},{'D1'},,,,,,,&,1.0,&
{'R3'},{'R1'},{'D4'},{'D1'},{'D7'},,,,,,&,1.0,&
{'R3'},{'R1'},{'D4'},{'D1'},{'R2'},{'D2'},{'D7'},{'D3'},{'D6'},{'D5'},&,1.0,&
{'R3'},{'R1'},{'D4'},{'D1'},{'D3'},,,,,,&,1.0,&
{'R3'},{'R1'},{'D4'},{'R2'},,,,,,,&,6.0,&
{'R3'},{'R1'},{'D4'},{'R2'},{'D7'},{'D2'},{'D1'},,,,&,1.0,&
{'R3'},{'R1'},{'D4'},{'R2'},{'D7'},{'D2'},{'D1'},{'D6'},,,&,1.0,&
{'R3'},{'R1'},{'D4'},{'R2'},{'D7'},{'D1'},{'D3'},{'D2'},{'D6'},{'D5'},&,1.0,&
{'R3'},{'R1'},{'D4'},{'R2'},{'D7'},{'D1'},{'D2'},,,,&,1.0,&
{'R3'},{'R1'},{'D4'},{'R2'},{'D7'},{'D1'},{'D5'},{'D6'},{'D2'},{'D3'},&,1.0,&
{'R3'},{'R1'},{'D4'},{'R2'},{'D7'},{'D1'},{'D6'},{'D2'},,,&,1.0,&
{'R3'},{'R1'},{'D4'},{'R2'},{'D1'},,,,,,&,3.0,&
{'R3'},{'R1'},{'D4'},{'R2'},{'D1'},{'D7'},,,,,&,2.0,&
{'R3'},{'R1'},{'D4'},{'R2'},{'D2'},{'D3'},,,,,&,1.0,&
{'R3'},{'R1'},{'D4'},{'R2'},{'D2'},{'D1'},{'D7'},{'D3'},{'D6'},{'D5'},&,1.0,&
{'R3'},{'R1'},{'D4'},{'R2'},{'D2'},{'D7'},,,,,&,2.0,&
{'R3'},{'R1'},{'D4'},{'R2'},{'D2'},{'D7'},{'D3'},,,,&,1.0,&
{'R3'},{'R1'},{'D4'},{'R2'},{'D2'},{'D6'},{'D7'},{'D3'},,,&,1.0,&
{'R3'},{'R1'},{'D4'},{'R2'},{'D6'},,,,,,&,1.0,&
{'R3'},{'R1'},{'D4'},{'R2'},{'D5'},,,,,,&,1.0,&
{'R3'},{'R1'},{'D4'},{'D7'},,,,,,,&,2.0,&
{'R3'},{'R1'},{'D4'},{'D7'},{'D1'},{'R2'},{'D2'},{'D6'},,,&,1.0,&
{'R3'},{'R1'},{'D4'},{'D7'},{'R2'},{'D2'},,,,,&,1.0,&
{'R3'},{'R1'},{'D4'},{'D7'},{'D2'},,,,,,&,1.0,&
{'R3'},{'R1'},{'D4'},{'D7'},{'D2'},{'D1'},{'D3'},,,,&,1.0,&
{'R3'},{'R1'},{'D4'},{'D7'},{'D2'},{'D1'},{'D5'},{'R2'},,,&,1.0,&
{'R3'},{'R1'},{'D4'},{'D7'},{'D2'},{'D1'},{'R2'},,,,&,1.0,&
{'R3'},{'R1'},{'D4'},{'D7'},{'D2'},{'R2'},,,,,&,1.0,&
{'R3'},{'R1'},{'D4'},{'D7'},{'D2'},{'R2'},{'D1'},,,,&,1.0,&
{'R3'},{'R1'},{'D4'},{'D7'},{'D3'},{'D2'},,,,,&,1.0,&
{'R3'},{'R1'},{'D4'},{'D3'},{'D7'},{'R2'},,,,,&,1.0,&
{'R3'},{'R1'},{'D4'},{'D6'},,,,,,,&,1.0,&
{'R3'},{'R1'},{'D4'},{'D5'},{'D7'},{'R2'},{'D1'},,,,&,1.0,&
{'R3'},{'R1'},,,,,,,,,&,150.0,&
{'R3'},{'R1'},{'D7'},,,,,,,,&,55.0,&
{'R3'},{'R1'},{'D7'},{'D2'},,,,,,,&,11.0,&
{'R3'},{'R1'},{'D7'},{'D2'},{'D1'},,,,,,&,2.0,&
{'R3'},{'R1'},{'D7'},{'D2'},{'D1'},{'D4'},,,,,&,1.0,&
{'R3'},{'R1'},{'D7'},{'D2'},{'D1'},{'D4'},{'D3'},{'D5'},,,&,1.0,&
{'R3'},{'R1'},{'D7'},{'D2'},{'D1'},{'D4'},{'D3'},{'D6'},{'D5'},{'R2'},&,1.0,&
{'R3'},{'R1'},{'D7'},{'D2'},{'D1'},{'D4'},{'D6'},{'D3'},{'D5'},{'R2'},&,1.0,&
{'R3'},{'R1'},{'D7'},{'D2'},{'D1'},{'D3'},{'D4'},,,,&,1.0,&
{'R3'},{'R1'},{'D7'},{'D2'},{'D1'},{'D3'},{'D4'},{'D6'},{'D5'},,&,1.0,&
{'R3'},{'R1'},{'D7'},{'D2'},{'D1'},{'D3'},{'R2'},{'D6'},{'D4'},{'D5'},&,1.0,&
{'R3'},{'R1'},{'D7'},{'D2'},{'D1'},{'D3'},{'D6'},{'R2'},,,&,1.0,&
{'R3'},{'R1'},{'D7'},{'D2'},{'D1'},{'D5'},{'D4'},,,,&,1.0,&
{'R3'},{'R1'},{'D7'},{'D2'},{'D1'},{'R2'},,,,,&,3.0,&
{'R3'},{'R1'},{'D7'},{'D2'},{'D1'},{'R2'},{'D4'},,,,&,1.0,&
{'R3'},{'R1'},{'D7'},{'D2'},{'D1'},{'R2'},{'D4'},{'D5'},{'D6'},,&,1.0,&
{'R3'},{'R1'},{'D7'},{'D2'},{'D1'},{'R2'},{'D4'},{'D3'},,,&,1.0,&
{'R3'},{'R1'},{'D7'},{'D2'},{'R2'},,,,,,&,7.0,&
{'R3'},{'R1'},{'D7'},{'D2'},{'R2'},{'D4'},,,,,&,3.0,&
{'R3'},{'R1'},{'D7'},{'D2'},{'R2'},{'D4'},{'D1'},,,,&,2.0,&
{'R3'},{'R1'},{'D7'},{'D2'},{'R2'},{'D4'},{'D1'},{'D3'},{'D5'},,&,1.0,&
{'R3'},{'R1'},{'D7'},{'D2'},{'R2'},{'D3'},{'D1'},{'D4'},,,&,1.0,&
{'R3'},{'R1'},{'D7'},{'D2'},{'R2'},{'D3'},{'D4'},{'D6'},,,&,1.0,&
{'R3'},{'R1'},{'D7'},{'D2'},{'R2'},{'D1'},,,,,&,5.0,&
{'R3'},{'R1'},{'D7'},{'D2'},{'R2'},{'D1'},{'D3'},{'D6'},,,&,1.0,&
{'R3'},{'R1'},{'D7'},{'D2'},{'R2'},{'D1'},{'D3'},{'D4'},{'D6'},,&,1.0,&
{'R3'},{'R1'},{'D7'},{'D2'},{'R2'},{'D1'},{'D4'},{'D6'},,,&,1.0,&
{'R3'},{'R1'},{'D7'},{'D2'},{'R2'},{'D1'},{'D4'},{'D6'},{'D3'},,&,1.0,&
{'R3'},{'R1'},{'D7'},{'D2'},{'R2'},{'D1'},{'D4'},{'D3'},{'D6'},{'D5'},&,1.0,&
{'R3'},{'R1'},{'D7'},{'D2'},{'R2'},{'D1'},{'D4'},{'D3'},{'D5'},,&,1.0,&
{'R3'},{'R1'},{'D7'},{'D2'},{'R2'},{'D1'},{'D6'},{'D3'},,,&,1.0,&
{'R3'},{'R1'},{'D7'},{'D2'},{'R2'},{'D6'},{'D1'},{'D3'},,,&,1.0,&
{'R3'},{'R1'},{'D7'},{'D2'},{'D4'},,,,,,&,2.0,&
{'R3'},{'R1'},{'D7'},{'D2'},{'D4'},{'D1'},{'R2'},{'D6'},{'D5'},,&,1.0,&
{'R3'},{'R1'},{'D7'},{'D2'},{'D4'},{'R2'},{'D1'},{'D6'},{'D3'},{'D5'},&,1.0,&
{'R3'},{'R1'},{'D7'},{'D2'},{'D4'},{'D6'},{'D1'},{'D5'},{'D3'},{'R2'},&,1.0,&
{'R3'},{'R1'},{'D7'},{'D2'},{'D3'},{'R2'},{'D1'},{'D4'},{'D6'},,&,1.0,&
{'R3'},{'R1'},{'D7'},{'D2'},{'D3'},{'R2'},{'D4'},{'D1'},,,&,2.0,&
{'R3'},{'R1'},{'D7'},{'D2'},{'D5'},{'D1'},{'D4'},{'R2'},,,&,1.0,&
{'R3'},{'R1'},{'D7'},{'D1'},,,,,,,&,8.0,&
{'R3'},{'R1'},{'D7'},{'D1'},{'R2'},,,,,,&,5.0,&
{'R3'},{'R1'},{'D7'},{'D1'},{'R2'},{'D2'},,,,,&,2.0,&
{'R3'},{'R1'},{'D7'},{'D1'},{'R2'},{'D2'},{'D3'},{'D4'},,,&,1.0,&
{'R3'},{'R1'},{'D7'},{'D1'},{'R2'},{'D2'},{'D4'},{'D6'},{'D5'},{'D3'},&,1.0,&
{'R3'},{'R1'},{'D7'},{'D1'},{'R2'},{'D2'},{'D4'},{'D3'},{'D6'},{'D5'},&,1.0,&
{'R3'},{'R1'},{'D7'},{'D1'},{'R2'},{'D5'},{'D2'},{'D6'},{'D4'},{'D3'},&,1.0,&
{'R3'},{'R1'},{'D7'},{'D1'},{'D4'},{'D2'},{'R2'},{'D6'},{'D3'},{'D5'},&,1.0,&
{'R3'},{'R1'},{'D7'},{'D1'},{'D4'},{'R2'},,,,,&,1.0,&
{'R3'},{'R1'},{'D7'},{'D1'},{'D2'},,,,,,&,2.0,&
{'R3'},{'R1'},{'D7'},{'D1'},{'D2'},{'D4'},,,,,&,2.0,&
{'R3'},{'R1'},{'D7'},{'D1'},{'D2'},{'D4'},{'D3'},{'D6'},{'R2'},{'D5'},&,2.0,&
{'R3'},{'R1'},{'D7'},{'D1'},{'D2'},{'D4'},{'D6'},{'R2'},,,&,1.0,&
{'R3'},{'R1'},{'D7'},{'D1'},{'D2'},{'D3'},{'D4'},,,,&,1.0,&
{'R3'},{'R1'},{'D7'},{'D1'},{'D2'},{'D3'},{'R2'},,,,&,1.0,&
{'R3'},{'R1'},{'D7'},{'D1'},{'D2'},{'R2'},{'D4'},{'D6'},{'D3'},,&,1.0,&
{'R3'},{'R1'},{'D7'},{'D1'},{'D2'},{'D6'},{'D3'},,,,&,1.0,&
{'R3'},{'R1'},{'D7'},{'D1'},{'D2'},{'D6'},{'R2'},{'D4'},,,&,1.0,&
{'R3'},{'R1'},{'D7'},{'D1'},{'D6'},,,,,,&,2.0,&
{'R3'},{'R1'},{'D7'},{'D1'},{'D3'},{'R2'},{'D2'},{'D4'},,,&,1.0,&
{'R3'},{'R1'},{'D7'},{'R2'},,,,,,,&,17.0,&
{'R3'},{'R1'},{'D7'},{'R2'},{'D1'},,,,,,&,2.0,&
{'R3'},{'R1'},{'D7'},{'R2'},{'D1'},{'D3'},{'D2'},{'D4'},{'D6'},{'D5'},&,1.0,&
{'R3'},{'R1'},{'D7'},{'R2'},{'D1'},{'D2'},,,,,&,5.0,&
{'R3'},{'R1'},{'D7'},{'R2'},{'D1'},{'D2'},{'D3'},{'D4'},,,&,1.0,&
{'R3'},{'R1'},{'D7'},{'R2'},{'D1'},{'D2'},{'D3'},{'D4'},{'D6'},{'D5'},&,1.0,&
{'R3'},{'R1'},{'D7'},{'R2'},{'D1'},{'D2'},{'D5'},,,,&,1.0,&
{'R3'},{'R1'},{'D7'},{'R2'},{'D1'},{'D2'},{'D4'},,,,&,1.0,&
{'R3'},{'R1'},{'D7'},{'R2'},{'D1'},{'D2'},{'D4'},{'D5'},{'D6'},,&,1.0,&
{'R3'},{'R1'},{'D7'},{'R2'},{'D1'},{'D2'},{'D4'},{'D6'},,,&,1.0,&
{'R3'},{'R1'},{'D7'},{'R2'},{'D1'},{'D2'},{'D6'},{'D3'},{'D4'},{'D5'},&,1.0,&
{'R3'},{'R1'},{'D7'},{'R2'},{'D1'},{'D6'},{'D2'},{'D4'},,,&,1.0,&
{'R3'},{'R1'},{'D7'},{'R2'},{'D4'},{'D2'},,,,,&,1.0,&
{'R3'},{'R1'},{'D7'},{'R2'},{'D4'},{'D2'},{'D1'},,,,&,2.0,&
{'R3'},{'R1'},{'D7'},{'R2'},{'D4'},{'D2'},{'D1'},{'D6'},{'D3'},,&,2.0,&
{'R3'},{'R1'},{'D7'},{'R2'},{'D4'},{'D2'},{'D1'},{'D3'},{'D6'},{'D5'},&,1.0,&
{'R3'},{'R1'},{'D7'},{'R2'},{'D4'},{'D1'},,,,,&,2.0,&
{'R3'},{'R1'},{'D7'},{'R2'},{'D4'},{'D1'},{'D2'},,,,&,2.0,&
{'R3'},{'R1'},{'D7'},{'R2'},{'D4'},{'D1'},{'D2'},{'D6'},{'D3'},,&,1.0,&
{'R3'},{'R1'},{'D7'},{'R2'},{'D4'},{'D1'},{'D2'},{'D3'},{'D5'},{'D6'},&,1.0,&
{'R3'},{'R1'},{'D7'},{'R2'},{'D2'},,,,,,&,5.0,&
{'R3'},{'R1'},{'D7'},{'R2'},{'D2'},{'D4'},,,,,&,1.0,&
{'R3'},{'R1'},{'D7'},{'R2'},{'D2'},{'D4'},{'D1'},,,,&,1.0,&
{'R3'},{'R1'},{'D7'},{'R2'},{'D2'},{'D4'},{'D1'},{'D6'},,,&,1.0,&
{'R3'},{'R1'},{'D7'},{'R2'},{'D2'},{'D1'},,,,,&,5.0,&
{'R3'},{'R1'},{'D7'},{'R2'},{'D2'},{'D1'},{'D3'},,,,&,1.0,&
{'R3'},{'R1'},{'D7'},{'R2'},{'D2'},{'D1'},{'D3'},{'D4'},,,&,1.0,&
{'R3'},{'R1'},{'D7'},{'R2'},{'D2'},{'D1'},{'D4'},,,,&,1.0,&
{'R3'},{'R1'},{'D7'},{'R2'},{'D2'},{'D1'},{'D4'},{'D5'},{'D3'},,&,1.0,&
{'R3'},{'R1'},{'D7'},{'R2'},{'D2'},{'D1'},{'D4'},{'D6'},,,&,1.0,&
{'R3'},{'R1'},{'D7'},{'R2'},{'D2'},{'D1'},{'D4'},{'D3'},{'D5'},{'D6'},&,1.0,&
{'R3'},{'R1'},{'D7'},{'R2'},{'D2'},{'D1'},{'D6'},{'D4'},{'D5'},{'D3'},&,1.0,&
{'R3'},{'R1'},{'D7'},{'R2'},{'D2'},{'D6'},{'D1'},,,,&,1.0,&
{'R3'},{'R1'},{'D7'},{'R2'},{'D2'},{'D6'},{'D4'},,,,&,1.0,&
{'R3'},{'R1'},{'D7'},{'R2'},{'D6'},,,,,,&,2.0,&
{'R3'},{'R1'},{'D7'},{'R2'},{'D6'},{'D2'},,,,,&,1.0,&
{'R3'},{'R1'},{'D7'},{'R2'},{'D6'},{'D1'},{'D2'},{'D4'},{'D3'},{'D5'},&,1.0,&
{'R3'},{'R1'},{'D7'},{'R2'},{'D6'},{'D5'},{'D1'},{'D2'},{'D4'},,&,1.0,&
{'R3'},{'R1'},{'D7'},{'R2'},{'D3'},,,,,,&,1.0,&
{'R3'},{'R1'},{'D7'},{'R2'},{'D3'},{'D4'},{'D2'},{'D5'},{'D1'},{'D6'},&,1.0,&
{'R3'},{'R1'},{'D7'},{'R2'},{'D3'},{'D4'},{'D2'},{'D1'},,,&,1.0,&
{'R3'},{'R1'},{'D7'},{'R2'},{'D3'},{'D4'},{'D1'},,,,&,1.0,&
{'R3'},{'R1'},{'D7'},{'R2'},{'D3'},{'D4'},{'D1'},{'D2'},,,&,1.0,&
{'R3'},{'R1'},{'D7'},{'R2'},{'D3'},{'D2'},,,,,&,1.0,&
{'R3'},{'R1'},{'D7'},{'R2'},{'D3'},{'D2'},{'D4'},{'D1'},{'D6'},{'D5'},&,1.0,&
{'R3'},{'R1'},{'D7'},{'R2'},{'D3'},{'D1'},,,,,&,2.0,&
{'R3'},{'R1'},{'D7'},{'R2'},{'D3'},{'D1'},{'D2'},,,,&,1.0,&
{'R3'},{'R1'},{'D7'},{'D4'},,,,,,,&,5.0,&
{'R3'},{'R1'},{'D7'},{'D4'},{'R2'},,,,,,&,3.0,&
{'R3'},{'R1'},{'D7'},{'D4'},{'R2'},{'D2'},,,,,&,2.0,&
{'R3'},{'R1'},{'D7'},{'D4'},{'R2'},{'D1'},,,,,&,1.0,&
{'R3'},{'R1'},{'D7'},{'D4'},{'R2'},{'D1'},{'D2'},{'D6'},,,&,1.0,&
{'R3'},{'R1'},{'D7'},{'D4'},{'R2'},{'D1'},{'D2'},{'D6'},{'D3'},,&,1.0,&
{'R3'},{'R1'},{'D7'},{'D4'},{'D2'},,,,,,&,1.0,&
{'R3'},{'R1'},{'D7'},{'D4'},{'D2'},{'D1'},,,,,&,1.0,&
{'R3'},{'R1'},{'D7'},{'D4'},{'D2'},{'D1'},{'D3'},{'R2'},,,&,1.0,&
{'R3'},{'R1'},{'D7'},{'D4'},{'D2'},{'D1'},{'R2'},,,,&,1.0,&
{'R3'},{'R1'},{'D7'},{'D4'},{'D2'},{'D1'},{'D6'},,,,&,1.0,&
{'R3'},{'R1'},{'D7'},{'D4'},{'D6'},,,,,,&,1.0,&
{'R3'},{'R1'},{'D7'},{'D3'},{'R2'},,,,,,&,1.0,&
{'R3'},{'R1'},{'D7'},{'D3'},{'R2'},{'D2'},{'D1'},,,,&,1.0,&
{'R3'},{'R1'},{'D7'},{'D3'},{'R2'},{'D6'},{'D2'},{'D1'},,,&,1.0,&
{'R3'},{'R1'},{'D7'},{'D3'},{'D2'},{'R2'},{'D6'},{'D1'},{'D4'},{'D5'},&,1.0,&
{'R3'},{'R1'},{'D7'},{'D6'},,,,,,,&,2.0,&
{'R3'},{'R1'},{'D7'},{'D6'},{'D1'},{'R2'},{'D2'},,,,&,1.0,&
{'R3'},{'R1'},{'D7'},{'D6'},{'R2'},,,,,,&,2.0,&
{'R3'},{'R1'},{'D7'},{'D6'},{'R2'},{'D2'},{'D1'},,,,&,1.0,&
{'R3'},{'R1'},{'D7'},{'D6'},{'R2'},{'D1'},,,,,&,1.0,&
{'R3'},{'R1'},{'D7'},{'D6'},{'D4'},{'D2'},{'D1'},,,,&,1.0,&
{'R3'},{'R1'},{'D7'},{'D6'},{'D4'},{'R2'},{'D2'},{'D3'},{'D1'},{'D5'},&,1.0,&
{'R3'},{'R1'},{'D7'},{'D6'},{'D2'},{'D1'},{'R2'},{'D4'},{'D5'},,&,1.0,&
{'R3'},{'R1'},{'D2'},,,,,,,,&,55.0,&
{'R3'},{'R1'},{'D2'},{'D1'},,,,,,,&,7.0,&
{'R3'},{'R1'},{'D2'},{'D1'},{'D7'},,,,,,&,2.0,&
{'R3'},{'R1'},{'D2'},{'D1'},{'D7'},{'D4'},{'D3'},,,,&,1.0,&
{'R3'},{'R1'},{'D2'},{'D1'},{'D7'},{'D4'},{'D3'},{'D6'},{'D5'},,&,1.0,&
{'R3'},{'R1'},{'D2'},{'D1'},{'D7'},{'D4'},{'R2'},{'D3'},{'D6'},,&,1.0,&
{'R3'},{'R1'},{'D2'},{'D1'},{'D7'},{'D4'},{'R2'},{'D3'},{'D6'},{'D5'},&,1.0,&
{'R3'},{'R1'},{'D2'},{'D1'},{'D7'},{'D3'},{'R2'},,,,&,1.0,&
{'R3'},{'R1'},{'D2'},{'D1'},{'D7'},{'R2'},,,,,&,1.0,&
{'R3'},{'R1'},{'D2'},{'D1'},{'D7'},{'R2'},{'D4'},,,,&,1.0,&
{'R3'},{'R1'},{'D2'},{'D1'},{'D7'},{'D6'},{'D4'},,,,&,1.0,&
{'R3'},{'R1'},{'D2'},{'D1'},{'R2'},,,,,,&,13.0,&
{'R3'},{'R1'},{'D2'},{'D1'},{'R2'},{'D4'},,,,,&,1.0,&
{'R3'},{'R1'},{'D2'},{'D1'},{'R2'},{'D3'},,,,,&,1.0,&
{'R3'},{'R1'},{'D2'},{'D1'},{'R2'},{'D7'},,,,,&,2.0,&
{'R3'},{'R1'},{'D2'},{'D1'},{'R2'},{'D7'},{'D3'},,,,&,2.0,&
{'R3'},{'R1'},{'D2'},{'D1'},{'R2'},{'D7'},{'D4'},,,,&,1.0,&
{'R3'},{'R1'},{'D2'},{'D1'},{'R2'},{'D7'},{'D4'},{'D6'},{'D3'},{'D5'},&,1.0,&
{'R3'},{'R1'},{'D2'},{'D1'},{'R2'},{'D7'},{'D4'},{'D3'},{'D5'},,&,1.0,&
{'R3'},{'R1'},{'D2'},{'D1'},{'R2'},{'D7'},{'D6'},,,,&,2.0,&
{'R3'},{'R1'},{'D2'},{'D1'},{'D4'},,,,,,&,2.0,&
{'R3'},{'R1'},{'D2'},{'D1'},{'D4'},{'D7'},{'D3'},{'D6'},{'D5'},,&,1.0,&
{'R3'},{'R1'},{'D2'},{'D1'},{'D4'},{'R2'},{'D5'},,,,&,1.0,&
{'R3'},{'R1'},{'D2'},{'D1'},{'D6'},{'D7'},,,,,&,1.0,&
{'R3'},{'R1'},{'D2'},{'D1'},{'D6'},{'D7'},{'D3'},{'D5'},{'D4'},{'R2'},&,1.0,&
{'R3'},{'R1'},{'D2'},{'D1'},{'D6'},{'D7'},{'R2'},{'D4'},{'D3'},,&,1.0,&
{'R3'},{'R1'},{'D2'},{'D1'},{'D6'},{'D7'},{'R2'},{'D4'},{'D3'},{'D5'},&,1.0,&
{'R3'},{'R1'},{'D2'},{'D1'},{'D3'},{'D4'},{'R2'},{'D7'},,,&,1.0,&
{'R3'},{'R1'},{'D2'},{'D1'},{'D3'},{'D7'},{'D4'},,,,&,1.0,&
{'R3'},{'R1'},{'D2'},{'D1'},{'D3'},{'R2'},{'D7'},{'D6'},,,&,1.0,&
{'R3'},{'R1'},{'D2'},{'D1'},{'D5'},{'D4'},,,,,&,1.0,&
{'R3'},{'R1'},{'D2'},{'D1'},{'D5'},{'D7'},{'R2'},{'D4'},{'D3'},{'D6'},&,1.0,&
{'R3'},{'R1'},{'D2'},{'D1'},{'D5'},{'R2'},{'D4'},{'D7'},,,&,1.0,&
{'R3'},{'R1'},{'D2'},{'R2'},,,,,,,&,19.0,&
{'R3'},{'R1'},{'D2'},{'R2'},{'D7'},,,,,,&,6.0,&
{'R3'},{'R1'},{'D2'},{'R2'},{'D7'},{'D4'},,,,,&,4.0,&
{'R3'},{'R1'},{'D2'},{'R2'},{'D7'},{'D4'},{'D3'},,,,&,1.0,&
{'R3'},{'R1'},{'D2'},{'R2'},{'D7'},{'D4'},{'D1'},,,,&,2.0,&
{'R3'},{'R1'},{'D2'},{'R2'},{'D7'},{'D4'},{'D6'},{'D1'},{'D3'},,&,1.0,&
{'R3'},{'R1'},{'D2'},{'R2'},{'D7'},{'D3'},,,,,&,3.0,&
{'R3'},{'R1'},{'D2'},{'R2'},{'D7'},{'D1'},,,,,&,6.0,&
{'R3'},{'R1'},{'D2'},{'R2'},{'D7'},{'D1'},{'D3'},{'D6'},{'D4'},,&,1.0,&
{'R3'},{'R1'},{'D2'},{'R2'},{'D7'},{'D1'},{'D3'},{'D6'},{'D4'},{'D5'},&,1.0,&
{'R3'},{'R1'},{'D2'},{'R2'},{'D7'},{'D1'},{'D3'},{'D4'},,,&,2.0,&
{'R3'},{'R1'},{'D2'},{'R2'},{'D7'},{'D1'},{'D3'},{'D4'},{'D6'},{'D5'},&,2.0,&
{'R3'},{'R1'},{'D2'},{'R2'},{'D7'},{'D1'},{'D4'},{'D5'},,,&,1.0,&
{'R3'},{'R1'},{'D2'},{'R2'},{'D7'},{'D1'},{'D4'},{'D6'},{'D3'},,&,1.0,&
{'R3'},{'R1'},{'D2'},{'R2'},{'D7'},{'D1'},{'D6'},{'D4'},,,&,2.0,&
{'R3'},{'R1'},{'D2'},{'R2'},{'D7'},{'D1'},{'D6'},{'D4'},{'D3'},{'D5'},&,1.0,&
{'R3'},{'R1'},{'D2'},{'R2'},{'D7'},{'D6'},,,,,&,2.0,&
{'R3'},{'R1'},{'D2'},{'R2'},{'D1'},,,,,,&,5.0,&
{'R3'},{'R1'},{'D2'},{'R2'},{'D1'},{'D4'},,,,,&,1.0,&
{'R3'},{'R1'},{'D2'},{'R2'},{'D1'},{'D4'},{'D7'},,,,&,3.0,&
{'R3'},{'R1'},{'D2'},{'R2'},{'D1'},{'D4'},{'D7'},{'D6'},{'D3'},{'D5'},&,1.0,&
{'R3'},{'R1'},{'D2'},{'R2'},{'D1'},{'D4'},{'D7'},{'D3'},,,&,1.0,&
{'R3'},{'R1'},{'D2'},{'R2'},{'D1'},{'D3'},,,,,&,1.0,&
{'R3'},{'R1'},{'D2'},{'R2'},{'D1'},{'D3'},{'D4'},{'D7'},{'D6'},{'D5'},&,1.0,&
{'R3'},{'R1'},{'D2'},{'R2'},{'D1'},{'D5'},{'D3'},,,,&,1.0,&
{'R3'},{'R1'},{'D2'},{'R2'},{'D1'},{'D7'},,,,,&,1.0,&
{'R3'},{'R1'},{'D2'},{'R2'},{'D1'},{'D7'},{'D3'},{'D5'},{'D4'},{'D6'},&,1.0,&
{'R3'},{'R1'},{'D2'},{'R2'},{'D1'},{'D7'},{'D3'},{'D6'},{'D4'},{'D5'},&,1.0,&
{'R3'},{'R1'},{'D2'},{'R2'},{'D1'},{'D7'},{'D3'},{'D4'},{'D6'},{'D5'},&,1.0,&
{'R3'},{'R1'},{'D2'},{'R2'},{'D1'},{'D7'},{'D4'},,,,&,2.0,&
{'R3'},{'R1'},{'D2'},{'R2'},{'D1'},{'D7'},{'D4'},{'D6'},{'D3'},{'D5'},&,1.0,&
{'R3'},{'R1'},{'D2'},{'R2'},{'D1'},{'D7'},{'D4'},{'D3'},{'D6'},{'D5'},&,1.0,&
{'R3'},{'R1'},{'D2'},{'R2'},{'D1'},{'D7'},{'D6'},{'D3'},{'D4'},{'D5'},&,1.0,&
{'R3'},{'R1'},{'D2'},{'R2'},{'D1'},{'D6'},{'D7'},,,,&,1.0,&
{'R3'},{'R1'},{'D2'},{'R2'},{'D4'},,,,,,&,1.0,&
{'R3'},{'R1'},{'D2'},{'R2'},{'D4'},{'D1'},,,,,&,2.0,&
{'R3'},{'R1'},{'D2'},{'R2'},{'D4'},{'D1'},{'D3'},{'D7'},{'D5'},,&,1.0,&
{'R3'},{'R1'},{'D2'},{'R2'},{'D4'},{'D7'},,,,,&,1.0,&
{'R3'},{'R1'},{'D2'},{'R2'},{'D4'},{'D7'},{'D3'},,,,&,1.0,&
{'R3'},{'R1'},{'D2'},{'R2'},{'D4'},{'D7'},{'D1'},{'D3'},,,&,1.0,&
{'R3'},{'R1'},{'D2'},{'R2'},{'D6'},,,,,,&,1.0,&
{'R3'},{'R1'},{'D2'},{'R2'},{'D6'},{'D4'},,,,,&,1.0,&
{'R3'},{'R1'},{'D2'},{'R2'},{'D6'},{'D7'},{'D1'},{'D4'},,,&,1.0,&
{'R3'},{'R1'},{'D2'},{'R2'},{'D3'},,,,,,&,1.0,&
{'R3'},{'R1'},{'D2'},{'R2'},{'D3'},{'D1'},,,,,&,1.0,&
{'R3'},{'R1'},{'D2'},{'R2'},{'D3'},{'D7'},,,,,&,1.0,&
{'R3'},{'R1'},{'D2'},{'R2'},{'D5'},{'D1'},{'D7'},,,,&,1.0,&
{'R3'},{'R1'},{'D2'},{'D7'},,,,,,,&,6.0,&
{'R3'},{'R1'},{'D2'},{'D7'},{'D1'},,,,,,&,4.0,&
{'R3'},{'R1'},{'D2'},{'D7'},{'D1'},{'D4'},{'D3'},{'R2'},{'D6'},,&,1.0,&
{'R3'},{'R1'},{'D2'},{'D7'},{'D1'},{'D4'},{'R2'},,,,&,1.0,&
{'R3'},{'R1'},{'D2'},{'D7'},{'D1'},{'D4'},{'D6'},,,,&,1.0,&
{'R3'},{'R1'},{'D2'},{'D7'},{'D1'},{'D4'},{'D6'},{'R2'},{'D3'},{'D5'},&,1.0,&
{'R3'},{'R1'},{'D2'},{'D7'},{'D1'},{'D3'},{'D4'},,,,&,2.0,&
{'R3'},{'R1'},{'D2'},{'D7'},{'D1'},{'D3'},{'D6'},{'R2'},,,&,1.0,&
{'R3'},{'R1'},{'D2'},{'D7'},{'D1'},{'R2'},,,,,&,1.0,&
{'R3'},{'R1'},{'D2'},{'D7'},{'D1'},{'R2'},{'D3'},{'D6'},{'D4'},{'D5'},&,1.0,&
{'R3'},{'R1'},{'D2'},{'D7'},{'D1'},{'R2'},{'D5'},{'D4'},{'D3'},{'D6'},&,1.0,&
{'R3'},{'R1'},{'D2'},{'D7'},{'D1'},{'R2'},{'D4'},,,,&,2.0,&
{'R3'},{'R1'},{'D2'},{'D7'},{'D1'},{'R2'},{'D4'},{'D3'},{'D6'},,&,1.0,&
{'R3'},{'R1'},{'D2'},{'D7'},{'D1'},{'R2'},{'D6'},{'D4'},{'D3'},,&,1.0,&
{'R3'},{'R1'},{'D2'},{'D7'},{'D1'},{'D6'},,,,,&,1.0,&
{'R3'},{'R1'},{'D2'},{'D7'},{'R2'},,,,,,&,6.0,&
{'R3'},{'R1'},{'D2'},{'D7'},{'R2'},{'D4'},{'D3'},{'D6'},{'D1'},,&,1.0,&
{'R3'},{'R1'},{'D2'},{'D7'},{'R2'},{'D4'},{'D1'},{'D5'},{'D6'},{'D3'},&,1.0,&
{'R3'},{'R1'},{'D2'},{'D7'},{'R2'},{'D3'},{'D4'},{'D1'},,,&,1.0,&
{'R3'},{'R1'},{'D2'},{'D7'},{'R2'},{'D1'},,,,,&,3.0,&
{'R3'},{'R1'},{'D2'},{'D7'},{'R2'},{'D1'},{'D3'},,,,&,1.0,&
{'R3'},{'R1'},{'D2'},{'D7'},{'R2'},{'D1'},{'D4'},{'D6'},,,&,1.0,&
{'R3'},{'R1'},{'D2'},{'D7'},{'R2'},{'D6'},{'D1'},,,,&,1.0,&
{'R3'},{'R1'},{'D2'},{'D7'},{'R2'},{'D6'},{'D1'},{'D4'},{'D3'},,&,1.0,&
{'R3'},{'R1'},{'D2'},{'D7'},{'R2'},{'D6'},{'D4'},,,,&,1.0,&
{'R3'},{'R1'},{'D2'},{'D7'},{'D4'},{'D1'},{'R2'},{'D6'},{'D3'},{'D5'},&,1.0,&
{'R3'},{'R1'},{'D2'},{'D7'},{'D4'},{'D1'},{'D6'},{'R2'},{'D3'},{'D5'},&,1.0,&
{'R3'},{'R1'},{'D2'},{'D7'},{'D4'},{'R2'},,,,,&,2.0,&
{'R3'},{'R1'},{'D2'},{'D7'},{'D4'},{'R2'},{'D1'},{'D6'},{'D3'},{'D5'},&,1.0,&
{'R3'},{'R1'},{'D2'},{'D7'},{'D4'},{'R2'},{'D1'},{'D3'},{'D6'},,&,1.0,&
{'R3'},{'R1'},{'D2'},{'D7'},{'D4'},{'R2'},{'D6'},{'D1'},,,&,1.0,&
{'R3'},{'R1'},{'D2'},{'D7'},{'D6'},{'D4'},{'D1'},,,,&,1.0,&
{'R3'},{'R1'},{'D2'},{'D7'},{'D6'},{'D4'},{'D1'},{'D3'},,,&,1.0,&
{'R3'},{'R1'},{'D2'},{'D7'},{'D6'},{'D1'},,,,,&,1.0,&
{'R3'},{'R1'},{'D2'},{'D7'},{'D6'},{'D1'},{'R2'},,,,&,1.0,&
{'R3'},{'R1'},{'D2'},{'D7'},{'D3'},{'D1'},{'D5'},{'D4'},,,&,1.0,&
{'R3'},{'R1'},{'D2'},{'D7'},{'D3'},{'D1'},{'D6'},{'R2'},,,&,1.0,&
{'R3'},{'R1'},{'D2'},{'D7'},{'D3'},{'R2'},{'D1'},,,,&,1.0,&
{'R3'},{'R1'},{'D2'},{'D7'},{'D3'},{'D6'},{'R2'},,,,&,1.0,&
{'R3'},{'R1'},{'D2'},{'D7'},{'D5'},,,,,,&,1.0,&
{'R3'},{'R1'},{'D2'},{'D4'},,,,,,,&,5.0,&
{'R3'},{'R1'},{'D2'},{'D4'},{'D7'},{'D3'},{'R2'},{'D1'},{'D6'},,&,1.0,&
{'R3'},{'R1'},{'D2'},{'D4'},{'D7'},{'D1'},{'R2'},,,,&,2.0,&
{'R3'},{'R1'},{'D2'},{'D4'},{'D7'},{'D1'},{'R2'},{'D3'},,,&,1.0,&
{'R3'},{'R1'},{'D2'},{'D4'},{'D7'},{'D6'},{'R2'},{'D3'},,,&,1.0,&
{'R3'},{'R1'},{'D2'},{'D4'},{'D1'},{'R2'},{'D7'},{'D6'},,,&,1.0,&
{'R3'},{'R1'},{'D2'},{'D4'},{'D1'},{'R2'},{'D7'},{'D3'},{'D6'},{'D5'},&,1.0,&
{'R3'},{'R1'},{'D2'},{'D4'},{'R2'},,,,,,&,6.0,&
{'R3'},{'R1'},{'D2'},{'D4'},{'R2'},{'D1'},,,,,&,1.0,&
{'R3'},{'R1'},{'D2'},{'D4'},{'R2'},{'D7'},,,,,&,1.0,&
{'R3'},{'R1'},{'D2'},{'D4'},{'R2'},{'D7'},{'D3'},{'D1'},,,&,1.0,&
{'R3'},{'R1'},{'D2'},{'D4'},{'D6'},{'D1'},{'D7'},{'D5'},{'R2'},,&,1.0,&
{'R3'},{'R1'},{'D2'},{'D4'},{'D6'},{'R2'},,,,,&,1.0,&
{'R3'},{'R1'},{'D2'},{'D4'},{'D6'},{'R2'},{'D5'},,,,&,1.0,&
{'R3'},{'R1'},{'D2'},{'D4'},{'D3'},{'R2'},{'D7'},{'D1'},{'D5'},{'D6'},&,1.0,&
{'R3'},{'R1'},{'D2'},{'D4'},{'D5'},{'D1'},{'R2'},,,,&,1.0,&
{'R3'},{'R1'},{'D2'},{'D3'},,,,,,,&,1.0,&
{'R3'},{'R1'},{'D2'},{'D3'},{'D7'},{'D1'},{'D4'},{'D6'},{'R2'},{'D5'},&,1.0,&
{'R3'},{'R1'},{'D2'},{'D3'},{'D7'},{'R2'},{'D1'},{'D4'},,,&,1.0,&
{'R3'},{'R1'},{'D2'},{'D3'},{'D1'},{'R2'},,,,,&,1.0,&
{'R3'},{'R1'},{'D2'},{'D3'},{'D1'},{'R2'},{'D7'},{'D4'},{'D6'},,&,1.0,&
{'R3'},{'R1'},{'D2'},{'D3'},{'D1'},{'R2'},{'D7'},{'D4'},{'D6'},{'D5'},&,1.0,&
{'R3'},{'R1'},{'D2'},{'D3'},{'R2'},{'D4'},{'D7'},{'D1'},{'D6'},{'D5'},&,1.0,&
{'R3'},{'R1'},{'D2'},{'D3'},{'R2'},{'D1'},,,,,&,1.0,&
{'R3'},{'R1'},{'D2'},{'D3'},{'R2'},{'D7'},,,,,&,1.0,&
{'R3'},{'R1'},{'D2'},{'D6'},,,,,,,&,2.0,&
{'R3'},{'R1'},{'D2'},{'D6'},{'D7'},{'R2'},{'D4'},{'D1'},{'D5'},,&,1.0,&
{'R3'},{'R1'},{'D2'},{'D6'},{'D1'},{'D7'},{'D5'},,,,&,1.0,&
{'R3'},{'R1'},{'D2'},{'D6'},{'R2'},,,,,,&,1.0,&
{'R3'},{'R1'},{'D2'},{'D6'},{'R2'},{'D1'},,,,,&,1.0,&
{'R3'},{'R1'},{'D2'},{'D6'},{'R2'},{'D7'},{'D1'},{'D3'},{'D4'},{'D5'},&,1.0,&
{'R3'},{'R1'},{'D2'},{'D6'},{'R2'},{'D7'},{'D4'},{'D1'},,,&,1.0,&
{'R3'},{'R1'},{'D2'},{'D5'},{'R2'},{'D1'},{'D7'},{'D6'},{'D4'},,&,1.0,&
{'R3'},{'R1'},{'D2'},{'D5'},{'R2'},{'D7'},{'D1'},{'D4'},{'D3'},,&,1.0,&
{'R3'},{'R1'},{'D3'},,,,,,,,&,4.0,&
{'R3'},{'R1'},{'D3'},{'D2'},,,,,,,&,1.0,&
{'R3'},{'R1'},{'D3'},{'D2'},{'D7'},,,,,,&,1.0,&
{'R3'},{'R1'},{'D3'},{'D2'},{'R2'},,,,,,&,1.0,&
{'R3'},{'R1'},{'D3'},{'D2'},{'R2'},{'D7'},{'D1'},{'D5'},,,&,1.0,&
{'R3'},{'R1'},{'D3'},{'D2'},{'D5'},,,,,,&,1.0,&
{'R3'},{'R1'},{'D3'},{'D1'},,,,,,,&,1.0,&
{'R3'},{'R1'},{'D3'},{'D1'},{'R2'},{'D2'},,,,,&,1.0,&
{'R3'},{'R1'},{'D3'},{'D1'},{'R2'},{'D7'},{'D2'},,,,&,1.0,&
{'R3'},{'R1'},{'D3'},{'D1'},{'R2'},{'D7'},{'D4'},,,,&,1.0,&
{'R3'},{'R1'},{'D3'},{'D1'},{'D2'},{'D7'},{'R2'},{'D4'},,,&,1.0,&
{'R3'},{'R1'},{'D3'},{'D1'},{'D2'},{'R2'},,,,,&,1.0,&
{'R3'},{'R1'},{'D3'},{'R2'},,,,,,,&,1.0,&
{'R3'},{'R1'},{'D3'},{'R2'},{'D7'},{'D4'},{'D2'},,,,&,1.0,&
{'R3'},{'R1'},{'D3'},{'R2'},{'D7'},{'D2'},{'D1'},{'D4'},{'D5'},{'D6'},&,1.0,&
{'R3'},{'R1'},{'D3'},{'R2'},{'D7'},{'D2'},{'D5'},,,,&,1.0,&
{'R3'},{'R1'},{'D3'},{'R2'},{'D7'},{'D1'},,,,,&,1.0,&
{'R3'},{'R1'},{'D3'},{'R2'},{'D7'},{'D1'},{'D4'},{'D2'},{'D6'},{'D5'},&,1.0,&
{'R3'},{'R1'},{'D3'},{'R2'},{'D1'},{'D6'},{'D2'},,,,&,1.0,&
{'R3'},{'R1'},{'D3'},{'R2'},{'D2'},,,,,,&,1.0,&
{'R3'},{'R1'},{'D3'},{'D7'},,,,,,,&,1.0,&
{'R3'},{'R1'},{'D3'},{'D7'},{'D1'},{'R2'},{'D2'},,,,&,1.0,&
{'R3'},{'R1'},{'D3'},{'D7'},{'R2'},{'D1'},{'D2'},{'D5'},,,&,1.0,&
{'R3'},{'R1'},{'D3'},{'D7'},{'D2'},,,,,,&,1.0,&
{'R3'},{'R1'},{'D3'},{'D4'},{'D2'},{'D7'},{'D1'},{'R2'},{'D6'},,&,1.0,&
{'R3'},{'R1'},{'D6'},,,,,,,,&,1.0,&
{'R3'},{'R1'},{'D6'},{'D2'},,,,,,,&,1.0,&
{'R3'},{'R1'},{'D6'},{'D2'},{'D7'},{'D4'},,,,,&,1.0,&
{'R3'},{'R1'},{'D6'},{'D2'},{'D7'},{'D4'},{'R2'},{'D1'},,,&,1.0,&
{'R3'},{'R1'},{'D6'},{'D2'},{'D7'},{'R2'},{'D1'},{'D3'},{'D4'},,&,1.0,&
{'R3'},{'R1'},{'D6'},{'D2'},{'R2'},,,,,,&,3.0,&
{'R3'},{'R1'},{'D6'},{'D2'},{'D4'},{'D1'},{'D7'},{'R2'},{'D3'},{'D5'},&,1.0,&
{'R3'},{'R1'},{'D6'},{'D1'},{'D7'},{'D2'},{'D4'},{'D3'},,,&,1.0,&
{'R3'},{'R1'},{'D6'},{'D1'},{'D2'},{'R2'},{'D7'},,,,&,1.0,&
{'R3'},{'R1'},{'D6'},{'R2'},,,,,,,&,6.0,&
{'R3'},{'R1'},{'D6'},{'R2'},{'D7'},,,,,,&,1.0,&
{'R3'},{'R1'},{'D6'},{'R2'},{'D7'},{'D2'},{'D1'},,,,&,1.0,&
{'R3'},{'R1'},{'D6'},{'R2'},{'D1'},{'D3'},{'D2'},,,,&,1.0,&
{'R3'},{'R1'},{'D6'},{'R2'},{'D1'},{'D2'},,,,,&,1.0,&
{'R3'},{'R1'},{'D6'},{'R2'},{'D1'},{'D2'},{'D3'},{'D4'},{'D7'},{'D5'},&,1.0,&
{'R3'},{'R1'},{'D6'},{'R2'},{'D4'},{'D1'},{'D7'},{'D2'},{'D3'},,&,1.0,&
{'R3'},{'R1'},{'D6'},{'R2'},{'D2'},,,,,,&,1.0,&
{'R3'},{'R1'},{'D6'},{'R2'},{'D2'},{'D4'},{'D7'},{'D1'},,,&,1.0,&
{'R3'},{'R1'},{'D6'},{'R2'},{'D2'},{'D1'},,,,,&,1.0,&
{'R3'},{'R1'},{'D6'},{'R2'},{'D5'},{'D4'},{'D2'},{'D7'},,,&,1.0,&
{'R3'},{'R1'},{'D6'},{'D7'},{'D1'},{'D2'},{'R2'},{'D5'},{'D4'},{'D3'},&,1.0,&
{'R3'},{'R1'},{'D6'},{'D7'},{'R2'},{'D4'},{'D1'},{'D2'},{'D5'},{'D3'},&,1.0,&
{'R3'},{'R1'},{'D6'},{'D7'},{'R2'},{'D1'},{'D2'},,,,&,1.0,&
{'R3'},{'R1'},{'D6'},{'D7'},{'D2'},{'D4'},{'D3'},{'R2'},{'D1'},{'D5'},&,1.0,&
{'R3'},{'R1'},{'D6'},{'D7'},{'D2'},{'D1'},,,,,&,1.0,&
{'R3'},{'R1'},{'D6'},{'D7'},{'D2'},{'D1'},{'R2'},,,,&,1.0,&
{'R3'},{'R1'},{'D6'},{'D7'},{'D2'},{'D1'},{'R2'},{'D3'},,,&,1.0,&
{'R3'},{'R1'},{'D6'},{'D7'},{'D3'},{'R2'},{'D2'},{'D1'},{'D4'},{'D5'},&,1.0,&
{'R3'},{'R1'},{'D6'},{'D4'},,,,,,,&,1.0,&
{'R3'},{'R1'},{'D6'},{'D4'},{'R2'},,,,,,&,1.0,&
{'R3'},{'R1'},{'D6'},{'D4'},{'R2'},{'D7'},{'D1'},{'D2'},{'D3'},,&,1.0,&
{'R3'},{'R1'},{'D6'},{'D4'},{'D2'},{'R2'},,,,,&,1.0,&
{'R3'},{'R1'},{'D5'},,,,,,,,&,3.0,&
{'R3'},{'R1'},{'D5'},{'D2'},{'D7'},,,,,,&,1.0,&
{'R3'},{'R1'},{'D5'},{'D1'},{'D2'},{'D7'},{'R2'},{'D6'},{'D4'},{'D3'},&,1.0,&
{'R3'},{'R1'},{'D5'},{'D7'},{'D2'},,,,,,&,1.0,&
{'R3'},{'D5'},{'R2'},,,,,,,,&,2.0,&
{'R3'},{'D5'},{'R2'},{'D2'},{'D7'},,,,,,&,1.0,&
{'R3'},{'D5'},{'R2'},{'D2'},{'D7'},{'D4'},{'D6'},,,,&,1.0,&
{'R3'},{'D5'},{'R2'},{'D2'},{'R1'},{'D4'},{'D1'},{'D7'},,,&,1.0,&
{'R3'},{'D5'},{'R2'},{'D2'},{'R1'},{'D7'},,,,,&,1.0,&
{'R3'},{'D5'},{'R2'},{'D2'},{'R1'},{'D7'},{'D1'},,,,&,1.0,&
{'R3'},{'D5'},{'R2'},{'D2'},{'D1'},,,,,,&,1.0,&
{'R3'},{'D5'},{'R2'},{'D2'},{'D4'},{'D7'},{'D6'},{'D1'},,,&,1.0,&
{'R3'},{'D5'},{'R2'},{'D1'},,,,,,,&,2.0,&
{'R3'},{'D5'},{'R2'},{'D1'},{'R1'},,,,,,&,1.0,&
{'R3'},{'D5'},{'R2'},{'D1'},{'R1'},{'D4'},{'D2'},,,,&,1.0,&
{'R3'},{'D5'},{'R2'},{'D1'},{'R1'},{'D2'},{'D7'},{'D4'},,,&,1.0,&
{'R3'},{'D5'},{'R2'},{'D1'},{'D2'},,,,,,&,1.0,&
{'R3'},{'D5'},{'R2'},{'R1'},,,,,,,&,3.0,&
{'R3'},{'D5'},{'R2'},{'R1'},{'D1'},{'D2'},,,,,&,1.0,&
{'R3'},{'D5'},{'R2'},{'R1'},{'D1'},{'D2'},{'D7'},{'D4'},{'D3'},,&,1.0,&
{'R3'},{'D5'},{'R2'},{'R1'},{'D1'},{'D7'},{'D2'},{'D4'},{'D6'},{'D3'},&,1.0,&
{'R3'},{'D5'},{'R2'},{'R1'},{'D4'},{'D2'},{'D1'},,,,&,2.0,&
{'R3'},{'D5'},{'R2'},{'R1'},{'D6'},{'D4'},{'D7'},{'D2'},,,&,1.0,&
{'R3'},{'D5'},{'R2'},{'D7'},,,,,,,&,2.0,&
{'R3'},{'D5'},{'R2'},{'D7'},{'R1'},{'D4'},{'D1'},{'D2'},{'D6'},{'D3'},&,1.0,&
{'R3'},{'D5'},{'R2'},{'D7'},{'D1'},{'D2'},{'D4'},{'D6'},{'D3'},,&,1.0,&
{'R3'},{'D5'},{'R2'},{'D7'},{'D4'},{'D2'},{'D1'},,,,&,1.0,&
{'R3'},{'D5'},{'R2'},{'D7'},{'D2'},{'D4'},{'R1'},,,,&,1.0,&
{'R3'},{'D5'},{'R2'},{'D7'},{'D2'},{'D1'},{'D3'},{'D6'},{'R1'},,&,1.0,&
{'R3'},{'D5'},{'D1'},,,,,,,,&,3.0,&
{'R3'},{'D5'},{'D1'},{'D2'},{'D7'},{'D4'},{'D3'},{'D6'},{'R2'},{'R1'},&,1.0,&
{'R3'},{'D5'},{'D1'},{'D2'},{'R2'},,,,,,&,1.0,&
{'R3'},{'D5'},{'D1'},{'R2'},,,,,,,&,2.0,&
{'R3'},{'D5'},{'D1'},{'R2'},{'R1'},{'D7'},{'D4'},{'D2'},{'D3'},,&,1.0,&
{'R3'},{'D5'},{'D1'},{'D7'},,,,,,,&,3.0,&
{'R3'},{'D5'},{'D1'},{'D7'},{'R2'},{'D2'},{'D6'},{'D3'},{'R1'},,&,1.0,&
{'R3'},{'D5'},{'D1'},{'D6'},{'D7'},{'D2'},{'R2'},{'R1'},,,&,1.0,&
{'R3'},{'D5'},{'D4'},{'D2'},{'R1'},,,,,,&,1.0,&
{'R3'},{'D5'},{'D4'},{'D1'},{'D7'},{'R2'},{'R1'},,,,&,1.0,&
{'R3'},{'D5'},{'D4'},{'R2'},{'R1'},,,,,,&,1.0,&
{'R3'},{'D5'},{'D4'},{'R2'},{'R1'},{'D2'},{'D1'},,,,&,1.0,&
{'R3'},{'D5'},{'D4'},{'R2'},{'D2'},{'R1'},{'D1'},{'D7'},{'D6'},,&,1.0,&
{'R3'},{'D5'},,,,,,,,,&,9.0,&
{'R3'},{'D5'},{'D7'},,,,,,,,&,5.0,&
{'R3'},{'D5'},{'D7'},{'D2'},{'R1'},{'D4'},{'R2'},{'D1'},{'D6'},{'D3'},&,1.0,&
{'R3'},{'D5'},{'D7'},{'D2'},{'D1'},{'D6'},{'D4'},,,,&,1.0,&
{'R3'},{'D5'},{'D7'},{'D2'},{'R2'},,,,,,&,1.0,&
{'R3'},{'D5'},{'D7'},{'D2'},{'R2'},{'R1'},{'D4'},{'D6'},{'D1'},{'D3'},&,1.0,&
{'R3'},{'D5'},{'D7'},{'D2'},{'R2'},{'D3'},{'R1'},,,,&,1.0,&
{'R3'},{'D5'},{'D7'},{'D2'},{'R2'},{'D1'},,,,,&,1.0,&
{'R3'},{'D5'},{'D7'},{'D2'},{'R2'},{'D1'},{'D6'},{'D4'},{'D3'},{'R1'},&,1.0,&
{'R3'},{'D5'},{'D7'},{'D1'},{'R1'},{'R2'},{'D6'},{'D2'},{'D4'},{'D3'},&,1.0,&
{'R3'},{'D5'},{'D7'},{'D1'},{'R2'},{'R1'},{'D2'},{'D6'},{'D3'},,&,1.0,&
{'R3'},{'D5'},{'D7'},{'D1'},{'R2'},{'D2'},,,,,&,1.0,&
{'R3'},{'D5'},{'D7'},{'R1'},{'D2'},{'D6'},{'D3'},,,,&,1.0,&
{'R3'},{'D5'},{'D7'},{'R1'},{'D3'},{'R2'},{'D1'},{'D2'},{'D6'},,&,1.0,&
{'R3'},{'D5'},{'D7'},{'R2'},,,,,,,&,1.0,&
{'R3'},{'D5'},{'D7'},{'R2'},{'R1'},,,,,,&,2.0,&
{'R3'},{'D5'},{'D7'},{'R2'},{'R1'},{'D2'},{'D4'},,,,&,1.0,&
{'R3'},{'D5'},{'D7'},{'R2'},{'D4'},{'D2'},{'D1'},,,,&,1.0,&
{'R3'},{'D5'},{'D7'},{'R2'},{'D2'},{'D1'},,,,,&,1.0,&
{'R3'},{'D5'},{'D7'},{'D4'},{'D1'},,,,,,&,1.0,&
{'R3'},{'D5'},{'D7'},{'D4'},{'R2'},,,,,,&,1.0,&
{'R3'},{'D5'},{'D7'},{'D4'},{'D2'},,,,,,&,1.0,&
{'R3'},{'D5'},{'D7'},{'D6'},{'R2'},{'D1'},,,,,&,1.0,&
{'R3'},{'D5'},{'R1'},,,,,,,,&,1.0,&
{'R3'},{'D5'},{'R1'},{'D1'},{'D7'},{'D2'},{'R2'},{'D4'},,,&,1.0,&
{'R3'},{'D5'},{'R1'},{'R2'},{'D1'},,,,,,&,1.0,&
{'R3'},{'D5'},{'R1'},{'R2'},{'D1'},{'D7'},{'D2'},{'D4'},,,&,1.0,&
{'R3'},{'D5'},{'R1'},{'R2'},{'D4'},{'D2'},{'D7'},{'D3'},{'D1'},,&,1.0,&
{'R3'},{'D5'},{'R1'},{'R2'},{'D2'},{'D7'},,,,,&,1.0,&
{'R3'},{'D5'},{'D2'},,,,,,,,&,1.0,&
{'R3'},{'D5'},{'D2'},{'D1'},{'R2'},{'D4'},{'D7'},{'R1'},{'D3'},{'D6'},&,1.0,&
{'R3'},{'D5'},{'D2'},{'D1'},{'R2'},{'D4'},{'R1'},{'D3'},,,&,1.0,&
{'R3'},{'D5'},{'D2'},{'R1'},{'D7'},{'D1'},{'D6'},,,,&,1.0,&
{'R3'},{'D5'},{'D2'},{'R2'},,,,,,,&,2.0,&
{'R3'},{'D5'},{'D2'},{'R2'},{'D7'},{'R1'},{'D1'},{'D4'},{'D6'},,&,1.0,&
{'R3'},{'D5'},{'D2'},{'R2'},{'R1'},{'D1'},{'D7'},{'D4'},{'D6'},,&,1.0,&
{'R3'},{'D5'},{'D2'},{'D7'},,,,,,,&,1.0,&
{'R3'},{'D5'},{'D2'},{'D7'},{'R2'},{'R1'},{'D1'},{'D4'},,,&,1.0,&
{'R3'},{'D5'},{'D2'},{'D7'},{'D4'},{'R2'},{'D1'},{'R1'},,,&,1.0,&
{'R3'},{'D5'},{'D2'},{'D3'},,,,,,,&,1.0,&
{'R3'},{'D5'},{'D2'},{'D6'},{'D7'},,,,,,&,1.0,&
{'R3'},{'D5'},{'D2'},{'D6'},{'D1'},{'R2'},,,,,&,1.0,&
{'R3'},{'D5'},{'D3'},{'D2'},{'D4'},,,,,,&,1.0,&
{'R3'},{'D5'},{'D3'},{'D7'},{'D2'},,,,,,&,1.0,&
{'R3'},{'D5'},{'D6'},{'D2'},{'D7'},{'R2'},,,,,&,1.0,&
{'R3'},{'D5'},{'D6'},{'D1'},,,,,,,&,1.0,&
{'R3'},{'D3'},{'R2'},,,,,,,,&,15.0,&
{'R3'},{'D3'},{'R2'},{'D2'},,,,,,,&,3.0,&
{'R3'},{'D3'},{'R2'},{'D2'},{'D7'},{'R1'},,,,,&,2.0,&
{'R3'},{'D3'},{'R2'},{'D2'},{'D7'},{'R1'},{'D1'},{'D6'},{'D4'},,&,1.0,&
{'R3'},{'D3'},{'R2'},{'D2'},{'D7'},{'D6'},{'D1'},{'R1'},{'D4'},,&,1.0,&
{'R3'},{'D3'},{'R2'},{'D2'},{'R1'},,,,,,&,2.0,&
{'R3'},{'D3'},{'R2'},{'D2'},{'R1'},{'D4'},{'D1'},{'D7'},{'D5'},{'D6'},&,1.0,&
{'R3'},{'D3'},{'R2'},{'D2'},{'R1'},{'D1'},{'D7'},,,,&,1.0,&
{'R3'},{'D3'},{'R2'},{'D2'},{'R1'},{'D1'},{'D7'},{'D6'},,,&,1.0,&
{'R3'},{'D3'},{'R2'},{'D2'},{'R1'},{'D1'},{'D7'},{'D4'},{'D6'},,&,1.0,&
{'R3'},{'D3'},{'R2'},{'D2'},{'R1'},{'D7'},,,,,&,1.0,&
{'R3'},{'D3'},{'R2'},{'D2'},{'R1'},{'D7'},{'D1'},{'D4'},,,&,1.0,&
{'R3'},{'D3'},{'R2'},{'D2'},{'R1'},{'D6'},,,,,&,1.0,&
{'R3'},{'D3'},{'R2'},{'D2'},{'D1'},,,,,,&,3.0,&
{'R3'},{'D3'},{'R2'},{'D2'},{'D1'},{'D7'},{'R1'},{'D4'},,,&,1.0,&
{'R3'},{'D3'},{'R2'},{'D2'},{'D1'},{'D6'},{'D7'},,,,&,1.0,&
{'R3'},{'D3'},{'R2'},{'D2'},{'D4'},,,,,,&,1.0,&
{'R3'},{'D3'},{'R2'},{'D2'},{'D4'},{'R1'},{'D7'},{'D1'},,,&,1.0,&
{'R3'},{'D3'},{'R2'},{'D2'},{'D4'},{'R1'},{'D1'},{'D7'},,,&,1.0,&
{'R3'},{'D3'},{'R2'},{'D2'},{'D4'},{'D1'},{'D7'},{'R1'},,,&,1.0,&
{'R3'},{'D3'},{'R2'},{'D1'},{'D7'},,,,,,&,1.0,&
{'R3'},{'D3'},{'R2'},{'D1'},{'D7'},{'R1'},,,,,&,1.0,&
{'R3'},{'D3'},{'R2'},{'D1'},{'D7'},{'R1'},{'D2'},{'D6'},,,&,1.0,&
{'R3'},{'D3'},{'R2'},{'D1'},{'D7'},{'D2'},{'R1'},,,,&,1.0,&
{'R3'},{'D3'},{'R2'},{'D1'},{'R1'},,,,,,&,3.0,&
{'R3'},{'D3'},{'R2'},{'D1'},{'R1'},{'D4'},{'D7'},,,,&,1.0,&
{'R3'},{'D3'},{'R2'},{'D1'},{'R1'},{'D2'},{'D7'},,,,&,1.0,&
{'R3'},{'D3'},{'R2'},{'D1'},{'R1'},{'D2'},{'D7'},{'D4'},{'D6'},,&,1.0,&
{'R3'},{'D3'},{'R2'},{'D1'},{'R1'},{'D7'},,,,,&,1.0,&
{'R3'},{'D3'},{'R2'},{'D1'},{'R1'},{'D7'},{'D2'},{'D4'},{'D5'},,&,1.0,&
{'R3'},{'D3'},{'R2'},{'D1'},{'R1'},{'D7'},{'D5'},{'D2'},,,&,1.0,&
{'R3'},{'D3'},{'R2'},{'D1'},{'D4'},{'D2'},{'D7'},,,,&,1.0,&
{'R3'},{'D3'},{'R2'},{'D1'},{'D2'},,,,,,&,1.0,&
{'R3'},{'D3'},{'R2'},{'D1'},{'D2'},{'R1'},{'D7'},,,,&,1.0,&
{'R3'},{'D3'},{'R2'},{'D1'},{'D5'},{'D7'},{'D2'},{'R1'},{'D4'},{'D6'},&,1.0,&
{'R3'},{'D3'},{'R2'},{'R1'},,,,,,,&,5.0,&
{'R3'},{'D3'},{'R2'},{'R1'},{'D7'},,,,,,&,1.0,&
{'R3'},{'D3'},{'R2'},{'R1'},{'D7'},{'D2'},,,,,&,2.0,&
{'R3'},{'D3'},{'R2'},{'R1'},{'D7'},{'D2'},{'D1'},,,,&,1.0,&
{'R3'},{'D3'},{'R2'},{'R1'},{'D7'},{'D2'},{'D4'},{'D1'},{'D6'},{'D5'},&,1.0,&
{'R3'},{'D3'},{'R2'},{'R1'},{'D7'},{'D1'},{'D2'},,,,&,1.0,&
{'R3'},{'D3'},{'R2'},{'R1'},{'D7'},{'D1'},{'D2'},{'D5'},,,&,1.0,&
{'R3'},{'D3'},{'R2'},{'R1'},{'D1'},,,,,,&,5.0,&
{'R3'},{'D3'},{'R2'},{'R1'},{'D1'},{'D4'},{'D7'},,,,&,1.0,&
{'R3'},{'D3'},{'R2'},{'R1'},{'D1'},{'D2'},,,,,&,1.0,&
{'R3'},{'D3'},{'R2'},{'R1'},{'D1'},{'D2'},{'D7'},{'D6'},{'D4'},,&,1.0,&
{'R3'},{'D3'},{'R2'},{'R1'},{'D1'},{'D2'},{'D7'},{'D4'},,,&,1.0,&
{'R3'},{'D3'},{'R2'},{'R1'},{'D1'},{'D7'},{'D2'},{'D4'},,,&,1.0,&
{'R3'},{'D3'},{'R2'},{'R1'},{'D4'},{'D2'},{'D7'},{'D1'},{'D5'},{'D6'},&,1.0,&
{'R3'},{'D3'},{'R2'},{'R1'},{'D4'},{'D2'},{'D1'},{'D7'},{'D6'},{'D5'},&,1.0,&
{'R3'},{'D3'},{'R2'},{'R1'},{'D4'},{'D1'},,,,,&,1.0,&
{'R3'},{'D3'},{'R2'},{'R1'},{'D4'},{'D1'},{'D2'},{'D7'},{'D6'},{'D5'},&,1.0,&
{'R3'},{'D3'},{'R2'},{'R1'},{'D4'},{'D7'},{'D2'},{'D1'},,,&,1.0,&
{'R3'},{'D3'},{'R2'},{'R1'},{'D2'},{'D1'},,,,,&,3.0,&
{'R3'},{'D3'},{'R2'},{'R1'},{'D2'},{'D1'},{'D7'},,,,&,1.0,&
{'R3'},{'D3'},{'R2'},{'R1'},{'D2'},{'D5'},,,,,&,1.0,&
{'R3'},{'D3'},{'R2'},{'R1'},{'D2'},{'D7'},,,,,&,1.0,&
{'R3'},{'D3'},{'R2'},{'R1'},{'D2'},{'D7'},{'D1'},{'D5'},{'D6'},{'D4'},&,1.0,&
{'R3'},{'D3'},{'R2'},{'R1'},{'D2'},{'D7'},{'D4'},{'D1'},{'D6'},,&,1.0,&
{'R3'},{'D3'},{'R2'},{'R1'},{'D5'},{'D2'},{'D7'},{'D1'},{'D4'},,&,1.0,&
{'R3'},{'D3'},{'R2'},{'D7'},,,,,,,&,2.0,&
{'R3'},{'D3'},{'R2'},{'D7'},{'R1'},,,,,,&,1.0,&
{'R3'},{'D3'},{'R2'},{'D7'},{'R1'},{'D4'},,,,,&,1.0,&
{'R3'},{'D3'},{'R2'},{'D7'},{'R1'},{'D4'},{'D2'},,,,&,1.0,&
{'R3'},{'D3'},{'R2'},{'D7'},{'R1'},{'D2'},,,,,&,1.0,&
{'R3'},{'D3'},{'R2'},{'D7'},{'R1'},{'D2'},{'D1'},{'D6'},{'D4'},,&,1.0,&
{'R3'},{'D3'},{'R2'},{'D7'},{'R1'},{'D2'},{'D1'},{'D4'},,,&,1.0,&
{'R3'},{'D3'},{'R2'},{'D7'},{'R1'},{'D1'},,,,,&,1.0,&
{'R3'},{'D3'},{'R2'},{'D7'},{'R1'},{'D1'},{'D2'},{'D4'},{'D6'},,&,1.0,&
{'R3'},{'D3'},{'R2'},{'D7'},{'D1'},{'R1'},,,,,&,1.0,&
{'R3'},{'D3'},{'R2'},{'D7'},{'D1'},{'R1'},{'D2'},,,,&,1.0,&
{'R3'},{'D3'},{'R2'},{'D7'},{'D1'},{'R1'},{'D2'},{'D4'},{'D6'},{'D5'},&,1.0,&
{'R3'},{'D3'},{'R2'},{'D7'},{'D1'},{'D2'},{'D4'},{'D6'},{'R1'},{'D5'},&,1.0,&
{'R3'},{'D3'},{'R2'},{'D7'},{'D4'},{'D2'},{'R1'},,,,&,1.0,&
{'R3'},{'D3'},{'R2'},{'D7'},{'D2'},,,,,,&,2.0,&
{'R3'},{'D3'},{'R2'},{'D7'},{'D2'},{'D4'},{'R1'},,,,&,1.0,&
{'R3'},{'D3'},{'R2'},{'D7'},{'D2'},{'R1'},,,,,&,1.0,&
{'R3'},{'D3'},{'R2'},{'D7'},{'D2'},{'D1'},,,,,&,1.0,&
{'R3'},{'D3'},{'R2'},{'D7'},{'D2'},{'D1'},{'R1'},,,,&,1.0,&
{'R3'},{'D3'},{'R2'},{'D7'},{'D2'},{'D1'},{'R1'},{'D5'},{'D6'},,&,1.0,&
{'R3'},{'D3'},{'R2'},{'D7'},{'D2'},{'D1'},{'R1'},{'D4'},,,&,1.0,&
{'R3'},{'D3'},{'R2'},{'D7'},{'D2'},{'D1'},{'D6'},{'D4'},{'D5'},{'R1'},&,1.0,&
{'R3'},{'D3'},{'R2'},{'D7'},{'D6'},{'D1'},{'D2'},{'D4'},{'D5'},{'R1'},&,1.0,&
{'R3'},{'D3'},{'R2'},{'D4'},,,,,,,&,1.0,&
{'R3'},{'D3'},{'R2'},{'D4'},{'D7'},,,,,,&,1.0,&
{'R3'},{'D3'},{'R2'},{'D4'},{'R1'},{'D2'},{'D1'},{'D6'},{'D7'},{'D5'},&,1.0,&
{'R3'},{'D3'},{'R2'},{'D4'},{'D2'},{'R1'},{'D7'},{'D6'},{'D1'},,&,1.0,&
{'R3'},{'D3'},{'R2'},{'D4'},{'D2'},{'D1'},{'D5'},,,,&,1.0,&
{'R3'},{'D3'},{'R2'},{'D4'},{'D2'},{'D7'},{'R1'},,,,&,1.0,&
{'R3'},{'D3'},{'R2'},{'D6'},,,,,,,&,1.0,&
{'R3'},{'D3'},{'R2'},{'D6'},{'D4'},{'D7'},,,,,&,1.0,&
{'R3'},{'D3'},{'D1'},,,,,,,,&,10.0,&
{'R3'},{'D3'},{'D1'},{'D2'},{'R1'},{'D6'},{'R2'},{'D7'},{'D4'},,&,1.0,&
{'R3'},{'D3'},{'D1'},{'D2'},{'R2'},{'D4'},{'R1'},{'D6'},,,&,1.0,&
{'R3'},{'D3'},{'D1'},{'D2'},{'R2'},{'R1'},{'D7'},{'D5'},,,&,1.0,&
{'R3'},{'D3'},{'D1'},{'D2'},{'R2'},{'D7'},,,,,&,1.0,&
{'R3'},{'D3'},{'D1'},{'D2'},{'D5'},{'D7'},{'D4'},,,,&,1.0,&
{'R3'},{'D3'},{'D1'},{'R1'},,,,,,,&,1.0,&
{'R3'},{'D3'},{'D1'},{'R1'},{'R2'},,,,,,&,1.0,&
{'R3'},{'D3'},{'D1'},{'R1'},{'R2'},{'D7'},,,,,&,1.0,&
{'R3'},{'D3'},{'D1'},{'R1'},{'D4'},,,,,,&,1.0,&
{'R3'},{'D3'},{'D1'},{'R1'},{'D2'},{'D7'},{'R2'},,,,&,1.0,&
{'R3'},{'D3'},{'D1'},{'R1'},{'D2'},{'R2'},{'D7'},,,,&,1.0,&
{'R3'},{'D3'},{'D1'},{'R1'},{'D2'},{'R2'},{'D4'},{'D6'},,,&,1.0,&
{'R3'},{'D3'},{'D1'},{'R2'},,,,,,,&,3.0,&
{'R3'},{'D3'},{'D1'},{'R2'},{'D7'},{'R1'},{'D2'},{'D6'},,,&,1.0,&
{'R3'},{'D3'},{'D1'},{'R2'},{'D7'},{'R1'},{'D2'},{'D4'},,,&,1.0,&
{'R3'},{'D3'},{'D1'},{'R2'},{'D7'},{'D2'},{'D4'},{'R1'},{'D6'},{'D5'},&,1.0,&
{'R3'},{'D3'},{'D1'},{'R2'},{'D7'},{'D5'},{'D2'},,,,&,1.0,&
{'R3'},{'D3'},{'D1'},{'R2'},{'R1'},,,,,,&,1.0,&
{'R3'},{'D3'},{'D1'},{'R2'},{'R1'},{'D4'},{'D7'},{'D2'},,,&,1.0,&
{'R3'},{'D3'},{'D1'},{'R2'},{'R1'},{'D2'},{'D6'},,,,&,1.0,&
{'R3'},{'D3'},{'D1'},{'R2'},{'R1'},{'D7'},{'D2'},,,,&,1.0,&
{'R3'},{'D3'},{'D1'},{'R2'},{'D2'},,,,,,&,2.0,&
{'R3'},{'D3'},{'D1'},{'R2'},{'D2'},{'R1'},,,,,&,1.0,&
{'R3'},{'D3'},{'D1'},{'R2'},{'D2'},{'R1'},{'D4'},{'D6'},{'D7'},,&,1.0,&
{'R3'},{'D3'},{'D1'},{'R2'},{'D2'},{'D7'},{'D4'},{'R1'},,,&,1.0,&
{'R3'},{'D3'},{'D1'},{'R2'},{'D2'},{'D7'},{'D6'},{'R1'},,,&,1.0,&
{'R3'},{'D3'},{'D1'},{'D7'},{'R1'},{'D2'},{'D4'},{'D5'},,,&,1.0,&
{'R3'},{'D3'},{'D1'},{'D7'},{'R1'},{'R2'},,,,,&,1.0,&
{'R3'},{'D3'},{'D1'},{'D7'},{'R2'},{'R1'},,,,,&,1.0,&
{'R3'},{'D3'},{'D1'},{'D7'},{'R2'},{'R1'},{'D2'},{'D4'},{'D6'},,&,1.0,&
{'R3'},{'D3'},{'D1'},{'D7'},{'R2'},{'D2'},{'D4'},{'D6'},{'D5'},{'R1'},&,1.0,&
{'R3'},{'D3'},{'D1'},{'D7'},{'D2'},,,,,,&,1.0,&
{'R3'},{'D3'},{'D1'},{'D7'},{'D2'},{'D4'},,,,,&,1.0,&
{'R3'},{'D3'},{'D1'},{'D7'},{'D2'},{'R2'},{'R1'},,,,&,1.0,&
{'R3'},{'D3'},{'D1'},{'D7'},{'D2'},{'R2'},{'D5'},{'D4'},,,&,1.0,&
{'R3'},{'D3'},{'D1'},{'D7'},{'D2'},{'D6'},{'D4'},{'D5'},{'R2'},{'R1'},&,1.0,&
{'R3'},{'D3'},{'D1'},{'D7'},{'D6'},{'D4'},{'D2'},,,,&,1.0,&
{'R3'},{'D3'},{'D1'},{'D7'},{'D6'},{'D2'},,,,,&,1.0,&
{'R3'},{'D3'},{'D1'},{'D4'},,,,,,,&,1.0,&
{'R3'},{'D3'},{'D1'},{'D4'},{'R2'},{'R1'},{'D7'},,,,&,1.0,&
{'R3'},{'D3'},{'D1'},{'D4'},{'D2'},,,,,,&,1.0,&
{'R3'},{'D3'},{'D1'},{'D4'},{'D2'},{'R2'},{'D7'},,,,&,1.0,&
{'R3'},{'D3'},{'D1'},{'D4'},{'D2'},{'D6'},{'R2'},{'D7'},{'R1'},{'D5'},&,1.0,&
{'R3'},{'D3'},{'D1'},{'D6'},{'R2'},,,,,,&,1.0,&
{'R3'},{'D3'},{'D4'},,,,,,,,&,12.0,&
{'R3'},{'D3'},{'D4'},{'D2'},,,,,,,&,1.0,&
{'R3'},{'D3'},{'D4'},{'D2'},{'D7'},,,,,,&,1.0,&
{'R3'},{'D3'},{'D4'},{'D2'},{'D7'},{'D1'},{'R2'},{'R1'},{'D6'},,&,1.0,&
{'R3'},{'D3'},{'D4'},{'D2'},{'R1'},{'R2'},,,,,&,1.0,&
{'R3'},{'D3'},{'D4'},{'D2'},{'D1'},{'D7'},{'R2'},,,,&,1.0,&
{'R3'},{'D3'},{'D4'},{'D2'},{'R2'},{'R1'},,,,,&,1.0,&
{'R3'},{'D3'},{'D4'},{'D2'},{'R2'},{'R1'},{'D7'},{'D1'},{'D6'},,&,1.0,&
{'R3'},{'D3'},{'D4'},{'D2'},{'R2'},{'D1'},{'D7'},{'R1'},{'D6'},{'D5'},&,1.0,&
{'R3'},{'D3'},{'D4'},{'D2'},{'R2'},{'D7'},{'D1'},{'R1'},,,&,1.0,&
{'R3'},{'D3'},{'D4'},{'D2'},{'R2'},{'D7'},{'R1'},,,,&,1.0,&
{'R3'},{'D3'},{'D4'},{'D1'},,,,,,,&,2.0,&
{'R3'},{'D3'},{'D4'},{'D1'},{'D7'},{'D2'},{'D6'},{'D5'},{'R2'},,&,1.0,&
{'R3'},{'D3'},{'D4'},{'D1'},{'D6'},{'R2'},,,,,&,1.0,&
{'R3'},{'D3'},{'D4'},{'R1'},{'D1'},{'D2'},{'R2'},{'D7'},{'D6'},{'D5'},&,1.0,&
{'R3'},{'D3'},{'D4'},{'R1'},{'R2'},{'D1'},{'D7'},{'D2'},{'D6'},,&,1.0,&
{'R3'},{'D3'},{'D4'},{'R2'},{'D7'},{'R1'},,,,,&,1.0,&
{'R3'},{'D3'},{'D4'},{'R2'},{'D1'},{'R1'},{'D7'},{'D2'},{'D6'},,&,1.0,&
{'R3'},{'D3'},{'D4'},{'D7'},,,,,,,&,1.0,&
{'R3'},{'D3'},{'D4'},{'D7'},{'D1'},,,,,,&,1.0,&
{'R3'},{'D3'},{'D4'},{'D7'},{'D1'},{'D2'},{'D6'},,,,&,1.0,&
{'R3'},{'D3'},{'D4'},{'D7'},{'R2'},{'D2'},{'D1'},{'D6'},{'D5'},,&,1.0,&
{'R3'},{'D3'},{'D4'},{'D7'},{'D2'},,,,,,&,1.0,&
{'R3'},{'D3'},{'D4'},{'D6'},{'R2'},,,,,,&,1.0,&
{'R3'},{'D3'},,,,,,,,,&,32.0,&
{'R3'},{'D3'},{'D7'},,,,,,,,&,14.0,&
{'R3'},{'D3'},{'D7'},{'D2'},,,,,,,&,4.0,&
{'R3'},{'D3'},{'D7'},{'D2'},{'R1'},,,,,,&,1.0,&
{'R3'},{'D3'},{'D7'},{'D2'},{'D1'},,,,,,&,1.0,&
{'R3'},{'D3'},{'D7'},{'D2'},{'D1'},{'D5'},{'R2'},{'R1'},,,&,1.0,&
{'R3'},{'D3'},{'D7'},{'D2'},{'D1'},{'R2'},{'R1'},,,,&,1.0,&
{'R3'},{'D3'},{'D7'},{'D2'},{'D1'},{'D6'},{'D4'},{'D5'},{'R2'},{'R1'},&,1.0,&
{'R3'},{'D3'},{'D7'},{'D2'},{'R2'},,,,,,&,1.0,&
{'R3'},{'D3'},{'D7'},{'D2'},{'R2'},{'R1'},{'D4'},,,,&,1.0,&
{'R3'},{'D3'},{'D7'},{'D2'},{'R2'},{'D1'},{'R1'},,,,&,1.0,&
{'R3'},{'D3'},{'D7'},{'D2'},{'R2'},{'D1'},{'D6'},{'D4'},{'D5'},,&,1.0,&
{'R3'},{'D3'},{'D7'},{'D1'},{'R1'},,,,,,&,1.0,&
{'R3'},{'D3'},{'D7'},{'D1'},{'R1'},{'D4'},,,,,&,1.0,&
{'R3'},{'D3'},{'D7'},{'D1'},{'R2'},,,,,,&,2.0,&
{'R3'},{'D3'},{'D7'},{'D1'},{'R2'},{'R1'},,,,,&,1.0,&
{'R3'},{'D3'},{'D7'},{'D1'},{'R2'},{'R1'},{'D2'},,,,&,2.0,&
{'R3'},{'D3'},{'D7'},{'D1'},{'R2'},{'D2'},{'D4'},{'R1'},{'D6'},{'D5'},&,1.0,&
{'R3'},{'D3'},{'D7'},{'D1'},{'D4'},{'D6'},,,,,&,1.0,&
{'R3'},{'D3'},{'D7'},{'D1'},{'D2'},{'D4'},{'D5'},{'D6'},{'R2'},,&,1.0,&
{'R3'},{'D3'},{'D7'},{'D1'},{'D2'},{'D4'},{'D6'},{'D5'},{'R2'},{'R1'},&,1.0,&
{'R3'},{'D3'},{'D7'},{'D1'},{'D2'},{'R2'},{'D4'},,,,&,1.0,&
{'R3'},{'D3'},{'D7'},{'D1'},{'D5'},{'R2'},{'D2'},{'D6'},{'D4'},{'R1'},&,1.0,&
{'R3'},{'D3'},{'D7'},{'R1'},{'D1'},{'D2'},{'D4'},{'D6'},{'D5'},,&,1.0,&
{'R3'},{'D3'},{'D7'},{'R1'},{'R2'},{'D2'},{'D4'},{'D1'},{'D6'},{'D5'},&,1.0,&
{'R3'},{'D3'},{'D7'},{'R1'},{'D2'},{'D4'},{'R2'},{'D6'},{'D1'},,&,1.0,&
{'R3'},{'D3'},{'D7'},{'R1'},{'D2'},{'D1'},{'D4'},{'R2'},{'D6'},{'D5'},&,1.0,&
{'R3'},{'D3'},{'D7'},{'R1'},{'D2'},{'R2'},{'D1'},{'D4'},{'D6'},,&,1.0,&
{'R3'},{'D3'},{'D7'},{'R2'},,,,,,,&,1.0,&
{'R3'},{'D3'},{'D7'},{'R2'},{'R1'},,,,,,&,3.0,&
{'R3'},{'D3'},{'D7'},{'R2'},{'D1'},{'D2'},{'R1'},{'D4'},,,&,1.0,&
{'R3'},{'D3'},{'D7'},{'R2'},{'D1'},{'D2'},{'D4'},{'D5'},,,&,1.0,&
{'R3'},{'D3'},{'D7'},{'R2'},{'D4'},{'D1'},{'D2'},{'D5'},{'R1'},,&,1.0,&
{'R3'},{'D3'},{'D7'},{'R2'},{'D2'},,,,,,&,1.0,&
{'R3'},{'D3'},{'D7'},{'R2'},{'D2'},{'R1'},{'D1'},{'D4'},{'D6'},,&,1.0,&
{'R3'},{'D3'},{'D7'},{'R2'},{'D2'},{'D1'},,,,,&,1.0,&
{'R3'},{'D3'},{'D7'},{'D4'},,,,,,,&,2.0,&
{'R3'},{'D3'},{'D7'},{'D4'},{'D1'},{'D2'},,,,,&,1.0,&
{'R3'},{'D3'},{'D7'},{'D4'},{'D1'},{'R2'},{'D2'},{'D6'},{'D5'},,&,1.0,&
{'R3'},{'D3'},{'D7'},{'D4'},{'R2'},,,,,,&,1.0,&
{'R3'},{'D3'},{'D7'},{'D4'},{'R2'},{'D1'},,,,,&,1.0,&
{'R3'},{'D3'},{'D7'},{'D4'},{'D2'},{'D1'},,,,,&,1.0,&
{'R3'},{'D3'},{'D7'},{'D4'},{'D2'},{'R2'},,,,,&,1.0,&
{'R3'},{'D3'},{'R1'},,,,,,,,&,5.0,&
{'R3'},{'D3'},{'R1'},{'D2'},,,,,,,&,1.0,&
{'R3'},{'D3'},{'R1'},{'D2'},{'D7'},{'D1'},{'D5'},{'R2'},{'D4'},,&,1.0,&
{'R3'},{'D3'},{'R1'},{'D2'},{'D4'},{'R2'},,,,,&,1.0,&
{'R3'},{'D3'},{'R1'},{'D1'},{'D7'},,,,,,&,1.0,&
{'R3'},{'D3'},{'R1'},{'D1'},{'D7'},{'D2'},{'R2'},,,,&,1.0,&
{'R3'},{'D3'},{'R1'},{'D1'},{'D7'},{'R2'},{'D2'},,,,&,1.0,&
{'R3'},{'D3'},{'R1'},{'D1'},{'R2'},{'D7'},{'D2'},,,,&,1.0,&
{'R3'},{'D3'},{'R1'},{'D1'},{'R2'},{'D7'},{'D2'},{'D4'},,,&,1.0,&
{'R3'},{'D3'},{'R1'},{'D1'},{'D5'},{'D7'},{'D4'},,,,&,1.0,&
{'R3'},{'D3'},{'R1'},{'R2'},,,,,,,&,5.0,&
{'R3'},{'D3'},{'R1'},{'R2'},{'D7'},{'D2'},,,,,&,1.0,&
{'R3'},{'D3'},{'R1'},{'R2'},{'D7'},{'D2'},{'D1'},{'D4'},{'D6'},{'D5'},&,1.0,&
{'R3'},{'D3'},{'R1'},{'R2'},{'D7'},{'D2'},{'D6'},,,,&,1.0,&
{'R3'},{'D3'},{'R1'},{'R2'},{'D1'},{'D2'},{'D6'},{'D7'},,,&,1.0,&
{'R3'},{'D3'},{'R1'},{'R2'},{'D1'},{'D7'},,,,,&,1.0,&
{'R3'},{'D3'},{'R1'},{'R2'},{'D2'},,,,,,&,1.0,&
{'R3'},{'D3'},{'R1'},{'R2'},{'D2'},{'D7'},,,,,&,1.0,&
{'R3'},{'D3'},{'R1'},{'D7'},{'R2'},{'D4'},{'D2'},{'D1'},,,&,1.0,&
{'R3'},{'D3'},{'R1'},{'D7'},{'R2'},{'D2'},{'D4'},{'D1'},{'D5'},,&,1.0,&
{'R3'},{'D3'},{'R1'},{'D7'},{'R2'},{'D1'},,,,,&,1.0,&
{'R3'},{'D3'},{'R1'},{'D7'},{'D2'},{'R2'},{'D4'},{'D1'},{'D6'},{'D5'},&,1.0,&
{'R3'},{'D3'},{'R1'},{'D4'},{'D2'},{'D1'},{'D7'},{'R2'},,,&,1.0,&
{'R3'},{'D3'},{'R1'},{'D6'},{'D2'},,,,,,&,1.0,&
{'R3'},{'D3'},{'D2'},,,,,,,,&,13.0,&
{'R3'},{'D3'},{'D2'},{'D1'},,,,,,,&,3.0,&
{'R3'},{'D3'},{'D2'},{'D1'},{'D7'},,,,,,&,1.0,&
{'R3'},{'D3'},{'D2'},{'D1'},{'D7'},{'D4'},,,,,&,1.0,&
{'R3'},{'D3'},{'D2'},{'D1'},{'D7'},{'D4'},{'R1'},{'D6'},{'D5'},,&,1.0,&
{'R3'},{'D3'},{'D2'},{'D1'},{'D7'},{'D4'},{'R2'},{'D5'},,,&,1.0,&
{'R3'},{'D3'},{'D2'},{'D1'},{'D7'},{'D4'},{'R2'},{'D6'},{'R1'},{'D5'},&,1.0,&
{'R3'},{'D3'},{'D2'},{'D1'},{'D7'},{'D4'},{'R2'},{'R1'},{'D6'},{'D5'},&,1.0,&
{'R3'},{'D3'},{'D2'},{'D1'},{'D7'},{'R1'},{'R2'},,,,&,1.0,&
{'R3'},{'D3'},{'D2'},{'D1'},{'D7'},{'R2'},,,,,&,2.0,&
{'R3'},{'D3'},{'D2'},{'D1'},{'D7'},{'R2'},{'D4'},{'D6'},{'D5'},{'R1'},&,1.0,&
{'R3'},{'D3'},{'D2'},{'D1'},{'R2'},,,,,,&,2.0,&
{'R3'},{'D3'},{'D2'},{'D1'},{'R2'},{'D4'},,,,,&,1.0,&
{'R3'},{'D3'},{'D2'},{'D1'},{'R2'},{'R1'},,,,,&,1.0,&
{'R3'},{'D3'},{'D2'},{'D1'},{'R2'},{'R1'},{'D7'},,,,&,2.0,&
{'R3'},{'D3'},{'D2'},{'D1'},{'R2'},{'D7'},,,,,&,1.0,&
{'R3'},{'D3'},{'D2'},{'D1'},{'R2'},{'D7'},{'D4'},,,,&,1.0,&
{'R3'},{'D3'},{'D2'},{'D1'},{'D4'},,,,,,&,1.0,&
{'R3'},{'D3'},{'D2'},{'D1'},{'D4'},{'R2'},,,,,&,1.0,&
{'R3'},{'D3'},{'D2'},{'R1'},{'D7'},{'D1'},{'D4'},{'D5'},,,&,1.0,&
{'R3'},{'D3'},{'D2'},{'R1'},{'D7'},{'D1'},{'D4'},{'D6'},{'R2'},,&,1.0,&
{'R3'},{'D3'},{'D2'},{'R1'},{'D7'},{'R2'},{'D5'},{'D1'},{'D6'},,&,1.0,&
{'R3'},{'D3'},{'D2'},{'R1'},{'R2'},{'D1'},{'D7'},{'D4'},,,&,1.0,&
{'R3'},{'D3'},{'D2'},{'R1'},{'R2'},{'D6'},{'D1'},,,,&,1.0,&
{'R3'},{'D3'},{'D2'},{'R1'},{'D4'},,,,,,&,1.0,&
{'R3'},{'D3'},{'D2'},{'R1'},{'D5'},,,,,,&,1.0,&
{'R3'},{'D3'},{'D2'},{'R2'},,,,,,,&,2.0,&
{'R3'},{'D3'},{'D2'},{'R2'},{'D7'},{'D1'},{'D4'},{'D6'},{'D5'},,&,1.0,&
{'R3'},{'D3'},{'D2'},{'R2'},{'D7'},{'D1'},{'D4'},{'R1'},,,&,1.0,&
{'R3'},{'D3'},{'D2'},{'R2'},{'R1'},,,,,,&,3.0,&
{'R3'},{'D3'},{'D2'},{'R2'},{'R1'},{'D4'},{'D7'},{'D1'},,,&,1.0,&
{'R3'},{'D3'},{'D2'},{'R2'},{'R1'},{'D7'},,,,,&,1.0,&
{'R3'},{'D3'},{'D2'},{'R2'},{'R1'},{'D7'},{'D1'},,,,&,1.0,&
{'R3'},{'D3'},{'D2'},{'R2'},{'R1'},{'D7'},{'D4'},{'D1'},{'D6'},,&,1.0,&
{'R3'},{'D3'},{'D2'},{'R2'},{'D1'},{'D7'},,,,,&,1.0,&
{'R3'},{'D3'},{'D2'},{'R2'},{'D4'},{'R1'},,,,,&,1.0,&
{'R3'},{'D3'},{'D2'},{'R2'},{'D4'},{'D1'},{'D7'},{'D6'},{'R1'},{'D5'},&,1.0,&
{'R3'},{'D3'},{'D2'},{'R2'},{'D4'},{'D1'},{'R1'},,,,&,1.0,&
{'R3'},{'D3'},{'D2'},{'R2'},{'D4'},{'D7'},{'R1'},{'D1'},,,&,1.0,&
{'R3'},{'D3'},{'D2'},{'R2'},{'D4'},{'D6'},{'D1'},,,,&,1.0,&
{'R3'},{'D3'},{'D2'},{'R2'},{'D6'},{'D7'},{'D1'},{'R1'},{'D4'},{'D5'},&,1.0,&
{'R3'},{'D3'},{'D2'},{'R2'},{'D6'},{'D7'},{'R1'},,,,&,1.0,&
{'R3'},{'D3'},{'D2'},{'D7'},,,,,,,&,4.0,&
{'R3'},{'D3'},{'D2'},{'D7'},{'R1'},{'R2'},{'D6'},{'D1'},{'D5'},{'D4'},&,1.0,&
{'R3'},{'D3'},{'D2'},{'D7'},{'D1'},{'D4'},,,,,&,1.0,&
{'R3'},{'D3'},{'D2'},{'D7'},{'D1'},{'D4'},{'R1'},{'R2'},{'D5'},{'D6'},&,1.0,&
{'R3'},{'D3'},{'D2'},{'D7'},{'D1'},{'D4'},{'D5'},,,,&,1.0,&
{'R3'},{'D3'},{'D2'},{'D7'},{'D1'},{'R1'},,,,,&,1.0,&
{'R3'},{'D3'},{'D2'},{'D7'},{'D1'},{'R1'},{'D4'},{'R2'},,,&,1.0,&
{'R3'},{'D3'},{'D2'},{'D7'},{'D1'},{'R1'},{'D6'},{'D4'},{'D5'},{'R2'},&,1.0,&
{'R3'},{'D3'},{'D2'},{'D7'},{'D1'},{'R2'},,,,,&,1.0,&
{'R3'},{'D3'},{'D2'},{'D7'},{'D1'},{'R2'},{'D4'},{'D6'},{'D5'},,&,1.0,&
{'R3'},{'D3'},{'D2'},{'D7'},{'R2'},{'D4'},{'D1'},{'D6'},{'D5'},,&,1.0,&
{'R3'},{'D3'},{'D2'},{'D7'},{'R2'},{'D1'},{'R1'},{'D6'},,,&,1.0,&
{'R3'},{'D3'},{'D2'},{'D7'},{'R2'},{'D1'},{'R1'},{'D4'},,,&,1.0,&
{'R3'},{'D3'},{'D2'},{'D7'},{'R2'},{'D1'},{'R1'},{'D4'},{'D6'},{'D5'},&,1.0,&
{'R3'},{'D3'},{'D2'},{'D7'},{'R2'},{'D1'},{'D4'},{'R1'},{'D6'},{'D5'},&,1.0,&
{'R3'},{'D3'},{'D2'},{'D7'},{'D4'},{'D1'},{'D5'},{'D6'},,,&,1.0,&
{'R3'},{'D3'},{'D2'},{'D7'},{'D6'},,,,,,&,1.0,&
{'R3'},{'D3'},{'D2'},{'D7'},{'D6'},{'D1'},{'R2'},{'R1'},{'D4'},,&,1.0,&
{'R3'},{'D3'},{'D2'},{'D4'},,,,,,,&,1.0,&
{'R3'},{'D3'},{'D2'},{'D4'},{'D7'},,,,,,&,1.0,&
{'R3'},{'D3'},{'D2'},{'D4'},{'D7'},{'R2'},{'D1'},{'R1'},{'D6'},,&,1.0,&
{'R3'},{'D3'},{'D2'},{'D4'},{'D7'},{'D6'},{'D1'},,,,&,1.0,&
{'R3'},{'D3'},{'D2'},{'D4'},{'D1'},{'D7'},,,,,&,1.0,&
{'R3'},{'D3'},{'D2'},{'D4'},{'R2'},{'D1'},,,,,&,1.0,&
{'R3'},{'D3'},{'D2'},{'D6'},{'D7'},{'D4'},{'R2'},,,,&,1.0,&
{'R3'},{'D3'},{'D2'},{'D6'},{'R2'},{'D1'},,,,,&,2.0,&
{'R3'},{'D3'},{'D2'},{'D5'},{'R2'},{'R1'},{'D4'},{'D7'},{'D1'},,&,1.0,&
{'R3'},{'D3'},{'D6'},,,,,,,,&,2.0,&
{'R3'},{'D3'},{'D6'},{'D2'},{'D7'},,,,,,&,1.0,&
{'R3'},{'D3'},{'D6'},{'D7'},{'D2'},{'D4'},,,,,&,1.0,&
{'R3'},{'D3'},{'D6'},{'D5'},{'D2'},{'D7'},{'R2'},{'R1'},{'D1'},{'D4'},&,1.0,&
{'R3'},{'D3'},{'D5'},{'D1'},,,,,,,&,1.0,&
{'R3'},{'D3'},{'D5'},{'R1'},{'D4'},,,,,,&,1.0,&
{'R3'},{'D3'},{'D5'},{'R2'},{'R1'},{'D2'},{'D7'},{'D1'},,,&,1.0,&
{'R3'},{'D7'},{'R2'},,,,,,,,&,145.0,&
{'R3'},{'D7'},{'R2'},{'D2'},,,,,,,&,32.0,&
{'R3'},{'D7'},{'R2'},{'D2'},{'R1'},,,,,,&,13.0,&
{'R3'},{'D7'},{'R2'},{'D2'},{'R1'},{'D4'},,,,,&,3.0,&
{'R3'},{'D7'},{'R2'},{'D2'},{'R1'},{'D4'},{'D3'},{'D1'},,,&,1.0,&
{'R3'},{'D7'},{'R2'},{'D2'},{'R1'},{'D4'},{'D1'},,,,&,2.0,&
{'R3'},{'D7'},{'R2'},{'D2'},{'R1'},{'D4'},{'D1'},{'D5'},,,&,1.0,&
{'R3'},{'D7'},{'R2'},{'D2'},{'R1'},{'D4'},{'D1'},{'D6'},,,&,1.0,&
{'R3'},{'D7'},{'R2'},{'D2'},{'R1'},{'D4'},{'D1'},{'D3'},,,&,3.0,&
{'R3'},{'D7'},{'R2'},{'D2'},{'R1'},{'D4'},{'D1'},{'D3'},{'D6'},{'D5'},&,2.0,&
{'R3'},{'D7'},{'R2'},{'D2'},{'R1'},{'D4'},{'D1'},{'D3'},{'D5'},,&,1.0,&
{'R3'},{'D7'},{'R2'},{'D2'},{'R1'},{'D4'},{'D5'},{'D1'},{'D3'},,&,1.0,&
{'R3'},{'D7'},{'R2'},{'D2'},{'R1'},{'D4'},{'D6'},,,,&,1.0,&
{'R3'},{'D7'},{'R2'},{'D2'},{'R1'},{'D3'},,,,,&,3.0,&
{'R3'},{'D7'},{'R2'},{'D2'},{'R1'},{'D3'},{'D1'},,,,&,2.0,&
{'R3'},{'D7'},{'R2'},{'D2'},{'R1'},{'D3'},{'D1'},{'D6'},{'D4'},{'D5'},&,1.0,&
{'R3'},{'D7'},{'R2'},{'D2'},{'R1'},{'D3'},{'D1'},{'D4'},{'D5'},{'D6'},&,1.0,&
{'R3'},{'D7'},{'R2'},{'D2'},{'R1'},{'D3'},{'D4'},{'D1'},,,&,1.0,&
{'R3'},{'D7'},{'R2'},{'D2'},{'R1'},{'D1'},,,,,&,5.0,&
{'R3'},{'D7'},{'R2'},{'D2'},{'R1'},{'D1'},{'D3'},,,,&,4.0,&
{'R3'},{'D7'},{'R2'},{'D2'},{'R1'},{'D1'},{'D3'},{'D5'},{'D4'},,&,1.0,&
{'R3'},{'D7'},{'R2'},{'D2'},{'R1'},{'D1'},{'D3'},{'D6'},,,&,1.0,&
{'R3'},{'D7'},{'R2'},{'D2'},{'R1'},{'D1'},{'D3'},{'D6'},{'D4'},{'D5'},&,1.0,&
{'R3'},{'D7'},{'R2'},{'D2'},{'R1'},{'D1'},{'D3'},{'D4'},,,&,4.0,&
{'R3'},{'D7'},{'R2'},{'D2'},{'R1'},{'D1'},{'D3'},{'D4'},{'D6'},,&,1.0,&
{'R3'},{'D7'},{'R2'},{'D2'},{'R1'},{'D1'},{'D5'},,,,&,1.0,&
{'R3'},{'D7'},{'R2'},{'D2'},{'R1'},{'D1'},{'D5'},{'D4'},,,&,1.0,&
{'R3'},{'D7'},{'R2'},{'D2'},{'R1'},{'D1'},{'D4'},,,,&,6.0,&
{'R3'},{'D7'},{'R2'},{'D2'},{'R1'},{'D1'},{'D4'},{'D6'},,,&,2.0,&
{'R3'},{'D7'},{'R2'},{'D2'},{'R1'},{'D1'},{'D4'},{'D3'},{'D5'},,&,1.0,&
{'R3'},{'D7'},{'R2'},{'D2'},{'R1'},{'D1'},{'D6'},,,,&,1.0,&
{'R3'},{'D7'},{'R2'},{'D2'},{'R1'},{'D1'},{'D6'},{'D3'},{'D4'},{'D5'},&,1.0,&
{'R3'},{'D7'},{'R2'},{'D2'},{'R1'},{'D1'},{'D6'},{'D4'},,,&,1.0,&
{'R3'},{'D7'},{'R2'},{'D2'},{'R1'},{'D1'},{'D6'},{'D4'},{'D5'},{'D3'},&,1.0,&
{'R3'},{'D7'},{'R2'},{'D2'},{'R1'},{'D6'},,,,,&,2.0,&
{'R3'},{'D7'},{'R2'},{'D2'},{'R1'},{'D6'},{'D3'},{'D1'},,,&,1.0,&
{'R3'},{'D7'},{'R2'},{'D2'},{'R1'},{'D6'},{'D1'},,,,&,1.0,&
{'R3'},{'D7'},{'R2'},{'D2'},{'R1'},{'D6'},{'D1'},{'D4'},{'D3'},{'D5'},&,1.0,&
{'R3'},{'D7'},{'R2'},{'D2'},{'D1'},,,,,,&,13.0,&
{'R3'},{'D7'},{'R2'},{'D2'},{'D1'},{'D4'},,,,,&,8.0,&
{'R3'},{'D7'},{'R2'},{'D2'},{'D1'},{'D4'},{'D3'},,,,&,2.0,&
{'R3'},{'D7'},{'R2'},{'D2'},{'D1'},{'D4'},{'D3'},{'D5'},,,&,1.0,&
{'R3'},{'D7'},{'R2'},{'D2'},{'D1'},{'D4'},{'D3'},{'D5'},{'D6'},,&,1.0,&
{'R3'},{'D7'},{'R2'},{'D2'},{'D1'},{'D4'},{'D3'},{'D6'},,,&,1.0,&
{'R3'},{'D7'},{'R2'},{'D2'},{'D1'},{'D4'},{'D3'},{'D6'},{'D5'},{'R1'},&,1.0,&
{'R3'},{'D7'},{'R2'},{'D2'},{'D1'},{'D4'},{'D3'},{'R1'},{'D6'},{'D5'},&,1.0,&
{'R3'},{'D7'},{'R2'},{'D2'},{'D1'},{'D4'},{'D6'},{'D3'},{'R1'},,&,1.0,&
{'R3'},{'D7'},{'R2'},{'D2'},{'D1'},{'R1'},,,,,&,7.0,&
{'R3'},{'D7'},{'R2'},{'D2'},{'D1'},{'R1'},{'D3'},,,,&,1.0,&
{'R3'},{'D7'},{'R2'},{'D2'},{'D1'},{'R1'},{'D3'},{'D4'},,,&,2.0,&
{'R3'},{'D7'},{'R2'},{'D2'},{'D1'},{'R1'},{'D3'},{'D4'},{'D6'},{'D5'},&,1.0,&
{'R3'},{'D7'},{'R2'},{'D2'},{'D1'},{'R1'},{'D5'},{'D4'},,,&,1.0,&
{'R3'},{'D7'},{'R2'},{'D2'},{'D1'},{'R1'},{'D4'},,,,&,1.0,&
{'R3'},{'D7'},{'R2'},{'D2'},{'D1'},{'R1'},{'D4'},{'D6'},,,&,3.0,&
{'R3'},{'D7'},{'R2'},{'D2'},{'D1'},{'R1'},{'D4'},{'D6'},{'D3'},{'D5'},&,2.0,&
{'R3'},{'D7'},{'R2'},{'D2'},{'D1'},{'R1'},{'D4'},{'D3'},{'D5'},,&,1.0,&
{'R3'},{'D7'},{'R2'},{'D2'},{'D1'},{'D3'},,,,,&,1.0,&
{'R3'},{'D7'},{'R2'},{'D2'},{'D1'},{'D3'},{'R1'},,,,&,1.0,&
{'R3'},{'D7'},{'R2'},{'D2'},{'D1'},{'D3'},{'R1'},{'D4'},{'D6'},,&,1.0,&
{'R3'},{'D7'},{'R2'},{'D2'},{'D1'},{'D3'},{'D4'},,,,&,2.0,&
{'R3'},{'D7'},{'R2'},{'D2'},{'D1'},{'D3'},{'D6'},{'R1'},{'D4'},{'D5'},&,1.0,&
{'R3'},{'D7'},{'R2'},{'D2'},{'D1'},{'D5'},,,,,&,1.0,&
{'R3'},{'D7'},{'R2'},{'D2'},{'D1'},{'D5'},{'D4'},,,,&,1.0,&
{'R3'},{'D7'},{'R2'},{'D2'},{'D1'},{'D5'},{'D4'},{'D3'},,,&,1.0,&
{'R3'},{'D7'},{'R2'},{'D2'},{'D1'},{'D6'},,,,,&,2.0,&
{'R3'},{'D7'},{'R2'},{'D2'},{'D1'},{'D6'},{'R1'},,,,&,1.0,&
{'R3'},{'D7'},{'R2'},{'D2'},{'D1'},{'D6'},{'D4'},,,,&,1.0,&
{'R3'},{'D7'},{'R2'},{'D2'},{'D1'},{'D6'},{'D4'},{'D3'},{'D5'},{'R1'},&,1.0,&
{'R3'},{'D7'},{'R2'},{'D2'},{'D4'},,,,,,&,4.0,&
{'R3'},{'D7'},{'R2'},{'D2'},{'D4'},{'R1'},,,,,&,6.0,&
{'R3'},{'D7'},{'R2'},{'D2'},{'D4'},{'R1'},{'D1'},,,,&,2.0,&
{'R3'},{'D7'},{'R2'},{'D2'},{'D4'},{'R1'},{'D1'},{'D6'},,,&,1.0,&
{'R3'},{'D7'},{'R2'},{'D2'},{'D4'},{'R1'},{'D1'},{'D6'},{'D5'},,&,1.0,&
{'R3'},{'D7'},{'R2'},{'D2'},{'D4'},{'R1'},{'D1'},{'D6'},{'D3'},{'D5'},&,1.0,&
{'R3'},{'D7'},{'R2'},{'D2'},{'D4'},{'D3'},,,,,&,1.0,&
{'R3'},{'D7'},{'R2'},{'D2'},{'D4'},{'D1'},,,,,&,4.0,&
{'R3'},{'D7'},{'R2'},{'D2'},{'D4'},{'D1'},{'D3'},{'R1'},{'D6'},,&,1.0,&
{'R3'},{'D7'},{'R2'},{'D2'},{'D4'},{'D1'},{'R1'},,,,&,1.0,&
{'R3'},{'D7'},{'R2'},{'D2'},{'D4'},{'D1'},{'R1'},{'D5'},,,&,1.0,&
{'R3'},{'D7'},{'R2'},{'D2'},{'D4'},{'D1'},{'R1'},{'D5'},{'D3'},{'D6'},&,1.0,&
{'R3'},{'D7'},{'R2'},{'D2'},{'D4'},{'D1'},{'R1'},{'D6'},,,&,1.0,&
{'R3'},{'D7'},{'R2'},{'D2'},{'D4'},{'D1'},{'R1'},{'D6'},{'D3'},{'D5'},&,1.0,&
{'R3'},{'D7'},{'R2'},{'D2'},{'D4'},{'D1'},{'R1'},{'D3'},,,&,1.0,&
{'R3'},{'D7'},{'R2'},{'D2'},{'D4'},{'D1'},{'R1'},{'D3'},{'D6'},{'D5'},&,1.0,&
{'R3'},{'D7'},{'R2'},{'D2'},{'D4'},{'D1'},{'D5'},{'R1'},{'D3'},,&,1.0,&
{'R3'},{'D7'},{'R2'},{'D2'},{'D4'},{'D1'},{'D6'},,,,&,1.0,&
{'R3'},{'D7'},{'R2'},{'D2'},{'D4'},{'D1'},{'D6'},{'D3'},,,&,1.0,&
{'R3'},{'D7'},{'R2'},{'D2'},{'D4'},{'D1'},{'D6'},{'D3'},{'D5'},{'R1'},&,1.0,&
{'R3'},{'D7'},{'R2'},{'D2'},{'D4'},{'D1'},{'D6'},{'R1'},,,&,1.0,&
{'R3'},{'D7'},{'R2'},{'D2'},{'D4'},{'D6'},,,,,&,1.0,&
{'R3'},{'D7'},{'R2'},{'D2'},{'D4'},{'D6'},{'R1'},{'D1'},{'D3'},,&,1.0,&
{'R3'},{'D7'},{'R2'},{'D2'},{'D6'},,,,,,&,1.0,&
{'R3'},{'D7'},{'R2'},{'D2'},{'D6'},{'D4'},{'R1'},,,,&,1.0,&
{'R3'},{'D7'},{'R2'},{'D2'},{'D6'},{'R1'},,,,,&,1.0,&
{'R3'},{'D7'},{'R2'},{'D2'},{'D6'},{'D1'},{'R1'},,,,&,1.0,&
{'R3'},{'D7'},{'R2'},{'D2'},{'D6'},{'D1'},{'D5'},,,,&,1.0,&
{'R3'},{'D7'},{'R2'},{'D2'},{'D3'},{'D1'},,,,,&,1.0,&
{'R3'},{'D7'},{'R2'},{'D2'},{'D3'},{'D1'},{'D4'},,,,&,2.0,&
{'R3'},{'D7'},{'R2'},{'D2'},{'D5'},{'D4'},,,,,&,1.0,&
{'R3'},{'D7'},{'R2'},{'D2'},{'D5'},{'R1'},,,,,&,1.0,&
{'R3'},{'D7'},{'R2'},{'D2'},{'D5'},{'D3'},{'D1'},{'D4'},,,&,1.0,&
{'R3'},{'D7'},{'R2'},{'D2'},{'D5'},{'D1'},,,,,&,1.0,&
{'R3'},{'D7'},{'R2'},{'D2'},{'D5'},{'D1'},{'D4'},{'D3'},{'D6'},{'R1'},&,1.0,&
{'R3'},{'D7'},{'R2'},{'D1'},,,,,,,&,7.0,&
{'R3'},{'D7'},{'R2'},{'D1'},{'R1'},,,,,,&,8.0,&
{'R3'},{'D7'},{'R2'},{'D1'},{'R1'},{'D4'},{'D3'},{'D2'},,,&,1.0,&
{'R3'},{'D7'},{'R2'},{'D1'},{'R1'},{'D4'},{'D2'},{'D6'},{'D3'},{'D5'},&,1.0,&
{'R3'},{'D7'},{'R2'},{'D1'},{'R1'},{'D4'},{'D2'},{'D3'},,,&,3.0,&
{'R3'},{'D7'},{'R2'},{'D1'},{'R1'},{'D3'},,,,,&,2.0,&
{'R3'},{'D7'},{'R2'},{'D1'},{'R1'},{'D3'},{'D2'},,,,&,2.0,&
{'R3'},{'D7'},{'R2'},{'D1'},{'R1'},{'D3'},{'D2'},{'D6'},{'D4'},,&,1.0,&
{'R3'},{'D7'},{'R2'},{'D1'},{'R1'},{'D3'},{'D2'},{'D4'},{'D6'},,&,1.0,&
{'R3'},{'D7'},{'R2'},{'D1'},{'R1'},{'D3'},{'D6'},,,,&,1.0,&
{'R3'},{'D7'},{'R2'},{'D1'},{'R1'},{'D2'},{'D3'},,,,&,2.0,&
{'R3'},{'D7'},{'R2'},{'D1'},{'R1'},{'D2'},{'D5'},{'D3'},,,&,1.0,&
{'R3'},{'D7'},{'R2'},{'D1'},{'R1'},{'D2'},{'D4'},,,,&,3.0,&
{'R3'},{'D7'},{'R2'},{'D1'},{'R1'},{'D2'},{'D4'},{'D6'},,,&,2.0,&
{'R3'},{'D7'},{'R2'},{'D1'},{'R1'},{'D2'},{'D4'},{'D3'},,,&,2.0,&
{'R3'},{'D7'},{'R2'},{'D1'},{'R1'},{'D2'},{'D4'},{'D3'},{'D6'},,&,1.0,&
{'R3'},{'D7'},{'R2'},{'D1'},{'R1'},{'D2'},{'D6'},{'D3'},{'D4'},{'D5'},&,1.0,&
{'R3'},{'D7'},{'R2'},{'D1'},{'R1'},{'D2'},{'D6'},{'D4'},,,&,1.0,&
{'R3'},{'D7'},{'R2'},{'D1'},{'R1'},{'D2'},{'D6'},{'D4'},{'D3'},{'D5'},&,1.0,&
{'R3'},{'D7'},{'R2'},{'D1'},{'R1'},{'D5'},,,,,&,1.0,&
{'R3'},{'D7'},{'R2'},{'D1'},{'R1'},{'D6'},,,,,&,1.0,&
{'R3'},{'D7'},{'R2'},{'D1'},{'D4'},,,,,,&,3.0,&
{'R3'},{'D7'},{'R2'},{'D1'},{'D4'},{'R1'},,,,,&,1.0,&
{'R3'},{'D7'},{'R2'},{'D1'},{'D4'},{'R1'},{'D3'},,,,&,1.0,&
{'R3'},{'D7'},{'R2'},{'D1'},{'D4'},{'R1'},{'D3'},{'D2'},{'D6'},{'D5'},&,1.0,&
{'R3'},{'D7'},{'R2'},{'D1'},{'D4'},{'D3'},,,,,&,1.0,&
{'R3'},{'D7'},{'R2'},{'D1'},{'D4'},{'D3'},{'D2'},,,,&,1.0,&
{'R3'},{'D7'},{'R2'},{'D1'},{'D4'},{'D2'},,,,,&,2.0,&
{'R3'},{'D7'},{'R2'},{'D1'},{'D4'},{'D2'},{'D3'},{'R1'},{'D6'},{'D5'},&,1.0,&
{'R3'},{'D7'},{'R2'},{'D1'},{'D4'},{'D2'},{'R1'},,,,&,1.0,&
{'R3'},{'D7'},{'R2'},{'D1'},{'D4'},{'D2'},{'R1'},{'D3'},{'D5'},,&,2.0,&
{'R3'},{'D7'},{'R2'},{'D1'},{'D2'},,,,,,&,9.0,&
{'R3'},{'D7'},{'R2'},{'D1'},{'D2'},{'D4'},,,,,&,1.0,&
{'R3'},{'D7'},{'R2'},{'D1'},{'D2'},{'D4'},{'D3'},,,,&,3.0,&
{'R3'},{'D7'},{'R2'},{'D1'},{'D2'},{'D4'},{'D3'},{'D6'},{'D5'},{'R1'},&,1.0,&
{'R3'},{'D7'},{'R2'},{'D1'},{'D2'},{'D4'},{'D3'},{'R1'},{'D6'},{'D5'},&,2.0,&
{'R3'},{'D7'},{'R2'},{'D1'},{'D2'},{'D4'},{'R1'},{'D3'},{'D6'},,&,1.0,&
{'R3'},{'D7'},{'R2'},{'D1'},{'D2'},{'D4'},{'D5'},{'D6'},{'D3'},{'R1'},&,1.0,&
{'R3'},{'D7'},{'R2'},{'D1'},{'D2'},{'D4'},{'D6'},,,,&,2.0,&
{'R3'},{'D7'},{'R2'},{'D1'},{'D2'},{'D4'},{'D6'},{'D3'},{'D5'},{'R1'},&,2.0,&
{'R3'},{'D7'},{'R2'},{'D1'},{'D2'},{'R1'},,,,,&,4.0,&
{'R3'},{'D7'},{'R2'},{'D1'},{'D2'},{'R1'},{'D4'},,,,&,2.0,&
{'R3'},{'D7'},{'R2'},{'D1'},{'D2'},{'R1'},{'D4'},{'D5'},{'D3'},{'D6'},&,1.0,&
{'R3'},{'D7'},{'R2'},{'D1'},{'D2'},{'R1'},{'D4'},{'D3'},,,&,2.0,&
{'R3'},{'D7'},{'R2'},{'D1'},{'D2'},{'R1'},{'D4'},{'D3'},{'D6'},{'D5'},&,2.0,&
{'R3'},{'D7'},{'R2'},{'D1'},{'D2'},{'R1'},{'D4'},{'D3'},{'D5'},,&,1.0,&
{'R3'},{'D7'},{'R2'},{'D1'},{'D2'},{'R1'},{'D6'},{'D4'},{'D5'},{'D3'},&,1.0,&
{'R3'},{'D7'},{'R2'},{'D1'},{'D2'},{'D3'},{'D4'},{'D5'},{'D6'},{'R1'},&,1.0,&
{'R3'},{'D7'},{'R2'},{'D1'},{'D2'},{'D3'},{'D4'},{'R1'},{'D6'},{'D5'},&,1.0,&
{'R3'},{'D7'},{'R2'},{'D1'},{'D2'},{'D3'},{'D4'},{'R1'},{'D5'},{'D6'},&,1.0,&
{'R3'},{'D7'},{'R2'},{'D1'},{'D2'},{'D3'},{'D6'},,,,&,1.0,&
{'R3'},{'D7'},{'R2'},{'D1'},{'D2'},{'D6'},,,,,&,2.0,&
{'R3'},{'D7'},{'R2'},{'D1'},{'D2'},{'D6'},{'R1'},,,,&,1.0,&
{'R3'},{'D7'},{'R2'},{'D1'},{'D2'},{'D6'},{'R1'},{'D3'},{'D4'},,&,1.0,&
{'R3'},{'D7'},{'R2'},{'D1'},{'D2'},{'D6'},{'R1'},{'D4'},,,&,1.0,&
{'R3'},{'D7'},{'R2'},{'D1'},{'D2'},{'D6'},{'D5'},{'D4'},{'D3'},{'R1'},&,1.0,&
{'R3'},{'D7'},{'R2'},{'D1'},{'D6'},,,,,,&,2.0,&
{'R3'},{'D7'},{'R2'},{'D1'},{'D6'},{'D4'},,,,,&,2.0,&
{'R3'},{'D7'},{'R2'},{'D1'},{'D6'},{'D4'},{'R1'},{'D2'},{'D3'},,&,1.0,&
{'R3'},{'D7'},{'R2'},{'D1'},{'D6'},{'R1'},,,,,&,2.0,&
{'R3'},{'D7'},{'R2'},{'D1'},{'D6'},{'R1'},{'D2'},{'D4'},{'D3'},{'D5'},&,1.0,&
{'R3'},{'D7'},{'R2'},{'D1'},{'D6'},{'D2'},{'R1'},{'D3'},{'D4'},{'D5'},&,1.0,&
{'R3'},{'D7'},{'R2'},{'D1'},{'D3'},,,,,,&,1.0,&
{'R3'},{'D7'},{'R2'},{'D1'},{'D3'},{'D2'},,,,,&,1.0,&
{'R3'},{'D7'},{'R2'},{'D1'},{'D3'},{'D2'},{'R1'},,,,&,1.0,&
{'R3'},{'D7'},{'R2'},{'D1'},{'D3'},{'D2'},{'R1'},{'D6'},,,&,1.0,&
{'R3'},{'D7'},{'R2'},{'D1'},{'D3'},{'D2'},{'D4'},{'D5'},{'R1'},,&,1.0,&
{'R3'},{'D7'},{'R2'},{'R1'},,,,,,,&,54.0,&
{'R3'},{'D7'},{'R2'},{'R1'},{'D1'},,,,,,&,9.0,&
{'R3'},{'D7'},{'R2'},{'R1'},{'D1'},{'D4'},,,,,&,3.0,&
{'R3'},{'D7'},{'R2'},{'R1'},{'D1'},{'D4'},{'D3'},,,,&,1.0,&
{'R3'},{'D7'},{'R2'},{'R1'},{'D1'},{'D4'},{'D2'},,,,&,4.0,&
{'R3'},{'D7'},{'R2'},{'R1'},{'D1'},{'D4'},{'D2'},{'D6'},{'D3'},,&,1.0,&
{'R3'},{'D7'},{'R2'},{'R1'},{'D1'},{'D4'},{'D2'},{'D3'},,,&,2.0,&
{'R3'},{'D7'},{'R2'},{'R1'},{'D1'},{'D4'},{'D2'},{'D3'},{'D6'},{'D5'},&,2.0,&
{'R3'},{'D7'},{'R2'},{'R1'},{'D1'},{'D4'},{'D6'},{'D2'},{'D3'},,&,1.0,&
{'R3'},{'D7'},{'R2'},{'R1'},{'D1'},{'D3'},,,,,&,1.0,&
{'R3'},{'D7'},{'R2'},{'R1'},{'D1'},{'D3'},{'D2'},{'D6'},,,&,1.0,&
{'R3'},{'D7'},{'R2'},{'R1'},{'D1'},{'D3'},{'D2'},{'D6'},{'D4'},,&,1.0,&
{'R3'},{'D7'},{'R2'},{'R1'},{'D1'},{'D3'},{'D2'},{'D4'},,,&,1.0,&
{'R3'},{'D7'},{'R2'},{'R1'},{'D1'},{'D3'},{'D2'},{'D4'},{'D6'},,&,1.0,&
{'R3'},{'D7'},{'R2'},{'R1'},{'D1'},{'D3'},{'D4'},{'D2'},{'D6'},{'D5'},&,1.0,&
{'R3'},{'D7'},{'R2'},{'R1'},{'D1'},{'D2'},,,,,&,16.0,&
{'R3'},{'D7'},{'R2'},{'R1'},{'D1'},{'D2'},{'D3'},,,,&,1.0,&
{'R3'},{'D7'},{'R2'},{'R1'},{'D1'},{'D2'},{'D3'},{'D6'},,,&,1.0,&
{'R3'},{'D7'},{'R2'},{'R1'},{'D1'},{'D2'},{'D3'},{'D6'},{'D4'},{'D5'},&,1.0,&
{'R3'},{'D7'},{'R2'},{'R1'},{'D1'},{'D2'},{'D3'},{'D4'},{'D5'},,&,1.0,&
{'R3'},{'D7'},{'R2'},{'R1'},{'D1'},{'D2'},{'D3'},{'D4'},{'D5'},{'D6'},&,1.0,&
{'R3'},{'D7'},{'R2'},{'R1'},{'D1'},{'D2'},{'D5'},{'D4'},{'D6'},{'D3'},&,1.0,&
{'R3'},{'D7'},{'R2'},{'R1'},{'D1'},{'D2'},{'D4'},,,,&,2.0,&
{'R3'},{'D7'},{'R2'},{'R1'},{'D1'},{'D2'},{'D4'},{'D5'},{'D3'},,&,1.0,&
{'R3'},{'D7'},{'R2'},{'R1'},{'D1'},{'D2'},{'D4'},{'D6'},,,&,3.0,&
{'R3'},{'D7'},{'R2'},{'R1'},{'D1'},{'D2'},{'D4'},{'D6'},{'D3'},{'D5'},&,2.0,&
{'R3'},{'D7'},{'R2'},{'R1'},{'D1'},{'D2'},{'D4'},{'D3'},,,&,1.0,&
{'R3'},{'D7'},{'R2'},{'R1'},{'D1'},{'D2'},{'D4'},{'D3'},{'D6'},{'D5'},&,1.0,&
{'R3'},{'D7'},{'R2'},{'R1'},{'D1'},{'D2'},{'D6'},{'D3'},,,&,1.0,&
{'R3'},{'D7'},{'R2'},{'R1'},{'D1'},{'D2'},{'D6'},{'D4'},,,&,1.0,&
{'R3'},{'D7'},{'R2'},{'R1'},{'D1'},{'D5'},{'D2'},{'D4'},{'D3'},,&,1.0,&
{'R3'},{'D7'},{'R2'},{'R1'},{'D1'},{'D6'},,,,,&,1.0,&
{'R3'},{'D7'},{'R2'},{'R1'},{'D1'},{'D6'},{'D2'},{'D3'},,,&,1.0,&
{'R3'},{'D7'},{'R2'},{'R1'},{'D1'},{'D6'},{'D2'},{'D4'},,,&,1.0,&
{'R3'},{'D7'},{'R2'},{'R1'},{'D1'},{'D6'},{'D4'},,,,&,1.0,&
{'R3'},{'D7'},{'R2'},{'R1'},{'D1'},{'D6'},{'D4'},{'D2'},,,&,1.0,&
{'R3'},{'D7'},{'R2'},{'R1'},{'D1'},{'D6'},{'D4'},{'D2'},{'D3'},,&,1.0,&
{'R3'},{'D7'},{'R2'},{'R1'},{'D4'},,,,,,&,4.0,&
{'R3'},{'D7'},{'R2'},{'R1'},{'D4'},{'D3'},,,,,&,1.0,&
{'R3'},{'D7'},{'R2'},{'R1'},{'D4'},{'D2'},,,,,&,3.0,&
{'R3'},{'D7'},{'R2'},{'R1'},{'D4'},{'D2'},{'D1'},,,,&,1.0,&
{'R3'},{'D7'},{'R2'},{'R1'},{'D4'},{'D2'},{'D1'},{'D6'},{'D3'},{'D5'},&,1.0,&
{'R3'},{'D7'},{'R2'},{'R1'},{'D4'},{'D2'},{'D1'},{'D3'},{'D5'},{'D6'},&,1.0,&
{'R3'},{'D7'},{'R2'},{'R1'},{'D4'},{'D2'},{'D6'},,,,&,1.0,&
{'R3'},{'D7'},{'R2'},{'R1'},{'D4'},{'D2'},{'D6'},{'D1'},{'D5'},,&,1.0,&
{'R3'},{'D7'},{'R2'},{'R1'},{'D4'},{'D1'},,,,,&,2.0,&
{'R3'},{'D7'},{'R2'},{'R1'},{'D4'},{'D1'},{'D2'},,,,&,2.0,&
{'R3'},{'D7'},{'R2'},{'R1'},{'D4'},{'D1'},{'D2'},{'D6'},,,&,1.0,&
{'R3'},{'D7'},{'R2'},{'R1'},{'D4'},{'D1'},{'D2'},{'D6'},{'D3'},{'D5'},&,2.0,&
{'R3'},{'D7'},{'R2'},{'R1'},{'D4'},{'D1'},{'D2'},{'D3'},{'D6'},{'D5'},&,1.0,&
{'R3'},{'D7'},{'R2'},{'R1'},{'D4'},{'D1'},{'D5'},{'D2'},{'D3'},,&,1.0,&
{'R3'},{'D7'},{'R2'},{'R1'},{'D4'},{'D5'},{'D2'},{'D1'},,,&,1.0,&
{'R3'},{'D7'},{'R2'},{'R1'},{'D4'},{'D6'},{'D2'},{'D3'},{'D1'},,&,1.0,&
{'R3'},{'D7'},{'R2'},{'R1'},{'D2'},,,,,,&,23.0,&
{'R3'},{'D7'},{'R2'},{'R1'},{'D2'},{'D4'},,,,,&,10.0,&
{'R3'},{'D7'},{'R2'},{'R1'},{'D2'},{'D4'},{'D1'},,,,&,3.0,&
{'R3'},{'D7'},{'R2'},{'R1'},{'D2'},{'D4'},{'D1'},{'D6'},{'D5'},,&,1.0,&
{'R3'},{'D7'},{'R2'},{'R1'},{'D2'},{'D4'},{'D1'},{'D6'},{'D5'},{'D3'},&,1.0,&
{'R3'},{'D7'},{'R2'},{'R1'},{'D2'},{'D4'},{'D1'},{'D6'},{'D3'},,&,1.0,&
{'R3'},{'D7'},{'R2'},{'R1'},{'D2'},{'D4'},{'D1'},{'D6'},{'D3'},{'D5'},&,2.0,&
{'R3'},{'D7'},{'R2'},{'R1'},{'D2'},{'D4'},{'D1'},{'D3'},,,&,1.0,&
{'R3'},{'D7'},{'R2'},{'R1'},{'D2'},{'D4'},{'D1'},{'D3'},{'D6'},,&,1.0,&
{'R3'},{'D7'},{'R2'},{'R1'},{'D2'},{'D4'},{'D1'},{'D3'},{'D5'},{'D6'},&,1.0,&
{'R3'},{'D7'},{'R2'},{'R1'},{'D2'},{'D4'},{'D5'},{'D1'},{'D3'},{'D6'},&,1.0,&
{'R3'},{'D7'},{'R2'},{'R1'},{'D2'},{'D3'},,,,,&,7.0,&
{'R3'},{'D7'},{'R2'},{'R1'},{'D2'},{'D3'},{'D1'},,,,&,2.0,&
{'R3'},{'D7'},{'R2'},{'R1'},{'D2'},{'D3'},{'D1'},{'D6'},,,&,1.0,&
{'R3'},{'D7'},{'R2'},{'R1'},{'D2'},{'D3'},{'D1'},{'D6'},{'D4'},,&,1.0,&
{'R3'},{'D7'},{'R2'},{'R1'},{'D2'},{'D3'},{'D1'},{'D4'},,,&,1.0,&
{'R3'},{'D7'},{'R2'},{'R1'},{'D2'},{'D3'},{'D1'},{'D4'},{'D6'},,&,1.0,&
{'R3'},{'D7'},{'R2'},{'R1'},{'D2'},{'D3'},{'D1'},{'D4'},{'D6'},{'D5'},&,1.0,&
{'R3'},{'D7'},{'R2'},{'R1'},{'D2'},{'D3'},{'D1'},{'D4'},{'D5'},{'D6'},&,1.0,&
{'R3'},{'D7'},{'R2'},{'R1'},{'D2'},{'D3'},{'D4'},,,,&,2.0,&
{'R3'},{'D7'},{'R2'},{'R1'},{'D2'},{'D1'},,,,,&,13.0,&
{'R3'},{'D7'},{'R2'},{'R1'},{'D2'},{'D1'},{'D3'},,,,&,4.0,&
{'R3'},{'D7'},{'R2'},{'R1'},{'D2'},{'D1'},{'D3'},{'D6'},,,&,1.0,&
{'R3'},{'D7'},{'R2'},{'R1'},{'D2'},{'D1'},{'D3'},{'D4'},,,&,1.0,&
{'R3'},{'D7'},{'R2'},{'R1'},{'D2'},{'D1'},{'D3'},{'D4'},{'D6'},,&,1.0,&
{'R3'},{'D7'},{'R2'},{'R1'},{'D2'},{'D1'},{'D3'},{'D4'},{'D6'},{'D5'},&,1.0,&
{'R3'},{'D7'},{'R2'},{'R1'},{'D2'},{'D1'},{'D3'},{'D4'},{'D5'},{'D6'},&,1.0,&
{'R3'},{'D7'},{'R2'},{'R1'},{'D2'},{'D1'},{'D5'},,,,&,1.0,&
{'R3'},{'D7'},{'R2'},{'R1'},{'D2'},{'D1'},{'D5'},{'D4'},,,&,1.0,&
{'R3'},{'D7'},{'R2'},{'R1'},{'D2'},{'D1'},{'D4'},,,,&,3.0,&
{'R3'},{'D7'},{'R2'},{'R1'},{'D2'},{'D1'},{'D4'},{'D5'},,,&,2.0,&
{'R3'},{'D7'},{'R2'},{'R1'},{'D2'},{'D1'},{'D4'},{'D5'},{'D6'},,&,1.0,&
{'R3'},{'D7'},{'R2'},{'R1'},{'D2'},{'D1'},{'D4'},{'D6'},,,&,2.0,&
{'R3'},{'D7'},{'R2'},{'R1'},{'D2'},{'D1'},{'D4'},{'D6'},{'D5'},,&,1.0,&
{'R3'},{'D7'},{'R2'},{'R1'},{'D2'},{'D1'},{'D4'},{'D6'},{'D5'},{'D3'},&,1.0,&
{'R3'},{'D7'},{'R2'},{'R1'},{'D2'},{'D1'},{'D4'},{'D6'},{'D3'},,&,2.0,&
{'R3'},{'D7'},{'R2'},{'R1'},{'D2'},{'D1'},{'D4'},{'D6'},{'D3'},{'D5'},&,1.0,&
{'R3'},{'D7'},{'R2'},{'R1'},{'D2'},{'D1'},{'D4'},{'D3'},,,&,4.0,&
{'R3'},{'D7'},{'R2'},{'R1'},{'D2'},{'D1'},{'D4'},{'D3'},{'D6'},,&,2.0,&
{'R3'},{'D7'},{'R2'},{'R1'},{'D2'},{'D1'},{'D4'},{'D3'},{'D6'},{'D5'},&,3.0,&
{'R3'},{'D7'},{'R2'},{'R1'},{'D2'},{'D1'},{'D6'},,,,&,1.0,&
{'R3'},{'D7'},{'R2'},{'R1'},{'D2'},{'D1'},{'D6'},{'D3'},{'D4'},{'D5'},&,1.0,&
{'R3'},{'D7'},{'R2'},{'R1'},{'D2'},{'D1'},{'D6'},{'D4'},,,&,2.0,&
{'R3'},{'D7'},{'R2'},{'R1'},{'D2'},{'D5'},,,,,&,1.0,&
{'R3'},{'D7'},{'R2'},{'R1'},{'D2'},{'D6'},,,,,&,2.0,&
{'R3'},{'D7'},{'R2'},{'R1'},{'D2'},{'D6'},{'D3'},,,,&,2.0,&
{'R3'},{'D7'},{'R2'},{'R1'},{'D2'},{'D6'},{'D1'},,,,&,1.0,&
{'R3'},{'D7'},{'R2'},{'R1'},{'D2'},{'D6'},{'D1'},{'D3'},,,&,1.0,&
{'R3'},{'D7'},{'R2'},{'R1'},{'D2'},{'D6'},{'D1'},{'D3'},{'D4'},{'D5'},&,1.0,&
{'R3'},{'D7'},{'R2'},{'R1'},{'D2'},{'D6'},{'D1'},{'D4'},{'D3'},,&,1.0,&
{'R3'},{'D7'},{'R2'},{'R1'},{'D2'},{'D6'},{'D5'},,,,&,1.0,&
{'R3'},{'D7'},{'R2'},{'R1'},{'D2'},{'D6'},{'D4'},{'D1'},{'D3'},{'D5'},&,1.0,&
{'R3'},{'D7'},{'R2'},{'R1'},{'D6'},,,,,,&,1.0,&
{'R3'},{'D7'},{'R2'},{'R1'},{'D6'},{'D4'},{'D2'},,,,&,1.0,&
{'R3'},{'D7'},{'R2'},{'R1'},{'D6'},{'D3'},{'D1'},,,,&,1.0,&
{'R3'},{'D7'},{'R2'},{'R1'},{'D6'},{'D2'},{'D4'},{'D1'},{'D3'},{'D5'},&,1.0,&
{'R3'},{'D7'},{'R2'},{'R1'},{'D6'},{'D1'},,,,,&,3.0,&
{'R3'},{'D7'},{'R2'},{'R1'},{'D6'},{'D1'},{'D3'},,,,&,1.0,&
{'R3'},{'D7'},{'R2'},{'R1'},{'D6'},{'D1'},{'D2'},{'D3'},,,&,2.0,&
{'R3'},{'D7'},{'R2'},{'R1'},{'D3'},,,,,,&,1.0,&
{'R3'},{'D7'},{'R2'},{'R1'},{'D3'},{'D4'},{'D2'},{'D1'},{'D5'},,&,1.0,&
{'R3'},{'D7'},{'R2'},{'R1'},{'D3'},{'D2'},,,,,&,2.0,&
{'R3'},{'D7'},{'R2'},{'R1'},{'D3'},{'D2'},{'D1'},{'D5'},,,&,1.0,&
{'R3'},{'D7'},{'R2'},{'R1'},{'D3'},{'D2'},{'D1'},{'D4'},,,&,1.0,&
{'R3'},{'D7'},{'R2'},{'R1'},{'D3'},{'D1'},{'D2'},,,,&,1.0,&
{'R3'},{'D7'},{'R2'},{'R1'},{'D3'},{'D1'},{'D2'},{'D4'},,,&,1.0,&
{'R3'},{'D7'},{'R2'},{'R1'},{'D3'},{'D1'},{'D2'},{'D4'},{'D6'},,&,1.0,&
{'R3'},{'D7'},{'R2'},{'R1'},{'D3'},{'D1'},{'D4'},{'D2'},{'D6'},{'D5'},&,1.0,&
{'R3'},{'D7'},{'R2'},{'R1'},{'D3'},{'D6'},{'D4'},{'D2'},,,&,1.0,&
{'R3'},{'D7'},{'R2'},{'R1'},{'D5'},,,,,,&,1.0,&
{'R3'},{'D7'},{'R2'},{'R1'},{'D5'},{'D2'},,,,,&,1.0,&
{'R3'},{'D7'},{'R2'},{'R1'},{'D5'},{'D1'},,,,,&,2.0,&
{'R3'},{'D7'},{'R2'},{'D4'},,,,,,,&,7.0,&
{'R3'},{'D7'},{'R2'},{'D4'},{'R1'},,,,,,&,3.0,&
{'R3'},{'D7'},{'R2'},{'D4'},{'R1'},{'D2'},,,,,&,2.0,&
{'R3'},{'D7'},{'R2'},{'D4'},{'R1'},{'D2'},{'D1'},{'D3'},,,&,1.0,&
{'R3'},{'D7'},{'R2'},{'D4'},{'R1'},{'D2'},{'D1'},{'D3'},{'D6'},,&,2.0,&
{'R3'},{'D7'},{'R2'},{'D4'},{'R1'},{'D2'},{'D1'},{'D3'},{'D6'},{'D5'},&,1.0,&
{'R3'},{'D7'},{'R2'},{'D4'},{'R1'},{'D2'},{'D1'},{'D3'},{'D5'},,&,1.0,&
{'R3'},{'D7'},{'R2'},{'D4'},{'R1'},{'D1'},,,,,&,1.0,&
{'R3'},{'D7'},{'R2'},{'D4'},{'R1'},{'D1'},{'D2'},,,,&,2.0,&
{'R3'},{'D7'},{'R2'},{'D4'},{'R1'},{'D1'},{'D2'},{'D5'},,,&,1.0,&
{'R3'},{'D7'},{'R2'},{'D4'},{'R1'},{'D1'},{'D2'},{'D6'},{'D5'},,&,1.0,&
{'R3'},{'D7'},{'R2'},{'D4'},{'R1'},{'D1'},{'D2'},{'D3'},,,&,1.0,&
{'R3'},{'D7'},{'R2'},{'D4'},{'R1'},{'D1'},{'D6'},{'D3'},{'D2'},{'D5'},&,1.0,&
{'R3'},{'D7'},{'R2'},{'D4'},{'R1'},{'D1'},{'D6'},{'D2'},,,&,1.0,&
{'R3'},{'D7'},{'R2'},{'D4'},{'R1'},{'D5'},,,,,&,1.0,&
{'R3'},{'D7'},{'R2'},{'D4'},{'R1'},{'D6'},{'D2'},{'D1'},{'D5'},,&,1.0,&
{'R3'},{'D7'},{'R2'},{'D4'},{'R1'},{'D6'},{'D5'},,,,&,1.0,&
{'R3'},{'D7'},{'R2'},{'D4'},{'D1'},,,,,,&,1.0,&
{'R3'},{'D7'},{'R2'},{'D4'},{'D1'},{'R1'},,,,,&,1.0,&
{'R3'},{'D7'},{'R2'},{'D4'},{'D1'},{'R1'},{'D3'},{'D6'},{'D2'},,&,1.0,&
{'R3'},{'D7'},{'R2'},{'D4'},{'D1'},{'R1'},{'D2'},{'D3'},,,&,1.0,&
{'R3'},{'D7'},{'R2'},{'D4'},{'D1'},{'R1'},{'D2'},{'D3'},{'D6'},{'D5'},&,1.0,&
{'R3'},{'D7'},{'R2'},{'D4'},{'D1'},{'D2'},,,,,&,1.0,&
{'R3'},{'D7'},{'R2'},{'D4'},{'D1'},{'D2'},{'D3'},{'R1'},{'D5'},,&,1.0,&
{'R3'},{'D7'},{'R2'},{'D4'},{'D1'},{'D2'},{'R1'},{'D6'},,,&,1.0,&
{'R3'},{'D7'},{'R2'},{'D4'},{'D2'},,,,,,&,4.0,&
{'R3'},{'D7'},{'R2'},{'D4'},{'D2'},{'D3'},,,,,&,1.0,&
{'R3'},{'D7'},{'R2'},{'D4'},{'D2'},{'D3'},{'D1'},{'D6'},{'D5'},{'R1'},&,1.0,&
{'R3'},{'D7'},{'R2'},{'D4'},{'D2'},{'D3'},{'R1'},{'D1'},{'D6'},,&,1.0,&
{'R3'},{'D7'},{'R2'},{'D4'},{'D2'},{'D3'},{'D6'},{'R1'},{'D1'},{'D5'},&,1.0,&
{'R3'},{'D7'},{'R2'},{'D4'},{'D2'},{'D1'},,,,,&,2.0,&
{'R3'},{'D7'},{'R2'},{'D4'},{'D2'},{'D1'},{'R1'},{'D5'},,,&,1.0,&
{'R3'},{'D7'},{'R2'},{'D4'},{'D6'},{'D2'},{'D1'},,,,&,1.0,&
{'R3'},{'D7'},{'R2'},{'D4'},{'D6'},{'D2'},{'D1'},{'R1'},,,&,1.0,&
{'R3'},{'D7'},{'R2'},{'D4'},{'D6'},{'D2'},{'R1'},,,,&,1.0,&
{'R3'},{'D7'},{'R2'},{'D4'},{'D3'},{'R1'},{'D2'},{'D6'},,,&,1.0,&
{'R3'},{'D7'},{'R2'},{'D4'},{'D3'},{'D2'},,,,,&,1.0,&
{'R3'},{'D7'},{'R2'},{'D4'},{'D5'},{'R1'},{'D2'},,,,&,1.0,&
{'R3'},{'D7'},{'R2'},{'D3'},,,,,,,&,2.0,&
{'R3'},{'D7'},{'R2'},{'D3'},{'R1'},,,,,,&,3.0,&
{'R3'},{'D7'},{'R2'},{'D3'},{'R1'},{'D4'},,,,,&,1.0,&
{'R3'},{'D7'},{'R2'},{'D3'},{'R1'},{'D2'},,,,,&,1.0,&
{'R3'},{'D7'},{'R2'},{'D3'},{'R1'},{'D2'},{'D1'},{'D4'},,,&,2.0,&
{'R3'},{'D7'},{'R2'},{'D3'},{'R1'},{'D2'},{'D4'},{'D1'},{'D5'},,&,1.0,&
{'R3'},{'D7'},{'R2'},{'D3'},{'R1'},{'D1'},{'D2'},,,,&,1.0,&
{'R3'},{'D7'},{'R2'},{'D3'},{'R1'},{'D1'},{'D4'},{'D6'},,,&,1.0,&
{'R3'},{'D7'},{'R2'},{'D3'},{'R1'},{'D1'},{'D4'},{'D2'},{'D6'},,&,1.0,&
{'R3'},{'D7'},{'R2'},{'D3'},{'R1'},{'D5'},{'D2'},{'D1'},{'D4'},{'D6'},&,1.0,&
{'R3'},{'D7'},{'R2'},{'D3'},{'D1'},,,,,,&,1.0,&
{'R3'},{'D7'},{'R2'},{'D3'},{'D1'},{'D2'},{'R1'},{'D4'},,,&,1.0,&
{'R3'},{'D7'},{'R2'},{'D3'},{'D1'},{'D2'},{'D4'},{'D6'},{'D5'},,&,1.0,&
{'R3'},{'D7'},{'R2'},{'D3'},{'D1'},{'D2'},{'D6'},,,,&,1.0,&
{'R3'},{'D7'},{'R2'},{'D3'},{'D4'},,,,,,&,1.0,&
{'R3'},{'D7'},{'R2'},{'D3'},{'D2'},{'R1'},{'D1'},,,,&,1.0,&
{'R3'},{'D7'},{'R2'},{'D3'},{'D2'},{'R1'},{'D1'},{'D5'},{'D4'},{'D6'},&,1.0,&
{'R3'},{'D7'},{'R2'},{'D3'},{'D2'},{'R1'},{'D4'},,,,&,1.0,&
{'R3'},{'D7'},{'R2'},{'D3'},{'D2'},{'D1'},{'D4'},{'D5'},{'D6'},{'R1'},&,1.0,&
{'R3'},{'D7'},{'R2'},{'D3'},{'D2'},{'D6'},{'D4'},{'R1'},{'D1'},{'D5'},&,1.0,&
{'R3'},{'D7'},{'R2'},{'D3'},{'D6'},{'R1'},{'D2'},{'D1'},{'D4'},{'D5'},&,1.0,&
{'R3'},{'D7'},{'R2'},{'D6'},,,,,,,&,3.0,&
{'R3'},{'D7'},{'R2'},{'D6'},{'R1'},{'D2'},{'D1'},{'D4'},,,&,1.0,&
{'R3'},{'D7'},{'R2'},{'D6'},{'R1'},{'D2'},{'D5'},{'D3'},{'D4'},,&,1.0,&
{'R3'},{'D7'},{'R2'},{'D6'},{'D1'},{'D4'},{'R1'},{'D2'},,,&,1.0,&
{'R3'},{'D7'},{'R2'},{'D6'},{'D1'},{'R1'},{'D2'},,,,&,2.0,&
{'R3'},{'D7'},{'R2'},{'D6'},{'D2'},{'D4'},{'D1'},{'R1'},{'D3'},{'D5'},&,1.0,&
{'R3'},{'D7'},{'R2'},{'D6'},{'D2'},{'R1'},{'D1'},{'D4'},{'D3'},{'D5'},&,1.0,&
{'R3'},{'D7'},{'R2'},{'D6'},{'D2'},{'D3'},,,,,&,1.0,&
{'R3'},{'D7'},{'R2'},{'D6'},{'D2'},{'D1'},,,,,&,1.0,&
{'R3'},{'D7'},{'R2'},{'D6'},{'D2'},{'D1'},{'D4'},{'R1'},,,&,1.0,&
{'R3'},{'D7'},{'R2'},{'D6'},{'D3'},{'R1'},{'D1'},{'D2'},{'D4'},{'D5'},&,1.0,&
{'R3'},{'D7'},{'R2'},{'D5'},,,,,,,&,1.0,&
{'R3'},{'D7'},{'R2'},{'D5'},{'R1'},,,,,,&,1.0,&
{'R3'},{'D7'},{'R2'},{'D5'},{'R1'},{'D2'},{'D1'},{'D4'},{'D3'},,&,1.0,&
{'R3'},{'D7'},{'R2'},{'D5'},{'R1'},{'D1'},{'D2'},,,,&,1.0,&
{'R3'},{'D7'},{'R2'},{'D5'},{'D1'},{'D2'},{'R1'},{'D3'},,,&,1.0,&
{'R3'},{'D7'},{'R2'},{'D5'},{'D2'},{'R1'},,,,,&,1.0,&
{'R3'},{'D7'},{'R2'},{'D5'},{'D2'},{'D1'},{'D4'},{'D6'},{'D3'},,&,1.0,&
{'R3'},{'D7'},{'R2'},{'D5'},{'D6'},{'D2'},{'R1'},{'D1'},,,&,1.0,&
{'R3'},{'D7'},{'D1'},,,,,,,,&,80.0,&
{'R3'},{'D7'},{'D1'},{'D2'},,,,,,,&,27.0,&
{'R3'},{'D7'},{'D1'},{'D2'},{'R1'},,,,,,&,1.0,&
{'R3'},{'D7'},{'D1'},{'D2'},{'R1'},{'D4'},,,,,&,1.0,&
{'R3'},{'D7'},{'D1'},{'D2'},{'R1'},{'D4'},{'D3'},{'R2'},{'D5'},{'D6'},&,1.0,&
{'R3'},{'D7'},{'D1'},{'D2'},{'R1'},{'D4'},{'R2'},{'D6'},{'D3'},{'D5'},&,1.0,&
{'R3'},{'D7'},{'D1'},{'D2'},{'R1'},{'D3'},{'R2'},{'D4'},{'D6'},,&,1.0,&
{'R3'},{'D7'},{'D1'},{'D2'},{'R1'},{'R2'},{'D4'},,,,&,1.0,&
{'R3'},{'D7'},{'D1'},{'D2'},{'R1'},{'D6'},{'D4'},,,,&,1.0,&
{'R3'},{'D7'},{'D1'},{'D2'},{'R1'},{'D6'},{'R2'},{'D4'},,,&,1.0,&
{'R3'},{'D7'},{'D1'},{'D2'},{'R2'},,,,,,&,11.0,&
{'R3'},{'D7'},{'D1'},{'D2'},{'R2'},{'D4'},,,,,&,3.0,&
{'R3'},{'D7'},{'D1'},{'D2'},{'R2'},{'D4'},{'D3'},{'R1'},{'D6'},{'D5'},&,1.0,&
{'R3'},{'D7'},{'D1'},{'D2'},{'R2'},{'D4'},{'R1'},,,,&,2.0,&
{'R3'},{'D7'},{'D1'},{'D2'},{'R2'},{'D4'},{'R1'},{'D5'},,,&,1.0,&
{'R3'},{'D7'},{'D1'},{'D2'},{'R2'},{'D4'},{'R1'},{'D3'},,,&,1.0,&
{'R3'},{'D7'},{'D1'},{'D2'},{'R2'},{'D4'},{'R1'},{'D3'},{'D5'},,&,1.0,&
{'R3'},{'D7'},{'D1'},{'D2'},{'R2'},{'D4'},{'D6'},{'R1'},{'D3'},{'D5'},&,1.0,&
{'R3'},{'D7'},{'D1'},{'D2'},{'R2'},{'R1'},,,,,&,4.0,&
{'R3'},{'D7'},{'D1'},{'D2'},{'R2'},{'R1'},{'D3'},,,,&,1.0,&
{'R3'},{'D7'},{'D1'},{'D2'},{'R2'},{'R1'},{'D3'},{'D4'},{'D6'},{'D5'},&,1.0,&
{'R3'},{'D7'},{'D1'},{'D2'},{'R2'},{'R1'},{'D3'},{'D4'},{'D5'},{'D6'},&,1.0,&
{'R3'},{'D7'},{'D1'},{'D2'},{'R2'},{'R1'},{'D4'},{'D6'},{'D3'},,&,1.0,&
{'R3'},{'D7'},{'D1'},{'D2'},{'R2'},{'R1'},{'D4'},{'D3'},,,&,1.0,&
{'R3'},{'D7'},{'D1'},{'D2'},{'R2'},{'R1'},{'D4'},{'D3'},{'D5'},,&,1.0,&
{'R3'},{'D7'},{'D1'},{'D2'},{'R2'},{'R1'},{'D6'},,,,&,2.0,&
{'R3'},{'D7'},{'D1'},{'D2'},{'R2'},{'R1'},{'D6'},{'D4'},,,&,1.0,&
{'R3'},{'D7'},{'D1'},{'D2'},{'R2'},{'D3'},,,,,&,3.0,&
{'R3'},{'D7'},{'D1'},{'D2'},{'R2'},{'D3'},{'R1'},,,,&,1.0,&
{'R3'},{'D7'},{'D1'},{'D2'},{'R2'},{'D3'},{'R1'},{'D4'},{'D6'},,&,1.0,&
{'R3'},{'D7'},{'D1'},{'D2'},{'R2'},{'D3'},{'R1'},{'D4'},{'D6'},{'D5'},&,1.0,&
{'R3'},{'D7'},{'D1'},{'D2'},{'R2'},{'D3'},{'R1'},{'D4'},{'D5'},{'D6'},&,1.0,&
{'R3'},{'D7'},{'D1'},{'D2'},{'R2'},{'D3'},{'D4'},{'D5'},{'R1'},{'D6'},&,1.0,&
{'R3'},{'D7'},{'D1'},{'D2'},{'R2'},{'D3'},{'D4'},{'D6'},{'D5'},,&,1.0,&
{'R3'},{'D7'},{'D1'},{'D2'},{'R2'},{'D3'},{'D4'},{'D6'},{'D5'},{'R1'},&,1.0,&
{'R3'},{'D7'},{'D1'},{'D2'},{'R2'},{'D3'},{'D4'},{'R1'},,,&,2.0,&
{'R3'},{'D7'},{'D1'},{'D2'},{'R2'},{'D3'},{'D4'},{'R1'},{'D6'},{'D5'},&,3.0,&
{'R3'},{'D7'},{'D1'},{'D2'},{'R2'},{'D5'},{'D6'},{'D4'},,,&,1.0,&
{'R3'},{'D7'},{'D1'},{'D2'},{'R2'},{'D6'},,,,,&,1.0,&
{'R3'},{'D7'},{'D1'},{'D2'},{'R2'},{'D6'},{'R1'},{'D3'},{'D4'},{'D5'},&,1.0,&
{'R3'},{'D7'},{'D1'},{'D2'},{'R2'},{'D6'},{'R1'},{'D4'},{'D3'},{'D5'},&,1.0,&
{'R3'},{'D7'},{'D1'},{'D2'},{'R2'},{'D6'},{'D4'},,,,&,1.0,&
{'R3'},{'D7'},{'D1'},{'D2'},{'R2'},{'D6'},{'D4'},{'D5'},{'D3'},{'R1'},&,1.0,&
{'R3'},{'D7'},{'D1'},{'D2'},{'D4'},,,,,,&,8.0,&
{'R3'},{'D7'},{'D1'},{'D2'},{'D4'},{'R1'},,,,,&,1.0,&
{'R3'},{'D7'},{'D1'},{'D2'},{'D4'},{'R1'},{'R2'},{'D3'},{'D6'},,&,1.0,&
{'R3'},{'D7'},{'D1'},{'D2'},{'D4'},{'R1'},{'D6'},{'D3'},{'R2'},,&,1.0,&
{'R3'},{'D7'},{'D1'},{'D2'},{'D4'},{'R1'},{'D6'},{'D3'},{'R2'},{'D5'},&,1.0,&
{'R3'},{'D7'},{'D1'},{'D2'},{'D4'},{'D3'},{'D5'},{'D6'},{'R1'},,&,1.0,&
{'R3'},{'D7'},{'D1'},{'D2'},{'D4'},{'D3'},{'D6'},{'R2'},{'R1'},,&,1.0,&
{'R3'},{'D7'},{'D1'},{'D2'},{'D4'},{'D3'},{'D6'},{'R2'},{'R1'},{'D5'},&,1.0,&
{'R3'},{'D7'},{'D1'},{'D2'},{'D4'},{'D5'},{'D6'},,,,&,1.0,&
{'R3'},{'D7'},{'D1'},{'D2'},{'D4'},{'R2'},{'D3'},{'D5'},,,&,1.0,&
{'R3'},{'D7'},{'D1'},{'D2'},{'D4'},{'R2'},{'D3'},{'D5'},{'R1'},{'D6'},&,1.0,&
{'R3'},{'D7'},{'D1'},{'D2'},{'D4'},{'R2'},{'D3'},{'R1'},,,&,1.0,&
{'R3'},{'D7'},{'D1'},{'D2'},{'D4'},{'R2'},{'D3'},{'R1'},{'D6'},,&,1.0,&
{'R3'},{'D7'},{'D1'},{'D2'},{'D4'},{'R2'},{'R1'},{'D6'},{'D3'},{'D5'},&,1.0,&
{'R3'},{'D7'},{'D1'},{'D2'},{'D4'},{'R2'},{'R1'},{'D3'},{'D6'},,&,1.0,&
{'R3'},{'D7'},{'D1'},{'D2'},{'D4'},{'R2'},{'R1'},{'D3'},{'D6'},{'D5'},&,1.0,&
{'R3'},{'D7'},{'D1'},{'D2'},{'D4'},{'R2'},{'R1'},{'D3'},{'D5'},,&,1.0,&
{'R3'},{'D7'},{'D1'},{'D2'},{'D4'},{'R2'},{'D5'},,,,&,1.0,&
{'R3'},{'D7'},{'D1'},{'D2'},{'D4'},{'R2'},{'D5'},{'D6'},{'D3'},,&,1.0,&
{'R3'},{'D7'},{'D1'},{'D2'},{'D4'},{'R2'},{'D6'},{'R1'},{'D3'},,&,1.0,&
{'R3'},{'D7'},{'D1'},{'D2'},{'D4'},{'R2'},{'D6'},{'R1'},{'D3'},{'D5'},&,1.0,&
{'R3'},{'D7'},{'D1'},{'D2'},{'D4'},{'D6'},{'D3'},{'R2'},{'R1'},,&,1.0,&
{'R3'},{'D7'},{'D1'},{'D2'},{'D4'},{'D6'},{'D5'},{'D3'},,,&,1.0,&
{'R3'},{'D7'},{'D1'},{'D2'},{'D4'},{'D6'},{'R2'},{'R1'},{'D3'},{'D5'},&,1.0,&
{'R3'},{'D7'},{'D1'},{'D2'},{'D6'},,,,,,&,2.0,&
{'R3'},{'D7'},{'D1'},{'D2'},{'D6'},{'D4'},{'D3'},{'D5'},{'R2'},,&,1.0,&
{'R3'},{'D7'},{'D1'},{'D2'},{'D6'},{'D4'},{'D3'},{'R2'},{'D5'},{'R1'},&,1.0,&
{'R3'},{'D7'},{'D1'},{'D2'},{'D6'},{'D4'},{'D5'},{'R2'},{'D3'},{'R1'},&,1.0,&
{'R3'},{'D7'},{'D1'},{'D2'},{'D6'},{'D4'},{'R2'},,,,&,1.0,&
{'R3'},{'D7'},{'D1'},{'D2'},{'D6'},{'D4'},{'R2'},{'R1'},,,&,1.0,&
{'R3'},{'D7'},{'D1'},{'D2'},{'D6'},{'D3'},{'R2'},{'R1'},,,&,1.0,&
{'R3'},{'D7'},{'D1'},{'D2'},{'D6'},{'R2'},{'D3'},,,,&,1.0,&
{'R3'},{'D7'},{'D1'},{'D2'},{'D6'},{'R2'},{'R1'},{'D4'},,,&,1.0,&
{'R3'},{'D7'},{'D1'},{'D2'},{'D6'},{'R2'},{'D5'},{'D4'},,,&,1.0,&
{'R3'},{'D7'},{'D1'},{'D2'},{'D6'},{'R2'},{'D4'},{'D3'},{'R1'},,&,1.0,&
{'R3'},{'D7'},{'D1'},{'D2'},{'D6'},{'R2'},{'D4'},{'R1'},{'D3'},,&,1.0,&
{'R3'},{'D7'},{'D1'},{'D2'},{'D3'},,,,,,&,2.0,&
{'R3'},{'D7'},{'D1'},{'D2'},{'D3'},{'D4'},,,,,&,1.0,&
{'R3'},{'D7'},{'D1'},{'D2'},{'D3'},{'D4'},{'R2'},,,,&,1.0,&
{'R3'},{'D7'},{'D1'},{'D2'},{'D3'},{'D4'},{'R2'},{'D6'},{'D5'},{'R1'},&,1.0,&
{'R3'},{'D7'},{'D1'},{'D2'},{'D3'},{'D4'},{'R2'},{'R1'},,,&,1.0,&
{'R3'},{'D7'},{'D1'},{'D2'},{'D3'},{'D4'},{'D6'},{'D5'},{'R2'},,&,1.0,&
{'R3'},{'D7'},{'D1'},{'D2'},{'D3'},{'D4'},{'D6'},{'R2'},{'D5'},,&,1.0,&
{'R3'},{'D7'},{'D1'},{'D2'},{'D3'},{'R1'},{'R2'},,,,&,1.0,&
{'R3'},{'D7'},{'D1'},{'D2'},{'D3'},{'R1'},{'D6'},{'D4'},{'R2'},,&,1.0,&
{'R3'},{'D7'},{'D1'},{'D2'},{'D3'},{'D5'},{'D4'},{'D6'},{'R2'},{'R1'},&,1.0,&
{'R3'},{'D7'},{'D1'},{'D2'},{'D3'},{'R2'},,,,,&,2.0,&
{'R3'},{'D7'},{'D1'},{'D2'},{'D3'},{'R2'},{'R1'},{'D4'},{'D6'},{'D5'},&,1.0,&
{'R3'},{'D7'},{'D1'},{'D2'},{'D3'},{'R2'},{'D4'},{'D6'},{'R1'},{'D5'},&,1.0,&
{'R3'},{'D7'},{'D1'},{'D2'},{'D3'},{'R2'},{'D4'},{'R1'},{'D5'},{'D6'},&,1.0,&
{'R3'},{'D7'},{'D1'},{'D2'},{'D3'},{'D6'},,,,,&,1.0,&
{'R3'},{'D7'},{'D1'},{'D2'},{'D5'},{'D4'},,,,,&,2.0,&
{'R3'},{'D7'},{'D1'},{'D2'},{'D5'},{'D4'},{'R2'},{'D6'},{'D3'},{'R1'},&,1.0,&
{'R3'},{'D7'},{'D1'},{'R1'},,,,,,,&,4.0,&
{'R3'},{'D7'},{'D1'},{'R1'},{'R2'},,,,,,&,3.0,&
{'R3'},{'D7'},{'D1'},{'R1'},{'R2'},{'D4'},{'D2'},{'D6'},{'D3'},{'D5'},&,1.0,&
{'R3'},{'D7'},{'D1'},{'R1'},{'R2'},{'D3'},,,,,&,1.0,&
{'R3'},{'D7'},{'D1'},{'R1'},{'R2'},{'D3'},{'D2'},,,,&,1.0,&
{'R3'},{'D7'},{'D1'},{'R1'},{'R2'},{'D2'},,,,,&,1.0,&
{'R3'},{'D7'},{'D1'},{'R1'},{'R2'},{'D2'},{'D3'},,,,&,1.0,&
{'R3'},{'D7'},{'D1'},{'R1'},{'R2'},{'D2'},{'D3'},{'D5'},,,&,1.0,&
{'R3'},{'D7'},{'D1'},{'R1'},{'R2'},{'D2'},{'D3'},{'D4'},{'D6'},{'D5'},&,1.0,&
{'R3'},{'D7'},{'D1'},{'R1'},{'R2'},{'D2'},{'D4'},,,,&,1.0,&
{'R3'},{'D7'},{'D1'},{'R1'},{'R2'},{'D2'},{'D4'},{'D6'},,,&,1.0,&
{'R3'},{'D7'},{'D1'},{'R1'},{'D4'},{'R2'},{'D2'},{'D6'},{'D3'},{'D5'},&,1.0,&
{'R3'},{'D7'},{'D1'},{'R1'},{'D4'},{'R2'},{'D6'},{'D2'},,,&,1.0,&
{'R3'},{'D7'},{'D1'},{'R1'},{'D4'},{'D6'},,,,,&,1.0,&
{'R3'},{'D7'},{'D1'},{'R1'},{'D2'},{'D4'},{'D6'},{'R2'},{'D3'},,&,1.0,&
{'R3'},{'D7'},{'D1'},{'R1'},{'D2'},{'D3'},{'D4'},{'D6'},{'D5'},{'R2'},&,1.0,&
{'R3'},{'D7'},{'D1'},{'R1'},{'D2'},{'D3'},{'D4'},{'R2'},,,&,1.0,&
{'R3'},{'D7'},{'D1'},{'R1'},{'D2'},{'D3'},{'D6'},{'R2'},{'D4'},,&,1.0,&
{'R3'},{'D7'},{'D1'},{'R1'},{'D2'},{'D5'},{'R2'},,,,&,1.0,&
{'R3'},{'D7'},{'D1'},{'R1'},{'D2'},{'D5'},{'R2'},{'D3'},{'D4'},{'D6'},&,1.0,&
{'R3'},{'D7'},{'D1'},{'R1'},{'D2'},{'R2'},{'D3'},,,,&,2.0,&
{'R3'},{'D7'},{'D1'},{'R1'},{'D2'},{'R2'},{'D4'},{'D3'},{'D5'},,&,1.0,&
{'R3'},{'D7'},{'D1'},{'R1'},{'D2'},{'D6'},{'R2'},{'D4'},,,&,1.0,&
{'R3'},{'D7'},{'D1'},{'R1'},{'D3'},{'D2'},,,,,&,1.0,&
{'R3'},{'D7'},{'D1'},{'R2'},,,,,,,&,24.0,&
{'R3'},{'D7'},{'D1'},{'R2'},{'R1'},,,,,,&,9.0,&
{'R3'},{'D7'},{'D1'},{'R2'},{'R1'},{'D4'},{'D3'},{'D2'},,,&,1.0,&
{'R3'},{'D7'},{'D1'},{'R2'},{'R1'},{'D4'},{'D2'},,,,&,1.0,&
{'R3'},{'D7'},{'D1'},{'R2'},{'R1'},{'D4'},{'D2'},{'D5'},,,&,1.0,&
{'R3'},{'D7'},{'D1'},{'R2'},{'R1'},{'D4'},{'D2'},{'D6'},,,&,1.0,&
{'R3'},{'D7'},{'D1'},{'R2'},{'R1'},{'D4'},{'D2'},{'D3'},{'D6'},{'D5'},&,1.0,&
{'R3'},{'D7'},{'D1'},{'R2'},{'R1'},{'D4'},{'D6'},{'D2'},{'D3'},{'D5'},&,1.0,&
{'R3'},{'D7'},{'D1'},{'R2'},{'R1'},{'D3'},,,,,&,1.0,&
{'R3'},{'D7'},{'D1'},{'R2'},{'R1'},{'D3'},{'D4'},{'D2'},{'D6'},{'D5'},&,1.0,&
{'R3'},{'D7'},{'D1'},{'R2'},{'R1'},{'D2'},,,,,&,9.0,&
{'R3'},{'D7'},{'D1'},{'R2'},{'R1'},{'D2'},{'D3'},,,,&,1.0,&
{'R3'},{'D7'},{'D1'},{'R2'},{'R1'},{'D2'},{'D3'},{'D6'},{'D4'},{'D5'},&,1.0,&
{'R3'},{'D7'},{'D1'},{'R2'},{'R1'},{'D2'},{'D3'},{'D4'},{'D6'},{'D5'},&,1.0,&
{'R3'},{'D7'},{'D1'},{'R2'},{'R1'},{'D2'},{'D4'},,,,&,1.0,&
{'R3'},{'D7'},{'D1'},{'R2'},{'R1'},{'D2'},{'D4'},{'D6'},,,&,1.0,&
{'R3'},{'D7'},{'D1'},{'R2'},{'R1'},{'D2'},{'D4'},{'D3'},,,&,1.0,&
{'R3'},{'D7'},{'D1'},{'R2'},{'R1'},{'D2'},{'D4'},{'D3'},{'D6'},,&,1.0,&
{'R3'},{'D7'},{'D1'},{'R2'},{'R1'},{'D2'},{'D4'},{'D3'},{'D6'},{'D5'},&,1.0,&
{'R3'},{'D7'},{'D1'},{'R2'},{'R1'},{'D2'},{'D6'},,,,&,2.0,&
{'R3'},{'D7'},{'D1'},{'R2'},{'R1'},{'D2'},{'D6'},{'D4'},,,&,1.0,&
{'R3'},{'D7'},{'D1'},{'R2'},{'R1'},{'D2'},{'D6'},{'D4'},{'D3'},{'D5'},&,1.0,&
{'R3'},{'D7'},{'D1'},{'R2'},{'R1'},{'D5'},{'D3'},{'D2'},{'D4'},{'D6'},&,1.0,&
{'R3'},{'D7'},{'D1'},{'R2'},{'R1'},{'D6'},,,,,&,3.0,&
{'R3'},{'D7'},{'D1'},{'R2'},{'D4'},{'R1'},,,,,&,2.0,&
{'R3'},{'D7'},{'D1'},{'R2'},{'D4'},{'R1'},{'D3'},{'D6'},,,&,1.0,&
{'R3'},{'D7'},{'D1'},{'R2'},{'D4'},{'R1'},{'D2'},{'D6'},{'D5'},,&,1.0,&
{'R3'},{'D7'},{'D1'},{'R2'},{'D4'},{'R1'},{'D2'},{'D6'},{'D3'},,&,1.0,&
{'R3'},{'D7'},{'D1'},{'R2'},{'D4'},{'R1'},{'D2'},{'D3'},,,&,1.0,&
{'R3'},{'D7'},{'D1'},{'R2'},{'D4'},{'D2'},,,,,&,1.0,&
{'R3'},{'D7'},{'D1'},{'R2'},{'D4'},{'D2'},{'R1'},{'D6'},{'D3'},{'D5'},&,1.0,&
{'R3'},{'D7'},{'D1'},{'R2'},{'D4'},{'D2'},{'R1'},{'D3'},{'D6'},{'D5'},&,1.0,&
{'R3'},{'D7'},{'D1'},{'R2'},{'D2'},,,,,,&,8.0,&
{'R3'},{'D7'},{'D1'},{'R2'},{'D2'},{'D4'},,,,,&,3.0,&
{'R3'},{'D7'},{'D1'},{'R2'},{'D2'},{'D4'},{'D3'},{'D5'},{'D6'},,&,1.0,&
{'R3'},{'D7'},{'D1'},{'R2'},{'D2'},{'D4'},{'D3'},{'D6'},,,&,1.0,&
{'R3'},{'D7'},{'D1'},{'R2'},{'D2'},{'D4'},{'D3'},{'D6'},{'D5'},,&,1.0,&
{'R3'},{'D7'},{'D1'},{'R2'},{'D2'},{'D4'},{'D3'},{'R1'},,,&,1.0,&
{'R3'},{'D7'},{'D1'},{'R2'},{'D2'},{'D4'},{'D3'},{'R1'},{'D6'},{'D5'},&,2.0,&
{'R3'},{'D7'},{'D1'},{'R2'},{'D2'},{'D4'},{'D3'},{'R1'},{'D5'},,&,1.0,&
{'R3'},{'D7'},{'D1'},{'R2'},{'D2'},{'D4'},{'R1'},,,,&,1.0,&
{'R3'},{'D7'},{'D1'},{'R2'},{'D2'},{'D4'},{'R1'},{'D5'},{'D3'},{'D6'},&,1.0,&
{'R3'},{'D7'},{'D1'},{'R2'},{'D2'},{'D4'},{'R1'},{'D6'},,,&,1.0,&
{'R3'},{'D7'},{'D1'},{'R2'},{'D2'},{'D4'},{'D6'},{'D5'},,,&,1.0,&
{'R3'},{'D7'},{'D1'},{'R2'},{'D2'},{'D4'},{'D6'},{'D3'},,,&,1.0,&
{'R3'},{'D7'},{'D1'},{'R2'},{'D2'},{'R1'},,,,,&,6.0,&
{'R3'},{'D7'},{'D1'},{'R2'},{'D2'},{'R1'},{'D3'},,,,&,1.0,&
{'R3'},{'D7'},{'D1'},{'R2'},{'D2'},{'R1'},{'D3'},{'D6'},,,&,1.0,&
{'R3'},{'D7'},{'D1'},{'R2'},{'D2'},{'R1'},{'D3'},{'D6'},{'D4'},{'D5'},&,1.0,&
{'R3'},{'D7'},{'D1'},{'R2'},{'D2'},{'R1'},{'D3'},{'D4'},{'D5'},{'D6'},&,1.0,&
{'R3'},{'D7'},{'D1'},{'R2'},{'D2'},{'R1'},{'D5'},,,,&,1.0,&
{'R3'},{'D7'},{'D1'},{'R2'},{'D2'},{'R1'},{'D4'},,,,&,1.0,&
{'R3'},{'D7'},{'D1'},{'R2'},{'D2'},{'R1'},{'D4'},{'D6'},{'D3'},,&,1.0,&
{'R3'},{'D7'},{'D1'},{'R2'},{'D2'},{'R1'},{'D4'},{'D6'},{'D3'},{'D5'},&,1.0,&
{'R3'},{'D7'},{'D1'},{'R2'},{'D2'},{'R1'},{'D4'},{'D3'},{'D6'},{'D5'},&,1.0,&
{'R3'},{'D7'},{'D1'},{'R2'},{'D2'},{'R1'},{'D4'},{'D3'},{'D5'},,&,1.0,&
{'R3'},{'D7'},{'D1'},{'R2'},{'D2'},{'R1'},{'D6'},,,,&,2.0,&
{'R3'},{'D7'},{'D1'},{'R2'},{'D2'},{'R1'},{'D6'},{'D4'},{'D3'},,&,1.0,&
{'R3'},{'D7'},{'D1'},{'R2'},{'D2'},{'D3'},,,,,&,1.0,&
{'R3'},{'D7'},{'D1'},{'R2'},{'D2'},{'D3'},{'R1'},,,,&,1.0,&
{'R3'},{'D7'},{'D1'},{'R2'},{'D2'},{'D3'},{'R1'},{'D6'},{'D4'},{'D5'},&,1.0,&
{'R3'},{'D7'},{'D1'},{'R2'},{'D2'},{'D3'},{'D5'},{'R1'},,,&,1.0,&
{'R3'},{'D7'},{'D1'},{'R2'},{'D2'},{'D3'},{'D4'},{'D5'},{'D6'},,&,1.0,&
{'R3'},{'D7'},{'D1'},{'R2'},{'D2'},{'D3'},{'D4'},{'R1'},,,&,1.0,&
{'R3'},{'D7'},{'D1'},{'R2'},{'D2'},{'D3'},{'D4'},{'R1'},{'D6'},{'D5'},&,1.0,&
{'R3'},{'D7'},{'D1'},{'R2'},{'D2'},{'D5'},{'D3'},{'R1'},,,&,1.0,&
{'R3'},{'D7'},{'D1'},{'R2'},{'D2'},{'D6'},,,,,&,1.0,&
{'R3'},{'D7'},{'D1'},{'R2'},{'D2'},{'D6'},{'R1'},,,,&,1.0,&
{'R3'},{'D7'},{'D1'},{'R2'},{'D2'},{'D6'},{'R1'},{'D3'},{'D4'},,&,1.0,&
{'R3'},{'D7'},{'D1'},{'R2'},{'D2'},{'D6'},{'R1'},{'D3'},{'D4'},{'D5'},&,1.0,&
{'R3'},{'D7'},{'D1'},{'R2'},{'D2'},{'D6'},{'D4'},{'D3'},,,&,1.0,&
{'R3'},{'D7'},{'D1'},{'R2'},{'D6'},{'D4'},{'R1'},,,,&,1.0,&
{'R3'},{'D7'},{'D1'},{'R2'},{'D6'},{'D4'},{'R1'},{'D2'},{'D3'},,&,1.0,&
{'R3'},{'D7'},{'D1'},{'R2'},{'D6'},{'R1'},{'D2'},{'D3'},{'D5'},{'D4'},&,1.0,&
{'R3'},{'D7'},{'D1'},{'R2'},{'D6'},{'R1'},{'D2'},{'D4'},,,&,2.0,&
{'R3'},{'D7'},{'D1'},{'R2'},{'D6'},{'D2'},,,,,&,1.0,&
{'R3'},{'D7'},{'D1'},{'R2'},{'D6'},{'D2'},{'R1'},{'D4'},{'D3'},{'D5'},&,1.0,&
{'R3'},{'D7'},{'D1'},{'R2'},{'D3'},,,,,,&,1.0,&
{'R3'},{'D7'},{'D1'},{'R2'},{'D3'},{'D4'},{'R1'},{'D2'},,,&,1.0,&
{'R3'},{'D7'},{'D1'},{'R2'},{'D3'},{'R1'},{'D2'},{'D4'},,,&,1.0,&
{'R3'},{'D7'},{'D1'},{'R2'},{'D3'},{'D2'},,,,,&,2.0,&
{'R3'},{'D7'},{'D1'},{'R2'},{'D3'},{'D2'},{'R1'},{'D4'},,,&,1.0,&
{'R3'},{'D7'},{'D1'},{'R2'},{'D3'},{'D2'},{'D4'},{'D6'},{'R1'},{'D5'},&,1.0,&
{'R3'},{'D7'},{'D1'},{'D4'},,,,,,,&,8.0,&
{'R3'},{'D7'},{'D1'},{'D4'},{'R1'},{'R2'},{'D2'},{'D3'},,,&,1.0,&
{'R3'},{'D7'},{'D1'},{'D4'},{'R2'},,,,,,&,4.0,&
{'R3'},{'D7'},{'D1'},{'D4'},{'R2'},{'R1'},,,,,&,1.0,&
{'R3'},{'D7'},{'D1'},{'D4'},{'R2'},{'R1'},{'D2'},,,,&,1.0,&
{'R3'},{'D7'},{'D1'},{'D4'},{'R2'},{'D2'},,,,,&,1.0,&
{'R3'},{'D7'},{'D1'},{'D4'},{'R2'},{'D2'},{'R1'},{'D5'},{'D3'},,&,1.0,&
{'R3'},{'D7'},{'D1'},{'D4'},{'R2'},{'D2'},{'D6'},{'D3'},,,&,1.0,&
{'R3'},{'D7'},{'D1'},{'D4'},{'D2'},,,,,,&,2.0,&
{'R3'},{'D7'},{'D1'},{'D4'},{'D2'},{'R1'},{'D5'},{'D3'},{'D6'},,&,1.0,&
{'R3'},{'D7'},{'D1'},{'D4'},{'D2'},{'R1'},{'R2'},,,,&,1.0,&
{'R3'},{'D7'},{'D1'},{'D4'},{'D2'},{'R1'},{'R2'},{'D3'},,,&,1.0,&
{'R3'},{'D7'},{'D1'},{'D4'},{'D2'},{'D3'},{'D5'},{'R1'},{'R2'},,&,1.0,&
{'R3'},{'D7'},{'D1'},{'D4'},{'D2'},{'D3'},{'R2'},{'D6'},,,&,1.0,&
{'R3'},{'D7'},{'D1'},{'D4'},{'D2'},{'D3'},{'R2'},{'D6'},{'R1'},{'D5'},&,1.0,&
{'R3'},{'D7'},{'D1'},{'D4'},{'D2'},{'D3'},{'R2'},{'R1'},,,&,1.0,&
{'R3'},{'D7'},{'D1'},{'D4'},{'D2'},{'D3'},{'D6'},,,,&,1.0,&
{'R3'},{'D7'},{'D1'},{'D4'},{'D2'},{'D3'},{'D6'},{'R2'},{'R1'},{'D5'},&,2.0,&
{'R3'},{'D7'},{'D1'},{'D4'},{'D2'},{'R2'},,,,,&,3.0,&
{'R3'},{'D7'},{'D1'},{'D4'},{'D2'},{'R2'},{'D3'},,,,&,1.0,&
{'R3'},{'D7'},{'D1'},{'D4'},{'D2'},{'R2'},{'D3'},{'D6'},{'D5'},{'R1'},&,1.0,&
{'R3'},{'D7'},{'D1'},{'D4'},{'D2'},{'R2'},{'D3'},{'R1'},,,&,1.0,&
{'R3'},{'D7'},{'D1'},{'D4'},{'D2'},{'R2'},{'R1'},{'D3'},{'D6'},{'D5'},&,1.0,&
{'R3'},{'D7'},{'D1'},{'D4'},{'D2'},{'R2'},{'D6'},,,,&,2.0,&
{'R3'},{'D7'},{'D1'},{'D4'},{'D2'},{'R2'},{'D6'},{'D3'},{'R1'},{'D5'},&,1.0,&
{'R3'},{'D7'},{'D1'},{'D4'},{'D2'},{'R2'},{'D6'},{'R1'},{'D3'},,&,1.0,&
{'R3'},{'D7'},{'D1'},{'D4'},{'D2'},{'D6'},,,,,&,1.0,&
{'R3'},{'D7'},{'D1'},{'D4'},{'D2'},{'D6'},{'R1'},{'D3'},{'R2'},,&,1.0,&
{'R3'},{'D7'},{'D1'},{'D4'},{'D6'},,,,,,&,1.0,&
{'R3'},{'D7'},{'D1'},{'D4'},{'D6'},{'R1'},{'D2'},{'D3'},{'D5'},{'R2'},&,1.0,&
{'R3'},{'D7'},{'D1'},{'D4'},{'D6'},{'D3'},{'R2'},{'D2'},{'R1'},,&,1.0,&
{'R3'},{'D7'},{'D1'},{'D4'},{'D6'},{'D2'},,,,,&,1.0,&
{'R3'},{'D7'},{'D1'},{'D4'},{'D6'},{'D2'},{'R1'},,,,&,1.0,&
{'R3'},{'D7'},{'D1'},{'D4'},{'D3'},,,,,,&,3.0,&
{'R3'},{'D7'},{'D1'},{'D4'},{'D3'},{'D2'},{'R2'},{'D6'},{'R1'},{'D5'},&,1.0,&
{'R3'},{'D7'},{'D1'},{'D4'},{'D5'},{'D3'},,,,,&,1.0,&
{'R3'},{'D7'},{'D1'},{'D4'},{'D5'},{'D2'},{'D3'},{'R2'},{'R1'},{'D6'},&,1.0,&
{'R3'},{'D7'},{'D1'},{'D3'},,,,,,,&,4.0,&
{'R3'},{'D7'},{'D1'},{'D3'},{'R1'},,,,,,&,1.0,&
{'R3'},{'D7'},{'D1'},{'D3'},{'R1'},{'D4'},{'R2'},{'D2'},{'D6'},{'D5'},&,1.0,&
{'R3'},{'D7'},{'D1'},{'D3'},{'R1'},{'R2'},,,,,&,1.0,&
{'R3'},{'D7'},{'D1'},{'D3'},{'R2'},{'D4'},,,,,&,1.0,&
{'R3'},{'D7'},{'D1'},{'D3'},{'R2'},{'R1'},,,,,&,1.0,&
{'R3'},{'D7'},{'D1'},{'D3'},{'R2'},{'R1'},{'D2'},{'D4'},,,&,1.0,&
{'R3'},{'D7'},{'D1'},{'D3'},{'R2'},{'D2'},{'R1'},{'D6'},,,&,1.0,&
{'R3'},{'D7'},{'D1'},{'D3'},{'D2'},,,,,,&,1.0,&
{'R3'},{'D7'},{'D1'},{'D3'},{'D2'},{'D4'},{'D5'},{'R2'},,,&,1.0,&
{'R3'},{'D7'},{'D1'},{'D3'},{'D2'},{'D4'},{'R2'},{'D6'},{'R1'},,&,1.0,&
{'R3'},{'D7'},{'D1'},{'D3'},{'D2'},{'D4'},{'D6'},{'R1'},,,&,1.0,&
{'R3'},{'D7'},{'D1'},{'D3'},{'D2'},{'R1'},{'D4'},{'D6'},{'R2'},,&,1.0,&
{'R3'},{'D7'},{'D1'},{'D3'},{'D2'},{'R2'},{'R1'},{'D6'},{'D4'},,&,1.0,&
{'R3'},{'D7'},{'D1'},{'D3'},{'D2'},{'R2'},{'R1'},{'D4'},,,&,1.0,&
{'R3'},{'D7'},{'D1'},{'D3'},{'D2'},{'R2'},{'D4'},{'D6'},{'R1'},{'D5'},&,1.0,&
{'R3'},{'D7'},{'D1'},{'D3'},{'D2'},{'R2'},{'D4'},{'R1'},,,&,1.0,&
{'R3'},{'D7'},{'D1'},{'D3'},{'D2'},{'D6'},{'R2'},,,,&,2.0,&
{'R3'},{'D7'},{'D1'},{'D3'},{'D6'},{'D2'},{'D4'},,,,&,1.0,&
{'R3'},{'D7'},{'D1'},{'D3'},{'D5'},{'D2'},,,,,&,1.0,&
{'R3'},{'D7'},{'D1'},{'D6'},{'R1'},{'D2'},{'D3'},,,,&,1.0,&
{'R3'},{'D7'},{'D1'},{'D6'},{'R2'},{'D4'},{'D2'},,,,&,1.0,&
{'R3'},{'D7'},{'D1'},{'D6'},{'R2'},{'D2'},{'D3'},{'R1'},{'D4'},{'D5'},&,1.0,&
{'R3'},{'D7'},{'D1'},{'D6'},{'D4'},{'D2'},,,,,&,1.0,&
{'R3'},{'D7'},{'D1'},{'D6'},{'D4'},{'D2'},{'D3'},{'R2'},{'D5'},{'R1'},&,1.0,&
{'R3'},{'D7'},{'D1'},{'D6'},{'D2'},,,,,,&,2.0,&
{'R3'},{'D7'},{'D1'},{'D6'},{'D2'},{'D5'},{'D4'},{'R2'},{'D3'},{'R1'},&,1.0,&
{'R3'},{'D7'},{'D1'},{'D6'},{'D2'},{'R2'},,,,,&,1.0,&
{'R3'},{'D7'},{'D1'},{'D6'},{'D3'},{'R2'},{'R1'},{'D4'},{'D2'},{'D5'},&,1.0,&
{'R3'},{'D7'},{'D1'},{'D5'},,,,,,,&,1.0,&
{'R3'},{'D7'},{'D1'},{'D5'},{'R2'},,,,,,&,1.0,&
{'R3'},{'D7'},{'D1'},{'D5'},{'D2'},{'R2'},{'R1'},{'D6'},{'D4'},{'D3'},&,1.0,&
{'R3'},{'D7'},{'D4'},,,,,,,,&,42.0,&
{'R3'},{'D7'},{'D4'},{'D2'},,,,,,,&,5.0,&
{'R3'},{'D7'},{'D4'},{'D2'},{'R1'},,,,,,&,2.0,&
{'R3'},{'D7'},{'D4'},{'D2'},{'R1'},{'D3'},,,,,&,1.0,&
{'R3'},{'D7'},{'D4'},{'D2'},{'R1'},{'R2'},{'D1'},{'D6'},{'D3'},{'D5'},&,1.0,&
{'R3'},{'D7'},{'D4'},{'D2'},{'R1'},{'R2'},{'D1'},{'D3'},{'D6'},{'D5'},&,1.0,&
{'R3'},{'D7'},{'D4'},{'D2'},{'R1'},{'D6'},{'D1'},{'R2'},,,&,1.0,&
{'R3'},{'D7'},{'D4'},{'D2'},{'D1'},,,,,,&,4.0,&
{'R3'},{'D7'},{'D4'},{'D2'},{'D1'},{'R1'},{'R2'},{'D3'},,,&,1.0,&
{'R3'},{'D7'},{'D4'},{'D2'},{'D1'},{'R1'},{'D6'},,,,&,1.0,&
{'R3'},{'D7'},{'D4'},{'D2'},{'D1'},{'D3'},,,,,&,1.0,&
{'R3'},{'D7'},{'D4'},{'D2'},{'D1'},{'D3'},{'D5'},{'D6'},{'R1'},{'R2'},&,1.0,&
{'R3'},{'D7'},{'D4'},{'D2'},{'D1'},{'D3'},{'D5'},{'R2'},{'R1'},{'D6'},&,1.0,&
{'R3'},{'D7'},{'D4'},{'D2'},{'D1'},{'D3'},{'R2'},,,,&,1.0,&
{'R3'},{'D7'},{'D4'},{'D2'},{'D1'},{'D3'},{'R2'},{'D6'},{'D5'},{'R1'},&,2.0,&
{'R3'},{'D7'},{'D4'},{'D2'},{'D1'},{'D3'},{'D6'},{'D5'},,,&,1.0,&
{'R3'},{'D7'},{'D4'},{'D2'},{'D1'},{'D3'},{'D6'},{'R2'},{'D5'},{'R1'},&,1.0,&
{'R3'},{'D7'},{'D4'},{'D2'},{'D1'},{'D3'},{'D6'},{'R1'},,,&,1.0,&
{'R3'},{'D7'},{'D4'},{'D2'},{'D1'},{'D5'},{'D3'},,,,&,1.0,&
{'R3'},{'D7'},{'D4'},{'D2'},{'D1'},{'D5'},{'R1'},{'D3'},{'R2'},{'D6'},&,1.0,&
{'R3'},{'D7'},{'D4'},{'D2'},{'D1'},{'D5'},{'R2'},{'R1'},,,&,2.0,&
{'R3'},{'D7'},{'D4'},{'D2'},{'D1'},{'R2'},{'D3'},,,,&,2.0,&
{'R3'},{'D7'},{'D4'},{'D2'},{'D1'},{'R2'},{'D3'},{'D5'},{'D6'},,&,1.0,&
{'R3'},{'D7'},{'D4'},{'D2'},{'D1'},{'R2'},{'D3'},{'D6'},{'D5'},,&,1.0,&
{'R3'},{'D7'},{'D4'},{'D2'},{'D1'},{'R2'},{'D3'},{'D6'},{'D5'},{'R1'},&,1.0,&
{'R3'},{'D7'},{'D4'},{'D2'},{'D1'},{'R2'},{'D3'},{'R1'},,,&,1.0,&
{'R3'},{'D7'},{'D4'},{'D2'},{'D1'},{'R2'},{'R1'},,,,&,2.0,&
{'R3'},{'D7'},{'D4'},{'D2'},{'D1'},{'D6'},,,,,&,2.0,&
{'R3'},{'D7'},{'D4'},{'D2'},{'D1'},{'D6'},{'R2'},,,,&,1.0,&
{'R3'},{'D7'},{'D4'},{'D2'},{'D1'},{'D6'},{'R2'},{'R1'},{'D3'},{'D5'},&,1.0,&
{'R3'},{'D7'},{'D4'},{'D2'},{'R2'},,,,,,&,5.0,&
{'R3'},{'D7'},{'D4'},{'D2'},{'R2'},{'D3'},{'D1'},{'D6'},{'D5'},{'R1'},&,1.0,&
{'R3'},{'D7'},{'D4'},{'D2'},{'R2'},{'D1'},,,,,&,1.0,&
{'R3'},{'D7'},{'D4'},{'D2'},{'R2'},{'D1'},{'D3'},{'R1'},{'D6'},{'D5'},&,1.0,&
{'R3'},{'D7'},{'D4'},{'D2'},{'R2'},{'D1'},{'R1'},{'D3'},{'D6'},{'D5'},&,1.0,&
{'R3'},{'D7'},{'D4'},{'D2'},{'R2'},{'D1'},{'D6'},{'D3'},,,&,1.0,&
{'R3'},{'D7'},{'D4'},{'D2'},{'R2'},{'D1'},{'D6'},{'R1'},{'D3'},{'D5'},&,1.0,&
{'R3'},{'D7'},{'D4'},{'D2'},{'D6'},{'D1'},,,,,&,1.0,&
{'R3'},{'D7'},{'D4'},{'D2'},{'D6'},{'D1'},{'D3'},{'D5'},{'R2'},{'R1'},&,1.0,&
{'R3'},{'D7'},{'D4'},{'D2'},{'D6'},{'D1'},{'R2'},{'D5'},{'R1'},{'D3'},&,1.0,&
{'R3'},{'D7'},{'D4'},{'D2'},{'D6'},{'R2'},{'D1'},{'R1'},,,&,1.0,&
{'R3'},{'D7'},{'D4'},{'D2'},{'D3'},,,,,,&,1.0,&
{'R3'},{'D7'},{'D4'},{'D2'},{'D3'},{'D1'},{'R2'},{'D6'},{'D5'},{'R1'},&,1.0,&
{'R3'},{'D7'},{'D4'},{'D2'},{'D3'},{'D1'},{'R2'},{'R1'},{'D6'},{'D5'},&,1.0,&
{'R3'},{'D7'},{'D4'},{'D2'},{'D3'},{'D1'},{'D6'},{'R2'},{'R1'},,&,1.0,&
{'R3'},{'D7'},{'D4'},{'D2'},{'D3'},{'R2'},,,,,&,1.0,&
{'R3'},{'D7'},{'D4'},{'D2'},{'D3'},{'R2'},{'R1'},,,,&,1.0,&
{'R3'},{'D7'},{'D4'},{'D1'},,,,,,,&,4.0,&
{'R3'},{'D7'},{'D4'},{'D1'},{'R1'},{'D2'},{'R2'},,,,&,1.0,&
{'R3'},{'D7'},{'D4'},{'D1'},{'R1'},{'D5'},{'R2'},,,,&,1.0,&
{'R3'},{'D7'},{'D4'},{'D1'},{'R2'},,,,,,&,3.0,&
{'R3'},{'D7'},{'D4'},{'D1'},{'R2'},{'R1'},,,,,&,1.0,&
{'R3'},{'D7'},{'D4'},{'D1'},{'R2'},{'R1'},{'D2'},{'D6'},{'D3'},,&,1.0,&
{'R3'},{'D7'},{'D4'},{'D1'},{'R2'},{'R1'},{'D6'},{'D2'},,,&,1.0,&
{'R3'},{'D7'},{'D4'},{'D1'},{'R2'},{'D2'},,,,,&,1.0,&
{'R3'},{'D7'},{'D4'},{'D1'},{'R2'},{'D2'},{'D3'},{'D6'},{'D5'},{'R1'},&,1.0,&
{'R3'},{'D7'},{'D4'},{'D1'},{'R2'},{'D2'},{'R1'},,,,&,1.0,&
{'R3'},{'D7'},{'D4'},{'D1'},{'R2'},{'D2'},{'D6'},,,,&,1.0,&
{'R3'},{'D7'},{'D4'},{'D1'},{'R2'},{'D6'},{'D2'},{'D3'},{'D5'},,&,1.0,&
{'R3'},{'D7'},{'D4'},{'D1'},{'R2'},{'D6'},{'R1'},{'D2'},{'D3'},,&,1.0,&
{'R3'},{'D7'},{'D4'},{'D1'},{'D2'},,,,,,&,3.0,&
{'R3'},{'D7'},{'D4'},{'D1'},{'D2'},{'R1'},{'R2'},,,,&,1.0,&
{'R3'},{'D7'},{'D4'},{'D1'},{'D2'},{'D3'},,,,,&,2.0,&
{'R3'},{'D7'},{'D4'},{'D1'},{'D2'},{'D3'},{'D5'},{'D6'},{'R2'},{'R1'},&,1.0,&
{'R3'},{'D7'},{'D4'},{'D1'},{'D2'},{'D3'},{'R2'},{'R1'},,,&,1.0,&
{'R3'},{'D7'},{'D4'},{'D1'},{'D2'},{'D3'},{'D6'},,,,&,1.0,&
{'R3'},{'D7'},{'D4'},{'D1'},{'D2'},{'D3'},{'D6'},{'D5'},{'R1'},{'R2'},&,1.0,&
{'R3'},{'D7'},{'D4'},{'D1'},{'D2'},{'D3'},{'D6'},{'R2'},{'D5'},,&,1.0,&
{'R3'},{'D7'},{'D4'},{'D1'},{'D2'},{'D5'},{'R1'},{'D3'},{'D6'},,&,1.0,&
{'R3'},{'D7'},{'D4'},{'D1'},{'D2'},{'R2'},,,,,&,1.0,&
{'R3'},{'D7'},{'D4'},{'D1'},{'D2'},{'R2'},{'D3'},,,,&,1.0,&
{'R3'},{'D7'},{'D4'},{'D1'},{'D2'},{'R2'},{'R1'},{'D6'},{'D3'},,&,1.0,&
{'R3'},{'D7'},{'D4'},{'D1'},{'D2'},{'D6'},,,,,&,2.0,&
{'R3'},{'D7'},{'D4'},{'D1'},{'D2'},{'D6'},{'D3'},{'R2'},{'R1'},{'D5'},&,1.0,&
{'R3'},{'D7'},{'D4'},{'D1'},{'D2'},{'D6'},{'R1'},,,,&,1.0,&
{'R3'},{'D7'},{'D4'},{'D1'},{'D2'},{'D6'},{'R2'},{'R1'},,,&,1.0,&
{'R3'},{'D7'},{'D4'},{'D1'},{'D6'},{'R2'},{'D2'},,,,&,1.0,&
{'R3'},{'D7'},{'D4'},{'D1'},{'D3'},,,,,,&,2.0,&
{'R3'},{'D7'},{'D4'},{'D1'},{'D5'},{'D2'},{'D3'},,,,&,1.0,&
{'R3'},{'D7'},{'D4'},{'D1'},{'D5'},{'R2'},{'D2'},{'D3'},,,&,1.0,&
{'R3'},{'D7'},{'D4'},{'R1'},,,,,,,&,1.0,&
{'R3'},{'D7'},{'D4'},{'R1'},{'D1'},,,,,,&,1.0,&
{'R3'},{'D7'},{'D4'},{'R1'},{'D1'},{'D2'},{'R2'},{'D3'},{'D5'},,&,1.0,&
{'R3'},{'D7'},{'D4'},{'R1'},{'R2'},{'D2'},{'D1'},,,,&,1.0,&
{'R3'},{'D7'},{'D4'},{'R1'},{'R2'},{'D2'},{'D1'},{'D6'},{'D3'},{'D5'},&,1.0,&
{'R3'},{'D7'},{'D4'},{'R1'},{'R2'},{'D1'},,,,,&,1.0,&
{'R3'},{'D7'},{'D4'},{'R1'},{'R2'},{'D6'},{'D2'},{'D1'},,,&,1.0,&
{'R3'},{'D7'},{'D4'},{'R1'},{'D2'},{'D3'},{'D6'},{'D1'},{'R2'},,&,1.0,&
{'R3'},{'D7'},{'D4'},{'R1'},{'D2'},{'D1'},{'D3'},,,,&,1.0,&
{'R3'},{'D7'},{'D4'},{'R1'},{'D2'},{'R2'},,,,,&,1.0,&
{'R3'},{'D7'},{'D4'},{'R1'},{'D2'},{'R2'},{'D1'},{'D3'},{'D6'},,&,1.0,&
{'R3'},{'D7'},{'D4'},{'R1'},{'D3'},{'D2'},{'D1'},{'R2'},,,&,1.0,&
{'R3'},{'D7'},{'D4'},{'R2'},,,,,,,&,5.0,&
{'R3'},{'D7'},{'D4'},{'R2'},{'R1'},,,,,,&,3.0,&
{'R3'},{'D7'},{'D4'},{'R2'},{'R1'},{'D3'},,,,,&,1.0,&
{'R3'},{'D7'},{'D4'},{'R2'},{'R1'},{'D2'},{'D3'},,,,&,1.0,&
{'R3'},{'D7'},{'D4'},{'R2'},{'R1'},{'D2'},{'D3'},{'D1'},,,&,1.0,&
{'R3'},{'D7'},{'D4'},{'R2'},{'R1'},{'D2'},{'D1'},,,,&,2.0,&
{'R3'},{'D7'},{'D4'},{'R2'},{'R1'},{'D2'},{'D1'},{'D6'},,,&,1.0,&
{'R3'},{'D7'},{'D4'},{'R2'},{'R1'},{'D1'},,,,,&,1.0,&
{'R3'},{'D7'},{'D4'},{'R2'},{'R1'},{'D1'},{'D2'},{'D5'},,,&,1.0,&
{'R3'},{'D7'},{'D4'},{'R2'},{'R1'},{'D1'},{'D2'},{'D5'},{'D3'},{'D6'},&,1.0,&
{'R3'},{'D7'},{'D4'},{'R2'},{'R1'},{'D1'},{'D2'},{'D6'},,,&,1.0,&
{'R3'},{'D7'},{'D4'},{'R2'},{'R1'},{'D5'},{'D2'},{'D3'},{'D1'},{'D6'},&,1.0,&
{'R3'},{'D7'},{'D4'},{'R2'},{'R1'},{'D6'},{'D2'},,,,&,1.0,&
{'R3'},{'D7'},{'D4'},{'R2'},{'D1'},{'R1'},,,,,&,1.0,&
{'R3'},{'D7'},{'D4'},{'R2'},{'D1'},{'R1'},{'D2'},,,,&,1.0,&
{'R3'},{'D7'},{'D4'},{'R2'},{'D1'},{'D3'},{'D2'},,,,&,1.0,&
{'R3'},{'D7'},{'D4'},{'R2'},{'D1'},{'D2'},,,,,&,1.0,&
{'R3'},{'D7'},{'D4'},{'R2'},{'D1'},{'D2'},{'D3'},{'R1'},{'D6'},{'D5'},&,1.0,&
{'R3'},{'D7'},{'D4'},{'R2'},{'D2'},,,,,,&,1.0,&
{'R3'},{'D7'},{'D4'},{'R2'},{'D2'},{'R1'},{'D1'},{'D6'},{'D3'},,&,1.0,&
{'R3'},{'D7'},{'D4'},{'R2'},{'D2'},{'D3'},{'R1'},{'D6'},{'D1'},{'D5'},&,1.0,&
{'R3'},{'D7'},{'D4'},{'R2'},{'D2'},{'D1'},,,,,&,1.0,&
{'R3'},{'D7'},{'D4'},{'R2'},{'D2'},{'D1'},{'D3'},{'R1'},,,&,1.0,&
{'R3'},{'D7'},{'D4'},{'R2'},{'D2'},{'D1'},{'D3'},{'R1'},{'D6'},{'D5'},&,1.0,&
{'R3'},{'D7'},{'D4'},{'R2'},{'D2'},{'D1'},{'R1'},{'D3'},,,&,1.0,&
{'R3'},{'D7'},{'D4'},{'R2'},{'D2'},{'D6'},,,,,&,1.0,&
{'R3'},{'D7'},{'D4'},{'R2'},{'D2'},{'D6'},{'R1'},{'D3'},,,&,1.0,&
{'R3'},{'D7'},{'D4'},{'R2'},{'D6'},,,,,,&,1.0,&
{'R3'},{'D7'},{'D4'},{'R2'},{'D6'},{'R1'},{'D1'},{'D2'},,,&,1.0,&
{'R3'},{'D7'},{'D4'},{'R2'},{'D3'},{'R1'},{'D2'},,,,&,1.0,&
{'R3'},{'D7'},{'D4'},{'R2'},{'D3'},{'R1'},{'D6'},,,,&,1.0,&
{'R3'},{'D7'},{'D4'},{'R2'},{'D5'},{'R1'},,,,,&,1.0,&
{'R3'},{'D7'},{'D4'},{'D3'},,,,,,,&,3.0,&
{'R3'},{'D7'},{'D4'},{'D3'},{'D1'},{'D2'},,,,,&,1.0,&
{'R3'},{'D7'},{'D4'},{'D3'},{'D1'},{'R2'},{'R1'},{'D2'},,,&,1.0,&
{'R3'},{'D7'},{'D4'},{'D3'},{'R2'},{'R1'},{'D2'},,,,&,1.0,&
{'R3'},{'D7'},{'D4'},{'D3'},{'D2'},{'D1'},{'R1'},{'D5'},{'R2'},,&,1.0,&
{'R3'},{'D7'},{'D4'},{'D3'},{'D2'},{'R2'},,,,,&,1.0,&
{'R3'},{'D7'},{'D4'},{'D3'},{'D2'},{'R2'},{'R1'},{'D1'},{'D6'},{'D5'},&,1.0,&
{'R3'},{'D7'},{'D4'},{'D6'},{'D1'},{'R1'},,,,,&,1.0,&
{'R3'},{'D7'},{'D4'},{'D6'},{'D1'},{'D2'},{'D5'},{'R2'},{'D3'},{'R1'},&,1.0,&
{'R3'},{'D7'},{'D4'},{'D6'},{'D1'},{'D2'},{'R2'},{'R1'},,,&,1.0,&
{'R3'},{'D7'},{'D4'},{'D6'},{'R2'},,,,,,&,1.0,&
{'R3'},{'D7'},{'D4'},{'D6'},{'R2'},{'D2'},,,,,&,1.0,&
{'R3'},{'D7'},{'D4'},{'D6'},{'R2'},{'D1'},{'R1'},{'D2'},{'D3'},{'D5'},&,1.0,&
{'R3'},{'D7'},{'D4'},{'D6'},{'D2'},{'D1'},{'R1'},{'R2'},,,&,1.0,&
{'R3'},{'D7'},{'D4'},{'D5'},,,,,,,&,2.0,&
{'R3'},{'D7'},{'D4'},{'D5'},{'R1'},{'D2'},{'R2'},,,,&,1.0,&
{'R3'},{'D7'},{'D4'},{'D5'},{'R2'},{'D2'},{'R1'},,,,&,1.0,&
{'R3'},{'D7'},{'D4'},{'D5'},{'D2'},,,,,,&,1.0,&
{'R3'},{'D7'},{'D4'},{'D5'},{'D2'},{'R2'},{'D1'},{'D3'},{'D6'},{'R1'},&,1.0,&
{'R3'},{'D7'},{'D4'},{'D5'},{'D3'},{'D2'},,,,,&,1.0,&
{'R3'},{'D7'},,,,,,,,,&,240.0,&
{'R3'},{'D7'},{'R1'},,,,,,,,&,37.0,&
{'R3'},{'D7'},{'R1'},{'D2'},,,,,,,&,10.0,&
{'R3'},{'D7'},{'R1'},{'D2'},{'D1'},,,,,,&,2.0,&
{'R3'},{'D7'},{'R1'},{'D2'},{'D1'},{'D4'},,,,,&,1.0,&
{'R3'},{'D7'},{'R1'},{'D2'},{'D1'},{'D4'},{'D3'},{'D6'},{'R2'},,&,1.0,&
{'R3'},{'D7'},{'R1'},{'D2'},{'D1'},{'D4'},{'R2'},{'D3'},,,&,2.0,&
{'R3'},{'D7'},{'R1'},{'D2'},{'D1'},{'D4'},{'R2'},{'D3'},{'D6'},,&,1.0,&
{'R3'},{'D7'},{'R1'},{'D2'},{'D1'},{'D4'},{'R2'},{'D3'},{'D6'},{'D5'},&,1.0,&
{'R3'},{'D7'},{'R1'},{'D2'},{'D1'},{'D4'},{'D6'},,,,&,1.0,&
{'R3'},{'D7'},{'R1'},{'D2'},{'D1'},{'D4'},{'D6'},{'R2'},,,&,1.0,&
{'R3'},{'D7'},{'R1'},{'D2'},{'D1'},{'D3'},{'D4'},{'R2'},{'D6'},,&,1.0,&
{'R3'},{'D7'},{'R1'},{'D2'},{'D1'},{'D5'},{'R2'},{'D4'},{'D3'},,&,1.0,&
{'R3'},{'D7'},{'R1'},{'D2'},{'D1'},{'D5'},{'D6'},{'D4'},{'R2'},,&,1.0,&
{'R3'},{'D7'},{'R1'},{'D2'},{'D1'},{'R2'},,,,,&,3.0,&
{'R3'},{'D7'},{'R1'},{'D2'},{'D1'},{'D6'},{'D3'},{'R2'},{'D4'},{'D5'},&,1.0,&
{'R3'},{'D7'},{'R1'},{'D2'},{'D1'},{'D6'},{'R2'},,,,&,1.0,&
{'R3'},{'D7'},{'R1'},{'D2'},{'D1'},{'D6'},{'R2'},{'D4'},{'D3'},,&,1.0,&
{'R3'},{'D7'},{'R1'},{'D2'},{'R2'},,,,,,&,2.0,&
{'R3'},{'D7'},{'R1'},{'D2'},{'R2'},{'D4'},,,,,&,1.0,&
{'R3'},{'D7'},{'R1'},{'D2'},{'R2'},{'D4'},{'D3'},{'D1'},,,&,1.0,&
{'R3'},{'D7'},{'R1'},{'D2'},{'R2'},{'D4'},{'D3'},{'D1'},{'D6'},{'D5'},&,1.0,&
{'R3'},{'D7'},{'R1'},{'D2'},{'R2'},{'D4'},{'D1'},,,,&,1.0,&
{'R3'},{'D7'},{'R1'},{'D2'},{'R2'},{'D4'},{'D1'},{'D6'},{'D3'},,&,1.0,&
{'R3'},{'D7'},{'R1'},{'D2'},{'R2'},{'D4'},{'D1'},{'D3'},,,&,1.0,&
{'R3'},{'D7'},{'R1'},{'D2'},{'R2'},{'D3'},{'D1'},{'D4'},{'D6'},,&,1.0,&
{'R3'},{'D7'},{'R1'},{'D2'},{'R2'},{'D1'},,,,,&,2.0,&
{'R3'},{'D7'},{'R1'},{'D2'},{'R2'},{'D1'},{'D3'},{'D6'},,,&,1.0,&
{'R3'},{'D7'},{'R1'},{'D2'},{'R2'},{'D1'},{'D3'},{'D4'},{'D5'},,&,1.0,&
{'R3'},{'D7'},{'R1'},{'D2'},{'R2'},{'D1'},{'D4'},,,,&,1.0,&
{'R3'},{'D7'},{'R1'},{'D2'},{'R2'},{'D1'},{'D4'},{'D6'},,,&,1.0,&
{'R3'},{'D7'},{'R1'},{'D2'},{'R2'},{'D1'},{'D4'},{'D3'},{'D6'},{'D5'},&,1.0,&
{'R3'},{'D7'},{'R1'},{'D2'},{'R2'},{'D1'},{'D6'},{'D4'},,,&,1.0,&
{'R3'},{'D7'},{'R1'},{'D2'},{'R2'},{'D5'},{'D1'},,,,&,1.0,&
{'R3'},{'D7'},{'R1'},{'D2'},{'D4'},,,,,,&,1.0,&
{'R3'},{'D7'},{'R1'},{'D2'},{'D4'},{'D1'},{'D3'},{'D6'},{'D5'},{'R2'},&,1.0,&
{'R3'},{'D7'},{'R1'},{'D2'},{'D4'},{'D1'},{'R2'},,,,&,1.0,&
{'R3'},{'D7'},{'R1'},{'D2'},{'D4'},{'D1'},{'R2'},{'D6'},{'D5'},{'D3'},&,1.0,&
{'R3'},{'D7'},{'R1'},{'D2'},{'D4'},{'D1'},{'D6'},{'D5'},,,&,1.0,&
{'R3'},{'D7'},{'R1'},{'D2'},{'D4'},{'R2'},{'D1'},{'D3'},,,&,1.0,&
{'R3'},{'D7'},{'R1'},{'D2'},{'D6'},{'D1'},{'D4'},{'R2'},{'D5'},{'D3'},&,1.0,&
{'R3'},{'D7'},{'R1'},{'D2'},{'D3'},{'D1'},,,,,&,1.0,&
{'R3'},{'D7'},{'R1'},{'D2'},{'D3'},{'D1'},{'R2'},,,,&,1.0,&
{'R3'},{'D7'},{'R1'},{'D2'},{'D3'},{'R2'},,,,,&,1.0,&
{'R3'},{'D7'},{'R1'},{'D2'},{'D3'},{'R2'},{'D1'},,,,&,1.0,&
{'R3'},{'D7'},{'R1'},{'D2'},{'D3'},{'R2'},{'D1'},{'D6'},,,&,1.0,&
{'R3'},{'D7'},{'R1'},{'D2'},{'D3'},{'R2'},{'D4'},{'D1'},,,&,1.0,&
{'R3'},{'D7'},{'R1'},{'D1'},,,,,,,&,6.0,&
{'R3'},{'D7'},{'R1'},{'D1'},{'R2'},,,,,,&,2.0,&
{'R3'},{'D7'},{'R1'},{'D1'},{'R2'},{'D4'},,,,,&,2.0,&
{'R3'},{'D7'},{'R1'},{'D1'},{'R2'},{'D4'},{'D2'},,,,&,1.0,&
{'R3'},{'D7'},{'R1'},{'D1'},{'R2'},{'D2'},,,,,&,2.0,&
{'R3'},{'D7'},{'R1'},{'D1'},{'R2'},{'D2'},{'D3'},,,,&,1.0,&
{'R3'},{'D7'},{'R1'},{'D1'},{'R2'},{'D2'},{'D3'},{'D4'},,,&,2.0,&
{'R3'},{'D7'},{'R1'},{'D1'},{'R2'},{'D2'},{'D3'},{'D4'},{'D5'},{'D6'},&,1.0,&
{'R3'},{'D7'},{'R1'},{'D1'},{'R2'},{'D2'},{'D5'},{'D3'},{'D4'},,&,1.0,&
{'R3'},{'D7'},{'R1'},{'D1'},{'R2'},{'D2'},{'D4'},,,,&,1.0,&
{'R3'},{'D7'},{'R1'},{'D1'},{'R2'},{'D2'},{'D6'},,,,&,1.0,&
{'R3'},{'D7'},{'R1'},{'D1'},{'R2'},{'D5'},{'D2'},{'D3'},,,&,1.0,&
{'R3'},{'D7'},{'R1'},{'D1'},{'R2'},{'D6'},{'D2'},,,,&,1.0,&
{'R3'},{'D7'},{'R1'},{'D1'},{'D4'},{'D2'},{'R2'},,,,&,1.0,&
{'R3'},{'D7'},{'R1'},{'D1'},{'D4'},{'D2'},{'R2'},{'D3'},{'D6'},{'D5'},&,1.0,&
{'R3'},{'D7'},{'R1'},{'D1'},{'D4'},{'D2'},{'D6'},{'R2'},{'D3'},,&,1.0,&
{'R3'},{'D7'},{'R1'},{'D1'},{'D2'},,,,,,&,1.0,&
{'R3'},{'D7'},{'R1'},{'D1'},{'D2'},{'D4'},,,,,&,1.0,&
{'R3'},{'D7'},{'R1'},{'D1'},{'D2'},{'D3'},{'D4'},{'D6'},{'D5'},,&,1.0,&
{'R3'},{'D7'},{'R1'},{'D1'},{'D2'},{'D3'},{'D4'},{'R2'},{'D6'},,&,1.0,&
{'R3'},{'D7'},{'R1'},{'D1'},{'D2'},{'R2'},,,,,&,1.0,&
{'R3'},{'D7'},{'R1'},{'D1'},{'D2'},{'R2'},{'D3'},{'D4'},,,&,1.0,&
{'R3'},{'D7'},{'R1'},{'D1'},{'D2'},{'R2'},{'D4'},{'D3'},,,&,1.0,&
{'R3'},{'D7'},{'R1'},{'D1'},{'D2'},{'R2'},{'D6'},{'D4'},,,&,1.0,&
{'R3'},{'D7'},{'R1'},{'D1'},{'D6'},,,,,,&,1.0,&
{'R3'},{'D7'},{'R1'},{'D1'},{'D3'},{'D5'},{'D2'},{'D6'},{'D4'},{'R2'},&,1.0,&
{'R3'},{'D7'},{'R1'},{'R2'},,,,,,,&,9.0,&
{'R3'},{'D7'},{'R1'},{'R2'},{'D1'},,,,,,&,4.0,&
{'R3'},{'D7'},{'R1'},{'R2'},{'D1'},{'D4'},{'D2'},{'D5'},{'D3'},{'D6'},&,1.0,&
{'R3'},{'D7'},{'R1'},{'R2'},{'D1'},{'D4'},{'D2'},{'D3'},{'D6'},{'D5'},&,1.0,&
{'R3'},{'D7'},{'R1'},{'R2'},{'D1'},{'D3'},{'D2'},{'D4'},,,&,1.0,&
{'R3'},{'D7'},{'R1'},{'R2'},{'D1'},{'D2'},,,,,&,1.0,&
{'R3'},{'D7'},{'R1'},{'R2'},{'D1'},{'D2'},{'D4'},,,,&,2.0,&
{'R3'},{'D7'},{'R1'},{'R2'},{'D1'},{'D2'},{'D4'},{'D6'},,,&,1.0,&
{'R3'},{'D7'},{'R1'},{'R2'},{'D1'},{'D2'},{'D6'},,,,&,1.0,&
{'R3'},{'D7'},{'R1'},{'R2'},{'D1'},{'D2'},{'D6'},{'D4'},,,&,1.0,&
{'R3'},{'D7'},{'R1'},{'R2'},{'D4'},,,,,,&,1.0,&
{'R3'},{'D7'},{'R1'},{'R2'},{'D4'},{'D2'},,,,,&,1.0,&
{'R3'},{'D7'},{'R1'},{'R2'},{'D4'},{'D2'},{'D1'},{'D3'},{'D6'},,&,1.0,&
{'R3'},{'D7'},{'R1'},{'R2'},{'D4'},{'D2'},{'D6'},,,,&,1.0,&
{'R3'},{'D7'},{'R1'},{'R2'},{'D4'},{'D1'},,,,,&,1.0,&
{'R3'},{'D7'},{'R1'},{'R2'},{'D4'},{'D1'},{'D3'},{'D2'},,,&,1.0,&
{'R3'},{'D7'},{'R1'},{'R2'},{'D4'},{'D1'},{'D2'},{'D3'},{'D6'},{'D5'},&,1.0,&
{'R3'},{'D7'},{'R1'},{'R2'},{'D2'},,,,,,&,4.0,&
{'R3'},{'D7'},{'R1'},{'R2'},{'D2'},{'D4'},,,,,&,1.0,&
{'R3'},{'D7'},{'R1'},{'R2'},{'D2'},{'D4'},{'D1'},,,,&,1.0,&
{'R3'},{'D7'},{'R1'},{'R2'},{'D2'},{'D4'},{'D1'},{'D3'},{'D6'},,&,1.0,&
{'R3'},{'D7'},{'R1'},{'R2'},{'D2'},{'D3'},,,,,&,1.0,&
{'R3'},{'D7'},{'R1'},{'R2'},{'D2'},{'D3'},{'D1'},,,,&,1.0,&
{'R3'},{'D7'},{'R1'},{'R2'},{'D2'},{'D3'},{'D4'},{'D1'},,,&,1.0,&
{'R3'},{'D7'},{'R1'},{'R2'},{'D2'},{'D1'},,,,,&,3.0,&
{'R3'},{'D7'},{'R1'},{'R2'},{'D2'},{'D1'},{'D3'},{'D4'},,,&,1.0,&
{'R3'},{'D7'},{'R1'},{'R2'},{'D2'},{'D1'},{'D4'},{'D6'},{'D3'},{'D5'},&,1.0,&
{'R3'},{'D7'},{'R1'},{'R2'},{'D2'},{'D1'},{'D4'},{'D3'},,,&,1.0,&
{'R3'},{'D7'},{'R1'},{'R2'},{'D2'},{'D6'},{'D5'},,,,&,1.0,&
{'R3'},{'D7'},{'R1'},{'R2'},{'D6'},{'D4'},{'D2'},{'D1'},{'D3'},{'D5'},&,1.0,&
{'R3'},{'D7'},{'R1'},{'R2'},{'D6'},{'D2'},{'D3'},{'D1'},{'D4'},{'D5'},&,1.0,&
{'R3'},{'D7'},{'R1'},{'R2'},{'D6'},{'D2'},{'D4'},{'D1'},,,&,1.0,&
{'R3'},{'D7'},{'R1'},{'R2'},{'D6'},{'D2'},{'D4'},{'D1'},{'D3'},{'D5'},&,1.0,&
{'R3'},{'D7'},{'R1'},{'R2'},{'D3'},,,,,,&,1.0,&
{'R3'},{'D7'},{'R1'},{'R2'},{'D3'},{'D2'},{'D1'},{'D4'},,,&,1.0,&
{'R3'},{'D7'},{'R1'},{'R2'},{'D3'},{'D1'},{'D4'},{'D2'},,,&,1.0,&
{'R3'},{'D7'},{'R1'},{'R2'},{'D5'},,,,,,&,1.0,&
{'R3'},{'D7'},{'R1'},{'R2'},{'D5'},{'D1'},,,,,&,1.0,&
{'R3'},{'D7'},{'R1'},{'R2'},{'D5'},{'D1'},{'D2'},{'D6'},,,&,1.0,&
{'R3'},{'D7'},{'R1'},{'D4'},,,,,,,&,2.0,&
{'R3'},{'D7'},{'R1'},{'D4'},{'D1'},,,,,,&,1.0,&
{'R3'},{'D7'},{'R1'},{'D4'},{'D1'},{'D2'},{'D3'},,,,&,1.0,&
{'R3'},{'D7'},{'R1'},{'D4'},{'D1'},{'D2'},{'D3'},{'R2'},{'D6'},{'D5'},&,1.0,&
{'R3'},{'D7'},{'R1'},{'D4'},{'D1'},{'D2'},{'R2'},{'D5'},,,&,1.0,&
{'R3'},{'D7'},{'R1'},{'D4'},{'D1'},{'D2'},{'R2'},{'D5'},{'D6'},{'D3'},&,1.0,&
{'R3'},{'D7'},{'R1'},{'D4'},{'D1'},{'R2'},{'D2'},{'D6'},,,&,1.0,&
{'R3'},{'D7'},{'R1'},{'D4'},{'R2'},,,,,,&,1.0,&
{'R3'},{'D7'},{'R1'},{'D4'},{'R2'},{'D3'},{'D1'},,,,&,1.0,&
{'R3'},{'D7'},{'R1'},{'D4'},{'R2'},{'D2'},,,,,&,1.0,&
{'R3'},{'D7'},{'R1'},{'D4'},{'R2'},{'D5'},{'D1'},,,,&,1.0,&
{'R3'},{'D7'},{'R1'},{'D4'},{'D2'},,,,,,&,1.0,&
{'R3'},{'D7'},{'R1'},{'D4'},{'D2'},{'D1'},,,,,&,1.0,&
{'R3'},{'D7'},{'R1'},{'D4'},{'D2'},{'D1'},{'R2'},,,,&,1.0,&
{'R3'},{'D7'},{'R1'},{'D4'},{'D2'},{'R2'},,,,,&,1.0,&
{'R3'},{'D7'},{'R1'},{'D4'},{'D2'},{'R2'},{'D1'},{'D3'},{'D6'},,&,1.0,&
{'R3'},{'D7'},{'R1'},{'D4'},{'D2'},{'R2'},{'D6'},,,,&,1.0,&
{'R3'},{'D7'},{'R1'},{'D3'},{'D1'},{'R2'},{'D4'},,,,&,1.0,&
{'R3'},{'D7'},{'R1'},{'D3'},{'R2'},,,,,,&,1.0,&
{'R3'},{'D7'},{'R1'},{'D3'},{'R2'},{'D2'},{'D1'},,,,&,1.0,&
{'R3'},{'D7'},{'R1'},{'D3'},{'D4'},{'D2'},{'R2'},,,,&,1.0,&
{'R3'},{'D7'},{'R1'},{'D3'},{'D4'},{'D1'},{'R2'},,,,&,1.0,&
{'R3'},{'D7'},{'R1'},{'D3'},{'D2'},{'D1'},{'R2'},{'D5'},{'D6'},{'D4'},&,1.0,&
{'R3'},{'D7'},{'R1'},{'D6'},,,,,,,&,1.0,&
{'R3'},{'D7'},{'R1'},{'D6'},{'D1'},,,,,,&,1.0,&
{'R3'},{'D7'},{'R1'},{'D6'},{'D1'},{'D4'},{'R2'},{'D2'},{'D3'},,&,1.0,&
{'R3'},{'D7'},{'R1'},{'D6'},{'R2'},{'D2'},,,,,&,1.0,&
{'R3'},{'D7'},{'R1'},{'D6'},{'R2'},{'D2'},{'D3'},{'D4'},,,&,1.0,&
{'R3'},{'D7'},{'R1'},{'D6'},{'R2'},{'D2'},{'D5'},{'D1'},{'D3'},,&,1.0,&
{'R3'},{'D7'},{'R1'},{'D6'},{'D4'},{'D1'},,,,,&,1.0,&
{'R3'},{'D7'},{'R1'},{'D6'},{'D4'},{'D1'},{'D2'},{'R2'},{'D3'},,&,1.0,&
{'R3'},{'D7'},{'R1'},{'D6'},{'D2'},{'R2'},{'D1'},,,,&,1.0,&
{'R3'},{'D7'},{'R1'},{'D6'},{'D2'},{'R2'},{'D1'},{'D4'},,,&,1.0,&
{'R3'},{'D7'},{'R1'},{'D6'},{'D2'},{'R2'},{'D1'},{'D4'},{'D3'},,&,1.0,&
{'R3'},{'D7'},{'R1'},{'D6'},{'D3'},{'D2'},,,,,&,1.0,&
{'R3'},{'D7'},{'R1'},{'D5'},,,,,,,&,1.0,&
{'R3'},{'D7'},{'R1'},{'D5'},{'D1'},{'D4'},{'D2'},,,,&,1.0,&
{'R3'},{'D7'},{'R1'},{'D5'},{'R2'},,,,,,&,1.0,&
{'R3'},{'D7'},{'D2'},,,,,,,,&,148.0,&
{'R3'},{'D7'},{'D2'},{'D1'},,,,,,,&,43.0,&
{'R3'},{'D7'},{'D2'},{'D1'},{'R1'},,,,,,&,2.0,&
{'R3'},{'D7'},{'D2'},{'D1'},{'R1'},{'D4'},{'D3'},{'D5'},{'D6'},{'R2'},&,1.0,&
{'R3'},{'D7'},{'D2'},{'D1'},{'R1'},{'D4'},{'D5'},{'R2'},{'D6'},{'D3'},&,1.0,&
{'R3'},{'D7'},{'D2'},{'D1'},{'R1'},{'D4'},{'R2'},{'D6'},,,&,1.0,&
{'R3'},{'D7'},{'D2'},{'D1'},{'R1'},{'D4'},{'R2'},{'D3'},,,&,1.0,&
{'R3'},{'D7'},{'D2'},{'D1'},{'R1'},{'D4'},{'R2'},{'D3'},{'D6'},,&,1.0,&
{'R3'},{'D7'},{'D2'},{'D1'},{'R1'},{'D4'},{'R2'},{'D3'},{'D6'},{'D5'},&,1.0,&
{'R3'},{'D7'},{'D2'},{'D1'},{'R1'},{'D4'},{'D6'},{'D3'},,,&,1.0,&
{'R3'},{'D7'},{'D2'},{'D1'},{'R1'},{'D4'},{'D6'},{'D3'},{'R2'},{'D5'},&,1.0,&
{'R3'},{'D7'},{'D2'},{'D1'},{'R1'},{'D3'},{'D6'},{'D4'},{'D5'},{'R2'},&,1.0,&
{'R3'},{'D7'},{'D2'},{'D1'},{'R1'},{'D5'},{'D4'},{'D3'},{'D6'},,&,1.0,&
{'R3'},{'D7'},{'D2'},{'D1'},{'R1'},{'R2'},,,,,&,4.0,&
{'R3'},{'D7'},{'D2'},{'D1'},{'R1'},{'R2'},{'D3'},,,,&,1.0,&
{'R3'},{'D7'},{'D2'},{'D1'},{'R1'},{'R2'},{'D5'},{'D6'},,,&,1.0,&
{'R3'},{'D7'},{'D2'},{'D1'},{'R1'},{'R2'},{'D4'},{'D3'},,,&,1.0,&
{'R3'},{'D7'},{'D2'},{'D1'},{'R1'},{'R2'},{'D6'},{'D3'},{'D4'},{'D5'},&,1.0,&
{'R3'},{'D7'},{'D2'},{'D1'},{'R2'},,,,,,&,16.0,&
{'R3'},{'D7'},{'D2'},{'D1'},{'R2'},{'D4'},,,,,&,4.0,&
{'R3'},{'D7'},{'D2'},{'D1'},{'R2'},{'D4'},{'D3'},,,,&,1.0,&
{'R3'},{'D7'},{'D2'},{'D1'},{'R2'},{'D4'},{'D3'},{'D5'},{'R1'},,&,1.0,&
{'R3'},{'D7'},{'D2'},{'D1'},{'R2'},{'D4'},{'D3'},{'D6'},{'D5'},{'R1'},&,1.0,&
{'R3'},{'D7'},{'D2'},{'D1'},{'R2'},{'D4'},{'R1'},,,,&,1.0,&
{'R3'},{'D7'},{'D2'},{'D1'},{'R2'},{'D4'},{'R1'},{'D6'},,,&,1.0,&
{'R3'},{'D7'},{'D2'},{'D1'},{'R2'},{'D4'},{'R1'},{'D3'},{'D6'},,&,1.0,&
{'R3'},{'D7'},{'D2'},{'D1'},{'R2'},{'D4'},{'R1'},{'D3'},{'D6'},{'D5'},&,2.0,&
{'R3'},{'D7'},{'D2'},{'D1'},{'R2'},{'D4'},{'R1'},{'D3'},{'D5'},{'D6'},&,2.0,&
{'R3'},{'D7'},{'D2'},{'D1'},{'R2'},{'D4'},{'D5'},,,,&,1.0,&
{'R3'},{'D7'},{'D2'},{'D1'},{'R2'},{'D4'},{'D5'},{'D6'},{'D3'},{'R1'},&,1.0,&
{'R3'},{'D7'},{'D2'},{'D1'},{'R2'},{'D4'},{'D6'},{'D3'},,,&,1.0,&
{'R3'},{'D7'},{'D2'},{'D1'},{'R2'},{'D4'},{'D6'},{'D3'},{'R1'},,&,1.0,&
{'R3'},{'D7'},{'D2'},{'D1'},{'R2'},{'R1'},,,,,&,8.0,&
{'R3'},{'D7'},{'D2'},{'D1'},{'R2'},{'R1'},{'D3'},,,,&,1.0,&
{'R3'},{'D7'},{'D2'},{'D1'},{'R2'},{'R1'},{'D3'},{'D4'},,,&,2.0,&
{'R3'},{'D7'},{'D2'},{'D1'},{'R2'},{'R1'},{'D3'},{'D4'},{'D6'},,&,1.0,&
{'R3'},{'D7'},{'D2'},{'D1'},{'R2'},{'R1'},{'D5'},,,,&,1.0,&
{'R3'},{'D7'},{'D2'},{'D1'},{'R2'},{'R1'},{'D5'},{'D3'},{'D6'},{'D4'},&,1.0,&
{'R3'},{'D7'},{'D2'},{'D1'},{'R2'},{'R1'},{'D5'},{'D4'},{'D3'},,&,1.0,&
{'R3'},{'D7'},{'D2'},{'D1'},{'R2'},{'R1'},{'D4'},,,,&,5.0,&
{'R3'},{'D7'},{'D2'},{'D1'},{'R2'},{'R1'},{'D4'},{'D5'},,,&,1.0,&
{'R3'},{'D7'},{'D2'},{'D1'},{'R2'},{'R1'},{'D4'},{'D6'},{'D3'},,&,2.0,&
{'R3'},{'D7'},{'D2'},{'D1'},{'R2'},{'R1'},{'D4'},{'D6'},{'D3'},{'D5'},&,1.0,&
{'R3'},{'D7'},{'D2'},{'D1'},{'R2'},{'R1'},{'D4'},{'D3'},,,&,2.0,&
{'R3'},{'D7'},{'D2'},{'D1'},{'R2'},{'R1'},{'D4'},{'D3'},{'D6'},{'D5'},&,1.0,&
{'R3'},{'D7'},{'D2'},{'D1'},{'R2'},{'R1'},{'D4'},{'D3'},{'D5'},,&,1.0,&
{'R3'},{'D7'},{'D2'},{'D1'},{'R2'},{'D3'},{'R1'},,,,&,1.0,&
{'R3'},{'D7'},{'D2'},{'D1'},{'R2'},{'D3'},{'R1'},{'D4'},,,&,2.0,&
{'R3'},{'D7'},{'D2'},{'D1'},{'R2'},{'D3'},{'D4'},,,,&,1.0,&
{'R3'},{'D7'},{'D2'},{'D1'},{'R2'},{'D3'},{'D4'},{'D6'},{'R1'},{'D5'},&,1.0,&
{'R3'},{'D7'},{'D2'},{'D1'},{'R2'},{'D3'},{'D6'},,,,&,1.0,&
{'R3'},{'D7'},{'D2'},{'D1'},{'R2'},{'D3'},{'D6'},{'R1'},{'D5'},{'D4'},&,1.0,&
{'R3'},{'D7'},{'D2'},{'D1'},{'R2'},{'D3'},{'D6'},{'R1'},{'D4'},{'D5'},&,1.0,&
{'R3'},{'D7'},{'D2'},{'D1'},{'R2'},{'D5'},,,,,&,3.0,&
{'R3'},{'D7'},{'D2'},{'D1'},{'R2'},{'D5'},{'D4'},{'D6'},{'D3'},,&,1.0,&
{'R3'},{'D7'},{'D2'},{'D1'},{'R2'},{'D6'},{'R1'},,,,&,3.0,&
{'R3'},{'D7'},{'D2'},{'D1'},{'R2'},{'D6'},{'R1'},{'D5'},{'D4'},{'D3'},&,1.0,&
{'R3'},{'D7'},{'D2'},{'D1'},{'R2'},{'D6'},{'R1'},{'D3'},{'D5'},,&,1.0,&
{'R3'},{'D7'},{'D2'},{'D1'},{'R2'},{'D6'},{'R1'},{'D3'},{'D4'},,&,1.0,&
{'R3'},{'D7'},{'D2'},{'D1'},{'D4'},,,,,,&,8.0,&
{'R3'},{'D7'},{'D2'},{'D1'},{'D4'},{'R1'},,,,,&,1.0,&
{'R3'},{'D7'},{'D2'},{'D1'},{'D4'},{'R1'},{'D3'},{'D6'},{'D5'},{'R2'},&,1.0,&
{'R3'},{'D7'},{'D2'},{'D1'},{'D4'},{'R1'},{'D3'},{'D6'},{'R2'},,&,1.0,&
{'R3'},{'D7'},{'D2'},{'D1'},{'D4'},{'R1'},{'D3'},{'R2'},{'D6'},,&,1.0,&
{'R3'},{'D7'},{'D2'},{'D1'},{'D4'},{'R1'},{'D3'},{'R2'},{'D6'},{'D5'},&,1.0,&
{'R3'},{'D7'},{'D2'},{'D1'},{'D4'},{'D3'},,,,,&,2.0,&
{'R3'},{'D7'},{'D2'},{'D1'},{'D4'},{'D3'},{'R1'},{'D6'},{'R2'},,&,1.0,&
{'R3'},{'D7'},{'D2'},{'D1'},{'D4'},{'D3'},{'D5'},{'D6'},{'R2'},{'R1'},&,1.0,&
{'R3'},{'D7'},{'D2'},{'D1'},{'D4'},{'D3'},{'R2'},,,,&,2.0,&
{'R3'},{'D7'},{'D2'},{'D1'},{'D4'},{'D3'},{'R2'},{'R1'},,,&,2.0,&
{'R3'},{'D7'},{'D2'},{'D1'},{'D4'},{'D3'},{'D6'},,,,&,3.0,&
{'R3'},{'D7'},{'D2'},{'D1'},{'D4'},{'D3'},{'D6'},{'D5'},,,&,1.0,&
{'R3'},{'D7'},{'D2'},{'D1'},{'D4'},{'D3'},{'D6'},{'R2'},{'D5'},{'R1'},&,2.0,&
{'R3'},{'D7'},{'D2'},{'D1'},{'D4'},{'D3'},{'D6'},{'R2'},{'R1'},{'D5'},&,1.0,&
{'R3'},{'D7'},{'D2'},{'D1'},{'D4'},{'D3'},{'D6'},{'R1'},{'D5'},{'R2'},&,1.0,&
{'R3'},{'D7'},{'D2'},{'D1'},{'D4'},{'D5'},{'D3'},{'R1'},{'D6'},{'R2'},&,1.0,&
{'R3'},{'D7'},{'D2'},{'D1'},{'D4'},{'D5'},{'R2'},{'D3'},{'D6'},,&,1.0,&
{'R3'},{'D7'},{'D2'},{'D1'},{'D4'},{'D5'},{'R2'},{'D3'},{'R1'},,&,1.0,&
{'R3'},{'D7'},{'D2'},{'D1'},{'D4'},{'R2'},,,,,&,1.0,&
{'R3'},{'D7'},{'D2'},{'D1'},{'D4'},{'R2'},{'D3'},,,,&,2.0,&
{'R3'},{'D7'},{'D2'},{'D1'},{'D4'},{'R2'},{'D3'},{'D5'},{'R1'},,&,1.0,&
{'R3'},{'D7'},{'D2'},{'D1'},{'D4'},{'R2'},{'D3'},{'D6'},,,&,1.0,&
{'R3'},{'D7'},{'D2'},{'D1'},{'D4'},{'R2'},{'D3'},{'R1'},{'D6'},,&,1.0,&
{'R3'},{'D7'},{'D2'},{'D1'},{'D4'},{'R2'},{'R1'},,,,&,1.0,&
{'R3'},{'D7'},{'D2'},{'D1'},{'D4'},{'R2'},{'R1'},{'D5'},,,&,1.0,&
{'R3'},{'D7'},{'D2'},{'D1'},{'D4'},{'R2'},{'R1'},{'D6'},,,&,1.0,&
{'R3'},{'D7'},{'D2'},{'D1'},{'D4'},{'R2'},{'R1'},{'D6'},{'D3'},{'D5'},&,1.0,&
{'R3'},{'D7'},{'D2'},{'D1'},{'D4'},{'R2'},{'R1'},{'D3'},{'D6'},{'D5'},&,1.0,&
{'R3'},{'D7'},{'D2'},{'D1'},{'D4'},{'R2'},{'D6'},{'D5'},{'R1'},{'D3'},&,1.0,&
{'R3'},{'D7'},{'D2'},{'D1'},{'D4'},{'R2'},{'D6'},{'D3'},{'R1'},{'D5'},&,1.0,&
{'R3'},{'D7'},{'D2'},{'D1'},{'D4'},{'R2'},{'D6'},{'R1'},,,&,2.0,&
{'R3'},{'D7'},{'D2'},{'D1'},{'D4'},{'D6'},,,,,&,3.0,&
{'R3'},{'D7'},{'D2'},{'D1'},{'D4'},{'D6'},{'D3'},,,,&,1.0,&
{'R3'},{'D7'},{'D2'},{'D1'},{'D4'},{'D6'},{'D3'},{'R2'},{'D5'},,&,1.0,&
{'R3'},{'D7'},{'D2'},{'D1'},{'D4'},{'D6'},{'R1'},,,,&,1.0,&
{'R3'},{'D7'},{'D2'},{'D1'},{'D4'},{'D6'},{'R1'},{'D3'},{'D5'},{'R2'},&,1.0,&
{'R3'},{'D7'},{'D2'},{'D1'},{'D4'},{'D6'},{'R2'},{'D3'},{'D5'},{'R1'},&,2.0,&
{'R3'},{'D7'},{'D2'},{'D1'},{'D4'},{'D6'},{'R2'},{'R1'},,,&,1.0,&
{'R3'},{'D7'},{'D2'},{'D1'},{'D6'},,,,,,&,2.0,&
{'R3'},{'D7'},{'D2'},{'D1'},{'D6'},{'D4'},,,,,&,2.0,&
{'R3'},{'D7'},{'D2'},{'D1'},{'D6'},{'D4'},{'D3'},{'R2'},{'R1'},{'D5'},&,1.0,&
{'R3'},{'D7'},{'D2'},{'D1'},{'D6'},{'D4'},{'R2'},{'D5'},{'D3'},{'R1'},&,1.0,&
{'R3'},{'D7'},{'D2'},{'D1'},{'D6'},{'R1'},{'D3'},,,,&,1.0,&
{'R3'},{'D7'},{'D2'},{'D1'},{'D6'},{'D3'},{'D4'},{'R2'},{'D5'},{'R1'},&,1.0,&
{'R3'},{'D7'},{'D2'},{'D1'},{'D6'},{'D3'},{'D4'},{'R2'},{'R1'},{'D5'},&,1.0,&
{'R3'},{'D7'},{'D2'},{'D1'},{'D6'},{'D5'},{'D4'},{'D3'},,,&,1.0,&
{'R3'},{'D7'},{'D2'},{'D1'},{'D6'},{'R2'},,,,,&,2.0,&
{'R3'},{'D7'},{'D2'},{'D1'},{'D6'},{'R2'},{'D3'},{'D4'},{'D5'},,&,1.0,&
{'R3'},{'D7'},{'D2'},{'D1'},{'D6'},{'R2'},{'D5'},,,,&,1.0,&
{'R3'},{'D7'},{'D2'},{'D1'},{'D6'},{'R2'},{'D4'},{'D3'},,,&,1.0,&
{'R3'},{'D7'},{'D2'},{'D1'},{'D6'},{'R2'},{'D4'},{'D3'},{'R1'},,&,1.0,&
{'R3'},{'D7'},{'D2'},{'D1'},{'D3'},,,,,,&,7.0,&
{'R3'},{'D7'},{'D2'},{'D1'},{'D3'},{'D4'},,,,,&,2.0,&
{'R3'},{'D7'},{'D2'},{'D1'},{'D3'},{'D4'},{'R1'},{'R2'},{'D6'},,&,1.0,&
{'R3'},{'D7'},{'D2'},{'D1'},{'D3'},{'D4'},{'R2'},{'D5'},{'R1'},{'D6'},&,1.0,&
{'R3'},{'D7'},{'D2'},{'D1'},{'D3'},{'D4'},{'R2'},{'D6'},{'D5'},,&,1.0,&
{'R3'},{'D7'},{'D2'},{'D1'},{'D3'},{'D4'},{'R2'},{'D6'},{'D5'},{'R1'},&,1.0,&
{'R3'},{'D7'},{'D2'},{'D1'},{'D3'},{'D4'},{'D6'},{'R2'},{'D5'},{'R1'},&,1.0,&
{'R3'},{'D7'},{'D2'},{'D1'},{'D3'},{'D4'},{'D6'},{'R2'},{'R1'},{'D5'},&,1.0,&
{'R3'},{'D7'},{'D2'},{'D1'},{'D3'},{'D4'},{'D6'},{'R1'},{'D5'},{'R2'},&,1.0,&
{'R3'},{'D7'},{'D2'},{'D1'},{'D3'},{'R1'},,,,,&,1.0,&
{'R3'},{'D7'},{'D2'},{'D1'},{'D3'},{'R1'},{'R2'},{'D4'},,,&,1.0,&
{'R3'},{'D7'},{'D2'},{'D1'},{'D3'},{'D5'},{'R2'},{'R1'},{'D4'},{'D6'},&,1.0,&
{'R3'},{'D7'},{'D2'},{'D1'},{'D3'},{'R2'},,,,,&,1.0,&
{'R3'},{'D7'},{'D2'},{'D1'},{'D3'},{'R2'},{'D4'},,,,&,1.0,&
{'R3'},{'D7'},{'D2'},{'D1'},{'D3'},{'R2'},{'D4'},{'D6'},{'D5'},{'R1'},&,1.0,&
{'R3'},{'D7'},{'D2'},{'D1'},{'D3'},{'R2'},{'D4'},{'D6'},{'R1'},{'D5'},&,1.0,&
{'R3'},{'D7'},{'D2'},{'D1'},{'D3'},{'D6'},,,,,&,1.0,&
{'R3'},{'D7'},{'D2'},{'D1'},{'D3'},{'D6'},{'D4'},{'D5'},,,&,2.0,&
{'R3'},{'D7'},{'D2'},{'D1'},{'D3'},{'D6'},{'D4'},{'R1'},{'D5'},,&,1.0,&
{'R3'},{'D7'},{'D2'},{'D1'},{'D5'},{'D4'},{'R2'},{'D3'},{'D6'},{'R1'},&,1.0,&
{'R3'},{'D7'},{'D2'},{'D1'},{'D5'},{'D4'},{'D6'},{'R2'},{'R1'},{'D3'},&,1.0,&
{'R3'},{'D7'},{'D2'},{'R1'},,,,,,,&,9.0,&
{'R3'},{'D7'},{'D2'},{'R1'},{'D1'},{'D4'},,,,,&,1.0,&
{'R3'},{'D7'},{'D2'},{'R1'},{'D1'},{'D4'},{'D3'},{'D6'},,,&,1.0,&
{'R3'},{'D7'},{'D2'},{'R1'},{'D1'},{'D4'},{'R2'},,,,&,1.0,&
{'R3'},{'D7'},{'D2'},{'R1'},{'D1'},{'D4'},{'R2'},{'D5'},,,&,1.0,&
{'R3'},{'D7'},{'D2'},{'R1'},{'D1'},{'D4'},{'R2'},{'D6'},{'D3'},,&,1.0,&
{'R3'},{'D7'},{'D2'},{'R1'},{'D1'},{'D4'},{'R2'},{'D3'},{'D5'},,&,1.0,&
{'R3'},{'D7'},{'D2'},{'R1'},{'D1'},{'D4'},{'D6'},{'D3'},{'D5'},,&,1.0,&
{'R3'},{'D7'},{'D2'},{'R1'},{'D1'},{'D3'},,,,,&,1.0,&
{'R3'},{'D7'},{'D2'},{'R1'},{'D1'},{'D3'},{'D4'},{'R2'},{'D6'},{'D5'},&,1.0,&
{'R3'},{'D7'},{'D2'},{'R1'},{'D1'},{'D3'},{'D6'},{'D5'},{'R2'},,&,1.0,&
{'R3'},{'D7'},{'D2'},{'R1'},{'D1'},{'D5'},,,,,&,1.0,&
{'R3'},{'D7'},{'D2'},{'R1'},{'D1'},{'R2'},,,,,&,1.0,&
{'R3'},{'D7'},{'D2'},{'R1'},{'D1'},{'R2'},{'D5'},,,,&,1.0,&
{'R3'},{'D7'},{'D2'},{'R1'},{'D1'},{'R2'},{'D4'},{'D3'},{'D6'},,&,1.0,&
{'R3'},{'D7'},{'D2'},{'R1'},{'D1'},{'D6'},,,,,&,1.0,&
{'R3'},{'D7'},{'D2'},{'R1'},{'R2'},,,,,,&,7.0,&
{'R3'},{'D7'},{'D2'},{'R1'},{'R2'},{'D4'},{'D1'},{'D6'},,,&,1.0,&
{'R3'},{'D7'},{'D2'},{'R1'},{'R2'},{'D1'},,,,,&,2.0,&
{'R3'},{'D7'},{'D2'},{'R1'},{'R2'},{'D1'},{'D4'},{'D3'},{'D6'},{'D5'},&,2.0,&
{'R3'},{'D7'},{'D2'},{'R1'},{'R2'},{'D5'},{'D4'},,,,&,1.0,&
{'R3'},{'D7'},{'D2'},{'R1'},{'R2'},{'D5'},{'D4'},{'D1'},,,&,1.0,&
{'R3'},{'D7'},{'D2'},{'R1'},{'R2'},{'D6'},{'D1'},,,,&,1.0,&
{'R3'},{'D7'},{'D2'},{'R1'},{'D4'},{'D1'},{'D5'},{'R2'},{'D3'},,&,1.0,&
{'R3'},{'D7'},{'D2'},{'R1'},{'D4'},{'D1'},{'R2'},{'D6'},{'D3'},{'D5'},&,1.0,&
{'R3'},{'D7'},{'D2'},{'R1'},{'D4'},{'D1'},{'D6'},{'D3'},{'D5'},{'R2'},&,1.0,&
{'R3'},{'D7'},{'D2'},{'R1'},{'D4'},{'D1'},{'D6'},{'D3'},{'R2'},{'D5'},&,1.0,&
{'R3'},{'D7'},{'D2'},{'R1'},{'D4'},{'R2'},,,,,&,1.0,&
{'R3'},{'D7'},{'D2'},{'R1'},{'D4'},{'R2'},{'D6'},{'D1'},{'D3'},,&,1.0,&
{'R3'},{'D7'},{'D2'},{'R1'},{'D4'},{'D6'},{'R2'},{'D1'},,,&,1.0,&
{'R3'},{'D7'},{'D2'},{'R1'},{'D6'},{'D1'},,,,,&,1.0,&
{'R3'},{'D7'},{'D2'},{'R1'},{'D6'},{'R2'},{'D3'},{'D4'},,,&,1.0,&
{'R3'},{'D7'},{'D2'},{'R1'},{'D3'},{'R2'},{'D1'},{'D4'},{'D6'},,&,1.0,&
{'R3'},{'D7'},{'D2'},{'R2'},,,,,,,&,26.0,&
{'R3'},{'D7'},{'D2'},{'R2'},{'R1'},,,,,,&,14.0,&
{'R3'},{'D7'},{'D2'},{'R2'},{'R1'},{'D4'},,,,,&,3.0,&
{'R3'},{'D7'},{'D2'},{'R2'},{'R1'},{'D4'},{'D1'},,,,&,2.0,&
{'R3'},{'D7'},{'D2'},{'R2'},{'R1'},{'D4'},{'D1'},{'D6'},{'D5'},{'D3'},&,1.0,&
{'R3'},{'D7'},{'D2'},{'R2'},{'R1'},{'D4'},{'D1'},{'D6'},{'D3'},,&,1.0,&
{'R3'},{'D7'},{'D2'},{'R2'},{'R1'},{'D4'},{'D1'},{'D6'},{'D3'},{'D5'},&,1.0,&
{'R3'},{'D7'},{'D2'},{'R2'},{'R1'},{'D4'},{'D1'},{'D3'},,,&,1.0,&
{'R3'},{'D7'},{'D2'},{'R2'},{'R1'},{'D4'},{'D1'},{'D3'},{'D6'},,&,1.0,&
{'R3'},{'D7'},{'D2'},{'R2'},{'R1'},{'D3'},,,,,&,1.0,&
{'R3'},{'D7'},{'D2'},{'R2'},{'R1'},{'D3'},{'D1'},,,,&,2.0,&
{'R3'},{'D7'},{'D2'},{'R2'},{'R1'},{'D3'},{'D1'},{'D5'},{'D4'},{'D6'},&,1.0,&
{'R3'},{'D7'},{'D2'},{'R2'},{'R1'},{'D3'},{'D4'},{'D1'},,,&,1.0,&
{'R3'},{'D7'},{'D2'},{'R2'},{'R1'},{'D1'},,,,,&,4.0,&
{'R3'},{'D7'},{'D2'},{'R2'},{'R1'},{'D1'},{'D3'},,,,&,2.0,&
{'R3'},{'D7'},{'D2'},{'R2'},{'R1'},{'D1'},{'D3'},{'D6'},{'D4'},{'D5'},&,1.0,&
{'R3'},{'D7'},{'D2'},{'R2'},{'R1'},{'D1'},{'D3'},{'D4'},,,&,2.0,&
{'R3'},{'D7'},{'D2'},{'R2'},{'R1'},{'D1'},{'D3'},{'D4'},{'D6'},{'D5'},&,1.0,&
{'R3'},{'D7'},{'D2'},{'R2'},{'R1'},{'D1'},{'D4'},,,,&,4.0,&
{'R3'},{'D7'},{'D2'},{'R2'},{'R1'},{'D1'},{'D4'},{'D3'},,,&,2.0,&
{'R3'},{'D7'},{'D2'},{'R2'},{'R1'},{'D1'},{'D4'},{'D3'},{'D6'},{'D5'},&,3.0,&
{'R3'},{'D7'},{'D2'},{'R2'},{'R1'},{'D1'},{'D6'},,,,&,1.0,&
{'R3'},{'D7'},{'D2'},{'R2'},{'R1'},{'D1'},{'D6'},{'D3'},,,&,1.0,&
{'R3'},{'D7'},{'D2'},{'R2'},{'R1'},{'D1'},{'D6'},{'D3'},{'D4'},,&,1.0,&
{'R3'},{'D7'},{'D2'},{'R2'},{'R1'},{'D1'},{'D6'},{'D4'},{'D5'},,&,1.0,&
{'R3'},{'D7'},{'D2'},{'R2'},{'R1'},{'D1'},{'D6'},{'D4'},{'D3'},,&,2.0,&
{'R3'},{'D7'},{'D2'},{'R2'},{'R1'},{'D6'},,,,,&,1.0,&
{'R3'},{'D7'},{'D2'},{'R2'},{'R1'},{'D6'},{'D3'},,,,&,1.0,&
{'R3'},{'D7'},{'D2'},{'R2'},{'R1'},{'D6'},{'D1'},{'D3'},{'D5'},{'D4'},&,1.0,&
{'R3'},{'D7'},{'D2'},{'R2'},{'R1'},{'D6'},{'D4'},,,,&,1.0,&
{'R3'},{'D7'},{'D2'},{'R2'},{'D1'},,,,,,&,13.0,&
{'R3'},{'D7'},{'D2'},{'R2'},{'D1'},{'D4'},,,,,&,5.0,&
{'R3'},{'D7'},{'D2'},{'R2'},{'D1'},{'D4'},{'D3'},,,,&,3.0,&
{'R3'},{'D7'},{'D2'},{'R2'},{'D1'},{'D4'},{'D3'},{'D6'},,,&,1.0,&
{'R3'},{'D7'},{'D2'},{'R2'},{'D1'},{'D4'},{'D3'},{'D6'},{'R1'},{'D5'},&,1.0,&
{'R3'},{'D7'},{'D2'},{'R2'},{'D1'},{'D4'},{'D3'},{'R1'},,,&,1.0,&
{'R3'},{'D7'},{'D2'},{'R2'},{'D1'},{'D4'},{'D3'},{'R1'},{'D6'},,&,1.0,&
{'R3'},{'D7'},{'D2'},{'R2'},{'D1'},{'D4'},{'R1'},,,,&,1.0,&
{'R3'},{'D7'},{'D2'},{'R2'},{'D1'},{'D4'},{'R1'},{'D5'},{'D6'},,&,1.0,&
{'R3'},{'D7'},{'D2'},{'R2'},{'D1'},{'D4'},{'R1'},{'D5'},{'D3'},,&,1.0,&
{'R3'},{'D7'},{'D2'},{'R2'},{'D1'},{'D4'},{'R1'},{'D6'},,,&,1.0,&
{'R3'},{'D7'},{'D2'},{'R2'},{'D1'},{'D4'},{'D6'},{'R1'},,,&,2.0,&
{'R3'},{'D7'},{'D2'},{'R2'},{'D1'},{'D4'},{'D6'},{'R1'},{'D3'},{'D5'},&,1.0,&
{'R3'},{'D7'},{'D2'},{'R2'},{'D1'},{'R1'},,,,,&,9.0,&
{'R3'},{'D7'},{'D2'},{'R2'},{'D1'},{'R1'},{'D3'},{'D4'},{'D6'},,&,1.0,&
{'R3'},{'D7'},{'D2'},{'R2'},{'D1'},{'R1'},{'D3'},{'D4'},{'D6'},{'D5'},&,1.0,&
{'R3'},{'D7'},{'D2'},{'R2'},{'D1'},{'R1'},{'D5'},,,,&,1.0,&
{'R3'},{'D7'},{'D2'},{'R2'},{'D1'},{'R1'},{'D4'},,,,&,1.0,&
{'R3'},{'D7'},{'D2'},{'R2'},{'D1'},{'R1'},{'D4'},{'D6'},,,&,4.0,&
{'R3'},{'D7'},{'D2'},{'R2'},{'D1'},{'R1'},{'D4'},{'D6'},{'D3'},{'D5'},&,1.0,&
{'R3'},{'D7'},{'D2'},{'R2'},{'D1'},{'R1'},{'D4'},{'D3'},,,&,2.0,&
{'R3'},{'D7'},{'D2'},{'R2'},{'D1'},{'R1'},{'D4'},{'D3'},{'D6'},,&,1.0,&
{'R3'},{'D7'},{'D2'},{'R2'},{'D1'},{'R1'},{'D4'},{'D3'},{'D5'},,&,1.0,&
{'R3'},{'D7'},{'D2'},{'R2'},{'D1'},{'R1'},{'D6'},{'D5'},,,&,1.0,&
{'R3'},{'D7'},{'D2'},{'R2'},{'D1'},{'R1'},{'D6'},{'D4'},,,&,2.0,&
{'R3'},{'D7'},{'D2'},{'R2'},{'D1'},{'R1'},{'D6'},{'D4'},{'D3'},{'D5'},&,1.0,&
{'R3'},{'D7'},{'D2'},{'R2'},{'D1'},{'D3'},,,,,&,2.0,&
{'R3'},{'D7'},{'D2'},{'R2'},{'D1'},{'D3'},{'R1'},{'D6'},{'D4'},,&,1.0,&
{'R3'},{'D7'},{'D2'},{'R2'},{'D1'},{'D3'},{'D4'},{'D6'},{'R1'},{'D5'},&,1.0,&
{'R3'},{'D7'},{'D2'},{'R2'},{'D1'},{'D3'},{'D6'},{'D4'},,,&,1.0,&
{'R3'},{'D7'},{'D2'},{'R2'},{'D1'},{'D5'},,,,,&,1.0,&
{'R3'},{'D7'},{'D2'},{'R2'},{'D1'},{'D5'},{'D3'},,,,&,1.0,&
{'R3'},{'D7'},{'D2'},{'R2'},{'D1'},{'D5'},{'D3'},{'D4'},,,&,1.0,&
{'R3'},{'D7'},{'D2'},{'R2'},{'D1'},{'D5'},{'D3'},{'R1'},{'D6'},{'D4'},&,1.0,&
{'R3'},{'D7'},{'D2'},{'R2'},{'D1'},{'D5'},{'D4'},{'D3'},{'D6'},,&,1.0,&
{'R3'},{'D7'},{'D2'},{'R2'},{'D1'},{'D5'},{'D4'},{'R1'},{'D6'},{'D3'},&,1.0,&
{'R3'},{'D7'},{'D2'},{'R2'},{'D1'},{'D6'},,,,,&,1.0,&
{'R3'},{'D7'},{'D2'},{'R2'},{'D1'},{'D6'},{'D3'},{'D4'},{'D5'},,&,1.0,&
{'R3'},{'D7'},{'D2'},{'R2'},{'D1'},{'D6'},{'R1'},{'D4'},,,&,1.0,&
{'R3'},{'D7'},{'D2'},{'R2'},{'D1'},{'D6'},{'R1'},{'D4'},{'D3'},{'D5'},&,1.0,&
{'R3'},{'D7'},{'D2'},{'R2'},{'D1'},{'D6'},{'D4'},,,,&,2.0,&
{'R3'},{'D7'},{'D2'},{'R2'},{'D1'},{'D6'},{'D4'},{'R1'},{'D3'},{'D5'},&,1.0,&
{'R3'},{'D7'},{'D2'},{'R2'},{'D4'},,,,,,&,6.0,&
{'R3'},{'D7'},{'D2'},{'R2'},{'D4'},{'R1'},,,,,&,1.0,&
{'R3'},{'D7'},{'D2'},{'R2'},{'D4'},{'R1'},{'D3'},,,,&,1.0,&
{'R3'},{'D7'},{'D2'},{'R2'},{'D4'},{'R1'},{'D1'},,,,&,1.0,&
{'R3'},{'D7'},{'D2'},{'R2'},{'D4'},{'R1'},{'D1'},{'D3'},,,&,1.0,&
{'R3'},{'D7'},{'D2'},{'R2'},{'D4'},{'D3'},{'R1'},{'D1'},{'D6'},{'D5'},&,1.0,&
{'R3'},{'D7'},{'D2'},{'R2'},{'D4'},{'D1'},{'D3'},{'D6'},,,&,1.0,&
{'R3'},{'D7'},{'D2'},{'R2'},{'D4'},{'D1'},{'D3'},{'D6'},{'D5'},{'R1'},&,1.0,&
{'R3'},{'D7'},{'D2'},{'R2'},{'D4'},{'D1'},{'D3'},{'R1'},{'D6'},{'D5'},&,2.0,&
{'R3'},{'D7'},{'D2'},{'R2'},{'D4'},{'D1'},{'R1'},,,,&,2.0,&
{'R3'},{'D7'},{'D2'},{'R2'},{'D4'},{'D1'},{'R1'},{'D6'},,,&,1.0,&
{'R3'},{'D7'},{'D2'},{'R2'},{'D4'},{'D1'},{'R1'},{'D6'},{'D5'},,&,1.0,&
{'R3'},{'D7'},{'D2'},{'R2'},{'D4'},{'D1'},{'R1'},{'D3'},{'D6'},{'D5'},&,2.0,&
{'R3'},{'D7'},{'D2'},{'R2'},{'D4'},{'D5'},{'R1'},{'D1'},{'D3'},{'D6'},&,1.0,&
{'R3'},{'D7'},{'D2'},{'R2'},{'D4'},{'D6'},,,,,&,1.0,&
{'R3'},{'D7'},{'D2'},{'R2'},{'D4'},{'D6'},{'D1'},{'D3'},{'D5'},,&,1.0,&
{'R3'},{'D7'},{'D2'},{'R2'},{'D6'},,,,,,&,2.0,&
{'R3'},{'D7'},{'D2'},{'R2'},{'D6'},{'R1'},,,,,&,3.0,&
{'R3'},{'D7'},{'D2'},{'R2'},{'D6'},{'D1'},,,,,&,1.0,&
{'R3'},{'D7'},{'D2'},{'R2'},{'D6'},{'D1'},{'D4'},,,,&,2.0,&
{'R3'},{'D7'},{'D2'},{'R2'},{'D6'},{'D5'},{'R1'},{'D3'},{'D1'},{'D4'},&,1.0,&
{'R3'},{'D7'},{'D2'},{'R2'},{'D3'},,,,,,&,1.0,&
{'R3'},{'D7'},{'D2'},{'R2'},{'D3'},{'D4'},{'R1'},,,,&,1.0,&
{'R3'},{'D7'},{'D2'},{'R2'},{'D3'},{'D4'},{'R1'},{'D6'},{'D5'},,&,1.0,&
{'R3'},{'D7'},{'D2'},{'R2'},{'D3'},{'D4'},{'D6'},{'D1'},{'R1'},,&,1.0,&
{'R3'},{'D7'},{'D2'},{'R2'},{'D3'},{'R1'},,,,,&,3.0,&
{'R3'},{'D7'},{'D2'},{'R2'},{'D3'},{'R1'},{'D1'},{'D4'},{'D5'},,&,1.0,&
{'R3'},{'D7'},{'D2'},{'R2'},{'D3'},{'R1'},{'D4'},{'D1'},{'D6'},{'D5'},&,1.0,&
{'R3'},{'D7'},{'D2'},{'R2'},{'D3'},{'D1'},,,,,&,1.0,&
{'R3'},{'D7'},{'D2'},{'R2'},{'D3'},{'D1'},{'D4'},,,,&,1.0,&
{'R3'},{'D7'},{'D2'},{'R2'},{'D3'},{'D1'},{'D4'},{'D6'},{'D5'},{'R1'},&,1.0,&
{'R3'},{'D7'},{'D2'},{'R2'},{'D3'},{'D1'},{'D4'},{'D6'},{'R1'},{'D5'},&,1.0,&
{'R3'},{'D7'},{'D2'},{'R2'},{'D3'},{'D1'},{'D4'},{'R1'},,,&,1.0,&
{'R3'},{'D7'},{'D2'},{'R2'},{'D3'},{'D1'},{'D6'},,,,&,1.0,&
{'R3'},{'D7'},{'D2'},{'R2'},{'D5'},,,,,,&,1.0,&
{'R3'},{'D7'},{'D2'},{'R2'},{'D5'},{'D3'},{'R1'},{'D1'},{'D4'},{'D6'},&,1.0,&
{'R3'},{'D7'},{'D2'},{'D4'},,,,,,,&,20.0,&
{'R3'},{'D7'},{'D2'},{'D4'},{'R1'},,,,,,&,2.0,&
{'R3'},{'D7'},{'D2'},{'D4'},{'R1'},{'D1'},,,,,&,2.0,&
{'R3'},{'D7'},{'D2'},{'D4'},{'R1'},{'D1'},{'R2'},{'D3'},,,&,1.0,&
{'R3'},{'D7'},{'D2'},{'D4'},{'R1'},{'D1'},{'D6'},,,,&,1.0,&
{'R3'},{'D7'},{'D2'},{'D4'},{'R1'},{'D5'},{'R2'},{'D1'},,,&,1.0,&
{'R3'},{'D7'},{'D2'},{'D4'},{'R1'},{'R2'},{'D3'},{'D1'},,,&,1.0,&
{'R3'},{'D7'},{'D2'},{'D4'},{'R1'},{'R2'},{'D1'},,,,&,1.0,&
{'R3'},{'D7'},{'D2'},{'D4'},{'R1'},{'D6'},{'D1'},,,,&,1.0,&
{'R3'},{'D7'},{'D2'},{'D4'},{'D1'},,,,,,&,4.0,&
{'R3'},{'D7'},{'D2'},{'D4'},{'D1'},{'R1'},,,,,&,1.0,&
{'R3'},{'D7'},{'D2'},{'D4'},{'D1'},{'D3'},,,,,&,1.0,&
{'R3'},{'D7'},{'D2'},{'D4'},{'D1'},{'D3'},{'R1'},{'D6'},{'R2'},{'D5'},&,1.0,&
{'R3'},{'D7'},{'D2'},{'D4'},{'D1'},{'D3'},{'R2'},{'D6'},{'R1'},{'D5'},&,1.0,&
{'R3'},{'D7'},{'D2'},{'D4'},{'D1'},{'D5'},{'D6'},{'D3'},,,&,1.0,&
{'R3'},{'D7'},{'D2'},{'D4'},{'D1'},{'R2'},,,,,&,4.0,&
{'R3'},{'D7'},{'D2'},{'D4'},{'D1'},{'R2'},{'R1'},,,,&,1.0,&
{'R3'},{'D7'},{'D2'},{'D4'},{'D1'},{'R2'},{'R1'},{'D6'},{'D3'},{'D5'},&,1.0,&
{'R3'},{'D7'},{'D2'},{'D4'},{'D1'},{'R2'},{'R1'},{'D3'},{'D6'},{'D5'},&,1.0,&
{'R3'},{'D7'},{'D2'},{'D4'},{'D1'},{'R2'},{'D5'},{'R1'},,,&,1.0,&
{'R3'},{'D7'},{'D2'},{'D4'},{'D1'},{'R2'},{'D6'},{'D3'},,,&,1.0,&
{'R3'},{'D7'},{'D2'},{'D4'},{'D1'},{'R2'},{'D6'},{'R1'},{'D3'},,&,1.0,&
{'R3'},{'D7'},{'D2'},{'D4'},{'D1'},{'D6'},,,,,&,1.0,&
{'R3'},{'D7'},{'D2'},{'D4'},{'D1'},{'D6'},{'D3'},{'D5'},{'R1'},,&,1.0,&
{'R3'},{'D7'},{'D2'},{'D4'},{'D1'},{'D6'},{'D3'},{'R2'},{'D5'},{'R1'},&,1.0,&
{'R3'},{'D7'},{'D2'},{'D4'},{'D1'},{'D6'},{'D3'},{'R2'},{'R1'},,&,1.0,&
{'R3'},{'D7'},{'D2'},{'D4'},{'D1'},{'D6'},{'D5'},{'D3'},,,&,1.0,&
{'R3'},{'D7'},{'D2'},{'D4'},{'D1'},{'D6'},{'R2'},,,,&,2.0,&
{'R3'},{'D7'},{'D2'},{'D4'},{'D1'},{'D6'},{'R2'},{'D3'},{'D5'},{'R1'},&,1.0,&
{'R3'},{'D7'},{'D2'},{'D4'},{'R2'},,,,,,&,2.0,&
{'R3'},{'D7'},{'D2'},{'D4'},{'R2'},{'R1'},,,,,&,2.0,&
{'R3'},{'D7'},{'D2'},{'D4'},{'R2'},{'R1'},{'D3'},{'D6'},,,&,1.0,&
{'R3'},{'D7'},{'D2'},{'D4'},{'R2'},{'R1'},{'D3'},{'D1'},{'D5'},,&,1.0,&
{'R3'},{'D7'},{'D2'},{'D4'},{'R2'},{'R1'},{'D1'},,,,&,1.0,&
{'R3'},{'D7'},{'D2'},{'D4'},{'R2'},{'R1'},{'D1'},{'D3'},,,&,1.0,&
{'R3'},{'D7'},{'D2'},{'D4'},{'R2'},{'R1'},{'D1'},{'D3'},{'D6'},,&,1.0,&
{'R3'},{'D7'},{'D2'},{'D4'},{'R2'},{'R1'},{'D6'},{'D1'},{'D3'},,&,1.0,&
{'R3'},{'D7'},{'D2'},{'D4'},{'R2'},{'D3'},{'D1'},{'D5'},,,&,1.0,&
{'R3'},{'D7'},{'D2'},{'D4'},{'R2'},{'D3'},{'R1'},{'D6'},,,&,1.0,&
{'R3'},{'D7'},{'D2'},{'D4'},{'R2'},{'D1'},,,,,&,6.0,&
{'R3'},{'D7'},{'D2'},{'D4'},{'R2'},{'D1'},{'D3'},{'D6'},{'D5'},{'R1'},&,1.0,&
{'R3'},{'D7'},{'D2'},{'D4'},{'R2'},{'D1'},{'D3'},{'D6'},{'R1'},{'D5'},&,1.0,&
{'R3'},{'D7'},{'D2'},{'D4'},{'R2'},{'D1'},{'D3'},{'R1'},{'D5'},{'D6'},&,1.0,&
{'R3'},{'D7'},{'D2'},{'D4'},{'R2'},{'D1'},{'D6'},,,,&,1.0,&
{'R3'},{'D7'},{'D2'},{'D4'},{'R2'},{'D1'},{'D6'},{'R1'},{'D3'},,&,1.0,&
{'R3'},{'D7'},{'D2'},{'D4'},{'R2'},{'D5'},,,,,&,1.0,&
{'R3'},{'D7'},{'D2'},{'D4'},{'D6'},,,,,,&,1.0,&
{'R3'},{'D7'},{'D2'},{'D4'},{'D6'},{'D1'},{'R2'},{'D3'},{'D5'},,&,1.0,&
{'R3'},{'D7'},{'D2'},{'D4'},{'D6'},{'R2'},{'R1'},{'D1'},{'D3'},,&,1.0,&
{'R3'},{'D7'},{'D2'},{'D4'},{'D6'},{'R2'},{'R1'},{'D1'},{'D3'},{'D5'},&,1.0,&
{'R3'},{'D7'},{'D2'},{'D4'},{'D3'},{'R1'},{'R2'},{'D1'},{'D5'},{'D6'},&,1.0,&
{'R3'},{'D7'},{'D2'},{'D4'},{'D3'},{'D1'},{'R2'},,,,&,1.0,&
{'R3'},{'D7'},{'D2'},{'D4'},{'D3'},{'D1'},{'D6'},{'D5'},{'R1'},{'R2'},&,1.0,&
{'R3'},{'D7'},{'D2'},{'D4'},{'D3'},{'D1'},{'D6'},{'R2'},{'D5'},{'R1'},&,1.0,&
{'R3'},{'D7'},{'D2'},{'D4'},{'D3'},{'R2'},{'D1'},{'R1'},{'D6'},,&,1.0,&
{'R3'},{'D7'},{'D2'},{'D4'},{'D3'},{'R2'},{'R1'},{'D1'},{'D6'},,&,1.0,&
{'R3'},{'D7'},{'D2'},{'D4'},{'D3'},{'R2'},{'D6'},{'D1'},{'R1'},,&,1.0,&
{'R3'},{'D7'},{'D2'},{'D4'},{'D5'},{'R2'},{'D1'},{'R1'},{'D6'},{'D3'},&,1.0,&
{'R3'},{'D7'},{'D2'},{'D3'},,,,,,,&,6.0,&
{'R3'},{'D7'},{'D2'},{'D3'},{'D1'},,,,,,&,5.0,&
{'R3'},{'D7'},{'D2'},{'D3'},{'D1'},{'D4'},,,,,&,1.0,&
{'R3'},{'D7'},{'D2'},{'D3'},{'D1'},{'D4'},{'R2'},{'D6'},{'D5'},,&,1.0,&
{'R3'},{'D7'},{'D2'},{'D3'},{'D1'},{'D4'},{'R2'},{'R1'},{'D6'},,&,1.0,&
{'R3'},{'D7'},{'D2'},{'D3'},{'D1'},{'D4'},{'D6'},{'D5'},{'R1'},{'R2'},&,1.0,&
{'R3'},{'D7'},{'D2'},{'D3'},{'D1'},{'R1'},,,,,&,1.0,&
{'R3'},{'D7'},{'D2'},{'D3'},{'D1'},{'R1'},{'R2'},,,,&,1.0,&
{'R3'},{'D7'},{'D2'},{'D3'},{'D1'},{'R1'},{'D6'},,,,&,1.0,&
{'R3'},{'D7'},{'D2'},{'D3'},{'D1'},{'D5'},,,,,&,2.0,&
{'R3'},{'D7'},{'D2'},{'D3'},{'D1'},{'R2'},,,,,&,2.0,&
{'R3'},{'D7'},{'D2'},{'D3'},{'D1'},{'R2'},{'R1'},,,,&,1.0,&
{'R3'},{'D7'},{'D2'},{'D3'},{'D1'},{'D6'},{'R2'},{'D4'},{'R1'},,&,1.0,&
{'R3'},{'D7'},{'D2'},{'D3'},{'R2'},,,,,,&,3.0,&
{'R3'},{'D7'},{'D2'},{'D3'},{'R2'},{'D4'},,,,,&,1.0,&
{'R3'},{'D7'},{'D2'},{'D3'},{'R2'},{'D4'},{'R1'},,,,&,1.0,&
{'R3'},{'D7'},{'D2'},{'D3'},{'R2'},{'R1'},,,,,&,1.0,&
{'R3'},{'D7'},{'D2'},{'D3'},{'R2'},{'R1'},{'D1'},{'D4'},,,&,1.0,&
{'R3'},{'D7'},{'D2'},{'D3'},{'R2'},{'R1'},{'D4'},{'D1'},,,&,1.0,&
{'R3'},{'D7'},{'D2'},{'D3'},{'R2'},{'R1'},{'D6'},{'D1'},{'D5'},{'D4'},&,1.0,&
{'R3'},{'D7'},{'D2'},{'D3'},{'R2'},{'D1'},,,,,&,1.0,&
{'R3'},{'D7'},{'D2'},{'D3'},{'R2'},{'D1'},{'R1'},{'D6'},{'D4'},{'D5'},&,1.0,&
{'R3'},{'D7'},{'D2'},{'D3'},{'R2'},{'D1'},{'D5'},{'R1'},{'D4'},,&,1.0,&
{'R3'},{'D7'},{'D2'},{'D3'},{'R2'},{'D1'},{'D4'},,,,&,1.0,&
{'R3'},{'D7'},{'D2'},{'D3'},{'R2'},{'D1'},{'D4'},{'D6'},{'D5'},{'R1'},&,1.0,&
{'R3'},{'D7'},{'D2'},{'D3'},{'D4'},,,,,,&,2.0,&
{'R3'},{'D7'},{'D2'},{'D3'},{'D4'},{'R1'},{'R2'},{'D1'},,,&,1.0,&
{'R3'},{'D7'},{'D2'},{'D3'},{'D4'},{'D1'},{'D6'},,,,&,1.0,&
{'R3'},{'D7'},{'D2'},{'D3'},{'D4'},{'R2'},{'R1'},{'D1'},,,&,1.0,&
{'R3'},{'D7'},{'D2'},{'D3'},{'D6'},{'D4'},,,,,&,1.0,&
{'R3'},{'D7'},{'D2'},{'D3'},{'D6'},{'R1'},,,,,&,1.0,&
{'R3'},{'D7'},{'D2'},{'D3'},{'D6'},{'R2'},{'D1'},{'R1'},{'D4'},{'D5'},&,1.0,&
{'R3'},{'D7'},{'D2'},{'D6'},,,,,,,&,7.0,&
{'R3'},{'D7'},{'D2'},{'D6'},{'R1'},,,,,,&,1.0,&
{'R3'},{'D7'},{'D2'},{'D6'},{'R1'},{'D4'},{'D3'},{'D1'},{'R2'},,&,1.0,&
{'R3'},{'D7'},{'D2'},{'D6'},{'R1'},{'D3'},{'R2'},{'D4'},{'D1'},{'D5'},&,1.0,&
{'R3'},{'D7'},{'D2'},{'D6'},{'R1'},{'D1'},,,,,&,1.0,&
{'R3'},{'D7'},{'D2'},{'D6'},{'R1'},{'R2'},{'D4'},,,,&,1.0,&
{'R3'},{'D7'},{'D2'},{'D6'},{'R1'},{'R2'},{'D4'},{'D1'},{'D5'},{'D3'},&,1.0,&
{'R3'},{'D7'},{'D2'},{'D6'},{'D1'},,,,,,&,2.0,&
{'R3'},{'D7'},{'D2'},{'D6'},{'D1'},{'D4'},{'D3'},{'D5'},{'R2'},,&,1.0,&
{'R3'},{'D7'},{'D2'},{'D6'},{'D1'},{'D4'},{'R1'},{'D3'},{'D5'},{'R2'},&,1.0,&
{'R3'},{'D7'},{'D2'},{'D6'},{'D1'},{'D4'},{'R2'},,,,&,1.0,&
{'R3'},{'D7'},{'D2'},{'D6'},{'D1'},{'D4'},{'R2'},{'D3'},{'D5'},{'R1'},&,1.0,&
{'R3'},{'D7'},{'D2'},{'D6'},{'D1'},{'R2'},,,,,&,3.0,&
{'R3'},{'D7'},{'D2'},{'D6'},{'D1'},{'R2'},{'D3'},{'D4'},{'R1'},{'D5'},&,1.0,&
{'R3'},{'D7'},{'D2'},{'D6'},{'R2'},{'D4'},{'R1'},{'D1'},{'D5'},{'D3'},&,1.0,&
{'R3'},{'D7'},{'D2'},{'D6'},{'R2'},{'R1'},,,,,&,2.0,&
{'R3'},{'D7'},{'D2'},{'D6'},{'R2'},{'R1'},{'D1'},{'D3'},,,&,1.0,&
{'R3'},{'D7'},{'D2'},{'D6'},{'R2'},{'R1'},{'D4'},,,,&,1.0,&
{'R3'},{'D7'},{'D2'},{'D6'},{'R2'},{'D3'},{'D1'},{'D4'},{'D5'},{'R1'},&,1.0,&
{'R3'},{'D7'},{'D2'},{'D6'},{'D4'},,,,,,&,1.0,&
{'R3'},{'D7'},{'D2'},{'D6'},{'D4'},{'D1'},,,,,&,1.0,&
{'R3'},{'D7'},{'D2'},{'D6'},{'D4'},{'D1'},{'R2'},,,,&,1.0,&
{'R3'},{'D7'},{'D2'},{'D6'},{'D4'},{'R2'},{'D3'},{'D1'},,,&,1.0,&
{'R3'},{'D7'},{'D2'},{'D6'},{'D3'},{'D1'},{'R2'},{'D5'},,,&,1.0,&
{'R3'},{'D7'},{'D2'},{'D6'},{'D5'},{'R1'},{'D1'},{'D4'},{'R2'},{'D3'},&,1.0,&
{'R3'},{'D7'},{'D2'},{'D6'},{'D5'},{'D1'},{'D4'},{'R1'},{'R2'},,&,1.0,&
{'R3'},{'D7'},{'D2'},{'D5'},{'D1'},{'D4'},{'D3'},{'D6'},{'R2'},{'R1'},&,1.0,&
{'R3'},{'D7'},{'D2'},{'D5'},{'D1'},{'D4'},{'D3'},{'R2'},{'D6'},,&,1.0,&
{'R3'},{'D7'},{'D2'},{'D5'},{'D1'},{'R2'},{'D3'},,,,&,1.0,&
{'R3'},{'D7'},{'D2'},{'D5'},{'R2'},{'D1'},,,,,&,1.0,&
{'R3'},{'D7'},{'D2'},{'D5'},{'R2'},{'D1'},{'R1'},{'D3'},{'D6'},{'D4'},&,1.0,&
{'R3'},{'D7'},{'D2'},{'D5'},{'D6'},{'R1'},{'D1'},{'R2'},{'D3'},,&,1.0,&
{'R3'},{'D7'},{'D2'},{'D5'},{'D3'},{'R2'},{'R1'},{'D1'},{'D4'},{'D6'},&,1.0,&
{'R3'},{'D7'},{'D3'},,,,,,,,&,18.0,&
{'R3'},{'D7'},{'D3'},{'D2'},,,,,,,&,3.0,&
{'R3'},{'D7'},{'D3'},{'D2'},{'R1'},{'D5'},{'R2'},,,,&,1.0,&
{'R3'},{'D7'},{'D3'},{'D2'},{'R1'},{'R2'},{'D1'},{'D4'},,,&,1.0,&
{'R3'},{'D7'},{'D3'},{'D2'},{'D1'},,,,,,&,3.0,&
{'R3'},{'D7'},{'D3'},{'D2'},{'D1'},{'D4'},{'R2'},{'D6'},,,&,1.0,&
{'R3'},{'D7'},{'D3'},{'D2'},{'D1'},{'D4'},{'D6'},{'R2'},{'D5'},,&,1.0,&
{'R3'},{'D7'},{'D3'},{'D2'},{'D1'},{'R2'},{'R1'},{'D4'},,,&,1.0,&
{'R3'},{'D7'},{'D3'},{'D2'},{'D1'},{'R2'},{'D4'},{'D5'},{'D6'},{'R1'},&,1.0,&
{'R3'},{'D7'},{'D3'},{'D2'},{'D1'},{'R2'},{'D6'},{'D4'},{'D5'},{'R1'},&,1.0,&
{'R3'},{'D7'},{'D3'},{'D2'},{'R2'},,,,,,&,1.0,&
{'R3'},{'D7'},{'D3'},{'D2'},{'R2'},{'D4'},,,,,&,1.0,&
{'R3'},{'D7'},{'D3'},{'D2'},{'R2'},{'D4'},{'D1'},,,,&,1.0,&
{'R3'},{'D7'},{'D3'},{'D2'},{'R2'},{'R1'},{'D4'},{'D1'},,,&,1.0,&
{'R3'},{'D7'},{'D3'},{'D2'},{'R2'},{'D1'},{'R1'},{'D6'},,,&,1.0,&
{'R3'},{'D7'},{'D3'},{'D2'},{'R2'},{'D1'},{'R1'},{'D4'},{'D6'},{'D5'},&,1.0,&
{'R3'},{'D7'},{'D3'},{'D2'},{'R2'},{'D6'},{'D4'},{'D1'},,,&,1.0,&
{'R3'},{'D7'},{'D3'},{'D2'},{'D4'},,,,,,&,1.0,&
{'R3'},{'D7'},{'D3'},{'D2'},{'D4'},{'D1'},{'R1'},,,,&,1.0,&
{'R3'},{'D7'},{'D3'},{'D2'},{'D4'},{'D1'},{'R2'},,,,&,1.0,&
{'R3'},{'D7'},{'D3'},{'D2'},{'D4'},{'R2'},{'D1'},{'D5'},{'D6'},,&,1.0,&
{'R3'},{'D7'},{'D3'},{'D2'},{'D4'},{'R2'},{'R1'},{'D1'},,,&,1.0,&
{'R3'},{'D7'},{'D3'},{'D2'},{'D5'},{'R2'},{'R1'},{'D4'},{'D1'},,&,1.0,&
{'R3'},{'D7'},{'D3'},{'D1'},,,,,,,&,2.0,&
{'R3'},{'D7'},{'D3'},{'D1'},{'R1'},,,,,,&,2.0,&
{'R3'},{'D7'},{'D3'},{'D1'},{'R2'},,,,,,&,2.0,&
{'R3'},{'D7'},{'D3'},{'D1'},{'R2'},{'D2'},{'R1'},{'D6'},{'D4'},{'D5'},&,1.0,&
{'R3'},{'D7'},{'D3'},{'D1'},{'D4'},{'D2'},{'R1'},,,,&,1.0,&
{'R3'},{'D7'},{'D3'},{'D1'},{'D2'},,,,,,&,2.0,&
{'R3'},{'D7'},{'D3'},{'D1'},{'D2'},{'D4'},,,,,&,1.0,&
{'R3'},{'D7'},{'D3'},{'D1'},{'D2'},{'D4'},{'R1'},{'R2'},{'D6'},,&,1.0,&
{'R3'},{'D7'},{'D3'},{'D1'},{'D2'},{'D4'},{'D6'},{'D5'},{'R2'},,&,1.0,&
{'R3'},{'D7'},{'D3'},{'D1'},{'D2'},{'R1'},{'D4'},{'D5'},{'R2'},,&,1.0,&
{'R3'},{'D7'},{'D3'},{'D1'},{'D2'},{'D5'},{'D4'},,,,&,1.0,&
{'R3'},{'D7'},{'D3'},{'D1'},{'D2'},{'R2'},{'R1'},{'D6'},{'D4'},,&,1.0,&
{'R3'},{'D7'},{'D3'},{'D1'},{'D2'},{'R2'},{'D4'},,,,&,1.0,&
{'R3'},{'D7'},{'D3'},{'D1'},{'D2'},{'R2'},{'D4'},{'D6'},{'D5'},,&,1.0,&
{'R3'},{'D7'},{'D3'},{'D1'},{'D2'},{'R2'},{'D4'},{'D6'},{'D5'},{'R1'},&,1.0,&
{'R3'},{'D7'},{'D3'},{'D1'},{'D2'},{'D6'},{'D4'},{'R2'},{'R1'},,&,1.0,&
{'R3'},{'D7'},{'D3'},{'D1'},{'D2'},{'D6'},{'R2'},{'R1'},,,&,1.0,&
{'R3'},{'D7'},{'D3'},{'D1'},{'D6'},{'R2'},{'R1'},{'D2'},{'D4'},{'D5'},&,1.0,&
{'R3'},{'D7'},{'D3'},{'R1'},,,,,,,&,4.0,&
{'R3'},{'D7'},{'D3'},{'R1'},{'R2'},{'D2'},{'D1'},,,,&,2.0,&
{'R3'},{'D7'},{'D3'},{'R1'},{'R2'},{'D2'},{'D1'},{'D4'},{'D6'},,&,1.0,&
{'R3'},{'D7'},{'D3'},{'R1'},{'R2'},{'D2'},{'D4'},{'D1'},{'D6'},{'D5'},&,1.0,&
{'R3'},{'D7'},{'D3'},{'R1'},{'R2'},{'D1'},{'D4'},,,,&,1.0,&
{'R3'},{'D7'},{'D3'},{'R1'},{'R2'},{'D5'},{'D1'},{'D4'},{'D2'},{'D6'},&,1.0,&
{'R3'},{'D7'},{'D3'},{'R1'},{'D2'},{'D1'},{'R2'},{'D6'},,,&,1.0,&
{'R3'},{'D7'},{'D3'},{'R1'},{'D2'},{'D1'},{'R2'},{'D4'},{'D6'},,&,1.0,&
{'R3'},{'D7'},{'D3'},{'R1'},{'D2'},{'R2'},{'D1'},{'D6'},{'D4'},{'D5'},&,1.0,&
{'R3'},{'D7'},{'D3'},{'R2'},,,,,,,&,4.0,&
{'R3'},{'D7'},{'D3'},{'R2'},{'R1'},,,,,,&,1.0,&
{'R3'},{'D7'},{'D3'},{'R2'},{'R1'},{'D4'},{'D1'},{'D2'},{'D6'},,&,1.0,&
{'R3'},{'D7'},{'D3'},{'R2'},{'R1'},{'D2'},,,,,&,2.0,&
{'R3'},{'D7'},{'D3'},{'R2'},{'R1'},{'D2'},{'D1'},{'D4'},{'D6'},,&,1.0,&
{'R3'},{'D7'},{'D3'},{'R2'},{'R1'},{'D2'},{'D1'},{'D4'},{'D6'},{'D5'},&,1.0,&
{'R3'},{'D7'},{'D3'},{'R2'},{'R1'},{'D2'},{'D6'},{'D4'},{'D1'},{'D5'},&,1.0,&
{'R3'},{'D7'},{'D3'},{'R2'},{'R1'},{'D1'},{'D2'},{'D6'},{'D4'},{'D5'},&,1.0,&
{'R3'},{'D7'},{'D3'},{'R2'},{'R1'},{'D1'},{'D2'},{'D4'},,,&,1.0,&
{'R3'},{'D7'},{'D3'},{'R2'},{'R1'},{'D6'},,,,,&,1.0,&
{'R3'},{'D7'},{'D3'},{'R2'},{'D1'},,,,,,&,3.0,&
{'R3'},{'D7'},{'D3'},{'R2'},{'D1'},{'R1'},,,,,&,1.0,&
{'R3'},{'D7'},{'D3'},{'R2'},{'D1'},{'R1'},{'D2'},{'D6'},,,&,1.0,&
{'R3'},{'D7'},{'D3'},{'R2'},{'D1'},{'D2'},,,,,&,1.0,&
{'R3'},{'D7'},{'D3'},{'R2'},{'D1'},{'D2'},{'R1'},{'D6'},{'D4'},{'D5'},&,1.0,&
{'R3'},{'D7'},{'D3'},{'R2'},{'D4'},{'R1'},,,,,&,1.0,&
{'R3'},{'D7'},{'D3'},{'R2'},{'D4'},{'D1'},{'R1'},{'D2'},{'D6'},{'D5'},&,1.0,&
{'R3'},{'D7'},{'D3'},{'R2'},{'D2'},,,,,,&,4.0,&
{'R3'},{'D7'},{'D3'},{'R2'},{'D2'},{'R1'},,,,,&,1.0,&
{'R3'},{'D7'},{'D3'},{'R2'},{'D2'},{'R1'},{'D4'},{'D1'},,,&,1.0,&
{'R3'},{'D7'},{'D3'},{'R2'},{'D2'},{'R1'},{'D4'},{'D1'},{'D6'},,&,1.0,&
{'R3'},{'D7'},{'D3'},{'R2'},{'D2'},{'R1'},{'D4'},{'D1'},{'D6'},{'D5'},&,1.0,&
{'R3'},{'D7'},{'D3'},{'R2'},{'D2'},{'R1'},{'D6'},{'D1'},,,&,1.0,&
{'R3'},{'D7'},{'D3'},{'R2'},{'D2'},{'R1'},{'D6'},{'D1'},{'D4'},{'D5'},&,1.0,&
{'R3'},{'D7'},{'D3'},{'R2'},{'D2'},{'D1'},,,,,&,1.0,&
{'R3'},{'D7'},{'D3'},{'R2'},{'D2'},{'D1'},{'D4'},,,,&,1.0,&
{'R3'},{'D7'},{'D3'},{'R2'},{'D2'},{'D1'},{'D4'},{'R1'},{'D5'},,&,1.0,&
{'R3'},{'D7'},{'D3'},{'D4'},{'D1'},{'D2'},{'D6'},{'D5'},{'R1'},{'R2'},&,1.0,&
{'R3'},{'D7'},{'D3'},{'D4'},{'D1'},{'R2'},{'R1'},{'D2'},{'D6'},,&,1.0,&
{'R3'},{'D7'},{'D3'},{'D4'},{'R2'},,,,,,&,1.0,&
{'R3'},{'D7'},{'D3'},{'D4'},{'R2'},{'D2'},,,,,&,1.0,&
{'R3'},{'D7'},{'D3'},{'D4'},{'R2'},{'D2'},{'D1'},{'D6'},{'R1'},,&,1.0,&
{'R3'},{'D7'},{'D3'},{'D6'},{'D1'},{'R2'},{'R1'},{'D2'},{'D4'},{'D5'},&,1.0,&
{'R3'},{'D7'},{'D3'},{'D6'},{'R2'},{'D1'},{'R1'},{'D2'},{'D4'},,&,1.0,&
{'R3'},{'D7'},{'D3'},{'D5'},{'D2'},{'D1'},{'D4'},{'D6'},{'R2'},{'R1'},&,1.0,&
{'R3'},{'D7'},{'D6'},,,,,,,,&,14.0,&
{'R3'},{'D7'},{'D6'},{'D2'},,,,,,,&,1.0,&
{'R3'},{'D7'},{'D6'},{'D2'},{'R1'},,,,,,&,1.0,&
{'R3'},{'D7'},{'D6'},{'D2'},{'R1'},{'R2'},{'D1'},,,,&,1.0,&
{'R3'},{'D7'},{'D6'},{'D2'},{'D1'},{'R2'},{'R1'},{'D3'},,,&,1.0,&
{'R3'},{'D7'},{'D6'},{'D2'},{'D1'},{'R2'},{'D4'},{'R1'},,,&,1.0,&
{'R3'},{'D7'},{'D6'},{'D2'},{'R2'},,,,,,&,1.0,&
{'R3'},{'D7'},{'D6'},{'D2'},{'R2'},{'D4'},{'D1'},{'D3'},{'R1'},{'D5'},&,1.0,&
{'R3'},{'D7'},{'D6'},{'D2'},{'R2'},{'R1'},{'D1'},{'D3'},{'D4'},{'D5'},&,1.0,&
{'R3'},{'D7'},{'D6'},{'D2'},{'R2'},{'R1'},{'D4'},,,,&,1.0,&
{'R3'},{'D7'},{'D6'},{'D2'},{'D4'},,,,,,&,1.0,&
{'R3'},{'D7'},{'D6'},{'D2'},{'D4'},{'D5'},,,,,&,1.0,&
{'R3'},{'D7'},{'D6'},{'D2'},{'D4'},{'R2'},,,,,&,1.0,&
{'R3'},{'D7'},{'D6'},{'D1'},,,,,,,&,2.0,&
{'R3'},{'D7'},{'D6'},{'D1'},{'R1'},{'D4'},{'D2'},{'D5'},{'D3'},{'R2'},&,1.0,&
{'R3'},{'D7'},{'D6'},{'D1'},{'R1'},{'R2'},{'D2'},,,,&,1.0,&
{'R3'},{'D7'},{'D6'},{'D1'},{'R2'},,,,,,&,1.0,&
{'R3'},{'D7'},{'D6'},{'D1'},{'R2'},{'D2'},{'R1'},{'D4'},,,&,1.0,&
{'R3'},{'D7'},{'D6'},{'D1'},{'D2'},{'D4'},{'R1'},{'R2'},{'D3'},{'D5'},&,1.0,&
{'R3'},{'D7'},{'D6'},{'D1'},{'D2'},{'R2'},{'R1'},{'D3'},,,&,1.0,&
{'R3'},{'D7'},{'D6'},{'D1'},{'D2'},{'R2'},{'D4'},{'D5'},{'R1'},,&,1.0,&
{'R3'},{'D7'},{'D6'},{'D1'},{'D3'},{'D4'},{'R1'},{'R2'},{'D2'},{'D5'},&,1.0,&
{'R3'},{'D7'},{'D6'},{'R1'},,,,,,,&,1.0,&
{'R3'},{'D7'},{'D6'},{'R1'},{'D1'},{'D2'},{'R2'},{'D4'},{'D3'},{'D5'},&,1.0,&
{'R3'},{'D7'},{'D6'},{'R1'},{'R2'},,,,,,&,2.0,&
{'R3'},{'D7'},{'D6'},{'R2'},,,,,,,&,1.0,&
{'R3'},{'D7'},{'D6'},{'R2'},{'R1'},,,,,,&,1.0,&
{'R3'},{'D7'},{'D6'},{'R2'},{'R1'},{'D4'},,,,,&,1.0,&
{'R3'},{'D7'},{'D6'},{'R2'},{'R1'},{'D4'},{'D2'},{'D1'},{'D5'},{'D3'},&,1.0,&
{'R3'},{'D7'},{'D6'},{'R2'},{'R1'},{'D2'},{'D3'},{'D1'},,,&,1.0,&
{'R3'},{'D7'},{'D6'},{'R2'},{'R1'},{'D2'},{'D1'},,,,&,1.0,&
{'R3'},{'D7'},{'D6'},{'R2'},{'R1'},{'D1'},{'D2'},,,,&,1.0,&
{'R3'},{'D7'},{'D6'},{'R2'},{'D1'},{'D2'},,,,,&,1.0,&
{'R3'},{'D7'},{'D6'},{'R2'},{'D1'},{'D2'},{'D4'},{'R1'},,,&,2.0,&
{'R3'},{'D7'},{'D6'},{'R2'},{'D4'},{'R1'},{'D2'},{'D1'},,,&,1.0,&
{'R3'},{'D7'},{'D6'},{'R2'},{'D2'},{'R1'},,,,,&,1.0,&
{'R3'},{'D7'},{'D6'},{'R2'},{'D2'},{'D1'},{'D3'},{'R1'},{'D4'},,&,1.0,&
{'R3'},{'D7'},{'D6'},{'R2'},{'D2'},{'D1'},{'R1'},,,,&,3.0,&
{'R3'},{'D7'},{'D6'},{'R2'},{'D3'},{'D1'},{'R1'},{'D2'},,,&,1.0,&
{'R3'},{'D7'},{'D6'},{'R2'},{'D5'},,,,,,&,1.0,&
{'R3'},{'D7'},{'D6'},{'D4'},,,,,,,&,1.0,&
{'R3'},{'D7'},{'D6'},{'D4'},{'D1'},{'D3'},{'D2'},,,,&,1.0,&
{'R3'},{'D7'},{'D6'},{'D4'},{'R2'},{'D2'},{'R1'},{'D1'},{'D3'},{'D5'},&,1.0,&
{'R3'},{'D7'},{'D6'},{'D4'},{'D2'},,,,,,&,1.0,&
{'R3'},{'D7'},{'D6'},{'D3'},{'R2'},{'D5'},,,,,&,1.0,&
{'R3'},{'D7'},{'D6'},{'D3'},{'D2'},{'R2'},{'R1'},{'D1'},{'D4'},,&,1.0,&
{'R3'},{'D7'},{'D5'},,,,,,,,&,5.0,&
{'R3'},{'D7'},{'D5'},{'D2'},{'D1'},,,,,,&,1.0,&
{'R3'},{'D7'},{'D5'},{'D2'},{'D1'},{'R2'},{'R1'},{'D3'},{'D6'},{'D4'},&,1.0,&
{'R3'},{'D7'},{'D5'},{'D2'},{'R2'},{'D1'},{'D6'},,,,&,1.0,&
{'R3'},{'D7'},{'D5'},{'D2'},{'D4'},{'D1'},{'D3'},{'R1'},{'R2'},,&,1.0,&
{'R3'},{'D7'},{'D5'},{'D2'},{'D4'},{'R2'},{'R1'},,,,&,1.0,&
{'R3'},{'D7'},{'D5'},{'D1'},{'R2'},{'R1'},{'D4'},,,,&,1.0,&
{'R3'},{'D7'},{'D5'},{'R1'},{'D1'},{'D4'},,,,,&,1.0,&
{'R3'},{'D7'},{'D5'},{'R1'},{'R2'},{'D4'},,,,,&,1.0,&
{'R3'},{'D7'},{'D5'},{'R1'},{'R2'},{'D1'},,,,,&,1.0,&
{'R3'},{'D7'},{'D5'},{'R2'},{'R1'},,,,,,&,1.0,&
{'R3'},{'D7'},{'D5'},{'R2'},{'R1'},{'D1'},{'D2'},,,,&,1.0,&
{'R3'},{'D7'},{'D5'},{'R2'},{'D1'},{'R1'},{'D2'},{'D4'},{'D6'},{'D3'},&,1.0,&
{'R3'},{'D7'},{'D5'},{'R2'},{'D1'},{'D2'},{'R1'},{'D3'},,,&,1.0,&
{'R3'},{'D7'},{'D5'},{'R2'},{'D2'},{'D4'},{'R1'},,,,&,1.0,&
{'R3'},{'D7'},{'D5'},{'D4'},{'D1'},{'D2'},{'R2'},{'R1'},{'D3'},{'D6'},&,1.0,&
{'R3'},{'D7'},{'D5'},{'D4'},{'R2'},{'R1'},{'D2'},,,,&,1.0,&
{'R3'},{'D6'},{'R2'},,,,,,,,&,15.0,&
{'R3'},{'D6'},{'R2'},{'D2'},,,,,,,&,3.0,&
{'R3'},{'D6'},{'R2'},{'D2'},{'D7'},,,,,,&,2.0,&
{'R3'},{'D6'},{'R2'},{'D2'},{'D7'},{'D4'},,,,,&,1.0,&
{'R3'},{'D6'},{'R2'},{'D2'},{'D7'},{'R1'},{'D3'},{'D4'},{'D5'},{'D1'},&,1.0,&
{'R3'},{'D6'},{'R2'},{'D2'},{'D7'},{'D1'},,,,,&,1.0,&
{'R3'},{'D6'},{'R2'},{'D2'},{'D7'},{'D1'},{'R1'},{'D3'},,,&,1.0,&
{'R3'},{'D6'},{'R2'},{'D2'},{'D7'},{'D1'},{'R1'},{'D3'},{'D4'},{'D5'},&,1.0,&
{'R3'},{'D6'},{'R2'},{'D2'},{'R1'},,,,,,&,1.0,&
{'R3'},{'D6'},{'R2'},{'D2'},{'R1'},{'D4'},,,,,&,1.0,&
{'R3'},{'D6'},{'R2'},{'D2'},{'R1'},{'D1'},{'D3'},{'D7'},{'D4'},{'D5'},&,1.0,&
{'R3'},{'D6'},{'R2'},{'D2'},{'R1'},{'D1'},{'D4'},{'D7'},{'D3'},{'D5'},&,1.0,&
{'R3'},{'D6'},{'R2'},{'D2'},{'R1'},{'D7'},,,,,&,1.0,&
{'R3'},{'D6'},{'R2'},{'D2'},{'R1'},{'D7'},{'D1'},{'D4'},,,&,1.0,&
{'R3'},{'D6'},{'R2'},{'D2'},{'R1'},{'D7'},{'D1'},{'D4'},{'D3'},{'D5'},&,1.0,&
{'R3'},{'D6'},{'R2'},{'D2'},{'D1'},,,,,,&,2.0,&
{'R3'},{'D6'},{'R2'},{'D2'},{'D1'},{'D4'},{'R1'},,,,&,1.0,&
{'R3'},{'D6'},{'R2'},{'D2'},{'D1'},{'R1'},,,,,&,1.0,&
{'R3'},{'D6'},{'R2'},{'D2'},{'D1'},{'R1'},{'D3'},,,,&,1.0,&
{'R3'},{'D6'},{'R2'},{'D2'},{'D1'},{'D7'},{'D4'},{'D3'},{'D5'},,&,1.0,&
{'R3'},{'D6'},{'R2'},{'D2'},{'D4'},{'R1'},{'D7'},,,,&,1.0,&
{'R3'},{'D6'},{'R2'},{'D1'},,,,,,,&,2.0,&
{'R3'},{'D6'},{'R2'},{'D1'},{'D7'},,,,,,&,1.0,&
{'R3'},{'D6'},{'R2'},{'D1'},{'D7'},{'R1'},{'D2'},{'D4'},,,&,1.0,&
{'R3'},{'D6'},{'R2'},{'D1'},{'D7'},{'D2'},{'D4'},{'R1'},,,&,1.0,&
{'R3'},{'D6'},{'R2'},{'D1'},{'R1'},,,,,,&,1.0,&
{'R3'},{'D6'},{'R2'},{'D1'},{'R1'},{'D2'},{'D7'},{'D4'},,,&,1.0,&
{'R3'},{'D6'},{'R2'},{'D1'},{'R1'},{'D7'},{'D2'},{'D4'},,,&,1.0,&
{'R3'},{'D6'},{'R2'},{'D1'},{'D4'},{'R1'},{'D2'},,,,&,1.0,&
{'R3'},{'D6'},{'R2'},{'D1'},{'D2'},,,,,,&,1.0,&
{'R3'},{'D6'},{'R2'},{'D1'},{'D2'},{'R1'},{'D7'},,,,&,1.0,&
{'R3'},{'D6'},{'R2'},{'R1'},,,,,,,&,2.0,&
{'R3'},{'D6'},{'R2'},{'R1'},{'D7'},,,,,,&,1.0,&
{'R3'},{'D6'},{'R2'},{'R1'},{'D7'},{'D4'},{'D2'},{'D1'},,,&,1.0,&
{'R3'},{'D6'},{'R2'},{'R1'},{'D7'},{'D2'},,,,,&,1.0,&
{'R3'},{'D6'},{'R2'},{'R1'},{'D7'},{'D2'},{'D1'},{'D3'},{'D4'},{'D5'},&,1.0,&
{'R3'},{'D6'},{'R2'},{'R1'},{'D7'},{'D1'},,,,,&,1.0,&
{'R3'},{'D6'},{'R2'},{'R1'},{'D7'},{'D1'},{'D2'},,,,&,1.0,&
{'R3'},{'D6'},{'R2'},{'R1'},{'D7'},{'D1'},{'D2'},{'D3'},{'D4'},,&,1.0,&
{'R3'},{'D6'},{'R2'},{'R1'},{'D1'},,,,,,&,2.0,&
{'R3'},{'D6'},{'R2'},{'R1'},{'D1'},{'D3'},{'D7'},{'D4'},{'D2'},,&,1.0,&
{'R3'},{'D6'},{'R2'},{'R1'},{'D1'},{'D3'},{'D7'},{'D2'},,,&,1.0,&
{'R3'},{'D6'},{'R2'},{'R1'},{'D1'},{'D2'},{'D5'},,,,&,1.0,&
{'R3'},{'D6'},{'R2'},{'R1'},{'D1'},{'D2'},{'D4'},,,,&,1.0,&
{'R3'},{'D6'},{'R2'},{'R1'},{'D1'},{'D7'},,,,,&,1.0,&
{'R3'},{'D6'},{'R2'},{'R1'},{'D4'},{'D3'},{'D7'},,,,&,1.0,&
{'R3'},{'D6'},{'R2'},{'R1'},{'D4'},{'D2'},{'D7'},{'D1'},{'D3'},,&,1.0,&
{'R3'},{'D6'},{'R2'},{'R1'},{'D2'},{'D4'},{'D7'},,,,&,1.0,&
{'R3'},{'D6'},{'R2'},{'R1'},{'D2'},{'D1'},,,,,&,2.0,&
{'R3'},{'D6'},{'R2'},{'R1'},{'D2'},{'D7'},,,,,&,1.0,&
{'R3'},{'D6'},{'R2'},{'R1'},{'D2'},{'D7'},{'D1'},{'D4'},,,&,1.0,&
{'R3'},{'D6'},{'R2'},{'R1'},{'D3'},{'D2'},{'D1'},{'D7'},{'D4'},,&,1.0,&
{'R3'},{'D6'},{'R2'},{'D7'},,,,,,,&,1.0,&
{'R3'},{'D6'},{'R2'},{'D7'},{'R1'},,,,,,&,3.0,&
{'R3'},{'D6'},{'R2'},{'D7'},{'R1'},{'D4'},{'D2'},{'D3'},{'D1'},,&,1.0,&
{'R3'},{'D6'},{'R2'},{'D7'},{'R1'},{'D4'},{'D2'},{'D1'},{'D3'},,&,1.0,&
{'R3'},{'D6'},{'R2'},{'D7'},{'R1'},{'D4'},{'D1'},{'D2'},,,&,1.0,&
{'R3'},{'D6'},{'R2'},{'D7'},{'R1'},{'D2'},{'D3'},,,,&,1.0,&
{'R3'},{'D6'},{'R2'},{'D7'},{'D1'},,,,,,&,1.0,&
{'R3'},{'D6'},{'R2'},{'D7'},{'D1'},{'D3'},{'R1'},{'D2'},,,&,1.0,&
{'R3'},{'D6'},{'R2'},{'D7'},{'D4'},{'R1'},{'D2'},{'D1'},{'D3'},{'D5'},&,1.0,&
{'R3'},{'D6'},{'R2'},{'D7'},{'D2'},{'R1'},{'D4'},{'D1'},{'D5'},,&,1.0,&
{'R3'},{'D6'},{'R2'},{'D7'},{'D2'},{'D5'},,,,,&,1.0,&
{'R3'},{'D6'},{'R2'},{'D4'},{'D7'},{'D1'},{'D2'},{'R1'},{'D5'},{'D3'},&,1.0,&
{'R3'},{'D6'},{'R2'},{'D4'},{'D1'},{'D7'},{'D2'},{'D5'},{'R1'},{'D3'},&,1.0,&
{'R3'},{'D6'},{'R2'},{'D4'},{'D2'},{'R1'},{'D7'},{'D1'},{'D3'},{'D5'},&,1.0,&
{'R3'},{'D6'},{'R2'},{'D3'},,,,,,,&,1.0,&
{'R3'},{'D6'},{'R2'},{'D3'},{'D1'},{'D7'},{'R1'},,,,&,1.0,&
{'R3'},{'D6'},{'D1'},,,,,,,,&,8.0,&
{'R3'},{'D6'},{'D1'},{'D2'},{'D7'},{'D4'},{'D3'},,,,&,1.0,&
{'R3'},{'D6'},{'D1'},{'D2'},{'D7'},{'R1'},,,,,&,1.0,&
{'R3'},{'D6'},{'D1'},{'D2'},{'D7'},{'R2'},{'D4'},{'D3'},{'R1'},{'D5'},&,1.0,&
{'R3'},{'D6'},{'D1'},{'D2'},{'R1'},{'D7'},,,,,&,1.0,&
{'R3'},{'D6'},{'D1'},{'R1'},,,,,,,&,2.0,&
{'R3'},{'D6'},{'D1'},{'R1'},{'R2'},,,,,,&,1.0,&
{'R3'},{'D6'},{'D1'},{'R2'},,,,,,,&,3.0,&
{'R3'},{'D6'},{'D1'},{'R2'},{'D7'},{'R1'},{'D2'},,,,&,1.0,&
{'R3'},{'D6'},{'D1'},{'R2'},{'D7'},{'R1'},{'D2'},{'D4'},{'D3'},,&,1.0,&
{'R3'},{'D6'},{'D1'},{'R2'},{'D7'},{'R1'},{'D4'},{'D2'},{'D3'},{'D5'},&,1.0,&
{'R3'},{'D6'},{'D1'},{'R2'},{'D7'},{'D2'},{'R1'},{'D3'},{'D5'},{'D4'},&,1.0,&
{'R3'},{'D6'},{'D1'},{'R2'},{'R1'},,,,,,&,1.0,&
{'R3'},{'D6'},{'D1'},{'R2'},{'R1'},{'D4'},{'D3'},,,,&,1.0,&
{'R3'},{'D6'},{'D1'},{'R2'},{'R1'},{'D4'},{'D7'},{'D2'},,,&,1.0,&
{'R3'},{'D6'},{'D1'},{'R2'},{'R1'},{'D2'},{'D4'},{'D7'},{'D5'},{'D3'},&,1.0,&
{'R3'},{'D6'},{'D1'},{'R2'},{'R1'},{'D2'},{'D4'},{'D7'},{'D3'},{'D5'},&,1.0,&
{'R3'},{'D6'},{'D1'},{'R2'},{'R1'},{'D7'},{'D2'},,,,&,1.0,&
{'R3'},{'D6'},{'D1'},{'R2'},{'R1'},{'D7'},{'D2'},{'D4'},,,&,1.0,&
{'R3'},{'D6'},{'D1'},{'R2'},{'D2'},,,,,,&,1.0,&
{'R3'},{'D6'},{'D1'},{'R2'},{'D2'},{'R1'},{'D7'},,,,&,1.0,&
{'R3'},{'D6'},{'D1'},{'R2'},{'D2'},{'D7'},{'D4'},{'D3'},{'R1'},,&,1.0,&
{'R3'},{'D6'},{'D1'},{'R2'},{'D2'},{'D7'},{'D4'},{'D3'},{'R1'},{'D5'},&,1.0,&
{'R3'},{'D6'},{'D1'},{'D7'},,,,,,,&,2.0,&
{'R3'},{'D6'},{'D1'},{'D7'},{'R1'},{'D3'},,,,,&,1.0,&
{'R3'},{'D6'},{'D1'},{'D7'},{'R1'},{'D2'},{'R2'},{'D4'},{'D3'},{'D5'},&,1.0,&
{'R3'},{'D6'},{'D1'},{'D7'},{'R2'},,,,,,&,1.0,&
{'R3'},{'D6'},{'D1'},{'D7'},{'R2'},{'R1'},,,,,&,1.0,&
{'R3'},{'D6'},{'D1'},{'D7'},{'R2'},{'D3'},{'D2'},,,,&,1.0,&
{'R3'},{'D6'},{'D1'},{'D7'},{'R2'},{'D2'},{'D4'},{'D3'},,,&,1.0,&
{'R3'},{'D6'},{'D1'},{'D7'},{'D4'},{'D2'},{'R2'},,,,&,2.0,&
{'R3'},{'D6'},{'D1'},{'D7'},{'D2'},,,,,,&,1.0,&
{'R3'},{'D6'},{'D1'},{'D7'},{'D2'},{'D4'},{'D3'},{'D5'},{'R2'},,&,1.0,&
{'R3'},{'D6'},{'D1'},{'D7'},{'D2'},{'D4'},{'D3'},{'D5'},{'R2'},{'R1'},&,1.0,&
{'R3'},{'D6'},{'D1'},{'D7'},{'D3'},{'D2'},{'D4'},,,,&,1.0,&
{'R3'},{'D6'},{'D1'},{'D4'},{'R2'},{'R1'},{'D2'},{'D7'},{'D3'},{'D5'},&,1.0,&
{'R3'},{'D6'},{'D1'},{'D4'},{'R2'},{'D2'},,,,,&,1.0,&
{'R3'},{'D6'},{'D1'},{'D4'},{'R2'},{'D2'},{'R1'},,,,&,1.0,&
{'R3'},{'D6'},{'D1'},{'D4'},{'D2'},{'D7'},,,,,&,2.0,&
{'R3'},{'D6'},{'D1'},{'D3'},{'R2'},,,,,,&,1.0,&
{'R3'},{'D6'},{'D1'},{'D3'},{'R2'},{'R1'},{'D2'},,,,&,1.0,&
{'R3'},{'D6'},{'D4'},,,,,,,,&,3.0,&
{'R3'},{'D6'},{'D4'},{'D2'},,,,,,,&,1.0,&
{'R3'},{'D6'},{'D4'},{'D2'},{'D7'},{'R2'},{'D3'},{'R1'},{'D1'},,&,1.0,&
{'R3'},{'D6'},{'D4'},{'D2'},{'R2'},{'R1'},,,,,&,1.0,&
{'R3'},{'D6'},{'D4'},{'D2'},{'R2'},{'D1'},{'R1'},{'D7'},{'D3'},{'D5'},&,1.0,&
{'R3'},{'D6'},{'D4'},{'D1'},{'R2'},{'R1'},{'D7'},{'D2'},{'D5'},,&,1.0,&
{'R3'},{'D6'},{'D4'},{'D1'},{'R2'},{'R1'},{'D2'},{'D3'},{'D7'},{'D5'},&,1.0,&
{'R3'},{'D6'},{'D4'},{'R2'},,,,,,,&,1.0,&
{'R3'},{'D6'},{'D4'},{'R2'},{'D7'},{'R1'},,,,,&,1.0,&
{'R3'},{'D6'},{'D4'},{'R2'},{'D7'},{'R1'},{'D2'},{'D1'},,,&,1.0,&
{'R3'},{'D6'},{'D4'},{'R2'},{'R1'},,,,,,&,1.0,&
{'R3'},{'D6'},{'D4'},{'R2'},{'R1'},{'D1'},,,,,&,1.0,&
{'R3'},{'D6'},{'D4'},{'D7'},,,,,,,&,1.0,&
{'R3'},{'D6'},{'D4'},{'D7'},{'R1'},{'R2'},,,,,&,1.0,&
{'R3'},{'D6'},{'D4'},{'D7'},{'R2'},{'R1'},{'D2'},{'D1'},{'D5'},,&,1.0,&
{'R3'},{'D6'},{'D4'},{'D7'},{'R2'},{'D2'},{'D1'},{'D5'},{'R1'},{'D3'},&,1.0,&
{'R3'},{'D6'},{'D4'},{'D7'},{'D2'},{'D1'},{'D3'},,,,&,1.0,&
{'R3'},{'D6'},,,,,,,,,&,23.0,&
{'R3'},{'D6'},{'D7'},,,,,,,,&,8.0,&
{'R3'},{'D6'},{'D7'},{'D2'},,,,,,,&,1.0,&
{'R3'},{'D6'},{'D7'},{'D2'},{'D1'},,,,,,&,1.0,&
{'R3'},{'D6'},{'D7'},{'D2'},{'D1'},{'D4'},{'R2'},{'D3'},,,&,1.0,&
{'R3'},{'D6'},{'D7'},{'D2'},{'D1'},{'D3'},{'D4'},{'R1'},{'D5'},{'R2'},&,1.0,&
{'R3'},{'D6'},{'D7'},{'D2'},{'D1'},{'R2'},,,,,&,1.0,&
{'R3'},{'D6'},{'D7'},{'D2'},{'R2'},{'R1'},,,,,&,1.0,&
{'R3'},{'D6'},{'D7'},{'D2'},{'R2'},{'D1'},{'D3'},{'D4'},{'D5'},{'R1'},&,1.0,&
{'R3'},{'D6'},{'D7'},{'D2'},{'D4'},{'D1'},{'D3'},{'R2'},{'R1'},{'D5'},&,1.0,&
{'R3'},{'D6'},{'D7'},{'D2'},{'D3'},{'R2'},{'R1'},{'D1'},{'D4'},{'D5'},&,1.0,&
{'R3'},{'D6'},{'D7'},{'D1'},{'R2'},,,,,,&,1.0,&
{'R3'},{'D6'},{'D7'},{'D1'},{'R2'},{'D4'},,,,,&,1.0,&
{'R3'},{'D6'},{'D7'},{'D1'},{'R2'},{'R1'},{'D2'},{'D3'},{'D4'},{'D5'},&,1.0,&
{'R3'},{'D6'},{'D7'},{'D1'},{'R2'},{'D2'},{'D4'},{'D3'},{'D5'},,&,1.0,&
{'R3'},{'D6'},{'D7'},{'D1'},{'D4'},{'D2'},,,,,&,1.0,&
{'R3'},{'D6'},{'D7'},{'D1'},{'D2'},{'R1'},,,,,&,1.0,&
{'R3'},{'D6'},{'D7'},{'D1'},{'D2'},{'R2'},{'R1'},{'D4'},,,&,2.0,&
{'R3'},{'D6'},{'D7'},{'R2'},,,,,,,&,3.0,&
{'R3'},{'D6'},{'D7'},{'R2'},{'R1'},{'D3'},{'D1'},{'D4'},{'D2'},{'D5'},&,1.0,&
{'R3'},{'D6'},{'D7'},{'R2'},{'R1'},{'D2'},,,,,&,1.0,&
{'R3'},{'D6'},{'D7'},{'R2'},{'D1'},,,,,,&,1.0,&
{'R3'},{'D6'},{'D7'},{'R2'},{'D1'},{'R1'},,,,,&,1.0,&
{'R3'},{'D6'},{'D7'},{'R2'},{'D4'},,,,,,&,1.0,&
{'R3'},{'D6'},{'D7'},{'R2'},{'D4'},{'R1'},{'D2'},,,,&,1.0,&
{'R3'},{'D6'},{'D7'},{'R2'},{'D2'},{'R1'},{'D1'},,,,&,1.0,&
{'R3'},{'D6'},{'D7'},{'R2'},{'D2'},{'D1'},{'D3'},{'R1'},,,&,1.0,&
{'R3'},{'D6'},{'D7'},{'R2'},{'D2'},{'D1'},{'R1'},{'D4'},,,&,1.0,&
{'R3'},{'D6'},{'D7'},{'R2'},{'D2'},{'D1'},{'R1'},{'D4'},{'D3'},,&,1.0,&
{'R3'},{'D6'},{'D7'},{'R2'},{'D3'},,,,,,&,1.0,&
{'R3'},{'D6'},{'D7'},{'R2'},{'D5'},{'D2'},,,,,&,1.0,&
{'R3'},{'D6'},{'D7'},{'D4'},{'R1'},{'D2'},{'R2'},,,,&,1.0,&
{'R3'},{'D6'},{'D7'},{'D4'},{'D2'},{'D1'},,,,,&,1.0,&
{'R3'},{'D6'},{'D7'},{'D4'},{'D2'},{'R2'},,,,,&,1.0,&
{'R3'},{'D6'},{'D7'},{'D3'},,,,,,,&,2.0,&
{'R3'},{'D6'},{'R1'},,,,,,,,&,5.0,&
{'R3'},{'D6'},{'R1'},{'D2'},{'D7'},,,,,,&,1.0,&
{'R3'},{'D6'},{'R1'},{'D2'},{'D7'},{'D1'},{'R2'},,,,&,1.0,&
{'R3'},{'D6'},{'R1'},{'D2'},{'D1'},{'D7'},,,,,&,1.0,&
{'R3'},{'D6'},{'R1'},{'D1'},{'D7'},,,,,,&,1.0,&
{'R3'},{'D6'},{'R1'},{'D1'},{'D2'},,,,,,&,1.0,&
{'R3'},{'D6'},{'R1'},{'R2'},,,,,,,&,1.0,&
{'R3'},{'D6'},{'R1'},{'R2'},{'D7'},{'D2'},{'D1'},,,,&,1.0,&
{'R3'},{'D6'},{'R1'},{'R2'},{'D1'},{'D3'},,,,,&,1.0,&
{'R3'},{'D6'},{'R1'},{'R2'},{'D1'},{'D7'},,,,,&,1.0,&
{'R3'},{'D6'},{'R1'},{'R2'},{'D4'},{'D2'},{'D7'},{'D1'},{'D3'},{'D5'},&,1.0,&
{'R3'},{'D6'},{'R1'},{'R2'},{'D4'},{'D2'},{'D1'},,,,&,1.0,&
{'R3'},{'D6'},{'R1'},{'R2'},{'D4'},{'D7'},{'D2'},{'D1'},{'D3'},{'D5'},&,1.0,&
{'R3'},{'D6'},{'R1'},{'R2'},{'D2'},,,,,,&,2.0,&
{'R3'},{'D6'},{'R1'},{'R2'},{'D2'},{'D1'},{'D7'},{'D5'},{'D4'},{'D3'},&,1.0,&
{'R3'},{'D6'},{'R1'},{'D7'},,,,,,,&,1.0,&
{'R3'},{'D6'},{'R1'},{'D7'},{'R2'},{'D3'},{'D1'},{'D5'},{'D2'},,&,1.0,&
{'R3'},{'D6'},{'R1'},{'D7'},{'D2'},{'D4'},{'D1'},{'D5'},,,&,1.0,&
{'R3'},{'D6'},{'R1'},{'D7'},{'D2'},{'R2'},{'D1'},,,,&,1.0,&
{'R3'},{'D6'},{'R1'},{'D4'},,,,,,,&,1.0,&
{'R3'},{'D6'},{'R1'},{'D3'},{'D7'},{'D2'},{'D1'},,,,&,1.0,&
{'R3'},{'D6'},{'D2'},,,,,,,,&,13.0,&
{'R3'},{'D6'},{'D2'},{'D1'},,,,,,,&,1.0,&
{'R3'},{'D6'},{'D2'},{'D1'},{'D7'},{'D4'},{'D3'},{'D5'},,,&,1.0,&
{'R3'},{'D6'},{'D2'},{'D1'},{'D7'},{'D4'},{'D3'},{'R2'},{'D5'},{'R1'},&,1.0,&
{'R3'},{'D6'},{'D2'},{'D1'},{'R2'},,,,,,&,1.0,&
{'R3'},{'D6'},{'D2'},{'D1'},{'R2'},{'D7'},{'D4'},,,,&,1.0,&
{'R3'},{'D6'},{'D2'},{'D1'},{'D4'},{'R2'},{'D3'},{'D7'},{'D5'},{'R1'},&,1.0,&
{'R3'},{'D6'},{'D2'},{'R1'},,,,,,,&,1.0,&
{'R3'},{'D6'},{'D2'},{'R1'},{'D7'},,,,,,&,1.0,&
{'R3'},{'D6'},{'D2'},{'R1'},{'D7'},{'R2'},{'D1'},{'D4'},,,&,1.0,&
{'R3'},{'D6'},{'D2'},{'R1'},{'D1'},{'D4'},{'R2'},,,,&,1.0,&
{'R3'},{'D6'},{'D2'},{'R1'},{'R2'},{'D7'},,,,,&,1.0,&
{'R3'},{'D6'},{'D2'},{'R2'},,,,,,,&,2.0,&
{'R3'},{'D6'},{'D2'},{'R2'},{'D7'},,,,,,&,2.0,&
{'R3'},{'D6'},{'D2'},{'R2'},{'D7'},{'R1'},{'D1'},{'D3'},,,&,1.0,&
{'R3'},{'D6'},{'D2'},{'R2'},{'D7'},{'D1'},{'D4'},{'D3'},,,&,1.0,&
{'R3'},{'D6'},{'D2'},{'R2'},{'R1'},,,,,,&,2.0,&
{'R3'},{'D6'},{'D2'},{'R2'},{'R1'},{'D4'},{'D7'},{'D1'},,,&,1.0,&
{'R3'},{'D6'},{'D2'},{'R2'},{'D1'},{'R1'},{'D7'},{'D4'},{'D3'},{'D5'},&,1.0,&
{'R3'},{'D6'},{'D2'},{'R2'},{'D1'},{'D7'},{'R1'},{'D3'},{'D5'},{'D4'},&,1.0,&
{'R3'},{'D6'},{'D2'},{'R2'},{'D4'},{'R1'},{'D3'},{'D1'},{'D7'},{'D5'},&,1.0,&
{'R3'},{'D6'},{'D2'},{'R2'},{'D4'},{'D1'},{'D7'},{'D3'},{'R1'},{'D5'},&,1.0,&
{'R3'},{'D6'},{'D2'},{'D7'},,,,,,,&,2.0,&
{'R3'},{'D6'},{'D2'},{'D7'},{'R1'},{'D1'},{'D4'},{'R2'},,,&,1.0,&
{'R3'},{'D6'},{'D2'},{'D7'},{'D1'},{'D4'},{'R2'},,,,&,1.0,&
{'R3'},{'D6'},{'D2'},{'D7'},{'D1'},{'R2'},{'R1'},{'D3'},{'D4'},,&,1.0,&
{'R3'},{'D6'},{'D2'},{'D7'},{'D1'},{'R2'},{'D4'},,,,&,1.0,&
{'R3'},{'D6'},{'D2'},{'D7'},{'R2'},,,,,,&,1.0,&
{'R3'},{'D6'},{'D2'},{'D7'},{'R2'},{'D4'},{'D1'},{'D5'},{'R1'},,&,1.0,&
{'R3'},{'D6'},{'D2'},{'D7'},{'R2'},{'D3'},{'D4'},{'D1'},{'D5'},{'R1'},&,1.0,&
{'R3'},{'D6'},{'D2'},{'D7'},{'D4'},{'R1'},{'D1'},{'R2'},,,&,1.0,&
{'R3'},{'D6'},{'D2'},{'D4'},{'D7'},{'D3'},{'D1'},{'R2'},{'D5'},{'R1'},&,1.0,&
{'R3'},{'D6'},{'D2'},{'D4'},{'D7'},{'D3'},{'R2'},{'R1'},,,&,1.0,&
{'R3'},{'D6'},{'D2'},{'D4'},{'D7'},{'D1'},{'D3'},{'D5'},{'R2'},{'R1'},&,1.0,&
{'R3'},{'D6'},{'D2'},{'D4'},{'D7'},{'R2'},{'R1'},{'D1'},{'D3'},,&,1.0,&
{'R3'},{'D6'},{'D2'},{'D4'},{'D1'},{'D7'},{'D5'},{'R2'},,,&,1.0,&
{'R3'},{'D6'},{'D2'},{'D4'},{'R2'},{'D1'},{'D7'},,,,&,1.0,&
{'R3'},{'D6'},{'D2'},{'D4'},{'R2'},{'D7'},{'D1'},{'D3'},,,&,1.0,&
{'R3'},{'D6'},{'D2'},{'D3'},,,,,,,&,1.0,&
{'R3'},{'D6'},{'D2'},{'D3'},{'D7'},{'R2'},,,,,&,1.0,&
{'R3'},{'D6'},{'D3'},,,,,,,,&,4.0,&
{'R3'},{'D6'},{'D3'},{'D2'},{'D7'},{'D1'},{'R2'},,,,&,1.0,&
{'R3'},{'D6'},{'D3'},{'R2'},{'R1'},,,,,,&,1.0,&
{'R3'},{'D6'},{'D3'},{'R2'},{'D1'},{'D7'},{'D2'},{'R1'},,,&,1.0,&
{'R3'},{'D6'},{'D3'},{'D7'},,,,,,,&,1.0,&
{'R3'},{'D6'},{'D3'},{'D7'},{'D5'},{'D1'},{'D2'},{'R2'},{'D4'},{'R1'},&,1.0,&
{'R3'},{'D6'},{'D5'},{'D4'},{'R2'},,,,,,&,1.0,&
{'D1'},{'D2'},{'R3'},,,,,,,,&,20.0,&
{'D1'},{'D2'},{'R3'},{'R1'},{'R2'},{'D4'},{'D7'},,,,&,1.0,&
{'D1'},{'D2'},{'R3'},{'R1'},{'R2'},{'D7'},{'D4'},{'D3'},{'D6'},{'D5'},&,1.0,&
{'D1'},{'D2'},{'R3'},{'R1'},{'R2'},{'D7'},{'D6'},,,,&,1.0,&
{'D1'},{'D2'},{'R3'},{'R1'},{'R2'},{'D7'},{'D6'},{'D4'},{'D5'},,&,1.0,&
{'D1'},{'D2'},{'R3'},{'R1'},{'D3'},,,,,,&,1.0,&
{'D1'},{'D2'},{'R3'},{'R2'},,,,,,,&,4.0,&
{'D1'},{'D2'},{'R3'},{'R2'},{'D7'},{'R1'},{'D4'},{'D6'},,,&,1.0,&
{'D1'},{'D2'},{'R3'},{'R2'},{'D7'},{'R1'},{'D6'},,,,&,1.0,&
{'D1'},{'D2'},{'R3'},{'R2'},{'D7'},{'D3'},,,,,&,1.0,&
{'D1'},{'D2'},{'R3'},{'R2'},{'D7'},{'D5'},,,,,&,1.0,&
{'D1'},{'D2'},{'R3'},{'R2'},{'D7'},{'D6'},{'R1'},{'D3'},{'D4'},,&,1.0,&
{'D1'},{'D2'},{'R3'},{'R2'},{'R1'},,,,,,&,3.0,&
{'D1'},{'D2'},{'R3'},{'R2'},{'R1'},{'D7'},,,,,&,4.0,&
{'D1'},{'D2'},{'R3'},{'R2'},{'R1'},{'D7'},{'D6'},{'D3'},{'D4'},,&,1.0,&
{'D1'},{'D2'},{'R3'},{'R2'},{'D4'},,,,,,&,2.0,&
{'D1'},{'D2'},{'R3'},{'R2'},{'D4'},{'R1'},{'D7'},,,,&,1.0,&
{'D1'},{'D2'},{'R3'},{'R2'},{'D4'},{'D7'},{'D5'},{'R1'},{'D6'},{'D3'},&,1.0,&
{'D1'},{'D2'},{'R3'},{'R2'},{'D4'},{'D6'},{'D7'},,,,&,1.0,&
{'D1'},{'D2'},{'R3'},{'R2'},{'D6'},{'D7'},{'R1'},,,,&,1.0,&
{'D1'},{'D2'},{'R3'},{'R2'},{'D3'},{'D7'},{'D5'},,,,&,1.0,&
{'D1'},{'D2'},{'R3'},{'D7'},,,,,,,&,6.0,&
{'D1'},{'D2'},{'R3'},{'D7'},{'R1'},{'D4'},{'R2'},,,,&,1.0,&
{'D1'},{'D2'},{'R3'},{'D7'},{'R1'},{'D4'},{'R2'},{'D3'},,,&,1.0,&
{'D1'},{'D2'},{'R3'},{'D7'},{'R1'},{'D3'},{'R2'},,,,&,1.0,&
{'D1'},{'D2'},{'R3'},{'D7'},{'R1'},{'D5'},{'D4'},,,,&,1.0,&
{'D1'},{'D2'},{'R3'},{'D7'},{'R1'},{'R2'},{'D4'},,,,&,1.0,&
{'D1'},{'D2'},{'R3'},{'D7'},{'R2'},,,,,,&,3.0,&
{'D1'},{'D2'},{'R3'},{'D7'},{'R2'},{'D4'},{'R1'},{'D5'},{'D3'},{'D6'},&,1.0,&
{'D1'},{'D2'},{'R3'},{'D7'},{'R2'},{'D4'},{'R1'},{'D6'},,,&,1.0,&
{'D1'},{'D2'},{'R3'},{'D7'},{'R2'},{'D4'},{'R1'},{'D3'},{'D6'},,&,1.0,&
{'D1'},{'D2'},{'R3'},{'D7'},{'R2'},{'D4'},{'D6'},{'D3'},{'D5'},{'R1'},&,1.0,&
{'D1'},{'D2'},{'R3'},{'D7'},{'R2'},{'R1'},{'D4'},,,,&,1.0,&
{'D1'},{'D2'},{'R3'},{'D7'},{'R2'},{'R1'},{'D4'},{'D5'},{'D3'},{'D6'},&,1.0,&
{'D1'},{'D2'},{'R3'},{'D7'},{'R2'},{'R1'},{'D4'},{'D6'},{'D3'},,&,1.0,&
{'D1'},{'D2'},{'R3'},{'D7'},{'R2'},{'R1'},{'D4'},{'D3'},,,&,1.0,&
{'D1'},{'D2'},{'R3'},{'D7'},{'R2'},{'D6'},{'D4'},{'D5'},{'R1'},{'D3'},&,1.0,&
{'D1'},{'D2'},{'R3'},{'D7'},{'R2'},{'D6'},{'D4'},{'D3'},{'D5'},{'R1'},&,1.0,&
{'D1'},{'D2'},{'R3'},{'D7'},{'R2'},{'D6'},{'D4'},{'R1'},{'D3'},{'D5'},&,1.0,&
{'D1'},{'D2'},{'R3'},{'D7'},{'D4'},,,,,,&,3.0,&
{'D1'},{'D2'},{'R3'},{'D7'},{'D4'},{'R1'},{'D3'},,,,&,1.0,&
{'D1'},{'D2'},{'R3'},{'D7'},{'D4'},{'D3'},{'D6'},{'D5'},{'R1'},,&,1.0,&
{'D1'},{'D2'},{'R3'},{'D7'},{'D4'},{'R2'},,,,,&,1.0,&
{'D1'},{'D2'},{'R3'},{'D7'},{'D4'},{'R2'},{'D6'},,,,&,1.0,&
{'D1'},{'D2'},{'R3'},{'D7'},{'D6'},{'D4'},{'D5'},,,,&,1.0,&
{'D1'},{'D2'},{'R3'},{'D7'},{'D6'},{'D3'},,,,,&,2.0,&
{'D1'},{'D2'},{'R3'},{'D7'},{'D6'},{'R2'},{'R1'},{'D4'},,,&,1.0,&
{'D1'},{'D2'},{'R3'},{'D7'},{'D3'},,,,,,&,1.0,&
{'D1'},{'D2'},{'R3'},{'D7'},{'D3'},{'R2'},,,,,&,1.0,&
{'D1'},{'D2'},{'R3'},{'D7'},{'D5'},{'D4'},{'R2'},{'D3'},{'D6'},,&,1.0,&
{'D1'},{'D2'},{'R3'},{'D4'},,,,,,,&,1.0,&
{'D1'},{'D2'},{'R3'},{'D4'},{'R1'},{'D7'},{'D6'},{'D3'},{'D5'},,&,1.0,&
{'D1'},{'D2'},{'R3'},{'D4'},{'R2'},,,,,,&,3.0,&
{'D1'},{'D2'},{'R3'},{'D4'},{'R2'},{'R1'},,,,,&,1.0,&
{'D1'},{'D2'},{'R3'},{'D4'},{'R2'},{'D7'},{'D3'},{'D6'},{'R1'},{'D5'},&,1.0,&
{'D1'},{'D2'},{'R3'},{'D4'},{'R2'},{'D7'},{'R1'},{'D3'},,,&,1.0,&
{'D1'},{'D2'},{'R3'},{'D4'},{'R2'},{'D7'},{'D5'},{'D3'},{'D6'},{'R1'},&,1.0,&
{'D1'},{'D2'},{'R3'},{'D4'},{'D3'},{'D7'},{'R1'},{'R2'},{'D6'},{'D5'},&,1.0,&
{'D1'},{'D2'},{'R3'},{'D3'},{'D7'},{'R2'},,,,,&,1.0,&
{'D1'},{'D2'},{'R3'},{'D3'},{'R2'},{'R1'},{'D4'},,,,&,1.0,&
{'D1'},{'D2'},{'R3'},{'D3'},{'R2'},{'D7'},{'D6'},{'D4'},{'D5'},{'R1'},&,1.0,&
{'D1'},{'D2'},{'R3'},{'D3'},{'R2'},{'D6'},,,,,&,1.0,&
{'D1'},{'D2'},{'R3'},{'D6'},,,,,,,&,2.0,&
{'D1'},{'D2'},{'R3'},{'D6'},{'D7'},{'D4'},{'R2'},{'D5'},{'R1'},{'D3'},&,1.0,&
{'D1'},{'D2'},{'R2'},,,,,,,,&,14.0,&
{'D1'},{'D2'},{'R2'},{'R3'},,,,,,,&,4.0,&
{'D1'},{'D2'},{'R2'},{'R3'},{'D7'},,,,,,&,1.0,&
{'D1'},{'D2'},{'R2'},{'R3'},{'D7'},{'D4'},,,,,&,1.0,&
{'D1'},{'D2'},{'R2'},{'R3'},{'D7'},{'D4'},{'D3'},{'D6'},{'D5'},{'R1'},&,1.0,&
{'D1'},{'D2'},{'R2'},{'R3'},{'D7'},{'D4'},{'R1'},,,,&,1.0,&
{'D1'},{'D2'},{'R2'},{'R3'},{'D7'},{'R1'},{'D4'},,,,&,1.0,&
{'D1'},{'D2'},{'R2'},{'R3'},{'D7'},{'R1'},{'D6'},{'D4'},{'D5'},,&,1.0,&
{'D1'},{'D2'},{'R2'},{'R3'},{'D7'},{'D3'},{'R1'},{'D4'},{'D6'},,&,1.0,&
{'D1'},{'D2'},{'R2'},{'R3'},{'D7'},{'D6'},{'D4'},{'R1'},,,&,1.0,&
{'D1'},{'D2'},{'R2'},{'R3'},{'R1'},,,,,,&,4.0,&
{'D1'},{'D2'},{'R2'},{'R3'},{'R1'},{'D4'},{'D7'},{'D6'},{'D3'},{'D5'},&,1.0,&
{'D1'},{'D2'},{'R2'},{'R3'},{'R1'},{'D7'},,,,,&,1.0,&
{'D1'},{'D2'},{'R2'},{'R3'},{'R1'},{'D7'},{'D4'},,,,&,1.0,&
{'D1'},{'D2'},{'R2'},{'R3'},{'R1'},{'D7'},{'D6'},{'D4'},{'D3'},{'D5'},&,1.0,&
{'D1'},{'D2'},{'R2'},{'R3'},{'D4'},{'R1'},,,,,&,2.0,&
{'D1'},{'D2'},{'R2'},{'R3'},{'D4'},{'D7'},{'R1'},{'D3'},{'D6'},,&,1.0,&
{'D1'},{'D2'},{'R2'},{'R3'},{'D6'},,,,,,&,1.0,&
{'D1'},{'D2'},{'R2'},{'R1'},{'R3'},,,,,,&,1.0,&
{'D1'},{'D2'},{'R2'},{'D7'},,,,,,,&,4.0,&
{'D1'},{'D2'},{'R2'},{'D7'},{'R1'},,,,,,&,1.0,&
{'D1'},{'D2'},{'R2'},{'D7'},{'R3'},,,,,,&,4.0,&
{'D1'},{'D2'},{'R2'},{'D7'},{'R3'},{'D4'},,,,,&,2.0,&
{'D1'},{'D2'},{'R2'},{'D7'},{'R3'},{'D4'},{'R1'},,,,&,1.0,&
{'D1'},{'D2'},{'R2'},{'D7'},{'R3'},{'R1'},{'D6'},,,,&,1.0,&
{'D1'},{'D2'},{'R2'},{'D7'},{'R3'},{'D3'},{'D4'},{'D6'},,,&,1.0,&
{'D1'},{'D2'},{'R2'},{'D7'},{'R3'},{'D5'},{'R1'},{'D4'},,,&,1.0,&
{'D1'},{'D2'},{'R2'},{'D7'},{'R3'},{'D6'},{'R1'},,,,&,1.0,&
{'D1'},{'D2'},{'R2'},{'D7'},{'D4'},{'R3'},,,,,&,1.0,&
{'D1'},{'D2'},{'R2'},{'D7'},{'D4'},{'R3'},{'D3'},,,,&,1.0,&
{'D1'},{'D2'},{'R2'},{'D7'},{'D4'},{'R3'},{'D3'},{'D5'},{'D6'},{'R1'},&,1.0,&
{'D1'},{'D2'},{'R2'},{'D7'},{'D4'},{'D6'},{'D3'},{'D5'},{'R3'},,&,1.0,&
{'D1'},{'D2'},{'R2'},{'D7'},{'D6'},{'D4'},,,,,&,1.0,&
{'D1'},{'D2'},{'R2'},{'D7'},{'D3'},{'D4'},{'D5'},{'R3'},,,&,1.0,&
{'D1'},{'D2'},{'R2'},{'D7'},{'D3'},{'D4'},{'D6'},,,,&,1.0,&
{'D1'},{'D2'},{'R2'},{'D4'},,,,,,,&,1.0,&
{'D1'},{'D2'},{'R2'},{'D4'},{'R1'},{'D3'},{'D7'},{'D5'},{'D6'},{'R3'},&,1.0,&
{'D1'},{'D2'},{'R2'},{'D4'},{'R3'},{'D7'},{'D6'},{'R1'},{'D3'},,&,1.0,&
{'D1'},{'D2'},{'R2'},{'D4'},{'D3'},,,,,,&,1.0,&
{'D1'},{'D2'},{'R2'},{'D3'},{'R3'},{'D4'},,,,,&,1.0,&
{'D1'},{'D2'},{'R2'},{'D3'},{'R3'},{'D7'},{'D6'},{'R1'},{'D4'},{'D5'},&,1.0,&
{'D1'},{'D2'},{'R2'},{'D3'},{'D6'},{'R3'},{'D7'},{'D4'},{'R1'},,&,1.0,&
{'D1'},{'D2'},{'R2'},{'D6'},,,,,,,&,1.0,&
{'D1'},{'D2'},{'D4'},,,,,,,,&,9.0,&
{'D1'},{'D2'},{'D4'},{'R3'},,,,,,,&,3.0,&
{'D1'},{'D2'},{'D4'},{'R3'},{'D7'},,,,,,&,2.0,&
{'D1'},{'D2'},{'D4'},{'R3'},{'D7'},{'D3'},,,,,&,2.0,&
{'D1'},{'D2'},{'D4'},{'R3'},{'D7'},{'D3'},{'R1'},{'D6'},{'R2'},{'D5'},&,1.0,&
{'D1'},{'D2'},{'D4'},{'R3'},{'D7'},{'D6'},{'R1'},{'R2'},{'D3'},{'D5'},&,1.0,&
{'D1'},{'D2'},{'D4'},{'R3'},{'R2'},,,,,,&,1.0,&
{'D1'},{'D2'},{'D4'},{'R3'},{'R2'},{'R1'},,,,,&,2.0,&
{'D1'},{'D2'},{'D4'},{'R3'},{'R2'},{'D3'},,,,,&,1.0,&
{'D1'},{'D2'},{'D4'},{'R3'},{'R2'},{'D3'},{'D7'},{'R1'},{'D6'},,&,1.0,&
{'D1'},{'D2'},{'D4'},{'R3'},{'R2'},{'D7'},{'R1'},{'D3'},,,&,1.0,&
{'D1'},{'D2'},{'D4'},{'R1'},{'D7'},,,,,,&,1.0,&
{'D1'},{'D2'},{'D4'},{'R1'},{'R3'},{'R2'},{'D3'},,,,&,1.0,&
{'D1'},{'D2'},{'D4'},{'R2'},,,,,,,&,1.0,&
{'D1'},{'D2'},{'D4'},{'R2'},{'D7'},,,,,,&,1.0,&
{'D1'},{'D2'},{'D4'},{'R2'},{'D7'},{'D3'},{'R1'},,,,&,1.0,&
{'D1'},{'D2'},{'D4'},{'R2'},{'R3'},,,,,,&,1.0,&
{'D1'},{'D2'},{'D4'},{'R2'},{'R3'},{'R1'},,,,,&,1.0,&
{'D1'},{'D2'},{'D4'},{'R2'},{'R3'},{'R1'},{'D7'},,,,&,1.0,&
{'D1'},{'D2'},{'D4'},{'R2'},{'D3'},{'R1'},{'R3'},,,,&,1.0,&
{'D1'},{'D2'},{'D4'},{'D7'},,,,,,,&,4.0,&
{'D1'},{'D2'},{'D4'},{'D7'},{'R3'},,,,,,&,1.0,&
{'D1'},{'D2'},{'D4'},{'D7'},{'R3'},{'R1'},{'D5'},{'R2'},{'D3'},{'D6'},&,1.0,&
{'D1'},{'D2'},{'D4'},{'D7'},{'R3'},{'R1'},{'R2'},{'D6'},{'D3'},{'D5'},&,1.0,&
{'D1'},{'D2'},{'D4'},{'D7'},{'R3'},{'D5'},{'R2'},,,,&,1.0,&
{'D1'},{'D2'},{'D4'},{'D7'},{'R3'},{'R2'},{'R1'},{'D6'},{'D5'},{'D3'},&,1.0,&
{'D1'},{'D2'},{'D4'},{'D7'},{'R2'},{'R3'},,,,,&,1.0,&
{'D1'},{'D2'},{'D4'},{'D7'},{'R2'},{'D6'},{'R1'},{'D3'},{'R3'},,&,1.0,&
{'D1'},{'D2'},{'D4'},{'D7'},{'D6'},,,,,,&,1.0,&
{'D1'},{'D2'},{'D4'},{'D7'},{'D6'},{'R2'},{'R3'},{'D3'},{'R1'},{'D5'},&,1.0,&
{'D1'},{'D2'},{'D4'},{'D7'},{'D6'},{'R3'},{'R2'},{'R1'},,,&,1.0,&
{'D1'},{'D2'},{'D4'},{'D7'},{'D3'},,,,,,&,1.0,&
{'D1'},{'D2'},{'D4'},{'D7'},{'D3'},{'D5'},{'R3'},{'R2'},{'R1'},{'D6'},&,1.0,&
{'D1'},{'D2'},{'D4'},{'D7'},{'D3'},{'R2'},{'D5'},{'R3'},,,&,1.0,&
{'D1'},{'D2'},{'D4'},{'D7'},{'D3'},{'R2'},{'R3'},,,,&,1.0,&
{'D1'},{'D2'},{'D4'},{'D7'},{'D3'},{'D6'},{'R3'},{'R2'},{'R1'},{'D5'},&,1.0,&
{'D1'},{'D2'},{'D4'},{'D7'},{'D5'},{'R1'},{'R3'},{'D3'},{'D6'},{'R2'},&,1.0,&
{'D1'},{'D2'},{'D4'},{'D7'},{'D5'},{'R3'},{'R2'},{'R1'},{'D3'},{'D6'},&,1.0,&
{'D1'},{'D2'},{'D4'},{'D7'},{'D5'},{'D6'},,,,,&,1.0,&
{'D1'},{'D2'},{'D4'},{'D3'},,,,,,,&,1.0,&
{'D1'},{'D2'},{'D4'},{'D3'},{'D7'},,,,,,&,1.0,&
{'D1'},{'D2'},{'D4'},{'D3'},{'D7'},{'D6'},{'R2'},,,,&,1.0,&
{'D1'},{'D2'},{'D4'},{'D3'},{'D5'},{'D7'},,,,,&,1.0,&
{'D1'},{'D2'},{'D4'},{'D6'},,,,,,,&,1.0,&
{'D1'},{'D2'},{'D4'},{'D6'},{'D7'},{'D3'},{'R3'},{'D5'},,,&,1.0,&
{'D1'},{'D2'},{'D4'},{'D5'},,,,,,,&,1.0,&
{'D1'},{'D2'},,,,,,,,,&,53.0,&
{'D1'},{'D2'},{'D7'},,,,,,,,&,28.0,&
{'D1'},{'D2'},{'D7'},{'R3'},,,,,,,&,10.0,&
{'D1'},{'D2'},{'D7'},{'R3'},{'R1'},{'D4'},{'R2'},{'D3'},{'D6'},,&,1.0,&
{'D1'},{'D2'},{'D7'},{'R3'},{'R1'},{'D4'},{'D6'},{'D3'},{'D5'},,&,1.0,&
{'D1'},{'D2'},{'D7'},{'R3'},{'R1'},{'D3'},{'R2'},{'D6'},{'D4'},{'D5'},&,1.0,&
{'D1'},{'D2'},{'D7'},{'R3'},{'R1'},{'R2'},{'D4'},{'D6'},{'D3'},{'D5'},&,1.0,&
{'D1'},{'D2'},{'D7'},{'R3'},{'R1'},{'R2'},{'D4'},{'D3'},{'D6'},{'D5'},&,1.0,&
{'D1'},{'D2'},{'D7'},{'R3'},{'R2'},,,,,,&,1.0,&
{'D1'},{'D2'},{'D7'},{'R3'},{'R2'},{'D4'},{'R1'},,,,&,1.0,&
{'D1'},{'D2'},{'D7'},{'R3'},{'R2'},{'D4'},{'R1'},{'D6'},,,&,1.0,&
{'D1'},{'D2'},{'D7'},{'R3'},{'R2'},{'R1'},,,,,&,1.0,&
{'D1'},{'D2'},{'D7'},{'R3'},{'R2'},{'R1'},{'D5'},{'D4'},,,&,1.0,&
{'D1'},{'D2'},{'D7'},{'R3'},{'R2'},{'R1'},{'D4'},,,,&,2.0,&
{'D1'},{'D2'},{'D7'},{'R3'},{'R2'},{'R1'},{'D4'},{'D5'},,,&,1.0,&
{'D1'},{'D2'},{'D7'},{'R3'},{'R2'},{'R1'},{'D4'},{'D6'},,,&,1.0,&
{'D1'},{'D2'},{'D7'},{'R3'},{'R2'},{'R1'},{'D4'},{'D3'},{'D5'},,&,1.0,&
{'D1'},{'D2'},{'D7'},{'R3'},{'R2'},{'R1'},{'D4'},{'D3'},{'D5'},{'D6'},&,1.0,&
{'D1'},{'D2'},{'D7'},{'R3'},{'R2'},{'D3'},{'R1'},{'D4'},{'D6'},{'D5'},&,1.0,&
{'D1'},{'D2'},{'D7'},{'R3'},{'R2'},{'D5'},{'D4'},{'D6'},{'D3'},{'R1'},&,1.0,&
{'D1'},{'D2'},{'D7'},{'R3'},{'R2'},{'D6'},,,,,&,1.0,&
{'D1'},{'D2'},{'D7'},{'R3'},{'R2'},{'D6'},{'R1'},,,,&,1.0,&
{'D1'},{'D2'},{'D7'},{'R3'},{'D4'},,,,,,&,2.0,&
{'D1'},{'D2'},{'D7'},{'R3'},{'D4'},{'R1'},{'R2'},{'D6'},,,&,1.0,&
{'D1'},{'D2'},{'D7'},{'R3'},{'D4'},{'D3'},{'D6'},{'R1'},{'R2'},,&,1.0,&
{'D1'},{'D2'},{'D7'},{'R3'},{'D4'},{'D5'},{'D3'},{'R2'},,,&,1.0,&
{'D1'},{'D2'},{'D7'},{'R3'},{'D4'},{'R2'},,,,,&,2.0,&
{'D1'},{'D2'},{'D7'},{'R3'},{'D4'},{'R2'},{'D3'},,,,&,1.0,&
{'D1'},{'D2'},{'D7'},{'R3'},{'D4'},{'R2'},{'R1'},{'D3'},,,&,1.0,&
{'D1'},{'D2'},{'D7'},{'R3'},{'D4'},{'R2'},{'D6'},{'R1'},,,&,1.0,&
{'D1'},{'D2'},{'D7'},{'R3'},{'D4'},{'D6'},{'D3'},{'D5'},{'R2'},{'R1'},&,1.0,&
{'D1'},{'D2'},{'D7'},{'R3'},{'D4'},{'D6'},{'D5'},{'R2'},{'D3'},{'R1'},&,1.0,&
{'D1'},{'D2'},{'D7'},{'R3'},{'D6'},{'D4'},{'D3'},{'D5'},{'R1'},{'R2'},&,1.0,&
{'D1'},{'D2'},{'D7'},{'R3'},{'D6'},{'D4'},{'D3'},{'R2'},{'D5'},,&,1.0,&
{'D1'},{'D2'},{'D7'},{'R3'},{'D6'},{'D4'},{'R2'},{'D3'},,,&,1.0,&
{'D1'},{'D2'},{'D7'},{'R3'},{'D6'},{'D3'},{'D5'},,,,&,1.0,&
{'D1'},{'D2'},{'D7'},{'R3'},{'D3'},,,,,,&,1.0,&
{'D1'},{'D2'},{'D7'},{'R3'},{'D3'},{'D4'},,,,,&,1.0,&
{'D1'},{'D2'},{'D7'},{'R3'},{'D3'},{'D4'},{'R2'},{'R1'},,,&,1.0,&
{'D1'},{'D2'},{'D7'},{'R3'},{'D3'},{'D4'},{'D6'},{'D5'},,,&,1.0,&
{'D1'},{'D2'},{'D7'},{'R3'},{'D3'},{'R2'},{'R1'},{'D4'},{'D6'},,&,1.0,&
{'D1'},{'D2'},{'D7'},{'R3'},{'D3'},{'R2'},{'D4'},{'D6'},{'R1'},,&,1.0,&
{'D1'},{'D2'},{'D7'},{'R1'},,,,,,,&,3.0,&
{'D1'},{'D2'},{'D7'},{'R1'},{'R3'},,,,,,&,1.0,&
{'D1'},{'D2'},{'D7'},{'R1'},{'R2'},{'D4'},{'R3'},{'D6'},,,&,1.0,&
{'D1'},{'D2'},{'D7'},{'R1'},{'D4'},{'D6'},,,,,&,2.0,&
{'D1'},{'D2'},{'D7'},{'R1'},{'D4'},{'D6'},{'D3'},,,,&,1.0,&
{'D1'},{'D2'},{'D7'},{'R1'},{'D6'},{'R3'},{'D4'},{'D3'},,,&,1.0,&
{'D1'},{'D2'},{'D7'},{'R1'},{'D3'},{'R3'},{'D4'},{'D6'},{'D5'},,&,1.0,&
{'D1'},{'D2'},{'D7'},{'R1'},{'D5'},,,,,,&,1.0,&
{'D1'},{'D2'},{'D7'},{'R1'},{'D5'},{'R3'},{'D6'},{'D4'},{'R2'},,&,1.0,&
{'D1'},{'D2'},{'D7'},{'R2'},,,,,,,&,6.0,&
{'D1'},{'D2'},{'D7'},{'R2'},{'R1'},{'R3'},,,,,&,1.0,&
{'D1'},{'D2'},{'D7'},{'R2'},{'R3'},,,,,,&,3.0,&
{'D1'},{'D2'},{'D7'},{'R2'},{'R3'},{'D4'},{'R1'},{'D5'},,,&,1.0,&
{'D1'},{'D2'},{'D7'},{'R2'},{'R3'},{'D4'},{'D5'},,,,&,1.0,&
{'D1'},{'D2'},{'D7'},{'R2'},{'R3'},{'R1'},,,,,&,1.0,&
{'D1'},{'D2'},{'D7'},{'R2'},{'R3'},{'D6'},{'R1'},{'D3'},{'D4'},,&,1.0,&
{'D1'},{'D2'},{'D7'},{'R2'},{'D4'},,,,,,&,3.0,&
{'D1'},{'D2'},{'D7'},{'R2'},{'D4'},{'D3'},{'D5'},,,,&,1.0,&
{'D1'},{'D2'},{'D7'},{'R2'},{'D4'},{'D5'},{'D6'},{'D3'},{'R1'},{'R3'},&,1.0,&
{'D1'},{'D2'},{'D7'},{'R2'},{'D4'},{'R3'},{'D3'},{'R1'},,,&,1.0,&
{'D1'},{'D2'},{'D7'},{'R2'},{'D6'},{'R3'},{'R1'},,,,&,1.0,&
{'D1'},{'D2'},{'D7'},{'R2'},{'D3'},{'D4'},,,,,&,1.0,&
{'D1'},{'D2'},{'D7'},{'R2'},{'D3'},{'R3'},{'R1'},{'D5'},,,&,1.0,&
{'D1'},{'D2'},{'D7'},{'R2'},{'D5'},{'D4'},{'R3'},,,,&,1.0,&
{'D1'},{'D2'},{'D7'},{'D4'},,,,,,,&,8.0,&
{'D1'},{'D2'},{'D7'},{'D4'},{'R3'},,,,,,&,4.0,&
{'D1'},{'D2'},{'D7'},{'D4'},{'R3'},{'D3'},{'R1'},{'D6'},{'D5'},{'R2'},&,1.0,&
{'D1'},{'D2'},{'D7'},{'D4'},{'R3'},{'D5'},{'R1'},{'D6'},{'R2'},,&,1.0,&
{'D1'},{'D2'},{'D7'},{'D4'},{'R3'},{'R2'},{'R1'},,,,&,1.0,&
{'D1'},{'D2'},{'D7'},{'D4'},{'R3'},{'R2'},{'R1'},{'D6'},,,&,1.0,&
{'D1'},{'D2'},{'D7'},{'D4'},{'R3'},{'R2'},{'D6'},{'R1'},{'D3'},{'D5'},&,1.0,&
{'D1'},{'D2'},{'D7'},{'D4'},{'R3'},{'D6'},,,,,&,1.0,&
{'D1'},{'D2'},{'D7'},{'D4'},{'R3'},{'D6'},{'D3'},,,,&,1.0,&
{'D1'},{'D2'},{'D7'},{'D4'},{'R3'},{'D6'},{'D3'},{'D5'},{'R2'},,&,1.0,&
{'D1'},{'D2'},{'D7'},{'D4'},{'R2'},{'R3'},{'D3'},{'R1'},{'D6'},{'D5'},&,1.0,&
{'D1'},{'D2'},{'D7'},{'D4'},{'R2'},{'D6'},{'R3'},{'D3'},{'R1'},{'D5'},&,1.0,&
{'D1'},{'D2'},{'D7'},{'D4'},{'D6'},,,,,,&,1.0,&
{'D1'},{'D2'},{'D7'},{'D4'},{'D6'},{'D3'},,,,,&,2.0,&
{'D1'},{'D2'},{'D7'},{'D4'},{'D6'},{'D3'},{'R3'},,,,&,1.0,&
{'D1'},{'D2'},{'D7'},{'D4'},{'D3'},,,,,,&,1.0,&
{'D1'},{'D2'},{'D7'},{'D4'},{'D3'},{'R2'},{'R3'},{'D5'},{'R1'},{'D6'},&,1.0,&
{'D1'},{'D2'},{'D7'},{'D4'},{'D3'},{'R3'},,,,,&,1.0,&
{'D1'},{'D2'},{'D7'},{'D4'},{'D3'},{'R3'},{'D5'},{'D6'},{'R2'},{'R1'},&,1.0,&
{'D1'},{'D2'},{'D7'},{'D4'},{'D3'},{'R3'},{'R2'},,,,&,1.0,&
{'D1'},{'D2'},{'D7'},{'D4'},{'D3'},{'R3'},{'D6'},{'R2'},{'D5'},{'R1'},&,1.0,&
{'D1'},{'D2'},{'D7'},{'D4'},{'D3'},{'D6'},,,,,&,1.0,&
{'D1'},{'D2'},{'D7'},{'D4'},{'D3'},{'D6'},{'D5'},{'R2'},{'R3'},,&,1.0,&
{'D1'},{'D2'},{'D7'},{'D3'},,,,,,,&,2.0,&
{'D1'},{'D2'},{'D7'},{'D3'},{'R1'},{'R2'},{'D4'},{'D6'},{'D5'},,&,1.0,&
{'D1'},{'D2'},{'D7'},{'D3'},{'R3'},,,,,,&,1.0,&
{'D1'},{'D2'},{'D7'},{'D3'},{'R3'},{'R2'},{'R1'},{'D6'},{'D4'},,&,1.0,&
{'D1'},{'D2'},{'D7'},{'D3'},{'R3'},{'R2'},{'D4'},{'R1'},,,&,1.0,&
{'D1'},{'D2'},{'D7'},{'D3'},{'R3'},{'R2'},{'D4'},{'R1'},{'D5'},,&,1.0,&
{'D1'},{'D2'},{'D7'},{'D3'},{'R2'},{'R3'},{'D4'},{'D6'},{'D5'},,&,1.0,&
{'D1'},{'D2'},{'D7'},{'D3'},{'R2'},{'D6'},{'R3'},,,,&,1.0,&
{'D1'},{'D2'},{'D7'},{'D3'},{'D4'},,,,,,&,2.0,&
{'D1'},{'D2'},{'D7'},{'D3'},{'D4'},{'R2'},{'R3'},{'R1'},{'D6'},{'D5'},&,1.0,&
{'D1'},{'D2'},{'D7'},{'D3'},{'D4'},{'R3'},{'D6'},,,,&,1.0,&
{'D1'},{'D2'},{'D7'},{'D3'},{'D4'},{'R3'},{'D6'},{'D5'},{'R2'},,&,1.0,&
{'D1'},{'D2'},{'D7'},{'D3'},{'D6'},,,,,,&,1.0,&
{'D1'},{'D2'},{'D7'},{'D3'},{'D6'},{'D4'},,,,,&,1.0,&
{'D1'},{'D2'},{'D7'},{'D3'},{'D6'},{'R2'},{'D4'},{'R3'},{'R1'},{'D5'},&,1.0,&
{'D1'},{'D2'},{'D7'},{'D6'},,,,,,,&,3.0,&
{'D1'},{'D2'},{'D7'},{'D6'},{'R3'},{'D4'},{'R1'},{'R2'},{'D3'},{'D5'},&,1.0,&
{'D1'},{'D2'},{'D7'},{'D6'},{'R3'},{'D4'},{'D5'},{'D3'},{'R2'},{'R1'},&,1.0,&
{'D1'},{'D2'},{'D7'},{'D6'},{'R3'},{'D3'},{'R2'},{'R1'},{'D4'},{'D5'},&,1.0,&
{'D1'},{'D2'},{'D7'},{'D6'},{'R2'},,,,,,&,2.0,&
{'D1'},{'D2'},{'D7'},{'D6'},{'D4'},{'R2'},{'R1'},{'R3'},,,&,1.0,&
{'D1'},{'D2'},{'D7'},{'D6'},{'D4'},{'R3'},,,,,&,1.0,&
{'D1'},{'D2'},{'D7'},{'D6'},{'D3'},{'D4'},{'D5'},{'R2'},{'R3'},,&,1.0,&
{'D1'},{'D2'},{'D7'},{'D6'},{'D3'},{'R3'},{'D4'},{'R2'},{'R1'},,&,1.0,&
{'D1'},{'D2'},{'D7'},{'D5'},{'R3'},{'R1'},{'R2'},,,,&,1.0,&
{'D1'},{'D2'},{'D7'},{'D5'},{'R2'},{'R3'},{'R1'},,,,&,1.0,&
{'D1'},{'D2'},{'D7'},{'D5'},{'D6'},{'D3'},{'D4'},{'R3'},{'R1'},{'R2'},&,1.0,&
{'D1'},{'D2'},{'D7'},{'D5'},{'D3'},{'D6'},{'R3'},{'R2'},{'R1'},,&,1.0,&
{'D1'},{'D2'},{'R1'},,,,,,,,&,6.0,&
{'D1'},{'D2'},{'R1'},{'R2'},{'D3'},{'D7'},{'R3'},{'D4'},{'D6'},,&,1.0,&
{'D1'},{'D2'},{'R1'},{'D7'},,,,,,,&,2.0,&
{'D1'},{'D2'},{'R1'},{'D7'},{'R3'},{'D4'},{'R2'},{'D6'},,,&,1.0,&
{'D1'},{'D2'},{'R1'},{'D7'},{'R2'},{'D3'},,,,,&,1.0,&
{'D1'},{'D2'},{'R1'},{'D7'},{'D4'},,,,,,&,1.0,&
{'D1'},{'D2'},{'R1'},{'D7'},{'D4'},{'D3'},,,,,&,1.0,&
{'D1'},{'D2'},{'R1'},{'D7'},{'D3'},{'R2'},{'R3'},{'D5'},{'D4'},{'D6'},&,1.0,&
{'D1'},{'D2'},{'R1'},{'D4'},{'D7'},{'D3'},,,,,&,1.0,&
{'D1'},{'D2'},{'R1'},{'D4'},{'D6'},{'R3'},,,,,&,1.0,&
{'D1'},{'D2'},{'R1'},{'D3'},{'D4'},,,,,,&,1.0,&
{'D1'},{'D2'},{'R1'},{'D6'},{'R3'},{'D4'},{'R2'},{'D7'},,,&,1.0,&
{'D1'},{'D2'},{'D3'},,,,,,,,&,4.0,&
{'D1'},{'D2'},{'D3'},{'R3'},{'D7'},{'D4'},{'D6'},{'D5'},{'R2'},,&,1.0,&
{'D1'},{'D2'},{'D3'},{'R3'},{'R1'},{'D7'},,,,,&,1.0,&
{'D1'},{'D2'},{'D3'},{'R3'},{'R1'},{'D7'},{'R2'},{'D4'},,,&,1.0,&
{'D1'},{'D2'},{'D3'},{'R3'},{'D6'},,,,,,&,1.0,&
{'D1'},{'D2'},{'D3'},{'R2'},,,,,,,&,1.0,&
{'D1'},{'D2'},{'D3'},{'R2'},{'D7'},{'R3'},{'D4'},{'D5'},{'R1'},{'D6'},&,1.0,&
{'D1'},{'D2'},{'D3'},{'R2'},{'R1'},{'R3'},,,,,&,1.0,&
{'D1'},{'D2'},{'D3'},{'R2'},{'D4'},,,,,,&,1.0,&
{'D1'},{'D2'},{'D3'},{'R2'},{'D4'},{'R3'},{'D7'},,,,&,1.0,&
{'D1'},{'D2'},{'D3'},{'D7'},{'R2'},,,,,,&,1.0,&
{'D1'},{'D2'},{'D3'},{'D7'},{'R2'},{'R3'},{'D6'},{'D4'},{'R1'},,&,1.0,&
{'D1'},{'D2'},{'D3'},{'D7'},{'D4'},,,,,,&,1.0,&
{'D1'},{'D2'},{'D3'},{'D7'},{'D4'},{'D6'},{'R1'},,,,&,1.0,&
{'D1'},{'D2'},{'D3'},{'D4'},{'D7'},{'R3'},{'D6'},{'R2'},{'R1'},{'D5'},&,1.0,&
{'D1'},{'D2'},{'D3'},{'D4'},{'R2'},{'D7'},{'D6'},{'D5'},{'R3'},{'R1'},&,1.0,&
{'D1'},{'D2'},{'D3'},{'D4'},{'D6'},{'R3'},{'R2'},{'D7'},{'R1'},{'D5'},&,1.0,&
{'D1'},{'D2'},{'D3'},{'D6'},{'R3'},{'D7'},{'R2'},{'D4'},{'D5'},{'R1'},&,1.0,&
{'D1'},{'D2'},{'D6'},,,,,,,,&,2.0,&
{'D1'},{'D2'},{'D6'},{'R3'},,,,,,,&,1.0,&
{'D1'},{'D2'},{'D6'},{'R3'},{'D7'},{'D4'},{'D3'},{'R1'},{'D5'},{'R2'},&,1.0,&
{'D1'},{'D2'},{'D6'},{'R3'},{'D7'},{'D3'},,,,,&,1.0,&
{'D1'},{'D2'},{'D6'},{'R1'},{'D7'},{'D4'},{'R3'},{'D3'},,,&,1.0,&
{'D1'},{'D2'},{'D6'},{'R2'},{'D7'},{'R3'},{'D4'},,,,&,1.0,&
{'D1'},{'D2'},{'D6'},{'R2'},{'R3'},,,,,,&,1.0,&
{'D1'},{'D2'},{'D6'},{'D7'},,,,,,,&,1.0,&
{'D1'},{'D2'},{'D6'},{'D7'},{'R3'},,,,,,&,2.0,&
{'D1'},{'D2'},{'D6'},{'D7'},{'R3'},{'D3'},{'D4'},{'R2'},{'R1'},,&,1.0,&
{'D1'},{'D2'},{'D6'},{'D7'},{'R3'},{'R2'},{'D3'},{'R1'},,,&,1.0,&
{'D1'},{'D2'},{'D6'},{'D7'},{'D3'},{'D4'},,,,,&,1.0,&
{'D1'},{'D2'},{'D6'},{'D4'},{'D7'},{'D3'},{'D5'},{'R3'},,,&,1.0,&
{'D1'},{'D2'},{'D6'},{'D3'},{'R3'},,,,,,&,1.0,&
{'D1'},{'D2'},{'D6'},{'D3'},{'R3'},{'R2'},,,,,&,1.0,&
{'D1'},{'D2'},{'D6'},{'D3'},{'R2'},{'D7'},{'D4'},{'D5'},,,&,1.0,&
{'D1'},{'D2'},{'D5'},{'R3'},{'D7'},{'D4'},{'R2'},{'R1'},,,&,1.0,&
{'D1'},{'D2'},{'D5'},{'R2'},{'R3'},{'R1'},{'D6'},,,,&,1.0,&
{'D1'},{'R2'},{'R3'},,,,,,,,&,12.0,&
{'D1'},{'R2'},{'R3'},{'D2'},,,,,,,&,2.0,&
{'D1'},{'R2'},{'R3'},{'D2'},{'D7'},,,,,,&,3.0,&
{'D1'},{'R2'},{'R3'},{'D2'},{'D7'},{'D4'},{'D3'},{'R1'},,,&,2.0,&
{'D1'},{'R2'},{'R3'},{'D2'},{'D7'},{'D4'},{'D6'},{'D3'},{'D5'},,&,1.0,&
{'D1'},{'R2'},{'R3'},{'D2'},{'R1'},,,,,,&,2.0,&
{'D1'},{'R2'},{'R3'},{'D2'},{'R1'},{'D4'},{'D6'},,,,&,1.0,&
{'D1'},{'R2'},{'R3'},{'D2'},{'R1'},{'D3'},{'D7'},{'D4'},{'D6'},{'D5'},&,1.0,&
{'D1'},{'R2'},{'R3'},{'D2'},{'R1'},{'D7'},{'D4'},,,,&,1.0,&
{'D1'},{'R2'},{'R3'},{'D2'},{'R1'},{'D7'},{'D4'},{'D6'},,,&,1.0,&
{'D1'},{'R2'},{'R3'},{'D2'},{'D4'},{'R1'},,,,,&,1.0,&
{'D1'},{'R2'},{'R3'},{'D2'},{'D4'},{'D5'},,,,,&,1.0,&
{'D1'},{'R2'},{'R3'},{'D2'},{'D6'},,,,,,&,1.0,&
{'D1'},{'R2'},{'R3'},{'D2'},{'D3'},,,,,,&,1.0,&
{'D1'},{'R2'},{'R3'},{'D2'},{'D3'},{'R1'},{'D7'},,,,&,1.0,&
{'D1'},{'R2'},{'R3'},{'D2'},{'D5'},{'D7'},{'R1'},{'D4'},{'D6'},{'D3'},&,1.0,&
{'D1'},{'R2'},{'R3'},{'R1'},,,,,,,&,4.0,&
{'D1'},{'R2'},{'R3'},{'R1'},{'D7'},,,,,,&,2.0,&
{'D1'},{'R2'},{'R3'},{'R1'},{'D7'},{'D2'},,,,,&,1.0,&
{'D1'},{'R2'},{'R3'},{'R1'},{'D7'},{'D2'},{'D3'},{'D4'},,,&,1.0,&
{'D1'},{'R2'},{'R3'},{'R1'},{'D7'},{'D2'},{'D4'},,,,&,1.0,&
{'D1'},{'R2'},{'R3'},{'R1'},{'D7'},{'D2'},{'D4'},{'D3'},{'D6'},{'D5'},&,1.0,&
{'D1'},{'R2'},{'R3'},{'R1'},{'D4'},{'D3'},,,,,&,1.0,&
{'D1'},{'R2'},{'R3'},{'R1'},{'D2'},,,,,,&,1.0,&
{'D1'},{'R2'},{'R3'},{'R1'},{'D2'},{'D4'},,,,,&,2.0,&
{'D1'},{'R2'},{'R3'},{'R1'},{'D2'},{'D7'},{'D4'},{'D6'},,,&,1.0,&
{'D1'},{'R2'},{'R3'},{'R1'},{'D2'},{'D7'},{'D6'},{'D4'},,,&,1.0,&
{'D1'},{'R2'},{'R3'},{'D7'},,,,,,,&,1.0,&
{'D1'},{'R2'},{'R3'},{'D7'},{'R1'},{'D2'},,,,,&,2.0,&
{'D1'},{'R2'},{'R3'},{'D7'},{'R1'},{'D2'},{'D4'},{'D6'},,,&,1.0,&
{'D1'},{'R2'},{'R3'},{'D7'},{'D4'},,,,,,&,1.0,&
{'D1'},{'R2'},{'R3'},{'D7'},{'D2'},,,,,,&,2.0,&
{'D1'},{'R2'},{'R3'},{'D7'},{'D2'},{'R1'},,,,,&,1.0,&
{'D1'},{'R2'},{'R3'},{'D7'},{'D2'},{'D5'},{'D6'},{'R1'},{'D3'},,&,1.0,&
{'D1'},{'R2'},{'R3'},{'D7'},{'D2'},{'D6'},,,,,&,1.0,&
{'D1'},{'R2'},{'R3'},{'D4'},,,,,,,&,1.0,&
{'D1'},{'R2'},{'R3'},{'D4'},{'D7'},{'D2'},{'R1'},,,,&,1.0,&
{'D1'},{'R2'},{'R3'},{'D4'},{'D7'},{'D2'},{'R1'},{'D3'},,,&,1.0,&
{'D1'},{'R2'},{'R3'},{'D4'},{'R1'},{'D2'},,,,,&,2.0,&
{'D1'},{'R2'},{'R3'},{'D4'},{'R1'},{'D5'},{'D7'},,,,&,1.0,&
{'D1'},{'R2'},{'R3'},{'D4'},{'R1'},{'D7'},{'D2'},{'D3'},{'D6'},,&,1.0,&
{'D1'},{'R2'},{'R3'},{'D3'},{'D7'},,,,,,&,1.0,&
{'D1'},{'R2'},{'R3'},{'D3'},{'D7'},{'R1'},,,,,&,1.0,&
{'D1'},{'R2'},{'R3'},{'D3'},{'R1'},,,,,,&,1.0,&
{'D1'},{'R2'},{'R3'},{'D3'},{'R1'},{'D7'},{'D2'},,,,&,1.0,&
{'D1'},{'R2'},{'R3'},{'D6'},,,,,,,&,1.0,&
{'D1'},{'R2'},{'R3'},{'D6'},{'R1'},{'D4'},{'D7'},,,,&,1.0,&
{'D1'},{'R2'},{'D4'},,,,,,,,&,6.0,&
{'D1'},{'R2'},{'D4'},{'R3'},,,,,,,&,1.0,&
{'D1'},{'R2'},{'D4'},{'R3'},{'D7'},{'D2'},,,,,&,1.0,&
{'D1'},{'R2'},{'D4'},{'R3'},{'R1'},{'D7'},{'D2'},{'D6'},{'D3'},{'D5'},&,1.0,&
{'D1'},{'R2'},{'D4'},{'R3'},{'D2'},{'D7'},{'R1'},,,,&,1.0,&
{'D1'},{'R2'},{'D4'},{'D2'},,,,,,,&,2.0,&
{'D1'},{'R2'},{'D4'},{'D2'},{'R3'},{'R1'},{'D7'},,,,&,1.0,&
{'D1'},{'R2'},{'D4'},{'D2'},{'R3'},{'D7'},{'D6'},{'R1'},{'D3'},,&,1.0,&
{'D1'},{'R2'},{'D4'},{'D7'},,,,,,,&,1.0,&
{'D1'},{'R2'},{'D4'},{'D7'},{'D2'},{'D6'},{'D5'},{'D3'},,,&,1.0,&
{'D1'},{'R2'},,,,,,,,,&,12.0,&
{'D1'},{'R2'},{'D7'},,,,,,,,&,10.0,&
{'D1'},{'R2'},{'D7'},{'R3'},,,,,,,&,4.0,&
{'D1'},{'R2'},{'D7'},{'R3'},{'R1'},,,,,,&,1.0,&
{'D1'},{'R2'},{'D7'},{'R3'},{'R1'},{'D2'},{'D4'},{'D3'},,,&,1.0,&
{'D1'},{'R2'},{'D7'},{'R3'},{'R1'},{'D2'},{'D6'},{'D3'},{'D4'},,&,1.0,&
{'D1'},{'R2'},{'D7'},{'R3'},{'R1'},{'D2'},{'D6'},{'D3'},{'D4'},{'D5'},&,1.0,&
{'D1'},{'R2'},{'D7'},{'R3'},{'D4'},{'R1'},,,,,&,1.0,&
{'D1'},{'R2'},{'D7'},{'R3'},{'D4'},{'R1'},{'D6'},,,,&,1.0,&
{'D1'},{'R2'},{'D7'},{'R3'},{'D4'},{'D2'},{'D5'},,,,&,1.0,&
{'D1'},{'R2'},{'D7'},{'R3'},{'D2'},,,,,,&,1.0,&
{'D1'},{'R2'},{'D7'},{'R3'},{'D2'},{'D4'},,,,,&,2.0,&
{'D1'},{'R2'},{'D7'},{'R3'},{'D2'},{'D4'},{'D3'},,,,&,1.0,&
{'D1'},{'R2'},{'D7'},{'R3'},{'D2'},{'D4'},{'D3'},{'R1'},,,&,1.0,&
{'D1'},{'R2'},{'D7'},{'R3'},{'D2'},{'R1'},{'D3'},,,,&,1.0,&
{'D1'},{'R2'},{'D7'},{'R3'},{'D2'},{'R1'},{'D4'},,,,&,1.0,&
{'D1'},{'R2'},{'D7'},{'R3'},{'D6'},{'R1'},{'D2'},,,,&,1.0,&
{'D1'},{'R2'},{'D7'},{'R3'},{'D6'},{'D2'},{'D4'},{'D3'},{'R1'},{'D5'},&,1.0,&
{'D1'},{'R2'},{'D7'},{'R3'},{'D5'},{'D2'},{'D4'},{'D3'},{'R1'},,&,1.0,&
{'D1'},{'R2'},{'D7'},{'D2'},,,,,,,&,4.0,&
{'D1'},{'R2'},{'D7'},{'D2'},{'R1'},{'D4'},{'R3'},{'D3'},{'D5'},,&,1.0,&
{'D1'},{'R2'},{'D7'},{'D2'},{'R1'},{'R3'},{'D3'},,,,&,1.0,&
{'D1'},{'R2'},{'D7'},{'D2'},{'R3'},,,,,,&,2.0,&
{'D1'},{'R2'},{'D7'},{'D2'},{'R3'},{'D4'},{'D3'},,,,&,1.0,&
{'D1'},{'R2'},{'D7'},{'D2'},{'R3'},{'D4'},{'R1'},,,,&,1.0,&
{'D1'},{'R2'},{'D7'},{'D2'},{'R3'},{'D6'},{'R1'},{'D4'},,,&,1.0,&
{'D1'},{'R2'},{'D7'},{'D2'},{'D4'},,,,,,&,1.0,&
{'D1'},{'R2'},{'D7'},{'D2'},{'D4'},{'R1'},{'R3'},{'D5'},{'D3'},{'D6'},&,1.0,&
{'D1'},{'R2'},{'D7'},{'D2'},{'D4'},{'D6'},{'D5'},{'R3'},{'D3'},,&,1.0,&
{'D1'},{'R2'},{'D7'},{'D2'},{'D6'},{'D4'},,,,,&,1.0,&
{'D1'},{'R2'},{'D7'},{'D2'},{'D6'},{'R3'},{'D4'},,,,&,1.0,&
{'D1'},{'R2'},{'D7'},{'D2'},{'D6'},{'R3'},{'D4'},{'D3'},{'D5'},{'R1'},&,1.0,&
{'D1'},{'R2'},{'D7'},{'D2'},{'D3'},,,,,,&,1.0,&
{'D1'},{'R2'},{'D7'},{'D2'},{'D5'},{'R3'},{'R1'},{'D4'},,,&,1.0,&
{'D1'},{'R2'},{'D7'},{'R1'},{'D6'},{'R3'},{'D2'},{'D3'},,,&,1.0,&
{'D1'},{'R2'},{'D7'},{'D4'},{'D2'},{'D6'},{'R3'},{'R1'},,,&,1.0,&
{'D1'},{'R2'},{'D7'},{'D4'},{'D6'},{'D2'},{'R3'},{'D3'},{'D5'},{'R1'},&,1.0,&
{'D1'},{'R2'},{'D7'},{'D4'},{'D5'},{'R3'},{'R1'},,,,&,1.0,&
{'D1'},{'R2'},{'D7'},{'D3'},{'R3'},{'D4'},,,,,&,1.0,&
{'D1'},{'R2'},{'D7'},{'D3'},{'D2'},{'D4'},,,,,&,1.0,&
{'D1'},{'R2'},{'D7'},{'D6'},{'D4'},{'D2'},{'R3'},,,,&,1.0,&
{'D1'},{'R2'},{'D7'},{'D6'},{'D2'},{'D4'},{'D3'},{'R3'},{'R1'},,&,1.0,&
{'D1'},{'R2'},{'R1'},,,,,,,,&,2.0,&
{'D1'},{'R2'},{'R1'},{'R3'},{'D2'},{'D4'},{'D5'},,,,&,1.0,&
{'D1'},{'R2'},{'R1'},{'D2'},,,,,,,&,1.0,&
{'D1'},{'R2'},{'R1'},{'D2'},{'R3'},{'D4'},,,,,&,1.0,&
{'D1'},{'R2'},{'R1'},{'D2'},{'R3'},{'D4'},{'D7'},,,,&,1.0,&
{'D1'},{'R2'},{'R1'},{'D2'},{'D4'},,,,,,&,1.0,&
{'D1'},{'R2'},{'R1'},{'D4'},{'D2'},,,,,,&,1.0,&
{'D1'},{'R2'},{'D2'},,,,,,,,&,9.0,&
{'D1'},{'R2'},{'D2'},{'R3'},,,,,,,&,5.0,&
{'D1'},{'R2'},{'D2'},{'R3'},{'D7'},,,,,,&,3.0,&
{'D1'},{'R2'},{'D2'},{'R3'},{'D7'},{'D4'},{'D3'},,,,&,1.0,&
{'D1'},{'R2'},{'D2'},{'R3'},{'D7'},{'D4'},{'D6'},{'R1'},{'D3'},,&,1.0,&
{'D1'},{'R2'},{'D2'},{'R3'},{'D7'},{'R1'},,,,,&,1.0,&
{'D1'},{'R2'},{'D2'},{'R3'},{'D7'},{'R1'},{'D3'},,,,&,1.0,&
{'D1'},{'R2'},{'D2'},{'R3'},{'D7'},{'D3'},{'D4'},,,,&,2.0,&
{'D1'},{'R2'},{'D2'},{'R3'},{'R1'},,,,,,&,3.0,&
{'D1'},{'R2'},{'D2'},{'R3'},{'R1'},{'D4'},{'D5'},{'D7'},{'D3'},{'D6'},&,1.0,&
{'D1'},{'R2'},{'D2'},{'R3'},{'R1'},{'D7'},,,,,&,1.0,&
{'D1'},{'R2'},{'D2'},{'R3'},{'R1'},{'D7'},{'D4'},{'D5'},{'D3'},,&,1.0,&
{'D1'},{'R2'},{'D2'},{'R3'},{'D4'},{'D7'},{'R1'},{'D3'},{'D6'},{'D5'},&,1.0,&
{'D1'},{'R2'},{'D2'},{'R3'},{'D6'},{'D7'},,,,,&,1.0,&
{'D1'},{'R2'},{'D2'},{'R1'},{'R3'},{'D7'},{'D4'},{'D3'},{'D6'},{'D5'},&,1.0,&
{'D1'},{'R2'},{'D2'},{'D7'},,,,,,,&,4.0,&
{'D1'},{'R2'},{'D2'},{'D7'},{'R1'},,,,,,&,1.0,&
{'D1'},{'R2'},{'D2'},{'D7'},{'R1'},{'R3'},,,,,&,1.0,&
{'D1'},{'R2'},{'D2'},{'D7'},{'R3'},,,,,,&,2.0,&
{'D1'},{'R2'},{'D2'},{'D7'},{'R3'},{'D3'},{'R1'},{'D6'},{'D4'},{'D5'},&,1.0,&
{'D1'},{'R2'},{'D2'},{'D7'},{'R3'},{'D6'},{'D5'},{'D4'},{'D3'},,&,1.0,&
{'D1'},{'R2'},{'D2'},{'D7'},{'D4'},,,,,,&,2.0,&
{'D1'},{'R2'},{'D2'},{'D7'},{'D4'},{'R3'},,,,,&,1.0,&
{'D1'},{'R2'},{'D2'},{'D7'},{'D4'},{'R3'},{'D3'},{'D6'},{'R1'},,&,1.0,&
{'D1'},{'R2'},{'D2'},{'D7'},{'D4'},{'R3'},{'D5'},{'D6'},,,&,1.0,&
{'D1'},{'R2'},{'D2'},{'D7'},{'D6'},{'D5'},{'D4'},,,,&,1.0,&
{'D1'},{'R2'},{'D2'},{'D7'},{'D3'},{'D4'},{'D6'},{'D5'},{'R3'},,&,1.0,&
{'D1'},{'R2'},{'D2'},{'D7'},{'D3'},{'D5'},{'D4'},{'R3'},{'D6'},{'R1'},&,1.0,&
{'D1'},{'R2'},{'D2'},{'D7'},{'D3'},{'R3'},,,,,&,1.0,&
{'D1'},{'R2'},{'D2'},{'D7'},{'D3'},{'D6'},{'D4'},{'R1'},{'R3'},,&,1.0,&
{'D1'},{'R2'},{'D2'},{'D7'},{'D5'},{'D6'},{'D4'},,,,&,1.0,&
{'D1'},{'R2'},{'D2'},{'D4'},,,,,,,&,1.0,&
{'D1'},{'R2'},{'D2'},{'D4'},{'D7'},,,,,,&,1.0,&
{'D1'},{'R2'},{'D2'},{'D4'},{'D7'},{'R1'},,,,,&,1.0,&
{'D1'},{'R2'},{'D2'},{'D4'},{'D7'},{'R3'},{'D6'},{'D3'},{'D5'},,&,1.0,&
{'D1'},{'R2'},{'D2'},{'D4'},{'D5'},{'D7'},,,,,&,1.0,&
{'D1'},{'R2'},{'D2'},{'D3'},,,,,,,&,1.0,&
{'D1'},{'R2'},{'D2'},{'D3'},{'R3'},{'D7'},{'R1'},{'D4'},{'D6'},{'D5'},&,1.0,&
{'D1'},{'R2'},{'D2'},{'D3'},{'D4'},{'D7'},{'D6'},{'R3'},{'R1'},{'D5'},&,1.0,&
{'D1'},{'R2'},{'D2'},{'D6'},{'D4'},{'D7'},{'R3'},{'D3'},{'R1'},,&,1.0,&
{'D1'},{'R2'},{'D2'},{'D5'},{'D7'},{'D4'},{'D6'},{'D3'},{'R3'},{'R1'},&,1.0,&
{'D1'},{'R2'},{'D2'},{'D5'},{'R1'},{'R3'},{'D7'},,,,&,1.0,&
{'D1'},{'R2'},{'D3'},,,,,,,,&,3.0,&
{'D1'},{'R2'},{'D3'},{'R3'},,,,,,,&,1.0,&
{'D1'},{'R2'},{'D3'},{'R3'},{'D4'},{'D7'},{'R1'},{'D2'},{'D6'},{'D5'},&,1.0,&
{'D1'},{'R2'},{'D3'},{'D2'},{'D7'},{'D4'},{'D6'},{'D5'},,,&,1.0,&
{'D1'},{'R2'},{'D3'},{'D2'},{'R3'},{'D4'},{'D7'},{'D6'},{'R1'},{'D5'},&,1.0,&
{'D1'},{'R2'},{'D3'},{'D2'},{'R3'},{'R1'},{'D4'},,,,&,1.0,&
{'D1'},{'R2'},{'D3'},{'D7'},,,,,,,&,1.0,&
{'D1'},{'R2'},{'D3'},{'D7'},{'D2'},{'R3'},{'D6'},,,,&,1.0,&
{'D1'},{'R2'},{'D3'},{'D4'},{'R3'},{'R1'},,,,,&,1.0,&
{'D1'},{'R2'},{'D3'},{'D4'},{'D2'},{'D7'},{'D6'},{'R3'},,,&,1.0,&
{'D1'},{'R2'},{'D6'},{'R3'},,,,,,,&,1.0,&
{'D1'},{'R2'},{'D6'},{'R3'},{'R1'},{'D7'},{'D4'},{'D2'},,,&,1.0,&
{'D1'},{'R2'},{'D6'},{'D2'},{'D7'},{'R3'},{'D4'},,,,&,1.0,&
{'D1'},{'R2'},{'D6'},{'D2'},{'R3'},,,,,,&,1.0,&
{'D1'},{'R2'},{'D6'},{'D2'},{'D4'},{'D7'},{'R1'},,,,&,1.0,&
{'D1'},{'R2'},{'D6'},{'D7'},{'D2'},,,,,,&,1.0,&
{'D1'},{'R2'},{'D6'},{'D4'},,,,,,,&,1.0,&
{'D1'},{'R2'},{'D5'},,,,,,,,&,1.0,&
{'D1'},,,,,,,,,,&,194.0,&
{'D1'},{'R3'},{'R2'},,,,,,,,&,27.0,&
{'D1'},{'R3'},{'R2'},{'D2'},,,,,,,&,4.0,&
{'D1'},{'R3'},{'R2'},{'D2'},{'D7'},{'D4'},,,,,&,1.0,&
{'D1'},{'R3'},{'R2'},{'D2'},{'D7'},{'D4'},{'D6'},{'D3'},{'R1'},{'D5'},&,1.0,&
{'D1'},{'R3'},{'R2'},{'D2'},{'D7'},{'R1'},{'D3'},{'D4'},{'D6'},{'D5'},&,1.0,&
{'D1'},{'R3'},{'R2'},{'D2'},{'D7'},{'D3'},{'D4'},,,,&,1.0,&
{'D1'},{'R3'},{'R2'},{'D2'},{'D7'},{'D3'},{'D4'},{'R1'},,,&,1.0,&
{'D1'},{'R3'},{'R2'},{'D2'},{'D7'},{'D6'},{'D4'},,,,&,1.0,&
{'D1'},{'R3'},{'R2'},{'D2'},{'R1'},,,,,,&,1.0,&
{'D1'},{'R3'},{'R2'},{'D2'},{'R1'},{'D4'},{'D7'},{'D5'},{'D6'},,&,1.0,&
{'D1'},{'R3'},{'R2'},{'D2'},{'R1'},{'D7'},,,,,&,1.0,&
{'D1'},{'R3'},{'R2'},{'D2'},{'R1'},{'D7'},{'D3'},{'D4'},{'D6'},{'D5'},&,2.0,&
{'D1'},{'R3'},{'R2'},{'D2'},{'R1'},{'D7'},{'D4'},{'D6'},{'D3'},,&,1.0,&
{'D1'},{'R3'},{'R2'},{'D2'},{'R1'},{'D7'},{'D4'},{'D3'},{'D6'},,&,1.0,&
{'D1'},{'R3'},{'R2'},{'D2'},{'R1'},{'D7'},{'D6'},,,,&,1.0,&
{'D1'},{'R3'},{'R2'},{'D2'},{'R1'},{'D6'},,,,,&,1.0,&
{'D1'},{'R3'},{'R2'},{'D2'},{'R1'},{'D6'},{'D3'},,,,&,1.0,&
{'D1'},{'R3'},{'R2'},{'D2'},{'D4'},{'R1'},{'D7'},,,,&,1.0,&
{'D1'},{'R3'},{'R2'},{'D2'},{'D4'},{'D6'},{'D7'},{'R1'},,,&,1.0,&
{'D1'},{'R3'},{'R2'},{'D2'},{'D6'},{'D7'},{'R1'},{'D3'},{'D4'},{'D5'},&,1.0,&
{'D1'},{'R3'},{'R2'},{'D2'},{'D3'},,,,,,&,1.0,&
{'D1'},{'R3'},{'R2'},{'D2'},{'D3'},{'D7'},{'D4'},{'D6'},{'R1'},,&,1.0,&
{'D1'},{'R3'},{'R2'},{'D2'},{'D5'},{'R1'},{'D3'},{'D7'},,,&,1.0,&
{'D1'},{'R3'},{'R2'},{'R1'},,,,,,,&,2.0,&
{'D1'},{'R3'},{'R2'},{'R1'},{'D7'},,,,,,&,2.0,&
{'D1'},{'R3'},{'R2'},{'R1'},{'D7'},{'D2'},,,,,&,2.0,&
{'D1'},{'R3'},{'R2'},{'R1'},{'D7'},{'D2'},{'D3'},{'D4'},,,&,1.0,&
{'D1'},{'R3'},{'R2'},{'R1'},{'D7'},{'D2'},{'D3'},{'D4'},{'D5'},{'D6'},&,1.0,&
{'D1'},{'R3'},{'R2'},{'R1'},{'D7'},{'D2'},{'D5'},{'D4'},,,&,1.0,&
{'D1'},{'R3'},{'R2'},{'R1'},{'D7'},{'D2'},{'D4'},,,,&,1.0,&
{'D1'},{'R3'},{'R2'},{'R1'},{'D7'},{'D2'},{'D6'},,,,&,1.0,&
{'D1'},{'R3'},{'R2'},{'R1'},{'D4'},,,,,,&,1.0,&
{'D1'},{'R3'},{'R2'},{'R1'},{'D2'},,,,,,&,2.0,&
{'D1'},{'R3'},{'R2'},{'R1'},{'D2'},{'D4'},,,,,&,1.0,&
{'D1'},{'R3'},{'R2'},{'R1'},{'D2'},{'D4'},{'D7'},,,,&,1.0,&
{'D1'},{'R3'},{'R2'},{'R1'},{'D2'},{'D3'},{'D7'},,,,&,1.0,&
{'D1'},{'R3'},{'R2'},{'R1'},{'D2'},{'D3'},{'D7'},{'D4'},,,&,1.0,&
{'D1'},{'R3'},{'R2'},{'R1'},{'D2'},{'D7'},,,,,&,2.0,&
{'D1'},{'R3'},{'R2'},{'R1'},{'D2'},{'D7'},{'D3'},,,,&,1.0,&
{'D1'},{'R3'},{'R2'},{'R1'},{'D2'},{'D7'},{'D4'},,,,&,2.0,&
{'D1'},{'R3'},{'R2'},{'R1'},{'D2'},{'D7'},{'D4'},{'D6'},,,&,1.0,&
{'D1'},{'R3'},{'R2'},{'R1'},{'D2'},{'D7'},{'D6'},{'D4'},{'D3'},{'D5'},&,1.0,&
{'D1'},{'R3'},{'R2'},{'R1'},{'D3'},,,,,,&,1.0,&
{'D1'},{'R3'},{'R2'},{'R1'},{'D3'},{'D2'},{'D7'},{'D4'},,,&,1.0,&
{'D1'},{'R3'},{'R2'},{'D7'},,,,,,,&,7.0,&
{'D1'},{'R3'},{'R2'},{'D7'},{'R1'},,,,,,&,3.0,&
{'D1'},{'R3'},{'R2'},{'D7'},{'R1'},{'D3'},,,,,&,1.0,&
{'D1'},{'R3'},{'R2'},{'D7'},{'R1'},{'D3'},{'D2'},{'D4'},{'D6'},,&,1.0,&
{'D1'},{'R3'},{'R2'},{'D7'},{'R1'},{'D2'},{'D3'},,,,&,1.0,&
{'D1'},{'R3'},{'R2'},{'D7'},{'R1'},{'D2'},{'D5'},{'D4'},,,&,1.0,&
{'D1'},{'R3'},{'R2'},{'D7'},{'R1'},{'D2'},{'D4'},{'D3'},{'D5'},{'D6'},&,2.0,&
{'D1'},{'R3'},{'R2'},{'D7'},{'R1'},{'D2'},{'D6'},,,,&,1.0,&
{'D1'},{'R3'},{'R2'},{'D7'},{'R1'},{'D2'},{'D6'},{'D4'},,,&,1.0,&
{'D1'},{'R3'},{'R2'},{'D7'},{'R1'},{'D6'},{'D2'},{'D4'},,,&,1.0,&
{'D1'},{'R3'},{'R2'},{'D7'},{'D4'},,,,,,&,1.0,&
{'D1'},{'R3'},{'R2'},{'D7'},{'D4'},{'R1'},,,,,&,1.0,&
{'D1'},{'R3'},{'R2'},{'D7'},{'D4'},{'D2'},,,,,&,1.0,&
{'D1'},{'R3'},{'R2'},{'D7'},{'D4'},{'D2'},{'D6'},{'R1'},{'D5'},{'D3'},&,1.0,&
{'D1'},{'R3'},{'R2'},{'D7'},{'D2'},,,,,,&,3.0,&
{'D1'},{'R3'},{'R2'},{'D7'},{'D2'},{'D4'},,,,,&,2.0,&
{'D1'},{'R3'},{'R2'},{'D7'},{'D2'},{'D4'},{'R1'},{'D3'},,,&,1.0,&
{'D1'},{'R3'},{'R2'},{'D7'},{'D2'},{'R1'},,,,,&,1.0,&
{'D1'},{'R3'},{'R2'},{'D7'},{'D2'},{'R1'},{'D5'},,,,&,1.0,&
{'D1'},{'R3'},{'R2'},{'D7'},{'D2'},{'D3'},,,,,&,1.0,&
{'D1'},{'R3'},{'R2'},{'D7'},{'D2'},{'D3'},{'R1'},,,,&,1.0,&
{'D1'},{'R3'},{'R2'},{'D7'},{'D2'},{'D6'},,,,,&,2.0,&
{'D1'},{'R3'},{'R2'},{'D7'},{'D2'},{'D6'},{'R1'},{'D4'},,,&,1.0,&
{'D1'},{'R3'},{'R2'},{'D7'},{'D6'},{'D4'},{'R1'},{'D3'},,,&,1.0,&
{'D1'},{'R3'},{'R2'},{'D4'},,,,,,,&,2.0,&
{'D1'},{'R3'},{'R2'},{'D4'},{'D7'},{'R1'},,,,,&,1.0,&
{'D1'},{'R3'},{'R2'},{'D4'},{'D7'},{'D2'},{'D5'},{'R1'},{'D3'},{'D6'},&,1.0,&
{'D1'},{'R3'},{'R2'},{'D4'},{'R1'},,,,,,&,1.0,&
{'D1'},{'R3'},{'R2'},{'D4'},{'R1'},{'D2'},{'D7'},,,,&,1.0,&
{'D1'},{'R3'},{'R2'},{'D4'},{'R1'},{'D7'},{'D2'},{'D6'},{'D3'},,&,1.0,&
{'D1'},{'R3'},{'R2'},{'D4'},{'D2'},{'D6'},,,,,&,1.0,&
{'D1'},{'R3'},{'R2'},{'D3'},{'D7'},,,,,,&,1.0,&
{'D1'},{'R3'},{'R2'},{'D6'},{'R1'},,,,,,&,1.0,&
{'D1'},{'R3'},{'R2'},{'D6'},{'R1'},{'D7'},{'D2'},{'D4'},{'D3'},{'D5'},&,1.0,&
{'D1'},{'R3'},{'D4'},,,,,,,,&,4.0,&
{'D1'},{'R3'},{'D4'},{'D2'},{'D7'},{'D3'},,,,,&,1.0,&
{'D1'},{'R3'},{'D4'},{'D2'},{'D7'},{'D3'},{'R2'},{'R1'},{'D6'},,&,1.0,&
{'D1'},{'R3'},{'D4'},{'D2'},{'D7'},{'R2'},{'R1'},,,,&,1.0,&
{'D1'},{'R3'},{'D4'},{'D2'},{'D7'},{'R2'},{'D5'},{'R1'},,,&,1.0,&
{'D1'},{'R3'},{'D4'},{'D2'},{'R2'},{'R1'},,,,,&,1.0,&
{'D1'},{'R3'},{'D4'},{'D2'},{'R2'},{'D7'},{'D6'},,,,&,1.0,&
{'D1'},{'R3'},{'D4'},{'R2'},,,,,,,&,1.0,&
{'D1'},{'R3'},{'D4'},{'R2'},{'D7'},,,,,,&,1.0,&
{'D1'},{'R3'},{'D4'},{'R2'},{'R1'},{'D2'},,,,,&,1.0,&
{'D1'},{'R3'},{'D4'},{'R2'},{'R1'},{'D2'},{'D7'},{'D3'},{'D6'},{'D5'},&,1.0,&
{'D1'},{'R3'},{'D4'},{'R2'},{'R1'},{'D7'},,,,,&,1.0,&
{'D1'},{'R3'},{'D4'},{'R2'},{'D2'},{'D3'},{'R1'},{'D7'},{'D5'},,&,1.0,&
{'D1'},{'R3'},{'D4'},{'D7'},{'R1'},{'R2'},{'D2'},{'D3'},,,&,1.0,&
{'D1'},{'R3'},{'D4'},{'D7'},{'D2'},,,,,,&,2.0,&
{'D1'},{'R3'},{'D4'},{'D7'},{'D2'},{'D3'},,,,,&,1.0,&
{'D1'},{'R3'},{'D4'},{'D7'},{'D2'},{'R2'},{'R1'},{'D5'},,,&,1.0,&
{'D1'},{'R3'},{'D4'},{'D7'},{'D2'},{'R2'},{'D6'},{'R1'},,,&,1.0,&
{'D1'},{'R3'},{'D4'},{'D7'},{'D3'},,,,,,&,1.0,&
{'D1'},{'R3'},,,,,,,,,&,41.0,&
{'D1'},{'R3'},{'D7'},,,,,,,,&,17.0,&
{'D1'},{'R3'},{'D7'},{'D2'},,,,,,,&,3.0,&
{'D1'},{'R3'},{'D7'},{'D2'},{'R1'},{'R2'},{'D3'},{'D5'},{'D4'},{'D6'},&,1.0,&
{'D1'},{'R3'},{'D7'},{'D2'},{'R2'},,,,,,&,2.0,&
{'D1'},{'R3'},{'D7'},{'D2'},{'R2'},{'D4'},,,,,&,1.0,&
{'D1'},{'R3'},{'D7'},{'D2'},{'R2'},{'D4'},{'D3'},{'D5'},{'D6'},,&,1.0,&
{'D1'},{'R3'},{'D7'},{'D2'},{'R2'},{'D4'},{'D3'},{'D6'},{'D5'},{'R1'},&,1.0,&
{'D1'},{'R3'},{'D7'},{'D2'},{'R2'},{'D4'},{'R1'},,,,&,1.0,&
{'D1'},{'R3'},{'D7'},{'D2'},{'R2'},{'D4'},{'D5'},{'D3'},,,&,1.0,&
{'D1'},{'R3'},{'D7'},{'D2'},{'R2'},{'R1'},,,,,&,1.0,&
{'D1'},{'R3'},{'D7'},{'D2'},{'R2'},{'R1'},{'D4'},,,,&,1.0,&
{'D1'},{'R3'},{'D7'},{'D2'},{'R2'},{'R1'},{'D4'},{'D3'},{'D6'},{'D5'},&,1.0,&
{'D1'},{'R3'},{'D7'},{'D2'},{'R2'},{'D3'},{'R1'},{'D6'},{'D4'},,&,1.0,&
{'D1'},{'R3'},{'D7'},{'D2'},{'R2'},{'D3'},{'D4'},{'D6'},,,&,1.0,&
{'D1'},{'R3'},{'D7'},{'D2'},{'R2'},{'D3'},{'D4'},{'R1'},{'D6'},,&,1.0,&
{'D1'},{'R3'},{'D7'},{'D2'},{'R2'},{'D5'},{'D3'},,,,&,1.0,&
{'D1'},{'R3'},{'D7'},{'D2'},{'D4'},,,,,,&,1.0,&
{'D1'},{'R3'},{'D7'},{'D2'},{'D4'},{'R2'},,,,,&,2.0,&
{'D1'},{'R3'},{'D7'},{'D2'},{'D4'},{'R2'},{'D3'},{'D6'},,,&,1.0,&
{'D1'},{'R3'},{'D7'},{'D2'},{'D4'},{'D6'},,,,,&,1.0,&
{'D1'},{'R3'},{'D7'},{'D2'},{'D3'},,,,,,&,1.0,&
{'D1'},{'R3'},{'D7'},{'D2'},{'D3'},{'R2'},{'D6'},{'D4'},,,&,1.0,&
{'D1'},{'R3'},{'D7'},{'R1'},,,,,,,&,1.0,&
{'D1'},{'R3'},{'D7'},{'R1'},{'R2'},{'D2'},{'D4'},{'D3'},{'D5'},{'D6'},&,1.0,&
{'D1'},{'R3'},{'D7'},{'R1'},{'D4'},,,,,,&,1.0,&
{'D1'},{'R3'},{'D7'},{'R2'},,,,,,,&,3.0,&
{'D1'},{'R3'},{'D7'},{'R2'},{'R1'},,,,,,&,2.0,&
{'D1'},{'R3'},{'D7'},{'R2'},{'R1'},{'D2'},{'D4'},,,,&,1.0,&
{'D1'},{'R3'},{'D7'},{'R2'},{'R1'},{'D2'},{'D4'},{'D3'},{'D6'},{'D5'},&,1.0,&
{'D1'},{'R3'},{'D7'},{'R2'},{'D2'},,,,,,&,3.0,&
{'D1'},{'R3'},{'D7'},{'R2'},{'D2'},{'D4'},{'D6'},{'D3'},{'R1'},,&,1.0,&
{'D1'},{'R3'},{'D7'},{'R2'},{'D2'},{'R1'},{'D4'},{'D5'},{'D3'},{'D6'},&,1.0,&
{'D1'},{'R3'},{'D7'},{'R2'},{'D2'},{'D3'},,,,,&,1.0,&
{'D1'},{'R3'},{'D7'},{'R2'},{'D2'},{'D3'},{'D4'},,,,&,1.0,&
{'D1'},{'R3'},{'D7'},{'R2'},{'D3'},{'R1'},{'D2'},{'D4'},,,&,1.0,&
{'D1'},{'R3'},{'D7'},{'R2'},{'D5'},{'D2'},{'R1'},,,,&,1.0,&
{'D1'},{'R3'},{'D7'},{'D4'},,,,,,,&,2.0,&
{'D1'},{'R3'},{'D7'},{'D4'},{'R1'},{'D2'},,,,,&,1.0,&
{'D1'},{'R3'},{'D7'},{'D4'},{'R1'},{'D2'},{'D3'},{'R2'},{'D5'},,&,1.0,&
{'D1'},{'R3'},{'D7'},{'D4'},{'R2'},,,,,,&,1.0,&
{'D1'},{'R3'},{'D7'},{'D4'},{'R2'},{'D2'},,,,,&,1.0,&
{'D1'},{'R3'},{'D7'},{'D4'},{'D2'},{'D3'},{'D5'},{'R2'},{'R1'},,&,1.0,&
{'D1'},{'R3'},{'D7'},{'D4'},{'D2'},{'R2'},{'R1'},{'D3'},{'D6'},,&,1.0,&
{'D1'},{'R3'},{'D7'},{'D4'},{'D2'},{'D6'},{'D3'},,,,&,1.0,&
{'D1'},{'R3'},{'D7'},{'D3'},,,,,,,&,1.0,&
{'D1'},{'R3'},{'D7'},{'D3'},{'R2'},{'D6'},,,,,&,1.0,&
{'D1'},{'R3'},{'D7'},{'D3'},{'D4'},{'D2'},,,,,&,1.0,&
{'D1'},{'R3'},{'D7'},{'D3'},{'D2'},,,,,,&,1.0,&
{'D1'},{'R3'},{'D7'},{'D3'},{'D2'},{'D4'},{'D6'},{'R2'},,,&,1.0,&
{'D1'},{'R3'},{'D7'},{'D3'},{'D2'},{'R2'},{'D4'},{'D6'},{'D5'},,&,1.0,&
{'D1'},{'R3'},{'D7'},{'D3'},{'D2'},{'R2'},{'D4'},{'R1'},{'D6'},,&,1.0,&
{'D1'},{'R3'},{'R1'},,,,,,,,&,6.0,&
{'D1'},{'R3'},{'R1'},{'D2'},,,,,,,&,1.0,&
{'D1'},{'R3'},{'R1'},{'D2'},{'D7'},,,,,,&,2.0,&
{'D1'},{'R3'},{'R1'},{'D2'},{'D7'},{'D4'},{'R2'},{'D3'},{'D6'},,&,1.0,&
{'D1'},{'R3'},{'R1'},{'D2'},{'D7'},{'D3'},{'D5'},{'D6'},{'R2'},,&,1.0,&
{'D1'},{'R3'},{'R1'},{'D2'},{'R2'},,,,,,&,2.0,&
{'D1'},{'R3'},{'R1'},{'D2'},{'D4'},{'R2'},,,,,&,1.0,&
{'D1'},{'R3'},{'R1'},{'D2'},{'D6'},{'R2'},,,,,&,1.0,&
{'D1'},{'R3'},{'R1'},{'R2'},,,,,,,&,2.0,&
{'D1'},{'R3'},{'R1'},{'R2'},{'D7'},,,,,,&,1.0,&
{'D1'},{'R3'},{'R1'},{'R2'},{'D4'},{'D2'},{'D6'},,,,&,1.0,&
{'D1'},{'R3'},{'R1'},{'R2'},{'D2'},,,,,,&,1.0,&
{'D1'},{'R3'},{'R1'},{'R2'},{'D2'},{'D7'},{'D4'},{'D3'},,,&,1.0,&
{'D1'},{'R3'},{'R1'},{'R2'},{'D6'},{'D2'},{'D7'},,,,&,1.0,&
{'D1'},{'R3'},{'R1'},{'D7'},,,,,,,&,1.0,&
{'D1'},{'R3'},{'R1'},{'D7'},{'R2'},{'D2'},{'D4'},,,,&,1.0,&
{'D1'},{'R3'},{'R1'},{'D7'},{'D4'},{'R2'},{'D2'},,,,&,1.0,&
{'D1'},{'R3'},{'R1'},{'D7'},{'D2'},{'D4'},{'D6'},{'D3'},,,&,1.0,&
{'D1'},{'R3'},{'R1'},{'D7'},{'D2'},{'D3'},{'D4'},{'R2'},,,&,1.0,&
{'D1'},{'R3'},{'R1'},{'D3'},{'R2'},,,,,,&,1.0,&
{'D1'},{'R3'},{'R1'},{'D6'},,,,,,,&,1.0,&
{'D1'},{'R3'},{'R1'},{'D6'},{'R2'},{'D2'},{'D7'},{'D4'},,,&,1.0,&
{'D1'},{'R3'},{'D2'},,,,,,,,&,27.0,&
{'D1'},{'R3'},{'D2'},{'R1'},{'D7'},,,,,,&,1.0,&
{'D1'},{'R3'},{'D2'},{'R1'},{'R2'},,,,,,&,1.0,&
{'D1'},{'R3'},{'D2'},{'R1'},{'D4'},{'D3'},,,,,&,1.0,&
{'D1'},{'R3'},{'D2'},{'R1'},{'D3'},{'R2'},{'D7'},,,,&,1.0,&
{'D1'},{'R3'},{'D2'},{'R2'},,,,,,,&,6.0,&
{'D1'},{'R3'},{'D2'},{'R2'},{'D7'},,,,,,&,4.0,&
{'D1'},{'R3'},{'D2'},{'R2'},{'D7'},{'D4'},,,,,&,1.0,&
{'D1'},{'R3'},{'D2'},{'R2'},{'D7'},{'D4'},{'D3'},{'R1'},{'D5'},,&,1.0,&
{'D1'},{'R3'},{'D2'},{'R2'},{'D7'},{'D4'},{'R1'},{'D3'},,,&,1.0,&
{'D1'},{'R3'},{'D2'},{'R2'},{'D7'},{'D4'},{'D6'},{'D3'},{'D5'},{'R1'},&,1.0,&
{'D1'},{'R3'},{'D2'},{'R2'},{'D7'},{'R1'},,,,,&,1.0,&
{'D1'},{'R3'},{'D2'},{'R2'},{'D7'},{'R1'},{'D3'},{'D4'},{'D6'},,&,1.0,&
{'D1'},{'R3'},{'D2'},{'R2'},{'D7'},{'R1'},{'D4'},,,,&,1.0,&
{'D1'},{'R3'},{'D2'},{'R2'},{'D7'},{'R1'},{'D4'},{'D3'},{'D6'},,&,1.0,&
{'D1'},{'R3'},{'D2'},{'R2'},{'D7'},{'D3'},,,,,&,1.0,&
{'D1'},{'R3'},{'D2'},{'R2'},{'D7'},{'D3'},{'D4'},{'D6'},{'D5'},,&,1.0,&
{'D1'},{'R3'},{'D2'},{'R2'},{'D7'},{'D3'},{'D4'},{'D6'},{'R1'},,&,1.0,&
{'D1'},{'R3'},{'D2'},{'R2'},{'D7'},{'D6'},{'R1'},,,,&,1.0,&
{'D1'},{'R3'},{'D2'},{'R2'},{'R1'},,,,,,&,3.0,&
{'D1'},{'R3'},{'D2'},{'R2'},{'R1'},{'D4'},,,,,&,1.0,&
{'D1'},{'R3'},{'D2'},{'R2'},{'R1'},{'D4'},{'D7'},{'D5'},,,&,1.0,&
{'D1'},{'R3'},{'D2'},{'R2'},{'R1'},{'D3'},,,,,&,1.0,&
{'D1'},{'R3'},{'D2'},{'R2'},{'R1'},{'D7'},,,,,&,1.0,&
{'D1'},{'R3'},{'D2'},{'R2'},{'R1'},{'D7'},{'D3'},{'D5'},{'D4'},{'D6'},&,1.0,&
{'D1'},{'R3'},{'D2'},{'R2'},{'R1'},{'D7'},{'D3'},{'D4'},{'D5'},,&,1.0,&
{'D1'},{'R3'},{'D2'},{'R2'},{'R1'},{'D7'},{'D6'},,,,&,1.0,&
{'D1'},{'R3'},{'D2'},{'R2'},{'D4'},,,,,,&,2.0,&
{'D1'},{'R3'},{'D2'},{'R2'},{'D4'},{'R1'},{'D7'},,,,&,1.0,&
{'D1'},{'R3'},{'D2'},{'R2'},{'D4'},{'D7'},{'D3'},{'D6'},{'D5'},,&,1.0,&
{'D1'},{'R3'},{'D2'},{'R2'},{'D6'},,,,,,&,1.0,&
{'D1'},{'R3'},{'D2'},{'R2'},{'D3'},,,,,,&,1.0,&
{'D1'},{'R3'},{'D2'},{'R2'},{'D3'},{'R1'},,,,,&,2.0,&
{'D1'},{'R3'},{'D2'},{'R2'},{'D5'},{'D7'},,,,,&,1.0,&
{'D1'},{'R3'},{'D2'},{'R2'},{'D5'},{'D7'},{'R1'},{'D6'},,,&,1.0,&
{'D1'},{'R3'},{'D2'},{'D7'},,,,,,,&,4.0,&
{'D1'},{'R3'},{'D2'},{'D7'},{'R1'},{'D4'},,,,,&,1.0,&
{'D1'},{'R3'},{'D2'},{'D7'},{'R1'},{'R2'},,,,,&,1.0,&
{'D1'},{'R3'},{'D2'},{'D7'},{'R2'},,,,,,&,2.0,&
{'D1'},{'R3'},{'D2'},{'D7'},{'R2'},{'R1'},,,,,&,3.0,&
{'D1'},{'R3'},{'D2'},{'D7'},{'R2'},{'R1'},{'D4'},,,,&,1.0,&
{'D1'},{'R3'},{'D2'},{'D7'},{'R2'},{'R1'},{'D4'},{'D3'},{'D6'},,&,1.0,&
{'D1'},{'R3'},{'D2'},{'D7'},{'R2'},{'D3'},{'D4'},{'R1'},{'D6'},{'D5'},&,1.0,&
{'D1'},{'R3'},{'D2'},{'D7'},{'R2'},{'D6'},{'R1'},{'D4'},{'D3'},,&,1.0,&
{'D1'},{'R3'},{'D2'},{'D7'},{'D4'},{'D3'},,,,,&,1.0,&
{'D1'},{'R3'},{'D2'},{'D7'},{'D4'},{'D3'},{'D5'},{'D6'},,,&,1.0,&
{'D1'},{'R3'},{'D2'},{'D7'},{'D4'},{'D3'},{'R2'},{'D6'},{'D5'},{'R1'},&,1.0,&
{'D1'},{'R3'},{'D2'},{'D7'},{'D4'},{'R2'},,,,,&,2.0,&
{'D1'},{'R3'},{'D2'},{'D7'},{'D4'},{'R2'},{'R1'},,,,&,1.0,&
{'D1'},{'R3'},{'D2'},{'D7'},{'D4'},{'R2'},{'R1'},{'D3'},,,&,1.0,&
{'D1'},{'R3'},{'D2'},{'D7'},{'D4'},{'D6'},{'R1'},{'D3'},,,&,2.0,&
{'D1'},{'R3'},{'D2'},{'D7'},{'D6'},{'D3'},{'R2'},{'R1'},{'D4'},,&,1.0,&
{'D1'},{'R3'},{'D2'},{'D7'},{'D3'},,,,,,&,2.0,&
{'D1'},{'R3'},{'D2'},{'D7'},{'D3'},{'D4'},{'D6'},{'R2'},{'R1'},,&,1.0,&
{'D1'},{'R3'},{'D2'},{'D7'},{'D3'},{'D5'},{'D6'},,,,&,1.0,&
{'D1'},{'R3'},{'D2'},{'D7'},{'D3'},{'D6'},,,,,&,2.0,&
{'D1'},{'R3'},{'D2'},{'D7'},{'D5'},{'R2'},{'D4'},{'R1'},,,&,1.0,&
{'D1'},{'R3'},{'D2'},{'D4'},,,,,,,&,2.0,&
{'D1'},{'R3'},{'D2'},{'D4'},{'D7'},{'R2'},,,,,&,2.0,&
{'D1'},{'R3'},{'D2'},{'D4'},{'D7'},{'R2'},{'R1'},,,,&,1.0,&
{'D1'},{'R3'},{'D2'},{'D4'},{'D7'},{'R2'},{'D6'},{'D3'},{'R1'},,&,1.0,&
{'D1'},{'R3'},{'D2'},{'D4'},{'R1'},,,,,,&,1.0,&
{'D1'},{'R3'},{'D2'},{'D4'},{'R1'},{'D7'},{'R2'},{'D6'},{'D5'},,&,1.0,&
{'D1'},{'R3'},{'D2'},{'D4'},{'R2'},,,,,,&,2.0,&
{'D1'},{'R3'},{'D2'},{'D4'},{'R2'},{'D7'},{'R1'},,,,&,1.0,&
{'D1'},{'R3'},{'D2'},{'D3'},{'R2'},,,,,,&,1.0,&
{'D1'},{'R3'},{'D2'},{'D3'},{'R2'},{'R1'},{'D7'},,,,&,1.0,&
{'D1'},{'R3'},{'D2'},{'D3'},{'R2'},{'R1'},{'D7'},{'D6'},{'D4'},{'D5'},&,1.0,&
{'D1'},{'R3'},{'D2'},{'D3'},{'R2'},{'D7'},{'R1'},{'D4'},,,&,1.0,&
{'D1'},{'R3'},{'D2'},{'D3'},{'D6'},,,,,,&,1.0,&
{'D1'},{'R3'},{'D2'},{'D6'},{'D7'},{'R2'},,,,,&,1.0,&
{'D1'},{'R3'},{'D2'},{'D6'},{'R2'},{'D7'},{'D3'},,,,&,1.0,&
{'D1'},{'R3'},{'D2'},{'D6'},{'R2'},{'D7'},{'R1'},{'D4'},{'D3'},{'D5'},&,1.0,&
{'D1'},{'R3'},{'D2'},{'D5'},{'D7'},{'D4'},{'R2'},{'D3'},{'D6'},{'R1'},&,1.0,&
{'D1'},{'R3'},{'D2'},{'D5'},{'D6'},,,,,,&,1.0,&
{'D1'},{'R3'},{'D3'},,,,,,,,&,4.0,&
{'D1'},{'R3'},{'D3'},{'D2'},{'D7'},{'D4'},,,,,&,1.0,&
{'D1'},{'R3'},{'D3'},{'D2'},{'D7'},{'R1'},,,,,&,1.0,&
{'D1'},{'R3'},{'D3'},{'D2'},{'R2'},,,,,,&,1.0,&
{'D1'},{'R3'},{'D3'},{'D2'},{'R2'},{'R1'},,,,,&,1.0,&
{'D1'},{'R3'},{'D3'},{'D2'},{'R2'},{'D7'},,,,,&,1.0,&
{'D1'},{'R3'},{'D3'},{'D2'},{'D4'},{'D7'},{'R2'},,,,&,1.0,&
{'D1'},{'R3'},{'D3'},{'D2'},{'D4'},{'R2'},{'D7'},,,,&,1.0,&
{'D1'},{'R3'},{'D3'},{'R2'},,,,,,,&,1.0,&
{'D1'},{'R3'},{'D3'},{'R2'},{'D7'},{'R1'},{'D2'},{'D4'},,,&,1.0,&
{'D1'},{'R3'},{'D3'},{'R2'},{'R1'},{'D2'},{'D4'},,,,&,1.0,&
{'D1'},{'R3'},{'D3'},{'R2'},{'D2'},,,,,,&,1.0,&
{'D1'},{'R3'},{'D3'},{'D7'},{'R1'},{'R2'},{'D2'},{'D6'},{'D4'},{'D5'},&,1.0,&
{'D1'},{'R3'},{'D3'},{'D7'},{'R2'},{'D2'},{'D4'},{'D6'},,,&,1.0,&
{'D1'},{'R3'},{'D3'},{'D4'},{'D7'},{'R2'},{'R1'},,,,&,1.0,&
{'D1'},{'R3'},{'D3'},{'D6'},{'R2'},{'R1'},{'D7'},,,,&,1.0,&
{'D1'},{'R3'},{'D6'},,,,,,,,&,5.0,&
{'D1'},{'R3'},{'D6'},{'D2'},{'D7'},,,,,,&,1.0,&
{'D1'},{'R3'},{'D6'},{'D2'},{'D4'},{'D7'},{'D3'},{'R2'},{'R1'},{'D5'},&,1.0,&
{'D1'},{'R3'},{'D6'},{'R1'},{'D2'},{'D7'},{'R2'},{'D4'},{'D3'},,&,1.0,&
{'D1'},{'R3'},{'D6'},{'D7'},{'R2'},,,,,,&,1.0,&
{'D1'},{'R3'},{'D6'},{'D7'},{'R2'},{'D4'},{'R1'},{'D2'},,,&,2.0,&
{'D1'},{'R3'},{'D6'},{'D7'},{'D4'},,,,,,&,1.0,&
{'D1'},{'R3'},{'D6'},{'D7'},{'D2'},{'R2'},{'D4'},{'R1'},{'D3'},{'D5'},&,1.0,&
{'D1'},{'R3'},{'D6'},{'D4'},{'D7'},,,,,,&,1.0,&
{'D1'},{'R3'},{'D5'},{'R2'},{'R1'},{'D4'},{'D3'},{'D7'},,,&,1.0,&
{'D1'},{'R3'},{'D5'},{'D7'},{'D2'},,,,,,&,1.0,&
{'D1'},{'D4'},{'R3'},,,,,,,,&,12.0,&
{'D1'},{'D4'},{'R3'},{'D2'},{'D7'},{'R2'},,,,,&,1.0,&
{'D1'},{'D4'},{'R3'},{'D2'},{'R1'},,,,,,&,1.0,&
{'D1'},{'D4'},{'R3'},{'D2'},{'R2'},,,,,,&,1.0,&
{'D1'},{'D4'},{'R3'},{'D2'},{'R2'},{'R1'},{'D7'},,,,&,1.0,&
{'D1'},{'D4'},{'R3'},{'D2'},{'R2'},{'D7'},,,,,&,1.0,&
{'D1'},{'D4'},{'R3'},{'D2'},{'R2'},{'D7'},{'D3'},{'D6'},,,&,1.0,&
{'D1'},{'D4'},{'R3'},{'D2'},{'R2'},{'D7'},{'R1'},{'D5'},{'D3'},,&,1.0,&
{'D1'},{'D4'},{'R3'},{'R1'},{'D2'},{'D7'},{'R2'},{'D3'},{'D6'},{'D5'},&,1.0,&
{'D1'},{'D4'},{'R3'},{'R2'},{'D7'},,,,,,&,1.0,&
{'D1'},{'D4'},{'R3'},{'R2'},{'R1'},,,,,,&,1.0,&
{'D1'},{'D4'},{'R3'},{'R2'},{'R1'},{'D2'},{'D7'},,,,&,1.0,&
{'D1'},{'D4'},{'R3'},{'R2'},{'D2'},,,,,,&,2.0,&
{'D1'},{'D4'},{'R3'},{'R2'},{'D2'},{'R1'},{'D7'},,,,&,2.0,&
{'D1'},{'D4'},{'R3'},{'R2'},{'D2'},{'D7'},,,,,&,1.0,&
{'D1'},{'D4'},{'R3'},{'R2'},{'D2'},{'D7'},{'D3'},{'R1'},,,&,1.0,&
{'D1'},{'D4'},{'R3'},{'R2'},{'D2'},{'D7'},{'R1'},,,,&,1.0,&
{'D1'},{'D4'},{'R3'},{'R2'},{'D2'},{'D6'},{'R1'},,,,&,1.0,&
{'D1'},{'D4'},{'R3'},{'D7'},,,,,,,&,1.0,&
{'D1'},{'D4'},{'R3'},{'D7'},{'R1'},,,,,,&,1.0,&
{'D1'},{'D4'},{'R3'},{'D7'},{'R1'},{'D6'},{'R2'},,,,&,1.0,&
{'D1'},{'D4'},{'R3'},{'D7'},{'R2'},{'R1'},{'D2'},,,,&,1.0,&
{'D1'},{'D4'},{'R3'},{'D7'},{'R2'},{'R1'},{'D2'},{'D6'},{'D3'},{'D5'},&,1.0,&
{'D1'},{'D4'},{'R3'},{'D7'},{'R2'},{'D2'},{'R1'},{'D3'},{'D6'},{'D5'},&,1.0,&
{'D1'},{'D4'},{'R3'},{'D7'},{'D2'},,,,,,&,1.0,&
{'D1'},{'D4'},{'R3'},{'D7'},{'D2'},{'R1'},,,,,&,1.0,&
{'D1'},{'D4'},{'R3'},{'D7'},{'D2'},{'D3'},{'R1'},,,,&,1.0,&
{'D1'},{'D4'},{'R3'},{'D7'},{'D2'},{'D3'},{'D6'},,,,&,2.0,&
{'D1'},{'D4'},{'R3'},{'D7'},{'D2'},{'R2'},{'D3'},{'D5'},{'R1'},,&,1.0,&
{'D1'},{'D4'},{'R3'},{'D7'},{'D3'},{'D6'},{'D5'},{'D2'},,,&,1.0,&
{'D1'},{'D4'},{'R2'},,,,,,,,&,2.0,&
{'D1'},{'D4'},{'R2'},{'R3'},,,,,,,&,1.0,&
{'D1'},{'D4'},{'R2'},{'R3'},{'D7'},{'D2'},{'R1'},{'D6'},{'D3'},{'D5'},&,1.0,&
{'D1'},{'D4'},{'R2'},{'R3'},{'R1'},{'D3'},,,,,&,2.0,&
{'D1'},{'D4'},{'R2'},{'R3'},{'R1'},{'D2'},{'D7'},{'D3'},{'D5'},{'D6'},&,1.0,&
{'D1'},{'D4'},{'R2'},{'R3'},{'R1'},{'D7'},{'D2'},{'D3'},,,&,1.0,&
{'D1'},{'D4'},{'R2'},{'D2'},,,,,,,&,1.0,&
{'D1'},{'D4'},{'R2'},{'D2'},{'D7'},,,,,,&,1.0,&
{'D1'},{'D4'},{'R2'},{'D2'},{'R3'},{'D6'},{'D7'},,,,&,1.0,&
{'D1'},{'D4'},{'R2'},{'D2'},{'D6'},{'D7'},{'R3'},{'D3'},{'D5'},{'R1'},&,1.0,&
{'D1'},{'D4'},{'R2'},{'R1'},{'D2'},{'R3'},{'D7'},{'D3'},,,&,1.0,&
{'D1'},{'D4'},{'R2'},{'D7'},{'R3'},{'D2'},{'R1'},{'D3'},,,&,1.0,&
{'D1'},{'D4'},{'R2'},{'D7'},{'D2'},{'D6'},,,,,&,1.0,&
{'D1'},{'D4'},{'R2'},{'D5'},{'D2'},{'R3'},{'D7'},{'R1'},,,&,1.0,&
{'D1'},{'D4'},,,,,,,,,&,10.0,&
{'D1'},{'D4'},{'D7'},,,,,,,,&,9.0,&
{'D1'},{'D4'},{'D7'},{'R3'},,,,,,,&,2.0,&
{'D1'},{'D4'},{'D7'},{'R3'},{'R1'},{'R2'},,,,,&,1.0,&
{'D1'},{'D4'},{'D7'},{'R3'},{'R2'},{'D2'},{'D6'},{'D3'},{'D5'},{'R1'},&,1.0,&
{'D1'},{'D4'},{'D7'},{'R3'},{'D2'},{'R2'},{'D3'},{'R1'},{'D6'},,&,1.0,&
{'D1'},{'D4'},{'D7'},{'D2'},,,,,,,&,1.0,&
{'D1'},{'D4'},{'D7'},{'D2'},{'R1'},{'R3'},{'D6'},,,,&,1.0,&
{'D1'},{'D4'},{'D7'},{'D2'},{'R3'},{'R1'},,,,,&,1.0,&
{'D1'},{'D4'},{'D7'},{'D2'},{'R3'},{'D3'},,,,,&,1.0,&
{'D1'},{'D4'},{'D7'},{'D2'},{'R3'},{'D3'},{'R1'},{'R2'},{'D6'},,&,1.0,&
{'D1'},{'D4'},{'D7'},{'D2'},{'R3'},{'D3'},{'R2'},{'D6'},{'R1'},,&,1.0,&
{'D1'},{'D4'},{'D7'},{'D2'},{'R3'},{'D5'},{'D3'},{'D6'},{'R2'},,&,1.0,&
{'D1'},{'D4'},{'D7'},{'D2'},{'R3'},{'R2'},{'D6'},{'R1'},,,&,1.0,&
{'D1'},{'D4'},{'D7'},{'D2'},{'R2'},{'D3'},,,,,&,1.0,&
{'D1'},{'D4'},{'D7'},{'D2'},{'D6'},,,,,,&,1.0,&
{'D1'},{'D4'},{'D7'},{'D2'},{'D6'},{'R3'},{'D5'},{'R2'},{'D3'},{'R1'},&,1.0,&
{'D1'},{'D4'},{'D7'},{'D2'},{'D6'},{'R3'},{'R2'},,,,&,1.0,&
{'D1'},{'D4'},{'D7'},{'D2'},{'D3'},{'R3'},{'R2'},{'D5'},{'D6'},{'R1'},&,1.0,&
{'D1'},{'D4'},{'D7'},{'D2'},{'D3'},{'D6'},{'D5'},,,,&,1.0,&
{'D1'},{'D4'},{'D7'},{'D2'},{'D3'},{'D6'},{'R3'},,,,&,1.0,&
{'D1'},{'D4'},{'D7'},{'D2'},{'D5'},{'R2'},{'R3'},,,,&,1.0,&
{'D1'},{'D4'},{'D7'},{'R2'},{'R1'},{'D2'},{'R3'},{'D3'},{'D6'},,&,1.0,&
{'D1'},{'D4'},{'D7'},{'R2'},{'D2'},{'D6'},,,,,&,1.0,&
{'D1'},{'D4'},{'D7'},{'R2'},{'D6'},{'R3'},{'R1'},{'D2'},,,&,1.0,&
{'D1'},{'D4'},{'D7'},{'R2'},{'D6'},{'R3'},{'R1'},{'D2'},{'D3'},{'D5'},&,1.0,&
{'D1'},{'D4'},{'D7'},{'R2'},{'D5'},{'R3'},,,,,&,1.0,&
{'D1'},{'D4'},{'D7'},{'D3'},{'R3'},,,,,,&,1.0,&
{'D1'},{'D4'},{'D7'},{'D6'},{'D2'},{'D3'},{'R3'},{'R2'},,,&,1.0,&
{'D1'},{'D4'},{'R1'},{'D2'},{'D7'},{'R3'},{'R2'},{'D3'},{'D6'},{'D5'},&,1.0,&
{'D1'},{'D4'},{'R1'},{'D7'},{'D2'},{'R2'},,,,,&,1.0,&
{'D1'},{'D4'},{'R1'},{'D7'},{'D2'},{'D6'},{'R3'},{'R2'},{'D3'},,&,1.0,&
{'D1'},{'D4'},{'R1'},{'D7'},{'D6'},{'D2'},,,,,&,1.0,&
{'D1'},{'D4'},{'D2'},,,,,,,,&,8.0,&
{'D1'},{'D4'},{'D2'},{'R3'},,,,,,,&,1.0,&
{'D1'},{'D4'},{'D2'},{'R3'},{'R1'},{'D3'},{'D5'},{'D7'},{'D6'},,&,1.0,&
{'D1'},{'D4'},{'D2'},{'R3'},{'R2'},{'R1'},,,,,&,1.0,&
{'D1'},{'D4'},{'D2'},{'R3'},{'R2'},{'D3'},{'D7'},{'D6'},{'R1'},{'D5'},&,1.0,&
{'D1'},{'D4'},{'D2'},{'R3'},{'R2'},{'D7'},{'D5'},{'D6'},{'D3'},{'R1'},&,1.0,&
{'D1'},{'D4'},{'D2'},{'R3'},{'D5'},,,,,,&,1.0,&
{'D1'},{'D4'},{'D2'},{'R2'},,,,,,,&,1.0,&
{'D1'},{'D4'},{'D2'},{'R2'},{'R3'},{'D7'},{'R1'},,,,&,1.0,&
{'D1'},{'D4'},{'D2'},{'D7'},,,,,,,&,4.0,&
{'D1'},{'D4'},{'D2'},{'D7'},{'R1'},{'D5'},,,,,&,1.0,&
{'D1'},{'D4'},{'D2'},{'D7'},{'R1'},{'D5'},{'R2'},{'D3'},{'R3'},{'D6'},&,1.0,&
{'D1'},{'D4'},{'D2'},{'D7'},{'R3'},{'R1'},{'D3'},{'D6'},{'D5'},{'R2'},&,1.0,&
{'D1'},{'D4'},{'D2'},{'D7'},{'R3'},{'R1'},{'R2'},{'D6'},{'D3'},,&,1.0,&
{'D1'},{'D4'},{'D2'},{'D7'},{'R3'},{'D3'},{'D6'},{'D5'},{'R2'},{'R1'},&,1.0,&
{'D1'},{'D4'},{'D2'},{'D7'},{'R3'},{'R2'},{'D6'},{'D3'},{'D5'},,&,1.0,&
{'D1'},{'D4'},{'D2'},{'D7'},{'D6'},{'D3'},{'D5'},{'R3'},{'R2'},{'R1'},&,1.0,&
{'D1'},{'D4'},{'D2'},{'D7'},{'D6'},{'R3'},,,,,&,2.0,&
{'D1'},{'D4'},{'D2'},{'D7'},{'D6'},{'R3'},{'D3'},{'D5'},{'R2'},{'R1'},&,1.0,&
{'D1'},{'D4'},{'D2'},{'D7'},{'D3'},{'R3'},,,,,&,1.0,&
{'D1'},{'D4'},{'D2'},{'D7'},{'D5'},,,,,,&,1.0,&
{'D1'},{'D4'},{'D2'},{'D7'},{'D5'},{'R3'},{'R2'},{'D6'},{'R1'},,&,1.0,&
{'D1'},{'D4'},{'D2'},{'D3'},{'R3'},{'D7'},,,,,&,1.0,&
{'D1'},{'D4'},{'D2'},{'D3'},{'R3'},{'D7'},{'R2'},{'R1'},,,&,1.0,&
{'D1'},{'D4'},{'D2'},{'D3'},{'R2'},{'R3'},{'D7'},{'R1'},{'D6'},{'D5'},&,1.0,&
{'D1'},{'D4'},{'D2'},{'D6'},,,,,,,&,1.0,&
{'D1'},{'D4'},{'D3'},{'R3'},,,,,,,&,1.0,&
{'D1'},{'D4'},{'D3'},{'R3'},{'R2'},{'D7'},{'D2'},{'D5'},{'R1'},{'D6'},&,1.0,&
{'D1'},{'D4'},{'D3'},{'R3'},{'D6'},{'R2'},,,,,&,1.0,&
{'D1'},{'D4'},{'D3'},{'R1'},{'R3'},{'D2'},{'D7'},,,,&,1.0,&
{'D1'},{'D4'},{'D3'},{'R2'},{'R3'},{'D2'},{'D7'},{'D5'},{'D6'},{'R1'},&,1.0,&
{'D1'},{'D4'},{'D3'},{'D7'},{'D2'},{'D6'},{'R3'},{'R1'},{'R2'},{'D5'},&,1.0,&
{'D1'},{'D4'},{'D6'},,,,,,,,&,1.0,&
{'D1'},{'D4'},{'D6'},{'D2'},,,,,,,&,1.0,&
{'D1'},{'D4'},{'D6'},{'R2'},{'R3'},{'R1'},{'D7'},,,,&,1.0,&
{'D1'},{'D4'},{'D6'},{'D7'},{'R3'},,,,,,&,1.0,&
{'D1'},{'R1'},{'R3'},,,,,,,,&,1.0,&
{'D1'},{'R1'},{'R3'},{'D2'},{'D7'},{'D4'},{'D6'},{'D3'},,,&,1.0,&
{'D1'},{'R1'},{'R3'},{'D2'},{'D6'},{'D7'},{'D5'},{'R2'},{'D4'},,&,1.0,&
{'D1'},{'R1'},{'R3'},{'R2'},{'D7'},{'D4'},{'D2'},,,,&,1.0,&
{'D1'},{'R1'},{'R3'},{'R2'},{'D7'},{'D3'},,,,,&,1.0,&
{'D1'},{'R1'},{'R3'},{'R2'},{'D7'},{'D2'},{'D6'},{'D3'},{'D4'},{'D5'},&,1.0,&
{'D1'},{'R1'},{'R3'},{'R2'},{'D2'},,,,,,&,2.0,&
{'D1'},{'R1'},{'R3'},{'D7'},{'R2'},,,,,,&,1.0,&
{'D1'},{'R1'},{'R3'},{'D7'},{'D2'},,,,,,&,1.0,&
{'D1'},{'R1'},{'R3'},{'D7'},{'D3'},{'D6'},{'D2'},,,,&,1.0,&
{'D1'},{'R1'},{'R3'},{'D5'},{'R2'},,,,,,&,1.0,&
{'D1'},{'R1'},{'R2'},,,,,,,,&,2.0,&
{'D1'},{'R1'},{'R2'},{'R3'},,,,,,,&,1.0,&
{'D1'},{'R1'},{'R2'},{'R3'},{'D7'},{'D2'},{'D3'},,,,&,1.0,&
{'D1'},{'R1'},{'R2'},{'R3'},{'D2'},,,,,,&,1.0,&
{'D1'},{'R1'},{'R2'},{'D2'},,,,,,,&,2.0,&
{'D1'},{'R1'},{'R2'},{'D2'},{'D7'},{'D3'},,,,,&,1.0,&
{'D1'},{'R1'},{'R2'},{'D2'},{'D7'},{'R3'},,,,,&,1.0,&
{'D1'},{'R1'},{'R2'},{'D2'},{'R3'},,,,,,&,1.0,&
{'D1'},{'R1'},{'R2'},{'D2'},{'R3'},{'D6'},,,,,&,1.0,&
{'D1'},{'R1'},{'R2'},{'D7'},,,,,,,&,1.0,&
{'D1'},{'R1'},{'R2'},{'D7'},{'D4'},{'D2'},{'D3'},,,,&,1.0,&
{'D1'},{'R1'},{'R2'},{'D4'},,,,,,,&,1.0,&
{'D1'},{'R1'},{'R2'},{'D4'},{'D7'},{'D2'},{'D6'},{'D3'},{'R3'},{'D5'},&,1.0,&
{'D1'},{'R1'},{'D4'},{'D2'},{'D5'},,,,,,&,1.0,&
{'D1'},{'R1'},{'D4'},{'D3'},{'R3'},{'R2'},{'D7'},{'D2'},{'D6'},,&,1.0,&
{'D1'},{'R1'},,,,,,,,,&,8.0,&
{'D1'},{'R1'},{'D7'},{'R3'},,,,,,,&,1.0,&
{'D1'},{'R1'},{'D7'},{'R3'},{'R2'},,,,,,&,1.0,&
{'D1'},{'R1'},{'D7'},{'D2'},,,,,,,&,1.0,&
{'D1'},{'R1'},{'D7'},{'D2'},{'D4'},{'D3'},{'R3'},{'R2'},,,&,1.0,&
{'D1'},{'R1'},{'D7'},{'D2'},{'D4'},{'R3'},{'R2'},{'D3'},{'D6'},,&,1.0,&
{'D1'},{'R1'},{'D7'},{'D2'},{'D4'},{'D6'},{'R3'},{'D3'},{'D5'},,&,1.0,&
{'D1'},{'R1'},{'D7'},{'R2'},{'D4'},{'R3'},{'D2'},{'D3'},,,&,1.0,&
{'D1'},{'R1'},{'D7'},{'D4'},{'R3'},{'D6'},{'D3'},{'D2'},{'R2'},,&,1.0,&
{'D1'},{'R1'},{'D7'},{'D4'},{'R2'},{'D3'},{'D2'},{'R3'},{'D5'},{'D6'},&,1.0,&
{'D1'},{'R1'},{'D7'},{'D6'},{'D2'},{'R3'},{'R2'},,,,&,1.0,&
{'D1'},{'R1'},{'D2'},,,,,,,,&,5.0,&
{'D1'},{'R1'},{'D2'},{'R3'},,,,,,,&,1.0,&
{'D1'},{'R1'},{'D2'},{'R3'},{'R2'},{'D7'},{'D6'},{'D4'},{'D3'},{'D5'},&,1.0,&
{'D1'},{'R1'},{'D2'},{'R2'},{'D7'},,,,,,&,1.0,&
{'D1'},{'R1'},{'D2'},{'R2'},{'D7'},{'R3'},{'D4'},,,,&,1.0,&
{'D1'},{'R1'},{'D2'},{'R2'},{'R3'},{'D7'},{'D4'},,,,&,1.0,&
{'D1'},{'R1'},{'D2'},{'D7'},,,,,,,&,1.0,&
{'D1'},{'R1'},{'D2'},{'D7'},{'R2'},,,,,,&,1.0,&
{'D1'},{'R1'},{'D2'},{'D7'},{'D4'},{'R3'},{'D6'},,,,&,1.0,&
{'D1'},{'R1'},{'D2'},{'D4'},{'D7'},,,,,,&,2.0,&
{'D1'},{'R1'},{'D2'},{'D4'},{'D7'},{'R3'},{'R2'},{'D3'},{'D6'},,&,1.0,&
{'D1'},{'R1'},{'D2'},{'D3'},{'D7'},{'D5'},{'D4'},{'D6'},,,&,1.0,&
{'D1'},{'R1'},{'D2'},{'D6'},,,,,,,&,1.0,&
{'D1'},{'R1'},{'D3'},,,,,,,,&,2.0,&
{'D1'},{'R1'},{'D6'},,,,,,,,&,1.0,&
{'D1'},{'R1'},{'D6'},{'D2'},{'D7'},{'D4'},,,,,&,1.0,&
{'D1'},{'R1'},{'D6'},{'D2'},{'D4'},{'D7'},{'D3'},{'D5'},{'R2'},{'R3'},&,1.0,&
{'D1'},{'R1'},{'D6'},{'D2'},{'D4'},{'D7'},{'D3'},{'R2'},{'R3'},,&,1.0,&
{'D1'},{'R1'},{'D6'},{'D7'},,,,,,,&,1.0,&
{'D1'},{'D5'},{'D4'},,,,,,,,&,1.0,&
{'D1'},{'D5'},,,,,,,,,&,3.0,&
{'D1'},{'D5'},{'D7'},{'D2'},,,,,,,&,2.0,&
{'D1'},{'D5'},{'D7'},{'D2'},{'R3'},{'D3'},{'D4'},{'R2'},{'D6'},,&,1.0,&
{'D1'},{'D5'},{'D2'},{'R2'},{'R3'},,,,,,&,1.0,&
{'D1'},{'D5'},{'D2'},{'D7'},{'R3'},{'D4'},{'D3'},{'R2'},{'R1'},{'D6'},&,1.0,&
{'D1'},{'D5'},{'D2'},{'D7'},{'D4'},{'D6'},{'R2'},{'R3'},{'D3'},{'R1'},&,1.0,&
{'D1'},{'D5'},{'D2'},{'D3'},,,,,,,&,1.0,&
{'D1'},{'D5'},{'D3'},{'R3'},,,,,,,&,1.0,&
{'D1'},{'D3'},{'R3'},,,,,,,,&,4.0,&
{'D1'},{'D3'},{'R3'},{'D2'},{'D7'},{'R2'},{'D4'},{'D6'},{'D5'},,&,1.0,&
{'D1'},{'D3'},{'R3'},{'D2'},{'R2'},{'R1'},{'D7'},,,,&,1.0,&
{'D1'},{'D3'},{'R3'},{'R2'},{'D7'},,,,,,&,1.0,&
{'D1'},{'D3'},{'R3'},{'R2'},{'R1'},{'D4'},{'D7'},{'D2'},{'D5'},{'D6'},&,1.0,&
{'D1'},{'D3'},{'R3'},{'R2'},{'D2'},{'D7'},{'R1'},{'D4'},{'D5'},{'D6'},&,1.0,&
{'D1'},{'D3'},{'R3'},{'D7'},{'R2'},,,,,,&,1.0,&
{'D1'},{'D3'},{'R3'},{'D7'},{'D2'},{'R2'},,,,,&,1.0,&
{'D1'},{'D3'},{'R3'},{'D4'},,,,,,,&,2.0,&
{'D1'},{'D3'},{'R3'},{'D4'},{'R2'},,,,,,&,1.0,&
{'D1'},{'D3'},{'R3'},{'D4'},{'R2'},{'R1'},{'D7'},,,,&,1.0,&
{'D1'},{'D3'},{'R2'},,,,,,,,&,2.0,&
{'D1'},{'D3'},{'R2'},{'R3'},,,,,,,&,1.0,&
{'D1'},{'D3'},{'R2'},{'R3'},{'D7'},{'D2'},{'R1'},{'D4'},{'D6'},,&,1.0,&
{'D1'},{'D3'},{'R2'},{'R3'},{'R1'},,,,,,&,1.0,&
{'D1'},{'D3'},{'R2'},{'R3'},{'R1'},{'D7'},{'D2'},,,,&,1.0,&
{'D1'},{'D3'},{'R2'},{'D2'},,,,,,,&,1.0,&
{'D1'},{'D3'},{'R2'},{'R1'},{'D7'},{'R3'},{'D4'},,,,&,1.0,&
{'D1'},{'D3'},{'R2'},{'D7'},,,,,,,&,1.0,&
{'D1'},{'D3'},{'R2'},{'D7'},{'D2'},,,,,,&,1.0,&
{'D1'},{'D3'},{'R2'},{'D6'},{'D2'},{'R3'},,,,,&,1.0,&
{'D1'},{'D3'},{'D4'},,,,,,,,&,3.0,&
{'D1'},{'D3'},{'D4'},{'D7'},{'D2'},{'R3'},{'D6'},{'R2'},{'D5'},,&,1.0,&
{'D1'},{'D3'},,,,,,,,,&,7.0,&
{'D1'},{'D3'},{'D7'},,,,,,,,&,1.0,&
{'D1'},{'D3'},{'D7'},{'R3'},,,,,,,&,1.0,&
{'D1'},{'D3'},{'D7'},{'R3'},{'R2'},{'R1'},{'D2'},{'D4'},{'D6'},{'D5'},&,1.0,&
{'D1'},{'D3'},{'D7'},{'D2'},,,,,,,&,1.0,&
{'D1'},{'D3'},{'D7'},{'D4'},,,,,,,&,1.0,&
{'D1'},{'D3'},{'R1'},,,,,,,,&,1.0,&
{'D1'},{'D3'},{'R1'},{'R3'},{'D2'},{'D5'},{'D6'},{'D7'},{'R2'},{'D4'},&,1.0,&
{'D1'},{'D3'},{'R1'},{'D2'},{'R2'},{'D7'},,,,,&,1.0,&
{'D1'},{'D3'},{'R1'},{'D7'},{'D2'},,,,,,&,1.0,&
{'D1'},{'D3'},{'R1'},{'D4'},{'D2'},{'D5'},,,,,&,1.0,&
{'D1'},{'D3'},{'D2'},,,,,,,,&,3.0,&
{'D1'},{'D3'},{'D2'},{'R3'},{'D7'},,,,,,&,1.0,&
{'D1'},{'D3'},{'D2'},{'R3'},{'R2'},{'R1'},,,,,&,1.0,&
{'D1'},{'D3'},{'D2'},{'R3'},{'D4'},{'D7'},{'R2'},{'R1'},,,&,1.0,&
{'D1'},{'D3'},{'D2'},{'R3'},{'D5'},,,,,,&,1.0,&
{'D1'},{'D3'},{'D2'},{'R2'},,,,,,,&,1.0,&
{'D1'},{'D3'},{'D2'},{'R2'},{'D7'},{'D4'},{'R3'},,,,&,1.0,&
{'D1'},{'D3'},{'D2'},{'R2'},{'R3'},{'D7'},{'D5'},,,,&,1.0,&
{'D1'},{'D3'},{'D2'},{'D7'},{'D4'},{'R2'},{'R3'},{'D6'},{'D5'},{'R1'},&,1.0,&
{'D1'},{'D3'},{'D2'},{'D7'},{'D4'},{'R3'},,,,,&,1.0,&
{'D1'},{'D3'},{'D2'},{'D7'},{'D6'},{'D4'},{'R2'},{'R3'},{'R1'},{'D5'},&,1.0,&
{'D1'},{'D3'},{'D2'},{'D4'},{'R3'},{'D7'},{'R2'},,,,&,1.0,&
{'D1'},{'D3'},{'D2'},{'D4'},{'R2'},,,,,,&,1.0,&
{'D1'},{'D3'},{'D2'},{'D5'},,,,,,,&,1.0,&
{'D1'},{'D3'},{'D6'},{'R3'},,,,,,,&,1.0,&
{'D1'},{'D3'},{'D6'},{'D2'},{'D7'},,,,,,&,1.0,&
{'D1'},{'D3'},{'D5'},{'R3'},,,,,,,&,1.0,&
{'D1'},{'D7'},{'R3'},,,,,,,,&,21.0,&
{'D1'},{'D7'},{'R3'},{'D2'},,,,,,,&,5.0,&
{'D1'},{'D7'},{'R3'},{'D2'},{'R1'},{'R2'},,,,,&,1.0,&
{'D1'},{'D7'},{'R3'},{'D2'},{'R2'},,,,,,&,2.0,&
{'D1'},{'D7'},{'R3'},{'D2'},{'R2'},{'D4'},{'R1'},,,,&,2.0,&
{'D1'},{'D7'},{'R3'},{'D2'},{'R2'},{'D4'},{'R1'},{'D6'},{'D3'},{'D5'},&,1.0,&
{'D1'},{'D7'},{'R3'},{'D2'},{'R2'},{'D4'},{'D5'},{'D3'},{'R1'},,&,1.0,&
{'D1'},{'D7'},{'R3'},{'D2'},{'R2'},{'D3'},{'R1'},{'D4'},{'D5'},{'D6'},&,1.0,&
{'D1'},{'D7'},{'R3'},{'D2'},{'D4'},{'D3'},,,,,&,2.0,&
{'D1'},{'D7'},{'R3'},{'D2'},{'D4'},{'R2'},{'R1'},{'D6'},{'D3'},{'D5'},&,1.0,&
{'D1'},{'D7'},{'R3'},{'D2'},{'D4'},{'D6'},,,,,&,1.0,&
{'D1'},{'D7'},{'R3'},{'D2'},{'D6'},{'R2'},{'R1'},{'D3'},{'D4'},{'D5'},&,1.0,&
{'D1'},{'D7'},{'R3'},{'D2'},{'D3'},{'D4'},,,,,&,1.0,&
{'D1'},{'D7'},{'R3'},{'D2'},{'D3'},{'R2'},{'R1'},,,,&,1.0,&
{'D1'},{'D7'},{'R3'},{'D2'},{'D3'},{'R2'},{'D4'},{'D6'},{'D5'},{'R1'},&,1.0,&
{'D1'},{'D7'},{'R3'},{'D2'},{'D3'},{'D6'},{'D4'},{'R1'},{'R2'},{'D5'},&,1.0,&
{'D1'},{'D7'},{'R3'},{'D2'},{'D5'},{'R1'},{'D3'},{'D4'},{'D6'},{'R2'},&,1.0,&
{'D1'},{'D7'},{'R3'},{'D2'},{'D5'},{'D3'},{'D6'},{'D4'},{'R2'},,&,1.0,&
{'D1'},{'D7'},{'R3'},{'R1'},,,,,,,&,2.0,&
{'D1'},{'D7'},{'R3'},{'R1'},{'R2'},,,,,,&,2.0,&
{'D1'},{'D7'},{'R3'},{'R1'},{'D4'},{'D2'},,,,,&,1.0,&
{'D1'},{'D7'},{'R3'},{'R1'},{'D2'},{'R2'},{'D3'},{'D4'},{'D6'},{'D5'},&,1.0,&
{'D1'},{'D7'},{'R3'},{'R2'},,,,,,,&,3.0,&
{'D1'},{'D7'},{'R3'},{'R2'},{'R1'},,,,,,&,6.0,&
{'D1'},{'D7'},{'R3'},{'R2'},{'R1'},{'D4'},,,,,&,1.0,&
{'D1'},{'D7'},{'R3'},{'R2'},{'R1'},{'D2'},,,,,&,2.0,&
{'D1'},{'D7'},{'R3'},{'R2'},{'R1'},{'D2'},{'D4'},{'D6'},,,&,1.0,&
{'D1'},{'D7'},{'R3'},{'R2'},{'D4'},{'R1'},,,,,&,1.0,&
{'D1'},{'D7'},{'R3'},{'R2'},{'D4'},{'D2'},{'R1'},{'D5'},{'D6'},,&,1.0,&
{'D1'},{'D7'},{'R3'},{'R2'},{'D4'},{'D2'},{'D6'},{'R1'},{'D3'},{'D5'},&,1.0,&
{'D1'},{'D7'},{'R3'},{'R2'},{'D2'},,,,,,&,2.0,&
{'D1'},{'D7'},{'R3'},{'R2'},{'D2'},{'D4'},{'D6'},{'D3'},,,&,1.0,&
{'D1'},{'D7'},{'R3'},{'R2'},{'D2'},{'D3'},{'R1'},,,,&,1.0,&
{'D1'},{'D7'},{'R3'},{'R2'},{'D2'},{'D5'},{'R1'},,,,&,1.0,&
{'D1'},{'D7'},{'R3'},{'R2'},{'D3'},{'R1'},,,,,&,1.0,&
{'D1'},{'D7'},{'R3'},{'R2'},{'D3'},{'D2'},,,,,&,1.0,&
{'D1'},{'D7'},{'R3'},{'D4'},{'R1'},,,,,,&,1.0,&
{'D1'},{'D7'},{'R3'},{'D4'},{'R2'},,,,,,&,1.0,&
{'D1'},{'D7'},{'R3'},{'D4'},{'R2'},{'D3'},{'R1'},,,,&,1.0,&
{'D1'},{'D7'},{'R3'},{'D4'},{'R2'},{'D2'},{'R1'},{'D3'},,,&,1.0,&
{'D1'},{'D7'},{'R3'},{'D4'},{'D2'},,,,,,&,1.0,&
{'D1'},{'D7'},{'R3'},{'D4'},{'D2'},{'D3'},{'R2'},{'D6'},{'D5'},,&,1.0,&
{'D1'},{'D7'},{'R3'},{'D4'},{'D5'},,,,,,&,1.0,&
{'D1'},{'D7'},{'R3'},{'D3'},{'R1'},{'D2'},{'D4'},,,,&,1.0,&
{'D1'},{'D7'},{'R3'},{'D3'},{'D2'},,,,,,&,1.0,&
{'D1'},{'D7'},{'R3'},{'D3'},{'D2'},{'D4'},{'D6'},,,,&,1.0,&
{'D1'},{'D7'},{'R3'},{'D3'},{'D2'},{'R2'},{'D4'},{'R1'},{'D6'},{'D5'},&,1.0,&
{'D1'},{'D7'},{'R3'},{'D3'},{'D6'},{'R2'},{'D2'},,,,&,1.0,&
{'D1'},{'D7'},{'R3'},{'D5'},,,,,,,&,2.0,&
{'D1'},{'D7'},{'R2'},,,,,,,,&,14.0,&
{'D1'},{'D7'},{'R2'},{'R3'},,,,,,,&,2.0,&
{'D1'},{'D7'},{'R2'},{'R3'},{'R1'},,,,,,&,2.0,&
{'D1'},{'D7'},{'R2'},{'R3'},{'R1'},{'D3'},{'D2'},,,,&,1.0,&
{'D1'},{'D7'},{'R2'},{'R3'},{'R1'},{'D2'},{'D3'},,,,&,2.0,&
{'D1'},{'D7'},{'R2'},{'R3'},{'R1'},{'D2'},{'D4'},,,,&,2.0,&
{'D1'},{'D7'},{'R2'},{'R3'},{'R1'},{'D2'},{'D6'},,,,&,2.0,&
{'D1'},{'D7'},{'R2'},{'R3'},{'D4'},{'D3'},{'D2'},{'D6'},{'D5'},,&,1.0,&
{'D1'},{'D7'},{'R2'},{'R3'},{'D2'},,,,,,&,1.0,&
{'D1'},{'D7'},{'R2'},{'R3'},{'D2'},{'D4'},,,,,&,1.0,&
{'D1'},{'D7'},{'R2'},{'R3'},{'D2'},{'D4'},{'D3'},,,,&,1.0,&
{'D1'},{'D7'},{'R2'},{'R3'},{'D2'},{'D4'},{'D3'},{'R1'},{'D5'},{'D6'},&,1.0,&
{'D1'},{'D7'},{'R2'},{'R3'},{'D2'},{'R1'},,,,,&,1.0,&
{'D1'},{'D7'},{'R2'},{'R3'},{'D2'},{'R1'},{'D4'},{'D6'},,,&,1.0,&
{'D1'},{'D7'},{'R2'},{'R3'},{'D2'},{'D6'},{'D3'},{'D4'},,,&,1.0,&
{'D1'},{'D7'},{'R2'},{'R3'},{'D2'},{'D6'},{'R1'},{'D4'},{'D3'},{'D5'},&,1.0,&
{'D1'},{'D7'},{'R2'},{'R3'},{'D5'},{'R1'},{'D6'},{'D2'},,,&,1.0,&
{'D1'},{'D7'},{'R2'},{'D2'},{'R3'},,,,,,&,1.0,&
{'D1'},{'D7'},{'R2'},{'D2'},{'R3'},{'D4'},,,,,&,1.0,&
{'D1'},{'D7'},{'R2'},{'D2'},{'R3'},{'D4'},{'R1'},{'D3'},{'D6'},,&,1.0,&
{'D1'},{'D7'},{'R2'},{'D2'},{'R3'},{'R1'},,,,,&,1.0,&
{'D1'},{'D7'},{'R2'},{'D2'},{'R3'},{'D3'},{'R1'},,,,&,1.0,&
{'D1'},{'D7'},{'R2'},{'D2'},{'R3'},{'D3'},{'D6'},{'D5'},,,&,1.0,&
{'D1'},{'D7'},{'R2'},{'D2'},{'R3'},{'D6'},,,,,&,1.0,&
{'D1'},{'D7'},{'R2'},{'D2'},{'R3'},{'D6'},{'D3'},,,,&,1.0,&
{'D1'},{'D7'},{'R2'},{'D2'},{'R3'},{'D6'},{'R1'},{'D3'},,,&,1.0,&
{'D1'},{'D7'},{'R2'},{'D2'},{'R3'},{'D6'},{'R1'},{'D4'},{'D5'},{'D3'},&,1.0,&
{'D1'},{'D7'},{'R2'},{'D2'},{'D4'},{'D3'},,,,,&,1.0,&
{'D1'},{'D7'},{'R2'},{'D2'},{'D6'},,,,,,&,1.0,&
{'D1'},{'D7'},{'R2'},{'D2'},{'D6'},{'D4'},,,,,&,1.0,&
{'D1'},{'D7'},{'R2'},{'R1'},{'D2'},{'R3'},{'D6'},{'D4'},{'D3'},{'D5'},&,1.0,&
{'D1'},{'D7'},{'R2'},{'R1'},{'D3'},{'R3'},{'D4'},,,,&,1.0,&
{'D1'},{'D7'},{'R2'},{'D4'},,,,,,,&,1.0,&
{'D1'},{'D7'},{'R2'},{'D4'},{'R3'},,,,,,&,1.0,&
{'D1'},{'D7'},{'R2'},{'D4'},{'R3'},{'R1'},{'D6'},{'D2'},,,&,1.0,&
{'D1'},{'D7'},{'R2'},{'D4'},{'R3'},{'D2'},{'D3'},{'R1'},,,&,1.0,&
{'D1'},{'D7'},{'R2'},{'D3'},,,,,,,&,1.0,&
{'D1'},{'D7'},{'R2'},{'D3'},{'D2'},{'D4'},{'D6'},{'D5'},{'R3'},{'R1'},&,1.0,&
{'D1'},{'D7'},{'R2'},{'D3'},{'D2'},{'R3'},{'R1'},,,,&,1.0,&
{'D1'},{'D7'},{'R2'},{'D6'},,,,,,,&,1.0,&
{'D1'},{'D7'},{'R2'},{'D6'},{'D4'},{'D2'},{'R1'},,,,&,1.0,&
{'D1'},{'D7'},{'R2'},{'D6'},{'D4'},{'R3'},{'R1'},{'D2'},{'D3'},,&,1.0,&
{'D1'},{'D7'},{'R2'},{'D5'},,,,,,,&,1.0,&
{'D1'},{'D7'},{'D4'},,,,,,,,&,5.0,&
{'D1'},{'D7'},{'D4'},{'R3'},,,,,,,&,1.0,&
{'D1'},{'D7'},{'D4'},{'R3'},{'R1'},,,,,,&,1.0,&
{'D1'},{'D7'},{'D4'},{'R3'},{'R2'},{'D2'},,,,,&,1.0,&
{'D1'},{'D7'},{'D4'},{'R3'},{'R2'},{'D2'},{'R1'},{'D3'},{'D5'},,&,1.0,&
{'D1'},{'D7'},{'D4'},{'R3'},{'D2'},{'D3'},{'R2'},{'D6'},{'R1'},,&,1.0,&
{'D1'},{'D7'},{'D4'},{'R3'},{'D2'},{'R2'},{'D3'},{'D6'},,,&,1.0,&
{'D1'},{'D7'},{'D4'},{'R3'},{'D2'},{'R2'},{'D5'},{'D6'},,,&,1.0,&
{'D1'},{'D7'},{'D4'},{'R3'},{'D6'},{'R1'},{'R2'},,,,&,1.0,&
{'D1'},{'D7'},{'D4'},{'R3'},{'D3'},,,,,,&,1.0,&
{'D1'},{'D7'},{'D4'},{'R3'},{'D3'},{'D2'},{'R1'},{'R2'},{'D6'},,&,1.0,&
{'D1'},{'D7'},{'D4'},{'R3'},{'D3'},{'R2'},{'D2'},{'D6'},{'R1'},{'D5'},&,1.0,&
{'D1'},{'D7'},{'D4'},{'D2'},,,,,,,&,4.0,&
{'D1'},{'D7'},{'D4'},{'D2'},{'R3'},,,,,,&,2.0,&
{'D1'},{'D7'},{'D4'},{'D2'},{'R3'},{'R2'},{'D3'},{'R1'},{'D6'},{'D5'},&,1.0,&
{'D1'},{'D7'},{'D4'},{'D2'},{'R3'},{'D6'},{'D3'},{'R2'},,,&,1.0,&
{'D1'},{'D7'},{'D4'},{'D2'},{'R3'},{'D6'},{'R2'},{'D5'},{'D3'},,&,1.0,&
{'D1'},{'D7'},{'D4'},{'D2'},{'R2'},{'D3'},,,,,&,1.0,&
{'D1'},{'D7'},{'D4'},{'D2'},{'R2'},{'D3'},{'D6'},{'D5'},,,&,1.0,&
{'D1'},{'D7'},{'D4'},{'D2'},{'R2'},{'R3'},{'D3'},{'D6'},{'R1'},{'D5'},&,1.0,&
{'D1'},{'D7'},{'D4'},{'D2'},{'D6'},{'D3'},{'R1'},{'D5'},,,&,1.0,&
{'D1'},{'D7'},{'D4'},{'D2'},{'D6'},{'D3'},{'D5'},,,,&,1.0,&
{'D1'},{'D7'},{'D4'},{'D2'},{'D6'},{'R2'},{'D3'},{'D5'},{'R3'},,&,1.0,&
{'D1'},{'D7'},{'D4'},{'D2'},{'D3'},{'D5'},{'R3'},,,,&,1.0,&
{'D1'},{'D7'},{'D4'},{'D2'},{'D3'},{'R3'},{'R1'},,,,&,1.0,&
{'D1'},{'D7'},{'D4'},{'R1'},{'R3'},,,,,,&,1.0,&
{'D1'},{'D7'},{'D4'},{'R1'},{'D2'},{'D5'},{'R2'},{'D3'},{'R3'},,&,1.0,&
{'D1'},{'D7'},{'D4'},{'R2'},{'R3'},{'R1'},{'D3'},,,,&,1.0,&
{'D1'},{'D7'},{'D4'},{'R2'},{'R3'},{'R1'},{'D2'},{'D6'},{'D3'},,&,1.0,&
{'D1'},{'D7'},{'D4'},{'R2'},{'R3'},{'D2'},{'D3'},,,,&,1.0,&
{'D1'},{'D7'},{'D4'},{'R2'},{'D2'},,,,,,&,2.0,&
{'D1'},{'D7'},{'D4'},{'R2'},{'D2'},{'D3'},{'R3'},{'D6'},{'R1'},{'D5'},&,1.0,&
{'D1'},{'D7'},{'D4'},{'R2'},{'D2'},{'R3'},{'D3'},{'D5'},{'D6'},,&,1.0,&
{'D1'},{'D7'},{'D4'},{'D3'},,,,,,,&,2.0,&
{'D1'},{'D7'},{'D4'},{'D3'},{'R2'},,,,,,&,1.0,&
{'D1'},{'D7'},{'D4'},{'D3'},{'D2'},,,,,,&,1.0,&
{'D1'},{'D7'},{'D4'},{'D3'},{'D2'},{'D6'},{'R3'},{'D5'},,,&,1.0,&
{'D1'},{'D7'},,,,,,,,,&,49.0,&
{'D1'},{'D7'},{'R1'},,,,,,,,&,1.0,&
{'D1'},{'D7'},{'R1'},{'R3'},{'D4'},{'R2'},{'D2'},{'D5'},{'D3'},{'D6'},&,1.0,&
{'D1'},{'D7'},{'R1'},{'R3'},{'D2'},,,,,,&,1.0,&
{'D1'},{'D7'},{'R1'},{'D2'},{'R3'},,,,,,&,1.0,&
{'D1'},{'D7'},{'R1'},{'D2'},{'R2'},{'D4'},{'R3'},,,,&,1.0,&
{'D1'},{'D7'},{'R1'},{'D2'},{'R2'},{'R3'},,,,,&,1.0,&
{'D1'},{'D7'},{'R1'},{'D2'},{'R2'},{'R3'},{'D4'},{'D6'},{'D3'},,&,1.0,&
{'D1'},{'D7'},{'R1'},{'D2'},{'D6'},,,,,,&,1.0,&
{'D1'},{'D7'},{'R1'},{'R2'},{'R3'},{'D6'},{'D2'},{'D4'},{'D3'},{'D5'},&,1.0,&
{'D1'},{'D7'},{'R1'},{'R2'},{'D2'},,,,,,&,1.0,&
{'D1'},{'D7'},{'R1'},{'D3'},{'D2'},{'D4'},,,,,&,1.0,&
{'D1'},{'D7'},{'R1'},{'D5'},{'D2'},{'R3'},,,,,&,1.0,&
{'D1'},{'D7'},{'D2'},,,,,,,,&,22.0,&
{'D1'},{'D7'},{'D2'},{'R3'},,,,,,,&,5.0,&
{'D1'},{'D7'},{'D2'},{'R3'},{'R1'},{'R2'},{'D4'},{'D3'},{'D6'},{'D5'},&,1.0,&
{'D1'},{'D7'},{'D2'},{'R3'},{'R1'},{'D6'},{'R2'},,,,&,1.0,&
{'D1'},{'D7'},{'D2'},{'R3'},{'R2'},,,,,,&,1.0,&
{'D1'},{'D7'},{'D2'},{'R3'},{'R2'},{'D4'},{'R1'},{'D6'},{'D3'},{'D5'},&,1.0,&
{'D1'},{'D7'},{'D2'},{'R3'},{'R2'},{'R1'},,,,,&,1.0,&
{'D1'},{'D7'},{'D2'},{'R3'},{'R2'},{'R1'},{'D5'},{'D6'},{'D4'},,&,1.0,&
{'D1'},{'D7'},{'D2'},{'R3'},{'R2'},{'R1'},{'D4'},{'D3'},,,&,1.0,&
{'D1'},{'D7'},{'D2'},{'R3'},{'R2'},{'R1'},{'D6'},{'D4'},{'D3'},,&,1.0,&
{'D1'},{'D7'},{'D2'},{'R3'},{'R2'},{'D3'},,,,,&,1.0,&
{'D1'},{'D7'},{'D2'},{'R3'},{'R2'},{'D3'},{'R1'},,,,&,1.0,&
{'D1'},{'D7'},{'D2'},{'R3'},{'R2'},{'D3'},{'R1'},{'D5'},{'D4'},{'D6'},&,1.0,&
{'D1'},{'D7'},{'D2'},{'R3'},{'R2'},{'D3'},{'D6'},,,,&,1.0,&
{'D1'},{'D7'},{'D2'},{'R3'},{'R2'},{'D6'},{'D4'},{'R1'},,,&,1.0,&
{'D1'},{'D7'},{'D2'},{'R3'},{'D4'},,,,,,&,2.0,&
{'D1'},{'D7'},{'D2'},{'R3'},{'D4'},{'R1'},{'D6'},,,,&,1.0,&
{'D1'},{'D7'},{'D2'},{'R3'},{'D4'},{'D3'},{'D6'},{'R2'},{'R1'},{'D5'},&,1.0,&
{'D1'},{'D7'},{'D2'},{'R3'},{'D4'},{'D6'},,,,,&,1.0,&
{'D1'},{'D7'},{'D2'},{'R3'},{'D4'},{'D6'},{'R2'},,,,&,1.0,&
{'D1'},{'D7'},{'D2'},{'R3'},{'D6'},,,,,,&,1.0,&
{'D1'},{'D7'},{'D2'},{'R3'},{'D6'},{'D5'},{'R1'},{'D3'},{'D4'},{'R2'},&,1.0,&
{'D1'},{'D7'},{'D2'},{'R3'},{'D3'},{'D4'},{'R2'},{'D6'},,,&,1.0,&
{'D1'},{'D7'},{'D2'},{'R3'},{'D3'},{'D4'},{'D6'},{'D5'},{'R2'},,&,1.0,&
{'D1'},{'D7'},{'D2'},{'R3'},{'D3'},{'R2'},,,,,&,1.0,&
{'D1'},{'D7'},{'D2'},{'R3'},{'D3'},{'R2'},{'R1'},,,,&,1.0,&
{'D1'},{'D7'},{'D2'},{'R3'},{'D3'},{'R2'},{'R1'},{'D4'},{'D6'},{'D5'},&,1.0,&
{'D1'},{'D7'},{'D2'},{'R3'},{'D3'},{'R2'},{'D5'},{'R1'},{'D4'},{'D6'},&,1.0,&
{'D1'},{'D7'},{'D2'},{'R1'},{'R3'},,,,,,&,1.0,&
{'D1'},{'D7'},{'D2'},{'R1'},{'D4'},{'R3'},,,,,&,1.0,&
{'D1'},{'D7'},{'D2'},{'R2'},,,,,,,&,5.0,&
{'D1'},{'D7'},{'D2'},{'R2'},{'R1'},{'D5'},{'R3'},{'D4'},{'D6'},{'D3'},&,1.0,&
{'D1'},{'D7'},{'D2'},{'R2'},{'R1'},{'R3'},,,,,&,1.0,&
{'D1'},{'D7'},{'D2'},{'R2'},{'R3'},,,,,,&,6.0,&
{'D1'},{'D7'},{'D2'},{'R2'},{'R3'},{'D4'},{'D3'},{'D6'},{'R1'},,&,1.0,&
{'D1'},{'D7'},{'D2'},{'R2'},{'R3'},{'D4'},{'R1'},{'D3'},,,&,1.0,&
{'D1'},{'D7'},{'D2'},{'R2'},{'R3'},{'D4'},{'D6'},{'R1'},{'D3'},,&,1.0,&
{'D1'},{'D7'},{'D2'},{'R2'},{'R3'},{'R1'},,,,,&,1.0,&
{'D1'},{'D7'},{'D2'},{'R2'},{'D4'},,,,,,&,2.0,&
{'D1'},{'D7'},{'D2'},{'R2'},{'D4'},{'D3'},{'R1'},,,,&,1.0,&
{'D1'},{'D7'},{'D2'},{'R2'},{'D4'},{'D3'},{'R3'},{'D5'},{'D6'},{'R1'},&,1.0,&
{'D1'},{'D7'},{'D2'},{'R2'},{'D4'},{'R3'},{'R1'},{'D6'},,,&,1.0,&
{'D1'},{'D7'},{'D2'},{'R2'},{'D4'},{'D6'},{'D3'},{'R3'},{'R1'},,&,1.0,&
{'D1'},{'D7'},{'D2'},{'R2'},{'D4'},{'D6'},{'R3'},{'R1'},{'D3'},{'D5'},&,1.0,&
{'D1'},{'D7'},{'D2'},{'R2'},{'D6'},{'R3'},{'R1'},{'D4'},,,&,1.0,&
{'D1'},{'D7'},{'D2'},{'R2'},{'D6'},{'R3'},{'D4'},{'R1'},,,&,1.0,&
{'D1'},{'D7'},{'D2'},{'R2'},{'D3'},{'D4'},{'D6'},{'D5'},,,&,1.0,&
{'D1'},{'D7'},{'D2'},{'R2'},{'D3'},{'D4'},{'R3'},{'D5'},,,&,1.0,&
{'D1'},{'D7'},{'D2'},{'R2'},{'D5'},{'R3'},{'D4'},,,,&,1.0,&
{'D1'},{'D7'},{'D2'},{'D4'},,,,,,,&,12.0,&
{'D1'},{'D7'},{'D2'},{'D4'},{'R1'},{'R2'},,,,,&,1.0,&
{'D1'},{'D7'},{'D2'},{'D4'},{'R3'},{'R1'},,,,,&,1.0,&
{'D1'},{'D7'},{'D2'},{'D4'},{'R3'},{'D3'},{'D6'},{'R1'},{'D5'},{'R2'},&,1.0,&
{'D1'},{'D7'},{'D2'},{'D4'},{'R3'},{'R2'},{'R1'},{'D6'},{'D3'},{'D5'},&,1.0,&
{'D1'},{'D7'},{'D2'},{'D4'},{'R2'},{'R3'},{'R1'},,,,&,1.0,&
{'D1'},{'D7'},{'D2'},{'D4'},{'R2'},{'D6'},{'R3'},{'R1'},{'D3'},,&,1.0,&
{'D1'},{'D7'},{'D2'},{'D4'},{'D6'},,,,,,&,1.0,&
{'D1'},{'D7'},{'D2'},{'D4'},{'D6'},{'D3'},{'D5'},{'R3'},,,&,1.0,&
{'D1'},{'D7'},{'D2'},{'D4'},{'D6'},{'D3'},{'D5'},{'R3'},{'R2'},{'R1'},&,1.0,&
{'D1'},{'D7'},{'D2'},{'D4'},{'D3'},,,,,,&,1.0,&
{'D1'},{'D7'},{'D2'},{'D4'},{'D3'},{'D5'},,,,,&,1.0,&
{'D1'},{'D7'},{'D2'},{'D4'},{'D3'},{'R2'},{'D5'},{'D6'},{'R3'},,&,1.0,&
{'D1'},{'D7'},{'D2'},{'D4'},{'D3'},{'R3'},,,,,&,2.0,&
{'D1'},{'D7'},{'D2'},{'D4'},{'D3'},{'R3'},{'D6'},,,,&,1.0,&
{'D1'},{'D7'},{'D2'},{'D4'},{'D3'},{'R3'},{'D6'},{'R1'},{'R2'},{'D5'},&,1.0,&
{'D1'},{'D7'},{'D2'},{'D3'},,,,,,,&,4.0,&
{'D1'},{'D7'},{'D2'},{'D3'},{'R1'},{'R3'},{'R2'},,,,&,1.0,&
{'D1'},{'D7'},{'D2'},{'D3'},{'R3'},{'D4'},{'R2'},{'D5'},{'D6'},,&,1.0,&
{'D1'},{'D7'},{'D2'},{'D3'},{'R3'},{'D4'},{'R2'},{'R1'},{'D6'},{'D5'},&,1.0,&
{'D1'},{'D7'},{'D2'},{'D3'},{'R3'},{'D6'},{'R2'},,,,&,1.0,&
{'D1'},{'D7'},{'D2'},{'D3'},{'R2'},{'R3'},,,,,&,1.0,&
{'D1'},{'D7'},{'D2'},{'D3'},{'R2'},{'R3'},{'R1'},{'D4'},{'D6'},,&,1.0,&
{'D1'},{'D7'},{'D2'},{'D3'},{'R2'},{'D6'},{'R3'},,,,&,1.0,&
{'D1'},{'D7'},{'D2'},{'D3'},{'D4'},,,,,,&,2.0,&
{'D1'},{'D7'},{'D2'},{'D3'},{'D4'},{'R2'},,,,,&,1.0,&
{'D1'},{'D7'},{'D2'},{'D3'},{'D4'},{'D6'},{'D5'},{'R2'},{'R3'},{'R1'},&,1.0,&
{'D1'},{'D7'},{'D2'},{'D3'},{'D4'},{'D6'},{'R3'},{'R2'},{'R1'},{'D5'},&,1.0,&
{'D1'},{'D7'},{'D2'},{'D6'},,,,,,,&,1.0,&
{'D1'},{'D7'},{'D2'},{'D6'},{'R3'},{'R1'},,,,,&,1.0,&
{'D1'},{'D7'},{'D2'},{'D6'},{'R3'},{'D3'},,,,,&,1.0,&
{'D1'},{'D7'},{'D2'},{'D6'},{'D4'},,,,,,&,2.0,&
{'D1'},{'D7'},{'D2'},{'D6'},{'D4'},{'D3'},,,,,&,1.0,&
{'D1'},{'D7'},{'D2'},{'D6'},{'D4'},{'R2'},{'R3'},{'D3'},,,&,1.0,&
{'D1'},{'D7'},{'D2'},{'D6'},{'D4'},{'R3'},,,,,&,1.0,&
{'D1'},{'D7'},{'D2'},{'D6'},{'D4'},{'R3'},{'D3'},{'R2'},{'R1'},{'D5'},&,1.0,&
{'D1'},{'D7'},{'D2'},{'D6'},{'D4'},{'R3'},{'R2'},{'D5'},{'D3'},,&,1.0,&
{'D1'},{'D7'},{'D2'},{'D6'},{'D4'},{'R3'},{'R2'},{'R1'},,,&,1.0,&
{'D1'},{'D7'},{'D2'},{'D6'},{'D3'},{'D4'},{'D5'},{'R3'},{'R2'},,&,1.0,&
{'D1'},{'D7'},{'D2'},{'D6'},{'D3'},{'R2'},{'R3'},{'R1'},{'D4'},,&,1.0,&
{'D1'},{'D7'},{'D2'},{'D5'},,,,,,,&,1.0,&
{'D1'},{'D7'},{'D2'},{'D5'},{'R1'},{'D4'},,,,,&,1.0,&
{'D1'},{'D7'},{'D2'},{'D5'},{'R3'},{'D6'},,,,,&,1.0,&
{'D1'},{'D7'},{'D2'},{'D5'},{'D6'},{'D4'},{'D3'},{'R3'},{'R2'},{'R1'},&,1.0,&
{'D1'},{'D7'},{'D3'},,,,,,,,&,2.0,&
{'D1'},{'D7'},{'D3'},{'R3'},{'R2'},{'D2'},,,,,&,1.0,&
{'D1'},{'D7'},{'D3'},{'R3'},{'D2'},,,,,,&,1.0,&
{'D1'},{'D7'},{'D3'},{'R3'},{'D2'},{'R2'},,,,,&,1.0,&
{'D1'},{'D7'},{'D3'},{'D2'},{'D6'},,,,,,&,1.0,&
{'D1'},{'D7'},{'D3'},{'R1'},{'D2'},{'R3'},{'R2'},,,,&,1.0,&
{'D1'},{'D7'},{'D3'},{'R2'},{'D4'},,,,,,&,1.0,&
{'D1'},{'D7'},{'D3'},{'D4'},{'R3'},{'R1'},,,,,&,1.0,&
{'D1'},{'D7'},{'D3'},{'D4'},{'D2'},{'R2'},{'D6'},{'R3'},{'D5'},,&,1.0,&
{'D1'},{'D7'},{'D3'},{'D4'},{'D2'},{'R3'},{'R2'},{'D6'},{'R1'},,&,1.0,&
{'D1'},{'D7'},{'D6'},,,,,,,,&,4.0,&
{'D1'},{'D7'},{'D6'},{'R3'},,,,,,,&,1.0,&
{'D1'},{'D7'},{'D6'},{'R3'},{'D2'},{'R2'},{'D3'},{'R1'},,,&,1.0,&
{'D1'},{'D7'},{'D6'},{'D2'},{'R3'},{'D4'},{'D3'},{'R2'},{'D5'},,&,1.0,&
{'D1'},{'D7'},{'D6'},{'D2'},{'D4'},{'R2'},,,,,&,1.0,&
{'D1'},{'D7'},{'D6'},{'D2'},{'D4'},{'R3'},{'D3'},{'D5'},{'R1'},{'R2'},&,1.0,&
{'D1'},{'D7'},{'D6'},{'D2'},{'D3'},{'R1'},,,,,&,1.0,&
{'D1'},{'D7'},{'D6'},{'R2'},{'R3'},{'R1'},{'D2'},{'D3'},{'D4'},{'D5'},&,1.0,&
{'D1'},{'D7'},{'D6'},{'R2'},{'D2'},{'R3'},{'R1'},{'D3'},,,&,1.0,&
{'D1'},{'D7'},{'D6'},{'D4'},{'R3'},{'D2'},{'R2'},{'D5'},{'R1'},{'D3'},&,1.0,&
{'D1'},{'D7'},{'D5'},,,,,,,,&,2.0,&
{'D1'},{'D7'},{'D5'},{'D2'},{'D4'},{'D3'},{'R2'},{'D6'},,,&,1.0,&
{'D1'},{'D7'},{'D5'},{'R2'},{'R3'},{'R1'},{'D4'},,,,&,1.0,&
{'D1'},{'D7'},{'D5'},{'D3'},{'R3'},,,,,,&,1.0,&
{'D1'},{'D7'},{'D5'},{'D6'},{'D4'},{'R2'},{'D2'},,,,&,1.0,&
{'D1'},{'D6'},{'R3'},,,,,,,,&,2.0,&
{'D1'},{'D6'},{'R3'},{'D2'},{'R2'},{'D7'},{'D4'},{'D3'},{'D5'},{'R1'},&,1.0,&
{'D1'},{'D6'},{'R3'},{'D2'},{'D3'},{'R2'},{'R1'},{'D7'},{'D4'},,&,1.0,&
{'D1'},{'D6'},{'R3'},{'R2'},{'R1'},,,,,,&,1.0,&
{'D1'},{'D6'},{'R3'},{'R2'},{'R1'},{'D2'},{'D4'},,,,&,1.0,&
{'D1'},{'D6'},{'R3'},{'R2'},{'D2'},,,,,,&,1.0,&
{'D1'},{'D6'},{'R3'},{'D7'},{'D2'},{'D4'},{'R2'},,,,&,1.0,&
{'D1'},{'D6'},{'R2'},{'R3'},,,,,,,&,1.0,&
{'D1'},{'D6'},{'R2'},{'D2'},{'D7'},{'D4'},{'R3'},{'R1'},{'D3'},{'D5'},&,1.0,&
{'D1'},{'D6'},{'R2'},{'D7'},{'R3'},{'R1'},,,,,&,1.0,&
{'D1'},{'D6'},{'R2'},{'D7'},{'R3'},{'R1'},{'D2'},{'D3'},,,&,1.0,&
{'D1'},{'D6'},{'D4'},,,,,,,,&,2.0,&
{'D1'},{'D6'},{'D4'},{'R2'},{'D7'},{'D3'},{'D5'},{'D2'},{'R3'},,&,1.0,&
{'D1'},{'D6'},{'D4'},{'R2'},{'R3'},{'R1'},,,,,&,1.0,&
{'D1'},{'D6'},,,,,,,,,&,4.0,&
{'D1'},{'D6'},{'D7'},,,,,,,,&,2.0,&
{'D1'},{'D6'},{'D7'},{'R3'},,,,,,,&,1.0,&
{'D1'},{'D6'},{'D7'},{'R3'},{'R2'},,,,,,&,1.0,&
{'D1'},{'D6'},{'D7'},{'R3'},{'D4'},{'D2'},,,,,&,1.0,&
{'D1'},{'D6'},{'D7'},{'R3'},{'D2'},{'R1'},{'D4'},{'D3'},{'R2'},{'D5'},&,1.0,&
{'D1'},{'D6'},{'D7'},{'D2'},,,,,,,&,1.0,&
{'D1'},{'D6'},{'D7'},{'D2'},{'R3'},{'D4'},{'R2'},{'D3'},{'R1'},{'D5'},&,1.0,&
{'D1'},{'D6'},{'D7'},{'D2'},{'R3'},{'R2'},{'D4'},{'D3'},,,&,1.0,&
{'D1'},{'D6'},{'D7'},{'D2'},{'R2'},{'D4'},{'R3'},{'D5'},{'R1'},,&,1.0,&
{'D1'},{'D6'},{'D7'},{'R1'},{'D2'},{'D3'},{'R2'},{'D4'},,,&,1.0,&
{'D1'},{'D6'},{'D7'},{'D4'},,,,,,,&,1.0,&
{'D1'},{'D6'},{'D7'},{'D4'},{'R3'},{'R2'},{'R1'},{'D2'},{'D3'},{'D5'},&,1.0,&
{'D1'},{'D6'},{'D7'},{'D4'},{'D2'},{'R2'},{'R3'},,,,&,1.0,&
{'D1'},{'D6'},{'D7'},{'D3'},{'R3'},,,,,,&,1.0,&
{'D1'},{'D6'},{'R1'},{'D7'},{'D2'},{'D4'},{'R3'},{'R2'},{'D3'},,&,1.0,&
{'D1'},{'D6'},{'D2'},{'R3'},{'D7'},{'R2'},{'R1'},{'D3'},{'D4'},,&,1.0,&
{'D1'},{'D6'},{'D2'},{'R3'},{'D4'},{'R2'},{'R1'},{'D7'},,,&,1.0,&
{'D1'},{'D6'},{'D2'},{'D7'},,,,,,,&,2.0,&
{'D1'},{'D6'},{'D2'},{'D7'},{'R1'},{'R2'},{'R3'},{'D4'},{'D3'},{'D5'},&,1.0,&
{'D1'},{'D6'},{'D2'},{'D7'},{'D4'},,,,,,&,1.0,&
{'D1'},{'D6'},{'D2'},{'D4'},{'R1'},{'R2'},{'R3'},{'D7'},,,&,1.0,&
{'D1'},{'D6'},{'D2'},{'D3'},{'D7'},{'D4'},{'R3'},,,,&,1.0,&
{'D2'},{'D1'},{'R3'},,,,,,,,&,26.0,&
{'D2'},{'D1'},{'R3'},{'R1'},{'D7'},{'D4'},{'R2'},,,,&,1.0,&
{'D2'},{'D1'},{'R3'},{'R1'},{'D7'},{'R2'},{'D3'},{'D4'},{'D6'},{'D5'},&,1.0,&
{'D2'},{'D1'},{'R3'},{'R1'},{'D7'},{'D6'},{'D3'},{'R2'},,,&,1.0,&
{'D2'},{'D1'},{'R3'},{'R1'},{'D7'},{'D6'},{'D4'},{'D3'},,,&,1.0,&
{'D2'},{'D1'},{'R3'},{'R1'},{'R2'},,,,,,&,2.0,&
{'D2'},{'D1'},{'R3'},{'R1'},{'R2'},{'D4'},,,,,&,2.0,&
{'D2'},{'D1'},{'R3'},{'R1'},{'D4'},,,,,,&,1.0,&
{'D2'},{'D1'},{'R3'},{'R1'},{'D4'},{'D7'},{'R2'},{'D5'},,,&,1.0,&
{'D2'},{'D1'},{'R3'},{'R1'},{'D4'},{'R2'},,,,,&,1.0,&
{'D2'},{'D1'},{'R3'},{'R2'},,,,,,,&,5.0,&
{'D2'},{'D1'},{'R3'},{'R2'},{'D7'},,,,,,&,3.0,&
{'D2'},{'D1'},{'R3'},{'R2'},{'D7'},{'D4'},,,,,&,1.0,&
{'D2'},{'D1'},{'R3'},{'R2'},{'D7'},{'D4'},{'R1'},{'D3'},,,&,1.0,&
{'D2'},{'D1'},{'R3'},{'R2'},{'D7'},{'D4'},{'D6'},{'D3'},{'D5'},{'R1'},&,1.0,&
{'D2'},{'D1'},{'R3'},{'R2'},{'D7'},{'R1'},,,,,&,2.0,&
{'D2'},{'D1'},{'R3'},{'R2'},{'D7'},{'R1'},{'D3'},,,,&,1.0,&
{'D2'},{'D1'},{'R3'},{'R2'},{'D7'},{'R1'},{'D3'},{'D4'},{'D6'},{'D5'},&,1.0,&
{'D2'},{'D1'},{'R3'},{'R2'},{'D7'},{'R1'},{'D4'},{'D5'},,,&,1.0,&
{'D2'},{'D1'},{'R3'},{'R2'},{'D7'},{'R1'},{'D4'},{'D6'},{'D5'},,&,1.0,&
{'D2'},{'D1'},{'R3'},{'R2'},{'D7'},{'D3'},{'D4'},{'D6'},{'D5'},{'R1'},&,1.0,&
{'D2'},{'D1'},{'R3'},{'R2'},{'D7'},{'D6'},{'D3'},{'R1'},{'D4'},,&,1.0,&
{'D2'},{'D1'},{'R3'},{'R2'},{'R1'},{'D4'},{'D3'},{'D7'},,,&,1.0,&
{'D2'},{'D1'},{'R3'},{'R2'},{'R1'},{'D4'},{'D7'},{'D6'},,,&,1.0,&
{'D2'},{'D1'},{'R3'},{'R2'},{'R1'},{'D4'},{'D6'},{'D7'},{'D5'},{'D3'},&,1.0,&
{'D2'},{'D1'},{'R3'},{'R2'},{'R1'},{'D7'},,,,,&,2.0,&
{'D2'},{'D1'},{'R3'},{'R2'},{'R1'},{'D7'},{'D3'},,,,&,1.0,&
{'D2'},{'D1'},{'R3'},{'R2'},{'R1'},{'D7'},{'D4'},,,,&,1.0,&
{'D2'},{'D1'},{'R3'},{'R2'},{'R1'},{'D7'},{'D4'},{'D3'},,,&,1.0,&
{'D2'},{'D1'},{'R3'},{'R2'},{'R1'},{'D7'},{'D4'},{'D3'},{'D6'},,&,1.0,&
{'D2'},{'D1'},{'R3'},{'R2'},{'R1'},{'D6'},{'D7'},,,,&,1.0,&
{'D2'},{'D1'},{'R3'},{'R2'},{'D4'},,,,,,&,1.0,&
{'D2'},{'D1'},{'R3'},{'R2'},{'D4'},{'R1'},{'D7'},{'D3'},,,&,2.0,&
{'D2'},{'D1'},{'R3'},{'R2'},{'D4'},{'D3'},{'R1'},,,,&,1.0,&
{'D2'},{'D1'},{'R3'},{'R2'},{'D4'},{'D6'},{'D7'},,,,&,1.0,&
{'D2'},{'D1'},{'R3'},{'R2'},{'D6'},{'D4'},{'R1'},{'D3'},{'D7'},,&,1.0,&
{'D2'},{'D1'},{'R3'},{'R2'},{'D6'},{'D7'},{'D3'},{'D5'},{'R1'},{'D4'},&,1.0,&
{'D2'},{'D1'},{'R3'},{'R2'},{'D3'},{'D7'},{'R1'},{'D4'},,,&,1.0,&
{'D2'},{'D1'},{'R3'},{'R2'},{'D5'},{'D7'},{'R1'},{'D3'},,,&,1.0,&
{'D2'},{'D1'},{'R3'},{'D7'},,,,,,,&,6.0,&
{'D2'},{'D1'},{'R3'},{'D7'},{'R1'},,,,,,&,1.0,&
{'D2'},{'D1'},{'R3'},{'D7'},{'R1'},{'D4'},{'R2'},{'D3'},,,&,1.0,&
{'D2'},{'D1'},{'R3'},{'D7'},{'R1'},{'D5'},,,,,&,1.0,&
{'D2'},{'D1'},{'R3'},{'D7'},{'R1'},{'D5'},{'R2'},{'D4'},,,&,1.0,&
{'D2'},{'D1'},{'R3'},{'D7'},{'R1'},{'R2'},,,,,&,2.0,&
{'D2'},{'D1'},{'R3'},{'D7'},{'R2'},{'D4'},,,,,&,1.0,&
{'D2'},{'D1'},{'R3'},{'D7'},{'R2'},{'D4'},{'D3'},{'D6'},{'D5'},,&,1.0,&
{'D2'},{'D1'},{'R3'},{'D7'},{'R2'},{'R1'},,,,,&,1.0,&
{'D2'},{'D1'},{'R3'},{'D7'},{'R2'},{'R1'},{'D3'},,,,&,1.0,&
{'D2'},{'D1'},{'R3'},{'D7'},{'R2'},{'R1'},{'D3'},{'D4'},,,&,1.0,&
{'D2'},{'D1'},{'R3'},{'D7'},{'R2'},{'D3'},{'D4'},{'D6'},{'D5'},,&,1.0,&
{'D2'},{'D1'},{'R3'},{'D7'},{'R2'},{'D6'},{'D5'},{'D4'},{'R1'},,&,1.0,&
{'D2'},{'D1'},{'R3'},{'D7'},{'R2'},{'D6'},{'D4'},{'R1'},{'D3'},{'D5'},&,1.0,&
{'D2'},{'D1'},{'R3'},{'D7'},{'D4'},,,,,,&,3.0,&
{'D2'},{'D1'},{'R3'},{'D7'},{'D4'},{'R1'},{'R2'},{'D3'},,,&,1.0,&
{'D2'},{'D1'},{'R3'},{'D7'},{'D4'},{'D3'},,,,,&,1.0,&
{'D2'},{'D1'},{'R3'},{'D7'},{'D4'},{'D3'},{'R1'},{'R2'},,,&,1.0,&
{'D2'},{'D1'},{'R3'},{'D7'},{'D4'},{'D3'},{'R2'},,,,&,1.0,&
{'D2'},{'D1'},{'R3'},{'D7'},{'D4'},{'D3'},{'D6'},{'R2'},{'R1'},,&,1.0,&
{'D2'},{'D1'},{'R3'},{'D7'},{'D4'},{'R2'},,,,,&,1.0,&
{'D2'},{'D1'},{'R3'},{'D7'},{'D4'},{'R2'},{'D3'},{'D6'},{'D5'},,&,1.0,&
{'D2'},{'D1'},{'R3'},{'D7'},{'D4'},{'R2'},{'D5'},{'D3'},{'D6'},{'R1'},&,1.0,&
{'D2'},{'D1'},{'R3'},{'D7'},{'D3'},,,,,,&,2.0,&
{'D2'},{'D1'},{'R3'},{'D7'},{'D3'},{'D4'},{'R2'},{'D6'},,,&,1.0,&
{'D2'},{'D1'},{'R3'},{'D7'},{'D3'},{'D4'},{'D6'},{'D5'},{'R2'},,&,1.0,&
{'D2'},{'D1'},{'R3'},{'D7'},{'D3'},{'R2'},{'R1'},,,,&,1.0,&
{'D2'},{'D1'},{'R3'},{'D7'},{'D5'},{'D4'},{'D3'},{'R2'},{'D6'},{'R1'},&,1.0,&
{'D2'},{'D1'},{'R3'},{'D7'},{'D5'},{'D4'},{'R1'},{'D3'},{'D6'},{'R2'},&,1.0,&
{'D2'},{'D1'},{'R3'},{'D4'},,,,,,,&,1.0,&
{'D2'},{'D1'},{'R3'},{'D4'},{'D7'},{'D3'},,,,,&,1.0,&
{'D2'},{'D1'},{'R3'},{'D4'},{'R1'},{'D3'},{'R2'},{'D7'},{'D6'},,&,1.0,&
{'D2'},{'D1'},{'R3'},{'D4'},{'R2'},{'R1'},{'D7'},,,,&,1.0,&
{'D2'},{'D1'},{'R3'},{'D4'},{'R2'},{'R1'},{'D7'},{'D3'},,,&,1.0,&
{'D2'},{'D1'},{'R3'},{'D4'},{'R2'},{'D7'},{'R1'},{'D3'},{'D6'},,&,1.0,&
{'D2'},{'D1'},{'R3'},{'D4'},{'D6'},,,,,,&,2.0,&
{'D2'},{'D1'},{'R3'},{'D4'},{'D3'},{'R2'},{'D7'},{'R1'},{'D6'},,&,1.0,&
{'D2'},{'D1'},{'R3'},{'D3'},,,,,,,&,1.0,&
{'D2'},{'D1'},{'R3'},{'D3'},{'D7'},,,,,,&,1.0,&
{'D2'},{'D1'},{'R3'},{'D3'},{'R2'},{'R1'},{'D7'},{'D6'},{'D4'},,&,1.0,&
{'D2'},{'D1'},{'R3'},{'D3'},{'R2'},{'D6'},,,,,&,1.0,&
{'D2'},{'D1'},{'R3'},{'D3'},{'D6'},{'R2'},{'D7'},,,,&,1.0,&
{'D2'},{'D1'},{'R3'},{'D6'},,,,,,,&,1.0,&
{'D2'},{'D1'},{'R3'},{'D6'},{'R2'},{'R1'},,,,,&,1.0,&
{'D2'},{'D1'},{'R3'},{'D6'},{'R2'},{'R1'},{'D4'},{'D7'},,,&,2.0,&
{'D2'},{'D1'},{'R3'},{'D6'},{'R2'},{'D7'},{'D4'},{'R1'},,,&,1.0,&
{'D2'},{'D1'},{'R2'},,,,,,,,&,15.0,&
{'D2'},{'D1'},{'R2'},{'R3'},,,,,,,&,6.0,&
{'D2'},{'D1'},{'R2'},{'R3'},{'D7'},,,,,,&,2.0,&
{'D2'},{'D1'},{'R2'},{'R3'},{'D7'},{'D4'},,,,,&,1.0,&
{'D2'},{'D1'},{'R2'},{'R3'},{'R1'},,,,,,&,1.0,&
{'D2'},{'D1'},{'R2'},{'R3'},{'R1'},{'D4'},{'D7'},{'D3'},,,&,1.0,&
{'D2'},{'D1'},{'R2'},{'R3'},{'R1'},{'D4'},{'D7'},{'D3'},{'D6'},{'D5'},&,1.0,&
{'D2'},{'D1'},{'R2'},{'R3'},{'R1'},{'D7'},,,,,&,1.0,&
{'D2'},{'D1'},{'R2'},{'R3'},{'R1'},{'D7'},{'D4'},{'D3'},{'D6'},{'D5'},&,1.0,&
{'D2'},{'D1'},{'R2'},{'R3'},{'D6'},,,,,,&,1.0,&
{'D2'},{'D1'},{'R2'},{'R3'},{'D3'},,,,,,&,1.0,&
{'D2'},{'D1'},{'R2'},{'R3'},{'D3'},{'R1'},{'D6'},{'D4'},{'D7'},,&,1.0,&
{'D2'},{'D1'},{'R2'},{'R3'},{'D5'},{'D7'},{'R1'},{'D3'},{'D4'},{'D6'},&,1.0,&
{'D2'},{'D1'},{'R2'},{'R1'},,,,,,,&,1.0,&
{'D2'},{'D1'},{'R2'},{'R1'},{'D7'},{'D6'},{'R3'},,,,&,1.0,&
{'D2'},{'D1'},{'R2'},{'R1'},{'R3'},,,,,,&,1.0,&
{'D2'},{'D1'},{'R2'},{'D7'},,,,,,,&,6.0,&
{'D2'},{'D1'},{'R2'},{'D7'},{'R1'},{'D4'},{'D6'},{'D5'},,,&,1.0,&
{'D2'},{'D1'},{'R2'},{'D7'},{'R3'},,,,,,&,5.0,&
{'D2'},{'D1'},{'R2'},{'D7'},{'R3'},{'D4'},{'D3'},{'D6'},{'D5'},{'R1'},&,1.0,&
{'D2'},{'D1'},{'R2'},{'D7'},{'R3'},{'D4'},{'R1'},,,,&,1.0,&
{'D2'},{'D1'},{'R2'},{'D7'},{'R3'},{'R1'},,,,,&,1.0,&
{'D2'},{'D1'},{'R2'},{'D7'},{'R3'},{'R1'},{'D3'},{'D4'},,,&,1.0,&
{'D2'},{'D1'},{'R2'},{'D7'},{'R3'},{'R1'},{'D4'},,,,&,1.0,&
{'D2'},{'D1'},{'R2'},{'D7'},{'R3'},{'D6'},,,,,&,1.0,&
{'D2'},{'D1'},{'R2'},{'D7'},{'D4'},{'D5'},,,,,&,2.0,&
{'D2'},{'D1'},{'R2'},{'D7'},{'D4'},{'R3'},,,,,&,2.0,&
{'D2'},{'D1'},{'R2'},{'D7'},{'D4'},{'D6'},{'D3'},,,,&,1.0,&
{'D2'},{'D1'},{'R2'},{'D7'},{'D6'},,,,,,&,1.0,&
{'D2'},{'D1'},{'R2'},{'D7'},{'D3'},,,,,,&,1.0,&
{'D2'},{'D1'},{'R2'},{'D7'},{'D3'},{'D4'},{'D6'},{'D5'},{'R3'},{'R1'},&,1.0,&
{'D2'},{'D1'},{'R2'},{'D7'},{'D3'},{'D4'},{'R3'},{'R1'},,,&,1.0,&
{'D2'},{'D1'},{'R2'},{'D7'},{'D3'},{'R3'},{'D4'},{'D6'},{'D5'},{'R1'},&,1.0,&
{'D2'},{'D1'},{'R2'},{'D4'},,,,,,,&,1.0,&
{'D2'},{'D1'},{'R2'},{'D4'},{'D7'},,,,,,&,2.0,&
{'D2'},{'D1'},{'R2'},{'D4'},{'D7'},{'R1'},{'R3'},{'D3'},{'D6'},{'D5'},&,1.0,&
{'D2'},{'D1'},{'R2'},{'D4'},{'D7'},{'D3'},{'R1'},{'R3'},{'D6'},{'D5'},&,1.0,&
{'D2'},{'D1'},{'R2'},{'D4'},{'D7'},{'R3'},,,,,&,1.0,&
{'D2'},{'D1'},{'R2'},{'D4'},{'D7'},{'R3'},{'D3'},{'R1'},,,&,1.0,&
{'D2'},{'D1'},{'R2'},{'D4'},{'R1'},,,,,,&,1.0,&
{'D2'},{'D1'},{'R2'},{'D4'},{'R3'},{'R1'},,,,,&,1.0,&
{'D2'},{'D1'},{'R2'},{'D4'},{'D6'},{'R3'},,,,,&,1.0,&
{'D2'},{'D1'},{'R2'},{'D4'},{'D3'},{'D7'},{'R3'},{'D6'},,,&,1.0,&
{'D2'},{'D1'},{'R2'},{'D4'},{'D5'},,,,,,&,1.0,&
{'D2'},{'D1'},{'R2'},{'D3'},,,,,,,&,1.0,&
{'D2'},{'D1'},{'R2'},{'D3'},{'R1'},{'D5'},,,,,&,1.0,&
{'D2'},{'D1'},{'R2'},{'D6'},,,,,,,&,2.0,&
{'D2'},{'D1'},{'R2'},{'D6'},{'D7'},{'D3'},{'D4'},{'D5'},,,&,1.0,&
{'D2'},{'D1'},{'R2'},{'D6'},{'R3'},{'R1'},,,,,&,1.0,&
{'D2'},{'D1'},{'R2'},{'D6'},{'R3'},{'R1'},{'D7'},{'D4'},{'D3'},,&,1.0,&
{'D2'},{'D1'},{'R2'},{'D6'},{'D3'},{'R3'},{'D7'},,,,&,1.0,&
{'D2'},{'D1'},{'R2'},{'D5'},{'D7'},{'D3'},{'D4'},,,,&,1.0,&
{'D2'},{'D1'},{'R2'},{'D5'},{'R1'},{'R3'},,,,,&,1.0,&
{'D2'},{'D1'},{'D4'},,,,,,,,&,10.0,&
{'D2'},{'D1'},{'D4'},{'R3'},,,,,,,&,2.0,&
{'D2'},{'D1'},{'D4'},{'R3'},{'D7'},,,,,,&,1.0,&
{'D2'},{'D1'},{'D4'},{'R3'},{'D7'},{'D3'},,,,,&,1.0,&
{'D2'},{'D1'},{'D4'},{'R3'},{'D7'},{'D3'},{'R2'},{'R1'},,,&,1.0,&
{'D2'},{'D1'},{'D4'},{'R3'},{'D7'},{'D5'},{'R2'},{'D3'},{'D6'},,&,1.0,&
{'D2'},{'D1'},{'D4'},{'R3'},{'D7'},{'R2'},,,,,&,1.0,&
{'D2'},{'D1'},{'D4'},{'R3'},{'D7'},{'R2'},{'R1'},{'D3'},{'D5'},,&,1.0,&
{'D2'},{'D1'},{'D4'},{'R3'},{'D7'},{'D6'},{'D3'},{'R1'},,,&,1.0,&
{'D2'},{'D1'},{'D4'},{'R3'},{'R1'},{'D7'},,,,,&,1.0,&
{'D2'},{'D1'},{'D4'},{'R3'},{'R2'},,,,,,&,1.0,&
{'D2'},{'D1'},{'D4'},{'R3'},{'D3'},{'D7'},{'D6'},{'D5'},{'R2'},{'R1'},&,1.0,&
{'D2'},{'D1'},{'D4'},{'R1'},,,,,,,&,1.0,&
{'D2'},{'D1'},{'D4'},{'R1'},{'D7'},{'D6'},{'R3'},{'D3'},{'D5'},{'R2'},&,1.0,&
{'D2'},{'D1'},{'D4'},{'R1'},{'R3'},{'D7'},{'D3'},{'D6'},{'D5'},,&,1.0,&
{'D2'},{'D1'},{'D4'},{'R1'},{'D6'},{'D7'},,,,,&,1.0,&
{'D2'},{'D1'},{'D4'},{'R2'},,,,,,,&,1.0,&
{'D2'},{'D1'},{'D4'},{'R2'},{'D7'},,,,,,&,1.0,&
{'D2'},{'D1'},{'D4'},{'R2'},{'D7'},{'R1'},{'D6'},{'D3'},{'D5'},{'R3'},&,1.0,&
{'D2'},{'D1'},{'D4'},{'R2'},{'D7'},{'D3'},{'D6'},{'D5'},,,&,1.0,&
{'D2'},{'D1'},{'D4'},{'R2'},{'D7'},{'R3'},{'R1'},{'D6'},{'D3'},,&,1.0,&
{'D2'},{'D1'},{'D4'},{'R2'},{'D7'},{'R3'},{'D6'},{'D3'},{'R1'},,&,1.0,&
{'D2'},{'D1'},{'D4'},{'R2'},{'D7'},{'D6'},{'R3'},{'R1'},{'D3'},{'D5'},&,1.0,&
{'D2'},{'D1'},{'D4'},{'R2'},{'R3'},,,,,,&,1.0,&
{'D2'},{'D1'},{'D4'},{'R2'},{'R3'},{'R1'},{'D7'},{'D5'},{'D3'},,&,1.0,&
{'D2'},{'D1'},{'D4'},{'R2'},{'D6'},{'D3'},{'R3'},{'D7'},{'R1'},,&,1.0,&
{'D2'},{'D1'},{'D4'},{'R2'},{'D3'},{'R3'},{'R1'},{'D7'},{'D6'},{'D5'},&,1.0,&
{'D2'},{'D1'},{'D4'},{'D7'},,,,,,,&,1.0,&
{'D2'},{'D1'},{'D4'},{'D7'},{'R1'},{'D3'},,,,,&,1.0,&
{'D2'},{'D1'},{'D4'},{'D7'},{'R3'},{'R2'},{'D6'},{'R1'},,,&,1.0,&
{'D2'},{'D1'},{'D4'},{'D7'},{'R2'},{'D3'},{'R1'},{'D6'},{'R3'},,&,1.0,&
{'D2'},{'D1'},{'D4'},{'D7'},{'R2'},{'R3'},,,,,&,1.0,&
{'D2'},{'D1'},{'D4'},{'D7'},{'D6'},,,,,,&,2.0,&
{'D2'},{'D1'},{'D4'},{'D7'},{'D6'},{'D3'},{'R2'},{'D5'},{'R3'},{'R1'},&,1.0,&
{'D2'},{'D1'},{'D4'},{'D7'},{'D6'},{'R2'},{'R3'},{'D3'},,,&,1.0,&
{'D2'},{'D1'},{'D4'},{'D7'},{'D3'},,,,,,&,1.0,&
{'D2'},{'D1'},{'D4'},{'D7'},{'D3'},{'R3'},{'D5'},,,,&,1.0,&
{'D2'},{'D1'},{'D4'},{'D7'},{'D3'},{'D6'},{'D5'},{'R3'},,,&,1.0,&
{'D2'},{'D1'},{'D4'},{'D7'},{'D5'},{'D6'},,,,,&,1.0,&
{'D2'},{'D1'},{'D4'},{'D3'},,,,,,,&,1.0,&
{'D2'},{'D1'},{'D4'},{'D3'},{'D7'},{'D6'},{'D5'},{'R3'},{'R2'},{'R1'},&,1.0,&
{'D2'},{'D1'},{'D4'},{'D6'},{'D3'},{'D7'},{'R2'},,,,&,1.0,&
{'D2'},{'D1'},,,,,,,,,&,51.0,&
{'D2'},{'D1'},{'D7'},,,,,,,,&,36.0,&
{'D2'},{'D1'},{'D7'},{'R3'},,,,,,,&,10.0,&
{'D2'},{'D1'},{'D7'},{'R3'},{'R1'},{'D3'},,,,,&,1.0,&
{'D2'},{'D1'},{'D7'},{'R3'},{'R1'},{'D3'},{'D4'},,,,&,1.0,&
{'D2'},{'D1'},{'D7'},{'R3'},{'R2'},,,,,,&,1.0,&
{'D2'},{'D1'},{'D7'},{'R3'},{'R2'},{'D4'},,,,,&,2.0,&
{'D2'},{'D1'},{'D7'},{'R3'},{'R2'},{'D4'},{'R1'},,,,&,2.0,&
{'D2'},{'D1'},{'D7'},{'R3'},{'R2'},{'D4'},{'R1'},{'D6'},,,&,1.0,&
{'D2'},{'D1'},{'D7'},{'R3'},{'R2'},{'D4'},{'R1'},{'D6'},{'D3'},,&,1.0,&
{'D2'},{'D1'},{'D7'},{'R3'},{'R2'},{'D4'},{'R1'},{'D3'},{'D6'},{'D5'},&,1.0,&
{'D2'},{'D1'},{'D7'},{'R3'},{'R2'},{'D4'},{'D5'},{'R1'},{'D6'},{'D3'},&,1.0,&
{'D2'},{'D1'},{'D7'},{'R3'},{'R2'},{'R1'},,,,,&,2.0,&
{'D2'},{'D1'},{'D7'},{'R3'},{'R2'},{'R1'},{'D4'},{'D6'},{'D3'},,&,1.0,&
{'D2'},{'D1'},{'D7'},{'R3'},{'R2'},{'D3'},,,,,&,1.0,&
{'D2'},{'D1'},{'D7'},{'R3'},{'R2'},{'D6'},{'R1'},,,,&,1.0,&
{'D2'},{'D1'},{'D7'},{'R3'},{'D4'},,,,,,&,5.0,&
{'D2'},{'D1'},{'D7'},{'R3'},{'D4'},{'D3'},{'R2'},{'D5'},,,&,1.0,&
{'D2'},{'D1'},{'D7'},{'R3'},{'D4'},{'D3'},{'R2'},{'D5'},{'D6'},{'R1'},&,1.0,&
{'D2'},{'D1'},{'D7'},{'R3'},{'D4'},{'R2'},{'D3'},{'D5'},{'R1'},,&,1.0,&
{'D2'},{'D1'},{'D7'},{'R3'},{'D4'},{'R2'},{'R1'},{'D5'},,,&,1.0,&
{'D2'},{'D1'},{'D7'},{'R3'},{'D4'},{'R2'},{'D6'},{'D3'},{'R1'},,&,1.0,&
{'D2'},{'D1'},{'D7'},{'R3'},{'D4'},{'D6'},,,,,&,1.0,&
{'D2'},{'D1'},{'D7'},{'R3'},{'D4'},{'D6'},{'D3'},{'R2'},,,&,1.0,&
{'D2'},{'D1'},{'D7'},{'R3'},{'D4'},{'D6'},{'R1'},{'R2'},{'D5'},,&,1.0,&
{'D2'},{'D1'},{'D7'},{'R3'},{'D4'},{'D6'},{'R2'},{'R1'},,,&,1.0,&
{'D2'},{'D1'},{'D7'},{'R3'},{'D6'},,,,,,&,1.0,&
{'D2'},{'D1'},{'D7'},{'R3'},{'D6'},{'D4'},,,,,&,1.0,&
{'D2'},{'D1'},{'D7'},{'R3'},{'D6'},{'D4'},{'R2'},{'R1'},,,&,1.0,&
{'D2'},{'D1'},{'D7'},{'R3'},{'D6'},{'R1'},,,,,&,1.0,&
{'D2'},{'D1'},{'D7'},{'R3'},{'D6'},{'R1'},{'D3'},{'R2'},{'D4'},{'D5'},&,1.0,&
{'D2'},{'D1'},{'D7'},{'R3'},{'D6'},{'R2'},{'R1'},{'D4'},,,&,1.0,&
{'D2'},{'D1'},{'D7'},{'R3'},{'D6'},{'R2'},{'D4'},,,,&,1.0,&
{'D2'},{'D1'},{'D7'},{'R3'},{'D6'},{'R2'},{'D4'},{'D3'},{'D5'},{'R1'},&,1.0,&
{'D2'},{'D1'},{'D7'},{'R3'},{'D3'},,,,,,&,1.0,&
{'D2'},{'D1'},{'D7'},{'R3'},{'D3'},{'D4'},,,,,&,2.0,&
{'D2'},{'D1'},{'D7'},{'R3'},{'D3'},{'D4'},{'D6'},,,,&,1.0,&
{'D2'},{'D1'},{'D7'},{'R3'},{'D3'},{'D4'},{'D6'},{'D5'},{'R2'},{'R1'},&,1.0,&
{'D2'},{'D1'},{'D7'},{'R3'},{'D3'},{'R1'},,,,,&,1.0,&
{'D2'},{'D1'},{'D7'},{'R3'},{'D5'},,,,,,&,1.0,&
{'D2'},{'D1'},{'D7'},{'R1'},,,,,,,&,1.0,&
{'D2'},{'D1'},{'D7'},{'R1'},{'R3'},,,,,,&,2.0,&
{'D2'},{'D1'},{'D7'},{'R1'},{'R2'},{'D6'},{'R3'},{'D3'},,,&,1.0,&
{'D2'},{'D1'},{'D7'},{'R1'},{'D4'},{'D3'},{'R3'},{'D5'},{'D6'},{'R2'},&,1.0,&
{'D2'},{'D1'},{'D7'},{'R1'},{'D6'},{'R2'},{'D4'},,,,&,1.0,&
{'D2'},{'D1'},{'D7'},{'R2'},,,,,,,&,5.0,&
{'D2'},{'D1'},{'D7'},{'R2'},{'R3'},,,,,,&,3.0,&
{'D2'},{'D1'},{'D7'},{'R2'},{'R3'},{'D4'},,,,,&,1.0,&
{'D2'},{'D1'},{'D7'},{'R2'},{'R3'},{'R1'},{'D3'},,,,&,1.0,&
{'D2'},{'D1'},{'D7'},{'R2'},{'R3'},{'R1'},{'D4'},{'D5'},,,&,1.0,&
{'D2'},{'D1'},{'D7'},{'R2'},{'R3'},{'D6'},{'R1'},{'D4'},,,&,1.0,&
{'D2'},{'D1'},{'D7'},{'R2'},{'R3'},{'D6'},{'D4'},{'D5'},{'D3'},{'R1'},&,1.0,&
{'D2'},{'D1'},{'D7'},{'R2'},{'R3'},{'D6'},{'D4'},{'R1'},{'D3'},,&,1.0,&
{'D2'},{'D1'},{'D7'},{'R2'},{'D4'},{'D3'},{'R3'},{'R1'},{'D6'},{'D5'},&,1.0,&
{'D2'},{'D1'},{'D7'},{'R2'},{'D4'},{'D5'},{'R3'},,,,&,1.0,&
{'D2'},{'D1'},{'D7'},{'R2'},{'D4'},{'R3'},{'R1'},{'D3'},,,&,1.0,&
{'D2'},{'D1'},{'D7'},{'R2'},{'D4'},{'D6'},,,,,&,1.0,&
{'D2'},{'D1'},{'D7'},{'R2'},{'D6'},{'R3'},{'D4'},{'D3'},,,&,1.0,&
{'D2'},{'D1'},{'D7'},{'R2'},{'D3'},{'R3'},{'R1'},{'D4'},,,&,1.0,&
{'D2'},{'D1'},{'D7'},{'R2'},{'D3'},{'R3'},{'D6'},{'D4'},{'D5'},,&,1.0,&
{'D2'},{'D1'},{'D7'},{'D4'},,,,,,,&,11.0,&
{'D2'},{'D1'},{'D7'},{'D4'},{'R3'},,,,,,&,2.0,&
{'D2'},{'D1'},{'D7'},{'D4'},{'R3'},{'R1'},{'R2'},{'D3'},{'D5'},,&,1.0,&
{'D2'},{'D1'},{'D7'},{'D4'},{'R3'},{'D3'},{'D6'},{'R2'},{'D5'},,&,1.0,&
{'D2'},{'D1'},{'D7'},{'D4'},{'R3'},{'R2'},{'R1'},,,,&,3.0,&
{'D2'},{'D1'},{'D7'},{'D4'},{'R3'},{'R2'},{'R1'},{'D3'},,,&,1.0,&
{'D2'},{'D1'},{'D7'},{'D4'},{'R3'},{'R2'},{'D6'},{'D5'},{'R1'},,&,1.0,&
{'D2'},{'D1'},{'D7'},{'D4'},{'R3'},{'D6'},,,,,&,1.0,&
{'D2'},{'D1'},{'D7'},{'D4'},{'R3'},{'D6'},{'D3'},{'R2'},{'D5'},{'R1'},&,1.0,&
{'D2'},{'D1'},{'D7'},{'D4'},{'R3'},{'D6'},{'R2'},,,,&,1.0,&
{'D2'},{'D1'},{'D7'},{'D4'},{'R3'},{'D6'},{'R2'},{'D3'},{'R1'},,&,1.0,&
{'D2'},{'D1'},{'D7'},{'D4'},{'R2'},{'D3'},{'R3'},,,,&,1.0,&
{'D2'},{'D1'},{'D7'},{'D4'},{'R2'},{'R3'},,,,,&,1.0,&
{'D2'},{'D1'},{'D7'},{'D4'},{'R2'},{'R3'},{'D3'},{'R1'},{'D6'},{'D5'},&,1.0,&
{'D2'},{'D1'},{'D7'},{'D4'},{'R2'},{'D6'},{'R3'},,,,&,1.0,&
{'D2'},{'D1'},{'D7'},{'D4'},{'D6'},,,,,,&,1.0,&
{'D2'},{'D1'},{'D7'},{'D4'},{'D6'},{'R1'},{'D3'},{'D5'},{'R3'},{'R2'},&,1.0,&
{'D2'},{'D1'},{'D7'},{'D4'},{'D6'},{'D3'},{'D5'},{'R2'},{'R3'},,&,1.0,&
{'D2'},{'D1'},{'D7'},{'D4'},{'D6'},{'D3'},{'D5'},{'R2'},{'R3'},{'R1'},&,1.0,&
{'D2'},{'D1'},{'D7'},{'D4'},{'D6'},{'D3'},{'R3'},{'D5'},{'R2'},{'R1'},&,1.0,&
{'D2'},{'D1'},{'D7'},{'D4'},{'D3'},,,,,,&,5.0,&
{'D2'},{'D1'},{'D7'},{'D4'},{'D3'},{'R1'},{'D6'},{'R3'},{'D5'},,&,1.0,&
{'D2'},{'D1'},{'D7'},{'D4'},{'D3'},{'R2'},{'D6'},{'D5'},,,&,1.0,&
{'D2'},{'D1'},{'D7'},{'D4'},{'D3'},{'R2'},{'R3'},{'D6'},{'R1'},{'D5'},&,1.0,&
{'D2'},{'D1'},{'D7'},{'D4'},{'D3'},{'R2'},{'R3'},{'R1'},,,&,1.0,&
{'D2'},{'D1'},{'D7'},{'D4'},{'D3'},{'R3'},{'D5'},{'R2'},,,&,1.0,&
{'D2'},{'D1'},{'D7'},{'D4'},{'D3'},{'D6'},,,,,&,1.0,&
{'D2'},{'D1'},{'D7'},{'D4'},{'D3'},{'D6'},{'R2'},{'R1'},{'R3'},,&,1.0,&
{'D2'},{'D1'},{'D7'},{'D4'},{'D5'},,,,,,&,1.0,&
{'D2'},{'D1'},{'D7'},{'D4'},{'D5'},{'R3'},{'D6'},,,,&,1.0,&
{'D2'},{'D1'},{'D7'},{'D3'},,,,,,,&,5.0,&
{'D2'},{'D1'},{'D7'},{'D3'},{'R3'},,,,,,&,3.0,&
{'D2'},{'D1'},{'D7'},{'D3'},{'R3'},{'R1'},{'D4'},,,,&,1.0,&
{'D2'},{'D1'},{'D7'},{'D3'},{'R3'},{'R2'},{'D5'},,,,&,1.0,&
{'D2'},{'D1'},{'D7'},{'D3'},{'R3'},{'R2'},{'D4'},{'D5'},{'D6'},,&,1.0,&
{'D2'},{'D1'},{'D7'},{'D3'},{'R2'},{'R3'},,,,,&,1.0,&
{'D2'},{'D1'},{'D7'},{'D3'},{'R2'},{'D6'},{'D4'},{'R3'},{'D5'},,&,1.0,&
{'D2'},{'D1'},{'D7'},{'D3'},{'D4'},{'D5'},{'D6'},{'R3'},{'R2'},{'R1'},&,1.0,&
{'D2'},{'D1'},{'D7'},{'D3'},{'D4'},{'R3'},,,,,&,2.0,&
{'D2'},{'D1'},{'D7'},{'D3'},{'D4'},{'R3'},{'D6'},{'D5'},{'R2'},,&,1.0,&
{'D2'},{'D1'},{'D7'},{'D3'},{'D4'},{'D6'},{'D5'},{'R3'},{'R2'},,&,1.0,&
{'D2'},{'D1'},{'D7'},{'D3'},{'D4'},{'D6'},{'R3'},{'D5'},{'R1'},,&,1.0,&
{'D2'},{'D1'},{'D7'},{'D3'},{'D6'},{'D4'},,,,,&,1.0,&
{'D2'},{'D1'},{'D7'},{'D3'},{'D6'},{'D4'},{'R1'},,,,&,1.0,&
{'D2'},{'D1'},{'D7'},{'D3'},{'D6'},{'R2'},{'R1'},,,,&,1.0,&
{'D2'},{'D1'},{'D7'},{'D6'},,,,,,,&,3.0,&
{'D2'},{'D1'},{'D7'},{'D6'},{'R3'},{'D4'},{'D3'},,,,&,1.0,&
{'D2'},{'D1'},{'D7'},{'D6'},{'R3'},{'D3'},{'D4'},{'R2'},{'D5'},,&,1.0,&
{'D2'},{'D1'},{'D7'},{'D6'},{'R3'},{'R2'},{'D4'},,,,&,1.0,&
{'D2'},{'D1'},{'D7'},{'D6'},{'R2'},{'D4'},,,,,&,1.0,&
{'D2'},{'D1'},{'D7'},{'D6'},{'R2'},{'D4'},{'D3'},{'D5'},,,&,1.0,&
{'D2'},{'D1'},{'D7'},{'D6'},{'R2'},{'D4'},{'R3'},{'D3'},{'R1'},{'D5'},&,1.0,&
{'D2'},{'D1'},{'D7'},{'D6'},{'R2'},{'R3'},{'D4'},{'D3'},{'D5'},,&,1.0,&
{'D2'},{'D1'},{'D7'},{'D6'},{'D4'},{'D3'},,,,,&,2.0,&
{'D2'},{'D1'},{'D7'},{'D6'},{'D4'},{'D3'},{'D5'},,,,&,1.0,&
{'D2'},{'D1'},{'D7'},{'D6'},{'D4'},{'D3'},{'D5'},{'R2'},{'R3'},{'R1'},&,1.0,&
{'D2'},{'D1'},{'D7'},{'D6'},{'D4'},{'D5'},,,,,&,1.0,&
{'D2'},{'D1'},{'D7'},{'D6'},{'D4'},{'R3'},{'R2'},,,,&,1.0,&
{'D2'},{'D1'},{'D7'},{'D6'},{'D3'},,,,,,&,1.0,&
{'D2'},{'D1'},{'D7'},{'D6'},{'D3'},{'D4'},,,,,&,1.0,&
{'D2'},{'D1'},{'D7'},{'D6'},{'D3'},{'R3'},{'D4'},{'R2'},,,&,1.0,&
{'D2'},{'D1'},{'D7'},{'D5'},,,,,,,&,2.0,&
{'D2'},{'D1'},{'D7'},{'D5'},{'R3'},{'D3'},{'D4'},{'R1'},{'D6'},,&,1.0,&
{'D2'},{'D1'},{'R1'},,,,,,,,&,4.0,&
{'D2'},{'D1'},{'R1'},{'R3'},{'D7'},{'R2'},,,,,&,1.0,&
{'D2'},{'D1'},{'R1'},{'R3'},{'D7'},{'R2'},{'D4'},{'D3'},,,&,1.0,&
{'D2'},{'D1'},{'R1'},{'R3'},{'R2'},,,,,,&,2.0,&
{'D2'},{'D1'},{'R1'},{'R3'},{'D3'},{'D7'},,,,,&,1.0,&
{'D2'},{'D1'},{'R1'},{'R2'},,,,,,,&,1.0,&
{'D2'},{'D1'},{'R1'},{'R2'},{'D7'},{'D4'},{'R3'},,,,&,1.0,&
{'D2'},{'D1'},{'R1'},{'R2'},{'R3'},,,,,,&,1.0,&
{'D2'},{'D1'},{'R1'},{'D7'},{'R2'},{'D4'},{'D3'},,,,&,1.0,&
{'D2'},{'D1'},{'R1'},{'D7'},{'R2'},{'R3'},,,,,&,1.0,&
{'D2'},{'D1'},{'R1'},{'D7'},{'D3'},{'R3'},{'R2'},{'D6'},{'D4'},,&,1.0,&
{'D2'},{'D1'},{'R1'},{'D4'},{'D7'},,,,,,&,1.0,&
{'D2'},{'D1'},{'R1'},{'D6'},,,,,,,&,1.0,&
{'D2'},{'D1'},{'R1'},{'D6'},{'D7'},,,,,,&,1.0,&
{'D2'},{'D1'},{'R1'},{'D5'},{'D4'},,,,,,&,1.0,&
{'D2'},{'D1'},{'D3'},,,,,,,,&,7.0,&
{'D2'},{'D1'},{'D3'},{'R3'},,,,,,,&,4.0,&
{'D2'},{'D1'},{'D3'},{'R3'},{'D7'},{'D4'},{'R2'},,,,&,1.0,&
{'D2'},{'D1'},{'D3'},{'R3'},{'D7'},{'D4'},{'D6'},{'R2'},{'R1'},,&,1.0,&
{'D2'},{'D1'},{'D3'},{'R3'},{'D7'},{'R2'},,,,,&,1.0,&
{'D2'},{'D1'},{'D3'},{'R3'},{'D7'},{'R2'},{'R1'},,,,&,1.0,&
{'D2'},{'D1'},{'D3'},{'R3'},{'D7'},{'R2'},{'D4'},,,,&,1.0,&
{'D2'},{'D1'},{'D3'},{'R3'},{'R2'},{'D4'},{'R1'},,,,&,1.0,&
{'D2'},{'D1'},{'D3'},{'R3'},{'R2'},{'D7'},{'R1'},{'D4'},,,&,1.0,&
{'D2'},{'D1'},{'D3'},{'R1'},{'R2'},{'D6'},{'R3'},{'D4'},,,&,1.0,&
{'D2'},{'D1'},{'D3'},{'R2'},,,,,,,&,2.0,&
{'D2'},{'D1'},{'D3'},{'R2'},{'D7'},{'R3'},,,,,&,2.0,&
{'D2'},{'D1'},{'D3'},{'R2'},{'D4'},{'R3'},{'D7'},{'R1'},,,&,1.0,&
{'D2'},{'D1'},{'D3'},{'D7'},,,,,,,&,1.0,&
{'D2'},{'D1'},{'D3'},{'D7'},{'R1'},{'R2'},{'R3'},{'D4'},,,&,1.0,&
{'D2'},{'D1'},{'D3'},{'D7'},{'R3'},{'D4'},,,,,&,1.0,&
{'D2'},{'D1'},{'D3'},{'D7'},{'D4'},,,,,,&,1.0,&
{'D2'},{'D1'},{'D3'},{'D4'},{'R2'},{'R3'},{'D7'},{'R1'},{'D5'},,&,1.0,&
{'D2'},{'D1'},{'D3'},{'D6'},{'R1'},{'D7'},{'R3'},{'D4'},{'R2'},{'D5'},&,1.0,&
{'D2'},{'D1'},{'D3'},{'D6'},{'R3'},{'D7'},{'D4'},,,,&,1.0,&
{'D2'},{'D1'},{'D6'},,,,,,,,&,3.0,&
{'D2'},{'D1'},{'D6'},{'R3'},{'D7'},,,,,,&,1.0,&
{'D2'},{'D1'},{'D6'},{'R3'},{'D7'},{'D4'},{'D3'},{'D5'},,,&,1.0,&
{'D2'},{'D1'},{'D6'},{'R3'},{'D7'},{'D4'},{'D3'},{'D5'},{'R2'},{'R1'},&,1.0,&
{'D2'},{'D1'},{'D6'},{'R3'},{'D7'},{'R2'},{'R1'},,,,&,1.0,&
{'D2'},{'D1'},{'D6'},{'R1'},,,,,,,&,2.0,&
{'D2'},{'D1'},{'D6'},{'R2'},,,,,,,&,2.0,&
{'D2'},{'D1'},{'D6'},{'R2'},{'D7'},{'D4'},{'D3'},{'D5'},,,&,1.0,&
{'D2'},{'D1'},{'D6'},{'R2'},{'D7'},{'D4'},{'D3'},{'R3'},{'D5'},,&,1.0,&
{'D2'},{'D1'},{'D6'},{'R2'},{'R3'},,,,,,&,1.0,&
{'D2'},{'D1'},{'D6'},{'R2'},{'R3'},{'D7'},{'R1'},{'D4'},,,&,1.0,&
{'D2'},{'D1'},{'D6'},{'D7'},,,,,,,&,2.0,&
{'D2'},{'D1'},{'D6'},{'D7'},{'D4'},,,,,,&,1.0,&
{'D2'},{'D1'},{'D6'},{'D7'},{'D3'},{'R3'},{'R2'},,,,&,1.0,&
{'D2'},{'D1'},{'D5'},,,,,,,,&,2.0,&
{'D2'},{'D1'},{'D5'},{'R3'},{'D7'},,,,,,&,1.0,&
{'D2'},{'D1'},{'D5'},{'R3'},{'D3'},{'D7'},,,,,&,1.0,&
{'D2'},{'D1'},{'D5'},{'R2'},{'R3'},{'D6'},{'R1'},{'D7'},,,&,1.0,&
{'D2'},{'D1'},{'D5'},{'D7'},{'D4'},{'R3'},{'R2'},,,,&,1.0,&
{'D2'},{'D1'},{'D5'},{'D3'},{'R2'},{'D7'},{'R3'},{'R1'},{'D6'},,&,1.0,&
{'D2'},{'D1'},{'D5'},{'D3'},{'D4'},{'D7'},{'D6'},,,,&,1.0,&
{'D2'},{'R2'},{'R3'},,,,,,,,&,19.0,&
{'D2'},{'R2'},{'R3'},{'D1'},,,,,,,&,3.0,&
{'D2'},{'R2'},{'R3'},{'D1'},{'D7'},,,,,,&,3.0,&
{'D2'},{'R2'},{'R3'},{'D1'},{'D7'},{'D4'},,,,,&,1.0,&
{'D2'},{'R2'},{'R3'},{'D1'},{'D7'},{'D4'},{'R1'},{'D3'},,,&,1.0,&
{'D2'},{'R2'},{'R3'},{'D1'},{'D7'},{'R1'},,,,,&,2.0,&
{'D2'},{'R2'},{'R3'},{'D1'},{'R1'},,,,,,&,1.0,&
{'D2'},{'R2'},{'R3'},{'D1'},{'R1'},{'D4'},{'D7'},{'D3'},,,&,1.0,&
{'D2'},{'R2'},{'R3'},{'D1'},{'R1'},{'D7'},{'D3'},{'D6'},{'D4'},{'D5'},&,1.0,&
{'D2'},{'R2'},{'R3'},{'D1'},{'R1'},{'D7'},{'D6'},{'D4'},{'D3'},{'D5'},&,1.0,&
{'D2'},{'R2'},{'R3'},{'D1'},{'R1'},{'D6'},{'D7'},,,,&,1.0,&
{'D2'},{'R2'},{'R3'},{'D1'},{'D4'},{'R1'},,,,,&,1.0,&
{'D2'},{'R2'},{'R3'},{'D1'},{'D4'},{'R1'},{'D7'},,,,&,1.0,&
{'D2'},{'R2'},{'R3'},{'D1'},{'D4'},{'D7'},,,,,&,1.0,&
{'D2'},{'R2'},{'R3'},{'D1'},{'D4'},{'D7'},{'R1'},,,,&,1.0,&
{'D2'},{'R2'},{'R3'},{'D1'},{'D6'},{'R1'},{'D3'},,,,&,1.0,&
{'D2'},{'R2'},{'R3'},{'D1'},{'D3'},{'R1'},,,,,&,1.0,&
{'D2'},{'R2'},{'R3'},{'D1'},{'D3'},{'R1'},{'D7'},,,,&,1.0,&
{'D2'},{'R2'},{'R3'},{'R1'},,,,,,,&,5.0,&
{'D2'},{'R2'},{'R3'},{'R1'},{'D7'},,,,,,&,5.0,&
{'D2'},{'R2'},{'R3'},{'R1'},{'D7'},{'D4'},{'D1'},,,,&,2.0,&
{'D2'},{'R2'},{'R3'},{'R1'},{'D7'},{'D4'},{'D1'},{'D6'},{'D3'},{'D5'},&,1.0,&
{'D2'},{'R2'},{'R3'},{'R1'},{'D7'},{'D3'},,,,,&,1.0,&
{'D2'},{'R2'},{'R3'},{'R1'},{'D7'},{'D3'},{'D1'},{'D4'},,,&,1.0,&
{'D2'},{'R2'},{'R3'},{'R1'},{'D7'},{'D1'},{'D6'},{'D4'},,,&,1.0,&
{'D2'},{'R2'},{'R3'},{'R1'},{'D7'},{'D1'},{'D6'},{'D4'},{'D3'},,&,1.0,&
{'D2'},{'R2'},{'R3'},{'R1'},{'D1'},,,,,,&,1.0,&
{'D2'},{'R2'},{'R3'},{'R1'},{'D1'},{'D4'},{'D7'},{'D6'},{'D3'},{'D5'},&,1.0,&
{'D2'},{'R2'},{'R3'},{'R1'},{'D1'},{'D3'},{'D6'},{'D7'},{'D4'},,&,1.0,&
{'D2'},{'R2'},{'R3'},{'R1'},{'D1'},{'D7'},,,,,&,1.0,&
{'D2'},{'R2'},{'R3'},{'R1'},{'D1'},{'D7'},{'D3'},,,,&,1.0,&
{'D2'},{'R2'},{'R3'},{'R1'},{'D1'},{'D7'},{'D5'},{'D6'},,,&,1.0,&
{'D2'},{'R2'},{'R3'},{'R1'},{'D1'},{'D7'},{'D4'},{'D3'},,,&,1.0,&
{'D2'},{'R2'},{'R3'},{'R1'},{'D1'},{'D7'},{'D4'},{'D3'},{'D5'},{'D6'},&,1.0,&
{'D2'},{'R2'},{'R3'},{'R1'},{'D4'},,,,,,&,1.0,&
{'D2'},{'R2'},{'R3'},{'R1'},{'D4'},{'D1'},{'D7'},{'D3'},{'D6'},,&,1.0,&
{'D2'},{'R2'},{'R3'},{'R1'},{'D4'},{'D6'},,,,,&,1.0,&
{'D2'},{'R2'},{'R3'},{'D7'},,,,,,,&,5.0,&
{'D2'},{'R2'},{'R3'},{'D7'},{'R1'},,,,,,&,1.0,&
{'D2'},{'R2'},{'R3'},{'D7'},{'R1'},{'D4'},{'D1'},{'D3'},{'D6'},,&,1.0,&
{'D2'},{'R2'},{'R3'},{'D7'},{'R1'},{'D3'},{'D4'},,,,&,1.0,&
{'D2'},{'R2'},{'R3'},{'D7'},{'R1'},{'D3'},{'D4'},{'D1'},{'D6'},,&,1.0,&
{'D2'},{'R2'},{'R3'},{'D7'},{'R1'},{'D1'},{'D4'},,,,&,1.0,&
{'D2'},{'R2'},{'R3'},{'D7'},{'R1'},{'D1'},{'D4'},{'D6'},{'D5'},,&,1.0,&
{'D2'},{'R2'},{'R3'},{'D7'},{'R1'},{'D1'},{'D4'},{'D3'},,,&,1.0,&
{'D2'},{'R2'},{'R3'},{'D7'},{'D1'},{'D4'},{'D3'},{'D5'},{'R1'},,&,1.0,&
{'D2'},{'R2'},{'R3'},{'D7'},{'D1'},{'D4'},{'D6'},{'D5'},,,&,1.0,&
{'D2'},{'R2'},{'R3'},{'D7'},{'D1'},{'R1'},{'D4'},,,,&,1.0,&
{'D2'},{'R2'},{'R3'},{'D7'},{'D1'},{'D3'},{'R1'},,,,&,1.0,&
{'D2'},{'R2'},{'R3'},{'D7'},{'D1'},{'D5'},{'D4'},{'D3'},{'R1'},,&,1.0,&
{'D2'},{'R2'},{'R3'},{'D7'},{'D4'},,,,,,&,1.0,&
{'D2'},{'R2'},{'R3'},{'D7'},{'D4'},{'R1'},{'D1'},,,,&,1.0,&
{'D2'},{'R2'},{'R3'},{'D7'},{'D4'},{'D1'},{'D3'},{'D6'},{'D5'},{'R1'},&,1.0,&
{'D2'},{'R2'},{'R3'},{'D7'},{'D4'},{'D1'},{'D3'},{'R1'},{'D6'},,&,1.0,&
{'D2'},{'R2'},{'R3'},{'D7'},{'D4'},{'D1'},{'R1'},{'D6'},,,&,1.0,&
{'D2'},{'R2'},{'R3'},{'D7'},{'D3'},,,,,,&,1.0,&
{'D2'},{'R2'},{'R3'},{'D4'},,,,,,,&,1.0,&
{'D2'},{'R2'},{'R3'},{'D4'},{'D7'},{'D1'},{'D6'},{'D3'},,,&,1.0,&
{'D2'},{'R2'},{'R3'},{'D4'},{'R1'},{'D1'},{'D3'},,,,&,1.0,&
{'D2'},{'R2'},{'R3'},{'D4'},{'R1'},{'D1'},{'D7'},{'D5'},{'D6'},,&,1.0,&
{'D2'},{'R2'},{'R3'},{'D4'},{'R1'},{'D7'},{'D1'},,,,&,1.0,&
{'D2'},{'R2'},{'R3'},{'D4'},{'D1'},{'R1'},{'D7'},,,,&,1.0,&
{'D2'},{'R2'},{'R3'},{'D3'},,,,,,,&,1.0,&
{'D2'},{'R2'},{'R3'},{'D3'},{'D7'},,,,,,&,1.0,&
{'D2'},{'R2'},{'R3'},{'D3'},{'R1'},{'D1'},{'D7'},,,,&,1.0,&
{'D2'},{'R2'},{'R3'},{'D3'},{'D1'},{'D4'},,,,,&,1.0,&
{'D2'},{'R2'},{'R3'},{'D3'},{'D1'},{'D7'},,,,,&,1.0,&
{'D2'},{'R2'},{'R3'},{'D3'},{'D4'},{'R1'},{'D7'},,,,&,1.0,&
{'D2'},{'R2'},{'R3'},{'D6'},,,,,,,&,1.0,&
{'D2'},{'R2'},{'R3'},{'D6'},{'D7'},,,,,,&,1.0,&
{'D2'},{'R2'},{'R3'},{'D6'},{'R1'},{'D1'},{'D3'},{'D7'},{'D4'},,&,1.0,&
{'D2'},{'R2'},{'R3'},{'D6'},{'R1'},{'D7'},,,,,&,1.0,&
{'D2'},{'R2'},{'D1'},,,,,,,,&,5.0,&
{'D2'},{'R2'},{'D1'},{'R3'},,,,,,,&,2.0,&
{'D2'},{'R2'},{'D1'},{'R3'},{'D7'},,,,,,&,1.0,&
{'D2'},{'R2'},{'D1'},{'R3'},{'D7'},{'D4'},,,,,&,1.0,&
{'D2'},{'R2'},{'D1'},{'R3'},{'D7'},{'D4'},{'D3'},{'D6'},,,&,1.0,&
{'D2'},{'R2'},{'D1'},{'R3'},{'D7'},{'R1'},,,,,&,1.0,&
{'D2'},{'R2'},{'D1'},{'R3'},{'D7'},{'R1'},{'D3'},,,,&,1.0,&
{'D2'},{'R2'},{'D1'},{'R3'},{'D7'},{'D3'},,,,,&,1.0,&
{'D2'},{'R2'},{'D1'},{'R3'},{'D7'},{'D3'},{'R1'},,,,&,1.0,&
{'D2'},{'R2'},{'D1'},{'R3'},{'D7'},{'D3'},{'R1'},{'D4'},{'D6'},{'D5'},&,2.0,&
{'D2'},{'R2'},{'D1'},{'R3'},{'D7'},{'D5'},{'R1'},,,,&,1.0,&
{'D2'},{'R2'},{'D1'},{'R3'},{'D7'},{'D6'},,,,,&,2.0,&
{'D2'},{'R2'},{'D1'},{'R3'},{'R1'},,,,,,&,1.0,&
{'D2'},{'R2'},{'D1'},{'R3'},{'R1'},{'D7'},,,,,&,2.0,&
{'D2'},{'R2'},{'D1'},{'R3'},{'R1'},{'D7'},{'D4'},{'D3'},,,&,1.0,&
{'D2'},{'R2'},{'D1'},{'R3'},{'R1'},{'D7'},{'D4'},{'D3'},{'D5'},{'D6'},&,1.0,&
{'D2'},{'R2'},{'D1'},{'R3'},{'R1'},{'D7'},{'D6'},{'D4'},{'D3'},,&,1.0,&
{'D2'},{'R2'},{'D1'},{'R3'},{'D4'},,,,,,&,1.0,&
{'D2'},{'R2'},{'D1'},{'R3'},{'D4'},{'D7'},,,,,&,1.0,&
{'D2'},{'R2'},{'D1'},{'R3'},{'D4'},{'D7'},{'R1'},{'D6'},{'D3'},{'D5'},&,1.0,&
{'D2'},{'R2'},{'D1'},{'R3'},{'D6'},,,,,,&,1.0,&
{'D2'},{'R2'},{'D1'},{'R3'},{'D6'},{'D3'},,,,,&,1.0,&
{'D2'},{'R2'},{'D1'},{'R3'},{'D3'},,,,,,&,1.0,&
{'D2'},{'R2'},{'D1'},{'R3'},{'D3'},{'R1'},,,,,&,1.0,&
{'D2'},{'R2'},{'D1'},{'R3'},{'D3'},{'R1'},{'D7'},{'D4'},{'D6'},{'D5'},&,1.0,&
{'D2'},{'R2'},{'D1'},{'R1'},,,,,,,&,1.0,&
{'D2'},{'R2'},{'D1'},{'R1'},{'D7'},,,,,,&,1.0,&
{'D2'},{'R2'},{'D1'},{'D7'},,,,,,,&,7.0,&
{'D2'},{'R2'},{'D1'},{'D7'},{'R3'},,,,,,&,1.0,&
{'D2'},{'R2'},{'D1'},{'D7'},{'R3'},{'D4'},,,,,&,1.0,&
{'D2'},{'R2'},{'D1'},{'D7'},{'R3'},{'R1'},,,,,&,2.0,&
{'D2'},{'R2'},{'D1'},{'D7'},{'R3'},{'D3'},{'D5'},{'D4'},{'D6'},,&,1.0,&
{'D2'},{'R2'},{'D1'},{'D7'},{'R3'},{'D6'},{'D3'},{'R1'},,,&,1.0,&
{'D2'},{'R2'},{'D1'},{'D7'},{'D4'},,,,,,&,1.0,&
{'D2'},{'R2'},{'D1'},{'D7'},{'D4'},{'D3'},{'R3'},{'R1'},{'D5'},,&,1.0,&
{'D2'},{'R2'},{'D1'},{'D7'},{'D4'},{'R3'},,,,,&,2.0,&
{'D2'},{'R2'},{'D1'},{'D7'},{'D4'},{'R3'},{'D6'},,,,&,1.0,&
{'D2'},{'R2'},{'D1'},{'D7'},{'D4'},{'D6'},,,,,&,1.0,&
{'D2'},{'R2'},{'D1'},{'D4'},,,,,,,&,1.0,&
{'D2'},{'R2'},{'D1'},{'D4'},{'D7'},{'D3'},,,,,&,1.0,&
{'D2'},{'R2'},{'D1'},{'D4'},{'D7'},{'R3'},{'D6'},{'R1'},{'D3'},,&,1.0,&
{'D2'},{'R2'},{'D1'},{'D4'},{'D7'},{'D6'},{'D3'},{'R3'},,,&,1.0,&
{'D2'},{'R2'},{'D1'},{'D4'},{'D7'},{'D6'},{'D5'},{'R3'},{'D3'},{'R1'},&,1.0,&
{'D2'},{'R2'},{'D1'},{'D4'},{'R1'},{'D6'},{'R3'},{'D7'},{'D3'},,&,1.0,&
{'D2'},{'R2'},{'D1'},{'D4'},{'R3'},{'D3'},{'R1'},,,,&,1.0,&
{'D2'},{'R2'},{'D1'},{'D4'},{'R3'},{'D7'},{'R1'},{'D6'},{'D3'},{'D5'},&,1.0,&
{'D2'},{'R2'},{'D1'},{'D4'},{'R3'},{'D7'},{'R1'},{'D3'},{'D6'},{'D5'},&,1.0,&
{'D2'},{'R2'},{'D1'},{'D4'},{'R3'},{'D6'},{'D7'},{'R1'},,,&,1.0,&
{'D2'},{'R2'},{'D1'},{'D4'},{'D3'},{'R1'},,,,,&,1.0,&
{'D2'},{'R2'},{'D1'},{'D4'},{'D3'},{'R3'},{'D7'},{'R1'},,,&,1.0,&
{'D2'},{'R2'},{'D1'},{'D3'},,,,,,,&,2.0,&
{'D2'},{'R2'},{'D4'},,,,,,,,&,8.0,&
{'D2'},{'R2'},{'D4'},{'R3'},{'R1'},{'D7'},,,,,&,1.0,&
{'D2'},{'R2'},{'D4'},{'R3'},{'D1'},{'D7'},{'D5'},{'R1'},{'D3'},{'D6'},&,1.0,&
{'D2'},{'R2'},{'D4'},{'D1'},,,,,,,&,2.0,&
{'D2'},{'R2'},{'D4'},{'D1'},{'D7'},,,,,,&,2.0,&
{'D2'},{'R2'},{'D4'},{'D1'},{'D7'},{'R3'},{'D5'},{'D6'},{'D3'},,&,1.0,&
{'D2'},{'R2'},{'D4'},{'D1'},{'R3'},{'R1'},,,,,&,1.0,&
{'D2'},{'R2'},{'D4'},{'D1'},{'R3'},{'D7'},{'D3'},{'D6'},{'R1'},,&,1.0,&
{'D2'},{'R2'},{'D4'},{'D1'},{'R3'},{'D7'},{'D3'},{'R1'},,,&,1.0,&
{'D2'},{'R2'},{'D4'},{'D1'},{'R3'},{'D6'},{'R1'},{'D7'},{'D3'},,&,1.0,&
{'D2'},{'R2'},{'D4'},{'D1'},{'D6'},{'D7'},,,,,&,1.0,&
{'D2'},{'R2'},{'D4'},{'D1'},{'D3'},,,,,,&,1.0,&
{'D2'},{'R2'},{'D4'},{'D1'},{'D3'},{'R3'},{'R1'},{'D7'},{'D6'},{'D5'},&,1.0,&
{'D2'},{'R2'},{'D4'},{'R1'},{'D7'},{'R3'},,,,,&,1.0,&
{'D2'},{'R2'},{'D4'},{'R1'},{'D7'},{'R3'},{'D1'},{'D6'},,,&,1.0,&
{'D2'},{'R2'},{'D4'},{'R1'},{'D1'},{'D7'},,,,,&,1.0,&
{'D2'},{'R2'},{'D4'},{'D7'},,,,,,,&,1.0,&
{'D2'},{'R2'},{'D4'},{'D7'},{'D1'},{'D3'},{'D5'},{'D6'},,,&,1.0,&
{'D2'},{'R2'},{'D4'},{'D7'},{'D5'},{'D1'},{'D3'},{'D6'},,,&,1.0,&
{'D2'},{'R2'},{'D4'},{'D3'},{'R3'},{'D1'},{'R1'},,,,&,1.0,&
{'D2'},{'R2'},,,,,,,,,&,29.0,&
{'D2'},{'R2'},{'D7'},,,,,,,,&,22.0,&
{'D2'},{'R2'},{'D7'},{'R3'},,,,,,,&,5.0,&
{'D2'},{'R2'},{'D7'},{'R3'},{'R1'},,,,,,&,2.0,&
{'D2'},{'R2'},{'D7'},{'R3'},{'R1'},{'D3'},{'D1'},,,,&,1.0,&
{'D2'},{'R2'},{'D7'},{'R3'},{'R1'},{'D1'},,,,,&,1.0,&
{'D2'},{'R2'},{'D7'},{'R3'},{'R1'},{'D1'},{'D4'},{'D3'},,,&,2.0,&
{'D2'},{'R2'},{'D7'},{'R3'},{'R1'},{'D1'},{'D6'},,,,&,1.0,&
{'D2'},{'R2'},{'D7'},{'R3'},{'R1'},{'D6'},,,,,&,1.0,&
{'D2'},{'R2'},{'D7'},{'R3'},{'D1'},{'D4'},,,,,&,1.0,&
{'D2'},{'R2'},{'D7'},{'R3'},{'D1'},{'D4'},{'R1'},{'D3'},{'D6'},{'D5'},&,1.0,&
{'D2'},{'R2'},{'D7'},{'R3'},{'D1'},{'R1'},,,,,&,2.0,&
{'D2'},{'R2'},{'D7'},{'R3'},{'D1'},{'R1'},{'D4'},,,,&,1.0,&
{'D2'},{'R2'},{'D7'},{'R3'},{'D1'},{'R1'},{'D4'},{'D3'},{'D6'},,&,1.0,&
{'D2'},{'R2'},{'D7'},{'R3'},{'D1'},{'D3'},{'R1'},,,,&,1.0,&
{'D2'},{'R2'},{'D7'},{'R3'},{'D4'},,,,,,&,1.0,&
{'D2'},{'R2'},{'D7'},{'R3'},{'D4'},{'D1'},{'D3'},{'R1'},,,&,1.0,&
{'D2'},{'R2'},{'D7'},{'R3'},{'D4'},{'D1'},{'R1'},,,,&,1.0,&
{'D2'},{'R2'},{'D7'},{'R3'},{'D6'},{'R1'},,,,,&,1.0,&
{'D2'},{'R2'},{'D7'},{'D1'},,,,,,,&,2.0,&
{'D2'},{'R2'},{'D7'},{'D1'},{'R1'},,,,,,&,1.0,&
{'D2'},{'R2'},{'D7'},{'D1'},{'R3'},{'D4'},,,,,&,2.0,&
{'D2'},{'R2'},{'D7'},{'D1'},{'R3'},{'R1'},,,,,&,1.0,&
{'D2'},{'R2'},{'D7'},{'D1'},{'R3'},{'D3'},{'D4'},{'R1'},{'D6'},{'D5'},&,1.0,&
{'D2'},{'R2'},{'D7'},{'D1'},{'D4'},,,,,,&,1.0,&
{'D2'},{'R2'},{'D7'},{'D1'},{'D4'},{'D3'},,,,,&,1.0,&
{'D2'},{'R2'},{'D7'},{'D1'},{'D4'},{'D3'},{'D6'},{'R3'},{'R1'},,&,1.0,&
{'D2'},{'R2'},{'D7'},{'D1'},{'D4'},{'R3'},,,,,&,1.0,&
{'D2'},{'R2'},{'D7'},{'D1'},{'D4'},{'R3'},{'R1'},,,,&,2.0,&
{'D2'},{'R2'},{'D7'},{'D1'},{'D4'},{'R3'},{'R1'},{'D3'},{'D6'},,&,1.0,&
{'D2'},{'R2'},{'D7'},{'D1'},{'D4'},{'R3'},{'D6'},{'D5'},{'D3'},{'R1'},&,1.0,&
{'D2'},{'R2'},{'D7'},{'D1'},{'D4'},{'D6'},{'D3'},{'R3'},{'R1'},{'D5'},&,1.0,&
{'D2'},{'R2'},{'D7'},{'D1'},{'D6'},{'R3'},{'R1'},{'D4'},{'D3'},,&,1.0,&
{'D2'},{'R2'},{'D7'},{'D1'},{'D3'},,,,,,&,1.0,&
{'D2'},{'R2'},{'D7'},{'D1'},{'D3'},{'D4'},{'D6'},{'R3'},{'R1'},,&,1.0,&
{'D2'},{'R2'},{'D7'},{'D1'},{'D3'},{'R3'},,,,,&,2.0,&
{'D2'},{'R2'},{'D7'},{'R1'},,,,,,,&,1.0,&
{'D2'},{'R2'},{'D7'},{'R1'},{'R3'},{'D1'},{'D4'},,,,&,1.0,&
{'D2'},{'R2'},{'D7'},{'R1'},{'D1'},{'D4'},,,,,&,1.0,&
{'D2'},{'R2'},{'D7'},{'R1'},{'D1'},{'D6'},,,,,&,1.0,&
{'D2'},{'R2'},{'D7'},{'R1'},{'D4'},{'D1'},{'D3'},{'R3'},,,&,1.0,&
{'D2'},{'R2'},{'D7'},{'R1'},{'D4'},{'D1'},{'R3'},,,,&,1.0,&
{'D2'},{'R2'},{'D7'},{'D4'},,,,,,,&,2.0,&
{'D2'},{'R2'},{'D7'},{'D4'},{'R3'},,,,,,&,1.0,&
{'D2'},{'R2'},{'D7'},{'D4'},{'D1'},,,,,,&,2.0,&
{'D2'},{'R2'},{'D7'},{'D4'},{'D1'},{'D5'},{'R3'},,,,&,1.0,&
{'D2'},{'R2'},{'D7'},{'D4'},{'D1'},{'R3'},{'R1'},{'D3'},,,&,1.0,&
{'D2'},{'R2'},{'D7'},{'D4'},{'D5'},{'R1'},{'R3'},,,,&,1.0,&
{'D2'},{'R2'},{'D7'},{'D3'},{'R3'},,,,,,&,1.0,&
{'D2'},{'R2'},{'D7'},{'D3'},{'R3'},{'R1'},{'D1'},{'D5'},,,&,1.0,&
{'D2'},{'R2'},{'D7'},{'D3'},{'D1'},{'R3'},,,,,&,1.0,&
{'D2'},{'R2'},{'D7'},{'D3'},{'D4'},{'D1'},{'R3'},{'D6'},,,&,1.0,&
{'D2'},{'R2'},{'D7'},{'D3'},{'D6'},,,,,,&,1.0,&
{'D2'},{'R2'},{'D7'},{'D6'},{'D1'},{'R3'},,,,,&,1.0,&
{'D2'},{'R2'},{'D7'},{'D6'},{'D4'},{'R3'},{'R1'},{'D1'},,,&,1.0,&
{'D2'},{'R2'},{'D7'},{'D6'},{'D5'},{'R3'},{'R1'},{'D1'},{'D4'},{'D3'},&,1.0,&
{'D2'},{'R2'},{'R1'},,,,,,,,&,3.0,&
{'D2'},{'R2'},{'R1'},{'R3'},,,,,,,&,1.0,&
{'D2'},{'R2'},{'R1'},{'R3'},{'D7'},{'D4'},{'D1'},{'D3'},{'D6'},,&,1.0,&
{'D2'},{'R2'},{'R1'},{'R3'},{'D7'},{'D1'},{'D4'},{'D5'},{'D6'},,&,1.0,&
{'D2'},{'R2'},{'R1'},{'R3'},{'D1'},{'D4'},{'D7'},{'D6'},,,&,1.0,&
{'D2'},{'R2'},{'R1'},{'R3'},{'D1'},{'D7'},,,,,&,1.0,&
{'D2'},{'R2'},{'R1'},{'R3'},{'D6'},{'D7'},,,,,&,1.0,&
{'D2'},{'R2'},{'R1'},{'D1'},,,,,,,&,1.0,&
{'D2'},{'R2'},{'R1'},{'D1'},{'D7'},{'R3'},,,,,&,1.0,&
{'D2'},{'R2'},{'R1'},{'D7'},,,,,,,&,1.0,&
{'D2'},{'R2'},{'R1'},{'D7'},{'D1'},{'D3'},{'D4'},{'R3'},{'D5'},{'D6'},&,1.0,&
{'D2'},{'R2'},{'R1'},{'D7'},{'D1'},{'D6'},{'R3'},,,,&,1.0,&
{'D2'},{'R2'},{'R1'},{'D4'},{'R3'},{'D1'},{'D7'},{'D3'},,,&,1.0,&
{'D2'},{'R2'},{'R1'},{'D4'},{'R3'},{'D7'},,,,,&,1.0,&
{'D2'},{'R2'},{'R1'},{'D4'},{'D5'},{'R3'},{'D1'},,,,&,1.0,&
{'D2'},{'R2'},{'R1'},{'D6'},{'D3'},{'D1'},{'D7'},{'D4'},{'D5'},{'R3'},&,1.0,&
{'D2'},{'R2'},{'R1'},{'D5'},,,,,,,&,1.0,&
{'D2'},{'R2'},{'R1'},{'D5'},{'R3'},{'D7'},{'D3'},{'D1'},{'D6'},{'D4'},&,1.0,&
{'D2'},{'R2'},{'D3'},{'R3'},,,,,,,&,1.0,&
{'D2'},{'R2'},{'D3'},{'R3'},{'R1'},,,,,,&,1.0,&
{'D2'},{'R2'},{'D3'},{'R3'},{'D1'},{'R1'},{'D7'},,,,&,1.0,&
{'D2'},{'R2'},{'D3'},{'D1'},,,,,,,&,1.0,&
{'D2'},{'R2'},{'D3'},{'D1'},{'D7'},,,,,,&,1.0,&
{'D2'},{'R2'},{'D3'},{'D1'},{'D7'},{'R3'},{'D4'},{'D5'},{'D6'},{'R1'},&,1.0,&
{'D2'},{'R2'},{'D3'},{'D1'},{'R3'},{'D4'},,,,,&,1.0,&
{'D2'},{'R2'},{'D3'},{'R1'},{'R3'},{'D1'},{'D7'},,,,&,1.0,&
{'D2'},{'R2'},{'D3'},{'D7'},{'D4'},{'R3'},{'D1'},{'D6'},{'D5'},,&,1.0,&
{'D2'},{'R2'},{'D6'},,,,,,,,&,1.0,&
{'D2'},{'R2'},{'D6'},{'R3'},,,,,,,&,2.0,&
{'D2'},{'R2'},{'D6'},{'R3'},{'D7'},{'R1'},{'D1'},{'D4'},,,&,1.0,&
{'D2'},{'R2'},{'D6'},{'R3'},{'D1'},{'D7'},{'R1'},{'D4'},,,&,1.0,&
{'D2'},{'R2'},{'D6'},{'R3'},{'D4'},{'D7'},{'R1'},{'D1'},,,&,2.0,&
{'D2'},{'R2'},{'D6'},{'D1'},,,,,,,&,1.0,&
{'D2'},{'R2'},{'D6'},{'D1'},{'R3'},,,,,,&,1.0,&
{'D2'},{'R2'},{'D6'},{'D1'},{'D4'},{'R1'},{'D3'},,,,&,1.0,&
{'D2'},{'R2'},{'D6'},{'D1'},{'D4'},{'R1'},{'R3'},{'D7'},,,&,1.0,&
{'D2'},{'R2'},{'D6'},{'D7'},{'R3'},,,,,,&,1.0,&
{'D2'},{'R2'},{'D6'},{'D7'},{'R3'},{'D1'},{'R1'},{'D4'},,,&,1.0,&
{'D2'},{'R2'},{'D6'},{'D7'},{'D1'},{'R3'},{'R1'},{'D4'},{'D3'},{'D5'},&,1.0,&
{'D2'},{'R2'},{'D6'},{'D4'},{'D7'},,,,,,&,1.0,&
{'D2'},{'R2'},{'D6'},{'D4'},{'D7'},{'R3'},{'R1'},,,,&,1.0,&
{'D2'},{'R2'},{'D5'},,,,,,,,&,1.0,&
{'D2'},{'R2'},{'D5'},{'R3'},{'D6'},{'D4'},,,,,&,1.0,&
{'D2'},{'R2'},{'D5'},{'D7'},,,,,,,&,1.0,&
{'D2'},{'R2'},{'D5'},{'D7'},{'R3'},{'D6'},{'R1'},{'D1'},,,&,1.0,&
{'D2'},{'R2'},{'D5'},{'D7'},{'D3'},,,,,,&,1.0,&
{'D2'},{'R2'},{'D5'},{'D4'},{'D7'},{'R3'},{'D1'},{'R1'},,,&,1.0,&
{'D2'},,,,,,,,,,&,299.0,&
{'D2'},{'R3'},{'R2'},,,,,,,,&,38.0,&
{'D2'},{'R3'},{'R2'},{'D1'},,,,,,,&,11.0,&
{'D2'},{'R3'},{'R2'},{'D1'},{'D7'},,,,,,&,3.0,&
{'D2'},{'R3'},{'R2'},{'D1'},{'D7'},{'D4'},,,,,&,1.0,&
{'D2'},{'R3'},{'R2'},{'D1'},{'D7'},{'D4'},{'D3'},{'D6'},{'D5'},{'R1'},&,1.0,&
{'D2'},{'R3'},{'R2'},{'D1'},{'D7'},{'D4'},{'D3'},{'R1'},,,&,1.0,&
{'D2'},{'R3'},{'R2'},{'D1'},{'D7'},{'R1'},,,,,&,2.0,&
{'D2'},{'R3'},{'R2'},{'D1'},{'D7'},{'R1'},{'D3'},,,,&,1.0,&
{'D2'},{'R3'},{'R2'},{'D1'},{'D7'},{'R1'},{'D3'},{'D4'},{'D5'},,&,1.0,&
{'D2'},{'R3'},{'R2'},{'D1'},{'D7'},{'R1'},{'D4'},,,,&,1.0,&
{'D2'},{'R3'},{'R2'},{'D1'},{'D7'},{'R1'},{'D4'},{'D6'},{'D3'},,&,1.0,&
{'D2'},{'R3'},{'R2'},{'D1'},{'D7'},{'D3'},{'R1'},,,,&,1.0,&
{'D2'},{'R3'},{'R2'},{'D1'},{'D7'},{'D5'},{'D6'},{'R1'},{'D3'},{'D4'},&,1.0,&
{'D2'},{'R3'},{'R2'},{'D1'},{'D7'},{'D6'},,,,,&,1.0,&
{'D2'},{'R3'},{'R2'},{'D1'},{'R1'},,,,,,&,5.0,&
{'D2'},{'R3'},{'R2'},{'D1'},{'R1'},{'D7'},{'D3'},{'D4'},,,&,1.0,&
{'D2'},{'R3'},{'R2'},{'D1'},{'R1'},{'D7'},{'D4'},,,,&,1.0,&
{'D2'},{'R3'},{'R2'},{'D1'},{'R1'},{'D7'},{'D4'},{'D3'},,,&,1.0,&
{'D2'},{'R3'},{'R2'},{'D1'},{'R1'},{'D7'},{'D4'},{'D3'},{'D6'},{'D5'},&,1.0,&
{'D2'},{'R3'},{'R2'},{'D1'},{'D4'},{'R1'},,,,,&,1.0,&
{'D2'},{'R3'},{'R2'},{'D1'},{'D6'},{'D7'},{'R1'},{'D4'},,,&,1.0,&
{'D2'},{'R3'},{'R2'},{'D1'},{'D3'},{'D7'},{'D4'},{'D6'},{'R1'},{'D5'},&,1.0,&
{'D2'},{'R3'},{'R2'},{'R1'},,,,,,,&,15.0,&
{'D2'},{'R3'},{'R2'},{'R1'},{'D7'},,,,,,&,4.0,&
{'D2'},{'R3'},{'R2'},{'R1'},{'D7'},{'D3'},,,,,&,1.0,&
{'D2'},{'R3'},{'R2'},{'R1'},{'D7'},{'D3'},{'D1'},,,,&,1.0,&
{'D2'},{'R3'},{'R2'},{'R1'},{'D7'},{'D1'},,,,,&,3.0,&
{'D2'},{'R3'},{'R2'},{'R1'},{'D7'},{'D1'},{'D3'},{'D4'},{'D6'},,&,1.0,&
{'D2'},{'R3'},{'R2'},{'R1'},{'D7'},{'D1'},{'D4'},{'D6'},{'D3'},{'D5'},&,1.0,&
{'D2'},{'R3'},{'R2'},{'R1'},{'D7'},{'D1'},{'D6'},{'D4'},{'D3'},,&,1.0,&
{'D2'},{'R3'},{'R2'},{'R1'},{'D7'},{'D6'},{'D4'},{'D1'},{'D3'},,&,1.0,&
{'D2'},{'R3'},{'R2'},{'R1'},{'D1'},,,,,,&,2.0,&
{'D2'},{'R3'},{'R2'},{'R1'},{'D1'},{'D4'},,,,,&,3.0,&
{'D2'},{'R3'},{'R2'},{'R1'},{'D1'},{'D4'},{'D7'},,,,&,1.0,&
{'D2'},{'R3'},{'R2'},{'R1'},{'D1'},{'D7'},,,,,&,2.0,&
{'D2'},{'R3'},{'R2'},{'R1'},{'D1'},{'D7'},{'D3'},{'D6'},,,&,1.0,&
{'D2'},{'R3'},{'R2'},{'R1'},{'D1'},{'D7'},{'D3'},{'D4'},{'D6'},,&,1.0,&
{'D2'},{'R3'},{'R2'},{'R1'},{'D4'},,,,,,&,7.0,&
{'D2'},{'R3'},{'R2'},{'R1'},{'D4'},{'D1'},,,,,&,1.0,&
{'D2'},{'R3'},{'R2'},{'R1'},{'D4'},{'D1'},{'D7'},,,,&,1.0,&
{'D2'},{'R3'},{'R2'},{'R1'},{'D6'},,,,,,&,2.0,&
{'D2'},{'R3'},{'R2'},{'R1'},{'D6'},{'D7'},{'D1'},,,,&,1.0,&
{'D2'},{'R3'},{'R2'},{'R1'},{'D6'},{'D7'},{'D4'},{'D1'},,,&,1.0,&
{'D2'},{'R3'},{'R2'},{'R1'},{'D3'},,,,,,&,1.0,&
{'D2'},{'R3'},{'R2'},{'R1'},{'D3'},{'D1'},,,,,&,1.0,&
{'D2'},{'R3'},{'R2'},{'R1'},{'D3'},{'D7'},,,,,&,1.0,&
{'D2'},{'R3'},{'R2'},{'R1'},{'D5'},,,,,,&,1.0,&
{'D2'},{'R3'},{'R2'},{'D7'},,,,,,,&,6.0,&
{'D2'},{'R3'},{'R2'},{'D7'},{'R1'},,,,,,&,6.0,&
{'D2'},{'R3'},{'R2'},{'D7'},{'R1'},{'D4'},{'D1'},{'D6'},,,&,1.0,&
{'D2'},{'R3'},{'R2'},{'D7'},{'R1'},{'D1'},,,,,&,4.0,&
{'D2'},{'R3'},{'R2'},{'D7'},{'R1'},{'D1'},{'D4'},,,,&,1.0,&
{'D2'},{'R3'},{'R2'},{'D7'},{'R1'},{'D1'},{'D4'},{'D6'},,,&,1.0,&
{'D2'},{'R3'},{'R2'},{'D7'},{'R1'},{'D1'},{'D6'},,,,&,1.0,&
{'D2'},{'R3'},{'R2'},{'D7'},{'R1'},{'D5'},{'D1'},{'D4'},,,&,1.0,&
{'D2'},{'R3'},{'R2'},{'D7'},{'R1'},{'D6'},{'D1'},,,,&,1.0,&
{'D2'},{'R3'},{'R2'},{'D7'},{'D1'},,,,,,&,2.0,&
{'D2'},{'R3'},{'R2'},{'D7'},{'D1'},{'D4'},,,,,&,1.0,&
{'D2'},{'R3'},{'R2'},{'D7'},{'D1'},{'D4'},{'R1'},{'D6'},,,&,1.0,&
{'D2'},{'R3'},{'R2'},{'D7'},{'D1'},{'D4'},{'R1'},{'D6'},{'D3'},{'D5'},&,1.0,&
{'D2'},{'R3'},{'R2'},{'D7'},{'D1'},{'D4'},{'R1'},{'D3'},{'D6'},{'D5'},&,1.0,&
{'D2'},{'R3'},{'R2'},{'D7'},{'D1'},{'D4'},{'D6'},{'D3'},,,&,1.0,&
{'D2'},{'R3'},{'R2'},{'D7'},{'D1'},{'D4'},{'D6'},{'R1'},{'D3'},,&,1.0,&
{'D2'},{'R3'},{'R2'},{'D7'},{'D1'},{'R1'},,,,,&,1.0,&
{'D2'},{'R3'},{'R2'},{'D7'},{'D1'},{'R1'},{'D3'},{'D4'},{'D6'},{'D5'},&,1.0,&
{'D2'},{'R3'},{'R2'},{'D7'},{'D1'},{'R1'},{'D4'},,,,&,1.0,&
{'D2'},{'R3'},{'R2'},{'D7'},{'D1'},{'R1'},{'D4'},{'D6'},{'D5'},{'D3'},&,1.0,&
{'D2'},{'R3'},{'R2'},{'D7'},{'D1'},{'R1'},{'D6'},,,,&,1.0,&
{'D2'},{'R3'},{'R2'},{'D7'},{'D1'},{'D5'},{'R1'},,,,&,1.0,&
{'D2'},{'R3'},{'R2'},{'D7'},{'D4'},{'R1'},,,,,&,1.0,&
{'D2'},{'R3'},{'R2'},{'D7'},{'D4'},{'R1'},{'D6'},{'D1'},{'D3'},{'D5'},&,1.0,&
{'D2'},{'R3'},{'R2'},{'D7'},{'D4'},{'D1'},{'R1'},{'D6'},,,&,1.0,&
{'D2'},{'R3'},{'R2'},{'D7'},{'D4'},{'D1'},{'D6'},{'D5'},{'D3'},{'R1'},&,1.0,&
{'D2'},{'R3'},{'R2'},{'D7'},{'D6'},{'D1'},{'D4'},{'D3'},,,&,1.0,&
{'D2'},{'R3'},{'R2'},{'D4'},,,,,,,&,2.0,&
{'D2'},{'R3'},{'R2'},{'D4'},{'D7'},{'D1'},{'R1'},{'D5'},,,&,1.0,&
{'D2'},{'R3'},{'R2'},{'D4'},{'R1'},{'D1'},{'D3'},,,,&,1.0,&
{'D2'},{'R3'},{'R2'},{'D4'},{'R1'},{'D1'},{'D7'},,,,&,1.0,&
{'D2'},{'R3'},{'R2'},{'D4'},{'R1'},{'D7'},,,,,&,2.0,&
{'D2'},{'R3'},{'R2'},{'D4'},{'D1'},{'R1'},{'D7'},{'D6'},,,&,1.0,&
{'D2'},{'R3'},{'R2'},{'D4'},{'D1'},{'R1'},{'D7'},{'D3'},{'D6'},{'D5'},&,1.0,&
{'D2'},{'R3'},{'R2'},{'D4'},{'D1'},{'D7'},{'R1'},{'D6'},,,&,1.0,&
{'D2'},{'R3'},{'R2'},{'D4'},{'D1'},{'D7'},{'D5'},{'D6'},{'D3'},{'R1'},&,1.0,&
{'D2'},{'R3'},{'R2'},{'D4'},{'D6'},{'D1'},{'D7'},{'R1'},{'D3'},,&,1.0,&
{'D2'},{'R3'},{'R2'},{'D3'},,,,,,,&,1.0,&
{'D2'},{'R3'},{'R2'},{'D3'},{'D7'},,,,,,&,1.0,&
{'D2'},{'R3'},{'R2'},{'D3'},{'D7'},{'R1'},{'D1'},,,,&,1.0,&
{'D2'},{'R3'},{'R2'},{'D3'},{'D1'},,,,,,&,1.0,&
{'D2'},{'R3'},{'R2'},{'D3'},{'D4'},{'D1'},{'D7'},{'D5'},,,&,1.0,&
{'D2'},{'R3'},{'R2'},{'D6'},,,,,,,&,5.0,&
{'D2'},{'R3'},{'R2'},{'D6'},{'D7'},,,,,,&,1.0,&
{'D2'},{'R3'},{'R2'},{'D6'},{'D7'},{'R1'},{'D1'},{'D4'},{'D3'},{'D5'},&,1.0,&
{'D2'},{'R3'},{'R2'},{'D6'},{'R1'},{'D1'},,,,,&,1.0,&
{'D2'},{'R3'},{'R2'},{'D5'},{'D7'},{'D1'},{'D4'},{'D6'},{'D3'},{'R1'},&,1.0,&
{'D2'},{'R3'},{'R2'},{'D5'},{'D1'},{'R1'},{'D4'},,,,&,1.0,&
{'D2'},{'R3'},{'D1'},,,,,,,,&,27.0,&
{'D2'},{'R3'},{'D1'},{'R1'},,,,,,,&,3.0,&
{'D2'},{'R3'},{'D1'},{'R1'},{'D7'},{'R2'},{'D4'},{'D3'},,,&,1.0,&
{'D2'},{'R3'},{'D1'},{'R1'},{'D7'},{'R2'},{'D4'},{'D3'},{'D6'},{'D5'},&,1.0,&
{'D2'},{'R3'},{'D1'},{'R1'},{'R2'},{'D4'},{'D7'},,,,&,2.0,&
{'D2'},{'R3'},{'D1'},{'R1'},{'R2'},{'D4'},{'D7'},{'D3'},{'D6'},{'D5'},&,1.0,&
{'D2'},{'R3'},{'D1'},{'R1'},{'R2'},{'D7'},{'D6'},,,,&,1.0,&
{'D2'},{'R3'},{'D1'},{'R1'},{'R2'},{'D7'},{'D6'},{'D4'},,,&,1.0,&
{'D2'},{'R3'},{'D1'},{'R1'},{'D4'},,,,,,&,1.0,&
{'D2'},{'R3'},{'D1'},{'R1'},{'D4'},{'R2'},,,,,&,1.0,&
{'D2'},{'R3'},{'D1'},{'R1'},{'D6'},{'R2'},{'D7'},,,,&,1.0,&
{'D2'},{'R3'},{'D1'},{'R1'},{'D3'},{'D7'},{'R2'},,,,&,1.0,&
{'D2'},{'R3'},{'D1'},{'R1'},{'D3'},{'R2'},,,,,&,1.0,&
{'D2'},{'R3'},{'D1'},{'R2'},,,,,,,&,3.0,&
{'D2'},{'R3'},{'D1'},{'R2'},{'D7'},{'D4'},,,,,&,1.0,&
{'D2'},{'R3'},{'D1'},{'R2'},{'D7'},{'D4'},{'R1'},{'D5'},{'D6'},,&,1.0,&
{'D2'},{'R3'},{'D1'},{'R2'},{'D7'},{'D4'},{'R1'},{'D6'},{'D3'},{'D5'},&,1.0,&
{'D2'},{'R3'},{'D1'},{'R2'},{'D7'},{'D4'},{'R1'},{'D3'},,,&,1.0,&
{'D2'},{'R3'},{'D1'},{'R2'},{'D7'},{'D4'},{'D5'},{'R1'},{'D3'},,&,1.0,&
{'D2'},{'R3'},{'D1'},{'R2'},{'D7'},{'R1'},,,,,&,1.0,&
{'D2'},{'R3'},{'D1'},{'R2'},{'D7'},{'R1'},{'D4'},{'D6'},{'D3'},,&,1.0,&
{'D2'},{'R3'},{'D1'},{'R2'},{'D7'},{'R1'},{'D6'},{'D4'},{'D3'},,&,1.0,&
{'D2'},{'R3'},{'D1'},{'R2'},{'D7'},{'D3'},,,,,&,1.0,&
{'D2'},{'R3'},{'D1'},{'R2'},{'D7'},{'D3'},{'R1'},{'D6'},,,&,1.0,&
{'D2'},{'R3'},{'D1'},{'R2'},{'D7'},{'D6'},,,,,&,1.0,&
{'D2'},{'R3'},{'D1'},{'R2'},{'D7'},{'D6'},{'D3'},,,,&,1.0,&
{'D2'},{'R3'},{'D1'},{'R2'},{'D7'},{'D6'},{'D3'},{'D4'},{'D5'},{'R1'},&,1.0,&
{'D2'},{'R3'},{'D1'},{'R2'},{'D7'},{'D6'},{'D4'},{'R1'},{'D3'},{'D5'},&,1.0,&
{'D2'},{'R3'},{'D1'},{'R2'},{'R1'},,,,,,&,3.0,&
{'D2'},{'R3'},{'D1'},{'R2'},{'R1'},{'D4'},,,,,&,2.0,&
{'D2'},{'R3'},{'D1'},{'R2'},{'R1'},{'D3'},,,,,&,1.0,&
{'D2'},{'R3'},{'D1'},{'R2'},{'R1'},{'D3'},{'D7'},{'D4'},{'D5'},{'D6'},&,1.0,&
{'D2'},{'R3'},{'D1'},{'R2'},{'R1'},{'D7'},,,,,&,1.0,&
{'D2'},{'R3'},{'D1'},{'R2'},{'R1'},{'D7'},{'D3'},{'D6'},{'D4'},{'D5'},&,1.0,&
{'D2'},{'R3'},{'D1'},{'R2'},{'R1'},{'D7'},{'D4'},{'D3'},{'D6'},{'D5'},&,1.0,&
{'D2'},{'R3'},{'D1'},{'R2'},{'D4'},,,,,,&,1.0,&
{'D2'},{'R3'},{'D1'},{'R2'},{'D4'},{'R1'},{'D7'},{'D3'},,,&,1.0,&
{'D2'},{'R3'},{'D1'},{'R2'},{'D4'},{'R1'},{'D7'},{'D3'},{'D6'},,&,1.0,&
{'D2'},{'R3'},{'D1'},{'R2'},{'D4'},{'D7'},{'D6'},{'D5'},{'R1'},{'D3'},&,1.0,&
{'D2'},{'R3'},{'D1'},{'R2'},{'D3'},{'R1'},{'D4'},,,,&,1.0,&
{'D2'},{'R3'},{'D1'},{'R2'},{'D3'},{'D7'},{'D6'},{'D4'},{'R1'},,&,1.0,&
{'D2'},{'R3'},{'D1'},{'R2'},{'D5'},{'D7'},{'D3'},{'R1'},,,&,1.0,&
{'D2'},{'R3'},{'D1'},{'D7'},,,,,,,&,9.0,&
{'D2'},{'R3'},{'D1'},{'D7'},{'R1'},,,,,,&,1.0,&
{'D2'},{'R3'},{'D1'},{'D7'},{'R2'},{'D4'},{'D3'},,,,&,1.0,&
{'D2'},{'R3'},{'D1'},{'D7'},{'R2'},{'R1'},,,,,&,1.0,&
{'D2'},{'R3'},{'D1'},{'D7'},{'R2'},{'R1'},{'D3'},{'D4'},,,&,1.0,&
{'D2'},{'R3'},{'D1'},{'D7'},{'R2'},{'R1'},{'D4'},,,,&,1.0,&
{'D2'},{'R3'},{'D1'},{'D7'},{'R2'},{'D6'},{'R1'},{'D4'},{'D5'},{'D3'},&,1.0,&
{'D2'},{'R3'},{'D1'},{'D7'},{'R2'},{'D6'},{'D4'},{'R1'},,,&,1.0,&
{'D2'},{'R3'},{'D1'},{'D7'},{'D4'},{'R1'},,,,,&,1.0,&
{'D2'},{'R3'},{'D1'},{'D7'},{'D4'},{'D3'},,,,,&,1.0,&
{'D2'},{'R3'},{'D1'},{'D7'},{'D4'},{'R2'},,,,,&,1.0,&
{'D2'},{'R3'},{'D1'},{'D7'},{'D4'},{'R2'},{'R1'},,,,&,1.0,&
{'D2'},{'R3'},{'D1'},{'D7'},{'D4'},{'R2'},{'R1'},{'D3'},,,&,1.0,&
{'D2'},{'R3'},{'D1'},{'D7'},{'D4'},{'D6'},{'R2'},{'D3'},{'D5'},{'R1'},&,1.0,&
{'D2'},{'R3'},{'D1'},{'D7'},{'D6'},,,,,,&,1.0,&
{'D2'},{'R3'},{'D1'},{'D7'},{'D6'},{'D3'},{'D4'},{'R1'},{'D5'},,&,1.0,&
{'D2'},{'R3'},{'D1'},{'D7'},{'D6'},{'R2'},,,,,&,1.0,&
{'D2'},{'R3'},{'D1'},{'D7'},{'D3'},{'D4'},{'R2'},{'R1'},{'D5'},{'D6'},&,1.0,&
{'D2'},{'R3'},{'D1'},{'D7'},{'D3'},{'D4'},{'D6'},{'D5'},{'R2'},,&,1.0,&
{'D2'},{'R3'},{'D1'},{'D7'},{'D3'},{'R2'},{'D6'},{'R1'},,,&,1.0,&
{'D2'},{'R3'},{'D1'},{'D7'},{'D5'},{'D4'},{'R1'},{'R2'},{'D6'},{'D3'},&,1.0,&
{'D2'},{'R3'},{'D1'},{'D4'},,,,,,,&,3.0,&
{'D2'},{'R3'},{'D1'},{'D4'},{'D7'},{'R1'},{'D3'},,,,&,1.0,&
{'D2'},{'R3'},{'D1'},{'D4'},{'D7'},{'D3'},,,,,&,1.0,&
{'D2'},{'R3'},{'D1'},{'D4'},{'D7'},{'D5'},{'R2'},{'D6'},{'D3'},,&,1.0,&
{'D2'},{'R3'},{'D1'},{'D4'},{'D7'},{'R2'},{'D5'},{'R1'},{'D6'},,&,1.0,&
{'D2'},{'R3'},{'D1'},{'D4'},{'R2'},,,,,,&,1.0,&
{'D2'},{'R3'},{'D1'},{'D4'},{'R2'},{'R1'},,,,,&,3.0,&
{'D2'},{'R3'},{'D1'},{'D4'},{'R2'},{'D7'},{'D6'},{'D3'},{'R1'},,&,1.0,&
{'D2'},{'R3'},{'D1'},{'D4'},{'D5'},,,,,,&,1.0,&
{'D2'},{'R3'},{'D1'},{'D3'},,,,,,,&,2.0,&
{'D2'},{'R3'},{'D1'},{'D3'},{'D7'},{'D4'},{'D6'},{'R2'},{'D5'},{'R1'},&,1.0,&
{'D2'},{'R3'},{'D1'},{'D3'},{'D7'},{'R2'},{'R1'},{'D4'},,,&,1.0,&
{'D2'},{'R3'},{'D1'},{'D3'},{'R2'},{'D7'},{'D4'},,,,&,1.0,&
{'D2'},{'R3'},{'D1'},{'D6'},{'R2'},{'D4'},{'R1'},{'D3'},,,&,1.0,&
{'D2'},{'R3'},{'D1'},{'D5'},{'D7'},,,,,,&,1.0,&
{'D2'},{'R3'},{'D4'},,,,,,,,&,15.0,&
{'D2'},{'R3'},{'D4'},{'D1'},,,,,,,&,1.0,&
{'D2'},{'R3'},{'D4'},{'D1'},{'D7'},{'R1'},{'D3'},{'D6'},,,&,1.0,&
{'D2'},{'R3'},{'D4'},{'D1'},{'D7'},{'R1'},{'R2'},{'D3'},{'D6'},{'D5'},&,1.0,&
{'D2'},{'R3'},{'D4'},{'D1'},{'D7'},{'D3'},{'D6'},{'D5'},{'R2'},,&,1.0,&
{'D2'},{'R3'},{'D4'},{'D1'},{'D7'},{'R2'},{'D3'},{'D6'},{'D5'},{'R1'},&,1.0,&
{'D2'},{'R3'},{'D4'},{'D1'},{'R2'},{'R1'},,,,,&,1.0,&
{'D2'},{'R3'},{'D4'},{'D1'},{'R2'},{'D7'},{'D6'},,,,&,1.0,&
{'D2'},{'R3'},{'D4'},{'D1'},{'D6'},{'R2'},{'D7'},{'R1'},{'D3'},,&,1.0,&
{'D2'},{'R3'},{'D4'},{'D1'},{'D3'},,,,,,&,1.0,&
{'D2'},{'R3'},{'D4'},{'D1'},{'D3'},{'D7'},{'R2'},{'R1'},,,&,1.0,&
{'D2'},{'R3'},{'D4'},{'D1'},{'D5'},,,,,,&,1.0,&
{'D2'},{'R3'},{'D4'},{'R1'},{'R2'},,,,,,&,1.0,&
{'D2'},{'R3'},{'D4'},{'R1'},{'R2'},{'D3'},,,,,&,1.0,&
{'D2'},{'R3'},{'D4'},{'R2'},,,,,,,&,2.0,&
{'D2'},{'R3'},{'D4'},{'R2'},{'D7'},,,,,,&,1.0,&
{'D2'},{'R3'},{'D4'},{'R2'},{'D7'},{'D1'},{'D3'},{'R1'},{'D5'},{'D6'},&,1.0,&
{'D2'},{'R3'},{'D4'},{'R2'},{'R1'},{'D1'},,,,,&,1.0,&
{'D2'},{'R3'},{'D4'},{'R2'},{'R1'},{'D1'},{'D7'},{'D6'},,,&,1.0,&
{'D2'},{'R3'},{'D4'},{'R2'},{'R1'},{'D7'},{'D6'},{'D1'},{'D3'},{'D5'},&,1.0,&
{'D2'},{'R3'},{'D4'},{'R2'},{'D1'},,,,,,&,1.0,&
{'D2'},{'R3'},{'D4'},{'D7'},,,,,,,&,2.0,&
{'D2'},{'R3'},{'D4'},{'D7'},{'R1'},{'R2'},{'D6'},{'D3'},{'D1'},{'D5'},&,1.0,&
{'D2'},{'R3'},{'D4'},{'D7'},{'D1'},{'R2'},,,,,&,1.0,&
{'D2'},{'R3'},{'D4'},{'D7'},{'D1'},{'R2'},{'R1'},{'D3'},,,&,1.0,&
{'D2'},{'R3'},{'D4'},{'D7'},{'R2'},{'R1'},{'D1'},{'D3'},,,&,1.0,&
{'D2'},{'R3'},{'D4'},{'D7'},{'R2'},{'D1'},{'D5'},,,,&,1.0,&
{'D2'},{'R3'},{'D4'},{'D7'},{'R2'},{'D5'},{'D1'},{'R1'},{'D3'},,&,1.0,&
{'D2'},{'R3'},{'D4'},{'D7'},{'R2'},{'D6'},{'D1'},{'D3'},{'R1'},{'D5'},&,1.0,&
{'D2'},{'R3'},{'D4'},{'D3'},{'D7'},,,,,,&,1.0,&
{'D2'},{'R3'},{'D4'},{'D3'},{'R2'},,,,,,&,1.0,&
{'D2'},{'R3'},,,,,,,,,&,33.0,&
{'D2'},{'R3'},{'D7'},,,,,,,,&,34.0,&
{'D2'},{'R3'},{'D7'},{'D1'},,,,,,,&,7.0,&
{'D2'},{'R3'},{'D7'},{'D1'},{'R1'},,,,,,&,1.0,&
{'D2'},{'R3'},{'D7'},{'D1'},{'R1'},{'R2'},,,,,&,1.0,&
{'D2'},{'R3'},{'D7'},{'D1'},{'R1'},{'D6'},{'D5'},,,,&,1.0,&
{'D2'},{'R3'},{'D7'},{'D1'},{'R2'},,,,,,&,3.0,&
{'D2'},{'R3'},{'D7'},{'D1'},{'R2'},{'R1'},,,,,&,1.0,&
{'D2'},{'R3'},{'D7'},{'D1'},{'R2'},{'R1'},{'D3'},{'D6'},{'D4'},{'D5'},&,1.0,&
{'D2'},{'R3'},{'D7'},{'D1'},{'R2'},{'R1'},{'D4'},,,,&,1.0,&
{'D2'},{'R3'},{'D7'},{'D1'},{'R2'},{'D3'},{'R1'},{'D4'},,,&,1.0,&
{'D2'},{'R3'},{'D7'},{'D1'},{'R2'},{'D3'},{'D4'},{'D6'},,,&,1.0,&
{'D2'},{'R3'},{'D7'},{'D1'},{'R2'},{'D3'},{'D6'},{'R1'},{'D4'},,&,1.0,&
{'D2'},{'R3'},{'D7'},{'D1'},{'R2'},{'D6'},,,,,&,1.0,&
{'D2'},{'R3'},{'D7'},{'D1'},{'R2'},{'D6'},{'R1'},{'D4'},{'D3'},,&,1.0,&
{'D2'},{'R3'},{'D7'},{'D1'},{'D4'},,,,,,&,2.0,&
{'D2'},{'R3'},{'D7'},{'D1'},{'D4'},{'R1'},{'R2'},,,,&,1.0,&
{'D2'},{'R3'},{'D7'},{'D1'},{'D4'},{'D3'},,,,,&,2.0,&
{'D2'},{'R3'},{'D7'},{'D1'},{'D4'},{'D3'},{'R1'},{'D6'},,,&,1.0,&
{'D2'},{'R3'},{'D7'},{'D1'},{'D4'},{'D3'},{'D5'},{'R2'},{'R1'},{'D6'},&,1.0,&
{'D2'},{'R3'},{'D7'},{'D1'},{'D4'},{'D5'},{'D3'},{'R2'},{'R1'},{'D6'},&,1.0,&
{'D2'},{'R3'},{'D7'},{'D1'},{'D4'},{'R2'},{'D3'},{'D6'},,,&,1.0,&
{'D2'},{'R3'},{'D7'},{'D1'},{'D4'},{'D6'},{'D3'},{'R2'},{'D5'},,&,1.0,&
{'D2'},{'R3'},{'D7'},{'D1'},{'D6'},,,,,,&,1.0,&
{'D2'},{'R3'},{'D7'},{'D1'},{'D6'},{'D3'},{'D4'},,,,&,1.0,&
{'D2'},{'R3'},{'D7'},{'D1'},{'D6'},{'D5'},{'D4'},{'D3'},,,&,1.0,&
{'D2'},{'R3'},{'D7'},{'D1'},{'D6'},{'R2'},{'R1'},{'D4'},,,&,2.0,&
{'D2'},{'R3'},{'D7'},{'D1'},{'D3'},,,,,,&,1.0,&
{'D2'},{'R3'},{'D7'},{'D1'},{'D3'},{'D4'},{'D5'},{'R2'},{'D6'},{'R1'},&,1.0,&
{'D2'},{'R3'},{'D7'},{'D1'},{'D3'},{'D4'},{'R2'},{'R1'},{'D5'},,&,1.0,&
{'D2'},{'R3'},{'D7'},{'D1'},{'D3'},{'D4'},{'D6'},{'D5'},{'R2'},{'R1'},&,1.0,&
{'D2'},{'R3'},{'D7'},{'D1'},{'D3'},{'R2'},,,,,&,1.0,&
{'D2'},{'R3'},{'D7'},{'D1'},{'D3'},{'R2'},{'D4'},{'D6'},,,&,1.0,&
{'D2'},{'R3'},{'D7'},{'R1'},,,,,,,&,2.0,&
{'D2'},{'R3'},{'D7'},{'R1'},{'D1'},{'R2'},,,,,&,1.0,&
{'D2'},{'R3'},{'D7'},{'R1'},{'R2'},{'D4'},{'D1'},,,,&,1.0,&
{'D2'},{'R3'},{'D7'},{'R1'},{'R2'},{'D3'},{'D4'},,,,&,1.0,&
{'D2'},{'R3'},{'D7'},{'R1'},{'R2'},{'D1'},{'D4'},{'D3'},,,&,1.0,&
{'D2'},{'R3'},{'D7'},{'R1'},{'D6'},{'R2'},,,,,&,1.0,&
{'D2'},{'R3'},{'D7'},{'R2'},,,,,,,&,8.0,&
{'D2'},{'R3'},{'D7'},{'R2'},{'R1'},,,,,,&,4.0,&
{'D2'},{'R3'},{'D7'},{'R2'},{'R1'},{'D4'},{'D1'},,,,&,3.0,&
{'D2'},{'R3'},{'D7'},{'R2'},{'R1'},{'D4'},{'D1'},{'D5'},{'D3'},{'D6'},&,1.0,&
{'D2'},{'R3'},{'D7'},{'R2'},{'R1'},{'D3'},{'D1'},,,,&,1.0,&
{'D2'},{'R3'},{'D7'},{'R2'},{'R1'},{'D3'},{'D1'},{'D4'},{'D6'},,&,1.0,&
{'D2'},{'R3'},{'D7'},{'R2'},{'R1'},{'D3'},{'D4'},,,,&,1.0,&
{'D2'},{'R3'},{'D7'},{'R2'},{'R1'},{'D3'},{'D4'},{'D1'},,,&,1.0,&
{'D2'},{'R3'},{'D7'},{'R2'},{'R1'},{'D1'},,,,,&,2.0,&
{'D2'},{'R3'},{'D7'},{'R2'},{'R1'},{'D1'},{'D3'},{'D6'},{'D4'},,&,1.0,&
{'D2'},{'R3'},{'D7'},{'R2'},{'R1'},{'D1'},{'D4'},{'D5'},{'D3'},{'D6'},&,1.0,&
{'D2'},{'R3'},{'D7'},{'R2'},{'R1'},{'D1'},{'D6'},{'D4'},,,&,1.0,&
{'D2'},{'R3'},{'D7'},{'R2'},{'R1'},{'D6'},{'D3'},{'D1'},{'D4'},{'D5'},&,1.0,&
{'D2'},{'R3'},{'D7'},{'R2'},{'D1'},,,,,,&,1.0,&
{'D2'},{'R3'},{'D7'},{'R2'},{'D1'},{'D4'},,,,,&,1.0,&
{'D2'},{'R3'},{'D7'},{'R2'},{'D1'},{'D4'},{'D3'},{'R1'},,,&,1.0,&
{'D2'},{'R3'},{'D7'},{'R2'},{'D1'},{'D4'},{'R1'},{'D3'},,,&,1.0,&
{'D2'},{'R3'},{'D7'},{'R2'},{'D1'},{'R1'},{'D5'},,,,&,1.0,&
{'D2'},{'R3'},{'D7'},{'R2'},{'D1'},{'R1'},{'D4'},,,,&,1.0,&
{'D2'},{'R3'},{'D7'},{'R2'},{'D1'},{'R1'},{'D4'},{'D3'},,,&,1.0,&
{'D2'},{'R3'},{'D7'},{'R2'},{'D1'},{'D3'},{'R1'},{'D6'},{'D4'},{'D5'},&,1.0,&
{'D2'},{'R3'},{'D7'},{'R2'},{'D1'},{'D3'},{'D4'},{'D6'},{'D5'},{'R1'},&,1.0,&
{'D2'},{'R3'},{'D7'},{'R2'},{'D1'},{'D3'},{'D4'},{'R1'},{'D5'},,&,1.0,&
{'D2'},{'R3'},{'D7'},{'R2'},{'D1'},{'D5'},{'D4'},{'R1'},,,&,1.0,&
{'D2'},{'R3'},{'D7'},{'R2'},{'D1'},{'D5'},{'D6'},{'D4'},{'R1'},,&,1.0,&
{'D2'},{'R3'},{'D7'},{'R2'},{'D4'},,,,,,&,3.0,&
{'D2'},{'R3'},{'D7'},{'R2'},{'D4'},{'D3'},{'D6'},{'R1'},,,&,1.0,&
{'D2'},{'R3'},{'D7'},{'R2'},{'D6'},{'D1'},,,,,&,1.0,&
{'D2'},{'R3'},{'D7'},{'R2'},{'D6'},{'D1'},{'R1'},{'D4'},{'D3'},{'D5'},&,2.0,&
{'D2'},{'R3'},{'D7'},{'R2'},{'D3'},{'R1'},,,,,&,1.0,&
{'D2'},{'R3'},{'D7'},{'R2'},{'D3'},{'R1'},{'D1'},{'D4'},{'D6'},{'D5'},&,1.0,&
{'D2'},{'R3'},{'D7'},{'R2'},{'D3'},{'R1'},{'D1'},{'D4'},{'D5'},{'D6'},&,1.0,&
{'D2'},{'R3'},{'D7'},{'R2'},{'D3'},{'D1'},,,,,&,1.0,&
{'D2'},{'R3'},{'D7'},{'R2'},{'D5'},,,,,,&,1.0,&
{'D2'},{'R3'},{'D7'},{'D4'},,,,,,,&,3.0,&
{'D2'},{'R3'},{'D7'},{'D4'},{'D1'},,,,,,&,2.0,&
{'D2'},{'R3'},{'D7'},{'D4'},{'D1'},{'D3'},,,,,&,2.0,&
{'D2'},{'R3'},{'D7'},{'D4'},{'D1'},{'D3'},{'D6'},,,,&,1.0,&
{'D2'},{'R3'},{'D7'},{'D4'},{'D1'},{'D3'},{'D6'},{'D5'},{'R1'},,&,1.0,&
{'D2'},{'R3'},{'D7'},{'D4'},{'D1'},{'D5'},{'R2'},{'R1'},,,&,1.0,&
{'D2'},{'R3'},{'D7'},{'D4'},{'D1'},{'R2'},{'D5'},{'D6'},{'R1'},,&,1.0,&
{'D2'},{'R3'},{'D7'},{'D4'},{'D1'},{'D6'},{'D3'},{'D5'},{'R2'},,&,1.0,&
{'D2'},{'R3'},{'D7'},{'D4'},{'R2'},,,,,,&,2.0,&
{'D2'},{'R3'},{'D7'},{'D4'},{'R2'},{'R1'},{'D1'},,,,&,1.0,&
{'D2'},{'R3'},{'D7'},{'D4'},{'R2'},{'R1'},{'D1'},{'D6'},{'D3'},{'D5'},&,1.0,&
{'D2'},{'R3'},{'D7'},{'D4'},{'R2'},{'R1'},{'D1'},{'D3'},,,&,2.0,&
{'D2'},{'R3'},{'D7'},{'D4'},{'R2'},{'D1'},{'D3'},{'D6'},{'D5'},{'R1'},&,1.0,&
{'D2'},{'R3'},{'D7'},{'D4'},{'R2'},{'D1'},{'D6'},{'D3'},{'D5'},,&,1.0,&
{'D2'},{'R3'},{'D7'},{'D4'},{'R2'},{'D1'},{'D6'},{'R1'},{'D3'},,&,1.0,&
{'D2'},{'R3'},{'D7'},{'D4'},{'R2'},{'D6'},{'R1'},{'D1'},,,&,1.0,&
{'D2'},{'R3'},{'D7'},{'D4'},{'D6'},{'R2'},{'D1'},{'R1'},,,&,1.0,&
{'D2'},{'R3'},{'D7'},{'D3'},,,,,,,&,3.0,&
{'D2'},{'R3'},{'D7'},{'D3'},{'D1'},{'D4'},{'D6'},{'R1'},{'R2'},{'D5'},&,1.0,&
{'D2'},{'R3'},{'D7'},{'D3'},{'D1'},{'R1'},{'R2'},{'D4'},{'D5'},{'D6'},&,1.0,&
{'D2'},{'R3'},{'D7'},{'D3'},{'D1'},{'R2'},{'D6'},{'R1'},{'D4'},,&,1.0,&
{'D2'},{'R3'},{'D7'},{'D3'},{'D1'},{'D6'},{'R2'},{'D5'},{'R1'},{'D4'},&,1.0,&
{'D2'},{'R3'},{'D7'},{'D3'},{'R2'},{'D4'},{'D1'},{'R1'},{'D6'},,&,1.0,&
{'D2'},{'R3'},{'D7'},{'D3'},{'R2'},{'D1'},{'R1'},{'D4'},{'D5'},,&,1.0,&
{'D2'},{'R3'},{'D7'},{'D3'},{'D4'},,,,,,&,1.0,&
{'D2'},{'R3'},{'D7'},{'D3'},{'D4'},{'D1'},{'D6'},{'D5'},,,&,1.0,&
{'D2'},{'R3'},{'D7'},{'D6'},,,,,,,&,1.0,&
{'D2'},{'R3'},{'D7'},{'D6'},{'R1'},{'D1'},,,,,&,1.0,&
{'D2'},{'R3'},{'D7'},{'D6'},{'D1'},{'D4'},,,,,&,1.0,&
{'D2'},{'R3'},{'D7'},{'D6'},{'D1'},{'D4'},{'D3'},{'R2'},{'R1'},,&,1.0,&
{'D2'},{'R3'},{'D7'},{'D6'},{'R2'},,,,,,&,1.0,&
{'D2'},{'R3'},{'D7'},{'D5'},{'D1'},,,,,,&,1.0,&
{'D2'},{'R3'},{'R1'},,,,,,,,&,10.0,&
{'D2'},{'R3'},{'R1'},{'D1'},,,,,,,&,1.0,&
{'D2'},{'R3'},{'R1'},{'D1'},{'D7'},,,,,,&,1.0,&
{'D2'},{'R3'},{'R1'},{'D1'},{'D7'},{'D3'},{'R2'},{'D4'},,,&,1.0,&
{'D2'},{'R3'},{'R1'},{'D1'},{'R2'},,,,,,&,1.0,&
{'D2'},{'R3'},{'R1'},{'D1'},{'R2'},{'D4'},{'D6'},,,,&,1.0,&
{'D2'},{'R3'},{'R1'},{'D1'},{'R2'},{'D7'},{'D3'},{'D4'},{'D6'},{'D5'},&,1.0,&
{'D2'},{'R3'},{'R1'},{'D1'},{'R2'},{'D7'},{'D4'},{'D6'},{'D5'},,&,1.0,&
{'D2'},{'R3'},{'R1'},{'D1'},{'R2'},{'D7'},{'D4'},{'D6'},{'D3'},{'D5'},&,1.0,&
{'D2'},{'R3'},{'R1'},{'D1'},{'D6'},{'R2'},,,,,&,1.0,&
{'D2'},{'R3'},{'R1'},{'R2'},,,,,,,&,1.0,&
{'D2'},{'R3'},{'R1'},{'R2'},{'D7'},{'D4'},{'D1'},{'D3'},{'D5'},,&,1.0,&
{'D2'},{'R3'},{'R1'},{'R2'},{'D7'},{'D1'},,,,,&,2.0,&
{'D2'},{'R3'},{'R1'},{'R2'},{'D1'},{'D4'},{'D3'},{'D7'},{'D6'},{'D5'},&,1.0,&
{'D2'},{'R3'},{'R1'},{'R2'},{'D1'},{'D4'},{'D7'},{'D6'},,,&,1.0,&
{'D2'},{'R3'},{'R1'},{'R2'},{'D4'},,,,,,&,1.0,&
{'D2'},{'R3'},{'R1'},{'R2'},{'D3'},{'D7'},{'D1'},,,,&,1.0,&
{'D2'},{'R3'},{'R1'},{'D7'},{'D1'},{'D4'},,,,,&,1.0,&
{'D2'},{'R3'},{'R1'},{'D7'},{'D1'},{'D6'},{'D4'},{'R2'},,,&,1.0,&
{'D2'},{'R3'},{'R1'},{'D7'},{'R2'},,,,,,&,5.0,&
{'D2'},{'R3'},{'R1'},{'D7'},{'D4'},{'D3'},{'D1'},{'R2'},,,&,1.0,&
{'D2'},{'R3'},{'R1'},{'D7'},{'D4'},{'R2'},,,,,&,1.0,&
{'D2'},{'R3'},{'R1'},{'D7'},{'D4'},{'R2'},{'D1'},{'D3'},{'D6'},{'D5'},&,1.0,&
{'D2'},{'R3'},{'R1'},{'D7'},{'D6'},,,,,,&,1.0,&
{'D2'},{'R3'},{'R1'},{'D7'},{'D5'},,,,,,&,1.0,&
{'D2'},{'R3'},{'R1'},{'D4'},{'R2'},,,,,,&,1.0,&
{'D2'},{'R3'},{'R1'},{'D4'},{'D3'},,,,,,&,1.0,&
{'D2'},{'R3'},{'R1'},{'D3'},{'R2'},,,,,,&,1.0,&
{'D2'},{'R3'},{'R1'},{'D6'},,,,,,,&,1.0,&
{'D2'},{'R3'},{'D3'},,,,,,,,&,2.0,&
{'D2'},{'R3'},{'D3'},{'D1'},,,,,,,&,1.0,&
{'D2'},{'R3'},{'D3'},{'D1'},{'D7'},{'D4'},{'D6'},{'D5'},{'R2'},,&,1.0,&
{'D2'},{'R3'},{'D3'},{'D1'},{'D7'},{'R2'},{'R1'},{'D4'},{'D6'},,&,1.0,&
{'D2'},{'R3'},{'D3'},{'D1'},{'R2'},{'D7'},{'R1'},,,,&,1.0,&
{'D2'},{'R3'},{'D3'},{'R1'},{'D7'},,,,,,&,1.0,&
{'D2'},{'R3'},{'D3'},{'R1'},{'D7'},{'D4'},,,,,&,1.0,&
{'D2'},{'R3'},{'D3'},{'R1'},{'D4'},{'D7'},,,,,&,1.0,&
{'D2'},{'R3'},{'D3'},{'R2'},,,,,,,&,2.0,&
{'D2'},{'R3'},{'D3'},{'R2'},{'D7'},,,,,,&,1.0,&
{'D2'},{'R3'},{'D3'},{'R2'},{'D7'},{'R1'},{'D4'},{'D1'},{'D6'},,&,1.0,&
{'D2'},{'R3'},{'D3'},{'R2'},{'R1'},{'D4'},,,,,&,1.0,&
{'D2'},{'R3'},{'D3'},{'R2'},{'D1'},{'D7'},,,,,&,1.0,&
{'D2'},{'R3'},{'D3'},{'R2'},{'D1'},{'D7'},{'R1'},{'D4'},{'D5'},,&,1.0,&
{'D2'},{'R3'},{'D3'},{'R2'},{'D6'},{'D7'},{'R1'},{'D1'},{'D4'},{'D5'},&,1.0,&
{'D2'},{'R3'},{'D3'},{'D7'},{'R1'},{'D1'},{'D6'},{'R2'},{'D4'},{'D5'},&,1.0,&
{'D2'},{'R3'},{'D3'},{'D7'},{'D1'},{'R1'},{'D6'},,,,&,1.0,&
{'D2'},{'R3'},{'D3'},{'D7'},{'D1'},{'D5'},{'R2'},{'D4'},{'D6'},{'R1'},&,1.0,&
{'D2'},{'R3'},{'D3'},{'D7'},{'R2'},{'D1'},,,,,&,1.0,&
{'D2'},{'R3'},{'D3'},{'D7'},{'R2'},{'D1'},{'D6'},{'D4'},{'D5'},{'R1'},&,1.0,&
{'D2'},{'R3'},{'D3'},{'D4'},,,,,,,&,1.0,&
{'D2'},{'R3'},{'D3'},{'D4'},{'R1'},{'D7'},{'D1'},,,,&,1.0,&
{'D2'},{'R3'},{'D6'},,,,,,,,&,3.0,&
{'D2'},{'R3'},{'D6'},{'D1'},,,,,,,&,1.0,&
{'D2'},{'R3'},{'D6'},{'D1'},{'R1'},,,,,,&,1.0,&
{'D2'},{'R3'},{'D6'},{'D1'},{'R2'},{'R1'},{'D7'},{'D4'},{'D3'},,&,1.0,&
{'D2'},{'R3'},{'D6'},{'R2'},{'D7'},{'D3'},,,,,&,1.0,&
{'D2'},{'R3'},{'D6'},{'R2'},{'R1'},,,,,,&,1.0,&
{'D2'},{'R3'},{'D6'},{'R2'},{'R1'},{'D7'},{'D5'},{'D1'},,,&,1.0,&
{'D2'},{'R3'},{'D6'},{'D7'},{'R1'},,,,,,&,1.0,&
{'D2'},{'R3'},{'D6'},{'D7'},{'D1'},,,,,,&,1.0,&
{'D2'},{'R3'},{'D6'},{'D5'},{'D4'},{'D3'},{'D1'},,,,&,1.0,&
{'D2'},{'R3'},{'D5'},,,,,,,,&,1.0,&
{'D2'},{'R3'},{'D5'},{'R2'},{'D7'},,,,,,&,1.0,&
{'D2'},{'R3'},{'D5'},{'D4'},{'R2'},{'R1'},,,,,&,1.0,&
{'D2'},{'D4'},{'R3'},,,,,,,,&,11.0,&
{'D2'},{'D4'},{'R3'},{'D1'},,,,,,,&,1.0,&
{'D2'},{'D4'},{'R3'},{'D1'},{'D7'},,,,,,&,1.0,&
{'D2'},{'D4'},{'R3'},{'D1'},{'D7'},{'R1'},{'D3'},{'R2'},{'D6'},{'D5'},&,1.0,&
{'D2'},{'D4'},{'R3'},{'D1'},{'D7'},{'R2'},{'R1'},{'D3'},{'D6'},,&,1.0,&
{'D2'},{'D4'},{'R3'},{'D1'},{'R1'},{'D3'},,,,,&,1.0,&
{'D2'},{'D4'},{'R3'},{'D1'},{'R1'},{'R2'},{'D7'},{'D3'},,,&,1.0,&
{'D2'},{'D4'},{'R3'},{'D1'},{'R2'},{'R1'},,,,,&,1.0,&
{'D2'},{'D4'},{'R3'},{'D1'},{'R2'},{'D7'},,,,,&,1.0,&
{'D2'},{'D4'},{'R3'},{'D1'},{'D3'},,,,,,&,2.0,&
{'D2'},{'D4'},{'R3'},{'D1'},{'D3'},{'D7'},{'R1'},{'D5'},{'R2'},{'D6'},&,1.0,&
{'D2'},{'D4'},{'R3'},{'D1'},{'D5'},{'R2'},{'R1'},,,,&,1.0,&
{'D2'},{'D4'},{'R3'},{'R1'},{'D7'},{'R2'},{'D1'},{'D6'},,,&,1.0,&
{'D2'},{'D4'},{'R3'},{'R1'},{'D1'},,,,,,&,1.0,&
{'D2'},{'D4'},{'R3'},{'R1'},{'D3'},{'D1'},{'D7'},{'D5'},,,&,1.0,&
{'D2'},{'D4'},{'R3'},{'R2'},,,,,,,&,3.0,&
{'D2'},{'D4'},{'R3'},{'R2'},{'D7'},{'R1'},,,,,&,1.0,&
{'D2'},{'D4'},{'R3'},{'R2'},{'D7'},{'R1'},{'D1'},,,,&,1.0,&
{'D2'},{'D4'},{'R3'},{'R2'},{'R1'},,,,,,&,1.0,&
{'D2'},{'D4'},{'R3'},{'R2'},{'R1'},{'D3'},,,,,&,1.0,&
{'D2'},{'D4'},{'R3'},{'R2'},{'R1'},{'D1'},{'D7'},,,,&,1.0,&
{'D2'},{'D4'},{'R3'},{'R2'},{'R1'},{'D7'},,,,,&,1.0,&
{'D2'},{'D4'},{'R3'},{'R2'},{'D1'},{'R1'},{'D7'},{'D3'},,,&,1.0,&
{'D2'},{'D4'},{'R3'},{'R2'},{'D1'},{'D7'},,,,,&,1.0,&
{'D2'},{'D4'},{'R3'},{'R2'},{'D1'},{'D7'},{'D3'},{'R1'},{'D6'},,&,1.0,&
{'D2'},{'D4'},{'R3'},{'R2'},{'D3'},,,,,,&,1.0,&
{'D2'},{'D4'},{'R3'},{'D7'},,,,,,,&,1.0,&
{'D2'},{'D4'},{'R3'},{'D7'},{'R1'},,,,,,&,1.0,&
{'D2'},{'D4'},{'R3'},{'D7'},{'R1'},{'D6'},{'D1'},{'R2'},{'D3'},{'D5'},&,1.0,&
{'D2'},{'D4'},{'R3'},{'D7'},{'D1'},{'D3'},{'R2'},{'D6'},{'R1'},,&,1.0,&
{'D2'},{'D4'},{'R3'},{'D7'},{'D1'},{'D3'},{'D6'},{'D5'},,,&,1.0,&
{'D2'},{'D4'},{'R3'},{'D7'},{'D1'},{'R2'},,,,,&,1.0,&
{'D2'},{'D4'},{'R3'},{'D7'},{'D1'},{'R2'},{'D3'},{'R1'},,,&,1.0,&
{'D2'},{'D4'},{'R3'},{'D7'},{'D1'},{'R2'},{'D3'},{'R1'},{'D5'},{'D6'},&,1.0,&
{'D2'},{'D4'},{'R3'},{'D7'},{'D1'},{'D6'},{'R2'},{'D3'},{'R1'},,&,1.0,&
{'D2'},{'D4'},{'R3'},{'D7'},{'R2'},{'D1'},{'D3'},{'D6'},{'R1'},,&,1.0,&
{'D2'},{'D4'},{'R3'},{'D7'},{'R2'},{'D1'},{'R1'},,,,&,1.0,&
{'D2'},{'D4'},{'R3'},{'D7'},{'R2'},{'D1'},{'D6'},{'D5'},{'D3'},,&,1.0,&
{'D2'},{'D4'},{'R3'},{'D7'},{'D3'},,,,,,&,1.0,&
{'D2'},{'D4'},{'R3'},{'D7'},{'D3'},{'D6'},,,,,&,1.0,&
{'D2'},{'D4'},{'R3'},{'D7'},{'D5'},{'R2'},{'R1'},{'D1'},,,&,1.0,&
{'D2'},{'D4'},{'R3'},{'D3'},{'D7'},,,,,,&,1.0,&
{'D2'},{'D4'},{'R3'},{'D3'},{'R1'},{'D6'},{'R2'},{'D1'},,,&,1.0,&
{'D2'},{'D4'},{'R3'},{'D3'},{'R2'},{'D7'},{'R1'},{'D1'},{'D6'},,&,1.0,&
{'D2'},{'D4'},{'R2'},,,,,,,,&,7.0,&
{'D2'},{'D4'},{'R2'},{'R3'},,,,,,,&,2.0,&
{'D2'},{'D4'},{'R2'},{'R3'},{'D7'},,,,,,&,2.0,&
{'D2'},{'D4'},{'R2'},{'R3'},{'D7'},{'R1'},,,,,&,1.0,&
{'D2'},{'D4'},{'R2'},{'R3'},{'D7'},{'D1'},{'D3'},,,,&,1.0,&
{'D2'},{'D4'},{'R2'},{'R3'},{'R1'},{'D3'},{'D1'},,,,&,1.0,&
{'D2'},{'D4'},{'R2'},{'R3'},{'R1'},{'D1'},,,,,&,1.0,&
{'D2'},{'D4'},{'R2'},{'R3'},{'R1'},{'D7'},{'D3'},{'D1'},{'D6'},,&,1.0,&
{'D2'},{'D4'},{'R2'},{'R3'},{'R1'},{'D7'},{'D1'},,,,&,1.0,&
{'D2'},{'D4'},{'R2'},{'R3'},{'R1'},{'D7'},{'D1'},{'D3'},,,&,1.0,&
{'D2'},{'D4'},{'R2'},{'R3'},{'D1'},{'D7'},{'D3'},,,,&,1.0,&
{'D2'},{'D4'},{'R2'},{'R3'},{'D6'},,,,,,&,1.0,&
{'D2'},{'D4'},{'R2'},{'D1'},{'D7'},{'R3'},{'D3'},{'D6'},{'D5'},,&,1.0,&
{'D2'},{'D4'},{'R2'},{'D1'},{'R3'},{'R1'},,,,,&,1.0,&
{'D2'},{'D4'},{'R2'},{'D1'},{'R3'},{'D7'},{'R1'},{'D3'},,,&,1.0,&
{'D2'},{'D4'},{'R2'},{'R1'},,,,,,,&,1.0,&
{'D2'},{'D4'},{'R2'},{'R1'},{'D7'},{'R3'},{'D1'},,,,&,1.0,&
{'D2'},{'D4'},{'R2'},{'D7'},,,,,,,&,1.0,&
{'D2'},{'D4'},{'R2'},{'D7'},{'R1'},{'R3'},{'D1'},{'D6'},{'D3'},{'D5'},&,1.0,&
{'D2'},{'D4'},{'R2'},{'D7'},{'R3'},{'D1'},,,,,&,1.0,&
{'D2'},{'D4'},{'R2'},{'D7'},{'R3'},{'D1'},{'R1'},{'D5'},,,&,1.0,&
{'D2'},{'D4'},{'R2'},{'D7'},{'D1'},{'R1'},{'D5'},,,,&,1.0,&
{'D2'},{'D4'},{'R2'},{'D7'},{'D1'},{'R3'},,,,,&,1.0,&
{'D2'},{'D4'},{'R2'},{'D6'},{'R3'},{'R1'},{'D1'},,,,&,1.0,&
{'D2'},{'D4'},{'D1'},,,,,,,,&,10.0,&
{'D2'},{'D4'},{'D1'},{'R3'},{'D7'},,,,,,&,2.0,&
{'D2'},{'D4'},{'D1'},{'R3'},{'D7'},{'R1'},{'D5'},{'R2'},,,&,1.0,&
{'D2'},{'D4'},{'D1'},{'R3'},{'D7'},{'D3'},{'R2'},{'D6'},{'R1'},,&,1.0,&
{'D2'},{'D4'},{'D1'},{'R3'},{'D7'},{'R2'},{'D5'},{'R1'},{'D6'},,&,1.0,&
{'D2'},{'D4'},{'D1'},{'R1'},{'R3'},{'R2'},{'D7'},,,,&,1.0,&
{'D2'},{'D4'},{'D1'},{'R1'},{'R2'},{'R3'},{'D7'},{'D5'},{'D6'},,&,1.0,&
{'D2'},{'D4'},{'D1'},{'R2'},,,,,,,&,1.0,&
{'D2'},{'D4'},{'D1'},{'R2'},{'D7'},,,,,,&,3.0,&
{'D2'},{'D4'},{'D1'},{'R2'},{'D7'},{'D6'},{'R3'},{'D5'},,,&,1.0,&
{'D2'},{'D4'},{'D1'},{'R2'},{'R3'},{'R1'},,,,,&,1.0,&
{'D2'},{'D4'},{'D1'},{'R2'},{'R3'},{'R1'},{'D7'},{'D6'},{'D3'},,&,1.0,&
{'D2'},{'D4'},{'D1'},{'R2'},{'R3'},{'R1'},{'D7'},{'D3'},,,&,1.0,&
{'D2'},{'D4'},{'D1'},{'D7'},,,,,,,&,6.0,&
{'D2'},{'D4'},{'D1'},{'D7'},{'R1'},{'D3'},{'D5'},,,,&,1.0,&
{'D2'},{'D4'},{'D1'},{'D7'},{'R3'},{'R2'},,,,,&,1.0,&
{'D2'},{'D4'},{'D1'},{'D7'},{'R2'},,,,,,&,1.0,&
{'D2'},{'D4'},{'D1'},{'D7'},{'D6'},,,,,,&,1.0,&
{'D2'},{'D4'},{'D1'},{'D7'},{'D3'},{'R1'},{'R3'},{'R2'},{'D6'},{'D5'},&,1.0,&
{'D2'},{'D4'},{'D1'},{'D7'},{'D3'},{'R2'},,,,,&,1.0,&
{'D2'},{'D4'},{'D1'},{'D7'},{'D5'},{'R1'},{'R3'},{'D6'},{'R2'},,&,1.0,&
{'D2'},{'D4'},{'D1'},{'D7'},{'D5'},{'R3'},{'R2'},,,,&,1.0,&
{'D2'},{'D4'},{'D1'},{'D3'},{'D7'},,,,,,&,1.0,&
{'D2'},{'D4'},{'D1'},{'D6'},{'D7'},{'D3'},,,,,&,1.0,&
{'D2'},{'D4'},{'D1'},{'D6'},{'D7'},{'D3'},{'R1'},{'R3'},{'R2'},,&,1.0,&
{'D2'},{'D4'},{'D1'},{'D6'},{'R3'},,,,,,&,1.0,&
{'D2'},{'D4'},{'D1'},{'D5'},{'R2'},{'D7'},{'D6'},{'D3'},,,&,1.0,&
{'D2'},{'D4'},,,,,,,,,&,26.0,&
{'D2'},{'D4'},{'D7'},,,,,,,,&,10.0,&
{'D2'},{'D4'},{'D7'},{'R3'},,,,,,,&,1.0,&
{'D2'},{'D4'},{'D7'},{'R3'},{'R1'},,,,,,&,1.0,&
{'D2'},{'D4'},{'D7'},{'R3'},{'R1'},{'R2'},{'D1'},{'D5'},,,&,1.0,&
{'D2'},{'D4'},{'D7'},{'R3'},{'D1'},{'R1'},{'R2'},{'D5'},{'D6'},,&,1.0,&
{'D2'},{'D4'},{'D7'},{'R3'},{'D1'},{'R1'},{'R2'},{'D6'},,,&,1.0,&
{'D2'},{'D4'},{'D7'},{'R3'},{'D1'},{'R2'},{'R1'},{'D6'},,,&,1.0,&
{'D2'},{'D4'},{'D7'},{'R3'},{'D1'},{'R2'},{'D6'},{'D3'},{'R1'},{'D5'},&,1.0,&
{'D2'},{'D4'},{'D7'},{'R3'},{'D1'},{'D6'},{'R2'},,,,&,1.0,&
{'D2'},{'D4'},{'D7'},{'R3'},{'R2'},,,,,,&,1.0,&
{'D2'},{'D4'},{'D7'},{'R3'},{'R2'},{'D1'},,,,,&,1.0,&
{'D2'},{'D4'},{'D7'},{'R3'},{'D3'},{'D1'},{'D6'},{'R1'},{'D5'},{'R2'},&,1.0,&
{'D2'},{'D4'},{'D7'},{'R3'},{'D3'},{'R2'},{'D1'},{'R1'},{'D6'},{'D5'},&,1.0,&
{'D2'},{'D4'},{'D7'},{'D1'},,,,,,,&,9.0,&
{'D2'},{'D4'},{'D7'},{'D1'},{'R3'},,,,,,&,1.0,&
{'D2'},{'D4'},{'D7'},{'D1'},{'R3'},{'R2'},{'R1'},{'D3'},,,&,1.0,&
{'D2'},{'D4'},{'D7'},{'D1'},{'R3'},{'D6'},{'D3'},,,,&,1.0,&
{'D2'},{'D4'},{'D7'},{'D1'},{'R3'},{'D6'},{'R1'},{'R2'},,,&,1.0,&
{'D2'},{'D4'},{'D7'},{'D1'},{'R2'},,,,,,&,2.0,&
{'D2'},{'D4'},{'D7'},{'D1'},{'R2'},{'R3'},{'D3'},,,,&,1.0,&
{'D2'},{'D4'},{'D7'},{'D1'},{'R2'},{'R3'},{'D3'},{'D6'},{'D5'},,&,1.0,&
{'D2'},{'D4'},{'D7'},{'D1'},{'D6'},{'R1'},{'D3'},,,,&,1.0,&
{'D2'},{'D4'},{'D7'},{'D1'},{'D6'},{'D3'},{'D5'},,,,&,1.0,&
{'D2'},{'D4'},{'D7'},{'D1'},{'D6'},{'D5'},{'R1'},{'R3'},{'R2'},,&,1.0,&
{'D2'},{'D4'},{'D7'},{'D1'},{'D6'},{'R2'},,,,,&,1.0,&
{'D2'},{'D4'},{'D7'},{'D1'},{'D6'},{'R3'},{'D3'},,,,&,1.0,&
{'D2'},{'D4'},{'D7'},{'D1'},{'D3'},{'R2'},{'D6'},{'D5'},{'R3'},{'R1'},&,1.0,&
{'D2'},{'D4'},{'D7'},{'D1'},{'D3'},{'R2'},{'R3'},{'D6'},{'R1'},{'D5'},&,1.0,&
{'D2'},{'D4'},{'D7'},{'D1'},{'D3'},{'R3'},,,,,&,1.0,&
{'D2'},{'D4'},{'D7'},{'D1'},{'D3'},{'D6'},,,,,&,1.0,&
{'D2'},{'D4'},{'D7'},{'R1'},,,,,,,&,1.0,&
{'D2'},{'D4'},{'D7'},{'R1'},{'D1'},{'D6'},,,,,&,1.0,&
{'D2'},{'D4'},{'D7'},{'R1'},{'R2'},{'R3'},{'D1'},{'D3'},{'D6'},{'D5'},&,1.0,&
{'D2'},{'D4'},{'D7'},{'R1'},{'D6'},{'R3'},{'R2'},{'D3'},{'D1'},{'D5'},&,1.0,&
{'D2'},{'D4'},{'D7'},{'R2'},,,,,,,&,1.0,&
{'D2'},{'D4'},{'D7'},{'R2'},{'R3'},{'R1'},{'D3'},,,,&,1.0,&
{'D2'},{'D4'},{'D7'},{'R2'},{'R3'},{'D1'},{'D3'},{'R1'},{'D6'},{'D5'},&,1.0,&
{'D2'},{'D4'},{'D7'},{'R2'},{'D1'},,,,,,&,1.0,&
{'D2'},{'D4'},{'D7'},{'R2'},{'D1'},{'R1'},{'D3'},{'D5'},{'R3'},{'D6'},&,1.0,&
{'D2'},{'D4'},{'D7'},{'R2'},{'D1'},{'D5'},{'R3'},{'R1'},,,&,1.0,&
{'D2'},{'D4'},{'D7'},{'R2'},{'D1'},{'R3'},,,,,&,1.0,&
{'D2'},{'D4'},{'D7'},{'R2'},{'D1'},{'R3'},{'R1'},,,,&,1.0,&
{'D2'},{'D4'},{'D7'},{'R2'},{'D1'},{'R3'},{'D6'},{'R1'},,,&,1.0,&
{'D2'},{'D4'},{'D7'},{'R2'},{'D6'},{'R3'},{'D1'},{'R1'},{'D5'},,&,1.0,&
{'D2'},{'D4'},{'D7'},{'D3'},,,,,,,&,2.0,&
{'D2'},{'D4'},{'D7'},{'D3'},{'R3'},{'D1'},{'R2'},,,,&,1.0,&
{'D2'},{'D4'},{'D7'},{'D3'},{'D1'},,,,,,&,2.0,&
{'D2'},{'D4'},{'R1'},,,,,,,,&,3.0,&
{'D2'},{'D4'},{'R1'},{'R3'},{'D5'},{'D7'},,,,,&,1.0,&
{'D2'},{'D4'},{'R1'},{'D1'},,,,,,,&,1.0,&
{'D2'},{'D4'},{'R1'},{'R2'},{'D1'},{'R3'},{'D7'},,,,&,1.0,&
{'D2'},{'D4'},{'R1'},{'D7'},{'R3'},{'R2'},{'D6'},{'D1'},{'D3'},{'D5'},&,1.0,&
{'D2'},{'D4'},{'D3'},,,,,,,,&,1.0,&
{'D2'},{'D4'},{'D3'},{'R3'},{'D1'},,,,,,&,1.0,&
{'D2'},{'D4'},{'D3'},{'R3'},{'D1'},{'D7'},,,,,&,1.0,&
{'D2'},{'D4'},{'D3'},{'R3'},{'R2'},{'R1'},{'D7'},,,,&,1.0,&
{'D2'},{'D4'},{'D3'},{'D1'},,,,,,,&,1.0,&
{'D2'},{'D4'},{'D3'},{'D1'},{'R2'},{'R3'},{'D6'},{'R1'},{'D5'},{'D7'},&,1.0,&
{'D2'},{'D4'},{'D3'},{'D7'},{'R3'},{'R1'},{'D1'},{'R2'},,,&,1.0,&
{'D2'},{'D4'},{'D3'},{'D7'},{'R2'},{'R3'},,,,,&,1.0,&
{'D2'},{'D4'},{'D6'},,,,,,,,&,2.0,&
{'D2'},{'D4'},{'D6'},{'R3'},{'R2'},{'D7'},{'D1'},{'D3'},{'R1'},,&,1.0,&
{'D2'},{'D4'},{'D6'},{'D1'},{'R3'},{'D7'},,,,,&,1.0,&
{'D2'},{'D4'},{'D6'},{'D7'},{'R3'},,,,,,&,1.0,&
{'D2'},{'D4'},{'D6'},{'D5'},{'D1'},{'D7'},{'R3'},{'D3'},{'R2'},{'R1'},&,1.0,&
{'D2'},{'R1'},{'R3'},,,,,,,,&,2.0,&
{'D2'},{'R1'},{'R3'},{'D1'},{'D7'},,,,,,&,1.0,&
{'D2'},{'R1'},{'R3'},{'D1'},{'D4'},{'D7'},,,,,&,1.0,&
{'D2'},{'R1'},{'R3'},{'R2'},,,,,,,&,1.0,&
{'D2'},{'R1'},{'R3'},{'R2'},{'D7'},,,,,,&,1.0,&
{'D2'},{'R1'},{'R3'},{'D7'},,,,,,,&,2.0,&
{'D2'},{'R1'},{'R3'},{'D7'},{'D1'},{'D4'},,,,,&,1.0,&
{'D2'},{'R1'},{'R3'},{'D7'},{'R2'},{'D4'},,,,,&,1.0,&
{'D2'},{'R1'},{'R3'},{'D7'},{'R2'},{'D1'},,,,,&,1.0,&
{'D2'},{'R1'},{'R2'},,,,,,,,&,3.0,&
{'D2'},{'R1'},{'R2'},{'R3'},,,,,,,&,2.0,&
{'D2'},{'R1'},{'R2'},{'R3'},{'D7'},,,,,,&,2.0,&
{'D2'},{'R1'},{'R2'},{'R3'},{'D7'},{'D1'},{'D4'},,,,&,1.0,&
{'D2'},{'R1'},{'R2'},{'R3'},{'D1'},{'D7'},{'D3'},{'D6'},,,&,1.0,&
{'D2'},{'R1'},{'R2'},{'R3'},{'D4'},{'D7'},{'D1'},{'D3'},{'D6'},{'D5'},&,1.0,&
{'D2'},{'R1'},{'R2'},{'D1'},{'D7'},{'D3'},{'D4'},{'R3'},,,&,1.0,&
{'D2'},{'R1'},{'R2'},{'D1'},{'R3'},,,,,,&,1.0,&
{'D2'},{'R1'},{'R2'},{'D1'},{'R3'},{'D7'},,,,,&,1.0,&
{'D2'},{'R1'},{'R2'},{'D1'},{'D4'},,,,,,&,1.0,&
{'D2'},{'R1'},{'R2'},{'D7'},{'D1'},{'D4'},{'D6'},{'D3'},,,&,1.0,&
{'D2'},{'R1'},{'R2'},{'D7'},{'D1'},{'R3'},,,,,&,1.0,&
{'D2'},{'R1'},{'R2'},{'D4'},{'D7'},{'R3'},,,,,&,1.0,&
{'D2'},{'R1'},{'R2'},{'D4'},{'R3'},,,,,,&,1.0,&
{'D2'},{'R1'},{'R2'},{'D3'},,,,,,,&,1.0,&
{'D2'},{'R1'},{'R2'},{'D3'},{'R3'},,,,,,&,1.0,&
{'D2'},{'R1'},{'R2'},{'D6'},,,,,,,&,1.0,&
{'D2'},{'R1'},{'D1'},,,,,,,,&,1.0,&
{'D2'},{'R1'},{'D1'},{'R3'},{'D7'},{'D4'},{'R2'},,,,&,1.0,&
{'D2'},{'R1'},{'D1'},{'R3'},{'D7'},{'R2'},,,,,&,1.0,&
{'D2'},{'R1'},{'D1'},{'R3'},{'D7'},{'D6'},{'R2'},{'D4'},,,&,1.0,&
{'D2'},{'R1'},{'D1'},{'R2'},,,,,,,&,1.0,&
{'D2'},{'R1'},{'D1'},{'R2'},{'D7'},{'R3'},{'D4'},,,,&,1.0,&
{'D2'},{'R1'},{'D1'},{'R2'},{'D4'},,,,,,&,1.0,&
{'D2'},{'R1'},{'D1'},{'R2'},{'D3'},,,,,,&,1.0,&
{'D2'},{'R1'},{'D1'},{'D7'},,,,,,,&,2.0,&
{'D2'},{'R1'},{'D1'},{'D7'},{'R3'},{'D4'},,,,,&,1.0,&
{'D2'},{'R1'},{'D1'},{'D7'},{'R3'},{'R2'},{'D4'},{'D6'},{'D3'},{'D5'},&,1.0,&
{'D2'},{'R1'},{'D1'},{'D7'},{'R2'},{'D4'},{'R3'},{'D6'},,,&,1.0,&
{'D2'},{'R1'},{'D1'},{'D7'},{'D4'},{'D5'},{'R2'},{'R3'},,,&,1.0,&
{'D2'},{'R1'},{'D1'},{'D7'},{'D4'},{'D5'},{'R3'},{'R2'},{'D6'},{'D3'},&,1.0,&
{'D2'},{'R1'},{'D1'},{'D4'},{'R3'},{'D7'},{'R2'},{'D3'},,,&,1.0,&
{'D2'},{'R1'},{'D1'},{'D4'},{'R2'},{'R3'},{'D7'},,,,&,1.0,&
{'D2'},{'R1'},{'D1'},{'D3'},{'D7'},{'R3'},{'R2'},{'D4'},{'D6'},{'D5'},&,1.0,&
{'D2'},{'R1'},{'D1'},{'D3'},{'R3'},{'D7'},{'R2'},{'D6'},{'D4'},{'D5'},&,1.0,&
{'D2'},{'R1'},{'D1'},{'D6'},{'D7'},,,,,,&,1.0,&
{'D2'},{'R1'},{'D4'},,,,,,,,&,1.0,&
{'D2'},{'R1'},{'D4'},{'R3'},{'D7'},{'D1'},{'R2'},,,,&,1.0,&
{'D2'},{'R1'},{'D4'},{'R3'},{'R2'},{'D7'},{'D1'},,,,&,1.0,&
{'D2'},{'R1'},{'D4'},{'D1'},{'R2'},{'D7'},{'D6'},{'D3'},{'D5'},{'R3'},&,1.0,&
{'D2'},{'R1'},{'D4'},{'R2'},{'R3'},{'D1'},,,,,&,1.0,&
{'D2'},{'R1'},{'D4'},{'D7'},{'R3'},{'D3'},,,,,&,1.0,&
{'D2'},{'R1'},{'D4'},{'D7'},{'D1'},{'D6'},{'D3'},{'R2'},{'R3'},,&,1.0,&
{'D2'},{'R1'},{'D4'},{'D7'},{'D6'},{'D3'},{'D1'},{'R3'},{'R2'},,&,1.0,&
{'D2'},{'R1'},{'D4'},{'D3'},{'D7'},{'R2'},{'D1'},{'D5'},{'D6'},{'R3'},&,1.0,&
{'D2'},{'R1'},,,,,,,,,&,9.0,&
{'D2'},{'R1'},{'D7'},,,,,,,,&,2.0,&
{'D2'},{'R1'},{'D7'},{'R3'},{'D1'},,,,,,&,1.0,&
{'D2'},{'R1'},{'D7'},{'R3'},{'R2'},,,,,,&,1.0,&
{'D2'},{'R1'},{'D7'},{'R3'},{'R2'},{'D1'},{'D6'},,,,&,1.0,&
{'D2'},{'R1'},{'D7'},{'R3'},{'R2'},{'D6'},,,,,&,1.0,&
{'D2'},{'R1'},{'D7'},{'D1'},,,,,,,&,1.0,&
{'D2'},{'R1'},{'D7'},{'D1'},{'R3'},{'D4'},{'R2'},{'D6'},{'D3'},{'D5'},&,1.0,&
{'D2'},{'R1'},{'D7'},{'D1'},{'R3'},{'D3'},{'D6'},,,,&,1.0,&
{'D2'},{'R1'},{'D7'},{'D1'},{'R3'},{'D3'},{'D6'},{'D5'},,,&,1.0,&
{'D2'},{'R1'},{'D7'},{'D1'},{'R3'},{'D6'},{'D3'},{'D4'},{'R2'},,&,1.0,&
{'D2'},{'R1'},{'D7'},{'D1'},{'D4'},{'R2'},{'R3'},{'D5'},,,&,1.0,&
{'D2'},{'R1'},{'D7'},{'D1'},{'D4'},{'D6'},{'D3'},{'R3'},{'R2'},{'D5'},&,1.0,&
{'D2'},{'R1'},{'D7'},{'D1'},{'D6'},{'D4'},{'D5'},{'D3'},,,&,1.0,&
{'D2'},{'R1'},{'D7'},{'R2'},{'D4'},{'D1'},{'D5'},{'R3'},,,&,1.0,&
{'D2'},{'R1'},{'D7'},{'D4'},{'R3'},{'D1'},{'D3'},{'R2'},{'D6'},{'D5'},&,1.0,&
{'D2'},{'R1'},{'D7'},{'D4'},{'D5'},{'D1'},{'D3'},,,,&,1.0,&
{'D2'},{'R1'},{'D7'},{'D3'},,,,,,,&,1.0,&
{'D2'},{'R1'},{'D7'},{'D3'},{'D4'},{'D6'},{'R3'},{'D1'},,,&,1.0,&
{'D2'},{'R1'},{'D7'},{'D5'},{'D1'},{'R3'},{'D4'},{'D3'},{'R2'},,&,1.0,&
{'D2'},{'R1'},{'D3'},{'D7'},{'D1'},{'D4'},{'R2'},{'R3'},,,&,1.0,&
{'D2'},{'R1'},{'D3'},{'D7'},{'R2'},{'D1'},{'D4'},{'R3'},,,&,1.0,&
{'D2'},{'R1'},{'D6'},{'D1'},{'R3'},{'R2'},{'D7'},,,,&,1.0,&
{'D2'},{'R1'},{'D6'},{'R2'},{'R3'},{'D3'},{'D4'},,,,&,1.0,&
{'D2'},{'R1'},{'D6'},{'D7'},,,,,,,&,2.0,&
{'D2'},{'R1'},{'D6'},{'D7'},{'D4'},{'D1'},{'R2'},,,,&,1.0,&
{'D2'},{'D5'},{'R3'},,,,,,,,&,1.0,&
{'D2'},{'D5'},{'R2'},,,,,,,,&,1.0,&
{'D2'},{'D5'},{'R2'},{'D4'},{'R3'},{'R1'},,,,,&,1.0,&
{'D2'},{'D5'},{'D1'},,,,,,,,&,2.0,&
{'D2'},{'D5'},{'D1'},{'R3'},{'R2'},,,,,,&,2.0,&
{'D2'},{'D5'},{'D1'},{'R2'},{'D7'},{'R1'},{'R3'},{'D3'},,,&,1.0,&
{'D2'},{'D5'},{'D1'},{'D7'},,,,,,,&,1.0,&
{'D2'},{'D5'},{'D1'},{'D7'},{'R3'},{'R2'},{'D4'},,,,&,1.0,&
{'D2'},{'D5'},{'D1'},{'D7'},{'D3'},,,,,,&,1.0,&
{'D2'},{'D5'},{'D1'},{'D4'},,,,,,,&,1.0,&
{'D2'},{'D5'},,,,,,,,,&,2.0,&
{'D2'},{'D5'},{'D7'},{'D1'},{'D3'},{'D4'},{'D6'},{'R2'},,,&,1.0,&
{'D2'},{'D5'},{'D7'},{'D6'},{'D4'},{'D1'},,,,,&,1.0,&
{'D2'},{'D5'},{'D6'},{'R3'},{'D1'},{'D7'},{'D4'},{'R2'},{'D3'},{'R1'},&,1.0,&
{'D2'},{'D5'},{'D6'},{'R2'},{'D7'},{'R3'},{'D4'},,,,&,1.0,&
{'D2'},{'D3'},{'R3'},,,,,,,,&,8.0,&
{'D2'},{'D3'},{'R3'},{'D1'},{'R2'},{'R1'},,,,,&,1.0,&
{'D2'},{'D3'},{'R3'},{'D1'},{'D5'},{'D7'},{'D4'},{'D6'},,,&,1.0,&
{'D2'},{'D3'},{'R3'},{'R1'},,,,,,,&,1.0,&
{'D2'},{'D3'},{'R3'},{'R1'},{'R2'},{'D7'},,,,,&,1.0,&
{'D2'},{'D3'},{'R3'},{'R2'},,,,,,,&,3.0,&
{'D2'},{'D3'},{'R3'},{'R2'},{'D7'},,,,,,&,1.0,&
{'D2'},{'D3'},{'R3'},{'R2'},{'R1'},,,,,,&,1.0,&
{'D2'},{'D3'},{'R3'},{'R2'},{'R1'},{'D7'},{'D1'},,,,&,1.0,&
{'D2'},{'D3'},{'R3'},{'R2'},{'D1'},{'R1'},{'D6'},,,,&,1.0,&
{'D2'},{'D3'},{'R3'},{'R2'},{'D1'},{'D7'},{'D4'},{'D6'},,,&,1.0,&
{'D2'},{'D3'},{'R3'},{'D7'},,,,,,,&,1.0,&
{'D2'},{'D3'},{'R3'},{'D7'},{'D1'},,,,,,&,1.0,&
{'D2'},{'D3'},{'R3'},{'D7'},{'D1'},{'D5'},{'R2'},{'D4'},{'R1'},,&,1.0,&
{'D2'},{'D3'},{'R3'},{'D7'},{'D1'},{'R2'},{'R1'},{'D4'},,,&,1.0,&
{'D2'},{'D3'},{'R3'},{'D7'},{'D1'},{'R2'},{'D4'},{'D6'},{'D5'},{'R1'},&,1.0,&
{'D2'},{'D3'},{'R3'},{'D7'},{'D1'},{'R2'},{'D6'},,,,&,1.0,&
{'D2'},{'D3'},{'R3'},{'D7'},{'R2'},{'R1'},{'D4'},{'D1'},{'D5'},{'D6'},&,1.0,&
{'D2'},{'D3'},{'R3'},{'D7'},{'D6'},{'D1'},{'D4'},{'R2'},{'D5'},{'R1'},&,1.0,&
{'D2'},{'D3'},{'R3'},{'D4'},{'D7'},{'R2'},,,,,&,1.0,&
{'D2'},{'D3'},{'R3'},{'D6'},,,,,,,&,1.0,&
{'D2'},{'D3'},{'R3'},{'D6'},{'D1'},{'R2'},,,,,&,1.0,&
{'D2'},{'D3'},{'R2'},,,,,,,,&,2.0,&
{'D2'},{'D3'},{'R2'},{'R3'},,,,,,,&,1.0,&
{'D2'},{'D3'},{'R2'},{'R3'},{'D1'},{'R1'},{'D7'},,,,&,1.0,&
{'D2'},{'D3'},{'R2'},{'R3'},{'D1'},{'D7'},{'D6'},,,,&,1.0,&
{'D2'},{'D3'},{'R2'},{'D1'},{'R3'},{'D7'},{'D6'},,,,&,1.0,&
{'D2'},{'D3'},{'R2'},{'D1'},{'D4'},,,,,,&,1.0,&
{'D2'},{'D3'},{'R2'},{'D7'},,,,,,,&,1.0,&
{'D2'},{'D3'},{'D1'},{'R3'},{'D7'},{'D4'},,,,,&,1.0,&
{'D2'},{'D3'},{'D1'},{'R3'},{'D7'},{'D4'},{'R2'},,,,&,1.0,&
{'D2'},{'D3'},{'D1'},{'R3'},{'D7'},{'R2'},{'D6'},{'D4'},{'D5'},{'R1'},&,1.0,&
{'D2'},{'D3'},{'D1'},{'R3'},{'D7'},{'D6'},{'R2'},{'R1'},{'D4'},{'D5'},&,1.0,&
{'D2'},{'D3'},{'D1'},{'R3'},{'R1'},{'D6'},{'D7'},{'D4'},{'D5'},{'R2'},&,1.0,&
{'D2'},{'D3'},{'D1'},{'R3'},{'R2'},{'D7'},{'R1'},,,,&,1.0,&
{'D2'},{'D3'},{'D1'},{'R3'},{'D4'},{'R2'},{'D7'},,,,&,1.0,&
{'D2'},{'D3'},{'D1'},{'R3'},{'D5'},{'R2'},,,,,&,1.0,&
{'D2'},{'D3'},{'D1'},{'R2'},{'R3'},{'D7'},{'R1'},,,,&,1.0,&
{'D2'},{'D3'},{'D1'},{'D7'},,,,,,,&,1.0,&
{'D2'},{'D3'},{'D1'},{'D7'},{'R3'},,,,,,&,1.0,&
{'D2'},{'D3'},{'D1'},{'D7'},{'D5'},{'D4'},{'D6'},,,,&,1.0,&
{'D2'},{'D3'},{'D1'},{'D4'},,,,,,,&,2.0,&
{'D2'},{'D3'},{'D1'},{'D4'},{'D7'},,,,,,&,1.0,&
{'D2'},{'D3'},{'D1'},{'D4'},{'D7'},{'D6'},{'R1'},,,,&,1.0,&
{'D2'},{'D3'},{'D1'},{'D4'},{'R3'},,,,,,&,1.0,&
{'D2'},{'D3'},{'D4'},{'R3'},{'D7'},{'R1'},,,,,&,1.0,&
{'D2'},{'D3'},{'D4'},{'R3'},{'D1'},{'R2'},{'D7'},{'R1'},{'D5'},,&,1.0,&
{'D2'},{'D3'},{'D4'},{'D1'},{'D7'},{'D6'},{'R3'},{'R2'},{'R1'},,&,1.0,&
{'D2'},{'D3'},{'D4'},{'D1'},{'R3'},{'D7'},{'D5'},{'R1'},{'D6'},,&,1.0,&
{'D2'},{'D3'},{'D4'},{'D7'},{'R3'},{'D1'},{'R1'},,,,&,1.0,&
{'D2'},{'D3'},,,,,,,,,&,16.0,&
{'D2'},{'D3'},{'D7'},,,,,,,,&,2.0,&
{'D2'},{'D3'},{'D7'},{'R3'},,,,,,,&,3.0,&
{'D2'},{'D3'},{'D7'},{'R3'},{'R1'},{'R2'},{'D1'},,,,&,1.0,&
{'D2'},{'D3'},{'D7'},{'R3'},{'D1'},,,,,,&,1.0,&
{'D2'},{'D3'},{'D7'},{'R3'},{'D1'},{'D4'},{'R2'},{'D5'},,,&,1.0,&
{'D2'},{'D3'},{'D7'},{'R3'},{'D1'},{'R2'},{'R1'},,,,&,1.0,&
{'D2'},{'D3'},{'D7'},{'R3'},{'R2'},{'R1'},{'D1'},{'D4'},,,&,1.0,&
{'D2'},{'D3'},{'D7'},{'D1'},,,,,,,&,1.0,&
{'D2'},{'D3'},{'D7'},{'D1'},{'R3'},,,,,,&,3.0,&
{'D2'},{'D3'},{'D7'},{'D1'},{'R2'},{'D4'},{'D6'},{'R3'},{'D5'},{'R1'},&,1.0,&
{'D2'},{'D3'},{'D7'},{'D1'},{'R2'},{'R3'},{'R1'},{'D4'},{'D6'},,&,1.0,&
{'D2'},{'D3'},{'D7'},{'D1'},{'D4'},,,,,,&,1.0,&
{'D2'},{'D3'},{'D7'},{'D1'},{'D4'},{'D6'},,,,,&,1.0,&
{'D2'},{'D3'},{'D7'},{'R1'},,,,,,,&,1.0,&
{'D2'},{'D3'},{'D7'},{'R1'},{'D1'},{'D4'},{'R3'},{'D5'},{'D6'},,&,1.0,&
{'D2'},{'D3'},{'D7'},{'R2'},{'R1'},{'R3'},{'D6'},{'D4'},{'D1'},,&,1.0,&
{'D2'},{'D3'},{'D7'},{'R2'},{'R3'},,,,,,&,2.0,&
{'D2'},{'D3'},{'D7'},{'R2'},{'R3'},{'R1'},{'D1'},,,,&,1.0,&
{'D2'},{'D3'},{'D7'},{'R2'},{'R3'},{'R1'},{'D1'},{'D4'},{'D6'},,&,1.0,&
{'D2'},{'D3'},{'D7'},{'R2'},{'R3'},{'R1'},{'D4'},{'D6'},,,&,1.0,&
{'D2'},{'D3'},{'D7'},{'D4'},{'D1'},{'D5'},{'D6'},{'R3'},,,&,1.0,&
{'D2'},{'D3'},{'D7'},{'D4'},{'D1'},{'R3'},{'D5'},{'R2'},,,&,1.0,&
{'D2'},{'D3'},{'D7'},{'D4'},{'D1'},{'D6'},,,,,&,1.0,&
{'D2'},{'D3'},{'D7'},{'D4'},{'D1'},{'D6'},{'R2'},{'D5'},{'R3'},{'R1'},&,1.0,&
{'D2'},{'D3'},{'D7'},{'D4'},{'D6'},{'D1'},,,,,&,1.0,&
{'D2'},{'D3'},{'D7'},{'D6'},{'R3'},,,,,,&,2.0,&
{'D2'},{'D3'},{'D7'},{'D5'},,,,,,,&,1.0,&
{'D2'},{'D3'},{'R1'},,,,,,,,&,2.0,&
{'D2'},{'D3'},{'R1'},{'D1'},{'D7'},{'D4'},{'R2'},,,,&,1.0,&
{'D2'},{'D3'},{'R1'},{'R2'},{'D1'},{'D4'},{'D6'},{'D7'},{'D5'},{'R3'},&,1.0,&
{'D2'},{'D3'},{'R1'},{'R2'},{'D5'},{'D4'},{'D7'},{'R3'},,,&,1.0,&
{'D2'},{'D3'},{'R1'},{'D7'},{'R2'},,,,,,&,1.0,&
{'D2'},{'D3'},{'R1'},{'D7'},{'D4'},,,,,,&,1.0,&
{'D2'},{'D3'},{'D6'},,,,,,,,&,1.0,&
{'D2'},{'D3'},{'D6'},{'R3'},{'R2'},{'D1'},{'R1'},,,,&,1.0,&
{'D2'},{'D3'},{'D6'},{'D7'},,,,,,,&,1.0,&
{'D2'},{'D3'},{'D6'},{'D4'},,,,,,,&,1.0,&
{'D2'},{'D3'},{'D5'},{'D7'},{'R3'},{'D1'},{'R2'},{'R1'},,,&,1.0,&
{'D2'},{'D7'},{'R3'},,,,,,,,&,36.0,&
{'D2'},{'D7'},{'R3'},{'D1'},,,,,,,&,15.0,&
{'D2'},{'D7'},{'R3'},{'D1'},{'R1'},{'D4'},{'R2'},{'D3'},,,&,1.0,&
{'D2'},{'D7'},{'R3'},{'D1'},{'R1'},{'R2'},{'D3'},{'D4'},{'D6'},,&,1.0,&
{'D2'},{'D7'},{'R3'},{'D1'},{'R2'},,,,,,&,5.0,&
{'D2'},{'D7'},{'R3'},{'D1'},{'R2'},{'D4'},,,,,&,1.0,&
{'D2'},{'D7'},{'R3'},{'D1'},{'R2'},{'D4'},{'R1'},{'D6'},{'D5'},,&,1.0,&
{'D2'},{'D7'},{'R3'},{'D1'},{'R2'},{'D4'},{'R1'},{'D3'},{'D6'},,&,1.0,&
{'D2'},{'D7'},{'R3'},{'D1'},{'R2'},{'D4'},{'D6'},,,,&,1.0,&
{'D2'},{'D7'},{'R3'},{'D1'},{'R2'},{'R1'},{'D3'},{'D4'},{'D6'},{'D5'},&,1.0,&
{'D2'},{'D7'},{'R3'},{'D1'},{'R2'},{'R1'},{'D4'},{'D6'},,,&,1.0,&
{'D2'},{'D7'},{'R3'},{'D1'},{'R2'},{'D3'},{'D4'},,,,&,1.0,&
{'D2'},{'D7'},{'R3'},{'D1'},{'R2'},{'D6'},{'D3'},{'D5'},{'D4'},{'R1'},&,1.0,&
{'D2'},{'D7'},{'R3'},{'D1'},{'R2'},{'D6'},{'D4'},{'D3'},{'R1'},{'D5'},&,1.0,&
{'D2'},{'D7'},{'R3'},{'D1'},{'D4'},,,,,,&,2.0,&
{'D2'},{'D7'},{'R3'},{'D1'},{'D4'},{'D3'},,,,,&,2.0,&
{'D2'},{'D7'},{'R3'},{'D1'},{'D4'},{'D3'},{'D6'},{'R2'},{'D5'},,&,1.0,&
{'D2'},{'D7'},{'R3'},{'D1'},{'D4'},{'D5'},{'R2'},{'D3'},{'R1'},,&,1.0,&
{'D2'},{'D7'},{'R3'},{'D1'},{'D4'},{'R2'},,,,,&,1.0,&
{'D2'},{'D7'},{'R3'},{'D1'},{'D4'},{'R2'},{'D3'},{'D6'},{'R1'},{'D5'},&,1.0,&
{'D2'},{'D7'},{'R3'},{'D1'},{'D4'},{'R2'},{'D6'},,,,&,1.0,&
{'D2'},{'D7'},{'R3'},{'D1'},{'D4'},{'D6'},{'D3'},,,,&,1.0,&
{'D2'},{'D7'},{'R3'},{'D1'},{'D4'},{'D6'},{'D3'},{'D5'},,,&,1.0,&
{'D2'},{'D7'},{'R3'},{'D1'},{'D4'},{'D6'},{'R2'},{'D3'},{'D5'},,&,1.0,&
{'D2'},{'D7'},{'R3'},{'D1'},{'D4'},{'D6'},{'R2'},{'R1'},,,&,1.0,&
{'D2'},{'D7'},{'R3'},{'D1'},{'D6'},,,,,,&,1.0,&
{'D2'},{'D7'},{'R3'},{'D1'},{'D6'},{'D4'},{'R2'},{'R1'},{'D3'},{'D5'},&,1.0,&
{'D2'},{'D7'},{'R3'},{'D1'},{'D6'},{'R2'},,,,,&,1.0,&
{'D2'},{'D7'},{'R3'},{'D1'},{'D3'},,,,,,&,1.0,&
{'D2'},{'D7'},{'R3'},{'D1'},{'D3'},{'D4'},{'R2'},,,,&,1.0,&
{'D2'},{'D7'},{'R3'},{'D1'},{'D3'},{'D6'},,,,,&,1.0,&
{'D2'},{'D7'},{'R3'},{'D1'},{'D3'},{'D6'},{'R2'},{'R1'},,,&,1.0,&
{'D2'},{'D7'},{'R3'},{'R1'},{'D1'},,,,,,&,1.0,&
{'D2'},{'D7'},{'R3'},{'R1'},{'D1'},{'R2'},{'D5'},{'D3'},,,&,1.0,&
{'D2'},{'D7'},{'R3'},{'R1'},{'R2'},{'D4'},,,,,&,1.0,&
{'D2'},{'D7'},{'R3'},{'R1'},{'R2'},{'D1'},{'D3'},{'D6'},,,&,1.0,&
{'D2'},{'D7'},{'R3'},{'R1'},{'D4'},,,,,,&,1.0,&
{'D2'},{'D7'},{'R3'},{'R1'},{'D3'},{'R2'},,,,,&,1.0,&
{'D2'},{'D7'},{'R3'},{'R2'},,,,,,,&,14.0,&
{'D2'},{'D7'},{'R3'},{'R2'},{'R1'},,,,,,&,4.0,&
{'D2'},{'D7'},{'R3'},{'R2'},{'R1'},{'D4'},{'D1'},,,,&,1.0,&
{'D2'},{'D7'},{'R3'},{'R2'},{'R1'},{'D4'},{'D1'},{'D3'},,,&,1.0,&
{'D2'},{'D7'},{'R3'},{'R2'},{'R1'},{'D3'},,,,,&,1.0,&
{'D2'},{'D7'},{'R3'},{'R2'},{'R1'},{'D3'},{'D1'},{'D4'},{'D5'},{'D6'},&,1.0,&
{'D2'},{'D7'},{'R3'},{'R2'},{'R1'},{'D1'},{'D4'},,,,&,2.0,&
{'D2'},{'D7'},{'R3'},{'R2'},{'R1'},{'D1'},{'D4'},{'D6'},{'D3'},,&,1.0,&
{'D2'},{'D7'},{'R3'},{'R2'},{'R1'},{'D1'},{'D4'},{'D6'},{'D3'},{'D5'},&,1.0,&
{'D2'},{'D7'},{'R3'},{'R2'},{'R1'},{'D1'},{'D4'},{'D3'},{'D6'},{'D5'},&,1.0,&
{'D2'},{'D7'},{'R3'},{'R2'},{'R1'},{'D1'},{'D6'},{'D4'},,,&,1.0,&
{'D2'},{'D7'},{'R3'},{'R2'},{'R1'},{'D1'},{'D6'},{'D4'},{'D5'},{'D3'},&,1.0,&
{'D2'},{'D7'},{'R3'},{'R2'},{'R1'},{'D6'},,,,,&,1.0,&
{'D2'},{'D7'},{'R3'},{'R2'},{'R1'},{'D6'},{'D4'},,,,&,1.0,&
{'D2'},{'D7'},{'R3'},{'R2'},{'D1'},,,,,,&,3.0,&
{'D2'},{'D7'},{'R3'},{'R2'},{'D1'},{'D4'},{'R1'},{'D6'},{'D3'},,&,1.0,&
{'D2'},{'D7'},{'R3'},{'R2'},{'D1'},{'D4'},{'R1'},{'D3'},{'D6'},{'D5'},&,1.0,&
{'D2'},{'D7'},{'R3'},{'R2'},{'D1'},{'R1'},{'D3'},,,,&,1.0,&
{'D2'},{'D7'},{'R3'},{'R2'},{'D1'},{'R1'},{'D4'},,,,&,1.0,&
{'D2'},{'D7'},{'R3'},{'R2'},{'D1'},{'D3'},{'R1'},{'D4'},,,&,1.0,&
{'D2'},{'D7'},{'R3'},{'R2'},{'D1'},{'D6'},{'D3'},{'R1'},,,&,1.0,&
{'D2'},{'D7'},{'R3'},{'R2'},{'D4'},{'D1'},{'R1'},{'D6'},{'D3'},,&,1.0,&
{'D2'},{'D7'},{'R3'},{'R2'},{'D4'},{'D1'},{'D5'},{'D6'},{'D3'},{'R1'},&,1.0,&
{'D2'},{'D7'},{'R3'},{'R2'},{'D6'},{'D1'},{'D3'},{'R1'},{'D4'},,&,1.0,&
{'D2'},{'D7'},{'R3'},{'R2'},{'D6'},{'D1'},{'D4'},{'D3'},{'D5'},{'R1'},&,1.0,&
{'D2'},{'D7'},{'R3'},{'R2'},{'D3'},{'D4'},{'D6'},,,,&,1.0,&
{'D2'},{'D7'},{'R3'},{'R2'},{'D3'},{'R1'},,,,,&,1.0,&
{'D2'},{'D7'},{'R3'},{'R2'},{'D3'},{'D1'},,,,,&,1.0,&
{'D2'},{'D7'},{'R3'},{'R2'},{'D5'},{'D4'},,,,,&,1.0,&
{'D2'},{'D7'},{'R3'},{'D4'},,,,,,,&,3.0,&
{'D2'},{'D7'},{'R3'},{'D4'},{'R1'},{'D3'},,,,,&,1.0,&
{'D2'},{'D7'},{'R3'},{'D4'},{'D1'},,,,,,&,2.0,&
{'D2'},{'D7'},{'R3'},{'D4'},{'D1'},{'D3'},{'R2'},{'D6'},{'R1'},,&,1.0,&
{'D2'},{'D7'},{'R3'},{'D4'},{'D1'},{'R2'},,,,,&,1.0,&
{'D2'},{'D7'},{'R3'},{'D4'},{'D1'},{'R2'},{'D6'},{'D3'},{'R1'},{'D5'},&,1.0,&
{'D2'},{'D7'},{'R3'},{'D4'},{'R2'},{'R1'},{'D6'},{'D1'},{'D3'},{'D5'},&,1.0,&
{'D2'},{'D7'},{'R3'},{'D4'},{'R2'},{'D3'},{'D1'},{'D5'},{'D6'},{'R1'},&,1.0,&
{'D2'},{'D7'},{'R3'},{'D4'},{'D3'},{'D1'},{'R2'},{'D6'},{'D5'},{'R1'},&,1.0,&
{'D2'},{'D7'},{'R3'},{'D4'},{'D3'},{'R2'},{'R1'},,,,&,1.0,&
{'D2'},{'D7'},{'R3'},{'D3'},,,,,,,&,1.0,&
{'D2'},{'D7'},{'R3'},{'D3'},{'R1'},{'D4'},{'R2'},{'D1'},{'D6'},{'D5'},&,1.0,&
{'D2'},{'D7'},{'R3'},{'D3'},{'D1'},{'D4'},{'D6'},,,,&,1.0,&
{'D2'},{'D7'},{'R3'},{'D3'},{'D1'},{'D4'},{'D6'},{'D5'},{'R2'},,&,1.0,&
{'D2'},{'D7'},{'R3'},{'D3'},{'D1'},{'D4'},{'D6'},{'R2'},,,&,1.0,&
{'D2'},{'D7'},{'R3'},{'D3'},{'D1'},{'R2'},,,,,&,2.0,&
{'D2'},{'D7'},{'R3'},{'D3'},{'R2'},{'D4'},{'D1'},{'R1'},,,&,1.0,&
{'D2'},{'D7'},{'R3'},{'D3'},{'R2'},{'R1'},,,,,&,1.0,&
{'D2'},{'D7'},{'R3'},{'D3'},{'D4'},,,,,,&,1.0,&
{'D2'},{'D7'},{'R3'},{'D6'},{'D1'},{'D4'},{'D3'},{'D5'},{'R2'},{'R1'},&,1.0,&
{'D2'},{'D7'},{'R3'},{'D6'},{'R2'},,,,,,&,2.0,&
{'D2'},{'D7'},{'R3'},{'D6'},{'D4'},{'D1'},{'D3'},{'R2'},{'R1'},,&,1.0,&
{'D2'},{'D7'},{'R3'},{'D6'},{'D4'},{'D1'},{'R2'},{'R1'},{'D3'},,&,1.0,&
{'D2'},{'D7'},{'R3'},{'D6'},{'D5'},,,,,,&,1.0,&
{'D2'},{'D7'},{'R3'},{'D5'},{'R1'},{'D6'},{'R2'},,,,&,1.0,&
{'D2'},{'D7'},{'R3'},{'D5'},{'R2'},,,,,,&,1.0,&
{'D2'},{'D7'},{'R3'},{'D5'},{'D6'},{'D1'},{'D4'},{'D3'},{'R2'},,&,1.0,&
{'D2'},{'D7'},{'R2'},,,,,,,,&,22.0,&
{'D2'},{'D7'},{'R2'},{'R3'},,,,,,,&,6.0,&
{'D2'},{'D7'},{'R2'},{'R3'},{'R1'},,,,,,&,3.0,&
{'D2'},{'D7'},{'R2'},{'R3'},{'R1'},{'D4'},{'D3'},{'D1'},{'D6'},,&,1.0,&
{'D2'},{'D7'},{'R2'},{'R3'},{'R1'},{'D1'},{'D4'},{'D3'},,,&,1.0,&
{'D2'},{'D7'},{'R2'},{'R3'},{'D1'},,,,,,&,1.0,&
{'D2'},{'D7'},{'R2'},{'R3'},{'D1'},{'D4'},,,,,&,1.0,&
{'D2'},{'D7'},{'R2'},{'R3'},{'D1'},{'R1'},{'D3'},{'D4'},,,&,1.0,&
{'D2'},{'D7'},{'R2'},{'R3'},{'D1'},{'D5'},{'R1'},{'D4'},{'D6'},{'D3'},&,1.0,&
{'D2'},{'D7'},{'R2'},{'R3'},{'D4'},,,,,,&,2.0,&
{'D2'},{'D7'},{'R2'},{'R3'},{'D4'},{'R1'},{'D1'},{'D6'},,,&,1.0,&
{'D2'},{'D7'},{'R2'},{'R3'},{'D6'},{'D4'},{'D1'},{'D5'},{'D3'},,&,1.0,&
{'D2'},{'D7'},{'R2'},{'R3'},{'D3'},{'D4'},{'D1'},{'D6'},,,&,1.0,&
{'D2'},{'D7'},{'R2'},{'D1'},,,,,,,&,8.0,&
{'D2'},{'D7'},{'R2'},{'D1'},{'R3'},,,,,,&,2.0,&
{'D2'},{'D7'},{'R2'},{'D1'},{'R3'},{'D4'},,,,,&,1.0,&
{'D2'},{'D7'},{'R2'},{'D1'},{'R3'},{'D4'},{'R1'},,,,&,1.0,&
{'D2'},{'D7'},{'R2'},{'D1'},{'D4'},,,,,,&,1.0,&
{'D2'},{'D7'},{'R2'},{'D1'},{'D4'},{'D3'},{'D6'},{'D5'},,,&,1.0,&
{'D2'},{'D7'},{'R2'},{'D1'},{'D4'},{'D3'},{'R3'},{'D6'},,,&,1.0,&
{'D2'},{'D7'},{'R2'},{'D1'},{'D4'},{'R3'},,,,,&,1.0,&
{'D2'},{'D7'},{'R2'},{'D1'},{'D4'},{'R3'},{'D5'},,,,&,1.0,&
{'D2'},{'D7'},{'R2'},{'D1'},{'D6'},,,,,,&,2.0,&
{'D2'},{'D7'},{'R2'},{'D1'},{'D3'},,,,,,&,1.0,&
{'D2'},{'D7'},{'R2'},{'D1'},{'D3'},{'D4'},{'R1'},{'R3'},,,&,1.0,&
{'D2'},{'D7'},{'R2'},{'D1'},{'D3'},{'R3'},{'R1'},{'D4'},,,&,1.0,&
{'D2'},{'D7'},{'R2'},{'D1'},{'D3'},{'R3'},{'R1'},{'D4'},{'D6'},{'D5'},&,1.0,&
{'D2'},{'D7'},{'R2'},{'R1'},,,,,,,&,1.0,&
{'D2'},{'D7'},{'R2'},{'D4'},{'R1'},{'D1'},{'D6'},,,,&,1.0,&
{'D2'},{'D7'},{'R2'},{'D4'},{'R3'},{'R1'},{'D1'},{'D6'},,,&,1.0,&
{'D2'},{'D7'},{'R2'},{'D4'},{'R3'},{'R1'},{'D1'},{'D3'},,,&,1.0,&
{'D2'},{'D7'},{'R2'},{'D4'},{'D1'},{'R3'},{'R1'},{'D6'},{'D5'},,&,1.0,&
{'D2'},{'D7'},{'R2'},{'D4'},{'D1'},{'D6'},{'D3'},{'D5'},{'R3'},{'R1'},&,1.0,&
{'D2'},{'D7'},{'R2'},{'D3'},{'R3'},,,,,,&,1.0,&
{'D2'},{'D7'},{'R2'},{'D3'},{'R3'},{'R1'},,,,,&,1.0,&
{'D2'},{'D7'},{'R2'},{'D3'},{'R3'},{'D1'},{'R1'},{'D4'},{'D6'},,&,1.0,&
{'D2'},{'D7'},{'R2'},{'D3'},{'D1'},,,,,,&,2.0,&
{'D2'},{'D7'},{'R2'},{'D3'},{'D1'},{'D5'},{'D4'},{'R3'},{'D6'},,&,1.0,&
{'D2'},{'D7'},{'R2'},{'D3'},{'D1'},{'R3'},{'D4'},{'D5'},{'D6'},,&,1.0,&
{'D2'},{'D7'},{'R2'},{'D6'},,,,,,,&,1.0,&
{'D2'},{'D7'},{'R2'},{'D6'},{'R3'},{'R1'},{'D1'},{'D4'},{'D3'},,&,1.0,&
{'D2'},{'D7'},{'R2'},{'D6'},{'R3'},{'D1'},{'R1'},{'D4'},{'D3'},{'D5'},&,1.0,&
{'D2'},{'D7'},{'R2'},{'D6'},{'D4'},{'R3'},{'D1'},{'D3'},{'R1'},{'D5'},&,1.0,&
{'D2'},{'D7'},{'D1'},,,,,,,,&,57.0,&
{'D2'},{'D7'},{'D1'},{'R3'},,,,,,,&,7.0,&
{'D2'},{'D7'},{'D1'},{'R3'},{'R2'},,,,,,&,5.0,&
{'D2'},{'D7'},{'D1'},{'R3'},{'R2'},{'D4'},,,,,&,1.0,&
{'D2'},{'D7'},{'D1'},{'R3'},{'R2'},{'D4'},{'D3'},{'R1'},,,&,1.0,&
{'D2'},{'D7'},{'D1'},{'R3'},{'R2'},{'D4'},{'R1'},{'D3'},{'D6'},{'D5'},&,1.0,&
{'D2'},{'D7'},{'D1'},{'R3'},{'R2'},{'R1'},,,,,&,1.0,&
{'D2'},{'D7'},{'D1'},{'R3'},{'R2'},{'R1'},{'D4'},,,,&,2.0,&
{'D2'},{'D7'},{'D1'},{'R3'},{'R2'},{'R1'},{'D4'},{'D3'},,,&,1.0,&
{'D2'},{'D7'},{'D1'},{'R3'},{'R2'},{'R1'},{'D4'},{'D3'},{'D6'},,&,1.0,&
{'D2'},{'D7'},{'D1'},{'R3'},{'R2'},{'D3'},,,,,&,1.0,&
{'D2'},{'D7'},{'D1'},{'R3'},{'R2'},{'D6'},,,,,&,1.0,&
{'D2'},{'D7'},{'D1'},{'R3'},{'R2'},{'D6'},{'R1'},{'D3'},{'D4'},,&,1.0,&
{'D2'},{'D7'},{'D1'},{'R3'},{'D4'},,,,,,&,2.0,&
{'D2'},{'D7'},{'D1'},{'R3'},{'D4'},{'R1'},,,,,&,1.0,&
{'D2'},{'D7'},{'D1'},{'R3'},{'D4'},{'R1'},{'R2'},{'D3'},,,&,1.0,&
{'D2'},{'D7'},{'D1'},{'R3'},{'D4'},{'D3'},{'D6'},{'D5'},{'R2'},{'R1'},&,1.0,&
{'D2'},{'D7'},{'D1'},{'R3'},{'D4'},{'D5'},{'D3'},{'D6'},{'R2'},,&,1.0,&
{'D2'},{'D7'},{'D1'},{'R3'},{'D4'},{'R2'},{'R1'},,,,&,1.0,&
{'D2'},{'D7'},{'D1'},{'R3'},{'D4'},{'R2'},{'D6'},{'D5'},{'R1'},{'D3'},&,1.0,&
{'D2'},{'D7'},{'D1'},{'R3'},{'D4'},{'D6'},,,,,&,1.0,&
{'D2'},{'D7'},{'D1'},{'R3'},{'D4'},{'D6'},{'D3'},{'R2'},{'D5'},{'R1'},&,1.0,&
{'D2'},{'D7'},{'D1'},{'R3'},{'D4'},{'D6'},{'R2'},,,,&,1.0,&
{'D2'},{'D7'},{'D1'},{'R3'},{'D6'},{'D4'},,,,,&,1.0,&
{'D2'},{'D7'},{'D1'},{'R3'},{'D6'},{'R1'},,,,,&,1.0,&
{'D2'},{'D7'},{'D1'},{'R3'},{'D6'},{'D3'},{'D4'},,,,&,1.0,&
{'D2'},{'D7'},{'D1'},{'R3'},{'D6'},{'R2'},{'R1'},{'D4'},{'D3'},{'D5'},&,1.0,&
{'D2'},{'D7'},{'D1'},{'R3'},{'D3'},{'D4'},{'D5'},{'D6'},{'R2'},,&,1.0,&
{'D2'},{'D7'},{'D1'},{'R3'},{'D5'},,,,,,&,2.0,&
{'D2'},{'D7'},{'D1'},{'R3'},{'D5'},{'R1'},{'D4'},{'D6'},{'R2'},{'D3'},&,1.0,&
{'D2'},{'D7'},{'D1'},{'R3'},{'D5'},{'R2'},,,,,&,1.0,&
{'D2'},{'D7'},{'D1'},{'R3'},{'D5'},{'D6'},{'D3'},{'R2'},{'D4'},{'R1'},&,1.0,&
{'D2'},{'D7'},{'D1'},{'R1'},,,,,,,&,1.0,&
{'D2'},{'D7'},{'D1'},{'R1'},{'R2'},{'D4'},{'D3'},{'D5'},{'R3'},,&,1.0,&
{'D2'},{'D7'},{'D1'},{'R1'},{'R2'},{'R3'},,,,,&,1.0,&
{'D2'},{'D7'},{'D1'},{'R1'},{'R2'},{'R3'},{'D4'},,,,&,1.0,&
{'D2'},{'D7'},{'D1'},{'R1'},{'R2'},{'R3'},{'D6'},,,,&,1.0,&
{'D2'},{'D7'},{'D1'},{'R1'},{'R2'},{'D6'},,,,,&,1.0,&
{'D2'},{'D7'},{'D1'},{'R1'},{'D4'},{'R3'},{'D5'},{'R2'},,,&,1.0,&
{'D2'},{'D7'},{'D1'},{'R1'},{'D4'},{'D6'},{'R3'},{'D3'},{'D5'},{'R2'},&,1.0,&
{'D2'},{'D7'},{'D1'},{'R1'},{'D3'},{'D4'},,,,,&,1.0,&
{'D2'},{'D7'},{'D1'},{'R2'},,,,,,,&,5.0,&
{'D2'},{'D7'},{'D1'},{'R2'},{'R1'},{'D4'},{'R3'},{'D6'},{'D3'},,&,1.0,&
{'D2'},{'D7'},{'D1'},{'R2'},{'R3'},,,,,,&,1.0,&
{'D2'},{'D7'},{'D1'},{'R2'},{'R3'},{'D4'},{'D3'},{'D6'},,,&,1.0,&
{'D2'},{'D7'},{'D1'},{'R2'},{'R3'},{'D4'},{'D3'},{'R1'},{'D5'},{'D6'},&,1.0,&
{'D2'},{'D7'},{'D1'},{'R2'},{'R3'},{'D4'},{'R1'},,,,&,1.0,&
{'D2'},{'D7'},{'D1'},{'R2'},{'R3'},{'D4'},{'R1'},{'D3'},,,&,1.0,&
{'D2'},{'D7'},{'D1'},{'R2'},{'R3'},{'D4'},{'R1'},{'D3'},{'D5'},{'D6'},&,1.0,&
{'D2'},{'D7'},{'D1'},{'R2'},{'R3'},{'R1'},,,,,&,1.0,&
{'D2'},{'D7'},{'D1'},{'R2'},{'R3'},{'R1'},{'D4'},{'D6'},{'D3'},,&,1.0,&
{'D2'},{'D7'},{'D1'},{'R2'},{'R3'},{'R1'},{'D6'},,,,&,1.0,&
{'D2'},{'D7'},{'D1'},{'R2'},{'R3'},{'D6'},{'R1'},,,,&,2.0,&
{'D2'},{'D7'},{'D1'},{'R2'},{'D4'},,,,,,&,1.0,&
{'D2'},{'D7'},{'D1'},{'R2'},{'D4'},{'R1'},{'R3'},,,,&,1.0,&
{'D2'},{'D7'},{'D1'},{'R2'},{'D4'},{'R3'},,,,,&,1.0,&
{'D2'},{'D7'},{'D1'},{'R2'},{'D4'},{'R3'},{'R1'},{'D3'},{'D6'},,&,1.0,&
{'D2'},{'D7'},{'D1'},{'R2'},{'D4'},{'D6'},{'R1'},{'R3'},{'D3'},{'D5'},&,1.0,&
{'D2'},{'D7'},{'D1'},{'R2'},{'D6'},{'R3'},,,,,&,1.0,&
{'D2'},{'D7'},{'D1'},{'R2'},{'D6'},{'R3'},{'D5'},{'R1'},{'D4'},{'D3'},&,1.0,&
{'D2'},{'D7'},{'D1'},{'R2'},{'D3'},{'D6'},,,,,&,1.0,&
{'D2'},{'D7'},{'D1'},{'D4'},,,,,,,&,10.0,&
{'D2'},{'D7'},{'D1'},{'D4'},{'R3'},,,,,,&,2.0,&
{'D2'},{'D7'},{'D1'},{'D4'},{'R3'},{'D3'},{'R2'},{'D6'},{'D5'},,&,1.0,&
{'D2'},{'D7'},{'D1'},{'D4'},{'R3'},{'D5'},{'D3'},{'D6'},{'R2'},{'R1'},&,1.0,&
{'D2'},{'D7'},{'D1'},{'D4'},{'R3'},{'R2'},,,,,&,1.0,&
{'D2'},{'D7'},{'D1'},{'D4'},{'R3'},{'R2'},{'D3'},{'D6'},{'D5'},{'R1'},&,1.0,&
{'D2'},{'D7'},{'D1'},{'D4'},{'R3'},{'R2'},{'D3'},{'R1'},{'D6'},{'D5'},&,1.0,&
{'D2'},{'D7'},{'D1'},{'D4'},{'R3'},{'D6'},,,,,&,1.0,&
{'D2'},{'D7'},{'D1'},{'D4'},{'R3'},{'D6'},{'D3'},,,,&,2.0,&
{'D2'},{'D7'},{'D1'},{'D4'},{'R3'},{'D6'},{'R2'},{'D3'},{'R1'},,&,1.0,&
{'D2'},{'D7'},{'D1'},{'D4'},{'R2'},,,,,,&,1.0,&
{'D2'},{'D7'},{'D1'},{'D4'},{'R2'},{'D3'},{'D6'},{'D5'},,,&,1.0,&
{'D2'},{'D7'},{'D1'},{'D4'},{'R2'},{'D3'},{'R3'},,,,&,1.0,&
{'D2'},{'D7'},{'D1'},{'D4'},{'R2'},{'D3'},{'R3'},{'D6'},{'R1'},,&,1.0,&
{'D2'},{'D7'},{'D1'},{'D4'},{'R2'},{'R3'},,,,,&,1.0,&
{'D2'},{'D7'},{'D1'},{'D4'},{'R2'},{'R3'},{'D3'},{'D6'},{'R1'},{'D5'},&,1.0,&
{'D2'},{'D7'},{'D1'},{'D4'},{'R2'},{'D6'},,,,,&,1.0,&
{'D2'},{'D7'},{'D1'},{'D4'},{'D6'},,,,,,&,2.0,&
{'D2'},{'D7'},{'D1'},{'D4'},{'D6'},{'D3'},{'D5'},{'R2'},{'R3'},,&,1.0,&
{'D2'},{'D7'},{'D1'},{'D4'},{'D6'},{'D3'},{'D5'},{'R1'},{'R3'},{'R2'},&,1.0,&
{'D2'},{'D7'},{'D1'},{'D4'},{'D6'},{'D3'},{'R3'},{'R2'},{'R1'},{'D5'},&,1.0,&
{'D2'},{'D7'},{'D1'},{'D4'},{'D6'},{'R2'},{'R3'},{'R1'},{'D3'},{'D5'},&,1.0,&
{'D2'},{'D7'},{'D1'},{'D4'},{'D6'},{'R3'},{'D3'},{'R1'},{'D5'},,&,1.0,&
{'D2'},{'D7'},{'D1'},{'D4'},{'D6'},{'R3'},{'R2'},{'R1'},{'D5'},,&,1.0,&
{'D2'},{'D7'},{'D1'},{'D4'},{'D6'},{'R3'},{'R2'},{'R1'},{'D3'},{'D5'},&,1.0,&
{'D2'},{'D7'},{'D1'},{'D4'},{'D3'},,,,,,&,4.0,&
{'D2'},{'D7'},{'D1'},{'D4'},{'D3'},{'R1'},{'D6'},{'D5'},{'R3'},{'R2'},&,1.0,&
{'D2'},{'D7'},{'D1'},{'D4'},{'D3'},{'R2'},,,,,&,1.0,&
{'D2'},{'D7'},{'D1'},{'D4'},{'D3'},{'R2'},{'D5'},{'R1'},{'D6'},{'R3'},&,1.0,&
{'D2'},{'D7'},{'D1'},{'D4'},{'D3'},{'R2'},{'D6'},{'R3'},,,&,1.0,&
{'D2'},{'D7'},{'D1'},{'D4'},{'D3'},{'R2'},{'D6'},{'R3'},{'R1'},,&,1.0,&
{'D2'},{'D7'},{'D1'},{'D4'},{'D3'},{'R2'},{'R3'},{'D5'},{'R1'},{'D6'},&,1.0,&
{'D2'},{'D7'},{'D1'},{'D4'},{'D3'},{'R3'},,,,,&,1.0,&
{'D2'},{'D7'},{'D1'},{'D4'},{'D3'},{'R3'},{'R2'},,,,&,2.0,&
{'D2'},{'D7'},{'D1'},{'D4'},{'D3'},{'R3'},{'R2'},{'R1'},{'D5'},{'D6'},&,1.0,&
{'D2'},{'D7'},{'D1'},{'D4'},{'D3'},{'R3'},{'D6'},{'D5'},{'R1'},{'R2'},&,1.0,&
{'D2'},{'D7'},{'D1'},{'D4'},{'D5'},{'D3'},,,,,&,1.0,&
{'D2'},{'D7'},{'D1'},{'D4'},{'D5'},{'D3'},{'R3'},{'R2'},{'R1'},{'D6'},&,1.0,&
{'D2'},{'D7'},{'D1'},{'D4'},{'D5'},{'R2'},,,,,&,1.0,&
{'D2'},{'D7'},{'D1'},{'D3'},,,,,,,&,2.0,&
{'D2'},{'D7'},{'D1'},{'D3'},{'R3'},,,,,,&,1.0,&
{'D2'},{'D7'},{'D1'},{'D3'},{'R3'},{'D4'},{'D5'},{'D6'},{'R1'},{'R2'},&,1.0,&
{'D2'},{'D7'},{'D1'},{'D3'},{'R3'},{'D4'},{'D6'},{'D5'},,,&,1.0,&
{'D2'},{'D7'},{'D1'},{'D3'},{'R3'},{'R2'},,,,,&,1.0,&
{'D2'},{'D7'},{'D1'},{'D3'},{'R3'},{'R2'},{'R1'},{'D6'},,,&,1.0,&
{'D2'},{'D7'},{'D1'},{'D3'},{'R3'},{'D6'},,,,,&,1.0,&
{'D2'},{'D7'},{'D1'},{'D3'},{'R3'},{'D6'},{'R2'},{'R1'},{'D4'},,&,1.0,&
{'D2'},{'D7'},{'D1'},{'D3'},{'R2'},{'D4'},{'R1'},{'R3'},{'D6'},,&,1.0,&
{'D2'},{'D7'},{'D1'},{'D3'},{'R2'},{'R3'},{'D4'},{'D5'},{'R1'},{'D6'},&,1.0,&
{'D2'},{'D7'},{'D1'},{'D3'},{'D4'},,,,,,&,1.0,&
{'D2'},{'D7'},{'D1'},{'D3'},{'D4'},{'D5'},{'R3'},,,,&,1.0,&
{'D2'},{'D7'},{'D1'},{'D3'},{'D4'},{'R3'},,,,,&,1.0,&
{'D2'},{'D7'},{'D1'},{'D3'},{'D4'},{'R3'},{'R2'},,,,&,1.0,&
{'D2'},{'D7'},{'D1'},{'D3'},{'D4'},{'R3'},{'R2'},{'D6'},,,&,1.0,&
{'D2'},{'D7'},{'D1'},{'D3'},{'D4'},{'R3'},{'D6'},,,,&,1.0,&
{'D2'},{'D7'},{'D1'},{'D3'},{'D4'},{'D6'},,,,,&,1.0,&
{'D2'},{'D7'},{'D1'},{'D3'},{'D4'},{'D6'},{'D5'},{'R2'},{'R3'},{'R1'},&,1.0,&
{'D2'},{'D7'},{'D1'},{'D3'},{'D4'},{'D6'},{'D5'},{'R3'},{'R2'},{'R1'},&,1.0,&
{'D2'},{'D7'},{'D1'},{'D3'},{'D4'},{'D6'},{'R3'},,,,&,1.0,&
{'D2'},{'D7'},{'D1'},{'D3'},{'D4'},{'D6'},{'R3'},{'R2'},,,&,1.0,&
{'D2'},{'D7'},{'D1'},{'D3'},{'D6'},{'D4'},{'R3'},{'D5'},,,&,1.0,&
{'D2'},{'D7'},{'D1'},{'D6'},,,,,,,&,2.0,&
{'D2'},{'D7'},{'D1'},{'D6'},{'R3'},{'R2'},,,,,&,2.0,&
{'D2'},{'D7'},{'D1'},{'D6'},{'R2'},{'D4'},{'R3'},{'D3'},{'D5'},{'R1'},&,1.0,&
{'D2'},{'D7'},{'D1'},{'D6'},{'R2'},{'D3'},{'D5'},{'D4'},{'R3'},,&,1.0,&
{'D2'},{'D7'},{'D1'},{'D6'},{'R2'},{'R3'},{'D4'},{'R1'},{'D3'},{'D5'},&,1.0,&
{'D2'},{'D7'},{'D1'},{'D6'},{'D4'},,,,,,&,1.0,&
{'D2'},{'D7'},{'D1'},{'D6'},{'D4'},{'D3'},{'D5'},{'R3'},,,&,1.0,&
{'D2'},{'D7'},{'D1'},{'D6'},{'D4'},{'D5'},{'R3'},,,,&,1.0,&
{'D2'},{'D7'},{'D1'},{'D6'},{'D4'},{'R3'},{'D5'},{'R2'},{'D3'},{'R1'},&,1.0,&
{'D2'},{'D7'},{'D1'},{'D6'},{'D3'},{'R3'},,,,,&,1.0,&
{'D2'},{'D7'},{'D1'},{'D5'},,,,,,,&,1.0,&
{'D2'},{'D7'},{'D1'},{'D5'},{'D4'},{'D3'},{'R1'},{'R2'},{'D6'},,&,1.0,&
{'D2'},{'D7'},{'D4'},,,,,,,,&,10.0,&
{'D2'},{'D7'},{'D4'},{'R3'},,,,,,,&,5.0,&
{'D2'},{'D7'},{'D4'},{'R3'},{'R1'},{'D1'},,,,,&,1.0,&
{'D2'},{'D7'},{'D4'},{'R3'},{'D1'},{'D3'},{'D6'},{'D5'},{'R1'},{'R2'},&,1.0,&
{'D2'},{'D7'},{'D4'},{'R3'},{'D1'},{'D6'},,,,,&,2.0,&
{'D2'},{'D7'},{'D4'},{'R3'},{'D1'},{'D6'},{'R2'},{'R1'},,,&,1.0,&
{'D2'},{'D7'},{'D4'},{'R3'},{'R2'},,,,,,&,2.0,&
{'D2'},{'D7'},{'D4'},{'R3'},{'R2'},{'R1'},,,,,&,1.0,&
{'D2'},{'D7'},{'D4'},{'R3'},{'R2'},{'R1'},{'D1'},{'D3'},,,&,1.0,&
{'D2'},{'D7'},{'D4'},{'R3'},{'R2'},{'D1'},,,,,&,1.0,&
{'D2'},{'D7'},{'D4'},{'R3'},{'D6'},{'D3'},{'R2'},{'R1'},{'D1'},{'D5'},&,1.0,&
{'D2'},{'D7'},{'D4'},{'R3'},{'D6'},{'D1'},{'D3'},{'D5'},{'R2'},{'R1'},&,1.0,&
{'D2'},{'D7'},{'D4'},{'R3'},{'D3'},,,,,,&,1.0,&
{'D2'},{'D7'},{'D4'},{'R3'},{'D3'},{'R2'},{'D1'},{'D5'},{'D6'},{'R1'},&,1.0,&
{'D2'},{'D7'},{'D4'},{'D1'},,,,,,,&,4.0,&
{'D2'},{'D7'},{'D4'},{'D1'},{'R3'},,,,,,&,2.0,&
{'D2'},{'D7'},{'D4'},{'D1'},{'R3'},{'D5'},{'D3'},{'D6'},{'R2'},{'R1'},&,1.0,&
{'D2'},{'D7'},{'D4'},{'D1'},{'R3'},{'R2'},{'D6'},{'D3'},{'R1'},{'D5'},&,1.0,&
{'D2'},{'D7'},{'D4'},{'D1'},{'R2'},,,,,,&,1.0,&
{'D2'},{'D7'},{'D4'},{'D1'},{'R2'},{'R3'},{'D5'},{'R1'},,,&,1.0,&
{'D2'},{'D7'},{'D4'},{'D1'},{'R2'},{'D6'},{'R1'},{'R3'},{'D3'},{'D5'},&,1.0,&
{'D2'},{'D7'},{'D4'},{'D1'},{'D6'},,,,,,&,2.0,&
{'D2'},{'D7'},{'D4'},{'D1'},{'D6'},{'D3'},,,,,&,1.0,&
{'D2'},{'D7'},{'D4'},{'D1'},{'D6'},{'D3'},{'R1'},,,,&,1.0,&
{'D2'},{'D7'},{'D4'},{'D1'},{'D6'},{'D3'},{'R2'},{'R3'},{'R1'},,&,1.0,&
{'D2'},{'D7'},{'D4'},{'D1'},{'D6'},{'R2'},,,,,&,1.0,&
{'D2'},{'D7'},{'D4'},{'D1'},{'D6'},{'R3'},{'D5'},{'R2'},{'D3'},{'R1'},&,1.0,&
{'D2'},{'D7'},{'D4'},{'D1'},{'D3'},,,,,,&,1.0,&
{'D2'},{'D7'},{'D4'},{'D1'},{'D3'},{'D5'},{'R3'},,,,&,1.0,&
{'D2'},{'D7'},{'D4'},{'D1'},{'D3'},{'R3'},{'R2'},,,,&,1.0,&
{'D2'},{'D7'},{'D4'},{'D1'},{'D3'},{'R3'},{'D6'},{'R2'},{'D5'},,&,1.0,&
{'D2'},{'D7'},{'D4'},{'D1'},{'D5'},{'D3'},{'R1'},{'R3'},{'D6'},,&,1.0,&
{'D2'},{'D7'},{'D4'},{'D1'},{'D5'},{'R3'},{'D6'},{'R2'},,,&,1.0,&
{'D2'},{'D7'},{'D4'},{'R1'},{'R3'},{'R2'},{'D1'},{'D6'},{'D3'},{'D5'},&,1.0,&
{'D2'},{'D7'},{'D4'},{'R1'},{'D1'},{'R3'},{'D3'},{'R2'},,,&,1.0,&
{'D2'},{'D7'},{'D4'},{'R2'},,,,,,,&,1.0,&
{'D2'},{'D7'},{'D4'},{'R2'},{'R3'},{'D5'},,,,,&,1.0,&
{'D2'},{'D7'},{'D4'},{'R2'},{'R3'},{'D6'},{'R1'},{'D1'},,,&,1.0,&
{'D2'},{'D7'},{'D4'},{'R2'},{'D1'},{'R3'},{'R1'},{'D6'},,,&,1.0,&
{'D2'},{'D7'},{'D4'},{'R2'},{'D1'},{'R3'},{'R1'},{'D3'},{'D5'},{'D6'},&,1.0,&
{'D2'},{'D7'},{'D4'},{'R2'},{'D1'},{'R3'},{'D5'},,,,&,1.0,&
{'D2'},{'D7'},{'D4'},{'R2'},{'D5'},{'R1'},{'D3'},{'D1'},{'D6'},,&,1.0,&
{'D2'},{'D7'},{'D4'},{'D3'},,,,,,,&,2.0,&
{'D2'},{'D7'},{'D4'},{'D3'},{'D1'},,,,,,&,1.0,&
{'D2'},{'D7'},{'D4'},{'D3'},{'R2'},{'D1'},,,,,&,1.0,&
{'D2'},{'D7'},{'D4'},{'D6'},{'R1'},,,,,,&,1.0,&
{'D2'},{'D7'},{'D4'},{'D6'},{'R1'},{'R3'},{'D1'},{'D3'},{'R2'},{'D5'},&,1.0,&
{'D2'},{'D7'},{'D4'},{'D6'},{'R3'},{'R2'},,,,,&,1.0,&
{'D2'},{'D7'},{'D4'},{'D6'},{'D1'},{'R3'},{'D5'},{'D3'},{'R2'},{'R1'},&,1.0,&
{'D2'},{'D7'},{'D4'},{'D6'},{'R2'},{'D3'},{'D1'},,,,&,1.0,&
{'D2'},{'D7'},{'D4'},{'D6'},{'D3'},{'D1'},{'D5'},{'R3'},{'R2'},{'R1'},&,1.0,&
{'D2'},{'D7'},,,,,,,,,&,80.0,&
{'D2'},{'D7'},{'R1'},,,,,,,,&,4.0,&
{'D2'},{'D7'},{'R1'},{'R3'},,,,,,,&,1.0,&
{'D2'},{'D7'},{'R1'},{'R3'},{'D1'},,,,,,&,2.0,&
{'D2'},{'D7'},{'R1'},{'R3'},{'D1'},{'D4'},{'R2'},{'D3'},,,&,1.0,&
{'D2'},{'D7'},{'R1'},{'R3'},{'D1'},{'R2'},,,,,&,1.0,&
{'D2'},{'D7'},{'R1'},{'D1'},,,,,,,&,1.0,&
{'D2'},{'D7'},{'R1'},{'D1'},{'R3'},{'D4'},{'R2'},,,,&,1.0,&
{'D2'},{'D7'},{'R1'},{'D1'},{'D4'},,,,,,&,1.0,&
{'D2'},{'D7'},{'R1'},{'D1'},{'D4'},{'D5'},{'D3'},{'D6'},,,&,1.0,&
{'D2'},{'D7'},{'R1'},{'D1'},{'D6'},,,,,,&,1.0,&
{'D2'},{'D7'},{'R1'},{'D1'},{'D6'},{'D4'},{'D3'},,,,&,1.0,&
{'D2'},{'D7'},{'R1'},{'D1'},{'D3'},{'D6'},,,,,&,1.0,&
{'D2'},{'D7'},{'R1'},{'R2'},{'R3'},{'D4'},{'D1'},{'D3'},{'D6'},{'D5'},&,1.0,&
{'D2'},{'D7'},{'R1'},{'R2'},{'R3'},{'D1'},{'D3'},,,,&,1.0,&
{'D2'},{'D7'},{'R1'},{'R2'},{'D1'},{'D6'},,,,,&,1.0,&
{'D2'},{'D7'},{'R1'},{'D4'},{'R3'},{'D1'},{'R2'},,,,&,1.0,&
{'D2'},{'D7'},{'R1'},{'D4'},{'D1'},,,,,,&,1.0,&
{'D2'},{'D7'},{'R1'},{'D4'},{'D3'},{'R3'},{'D1'},{'R2'},,,&,1.0,&
{'D2'},{'D7'},{'R1'},{'D3'},{'R3'},,,,,,&,1.0,&
{'D2'},{'D7'},{'R1'},{'D3'},{'R2'},{'R3'},{'D1'},{'D4'},{'D6'},{'D5'},&,1.0,&
{'D2'},{'D7'},{'D3'},,,,,,,,&,12.0,&
{'D2'},{'D7'},{'D3'},{'R3'},,,,,,,&,3.0,&
{'D2'},{'D7'},{'D3'},{'R3'},{'R1'},{'R2'},{'D1'},,,,&,1.0,&
{'D2'},{'D7'},{'D3'},{'R3'},{'D1'},{'D4'},,,,,&,1.0,&
{'D2'},{'D7'},{'D3'},{'R3'},{'D1'},{'R2'},{'D5'},{'R1'},{'D4'},,&,1.0,&
{'D2'},{'D7'},{'D3'},{'R3'},{'D1'},{'R2'},{'D4'},{'R1'},{'D6'},{'D5'},&,1.0,&
{'D2'},{'D7'},{'D3'},{'R3'},{'D1'},{'R2'},{'D6'},{'D4'},,,&,1.0,&
{'D2'},{'D7'},{'D3'},{'R3'},{'R2'},{'R1'},{'D4'},{'D6'},,,&,1.0,&
{'D2'},{'D7'},{'D3'},{'R3'},{'R2'},{'D1'},,,,,&,1.0,&
{'D2'},{'D7'},{'D3'},{'D1'},,,,,,,&,1.0,&
{'D2'},{'D7'},{'D3'},{'D1'},{'R3'},{'D4'},{'D6'},{'D5'},{'R2'},,&,1.0,&
{'D2'},{'D7'},{'D3'},{'D1'},{'R2'},{'R3'},,,,,&,1.0,&
{'D2'},{'D7'},{'D3'},{'D1'},{'D4'},,,,,,&,1.0,&
{'D2'},{'D7'},{'D3'},{'D1'},{'D4'},{'D6'},{'R1'},{'D5'},{'R2'},,&,1.0,&
{'D2'},{'D7'},{'D3'},{'D1'},{'D6'},{'D4'},,,,,&,1.0,&
{'D2'},{'D7'},{'D3'},{'R1'},{'D4'},,,,,,&,1.0,&
{'D2'},{'D7'},{'D3'},{'R2'},{'R1'},{'D1'},{'R3'},,,,&,1.0,&
{'D2'},{'D7'},{'D3'},{'R2'},{'R3'},,,,,,&,1.0,&
{'D2'},{'D7'},{'D3'},{'R2'},{'R3'},{'R1'},,,,,&,1.0,&
{'D2'},{'D7'},{'D3'},{'R2'},{'D1'},{'D4'},,,,,&,1.0,&
{'D2'},{'D7'},{'D3'},{'D4'},,,,,,,&,1.0,&
{'D2'},{'D7'},{'D3'},{'D4'},{'R3'},,,,,,&,1.0,&
{'D2'},{'D7'},{'D3'},{'D4'},{'R2'},{'D1'},{'R3'},{'D6'},,,&,1.0,&
{'D2'},{'D7'},{'D3'},{'D6'},,,,,,,&,1.0,&
{'D2'},{'D7'},{'D3'},{'D6'},{'D1'},{'R2'},{'R3'},{'D4'},,,&,1.0,&
{'D2'},{'D7'},{'D3'},{'D6'},{'D1'},{'R3'},{'R2'},{'D4'},{'D5'},{'R1'},&,1.0,&
{'D2'},{'D7'},{'D6'},,,,,,,,&,8.0,&
{'D2'},{'D7'},{'D6'},{'R3'},,,,,,,&,2.0,&
{'D2'},{'D7'},{'D6'},{'R3'},{'R1'},{'D4'},,,,,&,1.0,&
{'D2'},{'D7'},{'D6'},{'R3'},{'D1'},{'D4'},{'D3'},{'R2'},{'D5'},,&,1.0,&
{'D2'},{'D7'},{'D6'},{'R3'},{'R2'},{'R1'},,,,,&,1.0,&
{'D2'},{'D7'},{'D6'},{'R3'},{'D3'},{'D4'},{'D1'},{'R2'},,,&,1.0,&
{'D2'},{'D7'},{'D6'},{'D1'},,,,,,,&,1.0,&
{'D2'},{'D7'},{'D6'},{'D1'},{'R3'},,,,,,&,1.0,&
{'D2'},{'D7'},{'D6'},{'D1'},{'R3'},{'R2'},{'D4'},{'D5'},,,&,1.0,&
{'D2'},{'D7'},{'D6'},{'D1'},{'R3'},{'R2'},{'D4'},{'D5'},{'R1'},{'D3'},&,1.0,&
{'D2'},{'D7'},{'D6'},{'D1'},{'D4'},,,,,,&,1.0,&
{'D2'},{'D7'},{'D6'},{'D1'},{'D4'},{'D3'},{'D5'},{'R2'},{'R3'},{'R1'},&,1.0,&
{'D2'},{'D7'},{'D6'},{'D1'},{'D4'},{'D5'},{'D3'},,,,&,1.0,&
{'D2'},{'D7'},{'D6'},{'D1'},{'D4'},{'R3'},{'D3'},,,,&,1.0,&
{'D2'},{'D7'},{'D6'},{'D1'},{'D4'},{'R3'},{'R2'},{'D3'},{'R1'},{'D5'},&,1.0,&
{'D2'},{'D7'},{'D6'},{'R2'},{'R3'},,,,,,&,1.0,&
{'D2'},{'D7'},{'D6'},{'R2'},{'R3'},{'D4'},{'R1'},,,,&,1.0,&
{'D2'},{'D7'},{'D6'},{'R2'},{'R3'},{'R1'},{'D1'},{'D4'},{'D5'},{'D3'},&,1.0,&
{'D2'},{'D7'},{'D6'},{'R2'},{'D1'},{'D4'},{'D3'},,,,&,1.0,&
{'D2'},{'D7'},{'D6'},{'R2'},{'D4'},{'D1'},{'D5'},{'R3'},,,&,1.0,&
{'D2'},{'D7'},{'D6'},{'D4'},,,,,,,&,1.0,&
{'D2'},{'D7'},{'D6'},{'D4'},{'R3'},{'D1'},{'D5'},,,,&,1.0,&
{'D2'},{'D7'},{'D6'},{'D4'},{'D1'},{'R2'},,,,,&,1.0,&
{'D2'},{'D7'},{'D6'},{'D4'},{'D3'},{'D1'},{'D5'},{'R3'},,,&,1.0,&
{'D2'},{'D7'},{'D6'},{'D4'},{'D3'},{'R2'},{'D1'},{'R3'},{'D5'},{'R1'},&,1.0,&
{'D2'},{'D7'},{'D6'},{'D3'},{'R2'},{'R3'},{'D1'},{'D4'},{'R1'},,&,1.0,&
{'D2'},{'D7'},{'D5'},,,,,,,,&,2.0,&
{'D2'},{'D7'},{'D5'},{'R3'},{'R1'},,,,,,&,1.0,&
{'D2'},{'D7'},{'D5'},{'R3'},{'D1'},{'D4'},{'D3'},{'R2'},,,&,1.0,&
{'D2'},{'D7'},{'D5'},{'R3'},{'D1'},{'D4'},{'D6'},{'R2'},{'D3'},,&,1.0,&
{'D2'},{'D7'},{'D5'},{'R3'},{'D4'},{'D1'},{'R1'},{'D3'},{'D6'},{'R2'},&,1.0,&
{'D2'},{'D7'},{'D5'},{'D1'},{'R3'},{'D4'},{'D3'},,,,&,1.0,&
{'D2'},{'D7'},{'D5'},{'D1'},{'R3'},{'R2'},{'D3'},{'R1'},{'D4'},{'D6'},&,1.0,&
{'D2'},{'D7'},{'D5'},{'D1'},{'D4'},,,,,,&,1.0,&
{'D2'},{'D7'},{'D5'},{'R2'},{'R3'},,,,,,&,1.0,&
{'D2'},{'D7'},{'D5'},{'R2'},{'R3'},{'D3'},{'R1'},{'D1'},{'D4'},,&,1.0,&
{'D2'},{'D7'},{'D5'},{'R2'},{'R3'},{'D1'},,,,,&,1.0,&
{'D2'},{'D6'},{'R3'},,,,,,,,&,5.0,&
{'D2'},{'D6'},{'R3'},{'D1'},{'D7'},{'D4'},{'D5'},,,,&,1.0,&
{'D2'},{'D6'},{'R3'},{'R2'},{'D7'},{'D4'},{'D1'},{'R1'},{'D3'},{'D5'},&,1.0,&
{'D2'},{'D6'},{'R3'},{'R2'},{'R1'},,,,,,&,2.0,&
{'D2'},{'D6'},{'R3'},{'R2'},{'D1'},{'D4'},{'D5'},,,,&,1.0,&
{'D2'},{'D6'},{'R3'},{'D7'},,,,,,,&,2.0,&
{'D2'},{'D6'},{'R3'},{'D7'},{'D1'},{'R2'},{'R1'},{'D4'},{'D3'},,&,1.0,&
{'D2'},{'D6'},{'R3'},{'D7'},{'R2'},,,,,,&,1.0,&
{'D2'},{'D6'},{'R3'},{'D7'},{'R2'},{'R1'},,,,,&,1.0,&
{'D2'},{'D6'},{'R3'},{'D7'},{'R2'},{'D1'},,,,,&,1.0,&
{'D2'},{'D6'},{'R3'},{'D3'},,,,,,,&,1.0,&
{'D2'},{'D6'},{'R3'},{'D3'},{'R2'},,,,,,&,1.0,&
{'D2'},{'D6'},{'R2'},,,,,,,,&,2.0,&
{'D2'},{'D6'},{'R2'},{'R3'},{'R1'},{'D4'},{'D1'},{'D7'},,,&,1.0,&
{'D2'},{'D6'},{'R2'},{'R3'},{'D1'},{'R1'},{'D3'},{'D7'},,,&,1.0,&
{'D2'},{'D6'},{'R2'},{'R3'},{'D4'},{'R1'},,,,,&,1.0,&
{'D2'},{'D6'},{'R2'},{'D1'},{'R1'},{'R3'},{'D7'},{'D4'},{'D3'},,&,1.0,&
{'D2'},{'D6'},{'R2'},{'D7'},{'R3'},{'R1'},,,,,&,1.0,&
{'D2'},{'D6'},{'R2'},{'D7'},{'D1'},{'R3'},{'D3'},{'D5'},{'R1'},,&,1.0,&
{'D2'},{'D6'},{'D1'},,,,,,,,&,5.0,&
{'D2'},{'D6'},{'D1'},{'R3'},,,,,,,&,1.0,&
{'D2'},{'D6'},{'D1'},{'R3'},{'R2'},{'D7'},{'D3'},{'R1'},{'D4'},{'D5'},&,1.0,&
{'D2'},{'D6'},{'D1'},{'D7'},,,,,,,&,1.0,&
{'D2'},{'D6'},{'D1'},{'D7'},{'D4'},,,,,,&,1.0,&
{'D2'},{'D6'},{'D1'},{'D4'},{'D7'},{'D3'},{'D5'},{'R2'},,,&,1.0,&
{'D2'},{'D6'},{'D1'},{'D3'},{'D7'},{'R2'},{'D4'},{'D5'},{'R3'},{'R1'},&,1.0,&
{'D2'},{'D6'},{'D1'},{'D3'},{'D7'},{'R3'},{'D4'},{'R2'},,,&,1.0,&
{'D2'},{'D6'},{'D4'},,,,,,,,&,2.0,&
{'D2'},{'D6'},{'D4'},{'R3'},{'D1'},{'D7'},{'D5'},,,,&,1.0,&
{'D2'},{'D6'},{'D4'},{'D1'},{'D7'},{'R3'},{'D3'},,,,&,1.0,&
{'D2'},{'D6'},{'D4'},{'D1'},{'D7'},{'R3'},{'D3'},{'D5'},{'R1'},{'R2'},&,1.0,&
{'D2'},{'D6'},{'D4'},{'D1'},{'R3'},,,,,,&,1.0,&
{'D2'},{'D6'},{'D4'},{'R2'},{'D1'},,,,,,&,1.0,&
{'D2'},{'D6'},{'D4'},{'D7'},{'D3'},,,,,,&,1.0,&
{'D2'},{'D6'},,,,,,,,,&,10.0,&
{'D2'},{'D6'},{'D7'},,,,,,,,&,6.0,&
{'D2'},{'D6'},{'D7'},{'R3'},,,,,,,&,1.0,&
{'D2'},{'D6'},{'D7'},{'R3'},{'D1'},{'D4'},{'R1'},{'R2'},{'D3'},{'D5'},&,1.0,&
{'D2'},{'D6'},{'D7'},{'R3'},{'R2'},,,,,,&,1.0,&
{'D2'},{'D6'},{'D7'},{'R3'},{'D4'},,,,,,&,1.0,&
{'D2'},{'D6'},{'D7'},{'D1'},,,,,,,&,1.0,&
{'D2'},{'D6'},{'D7'},{'R2'},,,,,,,&,1.0,&
{'D2'},{'D6'},{'D7'},{'R2'},{'D1'},{'R3'},{'D4'},,,,&,1.0,&
{'D2'},{'D6'},{'D7'},{'D4'},{'D1'},{'D3'},{'D5'},{'R3'},{'R2'},{'R1'},&,1.0,&
{'D2'},{'D6'},{'D7'},{'D3'},,,,,,,&,1.0,&
{'D2'},{'D6'},{'D7'},{'D5'},{'R2'},{'D3'},{'D1'},{'D4'},,,&,1.0,&
{'D2'},{'D6'},{'R1'},{'R3'},{'D1'},{'R2'},{'D7'},,,,&,1.0,&
{'D2'},{'D6'},{'R1'},{'D1'},{'D4'},,,,,,&,1.0,&
{'D2'},{'D6'},{'D5'},{'R3'},{'D1'},{'D7'},{'R1'},{'D4'},,,&,1.0,&
{'D7'},{'D2'},{'R3'},,,,,,,,&,41.0,&
{'D7'},{'D2'},{'R3'},{'D1'},,,,,,,&,8.0,&
{'D7'},{'D2'},{'R3'},{'D1'},{'R1'},{'D4'},{'R2'},{'D5'},,,&,1.0,&
{'D7'},{'D2'},{'R3'},{'D1'},{'R1'},{'D4'},{'R2'},{'D3'},,,&,1.0,&
{'D7'},{'D2'},{'R3'},{'D1'},{'R1'},{'D3'},,,,,&,1.0,&
{'D7'},{'D2'},{'R3'},{'D1'},{'R2'},,,,,,&,1.0,&
{'D7'},{'D2'},{'R3'},{'D1'},{'R2'},{'D4'},,,,,&,1.0,&
{'D7'},{'D2'},{'R3'},{'D1'},{'R2'},{'D4'},{'D3'},{'D6'},{'D5'},,&,1.0,&
{'D7'},{'D2'},{'R3'},{'D1'},{'R2'},{'D4'},{'R1'},{'D5'},{'D6'},,&,1.0,&
{'D7'},{'D2'},{'R3'},{'D1'},{'R2'},{'R1'},{'D3'},{'D4'},{'D6'},{'D5'},&,1.0,&
{'D7'},{'D2'},{'R3'},{'D1'},{'R2'},{'R1'},{'D4'},,,,&,1.0,&
{'D7'},{'D2'},{'R3'},{'D1'},{'R2'},{'D3'},,,,,&,2.0,&
{'D7'},{'D2'},{'R3'},{'D1'},{'R2'},{'D3'},{'D4'},,,,&,1.0,&
{'D7'},{'D2'},{'R3'},{'D1'},{'R2'},{'D6'},{'D5'},{'R1'},{'D4'},{'D3'},&,1.0,&
{'D7'},{'D2'},{'R3'},{'D1'},{'D4'},{'D3'},{'D6'},{'R1'},{'D5'},,&,1.0,&
{'D7'},{'D2'},{'R3'},{'D1'},{'D4'},{'D3'},{'D6'},{'R1'},{'D5'},{'R2'},&,1.0,&
{'D7'},{'D2'},{'R3'},{'D1'},{'D4'},{'D5'},{'D6'},,,,&,1.0,&
{'D7'},{'D2'},{'R3'},{'D1'},{'D4'},{'D6'},{'D3'},{'D5'},,,&,1.0,&
{'D7'},{'D2'},{'R3'},{'D1'},{'D4'},{'D6'},{'R2'},{'D3'},,,&,1.0,&
{'D7'},{'D2'},{'R3'},{'D1'},{'D6'},{'D4'},,,,,&,1.0,&
{'D7'},{'D2'},{'R3'},{'D1'},{'D6'},{'D3'},,,,,&,1.0,&
{'D7'},{'D2'},{'R3'},{'D1'},{'D3'},,,,,,&,1.0,&
{'D7'},{'D2'},{'R3'},{'D1'},{'D3'},{'D4'},,,,,&,2.0,&
{'D7'},{'D2'},{'R3'},{'D1'},{'D3'},{'D4'},{'D6'},{'R2'},,,&,1.0,&
{'D7'},{'D2'},{'R3'},{'D1'},{'D3'},{'R2'},{'D4'},{'D6'},{'R1'},{'D5'},&,1.0,&
{'D7'},{'D2'},{'R3'},{'D1'},{'D3'},{'D6'},{'R2'},{'D4'},{'D5'},,&,1.0,&
{'D7'},{'D2'},{'R3'},{'R1'},,,,,,,&,3.0,&
{'D7'},{'D2'},{'R3'},{'R1'},{'D1'},{'D4'},,,,,&,1.0,&
{'D7'},{'D2'},{'R3'},{'R1'},{'D1'},{'R2'},,,,,&,1.0,&
{'D7'},{'D2'},{'R3'},{'R1'},{'R2'},,,,,,&,1.0,&
{'D7'},{'D2'},{'R3'},{'R1'},{'R2'},{'D1'},{'D3'},,,,&,1.0,&
{'D7'},{'D2'},{'R3'},{'R1'},{'R2'},{'D1'},{'D3'},{'D4'},,,&,1.0,&
{'D7'},{'D2'},{'R3'},{'R1'},{'D4'},{'D3'},,,,,&,1.0,&
{'D7'},{'D2'},{'R3'},{'R1'},{'D4'},{'R2'},{'D6'},{'D3'},{'D1'},,&,1.0,&
{'D7'},{'D2'},{'R3'},{'R1'},{'D4'},{'D6'},{'R2'},{'D1'},{'D3'},,&,1.0,&
{'D7'},{'D2'},{'R3'},{'R1'},{'D3'},{'R2'},{'D1'},{'D4'},,,&,1.0,&
{'D7'},{'D2'},{'R3'},{'R2'},,,,,,,&,8.0,&
{'D7'},{'D2'},{'R3'},{'R2'},{'R1'},,,,,,&,6.0,&
{'D7'},{'D2'},{'R3'},{'R2'},{'R1'},{'D1'},,,,,&,3.0,&
{'D7'},{'D2'},{'R3'},{'R2'},{'R1'},{'D1'},{'D4'},{'D6'},{'D3'},{'D5'},&,1.0,&
{'D7'},{'D2'},{'R3'},{'R2'},{'R1'},{'D5'},,,,,&,1.0,&
{'D7'},{'D2'},{'R3'},{'R2'},{'D1'},,,,,,&,2.0,&
{'D7'},{'D2'},{'R3'},{'R2'},{'D1'},{'D4'},,,,,&,1.0,&
{'D7'},{'D2'},{'R3'},{'R2'},{'D1'},{'D4'},{'D3'},,,,&,1.0,&
{'D7'},{'D2'},{'R3'},{'R2'},{'D1'},{'D4'},{'R1'},,,,&,2.0,&
{'D7'},{'D2'},{'R3'},{'R2'},{'D1'},{'D4'},{'R1'},{'D6'},{'D5'},,&,1.0,&
{'D7'},{'D2'},{'R3'},{'R2'},{'D1'},{'R1'},{'D3'},,,,&,1.0,&
{'D7'},{'D2'},{'R3'},{'R2'},{'D1'},{'R1'},{'D5'},{'D4'},{'D3'},{'D6'},&,1.0,&
{'D7'},{'D2'},{'R3'},{'R2'},{'D4'},,,,,,&,1.0,&
{'D7'},{'D2'},{'R3'},{'R2'},{'D4'},{'R1'},{'D3'},,,,&,1.0,&
{'D7'},{'D2'},{'R3'},{'R2'},{'D4'},{'R1'},{'D1'},{'D3'},,,&,1.0,&
{'D7'},{'D2'},{'R3'},{'R2'},{'D4'},{'D3'},{'D1'},,,,&,1.0,&
{'D7'},{'D2'},{'R3'},{'R2'},{'D4'},{'D1'},{'D3'},,,,&,1.0,&
{'D7'},{'D2'},{'R3'},{'R2'},{'D6'},{'D1'},,,,,&,1.0,&
{'D7'},{'D2'},{'R3'},{'R2'},{'D6'},{'D1'},{'D4'},{'D3'},{'D5'},{'R1'},&,1.0,&
{'D7'},{'D2'},{'R3'},{'R2'},{'D3'},{'R1'},,,,,&,1.0,&
{'D7'},{'D2'},{'R3'},{'R2'},{'D3'},{'D1'},{'D4'},{'R1'},{'D5'},,&,1.0,&
{'D7'},{'D2'},{'R3'},{'D4'},,,,,,,&,6.0,&
{'D7'},{'D2'},{'R3'},{'D4'},{'R1'},,,,,,&,2.0,&
{'D7'},{'D2'},{'R3'},{'D4'},{'R1'},{'D3'},{'R2'},{'D1'},,,&,1.0,&
{'D7'},{'D2'},{'R3'},{'D4'},{'D1'},,,,,,&,1.0,&
{'D7'},{'D2'},{'R3'},{'D4'},{'D1'},{'D3'},{'R2'},{'D6'},,,&,1.0,&
{'D7'},{'D2'},{'R3'},{'D4'},{'D1'},{'R2'},,,,,&,1.0,&
{'D7'},{'D2'},{'R3'},{'D4'},{'D1'},{'R2'},{'D3'},{'D6'},{'R1'},,&,1.0,&
{'D7'},{'D2'},{'R3'},{'D4'},{'D1'},{'R2'},{'D3'},{'D6'},{'R1'},{'D5'},&,1.0,&
{'D7'},{'D2'},{'R3'},{'D4'},{'D1'},{'R2'},{'D6'},{'D3'},{'R1'},{'D5'},&,1.0,&
{'D7'},{'D2'},{'R3'},{'D4'},{'D1'},{'D6'},{'D3'},,,,&,1.0,&
{'D7'},{'D2'},{'R3'},{'D4'},{'R2'},,,,,,&,2.0,&
{'D7'},{'D2'},{'R3'},{'D4'},{'R2'},{'R1'},{'D1'},{'D3'},,,&,1.0,&
{'D7'},{'D2'},{'R3'},{'D4'},{'R2'},{'D1'},,,,,&,1.0,&
{'D7'},{'D2'},{'R3'},{'D4'},{'R2'},{'D1'},{'D3'},,,,&,1.0,&
{'D7'},{'D2'},{'R3'},{'D4'},{'D6'},{'D1'},{'D3'},{'D5'},{'R2'},,&,1.0,&
{'D7'},{'D2'},{'R3'},{'D3'},{'D1'},{'D4'},{'R1'},,,,&,1.0,&
{'D7'},{'D2'},{'R3'},{'D3'},{'D1'},{'R2'},{'R1'},,,,&,1.0,&
{'D7'},{'D2'},{'R3'},{'D3'},{'D1'},{'D6'},,,,,&,1.0,&
{'D7'},{'D2'},{'R3'},{'D3'},{'R2'},,,,,,&,1.0,&
{'D7'},{'D2'},{'R3'},{'D3'},{'D4'},,,,,,&,1.0,&
{'D7'},{'D2'},{'R3'},{'D6'},,,,,,,&,2.0,&
{'D7'},{'D2'},{'R3'},{'D6'},{'D1'},{'R2'},{'R1'},,,,&,1.0,&
{'D7'},{'D2'},{'R3'},{'D6'},{'D4'},{'D1'},{'D3'},{'R1'},,,&,1.0,&
{'D7'},{'D2'},{'R3'},{'D6'},{'D4'},{'R2'},{'R1'},,,,&,1.0,&
{'D7'},{'D2'},{'R3'},{'D6'},{'D3'},{'D4'},{'D1'},{'R2'},{'R1'},,&,1.0,&
{'D7'},{'D2'},{'R3'},{'D5'},{'D1'},{'D4'},{'D6'},,,,&,1.0,&
{'D7'},{'D2'},{'R3'},{'D5'},{'R2'},{'R1'},,,,,&,1.0,&
{'D7'},{'D2'},{'R2'},,,,,,,,&,20.0,&
{'D7'},{'D2'},{'R2'},{'R3'},,,,,,,&,7.0,&
{'D7'},{'D2'},{'R2'},{'R3'},{'R1'},,,,,,&,2.0,&
{'D7'},{'D2'},{'R2'},{'R3'},{'R1'},{'D4'},{'D1'},{'D5'},{'D6'},{'D3'},&,1.0,&
{'D7'},{'D2'},{'R2'},{'R3'},{'R1'},{'D4'},{'D6'},,,,&,1.0,&
{'D7'},{'D2'},{'R2'},{'R3'},{'R1'},{'D1'},,,,,&,1.0,&
{'D7'},{'D2'},{'R2'},{'R3'},{'R1'},{'D1'},{'D3'},,,,&,2.0,&
{'D7'},{'D2'},{'R2'},{'R3'},{'R1'},{'D1'},{'D4'},{'D3'},,,&,1.0,&
{'D7'},{'D2'},{'R2'},{'R3'},{'D1'},,,,,,&,2.0,&
{'D7'},{'D2'},{'R2'},{'R3'},{'D1'},{'D4'},,,,,&,2.0,&
{'D7'},{'D2'},{'R2'},{'R3'},{'D1'},{'D4'},{'D6'},{'D3'},,,&,1.0,&
{'D7'},{'D2'},{'R2'},{'R3'},{'D1'},{'R1'},,,,,&,1.0,&
{'D7'},{'D2'},{'R2'},{'R3'},{'D1'},{'R1'},{'D3'},{'D4'},{'D5'},,&,1.0,&
{'D7'},{'D2'},{'R2'},{'R3'},{'D1'},{'R1'},{'D4'},,,,&,2.0,&
{'D7'},{'D2'},{'R2'},{'R3'},{'D1'},{'D6'},{'D4'},{'R1'},{'D3'},{'D5'},&,1.0,&
{'D7'},{'D2'},{'R2'},{'R3'},{'D4'},{'R1'},,,,,&,1.0,&
{'D7'},{'D2'},{'R2'},{'R3'},{'D4'},{'D1'},,,,,&,1.0,&
{'D7'},{'D2'},{'R2'},{'R3'},{'D4'},{'D1'},{'D6'},,,,&,1.0,&
{'D7'},{'D2'},{'R2'},{'R3'},{'D4'},{'D6'},,,,,&,1.0,&
{'D7'},{'D2'},{'R2'},{'R3'},{'D6'},,,,,,&,1.0,&
{'D7'},{'D2'},{'R2'},{'R3'},{'D6'},{'D4'},,,,,&,1.0,&
{'D7'},{'D2'},{'R2'},{'R3'},{'D3'},{'D4'},,,,,&,1.0,&
{'D7'},{'D2'},{'R2'},{'R3'},{'D3'},{'D1'},{'D4'},{'R1'},{'D6'},,&,1.0,&
{'D7'},{'D2'},{'R2'},{'R3'},{'D3'},{'D1'},{'D6'},,,,&,1.0,&
{'D7'},{'D2'},{'R2'},{'R3'},{'D3'},{'D5'},{'R1'},,,,&,1.0,&
{'D7'},{'D2'},{'R2'},{'D1'},,,,,,,&,1.0,&
{'D7'},{'D2'},{'R2'},{'D1'},{'R3'},,,,,,&,2.0,&
{'D7'},{'D2'},{'R2'},{'D1'},{'R3'},{'D4'},{'D3'},{'D6'},,,&,1.0,&
{'D7'},{'D2'},{'R2'},{'D1'},{'R3'},{'D4'},{'R1'},{'D6'},,,&,1.0,&
{'D7'},{'D2'},{'R2'},{'D1'},{'R3'},{'R1'},{'D3'},{'D4'},{'D6'},,&,1.0,&
{'D7'},{'D2'},{'R2'},{'D1'},{'R3'},{'R1'},{'D6'},{'D3'},{'D4'},{'D5'},&,1.0,&
{'D7'},{'D2'},{'R2'},{'D1'},{'R3'},{'D3'},,,,,&,1.0,&
{'D7'},{'D2'},{'R2'},{'D1'},{'R3'},{'D6'},,,,,&,1.0,&
{'D7'},{'D2'},{'R2'},{'D1'},{'R3'},{'D6'},{'D3'},,,,&,1.0,&
{'D7'},{'D2'},{'R2'},{'D1'},{'R3'},{'D6'},{'R1'},{'D4'},,,&,1.0,&
{'D7'},{'D2'},{'R2'},{'D1'},{'D4'},,,,,,&,3.0,&
{'D7'},{'D2'},{'R2'},{'D1'},{'D4'},{'D3'},{'D6'},{'D5'},,,&,1.0,&
{'D7'},{'D2'},{'R2'},{'D1'},{'D4'},{'R3'},{'D3'},,,,&,1.0,&
{'D7'},{'D2'},{'R2'},{'D1'},{'D4'},{'D6'},{'R3'},{'R1'},{'D3'},{'D5'},&,1.0,&
{'D7'},{'D2'},{'R2'},{'D1'},{'D6'},,,,,,&,1.0,&
{'D7'},{'D2'},{'R2'},{'D1'},{'D3'},,,,,,&,1.0,&
{'D7'},{'D2'},{'R2'},{'D1'},{'D3'},{'D4'},{'R1'},{'R3'},,,&,1.0,&
{'D7'},{'D2'},{'R2'},{'R1'},,,,,,,&,2.0,&
{'D7'},{'D2'},{'R2'},{'R1'},{'R3'},{'D1'},{'D4'},{'D3'},,,&,1.0,&
{'D7'},{'D2'},{'R2'},{'R1'},{'R3'},{'D1'},{'D6'},{'D4'},,,&,1.0,&
{'D7'},{'D2'},{'R2'},{'R1'},{'D4'},{'R3'},{'D1'},{'D6'},{'D3'},,&,1.0,&
{'D7'},{'D2'},{'R2'},{'D4'},{'R1'},{'D3'},,,,,&,1.0,&
{'D7'},{'D2'},{'R2'},{'D4'},{'R3'},{'R1'},{'D1'},,,,&,1.0,&
{'D7'},{'D2'},{'R2'},{'D4'},{'R3'},{'D1'},{'D3'},{'D6'},{'R1'},,&,1.0,&
{'D7'},{'D2'},{'R2'},{'D4'},{'R3'},{'D1'},{'R1'},{'D3'},,,&,1.0,&
{'D7'},{'D2'},{'R2'},{'D4'},{'D1'},{'R3'},,,,,&,1.0,&
{'D7'},{'D2'},{'R2'},{'D4'},{'D1'},{'R3'},{'D3'},{'D6'},{'D5'},{'R1'},&,1.0,&
{'D7'},{'D2'},{'R2'},{'D4'},{'D1'},{'R3'},{'D6'},{'D3'},,,&,1.0,&
{'D7'},{'D2'},{'R2'},{'D4'},{'D3'},{'D1'},{'R3'},{'D6'},{'R1'},{'D5'},&,1.0,&
{'D7'},{'D2'},{'R2'},{'D3'},,,,,,,&,1.0,&
{'D7'},{'D2'},{'R2'},{'D3'},{'R3'},{'D1'},{'R1'},{'D4'},,,&,1.0,&
{'D7'},{'D2'},{'R2'},{'D6'},,,,,,,&,1.0,&
{'D7'},{'D2'},{'R2'},{'D6'},{'R1'},{'D1'},{'R3'},{'D4'},{'D5'},,&,1.0,&
{'D7'},{'D2'},{'R2'},{'D6'},{'R3'},{'R1'},{'D1'},{'D4'},,,&,1.0,&
{'D7'},{'D2'},{'R2'},{'D6'},{'D1'},,,,,,&,2.0,&
{'D7'},{'D2'},{'R2'},{'D6'},{'D1'},{'R3'},{'D4'},{'R1'},,,&,1.0,&
{'D7'},{'D2'},{'R2'},{'D6'},{'D4'},{'D1'},{'R3'},,,,&,1.0,&
{'D7'},{'D2'},{'R2'},{'D5'},{'R3'},{'D4'},,,,,&,1.0,&
{'D7'},{'D2'},{'D1'},,,,,,,,&,43.0,&
{'D7'},{'D2'},{'D1'},{'R3'},,,,,,,&,14.0,&
{'D7'},{'D2'},{'D1'},{'R3'},{'R1'},,,,,,&,1.0,&
{'D7'},{'D2'},{'D1'},{'R3'},{'R1'},{'R2'},{'D3'},,,,&,1.0,&
{'D7'},{'D2'},{'D1'},{'R3'},{'R1'},{'R2'},{'D4'},{'D3'},{'D6'},{'D5'},&,1.0,&
{'D7'},{'D2'},{'D1'},{'R3'},{'R1'},{'D6'},{'R2'},{'D5'},,,&,1.0,&
{'D7'},{'D2'},{'D1'},{'R3'},{'R2'},,,,,,&,1.0,&
{'D7'},{'D2'},{'D1'},{'R3'},{'R2'},{'D4'},,,,,&,2.0,&
{'D7'},{'D2'},{'D1'},{'R3'},{'R2'},{'D4'},{'R1'},{'D3'},{'D5'},{'D6'},&,1.0,&
{'D7'},{'D2'},{'D1'},{'R3'},{'R2'},{'D4'},{'D6'},,,,&,1.0,&
{'D7'},{'D2'},{'D1'},{'R3'},{'R2'},{'R1'},,,,,&,3.0,&
{'D7'},{'D2'},{'D1'},{'R3'},{'R2'},{'R1'},{'D3'},,,,&,1.0,&
{'D7'},{'D2'},{'D1'},{'R3'},{'R2'},{'D6'},,,,,&,1.0,&
{'D7'},{'D2'},{'D1'},{'R3'},{'D4'},,,,,,&,3.0,&
{'D7'},{'D2'},{'D1'},{'R3'},{'D4'},{'R1'},,,,,&,1.0,&
{'D7'},{'D2'},{'D1'},{'R3'},{'D4'},{'R1'},{'D3'},,,,&,1.0,&
{'D7'},{'D2'},{'D1'},{'R3'},{'D4'},{'R1'},{'D3'},{'D5'},{'D6'},,&,1.0,&
{'D7'},{'D2'},{'D1'},{'R3'},{'D4'},{'D3'},{'D6'},,,,&,1.0,&
{'D7'},{'D2'},{'D1'},{'R3'},{'D4'},{'D5'},,,,,&,1.0,&
{'D7'},{'D2'},{'D1'},{'R3'},{'D4'},{'R2'},,,,,&,2.0,&
{'D7'},{'D2'},{'D1'},{'R3'},{'D4'},{'R2'},{'D3'},{'D5'},{'R1'},,&,1.0,&
{'D7'},{'D2'},{'D1'},{'R3'},{'D4'},{'R2'},{'R1'},,,,&,1.0,&
{'D7'},{'D2'},{'D1'},{'R3'},{'D4'},{'R2'},{'R1'},{'D3'},{'D6'},,&,1.0,&
{'D7'},{'D2'},{'D1'},{'R3'},{'D4'},{'R2'},{'D5'},{'D3'},{'D6'},,&,1.0,&
{'D7'},{'D2'},{'D1'},{'R3'},{'D4'},{'D6'},{'D3'},{'D5'},,,&,1.0,&
{'D7'},{'D2'},{'D1'},{'R3'},{'D6'},,,,,,&,2.0,&
{'D7'},{'D2'},{'D1'},{'R3'},{'D6'},{'R1'},{'D4'},{'D3'},{'R2'},,&,1.0,&
{'D7'},{'D2'},{'D1'},{'R3'},{'D6'},{'R2'},{'R1'},{'D4'},{'D5'},,&,1.0,&
{'D7'},{'D2'},{'D1'},{'R3'},{'D3'},{'D4'},{'R1'},{'R2'},,,&,1.0,&
{'D7'},{'D2'},{'D1'},{'R3'},{'D3'},{'D4'},{'D6'},,,,&,1.0,&
{'D7'},{'D2'},{'D1'},{'R3'},{'D3'},{'D4'},{'D6'},{'D5'},{'R2'},{'R1'},&,1.0,&
{'D7'},{'D2'},{'D1'},{'R3'},{'D3'},{'D5'},{'R2'},{'R1'},,,&,1.0,&
{'D7'},{'D2'},{'D1'},{'R3'},{'D3'},{'R2'},,,,,&,1.0,&
{'D7'},{'D2'},{'D1'},{'R3'},{'D3'},{'D6'},{'D5'},,,,&,1.0,&
{'D7'},{'D2'},{'D1'},{'R3'},{'D3'},{'D6'},{'D4'},{'D5'},{'R2'},,&,1.0,&
{'D7'},{'D2'},{'D1'},{'R3'},{'D5'},,,,,,&,1.0,&
{'D7'},{'D2'},{'D1'},{'R1'},{'R3'},{'R2'},,,,,&,1.0,&
{'D7'},{'D2'},{'D1'},{'R1'},{'R2'},{'R3'},,,,,&,1.0,&
{'D7'},{'D2'},{'D1'},{'R1'},{'R2'},{'R3'},{'D4'},{'D3'},{'D6'},{'D5'},&,1.0,&
{'D7'},{'D2'},{'D1'},{'R2'},,,,,,,&,3.0,&
{'D7'},{'D2'},{'D1'},{'R2'},{'R1'},{'R3'},{'D3'},,,,&,1.0,&
{'D7'},{'D2'},{'D1'},{'R2'},{'R3'},,,,,,&,4.0,&
{'D7'},{'D2'},{'D1'},{'R2'},{'R3'},{'R1'},,,,,&,1.0,&
{'D7'},{'D2'},{'D1'},{'R2'},{'R3'},{'R1'},{'D4'},,,,&,2.0,&
{'D7'},{'D2'},{'D1'},{'R2'},{'R3'},{'D6'},{'R1'},{'D4'},,,&,1.0,&
{'D7'},{'D2'},{'D1'},{'R2'},{'R3'},{'D6'},{'R1'},{'D4'},{'D3'},{'D5'},&,1.0,&
{'D7'},{'D2'},{'D1'},{'R2'},{'D4'},{'R3'},{'D3'},{'D6'},{'D5'},{'R1'},&,1.0,&
{'D7'},{'D2'},{'D1'},{'R2'},{'D4'},{'R3'},{'D6'},{'D5'},{'D3'},,&,1.0,&
{'D7'},{'D2'},{'D1'},{'R2'},{'D4'},{'R3'},{'D6'},{'D3'},{'R1'},,&,1.0,&
{'D7'},{'D2'},{'D1'},{'R2'},{'D4'},{'D6'},{'D5'},{'R1'},{'D3'},{'R3'},&,1.0,&
{'D7'},{'D2'},{'D1'},{'R2'},{'D6'},,,,,,&,1.0,&
{'D7'},{'D2'},{'D1'},{'R2'},{'D6'},{'D4'},{'R3'},{'D3'},{'R1'},{'D5'},&,1.0,&
{'D7'},{'D2'},{'D1'},{'R2'},{'D3'},{'D6'},{'R3'},{'D4'},{'D5'},{'R1'},&,1.0,&
{'D7'},{'D2'},{'D1'},{'D4'},,,,,,,&,5.0,&
{'D7'},{'D2'},{'D1'},{'D4'},{'R1'},,,,,,&,1.0,&
{'D7'},{'D2'},{'D1'},{'D4'},{'R1'},{'D3'},{'D5'},{'D6'},{'R3'},{'R2'},&,1.0,&
{'D7'},{'D2'},{'D1'},{'D4'},{'R3'},,,,,,&,1.0,&
{'D7'},{'D2'},{'D1'},{'D4'},{'R3'},{'R1'},{'D3'},,,,&,1.0,&
{'D7'},{'D2'},{'D1'},{'D4'},{'R3'},{'D3'},,,,,&,1.0,&
{'D7'},{'D2'},{'D1'},{'D4'},{'R3'},{'D3'},{'R2'},{'D6'},,,&,2.0,&
{'D7'},{'D2'},{'D1'},{'D4'},{'R3'},{'D5'},{'R1'},{'D6'},{'D3'},{'R2'},&,1.0,&
{'D7'},{'D2'},{'D1'},{'D4'},{'R3'},{'R2'},,,,,&,1.0,&
{'D7'},{'D2'},{'D1'},{'D4'},{'R3'},{'R2'},{'D6'},{'R1'},,,&,1.0,&
{'D7'},{'D2'},{'D1'},{'D4'},{'R3'},{'D6'},{'D3'},,,,&,1.0,&
{'D7'},{'D2'},{'D1'},{'D4'},{'R2'},,,,,,&,1.0,&
{'D7'},{'D2'},{'D1'},{'D4'},{'R2'},{'R3'},{'D3'},{'D6'},{'D5'},,&,1.0,&
{'D7'},{'D2'},{'D1'},{'D4'},{'R2'},{'D6'},,,,,&,2.0,&
{'D7'},{'D2'},{'D1'},{'D4'},{'R2'},{'D6'},{'D3'},{'D5'},{'R3'},,&,1.0,&
{'D7'},{'D2'},{'D1'},{'D4'},{'D6'},,,,,,&,3.0,&
{'D7'},{'D2'},{'D1'},{'D4'},{'D6'},{'R2'},{'D3'},{'R3'},{'D5'},,&,1.0,&
{'D7'},{'D2'},{'D1'},{'D4'},{'D6'},{'R3'},{'D3'},{'R2'},,,&,1.0,&
{'D7'},{'D2'},{'D1'},{'D4'},{'D6'},{'R3'},{'R2'},{'D3'},{'R1'},{'D5'},&,2.0,&
{'D7'},{'D2'},{'D1'},{'D4'},{'D3'},,,,,,&,5.0,&
{'D7'},{'D2'},{'D1'},{'D4'},{'D3'},{'D5'},,,,,&,2.0,&
{'D7'},{'D2'},{'D1'},{'D4'},{'D3'},{'D5'},{'D6'},{'R3'},{'R2'},,&,1.0,&
{'D7'},{'D2'},{'D1'},{'D4'},{'D3'},{'R2'},,,,,&,3.0,&
{'D7'},{'D2'},{'D1'},{'D4'},{'D3'},{'R2'},{'D5'},{'D6'},,,&,1.0,&
{'D7'},{'D2'},{'D1'},{'D4'},{'D3'},{'R3'},{'R2'},{'D6'},{'D5'},{'R1'},&,1.0,&
{'D7'},{'D2'},{'D1'},{'D4'},{'D3'},{'R3'},{'D6'},{'D5'},{'R1'},,&,1.0,&
{'D7'},{'D2'},{'D1'},{'D4'},{'D3'},{'R3'},{'D6'},{'D5'},{'R2'},,&,1.0,&
{'D7'},{'D2'},{'D1'},{'D4'},{'D3'},{'D6'},,,,,&,2.0,&
{'D7'},{'D2'},{'D1'},{'D4'},{'D3'},{'D6'},{'R3'},{'R2'},{'R1'},{'D5'},&,1.0,&
{'D7'},{'D2'},{'D1'},{'D3'},,,,,,,&,1.0,&
{'D7'},{'D2'},{'D1'},{'D3'},{'R1'},{'D6'},{'R3'},,,,&,1.0,&
{'D7'},{'D2'},{'D1'},{'D3'},{'R3'},,,,,,&,1.0,&
{'D7'},{'D2'},{'D1'},{'D3'},{'R3'},{'D4'},{'D5'},{'D6'},{'R2'},,&,1.0,&
{'D7'},{'D2'},{'D1'},{'D3'},{'R3'},{'R2'},{'D4'},{'D6'},{'D5'},{'R1'},&,1.0,&
{'D7'},{'D2'},{'D1'},{'D3'},{'R3'},{'D6'},,,,,&,1.0,&
{'D7'},{'D2'},{'D1'},{'D3'},{'R2'},,,,,,&,1.0,&
{'D7'},{'D2'},{'D1'},{'D3'},{'R2'},{'D4'},{'R3'},{'D6'},,,&,1.0,&
{'D7'},{'D2'},{'D1'},{'D3'},{'R2'},{'R3'},,,,,&,1.0,&
{'D7'},{'D2'},{'D1'},{'D3'},{'R2'},{'R3'},{'D4'},{'D6'},{'D5'},,&,1.0,&
{'D7'},{'D2'},{'D1'},{'D3'},{'D4'},,,,,,&,1.0,&
{'D7'},{'D2'},{'D1'},{'D3'},{'D4'},{'D5'},{'D6'},,,,&,1.0,&
{'D7'},{'D2'},{'D1'},{'D3'},{'D4'},{'D5'},{'D6'},{'R3'},{'R1'},,&,1.0,&
{'D7'},{'D2'},{'D1'},{'D3'},{'D4'},{'D5'},{'R3'},{'D6'},{'R2'},{'R1'},&,1.0,&
{'D7'},{'D2'},{'D1'},{'D3'},{'D4'},{'R2'},{'D6'},{'D5'},{'R3'},{'R1'},&,1.0,&
{'D7'},{'D2'},{'D1'},{'D3'},{'D4'},{'R3'},{'R2'},{'R1'},,,&,1.0,&
{'D7'},{'D2'},{'D1'},{'D3'},{'D6'},{'D4'},{'R2'},,,,&,1.0,&
{'D7'},{'D2'},{'D1'},{'D3'},{'D6'},{'R3'},{'D4'},{'R2'},{'D5'},{'R1'},&,1.0,&
{'D7'},{'D2'},{'D1'},{'D6'},,,,,,,&,1.0,&
{'D7'},{'D2'},{'D1'},{'D6'},{'R3'},{'D4'},,,,,&,1.0,&
{'D7'},{'D2'},{'D1'},{'D6'},{'R3'},{'D3'},{'D4'},{'D5'},{'R2'},,&,1.0,&
{'D7'},{'D2'},{'D1'},{'D6'},{'R3'},{'R2'},{'R1'},{'D4'},{'D3'},{'D5'},&,1.0,&
{'D7'},{'D2'},{'D1'},{'D6'},{'R2'},{'R3'},{'R1'},{'D3'},,,&,1.0,&
{'D7'},{'D2'},{'D1'},{'D6'},{'D4'},{'D5'},{'R2'},{'R3'},{'R1'},,&,1.0,&
{'D7'},{'D2'},{'D1'},{'D6'},{'D4'},{'R2'},{'D3'},,,,&,1.0,&
{'D7'},{'D2'},{'D1'},{'D6'},{'D4'},{'R2'},{'D3'},{'D5'},{'R3'},{'R1'},&,1.0,&
{'D7'},{'D2'},{'D1'},{'D6'},{'D4'},{'R3'},{'D3'},{'R2'},,,&,1.0,&
{'D7'},{'D2'},{'D1'},{'D6'},{'D5'},{'R3'},{'D4'},{'D3'},{'R2'},{'R1'},&,1.0,&
{'D7'},{'D2'},{'D1'},{'D5'},{'R2'},{'R3'},,,,,&,1.0,&
{'D7'},{'D2'},{'D1'},{'D5'},{'D4'},{'R2'},{'D6'},{'D3'},,,&,1.0,&
{'D7'},{'D2'},{'D1'},{'D5'},{'D4'},{'R3'},,,,,&,1.0,&
{'D7'},{'D2'},{'D1'},{'D5'},{'D4'},{'R3'},{'D3'},{'D6'},,,&,1.0,&
{'D7'},{'D2'},{'D4'},,,,,,,,&,11.0,&
{'D7'},{'D2'},{'D4'},{'R3'},,,,,,,&,4.0,&
{'D7'},{'D2'},{'D4'},{'R3'},{'D1'},,,,,,&,2.0,&
{'D7'},{'D2'},{'D4'},{'R3'},{'D1'},{'R1'},{'D3'},{'R2'},{'D6'},{'D5'},&,1.0,&
{'D7'},{'D2'},{'D4'},{'R3'},{'D1'},{'D3'},,,,,&,1.0,&
{'D7'},{'D2'},{'D4'},{'R3'},{'D1'},{'D3'},{'D6'},{'R2'},,,&,1.0,&
{'D7'},{'D2'},{'D4'},{'R3'},{'D1'},{'R2'},,,,,&,2.0,&
{'D7'},{'D2'},{'D4'},{'R3'},{'D1'},{'R2'},{'D3'},{'D6'},{'D5'},{'R1'},&,1.0,&
{'D7'},{'D2'},{'D4'},{'R3'},{'D1'},{'R2'},{'D3'},{'D6'},{'R1'},,&,1.0,&
{'D7'},{'D2'},{'D4'},{'R3'},{'D1'},{'R2'},{'D5'},{'R1'},{'D6'},,&,1.0,&
{'D7'},{'D2'},{'D4'},{'R3'},{'D1'},{'D6'},{'D3'},{'D5'},{'R2'},,&,1.0,&
{'D7'},{'D2'},{'D4'},{'R3'},{'R2'},,,,,,&,4.0,&
{'D7'},{'D2'},{'D4'},{'R3'},{'R2'},{'R1'},,,,,&,1.0,&
{'D7'},{'D2'},{'D4'},{'R3'},{'R2'},{'R1'},{'D1'},,,,&,1.0,&
{'D7'},{'D2'},{'D4'},{'R3'},{'R2'},{'D1'},{'D3'},{'R1'},{'D5'},,&,1.0,&
{'D7'},{'D2'},{'D4'},{'R3'},{'R2'},{'D1'},{'D6'},,,,&,1.0,&
{'D7'},{'D2'},{'D4'},{'R3'},{'D6'},{'D1'},,,,,&,1.0,&
{'D7'},{'D2'},{'D4'},{'R3'},{'D6'},{'D1'},{'D3'},{'R2'},,,&,1.0,&
{'D7'},{'D2'},{'D4'},{'R3'},{'D3'},,,,,,&,1.0,&
{'D7'},{'D2'},{'D4'},{'D1'},,,,,,,&,1.0,&
{'D7'},{'D2'},{'D4'},{'D1'},{'R1'},{'D3'},{'R3'},{'D6'},{'R2'},{'D5'},&,1.0,&
{'D7'},{'D2'},{'D4'},{'D1'},{'R1'},{'R3'},{'R2'},{'D3'},,,&,1.0,&
{'D7'},{'D2'},{'D4'},{'D1'},{'R3'},,,,,,&,2.0,&
{'D7'},{'D2'},{'D4'},{'D1'},{'R3'},{'R1'},,,,,&,1.0,&
{'D7'},{'D2'},{'D4'},{'D1'},{'R3'},{'R1'},{'D3'},{'D6'},,,&,1.0,&
{'D7'},{'D2'},{'D4'},{'D1'},{'R3'},{'R1'},{'R2'},{'D3'},,,&,1.0,&
{'D7'},{'D2'},{'D4'},{'D1'},{'R3'},{'D5'},{'R2'},{'D3'},{'D6'},,&,1.0,&
{'D7'},{'D2'},{'D4'},{'D1'},{'R3'},{'D5'},{'R2'},{'D3'},{'D6'},{'R1'},&,1.0,&
{'D7'},{'D2'},{'D4'},{'D1'},{'R3'},{'R2'},{'D3'},{'D6'},{'D5'},,&,1.0,&
{'D7'},{'D2'},{'D4'},{'D1'},{'R3'},{'R2'},{'R1'},,,,&,1.0,&
{'D7'},{'D2'},{'D4'},{'D1'},{'R3'},{'R2'},{'R1'},{'D6'},{'D3'},,&,1.0,&
{'D7'},{'D2'},{'D4'},{'D1'},{'R3'},{'R2'},{'D5'},{'R1'},,,&,1.0,&
{'D7'},{'D2'},{'D4'},{'D1'},{'R3'},{'D6'},{'R2'},{'D3'},{'R1'},,&,1.0,&
{'D7'},{'D2'},{'D4'},{'D1'},{'R2'},,,,,,&,1.0,&
{'D7'},{'D2'},{'D4'},{'D1'},{'R2'},{'D3'},,,,,&,2.0,&
{'D7'},{'D2'},{'D4'},{'D1'},{'R2'},{'D5'},{'R3'},{'D6'},,,&,1.0,&
{'D7'},{'D2'},{'D4'},{'D1'},{'R2'},{'R3'},{'R1'},{'D6'},{'D3'},,&,1.0,&
{'D7'},{'D2'},{'D4'},{'D1'},{'D6'},{'D3'},{'D5'},{'R2'},{'R3'},,&,1.0,&
{'D7'},{'D2'},{'D4'},{'D1'},{'D6'},{'R2'},{'R3'},{'R1'},{'D3'},,&,1.0,&
{'D7'},{'D2'},{'D4'},{'D1'},{'D3'},{'R1'},{'R3'},,,,&,1.0,&
{'D7'},{'D2'},{'D4'},{'D1'},{'D3'},{'D6'},{'D5'},,,,&,2.0,&
{'D7'},{'D2'},{'D4'},{'D1'},{'D3'},{'D6'},{'R2'},,,,&,1.0,&
{'D7'},{'D2'},{'D4'},{'D1'},{'D3'},{'D6'},{'R3'},{'D5'},,,&,1.0,&
{'D7'},{'D2'},{'D4'},{'D1'},{'D5'},,,,,,&,2.0,&
{'D7'},{'D2'},{'D4'},{'D1'},{'D5'},{'D3'},{'R1'},{'R3'},{'R2'},{'D6'},&,1.0,&
{'D7'},{'D2'},{'D4'},{'D1'},{'D5'},{'R2'},{'D3'},{'R3'},{'D6'},,&,1.0,&
{'D7'},{'D2'},{'D4'},{'R1'},,,,,,,&,1.0,&
{'D7'},{'D2'},{'D4'},{'R1'},{'D1'},,,,,,&,1.0,&
{'D7'},{'D2'},{'D4'},{'R2'},,,,,,,&,2.0,&
{'D7'},{'D2'},{'D4'},{'R2'},{'R1'},,,,,,&,1.0,&
{'D7'},{'D2'},{'D4'},{'R2'},{'R1'},{'R3'},{'D3'},,,,&,1.0,&
{'D7'},{'D2'},{'D4'},{'R2'},{'R3'},,,,,,&,3.0,&
{'D7'},{'D2'},{'D4'},{'R2'},{'R3'},{'R1'},{'D1'},,,,&,1.0,&
{'D7'},{'D2'},{'D4'},{'R2'},{'R3'},{'R1'},{'D1'},{'D3'},{'D5'},{'D6'},&,1.0,&
{'D7'},{'D2'},{'D4'},{'R2'},{'R3'},{'D6'},,,,,&,1.0,&
{'D7'},{'D2'},{'D4'},{'R2'},{'D1'},,,,,,&,1.0,&
{'D7'},{'D2'},{'D4'},{'R2'},{'D1'},{'D3'},{'D6'},{'D5'},,,&,1.0,&
{'D7'},{'D2'},{'D4'},{'R2'},{'D1'},{'R3'},{'D3'},,,,&,1.0,&
{'D7'},{'D2'},{'D4'},{'R2'},{'D1'},{'R3'},{'R1'},{'D3'},{'D5'},,&,1.0,&
{'D7'},{'D2'},{'D4'},{'R2'},{'D1'},{'R3'},{'D6'},{'D3'},{'R1'},{'D5'},&,1.0,&
{'D7'},{'D2'},{'D4'},{'R2'},{'D1'},{'D6'},,,,,&,1.0,&
{'D7'},{'D2'},{'D4'},{'R2'},{'D1'},{'D6'},{'R3'},{'D3'},{'D5'},{'R1'},&,1.0,&
{'D7'},{'D2'},{'D4'},{'R2'},{'D3'},,,,,,&,1.0,&
{'D7'},{'D2'},{'D4'},{'R2'},{'D3'},{'D1'},,,,,&,1.0,&
{'D7'},{'D2'},{'D4'},{'D3'},,,,,,,&,1.0,&
{'D7'},{'D2'},{'D4'},{'D3'},{'R2'},,,,,,&,1.0,&
{'D7'},{'D2'},{'D4'},{'D6'},{'D1'},{'D3'},{'R3'},{'R2'},,,&,1.0,&
{'D7'},{'D2'},{'D4'},{'D6'},{'D1'},{'R2'},{'D3'},{'D5'},,,&,1.0,&
{'D7'},{'D2'},{'D4'},{'D5'},{'R3'},,,,,,&,1.0,&
{'D7'},{'D2'},{'D4'},{'D5'},{'R2'},{'D3'},{'R3'},{'D1'},{'R1'},,&,1.0,&
{'D7'},{'D2'},,,,,,,,,&,63.0,&
{'D7'},{'D2'},{'R1'},,,,,,,,&,2.0,&
{'D7'},{'D2'},{'R1'},{'R3'},,,,,,,&,1.0,&
{'D7'},{'D2'},{'R1'},{'R3'},{'D1'},,,,,,&,1.0,&
{'D7'},{'D2'},{'R1'},{'R3'},{'D1'},{'D3'},,,,,&,1.0,&
{'D7'},{'D2'},{'R1'},{'R3'},{'D1'},{'D6'},{'D4'},{'R2'},{'D3'},{'D5'},&,1.0,&
{'D7'},{'D2'},{'R1'},{'R3'},{'R2'},,,,,,&,1.0,&
{'D7'},{'D2'},{'R1'},{'R3'},{'R2'},{'D1'},{'D3'},{'D4'},,,&,1.0,&
{'D7'},{'D2'},{'R1'},{'R3'},{'D4'},{'R2'},,,,,&,1.0,&
{'D7'},{'D2'},{'R1'},{'R3'},{'D3'},,,,,,&,1.0,&
{'D7'},{'D2'},{'R1'},{'D1'},,,,,,,&,2.0,&
{'D7'},{'D2'},{'R1'},{'D1'},{'R3'},,,,,,&,1.0,&
{'D7'},{'D2'},{'R1'},{'D1'},{'D4'},,,,,,&,3.0,&
{'D7'},{'D2'},{'R1'},{'D1'},{'D6'},{'R3'},{'D3'},{'R2'},{'D4'},,&,1.0,&
{'D7'},{'D2'},{'R1'},{'D1'},{'D3'},{'D4'},,,,,&,1.0,&
{'D7'},{'D2'},{'R1'},{'D1'},{'D3'},{'D4'},{'D6'},,,,&,1.0,&
{'D7'},{'D2'},{'R1'},{'R2'},{'R3'},,,,,,&,1.0,&
{'D7'},{'D2'},{'R1'},{'R2'},{'D4'},{'D1'},{'D3'},{'R3'},,,&,1.0,&
{'D7'},{'D2'},{'R1'},{'R2'},{'D5'},{'R3'},{'D1'},{'D4'},{'D6'},{'D3'},&,1.0,&
{'D7'},{'D2'},{'R1'},{'D4'},{'D1'},{'R3'},{'R2'},,,,&,1.0,&
{'D7'},{'D2'},{'R1'},{'D3'},{'R3'},{'D4'},{'D1'},{'D6'},{'D5'},{'R2'},&,1.0,&
{'D7'},{'D2'},{'R1'},{'D6'},{'D1'},{'R2'},{'R3'},,,,&,1.0,&
{'D7'},{'D2'},{'D3'},,,,,,,,&,7.0,&
{'D7'},{'D2'},{'D3'},{'R3'},,,,,,,&,6.0,&
{'D7'},{'D2'},{'D3'},{'R3'},{'D1'},,,,,,&,2.0,&
{'D7'},{'D2'},{'D3'},{'R3'},{'D1'},{'D4'},{'R2'},{'R1'},,,&,1.0,&
{'D7'},{'D2'},{'D3'},{'R3'},{'R2'},,,,,,&,1.0,&
{'D7'},{'D2'},{'D3'},{'R3'},{'R2'},{'D4'},{'D1'},{'D6'},{'D5'},,&,1.0,&
{'D7'},{'D2'},{'D3'},{'R3'},{'R2'},{'D4'},{'D1'},{'R1'},{'D6'},{'D5'},&,1.0,&
{'D7'},{'D2'},{'D3'},{'R3'},{'R2'},{'R1'},{'D1'},{'D4'},{'D6'},{'D5'},&,1.0,&
{'D7'},{'D2'},{'D3'},{'R3'},{'R2'},{'R1'},{'D6'},{'D4'},{'D1'},{'D5'},&,1.0,&
{'D7'},{'D2'},{'D3'},{'R3'},{'R2'},{'D1'},{'D4'},,,,&,1.0,&
{'D7'},{'D2'},{'D3'},{'R3'},{'D6'},{'D1'},,,,,&,1.0,&
{'D7'},{'D2'},{'D3'},{'D1'},,,,,,,&,2.0,&
{'D7'},{'D2'},{'D3'},{'D1'},{'R3'},,,,,,&,1.0,&
{'D7'},{'D2'},{'D3'},{'D1'},{'R3'},{'R2'},{'R1'},{'D4'},{'D6'},{'D5'},&,1.0,&
{'D7'},{'D2'},{'D3'},{'D1'},{'R3'},{'R2'},{'D4'},{'D6'},{'D5'},,&,1.0,&
{'D7'},{'D2'},{'D3'},{'D1'},{'R3'},{'R2'},{'D4'},{'D6'},{'R1'},,&,1.0,&
{'D7'},{'D2'},{'D3'},{'D1'},{'R2'},,,,,,&,1.0,&
{'D7'},{'D2'},{'D3'},{'D1'},{'R2'},{'D4'},{'R3'},{'D6'},{'R1'},{'D5'},&,1.0,&
{'D7'},{'D2'},{'D3'},{'D1'},{'D4'},{'R2'},{'R3'},{'R1'},{'D6'},,&,1.0,&
{'D7'},{'D2'},{'D3'},{'D1'},{'D4'},{'R3'},,,,,&,1.0,&
{'D7'},{'D2'},{'D3'},{'D1'},{'D4'},{'R3'},{'D6'},{'R1'},{'R2'},,&,1.0,&
{'D7'},{'D2'},{'D3'},{'D1'},{'D4'},{'D6'},{'R1'},{'R3'},{'R2'},{'D5'},&,1.0,&
{'D7'},{'D2'},{'D3'},{'R1'},,,,,,,&,1.0,&
{'D7'},{'D2'},{'D3'},{'R1'},{'R3'},{'D1'},{'D4'},{'D6'},{'D5'},,&,1.0,&
{'D7'},{'D2'},{'D3'},{'R2'},,,,,,,&,1.0,&
{'D7'},{'D2'},{'D3'},{'R2'},{'D1'},{'D4'},{'R1'},{'D6'},,,&,1.0,&
{'D7'},{'D2'},{'D3'},{'R2'},{'D1'},{'R3'},,,,,&,1.0,&
{'D7'},{'D2'},{'D3'},{'D4'},,,,,,,&,1.0,&
{'D7'},{'D2'},{'D3'},{'D4'},{'R3'},{'D5'},{'D6'},{'D1'},,,&,1.0,&
{'D7'},{'D2'},{'D3'},{'D4'},{'R3'},{'R2'},{'D1'},{'D6'},{'D5'},,&,1.0,&
{'D7'},{'D2'},{'D3'},{'D4'},{'R3'},{'R2'},{'D1'},{'D6'},{'D5'},{'R1'},&,1.0,&
{'D7'},{'D2'},{'D3'},{'D6'},{'D4'},{'R3'},{'D1'},{'R1'},{'D5'},,&,1.0,&
{'D7'},{'D2'},{'D6'},,,,,,,,&,3.0,&
{'D7'},{'D2'},{'D6'},{'R3'},,,,,,,&,1.0,&
{'D7'},{'D2'},{'D6'},{'R3'},{'R1'},{'R2'},{'D4'},{'D3'},{'D1'},,&,1.0,&
{'D7'},{'D2'},{'D6'},{'R3'},{'D1'},,,,,,&,1.0,&
{'D7'},{'D2'},{'D6'},{'R3'},{'D1'},{'D4'},{'D5'},,,,&,1.0,&
{'D7'},{'D2'},{'D6'},{'R3'},{'R2'},{'D1'},{'D3'},{'R1'},{'D4'},,&,1.0,&
{'D7'},{'D2'},{'D6'},{'R3'},{'D4'},{'D1'},,,,,&,1.0,&
{'D7'},{'D2'},{'D6'},{'R3'},{'D3'},,,,,,&,1.0,&
{'D7'},{'D2'},{'D6'},{'D1'},,,,,,,&,1.0,&
{'D7'},{'D2'},{'D6'},{'D1'},{'R3'},{'D4'},{'R2'},,,,&,1.0,&
{'D7'},{'D2'},{'D6'},{'D1'},{'R3'},{'R2'},{'R1'},,,,&,1.0,&
{'D7'},{'D2'},{'D6'},{'D1'},{'R3'},{'R2'},{'D4'},{'D3'},{'D5'},{'R1'},&,1.0,&
{'D7'},{'D2'},{'D6'},{'D1'},{'D4'},,,,,,&,1.0,&
{'D7'},{'D2'},{'D6'},{'D1'},{'D3'},{'R3'},{'R2'},{'R1'},,,&,1.0,&
{'D7'},{'D2'},{'D6'},{'D1'},{'D5'},{'D4'},{'R2'},{'D3'},{'R3'},{'R1'},&,1.0,&
{'D7'},{'D2'},{'D6'},{'R2'},{'R3'},{'R1'},{'D1'},{'D3'},{'D4'},{'D5'},&,1.0,&
{'D7'},{'D2'},{'D6'},{'R2'},{'R3'},{'R1'},{'D1'},{'D4'},,,&,1.0,&
{'D7'},{'D2'},{'D6'},{'R2'},{'D1'},{'R3'},{'D4'},{'R1'},,,&,1.0,&
{'D7'},{'D2'},{'D6'},{'R2'},{'D4'},{'R3'},{'D5'},{'D1'},{'R1'},{'D3'},&,1.0,&
{'D7'},{'D2'},{'D6'},{'D4'},,,,,,,&,2.0,&
{'D7'},{'D2'},{'D6'},{'D4'},{'R1'},,,,,,&,1.0,&
{'D7'},{'D2'},{'D6'},{'D4'},{'R3'},{'D1'},{'D3'},{'D5'},{'R2'},,&,1.0,&
{'D7'},{'D2'},{'D6'},{'D4'},{'R3'},{'R2'},{'D1'},{'D3'},{'D5'},,&,1.0,&
{'D7'},{'D2'},{'D6'},{'D4'},{'D3'},{'R3'},{'R1'},{'R2'},,,&,1.0,&
{'D7'},{'D2'},{'D6'},{'D3'},{'R1'},{'R3'},{'D4'},{'D1'},{'R2'},{'D5'},&,1.0,&
{'D7'},{'D2'},{'D6'},{'D3'},{'D1'},{'R3'},{'R1'},{'R2'},{'D4'},{'D5'},&,1.0,&
{'D7'},{'D2'},{'D6'},{'D3'},{'D4'},{'D5'},{'D1'},{'R3'},{'R2'},{'R1'},&,1.0,&
{'D7'},{'D2'},{'D6'},{'D5'},{'D1'},{'D4'},,,,,&,1.0,&
{'D7'},{'D2'},{'D5'},,,,,,,,&,1.0,&
{'D7'},{'D2'},{'D5'},{'D1'},,,,,,,&,1.0,&
{'D7'},{'D2'},{'D5'},{'R2'},{'D1'},,,,,,&,1.0,&
{'D7'},{'D2'},{'D5'},{'D3'},{'D4'},,,,,,&,1.0,&
{'D7'},{'D1'},{'R3'},,,,,,,,&,18.0,&
{'D7'},{'D1'},{'R3'},{'D2'},,,,,,,&,8.0,&
{'D7'},{'D1'},{'R3'},{'D2'},{'R1'},{'D5'},,,,,&,1.0,&
{'D7'},{'D1'},{'R3'},{'D2'},{'R1'},{'R2'},{'D6'},{'D4'},,,&,1.0,&
{'D7'},{'D1'},{'R3'},{'D2'},{'R2'},,,,,,&,1.0,&
{'D7'},{'D1'},{'R3'},{'D2'},{'R2'},{'D4'},,,,,&,1.0,&
{'D7'},{'D1'},{'R3'},{'D2'},{'R2'},{'R1'},,,,,&,2.0,&
{'D7'},{'D1'},{'R3'},{'D2'},{'R2'},{'R1'},{'D4'},{'D6'},,,&,1.0,&
{'D7'},{'D1'},{'R3'},{'D2'},{'R2'},{'D3'},{'R1'},{'D4'},,,&,1.0,&
{'D7'},{'D1'},{'R3'},{'D2'},{'R2'},{'D3'},{'D4'},,,,&,1.0,&
{'D7'},{'D1'},{'R3'},{'D2'},{'D4'},{'D3'},,,,,&,2.0,&
{'D7'},{'D1'},{'R3'},{'D2'},{'D4'},{'D3'},{'D5'},{'D6'},{'R2'},{'R1'},&,1.0,&
{'D7'},{'D1'},{'R3'},{'D2'},{'D4'},{'R2'},,,,,&,1.0,&
{'D7'},{'D1'},{'R3'},{'D2'},{'D4'},{'R2'},{'R1'},{'D3'},,,&,1.0,&
{'D7'},{'D1'},{'R3'},{'D2'},{'D4'},{'D6'},{'R1'},{'D3'},{'R2'},,&,1.0,&
{'D7'},{'D1'},{'R3'},{'D2'},{'D4'},{'D6'},{'R1'},{'R2'},{'D5'},,&,1.0,&
{'D7'},{'D1'},{'R3'},{'D2'},{'D3'},{'R2'},{'D4'},{'D6'},,,&,1.0,&
{'D7'},{'D1'},{'R3'},{'D2'},{'D3'},{'R2'},{'D4'},{'D6'},{'D5'},,&,1.0,&
{'D7'},{'D1'},{'R3'},{'D2'},{'D3'},{'R2'},{'D6'},{'R1'},,,&,1.0,&
{'D7'},{'D1'},{'R3'},{'R1'},,,,,,,&,6.0,&
{'D7'},{'D1'},{'R3'},{'R1'},{'D2'},{'R2'},{'D3'},{'D4'},,,&,1.0,&
{'D7'},{'D1'},{'R3'},{'R2'},,,,,,,&,2.0,&
{'D7'},{'D1'},{'R3'},{'R2'},{'R1'},,,,,,&,4.0,&
{'D7'},{'D1'},{'R3'},{'R2'},{'R1'},{'D4'},,,,,&,1.0,&
{'D7'},{'D1'},{'R3'},{'R2'},{'R1'},{'D2'},,,,,&,2.0,&
{'D7'},{'D1'},{'R3'},{'R2'},{'R1'},{'D2'},{'D4'},{'D3'},,,&,1.0,&
{'D7'},{'D1'},{'R3'},{'R2'},{'R1'},{'D2'},{'D6'},,,,&,1.0,&
{'D7'},{'D1'},{'R3'},{'R2'},{'D4'},,,,,,&,2.0,&
{'D7'},{'D1'},{'R3'},{'R2'},{'D4'},{'R1'},{'D2'},,,,&,1.0,&
{'D7'},{'D1'},{'R3'},{'R2'},{'D2'},{'D4'},,,,,&,1.0,&
{'D7'},{'D1'},{'R3'},{'R2'},{'D2'},{'D4'},{'D3'},,,,&,1.0,&
{'D7'},{'D1'},{'R3'},{'R2'},{'D2'},{'D6'},{'R1'},{'D5'},,,&,1.0,&
{'D7'},{'D1'},{'R3'},{'R2'},{'D6'},{'D3'},{'R1'},{'D4'},{'D2'},,&,1.0,&
{'D7'},{'D1'},{'R3'},{'R2'},{'D3'},,,,,,&,1.0,&
{'D7'},{'D1'},{'R3'},{'D4'},,,,,,,&,1.0,&
{'D7'},{'D1'},{'R3'},{'D4'},{'R1'},,,,,,&,1.0,&
{'D7'},{'D1'},{'R3'},{'D4'},{'R2'},{'D2'},,,,,&,1.0,&
{'D7'},{'D1'},{'R3'},{'D4'},{'D2'},,,,,,&,1.0,&
{'D7'},{'D1'},{'R3'},{'D4'},{'D2'},{'D3'},{'R2'},{'R1'},{'D6'},{'D5'},&,1.0,&
{'D7'},{'D1'},{'R3'},{'D4'},{'D2'},{'D3'},{'D6'},{'D5'},,,&,1.0,&
{'D7'},{'D1'},{'R3'},{'D4'},{'D2'},{'R2'},,,,,&,1.0,&
{'D7'},{'D1'},{'R3'},{'D3'},{'R1'},{'D2'},,,,,&,1.0,&
{'D7'},{'D1'},{'R3'},{'D3'},{'D2'},{'D4'},{'D5'},{'D6'},{'R1'},{'R2'},&,1.0,&
{'D7'},{'D1'},{'R3'},{'D3'},{'D2'},{'D4'},{'R2'},,,,&,1.0,&
{'D7'},{'D1'},{'R3'},{'D3'},{'D2'},{'R2'},{'R1'},{'D4'},,,&,1.0,&
{'D7'},{'D1'},{'R3'},{'D6'},,,,,,,&,3.0,&
{'D7'},{'D1'},{'R3'},{'D6'},{'R2'},,,,,,&,2.0,&
{'D7'},{'D1'},{'R3'},{'D6'},{'R2'},{'D2'},{'R1'},,,,&,1.0,&
{'D7'},{'D1'},{'R3'},{'D6'},{'D2'},{'D3'},{'R2'},,,,&,1.0,&
{'D7'},{'D1'},{'R3'},{'D5'},{'D3'},{'D4'},{'D2'},,,,&,1.0,&
{'D7'},{'D1'},{'R2'},,,,,,,,&,9.0,&
{'D7'},{'D1'},{'R2'},{'R3'},,,,,,,&,4.0,&
{'D7'},{'D1'},{'R2'},{'R3'},{'R1'},,,,,,&,1.0,&
{'D7'},{'D1'},{'R2'},{'R3'},{'R1'},{'D2'},,,,,&,1.0,&
{'D7'},{'D1'},{'R2'},{'R3'},{'R1'},{'D2'},{'D3'},,,,&,1.0,&
{'D7'},{'D1'},{'R2'},{'R3'},{'R1'},{'D2'},{'D3'},{'D4'},,,&,1.0,&
{'D7'},{'D1'},{'R2'},{'R3'},{'R1'},{'D2'},{'D3'},{'D4'},{'D6'},,&,1.0,&
{'D7'},{'D1'},{'R2'},{'R3'},{'D4'},,,,,,&,1.0,&
{'D7'},{'D1'},{'R2'},{'R3'},{'D4'},{'R1'},{'D2'},{'D5'},{'D3'},,&,1.0,&
{'D7'},{'D1'},{'R2'},{'R3'},{'D4'},{'D2'},{'R1'},{'D3'},{'D6'},{'D5'},&,1.0,&
{'D7'},{'D1'},{'R2'},{'R3'},{'D2'},{'D4'},{'R1'},{'D6'},{'D3'},,&,1.0,&
{'D7'},{'D1'},{'R2'},{'R3'},{'D2'},{'D4'},{'D5'},{'D3'},{'D6'},,&,1.0,&
{'D7'},{'D1'},{'R2'},{'R3'},{'D2'},{'D3'},,,,,&,1.0,&
{'D7'},{'D1'},{'R2'},{'R3'},{'D2'},{'D5'},,,,,&,1.0,&
{'D7'},{'D1'},{'R2'},{'R3'},{'D2'},{'D6'},,,,,&,1.0,&
{'D7'},{'D1'},{'R2'},{'R3'},{'D5'},{'D6'},{'D2'},{'D4'},{'D3'},{'R1'},&,1.0,&
{'D7'},{'D1'},{'R2'},{'D2'},,,,,,,&,5.0,&
{'D7'},{'D1'},{'R2'},{'D2'},{'R3'},{'R1'},,,,,&,1.0,&
{'D7'},{'D1'},{'R2'},{'D2'},{'R3'},{'R1'},{'D4'},,,,&,1.0,&
{'D7'},{'D1'},{'R2'},{'D2'},{'R3'},{'R1'},{'D4'},{'D6'},{'D3'},,&,1.0,&
{'D7'},{'D1'},{'R2'},{'D2'},{'R3'},{'R1'},{'D6'},,,,&,1.0,&
{'D7'},{'D1'},{'R2'},{'D2'},{'D4'},{'D3'},,,,,&,1.0,&
{'D7'},{'D1'},{'R2'},{'D2'},{'D4'},{'D6'},,,,,&,1.0,&
{'D7'},{'D1'},{'R2'},{'D2'},{'D6'},,,,,,&,1.0,&
{'D7'},{'D1'},{'R2'},{'D2'},{'D3'},,,,,,&,1.0,&
{'D7'},{'D1'},{'R2'},{'D2'},{'D3'},{'D4'},{'D5'},,,,&,1.0,&
{'D7'},{'D1'},{'R2'},{'D2'},{'D3'},{'R1'},,,,,&,1.0,&
{'D7'},{'D1'},{'R2'},{'D2'},{'D3'},{'R3'},,,,,&,1.0,&
{'D7'},{'D1'},{'R2'},{'D2'},{'D3'},{'R3'},{'D4'},,,,&,1.0,&
{'D7'},{'D1'},{'R2'},{'R1'},,,,,,,&,1.0,&
{'D7'},{'D1'},{'R2'},{'R1'},{'R3'},,,,,,&,1.0,&
{'D7'},{'D1'},{'R2'},{'D4'},,,,,,,&,1.0,&
{'D7'},{'D1'},{'R2'},{'D4'},{'R3'},{'D3'},,,,,&,1.0,&
{'D7'},{'D1'},{'R2'},{'D4'},{'D2'},{'D6'},{'R3'},,,,&,1.0,&
{'D7'},{'D1'},{'R2'},{'D3'},,,,,,,&,1.0,&
{'D7'},{'D1'},{'R2'},{'D3'},{'R3'},,,,,,&,2.0,&
{'D7'},{'D1'},{'R2'},{'D6'},,,,,,,&,1.0,&
{'D7'},{'D1'},{'R2'},{'D6'},{'R3'},{'D2'},{'R1'},,,,&,1.0,&
{'D7'},{'D1'},{'R2'},{'D6'},{'D4'},{'R3'},{'D2'},{'D5'},{'D3'},{'R1'},&,1.0,&
{'D7'},{'D1'},{'R2'},{'D6'},{'D2'},{'R3'},{'R1'},,,,&,1.0,&
{'D7'},{'D1'},{'D4'},,,,,,,,&,7.0,&
{'D7'},{'D1'},{'D4'},{'R3'},,,,,,,&,1.0,&
{'D7'},{'D1'},{'D4'},{'R3'},{'R2'},,,,,,&,1.0,&
{'D7'},{'D1'},{'D4'},{'R3'},{'R2'},{'R1'},,,,,&,1.0,&
{'D7'},{'D1'},{'D4'},{'R3'},{'R2'},{'D2'},{'R1'},,,,&,1.0,&
{'D7'},{'D1'},{'D4'},{'R3'},{'R2'},{'D2'},{'R1'},{'D3'},{'D5'},{'D6'},&,1.0,&
{'D7'},{'D1'},{'D4'},{'R3'},{'D2'},{'D3'},{'R2'},{'R1'},{'D6'},{'D5'},&,1.0,&
{'D7'},{'D1'},{'D4'},{'R3'},{'D2'},{'R2'},{'R1'},{'D6'},{'D3'},{'D5'},&,1.0,&
{'D7'},{'D1'},{'D4'},{'R3'},{'D2'},{'D6'},{'D3'},{'R2'},{'D5'},,&,1.0,&
{'D7'},{'D1'},{'D4'},{'D2'},,,,,,,&,8.0,&
{'D7'},{'D1'},{'D4'},{'D2'},{'R1'},{'R3'},{'D6'},,,,&,1.0,&
{'D7'},{'D1'},{'D4'},{'D2'},{'R2'},{'D3'},,,,,&,1.0,&
{'D7'},{'D1'},{'D4'},{'D2'},{'R2'},{'D3'},{'R3'},{'D6'},,,&,1.0,&
{'D7'},{'D1'},{'D4'},{'D2'},{'R2'},{'D5'},,,,,&,1.0,&
{'D7'},{'D1'},{'D4'},{'D2'},{'D6'},{'R1'},{'R3'},{'R2'},{'D3'},,&,1.0,&
{'D7'},{'D1'},{'D4'},{'D2'},{'D6'},{'R3'},{'R1'},,,,&,1.0,&
{'D7'},{'D1'},{'D4'},{'D2'},{'D5'},{'D6'},{'D3'},{'R3'},{'R2'},{'R1'},&,1.0,&
{'D7'},{'D1'},{'D4'},{'R1'},,,,,,,&,1.0,&
{'D7'},{'D1'},{'D4'},{'R1'},{'D2'},{'D6'},{'R2'},{'R3'},{'D3'},,&,1.0,&
{'D7'},{'D1'},{'D4'},{'R1'},{'D6'},{'R3'},{'D2'},{'D3'},{'R2'},,&,1.0,&
{'D7'},{'D1'},{'D4'},{'R2'},{'D6'},{'D2'},{'D3'},,,,&,1.0,&
{'D7'},{'D1'},{'D4'},{'D3'},{'R3'},{'R2'},{'R1'},,,,&,1.0,&
{'D7'},{'D1'},,,,,,,,,&,47.0,&
{'D7'},{'D1'},{'R1'},,,,,,,,&,4.0,&
{'D7'},{'D1'},{'R1'},{'R3'},{'R2'},{'D3'},{'D2'},,,,&,1.0,&
{'D7'},{'D1'},{'R1'},{'R3'},{'R2'},{'D2'},{'D6'},{'D3'},{'D4'},,&,1.0,&
{'D7'},{'D1'},{'R1'},{'R3'},{'D2'},,,,,,&,1.0,&
{'D7'},{'D1'},{'R1'},{'R3'},{'D2'},{'R2'},{'D4'},,,,&,1.0,&
{'D7'},{'D1'},{'R1'},{'D2'},,,,,,,&,1.0,&
{'D7'},{'D1'},{'R1'},{'D2'},{'D4'},{'D6'},{'R3'},,,,&,1.0,&
{'D7'},{'D1'},{'R1'},{'D2'},{'D3'},,,,,,&,1.0,&
{'D7'},{'D1'},{'R1'},{'D4'},{'R3'},,,,,,&,2.0,&
{'D7'},{'D1'},{'D2'},,,,,,,,&,36.0,&
{'D7'},{'D1'},{'D2'},{'R3'},,,,,,,&,5.0,&
{'D7'},{'D1'},{'D2'},{'R3'},{'R1'},{'D4'},,,,,&,1.0,&
{'D7'},{'D1'},{'D2'},{'R3'},{'R1'},{'D4'},{'D3'},{'D5'},{'D6'},{'R2'},&,1.0,&
{'D7'},{'D1'},{'D2'},{'R3'},{'R1'},{'D4'},{'R2'},,,,&,1.0,&
{'D7'},{'D1'},{'D2'},{'R3'},{'R1'},{'D4'},{'R2'},{'D3'},,,&,1.0,&
{'D7'},{'D1'},{'D2'},{'R3'},{'R1'},{'D3'},{'R2'},{'D6'},{'D4'},,&,1.0,&
{'D7'},{'D1'},{'D2'},{'R3'},{'R2'},,,,,,&,1.0,&
{'D7'},{'D1'},{'D2'},{'R3'},{'R2'},{'D4'},,,,,&,1.0,&
{'D7'},{'D1'},{'D2'},{'R3'},{'R2'},{'D4'},{'D3'},{'D6'},{'D5'},,&,1.0,&
{'D7'},{'D1'},{'D2'},{'R3'},{'R2'},{'R1'},{'D3'},,,,&,1.0,&
{'D7'},{'D1'},{'D2'},{'R3'},{'R2'},{'R1'},{'D3'},{'D4'},,,&,1.0,&
{'D7'},{'D1'},{'D2'},{'R3'},{'R2'},{'R1'},{'D4'},{'D5'},{'D3'},{'D6'},&,1.0,&
{'D7'},{'D1'},{'D2'},{'R3'},{'R2'},{'R1'},{'D4'},{'D6'},{'D3'},{'D5'},&,1.0,&
{'D7'},{'D1'},{'D2'},{'R3'},{'R2'},{'D3'},,,,,&,1.0,&
{'D7'},{'D1'},{'D2'},{'R3'},{'D4'},{'R1'},{'D6'},{'R2'},,,&,1.0,&
{'D7'},{'D1'},{'D2'},{'R3'},{'D4'},{'D3'},{'R2'},{'R1'},{'D6'},{'D5'},&,1.0,&
{'D7'},{'D1'},{'D2'},{'R3'},{'D4'},{'D5'},{'R2'},{'R1'},{'D6'},,&,1.0,&
{'D7'},{'D1'},{'D2'},{'R3'},{'D4'},{'R2'},{'D6'},,,,&,1.0,&
{'D7'},{'D1'},{'D2'},{'R3'},{'D4'},{'D6'},,,,,&,1.0,&
{'D7'},{'D1'},{'D2'},{'R3'},{'D6'},{'D3'},{'D4'},{'D5'},{'R2'},,&,1.0,&
{'D7'},{'D1'},{'D2'},{'R3'},{'D3'},{'D5'},{'R2'},{'D4'},{'R1'},{'D6'},&,1.0,&
{'D7'},{'D1'},{'D2'},{'R3'},{'D3'},{'R2'},{'R1'},,,,&,1.0,&
{'D7'},{'D1'},{'D2'},{'R3'},{'D5'},{'D4'},,,,,&,1.0,&
{'D7'},{'D1'},{'D2'},{'R1'},,,,,,,&,1.0,&
{'D7'},{'D1'},{'D2'},{'R1'},{'R3'},{'D4'},,,,,&,1.0,&
{'D7'},{'D1'},{'D2'},{'R1'},{'R3'},{'D4'},{'R2'},{'D6'},,,&,1.0,&
{'D7'},{'D1'},{'D2'},{'R1'},{'R2'},{'R3'},,,,,&,1.0,&
{'D7'},{'D1'},{'D2'},{'R2'},,,,,,,&,6.0,&
{'D7'},{'D1'},{'D2'},{'R2'},{'R3'},{'D4'},,,,,&,1.0,&
{'D7'},{'D1'},{'D2'},{'R2'},{'R3'},{'R1'},{'D3'},{'D4'},{'D6'},,&,1.0,&
{'D7'},{'D1'},{'D2'},{'R2'},{'R3'},{'R1'},{'D4'},,,,&,2.0,&
{'D7'},{'D1'},{'D2'},{'R2'},{'R3'},{'D3'},{'R1'},,,,&,1.0,&
{'D7'},{'D1'},{'D2'},{'R2'},{'D4'},,,,,,&,2.0,&
{'D7'},{'D1'},{'D2'},{'R2'},{'D4'},{'R3'},,,,,&,1.0,&
{'D7'},{'D1'},{'D2'},{'R2'},{'D4'},{'R3'},{'D3'},,,,&,1.0,&
{'D7'},{'D1'},{'D2'},{'R2'},{'D6'},{'D4'},{'R3'},{'D3'},,,&,1.0,&
{'D7'},{'D1'},{'D2'},{'R2'},{'D3'},{'R3'},,,,,&,1.0,&
{'D7'},{'D1'},{'D2'},{'D4'},,,,,,,&,3.0,&
{'D7'},{'D1'},{'D2'},{'D4'},{'R1'},,,,,,&,1.0,&
{'D7'},{'D1'},{'D2'},{'D4'},{'R3'},,,,,,&,5.0,&
{'D7'},{'D1'},{'D2'},{'D4'},{'R3'},{'D3'},,,,,&,1.0,&
{'D7'},{'D1'},{'D2'},{'D4'},{'R3'},{'D3'},{'D6'},{'D5'},{'R1'},{'R2'},&,1.0,&
{'D7'},{'D1'},{'D2'},{'D4'},{'R3'},{'D3'},{'D6'},{'R2'},{'D5'},,&,1.0,&
{'D7'},{'D1'},{'D2'},{'D4'},{'R3'},{'D5'},,,,,&,1.0,&
{'D7'},{'D1'},{'D2'},{'D4'},{'R3'},{'R2'},{'D3'},{'R1'},,,&,2.0,&
{'D7'},{'D1'},{'D2'},{'D4'},{'R3'},{'D6'},{'D3'},,,,&,1.0,&
{'D7'},{'D1'},{'D2'},{'D4'},{'R3'},{'D6'},{'R1'},{'R2'},,,&,1.0,&
{'D7'},{'D1'},{'D2'},{'D4'},{'R2'},,,,,,&,2.0,&
{'D7'},{'D1'},{'D2'},{'D4'},{'R2'},{'D6'},{'D3'},{'R3'},{'R1'},{'D5'},&,1.0,&
{'D7'},{'D1'},{'D2'},{'D4'},{'D6'},{'R2'},,,,,&,1.0,&
{'D7'},{'D1'},{'D2'},{'D4'},{'D6'},{'R2'},{'D3'},{'D5'},,,&,1.0,&
{'D7'},{'D1'},{'D2'},{'D4'},{'D6'},{'R3'},{'R2'},,,,&,1.0,&
{'D7'},{'D1'},{'D2'},{'D4'},{'D3'},{'R3'},{'D5'},{'R1'},,,&,1.0,&
{'D7'},{'D1'},{'D2'},{'D4'},{'D3'},{'R3'},{'R2'},{'R1'},{'D5'},,&,1.0,&
{'D7'},{'D1'},{'D2'},{'D4'},{'D3'},{'D6'},{'D5'},{'R2'},{'R3'},{'R1'},&,1.0,&
{'D7'},{'D1'},{'D2'},{'D4'},{'D3'},{'D6'},{'D5'},{'R3'},{'R2'},{'R1'},&,1.0,&
{'D7'},{'D1'},{'D2'},{'D4'},{'D3'},{'D6'},{'R2'},{'R3'},,,&,1.0,&
{'D7'},{'D1'},{'D2'},{'D4'},{'D3'},{'D6'},{'R3'},,,,&,1.0,&
{'D7'},{'D1'},{'D2'},{'D4'},{'D5'},{'R3'},{'R1'},{'R2'},{'D3'},,&,1.0,&
{'D7'},{'D1'},{'D2'},{'D4'},{'D5'},{'D6'},{'R3'},{'R2'},{'R1'},{'D3'},&,1.0,&
{'D7'},{'D1'},{'D2'},{'D3'},,,,,,,&,3.0,&
{'D7'},{'D1'},{'D2'},{'D3'},{'R1'},{'D4'},{'R3'},{'R2'},,,&,1.0,&
{'D7'},{'D1'},{'D2'},{'D3'},{'R1'},{'R2'},,,,,&,1.0,&
{'D7'},{'D1'},{'D2'},{'D3'},{'R3'},,,,,,&,1.0,&
{'D7'},{'D1'},{'D2'},{'D3'},{'R3'},{'D4'},{'D5'},{'D6'},,,&,1.0,&
{'D7'},{'D1'},{'D2'},{'D3'},{'R3'},{'D4'},{'D6'},{'D5'},,,&,1.0,&
{'D7'},{'D1'},{'D2'},{'D3'},{'D4'},,,,,,&,2.0,&
{'D7'},{'D1'},{'D2'},{'D3'},{'D4'},{'D5'},,,,,&,1.0,&
{'D7'},{'D1'},{'D2'},{'D3'},{'D4'},{'D5'},{'R2'},{'R3'},{'D6'},,&,1.0,&
{'D7'},{'D1'},{'D2'},{'D3'},{'D4'},{'R2'},{'R3'},{'D5'},{'D6'},{'R1'},&,1.0,&
{'D7'},{'D1'},{'D2'},{'D6'},{'R3'},,,,,,&,1.0,&
{'D7'},{'D1'},{'D2'},{'D6'},{'R2'},,,,,,&,1.0,&
{'D7'},{'D1'},{'D2'},{'D6'},{'R2'},{'D4'},{'R3'},{'R1'},{'D3'},,&,1.0,&
{'D7'},{'D1'},{'D2'},{'D6'},{'R2'},{'R3'},,,,,&,1.0,&
{'D7'},{'D1'},{'D2'},{'D6'},{'D4'},{'D3'},,,,,&,1.0,&
{'D7'},{'D1'},{'D2'},{'D6'},{'D4'},{'D3'},{'D5'},{'R3'},{'R2'},{'R1'},&,2.0,&
{'D7'},{'D1'},{'D2'},{'D5'},{'R3'},{'D6'},{'D3'},{'R2'},{'D4'},{'R1'},&,1.0,&
{'D7'},{'D1'},{'D2'},{'D5'},{'D3'},{'R2'},,,,,&,1.0,&
{'D7'},{'D1'},{'D3'},,,,,,,,&,7.0,&
{'D7'},{'D1'},{'D3'},{'R3'},{'R2'},,,,,,&,1.0,&
{'D7'},{'D1'},{'D3'},{'R3'},{'R2'},{'D4'},,,,,&,1.0,&
{'D7'},{'D1'},{'D3'},{'R3'},{'D2'},,,,,,&,1.0,&
{'D7'},{'D1'},{'D3'},{'R3'},{'D6'},{'D2'},,,,,&,1.0,&
{'D7'},{'D1'},{'D3'},{'D2'},{'R2'},,,,,,&,1.0,&
{'D7'},{'D1'},{'D3'},{'D2'},{'D4'},,,,,,&,1.0,&
{'D7'},{'D1'},{'D3'},{'D2'},{'D4'},{'R1'},{'R2'},,,,&,1.0,&
{'D7'},{'D1'},{'D3'},{'R1'},,,,,,,&,1.0,&
{'D7'},{'D1'},{'D3'},{'R2'},{'R3'},,,,,,&,2.0,&
{'D7'},{'D1'},{'D3'},{'R2'},{'D2'},,,,,,&,1.0,&
{'D7'},{'D1'},{'D6'},,,,,,,,&,4.0,&
{'D7'},{'D1'},{'D6'},{'R3'},{'R2'},{'D2'},{'D4'},{'D3'},{'D5'},,&,1.0,&
{'D7'},{'D1'},{'D6'},{'R3'},{'D2'},{'D4'},{'R1'},{'R2'},,,&,1.0,&
{'D7'},{'D1'},{'D6'},{'D2'},,,,,,,&,1.0,&
{'D7'},{'D1'},{'D6'},{'D2'},{'R2'},{'D4'},{'R3'},{'D3'},{'R1'},,&,1.0,&
{'D7'},{'D1'},{'D6'},{'D2'},{'D4'},,,,,,&,1.0,&
{'D7'},{'D1'},{'D6'},{'R2'},,,,,,,&,1.0,&
{'D7'},{'D1'},{'D6'},{'R2'},{'R3'},{'R1'},{'D2'},{'D4'},,,&,1.0,&
{'D7'},{'D1'},{'D6'},{'R2'},{'D2'},,,,,,&,1.0,&
{'D7'},{'D1'},{'D6'},{'R2'},{'D2'},{'D4'},{'D5'},{'D3'},,,&,1.0,&
{'D7'},{'D1'},{'D5'},,,,,,,,&,2.0,&
{'D7'},{'D1'},{'D5'},{'R3'},,,,,,,&,1.0,&
{'D7'},{'D1'},{'D5'},{'D2'},{'D4'},,,,,,&,1.0,&
{'D7'},{'D1'},{'D5'},{'D4'},{'R3'},{'R2'},,,,,&,1.0,&
{'D7'},{'R2'},{'R3'},,,,,,,,&,24.0,&
{'D7'},{'R2'},{'R3'},{'D2'},,,,,,,&,6.0,&
{'D7'},{'R2'},{'R3'},{'D2'},{'R1'},,,,,,&,1.0,&
{'D7'},{'R2'},{'R3'},{'D2'},{'R1'},{'D4'},{'D6'},{'D1'},{'D3'},{'D5'},&,1.0,&
{'D7'},{'R2'},{'R3'},{'D2'},{'R1'},{'D3'},,,,,&,1.0,&
{'D7'},{'R2'},{'R3'},{'D2'},{'R1'},{'D1'},{'D3'},{'D6'},{'D4'},,&,1.0,&
{'D7'},{'R2'},{'R3'},{'D2'},{'R1'},{'D6'},,,,,&,1.0,&
{'D7'},{'R2'},{'R3'},{'D2'},{'D1'},,,,,,&,2.0,&
{'D7'},{'R2'},{'R3'},{'D2'},{'D1'},{'D4'},,,,,&,2.0,&
{'D7'},{'R2'},{'R3'},{'D2'},{'D1'},{'R1'},,,,,&,3.0,&
{'D7'},{'R2'},{'R3'},{'D2'},{'D1'},{'D3'},{'D6'},{'D4'},{'D5'},,&,1.0,&
{'D7'},{'R2'},{'R3'},{'D2'},{'D4'},{'R1'},{'D1'},,,,&,1.0,&
{'D7'},{'R2'},{'R3'},{'D2'},{'D4'},{'R1'},{'D1'},{'D6'},{'D3'},{'D5'},&,1.0,&
{'D7'},{'R2'},{'R3'},{'D2'},{'D4'},{'D3'},,,,,&,1.0,&
{'D7'},{'R2'},{'R3'},{'D2'},{'D4'},{'D1'},,,,,&,1.0,&
{'D7'},{'R2'},{'R3'},{'D2'},{'D3'},{'D5'},,,,,&,1.0,&
{'D7'},{'R2'},{'R3'},{'D2'},{'D5'},{'D1'},{'R1'},{'D4'},{'D3'},,&,1.0,&
{'D7'},{'R2'},{'R3'},{'D1'},,,,,,,&,2.0,&
{'D7'},{'R2'},{'R3'},{'D1'},{'R1'},,,,,,&,2.0,&
{'D7'},{'R2'},{'R3'},{'D1'},{'R1'},{'D4'},{'D2'},,,,&,2.0,&
{'D7'},{'R2'},{'R3'},{'D1'},{'R1'},{'D4'},{'D6'},,,,&,1.0,&
{'D7'},{'R2'},{'R3'},{'D1'},{'R1'},{'D2'},{'D3'},,,,&,1.0,&
{'D7'},{'R2'},{'R3'},{'D1'},{'R1'},{'D2'},{'D4'},{'D3'},,,&,1.0,&
{'D7'},{'R2'},{'R3'},{'D1'},{'R1'},{'D2'},{'D4'},{'D3'},{'D6'},{'D5'},&,1.0,&
{'D7'},{'R2'},{'R3'},{'D1'},{'R1'},{'D2'},{'D6'},{'D3'},{'D4'},{'D5'},&,1.0,&
{'D7'},{'R2'},{'R3'},{'D1'},{'D4'},,,,,,&,1.0,&
{'D7'},{'R2'},{'R3'},{'D1'},{'D4'},{'D6'},{'R1'},{'D2'},,,&,1.0,&
{'D7'},{'R2'},{'R3'},{'D1'},{'D2'},,,,,,&,2.0,&
{'D7'},{'R2'},{'R3'},{'D1'},{'D2'},{'D4'},{'D3'},{'D6'},,,&,1.0,&
{'D7'},{'R2'},{'R3'},{'D1'},{'D2'},{'R1'},,,,,&,1.0,&
{'D7'},{'R2'},{'R3'},{'D1'},{'D2'},{'D3'},{'R1'},{'D4'},{'D5'},{'D6'},&,1.0,&
{'D7'},{'R2'},{'R3'},{'R1'},,,,,,,&,7.0,&
{'D7'},{'R2'},{'R3'},{'R1'},{'D1'},,,,,,&,3.0,&
{'D7'},{'R2'},{'R3'},{'R1'},{'D1'},{'D4'},{'D3'},{'D2'},{'D5'},{'D6'},&,1.0,&
{'D7'},{'R2'},{'R3'},{'R1'},{'D1'},{'D2'},,,,,&,2.0,&
{'D7'},{'R2'},{'R3'},{'R1'},{'D1'},{'D2'},{'D3'},,,,&,1.0,&
{'D7'},{'R2'},{'R3'},{'R1'},{'D1'},{'D2'},{'D4'},,,,&,1.0,&
{'D7'},{'R2'},{'R3'},{'R1'},{'D1'},{'D2'},{'D4'},{'D5'},{'D6'},,&,1.0,&
{'D7'},{'R2'},{'R3'},{'R1'},{'D4'},{'D5'},{'D2'},{'D1'},{'D3'},,&,1.0,&
{'D7'},{'R2'},{'R3'},{'R1'},{'D2'},,,,,,&,2.0,&
{'D7'},{'R2'},{'R3'},{'R1'},{'D2'},{'D4'},,,,,&,1.0,&
{'D7'},{'R2'},{'R3'},{'R1'},{'D2'},{'D4'},{'D3'},,,,&,2.0,&
{'D7'},{'R2'},{'R3'},{'R1'},{'D2'},{'D1'},,,,,&,2.0,&
{'D7'},{'R2'},{'R3'},{'R1'},{'D2'},{'D1'},{'D4'},{'D3'},{'D6'},{'D5'},&,1.0,&
{'D7'},{'R2'},{'R3'},{'R1'},{'D2'},{'D6'},,,,,&,1.0,&
{'D7'},{'R2'},{'R3'},{'R1'},{'D6'},{'D1'},,,,,&,1.0,&
{'D7'},{'R2'},{'R3'},{'R1'},{'D3'},{'D2'},,,,,&,1.0,&
{'D7'},{'R2'},{'R3'},{'R1'},{'D3'},{'D2'},{'D4'},,,,&,1.0,&
{'D7'},{'R2'},{'R3'},{'D4'},{'R1'},{'D2'},{'D1'},{'D5'},{'D6'},{'D3'},&,1.0,&
{'D7'},{'R2'},{'R3'},{'D4'},{'D1'},,,,,,&,1.0,&
{'D7'},{'R2'},{'R3'},{'D4'},{'D2'},{'D1'},{'D5'},,,,&,1.0,&
{'D7'},{'R2'},{'R3'},{'D3'},{'R1'},{'D1'},{'D2'},,,,&,1.0,&
{'D7'},{'R2'},{'R3'},{'D3'},{'D1'},{'D2'},{'R1'},{'D6'},{'D4'},{'D5'},&,1.0,&
{'D7'},{'R2'},{'R3'},{'D3'},{'D2'},{'R1'},{'D6'},,,,&,1.0,&
{'D7'},{'R2'},{'R3'},{'D6'},,,,,,,&,2.0,&
{'D7'},{'R2'},{'R3'},{'D6'},{'R1'},{'D2'},{'D1'},{'D4'},{'D3'},,&,1.0,&
{'D7'},{'R2'},{'R3'},{'D5'},{'D1'},{'D2'},{'D4'},,,,&,1.0,&
{'D7'},{'R2'},{'D1'},,,,,,,,&,7.0,&
{'D7'},{'R2'},{'D1'},{'R3'},{'R1'},,,,,,&,1.0,&
{'D7'},{'R2'},{'D1'},{'R3'},{'R1'},{'D4'},,,,,&,1.0,&
{'D7'},{'R2'},{'D1'},{'R3'},{'R1'},{'D4'},{'D2'},{'D5'},,,&,1.0,&
{'D7'},{'R2'},{'D1'},{'R3'},{'R1'},{'D4'},{'D2'},{'D6'},{'D5'},{'D3'},&,1.0,&
{'D7'},{'R2'},{'D1'},{'R3'},{'R1'},{'D3'},{'D2'},,,,&,1.0,&
{'D7'},{'R2'},{'D1'},{'R3'},{'R1'},{'D2'},{'D4'},,,,&,1.0,&
{'D7'},{'R2'},{'D1'},{'R3'},{'R1'},{'D2'},{'D4'},{'D3'},{'D6'},,&,1.0,&
{'D7'},{'R2'},{'D1'},{'R3'},{'D4'},{'D6'},,,,,&,1.0,&
{'D7'},{'R2'},{'D1'},{'R3'},{'D2'},{'D4'},{'R1'},,,,&,1.0,&
{'D7'},{'R2'},{'D1'},{'R3'},{'D2'},{'R1'},{'D3'},{'D6'},,,&,1.0,&
{'D7'},{'R2'},{'D1'},{'R3'},{'D2'},{'R1'},{'D6'},{'D4'},{'D3'},,&,1.0,&
{'D7'},{'R2'},{'D1'},{'R3'},{'D2'},{'D3'},{'D4'},,,,&,1.0,&
{'D7'},{'R2'},{'D1'},{'R3'},{'D2'},{'D6'},{'D3'},{'D4'},{'D5'},{'R1'},&,1.0,&
{'D7'},{'R2'},{'D1'},{'R3'},{'D6'},{'D4'},{'R1'},{'D2'},{'D3'},{'D5'},&,1.0,&
{'D7'},{'R2'},{'D1'},{'R3'},{'D3'},{'D2'},,,,,&,1.0,&
{'D7'},{'R2'},{'D1'},{'D2'},,,,,,,&,6.0,&
{'D7'},{'R2'},{'D1'},{'D2'},{'R1'},,,,,,&,1.0,&
{'D7'},{'R2'},{'D1'},{'D2'},{'R1'},{'D6'},{'D4'},{'R3'},{'D3'},{'D5'},&,1.0,&
{'D7'},{'R2'},{'D1'},{'D2'},{'R3'},{'D4'},{'R1'},,,,&,1.0,&
{'D7'},{'R2'},{'D1'},{'D2'},{'R3'},{'D4'},{'R1'},{'D5'},{'D3'},,&,1.0,&
{'D7'},{'R2'},{'D1'},{'D2'},{'R3'},{'D4'},{'R1'},{'D3'},{'D6'},,&,1.0,&
{'D7'},{'R2'},{'D1'},{'D2'},{'R3'},{'R1'},{'D5'},{'D3'},{'D4'},{'D6'},&,1.0,&
{'D7'},{'R2'},{'D1'},{'D2'},{'R3'},{'R1'},{'D4'},{'D3'},,,&,1.0,&
{'D7'},{'R2'},{'D1'},{'D2'},{'R3'},{'D3'},{'D4'},,,,&,1.0,&
{'D7'},{'R2'},{'D1'},{'D2'},{'R3'},{'D5'},{'D3'},{'D4'},{'R1'},{'D6'},&,1.0,&
{'D7'},{'R2'},{'D1'},{'D2'},{'D4'},,,,,,&,1.0,&
{'D7'},{'R2'},{'D1'},{'D2'},{'D4'},{'D3'},,,,,&,1.0,&
{'D7'},{'R2'},{'D1'},{'D2'},{'D4'},{'R3'},,,,,&,1.0,&
{'D7'},{'R2'},{'D1'},{'D2'},{'D4'},{'R3'},{'D3'},{'R1'},,,&,1.0,&
{'D7'},{'R2'},{'D1'},{'D2'},{'D4'},{'D6'},{'D3'},{'R3'},{'D5'},,&,1.0,&
{'D7'},{'R2'},{'D1'},{'D2'},{'D6'},{'R3'},{'D4'},{'D3'},{'D5'},,&,1.0,&
{'D7'},{'R2'},{'D1'},{'D2'},{'D3'},,,,,,&,1.0,&
{'D7'},{'R2'},{'D1'},{'D2'},{'D3'},{'R3'},{'R1'},,,,&,1.0,&
{'D7'},{'R2'},{'D1'},{'R1'},{'R3'},{'D2'},,,,,&,1.0,&
{'D7'},{'R2'},{'D1'},{'R1'},{'R3'},{'D2'},{'D3'},{'D4'},{'D5'},,&,1.0,&
{'D7'},{'R2'},{'D1'},{'R1'},{'R3'},{'D2'},{'D6'},{'D3'},,,&,1.0,&
{'D7'},{'R2'},{'D1'},{'D4'},{'R1'},{'D2'},{'R3'},,,,&,1.0,&
{'D7'},{'R2'},{'D1'},{'D4'},{'R3'},{'D6'},{'D2'},{'R1'},{'D5'},,&,1.0,&
{'D7'},{'R2'},{'D1'},{'D4'},{'D2'},,,,,,&,1.0,&
{'D7'},{'R2'},{'D1'},{'D4'},{'D2'},{'R3'},,,,,&,1.0,&
{'D7'},{'R2'},{'D1'},{'D3'},{'R3'},,,,,,&,1.0,&
{'D7'},{'R2'},{'D1'},{'D3'},{'D2'},{'R3'},{'D4'},{'D6'},,,&,1.0,&
{'D7'},{'R2'},{'D1'},{'D6'},{'D2'},{'D4'},{'R1'},{'D5'},{'D3'},{'R3'},&,1.0,&
{'D7'},{'R2'},{'D4'},,,,,,,,&,5.0,&
{'D7'},{'R2'},{'D4'},{'R3'},,,,,,,&,1.0,&
{'D7'},{'R2'},{'D4'},{'R3'},{'R1'},{'D1'},{'D2'},{'D5'},{'D3'},{'D6'},&,1.0,&
{'D7'},{'R2'},{'D4'},{'R3'},{'R1'},{'D6'},{'D1'},,,,&,1.0,&
{'D7'},{'R2'},{'D4'},{'R3'},{'D1'},{'D2'},{'R1'},,,,&,1.0,&
{'D7'},{'R2'},{'D4'},{'R3'},{'D2'},{'D1'},{'D3'},{'R1'},{'D6'},,&,1.0,&
{'D7'},{'R2'},{'D4'},{'R3'},{'D2'},{'D6'},{'R1'},{'D1'},{'D3'},{'D5'},&,1.0,&
{'D7'},{'R2'},{'D4'},{'R3'},{'D6'},{'R1'},{'D2'},{'D3'},{'D5'},,&,1.0,&
{'D7'},{'R2'},{'D4'},{'R3'},{'D3'},{'R1'},{'D2'},{'D5'},{'D6'},{'D1'},&,1.0,&
{'D7'},{'R2'},{'D4'},{'D2'},{'R3'},,,,,,&,1.0,&
{'D7'},{'R2'},{'D4'},{'D2'},{'R3'},{'R1'},,,,,&,1.0,&
{'D7'},{'R2'},{'D4'},{'D2'},{'R3'},{'D1'},{'D6'},{'R1'},{'D3'},,&,1.0,&
{'D7'},{'R2'},{'D4'},{'D2'},{'D1'},,,,,,&,1.0,&
{'D7'},{'R2'},{'D4'},{'D2'},{'D1'},{'R3'},{'R1'},,,,&,1.0,&
{'D7'},{'R2'},{'D4'},{'D2'},{'D3'},{'D1'},,,,,&,1.0,&
{'D7'},{'R2'},{'D4'},{'D1'},{'R1'},{'D2'},,,,,&,1.0,&
{'D7'},{'R2'},{'D4'},{'D1'},{'D2'},,,,,,&,1.0,&
{'D7'},{'R2'},{'D4'},{'D3'},,,,,,,&,1.0,&
{'D7'},{'R2'},{'D4'},{'D3'},{'D2'},{'D6'},{'R3'},{'D1'},{'R1'},,&,1.0,&
{'D7'},{'R2'},{'D4'},{'D6'},{'R3'},{'D2'},{'R1'},{'D1'},{'D3'},,&,1.0,&
{'D7'},{'R2'},,,,,,,,,&,25.0,&
{'D7'},{'R2'},{'R1'},,,,,,,,&,3.0,&
{'D7'},{'R2'},{'R1'},{'R3'},,,,,,,&,3.0,&
{'D7'},{'R2'},{'R1'},{'R3'},{'D1'},{'D2'},{'D4'},{'D6'},{'D3'},,&,1.0,&
{'D7'},{'R2'},{'R1'},{'R3'},{'D4'},{'D2'},{'D1'},{'D3'},{'D5'},,&,1.0,&
{'D7'},{'R2'},{'R1'},{'D2'},{'R3'},,,,,,&,1.0,&
{'D7'},{'R2'},{'R1'},{'D2'},{'D1'},{'D4'},{'D6'},{'D3'},{'D5'},{'R3'},&,1.0,&
{'D7'},{'R2'},{'R1'},{'D2'},{'D1'},{'R3'},{'D4'},{'D3'},{'D5'},{'D6'},&,1.0,&
{'D7'},{'R2'},{'D2'},,,,,,,,&,21.0,&
{'D7'},{'R2'},{'D2'},{'R3'},,,,,,,&,6.0,&
{'D7'},{'R2'},{'D2'},{'R3'},{'R1'},,,,,,&,1.0,&
{'D7'},{'R2'},{'D2'},{'R3'},{'R1'},{'D4'},{'D1'},{'D6'},,,&,1.0,&
{'D7'},{'R2'},{'D2'},{'R3'},{'R1'},{'D1'},{'D6'},{'D4'},{'D5'},{'D3'},&,1.0,&
{'D7'},{'R2'},{'D2'},{'R3'},{'R1'},{'D6'},{'D3'},,,,&,1.0,&
{'D7'},{'R2'},{'D2'},{'R3'},{'D1'},,,,,,&,1.0,&
{'D7'},{'R2'},{'D2'},{'R3'},{'D1'},{'D4'},{'R1'},{'D5'},{'D3'},{'D6'},&,1.0,&
{'D7'},{'R2'},{'D2'},{'R3'},{'D1'},{'D4'},{'D5'},{'D3'},{'D6'},{'R1'},&,1.0,&
{'D7'},{'R2'},{'D2'},{'R3'},{'D1'},{'R1'},{'D3'},{'D4'},,,&,1.0,&
{'D7'},{'R2'},{'D2'},{'R3'},{'D1'},{'R1'},{'D4'},,,,&,2.0,&
{'D7'},{'R2'},{'D2'},{'R3'},{'D1'},{'D6'},{'R1'},{'D4'},,,&,1.0,&
{'D7'},{'R2'},{'D2'},{'R3'},{'D1'},{'D6'},{'D4'},{'D3'},{'D5'},{'R1'},&,1.0,&
{'D7'},{'R2'},{'D2'},{'R3'},{'D4'},,,,,,&,3.0,&
{'D7'},{'R2'},{'D2'},{'R3'},{'D4'},{'R1'},{'D1'},,,,&,1.0,&
{'D7'},{'R2'},{'D2'},{'R3'},{'D4'},{'R1'},{'D1'},{'D5'},{'D6'},{'D3'},&,2.0,&
{'D7'},{'R2'},{'D2'},{'R3'},{'D4'},{'D1'},,,,,&,1.0,&
{'D7'},{'R2'},{'D2'},{'R3'},{'D4'},{'D6'},{'D1'},{'D3'},{'R1'},{'D5'},&,1.0,&
{'D7'},{'R2'},{'D2'},{'R3'},{'D6'},,,,,,&,1.0,&
{'D7'},{'R2'},{'D2'},{'R3'},{'D6'},{'D3'},{'R1'},,,,&,1.0,&
{'D7'},{'R2'},{'D2'},{'D1'},,,,,,,&,2.0,&
{'D7'},{'R2'},{'D2'},{'D1'},{'R3'},,,,,,&,1.0,&
{'D7'},{'R2'},{'D2'},{'D1'},{'R3'},{'D4'},,,,,&,1.0,&
{'D7'},{'R2'},{'D2'},{'D1'},{'R3'},{'D4'},{'D5'},{'D3'},{'R1'},,&,1.0,&
{'D7'},{'R2'},{'D2'},{'D1'},{'R3'},{'R1'},,,,,&,1.0,&
{'D7'},{'R2'},{'D2'},{'D1'},{'R3'},{'R1'},{'D3'},{'D4'},,,&,1.0,&
{'D7'},{'R2'},{'D2'},{'D1'},{'R3'},{'R1'},{'D4'},{'D5'},{'D3'},,&,1.0,&
{'D7'},{'R2'},{'D2'},{'D1'},{'R3'},{'R1'},{'D4'},{'D6'},{'D3'},,&,1.0,&
{'D7'},{'R2'},{'D2'},{'D1'},{'R3'},{'D3'},,,,,&,1.0,&
{'D7'},{'R2'},{'D2'},{'D1'},{'D4'},,,,,,&,1.0,&
{'D7'},{'R2'},{'D2'},{'D1'},{'D4'},{'D5'},{'D6'},{'D3'},{'R3'},{'R1'},&,1.0,&
{'D7'},{'R2'},{'D2'},{'D1'},{'D4'},{'R3'},{'D3'},{'D6'},,,&,1.0,&
{'D7'},{'R2'},{'D2'},{'D1'},{'D4'},{'R3'},{'D3'},{'D6'},{'D5'},,&,1.0,&
{'D7'},{'R2'},{'D2'},{'D1'},{'D4'},{'R3'},{'R1'},{'D6'},,,&,1.0,&
{'D7'},{'R2'},{'D2'},{'D1'},{'D4'},{'D6'},{'R3'},{'R1'},{'D3'},,&,1.0,&
{'D7'},{'R2'},{'D2'},{'D1'},{'D6'},{'D3'},,,,,&,1.0,&
{'D7'},{'R2'},{'D2'},{'D1'},{'D6'},{'R3'},{'D3'},{'R1'},,,&,1.0,&
{'D7'},{'R2'},{'D2'},{'D1'},{'D3'},{'R3'},{'R1'},,,,&,1.0,&
{'D7'},{'R2'},{'D2'},{'D1'},{'D5'},,,,,,&,1.0,&
{'D7'},{'R2'},{'D2'},{'R1'},{'R3'},{'D4'},{'D1'},,,,&,1.0,&
{'D7'},{'R2'},{'D2'},{'R1'},{'D4'},{'R3'},,,,,&,1.0,&
{'D7'},{'R2'},{'D2'},{'D4'},,,,,,,&,3.0,&
{'D7'},{'R2'},{'D2'},{'D4'},{'R1'},{'D1'},{'R3'},{'D3'},,,&,1.0,&
{'D7'},{'R2'},{'D2'},{'D4'},{'R3'},{'D3'},{'R1'},{'D1'},,,&,1.0,&
{'D7'},{'R2'},{'D2'},{'D4'},{'D1'},,,,,,&,1.0,&
{'D7'},{'R2'},{'D2'},{'D4'},{'D1'},{'R1'},{'D6'},{'R3'},,,&,1.0,&
{'D7'},{'R2'},{'D2'},{'D4'},{'D1'},{'R3'},{'D6'},,,,&,1.0,&
{'D7'},{'R2'},{'D2'},{'D4'},{'D1'},{'D6'},{'D3'},{'R3'},{'D5'},,&,1.0,&
{'D7'},{'R2'},{'D2'},{'D4'},{'D6'},{'R3'},,,,,&,1.0,&
{'D7'},{'R2'},{'D2'},{'D4'},{'D3'},{'R3'},,,,,&,1.0,&
{'D7'},{'R2'},{'D2'},{'D3'},,,,,,,&,1.0,&
{'D7'},{'R2'},{'D2'},{'D3'},{'R3'},,,,,,&,1.0,&
{'D7'},{'R2'},{'D2'},{'D3'},{'R3'},{'R1'},,,,,&,1.0,&
{'D7'},{'R2'},{'D2'},{'D3'},{'D1'},,,,,,&,1.0,&
{'D7'},{'R2'},{'D2'},{'D3'},{'D1'},{'D6'},{'D5'},{'D4'},,,&,1.0,&
{'D7'},{'R2'},{'D2'},{'D3'},{'D1'},{'D6'},{'D4'},{'R3'},{'R1'},{'D5'},&,1.0,&
{'D7'},{'R2'},{'D2'},{'D6'},{'R3'},{'D1'},{'R1'},{'D4'},,,&,1.0,&
{'D7'},{'R2'},{'D3'},,,,,,,,&,5.0,&
{'D7'},{'R2'},{'D3'},{'R3'},,,,,,,&,1.0,&
{'D7'},{'R2'},{'D3'},{'R3'},{'D2'},{'R1'},,,,,&,1.0,&
{'D7'},{'R2'},{'D3'},{'R3'},{'D2'},{'D1'},{'D4'},{'R1'},{'D5'},{'D6'},&,1.0,&
{'D7'},{'R2'},{'D3'},{'D2'},{'R3'},{'R1'},{'D1'},,,,&,1.0,&
{'D7'},{'R2'},{'D3'},{'D2'},{'D1'},{'R3'},{'R1'},,,,&,1.0,&
{'D7'},{'R2'},{'D3'},{'D1'},{'D2'},{'D6'},,,,,&,1.0,&
{'D7'},{'R2'},{'D3'},{'R1'},{'R3'},{'D2'},{'D1'},{'D4'},{'D6'},{'D5'},&,1.0,&
{'D7'},{'R2'},{'D6'},{'R3'},{'R1'},,,,,,&,2.0,&
{'D7'},{'R2'},{'D6'},{'R3'},{'D1'},{'R1'},{'D2'},,,,&,1.0,&
{'D7'},{'R2'},{'D6'},{'R3'},{'D2'},{'R1'},{'D1'},,,,&,1.0,&
{'D7'},{'R2'},{'D6'},{'D2'},,,,,,,&,2.0,&
{'D7'},{'R2'},{'D6'},{'D2'},{'R3'},{'D4'},{'D1'},,,,&,1.0,&
{'D7'},{'R2'},{'D6'},{'D2'},{'R3'},{'R1'},{'D1'},{'D4'},,,&,1.0,&
{'D7'},{'R2'},{'D6'},{'D1'},{'R1'},,,,,,&,1.0,&
{'D7'},{'R2'},{'D6'},{'D1'},{'R3'},,,,,,&,1.0,&
{'D7'},{'R2'},{'D6'},{'D1'},{'R3'},{'R1'},{'D2'},,,,&,1.0,&
{'D7'},{'R2'},{'D6'},{'D1'},{'D2'},{'D4'},{'D3'},,,,&,1.0,&
{'D7'},{'R2'},{'D5'},{'D1'},{'D4'},{'D2'},,,,,&,1.0,&
{'D7'},,,,,,,,,,&,225.0,&
{'D7'},{'R3'},{'R2'},,,,,,,,&,20.0,&
{'D7'},{'R3'},{'R2'},{'D2'},,,,,,,&,4.0,&
{'D7'},{'R3'},{'R2'},{'D2'},{'R1'},,,,,,&,3.0,&
{'D7'},{'R3'},{'R2'},{'D2'},{'R1'},{'D3'},{'D1'},{'D6'},,,&,1.0,&
{'D7'},{'R3'},{'R2'},{'D2'},{'R1'},{'D3'},{'D1'},{'D4'},,,&,1.0,&
{'D7'},{'R3'},{'R2'},{'D2'},{'R1'},{'D1'},,,,,&,1.0,&
{'D7'},{'R3'},{'R2'},{'D2'},{'R1'},{'D1'},{'D3'},,,,&,1.0,&
{'D7'},{'R3'},{'R2'},{'D2'},{'R1'},{'D1'},{'D4'},{'D3'},{'D5'},,&,1.0,&
{'D7'},{'R3'},{'R2'},{'D2'},{'R1'},{'D6'},{'D1'},{'D4'},{'D3'},,&,1.0,&
{'D7'},{'R3'},{'R2'},{'D2'},{'D1'},,,,,,&,4.0,&
{'D7'},{'R3'},{'R2'},{'D2'},{'D1'},{'D4'},{'D3'},{'D6'},{'D5'},{'R1'},&,1.0,&
{'D7'},{'R3'},{'R2'},{'D2'},{'D1'},{'D4'},{'D3'},{'R1'},,,&,1.0,&
{'D7'},{'R3'},{'R2'},{'D2'},{'D1'},{'D4'},{'R1'},{'D3'},{'D6'},{'D5'},&,1.0,&
{'D7'},{'R3'},{'R2'},{'D2'},{'D1'},{'R1'},{'D4'},{'D5'},,,&,1.0,&
{'D7'},{'R3'},{'R2'},{'D2'},{'D1'},{'D6'},{'D3'},,,,&,1.0,&
{'D7'},{'R3'},{'R2'},{'D2'},{'D1'},{'D6'},{'D3'},{'D4'},,,&,1.0,&
{'D7'},{'R3'},{'R2'},{'D2'},{'D4'},,,,,,&,1.0,&
{'D7'},{'R3'},{'R2'},{'D2'},{'D4'},{'D1'},,,,,&,1.0,&
{'D7'},{'R3'},{'R2'},{'D2'},{'D4'},{'D1'},{'D3'},{'R1'},,,&,1.0,&
{'D7'},{'R3'},{'R2'},{'D2'},{'D4'},{'D1'},{'R1'},{'D6'},{'D3'},{'D5'},&,1.0,&
{'D7'},{'R3'},{'R2'},{'D2'},{'D6'},,,,,,&,1.0,&
{'D7'},{'R3'},{'R2'},{'D2'},{'D6'},{'D4'},,,,,&,1.0,&
{'D7'},{'R3'},{'R2'},{'D2'},{'D6'},{'R1'},,,,,&,1.0,&
{'D7'},{'R3'},{'R2'},{'D2'},{'D6'},{'R1'},{'D1'},,,,&,1.0,&
{'D7'},{'R3'},{'R2'},{'D2'},{'D3'},,,,,,&,2.0,&
{'D7'},{'R3'},{'R2'},{'D2'},{'D3'},{'D4'},{'R1'},{'D1'},{'D5'},{'D6'},&,1.0,&
{'D7'},{'R3'},{'R2'},{'D2'},{'D5'},{'R1'},{'D4'},{'D1'},{'D6'},{'D3'},&,1.0,&
{'D7'},{'R3'},{'R2'},{'D1'},,,,,,,&,6.0,&
{'D7'},{'R3'},{'R2'},{'D1'},{'R1'},{'D2'},,,,,&,4.0,&
{'D7'},{'R3'},{'R2'},{'D1'},{'R1'},{'D2'},{'D4'},{'D6'},{'D3'},{'D5'},&,1.0,&
{'D7'},{'R3'},{'R2'},{'D1'},{'R1'},{'D2'},{'D4'},{'D3'},{'D6'},{'D5'},&,1.0,&
{'D7'},{'R3'},{'R2'},{'D1'},{'D4'},,,,,,&,2.0,&
{'D7'},{'R3'},{'R2'},{'D1'},{'D4'},{'R1'},{'D2'},{'D3'},,,&,1.0,&
{'D7'},{'R3'},{'R2'},{'D1'},{'D4'},{'D3'},,,,,&,1.0,&
{'D7'},{'R3'},{'R2'},{'D1'},{'D4'},{'D2'},{'D3'},{'D6'},{'D5'},,&,1.0,&
{'D7'},{'R3'},{'R2'},{'D1'},{'D2'},,,,,,&,1.0,&
{'D7'},{'R3'},{'R2'},{'D1'},{'D2'},{'D4'},{'D3'},{'D6'},,,&,1.0,&
{'D7'},{'R3'},{'R2'},{'D1'},{'D2'},{'D4'},{'D3'},{'R1'},,,&,1.0,&
{'D7'},{'R3'},{'R2'},{'D1'},{'D2'},{'D4'},{'D5'},{'R1'},,,&,1.0,&
{'D7'},{'R3'},{'R2'},{'D1'},{'D2'},{'D4'},{'D6'},,,,&,1.0,&
{'D7'},{'R3'},{'R2'},{'D1'},{'D2'},{'R1'},{'D3'},{'D4'},{'D6'},{'D5'},&,1.0,&
{'D7'},{'R3'},{'R2'},{'D1'},{'D2'},{'R1'},{'D6'},{'D4'},{'D3'},{'D5'},&,1.0,&
{'D7'},{'R3'},{'R2'},{'D1'},{'D2'},{'D3'},{'R1'},{'D4'},{'D6'},{'D5'},&,1.0,&
{'D7'},{'R3'},{'R2'},{'D1'},{'D2'},{'D3'},{'D4'},,,,&,1.0,&
{'D7'},{'R3'},{'R2'},{'D1'},{'D6'},{'R1'},,,,,&,1.0,&
{'D7'},{'R3'},{'R2'},{'R1'},,,,,,,&,12.0,&
{'D7'},{'R3'},{'R2'},{'R1'},{'D1'},,,,,,&,7.0,&
{'D7'},{'R3'},{'R2'},{'R1'},{'D1'},{'D4'},,,,,&,1.0,&
{'D7'},{'R3'},{'R2'},{'R1'},{'D1'},{'D4'},{'D6'},,,,&,2.0,&
{'D7'},{'R3'},{'R2'},{'R1'},{'D1'},{'D2'},,,,,&,3.0,&
{'D7'},{'R3'},{'R2'},{'R1'},{'D1'},{'D2'},{'D3'},,,,&,1.0,&
{'D7'},{'R3'},{'R2'},{'R1'},{'D1'},{'D2'},{'D4'},{'D3'},{'D6'},,&,1.0,&
{'D7'},{'R3'},{'R2'},{'R1'},{'D1'},{'D2'},{'D6'},{'D4'},,,&,1.0,&
{'D7'},{'R3'},{'R2'},{'R1'},{'D4'},,,,,,&,1.0,&
{'D7'},{'R3'},{'R2'},{'R1'},{'D4'},{'D2'},{'D1'},{'D3'},,,&,1.0,&
{'D7'},{'R3'},{'R2'},{'R1'},{'D4'},{'D2'},{'D1'},{'D3'},{'D6'},{'D5'},&,1.0,&
{'D7'},{'R3'},{'R2'},{'R1'},{'D4'},{'D2'},{'D6'},{'D1'},{'D3'},{'D5'},&,1.0,&
{'D7'},{'R3'},{'R2'},{'R1'},{'D4'},{'D1'},{'D6'},{'D2'},{'D3'},{'D5'},&,1.0,&
{'D7'},{'R3'},{'R2'},{'R1'},{'D4'},{'D6'},{'D1'},,,,&,1.0,&
{'D7'},{'R3'},{'R2'},{'R1'},{'D2'},,,,,,&,3.0,&
{'D7'},{'R3'},{'R2'},{'R1'},{'D2'},{'D3'},{'D1'},{'D4'},,,&,1.0,&
{'D7'},{'R3'},{'R2'},{'R1'},{'D2'},{'D1'},,,,,&,2.0,&
{'D7'},{'R3'},{'R2'},{'R1'},{'D2'},{'D1'},{'D3'},,,,&,1.0,&
{'D7'},{'R3'},{'R2'},{'R1'},{'D2'},{'D1'},{'D4'},,,,&,1.0,&
{'D7'},{'R3'},{'R2'},{'R1'},{'D2'},{'D1'},{'D4'},{'D3'},,,&,1.0,&
{'D7'},{'R3'},{'R2'},{'R1'},{'D2'},{'D1'},{'D6'},{'D3'},{'D4'},{'D5'},&,1.0,&
{'D7'},{'R3'},{'R2'},{'R1'},{'D2'},{'D6'},,,,,&,1.0,&
{'D7'},{'R3'},{'R2'},{'R1'},{'D2'},{'D6'},{'D4'},{'D1'},,,&,1.0,&
{'D7'},{'R3'},{'R2'},{'R1'},{'D6'},,,,,,&,1.0,&
{'D7'},{'R3'},{'R2'},{'R1'},{'D6'},{'D1'},{'D2'},,,,&,1.0,&
{'D7'},{'R3'},{'R2'},{'R1'},{'D3'},,,,,,&,2.0,&
{'D7'},{'R3'},{'R2'},{'D4'},,,,,,,&,1.0,&
{'D7'},{'R3'},{'R2'},{'D4'},{'R1'},{'D1'},{'D2'},{'D3'},{'D5'},,&,1.0,&
{'D7'},{'R3'},{'R2'},{'D4'},{'D1'},,,,,,&,1.0,&
{'D7'},{'R3'},{'R2'},{'D4'},{'D2'},{'D1'},,,,,&,1.0,&
{'D7'},{'R3'},{'R2'},{'D3'},{'R1'},,,,,,&,1.0,&
{'D7'},{'R3'},{'R2'},{'D3'},{'R1'},{'D1'},,,,,&,1.0,&
{'D7'},{'R3'},{'R2'},{'D3'},{'D2'},,,,,,&,2.0,&
{'D7'},{'R3'},{'R2'},{'D6'},,,,,,,&,3.0,&
{'D7'},{'R3'},{'R2'},{'D6'},{'R1'},{'D2'},{'D1'},{'D3'},,,&,1.0,&
{'D7'},{'R3'},{'R2'},{'D6'},{'D4'},,,,,,&,1.0,&
{'D7'},{'R3'},{'R2'},{'D6'},{'D2'},{'R1'},{'D4'},{'D1'},{'D3'},,&,1.0,&
{'D7'},{'R3'},{'R2'},{'D5'},{'D2'},{'R1'},,,,,&,1.0,&
{'D7'},{'R3'},{'D1'},,,,,,,,&,12.0,&
{'D7'},{'R3'},{'D1'},{'D2'},,,,,,,&,7.0,&
{'D7'},{'R3'},{'D1'},{'D2'},{'R1'},,,,,,&,2.0,&
{'D7'},{'R3'},{'D1'},{'D2'},{'R1'},{'R2'},,,,,&,1.0,&
{'D7'},{'R3'},{'D1'},{'D2'},{'R2'},,,,,,&,1.0,&
{'D7'},{'R3'},{'D1'},{'D2'},{'R2'},{'D4'},{'R1'},{'D6'},{'D3'},,&,1.0,&
{'D7'},{'R3'},{'D1'},{'D2'},{'R2'},{'D4'},{'D6'},{'R1'},{'D3'},{'D5'},&,1.0,&
{'D7'},{'R3'},{'D1'},{'D2'},{'R2'},{'R1'},,,,,&,2.0,&
{'D7'},{'R3'},{'D1'},{'D2'},{'R2'},{'R1'},{'D6'},,,,&,1.0,&
{'D7'},{'R3'},{'D1'},{'D2'},{'R2'},{'D3'},{'R1'},,,,&,1.0,&
{'D7'},{'R3'},{'D1'},{'D2'},{'R2'},{'D3'},{'R1'},{'D4'},{'D6'},,&,1.0,&
{'D7'},{'R3'},{'D1'},{'D2'},{'D4'},,,,,,&,2.0,&
{'D7'},{'R3'},{'D1'},{'D2'},{'D4'},{'R1'},{'D3'},{'R2'},{'D6'},{'D5'},&,1.0,&
{'D7'},{'R3'},{'D1'},{'D2'},{'D4'},{'D3'},{'R2'},{'D6'},{'R1'},,&,1.0,&
{'D7'},{'R3'},{'D1'},{'D2'},{'D4'},{'D5'},{'R1'},,,,&,1.0,&
{'D7'},{'R3'},{'D1'},{'D2'},{'D4'},{'D5'},{'R1'},{'D3'},{'R2'},,&,1.0,&
{'D7'},{'R3'},{'D1'},{'D2'},{'D4'},{'R2'},{'D3'},{'R1'},{'D6'},,&,1.0,&
{'D7'},{'R3'},{'D1'},{'D2'},{'D4'},{'R2'},{'D6'},,,,&,1.0,&
{'D7'},{'R3'},{'D1'},{'D2'},{'D4'},{'D6'},,,,,&,1.0,&
{'D7'},{'R3'},{'D1'},{'D2'},{'D6'},{'D3'},{'R1'},{'R2'},{'D4'},{'D5'},&,1.0,&
{'D7'},{'R3'},{'D1'},{'D2'},{'D6'},{'R2'},,,,,&,1.0,&
{'D7'},{'R3'},{'D1'},{'D2'},{'D6'},{'R2'},{'D3'},{'D4'},{'R1'},{'D5'},&,1.0,&
{'D7'},{'R3'},{'D1'},{'D2'},{'D3'},,,,,,&,1.0,&
{'D7'},{'R3'},{'D1'},{'D2'},{'D3'},{'D5'},{'R2'},{'D4'},{'R1'},,&,1.0,&
{'D7'},{'R3'},{'D1'},{'D2'},{'D3'},{'R2'},{'D6'},{'D4'},{'R1'},,&,1.0,&
{'D7'},{'R3'},{'D1'},{'R1'},{'R2'},,,,,,&,1.0,&
{'D7'},{'R3'},{'D1'},{'R1'},{'R2'},{'D2'},{'D4'},,,,&,1.0,&
{'D7'},{'R3'},{'D1'},{'R1'},{'D2'},{'D4'},{'R2'},{'D3'},,,&,1.0,&
{'D7'},{'R3'},{'D1'},{'R1'},{'D2'},{'R2'},{'D6'},,,,&,1.0,&
{'D7'},{'R3'},{'D1'},{'R1'},{'D3'},{'D2'},,,,,&,1.0,&
{'D7'},{'R3'},{'D1'},{'R2'},,,,,,,&,5.0,&
{'D7'},{'R3'},{'D1'},{'R2'},{'R1'},,,,,,&,2.0,&
{'D7'},{'R3'},{'D1'},{'R2'},{'R1'},{'D2'},,,,,&,2.0,&
{'D7'},{'R3'},{'D1'},{'R2'},{'R1'},{'D2'},{'D3'},,,,&,1.0,&
{'D7'},{'R3'},{'D1'},{'R2'},{'R1'},{'D2'},{'D4'},{'D3'},,,&,1.0,&
{'D7'},{'R3'},{'D1'},{'R2'},{'D4'},{'R1'},{'D2'},,,,&,1.0,&
{'D7'},{'R3'},{'D1'},{'R2'},{'D4'},{'R1'},{'D2'},{'D6'},,,&,1.0,&
{'D7'},{'R3'},{'D1'},{'R2'},{'D4'},{'D5'},{'R1'},,,,&,1.0,&
{'D7'},{'R3'},{'D1'},{'R2'},{'D2'},,,,,,&,2.0,&
{'D7'},{'R3'},{'D1'},{'R2'},{'D2'},{'D4'},,,,,&,1.0,&
{'D7'},{'R3'},{'D1'},{'R2'},{'D2'},{'D4'},{'D3'},{'D6'},,,&,1.0,&
{'D7'},{'R3'},{'D1'},{'R2'},{'D2'},{'D4'},{'D3'},{'R1'},{'D6'},,&,1.0,&
{'D7'},{'R3'},{'D1'},{'R2'},{'D2'},{'R1'},{'D3'},{'D4'},{'D5'},{'D6'},&,1.0,&
{'D7'},{'R3'},{'D1'},{'R2'},{'D2'},{'R1'},{'D4'},,,,&,1.0,&
{'D7'},{'R3'},{'D1'},{'R2'},{'D2'},{'R1'},{'D4'},{'D3'},,,&,1.0,&
{'D7'},{'R3'},{'D1'},{'R2'},{'D2'},{'D3'},{'D5'},{'D4'},{'D6'},,&,1.0,&
{'D7'},{'R3'},{'D1'},{'R2'},{'D6'},{'D2'},{'D4'},{'R1'},{'D3'},{'D5'},&,1.0,&
{'D7'},{'R3'},{'D1'},{'R2'},{'D3'},,,,,,&,2.0,&
{'D7'},{'R3'},{'D1'},{'R2'},{'D5'},{'R1'},{'D2'},{'D6'},{'D4'},,&,1.0,&
{'D7'},{'R3'},{'D1'},{'D4'},,,,,,,&,1.0,&
{'D7'},{'R3'},{'D1'},{'D4'},{'R1'},{'R2'},{'D6'},,,,&,1.0,&
{'D7'},{'R3'},{'D1'},{'D4'},{'R2'},,,,,,&,1.0,&
{'D7'},{'R3'},{'D1'},{'D4'},{'R2'},{'R1'},,,,,&,1.0,&
{'D7'},{'R3'},{'D1'},{'D4'},{'D2'},{'D3'},,,,,&,1.0,&
{'D7'},{'R3'},{'D1'},{'D4'},{'D2'},{'R2'},{'R1'},{'D6'},{'D3'},{'D5'},&,1.0,&
{'D7'},{'R3'},{'D1'},{'D4'},{'D3'},{'R1'},{'R2'},,,,&,1.0,&
{'D7'},{'R3'},{'D1'},{'D3'},{'D2'},,,,,,&,1.0,&
{'D7'},{'R3'},{'D1'},{'D3'},{'D2'},{'D4'},{'R1'},{'D6'},{'R2'},{'D5'},&,1.0,&
{'D7'},{'R3'},{'D1'},{'D3'},{'D2'},{'D4'},{'D5'},,,,&,1.0,&
{'D7'},{'R3'},{'D1'},{'D3'},{'D2'},{'R2'},{'D4'},{'D5'},{'R1'},,&,1.0,&
{'D7'},{'R3'},{'D1'},{'D6'},,,,,,,&,1.0,&
{'D7'},{'R3'},{'D1'},{'D6'},{'R2'},{'D2'},{'R1'},,,,&,1.0,&
{'D7'},{'R3'},{'D1'},{'D5'},,,,,,,&,1.0,&
{'D7'},{'R3'},{'D1'},{'D5'},{'R1'},,,,,,&,1.0,&
{'D7'},{'R3'},{'D4'},,,,,,,,&,9.0,&
{'D7'},{'R3'},{'D4'},{'D2'},,,,,,,&,3.0,&
{'D7'},{'R3'},{'D4'},{'D2'},{'R1'},{'D1'},,,,,&,1.0,&
{'D7'},{'R3'},{'D4'},{'D2'},{'R1'},{'R2'},,,,,&,1.0,&
{'D7'},{'R3'},{'D4'},{'D2'},{'D1'},{'D3'},{'R2'},{'D6'},{'D5'},,&,1.0,&
{'D7'},{'R3'},{'D4'},{'D2'},{'D1'},{'R2'},,,,,&,1.0,&
{'D7'},{'R3'},{'D4'},{'D2'},{'D1'},{'D6'},{'R2'},{'D3'},{'D5'},,&,1.0,&
{'D7'},{'R3'},{'D4'},{'D2'},{'R2'},,,,,,&,1.0,&
{'D7'},{'R3'},{'D4'},{'D2'},{'R2'},{'R1'},{'D1'},{'D6'},{'D3'},,&,1.0,&
{'D7'},{'R3'},{'D4'},{'D2'},{'R2'},{'R1'},{'D1'},{'D3'},,,&,1.0,&
{'D7'},{'R3'},{'D4'},{'D2'},{'R2'},{'R1'},{'D1'},{'D3'},{'D6'},{'D5'},&,1.0,&
{'D7'},{'R3'},{'D4'},{'D2'},{'R2'},{'D1'},{'D6'},,,,&,1.0,&
{'D7'},{'R3'},{'D4'},{'D1'},{'R1'},{'R2'},{'D2'},{'D3'},{'D5'},,&,1.0,&
{'D7'},{'R3'},{'D4'},{'D1'},{'R2'},,,,,,&,1.0,&
{'D7'},{'R3'},{'D4'},{'D1'},{'R2'},{'D2'},{'D3'},{'D6'},{'D5'},{'R1'},&,1.0,&
{'D7'},{'R3'},{'D4'},{'D1'},{'D2'},{'D6'},{'D3'},{'R1'},{'D5'},,&,1.0,&
{'D7'},{'R3'},{'D4'},{'R1'},{'R2'},{'D2'},{'D1'},,,,&,1.0,&
{'D7'},{'R3'},{'D4'},{'R1'},{'R2'},{'D1'},,,,,&,1.0,&
{'D7'},{'R3'},{'D4'},{'R1'},{'D2'},,,,,,&,2.0,&
{'D7'},{'R3'},{'D4'},{'R2'},,,,,,,&,1.0,&
{'D7'},{'R3'},{'D4'},{'R2'},{'R1'},,,,,,&,1.0,&
{'D7'},{'R3'},{'D4'},{'R2'},{'R1'},{'D2'},,,,,&,1.0,&
{'D7'},{'R3'},{'D4'},{'R2'},{'R1'},{'D5'},,,,,&,1.0,&
{'D7'},{'R3'},{'D4'},{'R2'},{'D2'},{'D1'},{'D3'},{'D5'},{'R1'},,&,1.0,&
{'D7'},{'R3'},{'D4'},{'R2'},{'D2'},{'D1'},{'D6'},{'D3'},{'R1'},,&,1.0,&
{'D7'},{'R3'},{'D4'},{'R2'},{'D6'},{'R1'},{'D1'},{'D2'},{'D3'},,&,1.0,&
{'D7'},{'R3'},{'D4'},{'R2'},{'D6'},{'D3'},{'D1'},{'R1'},,,&,1.0,&
{'D7'},{'R3'},{'D4'},{'D6'},{'D2'},{'D1'},,,,,&,1.0,&
{'D7'},{'R3'},,,,,,,,,&,47.0,&
{'D7'},{'R3'},{'R1'},,,,,,,,&,12.0,&
{'D7'},{'R3'},{'R1'},{'D2'},,,,,,,&,2.0,&
{'D7'},{'R3'},{'R1'},{'D2'},{'D1'},{'R2'},,,,,&,1.0,&
{'D7'},{'R3'},{'R1'},{'D2'},{'D1'},{'R2'},{'D4'},,,,&,1.0,&
{'D7'},{'R3'},{'R1'},{'D2'},{'R2'},,,,,,&,1.0,&
{'D7'},{'R3'},{'R1'},{'D2'},{'R2'},{'D4'},{'D1'},{'D3'},{'D5'},,&,1.0,&
{'D7'},{'R3'},{'R1'},{'D2'},{'R2'},{'D1'},{'D4'},{'D6'},{'D3'},{'D5'},&,1.0,&
{'D7'},{'R3'},{'R1'},{'D2'},{'D4'},{'D1'},{'D3'},{'D5'},{'D6'},{'R2'},&,1.0,&
{'D7'},{'R3'},{'R1'},{'D2'},{'D6'},{'R2'},{'D4'},,,,&,1.0,&
{'D7'},{'R3'},{'R1'},{'D1'},,,,,,,&,3.0,&
{'D7'},{'R3'},{'R1'},{'D1'},{'R2'},{'D4'},{'D2'},{'D3'},,,&,1.0,&
{'D7'},{'R3'},{'R1'},{'D1'},{'R2'},{'D2'},{'D5'},,,,&,1.0,&
{'D7'},{'R3'},{'R1'},{'D1'},{'D4'},,,,,,&,1.0,&
{'D7'},{'R3'},{'R1'},{'D1'},{'D2'},,,,,,&,1.0,&
{'D7'},{'R3'},{'R1'},{'R2'},,,,,,,&,2.0,&
{'D7'},{'R3'},{'R1'},{'R2'},{'D1'},,,,,,&,1.0,&
{'D7'},{'R3'},{'R1'},{'R2'},{'D2'},,,,,,&,1.0,&
{'D7'},{'R3'},{'R1'},{'R2'},{'D2'},{'D4'},,,,,&,2.0,&
{'D7'},{'R3'},{'R1'},{'R2'},{'D2'},{'D1'},{'D4'},,,,&,1.0,&
{'D7'},{'R3'},{'R1'},{'R2'},{'D2'},{'D1'},{'D4'},{'D3'},{'D6'},{'D5'},&,1.0,&
{'D7'},{'R3'},{'R1'},{'R2'},{'D6'},{'D2'},,,,,&,1.0,&
{'D7'},{'R3'},{'R1'},{'R2'},{'D6'},{'D2'},{'D1'},{'D3'},,,&,1.0,&
{'D7'},{'R3'},{'R1'},{'D4'},{'R2'},{'D1'},,,,,&,1.0,&
{'D7'},{'R3'},{'D2'},,,,,,,,&,27.0,&
{'D7'},{'R3'},{'D2'},{'D1'},,,,,,,&,6.0,&
{'D7'},{'R3'},{'D2'},{'D1'},{'R1'},,,,,,&,1.0,&
{'D7'},{'R3'},{'D2'},{'D1'},{'R1'},{'D3'},{'D4'},{'D6'},,,&,1.0,&
{'D7'},{'R3'},{'D2'},{'D1'},{'R1'},{'D6'},{'D3'},{'R2'},{'D4'},,&,1.0,&
{'D7'},{'R3'},{'D2'},{'D1'},{'R1'},{'D6'},{'R2'},,,,&,1.0,&
{'D7'},{'R3'},{'D2'},{'D1'},{'R2'},,,,,,&,2.0,&
{'D7'},{'R3'},{'D2'},{'D1'},{'R2'},{'D4'},{'D6'},{'R1'},{'D5'},,&,1.0,&
{'D7'},{'R3'},{'D2'},{'D1'},{'R2'},{'R1'},,,,,&,1.0,&
{'D7'},{'R3'},{'D2'},{'D1'},{'R2'},{'R1'},{'D3'},{'D4'},{'D6'},,&,1.0,&
{'D7'},{'R3'},{'D2'},{'D1'},{'R2'},{'R1'},{'D5'},{'D4'},{'D6'},,&,1.0,&
{'D7'},{'R3'},{'D2'},{'D1'},{'R2'},{'D3'},,,,,&,1.0,&
{'D7'},{'R3'},{'D2'},{'D1'},{'R2'},{'D3'},{'D4'},{'R1'},{'D5'},,&,1.0,&
{'D7'},{'R3'},{'D2'},{'D1'},{'R2'},{'D6'},{'R1'},{'D5'},{'D4'},,&,1.0,&
{'D7'},{'R3'},{'D2'},{'D1'},{'D4'},{'D3'},,,,,&,1.0,&
{'D7'},{'R3'},{'D2'},{'D1'},{'D4'},{'D3'},{'D5'},,,,&,1.0,&
{'D7'},{'R3'},{'D2'},{'D1'},{'D4'},{'D3'},{'R2'},{'R1'},{'D6'},{'D5'},&,1.0,&
{'D7'},{'R3'},{'D2'},{'D1'},{'D4'},{'R2'},,,,,&,2.0,&
{'D7'},{'R3'},{'D2'},{'D1'},{'D4'},{'R2'},{'D6'},{'D5'},{'D3'},{'R1'},&,1.0,&
{'D7'},{'R3'},{'D2'},{'D1'},{'D4'},{'D6'},{'R2'},{'R1'},,,&,1.0,&
{'D7'},{'R3'},{'D2'},{'D1'},{'D6'},,,,,,&,1.0,&
{'D7'},{'R3'},{'D2'},{'D1'},{'D3'},{'D6'},{'D4'},,,,&,1.0,&
{'D7'},{'R3'},{'D2'},{'D1'},{'D5'},{'D4'},{'R2'},{'D6'},{'D3'},{'R1'},&,1.0,&
{'D7'},{'R3'},{'D2'},{'D1'},{'D5'},{'R2'},{'R1'},{'D4'},,,&,1.0,&
{'D7'},{'R3'},{'D2'},{'R1'},,,,,,,&,2.0,&
{'D7'},{'R3'},{'D2'},{'R1'},{'D1'},{'D4'},,,,,&,1.0,&
{'D7'},{'R3'},{'D2'},{'R1'},{'D1'},{'R2'},,,,,&,1.0,&
{'D7'},{'R3'},{'D2'},{'R1'},{'D1'},{'R2'},{'D3'},{'D6'},{'D4'},{'D5'},&,1.0,&
{'D7'},{'R3'},{'D2'},{'R1'},{'D1'},{'R2'},{'D4'},,,,&,1.0,&
{'D7'},{'R3'},{'D2'},{'R1'},{'D1'},{'D6'},,,,,&,1.0,&
{'D7'},{'R3'},{'D2'},{'R1'},{'R2'},,,,,,&,1.0,&
{'D7'},{'R3'},{'D2'},{'R1'},{'R2'},{'D4'},,,,,&,1.0,&
{'D7'},{'R3'},{'D2'},{'R1'},{'R2'},{'D1'},{'D3'},,,,&,1.0,&
{'D7'},{'R3'},{'D2'},{'R1'},{'D4'},{'D1'},{'D3'},,,,&,1.0,&
{'D7'},{'R3'},{'D2'},{'R2'},,,,,,,&,3.0,&
{'D7'},{'R3'},{'D2'},{'R2'},{'R1'},,,,,,&,2.0,&
{'D7'},{'R3'},{'D2'},{'R2'},{'R1'},{'D3'},,,,,&,1.0,&
{'D7'},{'R3'},{'D2'},{'R2'},{'R1'},{'D3'},{'D1'},{'D5'},,,&,1.0,&
{'D7'},{'R3'},{'D2'},{'R2'},{'R1'},{'D3'},{'D1'},{'D6'},{'D4'},{'D5'},&,1.0,&
{'D7'},{'R3'},{'D2'},{'R2'},{'R1'},{'D1'},{'D3'},{'D6'},{'D5'},,&,1.0,&
{'D7'},{'R3'},{'D2'},{'R2'},{'R1'},{'D1'},{'D5'},{'D4'},,,&,1.0,&
{'D7'},{'R3'},{'D2'},{'R2'},{'R1'},{'D1'},{'D4'},,,,&,1.0,&
{'D7'},{'R3'},{'D2'},{'R2'},{'D1'},,,,,,&,2.0,&
{'D7'},{'R3'},{'D2'},{'R2'},{'D1'},{'D4'},{'D6'},{'D3'},{'R1'},{'D5'},&,1.0,&
{'D7'},{'R3'},{'D2'},{'R2'},{'D1'},{'R1'},,,,,&,1.0,&
{'D7'},{'R3'},{'D2'},{'R2'},{'D1'},{'R1'},{'D4'},,,,&,1.0,&
{'D7'},{'R3'},{'D2'},{'R2'},{'D1'},{'D3'},,,,,&,1.0,&
{'D7'},{'R3'},{'D2'},{'R2'},{'D1'},{'D3'},{'R1'},,,,&,1.0,&
{'D7'},{'R3'},{'D2'},{'R2'},{'D1'},{'D3'},{'D6'},{'R1'},,,&,1.0,&
{'D7'},{'R3'},{'D2'},{'R2'},{'D1'},{'D5'},{'R1'},,,,&,1.0,&
{'D7'},{'R3'},{'D2'},{'R2'},{'D1'},{'D6'},{'R1'},,,,&,1.0,&
{'D7'},{'R3'},{'D2'},{'R2'},{'D4'},,,,,,&,1.0,&
{'D7'},{'R3'},{'D2'},{'R2'},{'D6'},{'R1'},{'D4'},{'D1'},,,&,1.0,&
{'D7'},{'R3'},{'D2'},{'R2'},{'D3'},,,,,,&,1.0,&
{'D7'},{'R3'},{'D2'},{'D4'},,,,,,,&,3.0,&
{'D7'},{'R3'},{'D2'},{'D4'},{'R1'},{'D1'},{'R2'},{'D3'},,,&,1.0,&
{'D7'},{'R3'},{'D2'},{'D4'},{'D1'},,,,,,&,1.0,&
{'D7'},{'R3'},{'D2'},{'D4'},{'D1'},{'R1'},,,,,&,1.0,&
{'D7'},{'R3'},{'D2'},{'D4'},{'D1'},{'R2'},{'R1'},,,,&,1.0,&
{'D7'},{'R3'},{'D2'},{'D4'},{'D1'},{'R2'},{'R1'},{'D5'},{'D6'},{'D3'},&,1.0,&
{'D7'},{'R3'},{'D2'},{'D4'},{'D1'},{'R2'},{'D6'},{'D3'},{'R1'},,&,1.0,&
{'D7'},{'R3'},{'D2'},{'D4'},{'D1'},{'D6'},{'R2'},{'R1'},,,&,1.0,&
{'D7'},{'R3'},{'D2'},{'D4'},{'R2'},,,,,,&,2.0,&
{'D7'},{'R3'},{'D2'},{'D4'},{'R2'},{'R1'},{'D3'},,,,&,1.0,&
{'D7'},{'R3'},{'D2'},{'D4'},{'R2'},{'R1'},{'D1'},,,,&,1.0,&
{'D7'},{'R3'},{'D2'},{'D4'},{'R2'},{'R1'},{'D6'},{'D1'},{'D3'},,&,1.0,&
{'D7'},{'R3'},{'D2'},{'D4'},{'R2'},{'D1'},{'R1'},,,,&,1.0,&
{'D7'},{'R3'},{'D2'},{'D4'},{'R2'},{'D1'},{'R1'},{'D6'},{'D3'},,&,1.0,&
{'D7'},{'R3'},{'D2'},{'D4'},{'R2'},{'D6'},{'R1'},,,,&,1.0,&
{'D7'},{'R3'},{'D2'},{'D4'},{'D6'},,,,,,&,1.0,&
{'D7'},{'R3'},{'D2'},{'D3'},,,,,,,&,3.0,&
{'D7'},{'R3'},{'D2'},{'D3'},{'D1'},{'D4'},,,,,&,2.0,&
{'D7'},{'R3'},{'D2'},{'D3'},{'D1'},{'D5'},{'D4'},{'D6'},{'R2'},,&,1.0,&
{'D7'},{'R3'},{'D2'},{'D3'},{'D1'},{'R2'},{'D4'},{'R1'},,,&,1.0,&
{'D7'},{'R3'},{'D2'},{'D3'},{'R2'},{'D1'},{'R1'},{'D4'},,,&,1.0,&
{'D7'},{'R3'},{'D2'},{'D3'},{'D4'},,,,,,&,1.0,&
{'D7'},{'R3'},{'D2'},{'D3'},{'D5'},{'D1'},{'D4'},{'D6'},,,&,1.0,&
{'D7'},{'R3'},{'D2'},{'D6'},{'D1'},{'D4'},,,,,&,1.0,&
{'D7'},{'R3'},{'D2'},{'D6'},{'D1'},{'D4'},{'R2'},{'R1'},,,&,1.0,&
{'D7'},{'R3'},{'D2'},{'D6'},{'R2'},{'D4'},{'R1'},{'D1'},{'D3'},{'D5'},&,1.0,&
{'D7'},{'R3'},{'D2'},{'D6'},{'R2'},{'R1'},{'D3'},{'D1'},,,&,1.0,&
{'D7'},{'R3'},{'D2'},{'D6'},{'R2'},{'D1'},,,,,&,1.0,&
{'D7'},{'R3'},{'D2'},{'D6'},{'D4'},{'D1'},{'D5'},{'D3'},{'R2'},,&,1.0,&
{'D7'},{'R3'},{'D2'},{'D5'},{'R2'},{'R1'},{'D1'},,,,&,1.0,&
{'D7'},{'R3'},{'D3'},{'D2'},,,,,,,&,2.0,&
{'D7'},{'R3'},{'D3'},{'D2'},{'R1'},,,,,,&,1.0,&
{'D7'},{'R3'},{'D3'},{'D2'},{'D1'},,,,,,&,2.0,&
{'D7'},{'R3'},{'D3'},{'D2'},{'D1'},{'D4'},{'D6'},{'D5'},{'R2'},{'R1'},&,1.0,&
{'D7'},{'R3'},{'D3'},{'D2'},{'D1'},{'R2'},{'D4'},{'D6'},,,&,1.0,&
{'D7'},{'R3'},{'D3'},{'D2'},{'R2'},,,,,,&,1.0,&
{'D7'},{'R3'},{'D3'},{'D1'},{'D2'},,,,,,&,1.0,&
{'D7'},{'R3'},{'D3'},{'R2'},,,,,,,&,1.0,&
{'D7'},{'R3'},{'D3'},{'R2'},{'R1'},,,,,,&,1.0,&
{'D7'},{'R3'},{'D3'},{'R2'},{'R1'},{'D1'},{'D2'},,,,&,1.0,&
{'D7'},{'R3'},{'D3'},{'R2'},{'R1'},{'D6'},,,,,&,1.0,&
{'D7'},{'R3'},{'D3'},{'R2'},{'D4'},{'D2'},{'R1'},,,,&,1.0,&
{'D7'},{'R3'},{'D3'},{'D4'},{'R1'},{'D1'},{'D2'},,,,&,1.0,&
{'D7'},{'R3'},{'D3'},{'D4'},{'D1'},,,,,,&,1.0,&
{'D7'},{'R3'},{'D6'},,,,,,,,&,4.0,&
{'D7'},{'R3'},{'D6'},{'D2'},{'R2'},,,,,,&,1.0,&
{'D7'},{'R3'},{'D6'},{'D2'},{'R2'},{'R1'},{'D1'},,,,&,1.0,&
{'D7'},{'R3'},{'D6'},{'D1'},,,,,,,&,1.0,&
{'D7'},{'R3'},{'D6'},{'D1'},{'R1'},{'D2'},{'R2'},{'D3'},,,&,1.0,&
{'D7'},{'R3'},{'D6'},{'D1'},{'D2'},{'R2'},{'D3'},{'R1'},{'D4'},,&,1.0,&
{'D7'},{'R3'},{'D6'},{'R1'},{'D2'},{'R2'},{'D4'},{'D1'},{'D3'},{'D5'},&,1.0,&
{'D7'},{'R3'},{'D6'},{'R2'},,,,,,,&,4.0,&
{'D7'},{'R3'},{'D6'},{'R2'},{'R1'},,,,,,&,1.0,&
{'D7'},{'R3'},{'D6'},{'R2'},{'R1'},{'D2'},,,,,&,1.0,&
{'D7'},{'R3'},{'D6'},{'R2'},{'D2'},{'D4'},{'R1'},{'D3'},{'D1'},{'D5'},&,1.0,&
{'D7'},{'R3'},{'D6'},{'R2'},{'D2'},{'R1'},{'D1'},{'D4'},{'D5'},{'D3'},&,1.0,&
{'D7'},{'R3'},{'D6'},{'R2'},{'D2'},{'R1'},{'D1'},{'D4'},{'D3'},,&,1.0,&
{'D7'},{'R3'},{'D6'},{'R2'},{'D2'},{'D3'},{'R1'},{'D1'},,,&,1.0,&
{'D7'},{'R3'},{'D6'},{'R2'},{'D3'},{'D1'},{'R1'},{'D2'},{'D4'},{'D5'},&,1.0,&
{'D7'},{'R3'},{'D6'},{'D4'},{'D1'},{'D2'},{'R2'},{'D3'},,,&,1.0,&
{'D7'},{'R3'},{'D6'},{'D4'},{'D2'},,,,,,&,1.0,&
{'D7'},{'R3'},{'D6'},{'D4'},{'D2'},{'R2'},,,,,&,1.0,&
{'D7'},{'R3'},{'D6'},{'D3'},{'R2'},{'D2'},{'R1'},{'D1'},{'D4'},{'D5'},&,1.0,&
{'D7'},{'R3'},{'D6'},{'D3'},{'D2'},{'R2'},,,,,&,1.0,&
{'D7'},{'R3'},{'D5'},{'D1'},{'D2'},{'R1'},{'D4'},,,,&,1.0,&
{'D7'},{'D4'},{'R3'},,,,,,,,&,5.0,&
{'D7'},{'D4'},{'R3'},{'D2'},,,,,,,&,3.0,&
{'D7'},{'D4'},{'R3'},{'D2'},{'R1'},,,,,,&,1.0,&
{'D7'},{'D4'},{'R3'},{'D2'},{'R1'},{'D1'},{'R2'},,,,&,1.0,&
{'D7'},{'D4'},{'R3'},{'D2'},{'D1'},,,,,,&,2.0,&
{'D7'},{'D4'},{'R3'},{'D2'},{'D1'},{'D5'},{'R2'},{'D3'},,,&,1.0,&
{'D7'},{'D4'},{'R3'},{'D2'},{'D1'},{'D5'},{'R2'},{'R1'},{'D3'},{'D6'},&,1.0,&
{'D7'},{'D4'},{'R3'},{'D2'},{'D6'},{'D1'},{'R2'},{'R1'},{'D3'},,&,1.0,&
{'D7'},{'D4'},{'R3'},{'D1'},,,,,,,&,2.0,&
{'D7'},{'D4'},{'R3'},{'D1'},{'R2'},{'R1'},,,,,&,1.0,&
{'D7'},{'D4'},{'R3'},{'D1'},{'R2'},{'D3'},{'R1'},,,,&,1.0,&
{'D7'},{'D4'},{'R3'},{'D1'},{'R2'},{'D2'},,,,,&,1.0,&
{'D7'},{'D4'},{'R3'},{'D1'},{'R2'},{'D2'},{'D3'},{'R1'},{'D6'},{'D5'},&,1.0,&
{'D7'},{'D4'},{'R3'},{'D1'},{'D2'},{'R2'},{'D6'},{'D3'},{'D5'},{'R1'},&,1.0,&
{'D7'},{'D4'},{'R3'},{'D1'},{'D2'},{'D6'},{'D3'},{'R2'},{'D5'},{'R1'},&,1.0,&
{'D7'},{'D4'},{'R3'},{'R1'},,,,,,,&,2.0,&
{'D7'},{'D4'},{'R3'},{'R1'},{'D1'},,,,,,&,1.0,&
{'D7'},{'D4'},{'R3'},{'R1'},{'R2'},{'D2'},,,,,&,1.0,&
{'D7'},{'D4'},{'R3'},{'R2'},,,,,,,&,2.0,&
{'D7'},{'D4'},{'R3'},{'R2'},{'R1'},,,,,,&,1.0,&
{'D7'},{'D4'},{'R3'},{'R2'},{'R1'},{'D2'},{'D6'},{'D1'},{'D3'},,&,1.0,&
{'D7'},{'D4'},{'R3'},{'R2'},{'D1'},{'R1'},,,,,&,1.0,&
{'D7'},{'D4'},{'R3'},{'R2'},{'D1'},{'R1'},{'D5'},{'D2'},{'D6'},{'D3'},&,1.0,&
{'D7'},{'D4'},{'R3'},{'R2'},{'D1'},{'D2'},,,,,&,1.0,&
{'D7'},{'D4'},{'R3'},{'R2'},{'D1'},{'D2'},{'R1'},{'D3'},,,&,1.0,&
{'D7'},{'D4'},{'R3'},{'R2'},{'D1'},{'D2'},{'D6'},{'R1'},,,&,1.0,&
{'D7'},{'D4'},{'R3'},{'R2'},{'D3'},{'D2'},,,,,&,1.0,&
{'D7'},{'D4'},{'R3'},{'D3'},{'D2'},{'D1'},,,,,&,1.0,&
{'D7'},{'D4'},{'R3'},{'D3'},{'D2'},{'R2'},{'R1'},{'D1'},,,&,1.0,&
{'D7'},{'D4'},{'R2'},,,,,,,,&,2.0,&
{'D7'},{'D4'},{'R2'},{'R3'},{'R1'},{'D2'},{'D1'},{'D6'},{'D5'},,&,1.0,&
{'D7'},{'D4'},{'R2'},{'R3'},{'R1'},{'D1'},{'D6'},{'D3'},{'D2'},{'D5'},&,1.0,&
{'D7'},{'D4'},{'R2'},{'R3'},{'D1'},{'D2'},{'R1'},{'D3'},{'D6'},,&,1.0,&
{'D7'},{'D4'},{'R2'},{'R3'},{'D1'},{'D2'},{'D6'},{'D3'},{'D5'},{'R1'},&,1.0,&
{'D7'},{'D4'},{'R2'},{'R3'},{'D1'},{'D6'},{'D2'},{'R1'},,,&,1.0,&
{'D7'},{'D4'},{'R2'},{'R3'},{'D2'},{'D1'},{'D3'},{'R1'},{'D6'},,&,1.0,&
{'D7'},{'D4'},{'R2'},{'D2'},,,,,,,&,1.0,&
{'D7'},{'D4'},{'R2'},{'D2'},{'R3'},,,,,,&,1.0,&
{'D7'},{'D4'},{'R2'},{'D2'},{'D1'},{'D6'},,,,,&,1.0,&
{'D7'},{'D4'},{'R2'},{'D1'},,,,,,,&,1.0,&
{'D7'},{'D4'},{'R2'},{'D1'},{'R3'},{'D2'},,,,,&,1.0,&
{'D7'},{'D4'},{'R2'},{'D1'},{'D2'},{'D3'},{'D6'},{'R3'},,,&,1.0,&
{'D7'},{'D4'},{'R2'},{'D1'},{'D2'},{'D6'},,,,,&,1.0,&
{'D7'},{'D4'},{'R2'},{'D6'},,,,,,,&,1.0,&
{'D7'},{'D4'},{'R2'},{'D6'},{'D2'},{'D1'},{'D3'},{'R3'},{'D5'},{'R1'},&,1.0,&
{'D7'},{'D4'},{'D1'},,,,,,,,&,7.0,&
{'D7'},{'D4'},{'D1'},{'R3'},,,,,,,&,2.0,&
{'D7'},{'D4'},{'D1'},{'R3'},{'R2'},,,,,,&,1.0,&
{'D7'},{'D4'},{'D1'},{'R3'},{'R2'},{'R1'},,,,,&,1.0,&
{'D7'},{'D4'},{'D1'},{'R3'},{'R2'},{'D2'},{'D3'},{'R1'},{'D6'},{'D5'},&,1.0,&
{'D7'},{'D4'},{'D1'},{'R3'},{'D2'},,,,,,&,1.0,&
{'D7'},{'D4'},{'D1'},{'D2'},,,,,,,&,2.0,&
{'D7'},{'D4'},{'D1'},{'D2'},{'R1'},{'D3'},,,,,&,1.0,&
{'D7'},{'D4'},{'D1'},{'D2'},{'R3'},{'D3'},{'D6'},{'R2'},,,&,1.0,&
{'D7'},{'D4'},{'D1'},{'D2'},{'R2'},,,,,,&,1.0,&
{'D7'},{'D4'},{'D1'},{'D2'},{'R2'},{'D6'},{'D3'},{'R3'},{'D5'},{'R1'},&,1.0,&
{'D7'},{'D4'},{'D1'},{'D2'},{'D6'},{'D3'},,,,,&,1.0,&
{'D7'},{'D4'},{'D1'},{'D2'},{'D6'},{'D3'},{'R3'},{'D5'},{'R2'},{'R1'},&,1.0,&
{'D7'},{'D4'},{'D1'},{'D2'},{'D5'},,,,,,&,1.0,&
{'D7'},{'D4'},{'D1'},{'R2'},,,,,,,&,1.0,&
{'D7'},{'D4'},{'D1'},{'R2'},{'R3'},,,,,,&,1.0,&
{'D7'},{'D4'},{'D1'},{'R2'},{'D2'},,,,,,&,1.0,&
{'D7'},{'D4'},{'D1'},{'R2'},{'D2'},{'R3'},{'R1'},{'D5'},{'D3'},{'D6'},&,1.0,&
{'D7'},{'D4'},{'D1'},{'R2'},{'D2'},{'D6'},,,,,&,1.0,&
{'D7'},{'D4'},{'D1'},{'R2'},{'D2'},{'D6'},{'D3'},{'R3'},{'D5'},{'R1'},&,1.0,&
{'D7'},{'D4'},{'D1'},{'R2'},{'D5'},{'R3'},{'D3'},{'R1'},,,&,1.0,&
{'D7'},{'D4'},{'D1'},{'D3'},,,,,,,&,1.0,&
{'D7'},{'D4'},{'D1'},{'D3'},{'R3'},{'D2'},{'R2'},{'D6'},{'D5'},{'R1'},&,1.0,&
{'D7'},{'D4'},{'D1'},{'D3'},{'D6'},{'R2'},{'R1'},{'D2'},{'D5'},,&,1.0,&
{'D7'},{'D4'},{'D1'},{'D6'},{'R2'},,,,,,&,1.0,&
{'D7'},{'D4'},{'D1'},{'D6'},{'D2'},{'R3'},{'R2'},{'R1'},{'D3'},,&,1.0,&
{'D7'},{'D4'},{'D1'},{'D5'},{'D2'},{'R2'},,,,,&,1.0,&
{'D7'},{'D4'},,,,,,,,,&,18.0,&
{'D7'},{'D4'},{'R1'},{'R3'},{'D2'},,,,,,&,1.0,&
{'D7'},{'D4'},{'R1'},{'D2'},{'R3'},{'D1'},{'D3'},{'R2'},{'D6'},{'D5'},&,1.0,&
{'D7'},{'D4'},{'R1'},{'D1'},{'R2'},{'D2'},{'R3'},,,,&,1.0,&
{'D7'},{'D4'},{'R1'},{'D3'},,,,,,,&,1.0,&
{'D7'},{'D4'},{'D2'},,,,,,,,&,13.0,&
{'D7'},{'D4'},{'D2'},{'R3'},,,,,,,&,1.0,&
{'D7'},{'D4'},{'D2'},{'R3'},{'R1'},,,,,,&,1.0,&
{'D7'},{'D4'},{'D2'},{'R3'},{'D1'},{'R2'},{'D3'},{'R1'},,,&,1.0,&
{'D7'},{'D4'},{'D2'},{'R3'},{'D1'},{'D6'},{'D3'},{'D5'},,,&,2.0,&
{'D7'},{'D4'},{'D2'},{'R3'},{'R2'},,,,,,&,1.0,&
{'D7'},{'D4'},{'D2'},{'R3'},{'R2'},{'R1'},,,,,&,1.0,&
{'D7'},{'D4'},{'D2'},{'R3'},{'R2'},{'R1'},{'D3'},,,,&,1.0,&
{'D7'},{'D4'},{'D2'},{'R3'},{'R2'},{'D6'},{'R1'},,,,&,1.0,&
{'D7'},{'D4'},{'D2'},{'R3'},{'D6'},{'R2'},{'D3'},{'R1'},,,&,1.0,&
{'D7'},{'D4'},{'D2'},{'R3'},{'D3'},{'D1'},,,,,&,1.0,&
{'D7'},{'D4'},{'D2'},{'D1'},,,,,,,&,6.0,&
{'D7'},{'D4'},{'D2'},{'D1'},{'R3'},,,,,,&,2.0,&
{'D7'},{'D4'},{'D2'},{'D1'},{'R3'},{'D3'},{'R2'},{'D6'},,,&,1.0,&
{'D7'},{'D4'},{'D2'},{'D1'},{'R2'},,,,,,&,1.0,&
{'D7'},{'D4'},{'D2'},{'D1'},{'R2'},{'R3'},,,,,&,1.0,&
{'D7'},{'D4'},{'D2'},{'D1'},{'D6'},,,,,,&,1.0,&
{'D7'},{'D4'},{'D2'},{'D1'},{'D6'},{'R1'},{'R3'},{'R2'},,,&,1.0,&
{'D7'},{'D4'},{'D2'},{'D1'},{'D6'},{'D3'},,,,,&,1.0,&
{'D7'},{'D4'},{'D2'},{'D1'},{'D6'},{'R2'},{'D3'},{'D5'},,,&,1.0,&
{'D7'},{'D4'},{'D2'},{'D1'},{'D3'},,,,,,&,1.0,&
{'D7'},{'D4'},{'D2'},{'D1'},{'D3'},{'D6'},{'D5'},{'R3'},,,&,1.0,&
{'D7'},{'D4'},{'D2'},{'R1'},{'R3'},{'D1'},{'D6'},,,,&,1.0,&
{'D7'},{'D4'},{'D2'},{'R1'},{'D3'},{'R3'},{'D6'},{'R2'},,,&,1.0,&
{'D7'},{'D4'},{'D2'},{'R2'},{'R3'},{'R1'},{'D3'},{'D1'},,,&,1.0,&
{'D7'},{'D4'},{'D2'},{'R2'},{'D6'},{'R3'},,,,,&,1.0,&
{'D7'},{'D4'},{'D2'},{'D3'},,,,,,,&,1.0,&
{'D7'},{'D4'},{'D2'},{'D3'},{'R3'},{'D1'},{'D6'},{'R2'},{'D5'},,&,1.0,&
{'D7'},{'D4'},{'D2'},{'D3'},{'D1'},{'R2'},{'R3'},{'D6'},{'R1'},{'D5'},&,1.0,&
{'D7'},{'D4'},{'D2'},{'D3'},{'D1'},{'R3'},{'D5'},{'D6'},,,&,1.0,&
{'D7'},{'D4'},{'D2'},{'D3'},{'D1'},{'D6'},,,,,&,1.0,&
{'D7'},{'D4'},{'D2'},{'D6'},{'D1'},{'R3'},{'D3'},{'R2'},,,&,1.0,&
{'D7'},{'D4'},{'D2'},{'D6'},{'R2'},{'D1'},{'R3'},,,,&,1.0,&
{'D7'},{'D4'},{'D2'},{'D6'},{'D3'},{'D1'},{'D5'},{'R3'},{'R2'},{'R1'},&,1.0,&
{'D7'},{'D4'},{'D2'},{'D6'},{'D3'},{'D1'},{'R2'},,,,&,1.0,&
{'D7'},{'D4'},{'D2'},{'D6'},{'D3'},{'R3'},,,,,&,1.0,&
{'D7'},{'D4'},{'D2'},{'D5'},{'R3'},{'D1'},{'D6'},{'R2'},,,&,1.0,&
{'D7'},{'D4'},{'D3'},{'R3'},{'D2'},{'D1'},{'D6'},{'R2'},{'R1'},{'D5'},&,1.0,&
{'D7'},{'D4'},{'D3'},{'D2'},{'R1'},,,,,,&,1.0,&
{'D7'},{'D4'},{'D3'},{'R2'},{'D2'},{'D1'},,,,,&,1.0,&
{'D7'},{'D4'},{'D6'},{'R3'},{'D2'},{'R2'},{'R1'},,,,&,1.0,&
{'D7'},{'D4'},{'D6'},{'D2'},{'R1'},{'R3'},{'D1'},{'R2'},{'D3'},,&,1.0,&
{'D7'},{'D4'},{'D6'},{'D2'},{'D1'},{'D3'},,,,,&,1.0,&
{'D7'},{'D4'},{'D6'},{'D1'},{'R3'},{'R2'},{'D2'},{'R1'},,,&,1.0,&
{'D7'},{'D4'},{'D6'},{'D1'},{'D2'},{'R3'},,,,,&,1.0,&
{'D7'},{'D4'},{'D5'},{'D2'},,,,,,,&,1.0,&
{'D7'},{'D4'},{'D5'},{'D1'},{'D2'},{'D3'},{'D6'},{'R2'},,,&,1.0,&
{'D7'},{'R1'},{'R3'},,,,,,,,&,1.0,&
{'D7'},{'R1'},{'R3'},{'D2'},{'R2'},{'D1'},,,,,&,1.0,&
{'D7'},{'R1'},{'R3'},{'D1'},{'R2'},{'D2'},{'D4'},{'D3'},,,&,1.0,&
{'D7'},{'R1'},{'R3'},{'D1'},{'D2'},,,,,,&,1.0,&
{'D7'},{'R1'},{'R3'},{'D1'},{'D3'},{'R2'},,,,,&,1.0,&
{'D7'},{'R1'},{'R3'},{'R2'},{'D1'},{'D2'},,,,,&,1.0,&
{'D7'},{'R1'},{'R3'},{'R2'},{'D1'},{'D2'},{'D3'},{'D4'},,,&,1.0,&
{'D7'},{'R1'},{'R3'},{'R2'},{'D2'},{'D6'},,,,,&,1.0,&
{'D7'},{'R1'},{'R3'},{'R2'},{'D6'},{'D3'},{'D4'},{'D2'},,,&,1.0,&
{'D7'},{'R1'},{'R3'},{'D4'},{'D2'},{'D1'},,,,,&,1.0,&
{'D7'},{'R1'},{'R3'},{'D4'},{'D5'},{'D2'},,,,,&,1.0,&
{'D7'},{'R1'},{'R2'},,,,,,,,&,2.0,&
{'D7'},{'R1'},{'R2'},{'R3'},{'D1'},{'D2'},{'D3'},,,,&,1.0,&
{'D7'},{'R1'},{'R2'},{'R3'},{'D4'},{'D3'},{'D1'},{'D2'},{'D6'},,&,1.0,&
{'D7'},{'R1'},{'R2'},{'D1'},,,,,,,&,3.0,&
{'D7'},{'R1'},{'R2'},{'D1'},{'R3'},{'D6'},{'D3'},,,,&,1.0,&
{'D7'},{'R1'},{'R2'},{'D4'},{'D6'},{'R3'},{'D2'},{'D5'},{'D1'},,&,1.0,&
{'D7'},{'R1'},{'R2'},{'D6'},,,,,,,&,1.0,&
{'D7'},{'R1'},{'D1'},{'R3'},{'R2'},{'D3'},,,,,&,1.0,&
{'D7'},{'R1'},{'D1'},{'R3'},{'D2'},{'D6'},{'R2'},,,,&,1.0,&
{'D7'},{'R1'},{'D1'},{'D2'},{'R3'},{'D4'},,,,,&,1.0,&
{'D7'},{'R1'},{'D1'},{'D2'},{'R3'},{'R2'},{'D3'},{'D4'},{'D6'},,&,1.0,&
{'D7'},{'R1'},{'D1'},{'D2'},{'R2'},{'D6'},{'R3'},{'D4'},,,&,1.0,&
{'D7'},{'R1'},{'D1'},{'D2'},{'D4'},,,,,,&,1.0,&
{'D7'},{'R1'},{'D1'},{'D2'},{'D4'},{'D3'},{'D6'},{'D5'},,,&,1.0,&
{'D7'},{'R1'},{'D1'},{'R2'},{'D2'},,,,,,&,1.0,&
{'D7'},{'R1'},{'D1'},{'R2'},{'D3'},,,,,,&,1.0,&
{'D7'},{'R1'},{'D1'},{'D4'},{'D2'},{'D3'},,,,,&,1.0,&
{'D7'},{'R1'},{'D1'},{'D4'},{'D2'},{'D6'},,,,,&,1.0,&
{'D7'},{'R1'},{'D1'},{'D3'},{'R3'},{'D5'},{'R2'},{'D4'},,,&,1.0,&
{'D7'},{'R1'},{'D4'},,,,,,,,&,1.0,&
{'D7'},{'R1'},{'D4'},{'R3'},{'R2'},{'D2'},{'D3'},,,,&,1.0,&
{'D7'},{'R1'},{'D4'},{'D2'},,,,,,,&,1.0,&
{'D7'},{'R1'},{'D4'},{'D1'},{'D2'},{'R3'},{'D6'},{'D5'},,,&,1.0,&
{'D7'},{'R1'},{'D4'},{'R2'},,,,,,,&,1.0,&
{'D7'},{'R1'},{'D4'},{'R2'},{'D2'},,,,,,&,1.0,&
{'D7'},{'R1'},,,,,,,,,&,4.0,&
{'D7'},{'R1'},{'D2'},,,,,,,,&,6.0,&
{'D7'},{'R1'},{'D2'},{'R3'},,,,,,,&,1.0,&
{'D7'},{'R1'},{'D2'},{'R3'},{'D1'},,,,,,&,2.0,&
{'D7'},{'R1'},{'D2'},{'R3'},{'D4'},{'R2'},{'D1'},,,,&,1.0,&
{'D7'},{'R1'},{'D2'},{'R3'},{'D4'},{'R2'},{'D6'},,,,&,1.0,&
{'D7'},{'R1'},{'D2'},{'D1'},,,,,,,&,2.0,&
{'D7'},{'R1'},{'D2'},{'D1'},{'R3'},{'D4'},{'R2'},,,,&,1.0,&
{'D7'},{'R1'},{'D2'},{'D1'},{'R3'},{'R2'},{'D6'},{'D4'},{'D3'},,&,1.0,&
{'D7'},{'R1'},{'D2'},{'D1'},{'R2'},{'D6'},{'R3'},{'D4'},,,&,1.0,&
{'D7'},{'R1'},{'D2'},{'D1'},{'D4'},,,,,,&,1.0,&
{'D7'},{'R1'},{'D2'},{'D1'},{'D4'},{'D3'},{'D5'},{'R3'},{'R2'},{'D6'},&,1.0,&
{'D7'},{'R1'},{'D2'},{'D1'},{'D6'},{'R3'},,,,,&,1.0,&
{'D7'},{'R1'},{'D2'},{'R2'},{'R3'},{'D1'},{'D3'},{'D4'},,,&,1.0,&
{'D7'},{'R1'},{'D2'},{'R2'},{'R3'},{'D1'},{'D4'},{'D6'},{'D5'},{'D3'},&,1.0,&
{'D7'},{'R1'},{'D2'},{'D4'},,,,,,,&,1.0,&
{'D7'},{'R1'},{'D2'},{'D4'},{'R3'},{'D1'},{'D3'},{'R2'},{'D6'},{'D5'},&,1.0,&
{'D7'},{'R1'},{'D2'},{'D4'},{'R3'},{'D6'},{'R2'},,,,&,1.0,&
{'D7'},{'R1'},{'D2'},{'D4'},{'D1'},{'R2'},{'D6'},{'D3'},{'D5'},{'R3'},&,1.0,&
{'D7'},{'R1'},{'D2'},{'D4'},{'D6'},{'R2'},{'D1'},{'D3'},{'D5'},{'R3'},&,1.0,&
{'D7'},{'R1'},{'D2'},{'D3'},,,,,,,&,1.0,&
{'D7'},{'R1'},{'D2'},{'D3'},{'D1'},,,,,,&,1.0,&
{'D7'},{'R1'},{'D2'},{'D6'},,,,,,,&,1.0,&
{'D7'},{'R1'},{'D2'},{'D6'},{'D1'},,,,,,&,1.0,&
{'D7'},{'R1'},{'D3'},,,,,,,,&,1.0,&
{'D7'},{'R1'},{'D3'},{'D1'},,,,,,,&,1.0,&
{'D7'},{'R1'},{'D3'},{'R2'},{'D6'},{'R3'},,,,,&,1.0,&
{'D7'},{'R1'},{'D3'},{'D4'},{'R3'},{'R2'},{'D1'},{'D5'},{'D2'},{'D6'},&,1.0,&
{'D7'},{'R1'},{'D6'},,,,,,,,&,1.0,&
{'D7'},{'R1'},{'D6'},{'R3'},{'R2'},{'D2'},{'D1'},,,,&,1.0,&
{'D7'},{'D5'},{'R3'},{'D2'},{'D1'},{'D4'},{'R2'},{'R1'},,,&,1.0,&
{'D7'},{'D5'},{'R3'},{'D1'},,,,,,,&,1.0,&
{'D7'},{'D5'},{'R3'},{'D1'},{'R2'},{'R1'},{'D4'},{'D2'},{'D3'},,&,1.0,&
{'D7'},{'D5'},{'D1'},{'D2'},{'R2'},{'D3'},,,,,&,1.0,&
{'D7'},{'D5'},{'D1'},{'D2'},{'D4'},{'D3'},,,,,&,1.0,&
{'D7'},{'D5'},{'D1'},{'R2'},,,,,,,&,1.0,&
{'D7'},{'D5'},{'D1'},{'D6'},{'R2'},{'D2'},{'D4'},{'D3'},{'R3'},{'R1'},&,1.0,&
{'D7'},{'D5'},,,,,,,,,&,4.0,&
{'D7'},{'D5'},{'D2'},,,,,,,,&,1.0,&
{'D7'},{'D5'},{'D2'},{'D3'},{'D1'},,,,,,&,1.0,&
{'D7'},{'D5'},{'D2'},{'D3'},{'R2'},{'D4'},,,,,&,1.0,&
{'D7'},{'D3'},{'R3'},,,,,,,,&,5.0,&
{'D7'},{'D3'},{'R3'},{'D2'},,,,,,,&,2.0,&
{'D7'},{'D3'},{'R3'},{'D2'},{'R1'},{'D1'},{'D4'},{'D6'},{'D5'},{'R2'},&,1.0,&
{'D7'},{'D3'},{'R3'},{'D2'},{'D4'},{'D1'},{'R2'},{'D6'},{'D5'},,&,1.0,&
{'D7'},{'D3'},{'R3'},{'D2'},{'D4'},{'R2'},{'R1'},{'D1'},,,&,1.0,&
{'D7'},{'D3'},{'R3'},{'D1'},{'R2'},,,,,,&,1.0,&
{'D7'},{'D3'},{'R3'},{'D1'},{'D4'},{'R1'},{'R2'},{'D2'},,,&,1.0,&
{'D7'},{'D3'},{'R3'},{'D1'},{'D2'},{'D4'},{'R2'},,,,&,1.0,&
{'D7'},{'D3'},{'R3'},{'D1'},{'D6'},{'D2'},{'R1'},{'D4'},,,&,1.0,&
{'D7'},{'D3'},{'R3'},{'R2'},,,,,,,&,2.0,&
{'D7'},{'D3'},{'R3'},{'R2'},{'R1'},{'D4'},,,,,&,1.0,&
{'D7'},{'D3'},{'R3'},{'R2'},{'R1'},{'D2'},{'D1'},{'D4'},,,&,1.0,&
{'D7'},{'D3'},{'R3'},{'R2'},{'R1'},{'D1'},{'D2'},{'D6'},,,&,1.0,&
{'D7'},{'D3'},{'R3'},{'R2'},{'D1'},,,,,,&,1.0,&
{'D7'},{'D3'},{'R3'},{'R2'},{'D2'},{'R1'},{'D4'},{'D1'},{'D6'},,&,1.0,&
{'D7'},{'D3'},{'R2'},,,,,,,,&,2.0,&
{'D7'},{'D3'},{'R2'},{'R3'},,,,,,,&,2.0,&
{'D7'},{'D3'},{'R2'},{'R3'},{'R1'},{'D1'},{'D4'},{'D2'},{'D6'},{'D5'},&,1.0,&
{'D7'},{'D3'},{'R2'},{'R3'},{'D1'},{'R1'},{'D2'},,,,&,1.0,&
{'D7'},{'D3'},{'R2'},{'R3'},{'D4'},{'R1'},{'D1'},,,,&,1.0,&
{'D7'},{'D3'},{'R2'},{'R3'},{'D4'},{'D1'},{'R1'},{'D2'},{'D6'},,&,1.0,&
{'D7'},{'D3'},{'R2'},{'R3'},{'D2'},,,,,,&,1.0,&
{'D7'},{'D3'},{'R2'},{'D2'},,,,,,,&,1.0,&
{'D7'},{'D3'},{'R2'},{'D1'},{'R3'},{'D4'},{'R1'},,,,&,1.0,&
{'D7'},{'D3'},{'R2'},{'D4'},{'R3'},,,,,,&,1.0,&
{'D7'},{'D3'},{'D1'},,,,,,,,&,1.0,&
{'D7'},{'D3'},{'D1'},{'R3'},,,,,,,&,1.0,&
{'D7'},{'D3'},{'D1'},{'R3'},{'R2'},{'R1'},,,,,&,1.0,&
{'D7'},{'D3'},{'D1'},{'R3'},{'R2'},{'R1'},{'D2'},{'D4'},{'D6'},,&,1.0,&
{'D7'},{'D3'},{'D1'},{'R3'},{'D4'},{'D2'},{'D6'},{'R2'},{'D5'},,&,1.0,&
{'D7'},{'D3'},{'D1'},{'R3'},{'D2'},{'R2'},{'D4'},{'R1'},{'D6'},{'D5'},&,1.0,&
{'D7'},{'D3'},{'D1'},{'D2'},{'D4'},{'D6'},{'D5'},{'R2'},{'R3'},{'R1'},&,1.0,&
{'D7'},{'D3'},{'D1'},{'R1'},{'D2'},,,,,,&,1.0,&
{'D7'},{'D3'},{'D1'},{'R2'},{'R3'},{'R1'},{'D2'},,,,&,1.0,&
{'D7'},{'D3'},{'D1'},{'R2'},{'D4'},,,,,,&,1.0,&
{'D7'},{'D3'},{'D1'},{'R2'},{'D2'},{'R3'},,,,,&,1.0,&
{'D7'},{'D3'},{'D1'},{'D6'},{'R2'},{'R3'},{'D4'},{'D2'},{'R1'},{'D5'},&,1.0,&
{'D7'},{'D3'},{'D1'},{'D6'},{'D2'},,,,,,&,1.0,&
{'D7'},{'D3'},{'D1'},{'D5'},{'D6'},{'R3'},{'R2'},{'R1'},{'D2'},{'D4'},&,1.0,&
{'D7'},{'D3'},{'D4'},,,,,,,,&,2.0,&
{'D7'},{'D3'},{'D4'},{'R3'},,,,,,,&,1.0,&
{'D7'},{'D3'},{'D4'},{'R3'},{'R2'},{'D2'},{'D1'},,,,&,1.0,&
{'D7'},{'D3'},{'D4'},{'D1'},{'R3'},{'D2'},{'R2'},,,,&,1.0,&
{'D7'},{'D3'},,,,,,,,,&,3.0,&
{'D7'},{'D3'},{'R1'},,,,,,,,&,1.0,&
{'D7'},{'D3'},{'R1'},{'R3'},{'R2'},{'D2'},,,,,&,1.0,&
{'D7'},{'D3'},{'R1'},{'R3'},{'D2'},,,,,,&,1.0,&
{'D7'},{'D3'},{'D2'},,,,,,,,&,3.0,&
{'D7'},{'D3'},{'D2'},{'R3'},,,,,,,&,1.0,&
{'D7'},{'D3'},{'D2'},{'R3'},{'D1'},,,,,,&,1.0,&
{'D7'},{'D3'},{'D2'},{'R3'},{'D1'},{'R2'},,,,,&,1.0,&
{'D7'},{'D3'},{'D2'},{'R3'},{'R2'},,,,,,&,1.0,&
{'D7'},{'D3'},{'D2'},{'R3'},{'D4'},{'D1'},{'R1'},{'R2'},,,&,1.0,&
{'D7'},{'D3'},{'D2'},{'R3'},{'D4'},{'D1'},{'D5'},{'R2'},{'R1'},{'D6'},&,1.0,&
{'D7'},{'D3'},{'D2'},{'R3'},{'D4'},{'D1'},{'D6'},,,,&,1.0,&
{'D7'},{'D3'},{'D2'},{'D1'},,,,,,,&,2.0,&
{'D7'},{'D3'},{'D2'},{'D1'},{'R3'},{'D4'},{'D6'},{'R2'},{'R1'},,&,1.0,&
{'D7'},{'D3'},{'D2'},{'D1'},{'R3'},{'R1'},{'D6'},{'R2'},{'D4'},{'D5'},&,1.0,&
{'D7'},{'D3'},{'D2'},{'D1'},{'D4'},{'R2'},,,,,&,1.0,&
{'D7'},{'D3'},{'D2'},{'D1'},{'D5'},{'R3'},,,,,&,1.0,&
{'D7'},{'D3'},{'D2'},{'R1'},,,,,,,&,1.0,&
{'D7'},{'D3'},{'D2'},{'R2'},,,,,,,&,1.0,&
{'D7'},{'D3'},{'D2'},{'R2'},{'R1'},{'R3'},{'D4'},,,,&,1.0,&
{'D7'},{'D3'},{'D2'},{'D4'},,,,,,,&,2.0,&
{'D7'},{'D3'},{'D2'},{'D5'},{'R3'},{'R2'},{'D4'},{'D1'},{'D6'},{'R1'},&,1.0,&
{'D7'},{'D3'},{'D6'},,,,,,,,&,2.0,&
{'D7'},{'D3'},{'D5'},{'D2'},{'D1'},{'D6'},{'D4'},,,,&,1.0,&
{'D7'},{'D6'},{'R3'},,,,,,,,&,3.0,&
{'D7'},{'D6'},{'R3'},{'D2'},,,,,,,&,1.0,&
{'D7'},{'D6'},{'R3'},{'D2'},{'D1'},{'D3'},{'D5'},{'D4'},,,&,1.0,&
{'D7'},{'D6'},{'R3'},{'D2'},{'R2'},,,,,,&,1.0,&
{'D7'},{'D6'},{'R3'},{'D1'},{'R2'},{'D2'},{'D3'},,,,&,1.0,&
{'D7'},{'D6'},{'R3'},{'R2'},,,,,,,&,1.0,&
{'D7'},{'D6'},{'R3'},{'R2'},{'D2'},{'D1'},,,,,&,1.0,&
{'D7'},{'D6'},{'R3'},{'D4'},,,,,,,&,1.0,&
{'D7'},{'D6'},{'R3'},{'D4'},{'D2'},,,,,,&,1.0,&
{'D7'},{'D6'},{'R2'},,,,,,,,&,1.0,&
{'D7'},{'D6'},{'R2'},{'R3'},,,,,,,&,1.0,&
{'D7'},{'D6'},{'R2'},{'D2'},{'D4'},{'D1'},,,,,&,2.0,&
{'D7'},{'D6'},{'R2'},{'D3'},{'D1'},{'D2'},{'R3'},,,,&,1.0,&
{'D7'},{'D6'},{'D1'},,,,,,,,&,2.0,&
{'D7'},{'D6'},{'D1'},{'R3'},,,,,,,&,1.0,&
{'D7'},{'D6'},{'D1'},{'D2'},{'R3'},,,,,,&,1.0,&
{'D7'},{'D6'},{'D1'},{'D2'},{'D4'},{'R3'},{'D3'},{'R1'},{'D5'},,&,1.0,&
{'D7'},{'D6'},{'D1'},{'R2'},{'R3'},{'R1'},{'D2'},{'D3'},{'D4'},{'D5'},&,1.0,&
{'D7'},{'D6'},{'D1'},{'R2'},{'D2'},{'D4'},{'R3'},{'D3'},{'D5'},,&,1.0,&
{'D7'},{'D6'},{'D1'},{'R2'},{'D2'},{'D3'},{'R3'},{'D4'},{'D5'},{'R1'},&,2.0,&
{'D7'},{'D6'},{'D1'},{'D4'},,,,,,,&,1.0,&
{'D7'},{'D6'},{'D1'},{'D3'},,,,,,,&,2.0,&
{'D7'},{'D6'},{'D4'},,,,,,,,&,1.0,&
{'D7'},{'D6'},{'D4'},{'D2'},{'R3'},{'R2'},{'D1'},{'D3'},{'D5'},,&,1.0,&
{'D7'},{'D6'},{'D4'},{'D1'},{'D2'},,,,,,&,1.0,&
{'D7'},{'D6'},{'D4'},{'R2'},{'D2'},,,,,,&,1.0,&
{'D7'},{'D6'},,,,,,,,,&,7.0,&
{'D7'},{'D6'},{'R1'},{'R3'},{'D3'},{'D4'},,,,,&,1.0,&
{'D7'},{'D6'},{'R1'},{'D5'},,,,,,,&,1.0,&
{'D7'},{'D6'},{'D2'},,,,,,,,&,1.0,&
{'D7'},{'D6'},{'D2'},{'R3'},{'R1'},{'D1'},{'R2'},{'D3'},,,&,1.0,&
{'D7'},{'D6'},{'D2'},{'R3'},{'D1'},,,,,,&,1.0,&
{'D7'},{'D6'},{'D2'},{'D1'},{'R1'},{'D4'},{'R3'},{'D3'},{'R2'},{'D5'},&,1.0,&
{'D7'},{'D6'},{'D2'},{'D1'},{'R3'},{'R2'},{'R1'},,,,&,1.0,&
{'D7'},{'D6'},{'D2'},{'D1'},{'D4'},,,,,,&,1.0,&
{'D7'},{'D6'},{'D2'},{'D1'},{'D4'},{'D3'},{'D5'},{'R2'},{'R3'},{'R1'},&,1.0,&
{'D7'},{'D6'},{'D2'},{'D1'},{'D3'},{'D4'},,,,,&,1.0,&
{'D7'},{'D6'},{'D2'},{'D1'},{'D3'},{'D4'},{'D5'},,,,&,1.0,&
{'D7'},{'D6'},{'D2'},{'D1'},{'D3'},{'R3'},,,,,&,1.0,&
{'D7'},{'D6'},{'D2'},{'D1'},{'D3'},{'R3'},{'D4'},{'D5'},{'R2'},{'R1'},&,1.0,&
{'D7'},{'D6'},{'D2'},{'R2'},{'R3'},,,,,,&,1.0,&
{'D7'},{'D6'},{'D2'},{'D3'},{'D1'},{'D4'},{'R1'},{'D5'},,,&,1.0,&
{'D7'},{'D6'},{'D2'},{'D3'},{'D1'},{'R3'},{'R2'},{'D4'},,,&,1.0,&
{'D3'},{'D2'},{'R3'},{'D1'},,,,,,,&,2.0,&
{'D3'},{'D2'},{'R3'},{'D1'},{'D7'},,,,,,&,1.0,&
{'D3'},{'D2'},{'R3'},{'D1'},{'D7'},{'R2'},{'D6'},{'R1'},{'D4'},{'D5'},&,1.0,&
{'D3'},{'D2'},{'R3'},{'D1'},{'D7'},{'D6'},{'R2'},{'D4'},{'R1'},{'D5'},&,1.0,&
{'D3'},{'D2'},{'R3'},{'D1'},{'R1'},{'R2'},{'D7'},{'D4'},{'D6'},,&,1.0,&
{'D3'},{'D2'},{'R3'},{'D1'},{'R2'},{'D4'},{'R1'},,,,&,1.0,&
{'D3'},{'D2'},{'R3'},{'D1'},{'D6'},{'R2'},{'R1'},,,,&,1.0,&
{'D3'},{'D2'},{'R3'},{'R1'},{'D1'},,,,,,&,1.0,&
{'D3'},{'D2'},{'R3'},{'R1'},{'R2'},{'D7'},{'D1'},,,,&,1.0,&
{'D3'},{'D2'},{'R3'},{'R2'},,,,,,,&,1.0,&
{'D3'},{'D2'},{'R3'},{'R2'},{'D7'},{'D4'},{'R1'},{'D1'},,,&,1.0,&
{'D3'},{'D2'},{'R3'},{'R2'},{'D7'},{'D1'},{'R1'},{'D4'},,,&,1.0,&
{'D3'},{'D2'},{'R3'},{'R2'},{'R1'},{'D1'},{'D7'},{'D5'},{'D4'},,&,1.0,&
{'D3'},{'D2'},{'R3'},{'R2'},{'R1'},{'D1'},{'D4'},{'D7'},{'D6'},,&,1.0,&
{'D3'},{'D2'},{'R3'},{'R2'},{'D4'},,,,,,&,1.0,&
{'D3'},{'D2'},{'R3'},{'D7'},{'D1'},{'D4'},{'R2'},,,,&,1.0,&
{'D3'},{'D2'},{'R3'},{'D7'},{'D1'},{'R2'},{'R1'},,,,&,1.0,&
{'D3'},{'D2'},{'R2'},,,,,,,,&,4.0,&
{'D3'},{'D2'},{'R2'},{'R3'},{'R1'},{'D4'},,,,,&,1.0,&
{'D3'},{'D2'},{'R2'},{'R3'},{'D1'},{'D7'},{'R1'},{'D4'},,,&,1.0,&
{'D3'},{'D2'},{'R2'},{'D1'},,,,,,,&,2.0,&
{'D3'},{'D2'},{'R2'},{'D1'},{'D4'},{'D7'},{'D6'},{'D5'},,,&,1.0,&
{'D3'},{'D2'},{'R2'},{'D7'},{'R3'},{'D4'},,,,,&,1.0,&
{'D3'},{'D2'},{'R2'},{'D7'},{'R3'},{'D1'},,,,,&,1.0,&
{'D3'},{'D2'},{'R2'},{'D4'},{'D7'},{'R3'},{'D1'},{'D6'},{'D5'},,&,1.0,&
{'D3'},{'D2'},{'D1'},,,,,,,,&,4.0,&
{'D3'},{'D2'},{'D1'},{'R3'},{'R2'},,,,,,&,1.0,&
{'D3'},{'D2'},{'D1'},{'R3'},{'R2'},{'D7'},{'R1'},{'D4'},{'D5'},,&,1.0,&
{'D3'},{'D2'},{'D1'},{'R2'},,,,,,,&,1.0,&
{'D3'},{'D2'},{'D1'},{'R2'},{'D4'},{'D7'},,,,,&,1.0,&
{'D3'},{'D2'},{'D1'},{'D7'},,,,,,,&,2.0,&
{'D3'},{'D2'},{'D1'},{'D7'},{'D4'},,,,,,&,1.0,&
{'D3'},{'D2'},{'D1'},{'D4'},{'D7'},{'D6'},{'D5'},{'R2'},{'R1'},,&,1.0,&
{'D3'},{'D2'},{'D1'},{'D6'},{'D7'},,,,,,&,1.0,&
{'D3'},{'D2'},{'D4'},,,,,,,,&,2.0,&
{'D3'},{'D2'},{'D4'},{'R3'},{'R2'},{'R1'},,,,,&,1.0,&
{'D3'},{'D2'},{'D4'},{'R2'},{'D1'},{'D7'},{'D6'},{'D5'},{'R3'},,&,1.0,&
{'D3'},{'D2'},{'D4'},{'D7'},,,,,,,&,2.0,&
{'D3'},{'D2'},{'D4'},{'D7'},{'R3'},{'R1'},{'R2'},{'D1'},,,&,1.0,&
{'D3'},{'D2'},{'D4'},{'D7'},{'D1'},{'R3'},{'R2'},{'R1'},{'D6'},{'D5'},&,1.0,&
{'D3'},{'D2'},,,,,,,,,&,6.0,&
{'D3'},{'D2'},{'D7'},,,,,,,,&,3.0,&
{'D3'},{'D2'},{'D7'},{'R3'},{'D1'},{'D4'},{'R2'},{'D5'},,,&,1.0,&
{'D3'},{'D2'},{'D7'},{'R3'},{'D1'},{'D4'},{'R2'},{'D6'},,,&,1.0,&
{'D3'},{'D2'},{'D7'},{'R3'},{'D1'},{'D4'},{'D6'},,,,&,1.0,&
{'D3'},{'D2'},{'D7'},{'R3'},{'D1'},{'D5'},{'R2'},{'R1'},,,&,1.0,&
{'D3'},{'D2'},{'D7'},{'R3'},{'R2'},{'D1'},{'R1'},,,,&,1.0,&
{'D3'},{'D2'},{'D7'},{'D1'},,,,,,,&,2.0,&
{'D3'},{'D2'},{'D7'},{'D1'},{'R3'},,,,,,&,1.0,&
{'D3'},{'D2'},{'D7'},{'D1'},{'R2'},,,,,,&,1.0,&
{'D3'},{'D2'},{'D7'},{'D1'},{'R2'},{'D4'},{'D6'},{'D5'},,,&,1.0,&
{'D3'},{'D2'},{'D7'},{'D1'},{'D4'},,,,,,&,1.0,&
{'D3'},{'D2'},{'D7'},{'D1'},{'D6'},{'R3'},{'D5'},{'R1'},{'D4'},,&,1.0,&
{'D3'},{'D2'},{'D7'},{'R2'},,,,,,,&,1.0,&
{'D3'},{'D2'},{'D7'},{'R2'},{'R3'},{'R1'},,,,,&,1.0,&
{'D3'},{'D2'},{'D7'},{'R2'},{'D1'},,,,,,&,1.0,&
{'D3'},{'D2'},{'D7'},{'R2'},{'D4'},,,,,,&,1.0,&
{'D3'},{'D2'},{'D7'},{'D4'},,,,,,,&,1.0,&
{'D3'},{'D2'},{'D7'},{'D4'},{'R3'},{'D1'},{'R2'},{'R1'},,,&,1.0,&
{'D3'},{'D2'},{'D7'},{'D4'},{'R2'},{'R3'},,,,,&,1.0,&
{'D3'},{'D2'},{'D7'},{'D6'},,,,,,,&,2.0,&
{'D3'},{'D2'},{'R1'},{'R3'},,,,,,,&,2.0,&
{'D3'},{'D2'},{'R1'},{'R3'},{'D7'},{'R2'},{'D1'},{'D6'},,,&,1.0,&
{'D3'},{'D2'},{'R1'},{'R2'},,,,,,,&,1.0,&
{'D3'},{'D2'},{'R1'},{'D7'},{'D4'},{'D1'},{'D6'},,,,&,1.0,&
{'D3'},{'D2'},{'R1'},{'D4'},,,,,,,&,1.0,&
{'D3'},{'D2'},{'D6'},{'R3'},{'R2'},{'R1'},{'D1'},{'D7'},{'D4'},{'D5'},&,1.0,&
{'D3'},{'D2'},{'D6'},{'D1'},,,,,,,&,1.0,&
{'D3'},{'D2'},{'D6'},{'R2'},,,,,,,&,1.0,&
{'D3'},{'D2'},{'D5'},,,,,,,,&,1.0,&
{'D3'},{'D1'},{'R3'},,,,,,,,&,2.0,&
{'D3'},{'D1'},{'R3'},{'D2'},,,,,,,&,2.0,&
{'D3'},{'D1'},{'R3'},{'D2'},{'D7'},{'R2'},{'R1'},{'D4'},,,&,1.0,&
{'D3'},{'D1'},{'R3'},{'D2'},{'R1'},{'D7'},{'R2'},,,,&,1.0,&
{'D3'},{'D1'},{'R3'},{'R1'},{'R2'},,,,,,&,1.0,&
{'D3'},{'D1'},{'R3'},{'R2'},{'D7'},{'R1'},,,,,&,1.0,&
{'D3'},{'D1'},{'R3'},{'R2'},{'D7'},{'R1'},{'D2'},,,,&,1.0,&
{'D3'},{'D1'},{'R3'},{'R2'},{'D4'},{'D7'},{'D2'},{'R1'},{'D6'},{'D5'},&,1.0,&
{'D3'},{'D1'},{'R3'},{'D7'},{'D4'},,,,,,&,1.0,&
{'D3'},{'D1'},{'R3'},{'D5'},{'D2'},,,,,,&,1.0,&
{'D3'},{'D1'},{'R2'},,,,,,,,&,2.0,&
{'D3'},{'D1'},{'R2'},{'R3'},{'D7'},{'R1'},{'D2'},,,,&,1.0,&
{'D3'},{'D1'},{'R2'},{'D2'},,,,,,,&,1.0,&
{'D3'},{'D1'},{'R2'},{'D2'},{'R3'},{'R1'},,,,,&,1.0,&
{'D3'},{'D1'},{'R2'},{'D7'},{'D4'},{'D2'},{'D6'},{'D5'},{'R1'},,&,1.0,&
{'D3'},{'D1'},{'R2'},{'D7'},{'D2'},{'D4'},{'R3'},{'D5'},,,&,1.0,&
{'D3'},{'D1'},,,,,,,,,&,8.0,&
{'D3'},{'D1'},{'D7'},,,,,,,,&,2.0,&
{'D3'},{'D1'},{'D7'},{'R3'},,,,,,,&,2.0,&
{'D3'},{'D1'},{'D7'},{'R3'},{'R2'},{'D4'},{'R1'},{'D2'},,,&,1.0,&
{'D3'},{'D1'},{'D7'},{'R3'},{'D2'},{'D4'},,,,,&,2.0,&
{'D3'},{'D1'},{'D7'},{'D2'},,,,,,,&,1.0,&
{'D3'},{'D1'},{'D7'},{'D2'},{'R3'},{'R2'},,,,,&,1.0,&
{'D3'},{'D1'},{'D7'},{'D2'},{'D4'},{'R2'},,,,,&,1.0,&
{'D3'},{'D1'},{'D7'},{'D2'},{'D4'},{'R3'},{'D6'},{'D5'},,,&,1.0,&
{'D3'},{'D1'},{'D7'},{'R2'},{'D2'},{'R3'},{'D4'},{'R1'},,,&,1.0,&
{'D3'},{'D1'},{'D2'},,,,,,,,&,4.0,&
{'D3'},{'D1'},{'D2'},{'R3'},{'D7'},,,,,,&,1.0,&
{'D3'},{'D1'},{'D2'},{'R3'},{'D7'},{'R2'},{'D4'},{'R1'},,,&,1.0,&
{'D3'},{'D1'},{'D2'},{'D7'},,,,,,,&,1.0,&
{'D3'},{'D1'},{'D2'},{'D7'},{'R3'},{'R2'},{'D6'},,,,&,1.0,&
{'D3'},{'D1'},{'D2'},{'D7'},{'R3'},{'D6'},{'D4'},,,,&,1.0,&
{'D3'},{'D1'},{'D2'},{'D7'},{'R2'},,,,,,&,1.0,&
{'D3'},{'D1'},{'D2'},{'D7'},{'R2'},{'D4'},,,,,&,1.0,&
{'D3'},{'D1'},{'D2'},{'D7'},{'D5'},{'R3'},{'R2'},{'D4'},{'R1'},,&,1.0,&
{'D3'},{'D1'},{'D2'},{'D4'},{'D7'},{'D6'},{'R3'},{'D5'},,,&,1.0,&
{'D3'},{'D1'},{'D2'},{'D4'},{'R2'},{'R3'},{'R1'},,,,&,1.0,&
{'D3'},{'D1'},{'D2'},{'D5'},,,,,,,&,1.0,&
{'D3'},{'R2'},{'R3'},,,,,,,,&,5.0,&
{'D3'},{'R2'},{'R3'},{'D2'},{'D7'},{'D4'},,,,,&,1.0,&
{'D3'},{'R2'},{'R3'},{'D2'},{'D7'},{'D1'},,,,,&,1.0,&
{'D3'},{'R2'},{'R3'},{'D2'},{'R1'},,,,,,&,1.0,&
{'D3'},{'R2'},{'R3'},{'D2'},{'D1'},,,,,,&,1.0,&
{'D3'},{'R2'},{'R3'},{'D2'},{'D1'},{'R1'},,,,,&,1.0,&
{'D3'},{'R2'},{'R3'},{'D1'},{'D7'},,,,,,&,1.0,&
{'D3'},{'R2'},{'R3'},{'D1'},{'D7'},{'R1'},{'D2'},{'D4'},{'D6'},{'D5'},&,1.0,&
{'D3'},{'R2'},{'R3'},{'R1'},{'D7'},{'D4'},{'D2'},{'D6'},,,&,1.0,&
{'D3'},{'R2'},{'R3'},{'R1'},{'D1'},{'D4'},,,,,&,1.0,&
{'D3'},{'R2'},{'R3'},{'R1'},{'D1'},{'D2'},,,,,&,1.0,&
{'D3'},{'R2'},{'R3'},{'R1'},{'D2'},{'D7'},{'D4'},,,,&,1.0,&
{'D3'},{'R2'},{'R3'},{'R1'},{'D2'},{'D7'},{'D4'},{'D1'},{'D6'},{'D5'},&,1.0,&
{'D3'},{'R2'},{'R3'},{'D7'},{'R1'},,,,,,&,1.0,&
{'D3'},{'R2'},{'R3'},{'D7'},{'D4'},{'R1'},,,,,&,1.0,&
{'D3'},{'R2'},{'D1'},{'R3'},{'D2'},{'R1'},,,,,&,1.0,&
{'D3'},{'R2'},{'D1'},{'R3'},{'D6'},{'D7'},,,,,&,1.0,&
{'D3'},{'R2'},{'D1'},{'D2'},{'D7'},{'D6'},,,,,&,1.0,&
{'D3'},{'R2'},{'D1'},{'D7'},{'D2'},{'D6'},,,,,&,1.0,&
{'D3'},{'R2'},{'D1'},{'D4'},{'D7'},{'R1'},{'D2'},{'D6'},,,&,1.0,&
{'D3'},{'R2'},{'D4'},{'D1'},{'D7'},{'D2'},,,,,&,1.0,&
{'D3'},{'R2'},,,,,,,,,&,7.0,&
{'D3'},{'R2'},{'D7'},{'R3'},{'R1'},{'D2'},{'D1'},{'D6'},{'D4'},{'D5'},&,1.0,&
{'D3'},{'R2'},{'D7'},{'R3'},{'D1'},{'D2'},,,,,&,1.0,&
{'D3'},{'R2'},{'D7'},{'R3'},{'D4'},{'R1'},{'D1'},{'D2'},,,&,1.0,&
{'D3'},{'R2'},{'D7'},{'R3'},{'D2'},{'D4'},,,,,&,1.0,&
{'D3'},{'R2'},{'D7'},{'D2'},{'R1'},{'D1'},,,,,&,1.0,&
{'D3'},{'R2'},{'D7'},{'D2'},{'R3'},{'R1'},{'D1'},,,,&,1.0,&
{'D3'},{'R2'},{'D7'},{'D2'},{'R3'},{'R1'},{'D1'},{'D4'},,,&,1.0,&
{'D3'},{'R2'},{'D7'},{'D2'},{'R3'},{'D1'},{'D4'},{'R1'},,,&,1.0,&
{'D3'},{'R2'},{'D7'},{'D4'},{'R3'},,,,,,&,1.0,&
{'D3'},{'R2'},{'R1'},{'R3'},{'D7'},{'D2'},,,,,&,1.0,&
{'D3'},{'R2'},{'D2'},,,,,,,,&,4.0,&
{'D3'},{'R2'},{'D2'},{'R3'},{'R1'},{'D1'},,,,,&,1.0,&
{'D3'},{'R2'},{'D2'},{'R3'},{'D4'},{'D1'},{'D7'},,,,&,1.0,&
{'D3'},{'R2'},{'D2'},{'D1'},{'R3'},{'D7'},{'D4'},{'R1'},{'D6'},{'D5'},&,1.0,&
{'D3'},{'R2'},{'D2'},{'R1'},{'R3'},,,,,,&,1.0,&
{'D3'},{'R2'},{'D2'},{'R1'},{'R3'},{'D1'},,,,,&,1.0,&
{'D3'},{'R2'},{'D2'},{'R1'},{'R3'},{'D7'},{'D1'},,,,&,1.0,&
{'D3'},{'R2'},{'D2'},{'D7'},,,,,,,&,1.0,&
{'D3'},{'R2'},{'D2'},{'D7'},{'R3'},,,,,,&,1.0,&
{'D3'},{'R2'},{'D2'},{'D7'},{'D1'},{'R3'},{'R1'},,,,&,1.0,&
{'D3'},{'R2'},{'D2'},{'D4'},{'D1'},{'R3'},{'R1'},{'D7'},{'D5'},{'D6'},&,1.0,&
{'D3'},{'R2'},{'D6'},{'R3'},{'D1'},{'D7'},{'D4'},{'R1'},{'D2'},,&,1.0,&
{'D3'},{'R2'},{'D5'},,,,,,,,&,1.0,&
{'D3'},,,,,,,,,,&,28.0,&
{'D3'},{'R3'},{'R2'},,,,,,,,&,5.0,&
{'D3'},{'R3'},{'R2'},{'D2'},,,,,,,&,1.0,&
{'D3'},{'R3'},{'R2'},{'D2'},{'D1'},{'D4'},{'D7'},{'R1'},,,&,1.0,&
{'D3'},{'R3'},{'R2'},{'D2'},{'D1'},{'D7'},{'R1'},{'D4'},{'D6'},{'D5'},&,1.0,&
{'D3'},{'R3'},{'R2'},{'D1'},{'R1'},{'D4'},{'D2'},,,,&,1.0,&
{'D3'},{'R3'},{'R2'},{'D1'},{'D2'},,,,,,&,1.0,&
{'D3'},{'R3'},{'R2'},{'D1'},{'D2'},{'D7'},{'D4'},{'D6'},{'D5'},,&,1.0,&
{'D3'},{'R3'},{'R2'},{'R1'},,,,,,,&,2.0,&
{'D3'},{'R3'},{'R2'},{'R1'},{'D7'},{'D2'},{'D1'},{'D5'},{'D4'},{'D6'},&,1.0,&
{'D3'},{'R3'},{'R2'},{'R1'},{'D2'},,,,,,&,1.0,&
{'D3'},{'R3'},{'R2'},{'R1'},{'D2'},{'D1'},,,,,&,1.0,&
{'D3'},{'R3'},{'R2'},{'R1'},{'D2'},{'D6'},{'D7'},{'D1'},{'D4'},,&,1.0,&
{'D3'},{'R3'},{'R2'},{'D7'},{'D5'},{'R1'},{'D2'},{'D4'},{'D1'},{'D6'},&,1.0,&
{'D3'},{'R3'},{'R2'},{'D4'},,,,,,,&,1.0,&
{'D3'},{'R3'},{'D1'},,,,,,,,&,4.0,&
{'D3'},{'R3'},{'D1'},{'D2'},{'R2'},{'D7'},{'R1'},,,,&,1.0,&
{'D3'},{'R3'},{'D1'},{'D2'},{'D4'},{'D7'},{'D5'},{'D6'},,,&,1.0,&
{'D3'},{'R3'},{'D1'},{'D2'},{'D6'},{'D7'},{'R2'},{'D4'},{'R1'},{'D5'},&,1.0,&
{'D3'},{'R3'},{'D1'},{'R2'},{'D7'},,,,,,&,1.0,&
{'D3'},{'R3'},{'D1'},{'R2'},{'D7'},{'D4'},{'D2'},,,,&,1.0,&
{'D3'},{'R3'},{'D1'},{'R2'},{'D7'},{'D6'},{'R1'},,,,&,1.0,&
{'D3'},{'R3'},{'D1'},{'R2'},{'R1'},{'D2'},{'D7'},,,,&,1.0,&
{'D3'},{'R3'},{'D1'},{'R2'},{'R1'},{'D7'},{'D6'},,,,&,1.0,&
{'D3'},{'R3'},{'D1'},{'D7'},,,,,,,&,1.0,&
{'D3'},{'R3'},{'D1'},{'D7'},{'R2'},{'R1'},,,,,&,1.0,&
{'D3'},{'R3'},{'D1'},{'D7'},{'D2'},,,,,,&,1.0,&
{'D3'},{'R3'},{'D4'},,,,,,,,&,2.0,&
{'D3'},{'R3'},{'D4'},{'R1'},{'R2'},{'D1'},,,,,&,1.0,&
{'D3'},{'R3'},{'D4'},{'R2'},{'D2'},,,,,,&,1.0,&
{'D3'},{'R3'},,,,,,,,,&,5.0,&
{'D3'},{'R3'},{'D7'},,,,,,,,&,4.0,&
{'D3'},{'R3'},{'D7'},{'D2'},,,,,,,&,2.0,&
{'D3'},{'R3'},{'D7'},{'D2'},{'D1'},{'R2'},{'D4'},{'R1'},,,&,1.0,&
{'D3'},{'R3'},{'D7'},{'D2'},{'D4'},{'D1'},{'D6'},{'R2'},{'D5'},,&,1.0,&
{'D3'},{'R3'},{'D7'},{'D2'},{'D4'},{'R2'},{'D1'},,,,&,1.0,&
{'D3'},{'R3'},{'D7'},{'D1'},{'R1'},{'D4'},,,,,&,1.0,&
{'D3'},{'R3'},{'D7'},{'R1'},{'D2'},{'D6'},{'D1'},{'R2'},{'D4'},,&,1.0,&
{'D3'},{'R3'},{'D7'},{'R2'},,,,,,,&,1.0,&
{'D3'},{'R3'},{'D7'},{'R2'},{'R1'},{'D2'},{'D4'},{'D1'},{'D6'},{'D5'},&,1.0,&
{'D3'},{'R3'},{'D7'},{'R2'},{'D1'},{'D2'},,,,,&,1.0,&
{'D3'},{'R3'},{'D7'},{'R2'},{'D1'},{'D5'},{'R1'},{'D2'},,,&,1.0,&
{'D3'},{'R3'},{'D7'},{'D4'},{'D1'},,,,,,&,1.0,&
{'D3'},{'R3'},{'D7'},{'D4'},{'R2'},{'R1'},,,,,&,1.0,&
{'D3'},{'R3'},{'D7'},{'D6'},,,,,,,&,1.0,&
{'D3'},{'R3'},{'R1'},{'D2'},{'D7'},{'D1'},{'R2'},,,,&,1.0,&
{'D3'},{'R3'},{'R1'},{'D2'},{'D1'},{'R2'},{'D4'},{'D7'},,,&,1.0,&
{'D3'},{'R3'},{'R1'},{'D1'},{'D2'},{'R2'},,,,,&,1.0,&
{'D3'},{'R3'},{'R1'},{'R2'},{'D1'},,,,,,&,2.0,&
{'D3'},{'R3'},{'R1'},{'R2'},{'D2'},,,,,,&,1.0,&
{'D3'},{'R3'},{'D2'},,,,,,,,&,2.0,&
{'D3'},{'R3'},{'D2'},{'D1'},,,,,,,&,1.0,&
{'D3'},{'R3'},{'D2'},{'D1'},{'R2'},{'D7'},,,,,&,1.0,&
{'D3'},{'R3'},{'D2'},{'D1'},{'D4'},{'R1'},{'D7'},{'R2'},{'D5'},{'D6'},&,1.0,&
{'D3'},{'R3'},{'D2'},{'R1'},{'R2'},,,,,,&,1.0,&
{'D3'},{'R3'},{'D2'},{'R2'},,,,,,,&,2.0,&
{'D3'},{'R3'},{'D2'},{'R2'},{'D7'},,,,,,&,1.0,&
{'D3'},{'R3'},{'D2'},{'R2'},{'D7'},{'D4'},{'R1'},{'D1'},,,&,1.0,&
{'D3'},{'R3'},{'D2'},{'R2'},{'D7'},{'R1'},{'D1'},{'D4'},{'D6'},{'D5'},&,1.0,&
{'D3'},{'R3'},{'D2'},{'R2'},{'D7'},{'R1'},{'D1'},{'D4'},{'D5'},,&,1.0,&
{'D3'},{'R3'},{'D2'},{'R2'},{'D7'},{'D1'},,,,,&,1.0,&
{'D3'},{'R3'},{'D2'},{'R2'},{'D1'},{'R1'},{'D7'},{'D4'},{'D6'},{'D5'},&,1.0,&
{'D3'},{'R3'},{'D2'},{'D7'},{'R2'},{'R1'},,,,,&,1.0,&
{'D3'},{'R3'},{'D2'},{'D7'},{'R2'},{'D1'},,,,,&,1.0,&
{'D3'},{'R3'},{'D6'},,,,,,,,&,1.0,&
{'D3'},{'R3'},{'D6'},{'D2'},{'R2'},{'D4'},{'D5'},{'D1'},{'R1'},,&,1.0,&
{'D3'},{'R3'},{'D6'},{'D4'},,,,,,,&,1.0,&
{'D3'},{'D4'},{'R3'},,,,,,,,&,1.0,&
{'D3'},{'D4'},{'R3'},{'D2'},{'D1'},{'R2'},{'D7'},,,,&,1.0,&
{'D3'},{'D4'},{'R3'},{'R1'},{'D6'},{'D2'},{'D7'},{'D1'},{'D5'},,&,1.0,&
{'D3'},{'D4'},{'R3'},{'R2'},{'R1'},{'D6'},{'D5'},,,,&,1.0,&
{'D3'},{'D4'},{'R3'},{'R2'},{'D1'},{'D2'},{'R1'},,,,&,1.0,&
{'D3'},{'D4'},{'R3'},{'D7'},,,,,,,&,1.0,&
{'D3'},{'D4'},{'R3'},{'D7'},{'R2'},,,,,,&,1.0,&
{'D3'},{'D4'},{'R2'},{'R3'},,,,,,,&,1.0,&
{'D3'},{'D4'},{'R2'},{'D2'},{'D7'},{'R3'},{'D6'},,,,&,1.0,&
{'D3'},{'D4'},{'R2'},{'R1'},,,,,,,&,1.0,&
{'D3'},{'D4'},{'D1'},,,,,,,,&,2.0,&
{'D3'},{'D4'},{'D1'},{'R3'},,,,,,,&,2.0,&
{'D3'},{'D4'},{'D1'},{'D6'},{'R3'},{'D7'},{'D2'},{'R1'},{'D5'},{'R2'},&,1.0,&
{'D3'},{'D4'},,,,,,,,,&,3.0,&
{'D3'},{'D4'},{'D7'},,,,,,,,&,1.0,&
{'D3'},{'D4'},{'D7'},{'D2'},{'D1'},,,,,,&,1.0,&
{'D3'},{'D4'},{'D7'},{'D6'},{'D1'},{'R3'},{'D2'},,,,&,1.0,&
{'D3'},{'D4'},{'R1'},{'D6'},{'D7'},{'R3'},{'D1'},{'D2'},{'D5'},{'R2'},&,1.0,&
{'D3'},{'D4'},{'D2'},{'R3'},,,,,,,&,1.0,&
{'D3'},{'D4'},{'D2'},{'R3'},{'R2'},{'R1'},,,,,&,1.0,&
{'D3'},{'D4'},{'D2'},{'R3'},{'D6'},{'R2'},{'D1'},{'R1'},,,&,1.0,&
{'D3'},{'D4'},{'D2'},{'R1'},,,,,,,&,1.0,&
{'D3'},{'D4'},{'D6'},{'D2'},{'D7'},{'D1'},{'R2'},{'D5'},{'R3'},,&,1.0,&
{'D3'},{'R1'},{'R2'},,,,,,,,&,1.0,&
{'D3'},{'R1'},{'R2'},{'R3'},{'D5'},{'D1'},{'D4'},{'D7'},{'D2'},,&,1.0,&
{'D3'},{'R1'},{'R2'},{'D7'},{'D4'},{'D1'},{'D6'},{'D2'},{'R3'},,&,1.0,&
{'D3'},{'R1'},{'D1'},,,,,,,,&,1.0,&
{'D3'},{'R1'},{'D1'},{'D2'},{'D7'},{'R3'},{'R2'},,,,&,1.0,&
{'D3'},{'R1'},{'D1'},{'D2'},{'D4'},{'R3'},{'D7'},{'D6'},{'D5'},{'R2'},&,1.0,&
{'D3'},{'R1'},,,,,,,,,&,3.0,&
{'D3'},{'R1'},{'D7'},{'D2'},{'R3'},{'R2'},,,,,&,1.0,&
{'D3'},{'R1'},{'D7'},{'D1'},{'D4'},{'D2'},,,,,&,1.0,&
{'D3'},{'R1'},{'D2'},{'R2'},{'D7'},{'R3'},{'D1'},,,,&,1.0,&
{'D3'},{'R1'},{'D2'},{'D6'},{'D1'},{'D7'},{'R3'},{'D4'},{'R2'},{'D5'},&,1.0,&
{'D3'},{'D5'},{'D1'},{'R2'},{'R3'},{'D7'},{'R1'},,,,&,1.0,&
{'D3'},{'D5'},{'D7'},,,,,,,,&,1.0,&
{'D3'},{'D7'},{'R3'},,,,,,,,&,3.0,&
{'D3'},{'D7'},{'R3'},{'D2'},{'D1'},{'D4'},,,,,&,1.0,&
{'D3'},{'D7'},{'R3'},{'D2'},{'D1'},{'R2'},{'R1'},{'D4'},{'D6'},{'D5'},&,1.0,&
{'D3'},{'D7'},{'R3'},{'D2'},{'R2'},{'R1'},,,,,&,1.0,&
{'D3'},{'D7'},{'R3'},{'D2'},{'R2'},{'R1'},{'D1'},,,,&,1.0,&
{'D3'},{'D7'},{'R3'},{'D2'},{'R2'},{'D1'},{'D6'},{'R1'},{'D4'},,&,1.0,&
{'D3'},{'D7'},{'R3'},{'D2'},{'R2'},{'D6'},,,,,&,1.0,&
{'D3'},{'D7'},{'R3'},{'D1'},,,,,,,&,1.0,&
{'D3'},{'D7'},{'R3'},{'D1'},{'R2'},{'R1'},{'D4'},,,,&,1.0,&
{'D3'},{'D7'},{'R3'},{'D1'},{'D2'},,,,,,&,1.0,&
{'D3'},{'D7'},{'R3'},{'R2'},,,,,,,&,2.0,&
{'D3'},{'D7'},{'R3'},{'R2'},{'R1'},,,,,,&,1.0,&
{'D3'},{'D7'},{'R3'},{'R2'},{'R1'},{'D2'},{'D1'},{'D6'},{'D4'},{'D5'},&,1.0,&
{'D3'},{'D7'},{'R3'},{'R2'},{'D2'},,,,,,&,1.0,&
{'D3'},{'D7'},{'R3'},{'D6'},,,,,,,&,1.0,&
{'D3'},{'D7'},{'R3'},{'D6'},{'R1'},{'D2'},{'D1'},{'D4'},,,&,1.0,&
{'D3'},{'D7'},{'R2'},,,,,,,,&,3.0,&
{'D3'},{'D7'},{'R2'},{'R3'},,,,,,,&,1.0,&
{'D3'},{'D7'},{'R2'},{'R3'},{'D4'},{'R1'},{'D1'},{'D2'},{'D6'},,&,1.0,&
{'D3'},{'D7'},{'R2'},{'D2'},{'R3'},,,,,,&,1.0,&
{'D3'},{'D7'},{'R2'},{'D2'},{'D1'},{'D4'},,,,,&,1.0,&
{'D3'},{'D7'},{'R2'},{'D1'},{'R3'},{'R1'},,,,,&,1.0,&
{'D3'},{'D7'},{'R2'},{'D1'},{'D2'},{'R3'},,,,,&,1.0,&
{'D3'},{'D7'},{'D1'},{'R3'},{'R2'},,,,,,&,1.0,&
{'D3'},{'D7'},{'D1'},{'R3'},{'R2'},{'R1'},,,,,&,1.0,&
{'D3'},{'D7'},{'D1'},{'R3'},{'D2'},{'D4'},{'R1'},{'D6'},{'D5'},{'R2'},&,1.0,&
{'D3'},{'D7'},{'D1'},{'R3'},{'D2'},{'D4'},{'D6'},{'R1'},{'R2'},,&,1.0,&
{'D3'},{'D7'},{'D1'},{'D2'},{'R1'},{'R3'},{'R2'},{'D4'},{'D6'},,&,1.0,&
{'D3'},{'D7'},{'D1'},{'D2'},{'R2'},{'D4'},,,,,&,1.0,&
{'D3'},{'D7'},{'D1'},{'D2'},{'R2'},{'R3'},,,,,&,1.0,&
{'D3'},{'D7'},{'D4'},,,,,,,,&,1.0,&
{'D3'},{'D7'},{'D4'},{'R3'},{'D6'},{'R2'},{'D2'},,,,&,1.0,&
{'D3'},{'D7'},{'D4'},{'D2'},{'R3'},{'D1'},{'D6'},{'D5'},,,&,1.0,&
{'D3'},{'D7'},{'D4'},{'D1'},{'R2'},{'R3'},{'D2'},{'D6'},{'R1'},,&,1.0,&
{'D3'},{'D7'},{'D4'},{'R2'},{'D2'},,,,,,&,1.0,&
{'D3'},{'D7'},{'D4'},{'R2'},{'D2'},{'R3'},{'D1'},{'D6'},,,&,1.0,&
{'D3'},{'D7'},,,,,,,,,&,11.0,&
{'D3'},{'D7'},{'R1'},{'D4'},{'R3'},{'D1'},,,,,&,1.0,&
{'D3'},{'D7'},{'D2'},,,,,,,,&,3.0,&
{'D3'},{'D7'},{'D2'},{'R3'},,,,,,,&,1.0,&
{'D3'},{'D7'},{'D2'},{'R3'},{'D1'},{'D4'},,,,,&,1.0,&
{'D3'},{'D7'},{'D2'},{'R3'},{'R2'},{'D4'},{'R1'},,,,&,1.0,&
{'D3'},{'D7'},{'D2'},{'D1'},,,,,,,&,2.0,&
{'D3'},{'D7'},{'D2'},{'D1'},{'R3'},{'D4'},{'D6'},{'R2'},{'D5'},,&,1.0,&
{'D3'},{'D7'},{'D2'},{'R1'},{'D1'},,,,,,&,1.0,&
{'D3'},{'D7'},{'D2'},{'R2'},,,,,,,&,2.0,&
{'D3'},{'D7'},{'D2'},{'R2'},{'R3'},{'R1'},{'D1'},,,,&,1.0,&
{'D3'},{'D7'},{'D2'},{'D4'},{'D1'},{'D6'},{'R2'},{'D5'},{'R3'},{'R1'},&,1.0,&
{'D3'},{'D7'},{'D2'},{'D6'},{'R2'},{'D4'},{'D1'},{'D5'},,,&,1.0,&
{'D3'},{'D7'},{'D6'},,,,,,,,&,1.0,&
{'D3'},{'D7'},{'D6'},{'R3'},{'D2'},{'R2'},,,,,&,1.0,&
{'D3'},{'D7'},{'D5'},{'R2'},{'D2'},,,,,,&,1.0,&
{'D3'},{'D6'},{'R3'},,,,,,,,&,1.0,&
{'D3'},{'D6'},{'R2'},{'D2'},{'R3'},{'R1'},{'D1'},{'D4'},{'D7'},,&,1.0,&
{'D3'},{'D6'},{'D7'},,,,,,,,&,1.0,&
{'D4'},{'D2'},{'R3'},,,,,,,,&,11.0,&
{'D4'},{'D2'},{'R3'},{'D1'},{'R2'},{'R1'},{'D7'},{'D3'},,,&,1.0,&
{'D4'},{'D2'},{'R3'},{'D1'},{'R2'},{'R1'},{'D6'},{'D7'},{'D3'},{'D5'},&,1.0,&
{'D4'},{'D2'},{'R3'},{'D1'},{'D3'},{'R2'},{'R1'},,,,&,1.0,&
{'D4'},{'D2'},{'R3'},{'R1'},,,,,,,&,2.0,&
{'D4'},{'D2'},{'R3'},{'R1'},{'D7'},{'R2'},,,,,&,1.0,&
{'D4'},{'D2'},{'R3'},{'R1'},{'R2'},,,,,,&,1.0,&
{'D4'},{'D2'},{'R3'},{'R1'},{'R2'},{'D7'},{'D1'},{'D6'},{'D3'},{'D5'},&,1.0,&
{'D4'},{'D2'},{'R3'},{'R2'},,,,,,,&,2.0,&
{'D4'},{'D2'},{'R3'},{'R2'},{'D7'},{'D1'},{'R1'},{'D5'},,,&,1.0,&
{'D4'},{'D2'},{'R3'},{'R2'},{'D7'},{'D1'},{'R1'},{'D3'},{'D6'},{'D5'},&,1.0,&
{'D4'},{'D2'},{'R3'},{'R2'},{'R1'},,,,,,&,2.0,&
{'D4'},{'D2'},{'R3'},{'R2'},{'R1'},{'D1'},{'D7'},{'D3'},,,&,1.0,&
{'D4'},{'D2'},{'R3'},{'R2'},{'R1'},{'D7'},{'D1'},{'D3'},,,&,1.0,&
{'D4'},{'D2'},{'R3'},{'R2'},{'D1'},{'D7'},{'R1'},,,,&,1.0,&
{'D4'},{'D2'},{'R3'},{'R2'},{'D1'},{'D7'},{'R1'},{'D6'},{'D3'},,&,1.0,&
{'D4'},{'D2'},{'R3'},{'R2'},{'D1'},{'D6'},{'D7'},{'D5'},{'D3'},{'R1'},&,1.0,&
{'D4'},{'D2'},{'R3'},{'R2'},{'D3'},,,,,,&,1.0,&
{'D4'},{'D2'},{'R3'},{'R2'},{'D3'},{'D7'},{'R1'},,,,&,1.0,&
{'D4'},{'D2'},{'R3'},{'D7'},,,,,,,&,1.0,&
{'D4'},{'D2'},{'R3'},{'D7'},{'D1'},{'R2'},,,,,&,1.0,&
{'D4'},{'D2'},{'R3'},{'D7'},{'D1'},{'R2'},{'D3'},{'D5'},,,&,1.0,&
{'D4'},{'D2'},{'R3'},{'D7'},{'D1'},{'R2'},{'R1'},{'D3'},,,&,1.0,&
{'D4'},{'D2'},{'R3'},{'D7'},{'R2'},,,,,,&,2.0,&
{'D4'},{'D2'},{'R3'},{'D7'},{'R2'},{'D6'},,,,,&,1.0,&
{'D4'},{'D2'},{'R3'},{'D7'},{'D3'},{'D6'},{'R2'},{'D1'},{'R1'},{'D5'},&,1.0,&
{'D4'},{'D2'},{'R3'},{'D3'},{'D6'},,,,,,&,1.0,&
{'D4'},{'D2'},{'R3'},{'D6'},{'R2'},{'R1'},{'D7'},,,,&,1.0,&
{'D4'},{'D2'},{'R3'},{'D5'},{'D7'},,,,,,&,1.0,&
{'D4'},{'D2'},{'R2'},,,,,,,,&,2.0,&
{'D4'},{'D2'},{'R2'},{'R3'},{'D7'},,,,,,&,2.0,&
{'D4'},{'D2'},{'R2'},{'R3'},{'D7'},{'D6'},{'D1'},,,,&,1.0,&
{'D4'},{'D2'},{'R2'},{'R3'},{'R1'},{'D7'},{'D1'},{'D3'},{'D6'},,&,1.0,&
{'D4'},{'D2'},{'R2'},{'D1'},,,,,,,&,2.0,&
{'D4'},{'D2'},{'R2'},{'D1'},{'R3'},,,,,,&,2.0,&
{'D4'},{'D2'},{'R2'},{'D1'},{'R3'},{'D7'},{'D3'},{'D6'},,,&,1.0,&
{'D4'},{'D2'},{'R2'},{'R1'},{'R3'},,,,,,&,1.0,&
{'D4'},{'D2'},{'R2'},{'D7'},,,,,,,&,1.0,&
{'D4'},{'D2'},{'R2'},{'D7'},{'R1'},{'D1'},{'R3'},,,,&,1.0,&
{'D4'},{'D2'},{'R2'},{'D7'},{'R1'},{'R3'},,,,,&,1.0,&
{'D4'},{'D2'},{'R2'},{'D7'},{'D1'},,,,,,&,1.0,&
{'D4'},{'D2'},{'R2'},{'D7'},{'D1'},{'D6'},{'R3'},{'R1'},,,&,1.0,&
{'D4'},{'D2'},{'R2'},{'D7'},{'D6'},{'R3'},{'R1'},,,,&,1.0,&
{'D4'},{'D2'},{'R2'},{'D3'},{'D7'},{'D6'},,,,,&,1.0,&
{'D4'},{'D2'},{'D1'},,,,,,,,&,5.0,&
{'D4'},{'D2'},{'D1'},{'R3'},,,,,,,&,1.0,&
{'D4'},{'D2'},{'D1'},{'R3'},{'D7'},{'D3'},{'R2'},{'R1'},,,&,1.0,&
{'D4'},{'D2'},{'D1'},{'R3'},{'D7'},{'R2'},,,,,&,1.0,&
{'D4'},{'D2'},{'D1'},{'R3'},{'D7'},{'R2'},{'R1'},,,,&,1.0,&
{'D4'},{'D2'},{'D1'},{'R3'},{'R1'},{'D6'},{'R2'},{'D7'},,,&,1.0,&
{'D4'},{'D2'},{'D1'},{'R3'},{'R2'},{'R1'},{'D7'},{'D3'},{'D6'},,&,1.0,&
{'D4'},{'D2'},{'D1'},{'R3'},{'D5'},,,,,,&,1.0,&
{'D4'},{'D2'},{'D1'},{'R2'},{'D7'},{'D3'},{'D6'},,,,&,1.0,&
{'D4'},{'D2'},{'D1'},{'R2'},{'D7'},{'R3'},{'D3'},,,,&,1.0,&
{'D4'},{'D2'},{'D1'},{'R2'},{'R3'},{'D7'},,,,,&,1.0,&
{'D4'},{'D2'},{'D1'},{'R2'},{'D3'},{'D7'},{'D6'},{'D5'},{'R3'},,&,1.0,&
{'D4'},{'D2'},{'D1'},{'D7'},,,,,,,&,2.0,&
{'D4'},{'D2'},{'D1'},{'D7'},{'R1'},,,,,,&,1.0,&
{'D4'},{'D2'},{'D1'},{'D7'},{'R1'},{'R3'},,,,,&,1.0,&
{'D4'},{'D2'},{'D1'},{'D7'},{'R3'},{'R2'},,,,,&,1.0,&
{'D4'},{'D2'},{'D1'},{'D7'},{'R2'},{'D5'},{'R3'},{'R1'},{'D6'},,&,1.0,&
{'D4'},{'D2'},{'D1'},{'D7'},{'R2'},{'D6'},{'D3'},{'R3'},,,&,1.0,&
{'D4'},{'D2'},{'D1'},{'D7'},{'D5'},{'D6'},{'D3'},,,,&,1.0,&
{'D4'},{'D2'},{'D1'},{'D3'},{'D7'},{'D6'},{'D5'},,,,&,1.0,&
{'D4'},{'D2'},{'D1'},{'D3'},{'D7'},{'D6'},{'D5'},{'R3'},,,&,1.0,&
{'D4'},{'D2'},{'D1'},{'D3'},{'R3'},{'D7'},{'D6'},,,,&,1.0,&
{'D4'},{'D2'},{'D1'},{'D3'},{'R2'},{'D7'},{'D6'},{'D5'},,,&,1.0,&
{'D4'},{'D2'},{'D1'},{'D6'},{'D7'},,,,,,&,1.0,&
{'D4'},{'D2'},{'D1'},{'D5'},{'D7'},{'D3'},{'D6'},{'R3'},,,&,1.0,&
{'D4'},{'D2'},,,,,,,,,&,14.0,&
{'D4'},{'D2'},{'D7'},,,,,,,,&,9.0,&
{'D4'},{'D2'},{'D7'},{'R3'},{'D1'},{'D3'},{'R1'},{'D6'},{'D5'},,&,1.0,&
{'D4'},{'D2'},{'D7'},{'R3'},{'R2'},{'R1'},{'D3'},,,,&,1.0,&
{'D4'},{'D2'},{'D7'},{'R3'},{'R2'},{'R1'},{'D1'},,,,&,2.0,&
{'D4'},{'D2'},{'D7'},{'R3'},{'R2'},{'D3'},{'D1'},,,,&,1.0,&
{'D4'},{'D2'},{'D7'},{'R3'},{'D6'},,,,,,&,1.0,&
{'D4'},{'D2'},{'D7'},{'R3'},{'D6'},{'R2'},{'D1'},{'R1'},{'D5'},{'D3'},&,1.0,&
{'D4'},{'D2'},{'D7'},{'D1'},,,,,,,&,1.0,&
{'D4'},{'D2'},{'D7'},{'D1'},{'R3'},{'R1'},,,,,&,1.0,&
{'D4'},{'D2'},{'D7'},{'D1'},{'R3'},{'D3'},,,,,&,1.0,&
{'D4'},{'D2'},{'D7'},{'D1'},{'R3'},{'D3'},{'R2'},{'D6'},{'D5'},,&,1.0,&
{'D4'},{'D2'},{'D7'},{'D1'},{'R3'},{'R2'},{'D3'},{'D6'},{'D5'},,&,1.0,&
{'D4'},{'D2'},{'D7'},{'D1'},{'R3'},{'R2'},{'D5'},{'D6'},{'D3'},,&,1.0,&
{'D4'},{'D2'},{'D7'},{'D1'},{'R3'},{'D6'},{'R2'},,,,&,1.0,&
{'D4'},{'D2'},{'D7'},{'D1'},{'R2'},,,,,,&,1.0,&
{'D4'},{'D2'},{'D7'},{'D1'},{'R2'},{'D3'},,,,,&,1.0,&
{'D4'},{'D2'},{'D7'},{'D1'},{'R2'},{'D6'},{'D3'},{'R3'},{'R1'},{'D5'},&,1.0,&
{'D4'},{'D2'},{'D7'},{'D1'},{'R2'},{'D6'},{'D5'},{'D3'},,,&,1.0,&
{'D4'},{'D2'},{'D7'},{'D1'},{'D6'},{'D3'},{'D5'},{'R2'},{'R3'},{'R1'},&,1.0,&
{'D4'},{'D2'},{'D7'},{'D1'},{'D6'},{'D5'},,,,,&,2.0,&
{'D4'},{'D2'},{'D7'},{'D1'},{'D3'},,,,,,&,3.0,&
{'D4'},{'D2'},{'D7'},{'D1'},{'D3'},{'D6'},{'D5'},{'R2'},{'R1'},{'R3'},&,1.0,&
{'D4'},{'D2'},{'D7'},{'R2'},,,,,,,&,2.0,&
{'D4'},{'D2'},{'D7'},{'R2'},{'R1'},{'D5'},{'D1'},{'R3'},,,&,1.0,&
{'D4'},{'D2'},{'D7'},{'R2'},{'R3'},{'D6'},,,,,&,1.0,&
{'D4'},{'D2'},{'D7'},{'R2'},{'D1'},,,,,,&,2.0,&
{'D4'},{'D2'},{'D7'},{'R2'},{'D1'},{'R1'},{'D3'},,,,&,1.0,&
{'D4'},{'D2'},{'D7'},{'R2'},{'D1'},{'D3'},{'D6'},,,,&,1.0,&
{'D4'},{'D2'},{'D7'},{'R2'},{'D1'},{'D6'},,,,,&,2.0,&
{'D4'},{'D2'},{'D7'},{'R2'},{'D1'},{'D6'},{'R3'},{'D3'},{'R1'},{'D5'},&,1.0,&
{'D4'},{'D2'},{'D7'},{'R2'},{'D6'},{'D1'},{'D3'},{'D5'},{'R3'},{'R1'},&,1.0,&
{'D4'},{'D2'},{'D7'},{'D3'},{'R1'},{'R2'},{'R3'},{'D1'},{'D5'},{'D6'},&,1.0,&
{'D4'},{'D2'},{'D7'},{'D3'},{'R3'},,,,,,&,1.0,&
{'D4'},{'D2'},{'D7'},{'D3'},{'R3'},{'R1'},{'R2'},{'D5'},,,&,1.0,&
{'D4'},{'D2'},{'D7'},{'D6'},{'D1'},{'R3'},{'R2'},,,,&,1.0,&
{'D4'},{'D2'},{'D7'},{'D5'},{'D3'},{'D1'},{'R3'},{'R2'},{'D6'},{'R1'},&,1.0,&
{'D4'},{'D2'},{'R1'},,,,,,,,&,2.0,&
{'D4'},{'D2'},{'R1'},{'R3'},{'R2'},{'D1'},{'D7'},{'D5'},,,&,1.0,&
{'D4'},{'D2'},{'R1'},{'D1'},{'D7'},,,,,,&,1.0,&
{'D4'},{'D2'},{'R1'},{'R2'},{'D7'},,,,,,&,1.0,&
{'D4'},{'D2'},{'R1'},{'D7'},{'R3'},{'R2'},,,,,&,1.0,&
{'D4'},{'D2'},{'R1'},{'D7'},{'R2'},{'R3'},,,,,&,1.0,&
{'D4'},{'D2'},{'D3'},,,,,,,,&,2.0,&
{'D4'},{'D2'},{'D3'},{'R3'},{'D1'},{'D7'},{'R2'},{'D6'},,,&,1.0,&
{'D4'},{'D2'},{'D3'},{'R3'},{'R2'},{'R1'},{'D1'},{'D6'},{'D7'},{'D5'},&,1.0,&
{'D4'},{'D2'},{'D3'},{'R3'},{'D6'},{'D7'},,,,,&,1.0,&
{'D4'},{'D2'},{'D3'},{'R2'},{'R3'},{'R1'},,,,,&,1.0,&
{'D4'},{'D2'},{'D3'},{'R2'},{'R3'},{'D7'},{'D1'},{'D6'},{'D5'},,&,1.0,&
{'D4'},{'D2'},{'D6'},{'R3'},{'D3'},{'D1'},{'D7'},{'R2'},{'R1'},,&,1.0,&
{'D4'},{'D2'},{'D6'},{'D1'},{'D7'},{'D5'},{'R3'},{'R2'},,,&,1.0,&
{'D4'},{'D2'},{'D6'},{'R2'},{'D7'},{'D3'},{'R3'},{'D1'},{'R1'},,&,1.0,&
{'D4'},{'D2'},{'D6'},{'D7'},,,,,,,&,1.0,&
{'D4'},{'D2'},{'D5'},,,,,,,,&,2.0,&
{'D4'},{'D2'},{'D5'},{'D1'},{'D7'},{'R3'},{'R2'},,,,&,1.0,&
{'D4'},{'D2'},{'D5'},{'D1'},{'R2'},{'D7'},{'D3'},{'R1'},{'D6'},,&,1.0,&
{'D4'},{'D2'},{'D5'},{'D7'},{'R2'},{'R3'},,,,,&,1.0,&
{'D4'},{'D1'},{'R3'},,,,,,,,&,5.0,&
{'D4'},{'D1'},{'R3'},{'D2'},,,,,,,&,2.0,&
{'D4'},{'D1'},{'R3'},{'D2'},{'D7'},{'R2'},,,,,&,1.0,&
{'D4'},{'D1'},{'R3'},{'D2'},{'R1'},{'D3'},{'R2'},{'D7'},{'D5'},{'D6'},&,1.0,&
{'D4'},{'D1'},{'R3'},{'D2'},{'R2'},{'R1'},,,,,&,1.0,&
{'D4'},{'D1'},{'R3'},{'D2'},{'R2'},{'R1'},{'D3'},,,,&,1.0,&
{'D4'},{'D1'},{'R3'},{'D2'},{'R2'},{'R1'},{'D7'},{'D5'},,,&,1.0,&
{'D4'},{'D1'},{'R3'},{'D2'},{'D6'},{'D7'},,,,,&,1.0,&
{'D4'},{'D1'},{'R3'},{'D2'},{'D3'},{'D6'},{'R1'},{'D7'},{'D5'},{'R2'},&,1.0,&
{'D4'},{'D1'},{'R3'},{'R1'},,,,,,,&,1.0,&
{'D4'},{'D1'},{'R3'},{'R2'},{'R1'},{'D2'},{'D7'},{'D6'},,,&,1.0,&
{'D4'},{'D1'},{'R3'},{'R2'},{'D2'},{'D7'},{'D3'},{'D5'},{'D6'},{'R1'},&,1.0,&
{'D4'},{'D1'},{'R3'},{'D7'},,,,,,,&,1.0,&
{'D4'},{'D1'},{'R3'},{'D7'},{'R2'},{'D2'},{'D3'},,,,&,1.0,&
{'D4'},{'D1'},{'R3'},{'D7'},{'D2'},{'D6'},{'D3'},{'D5'},{'R2'},{'R1'},&,1.0,&
{'D4'},{'D1'},{'R3'},{'D7'},{'D3'},{'R2'},{'D2'},,,,&,1.0,&
{'D4'},{'D1'},{'R3'},{'D3'},{'D7'},{'R2'},,,,,&,1.0,&
{'D4'},{'D1'},{'R2'},,,,,,,,&,3.0,&
{'D4'},{'D1'},{'R2'},{'R3'},{'D7'},,,,,,&,1.0,&
{'D4'},{'D1'},{'R2'},{'R3'},{'D7'},{'D2'},,,,,&,1.0,&
{'D4'},{'D1'},{'R2'},{'R3'},{'R1'},{'D2'},{'D7'},{'D3'},{'D6'},,&,1.0,&
{'D4'},{'D1'},{'R2'},{'R3'},{'D2'},{'R1'},{'D7'},{'D6'},{'D5'},{'D3'},&,1.0,&
{'D4'},{'D1'},{'R2'},{'D2'},{'D7'},{'D5'},{'R3'},{'R1'},,,&,1.0,&
{'D4'},{'D1'},{'R2'},{'D2'},{'R3'},{'D7'},{'R1'},{'D3'},{'D5'},,&,1.0,&
{'D4'},{'D1'},{'R2'},{'D2'},{'D6'},,,,,,&,1.0,&
{'D4'},{'D1'},{'R2'},{'D6'},{'R3'},{'D7'},{'R1'},{'D2'},{'D5'},,&,1.0,&
{'D4'},{'D1'},{'R2'},{'D6'},{'D2'},{'D7'},,,,,&,1.0,&
{'D4'},{'D1'},,,,,,,,,&,9.0,&
{'D4'},{'D1'},{'D7'},,,,,,,,&,4.0,&
{'D4'},{'D1'},{'D7'},{'R3'},,,,,,,&,2.0,&
{'D4'},{'D1'},{'D7'},{'R3'},{'R1'},{'D2'},{'D6'},{'D3'},{'D5'},,&,1.0,&
{'D4'},{'D1'},{'D7'},{'R3'},{'R1'},{'R2'},{'D2'},{'D3'},,,&,1.0,&
{'D4'},{'D1'},{'D7'},{'R3'},{'R1'},{'D6'},{'R2'},,,,&,1.0,&
{'D4'},{'D1'},{'D7'},{'R3'},{'D2'},{'D3'},{'D5'},{'D6'},{'R1'},,&,1.0,&
{'D4'},{'D1'},{'D7'},{'R3'},{'D2'},{'D3'},{'D6'},{'R2'},{'D5'},{'R1'},&,1.0,&
{'D4'},{'D1'},{'D7'},{'D2'},{'R1'},,,,,,&,1.0,&
{'D4'},{'D1'},{'D7'},{'D2'},{'R3'},{'D3'},{'R2'},{'D6'},{'D5'},{'R1'},&,1.0,&
{'D4'},{'D1'},{'D7'},{'D2'},{'R3'},{'D3'},{'D6'},{'D5'},,,&,1.0,&
{'D4'},{'D1'},{'D7'},{'D2'},{'R3'},{'D3'},{'D6'},{'R2'},,,&,1.0,&
{'D4'},{'D1'},{'D7'},{'D2'},{'R3'},{'R2'},,,,,&,1.0,&
{'D4'},{'D1'},{'D7'},{'D2'},{'R3'},{'D6'},,,,,&,1.0,&
{'D4'},{'D1'},{'D7'},{'D2'},{'R2'},,,,,,&,1.0,&
{'D4'},{'D1'},{'D7'},{'D2'},{'R2'},{'D3'},{'R3'},{'R1'},{'D6'},,&,1.0,&
{'D4'},{'D1'},{'D7'},{'D2'},{'D3'},,,,,,&,1.0,&
{'D4'},{'D1'},{'D7'},{'R1'},{'R3'},{'D2'},{'R2'},,,,&,1.0,&
{'D4'},{'D1'},{'D7'},{'R1'},{'D2'},{'R2'},{'D3'},{'R3'},{'D6'},,&,1.0,&
{'D4'},{'D1'},{'D7'},{'D5'},{'D2'},{'D3'},{'R3'},,,,&,1.0,&
{'D4'},{'D1'},{'R1'},,,,,,,,&,1.0,&
{'D4'},{'D1'},{'R1'},{'R2'},{'D7'},{'D2'},{'D6'},{'D3'},{'R3'},,&,1.0,&
{'D4'},{'D1'},{'R1'},{'R2'},{'R3'},{'D2'},{'D3'},{'D7'},{'D6'},{'D5'},&,1.0,&
{'D4'},{'D1'},{'R1'},{'R2'},{'D6'},{'R3'},,,,,&,1.0,&
{'D4'},{'D1'},{'D2'},,,,,,,,&,10.0,&
{'D4'},{'D1'},{'D2'},{'R3'},,,,,,,&,1.0,&
{'D4'},{'D1'},{'D2'},{'R3'},{'D7'},,,,,,&,1.0,&
{'D4'},{'D1'},{'D2'},{'R3'},{'D7'},{'R1'},{'D5'},{'R2'},{'D3'},,&,1.0,&
{'D4'},{'D1'},{'D2'},{'R3'},{'D7'},{'D3'},{'R2'},{'R1'},{'D6'},{'D5'},&,1.0,&
{'D4'},{'D1'},{'D2'},{'R3'},{'D7'},{'D5'},{'R2'},{'R1'},{'D6'},{'D3'},&,1.0,&
{'D4'},{'D1'},{'D2'},{'R3'},{'R1'},{'D3'},{'D7'},{'R2'},{'D6'},,&,1.0,&
{'D4'},{'D1'},{'D2'},{'R1'},{'D6'},{'R2'},{'D7'},{'D3'},{'D5'},,&,1.0,&
{'D4'},{'D1'},{'D2'},{'R2'},{'D7'},{'R3'},{'D5'},,,,&,1.0,&
{'D4'},{'D1'},{'D2'},{'R2'},{'R3'},,,,,,&,1.0,&
{'D4'},{'D1'},{'D2'},{'R2'},{'R3'},{'R1'},{'D7'},{'D5'},{'D6'},{'D3'},&,1.0,&
{'D4'},{'D1'},{'D2'},{'D7'},,,,,,,&,3.0,&
{'D4'},{'D1'},{'D2'},{'D7'},{'R1'},{'R2'},{'R3'},{'D6'},,,&,1.0,&
{'D4'},{'D1'},{'D2'},{'D7'},{'R3'},,,,,,&,2.0,&
{'D4'},{'D1'},{'D2'},{'D7'},{'R2'},,,,,,&,1.0,&
{'D4'},{'D1'},{'D2'},{'D7'},{'D3'},,,,,,&,1.0,&
{'D4'},{'D1'},{'D2'},{'D7'},{'D3'},{'D6'},{'D5'},{'R3'},{'R2'},{'R1'},&,1.0,&
{'D4'},{'D1'},{'D2'},{'D3'},{'D7'},,,,,,&,1.0,&
{'D4'},{'D1'},{'D2'},{'D6'},{'D5'},{'D3'},{'R3'},{'R2'},,,&,1.0,&
{'D4'},{'D1'},{'D3'},{'R3'},{'R2'},{'D2'},{'D7'},,,,&,1.0,&
{'D4'},{'D1'},{'D3'},{'D2'},{'D7'},,,,,,&,1.0,&
{'D4'},{'D1'},{'D3'},{'R2'},{'D7'},{'D5'},,,,,&,1.0,&
{'D4'},{'D1'},{'D3'},{'D7'},{'D2'},,,,,,&,1.0,&
{'D4'},{'D1'},{'D6'},{'R3'},{'D7'},{'D2'},,,,,&,1.0,&
{'D4'},{'D1'},{'D6'},{'D7'},{'D2'},{'R2'},,,,,&,1.0,&
{'D4'},{'D1'},{'D5'},{'R3'},{'R1'},,,,,,&,1.0,&
{'D4'},{'R2'},{'R3'},,,,,,,,&,6.0,&
{'D4'},{'R2'},{'R3'},{'D2'},,,,,,,&,3.0,&
{'D4'},{'R2'},{'R3'},{'D2'},{'R1'},,,,,,&,1.0,&
{'D4'},{'R2'},{'R3'},{'D2'},{'R1'},{'D7'},{'D5'},,,,&,1.0,&
{'D4'},{'R2'},{'R3'},{'D2'},{'D1'},{'D7'},{'D3'},,,,&,1.0,&
{'D4'},{'R2'},{'R3'},{'D2'},{'D1'},{'D7'},{'D3'},{'R1'},{'D5'},{'D6'},&,1.0,&
{'D4'},{'R2'},{'R3'},{'D1'},{'R1'},{'D2'},,,,,&,1.0,&
{'D4'},{'R2'},{'R3'},{'D1'},{'R1'},{'D7'},,,,,&,1.0,&
{'D4'},{'R2'},{'R3'},{'D1'},{'D2'},,,,,,&,1.0,&
{'D4'},{'R2'},{'R3'},{'D1'},{'D2'},{'R1'},{'D6'},{'D7'},{'D3'},{'D5'},&,1.0,&
{'D4'},{'R2'},{'R3'},{'R1'},,,,,,,&,2.0,&
{'D4'},{'R2'},{'R3'},{'R1'},{'D7'},,,,,,&,1.0,&
{'D4'},{'R2'},{'R3'},{'R1'},{'D7'},{'D3'},,,,,&,1.0,&
{'D4'},{'R2'},{'R3'},{'R1'},{'D7'},{'D2'},{'D1'},{'D3'},{'D6'},{'D5'},&,1.0,&
{'D4'},{'R2'},{'R3'},{'R1'},{'D7'},{'D1'},{'D2'},{'D3'},{'D6'},{'D5'},&,1.0,&
{'D4'},{'R2'},{'R3'},{'R1'},{'D1'},{'D7'},{'D2'},,,,&,2.0,&
{'D4'},{'R2'},{'R3'},{'R1'},{'D1'},{'D7'},{'D2'},{'D6'},{'D3'},{'D5'},&,1.0,&
{'D4'},{'R2'},{'R3'},{'R1'},{'D2'},,,,,,&,1.0,&
{'D4'},{'R2'},{'R3'},{'R1'},{'D2'},{'D1'},,,,,&,1.0,&
{'D4'},{'R2'},{'R3'},{'R1'},{'D2'},{'D7'},{'D1'},{'D6'},{'D3'},,&,1.0,&
{'D4'},{'R2'},{'R3'},{'R1'},{'D2'},{'D7'},{'D1'},{'D6'},{'D3'},{'D5'},&,1.0,&
{'D4'},{'R2'},{'R3'},{'R1'},{'D3'},,,,,,&,1.0,&
{'D4'},{'R2'},{'R3'},{'D7'},,,,,,,&,1.0,&
{'D4'},{'R2'},{'R3'},{'D7'},{'R1'},,,,,,&,1.0,&
{'D4'},{'R2'},{'R3'},{'D7'},{'R1'},{'D2'},{'D1'},{'D6'},{'D3'},{'D5'},&,1.0,&
{'D4'},{'R2'},{'R3'},{'D7'},{'R1'},{'D1'},{'D3'},{'D2'},{'D6'},,&,1.0,&
{'D4'},{'R2'},{'R3'},{'D7'},{'D2'},{'D1'},,,,,&,1.0,&
{'D4'},{'R2'},{'R3'},{'D3'},,,,,,,&,1.0,&
{'D4'},{'R2'},{'R3'},{'D5'},{'D7'},{'D2'},{'D1'},{'R1'},,,&,1.0,&
{'D4'},{'R2'},{'R3'},{'D5'},{'R1'},{'D1'},{'D7'},,,,&,1.0,&
{'D4'},{'R2'},{'D1'},,,,,,,,&,2.0,&
{'D4'},{'R2'},{'D1'},{'R3'},,,,,,,&,2.0,&
{'D4'},{'R2'},{'D1'},{'R3'},{'R1'},{'D7'},{'D3'},{'D2'},{'D6'},,&,1.0,&
{'D4'},{'R2'},{'D1'},{'R3'},{'R1'},{'D7'},{'D6'},,,,&,1.0,&
{'D4'},{'R2'},{'D1'},{'D2'},{'D7'},{'R1'},,,,,&,1.0,&
{'D4'},{'R2'},{'D1'},{'D2'},{'D7'},{'D3'},{'D6'},,,,&,1.0,&
{'D4'},{'R2'},{'D1'},{'D2'},{'D7'},{'D3'},{'D6'},{'D5'},,,&,1.0,&
{'D4'},{'R2'},{'D1'},{'D2'},{'D7'},{'R3'},,,,,&,1.0,&
{'D4'},{'R2'},{'D1'},{'D2'},{'R3'},{'R1'},{'D7'},{'D6'},{'D3'},{'D5'},&,1.0,&
{'D4'},{'R2'},{'D1'},{'D2'},{'R3'},{'D7'},,,,,&,1.0,&
{'D4'},{'R2'},{'D1'},{'D2'},{'R3'},{'D7'},{'R1'},,,,&,1.0,&
{'D4'},{'R2'},{'D1'},{'D2'},{'R3'},{'D7'},{'R1'},{'D6'},,,&,1.0,&
{'D4'},{'R2'},{'D1'},{'D7'},{'R3'},{'R1'},{'D2'},{'D6'},{'D5'},{'D3'},&,1.0,&
{'D4'},{'R2'},{'D1'},{'D7'},{'D2'},,,,,,&,2.0,&
{'D4'},{'R2'},{'D1'},{'D3'},,,,,,,&,1.0,&
{'D4'},{'R2'},{'D1'},{'D3'},{'R3'},{'R1'},,,,,&,1.0,&
{'D4'},{'R2'},{'D1'},{'D6'},{'R3'},{'D7'},{'R1'},,,,&,1.0,&
{'D4'},{'R2'},,,,,,,,,&,8.0,&
{'D4'},{'R2'},{'D7'},,,,,,,,&,1.0,&
{'D4'},{'R2'},{'D7'},{'R3'},,,,,,,&,1.0,&
{'D4'},{'R2'},{'D7'},{'R3'},{'R1'},{'D1'},{'D2'},,,,&,1.0,&
{'D4'},{'R2'},{'D7'},{'R3'},{'D1'},,,,,,&,1.0,&
{'D4'},{'R2'},{'D7'},{'R3'},{'D1'},{'R1'},{'D2'},,,,&,1.0,&
{'D4'},{'R2'},{'D7'},{'R3'},{'D2'},{'D1'},{'R1'},,,,&,1.0,&
{'D4'},{'R2'},{'D7'},{'D2'},{'R3'},{'D6'},{'R1'},{'D1'},{'D5'},{'D3'},&,1.0,&
{'D4'},{'R2'},{'D7'},{'D2'},{'D1'},{'D6'},{'D3'},{'D5'},{'R3'},{'R1'},&,1.0,&
{'D4'},{'R2'},{'D7'},{'D1'},{'R1'},{'D2'},{'D6'},{'D3'},,,&,1.0,&
{'D4'},{'R2'},{'D7'},{'D1'},{'D2'},,,,,,&,1.0,&
{'D4'},{'R2'},{'D7'},{'D1'},{'D2'},{'R3'},{'R1'},{'D3'},,,&,1.0,&
{'D4'},{'R2'},{'D7'},{'D1'},{'D3'},{'R3'},{'R1'},{'D2'},{'D6'},,&,1.0,&
{'D4'},{'R2'},{'D7'},{'R1'},,,,,,,&,1.0,&
{'D4'},{'R2'},{'D7'},{'D3'},{'D1'},{'D2'},{'R3'},{'R1'},{'D6'},,&,1.0,&
{'D4'},{'R2'},{'R1'},,,,,,,,&,2.0,&
{'D4'},{'R2'},{'R1'},{'R3'},{'D2'},,,,,,&,1.0,&
{'D4'},{'R2'},{'R1'},{'D1'},,,,,,,&,1.0,&
{'D4'},{'R2'},{'D2'},,,,,,,,&,5.0,&
{'D4'},{'R2'},{'D2'},{'R3'},{'D7'},{'D3'},{'D1'},{'D6'},{'R1'},{'D5'},&,1.0,&
{'D4'},{'R2'},{'D2'},{'R3'},{'D7'},{'D1'},,,,,&,1.0,&
{'D4'},{'R2'},{'D2'},{'R3'},{'D7'},{'D1'},{'D3'},{'R1'},{'D6'},{'D5'},&,1.0,&
{'D4'},{'R2'},{'D2'},{'R3'},{'R1'},,,,,,&,1.0,&
{'D4'},{'R2'},{'D2'},{'R3'},{'R1'},{'D7'},{'D3'},{'D1'},{'D6'},{'D5'},&,1.0,&
{'D4'},{'R2'},{'D2'},{'R3'},{'R1'},{'D7'},{'D5'},,,,&,1.0,&
{'D4'},{'R2'},{'D2'},{'D1'},,,,,,,&,1.0,&
{'D4'},{'R2'},{'D2'},{'D1'},{'D7'},{'D3'},,,,,&,1.0,&
{'D4'},{'R2'},{'D2'},{'D1'},{'R3'},,,,,,&,1.0,&
{'D4'},{'R2'},{'D2'},{'D1'},{'D3'},,,,,,&,1.0,&
{'D4'},{'R2'},{'D2'},{'R1'},{'D7'},,,,,,&,1.0,&
{'D4'},{'R2'},{'D2'},{'R1'},{'D1'},{'R3'},,,,,&,1.0,&
{'D4'},{'R2'},{'D2'},{'D7'},,,,,,,&,3.0,&
{'D4'},{'R2'},{'D2'},{'D7'},{'R1'},{'D1'},{'D6'},{'D3'},,,&,1.0,&
{'D4'},{'R2'},{'D2'},{'D7'},{'R3'},,,,,,&,1.0,&
{'D4'},{'R2'},{'D2'},{'D7'},{'R3'},{'D1'},{'D3'},{'R1'},{'D6'},,&,1.0,&
{'D4'},{'R2'},{'D2'},{'D7'},{'D1'},{'R3'},{'R1'},,,,&,1.0,&
{'D4'},{'R2'},{'D2'},{'D6'},{'D7'},{'D1'},{'R3'},{'D3'},{'R1'},,&,1.0,&
{'D4'},{'R2'},{'D2'},{'D6'},{'D1'},,,,,,&,1.0,&
{'D4'},{'R2'},{'D3'},,,,,,,,&,1.0,&
{'D4'},{'R2'},{'D3'},{'R3'},{'D7'},,,,,,&,1.0,&
{'D4'},{'R2'},{'D3'},{'R1'},{'R3'},{'D1'},,,,,&,1.0,&
{'D4'},{'R2'},{'D3'},{'R1'},{'R3'},{'D7'},,,,,&,1.0,&
{'D4'},{'R2'},{'D6'},{'R3'},{'D2'},{'D7'},{'R1'},,,,&,1.0,&
{'D4'},{'R2'},{'D5'},,,,,,,,&,1.0,&
{'D4'},,,,,,,,,,&,67.0,&
{'D4'},{'R3'},{'R2'},,,,,,,,&,13.0,&
{'D4'},{'R3'},{'R2'},{'D2'},,,,,,,&,4.0,&
{'D4'},{'R3'},{'R2'},{'D2'},{'D7'},{'R1'},,,,,&,2.0,&
{'D4'},{'R3'},{'R2'},{'D2'},{'D7'},{'D1'},{'D6'},{'D5'},{'R1'},,&,1.0,&
{'D4'},{'R3'},{'R2'},{'D2'},{'R1'},,,,,,&,2.0,&
{'D4'},{'R3'},{'R2'},{'D2'},{'R1'},{'D3'},,,,,&,1.0,&
{'D4'},{'R3'},{'R2'},{'D2'},{'R1'},{'D3'},{'D7'},,,,&,1.0,&
{'D4'},{'R3'},{'R2'},{'D2'},{'R1'},{'D1'},{'D7'},{'D5'},{'D3'},{'D6'},&,1.0,&
{'D4'},{'R3'},{'R2'},{'D2'},{'D1'},,,,,,&,2.0,&
{'D4'},{'R3'},{'R2'},{'D2'},{'D6'},,,,,,&,1.0,&
{'D4'},{'R3'},{'R2'},{'D1'},{'D7'},,,,,,&,1.0,&
{'D4'},{'R3'},{'R2'},{'D1'},{'R1'},{'D3'},,,,,&,1.0,&
{'D4'},{'R3'},{'R2'},{'D1'},{'R1'},{'D2'},,,,,&,1.0,&
{'D4'},{'R3'},{'R2'},{'D1'},{'D2'},{'D7'},,,,,&,1.0,&
{'D4'},{'R3'},{'R2'},{'R1'},,,,,,,&,3.0,&
{'D4'},{'R3'},{'R2'},{'R1'},{'D7'},,,,,,&,2.0,&
{'D4'},{'R3'},{'R2'},{'R1'},{'D7'},{'D2'},{'D1'},,,,&,1.0,&
{'D4'},{'R3'},{'R2'},{'R1'},{'D7'},{'D1'},{'D2'},{'D3'},,,&,1.0,&
{'D4'},{'R3'},{'R2'},{'R1'},{'D7'},{'D1'},{'D5'},{'D2'},,,&,1.0,&
{'D4'},{'R3'},{'R2'},{'R1'},{'D1'},{'D2'},,,,,&,1.0,&
{'D4'},{'R3'},{'R2'},{'R1'},{'D1'},{'D2'},{'D7'},,,,&,1.0,&
{'D4'},{'R3'},{'R2'},{'R1'},{'D2'},{'D1'},{'D3'},,,,&,1.0,&
{'D4'},{'R3'},{'R2'},{'R1'},{'D2'},{'D1'},{'D7'},{'D6'},{'D3'},,&,1.0,&
{'D4'},{'R3'},{'R2'},{'R1'},{'D2'},{'D7'},,,,,&,1.0,&
{'D4'},{'R3'},{'R2'},{'R1'},{'D2'},{'D7'},{'D6'},,,,&,1.0,&
{'D4'},{'R3'},{'R2'},{'R1'},{'D6'},{'D7'},{'D1'},,,,&,1.0,&
{'D4'},{'R3'},{'R2'},{'R1'},{'D3'},{'D2'},,,,,&,1.0,&
{'D4'},{'R3'},{'R2'},{'D7'},{'R1'},,,,,,&,1.0,&
{'D4'},{'R3'},{'R2'},{'D7'},{'R1'},{'D6'},,,,,&,1.0,&
{'D4'},{'R3'},{'R2'},{'D7'},{'D2'},{'D1'},{'D3'},{'D6'},{'D5'},{'R1'},&,1.0,&
{'D4'},{'R3'},{'R2'},{'D3'},,,,,,,&,1.0,&
{'D4'},{'R3'},{'D1'},,,,,,,,&,7.0,&
{'D4'},{'R3'},{'D1'},{'D2'},{'D7'},,,,,,&,1.0,&
{'D4'},{'R3'},{'D1'},{'D2'},{'D7'},{'D3'},{'D6'},{'D5'},{'R2'},,&,1.0,&
{'D4'},{'R3'},{'D1'},{'D2'},{'D7'},{'D6'},{'D3'},{'D5'},{'R1'},{'R2'},&,1.0,&
{'D4'},{'R3'},{'D1'},{'D2'},{'R1'},{'R2'},{'D7'},{'D3'},,,&,1.0,&
{'D4'},{'R3'},{'D1'},{'D2'},{'R2'},{'R1'},{'D7'},,,,&,1.0,&
{'D4'},{'R3'},{'D1'},{'D2'},{'D6'},{'D7'},{'D3'},,,,&,1.0,&
{'D4'},{'R3'},{'D1'},{'R1'},{'R2'},{'D2'},,,,,&,1.0,&
{'D4'},{'R3'},{'D1'},{'R2'},{'D7'},{'R1'},{'D2'},{'D3'},,,&,1.0,&
{'D4'},{'R3'},{'D1'},{'R2'},{'D7'},{'D2'},{'D6'},{'D3'},{'D5'},{'R1'},&,1.0,&
{'D4'},{'R3'},{'D1'},{'R2'},{'D2'},{'R1'},{'D7'},,,,&,1.0,&
{'D4'},{'R3'},{'D1'},{'R2'},{'D3'},{'R1'},{'D2'},{'D7'},{'D6'},{'D5'},&,1.0,&
{'D4'},{'R3'},{'D1'},{'D7'},{'R2'},{'D2'},{'D6'},{'D3'},,,&,1.0,&
{'D4'},{'R3'},{'D1'},{'D3'},{'D2'},{'R2'},{'D7'},{'D5'},,,&,1.0,&
{'D4'},{'R3'},,,,,,,,,&,7.0,&
{'D4'},{'R3'},{'D7'},,,,,,,,&,9.0,&
{'D4'},{'R3'},{'D7'},{'D2'},,,,,,,&,3.0,&
{'D4'},{'R3'},{'D7'},{'D2'},{'D1'},{'R2'},{'D5'},{'D6'},,,&,1.0,&
{'D4'},{'R3'},{'D7'},{'D2'},{'R2'},{'R1'},{'D5'},,,,&,1.0,&
{'D4'},{'R3'},{'D7'},{'D2'},{'R2'},{'D1'},{'R1'},{'D3'},{'D6'},{'D5'},&,1.0,&
{'D4'},{'R3'},{'D7'},{'D2'},{'R2'},{'D6'},{'R1'},,,,&,1.0,&
{'D4'},{'R3'},{'D7'},{'D2'},{'D6'},{'D3'},{'D1'},{'D5'},{'R2'},{'R1'},&,1.0,&
{'D4'},{'R3'},{'D7'},{'D2'},{'D6'},{'D3'},{'D1'},{'R2'},{'R1'},,&,1.0,&
{'D4'},{'R3'},{'D7'},{'D1'},{'R2'},{'D2'},{'D3'},,,,&,1.0,&
{'D4'},{'R3'},{'D7'},{'D1'},{'D2'},,,,,,&,1.0,&
{'D4'},{'R3'},{'D7'},{'D1'},{'D2'},{'D3'},,,,,&,1.0,&
{'D4'},{'R3'},{'D7'},{'D1'},{'D2'},{'R2'},{'D3'},{'D6'},{'R1'},,&,1.0,&
{'D4'},{'R3'},{'D7'},{'D1'},{'D2'},{'D6'},{'D3'},,,,&,1.0,&
{'D4'},{'R3'},{'D7'},{'R1'},,,,,,,&,1.0,&
{'D4'},{'R3'},{'D7'},{'R2'},,,,,,,&,1.0,&
{'D4'},{'R3'},{'D7'},{'R2'},{'R1'},{'D6'},{'D2'},,,,&,1.0,&
{'D4'},{'R3'},{'D7'},{'R2'},{'D3'},{'R1'},{'D2'},,,,&,1.0,&
{'D4'},{'R3'},{'D7'},{'D3'},{'R1'},{'D2'},{'R2'},{'D1'},,,&,1.0,&
{'D4'},{'R3'},{'D7'},{'D3'},{'R1'},{'D1'},,,,,&,1.0,&
{'D4'},{'R3'},{'D7'},{'D3'},{'R2'},{'R1'},{'D1'},,,,&,1.0,&
{'D4'},{'R3'},{'R1'},,,,,,,,&,1.0,&
{'D4'},{'R3'},{'R1'},{'D2'},{'D1'},{'D7'},,,,,&,1.0,&
{'D4'},{'R3'},{'R1'},{'D2'},{'D1'},{'R2'},{'D7'},,,,&,1.0,&
{'D4'},{'R3'},{'R1'},{'D2'},{'R2'},,,,,,&,1.0,&
{'D4'},{'R3'},{'R1'},{'D2'},{'R2'},{'D1'},{'D6'},,,,&,1.0,&
{'D4'},{'R3'},{'R1'},{'D2'},{'D5'},{'R2'},{'D7'},,,,&,1.0,&
{'D4'},{'R3'},{'R1'},{'D1'},{'D7'},{'R2'},,,,,&,1.0,&
{'D4'},{'R3'},{'R1'},{'R2'},,,,,,,&,1.0,&
{'D4'},{'R3'},{'R1'},{'R2'},{'D2'},,,,,,&,2.0,&
{'D4'},{'R3'},{'R1'},{'D7'},{'D2'},{'D5'},{'R2'},{'D1'},,,&,1.0,&
{'D4'},{'R3'},{'D2'},,,,,,,,&,9.0,&
{'D4'},{'R3'},{'D2'},{'D1'},,,,,,,&,1.0,&
{'D4'},{'R3'},{'D2'},{'D1'},{'D7'},,,,,,&,1.0,&
{'D4'},{'R3'},{'D2'},{'D1'},{'D7'},{'D3'},,,,,&,1.0,&
{'D4'},{'R3'},{'D2'},{'D1'},{'D7'},{'R2'},{'D6'},{'R1'},{'D3'},{'D5'},&,1.0,&
{'D4'},{'R3'},{'D2'},{'D1'},{'D7'},{'D6'},{'D3'},{'R2'},{'D5'},{'R1'},&,1.0,&
{'D4'},{'R3'},{'D2'},{'D1'},{'R2'},{'R1'},,,,,&,1.0,&
{'D4'},{'R3'},{'D2'},{'D1'},{'R2'},{'R1'},{'D7'},{'D3'},{'D5'},,&,1.0,&
{'D4'},{'R3'},{'D2'},{'D1'},{'R2'},{'D7'},{'D3'},{'D6'},{'D5'},,&,1.0,&
{'D4'},{'R3'},{'D2'},{'D1'},{'R2'},{'D7'},{'R1'},{'D3'},{'D5'},{'D6'},&,1.0,&
{'D4'},{'R3'},{'D2'},{'R1'},{'D7'},{'D1'},{'R2'},{'D3'},{'D6'},,&,1.0,&
{'D4'},{'R3'},{'D2'},{'R1'},{'R2'},,,,,,&,1.0,&
{'D4'},{'R3'},{'D2'},{'R1'},{'R2'},{'D1'},{'D7'},,,,&,1.0,&
{'D4'},{'R3'},{'D2'},{'R1'},{'R2'},{'D7'},{'D1'},,,,&,1.0,&
{'D4'},{'R3'},{'D2'},{'R1'},{'D3'},{'R2'},{'D1'},{'D7'},{'D5'},{'D6'},&,1.0,&
{'D4'},{'R3'},{'D2'},{'R2'},{'D7'},{'R1'},{'D1'},{'D6'},,,&,1.0,&
{'D4'},{'R3'},{'D2'},{'R2'},{'D7'},{'D1'},,,,,&,1.0,&
{'D4'},{'R3'},{'D2'},{'R2'},{'D7'},{'D1'},{'R1'},{'D3'},,,&,1.0,&
{'D4'},{'R3'},{'D2'},{'R2'},{'R1'},,,,,,&,2.0,&
{'D4'},{'R3'},{'D2'},{'R2'},{'R1'},{'D1'},,,,,&,1.0,&
{'D4'},{'R3'},{'D2'},{'R2'},{'R1'},{'D1'},{'D7'},{'D3'},{'D6'},,&,2.0,&
{'D4'},{'R3'},{'D2'},{'R2'},{'R1'},{'D5'},{'D1'},,,,&,1.0,&
{'D4'},{'R3'},{'D2'},{'R2'},{'R1'},{'D7'},{'D1'},{'D3'},,,&,1.0,&
{'D4'},{'R3'},{'D2'},{'R2'},{'D1'},{'R1'},{'D7'},{'D3'},{'D6'},,&,1.0,&
{'D4'},{'R3'},{'D2'},{'R2'},{'D6'},{'D1'},{'D7'},{'D3'},{'D5'},,&,1.0,&
{'D4'},{'R3'},{'D2'},{'R2'},{'D3'},{'R1'},{'D7'},{'D1'},,,&,1.0,&
{'D4'},{'R3'},{'D2'},{'D7'},{'R2'},{'R1'},{'D1'},{'D6'},{'D3'},,&,1.0,&
{'D4'},{'R3'},{'D2'},{'D7'},{'R2'},{'D1'},,,,,&,1.0,&
{'D4'},{'R3'},{'D2'},{'D7'},{'R2'},{'D1'},{'R1'},{'D5'},,,&,1.0,&
{'D4'},{'R3'},{'D2'},{'D3'},{'D7'},{'D1'},,,,,&,1.0,&
{'D4'},{'R3'},{'D2'},{'D3'},{'R1'},{'R2'},{'D7'},{'D1'},,,&,1.0,&
{'D4'},{'R3'},{'D3'},{'D1'},{'D2'},{'R1'},{'R2'},,,,&,1.0,&
{'D4'},{'R3'},{'D3'},{'D1'},{'D6'},{'D7'},{'R1'},{'D2'},{'D5'},{'R2'},&,1.0,&
{'D4'},{'R3'},{'D3'},{'R1'},{'D1'},{'D2'},{'R2'},{'D7'},,,&,1.0,&
{'D4'},{'R3'},{'D3'},{'R2'},{'D7'},,,,,,&,1.0,&
{'D4'},{'R3'},{'D3'},{'R2'},{'D7'},{'D2'},{'R1'},{'D1'},,,&,1.0,&
{'D4'},{'R3'},{'D3'},{'D7'},{'R2'},,,,,,&,1.0,&
{'D4'},{'R3'},{'D6'},,,,,,,,&,1.0,&
{'D4'},{'R3'},{'D5'},,,,,,,,&,1.0,&
{'D4'},{'R1'},{'R3'},,,,,,,,&,2.0,&
{'D4'},{'R1'},{'R3'},{'D1'},,,,,,,&,1.0,&
{'D4'},{'R1'},{'R3'},{'R2'},{'D1'},{'D6'},{'D7'},{'D2'},,,&,1.0,&
{'D4'},{'R1'},{'R3'},{'D6'},,,,,,,&,1.0,&
{'D4'},{'R1'},{'R2'},{'R3'},{'D7'},{'D2'},,,,,&,1.0,&
{'D4'},{'R1'},{'R2'},{'R3'},{'D2'},{'D7'},{'D1'},,,,&,1.0,&
{'D4'},{'R1'},{'D1'},{'R3'},,,,,,,&,1.0,&
{'D4'},{'R1'},{'D1'},{'D2'},,,,,,,&,1.0,&
{'D4'},{'R1'},{'D1'},{'D2'},{'R3'},{'D7'},{'D6'},{'D5'},,,&,1.0,&
{'D4'},{'R1'},{'D1'},{'D7'},{'D2'},,,,,,&,1.0,&
{'D4'},{'R1'},{'D1'},{'D6'},,,,,,,&,1.0,&
{'D4'},{'R1'},{'D1'},{'D5'},{'R3'},{'D2'},,,,,&,1.0,&
{'D4'},{'R1'},,,,,,,,,&,2.0,&
{'D4'},{'R1'},{'D7'},{'R3'},{'D1'},{'D2'},{'R2'},{'D6'},{'D3'},{'D5'},&,1.0,&
{'D4'},{'R1'},{'D7'},{'D2'},{'R3'},{'D1'},{'R2'},{'D6'},,,&,1.0,&
{'D4'},{'R1'},{'D7'},{'D1'},{'R2'},{'R3'},{'D3'},{'D2'},,,&,1.0,&
{'D4'},{'R1'},{'D2'},,,,,,,,&,4.0,&
{'D4'},{'R1'},{'D2'},{'R3'},{'D7'},{'D3'},{'D1'},{'R2'},{'D6'},,&,1.0,&
{'D4'},{'R1'},{'D2'},{'R3'},{'R2'},{'D7'},{'D1'},{'D6'},{'D3'},,&,1.0,&
{'D4'},{'R1'},{'D2'},{'D1'},{'D7'},{'D3'},{'R2'},{'D6'},{'D5'},{'R3'},&,1.0,&
{'D4'},{'R1'},{'D6'},{'R3'},{'R2'},,,,,,&,1.0,&
{'D4'},{'D5'},{'R2'},{'D2'},{'R3'},{'R1'},{'D1'},{'D7'},{'D6'},,&,1.0,&
{'D4'},{'D5'},{'D1'},{'D3'},{'R3'},,,,,,&,1.0,&
{'D4'},{'D5'},{'D7'},{'D2'},{'R1'},{'R3'},,,,,&,1.0,&
{'D4'},{'D5'},{'D7'},{'D1'},{'R3'},,,,,,&,1.0,&
{'D4'},{'D5'},{'D7'},{'R2'},{'D3'},{'R3'},{'D1'},{'D2'},,,&,1.0,&
{'D4'},{'D3'},{'R3'},,,,,,,,&,1.0,&
{'D4'},{'D3'},{'R3'},{'D2'},{'D1'},{'D7'},{'D6'},{'D5'},,,&,1.0,&
{'D4'},{'D3'},{'R3'},{'D2'},{'R2'},{'R1'},{'D1'},{'D7'},,,&,2.0,&
{'D4'},{'D3'},{'R2'},,,,,,,,&,1.0,&
{'D4'},{'D3'},{'R2'},{'R3'},{'R1'},{'D7'},{'D2'},{'D1'},,,&,1.0,&
{'D4'},{'D3'},{'R2'},{'D7'},,,,,,,&,1.0,&
{'D4'},{'D3'},{'D1'},,,,,,,,&,1.0,&
{'D4'},{'D3'},,,,,,,,,&,2.0,&
{'D4'},{'D3'},{'D7'},{'R3'},,,,,,,&,1.0,&
{'D4'},{'D3'},{'D7'},{'R3'},{'R2'},,,,,,&,1.0,&
{'D4'},{'D3'},{'D7'},{'R3'},{'D2'},,,,,,&,1.0,&
{'D4'},{'D3'},{'D7'},{'D2'},,,,,,,&,1.0,&
{'D4'},{'D3'},{'D7'},{'D1'},{'D2'},{'D6'},{'D5'},,,,&,1.0,&
{'D4'},{'D3'},{'R1'},,,,,,,,&,1.0,&
{'D4'},{'D3'},{'D2'},,,,,,,,&,2.0,&
{'D4'},{'D3'},{'D2'},{'D1'},{'D7'},{'R3'},{'D6'},{'R2'},{'D5'},,&,1.0,&
{'D4'},{'D3'},{'D2'},{'R2'},{'D7'},{'D1'},{'D6'},{'D5'},{'R3'},{'R1'},&,1.0,&
{'D4'},{'D3'},{'D2'},{'D7'},{'D1'},{'D5'},,,,,&,1.0,&
{'D4'},{'D7'},{'R3'},,,,,,,,&,6.0,&
{'D4'},{'D7'},{'R3'},{'D2'},{'D1'},{'D3'},{'D6'},{'R1'},{'D5'},{'R2'},&,1.0,&
{'D4'},{'D7'},{'R3'},{'D2'},{'D1'},{'R2'},,,,,&,2.0,&
{'D4'},{'D7'},{'R3'},{'D2'},{'R2'},,,,,,&,1.0,&
{'D4'},{'D7'},{'R3'},{'D1'},,,,,,,&,2.0,&
{'D4'},{'D7'},{'R3'},{'D1'},{'D2'},{'D3'},,,,,&,1.0,&
{'D4'},{'D7'},{'R3'},{'R1'},{'D1'},{'D3'},,,,,&,1.0,&
{'D4'},{'D7'},{'R3'},{'R1'},{'R2'},,,,,,&,2.0,&
{'D4'},{'D7'},{'R3'},{'R1'},{'R2'},{'D2'},,,,,&,1.0,&
{'D4'},{'D7'},{'R3'},{'R1'},{'D3'},,,,,,&,1.0,&
{'D4'},{'D7'},{'R3'},{'R2'},{'R1'},{'D2'},,,,,&,1.0,&
{'D4'},{'D7'},{'R3'},{'R2'},{'R1'},{'D1'},{'D2'},,,,&,1.0,&
{'D4'},{'D7'},{'R3'},{'R2'},{'D1'},,,,,,&,1.0,&
{'D4'},{'D7'},{'R3'},{'R2'},{'D1'},{'D2'},{'D3'},{'R1'},{'D5'},,&,1.0,&
{'D4'},{'D7'},{'R3'},{'R2'},{'D2'},,,,,,&,1.0,&
{'D4'},{'D7'},{'R3'},{'R2'},{'D2'},{'R1'},,,,,&,1.0,&
{'D4'},{'D7'},{'R3'},{'R2'},{'D2'},{'D1'},{'R1'},{'D6'},{'D3'},{'D5'},&,1.0,&
{'D4'},{'D7'},{'R3'},{'R2'},{'D3'},,,,,,&,1.0,&
{'D4'},{'D7'},{'R3'},{'R2'},{'D5'},,,,,,&,1.0,&
{'D4'},{'D7'},{'R3'},{'D3'},{'D1'},,,,,,&,1.0,&
{'D4'},{'D7'},{'R3'},{'D3'},{'R2'},{'D1'},{'D2'},{'D6'},,,&,1.0,&
{'D4'},{'D7'},{'R3'},{'D6'},{'D2'},{'D3'},{'D1'},,,,&,1.0,&
{'D4'},{'D7'},{'R2'},,,,,,,,&,5.0,&
{'D4'},{'D7'},{'R2'},{'R3'},{'R1'},,,,,,&,1.0,&
{'D4'},{'D7'},{'R2'},{'R3'},{'R1'},{'D2'},,,,,&,1.0,&
{'D4'},{'D7'},{'R2'},{'R3'},{'R1'},{'D2'},{'D3'},{'D1'},,,&,1.0,&
{'D4'},{'D7'},{'R2'},{'R3'},{'D2'},{'R1'},,,,,&,2.0,&
{'D4'},{'D7'},{'R2'},{'R3'},{'D6'},,,,,,&,1.0,&
{'D4'},{'D7'},{'R2'},{'D2'},{'R1'},,,,,,&,1.0,&
{'D4'},{'D7'},{'R2'},{'D2'},{'D1'},,,,,,&,1.0,&
{'D4'},{'D7'},{'R2'},{'D2'},{'D5'},{'R3'},{'D1'},,,,&,1.0,&
{'D4'},{'D7'},{'R2'},{'D1'},,,,,,,&,1.0,&
{'D4'},{'D7'},{'R2'},{'D1'},{'R3'},,,,,,&,1.0,&
{'D4'},{'D7'},{'R2'},{'D1'},{'D2'},{'D3'},{'D6'},{'D5'},,,&,1.0,&
{'D4'},{'D7'},{'D1'},,,,,,,,&,8.0,&
{'D4'},{'D7'},{'D1'},{'R3'},,,,,,,&,2.0,&
{'D4'},{'D7'},{'D1'},{'R3'},{'R2'},,,,,,&,1.0,&
{'D4'},{'D7'},{'D1'},{'R3'},{'R2'},{'D3'},,,,,&,1.0,&
{'D4'},{'D7'},{'D1'},{'R3'},{'R2'},{'D2'},{'D3'},,,,&,1.0,&
{'D4'},{'D7'},{'D1'},{'R3'},{'D2'},{'R1'},{'D6'},{'D3'},{'R2'},,&,1.0,&
{'D4'},{'D7'},{'D1'},{'R3'},{'D2'},{'R2'},,,,,&,1.0,&
{'D4'},{'D7'},{'D1'},{'R3'},{'D2'},{'R2'},{'R1'},,,,&,1.0,&
{'D4'},{'D7'},{'D1'},{'D2'},,,,,,,&,1.0,&
{'D4'},{'D7'},{'D1'},{'D2'},{'R3'},{'D5'},{'R2'},{'R1'},{'D6'},{'D3'},&,1.0,&
{'D4'},{'D7'},{'D1'},{'D2'},{'R3'},{'R2'},{'D3'},,,,&,1.0,&
{'D4'},{'D7'},{'D1'},{'D2'},{'R2'},{'D3'},{'D5'},{'R3'},{'R1'},,&,1.0,&
{'D4'},{'D7'},{'D1'},{'D2'},{'R2'},{'R3'},{'D3'},{'D6'},{'R1'},{'D5'},&,1.0,&
{'D4'},{'D7'},{'D1'},{'D2'},{'D6'},{'D3'},{'R3'},{'D5'},,,&,1.0,&
{'D4'},{'D7'},{'D1'},{'D2'},{'D6'},{'R3'},{'R2'},{'R1'},{'D5'},,&,1.0,&
{'D4'},{'D7'},{'D1'},{'D2'},{'D3'},{'R2'},{'D6'},{'R1'},,,&,1.0,&
{'D4'},{'D7'},{'D1'},{'R1'},{'D2'},{'D6'},{'R3'},{'D3'},{'D5'},{'R2'},&,1.0,&
{'D4'},{'D7'},{'D1'},{'R2'},{'R3'},,,,,,&,1.0,&
{'D4'},{'D7'},{'D1'},{'R2'},{'D2'},{'D3'},{'R3'},{'D6'},{'R1'},,&,1.0,&
{'D4'},{'D7'},{'D1'},{'R2'},{'D3'},,,,,,&,1.0,&
{'D4'},{'D7'},{'D1'},{'D6'},{'R3'},{'R2'},{'D2'},{'D3'},{'D5'},{'R1'},&,1.0,&
{'D4'},{'D7'},{'D1'},{'D5'},{'R2'},{'D6'},{'D2'},{'D3'},{'R3'},,&,1.0,&
{'D4'},{'D7'},,,,,,,,,&,10.0,&
{'D4'},{'D7'},{'R1'},,,,,,,,&,1.0,&
{'D4'},{'D7'},{'R1'},{'R3'},{'D2'},{'R2'},{'D1'},{'D6'},,,&,1.0,&
{'D4'},{'D7'},{'R1'},{'R3'},{'D6'},{'D2'},{'D1'},{'D3'},{'R2'},,&,1.0,&
{'D4'},{'D7'},{'R1'},{'D2'},{'D1'},,,,,,&,2.0,&
{'D4'},{'D7'},{'R1'},{'D2'},{'R2'},{'R3'},{'D1'},{'D6'},,,&,1.0,&
{'D4'},{'D7'},{'R1'},{'R2'},,,,,,,&,1.0,&
{'D4'},{'D7'},{'D2'},,,,,,,,&,11.0,&
{'D4'},{'D7'},{'D2'},{'R3'},,,,,,,&,2.0,&
{'D4'},{'D7'},{'D2'},{'R3'},{'R1'},{'D3'},,,,,&,1.0,&
{'D4'},{'D7'},{'D2'},{'R3'},{'D1'},,,,,,&,1.0,&
{'D4'},{'D7'},{'D2'},{'R3'},{'D1'},{'D3'},,,,,&,1.0,&
{'D4'},{'D7'},{'D2'},{'R3'},{'D1'},{'R2'},{'R1'},{'D3'},{'D6'},{'D5'},&,1.0,&
{'D4'},{'D7'},{'D2'},{'R3'},{'R2'},,,,,,&,1.0,&
{'D4'},{'D7'},{'D2'},{'R3'},{'R2'},{'D1'},{'R1'},{'D3'},,,&,1.0,&
{'D4'},{'D7'},{'D2'},{'R3'},{'R2'},{'D1'},{'D6'},,,,&,1.0,&
{'D4'},{'D7'},{'D2'},{'R3'},{'R2'},{'D6'},{'D3'},{'R1'},{'D1'},,&,1.0,&
{'D4'},{'D7'},{'D2'},{'R3'},{'D6'},{'D1'},{'D3'},{'R2'},{'R1'},{'D5'},&,1.0,&
{'D4'},{'D7'},{'D2'},{'R3'},{'D5'},{'D1'},,,,,&,1.0,&
{'D4'},{'D7'},{'D2'},{'R3'},{'D5'},{'D1'},{'R2'},{'D3'},,,&,1.0,&
{'D4'},{'D7'},{'D2'},{'D1'},,,,,,,&,3.0,&
{'D4'},{'D7'},{'D2'},{'D1'},{'R3'},,,,,,&,2.0,&
{'D4'},{'D7'},{'D2'},{'D1'},{'R3'},{'R1'},{'R2'},,,,&,1.0,&
{'D4'},{'D7'},{'D2'},{'D1'},{'R3'},{'D3'},{'R2'},{'D6'},{'R1'},,&,1.0,&
{'D4'},{'D7'},{'D2'},{'D1'},{'R3'},{'D3'},{'D6'},{'R2'},,,&,1.0,&
{'D4'},{'D7'},{'D2'},{'D1'},{'R2'},{'R3'},{'D3'},{'R1'},{'D6'},{'D5'},&,1.0,&
{'D4'},{'D7'},{'D2'},{'D1'},{'D6'},,,,,,&,1.0,&
{'D4'},{'D7'},{'D2'},{'D1'},{'D6'},{'R3'},{'R2'},{'D3'},{'D5'},{'R1'},&,1.0,&
{'D4'},{'D7'},{'D2'},{'D1'},{'D3'},{'R3'},{'D5'},{'R2'},,,&,1.0,&
{'D4'},{'D7'},{'D2'},{'D1'},{'D3'},{'D6'},{'D5'},{'R3'},{'R2'},,&,1.0,&
{'D4'},{'D7'},{'D2'},{'D1'},{'D5'},{'D3'},,,,,&,1.0,&
{'D4'},{'D7'},{'D2'},{'R2'},{'R3'},{'R1'},,,,,&,1.0,&
{'D4'},{'D7'},{'D2'},{'R2'},{'R3'},{'D1'},{'R1'},,,,&,1.0,&
{'D4'},{'D7'},{'D2'},{'R2'},{'D1'},{'D3'},,,,,&,1.0,&
{'D4'},{'D7'},{'D2'},{'R2'},{'D1'},{'R3'},{'D6'},{'R1'},,,&,1.0,&
{'D4'},{'D7'},{'D2'},{'D6'},,,,,,,&,1.0,&
{'D4'},{'D7'},{'D2'},{'D6'},{'D1'},{'R2'},{'D3'},{'R1'},{'R3'},,&,1.0,&
{'D4'},{'D7'},{'D2'},{'D6'},{'D1'},{'R3'},{'D3'},{'D5'},{'R2'},{'R1'},&,1.0,&
{'D4'},{'D7'},{'D3'},{'R3'},{'D1'},{'D2'},{'R2'},{'D6'},{'R1'},,&,1.0,&
{'D4'},{'D7'},{'D6'},{'R3'},{'R1'},{'D3'},,,,,&,1.0,&
{'D4'},{'D7'},{'D6'},{'D1'},,,,,,,&,1.0,&
{'D4'},{'D7'},{'D5'},{'D1'},{'D2'},{'D3'},,,,,&,1.0,&
{'D4'},{'D7'},{'D5'},{'R2'},{'R1'},,,,,,&,1.0,&
{'D4'},{'D6'},{'R3'},,,,,,,,&,1.0,&
{'D4'},{'D6'},{'R3'},{'D1'},{'D3'},{'D7'},,,,,&,1.0,&
{'D4'},{'D6'},{'R3'},{'R1'},{'D2'},{'D1'},,,,,&,1.0,&
{'D4'},{'D6'},{'R2'},,,,,,,,&,2.0,&
{'D4'},{'D6'},{'R2'},{'D2'},{'R3'},,,,,,&,1.0,&
{'D4'},{'D6'},{'R2'},{'D1'},{'D2'},{'D7'},,,,,&,1.0,&
{'D4'},{'D6'},{'D1'},{'D2'},{'R3'},,,,,,&,1.0,&
{'D4'},{'D6'},{'D1'},{'D7'},{'D2'},{'R2'},,,,,&,1.0,&
{'D4'},{'D6'},,,,,,,,,&,2.0,&
{'D4'},{'D6'},{'D7'},,,,,,,,&,1.0,&
{'D4'},{'D6'},{'D7'},{'R3'},{'D1'},{'D2'},{'D5'},{'R2'},,,&,1.0,&
{'D4'},{'D6'},{'D7'},{'D1'},{'D2'},{'D3'},{'D5'},{'R2'},{'R3'},{'R1'},&,1.0,&
{'D4'},{'D6'},{'D7'},{'R2'},{'R3'},{'R1'},{'D2'},{'D5'},,,&,1.0,&
{'D4'},{'D6'},{'D7'},{'D3'},{'R2'},{'R3'},{'R1'},{'D2'},,,&,1.0,&
{'D4'},{'D6'},{'R1'},{'R3'},,,,,,,&,1.0,&
{'D4'},{'D6'},{'R1'},{'D2'},{'R2'},{'D1'},{'R3'},,,,&,1.0,&
{'D4'},{'D6'},{'D2'},{'R3'},{'R2'},,,,,,&,1.0,&
{'D4'},{'D6'},{'D2'},{'D1'},,,,,,,&,1.0,&
{'D4'},{'D6'},{'D2'},{'D1'},{'D7'},,,,,,&,1.0,&
{'D4'},{'D6'},{'D2'},{'D1'},{'D7'},{'R2'},,,,,&,1.0,&
{'D4'},{'D6'},{'D2'},{'D1'},{'R1'},{'R2'},{'D7'},{'R3'},,,&,1.0,&
{'D4'},{'D6'},{'D2'},{'D1'},{'R3'},{'R2'},{'R1'},,,,&,1.0,&
{'D4'},{'D6'},{'D2'},{'D7'},{'R3'},{'R2'},{'D1'},{'D3'},{'R1'},{'D5'},&,1.0,&
{'D4'},{'D6'},{'D5'},{'R1'},{'D2'},{'D1'},,,,,&,1.0,&
{'D5'},{'D2'},{'R3'},,,,,,,,&,3.0,&
{'D5'},{'D2'},{'R3'},{'D1'},{'R2'},,,,,,&,1.0,&
{'D5'},{'D2'},{'R3'},{'R2'},,,,,,,&,1.0,&
{'D5'},{'D2'},{'R2'},,,,,,,,&,2.0,&
{'D5'},{'D2'},{'D1'},,,,,,,,&,1.0,&
{'D5'},{'D2'},{'D1'},{'R3'},{'R1'},{'D4'},{'D7'},{'R2'},{'D6'},,&,1.0,&
{'D5'},{'D2'},{'D1'},{'R3'},{'D4'},,,,,,&,1.0,&
{'D5'},{'D2'},,,,,,,,,&,3.0,&
{'D5'},{'D2'},{'D7'},,,,,,,,&,3.0,&
{'D5'},{'D2'},{'D7'},{'R3'},{'R1'},,,,,,&,1.0,&
{'D5'},{'D2'},{'D7'},{'R3'},{'D4'},{'R2'},{'D3'},{'R1'},,,&,1.0,&
{'D5'},{'D2'},{'D6'},{'D7'},,,,,,,&,1.0,&
{'D5'},{'D2'},{'D6'},{'D4'},{'D7'},{'R1'},{'R3'},{'R2'},,,&,1.0,&
{'D5'},{'D1'},{'R3'},{'D2'},,,,,,,&,1.0,&
{'D5'},{'D1'},{'R3'},{'D7'},{'D4'},{'D2'},{'D3'},{'D6'},,,&,1.0,&
{'D5'},{'D1'},{'R2'},{'D4'},{'D2'},{'D7'},{'D3'},,,,&,1.0,&
{'D5'},{'D1'},,,,,,,,,&,2.0,&
{'D5'},{'D1'},{'D7'},,,,,,,,&,1.0,&
{'D5'},{'D1'},{'D7'},{'D2'},,,,,,,&,1.0,&
{'D5'},{'D1'},{'D7'},{'R2'},{'D2'},{'R3'},{'D4'},,,,&,1.0,&
{'D5'},{'D1'},{'D7'},{'R2'},{'D2'},{'R3'},{'D6'},{'R1'},{'D4'},{'D3'},&,1.0,&
{'D5'},{'D1'},{'D2'},{'R3'},{'D4'},{'D7'},{'R1'},{'R2'},{'D6'},,&,1.0,&
{'D5'},{'D1'},{'D2'},{'D7'},{'R2'},,,,,,&,1.0,&
{'D5'},{'R2'},{'R3'},{'D2'},,,,,,,&,1.0,&
{'D5'},{'R2'},{'R3'},{'D1'},,,,,,,&,1.0,&
{'D5'},{'R2'},{'R3'},{'D1'},{'D2'},{'D3'},,,,,&,1.0,&
{'D5'},{'R2'},{'R3'},{'D7'},{'D2'},{'R1'},{'D3'},{'D1'},{'D4'},,&,1.0,&
{'D5'},{'R2'},{'D1'},{'D2'},{'D7'},{'D4'},,,,,&,1.0,&
{'D5'},{'R2'},{'D4'},{'D7'},{'D2'},{'R3'},{'D1'},{'D3'},{'R1'},{'D6'},&,1.0,&
{'D5'},{'R2'},{'D7'},{'D1'},{'R3'},{'D4'},{'R1'},,,,&,1.0,&
{'D5'},{'R2'},{'D2'},,,,,,,,&,1.0,&
{'D5'},{'R2'},{'D2'},{'D7'},{'R3'},{'D4'},{'R1'},{'D1'},,,&,1.0,&
{'D5'},{'R2'},{'D3'},{'D2'},{'R3'},{'D1'},{'R1'},{'D7'},{'D6'},{'D4'},&,1.0,&
{'D5'},,,,,,,,,,&,3.0,&
{'D5'},{'R3'},{'R2'},,,,,,,,&,2.0,&
{'D5'},{'R3'},{'R2'},{'D1'},{'D6'},{'R1'},{'D2'},{'D3'},{'D4'},{'D7'},&,1.0,&
{'D5'},{'R3'},{'R2'},{'R1'},{'D7'},{'D1'},,,,,&,1.0,&
{'D5'},{'R3'},{'D1'},{'R2'},{'R1'},,,,,,&,1.0,&
{'D5'},{'R3'},,,,,,,,,&,1.0,&
{'D5'},{'R3'},{'R1'},{'D7'},{'D1'},,,,,,&,1.0,&
{'D5'},{'R3'},{'R1'},{'D7'},{'D1'},{'D2'},{'D4'},,,,&,1.0,&
{'D5'},{'R3'},{'D2'},,,,,,,,&,1.0,&
{'D5'},{'R3'},{'D2'},{'R2'},{'R1'},{'D1'},,,,,&,1.0,&
{'D5'},{'D4'},{'R3'},{'D7'},{'D1'},{'R2'},{'R1'},,,,&,1.0,&
{'D5'},{'D4'},,,,,,,,,&,3.0,&
{'D5'},{'D4'},{'D7'},{'R3'},,,,,,,&,1.0,&
{'D5'},{'R1'},{'R3'},{'D2'},,,,,,,&,1.0,&
{'D5'},{'R1'},{'R3'},{'D2'},{'D7'},,,,,,&,1.0,&
{'D5'},{'R1'},{'R2'},{'D1'},{'D2'},{'R3'},,,,,&,1.0,&
{'D5'},{'R1'},{'D4'},{'D6'},{'D2'},{'D1'},{'R2'},{'R3'},{'D3'},{'D7'},&,1.0,&
{'D5'},{'D3'},{'R3'},{'D2'},{'D1'},{'D7'},,,,,&,1.0,&
{'D5'},{'D3'},{'R3'},{'R2'},{'R1'},{'D2'},,,,,&,1.0,&
{'D5'},{'D7'},{'R3'},,,,,,,,&,1.0,&
{'D5'},{'D7'},{'R3'},{'R2'},{'R1'},{'D2'},,,,,&,1.0,&
{'D5'},{'D7'},{'R2'},{'R3'},{'D1'},{'D3'},,,,,&,1.0,&
{'D5'},{'D7'},{'R2'},{'D1'},,,,,,,&,1.0,&
{'D5'},{'D7'},{'D4'},{'R3'},{'D2'},,,,,,&,1.0,&
{'D5'},{'D7'},{'D4'},{'D1'},{'D2'},,,,,,&,1.0,&
{'D5'},{'D7'},,,,,,,,,&,2.0,&
{'D5'},{'D7'},{'D2'},,,,,,,,&,1.0,&
{'D5'},{'D7'},{'D2'},{'R3'},{'R2'},{'D1'},{'R1'},{'D4'},{'D3'},{'D6'},&,1.0,&
{'D5'},{'D6'},{'D2'},{'D1'},{'D7'},,,,,,&,1.0,&
{'D6'},{'D2'},{'R3'},,,,,,,,&,2.0,&
{'D6'},{'D2'},{'R3'},{'D1'},{'R1'},,,,,,&,1.0,&
{'D6'},{'D2'},{'R3'},{'D1'},{'R2'},{'R1'},,,,,&,1.0,&
{'D6'},{'D2'},{'R3'},{'D1'},{'D4'},{'D7'},{'D3'},{'R2'},,,&,1.0,&
{'D6'},{'D2'},{'R3'},{'R1'},,,,,,,&,1.0,&
{'D6'},{'D2'},{'R3'},{'R1'},{'D4'},{'R2'},{'D1'},,,,&,1.0,&
{'D6'},{'D2'},{'R3'},{'R2'},{'D7'},{'D3'},{'D1'},,,,&,1.0,&
{'D6'},{'D2'},{'R3'},{'R2'},{'D3'},{'R1'},{'D7'},{'D1'},{'D4'},{'D5'},&,1.0,&
{'D6'},{'D2'},{'R3'},{'D7'},{'R2'},{'D1'},{'D4'},{'D3'},{'D5'},,&,1.0,&
{'D6'},{'D2'},{'R3'},{'D4'},{'D7'},{'R2'},,,,,&,1.0,&
{'D6'},{'D2'},{'R2'},,,,,,,,&,2.0,&
{'D6'},{'D2'},{'R2'},{'R3'},{'D7'},{'R1'},,,,,&,1.0,&
{'D6'},{'D2'},{'R2'},{'R3'},{'R1'},{'D1'},,,,,&,1.0,&
{'D6'},{'D2'},{'R2'},{'R3'},{'D4'},,,,,,&,1.0,&
{'D6'},{'D2'},{'R2'},{'D1'},,,,,,,&,1.0,&
{'D6'},{'D2'},{'R2'},{'D7'},{'D1'},{'R3'},{'D4'},{'R1'},{'D3'},{'D5'},&,1.0,&
{'D6'},{'D2'},{'R2'},{'D3'},{'D7'},,,,,,&,1.0,&
{'D6'},{'D2'},{'D1'},,,,,,,,&,1.0,&
{'D6'},{'D2'},{'D1'},{'R3'},{'D7'},,,,,,&,1.0,&
{'D6'},{'D2'},{'D1'},{'R3'},{'D7'},{'R2'},,,,,&,1.0,&
{'D6'},{'D2'},{'D1'},{'R3'},{'D4'},{'D3'},,,,,&,1.0,&
{'D6'},{'D2'},{'D1'},{'R2'},{'R3'},{'D7'},{'D3'},,,,&,1.0,&
{'D6'},{'D2'},{'D1'},{'R2'},{'R3'},{'D7'},{'R1'},{'D4'},,,&,1.0,&
{'D6'},{'D2'},{'D1'},{'D7'},,,,,,,&,1.0,&
{'D6'},{'D2'},{'D1'},{'D7'},{'R3'},{'D4'},,,,,&,1.0,&
{'D6'},{'D2'},{'D1'},{'D7'},{'R3'},{'R2'},{'R1'},{'D4'},{'D5'},{'D3'},&,1.0,&
{'D6'},{'D2'},{'D1'},{'D7'},{'R2'},,,,,,&,1.0,&
{'D6'},{'D2'},{'D1'},{'D7'},{'D4'},{'D5'},{'R3'},{'D3'},{'R1'},{'R2'},&,1.0,&
{'D6'},{'D2'},{'D1'},{'D7'},{'D3'},{'R3'},{'D4'},,,,&,1.0,&
{'D6'},{'D2'},{'D4'},,,,,,,,&,2.0,&
{'D6'},{'D2'},{'D4'},{'D7'},,,,,,,&,1.0,&
{'D6'},{'D2'},,,,,,,,,&,2.0,&
{'D6'},{'D2'},{'D7'},,,,,,,,&,2.0,&
{'D6'},{'D2'},{'D7'},{'D1'},,,,,,,&,1.0,&
{'D6'},{'D2'},{'D7'},{'D1'},{'R2'},,,,,,&,1.0,&
{'D6'},{'D2'},{'D7'},{'D1'},{'R2'},{'D5'},{'R3'},{'R1'},,,&,1.0,&
{'D6'},{'D2'},{'D7'},{'R2'},{'R3'},,,,,,&,1.0,&
{'D6'},{'D2'},{'D7'},{'D4'},{'D3'},{'D1'},{'R1'},{'R2'},{'D5'},,&,1.0,&
{'D6'},{'D2'},{'D7'},{'D3'},{'D1'},,,,,,&,1.0,&
{'D6'},{'D2'},{'R1'},{'R3'},{'D1'},,,,,,&,1.0,&
{'D6'},{'D2'},{'D3'},{'D7'},,,,,,,&,1.0,&
{'D6'},{'D1'},{'R3'},,,,,,,,&,2.0,&
{'D6'},{'D1'},{'R3'},{'D2'},{'D7'},,,,,,&,1.0,&
{'D6'},{'D1'},{'R3'},{'R1'},{'R2'},{'D7'},{'D2'},,,,&,1.0,&
{'D6'},{'D1'},{'R3'},{'R2'},,,,,,,&,2.0,&
{'D6'},{'D1'},{'R3'},{'R2'},{'D4'},{'D2'},{'D7'},{'D3'},{'D5'},{'R1'},&,1.0,&
{'D6'},{'D1'},{'R3'},{'D7'},{'R2'},{'D2'},{'D4'},{'R1'},{'D3'},{'D5'},&,1.0,&
{'D6'},{'D1'},{'R3'},{'D4'},,,,,,,&,1.0,&
{'D6'},{'D1'},{'R2'},{'R3'},{'R1'},{'D7'},{'D2'},,,,&,1.0,&
{'D6'},{'D1'},{'R2'},{'R3'},{'D2'},,,,,,&,1.0,&
{'D6'},{'D1'},{'R2'},{'D2'},{'D7'},{'D4'},{'D3'},,,,&,1.0,&
{'D6'},{'D1'},{'R2'},{'D2'},{'R3'},{'R1'},{'D7'},,,,&,1.0,&
{'D6'},{'D1'},{'R2'},{'D7'},{'R3'},{'R1'},,,,,&,1.0,&
{'D6'},{'D1'},{'R2'},{'D7'},{'R3'},{'D2'},{'D4'},,,,&,1.0,&
{'D6'},{'D1'},{'D4'},,,,,,,,&,1.0,&
{'D6'},{'D1'},{'D4'},{'R3'},{'D7'},{'D2'},,,,,&,1.0,&
{'D6'},{'D1'},{'D4'},{'D2'},{'D3'},{'D7'},{'D5'},{'R3'},{'R2'},{'R1'},&,1.0,&
{'D6'},{'D1'},{'D4'},{'R2'},,,,,,,&,1.0,&
{'D6'},{'D1'},,,,,,,,,&,3.0,&
{'D6'},{'D1'},{'D7'},{'R3'},{'R1'},{'D2'},,,,,&,1.0,&
{'D6'},{'D1'},{'D7'},{'R3'},{'D2'},{'R1'},{'D3'},{'D5'},{'R2'},,&,1.0,&
{'D6'},{'D1'},{'D7'},{'D2'},,,,,,,&,1.0,&
{'D6'},{'D1'},{'D7'},{'R1'},{'R2'},,,,,,&,1.0,&
{'D6'},{'D1'},{'D7'},{'R2'},,,,,,,&,1.0,&
{'D6'},{'D1'},{'D7'},{'R2'},{'R3'},{'D2'},,,,,&,1.0,&
{'D6'},{'D1'},{'R1'},{'D2'},{'D7'},{'D4'},{'R3'},{'D3'},{'R2'},,&,1.0,&
{'D6'},{'D1'},{'R1'},{'D2'},{'R3'},{'R2'},{'D7'},,,,&,1.0,&
{'D6'},{'D1'},{'R1'},{'D3'},{'D7'},{'R3'},{'D4'},{'D2'},,,&,1.0,&
{'D6'},{'D1'},{'D2'},,,,,,,,&,1.0,&
{'D6'},{'D1'},{'D2'},{'R3'},,,,,,,&,1.0,&
{'D6'},{'D1'},{'D2'},{'R3'},{'D7'},{'D3'},{'D4'},,,,&,1.0,&
{'D6'},{'D1'},{'D2'},{'R3'},{'R2'},,,,,,&,1.0,&
{'D6'},{'D1'},{'D2'},{'R3'},{'R2'},{'R1'},{'D7'},{'D3'},,,&,1.0,&
{'D6'},{'D1'},{'D2'},{'R1'},{'D5'},{'D7'},{'D4'},{'R2'},,,&,1.0,&
{'D6'},{'D1'},{'D2'},{'R2'},,,,,,,&,1.0,&
{'D6'},{'D1'},{'D2'},{'R2'},{'D3'},{'D7'},{'D4'},{'R3'},{'R1'},,&,2.0,&
{'D6'},{'D1'},{'D2'},{'D7'},{'R3'},{'D3'},{'R1'},,,,&,1.0,&
{'D6'},{'D1'},{'D2'},{'D7'},{'R2'},{'R3'},{'D4'},{'D3'},{'R1'},,&,1.0,&
{'D6'},{'D1'},{'D2'},{'D7'},{'D4'},{'R3'},{'D3'},{'D5'},,,&,1.0,&
{'D6'},{'R2'},{'R3'},,,,,,,,&,3.0,&
{'D6'},{'R2'},{'R3'},{'D1'},{'R1'},{'D2'},,,,,&,1.0,&
{'D6'},{'R2'},{'R3'},{'D1'},{'R1'},{'D2'},{'D5'},{'D7'},{'D4'},{'D3'},&,1.0,&
{'D6'},{'R2'},{'R3'},{'R1'},,,,,,,&,1.0,&
{'D6'},{'R2'},{'R3'},{'D7'},{'D2'},{'D1'},{'R1'},{'D3'},,,&,1.0,&
{'D6'},{'R2'},{'R3'},{'D4'},,,,,,,&,1.0,&
{'D6'},{'R2'},{'D1'},,,,,,,,&,1.0,&
{'D6'},{'R2'},{'D1'},{'D7'},{'D4'},{'D2'},{'D5'},,,,&,1.0,&
{'D6'},{'R2'},{'D1'},{'D7'},{'D4'},{'R3'},,,,,&,1.0,&
{'D6'},{'R2'},{'D4'},,,,,,,,&,2.0,&
{'D6'},{'R2'},{'D4'},{'D7'},{'R3'},{'D2'},{'D1'},{'D5'},{'R1'},,&,1.0,&
{'D6'},{'R2'},,,,,,,,,&,1.0,&
{'D6'},{'R2'},{'D7'},,,,,,,,&,3.0,&
{'D6'},{'R2'},{'D7'},{'R3'},{'D2'},{'D4'},{'D3'},{'D5'},,,&,1.0,&
{'D6'},{'R2'},{'D7'},{'D1'},{'R1'},{'D2'},,,,,&,1.0,&
{'D6'},{'R2'},{'R1'},{'D1'},{'R3'},{'D2'},{'D4'},{'D7'},{'D5'},,&,1.0,&
{'D6'},{'R2'},{'R1'},{'D7'},{'D1'},,,,,,&,1.0,&
{'D6'},{'R2'},{'D2'},,,,,,,,&,2.0,&
{'D6'},{'R2'},{'D2'},{'D1'},{'R1'},{'D7'},{'D3'},{'D4'},{'D5'},,&,1.0,&
{'D6'},{'R2'},{'D2'},{'D7'},{'R3'},{'R1'},{'D4'},,,,&,1.0,&
{'D6'},{'R2'},{'D3'},{'D2'},{'D7'},{'R3'},{'D4'},{'R1'},{'D1'},,&,1.0,&
{'D6'},,,,,,,,,,&,29.0,&
{'D6'},{'R3'},{'R2'},{'D2'},{'D7'},,,,,,&,1.0,&
{'D6'},{'R3'},{'R2'},{'D2'},{'D1'},{'R1'},,,,,&,1.0,&
{'D6'},{'R3'},{'R2'},{'D2'},{'D3'},{'R1'},{'D7'},,,,&,1.0,&
{'D6'},{'R3'},{'R2'},{'D1'},{'D2'},,,,,,&,1.0,&
{'D6'},{'R3'},{'R2'},{'D1'},{'D2'},{'R1'},,,,,&,1.0,&
{'D6'},{'R3'},{'R2'},{'D1'},{'D3'},{'D2'},{'D7'},{'R1'},{'D4'},,&,1.0,&
{'D6'},{'R3'},{'R2'},{'R1'},{'D7'},{'D2'},{'D4'},{'D1'},{'D5'},{'D3'},&,1.0,&
{'D6'},{'R3'},{'R2'},{'R1'},{'D1'},,,,,,&,1.0,&
{'D6'},{'R3'},{'R2'},{'R1'},{'D4'},{'D2'},{'D1'},{'D3'},{'D5'},{'D7'},&,1.0,&
{'D6'},{'R3'},{'R2'},{'R1'},{'D2'},{'D4'},,,,,&,1.0,&
{'D6'},{'R3'},{'R2'},{'R1'},{'D2'},{'D1'},{'D4'},{'D7'},{'D3'},{'D5'},&,1.0,&
{'D6'},{'R3'},{'R2'},{'D7'},,,,,,,&,1.0,&
{'D6'},{'R3'},{'R2'},{'D7'},{'R1'},{'D1'},,,,,&,1.0,&
{'D6'},{'R3'},{'R2'},{'D7'},{'D1'},{'D2'},{'D3'},{'D4'},{'R1'},,&,1.0,&
{'D6'},{'R3'},{'R2'},{'D7'},{'D4'},{'D2'},{'D1'},{'D3'},{'R1'},,&,1.0,&
{'D6'},{'R3'},{'R2'},{'D7'},{'D2'},{'D1'},,,,,&,1.0,&
{'D6'},{'R3'},{'R2'},{'D7'},{'D2'},{'D1'},{'D3'},{'D5'},{'R1'},{'D4'},&,1.0,&
{'D6'},{'R3'},{'R2'},{'D4'},{'D7'},{'R1'},,,,,&,1.0,&
{'D6'},{'R3'},{'R2'},{'D4'},{'D1'},,,,,,&,1.0,&
{'D6'},{'R3'},{'R2'},{'D3'},,,,,,,&,1.0,&
{'D6'},{'R3'},{'R2'},{'D3'},{'D7'},,,,,,&,1.0,&
{'D6'},{'R3'},{'D1'},,,,,,,,&,1.0,&
{'D6'},{'R3'},{'D1'},{'D2'},{'D7'},{'D3'},,,,,&,1.0,&
{'D6'},{'R3'},{'D1'},{'D2'},{'D5'},{'D7'},{'R2'},{'D4'},{'D3'},,&,1.0,&
{'D6'},{'R3'},{'D1'},{'R2'},{'D4'},{'D3'},{'D2'},{'D7'},{'D5'},,&,1.0,&
{'D6'},{'R3'},{'D1'},{'D7'},{'D2'},{'R2'},,,,,&,1.0,&
{'D6'},{'R3'},{'D1'},{'D4'},{'R2'},{'D7'},{'D2'},{'R1'},{'D3'},{'D5'},&,1.0,&
{'D6'},{'R3'},{'D1'},{'D3'},{'D2'},{'D4'},{'D7'},{'D5'},{'R2'},{'R1'},&,1.0,&
{'D6'},{'R3'},{'D1'},{'D5'},{'R2'},{'D7'},{'D2'},,,,&,1.0,&
{'D6'},{'R3'},{'D4'},,,,,,,,&,1.0,&
{'D6'},{'R3'},{'D4'},{'D1'},{'R2'},{'D3'},,,,,&,1.0,&
{'D6'},{'R3'},{'D4'},{'R2'},{'R1'},{'D7'},{'D2'},,,,&,1.0,&
{'D6'},{'R3'},,,,,,,,,&,4.0,&
{'D6'},{'R3'},{'D7'},,,,,,,,&,1.0,&
{'D6'},{'R3'},{'D7'},{'D2'},{'D1'},{'D3'},,,,,&,1.0,&
{'D6'},{'R3'},{'D7'},{'D2'},{'D1'},{'R2'},{'D4'},{'R1'},{'D3'},,&,1.0,&
{'D6'},{'R3'},{'D7'},{'D1'},{'D2'},{'R2'},{'R1'},{'D4'},,,&,1.0,&
{'D6'},{'R3'},{'D7'},{'R2'},,,,,,,&,1.0,&
{'D6'},{'R3'},{'D7'},{'R2'},{'R1'},{'D4'},,,,,&,1.0,&
{'D6'},{'R3'},{'D7'},{'R2'},{'R1'},{'D3'},{'D1'},{'D2'},,,&,1.0,&
{'D6'},{'R3'},{'D7'},{'R2'},{'D2'},{'R1'},,,,,&,1.0,&
{'D6'},{'R3'},{'R1'},{'D4'},{'D3'},,,,,,&,1.0,&
{'D6'},{'R3'},{'D2'},,,,,,,,&,1.0,&
{'D6'},{'R3'},{'D2'},{'D1'},{'D7'},{'D4'},{'R2'},{'D3'},{'R1'},,&,1.0,&
{'D6'},{'R3'},{'D2'},{'R2'},,,,,,,&,1.0,&
{'D6'},{'R3'},{'D2'},{'R2'},{'D7'},{'R1'},{'D4'},,,,&,1.0,&
{'D6'},{'R3'},{'D2'},{'R2'},{'D7'},{'D1'},{'D4'},{'D3'},,,&,1.0,&
{'D6'},{'R3'},{'D2'},{'R2'},{'R1'},,,,,,&,1.0,&
{'D6'},{'R3'},{'D2'},{'R2'},{'D1'},{'D7'},{'R1'},{'D4'},{'D3'},,&,1.0,&
{'D6'},{'R3'},{'D2'},{'R2'},{'D4'},{'D3'},{'R1'},{'D7'},{'D1'},,&,1.0,&
{'D6'},{'R3'},{'D2'},{'D7'},{'R2'},{'R1'},{'D4'},,,,&,1.0,&
{'D6'},{'R3'},{'D2'},{'D4'},{'R1'},{'D1'},,,,,&,1.0,&
{'D6'},{'R3'},{'D2'},{'D3'},{'D7'},{'D1'},{'D4'},{'D5'},{'R2'},{'R1'},&,1.0,&
{'D6'},{'D4'},{'R3'},,,,,,,,&,1.0,&
{'D6'},{'D4'},{'R3'},{'R2'},,,,,,,&,1.0,&
{'D6'},{'D4'},{'R3'},{'D7'},,,,,,,&,1.0,&
{'D6'},{'D4'},{'R3'},{'D3'},,,,,,,&,1.0,&
{'D6'},{'D4'},{'R2'},{'R3'},{'D7'},{'D2'},{'R1'},{'D3'},{'D1'},,&,1.0,&
{'D6'},{'D4'},{'D1'},{'R2'},{'R3'},{'R1'},{'D7'},,,,&,1.0,&
{'D6'},{'D4'},{'D1'},{'D7'},{'D2'},,,,,,&,1.0,&
{'D6'},{'D4'},,,,,,,,,&,3.0,&
{'D6'},{'D4'},{'D7'},,,,,,,,&,1.0,&
{'D6'},{'D4'},{'D7'},{'R3'},{'D1'},{'D2'},{'D3'},,,,&,1.0,&
{'D6'},{'D4'},{'D7'},{'D2'},{'D1'},{'R3'},{'R2'},{'R1'},{'D3'},{'D5'},&,1.0,&
{'D6'},{'D4'},{'D7'},{'R2'},{'D1'},,,,,,&,1.0,&
{'D6'},{'D4'},{'R1'},{'D2'},{'R3'},{'R2'},{'D1'},{'D7'},{'D3'},{'D5'},&,1.0,&
{'D6'},{'D4'},{'R1'},{'D1'},{'R2'},{'D3'},,,,,&,1.0,&
{'D6'},{'D4'},{'R1'},{'D7'},{'R3'},{'D5'},{'R2'},{'D2'},{'D1'},,&,1.0,&
{'D6'},{'D4'},{'D2'},{'D1'},{'R2'},,,,,,&,1.0,&
{'D6'},{'R1'},{'R3'},,,,,,,,&,1.0,&
{'D6'},{'R1'},{'R3'},{'D2'},,,,,,,&,1.0,&
{'D6'},{'R1'},{'R3'},{'D2'},{'D7'},,,,,,&,1.0,&
{'D6'},{'R1'},{'R2'},{'R3'},{'D1'},{'D2'},{'D7'},{'D4'},{'D3'},{'D5'},&,1.0,&
{'D6'},{'R1'},{'R2'},{'R3'},{'D4'},,,,,,&,1.0,&
{'D6'},{'R1'},{'R2'},{'R3'},{'D4'},{'D1'},{'D7'},,,,&,1.0,&
{'D6'},{'R1'},{'R2'},{'R3'},{'D2'},{'D4'},{'D1'},,,,&,1.0,&
{'D6'},{'R1'},{'R2'},{'D2'},{'D7'},{'R3'},{'D3'},{'D4'},{'D1'},{'D5'},&,1.0,&
{'D6'},{'R1'},{'D1'},,,,,,,,&,1.0,&
{'D6'},{'R1'},{'D1'},{'D2'},{'D7'},{'D3'},{'R3'},{'R2'},{'D5'},{'D4'},&,1.0,&
{'D6'},{'R1'},{'D1'},{'R2'},{'D7'},{'R3'},{'D2'},{'D3'},{'D4'},{'D5'},&,1.0,&
{'D6'},{'R1'},{'D4'},{'D2'},{'D7'},{'D1'},{'R3'},{'R2'},{'D3'},{'D5'},&,1.0,&
{'D6'},{'R1'},{'D7'},,,,,,,,&,1.0,&
{'D6'},{'R1'},{'D3'},{'D7'},{'R2'},{'D2'},{'D1'},{'D4'},,,&,1.0,&
{'D6'},{'D5'},{'D2'},,,,,,,,&,1.0,&
{'D6'},{'D5'},{'D2'},{'R3'},{'D1'},{'D7'},{'D3'},{'R1'},,,&,1.0,&
{'D6'},{'D5'},{'D3'},,,,,,,,&,1.0,&
{'D6'},{'D3'},{'R3'},,,,,,,,&,1.0,&
{'D6'},{'D3'},{'R3'},{'D1'},{'D4'},{'D2'},,,,,&,1.0,&
{'D6'},{'D3'},{'D7'},{'D4'},{'R2'},{'D2'},{'D1'},{'D5'},{'R3'},,&,1.0,&
{'D6'},{'D3'},{'R1'},{'D7'},{'R3'},,,,,,&,1.0,&
{'D6'},{'D3'},{'D2'},{'R3'},{'D7'},,,,,,&,1.0,&
{'D6'},{'D7'},{'R3'},,,,,,,,&,1.0,&
{'D6'},{'D7'},{'R3'},{'D2'},{'R2'},{'D1'},,,,,&,1.0,&
{'D6'},{'D7'},{'R3'},{'D1'},{'R2'},{'R1'},{'D4'},,,,&,1.0,&
{'D6'},{'D7'},{'R3'},{'D1'},{'D2'},{'R2'},{'D4'},,,,&,1.0,&
{'D6'},{'D7'},{'R3'},{'R2'},,,,,,,&,1.0,&
{'D6'},{'D7'},{'R3'},{'R2'},{'D1'},{'D2'},{'R1'},{'D3'},,,&,1.0,&
{'D6'},{'D7'},{'R3'},{'R2'},{'D1'},{'D2'},{'D5'},,,,&,1.0,&
{'D6'},{'D7'},{'R2'},{'R3'},{'D2'},,,,,,&,1.0,&
{'D6'},{'D7'},{'R2'},{'D2'},,,,,,,&,1.0,&
{'D6'},{'D7'},{'R2'},{'D2'},{'R3'},{'D1'},{'D3'},,,,&,1.0,&
{'D6'},{'D7'},{'D1'},{'R3'},{'R2'},{'D2'},{'D4'},,,,&,1.0,&
{'D6'},{'D7'},{'D1'},{'R3'},{'D2'},{'R1'},{'R2'},{'D4'},{'D3'},{'D5'},&,1.0,&
{'D6'},{'D7'},{'D1'},{'R3'},{'D2'},{'R2'},{'R1'},,,,&,1.0,&
{'D6'},{'D7'},{'D1'},{'R3'},{'D3'},{'R1'},{'D2'},{'R2'},,,&,1.0,&
{'D6'},{'D7'},{'D1'},{'D2'},{'R3'},{'D4'},{'R2'},{'D3'},,,&,1.0,&
{'D6'},{'D7'},{'D1'},{'D2'},{'D4'},{'D3'},{'R3'},{'R1'},{'D5'},{'R2'},&,1.0,&
{'D6'},{'D7'},{'D1'},{'R2'},{'D2'},{'R3'},{'R1'},,,,&,1.0,&
{'D6'},{'D7'},{'D4'},{'D2'},,,,,,,&,1.0,&
{'D6'},{'D7'},{'D4'},{'D1'},{'D2'},{'D3'},{'R3'},{'D5'},{'R2'},,&,1.0,&
{'D6'},{'D7'},,,,,,,,,&,5.0,&
{'D6'},{'D7'},{'R1'},{'D1'},{'D2'},{'D4'},{'D3'},,,,&,1.0,&
{'D6'},{'D7'},{'R1'},{'D4'},{'R3'},{'R2'},{'D1'},,,,&,1.0,&
{'D6'},{'D7'},{'D2'},,,,,,,,&,3.0,&
{'D6'},{'D7'},{'D2'},{'R3'},{'R1'},{'D1'},{'R2'},{'D3'},{'D4'},{'D5'},&,1.0,&
{'D6'},{'D7'},{'D2'},{'R3'},{'R2'},{'R1'},{'D3'},,,,&,1.0,&
{'D6'},{'D7'},{'D2'},{'D1'},,,,,,,&,2.0,&
{'D6'},{'D7'},{'D2'},{'D1'},{'R3'},{'R2'},{'D4'},{'D5'},{'D3'},,&,1.0,&
{'D6'},{'D7'},{'D2'},{'D1'},{'D4'},,,,,,&,1.0,&
{'D6'},{'D7'},{'D2'},{'D1'},{'D5'},,,,,,&,1.0,&
{'D6'},{'D7'},{'D2'},{'R2'},{'R3'},{'D1'},{'R1'},{'D4'},{'D3'},{'D5'},&,1.0,&
{'D6'},{'D7'},{'D2'},{'R2'},{'R3'},{'D5'},{'D4'},{'R1'},{'D1'},{'D3'},&,1.0,&
{'D6'},{'D7'},{'D2'},{'D4'},{'R1'},{'R3'},,,,,&,1.0,&
{'D6'},{'D7'},{'D3'},{'D1'},,,,,,,&,1.0,&
